latitude,longitude,brightness,scan,track,acq_date,acq_time,satellite,instrument,confidence,version,bright_t31,frp,daynight,type
-28.6891,148.8144,333.9,1.4,1.2,2014-01-01,0000,Terra,MODIS,67,6.2,314.5,16.1,D,0
-34.4598,150.8864,316.3,1,1,2014-01-01,0001,Terra,MODIS,40,6.2,295.5,7.4,D,2
-33.1163,150.4312,331.4,1,1,2014-01-01,0001,Terra,MODIS,58,6.2,300.8,22.9,D,0
-33.0903,150.4323,332.8,1,1,2014-01-01,0001,Terra,MODIS,82,6.2,302.2,26.5,D,0
-33.0963,150.4243,325.1,1,1,2014-01-01,0001,Terra,MODIS,35,6.2,301.1,16,D,0
-32.0467,151.2587,343.7,1,1,2014-01-01,0001,Terra,MODIS,91,6.2,294.3,42.2,D,0
-32.0647,151.255,324.3,1,1,2014-01-01,0001,Terra,MODIS,38,6.2,294.6,15.5,D,0
-32.0721,151.2423,324.8,1,1,2014-01-01,0001,Terra,MODIS,44,6.2,295.2,14.8,D,0
-32.0738,151.2529,360.2,1,1,2014-01-01,0001,Terra,MODIS,100,6.2,294.1,81.2,D,0
-33.0837,150.5698,323.8,1,1,2014-01-01,0001,Terra,MODIS,30,6.2,304.9,11.4,D,0
-33.1051,150.4793,328.7,1,1,2014-01-01,0001,Terra,MODIS,51,6.2,301.5,18.6,D,0
-33.1125,150.4666,330.8,1,1,2014-01-01,0001,Terra,MODIS,52,6.2,302,20.9,D,0
-33.1142,150.4774,326.6,1,1,2014-01-01,0001,Terra,MODIS,38,6.2,301.3,15.6,D,0
-33.0854,150.5807,325.7,1,1,2014-01-01,0001,Terra,MODIS,58,6.2,303.6,14.3,D,0
-33.082,150.5589,327.5,1,1,2014-01-01,0001,Terra,MODIS,67,6.2,304.8,15.8,D,0
-12.4298,132.828,326,1,1,2014-01-01,0134,Terra,MODIS,74,6.2,310.2,12.5,D,0
-15.3806,134.366,331.8,1.2,1.1,2014-01-01,0135,Terra,MODIS,65,6.2,309.2,15.1,D,0
-15.4402,134.3577,335.5,1.2,1.1,2014-01-01,0135,Terra,MODIS,78,6.2,306.1,24.8,D,0
-15.4234,134.3833,329.5,1.2,1.1,2014-01-01,0135,Terra,MODIS,65,6.2,309.3,12.6,D,0
-15.4401,134.3519,326,1.2,1.1,2014-01-01,0135,Terra,MODIS,42,6.2,305.1,9.4,D,0
-15.4416,134.3633,328,1.2,1.1,2014-01-01,0135,Terra,MODIS,59,6.2,307.3,12.1,D,0
-15.3905,134.3645,336.1,1.2,1.1,2014-01-01,0135,Terra,MODIS,79,6.2,308.4,24.5,D,0
-15.3823,135.6206,334.1,1.5,1.2,2014-01-01,0135,Terra,MODIS,75,6.2,310.7,27.6,D,0
-15.4302,134.3591,346.3,1.2,1.1,2014-01-01,0135,Terra,MODIS,90,6.2,309.7,49.1,D,0
-14.2776,126.1664,320.7,1.8,1.3,2014-01-01,0135,Terra,MODIS,46,6.2,300,17.2,D,0
-17.8556,125.5258,344,1.7,1.3,2014-01-01,0136,Terra,MODIS,89,6.2,304.7,71.5,D,0
-17.8543,125.5359,332.2,1.7,1.3,2014-01-01,0136,Terra,MODIS,71,6.2,303.1,29.5,D,0
-17.8529,125.5097,335.9,1.7,1.3,2014-01-01,0136,Terra,MODIS,82,6.2,304.2,41.1,D,0
-17.8514,125.5199,346.1,1.7,1.3,2014-01-01,0136,Terra,MODIS,91,6.2,304.1,80.9,D,0
-18.2564,125.3834,331.1,1.7,1.3,2014-01-01,0136,Terra,MODIS,29,6.2,303.6,31.5,D,0
-17.8441,125.5279,334.2,1.7,1.3,2014-01-01,0136,Terra,MODIS,80,6.2,303.3,37,D,0
-18.8525,126.5754,328.4,1.4,1.2,2014-01-01,0136,Terra,MODIS,52,6.2,302.6,16.2,D,0
-27.5219,153.4533,324.5,3.5,1.8,2014-01-01,0419,Aqua,MODIS,0,6.2,298.7,92.6,D,0
-28.344,151.2072,328.5,2.4,1.5,2014-01-01,0419,Aqua,MODIS,40,6.2,309,39.5,D,0
-26.2938,150.332,331.6,2.3,1.5,2014-01-01,0420,Aqua,MODIS,74,6.2,300.1,57.3,D,0
-26.2807,150.3289,323.7,2.3,1.5,2014-01-01,0420,Aqua,MODIS,30,6.2,296.1,28.9,D,0
-25.7084,150.9724,326.4,2.6,1.6,2014-01-01,0420,Aqua,MODIS,63,6.2,301.4,50.4,D,0
-26.2677,150.3256,356.3,2.3,1.5,2014-01-01,0420,Aqua,MODIS,97,6.2,302.8,214.7,D,0
-24.1289,149.5594,330.2,2.3,1.5,2014-01-01,0420,Aqua,MODIS,65,6.2,305,43.8,D,0
-24.1159,149.5563,332.5,2.3,1.5,2014-01-01,0420,Aqua,MODIS,73,6.2,301,53.2,D,0
-25.1263,153.1914,320.3,3.8,1.8,2014-01-01,0420,Aqua,MODIS,15,6.2,295.2,75.9,D,0
-25.0692,153.2164,334.6,3.9,1.8,2014-01-01,0420,Aqua,MODIS,69,6.2,296.2,193.9,D,0
-25.0632,153.2074,332.1,3.9,1.8,2014-01-01,0420,Aqua,MODIS,59,6.2,296.2,177.2,D,0
-25.118,153.2295,323,3.9,1.8,2014-01-01,0420,Aqua,MODIS,35,6.2,294.3,95.7,D,0
-25.0796,153.2114,333,3.9,1.8,2014-01-01,0420,Aqua,MODIS,75,6.2,296.6,182.3,D,0
-23.7664,149.0384,333.6,2.1,1.4,2014-01-01,0420,Aqua,MODIS,61,6.2,302.2,54.9,D,0
-24.2805,146.317,336.8,1.4,1.2,2014-01-01,0420,Aqua,MODIS,74,6.2,301.4,41.8,D,0
-24.2712,146.3369,340.9,1.4,1.2,2014-01-01,0420,Aqua,MODIS,81,6.2,300.2,51.2,D,0
-24.2735,146.3237,363.7,1.4,1.2,2014-01-01,0420,Aqua,MODIS,100,6.2,303.3,131.8,D,0
-24.2757,146.3104,373,1.4,1.2,2014-01-01,0420,Aqua,MODIS,100,6.2,305.8,179.1,D,0
-24.2609,146.3347,354.1,1.4,1.2,2014-01-01,0420,Aqua,MODIS,95,6.2,306.9,87.5,D,0
-24.2631,146.3215,361.2,1.4,1.2,2014-01-01,0420,Aqua,MODIS,100,6.2,308.1,117.2,D,0
-24.2654,146.3082,367.2,1.4,1.2,2014-01-01,0420,Aqua,MODIS,100,6.2,310.9,145.6,D,0
-24.2676,146.295,339.8,1.4,1.2,2014-01-01,0420,Aqua,MODIS,79,6.2,306,46,D,0
-24.2483,146.3458,367.9,1.4,1.2,2014-01-01,0420,Aqua,MODIS,100,6.2,310.2,144.4,D,0
-24.2505,146.3325,377.8,1.4,1.2,2014-01-01,0420,Aqua,MODIS,100,6.2,312.2,199.8,D,0
-24.2528,146.3193,353.1,1.4,1.2,2014-01-01,0420,Aqua,MODIS,94,6.2,309.9,78.8,D,0
-24.255,146.3061,334.9,1.4,1.2,2014-01-01,0420,Aqua,MODIS,62,6.2,307.1,29.6,D,0
-24.2379,146.3437,349.7,1.4,1.2,2014-01-01,0420,Aqua,MODIS,91,6.2,309.7,61.4,D,0
-24.2402,146.3303,342.6,1.4,1.2,2014-01-01,0420,Aqua,MODIS,84,6.2,309.3,42.7,D,0
-24.2276,146.3415,340.5,1.4,1.2,2014-01-01,0420,Aqua,MODIS,81,6.2,308.3,34.2,D,0
-24.5628,147.9021,333.3,1.7,1.3,2014-01-01,0420,Aqua,MODIS,54,6.2,307.1,34.1,D,0
-24.5513,147.9003,335,1.7,1.3,2014-01-01,0420,Aqua,MODIS,56,6.2,308.8,34,D,0
-24.5991,149.1012,323.1,2.1,1.4,2014-01-01,0420,Aqua,MODIS,19,6.2,302.6,22,D,0
-24.5659,147.8858,332.9,1.7,1.3,2014-01-01,0420,Aqua,MODIS,64,6.2,305.2,35,D,0
-24.5544,147.8834,335.4,1.7,1.3,2014-01-01,0420,Aqua,MODIS,68,6.2,306.4,37.3,D,0
-24.5557,147.8953,352.2,1.7,1.3,2014-01-01,0420,Aqua,MODIS,94,6.2,308.1,99.4,D,0
-24.5866,149.0983,324.1,2.1,1.4,2014-01-01,0420,Aqua,MODIS,42,6.2,302.7,24.9,D,0
-24.5905,149.078,326.9,2,1.4,2014-01-01,0420,Aqua,MODIS,64,6.2,302.2,35.8,D,0
-24.3815,147.8177,361.6,1.7,1.3,2014-01-01,0420,Aqua,MODIS,100,6.2,309.3,159.9,D,0
-24.3846,147.8007,363.7,1.7,1.3,2014-01-01,0420,Aqua,MODIS,100,6.2,307,175.1,D,0
-24.3856,147.8128,358.5,1.7,1.3,2014-01-01,0420,Aqua,MODIS,99,6.2,308.6,142.7,D,0
-24.3712,147.827,336.6,1.7,1.3,2014-01-01,0420,Aqua,MODIS,76,6.2,307.7,42.2,D,0
-24.3743,147.81,361.8,1.7,1.3,2014-01-01,0420,Aqua,MODIS,100,6.2,312.1,160.6,D,0
-24.3598,147.8247,335.6,1.7,1.3,2014-01-01,0420,Aqua,MODIS,74,6.2,308.8,37.8,D,0
-24.3629,147.8075,368.7,1.7,1.3,2014-01-01,0420,Aqua,MODIS,100,6.2,312.1,203.9,D,0
-24.3514,147.8055,334.6,1.7,1.3,2014-01-01,0420,Aqua,MODIS,70,6.2,308.8,36.5,D,0
-24.3544,147.7886,361.8,1.7,1.3,2014-01-01,0420,Aqua,MODIS,100,6.2,312.5,155.3,D,0
-24.3574,147.7721,374.4,1.7,1.3,2014-01-01,0420,Aqua,MODIS,100,6.2,311.1,240,D,0
-24.343,147.7862,337.9,1.7,1.3,2014-01-01,0420,Aqua,MODIS,78,6.2,310,43.5,D,0
-24.346,147.7698,354,1.7,1.3,2014-01-01,0420,Aqua,MODIS,95,6.2,311.6,109.1,D,0
-23.75,149.0561,337.6,2.1,1.4,2014-01-01,0420,Aqua,MODIS,78,6.2,303.1,73,D,0
-23.7538,149.0355,360.9,2.1,1.4,2014-01-01,0420,Aqua,MODIS,100,6.2,304.2,221.7,D,0
-24.2645,146.3769,374.9,1.4,1.2,2014-01-01,0420,Aqua,MODIS,100,6.2,306.3,190,D,0
-24.2668,146.3633,351.4,1.4,1.2,2014-01-01,0420,Aqua,MODIS,93,6.2,304.6,81,D,0
-24.269,146.3501,361,1.4,1.2,2014-01-01,0420,Aqua,MODIS,100,6.2,305.3,119,D,0
-24.2564,146.3612,355.3,1.4,1.2,2014-01-01,0420,Aqua,MODIS,96,6.2,309,90.9,D,0
-24.2587,146.3479,362.2,1.4,1.2,2014-01-01,0420,Aqua,MODIS,100,6.2,309.5,118.8,D,0
-24.246,146.3592,336.9,1.4,1.2,2014-01-01,0420,Aqua,MODIS,46,6.2,308.9,27.6,D,0
-23.8153,149.0552,345.4,2.1,1.4,2014-01-01,0420,Aqua,MODIS,86,6.2,300.5,119.1,D,0
-23.8191,149.0353,364.5,2.1,1.4,2014-01-01,0420,Aqua,MODIS,100,6.2,302.3,254.2,D,0
-23.7826,149.0223,328.6,2.1,1.4,2014-01-01,0420,Aqua,MODIS,7,6.2,300.5,31.7,D,0
-23.823,149.0152,345.9,2.1,1.4,2014-01-01,0420,Aqua,MODIS,88,6.2,300.6,119.9,D,0
-23.7978,149.0098,333.9,2.1,1.4,2014-01-01,0420,Aqua,MODIS,46,6.2,301.5,54,D,0
-23.799,149.0048,332,2.1,1.4,2014-01-01,0420,Aqua,MODIS,30,6.2,301.2,45.7,D,0
-23.9363,149.388,328.4,2.2,1.4,2014-01-01,0420,Aqua,MODIS,60,6.2,305.3,32.1,D,0
-24.8183,147.3251,342.7,1.5,1.2,2014-01-01,0420,Aqua,MODIS,65,6.2,308.7,55.9,D,0
-24.7462,148.4133,325.7,1.8,1.3,2014-01-01,0420,Aqua,MODIS,40,6.2,305.1,16.8,D,0
-25.0615,149.1814,328.8,2,1.4,2014-01-01,0420,Aqua,MODIS,68,6.2,303.9,36.7,D,0
-25.5083,147.6051,332.8,1.6,1.2,2014-01-01,0420,Aqua,MODIS,26,6.2,309.8,21.6,D,0
-25.5193,147.6077,332.8,1.6,1.2,2014-01-01,0420,Aqua,MODIS,43,6.2,312,23.3,D,0
-24.81,147.3077,347.1,1.5,1.2,2014-01-01,0420,Aqua,MODIS,89,6.2,308.6,73.3,D,0
-24.8127,147.2926,345.1,1.5,1.2,2014-01-01,0420,Aqua,MODIS,87,6.2,308.5,61.8,D,0
-24.8154,147.2776,332.2,1.5,1.2,2014-01-01,0420,Aqua,MODIS,32,6.2,309.3,23.7,D,0
-25.4863,147.6003,335.2,1.6,1.2,2014-01-01,0420,Aqua,MODIS,17,6.2,310.9,24.9,D,0
-24.9668,149.6769,326.7,2.2,1.4,2014-01-01,0420,Aqua,MODIS,63,6.2,306.1,27.8,D,0
-24.9452,147.396,340,1.5,1.2,2014-01-01,0420,Aqua,MODIS,57,6.2,309.1,42.6,D,0
-24.9671,147.401,350,1.5,1.2,2014-01-01,0420,Aqua,MODIS,92,6.2,310.8,80.5,D,0
-25.5001,147.5873,343.7,1.6,1.2,2014-01-01,0420,Aqua,MODIS,81,6.2,310.2,53.9,D,0
-24.818,147.2628,329.9,1.5,1.2,2014-01-01,0420,Aqua,MODIS,36,6.2,308.6,21.4,D,0
-24.9561,147.3984,339.1,1.5,1.2,2014-01-01,0420,Aqua,MODIS,54,6.2,309.8,40.1,D,0
-25.3051,147.5156,332.5,1.6,1.2,2014-01-01,0420,Aqua,MODIS,42,6.2,308.6,30.4,D,0
-24.9588,147.3832,328.7,1.5,1.2,2014-01-01,0420,Aqua,MODIS,39,6.2,306.4,20.6,D,0
-24.9698,147.3857,330.7,1.5,1.2,2014-01-01,0420,Aqua,MODIS,59,6.2,307,26.4,D,0
-24.8267,147.3422,349,1.5,1.2,2014-01-01,0420,Aqua,MODIS,77,6.2,309.6,76.7,D,0
-24.9249,147.3687,343.6,1.5,1.2,2014-01-01,0420,Aqua,MODIS,86,6.2,308.1,59.8,D,0
-25.0066,149.7359,332.5,2.2,1.4,2014-01-01,0420,Aqua,MODIS,67,6.2,303,52.3,D,0
-24.8071,147.2605,349.1,1.5,1.2,2014-01-01,0420,Aqua,MODIS,91,6.2,308.3,79,D,0
-25.3023,147.5309,333.6,1.6,1.2,2014-01-01,0420,Aqua,MODIS,56,6.2,311.2,30.8,D,0
-24.8157,147.3401,339.3,1.5,1.2,2014-01-01,0420,Aqua,MODIS,65,6.2,306.3,47.7,D,0
-25.0737,149.179,328.9,2,1.4,2014-01-01,0420,Aqua,MODIS,59,6.2,304.4,35.4,D,0
-24.8097,147.2455,349.4,1.5,1.2,2014-01-01,0420,Aqua,MODIS,91,6.2,309.3,81.2,D,0
-25.5082,147.5415,349.5,1.5,1.2,2014-01-01,0420,Aqua,MODIS,86,6.2,305,84.6,D,0
-24.8372,147.2823,348.5,1.5,1.2,2014-01-01,0420,Aqua,MODIS,87,6.2,308.1,73.3,D,0
-24.9288,147.3609,332.1,1.5,1.2,2014-01-01,0420,Aqua,MODIS,64,6.2,306.8,29.6,D,0
-24.9166,147.3511,338.7,1.5,1.2,2014-01-01,0420,Aqua,MODIS,79,6.2,307,44.8,D,0
-24.9644,147.4161,340.8,1.6,1.2,2014-01-01,0420,Aqua,MODIS,75,6.2,310,43,D,0
-25.1183,149.4297,325.7,2.1,1.4,2014-01-01,0420,Aqua,MODIS,42,6.2,304.2,29.8,D,0
-24.8044,147.2755,342.5,1.5,1.2,2014-01-01,0420,Aqua,MODIS,84,6.2,307.5,55.1,D,0
-24.978,147.4034,342.2,1.5,1.2,2014-01-01,0420,Aqua,MODIS,83,6.2,308.1,53.2,D,0
-24.9261,147.3759,337.6,1.5,1.2,2014-01-01,0420,Aqua,MODIS,78,6.2,307.5,41.6,D,0
-24.9479,147.3807,335,1.5,1.2,2014-01-01,0420,Aqua,MODIS,73,6.2,307.2,36.9,D,0
-25.0739,149.184,331.3,2,1.4,2014-01-01,0420,Aqua,MODIS,74,6.2,304.5,48,D,0
-24.8758,147.3892,341.2,1.6,1.2,2014-01-01,0420,Aqua,MODIS,73,6.2,308.6,49.4,D,0
-24.9807,147.3883,334.2,1.5,1.2,2014-01-01,0420,Aqua,MODIS,71,6.2,307.2,33.5,D,0
-25.1225,149.4165,324.1,2.1,1.4,2014-01-01,0420,Aqua,MODIS,49,6.2,303.7,25.9,D,0
-24.8018,147.2905,335,1.5,1.2,2014-01-01,0420,Aqua,MODIS,72,6.2,306.8,33.1,D,0
-22.4188,146.5164,338.9,1.5,1.2,2014-01-01,0421,Aqua,MODIS,50,6.2,318.8,20,D,0
-21.9234,149.0812,330.8,2.3,1.5,2014-01-01,0421,Aqua,MODIS,48,6.2,299.8,60.2,D,0
-23.0334,146.2974,344.5,1.4,1.2,2014-01-01,0421,Aqua,MODIS,86,6.2,316,48,D,0
-22.0139,149.0851,334.4,2.3,1.5,2014-01-01,0421,Aqua,MODIS,68,6.2,302.3,73.5,D,0
-22.477,146.4385,345.6,1.5,1.2,2014-01-01,0421,Aqua,MODIS,78,6.2,320.6,35.7,D,0
-22.0105,149.0911,333.1,2.3,1.5,2014-01-01,0421,Aqua,MODIS,63,6.2,302.3,65.2,D,0
-23.0132,146.3508,357,1.4,1.2,2014-01-01,0421,Aqua,MODIS,97,6.2,316.8,86,D,0
-23.0262,146.3391,358.8,1.4,1.2,2014-01-01,0421,Aqua,MODIS,99,6.2,318.5,95.2,D,0
-21.9407,149.0618,339.1,2.3,1.5,2014-01-01,0421,Aqua,MODIS,78,6.2,300.8,101.6,D,0
-21.9485,149.0692,338,2.3,1.5,2014-01-01,0421,Aqua,MODIS,76,6.2,300.3,92.9,D,0
-23.0238,146.353,336,1.4,1.2,2014-01-01,0421,Aqua,MODIS,31,6.2,316.1,15.4,D,0
-22.4321,146.5041,349.4,1.5,1.2,2014-01-01,0421,Aqua,MODIS,91,6.2,320.3,53.9,D,0
-23.0204,146.3091,343.3,1.4,1.2,2014-01-01,0421,Aqua,MODIS,79,6.2,317.3,43.5,D,0
-21.9179,149.0855,340.1,2.3,1.5,2014-01-01,0421,Aqua,MODIS,80,6.2,300.4,108.5,D,0
-21.9101,149.0791,341.5,2.3,1.5,2014-01-01,0421,Aqua,MODIS,82,6.2,302.1,115.3,D,0
-21.9354,149.0661,337.5,2.3,1.5,2014-01-01,0421,Aqua,MODIS,75,6.2,301.3,90.9,D,0
-22.0269,149.0888,348.1,2.3,1.5,2014-01-01,0421,Aqua,MODIS,90,6.2,301.8,153.1,D,0
-22.0234,149.0948,348.8,2.3,1.5,2014-01-01,0421,Aqua,MODIS,91,6.2,302.1,159.3,D,0
-22.0276,149.0734,342.8,2.3,1.5,2014-01-01,0421,Aqua,MODIS,84,6.2,301.7,116.7,D,0
-20.5108,148.2309,334.5,2.2,1.4,2014-01-01,0421,Aqua,MODIS,69,6.2,305.6,62.5,D,0
-22.9258,146.3271,339.1,1.4,1.2,2014-01-01,0421,Aqua,MODIS,42,6.2,315.6,25.4,D,0
-23.0228,146.2952,341.9,1.4,1.2,2014-01-01,0421,Aqua,MODIS,76,6.2,316.3,39.2,D,0
-23.0026,146.3485,342.7,1.4,1.2,2014-01-01,0421,Aqua,MODIS,76,6.2,317.8,35.7,D,0
-22.4079,146.5142,339,1.5,1.2,2014-01-01,0421,Aqua,MODIS,78,6.2,319.6,22.5,D,0
-23.0357,146.2836,331.5,1.4,1.2,2014-01-01,0421,Aqua,MODIS,52,6.2,314.2,16.2,D,0
-23.0368,146.3412,347.3,1.4,1.2,2014-01-01,0421,Aqua,MODIS,89,6.2,317.7,50.4,D,0
-23.031,146.3113,346,1.4,1.2,2014-01-01,0421,Aqua,MODIS,78,6.2,318.8,49.9,D,0
-22.9387,146.3155,367.5,1.4,1.2,2014-01-01,0421,Aqua,MODIS,100,6.2,320.2,141.9,D,0
-22.0099,149.1065,331.6,2.3,1.5,2014-01-01,0421,Aqua,MODIS,55,6.2,301.2,59.5,D,0
-23.0156,146.3368,352.2,1.4,1.2,2014-01-01,0421,Aqua,MODIS,94,6.2,319.1,69.3,D,0
-21.9058,149.1016,345.3,2.3,1.5,2014-01-01,0421,Aqua,MODIS,87,6.2,300.9,139.3,D,0
-21.9018,149.1231,339.2,2.3,1.5,2014-01-01,0421,Aqua,MODIS,78,6.2,296.8,102.8,D,0
-22.4015,148.1504,333.1,2,1.4,2014-01-01,0421,Aqua,MODIS,54,6.2,308.5,29.3,D,0
-20.5113,148.224,335.9,2.2,1.4,2014-01-01,0421,Aqua,MODIS,73,6.2,306.4,68.2,D,0
-23.0392,146.3273,350.2,1.4,1.2,2014-01-01,0421,Aqua,MODIS,92,6.2,316,61.6,D,0
-22.443,146.5063,354,1.5,1.2,2014-01-01,0421,Aqua,MODIS,95,6.2,318.4,75.8,D,0
-22.9234,146.341,340.7,1.4,1.2,2014-01-01,0421,Aqua,MODIS,56,6.2,317.7,27.3,D,0
-23.0286,146.3252,349.4,1.4,1.2,2014-01-01,0421,Aqua,MODIS,85,6.2,319.9,58,D,0
-22.398,148.1693,336.9,2,1.4,2014-01-01,0421,Aqua,MODIS,70,6.2,310.7,41.2,D,0
-22.3704,148.1558,334.2,2,1.4,2014-01-01,0421,Aqua,MODIS,67,6.2,312,30.5,D,0
-22.4213,146.5019,343,1.5,1.2,2014-01-01,0421,Aqua,MODIS,67,6.2,318.7,29.4,D,0
-22.9469,146.3315,353.3,1.4,1.2,2014-01-01,0421,Aqua,MODIS,93,6.2,315.4,74.1,D,0
-22.9363,146.3294,368.1,1.4,1.2,2014-01-01,0421,Aqua,MODIS,100,6.2,322,143.3,D,0
-22.9493,146.3176,369.7,1.4,1.2,2014-01-01,0421,Aqua,MODIS,100,6.2,312.3,154.5,D,0
-23.0578,150.4099,334,2.7,1.6,2014-01-01,0421,Aqua,MODIS,73,6.2,298.6,86.6,D,0
-23.0544,150.4013,332.4,2.7,1.6,2014-01-01,0421,Aqua,MODIS,68,6.2,298.4,76.1,D,0
-23.0437,150.4066,327,2.7,1.6,2014-01-01,0421,Aqua,MODIS,13,6.2,298.3,44.8,D,0
-23.0492,150.4277,329,2.8,1.6,2014-01-01,0421,Aqua,MODIS,47,6.2,299,55.1,D,0
-20.3235,147.7361,330.1,2,1.4,2014-01-01,0421,Aqua,MODIS,31,6.2,309,25.7,D,0
-20.3242,147.7417,334.3,2,1.4,2014-01-01,0421,Aqua,MODIS,67,6.2,309,40.5,D,0
-24.2172,146.3393,337,1.4,1.2,2014-01-01,0421,Aqua,MODIS,74,6.2,308.9,25.9,D,0
-24.2147,146.2294,344.7,1.3,1.2,2014-01-01,0421,Aqua,MODIS,86,6.2,305.3,56.4,D,0
-24.2192,146.2033,342.5,1.3,1.1,2014-01-01,0421,Aqua,MODIS,83,6.2,304,53.4,D,0
-24.2215,146.1903,342.8,1.3,1.1,2014-01-01,0421,Aqua,MODIS,84,6.2,305.4,54.3,D,0
-24.2044,146.2272,353.6,1.3,1.2,2014-01-01,0421,Aqua,MODIS,95,6.2,306.5,83.5,D,0
-24.2067,146.2141,345.4,1.3,1.1,2014-01-01,0421,Aqua,MODIS,87,6.2,306.8,57.4,D,0
-24.2089,146.2011,358.3,1.3,1.1,2014-01-01,0421,Aqua,MODIS,98,6.2,309.5,104.6,D,0
-24.2112,146.1881,343.3,1.3,1.1,2014-01-01,0421,Aqua,MODIS,84,6.2,306.6,55.8,D,0
-24.206,146.2343,350,1.4,1.2,2014-01-01,0421,Aqua,MODIS,92,6.2,307.2,65.1,D,0
-24.2082,146.2211,341.4,1.3,1.2,2014-01-01,0421,Aqua,MODIS,79,6.2,305.3,38,D,0
-24.2104,146.2081,347,1.3,1.1,2014-01-01,0421,Aqua,MODIS,81,6.2,306.9,56.3,D,0
-24.2126,146.195,350.2,1.3,1.1,2014-01-01,0421,Aqua,MODIS,90,6.2,309.2,69.7,D,0
-24.2045,146.1799,339.5,1.3,1.1,2014-01-01,0421,Aqua,MODIS,53,6.2,306.6,37.5,D,0
-24.2067,146.1668,336.7,1.3,1.1,2014-01-01,0421,Aqua,MODIS,71,6.2,306,33.6,D,0
-24.1964,146.1647,345.8,1.3,1.1,2014-01-01,0421,Aqua,MODIS,87,6.2,307.2,55.4,D,0
-24.1986,146.1517,340,1.3,1.1,2014-01-01,0421,Aqua,MODIS,80,6.2,305.2,42.1,D,0
-24.1883,146.1496,346.7,1.3,1.1,2014-01-01,0421,Aqua,MODIS,88,6.2,305.1,60.3,D,0
-24.1905,146.1365,331.8,1.3,1.1,2014-01-01,0421,Aqua,MODIS,56,6.2,305.2,23.2,D,0
-24.1737,146.1734,357,1.3,1.1,2014-01-01,0421,Aqua,MODIS,97,6.2,309.7,76.3,D,0
-24.1759,146.1604,355.6,1.3,1.1,2014-01-01,0421,Aqua,MODIS,88,6.2,308.1,78.4,D,0
-24.1781,146.1474,347.3,1.3,1.1,2014-01-01,0421,Aqua,MODIS,89,6.2,308,60,D,0
-24.1803,146.1344,342.9,1.3,1.1,2014-01-01,0421,Aqua,MODIS,84,6.2,308.2,48.5,D,0
-24.1612,146.1841,349,1.3,1.1,2014-01-01,0421,Aqua,MODIS,91,6.2,315,45.2,D,0
-24.1634,146.1712,418.7,1.3,1.1,2014-01-01,0421,Aqua,MODIS,100,6.2,323.8,546.2,D,0
-24.1656,146.1583,436.9,1.3,1.1,2014-01-01,0421,Aqua,MODIS,100,6.2,328.6,810.9,D,0
-24.1678,146.1453,351.5,1.3,1.1,2014-01-01,0421,Aqua,MODIS,93,6.2,311.3,66.8,D,0
-24.17,146.1324,340.1,1.3,1.1,2014-01-01,0421,Aqua,MODIS,76,6.2,309,36.8,D,0
-24.1598,146.1303,333.7,1.3,1.1,2014-01-01,0421,Aqua,MODIS,55,6.2,309.7,22.5,D,0
-24.1495,146.1282,330,1.3,1.1,2014-01-01,0421,Aqua,MODIS,26,6.2,310.2,17.1,D,0
-24.2125,146.2425,332.5,1.4,1.2,2014-01-01,0421,Aqua,MODIS,56,6.2,306.4,25,D,0
-24.2149,146.353,333.6,1.4,1.2,2014-01-01,0421,Aqua,MODIS,49,6.2,308.8,19.1,D,0
-17.8246,141.5316,335.9,1,1,2014-01-01,0422,Aqua,MODIS,67,6.2,311.5,12.2,D,0
-17.1296,144.1295,363.7,1.3,1.1,2014-01-01,0422,Aqua,MODIS,100,6.2,317.2,95.5,D,0
-18.6488,145.5511,357.7,1.5,1.2,2014-01-01,0422,Aqua,MODIS,98,6.2,301.1,118.2,D,0
-17.1398,144.1313,345,1.3,1.1,2014-01-01,0422,Aqua,MODIS,61,6.2,321.4,28.1,D,0
-17.1801,144.0707,345.7,1.3,1.1,2014-01-01,0422,Aqua,MODIS,87,6.2,318.1,27.7,D,0
-18.0473,146.027,338.9,1.7,1.3,2014-01-01,0422,Aqua,MODIS,0,6.2,304.4,66.8,D,0
-21.2151,140.6389,342.4,1,1,2014-01-01,0422,Aqua,MODIS,78,6.2,330.9,13.1,D,0
-17.1277,144.1417,349.3,1.3,1.1,2014-01-01,0422,Aqua,MODIS,59,6.2,312.5,45.5,D,0
-21.2138,140.6487,369.6,1,1,2014-01-01,0422,Aqua,MODIS,100,6.2,332.3,82.1,D,0
-19.9237,144.1402,348.7,1.2,1.1,2014-01-01,0422,Aqua,MODIS,75,6.2,312.5,47.8,D,0
-18.6477,145.7604,362.2,1.6,1.2,2014-01-01,0422,Aqua,MODIS,100,6.2,305.9,153.2,D,0
-18.6496,145.7508,361.8,1.6,1.2,2014-01-01,0422,Aqua,MODIS,100,6.2,306.7,148.2,D,0
-19.951,144.1748,346.1,1.2,1.1,2014-01-01,0422,Aqua,MODIS,75,6.2,309.8,37.6,D,0
-18.0614,146.0135,340.3,1.7,1.3,2014-01-01,0422,Aqua,MODIS,72,6.2,302.5,72.8,D,0
-18.8169,145.0259,352.2,1.4,1.2,2014-01-01,0422,Aqua,MODIS,87,6.2,316.9,71.4,D,0
-17.341,145.3804,338.1,1.6,1.2,2014-01-01,0422,Aqua,MODIS,77,6.2,304.4,54.9,D,0
-18.7474,138.1784,369.4,1.2,1.1,2014-01-01,0422,Aqua,MODIS,100,6.2,322.8,114.3,D,0
-19.7749,144.2477,348.6,1.2,1.1,2014-01-01,0422,Aqua,MODIS,86,6.2,314.4,50.4,D,0
-18.5646,145.6322,328.3,1.5,1.2,2014-01-01,0422,Aqua,MODIS,48,6.2,305.6,24.6,D,0
-18.6464,145.5652,332,1.5,1.2,2014-01-01,0422,Aqua,MODIS,33,6.2,290.6,31.2,D,0
-19.914,144.1384,356.9,1.2,1.1,2014-01-01,0422,Aqua,MODIS,85,6.2,315.3,73.1,D,0
-19.8483,144.1728,350.8,1.2,1.1,2014-01-01,0422,Aqua,MODIS,83,6.2,314.3,50.5,D,0
-20.3509,140.6494,346,1,1,2014-01-01,0422,Aqua,MODIS,76,6.2,335.9,10.8,D,0
-18.6403,145.5351,345.7,1.5,1.2,2014-01-01,0422,Aqua,MODIS,86,6.2,307.8,66.1,D,0
-17.1562,144.1594,361.9,1.3,1.1,2014-01-01,0422,Aqua,MODIS,100,6.2,322.1,83.4,D,0
-17.1542,144.1716,348.2,1.3,1.1,2014-01-01,0422,Aqua,MODIS,79,6.2,320.5,38.3,D,0
-19.7718,143.5589,345.4,1.1,1.1,2014-01-01,0422,Aqua,MODIS,87,6.2,315.1,32.4,D,0
-17.1821,144.0587,344.9,1.3,1.1,2014-01-01,0422,Aqua,MODIS,86,6.2,319.9,27.1,D,0
-21.142,140.7008,353.8,1,1,2014-01-01,0422,Aqua,MODIS,92,6.2,330.8,38.4,D,0
-19.7623,143.5574,340.6,1.1,1.1,2014-01-01,0422,Aqua,MODIS,62,6.2,317,23.9,D,0
-19.9399,144.2432,356.6,1.2,1.1,2014-01-01,0422,Aqua,MODIS,87,6.2,312.2,66.3,D,0
-18.644,145.7141,330.1,1.6,1.2,2014-01-01,0422,Aqua,MODIS,60,6.2,304.1,31.2,D,0
-18.6416,145.7287,364.9,1.6,1.2,2014-01-01,0422,Aqua,MODIS,100,6.2,307.9,167.8,D,0
-18.05,146.0114,328.4,1.7,1.3,2014-01-01,0422,Aqua,MODIS,53,6.2,301.8,35.3,D,0
-18.7065,144.9461,372,1.4,1.2,2014-01-01,0422,Aqua,MODIS,100,6.2,317.9,162.1,D,0
-18.7169,144.9481,371.3,1.4,1.2,2014-01-01,0422,Aqua,MODIS,100,6.2,322.7,157.1,D,0
-19.9436,144.2204,346.1,1.2,1.1,2014-01-01,0422,Aqua,MODIS,71,6.2,304,29.6,D,0
-19.7701,143.5696,362.1,1.1,1.1,2014-01-01,0422,Aqua,MODIS,100,6.2,316,81.1,D,0
-19.781,144.2725,403.8,1.2,1.1,2014-01-01,0422,Aqua,MODIS,100,6.2,318.9,346.2,D,0
-18.7091,145.3895,349.5,1.5,1.2,2014-01-01,0422,Aqua,MODIS,92,6.2,307.1,71,D,0
-18.7068,145.4034,343.6,1.5,1.2,2014-01-01,0422,Aqua,MODIS,69,6.2,312.8,53.8,D,0
-18.8191,145.0129,350.4,1.4,1.2,2014-01-01,0422,Aqua,MODIS,72,6.2,320,62.1,D,0
-18.7238,142.2299,347.9,1,1,2014-01-01,0422,Aqua,MODIS,82,6.2,320.1,22.4,D,0
-18.8065,145.0238,372.1,1.4,1.2,2014-01-01,0422,Aqua,MODIS,100,6.2,320.5,159,D,0
-18.8087,145.0107,355.6,1.4,1.2,2014-01-01,0422,Aqua,MODIS,93,6.2,322.1,74.7,D,0
-19.1532,141.7535,351.9,1,1,2014-01-01,0422,Aqua,MODIS,58,6.2,316.5,41.2,D,0
-17.3614,144.9045,331.5,1.4,1.2,2014-01-01,0422,Aqua,MODIS,58,6.2,313.3,14,D,0
-19.7684,143.5802,368.5,1.1,1.1,2014-01-01,0422,Aqua,MODIS,94,6.2,310,106.7,D,0
-21.1343,140.6896,384.6,1,1,2014-01-01,0422,Aqua,MODIS,100,6.2,334.1,143.3,D,0
-18.7147,144.9611,365,1.4,1.2,2014-01-01,0422,Aqua,MODIS,100,6.2,306.2,129,D,0
-21.1693,140.7052,361.4,1,1,2014-01-01,0422,Aqua,MODIS,100,6.2,327.8,56.8,D,0
-19.7829,144.261,383.7,1.2,1.1,2014-01-01,0422,Aqua,MODIS,100,6.2,319,200.6,D,0
-18.7998,145.3268,354,1.5,1.2,2014-01-01,0422,Aqua,MODIS,83,6.2,306.7,88.4,D,0
-18.647,145.7657,356.6,1.6,1.2,2014-01-01,0422,Aqua,MODIS,97,6.2,304.7,123,D,0
-18.0509,146.022,333.7,1.7,1.3,2014-01-01,0422,Aqua,MODIS,0,6.2,304.5,52.4,D,0
-18.7087,144.933,359.5,1.4,1.2,2014-01-01,0422,Aqua,MODIS,96,6.2,319.9,93.8,D,0
-19.9418,144.2318,399.9,1.2,1.1,2014-01-01,0422,Aqua,MODIS,94,6.2,322.9,295.2,D,0
-18.0395,146.0199,326.3,1.7,1.3,2014-01-01,0422,Aqua,MODIS,29,6.2,302,29.3,D,0
-18.7109,145.3952,355.6,1.5,1.2,2014-01-01,0422,Aqua,MODIS,97,6.2,309.3,97.5,D,0
-18.7459,138.1897,379.6,1.2,1.1,2014-01-01,0422,Aqua,MODIS,100,6.2,319.3,163.9,D,0
-17.146,144.1576,352.7,1.3,1.1,2014-01-01,0422,Aqua,MODIS,89,6.2,320.4,55,D,0
-17.1113,144.1139,343.9,1.3,1.1,2014-01-01,0422,Aqua,MODIS,85,6.2,317.7,28.2,D,0
-18.6501,145.7455,348.6,1.6,1.2,2014-01-01,0422,Aqua,MODIS,91,6.2,306.4,86.8,D,0
-18.7223,142.2397,349.1,1,1,2014-01-01,0422,Aqua,MODIS,91,6.2,320,24.7,D,0
-18.0648,146.0086,326.2,1.7,1.3,2014-01-01,0422,Aqua,MODIS,21,6.2,300.7,30.4,D,0
-18.6511,145.5371,394.3,1.5,1.2,2014-01-01,0422,Aqua,MODIS,100,6.2,310.4,375.4,D,0
-17.1195,144.1275,344.8,1.3,1.1,2014-01-01,0422,Aqua,MODIS,76,6.2,317.2,32.7,D,0
-18.6391,145.7434,344,1.6,1.2,2014-01-01,0422,Aqua,MODIS,87,6.2,304.5,71.2,D,0
-21.133,140.6994,427.1,1,1,2014-01-01,0422,Aqua,MODIS,100,6.2,337.8,437.5,D,0
-19.1518,141.763,364.2,1,1,2014-01-01,0422,Aqua,MODIS,99,6.2,316.6,75.9,D,0
-17.1378,144.1436,361.8,1.3,1.1,2014-01-01,0422,Aqua,MODIS,95,6.2,319.2,87.8,D,0
-21.2239,140.7103,347,1,1,2014-01-01,0422,Aqua,MODIS,43,6.2,332.1,19.7,D,0
-15.3932,134.3556,337.4,2,1.4,2014-01-01,0423,Aqua,MODIS,77,6.2,310.6,47.9,D,0
-15.975,136.3398,333.7,1.4,1.2,2014-01-01,0423,Aqua,MODIS,63,6.2,312.8,15,D,0
-15.4425,134.3618,334.3,2,1.4,2014-01-01,0423,Aqua,MODIS,76,6.2,309.2,37.1,D,0
-16.8754,143.931,337.9,1.3,1.1,2014-01-01,0423,Aqua,MODIS,73,6.2,314.6,21.1,D,0
-16.8843,143.8111,336.7,1.3,1.1,2014-01-01,0423,Aqua,MODIS,66,6.2,315.6,11.9,D,0
-16.8533,143.9394,353.6,1.3,1.1,2014-01-01,0423,Aqua,MODIS,95,6.2,315.9,62,D,0
-16.8735,143.9429,370.2,1.3,1.1,2014-01-01,0423,Aqua,MODIS,100,6.2,316.7,133.7,D,0
-16.9187,143.8533,338.5,1.3,1.1,2014-01-01,0423,Aqua,MODIS,30,6.2,312.9,21.9,D,0
-16.8312,143.8192,338.7,1.3,1.1,2014-01-01,0423,Aqua,MODIS,78,6.2,316,15.9,D,0
-15.3878,134.3663,345,2,1.4,2014-01-01,0423,Aqua,MODIS,89,6.2,310.4,80.3,D,0
-15.3911,134.3738,342.8,2,1.4,2014-01-01,0423,Aqua,MODIS,87,6.2,310.1,69.5,D,0
-15.4468,134.3253,333.3,2,1.4,2014-01-01,0423,Aqua,MODIS,66,6.2,305.9,40.3,D,0
-16.8715,143.9549,345,1.3,1.1,2014-01-01,0423,Aqua,MODIS,87,6.2,313,42.3,D,0
-15.773,143.3248,334.4,1.2,1.1,2014-01-01,0423,Aqua,MODIS,63,6.2,308.9,20.4,D,0
-15.4323,134.342,352.8,2,1.4,2014-01-01,0423,Aqua,MODIS,95,6.2,309.2,131,D,0
-15.428,134.3785,338,2,1.4,2014-01-01,0423,Aqua,MODIS,81,6.2,310.3,49.4,D,0
-15.4446,134.3436,338.8,2,1.4,2014-01-01,0423,Aqua,MODIS,82,6.2,308.2,58.9,D,0
-15.4344,134.3237,373.1,2,1.4,2014-01-01,0423,Aqua,MODIS,100,6.2,307.4,292.3,D,0
-16.8274,143.8427,337.2,1.3,1.1,2014-01-01,0423,Aqua,MODIS,70,6.2,314.6,12.3,D,0
-15.7712,143.3361,330.1,1.2,1.1,2014-01-01,0423,Aqua,MODIS,32,6.2,306,12.8,D,0
-14.7289,143.0617,332.2,1.2,1.1,2014-01-01,0423,Aqua,MODIS,72,6.2,302.3,21.8,D,0
-17.9119,133.4072,352.8,2.5,1.5,2014-01-01,0423,Aqua,MODIS,89,6.2,304.8,201.8,D,0
-16.8634,143.9411,339.2,1.3,1.1,2014-01-01,0423,Aqua,MODIS,67,6.2,315.4,24.3,D,0
-16.8514,143.9513,341.8,1.3,1.1,2014-01-01,0423,Aqua,MODIS,74,6.2,312.3,29.1,D,0
-15.3813,135.6189,337,1.6,1.2,2014-01-01,0423,Aqua,MODIS,77,6.2,312.9,30.3,D,0
-16.8615,143.9531,337,1.3,1.1,2014-01-01,0423,Aqua,MODIS,54,6.2,313.2,21.1,D,0
-17.9093,133.4309,350.3,2.5,1.5,2014-01-01,0423,Aqua,MODIS,93,6.2,304.3,178.9,D,0
-12.3004,133.0054,325.5,2.2,1.5,2014-01-01,0424,Aqua,MODIS,56,6.2,305.1,43.4,D,0
-12.3024,132.9987,325.6,2.2,1.5,2014-01-01,0424,Aqua,MODIS,40,6.2,305.3,37.4,D,0
-32.0705,115.8996,325.4,1.3,1.1,2014-01-01,0557,Aqua,MODIS,59,6.2,304.7,11.1,D,0
-32.069,115.9132,327.3,1.3,1.1,2014-01-01,0557,Aqua,MODIS,71,6.2,303.6,14.1,D,0
-32.0675,115.9268,324.6,1.3,1.1,2014-01-01,0557,Aqua,MODIS,65,6.2,305.2,9.7,D,2
-31.9938,115.9496,326.8,1.3,1.1,2014-01-01,0558,Aqua,MODIS,27,6.2,305.9,10.1,D,0
-31.7948,115.8237,324,1.3,1.1,2014-01-01,0558,Aqua,MODIS,39,6.2,304.8,11,D,0
-31.9837,115.948,325.3,1.3,1.1,2014-01-01,0558,Aqua,MODIS,26,6.2,306,7.9,D,0
-31.8679,115.8968,324.9,1.3,1.1,2014-01-01,0558,Aqua,MODIS,44,6.2,303.8,9,D,0
-31.9953,115.9361,326.9,1.3,1.1,2014-01-01,0558,Aqua,MODIS,48,6.2,304.1,10.4,D,0
-31.8035,115.8389,325,1.3,1.1,2014-01-01,0558,Aqua,MODIS,50,6.2,304.5,11.4,D,0
-26.2471,126.7278,341.4,2.8,1.6,2014-01-01,0559,Aqua,MODIS,85,6.2,310.2,99.5,D,0
-26.2501,126.7361,336.7,2.8,1.6,2014-01-01,0559,Aqua,MODIS,79,6.2,310,68.4,D,0
-26.2526,126.7009,336,2.7,1.6,2014-01-01,0559,Aqua,MODIS,78,6.2,308.8,63.3,D,0
-26.2557,126.7093,344.8,2.7,1.6,2014-01-01,0559,Aqua,MODIS,88,6.2,309.3,129.5,D,0
-24.3867,147.7444,311.5,4.8,2,2014-01-01,1207,Terra,MODIS,62,6.2,292.7,69.5,N,0
-24.3709,147.7365,310.1,4.8,2,2014-01-01,1207,Terra,MODIS,16,6.2,292.4,57.5,N,0
-24.3697,147.7805,317.6,4.7,2,2014-01-01,1207,Terra,MODIS,95,6.2,292.5,119.9,N,0
-24.3517,147.7783,310.3,4.7,2,2014-01-01,1207,Terra,MODIS,57,6.2,292.1,67,N,0
-24.3675,147.7852,316.1,4.7,2,2014-01-01,1207,Terra,MODIS,93,6.2,292.5,106.4,N,0
-24.3495,147.7832,308.7,4.7,2,2014-01-01,1207,Terra,MODIS,59,6.2,292.1,57.1,N,0
-24.3856,147.7867,317.8,4.7,2,2014-01-01,1207,Terra,MODIS,96,6.2,292.8,123,N,0
-24.3836,147.7934,318.2,4.7,2,2014-01-01,1207,Terra,MODIS,96,6.2,292.7,125.1,N,0
-23.8095,149.0653,307.5,3.8,1.8,2014-01-01,1207,Terra,MODIS,51,6.2,292,42.1,N,0
-23.8125,149.0267,304.8,3.8,1.8,2014-01-01,1207,Terra,MODIS,26,6.2,292.5,30,N,0
-23.8233,149.0211,306.5,3.8,1.8,2014-01-01,1207,Terra,MODIS,40,6.2,292.6,37.3,N,0
-21.9601,149.0498,311,3.6,1.8,2014-01-01,1208,Terra,MODIS,73,6.2,291.8,59.8,N,0
-22.0216,149.0896,306.5,3.6,1.8,2014-01-01,1208,Terra,MODIS,39,6.2,291.4,38.6,N,0
-21.9679,149.0572,306.9,3.6,1.8,2014-01-01,1208,Terra,MODIS,49,6.2,291.6,41.7,N,0
-22.0297,149.0963,306.7,3.6,1.8,2014-01-01,1208,Terra,MODIS,48,6.2,291.6,40.4,N,0
-24.3002,146.3253,309.7,4.6,2,2014-01-01,1345,Terra,MODIS,72,6.2,295.2,58.5,N,0
-24.2829,146.3204,314.6,4.6,2,2014-01-01,1345,Terra,MODIS,62,6.2,295.5,85.8,N,0
-24.2656,146.3154,312.5,4.6,2,2014-01-01,1345,Terra,MODIS,80,6.2,295.1,72.2,N,0
-24.2667,146.3088,312,4.6,2,2014-01-01,1345,Terra,MODIS,69,6.2,295.1,68.3,N,0
-24.2821,146.325,316.3,4.6,2,2014-01-01,1345,Terra,MODIS,92,6.2,295.5,103,N,0
-24.2994,146.33,312.5,4.6,2,2014-01-01,1345,Terra,MODIS,82,6.2,295.3,79.9,N,0
-24.1578,146.1398,308.1,4.5,1.9,2014-01-01,1345,Terra,MODIS,9,6.2,295.4,38.1,N,0
-24.175,146.1396,314,4.5,1.9,2014-01-01,1345,Terra,MODIS,46,6.2,295.6,72.6,N,0
-24.2162,146.209,322.3,4.5,2,2014-01-01,1345,Terra,MODIS,100,6.2,295.9,146.5,N,0
-24.175,146.1445,315.5,4.5,1.9,2014-01-01,1345,Terra,MODIS,68,6.2,295.8,82.8,N,0
-24.2169,146.202,322.5,4.5,2,2014-01-01,1345,Terra,MODIS,100,6.2,295.9,147.9,N,0
-24.1922,146.1493,312,4.5,1.9,2014-01-01,1345,Terra,MODIS,18,6.2,295.6,57.3,N,0
-24.2719,146.3686,313.2,4.6,2,2014-01-01,1345,Terra,MODIS,84,6.2,295,81,N,0
-24.2904,146.3693,314.3,4.6,2,2014-01-01,1345,Terra,MODIS,86,6.2,295.1,91.7,N,0
-24.2731,146.364,315.1,4.6,2,2014-01-01,1345,Terra,MODIS,68,6.2,295.1,91.1,N,0
-24.2571,146.3525,308.9,4.6,2,2014-01-01,1345,Terra,MODIS,23,6.2,294.7,49.4,N,0
-24.2893,146.3738,312.8,4.6,2,2014-01-01,1345,Terra,MODIS,83,6.2,295.1,83.5,N,0
-19.785,144.2529,305.5,4.2,1.9,2014-01-01,1346,Terra,MODIS,8,6.2,291.9,32.7,N,0
-19.9037,144.1278,323.6,4.1,1.9,2014-01-01,1346,Terra,MODIS,95,6.2,294.6,143.5,N,0
-21.2178,140.7083,311.6,2.1,1.4,2014-01-01,1346,Terra,MODIS,66,6.2,300,20.4,N,0
-19.8872,144.1237,311.8,4.1,1.9,2014-01-01,1346,Terra,MODIS,27,6.2,293.8,63.5,N,0
-19.9131,144.2506,307.7,4.1,1.9,2014-01-01,1346,Terra,MODIS,24,6.2,292.9,40.4,N,0
-19.9166,144.1244,318.9,4.1,1.9,2014-01-01,1346,Terra,MODIS,75,6.2,294.4,114,N,0
-19.9326,144.2607,316.7,4.1,1.9,2014-01-01,1346,Terra,MODIS,66,6.2,293.5,90.8,N,0
-19.9116,144.0902,334.5,4,1.9,2014-01-01,1346,Terra,MODIS,94,6.2,294.4,257.1,N,0
-19.9243,144.0864,318.7,4,1.9,2014-01-01,1346,Terra,MODIS,57,6.2,290.5,121.9,N,0
-19.9078,144.0822,324.1,4,1.9,2014-01-01,1346,Terra,MODIS,77,6.2,293.3,161.4,N,0
-19.9001,144.1197,325.4,4.1,1.9,2014-01-01,1346,Terra,MODIS,100,6.2,294.6,164,N,0
-19.9298,144.2548,320.2,4.1,1.9,2014-01-01,1346,Terra,MODIS,100,6.2,293.7,119.5,N,0
-17.898,133.409,308.7,1,1,2014-01-01,1347,Terra,MODIS,63,6.2,298.1,5.2,N,0
-17.9408,133.3678,320.7,1,1,2014-01-01,1347,Terra,MODIS,100,6.2,298.1,15,N,0
-17.9057,133.4199,313.1,1,1,2014-01-01,1347,Terra,MODIS,81,6.2,298.9,7.8,N,0
-17.8773,133.3609,315.2,1,1,2014-01-01,1347,Terra,MODIS,88,6.2,297.7,10.9,N,0
-17.9331,133.357,312.4,1,1,2014-01-01,1347,Terra,MODIS,79,6.2,297.6,7.8,N,0
-17.8953,133.4279,330.2,1,1,2014-01-01,1347,Terra,MODIS,100,6.2,298.2,24.8,N,0
-17.956,133.3895,328.3,1,1,2014-01-01,1347,Terra,MODIS,100,6.2,299.5,23.1,N,0
-18.7126,138.1459,314.4,1.6,1.2,2014-01-01,1347,Terra,MODIS,83,6.2,302.9,12,N,0
-17.8917,133.3247,312.9,1,1,2014-01-01,1347,Terra,MODIS,75,6.2,297.9,7.9,N,0
-17.943,133.4163,311.8,1,1,2014-01-01,1347,Terra,MODIS,77,6.2,298.1,7.5,N,0
-17.9255,133.3461,311.4,1,1,2014-01-01,1347,Terra,MODIS,76,6.2,297.7,7.3,N,0
-17.9574,133.3801,316,1,1,2014-01-01,1347,Terra,MODIS,90,6.2,298.9,10.4,N,0
-17.88,133.3421,318.4,1,1,2014-01-01,1347,Terra,MODIS,96,6.2,297.7,13.4,N,0
-17.876,133.3703,309,1,1,2014-01-01,1347,Terra,MODIS,64,6.2,297.8,6.1,N,0
-17.8814,133.3327,315.8,1,1,2014-01-01,1347,Terra,MODIS,89,6.2,297.1,10.7,N,0
-17.8787,133.3515,312.1,1,1,2014-01-01,1347,Terra,MODIS,78,6.2,297.6,8.1,N,0
-17.8967,133.4185,327.8,1,1,2014-01-01,1347,Terra,MODIS,100,6.2,298.1,22.4,N,0
-17.894,133.4373,320,1,1,2014-01-01,1347,Terra,MODIS,100,6.2,298.9,13.6,N,0
-17.9484,133.3786,322.2,1,1,2014-01-01,1347,Terra,MODIS,100,6.2,298.4,16.6,N,0
-17.9498,133.3692,315.1,1,1,2014-01-01,1347,Terra,MODIS,87,6.2,298.4,9.7,N,0
-17.9547,133.3989,315.2,1,1,2014-01-01,1347,Terra,MODIS,88,6.2,298.8,9.9,N,0
-17.9345,133.3476,322.6,1,1,2014-01-01,1347,Terra,MODIS,100,6.2,298.5,16.8,N,0
-17.907,133.4105,326.8,1,1,2014-01-01,1347,Terra,MODIS,100,6.2,298.7,21.5,N,0
-17.9421,133.3584,325.8,1,1,2014-01-01,1347,Terra,MODIS,100,6.2,298.6,20.2,N,0
-15.4783,134.2748,363.2,1.1,1,2014-01-01,1348,Terra,MODIS,100,6.2,304.5,98.8,N,0
-15.4692,134.3343,310.4,1.1,1,2014-01-01,1348,Terra,MODIS,68,6.2,299.6,6,N,0
-15.4675,134.2832,379.2,1.1,1,2014-01-01,1348,Terra,MODIS,100,6.2,306.3,159.8,N,0
-15.4561,134.3161,373.9,1.1,1,2014-01-01,1348,Terra,MODIS,100,6.2,305.4,139,N,0
-15.4501,134.356,312.3,1.1,1,2014-01-01,1348,Terra,MODIS,77,6.2,299.5,8,N,0
-15.469,134.2733,315.2,1.1,1,2014-01-01,1348,Terra,MODIS,56,6.2,300.6,8.4,N,0
-15.4753,134.2946,323.5,1.1,1,2014-01-01,1348,Terra,MODIS,100,6.2,301.3,18.4,N,0
-15.4575,134.3062,343.7,1.1,1,2014-01-01,1348,Terra,MODIS,100,6.2,301.5,49.5,N,0
-15.4905,134.2566,336.8,1.1,1,2014-01-01,1348,Terra,MODIS,100,6.2,302.9,36.2,N,0
-15.4768,134.2847,372.4,1.1,1,2014-01-01,1348,Terra,MODIS,100,6.2,305.3,132,N,0
-15.4707,134.3244,323.8,1.1,1,2014-01-01,1348,Terra,MODIS,100,6.2,300.2,19,N,0
-15.4599,134.3328,321.7,1.1,1,2014-01-01,1348,Terra,MODIS,100,6.2,300.2,16.7,N,0
-15.4798,134.2649,317.5,1.1,1,2014-01-01,1348,Terra,MODIS,93,6.2,301.3,10.6,N,0
-15.4546,134.3261,326.6,1.1,1,2014-01-01,1348,Terra,MODIS,100,6.2,300.3,22.6,N,0
-15.4605,134.2863,338.6,1.1,1,2014-01-01,1348,Terra,MODIS,100,6.2,302.8,39.9,N,0
-15.459,134.2962,319.4,1.1,1,2014-01-01,1348,Terra,MODIS,92,6.2,300.7,12.9,N,0
-15.4645,134.303,324.4,1.1,1,2014-01-01,1348,Terra,MODIS,100,6.2,300.7,18.5,N,0
-15.439,134.3031,324.8,1.1,1,2014-01-01,1348,Terra,MODIS,100,6.2,300.1,19.7,N,0
-15.4615,134.3229,325.5,1.1,1,2014-01-01,1348,Terra,MODIS,100,6.2,301.1,20.5,N,0
-15.489,134.2664,323.4,1.1,1,2014-01-01,1348,Terra,MODIS,100,6.2,301.6,16.9,N,0
-15.4705,134.2634,313.4,1.1,1,2014-01-01,1348,Terra,MODIS,30,6.2,300.4,6.8,N,0
-15.4497,134.2947,319.7,1.1,1,2014-01-01,1348,Terra,MODIS,99,6.2,300.2,13.6,N,0
-15.4569,134.3527,318.4,1.1,1,2014-01-01,1348,Terra,MODIS,96,6.2,299.9,13.4,N,0
-15.4375,134.3131,327.7,1.1,1,2014-01-01,1348,Terra,MODIS,100,6.2,300.9,23.8,N,0
-15.4531,134.336,322.9,1.1,1,2014-01-01,1348,Terra,MODIS,100,6.2,299.9,18.4,N,0
-15.4875,134.2763,353.8,1.1,1,2014-01-01,1348,Terra,MODIS,100,6.2,303.9,72.4,N,0
-15.466,134.2931,354.4,1.1,1,2014-01-01,1348,Terra,MODIS,100,6.2,303.7,73.9,N,0
-15.463,134.3129,385.1,1.1,1,2014-01-01,1348,Terra,MODIS,100,6.2,307,188.7,N,0
-16.9165,143.8516,306.9,3.1,1.7,2014-01-01,1515,Aqua,MODIS,70,6.2,292.3,22,N,0
-16.9315,143.8486,309.7,3.1,1.7,2014-01-01,1515,Aqua,MODIS,78,6.2,292.3,32.9,N,0
-16.9205,143.8585,308.7,3.1,1.7,2014-01-01,1515,Aqua,MODIS,75,6.2,292.2,29.2,N,0
-18.7062,144.9686,309.8,2.4,1.5,2014-01-01,1516,Aqua,MODIS,31,6.2,291.4,24.3,N,0
-19.9308,144.2603,312.5,2.5,1.5,2014-01-01,1516,Aqua,MODIS,64,6.2,294,34.5,N,0
-19.8892,144.1173,310,2.6,1.6,2014-01-01,1516,Aqua,MODIS,78,6.2,294.1,29.1,N,0
-19.9121,144.0863,320.5,2.6,1.6,2014-01-01,1516,Aqua,MODIS,100,6.2,295.3,64.8,N,0
-21.8852,149.1357,312,1.1,1.1,2014-01-01,1516,Aqua,MODIS,82,6.2,293.7,11.1,N,0
-19.9172,144.2635,321.9,2.5,1.5,2014-01-01,1516,Aqua,MODIS,100,6.2,294.1,67.6,N,0
-19.8237,144.2636,307.6,2.5,1.5,2014-01-01,1516,Aqua,MODIS,17,6.2,292.6,22.2,N,0
-22.41,146.5113,313.2,1.6,1.2,2014-01-01,1516,Aqua,MODIS,70,6.2,295.9,16.7,N,0
-19.7787,144.2815,307,2.5,1.5,2014-01-01,1516,Aqua,MODIS,36,6.2,292.4,21.7,N,0
-21.8972,149.0885,308.2,1.1,1.1,2014-01-01,1516,Aqua,MODIS,38,6.2,293.6,7.7,N,0
-21.9661,149.0694,330.3,1.1,1.1,2014-01-01,1516,Aqua,MODIS,100,6.2,294.9,33.1,N,0
-21.9678,149.0803,315.9,1.1,1.1,2014-01-01,1516,Aqua,MODIS,92,6.2,294.2,14.6,N,0
-21.9643,149.0584,311.1,1.1,1.1,2014-01-01,1516,Aqua,MODIS,82,6.2,293.8,10.7,N,0
-22.0167,149.1102,313.8,1.1,1.1,2014-01-01,1516,Aqua,MODIS,15,6.2,294,11.6,N,0
-19.9259,144.0832,314,2.6,1.6,2014-01-01,1516,Aqua,MODIS,88,6.2,295,42.7,N,0
-21.9128,149.0634,312.2,1.1,1.1,2014-01-01,1516,Aqua,MODIS,48,6.2,293.5,10.8,N,0
-18.7643,144.9279,302.3,2.4,1.5,2014-01-01,1516,Aqua,MODIS,48,6.2,291.6,11.2,N,0
-21.9963,149.0746,304,1.1,1.1,2014-01-01,1516,Aqua,MODIS,30,6.2,293.9,4.6,N,0
-19.911,144.1302,322.2,2.6,1.5,2014-01-01,1516,Aqua,MODIS,100,6.2,295.4,67.7,N,0
-21.9565,149.0712,326.1,1.1,1.1,2014-01-01,1516,Aqua,MODIS,100,6.2,294.4,26.9,N,0
-21.9146,149.0744,314.2,1.1,1.1,2014-01-01,1516,Aqua,MODIS,69,6.2,293.4,12.3,N,0
-22.0262,149.1083,313,1.1,1.1,2014-01-01,1516,Aqua,MODIS,50,6.2,294.7,11.5,N,0
-19.9218,144.2876,316.9,2.5,1.5,2014-01-01,1516,Aqua,MODIS,89,6.2,293.7,49.6,N,0
-22.0321,149.0845,308.5,1.1,1.1,2014-01-01,1516,Aqua,MODIS,49,6.2,294.5,7.6,N,0
-19.9062,144.1058,322.6,2.6,1.6,2014-01-01,1516,Aqua,MODIS,100,6.2,295.4,71.2,N,0
-18.751,144.9308,322.4,2.4,1.5,2014-01-01,1516,Aqua,MODIS,100,6.2,291.9,64.1,N,0
-22.4089,146.5047,309.7,1.6,1.2,2014-01-01,1516,Aqua,MODIS,43,6.2,295.8,11.6,N,0
-22.0184,149.1209,321.2,1.1,1.1,2014-01-01,1516,Aqua,MODIS,100,6.2,294.5,20.1,N,0
-22.399,146.5135,310.5,1.6,1.2,2014-01-01,1516,Aqua,MODIS,67,6.2,295.8,13.5,N,0
-19.7828,144.2727,306.1,2.5,1.5,2014-01-01,1516,Aqua,MODIS,16,6.2,292.4,19.4,N,0
-21.9548,149.0602,317.4,1.1,1.1,2014-01-01,1516,Aqua,MODIS,95,6.2,293.8,16.6,N,0
-18.7419,144.9559,323.7,2.4,1.5,2014-01-01,1516,Aqua,MODIS,100,6.2,291.9,66.1,N,0
-21.905,149.0759,324.5,1.1,1.1,2014-01-01,1516,Aqua,MODIS,100,6.2,293.8,24.2,N,0
-19.894,144.142,306.7,2.6,1.5,2014-01-01,1516,Aqua,MODIS,51,6.2,293.8,19.3,N,0
-21.9184,149.0783,305.3,1.1,1.1,2014-01-01,1516,Aqua,MODIS,18,6.2,293.1,5.6,N,0
-21.9166,149.0673,317.3,1.1,1.1,2014-01-01,1516,Aqua,MODIS,95,6.2,293.6,16.5,N,0
-19.935,144.2516,312.5,2.5,1.5,2014-01-01,1516,Aqua,MODIS,70,6.2,294.1,34.6,N,0
-21.9583,149.082,312.2,1.1,1.1,2014-01-01,1516,Aqua,MODIS,80,6.2,293.9,11,N,0
-21.9068,149.0869,318,1.1,1.1,2014-01-01,1516,Aqua,MODIS,89,6.2,293.4,16.3,N,0
-19.9167,144.1108,315.7,2.6,1.6,2014-01-01,1516,Aqua,MODIS,92,6.2,295,46.1,N,0
-19.9199,144.1024,323.1,2.6,1.6,2014-01-01,1516,Aqua,MODIS,100,6.2,295.5,74.6,N,0
-19.9151,144.0779,317.1,2.6,1.6,2014-01-01,1516,Aqua,MODIS,94,6.2,295,52.7,N,0
-21.8835,149.125,317,1.1,1.1,2014-01-01,1516,Aqua,MODIS,94,6.2,293.7,16,N,0
-19.9077,144.1388,320.9,2.6,1.5,2014-01-01,1516,Aqua,MODIS,100,6.2,294.9,62.7,N,0
-22.0338,149.0954,308,1.1,1.1,2014-01-01,1516,Aqua,MODIS,34,6.2,294.7,7,N,0
-19.7421,144.3137,303.8,2.5,1.5,2014-01-01,1516,Aqua,MODIS,26,6.2,292.3,15.7,N,0
-18.7552,144.953,312.3,2.4,1.5,2014-01-01,1516,Aqua,MODIS,84,6.2,291.7,31.6,N,0
-18.7377,144.9337,318,2.4,1.5,2014-01-01,1516,Aqua,MODIS,90,6.2,291.7,46.2,N,0
-19.903,144.1143,325.6,2.6,1.6,2014-01-01,1516,Aqua,MODIS,100,6.2,295.6,85.1,N,0
-22.7569,150.463,302.9,1,1,2014-01-01,1516,Aqua,MODIS,32,6.2,292.4,3.6,N,0
-22.7996,150.5003,304,1,1,2014-01-01,1516,Aqua,MODIS,53,6.2,292,4.7,N,0
-24.4797,147.7029,306.8,1.2,1.1,2014-01-01,1517,Aqua,MODIS,60,6.2,286.5,9.6,N,0
-24.2195,146.2197,301.8,1.5,1.2,2014-01-01,1517,Aqua,MODIS,44,6.2,268.3,11.8,N,0
-23.7521,149.0311,302.8,1.1,1,2014-01-01,1517,Aqua,MODIS,37,6.2,291.6,5.1,N,0
-23.7745,149.0196,313.7,1.1,1,2014-01-01,1517,Aqua,MODIS,46,6.2,293.1,11.1,N,0
-23.7763,149.0307,329.5,1.1,1,2014-01-01,1517,Aqua,MODIS,100,6.2,293.3,29.7,N,0
-23.7839,149.0181,306.3,1.1,1,2014-01-01,1517,Aqua,MODIS,53,6.2,292.5,6.1,N,0
-23.8018,149.0698,309.2,1.1,1,2014-01-01,1517,Aqua,MODIS,56,6.2,290.5,10.5,N,0
-23.8094,149.0574,316.7,1.1,1,2014-01-01,1517,Aqua,MODIS,48,6.2,290.2,14.8,N,0
-23.8112,149.0681,321.5,1.1,1,2014-01-01,1517,Aqua,MODIS,99,6.2,290.6,21.4,N,0
-23.8171,149.045,323,1.1,1,2014-01-01,1517,Aqua,MODIS,100,6.2,290.6,21.4,N,0
-23.8188,149.0557,317.6,1.1,1,2014-01-01,1517,Aqua,MODIS,55,6.2,289,15.9,N,0
-23.8247,149.0325,308.6,1.1,1,2014-01-01,1517,Aqua,MODIS,30,6.2,290.7,8.4,N,0
-23.8264,149.0432,317.4,1.1,1,2014-01-01,1517,Aqua,MODIS,95,6.2,289.9,16.5,N,0
-23.7821,149.0073,309.8,1.1,1,2014-01-01,1517,Aqua,MODIS,76,6.2,292.7,8.6,N,0
-23.8196,149.0004,300.1,1.1,1,2014-01-01,1517,Aqua,MODIS,6,6.2,289.4,2.9,N,0
-23.0441,147.4135,309,1.3,1.1,2014-01-01,1517,Aqua,MODIS,67,6.2,293.4,12.2,N,0
-22.9113,146.3399,314.2,1.6,1.2,2014-01-01,1517,Aqua,MODIS,71,6.2,296.3,17.9,N,0
-22.9087,146.3247,309,1.6,1.2,2014-01-01,1517,Aqua,MODIS,10,6.2,295.9,10.5,N,0
-22.9404,146.3111,310.5,1.6,1.2,2014-01-01,1517,Aqua,MODIS,37,6.2,296,11.7,N,0
-25.0621,149.1511,360.9,1.1,1,2014-01-01,1517,Aqua,MODIS,100,6.2,287.5,96.7,N,0
-25.3274,150.0397,306.2,1,1,2014-01-01,1517,Aqua,MODIS,67,6.2,293,5.6,N,0
-25.0671,149.1435,340.2,1.1,1,2014-01-01,1517,Aqua,MODIS,100,6.2,284.2,47.7,N,0
-25.0637,149.1615,314.3,1.1,1,2014-01-01,1517,Aqua,MODIS,89,6.2,283.7,14.4,N,0
-25.0688,149.1539,328.4,1.1,1,2014-01-01,1517,Aqua,MODIS,100,6.2,284.2,29.3,N,0
-25.0763,149.1417,302.1,1.1,1,2014-01-01,1517,Aqua,MODIS,47,6.2,284.6,5.4,N,0
-25.0605,149.1407,326.8,1.1,1,2014-01-01,1517,Aqua,MODIS,100,6.2,282.6,27.3,N,0
-15.4651,134.2966,323.6,2,1.4,2014-01-01,1653,Aqua,MODIS,100,6.2,297.8,49,N,0
-15.4424,134.3183,307.2,2,1.4,2014-01-01,1653,Aqua,MODIS,45,6.2,297,12.5,N,0
-15.4549,134.3168,310.8,2,1.4,2014-01-01,1653,Aqua,MODIS,68,6.2,297.4,18.5,N,0
-15.4524,134.3222,313.7,2,1.4,2014-01-01,1653,Aqua,MODIS,85,6.2,297.5,24.4,N,0
-15.4776,134.2951,313.8,2,1.4,2014-01-01,1653,Aqua,MODIS,85,6.2,298,24.4,N,0
-17.8998,133.4191,317.2,1.9,1.3,2014-01-01,1654,Aqua,MODIS,95,6.2,293.8,33.6,N,0
-17.8698,133.3695,334.3,1.9,1.3,2014-01-01,1654,Aqua,MODIS,100,6.2,291.7,82.2,N,0
-17.8967,133.4426,347.6,1.9,1.3,2014-01-01,1654,Aqua,MODIS,100,6.2,294.1,138.6,N,0
-17.8877,133.4206,310.9,1.9,1.3,2014-01-01,1654,Aqua,MODIS,58,6.2,294,20.2,N,0
-17.9018,133.4367,307.4,1.9,1.3,2014-01-01,1654,Aqua,MODIS,60,6.2,291.9,14.7,N,0
-17.8945,133.425,340.8,1.9,1.3,2014-01-01,1654,Aqua,MODIS,100,6.2,294.6,105.8,N,0
-17.8621,133.358,306,1.8,1.3,2014-01-01,1654,Aqua,MODIS,46,6.2,286.7,14.1,N,0
-17.874,133.3565,315.3,1.8,1.3,2014-01-01,1654,Aqua,MODIS,81,6.2,284.7,29.8,N,0
-17.8761,133.3739,317.1,1.9,1.3,2014-01-01,1654,Aqua,MODIS,90,6.2,292.4,32.7,N,0
-17.8897,133.4382,353.4,1.9,1.3,2014-01-01,1654,Aqua,MODIS,100,6.2,295.1,171.4,N,0
-17.8641,133.3754,331.8,1.9,1.3,2014-01-01,1654,Aqua,MODIS,100,6.2,293.1,73.9,N,0
-17.8449,125.514,302.4,1.1,1.1,2014-01-01,1654,Aqua,MODIS,20,6.2,290.2,2.2,N,0
-17.8432,125.5035,309.7,1.1,1.1,2014-01-01,1654,Aqua,MODIS,78,6.2,292.9,7.7,N,0
-16.9029,143.9615,331,1,1,2014-01-02,0040,Terra,MODIS,51,6.2,309,8.3,D,0
-19.9237,144.0829,331.6,1,1,2014-01-02,0040,Terra,MODIS,61,6.2,304.2,11.7,D,0
-18.641,145.7682,348.3,1,1,2014-01-02,0040,Terra,MODIS,93,6.2,303.1,50.7,D,0
-18.7518,144.9386,336.5,1,1,2014-01-02,0040,Terra,MODIS,81,6.2,310,16.9,D,0
-19.9265,144.1019,357.1,1,1,2014-01-02,0040,Terra,MODIS,98,6.2,303.8,61,D,0
-17.1141,144.1392,338.9,1,1,2014-01-02,0040,Terra,MODIS,81,6.2,311.2,17.4,D,0
-16.9105,143.9505,331.7,1,1,2014-01-02,0040,Terra,MODIS,61,6.2,308.3,10.5,D,0
-19.9341,144.0909,376.6,1,1,2014-01-02,0040,Terra,MODIS,100,6.2,309.5,122.5,D,0
-18.6397,145.7584,358.1,1,1,2014-01-02,0040,Terra,MODIS,99,6.2,304.3,74.4,D,0
-18.7321,144.9287,341.1,1,1,2014-01-02,0040,Terra,MODIS,82,6.2,312.3,21,D,0
-16.8382,143.9585,333.2,1,1,2014-01-02,0040,Terra,MODIS,58,6.2,308.8,10.5,D,0
-16.9014,143.952,340.8,1,1,2014-01-02,0040,Terra,MODIS,84,6.2,310.9,23,D,0
-17.3351,145.3828,326.8,1,1,2014-01-02,0040,Terra,MODIS,52,6.2,303.8,12.5,D,0
-19.8393,144.2585,337.8,1,1,2014-01-02,0040,Terra,MODIS,80,6.2,308.3,20.4,D,0
-19.94,144.2551,339.1,1,1,2014-01-02,0040,Terra,MODIS,71,6.2,303.1,22.3,D,0
-19.9326,144.0814,335.5,1,1,2014-01-02,0040,Terra,MODIS,76,6.2,306.6,16.9,D,0
-19.9251,144.0924,360.7,1,1,2014-01-02,0040,Terra,MODIS,100,6.2,305.7,70.3,D,0
-16.8938,143.963,333.5,1,1,2014-01-02,0040,Terra,MODIS,65,6.2,309.2,11.3,D,0
-16.8924,143.9534,344.9,1,1,2014-01-02,0040,Terra,MODIS,89,6.2,311.9,30.1,D,0
-16.8367,143.9489,336.6,1,1,2014-01-02,0040,Terra,MODIS,79,6.2,310.6,15.6,D,0
-18.7684,144.9263,330.8,1,1,2014-01-02,0040,Terra,MODIS,54,6.2,309.5,8,D,0
-19.9161,144.0938,333.3,1,1,2014-01-02,0040,Terra,MODIS,70,6.2,309.4,16.1,D,0
-19.9175,144.1033,332.2,1,1,2014-01-02,0040,Terra,MODIS,31,6.2,309.1,14,D,0
-18.8029,145.0372,340.5,1,1,2014-01-02,0040,Terra,MODIS,85,6.2,308.9,24.3,D,0
-19.7711,143.5575,333.6,1,1,2014-01-02,0040,Terra,MODIS,73,6.2,303.4,20.1,D,0
-18.7504,144.9291,336.1,1,1,2014-01-02,0040,Terra,MODIS,81,6.2,311.6,15.7,D,0
-19.8007,144.3095,329.8,1,1,2014-01-02,0040,Terra,MODIS,54,6.2,298.8,13.9,D,0
-18.758,144.9183,333.6,1,1,2014-01-02,0040,Terra,MODIS,70,6.2,311.8,11.6,D,0
-19.9099,144.1143,334.4,1,1,2014-01-02,0040,Terra,MODIS,46,6.2,307.5,17.8,D,0
-18.7925,145.0291,333.9,1,1,2014-01-02,0040,Terra,MODIS,76,6.2,309.3,14.4,D,0
-19.8069,144.2891,334.6,1,1,2014-01-02,0040,Terra,MODIS,76,6.2,306.4,20.5,D,0
-17.1902,145.7145,319.5,1,1,2014-01-02,0040,Terra,MODIS,22,6.2,301.8,9.2,D,0
-19.8055,144.2796,335.9,1,1,2014-01-02,0040,Terra,MODIS,77,6.2,302.8,20.8,D,0
-18.74,144.9211,335.5,1,1,2014-01-02,0040,Terra,MODIS,80,6.2,312.1,13.9,D,0
-19.9189,144.1128,334,1,1,2014-01-02,0040,Terra,MODIS,64,6.2,308.2,18.8,D,0
-18.7532,144.9481,330.1,1,1,2014-01-02,0040,Terra,MODIS,71,6.2,309.1,8.7,D,0
-19.7979,144.2906,339.9,1,1,2014-01-02,0040,Terra,MODIS,76,6.2,305.1,26.7,D,0
-18.7077,145.3959,330.6,1,1,2014-01-02,0040,Terra,MODIS,49,6.2,308.3,11.5,D,0
-18.8272,145.014,333.7,1,1,2014-01-02,0040,Terra,MODIS,74,6.2,312.1,12,D,0
-18.7428,144.94,339.3,1,1,2014-01-02,0040,Terra,MODIS,84,6.2,311.6,21.2,D,0
-19.9324,144.2661,328.8,1,1,2014-01-02,0040,Terra,MODIS,27,6.2,307.4,10.5,D,0
-15.4172,134.3807,320.6,4.6,2,2014-01-02,0040,Terra,MODIS,39,6.2,298.1,54.1,D,0
-15.418,134.3885,321.8,4.6,2,2014-01-02,0040,Terra,MODIS,54,6.2,297.8,62.8,D,0
-15.454,134.2924,323.1,4.6,2,2014-01-02,0040,Terra,MODIS,28,6.2,298.5,70.4,D,0
-19.9085,144.1048,336,1,1,2014-01-02,0040,Terra,MODIS,53,6.2,310.7,18.5,D,0
-19.9128,144.1333,333,1,1,2014-01-02,0040,Terra,MODIS,20,6.2,309.4,16.2,D,0
-19.8083,144.2986,331,1,1,2014-01-02,0040,Terra,MODIS,68,6.2,302.5,16.3,D,0
-18.7414,144.9305,345.2,1,1,2014-01-02,0040,Terra,MODIS,90,6.2,313,30.5,D,0
-16.9423,143.8605,334.3,1,1,2014-01-02,0040,Terra,MODIS,73,6.2,308.8,15.3,D,0
-19.7222,144.3384,338.5,1,1,2014-01-02,0040,Terra,MODIS,82,6.2,305.6,23.4,D,0
-17.1611,144.0863,334,1,1,2014-01-02,0040,Terra,MODIS,55,6.2,313.9,10.2,D,0
-18.7442,144.9495,333,1,1,2014-01-02,0040,Terra,MODIS,76,6.2,309.5,12.4,D,0
-19.9257,144.2834,359.1,1,1,2014-01-02,0040,Terra,MODIS,99,6.2,302.4,69.2,D,0
-19.8724,144.2338,331.1,1,1,2014-01-02,0040,Terra,MODIS,9,6.2,309.8,12.6,D,0
-19.7889,144.292,353,1,1,2014-01-02,0040,Terra,MODIS,95,6.2,306.6,50.7,D,0
-19.7993,144.3001,369.8,1,1,2014-01-02,0040,Terra,MODIS,100,6.2,306.2,100.9,D,0
-19.7903,144.3015,353.9,1,1,2014-01-02,0040,Terra,MODIS,96,6.2,308.5,55.1,D,0
-18.7072,138.1511,334,2.1,1.4,2014-01-02,0040,Terra,MODIS,70,6.2,313.5,42.1,D,0
-18.7594,144.9277,341,1,1,2014-01-02,0040,Terra,MODIS,86,6.2,310.3,23.4,D,0
-21.9732,149.0678,350.1,1.7,1.3,2014-01-02,0041,Terra,MODIS,93,6.2,303.3,110.2,D,0
-22.369,148.1742,327.1,1.5,1.2,2014-01-02,0041,Terra,MODIS,43,6.2,307.2,12.4,D,0
-21.1641,140.7236,350.3,1.3,1.1,2014-01-02,0041,Terra,MODIS,89,6.2,320.2,45.5,D,0
-22.0136,149.113,330,1.7,1.3,2014-01-02,0041,Terra,MODIS,71,6.2,303.1,31.2,D,0
-22.0332,149.1051,338.4,1.7,1.3,2014-01-02,0041,Terra,MODIS,83,6.2,303.2,56.7,D,0
-21.9072,149.0824,326.2,1.7,1.3,2014-01-02,0041,Terra,MODIS,43,6.2,300.3,26.7,D,0
-20.7328,139.4796,334.6,1.5,1.2,2014-01-02,0041,Terra,MODIS,65,6.2,320.3,17.2,D,2
-21.1542,140.7254,346.5,1.3,1.1,2014-01-02,0041,Terra,MODIS,88,6.2,320.3,35.9,D,0
-22.0252,149.1117,337.8,1.7,1.3,2014-01-02,0041,Terra,MODIS,83,6.2,303.8,53.8,D,0
-21.2146,140.7197,346.8,1.3,1.1,2014-01-02,0041,Terra,MODIS,77,6.2,322.4,36.2,D,0
-21.204,140.7158,348.9,1.3,1.1,2014-01-02,0041,Terra,MODIS,75,6.2,322.4,36.7,D,0
-21.9714,149.0514,333,1.7,1.3,2014-01-02,0041,Terra,MODIS,77,6.2,301.2,45.2,D,0
-22.035,149.0947,328.6,1.7,1.3,2014-01-02,0041,Terra,MODIS,30,6.2,302.3,25.3,D,0
-22.0215,149.1057,330.9,1.7,1.3,2014-01-02,0041,Terra,MODIS,49,6.2,304.4,30.5,D,0
-21.8878,149.118,328.5,1.7,1.3,2014-01-02,0041,Terra,MODIS,67,6.2,299,31.7,D,0
-22.037,149.1112,330.6,1.7,1.3,2014-01-02,0041,Terra,MODIS,53,6.2,302.8,29,D,0
-21.9848,149.0669,328.2,1.7,1.3,2014-01-02,0041,Terra,MODIS,58,6.2,299.4,31.4,D,0
-21.9052,149.0658,326.6,1.7,1.3,2014-01-02,0041,Terra,MODIS,53,6.2,299.5,26.7,D,0
-21.2159,140.7259,348.5,1.3,1.1,2014-01-02,0041,Terra,MODIS,76,6.2,320,39.3,D,0
-22.0234,149.1225,328.9,1.7,1.3,2014-01-02,0041,Terra,MODIS,29,6.2,303.1,24.2,D,0
-21.9598,149.053,325.6,1.7,1.3,2014-01-02,0041,Terra,MODIS,55,6.2,299.3,26.6,D,0
-21.1621,140.7116,349.7,1.3,1.1,2014-01-02,0041,Terra,MODIS,91,6.2,323.1,41.5,D,0
-21.9617,149.069,323.7,1.7,1.3,2014-01-02,0041,Terra,MODIS,41,6.2,301.7,23.1,D,0
-21.886,149.1021,327.5,1.7,1.3,2014-01-02,0041,Terra,MODIS,54,6.2,301.7,30,D,0
-21.9829,149.0502,325.1,1.7,1.3,2014-01-02,0041,Terra,MODIS,49,6.2,300,24.3,D,0
-23.8681,150.8033,325.9,2.4,1.5,2014-01-02,0041,Terra,MODIS,57,6.2,302.2,43.4,D,0
-23.8575,151.0546,328.2,2.5,1.5,2014-01-02,0041,Terra,MODIS,70,6.2,302.5,53,D,0
-23.8498,151.0487,327.7,2.5,1.5,2014-01-02,0041,Terra,MODIS,70,6.2,302.6,50.8,D,0
-23.7761,149.0226,328.5,1.8,1.3,2014-01-02,0041,Terra,MODIS,65,6.2,300.5,34.4,D,0
-23.8153,149.0521,342.3,1.8,1.3,2014-01-02,0041,Terra,MODIS,88,6.2,301,83.6,D,0
-23.8172,149.0694,340.9,1.8,1.3,2014-01-02,0041,Terra,MODIS,86,6.2,300.4,82.8,D,0
-23.8272,149.0506,419.3,1.8,1.3,2014-01-02,0041,Terra,MODIS,100,6.2,310.8,891.9,D,0
-23.8291,149.0679,411.8,1.8,1.3,2014-01-02,0041,Terra,MODIS,100,6.2,304.7,761.3,D,0
-23.8311,149.0856,336.8,1.8,1.3,2014-01-02,0041,Terra,MODIS,82,6.2,295.5,74.7,D,0
-23.839,149.0491,363.9,1.8,1.3,2014-01-02,0041,Terra,MODIS,100,6.2,297.9,207,D,0
-23.8332,149.0435,385.8,1.8,1.3,2014-01-02,0041,Terra,MODIS,100,6.2,304.5,397.6,D,0
-23.835,149.0608,386,1.8,1.3,2014-01-02,0041,Terra,MODIS,100,6.2,298.5,405.6,D,0
-26.2417,150.3305,373.6,2.4,1.5,2014-01-02,0042,Terra,MODIS,100,6.2,295.7,419.6,D,0
-24.4798,147.6976,327.3,1.5,1.2,2014-01-02,0042,Terra,MODIS,53,6.2,306,17,D,0
-24.4815,147.7123,327.1,1.5,1.2,2014-01-02,0042,Terra,MODIS,63,6.2,303.6,18.4,D,0
-26.2363,150.3254,370.4,2.4,1.5,2014-01-02,0042,Terra,MODIS,94,6.2,295.8,378.2,D,0
-24.3725,147.7486,343.1,1.5,1.2,2014-01-02,0042,Terra,MODIS,89,6.2,298.4,65,D,0
-24.1781,146.1573,338,1.2,1.1,2014-01-02,0042,Terra,MODIS,73,6.2,313.6,22.6,D,0
-24.1796,146.169,364,1.2,1.1,2014-01-02,0042,Terra,MODIS,100,6.2,313.4,97.3,D,0
-24.1894,146.1676,331.7,1.2,1.1,2014-01-02,0042,Terra,MODIS,39,6.2,311.5,13.5,D,0
-24.3741,147.7628,347.1,1.5,1.2,2014-01-02,0042,Terra,MODIS,89,6.2,299.7,77.9,D,0
-24.3793,147.8069,333.3,1.5,1.2,2014-01-02,0042,Terra,MODIS,35,6.2,294.3,33,D,0
-24.381,147.8222,344.4,1.5,1.2,2014-01-02,0042,Terra,MODIS,87,6.2,297.7,69.6,D,0
-24.3828,147.8374,339.7,1.5,1.2,2014-01-02,0042,Terra,MODIS,86,6.2,296.8,55.9,D,0
-24.3868,147.7763,328.3,1.5,1.2,2014-01-02,0042,Terra,MODIS,22,6.2,288.5,23.8,D,0
-24.3042,146.3505,344.6,1.2,1.1,2014-01-02,0042,Terra,MODIS,78,6.2,310.4,42.3,D,0
-25.4023,147.5998,341.3,1.5,1.2,2014-01-02,0042,Terra,MODIS,80,6.2,303.5,59.5,D,0
-25.2941,147.4565,355.9,1.5,1.2,2014-01-02,0042,Terra,MODIS,97,6.2,308.3,112,D,0
-24.8024,147.2525,327.8,1.4,1.2,2014-01-02,0042,Terra,MODIS,52,6.2,308.6,14.4,D,0
-24.7902,147.2404,333.5,1.4,1.2,2014-01-02,0042,Terra,MODIS,78,6.2,307.1,27,D,0
-25.2651,147.4897,326.4,1.5,1.2,2014-01-02,0042,Terra,MODIS,50,6.2,288.2,23.3,D,0
-25.3568,147.5904,327.5,1.5,1.2,2014-01-02,0042,Terra,MODIS,45,6.2,291.2,25.9,D,0
-24.8007,147.2388,328,1.4,1.2,2014-01-02,0042,Terra,MODIS,55,6.2,307.6,16,D,0
-24.8566,147.3951,339.1,1.4,1.2,2014-01-02,0042,Terra,MODIS,73,6.2,305.6,46.8,D,0
-24.8264,147.362,357.2,1.4,1.2,2014-01-02,0042,Terra,MODIS,98,6.2,306.1,106.1,D,0
-25.2958,147.4709,359.5,1.5,1.2,2014-01-02,0042,Terra,MODIS,99,6.2,306,127.2,D,0
-25.3476,147.6068,323.6,1.5,1.2,2014-01-02,0042,Terra,MODIS,35,6.2,294.1,23.1,D,0
-25.3091,147.4627,373.3,1.5,1.2,2014-01-02,0042,Terra,MODIS,100,6.2,305.5,200.3,D,0
-24.8672,147.3934,336.6,1.4,1.2,2014-01-02,0042,Terra,MODIS,64,6.2,306.4,36.5,D,0
-25.3459,147.5919,355.1,1.5,1.2,2014-01-02,0042,Terra,MODIS,97,6.2,295.8,114.9,D,0
-25.2611,147.5499,353.2,1.5,1.2,2014-01-02,0042,Terra,MODIS,96,6.2,305.1,103,D,0
-25.2502,147.5514,327,1.5,1.2,2014-01-02,0042,Terra,MODIS,72,6.2,301.2,24.5,D,0
-25.285,147.4724,364.6,1.5,1.2,2014-01-02,0042,Terra,MODIS,100,6.2,305.7,152.9,D,0
-25.2628,147.5649,329.7,1.5,1.2,2014-01-02,0042,Terra,MODIS,76,6.2,301.8,31.5,D,0
-25.2967,147.4497,342,1.5,1.2,2014-01-02,0042,Terra,MODIS,89,6.2,307.4,60.4,D,0
-25.3224,147.58,329.2,1.5,1.2,2014-01-02,0042,Terra,MODIS,49,6.2,296.2,30.5,D,0
-25.2759,147.4883,363.7,1.5,1.2,2014-01-02,0042,Terra,MODIS,100,6.2,299.7,149.5,D,0
-25.32,147.4614,331.1,1.5,1.2,2014-01-02,0042,Terra,MODIS,70,6.2,303.1,30,D,0
-24.8247,147.348,340.7,1.4,1.2,2014-01-02,0042,Terra,MODIS,59,6.2,307.8,44.5,D,0
-25.2983,147.4641,375.7,1.5,1.2,2014-01-02,0042,Terra,MODIS,100,6.2,310.3,217.4,D,0
-25.3108,147.4773,336.6,1.5,1.2,2014-01-02,0042,Terra,MODIS,82,6.2,302.4,42.4,D,0
-25.404,147.5939,332.9,1.5,1.2,2014-01-02,0042,Terra,MODIS,55,6.2,304,33.8,D,0
-24.804,147.2664,328.1,1.4,1.2,2014-01-02,0042,Terra,MODIS,48,6.2,308.3,13.4,D,0
-25.2833,147.458,334.5,1.5,1.2,2014-01-02,0042,Terra,MODIS,82,6.2,305.6,39.6,D,0
-25.3,147.4786,334.4,1.5,1.2,2014-01-02,0042,Terra,MODIS,82,6.2,303.6,37.6,D,0
-25.2737,147.5633,340.7,1.5,1.2,2014-01-02,0042,Terra,MODIS,87,6.2,300.4,61.9,D,0
-24.8796,147.406,340.4,1.4,1.2,2014-01-02,0042,Terra,MODIS,79,6.2,304.2,45,D,0
-25.2742,147.4738,344.2,1.5,1.2,2014-01-02,0042,Terra,MODIS,87,6.2,305.5,69.4,D,0
-24.8141,147.3498,345.2,1.4,1.2,2014-01-02,0042,Terra,MODIS,79,6.2,304.9,63.4,D,0
-24.8303,147.3556,351.9,1.4,1.2,2014-01-02,0042,Terra,MODIS,89,6.2,309.1,81.1,D,0
-25.3049,147.4551,365,1.5,1.2,2014-01-02,0042,Terra,MODIS,100,6.2,307.8,154.4,D,0
-24.7918,147.2542,331.2,1.4,1.2,2014-01-02,0042,Terra,MODIS,57,6.2,307.2,20.7,D,0
-24.7951,147.282,334.2,1.4,1.2,2014-01-02,0042,Terra,MODIS,61,6.2,306.7,26,D,0
-25.272,147.5485,379.9,1.5,1.2,2014-01-02,0042,Terra,MODIS,100,6.2,305.2,253,D,0
-25.4057,147.6088,334.1,1.5,1.2,2014-01-02,0042,Terra,MODIS,67,6.2,302.4,40.3,D,0
-25.3189,147.572,324.9,1.5,1.2,2014-01-02,0042,Terra,MODIS,45,6.2,295,22.4,D,0
-25.335,147.5933,332.9,1.5,1.2,2014-01-02,0042,Terra,MODIS,58,6.2,297.7,40.7,D,0
-25.3067,147.4696,387.9,1.5,1.2,2014-01-02,0042,Terra,MODIS,100,6.2,306.3,307.2,D,0
-18.8418,126.5523,329.5,2.2,1.4,2014-01-02,0219,Terra,MODIS,54,6.2,304.7,26.4,D,0
-18.2637,125.2981,338.6,1.8,1.3,2014-01-02,0219,Terra,MODIS,55,6.2,311.3,34.9,D,0
-18.2362,125.268,333.7,1.7,1.3,2014-01-02,0219,Terra,MODIS,66,6.2,308.9,22.5,D,0
-18.2499,125.283,360.9,1.8,1.3,2014-01-02,0219,Terra,MODIS,100,6.2,308.9,146,D,0
-18.2616,125.2816,359.5,1.8,1.3,2014-01-02,0219,Terra,MODIS,99,6.2,308.8,137.9,D,0
-18.2452,125.2771,341.6,1.8,1.3,2014-01-02,0219,Terra,MODIS,84,6.2,308.5,50.4,D,0
-18.2471,125.2936,337,1.8,1.3,2014-01-02,0219,Terra,MODIS,44,6.2,309.8,29.4,D,0
-18.2569,125.2756,346,1.8,1.3,2014-01-02,0219,Terra,MODIS,88,6.2,307.6,71.1,D,0
-18.2588,125.2922,346,1.8,1.3,2014-01-02,0219,Terra,MODIS,88,6.2,310.8,69.5,D,0
-18.2686,125.2742,343,1.8,1.3,2014-01-02,0219,Terra,MODIS,85,6.2,307.7,58.1,D,0
-18.2705,125.2907,360.2,1.8,1.3,2014-01-02,0219,Terra,MODIS,100,6.2,310.9,144.7,D,0
-17.8805,125.5404,345.4,1.8,1.3,2014-01-02,0219,Terra,MODIS,89,6.2,308.1,78,D,0
-17.8784,125.5233,331,1.8,1.3,2014-01-02,0219,Terra,MODIS,51,6.2,308.3,23.3,D,0
-17.8825,125.5575,335.9,1.8,1.3,2014-01-02,0219,Terra,MODIS,78,6.2,306.9,40.9,D,0
-29.4742,121.0039,313.9,1.3,1.1,2014-01-02,0222,Terra,MODIS,38,6.2,298.6,5.2,D,0
-23.8763,150.7963,345.6,1.7,1.3,2014-01-02,0325,Aqua,MODIS,91,6.2,309.9,78.6,D,0
-24.0278,149.4813,358.1,2.1,1.4,2014-01-02,0325,Aqua,MODIS,98,6.2,304.8,192.2,D,0
-24.2807,151.258,334.3,1.6,1.2,2014-01-02,0325,Aqua,MODIS,71,6.2,307.6,36.5,D,0
-24.0022,149.4782,333.3,2.1,1.4,2014-01-02,0325,Aqua,MODIS,76,6.2,305.9,45.3,D,0
-23.9766,149.4755,337,2.1,1.4,2014-01-02,0325,Aqua,MODIS,83,6.2,305.7,61.4,D,0
-23.9775,149.4706,333.7,2.1,1.4,2014-01-02,0325,Aqua,MODIS,79,6.2,306,47.2,D,0
-24.0257,149.5018,328.8,2.1,1.4,2014-01-02,0325,Aqua,MODIS,65,6.2,303.3,36.6,D,0
-25.7173,150.9904,337.7,1.7,1.3,2014-01-02,0325,Aqua,MODIS,84,6.2,302.6,58,D,0
-25.7191,150.9731,344.7,1.7,1.3,2014-01-02,0325,Aqua,MODIS,90,6.2,303.3,83.6,D,0
-25.7216,150.9843,332,1.7,1.3,2014-01-02,0325,Aqua,MODIS,70,6.2,300.5,37.9,D,0
-25.7099,150.9826,345.5,1.7,1.3,2014-01-02,0325,Aqua,MODIS,91,6.2,304.9,84.2,D,0
-25.8316,152.4238,326.7,1.4,1.2,2014-01-02,0325,Aqua,MODIS,73,6.2,303.8,17.6,D,0
-25.8332,152.4099,327.6,1.4,1.2,2014-01-02,0325,Aqua,MODIS,75,6.2,303.5,20.5,D,0
-26.0537,150.3404,323.2,2,1.4,2014-01-02,0325,Aqua,MODIS,43,6.2,292,30.2,D,0
-26.3311,152.4608,330.8,1.4,1.2,2014-01-02,0325,Aqua,MODIS,80,6.2,299.5,34.4,D,0
-25.0848,153.2211,376.1,1.2,1.1,2014-01-02,0325,Aqua,MODIS,100,6.2,305.3,170.3,D,0
-25.0864,153.2087,358.3,1.2,1.1,2014-01-02,0325,Aqua,MODIS,99,6.2,310,89.9,D,0
-24.5979,149.0793,334.1,2.3,1.5,2014-01-02,0325,Aqua,MODIS,80,6.2,303,73.3,D,0
-24.6044,147.8882,326.1,2.8,1.6,2014-01-02,0325,Aqua,MODIS,57,6.2,300,55.9,D,0
-24.6021,147.8804,323.4,2.8,1.6,2014-01-02,0325,Aqua,MODIS,34,6.2,300.2,40.6,D,0
-23.8391,149.0582,329.1,2.3,1.5,2014-01-02,0325,Aqua,MODIS,70,6.2,286.8,72.1,D,0
-25.2695,147.4929,326.1,3,1.7,2014-01-02,0325,Aqua,MODIS,36,6.2,289.7,71.9,D,0
-25.2675,147.4973,335.7,3,1.7,2014-01-02,0325,Aqua,MODIS,77,6.2,290.9,143.6,D,0
-24.8722,147.3985,338.2,3.1,1.7,2014-01-02,0325,Aqua,MODIS,78,6.2,302.2,143.9,D,0
-24.8701,147.4027,335.2,3.1,1.7,2014-01-02,0325,Aqua,MODIS,70,6.2,301.9,118.8,D,0
-22.0332,149.1063,333.2,2.1,1.4,2014-01-02,0326,Aqua,MODIS,72,6.2,304.1,54.6,D,0
-21.2408,149.0026,348.9,2.1,1.4,2014-01-02,0326,Aqua,MODIS,92,6.2,302.3,138.3,D,0
-22.3716,148.155,328.7,2.5,1.5,2014-01-02,0326,Aqua,MODIS,34,6.2,306.8,25.2,D,0
-22.0324,149.111,337,2.1,1.4,2014-01-02,0326,Aqua,MODIS,78,6.2,304,71.9,D,0
-22.0196,149.1105,328.4,2.1,1.4,2014-01-02,0326,Aqua,MODIS,52,6.2,302.9,35.8,D,0
-20.5216,148.196,335.8,2.3,1.5,2014-01-02,0326,Aqua,MODIS,81,6.2,303.7,84.5,D,0
-21.8883,149.1246,334,2.1,1.4,2014-01-02,0326,Aqua,MODIS,74,6.2,302.6,54.4,D,0
-21.9864,149.0602,338.6,2.1,1.4,2014-01-02,0326,Aqua,MODIS,81,6.2,300.2,83.2,D,0
-21.8905,149.1036,353.8,2.1,1.4,2014-01-02,0326,Aqua,MODIS,96,6.2,303.4,163.3,D,0
-21.8927,149.083,349.6,2.1,1.4,2014-01-02,0326,Aqua,MODIS,92,6.2,303,139.4,D,0
-21.9076,149.0649,342.6,2.1,1.4,2014-01-02,0326,Aqua,MODIS,86,6.2,297.3,104.4,D,0
-22.7768,150.4757,325.1,1.7,1.3,2014-01-02,0326,Aqua,MODIS,26,6.2,297.2,27.4,D,0
-22.7573,150.4391,330,1.7,1.3,2014-01-02,0326,Aqua,MODIS,48,6.2,300.3,35.9,D,0
-22.7939,150.4994,326.7,1.7,1.3,2014-01-02,0326,Aqua,MODIS,57,6.2,296.8,35.9,D,0
-22.7723,150.4805,335.4,1.7,1.3,2014-01-02,0326,Aqua,MODIS,75,6.2,297.2,57.1,D,0
-16.963,143.8508,321.5,4.5,1.9,2014-01-02,0327,Aqua,MODIS,72,6.2,296.2,49.8,D,0
-17.1282,144.1656,327.9,4.3,1.9,2014-01-02,0327,Aqua,MODIS,61,6.2,299,60.8,D,0
-18.6463,145.7406,333,3.4,1.7,2014-01-02,0327,Aqua,MODIS,85,6.2,296.7,150,D,0
-18.6338,145.7067,316,3.4,1.7,2014-01-02,0327,Aqua,MODIS,36,6.2,295.7,36.7,D,0
-16.963,143.8466,320.8,4.5,1.9,2014-01-02,0327,Aqua,MODIS,70,6.2,296.1,44.1,D,0
-16.9204,143.9304,323.7,4.4,1.9,2014-01-02,0327,Aqua,MODIS,40,6.2,297.3,60.4,D,0
-18.6443,145.7152,319.5,3.4,1.7,2014-01-02,0327,Aqua,MODIS,43,6.2,296.4,53.2,D,0
-18.6431,145.7722,320,3.4,1.7,2014-01-02,0327,Aqua,MODIS,55,6.2,295.1,62.7,D,0
-18.6413,145.7472,336,3.4,1.7,2014-01-02,0327,Aqua,MODIS,87,6.2,296.3,174.5,D,0
-26.2677,126.7253,346.3,1.6,1.3,2014-01-02,0504,Aqua,MODIS,88,6.2,322.5,54.9,D,0
-26.2696,126.7188,337.7,1.6,1.3,2014-01-02,0504,Aqua,MODIS,76,6.2,322.7,24.6,D,0
-15.4328,134.4122,331.4,1.6,1.3,2014-01-02,0506,Aqua,MODIS,46,6.2,308,20.2,D,0
-15.4353,134.3969,330.6,1.6,1.3,2014-01-02,0506,Aqua,MODIS,36,6.2,307.9,17.9,D,0
-15.4439,134.2752,332.4,1.6,1.2,2014-01-02,0506,Aqua,MODIS,37,6.2,307.4,17.8,D,0
-15.4647,134.3625,336.3,1.6,1.3,2014-01-02,0506,Aqua,MODIS,68,6.2,309.2,33,D,0
-17.8661,133.3045,344.4,1.3,1.1,2014-01-02,0506,Aqua,MODIS,51,6.2,318.9,19.5,D,0
-17.8561,133.3027,348.3,1.3,1.1,2014-01-02,0506,Aqua,MODIS,69,6.2,318.8,31.8,D,0
-15.4415,134.2901,332.1,1.6,1.2,2014-01-02,0506,Aqua,MODIS,27,6.2,306.7,17.5,D,0
-17.8555,125.4925,341.6,1.5,1.2,2014-01-02,0506,Aqua,MODIS,68,6.2,313,40.7,D,0
-17.883,125.5615,344.1,1.5,1.2,2014-01-02,0506,Aqua,MODIS,87,6.2,309.9,55.3,D,0
-17.8459,125.4982,340.7,1.5,1.2,2014-01-02,0506,Aqua,MODIS,55,6.2,313,38.9,D,0
-17.8476,125.4837,337.2,1.5,1.2,2014-01-02,0506,Aqua,MODIS,64,6.2,311,28.2,D,0
-18.8477,126.5483,336.9,1.4,1.2,2014-01-02,0506,Aqua,MODIS,75,6.2,312.7,19.8,D,0
-18.2821,125.2777,360.2,1.6,1.2,2014-01-02,0506,Aqua,MODIS,98,6.2,312.9,119.4,D,0
-18.284,125.2625,383,1.6,1.3,2014-01-02,0506,Aqua,MODIS,100,6.2,315.7,285,D,0
-18.2727,125.261,347.6,1.6,1.3,2014-01-02,0506,Aqua,MODIS,74,6.2,314,65.3,D,0
-18.2745,125.2457,336.6,1.6,1.3,2014-01-02,0506,Aqua,MODIS,65,6.2,302.6,27.7,D,0
-18.2632,125.2443,354.8,1.6,1.3,2014-01-02,0506,Aqua,MODIS,96,6.2,314.2,99.5,D,0
-18.2501,125.2581,341.7,1.6,1.3,2014-01-02,0506,Aqua,MODIS,42,6.2,294.3,36,D,0
-18.2508,125.2515,340.7,1.6,1.3,2014-01-02,0506,Aqua,MODIS,59,6.2,298.3,29.6,D,0
-12.9391,132.6758,326.8,1.4,1.2,2014-01-02,0507,Aqua,MODIS,71,6.2,301.6,19,D,0
-12.883,132.6923,320.8,1.4,1.2,2014-01-02,0507,Aqua,MODIS,48,6.2,300.3,10.5,D,0
-12.9159,132.6205,321.7,1.4,1.2,2014-01-02,0507,Aqua,MODIS,54,6.2,299,10.3,D,0
-12.9038,132.6957,327.4,1.4,1.2,2014-01-02,0507,Aqua,MODIS,68,6.2,300.6,22.1,D,0
-13.2316,132.5784,320.5,1.3,1.1,2014-01-02,0507,Aqua,MODIS,28,6.2,299.9,7.9,D,0
-12.853,132.6429,324.9,1.4,1.2,2014-01-02,0507,Aqua,MODIS,68,6.2,300.5,16.3,D,0
-13.0552,132.4613,320.9,1.3,1.1,2014-01-02,0507,Aqua,MODIS,47,6.2,300.2,10.8,D,0
-13.2418,132.5801,320.5,1.3,1.1,2014-01-02,0507,Aqua,MODIS,28,6.2,300.2,8,D,0
-26.2441,150.3331,329.8,1,1,2014-01-02,1249,Terra,MODIS,100,6.2,297.4,25.5,N,0
-26.2457,150.3227,318.5,1,1,2014-01-02,1249,Terra,MODIS,97,6.2,296.2,13.1,N,0
-26.2533,150.3348,324.5,1,1,2014-01-02,1249,Terra,MODIS,100,6.2,296.8,18.5,N,0
-26.2548,150.3245,310.5,1,1,2014-01-02,1249,Terra,MODIS,19,6.2,295.7,5.8,N,0
-26.235,150.3313,313.2,1,1,2014-01-02,1249,Terra,MODIS,86,6.2,295.4,8.6,N,0
-26.2517,150.3452,334.6,1,1,2014-01-02,1249,Terra,MODIS,100,6.2,297.8,32.5,N,0
-26.0575,150.349,310.6,1,1,2014-01-02,1249,Terra,MODIS,78,6.2,295.5,6.6,N,0
-26.0484,150.3472,309.1,1,1,2014-01-02,1249,Terra,MODIS,76,6.2,295.5,5.7,N,0
-26.056,150.3594,308.6,1,1,2014-01-02,1249,Terra,MODIS,60,6.2,295.3,5.3,N,0
-26.0468,150.3576,307.5,1,1,2014-01-02,1249,Terra,MODIS,72,6.2,295.3,4.7,N,0
-26.2426,150.3434,329.8,1,1,2014-01-02,1249,Terra,MODIS,100,6.2,296.9,26.1,N,0
-23.8042,149.1018,307.3,1,1,2014-01-02,1250,Terra,MODIS,65,6.2,294.1,5.8,N,0
-22.7602,150.473,307,1.1,1.1,2014-01-02,1250,Terra,MODIS,22,6.2,293.6,6,N,0
-22.7524,150.4605,310.2,1.1,1.1,2014-01-02,1250,Terra,MODIS,60,6.2,293.9,8.5,N,0
-24.0041,149.4969,310.3,1,1,2014-01-02,1250,Terra,MODIS,49,6.2,296.5,5.6,N,0
-24.0056,149.487,310.9,1,1,2014-01-02,1250,Terra,MODIS,60,6.2,296.4,6.1,N,0
-24.0247,149.4761,307.4,1,1,2014-01-02,1250,Terra,MODIS,25,6.2,296.2,3.7,N,0
-22.7886,150.5073,306.3,1.1,1.1,2014-01-02,1250,Terra,MODIS,18,6.2,293.5,5.6,N,0
-22.8362,150.3276,304.6,1.1,1,2014-01-02,1250,Terra,MODIS,19,6.2,294.1,3.9,N,0
-22.8456,150.3293,304.6,1.1,1,2014-01-02,1250,Terra,MODIS,35,6.2,294.1,4,N,0
-24.3729,147.751,319.9,1,1,2014-01-02,1250,Terra,MODIS,99,6.2,298.3,12.8,N,0
-24.1029,149.5682,308.3,1,1,2014-01-02,1250,Terra,MODIS,72,6.2,296.8,4.5,N,0
-23.8734,145.385,319.1,1.2,1.1,2014-01-02,1250,Terra,MODIS,97,6.2,300.8,17.1,N,0
-23.8833,145.3864,313.4,1.2,1.1,2014-01-02,1250,Terra,MODIS,81,6.2,301.1,10.7,N,0
-24.1786,146.1847,313.3,1.1,1.1,2014-01-02,1250,Terra,MODIS,81,6.2,299.8,8,N,0
-24.18,146.1735,323.7,1.1,1.1,2014-01-02,1250,Terra,MODIS,100,6.2,300.7,18.7,N,0
-24.1815,146.1623,313.8,1.1,1.1,2014-01-02,1250,Terra,MODIS,83,6.2,299.4,8.2,N,0
-24.1705,146.172,334.4,1.1,1.1,2014-01-02,1250,Terra,MODIS,100,6.2,301,35.3,N,0
-24.1719,146.1608,315.3,1.1,1.1,2014-01-02,1250,Terra,MODIS,83,6.2,299.5,9.7,N,0
-24.1609,146.1706,313.1,1.1,1.1,2014-01-02,1250,Terra,MODIS,51,6.2,299.2,8.5,N,0
-24.1624,146.1594,313.4,1.1,1.1,2014-01-02,1250,Terra,MODIS,74,6.2,298.9,8.8,N,0
-24.5719,147.9091,320.1,1,1,2014-01-02,1250,Terra,MODIS,72,6.2,296.5,13.1,N,0
-24.5628,147.9075,314,1,1,2014-01-02,1250,Terra,MODIS,47,6.2,295.9,7.9,N,0
-24.5746,147.8892,317.2,1,1,2014-01-02,1250,Terra,MODIS,55,6.2,296.4,11.1,N,0
-24.576,147.879,323.4,1,1,2014-01-02,1250,Terra,MODIS,100,6.2,296.9,17.8,N,0
-24.3946,147.7956,312.4,1,1,2014-01-02,1250,Terra,MODIS,27,6.2,297.1,6.7,N,0
-24.396,147.7856,314.3,1,1,2014-01-02,1250,Terra,MODIS,45,6.2,297.6,8,N,0
-24.3814,147.8239,313,1,1,2014-01-02,1250,Terra,MODIS,62,6.2,296,9,N,0
-24.3869,147.7841,312.9,1,1,2014-01-02,1250,Terra,MODIS,46,6.2,296.6,6.6,N,0
-23.855,151.0695,310.2,1.2,1.1,2014-01-02,1250,Terra,MODIS,75,6.2,294.1,9.8,N,0
-23.7797,149.0207,310,1,1,2014-01-02,1250,Terra,MODIS,73,6.2,295.3,6.6,N,0
-23.7812,149.0108,309.3,1,1,2014-01-02,1250,Terra,MODIS,70,6.2,295.3,5.8,N,0
-23.7693,149.0289,314.8,1,1,2014-01-02,1250,Terra,MODIS,56,6.2,295.3,9.4,N,0
-23.7707,149.0191,329.5,1,1,2014-01-02,1250,Terra,MODIS,100,6.2,296.4,24.6,N,0
-23.7721,149.0093,316,1,1,2014-01-02,1250,Terra,MODIS,90,6.2,296.1,10,N,0
-23.7736,148.9996,310.4,1,1,2014-01-02,1250,Terra,MODIS,20,6.2,296.6,5.6,N,0
-23.7603,149.0273,328.4,1,1,2014-01-02,1250,Terra,MODIS,100,6.2,295.7,22.9,N,0
-23.7512,149.0257,320.8,1,1,2014-01-02,1250,Terra,MODIS,100,6.2,295.1,15.2,N,0
-23.7364,149.0635,312.2,1,1,2014-01-02,1250,Terra,MODIS,80,6.2,294.6,8,N,0
-23.7422,149.0241,311.1,1,1,2014-01-02,1250,Terra,MODIS,77,6.2,294.3,6.9,N,0
-23.8454,151.0677,306.9,1.2,1.1,2014-01-02,1250,Terra,MODIS,67,6.2,293.7,7.2,N,0
-23.8472,151.0564,305,1.2,1.1,2014-01-02,1250,Terra,MODIS,56,6.2,293.2,5.7,N,0
-23.8568,151.0582,305.3,1.2,1.1,2014-01-02,1250,Terra,MODIS,27,6.2,293.4,5.7,N,0
-23.8552,149.0701,305.7,1,1,2014-01-02,1250,Terra,MODIS,57,6.2,293.2,5.6,N,0
-23.8447,149.0784,325,1,1,2014-01-02,1250,Terra,MODIS,100,6.2,295.3,21.7,N,0
-23.8461,149.0685,372.5,1,1,2014-01-02,1250,Terra,MODIS,100,6.2,305.2,124.9,N,0
-23.8476,149.0587,327.1,1,1,2014-01-02,1250,Terra,MODIS,100,6.2,296.2,23.1,N,0
-23.8357,149.0767,331.7,1,1,2014-01-02,1250,Terra,MODIS,100,6.2,295.1,29.6,N,0
-23.8371,149.0669,346.4,1,1,2014-01-02,1250,Terra,MODIS,100,6.2,299.4,53.1,N,0
-23.8386,149.0571,338.9,1,1,2014-01-02,1250,Terra,MODIS,100,6.2,297.9,38.5,N,0
-23.8281,149.0653,321.7,1,1,2014-01-02,1250,Terra,MODIS,100,6.2,294.7,16.7,N,0
-23.8295,149.0555,328.1,1,1,2014-01-02,1250,Terra,MODIS,100,6.2,295.7,22.7,N,0
-23.8205,149.0539,316.1,1,1,2014-01-02,1250,Terra,MODIS,91,6.2,294,10.8,N,0
-23.822,149.0441,308.5,1,1,2014-01-02,1250,Terra,MODIS,30,6.2,293.4,5.6,N,0
-23.7996,149.0746,305.1,1,1,2014-01-02,1250,Terra,MODIS,48,6.2,293.1,4.6,N,0
-23.831,149.0456,321.3,1,1,2014-01-02,1250,Terra,MODIS,100,6.2,294.7,16.2,N,0
-23.8324,149.0358,306.4,1,1,2014-01-02,1250,Terra,MODIS,14,6.2,293.2,4.5,N,0
-23.8191,149.0637,312.9,1,1,2014-01-02,1250,Terra,MODIS,38,6.2,293.5,8.4,N,0
-23.8368,149.0063,314.2,1,1,2014-01-02,1250,Terra,MODIS,81,6.2,294,9.9,N,0
-23.8382,148.9965,355.5,1,1,2014-01-02,1250,Terra,MODIS,100,6.2,299.5,72,N,0
-23.8396,148.9868,323.1,1,1,2014-01-02,1250,Terra,MODIS,100,6.2,296.7,17.1,N,0
-23.8292,148.9949,318.4,1,1,2014-01-02,1250,Terra,MODIS,96,6.2,294.4,12.5,N,0
-23.8096,149.0058,306.1,1,1,2014-01-02,1250,Terra,MODIS,49,6.2,293.8,4.2,N,0
-23.8111,148.9959,306.1,1,1,2014-01-02,1250,Terra,MODIS,38,6.2,293.9,3.8,N,0
-23.7826,149.001,310.9,1,1,2014-01-02,1250,Terra,MODIS,72,6.2,295.7,6.5,N,0
-22.3667,148.1731,308.9,1,1,2014-01-02,1250,Terra,MODIS,67,6.2,296.3,5.1,N,0
-22.8439,146.2914,313.6,1.1,1,2014-01-02,1250,Terra,MODIS,82,6.2,299.6,9.1,N,0
-22.902,146.3277,308.8,1.1,1,2014-01-02,1250,Terra,MODIS,41,6.2,298.5,4.4,N,0
-24.8308,147.3542,309.6,1,1,2014-01-02,1250,Terra,MODIS,10,6.2,296.6,5,N,0
-22.3982,148.1451,310.5,1,1,2014-01-02,1250,Terra,MODIS,74,6.2,296.7,6.1,N,0
-25.2503,147.5064,307.8,1,1,2014-01-02,1250,Terra,MODIS,61,6.2,296.9,4.4,N,0
-24.983,151.4509,303.9,1.2,1.1,2014-01-02,1250,Terra,MODIS,35,6.2,291.9,5,N,0
-25.3173,147.4809,311.9,1,1,2014-01-02,1250,Terra,MODIS,28,6.2,297.5,6.7,N,0
-25.2554,147.5388,322.2,1,1,2014-01-02,1250,Terra,MODIS,100,6.2,297.3,16.8,N,0
-22.3996,148.1354,311.5,1,1,2014-01-02,1250,Terra,MODIS,78,6.2,296.5,7,N,0
-24.7715,148.2562,305.5,1,1,2014-01-02,1250,Terra,MODIS,64,6.2,294.9,3.3,N,0
-22.9034,146.3172,312,1.1,1,2014-01-02,1250,Terra,MODIS,76,6.2,298.5,7.1,N,0
-24.8634,147.391,311.6,1,1,2014-01-02,1250,Terra,MODIS,81,6.2,296.7,7.3,N,0
-25.3662,147.6049,322.3,1,1,2014-01-02,1250,Terra,MODIS,100,6.2,297.7,16.3,N,0
-25.091,149.1731,318.9,1,1,2014-01-02,1250,Terra,MODIS,97,6.2,295.8,12.4,N,0
-24.862,147.4012,331.4,1,1,2014-01-02,1250,Terra,MODIS,100,6.2,297.8,29,N,0
-24.8111,147.3614,308.6,1,1,2014-01-02,1250,Terra,MODIS,59,6.2,295.4,5.1,N,0
-25.331,147.5885,318.7,1,1,2014-01-02,1250,Terra,MODIS,97,6.2,297.4,12.6,N,0
-24.7912,147.2467,307.4,1,1,2014-01-02,1250,Terra,MODIS,63,6.2,297.2,4.3,N,0
-22.845,146.3561,310.9,1.1,1,2014-01-02,1250,Terra,MODIS,71,6.2,298.7,7.3,N,0
-25.3219,147.587,311.1,1,1,2014-01-02,1250,Terra,MODIS,71,6.2,296.8,6.6,N,0
-22.8519,146.3034,312.3,1.1,1,2014-01-02,1250,Terra,MODIS,77,6.2,299.9,7.9,N,0
-25.3123,147.4638,320,1,1,2014-01-02,1250,Terra,MODIS,99,6.2,298.3,14.3,N,0
-22.9114,146.3292,310.9,1.1,1,2014-01-02,1250,Terra,MODIS,47,6.2,300,5.9,N,0
-22.8505,146.3139,311.5,1.1,1,2014-01-02,1250,Terra,MODIS,73,6.2,299,7.2,N,0
-24.8542,147.3895,318.7,1,1,2014-01-02,1250,Terra,MODIS,97,6.2,296.9,13.7,N,0
-25.2778,147.5109,312.5,1,1,2014-01-02,1250,Terra,MODIS,35,6.2,297.4,6.2,N,0
-25.2581,147.5182,325.3,1,1,2014-01-02,1250,Terra,MODIS,100,6.2,297.7,19.7,N,0
-25.2737,147.5417,328.1,1,1,2014-01-02,1250,Terra,MODIS,100,6.2,298,23.8,N,0
-24.8033,147.3496,330.1,1,1,2014-01-02,1250,Terra,MODIS,100,6.2,297.5,26.7,N,0
-25.2623,147.4873,312.8,1,1,2014-01-02,1250,Terra,MODIS,74,6.2,297.4,7.3,N,0
-25.2969,150.0237,308.8,1,1,2014-01-02,1250,Terra,MODIS,25,6.2,296.2,4.9,N,0
-25.5103,147.6196,314.3,1,1,2014-01-02,1250,Terra,MODIS,85,6.2,297.5,9.4,N,0
-25.2645,147.5403,327.4,1,1,2014-01-02,1250,Terra,MODIS,100,6.2,297.8,22.2,N,0
-25.3032,147.4623,312,1,1,2014-01-02,1250,Terra,MODIS,30,6.2,298,6.9,N,0
-25.3141,147.5752,313.4,1,1,2014-01-02,1250,Terra,MODIS,82,6.2,297,8.5,N,0
-25.2843,147.5329,311.3,1,1,2014-01-02,1250,Terra,MODIS,76,6.2,296.6,6.8,N,0
-24.8309,150.4764,306.7,1.1,1,2014-01-02,1250,Terra,MODIS,69,6.2,294.3,5.6,N,0
-25.0083,149.7325,306.2,1,1,2014-01-02,1250,Terra,MODIS,66,6.2,295,3.8,N,0
-25.3585,147.5931,308.8,1,1,2014-01-02,1250,Terra,MODIS,30,6.2,297,4.4,N,0
-24.8203,147.3629,322.2,1,1,2014-01-02,1250,Terra,MODIS,100,6.2,296.9,16.7,N,0
-25.2609,147.4976,320,1,1,2014-01-02,1250,Terra,MODIS,99,6.2,298,13.4,N,0
-25.254,147.549,306.6,1,1,2014-01-02,1250,Terra,MODIS,52,6.2,296.4,4,N,0
-22.3653,148.1828,307,1,1,2014-01-02,1250,Terra,MODIS,33,6.2,296.1,3.8,N,0
-25.2595,147.5079,323,1,1,2014-01-02,1250,Terra,MODIS,100,6.2,298,17,N,0
-24.9848,151.4394,308.8,1.2,1.1,2014-01-02,1250,Terra,MODIS,75,6.2,292.1,8.8,N,0
-25.4017,147.6065,312,1,1,2014-01-02,1250,Terra,MODIS,72,6.2,297.6,7.1,N,0
-25.2687,147.5094,321.9,1,1,2014-01-02,1250,Terra,MODIS,84,6.2,298.2,14.5,N,0
-24.983,149.66,308.2,1,1,2014-01-02,1250,Terra,MODIS,44,6.2,295.4,4.5,N,0
-25.2632,147.5505,314.8,1,1,2014-01-02,1250,Terra,MODIS,87,6.2,296.8,10,N,0
-24.8295,147.3644,323.5,1,1,2014-01-02,1250,Terra,MODIS,100,6.2,297.1,18.5,N,0
-25.249,147.5167,309.5,1,1,2014-01-02,1250,Terra,MODIS,69,6.2,296.7,5.5,N,0
-25.2792,147.5006,319.2,1,1,2014-01-02,1250,Terra,MODIS,98,6.2,298.5,11.5,N,0
-24.8464,147.3778,311.9,1,1,2014-01-02,1250,Terra,MODIS,82,6.2,296.8,7.3,N,0
-24.8125,147.351,316.9,1,1,2014-01-02,1250,Terra,MODIS,94,6.2,296.7,11.3,N,0
-25.2448,147.5475,312.4,1,1,2014-01-02,1250,Terra,MODIS,80,6.2,296.6,8,N,0
-25.2573,150.0372,312.6,1,1,2014-01-02,1250,Terra,MODIS,85,6.2,295.7,7.7,N,0
-22.9128,146.3186,314.3,1.1,1,2014-01-02,1250,Terra,MODIS,84,6.2,300.1,8.8,N,0
-24.974,149.6584,306.8,1,1,2014-01-02,1250,Terra,MODIS,56,6.2,295.3,3.8,N,0
-22.9221,146.3201,312,1.1,1,2014-01-02,1250,Terra,MODIS,76,6.2,300.4,7.2,N,0
-25.2462,147.5372,317.1,1,1,2014-01-02,1250,Terra,MODIS,93,6.2,296.6,11.5,N,0
-24.8684,147.4086,324.5,1,1,2014-01-02,1250,Terra,MODIS,100,6.2,296.7,19.4,N,0
-25.2912,147.4815,321.5,1,1,2014-01-02,1250,Terra,MODIS,100,6.2,297.9,13.5,N,0
-24.8789,147.4,308.9,1,1,2014-01-02,1250,Terra,MODIS,70,6.2,296.6,4.6,N,0
-25.3265,147.4824,318,1,1,2014-01-02,1250,Terra,MODIS,95,6.2,297.3,13,N,0
-24.8776,147.4102,312.1,1,1,2014-01-02,1250,Terra,MODIS,83,6.2,296.5,7.2,N,0
-24.9755,149.6483,308.6,1,1,2014-01-02,1250,Terra,MODIS,73,6.2,295.3,5,N,0
-24.8152,147.3304,309.4,1,1,2014-01-02,1250,Terra,MODIS,27,6.2,297.1,4.7,N,0
-25.3308,150.0359,308.3,1,1,2014-01-02,1250,Terra,MODIS,63,6.2,296.2,4.6,N,0
-25.282,147.48,314.7,1,1,2014-01-02,1250,Terra,MODIS,45,6.2,297.7,7.3,N,0
-25.1015,149.1648,325.5,1,1,2014-01-02,1250,Terra,MODIS,100,6.2,296,19.4,N,0
-25.3251,147.4927,316.9,1,1,2014-01-02,1250,Terra,MODIS,92,6.2,297,12,N,0
-24.9725,149.7306,308.2,1,1,2014-01-02,1250,Terra,MODIS,72,6.2,294.9,5.5,N,0
-24.9845,149.65,317.4,1,1,2014-01-02,1250,Terra,MODIS,95,6.2,295.7,11.9,N,0
-25.4947,147.596,308.6,1,1,2014-01-02,1250,Terra,MODIS,40,6.2,297.2,4.6,N,0
-25.3096,147.4844,315.2,1,1,2014-01-02,1250,Terra,MODIS,43,6.2,297.6,9.2,N,0
-25.0777,149.2013,309.2,1,1,2014-01-02,1250,Terra,MODIS,17,6.2,295.2,4.7,N,0
-25.3676,147.5947,316.7,1,1,2014-01-02,1250,Terra,MODIS,92,6.2,297.4,10.5,N,0
-25.2926,147.4711,314.1,1,1,2014-01-02,1250,Terra,MODIS,66,6.2,298.1,7.2,N,0
-25.2834,147.4696,312.4,1,1,2014-01-02,1250,Terra,MODIS,36,6.2,297.9,6.3,N,0
-25.5117,147.6093,311.2,1,1,2014-01-02,1250,Terra,MODIS,64,6.2,297.7,6.7,N,0
-25.2701,147.4991,330.1,1,1,2014-01-02,1250,Terra,MODIS,100,6.2,299,23.9,N,0
-25.32,147.4602,315.4,1,1,2014-01-02,1250,Terra,MODIS,88,6.2,297.8,10.1,N,0
-25.3186,147.4706,316.9,1,1,2014-01-02,1250,Terra,MODIS,92,6.2,298.1,11.3,N,0
-25.3137,147.4534,310.4,1,1,2014-01-02,1250,Terra,MODIS,40,6.2,297.5,5.9,N,0
-24.806,147.3289,327.8,1,1,2014-01-02,1250,Terra,MODIS,100,6.2,297.5,23.3,N,0
-25.3109,147.4741,314.3,1,1,2014-01-02,1250,Terra,MODIS,37,6.2,297.9,8.5,N,0
-24.8372,147.3763,312.4,1,1,2014-01-02,1250,Terra,MODIS,83,6.2,296.3,7.9,N,0
-25.0925,149.1632,314.3,1,1,2014-01-02,1250,Terra,MODIS,77,6.2,295.8,8.3,N,0
-22.3747,148.1807,311.4,1,1,2014-01-02,1250,Terra,MODIS,30,6.2,296.3,5.8,N,0
-24.8528,147.3997,313.2,1,1,2014-01-02,1250,Terra,MODIS,85,6.2,296.3,9,N,0
-24.8217,147.3526,326.3,1,1,2014-01-02,1250,Terra,MODIS,100,6.2,297.7,20.8,N,0
-25.2806,147.4903,328.6,1,1,2014-01-02,1250,Terra,MODIS,100,6.2,298.9,22.2,N,0
-25.2723,147.552,311.6,1,1,2014-01-02,1250,Terra,MODIS,77,6.2,296.2,7.4,N,0
-25.2898,147.4918,313.5,1,1,2014-01-02,1250,Terra,MODIS,78,6.2,297.6,6.8,N,0
-24.7959,147.2638,310,1,1,2014-01-02,1250,Terra,MODIS,41,6.2,296.8,5.1,N,0
-25.2765,147.5212,316.4,1,1,2014-01-02,1250,Terra,MODIS,85,6.2,296.5,9.7,N,0
-24.8698,147.3984,324.6,1,1,2014-01-02,1250,Terra,MODIS,100,6.2,297.2,19.3,N,0
-24.8047,147.3393,334.8,1,1,2014-01-02,1250,Terra,MODIS,100,6.2,298.3,33,N,0
-22.8838,146.3514,309.9,1.1,1,2014-01-02,1250,Terra,MODIS,66,6.2,299.2,6.5,N,0
-24.8386,147.366,313.4,1,1,2014-01-02,1250,Terra,MODIS,86,6.2,296.5,8.5,N,0
-24.845,147.3881,322,1,1,2014-01-02,1250,Terra,MODIS,100,6.2,297.2,17.3,N,0
-21.9892,149.0545,321.4,1,1,2014-01-02,1251,Terra,MODIS,100,6.2,294.7,13.4,N,0
-19.8316,144.306,307.7,1.3,1.1,2014-01-02,1251,Terra,MODIS,69,6.2,291,9.6,N,0
-21.983,149.0333,322.2,1,1,2014-01-02,1251,Terra,MODIS,76,6.2,295.2,17,N,0
-21.9968,149.066,339.7,1,1,2014-01-02,1251,Terra,MODIS,100,6.2,296.9,40.8,N,0
-21.8674,149.1288,308.4,1,1,2014-01-02,1251,Terra,MODIS,67,6.2,293.4,6.9,N,0
-21.1663,140.7231,315.1,2.3,1.5,2014-01-02,1251,Terra,MODIS,62,6.2,301.7,22.7,N,0
-22.0074,149.0579,315.8,1,1,2014-01-02,1251,Terra,MODIS,90,6.2,295.1,11.1,N,0
-21.9953,149.076,314.1,1,1,2014-01-02,1251,Terra,MODIS,86,6.2,295.5,10,N,0
-21.9997,149.0464,324.1,1,1,2014-01-02,1251,Terra,MODIS,100,6.2,295.4,18.7,N,0
-21.8809,149.1008,310.1,1,1,2014-01-02,1251,Terra,MODIS,74,6.2,293.7,7.6,N,0
-21.9983,149.0562,326.4,1,1,2014-01-02,1251,Terra,MODIS,83,6.2,295.4,20.3,N,0
-21.8824,149.0909,307.9,1,1,2014-01-02,1251,Terra,MODIS,47,6.2,293.5,6,N,0
-21.8765,149.1304,313.5,1,1,2014-01-02,1251,Terra,MODIS,73,6.2,294,10.2,N,0
-20.5641,148.3652,303.4,1,1,2014-01-02,1251,Terra,MODIS,46,6.2,293.2,3.9,N,0
-21.1971,140.7206,312.5,2.3,1.5,2014-01-02,1251,Terra,MODIS,19,6.2,301.8,15.7,N,0
-21.9921,149.0349,327,1,1,2014-01-02,1251,Terra,MODIS,98,6.2,295.7,22.2,N,0
-22.0349,149.1237,308,1,1,2014-01-02,1251,Terra,MODIS,62,6.2,294.7,6.1,N,0
-21.9862,149.0744,321,1,1,2014-01-02,1251,Terra,MODIS,94,6.2,295.6,15.8,N,0
-21.9877,149.0645,324.7,1,1,2014-01-02,1251,Terra,MODIS,100,6.2,295.3,18.8,N,0
-22.0422,149.0742,315.3,1,1,2014-01-02,1251,Terra,MODIS,89,6.2,294.6,11.9,N,0
-21.9725,149.0415,321.9,1,1,2014-01-02,1251,Terra,MODIS,98,6.2,295.2,17,N,0
-21.1929,140.7259,315.7,2.3,1.5,2014-01-02,1251,Terra,MODIS,89,6.2,302.1,24.8,N,0
-21.974,149.0317,311.7,1,1,2014-01-02,1251,Terra,MODIS,30,6.2,294.6,8.1,N,0
-21.9816,149.0431,324.3,1,1,2014-01-02,1251,Terra,MODIS,88,6.2,295.3,18.5,N,0
-22.0194,149.0397,311.5,1,1,2014-01-02,1251,Terra,MODIS,52,6.2,294.9,8.1,N,0
-20.8406,148.7962,306.5,1,1,2014-01-02,1251,Terra,MODIS,65,6.2,288.8,6.5,N,0
-21.9907,149.0447,316.9,1,1,2014-01-02,1251,Terra,MODIS,9,6.2,294.9,10.2,N,0
-22.0059,149.0677,326.9,1,1,2014-01-02,1251,Terra,MODIS,100,6.2,296,23.4,N,0
-21.8689,149.1189,304,1,1,2014-01-02,1251,Terra,MODIS,11,6.2,293.3,3.8,N,0
-19.8216,144.3047,309.6,1.3,1.1,2014-01-02,1251,Terra,MODIS,60,6.2,292.6,10.8,N,0
-21.9626,149.0541,306.1,1,1,2014-01-02,1251,Terra,MODIS,55,6.2,293.9,5.1,N,0
-21.9066,149.0544,311.9,1,1,2014-01-02,1251,Terra,MODIS,80,6.2,294,9,N,0
-19.8231,144.2928,317.8,1.3,1.1,2014-01-02,1251,Terra,MODIS,95,6.2,291.8,20.4,N,0
-21.964,149.0443,311.6,1,1,2014-01-02,1251,Terra,MODIS,79,6.2,294.4,9.2,N,0
-21.878,149.1205,317.5,1,1,2014-01-02,1251,Terra,MODIS,94,6.2,294.4,13.4,N,0
-21.896,149.0628,312.3,1,1,2014-01-02,1251,Terra,MODIS,81,6.2,294.2,9.2,N,0
-22.0167,149.1203,310.7,1,1,2014-01-02,1251,Terra,MODIS,53,6.2,294.4,7.3,N,0
-21.8794,149.1107,315.8,1,1,2014-01-02,1251,Terra,MODIS,76,6.2,293.9,11.4,N,0
-18.7065,144.9175,310.7,1.1,1.1,2014-01-02,1252,Terra,MODIS,76,6.2,296.1,7,N,0
-18.7721,144.9378,327,1.1,1.1,2014-01-02,1252,Terra,MODIS,100,6.2,296.8,24.9,N,0
-16.0736,142.5712,316.3,1.4,1.2,2014-01-02,1252,Terra,MODIS,90,6.2,297.7,18.1,N,0
-16.8737,143.9686,309.8,1.2,1.1,2014-01-02,1252,Terra,MODIS,70,6.2,296.6,6.1,N,0
-18.7765,144.934,317.8,1.1,1.1,2014-01-02,1252,Terra,MODIS,96,6.2,296.2,14.5,N,0
-16.0752,142.5578,311.3,1.4,1.2,2014-01-02,1252,Terra,MODIS,59,6.2,297.3,11.4,N,0
-18.6206,145.5013,305.6,1.1,1,2014-01-02,1252,Terra,MODIS,39,6.2,292.9,5.4,N,0
-18.7926,145.0347,309.3,1.1,1.1,2014-01-02,1252,Terra,MODIS,39,6.2,292.4,12.8,N,0
-17.1024,144.1689,311.5,1.2,1.1,2014-01-02,1252,Terra,MODIS,42,6.2,294.3,9.3,N,0
-18.7625,144.9364,327.8,1.1,1.1,2014-01-02,1252,Terra,MODIS,100,6.2,296.7,25.5,N,0
-17.101,144.18,310.6,1.2,1.1,2014-01-02,1252,Terra,MODIS,52,6.2,296.7,7.7,N,0
-16.061,142.5501,309.1,1.4,1.2,2014-01-02,1252,Terra,MODIS,43,6.2,297.2,8.5,N,0
-16.0645,142.5563,307.7,1.4,1.2,2014-01-02,1252,Terra,MODIS,30,6.2,297.4,7.3,N,0
-18.7751,144.9447,311,1.1,1.1,2014-01-02,1252,Terra,MODIS,77,6.2,295.8,7.7,N,0
-18.0273,145.8218,311.3,1,1,2014-01-02,1252,Terra,MODIS,44,6.2,291.9,12.5,N,0
-16.961,143.8476,318.5,1.2,1.1,2014-01-02,1252,Terra,MODIS,97,6.2,296.5,15.8,N,0
-18.7338,144.9323,311.9,1.1,1.1,2014-01-02,1252,Terra,MODIS,21,6.2,295.9,6.5,N,0
-16.0826,142.5861,323.9,1.4,1.2,2014-01-02,1252,Terra,MODIS,100,6.2,297.9,30.8,N,0
-18.6219,145.4912,304.1,1.1,1,2014-01-02,1252,Terra,MODIS,59,6.2,292.9,4.2,N,0
-18.6942,144.9377,320.8,1.1,1.1,2014-01-02,1252,Terra,MODIS,100,6.2,296,17.1,N,0
-18.7079,144.9066,312.3,1.1,1.1,2014-01-02,1252,Terra,MODIS,84,6.2,296.1,8.8,N,0
-16.8752,143.9573,321.5,1.2,1.1,2014-01-02,1252,Terra,MODIS,100,6.2,296.8,19.3,N,0
-18.6955,144.9269,313.1,1.1,1.1,2014-01-02,1252,Terra,MODIS,59,6.2,295.8,8.9,N,0
-18.6576,145.5794,305.9,1.1,1,2014-01-02,1252,Terra,MODIS,41,6.2,289,7.1,N,0
-16.0843,142.5726,310.5,1.4,1.2,2014-01-02,1252,Terra,MODIS,68,6.2,297.3,10.3,N,0
-12.1575,142.5918,307.6,1.3,1.1,2014-01-02,1253,Terra,MODIS,72,6.2,294.7,7.6,N,0
-30.8621,121.4928,303.7,1.3,1.1,2014-01-02,1427,Terra,MODIS,56,6.2,293,7.9,N,2
-17.8552,125.5605,307.9,1.3,1.1,2014-01-02,1430,Terra,MODIS,53,6.2,291.1,7,N,0
-16.0769,142.5711,323,1,1,2014-01-02,1558,Aqua,MODIS,100,6.2,297.2,17.2,N,0
-16.0886,142.5885,312.3,1,1,2014-01-02,1558,Aqua,MODIS,81,6.2,296.8,7.8,N,0
-16.8692,143.9593,308.6,1.1,1.1,2014-01-02,1558,Aqua,MODIS,67,6.2,295.1,5.5,N,0
-16.0818,142.5416,314.2,1,1,2014-01-02,1558,Aqua,MODIS,86,6.2,296.5,9.5,N,0
-16.0832,142.551,342.2,1,1,2014-01-02,1558,Aqua,MODIS,100,6.2,297.8,44.6,N,0
-16.0796,142.5898,311.3,1,1,2014-01-02,1558,Aqua,MODIS,78,6.2,296.8,7,N,0
-16.0547,142.5458,324.5,1,1,2014-01-02,1558,Aqua,MODIS,100,6.2,296.9,18.7,N,0
-16.0741,142.5524,328.7,1,1,2014-01-02,1558,Aqua,MODIS,100,6.2,297.6,24,N,0
-16.0534,142.5364,313.9,1,1,2014-01-02,1558,Aqua,MODIS,85,6.2,296.1,8.8,N,0
-16.0638,142.5444,320.5,1,1,2014-01-02,1558,Aqua,MODIS,100,6.2,296.7,14.7,N,0
-16.0782,142.5805,310.3,1,1,2014-01-02,1558,Aqua,MODIS,74,6.2,296.8,5.9,N,0
-16.034,142.5298,307.1,1,1,2014-01-02,1558,Aqua,MODIS,60,6.2,296.5,4.1,N,0
-16.8787,143.9579,309.2,1.1,1.1,2014-01-02,1558,Aqua,MODIS,73,6.2,295,5.9,N,0
-16.0728,142.543,310.6,1,1,2014-01-02,1558,Aqua,MODIS,75,6.2,296.3,6.6,N,0
-18.0402,146.0238,304.5,1.5,1.2,2014-01-02,1558,Aqua,MODIS,60,6.2,293.4,8.6,N,0
-16.0859,142.5697,327.3,1,1,2014-01-02,1558,Aqua,MODIS,100,6.2,297,22.4,N,0
-16.0354,142.5392,321.3,1,1,2014-01-02,1558,Aqua,MODIS,100,6.2,297.2,15.7,N,0
-16.0651,142.5537,310.9,1,1,2014-01-02,1558,Aqua,MODIS,76,6.2,296.7,6.4,N,0
-16.0444,142.5378,318,1,1,2014-01-02,1558,Aqua,MODIS,95,6.2,296.7,12.5,N,0
-16.0755,142.5617,328.2,1,1,2014-01-02,1558,Aqua,MODIS,100,6.2,297.5,23.1,N,0
-22.901,146.3243,308.7,1.9,1.3,2014-01-02,1559,Aqua,MODIS,69,6.2,297.5,13.2,N,0
-19.8279,144.308,330.8,1.2,1.1,2014-01-02,1559,Aqua,MODIS,100,6.2,295,38,N,0
-19.9268,144.132,307.8,1.2,1.1,2014-01-02,1559,Aqua,MODIS,38,6.2,293.3,7.4,N,0
-21.1833,140.7395,333,1,1,2014-01-02,1559,Aqua,MODIS,100,6.2,303.1,26.7,N,0
-21.2013,140.7365,320,1,1,2014-01-02,1559,Aqua,MODIS,99,6.2,302.6,11.6,N,0
-19.901,144.3217,330.4,1.3,1.1,2014-01-02,1559,Aqua,MODIS,97,6.2,295.2,37,N,0
-19.8364,144.2947,326.9,1.2,1.1,2014-01-02,1559,Aqua,MODIS,100,6.2,292.9,32.1,N,0
-19.8895,144.3113,329,1.3,1.1,2014-01-02,1559,Aqua,MODIS,100,6.2,294.7,35.4,N,0
-19.9253,144.1204,307,1.2,1.1,2014-01-02,1559,Aqua,MODIS,33,6.2,292.8,6.4,N,0
-19.9434,144.261,305.9,1.2,1.1,2014-01-02,1559,Aqua,MODIS,54,6.2,293.6,7,N,0
-21.1923,140.738,332.4,1,1,2014-01-02,1559,Aqua,MODIS,100,6.2,303.3,25.8,N,0
-21.1552,140.7401,316.5,1,1,2014-01-02,1559,Aqua,MODIS,90,6.2,302.1,9.1,N,0
-21.1757,140.7505,318.5,1,1,2014-01-02,1559,Aqua,MODIS,96,6.2,302.6,10.3,N,0
-19.8995,144.3099,319.8,1.3,1.1,2014-01-02,1559,Aqua,MODIS,38,6.2,291.8,19.8,N,0
-19.891,144.3232,327.9,1.3,1.1,2014-01-02,1559,Aqua,MODIS,100,6.2,293.8,33.9,N,0
-21.9958,149.0502,310.3,2.9,1.6,2014-01-02,1559,Aqua,MODIS,78,6.2,291.8,39.1,N,0
-19.8264,144.296,356.5,1.2,1.1,2014-01-02,1559,Aqua,MODIS,100,6.2,296.2,104,N,0
-21.9793,149.0568,303.7,2.9,1.6,2014-01-02,1559,Aqua,MODIS,39,6.2,291.5,20.4,N,0
-21.1847,140.7491,335.5,1,1,2014-01-02,1559,Aqua,MODIS,100,6.2,303.3,30.2,N,0
-19.9109,144.3258,318.4,1.3,1.1,2014-01-02,1559,Aqua,MODIS,90,6.2,292.2,19.6,N,0
-19.911,144.3203,318,1.3,1.1,2014-01-02,1559,Aqua,MODIS,50,6.2,292.9,17.4,N,0
-21.1937,140.7476,318.4,1,1,2014-01-02,1559,Aqua,MODIS,93,6.2,302.7,9.8,N,0
-21.9983,149.0778,315.9,2.9,1.6,2014-01-02,1559,Aqua,MODIS,92,6.2,292.4,59.1,N,0
-19.9126,144.3323,318,1.3,1.1,2014-01-02,1559,Aqua,MODIS,70,6.2,291.8,19.3,N,0
-21.9811,149.0514,304.8,2.9,1.6,2014-01-02,1559,Aqua,MODIS,58,6.2,291.5,23.9,N,0
-19.9125,144.3378,311.2,1.3,1.1,2014-01-02,1559,Aqua,MODIS,82,6.2,292.2,12.9,N,0
-21.9967,149.083,310.3,2.9,1.6,2014-01-02,1559,Aqua,MODIS,63,6.2,292.1,37.2,N,0
-21.1743,140.741,316.5,1,1,2014-01-02,1559,Aqua,MODIS,88,6.2,302.1,8.5,N,0
-19.9094,144.3139,315.4,1.3,1.1,2014-01-02,1559,Aqua,MODIS,20,6.2,292.3,14,N,0
-21.9836,149.0787,302,2.9,1.6,2014-01-02,1559,Aqua,MODIS,28,6.2,291.6,15.9,N,0
-19.9026,144.3338,315.4,1.3,1.1,2014-01-02,1559,Aqua,MODIS,75,6.2,291.5,17,N,0
-21.994,149.0557,313.6,2.9,1.6,2014-01-02,1559,Aqua,MODIS,87,6.2,292,49.2,N,0
-24.862,147.4023,308.1,2.4,1.5,2014-01-02,1600,Aqua,MODIS,28,6.2,293.6,19.4,N,0
-24.8228,147.3666,309.6,2.3,1.5,2014-01-02,1600,Aqua,MODIS,6,6.2,293.6,22,N,0
-24.804,147.3616,309.1,2.3,1.5,2014-01-02,1600,Aqua,MODIS,25,6.2,293.1,22.1,N,0
-24.8174,147.3604,309.5,2.3,1.5,2014-01-02,1600,Aqua,MODIS,19,6.2,294,22.5,N,0
-24.8018,147.3387,310.4,2.3,1.5,2014-01-02,1600,Aqua,MODIS,33,6.2,294.5,23,N,0
-24.8072,147.3454,310.1,2.3,1.5,2014-01-02,1600,Aqua,MODIS,21,6.2,294.3,22.9,N,0
-24.1684,146.1736,314.7,1.9,1.3,2014-01-02,1600,Aqua,MODIS,89,6.2,298.7,24.6,N,0
-24.1703,146.1919,308.6,1.9,1.3,2014-01-02,1600,Aqua,MODIS,48,6.2,298.1,13.3,N,0
-24.5984,147.9155,301.2,2.5,1.5,2014-01-02,1600,Aqua,MODIS,25,6.2,283.4,13.5,N,0
-23.7508,149.0333,305.4,3,1.6,2014-01-02,1600,Aqua,MODIS,36,6.2,290.6,22.7,N,0
-23.7658,149.0326,308,3,1.6,2014-01-02,1600,Aqua,MODIS,72,6.2,291,31.6,N,0
-23.7657,149.0282,308,3,1.6,2014-01-02,1600,Aqua,MODIS,54,6.2,291.2,30.6,N,0
-23.828,149.0509,303.4,3,1.7,2014-01-02,1600,Aqua,MODIS,19,6.2,290.3,17.4,N,0
-23.8305,149.0802,308.8,3,1.7,2014-01-02,1600,Aqua,MODIS,75,6.2,290.5,36.4,N,0
-23.8456,149.0791,305.9,3,1.7,2014-01-02,1600,Aqua,MODIS,26,6.2,290.4,25.9,N,0
-20.5905,116.7808,309.4,1,1,2014-01-02,1738,Aqua,MODIS,77,6.2,298.7,6.3,N,0
-22.7497,150.4574,328.5,2.2,1.4,2014-01-02,2346,Terra,MODIS,52,6.2,300.2,55.9,D,0
-23.7753,149.0053,334.4,2.7,1.6,2014-01-02,2346,Terra,MODIS,80,6.2,301.5,83.5,D,0
-23.7811,149.0346,328.8,2.7,1.6,2014-01-02,2346,Terra,MODIS,71,6.2,301.6,60.2,D,0
-23.7709,149.0306,334.1,2.7,1.6,2014-01-02,2346,Terra,MODIS,80,6.2,301.3,87.4,D,0
-23.7647,149.0007,326.4,2.7,1.6,2014-01-02,2346,Terra,MODIS,47,6.2,301.6,38.9,D,0
-23.8348,148.9851,333.2,2.7,1.6,2014-01-02,2346,Terra,MODIS,76,6.2,302.1,80.5,D,0
-23.8405,149.0137,327.5,2.7,1.6,2014-01-02,2346,Terra,MODIS,56,6.2,300.8,54.2,D,0
-21.8753,149.1298,325.4,2.9,1.6,2014-01-02,2346,Terra,MODIS,44,6.2,302.3,40.7,D,0
-21.884,149.0983,323.8,2.9,1.6,2014-01-02,2346,Terra,MODIS,23,6.2,302.3,33.9,D,0
-22.0148,149.0615,335.9,2.9,1.6,2014-01-02,2346,Terra,MODIS,83,6.2,303.3,96.9,D,0
-22.0006,149.066,338.9,2.9,1.6,2014-01-02,2346,Terra,MODIS,86,6.2,305.6,120.1,D,0
-22.0348,149.078,327.4,2.9,1.6,2014-01-02,2346,Terra,MODIS,46,6.2,303.3,49.2,D,0
-22.0148,149.0543,334.5,2.9,1.6,2014-01-02,2346,Terra,MODIS,78,6.2,303.2,86,D,0
-21.8842,149.1058,325.9,2.9,1.6,2014-01-02,2346,Terra,MODIS,43,6.2,301.9,42,D,0
-21.8751,149.1366,325.3,2.9,1.6,2014-01-02,2346,Terra,MODIS,34,6.2,302.8,38.9,D,0
-25.2618,147.5288,326.3,3.1,1.7,2014-01-02,2347,Terra,MODIS,61,6.2,302.3,63.3,D,0
-25.3407,147.6048,323.9,3.1,1.7,2014-01-02,2347,Terra,MODIS,24,6.2,302.9,38.2,D,0
-25.297,147.4806,327.6,3.2,1.7,2014-01-02,2347,Terra,MODIS,60,6.2,303,63.4,D,0
-24.8613,147.3928,332.7,3.3,1.7,2014-01-02,2347,Terra,MODIS,63,6.2,301.6,101.3,D,0
-25.2915,147.5204,329.1,3.1,1.7,2014-01-02,2347,Terra,MODIS,49,6.2,302,64.8,D,0
-25.265,147.5347,327,3.1,1.7,2014-01-02,2347,Terra,MODIS,61,6.2,302.4,65.8,D,0
-25.2639,150.0537,322.3,2.1,1.4,2014-01-02,2347,Terra,MODIS,49,6.2,301.1,24.3,D,0
-25.285,147.4898,338,3.2,1.7,2014-01-02,2347,Terra,MODIS,83,6.2,302.9,138.7,D,0
-25.2999,147.4857,328.3,3.2,1.7,2014-01-02,2347,Terra,MODIS,60,6.2,302.7,68.6,D,0
-25.2766,147.5246,336.3,3.1,1.7,2014-01-02,2347,Terra,MODIS,81,6.2,302.3,125.5,D,0
-25.2701,147.494,326,3.2,1.7,2014-01-02,2347,Terra,MODIS,30,6.2,302.4,57.9,D,0
-25.3037,147.5112,325.1,3.1,1.7,2014-01-02,2347,Terra,MODIS,25,6.2,301.8,38.5,D,0
-24.846,147.3966,329.4,3.3,1.7,2014-01-02,2347,Terra,MODIS,38,6.2,300.3,80,D,0
-24.8511,147.4024,332.9,3.3,1.7,2014-01-02,2347,Terra,MODIS,56,6.2,300.7,105.2,D,0
-24.8681,147.4247,329.4,3.3,1.7,2014-01-02,2347,Terra,MODIS,53,6.2,300.9,81.9,D,0
-26.2444,150.3354,327.3,1.9,1.3,2014-01-02,2347,Terra,MODIS,66,6.2,303.2,31,D,0
-26.7215,153.0863,328,1.3,1.1,2014-01-02,2347,Terra,MODIS,72,6.2,309.7,18.6,D,0
-26.1032,150.6326,334,1.8,1.3,2014-01-02,2347,Terra,MODIS,79,6.2,303.8,41.6,D,0
-26.9497,152.7408,326.1,1.3,1.1,2014-01-02,2347,Terra,MODIS,53,6.2,306.1,10.2,D,0
-27.5446,153.4571,330.2,1.2,1.1,2014-01-02,2347,Terra,MODIS,48,6.2,302.1,20.6,D,0
-24.6157,147.9055,323.9,3.1,1.7,2014-01-02,2347,Terra,MODIS,59,6.2,300,50.4,D,0
-26.115,150.6299,332.6,1.8,1.3,2014-01-02,2347,Terra,MODIS,77,6.2,303.8,39.3,D,0
-16.5016,144.2115,320.1,4,1.9,2014-01-03,0122,Terra,MODIS,65,6.2,294.3,53.8,D,0
-16.5067,144.2054,322.3,4,1.9,2014-01-03,0122,Terra,MODIS,69,6.2,294.3,68.5,D,0
-14.9758,134.3862,340.5,1,1,2014-01-03,0122,Terra,MODIS,84,6.2,306.2,22.1,D,0
-15.4302,134.4078,331.4,1,1,2014-01-03,0122,Terra,MODIS,55,6.2,304.3,12.6,D,0
-15.4315,134.4171,338.8,1,1,2014-01-03,0122,Terra,MODIS,83,6.2,303.8,23.7,D,0
-19.9056,144.3214,324.8,4.5,1.9,2014-01-03,0123,Terra,MODIS,38,6.2,294.4,107.6,D,0
-18.8086,138.4208,338.3,1.6,1.2,2014-01-03,0123,Terra,MODIS,78,6.2,309.5,41.6,D,0
-18.126,144.2404,335.9,4.2,1.9,2014-01-03,0123,Terra,MODIS,84,6.2,294.2,211.3,D,0
-18.123,144.2459,341.1,4.2,1.9,2014-01-03,0123,Terra,MODIS,89,6.2,294.3,275.4,D,0
-19.9546,144.2748,325.5,4.4,1.9,2014-01-03,0123,Terra,MODIS,48,6.2,297.4,92.6,D,0
-16.8011,143.4518,318.9,3.5,1.8,2014-01-03,0123,Terra,MODIS,57,6.2,294.7,37.6,D,0
-18.8105,138.4357,335.3,1.6,1.2,2014-01-03,0123,Terra,MODIS,71,6.2,309.2,32.6,D,0
-16.7852,143.4535,318,3.5,1.8,2014-01-03,0123,Terra,MODIS,42,6.2,293.4,32.4,D,0
-19.9278,144.1469,331.6,4.3,1.9,2014-01-03,0123,Terra,MODIS,71,6.2,296.8,162.6,D,0
-18.1294,144.2796,320.6,4.2,1.9,2014-01-03,0123,Terra,MODIS,47,6.2,294.8,63.1,D,0
-19.9261,144.1522,329.5,4.3,1.9,2014-01-03,0123,Terra,MODIS,67,6.2,296,136.9,D,0
-18.7807,144.9617,321,4.8,2,2014-01-03,0123,Terra,MODIS,28,6.2,290.6,94,D,0
-18.8106,138.4297,342.3,1.6,1.2,2014-01-03,0123,Terra,MODIS,84,6.2,309.6,54.9,D,0
-19.8881,144.3232,328.4,4.5,1.9,2014-01-03,0123,Terra,MODIS,31,6.2,292.7,141.9,D,0
-18.7787,144.9568,320.8,4.8,2,2014-01-03,0123,Terra,MODIS,37,6.2,290.5,91.1,D,0
-21.1644,140.7364,331.6,2.5,1.5,2014-01-03,0124,Terra,MODIS,38,6.2,308.4,36.8,D,0
-21.1919,140.7331,331.9,2.5,1.5,2014-01-03,0124,Terra,MODIS,43,6.2,310.4,35.6,D,0
-18.9817,128.6492,338.8,1.6,1.3,2014-01-03,0124,Terra,MODIS,81,6.2,310,43.2,D,0
-18.9844,128.6646,331.4,1.6,1.3,2014-01-03,0124,Terra,MODIS,60,6.2,309.1,22.6,D,0
-26.2677,126.7403,327.4,1.6,1.2,2014-01-03,0126,Terra,MODIS,44,6.2,309.2,15.3,D,0
-37.9536,145.069,316.8,1.3,1.1,2014-01-03,0405,Aqua,MODIS,43,6.2,300.2,7.2,D,0
-33.075,150.392,382.4,1.1,1.1,2014-01-03,0406,Aqua,MODIS,100,6.2,305.7,184.1,D,0
-33.092,150.4086,335.7,1.1,1.1,2014-01-03,0406,Aqua,MODIS,80,6.2,302.7,31.9,D,0
-33.0969,150.404,357.5,1.1,1.1,2014-01-03,0406,Aqua,MODIS,98,6.2,302.2,83.7,D,0
-33.073,150.4041,370.8,1.1,1.1,2014-01-03,0406,Aqua,MODIS,100,6.2,303.8,129.8,D,0
-33.069,150.4283,352.6,1.1,1.1,2014-01-03,0406,Aqua,MODIS,95,6.2,302.6,66.5,D,0
-33.0948,150.4164,340.1,1.1,1.1,2014-01-03,0406,Aqua,MODIS,85,6.2,302.8,38.3,D,0
-33.1084,150.3944,346.4,1.1,1.1,2014-01-03,0406,Aqua,MODIS,91,6.2,301.8,55.5,D,0
-33.0845,150.3941,370.7,1.1,1.1,2014-01-03,0406,Aqua,MODIS,100,6.2,305.1,131,D,0
-33.1064,150.4065,332.8,1.1,1.1,2014-01-03,0406,Aqua,MODIS,75,6.2,302.1,26.9,D,0
-33.0865,150.3822,335.8,1.1,1.1,2014-01-03,0406,Aqua,MODIS,80,6.2,301.1,33.3,D,0
-33.0989,150.392,352.2,1.1,1.1,2014-01-03,0406,Aqua,MODIS,95,6.2,300.3,70.8,D,0
-33.1254,150.4111,342.8,1.1,1.1,2014-01-03,0406,Aqua,MODIS,88,6.2,301,46.5,D,0
-33.0669,150.4407,334,1.1,1.1,2014-01-03,0406,Aqua,MODIS,78,6.2,302.9,25.3,D,0
-33.1159,150.4088,328.8,1.1,1.1,2014-01-03,0406,Aqua,MODIS,56,6.2,300.7,20.4,D,0
-33.0825,150.4064,336.4,1.1,1.1,2014-01-03,0406,Aqua,MODIS,81,6.2,302.4,33.2,D,0
-33.071,150.4163,400.1,1.1,1.1,2014-01-03,0406,Aqua,MODIS,100,6.2,307,293.1,D,0
-33.0866,150.4652,324.8,1.1,1.1,2014-01-03,0406,Aqua,MODIS,32,6.2,302.8,10.6,D,0
-33.0945,150.5956,330.4,1.2,1.1,2014-01-03,0406,Aqua,MODIS,70,6.2,304.1,16.7,D,0
-27.5667,153.4251,352.9,2.1,1.4,2014-01-03,0407,Aqua,MODIS,0,6.2,303.3,175.6,D,0
-27.5508,153.4356,396.8,2.2,1.4,2014-01-03,0407,Aqua,MODIS,100,6.2,317.7,0,D,0
-27.5381,153.4323,347.7,2.2,1.4,2014-01-03,0407,Aqua,MODIS,68,6.2,306.6,137.1,D,0
-27.5625,153.4463,432.2,2.2,1.4,2014-01-03,0407,Aqua,MODIS,100,6.2,312.2,0,D,0
-27.5499,153.4427,423,2.2,1.4,2014-01-03,0407,Aqua,MODIS,100,6.2,318.6,0,D,0
-27.5372,153.4393,348.7,2.2,1.4,2014-01-03,0407,Aqua,MODIS,70,6.2,307.1,135.8,D,0
-27.5466,153.4571,375,2.2,1.4,2014-01-03,0407,Aqua,MODIS,100,6.2,308.1,0,D,0
-29.9231,149.8412,377.4,1.2,1.1,2014-01-03,0407,Aqua,MODIS,100,6.2,322.5,143.8,D,0
-29.9251,149.8291,346.2,1.2,1.1,2014-01-03,0407,Aqua,MODIS,88,6.2,324.8,30.1,D,0
-22.7557,150.467,330.6,1.7,1.3,2014-01-03,0408,Aqua,MODIS,44,6.2,304.5,31.5,D,0
-26.2537,150.3445,339.7,1.4,1.2,2014-01-03,0408,Aqua,MODIS,81,6.2,312.4,31.4,D,0
-22.7471,150.4485,340.8,1.7,1.3,2014-01-03,0408,Aqua,MODIS,81,6.2,305.1,62,D,0
-24.3041,146.3371,350.1,1,1,2014-01-03,0408,Aqua,MODIS,70,6.2,316.4,36.1,D,0
-24.0245,149.4996,340.5,1.4,1.2,2014-01-03,0408,Aqua,MODIS,81,6.2,312.1,32.9,D,0
-24.0269,149.4859,338.7,1.4,1.2,2014-01-03,0408,Aqua,MODIS,67,6.2,313.2,25.4,D,0
-24.0292,149.4724,337.2,1.4,1.2,2014-01-03,0408,Aqua,MODIS,51,6.2,312.5,18.8,D,0
-23.9961,149.5007,336,1.4,1.2,2014-01-03,0408,Aqua,MODIS,64,6.2,312.5,17.6,D,0
-23.9984,149.4872,336,1.4,1.2,2014-01-03,0408,Aqua,MODIS,65,6.2,314.7,16.3,D,0
-23.9775,149.4827,338,1.4,1.2,2014-01-03,0408,Aqua,MODIS,76,6.2,313.8,20.7,D,0
-23.967,149.4806,334.2,1.4,1.2,2014-01-03,0408,Aqua,MODIS,46,6.2,313.1,11,D,0
-22.8577,150.3434,338.7,1.7,1.3,2014-01-03,0408,Aqua,MODIS,66,6.2,304.9,50.6,D,0
-22.8463,150.3414,339.1,1.7,1.3,2014-01-03,0408,Aqua,MODIS,67,6.2,306.4,48.3,D,0
-22.8492,150.3253,337.8,1.6,1.3,2014-01-03,0408,Aqua,MODIS,50,6.2,308.3,38.5,D,0
-22.8467,150.3524,335.6,1.7,1.3,2014-01-03,0408,Aqua,MODIS,59,6.2,301.8,37,D,0
-22.8495,150.3365,342.2,1.7,1.3,2014-01-03,0408,Aqua,MODIS,78,6.2,307.6,56.1,D,0
-22.8522,150.3205,334.8,1.6,1.3,2014-01-03,0408,Aqua,MODIS,40,6.2,307.9,24.4,D,0
-25.7256,150.9828,341.7,1.6,1.2,2014-01-03,0408,Aqua,MODIS,83,6.2,305.4,53.9,D,0
-25.7285,150.967,333.2,1.6,1.2,2014-01-03,0408,Aqua,MODIS,53,6.2,306.4,26.6,D,0
-26.2561,150.3302,340.6,1.4,1.2,2014-01-03,0408,Aqua,MODIS,82,6.2,313.8,34.1,D,0
-25.7145,150.9803,329.9,1.6,1.2,2014-01-03,0408,Aqua,MODIS,41,6.2,308.1,16.3,D,0
-24.4713,147.7153,350.5,1.1,1.1,2014-01-03,0408,Aqua,MODIS,92,6.2,317.3,40.7,D,0
-24.3653,147.7455,348.9,1.1,1.1,2014-01-03,0408,Aqua,MODIS,91,6.2,316.5,34,D,0
-26.0678,150.3504,334.8,1.4,1.2,2014-01-03,0408,Aqua,MODIS,66,6.2,311,24.6,D,0
-26.0572,150.348,334.4,1.4,1.2,2014-01-03,0408,Aqua,MODIS,59,6.2,311.8,22.5,D,0
-26.0466,150.3455,338.5,1.4,1.2,2014-01-03,0408,Aqua,MODIS,79,6.2,310.9,31.8,D,0
-26.036,150.343,338.5,1.4,1.2,2014-01-03,0408,Aqua,MODIS,79,6.2,310,31.6,D,0
-26.0385,150.3288,367.8,1.4,1.2,2014-01-03,0408,Aqua,MODIS,100,6.2,313.1,148.7,D,0
-26.0491,150.3313,343.4,1.4,1.2,2014-01-03,0408,Aqua,MODIS,85,6.2,311.4,46.1,D,0
-26.0653,150.3648,333,1.4,1.2,2014-01-03,0408,Aqua,MODIS,57,6.2,309.9,19.9,D,0
-26.0547,150.3623,347.3,1.4,1.2,2014-01-03,0408,Aqua,MODIS,90,6.2,311.5,61.3,D,0
-26.0415,150.3743,346,1.5,1.2,2014-01-03,0408,Aqua,MODIS,88,6.2,311.7,54.8,D,0
-26.0441,150.3598,346,1.4,1.2,2014-01-03,0408,Aqua,MODIS,88,6.2,311.2,55.4,D,0
-26.5225,147.3177,371,1,1,2014-01-03,0408,Aqua,MODIS,74,6.2,317.2,96,D,0
-26.5241,147.3074,341.5,1,1,2014-01-03,0408,Aqua,MODIS,39,6.2,319.6,14.2,D,0
-26.5134,147.3159,416.5,1,1,2014-01-03,0408,Aqua,MODIS,75,6.2,326.2,357.3,D,0
-26.5149,147.3056,370.7,1,1,2014-01-03,0408,Aqua,MODIS,100,6.2,324.2,94.8,D,0
-26.1024,150.6231,372.6,1.5,1.2,2014-01-03,0408,Aqua,MODIS,100,6.2,317.3,179.7,D,0
-26.5296,147.6273,352.2,1.1,1,2014-01-03,0408,Aqua,MODIS,94,6.2,323,38.9,D,0
-24.6172,151.415,333.2,1.8,1.3,2014-01-03,0408,Aqua,MODIS,71,6.2,308,38.3,D,0
-24.614,151.4322,329,1.8,1.3,2014-01-03,0408,Aqua,MODIS,49,6.2,306.4,25.5,D,0
-24.093,149.6329,335.6,1.4,1.2,2014-01-03,0408,Aqua,MODIS,70,6.2,313.5,18.1,D,0
-24.0955,149.6188,335.3,1.4,1.2,2014-01-03,0408,Aqua,MODIS,67,6.2,313.9,17.9,D,0
-24.1049,149.5642,353.5,1.4,1.2,2014-01-03,0408,Aqua,MODIS,95,6.2,312.9,76.1,D,0
-24.0825,149.6307,337.8,1.4,1.2,2014-01-03,0408,Aqua,MODIS,76,6.2,315.3,24,D,0
-24.0849,149.6167,340.2,1.4,1.2,2014-01-03,0408,Aqua,MODIS,80,6.2,315.3,31.2,D,0
-25.1411,153.2347,328.8,2.4,1.5,2014-01-03,0408,Aqua,MODIS,55,6.2,301.4,65.4,D,0
-25.1278,153.2318,343.4,2.4,1.5,2014-01-03,0408,Aqua,MODIS,82,6.2,302.6,137.1,D,0
-25.1146,153.2288,338.2,2.4,1.5,2014-01-03,0408,Aqua,MODIS,81,6.2,302.4,102.1,D,0
-25.1014,153.2253,326.7,2.4,1.5,2014-01-03,0408,Aqua,MODIS,22,6.2,302.7,45,D,0
-26.114,150.6311,342.1,1.5,1.2,2014-01-03,0408,Aqua,MODIS,84,6.2,312.2,38.8,D,0
-24.1339,151.3881,331,1.8,1.3,2014-01-03,0408,Aqua,MODIS,61,6.2,306.5,32.5,D,0
-24.1221,151.3852,346.3,1.8,1.3,2014-01-03,0408,Aqua,MODIS,89,6.2,307,90.2,D,0
-24.1255,151.3673,334.3,1.8,1.3,2014-01-03,0408,Aqua,MODIS,71,6.2,306.8,41.9,D,0
-24.1299,151.3818,350.9,1.8,1.3,2014-01-03,0408,Aqua,MODIS,93,6.2,307.5,113.8,D,0
-24.1181,151.3788,330.7,1.8,1.3,2014-01-03,0408,Aqua,MODIS,57,6.2,306.7,27.7,D,0
-24.2079,146.1812,353.1,1,1,2014-01-03,0408,Aqua,MODIS,84,6.2,319.3,40.3,D,0
-24.1808,146.1763,349.6,1,1,2014-01-03,0408,Aqua,MODIS,68,6.2,296.1,36.2,D,0
-24.1718,146.1747,348.4,1,1,2014-01-03,0408,Aqua,MODIS,44,6.2,296.4,35.4,D,0
-24.1733,146.1648,361,1,1,2014-01-03,0408,Aqua,MODIS,0,6.2,315.5,66.4,D,0
-24.1638,146.1667,351.7,1,1,2014-01-03,0408,Aqua,MODIS,66,6.2,301.2,49.1,D,0
-24.6147,147.9133,345.7,1.1,1.1,2014-01-03,0408,Aqua,MODIS,87,6.2,310.4,37.7,D,0
-24.6165,147.902,332.9,1.1,1.1,2014-01-03,0408,Aqua,MODIS,54,6.2,308.8,12.2,D,0
-24.5941,147.9201,342.3,1.1,1.1,2014-01-03,0408,Aqua,MODIS,75,6.2,308.3,29.3,D,0
-24.5959,147.9087,336.3,1.1,1.1,2014-01-03,0408,Aqua,MODIS,27,6.2,311.8,15.8,D,0
-24.5768,147.9053,338.9,1.1,1.1,2014-01-03,0408,Aqua,MODIS,65,6.2,311.5,20.3,D,0
-24.5655,147.9149,338.2,1.1,1.1,2014-01-03,0408,Aqua,MODIS,53,6.2,311.9,17.9,D,0
-24.5673,147.9036,338.8,1.1,1.1,2014-01-03,0408,Aqua,MODIS,52,6.2,312.3,20.6,D,0
-26.1167,150.6164,339.5,1.5,1.2,2014-01-03,0408,Aqua,MODIS,81,6.2,312.8,31.7,D,0
-24.1073,149.5506,344.2,1.4,1.2,2014-01-03,0408,Aqua,MODIS,86,6.2,311.7,44.1,D,0
-26.1133,150.6254,354.3,1.5,1.2,2014-01-03,0408,Aqua,MODIS,96,6.2,313.7,83.1,D,0
-24.5803,147.8838,339.3,1.1,1.1,2014-01-03,0408,Aqua,MODIS,74,6.2,312.6,20.7,D,0
-24.582,147.8731,338.9,1.1,1.1,2014-01-03,0408,Aqua,MODIS,71,6.2,312.8,20.1,D,0
-24.5895,149.0771,334.5,1.3,1.1,2014-01-03,0408,Aqua,MODIS,64,6.2,301.2,26.4,D,0
-26.105,150.6083,343.8,1.5,1.2,2014-01-03,0408,Aqua,MODIS,86,6.2,314.2,43.2,D,0
-24.4067,147.8156,345.2,1.1,1.1,2014-01-03,0408,Aqua,MODIS,86,6.2,311.1,30.4,D,0
-24.4085,147.8045,359.2,1.1,1.1,2014-01-03,0408,Aqua,MODIS,99,6.2,313.9,66.1,D,0
-24.4008,147.7917,356,1.1,1.1,2014-01-03,0408,Aqua,MODIS,97,6.2,316.1,54.6,D,0
-24.3913,147.7898,347.2,1.1,1.1,2014-01-03,0408,Aqua,MODIS,89,6.2,315,30.6,D,0
-24.3931,147.779,337.8,1.1,1.1,2014-01-03,0408,Aqua,MODIS,59,6.2,315.1,11.2,D,0
-23.8397,149.0172,338,1.3,1.1,2014-01-03,0408,Aqua,MODIS,63,6.2,310.1,30.7,D,0
-23.7804,149.013,336.2,1.3,1.1,2014-01-03,0408,Aqua,MODIS,62,6.2,310.2,20.6,D,0
-23.7681,149.0239,354.9,1.3,1.1,2014-01-03,0408,Aqua,MODIS,96,6.2,309.7,76.4,D,0
-23.7701,149.0115,378.2,1.3,1.1,2014-01-03,0408,Aqua,MODIS,100,6.2,313.5,183.8,D,0
-23.7516,149.0591,338.4,1.3,1.1,2014-01-03,0408,Aqua,MODIS,77,6.2,309.7,28.9,D,0
-23.7579,149.0219,361.2,1.3,1.1,2014-01-03,0408,Aqua,MODIS,100,6.2,310.1,102.4,D,0
-23.7412,149.0583,345.1,1.3,1.1,2014-01-03,0408,Aqua,MODIS,87,6.2,310.8,46.1,D,0
-23.7434,149.0452,334.5,1.3,1.1,2014-01-03,0408,Aqua,MODIS,66,6.2,309.9,19.4,D,0
-23.7456,149.0319,339.1,1.3,1.1,2014-01-03,0408,Aqua,MODIS,78,6.2,309.9,29.3,D,0
-23.7477,149.0196,361.4,1.3,1.1,2014-01-03,0408,Aqua,MODIS,100,6.2,311,102,D,0
-23.8537,149.0593,331.6,1.3,1.1,2014-01-03,0408,Aqua,MODIS,49,6.2,305.1,24.9,D,0
-23.8355,149.0425,338.9,1.3,1.1,2014-01-03,0408,Aqua,MODIS,73,6.2,309.3,31.8,D,0
-23.8274,149.0279,336.6,1.3,1.1,2014-01-03,0408,Aqua,MODIS,58,6.2,310,22.5,D,0
-23.7983,149.075,334.9,1.3,1.1,2014-01-03,0408,Aqua,MODIS,61,6.2,305.4,26.7,D,0
-23.8003,149.0835,330.4,1.3,1.1,2014-01-03,0408,Aqua,MODIS,38,6.2,304.2,18.8,D,0
-23.854,148.9948,345.7,1.3,1.1,2014-01-03,0408,Aqua,MODIS,57,6.2,308.9,43.2,D,0
-23.8419,149.0045,342.2,1.3,1.1,2014-01-03,0408,Aqua,MODIS,65,6.2,310.3,38.4,D,0
-23.8439,148.9926,384.4,1.3,1.1,2014-01-03,0408,Aqua,MODIS,100,6.2,314.6,216.5,D,0
-23.8296,149.0152,346,1.3,1.1,2014-01-03,0408,Aqua,MODIS,88,6.2,312,45.6,D,0
-23.8338,148.99,358.9,1.3,1.1,2014-01-03,0408,Aqua,MODIS,99,6.2,314.7,82,D,0
-23.8357,148.9789,335.6,1.3,1.1,2014-01-03,0408,Aqua,MODIS,37,6.2,312.2,10.5,D,0
-23.8216,149.0004,346.9,1.3,1.1,2014-01-03,0408,Aqua,MODIS,89,6.2,313.7,44.5,D,0
-23.8236,148.9883,386.6,1.3,1.1,2014-01-03,0408,Aqua,MODIS,100,6.2,315.4,228,D,0
-23.8114,148.9985,344.9,1.3,1.1,2014-01-03,0408,Aqua,MODIS,86,6.2,312.8,39.2,D,0
-23.8131,149.0061,339.8,1.3,1.1,2014-01-03,0408,Aqua,MODIS,79,6.2,313.6,26.6,D,0
-23.8152,148.9935,341.1,1.3,1.1,2014-01-03,0408,Aqua,MODIS,81,6.2,313,28.1,D,0
-23.7825,149.0005,338.4,1.3,1.1,2014-01-03,0408,Aqua,MODIS,70,6.2,312.2,22.8,D,0
-25.2589,150.0314,344.3,1.4,1.2,2014-01-03,0408,Aqua,MODIS,87,6.2,308.1,54.6,D,0
-25.2825,150.022,339,1.4,1.2,2014-01-03,0408,Aqua,MODIS,81,6.2,307.2,37.5,D,0
-25.071,149.1989,339.5,1.3,1.1,2014-01-03,0408,Aqua,MODIS,69,6.2,312.9,25.4,D,0
-25.2646,150.0621,337.3,1.4,1.2,2014-01-03,0408,Aqua,MODIS,79,6.2,308.4,32.2,D,0
-25.2671,150.0478,342.3,1.4,1.2,2014-01-03,0408,Aqua,MODIS,85,6.2,309.2,46.8,D,0
-25.0719,149.2067,347,1.3,1.1,2014-01-03,0408,Aqua,MODIS,89,6.2,312.8,47.8,D,0
-25.0996,149.153,340.6,1.3,1.1,2014-01-03,0408,Aqua,MODIS,82,6.2,309.9,28.2,D,0
-25.0954,149.1778,360.6,1.3,1.1,2014-01-03,0408,Aqua,MODIS,100,6.2,313.9,91.2,D,0
-25.0975,149.1653,369.5,1.3,1.1,2014-01-03,0408,Aqua,MODIS,100,6.2,311.5,128.6,D,0
-25.1017,149.1406,339.4,1.3,1.1,2014-01-03,0408,Aqua,MODIS,81,6.2,312,26.9,D,0
-25.081,149.2011,368.2,1.3,1.1,2014-01-03,0408,Aqua,MODIS,100,6.2,314.5,125.8,D,0
-24.9769,149.6476,339,1.4,1.2,2014-01-03,0408,Aqua,MODIS,80,6.2,310,30.4,D,0
-25.1155,149.1823,359.1,1.3,1.1,2014-01-03,0408,Aqua,MODIS,99,6.2,308.8,92.5,D,0
-25.0559,149.1774,335.9,1.3,1.1,2014-01-03,0408,Aqua,MODIS,57,6.2,311.2,19.1,D,0
-25.2954,150.0105,331.1,1.4,1.2,2014-01-03,0408,Aqua,MODIS,35,6.2,307.3,15.3,D,0
-25.3574,147.636,443.7,1.1,1,2014-01-03,0408,Aqua,MODIS,100,6.2,310.5,0,D,0
-24.9735,149.7312,333.4,1.4,1.2,2014-01-03,0408,Aqua,MODIS,63,6.2,308.5,18.9,D,0
-25.1076,149.1674,366.5,1.3,1.1,2014-01-03,0408,Aqua,MODIS,100,6.2,310.3,117.5,D,0
-24.9985,149.7416,332.5,1.4,1.2,2014-01-03,0408,Aqua,MODIS,24,6.2,308.8,16,D,0
-24.9776,149.7376,338.9,1.4,1.2,2014-01-03,0408,Aqua,MODIS,81,6.2,308.7,31.6,D,0
-25.2752,147.5155,346.7,1.1,1,2014-01-03,0408,Aqua,MODIS,48,6.2,299.9,39.6,D,0
-24.822,148.2284,334.4,1.2,1.1,2014-01-03,0408,Aqua,MODIS,66,6.2,312,14.5,D,0
-25.1033,149.1927,358.6,1.3,1.1,2014-01-03,0408,Aqua,MODIS,99,6.2,312,88.2,D,0
-25.2638,150.0036,332.3,1.4,1.2,2014-01-03,0408,Aqua,MODIS,57,6.2,307.4,21,D,0
-25.009,149.7437,335.3,1.4,1.2,2014-01-03,0408,Aqua,MODIS,60,6.2,308,23,D,0
-25.2743,150.0057,334.4,1.4,1.2,2014-01-03,0408,Aqua,MODIS,72,6.2,301.8,24.5,D,0
-24.8028,147.3667,347.5,1.1,1,2014-01-03,0408,Aqua,MODIS,78,6.2,292.2,38.6,D,0
-24.8044,147.3561,438.5,1.1,1,2014-01-03,0408,Aqua,MODIS,94,6.2,319.2,608.2,D,0
-24.7836,148.2207,332.8,1.2,1.1,2014-01-03,0408,Aqua,MODIS,61,6.2,311.1,14.9,D,0
-24.9846,151.4303,333.1,1.8,1.3,2014-01-03,0408,Aqua,MODIS,36,6.2,308.4,31.1,D,0
-24.7951,147.3543,337.6,1.1,1,2014-01-03,0408,Aqua,MODIS,75,6.2,312.4,18.4,D,0
-24.8153,147.3475,348.9,1.1,1,2014-01-03,0408,Aqua,MODIS,91,6.2,305.9,36.2,D,0
-25.2736,147.5262,378.3,1.1,1,2014-01-03,0408,Aqua,MODIS,94,6.2,302.4,140.7,D,0
-25.293,150.0244,334.6,1.4,1.2,2014-01-03,0408,Aqua,MODIS,58,6.2,307.9,26.2,D,0
-24.806,147.3457,385.6,1.1,1,2014-01-03,0408,Aqua,MODIS,100,6.2,317,168.1,D,0
-25.3422,147.6109,367.7,1.1,1,2014-01-03,0408,Aqua,MODIS,97,6.2,284.9,0,D,0
-25.0317,149.198,332.7,1.3,1.1,2014-01-03,0408,Aqua,MODIS,52,6.2,309.5,15.9,D,0
-25.1176,149.1698,359.7,1.3,1.1,2014-01-03,0408,Aqua,MODIS,99,6.2,311,93.1,D,0
-24.86,148.1769,333,1.2,1.1,2014-01-03,0408,Aqua,MODIS,49,6.2,310.9,16.6,D,0
-25.0896,149.151,333.9,1.3,1.1,2014-01-03,0408,Aqua,MODIS,31,6.2,305.4,12.9,D,0
-24.8136,147.358,385.4,1.1,1,2014-01-03,0408,Aqua,MODIS,94,6.2,304.8,168.3,D,0
-24.8076,147.3352,353.3,1.1,1,2014-01-03,0408,Aqua,MODIS,95,6.2,307,45.1,D,0
-25.2643,147.5244,368.6,1.1,1,2014-01-03,0408,Aqua,MODIS,100,6.2,310.5,101.6,D,0
-24.8199,147.354,357.8,1.1,1,2014-01-03,0408,Aqua,MODIS,66,6.2,296.5,48.1,D,0
-25.1266,149.4172,338.7,1.3,1.1,2014-01-03,0408,Aqua,MODIS,81,6.2,311.3,29.4,D,0
-25.3591,147.6252,471,1.1,1,2014-01-03,0408,Aqua,MODIS,100,6.2,335.5,0,D,0
-25.3405,147.6216,377.3,1.1,1,2014-01-03,0408,Aqua,MODIS,100,6.2,299.9,0,D,0
-25.2626,147.5349,356.4,1.1,1,2014-01-03,0408,Aqua,MODIS,30,6.2,312.4,62.2,D,0
-25.3498,147.6234,465.4,1.1,1,2014-01-03,0408,Aqua,MODIS,100,6.2,338.8,0,D,0
-25.3701,147.6163,368.2,1.1,1,2014-01-03,0408,Aqua,MODIS,98,6.2,311.3,0,D,0
-25.1172,149.4219,332.3,1.3,1.1,2014-01-03,0408,Aqua,MODIS,64,6.2,310.1,17.8,D,0
-25.3684,147.627,416.2,1.1,1,2014-01-03,0408,Aqua,MODIS,100,6.2,324.2,0,D,0
-25.0875,149.1633,345.2,1.3,1.1,2014-01-03,0408,Aqua,MODIS,88,6.2,310.2,39.8,D,0
-25.0932,149.1906,359.5,1.3,1.1,2014-01-03,0408,Aqua,MODIS,99,6.2,314.1,88,D,0
-25.0789,149.2138,348.6,1.3,1.1,2014-01-03,0408,Aqua,MODIS,91,6.2,310.8,55.4,D,0
-25.3117,147.5882,344.1,1.1,1,2014-01-03,0408,Aqua,MODIS,0,6.2,291.2,36.4,D,0
-24.7935,147.3651,330.3,1.1,1,2014-01-03,0408,Aqua,MODIS,36,6.2,307.3,7.5,D,0
-25.0253,149.6491,340.7,1.4,1.2,2014-01-03,0408,Aqua,MODIS,83,6.2,309.5,37.7,D,0
-25.308,147.4892,361.4,1.1,1,2014-01-03,0408,Aqua,MODIS,0,6.2,314.7,80.1,D,0
-25.0917,149.1386,335.9,1.3,1.1,2014-01-03,0408,Aqua,MODIS,48,6.2,311.6,17.6,D,0
-25.2801,150.036,332.8,1.4,1.2,2014-01-03,0408,Aqua,MODIS,66,6.2,308.7,23.3,D,0
-25.0661,149.1792,341.2,1.3,1.1,2014-01-03,0408,Aqua,MODIS,83,6.2,312.1,30.4,D,0
-25.0911,149.2033,387.1,1.3,1.1,2014-01-03,0408,Aqua,MODIS,100,6.2,314.2,234.7,D,0
-24.9292,147.3704,373.1,1.1,1,2014-01-03,0408,Aqua,MODIS,93,6.2,316.8,112.9,D,0
-25.0113,149.7301,339.5,1.4,1.2,2014-01-03,0408,Aqua,MODIS,73,6.2,309.7,31.2,D,0
-25.3667,147.6378,396.1,1.1,1,2014-01-03,0408,Aqua,MODIS,100,6.2,309.7,0,D,0
-25.3481,147.6342,384.6,1.1,1,2014-01-03,0408,Aqua,MODIS,100,6.2,301,0,D,0
-25.2427,150.4538,335.2,1.5,1.2,2014-01-03,0408,Aqua,MODIS,75,6.2,308.3,23.9,D,0
-25.2695,150.0337,377.5,1.4,1.2,2014-01-03,0408,Aqua,MODIS,100,6.2,312.1,210,D,0
-25.1055,149.18,418.6,1.3,1.1,2014-01-03,0408,Aqua,MODIS,100,6.2,319.4,520,D,0
-25.2719,150.0197,373.3,1.4,1.2,2014-01-03,0408,Aqua,MODIS,100,6.2,310.9,183.7,D,0
-25.255,147.5225,363.4,1.1,1,2014-01-03,0408,Aqua,MODIS,94,6.2,313.4,83.6,D,0
-25.2565,150.0456,334.4,1.4,1.2,2014-01-03,0408,Aqua,MODIS,74,6.2,307.2,25.8,D,0
-24.9873,149.6496,334.7,1.4,1.2,2014-01-03,0408,Aqua,MODIS,67,6.2,309.3,19.6,D,0
-25.2556,149.9875,329,1.4,1.2,2014-01-03,0408,Aqua,MODIS,40,6.2,306.2,12.9,D,0
-22.9074,146.3224,352.1,1,1,2014-01-03,0409,Aqua,MODIS,94,6.2,318.3,41.4,D,0
-22.9059,146.3325,337.8,1,1,2014-01-03,0409,Aqua,MODIS,59,6.2,314.3,12.7,D,0
-22.0388,149.0658,331.9,1.4,1.2,2014-01-03,0409,Aqua,MODIS,48,6.2,308.8,19.8,D,0
-22.8618,146.3143,341.2,1,1,2014-01-03,0409,Aqua,MODIS,50,6.2,319,14,D,0
-22.02,149.0479,335.3,1.4,1.2,2014-01-03,0409,Aqua,MODIS,70,6.2,305.8,29,D,0
-22.8485,146.3467,346.8,1,1,2014-01-03,0409,Aqua,MODIS,89,6.2,321.7,26.2,D,0
-19.9383,144.1679,333.6,1,1,2014-01-03,0409,Aqua,MODIS,32,6.2,297.6,21.1,D,0
-22.8694,146.326,348.4,1,1,2014-01-03,0409,Aqua,MODIS,86,6.2,319,30.7,D,0
-19.9055,144.2696,344,1,1,2014-01-03,0409,Aqua,MODIS,72,6.2,304.5,29.5,D,0
-22.8587,146.3344,357.2,1,1,2014-01-03,0409,Aqua,MODIS,98,6.2,322.2,48.6,D,0
-19.9397,144.1584,355.3,1,1,2014-01-03,0409,Aqua,MODIS,84,6.2,303.1,63,D,0
-22.8438,146.2531,343.4,1,1,2014-01-03,0409,Aqua,MODIS,78,6.2,319,18.8,D,0
-19.9487,144.1598,347.7,1,1,2014-01-03,0409,Aqua,MODIS,84,6.2,300.7,44.9,D,0
-22.0177,149.0615,348.4,1.4,1.2,2014-01-03,0409,Aqua,MODIS,90,6.2,305.4,67.1,D,0
-19.905,144.3375,380.8,1,1,2014-01-03,0409,Aqua,MODIS,100,6.2,315.3,0,D,0
-19.9531,144.2537,341.4,1,1,2014-01-03,0409,Aqua,MODIS,52,6.2,312.5,26.6,D,0
-22.8469,146.2948,345.2,1,1,2014-01-03,0409,Aqua,MODIS,87,6.2,320.7,22.3,D,0
-22.8709,146.3159,341.4,1,1,2014-01-03,0409,Aqua,MODIS,39,6.2,317.7,17.2,D,0
-22.0282,149.0636,360.1,1.4,1.2,2014-01-03,0409,Aqua,MODIS,100,6.2,308.5,113.1,D,0
-22.8724,146.3059,343.9,1,1,2014-01-03,0409,Aqua,MODIS,80,6.2,317.3,23.8,D,0
-22.0365,149.1144,334.2,1.4,1.2,2014-01-03,0409,Aqua,MODIS,37,6.2,311.2,19.6,D,0
-22.8602,146.3244,347.4,1,1,2014-01-03,0409,Aqua,MODIS,89,6.2,321.5,25.8,D,0
-22.1781,149.4897,349.8,1.5,1.2,2014-01-03,0409,Aqua,MODIS,92,6.2,309,82.9,D,0
-22.1755,149.5041,331.6,1.5,1.2,2014-01-03,0409,Aqua,MODIS,45,6.2,308,28.8,D,0
-22.8408,146.2732,347.7,1,1,2014-01-03,0409,Aqua,MODIS,90,6.2,319.4,28.3,D,0
-19.9231,144.1459,353.9,1,1,2014-01-03,0409,Aqua,MODIS,70,6.2,293.6,60.9,D,0
-19.9576,144.1571,336.7,1,1,2014-01-03,0409,Aqua,MODIS,31,6.2,299.9,15.9,D,0
-19.9321,144.1474,350.7,1,1,2014-01-03,0409,Aqua,MODIS,90,6.2,300.4,51.5,D,0
-22.8393,146.2832,349.6,1,1,2014-01-03,0409,Aqua,MODIS,91,6.2,318.9,31.5,D,0
-22.8815,146.3075,347.3,1,1,2014-01-03,0409,Aqua,MODIS,89,6.2,313.7,32.3,D,0
-22.8423,146.2631,376.9,1,1,2014-01-03,0409,Aqua,MODIS,100,6.2,321.2,115,D,0
-22.8515,146.3266,344.7,1,1,2014-01-03,0409,Aqua,MODIS,86,6.2,322.2,21,D,0
-22.85,146.3366,354.4,1,1,2014-01-03,0409,Aqua,MODIS,95,6.2,322.8,42.4,D,0
-19.9607,144.2647,340.7,1,1,2014-01-03,0409,Aqua,MODIS,81,6.2,312.7,20.2,D,0
-19.9041,144.2791,356.1,1,1,2014-01-03,0409,Aqua,MODIS,0,6.2,299.2,54.3,D,0
-19.9144,144.271,343.5,1,1,2014-01-03,0409,Aqua,MODIS,85,6.2,310,28.1,D,0
-22.3899,148.1822,349.8,1.2,1.1,2014-01-03,0409,Aqua,MODIS,92,6.2,314.8,44.9,D,0
-19.896,144.3361,375.8,1,1,2014-01-03,0409,Aqua,MODIS,100,6.2,305,0,D,0
-22.0297,149.1201,331.2,1.4,1.2,2014-01-03,0409,Aqua,MODIS,16,6.2,309.5,13.7,D,0
-22.9089,146.3124,347,1,1,2014-01-03,0409,Aqua,MODIS,89,6.2,319.7,30.1,D,0
-22.38,148.1802,340.9,1.2,1.1,2014-01-03,0409,Aqua,MODIS,64,6.2,313.4,19.7,D,0
-22.0259,149.0774,342.9,1.4,1.2,2014-01-03,0409,Aqua,MODIS,84,6.2,307.9,47.1,D,0
-22.0341,149.1281,333.4,1.4,1.2,2014-01-03,0409,Aqua,MODIS,42,6.2,310.1,17,D,0
-22.8572,146.3444,343.8,1,1,2014-01-03,0409,Aqua,MODIS,81,6.2,319.3,19,D,0
-19.9139,144.339,367.9,1,1,2014-01-03,0409,Aqua,MODIS,97,6.2,317.8,0,D,0
-19.9307,144.1569,357.3,1,1,2014-01-03,0409,Aqua,MODIS,85,6.2,296.3,67,D,0
-19.9131,144.2805,346.6,1,1,2014-01-03,0409,Aqua,MODIS,83,6.2,310.6,32.1,D,0
-22.0305,149.0501,338.3,1.4,1.2,2014-01-03,0409,Aqua,MODIS,77,6.2,305,37.2,D,0
-19.9063,144.328,391.6,1,1,2014-01-03,0409,Aqua,MODIS,100,6.2,317.3,0,D,0
-19.9504,144.2727,344.9,1,1,2014-01-03,0409,Aqua,MODIS,86,6.2,308.9,30.1,D,0
-22.0095,149.0458,332.1,1.4,1.2,2014-01-03,0409,Aqua,MODIS,48,6.2,307.5,20.5,D,0
-19.9387,144.2903,346.6,1,1,2014-01-03,0409,Aqua,MODIS,83,6.2,311,33.5,D,0
-19.9594,144.2742,336.7,1,1,2014-01-03,0409,Aqua,MODIS,40,6.2,312,13.5,D,0
-22.4077,148.1361,341.1,1.2,1.1,2014-01-03,0409,Aqua,MODIS,77,6.2,313.7,21.8,D,0
-22.8921,146.2375,345.3,1,1,2014-01-03,0409,Aqua,MODIS,56,6.2,318.8,22.8,D,0
-22.8678,146.336,350.9,1,1,2014-01-03,0409,Aqua,MODIS,91,6.2,319.2,35.5,D,0
-19.9518,144.2632,346.2,1,1,2014-01-03,0409,Aqua,MODIS,83,6.2,310.8,32.6,D,0
-22.0072,149.0592,333.2,1.4,1.2,2014-01-03,0409,Aqua,MODIS,52,6.2,304.5,23.5,D,0
-19.9153,144.3295,361.8,1,1,2014-01-03,0409,Aqua,MODIS,91,6.2,316,0,D,0
-17.074,143.6223,332.9,1,1,2014-01-03,0410,Aqua,MODIS,69,6.2,297.9,20.8,D,0
-17.3399,145.3853,342.2,1.1,1,2014-01-03,0410,Aqua,MODIS,85,6.2,309.5,35.8,D,0
-16.8219,143.5162,327.6,1,1,2014-01-03,0410,Aqua,MODIS,48,6.2,299.3,12.9,D,0
-18.6264,145.7567,349.3,1.1,1,2014-01-03,0410,Aqua,MODIS,93,6.2,303,52.5,D,0
-17.3384,145.3949,330.9,1.1,1,2014-01-03,0410,Aqua,MODIS,38,6.2,304.4,18.7,D,0
-16.9606,143.9006,323.9,1,1,2014-01-03,0410,Aqua,MODIS,35,6.2,299.2,11.2,D,0
-18.0427,146.0186,352.8,1.1,1,2014-01-03,0410,Aqua,MODIS,90,6.2,306.3,65.8,D,0
-17.0935,144.1857,337.3,1,1,2014-01-03,0410,Aqua,MODIS,73,6.2,304.4,27.5,D,0
-18.5688,145.6591,337,1.1,1,2014-01-03,0410,Aqua,MODIS,82,6.2,304.5,26,D,0
-16.9951,143.5269,342.5,1,1,2014-01-03,0410,Aqua,MODIS,88,6.2,297.5,36.4,D,0
-18.0296,145.8212,334.8,1.1,1,2014-01-03,0410,Aqua,MODIS,81,6.2,309.1,22.8,D,0
-17.3307,145.3838,378.7,1.1,1,2014-01-03,0410,Aqua,MODIS,100,6.2,309.7,146.7,D,0
-19.3227,146.5212,337.5,1.1,1.1,2014-01-03,0410,Aqua,MODIS,56,6.2,311,22.9,D,0
-18.6356,145.7582,369.5,1.1,1,2014-01-03,0410,Aqua,MODIS,100,6.2,307.3,111.6,D,0
-18.1263,144.2328,342.4,1,1,2014-01-03,0410,Aqua,MODIS,80,6.2,312.2,23.7,D,0
-18.6449,145.5296,333.9,1,1,2014-01-03,0410,Aqua,MODIS,29,6.2,299.6,14.4,D,0
-18.4981,146.1817,329.5,1.1,1,2014-01-03,0410,Aqua,MODIS,27,6.2,306,18.3,D,0
-18.6341,145.7683,357.6,1.1,1,2014-01-03,0410,Aqua,MODIS,98,6.2,305.7,73.7,D,0
-18.5672,145.6691,325.7,1.1,1,2014-01-03,0410,Aqua,MODIS,58,6.2,305,9.8,D,0
-19.3243,146.5106,341.3,1.1,1.1,2014-01-03,0410,Aqua,MODIS,73,6.2,310.4,31.5,D,0
-18.6372,145.7482,340.1,1.1,1,2014-01-03,0410,Aqua,MODIS,84,6.2,300.2,33.8,D,0
-18.6478,145.5099,343.7,1,1,2014-01-03,0410,Aqua,MODIS,60,6.2,312.7,30.3,D,0
-19.3165,146.4981,348.7,1.1,1.1,2014-01-03,0410,Aqua,MODIS,90,6.2,308.4,51.3,D,0
-19.3132,146.5195,352.1,1.1,1.1,2014-01-03,0410,Aqua,MODIS,94,6.2,313.1,57.7,D,0
-17.703,145.4206,328.3,1.1,1,2014-01-03,0410,Aqua,MODIS,60,6.2,307.8,13.2,D,0
-17.3292,145.3935,339.3,1.1,1,2014-01-03,0410,Aqua,MODIS,85,6.2,302.6,34.1,D,0
-17.0627,143.5727,337,1,1,2014-01-03,0410,Aqua,MODIS,83,6.2,303.1,25.3,D,0
-18.697,143.0564,337.9,1,1,2014-01-03,0410,Aqua,MODIS,78,6.2,311.4,17.5,D,0
-19.3149,146.5089,374.9,1.1,1.1,2014-01-03,0410,Aqua,MODIS,100,6.2,313.3,137.9,D,0
-18.6463,145.5198,356.3,1,1,2014-01-03,0410,Aqua,MODIS,94,6.2,311.8,59.9,D,0
-16.6914,143.4043,331.4,1,1,2014-01-03,0410,Aqua,MODIS,59,6.2,304,18.6,D,0
-17.0949,144.1763,339.7,1,1,2014-01-03,0410,Aqua,MODIS,77,6.2,306.5,28.2,D,0
-16.8783,143.9572,337.8,1,1,2014-01-03,0410,Aqua,MODIS,77,6.2,310.1,21.5,D,0
-16.8307,143.5242,339.1,1,1,2014-01-03,0410,Aqua,MODIS,76,6.2,306,25.8,D,0
-18.1339,144.2437,338,1,1,2014-01-03,0410,Aqua,MODIS,67,6.2,311.8,16.1,D,0
-16.9105,143.4793,331.5,1,1,2014-01-03,0410,Aqua,MODIS,40,6.2,303.6,16.2,D,0
-18.6295,145.7366,325.5,1.1,1,2014-01-03,0410,Aqua,MODIS,19,6.2,295.3,12.3,D,0
-18.028,145.8314,330.6,1.1,1,2014-01-03,0410,Aqua,MODIS,75,6.2,308.3,16.8,D,0
-18.1249,144.2422,345.9,1,1,2014-01-03,0410,Aqua,MODIS,81,6.2,313.2,30.6,D,0
-17.1035,144.1844,325.4,1,1,2014-01-03,0410,Aqua,MODIS,49,6.2,298.6,11.9,D,0
-18.1353,144.2343,340.1,1,1,2014-01-03,0410,Aqua,MODIS,83,6.2,313.2,20.3,D,0
-18.0443,146.0083,347.1,1.1,1,2014-01-03,0410,Aqua,MODIS,92,6.2,304.3,50.4,D,0
-18.4887,146.1801,347.9,1.1,1,2014-01-03,0410,Aqua,MODIS,92,6.2,307.3,54.3,D,0
-16.8206,143.5256,336.4,1,1,2014-01-03,0410,Aqua,MODIS,82,6.2,304,24.7,D,0
-18.4809,146.1679,329.5,1.1,1,2014-01-03,0410,Aqua,MODIS,54,6.2,305.3,19.1,D,0
-18.0389,145.8228,337.2,1.1,1,2014-01-03,0410,Aqua,MODIS,81,6.2,308.1,28.8,D,0
-16.765,145.4685,325.7,1.1,1,2014-01-03,0410,Aqua,MODIS,60,6.2,302.5,12.6,D,0
-16.9528,143.5011,335.7,1,1,2014-01-03,0410,Aqua,MODIS,76,6.2,302.2,22.5,D,0
-18.631,145.7266,327.6,1.1,1,2014-01-03,0410,Aqua,MODIS,50,6.2,293.8,15.6,D,0
-18.0374,145.833,337.6,1.1,1,2014-01-03,0410,Aqua,MODIS,82,6.2,305.9,29.6,D,0
-14.5267,143.8657,331.9,1,1,2014-01-03,0411,Aqua,MODIS,12,6.2,309.7,13.2,D,0
-14.7367,144.9326,334.9,1.1,1,2014-01-03,0411,Aqua,MODIS,82,6.2,303.9,22.5,D,0
-14.7445,144.944,328.2,1.1,1,2014-01-03,0411,Aqua,MODIS,35,6.2,302.7,13.1,D,0
-15.779,143.3539,339.1,1,1,2014-01-03,0411,Aqua,MODIS,85,6.2,304.8,25.5,D,0
-15.4707,134.3674,332.4,3.4,1.7,2014-01-03,0411,Aqua,MODIS,80,6.2,294.9,85,D,0
-15.788,143.3553,337.4,1,1,2014-01-03,0411,Aqua,MODIS,84,6.2,304.3,22.9,D,0
-16.1045,142.6117,338.1,1,1,2014-01-03,0411,Aqua,MODIS,64,6.2,305.5,25.8,D,0
-15.4673,134.3989,325.6,3.4,1.7,2014-01-03,0411,Aqua,MODIS,42,6.2,295.8,38,D,0
-16.0541,142.5067,334.8,1,1,2014-01-03,0411,Aqua,MODIS,58,6.2,304.2,18.2,D,0
-14.7352,144.9425,337.8,1.1,1,2014-01-03,0411,Aqua,MODIS,74,6.2,302.5,27.8,D,0
-16.0632,142.5081,341.6,1,1,2014-01-03,0411,Aqua,MODIS,87,6.2,307.4,29.2,D,0
-15.4805,134.3731,335.6,3.4,1.7,2014-01-03,0411,Aqua,MODIS,83,6.2,293.8,117.3,D,0
-30.8679,121.4857,337.5,1,1,2014-01-03,0545,Aqua,MODIS,82,6.2,309.3,26,D,0
-29.9521,118.1583,343.7,1.3,1.1,2014-01-03,0546,Aqua,MODIS,86,6.2,316.3,46.3,D,0
-29.9433,118.1427,331.1,1.3,1.1,2014-01-03,0546,Aqua,MODIS,41,6.2,310.3,16.8,D,0
-29.9537,118.1442,363.3,1.3,1.1,2014-01-03,0546,Aqua,MODIS,100,6.2,318.4,116,D,0
-21.9106,115.4842,352.6,1.5,1.2,2014-01-03,0548,Aqua,MODIS,89,6.2,319.1,72.5,D,0
-33.0848,150.3944,338.5,3.2,1.7,2014-01-03,1330,Terra,MODIS,100,6.2,292.1,218.9,N,0
-33.0699,150.3893,308,3.2,1.7,2014-01-03,1330,Terra,MODIS,73,6.2,291,40.7,N,0
-33.0663,150.4196,304.7,3.2,1.7,2014-01-03,1330,Terra,MODIS,61,6.2,291,31.3,N,0
-33.089,150.3907,337.7,3.2,1.7,2014-01-03,1330,Terra,MODIS,100,6.2,292.1,212,N,0
-33.0619,150.4232,302.5,3.2,1.7,2014-01-03,1330,Terra,MODIS,31,6.2,290.8,22.7,N,0
-33.0924,150.3621,305.8,3.2,1.7,2014-01-03,1330,Terra,MODIS,35,6.2,290.6,30.9,N,0
-33.074,150.3858,305.6,3.2,1.7,2014-01-03,1330,Terra,MODIS,65,6.2,290.8,34,N,0
-30.2564,149.5056,316.2,3.3,1.7,2014-01-03,1331,Terra,MODIS,91,6.2,301.5,56.7,N,0
-30.264,149.5443,325.3,3.3,1.7,2014-01-03,1331,Terra,MODIS,100,6.2,303.1,109.4,N,0
-30.2662,149.5137,318.9,3.3,1.7,2014-01-03,1331,Terra,MODIS,97,6.2,302.5,68,N,0
-30.2583,149.5477,334.6,3.3,1.7,2014-01-03,1331,Terra,MODIS,100,6.2,303.5,174.6,N,0
-30.2487,149.5396,332,3.3,1.7,2014-01-03,1331,Terra,MODIS,100,6.2,302.7,156.7,N,0
-30.4431,136.8574,309.3,1.1,1.1,2014-01-03,1332,Terra,MODIS,77,6.2,293.7,10.8,N,0
-25.3877,147.6183,325.6,3.2,1.7,2014-01-03,1332,Terra,MODIS,59,6.2,297,121.5,N,0
-25.3919,147.6127,322,3.2,1.7,2014-01-03,1332,Terra,MODIS,0,6.2,297,100.2,N,0
-25.4221,147.621,318.5,3.2,1.7,2014-01-03,1332,Terra,MODIS,30,6.2,297.2,81.6,N,0
-25.3769,147.608,320.2,3.2,1.7,2014-01-03,1332,Terra,MODIS,0,6.2,295.7,87.2,N,0
-25.515,147.62,311.7,3.2,1.7,2014-01-03,1332,Terra,MODIS,77,6.2,291.7,61.6,N,0
-25.511,147.6242,313.4,3.2,1.7,2014-01-03,1332,Terra,MODIS,85,6.2,290.2,69.4,N,0
-25.4179,147.6264,323.1,3.2,1.7,2014-01-03,1332,Terra,MODIS,78,6.2,297.2,108.6,N,0
-26.5055,147.3137,314.3,2.9,1.6,2014-01-03,1332,Terra,MODIS,84,6.2,295.1,47.3,N,0
-26.5056,147.3083,311.9,2.9,1.6,2014-01-03,1332,Terra,MODIS,76,6.2,294.7,38.2,N,0
-25.6058,140.1895,316.4,1.1,1,2014-01-03,1333,Terra,MODIS,91,6.2,300.4,11.7,N,0
-25.6075,140.1787,329.9,1.1,1,2014-01-03,1333,Terra,MODIS,100,6.2,301.4,28,N,0
-25.5964,140.1877,311.4,1.1,1,2014-01-03,1333,Terra,MODIS,77,6.2,300.2,6.8,N,0
-25.5981,140.1768,341.8,1.1,1,2014-01-03,1333,Terra,MODIS,100,6.2,301.5,48.1,N,0
-25.5888,140.175,311.1,1.1,1,2014-01-03,1333,Terra,MODIS,76,6.2,300.4,6.3,N,0
-24.8105,147.3566,306.3,3.2,1.7,2014-01-03,1333,Terra,MODIS,28,6.2,288.4,26.1,N,0
-24.8189,147.3914,312.2,3.2,1.7,2014-01-03,1333,Terra,MODIS,68,6.2,293.8,46.6,N,0
-22.4041,148.1015,319.1,4.1,1.9,2014-01-03,1333,Terra,MODIS,79,6.2,287.2,129.2,N,0
-24.8038,147.3875,313.6,3.2,1.7,2014-01-03,1333,Terra,MODIS,87,6.2,294.1,54.9,N,0
-24.8232,147.3868,310.8,3.2,1.7,2014-01-03,1333,Terra,MODIS,65,6.2,292.7,41.7,N,0
-22.4071,148.1074,325.8,4.1,1.9,2014-01-03,1333,Terra,MODIS,99,6.2,287.7,177.2,N,0
-24.8081,147.3829,317.5,3.2,1.7,2014-01-03,1333,Terra,MODIS,95,6.2,293.5,76,N,0
-18.6794,144.9348,310.2,2.9,1.6,2014-01-03,1334,Terra,MODIS,77,6.2,293,35.6,N,0
-21.1509,140.7387,328.8,1.3,1.1,2014-01-03,1334,Terra,MODIS,100,6.2,302.6,31.7,N,0
-18.6992,144.9107,305.5,2.9,1.6,2014-01-03,1334,Terra,MODIS,16,6.2,292.9,21.8,N,0
-21.159,140.7537,334.6,1.3,1.1,2014-01-03,1334,Terra,MODIS,100,6.2,303.8,42.7,N,0
-21.1593,140.7335,318.3,1.3,1.1,2014-01-03,1334,Terra,MODIS,96,6.2,302.3,13.5,N,0
-21.1611,140.7408,334,1.3,1.1,2014-01-03,1334,Terra,MODIS,100,6.2,304.1,41.1,N,0
-21.1571,140.7464,363.5,1.3,1.1,2014-01-03,1334,Terra,MODIS,100,6.2,305.8,135.8,N,0
-20.7301,139.476,313.9,1.2,1.1,2014-01-03,1334,Terra,MODIS,80,6.2,301,8.5,N,2
-18.694,144.9379,306,2.9,1.6,2014-01-03,1334,Terra,MODIS,22,6.2,293,23.6,N,0
-18.626,145.7611,302,3.4,1.7,2014-01-03,1334,Terra,MODIS,46,6.2,291.3,23.3,N,0
-21.1487,140.7517,322.1,1.3,1.1,2014-01-03,1334,Terra,MODIS,100,6.2,302.5,20,N,0
-20.7397,139.4778,313,1.2,1.1,2014-01-03,1334,Terra,MODIS,77,6.2,300.9,7.7,N,2
-18.6741,144.9571,308.3,3,1.6,2014-01-03,1334,Terra,MODIS,25,6.2,293.3,28.2,N,0
-17.0589,143.6776,310.7,2.6,1.5,2014-01-03,1335,Terra,MODIS,64,6.2,284.9,35.4,N,0
-17.0537,143.671,307.3,2.6,1.5,2014-01-03,1335,Terra,MODIS,21,6.2,283.1,27.1,N,0
-18.6234,137.7341,307.2,1,1,2014-01-03,1335,Terra,MODIS,53,6.2,286.9,5.1,N,0
-24.1054,149.5636,315.3,1.5,1.2,2014-01-03,1504,Aqua,MODIS,91,6.2,296.7,18.5,N,0
-21.2531,145.8116,308.5,3.1,1.7,2014-01-03,1504,Aqua,MODIS,75,6.2,294.5,30.5,N,0
-21.2383,145.8151,310.1,3.1,1.7,2014-01-03,1504,Aqua,MODIS,79,6.2,294.7,35.3,N,0
-21.2388,145.8199,308.1,3.1,1.7,2014-01-03,1504,Aqua,MODIS,74,6.2,294.8,27.7,N,0
-25.3093,147.6747,311.9,1.9,1.3,2014-01-03,1505,Aqua,MODIS,84,6.2,297,19,N,0
-25.4027,147.6831,328,1.8,1.3,2014-01-03,1505,Aqua,MODIS,100,6.2,299,55.7,N,0
-27.5948,153.4532,320.8,1,1,2014-01-03,1505,Aqua,MODIS,70,6.2,296.1,13.9,N,0
-25.3909,147.6861,339.7,1.8,1.3,2014-01-03,1505,Aqua,MODIS,100,6.2,300.5,96.3,N,0
-25.3178,147.6536,329.2,1.9,1.3,2014-01-03,1505,Aqua,MODIS,100,6.2,298.8,57.5,N,0
-27.6364,153.4288,341.3,1,1,2014-01-03,1505,Aqua,MODIS,100,6.2,299.6,41.9,N,0
-25.3738,147.6213,314,1.9,1.3,2014-01-03,1505,Aqua,MODIS,88,6.2,297.9,19.7,N,0
-25.35,147.6267,315.6,1.9,1.3,2014-01-03,1505,Aqua,MODIS,47,6.2,297.7,21.1,N,0
-25.4161,147.6233,311.2,1.9,1.3,2014-01-03,1505,Aqua,MODIS,82,6.2,298.1,15.2,N,0
-25.4315,147.6389,340.1,1.9,1.3,2014-01-03,1505,Aqua,MODIS,100,6.2,299.1,98.4,N,0
-25.4111,147.6625,310.5,1.9,1.3,2014-01-03,1505,Aqua,MODIS,80,6.2,297.9,13.8,N,0
-25.2526,147.5393,317.7,1.9,1.3,2014-01-03,1505,Aqua,MODIS,95,6.2,297.6,29.4,N,0
-25.4077,147.6445,318.8,1.9,1.3,2014-01-03,1505,Aqua,MODIS,97,6.2,298.5,29.1,N,0
-25.3566,147.6371,315.5,1.9,1.3,2014-01-03,1505,Aqua,MODIS,73,6.2,297.8,21.7,N,0
-27.6379,153.4389,333.2,1,1,2014-01-03,1505,Aqua,MODIS,100,6.2,298.4,29.4,N,0
-25.3839,147.6757,331.1,1.9,1.3,2014-01-03,1505,Aqua,MODIS,100,6.2,299.4,62.7,N,0
-25.3873,147.6678,328.1,1.9,1.3,2014-01-03,1505,Aqua,MODIS,100,6.2,298.9,55,N,0
-25.3771,147.6392,321.9,1.9,1.3,2014-01-03,1505,Aqua,MODIS,100,6.2,298.7,34.4,N,0
-25.4997,147.6359,319.4,1.9,1.3,2014-01-03,1505,Aqua,MODIS,98,6.2,298.5,32.2,N,0
-25.5082,147.6151,308.1,1.9,1.3,2014-01-03,1505,Aqua,MODIS,66,6.2,297.9,10.5,N,0
-25.2691,147.5298,310.7,1.9,1.3,2014-01-03,1505,Aqua,MODIS,46,6.2,297.2,13.7,N,0
-25.2905,147.6412,313.6,1.9,1.3,2014-01-03,1505,Aqua,MODIS,87,6.2,297.1,23.1,N,0
-25.3687,147.6603,312.6,1.9,1.3,2014-01-03,1505,Aqua,MODIS,34,6.2,298,16.1,N,0
-25.3653,147.642,317.1,1.9,1.3,2014-01-03,1505,Aqua,MODIS,78,6.2,298.1,24.6,N,0
-25.3296,147.6507,316.6,1.9,1.3,2014-01-03,1505,Aqua,MODIS,73,6.2,298.1,24.6,N,0
-27.5814,153.4245,319.8,1,1,2014-01-03,1505,Aqua,MODIS,47,6.2,296.8,12.2,N,0
-27.6309,153.4467,322.7,1,1,2014-01-03,1505,Aqua,MODIS,98,6.2,297.4,14.5,N,0
-25.3143,147.6353,322.6,1.9,1.3,2014-01-03,1505,Aqua,MODIS,100,6.2,298.2,39.7,N,0
-25.2451,147.5355,308.8,1.9,1.3,2014-01-03,1505,Aqua,MODIS,38,6.2,297.1,11.9,N,0
-25.3602,147.6813,309,1.9,1.3,2014-01-03,1505,Aqua,MODIS,74,6.2,297.9,12.2,N,0
-25.3923,147.6288,319.2,1.9,1.3,2014-01-03,1505,Aqua,MODIS,98,6.2,298.4,30.4,N,0
-27.6454,153.4271,356.4,1,1,2014-01-03,1505,Aqua,MODIS,100,6.2,298.8,73.7,N,0
-25.4042,147.6262,313.6,1.9,1.3,2014-01-03,1505,Aqua,MODIS,87,6.2,298.2,19.3,N,0
-27.6129,153.45,318.6,1,1,2014-01-03,1505,Aqua,MODIS,50,6.2,296.5,11.9,N,0
-25.372,147.6785,320.3,1.9,1.3,2014-01-03,1505,Aqua,MODIS,100,6.2,298.5,34.1,N,0
-27.5768,153.4565,326.6,1,1,2014-01-03,1505,Aqua,MODIS,100,6.2,296.7,19,N,0
-25.423,147.6598,340.8,1.9,1.3,2014-01-03,1505,Aqua,MODIS,100,6.2,300.6,100.7,N,0
-25.338,147.6294,313,1.9,1.3,2014-01-03,1505,Aqua,MODIS,25,6.2,297.7,17,N,0
-27.5783,153.4666,320.9,1,1,2014-01-03,1505,Aqua,MODIS,72,6.2,296.5,13.5,N,0
-25.4349,147.6571,340.5,1.9,1.3,2014-01-03,1505,Aqua,MODIS,100,6.2,299.7,99.8,N,0
-25.2571,147.5329,316,1.9,1.3,2014-01-03,1505,Aqua,MODIS,92,6.2,297.5,24.4,N,0
-25.3059,147.6567,330.8,1.9,1.3,2014-01-03,1505,Aqua,MODIS,100,6.2,298.6,65.3,N,0
-25.3992,147.6651,315,1.9,1.3,2014-01-03,1505,Aqua,MODIS,90,6.2,298,23.1,N,0
-25.3873,147.694,312.4,1.8,1.3,2014-01-03,1505,Aqua,MODIS,57,6.2,298.2,17.2,N,0
-25.3804,147.6317,325.3,1.9,1.3,2014-01-03,1505,Aqua,MODIS,100,6.2,298.9,46.7,N,0
-25.3601,147.6553,311.6,1.9,1.3,2014-01-03,1505,Aqua,MODIS,41,6.2,297.8,14.6,N,0
-25.3755,147.6706,321.5,1.9,1.3,2014-01-03,1505,Aqua,MODIS,100,6.2,298.6,36.1,N,0
-27.6469,153.4373,327.9,1,1,2014-01-03,1505,Aqua,MODIS,100,6.2,297.5,23.4,N,0
-25.3685,147.6343,321.9,1.9,1.3,2014-01-03,1505,Aqua,MODIS,100,6.2,298.5,34.8,N,0
-25.3212,147.672,328.2,1.9,1.3,2014-01-03,1505,Aqua,MODIS,100,6.2,298.6,57.3,N,0
-25.3636,147.6734,311.2,1.9,1.3,2014-01-03,1505,Aqua,MODIS,61,6.2,298.2,15,N,0
-25.372,147.6525,312.2,1.9,1.3,2014-01-03,1505,Aqua,MODIS,45,6.2,298,15.4,N,0
-25.4196,147.6418,358.2,1.9,1.3,2014-01-03,1505,Aqua,MODIS,100,6.2,302.2,190.8,N,0
-25.3619,147.624,316.8,1.9,1.3,2014-01-03,1505,Aqua,MODIS,85,6.2,297.9,24.4,N,0
-25.2989,147.62,326.7,1.9,1.3,2014-01-03,1505,Aqua,MODIS,100,6.2,298,51,N,0
-25.3888,147.6107,313.6,1.9,1.3,2014-01-03,1505,Aqua,MODIS,87,6.2,298.1,19.5,N,0
-25.2954,147.6016,321.6,1.9,1.3,2014-01-03,1505,Aqua,MODIS,100,6.2,297.4,38.2,N,0
-24.9585,149.6775,307.5,1.4,1.2,2014-01-03,1505,Aqua,MODIS,28,6.2,296.2,8.4,N,0
-25.2646,147.5363,315.4,1.9,1.3,2014-01-03,1505,Aqua,MODIS,91,6.2,297.5,23.3,N,0
-25.3534,147.6449,312.9,1.9,1.3,2014-01-03,1505,Aqua,MODIS,19,6.2,297.7,16.3,N,0
-25.3791,147.6891,315.5,1.8,1.3,2014-01-03,1505,Aqua,MODIS,91,6.2,298.4,23.6,N,0
-25.3331,147.669,319.9,1.9,1.3,2014-01-03,1505,Aqua,MODIS,99,6.2,298.1,33.6,N,0
-25.4963,147.6178,312.3,1.9,1.3,2014-01-03,1505,Aqua,MODIS,85,6.2,298.2,17.7,N,0
-25.3108,147.617,321.4,1.9,1.3,2014-01-03,1505,Aqua,MODIS,85,6.2,297.7,34.1,N,0
-27.6484,153.4474,309.1,1,1,2014-01-03,1505,Aqua,MODIS,63,6.2,296.2,5.8,N,0
-25.3073,147.5988,317.7,1.9,1.3,2014-01-03,1505,Aqua,MODIS,81,6.2,297.5,27.3,N,0
-24.819,147.4055,315.5,2,1.4,2014-01-03,1505,Aqua,MODIS,25,6.2,294.6,34,N,0
-25.3024,147.6383,337.2,1.9,1.3,2014-01-03,1505,Aqua,MODIS,100,6.2,299,87.5,N,0
-25.3483,147.6842,315.4,1.9,1.3,2014-01-03,1505,Aqua,MODIS,91,6.2,297.9,23.3,N,0
-25.3568,147.6632,313.1,1.9,1.3,2014-01-03,1505,Aqua,MODIS,64,6.2,298,18.2,N,0
-25.365,147.6164,311.7,1.9,1.3,2014-01-03,1505,Aqua,MODIS,76,6.2,297.5,15.4,N,0
-25.5116,147.6331,323.2,1.9,1.3,2014-01-03,1505,Aqua,MODIS,100,6.2,299,42.1,N,0
-25.515,147.6513,314,1.8,1.3,2014-01-03,1505,Aqua,MODIS,88,6.2,298.5,21.1,N,0
-25.3839,147.6496,310.9,1.9,1.3,2014-01-03,1505,Aqua,MODIS,59,6.2,298.2,13.5,N,0
-27.628,153.4265,315.2,1,1,2014-01-03,1505,Aqua,MODIS,19,6.2,296.9,9.1,N,0
-25.3449,147.6662,324.5,1.9,1.3,2014-01-03,1505,Aqua,MODIS,100,6.2,298.5,43.7,N,0
-25.3531,147.6191,312.9,1.9,1.3,2014-01-03,1505,Aqua,MODIS,36,6.2,297.5,16.5,N,0
-27.6393,153.449,326,1,1,2014-01-03,1505,Aqua,MODIS,100,6.2,298,20,N,0
-26.5091,147.3289,313.6,1.9,1.3,2014-01-03,1505,Aqua,MODIS,84,6.2,296.1,24.2,N,0
-26.5027,147.3249,312.9,1.9,1.3,2014-01-03,1505,Aqua,MODIS,82,6.2,295.6,22.7,N,0
-27.4981,153.4246,308.5,1,1,2014-01-03,1505,Aqua,MODIS,62,6.2,295.6,5.5,N,0
-27.4996,153.4347,366.7,1,1,2014-01-03,1505,Aqua,MODIS,100,6.2,298.2,103,N,0
-27.5086,153.433,322.2,1,1,2014-01-03,1505,Aqua,MODIS,100,6.2,296.6,16.3,N,0
-27.5162,153.4213,331.4,1,1,2014-01-03,1505,Aqua,MODIS,100,6.2,297.2,26.7,N,0
-27.5176,153.4314,339.7,1,1,2014-01-03,1505,Aqua,MODIS,100,6.2,298,39.4,N,0
-27.5252,153.4197,307.6,1,1,2014-01-03,1505,Aqua,MODIS,54,6.2,296.2,5,N,0
-27.5544,153.4294,312.5,1,1,2014-01-03,1505,Aqua,MODIS,47,6.2,296.2,7.9,N,0
-27.5634,153.4277,310.6,1,1,2014-01-03,1505,Aqua,MODIS,70,6.2,296.3,6.5,N,0
-27.5011,153.4448,350.8,1,1,2014-01-03,1505,Aqua,MODIS,100,6.2,298,61.4,N,0
-27.5026,153.4549,311,1,1,2014-01-03,1505,Aqua,MODIS,58,6.2,295.5,7.3,N,0
-27.5055,153.4751,308.7,1,1,2014-01-03,1505,Aqua,MODIS,73,6.2,295.6,6.7,N,0
-29.3801,152.2764,313.6,1,1,2014-01-03,1506,Aqua,MODIS,85,6.2,297.6,8.5,N,0
-29.3957,152.257,324.1,1,1,2014-01-03,1506,Aqua,MODIS,100,6.2,297.8,18.9,N,0
-29.3988,152.2778,312.3,1,1,2014-01-03,1506,Aqua,MODIS,81,6.2,297.2,8.2,N,0
-29.3876,152.2643,367.3,1,1,2014-01-03,1506,Aqua,MODIS,100,6.2,303,104.3,N,0
-29.3891,152.2746,353,1,1,2014-01-03,1506,Aqua,MODIS,100,6.2,301.3,65.5,N,0
-29.3907,152.285,308.1,1,1,2014-01-03,1506,Aqua,MODIS,56,6.2,296.6,4.6,N,0
-29.3972,152.2674,350.9,1,1,2014-01-03,1506,Aqua,MODIS,100,6.2,301.8,61.6,N,0
-30.2712,149.5557,327.3,1.2,1.1,2014-01-03,1506,Aqua,MODIS,100,6.2,302,27.7,N,0
-30.2459,149.5418,333.2,1.2,1.1,2014-01-03,1506,Aqua,MODIS,100,6.2,302.8,38,N,0
-30.248,149.554,314,1.2,1.1,2014-01-03,1506,Aqua,MODIS,86,6.2,301.3,11.5,N,0
-30.2476,149.5357,328.5,1.2,1.1,2014-01-03,1506,Aqua,MODIS,100,6.2,302.3,30,N,0
-30.2497,149.5479,330.2,1.2,1.1,2014-01-03,1506,Aqua,MODIS,100,6.2,303.8,31.7,N,0
-30.2518,149.56,316.1,1.2,1.1,2014-01-03,1506,Aqua,MODIS,91,6.2,301.2,12.8,N,0
-30.2552,149.5214,325.2,1.2,1.1,2014-01-03,1506,Aqua,MODIS,100,6.2,301.2,25.1,N,0
-30.2573,149.5336,332.4,1.2,1.1,2014-01-03,1506,Aqua,MODIS,100,6.2,303.7,36.2,N,0
-30.2594,149.5457,336.8,1.2,1.1,2014-01-03,1506,Aqua,MODIS,100,6.2,304.7,43.6,N,0
-30.2615,149.5579,344,1.2,1.1,2014-01-03,1506,Aqua,MODIS,100,6.2,303.7,58.9,N,0
-30.2636,149.57,311.4,1.2,1.1,2014-01-03,1506,Aqua,MODIS,78,6.2,300.8,8.2,N,0
-33.0832,150.4708,305,1,1,2014-01-03,1507,Aqua,MODIS,62,6.2,292.3,5.9,N,0
-34.4574,150.8845,309.6,1,1,2014-01-03,1507,Aqua,MODIS,78,6.2,293.4,9.8,N,2
-33.091,150.4011,322.9,1,1,2014-01-03,1507,Aqua,MODIS,72,6.2,294.3,18.5,N,0
-33.0674,150.4131,321,1,1,2014-01-03,1507,Aqua,MODIS,49,6.2,293.8,16.5,N,0
-33.1236,150.4278,307.5,1,1,2014-01-03,1507,Aqua,MODIS,49,6.2,292.3,7.1,N,0
-33.0656,150.4022,328.8,1,1,2014-01-03,1507,Aqua,MODIS,88,6.2,294.4,26,N,0
-33.0565,150.4042,312.7,1,1,2014-01-03,1507,Aqua,MODIS,46,6.2,292.7,10.8,N,0
-33.1218,150.4169,312.1,1,1,2014-01-03,1507,Aqua,MODIS,79,6.2,292.7,10.2,N,0
-33.06,150.4261,317.2,1,1,2014-01-03,1507,Aqua,MODIS,95,6.2,293.1,14.7,N,0
-33.0617,150.4371,313.1,1,1,2014-01-03,1507,Aqua,MODIS,62,6.2,292.7,10.9,N,0
-34.3647,115.9378,340.4,1,1,2014-01-03,1509,Terra,MODIS,100,6.2,289.8,47.2,N,0
-34.3573,115.925,344.5,1,1,2014-01-03,1509,Terra,MODIS,100,6.2,289.3,54.4,N,0
-34.3663,115.9269,326.3,1,1,2014-01-03,1509,Terra,MODIS,100,6.2,286.3,27.4,N,0
-34.3557,115.9359,327.8,1,1,2014-01-03,1509,Terra,MODIS,100,6.2,288.1,29,N,0
-34.7606,117.171,334.1,1,1,2014-01-03,1509,Terra,MODIS,100,6.2,290,38.4,N,0
-29.9416,118.162,304.6,1.3,1.1,2014-01-03,1510,Terra,MODIS,61,6.2,293.7,7.6,N,0
-29.9439,118.1488,303.6,1.3,1.1,2014-01-03,1510,Terra,MODIS,56,6.2,293,6.8,N,0
-17.9585,130.5222,301.4,1,1,2014-01-03,1641,Aqua,MODIS,41,6.2,286.4,2.6,N,0
-17.9447,130.5532,304.3,1,1,2014-01-03,1641,Aqua,MODIS,57,6.2,289.5,3.7,N,0
-17.9523,130.5424,311.8,1,1,2014-01-03,1641,Aqua,MODIS,83,6.2,288.6,8.6,N,0
-17.9537,130.5518,303.6,1,1,2014-01-03,1641,Aqua,MODIS,51,6.2,289,3.2,N,0
-18.6282,137.7339,308.8,2.4,1.5,2014-01-03,1641,Aqua,MODIS,75,6.2,291.7,20.3,N,0
-18.6306,137.7563,322.6,2.4,1.5,2014-01-03,1641,Aqua,MODIS,100,6.2,291.4,62.1,N,0
-18.644,137.7548,310.1,2.4,1.5,2014-01-03,1641,Aqua,MODIS,79,6.2,291.5,22.7,N,0
-18.6383,137.7481,325.2,2.4,1.5,2014-01-03,1641,Aqua,MODIS,100,6.2,292,70.4,N,0
-25.6051,140.1875,305,4.3,1.9,2014-01-03,1643,Aqua,MODIS,63,6.2,294.4,42.2,N,0
-34.7561,117.1935,300.9,2.7,1.6,2014-01-03,1647,Aqua,MODIS,34,6.2,282.9,31.1,N,0
-34.7699,117.1885,300.9,2.7,1.6,2014-01-03,1647,Aqua,MODIS,35,6.2,282,31.2,N,0
-16.3181,141.6932,335.7,2.1,1.4,2014-01-04,0027,Terra,MODIS,79,6.2,296.2,74.9,D,0
-14.5269,143.8619,327.4,1.6,1.2,2014-01-04,0027,Terra,MODIS,45,6.2,306.7,24.3,D,0
-17.0572,143.6889,323,1.5,1.2,2014-01-04,0027,Terra,MODIS,59,6.2,298.9,15.4,D,0
-14.5288,143.8699,328,1.6,1.2,2014-01-04,0027,Terra,MODIS,34,6.2,307.1,24,D,0
-14.7303,144.936,335.1,1.3,1.1,2014-01-04,0027,Terra,MODIS,71,6.2,304.6,28.8,D,0
-17.0465,143.6909,326.7,1.5,1.2,2014-01-04,0027,Terra,MODIS,64,6.2,299.7,22.2,D,0
-18.6232,145.7322,362.1,1.1,1,2014-01-04,0028,Terra,MODIS,100,6.2,307.1,85.8,D,0
-19.7582,143.5418,334.1,1.4,1.2,2014-01-04,0028,Terra,MODIS,76,6.2,301,31.1,D,0
-19.9354,144.104,331.5,1.3,1.1,2014-01-04,0028,Terra,MODIS,69,6.2,305.6,15.1,D,0
-18.6249,145.7424,377.8,1.1,1,2014-01-04,0028,Terra,MODIS,100,6.2,309.8,144.4,D,0
-18.6168,145.7289,385.3,1.1,1,2014-01-04,0028,Terra,MODIS,100,6.2,306.6,184.3,D,0
-21.4173,148.6759,326.9,1.1,1,2014-01-04,0028,Terra,MODIS,59,6.2,303.2,14.6,D,0
-18.7864,145.0493,340.4,1.2,1.1,2014-01-04,0028,Terra,MODIS,84,6.2,304.4,28.3,D,0
-18.7847,145.0384,333.3,1.2,1.1,2014-01-04,0028,Terra,MODIS,72,6.2,306,13.6,D,0
-18.6216,145.722,367.6,1.1,1,2014-01-04,0028,Terra,MODIS,100,6.2,309.3,106.8,D,0
-19.3585,144.6528,332.2,1.2,1.1,2014-01-04,0028,Terra,MODIS,69,6.2,306.8,14.3,D,0
-18.6265,145.7527,358.9,1.1,1,2014-01-04,0028,Terra,MODIS,99,6.2,308.5,74.9,D,0
-18.6281,145.7629,338.3,1.1,1,2014-01-04,0028,Terra,MODIS,37,6.2,307.8,28.6,D,0
-18.483,146.1767,321.9,1.1,1,2014-01-04,0028,Terra,MODIS,27,6.2,303.2,10.4,D,0
-19.3567,144.6417,336,1.2,1.1,2014-01-04,0028,Terra,MODIS,77,6.2,306.3,22.1,D,0
-18.5521,145.6234,328,1.1,1,2014-01-04,0028,Terra,MODIS,53,6.2,303.8,13.4,D,0
-20.2763,144.5463,328.7,1.2,1.1,2014-01-04,0028,Terra,MODIS,46,6.2,302.7,16.1,D,0
-18.5538,145.6338,335.4,1.1,1,2014-01-04,0028,Terra,MODIS,81,6.2,303.7,25.7,D,0
-19.7605,143.5547,324.9,1.4,1.2,2014-01-04,0028,Terra,MODIS,35,6.2,301.1,12.3,D,0
-18.6216,145.7596,403.2,1.1,1,2014-01-04,0028,Terra,MODIS,100,6.2,310.6,293.8,D,0
-18.6184,145.7391,358.2,1.1,1,2014-01-04,0028,Terra,MODIS,99,6.2,303.7,75.9,D,0
-18.62,145.7494,402.5,1.1,1,2014-01-04,0028,Terra,MODIS,100,6.2,308.5,288.1,D,0
-18.6232,145.7698,344.3,1.1,1,2014-01-04,0028,Terra,MODIS,89,6.2,303.2,43.4,D,0
-18.7902,145.0534,329.8,1.2,1.1,2014-01-04,0028,Terra,MODIS,51,6.2,304,10.4,D,0
-18.6152,145.7187,371.1,1.1,1,2014-01-04,0028,Terra,MODIS,100,6.2,308.3,121.4,D,0
-18.7884,145.0424,339.2,1.2,1.1,2014-01-04,0028,Terra,MODIS,83,6.2,306,26.5,D,0
-18.0302,145.8222,326.5,1.1,1,2014-01-04,0028,Terra,MODIS,76,6.2,308,12.7,D,0
-18.6136,145.7083,335,1.1,1,2014-01-04,0028,Terra,MODIS,80,6.2,303.9,25.9,D,0
-18.6783,144.9499,333.2,1.2,1.1,2014-01-04,0028,Terra,MODIS,75,6.2,306.4,12.7,D,0
-18.6199,137.7204,325.8,3.8,1.8,2014-01-04,0028,Terra,MODIS,40,6.2,299.7,63.3,D,0
-18.627,137.7555,329.6,3.7,1.8,2014-01-04,0028,Terra,MODIS,65,6.2,299.1,93.3,D,0
-22.74,150.4568,335.1,1.3,1.1,2014-01-04,0029,Terra,MODIS,82,6.2,303.3,35.1,D,0
-22.7416,150.4698,332.7,1.3,1.1,2014-01-04,0029,Terra,MODIS,79,6.2,302.2,30,D,0
-22.7384,150.4439,328.2,1.3,1.1,2014-01-04,0029,Terra,MODIS,73,6.2,303.1,20.5,D,0
-22.7672,150.5059,357.9,1.4,1.2,2014-01-04,0029,Terra,MODIS,98,6.2,303.2,105.4,D,0
-22.7689,150.5193,327.2,1.4,1.2,2014-01-04,0029,Terra,MODIS,71,6.2,301.1,19.9,D,0
-22.7777,150.5048,332.5,1.4,1.2,2014-01-04,0029,Terra,MODIS,79,6.2,300.8,28.3,D,0
-22.7898,150.5168,346.4,1.4,1.2,2014-01-04,0029,Terra,MODIS,92,6.2,301.3,64.9,D,0
-22.7853,150.5113,334.1,1.4,1.2,2014-01-04,0029,Terra,MODIS,80,6.2,300.9,34,D,0
-22.7869,150.5246,323.6,1.4,1.2,2014-01-04,0029,Terra,MODIS,30,6.2,300.1,14.5,D,0
-22.7536,150.4814,328.1,1.3,1.1,2014-01-04,0029,Terra,MODIS,72,6.2,302.1,21,D,0
-22.7552,150.4945,321.2,1.3,1.2,2014-01-04,0029,Terra,MODIS,39,6.2,301.6,9.9,D,0
-24.3627,147.7419,331.2,1,1,2014-01-04,0029,Terra,MODIS,50,6.2,312.9,9,D,0
-24.3641,147.7522,341.6,1,1,2014-01-04,0029,Terra,MODIS,84,6.2,314.9,25.4,D,0
-24.1112,149.5606,329.2,1.2,1.1,2014-01-04,0029,Terra,MODIS,56,6.2,308.9,13.5,D,0
-25.1308,153.2471,327.5,2.2,1.4,2014-01-04,0029,Terra,MODIS,67,6.2,293.8,61.7,D,0
-24.5556,147.9277,336.5,1.1,1,2014-01-04,0029,Terra,MODIS,77,6.2,314.2,15.3,D,0
-24.5809,147.9275,332.7,1.1,1,2014-01-04,0029,Terra,MODIS,19,6.2,311.8,12.3,D,0
-24.5824,147.9381,333.4,1.1,1,2014-01-04,0029,Terra,MODIS,39,6.2,309.9,15,D,0
-24.5902,147.9259,340.2,1.1,1,2014-01-04,0029,Terra,MODIS,79,6.2,313.9,25.6,D,0
-24.5917,147.9368,364.7,1.1,1,2014-01-04,0029,Terra,MODIS,100,6.2,312.3,88.3,D,0
-24.5995,147.9247,333.5,1.1,1,2014-01-04,0029,Terra,MODIS,44,6.2,312.9,14.9,D,0
-24.1542,149.1838,331.8,1.2,1.1,2014-01-04,0029,Terra,MODIS,70,6.2,309.2,19.9,D,0
-24.6025,149.1098,332.8,1.2,1.1,2014-01-04,0029,Terra,MODIS,74,6.2,310.3,19.9,D,0
-24.5845,147.8843,330.1,1.1,1,2014-01-04,0029,Terra,MODIS,38,6.2,310.2,8.2,D,0
-24.603,147.8812,330.3,1.1,1,2014-01-04,0029,Terra,MODIS,38,6.2,309.6,10.6,D,0
-24.5739,147.8755,330.4,1.1,1,2014-01-04,0029,Terra,MODIS,29,6.2,312.6,9,D,0
-23.7945,149.084,331.5,1.2,1.1,2014-01-04,0029,Terra,MODIS,55,6.2,305.7,20.4,D,0
-24.7829,147.3916,333,1,1,2014-01-04,0029,Terra,MODIS,68,6.2,307.6,20.6,D,0
-25.2176,150.5622,335.6,1.5,1.2,2014-01-04,0029,Terra,MODIS,81,6.2,308.1,34.8,D,0
-24.7507,147.351,345.4,1,1,2014-01-04,0029,Terra,MODIS,88,6.2,311.6,35.1,D,0
-22.4069,148.1365,334.8,1,1,2014-01-04,0029,Terra,MODIS,39,6.2,311.2,16.3,D,0
-24.8405,147.4029,349.3,1,1,2014-01-04,0029,Terra,MODIS,55,6.2,310.7,39.8,D,0
-24.7969,147.358,351.3,1,1,2014-01-04,0029,Terra,MODIS,90,6.2,309,47.1,D,0
-25.2555,150.0245,334.2,1.4,1.2,2014-01-04,0029,Terra,MODIS,66,6.2,306.6,28.6,D,0
-24.8117,147.3971,350.1,1,1,2014-01-04,0029,Terra,MODIS,71,6.2,308.1,44.6,D,0
-24.8018,147.3261,345.6,1,1,2014-01-04,0029,Terra,MODIS,88,6.2,314.1,30.6,D,0
-24.7521,147.3611,342.2,1,1,2014-01-04,0029,Terra,MODIS,84,6.2,310.3,29.6,D,0
-22.4161,148.1351,369.3,1,1,2014-01-04,0029,Terra,MODIS,100,6.2,309.7,99.2,D,0
-25.2572,150.038,335.5,1.4,1.2,2014-01-04,0029,Terra,MODIS,78,6.2,307.5,32.6,D,0
-24.967,149.737,322.5,1.3,1.1,2014-01-04,0029,Terra,MODIS,20,6.2,306.8,7.4,D,0
-24.7575,147.3437,363.5,1,1,2014-01-04,0029,Terra,MODIS,100,6.2,315.2,78.8,D,0
-24.8011,147.3884,353.3,1,1,2014-01-04,0029,Terra,MODIS,87,6.2,308.1,52.2,D,0
-24.7652,147.332,370.8,1,1,2014-01-04,0029,Terra,MODIS,100,6.2,313.4,101.5,D,0
-24.7667,147.3422,378.6,1,1,2014-01-04,0029,Terra,MODIS,100,6.2,314,133.5,D,0
-22.4175,148.1453,333.3,1,1,2014-01-04,0029,Terra,MODIS,72,6.2,306.6,13.2,D,0
-24.7758,147.3406,386.6,1,1,2014-01-04,0029,Terra,MODIS,100,6.2,314,171.1,D,0
-24.9659,149.6463,327.1,1.3,1.1,2014-01-04,0029,Terra,MODIS,36,6.2,309.2,10.9,D,0
-24.7772,147.3508,374.6,1,1,2014-01-04,0029,Terra,MODIS,100,6.2,309.3,120.7,D,0
-24.9753,149.6512,330.8,1.3,1.1,2014-01-04,0029,Terra,MODIS,57,6.2,309.5,17.1,D,0
-24.7041,151.8668,332.3,1.8,1.3,2014-01-04,0029,Terra,MODIS,79,6.2,303.2,44.5,D,0
-24.7857,147.412,333.6,1,1,2014-01-04,0029,Terra,MODIS,70,6.2,308.2,20.9,D,0
-24.7906,147.3799,336.2,1,1,2014-01-04,0029,Terra,MODIS,65,6.2,304.9,23.2,D,0
-24.83,147.3941,388.6,1,1,2014-01-04,0029,Terra,MODIS,100,6.2,314.8,175.7,D,0
-25.2467,150.0396,333.6,1.4,1.2,2014-01-04,0029,Terra,MODIS,77,6.2,306.1,29.8,D,0
-25.1201,149.4198,327.8,1.3,1.1,2014-01-04,0029,Terra,MODIS,28,6.2,311.3,14.6,D,0
-25.3964,150.9221,326.5,1.6,1.2,2014-01-04,0029,Terra,MODIS,60,6.2,307.4,15.8,D,0
-21.8643,149.1201,345.2,1.1,1.1,2014-01-04,0029,Terra,MODIS,89,6.2,305,40,D,0
-25.3961,150.9282,331.9,1.6,1.2,2014-01-04,0029,Terra,MODIS,76,6.2,307.3,27.4,D,0
-22.4133,148.1148,342.5,1,1,2014-01-04,0029,Terra,MODIS,86,6.2,309.8,30,D,0
-24.794,147.3376,358.2,1,1,2014-01-04,0029,Terra,MODIS,98,6.2,315,63.6,D,0
-24.7934,147.4003,356.3,1,1,2014-01-04,0029,Terra,MODIS,97,6.2,306.2,65.6,D,0
-24.7926,147.3276,340.3,1,1,2014-01-04,0029,Terra,MODIS,82,6.2,312.9,23.4,D,0
-24.9759,149.7423,328.1,1.3,1.1,2014-01-04,0029,Terra,MODIS,45,6.2,307.8,14.3,D,0
-24.7022,151.8496,341,1.8,1.3,2014-01-04,0029,Terra,MODIS,87,6.2,303.8,72.9,D,0
-22.4055,148.1264,331.7,1,1,2014-01-04,0029,Terra,MODIS,59,6.2,310,12.3,D,0
-21.8628,149.1096,338.5,1.1,1.1,2014-01-04,0029,Terra,MODIS,83,6.2,306.4,27.3,D,0
-25.3981,150.9375,324.8,1.6,1.2,2014-01-04,0029,Terra,MODIS,45,6.2,307.1,12.5,D,0
-24.765,147.4528,334.4,1,1,2014-01-04,0029,Terra,MODIS,47,6.2,311.9,16.6,D,0
-25.2484,150.0533,349.5,1.4,1.2,2014-01-04,0029,Terra,MODIS,93,6.2,308.1,73.5,D,0
-22.4147,148.125,339.6,1,1,2014-01-04,0029,Terra,MODIS,82,6.2,309.8,23.9,D,0
-24.8314,147.4044,361,1,1,2014-01-04,0029,Terra,MODIS,96,6.2,307.5,72.2,D,0
-24.792,147.3901,344.6,1,1,2014-01-04,0029,Terra,MODIS,87,6.2,305.1,38.2,D,0
-24.7561,147.3335,358.1,1,1,2014-01-04,0029,Terra,MODIS,98,6.2,314.2,61.5,D,0
-24.7843,147.4018,346.4,1,1,2014-01-04,0029,Terra,MODIS,89,6.2,309.3,43.6,D,0
-24.7954,147.3478,363.3,1,1,2014-01-04,0029,Terra,MODIS,100,6.2,311.6,79,D,0
-22.8848,150.319,336.3,1.3,1.1,2014-01-04,0029,Terra,MODIS,71,6.2,303.2,33.6,D,0
-22.8832,150.3064,333.3,1.3,1.1,2014-01-04,0029,Terra,MODIS,64,6.2,304.8,25.1,D,0
-25.5162,147.641,343.8,1.1,1,2014-01-04,0030,Terra,MODIS,85,6.2,314.9,31.2,D,0
-25.329,147.6833,394.7,1.1,1,2014-01-04,0030,Terra,MODIS,100,6.2,313.2,226.8,D,0
-25.4088,147.6646,337.9,1.1,1,2014-01-04,0030,Terra,MODIS,39,6.2,308.6,18.7,D,0
-25.5148,147.6304,341.2,1.1,1,2014-01-04,0030,Terra,MODIS,82,6.2,316.8,23.7,D,0
-25.4274,147.6616,398.5,1.1,1,2014-01-04,0030,Terra,MODIS,100,6.2,318.1,242.7,D,0
-25.3076,147.6652,342.3,1.1,1,2014-01-04,0030,Terra,MODIS,79,6.2,307.2,31.3,D,0
-25.4259,147.6511,341,1.1,1,2014-01-04,0030,Terra,MODIS,69,6.2,312,22.2,D,0
-27.6655,153.4437,342.3,2.5,1.5,2014-01-04,0030,Terra,MODIS,0,6.2,301.1,135.6,D,0
-25.3198,147.6847,350.8,1.1,1,2014-01-04,0030,Terra,MODIS,92,6.2,306.5,54.4,D,0
-25.3996,147.6661,340.5,1.1,1,2014-01-04,0030,Terra,MODIS,48,6.2,311.2,21.8,D,0
-25.4195,147.6736,394.9,1.1,1,2014-01-04,0030,Terra,MODIS,100,6.2,315.5,223.6,D,0
-25.3169,147.6637,357.5,1.1,1,2014-01-04,0030,Terra,MODIS,95,6.2,310.4,65,D,0
-25.4337,147.6391,341.7,1.1,1,2014-01-04,0030,Terra,MODIS,78,6.2,310.1,25.1,D,0
-25.4366,147.6601,357.6,1.1,1,2014-01-04,0030,Terra,MODIS,98,6.2,310.5,63.7,D,0
-25.5055,147.6319,352.3,1.1,1,2014-01-04,0030,Terra,MODIS,94,6.2,314.8,47.2,D,0
-25.4381,147.6707,334.1,1.1,1,2014-01-04,0030,Terra,MODIS,60,6.2,306.7,16.6,D,0
-25.3746,147.6915,340.4,1.1,1,2014-01-04,0030,Terra,MODIS,80,6.2,308.8,30.3,D,0
-25.3903,147.6676,338.7,1.1,1,2014-01-04,0030,Terra,MODIS,68,6.2,313.9,17.9,D,0
-25.3918,147.6781,341.8,1.1,1,2014-01-04,0030,Terra,MODIS,65,6.2,313,27.4,D,0
-25.3932,147.6886,349.8,1.1,1,2014-01-04,0030,Terra,MODIS,91,6.2,311,48.8,D,0
-25.2962,147.5816,343.7,1.1,1,2014-01-04,0030,Terra,MODIS,73,6.2,311.2,29.9,D,0
-25.4167,147.6526,357.9,1.1,1,2014-01-04,0030,Terra,MODIS,98,6.2,315.8,61.9,D,0
-25.507,147.6424,393.8,1.1,1,2014-01-04,0030,Terra,MODIS,100,6.2,318.3,214.5,D,0
-25.2976,147.592,351,1.1,1,2014-01-04,0030,Terra,MODIS,88,6.2,311.5,44.8,D,0
-25.3368,147.6712,366.4,1.1,1,2014-01-04,0030,Terra,MODIS,98,6.2,312,89.4,D,0
-25.4303,147.6827,336.5,1.1,1,2014-01-04,0030,Terra,MODIS,73,6.2,306.5,22.5,D,0
-25.5041,147.6214,365.9,1.1,1,2014-01-04,0030,Terra,MODIS,100,6.2,316.9,84.4,D,0
-25.5084,147.6529,374.3,1.1,1,2014-01-04,0030,Terra,MODIS,100,6.2,311.9,121.3,D,0
-25.4422,147.6527,333.2,1.1,1,2014-01-04,0030,Terra,MODIS,63,6.2,310.8,13.7,D,0
-25.2614,147.5342,333.6,1,1,2014-01-04,0030,Terra,MODIS,47,6.2,312.9,10.2,D,0
-25.4352,147.6496,349.3,1.1,1,2014-01-04,0030,Terra,MODIS,91,6.2,311,40.7,D,0
-25.2941,147.6353,351.8,1.1,1,2014-01-04,0030,Terra,MODIS,93,6.2,313.3,47.9,D,0
-25.421,147.6842,348.5,1.1,1,2014-01-04,0030,Terra,MODIS,90,6.2,307.3,46.4,D,0
-25.2522,147.5356,343.8,1,1,2014-01-04,0030,Terra,MODIS,85,6.2,312.9,28.7,D,0
-29.3936,152.2785,324.1,2.2,1.4,2014-01-04,0030,Terra,MODIS,48,6.2,302.8,42.3,D,0
-25.4288,147.6721,413.4,1.1,1,2014-01-04,0030,Terra,MODIS,100,6.2,316,353.6,D,0
-25.3048,147.6442,377,1.1,1,2014-01-04,0030,Terra,MODIS,100,6.2,315,127.7,D,0
-25.2955,147.6457,373.2,1.1,1,2014-01-04,0030,Terra,MODIS,100,6.2,316,115.4,D,0
-25.3839,147.69,364.4,1.1,1,2014-01-04,0030,Terra,MODIS,100,6.2,311,89.7,D,0
-25.3183,147.6742,376.7,1.1,1,2014-01-04,0030,Terra,MODIS,100,6.2,310.8,135.2,D,0
-25.3276,147.6727,414.9,1.1,1,2014-01-04,0030,Terra,MODIS,100,6.2,320.5,362.8,D,0
-25.3475,147.6803,390.9,1.1,1,2014-01-04,0030,Terra,MODIS,100,6.2,312.9,198.5,D,0
-27.6518,153.4452,356.1,2.5,1.5,2014-01-04,0030,Terra,MODIS,0,6.2,303.1,244.9,D,0
-25.4074,147.6541,363.8,1.1,1,2014-01-04,0030,Terra,MODIS,100,6.2,314,77.2,D,0
-25.401,147.6767,339.9,1.1,1,2014-01-04,0030,Terra,MODIS,59,6.2,312.8,25.6,D,0
-25.4245,147.6405,337.9,1.1,1,2014-01-04,0030,Terra,MODIS,32,6.2,311.6,15.7,D,0
-25.3547,147.684,368,1.1,1,2014-01-04,0030,Terra,MODIS,100,6.2,311.4,97.7,D,0
-27.6569,153.4243,335.9,2.5,1.5,2014-01-04,0030,Terra,MODIS,0,6.2,301.5,97.7,D,0
-27.5766,153.458,370.9,2.5,1.5,2014-01-04,0030,Terra,MODIS,100,6.2,305.6,0,D,0
-25.3825,147.6795,343.4,1.1,1,2014-01-04,0030,Terra,MODIS,65,6.2,312.1,31.1,D,0
-25.3533,147.6735,342.2,1.1,1,2014-01-04,0030,Terra,MODIS,58,6.2,311.3,26.9,D,0
-25.5177,147.6515,332.1,1.1,1,2014-01-04,0030,Terra,MODIS,55,6.2,310.8,12.2,D,0
-25.334,147.6503,336.3,1.1,1,2014-01-04,0030,Terra,MODIS,46,6.2,311.7,7.8,D,0
-25.2969,147.6561,361,1.1,1,2014-01-04,0030,Terra,MODIS,100,6.2,312.7,76.2,D,0
-25.423,147.6301,344.4,1.1,1,2014-01-04,0030,Terra,MODIS,80,6.2,311.5,27.8,D,0
-25.4025,147.6871,357.4,1.1,1,2014-01-04,0030,Terra,MODIS,98,6.2,311.3,68.9,D,0
-29.3917,152.2582,325,2.2,1.4,2014-01-04,0030,Terra,MODIS,57,6.2,306.6,44.3,D,0
-25.3397,147.6923,334.6,1.1,1,2014-01-04,0030,Terra,MODIS,69,6.2,303.3,22.6,D,0
-25.2927,147.6248,341.5,1.1,1,2014-01-04,0030,Terra,MODIS,61,6.2,311.7,25.7,D,0
-25.3383,147.6818,410.3,1.1,1,2014-01-04,0030,Terra,MODIS,100,6.2,314.1,330.2,D,0
-27.638,153.4466,330.9,2.5,1.5,2014-01-04,0030,Terra,MODIS,0,6.2,302.5,70,D,0
-25.4181,147.6631,390.7,1.1,1,2014-01-04,0030,Terra,MODIS,100,6.2,318.1,196.1,D,0
-25.3354,147.6608,349,1.1,1,2014-01-04,0030,Terra,MODIS,91,6.2,311.1,33.1,D,0
-25.3461,147.6698,358.4,1.1,1,2014-01-04,0030,Terra,MODIS,98,6.2,312.3,60,D,0
-25.3062,147.6547,416.3,1.1,1,2014-01-04,0030,Terra,MODIS,100,6.2,317.2,373,D,0
-25.349,147.6909,353.3,1.1,1,2014-01-04,0030,Terra,MODIS,95,6.2,306.4,57.7,D,0
-25.4117,147.6857,331.2,1.1,1,2014-01-04,0030,Terra,MODIS,52,6.2,307.9,16.1,D,0
-25.5134,147.6199,338.5,1.1,1,2014-01-04,0030,Terra,MODIS,77,6.2,317.5,18.4,D,0
-25.2707,147.5328,333.7,1,1,2014-01-04,0030,Terra,MODIS,59,6.2,313.6,10.4,D,0
-25.7331,150.9851,329.1,1.6,1.2,2014-01-04,0030,Terra,MODIS,59,6.2,305.1,24.8,D,0
-25.7313,150.9693,338.7,1.6,1.2,2014-01-04,0030,Terra,MODIS,84,6.2,307.4,50.2,D,0
-25.9673,150.3298,330.1,1.4,1.2,2014-01-04,0030,Terra,MODIS,57,6.2,312.3,19.3,D,0
-26.4966,147.3101,344.3,1.1,1,2014-01-04,0030,Terra,MODIS,86,6.2,316.9,23.4,D,0
-26.4981,147.3207,387.5,1.1,1,2014-01-04,0030,Terra,MODIS,100,6.2,321.8,170.4,D,0
-26.5059,147.3086,375.2,1.1,1,2014-01-04,0030,Terra,MODIS,100,6.2,320.3,113.6,D,0
-26.5073,147.3192,427.1,1.1,1,2014-01-04,0030,Terra,MODIS,100,6.2,331.5,463.7,D,0
-26.5087,147.3297,342.8,1.1,1,2014-01-04,0030,Terra,MODIS,84,6.2,319.7,22.4,D,0
-26.5165,147.3177,338.8,1.1,1,2014-01-04,0030,Terra,MODIS,77,6.2,319.2,13.7,D,0
-25.596,140.1777,333.9,1.8,1.3,2014-01-04,0030,Terra,MODIS,73,6.2,313.2,35.8,D,0
-25.6077,140.175,355.2,1.8,1.3,2014-01-04,0030,Terra,MODIS,96,6.2,313.6,128.5,D,0
-25.6021,140.1702,343,1.8,1.3,2014-01-04,0030,Terra,MODIS,86,6.2,314,68.4,D,0
-25.6055,140.1877,329.5,1.8,1.3,2014-01-04,0030,Terra,MODIS,27,6.2,312.2,20.6,D,0
-25.6138,140.1675,335.7,1.8,1.3,2014-01-04,0030,Terra,MODIS,77,6.2,311.2,42,D,0
-25.6172,140.185,330.6,1.8,1.3,2014-01-04,0030,Terra,MODIS,58,6.2,310.6,26,D,0
-27.513,153.4455,330.5,2.5,1.5,2014-01-04,0030,Terra,MODIS,27,6.2,305,60.6,D,0
-31.6569,145.9177,342.5,1,1,2014-01-04,0031,Terra,MODIS,87,6.2,314.7,34,D,0
-29.4047,152.2568,327.1,2.2,1.4,2014-01-04,0031,Terra,MODIS,57,6.2,305.1,49.1,D,0
-31.6554,145.9067,328.1,1,1,2014-01-04,0031,Terra,MODIS,66,6.2,312.9,11.1,D,0
-30.2596,149.5263,326,1.5,1.2,2014-01-04,0031,Terra,MODIS,32,6.2,314.3,12.4,D,0
-30.2613,149.5416,332.3,1.5,1.2,2014-01-04,0031,Terra,MODIS,66,6.2,315,26.5,D,0
-33.1368,150.5803,315.9,1.9,1.3,2014-01-04,0032,Terra,MODIS,29,6.2,301,17.8,D,0
-33.0762,150.5885,321.7,1.9,1.3,2014-01-04,0032,Terra,MODIS,67,6.2,304.2,31,D,0
-33.1246,150.5817,316.6,1.9,1.3,2014-01-04,0032,Terra,MODIS,31,6.2,304.3,18.2,D,0
-33.0722,150.5956,323.5,1.9,1.3,2014-01-04,0032,Terra,MODIS,70,6.2,303.2,35.3,D,0
-33.0644,150.3923,332.8,1.8,1.3,2014-01-04,0032,Terra,MODIS,82,6.2,304.5,59,D,0
-33.0664,150.4121,334.8,1.8,1.3,2014-01-04,0032,Terra,MODIS,84,6.2,302.9,64.7,D,0
-33.0595,150.4062,332,1.8,1.3,2014-01-04,0032,Terra,MODIS,81,6.2,302.5,56.8,D,0
-33.0696,150.3855,340,1.8,1.3,2014-01-04,0032,Terra,MODIS,88,6.2,304.4,85,D,0
-33.1333,150.4178,329.3,1.8,1.3,2014-01-04,0032,Terra,MODIS,78,6.2,300.6,51.6,D,0
-33.0935,150.3824,335.5,1.8,1.3,2014-01-04,0032,Terra,MODIS,81,6.2,303.5,66.7,D,0
-33.1074,150.4007,336.1,1.8,1.3,2014-01-04,0032,Terra,MODIS,85,6.2,302.9,70,D,0
-33.0954,150.4017,332,1.8,1.3,2014-01-04,0032,Terra,MODIS,72,6.2,302.2,54.1,D,0
-17.9517,130.5557,331.8,2.5,1.5,2014-01-04,0206,Terra,MODIS,81,6.2,300.3,58.5,D,0
-17.9492,130.5319,340.9,2.5,1.5,2014-01-04,0206,Terra,MODIS,89,6.2,300.4,111.1,D,0
-20.9751,121.2773,340.4,1,1,2014-01-04,0207,Terra,MODIS,85,6.2,309.3,20.1,D,0
-20.9978,121.3037,362.7,1,1,2014-01-04,0207,Terra,MODIS,100,6.2,310.3,70.8,D,0
-20.9993,121.3135,361.6,1,1,2014-01-04,0207,Terra,MODIS,100,6.2,310.7,67.4,D,0
-20.966,121.2789,403.1,1,1,2014-01-04,0207,Terra,MODIS,100,6.2,315.4,258.1,D,0
-21.0008,121.3233,341.1,1,1,2014-01-04,0207,Terra,MODIS,86,6.2,310,20.7,D,0
-20.9675,121.2887,382,1,1,2014-01-04,0207,Terra,MODIS,100,6.2,314.3,141.5,D,0
-19.8252,121.7732,331.7,1,1,2014-01-04,0207,Terra,MODIS,70,6.2,285.1,16.5,D,0
-19.8801,124.7091,344.3,1.1,1,2014-01-04,0207,Terra,MODIS,77,6.2,318.7,31.4,D,0
-30.8667,121.4887,323,1,1,2014-01-04,0210,Terra,MODIS,59,6.2,306.4,9.5,D,2
-29.9553,118.1655,336.2,1.1,1,2014-01-04,0210,Terra,MODIS,67,6.2,314.7,18.6,D,0
-29.9534,118.1544,348.6,1.1,1,2014-01-04,0210,Terra,MODIS,91,6.2,317.5,43.7,D,0
-33.1373,150.3778,318.8,3.8,1.8,2014-01-04,0310,Aqua,MODIS,59,6.2,302.8,64.7,D,0
-33.0874,150.3739,324.3,3.8,1.8,2014-01-04,0310,Aqua,MODIS,73,6.2,304.5,99.7,D,0
-33.135,150.4177,332.8,3.8,1.8,2014-01-04,0310,Aqua,MODIS,85,6.2,302.9,174.7,D,0
-33.14,150.421,326.4,3.8,1.8,2014-01-04,0310,Aqua,MODIS,79,6.2,303,116.8,D,0
-33.0984,150.5788,336.7,3.7,1.8,2014-01-04,0310,Aqua,MODIS,88,6.2,305.4,203.3,D,0
-33.0904,150.6134,335.5,3.7,1.8,2014-01-04,0310,Aqua,MODIS,87,6.2,303.9,190.7,D,0
-33.0963,150.618,334.3,3.7,1.8,2014-01-04,0310,Aqua,MODIS,86,6.2,303.2,176.9,D,0
-33.0926,150.5746,329.4,3.7,1.8,2014-01-04,0310,Aqua,MODIS,82,6.2,305.2,137.5,D,0
-33.0707,150.3734,344.3,3.8,1.8,2014-01-04,0311,Aqua,MODIS,92,6.2,303.2,299.8,D,0
-33.0685,150.4148,343.5,3.8,1.8,2014-01-04,0311,Aqua,MODIS,92,6.2,300.6,288,D,0
-33.0651,150.3649,330.2,3.8,1.8,2014-01-04,0311,Aqua,MODIS,81,6.2,302.1,148.5,D,0
-33.0818,150.3651,326.5,3.8,1.8,2014-01-04,0311,Aqua,MODIS,57,6.2,304.3,112.8,D,0
-33.0625,150.4068,348.7,3.8,1.8,2014-01-04,0311,Aqua,MODIS,94,6.2,300.8,361.4,D,0
-32.0348,151.2595,331.1,3.3,1.7,2014-01-04,0311,Aqua,MODIS,80,6.2,305.8,122.9,D,0
-32.0399,151.2575,327.9,3.3,1.7,2014-01-04,0311,Aqua,MODIS,70,6.2,304.1,97.9,D,0
-26.0533,150.3348,326.5,3.2,1.7,2014-01-04,0312,Aqua,MODIS,45,6.2,307,46.6,D,0
-26.0495,150.3418,329.4,3.2,1.7,2014-01-04,0312,Aqua,MODIS,51,6.2,306.6,60.9,D,0
-26.0378,150.3337,330.3,3.2,1.7,2014-01-04,0312,Aqua,MODIS,62,6.2,305.9,66.9,D,0
-25.8414,152.4012,330.8,2.3,1.5,2014-01-04,0312,Aqua,MODIS,68,6.2,304.8,52.7,D,0
-26.7172,152.3211,327.1,2.4,1.5,2014-01-04,0312,Aqua,MODIS,34,6.2,305.6,34.4,D,0
-27.6695,153.4283,349.3,2.1,1.4,2014-01-04,0312,Aqua,MODIS,0,6.2,306.8,133.7,D,0
-27.6822,153.4343,358.1,2.1,1.4,2014-01-04,0312,Aqua,MODIS,0,6.2,304.3,191.8,D,0
-27.5908,153.4327,327.1,2,1.4,2014-01-04,0312,Aqua,MODIS,18,6.2,309.5,33.3,D,0
-27.5782,153.4313,337,2,1.4,2014-01-04,0312,Aqua,MODIS,48,6.2,309.8,52.5,D,0
-27.6822,153.4297,342.5,2.1,1.4,2014-01-04,0312,Aqua,MODIS,0,6.2,304.3,96.4,D,0
-27.6949,153.431,328.2,2.1,1.4,2014-01-04,0312,Aqua,MODIS,0,6.2,304.2,36.1,D,0
-27.6569,153.4266,360.9,2.1,1.4,2014-01-04,0312,Aqua,MODIS,0,6.2,309.7,213.5,D,0
-27.6948,153.4356,341.5,2.1,1.4,2014-01-04,0312,Aqua,MODIS,0,6.2,303.8,92.5,D,0
-22.4148,148.1252,328.2,4.3,1.9,2014-01-04,0313,Aqua,MODIS,69,6.2,302.2,70,D,0
-25.4019,150.9448,329,2.9,1.6,2014-01-04,0313,Aqua,MODIS,67,6.2,305,49.6,D,0
-25.4043,150.9158,330,2.9,1.6,2014-01-04,0313,Aqua,MODIS,70,6.2,305.9,53.7,D,0
-24.7059,151.8386,325.3,2.4,1.5,2014-01-04,0313,Aqua,MODIS,55,6.2,305.8,28.7,D,0
-25.4044,150.9114,326.9,2.9,1.6,2014-01-04,0313,Aqua,MODIS,59,6.2,305.8,35.7,D,0
-25.4018,150.9401,333,2.9,1.6,2014-01-04,0313,Aqua,MODIS,77,6.2,305.2,75.1,D,0
-25.231,150.4654,334.3,3.1,1.7,2014-01-04,0313,Aqua,MODIS,79,6.2,306.1,83.8,D,0
-25.0256,149.7247,334.2,3.5,1.8,2014-01-04,0313,Aqua,MODIS,80,6.2,304.5,120,D,0
-25.0097,149.7232,328.6,3.5,1.8,2014-01-04,0313,Aqua,MODIS,52,6.2,306.1,69.6,D,0
-24.9825,151.4599,338.9,2.6,1.6,2014-01-04,0313,Aqua,MODIS,82,6.2,299.6,110.8,D,0
-25.0069,149.7574,328.8,3.5,1.8,2014-01-04,0313,Aqua,MODIS,57,6.2,305.4,70.8,D,0
-25.0228,149.7595,331.4,3.5,1.8,2014-01-04,0313,Aqua,MODIS,76,6.2,302.6,96.6,D,0
-25.2538,150.0392,333.2,3.3,1.7,2014-01-04,0313,Aqua,MODIS,78,6.2,305.3,97.6,D,0
-25.2663,150.012,355.8,3.4,1.7,2014-01-04,0313,Aqua,MODIS,97,6.2,305,337,D,0
-24.9779,149.7196,328,3.5,1.8,2014-01-04,0313,Aqua,MODIS,62,6.2,305.1,57.2,D,0
-22.3721,148.1978,329.9,4.2,1.9,2014-01-04,0313,Aqua,MODIS,83,6.2,302.9,79.4,D,0
-22.3754,148.1581,327.9,4.2,1.9,2014-01-04,0313,Aqua,MODIS,76,6.2,302.2,62.6,D,0
-25.2722,150.0074,355.4,3.4,1.7,2014-01-04,0313,Aqua,MODIS,97,6.2,305.4,332.3,D,0
-24.9787,151.4539,337.8,2.6,1.6,2014-01-04,0313,Aqua,MODIS,82,6.2,299,103.7,D,0
-25.2339,150.4605,331.4,3.1,1.7,2014-01-04,0313,Aqua,MODIS,74,6.2,306,64.7,D,0
-22.36,148.161,328.3,4.2,1.9,2014-01-04,0313,Aqua,MODIS,81,6.2,301.8,68,D,0
-22.4306,148.1219,326.3,4.3,1.9,2014-01-04,0313,Aqua,MODIS,41,6.2,301.9,48.6,D,0
-25.0191,149.7313,345.7,3.5,1.8,2014-01-04,0313,Aqua,MODIS,91,6.2,305.1,240,D,0
-22.3772,148.1626,328.6,4.2,1.9,2014-01-04,0313,Aqua,MODIS,75,6.2,302.2,67.5,D,0
-22.4133,148.1207,327.1,4.3,1.9,2014-01-04,0313,Aqua,MODIS,40,6.2,302.1,54.5,D,0
-25.7299,150.9736,329.8,2.9,1.6,2014-01-04,0313,Aqua,MODIS,52,6.2,306.2,54.1,D,0
-25.73,150.9687,329.2,2.9,1.6,2014-01-04,0313,Aqua,MODIS,46,6.2,306.3,48.3,D,0
-22.7804,150.5193,324.9,2.9,1.6,2014-01-04,0313,Aqua,MODIS,44,6.2,297.4,55,D,0
-24.0095,149.4934,332.8,3.5,1.8,2014-01-04,0313,Aqua,MODIS,71,6.2,304,93.7,D,0
-22.783,150.4916,333.3,2.9,1.6,2014-01-04,0313,Aqua,MODIS,76,6.2,297.9,101.9,D,0
-23.9074,148.268,331.8,4.3,1.9,2014-01-04,0313,Aqua,MODIS,49,6.2,307.8,78.7,D,0
-25.1379,153.2399,330.6,2,1.4,2014-01-04,0313,Aqua,MODIS,68,6.2,303.2,58.1,D,0
-25.1236,153.2578,327.4,2,1.4,2014-01-04,0313,Aqua,MODIS,44,6.2,299.9,41.8,D,0
-25.1256,153.2381,365.8,2,1.4,2014-01-04,0313,Aqua,MODIS,94,6.2,307,249.1,D,0
-25.1132,153.2365,340,2,1.4,2014-01-04,0313,Aqua,MODIS,81,6.2,302.5,85.5,D,0
-25.1028,153.2158,326.8,2,1.4,2014-01-04,0313,Aqua,MODIS,40,6.2,303.8,35.9,D,0
-24.1299,151.3804,323.3,2.6,1.5,2014-01-04,0313,Aqua,MODIS,33,6.2,302.3,28.6,D,0
-24.1632,149.1951,336,3.7,1.8,2014-01-04,0313,Aqua,MODIS,80,6.2,303.7,156,D,0
-24.1561,149.1872,337.5,3.7,1.8,2014-01-04,0313,Aqua,MODIS,82,6.2,304.3,171.1,D,0
-24.1659,149.1579,334.2,3.8,1.8,2014-01-04,0313,Aqua,MODIS,78,6.2,304.4,140,D,0
-22.8909,150.3064,332.1,3,1.6,2014-01-04,0313,Aqua,MODIS,57,6.2,301.8,75.5,D,0
-21.8697,149.1115,325,3.6,1.8,2014-01-04,0314,Aqua,MODIS,36,6.2,300.6,44.6,D,0
-22.3582,148.1564,326.1,4.2,1.9,2014-01-04,0314,Aqua,MODIS,69,6.2,301.8,50.6,D,0
-31.6633,145.9199,330.6,2.9,1.6,2014-01-04,0449,Aqua,MODIS,65,6.2,314.6,62.1,D,0
-32.3035,145.973,335.6,2.8,1.6,2014-01-04,0449,Aqua,MODIS,78,6.2,316.5,85.1,D,0
-32.2971,146.0022,329,2.8,1.6,2014-01-04,0449,Aqua,MODIS,64,6.2,314.9,46.2,D,0
-26.5164,147.3325,333.2,4.7,2,2014-01-04,0450,Aqua,MODIS,63,6.2,311.8,100.2,D,0
-26.4989,147.327,341,4.7,2,2014-01-04,0450,Aqua,MODIS,81,6.2,311.6,209.8,D,0
-26.51,147.2807,337,4.7,2,2014-01-04,0450,Aqua,MODIS,74,6.2,313.4,144.2,D,0
-26.5023,147.3239,347.2,4.7,2,2014-01-04,0450,Aqua,MODIS,89,6.2,312,320.3,D,0
-26.5132,147.2775,336.2,4.7,2,2014-01-04,0450,Aqua,MODIS,72,6.2,313.5,136.4,D,0
-26.2199,146.7737,334.4,4.4,1.9,2014-01-04,0450,Aqua,MODIS,68,6.2,312.6,112.8,D,0
-26.2209,146.7816,332.5,4.4,1.9,2014-01-04,0450,Aqua,MODIS,55,6.2,312.8,88.1,D,0
-25.617,140.179,357,1.6,1.3,2014-01-04,0451,Aqua,MODIS,97,6.2,319.9,106.1,D,0
-25.62,140.1631,340,1.6,1.2,2014-01-04,0451,Aqua,MODIS,75,6.2,319.1,33.7,D,0
-25.6166,140.1898,337.8,1.6,1.3,2014-01-04,0451,Aqua,MODIS,56,6.2,318.5,26.8,D,0
-25.6194,140.1738,348.3,1.6,1.3,2014-01-04,0451,Aqua,MODIS,90,6.2,319.5,64.2,D,0
-25.597,140.1688,337.8,1.6,1.3,2014-01-04,0451,Aqua,MODIS,17,6.2,320.9,24.8,D,0
-23.8888,145.3883,339.1,4.1,1.9,2014-01-04,0451,Aqua,MODIS,78,6.2,311.9,110.6,D,0
-23.8845,145.3788,338.2,4.1,1.9,2014-01-04,0451,Aqua,MODIS,77,6.2,312.2,97.7,D,0
-24.2096,146.2492,336.6,4.6,2,2014-01-04,0451,Aqua,MODIS,72,6.2,309.5,141.2,D,0
-24.2194,146.2062,334.2,4.5,2,2014-01-04,0451,Aqua,MODIS,61,6.2,308.4,106.8,D,0
-24.1677,146.1913,345.5,4.5,2,2014-01-04,0451,Aqua,MODIS,87,6.2,308.9,276.3,D,0
-24.1775,146.1487,361.7,4.5,2,2014-01-04,0451,Aqua,MODIS,100,6.2,310.1,602.8,D,0
-24.2116,146.2452,337.2,4.6,2,2014-01-04,0451,Aqua,MODIS,75,6.2,309.6,148.5,D,0
-24.2212,146.202,331.1,4.5,2,2014-01-04,0451,Aqua,MODIS,31,6.2,308.2,69,D,0
-24.1867,146.1918,331.7,4.5,2,2014-01-04,0451,Aqua,MODIS,56,6.2,309.2,83.1,D,0
-24.1695,146.1868,349.1,4.5,2,2014-01-04,0451,Aqua,MODIS,91,6.2,309,340.3,D,0
-24.179,146.1443,355.9,4.5,2,2014-01-04,0451,Aqua,MODIS,97,6.2,309.9,468.6,D,0
-24.1618,146.1396,333.6,4.5,2,2014-01-04,0451,Aqua,MODIS,65,6.2,312,106.3,D,0
-25.409,127.5863,334.9,2.3,1.5,2014-01-04,0451,Aqua,MODIS,38,6.2,320.8,26,D,0
-25.3978,127.5618,338.9,2.3,1.5,2014-01-04,0451,Aqua,MODIS,78,6.2,320.9,49.2,D,0
-25.3996,127.578,356.3,2.3,1.5,2014-01-04,0451,Aqua,MODIS,97,6.2,323.4,171.1,D,0
-25.3957,127.5847,352.9,2.3,1.5,2014-01-04,0451,Aqua,MODIS,94,6.2,323.6,139.6,D,0
-21.1578,140.7672,354.6,2.2,1.4,2014-01-04,0452,Aqua,MODIS,96,6.2,315.2,138.1,D,0
-21.2167,140.7364,340.2,2.2,1.4,2014-01-04,0452,Aqua,MODIS,80,6.2,315.2,49.5,D,0
-21.1618,140.7459,337.2,2.2,1.4,2014-01-04,0452,Aqua,MODIS,36,6.2,316.2,31.8,D,0
-21.1589,140.7598,353.5,2.2,1.4,2014-01-04,0452,Aqua,MODIS,95,6.2,316.1,130.2,D,0
-16.3137,141.7186,337,3.2,1.7,2014-01-04,0453,Aqua,MODIS,84,6.2,298.9,114.1,D,0
-16.9036,143.6081,320.8,4.3,1.9,2014-01-04,0453,Aqua,MODIS,39,6.2,293.7,52.9,D,0
-16.8075,143.621,333.8,4.4,1.9,2014-01-04,0453,Aqua,MODIS,80,6.2,294.2,185.3,D,0
-18.3571,140.4992,330.3,2.4,1.5,2014-01-04,0453,Aqua,MODIS,46,6.2,300.4,56.6,D,0
-16.8155,143.576,324.1,4.3,1.9,2014-01-04,0453,Aqua,MODIS,58,6.2,294.3,80.3,D,0
-18.7821,138.4033,344.7,1.6,1.3,2014-01-04,0453,Aqua,MODIS,86,6.2,309.2,55,D,0
-16.8157,143.5809,328.2,4.3,1.9,2014-01-04,0453,Aqua,MODIS,72,6.2,294.4,119.8,D,0
-18.7934,138.4053,340,1.6,1.3,2014-01-04,0453,Aqua,MODIS,80,6.2,310.1,35.6,D,0
-16.2985,141.7155,335.3,3.2,1.7,2014-01-04,0453,Aqua,MODIS,82,6.2,297.5,101.3,D,0
-18.7794,138.4188,338.2,1.7,1.3,2014-01-04,0453,Aqua,MODIS,70,6.2,310.9,30,D,0
-16.8076,143.6162,336.2,4.4,1.9,2014-01-04,0453,Aqua,MODIS,83,6.2,294.2,216.8,D,0
-16.3194,141.6887,328.5,3.2,1.7,2014-01-04,0453,Aqua,MODIS,70,6.2,299.6,46.2,D,0
-19.8843,124.6803,338.2,3.2,1.7,2014-01-04,0453,Aqua,MODIS,78,6.2,307.9,107.2,D,0
-19.887,124.674,342,3.2,1.7,2014-01-04,0453,Aqua,MODIS,87,6.2,308.5,141.3,D,0
-17.947,130.5386,359.4,1.2,1.1,2014-01-04,0453,Aqua,MODIS,99,6.2,283.4,94.4,D,0
-17.4982,138.4325,338.2,1.8,1.3,2014-01-04,0453,Aqua,MODIS,71,6.2,305.2,50.2,D,0
-18.6355,137.7816,343.4,1.5,1.2,2014-01-04,0453,Aqua,MODIS,70,6.2,318.7,27.6,D,0
-18.6379,137.7675,349.3,1.5,1.2,2014-01-04,0453,Aqua,MODIS,91,6.2,320.6,45.4,D,0
-18.6344,137.776,354.3,1.5,1.2,2014-01-04,0453,Aqua,MODIS,95,6.2,319.1,72.1,D,0
-18.6236,137.7739,403.1,1.5,1.2,2014-01-04,0453,Aqua,MODIS,100,6.2,320.7,443.7,D,0
-18.626,137.7597,356.9,1.5,1.2,2014-01-04,0453,Aqua,MODIS,97,6.2,319.6,86.7,D,0
-18.6128,137.7719,388,1.5,1.2,2014-01-04,0453,Aqua,MODIS,100,6.2,311.3,299.3,D,0
-18.6151,137.7578,371.5,1.5,1.2,2014-01-04,0453,Aqua,MODIS,100,6.2,315.4,174.3,D,0
-18.6175,137.7437,365.9,1.5,1.2,2014-01-04,0453,Aqua,MODIS,99,6.2,318.9,140.1,D,0
-18.6067,137.7417,351.1,1.5,1.2,2014-01-04,0453,Aqua,MODIS,80,6.2,310,76.9,D,0
-15.3649,135.0349,323.9,1.2,1.1,2014-01-04,0454,Aqua,MODIS,22,6.2,290.5,9.7,D,0
-15.3778,135.0151,340.5,1.2,1.1,2014-01-04,0454,Aqua,MODIS,83,6.2,292.9,32.6,D,0
-15.3553,135.0333,330.1,1.2,1.1,2014-01-04,0454,Aqua,MODIS,71,6.2,290.1,19.4,D,0
-15.3874,135.0167,339.4,1.2,1.1,2014-01-04,0454,Aqua,MODIS,75,6.2,290.6,30.5,D,0
-15.3762,135.0258,353.2,1.2,1.1,2014-01-04,0454,Aqua,MODIS,96,6.2,291.8,65.9,D,0
-15.3666,135.0242,332.5,1.2,1.1,2014-01-04,0454,Aqua,MODIS,70,6.2,293.2,20.9,D,0
-15.357,135.0226,327.1,1.2,1.1,2014-01-04,0454,Aqua,MODIS,48,6.2,291.8,13.6,D,0
-12.3748,132.0439,333.2,1,1,2014-01-04,0455,Aqua,MODIS,82,6.2,301.4,23.7,D,0
-34.7773,117.1799,338.7,1.4,1.2,2014-01-04,0627,Aqua,MODIS,67,6.2,287.8,46.7,D,0
-34.7325,117.2458,391.5,1.4,1.2,2014-01-04,0627,Aqua,MODIS,0,6.2,296.5,328.8,D,0
-34.7352,117.2308,391.4,1.4,1.2,2014-01-04,0627,Aqua,MODIS,0,6.2,302.9,324.2,D,0
-34.7303,117.1982,338.2,1.4,1.2,2014-01-04,0627,Aqua,MODIS,0,6.2,287.5,47.8,D,0
-34.6996,117.1515,362.6,1.4,1.2,2014-01-04,0627,Aqua,MODIS,75,6.2,290.5,137,D,0
-34.7023,117.1367,358.1,1.4,1.2,2014-01-04,0627,Aqua,MODIS,93,6.2,293.3,117.6,D,0
-29.9524,118.1462,339.9,2,1.4,2014-01-04,0629,Aqua,MODIS,81,6.2,320.2,55,D,0
-29.9484,118.1663,334.6,2,1.4,2014-01-04,0629,Aqua,MODIS,43,6.2,317.1,33.4,D,0
-33.1311,150.3927,314.4,1.2,1.1,2014-01-04,1235,Terra,MODIS,55,6.2,290.7,16.2,N,0
-33.0506,150.3881,337.9,1.2,1.1,2014-01-04,1235,Terra,MODIS,100,6.2,291.6,53.4,N,0
-33.0622,150.3762,324.7,1.2,1.1,2014-01-04,1235,Terra,MODIS,61,6.2,291.5,29.4,N,0
-33.0608,150.3817,334.6,1.2,1.1,2014-01-04,1235,Terra,MODIS,100,6.2,292.4,46.8,N,0
-33.0548,150.4347,321.1,1.2,1.1,2014-01-04,1235,Terra,MODIS,25,6.2,290.2,23.4,N,0
-33.1194,150.4046,320.3,1.2,1.1,2014-01-04,1235,Terra,MODIS,87,6.2,290.8,23.3,N,0
-33.1938,150.4627,306.6,1.2,1.1,2014-01-04,1235,Terra,MODIS,68,6.2,292.3,9.8,N,0
-33.0924,150.3729,365.9,1.2,1.1,2014-01-04,1235,Terra,MODIS,100,6.2,292.7,141,N,0
-33.138,150.4206,306.6,1.2,1.1,2014-01-04,1235,Terra,MODIS,69,6.2,291.1,10,N,0
-33.111,150.3896,362.3,1.2,1.1,2014-01-04,1235,Terra,MODIS,100,6.2,295.1,127.3,N,0
-33.1295,150.4062,326.8,1.2,1.1,2014-01-04,1235,Terra,MODIS,100,6.2,292.1,33,N,0
-33.1025,150.3747,355,1.2,1.1,2014-01-04,1235,Terra,MODIS,100,6.2,293.6,100.1,N,0
-33.121,150.3911,313.7,1.2,1.1,2014-01-04,1235,Terra,MODIS,43,6.2,289.3,15.5,N,0
-33.1009,150.3881,339.1,1.2,1.1,2014-01-04,1235,Terra,MODIS,100,6.2,292.9,56.4,N,0
-33.1777,150.5144,301.6,1.2,1.1,2014-01-04,1235,Terra,MODIS,43,6.2,291.3,6.2,N,0
-33.1791,150.5016,304,1.2,1.1,2014-01-04,1235,Terra,MODIS,58,6.2,290.7,7.7,N,0
-33.1387,150.5884,306.6,1.2,1.1,2014-01-04,1235,Terra,MODIS,16,6.2,291,8.9,N,0
-28.4631,152.1028,310.4,1,1,2014-01-04,1236,Terra,MODIS,80,6.2,292.6,9.8,N,0
-31.4229,151.5722,300.9,1.1,1,2014-01-04,1236,Terra,MODIS,27,6.2,288.2,5.7,N,0
-31.4244,151.5606,314.3,1.1,1,2014-01-04,1236,Terra,MODIS,89,6.2,288.6,15.4,N,0
-31.4151,151.559,307.6,1.1,1,2014-01-04,1236,Terra,MODIS,72,6.2,288.9,10.3,N,0
-25.932,152.3911,308.5,1,1,2014-01-04,1237,Terra,MODIS,36,6.2,297.7,5,N,0
-25.9334,152.3812,308.7,1,1,2014-01-04,1237,Terra,MODIS,39,6.2,297.5,5.1,N,0
-25.9243,152.3835,309.9,1,1,2014-01-04,1237,Terra,MODIS,71,6.2,297.6,6.6,N,0
-26.0382,150.3484,312.7,1.1,1,2014-01-04,1237,Terra,MODIS,41,6.2,298.6,6.7,N,0
-26.0289,150.3469,326.2,1.1,1,2014-01-04,1237,Terra,MODIS,100,6.2,299.6,20.4,N,0
-26.0317,150.3255,320.9,1.1,1,2014-01-04,1237,Terra,MODIS,100,6.2,298.7,15.4,N,0
-26.0223,150.3504,321.5,1.1,1,2014-01-04,1237,Terra,MODIS,100,6.2,299.1,16.3,N,0
-26.0237,150.3397,316.1,1.1,1,2014-01-04,1237,Terra,MODIS,91,6.2,298.7,11.2,N,0
-26.0251,150.3289,309.5,1.1,1,2014-01-04,1237,Terra,MODIS,57,6.2,298.1,5.6,N,0
-26.0368,150.3591,312.2,1.1,1,2014-01-04,1237,Terra,MODIS,36,6.2,298.7,6.3,N,0
-26.0262,150.3683,318.2,1.1,1,2014-01-04,1237,Terra,MODIS,96,6.2,298.8,12.2,N,0
-26.0275,150.3576,330.2,1.1,1,2014-01-04,1237,Terra,MODIS,100,6.2,300,25.7,N,0
-26.0209,150.3611,321.2,1.1,1,2014-01-04,1237,Terra,MODIS,100,6.2,298.9,16.6,N,0
-25.9679,150.3306,310.3,1.1,1,2014-01-04,1237,Terra,MODIS,76,6.2,298.4,6.6,N,0
-25.9572,150.3397,311.4,1.1,1,2014-01-04,1237,Terra,MODIS,79,6.2,298.9,7.1,N,0
-25.9586,150.329,325.9,1.1,1,2014-01-04,1237,Terra,MODIS,100,6.2,299.7,22.2,N,0
-25.6824,148.8811,316,1.2,1.1,2014-01-04,1237,Terra,MODIS,51,6.2,294,14.2,N,0
-25.6839,148.8687,317.5,1.2,1.1,2014-01-04,1237,Terra,MODIS,95,6.2,286.7,16.4,N,0
-25.6853,148.8566,306.8,1.2,1.1,2014-01-04,1237,Terra,MODIS,53,6.2,284.4,6,N,0
-25.6725,148.8796,321.7,1.2,1.1,2014-01-04,1237,Terra,MODIS,79,6.2,293.7,21,N,0
-25.6739,148.8674,318.4,1.2,1.1,2014-01-04,1237,Terra,MODIS,90,6.2,289.3,16.9,N,0
-25.6628,148.8717,317.1,1.2,1.1,2014-01-04,1237,Terra,MODIS,86,6.2,292.6,16.6,N,0
-25.6514,148.8826,315.7,1.2,1.1,2014-01-04,1237,Terra,MODIS,91,6.2,290.2,15.6,N,0
-25.6529,148.8704,308.8,1.2,1.1,2014-01-04,1237,Terra,MODIS,48,6.2,289,8.5,N,0
-26.7141,152.325,308.7,1,1,2014-01-04,1237,Terra,MODIS,73,6.2,297.6,5.3,N,0
-26.7155,152.315,308.7,1,1,2014-01-04,1237,Terra,MODIS,58,6.2,297.8,5.1,N,0
-26.7051,152.3234,313.9,1,1,2014-01-04,1237,Terra,MODIS,60,6.2,297.9,8.3,N,0
-26.7065,152.3133,317.5,1,1,2014-01-04,1237,Terra,MODIS,95,6.2,298.4,11.2,N,0
-26.6975,152.3117,311.9,1,1,2014-01-04,1237,Terra,MODIS,51,6.2,298.3,6.6,N,0
-26.699,152.3017,311.7,1,1,2014-01-04,1237,Terra,MODIS,48,6.2,298.5,6.4,N,0
-27.5466,153.4221,317.5,1,1,2014-01-04,1237,Terra,MODIS,95,6.2,295.3,15.4,N,0
-27.5376,153.4204,339.5,1,1,2014-01-04,1237,Terra,MODIS,100,6.2,296.1,42.8,N,0
-27.5285,153.4186,322.1,1,1,2014-01-04,1237,Terra,MODIS,100,6.2,295.9,19.2,N,0
-27.4867,153.4575,316.1,1,1,2014-01-04,1237,Terra,MODIS,90,6.2,294.3,13.7,N,0
-27.4882,153.4472,310,1,1,2014-01-04,1237,Terra,MODIS,53,6.2,294.4,8.2,N,0
-27.4776,153.4558,349,1,1,2014-01-04,1237,Terra,MODIS,100,6.2,295.9,60.3,N,0
-27.4792,153.4455,330.1,1,1,2014-01-04,1237,Terra,MODIS,100,6.2,295.6,27.2,N,0
-27.4685,153.4541,372.2,1,1,2014-01-04,1237,Terra,MODIS,100,6.2,298.2,125.5,N,0
-27.4701,153.4438,380.2,1,1,2014-01-04,1237,Terra,MODIS,100,6.2,300.9,156.4,N,0
-27.4594,153.4524,337.4,1,1,2014-01-04,1237,Terra,MODIS,100,6.2,295.7,38.6,N,0
-27.461,153.4421,366.1,1,1,2014-01-04,1237,Terra,MODIS,100,6.2,297.5,104.8,N,0
-26.215,146.7813,326.2,1.7,1.3,2014-01-04,1237,Terra,MODIS,100,6.2,299.7,45.2,N,0
-26.2168,146.7646,311.1,1.7,1.3,2014-01-04,1237,Terra,MODIS,78,6.2,299.6,15.5,N,0
-25.4018,147.6519,322.7,1.4,1.2,2014-01-04,1237,Terra,MODIS,100,6.2,300.4,21.4,N,0
-25.4108,147.6676,320.2,1.4,1.2,2014-01-04,1237,Terra,MODIS,100,6.2,300.3,17.7,N,0
-27.6837,153.4337,330.7,1,1,2014-01-04,1237,Terra,MODIS,100,6.2,294.2,28.7,N,0
-25.4338,147.6564,320,1.4,1.2,2014-01-04,1237,Terra,MODIS,99,6.2,300.6,19.4,N,0
-25.4573,147.6803,342.4,1.4,1.2,2014-01-04,1237,Terra,MODIS,100,6.2,303.1,70.1,N,0
-25.4654,147.609,322.8,1.4,1.2,2014-01-04,1237,Terra,MODIS,100,6.2,300.9,22.9,N,0
-25.4321,147.6705,319.5,1.4,1.2,2014-01-04,1237,Terra,MODIS,60,6.2,300.3,18.3,N,0
-25.2781,147.5569,310.6,1.4,1.2,2014-01-04,1237,Terra,MODIS,79,6.2,299.5,7.5,N,0
-25.3079,147.6766,315.2,1.4,1.2,2014-01-04,1237,Terra,MODIS,79,6.2,298.9,11.3,N,0
-25.2328,150.5577,312.9,1,1,2014-01-04,1237,Terra,MODIS,86,6.2,297.8,7.2,N,0
-25.306,147.5022,310,1.5,1.2,2014-01-04,1237,Terra,MODIS,79,6.2,298.4,8.5,N,0
-25.4605,147.652,385.3,1.4,1.2,2014-01-04,1237,Terra,MODIS,100,6.2,311.3,288.2,N,0
-27.6565,153.4284,308.6,1,1,2014-01-04,1237,Terra,MODIS,44,6.2,294.2,7.2,N,0
-27.6747,153.4319,359.6,1,1,2014-01-04,1237,Terra,MODIS,100,6.2,296.8,85.1,N,0
-25.284,147.6014,320,1.4,1.2,2014-01-04,1237,Terra,MODIS,100,6.2,300,19.4,N,0
-25.4514,147.6363,382.4,1.4,1.2,2014-01-04,1237,Terra,MODIS,100,6.2,308.7,265.9,N,0
-25.365,147.69,316.2,1.4,1.2,2014-01-04,1237,Terra,MODIS,81,6.2,299.7,11.3,N,0
-25.4478,147.6293,365.9,1.4,1.2,2014-01-04,1237,Terra,MODIS,100,6.2,305.4,164.8,N,0
-27.6731,153.4423,318.8,1,1,2014-01-04,1237,Terra,MODIS,22,6.2,293.8,13.6,N,0
-25.4264,147.6265,328.6,1.4,1.2,2014-01-04,1237,Terra,MODIS,100,6.2,301.4,35.2,N,0
-25.2988,147.6613,315,1.4,1.2,2014-01-04,1237,Terra,MODIS,90,6.2,299.1,12.1,N,0
-25.4157,147.6251,313.9,1.4,1.2,2014-01-04,1237,Terra,MODIS,71,6.2,300.3,10.5,N,0
-25.4345,147.6914,319.2,1.4,1.2,2014-01-04,1237,Terra,MODIS,98,6.2,299.8,20.2,N,0
-25.2714,147.5785,371.9,1.4,1.2,2014-01-04,1237,Terra,MODIS,100,6.2,304.8,200.2,N,0
-25.4461,147.6436,375,1.4,1.2,2014-01-04,1237,Terra,MODIS,100,6.2,309.6,215.6,N,0
-25.4288,147.6985,316.6,1.4,1.2,2014-01-04,1237,Terra,MODIS,65,6.2,299.6,15.8,N,0
-27.658,153.4181,327.8,1,1,2014-01-04,1237,Terra,MODIS,100,6.2,295.2,24.7,N,0
-25.273,147.5642,364.4,1.4,1.2,2014-01-04,1237,Terra,MODIS,100,6.2,303.2,159,N,0
-25.4354,147.6423,338.7,1.4,1.2,2014-01-04,1237,Terra,MODIS,100,6.2,302.2,59.2,N,0
-25.4498,147.6506,393.4,1.4,1.2,2014-01-04,1237,Terra,MODIS,100,6.2,311.7,354.3,N,0
-25.4712,147.6534,368.8,1.4,1.2,2014-01-04,1237,Terra,MODIS,100,6.2,307.5,180,N,0
-25.3911,147.6503,323.5,1.4,1.2,2014-01-04,1237,Terra,MODIS,100,6.2,300.3,22,N,0
-25.4305,147.6844,317,1.4,1.2,2014-01-04,1237,Terra,MODIS,41,6.2,299.9,15.6,N,0
-25.3895,147.6644,314.4,1.4,1.2,2014-01-04,1237,Terra,MODIS,89,6.2,299.7,8.1,N,0
-25.2442,147.5314,314.4,1.4,1.2,2014-01-04,1237,Terra,MODIS,89,6.2,299.4,14.4,N,0
-25.3618,147.718,311.7,1.4,1.2,2014-01-04,1237,Terra,MODIS,20,6.2,299.2,9.4,N,0
-25.4124,147.6535,315.9,1.4,1.2,2014-01-04,1237,Terra,MODIS,92,6.2,299.9,10.8,N,0
-25.4942,147.642,343.5,1.4,1.2,2014-01-04,1237,Terra,MODIS,100,6.2,303,73.8,N,0
-25.468,147.6817,333.7,1.4,1.2,2014-01-04,1237,Terra,MODIS,100,6.2,301.8,48.3,N,0
-25.4174,147.6106,316.4,1.4,1.2,2014-01-04,1237,Terra,MODIS,90,6.2,300.3,14.7,N,0
-25.4376,147.6633,332,1.4,1.2,2014-01-04,1237,Terra,MODIS,100,6.2,301.2,43,N,0
-25.4411,147.6859,324.2,1.4,1.2,2014-01-04,1237,Terra,MODIS,100,6.2,300.8,28.6,N,0
-25.4744,147.6249,454.6,1.4,1.2,2014-01-04,1237,Terra,MODIS,100,6.2,329,1298.9,N,0
-25.2956,147.6894,312.8,1.4,1.2,2014-01-04,1237,Terra,MODIS,54,6.2,299.1,10.5,N,0
-25.4761,147.6105,326.7,1.4,1.2,2014-01-04,1237,Terra,MODIS,100,6.2,301.5,32.6,N,0
-25.4329,147.7055,309.1,1.4,1.2,2014-01-04,1237,Terra,MODIS,43,6.2,299,7.2,N,0
-25.4819,147.6548,348.2,1.4,1.2,2014-01-04,1237,Terra,MODIS,100,6.2,303.6,88.9,N,0
-25.4495,147.615,341.1,1.4,1.2,2014-01-04,1237,Terra,MODIS,100,6.2,302,67.6,N,0
-25.2653,147.671,321.7,1.4,1.2,2014-01-04,1237,Terra,MODIS,100,6.2,300.1,23.6,N,0
-25.5033,147.6577,316.9,1.4,1.2,2014-01-04,1237,Terra,MODIS,65,6.2,300.1,15,N,0
-27.6656,153.4302,354.6,1,1,2014-01-04,1237,Terra,MODIS,100,6.2,296.9,72.7,N,0
-25.4851,147.6263,416.3,1.4,1.2,2014-01-04,1237,Terra,MODIS,100,6.2,318.2,609.2,N,0
-25.4408,147.6349,345.1,1.4,1.2,2014-01-04,1237,Terra,MODIS,100,6.2,302.8,78.9,N,0
-25.5016,147.6721,312.9,1.4,1.2,2014-01-04,1237,Terra,MODIS,40,6.2,299.3,9.9,N,0
-25.2749,147.5855,348.6,1.4,1.2,2014-01-04,1237,Terra,MODIS,100,6.2,301.8,91.9,N,0
-25.3063,147.6907,314.6,1.4,1.2,2014-01-04,1237,Terra,MODIS,64,6.2,299.2,11.7,N,0
-25.2613,147.6641,340.7,1.4,1.2,2014-01-04,1237,Terra,MODIS,100,6.2,301.7,67.2,N,0
-25.2596,147.678,310.2,1.4,1.2,2014-01-04,1237,Terra,MODIS,79,6.2,298.9,9,N,0
-25.2808,147.63,319,1.4,1.2,2014-01-04,1237,Terra,MODIS,98,6.2,299.6,16.5,N,0
-25.2578,147.6413,309.6,1.4,1.2,2014-01-04,1237,Terra,MODIS,67,6.2,299.1,7.1,N,0
-25.2866,147.6739,319.5,1.4,1.2,2014-01-04,1237,Terra,MODIS,99,6.2,299.3,19.6,N,0
-25.4884,147.5977,328.5,1.4,1.2,2014-01-04,1237,Terra,MODIS,100,6.2,300.4,36.8,N,0
-25.0077,151.4626,308.2,1,1,2014-01-04,1237,Terra,MODIS,60,6.2,296.4,5.3,N,0
-25.4589,147.6662,356.5,1.4,1.2,2014-01-04,1237,Terra,MODIS,100,6.2,305.2,120,N,0
-25.2765,147.5713,413.3,1.4,1.2,2014-01-04,1237,Terra,MODIS,100,6.2,309.9,573.6,N,0
-25.4059,147.7096,315.3,1.4,1.2,2014-01-04,1237,Terra,MODIS,18,6.2,299.4,12.6,N,0
-25.2775,147.6585,326.8,1.4,1.2,2014-01-04,1237,Terra,MODIS,100,6.2,300.4,31.9,N,0
-25.3852,147.6066,319.7,1.4,1.2,2014-01-04,1237,Terra,MODIS,99,6.2,300.3,19.3,N,0
-25.2979,147.5744,318.1,1.4,1.2,2014-01-04,1237,Terra,MODIS,96,6.2,300.2,17.9,N,0
-25.4868,147.612,349.7,1.4,1.2,2014-01-04,1237,Terra,MODIS,100,6.2,303.2,95.2,N,0
-25.3169,147.692,312.9,1.4,1.2,2014-01-04,1237,Terra,MODIS,33,6.2,298.8,7.8,N,0
-25.4002,147.666,318.3,1.4,1.2,2014-01-04,1237,Terra,MODIS,97,6.2,300.1,13.8,N,0
-25.1848,147.7665,312.4,1.4,1.2,2014-01-04,1237,Terra,MODIS,85,6.2,298.2,12.4,N,0
-25.4991,147.5994,320.4,1.4,1.2,2014-01-04,1237,Terra,MODIS,100,6.2,300.9,22,N,0
-25.3745,147.6054,313.1,1.4,1.2,2014-01-04,1237,Terra,MODIS,73,6.2,299.5,10.3,N,0
-25.2733,147.5998,314.2,1.4,1.2,2014-01-04,1237,Terra,MODIS,89,6.2,298.9,12.3,N,0
-25.374,147.7055,314.6,1.4,1.2,2014-01-04,1237,Terra,MODIS,14,6.2,299.5,9.6,N,0
-25.2629,147.6501,413.6,1.4,1.2,2014-01-04,1237,Terra,MODIS,100,6.2,311.1,567.9,N,0
-25.4835,147.6406,385.7,1.4,1.2,2014-01-04,1237,Terra,MODIS,100,6.2,312.1,290.6,N,0
-25.3227,147.7352,328.5,1.4,1.2,2014-01-04,1237,Terra,MODIS,100,6.2,299.7,36.7,N,0
-25.4909,147.6705,314,1.4,1.2,2014-01-04,1237,Terra,MODIS,72,6.2,299.6,11.4,N,0
-25.2523,147.6485,313.9,1.4,1.2,2014-01-04,1237,Terra,MODIS,88,6.2,299.2,13.5,N,0
-25.4392,147.6492,352.7,1.4,1.2,2014-01-04,1237,Terra,MODIS,100,6.2,303.6,104.9,N,0
-25.4621,147.6378,402.4,1.4,1.2,2014-01-04,1237,Terra,MODIS,100,6.2,313.8,442.9,N,0
-25.453,147.6219,394,1.4,1.2,2014-01-04,1237,Terra,MODIS,100,6.2,308.6,361.1,N,0
-25.2898,147.6457,314.2,1.4,1.2,2014-01-04,1237,Terra,MODIS,72,6.2,299,10.1,N,0
-25.3047,147.7047,324.2,1.4,1.2,2014-01-04,1237,Terra,MODIS,100,6.2,299.9,28.3,N,0
-25.276,147.6725,319.8,1.4,1.2,2014-01-04,1237,Terra,MODIS,80,6.2,299.7,19.7,N,0
-25.3031,147.7185,310.2,1.4,1.2,2014-01-04,1237,Terra,MODIS,8,6.2,298.7,8,N,0
-25.1863,147.7532,329.9,1.4,1.2,2014-01-04,1237,Terra,MODIS,100,6.2,299.3,41.2,N,0
-25.2888,147.5585,325.3,1.4,1.2,2014-01-04,1237,Terra,MODIS,100,6.2,299.9,30.5,N,0
-25.2973,147.6752,319.1,1.4,1.2,2014-01-04,1237,Terra,MODIS,98,6.2,299.3,17.4,N,0
-25.2962,147.5889,314.1,1.4,1.2,2014-01-04,1237,Terra,MODIS,63,6.2,299.4,11,N,0
-25.4696,147.6676,348.2,1.4,1.2,2014-01-04,1237,Terra,MODIS,100,6.2,304,89.1,N,0
-25.2791,147.6444,321.6,1.4,1.2,2014-01-04,1237,Terra,MODIS,100,6.2,299.9,21.8,N,0
-25.4428,147.6719,343.8,1.4,1.2,2014-01-04,1237,Terra,MODIS,100,6.2,302.8,74.6,N,0
-25.2685,147.643,460,1.4,1.2,2014-01-04,1237,Terra,MODIS,100,6.2,319.7,1414.8,N,0
-25.3634,147.7041,315.9,1.4,1.2,2014-01-04,1237,Terra,MODIS,41,6.2,299.6,11.1,N,0
-25.2824,147.6157,322.7,1.4,1.2,2014-01-04,1237,Terra,MODIS,100,6.2,300.3,23,N,0
-25.3761,147.5911,310.8,1.4,1.2,2014-01-04,1237,Terra,MODIS,32,6.2,299.1,8.3,N,0
-27.6928,153.4355,307.6,1,1,2014-01-04,1237,Terra,MODIS,70,6.2,293.4,6.8,N,0
-25.3805,147.6489,316.2,1.4,1.2,2014-01-04,1237,Terra,MODIS,92,6.2,299.9,11.6,N,0
-25.4371,147.6279,326.4,1.4,1.2,2014-01-04,1237,Terra,MODIS,100,6.2,301.3,31.5,N,0
-25.2563,147.6555,332.8,1.4,1.2,2014-01-04,1237,Terra,MODIS,100,6.2,300.8,46.4,N,0
-25.4444,147.6578,359,1.4,1.2,2014-01-04,1237,Terra,MODIS,100,6.2,305.4,131,N,0
-25.2882,147.6599,317.7,1.4,1.2,2014-01-04,1237,Terra,MODIS,96,6.2,299.3,15.9,N,0
-25.436,147.6774,321.5,1.4,1.2,2014-01-04,1237,Terra,MODIS,95,6.2,300.4,22.6,N,0
-25.4451,147.6929,324.4,1.4,1.2,2014-01-04,1237,Terra,MODIS,100,6.2,300.6,28.8,N,0
-25.4926,147.6562,332.3,1.4,1.2,2014-01-04,1237,Terra,MODIS,100,6.2,301.4,43.5,N,0
-25.4975,147.6136,354.7,1.4,1.2,2014-01-04,1237,Terra,MODIS,100,6.2,304.8,113,N,0
-27.6762,153.4216,319.5,1,1,2014-01-04,1237,Terra,MODIS,52,6.2,294.3,14.4,N,0
-25.2744,147.6863,324,1.4,1.2,2014-01-04,1237,Terra,MODIS,100,6.2,299.7,28.7,N,0
-25.4728,147.6392,425.9,1.4,1.2,2014-01-04,1237,Terra,MODIS,100,6.2,321.9,745.7,N,0
-25.4231,147.655,314,1.4,1.2,2014-01-04,1237,Terra,MODIS,57,6.2,299.9,8.4,N,0
-25.4281,147.6122,314,1.4,1.2,2014-01-04,1237,Terra,MODIS,63,6.2,300,11.4,N,0
-25.3869,147.5923,317.9,1.4,1.2,2014-01-04,1237,Terra,MODIS,94,6.2,299.8,17.8,N,0
-25.2856,147.5873,323.9,1.4,1.2,2014-01-04,1237,Terra,MODIS,100,6.2,300.8,26.5,N,0
-25.4483,147.6648,358.7,1.4,1.2,2014-01-04,1237,Terra,MODIS,100,6.2,304.6,130.3,N,0
-25.4958,147.6277,351.5,1.4,1.2,2014-01-04,1237,Terra,MODIS,100,6.2,304.3,100.8,N,0
-25.5082,147.6151,316.8,1.4,1.2,2014-01-04,1237,Terra,MODIS,60,6.2,300.1,14.9,N,0
-25.4467,147.6789,348.2,1.4,1.2,2014-01-04,1237,Terra,MODIS,100,6.2,303.3,89.8,N,0
-25.4247,147.6409,312.8,1.4,1.2,2014-01-04,1237,Terra,MODIS,29,6.2,300.2,8.3,N,0
-25.4803,147.6689,326.8,1.4,1.2,2014-01-04,1237,Terra,MODIS,100,6.2,301.3,33.2,N,0
-25.2506,147.6625,340.8,1.4,1.2,2014-01-04,1237,Terra,MODIS,100,6.2,301,67.8,N,0
-25.3836,147.6207,314,1.4,1.2,2014-01-04,1237,Terra,MODIS,55,6.2,299.7,9.7,N,0
-25.2946,147.6031,312.9,1.4,1.2,2014-01-04,1237,Terra,MODIS,84,6.2,299.3,8.6,N,0
-25.2701,147.6285,313.3,1.4,1.2,2014-01-04,1237,Terra,MODIS,54,6.2,300,10.3,N,0
-25.4043,147.7237,315.5,1.4,1.2,2014-01-04,1237,Terra,MODIS,52,6.2,299.3,14.1,N,0
-25.4034,147.6379,317.1,1.4,1.2,2014-01-04,1237,Terra,MODIS,81,6.2,300.2,13.5,N,0
-25.268,147.6074,310.5,1.4,1.2,2014-01-04,1237,Terra,MODIS,74,6.2,299,8.4,N,0
-25.2669,147.6571,392.8,1.4,1.2,2014-01-04,1237,Terra,MODIS,100,6.2,307,346.2,N,0
-25.2547,147.6696,332.1,1.4,1.2,2014-01-04,1237,Terra,MODIS,100,6.2,300.6,44.7,N,0
-27.6671,153.4199,330.1,1,1,2014-01-04,1237,Terra,MODIS,100,6.2,295.5,26.7,N,0
-25.2995,147.5599,328.6,1.4,1.2,2014-01-04,1237,Terra,MODIS,100,6.2,300,37.5,N,0
-25.5065,147.6292,332.4,1.4,1.2,2014-01-04,1237,Terra,MODIS,100,6.2,301.8,43.5,N,0
-25.5246,147.6607,309.8,1.4,1.2,2014-01-04,1237,Terra,MODIS,36,6.2,299.6,8,N,0
-25.4558,147.6944,322.9,1.4,1.2,2014-01-04,1237,Terra,MODIS,100,6.2,300.7,26.1,N,0
-25.2872,147.5731,355.8,1.4,1.2,2014-01-04,1237,Terra,MODIS,100,6.2,303.9,119.3,N,0
-25.5049,147.6435,328.3,1.4,1.2,2014-01-04,1237,Terra,MODIS,100,6.2,301.4,34.3,N,0
-25.2646,147.6358,396.2,1.4,1.2,2014-01-04,1237,Terra,MODIS,100,6.2,305.7,379.2,N,0
-25.4637,147.6234,438,1.4,1.2,2014-01-04,1237,Terra,MODIS,100,6.2,320.4,953.1,N,0
-24.8393,147.407,333.7,1.5,1.2,2014-01-04,1238,Terra,MODIS,100,6.2,301.3,49.9,N,0
-24.8429,147.2747,313.9,1.5,1.2,2014-01-04,1238,Terra,MODIS,88,6.2,299.7,13.6,N,0
-24.7633,147.2728,320.1,1.5,1.2,2014-01-04,1238,Terra,MODIS,100,6.2,300.2,22.4,N,0
-24.7568,147.3314,359.4,1.5,1.2,2014-01-04,1238,Terra,MODIS,100,6.2,301.8,138,N,0
-24.7492,147.3009,364.8,1.5,1.2,2014-01-04,1238,Terra,MODIS,100,6.2,306.1,167,N,0
-24.7483,147.2797,325.3,1.5,1.2,2014-01-04,1238,Terra,MODIS,100,6.2,300.4,31.8,N,0
-24.7692,147.3185,391.4,1.5,1.2,2014-01-04,1238,Terra,MODIS,100,6.2,311.8,350.6,N,0
-24.7741,147.2741,316.3,1.5,1.2,2014-01-04,1238,Terra,MODIS,93,6.2,299.8,16.3,N,0
-24.746,147.3301,336.8,1.5,1.2,2014-01-04,1238,Terra,MODIS,100,6.2,301.7,57.1,N,0
-24.7767,147.349,332.7,1.5,1.2,2014-01-04,1238,Terra,MODIS,100,6.2,301.2,44.5,N,0
-24.766,147.3472,334.1,1.5,1.2,2014-01-04,1238,Terra,MODIS,100,6.2,301.3,47.4,N,0
-24.8408,147.3931,312.2,1.5,1.2,2014-01-04,1238,Terra,MODIS,66,6.2,298.8,10.8,N,0
-24.7433,147.323,370.9,1.5,1.2,2014-01-04,1238,Terra,MODIS,100,6.2,307.2,198.4,N,0
-24.7843,147.3786,328.5,1.5,1.2,2014-01-04,1238,Terra,MODIS,100,6.2,300.8,35.8,N,0
-24.7751,147.363,360.2,1.5,1.2,2014-01-04,1238,Terra,MODIS,100,6.2,305.2,139.1,N,0
-24.7827,147.393,328,1.5,1.2,2014-01-04,1238,Terra,MODIS,100,6.2,300.6,35.1,N,0
-24.781,147.4073,317.3,1.4,1.2,2014-01-04,1238,Terra,MODIS,69,6.2,300.4,15,N,0
-24.795,147.3805,321,1.5,1.2,2014-01-04,1238,Terra,MODIS,100,6.2,300.1,22.2,N,0
-24.7325,147.321,323.9,1.5,1.2,2014-01-04,1238,Terra,MODIS,100,6.2,300.9,28.5,N,0
-24.7736,147.3771,345.7,1.5,1.2,2014-01-04,1238,Terra,MODIS,100,6.2,303.6,81.8,N,0
-24.8009,147.4245,318,1.4,1.2,2014-01-04,1238,Terra,MODIS,96,6.2,300.1,18.2,N,0
-24.8256,147.3996,318,1.5,1.2,2014-01-04,1238,Terra,MODIS,85,6.2,299.8,17.4,N,0
-24.7719,147.3914,333.1,1.5,1.2,2014-01-04,1238,Terra,MODIS,100,6.2,302.1,45.7,N,0
-24.8148,147.3983,316.2,1.5,1.2,2014-01-04,1238,Terra,MODIS,64,6.2,299.2,13.7,N,0
-24.8132,147.412,316.7,1.4,1.2,2014-01-04,1238,Terra,MODIS,48,6.2,299.9,15,N,0
-24.7967,147.3662,323,1.5,1.2,2014-01-04,1238,Terra,MODIS,100,6.2,300.5,25.2,N,0
-24.7703,147.4058,331.3,1.4,1.2,2014-01-04,1238,Terra,MODIS,100,6.2,301.6,42.2,N,0
-24.7909,147.321,312.2,1.5,1.2,2014-01-04,1238,Terra,MODIS,47,6.2,299.1,9.5,N,0
-24.7875,147.3506,320.2,1.5,1.2,2014-01-04,1238,Terra,MODIS,100,6.2,299.7,20.3,N,0
-24.8025,147.4105,335,1.4,1.2,2014-01-04,1238,Terra,MODIS,100,6.2,301.6,51.2,N,0
-24.8041,147.3968,324.1,1.5,1.2,2014-01-04,1238,Terra,MODIS,100,6.2,300,27.5,N,0
-24.7628,147.3755,316.4,1.5,1.2,2014-01-04,1238,Terra,MODIS,70,6.2,301.1,13.1,N,0
-24.7709,147.3036,337.7,1.5,1.2,2014-01-04,1238,Terra,MODIS,100,6.2,302.3,60.1,N,0
-24.7476,147.3151,389.4,1.5,1.2,2014-01-04,1238,Terra,MODIS,100,6.2,312.1,333.7,N,0
-24.7358,147.2927,322.4,1.5,1.2,2014-01-04,1238,Terra,MODIS,100,6.2,300.4,25.7,N,0
-24.7859,147.3645,325.7,1.5,1.2,2014-01-04,1238,Terra,MODIS,100,6.2,300.5,29.7,N,0
-24.85,147.4086,316.4,1.5,1.2,2014-01-04,1238,Terra,MODIS,93,6.2,299.5,17.7,N,0
-24.7342,147.3067,351,1.5,1.2,2014-01-04,1238,Terra,MODIS,100,6.2,302.7,104,N,0
-24.8017,147.3226,309.9,1.5,1.2,2014-01-04,1238,Terra,MODIS,78,6.2,299.1,8.1,N,0
-24.7466,147.2943,357.7,1.5,1.2,2014-01-04,1238,Terra,MODIS,100,6.2,303.8,131.7,N,0
-24.7584,147.3167,398.4,1.5,1.2,2014-01-04,1238,Terra,MODIS,100,6.2,309.9,418.1,N,0
-24.7575,147.2958,338.6,1.5,1.2,2014-01-04,1238,Terra,MODIS,100,6.2,303.8,63.1,N,0
-24.7725,147.2887,317.5,1.5,1.2,2014-01-04,1238,Terra,MODIS,95,6.2,299.7,17.6,N,0
-24.745,147.3083,383.6,1.5,1.2,2014-01-04,1238,Terra,MODIS,100,6.2,310,286.3,N,0
-24.7592,147.281,324.4,1.5,1.2,2014-01-04,1238,Terra,MODIS,100,6.2,301.4,30.1,N,0
-24.76,147.3023,364.5,1.5,1.2,2014-01-04,1238,Terra,MODIS,100,6.2,305.6,165,N,0
-24.8285,147.4055,318.2,1.5,1.2,2014-01-04,1238,Terra,MODIS,96,6.2,299.9,18.5,N,0
-24.7817,147.3049,314.2,1.5,1.2,2014-01-04,1238,Terra,MODIS,73,6.2,299.5,11.5,N,0
-24.7934,147.3949,324.4,1.5,1.2,2014-01-04,1238,Terra,MODIS,100,6.2,300.1,27.4,N,0
-22.4265,148.1021,310.9,1.2,1.1,2014-01-04,1238,Terra,MODIS,61,6.2,298.3,7.1,N,0
-24.7541,147.3245,358.8,1.5,1.2,2014-01-04,1238,Terra,MODIS,100,6.2,304.6,135.2,N,0
-24.7616,147.2877,335.8,1.5,1.2,2014-01-04,1238,Terra,MODIS,100,6.2,302.1,55.4,N,0
-22.425,148.1139,314.4,1.2,1.1,2014-01-04,1238,Terra,MODIS,78,6.2,298.7,10,N,0
-24.7675,147.3331,349,1.5,1.2,2014-01-04,1238,Terra,MODIS,100,6.2,303.3,94.2,N,0
-24.7644,147.3615,344.6,1.5,1.2,2014-01-04,1238,Terra,MODIS,100,6.2,302,77.5,N,0
-24.83,147.3917,313.3,1.5,1.2,2014-01-04,1238,Terra,MODIS,70,6.2,298.5,11.5,N,0
-24.8347,147.415,336.4,1.4,1.2,2014-01-04,1238,Terra,MODIS,100,6.2,301.6,55.8,N,0
-24.7558,147.31,370,1.5,1.2,2014-01-04,1238,Terra,MODIS,100,6.2,309.2,194.5,N,0
-24.7508,147.2865,347.1,1.5,1.2,2014-01-04,1238,Terra,MODIS,100,6.2,302.6,90.4,N,0
-24.8364,147.401,324.5,1.5,1.2,2014-01-04,1238,Terra,MODIS,100,6.2,300.4,29.4,N,0
-24.7918,147.4088,318.2,1.4,1.2,2014-01-04,1238,Terra,MODIS,93,6.2,300.3,17.6,N,0
-24.7892,147.3359,318,1.5,1.2,2014-01-04,1238,Terra,MODIS,96,6.2,299.7,16.9,N,0
-24.78,147.3196,349.2,1.5,1.2,2014-01-04,1238,Terra,MODIS,100,6.2,303.7,95.8,N,0
-24.8331,147.4291,311.4,1.4,1.2,2014-01-04,1238,Terra,MODIS,82,6.2,298.9,10.1,N,0
-24.8409,147.2687,320.3,1.5,1.2,2014-01-04,1238,Terra,MODIS,100,6.2,300.1,24.2,N,0
-24.7784,147.3345,332.9,1.5,1.2,2014-01-04,1238,Terra,MODIS,100,6.2,301.4,46.3,N,0
-24.8377,147.4211,343.8,1.4,1.2,2014-01-04,1238,Terra,MODIS,100,6.2,301.4,77.9,N,0
-24.7885,147.4371,312.5,1.4,1.2,2014-01-04,1238,Terra,MODIS,85,6.2,299.3,10.7,N,0
-22.732,150.4572,307.2,1,1,2014-01-04,1238,Terra,MODIS,40,6.2,296.4,5.4,N,0
-22.7333,150.4473,306.8,1,1,2014-01-04,1238,Terra,MODIS,44,6.2,296.1,5.3,N,0
-22.7705,150.514,306.7,1,1,2014-01-04,1238,Terra,MODIS,46,6.2,296,5.4,N,0
-22.7796,150.5154,319.7,1,1,2014-01-04,1238,Terra,MODIS,99,6.2,296.5,15.5,N,0
-24.6169,151.4317,308.4,1,1,2014-01-04,1238,Terra,MODIS,74,6.2,296.7,5.3,N,0
-23.8724,145.3842,316.3,1.9,1.4,2014-01-04,1238,Terra,MODIS,92,6.2,301,24.9,N,0
-23.8846,145.3857,315.2,1.9,1.4,2014-01-04,1238,Terra,MODIS,89,6.2,300.8,22.3,N,0
-23.8817,145.3789,313,1.9,1.4,2014-01-04,1238,Terra,MODIS,83,6.2,300.8,17,N,0
-23.8796,145.3979,318.5,1.9,1.4,2014-01-04,1238,Terra,MODIS,97,6.2,301.3,28.9,N,0
-24.1777,146.1749,314.7,1.7,1.3,2014-01-04,1238,Terra,MODIS,90,6.2,301.1,17.6,N,0
-24.1643,146.1906,321.7,1.7,1.3,2014-01-04,1238,Terra,MODIS,100,6.2,301.5,32.9,N,0
-24.1661,146.1734,327.2,1.7,1.3,2014-01-04,1238,Terra,MODIS,100,6.2,302.1,45.8,N,0
-24.1679,146.1562,315.5,1.7,1.3,2014-01-04,1238,Terra,MODIS,91,6.2,300.8,19.9,N,0
-24.1564,146.1832,312.4,1.7,1.3,2014-01-04,1238,Terra,MODIS,85,6.2,300.2,15.3,N,0
-24.207,146.2301,310.6,1.7,1.3,2014-01-04,1238,Terra,MODIS,78,6.2,300.4,10.5,N,0
-24.1759,146.1922,316.1,1.7,1.3,2014-01-04,1238,Terra,MODIS,92,6.2,301.5,20.4,N,0
-24.1584,146.1661,310.7,1.7,1.3,2014-01-04,1238,Terra,MODIS,81,6.2,299.7,12.1,N,0
-24.6048,147.8681,317.7,1.4,1.2,2014-01-04,1238,Terra,MODIS,95,6.2,297.9,17,N,0
-24.5928,147.8803,313.7,1.3,1.2,2014-01-04,1238,Terra,MODIS,88,6.2,298.1,11.6,N,0
-24.5944,147.8664,320.1,1.4,1.2,2014-01-04,1238,Terra,MODIS,100,6.2,297.9,20.1,N,0
-24.5972,147.875,314.4,1.3,1.2,2014-01-04,1238,Terra,MODIS,89,6.2,297.8,12.4,N,0
-24.5989,147.8612,315.3,1.4,1.2,2014-01-04,1238,Terra,MODIS,91,6.2,297.6,13.2,N,0
-24.5885,147.8596,315.1,1.4,1.2,2014-01-04,1238,Terra,MODIS,87,6.2,297.8,13.1,N,0
-24.5869,147.8732,321.9,1.3,1.2,2014-01-04,1238,Terra,MODIS,100,6.2,299.2,23,N,0
-23.0606,150.737,311,1,1,2014-01-04,1238,Terra,MODIS,77,6.2,296.7,7.3,N,0
-23.0489,150.7551,323.5,1,1,2014-01-04,1238,Terra,MODIS,100,6.2,297.6,18.5,N,0
-23.0502,150.7453,312.5,1,1,2014-01-04,1238,Terra,MODIS,82,6.2,297.2,8.4,N,0
-23.0398,150.7536,312.2,1,1,2014-01-04,1238,Terra,MODIS,81,6.2,296.6,8.3,N,0
-23.0412,150.7438,310.4,1,1,2014-01-04,1238,Terra,MODIS,75,6.2,297,6.9,N,0
-19.2609,146.6046,308.4,1.4,1.2,2014-01-04,1239,Terra,MODIS,75,6.2,295.1,8.4,N,0
-19.2625,146.5916,315.2,1.4,1.2,2014-01-04,1239,Terra,MODIS,91,6.2,295.2,16.7,N,0
-19.2521,146.5901,315.9,1.4,1.2,2014-01-04,1239,Terra,MODIS,92,6.2,295.1,17.5,N,0
-18.6122,145.7587,304,1.5,1.2,2014-01-04,1239,Terra,MODIS,14,6.2,292.4,7.7,N,0
-18.6064,145.7137,307.5,1.6,1.2,2014-01-04,1239,Terra,MODIS,70,6.2,292,12.4,N,0
-20.8547,148.7881,305.9,1.1,1,2014-01-04,1239,Terra,MODIS,60,6.2,295.7,4.6,N,0
-19.2875,146.5216,306.8,1.4,1.2,2014-01-04,1239,Terra,MODIS,58,6.2,293.8,9.7,N,0
-18.603,145.7426,310,1.5,1.2,2014-01-04,1239,Terra,MODIS,50,6.2,292.3,14.4,N,0
-21.2255,145.8258,308.4,1.7,1.3,2014-01-04,1239,Terra,MODIS,69,6.2,297.1,10.9,N,0
-18.6082,145.6989,308.3,1.6,1.2,2014-01-04,1239,Terra,MODIS,73,6.2,291.9,13.9,N,0
-18.5484,145.6248,303.7,1.6,1.2,2014-01-04,1239,Terra,MODIS,56,6.2,292,8.9,N,0
-21.2273,145.81,313.9,1.7,1.3,2014-01-04,1239,Terra,MODIS,86,6.2,297.6,19.7,N,0
-20.8453,148.7866,323.8,1.1,1,2014-01-04,1239,Terra,MODIS,100,6.2,295.8,21.9,N,0
-20.8439,148.7972,305.7,1.1,1,2014-01-04,1239,Terra,MODIS,59,6.2,295.6,4.2,N,0
-18.6012,145.757,307.1,1.5,1.2,2014-01-04,1239,Terra,MODIS,48,6.2,292.3,11.4,N,0
-16.3136,144.9552,308.7,1.6,1.3,2014-01-04,1240,Terra,MODIS,75,6.2,292.7,14.9,N,0
-17.6609,127.4075,302.3,1.1,1,2014-01-04,1418,Terra,MODIS,48,6.2,275.6,6.8,N,0
-18.6923,144.9155,305.7,1,1,2014-01-04,1546,Aqua,MODIS,65,6.2,294.1,4.8,N,0
-18.6039,145.7152,306.2,1,1,2014-01-04,1546,Aqua,MODIS,67,6.2,292.2,6.5,N,0
-18.6002,145.7558,305.6,1,1,2014-01-04,1546,Aqua,MODIS,13,6.2,292.5,5.2,N,0
-18.6025,145.7054,312.3,1,1,2014-01-04,1546,Aqua,MODIS,84,6.2,292.1,11.2,N,0
-18.6543,144.9667,303.3,1,1,2014-01-04,1546,Aqua,MODIS,30,6.2,292.8,3.7,N,0
-18.5459,145.6213,305.2,1,1,2014-01-04,1546,Aqua,MODIS,63,6.2,292.3,6.3,N,0
-21.149,140.7696,309.1,1.2,1.1,2014-01-04,1547,Aqua,MODIS,19,6.2,290.4,6.3,N,0
-21.147,140.7578,314.6,1.2,1.1,2014-01-04,1547,Aqua,MODIS,81,6.2,290.8,11.8,N,0
-21.1468,140.7525,310.1,1.2,1.1,2014-01-04,1547,Aqua,MODIS,18,6.2,290.4,7.6,N,0
-21.1488,140.7643,314.9,1.2,1.1,2014-01-04,1547,Aqua,MODIS,87,6.2,290.5,12,N,0
-21.109,140.7717,310.6,1.2,1.1,2014-01-04,1547,Aqua,MODIS,64,6.2,287.6,11,N,0
-21.1209,140.7817,317.6,1.2,1.1,2014-01-04,1547,Aqua,MODIS,95,6.2,291.9,17.3,N,0
-21.111,140.7835,320.5,1.2,1.1,2014-01-04,1547,Aqua,MODIS,100,6.2,291.1,22.2,N,0
-21.1189,140.7699,311.1,1.2,1.1,2014-01-04,1547,Aqua,MODIS,73,6.2,290.5,10.2,N,0
-24.3848,148.5356,326.8,1.7,1.3,2014-01-04,1547,Aqua,MODIS,98,6.2,294.4,49.3,N,0
-24.3963,148.5341,326.9,1.7,1.3,2014-01-04,1547,Aqua,MODIS,92,6.2,294.2,50.7,N,0
-23.8723,145.3958,314.9,1.1,1,2014-01-04,1547,Aqua,MODIS,88,6.2,298.2,12.4,N,0
-24.1671,146.1898,318.8,1.2,1.1,2014-01-04,1547,Aqua,MODIS,87,6.2,300.6,16.3,N,0
-24.1769,146.1883,309.9,1.2,1.1,2014-01-04,1547,Aqua,MODIS,36,6.2,298.9,7.5,N,0
-26.02,150.3436,303.6,2.4,1.5,2014-01-04,1548,Aqua,MODIS,45,6.2,293.5,11.3,N,0
-26.0222,150.3673,307.6,2.4,1.5,2014-01-04,1548,Aqua,MODIS,72,6.2,293.9,20.9,N,0
-25.9639,150.326,306.6,2.4,1.5,2014-01-04,1548,Aqua,MODIS,68,6.2,294.2,19.3,N,0
-25.9553,150.3326,310.2,2.4,1.5,2014-01-04,1548,Aqua,MODIS,79,6.2,294.4,27.6,N,0
-25.6516,148.8787,310.6,1.9,1.3,2014-01-04,1548,Aqua,MODIS,77,6.2,294.7,19.2,N,0
-25.615,140.1627,304.2,1.2,1.1,2014-01-04,1548,Aqua,MODIS,59,6.2,292.4,7.6,N,0
-25.6169,140.1742,313.4,1.2,1.1,2014-01-04,1548,Aqua,MODIS,87,6.2,292.9,15.4,N,0
-26.2113,146.7892,305.6,1.4,1.2,2014-01-04,1548,Aqua,MODIS,65,6.2,293,9.4,N,0
-24.7325,147.3113,325.9,1.4,1.2,2014-01-04,1548,Aqua,MODIS,100,6.2,299.6,33.2,N,0
-25.4305,147.6085,418.8,1.5,1.2,2014-01-04,1548,Aqua,MODIS,100,6.2,313.2,699.3,N,0
-25.2649,147.6571,325.9,1.5,1.2,2014-01-04,1548,Aqua,MODIS,99,6.2,297.8,34.5,N,0
-25.2876,147.5635,328.2,1.5,1.2,2014-01-04,1548,Aqua,MODIS,100,6.2,298.6,41,N,0
-25.4541,147.6207,375.4,1.5,1.2,2014-01-04,1548,Aqua,MODIS,100,6.2,307,242.7,N,0
-24.7623,147.379,312.6,1.4,1.2,2014-01-04,1548,Aqua,MODIS,65,6.2,298.6,11.8,N,0
-24.7554,147.3221,330.9,1.4,1.2,2014-01-04,1548,Aqua,MODIS,100,6.2,299.6,42.9,N,0
-24.7698,147.4013,315.3,1.4,1.2,2014-01-04,1548,Aqua,MODIS,90,6.2,297.7,16.5,N,0
-24.8357,147.4062,314,1.4,1.2,2014-01-04,1548,Aqua,MODIS,37,6.2,297.3,14,N,0
-24.7583,147.3018,325.6,1.4,1.2,2014-01-04,1548,Aqua,MODIS,100,6.2,298.9,31.8,N,0
-25.4517,147.698,315.5,1.5,1.2,2014-01-04,1548,Aqua,MODIS,29,6.2,296.7,19.6,N,0
-24.76,147.316,330.9,1.4,1.2,2014-01-04,1548,Aqua,MODIS,100,6.2,299.8,43,N,0
-24.7589,147.3503,312.4,1.4,1.2,2014-01-04,1548,Aqua,MODIS,83,6.2,297.8,11.3,N,0
-24.9809,149.7644,309.4,2.1,1.4,2014-01-04,1548,Aqua,MODIS,49,6.2,293.7,18.5,N,0
-25.4372,147.6689,317.5,1.5,1.2,2014-01-04,1548,Aqua,MODIS,95,6.2,297.6,15.6,N,0
-25.2632,147.6421,317.8,1.5,1.2,2014-01-04,1548,Aqua,MODIS,14,6.2,296.7,19.3,N,0
-25.243,147.6603,321.4,1.5,1.2,2014-01-04,1548,Aqua,MODIS,100,6.2,296.5,29.6,N,0
-25.4448,147.6371,396,1.5,1.2,2014-01-04,1548,Aqua,MODIS,100,6.2,312,414.1,N,0
-24.7722,147.3283,322.1,1.4,1.2,2014-01-04,1548,Aqua,MODIS,100,6.2,298.7,25.4,N,0
-25.2424,147.6671,316.3,1.5,1.2,2014-01-04,1548,Aqua,MODIS,93,6.2,296.1,22.6,N,0
-24.8374,147.4208,326,1.4,1.2,2014-01-04,1548,Aqua,MODIS,100,6.2,298.6,34.3,N,0
-25.4333,147.6453,334.6,1.5,1.2,2014-01-04,1548,Aqua,MODIS,100,6.2,300.8,53.4,N,0
-25.4499,147.6826,326.5,1.5,1.2,2014-01-04,1548,Aqua,MODIS,77,6.2,298.5,37.8,N,0
-25.2675,147.5816,325,1.5,1.2,2014-01-04,1548,Aqua,MODIS,100,6.2,298.1,36.1,N,0
-25.4998,147.6301,324,1.5,1.2,2014-01-04,1548,Aqua,MODIS,100,6.2,298.2,33.6,N,0
-24.9414,149.7561,311,2.1,1.4,2014-01-04,1548,Aqua,MODIS,48,6.2,290.5,21.9,N,0
-25.4871,147.6164,344.1,1.5,1.2,2014-01-04,1548,Aqua,MODIS,100,6.2,299.9,87.4,N,0
-24.8346,147.2704,320.6,1.4,1.2,2014-01-04,1548,Aqua,MODIS,100,6.2,297.2,25.6,N,0
-24.7632,147.3441,317.5,1.4,1.2,2014-01-04,1548,Aqua,MODIS,95,6.2,298,17,N,0
-24.7342,147.3253,316.1,1.4,1.2,2014-01-04,1548,Aqua,MODIS,92,6.2,298.1,17.6,N,0
-25.3841,147.6058,309.8,1.5,1.2,2014-01-04,1548,Aqua,MODIS,57,6.2,297.1,10.3,N,0
-24.7657,147.2728,313.6,1.4,1.2,2014-01-04,1548,Aqua,MODIS,86,6.2,296.8,15.1,N,0
-24.7291,147.283,353.4,1.4,1.2,2014-01-04,1548,Aqua,MODIS,100,6.2,300.8,109.7,N,0
-25.4482,147.6673,327.6,1.5,1.2,2014-01-04,1548,Aqua,MODIS,87,6.2,298.4,39.5,N,0
-24.7414,147.2952,385.5,1.4,1.2,2014-01-04,1548,Aqua,MODIS,100,6.2,306.1,287.6,N,0
-24.7537,147.308,326.7,1.4,1.2,2014-01-04,1548,Aqua,MODIS,100,6.2,299.2,34.9,N,0
-25.4321,147.6234,395.7,1.5,1.2,2014-01-04,1548,Aqua,MODIS,100,6.2,313.3,409.2,N,0
-24.7879,147.3698,316.8,1.4,1.2,2014-01-04,1548,Aqua,MODIS,69,6.2,297.6,16,N,0
-25.4795,147.648,342.3,1.5,1.2,2014-01-04,1548,Aqua,MODIS,100,6.2,302.1,80.8,N,0
-25.2893,147.5782,328.1,1.5,1.2,2014-01-04,1548,Aqua,MODIS,100,6.2,298.6,39.8,N,0
-25.4853,147.6013,310.1,1.5,1.2,2014-01-04,1548,Aqua,MODIS,74,6.2,296.4,12.5,N,0
-25.4338,147.6384,366,1.5,1.2,2014-01-04,1548,Aqua,MODIS,100,6.2,306.5,180.7,N,0
-25.2406,147.6522,308.2,1.5,1.2,2014-01-04,1548,Aqua,MODIS,74,6.2,295.8,11,N,0
-25.4369,147.6759,313,1.5,1.2,2014-01-04,1548,Aqua,MODIS,46,6.2,297.4,10.5,N,0
-25.4298,147.6153,417.4,1.5,1.2,2014-01-04,1548,Aqua,MODIS,100,6.2,315.9,676.9,N,0
-25.4355,147.6535,322.3,1.5,1.2,2014-01-04,1548,Aqua,MODIS,100,6.2,298.8,25.9,N,0
-25.4415,147.6071,355.8,1.5,1.2,2014-01-04,1548,Aqua,MODIS,100,6.2,302.5,132.2,N,0
-25.2533,147.6655,326.6,1.5,1.2,2014-01-04,1548,Aqua,MODIS,100,6.2,297.4,39.8,N,0
-25.4465,147.6522,346.2,1.5,1.2,2014-01-04,1548,Aqua,MODIS,100,6.2,302.8,90.1,N,0
-24.7397,147.2811,331.4,1.4,1.2,2014-01-04,1548,Aqua,MODIS,100,6.2,298.3,44.5,N,0
-25.4761,147.6178,347,1.5,1.2,2014-01-04,1548,Aqua,MODIS,100,6.2,298.7,97.7,N,0
-25.5016,147.6451,318.9,1.5,1.2,2014-01-04,1548,Aqua,MODIS,98,6.2,297.3,24.2,N,0
-25.4351,147.6605,316,1.5,1.2,2014-01-04,1548,Aqua,MODIS,92,6.2,297.8,14.7,N,0
-24.7665,147.3728,327.4,1.4,1.2,2014-01-04,1548,Aqua,MODIS,100,6.2,299.5,35.4,N,0
-24.7606,147.3645,316.5,1.4,1.2,2014-01-04,1548,Aqua,MODIS,93,6.2,298.5,16.7,N,0
-24.7772,147.3714,322.1,1.4,1.2,2014-01-04,1548,Aqua,MODIS,100,6.2,298.2,23.5,N,0
-24.7649,147.3585,322.7,1.4,1.2,2014-01-04,1548,Aqua,MODIS,100,6.2,298.8,26,N,0
-24.7895,147.3839,315,1.4,1.2,2014-01-04,1548,Aqua,MODIS,40,6.2,297.6,12.6,N,0
-24.7855,147.4429,307.6,1.4,1.2,2014-01-04,1548,Aqua,MODIS,19,6.2,296.3,7.2,N,0
-24.7912,147.3981,316,1.4,1.2,2014-01-04,1548,Aqua,MODIS,53,6.2,297.4,14.3,N,0
-25.4315,147.6303,382.8,1.5,1.2,2014-01-04,1548,Aqua,MODIS,100,6.2,309.5,293.1,N,0
-24.8311,147.2779,309.4,1.4,1.2,2014-01-04,1548,Aqua,MODIS,75,6.2,296.9,10.8,N,0
-25.4558,147.6356,379.4,1.5,1.2,2014-01-04,1548,Aqua,MODIS,100,6.2,307.6,270,N,0
-24.7829,147.3273,310.7,1.4,1.2,2014-01-04,1548,Aqua,MODIS,55,6.2,296.6,10,N,0
-24.7755,147.3569,324.3,1.4,1.2,2014-01-04,1548,Aqua,MODIS,100,6.2,298.3,27.4,N,0
-24.7789,147.3857,318.6,1.4,1.2,2014-01-04,1548,Aqua,MODIS,93,6.2,297.8,17.9,N,0
-24.7461,147.2891,323.7,1.4,1.2,2014-01-04,1548,Aqua,MODIS,100,6.2,299.1,30.3,N,0
-24.9427,149.7695,307.8,2.1,1.4,2014-01-04,1548,Aqua,MODIS,35,6.2,292.9,16.4,N,0
-24.7571,147.3358,321.9,1.4,1.2,2014-01-04,1548,Aqua,MODIS,100,6.2,298.3,25.9,N,0
-25.4205,147.6317,315.9,1.5,1.2,2014-01-04,1548,Aqua,MODIS,52,6.2,298.4,15.2,N,0
-25.472,147.6799,314.4,1.5,1.2,2014-01-04,1548,Aqua,MODIS,87,6.2,297.1,19.3,N,0
-24.8417,147.2764,313.2,1.4,1.2,2014-01-04,1548,Aqua,MODIS,85,6.2,296.6,14.8,N,0
-24.9406,149.7487,306.8,2.1,1.4,2014-01-04,1548,Aqua,MODIS,29,6.2,288.3,13.6,N,0
-24.7567,147.2877,337.7,1.4,1.2,2014-01-04,1548,Aqua,MODIS,100,6.2,299.8,60.7,N,0
-25.2801,147.5949,317.2,1.5,1.2,2014-01-04,1548,Aqua,MODIS,56,6.2,297.1,18.9,N,0
-25.428,147.6005,374,1.5,1.2,2014-01-04,1548,Aqua,MODIS,100,6.2,302.6,230.8,N,0
-25.4906,147.6466,329.1,1.5,1.2,2014-01-04,1548,Aqua,MODIS,100,6.2,298.3,42.3,N,0
-24.7706,147.3144,321,1.4,1.2,2014-01-04,1548,Aqua,MODIS,100,6.2,298.1,25,N,0
-25.4778,147.6328,385.4,1.5,1.2,2014-01-04,1548,Aqua,MODIS,100,6.2,308.4,319,N,0
-25.2767,147.5652,325.1,1.5,1.2,2014-01-04,1548,Aqua,MODIS,100,6.2,297.9,34.2,N,0
-24.7616,147.3299,332,1.4,1.2,2014-01-04,1548,Aqua,MODIS,100,6.2,299.3,43.9,N,0
-25.2658,147.5668,307.6,1.5,1.2,2014-01-04,1548,Aqua,MODIS,27,6.2,296.7,8.2,N,0
-25.498,147.6148,315.2,1.5,1.2,2014-01-04,1548,Aqua,MODIS,91,6.2,297.5,20.2,N,0
-24.7738,147.3424,311.5,1.4,1.2,2014-01-04,1548,Aqua,MODIS,15,6.2,297.2,8.7,N,0
-24.7431,147.3097,338.7,1.4,1.2,2014-01-04,1548,Aqua,MODIS,100,6.2,301.1,61.1,N,0
-25.4651,147.6192,398.7,1.5,1.2,2014-01-04,1548,Aqua,MODIS,100,6.2,307.6,445.6,N,0
-25.4195,147.6099,317.7,1.5,1.2,2014-01-04,1548,Aqua,MODIS,72,6.2,297.9,20,N,0
-25.4813,147.6633,324.7,1.5,1.2,2014-01-04,1548,Aqua,MODIS,100,6.2,298.2,36.7,N,0
-25.4212,147.6248,327,1.5,1.2,2014-01-04,1548,Aqua,MODIS,100,6.2,299.7,35.5,N,0
-25.3195,147.7433,320.8,1.5,1.2,2014-01-04,1548,Aqua,MODIS,100,6.2,296,30.3,N,0
-24.7674,147.2867,324.6,1.4,1.2,2014-01-04,1548,Aqua,MODIS,100,6.2,297.8,32.3,N,0
-24.7503,147.2798,312.6,1.4,1.2,2014-01-04,1548,Aqua,MODIS,80,6.2,297.9,12.7,N,0
-24.7448,147.3235,329.9,1.4,1.2,2014-01-04,1548,Aqua,MODIS,100,6.2,299.7,41.7,N,0
-24.7509,147.3315,312.3,1.4,1.2,2014-01-04,1548,Aqua,MODIS,52,6.2,298,10.1,N,0
-25.4575,147.6508,366.6,1.5,1.2,2014-01-04,1548,Aqua,MODIS,100,6.2,305.9,185.4,N,0
-24.7308,147.2971,382.3,1.4,1.2,2014-01-04,1548,Aqua,MODIS,100,6.2,309.1,264.4,N,0
-24.7985,147.3679,308.7,1.4,1.2,2014-01-04,1548,Aqua,MODIS,13,6.2,296.6,7.2,N,0
-25.254,147.6587,328.7,1.5,1.2,2014-01-04,1548,Aqua,MODIS,100,6.2,297.5,42,N,0
-24.752,147.2937,334.2,1.4,1.2,2014-01-04,1548,Aqua,MODIS,100,6.2,299.5,51.3,N,0
-24.9472,149.6852,304.6,2.1,1.4,2014-01-04,1548,Aqua,MODIS,61,6.2,292,10.5,N,0
-25.4923,147.6618,314.6,1.5,1.2,2014-01-04,1548,Aqua,MODIS,42,6.2,296.8,17.1,N,0
-24.7929,147.4126,314.4,1.4,1.2,2014-01-04,1548,Aqua,MODIS,13,6.2,297.4,12.8,N,0
-25.2784,147.58,341.8,1.5,1.2,2014-01-04,1548,Aqua,MODIS,100,6.2,299.6,76.4,N,0
-25.4431,147.622,382.7,1.5,1.2,2014-01-04,1548,Aqua,MODIS,100,6.2,310,294.6,N,0
-25.4288,147.5936,309.2,1.5,1.2,2014-01-04,1548,Aqua,MODIS,69,6.2,297.4,10.8,N,0
-24.8053,147.4254,318.1,1.4,1.2,2014-01-04,1548,Aqua,MODIS,60,6.2,297.5,19.1,N,0
-25.4524,147.6057,353.1,1.5,1.2,2014-01-04,1548,Aqua,MODIS,100,6.2,299.7,120.8,N,0
-25.461,147.6813,322.4,1.5,1.2,2014-01-04,1548,Aqua,MODIS,100,6.2,298.1,32.2,N,0
-24.8267,147.4224,342.5,1.4,1.2,2014-01-04,1548,Aqua,MODIS,100,6.2,299.7,74.4,N,0
-24.8036,147.4109,321.6,1.4,1.2,2014-01-04,1548,Aqua,MODIS,100,6.2,297.9,24.3,N,0
-24.7682,147.3873,320.5,1.4,1.2,2014-01-04,1548,Aqua,MODIS,100,6.2,298.8,23.1,N,0
-24.7477,147.3035,325.7,1.4,1.2,2014-01-04,1548,Aqua,MODIS,100,6.2,300.7,33.2,N,0
-25.4888,147.6315,342.5,1.5,1.2,2014-01-04,1548,Aqua,MODIS,100,6.2,299.9,79.7,N,0
-25.4685,147.6494,358,1.5,1.2,2014-01-04,1548,Aqua,MODIS,100,6.2,304.7,142.1,N,0
-24.7862,147.3551,312,1.4,1.2,2014-01-04,1548,Aqua,MODIS,41,6.2,297,9.8,N,0
-25.4592,147.666,331.8,1.5,1.2,2014-01-04,1548,Aqua,MODIS,100,6.2,299.4,50.9,N,0
-25.4668,147.6342,405.2,1.5,1.2,2014-01-04,1548,Aqua,MODIS,100,6.2,316,518.8,N,0
-24.7658,147.4073,308.8,1.4,1.2,2014-01-04,1548,Aqua,MODIS,61,6.2,296.7,8.5,N,0
-25.4188,147.6168,319.8,1.5,1.2,2014-01-04,1548,Aqua,MODIS,94,6.2,298.9,23.6,N,0
-25.4627,147.6967,310.4,1.5,1.2,2014-01-04,1548,Aqua,MODIS,52,6.2,295.9,13.8,N,0
-25.4703,147.6646,331.7,1.5,1.2,2014-01-04,1548,Aqua,MODIS,100,6.2,299.3,52.3,N,0
-25.2985,147.5623,309.3,1.5,1.2,2014-01-04,1548,Aqua,MODIS,77,6.2,296.8,11.4,N,0
-24.7493,147.3177,323,1.4,1.2,2014-01-04,1548,Aqua,MODIS,100,6.2,299.6,27.3,N,0
-24.7845,147.341,313.1,1.4,1.2,2014-01-04,1548,Aqua,MODIS,82,6.2,297.2,12.1,N,0
-33.0893,150.3784,303.4,2.9,1.6,2014-01-04,1550,Aqua,MODIS,54,6.2,287.6,30.9,N,0
-33.0471,150.4131,301.7,2.9,1.6,2014-01-04,1550,Aqua,MODIS,44,6.2,287.1,29.9,N,0
-34.696,117.2538,309.8,4.1,1.9,2014-01-04,1552,Terra,MODIS,68,6.2,280.3,101.3,N,0
-34.6937,117.2482,307.9,4.1,1.9,2014-01-04,1552,Terra,MODIS,13,6.2,280.3,85.1,N,0
-21.7218,121.6514,305.7,1.2,1.1,2014-01-04,1726,Aqua,MODIS,65,6.2,292.4,6.6,N,0
-21.7204,121.6402,303.2,1.2,1.1,2014-01-04,1726,Aqua,MODIS,54,6.2,292.1,5.3,N,0
-21.9391,115.5383,312.5,1.3,1.1,2014-01-04,1726,Aqua,MODIS,83,6.2,298,11.6,N,0
-21.9492,115.5363,309.4,1.3,1.1,2014-01-04,1726,Aqua,MODIS,75,6.2,297.4,8.6,N,0
-33.107,150.3609,357.4,2.1,1.4,2014-01-04,2336,Terra,MODIS,98,6.2,296.2,221.4,D,0
-33.1117,150.3834,352.8,2.1,1.4,2014-01-04,2336,Terra,MODIS,96,6.2,296.9,186.9,D,0
-33.0734,150.5851,315.9,2.1,1.4,2014-01-04,2336,Terra,MODIS,36,6.2,295,23.6,D,0
-33.1403,150.5833,319.5,2.1,1.4,2014-01-04,2336,Terra,MODIS,48,6.2,297.6,34.4,D,0
-13.3784,142.4904,323.7,1.5,1.2,2014-01-05,0109,Terra,MODIS,75,6.2,301.4,20.3,D,0
-19.2405,146.4786,323,3.7,1.8,2014-01-05,0111,Terra,MODIS,27,6.2,292.8,83,D,0
-19.2668,146.504,324,3.8,1.8,2014-01-05,0111,Terra,MODIS,46,6.2,292.2,86.9,D,0
-18.204,133.2319,351.5,1.3,1.1,2014-01-05,0111,Terra,MODIS,83,6.2,292.3,81.7,D,0
-18.2101,133.2241,333.3,1.3,1.1,2014-01-05,0111,Terra,MODIS,31,6.2,289.7,27.6,D,0
-20.2047,145.4632,327.7,3.2,1.7,2014-01-05,0111,Terra,MODIS,71,6.2,301.8,58.6,D,0
-20.2165,145.4554,325.9,3.2,1.7,2014-01-05,0111,Terra,MODIS,63,6.2,301.6,49.4,D,0
-20.2201,145.4617,326.6,3.2,1.7,2014-01-05,0111,Terra,MODIS,69,6.2,301.1,53.5,D,0
-20.1793,145.5582,327.8,3.3,1.7,2014-01-05,0111,Terra,MODIS,69,6.2,302.2,50.4,D,0
-20.1836,145.5646,329.2,3.3,1.7,2014-01-05,0111,Terra,MODIS,74,6.2,301.5,60.5,D,0
-21.1915,140.7598,331.6,1.5,1.2,2014-01-05,0112,Terra,MODIS,69,6.2,301.3,28.2,D,0
-21.2024,140.7582,327,1.5,1.2,2014-01-05,0112,Terra,MODIS,43,6.2,301.6,17.8,D,0
-21.1336,140.7589,345.1,1.5,1.2,2014-01-05,0112,Terra,MODIS,88,6.2,303.8,64.9,D,0
-21.1897,140.745,332.1,1.5,1.2,2014-01-05,0112,Terra,MODIS,70,6.2,301,27.2,D,0
-21.1368,140.7667,334.5,1.5,1.2,2014-01-05,0112,Terra,MODIS,75,6.2,302.5,33.9,D,0
-21.1351,140.7521,336.3,1.5,1.2,2014-01-05,0112,Terra,MODIS,78,6.2,303.3,37,D,0
-32.0641,115.9203,319.6,2.1,1.4,2014-01-05,0253,Terra,MODIS,60,6.2,303.1,15.7,D,2
-31.8549,115.8912,316.9,2,1.4,2014-01-05,0253,Terra,MODIS,39,6.2,302.5,10.8,D,0
-32.0642,115.9146,319.4,2.1,1.4,2014-01-05,0253,Terra,MODIS,60,6.2,303.1,15.7,D,2
-31.9899,115.9514,320,2.1,1.4,2014-01-05,0253,Terra,MODIS,58,6.2,303.2,16.5,D,0
-31.7978,115.8391,317.7,2,1.4,2014-01-05,0253,Terra,MODIS,34,6.2,302.9,13.3,D,0
-31.7986,115.8323,316.8,2,1.4,2014-01-05,0253,Terra,MODIS,31,6.2,303.2,12.4,D,0
-34.7627,117.2848,334.5,2.7,1.6,2014-01-05,0254,Terra,MODIS,78,6.2,293.9,129.1,D,0
-34.7605,117.255,354.1,2.7,1.6,2014-01-05,0254,Terra,MODIS,97,6.2,297.4,279.7,D,0
-34.7609,117.2183,344.1,2.7,1.6,2014-01-05,0254,Terra,MODIS,93,6.2,293.8,186.7,D,0
-34.7871,117.2228,352,2.7,1.6,2014-01-05,0254,Terra,MODIS,96,6.2,292.4,269.9,D,0
-34.7706,117.1944,350.6,2.7,1.6,2014-01-05,0254,Terra,MODIS,96,6.2,291,254.6,D,0
-34.705,117.2902,326.8,2.7,1.6,2014-01-05,0254,Terra,MODIS,47,6.2,293.2,83.6,D,0
-34.7461,117.2562,327.2,2.7,1.6,2014-01-05,0254,Terra,MODIS,38,6.2,292.6,79.8,D,0
-34.7584,117.2251,337,2.7,1.6,2014-01-05,0254,Terra,MODIS,82,6.2,294.5,136.6,D,0
-34.7849,117.1931,326.6,2.7,1.6,2014-01-05,0254,Terra,MODIS,83,6.2,290.5,93.8,D,0
-34.7771,117.2838,317.3,2.7,1.6,2014-01-05,0254,Terra,MODIS,73,6.2,294.4,53.4,D,0
-34.7749,117.2538,326.2,2.7,1.6,2014-01-05,0254,Terra,MODIS,74,6.2,296.5,89.4,D,0
-34.7727,117.224,368.4,2.7,1.6,2014-01-05,0254,Terra,MODIS,100,6.2,292.9,453.4,D,0
-34.7628,117.2481,349.3,2.7,1.6,2014-01-05,0254,Terra,MODIS,95,6.2,298.5,233.1,D,0
-34.7004,117.2661,319.9,2.7,1.6,2014-01-05,0254,Terra,MODIS,36,6.2,293.2,54.6,D,0
-34.7027,117.296,326,2.7,1.6,2014-01-05,0254,Terra,MODIS,64,6.2,294,83,D,0
-34.6886,117.2617,324.8,2.7,1.6,2014-01-05,0254,Terra,MODIS,73,6.2,293.6,79.2,D,0
-34.6861,117.2675,320.9,2.7,1.6,2014-01-05,0254,Terra,MODIS,43,6.2,294.5,61.4,D,0
-34.7732,117.1875,326.4,2.7,1.6,2014-01-05,0254,Terra,MODIS,60,6.2,290.4,86,D,0
-34.7648,117.278,342.4,2.7,1.6,2014-01-05,0254,Terra,MODIS,92,6.2,296,183.7,D,0
-34.7752,117.2172,378.7,2.7,1.6,2014-01-05,0254,Terra,MODIS,100,6.2,292.7,611.2,D,0
-34.7896,117.2159,342.6,2.7,1.6,2014-01-05,0254,Terra,MODIS,92,6.2,291.9,187.1,D,0
-34.3496,115.9584,331.2,2.2,1.4,2014-01-05,0254,Terra,MODIS,85,6.2,294.8,93.5,D,0
-34.3476,115.9339,317.7,2.2,1.4,2014-01-05,0254,Terra,MODIS,71,6.2,293.4,46.8,D,0
-34.1139,149.6375,325.2,1,1,2014-01-05,0353,Aqua,MODIS,57,6.2,311.5,9.1,D,0
-33.0977,150.3692,352.5,1,1,2014-01-05,0353,Aqua,MODIS,95,6.2,312.6,53.8,D,0
-33.1173,150.362,394.9,1,1,2014-01-05,0353,Aqua,MODIS,100,6.2,317.4,213.2,D,0
-33.1067,150.371,345.8,1,1,2014-01-05,0353,Aqua,MODIS,91,6.2,311.7,39.9,D,0
-33.0608,150.3781,355.2,1,1,2014-01-05,0353,Aqua,MODIS,97,6.2,308.8,61.4,D,0
-33.0443,150.4299,366,1,1,2014-01-05,0353,Aqua,MODIS,100,6.2,309.8,91.4,D,0
-33.1398,150.3997,328.7,1,1,2014-01-05,0353,Aqua,MODIS,73,6.2,299.8,18.5,D,0
-33.1248,150.3746,356.1,1,1,2014-01-05,0353,Aqua,MODIS,97,6.2,305.9,65.3,D,0
-33.0533,150.3655,342.2,1,1,2014-01-05,0353,Aqua,MODIS,85,6.2,309.2,35.1,D,0
-33.0518,150.4424,338.7,1,1,2014-01-05,0353,Aqua,MODIS,81,6.2,308.5,29.4,D,0
-33.0458,150.4192,365.1,1,1,2014-01-05,0353,Aqua,MODIS,100,6.2,310.6,88.8,D,0
-33.069,150.5728,355.1,1,1,2014-01-05,0353,Aqua,MODIS,97,6.2,308.6,61,D,0
-33.1143,150.3835,336.1,1,1,2014-01-05,0353,Aqua,MODIS,81,6.2,303.8,25.4,D,0
-33.0428,150.4406,337.5,1,1,2014-01-05,0353,Aqua,MODIS,78,6.2,308.1,27.3,D,0
-33.1218,150.3961,328.2,1,1,2014-01-05,0353,Aqua,MODIS,38,6.2,300.9,15.9,D,0
-33.0992,150.3584,329.3,1,1,2014-01-05,0353,Aqua,MODIS,52,6.2,308.3,14.8,D,0
-33.1263,150.3639,338.4,1,1,2014-01-05,0353,Aqua,MODIS,80,6.2,306.6,29.8,D,0
-33.1308,150.3979,336.4,1,1,2014-01-05,0353,Aqua,MODIS,83,6.2,300.9,28.2,D,0
-33.1082,150.3602,350.8,1,1,2014-01-05,0353,Aqua,MODIS,94,6.2,310.6,51.1,D,0
-33.0488,150.3978,347.5,1,1,2014-01-05,0353,Aqua,MODIS,80,6.2,307.8,44.8,D,0
-33.1158,150.3728,406.9,1,1,2014-01-05,0353,Aqua,MODIS,100,6.2,315.7,285.1,D,0
-33.0706,150.5621,334.2,1,1,2014-01-05,0353,Aqua,MODIS,81,6.2,307.6,22,D,0
-33.0518,150.3763,367.5,1,1,2014-01-05,0353,Aqua,MODIS,100,6.2,311.3,95.8,D,0
-33.0503,150.387,343.9,1,1,2014-01-05,0353,Aqua,MODIS,53,6.2,309,37.2,D,0
-33.0473,150.4085,333.8,1,1,2014-01-05,0353,Aqua,MODIS,57,6.2,304.4,21.9,D,0
-33.1383,150.4104,324.3,1,1,2014-01-05,0353,Aqua,MODIS,63,6.2,300.3,13.4,D,0
-33.0487,150.5299,338.7,1,1,2014-01-05,0353,Aqua,MODIS,85,6.2,305,31.1,D,0
-33.0735,150.6068,327.5,1,1,2014-01-05,0353,Aqua,MODIS,62,6.2,307.3,11.8,D,0
-33.075,150.5961,336.3,1,1,2014-01-05,0353,Aqua,MODIS,83,6.2,307.8,23.9,D,0
-33.066,150.5943,336.9,1,1,2014-01-05,0353,Aqua,MODIS,84,6.2,306.6,25.7,D,0
-33.0675,150.5836,385.9,1,1,2014-01-05,0353,Aqua,MODIS,100,6.2,312.4,166.1,D,0
-33.0577,150.5318,332.6,1,1,2014-01-05,0353,Aqua,MODIS,79,6.2,305.5,22.4,D,0
-33.1396,150.5982,345.3,1,1,2014-01-05,0353,Aqua,MODIS,91,6.2,304.1,41.5,D,0
-33.0502,150.5192,346.2,1,1,2014-01-05,0353,Aqua,MODIS,91,6.2,305.2,44.5,D,0
-33.1807,150.5028,345.7,1,1,2014-01-05,0353,Aqua,MODIS,91,6.2,303.3,45.9,D,0
-32.7251,150.7312,378,1,1,2014-01-05,0354,Aqua,MODIS,100,6.2,310.4,136.5,D,0
-32.649,150.754,328.8,1,1,2014-01-05,0354,Aqua,MODIS,72,6.2,306.7,17.9,D,0
-32.7236,150.7418,326.3,1,1,2014-01-05,0354,Aqua,MODIS,67,6.2,306.4,14.9,D,0
-31.7206,151.6678,336,1,1,2014-01-05,0354,Aqua,MODIS,63,6.2,312.2,19.4,D,0
-31.7098,151.6766,333.3,1,1,2014-01-05,0354,Aqua,MODIS,42,6.2,305.8,18.6,D,0
-31.4344,151.5587,332.2,1,1,2014-01-05,0354,Aqua,MODIS,76,6.2,307.4,23.6,D,0
-31.4237,151.5673,327.8,1,1,2014-01-05,0354,Aqua,MODIS,67,6.2,304.2,16.9,D,0
-31.4253,151.5568,333.1,1,1,2014-01-05,0354,Aqua,MODIS,77,6.2,307.4,24.1,D,0
-31.4162,151.5548,337.5,1,1,2014-01-05,0354,Aqua,MODIS,83,6.2,307,30.3,D,0
-31.6672,145.8968,350.6,1.4,1.2,2014-01-05,0354,Aqua,MODIS,92,6.2,322.1,66.7,D,0
-31.6656,145.9118,347.5,1.4,1.2,2014-01-05,0354,Aqua,MODIS,89,6.2,322.7,56.1,D,0
-29.4132,152.2516,328,1.1,1.1,2014-01-05,0354,Aqua,MODIS,52,6.2,304.5,18.3,D,0
-27.6629,153.4229,328.1,1.4,1.2,2014-01-05,0355,Aqua,MODIS,17,6.2,299,22.9,D,0
-26.4988,149.4596,345.2,1,1,2014-01-05,0355,Aqua,MODIS,76,6.2,319.9,23.2,D,0
-26.4913,149.4479,355.1,1,1,2014-01-05,0355,Aqua,MODIS,96,6.2,318.9,45.1,D,0
-27.4933,153.4573,329,1.4,1.2,2014-01-05,0355,Aqua,MODIS,45,6.2,291,26.6,D,0
-25.6923,148.8707,354.6,1,1,2014-01-05,0355,Aqua,MODIS,96,6.2,316.8,42.2,D,0
-25.6937,148.8608,350.1,1,1,2014-01-05,0355,Aqua,MODIS,92,6.2,316.6,31.4,D,0
-25.6735,148.8709,337.5,1,1,2014-01-05,0355,Aqua,MODIS,63,6.2,318.9,10.2,D,0
-25.6631,148.8792,345,1,1,2014-01-05,0355,Aqua,MODIS,83,6.2,320.7,22.3,D,0
-25.6645,148.8693,358.1,1,1,2014-01-05,0355,Aqua,MODIS,98,6.2,318.5,50.9,D,0
-25.6659,148.8593,348.5,1,1,2014-01-05,0355,Aqua,MODIS,90,6.2,319.7,28.5,D,0
-25.6541,148.8776,350.4,1,1,2014-01-05,0355,Aqua,MODIS,92,6.2,321.5,33.3,D,0
-27.5605,153.4227,337,1.4,1.2,2014-01-05,0355,Aqua,MODIS,52,6.2,298.4,39.3,D,0
-25.1239,153.2577,348.3,1.5,1.2,2014-01-05,0355,Aqua,MODIS,92,6.2,299.7,80.6,D,0
-27.506,153.4461,359.3,1.4,1.2,2014-01-05,0355,Aqua,MODIS,99,6.2,296,114.9,D,0
-27.4726,153.453,325.1,1.4,1.2,2014-01-05,0355,Aqua,MODIS,19,6.2,294,20.6,D,0
-27.4622,153.451,330.8,1.4,1.2,2014-01-05,0355,Aqua,MODIS,52,6.2,296.2,33.1,D,0
-26.2267,146.7728,343.6,1.1,1.1,2014-01-05,0355,Aqua,MODIS,66,6.2,326,20.3,D,0
-26.2172,146.7713,343.9,1.1,1.1,2014-01-05,0355,Aqua,MODIS,70,6.2,326,20.7,D,0
-26.4823,149.4462,362.5,1,1,2014-01-05,0355,Aqua,MODIS,100,6.2,317.6,64.8,D,0
-22.736,150.4693,341.3,1.1,1.1,2014-01-05,0356,Aqua,MODIS,86,6.2,305.1,34.1,D,0
-22.7299,150.446,331.7,1.1,1.1,2014-01-05,0356,Aqua,MODIS,60,6.2,304.7,16.2,D,0
-22.7316,150.4351,331,1.1,1.1,2014-01-05,0356,Aqua,MODIS,59,6.2,303.6,14.4,D,0
-22.7886,150.5298,338.6,1.1,1.1,2014-01-05,0356,Aqua,MODIS,66,6.2,304.3,31.9,D,0
-22.7903,150.519,340.7,1.1,1.1,2014-01-05,0356,Aqua,MODIS,72,6.2,301.8,36.3,D,0
-22.7714,150.5152,332.2,1.1,1.1,2014-01-05,0356,Aqua,MODIS,31,6.2,302.2,19.1,D,0
-22.7619,150.5134,334.1,1.1,1.1,2014-01-05,0356,Aqua,MODIS,46,6.2,304.8,21.7,D,0
-22.7637,150.5024,333,1.1,1.1,2014-01-05,0356,Aqua,MODIS,63,6.2,302.5,19.7,D,0
-22.7593,150.5072,333.4,1.1,1.1,2014-01-05,0356,Aqua,MODIS,51,6.2,304.6,23.4,D,0
-24.388,148.5394,337.7,1,1,2014-01-05,0356,Aqua,MODIS,55,6.2,294.7,21.5,D,0
-24.1151,151.394,328,1.2,1.1,2014-01-05,0356,Aqua,MODIS,43,6.2,302.5,10,D,0
-24.6123,147.8659,344.7,1,1,2014-01-05,0356,Aqua,MODIS,70,6.2,313.8,27.8,D,0
-24.6004,147.8846,344.9,1,1,2014-01-05,0356,Aqua,MODIS,86,6.2,313.1,25.7,D,0
-24.5837,147.8713,346,1,1,2014-01-05,0356,Aqua,MODIS,87,6.2,315.9,25.2,D,0
-23.4442,145.3927,382.5,1.2,1.1,2014-01-05,0356,Aqua,MODIS,100,6.2,330.9,165.5,D,0
-22.9418,150.3318,361,1.1,1,2014-01-05,0356,Aqua,MODIS,100,6.2,311,72.4,D,0
-22.9368,150.3639,334.2,1.1,1,2014-01-05,0356,Aqua,MODIS,62,6.2,305.8,15.7,D,0
-22.9197,150.3497,338.7,1.1,1,2014-01-05,0356,Aqua,MODIS,75,6.2,306.7,24.7,D,0
-22.9291,150.3514,336.6,1.1,1,2014-01-05,0356,Aqua,MODIS,64,6.2,306.7,19,D,0
-22.9274,150.3621,330.2,1.1,1,2014-01-05,0356,Aqua,MODIS,61,6.2,306,12.2,D,0
-22.9385,150.3532,335.2,1.1,1,2014-01-05,0356,Aqua,MODIS,61,6.2,307.7,14.9,D,0
-24.7593,147.2534,372.2,1,1,2014-01-05,0356,Aqua,MODIS,100,6.2,319.4,104,D,0
-24.8303,147.2715,342.4,1,1,2014-01-05,0356,Aqua,MODIS,79,6.2,317.3,19.1,D,0
-24.7979,148.2407,337.7,1,1,2014-01-05,0356,Aqua,MODIS,69,6.2,312.2,16.2,D,0
-24.7872,147.4532,359.8,1,1,2014-01-05,0356,Aqua,MODIS,99,6.2,313.2,63.2,D,0
-24.7289,147.2696,363.5,1,1,2014-01-05,0356,Aqua,MODIS,100,6.2,320.6,69.9,D,0
-24.7501,147.252,369.9,1,1,2014-01-05,0356,Aqua,MODIS,100,6.2,318.6,93.3,D,0
-24.8317,147.2612,344.6,1,1,2014-01-05,0356,Aqua,MODIS,83,6.2,318.8,22.2,D,0
-24.7607,147.243,355.3,1,1,2014-01-05,0356,Aqua,MODIS,96,6.2,316.1,50.4,D,0
-21.8401,149.2295,332.3,1,1,2014-01-05,0356,Aqua,MODIS,51,6.2,306.7,18.1,D,0
-25.5068,148.6868,348.2,1,1,2014-01-05,0356,Aqua,MODIS,90,6.2,314.2,34,D,0
-24.7657,147.2756,342.6,1,1,2014-01-05,0356,Aqua,MODIS,65,6.2,309.7,25.3,D,0
-25.464,147.6077,339.7,1,1,2014-01-05,0356,Aqua,MODIS,79,6.2,313.9,18.3,D,0
-24.7886,147.4429,387.8,1,1,2014-01-05,0356,Aqua,MODIS,100,6.2,321.4,172.4,D,0
-24.7763,147.2666,352.4,1,1,2014-01-05,0356,Aqua,MODIS,94,6.2,311,46.3,D,0
-24.8385,147.4199,339.6,1,1,2014-01-05,0356,Aqua,MODIS,62,6.2,307.7,25.8,D,0
-24.7395,147.2608,376.2,1,1,2014-01-05,0356,Aqua,MODIS,100,6.2,321.9,114.7,D,0
-24.7777,147.2562,340.3,1,1,2014-01-05,0356,Aqua,MODIS,75,6.2,314.5,18.7,D,0
-24.7781,147.4516,345.7,1,1,2014-01-05,0356,Aqua,MODIS,87,6.2,312.6,25.2,D,0
-24.7276,147.2799,348.1,1,1,2014-01-05,0356,Aqua,MODIS,90,6.2,317.7,32,D,0
-25.2476,147.6434,340.3,1,1,2014-01-05,0356,Aqua,MODIS,68,6.2,311.8,25.9,D,0
-25.4908,147.6081,372.1,1,1,2014-01-05,0356,Aqua,MODIS,100,6.2,318.6,101.7,D,0
-24.7473,147.2727,348.3,1,1,2014-01-05,0356,Aqua,MODIS,90,6.2,317.5,31.8,D,0
-24.7317,147.2488,342.4,1,1,2014-01-05,0356,Aqua,MODIS,77,6.2,318.6,17.6,D,0
-25.5054,148.6967,348.7,1,1,2014-01-05,0356,Aqua,MODIS,90,6.2,315.6,35.1,D,0
-25.4823,147.6107,358.2,1,1,2014-01-05,0356,Aqua,MODIS,98,6.2,318.1,57.8,D,0
-24.7991,147.4342,410.9,1,1,2014-01-05,0356,Aqua,MODIS,100,6.2,320.7,317.7,D,0
-24.9088,148.1753,338.7,1,1,2014-01-05,0356,Aqua,MODIS,81,6.2,304.2,31.7,D,0
-25.4535,147.6165,337.5,1,1,2014-01-05,0356,Aqua,MODIS,43,6.2,314.2,13.9,D,0
-24.795,147.465,368.5,1,1,2014-01-05,0356,Aqua,MODIS,100,6.2,311.3,96.8,D,0
-24.79,147.4327,349.8,1,1,2014-01-05,0356,Aqua,MODIS,74,6.2,315.1,37.8,D,0
-25.4922,147.5978,344.2,1,1,2014-01-05,0356,Aqua,MODIS,86,6.2,316.4,26.6,D,0
-25.4809,147.621,356.6,1,1,2014-01-05,0356,Aqua,MODIS,97,6.2,318.3,51.8,D,0
-25.4894,147.6183,358.4,1,1,2014-01-05,0356,Aqua,MODIS,98,6.2,317.4,55,D,0
-25.2631,147.6669,344.7,1,1,2014-01-05,0356,Aqua,MODIS,86,6.2,305.9,32.2,D,0
-25.4626,147.618,338.2,1,1,2014-01-05,0356,Aqua,MODIS,45,6.2,314.3,13.8,D,0
-25.2053,150.4643,334.8,1.1,1,2014-01-05,0356,Aqua,MODIS,67,6.2,310.8,10.9,D,0
-24.7303,147.2592,361.7,1,1,2014-01-05,0356,Aqua,MODIS,100,6.2,320.8,62.8,D,0
-25.5,147.6096,339.7,1,1,2014-01-05,0356,Aqua,MODIS,54,6.2,315.9,16.7,D,0
-24.7795,147.4414,346.3,1,1,2014-01-05,0356,Aqua,MODIS,76,6.2,314,29,D,0
-25.2526,147.6756,361.9,1,1,2014-01-05,0356,Aqua,MODIS,100,6.2,310.6,77.3,D,0
-24.8019,147.4139,346.6,1,1,2014-01-05,0356,Aqua,MODIS,74,6.2,308.7,29.5,D,0
-25.2037,150.4748,338,1.1,1,2014-01-05,0356,Aqua,MODIS,80,6.2,309.5,17.9,D,0
-25.1622,151.7613,333.3,1.2,1.1,2014-01-05,0356,Aqua,MODIS,71,6.2,303.4,20.8,D,0
-22.4092,148.1061,338,1,1,2014-01-05,0356,Aqua,MODIS,64,6.2,307.8,18.4,D,0
-25.1869,150.4608,346.7,1.1,1,2014-01-05,0356,Aqua,MODIS,90,6.2,311.4,33.2,D,0
-25.4853,147.6492,339.9,1,1,2014-01-05,0356,Aqua,MODIS,63,6.2,314.8,10.5,D,0
-25.2455,150.4504,333.7,1.1,1,2014-01-05,0356,Aqua,MODIS,55,6.2,309.8,9.6,D,0
-25.2363,150.4487,343.9,1.1,1,2014-01-05,0356,Aqua,MODIS,87,6.2,309.5,26,D,0
-25.469,147.64,341.3,1,1,2014-01-05,0356,Aqua,MODIS,65,6.2,314.6,15.7,D,0
-25.1852,150.4713,353.8,1.1,1,2014-01-05,0356,Aqua,MODIS,95,6.2,311.1,51.6,D,0
-25.4549,147.6062,338.5,1,1,2014-01-05,0356,Aqua,MODIS,74,6.2,314.1,15.4,D,0
-24.7743,147.3507,352.1,1,1,2014-01-05,0356,Aqua,MODIS,90,6.2,315,43.1,D,0
-25.2254,150.4574,336.6,1.1,1,2014-01-05,0356,Aqua,MODIS,78,6.2,311.1,11.5,D,0
-25.227,150.4469,343.6,1.1,1,2014-01-05,0356,Aqua,MODIS,87,6.2,311.2,24.5,D,0
-24.7685,147.2548,373.5,1,1,2014-01-05,0356,Aqua,MODIS,100,6.2,316,109.5,D,0
-24.8305,148.2057,334.6,1,1,2014-01-05,0356,Aqua,MODIS,65,6.2,313.6,15,D,0
-24.7965,148.2506,337.7,1,1,2014-01-05,0356,Aqua,MODIS,71,6.2,314.5,16.7,D,0
-25.2695,147.6887,340.3,1,1,2014-01-05,0356,Aqua,MODIS,39,6.2,307.7,26.6,D,0
-24.7353,147.2918,340.8,1,1,2014-01-05,0356,Aqua,MODIS,64,6.2,315.8,16.8,D,0
-24.7381,147.2711,355.9,1,1,2014-01-05,0356,Aqua,MODIS,97,6.2,319.5,48.5,D,0
-25.3363,150.4636,332.7,1.1,1,2014-01-05,0356,Aqua,MODIS,60,6.2,310.3,10.7,D,0
-24.8229,147.3966,342.3,1,1,2014-01-05,0356,Aqua,MODIS,74,6.2,308.6,27.4,D,0
-25.2617,147.677,373.4,1,1,2014-01-05,0356,Aqua,MODIS,100,6.2,309.6,113.6,D,0
-24.7845,147.4737,341.9,1,1,2014-01-05,0356,Aqua,MODIS,64,6.2,311.7,24.5,D,0
-25.4718,147.6195,350.8,1,1,2014-01-05,0356,Aqua,MODIS,92,6.2,316.3,37.6,D,0
-25.4781,147.6415,345.1,1,1,2014-01-05,0356,Aqua,MODIS,85,6.2,314.6,22.3,D,0
-25.5099,147.6742,340.7,1,1,2014-01-05,0356,Aqua,MODIS,75,6.2,316.2,20.5,D,0
-24.7827,148.2178,335.7,1,1,2014-01-05,0356,Aqua,MODIS,76,6.2,311.4,18.3,D,0
-22.2075,150.0053,337.9,1.1,1,2014-01-05,0356,Aqua,MODIS,79,6.2,302.4,26.7,D,0
-24.7767,147.4619,355.5,1,1,2014-01-05,0356,Aqua,MODIS,96,6.2,316.2,49.3,D,0
-24.8202,147.4169,370.4,1,1,2014-01-05,0356,Aqua,MODIS,100,6.2,314.6,101.8,D,0
-25.4986,147.6199,339.5,1,1,2014-01-05,0356,Aqua,MODIS,21,6.2,316.1,14.1,D,0
-24.7635,147.2222,339.7,1,1,2014-01-05,0356,Aqua,MODIS,72,6.2,315.6,15.7,D,0
-24.8216,147.4068,368.9,1,1,2014-01-05,0356,Aqua,MODIS,100,6.2,312.7,94.5,D,0
-24.7418,147.3137,341.8,1,1,2014-01-05,0356,Aqua,MODIS,47,6.2,320.1,17.9,D,0
-24.784,148.2079,346.9,1,1,2014-01-05,0356,Aqua,MODIS,90,6.2,311.6,38.3,D,0
-24.7877,147.3801,340.1,1,1,2014-01-05,0356,Aqua,MODIS,32,6.2,315.1,14,D,0
-24.7427,147.3766,349.3,1,1,2014-01-05,0356,Aqua,MODIS,81,6.2,315.2,35.4,D,0
-24.8188,147.4271,359.5,1,1,2014-01-05,0356,Aqua,MODIS,99,6.2,310.3,69.1,D,0
-24.8293,147.4184,381,1,1,2014-01-05,0356,Aqua,MODIS,100,6.2,313.6,144.4,D,0
-24.7936,147.4752,331.8,1,1,2014-01-05,0356,Aqua,MODIS,45,6.2,308.7,12.8,D,0
-24.8097,147.4256,365.5,1,1,2014-01-05,0356,Aqua,MODIS,100,6.2,311.5,84.2,D,0
-24.7671,147.2652,362.7,1,1,2014-01-05,0356,Aqua,MODIS,100,6.2,311.4,74.2,D,0
-24.8055,147.4562,364.5,1,1,2014-01-05,0356,Aqua,MODIS,100,6.2,309,86.8,D,0
-25.1961,150.4626,345.2,1.1,1,2014-01-05,0356,Aqua,MODIS,88,6.2,311.4,29.5,D,0
-22.1981,150.0036,354.7,1.1,1,2014-01-05,0356,Aqua,MODIS,96,6.2,305.4,63.7,D,0
-22.8977,146.3009,351.9,1.1,1,2014-01-05,0356,Aqua,MODIS,91,6.2,313.3,48.9,D,0
-24.8409,147.2627,342.5,1,1,2014-01-05,0356,Aqua,MODIS,75,6.2,318.6,19,D,0
-25.4978,148.6852,340.9,1,1,2014-01-05,0356,Aqua,MODIS,81,6.2,315.4,20.7,D,0
-24.828,147.4286,406.6,1,1,2014-01-05,0356,Aqua,MODIS,100,6.2,313.7,291.2,D,0
-24.7551,147.2845,341.5,1,1,2014-01-05,0356,Aqua,MODIS,61,6.2,314.9,21.2,D,0
-24.8253,147.2389,339.1,1,1,2014-01-05,0356,Aqua,MODIS,60,6.2,316.9,12.3,D,0
-24.8083,147.4358,412.8,1,1,2014-01-05,0356,Aqua,MODIS,100,6.2,315,336.7,D,0
-24.751,147.3152,347.6,1,1,2014-01-05,0356,Aqua,MODIS,86,6.2,317.9,29.5,D,0
-25.2385,150.5576,333.7,1.1,1,2014-01-05,0356,Aqua,MODIS,73,6.2,310.4,11.3,D,0
-24.7699,147.2444,346.8,1,1,2014-01-05,0356,Aqua,MODIS,89,6.2,316.3,31.6,D,0
-25.2786,147.6902,364.1,1,1,2014-01-05,0356,Aqua,MODIS,87,6.2,306.8,81.2,D,0
-25.254,147.6654,373,1,1,2014-01-05,0356,Aqua,MODIS,100,6.2,314.8,112.5,D,0
-24.8267,147.2285,352.2,1,1,2014-01-05,0356,Aqua,MODIS,94,6.2,318,40,D,0
-24.7409,147.2504,353.8,1,1,2014-01-05,0356,Aqua,MODIS,95,6.2,317.2,42.9,D,0
-22.1998,149.9931,336.1,1.1,1,2014-01-05,0356,Aqua,MODIS,76,6.2,305.3,23.4,D,0
-24.7367,147.2816,350.7,1,1,2014-01-05,0356,Aqua,MODIS,92,6.2,317.2,36.8,D,0
-24.7858,147.4634,389.9,1,1,2014-01-05,0356,Aqua,MODIS,100,6.2,317.6,182.6,D,0
-25.3028,147.7112,368.6,1,1,2014-01-05,0356,Aqua,MODIS,75,6.2,303.5,97.9,D,0
-24.8069,147.446,423.5,1,1,2014-01-05,0356,Aqua,MODIS,100,6.2,316,429,D,0
-24.7621,147.2326,350.2,1,1,2014-01-05,0356,Aqua,MODIS,92,6.2,315,37,D,0
-25.4964,148.6951,345,1,1,2014-01-05,0356,Aqua,MODIS,87,6.2,314.8,28.4,D,0
-25.22,150.554,338.5,1.1,1,2014-01-05,0356,Aqua,MODIS,81,6.2,311.2,19.6,D,0
-24.7579,147.2637,397.8,1,1,2014-01-05,0356,Aqua,MODIS,100,6.2,321,228,D,0
-24.7565,147.2741,392.7,1,1,2014-01-05,0356,Aqua,MODIS,100,6.2,318.5,198.6,D,0
-24.7978,147.4445,437.7,1,1,2014-01-05,0356,Aqua,MODIS,100,6.2,331.2,571.7,D,0
-24.7964,147.4547,384.5,1,1,2014-01-05,0356,Aqua,MODIS,100,6.2,314.8,161.2,D,0
-25.2449,147.6638,339.7,1,1,2014-01-05,0356,Aqua,MODIS,60,6.2,310.4,26.2,D,0
-25.4732,147.6092,343.5,1,1,2014-01-05,0356,Aqua,MODIS,85,6.2,314.2,24,D,0
-24.7459,147.2831,341.8,1,1,2014-01-05,0356,Aqua,MODIS,60,6.2,316.1,18.8,D,0
-24.7487,147.2623,355.6,1,1,2014-01-05,0356,Aqua,MODIS,96,6.2,319,48.9,D,0
-25.2459,150.5547,335.3,1.1,1,2014-01-05,0356,Aqua,MODIS,74,6.2,310.9,12.9,D,0
-25.1945,150.473,334.3,1.1,1,2014-01-05,0356,Aqua,MODIS,69,6.2,309.6,11.5,D,0
-25.4515,147.6998,336,1,1,2014-01-05,0356,Aqua,MODIS,53,6.2,315.1,11.8,D,0
-19.6444,144.6369,340.3,1.2,1.1,2014-01-05,0357,Aqua,MODIS,83,6.2,314.4,26.1,D,0
-20.1779,145.5641,341.4,1.1,1,2014-01-05,0357,Aqua,MODIS,82,6.2,309.8,24.1,D,0
-19.5958,144.5487,335.3,1.2,1.1,2014-01-05,0357,Aqua,MODIS,66,6.2,306.1,22,D,0
-18.7657,144.7508,346.8,1.2,1.1,2014-01-05,0357,Aqua,MODIS,91,6.2,313.8,38.5,D,0
-21.2216,145.8101,361,1.1,1,2014-01-05,0357,Aqua,MODIS,100,6.2,317,75,D,0
-20.2789,144.5359,347.7,1.2,1.1,2014-01-05,0357,Aqua,MODIS,78,6.2,317.8,44.3,D,0
-21.3964,148.6158,348.7,1,1,2014-01-05,0357,Aqua,MODIS,91,6.2,308.6,42.6,D,0
-18.6904,145.5323,346.4,1.1,1,2014-01-05,0357,Aqua,MODIS,90,6.2,312.3,38.6,D,0
-19.614,144.5628,339.2,1.2,1.1,2014-01-05,0357,Aqua,MODIS,82,6.2,311.1,25.8,D,0
-21.2179,148.703,334.7,1,1,2014-01-05,0357,Aqua,MODIS,72,6.2,306.9,16.7,D,0
-19.6474,144.6141,337.8,1.2,1.1,2014-01-05,0357,Aqua,MODIS,75,6.2,315.6,21.8,D,0
-19.81,144.4623,333.2,1.2,1.1,2014-01-05,0357,Aqua,MODIS,70,6.2,308,20.6,D,0
-18.6036,145.7549,343.2,1.1,1,2014-01-05,0357,Aqua,MODIS,77,6.2,307.2,36.9,D,0
-19.6056,144.5501,363.8,1.2,1.1,2014-01-05,0357,Aqua,MODIS,100,6.2,312.2,101.1,D,0
-19.6501,144.6095,339.6,1.2,1.1,2014-01-05,0357,Aqua,MODIS,71,6.2,315.2,20.5,D,0
-20.1874,145.5655,337.3,1.1,1,2014-01-05,0357,Aqua,MODIS,75,6.2,308.5,16.5,D,0
-20.4457,145.6228,337.9,1.1,1,2014-01-05,0357,Aqua,MODIS,63,6.2,315.6,17.7,D,0
-21.2322,145.8386,356.6,1.1,1,2014-01-05,0357,Aqua,MODIS,97,6.2,313.9,64.2,D,0
-21.2324,145.8011,337.5,1.1,1,2014-01-05,0357,Aqua,MODIS,47,6.2,316.3,21.5,D,0
-20.2476,144.5435,345.8,1.2,1.1,2014-01-05,0357,Aqua,MODIS,87,6.2,308.6,40.4,D,0
-18.6049,145.7449,338.2,1.1,1,2014-01-05,0357,Aqua,MODIS,55,6.2,304.9,28.2,D,0
-21.2308,145.8491,369.5,1.1,1,2014-01-05,0357,Aqua,MODIS,100,6.2,312.9,108.3,D,0
-18.6811,145.531,358.2,1.1,1,2014-01-05,0357,Aqua,MODIS,98,6.2,309.6,67.5,D,0
-20.4349,145.6319,357.4,1.1,1,2014-01-05,0357,Aqua,MODIS,98,6.2,315.6,61.2,D,0
-20.259,144.5331,380.5,1.2,1.1,2014-01-05,0357,Aqua,MODIS,100,6.2,312.6,178.2,D,0
-21.3979,148.606,331.5,1,1,2014-01-05,0357,Aqua,MODIS,41,6.2,308.8,13.6,D,0
-19.6571,144.6338,342.6,1.2,1.1,2014-01-05,0357,Aqua,MODIS,86,6.2,317.8,23.3,D,0
-19.5943,144.5602,354.4,1.2,1.1,2014-01-05,0357,Aqua,MODIS,96,6.2,307.3,68.9,D,0
-21.2202,145.8206,371.2,1.1,1,2014-01-05,0357,Aqua,MODIS,100,6.2,314.1,109.9,D,0
-21.1251,140.7563,372.2,2.3,1.5,2014-01-05,0357,Aqua,MODIS,100,6.2,320,326.3,D,0
-21.1383,140.758,358.3,2.3,1.5,2014-01-05,0357,Aqua,MODIS,98,6.2,320.3,183,D,0
-20.112,145.5911,337.6,1.1,1,2014-01-05,0357,Aqua,MODIS,73,6.2,313,12.6,D,0
-18.6824,145.5208,374.4,1.1,1,2014-01-05,0357,Aqua,MODIS,100,6.2,311.6,124.6,D,0
-21.2753,145.8021,365.5,1.1,1,2014-01-05,0357,Aqua,MODIS,100,6.2,312.9,88.7,D,0
-20.4443,145.6334,368.8,1.1,1,2014-01-05,0357,Aqua,MODIS,100,6.2,317.6,99.9,D,0
-19.506,144.46,336.4,1.2,1.1,2014-01-05,0357,Aqua,MODIS,62,6.2,304.5,29.3,D,0
-19.6155,144.5513,341.3,1.2,1.1,2014-01-05,0357,Aqua,MODIS,85,6.2,312.3,31,D,0
-18.6917,145.5221,361.3,1.1,1,2014-01-05,0357,Aqua,MODIS,100,6.2,314.5,77.5,D,0
-20.2675,144.5463,337.8,1.2,1.1,2014-01-05,0357,Aqua,MODIS,39,6.2,316.2,16,D,0
-21.1229,140.7778,340.7,2.3,1.5,2014-01-05,0357,Aqua,MODIS,76,6.2,317,61.2,D,0
-21.4344,148.6724,343.8,1,1,2014-01-05,0357,Aqua,MODIS,86,6.2,310.7,30.9,D,0
-18.7643,144.7617,338.1,1.2,1.1,2014-01-05,0357,Aqua,MODIS,68,6.2,312.9,18.9,D,0
-20.2392,144.5302,339.7,1.2,1.1,2014-01-05,0357,Aqua,MODIS,74,6.2,310.9,28.5,D,0
-20.2705,144.5227,359.8,1.2,1.1,2014-01-05,0357,Aqua,MODIS,99,6.2,316,84.1,D,0
-19.6599,144.611,337.6,1.2,1.1,2014-01-05,0357,Aqua,MODIS,61,6.2,315.8,14.9,D,0
-19.6459,144.6255,351.9,1.2,1.1,2014-01-05,0357,Aqua,MODIS,94,6.2,315.6,56,D,0
-20.7879,148.6292,331.2,1,1,2014-01-05,0357,Aqua,MODIS,49,6.2,305.9,16.1,D,0
-19.5159,144.4614,357,1.2,1.1,2014-01-05,0357,Aqua,MODIS,98,6.2,310,81.9,D,0
-19.617,144.5399,344.6,1.2,1.1,2014-01-05,0357,Aqua,MODIS,88,6.2,312,40.5,D,0
-18.8689,145.8943,334.7,1,1,2014-01-05,0357,Aqua,MODIS,77,6.2,304.3,24.5,D,0
-19.6253,144.5527,336.3,1.2,1.1,2014-01-05,0357,Aqua,MODIS,78,6.2,310.8,21.3,D,0
-18.8767,145.9056,363.8,1,1,2014-01-05,0357,Aqua,MODIS,94,6.2,306.3,91.3,D,0
-19.5144,144.4729,353.9,1.2,1.1,2014-01-05,0357,Aqua,MODIS,96,6.2,310.1,70.8,D,0
-18.8675,145.9042,331.8,1,1,2014-01-05,0357,Aqua,MODIS,70,6.2,303.7,20.6,D,0
-18.8781,145.8956,348.3,1,1,2014-01-05,0357,Aqua,MODIS,92,6.2,303.3,50.7,D,0
-19.6042,144.5615,365.1,1.2,1.1,2014-01-05,0357,Aqua,MODIS,100,6.2,312.3,105.4,D,0
-21.4329,148.6819,334.7,1,1,2014-01-05,0357,Aqua,MODIS,70,6.2,308.4,17,D,0
-18.7183,144.9641,341.6,1.1,1.1,2014-01-05,0357,Aqua,MODIS,85,6.2,314.9,16.3,D,0
-18.7169,144.9749,345.2,1.1,1.1,2014-01-05,0357,Aqua,MODIS,89,6.2,314.1,25,D,0
-18.8754,145.9155,350.2,1,1,2014-01-05,0357,Aqua,MODIS,81,6.2,304.4,53.7,D,0
-20.2605,144.5212,410.2,1.2,1.1,2014-01-05,0357,Aqua,MODIS,94,6.2,317.7,403,D,0
-20.269,144.5345,365.5,1.2,1.1,2014-01-05,0357,Aqua,MODIS,100,6.2,317.5,103,D,0
-19.5045,144.4715,340.4,1.2,1.1,2014-01-05,0357,Aqua,MODIS,84,6.2,304.7,36.7,D,0
-20.1887,145.555,349.6,1.1,1,2014-01-05,0357,Aqua,MODIS,91,6.2,309.5,43,D,0
-21.2848,145.8035,338.9,1.1,1,2014-01-05,0357,Aqua,MODIS,71,6.2,309.2,22.8,D,0
-19.6472,144.6323,358.4,1.2,1.1,2014-01-05,0357,Aqua,MODIS,98,6.2,315.5,67.7,D,0
-20.2491,144.5316,378.3,1.2,1.1,2014-01-05,0357,Aqua,MODIS,100,6.2,312.7,167.8,D,0
-19.6585,144.6224,350.6,1.2,1.1,2014-01-05,0357,Aqua,MODIS,93,6.2,318,44.5,D,0
-20.1685,145.5627,337.7,1.1,1,2014-01-05,0357,Aqua,MODIS,76,6.2,310.7,16.1,D,0
-21.231,145.8116,339.1,1.1,1,2014-01-05,0357,Aqua,MODIS,56,6.2,316.4,23.2,D,0
-21.2268,145.8431,358.8,1.1,1,2014-01-05,0357,Aqua,MODIS,99,6.2,316.2,71.8,D,0
-20.201,145.461,332.2,1.1,1.1,2014-01-05,0357,Aqua,MODIS,44,6.2,306.3,18.3,D,0
-19.6487,144.6209,350.3,1.2,1.1,2014-01-05,0357,Aqua,MODIS,93,6.2,316.2,44.5,D,0
-20.4346,148.1518,336.5,1,1,2014-01-05,0357,Aqua,MODIS,62,6.2,310,14.4,D,0
-19.2299,146.4785,327.1,1,1,2014-01-05,0357,Aqua,MODIS,34,6.2,301.4,11.1,D,0
-20.4225,148.2975,332.2,1,1,2014-01-05,0357,Aqua,MODIS,42,6.2,309.5,11.1,D,0
-19.2605,146.5915,330,1,1,2014-01-05,0357,Aqua,MODIS,62,6.2,306.1,11.1,D,0
-19.2672,146.5434,333.7,1,1,2014-01-05,0357,Aqua,MODIS,64,6.2,304.8,16.5,D,0
-19.2686,146.5338,336.3,1,1,2014-01-05,0357,Aqua,MODIS,71,6.2,305.8,20.5,D,0
-19.2478,146.5502,353.6,1,1,2014-01-05,0357,Aqua,MODIS,95,6.2,304.8,56.2,D,0
-19.2491,146.5407,334.8,1,1,2014-01-05,0357,Aqua,MODIS,61,6.2,301.2,20.9,D,0
-19.2635,146.5035,330.7,1,1,2014-01-05,0357,Aqua,MODIS,51,6.2,304.3,17.3,D,0
-19.2649,146.494,332.2,1,1,2014-01-05,0357,Aqua,MODIS,61,6.2,303.2,20.5,D,0
-19.2558,146.4924,343.4,1,1,2014-01-05,0357,Aqua,MODIS,87,6.2,304.6,37.2,D,0
-19.2571,146.4828,342.9,1,1,2014-01-05,0357,Aqua,MODIS,86,6.2,303.5,37,D,0
-19.2467,146.491,337,1,1,2014-01-05,0357,Aqua,MODIS,78,6.2,305.1,24.5,D,0
-19.2481,146.4813,358.4,1,1,2014-01-05,0357,Aqua,MODIS,98,6.2,305.7,69.8,D,0
-19.239,146.4799,334.8,1,1,2014-01-05,0357,Aqua,MODIS,74,6.2,303.3,20.8,D,0
-17.4758,145.4761,324.5,1.1,1,2014-01-05,0358,Aqua,MODIS,64,6.2,306.5,14.4,D,0
-18.5592,145.6091,331.8,1.1,1,2014-01-05,0358,Aqua,MODIS,48,6.2,307.5,17.3,D,0
-18.5486,145.6178,348.3,1.1,1,2014-01-05,0358,Aqua,MODIS,92,6.2,308.3,48.5,D,0
-15.6023,141.8278,328.3,1.6,1.2,2014-01-05,0358,Aqua,MODIS,17,6.2,302.8,16.8,D,0
-18.5473,145.6279,330.1,1.1,1,2014-01-05,0358,Aqua,MODIS,43,6.2,305.9,16.5,D,0
-17.1005,144.0897,338,1.2,1.1,2014-01-05,0358,Aqua,MODIS,47,6.2,308.4,30.3,D,0
-18.7216,144.7887,336.9,1.2,1.1,2014-01-05,0358,Aqua,MODIS,81,6.2,314.3,14.9,D,0
-18.403,145.7416,336,1.1,1,2014-01-05,0358,Aqua,MODIS,81,6.2,308.1,24.5,D,0
-18.6916,144.9101,365.1,1.1,1.1,2014-01-05,0358,Aqua,MODIS,100,6.2,316.5,89.3,D,0
-18.0787,144.7956,338.9,1.1,1.1,2014-01-05,0358,Aqua,MODIS,72,6.2,310.7,25,D,0
-18.0378,146.0013,331.5,1,1,2014-01-05,0358,Aqua,MODIS,73,6.2,301.7,17.7,D,0
-18.6197,145.4427,326.6,1.1,1,2014-01-05,0358,Aqua,MODIS,55,6.2,308.5,10.3,D,0
-15.7518,143.3454,320.5,1.3,1.1,2014-01-05,0358,Aqua,MODIS,39,6.2,287.8,8.5,D,0
-18.6978,144.9721,337.8,1.1,1.1,2014-01-05,0358,Aqua,MODIS,69,6.2,313.3,9.7,D,0
-18.5617,145.6606,328.7,1.1,1,2014-01-05,0358,Aqua,MODIS,60,6.2,302.5,14.5,D,0
-17.1118,144.0799,342.6,1.2,1.1,2014-01-05,0358,Aqua,MODIS,89,6.2,308.5,41,D,0
-17.0907,144.0883,333.2,1.2,1.1,2014-01-05,0358,Aqua,MODIS,78,6.2,301.8,22.1,D,0
-18.6966,144.9065,355.1,1.1,1.1,2014-01-05,0358,Aqua,MODIS,97,6.2,313.9,53.9,D,0
-18.6902,144.9208,340.5,1.1,1.1,2014-01-05,0358,Aqua,MODIS,74,6.2,316.3,19,D,0
-16.3151,144.9605,333,1.1,1,2014-01-05,0358,Aqua,MODIS,81,6.2,302.2,23.9,D,0
-18.6952,144.9172,353.8,1.1,1.1,2014-01-05,0358,Aqua,MODIS,96,6.2,316.9,48.5,D,0
-15.0813,145.1322,325.4,1,1,2014-01-05,0358,Aqua,MODIS,51,6.2,306.9,12.3,D,0
-13.3809,142.4864,321.1,1.3,1.1,2014-01-05,0359,Aqua,MODIS,48,6.2,295.2,14.7,D,0
-14.5241,143.8643,333,1.2,1.1,2014-01-05,0359,Aqua,MODIS,59,6.2,309.3,17.5,D,0
-34.7143,117.2601,433.6,2.8,1.6,2014-01-05,0532,Aqua,MODIS,100,6.2,308.7,2246.5,D,0
-34.7819,117.1465,329.5,2.8,1.6,2014-01-05,0532,Aqua,MODIS,68,6.2,294.4,109.8,D,0
-34.702,117.2278,326.7,2.8,1.6,2014-01-05,0532,Aqua,MODIS,22,6.2,292.7,82.5,D,0
-34.6998,117.2584,371.9,2.8,1.6,2014-01-05,0532,Aqua,MODIS,100,6.2,302.2,507,D,0
-34.6977,117.2891,347,2.7,1.6,2014-01-05,0532,Aqua,MODIS,89,6.2,299.6,214.4,D,0
-34.7165,117.2293,318.7,2.8,1.6,2014-01-05,0532,Aqua,MODIS,47,6.2,283.8,45.7,D,0
-34.7122,117.2905,450.1,2.7,1.6,2014-01-05,0532,Aqua,MODIS,100,6.2,313.5,3057.7,D,0
-34.7578,117.2641,368.5,2.8,1.6,2014-01-05,0532,Aqua,MODIS,100,6.2,294.4,442.5,D,0
-34.7555,117.2947,364.7,2.7,1.6,2014-01-05,0532,Aqua,MODIS,100,6.2,296.6,397.7,D,0
-34.7723,117.2651,349.9,2.8,1.6,2014-01-05,0532,Aqua,MODIS,87,6.2,298.6,235.8,D,0
-34.77,117.2957,355.6,2.7,1.6,2014-01-05,0532,Aqua,MODIS,98,6.2,299.1,299,D,0
-34.7611,117.2383,332.6,2.8,1.6,2014-01-05,0532,Aqua,MODIS,81,6.2,288.9,115.4,D,0
-34.7591,117.269,387.9,2.8,1.6,2014-01-05,0532,Aqua,MODIS,100,6.2,296.3,795.1,D,0
-34.757,117.2996,371.3,2.7,1.6,2014-01-05,0532,Aqua,MODIS,100,6.2,297.3,502.3,D,0
-34.7777,117.2085,323.6,2.8,1.6,2014-01-05,0532,Aqua,MODIS,45,6.2,293.8,75.9,D,0
-34.7736,117.2701,346,2.8,1.6,2014-01-05,0532,Aqua,MODIS,93,6.2,298.1,214.4,D,0
-34.7715,117.3007,337.7,2.7,1.6,2014-01-05,0532,Aqua,MODIS,89,6.2,297.7,153.2,D,0
-29.9584,118.1519,333.9,2.1,1.4,2014-01-05,0533,Aqua,MODIS,72,6.2,316.1,43.1,D,0
-33.1761,116.5996,340.6,2.9,1.6,2014-01-05,0533,Aqua,MODIS,86,6.2,307.9,150.7,D,0
-33.1751,116.6044,341.2,2.9,1.6,2014-01-05,0533,Aqua,MODIS,87,6.2,308.2,154.7,D,0
-25.9376,127.1406,346.9,1.2,1.1,2014-01-05,0534,Aqua,MODIS,89,6.2,330.1,24.1,D,0
-25.9279,127.1386,368.6,1.2,1.1,2014-01-05,0534,Aqua,MODIS,100,6.2,329.4,95.7,D,0
-24.9912,128.292,340.6,1.4,1.2,2014-01-05,0534,Aqua,MODIS,80,6.2,310.4,36.6,D,0
-20.351,123.7408,350.5,1,1,2014-01-05,0536,Aqua,MODIS,92,6.2,323.2,30.3,D,0
-20.804,120.8131,358.3,1.1,1.1,2014-01-05,0536,Aqua,MODIS,83,6.2,299,79.2,D,0
-21.0633,124.4534,351.5,1,1,2014-01-05,0536,Aqua,MODIS,93,6.2,328.5,27.8,D,0
-21.0541,124.4518,350.6,1,1,2014-01-05,0536,Aqua,MODIS,92,6.2,328.6,26.1,D,0
-21.9512,115.5373,350.2,2.5,1.5,2014-01-05,0536,Aqua,MODIS,92,6.2,315.4,132.7,D,0
-21.1178,120.89,340,1.1,1.1,2014-01-05,0536,Aqua,MODIS,44,6.2,310,24,D,0
-21.115,120.9114,347.4,1.1,1.1,2014-01-05,0536,Aqua,MODIS,90,6.2,317.4,34.2,D,0
-21.1164,120.9007,340.3,1.1,1.1,2014-01-05,0536,Aqua,MODIS,43,6.2,314.7,21.4,D,0
-19.7998,121.7409,354.5,1,1,2014-01-05,0536,Aqua,MODIS,96,6.2,321.4,44.6,D,0
-19.8011,121.7311,391.8,1,1,2014-01-05,0536,Aqua,MODIS,100,6.2,320.1,186.8,D,0
-19.8025,121.7214,364.9,1,1,2014-01-05,0536,Aqua,MODIS,100,6.2,312.6,78.8,D,0
-19.792,121.7297,349.9,1,1,2014-01-05,0536,Aqua,MODIS,91,6.2,317.5,34.9,D,0
-31.4272,151.5364,301.5,2.7,1.6,2014-01-05,1318,Terra,MODIS,41,6.2,289.3,22,N,0
-31.421,151.5646,309.2,2.7,1.6,2014-01-05,1318,Terra,MODIS,77,6.2,291.8,41.8,N,0
-31.4177,151.5571,313.1,2.7,1.6,2014-01-05,1318,Terra,MODIS,86,6.2,291.6,51.7,N,0
-33.1336,150.3937,324.2,2,1.4,2014-01-05,1318,Terra,MODIS,100,6.2,295.4,56.2,N,0
-33.1261,150.3745,311.4,2,1.4,2014-01-05,1318,Terra,MODIS,24,6.2,293.8,23.2,N,0
-35.9078,145.1425,302.6,1,1,2014-01-05,1318,Terra,MODIS,50,6.2,288,6.8,N,0
-33.043,150.3885,312.6,2,1.4,2014-01-05,1318,Terra,MODIS,64,6.2,292.9,27.7,N,0
-33.034,150.4267,350.4,2.1,1.4,2014-01-05,1318,Terra,MODIS,100,6.2,299.2,177.8,N,0
-33.0295,150.4488,321.6,2.1,1.4,2014-01-05,1318,Terra,MODIS,100,6.2,295.6,52.5,N,0
-33.0721,150.3749,307,2,1.4,2014-01-05,1318,Terra,MODIS,11,6.2,292.7,16.7,N,0
-33.0385,150.4104,346.5,2.1,1.4,2014-01-05,1318,Terra,MODIS,100,6.2,297.7,153.1,N,0
-33.0339,150.4324,350.4,2.1,1.4,2014-01-05,1318,Terra,MODIS,100,6.2,298.9,178.3,N,0
-35.9061,145.1538,327.1,1,1,2014-01-05,1318,Terra,MODIS,100,6.2,290.3,28.2,N,0
-33.0293,150.4544,311.6,2.1,1.4,2014-01-05,1318,Terra,MODIS,83,6.2,294.8,27.1,N,0
-33.1338,150.4002,320,2,1.4,2014-01-05,1318,Terra,MODIS,92,6.2,295.2,44.4,N,0
-33.1258,150.3678,308.6,2,1.4,2014-01-05,1318,Terra,MODIS,13,6.2,293.3,18.4,N,0
-33.1383,150.3786,310.9,2,1.4,2014-01-05,1318,Terra,MODIS,17,6.2,293.9,22.2,N,0
-33.0384,150.4045,337.1,2.1,1.4,2014-01-05,1318,Terra,MODIS,100,6.2,296.4,106.5,N,0
-33.0449,150.5063,317.3,2.1,1.4,2014-01-05,1318,Terra,MODIS,95,6.2,293.8,42.3,N,0
-33.0403,150.5286,327.7,2.1,1.4,2014-01-05,1318,Terra,MODIS,100,6.2,295.3,74.3,N,0
-28.557,151.8784,306,3.3,1.7,2014-01-05,1319,Terra,MODIS,67,6.2,291.1,41.7,N,0
-27.0694,148.2662,325.4,2,1.4,2014-01-05,1320,Terra,MODIS,100,6.2,297.5,59.9,N,0
-27.0733,148.2462,308.6,2,1.4,2014-01-05,1320,Terra,MODIS,75,6.2,295.7,17.7,N,0
-27.0685,148.2594,321.1,2,1.4,2014-01-05,1320,Terra,MODIS,100,6.2,296.7,45.9,N,0
-27.0817,148.2693,307,2,1.4,2014-01-05,1320,Terra,MODIS,65,6.2,296.5,15.2,N,0
-25.6666,140.2863,308,1,1,2014-01-05,1321,Terra,MODIS,73,6.2,293.6,7.7,N,0
-18.6798,145.5157,307.3,1.9,1.4,2014-01-05,1322,Terra,MODIS,13,6.2,291.7,17.3,N,0
-21.1253,140.7476,319.4,1,1,2014-01-05,1322,Terra,MODIS,99,6.2,297.1,11.9,N,0
-21.1557,140.7925,314.7,1,1,2014-01-05,1322,Terra,MODIS,64,6.2,301,8.3,N,0
-21.1344,140.7491,324.2,1,1,2014-01-05,1322,Terra,MODIS,100,6.2,295.8,17,N,0
-21.169,140.765,315.6,1,1,2014-01-05,1322,Terra,MODIS,83,6.2,299.3,9.1,N,0
-19.7492,143.5172,316,1.3,1.1,2014-01-05,1322,Terra,MODIS,92,6.2,280.3,19.8,N,0
-21.1662,140.7844,321.8,1,1,2014-01-05,1322,Terra,MODIS,100,6.2,299.3,15.3,N,0
-21.1676,140.7747,321.1,1,1,2014-01-05,1322,Terra,MODIS,100,6.2,299.7,14,N,0
-18.6732,145.5263,305,1.9,1.4,2014-01-05,1322,Terra,MODIS,22,6.2,292,13.2,N,0
-18.6852,145.5294,304.6,1.9,1.4,2014-01-05,1322,Terra,MODIS,19,6.2,292.3,12.1,N,0
-21.2037,140.7809,319.6,1,1,2014-01-05,1322,Terra,MODIS,74,6.2,298.4,13.7,N,0
-21.1267,140.7379,317.2,1,1,2014-01-05,1322,Terra,MODIS,81,6.2,298.7,10.2,N,0
-19.7471,143.53,313.9,1.3,1.2,2014-01-05,1322,Terra,MODIS,75,6.2,287.2,18,N,0
-18.6255,145.4427,303.4,1.9,1.3,2014-01-05,1322,Terra,MODIS,55,6.2,292,8.8,N,0
-19.3171,146.5015,303.3,2.2,1.4,2014-01-05,1322,Terra,MODIS,44,6.2,291.7,14.7,N,0
-16.0339,142.4854,313.4,1.3,1.1,2014-01-05,1323,Terra,MODIS,87,6.2,287.4,15.1,N,0
-16.032,142.4977,310.5,1.3,1.1,2014-01-05,1323,Terra,MODIS,80,6.2,286.1,12.1,N,0
-15.7037,135.2961,319.1,1.3,1.1,2014-01-05,1323,Terra,MODIS,98,6.2,288.4,21,N,0
-16.0442,142.4872,313,1.3,1.1,2014-01-05,1323,Terra,MODIS,86,6.2,287.2,14.9,N,0
-15.712,135.2902,309.8,1.3,1.1,2014-01-05,1323,Terra,MODIS,78,6.2,288.4,10.4,N,0
-16.0092,142.4432,302.6,1.3,1.1,2014-01-05,1323,Terra,MODIS,47,6.2,284.5,4.4,N,0
-15.7053,135.2837,320.6,1.3,1.1,2014-01-05,1323,Terra,MODIS,100,6.2,288.2,23.4,N,0
-15.695,135.2823,305.2,1.3,1.1,2014-01-05,1323,Terra,MODIS,56,6.2,287.5,5.9,N,0
-16.1731,134.6853,300.7,1.5,1.2,2014-01-05,1323,Terra,MODIS,29,6.2,281.5,7.1,N,0
-18.1887,133.2328,308.9,2,1.4,2014-01-05,1323,Terra,MODIS,76,6.2,283.2,21.5,N,0
-18.2037,133.468,305.8,1.9,1.4,2014-01-05,1323,Terra,MODIS,66,6.2,282.8,14.7,N,0
-18.2004,133.4611,303.1,1.9,1.4,2014-01-05,1323,Terra,MODIS,53,6.2,282.5,11.3,N,0
-15.1436,134.2326,323.9,1.5,1.2,2014-01-05,1324,Terra,MODIS,100,6.2,287.2,37.4,N,0
-15.1453,134.2183,303.7,1.5,1.2,2014-01-05,1324,Terra,MODIS,40,6.2,286.6,6.6,N,0
-15.1546,134.234,304.2,1.5,1.2,2014-01-05,1324,Terra,MODIS,56,6.2,286.2,7.2,N,0
-27.4344,153.4752,315.2,1.2,1.1,2014-01-05,1453,Aqua,MODIS,87,6.2,291.1,17.1,N,0
-27.4325,153.4633,308.3,1.2,1.1,2014-01-05,1453,Aqua,MODIS,47,6.2,290.8,10.3,N,0
-27.075,148.2659,303.6,2.5,1.5,2014-01-05,1453,Aqua,MODIS,56,6.2,288.3,22.1,N,0
-32.7264,150.7375,305.2,1.3,1.1,2014-01-05,1454,Aqua,MODIS,63,6.2,292.3,9.8,N,0
-32.7199,150.7448,302.9,1.3,1.1,2014-01-05,1454,Aqua,MODIS,38,6.2,292.2,7.8,N,0
-31.4234,151.5651,306.9,1.3,1.1,2014-01-05,1454,Aqua,MODIS,70,6.2,289.9,12.2,N,0
-33.0369,150.4445,313.8,1.4,1.2,2014-01-05,1455,Aqua,MODIS,38,6.2,292.9,17.5,N,0
-33.1316,150.4222,303.8,1.4,1.2,2014-01-05,1455,Aqua,MODIS,52,6.2,292.8,8.2,N,0
-33.1392,150.4047,316.2,1.4,1.2,2014-01-05,1455,Aqua,MODIS,93,6.2,293.9,21.4,N,0
-33.1209,150.3644,312,1.4,1.2,2014-01-05,1455,Aqua,MODIS,17,6.2,292,14.8,N,0
-33.0347,150.4548,305.3,1.4,1.2,2014-01-05,1455,Aqua,MODIS,45,6.2,292.3,9.8,N,0
-33.1236,150.379,316.5,1.4,1.2,2014-01-05,1455,Aqua,MODIS,55,6.2,293.2,20.2,N,0
-33.129,150.408,312.1,1.4,1.2,2014-01-05,1455,Aqua,MODIS,68,6.2,294,15.7,N,0
-33.0293,150.4257,336.1,1.4,1.2,2014-01-05,1455,Aqua,MODIS,100,6.2,294.8,56.8,N,0
-33.037,150.4087,326.7,1.4,1.2,2014-01-05,1455,Aqua,MODIS,100,6.2,293.2,38.7,N,0
-33.0264,150.447,332.2,1.4,1.2,2014-01-05,1455,Aqua,MODIS,100,6.2,295,49.7,N,0
-33.0342,150.43,331.8,1.4,1.2,2014-01-05,1455,Aqua,MODIS,100,6.2,295.3,47.2,N,0
-33.0238,150.4324,335.3,1.4,1.2,2014-01-05,1455,Aqua,MODIS,100,6.2,293.7,56.5,N,0
-33.032,150.4402,334.3,1.4,1.2,2014-01-05,1455,Aqua,MODIS,100,6.2,296.8,53.6,N,0
-33.0627,150.3711,314.2,1.4,1.2,2014-01-05,1455,Aqua,MODIS,54,6.2,290.8,18.7,N,0
-33.1262,150.3932,317,1.4,1.2,2014-01-05,1455,Aqua,MODIS,66,6.2,294.5,21.2,N,0
-33.1366,150.3905,312.4,1.4,1.2,2014-01-05,1455,Aqua,MODIS,69,6.2,293.1,16.3,N,0
-33.0396,150.423,314.1,1.4,1.2,2014-01-05,1455,Aqua,MODIS,50,6.2,293.5,17.9,N,0
-33.0316,150.4155,331.1,1.4,1.2,2014-01-05,1455,Aqua,MODIS,100,6.2,294.1,47.5,N,0
-33.1682,150.5032,303,1.4,1.2,2014-01-05,1455,Aqua,MODIS,53,6.2,292.2,8.2,N,0
-33.048,150.526,312.5,1.4,1.2,2014-01-05,1455,Aqua,MODIS,85,6.2,292.9,17,N,0
-33.1433,150.5757,302.1,1.3,1.1,2014-01-05,1455,Aqua,MODIS,29,6.2,291.3,6.8,N,0
-33.0421,150.5335,327.8,1.4,1.2,2014-01-05,1455,Aqua,MODIS,100,6.2,295.3,39.6,N,0
-33.1459,150.59,301.9,1.3,1.1,2014-01-05,1455,Aqua,MODIS,26,6.2,291.6,6.5,N,0
-33.0291,150.4617,301.7,1.4,1.2,2014-01-05,1455,Aqua,MODIS,23,6.2,291.5,6.8,N,0
-33.0395,150.5194,317.6,1.4,1.2,2014-01-05,1455,Aqua,MODIS,95,6.2,293.6,23,N,0
-34.7509,117.2624,338.1,1,1,2014-01-05,1457,Terra,MODIS,100,6.2,290.4,38.1,N,0
-34.7249,117.3161,305.1,1,1,2014-01-05,1457,Terra,MODIS,16,6.2,286.9,6.1,N,0
-34.7446,117.2376,326.4,1,1,2014-01-05,1457,Terra,MODIS,68,6.2,288.1,23.5,N,0
-34.7431,117.2491,333.4,1,1,2014-01-05,1457,Terra,MODIS,100,6.2,292.1,30.6,N,0
-34.7416,117.2606,500,1,1,2014-01-05,1457,Terra,MODIS,100,6.2,340.7,1712.9,N,0
-34.7401,117.2721,500,1,1,2014-01-05,1457,Terra,MODIS,100,6.2,379.5,1710.3,N,0
-34.7386,117.2836,450.6,1,1,2014-01-05,1457,Terra,MODIS,100,6.2,333.5,761.7,N,0
-34.7217,117.2685,322,1,1,2014-01-05,1457,Terra,MODIS,68,6.2,290.3,17.9,N,0
-34.7232,117.257,322.7,1,1,2014-01-05,1457,Terra,MODIS,79,6.2,288.6,18.8,N,0
-34.7095,117.2896,320.2,1,1,2014-01-05,1457,Terra,MODIS,77,6.2,289.2,17.8,N,0
-34.7187,117.2914,420.2,1,1,2014-01-05,1457,Terra,MODIS,100,6.2,306.2,422,N,0
-34.7434,117.3197,315.2,1,1,2014-01-05,1457,Terra,MODIS,12,6.2,287,12.6,N,0
-34.7464,117.2968,323.8,1,1,2014-01-05,1457,Terra,MODIS,0,6.2,290.8,21.5,N,0
-34.711,117.2781,335.9,1,1,2014-01-05,1457,Terra,MODIS,100,6.2,291.7,37.3,N,0
-34.7479,117.2853,340.5,1,1,2014-01-05,1457,Terra,MODIS,73,6.2,292,45.1,N,0
-34.7371,117.295,395.2,1,1,2014-01-05,1457,Terra,MODIS,100,6.2,310.1,237.2,N,0
-34.7357,117.3064,349.7,1,1,2014-01-05,1457,Terra,MODIS,100,6.2,297.2,64,N,0
-34.7494,117.2739,340.9,1,1,2014-01-05,1457,Terra,MODIS,80,6.2,291.4,45.5,N,0
-34.7202,117.28,352,1,1,2014-01-05,1457,Terra,MODIS,100,6.2,292.5,68.6,N,0
-34.7017,117.2764,313.3,1,1,2014-01-05,1457,Terra,MODIS,58,6.2,288.5,12.1,N,0
-34.7003,117.2878,305.9,1,1,2014-01-05,1457,Terra,MODIS,50,6.2,287.7,7.3,N,0
-34.7124,117.2667,342.5,1,1,2014-01-05,1457,Terra,MODIS,100,6.2,293.2,47.9,N,0
-34.7603,117.3346,336.9,1,1,2014-01-05,1457,Terra,MODIS,100,6.2,287.4,42.2,N,0
-34.7618,117.3232,370.6,1,1,2014-01-05,1457,Terra,MODIS,100,6.2,293.1,126.4,N,0
-34.7511,117.3329,330.6,1,1,2014-01-05,1457,Terra,MODIS,100,6.2,287.1,32.2,N,0
-34.7526,117.3214,329.9,1,1,2014-01-05,1457,Terra,MODIS,100,6.2,287.9,31.3,N,0
-34.7419,117.3311,312.8,1,1,2014-01-05,1457,Terra,MODIS,26,6.2,286.1,11.8,N,0
-34.7172,117.3029,374.3,1,1,2014-01-05,1457,Terra,MODIS,100,6.2,299.6,138.3,N,0
-34.7157,117.3143,316.6,1,1,2014-01-05,1457,Terra,MODIS,64,6.2,289.2,14.6,N,0
-34.7354,117.2359,319.3,1,1,2014-01-05,1457,Terra,MODIS,13,6.2,287.2,15.7,N,0
-34.7339,117.2473,338.9,1,1,2014-01-05,1457,Terra,MODIS,100,6.2,290.3,39.9,N,0
-34.7324,117.2588,457.5,1,1,2014-01-05,1457,Terra,MODIS,100,6.2,307.2,865.8,N,0
-34.7309,117.2703,500,1,1,2014-01-05,1457,Terra,MODIS,100,6.2,334.9,1710.6,N,0
-34.7294,117.2818,455.4,1,1,2014-01-05,1457,Terra,MODIS,100,6.2,329.3,832.3,N,0
-34.7279,117.2932,404.3,1,1,2014-01-05,1457,Terra,MODIS,100,6.2,311,295.6,N,0
-34.7264,117.3047,375.7,1,1,2014-01-05,1457,Terra,MODIS,100,6.2,299.5,144.6,N,0
-30.868,121.4926,345.5,1.3,1.1,2014-01-05,1458,Terra,MODIS,100,6.2,294,75.7,N,2
-30.8703,121.4794,303.8,1.3,1.1,2014-01-05,1458,Terra,MODIS,57,6.2,293.4,7.3,N,0
-21.9631,115.5414,317.4,1,1,2014-01-05,1500,Terra,MODIS,93,6.2,301.3,10,N,0
-21.9721,115.5429,312.2,1,1,2014-01-05,1500,Terra,MODIS,76,6.2,301,5.5,N,0
-18.1937,133.4687,307.2,1,1,2014-01-05,1629,Aqua,MODIS,64,6.2,283.6,6.9,N,0
-18.1951,133.4781,307.3,1,1,2014-01-05,1629,Aqua,MODIS,63,6.2,288.3,7,N,0
-18.7656,141.0203,328.2,2.4,1.5,2014-01-05,1629,Aqua,MODIS,100,6.2,291.1,98.4,N,0
-18.7793,141.0188,340.9,2.4,1.5,2014-01-05,1629,Aqua,MODIS,100,6.2,291,166.4,N,0
-18.7818,141.042,346.8,2.5,1.5,2014-01-05,1629,Aqua,MODIS,100,6.2,293.4,205.7,N,0
-18.7682,141.0435,323.1,2.5,1.5,2014-01-05,1629,Aqua,MODIS,100,6.2,291.7,75.9,N,0
-18.7955,141.0404,304.1,2.5,1.5,2014-01-05,1629,Aqua,MODIS,59,6.2,290,21,N,0
-18.7894,141.0357,322,2.5,1.5,2014-01-05,1629,Aqua,MODIS,100,6.2,291.3,73.2,N,0
-18.7758,141.0372,350.5,2.5,1.5,2014-01-05,1629,Aqua,MODIS,100,6.2,295.2,235.2,N,0
-18.7734,141.014,329.4,2.4,1.5,2014-01-05,1629,Aqua,MODIS,100,6.2,289.7,105.6,N,0
-34.7039,117.2736,309,4.1,1.9,2014-01-05,1634,Aqua,MODIS,64,6.2,286.6,82.2,N,0
-34.7355,117.3064,348.3,4.1,1.9,2014-01-05,1634,Aqua,MODIS,100,6.2,290.9,463.8,N,0
-34.7242,117.2623,324.9,4.1,1.9,2014-01-05,1634,Aqua,MODIS,100,6.2,287.6,182.8,N,0
-34.7519,117.2998,322,4.1,1.9,2014-01-05,1634,Aqua,MODIS,100,6.2,287,164.4,N,0
-34.7466,117.3499,306.5,4.1,1.9,2014-01-05,1634,Aqua,MODIS,13,6.2,285.5,64.5,N,0
-34.719,117.3125,333.3,4.1,1.9,2014-01-05,1634,Aqua,MODIS,100,6.2,288.5,265.4,N,0
-34.7406,117.2556,307.7,4.1,1.9,2014-01-05,1634,Aqua,MODIS,40,6.2,286.2,71.7,N,0
-34.7077,117.2683,319.7,4.1,1.9,2014-01-05,1634,Aqua,MODIS,93,6.2,286.6,144.1,N,0
-34.7315,117.3117,338.8,4.1,1.9,2014-01-05,1634,Aqua,MODIS,100,6.2,289.6,324.9,N,0
-34.7204,117.2676,328.8,4.1,1.9,2014-01-05,1634,Aqua,MODIS,88,6.2,288.1,216,N,0
-34.715,117.3178,317,4.1,1.9,2014-01-05,1634,Aqua,MODIS,92,6.2,287.2,130,N,0
-34.7221,117.2658,310.5,4.3,1.9,2014-01-05,1812,Aqua,MODIS,35,6.2,286.4,90.3,N,0
-34.7428,117.3085,307.4,4.3,1.9,2014-01-05,1812,Aqua,MODIS,30,6.2,286.2,75.6,N,0
-34.7247,117.3219,308.2,4.3,1.9,2014-01-05,1812,Aqua,MODIS,21,6.2,286.4,79.1,N,0
-34.7243,117.3139,313.8,4.3,1.9,2014-01-05,1812,Aqua,MODIS,55,6.2,287.2,111.9,N,0
-34.7223,117.2737,316.3,4.3,1.9,2014-01-05,1812,Aqua,MODIS,78,6.2,287.2,129.5,N,0
-34.7419,117.3129,308.3,4.3,1.9,2014-01-05,1812,Aqua,MODIS,60,6.2,286.2,84.5,N,0
-14.7205,144.9257,336.4,2.2,1.4,2014-01-06,0015,Terra,MODIS,75,6.2,297.9,82.1,D,0
-14.5281,143.869,323,2.7,1.6,2014-01-06,0015,Terra,MODIS,47,6.2,299,39.2,D,0
-14.7231,144.9321,341.5,2.2,1.4,2014-01-06,0015,Terra,MODIS,68,6.2,298.3,108.7,D,0
-21.1424,140.7945,328.7,3.3,1.7,2014-01-06,0016,Terra,MODIS,49,6.2,310.6,51,D,0
-19.7394,143.5392,328.4,2.2,1.5,2014-01-06,0016,Terra,MODIS,46,6.2,307.1,37.4,D,0
-18.5978,145.7016,329.4,1.6,1.3,2014-01-06,0016,Terra,MODIS,77,6.2,299.1,38.6,D,0
-22.7293,150.4573,329.1,1,1,2014-01-06,0016,Terra,MODIS,72,6.2,302.3,15.2,D,0
-22.7279,150.4475,326.3,1,1,2014-01-06,0016,Terra,MODIS,52,6.2,303.8,11.7,D,0
-22.7872,150.5383,337.2,1,1,2014-01-06,0016,Terra,MODIS,84,6.2,304.1,26.3,D,0
-22.7662,150.5215,339.6,1,1,2014-01-06,0016,Terra,MODIS,87,6.2,303.4,29.8,D,0
-22.7767,150.5299,354.4,1,1,2014-01-06,0016,Terra,MODIS,97,6.2,305.2,59.3,D,0
-22.7858,150.5285,336.8,1,1,2014-01-06,0016,Terra,MODIS,84,6.2,303.9,24.7,D,0
-22.7425,150.4852,330.6,1,1,2014-01-06,0016,Terra,MODIS,61,6.2,304.3,18,D,0
-22.7439,150.4951,337.2,1,1,2014-01-06,0016,Terra,MODIS,84,6.2,303.2,27.8,D,0
-20.4263,146.4897,339,1.4,1.2,2014-01-06,0016,Terra,MODIS,85,6.2,303.7,45,D,0
-20.432,146.4826,341.9,1.4,1.2,2014-01-06,0016,Terra,MODIS,88,6.2,303.4,51.3,D,0
-20.4343,146.4955,345.1,1.4,1.2,2014-01-06,0016,Terra,MODIS,90,6.2,302.5,61.5,D,0
-23.9005,146.4122,342.2,1.2,1.1,2014-01-06,0017,Terra,MODIS,84,6.2,306.4,42,D,0
-25.9477,148.1364,348.6,1,1,2014-01-06,0017,Terra,MODIS,91,6.2,311.4,38.1,D,0
-25.9493,148.1465,409.7,1,1,2014-01-06,0017,Terra,MODIS,100,6.2,329.5,299.9,D,0
-25.9508,148.1566,358.1,1,1,2014-01-06,0017,Terra,MODIS,98,6.2,321.2,58.6,D,0
-25.9548,148.1285,348.4,1,1,2014-01-06,0017,Terra,MODIS,91,6.2,318.1,35.8,D,0
-25.9564,148.1386,380,1,1,2014-01-06,0017,Terra,MODIS,100,6.2,320.3,132.3,D,0
-25.9579,148.1487,406.8,1,1,2014-01-06,0017,Terra,MODIS,100,6.2,329.9,279.2,D,0
-25.9595,148.1588,332.9,1,1,2014-01-06,0017,Terra,MODIS,65,6.2,316.5,9.3,D,0
-23.1546,147.4356,331.9,1.1,1.1,2014-01-06,0017,Terra,MODIS,75,6.2,304.9,15,D,0
-23.1528,147.4248,332.4,1.1,1.1,2014-01-06,0017,Terra,MODIS,76,6.2,304.2,14.8,D,0
-25.9203,152.3992,325.2,1.3,1.1,2014-01-06,0017,Terra,MODIS,53,6.2,297.6,16.3,D,0
-23.9614,150.862,324.7,1,1,2014-01-06,0017,Terra,MODIS,64,6.2,302.4,11.7,D,0
-23.9553,150.8695,325.4,1,1,2014-01-06,0017,Terra,MODIS,42,6.2,303.5,9.5,D,0
-22.9406,150.3904,330.9,1,1,2014-01-06,0017,Terra,MODIS,45,6.2,306.3,14,D,0
-22.9169,150.3541,333,1,1,2014-01-06,0017,Terra,MODIS,48,6.2,306.5,16.2,D,0
-22.9273,150.3624,335.9,1,1,2014-01-06,0017,Terra,MODIS,68,6.2,305.4,19,D,0
-22.9183,150.3639,347.3,1,1,2014-01-06,0017,Terra,MODIS,92,6.2,306.1,41.8,D,0
-25.1946,147.7433,347.7,1,1,2014-01-06,0017,Terra,MODIS,91,6.2,312.8,42.5,D,0
-25.2492,147.6844,333.1,1,1,2014-01-06,0017,Terra,MODIS,65,6.2,307.8,16.8,D,0
-25.28,147.6998,336.8,1,1,2014-01-06,0017,Terra,MODIS,71,6.2,309.6,20.9,D,0
-25.3156,147.7461,339.8,1,1,2014-01-06,0017,Terra,MODIS,75,6.2,316.8,20.9,D,0
-25.314,147.7358,341.5,1,1,2014-01-06,0017,Terra,MODIS,83,6.2,317.2,22.3,D,0
-25.5047,148.6801,332.1,1,1,2014-01-06,0017,Terra,MODIS,36,6.2,309.1,12.7,D,0
-24.8715,147.2709,341.6,1.1,1,2014-01-06,0017,Terra,MODIS,84,6.2,315.1,26,D,0
-24.752,147.222,344.2,1.1,1,2014-01-06,0017,Terra,MODIS,87,6.2,311.4,29.3,D,0
-25.469,147.6087,355.3,1.1,1,2014-01-06,0017,Terra,MODIS,96,6.2,320.2,46.3,D,0
-25.294,147.729,365.4,1,1,2014-01-06,0017,Terra,MODIS,100,6.2,313.1,88.2,D,0
-25.2957,147.7393,349.3,1,1,2014-01-06,0017,Terra,MODIS,92,6.2,314.3,43.1,D,0
-25.3032,147.7273,367,1,1,2014-01-06,0017,Terra,MODIS,100,6.2,317.2,89,D,0
-25.2816,147.7101,328.6,1,1,2014-01-06,0017,Terra,MODIS,26,6.2,308,9.2,D,0
-25.5062,148.69,332.5,1,1,2014-01-06,0017,Terra,MODIS,60,6.2,310.6,14.1,D,0
-25.4972,148.6916,333,1,1,2014-01-06,0017,Terra,MODIS,48,6.2,309.8,14.1,D,0
-25.2367,147.6654,352.8,1.1,1,2014-01-06,0017,Terra,MODIS,95,6.2,311.3,52,D,0
-25.3048,147.7375,369.5,1,1,2014-01-06,0017,Terra,MODIS,100,6.2,316.8,97.6,D,0
-25.187,147.7553,334,1,1,2014-01-06,0017,Terra,MODIS,72,6.2,313.7,16.6,D,0
-24.8302,147.4322,332.6,1.1,1,2014-01-06,0017,Terra,MODIS,35,6.2,313.9,11.7,D,0
-25.4707,147.6191,355.6,1.1,1,2014-01-06,0017,Terra,MODIS,96,6.2,321.8,45.6,D,0
-24.7523,147.3437,336.3,1.1,1,2014-01-06,0017,Terra,MODIS,49,6.2,311.3,17,D,0
-25.2384,147.6758,352.7,1.1,1,2014-01-06,0017,Terra,MODIS,95,6.2,310.9,52.8,D,0
-25.3215,147.7237,336.2,1,1,2014-01-06,0017,Terra,MODIS,62,6.2,317.1,11.8,D,0
-25.4957,148.6817,335,1,1,2014-01-06,0017,Terra,MODIS,62,6.2,308.1,16.3,D,0
-24.7426,147.2238,338,1.1,1,2014-01-06,0017,Terra,MODIS,80,6.2,311.2,17.1,D,0
-25.1854,147.7451,331.6,1,1,2014-01-06,0017,Terra,MODIS,66,6.2,311.5,14,D,0
-24.7537,147.2329,335.7,1.1,1,2014-01-06,0017,Terra,MODIS,44,6.2,314.8,12.5,D,0
-25.3124,147.7255,342.9,1,1,2014-01-06,0017,Terra,MODIS,83,6.2,316,24.1,D,0
-25.3064,147.7478,339.1,1,1,2014-01-06,0017,Terra,MODIS,81,6.2,313.9,20.3,D,0
-21.1524,140.7848,327.8,3.3,1.7,2014-01-06,0017,Terra,MODIS,51,6.2,311.6,47.2,D,0
-25.1962,147.7534,352.8,1,1,2014-01-06,0017,Terra,MODIS,95,6.2,314.5,53.5,D,0
-28.5571,151.8752,322.2,1.3,1.1,2014-01-06,0018,Terra,MODIS,63,6.2,303.2,15,D,0
-27.6567,153.4122,329.3,1.5,1.2,2014-01-06,0018,Terra,MODIS,43,6.2,293.7,34.4,D,0
-28.1676,148.3858,334.1,1,1,2014-01-06,0018,Terra,MODIS,67,6.2,321.3,9.9,D,0
-28.6844,149.2235,335.7,1,1,2014-01-06,0018,Terra,MODIS,51,6.2,315.8,19.9,D,0
-27.4819,153.4789,385.2,1.5,1.2,2014-01-06,0018,Terra,MODIS,100,6.2,296.2,292.5,D,0
-26.8167,147.2021,349.1,1.1,1,2014-01-06,0018,Terra,MODIS,91,6.2,324.8,36.8,D,0
-27.321,152.9848,321.2,1.4,1.2,2014-01-06,0018,Terra,MODIS,44,6.2,294.7,8.5,D,2
-27.4852,153.4223,360.3,1.5,1.2,2014-01-06,0018,Terra,MODIS,90,6.2,295.1,0,D,0
-27.4863,153.4164,353,1.5,1.2,2014-01-06,0018,Terra,MODIS,0,6.2,294.9,96.7,D,0
-25.6631,140.297,327.8,2.8,1.6,2014-01-06,0018,Terra,MODIS,69,6.2,310.8,51.4,D,0
-25.6637,140.2898,326.5,2.8,1.6,2014-01-06,0018,Terra,MODIS,65,6.2,311.1,45.9,D,0
-26.9659,149.4844,337.5,1,1,2014-01-06,0018,Terra,MODIS,77,6.2,317.2,14.4,D,0
-26.9674,149.4946,387.1,1,1,2014-01-06,0018,Terra,MODIS,100,6.2,321,161.6,D,0
-26.9765,149.493,383,1,1,2014-01-06,0018,Terra,MODIS,100,6.2,320.5,142,D,0
-27.4336,153.4606,339.1,1.5,1.2,2014-01-06,0018,Terra,MODIS,75,6.2,288,54.1,D,0
-27.4353,153.4759,333.2,1.5,1.2,2014-01-06,0018,Terra,MODIS,76,6.2,283.7,39.4,D,0
-27.4446,153.459,387.1,1.5,1.2,2014-01-06,0018,Terra,MODIS,100,6.2,296,320.6,D,0
-27.4557,153.4575,338,1.5,1.2,2014-01-06,0018,Terra,MODIS,73,6.2,289.4,48.1,D,0
-27.4574,153.4727,347,1.5,1.2,2014-01-06,0018,Terra,MODIS,94,6.2,290.7,75.8,D,0
-27.4591,153.4882,364.3,1.5,1.2,2014-01-06,0018,Terra,MODIS,100,6.2,292.8,158.8,D,0
-27.4667,153.4559,365.7,1.5,1.2,2014-01-06,0018,Terra,MODIS,100,6.2,294.8,159.6,D,0
-27.4684,153.4711,433.5,1.5,1.2,2014-01-06,0018,Terra,MODIS,100,6.2,303.1,936,D,0
-27.4777,153.4543,355.4,1.5,1.2,2014-01-06,0018,Terra,MODIS,84,6.2,298.6,107,D,0
-27.4794,153.4695,449.3,1.5,1.2,2014-01-06,0018,Terra,MODIS,100,6.2,303.2,1270.7,D,0
-27.4904,153.468,355.9,1.5,1.2,2014-01-06,0018,Terra,MODIS,98,6.2,295.3,105.7,D,0
-27.4922,153.4834,351.8,1.5,1.2,2014-01-06,0018,Terra,MODIS,96,6.2,288.1,92.4,D,0
-27.4803,153.4636,394.6,1.5,1.2,2014-01-06,0018,Terra,MODIS,100,6.2,301,378.9,D,0
-27.493,153.4774,354.6,1.5,1.2,2014-01-06,0018,Terra,MODIS,97,6.2,289.6,102.4,D,0
-26.9688,149.5048,375.5,1,1,2014-01-06,0018,Terra,MODIS,100,6.2,321.2,111.8,D,0
-26.9779,149.5032,393.3,1,1,2014-01-06,0018,Terra,MODIS,100,6.2,321.3,191.9,D,0
-27.4812,153.485,359.2,1.5,1.2,2014-01-06,0018,Terra,MODIS,99,6.2,292,124.3,D,0
-27.4464,153.4743,361.9,1.5,1.2,2014-01-06,0018,Terra,MODIS,100,6.2,289.2,146.5,D,0
-27.0745,148.2784,336.3,1,1,2014-01-06,0018,Terra,MODIS,73,6.2,320.9,16.5,D,0
-27.073,148.2683,338.2,1,1,2014-01-06,0018,Terra,MODIS,77,6.2,323.3,18.5,D,0
-32.642,150.7511,333.1,1.2,1.1,2014-01-06,0019,Terra,MODIS,82,6.2,304.9,34.6,D,0
-32.6436,150.7642,326.5,1.2,1.1,2014-01-06,0019,Terra,MODIS,73,6.2,303.6,23.5,D,0
-32.652,150.7495,319.1,1.2,1.1,2014-01-06,0019,Terra,MODIS,54,6.2,302.9,13.7,D,0
-33.0315,150.5281,326.3,1.2,1.1,2014-01-06,0019,Terra,MODIS,75,6.2,300.9,24.6,D,0
-33.0236,150.4624,357.9,1.2,1.1,2014-01-06,0019,Terra,MODIS,99,6.2,303.4,97.4,D,0
-33.1431,150.6122,340.3,1.2,1.1,2014-01-06,0019,Terra,MODIS,89,6.2,303,47.2,D,0
-33.1414,150.5988,356.2,1.2,1.1,2014-01-06,0019,Terra,MODIS,98,6.2,307.6,89.3,D,0
-32.7221,150.7383,326.5,1.2,1.1,2014-01-06,0019,Terra,MODIS,65,6.2,304.5,23.5,D,0
-33.1398,150.5854,332.7,1.2,1.1,2014-01-06,0019,Terra,MODIS,54,6.2,306.8,28.6,D,0
-33.1366,150.5588,326.8,1.2,1.1,2014-01-06,0019,Terra,MODIS,62,6.2,303.6,21.5,D,0
-33.1689,150.575,318.6,1.2,1.1,2014-01-06,0019,Terra,MODIS,30,6.2,302.9,12.3,D,0
-33.171,150.5065,338.9,1.2,1.1,2014-01-06,0019,Terra,MODIS,88,6.2,304.2,47.9,D,0
-33.1726,150.52,319.8,1.2,1.1,2014-01-06,0019,Terra,MODIS,64,6.2,301.2,15.8,D,0
-33.1598,150.5824,370.9,1.2,1.1,2014-01-06,0019,Terra,MODIS,100,6.2,307,150.4,D,0
-32.7305,150.7233,317.3,1.2,1.1,2014-01-06,0019,Terra,MODIS,36,6.2,302.3,12.1,D,0
-33.1318,150.5189,318,1.2,1.1,2014-01-06,0019,Terra,MODIS,52,6.2,301.7,12.1,D,0
-32.7322,150.7369,323.7,1.2,1.1,2014-01-06,0019,Terra,MODIS,68,6.2,303,20.4,D,0
-32.7308,150.7303,327.3,1.2,1.1,2014-01-06,0019,Terra,MODIS,76,6.2,303.3,24.9,D,0
-33.1498,150.584,364.3,1.2,1.1,2014-01-06,0019,Terra,MODIS,100,6.2,307.8,118.9,D,0
-33.0547,150.5516,348.7,1.2,1.1,2014-01-06,0019,Terra,MODIS,94,6.2,303.6,67.6,D,0
-33.0531,150.5385,366.5,1.2,1.1,2014-01-06,0019,Terra,MODIS,100,6.2,306.8,127.8,D,0
-33.0447,150.5532,336.8,1.2,1.1,2014-01-06,0019,Terra,MODIS,71,6.2,301.4,40.4,D,0
-32.6431,150.7565,341.6,1.2,1.1,2014-01-06,0019,Terra,MODIS,88,6.2,305.3,52.8,D,0
-33.0431,150.5397,361,1.2,1.1,2014-01-06,0019,Terra,MODIS,100,6.2,304.6,108.2,D,0
-33.0415,150.5264,396.3,1.2,1.1,2014-01-06,0019,Terra,MODIS,100,6.2,309.5,299.8,D,0
-33.0399,150.5132,373.2,1.2,1.1,2014-01-06,0019,Terra,MODIS,100,6.2,305,160,D,0
-33.0335,150.4607,353,1.2,1.1,2014-01-06,0019,Terra,MODIS,96,6.2,304.1,79.8,D,0
-33.0319,150.4477,339.5,1.2,1.1,2014-01-06,0019,Terra,MODIS,88,6.2,305.6,44.1,D,0
-33.0304,150.4347,360.7,1.2,1.1,2014-01-06,0019,Terra,MODIS,100,6.2,307.3,102.6,D,0
-33.1373,150.3975,347.8,1.2,1.1,2014-01-06,0019,Terra,MODIS,93,6.2,304.1,66,D,0
-33.1029,150.3633,336.8,1.2,1.1,2014-01-06,0019,Terra,MODIS,71,6.2,306.3,36.4,D,0
-33.8139,150.7946,323.9,1.3,1.1,2014-01-06,0019,Terra,MODIS,62,6.2,309.2,10.2,D,0
-33.0663,150.5637,330.1,1.2,1.1,2014-01-06,0019,Terra,MODIS,58,6.2,304.1,24.7,D,0
-33.0371,150.4069,352.2,1.2,1.1,2014-01-06,0019,Terra,MODIS,96,6.2,307.8,74.7,D,0
-33.0733,150.3683,331.4,1.2,1.1,2014-01-06,0019,Terra,MODIS,65,6.2,305.3,27.2,D,0
-33.0205,150.4366,341.6,1.2,1.1,2014-01-06,0019,Terra,MODIS,87,6.2,303.6,50.2,D,0
-33.0387,150.4201,328.6,1.2,1.1,2014-01-06,0019,Terra,MODIS,58,6.2,305.8,20.9,D,0
-33.1226,150.36,350,1.2,1.1,2014-01-06,0019,Terra,MODIS,94,6.2,305.8,70.8,D,0
-33.1962,150.463,326.3,1.2,1.1,2014-01-06,0019,Terra,MODIS,75,6.2,302.9,24,D,0
-33.1341,150.3713,336.9,1.2,1.1,2014-01-06,0019,Terra,MODIS,83,6.2,303.1,40.5,D,0
-33.9362,150.8831,321.3,1.3,1.1,2014-01-06,0019,Terra,MODIS,56,6.2,307.6,5.4,D,0
-33.0288,150.4216,359.7,1.2,1.1,2014-01-06,0019,Terra,MODIS,99,6.2,306.1,100.5,D,0
-33.1128,150.3616,335.1,1.2,1.1,2014-01-06,0019,Terra,MODIS,84,6.2,307.8,35.9,D,0
-33.1112,150.349,321.5,1.2,1.1,2014-01-06,0019,Terra,MODIS,53,6.2,303.2,15.3,D,0
-33.1406,150.424,317.2,1.2,1.1,2014-01-06,0019,Terra,MODIS,45,6.2,300.8,11.1,D,0
-33.0272,150.4085,324.3,1.2,1.1,2014-01-06,0019,Terra,MODIS,43,6.2,302.6,18.3,D,0
-33.0355,150.3939,336.6,1.2,1.1,2014-01-06,0019,Terra,MODIS,79,6.2,304.1,38,D,0
-33.0221,150.4496,339.4,1.2,1.1,2014-01-06,0019,Terra,MODIS,88,6.2,303.4,46.1,D,0
-33.7569,150.9096,323.1,1.3,1.1,2014-01-06,0019,Terra,MODIS,48,6.2,309.4,7.5,D,0
-33.1357,150.3845,341.4,1.2,1.1,2014-01-06,0019,Terra,MODIS,89,6.2,303.8,50.7,D,0
-33.1242,150.3729,327.5,1.2,1.1,2014-01-06,0019,Terra,MODIS,56,6.2,306,22.3,D,0
-33.1748,150.4526,319.7,1.2,1.1,2014-01-06,0019,Terra,MODIS,62,6.2,302.1,14.1,D,0
-33.139,150.4111,334.2,1.2,1.1,2014-01-06,0019,Terra,MODIS,83,6.2,302.2,36.5,D,0
-31.2104,151.4196,322.4,1.3,1.1,2014-01-06,0019,Terra,MODIS,59,6.2,308.4,14.3,D,0
-33.2808,149.1002,317.6,1.1,1,2014-01-06,0019,Terra,MODIS,31,6.2,305,3.7,D,0
-31.4192,151.5568,320,1.3,1.1,2014-01-06,0019,Terra,MODIS,48,6.2,300.9,17.4,D,0
-13.1623,136.0264,312.9,3.3,1.7,2014-01-06,0152,Terra,MODIS,39,6.2,284.5,30.4,D,0
-13.1585,136.0215,312.4,3.3,1.7,2014-01-06,0152,Terra,MODIS,35,6.2,284,25.5,D,0
-15.1372,134.2381,316.8,2.6,1.5,2014-01-06,0153,Terra,MODIS,61,6.2,273.3,30.5,D,0
-15.704,135.2937,329.5,3.1,1.7,2014-01-06,0153,Terra,MODIS,66,6.2,286.8,74.9,D,0
-14.7739,135.3424,316.8,3.1,1.7,2014-01-06,0153,Terra,MODIS,27,6.2,282.8,35.5,D,0
-14.6132,131.6971,324.2,1.6,1.3,2014-01-06,0153,Terra,MODIS,75,6.2,293.6,29.4,D,0
-17.6425,127.4111,335.5,1,1,2014-01-06,0154,Terra,MODIS,77,6.2,307.1,20.3,D,0
-17.5984,124.4116,345.2,1.1,1,2014-01-06,0154,Terra,MODIS,89,6.2,306.3,35.7,D,0
-17.6,124.4218,349.5,1.1,1,2014-01-06,0154,Terra,MODIS,92,6.2,307.7,44.1,D,0
-17.6411,127.4014,366.4,1,1,2014-01-06,0154,Terra,MODIS,100,6.2,309.3,92.2,D,0
-21.7083,121.5791,375.4,1.3,1.1,2014-01-06,0155,Terra,MODIS,100,6.2,305.8,175.7,D,0
-21.1029,120.9326,330.3,1.5,1.2,2014-01-06,0155,Terra,MODIS,67,6.2,305.2,16.5,D,0
-21.7226,121.5567,357.1,1.3,1.1,2014-01-06,0155,Terra,MODIS,98,6.2,301.6,92,D,0
-21.0921,120.9346,330.1,1.5,1.2,2014-01-06,0155,Terra,MODIS,65,6.2,305.6,16.5,D,0
-21.0231,120.94,371.2,1.5,1.2,2014-01-06,0155,Terra,MODIS,100,6.2,307.8,183.3,D,0
-21.7088,121.6447,328.6,1.3,1.1,2014-01-06,0155,Terra,MODIS,55,6.2,301.7,11.9,D,0
-21.7002,121.5939,330.4,1.3,1.1,2014-01-06,0155,Terra,MODIS,40,6.2,303.1,14,D,0
-21.6943,121.6213,360.5,1.3,1.1,2014-01-06,0155,Terra,MODIS,100,6.2,302.8,104,D,0
-21.6921,121.6086,358.6,1.3,1.1,2014-01-06,0155,Terra,MODIS,99,6.2,303.4,95.3,D,0
-21.0206,120.9256,400.7,1.5,1.2,2014-01-06,0155,Terra,MODIS,100,6.2,310,432.9,D,0
-21.0123,120.9423,378.9,1.5,1.2,2014-01-06,0155,Terra,MODIS,100,6.2,311.7,234,D,0
-21.0097,120.9277,371.1,1.5,1.2,2014-01-06,0155,Terra,MODIS,100,6.2,312.7,182.1,D,0
-20.9981,120.9892,336.3,1.5,1.2,2014-01-06,0155,Terra,MODIS,79,6.2,308.3,32.3,D,0
-21.6899,121.5958,334.8,1.3,1.1,2014-01-06,0155,Terra,MODIS,75,6.2,305.6,22.8,D,0
-21.6862,121.6359,328.7,1.3,1.1,2014-01-06,0155,Terra,MODIS,48,6.2,301.6,14.5,D,0
-21.684,121.6233,374.9,1.3,1.1,2014-01-06,0155,Terra,MODIS,100,6.2,306.5,174.3,D,0
-20.9874,120.9914,332.7,1.5,1.2,2014-01-06,0155,Terra,MODIS,72,6.2,308.1,22.9,D,0
-21.6819,121.6105,350.4,1.3,1.1,2014-01-06,0155,Terra,MODIS,93,6.2,305.7,66.9,D,0
-20.9829,120.9835,332,1.5,1.2,2014-01-06,0155,Terra,MODIS,70,6.2,308.5,20.6,D,0
-21.7204,121.544,382.8,1.3,1.1,2014-01-06,0155,Terra,MODIS,100,6.2,304.3,225.7,D,0
-21.7246,121.5498,386.2,1.3,1.1,2014-01-06,0155,Terra,MODIS,100,6.2,302.7,249.1,D,0
-21.7224,121.5369,358.1,1.3,1.1,2014-01-06,0155,Terra,MODIS,98,6.2,299.3,97.5,D,0
-21.7164,121.5644,359.7,1.3,1.1,2014-01-06,0155,Terra,MODIS,99,6.2,302.1,101.7,D,0
-21.7313,121.6535,336.6,1.3,1.1,2014-01-06,0155,Terra,MODIS,78,6.2,306.5,28.3,D,0
-21.7402,121.6581,337.8,1.3,1.1,2014-01-06,0155,Terra,MODIS,80,6.2,306.6,30.6,D,0
-21.7143,121.5517,365.1,1.3,1.1,2014-01-06,0155,Terra,MODIS,100,6.2,307,124.5,D,0
-21.7061,121.5664,392.4,1.3,1.1,2014-01-06,0155,Terra,MODIS,100,6.2,310.6,292.4,D,0
-21.7018,121.5407,349.5,1.3,1.1,2014-01-06,0155,Terra,MODIS,92,6.2,309.5,63,D,0
-21.6997,121.5279,361.2,1.3,1.1,2014-01-06,0155,Terra,MODIS,100,6.2,309.5,107.8,D,0
-21.698,121.5811,345,1.3,1.1,2014-01-06,0155,Terra,MODIS,88,6.2,307.8,47.9,D,0
-21.6959,121.5683,338.6,1.3,1.1,2014-01-06,0155,Terra,MODIS,68,6.2,310,30.8,D,0
-21.6937,121.5555,345.6,1.3,1.1,2014-01-06,0155,Terra,MODIS,89,6.2,310.1,49.4,D,0
-21.6915,121.5427,354.5,1.3,1.1,2014-01-06,0155,Terra,MODIS,96,6.2,310.5,80,D,0
-21.6878,121.5831,331.2,1.3,1.1,2014-01-06,0155,Terra,MODIS,58,6.2,307.4,14.5,D,0
-21.9756,115.5257,339.3,3.5,1.8,2014-01-06,0156,Terra,MODIS,85,6.2,307.9,138,D,0
-21.9664,115.5338,343,3.5,1.8,2014-01-06,0156,Terra,MODIS,88,6.2,308.4,176.8,D,0
-21.96,115.5294,332.2,3.5,1.8,2014-01-06,0156,Terra,MODIS,76,6.2,308.4,73.9,D,0
-29.9608,118.1509,333.6,1.5,1.2,2014-01-06,0158,Terra,MODIS,74,6.2,312.1,30,D,0
-34.7488,117.32,373.3,1.4,1.2,2014-01-06,0159,Terra,MODIS,100,6.2,296.2,189.5,D,0
-34.746,117.3048,402,1.4,1.2,2014-01-06,0159,Terra,MODIS,94,6.2,307.3,412.8,D,0
-25.9313,152.3751,321.3,3.8,1.8,2014-01-06,0300,Aqua,MODIS,66,6.2,293.9,48.5,D,0
-25.0621,153.2086,323.9,3.3,1.7,2014-01-06,0300,Aqua,MODIS,0,6.2,298.5,72,D,0
-25.0671,153.2047,325.1,3.3,1.7,2014-01-06,0300,Aqua,MODIS,0,6.2,298.8,77.9,D,0
-24.0028,151.068,319,4.5,2,2014-01-06,0301,Aqua,MODIS,49,6.2,293.8,37.1,D,0
-24.0038,151.0643,318.8,4.5,2,2014-01-06,0301,Aqua,MODIS,44,6.2,293.7,36.4,D,0
-36.9548,144.4728,323,1.2,1.1,2014-01-06,0435,Aqua,MODIS,68,6.2,307.5,11.9,D,0
-36.9622,144.4888,333.2,1.2,1.1,2014-01-06,0435,Aqua,MODIS,84,6.2,304.9,28,D,0
-33.173,150.5177,336.1,3.3,1.7,2014-01-06,0436,Aqua,MODIS,85,6.2,303.7,158.3,D,0
-33.0727,150.5978,320,3.3,1.7,2014-01-06,0436,Aqua,MODIS,34,6.2,305,59.2,D,0
-33.1675,150.5201,332,3.3,1.7,2014-01-06,0436,Aqua,MODIS,79,6.2,303.1,117.8,D,0
-32.7601,150.6137,351.7,3.4,1.7,2014-01-06,0436,Aqua,MODIS,95,6.2,305.5,350,D,0
-33.0493,150.5024,324.7,3.3,1.7,2014-01-06,0436,Aqua,MODIS,39,6.2,303.4,76.6,D,0
-33.0472,150.5808,326.9,3.3,1.7,2014-01-06,0436,Aqua,MODIS,42,6.2,300.5,98.4,D,0
-33.0409,150.5383,344.2,3.3,1.7,2014-01-06,0436,Aqua,MODIS,91,6.2,302.9,247.5,D,0
-33.0557,150.5445,347.3,3.3,1.7,2014-01-06,0436,Aqua,MODIS,93,6.2,307.2,268.9,D,0
-32.7415,150.7318,335.7,3.4,1.7,2014-01-06,0436,Aqua,MODIS,84,6.2,304,182.2,D,0
-32.6552,150.7268,319.4,3.5,1.8,2014-01-06,0436,Aqua,MODIS,51,6.2,307.6,54.8,D,0
-33.0624,150.5858,345.6,3.3,1.7,2014-01-06,0436,Aqua,MODIS,92,6.2,303.8,256.5,D,0
-32.7341,150.7243,341.9,3.4,1.7,2014-01-06,0436,Aqua,MODIS,89,6.2,306.5,241.1,D,0
-32.7513,150.6512,341.9,3.4,1.7,2014-01-06,0436,Aqua,MODIS,89,6.2,303.1,232.3,D,0
-33.0576,150.5925,331.3,3.3,1.7,2014-01-06,0436,Aqua,MODIS,66,6.2,301.2,128.5,D,0
-32.7686,150.5776,324.1,3.4,1.7,2014-01-06,0436,Aqua,MODIS,68,6.2,304.3,90.1,D,0
-32.7327,150.7683,318.2,3.5,1.8,2014-01-06,0436,Aqua,MODIS,48,6.2,303,59.4,D,0
-32.6466,150.7636,321.9,3.5,1.8,2014-01-06,0436,Aqua,MODIS,62,6.2,306.7,69.8,D,0
-32.7253,150.7615,332.7,3.5,1.8,2014-01-06,0436,Aqua,MODIS,81,6.2,304.2,155.7,D,0
-33.1516,150.4016,327.8,3.2,1.7,2014-01-06,0436,Aqua,MODIS,70,6.2,303.8,95.6,D,0
-33.1755,150.4866,323.3,3.2,1.7,2014-01-06,0436,Aqua,MODIS,43,6.2,305.4,64.5,D,0
-33.0706,150.5504,347.4,3.3,1.7,2014-01-06,0436,Aqua,MODIS,93,6.2,308.5,268.5,D,0
-33.1551,150.3942,321.4,3.2,1.7,2014-01-06,0436,Aqua,MODIS,50,6.2,304.3,59.2,D,0
-33.0206,150.4178,325.1,3.2,1.7,2014-01-06,0436,Aqua,MODIS,58,6.2,305.3,81.7,D,0
-33.0275,150.4572,328.6,3.3,1.7,2014-01-06,0436,Aqua,MODIS,26,6.2,302.2,95.1,D,0
-33.0261,150.4146,344.6,3.2,1.7,2014-01-06,0436,Aqua,MODIS,91,6.2,307.2,239.3,D,0
-33.0357,150.4224,341.5,3.2,1.7,2014-01-06,0436,Aqua,MODIS,88,6.2,306.7,198,D,0
-33.2036,150.4554,321.6,3.2,1.7,2014-01-06,0436,Aqua,MODIS,62,6.2,305.8,64.5,D,0
-33.0339,150.3805,317.3,3.2,1.7,2014-01-06,0436,Aqua,MODIS,13,6.2,304.3,36.4,D,0
-33.1409,150.3862,328.7,3.2,1.7,2014-01-06,0436,Aqua,MODIS,57,6.2,304.6,96.1,D,0
-33.0662,150.5569,361.6,3.3,1.7,2014-01-06,0436,Aqua,MODIS,100,6.2,309,463.2,D,0
-33.0331,150.4543,331.9,3.3,1.7,2014-01-06,0436,Aqua,MODIS,75,6.2,302.4,125.6,D,0
-33.1811,150.4828,319.9,3.2,1.7,2014-01-06,0436,Aqua,MODIS,44,6.2,305.8,52.4,D,0
-25.4745,147.6128,350.1,3.2,1.7,2014-01-06,0438,Aqua,MODIS,56,6.2,313.9,251.8,D,0
-24.8311,147.4322,331.7,3.3,1.7,2014-01-06,0439,Aqua,MODIS,41,6.2,296.4,119.4,D,0
-25.6731,140.2931,342.2,1.1,1,2014-01-06,0439,Aqua,MODIS,83,6.2,322.9,23.1,D,0
-25.6749,140.2821,339.9,1.1,1,2014-01-06,0439,Aqua,MODIS,80,6.2,323.7,18.3,D,0
-25.6619,140.3022,346.2,1.1,1.1,2014-01-06,0439,Aqua,MODIS,88,6.2,322.9,29.7,D,0
-25.6637,140.2912,354,1.1,1,2014-01-06,0439,Aqua,MODIS,95,6.2,325.9,48.1,D,0
-20.44,146.4818,332.6,3.5,1.8,2014-01-06,0440,Aqua,MODIS,65,6.2,296.4,114.7,D,0
-19.2569,146.4535,326.6,3.7,1.8,2014-01-06,0440,Aqua,MODIS,35,6.2,298.3,95.6,D,0
-19.2511,146.4471,328.7,3.7,1.8,2014-01-06,0440,Aqua,MODIS,55,6.2,298.8,114,D,0
-18.7831,144.7374,340.5,2.8,1.6,2014-01-06,0440,Aqua,MODIS,85,6.2,302.3,127,D,0
-19.7787,143.5104,335.1,2.2,1.4,2014-01-06,0440,Aqua,MODIS,70,6.2,309.1,49.7,D,0
-19.1267,141.7141,340.3,1.7,1.3,2014-01-06,0440,Aqua,MODIS,66,6.2,317.1,35.4,D,0
-18.146,145.3965,328.3,3.3,1.7,2014-01-06,0440,Aqua,MODIS,68,6.2,293.3,87.8,D,0
-19.5298,144.4658,330.6,2.6,1.6,2014-01-06,0440,Aqua,MODIS,62,6.2,296.7,62.7,D,0
-19.7658,143.5078,334.1,2.2,1.4,2014-01-06,0440,Aqua,MODIS,63,6.2,308.8,42.9,D,0
-18.786,141.0107,348.1,1.5,1.2,2014-01-06,0440,Aqua,MODIS,90,6.2,320.6,49.5,D,0
-18.151,145.3931,324.4,3.3,1.7,2014-01-06,0440,Aqua,MODIS,56,6.2,294.5,64.7,D,0
-21.2121,145.8389,332.5,3,1.7,2014-01-06,0440,Aqua,MODIS,60,6.2,304.8,69.9,D,0
-18.777,140.9888,342.1,1.5,1.2,2014-01-06,0440,Aqua,MODIS,83,6.2,317.9,32.7,D,0
-21.1782,140.7697,341.5,1.3,1.1,2014-01-06,0440,Aqua,MODIS,44,6.2,322.7,17.9,D,0
-18.78,140.9801,339,1.5,1.2,2014-01-06,0440,Aqua,MODIS,69,6.2,315.8,23.6,D,0
-21.1208,140.7324,340.1,1.3,1.1,2014-01-06,0440,Aqua,MODIS,60,6.2,322.3,15.9,D,0
-21.1311,140.7343,443.4,1.3,1.1,2014-01-06,0440,Aqua,MODIS,100,6.2,337.9,913.5,D,0
-21.129,140.7471,364.5,1.3,1.1,2014-01-06,0440,Aqua,MODIS,100,6.2,325.6,100.6,D,0
-18.6135,145.6933,336.5,3.4,1.7,2014-01-06,0440,Aqua,MODIS,81,6.2,297.4,158.9,D,0
-21.1533,140.7917,340.5,1.3,1.2,2014-01-06,0440,Aqua,MODIS,33,6.2,323.5,15.4,D,0
-18.6073,145.725,328,3.4,1.7,2014-01-06,0440,Aqua,MODIS,58,6.2,298.2,96.2,D,0
-18.5981,145.6899,324.2,3.4,1.7,2014-01-06,0440,Aqua,MODIS,42,6.2,295.3,72.1,D,0
-19.7362,143.5237,341.7,2.2,1.4,2014-01-06,0440,Aqua,MODIS,83,6.2,308.7,84.5,D,0
-18.7776,140.9944,343.6,1.5,1.2,2014-01-06,0440,Aqua,MODIS,85,6.2,318.6,35.7,D,0
-19.7491,143.5263,332,2.2,1.4,2014-01-06,0440,Aqua,MODIS,57,6.2,309.3,37.2,D,0
-21.1636,140.794,345.4,1.3,1.2,2014-01-06,0440,Aqua,MODIS,80,6.2,325.4,30.5,D,0
-21.1414,140.7362,351.9,1.3,1.1,2014-01-06,0440,Aqua,MODIS,93,6.2,325.9,49.1,D,0
-20.7403,139.481,337.2,1.2,1.1,2014-01-06,0440,Aqua,MODIS,75,6.2,321.9,12.7,D,2
-16.1846,134.6751,335.9,1,1,2014-01-06,0441,Aqua,MODIS,71,6.2,311.6,11.9,D,0
-16.1301,134.6703,338.3,1,1,2014-01-06,0441,Aqua,MODIS,74,6.2,309,17.9,D,0
-16.1767,134.664,341.8,1,1,2014-01-06,0441,Aqua,MODIS,83,6.2,313.3,22.1,D,0
-14.7253,144.9097,329,3.6,1.8,2014-01-06,0441,Aqua,MODIS,59,6.2,295.8,101.8,D,0
-16.1288,134.6799,340.7,1,1,2014-01-06,0441,Aqua,MODIS,71,6.2,311.1,21.1,D,0
-16.1197,134.6785,343.7,1,1,2014-01-06,0441,Aqua,MODIS,85,6.2,311.7,26.7,D,0
-14.7336,144.9069,329.7,3.6,1.8,2014-01-06,0441,Aqua,MODIS,69,6.2,296.5,109.4,D,0
-19.1063,126.6001,327.4,3.8,1.8,2014-01-06,0441,Aqua,MODIS,38,6.2,299.1,75.5,D,0
-19.0866,126.6349,352.8,3.8,1.8,2014-01-06,0441,Aqua,MODIS,95,6.2,300.1,368.3,D,0
-19.0898,126.5984,338.8,3.8,1.8,2014-01-06,0441,Aqua,MODIS,81,6.2,300.7,187.3,D,0
-19.0963,126.6288,351.4,3.8,1.8,2014-01-06,0441,Aqua,MODIS,94,6.2,302.6,346,D,0
-19.0999,126.5924,337,3.8,1.8,2014-01-06,0441,Aqua,MODIS,79,6.2,300.6,168.2,D,0
-16.9715,138.0523,340.3,1.1,1,2014-01-06,0441,Aqua,MODIS,34,6.2,320,16.4,D,0
-16.9747,138.0317,360.4,1.1,1,2014-01-06,0441,Aqua,MODIS,100,6.2,321.6,67.2,D,0
-16.9763,138.0214,342.4,1.1,1,2014-01-06,0441,Aqua,MODIS,81,6.2,316.2,22.4,D,0
-16.9637,138.0404,343.4,1.1,1,2014-01-06,0441,Aqua,MODIS,76,6.2,323.2,21.9,D,0
-16.9653,138.0301,349.4,1.1,1,2014-01-06,0441,Aqua,MODIS,85,6.2,321.8,36.2,D,0
-16.9669,138.0199,341.4,1.1,1,2014-01-06,0441,Aqua,MODIS,70,6.2,318,21.1,D,0
-16.9527,138.0491,348.4,1.1,1,2014-01-06,0441,Aqua,MODIS,90,6.2,320.5,34.1,D,0
-16.9543,138.0388,356.4,1.1,1,2014-01-06,0441,Aqua,MODIS,97,6.2,322.7,55.9,D,0
-16.9433,138.0475,362.5,1.1,1,2014-01-06,0441,Aqua,MODIS,100,6.2,319.5,76.8,D,0
-16.9449,138.0372,377.9,1.1,1,2014-01-06,0441,Aqua,MODIS,100,6.2,321.7,137.7,D,0
-17.0245,137.8312,351,1.1,1,2014-01-06,0441,Aqua,MODIS,84,6.2,319.9,49.3,D,0
-17.0137,137.8396,364.2,1.1,1,2014-01-06,0441,Aqua,MODIS,82,6.2,320.6,85,D,0
-17.0152,137.8296,381.2,1.1,1,2014-01-06,0441,Aqua,MODIS,100,6.2,323.1,155,D,0
-16.9967,137.8263,336.6,1.1,1,2014-01-06,0441,Aqua,MODIS,38,6.2,294.7,23.4,D,0
-18.1993,133.4752,342.2,1.2,1.1,2014-01-06,0441,Aqua,MODIS,85,6.2,316.6,26.1,D,0
-18.1855,133.4269,339.9,1.2,1.1,2014-01-06,0441,Aqua,MODIS,77,6.2,312.5,26.3,D,0
-18.161,133.2167,397.7,1.2,1.1,2014-01-06,0441,Aqua,MODIS,100,6.2,312.7,302.7,D,0
-18.1426,133.2022,354.8,1.2,1.1,2014-01-06,0441,Aqua,MODIS,96,6.2,297,77.5,D,0
-18.141,133.2139,334.9,1.2,1.1,2014-01-06,0441,Aqua,MODIS,71,6.2,299.7,23.4,D,0
-18.151,133.2153,400.7,1.2,1.1,2014-01-06,0441,Aqua,MODIS,100,6.2,307.7,327.5,D,0
-18.1625,133.205,381.5,1.2,1.1,2014-01-06,0441,Aqua,MODIS,100,6.2,311.5,192.6,D,0
-18.1708,133.2247,359.5,1.2,1.1,2014-01-06,0441,Aqua,MODIS,99,6.2,310.2,86.2,D,0
-18.171,133.2181,354.6,1.2,1.1,2014-01-06,0441,Aqua,MODIS,96,6.2,310.3,70.9,D,0
-18.1694,133.2298,340.8,1.2,1.1,2014-01-06,0441,Aqua,MODIS,84,6.2,306.3,32.8,D,0
-18.1723,133.2129,349.2,1.2,1.1,2014-01-06,0441,Aqua,MODIS,92,6.2,306.9,53.4,D,0
-13.5076,135.7245,333.6,1,1,2014-01-06,0442,Aqua,MODIS,64,6.2,308.7,16.5,D,0
-13.5,135.7138,343.1,1,1,2014-01-06,0442,Aqua,MODIS,63,6.2,304,34.8,D,0
-15.6969,135.2727,346.2,1,1,2014-01-06,0442,Aqua,MODIS,88,6.2,320.1,23.1,D,0
-15.6571,135.3554,356.7,1,1,2014-01-06,0442,Aqua,MODIS,97,6.2,324.3,48.8,D,0
-15.6481,135.354,365.4,1,1,2014-01-06,0442,Aqua,MODIS,100,6.2,320.7,75.1,D,0
-15.1676,134.1932,363.6,1.1,1,2014-01-06,0442,Aqua,MODIS,100,6.2,306.6,83.5,D,0
-15.6584,135.3461,349.6,1,1,2014-01-06,0442,Aqua,MODIS,91,6.2,322.9,30.8,D,0
-15.1689,134.1835,354.5,1.1,1,2014-01-06,0442,Aqua,MODIS,96,6.2,303.4,58,D,0
-15.6652,135.2328,336.9,1,1,2014-01-06,0442,Aqua,MODIS,74,6.2,318.3,11.7,D,0
-15.6483,135.2874,374.4,1,1,2014-01-06,0442,Aqua,MODIS,100,6.2,322.3,101.5,D,0
-15.1346,134.2282,331.5,1.1,1,2014-01-06,0442,Aqua,MODIS,74,6.2,302.8,11.5,D,0
-15.7213,135.2955,343.7,1,1,2014-01-06,0442,Aqua,MODIS,42,6.2,321.9,16.8,D,0
-15.6557,135.3647,340.5,1,1,2014-01-06,0442,Aqua,MODIS,77,6.2,319.7,16.8,D,0
-15.7136,135.2848,342.1,1,1,2014-01-06,0442,Aqua,MODIS,51,6.2,320.7,14,D,0
-15.6467,135.3633,336.9,1,1,2014-01-06,0442,Aqua,MODIS,73,6.2,317.8,12.4,D,0
-15.7226,135.2862,358.1,1,1,2014-01-06,0442,Aqua,MODIS,98,6.2,322.2,49.4,D,0
-15.6417,135.334,369.2,1,1,2014-01-06,0442,Aqua,MODIS,100,6.2,320.5,88.3,D,0
-15.7032,135.2928,346.9,1,1,2014-01-06,0442,Aqua,MODIS,89,6.2,323.2,21.2,D,0
-15.6494,135.3447,383.6,1,1,2014-01-06,0442,Aqua,MODIS,100,6.2,328.2,140.3,D,0
-15.6639,135.2421,343.4,1,1,2014-01-06,0442,Aqua,MODIS,85,6.2,318.3,22.7,D,0
-15.6507,135.3353,357.4,1,1,2014-01-06,0442,Aqua,MODIS,98,6.2,324.9,50.6,D,0
-15.6729,135.2435,351.4,1,1,2014-01-06,0442,Aqua,MODIS,93,6.2,320.9,38.5,D,0
-15.6573,135.2887,342.2,1,1,2014-01-06,0442,Aqua,MODIS,51,6.2,322.9,15.3,D,0
-15.6404,135.3433,365.3,1,1,2014-01-06,0442,Aqua,MODIS,100,6.2,317.1,75.7,D,0
-15.1267,134.217,345,1.1,1,2014-01-06,0442,Aqua,MODIS,90,6.2,300,35.7,D,0
-14.6164,131.6937,323.3,1.4,1.2,2014-01-06,0442,Aqua,MODIS,45,6.2,285.9,21.2,D,0
-29.98,118.1453,356.2,1.3,1.1,2014-01-06,0616,Aqua,MODIS,97,6.2,320.8,64,D,0
-29.9723,118.1299,351.4,1.3,1.1,2014-01-06,0616,Aqua,MODIS,87,6.2,326.4,45.6,D,0
-29.97,118.143,405.7,1.3,1.1,2014-01-06,0616,Aqua,MODIS,100,6.2,330.4,365.9,D,0
-29.9608,118.1493,344.1,1.3,1.1,2014-01-06,0616,Aqua,MODIS,68,6.2,327.6,23.8,D,0
-29.9677,118.1561,354.8,1.3,1.1,2014-01-06,0616,Aqua,MODIS,96,6.2,323.7,56.3,D,0
-24.0269,120.0771,336.5,2.2,1.4,2014-01-06,0618,Aqua,MODIS,60,6.2,317.9,29.6,D,0
-24.0141,120.0742,340.2,2.2,1.4,2014-01-06,0618,Aqua,MODIS,79,6.2,319.5,47,D,0
-21.6883,121.615,341.3,3.2,1.7,2014-01-06,0618,Aqua,MODIS,69,6.2,319,87.4,D,0
-21.6779,121.6072,353.2,3.2,1.7,2014-01-06,0618,Aqua,MODIS,95,6.2,316.2,230.2,D,0
-21.6902,121.5461,359.4,3.2,1.7,2014-01-06,0618,Aqua,MODIS,99,6.2,316.5,312.2,D,0
-21.684,121.5766,387,3.2,1.7,2014-01-06,0618,Aqua,MODIS,100,6.2,318.7,847.8,D,0
-21.6947,121.5844,349,3.2,1.7,2014-01-06,0618,Aqua,MODIS,91,6.2,320.3,163,D,0
-33.0362,150.4606,301.6,1.9,1.3,2014-01-06,1223,Terra,MODIS,28,6.2,286.2,17,N,0
-32.7466,150.663,307.8,1.8,1.3,2014-01-06,1223,Terra,MODIS,73,6.2,287.9,21.8,N,0
-32.7393,150.6748,306.1,1.8,1.3,2014-01-06,1223,Terra,MODIS,56,6.2,288.7,19.3,N,0
-33.1422,150.5593,330.6,1.8,1.3,2014-01-06,1223,Terra,MODIS,100,6.2,290.6,71.1,N,0
-33.1579,150.5215,323.8,1.9,1.3,2014-01-06,1223,Terra,MODIS,99,6.2,288.7,56,N,0
-32.6429,150.734,326.6,1.8,1.3,2014-01-06,1223,Terra,MODIS,100,6.2,290,59.7,N,0
-32.641,150.7532,321.9,1.8,1.3,2014-01-06,1223,Terra,MODIS,100,6.2,286.1,48.2,N,0
-32.7517,150.6064,301.9,1.8,1.3,2014-01-06,1223,Terra,MODIS,40,6.2,287.7,14.7,N,0
-32.7586,150.601,305.3,1.8,1.3,2014-01-06,1223,Terra,MODIS,64,6.2,287.8,19,N,0
-32.7082,150.7479,310.2,1.8,1.3,2014-01-06,1223,Terra,MODIS,79,6.2,285.6,27,N,0
-33.1439,150.54,328.6,1.9,1.3,2014-01-06,1223,Terra,MODIS,94,6.2,289.1,64.8,N,0
-32.7411,150.6559,304.3,1.8,1.3,2014-01-06,1223,Terra,MODIS,32,6.2,287.3,16.2,N,0
-32.6353,150.758,302.5,1.8,1.3,2014-01-06,1223,Terra,MODIS,49,6.2,285.2,13.8,N,0
-32.6489,150.7408,314,1.8,1.3,2014-01-06,1223,Terra,MODIS,88,6.2,287.9,32,N,0
-32.7064,150.7666,309,1.8,1.3,2014-01-06,1223,Terra,MODIS,76,6.2,288.2,24.6,N,0
-32.6371,150.7388,328,1.8,1.3,2014-01-06,1223,Terra,MODIS,100,6.2,289.4,63.8,N,0
-33.1339,150.3767,307.8,1.9,1.3,2014-01-06,1223,Terra,MODIS,18,6.2,287.6,20.9,N,0
-33.1775,150.4417,300.3,1.9,1.3,2014-01-06,1223,Terra,MODIS,17,6.2,289,12.8,N,0
-33.1235,150.3548,314.9,1.9,1.3,2014-01-06,1223,Terra,MODIS,45,6.2,289,33.3,N,0
-33.0695,150.3623,332.3,1.9,1.3,2014-01-06,1223,Terra,MODIS,100,6.2,284.6,86.2,N,0
-33.1444,150.3976,313.9,1.9,1.3,2014-01-06,1223,Terra,MODIS,83,6.2,289.8,33.9,N,0
-34.3358,150.1954,301.1,2,1.4,2014-01-06,1223,Terra,MODIS,38,6.2,286.4,17.1,N,0
-33.1204,150.3479,356.6,1.9,1.3,2014-01-06,1223,Terra,MODIS,100,6.2,291.3,198.8,N,0
-33.1082,150.3457,319.9,1.9,1.3,2014-01-06,1223,Terra,MODIS,84,6.2,289.4,47.7,N,0
-33.141,150.3914,312.7,1.9,1.3,2014-01-06,1223,Terra,MODIS,37,6.2,288.8,29.8,N,0
-33.1225,150.3246,327.4,1.9,1.3,2014-01-06,1223,Terra,MODIS,100,6.2,288.5,65.4,N,0
-28.513,152.0833,311.6,1.3,1.1,2014-01-06,1224,Terra,MODIS,83,6.2,288.9,17.6,N,0
-28.5232,152.0846,323.5,1.3,1.1,2014-01-06,1224,Terra,MODIS,100,6.2,290.2,33.7,N,0
-29.5302,151.8038,311.5,1.4,1.2,2014-01-06,1224,Terra,MODIS,83,6.2,288.7,18.9,N,0
-28.5536,151.1898,348.6,1.5,1.2,2014-01-06,1224,Terra,MODIS,100,6.2,300.3,100.4,N,0
-28.5519,151.2049,310.4,1.5,1.2,2014-01-06,1224,Terra,MODIS,43,6.2,297.1,13.2,N,0
-29.5364,151.7962,312.8,1.4,1.2,2014-01-06,1224,Terra,MODIS,86,6.2,289,20.6,N,0
-28.5644,151.1916,360,1.5,1.2,2014-01-06,1224,Terra,MODIS,100,6.2,304.7,147.4,N,0
-28.5661,151.1763,343.3,1.5,1.2,2014-01-06,1224,Terra,MODIS,100,6.2,300.6,82,N,0
-28.604,151.1565,305.1,1.5,1.2,2014-01-06,1224,Terra,MODIS,63,6.2,294.3,8.5,N,0
-28.6003,151.1657,311.7,1.5,1.2,2014-01-06,1224,Terra,MODIS,83,6.2,295.1,15.7,N,0
-28.5894,151.1642,318.4,1.5,1.2,2014-01-06,1224,Terra,MODIS,97,6.2,297.8,24.2,N,0
-28.5911,151.149,323.4,1.5,1.2,2014-01-06,1224,Terra,MODIS,100,6.2,297.1,34,N,0
-28.5769,151.178,341.3,1.5,1.2,2014-01-06,1224,Terra,MODIS,100,6.2,300.8,75.5,N,0
-28.5786,151.1628,334,1.5,1.2,2014-01-06,1224,Terra,MODIS,100,6.2,299.6,55.4,N,0
-28.6024,151.1717,306.8,1.5,1.2,2014-01-06,1224,Terra,MODIS,69,6.2,294.9,10.3,N,0
-29.5319,151.7892,319.6,1.4,1.2,2014-01-06,1224,Terra,MODIS,99,6.2,289.3,30.1,N,0
-25.9612,148.1411,310.6,2.2,1.4,2014-01-06,1225,Terra,MODIS,79,6.2,297.7,23.5,N,0
-25.9482,148.1395,308,2.2,1.4,2014-01-06,1225,Terra,MODIS,71,6.2,296.9,18.6,N,0
-24.1894,148.3963,318.4,2,1.4,2014-01-06,1225,Terra,MODIS,97,6.2,291.7,38.9,N,0
-24.1913,148.3768,304.3,2,1.4,2014-01-06,1225,Terra,MODIS,42,6.2,290.9,11.2,N,0
-24.1873,148.3905,316.5,2,1.4,2014-01-06,1225,Terra,MODIS,93,6.2,292.2,33.7,N,0
-24.8274,147.2613,313.2,2.4,1.5,2014-01-06,1225,Terra,MODIS,87,6.2,294.9,37.7,N,0
-24.8226,147.2304,314.1,2.4,1.5,2014-01-06,1225,Terra,MODIS,89,6.2,292.8,40.4,N,0
-24.8296,147.2366,322.2,2.4,1.5,2014-01-06,1225,Terra,MODIS,100,6.2,292.6,66.9,N,0
-24.7884,147.4429,312,2.4,1.5,2014-01-06,1225,Terra,MODIS,59,6.2,296,30.2,N,0
-25.4704,147.5925,309,2.3,1.5,2014-01-06,1225,Terra,MODIS,69,6.2,296.4,20,N,0
-24.7861,147.4668,309.6,2.3,1.5,2014-01-06,1225,Terra,MODIS,26,6.2,295.4,25.2,N,0
-24.8202,147.255,318.5,2.4,1.5,2014-01-06,1225,Terra,MODIS,97,6.2,294.8,54.6,N,0
-25.4682,147.6159,317.3,2.3,1.5,2014-01-06,1225,Terra,MODIS,95,6.2,297.1,42.2,N,0
-22.9267,145.8025,304.3,2.9,1.6,2014-01-06,1226,Terra,MODIS,35,6.2,281.7,41.2,N,0
-22.7255,150.4388,304.1,1.4,1.2,2014-01-06,1226,Terra,MODIS,59,6.2,293.4,5.3,N,0
-22.7842,150.5346,309.3,1.4,1.2,2014-01-06,1226,Terra,MODIS,41,6.2,293.7,9.8,N,0
-22.7947,150.5358,314.3,1.4,1.2,2014-01-06,1226,Terra,MODIS,89,6.2,293.6,15.7,N,0
-22.7738,150.5332,309.6,1.4,1.2,2014-01-06,1226,Terra,MODIS,32,6.2,293.6,9.8,N,0
-23.8535,146.3603,308.7,2.8,1.6,2014-01-06,1226,Terra,MODIS,52,6.2,280.2,38.4,N,0
-23.8508,146.3549,310.3,2.8,1.6,2014-01-06,1226,Terra,MODIS,27,6.2,280.6,39.5,N,0
-22.8522,148.6313,312.4,1.8,1.3,2014-01-06,1226,Terra,MODIS,85,6.2,293.5,21.1,N,0
-22.8541,148.6136,331.3,1.8,1.3,2014-01-06,1226,Terra,MODIS,100,6.2,294,67.9,N,0
-20.4239,146.464,326.9,2.4,1.5,2014-01-06,1227,Terra,MODIS,100,6.2,290.5,84,N,0
-20.4102,146.4629,317.6,2.4,1.5,2014-01-06,1227,Terra,MODIS,87,6.2,291.1,51.4,N,0
-20.403,146.4566,307.4,2.4,1.5,2014-01-06,1227,Terra,MODIS,49,6.2,291.3,20.8,N,0
-19.2494,146.4356,301.5,2.4,1.5,2014-01-06,1227,Terra,MODIS,40,6.2,290.7,12,N,0
-19.2515,146.416,302.6,2.4,1.5,2014-01-06,1227,Terra,MODIS,50,6.2,289.7,14.2,N,0
-18.602,145.412,301.8,2.8,1.6,2014-01-06,1227,Terra,MODIS,37,6.2,289.3,17.1,N,0
-18.5966,145.431,311.2,2.8,1.6,2014-01-06,1227,Terra,MODIS,82,6.2,289.9,44.1,N,0
-18.5994,145.4381,306.9,2.8,1.6,2014-01-06,1227,Terra,MODIS,66,6.2,289.7,31.8,N,0
-20.194,145.4536,308.2,2.9,1.6,2014-01-06,1227,Terra,MODIS,24,6.2,289,29,N,0
-19.3225,146.4727,309,2.3,1.5,2014-01-06,1227,Terra,MODIS,76,6.2,290.2,28.8,N,0
-20.2049,145.4762,305.5,2.9,1.6,2014-01-06,1227,Terra,MODIS,25,6.2,289.7,23,N,0
-20.1931,145.4468,305.9,2.9,1.6,2014-01-06,1227,Terra,MODIS,36,6.2,289.1,25.3,N,0
-30.8681,121.4955,312.4,3.4,1.7,2014-01-06,1403,Terra,MODIS,85,6.2,293.1,56.7,N,2
-30.8587,121.4898,308.8,3.4,1.7,2014-01-06,1403,Terra,MODIS,76,6.2,293.7,42.8,N,2
-21.0163,120.9446,316.4,2.8,1.6,2014-01-06,1405,Terra,MODIS,92,6.2,299.1,48.5,N,0
-18.0448,133.1112,327.6,1.5,1.2,2014-01-06,1406,Terra,MODIS,0,6.2,282.5,36.5,N,0
-17.9915,133.0279,317.8,1.5,1.2,2014-01-06,1406,Terra,MODIS,96,6.2,296.5,22.9,N,0
-17.9975,133.0582,323.4,1.5,1.2,2014-01-06,1406,Terra,MODIS,0,6.2,295.9,29.1,N,0
-17.9962,133.0521,326.4,1.5,1.2,2014-01-06,1406,Terra,MODIS,0,6.2,298.3,35,N,0
-18.0472,133.0969,361.2,1.5,1.2,2014-01-06,1406,Terra,MODIS,100,6.2,293.8,156.7,N,0
-18.0363,133.0948,354.9,1.5,1.2,2014-01-06,1406,Terra,MODIS,79,6.2,291.4,125.1,N,0
-18.137,133.1795,309.1,1.5,1.2,2014-01-06,1406,Terra,MODIS,76,6.2,293.3,14.3,N,0
-17.9876,133.0359,354.8,1.5,1.2,2014-01-06,1406,Terra,MODIS,100,6.2,300.3,126.5,N,0
-18.0339,133.1091,324,1.5,1.2,2014-01-06,1406,Terra,MODIS,0,6.2,287.4,30,N,0
-18.0278,133.0786,329.9,1.5,1.2,2014-01-06,1406,Terra,MODIS,0,6.2,287.1,45.4,N,0
-18.0387,133.0806,326.8,1.5,1.2,2014-01-06,1406,Terra,MODIS,0,6.2,288.8,37.9,N,0
-18.1683,133.2058,309.7,1.5,1.2,2014-01-06,1406,Terra,MODIS,78,6.2,292.9,15.2,N,0
-18.0254,133.0928,324.5,1.5,1.2,2014-01-06,1406,Terra,MODIS,0,6.2,285.7,31.3,N,0
-18.0496,133.0826,322.4,1.5,1.2,2014-01-06,1406,Terra,MODIS,0,6.2,291.7,29.5,N,0
-18.0084,133.0603,345.3,1.5,1.2,2014-01-06,1406,Terra,MODIS,48,6.2,294.9,87.7,N,0
-18.0193,133.0623,320.1,1.5,1.2,2014-01-06,1406,Terra,MODIS,0,6.2,288.7,24.6,N,0
-17.9853,133.0501,343,1.5,1.2,2014-01-06,1406,Terra,MODIS,92,6.2,299,80.7,N,0
-17.9891,133.042,371.2,1.5,1.2,2014-01-06,1406,Terra,MODIS,100,6.2,303.1,211.9,N,0
-19.0769,126.5881,320.5,1.1,1.1,2014-01-06,1406,Terra,MODIS,100,6.2,299.2,18.2,N,0
-19.0715,126.5548,313.4,1.1,1.1,2014-01-06,1406,Terra,MODIS,76,6.2,300.3,9.7,N,0
-19.0647,126.5321,320.4,1.1,1.1,2014-01-06,1406,Terra,MODIS,100,6.2,302.8,16.3,N,0
-19.0661,126.5214,326.2,1.1,1.1,2014-01-06,1406,Terra,MODIS,100,6.2,304.1,23,N,0
-19.0675,126.5106,347.4,1.1,1.1,2014-01-06,1406,Terra,MODIS,100,6.2,306.2,62.5,N,0
-19.0689,126.4998,370.3,1.1,1.1,2014-01-06,1406,Terra,MODIS,100,6.2,307.1,135.2,N,0
-17.2634,126.5809,309.3,1.1,1,2014-01-06,1406,Terra,MODIS,69,6.2,299.1,5.4,N,0
-17.2714,126.5923,308.8,1.1,1,2014-01-06,1406,Terra,MODIS,54,6.2,298.3,5.3,N,0
-17.2728,126.5822,318,1.1,1,2014-01-06,1406,Terra,MODIS,95,6.2,299,13.3,N,0
-17.6372,127.4131,309.5,1,1,2014-01-06,1406,Terra,MODIS,65,6.2,296.7,6.9,N,0
-20.4196,146.4646,325.3,1,1,2014-01-06,1534,Aqua,MODIS,89,6.2,295.1,19.5,N,0
-20.421,146.4742,328.4,1,1,2014-01-06,1534,Aqua,MODIS,97,6.2,296.2,22.6,N,0
-20.424,146.4935,319.7,1,1,2014-01-06,1534,Aqua,MODIS,27,6.2,295.3,13.2,N,0
-20.4254,146.5031,318,1,1,2014-01-06,1534,Aqua,MODIS,62,6.2,294.9,12.5,N,0
-20.442,146.4904,315,1,1,2014-01-06,1534,Aqua,MODIS,43,6.2,294.9,9.8,N,0
-20.4105,146.4662,327,1,1,2014-01-06,1534,Aqua,MODIS,98,6.2,295.5,21.8,N,0
-20.4091,146.4565,326.1,1,1,2014-01-06,1534,Aqua,MODIS,99,6.2,295.1,21.1,N,0
-21.8632,148.7723,301.7,1.1,1,2014-01-06,1534,Aqua,MODIS,33,6.2,290,3.7,N,0
-20.6464,148.3335,303.1,1,1,2014-01-06,1534,Aqua,MODIS,53,6.2,291.1,4.6,N,0
-18.7764,140.9961,303.6,2.1,1.4,2014-01-06,1534,Aqua,MODIS,56,6.2,291.1,15.7,N,0
-20.8098,148.7752,304.1,1.1,1,2014-01-06,1534,Aqua,MODIS,58,6.2,293.3,5,N,0
-20.6478,148.3434,302.2,1,1,2014-01-06,1534,Aqua,MODIS,47,6.2,291.3,4.3,N,0
-23.8377,146.3582,365,1,1,2014-01-06,1535,Aqua,MODIS,100,6.2,300,98.4,N,0
-22.3807,145.5463,308.9,1,1,2014-01-06,1535,Aqua,MODIS,69,6.2,290.3,7.4,N,0
-25.4931,148.6814,314.4,1.2,1.1,2014-01-06,1535,Aqua,MODIS,59,6.2,295,13.5,N,0
-24.7412,147.3336,313,1,1,2014-01-06,1535,Aqua,MODIS,86,6.2,296.3,9.2,N,0
-25.2022,147.7561,305.9,1.1,1,2014-01-06,1535,Aqua,MODIS,66,6.2,294.2,7.2,N,0
-25.2131,148.0984,300.6,1.1,1,2014-01-06,1535,Aqua,MODIS,30,6.2,282.5,5.6,N,0
-25.4771,147.6178,305.9,1.1,1,2014-01-06,1535,Aqua,MODIS,55,6.2,294.4,5,N,0
-24.8223,147.2524,315.4,1,1,2014-01-06,1535,Aqua,MODIS,91,6.2,297.6,10.8,N,0
-24.8208,147.2423,314.3,1,1,2014-01-06,1535,Aqua,MODIS,79,6.2,297.4,9.7,N,0
-23.8453,146.3469,318.1,1,1,2014-01-06,1535,Aqua,MODIS,96,6.2,296,14.3,N,0
-24.7528,147.2225,307.1,1,1,2014-01-06,1535,Aqua,MODIS,70,6.2,297,5.3,N,0
-25.4956,148.6755,306.8,1.2,1.1,2014-01-06,1535,Aqua,MODIS,17,6.2,293.8,8.4,N,0
-24.7837,147.4462,315.6,1,1,2014-01-06,1535,Aqua,MODIS,22,6.2,296.5,10.9,N,0
-24.7438,147.2195,313.8,1,1,2014-01-06,1535,Aqua,MODIS,82,6.2,297.8,9.7,N,0
-24.8309,147.4487,313.2,1,1,2014-01-06,1535,Aqua,MODIS,35,6.2,296.1,9.2,N,0
-24.7851,147.4563,334,1,1,2014-01-06,1535,Aqua,MODIS,100,6.2,300.1,32.1,N,0
-24.8854,147.454,306,1,1,2014-01-06,1535,Aqua,MODIS,61,6.2,293.7,5.6,N,0
-24.7766,147.4531,334.8,1,1,2014-01-06,1535,Aqua,MODIS,100,6.2,299.1,33.8,N,0
-24.7781,147.4633,318.8,1,1,2014-01-06,1535,Aqua,MODIS,97,6.2,298.1,13.9,N,0
-23.8467,146.3567,399.5,1,1,2014-01-06,1535,Aqua,MODIS,100,6.2,305.9,248.4,N,0
-24.7426,147.3438,315.6,1,1,2014-01-06,1535,Aqua,MODIS,92,6.2,296.6,11.6,N,0
-25.4664,147.6088,319.1,1.1,1,2014-01-06,1535,Aqua,MODIS,98,6.2,295.6,16,N,0
-25.4678,147.6192,313.5,1.1,1,2014-01-06,1535,Aqua,MODIS,87,6.2,295.4,10.4,N,0
-23.8482,146.3664,349,1,1,2014-01-06,1535,Aqua,MODIS,100,6.2,300.5,58.4,N,0
-22.3823,145.5563,318.8,1,1,2014-01-06,1535,Aqua,MODIS,97,6.2,294.6,15.4,N,0
-23.8406,146.3778,320.8,1,1,2014-01-06,1535,Aqua,MODIS,100,6.2,296.6,16.7,N,0
-25.2414,147.696,306.4,1.1,1,2014-01-06,1535,Aqua,MODIS,68,6.2,292,6.6,N,0
-25.4757,147.6073,305.3,1.1,1,2014-01-06,1535,Aqua,MODIS,25,6.2,294.4,4.8,N,0
-21.134,140.7518,311,2,1.4,2014-01-06,1535,Aqua,MODIS,82,6.2,298.4,19.6,N,0
-24.7542,147.2325,307.1,1,1,2014-01-06,1535,Aqua,MODIS,70,6.2,296.6,5.4,N,0
-23.8392,146.368,375.3,1,1,2014-01-06,1535,Aqua,MODIS,100,6.2,303,132.8,N,0
-25.275,147.7338,313.8,1.1,1,2014-01-06,1535,Aqua,MODIS,88,6.2,294.4,12,N,0
-23.7064,147.2238,301.6,1,1,2014-01-06,1535,Aqua,MODIS,42,6.2,275.7,5.6,N,0
-23.8496,146.3762,307,1,1,2014-01-06,1535,Aqua,MODIS,58,6.2,295.4,6,N,0
-23.9089,146.4005,311.5,1,1,2014-01-06,1535,Aqua,MODIS,83,6.2,294.7,9.7,N,0
-23.8717,147.2248,308.4,1,1,2014-01-06,1535,Aqua,MODIS,64,6.2,277.1,8.1,N,0
-23.8731,147.2347,305.6,1,1,2014-01-06,1535,Aqua,MODIS,38,6.2,276.2,6.2,N,0
-25.812,152.197,302.9,1.9,1.4,2014-01-06,1535,Aqua,MODIS,52,6.2,291.6,12.8,N,0
-24.0358,146.6431,315.3,1,1,2014-01-06,1535,Aqua,MODIS,91,6.2,294.6,11.7,N,0
-24.0372,146.6529,305.4,1,1,2014-01-06,1535,Aqua,MODIS,33,6.2,294.1,4.5,N,0
-24.0448,146.6416,316.8,1,1,2014-01-06,1535,Aqua,MODIS,94,6.2,294.6,12.6,N,0
-24.0462,146.6514,319.9,1,1,2014-01-06,1535,Aqua,MODIS,99,6.2,294.7,15.6,N,0
-24.0552,146.6499,314.9,1,1,2014-01-06,1535,Aqua,MODIS,90,6.2,294.7,11.3,N,0
-24.4118,147.8105,306.7,1.1,1,2014-01-06,1535,Aqua,MODIS,69,6.2,276,10.5,N,0
-23.7898,147.2337,301.6,1,1,2014-01-06,1535,Aqua,MODIS,43,6.2,280,5.2,N,0
-26.4963,149.4591,305.4,1.3,1.1,2014-01-06,1536,Aqua,MODIS,55,6.2,293.2,9.1,N,0
-25.9512,148.1343,305.8,1.1,1.1,2014-01-06,1536,Aqua,MODIS,66,6.2,294.6,6.6,N,0
-25.9526,148.1454,321.5,1.1,1.1,2014-01-06,1536,Aqua,MODIS,100,6.2,296.4,21.6,N,0
-26.486,149.4605,305.5,1.3,1.1,2014-01-06,1536,Aqua,MODIS,56,6.2,294.2,8.7,N,0
-26.4844,149.4474,311.3,1.3,1.1,2014-01-06,1536,Aqua,MODIS,82,6.2,294.7,14.3,N,0
-28.5586,151.1886,318,1.8,1.3,2014-01-06,1536,Aqua,MODIS,85,6.2,293.2,37.1,N,0
-28.5704,151.187,322.5,1.8,1.3,2014-01-06,1536,Aqua,MODIS,69,6.2,294,45.5,N,0
-29.5241,151.7957,300.7,2,1.4,2014-01-06,1536,Aqua,MODIS,32,6.2,286.2,17.2,N,0
-28.5923,151.166,305.9,1.8,1.3,2014-01-06,1536,Aqua,MODIS,27,6.2,290.5,15.8,N,0
-32.7374,150.666,302.4,1.9,1.3,2014-01-06,1537,Aqua,MODIS,16,6.2,287.8,16,N,0
-32.7405,150.6578,302.8,1.9,1.3,2014-01-06,1537,Aqua,MODIS,52,6.2,287.5,17.7,N,0
-32.6416,150.7443,300.3,1.9,1.3,2014-01-06,1537,Aqua,MODIS,24,6.2,286.2,14.6,N,0
-32.7425,150.6787,301.2,1.9,1.3,2014-01-06,1537,Aqua,MODIS,39,6.2,288,15.4,N,0
-17.9569,133.0735,307.7,3.9,1.8,2014-01-06,1712,Aqua,MODIS,9,6.2,285.1,59.6,N,0
-19.0756,126.587,322.5,1.4,1.2,2014-01-06,1712,Aqua,MODIS,100,6.2,293.9,30.3,N,0
-19.0772,126.5999,320.4,1.4,1.2,2014-01-06,1712,Aqua,MODIS,100,6.2,294.4,27.4,N,0
-19.0586,126.5368,309,1.4,1.2,2014-01-06,1712,Aqua,MODIS,63,6.2,298.4,10.3,N,0
-19.0602,126.5495,310.2,1.4,1.2,2014-01-06,1712,Aqua,MODIS,75,6.2,297.7,12.3,N,0
-19.0641,126.4972,338,1.3,1.1,2014-01-06,1712,Aqua,MODIS,100,6.2,300.6,57.5,N,0
-19.0657,126.5098,331.8,1.3,1.1,2014-01-06,1712,Aqua,MODIS,100,6.2,301.4,43.3,N,0
-19.0673,126.5225,328.5,1.3,1.2,2014-01-06,1712,Aqua,MODIS,100,6.2,300.6,36.8,N,0
-19.0689,126.5353,345.6,1.4,1.2,2014-01-06,1712,Aqua,MODIS,100,6.2,302.1,78.6,N,0
-19.0706,126.5481,327.1,1.4,1.2,2014-01-06,1712,Aqua,MODIS,100,6.2,299.7,35.8,N,0
-19.0723,126.5611,328.2,1.4,1.2,2014-01-06,1712,Aqua,MODIS,100,6.2,298,38.8,N,0
-21.4948,119.3218,318.3,1.2,1.1,2014-01-06,1713,Aqua,MODIS,96,6.2,298.3,17.3,N,0
-20.9946,120.9239,309.8,1,1,2014-01-06,1713,Aqua,MODIS,73,6.2,298.3,6.9,N,0
-21.7069,121.6612,307.4,1,1,2014-01-06,1713,Aqua,MODIS,68,6.2,296.7,5.9,N,0
-21.6936,121.6337,323.3,1,1,2014-01-06,1713,Aqua,MODIS,100,6.2,298.4,19.7,N,0
-21.6845,121.6353,308.3,1,1,2014-01-06,1713,Aqua,MODIS,72,6.2,297.7,6.8,N,0
-20.9993,120.954,311.3,1,1,2014-01-06,1713,Aqua,MODIS,80,6.2,300.9,6.9,N,0
-21.0009,120.9641,318.4,1,1,2014-01-06,1713,Aqua,MODIS,96,6.2,302.5,13.1,N,0
-20.993,120.9138,320.7,1.1,1,2014-01-06,1713,Aqua,MODIS,100,6.2,298.1,17.2,N,0
-25.0845,153.2176,312.4,3.4,1.7,2014-01-06,2322,Terra,MODIS,35,6.2,289.4,37.7,D,0
-25.0917,153.2511,311.5,3.4,1.7,2014-01-06,2322,Terra,MODIS,29,6.2,289.2,32.5,D,0
-13.4904,135.7382,335.7,1.8,1.3,2014-01-07,0057,Terra,MODIS,85,6.2,299.6,49.5,D,0
-13.4879,135.7486,324,1.8,1.3,2014-01-07,0057,Terra,MODIS,53,6.2,299.6,14.5,D,0
-13.4851,135.7324,332.5,1.8,1.3,2014-01-07,0057,Terra,MODIS,82,6.2,299,40,D,0
-14.7118,144.9031,335.6,1.4,1.2,2014-01-07,0057,Terra,MODIS,83,6.2,302.2,36.9,D,0
-14.7011,144.9045,323.5,1.4,1.2,2014-01-07,0057,Terra,MODIS,54,6.2,302.2,13.3,D,0
-14.5247,143.8678,331.7,1.2,1.1,2014-01-07,0057,Terra,MODIS,50,6.2,309.2,21.5,D,0
-18.6673,145.5378,328.4,1.8,1.3,2014-01-07,0058,Terra,MODIS,62,6.2,303.4,36.4,D,0
-18.6736,145.5426,330.7,1.8,1.3,2014-01-07,0058,Terra,MODIS,62,6.2,302.4,40,D,0
-18.6793,145.5367,322.9,1.8,1.3,2014-01-07,0058,Terra,MODIS,45,6.2,302.6,21.9,D,0
-17.7596,145.3571,322.5,1.7,1.3,2014-01-07,0058,Terra,MODIS,67,6.2,302.9,24.6,D,0
-15.6215,135.2154,328.8,1.8,1.3,2014-01-07,0058,Terra,MODIS,72,6.2,304.9,28,D,0
-16.1431,134.6801,329.1,1.9,1.3,2014-01-07,0058,Terra,MODIS,64,6.2,306.7,24.7,D,0
-15.6179,135.24,335.5,1.8,1.3,2014-01-07,0058,Terra,MODIS,83,6.2,304.7,49.3,D,0
-17.2646,145.214,334.6,1.7,1.3,2014-01-07,0058,Terra,MODIS,84,6.2,303.6,49.5,D,0
-15.7271,135.2909,331.6,1.7,1.3,2014-01-07,0058,Terra,MODIS,78,6.2,302.4,33.2,D,0
-18.6913,145.5356,344.9,1.8,1.3,2014-01-07,0058,Terra,MODIS,91,6.2,306.2,95.9,D,0
-18.6001,145.431,322,1.8,1.3,2014-01-07,0058,Terra,MODIS,59,6.2,301.8,20.1,D,0
-15.3978,134.9214,337.8,1.9,1.3,2014-01-07,0058,Terra,MODIS,84,6.2,307.9,56.1,D,0
-18.8636,145.9235,319.6,2,1.4,2014-01-07,0058,Terra,MODIS,35,6.2,300.1,26.9,D,0
-15.3067,134.9275,325.1,1.9,1.3,2014-01-07,0058,Terra,MODIS,55,6.2,302.7,18.4,D,0
-16.0926,135.9459,331.8,1.5,1.2,2014-01-07,0058,Terra,MODIS,74,6.2,307,28.2,D,0
-15.3677,134.8911,336.1,1.9,1.3,2014-01-07,0058,Terra,MODIS,78,6.2,304.3,51.5,D,0
-17.2627,145.2082,324.8,1.7,1.3,2014-01-07,0058,Terra,MODIS,71,6.2,304.1,23.8,D,0
-15.7243,135.2747,345.8,1.7,1.3,2014-01-07,0058,Terra,MODIS,91,6.2,304.2,85.4,D,0
-15.3787,134.9141,331.1,1.9,1.3,2014-01-07,0058,Terra,MODIS,49,6.2,306.8,27.9,D,0
-16.2287,135.5224,335.2,1.6,1.3,2014-01-07,0058,Terra,MODIS,80,6.2,310.3,36.6,D,0
-17.2514,145.2011,328.8,1.6,1.3,2014-01-07,0058,Terra,MODIS,78,6.2,305.7,30.8,D,0
-15.7169,135.2819,326,1.7,1.3,2014-01-07,0058,Terra,MODIS,49,6.2,304.4,15.9,D,0
-15.3127,134.8906,329.8,1.9,1.3,2014-01-07,0058,Terra,MODIS,64,6.2,301.7,32.9,D,0
-16.7569,145.2676,328.6,1.6,1.3,2014-01-07,0058,Terra,MODIS,74,6.2,305.2,39.1,D,0
-15.3708,134.9085,335.3,1.9,1.3,2014-01-07,0058,Terra,MODIS,73,6.2,306.3,43.5,D,0
-15.6127,135.2339,334.6,1.8,1.3,2014-01-07,0058,Terra,MODIS,82,6.2,304.9,46.6,D,0
-15.3338,134.9405,333.2,1.9,1.3,2014-01-07,0058,Terra,MODIS,81,6.2,303.6,38.4,D,0
-18.6715,145.5254,334.9,1.8,1.3,2014-01-07,0058,Terra,MODIS,75,6.2,302.8,54.4,D,0
-17.2758,145.2217,328.4,1.7,1.3,2014-01-07,0058,Terra,MODIS,63,6.2,302.7,30.3,D,0
-17.2873,145.2205,325.4,1.7,1.3,2014-01-07,0058,Terra,MODIS,60,6.2,303.7,24.1,D,0
-15.3828,134.9063,336.2,1.9,1.3,2014-01-07,0058,Terra,MODIS,78,6.2,306.3,50.3,D,0
-17.2496,145.1863,327.8,1.6,1.3,2014-01-07,0058,Terra,MODIS,73,6.2,305.4,28.5,D,0
-15.3758,134.8967,346.3,1.9,1.3,2014-01-07,0058,Terra,MODIS,92,6.2,305.9,94.8,D,0
-16.7565,137.6878,330.6,1.2,1.1,2014-01-07,0058,Terra,MODIS,63,6.2,315,15,D,0
-17.2926,135.6707,329.5,1.5,1.2,2014-01-07,0058,Terra,MODIS,69,6.2,301.7,26.3,D,0
-16.9383,138.0587,343.4,1.1,1.1,2014-01-07,0058,Terra,MODIS,87,6.2,317.6,30.8,D,0
-16.9478,138.0571,345.1,1.1,1.1,2014-01-07,0058,Terra,MODIS,88,6.2,319.1,32.9,D,0
-16.9618,138.0224,339.4,1.1,1.1,2014-01-07,0058,Terra,MODIS,49,6.2,317.8,20,D,0
-16.9667,138.0539,339.9,1.1,1.1,2014-01-07,0058,Terra,MODIS,58,6.2,318.6,19.7,D,0
-16.9713,138.0208,335.8,1.1,1.1,2014-01-07,0058,Terra,MODIS,58,6.2,317.8,14.5,D,0
-16.9729,138.0313,337.2,1.1,1.1,2014-01-07,0058,Terra,MODIS,60,6.2,319.2,16.3,D,0
-16.9857,138.0508,352.6,1.1,1.1,2014-01-07,0058,Terra,MODIS,95,6.2,316.1,51.4,D,0
-16.9896,137.8036,340.6,1.2,1.1,2014-01-07,0058,Terra,MODIS,72,6.2,312.1,29,D,0
-16.9913,137.8144,340.8,1.2,1.1,2014-01-07,0058,Terra,MODIS,67,6.2,315.5,27,D,0
-16.9965,137.8464,336.3,1.2,1.1,2014-01-07,0058,Terra,MODIS,49,6.2,316.6,16.3,D,0
-16.9981,137.8569,341.1,1.2,1.1,2014-01-07,0058,Terra,MODIS,78,6.2,316.3,27.1,D,0
-17.0009,137.8128,341.8,1.2,1.1,2014-01-07,0058,Terra,MODIS,70,6.2,314.8,29.6,D,0
-17.0077,137.8553,335.2,1.2,1.1,2014-01-07,0058,Terra,MODIS,48,6.2,316.8,15.6,D,0
-17.0235,137.8308,338.3,1.2,1.1,2014-01-07,0058,Terra,MODIS,74,6.2,317.3,20.9,D,0
-19.1856,146.597,325.4,2.2,1.4,2014-01-07,0059,Terra,MODIS,65,6.2,301.4,32.2,D,0
-20.4189,146.4781,338.1,2.3,1.5,2014-01-07,0059,Terra,MODIS,79,6.2,299.3,87.4,D,0
-20.4213,146.5,362.5,2.3,1.5,2014-01-07,0059,Terra,MODIS,100,6.2,301,261.9,D,0
-20.4238,146.522,341.8,2.3,1.5,2014-01-07,0059,Terra,MODIS,89,6.2,300,110.6,D,0
-20.4156,146.4726,337.4,2.3,1.5,2014-01-07,0059,Terra,MODIS,85,6.2,299.4,87.5,D,0
-20.4165,146.456,353.5,2.3,1.5,2014-01-07,0059,Terra,MODIS,96,6.2,300,186.7,D,0
-20.4134,146.4508,338,2.3,1.5,2014-01-07,0059,Terra,MODIS,86,6.2,299.7,91.6,D,0
-20.4179,146.4948,345.9,2.3,1.5,2014-01-07,0059,Terra,MODIS,92,6.2,299.9,135.7,D,0
-20.4202,146.5167,347.9,2.3,1.5,2014-01-07,0059,Terra,MODIS,93,6.2,300.5,151.2,D,0
-20.4311,146.4935,328.4,2.3,1.5,2014-01-07,0059,Terra,MODIS,73,6.2,299.3,46.1,D,0
-20.4334,146.5154,323.5,2.3,1.5,2014-01-07,0059,Terra,MODIS,47,6.2,299.3,28.5,D,0
-20.4288,146.4714,332.5,2.3,1.5,2014-01-07,0059,Terra,MODIS,81,6.2,298.7,65.3,D,0
-20.4265,146.4493,322.6,2.3,1.5,2014-01-07,0059,Terra,MODIS,54,6.2,297.6,28.8,D,0
-19.1271,141.7093,331.1,1.1,1,2014-01-07,0059,Terra,MODIS,28,6.2,314.8,7.3,D,0
-20.2763,145.1735,338,1.8,1.3,2014-01-07,0059,Terra,MODIS,85,6.2,304,56.2,D,0
-20.2882,145.1719,341.6,1.8,1.3,2014-01-07,0059,Terra,MODIS,88,6.2,303.9,73.5,D,0
-19.7188,143.5267,331.2,1.4,1.2,2014-01-07,0059,Terra,MODIS,18,6.2,306.7,24.3,D,0
-19.1285,141.7197,345.9,1.1,1,2014-01-07,0059,Terra,MODIS,88,6.2,317.3,34.4,D,0
-22.3949,145.5782,337,2.1,1.4,2014-01-07,0059,Terra,MODIS,77,6.2,309.3,58,D,0
-22.3952,145.5715,341,2.1,1.4,2014-01-07,0059,Terra,MODIS,83,6.2,309.5,75,D,0
-22.3932,145.5514,349,2.1,1.4,2014-01-07,0059,Terra,MODIS,91,6.2,308.5,120.1,D,0
-21.1826,140.7717,343.2,1.1,1,2014-01-07,0059,Terra,MODIS,85,6.2,316.9,28.2,D,0
-19.7919,143.5165,342.1,1.4,1.2,2014-01-07,0059,Terra,MODIS,89,6.2,309.9,47.5,D,0
-21.1529,140.8133,331.8,1.1,1,2014-01-07,0059,Terra,MODIS,57,6.2,317.3,9.2,D,0
-19.738,143.5108,334.2,1.4,1.2,2014-01-07,0059,Terra,MODIS,69,6.2,309.3,25.8,D,0
-20.2705,145.18,335.7,1.8,1.3,2014-01-07,0059,Terra,MODIS,83,6.2,303.1,49.6,D,0
-21.1515,140.8032,332.7,1.1,1,2014-01-07,0059,Terra,MODIS,62,6.2,319.4,10.6,D,0
-21.2596,145.8733,326.5,2.1,1.4,2014-01-07,0059,Terra,MODIS,34,6.2,301.6,24.4,D,0
-19.7814,143.5179,330.3,1.4,1.2,2014-01-07,0059,Terra,MODIS,48,6.2,309.5,17.3,D,0
-22.4032,145.5368,364.7,2.1,1.4,2014-01-07,0059,Terra,MODIS,100,6.2,305.7,237.3,D,0
-20.2004,145.4633,320.9,1.9,1.3,2014-01-07,0059,Terra,MODIS,27,6.2,297.6,19.5,D,0
-19.7902,143.5035,327.8,1.4,1.2,2014-01-07,0059,Terra,MODIS,50,6.2,309.4,15,D,0
-20.2025,145.4386,348.5,1.9,1.3,2014-01-07,0059,Terra,MODIS,93,6.2,298.1,119.4,D,0
-20.2105,145.4441,328.2,1.9,1.3,2014-01-07,0059,Terra,MODIS,60,6.2,296.6,36.9,D,0
-21.0154,146.8331,323,2.5,1.5,2014-01-07,0059,Terra,MODIS,51,6.2,298.3,26,D,0
-21.1839,140.7818,340.9,1.1,1,2014-01-07,0059,Terra,MODIS,82,6.2,317.3,24,D,0
-22.4053,145.5567,371.1,2.1,1.4,2014-01-07,0059,Terra,MODIS,100,6.2,307.5,295.2,D,0
-20.2862,145.1545,347,1.8,1.3,2014-01-07,0059,Terra,MODIS,92,6.2,303.3,96.5,D,0
-21.4309,148.3868,327.2,3.2,1.7,2014-01-07,0059,Terra,MODIS,72,6.2,297.1,71,D,0
-21.2597,145.8678,326.2,2.1,1.4,2014-01-07,0059,Terra,MODIS,23,6.2,301.3,23.3,D,0
-20.2901,145.1891,324.8,1.8,1.3,2014-01-07,0059,Terra,MODIS,55,6.2,302.4,17.2,D,0
-21.0225,146.8268,324.2,2.5,1.5,2014-01-07,0059,Terra,MODIS,64,6.2,298.6,29.7,D,0
-21.4268,148.3803,329,3.2,1.7,2014-01-07,0059,Terra,MODIS,76,6.2,297.4,84.2,D,0
-20.2803,145.161,354.1,1.8,1.3,2014-01-07,0059,Terra,MODIS,96,6.2,304.6,129.5,D,0
-20.2824,145.1783,335.8,1.8,1.3,2014-01-07,0059,Terra,MODIS,83,6.2,303.6,47.6,D,0
-22.4079,145.5701,328.1,2.1,1.4,2014-01-07,0059,Terra,MODIS,30,6.2,305.9,23.8,D,0
-20.2782,145.1905,328.4,1.8,1.3,2014-01-07,0059,Terra,MODIS,40,6.2,302.7,24.9,D,0
-19.7677,143.4936,328.4,1.4,1.2,2014-01-07,0059,Terra,MODIS,40,6.2,308.1,12.7,D,0
-20.1984,145.4455,355,1.9,1.3,2014-01-07,0059,Terra,MODIS,97,6.2,299.5,157.8,D,0
-22.4058,145.55,378.8,2.1,1.4,2014-01-07,0059,Terra,MODIS,100,6.2,307.6,378.2,D,0
-22.4038,145.5302,337,2.1,1.4,2014-01-07,0059,Terra,MODIS,77,6.2,304.2,63.6,D,0
-20.2744,145.1561,334.6,1.8,1.3,2014-01-07,0059,Terra,MODIS,82,6.2,303.4,43.6,D,0
-22.3927,145.558,350.1,2.1,1.4,2014-01-07,0059,Terra,MODIS,92,6.2,308.9,128.5,D,0
-20.2044,145.4564,328.4,1.9,1.3,2014-01-07,0059,Terra,MODIS,60,6.2,298.1,38.8,D,0
-20.1862,145.4468,321.9,1.9,1.3,2014-01-07,0059,Terra,MODIS,20,6.2,298.2,20.8,D,0
-21.991,145.8006,326.6,2.1,1.4,2014-01-07,0059,Terra,MODIS,29,6.2,302.3,25.3,D,0
-17.9728,132.9822,382.2,2.3,1.5,2014-01-07,0059,Terra,MODIS,100,6.2,312.2,503,D,0
-17.9814,133.01,360,2.3,1.5,2014-01-07,0059,Terra,MODIS,99,6.2,313.8,231.9,D,0
-17.9596,132.9848,334.7,2.3,1.5,2014-01-07,0059,Terra,MODIS,43,6.2,309.1,66.1,D,0
-17.9687,132.9604,337.7,2.3,1.5,2014-01-07,0059,Terra,MODIS,80,6.2,305.3,86.8,D,0
-18.1399,133.1642,334.7,2.2,1.5,2014-01-07,0059,Terra,MODIS,54,6.2,311.7,46.3,D,0
-18.1269,133.1668,361.6,2.2,1.5,2014-01-07,0059,Terra,MODIS,100,6.2,314.7,224.3,D,0
-18.123,133.1458,376,2.3,1.5,2014-01-07,0059,Terra,MODIS,100,6.2,311.8,385.5,D,0
-18.11,133.1484,412.8,2.3,1.5,2014-01-07,0059,Terra,MODIS,100,6.2,324,1042.9,D,0
-18.1061,133.1273,382.7,2.3,1.5,2014-01-07,0059,Terra,MODIS,100,6.2,310.8,483.9,D,0
-18.097,133.151,339.4,2.3,1.5,2014-01-07,0059,Terra,MODIS,64,6.2,313,68.7,D,0
-18.0931,133.1299,342,2.3,1.5,2014-01-07,0059,Terra,MODIS,71,6.2,309.9,92.4,D,0
-18.1128,133.1538,406.2,2.3,1.5,2014-01-07,0059,Terra,MODIS,100,6.2,322.5,888.1,D,0
-18.1091,133.1328,404.4,2.3,1.5,2014-01-07,0059,Terra,MODIS,100,6.2,315.5,862.4,D,0
-18.0999,133.1565,339.5,2.3,1.5,2014-01-07,0059,Terra,MODIS,61,6.2,314,66.5,D,0
-18.0961,133.1354,370.9,2.3,1.5,2014-01-07,0059,Terra,MODIS,100,6.2,312.4,326.3,D,0
-17.9941,133.0229,341.4,2.3,1.5,2014-01-07,0059,Terra,MODIS,54,6.2,313.8,89.7,D,0
-17.99,133.0013,399.5,2.3,1.5,2014-01-07,0059,Terra,MODIS,100,6.2,315.6,794.3,D,0
-17.986,132.9795,356.7,2.3,1.5,2014-01-07,0059,Terra,MODIS,98,6.2,306,215.3,D,0
-17.9984,133.029,340.5,2.3,1.5,2014-01-07,0059,Terra,MODIS,68,6.2,313.9,75.7,D,0
-17.9945,133.0073,378.7,2.3,1.5,2014-01-07,0059,Terra,MODIS,100,6.2,312.8,442.4,D,0
-17.9906,132.9856,357.5,2.3,1.5,2014-01-07,0059,Terra,MODIS,98,6.2,306.7,220.7,D,0
-17.9892,133.0532,337.1,2.3,1.5,2014-01-07,0059,Terra,MODIS,46,6.2,312.3,57.1,D,0
-17.98,133.0773,341.3,2.3,1.5,2014-01-07,0059,Terra,MODIS,84,6.2,312.6,85,D,0
-18.0686,133.2062,330.8,2.2,1.4,2014-01-07,0059,Terra,MODIS,44,6.2,313.9,28.7,D,0
-17.9839,133.0988,332.1,2.3,1.5,2014-01-07,0059,Terra,MODIS,54,6.2,313.4,36.4,D,0
-17.9931,133.0747,380.5,2.3,1.5,2014-01-07,0059,Terra,MODIS,100,6.2,315.6,446.7,D,0
-17.9969,133.0961,368.2,2.3,1.5,2014-01-07,0059,Terra,MODIS,100,6.2,316.8,294.9,D,0
-18.01,133.0935,336.1,2.3,1.5,2014-01-07,0059,Terra,MODIS,79,6.2,313.8,45.8,D,0
-17.989,133.0685,368.2,2.3,1.5,2014-01-07,0059,Terra,MODIS,100,6.2,313.4,292.2,D,0
-17.9931,133.0899,376.6,2.3,1.5,2014-01-07,0059,Terra,MODIS,100,6.2,317.8,390.7,D,0
-18.0061,133.0873,339.1,2.3,1.5,2014-01-07,0059,Terra,MODIS,80,6.2,313.7,61.9,D,0
-18.0101,133.1086,334.7,2.3,1.5,2014-01-07,0059,Terra,MODIS,73,6.2,314,41.3,D,0
-18.0414,133.0581,349.8,2.3,1.5,2014-01-07,0059,Terra,MODIS,93,6.2,307,150.8,D,0
-18.0453,133.0795,353.8,2.3,1.5,2014-01-07,0059,Terra,MODIS,96,6.2,309.8,175.7,D,0
-18.0792,133.1168,341.8,2.3,1.5,2014-01-07,0059,Terra,MODIS,64,6.2,309.9,92.1,D,0
-18.0761,133.1114,344.1,2.3,1.5,2014-01-07,0059,Terra,MODIS,86,6.2,309.7,112.8,D,0
-18.0283,133.0607,341.5,2.3,1.5,2014-01-07,0059,Terra,MODIS,63,6.2,310.7,91.4,D,0
-18.0243,133.0392,337,2.3,1.5,2014-01-07,0059,Terra,MODIS,64,6.2,307.1,72.8,D,0
-18.0112,133.0418,367.6,2.3,1.5,2014-01-07,0059,Terra,MODIS,100,6.2,313.3,301.4,D,0
-18.0072,133.0203,354.7,2.3,1.5,2014-01-07,0059,Terra,MODIS,96,6.2,309.5,187.8,D,0
-17.9643,132.9909,347.7,2.3,1.5,2014-01-07,0059,Terra,MODIS,92,6.2,311.2,145.2,D,0
-17.9769,133.0039,346.2,2.3,1.5,2014-01-07,0059,Terra,MODIS,84,6.2,312.2,120.6,D,0
-17.9603,132.9691,348.4,2.3,1.5,2014-01-07,0059,Terra,MODIS,92,6.2,307.8,153.7,D,0
-17.9735,132.9664,346.4,2.3,1.5,2014-01-07,0059,Terra,MODIS,91,6.2,305.4,141.1,D,0
-17.9774,132.9883,392.7,2.3,1.5,2014-01-07,0059,Terra,MODIS,100,6.2,313.2,675.7,D,0
-18.1256,133.2319,331.7,2.2,1.4,2014-01-07,0059,Terra,MODIS,40,6.2,313.6,33,D,0
-18.1734,133.2008,333.1,2.2,1.4,2014-01-07,0059,Terra,MODIS,72,6.2,313,39.4,D,0
-18.1772,133.2216,330.6,2.2,1.4,2014-01-07,0059,Terra,MODIS,57,6.2,314.5,28.5,D,0
-23.7086,147.2103,326,2.8,1.6,2014-01-07,0100,Terra,MODIS,51,6.2,300.2,63.2,D,0
-23.7855,147.2254,325.9,2.9,1.6,2014-01-07,0100,Terra,MODIS,48,6.2,300.7,51.6,D,0
-23.8742,147.2101,330.9,2.9,1.6,2014-01-07,0100,Terra,MODIS,43,6.2,303.4,70.5,D,0
-23.8889,147.2091,331.7,2.9,1.6,2014-01-07,0100,Terra,MODIS,55,6.2,302.8,74.6,D,0
-23.8553,146.3387,336.6,2.5,1.5,2014-01-07,0100,Terra,MODIS,78,6.2,305.2,80.9,D,0
-23.8576,146.3628,327.5,2.5,1.5,2014-01-07,0100,Terra,MODIS,32,6.2,303,39.9,D,0
-23.9011,146.3828,345.6,2.5,1.5,2014-01-07,0100,Terra,MODIS,89,6.2,307.2,147.7,D,0
-23.9125,146.3572,334.6,2.5,1.5,2014-01-07,0100,Terra,MODIS,75,6.2,305.6,69.8,D,0
-23.9148,146.3813,376.1,2.5,1.5,2014-01-07,0100,Terra,MODIS,100,6.2,306.5,461.7,D,0
-23.9172,146.4057,333.5,2.5,1.5,2014-01-07,0100,Terra,MODIS,64,6.2,304.1,73.3,D,0
-23.9212,146.3739,345.1,2.5,1.5,2014-01-07,0100,Terra,MODIS,89,6.2,304.4,141.2,D,0
-23.9234,146.3983,339.7,2.5,1.5,2014-01-07,0100,Terra,MODIS,83,6.2,305.4,111.6,D,0
-24.4249,147.8208,345.3,3.2,1.7,2014-01-07,0100,Terra,MODIS,90,6.2,302,218.5,D,0
-24.4277,147.8531,324,3.2,1.7,2014-01-07,0100,Terra,MODIS,28,6.2,300.8,49.8,D,0
-24.4211,147.8142,343.7,3.2,1.7,2014-01-07,0100,Terra,MODIS,88,6.2,302,201.2,D,0
-24.4237,147.8468,329.7,3.2,1.7,2014-01-07,0100,Terra,MODIS,69,6.2,301.2,85.1,D,0
-22.8693,145.7786,333.6,2.2,1.4,2014-01-07,0100,Terra,MODIS,74,6.2,305.8,46.8,D,0
-22.8991,145.8025,331.8,2.2,1.4,2014-01-07,0100,Terra,MODIS,69,6.2,307.5,36.2,D,0
-25.476,148.7021,326,3.8,1.8,2014-01-07,0100,Terra,MODIS,58,6.2,302.2,87.6,D,0
-25.2705,147.7396,327.4,3.2,1.7,2014-01-07,0100,Terra,MODIS,65,6.2,305.1,67.7,D,0
-22.8973,145.7969,332.7,2.2,1.4,2014-01-07,0100,Terra,MODIS,63,6.2,307.3,38.4,D,0
-22.8968,145.7811,328.1,2.2,1.4,2014-01-07,0100,Terra,MODIS,34,6.2,306.7,22,D,0
-22.8714,145.8,328.2,2.2,1.4,2014-01-07,0100,Terra,MODIS,50,6.2,304.9,22.8,D,0
-22.8709,145.7841,341.4,2.2,1.4,2014-01-07,0100,Terra,MODIS,85,6.2,305.8,84.1,D,0
-25.67,140.2906,333.9,1.1,1,2014-01-07,0101,Terra,MODIS,73,6.2,320.6,16.5,D,0
-25.6714,140.3015,339.3,1.1,1,2014-01-07,0101,Terra,MODIS,82,6.2,317.8,26.6,D,0
-34.835,138.6082,317.2,1.1,1.1,2014-01-07,0103,Terra,MODIS,31,6.2,299.7,5.2,D,0
-21.2636,120.3769,345.3,1.8,1.3,2014-01-07,0238,Terra,MODIS,88,6.2,316.6,84,D,0
-20.9881,120.9175,334.1,2,1.4,2014-01-07,0238,Terra,MODIS,62,6.2,318.2,27.6,D,0
-21.2756,120.3754,352.5,1.8,1.3,2014-01-07,0238,Terra,MODIS,94,6.2,315.6,120.3,D,0
-21.7154,121.6563,338.4,2.3,1.5,2014-01-07,0238,Terra,MODIS,68,6.2,320.2,47,D,0
-20.9988,120.9221,334.8,2,1.4,2014-01-07,0238,Terra,MODIS,66,6.2,319.5,30.7,D,0
-21.4917,119.2975,333.7,1.6,1.2,2014-01-07,0238,Terra,MODIS,70,6.2,315.1,29,D,0
-21.5046,119.3111,347.4,1.6,1.2,2014-01-07,0238,Terra,MODIS,90,6.2,317.2,73.5,D,0
-21.5064,119.3265,331.8,1.6,1.2,2014-01-07,0238,Terra,MODIS,47,6.2,315.9,22.5,D,0
-22.498,121.1075,339.7,2.2,1.4,2014-01-07,0238,Terra,MODIS,80,6.2,317.1,64,D,0
-22.4842,121.0935,330.3,2.2,1.4,2014-01-07,0238,Terra,MODIS,44,6.2,315.9,24.6,D,0
-22.4865,121.1146,330,2.2,1.4,2014-01-07,0238,Terra,MODIS,18,6.2,316.3,20.8,D,0
-22.1536,115.5488,363,1,1,2014-01-07,0238,Terra,MODIS,100,6.2,317.9,73.2,D,0
-22.4959,121.0864,342,2.2,1.4,2014-01-07,0238,Terra,MODIS,83,6.2,316.2,79,D,0
-21.9755,115.5327,339.1,1,1,2014-01-07,0238,Terra,MODIS,78,6.2,319.5,14.1,D,0
-22.4851,121.109,329.9,2.2,1.4,2014-01-07,0238,Terra,MODIS,31,6.2,316,21.3,D,0
-22.1551,115.5588,335.3,1,1,2014-01-07,0238,Terra,MODIS,70,6.2,316.6,12,D,0
-28.2235,122.0319,331.6,3,1.6,2014-01-07,0240,Terra,MODIS,65,6.2,308.1,63.9,D,0
-28.2224,122.0254,334.4,3,1.6,2014-01-07,0240,Terra,MODIS,56,6.2,308,81.9,D,0
-29.9636,118.1363,331.8,1.7,1.3,2014-01-07,0240,Terra,MODIS,66,6.2,318.2,23.5,D,0
-32.0614,115.9159,324.7,1.3,1.1,2014-01-07,0241,Terra,MODIS,30,6.2,305,11.4,D,0
-28.5181,152.0956,320.4,1,1,2014-01-07,0342,Aqua,MODIS,50,6.2,299.1,10.3,D,0
-28.6959,149.2204,356.8,1.3,1.1,2014-01-07,0342,Aqua,MODIS,96,6.2,326.2,77.2,D,0
-28.7076,149.209,375.9,1.3,1.1,2014-01-07,0342,Aqua,MODIS,100,6.2,322.8,158.4,D,0
-31.1891,150.4388,346.9,1.2,1.1,2014-01-07,0342,Aqua,MODIS,90,6.2,317,38,D,0
-31.1876,150.4512,336.5,1.2,1.1,2014-01-07,0342,Aqua,MODIS,77,6.2,316.7,14.3,D,0
-28.6975,149.2074,347.5,1.3,1.1,2014-01-07,0342,Aqua,MODIS,77,6.2,316.4,44.9,D,0
-31.1973,150.4528,346.2,1.2,1.1,2014-01-07,0342,Aqua,MODIS,89,6.2,319.4,37.2,D,0
-31.1988,150.4404,343.1,1.2,1.1,2014-01-07,0342,Aqua,MODIS,86,6.2,317.1,29.8,D,0
-28.7177,149.2105,338.1,1.3,1.1,2014-01-07,0342,Aqua,MODIS,57,6.2,325.9,22.2,D,0
-25.5104,147.6945,334.5,1.4,1.2,2014-01-07,0343,Aqua,MODIS,66,6.2,317.8,16.4,D,0
-25.3103,147.7541,350.3,1.4,1.2,2014-01-07,0343,Aqua,MODIS,92,6.2,315.3,62.9,D,0
-25.2085,147.748,336,1.4,1.2,2014-01-07,0343,Aqua,MODIS,72,6.2,312.6,25.5,D,0
-25.2468,147.6969,343,1.4,1.2,2014-01-07,0343,Aqua,MODIS,85,6.2,312.3,48.2,D,0
-25.2171,148.0993,334.2,1.3,1.1,2014-01-07,0343,Aqua,MODIS,70,6.2,314,18.3,D,0
-25.2695,147.7346,341,1.4,1.2,2014-01-07,0343,Aqua,MODIS,82,6.2,314.3,38.5,D,0
-25.4775,147.6031,341,1.4,1.2,2014-01-07,0343,Aqua,MODIS,81,6.2,321.2,24.7,D,0
-25.4938,148.6768,333.9,1.2,1.1,2014-01-07,0343,Aqua,MODIS,33,6.2,310.1,19.3,D,0
-25.2801,147.7361,333.5,1.4,1.2,2014-01-07,0343,Aqua,MODIS,58,6.2,313.2,18,D,0
-24.8367,147.215,336.4,1.5,1.2,2014-01-07,0343,Aqua,MODIS,50,6.2,309.5,36.2,D,0
-25.3208,147.7555,333.4,1.4,1.2,2014-01-07,0343,Aqua,MODIS,51,6.2,315.4,15.5,D,0
-25.4723,148.6861,334.1,1.2,1.1,2014-01-07,0343,Aqua,MODIS,33,6.2,307,22.6,D,0
-26.4943,149.4531,353.6,1.2,1.1,2014-01-07,0343,Aqua,MODIS,95,6.2,317.3,56.1,D,0
-26.504,149.4545,365.7,1.2,1.1,2014-01-07,0343,Aqua,MODIS,100,6.2,323.3,95.6,D,0
-26.4958,149.4413,355.4,1.2,1.1,2014-01-07,0343,Aqua,MODIS,96,6.2,318.1,62.6,D,0
-26.6821,146.7797,337.8,1.7,1.3,2014-01-07,0343,Aqua,MODIS,76,6.2,323.9,28.6,D,0
-26.6839,146.7626,338.7,1.7,1.3,2014-01-07,0343,Aqua,MODIS,78,6.2,322.5,30.7,D,0
-26.3678,147.2639,339.1,1.6,1.2,2014-01-07,0343,Aqua,MODIS,43,6.2,324.7,29.2,D,0
-26.3695,147.2483,373.2,1.6,1.2,2014-01-07,0343,Aqua,MODIS,100,6.2,327.9,189.6,D,0
-26.3712,147.2325,370.7,1.6,1.2,2014-01-07,0343,Aqua,MODIS,100,6.2,327,173.3,D,0
-26.3584,147.2468,349.2,1.6,1.2,2014-01-07,0343,Aqua,MODIS,91,6.2,320.5,62.7,D,0
-25.0637,153.2038,336.3,1,1,2014-01-07,0343,Aqua,MODIS,61,6.2,303.2,25.8,D,0
-25.053,153.2124,325.5,1,1,2014-01-07,0343,Aqua,MODIS,64,6.2,301.5,10.5,D,0
-26.3824,147.234,339.4,1.6,1.2,2014-01-07,0343,Aqua,MODIS,44,6.2,324.5,27.8,D,0
-27.0763,148.252,345.4,1.4,1.2,2014-01-07,0343,Aqua,MODIS,87,6.2,327.9,39.5,D,0
-25.6057,152.4739,324.6,1,1,2014-01-07,0343,Aqua,MODIS,72,6.2,301.7,12.6,D,0
-23.7994,147.2258,336.7,1.4,1.2,2014-01-07,0344,Aqua,MODIS,80,6.2,310.3,32.3,D,0
-23.801,147.2114,329.9,1.4,1.2,2014-01-07,0344,Aqua,MODIS,45,6.2,308.5,15.7,D,0
-23.7886,147.2249,354.2,1.4,1.2,2014-01-07,0344,Aqua,MODIS,96,6.2,309.2,90.9,D,0
-23.7199,147.2233,342.5,1.4,1.2,2014-01-07,0344,Aqua,MODIS,86,6.2,309.7,52.2,D,0
-23.7092,147.2222,346.9,1.4,1.2,2014-01-07,0344,Aqua,MODIS,90,6.2,309.9,65.5,D,0
-23.7107,147.2086,339.1,1.4,1.2,2014-01-07,0344,Aqua,MODIS,82,6.2,306.6,42.8,D,0
-23.7123,147.195,342.3,1.4,1.2,2014-01-07,0344,Aqua,MODIS,86,6.2,305.6,55.3,D,0
-23.7903,147.2102,361.3,1.4,1.2,2014-01-07,0344,Aqua,MODIS,100,6.2,309,122.9,D,0
-24.1597,147.7183,349.1,1.4,1.2,2014-01-07,0344,Aqua,MODIS,92,6.2,306.2,69.1,D,0
-23.8922,147.2164,340.1,1.4,1.2,2014-01-07,0344,Aqua,MODIS,84,6.2,309.4,42.4,D,0
-23.8814,147.2152,339.6,1.4,1.2,2014-01-07,0344,Aqua,MODIS,82,6.2,310.4,39.2,D,0
-23.8831,147.2006,335.5,1.5,1.2,2014-01-07,0344,Aqua,MODIS,73,6.2,310.5,24.6,D,0
-23.8654,147.2207,345.5,1.4,1.2,2014-01-07,0344,Aqua,MODIS,89,6.2,310.1,60.3,D,0
-23.9195,146.3655,346.3,1.6,1.3,2014-01-07,0344,Aqua,MODIS,89,6.2,304.5,73.5,D,0
-23.9044,146.3967,333.9,1.6,1.3,2014-01-07,0344,Aqua,MODIS,58,6.2,305.9,32.3,D,0
-23.9062,146.3803,356.6,1.6,1.3,2014-01-07,0344,Aqua,MODIS,97,6.2,308,120,D,0
-23.908,146.364,347.4,1.6,1.3,2014-01-07,0344,Aqua,MODIS,90,6.2,307.8,77,D,0
-23.8624,146.3582,344.2,1.6,1.3,2014-01-07,0344,Aqua,MODIS,87,6.2,305.5,68.6,D,0
-23.8641,146.3418,365.1,1.7,1.3,2014-01-07,0344,Aqua,MODIS,100,6.2,304.6,174.4,D,0
-23.8651,146.3533,355.2,1.6,1.3,2014-01-07,0344,Aqua,MODIS,96,6.2,305.6,120,D,0
-23.8669,146.3369,351.7,1.7,1.3,2014-01-07,0344,Aqua,MODIS,94,6.2,304.5,102.4,D,0
-23.9176,146.3819,360.2,1.6,1.3,2014-01-07,0344,Aqua,MODIS,100,6.2,307.4,139.6,D,0
-23.9071,147.2756,345.7,1.4,1.2,2014-01-07,0344,Aqua,MODIS,89,6.2,308.4,63.5,D,0
-23.8964,147.2742,332.2,1.4,1.2,2014-01-07,0344,Aqua,MODIS,72,6.2,307.9,27.8,D,0
-23.8905,147.231,343.5,1.4,1.2,2014-01-07,0344,Aqua,MODIS,87,6.2,309.1,55.6,D,0
-23.8781,147.2438,333,1.4,1.2,2014-01-07,0344,Aqua,MODIS,73,6.2,307.1,29.6,D,0
-23.8798,147.2297,337.8,1.4,1.2,2014-01-07,0344,Aqua,MODIS,81,6.2,309.5,38.7,D,0
-23.869,147.2282,347.1,1.4,1.2,2014-01-07,0344,Aqua,MODIS,91,6.2,309.5,66.7,D,0
-23.8636,147.2353,331.5,1.4,1.2,2014-01-07,0344,Aqua,MODIS,64,6.2,305.7,24.6,D,0
-24.0371,146.6353,338.8,1.6,1.2,2014-01-07,0344,Aqua,MODIS,76,6.2,308.1,45.3,D,0
-23.8947,147.2883,328.8,1.4,1.2,2014-01-07,0344,Aqua,MODIS,62,6.2,306.7,19.3,D,0
-24.4278,147.8218,340.5,1.4,1.2,2014-01-07,0344,Aqua,MODIS,83,6.2,309.1,36.6,D,0
-24.4208,147.8288,339.3,1.3,1.2,2014-01-07,0344,Aqua,MODIS,82,6.2,307.2,34.6,D,0
-24.4224,147.8155,349.7,1.4,1.2,2014-01-07,0344,Aqua,MODIS,92,6.2,302.7,65.9,D,0
-24.4104,147.8276,350.6,1.3,1.2,2014-01-07,0344,Aqua,MODIS,93,6.2,299.7,69.2,D,0
-24.412,147.8144,337,1.4,1.2,2014-01-07,0344,Aqua,MODIS,78,6.2,292.8,30.5,D,0
-24.4,147.8259,329.7,1.3,1.2,2014-01-07,0344,Aqua,MODIS,30,6.2,293.6,15.4,D,0
-22.1965,150.0053,351.4,1,1,2014-01-07,0344,Aqua,MODIS,96,6.2,305.8,54.9,D,0
-21.9325,145.8368,334.5,1.7,1.3,2014-01-07,0344,Aqua,MODIS,69,6.2,305.2,33.6,D,0
-22.3847,145.5477,339.1,1.8,1.3,2014-01-07,0344,Aqua,MODIS,78,6.2,312.4,43.2,D,0
-22.3966,145.5492,343.6,1.8,1.3,2014-01-07,0344,Aqua,MODIS,85,6.2,312.5,61.1,D,0
-21.3855,145.2138,331.3,1.8,1.3,2014-01-07,0344,Aqua,MODIS,59,6.2,302.8,37.9,D,0
-21.929,145.8415,330.2,1.7,1.3,2014-01-07,0344,Aqua,MODIS,38,6.2,303.4,20.5,D,0
-22.0145,149.3896,323.4,1.1,1,2014-01-07,0344,Aqua,MODIS,76,6.2,297.8,14.3,D,0
-21.3504,146.7895,332.3,1.4,1.2,2014-01-07,0344,Aqua,MODIS,50,6.2,307.6,20.9,D,0
-22.0159,149.3792,324.9,1.1,1,2014-01-07,0344,Aqua,MODIS,78,6.2,299.7,16.3,D,0
-21.3488,146.8032,346.5,1.4,1.2,2014-01-07,0344,Aqua,MODIS,90,6.2,310.2,59.2,D,0
-24.7868,147.4581,336.3,1.4,1.2,2014-01-07,0344,Aqua,MODIS,30,6.2,310.5,28.4,D,0
-22.4031,145.557,342.1,1.8,1.3,2014-01-07,0344,Aqua,MODIS,83,6.2,312.2,54.4,D,0
-22.4049,145.5394,335.6,1.8,1.3,2014-01-07,0344,Aqua,MODIS,71,6.2,310,30,D,0
-21.9923,145.7992,336.5,1.7,1.3,2014-01-07,0344,Aqua,MODIS,74,6.2,307.2,39.2,D,0
-22.1399,145.8967,335.7,1.7,1.3,2014-01-07,0344,Aqua,MODIS,62,6.2,310.7,27.7,D,0
-21.3547,146.7966,333.5,1.4,1.2,2014-01-07,0344,Aqua,MODIS,43,6.2,308.8,24.1,D,0
-22.8918,145.7882,340.2,1.8,1.3,2014-01-07,0344,Aqua,MODIS,76,6.2,313.8,37.5,D,0
-22.3946,145.5667,336.9,1.8,1.3,2014-01-07,0344,Aqua,MODIS,74,6.2,313.9,34.2,D,0
-22.4084,145.5506,335.8,1.8,1.3,2014-01-07,0344,Aqua,MODIS,71,6.2,312.1,30.3,D,0
-22.9035,145.7897,340.5,1.8,1.3,2014-01-07,0344,Aqua,MODIS,78,6.2,314.5,37.5,D,0
-22.1381,145.913,343.1,1.7,1.3,2014-01-07,0344,Aqua,MODIS,85,6.2,311.9,51.4,D,0
-22.4012,145.5744,335.6,1.8,1.3,2014-01-07,0344,Aqua,MODIS,71,6.2,313.6,27.7,D,0
-21.9308,145.8251,330.2,1.7,1.3,2014-01-07,0344,Aqua,MODIS,29,6.2,307.1,24.1,D,0
-21.9135,149.3137,323.2,1.1,1,2014-01-07,0344,Aqua,MODIS,44,6.2,303.1,12.4,D,0
-22.8801,145.7867,346,1.8,1.3,2014-01-07,0344,Aqua,MODIS,88,6.2,314.4,61.8,D,0
-20.2754,145.1638,335.5,1.8,1.3,2014-01-07,0345,Aqua,MODIS,75,6.2,300.4,48.3,D,0
-17.7583,145.3663,322.1,1.6,1.2,2014-01-07,0345,Aqua,MODIS,60,6.2,299.1,23,D,0
-21.1838,145.8054,328.2,1.7,1.3,2014-01-07,0345,Aqua,MODIS,28,6.2,297.2,27.8,D,0
-19.3143,146.4751,342.8,1.4,1.2,2014-01-07,0345,Aqua,MODIS,89,6.2,300.2,65.3,D,0
-18.5974,145.4059,334.8,1.6,1.3,2014-01-07,0345,Aqua,MODIS,80,6.2,299.6,45.6,D,0
-20.2824,145.1406,327.9,1.8,1.3,2014-01-07,0345,Aqua,MODIS,30,6.2,300.4,28.3,D,0
-21.1801,145.8369,333,1.6,1.3,2014-01-07,0345,Aqua,MODIS,66,6.2,298.8,38,D,0
-18.8525,142.1286,331.5,2.9,1.6,2014-01-07,0345,Aqua,MODIS,37,6.2,300.7,58.5,D,0
-20.2804,145.1576,339.2,1.8,1.3,2014-01-07,0345,Aqua,MODIS,82,6.2,303.7,61.9,D,0
-21.1857,145.7896,331.9,1.7,1.3,2014-01-07,0345,Aqua,MODIS,60,6.2,300.5,39.1,D,0
-20.2784,145.1745,332.2,1.8,1.3,2014-01-07,0345,Aqua,MODIS,47,6.2,303.9,39.4,D,0
-18.5956,145.4212,330.1,1.6,1.3,2014-01-07,0345,Aqua,MODIS,55,6.2,299.3,32.1,D,0
-21.0295,146.8247,341.6,1.4,1.2,2014-01-07,0345,Aqua,MODIS,85,6.2,303.6,46.8,D,0
-17.7601,145.3514,333.8,1.6,1.2,2014-01-07,0345,Aqua,MODIS,82,6.2,304.1,50.6,D,0
-20.2735,145.1809,333,1.8,1.3,2014-01-07,0345,Aqua,MODIS,52,6.2,303.5,41.7,D,0
-21.2555,145.8685,330.6,1.6,1.3,2014-01-07,0345,Aqua,MODIS,37,6.2,304.7,29,D,0
-21.0133,146.9586,332.9,1.4,1.2,2014-01-07,0345,Aqua,MODIS,74,6.2,309.5,17.3,D,0
-18.1297,145.4087,326.5,1.6,1.2,2014-01-07,0345,Aqua,MODIS,69,6.2,305.2,21.3,D,0
-21.2573,145.8528,332.4,1.6,1.3,2014-01-07,0345,Aqua,MODIS,41,6.2,307.6,36.2,D,0
-18.5966,145.4127,341.6,1.6,1.3,2014-01-07,0345,Aqua,MODIS,88,6.2,298.9,69,D,0
-21.182,145.8212,360.8,1.6,1.3,2014-01-07,0345,Aqua,MODIS,100,6.2,303.8,153.9,D,0
-21.0311,146.8111,366.6,1.4,1.2,2014-01-07,0345,Aqua,MODIS,100,6.2,307.2,145.8,D,0
-19.2355,146.5527,356.4,1.4,1.2,2014-01-07,0345,Aqua,MODIS,98,6.2,304.4,94.8,D,0
-20.4371,146.521,349.7,1.4,1.2,2014-01-07,0345,Aqua,MODIS,93,6.2,303.2,75.1,D,0
-20.4405,146.4933,336.5,1.5,1.2,2014-01-07,0345,Aqua,MODIS,69,6.2,306.2,34.2,D,0
-20.4512,146.4946,329.5,1.5,1.2,2014-01-07,0345,Aqua,MODIS,43,6.2,303.6,20.3,D,0
-20.4281,146.5059,353.4,1.4,1.2,2014-01-07,0345,Aqua,MODIS,95,6.2,310.3,88.3,D,0
-20.4297,146.4919,348,1.5,1.2,2014-01-07,0345,Aqua,MODIS,91,6.2,310.8,68.6,D,0
-20.4331,146.4642,349.6,1.5,1.2,2014-01-07,0345,Aqua,MODIS,93,6.2,306.5,78.8,D,0
-20.419,146.4905,336.4,1.5,1.2,2014-01-07,0345,Aqua,MODIS,80,6.2,308,35.8,D,0
-20.4223,146.4629,338,1.5,1.2,2014-01-07,0345,Aqua,MODIS,82,6.2,305,41.3,D,0
-20.4239,146.4491,328.9,1.5,1.2,2014-01-07,0345,Aqua,MODIS,39,6.2,302.3,19.3,D,0
-20.4264,146.5196,346.8,1.4,1.2,2014-01-07,0345,Aqua,MODIS,91,6.2,308.3,64.9,D,0
-19.2606,146.4356,336.1,1.4,1.2,2014-01-07,0345,Aqua,MODIS,79,6.2,296.8,47.1,D,0
-19.2371,146.5395,331.1,1.4,1.2,2014-01-07,0345,Aqua,MODIS,59,6.2,301.8,20.3,D,0
-19.2388,146.5262,338.2,1.4,1.2,2014-01-07,0345,Aqua,MODIS,86,6.2,301.9,38.9,D,0
-19.234,146.5653,350.7,1.4,1.2,2014-01-07,0345,Aqua,MODIS,95,6.2,305.6,71.2,D,0
-17.2538,145.1937,332.5,1.6,1.2,2014-01-07,0346,Aqua,MODIS,69,6.2,304,36.7,D,0
-16.1781,145.1292,318.3,1.6,1.2,2014-01-07,0346,Aqua,MODIS,31,6.2,296,21.2,D,0
-14.7212,144.9048,333.1,1.6,1.2,2014-01-07,0346,Aqua,MODIS,80,6.2,307.3,30.6,D,0
-16.2284,145.1794,313,1.6,1.2,2014-01-07,0346,Aqua,MODIS,31,6.2,294.6,15.3,D,0
-16.1595,145.0934,346.4,1.6,1.2,2014-01-07,0346,Aqua,MODIS,93,6.2,298.7,95.5,D,0
-16.1672,145.1226,326.5,1.6,1.2,2014-01-07,0346,Aqua,MODIS,53,6.2,293.2,34.5,D,0
-14.7101,144.9033,330.7,1.6,1.2,2014-01-07,0346,Aqua,MODIS,77,6.2,306.6,26.4,D,0
-16.1562,145.1201,322.4,1.6,1.2,2014-01-07,0346,Aqua,MODIS,69,6.2,296.4,27.6,D,0
-16.1783,145.1246,325.6,1.6,1.2,2014-01-07,0346,Aqua,MODIS,28,6.2,296.5,33.2,D,0
-16.1685,145.1146,337.1,1.6,1.2,2014-01-07,0346,Aqua,MODIS,86,6.2,296.8,63.8,D,0
-16.1579,145.1066,362.1,1.6,1.2,2014-01-07,0346,Aqua,MODIS,100,6.2,301.7,168.4,D,0
-17.2345,145.1702,344.8,1.6,1.3,2014-01-07,0346,Aqua,MODIS,91,6.2,310.4,71.5,D,0
-14.7083,144.9177,334.9,1.6,1.2,2014-01-07,0346,Aqua,MODIS,86,6.2,307.6,37.8,D,0
-16.1688,145.1098,327.8,1.6,1.2,2014-01-07,0346,Aqua,MODIS,46,6.2,296.3,37.2,D,0
-16.1796,145.1166,328.2,1.6,1.2,2014-01-07,0346,Aqua,MODIS,79,6.2,296,42.6,D,0
-17.2551,145.1886,331.2,1.6,1.2,2014-01-07,0346,Aqua,MODIS,44,6.2,305.7,30.4,D,0
-14.7194,144.9191,333.5,1.6,1.2,2014-01-07,0346,Aqua,MODIS,75,6.2,308.1,31.6,D,0
-14.7286,144.935,328.5,1.5,1.2,2014-01-07,0346,Aqua,MODIS,49,6.2,306.3,16.4,D,0
-14.7175,144.9335,343.3,1.5,1.2,2014-01-07,0346,Aqua,MODIS,69,6.2,307.5,60.6,D,0
-16.1487,145.0898,328.5,1.6,1.2,2014-01-07,0346,Aqua,MODIS,80,6.2,298.8,42.7,D,0
-17.2557,145.1782,328.8,1.6,1.3,2014-01-07,0346,Aqua,MODIS,44,6.2,306.2,27.8,D,0
-28.4343,122.7203,335.2,1.6,1.2,2014-01-07,0521,Aqua,MODIS,54,6.2,317.5,20.3,D,0
-29.9859,118.1481,336.3,3.4,1.7,2014-01-07,0521,Aqua,MODIS,73,6.2,317.3,104.1,D,0
-29.9774,118.1434,331.6,3.4,1.7,2014-01-07,0521,Aqua,MODIS,54,6.2,318.9,62,D,0
-23.994,120.0868,370.1,2.1,1.4,2014-01-07,0523,Aqua,MODIS,100,6.2,320.4,255.1,D,0
-24.0069,120.0883,338,2.1,1.4,2014-01-07,0523,Aqua,MODIS,51,6.2,318.8,26.4,D,0
-23.9945,120.08,361,2.1,1.4,2014-01-07,0523,Aqua,MODIS,100,6.2,321.3,171.5,D,0
-22.4972,121.0927,354.3,1.7,1.3,2014-01-07,0523,Aqua,MODIS,95,6.2,323.8,96.4,D,0
-22.4991,121.0759,375.4,1.7,1.3,2014-01-07,0523,Aqua,MODIS,100,6.2,324.8,240.7,D,0
-21.7272,121.6523,349.6,1.5,1.2,2014-01-07,0523,Aqua,MODIS,91,6.2,327.7,47.5,D,0
-21.7269,121.6469,348.1,1.5,1.2,2014-01-07,0523,Aqua,MODIS,90,6.2,328.6,43.1,D,0
-21.7031,121.6587,350.4,1.5,1.2,2014-01-07,0523,Aqua,MODIS,86,6.2,327.8,51.7,D,0
-21.0247,120.9222,339.4,1.7,1.3,2014-01-07,0523,Aqua,MODIS,70,6.2,325.2,26.2,D,0
-20.9847,120.9665,338.2,1.7,1.3,2014-01-07,0523,Aqua,MODIS,42,6.2,324.4,22.3,D,0
-21.271,120.3417,353.7,1.9,1.3,2014-01-07,0523,Aqua,MODIS,95,6.2,319.5,113.9,D,0
-21.2691,120.3596,375.1,1.9,1.3,2014-01-07,0523,Aqua,MODIS,100,6.2,326.1,273.9,D,0
-21.2671,120.3774,340.1,1.9,1.3,2014-01-07,0523,Aqua,MODIS,62,6.2,321.6,43.9,D,0
-21.2831,120.3431,362.1,1.9,1.3,2014-01-07,0523,Aqua,MODIS,100,6.2,321.1,166.2,D,0
-21.2812,120.361,356.4,1.9,1.3,2014-01-07,0523,Aqua,MODIS,97,6.2,324.4,127.6,D,0
-21.2933,120.3623,339.3,1.9,1.3,2014-01-07,0523,Aqua,MODIS,75,6.2,319.7,41.6,D,0
-21.5118,119.2936,332.4,2.3,1.5,2014-01-07,0523,Aqua,MODIS,58,6.2,315.4,34.6,D,0
-21.4987,119.2916,352.6,2.3,1.5,2014-01-07,0523,Aqua,MODIS,94,6.2,317.1,151.7,D,0
-18.1688,133.4367,333.4,2.7,1.6,2014-01-07,0524,Aqua,MODIS,64,6.2,317.4,35.7,D,0
-19.0543,126.6042,374,1,1,2014-01-07,0524,Aqua,MODIS,0,6.2,335.7,71.9,D,0
-19.0571,126.5849,370.4,1,1,2014-01-07,0524,Aqua,MODIS,0,6.2,334.3,58.9,D,0
-19.0452,126.6027,426.5,1,1,2014-01-07,0524,Aqua,MODIS,100,6.2,340.6,428.8,D,0
-19.0481,126.5834,392.2,1,1,2014-01-07,0524,Aqua,MODIS,100,6.2,339.1,182.3,D,0
-19.0362,126.6012,368.9,1,1,2014-01-07,0524,Aqua,MODIS,0,6.2,328.6,61.4,D,0
-19.0376,126.5915,451.8,1,1,2014-01-07,0524,Aqua,MODIS,100,6.2,342.2,700.6,D,0
-19.039,126.5819,417.9,1,1,2014-01-07,0524,Aqua,MODIS,100,6.2,340.4,339.4,D,0
-19.0864,126.5659,348,1,1,2014-01-07,0524,Aqua,MODIS,61,6.2,331.4,22.9,D,0
-19.0893,126.5467,350.1,1,1,2014-01-07,0524,Aqua,MODIS,65,6.2,327.8,29.6,D,0
-19.0907,126.5371,348,1,1,2014-01-07,0524,Aqua,MODIS,74,6.2,326,27,D,0
-19.0774,126.5644,352,1,1,2014-01-07,0524,Aqua,MODIS,60,6.2,329.8,29.8,D,0
-19.0831,126.5259,338.7,1,1,2014-01-07,0524,Aqua,MODIS,78,6.2,324.8,13.4,D,0
-19.0874,126.4972,337.8,1,1,2014-01-07,0524,Aqua,MODIS,58,6.2,325.3,11.1,D,0
-19.0888,126.4876,341.9,1,1,2014-01-07,0524,Aqua,MODIS,83,6.2,325.9,18.3,D,0
-19.0538,126.5449,345.1,1,1,2014-01-07,0524,Aqua,MODIS,87,6.2,325.4,21.6,D,0
-19.0552,126.5353,352.6,1,1,2014-01-07,0524,Aqua,MODIS,94,6.2,326.1,37.1,D,0
-19.0405,126.5723,396.5,1,1,2014-01-07,0524,Aqua,MODIS,100,6.2,331.6,192.4,D,0
-19.0413,126.5035,342.9,1,1,2014-01-07,0524,Aqua,MODIS,84,6.2,325,20.3,D,0
-19.0323,126.502,336.7,1,1,2014-01-07,0524,Aqua,MODIS,30,6.2,324.3,9.2,D,0
-19.0337,126.4924,364.7,1,1,2014-01-07,0524,Aqua,MODIS,100,6.2,326.9,72.3,D,0
-18.3873,124.1134,352.4,1.1,1,2014-01-07,0524,Aqua,MODIS,94,6.2,330.3,36.9,D,0
-17.2789,126.5885,339,1,1,2014-01-07,0524,Aqua,MODIS,78,6.2,322.3,14.8,D,0
-15.6151,135.2319,330.9,4.1,1.9,2014-01-07,0524,Aqua,MODIS,64,6.2,308.6,78.7,D,0
-15.5963,135.1494,333.8,4.1,1.9,2014-01-07,0524,Aqua,MODIS,67,6.2,306,132.3,D,0
-15.1896,135.4432,324.5,4.4,1.9,2014-01-07,0524,Aqua,MODIS,46,6.2,305.8,56.7,D,0
-15.6057,135.1907,356.3,4.1,1.9,2014-01-07,0524,Aqua,MODIS,97,6.2,309.7,455.4,D,0
-15.6224,135.1942,330.4,4.1,1.9,2014-01-07,0524,Aqua,MODIS,68,6.2,309,77.3,D,0
-15.3099,134.9096,330.2,4,1.9,2014-01-07,0524,Aqua,MODIS,52,6.2,309.7,88.1,D,0
-15.3359,134.9535,335.3,4,1.9,2014-01-07,0524,Aqua,MODIS,70,6.2,310.6,117.4,D,0
-15.6024,135.2375,338.1,4.1,1.9,2014-01-07,0524,Aqua,MODIS,81,6.2,308.5,156.3,D,0
-15.5889,135.1873,352,4.1,1.9,2014-01-07,0524,Aqua,MODIS,94,6.2,304.6,389.8,D,0
-15.5866,135.1822,343,4.1,1.9,2014-01-07,0524,Aqua,MODIS,87,6.2,304.1,253.1,D,0
-15.5984,135.2284,347.6,4.1,1.9,2014-01-07,0524,Aqua,MODIS,91,6.2,308.2,305.2,D,0
-15.61,135.1999,358.8,4.1,1.9,2014-01-07,0524,Aqua,MODIS,99,6.2,310.3,490.5,D,0
-15.36,135.0441,330.4,4.1,1.9,2014-01-07,0524,Aqua,MODIS,63,6.2,311.5,71.4,D,0
-18.2138,125.8686,339.8,1,1,2014-01-07,0524,Aqua,MODIS,39,6.2,327.9,11.4,D,0
-17.6259,127.4062,386.2,1.1,1,2014-01-07,0524,Aqua,MODIS,100,6.2,329,175.3,D,0
-17.6275,127.3959,368.2,1.1,1,2014-01-07,0524,Aqua,MODIS,100,6.2,326.8,94.6,D,0
-17.0402,128.9291,341.3,1.3,1.2,2014-01-07,0524,Aqua,MODIS,82,6.2,322,26.5,D,0
-17.0382,128.9417,341,1.4,1.2,2014-01-07,0524,Aqua,MODIS,82,6.2,321.4,25.8,D,0
-17.6431,127.3565,341.3,1.1,1,2014-01-07,0524,Aqua,MODIS,64,6.2,324.5,21.6,D,0
-18.1694,125.7939,354.1,1,1,2014-01-07,0524,Aqua,MODIS,90,6.2,329.4,30.6,D,0
-18.1595,125.7953,349.7,1,1,2014-01-07,0524,Aqua,MODIS,90,6.2,332.9,25.5,D,0
-17.6244,127.4164,381.1,1.1,1,2014-01-07,0524,Aqua,MODIS,100,6.2,326.2,151.7,D,0
-17.6228,127.4268,338.6,1.1,1,2014-01-07,0524,Aqua,MODIS,51,6.2,319.6,17.3,D,0
-17.6337,127.4181,341.6,1.1,1,2014-01-07,0524,Aqua,MODIS,68,6.2,323.7,22.6,D,0
-17.0457,128.9356,357.3,1.3,1.2,2014-01-07,0524,Aqua,MODIS,98,6.2,322.3,76.8,D,0
-18.1281,133.2104,338.8,2.6,1.5,2014-01-07,0524,Aqua,MODIS,72,6.2,320.2,60.2,D,0
-18.0729,133.1989,343.9,2.6,1.5,2014-01-07,0524,Aqua,MODIS,84,6.2,320.2,94.7,D,0
-18.0684,133.2232,336.5,2.6,1.6,2014-01-07,0524,Aqua,MODIS,57,6.2,318.1,46.7,D,0
-18.1143,133.2075,352.7,2.6,1.5,2014-01-07,0524,Aqua,MODIS,94,6.2,318.7,162.8,D,0
-18.0616,133.0646,345.4,2.5,1.5,2014-01-07,0524,Aqua,MODIS,87,6.2,316.4,109.8,D,0
-18.068,133.0735,349.4,2.5,1.5,2014-01-07,0524,Aqua,MODIS,91,6.2,317.1,140.9,D,0
-18.1597,133.2219,343.5,2.6,1.5,2014-01-07,0524,Aqua,MODIS,51,6.2,324.3,79.8,D,0
-18.1136,133.2377,347.3,2.6,1.6,2014-01-07,0524,Aqua,MODIS,89,6.2,316.9,122.1,D,0
-18.1183,133.2134,369.2,2.6,1.5,2014-01-07,0524,Aqua,MODIS,100,6.2,320.6,346.8,D,0
-18.0544,133.0707,339,2.5,1.5,2014-01-07,0524,Aqua,MODIS,68,6.2,316.2,67.2,D,0
-18.0573,133.0884,341.3,2.5,1.5,2014-01-07,0524,Aqua,MODIS,75,6.2,317.1,80.8,D,0
-17.9843,133.0981,334.8,2.6,1.5,2014-01-07,0524,Aqua,MODIS,62,6.2,314.3,45.4,D,0
-17.9799,133.0919,343.2,2.6,1.5,2014-01-07,0524,Aqua,MODIS,84,6.2,314.9,99.8,D,0
-18.1237,133.2347,340.8,2.6,1.6,2014-01-07,0524,Aqua,MODIS,81,6.2,317.3,76.3,D,0
-18.1098,133.2318,350.4,2.6,1.6,2014-01-07,0524,Aqua,MODIS,92,6.2,316.4,147.9,D,0
-17.9706,133.0952,347.8,2.6,1.5,2014-01-07,0524,Aqua,MODIS,90,6.2,315.2,133.8,D,0
-17.9569,133.0923,340.1,2.6,1.5,2014-01-07,0524,Aqua,MODIS,79,6.2,315.3,73.8,D,0
-17.9614,133.0686,350.7,2.5,1.5,2014-01-07,0524,Aqua,MODIS,92,6.2,316.8,147.8,D,0
-17.9661,133.0891,344.2,2.6,1.5,2014-01-07,0524,Aqua,MODIS,86,6.2,315.1,105.8,D,0
-17.9568,133.0624,339.4,2.5,1.5,2014-01-07,0524,Aqua,MODIS,77,6.2,316.3,69.2,D,0
-17.9512,132.9391,349.6,2.5,1.5,2014-01-07,0524,Aqua,MODIS,91,6.2,321.4,132.3,D,0
-15.0501,125.1605,349.1,1,1,2014-01-07,0525,Aqua,MODIS,0,6.2,308,45.5,D,0
-15.0591,125.1619,377.1,1,1,2014-01-07,0525,Aqua,MODIS,0,6.2,310.4,126.7,D,0
-35.2861,144.4762,320.5,1.1,1,2014-01-07,1306,Terra,MODIS,100,6.2,288.2,23,N,0
-35.2846,144.4884,336.5,1.1,1,2014-01-07,1306,Terra,MODIS,100,6.2,289.6,45.6,N,0
-31.8575,146.4302,305.6,1,1,2014-01-07,1306,Terra,MODIS,65,6.2,284.8,7.4,N,0
-31.8665,146.4321,311.3,1,1,2014-01-07,1306,Terra,MODIS,82,6.2,285,11.3,N,0
-31.865,146.4427,306.3,1,1,2014-01-07,1306,Terra,MODIS,68,6.2,286.4,7.9,N,0
-31.8559,146.4408,311.9,1,1,2014-01-07,1306,Terra,MODIS,84,6.2,285.5,11.8,N,0
-33.5471,149.3799,308.9,1.2,1.1,2014-01-07,1306,Terra,MODIS,76,6.2,284.2,14.5,N,0
-33.5493,149.3672,311.4,1.2,1.1,2014-01-07,1306,Terra,MODIS,83,6.2,284,16.8,N,0
-33.5462,149.3732,314.6,1.2,1.1,2014-01-07,1306,Terra,MODIS,89,6.2,284.2,21.3,N,0
-27.567,150.9206,301.1,1.8,1.3,2014-01-07,1307,Terra,MODIS,38,6.2,290.5,10.4,N,0
-27.6428,147.155,309.4,1.1,1.1,2014-01-07,1307,Terra,MODIS,77,6.2,295.7,9.7,N,0
-28.7028,149.207,312.1,1.4,1.2,2014-01-07,1307,Terra,MODIS,84,6.2,296.2,13.7,N,0
-28.8052,149.3981,307.6,1.4,1.2,2014-01-07,1307,Terra,MODIS,72,6.2,296.4,9.8,N,0
-27.5826,149.1994,312.1,1.4,1.2,2014-01-07,1307,Terra,MODIS,84,6.2,295.8,15.7,N,0
-29.512,148.9916,309.4,1.3,1.1,2014-01-07,1307,Terra,MODIS,77,6.2,296,10.4,N,0
-29.8078,149.0569,310.1,1.3,1.1,2014-01-07,1307,Terra,MODIS,79,6.2,295.9,10.7,N,0
-27.5801,149.2137,315.8,1.4,1.2,2014-01-07,1307,Terra,MODIS,92,6.2,296,20.6,N,0
-28.5745,151.1794,307.7,1.8,1.3,2014-01-07,1307,Terra,MODIS,72,6.2,291.3,18,N,0
-28.8076,149.3839,313,1.4,1.2,2014-01-07,1307,Terra,MODIS,86,6.2,296.2,16,N,0
-29.8083,149.0649,325.6,1.3,1.1,2014-01-07,1307,Terra,MODIS,100,6.2,296.4,31.4,N,0
-28.5793,151.1872,304.4,1.8,1.3,2014-01-07,1307,Terra,MODIS,20,6.2,291.1,11.7,N,0
-29.8055,149.0701,333.7,1.3,1.1,2014-01-07,1307,Terra,MODIS,100,6.2,296.1,46.2,N,0
-27.5907,149.2161,322.3,1.4,1.2,2014-01-07,1307,Terra,MODIS,100,6.2,296.6,31,N,0
-29.8061,149.0782,311.1,1.3,1.1,2014-01-07,1307,Terra,MODIS,82,6.2,295.7,12,N,0
-27.5932,149.2018,315.6,1.4,1.2,2014-01-07,1307,Terra,MODIS,92,6.2,296.2,20.4,N,0
-27.0617,148.2448,315.1,1.3,1.1,2014-01-07,1308,Terra,MODIS,91,6.2,294.2,18.7,N,0
-27.0718,148.247,304.6,1.3,1.1,2014-01-07,1308,Terra,MODIS,61,6.2,293,8.3,N,0
-26.4982,149.4422,315.5,1.5,1.2,2014-01-07,1308,Terra,MODIS,41,6.2,290.3,22.5,N,0
-26.364,147.2555,334.2,1.2,1.1,2014-01-07,1308,Terra,MODIS,100,6.2,296.7,41.3,N,0
-26.3659,147.2439,352.2,1.2,1.1,2014-01-07,1308,Terra,MODIS,100,6.2,299.7,81.8,N,0
-26.3678,147.2323,340.5,1.2,1.1,2014-01-07,1308,Terra,MODIS,100,6.2,298.2,52.6,N,0
-26.3544,147.2535,317.9,1.2,1.1,2014-01-07,1308,Terra,MODIS,96,6.2,295.2,18,N,0
-26.3563,147.2419,331.7,1.2,1.1,2014-01-07,1308,Terra,MODIS,100,6.2,297.4,36.9,N,0
-26.3737,147.2575,304.1,1.2,1.1,2014-01-07,1308,Terra,MODIS,12,6.2,294.1,5.3,N,0
-26.3794,147.2226,304.3,1.2,1.1,2014-01-07,1308,Terra,MODIS,18,6.2,294.2,5.4,N,0
-26.3756,147.2459,359.5,1.2,1.1,2014-01-07,1308,Terra,MODIS,100,6.2,301.7,104.9,N,0
-26.3775,147.2342,345.4,1.2,1.1,2014-01-07,1308,Terra,MODIS,100,6.2,300,64.6,N,0
-27.4525,145.5984,312.4,1,1,2014-01-07,1308,Terra,MODIS,85,6.2,295.1,10.6,N,0
-27.454,145.5882,320.4,1,1,2014-01-07,1308,Terra,MODIS,100,6.2,294.9,17.7,N,0
-27.4434,145.5967,304.9,1,1,2014-01-07,1308,Terra,MODIS,62,6.2,294.3,5.9,N,0
-27.445,145.5864,305.2,1,1,2014-01-07,1308,Terra,MODIS,63,6.2,294,6.2,N,0
-24.0601,146.6697,312.1,1.2,1.1,2014-01-07,1308,Terra,MODIS,37,6.2,285.9,11.8,N,0
-24.068,146.6832,306.6,1.2,1.1,2014-01-07,1308,Terra,MODIS,33,6.2,283.3,7.8,N,0
-20.447,146.5085,313.2,1.3,1.1,2014-01-07,1309,Terra,MODIS,53,6.2,294.9,11.8,N,0
-20.4571,146.5104,305.4,1.3,1.1,2014-01-07,1309,Terra,MODIS,64,6.2,294.6,5.2,N,0
-20.449,146.4961,315.2,1.3,1.1,2014-01-07,1309,Terra,MODIS,91,6.2,294.7,14.4,N,0
-20.4496,146.503,317.8,1.3,1.1,2014-01-07,1309,Terra,MODIS,82,6.2,294.9,16.8,N,0
-20.4395,146.501,319.8,1.3,1.1,2014-01-07,1309,Terra,MODIS,99,6.2,295,19.7,N,0
-20.4414,146.4887,309.3,1.3,1.1,2014-01-07,1309,Terra,MODIS,25,6.2,294.3,7.2,N,0
-20.4274,146.5113,315.4,1.3,1.1,2014-01-07,1309,Terra,MODIS,66,6.2,293.5,15.3,N,0
-20.4253,146.46,311.6,1.3,1.1,2014-01-07,1309,Terra,MODIS,38,6.2,294.7,10.5,N,0
-20.4375,146.5134,317.6,1.3,1.1,2014-01-07,1309,Terra,MODIS,85,6.2,295.2,17.5,N,0
-21.635,147.8608,305,1.5,1.2,2014-01-07,1309,Terra,MODIS,56,6.2,292,7.8,N,0
-21.1549,140.8198,313.7,1.1,1.1,2014-01-07,1309,Terra,MODIS,84,6.2,302.5,9.6,N,0
-21.1798,140.7792,316.5,1.1,1.1,2014-01-07,1309,Terra,MODIS,92,6.2,301.7,12,N,0
-21.5778,147.9176,303.3,1.5,1.2,2014-01-07,1309,Terra,MODIS,47,6.2,291.5,6.4,N,0
-21.3415,146.8044,309.8,1.3,1.1,2014-01-07,1309,Terra,MODIS,62,6.2,287.1,16.3,N,0
-21.0201,146.8352,311.1,1.3,1.1,2014-01-07,1309,Terra,MODIS,47,6.2,294.2,10.3,N,0
-21.0303,146.8372,313,1.3,1.1,2014-01-07,1309,Terra,MODIS,80,6.2,294.4,12.8,N,0
-21.1454,140.8185,313.6,1.1,1.1,2014-01-07,1309,Terra,MODIS,83,6.2,302.2,9.3,N,0
-21.0094,146.9652,306.4,1.4,1.2,2014-01-07,1309,Terra,MODIS,68,6.2,294,6.6,N,0
-19.7316,143.547,334.6,1,1,2014-01-07,1310,Terra,MODIS,100,6.2,296.7,32.2,N,0
-19.3062,146.4732,305.7,1.3,1.1,2014-01-07,1310,Terra,MODIS,22,6.2,292.2,9.9,N,0
-20.2208,145.4911,306.6,1.2,1.1,2014-01-07,1310,Terra,MODIS,50,6.2,293.2,6.2,N,0
-17.2833,145.2294,303.7,1.2,1.1,2014-01-07,1310,Terra,MODIS,21,6.2,291.3,5.6,N,0
-18.6917,145.5203,308.1,1.2,1.1,2014-01-07,1310,Terra,MODIS,44,6.2,291.9,8.9,N,0
-20.2599,145.1766,306.4,1.1,1.1,2014-01-07,1310,Terra,MODIS,19,6.2,285.3,7.1,N,0
-19.7192,143.5056,323.1,1,1,2014-01-07,1310,Terra,MODIS,100,6.2,296.4,17.1,N,0
-20.2007,145.431,302.5,1.1,1.1,2014-01-07,1310,Terra,MODIS,48,6.2,292.4,4.3,N,0
-20.2633,145.1552,318,1.1,1.1,2014-01-07,1310,Terra,MODIS,74,6.2,290.9,16.8,N,0
-19.7164,143.5248,312.8,1,1,2014-01-07,1310,Terra,MODIS,86,6.2,295.6,7.8,N,0
-18.7922,144.7272,311.3,1.1,1,2014-01-07,1310,Terra,MODIS,78,6.2,294.3,9.5,N,0
-19.7178,143.5152,314.6,1,1,2014-01-07,1310,Terra,MODIS,84,6.2,296,8.7,N,0
-18.7906,144.7376,306.3,1.1,1,2014-01-07,1310,Terra,MODIS,48,6.2,294.1,5.8,N,0
-20.2304,145.4928,323.8,1.2,1.1,2014-01-07,1310,Terra,MODIS,100,6.2,293.6,23.9,N,0
-20.24,145.4947,313.8,1.2,1.1,2014-01-07,1310,Terra,MODIS,79,6.2,293.7,12,N,0
-18.789,144.748,308.4,1.1,1.1,2014-01-07,1310,Terra,MODIS,72,6.2,294.2,7.3,N,0
-20.2678,145.1887,312.8,1.1,1.1,2014-01-07,1310,Terra,MODIS,55,6.2,286.6,12.1,N,0
-18.7874,144.7586,316.9,1.1,1.1,2014-01-07,1310,Terra,MODIS,94,6.2,294.4,15,N,0
-17.0677,145.2989,305.4,1.2,1.1,2014-01-07,1310,Terra,MODIS,64,6.2,292.1,8.5,N,0
-20.7334,139.4816,310.2,1.3,1.1,2014-01-07,1310,Terra,MODIS,73,6.2,299.3,9,N,2
-17.0658,145.3105,302.6,1.2,1.1,2014-01-07,1310,Terra,MODIS,50,6.2,291.9,6.2,N,0
-20.2583,145.1871,311.2,1.1,1.1,2014-01-07,1310,Terra,MODIS,66,6.2,286,11.2,N,0
-19.7296,143.4976,311.5,1,1,2014-01-07,1310,Terra,MODIS,81,6.2,296.1,6.7,N,0
-19.7302,143.5566,312,1,1,2014-01-07,1310,Terra,MODIS,84,6.2,295.5,7.6,N,0
-19.7282,143.5071,315.5,1,1,2014-01-07,1310,Terra,MODIS,91,6.2,296.2,10,N,0
-19.2505,146.5093,310.5,1.4,1.2,2014-01-07,1310,Terra,MODIS,48,6.2,292.4,11.6,N,0
-19.2463,146.5143,307.6,1.4,1.2,2014-01-07,1310,Terra,MODIS,58,6.2,292.6,8.7,N,0
-17.0111,137.8737,312,1.5,1.2,2014-01-07,1311,Terra,MODIS,80,6.2,296.3,13.8,N,0
-17.0002,137.8723,309.5,1.5,1.2,2014-01-07,1311,Terra,MODIS,71,6.2,295.7,11,N,0
-16.1463,134.6709,340,2.5,1.5,2014-01-07,1311,Terra,MODIS,100,6.2,295,161.6,N,0
-16.1527,134.677,311.9,2.5,1.5,2014-01-07,1311,Terra,MODIS,83,6.2,293.3,36.2,N,0
-16.1489,134.6475,310.4,2.5,1.5,2014-01-07,1311,Terra,MODIS,78,6.2,294,30.7,N,0
-15.176,134.1722,307.8,2.7,1.6,2014-01-07,1311,Terra,MODIS,71,6.2,294.5,22.1,N,0
-15.7317,135.3509,309.7,2.2,1.4,2014-01-07,1311,Terra,MODIS,65,6.2,297.5,18.9,N,0
-15.739,135.289,315.8,2.2,1.4,2014-01-07,1311,Terra,MODIS,91,6.2,297.4,33.5,N,0
-15.1733,134.1969,308.7,2.7,1.6,2014-01-07,1311,Terra,MODIS,74,6.2,295.3,22.8,N,0
-15.7368,135.2944,316.5,2.2,1.4,2014-01-07,1311,Terra,MODIS,93,6.2,298,35.4,N,0
-14.7015,144.9179,307.6,1.3,1.1,2014-01-07,1311,Terra,MODIS,63,6.2,295.5,6.7,N,0
-27.0635,148.2628,313.3,4.1,1.9,2014-01-07,1441,Aqua,MODIS,87,6.2,293.9,85.6,N,0
-27.0627,148.2715,310.6,4.1,1.9,2014-01-07,1441,Aqua,MODIS,80,6.2,293.8,69.6,N,0
-27.9212,123.0295,310.5,1.2,1.1,2014-01-07,1446,Terra,MODIS,75,6.2,296.9,10.5,N,0
-30.8622,121.4895,308.5,1,1,2014-01-07,1446,Terra,MODIS,64,6.2,298.1,5.6,N,2
-20.5992,116.7793,327.7,1.1,1,2014-01-07,1448,Terra,MODIS,100,6.2,301.3,23.4,N,2
-20.592,116.7822,326.5,1.1,1,2014-01-07,1448,Terra,MODIS,96,6.2,301.5,0,N,0
-21.5109,119.3265,314,1,1,2014-01-07,1448,Terra,MODIS,81,6.2,300.6,8.2,N,0
-21.5076,119.2858,315.7,1,1,2014-01-07,1448,Terra,MODIS,89,6.2,301.3,8.5,N,0
-21.509,119.2761,311.7,1,1,2014-01-07,1448,Terra,MODIS,46,6.2,300.9,5.7,N,0
-21.4942,119.3136,312.2,1,1,2014-01-07,1448,Terra,MODIS,72,6.2,300.7,6,N,0
-21.4852,119.312,318.9,1,1,2014-01-07,1448,Terra,MODIS,97,6.2,300.9,11.8,N,0
-21.4866,119.3023,326,1,1,2014-01-07,1448,Terra,MODIS,100,6.2,302.3,18.4,N,0
-21.488,119.2925,319.6,1,1,2014-01-07,1448,Terra,MODIS,99,6.2,302.5,11.3,N,0
-21.4776,119.3007,353.3,1,1,2014-01-07,1448,Terra,MODIS,100,6.2,305.6,65.5,N,0
-21.479,119.291,364.2,1,1,2014-01-07,1448,Terra,MODIS,100,6.2,308.5,93.8,N,0
-21.4804,119.2812,337.3,1,1,2014-01-07,1448,Terra,MODIS,100,6.2,304.7,34,N,0
-21.47,119.2895,342.7,1,1,2014-01-07,1448,Terra,MODIS,100,6.2,302.8,43.5,N,0
-21.4714,119.2797,316.4,1,1,2014-01-07,1448,Terra,MODIS,91,6.2,302.5,9.3,N,0
-21.4819,119.2715,314.2,1,1,2014-01-07,1448,Terra,MODIS,76,6.2,301.4,7.2,N,0
-21.4685,119.2992,325.2,1,1,2014-01-07,1448,Terra,MODIS,100,6.2,301.1,18.4,N,0
-21.2384,120.3409,329.9,1.1,1,2014-01-07,1448,Terra,MODIS,100,6.2,302.1,26.6,N,0
-21.2462,120.353,317.6,1.1,1,2014-01-07,1448,Terra,MODIS,94,6.2,301.3,11.9,N,0
-21.2773,120.3751,312.4,1.1,1,2014-01-07,1448,Terra,MODIS,78,6.2,301,6.9,N,0
-21.2369,120.3513,334.5,1.1,1,2014-01-07,1448,Terra,MODIS,100,6.2,301.9,33.5,N,0
-21.2838,120.3336,316.4,1.1,1,2014-01-07,1448,Terra,MODIS,91,6.2,300.4,10.9,N,0
-21.6711,121.626,313.1,1.2,1.1,2014-01-07,1448,Terra,MODIS,82,6.2,299.2,12.4,N,0
-15.1512,134.2512,316.6,1.3,1.1,2014-01-07,1616,Aqua,MODIS,93,6.2,297.7,18.5,N,0
-14.6976,144.9206,305.1,2.5,1.5,2014-01-07,1616,Aqua,MODIS,63,6.2,290.9,17.7,N,0
-16.7696,137.6892,307.9,1,1,2014-01-07,1616,Aqua,MODIS,69,6.2,297.6,5.7,N,0
-16.9984,137.8725,319,1,1,2014-01-07,1616,Aqua,MODIS,98,6.2,297.4,14.7,N,0
-16.9998,137.8819,316.5,1,1,2014-01-07,1616,Aqua,MODIS,93,6.2,297.6,12.4,N,0
-18.1781,133.4584,304.7,1.3,1.1,2014-01-07,1617,Aqua,MODIS,61,6.2,294.4,7.7,N,0
-21.206,140.7761,308.5,1.5,1.2,2014-01-07,1617,Aqua,MODIS,75,6.2,298,10.7,N,0
-21.1526,140.8184,309.1,1.5,1.2,2014-01-07,1617,Aqua,MODIS,76,6.2,298.3,11.2,N,0
-20.7338,139.4787,313.2,1.2,1.1,2014-01-07,1617,Aqua,MODIS,86,6.2,297.2,13.3,N,2
-21.2302,120.3565,315.1,3.1,1.7,2014-01-07,1756,Aqua,MODIS,90,6.2,296.4,58.8,N,0
-21.2287,120.3521,314.7,3.1,1.7,2014-01-07,1756,Aqua,MODIS,88,6.2,296.1,56.7,N,0
-21.4729,119.3061,320.1,2.6,1.6,2014-01-07,1756,Aqua,MODIS,100,6.2,298.8,60,N,0
-21.4755,119.3317,309.5,2.6,1.6,2014-01-07,1756,Aqua,MODIS,48,6.2,297.3,25.3,N,0
-21.4869,119.3043,314.4,2.6,1.6,2014-01-07,1756,Aqua,MODIS,75,6.2,298.5,37.3,N,0
-21.4896,119.3301,314.6,2.6,1.6,2014-01-07,1756,Aqua,MODIS,56,6.2,297.8,38.9,N,0
-21.5149,119.2999,314.4,2.6,1.6,2014-01-07,1756,Aqua,MODIS,88,6.2,298.8,39.2,N,0
-21.4781,119.3003,320.5,2.6,1.6,2014-01-07,1756,Aqua,MODIS,100,6.2,298.9,59.1,N,0
-21.4805,119.3261,324.9,2.6,1.6,2014-01-07,1756,Aqua,MODIS,100,6.2,298.5,79.5,N,0
-21.506,119.2957,318.8,2.6,1.6,2014-01-07,1756,Aqua,MODIS,97,6.2,298.9,54.6,N,0
-27.4541,153.474,326.7,1.1,1,2014-01-08,0005,Terra,MODIS,65,6.2,295.2,19.2,D,0
-33.5583,149.3833,336.3,1,1,2014-01-08,0007,Terra,MODIS,86,6.2,305.7,25.4,D,0
-12.475,130.9223,321.3,1,1,2014-01-08,0140,Terra,MODIS,0,6.2,306.2,9.3,D,0
-15.1869,134.1912,353.9,1.5,1.2,2014-01-08,0141,Terra,MODIS,96,6.2,316.4,88.5,D,0
-15.1269,134.2415,333.6,1.5,1.2,2014-01-08,0141,Terra,MODIS,54,6.2,318.3,21.2,D,0
-15.1248,134.2477,337.5,1.5,1.2,2014-01-08,0141,Terra,MODIS,78,6.2,317.7,31,D,0
-15.4327,134.9581,334,1.7,1.3,2014-01-08,0141,Terra,MODIS,76,6.2,314.7,35.2,D,0
-15.5417,135.201,369.4,1.8,1.3,2014-01-08,0141,Terra,MODIS,100,6.2,318.4,216,D,0
-15.1778,134.2065,332,1.5,1.2,2014-01-08,0141,Terra,MODIS,69,6.2,315.4,17.5,D,0
-15.5637,135.2831,333.2,1.8,1.3,2014-01-08,0141,Terra,MODIS,58,6.2,314.7,31.2,D,0
-15.6053,135.1702,339.8,1.8,1.3,2014-01-08,0141,Terra,MODIS,70,6.2,318.3,46.7,D,0
-15.5397,135.1845,344.2,1.8,1.3,2014-01-08,0141,Terra,MODIS,62,6.2,317.1,67.8,D,0
-17.689,133.4431,333.9,1.4,1.2,2014-01-08,0141,Terra,MODIS,71,6.2,319.3,19.6,D,0
-15.6083,135.159,347.7,1.8,1.3,2014-01-08,0141,Terra,MODIS,91,6.2,316,81.8,D,0
-15.5756,135.2816,335.4,1.8,1.3,2014-01-08,0141,Terra,MODIS,50,6.2,314.3,35.9,D,0
-15.6104,135.1755,337.3,1.8,1.3,2014-01-08,0141,Terra,MODIS,50,6.2,318.5,35.7,D,0
-15.1287,134.2555,333,1.5,1.2,2014-01-08,0141,Terra,MODIS,57,6.2,316.8,19.7,D,0
-16.1491,134.6569,337.6,1.7,1.3,2014-01-08,0141,Terra,MODIS,67,6.2,318.6,30.9,D,0
-15.7361,135.3003,336.6,1.8,1.3,2014-01-08,0141,Terra,MODIS,80,6.2,314.4,42.6,D,0
-15.1504,134.2522,342.9,1.5,1.2,2014-01-08,0141,Terra,MODIS,87,6.2,316.3,45.6,D,0
-15.1742,134.1789,336.6,1.5,1.2,2014-01-08,0141,Terra,MODIS,80,6.2,316.4,29.6,D,0
-15.1669,134.2079,342.2,1.5,1.2,2014-01-08,0141,Terra,MODIS,87,6.2,318,43.6,D,0
-14.6661,135.3073,325.8,1.8,1.3,2014-01-08,0141,Terra,MODIS,37,6.2,308.5,23.1,D,0
-15.526,135.1695,331.4,1.8,1.3,2014-01-08,0141,Terra,MODIS,16,6.2,312,27.3,D,0
-15.2878,134.9024,332.4,1.7,1.3,2014-01-08,0141,Terra,MODIS,70,6.2,313.7,25.4,D,0
-15.2792,134.9103,346.9,1.7,1.3,2014-01-08,0141,Terra,MODIS,91,6.2,315.7,78.4,D,0
-15.176,134.1927,335.6,1.5,1.2,2014-01-08,0141,Terra,MODIS,79,6.2,318.2,27.3,D,0
-15.1613,134.251,335.7,1.5,1.2,2014-01-08,0141,Terra,MODIS,79,6.2,316,27,D,0
-16.1511,134.6725,335.3,1.7,1.3,2014-01-08,0141,Terra,MODIS,56,6.2,320.2,22.7,D,0
-15.0218,133.4951,329,1.3,1.1,2014-01-08,0141,Terra,MODIS,66,6.2,312,16.3,D,0
-15.0236,133.4881,330.4,1.3,1.1,2014-01-08,0141,Terra,MODIS,70,6.2,311.5,19.9,D,0
-15.5916,135.314,333.4,1.8,1.3,2014-01-08,0141,Terra,MODIS,43,6.2,317.2,24.4,D,0
-17.6873,133.4296,334.8,1.4,1.2,2014-01-08,0141,Terra,MODIS,73,6.2,319.3,21.5,D,0
-15.4307,134.9423,334.2,1.7,1.3,2014-01-08,0141,Terra,MODIS,76,6.2,312.4,35.3,D,0
-15.734,135.2834,331.6,1.8,1.3,2014-01-08,0141,Terra,MODIS,71,6.2,317.4,25.5,D,0
-15.5777,135.2985,338.5,1.8,1.3,2014-01-08,0141,Terra,MODIS,70,6.2,317.5,44.6,D,0
-15.1851,134.1774,372.3,1.5,1.2,2014-01-08,0141,Terra,MODIS,100,6.2,316.8,184.4,D,0
-15.6171,135.1687,343.5,1.8,1.3,2014-01-08,0141,Terra,MODIS,88,6.2,316.6,64,D,0
-16.8223,139.1278,313,3.7,1.8,2014-01-08,0141,Terra,MODIS,57,6.2,296.6,48.2,D,3
-16.8293,139.1207,312,3.7,1.8,2014-01-08,0141,Terra,MODIS,25,6.2,296.1,40.2,D,3
-16.9709,137.8092,326.7,3,1.6,2014-01-08,0141,Terra,MODIS,55,6.2,305.5,50.9,D,0
-16.9712,137.8038,325.8,3,1.6,2014-01-08,0141,Terra,MODIS,41,6.2,305.4,43.2,D,0
-16.9519,138.0485,327,3.1,1.7,2014-01-08,0141,Terra,MODIS,33,6.2,305.7,46.3,D,0
-16.9533,138.0709,327.7,3.1,1.7,2014-01-08,0141,Terra,MODIS,64,6.2,304.2,49.4,D,0
-17.0067,137.8625,326.6,3,1.6,2014-01-08,0141,Terra,MODIS,35,6.2,306.2,33.9,D,0
-17.0097,137.8898,326.8,3,1.6,2014-01-08,0141,Terra,MODIS,45,6.2,305,34.5,D,0
-17.0094,137.8845,328.6,3,1.6,2014-01-08,0141,Terra,MODIS,61,6.2,305.2,47.2,D,0
-17.0213,137.8551,325.2,3,1.6,2014-01-08,0141,Terra,MODIS,19,6.2,305,28.7,D,0
-17.0303,137.7972,330.1,3,1.6,2014-01-08,0141,Terra,MODIS,67,6.2,305.7,64.1,D,0
-19.0646,126.6336,340,1.1,1.1,2014-01-08,0142,Terra,MODIS,62,6.2,324.9,16.9,D,0
-19.095,126.5551,348.4,1.1,1.1,2014-01-08,0142,Terra,MODIS,90,6.2,324.9,39.8,D,0
-19.0968,126.5659,343.6,1.1,1.1,2014-01-08,0142,Terra,MODIS,83,6.2,326,27,D,0
-18.1896,133.4431,340.9,1.5,1.2,2014-01-08,0142,Terra,MODIS,82,6.2,323.2,33.3,D,0
-18.1914,133.4569,334.7,1.5,1.2,2014-01-08,0142,Terra,MODIS,59,6.2,322.3,15.6,D,0
-17.6439,127.3455,334,1.1,1,2014-01-08,0142,Terra,MODIS,52,6.2,322,13.9,D,0
-17.6423,127.3352,333.1,1.1,1,2014-01-08,0142,Terra,MODIS,47,6.2,319.2,12.6,D,0
-17.5974,127.3911,345.8,1.1,1,2014-01-08,0142,Terra,MODIS,88,6.2,321,36.4,D,0
-17.599,127.4014,334.5,1.1,1,2014-01-08,0142,Terra,MODIS,49,6.2,321.4,14.8,D,0
-17.6222,127.3659,338,1.1,1,2014-01-08,0142,Terra,MODIS,17,6.2,322.5,16.8,D,0
-17.6329,127.3369,337.8,1.1,1,2014-01-08,0142,Terra,MODIS,65,6.2,320.7,20,D,0
-17.9494,132.9121,353.4,1.3,1.1,2014-01-08,0142,Terra,MODIS,94,6.2,320.8,68.5,D,0
-18.0358,133.0365,353.9,1.4,1.2,2014-01-08,0142,Terra,MODIS,95,6.2,320.8,68.9,D,0
-17.9884,132.9131,343,1.3,1.1,2014-01-08,0142,Terra,MODIS,60,6.2,318.1,37.3,D,0
-18.0374,133.0494,417.5,1.4,1.2,2014-01-08,0142,Terra,MODIS,100,6.2,331.4,550.8,D,0
-18.0429,133.0094,350.3,1.4,1.2,2014-01-08,0142,Terra,MODIS,86,6.2,320.2,58,D,0
-18.0391,133.0623,351.4,1.4,1.2,2014-01-08,0142,Terra,MODIS,93,6.2,322.5,58.3,D,0
-17.9868,132.9005,345.7,1.3,1.1,2014-01-08,0142,Terra,MODIS,75,6.2,317.5,45.3,D,0
-17.9554,133.0407,333.3,1.4,1.2,2014-01-08,0142,Terra,MODIS,40,6.2,319,15.4,D,0
-18.1092,133.2337,336,1.4,1.2,2014-01-08,0142,Terra,MODIS,53,6.2,324.3,18.1,D,0
-18.0308,132.9979,340.4,1.4,1.2,2014-01-08,0142,Terra,MODIS,81,6.2,321,31.3,D,0
-18.0292,132.9852,341,1.4,1.2,2014-01-08,0142,Terra,MODIS,80,6.2,318.8,33.3,D,0
-18.0172,132.9738,346.4,1.4,1.2,2014-01-08,0142,Terra,MODIS,85,6.2,319.1,46.6,D,0
-18.0155,132.9611,338.6,1.4,1.2,2014-01-08,0142,Terra,MODIS,41,6.2,316.8,25.9,D,0
-18.0035,132.9498,336.1,1.4,1.2,2014-01-08,0142,Terra,MODIS,53,6.2,317.6,21.5,D,0
-17.9538,133.0279,347.6,1.4,1.2,2014-01-08,0142,Terra,MODIS,90,6.2,319.7,54,D,0
-18.1109,133.247,335.8,1.4,1.2,2014-01-08,0142,Terra,MODIS,58,6.2,322.8,18.8,D,0
-17.9461,132.8869,393.2,1.3,1.1,2014-01-08,0142,Terra,MODIS,100,6.2,321.3,296.5,D,0
-17.9358,132.8883,372.1,1.3,1.1,2014-01-08,0142,Terra,MODIS,100,6.2,319.1,158.2,D,0
-18.0512,133.0738,343.8,1.4,1.2,2014-01-08,0142,Terra,MODIS,65,6.2,323.6,34.6,D,0
-17.9477,132.8995,374.8,1.3,1.1,2014-01-08,0142,Terra,MODIS,100,6.2,322.6,167.7,D,0
-18.0479,133.0479,359,1.4,1.2,2014-01-08,0142,Terra,MODIS,99,6.2,324.1,89.9,D,0
-18.0445,133.0222,358.4,1.4,1.2,2014-01-08,0142,Terra,MODIS,98,6.2,323.1,89.1,D,0
-17.9521,133.0151,332.5,1.4,1.2,2014-01-08,0142,Terra,MODIS,35,6.2,318.8,14,D,0
-18.0495,133.0609,354.1,1.4,1.2,2014-01-08,0142,Terra,MODIS,95,6.2,323.8,68.1,D,0
-18.0019,132.9371,336.7,1.3,1.2,2014-01-08,0142,Terra,MODIS,76,6.2,316.7,24.4,D,0
-21.0428,120.948,336.2,2.5,1.5,2014-01-08,0143,Terra,MODIS,74,6.2,315.4,54.5,D,0
-21.0473,120.9719,331.5,2.5,1.5,2014-01-08,0143,Terra,MODIS,47,6.2,314.6,29.9,D,0
-21.0401,120.9668,336.3,2.5,1.5,2014-01-08,0143,Terra,MODIS,75,6.2,315.8,54.3,D,0
-21.2874,120.3493,336.3,2.7,1.6,2014-01-08,0143,Terra,MODIS,46,6.2,315.8,66,D,0
-21.2983,120.3537,336,2.7,1.6,2014-01-08,0143,Terra,MODIS,67,6.2,313.3,69.5,D,0
-21.2933,120.3281,340.2,2.7,1.6,2014-01-08,0143,Terra,MODIS,80,6.2,312.8,100.3,D,0
-21.2892,120.3824,338.3,2.7,1.6,2014-01-08,0143,Terra,MODIS,77,6.2,314.6,77.3,D,0
-22.6292,128.3711,363.9,1,1,2014-01-08,0143,Terra,MODIS,100,6.2,325.6,73.4,D,0
-22.6307,128.3808,337.2,1,1,2014-01-08,0143,Terra,MODIS,75,6.2,323.3,14.4,D,0
-22.6278,128.3614,373.6,1,1,2014-01-08,0143,Terra,MODIS,100,6.2,323.9,104.4,D,0
-23.9779,120.0916,332,2.5,1.5,2014-01-08,0144,Terra,MODIS,58,6.2,316.7,32.8,D,0
-23.9826,120.1154,333.8,2.5,1.5,2014-01-08,0144,Terra,MODIS,66,6.2,316.2,43,D,0
-28.7643,127.2973,339.1,1,1,2014-01-08,0145,Terra,MODIS,78,6.2,322.7,17.1,D,0
-28.7629,127.287,353.9,1,1,2014-01-08,0145,Terra,MODIS,95,6.2,323.2,46.6,D,0
-28.7716,127.2893,338.8,1,1,2014-01-08,0145,Terra,MODIS,78,6.2,319.9,18.5,D,0
-28.4084,122.7299,333.4,1.3,1.1,2014-01-08,0145,Terra,MODIS,62,6.2,320.1,14.3,D,0
-38.0943,145.1632,314.6,1,1,2014-01-08,0423,Aqua,MODIS,41,6.2,301.3,4.6,D,0
-38.0139,145.2625,319.3,1,1,2014-01-08,0423,Aqua,MODIS,30,6.2,303.4,4.8,D,0
-37.6738,140.4243,316.8,1.3,1.1,2014-01-08,0423,Aqua,MODIS,58,6.2,300.9,11.1,D,0
-38.3228,141.5782,316.2,1.2,1.1,2014-01-08,0423,Aqua,MODIS,62,6.2,297.2,10.6,D,0
-32.5117,148.5229,343.2,1.6,1.2,2014-01-08,0424,Aqua,MODIS,90,6.2,306.4,64.2,D,0
-26.3746,147.2432,338.9,1.8,1.3,2014-01-08,0426,Aqua,MODIS,0,6.2,275.8,76.1,D,0
-25.6666,140.3194,337.1,1,1,2014-01-08,0426,Aqua,MODIS,47,6.2,325.4,9.8,D,0
-25.668,140.3093,347.9,1,1,2014-01-08,0426,Aqua,MODIS,90,6.2,327.8,28.5,D,0
-25.6575,140.3179,352.4,1,1,2014-01-08,0426,Aqua,MODIS,94,6.2,328.5,38.4,D,0
-25.6589,140.3078,353.7,1,1,2014-01-08,0426,Aqua,MODIS,95,6.2,331.3,40.4,D,0
-25.6485,140.3163,362.7,1,1,2014-01-08,0426,Aqua,MODIS,100,6.2,327.5,64.8,D,0
-23.8638,146.3671,349.3,1.7,1.3,2014-01-08,0427,Aqua,MODIS,93,6.2,301.4,107.5,D,0
-23.8491,147.2195,327.8,2,1.4,2014-01-08,0427,Aqua,MODIS,67,6.2,283.9,51.8,D,0
-24.0621,146.6937,329.1,1.8,1.3,2014-01-08,0427,Aqua,MODIS,42,6.2,287.7,47.8,D,0
-22.2039,150.0059,318.5,3.4,1.7,2014-01-08,0427,Aqua,MODIS,66,6.2,292.6,43.7,D,0
-22.4,144.6055,366.7,1.4,1.2,2014-01-08,0427,Aqua,MODIS,100,6.2,306,148.2,D,0
-22.2112,150.0028,319,3.4,1.7,2014-01-08,0427,Aqua,MODIS,68,6.2,292.8,47.2,D,0
-22.4038,144.6137,335.4,1.4,1.2,2014-01-08,0427,Aqua,MODIS,74,6.2,305.1,32.1,D,0
-22.4061,144.6,361.8,1.4,1.2,2014-01-08,0427,Aqua,MODIS,100,6.2,307,124.5,D,0
-22.4024,144.5918,348.4,1.4,1.2,2014-01-08,0427,Aqua,MODIS,91,6.2,304.9,69.7,D,0
-18.6795,145.5397,339.6,1.9,1.4,2014-01-08,0428,Aqua,MODIS,86,6.2,295,81.6,D,0
-18.1391,145.395,339,1.9,1.4,2014-01-08,0428,Aqua,MODIS,81,6.2,299.9,80.7,D,0
-18.1359,145.4128,331.6,1.9,1.4,2014-01-08,0428,Aqua,MODIS,76,6.2,298.6,53.5,D,0
-19.1235,141.7055,346.8,1.1,1,2014-01-08,0428,Aqua,MODIS,69,6.2,315.8,40.8,D,0
-19.8236,144.4665,331.3,1.5,1.2,2014-01-08,0428,Aqua,MODIS,54,6.2,302.5,26.9,D,0
-18.1237,145.4104,326.7,1.9,1.4,2014-01-08,0428,Aqua,MODIS,63,6.2,295.2,38.4,D,0
-17.2516,145.1957,334.3,1.9,1.4,2014-01-08,0428,Aqua,MODIS,71,6.2,305.3,59.9,D,0
-18.7791,138.3997,337.3,1,1,2014-01-08,0428,Aqua,MODIS,75,6.2,318.4,12.7,D,0
-17.2973,145.2224,322.9,2,1.4,2014-01-08,0428,Aqua,MODIS,27,6.2,297.7,25.2,D,0
-19.1251,141.695,354,1.1,1,2014-01-08,0428,Aqua,MODIS,94,6.2,313.9,58.1,D,0
-15.2858,134.8978,340.5,1.4,1.2,2014-01-08,0429,Aqua,MODIS,80,6.2,319.5,31.5,D,0
-16.1603,134.6628,341,1.5,1.2,2014-01-08,0429,Aqua,MODIS,49,6.2,324.7,21,D,0
-15.4384,134.97,331.7,1.4,1.2,2014-01-08,0429,Aqua,MODIS,51,6.2,315.3,16.3,D,0
-15.5997,135.3116,340,1.3,1.1,2014-01-08,0429,Aqua,MODIS,44,6.2,324.2,16.5,D,0
-15.3714,135.0334,338.9,1.4,1.2,2014-01-08,0429,Aqua,MODIS,78,6.2,317.4,26.2,D,0
-15.525,135.1822,381.5,1.3,1.2,2014-01-08,0429,Aqua,MODIS,100,6.2,317.8,212,D,0
-15.4353,134.9509,345.6,1.4,1.2,2014-01-08,0429,Aqua,MODIS,87,6.2,318.7,48.8,D,0
-15.437,134.938,347.4,1.4,1.2,2014-01-08,0429,Aqua,MODIS,89,6.2,316,55.3,D,0
-15.7289,135.3487,341.8,1.3,1.1,2014-01-08,0429,Aqua,MODIS,83,6.2,322.3,29.4,D,0
-15.1612,134.2474,344.9,1.5,1.2,2014-01-08,0429,Aqua,MODIS,87,6.2,321.8,44.3,D,0
-15.1588,134.2564,343.8,1.5,1.2,2014-01-08,0429,Aqua,MODIS,86,6.2,320.7,41.3,D,0
-15.0705,133.5119,349.9,1.7,1.3,2014-01-08,0429,Aqua,MODIS,93,6.2,317.7,88.4,D,0
-15.867,141.503,333.1,1.2,1.1,2014-01-08,0429,Aqua,MODIS,74,6.2,306.8,22.4,D,0
-15.6025,135.1545,350.6,1.4,1.2,2014-01-08,0429,Aqua,MODIS,70,6.2,322.8,53.7,D,0
-15.5838,135.2717,343.6,1.3,1.1,2014-01-08,0429,Aqua,MODIS,28,6.2,323.7,29.2,D,0
-15.5925,135.2855,350.9,1.3,1.1,2014-01-08,0429,Aqua,MODIS,83,6.2,321.6,47,D,0
-15.1412,141.7025,320.1,1.2,1.1,2014-01-08,0429,Aqua,MODIS,21,6.2,295,9.5,D,0
-15.1478,134.255,343.2,1.5,1.2,2014-01-08,0429,Aqua,MODIS,59,6.2,322.3,35.6,D,0
-16.4477,144.5882,330.7,1.8,1.3,2014-01-08,0429,Aqua,MODIS,63,6.2,304.1,29.9,D,0
-15.6377,135.1777,365.7,1.4,1.2,2014-01-08,0429,Aqua,MODIS,100,6.2,327.1,109.7,D,0
-15.4264,134.9365,368.8,1.4,1.2,2014-01-08,0429,Aqua,MODIS,100,6.2,318.4,146,D,0
-15.591,135.2978,344.8,1.3,1.1,2014-01-08,0429,Aqua,MODIS,45,6.2,324.4,27,D,0
-15.5577,135.1739,344.4,1.4,1.2,2014-01-08,0429,Aqua,MODIS,65,6.2,319.6,37.7,D,0
-15.4281,134.9236,339.1,1.4,1.2,2014-01-08,0429,Aqua,MODIS,79,6.2,314.8,33.4,D,0
-15.1887,135.4349,353.2,1.3,1.1,2014-01-08,0429,Aqua,MODIS,95,6.2,315.4,67.6,D,0
-15.7375,135.3623,344,1.3,1.1,2014-01-08,0429,Aqua,MODIS,82,6.2,319.2,34.4,D,0
-15.4093,134.9866,336,1.4,1.2,2014-01-08,0429,Aqua,MODIS,46,6.2,317.5,19.8,D,0
-15.1595,134.2617,340.4,1.5,1.2,2014-01-08,0429,Aqua,MODIS,82,6.2,320,30,D,0
-15.0724,133.496,334.2,1.7,1.3,2014-01-08,0429,Aqua,MODIS,61,6.2,315.8,27.1,D,0
-15.7391,135.3499,345.3,1.3,1.1,2014-01-08,0429,Aqua,MODIS,81,6.2,322,37.3,D,0
-15.6289,135.1637,362.9,1.4,1.2,2014-01-08,0429,Aqua,MODIS,100,6.2,324.6,95.7,D,0
-16.4359,144.586,327.3,1.8,1.3,2014-01-08,0429,Aqua,MODIS,42,6.2,302,21,D,0
-16.1094,135.9396,345.9,1.2,1.1,2014-01-08,0429,Aqua,MODIS,88,6.2,322.1,34.8,D,0
-15.7273,135.3609,335.8,1.3,1.1,2014-01-08,0429,Aqua,MODIS,55,6.2,319,16,D,0
-16.1109,135.9281,341.3,1.2,1.1,2014-01-08,0429,Aqua,MODIS,82,6.2,321.2,23.6,D,0
-15.7472,135.2882,348.5,1.3,1.1,2014-01-08,0429,Aqua,MODIS,90,6.2,322.4,47.7,D,0
-15.1276,134.2375,340.5,1.5,1.2,2014-01-08,0429,Aqua,MODIS,82,6.2,323.3,32.1,D,0
-15.2874,134.8849,341.7,1.4,1.2,2014-01-08,0429,Aqua,MODIS,73,6.2,315.2,35.7,D,0
-15.5266,135.1696,345.1,1.4,1.2,2014-01-08,0429,Aqua,MODIS,69,6.2,314.6,47.3,D,0
-15.6081,135.1608,349.5,1.4,1.2,2014-01-08,0429,Aqua,MODIS,31,6.2,324.4,40.9,D,0
-15.382,134.8644,339.5,1.4,1.2,2014-01-08,0429,Aqua,MODIS,70,6.2,317.6,33.1,D,0
-15.5354,135.1836,344.7,1.3,1.2,2014-01-08,0429,Aqua,MODIS,64,6.2,318,42.5,D,0
-15.1643,134.2133,347.8,1.5,1.2,2014-01-08,0429,Aqua,MODIS,73,6.2,321.6,50.7,D,0
-15.1665,134.2042,354.7,1.6,1.2,2014-01-08,0429,Aqua,MODIS,96,6.2,324.2,80.5,D,0
-15.0661,133.5165,348,1.7,1.3,2014-01-08,0429,Aqua,MODIS,91,6.2,318.1,76.3,D,0
-15.3819,135.0348,334.2,1.4,1.2,2014-01-08,0429,Aqua,MODIS,49,6.2,317.5,16.9,D,0
-15.068,133.5005,349,1.7,1.3,2014-01-08,0429,Aqua,MODIS,92,6.2,316.1,81.7,D,0
-15.1258,134.2517,341.3,1.5,1.2,2014-01-08,0429,Aqua,MODIS,83,6.2,321.9,35,D,0
-17.6875,133.4329,338.3,1.9,1.4,2014-01-08,0429,Aqua,MODIS,77,6.2,325.6,32,D,0
-15.6393,135.1652,347,1.4,1.2,2014-01-08,0429,Aqua,MODIS,39,6.2,322.8,37.9,D,0
-16.7752,137.6757,339,1.1,1,2014-01-08,0429,Aqua,MODIS,79,6.2,312.2,21.6,D,0
-17.0548,137.7865,348,1,1,2014-01-08,0429,Aqua,MODIS,90,6.2,309.4,43.3,D,0
-17.0561,137.7767,335.7,1,1,2014-01-08,0429,Aqua,MODIS,72,6.2,305.3,22.4,D,0
-17.0456,137.7852,352.1,1,1,2014-01-08,0429,Aqua,MODIS,94,6.2,310.6,52.7,D,0
-17.0469,137.7754,332.6,1,1,2014-01-08,0429,Aqua,MODIS,57,6.2,306.3,17.5,D,0
-17.0364,137.7838,358.1,1,1,2014-01-08,0429,Aqua,MODIS,98,6.2,310.1,66.2,D,0
-17.0272,137.7824,331.1,1,1,2014-01-08,0429,Aqua,MODIS,37,6.2,308.3,11.3,D,0
-16.7817,137.6967,337.5,1.1,1,2014-01-08,0429,Aqua,MODIS,76,6.2,308.2,20.9,D,0
-16.969,137.807,331.6,1,1,2014-01-08,0429,Aqua,MODIS,42,6.2,309.2,9.4,D,0
-16.9703,137.7972,333.4,1,1,2014-01-08,0429,Aqua,MODIS,59,6.2,310,11.9,D,0
-16.9795,138.0624,341.3,1,1,2014-01-08,0429,Aqua,MODIS,82,6.2,311.5,21.7,D,0
-16.9613,138.0596,345.1,1,1,2014-01-08,0429,Aqua,MODIS,87,6.2,312.2,26.2,D,0
-16.783,137.6869,366.2,1.1,1,2014-01-08,0429,Aqua,MODIS,100,6.2,311.3,91.4,D,0
-17.0004,138.0459,334.4,1,1,2014-01-08,0429,Aqua,MODIS,69,6.2,309.2,12.4,D,0
-17.0017,138.0362,348.3,1,1,2014-01-08,0429,Aqua,MODIS,90,6.2,310.4,37.6,D,0
-16.9808,138.0527,341.6,1,1,2014-01-08,0429,Aqua,MODIS,82,6.2,312.1,21.1,D,0
-16.9899,138.0541,342.7,1,1,2014-01-08,0429,Aqua,MODIS,84,6.2,310.4,24.6,D,0
-17.0534,137.7963,336.7,1,1,2014-01-08,0429,Aqua,MODIS,74,6.2,308.1,19.8,D,0
-17.0335,137.8731,362.8,1,1,2014-01-08,0429,Aqua,MODIS,100,6.2,308.4,75.1,D,0
-17.0348,137.8634,369.2,1,1,2014-01-08,0429,Aqua,MODIS,100,6.2,307.4,99.7,D,0
-17.0416,137.8145,365.8,1,1,2014-01-08,0429,Aqua,MODIS,100,6.2,310.6,89.6,D,0
-17.0429,137.8047,357.3,1,1,2014-01-08,0429,Aqua,MODIS,98,6.2,311.7,63.4,D,0
-17.0442,137.795,335.4,1,1,2014-01-08,0429,Aqua,MODIS,71,6.2,310.5,17.7,D,0
-17.0244,137.8717,344,1,1,2014-01-08,0429,Aqua,MODIS,76,6.2,312.2,27.7,D,0
-17.0257,137.8619,349,1,1,2014-01-08,0429,Aqua,MODIS,91,6.2,311.9,41.8,D,0
-17.027,137.8522,349.5,1,1,2014-01-08,0429,Aqua,MODIS,91,6.2,309.7,44.6,D,0
-17.0324,137.8131,338.3,1,1,2014-01-08,0429,Aqua,MODIS,74,6.2,308.7,21.5,D,0
-17.035,137.7936,341.3,1,1,2014-01-08,0429,Aqua,MODIS,82,6.2,311.5,25.4,D,0
-17.0139,137.88,344.1,1,1,2014-01-08,0429,Aqua,MODIS,86,6.2,311,25.9,D,0
-17.0152,137.8702,337,1,1,2014-01-08,0429,Aqua,MODIS,72,6.2,311.6,13.2,D,0
-17.0165,137.8605,335.7,1,1,2014-01-08,0429,Aqua,MODIS,60,6.2,311.2,13.6,D,0
-17.0179,137.8507,332.9,1,1,2014-01-08,0429,Aqua,MODIS,19,6.2,308.7,10.6,D,0
-17.0258,137.7923,343.3,1,1,2014-01-08,0429,Aqua,MODIS,85,6.2,310.4,30,D,0
-17.0047,137.8787,345.2,1,1,2014-01-08,0429,Aqua,MODIS,87,6.2,310,29.9,D,0
-17.006,137.8689,335.8,1,1,2014-01-08,0429,Aqua,MODIS,60,6.2,311.2,13.8,D,0
-16.9969,137.8674,341.8,1,1,2014-01-08,0429,Aqua,MODIS,83,6.2,309.6,25.7,D,0
-17.9883,130.367,341.9,3.3,1.7,2014-01-08,0429,Aqua,MODIS,83,6.2,316.5,157.1,D,0
-18.0038,130.3688,358.2,3.3,1.7,2014-01-08,0429,Aqua,MODIS,98,6.2,317.5,355,D,0
-17.9899,130.3938,336.3,3.3,1.7,2014-01-08,0429,Aqua,MODIS,75,6.2,316.2,102.9,D,0
-17.9931,130.3627,352.4,3.3,1.7,2014-01-08,0429,Aqua,MODIS,94,6.2,317.3,274.6,D,0
-17.977,132.9444,337.6,2.1,1.4,2014-01-08,0429,Aqua,MODIS,27,6.2,323,31.2,D,0
-17.9774,132.9516,337.7,2.1,1.4,2014-01-08,0429,Aqua,MODIS,32,6.2,322.4,30.9,D,0
-18.165,133.2421,344,2,1.4,2014-01-08,0429,Aqua,MODIS,70,6.2,327.2,47,D,0
-17.9945,132.9134,347.3,2.1,1.4,2014-01-08,0429,Aqua,MODIS,46,6.2,325,75.5,D,0
-18.1151,133.2359,361,2,1.4,2014-01-08,0429,Aqua,MODIS,100,6.2,327.1,159.8,D,0
-18.113,133.2549,342.1,2,1.4,2014-01-08,0429,Aqua,MODIS,68,6.2,325.4,47.4,D,0
-17.9434,132.9001,334.2,2.1,1.4,2014-01-08,0429,Aqua,MODIS,60,6.2,319.2,31.4,D,0
-18.1254,133.23,346.1,2,1.4,2014-01-08,0429,Aqua,MODIS,53,6.2,329.1,58.9,D,0
-18.1276,133.2375,354.7,2,1.4,2014-01-08,0429,Aqua,MODIS,96,6.2,329,111.3,D,0
-18.0387,132.9792,342.1,2.1,1.4,2014-01-08,0429,Aqua,MODIS,61,6.2,323.9,49.5,D,0
-18.1255,133.2564,344.4,2,1.4,2014-01-08,0429,Aqua,MODIS,69,6.2,326.4,55.6,D,0
-18.1232,133.2489,360.5,2,1.4,2014-01-08,0429,Aqua,MODIS,100,6.2,328.3,155.4,D,0
-17.9457,132.88,332.5,2.1,1.4,2014-01-08,0429,Aqua,MODIS,54,6.2,319,26.8,D,0
-18.0073,132.9149,352.2,2.1,1.4,2014-01-08,0429,Aqua,MODIS,94,6.2,323.9,107,D,0
-18.0364,132.9989,344.5,2.1,1.4,2014-01-08,0429,Aqua,MODIS,78,6.2,328.6,59.5,D,0
-18.0384,132.9838,348.3,2.1,1.4,2014-01-08,0429,Aqua,MODIS,71,6.2,324.8,81.1,D,0
-13.4616,135.7111,335.5,1.2,1.1,2014-01-08,0430,Aqua,MODIS,77,6.2,306,20.4,D,0
-13.4854,135.681,337.7,1.2,1.1,2014-01-08,0430,Aqua,MODIS,80,6.2,306.2,29.8,D,0
-13.4713,135.7124,338.7,1.2,1.1,2014-01-08,0430,Aqua,MODIS,76,6.2,307.2,24.9,D,0
-14.7644,131.5454,327.6,2.4,1.5,2014-01-08,0430,Aqua,MODIS,66,6.2,307.8,43.7,D,0
-13.4937,135.6933,346.3,1.2,1.1,2014-01-08,0430,Aqua,MODIS,90,6.2,309.5,44.6,D,0
-14.7583,131.5494,324.7,2.4,1.5,2014-01-08,0430,Aqua,MODIS,53,6.2,307,31,D,0
-13.4952,135.6824,369.4,1.2,1.1,2014-01-08,0430,Aqua,MODIS,100,6.2,309.8,124.6,D,0
-30.1872,115.5213,344.8,1.1,1,2014-01-08,0604,Aqua,MODIS,86,6.2,320.8,30.4,D,0
-30.1887,115.51,336.2,1.1,1,2014-01-08,0604,Aqua,MODIS,72,6.2,319.1,14.1,D,0
-30.8696,121.4873,337.1,1.3,1.1,2014-01-08,0604,Aqua,MODIS,72,6.2,320.1,15.7,D,0
-30.8678,121.4939,337.7,1.3,1.1,2014-01-08,0604,Aqua,MODIS,76,6.2,320.3,17.5,D,2
-28.4184,122.7196,341.4,1.7,1.3,2014-01-08,0604,Aqua,MODIS,77,6.2,327.7,25.3,D,0
-28.7652,127.2286,344.9,3.3,1.7,2014-01-08,0604,Aqua,MODIS,86,6.2,320.3,148.4,D,0
-28.7578,127.2618,338,3.3,1.7,2014-01-08,0604,Aqua,MODIS,76,6.2,321.2,82.8,D,0
-28.7764,127.2394,340.2,3.3,1.7,2014-01-08,0604,Aqua,MODIS,80,6.2,321.5,93.5,D,0
-28.7688,127.2727,336.4,3.3,1.7,2014-01-08,0604,Aqua,MODIS,45,6.2,322.5,60.3,D,0
-22.1348,115.5437,345.8,1,1,2014-01-08,0606,Aqua,MODIS,87,6.2,326.3,17.9,D,0
-22.2339,121.1145,347.8,1.7,1.3,2014-01-08,0606,Aqua,MODIS,88,6.2,325.5,55.3,D,0
-22.2459,121.1274,342.7,1.7,1.3,2014-01-08,0606,Aqua,MODIS,60,6.2,325.8,31.8,D,0
-22.2344,121.125,357.8,1.7,1.3,2014-01-08,0606,Aqua,MODIS,98,6.2,326.3,105.9,D,0
-22.2373,121.1083,345.4,1.7,1.3,2014-01-08,0606,Aqua,MODIS,85,6.2,326.4,46,D,0
-22.1501,115.5661,342.9,1,1,2014-01-08,0606,Aqua,MODIS,72,6.2,326.2,11.9,D,0
-22.2424,121.1336,347.1,1.7,1.3,2014-01-08,0606,Aqua,MODIS,89,6.2,325.7,48.4,D,0
-22.2454,121.117,356.7,1.7,1.3,2014-01-08,0606,Aqua,MODIS,97,6.2,328,98.1,D,0
-22.1335,115.5534,353.9,1,1,2014-01-08,0606,Aqua,MODIS,95,6.2,326.7,35.3,D,0
-22.9737,118.1701,338.8,1.1,1.1,2014-01-08,0606,Aqua,MODIS,69,6.2,322.8,13.8,D,0
-23.9856,120.1034,343.2,1.4,1.2,2014-01-08,0606,Aqua,MODIS,81,6.2,327.9,18.1,D,0
-21.3018,120.3226,340.3,1.6,1.2,2014-01-08,0606,Aqua,MODIS,25,6.2,323.1,24.3,D,0
-21.6597,121.6275,356.8,1.9,1.4,2014-01-08,0606,Aqua,MODIS,97,6.2,325.7,115.2,D,0
-21.0268,120.9686,349.1,1.8,1.3,2014-01-08,0606,Aqua,MODIS,91,6.2,325.5,61.3,D,0
-21.2298,120.3327,376.1,1.6,1.2,2014-01-08,0606,Aqua,MODIS,100,6.2,326.7,218.5,D,0
-21.2272,120.3479,363.7,1.6,1.2,2014-01-08,0606,Aqua,MODIS,100,6.2,322.4,135.8,D,0
-21.0385,120.971,357.8,1.8,1.3,2014-01-08,0606,Aqua,MODIS,98,6.2,325.6,109.3,D,0
-21.7192,121.6646,345.4,1.9,1.4,2014-01-08,0606,Aqua,MODIS,78,6.2,327.5,42.8,D,0
-21.6742,121.6359,343.4,1.9,1.4,2014-01-08,0606,Aqua,MODIS,39,6.2,326.4,32.6,D,0
-21.6718,121.6301,364.2,1.9,1.4,2014-01-08,0606,Aqua,MODIS,100,6.2,328.3,166.4,D,0
-21.663,121.6091,351.4,1.9,1.4,2014-01-08,0606,Aqua,MODIS,93,6.2,325.5,79.8,D,0
-21.6751,121.6116,345.2,1.9,1.4,2014-01-08,0606,Aqua,MODIS,87,6.2,329.3,45.5,D,0
-21.4853,119.3162,338.6,1.4,1.2,2014-01-08,0606,Aqua,MODIS,63,6.2,322.2,14.8,D,0
-23.8768,146.3628,305.1,4.6,2,2014-01-08,1213,Terra,MODIS,29,6.2,288.7,44.7,N,0
-23.8778,146.3577,304.9,4.6,2,2014-01-08,1213,Terra,MODIS,54,6.2,288.9,46.4,N,0
-23.8599,146.3566,302.6,4.6,2,2014-01-08,1213,Terra,MODIS,24,6.2,289,33.3,N,0
-23.8824,147.2566,308.1,4,1.9,2014-01-08,1213,Terra,MODIS,74,6.2,288.6,53.7,N,0
-23.878,147.251,307.5,4,1.9,2014-01-08,1213,Terra,MODIS,20,6.2,288.5,47,N,0
-23.8476,147.2083,304.1,4,1.9,2014-01-08,1213,Terra,MODIS,18,6.2,288.6,35.8,N,0
-24.0499,146.702,306.3,4.4,1.9,2014-01-08,1213,Terra,MODIS,64,6.2,287.8,58.2,N,0
-24.053,146.6581,301,4.4,1.9,2014-01-08,1213,Terra,MODIS,37,6.2,283.5,33.5,N,0
-24.049,146.6967,307.9,4.4,1.9,2014-01-08,1213,Terra,MODIS,73,6.2,287.3,68,N,0
-23.8795,147.2944,305.9,3.9,1.8,2014-01-08,1213,Terra,MODIS,59,6.2,288.6,42.2,N,0
-23.8749,147.2887,306.4,3.9,1.8,2014-01-08,1213,Terra,MODIS,9,6.2,288.5,40.9,N,0
-33.0144,137.5907,306.1,1.1,1,2014-01-08,1349,Terra,MODIS,23,6.2,291.3,7.3,N,2
-33.007,137.5769,301.3,1.1,1,2014-01-08,1349,Terra,MODIS,18,6.2,291,4.8,N,0
-28.4007,122.7025,322.8,4.3,1.9,2014-01-08,1351,Terra,MODIS,100,6.2,299.6,141.3,N,0
-28.3996,122.6956,328.8,4.3,1.9,2014-01-08,1351,Terra,MODIS,100,6.2,299.9,198.2,N,0
-28.3821,122.6945,333.3,4.3,1.9,2014-01-08,1351,Terra,MODIS,100,6.2,299.4,246.6,N,0
-28.381,122.6894,323.3,4.3,1.9,2014-01-08,1351,Terra,MODIS,100,6.2,299.3,145.5,N,0
-18.0201,132.9677,315,1,1,2014-01-08,1353,Terra,MODIS,90,6.2,297.3,12.4,N,0
-18.0355,132.9904,311.5,1,1,2014-01-08,1353,Terra,MODIS,83,6.2,297,10.1,N,0
-17.9999,132.9143,307.5,1,1,2014-01-08,1353,Terra,MODIS,62,6.2,295.8,6.6,N,0
-18.1517,133.2552,311.9,1.1,1,2014-01-08,1353,Terra,MODIS,84,6.2,296.7,10.5,N,0
-18.161,133.2568,314.7,1.1,1,2014-01-08,1353,Terra,MODIS,90,6.2,296.4,13,N,0
-18.0292,132.9693,306,1,1,2014-01-08,1353,Terra,MODIS,20,6.2,295.8,5.5,N,0
-18.0278,132.9791,311,1,1,2014-01-08,1353,Terra,MODIS,81,6.2,297.2,9.5,N,0
-18.0369,132.9806,313.5,1,1,2014-01-08,1353,Terra,MODIS,87,6.2,296.1,11.2,N,0
-17.9845,132.8917,330.4,1,1,2014-01-08,1353,Terra,MODIS,100,6.2,298,29.2,N,0
-15.7407,135.2969,312.9,1.4,1.2,2014-01-08,1354,Terra,MODIS,81,6.2,298.9,13.2,N,0
-15.1959,134.179,314.2,1.3,1.1,2014-01-08,1354,Terra,MODIS,39,6.2,299.1,10.5,N,0
-15.1977,134.1674,343.1,1.3,1.1,2014-01-08,1354,Terra,MODIS,100,6.2,300.4,61.9,N,0
-15.1871,134.1716,315.1,1.3,1.1,2014-01-08,1354,Terra,MODIS,60,6.2,299.1,12.2,N,0
-15.1878,134.1658,312.6,1.3,1.1,2014-01-08,1354,Terra,MODIS,61,6.2,299,9.6,N,0
-18.0045,130.3679,308.2,1,1,2014-01-08,1354,Terra,MODIS,74,6.2,294.4,7.2,N,0
-23.9745,120.0892,309,4.7,2,2014-01-08,1530,Terra,MODIS,64,6.2,296,60.3,N,0
-23.9727,120.0933,310.1,4.7,2,2014-01-08,1530,Terra,MODIS,70,6.2,295.8,68.4,N,0
-19.1022,126.5569,305.9,1,1,2014-01-08,1700,Aqua,MODIS,66,6.2,293.6,5.7,N,0
-19.1036,126.5665,309,1,1,2014-01-08,1700,Aqua,MODIS,76,6.2,293.1,8,N,0
-21.2309,120.3664,356.2,1.6,1.3,2014-01-08,1701,Aqua,MODIS,100,6.2,302.3,149,N,0
-21.2926,120.3946,331.2,1.6,1.2,2014-01-08,1701,Aqua,MODIS,100,6.2,301.5,52.6,N,0
-21.3038,120.3923,336.4,1.6,1.2,2014-01-08,1701,Aqua,MODIS,100,6.2,301.6,68.1,N,0
-21.6297,121.6076,313.6,1.3,1.1,2014-01-08,1701,Aqua,MODIS,86,6.2,296.7,16.7,N,0
-21.7016,121.6782,311.6,1.3,1.1,2014-01-08,1701,Aqua,MODIS,81,6.2,296.9,13.9,N,0
-21.2956,120.3465,312.7,1.6,1.3,2014-01-08,1701,Aqua,MODIS,83,6.2,299.8,15.6,N,0
-21.2814,120.397,310.6,1.6,1.2,2014-01-08,1701,Aqua,MODIS,63,6.2,300.1,11,N,0
-21.2591,120.4016,323.5,1.6,1.2,2014-01-08,1701,Aqua,MODIS,100,6.2,301.8,34.7,N,0
-21.2614,120.4082,317.5,1.6,1.2,2014-01-08,1701,Aqua,MODIS,95,6.2,301,22.2,N,0
-21.2587,120.3928,313.8,1.6,1.3,2014-01-08,1701,Aqua,MODIS,86,6.2,299.9,15.7,N,0
-21.2502,120.4103,335.5,1.6,1.2,2014-01-08,1701,Aqua,MODIS,100,6.2,302,64.7,N,0
-21.2475,120.3951,345.4,1.6,1.3,2014-01-08,1701,Aqua,MODIS,100,6.2,302.2,98.5,N,0
-21.301,120.377,331.2,1.6,1.3,2014-01-08,1701,Aqua,MODIS,100,6.2,301.3,52.6,N,0
-21.2899,120.3794,320.4,1.6,1.3,2014-01-08,1701,Aqua,MODIS,100,6.2,299.8,27,N,0
-21.2282,120.3511,314.7,1.6,1.3,2014-01-08,1701,Aqua,MODIS,88,6.2,298,20.7,N,0
-28.3871,122.6997,306.3,1,1,2014-01-08,1703,Aqua,MODIS,65,6.2,296.2,5.5,N,0
-28.3887,122.7101,312.8,1,1,2014-01-08,1703,Aqua,MODIS,85,6.2,296.8,10.2,N,0
-30.8636,121.4904,304.7,1,1,2014-01-08,1704,Aqua,MODIS,61,6.2,293.4,6.3,N,2
-17.0472,137.772,328.9,1.8,1.3,2014-01-09,0046,Terra,MODIS,56,6.2,300.1,25.8,D,0
-16.7927,137.6543,323.7,1.9,1.3,2014-01-09,0046,Terra,MODIS,49,6.2,296.9,21.3,D,0
-16.7887,137.6621,324.2,1.9,1.3,2014-01-09,0046,Terra,MODIS,45,6.2,296.6,19.4,D,0
-16.7958,137.6717,323.5,1.9,1.3,2014-01-09,0046,Terra,MODIS,47,6.2,296.5,21,D,0
-18.4253,141.3186,336.3,1.1,1,2014-01-09,0046,Terra,MODIS,79,6.2,306.5,17.3,D,0
-18.4192,141.3403,331.6,1.1,1,2014-01-09,0046,Terra,MODIS,71,6.2,306.6,8.8,D,0
-18.4176,141.3302,337.5,1.1,1,2014-01-09,0046,Terra,MODIS,81,6.2,306.3,18.7,D,0
-18.4269,141.3287,333.4,1.1,1,2014-01-09,0046,Terra,MODIS,75,6.2,306.7,12.4,D,0
-16.1522,145.1051,315.5,1.1,1,2014-01-09,0046,Terra,MODIS,47,6.2,298.8,9.7,D,0
-15.1969,134.1823,325.3,3.7,1.8,2014-01-09,0046,Terra,MODIS,64,6.2,289.6,80.6,D,0
-18.7964,144.7601,331.4,1.1,1,2014-01-09,0046,Terra,MODIS,68,6.2,304.7,22.1,D,0
-17.2816,145.2324,325.3,1.1,1,2014-01-09,0046,Terra,MODIS,37,6.2,301.6,14.4,D,0
-15.2037,134.1735,325.6,3.7,1.8,2014-01-09,0046,Terra,MODIS,73,6.2,288.5,82.1,D,0
-17.2708,145.2236,326.9,1.1,1,2014-01-09,0046,Terra,MODIS,53,6.2,300.4,17.5,D,0
-18.0556,132.9902,338.2,3.9,1.8,2014-01-09,0047,Terra,MODIS,82,6.2,308.4,179.4,D,0
-18.0433,132.9603,367.4,3.9,1.8,2014-01-09,0047,Terra,MODIS,100,6.2,309.1,675.9,D,0
-18.0577,133.0336,337.8,3.9,1.8,2014-01-09,0047,Terra,MODIS,81,6.2,309.8,161.2,D,0
-18.0317,132.9571,356.5,3.9,1.8,2014-01-09,0047,Terra,MODIS,97,6.2,310.3,450.1,D,0
-18.063,133.0267,334.4,3.9,1.8,2014-01-09,0047,Terra,MODIS,71,6.2,308.7,133.8,D,0
-18.0703,133.0629,336.2,3.9,1.8,2014-01-09,0047,Terra,MODIS,77,6.2,309.5,150.1,D,0
-18.0268,132.964,334.2,3.9,1.8,2014-01-09,0047,Terra,MODIS,66,6.2,310.4,133.1,D,0
-18.0482,132.9535,342.9,3.9,1.8,2014-01-09,0047,Terra,MODIS,87,6.2,307.2,244.4,D,0
-25.4929,139.9951,335.1,1,1,2014-01-09,0048,Terra,MODIS,70,6.2,313.5,12,D,0
-25.5021,139.9934,355.4,1,1,2014-01-09,0048,Terra,MODIS,96,6.2,314.9,53.4,D,0
-25.5037,140.0037,338.8,1,1,2014-01-09,0048,Terra,MODIS,78,6.2,314.1,17.6,D,0
-25.5112,139.9917,344.8,1,1,2014-01-09,0048,Terra,MODIS,86,6.2,313.3,29.5,D,0
-25.671,140.3036,334.3,1,1,2014-01-09,0048,Terra,MODIS,69,6.2,312.4,12.5,D,0
-25.6725,140.3138,337.6,1,1,2014-01-09,0048,Terra,MODIS,76,6.2,310.9,18.6,D,0
-25.6801,140.3019,355.8,1,1,2014-01-09,0048,Terra,MODIS,97,6.2,313.7,54.3,D,0
-25.6816,140.3121,363.6,1,1,2014-01-09,0048,Terra,MODIS,100,6.2,312.2,76.6,D,0
-25.6891,140.3002,347,1,1,2014-01-09,0048,Terra,MODIS,89,6.2,312.6,34.2,D,0
-25.6907,140.3104,337.2,1,1,2014-01-09,0048,Terra,MODIS,76,6.2,311.5,17.2,D,0
-25.6982,140.2985,338.3,1,1,2014-01-09,0048,Terra,MODIS,78,6.2,310.8,18.9,D,0
-37.8108,144.7661,320.9,1.8,1.3,2014-01-09,0051,Terra,MODIS,54,6.2,301.6,11.3,D,0
-19.112,126.5544,335.7,2.9,1.6,2014-01-09,0225,Terra,MODIS,27,6.2,323.1,57.2,D,0
-19.1267,126.5531,341.5,2.9,1.6,2014-01-09,0225,Terra,MODIS,82,6.2,322.5,106.5,D,0
-18.7084,126.1404,352.7,2.7,1.6,2014-01-09,0225,Terra,MODIS,94,6.2,318,197.6,D,0
-18.7018,126.1209,332.4,2.7,1.6,2014-01-09,0225,Terra,MODIS,53,6.2,319.7,48.4,D,0
-18.7046,126.1462,330.7,2.7,1.6,2014-01-09,0225,Terra,MODIS,44,6.2,317.2,33.2,D,0
-17.6068,127.4395,336.3,3.3,1.7,2014-01-09,0225,Terra,MODIS,71,6.2,313.5,115.1,D,0
-17.5733,127.388,326.5,3.2,1.7,2014-01-09,0225,Terra,MODIS,29,6.2,312.6,48.6,D,0
-17.61,127.4707,329.5,3.3,1.7,2014-01-09,0225,Terra,MODIS,49,6.2,310.8,68.3,D,0
-22.2601,121.1387,345,1.3,1.1,2014-01-09,0226,Terra,MODIS,87,6.2,321.8,37.8,D,0
-22.2585,121.1258,365.8,1.3,1.1,2014-01-09,0226,Terra,MODIS,100,6.2,321.9,115.3,D,0
-21.6611,121.6407,341.9,1.4,1.2,2014-01-09,0226,Terra,MODIS,49,6.2,324.8,26.6,D,0
-21.0313,120.9868,344.4,1.3,1.1,2014-01-09,0226,Terra,MODIS,86,6.2,324.8,35.2,D,0
-21.0298,120.9747,338.4,1.3,1.1,2014-01-09,0226,Terra,MODIS,77,6.2,323.9,19,D,0
-21.746,121.6778,339.6,1.4,1.2,2014-01-09,0226,Terra,MODIS,18,6.2,325.3,22.3,D,0
-21.0398,120.9733,349.9,1.3,1.1,2014-01-09,0226,Terra,MODIS,92,6.2,323.2,47.2,D,0
-21.0414,120.9854,358.5,1.3,1.1,2014-01-09,0226,Terra,MODIS,98,6.2,322.7,77.3,D,0
-21.6978,121.6771,343,1.4,1.2,2014-01-09,0226,Terra,MODIS,63,6.2,328,29.7,D,0
-21.6995,121.6907,340.1,1.4,1.2,2014-01-09,0226,Terra,MODIS,64,6.2,324,23.8,D,0
-21.7354,121.6792,341.3,1.4,1.2,2014-01-09,0226,Terra,MODIS,59,6.2,326.2,25.9,D,0
-22.2498,121.1402,347.3,1.3,1.1,2014-01-09,0226,Terra,MODIS,89,6.2,323.7,42.4,D,0
-22.2482,121.1273,352.8,1.3,1.1,2014-01-09,0226,Terra,MODIS,94,6.2,326.4,61.1,D,0
-24.0001,120.1096,346.6,1.2,1.1,2014-01-09,0227,Terra,MODIS,64,6.2,323.7,28.6,D,0
-23.9917,120.1231,352.1,1.2,1.1,2014-01-09,0227,Terra,MODIS,93,6.2,324.9,42.6,D,0
-24.0001,120.1037,343,1.2,1.1,2014-01-09,0227,Terra,MODIS,52,6.2,324.2,22.9,D,0
-24.0016,120.1157,342.3,1.2,1.1,2014-01-09,0227,Terra,MODIS,62,6.2,322.8,22.9,D,0
-23.9902,120.1111,352.7,1.2,1.1,2014-01-09,0227,Terra,MODIS,91,6.2,327.6,44.2,D,0
-28.4015,122.6951,340.5,2,1.4,2014-01-09,0228,Terra,MODIS,80,6.2,320.6,55.7,D,0
-31.8605,115.9023,325.2,1,1,2014-01-09,0229,Terra,MODIS,42,6.2,306,6.6,D,0
-33.3625,115.6772,321.3,1,1,2014-01-09,0229,Terra,MODIS,34,6.2,307.3,6.2,D,0
-20.2544,145.1411,314.8,3,1.7,2014-01-09,0332,Aqua,MODIS,30,6.2,284.1,49.3,D,0
-20.2561,145.137,315.1,3,1.7,2014-01-09,0332,Aqua,MODIS,0,6.2,283.9,47.6,D,0
-17.3112,145.2048,340.1,2.8,1.6,2014-01-09,0333,Aqua,MODIS,89,6.2,298,150.3,D,0
-18.546,145.3722,329.4,2.8,1.6,2014-01-09,0333,Aqua,MODIS,81,6.2,295.8,80.3,D,0
-17.3084,145.2313,321.2,2.7,1.6,2014-01-09,0333,Aqua,MODIS,67,6.2,296.5,43.9,D,0
-18.779,144.7023,322.8,3.1,1.7,2014-01-09,0333,Aqua,MODIS,25,6.2,296,51.8,D,0
-25.6839,140.3085,336.6,3.4,1.7,2014-01-09,0509,Aqua,MODIS,54,6.2,297.3,139.1,D,0
-25.6822,140.3356,336.9,3.4,1.7,2014-01-09,0509,Aqua,MODIS,0,6.2,290.3,135.7,D,0
-22.6488,134.2875,350.5,1.5,1.2,2014-01-09,0510,Aqua,MODIS,92,6.2,325.3,59.6,D,0
-24.9604,129.3521,342.8,1,1,2014-01-09,0510,Aqua,MODIS,83,6.2,330.6,14.5,D,0
-24.9513,129.3506,357.8,1,1,2014-01-09,0510,Aqua,MODIS,98,6.2,331.1,45.9,D,0
-20.9431,139.979,345.7,4.2,1.9,2014-01-09,0510,Aqua,MODIS,77,6.2,295.8,333.8,D,0
-20.9396,139.9693,341.5,4.2,1.9,2014-01-09,0510,Aqua,MODIS,65,6.2,296.4,260,D,0
-21.7269,121.6761,346.1,2.6,1.5,2014-01-09,0511,Aqua,MODIS,68,6.2,326.3,81.1,D,0
-21.6482,121.617,359.6,2.6,1.5,2014-01-09,0511,Aqua,MODIS,99,6.2,326,202.5,D,0
-21.2679,120.4004,336.8,3.1,1.7,2014-01-09,0511,Aqua,MODIS,60,6.2,321.8,51.7,D,0
-21.3196,120.3436,344.4,3.2,1.7,2014-01-09,0511,Aqua,MODIS,84,6.2,321.1,131.4,D,0
-21.3198,120.3195,337.7,3.2,1.7,2014-01-09,0511,Aqua,MODIS,54,6.2,319.4,80.6,D,0
-21.317,120.3502,345.2,3.2,1.7,2014-01-09,0511,Aqua,MODIS,87,6.2,321.5,144.9,D,0
-18.0808,133.0056,356.7,1.5,1.2,2014-01-09,0511,Aqua,MODIS,97,6.2,319.4,87.4,D,0
-21.7326,121.6837,347,2.6,1.5,2014-01-09,0511,Aqua,MODIS,88,6.2,326.6,90.1,D,0
-21.7351,121.6589,348.5,2.6,1.5,2014-01-09,0511,Aqua,MODIS,90,6.2,329.7,101.7,D,0
-18.0796,132.9997,356.2,1.5,1.2,2014-01-09,0511,Aqua,MODIS,97,6.2,319.9,82.8,D,0
-18.0773,133.0137,342.9,1.5,1.2,2014-01-09,0511,Aqua,MODIS,50,6.2,319.6,31.2,D,0
-21.6506,121.592,343.3,2.6,1.5,2014-01-09,0511,Aqua,MODIS,31,6.2,329.3,56.3,D,0
-21.6366,121.5904,342.3,2.6,1.5,2014-01-09,0511,Aqua,MODIS,56,6.2,328.8,55.2,D,0
-17.978,133.1201,339.3,1.5,1.2,2014-01-09,0512,Aqua,MODIS,56,6.2,321.7,13.3,D,0
-18.0565,132.9378,349.6,1.5,1.2,2014-01-09,0512,Aqua,MODIS,91,6.2,319.5,59.2,D,0
-18.0541,132.9517,342.1,1.5,1.2,2014-01-09,0512,Aqua,MODIS,60,6.2,319,29.7,D,0
-14.5719,131.9291,353.3,1.5,1.2,2014-01-09,0512,Aqua,MODIS,95,6.2,314.9,85.5,D,0
-14.5671,131.9365,346,1.5,1.2,2014-01-09,0512,Aqua,MODIS,90,6.2,313.8,58.6,D,0
-14.5692,131.9231,332.8,1.5,1.2,2014-01-09,0512,Aqua,MODIS,73,6.2,313.3,21.5,D,0
-17.4521,135.7127,342.5,2.4,1.5,2014-01-09,0512,Aqua,MODIS,83,6.2,306.1,94.6,D,0
-17.4562,135.6902,355.2,2.4,1.5,2014-01-09,0512,Aqua,MODIS,96,6.2,307.1,188.8,D,0
-17.4387,135.71,353.2,2.4,1.5,2014-01-09,0512,Aqua,MODIS,94,6.2,302.6,173.8,D,0
-17.4429,135.6876,336.1,2.4,1.5,2014-01-09,0512,Aqua,MODIS,72,6.2,303.8,58.4,D,0
-17.4454,135.7063,338,2.4,1.5,2014-01-09,0512,Aqua,MODIS,76,6.2,302.3,68,D,0
-17.4494,135.6838,333.2,2.4,1.5,2014-01-09,0512,Aqua,MODIS,63,6.2,305.6,44.3,D,0
-17.428,135.726,332.4,2.4,1.5,2014-01-09,0512,Aqua,MODIS,60,6.2,305.9,37.1,D,0
-17.4321,135.7035,353.1,2.4,1.5,2014-01-09,0512,Aqua,MODIS,94,6.2,304.3,173,D,0
-14.5696,131.9426,339.7,1.5,1.2,2014-01-09,0512,Aqua,MODIS,83,6.2,313,38.5,D,0
-14.5778,131.9383,331.3,1.5,1.2,2014-01-09,0512,Aqua,MODIS,58,6.2,312.3,16.7,D,0
-18.8093,127.947,342.5,1,1,2014-01-09,0512,Aqua,MODIS,83,6.2,330.9,11.3,D,0
-18.0046,130.3691,344.2,1.1,1,2014-01-09,0512,Aqua,MODIS,86,6.2,326.5,25.4,D,0
-17.5745,127.3768,343.7,1,1,2014-01-09,0512,Aqua,MODIS,63,6.2,321.1,24.6,D,0
-17.989,130.4711,341.8,1.1,1,2014-01-09,0512,Aqua,MODIS,82,6.2,323.4,24.5,D,0
-18.0264,130.4774,371.9,1.1,1,2014-01-09,0512,Aqua,MODIS,100,6.2,322.9,110.3,D,0
-18.0248,130.4876,361.1,1.1,1,2014-01-09,0512,Aqua,MODIS,100,6.2,318.2,72.2,D,0
-18.0333,130.4745,382.1,1.1,1,2014-01-09,0512,Aqua,MODIS,100,6.2,328,151.1,D,0
-18.0317,130.4848,405.3,1.1,1,2014-01-09,0512,Aqua,MODIS,100,6.2,332.2,293.3,D,0
-18.0301,130.4951,370.9,1.1,1,2014-01-09,0512,Aqua,MODIS,100,6.2,324,102.9,D,0
-17.9364,130.2791,334.5,1.1,1,2014-01-09,0512,Aqua,MODIS,68,6.2,321.3,11.2,D,0
-18.0395,130.4967,348.3,1.1,1,2014-01-09,0512,Aqua,MODIS,88,6.2,325.2,30.5,D,0
-18.0504,130.488,369.9,1.1,1,2014-01-09,0512,Aqua,MODIS,100,6.2,327,92.9,D,0
-18.0488,130.4983,344.4,1.1,1,2014-01-09,0512,Aqua,MODIS,50,6.2,324.3,19.7,D,0
-17.6094,127.4609,347.1,1,1,2014-01-09,0512,Aqua,MODIS,65,6.2,322.5,28.8,D,0
-17.6107,127.4513,354.9,1,1,2014-01-09,0512,Aqua,MODIS,88,6.2,325.8,44.9,D,0
-17.5939,127.4389,350.6,1,1,2014-01-09,0512,Aqua,MODIS,78,6.2,318.4,37.8,D,0
-17.5952,127.4292,360.3,1,1,2014-01-09,0512,Aqua,MODIS,100,6.2,322,60.5,D,0
-17.5875,127.4182,352.3,1,1,2014-01-09,0512,Aqua,MODIS,89,6.2,321.5,42,D,0
-18.0723,130.4707,342.2,1.1,1,2014-01-09,0512,Aqua,MODIS,39,6.2,326.1,15,D,0
-18.0738,130.4604,343,1.1,1,2014-01-09,0512,Aqua,MODIS,42,6.2,326.8,17.2,D,0
-18.0754,130.4502,348.1,1.1,1,2014-01-09,0512,Aqua,MODIS,90,6.2,326.9,29.9,D,0
-18.0046,130.4318,360.4,1.1,1,2014-01-09,0512,Aqua,MODIS,100,6.2,323.6,66.3,D,0
-18.0646,130.3338,350,1.1,1,2014-01-09,0512,Aqua,MODIS,92,6.2,329.4,34.7,D,0
-18.0631,130.3439,341.6,1.1,1,2014-01-09,0512,Aqua,MODIS,82,6.2,327.1,17.7,D,0
-17.6225,127.4334,344.2,1,1,2014-01-09,0512,Aqua,MODIS,60,6.2,323.8,21.5,D,0
-17.9813,130.3965,339.3,1.1,1,2014-01-09,0512,Aqua,MODIS,62,6.2,322,16.3,D,0
-17.9735,130.3847,335,1.1,1,2014-01-09,0512,Aqua,MODIS,47,6.2,319.7,10.3,D,0
-18.0061,130.359,340.6,1.1,1,2014-01-09,0512,Aqua,MODIS,68,6.2,325.5,18.4,D,0
-14.0973,131.4505,334.9,1.4,1.2,2014-01-09,0513,Aqua,MODIS,70,6.2,318.1,15.7,D,0
-14.0953,131.4631,339.1,1.4,1.2,2014-01-09,0513,Aqua,MODIS,83,6.2,317,26.8,D,0
-12.7915,130.7915,338,1.3,1.1,2014-01-09,0513,Aqua,MODIS,86,6.2,304.4,40.7,D,0
-12.7813,130.7898,328.3,1.3,1.1,2014-01-09,0513,Aqua,MODIS,63,6.2,304.5,21,D,0
-12.822,130.7965,328.4,1.3,1.1,2014-01-09,0513,Aqua,MODIS,77,6.2,302.8,18.1,D,0
-12.8219,130.791,331.9,1.3,1.1,2014-01-09,0513,Aqua,MODIS,81,6.2,304.6,25.9,D,0
-12.7896,130.8035,328.4,1.3,1.1,2014-01-09,0513,Aqua,MODIS,67,6.2,301.1,18.9,D,0
-12.7795,130.8018,328.3,1.3,1.1,2014-01-09,0513,Aqua,MODIS,70,6.2,300.2,20.1,D,0
-30.0304,149.1283,305.1,1,1,2014-01-09,1254,Terra,MODIS,63,6.2,281.9,7.6,N,0
-30.1818,149.9518,311.3,1,1,2014-01-09,1254,Terra,MODIS,82,6.2,289.3,11,N,0
-30.096,149.9724,314.2,1,1,2014-01-09,1254,Terra,MODIS,89,6.2,283.6,14.3,N,0
-30.0976,149.9616,308,1,1,2014-01-09,1254,Terra,MODIS,73,6.2,284.2,9.3,N,0
-30.0319,149.1179,307.2,1,1,2014-01-09,1254,Terra,MODIS,70,6.2,282.7,9,N,0
-30.0214,149.1265,333.4,1,1,2014-01-09,1255,Terra,MODIS,100,6.2,283.2,33.6,N,0
-30.0229,149.1161,328.7,1,1,2014-01-09,1255,Terra,MODIS,100,6.2,285.9,27.5,N,0
-25.8865,152.4692,303.6,1.6,1.2,2014-01-09,1255,Terra,MODIS,56,6.2,288.4,11.5,N,0
-26.4695,149.4583,303.3,1.1,1,2014-01-09,1255,Terra,MODIS,42,6.2,291,4.6,N,0
-23.9211,146.4102,339.7,1,1,2014-01-09,1256,Terra,MODIS,100,6.2,291.6,43.4,N,0
-23.9225,146.4003,307.9,1,1,2014-01-09,1256,Terra,MODIS,27,6.2,289.8,7.7,N,0
-23.9107,146.4185,307.9,1,1,2014-01-09,1256,Terra,MODIS,28,6.2,288.4,8.4,N,0
-23.9121,146.4087,328.9,1,1,2014-01-09,1256,Terra,MODIS,100,6.2,289.6,27.7,N,0
-23.8829,146.3576,311.3,1,1,2014-01-09,1256,Terra,MODIS,23,6.2,292.1,8.8,N,0
-23.8725,146.366,308.9,1,1,2014-01-09,1256,Terra,MODIS,39,6.2,292,7.6,N,0
-23.8738,146.3561,304.9,1,1,2014-01-09,1256,Terra,MODIS,14,6.2,291.8,5,N,0
-23.8426,146.3812,304.8,1,1,2014-01-09,1256,Terra,MODIS,11,6.2,291.4,4.7,N,0
-23.0665,145.552,304.9,1,1,2014-01-09,1256,Terra,MODIS,62,6.2,294.1,4.6,N,0
-23.8336,146.3797,304.8,1,1,2014-01-09,1256,Terra,MODIS,27,6.2,291.6,4.6,N,0
-23.844,146.3713,304.1,1,1,2014-01-09,1256,Terra,MODIS,9,6.2,291.5,3.9,N,0
-20.2482,145.1476,317,1,1,2014-01-09,1257,Terra,MODIS,86,6.2,291,13.2,N,0
-20.922,139.9748,324.3,2,1.4,2014-01-09,1257,Terra,MODIS,100,6.2,295.4,50.3,N,0
-20.9239,139.9814,327.6,2,1.4,2014-01-09,1257,Terra,MODIS,100,6.2,295.6,61.3,N,0
-20.9199,139.9939,313.1,2,1.4,2014-01-09,1257,Terra,MODIS,86,6.2,295,21.7,N,0
-20.9345,139.9764,309.8,2,1.4,2014-01-09,1257,Terra,MODIS,78,6.2,295.3,15.5,N,0
-20.2546,145.1685,307.5,1,1,2014-01-09,1257,Terra,MODIS,15,6.2,290.7,6.2,N,0
-20.2496,145.1379,318.7,1,1,2014-01-09,1257,Terra,MODIS,97,6.2,291.3,15.3,N,0
-20.256,145.1588,308.1,1,1,2014-01-09,1257,Terra,MODIS,34,6.2,290.5,6.6,N,0
-17.2598,145.2317,304.7,1,1,2014-01-09,1258,Terra,MODIS,33,6.2,290.8,5,N,0
-18.7948,144.7638,304.6,1,1,2014-01-09,1258,Terra,MODIS,61,6.2,289.7,5.2,N,0
-17.1804,145.3376,301.1,1,1,2014-01-09,1258,Terra,MODIS,37,6.2,289,3.9,N,0
-17.3073,145.2201,306.8,1,1,2014-01-09,1258,Terra,MODIS,69,6.2,290.7,6.6,N,0
-17.2611,145.2224,309.2,1,1,2014-01-09,1258,Terra,MODIS,77,6.2,290,7.9,N,0
-18.6599,145.5353,302.5,1,1,2014-01-09,1258,Terra,MODIS,49,6.2,290,4.4,N,0
-18.5433,145.3849,301.8,1,1,2014-01-09,1258,Terra,MODIS,44,6.2,291.2,3.6,N,0
-17.2439,145.2138,305.4,1,1,2014-01-09,1258,Terra,MODIS,64,6.2,290.6,5.9,N,0
-17.2688,145.2331,334.2,1,1,2014-01-09,1258,Terra,MODIS,100,6.2,292.1,33.7,N,0
-17.2701,145.2238,314.1,1,1,2014-01-09,1258,Terra,MODIS,88,6.2,290.1,11.5,N,0
-17.3087,145.2107,302.6,1,1,2014-01-09,1258,Terra,MODIS,50,6.2,291.8,4,N,0
-28.3482,122.6879,313.3,1,1,2014-01-09,1434,Terra,MODIS,82,6.2,299.8,8.2,N,0
-21.4992,119.2643,313.1,1.1,1.1,2014-01-09,1436,Terra,MODIS,78,6.2,302.4,7.2,N,0
-21.2676,120.4355,342.1,1,1,2014-01-09,1436,Terra,MODIS,100,6.2,306.1,42.4,N,0
-21.2663,120.4453,313.7,1,1,2014-01-09,1436,Terra,MODIS,73,6.2,303.3,6.4,N,0
-21.2754,120.4468,322.6,1,1,2014-01-09,1436,Terra,MODIS,100,6.2,304.9,15.3,N,0
-21.2768,120.4369,351.6,1,1,2014-01-09,1436,Terra,MODIS,100,6.2,307.6,62.3,N,0
-21.2781,120.427,318.9,1,1,2014-01-09,1436,Terra,MODIS,97,6.2,304.9,10.3,N,0
-21.2794,120.4171,314.5,1,1,2014-01-09,1436,Terra,MODIS,58,6.2,303.5,6.2,N,0
-21.3255,120.3531,327.9,1,1,2014-01-09,1436,Terra,MODIS,100,6.2,303.8,21.4,N,0
-21.2426,120.4252,316,1,1,2014-01-09,1436,Terra,MODIS,89,6.2,303.4,8.7,N,0
-21.2412,120.4351,328.3,1,1,2014-01-09,1436,Terra,MODIS,100,6.2,303.9,22,N,0
-21.2504,120.4365,315.2,1,1,2014-01-09,1436,Terra,MODIS,86,6.2,303.2,7.8,N,0
-21.7538,121.6318,318.9,1,1,2014-01-09,1436,Terra,MODIS,97,6.2,300.7,13.7,N,0
-21.7358,121.6288,312.5,1,1,2014-01-09,1436,Terra,MODIS,80,6.2,300.3,8.2,N,0
-21.3333,120.3645,316.1,1,1,2014-01-09,1436,Terra,MODIS,89,6.2,303.2,9,N,0
-21.249,120.4464,329.3,1,1,2014-01-09,1436,Terra,MODIS,100,6.2,304,23.4,N,0
-21.269,120.4256,315.2,1,1,2014-01-09,1436,Terra,MODIS,86,6.2,304.3,6.8,N,0
-18.0137,130.4901,347.5,3.6,1.8,2014-01-09,1436,Terra,MODIS,100,6.2,296.4,356.1,N,0
-18.0218,130.4865,342.8,3.6,1.8,2014-01-09,1436,Terra,MODIS,100,6.2,297,298.3,N,0
-22.366,120.8663,326.3,1,1,2014-01-09,1436,Terra,MODIS,100,6.2,301.3,20.5,N,0
-22.3674,120.8564,343.9,1,1,2014-01-09,1436,Terra,MODIS,100,6.2,303.9,46.9,N,0
-18.0204,130.4564,312.1,3.6,1.8,2014-01-09,1436,Terra,MODIS,84,6.2,295.3,58.8,N,0
-22.3505,120.8436,313.1,1,1,2014-01-09,1436,Terra,MODIS,83,6.2,301.9,6.7,N,0
-18.0296,130.4936,320.9,3.6,1.8,2014-01-09,1436,Terra,MODIS,100,6.2,295.9,107.9,N,0
-18.0059,130.483,323.6,3.6,1.8,2014-01-09,1436,Terra,MODIS,100,6.2,295,128.9,N,0
-22.3596,120.845,325.4,1,1,2014-01-09,1436,Terra,MODIS,100,6.2,302.5,18.8,N,0
-22.3687,120.8465,319.2,1,1,2014-01-09,1436,Terra,MODIS,98,6.2,302.2,12.6,N,0
-18.0153,130.5205,322.8,3.6,1.8,2014-01-09,1436,Terra,MODIS,100,6.2,296.3,122.2,N,0
-22.361,120.8351,321.8,1,1,2014-01-09,1436,Terra,MODIS,100,6.2,302.3,14.5,N,0
-22.2454,121.1421,311,1,1,2014-01-09,1436,Terra,MODIS,76,6.2,298.3,7.1,N,0
-22.2467,121.1323,308.1,1,1,2014-01-09,1436,Terra,MODIS,64,6.2,297.5,5,N,0
-18.12,125.7624,312.8,1.6,1.2,2014-01-09,1437,Terra,MODIS,63,6.2,302.3,12,N,0
-18.0109,130.5047,314.4,3.6,1.8,2014-01-09,1605,Aqua,MODIS,89,6.2,294,75.1,N,0
-18.0169,130.5083,314.4,3.6,1.8,2014-01-09,1605,Aqua,MODIS,89,6.2,294,76.9,N,0
-20.9184,139.9837,307.2,1,1,2014-01-09,1605,Aqua,MODIS,68,6.2,295,5.4,N,0
-20.2617,140.4048,305.5,1,1,2014-01-09,1605,Aqua,MODIS,59,6.2,294.9,5,N,0
-18.1257,125.7685,310.6,4.2,1.9,2014-01-09,1743,Aqua,MODIS,79,6.2,298.4,59,N,0
-18.1225,125.7732,313.5,4.2,1.9,2014-01-09,1743,Aqua,MODIS,86,6.2,298.4,76.4,N,0
-22.3624,120.8671,307.5,2.1,1.4,2014-01-09,1744,Aqua,MODIS,22,6.2,285.9,23.6,N,0
-21.8904,117.3379,317.5,1.2,1.1,2014-01-09,1744,Aqua,MODIS,84,6.2,292.6,18,N,0
-21.5016,119.2572,316.4,1.6,1.2,2014-01-09,1744,Aqua,MODIS,93,6.2,300.2,18.6,N,0
-21.5034,119.2719,342.4,1.6,1.2,2014-01-09,1744,Aqua,MODIS,100,6.2,301.9,82.3,N,0
-21.2392,120.4432,321.9,1.9,1.3,2014-01-09,1744,Aqua,MODIS,100,6.2,300.3,39.7,N,0
-21.2412,120.4613,313.1,1.9,1.3,2014-01-09,1744,Aqua,MODIS,85,6.2,299.4,20.5,N,0
-25.8778,149.0707,344.9,1.9,1.3,2014-01-09,2353,Terra,MODIS,91,6.2,300,98.3,D,0
-25.8702,149.0662,333.6,1.9,1.3,2014-01-09,2353,Terra,MODIS,80,6.2,299.3,53.3,D,0
-23.884,146.3761,322.6,3.2,1.7,2014-01-09,2353,Terra,MODIS,60,6.2,296.7,49.7,D,0
-23.9205,146.3997,325.5,3.2,1.7,2014-01-09,2353,Terra,MODIS,67,6.2,296.4,64.4,D,0
-23.9169,146.3933,321.8,3.2,1.7,2014-01-09,2353,Terra,MODIS,46,6.2,296.6,44.7,D,0
-23.9235,146.424,323.4,3.1,1.7,2014-01-09,2353,Terra,MODIS,67,6.2,294.7,53.6,D,0
-25.8812,149.0891,329.4,1.9,1.3,2014-01-09,2353,Terra,MODIS,75,6.2,301,38.7,D,0
-25.8737,149.0844,337.9,1.9,1.3,2014-01-09,2353,Terra,MODIS,85,6.2,300.2,69.3,D,0
-25.2302,147.7844,327.8,2.4,1.5,2014-01-09,2353,Terra,MODIS,69,6.2,299.5,44.5,D,0
-25.2265,147.7436,324.4,2.4,1.5,2014-01-09,2353,Terra,MODIS,67,6.2,300.8,34.4,D,0
-25.2388,147.7583,331.4,2.4,1.5,2014-01-09,2353,Terra,MODIS,78,6.2,298.5,60.7,D,0
-25.2255,147.7614,346,2.4,1.5,2014-01-09,2353,Terra,MODIS,92,6.2,301.9,143.1,D,0
-25.2309,147.7661,359,2.4,1.5,2014-01-09,2353,Terra,MODIS,99,6.2,301.2,250.2,D,0
-34.4581,150.8786,319.3,1.1,1,2014-01-09,2355,Terra,MODIS,34,6.2,299.1,9.4,D,2
-32.7519,150.7544,313.9,1.1,1.1,2014-01-09,2355,Terra,MODIS,38,6.2,294.6,8.2,D,0
-32.6271,150.7591,318.9,1.1,1.1,2014-01-09,2355,Terra,MODIS,64,6.2,294.9,14.1,D,0
-32.7499,150.7425,314,1.1,1.1,2014-01-09,2355,Terra,MODIS,30,6.2,294.1,8.3,D,0
-32.7478,150.7496,315.9,1.1,1.1,2014-01-09,2355,Terra,MODIS,18,6.2,293.9,9.4,D,0
-32.6251,150.7472,318.3,1.1,1.1,2014-01-09,2355,Terra,MODIS,63,6.2,294.3,12.9,D,0
-11.6853,132.5891,333.5,1,1,2014-01-10,0128,Terra,MODIS,84,6.2,300.5,24.5,D,0
-11.6867,132.5985,325.4,1,1,2014-01-10,0128,Terra,MODIS,75,6.2,300.1,13.5,D,0
-17.5865,127.4625,335.5,1.6,1.3,2014-01-10,0129,Terra,MODIS,54,6.2,310.6,35.6,D,0
-17.6029,127.4906,356.4,1.6,1.3,2014-01-10,0129,Terra,MODIS,97,6.2,308.3,119.8,D,0
-17.5942,127.5079,342.7,1.6,1.3,2014-01-10,0129,Terra,MODIS,86,6.2,304.5,66.7,D,0
-17.6038,127.4992,350.2,1.6,1.3,2014-01-10,0129,Terra,MODIS,93,6.2,307.3,93.1,D,0
-17.5917,127.493,349.4,1.6,1.3,2014-01-10,0129,Terra,MODIS,92,6.2,305.5,90.7,D,0
-18.0835,130.4442,332.4,1.1,1,2014-01-10,0129,Terra,MODIS,60,6.2,312.2,12.5,D,0
-17.6054,127.5056,331.1,1.6,1.3,2014-01-10,0129,Terra,MODIS,48,6.2,306,26.7,D,0
-18.0851,130.4544,341.6,1.1,1,2014-01-10,0129,Terra,MODIS,84,6.2,312.9,28.2,D,0
-17.5985,127.4691,338,1.6,1.3,2014-01-10,0129,Terra,MODIS,76,6.2,309.6,36.7,D,0
-17.6011,127.4842,349.3,1.6,1.3,2014-01-10,0129,Terra,MODIS,92,6.2,307.9,84.6,D,0
-18.1203,125.7655,333.6,2.1,1.4,2014-01-10,0130,Terra,MODIS,63,6.2,312.8,39.9,D,0
-18.1208,125.7715,334.5,2.1,1.4,2014-01-10,0130,Terra,MODIS,65,6.2,312.4,43.9,D,0
-18.7891,127.8722,338,1.5,1.2,2014-01-10,0130,Terra,MODIS,76,6.2,320.6,23.8,D,0
-18.7915,127.8859,348.9,1.5,1.2,2014-01-10,0130,Terra,MODIS,91,6.2,323.5,57.9,D,0
-21.3402,120.3596,330.9,4.5,1.9,2014-01-10,0131,Terra,MODIS,62,6.2,314,105.8,D,0
-21.34,120.3651,330.7,4.5,1.9,2014-01-10,0131,Terra,MODIS,56,6.2,314,97.8,D,0
-22.3765,120.8785,330.1,3.9,1.8,2014-01-10,0131,Terra,MODIS,58,6.2,316.5,69.6,D,0
-22.3849,120.8375,347.9,3.9,1.8,2014-01-10,0131,Terra,MODIS,90,6.2,315.8,269.7,D,0
-22.389,120.8289,333.3,3.9,1.8,2014-01-10,0131,Terra,MODIS,68,6.2,314.9,93.6,D,0
-22.3971,120.8658,329.6,3.9,1.8,2014-01-10,0131,Terra,MODIS,28,6.2,316.1,56.5,D,0
-22.3685,120.8416,333.8,3.9,1.8,2014-01-10,0131,Terra,MODIS,71,6.2,316.7,106.2,D,0
-22.3928,120.8745,336.6,3.9,1.8,2014-01-10,0131,Terra,MODIS,77,6.2,316.1,125.4,D,0
-21.8176,117.2776,370.8,4.1,1.9,2014-01-10,0309,Terra,MODIS,100,6.2,313.5,766.2,D,0
-21.8211,117.3176,333.6,4.1,1.9,2014-01-10,0309,Terra,MODIS,68,6.2,312.4,104.8,D,0
-21.8039,117.2721,335.4,4.1,1.9,2014-01-10,0309,Terra,MODIS,72,6.2,313.5,131.4,D,0
-21.807,117.3121,330.6,4.1,1.9,2014-01-10,0309,Terra,MODIS,52,6.2,313.8,78.1,D,0
-21.8209,117.2704,362.4,4.1,1.9,2014-01-10,0309,Terra,MODIS,100,6.2,312.3,568.4,D,0
-21.8241,117.3104,341.7,4.1,1.9,2014-01-10,0309,Terra,MODIS,83,6.2,312,204.7,D,0
-40.8793,145.4059,311,1.2,1.1,2014-01-10,0410,Aqua,MODIS,45,6.2,296.4,8.7,D,0
-34.464,150.8857,320.6,1.3,1.1,2014-01-10,0411,Aqua,MODIS,34,6.2,300.5,9.7,D,2
-23.7665,147.1918,334.5,1.3,1.1,2014-01-10,0414,Aqua,MODIS,48,6.2,304.1,23.5,D,0
-23.8422,147.225,352.5,1.3,1.1,2014-01-10,0414,Aqua,MODIS,90,6.2,303.7,71.9,D,0
-24.0318,146.6924,330.2,1.2,1.1,2014-01-10,0414,Aqua,MODIS,30,6.2,303.6,14.8,D,0
-20.9186,139.9711,334.7,1.2,1.1,2014-01-10,0415,Aqua,MODIS,62,6.2,302.8,26.3,D,0
-19.4841,143.9232,318.7,1,1,2014-01-10,0416,Aqua,MODIS,31,6.2,285.8,5.3,D,0
-18.8052,144.7608,339.5,1.1,1.1,2014-01-10,0416,Aqua,MODIS,68,6.2,306.2,33.3,D,0
-18.0434,146.0293,322,1.3,1.1,2014-01-10,0416,Aqua,MODIS,0,6.2,301.8,14.3,D,0
-18.799,144.7383,327,1.1,1,2014-01-10,0416,Aqua,MODIS,31,6.2,298.4,12.5,D,0
-18.8068,144.7504,333.4,1.1,1,2014-01-10,0416,Aqua,MODIS,67,6.2,301.2,23.2,D,0
-18.0545,133.159,334.1,3.5,1.8,2014-01-10,0416,Aqua,MODIS,69,6.2,307.8,74.9,D,0
-18.0615,133.1553,333.5,3.5,1.8,2014-01-10,0416,Aqua,MODIS,58,6.2,307,75.5,D,0
-18.0831,133.1952,332,3.5,1.8,2014-01-10,0416,Aqua,MODIS,56,6.2,305.8,60.4,D,0
-23.9586,120.0927,376.5,1,1,2014-01-10,0553,Aqua,MODIS,100,6.2,334.9,100.8,D,0
-23.9601,120.0827,347.7,1,1,2014-01-10,0553,Aqua,MODIS,81,6.2,330.5,18.1,D,0
-23.9556,120.1127,347.7,1,1,2014-01-10,0553,Aqua,MODIS,67,6.2,333.9,15.4,D,0
-23.9571,120.1027,356,1,1,2014-01-10,0553,Aqua,MODIS,97,6.2,334.7,33.8,D,0
-22.3823,120.8225,374.3,1.1,1,2014-01-10,0554,Aqua,MODIS,100,6.2,330.8,104.5,D,0
-22.384,120.8119,362.4,1.1,1,2014-01-10,0554,Aqua,MODIS,100,6.2,330,61.8,D,0
-22.3917,120.8242,354.8,1.1,1,2014-01-10,0554,Aqua,MODIS,96,6.2,331.5,38.8,D,0
-22.3696,120.842,345.9,1.1,1,2014-01-10,0554,Aqua,MODIS,39,6.2,330,16,D,0
-22.3552,120.8723,347.6,1.1,1,2014-01-10,0554,Aqua,MODIS,81,6.2,331.6,20.2,D,0
-21.629,121.6218,351.9,1.2,1.1,2014-01-10,0554,Aqua,MODIS,93,6.2,330.9,34.1,D,0
-21.6389,121.6237,436.3,1.2,1.1,2014-01-10,0554,Aqua,MODIS,100,6.2,400.1,678.3,D,0
-21.637,121.6354,395.6,1.2,1.1,2014-01-10,0554,Aqua,MODIS,100,6.2,334.6,249.9,D,0
-21.6487,121.6256,349,1.2,1.1,2014-01-10,0554,Aqua,MODIS,82,6.2,333.4,24.1,D,0
-21.6652,121.6596,348.2,1.2,1.1,2014-01-10,0554,Aqua,MODIS,90,6.2,334.2,24.3,D,0
-21.7224,121.6825,351.7,1.2,1.1,2014-01-10,0554,Aqua,MODIS,66,6.2,332.6,29.7,D,0
-21.7243,121.6707,362.5,1.2,1.1,2014-01-10,0554,Aqua,MODIS,100,6.2,336.5,66.7,D,0
-21.6988,121.7023,351.5,1.2,1.1,2014-01-10,0554,Aqua,MODIS,58,6.2,331.6,31.3,D,0
-21.6309,121.6101,347.8,1.2,1.1,2014-01-10,0554,Aqua,MODIS,74,6.2,331,21.7,D,0
-21.7008,121.6905,382.8,1.2,1.1,2014-01-10,0554,Aqua,MODIS,100,6.2,337.1,164.5,D,0
-21.3304,120.3536,375.4,1.1,1,2014-01-10,0554,Aqua,MODIS,100,6.2,333.4,109.5,D,0
-21.3288,120.364,360.1,1.1,1,2014-01-10,0554,Aqua,MODIS,100,6.2,331.9,54,D,0
-21.8335,117.2701,359.5,1,1,2014-01-10,0554,Aqua,MODIS,99,6.2,317,61.3,D,0
-21.8349,117.26,350.7,1,1,2014-01-10,0554,Aqua,MODIS,92,6.2,315.4,38.4,D,0
-21.8216,117.2888,391.8,1,1,2014-01-10,0554,Aqua,MODIS,100,6.2,327.4,185.6,D,0
-21.823,117.2787,354.4,1,1,2014-01-10,0554,Aqua,MODIS,95,6.2,325.4,42.1,D,0
-21.8243,117.2686,398.9,1,1,2014-01-10,0554,Aqua,MODIS,100,6.2,325.9,230.8,D,0
-21.8257,117.2586,354.4,1,1,2014-01-10,0554,Aqua,MODIS,91,6.2,321.8,45.9,D,0
-21.8124,117.2873,348.4,1,1,2014-01-10,0554,Aqua,MODIS,90,6.2,325.6,26.1,D,0
-21.8138,117.2773,353.5,1,1,2014-01-10,0554,Aqua,MODIS,95,6.2,326.1,37.5,D,0
-21.8151,117.2672,363.6,1,1,2014-01-10,0554,Aqua,MODIS,100,6.2,325,67.7,D,0
-21.8046,117.2758,346,1,1,2014-01-10,0554,Aqua,MODIS,88,6.2,324.2,22.3,D,0
-21.6244,117.3887,357.2,1,1,2014-01-10,0554,Aqua,MODIS,98,6.2,321.7,49.8,D,0
-21.6257,117.3788,338.8,1,1,2014-01-10,0554,Aqua,MODIS,75,6.2,321,10.6,D,0
-21.5224,119.2708,341.4,1,1,2014-01-10,0554,Aqua,MODIS,80,6.2,325,15.1,D,0
-21.5238,119.2611,357.2,1,1,2014-01-10,0554,Aqua,MODIS,98,6.2,325.4,48.6,D,0
-21.8968,117.3375,337.9,1,1,2014-01-10,0554,Aqua,MODIS,66,6.2,321.5,12,D,0
-22.2483,121.1462,344.6,1.1,1.1,2014-01-10,0554,Aqua,MODIS,83,6.2,332.2,15.9,D,0
-21.8889,117.3263,336.3,1,1,2014-01-10,0554,Aqua,MODIS,41,6.2,320.8,9,D,0
-21.8981,117.3276,336.7,1,1,2014-01-10,0554,Aqua,MODIS,67,6.2,321.7,10.6,D,0
-17.5834,127.5076,345.8,3.8,1.8,2014-01-10,0555,Aqua,MODIS,88,6.2,306.6,249.2,D,0
-17.5888,127.5141,336.3,3.8,1.8,2014-01-10,0555,Aqua,MODIS,57,6.2,307.6,139,D,0
-17.5739,127.4697,330.9,3.7,1.8,2014-01-10,0555,Aqua,MODIS,48,6.2,294.9,96.3,D,0
-17.5958,127.4791,339.7,3.7,1.8,2014-01-10,0555,Aqua,MODIS,74,6.2,306.9,174.1,D,0
-17.59,127.4728,346.6,3.7,1.8,2014-01-10,0555,Aqua,MODIS,88,6.2,306.2,257.8,D,0
-27.6677,141.5686,305.9,1.4,1.2,2014-01-10,1338,Terra,MODIS,59,6.2,294,8.4,N,0
-27.6648,141.5615,305.3,1.4,1.2,2014-01-10,1338,Terra,MODIS,41,6.2,293.8,7.2,N,0
-27.6755,141.5253,303.7,1.4,1.2,2014-01-10,1338,Terra,MODIS,43,6.2,293.3,6.3,N,0
-34.4558,150.8781,300.6,1,1,2014-01-10,1513,Aqua,MODIS,30,6.2,289.7,4.7,N,2
-22.221,117.3212,304.3,2,1.4,2014-01-10,1519,Terra,MODIS,15,6.2,286.3,14.9,N,0
-21.8377,117.2572,308.5,2,1.4,2014-01-10,1519,Terra,MODIS,70,6.2,295.2,16.8,N,0
-21.8289,117.2354,327.2,2,1.4,2014-01-10,1519,Terra,MODIS,100,6.2,297.6,60.6,N,0
-21.8325,117.2163,314.8,2,1.4,2014-01-10,1519,Terra,MODIS,87,6.2,298.1,26.3,N,0
-21.8008,117.2494,307.1,2,1.4,2014-01-10,1519,Terra,MODIS,24,6.2,295.5,13.6,N,0
-21.7867,117.2408,316,2,1.4,2014-01-10,1519,Terra,MODIS,91,6.2,296.4,31.7,N,0
-21.7832,117.26,323.2,2,1.4,2014-01-10,1519,Terra,MODIS,100,6.2,296,51.2,N,0
-21.827,117.2295,327.1,2,1.4,2014-01-10,1519,Terra,MODIS,100,6.2,298.4,60.2,N,0
-17.5473,127.4959,307.5,1.1,1,2014-01-10,1647,Aqua,MODIS,38,6.2,296.4,6.5,N,0
-17.5595,127.4519,305.9,1.1,1,2014-01-10,1647,Aqua,MODIS,62,6.2,295,6.3,N,0
-17.6502,129.7632,307.4,1,1,2014-01-10,1647,Aqua,MODIS,68,6.2,296.8,4.5,N,0
-17.6122,127.5094,307.4,1.1,1,2014-01-10,1648,Aqua,MODIS,67,6.2,296.2,6.4,N,0
-17.6064,127.5066,313.9,1.1,1,2014-01-10,1648,Aqua,MODIS,87,6.2,296.7,10.7,N,0
-18.0732,130.4743,301.9,1,1,2014-01-10,1648,Aqua,MODIS,45,6.2,286.7,3.1,N,0
-18.0824,130.4729,313,1,1,2014-01-10,1648,Aqua,MODIS,86,6.2,287.1,10.8,N,0
-17.6079,127.5167,307.2,1.1,1,2014-01-10,1648,Aqua,MODIS,40,6.2,296.4,5,N,0
-21.7885,117.2675,302.3,4.4,1.9,2014-01-10,1649,Aqua,MODIS,20,6.2,287.6,30.3,N,0
-22.2057,117.3187,301,4.3,1.9,2014-01-10,1649,Aqua,MODIS,13,6.2,290.6,33.1,N,0
-22.2224,117.3221,301.6,4.3,1.9,2014-01-10,1649,Aqua,MODIS,28,6.2,287.9,35.7,N,0
-22.6399,116.5264,304,4.7,2,2014-01-10,1649,Aqua,MODIS,58,6.2,291.3,47.4,N,0
-22.6396,116.5215,303,4.7,2,2014-01-10,1649,Aqua,MODIS,51,6.2,291.1,41.1,N,0
-18.2771,139.7136,341.4,2.1,1.4,2014-01-11,0034,Terra,MODIS,88,6.2,301.4,73.9,D,0
-23.7444,147.2002,342,1.1,1.1,2014-01-11,0035,Terra,MODIS,89,6.2,297.7,43.2,D,0
-27.6659,141.5654,350.5,1.1,1.1,2014-01-11,0036,Terra,MODIS,92,6.2,317.6,47,D,0
-27.6678,141.5767,343.8,1.1,1.1,2014-01-11,0036,Terra,MODIS,85,6.2,315.4,32.3,D,0
-25.6894,140.3888,345,1.4,1.2,2014-01-11,0036,Terra,MODIS,87,6.2,315.4,34.3,D,0
-25.6947,140.3817,343.2,1.4,1.2,2014-01-11,0036,Terra,MODIS,84,6.2,315.2,30.9,D,0
-29.2019,146.5221,335.6,1.2,1.1,2014-01-11,0037,Terra,MODIS,66,6.2,309.4,24.8,D,0
-29.4054,148.9245,345.6,1.6,1.3,2014-01-11,0037,Terra,MODIS,90,6.2,307.7,73.2,D,0
-29.4168,148.923,348.4,1.6,1.3,2014-01-11,0037,Terra,MODIS,93,6.2,306.8,83.6,D,0
-41.6395,145.6006,368.1,1.5,1.2,2014-01-11,0040,Terra,MODIS,100,6.2,287.3,198.7,D,0
-41.6413,145.6183,362.4,1.5,1.2,2014-01-11,0040,Terra,MODIS,100,6.2,283.1,168.9,D,0
-41.643,145.6357,302.9,1.5,1.2,2014-01-11,0040,Terra,MODIS,47,6.2,280.3,10.2,D,0
-41.6505,145.5987,356.3,1.5,1.2,2014-01-11,0040,Terra,MODIS,98,6.2,284.8,138.3,D,0
-41.6523,145.6165,340.6,1.5,1.2,2014-01-11,0040,Terra,MODIS,92,6.2,283.8,80.3,D,0
-41.6513,145.5925,324.8,1.5,1.2,2014-01-11,0040,Terra,MODIS,83,6.2,282.8,41.2,D,0
-41.6531,145.6109,336.8,1.5,1.2,2014-01-11,0040,Terra,MODIS,90,6.2,285.2,69.6,D,0
-17.6025,127.537,336.1,1.9,1.4,2014-01-11,0212,Terra,MODIS,82,6.2,304.3,57.6,D,0
-17.5336,127.5139,328.5,1.9,1.4,2014-01-11,0212,Terra,MODIS,68,6.2,301.6,39.2,D,0
-16.8685,124.3803,321.5,1.2,1.1,2014-01-11,0212,Terra,MODIS,53,6.2,300,9.2,D,0
-16.87,124.3912,329,1.2,1.1,2014-01-11,0212,Terra,MODIS,74,6.2,300.3,19.5,D,0
-17.5622,127.5473,327.7,1.9,1.4,2014-01-11,0212,Terra,MODIS,68,6.2,302.2,33.5,D,0
-17.5437,127.4944,336.6,1.9,1.4,2014-01-11,0212,Terra,MODIS,83,6.2,305.5,61.5,D,0
-17.5882,127.52,329.9,1.9,1.4,2014-01-11,0212,Terra,MODIS,70,6.2,303.9,32.4,D,0
-17.5968,127.5248,340.6,1.9,1.4,2014-01-11,0212,Terra,MODIS,87,6.2,304.9,72.3,D,0
-17.5845,127.5261,326.6,1.9,1.4,2014-01-11,0212,Terra,MODIS,44,6.2,301.6,21.3,D,0
-17.5601,127.5289,348.9,1.9,1.4,2014-01-11,0212,Terra,MODIS,93,6.2,304,119.7,D,0
-17.5479,127.5307,338.7,1.9,1.4,2014-01-11,0212,Terra,MODIS,85,6.2,300.7,75,D,0
-17.5357,127.5323,348.4,1.9,1.4,2014-01-11,0212,Terra,MODIS,93,6.2,295,125.1,D,0
-17.5458,127.5125,332.5,1.9,1.4,2014-01-11,0212,Terra,MODIS,69,6.2,304.7,47.9,D,0
-17.599,127.5432,330,1.9,1.4,2014-01-11,0212,Terra,MODIS,67,6.2,303.1,34.2,D,0
-24.0189,120.0787,341.7,1,1,2014-01-11,0214,Terra,MODIS,82,6.2,326.5,16.6,D,0
-24.0204,120.0885,353.1,1,1,2014-01-11,0214,Terra,MODIS,94,6.2,326.2,39.5,D,0
-23.8205,117.6158,347.4,1.2,1.1,2014-01-11,0214,Terra,MODIS,89,6.2,321.9,40.7,D,0
-22.3602,120.8146,345.4,1,1,2014-01-11,0214,Terra,MODIS,83,6.2,323.9,24.7,D,0
-22.3692,120.8131,342.4,1,1,2014-01-11,0214,Terra,MODIS,83,6.2,324.6,19.5,D,0
-22.3678,120.8035,340,1,1,2014-01-11,0214,Terra,MODIS,63,6.2,323.8,15.4,D,0
-21.777,117.2316,349.6,1.3,1.1,2014-01-11,0214,Terra,MODIS,91,6.2,319.2,58.2,D,0
-21.7791,117.2439,355,1.3,1.1,2014-01-11,0214,Terra,MODIS,96,6.2,322,73.2,D,0
-21.785,117.2174,344.1,1.3,1.1,2014-01-11,0214,Terra,MODIS,86,6.2,316.8,43.3,D,0
-21.7871,117.2297,384.7,1.3,1.1,2014-01-11,0214,Terra,MODIS,100,6.2,324.1,216.6,D,0
-21.7891,117.242,353.1,1.3,1.1,2014-01-11,0214,Terra,MODIS,94,6.2,324.1,62.3,D,0
-21.7951,117.2155,357.5,1.3,1.1,2014-01-11,0214,Terra,MODIS,98,6.2,317.9,81.1,D,0
-21.7971,117.2278,362.5,1.3,1.1,2014-01-11,0214,Terra,MODIS,100,6.2,321.2,95.9,D,0
-21.7992,117.2401,360,1.3,1.1,2014-01-11,0214,Terra,MODIS,99,6.2,322.6,79.8,D,0
-21.8013,117.2523,344.6,1.3,1.1,2014-01-11,0214,Terra,MODIS,69,6.2,323.7,30.9,D,0
-21.8113,117.2505,357.1,1.3,1.1,2014-01-11,0214,Terra,MODIS,98,6.2,323.5,67.6,D,0
-21.8253,117.2099,353.9,1.3,1.1,2014-01-11,0214,Terra,MODIS,76,6.2,321.4,63.4,D,0
-21.8274,117.2222,365.8,1.3,1.1,2014-01-11,0214,Terra,MODIS,100,6.2,325.8,107.2,D,0
-21.8435,117.257,342.3,1.3,1.1,2014-01-11,0214,Terra,MODIS,61,6.2,322,24.8,D,0
-21.8354,117.2147,339.9,1.3,1.1,2014-01-11,0214,Terra,MODIS,50,6.2,320.5,25.4,D,0
-21.8517,117.2495,353.9,1.3,1.1,2014-01-11,0214,Terra,MODIS,95,6.2,321,64.3,D,0
-21.6967,116.7619,333.1,1.4,1.2,2014-01-11,0214,Terra,MODIS,63,6.2,316.2,17.9,D,0
-22.1474,116.8186,376.6,1.3,1.1,2014-01-11,0214,Terra,MODIS,100,6.2,321.6,173.9,D,0
-22.1496,116.8313,375,1.3,1.1,2014-01-11,0214,Terra,MODIS,100,6.2,324,164.3,D,0
-22.289,118.1489,340.7,1.1,1.1,2014-01-11,0214,Terra,MODIS,81,6.2,319.8,28.7,D,0
-22.2771,116.4399,338,1.4,1.2,2014-01-11,0214,Terra,MODIS,77,6.2,315.9,31.2,D,0
-22.2872,118.1378,334.4,1.1,1.1,2014-01-11,0214,Terra,MODIS,67,6.2,317.7,16.9,D,0
-22.2236,117.3239,336.8,1.2,1.1,2014-01-11,0214,Terra,MODIS,41,6.2,317.7,22,D,0
-23.8217,120.1149,340.7,1,1,2014-01-11,0214,Terra,MODIS,81,6.2,325.2,17.1,D,0
-21.8538,117.2617,342.1,1.3,1.1,2014-01-11,0214,Terra,MODIS,67,6.2,320.7,32.1,D,0
-22.2621,116.4491,332.5,1.4,1.2,2014-01-11,0214,Terra,MODIS,32,6.2,315,19.9,D,0
-22.1518,116.8442,335.9,1.3,1.1,2014-01-11,0214,Terra,MODIS,46,6.2,320.8,15.8,D,0
-22.2738,116.4827,333.4,1.4,1.2,2014-01-11,0214,Terra,MODIS,32,6.2,317.6,17.2,D,0
-22.3212,115.7164,334.6,1.6,1.2,2014-01-11,0214,Terra,MODIS,66,6.2,318.2,20,D,0
-22.1393,116.8331,337.4,1.3,1.1,2014-01-11,0214,Terra,MODIS,64,6.2,320.6,20.6,D,0
-22.1371,116.8203,343.6,1.3,1.1,2014-01-11,0214,Terra,MODIS,85,6.2,320.9,37.4,D,0
-22.1409,116.8257,380,1.3,1.1,2014-01-11,0214,Terra,MODIS,100,6.2,325.3,196,D,0
-22.1388,116.8129,350.5,1.3,1.1,2014-01-11,0214,Terra,MODIS,92,6.2,319.7,58.4,D,0
-22.65,116.5192,344.4,1.4,1.2,2014-01-11,0214,Terra,MODIS,55,6.2,321.5,34.7,D,0
-22.2117,117.314,349,1.3,1.1,2014-01-11,0214,Terra,MODIS,91,6.2,318,50,D,0
-21.8984,117.3419,336.6,1.3,1.1,2014-01-11,0214,Terra,MODIS,73,6.2,315.8,27.8,D,0
-21.8964,117.3303,333.2,1.3,1.1,2014-01-11,0214,Terra,MODIS,63,6.2,315.5,21.3,D,0
-22.2137,117.3261,346.4,1.2,1.1,2014-01-11,0214,Terra,MODIS,88,6.2,317.1,43,D,0
-22.2795,116.4536,336.4,1.4,1.2,2014-01-11,0214,Terra,MODIS,41,6.2,317.9,24.8,D,0
-21.6322,121.6361,338.4,1,1,2014-01-11,0214,Terra,MODIS,27,6.2,327,11.7,D,0
-21.6441,121.6544,338.8,1,1,2014-01-11,0214,Terra,MODIS,26,6.2,325.2,13.2,D,0
-21.6308,121.6263,342.9,1,1,2014-01-11,0214,Terra,MODIS,84,6.2,328.2,19.5,D,0
-34.9681,116.7024,332.9,1,1,2014-01-11,0217,Terra,MODIS,58,6.2,305.2,23.3,D,0
-33.1159,150.334,326,3.1,1.7,2014-01-11,0316,Aqua,MODIS,66,6.2,299.9,92,D,0
-33.1132,150.3388,327.8,3.1,1.7,2014-01-11,0316,Aqua,MODIS,78,6.2,300.2,101.8,D,0
-33.0206,150.6152,324.1,2.9,1.6,2014-01-11,0317,Aqua,MODIS,38,6.2,294,74.9,D,0
-33.0057,150.6142,331,2.9,1.6,2014-01-11,0317,Aqua,MODIS,64,6.2,291.4,110.5,D,0
-33.0057,150.6067,331.6,2.9,1.6,2014-01-11,0317,Aqua,MODIS,69,6.2,293.9,121.6,D,0
-27.8958,151.1866,324.3,2.3,1.5,2014-01-11,0318,Aqua,MODIS,49,6.2,297.4,35.1,D,0
-27.8868,151.1783,328.7,2.3,1.5,2014-01-11,0318,Aqua,MODIS,73,6.2,298.4,55.7,D,0
-27.6688,141.5729,346,2.3,1.5,2014-01-11,0456,Aqua,MODIS,77,6.2,304.8,138.5,D,0
-27.6558,141.5695,335.7,2.3,1.5,2014-01-11,0456,Aqua,MODIS,53,6.2,302.1,83.1,D,0
-29.2311,146.4797,335.3,4.5,1.9,2014-01-11,0456,Aqua,MODIS,79,6.2,293.2,214.2,D,0
-29.2078,146.424,330.1,4.4,1.9,2014-01-11,0456,Aqua,MODIS,63,6.2,294.7,167.4,D,0
-29.2325,146.4762,330,4.5,1.9,2014-01-11,0456,Aqua,MODIS,68,6.2,293.3,145.2,D,0
-29.209,146.4203,328.8,4.4,1.9,2014-01-11,0456,Aqua,MODIS,49,6.2,294.8,150.8,D,0
-23.8849,128.8065,354.6,1.4,1.2,2014-01-11,0458,Aqua,MODIS,96,6.2,330.5,65.5,D,0
-23.8791,128.8133,365.8,1.4,1.2,2014-01-11,0458,Aqua,MODIS,100,6.2,331,117.4,D,0
-23.8807,128.7994,382.8,1.4,1.2,2014-01-11,0458,Aqua,MODIS,100,6.2,334.1,221.8,D,0
-23.8684,128.8118,347.4,1.4,1.2,2014-01-11,0458,Aqua,MODIS,89,6.2,328.7,41.6,D,0
-23.8701,128.7978,367.7,1.4,1.2,2014-01-11,0458,Aqua,MODIS,100,6.2,329,128.5,D,0
-18.8834,128.0655,379.8,1.4,1.2,2014-01-11,0459,Aqua,MODIS,100,6.2,327.4,191.4,D,0
-18.8849,128.0525,363.3,1.4,1.2,2014-01-11,0459,Aqua,MODIS,100,6.2,324.6,98.3,D,0
-21.7739,121.6336,357.9,4.4,1.9,2014-01-11,0459,Aqua,MODIS,98,6.2,327.7,461.6,D,0
-21.6637,121.6545,356.2,4.3,1.9,2014-01-11,0459,Aqua,MODIS,97,6.2,327.9,392.2,D,0
-21.7772,121.5913,334.5,4.4,1.9,2014-01-11,0459,Aqua,MODIS,50,6.2,324.4,68.9,D,0
-21.7699,121.672,337,4.3,1.9,2014-01-11,0459,Aqua,MODIS,73,6.2,326.5,102.8,D,0
-21.7734,121.6297,358.4,4.4,1.9,2014-01-11,0459,Aqua,MODIS,98,6.2,327.7,472.7,D,0
-21.6654,121.6624,352.6,4.3,1.9,2014-01-11,0459,Aqua,MODIS,94,6.2,327.2,314.8,D,0
-14.148,131.4709,325.9,1,1,2014-01-11,0500,Aqua,MODIS,31,6.2,303.4,13.3,D,0
-15.1409,132.9131,344.7,1.1,1,2014-01-11,0500,Aqua,MODIS,90,6.2,305.7,37.7,D,0
-16.1339,124.9795,325.1,2.1,1.4,2014-01-11,0500,Aqua,MODIS,73,6.2,294.5,37.3,D,0
-16.1329,124.9724,321.7,2.1,1.4,2014-01-11,0500,Aqua,MODIS,57,6.2,296.1,24.7,D,0
-17.6957,124.6887,333.2,2.3,1.5,2014-01-11,0500,Aqua,MODIS,45,6.2,304.5,36.7,D,0
-17.7105,124.7075,349.9,2.3,1.5,2014-01-11,0500,Aqua,MODIS,93,6.2,306.4,135.5,D,0
-17.713,124.6859,336,2.3,1.5,2014-01-11,0500,Aqua,MODIS,61,6.2,306.6,47,D,0
-17.6997,124.6844,337.3,2.3,1.5,2014-01-11,0500,Aqua,MODIS,76,6.2,302.9,54.5,D,0
-17.5543,127.4251,332,1.4,1.2,2014-01-11,0500,Aqua,MODIS,63,6.2,283.1,38.2,D,0
-34.9745,116.6954,326.9,1.6,1.2,2014-01-11,0633,Aqua,MODIS,34,6.2,306.6,26.5,D,0
-34.9713,116.7124,325,1.6,1.2,2014-01-11,0633,Aqua,MODIS,41,6.2,305.9,20.1,D,0
-31.9514,115.7935,337,1.6,1.2,2014-01-11,0634,Aqua,MODIS,74,6.2,318.3,28.8,D,0
-27.2674,114.1198,343.8,1.5,1.2,2014-01-11,0635,Aqua,MODIS,85,6.2,319.5,45.6,D,0
-27.2526,114.1258,436.3,1.5,1.2,2014-01-11,0635,Aqua,MODIS,100,6.2,335.9,985.4,D,0
-27.2554,114.1103,402.1,1.5,1.2,2014-01-11,0635,Aqua,MODIS,100,6.2,337.4,446.7,D,0
-27.2499,114.1412,338.4,1.5,1.2,2014-01-11,0635,Aqua,MODIS,58,6.2,319.2,24,D,0
-27.2536,114.1327,415.7,1.5,1.2,2014-01-11,0635,Aqua,MODIS,100,6.2,324.9,628.2,D,0
-27.2417,114.1232,339.9,1.5,1.2,2014-01-11,0635,Aqua,MODIS,80,6.2,321,28.5,D,0
-27.2564,114.1173,452.8,1.5,1.2,2014-01-11,0635,Aqua,MODIS,100,6.2,342.8,1354.1,D,0
-27.2593,114.1019,365.7,1.5,1.2,2014-01-11,0635,Aqua,MODIS,100,6.2,325.5,139.5,D,0
-27.2455,114.1148,341.5,1.5,1.2,2014-01-11,0635,Aqua,MODIS,73,6.2,321.1,33.5,D,0
-23.8197,117.5873,346.1,3.2,1.7,2014-01-11,0636,Aqua,MODIS,88,6.2,322.5,146.5,D,0
-23.8218,117.5802,336.3,3.2,1.7,2014-01-11,0636,Aqua,MODIS,59,6.2,321.9,55.5,D,0
-23.8132,117.618,337.6,3.2,1.7,2014-01-11,0636,Aqua,MODIS,75,6.2,322.6,64.2,D,0
-23.8155,117.6111,342.1,3.2,1.7,2014-01-11,0636,Aqua,MODIS,83,6.2,323.4,104.9,D,0
-22.2789,118.1435,330.4,3.8,1.8,2014-01-11,0636,Aqua,MODIS,42,6.2,315.2,60.6,D,0
-22.6361,116.5117,338.4,2.8,1.6,2014-01-11,0636,Aqua,MODIS,77,6.2,323.5,57.5,D,0
-22.2949,118.148,341.6,3.8,1.8,2014-01-11,0636,Aqua,MODIS,82,6.2,318,173.4,D,0
-22.3024,118.1127,338.1,3.7,1.8,2014-01-11,0636,Aqua,MODIS,76,6.2,316.6,136.1,D,0
-22.2897,118.142,348.9,3.8,1.8,2014-01-11,0637,Aqua,MODIS,91,6.2,318.1,271.6,D,0
-22.2825,116.4303,349.8,2.8,1.6,2014-01-11,0637,Aqua,MODIS,76,6.2,318.9,167.7,D,0
-22.1612,116.8053,360.2,3,1.7,2014-01-11,0637,Aqua,MODIS,100,6.2,321.6,308.9,D,0
-22.2683,116.4267,360.5,2.8,1.6,2014-01-11,0637,Aqua,MODIS,89,6.2,317.9,287.4,D,0
-22.282,116.4255,348.9,2.8,1.6,2014-01-11,0637,Aqua,MODIS,64,6.2,317.8,152.1,D,0
-21.8739,117.2325,353.4,3.3,1.7,2014-01-11,0637,Aqua,MODIS,95,6.2,319.7,264.5,D,0
-22.2626,116.4482,357,2.8,1.6,2014-01-11,0637,Aqua,MODIS,80,6.2,319.6,252.9,D,0
-21.8807,117.1997,343.1,3.3,1.7,2014-01-11,0637,Aqua,MODIS,84,6.2,316.8,143.9,D,0
-22.2135,117.3017,334.3,3.3,1.7,2014-01-11,0637,Aqua,MODIS,46,6.2,319.6,62.4,D,0
-22.2439,117.3091,335,3.3,1.7,2014-01-11,0637,Aqua,MODIS,53,6.2,316.2,79.4,D,0
-21.8586,117.2295,361.3,3.3,1.7,2014-01-11,0637,Aqua,MODIS,100,6.2,321.3,368,D,0
-22.2677,116.4219,363.4,2.8,1.6,2014-01-11,0637,Aqua,MODIS,87,6.2,317,326.9,D,0
-21.8652,117.1971,363,3.3,1.7,2014-01-11,0637,Aqua,MODIS,100,6.2,316.7,393.2,D,0
-21.8623,117.2228,360.8,3.3,1.7,2014-01-11,0637,Aqua,MODIS,100,6.2,320.9,365.9,D,0
-22.2629,116.453,361,2.8,1.6,2014-01-11,0637,Aqua,MODIS,100,6.2,320.1,299.4,D,0
-22.2969,118.1071,335.6,3.7,1.8,2014-01-11,0637,Aqua,MODIS,71,6.2,316.5,115.6,D,0
-21.8433,117.226,361.4,3.3,1.7,2014-01-11,0637,Aqua,MODIS,100,6.2,322.6,359.7,D,0
-21.8213,117.2544,344.4,3.3,1.7,2014-01-11,0637,Aqua,MODIS,68,6.2,325.3,140.1,D,0
-21.828,117.2225,352.9,3.3,1.7,2014-01-11,0637,Aqua,MODIS,94,6.2,322.6,244.2,D,0
-21.8127,117.219,356.1,3.3,1.7,2014-01-11,0637,Aqua,MODIS,91,6.2,322.9,277.3,D,0
-21.847,117.2193,383.8,3.3,1.7,2014-01-11,0637,Aqua,MODIS,100,6.2,323.8,817,D,0
-21.8253,117.2478,345.8,3.3,1.7,2014-01-11,0637,Aqua,MODIS,51,6.2,324.6,150.2,D,0
-21.81,117.2442,348,3.3,1.7,2014-01-11,0637,Aqua,MODIS,81,6.2,325.1,179.1,D,0
-21.8164,117.2122,358.4,3.3,1.7,2014-01-11,0637,Aqua,MODIS,98,6.2,322.4,315.2,D,0
-21.8011,117.2089,338,3.3,1.7,2014-01-11,0637,Aqua,MODIS,61,6.2,322.8,93.8,D,0
-21.7858,117.2055,344.6,3.3,1.7,2014-01-11,0637,Aqua,MODIS,86,6.2,320.4,155.2,D,0
-21.8501,117.1932,380.3,3.3,1.7,2014-01-11,0637,Aqua,MODIS,100,6.2,322.2,723.4,D,0
-21.8349,117.1896,346,3.3,1.7,2014-01-11,0637,Aqua,MODIS,44,6.2,318.5,164,D,0
-21.8536,117.1861,377.5,3.3,1.7,2014-01-11,0637,Aqua,MODIS,100,6.2,321.2,672.3,D,0
-21.8383,117.1829,344,3.3,1.7,2014-01-11,0637,Aqua,MODIS,36,6.2,317.9,145,D,0
-21.8077,117.1767,344.7,3.3,1.7,2014-01-11,0637,Aqua,MODIS,85,6.2,317,165,D,0
-21.7923,117.1738,358.1,3.3,1.7,2014-01-11,0637,Aqua,MODIS,98,6.2,318.9,323.8,D,0
-32.7252,150.7784,301.9,1,1,2014-01-11,1241,Terra,MODIS,7,6.2,279.8,6.8,N,0
-33.1704,150.5379,306.2,1.1,1,2014-01-11,1241,Terra,MODIS,40,6.2,290.9,5.9,N,0
-29.2054,149.9556,309.4,1,1,2014-01-11,1242,Terra,MODIS,77,6.2,293.6,8.2,N,0
-29.204,149.9663,323.4,1,1,2014-01-11,1242,Terra,MODIS,100,6.2,294.3,21.2,N,0
-29.1948,149.9647,312.6,1,1,2014-01-11,1242,Terra,MODIS,85,6.2,293.7,10.6,N,0
-31.1255,151.8074,307.3,1,1,2014-01-11,1242,Terra,MODIS,71,6.2,284.1,10.3,N,0
-29.8234,148.6293,307.6,1.2,1.1,2014-01-11,1242,Terra,MODIS,72,6.2,291.9,9.3,N,0
-29.8332,148.6309,306.8,1.2,1.1,2014-01-11,1242,Terra,MODIS,69,6.2,292.2,8.7,N,0
-30.0964,149.3729,312.2,1.1,1,2014-01-11,1242,Terra,MODIS,84,6.2,292.4,12.8,N,0
-26.3202,149.0214,304.5,1.1,1,2014-01-11,1243,Terra,MODIS,60,6.2,292.8,5.9,N,0
-26.3132,149.0252,320.3,1.1,1,2014-01-11,1243,Terra,MODIS,100,6.2,292.6,19.4,N,0
-26.3146,149.0147,319.5,1.1,1,2014-01-11,1243,Terra,MODIS,99,6.2,292.8,18.6,N,0
-29.1418,146.4479,360.2,1.5,1.2,2014-01-11,1243,Terra,MODIS,100,6.2,299.7,154.9,N,0
-29.2383,146.4988,310.3,1.5,1.2,2014-01-11,1243,Terra,MODIS,80,6.2,295.2,14.8,N,0
-29.185,146.4755,317.5,1.5,1.2,2014-01-11,1243,Terra,MODIS,95,6.2,296,23.6,N,0
-29.1638,146.451,313.8,1.5,1.2,2014-01-11,1243,Terra,MODIS,34,6.2,295.8,15.8,N,0
-29.1511,146.4651,328.1,1.5,1.2,2014-01-11,1243,Terra,MODIS,100,6.2,296.7,43.2,N,0
-29.1528,146.4495,321,1.5,1.2,2014-01-11,1243,Terra,MODIS,89,6.2,296.5,27.4,N,0
-29.1545,146.4338,333,1.5,1.2,2014-01-11,1243,Terra,MODIS,100,6.2,297.6,54.3,N,0
-29.1401,146.4635,356.4,1.5,1.2,2014-01-11,1243,Terra,MODIS,100,6.2,298.4,137.5,N,0
-29.1308,146.4463,329.8,1.5,1.2,2014-01-11,1243,Terra,MODIS,100,6.2,296.3,49.6,N,0
-29.1324,146.4307,311.1,1.5,1.2,2014-01-11,1243,Terra,MODIS,82,6.2,296.5,15.7,N,0
-26.7005,150.5471,323.1,1,1,2014-01-11,1243,Terra,MODIS,100,6.2,293.2,20,N,0
-26.7019,150.5371,312,1,1,2014-01-11,1243,Terra,MODIS,84,6.2,292.7,10,N,0
-26.4534,149.4723,303,1,1,2014-01-11,1243,Terra,MODIS,46,6.2,292.9,4.2,N,0
-23.7065,148.6837,307.5,1,1,2014-01-11,1244,Terra,MODIS,72,6.2,291.4,7.3,N,0
-23.6993,147.2141,302.2,1.2,1.1,2014-01-11,1244,Terra,MODIS,19,6.2,292.1,4.8,N,0
-23.7424,147.2037,306.1,1.2,1.1,2014-01-11,1244,Terra,MODIS,67,6.2,288.8,6.7,N,0
-23.3571,148.4297,303.7,1.1,1,2014-01-11,1244,Terra,MODIS,56,6.2,292,4.5,N,0
-23.8579,147.2501,309.8,1.2,1.1,2014-01-11,1244,Terra,MODIS,78,6.2,291.5,10.5,N,0
-23.8593,147.2388,309.7,1.2,1.1,2014-01-11,1244,Terra,MODIS,78,6.2,291.4,10.1,N,0
-23.7674,147.2423,303.2,1.2,1.1,2014-01-11,1244,Terra,MODIS,23,6.2,289.3,5.6,N,0
-23.7689,147.2307,313,1.2,1.1,2014-01-11,1244,Terra,MODIS,86,6.2,291.7,13.7,N,0
-24.6425,149.0324,303.3,1,1,2014-01-11,1244,Terra,MODIS,54,6.2,291.3,4.4,N,0
-24.6383,149.0629,303.1,1,1,2014-01-11,1244,Terra,MODIS,53,6.2,291.6,4.1,N,0
-24.6759,151.7954,301.9,1.1,1,2014-01-11,1244,Terra,MODIS,45,6.2,290.5,5,N,0
-30.871,121.4908,311.3,1.7,1.3,2014-01-11,1421,Terra,MODIS,77,6.2,298.6,16.1,N,2
-23.8239,117.584,317,2.5,1.5,2014-01-11,1423,Terra,MODIS,88,6.2,300.6,45,N,0
-23.8177,117.5782,316,2.5,1.5,2014-01-11,1423,Terra,MODIS,82,6.2,299.1,41.6,N,0
-23.8154,117.6027,312.9,2.5,1.5,2014-01-11,1423,Terra,MODIS,56,6.2,302.1,29.9,N,0
-22.243,117.323,313.4,2.5,1.5,2014-01-11,1423,Terra,MODIS,79,6.2,295.8,33.3,N,0
-22.2517,117.3051,306.5,2.5,1.5,2014-01-11,1423,Terra,MODIS,54,6.2,295.9,16.4,N,0
-22.2356,117.3281,315.3,2.5,1.5,2014-01-11,1423,Terra,MODIS,89,6.2,296.9,39.1,N,0
-22.2379,117.3037,347.9,2.5,1.5,2014-01-11,1423,Terra,MODIS,100,6.2,299,208.3,N,0
-22.2219,117.3264,310.9,2.5,1.5,2014-01-11,1423,Terra,MODIS,60,6.2,297.2,25.8,N,0
-22.2455,117.2986,337.8,2.5,1.5,2014-01-11,1423,Terra,MODIS,100,6.2,297.8,139.2,N,0
-22.2292,117.3218,317,2.5,1.5,2014-01-11,1423,Terra,MODIS,93,6.2,297,44.9,N,0
-22.2317,117.2973,323.7,2.5,1.5,2014-01-11,1423,Terra,MODIS,100,6.2,297.7,70.2,N,0
-22.2893,118.1164,311.7,2.2,1.4,2014-01-11,1423,Terra,MODIS,78,6.2,298.9,21.7,N,0
-22.2763,118.1151,310.7,2.2,1.4,2014-01-11,1423,Terra,MODIS,75,6.2,299.5,18.9,N,0
-22.3322,115.7666,314.1,3.2,1.7,2014-01-11,1423,Terra,MODIS,86,6.2,298.8,49.8,N,0
-22.3206,115.7588,311.5,3.2,1.7,2014-01-11,1423,Terra,MODIS,78,6.2,298.3,40,N,0
-22.335,115.7349,327.6,3.3,1.7,2014-01-11,1423,Terra,MODIS,100,6.2,299.2,123.8,N,0
-22.3195,115.7333,310.9,3.3,1.7,2014-01-11,1423,Terra,MODIS,75,6.2,298.3,37.2,N,0
-22.3236,115.7271,318.3,3.3,1.7,2014-01-11,1423,Terra,MODIS,96,6.2,298.6,70.4,N,0
-22.2403,117.2786,317.1,2.5,1.5,2014-01-11,1423,Terra,MODIS,93,6.2,296,45.2,N,0
-22.4246,120.3261,310.7,1.5,1.2,2014-01-11,1423,Terra,MODIS,76,6.2,300.4,11.9,N,0
-21.6264,121.6498,311.6,1.2,1.1,2014-01-11,1423,Terra,MODIS,79,6.2,298.7,11,N,0
-21.6548,121.6661,309,1.2,1.1,2014-01-11,1423,Terra,MODIS,70,6.2,298,9,N,0
-21.6363,121.6513,317.6,1.2,1.1,2014-01-11,1423,Terra,MODIS,95,6.2,299.1,17.4,N,0
-21.6094,121.6231,324.8,1.2,1.1,2014-01-11,1423,Terra,MODIS,100,6.2,300.8,28.2,N,0
-18.7538,127.5153,306.4,1.3,1.1,2014-01-11,1424,Terra,MODIS,67,6.2,290.9,7.8,N,0
-18.7557,127.5031,310.5,1.3,1.1,2014-01-11,1424,Terra,MODIS,80,6.2,291.2,11.7,N,0
-21.8489,117.2262,311.2,2.5,1.5,2014-01-11,1424,Terra,MODIS,76,6.2,300.1,23.8,N,0
-21.8077,117.2212,309.8,2.5,1.5,2014-01-11,1424,Terra,MODIS,64,6.2,299.7,21,N,0
-21.7825,117.1937,314.1,2.5,1.5,2014-01-11,1424,Terra,MODIS,58,6.2,299.9,31.6,N,0
-21.7765,117.1864,315,2.5,1.5,2014-01-11,1424,Terra,MODIS,87,6.2,300.1,37.6,N,0
-21.8513,117.2025,311.4,2.5,1.5,2014-01-11,1424,Terra,MODIS,77,6.2,300.1,24.3,N,0
-19.469,122.0545,308.7,1.1,1.1,2014-01-11,1424,Terra,MODIS,71,6.2,294.4,6.7,N,0
-19.4703,122.0438,310.4,1.1,1.1,2014-01-11,1424,Terra,MODIS,76,6.2,294.5,7.7,N,0
-19.4594,122.0531,312.4,1.1,1.1,2014-01-11,1424,Terra,MODIS,82,6.2,294.6,9.5,N,0
-19.4608,122.0424,335,1.1,1.1,2014-01-11,1424,Terra,MODIS,100,6.2,295.7,38.2,N,0
-19.4622,122.0317,315,1.1,1.1,2014-01-11,1424,Terra,MODIS,89,6.2,295.1,11.6,N,0
-23.7676,147.2435,301.4,1.7,1.3,2014-01-11,1553,Aqua,MODIS,41,6.2,290.4,8,N,0
-20.7433,139.1344,306.5,1.3,1.1,2014-01-11,1553,Aqua,MODIS,60,6.2,294.8,6.4,N,0
-20.729,139.4822,314.6,1.2,1.1,2014-01-11,1553,Aqua,MODIS,89,6.2,295.4,13.2,N,0
-20.695,139.156,308.9,1.3,1.1,2014-01-11,1553,Aqua,MODIS,74,6.2,295.2,8.9,N,0
-20.7403,139.1283,305.8,1.3,1.1,2014-01-11,1553,Aqua,MODIS,53,6.2,294.5,5.7,N,0
-27.668,141.5573,306.6,1,1,2014-01-11,1555,Aqua,MODIS,67,6.2,293.4,7.2,N,0
-29.1469,146.4587,348.9,1.8,1.3,2014-01-11,1555,Aqua,MODIS,100,6.2,296.9,135.7,N,0
-29.1488,146.4772,338,1.8,1.3,2014-01-11,1555,Aqua,MODIS,100,6.2,295.7,89.8,N,0
-29.1588,146.4572,317.6,1.8,1.3,2014-01-11,1555,Aqua,MODIS,93,6.2,294.6,31.1,N,0
-29.1607,146.4757,330,1.8,1.3,2014-01-11,1555,Aqua,MODIS,100,6.2,293.9,62.9,N,0
-29.2165,146.4822,307.3,1.8,1.3,2014-01-11,1555,Aqua,MODIS,66,6.2,293.6,16.2,N,0
-17.5224,127.5416,300.5,3.3,1.7,2014-01-11,1730,Aqua,MODIS,15,6.2,283.4,17,N,0
-21.848,117.2194,327.5,1,1,2014-01-11,1732,Aqua,MODIS,100,6.2,299.4,22.5,N,0
-21.8494,117.229,315.3,1,1,2014-01-11,1732,Aqua,MODIS,89,6.2,299.3,10.1,N,0
-20.5938,116.7859,315,1,1,2014-01-11,1732,Aqua,MODIS,88,6.2,299.6,10.2,N,2
-22.2521,116.4835,337.3,1,1,2014-01-11,1732,Aqua,MODIS,100,6.2,300.6,37,N,0
-22.2053,117.3323,315.7,1,1,2014-01-11,1732,Aqua,MODIS,90,6.2,298.9,10.7,N,0
-22.2279,117.2988,320.8,1,1,2014-01-11,1732,Aqua,MODIS,100,6.2,299,15.8,N,0
-22.2308,117.3181,309.9,1,1,2014-01-11,1732,Aqua,MODIS,36,6.2,297.1,6.1,N,0
-22.1298,116.8286,319.9,1,1,2014-01-11,1732,Aqua,MODIS,99,6.2,299.4,14.6,N,0
-22.2749,118.1291,311.5,1,1,2014-01-11,1732,Aqua,MODIS,81,6.2,298.9,8,N,0
-22.2142,117.3308,308.8,1,1,2014-01-11,1732,Aqua,MODIS,66,6.2,297.2,5.4,N,0
-22.2322,117.3277,325,1,1,2014-01-11,1732,Aqua,MODIS,100,6.2,297.4,20,N,0
-22.2383,117.3069,312.7,1,1,2014-01-11,1732,Aqua,MODIS,82,6.2,297.4,8.5,N,0
-21.8948,117.3532,312.6,1,1,2014-01-11,1732,Aqua,MODIS,83,6.2,299.8,8.5,N,0
-21.8934,117.3435,309.8,1,1,2014-01-11,1732,Aqua,MODIS,75,6.2,299.3,6.6,N,0
-21.6521,121.6777,309.6,1.4,1.2,2014-01-11,1732,Aqua,MODIS,78,6.2,295,13.1,N,0
-21.6415,121.6792,310.3,1.4,1.2,2014-01-11,1732,Aqua,MODIS,72,6.2,296.1,13.5,N,0
-21.6466,121.6729,314.6,1.4,1.2,2014-01-11,1732,Aqua,MODIS,90,6.2,295.9,19.8,N,0
-21.6399,121.6656,319.5,1.4,1.2,2014-01-11,1732,Aqua,MODIS,99,6.2,296.2,25.9,N,0
-27.2296,114.0161,327.7,1.1,1,2014-01-11,1733,Aqua,MODIS,100,6.2,299.9,26.9,N,0
-27.2314,114.0272,316.5,1.1,1,2014-01-11,1733,Aqua,MODIS,93,6.2,298.9,13.7,N,0
-32.8246,116.4812,305.5,1.1,1,2014-01-11,1735,Aqua,MODIS,65,6.2,294.5,6.3,N,0
-26.2428,149.5884,333,2.8,1.6,2014-01-11,2341,Terra,MODIS,81,6.2,299.9,91.2,D,0
-26.2486,149.6156,329.5,2.7,1.6,2014-01-11,2341,Terra,MODIS,77,6.2,301.7,68.1,D,0
-29.1542,146.4711,348.7,3.8,1.8,2014-01-11,2342,Terra,MODIS,87,6.2,305.7,318.9,D,0
-29.1703,146.4662,364.1,3.8,1.8,2014-01-11,2342,Terra,MODIS,87,6.2,298.8,584,D,0
-29.179,146.5045,361,3.8,1.8,2014-01-11,2342,Terra,MODIS,100,6.2,302.4,512.4,D,0
-29.1596,146.4639,357.4,3.8,1.8,2014-01-11,2342,Terra,MODIS,92,6.2,303.3,457.1,D,0
-29.1846,146.4972,327.9,3.8,1.8,2014-01-11,2342,Terra,MODIS,43,6.2,301.7,77.3,D,0
-29.2328,146.4827,332,3.8,1.8,2014-01-11,2342,Terra,MODIS,60,6.2,304.4,118.7,D,0
-29.2007,146.4924,328.8,3.8,1.8,2014-01-11,2342,Terra,MODIS,36,6.2,304.7,88.3,D,0
-29.2219,146.4784,332.6,3.8,1.8,2014-01-11,2342,Terra,MODIS,62,6.2,304.3,127.9,D,0
-29.2488,146.4777,326,3.8,1.8,2014-01-11,2342,Terra,MODIS,33,6.2,301.5,70.5,D,0
-29.1756,146.459,331.8,3.8,1.8,2014-01-11,2342,Terra,MODIS,59,6.2,296.1,119,D,0
-29.2469,146.5114,327.9,3.8,1.8,2014-01-11,2342,Terra,MODIS,29,6.2,303.8,74.4,D,0
-29.1685,146.502,374.2,3.8,1.8,2014-01-11,2342,Terra,MODIS,100,6.2,305.1,803.1,D,0
-29.163,146.5093,342,3.8,1.8,2014-01-11,2342,Terra,MODIS,86,6.2,303.7,224.4,D,0
-32.7575,150.6535,324.1,1.7,1.3,2014-01-11,2342,Terra,MODIS,69,6.2,297,33.3,D,0
-32.7304,150.6852,319.5,1.7,1.3,2014-01-11,2342,Terra,MODIS,43,6.2,297.6,23.3,D,0
-33.0199,150.5069,319.4,1.7,1.3,2014-01-11,2343,Terra,MODIS,47,6.2,298,21.8,D,0
-33.0551,150.6253,326.5,1.7,1.3,2014-01-11,2343,Terra,MODIS,51,6.2,299.7,28.6,D,0
-34.465,150.8871,319.9,1.5,1.2,2014-01-11,2343,Terra,MODIS,0,6.2,300.2,13.3,D,2
-17.5176,127.5453,322,2.7,1.6,2014-01-12,0117,Terra,MODIS,13,6.2,287.1,40.9,D,0
-17.5287,127.5487,329.9,2.7,1.6,2014-01-12,0117,Terra,MODIS,74,6.2,289.7,80.4,D,0
-20.772,139.1052,338.2,1.5,1.2,2014-01-12,0118,Terra,MODIS,80,6.2,307,35.8,D,0
-20.7629,139.1206,334.4,1.5,1.2,2014-01-12,0118,Terra,MODIS,74,6.2,308.4,23.1,D,0
-20.7505,139.1081,336.8,1.5,1.2,2014-01-12,0118,Terra,MODIS,73,6.2,308.2,33.5,D,0
-20.7079,139.1487,332.1,1.5,1.2,2014-01-12,0118,Terra,MODIS,70,6.2,307,20.2,D,0
-20.7521,139.122,331.9,1.5,1.2,2014-01-12,0118,Terra,MODIS,69,6.2,308.6,18.1,D,0
-20.7612,139.1067,342.1,1.5,1.2,2014-01-12,0118,Terra,MODIS,85,6.2,308.5,47.7,D,0
-20.7187,139.1473,331.7,1.5,1.2,2014-01-12,0118,Terra,MODIS,57,6.2,308.7,17.8,D,0
-27.6667,141.5778,335.3,2.7,1.6,2014-01-12,0119,Terra,MODIS,62,6.2,310.3,68.7,D,0
-27.6786,141.549,339.7,2.7,1.6,2014-01-12,0119,Terra,MODIS,76,6.2,314.2,98.5,D,0
-27.6928,141.5476,338.5,2.7,1.6,2014-01-12,0119,Terra,MODIS,79,6.2,310.5,91.9,D,0
-27.6819,141.542,346.1,2.7,1.6,2014-01-12,0119,Terra,MODIS,89,6.2,314.3,144.5,D,0
-25.2718,142.1807,328.7,2.8,1.6,2014-01-12,0119,Terra,MODIS,55,6.2,305.4,40.8,D,0
-25.6722,140.4052,334.7,2.1,1.4,2014-01-12,0119,Terra,MODIS,45,6.2,309.1,44.2,D,0
-21.7861,117.1771,342.6,2.4,1.5,2014-01-12,0257,Terra,MODIS,76,6.2,325,76,D,0
-22.2899,115.7254,336.3,1.9,1.3,2014-01-12,0257,Terra,MODIS,72,6.2,313.8,34,D,0
-22.3047,118.1321,332.6,2.9,1.6,2014-01-12,0257,Terra,MODIS,61,6.2,314.2,73,D,0
-22.3303,115.7138,338.7,1.9,1.3,2014-01-12,0257,Terra,MODIS,66,6.2,320.7,34.9,D,0
-22.3222,115.7523,355.2,1.9,1.3,2014-01-12,0257,Terra,MODIS,96,6.2,321.2,115.1,D,0
-22.3202,115.7338,349.1,1.9,1.3,2014-01-12,0257,Terra,MODIS,81,6.2,322.9,80.8,D,0
-22.308,115.7353,339.3,1.9,1.3,2014-01-12,0257,Terra,MODIS,36,6.2,317.3,39.1,D,0
-22.2958,115.7369,358.8,1.9,1.3,2014-01-12,0257,Terra,MODIS,99,6.2,316.2,149.5,D,0
-21.908,117.3447,354.1,2.5,1.5,2014-01-12,0257,Terra,MODIS,95,6.2,315.9,199.2,D,0
-21.901,117.3391,351,2.5,1.5,2014-01-12,0257,Terra,MODIS,93,6.2,317.4,173.4,D,0
-22.2383,117.3059,335.1,2.5,1.5,2014-01-12,0257,Terra,MODIS,52,6.2,318.2,61.8,D,0
-22.236,117.2827,350.8,2.5,1.5,2014-01-12,0257,Terra,MODIS,92,6.2,319.2,165.9,D,0
-22.2223,117.2843,344.3,2.5,1.5,2014-01-12,0257,Terra,MODIS,85,6.2,320.8,110.5,D,0
-21.9034,117.3641,331.8,2.5,1.5,2014-01-12,0257,Terra,MODIS,58,6.2,317,46.3,D,0
-22.2087,117.2859,336.4,2.5,1.5,2014-01-12,0257,Terra,MODIS,63,6.2,320.4,60.4,D,0
-22.2938,115.7184,336.6,1.9,1.3,2014-01-12,0257,Terra,MODIS,71,6.2,315.3,34.6,D,0
-22.2017,117.2921,338.4,2.5,1.5,2014-01-12,0257,Terra,MODIS,78,6.2,319.6,71,D,0
-22.3041,115.7423,353,1.9,1.3,2014-01-12,0257,Terra,MODIS,94,6.2,317.3,112.2,D,0
-22.302,115.7238,352.5,1.9,1.3,2014-01-12,0257,Terra,MODIS,94,6.2,317.5,110,D,0
-22.2421,116.4652,337.2,2.1,1.4,2014-01-12,0257,Terra,MODIS,65,6.2,319.7,47.4,D,0
-22.2443,116.4855,336.4,2.2,1.4,2014-01-12,0257,Terra,MODIS,67,6.2,317.5,43.4,D,0
-28.4091,116.0425,336.7,2.4,1.5,2014-01-12,0258,Terra,MODIS,74,6.2,319.8,46.3,D,0
-28.4165,116.0361,342.9,2.4,1.5,2014-01-12,0258,Terra,MODIS,84,6.2,319.8,84.2,D,0
-28.4187,116.0606,342.2,2.4,1.5,2014-01-12,0258,Terra,MODIS,83,6.2,319.9,81.7,D,0
-27.1936,114.1354,352.3,1.7,1.3,2014-01-12,0258,Terra,MODIS,94,6.2,318.3,96.1,D,0
-27.1819,114.1369,375.9,1.7,1.3,2014-01-12,0258,Terra,MODIS,100,6.2,317.7,251.5,D,0
-27.1917,114.1182,350.1,1.7,1.3,2014-01-12,0258,Terra,MODIS,92,6.2,314.8,84,D,0
-31.6657,115.7592,332.9,2.5,1.5,2014-01-12,0259,Terra,MODIS,72,6.2,307.9,69.7,D,0
-41.6294,145.6105,308.8,1.6,1.3,2014-01-12,0357,Aqua,MODIS,56,6.2,291.3,15.2,D,0
-38.1045,145.1611,317,1.5,1.2,2014-01-12,0358,Aqua,MODIS,27,6.2,302.9,10.1,D,0
-33.1523,150.5583,339.2,1,1,2014-01-12,0359,Aqua,MODIS,86,6.2,306.3,27.3,D,0
-33.0152,150.601,349.6,1,1,2014-01-12,0359,Aqua,MODIS,94,6.2,306,47.4,D,0
-33.0135,150.612,348.6,1,1,2014-01-12,0359,Aqua,MODIS,93,6.2,310.4,45.4,D,0
-33.026,150.5921,332.5,1,1,2014-01-12,0359,Aqua,MODIS,56,6.2,305.2,17,D,0
-33.0243,150.6031,345.2,1,1,2014-01-12,0359,Aqua,MODIS,91,6.2,307.2,35.7,D,0
-33.0226,150.6141,354.2,1,1,2014-01-12,0359,Aqua,MODIS,96,6.2,312.6,57.5,D,0
-33.1739,150.5403,372.9,1,1,2014-01-12,0359,Aqua,MODIS,100,6.2,308.6,115.9,D,0
-33.1829,150.5424,342.6,1,1,2014-01-12,0359,Aqua,MODIS,89,6.2,305.6,36.8,D,0
-33.0169,150.5901,367.7,1,1,2014-01-12,0359,Aqua,MODIS,100,6.2,306.9,99.5,D,0
-33.154,150.5472,327.1,1,1,2014-01-12,0359,Aqua,MODIS,50,6.2,306.3,10.9,D,0
-33.1607,150.5033,322.1,1,1,2014-01-12,0359,Aqua,MODIS,26,6.2,301.3,8.5,D,0
-33.1466,150.5342,352.1,1,1,2014-01-12,0359,Aqua,MODIS,95,6.2,305.1,55,D,0
-33.0112,150.5834,355.2,1,1,2014-01-12,0359,Aqua,MODIS,97,6.2,305.7,64.7,D,0
-32.7704,150.6426,366.2,1,1,2014-01-12,0359,Aqua,MODIS,87,6.2,298.2,99.2,D,0
-32.7613,150.6406,369.4,1,1,2014-01-12,0359,Aqua,MODIS,87,6.2,298.9,110.1,D,0
-32.7343,150.6922,330.7,1,1,2014-01-12,0359,Aqua,MODIS,53,6.2,303.1,17.6,D,0
-32.7326,150.7032,352,1,1,2014-01-12,0359,Aqua,MODIS,95,6.2,306.5,57,D,0
-33.0095,150.5943,341,1,1,2014-01-12,0359,Aqua,MODIS,88,6.2,305.2,32.9,D,0
-33.0078,150.6053,343.1,1,1,2014-01-12,0359,Aqua,MODIS,90,6.2,307.9,36.6,D,0
-33.0186,150.5791,375.9,1,1,2014-01-12,0359,Aqua,MODIS,100,6.2,307.7,129.4,D,0
-33.1722,150.5514,340.6,1,1,2014-01-12,0359,Aqua,MODIS,88,6.2,306.4,30.5,D,0
-33.0334,150.6051,341.3,1,1,2014-01-12,0359,Aqua,MODIS,88,6.2,307.1,29.4,D,0
-33.0317,150.6161,338.9,1,1,2014-01-12,0359,Aqua,MODIS,86,6.2,311.2,26.7,D,0
-33.0442,150.5961,337,1,1,2014-01-12,0359,Aqua,MODIS,84,6.2,306.1,22.6,D,0
-33.0425,150.6071,355,1,1,2014-01-12,0359,Aqua,MODIS,97,6.2,308.6,58.6,D,0
-33.0408,150.6182,342.4,1,1,2014-01-12,0359,Aqua,MODIS,89,6.2,310,32.2,D,0
-33.0533,150.5982,333.5,1,1,2014-01-12,0359,Aqua,MODIS,81,6.2,307.9,17,D,0
-33.0516,150.6092,353.3,1,1,2014-01-12,0359,Aqua,MODIS,96,6.2,308.5,55.1,D,0
-33.0499,150.6202,342.7,1,1,2014-01-12,0359,Aqua,MODIS,89,6.2,309.4,32.9,D,0
-33.0607,150.6113,330.4,1,1,2014-01-12,0359,Aqua,MODIS,77,6.2,307.9,13.3,D,0
-33.059,150.6222,335.1,1,1,2014-01-12,0359,Aqua,MODIS,82,6.2,308.6,20.1,D,0
-33.1756,150.5293,354.8,1,1,2014-01-12,0359,Aqua,MODIS,97,6.2,305,61.2,D,0
-32.7721,150.6316,351.5,1,1,2014-01-12,0359,Aqua,MODIS,95,6.2,306,58.1,D,0
-32.763,150.6295,399.4,1,1,2014-01-12,0359,Aqua,MODIS,100,6.2,308.5,252.4,D,0
-32.7647,150.6185,352.5,1,1,2014-01-12,0359,Aqua,MODIS,96,6.2,302.3,60.7,D,0
-33.1846,150.5313,356.9,1,1,2014-01-12,0359,Aqua,MODIS,98,6.2,307.7,68.1,D,0
-33.1483,150.5232,394.8,1,1,2014-01-12,0359,Aqua,MODIS,100,6.2,309,218.6,D,0
-33.1631,150.5494,334,1,1,2014-01-12,0359,Aqua,MODIS,81,6.2,305.9,19,D,0
-33.1506,150.5694,327.2,1,1,2014-01-12,0359,Aqua,MODIS,48,6.2,306.7,9.6,D,0
-33.1373,150.3557,329.4,1,1,2014-01-12,0359,Aqua,MODIS,35,6.2,305,14.3,D,0
-33.1461,150.3534,329.5,1,1,2014-01-12,0359,Aqua,MODIS,23,6.2,303.9,15.1,D,0
-33.2066,149.9526,331.4,1,1,2014-01-12,0359,Aqua,MODIS,59,6.2,305.2,18.6,D,0
-33.1445,150.3642,334.7,1,1,2014-01-12,0359,Aqua,MODIS,67,6.2,303.6,21.6,D,0
-33.1863,150.5204,349.6,1,1,2014-01-12,0359,Aqua,MODIS,94,6.2,306.8,51.1,D,0
-33.1299,150.3429,334.1,1,1,2014-01-12,0359,Aqua,MODIS,72,6.2,304.7,21.5,D,0
-32.6374,150.7785,349.6,1,1,2014-01-12,0400,Aqua,MODIS,86,6.2,301.7,54,D,0
-32.7235,150.7011,328.7,1,1,2014-01-12,0400,Aqua,MODIS,55,6.2,297.9,14.1,D,0
-32.727,150.6788,325.3,1,1,2014-01-12,0400,Aqua,MODIS,42,6.2,299.7,10.7,D,0
-31.7777,152.0827,325.4,1.2,1.1,2014-01-12,0400,Aqua,MODIS,42,6.2,305.3,15.7,D,0
-27.6794,141.5593,352.1,1.9,1.4,2014-01-12,0401,Aqua,MODIS,89,6.2,312.7,124.8,D,0
-27.6653,141.5773,335.3,1.9,1.3,2014-01-12,0401,Aqua,MODIS,43,6.2,302.9,45.7,D,0
-27.653,141.5757,346.7,1.9,1.3,2014-01-12,0401,Aqua,MODIS,67,6.2,308,99.2,D,0
-27.4953,153.4346,351.1,1.7,1.3,2014-01-12,0401,Aqua,MODIS,82,6.2,304.6,104.3,D,0
-29.1746,146.4657,340,1.1,1,2014-01-12,0401,Aqua,MODIS,35,6.2,306.7,32.4,D,0
-26.1366,151.7845,359.2,1.4,1.2,2014-01-12,0401,Aqua,MODIS,99,6.2,316.8,100.1,D,0
-26.4806,149.4619,339.8,1.1,1,2014-01-12,0401,Aqua,MODIS,32,6.2,314.8,22.6,D,0
-26.4586,149.4797,343.4,1.1,1,2014-01-12,0401,Aqua,MODIS,61,6.2,314.4,25.5,D,0
-26.4515,149.4828,347.4,1.1,1,2014-01-12,0401,Aqua,MODIS,90,6.2,318.6,37.5,D,0
-25.343,150.4619,336.1,1.2,1.1,2014-01-12,0401,Aqua,MODIS,64,6.2,309.6,28.4,D,0
-24.6304,149.0944,357.5,1.1,1,2014-01-12,0402,Aqua,MODIS,98,6.2,308.1,67.6,D,0
-24.6574,149.0444,335.1,1.1,1,2014-01-12,0402,Aqua,MODIS,57,6.2,311.1,19.2,D,0
-24.6397,149.0961,354.2,1.1,1,2014-01-12,0402,Aqua,MODIS,96,6.2,311.4,57.5,D,0
-24.6464,149.0533,395.9,1.1,1,2014-01-12,0402,Aqua,MODIS,100,6.2,310.9,237.4,D,0
-24.638,149.1068,358.6,1.1,1,2014-01-12,0402,Aqua,MODIS,99,6.2,311.8,69.3,D,0
-24.6388,149.0407,339.6,1.1,1,2014-01-12,0402,Aqua,MODIS,73,6.2,305.1,32.6,D,0
-24.6447,149.0641,349.2,1.1,1,2014-01-12,0402,Aqua,MODIS,91,6.2,307.9,46.9,D,0
-24.6557,149.0551,402.4,1.1,1,2014-01-12,0402,Aqua,MODIS,100,6.2,318.2,277.5,D,0
-23.827,146.3821,341.8,1,1,2014-01-12,0402,Aqua,MODIS,86,6.2,310.6,31.4,D,0
-24.654,149.0659,351.4,1.1,1,2014-01-12,0402,Aqua,MODIS,94,6.2,313.3,49.3,D,0
-24.6404,149.0302,397.3,1.1,1,2014-01-12,0402,Aqua,MODIS,100,6.2,310.7,251.4,D,0
-24.627,149.1158,338.3,1.1,1,2014-01-12,0402,Aqua,MODIS,83,6.2,311.8,21.7,D,0
-24.6287,149.1051,356.7,1.1,1,2014-01-12,0402,Aqua,MODIS,98,6.2,309.1,64.5,D,0
-24.6311,149.0283,338.4,1.1,1,2014-01-12,0402,Aqua,MODIS,83,6.2,300.4,32.1,D,0
-24.6354,149.0622,348.2,1.1,1,2014-01-12,0402,Aqua,MODIS,92,6.2,304.8,48.2,D,0
-23.8284,146.3723,352.1,1,1,2014-01-12,0402,Aqua,MODIS,94,6.2,311.2,51.9,D,0
-22.3329,150.0638,328.7,1.3,1.1,2014-01-12,0402,Aqua,MODIS,74,6.2,303.8,17,D,0
-22.8934,146.8683,350.4,1,1,2014-01-12,0402,Aqua,MODIS,93,6.2,317.5,38.9,D,0
-22.8948,146.8586,360.7,1,1,2014-01-12,0402,Aqua,MODIS,100,6.2,320.4,63.8,D,0
-22.8962,146.8488,370.4,1,1,2014-01-12,0402,Aqua,MODIS,100,6.2,320.6,94.3,D,0
-22.8976,146.8391,352,1,1,2014-01-12,0402,Aqua,MODIS,94,6.2,318,45.3,D,0
-22.8859,146.8614,338.5,1,1,2014-01-12,0402,Aqua,MODIS,81,6.2,315.1,17.7,D,0
-22.8873,146.8517,366.8,1,1,2014-01-12,0402,Aqua,MODIS,100,6.2,320.4,83.8,D,0
-22.8887,146.842,403.9,1,1,2014-01-12,0402,Aqua,MODIS,100,6.2,327.8,256.9,D,0
-22.8901,146.8323,390.3,1,1,2014-01-12,0402,Aqua,MODIS,100,6.2,322,182.4,D,0
-22.8798,146.8405,342.9,1,1,2014-01-12,0402,Aqua,MODIS,86,6.2,306.7,27.9,D,0
-22.8812,146.8307,343.5,1,1,2014-01-12,0402,Aqua,MODIS,81,6.2,299.6,30.3,D,0
-23.7072,148.7007,335.4,1.1,1,2014-01-12,0402,Aqua,MODIS,69,6.2,311.8,20.7,D,0
-23.7088,148.6902,353.3,1.1,1,2014-01-12,0402,Aqua,MODIS,95,6.2,314.1,57.3,D,0
-23.7104,148.6796,347.2,1.1,1,2014-01-12,0402,Aqua,MODIS,91,6.2,314,41.8,D,0
-23.6995,148.6884,337.3,1.1,1,2014-01-12,0402,Aqua,MODIS,80,6.2,311,23.6,D,0
-23.7012,148.6779,351.9,1.1,1,2014-01-12,0402,Aqua,MODIS,94,6.2,310.4,53.6,D,0
-23.7621,147.2194,344.2,1,1,2014-01-12,0402,Aqua,MODIS,88,6.2,312.3,28.5,D,0
-23.7635,147.2096,341.1,1,1,2014-01-12,0402,Aqua,MODIS,84,6.2,310.3,22,D,0
-23.765,147.1998,341.1,1,1,2014-01-12,0402,Aqua,MODIS,84,6.2,312.2,21.2,D,0
-23.7368,147.2092,339.5,1,1,2014-01-12,0402,Aqua,MODIS,83,6.2,311.1,21.7,D,0
-23.1487,148.0074,332.3,1,1,2014-01-12,0402,Aqua,MODIS,73,6.2,312.9,9.5,D,0
-23.8964,147.2494,341.8,1,1,2014-01-12,0402,Aqua,MODIS,85,6.2,312.1,25.8,D,0
-23.8874,147.2478,337.9,1,1,2014-01-12,0402,Aqua,MODIS,39,6.2,310.5,20.9,D,0
-23.8355,147.2222,336.4,1,1,2014-01-12,0402,Aqua,MODIS,34,6.2,315.1,15.7,D,0
-24.0523,146.6699,341,1,1,2014-01-12,0402,Aqua,MODIS,82,6.2,311.1,24.5,D,0
-24.0315,146.6865,337.9,1,1,2014-01-12,0402,Aqua,MODIS,80,6.2,313.3,20.1,D,0
-24.0329,146.6767,335,1,1,2014-01-12,0402,Aqua,MODIS,74,6.2,312.2,15.5,D,0
-24.0357,146.657,334.7,1,1,2014-01-12,0402,Aqua,MODIS,55,6.2,312.5,13.3,D,0
-23.9135,147.6925,329.8,1,1,2014-01-12,0402,Aqua,MODIS,37,6.2,310.1,6.2,D,0
-23.7682,147.2406,345.5,1,1,2014-01-12,0402,Aqua,MODIS,79,6.2,314.6,29.2,D,0
-23.7697,147.2308,356.1,1,1,2014-01-12,0402,Aqua,MODIS,97,6.2,316,54.5,D,0
-23.7607,147.2292,343.1,1,1,2014-01-12,0402,Aqua,MODIS,80,6.2,314.3,26.2,D,0
-23.7668,147.2504,358.2,1,1,2014-01-12,0402,Aqua,MODIS,98,6.2,316.5,57.9,D,0
-23.1323,149.9425,327.1,1.2,1.1,2014-01-12,0402,Aqua,MODIS,58,6.2,305,13.4,D,0
-23.1303,149.9545,330,1.2,1.1,2014-01-12,0402,Aqua,MODIS,75,6.2,306,17.7,D,0
-23.3842,150.2163,329.3,1.3,1.1,2014-01-12,0402,Aqua,MODIS,53,6.2,303.1,18.7,D,0
-23.0088,150.3757,331.5,1.3,1.1,2014-01-12,0402,Aqua,MODIS,78,6.2,302.6,25.5,D,0
-23.0066,150.3884,345.3,1.3,1.1,2014-01-12,0402,Aqua,MODIS,91,6.2,303.3,58.5,D,0
-19.3136,146.5622,326.6,1,1,2014-01-12,0403,Aqua,MODIS,49,6.2,301.3,9.1,D,0
-20.7666,139.1049,329.4,2.3,1.5,2014-01-12,0403,Aqua,MODIS,42,6.2,298,60.6,D,0
-31.8815,116.1581,374.6,2.4,1.5,2014-01-12,0539,Aqua,MODIS,100,6.2,315.6,424.8,D,0
-31.8793,116.1839,345.2,2.4,1.5,2014-01-12,0539,Aqua,MODIS,87,6.2,308.5,135.5,D,0
-27.4443,114.6637,371.4,2.7,1.6,2014-01-12,0540,Aqua,MODIS,100,6.2,322.5,411.6,D,0
-27.4466,114.6359,374.7,2.7,1.6,2014-01-12,0540,Aqua,MODIS,100,6.2,323.2,468.4,D,0
-27.43,114.6622,342.3,2.7,1.6,2014-01-12,0540,Aqua,MODIS,45,6.2,320.5,88.4,D,0
-27.4322,114.6344,351.9,2.7,1.6,2014-01-12,0540,Aqua,MODIS,88,6.2,322,172.7,D,0
-27.4418,114.6584,383,2.7,1.6,2014-01-12,0540,Aqua,MODIS,100,6.2,324.3,602.3,D,0
-27.4442,114.6306,365.4,2.7,1.6,2014-01-12,0540,Aqua,MODIS,89,6.2,323.7,333.2,D,0
-27.4275,114.6568,340.3,2.7,1.6,2014-01-12,0540,Aqua,MODIS,74,6.2,320.2,76.6,D,0
-27.4299,114.6292,339.4,2.7,1.6,2014-01-12,0540,Aqua,MODIS,49,6.2,321.2,72.5,D,0
-27.1679,114.1793,350.2,2.9,1.6,2014-01-12,0540,Aqua,MODIS,92,6.2,309.7,203.3,D,0
-27.1704,114.1495,391.9,2.9,1.6,2014-01-12,0540,Aqua,MODIS,100,6.2,315.5,892.2,D,0
-27.1728,114.1197,343.2,2.9,1.6,2014-01-12,0540,Aqua,MODIS,84,6.2,311.3,137,D,0
-28.4475,116.0591,383.8,2.2,1.4,2014-01-12,0540,Aqua,MODIS,97,6.2,327.4,461.4,D,0
-28.4496,116.0361,364.1,2.2,1.4,2014-01-12,0540,Aqua,MODIS,0,6.2,323.8,229.3,D,0
-28.4213,116.0558,360.1,2.2,1.4,2014-01-12,0540,Aqua,MODIS,100,6.2,327.7,181.7,D,0
-28.4234,116.0328,351.7,2.2,1.4,2014-01-12,0540,Aqua,MODIS,85,6.2,328.1,115.6,D,0
-28.4246,116.0514,359.7,2.2,1.4,2014-01-12,0540,Aqua,MODIS,99,6.2,329.7,175.4,D,0
-27.0796,114.5129,342.8,2.7,1.6,2014-01-12,0540,Aqua,MODIS,84,6.2,320.5,93.5,D,0
-27.0628,114.5391,337.3,2.7,1.6,2014-01-12,0540,Aqua,MODIS,71,6.2,319.1,64.7,D,0
-27.0652,114.5114,362.9,2.7,1.6,2014-01-12,0540,Aqua,MODIS,100,6.2,322.3,297.6,D,0
-27.2147,114.1542,336.7,2.9,1.6,2014-01-12,0540,Aqua,MODIS,66,6.2,309.3,84.3,D,0
-27.2025,114.1228,335.8,2.9,1.6,2014-01-12,0540,Aqua,MODIS,34,6.2,313,74.4,D,0
-27.1852,114.1511,336.7,2.9,1.6,2014-01-12,0540,Aqua,MODIS,60,6.2,309.7,82,D,0
-27.1876,114.1212,354.7,2.9,1.6,2014-01-12,0540,Aqua,MODIS,96,6.2,313,245.6,D,0
-21.7787,121.679,396.8,1,1,2014-01-12,0541,Aqua,MODIS,100,6.2,341,192.4,D,0
-21.7801,121.6694,388.8,1,1,2014-01-12,0541,Aqua,MODIS,100,6.2,341.2,150.2,D,0
-21.7414,121.6826,370.8,1,1,2014-01-12,0541,Aqua,MODIS,100,6.2,335.1,75.6,D,0
-21.7504,121.6841,354,1,1,2014-01-12,0541,Aqua,MODIS,39,6.2,338.9,26.5,D,0
-23.8222,117.5854,343.5,1.5,1.2,2014-01-12,0541,Aqua,MODIS,85,6.2,327.8,36.9,D,0
-23.8239,117.5706,342.6,1.5,1.2,2014-01-12,0541,Aqua,MODIS,84,6.2,325.3,35.9,D,0
-22.3315,120.8847,342.5,1,1,2014-01-12,0541,Aqua,MODIS,63,6.2,331.7,11.5,D,0
-22.2744,118.1025,351,1.3,1.1,2014-01-12,0541,Aqua,MODIS,93,6.2,325.3,58.1,D,0
-22.2847,118.1044,341.9,1.3,1.1,2014-01-12,0541,Aqua,MODIS,70,6.2,325.8,30.9,D,0
-22.2827,118.0975,352.3,1.3,1.1,2014-01-12,0541,Aqua,MODIS,82,6.2,323.6,64.4,D,0
-22.3018,118.1133,405.5,1.3,1.1,2014-01-12,0541,Aqua,MODIS,100,6.2,332.6,402.4,D,0
-22.3033,118.1009,360.6,1.3,1.1,2014-01-12,0541,Aqua,MODIS,100,6.2,321.5,98.9,D,0
-22.3002,118.1266,351.6,1.3,1.1,2014-01-12,0541,Aqua,MODIS,93,6.2,326.1,58.9,D,0
-22.2812,118.1101,355.1,1.3,1.1,2014-01-12,0541,Aqua,MODIS,91,6.2,327.8,70.3,D,0
-22.3364,115.6982,344.5,2,1.4,2014-01-12,0542,Aqua,MODIS,80,6.2,319.4,61,D,0
-22.2968,116.4608,350.3,1.7,1.3,2014-01-12,0542,Aqua,MODIS,92,6.2,325.4,73.7,D,0
-19.4425,122.0604,340.6,1,1,2014-01-12,0542,Aqua,MODIS,55,6.2,314.1,17.6,D,0
-19.4516,122.0619,342.7,1,1,2014-01-12,0542,Aqua,MODIS,73,6.2,319.9,22.9,D,0
-21.8905,117.2371,346.6,1.5,1.2,2014-01-12,0542,Aqua,MODIS,76,6.2,324.5,47.7,D,0
-22.1602,116.7673,339.4,1.6,1.3,2014-01-12,0542,Aqua,MODIS,75,6.2,325.4,25.8,D,0
-22.2043,117.2687,343,1.5,1.2,2014-01-12,0542,Aqua,MODIS,47,6.2,325.8,31.7,D,0
-22.3344,115.7172,354.2,1.9,1.4,2014-01-12,0542,Aqua,MODIS,91,6.2,323.6,107.7,D,0
-21.8922,117.2225,356.9,1.5,1.2,2014-01-12,0542,Aqua,MODIS,97,6.2,326.8,88.9,D,0
-22.2925,116.391,342.5,1.7,1.3,2014-01-12,0542,Aqua,MODIS,65,6.2,325.5,34.8,D,0
-22.2987,116.4436,361.1,1.7,1.3,2014-01-12,0542,Aqua,MODIS,100,6.2,325.9,131.6,D,0
-22.3005,116.4543,351.7,1.7,1.3,2014-01-12,0542,Aqua,MODIS,93,6.2,324.9,80.4,D,0
-22.3024,116.4373,349.3,1.7,1.3,2014-01-12,0542,Aqua,MODIS,91,6.2,325,65.5,D,0
-22.2063,117.2755,356.4,1.5,1.2,2014-01-12,0542,Aqua,MODIS,97,6.2,326.9,83.5,D,0
-22.2951,115.7073,346.1,1.9,1.4,2014-01-12,0542,Aqua,MODIS,87,6.2,322.3,66.3,D,0
-22.293,115.7261,350.6,1.9,1.4,2014-01-12,0542,Aqua,MODIS,92,6.2,323.7,87.5,D,0
-22.2025,117.2833,349.4,1.5,1.2,2014-01-12,0542,Aqua,MODIS,91,6.2,327.2,55.1,D,0
-22.2046,117.2903,344.7,1.5,1.2,2014-01-12,0542,Aqua,MODIS,60,6.2,326.6,35.1,D,0
-22.25,117.2819,352.1,1.5,1.2,2014-01-12,0542,Aqua,MODIS,76,6.2,322.3,72.9,D,0
-22.2974,115.7125,369.4,1.9,1.4,2014-01-12,0542,Aqua,MODIS,100,6.2,323.4,223.5,D,0
-22.2955,115.7314,352.2,1.9,1.4,2014-01-12,0542,Aqua,MODIS,94,6.2,323.5,93.1,D,0
-22.3078,115.7329,346.8,1.9,1.4,2014-01-12,0542,Aqua,MODIS,71,6.2,323.2,59.4,D,0
-22.2483,117.2965,360.5,1.5,1.2,2014-01-12,0542,Aqua,MODIS,93,6.2,323,105.3,D,0
-22.3426,115.7564,378.6,1.9,1.4,2014-01-12,0542,Aqua,MODIS,100,6.2,327.8,298.8,D,0
-22.2466,117.3111,364.1,1.5,1.2,2014-01-12,0542,Aqua,MODIS,100,6.2,325.1,127.5,D,0
-22.2519,116.4662,341.2,1.7,1.3,2014-01-12,0542,Aqua,MODIS,82,6.2,324.8,33.7,D,0
-22.2966,116.3847,337.8,1.7,1.3,2014-01-12,0542,Aqua,MODIS,48,6.2,324.6,19.9,D,0
-21.8753,117.1763,351.4,1.5,1.2,2014-01-12,0542,Aqua,MODIS,93,6.2,324.4,67.3,D,0
-21.6336,121.6688,350,1,1,2014-01-12,0542,Aqua,MODIS,62,6.2,334.2,20.3,D,0
-21.6426,121.6703,352.3,1,1,2014-01-12,0542,Aqua,MODIS,68,6.2,335.5,24.4,D,0
-21.625,121.6609,343.8,1,1,2014-01-12,0542,Aqua,MODIS,85,6.2,332.8,11.9,D,0
-21.7969,117.158,402.2,1.5,1.2,2014-01-12,0542,Aqua,MODIS,100,6.2,335.4,425.8,D,0
-21.7986,117.1433,394,1.5,1.2,2014-01-12,0542,Aqua,MODIS,100,6.2,332,343.5,D,0
-21.7843,117.171,343.5,1.5,1.2,2014-01-12,0542,Aqua,MODIS,26,6.2,329.7,25.2,D,0
-21.786,117.1564,346.4,1.5,1.2,2014-01-12,0542,Aqua,MODIS,78,6.2,328.5,39.4,D,0
-19.453,122.0523,353.8,1,1,2014-01-12,0542,Aqua,MODIS,95,6.2,318.9,45.7,D,0
-16.2331,127.708,323.5,2.4,1.5,2014-01-12,0543,Aqua,MODIS,66,6.2,286.9,32.5,D,0
-14.3799,127.6498,314.5,2.6,1.6,2014-01-12,0543,Aqua,MODIS,48,6.2,278.1,35.1,D,0
-15.1568,125.732,324.2,1.8,1.3,2014-01-12,0543,Aqua,MODIS,70,6.2,291.3,28,D,0
-27.6845,141.5718,314.3,1,1,2014-01-12,1326,Terra,MODIS,87,6.2,294.3,11.1,N,0
-27.6861,141.5612,323,1,1,2014-01-12,1326,Terra,MODIS,100,6.2,295.2,20,N,0
-27.6877,141.5507,317.7,1,1,2014-01-12,1326,Terra,MODIS,95,6.2,295.7,14.8,N,0
-27.6538,141.5874,310.9,1,1,2014-01-12,1326,Terra,MODIS,35,6.2,295.2,8.3,N,0
-27.6737,141.5805,316.4,1,1,2014-01-12,1326,Terra,MODIS,92,6.2,294.6,13.3,N,0
-27.6446,141.5856,307.3,1,1,2014-01-12,1326,Terra,MODIS,58,6.2,294.3,6,N,0
-27.6753,141.5699,313.1,1,1,2014-01-12,1326,Terra,MODIS,83,6.2,295.4,10.3,N,0
-27.663,141.5892,308.4,1,1,2014-01-12,1326,Terra,MODIS,47,6.2,295,7,N,0
-26.4582,149.4701,303.6,3.2,1.7,2014-01-12,1326,Terra,MODIS,56,6.2,292.5,21.5,N,0
-22.8853,146.8564,306.8,2.5,1.5,2014-01-12,1327,Terra,MODIS,47,6.2,293.4,19,N,0
-22.8955,146.8386,304.4,2.5,1.5,2014-01-12,1327,Terra,MODIS,22,6.2,293.4,13.4,N,0
-22.8819,146.8355,305.4,2.5,1.5,2014-01-12,1327,Terra,MODIS,30,6.2,293.4,15.7,N,0
-22.9036,146.835,306.1,2.5,1.5,2014-01-12,1327,Terra,MODIS,27,6.2,293.6,16.8,N,0
-25.6772,140.403,311.3,1,1,2014-01-12,1327,Terra,MODIS,76,6.2,298.9,6.3,N,0
-23.7569,147.2329,305,2.6,1.5,2014-01-12,1327,Terra,MODIS,14,6.2,293.2,17.2,N,0
-20.7087,139.1534,306.7,1,1,2014-01-12,1328,Terra,MODIS,58,6.2,282.4,5.8,N,0
-20.7348,139.4731,304.9,1,1,2014-01-12,1328,Terra,MODIS,62,6.2,276.3,5.6,N,2
-20.7699,139.1144,304.1,1,1,2014-01-12,1328,Terra,MODIS,33,6.2,283.1,4.9,N,0
-23.7608,147.2364,303,2.8,1.6,2014-01-12,1458,Aqua,MODIS,32,6.2,292.1,17.1,N,0
-23.7662,147.2626,303.4,2.8,1.6,2014-01-12,1458,Aqua,MODIS,20,6.2,292.3,17.7,N,0
-26.4517,149.4733,303.9,1.7,1.3,2014-01-12,1459,Aqua,MODIS,39,6.2,293.1,9.3,N,0
-32.7488,150.6726,307.7,1.1,1.1,2014-01-12,1500,Aqua,MODIS,68,6.2,289.2,10.5,N,0
-32.6077,150.7562,304.1,1.1,1.1,2014-01-12,1500,Aqua,MODIS,59,6.2,289.8,8.3,N,0
-33.0481,150.621,308.4,1.1,1.1,2014-01-12,1501,Aqua,MODIS,38,6.2,291.1,9.7,N,0
-33.17,150.542,302.5,1.1,1.1,2014-01-12,1501,Aqua,MODIS,8,6.2,288,6.8,N,0
-33.1795,150.5397,304.3,1.1,1.1,2014-01-12,1501,Aqua,MODIS,47,6.2,289.2,8.5,N,0
-33.046,150.609,305.5,1.1,1.1,2014-01-12,1501,Aqua,MODIS,13,6.2,290.7,7.3,N,0
-34.4482,150.8739,302.2,1.1,1,2014-01-12,1501,Aqua,MODIS,47,6.2,289.9,5.9,N,0
-31.8675,116.1944,308.3,1,1,2014-01-12,1504,Terra,MODIS,48,6.2,290.8,7.3,N,0
-31.869,116.1838,309.7,1,1,2014-01-12,1504,Terra,MODIS,47,6.2,290.9,8.1,N,0
-22.3244,120.8834,307.9,2.1,1.4,2014-01-12,1506,Terra,MODIS,71,6.2,297.9,16.1,N,0
-22.3275,120.8693,310.1,2.1,1.4,2014-01-12,1506,Terra,MODIS,77,6.2,297.6,19,N,0
-21.6183,121.662,307.8,2.5,1.5,2014-01-12,1506,Terra,MODIS,68,6.2,297.5,21.4,N,0
-21.8258,117.175,316.2,1.2,1.1,2014-01-12,1506,Terra,MODIS,89,6.2,302.1,12.8,N,0
-22.2465,117.2362,316.1,1.2,1.1,2014-01-12,1506,Terra,MODIS,90,6.2,300.5,13.9,N,0
-22.2605,117.2758,309.6,1.2,1.1,2014-01-12,1506,Terra,MODIS,44,6.2,299.6,6.4,N,0
-22.2585,117.2877,320.2,1.2,1.1,2014-01-12,1506,Terra,MODIS,100,6.2,300.6,18.5,N,0
-22.2565,117.2997,320.6,1.2,1.1,2014-01-12,1506,Terra,MODIS,100,6.2,299.9,18.5,N,0
-22.2546,117.3117,323.3,1.2,1.1,2014-01-12,1506,Terra,MODIS,100,6.2,300.5,22.3,N,0
-22.3533,115.7675,321,1.1,1,2014-01-12,1506,Terra,MODIS,100,6.2,302.1,14.9,N,0
-22.3549,115.7572,322.2,1.1,1,2014-01-12,1506,Terra,MODIS,100,6.2,301.9,16.1,N,0
-22.3378,115.8069,323.6,1.1,1,2014-01-12,1506,Terra,MODIS,100,6.2,302.3,18.1,N,0
-22.3055,115.7694,315.4,1.1,1,2014-01-12,1506,Terra,MODIS,88,6.2,301.4,9.6,N,0
-22.2963,115.7677,317.9,1.1,1,2014-01-12,1506,Terra,MODIS,94,6.2,301.1,12,N,0
-22.3565,115.747,328.4,1.1,1,2014-01-12,1506,Terra,MODIS,100,6.2,302.1,24,N,0
-22.2965,115.7046,310.7,1.1,1,2014-01-12,1506,Terra,MODIS,71,6.2,300.5,6.3,N,0
-22.2862,115.728,311.9,1.1,1,2014-01-12,1506,Terra,MODIS,76,6.2,300.5,7.1,N,0
-22.3158,118.1158,310.4,1.4,1.2,2014-01-12,1506,Terra,MODIS,45,6.2,298.1,10.2,N,0
-22.3008,118.141,309.8,1.4,1.2,2014-01-12,1506,Terra,MODIS,71,6.2,297.2,9.7,N,0
-22.3031,118.1275,323.7,1.4,1.2,2014-01-12,1506,Terra,MODIS,100,6.2,299.3,29.1,N,0
-22.3053,118.1144,321.5,1.4,1.2,2014-01-12,1506,Terra,MODIS,100,6.2,298.9,24.3,N,0
-22.3077,118.1005,337.8,1.4,1.2,2014-01-12,1506,Terra,MODIS,100,6.2,300.7,57.8,N,0
-22.3099,118.0873,329.5,1.4,1.2,2014-01-12,1506,Terra,MODIS,100,6.2,300.1,38.9,N,0
-22.2844,118.1106,310.9,1.4,1.2,2014-01-12,1506,Terra,MODIS,47,6.2,297.9,8.4,N,0
-22.2868,118.0968,311.2,1.4,1.2,2014-01-12,1506,Terra,MODIS,76,6.2,298.9,9.3,N,0
-22.2786,118.0818,315.2,1.4,1.2,2014-01-12,1506,Terra,MODIS,89,6.2,299.1,14.1,N,0
-22.281,118.0677,334.4,1.4,1.2,2014-01-12,1506,Terra,MODIS,100,6.2,300.9,48.5,N,0
-22.2794,118.1034,314.7,1.4,1.2,2014-01-12,1506,Terra,MODIS,87,6.2,297.2,14,N,0
-22.2839,118.0756,327.9,1.4,1.2,2014-01-12,1506,Terra,MODIS,100,6.2,300.7,34.6,N,0
-22.2862,118.0621,316.5,1.4,1.2,2014-01-12,1506,Terra,MODIS,91,6.2,299.8,16.3,N,0
-22.2667,118.1147,318,1.4,1.2,2014-01-12,1506,Terra,MODIS,95,6.2,297.7,19,N,0
-22.2734,118.0745,319.4,1.4,1.2,2014-01-12,1506,Terra,MODIS,98,6.2,299.1,20.4,N,0
-22.2756,118.0611,315.3,1.4,1.2,2014-01-12,1506,Terra,MODIS,88,6.2,299.7,15.1,N,0
-22.2629,118.0729,308.2,1.4,1.2,2014-01-12,1506,Terra,MODIS,49,6.2,297,6.9,N,0
-22.2652,118.0594,310.6,1.4,1.2,2014-01-12,1506,Terra,MODIS,74,6.2,299,10.3,N,0
-22.3548,115.8206,312.3,1.1,1,2014-01-12,1506,Terra,MODIS,77,6.2,301.9,6.9,N,0
-22.3563,115.8103,329.2,1.1,1,2014-01-12,1506,Terra,MODIS,100,6.2,302.6,25.2,N,0
-22.2645,117.3135,315.9,1.2,1.1,2014-01-12,1506,Terra,MODIS,89,6.2,300.5,13,N,0
-22.2388,117.3455,349.4,1.2,1.1,2014-01-12,1506,Terra,MODIS,100,6.2,299.6,78,N,0
-22.2189,117.3417,323.7,1.2,1.1,2014-01-12,1506,Terra,MODIS,100,6.2,298.4,23.5,N,0
-22.218,117.3476,315,1.3,1.1,2014-01-12,1506,Terra,MODIS,86,6.2,296.8,13,N,0
-22.2526,117.3235,324.7,1.2,1.1,2014-01-12,1506,Terra,MODIS,100,6.2,299.9,24.4,N,0
-22.2407,117.3337,378.8,1.2,1.1,2014-01-12,1506,Terra,MODIS,100,6.2,305.2,198.7,N,0
-22.2427,117.3218,327.2,1.2,1.1,2014-01-12,1506,Terra,MODIS,100,6.2,298.2,28.3,N,0
-22.2486,117.2858,310.3,1.2,1.1,2014-01-12,1506,Terra,MODIS,39,6.2,299.2,7,N,0
-22.2308,117.3316,321,1.2,1.1,2014-01-12,1506,Terra,MODIS,98,6.2,299.8,18.8,N,0
-22.2199,117.3355,309.6,1.2,1.1,2014-01-12,1506,Terra,MODIS,64,6.2,298.8,6.7,N,0
-22.2347,117.2462,325.1,1.2,1.1,2014-01-12,1506,Terra,MODIS,100,6.2,300.7,25.5,N,0
-22.2333,117.2518,316.2,1.2,1.1,2014-01-12,1506,Terra,MODIS,90,6.2,300.6,13.4,N,0
-22.2352,117.2398,316.4,1.2,1.1,2014-01-12,1506,Terra,MODIS,90,6.2,300.2,13.9,N,0
-22.2503,116.4984,312.4,1.1,1.1,2014-01-12,1506,Terra,MODIS,77,6.2,301.6,7.6,N,0
-22.252,116.4873,317.3,1.1,1.1,2014-01-12,1506,Terra,MODIS,93,6.2,301.1,12.5,N,0
-21.8886,117.2306,311.4,1.2,1.1,2014-01-12,1506,Terra,MODIS,72,6.2,301,7.7,N,0
-22.2928,116.3787,313.8,1.1,1.1,2014-01-12,1506,Terra,MODIS,82,6.2,301.1,8.4,N,0
-17.5145,127.5681,302.3,1.6,1.3,2014-01-12,1635,Aqua,MODIS,27,6.2,282,7.3,N,0
-17.5257,127.566,301.3,1.6,1.3,2014-01-12,1635,Aqua,MODIS,17,6.2,281.7,6.1,N,0
-21.7365,126.2387,308.8,1.7,1.3,2014-01-12,1636,Aqua,MODIS,76,6.2,287.5,16.4,N,0
-21.7335,126.2227,322.6,1.7,1.3,2014-01-12,1636,Aqua,MODIS,100,6.2,291.2,41.4,N,0
-22.2438,117.3541,325.8,4.2,1.9,2014-01-12,1815,Aqua,MODIS,100,6.2,297.7,167.6,N,0
-22.2544,117.3173,312.1,4.2,1.9,2014-01-12,1815,Aqua,MODIS,75,6.2,296.6,68.3,N,0
-22.2235,117.3612,317.4,4.2,1.9,2014-01-12,1815,Aqua,MODIS,95,6.2,297.3,102.8,N,0
-22.2577,117.3569,316.1,4.2,1.9,2014-01-12,1815,Aqua,MODIS,92,6.2,297,97,N,0
-22.2266,117.3562,328.2,4.2,1.9,2014-01-12,1815,Aqua,MODIS,100,6.2,297.6,188.2,N,0
-22.2999,118.098,310.6,4.7,2,2014-01-12,1815,Aqua,MODIS,79,6.2,297.2,72.3,N,0
-22.2986,118.0938,309.1,4.7,2,2014-01-12,1815,Aqua,MODIS,75,6.2,297.1,63,N,0
-22.2373,117.3189,307.7,4.2,1.9,2014-01-12,1815,Aqua,MODIS,60,6.2,296,43,N,0
-22.3557,115.76,308.6,3.2,1.7,2014-01-12,1815,Aqua,MODIS,74,6.2,297.2,35.4,N,0
-22.2406,117.3589,327.6,4.2,1.9,2014-01-12,1815,Aqua,MODIS,100,6.2,297.8,188.9,N,0
-22.3019,118.1412,307.3,4.8,2,2014-01-12,1815,Aqua,MODIS,66,6.2,297,48.8,N,0
-21.8303,117.1924,305.6,4,1.9,2014-01-12,1815,Aqua,MODIS,59,6.2,295.3,41.1,N,0
-21.8336,117.184,306.3,4,1.9,2014-01-12,1815,Aqua,MODIS,67,6.2,295.8,45.4,N,0
-20.73,147.5152,310.4,1,1,2014-01-13,0022,Terra,MODIS,51,6.2,276.9,7.5,D,0
-23.8335,146.3762,324.1,1.1,1,2014-01-13,0023,Terra,MODIS,25,6.2,306.1,9,D,0
-25.4761,148.6848,326.2,1,1,2014-01-13,0023,Terra,MODIS,50,6.2,311.1,8.6,D,0
-24.6293,149.0633,338.8,1,1,2014-01-13,0023,Terra,MODIS,86,6.2,307.3,31.9,D,0
-25.4746,148.6746,336.6,1,1,2014-01-13,0023,Terra,MODIS,82,6.2,309.7,23.2,D,0
-24.625,149.0326,319.1,1,1,2014-01-13,0023,Terra,MODIS,27,6.2,302.7,8.4,D,0
-24.6384,149.0618,325.6,1,1,2014-01-13,0023,Terra,MODIS,47,6.2,306.7,12.1,D,0
-23.9319,146.4151,328.4,1.1,1,2014-01-13,0023,Terra,MODIS,45,6.2,309.7,12.3,D,0
-23.9335,146.4254,335.8,1.1,1,2014-01-13,0023,Terra,MODIS,77,6.2,306.5,23.9,D,0
-24.0349,146.6635,325.9,1,1,2014-01-13,0023,Terra,MODIS,37,6.2,306,7.7,D,0
-25.6855,140.4353,340.4,2.2,1.4,2014-01-13,0024,Terra,MODIS,82,6.2,311.6,64.1,D,0
-28.212,141.8462,335.1,1.6,1.2,2014-01-13,0024,Terra,MODIS,70,6.2,316,16.6,D,0
-25.7068,140.4078,350.6,2.2,1.4,2014-01-13,0024,Terra,MODIS,93,6.2,310.7,128.3,D,0
-27.641,141.5811,337,1.7,1.3,2014-01-13,0024,Terra,MODIS,35,6.2,314.7,21.5,D,0
-27.6523,141.5784,340.8,1.7,1.3,2014-01-13,0024,Terra,MODIS,68,6.2,316.9,30.7,D,0
-27.6554,141.595,356,1.6,1.3,2014-01-13,0024,Terra,MODIS,97,6.2,315.5,97.9,D,0
-27.6636,141.5758,341,1.7,1.3,2014-01-13,0024,Terra,MODIS,71,6.2,316.4,28.3,D,0
-27.6666,141.5924,383.2,1.6,1.3,2014-01-13,0024,Terra,MODIS,100,6.2,318.4,286.3,D,0
-27.6749,141.5731,381,1.7,1.3,2014-01-13,0024,Terra,MODIS,100,6.2,316.8,267.1,D,0
-27.6779,141.5897,456.8,1.6,1.3,2014-01-13,0024,Terra,MODIS,100,6.2,328.4,1610,D,0
-27.681,141.6063,378.2,1.6,1.3,2014-01-13,0024,Terra,MODIS,100,6.2,316.9,250.9,D,0
-27.6862,141.5704,411.6,1.7,1.3,2014-01-13,0024,Terra,MODIS,100,6.2,317.4,628,D,0
-27.6892,141.587,438.4,1.6,1.3,2014-01-13,0024,Terra,MODIS,100,6.2,324.5,1134.1,D,0
-27.6923,141.6036,346.1,1.6,1.3,2014-01-13,0024,Terra,MODIS,74,6.2,313.7,61.3,D,0
-27.6719,141.5669,340.6,1.7,1.3,2014-01-13,0024,Terra,MODIS,59,6.2,315.3,29.6,D,0
-27.6751,141.5835,420.2,1.6,1.3,2014-01-13,0024,Terra,MODIS,100,6.2,324.3,766.7,D,0
-27.6782,141.6,401.5,1.6,1.3,2014-01-13,0024,Terra,MODIS,100,6.2,321.1,491.4,D,0
-27.6832,141.5642,353.1,1.7,1.3,2014-01-13,0024,Terra,MODIS,92,6.2,311,85.7,D,0
-27.6864,141.5808,448.3,1.6,1.3,2014-01-13,0024,Terra,MODIS,100,6.2,326.2,1383.1,D,0
-27.6895,141.5974,396.4,1.6,1.3,2014-01-13,0024,Terra,MODIS,100,6.2,317.5,434.8,D,0
-27.6945,141.5616,396.3,1.7,1.3,2014-01-13,0024,Terra,MODIS,100,6.2,312.9,430.1,D,0
-27.6976,141.5782,449.8,1.6,1.3,2014-01-13,0024,Terra,MODIS,100,6.2,327.3,1423.1,D,0
-27.7008,141.5947,350.1,1.6,1.3,2014-01-13,0024,Terra,MODIS,84,6.2,313.4,81,D,0
-27.7058,141.5589,366.6,1.7,1.3,2014-01-13,0024,Terra,MODIS,100,6.2,308.7,173.6,D,0
-27.7089,141.5755,360.6,1.6,1.3,2014-01-13,0024,Terra,MODIS,100,6.2,313.5,130.7,D,0
-25.2953,143.2028,334.6,1.4,1.2,2014-01-13,0024,Terra,MODIS,75,6.2,311.6,23.1,D,0
-25.2984,143.1962,341.5,1.4,1.2,2014-01-13,0024,Terra,MODIS,85,6.2,311.9,44,D,0
-25.3009,143.2104,329.6,1.4,1.2,2014-01-13,0024,Terra,MODIS,48,6.2,310,12.8,D,0
-25.6703,140.4222,333.5,2.2,1.4,2014-01-13,0024,Terra,MODIS,68,6.2,311,30.8,D,0
-25.6745,140.4437,338.2,2.2,1.4,2014-01-13,0024,Terra,MODIS,78,6.2,311.2,52.4,D,0
-25.6789,140.3977,335.2,2.2,1.4,2014-01-13,0024,Terra,MODIS,73,6.2,311.1,40.1,D,0
-25.6831,140.4192,345.3,2.2,1.4,2014-01-13,0024,Terra,MODIS,88,6.2,311.2,91.7,D,0
-25.6872,140.4406,338.5,2.2,1.4,2014-01-13,0024,Terra,MODIS,79,6.2,311.3,55.5,D,0
-25.6917,140.3946,357.9,2.2,1.4,2014-01-13,0024,Terra,MODIS,98,6.2,311.3,181.4,D,0
-25.6958,140.4161,358.4,2.2,1.4,2014-01-13,0024,Terra,MODIS,98,6.2,311.3,184.7,D,0
-25.7045,140.3915,351.6,2.2,1.4,2014-01-13,0024,Terra,MODIS,93,6.2,309.6,135.6,D,0
-25.7086,140.413,343.3,2.2,1.4,2014-01-13,0024,Terra,MODIS,85,6.2,310.2,83.1,D,0
-25.6812,140.4139,342.7,2.2,1.4,2014-01-13,0024,Terra,MODIS,85,6.2,311.1,75.9,D,0
-25.6897,140.3894,345.5,2.2,1.4,2014-01-13,0024,Terra,MODIS,88,6.2,311.1,94.6,D,0
-25.694,140.4109,362.9,2.2,1.4,2014-01-13,0024,Terra,MODIS,100,6.2,311.9,222.5,D,0
-25.7025,140.3863,341.1,2.2,1.4,2014-01-13,0024,Terra,MODIS,83,6.2,308.8,72.2,D,0
-29.2351,146.4421,358.6,1,1,2014-01-13,0024,Terra,MODIS,99,6.2,314.7,62.5,D,0
-29.2426,146.4342,337.7,1,1,2014-01-13,0024,Terra,MODIS,70,6.2,311.5,19.1,D,0
-29.2562,146.4633,349.6,1,1,2014-01-13,0024,Terra,MODIS,91,6.2,315.2,39.1,D,0
-29.2577,146.4736,356.7,1,1,2014-01-13,0024,Terra,MODIS,97,6.2,316.4,55.9,D,0
-29.2652,146.4616,340.6,1,1,2014-01-13,0024,Terra,MODIS,75,6.2,312.5,23.8,D,0
-29.2667,146.4718,337.8,1,1,2014-01-13,0024,Terra,MODIS,71,6.2,315.7,18.7,D,0
-29.2683,146.4821,347.4,1,1,2014-01-13,0024,Terra,MODIS,89,6.2,314.9,34.9,D,0
-28.2535,148.7935,331.1,1.1,1,2014-01-13,0024,Terra,MODIS,66,6.2,313.3,8.9,D,0
-28.3309,149.6909,335.7,1.2,1.1,2014-01-13,0024,Terra,MODIS,62,6.2,312.3,25.6,D,0
-28.7122,147.1451,344.9,1,1,2014-01-13,0024,Terra,MODIS,87,6.2,314.8,29,D,0
-28.7227,147.1537,366.6,1,1,2014-01-13,0024,Terra,MODIS,100,6.2,315.3,82.8,D,0
-28.7137,147.1553,359.5,1,1,2014-01-13,0024,Terra,MODIS,99,6.2,316.1,61.9,D,0
-28.7212,147.1434,335.7,1,1,2014-01-13,0024,Terra,MODIS,74,6.2,314,13.6,D,0
-28.9142,148.0471,333.7,1,1,2014-01-13,0024,Terra,MODIS,63,6.2,311.5,15.9,D,0
-28.7518,149.9745,342.2,1.2,1.1,2014-01-13,0024,Terra,MODIS,87,6.2,312.9,35.3,D,0
-28.7502,149.962,352.2,1.2,1.1,2014-01-13,0024,Terra,MODIS,95,6.2,313.6,62,D,0
-33.1434,150.5201,319.2,1.5,1.2,2014-01-13,0025,Terra,MODIS,58,6.2,296.8,19.1,D,0
-31.6901,146.3041,352.3,1,1,2014-01-13,0025,Terra,MODIS,94,6.2,317.2,44.7,D,0
-31.6917,146.3147,333.1,1,1,2014-01-13,0025,Terra,MODIS,63,6.2,316.5,9.7,D,0
-33.1796,150.5256,315.2,1.5,1.2,2014-01-13,0025,Terra,MODIS,12,6.2,295,14.1,D,0
-32.7529,150.6835,323.8,1.5,1.2,2014-01-13,0025,Terra,MODIS,52,6.2,293.7,27.7,D,0
-38.1001,145.1636,319.9,1,1,2014-01-13,0027,Terra,MODIS,20,6.2,304.8,7,D,0
-38.014,145.2726,320.2,1,1,2014-01-13,0027,Terra,MODIS,26,6.2,305.8,6,D,0
-14.3662,127.6318,344.1,1.1,1.1,2014-01-13,0159,Terra,MODIS,92,6.2,302.5,43.7,D,0
-14.3434,127.6776,329.5,1.1,1.1,2014-01-13,0159,Terra,MODIS,80,6.2,303.6,17.1,D,0
-14.3544,127.6866,323.3,1.1,1.1,2014-01-13,0159,Terra,MODIS,38,6.2,302.6,8.6,D,0
-14.3705,127.663,328.7,1.1,1.1,2014-01-13,0159,Terra,MODIS,62,6.2,303.4,14.4,D,0
-14.3676,127.6422,332.7,1.1,1.1,2014-01-13,0159,Terra,MODIS,85,6.2,304.3,21.9,D,0
-14.3448,127.688,327.1,1.1,1.1,2014-01-13,0159,Terra,MODIS,72,6.2,302.8,13.8,D,0
-17.4749,127.5526,331.1,1.2,1.1,2014-01-13,0200,Terra,MODIS,79,6.2,289.7,25.3,D,0
-16.8595,124.38,318.3,1,1,2014-01-13,0200,Terra,MODIS,65,6.2,289.3,7.7,D,0
-17.5059,127.5595,327.1,1.2,1.1,2014-01-13,0200,Terra,MODIS,61,6.2,285.7,18.2,D,0
-21.6673,121.6808,359.3,1.1,1,2014-01-13,0201,Terra,MODIS,99,6.2,324.5,58.2,D,0
-21.78,121.6872,342.9,1.1,1,2014-01-13,0201,Terra,MODIS,76,6.2,322.8,19.5,D,0
-21.6225,121.6737,345.1,1.1,1,2014-01-13,0201,Terra,MODIS,76,6.2,323.4,22.3,D,0
-21.7359,126.2117,342.3,1.1,1.1,2014-01-13,0201,Terra,MODIS,83,6.2,319.2,25.5,D,0
-22.5677,123.8908,368.7,1,1,2014-01-13,0201,Terra,MODIS,100,6.2,322.7,81.5,D,0
-22.5691,123.9005,342.1,1,1,2014-01-13,0201,Terra,MODIS,76,6.2,323,16.1,D,0
-24.4466,126.3116,349,1.2,1.1,2014-01-13,0202,Terra,MODIS,91,6.2,320.6,43.8,D,0
-23.8229,120.1289,340.3,1.2,1.1,2014-01-13,0202,Terra,MODIS,79,6.2,327.1,16.3,D,0
-22.3141,118.116,342.2,1.7,1.3,2014-01-13,0202,Terra,MODIS,83,6.2,319.2,58,D,0
-22.2867,118.077,340,1.8,1.3,2014-01-13,0202,Terra,MODIS,59,6.2,318.7,43.1,D,0
-22.2718,118.061,333.3,1.8,1.3,2014-01-13,0202,Terra,MODIS,41,6.2,318.5,26.9,D,0
-23.1623,125.3731,355.3,1.1,1,2014-01-13,0202,Terra,MODIS,66,6.2,324.4,47.6,D,0
-23.1638,125.3838,393.8,1.1,1,2014-01-13,0202,Terra,MODIS,100,6.2,328.3,210.1,D,0
-22.3538,115.7756,330.2,2.5,1.5,2014-01-13,0202,Terra,MODIS,55,6.2,315.1,32.5,D,0
-22.3158,118.1054,338.7,1.7,1.3,2014-01-13,0202,Terra,MODIS,64,6.2,317.8,41,D,0
-24.4336,126.2888,338.7,1.2,1.1,2014-01-13,0202,Terra,MODIS,67,6.2,318.6,20,D,0
-23.8327,120.127,349.2,1.2,1.1,2014-01-13,0202,Terra,MODIS,91,6.2,326.8,38.1,D,0
-22.2686,118.0437,331.1,1.8,1.3,2014-01-13,0202,Terra,MODIS,38,6.2,315.1,21.7,D,0
-22.3627,115.7482,333.5,2.5,1.5,2014-01-13,0202,Terra,MODIS,69,6.2,313.4,49.8,D,0
-22.3188,118.1221,339,1.7,1.3,2014-01-13,0202,Terra,MODIS,66,6.2,318,41,D,0
-22.311,118.0994,336.3,1.7,1.3,2014-01-13,0202,Terra,MODIS,65,6.2,318.7,35.9,D,0
-23.8229,124.9737,353.7,1.1,1,2014-01-13,0202,Terra,MODIS,0,6.2,286.7,58.6,D,0
-23.8201,124.9529,362.1,1.1,1,2014-01-13,0202,Terra,MODIS,93,6.2,302.1,80.4,D,0
-23.1753,125.4691,349.4,1.1,1,2014-01-13,0202,Terra,MODIS,84,6.2,324,30.9,D,0
-23.8207,117.5602,334.8,1.8,1.3,2014-01-13,0202,Terra,MODIS,63,6.2,320.1,25,D,0
-23.1659,125.4705,353.3,1.1,1,2014-01-13,0202,Terra,MODIS,73,6.2,325.8,37.5,D,0
-23.1471,125.4734,344.5,1.1,1,2014-01-13,0202,Terra,MODIS,36,6.2,324.9,16.7,D,0
-23.1456,125.4627,344.7,1.1,1,2014-01-13,0202,Terra,MODIS,46,6.2,326.3,16.4,D,0
-23.8215,124.9633,382.9,1.1,1,2014-01-13,0202,Terra,MODIS,94,6.2,301.4,162.3,D,0
-22.3245,120.8601,336.1,1.2,1.1,2014-01-13,0202,Terra,MODIS,67,6.2,320.9,14,D,0
-32.7578,150.6502,310.6,4.6,2,2014-01-13,0304,Aqua,MODIS,37,6.2,296.4,55.8,D,0
-32.7602,150.647,310.1,4.6,2,2014-01-13,0304,Aqua,MODIS,23,6.2,296.4,52.6,D,0
-32.6969,150.8389,311.2,4.5,2,2014-01-13,0304,Aqua,MODIS,47,6.2,295.9,50.9,D,0
-33.1537,150.5415,312.6,4.7,2,2014-01-13,0304,Aqua,MODIS,52,6.2,297.2,59,D,0
-32.6999,150.7813,316.9,4.5,2,2014-01-13,0304,Aqua,MODIS,36,6.2,295.6,84,D,0
-32.6992,150.7899,320.4,4.5,2,2014-01-13,0304,Aqua,MODIS,73,6.2,295.8,120.7,D,0
-33.157,150.5372,312.2,4.7,2,2014-01-13,0304,Aqua,MODIS,39,6.2,297.1,53.1,D,0
-32.6972,150.8304,316.4,4.5,2,2014-01-13,0304,Aqua,MODIS,37,6.2,296,79.2,D,0
-25.3402,150.4738,314.5,4.1,1.9,2014-01-13,0306,Aqua,MODIS,47,6.2,297,37,D,0
-25.347,150.4408,319.7,4.1,1.9,2014-01-13,0306,Aqua,MODIS,66,6.2,297.4,65.5,D,0
-25.3432,150.4331,316.7,4.1,1.9,2014-01-13,0306,Aqua,MODIS,62,6.2,297.7,48.4,D,0
-22.3344,150.0481,321.9,4,1.9,2014-01-13,0307,Aqua,MODIS,75,6.2,298.5,83.7,D,0
-22.3299,150.0399,315.8,4,1.9,2014-01-13,0307,Aqua,MODIS,39,6.2,298.4,44.3,D,0
-23.1931,150.017,315.7,4.1,1.9,2014-01-13,0307,Aqua,MODIS,0,6.2,287.6,79.7,D,0
-23.1907,150.0127,315.5,4.1,1.9,2014-01-13,0307,Aqua,MODIS,45,6.2,288,77.8,D,0
-23.3528,150.0435,312.3,4.1,1.9,2014-01-13,0307,Aqua,MODIS,53,6.2,292.1,60.5,D,0
-23.3504,150.0393,312.6,4.1,1.9,2014-01-13,0307,Aqua,MODIS,53,6.2,291.6,61.9,D,0
-37.5329,143.4707,391.3,1.2,1.1,2014-01-13,0441,Aqua,MODIS,100,6.2,327.2,245.1,D,0
-37.5428,143.4735,350.5,1.2,1.1,2014-01-13,0441,Aqua,MODIS,84,6.2,314.7,58.9,D,0
-37.5305,143.4845,350,1.2,1.1,2014-01-13,0441,Aqua,MODIS,93,6.2,321.1,52,D,0
-37.5312,143.4778,370.4,1.2,1.1,2014-01-13,0441,Aqua,MODIS,100,6.2,324,123.7,D,0
-37.5336,143.4641,354.4,1.2,1.1,2014-01-13,0441,Aqua,MODIS,96,6.2,325,62.5,D,0
-37.5213,143.475,338.4,1.2,1.1,2014-01-13,0441,Aqua,MODIS,79,6.2,323.4,21.9,D,0
-29.2636,146.4537,343.2,2.8,1.6,2014-01-13,0443,Aqua,MODIS,75,6.2,306.9,130.3,D,0
-27.726,141.5823,385.8,1.4,1.2,2014-01-13,0444,Aqua,MODIS,94,6.2,321.7,259.7,D,0
-27.7129,141.5943,358.9,1.4,1.2,2014-01-13,0444,Aqua,MODIS,54,6.2,322,92.7,D,0
-27.6891,141.6039,352,1.4,1.2,2014-01-13,0444,Aqua,MODIS,59,6.2,309.3,59.7,D,0
-27.6785,141.6015,351.1,1.4,1.2,2014-01-13,0444,Aqua,MODIS,74,6.2,316.9,51.4,D,0
-27.6679,141.5991,361.5,1.4,1.2,2014-01-13,0444,Aqua,MODIS,94,6.2,319.3,98,D,0
-27.6705,141.5846,349.5,1.4,1.2,2014-01-13,0444,Aqua,MODIS,72,6.2,322.6,47.9,D,0
-27.6748,141.5937,351.1,1.4,1.2,2014-01-13,0444,Aqua,MODIS,58,6.2,322.2,57,D,0
-27.6642,141.5913,364.5,1.4,1.2,2014-01-13,0444,Aqua,MODIS,100,6.2,320.7,117.7,D,0
-27.6429,141.5865,346.6,1.4,1.2,2014-01-13,0444,Aqua,MODIS,78,6.2,315.2,45.2,D,0
-23.8246,147.2218,328.1,4.2,1.9,2014-01-13,0445,Aqua,MODIS,67,6.2,304.9,82.2,D,0
-23.7575,147.2031,332.6,4.2,1.9,2014-01-13,0445,Aqua,MODIS,76,6.2,305.1,124.2,D,0
-23.7715,147.1983,326.1,4.2,1.9,2014-01-13,0445,Aqua,MODIS,61,6.2,305.7,61.2,D,0
-23.7546,147.1943,326.7,4.2,1.9,2014-01-13,0445,Aqua,MODIS,64,6.2,305.3,70,D,0
-23.9429,146.4008,327.4,3.7,1.8,2014-01-13,0445,Aqua,MODIS,60,6.2,306,82.1,D,0
-23.8255,147.2267,329.4,4.2,1.9,2014-01-13,0445,Aqua,MODIS,70,6.2,304.8,97.4,D,0
-23.7621,147.2415,327.9,4.3,1.9,2014-01-13,0445,Aqua,MODIS,67,6.2,306.5,81.2,D,0
-18.8223,144.7509,330,3.7,1.8,2014-01-13,0446,Aqua,MODIS,63,6.2,279.3,132.4,D,0
-18.829,144.717,323,3.6,1.8,2014-01-13,0446,Aqua,MODIS,40,6.2,281.7,83.7,D,0
-14.143,127.5649,322,2.1,1.4,2014-01-13,0448,Aqua,MODIS,64,6.2,295.5,28.3,D,0
-14.1564,127.5618,324.1,2.1,1.4,2014-01-13,0448,Aqua,MODIS,73,6.2,295.5,33.4,D,0
-14.1557,127.5667,326.7,2.1,1.4,2014-01-13,0448,Aqua,MODIS,75,6.2,295.7,42.1,D,0
-16.2227,127.7802,340.1,2.2,1.4,2014-01-13,0448,Aqua,MODIS,64,6.2,296.1,99.5,D,0
-27.7873,114.9874,334,1.1,1.1,2014-01-13,0623,Aqua,MODIS,66,6.2,320.2,10.4,D,0
-27.166,114.143,337.7,1.1,1,2014-01-13,0623,Aqua,MODIS,63,6.2,321,17.4,D,0
-27.1677,114.1322,339.6,1.1,1,2014-01-13,0623,Aqua,MODIS,75,6.2,317.2,22.2,D,0
-27.2032,114.1504,348.7,1.1,1,2014-01-13,0623,Aqua,MODIS,91,6.2,320.8,37.3,D,0
-27.2015,114.1613,345.5,1.1,1,2014-01-13,0623,Aqua,MODIS,87,6.2,321.3,31,D,0
-27.1812,114.1684,336.7,1.1,1,2014-01-13,0623,Aqua,MODIS,52,6.2,317.5,13.1,D,0
-27.1829,114.1575,340.5,1.1,1,2014-01-13,0623,Aqua,MODIS,78,6.2,318.3,19.7,D,0
-27.1922,114.1594,357.8,1.1,1,2014-01-13,0623,Aqua,MODIS,98,6.2,321.8,60.9,D,0
-22.2753,118.0386,373.8,2.2,1.4,2014-01-13,0624,Aqua,MODIS,100,6.2,321,338.2,D,0
-21.8962,117.2352,347.7,2,1.4,2014-01-13,0624,Aqua,MODIS,31,6.2,324.1,85.8,D,0
-22.3656,115.7729,346.7,1.5,1.2,2014-01-13,0624,Aqua,MODIS,67,6.2,327.8,32.3,D,0
-22.3615,115.7805,344.2,1.5,1.2,2014-01-13,0624,Aqua,MODIS,86,6.2,328.4,27.1,D,0
-22.3192,118.0904,351.1,2.2,1.4,2014-01-13,0624,Aqua,MODIS,79,6.2,316,137.8,D,0
-22.332,118.0936,350.5,2.2,1.4,2014-01-13,0624,Aqua,MODIS,58,6.2,317.7,137.7,D,0
-22.328,118.1154,352.6,2.2,1.4,2014-01-13,0624,Aqua,MODIS,76,6.2,318,150.1,D,0
-22.3708,115.7435,350.1,1.5,1.2,2014-01-13,0624,Aqua,MODIS,90,6.2,327.2,44.7,D,0
-22.3665,115.751,348.6,1.5,1.2,2014-01-13,0624,Aqua,MODIS,90,6.2,327.6,41.6,D,0
-22.369,115.7363,342.6,1.5,1.2,2014-01-13,0624,Aqua,MODIS,73,6.2,327.2,20.5,D,0
-22.3301,118.1008,371.1,2.2,1.4,2014-01-13,0624,Aqua,MODIS,100,6.2,319.1,319.9,D,0
-22.2623,118.0367,364.3,2.2,1.4,2014-01-13,0624,Aqua,MODIS,99,6.2,315.1,246.1,D,0
-30.2517,148.7297,314.1,1.8,1.3,2014-01-13,1230,Terra,MODIS,88,6.2,294.6,26.7,N,0
-30.2456,148.7226,308.1,1.8,1.3,2014-01-13,1230,Terra,MODIS,71,6.2,294,16.3,N,0
-30.2474,148.7041,310.3,1.8,1.3,2014-01-13,1230,Terra,MODIS,78,6.2,294.7,20.2,N,0
-30.2535,148.7112,341.2,1.8,1.3,2014-01-13,1230,Terra,MODIS,100,6.2,296.5,103.9,N,0
-30.1097,149.3641,311.1,1.6,1.2,2014-01-13,1230,Terra,MODIS,82,6.2,296.3,15.5,N,0
-28.7466,149.9667,306.6,1.4,1.2,2014-01-13,1230,Terra,MODIS,69,6.2,295,8.3,N,0
-29.2334,146.4267,308.9,2.5,1.5,2014-01-13,1230,Terra,MODIS,42,6.2,297.3,19.5,N,0
-29.2218,146.3996,308.2,2.5,1.5,2014-01-13,1230,Terra,MODIS,69,6.2,297.3,18.3,N,0
-29.2239,146.3739,308,2.5,1.5,2014-01-13,1230,Terra,MODIS,61,6.2,297.9,17.3,N,0
-26.3491,150.5965,308,1.2,1.1,2014-01-13,1231,Terra,MODIS,73,6.2,293.9,9.8,N,0
-26.3506,150.5842,319.5,1.2,1.1,2014-01-13,1231,Terra,MODIS,99,6.2,294.7,22.3,N,0
-25.7424,150.9862,306.2,1.2,1.1,2014-01-13,1231,Terra,MODIS,67,6.2,292.5,7.8,N,0
-25.293,143.1979,307.4,3.8,1.8,2014-01-13,1231,Terra,MODIS,69,6.2,296.1,35,N,0
-24.6198,151.3266,303.2,1.1,1,2014-01-13,1231,Terra,MODIS,54,6.2,291.1,6,N,0
-24.6191,149.0203,305.7,1.4,1.2,2014-01-13,1231,Terra,MODIS,65,6.2,292.4,9.2,N,0
-26.4488,149.4743,306.3,1.4,1.2,2014-01-13,1231,Terra,MODIS,14,6.2,295.2,8.1,N,0
-25.3413,150.4528,305.7,1.2,1.1,2014-01-13,1231,Terra,MODIS,58,6.2,292.9,7.5,N,0
-24.6826,151.8117,301,1.1,1,2014-01-13,1231,Terra,MODIS,37,6.2,290.9,4.2,N,0
-25.3914,149.7696,304.6,1.3,1.1,2014-01-13,1231,Terra,MODIS,61,6.2,293.2,7.3,N,0
-25.3314,150.4512,308.7,1.2,1.1,2014-01-13,1231,Terra,MODIS,75,6.2,292.6,10.1,N,0
-25.3398,150.4647,303.9,1.2,1.1,2014-01-13,1231,Terra,MODIS,36,6.2,292.9,6,N,0
-21.6946,147.0762,305.4,1.8,1.3,2014-01-13,1232,Terra,MODIS,64,6.2,293.9,11.4,N,0
-23.8357,150.2197,315.2,1.2,1.1,2014-01-13,1232,Terra,MODIS,91,6.2,293.7,16.6,N,0
-23.8372,150.2079,329.9,1.2,1.1,2014-01-13,1232,Terra,MODIS,100,6.2,294.3,36.5,N,0
-23.7511,147.2208,310.6,1.8,1.3,2014-01-13,1232,Terra,MODIS,51,6.2,293.5,18.7,N,0
-23.7389,147.2207,306.4,1.8,1.3,2014-01-13,1232,Terra,MODIS,8,6.2,292.5,11.6,N,0
-23.6791,147.2123,320.6,1.8,1.3,2014-01-13,1232,Terra,MODIS,100,6.2,294.3,39.8,N,0
-23.6809,147.1946,331,1.8,1.3,2014-01-13,1232,Terra,MODIS,100,6.2,294.8,69,N,0
-23.6689,147.1929,307.5,1.8,1.3,2014-01-13,1232,Terra,MODIS,72,6.2,293.3,14.7,N,0
-23.6859,147.2066,316.6,1.8,1.3,2014-01-13,1232,Terra,MODIS,93,6.2,294.3,31.6,N,0
-23.6879,147.1889,304.3,1.8,1.3,2014-01-13,1232,Terra,MODIS,59,6.2,293.5,9.5,N,0
-23.6739,147.2054,323.4,1.8,1.3,2014-01-13,1232,Terra,MODIS,100,6.2,294.2,47.1,N,0
-23.6759,147.1873,317.2,1.8,1.3,2014-01-13,1232,Terra,MODIS,95,6.2,293.8,32.3,N,0
-23.727,147.2187,305.9,1.8,1.3,2014-01-13,1232,Terra,MODIS,38,6.2,293,11.7,N,0
-23.9384,146.4333,306.8,2.1,1.4,2014-01-13,1232,Terra,MODIS,58,6.2,294.4,17.6,N,0
-23.3437,149.8441,310.3,1.2,1.1,2014-01-13,1232,Terra,MODIS,80,6.2,292.4,12.7,N,0
-23.9405,146.4122,345.1,2.1,1.4,2014-01-13,1232,Terra,MODIS,100,6.2,295.7,153.3,N,0
-23.9388,146.4267,324.3,2.1,1.4,2014-01-13,1232,Terra,MODIS,100,6.2,295,63,N,0
-23.926,146.4252,304.4,2.1,1.4,2014-01-13,1232,Terra,MODIS,57,6.2,293.8,14.9,N,0
-23.941,146.4056,332.7,2.1,1.4,2014-01-13,1232,Terra,MODIS,100,6.2,295,93.8,N,0
-23.828,147.2364,304.9,1.8,1.3,2014-01-13,1232,Terra,MODIS,26,6.2,293.2,10.5,N,0
-23.816,147.2347,312,1.8,1.3,2014-01-13,1232,Terra,MODIS,84,6.2,293.5,22.5,N,0
-23.2805,150.0296,305.4,1.2,1.1,2014-01-13,1232,Terra,MODIS,51,6.2,292.4,7.1,N,0
-24.0431,146.6782,306.1,2,1.4,2014-01-13,1232,Terra,MODIS,36,6.2,295,13.7,N,0
-24.0305,146.6765,306.3,2,1.4,2014-01-13,1232,Terra,MODIS,23,6.2,294.9,13.4,N,0
-23.8874,147.3045,305.1,1.8,1.3,2014-01-13,1232,Terra,MODIS,29,6.2,292.9,10.7,N,0
-23.7645,147.2636,304,1.8,1.3,2014-01-13,1232,Terra,MODIS,8,6.2,293.6,8.8,N,0
-23.7561,147.2265,306.6,1.8,1.3,2014-01-13,1232,Terra,MODIS,8,6.2,293.6,12.1,N,0
-23.7593,147.2573,307.8,1.8,1.3,2014-01-13,1232,Terra,MODIS,73,6.2,293.7,14.9,N,0
-23.4497,150.2211,303.1,1.2,1.1,2014-01-13,1232,Terra,MODIS,53,6.2,292.8,5.6,N,0
-19.4597,146.6516,300.5,1.8,1.3,2014-01-13,1233,Terra,MODIS,29,6.2,284,8.6,N,0
-27.7037,141.619,302.6,4.7,2,2014-01-13,1409,Terra,MODIS,50,6.2,291.8,35.5,N,0
-27.7063,141.6128,304.9,4.7,2,2014-01-13,1409,Terra,MODIS,62,6.2,291.9,48.6,N,0
-24.4455,126.3305,313.7,1.1,1.1,2014-01-13,1410,Terra,MODIS,84,6.2,301.8,8.8,N,0
-22.2523,117.3351,330.8,4.2,1.9,2014-01-13,1411,Terra,MODIS,100,6.2,296.5,212.5,N,0
-22.2498,117.3277,311.3,4.2,1.9,2014-01-13,1411,Terra,MODIS,78,6.2,295.7,54.8,N,0
-22.327,118.1192,319.7,3.7,1.8,2014-01-13,1411,Terra,MODIS,99,6.2,297.9,90.3,N,0
-22.3371,118.0915,318.9,3.7,1.8,2014-01-13,1411,Terra,MODIS,98,6.2,297.7,87.7,N,0
-22.3343,118.1262,314.6,3.7,1.8,2014-01-13,1411,Terra,MODIS,89,6.2,298,61.3,N,0
-22.2753,117.2996,311.6,4.2,1.9,2014-01-13,1411,Terra,MODIS,82,6.2,297.8,58.7,N,0
-22.2695,117.3371,351.8,4.2,1.9,2014-01-13,1411,Terra,MODIS,100,6.2,299.5,501.7,N,0
-22.2729,117.2941,314.5,4.2,1.9,2014-01-13,1411,Terra,MODIS,89,6.2,297.9,77.4,N,0
-22.2463,117.3687,310.6,4.2,1.9,2014-01-13,1411,Terra,MODIS,79,6.2,296.2,52.9,N,0
-22.272,117.343,333.2,4.2,1.9,2014-01-13,1411,Terra,MODIS,100,6.2,298.9,238.2,N,0
-22.2491,117.3762,313.6,4.2,1.9,2014-01-13,1411,Terra,MODIS,87,6.2,296.3,70.3,N,0
-22.266,117.3797,311.7,4.2,1.9,2014-01-13,1411,Terra,MODIS,82,6.2,297.4,60.1,N,0
-22.33,118.084,315.7,3.7,1.8,2014-01-13,1411,Terra,MODIS,91,6.2,297.1,67.8,N,0
-20.88,128.9608,309.4,1,1,2014-01-13,1411,Terra,MODIS,50,6.2,291.4,6.1,N,0
-20.8815,128.9509,319.1,1,1,2014-01-13,1411,Terra,MODIS,98,6.2,292.1,14.6,N,0
-20.883,128.9409,328.4,1,1,2014-01-13,1411,Terra,MODIS,100,6.2,292.9,25.4,N,0
-20.8845,128.931,312.9,1,1,2014-01-13,1411,Terra,MODIS,86,6.2,292,9.9,N,0
-20.8719,128.9633,309.2,1,1,2014-01-13,1411,Terra,MODIS,58,6.2,293,7,N,0
-20.8734,128.9533,316,1,1,2014-01-13,1411,Terra,MODIS,91,6.2,292.2,12.3,N,0
-20.8749,128.9434,324.9,1,1,2014-01-13,1411,Terra,MODIS,100,6.2,291.7,21.7,N,0
-20.8763,128.9335,309.4,1,1,2014-01-13,1411,Terra,MODIS,71,6.2,291.2,7.9,N,0
-20.2514,128.1778,310.1,1,1,2014-01-13,1411,Terra,MODIS,77,6.2,295.9,6.1,N,0
-20.2528,128.1681,307.6,1,1,2014-01-13,1411,Terra,MODIS,69,6.2,296,4.5,N,0
-23.0587,145.5824,304.5,1,1,2014-01-13,1541,Aqua,MODIS,60,6.2,289.7,5.7,N,0
-23.8152,146.3853,309.8,1,1,2014-01-13,1541,Aqua,MODIS,72,6.2,293.6,8.1,N,0
-23.8244,146.3838,306,1,1,2014-01-13,1541,Aqua,MODIS,27,6.2,293.3,5.3,N,0
-23.8337,150.2249,302.2,1.7,1.3,2014-01-13,1541,Aqua,MODIS,47,6.2,291.2,10.9,N,0
-23.6663,147.2093,310.5,1.1,1.1,2014-01-13,1541,Aqua,MODIS,49,6.2,292.2,10,N,0
-23.6744,147.1968,311.5,1.1,1.1,2014-01-13,1541,Aqua,MODIS,64,6.2,292.1,11,N,0
-23.6758,147.2078,319.1,1.1,1.1,2014-01-13,1541,Aqua,MODIS,98,6.2,292.6,18.9,N,0
-23.6773,147.2189,306.1,1.1,1.1,2014-01-13,1541,Aqua,MODIS,39,6.2,292.1,6.8,N,0
-23.7263,147.2226,300.4,1.1,1.1,2014-01-13,1541,Aqua,MODIS,13,6.2,289.8,4.1,N,0
-23.6853,147.2065,303.2,1.1,1.1,2014-01-13,1541,Aqua,MODIS,20,6.2,291.5,5.1,N,0
-23.924,146.4358,306.5,1.1,1,2014-01-13,1541,Aqua,MODIS,68,6.2,292.9,6.7,N,0
-23.9307,146.4388,304.1,1.1,1,2014-01-13,1541,Aqua,MODIS,59,6.2,292.9,5.3,N,0
-23.9293,146.4285,314.7,1.1,1,2014-01-13,1541,Aqua,MODIS,90,6.2,293.3,13.3,N,0
-23.9371,146.4167,343.1,1.1,1,2014-01-13,1541,Aqua,MODIS,100,6.2,295,52.2,N,0
-23.9385,146.427,317.5,1.1,1,2014-01-13,1541,Aqua,MODIS,95,6.2,294,15.7,N,0
-24.0282,146.6686,308.8,1.1,1,2014-01-13,1541,Aqua,MODIS,17,6.2,292.8,7.3,N,0
-23.8917,147.3091,302.8,1.1,1.1,2014-01-13,1541,Aqua,MODIS,49,6.2,290.3,6.3,N,0
-23.8932,147.3204,306.9,1.1,1.1,2014-01-13,1541,Aqua,MODIS,69,6.2,290.6,9.4,N,0
-27.7011,141.6098,315.1,1.1,1.1,2014-01-13,1542,Aqua,MODIS,28,6.2,293.1,14.3,N,0
-27.7105,141.6078,314.2,1.1,1.1,2014-01-13,1542,Aqua,MODIS,35,6.2,290.3,14,N,0
-27.7144,141.6014,304.2,1.1,1.1,2014-01-13,1542,Aqua,MODIS,43,6.2,288.5,8.8,N,0
-25.281,143.2083,310.2,1,1,2014-01-13,1542,Aqua,MODIS,77,6.2,298,7.5,N,0
-25.2826,143.2186,316.6,1,1,2014-01-13,1542,Aqua,MODIS,93,6.2,298.5,12.6,N,0
-25.2902,143.2065,327.5,1,1,2014-01-13,1542,Aqua,MODIS,100,6.2,298.5,24.4,N,0
-25.2918,143.2168,339.2,1,1,2014-01-13,1542,Aqua,MODIS,100,6.2,300.1,41.5,N,0
-25.2934,143.2271,322,1,1,2014-01-13,1542,Aqua,MODIS,100,6.2,299.6,17.5,N,0
-25.2625,142.177,311.8,1.1,1.1,2014-01-13,1542,Aqua,MODIS,81,6.2,297.4,10.8,N,0
-29.2243,146.3874,309.6,1.2,1.1,2014-01-13,1542,Aqua,MODIS,78,6.2,296.8,9.3,N,0
-29.2677,146.4848,310.6,1.2,1.1,2014-01-13,1542,Aqua,MODIS,80,6.2,296.3,10.7,N,0
-30.2486,148.7123,321.6,1.6,1.3,2014-01-13,1543,Aqua,MODIS,100,6.2,295.8,36.7,N,0
-30.2503,148.7292,324,1.6,1.3,2014-01-13,1543,Aqua,MODIS,100,6.2,295.7,42,N,0
-21.6202,121.7095,305.4,1,1,2014-01-13,1719,Aqua,MODIS,57,6.2,291.1,4.8,N,0
-21.8791,115.3578,320.8,1.7,1.3,2014-01-13,1720,Aqua,MODIS,100,6.2,295.9,36.4,N,0
-22.2411,118.0516,327.4,1.2,1.1,2014-01-13,1720,Aqua,MODIS,74,6.2,300,28.2,N,0
-22.3337,118.1092,324.2,1.1,1.1,2014-01-13,1720,Aqua,MODIS,74,6.2,279.3,23.4,N,0
-22.277,118.0906,328.5,1.1,1.1,2014-01-13,1720,Aqua,MODIS,100,6.2,291.3,28.7,N,0
-23.8226,120.1452,315.8,1,1,2014-01-13,1720,Aqua,MODIS,92,6.2,296.5,12.4,N,0
-21.8826,117.2501,316.4,1.3,1.1,2014-01-13,1720,Aqua,MODIS,92,6.2,300.4,14.3,N,0
-21.8805,117.2375,309.4,1.3,1.1,2014-01-13,1720,Aqua,MODIS,72,6.2,299,6.4,N,0
-21.8677,115.3602,314.2,1.7,1.3,2014-01-13,1720,Aqua,MODIS,87,6.2,296.8,24.1,N,0
-22.3649,115.7486,313.4,1.6,1.2,2014-01-13,1720,Aqua,MODIS,86,6.2,298.5,16.4,N,0
-22.2509,117.2439,310.7,1.3,1.1,2014-01-13,1720,Aqua,MODIS,78,6.2,298.2,10.3,N,0
-22.2392,118.0404,321.9,1.2,1.1,2014-01-13,1720,Aqua,MODIS,50,6.2,297.5,21.7,N,0
-21.8821,115.374,314.8,1.7,1.3,2014-01-13,1720,Aqua,MODIS,88,6.2,293.2,24.3,N,0
-21.8707,115.3763,312.9,1.7,1.3,2014-01-13,1720,Aqua,MODIS,79,6.2,297.9,22,N,0
-28.4967,121.9385,319,1.2,1.1,2014-01-13,1721,Aqua,MODIS,97,6.2,301.2,15.1,N,0
-28.4982,121.9506,315.4,1.2,1.1,2014-01-13,1721,Aqua,MODIS,75,6.2,301.2,11.1,N,0
-28.5079,121.9491,319.8,1.2,1.1,2014-01-13,1721,Aqua,MODIS,99,6.2,301.1,16.4,N,0
-17.4566,127.5465,326.4,4.6,2,2014-01-14,0105,Terra,MODIS,78,6.2,285.3,142.6,D,0
-17.4479,127.5029,325.7,4.7,2,2014-01-14,0105,Terra,MODIS,58,6.2,285.6,138.1,D,0
-17.4551,127.5392,327.9,4.6,2,2014-01-14,0105,Terra,MODIS,79,6.2,285.8,163.3,D,0
-23.9365,146.4348,321.5,3.2,1.7,2014-01-14,0106,Terra,MODIS,36,6.2,302.7,40.3,D,0
-23.8573,146.3838,321.4,3.2,1.7,2014-01-14,0106,Terra,MODIS,24,6.2,303.8,39.1,D,0
-23.8189,147.2424,323.3,3.7,1.8,2014-01-14,0106,Terra,MODIS,59,6.2,303.5,65.2,D,0
-23.8903,147.3098,325.6,3.8,1.8,2014-01-14,0106,Terra,MODIS,67,6.2,300,86.2,D,0
-27.6478,141.596,338.7,1.6,1.3,2014-01-14,0107,Terra,MODIS,49,6.2,320.6,29.6,D,0
-27.6496,141.6127,342,1.6,1.3,2014-01-14,0107,Terra,MODIS,75,6.2,318.8,42.9,D,0
-27.6611,141.6113,356.2,1.6,1.3,2014-01-14,0107,Terra,MODIS,97,6.2,320.9,103.2,D,0
-27.6725,141.6097,356.7,1.6,1.3,2014-01-14,0107,Terra,MODIS,97,6.2,320,104.3,D,0
-27.6839,141.6083,342.9,1.6,1.3,2014-01-14,0107,Terra,MODIS,74,6.2,318.4,44,D,0
-27.6858,141.625,346.3,1.7,1.3,2014-01-14,0107,Terra,MODIS,88,6.2,317.4,60.8,D,0
-27.6972,141.6236,350.1,1.7,1.3,2014-01-14,0107,Terra,MODIS,92,6.2,318.8,79.7,D,0
-27.7087,141.6221,362.6,1.7,1.3,2014-01-14,0107,Terra,MODIS,100,6.2,319.3,145.2,D,0
-27.7201,141.6206,359.9,1.7,1.3,2014-01-14,0107,Terra,MODIS,99,6.2,317.8,128.3,D,0
-27.7061,141.6164,350,1.7,1.3,2014-01-14,0107,Terra,MODIS,92,6.2,319.8,79,D,0
-27.7079,141.6333,336.3,1.7,1.3,2014-01-14,0107,Terra,MODIS,66,6.2,316.7,28.4,D,0
-27.7176,141.6149,353.6,1.7,1.3,2014-01-14,0107,Terra,MODIS,95,6.2,318.6,93.9,D,0
-27.7194,141.6318,340.7,1.7,1.3,2014-01-14,0107,Terra,MODIS,81,6.2,316.1,42,D,0
-27.729,141.6134,345.4,1.7,1.3,2014-01-14,0107,Terra,MODIS,67,6.2,318.9,55.3,D,0
-27.7387,141.5951,344.5,1.6,1.3,2014-01-14,0107,Terra,MODIS,81,6.2,316.9,50.4,D,0
-27.7501,141.5936,363.1,1.6,1.3,2014-01-14,0107,Terra,MODIS,100,6.2,319.6,144.3,D,0
-27.7616,141.5921,349.1,1.6,1.3,2014-01-14,0107,Terra,MODIS,91,6.2,316.1,73.8,D,0
-27.7634,141.6089,337.8,1.7,1.3,2014-01-14,0107,Terra,MODIS,42,6.2,318.9,30.8,D,0
-26.5931,131.0768,334.6,1.7,1.3,2014-01-14,0107,Terra,MODIS,66,6.2,311.8,25.4,D,0
-26.59,131.0601,334.8,1.7,1.3,2014-01-14,0107,Terra,MODIS,59,6.2,311,28.8,D,0
-37.9149,144.5238,325.6,3.4,1.7,2014-01-14,0110,Terra,MODIS,64,6.2,311.1,39.7,D,0
-22.2283,117.2433,331.3,1.5,1.2,2014-01-14,0244,Terra,MODIS,46,6.2,317.8,15.2,D,0
-22.2677,117.3632,340.3,1.5,1.2,2014-01-14,0244,Terra,MODIS,80,6.2,316.6,42.2,D,0
-22.2752,117.3331,330.1,1.5,1.2,2014-01-14,0244,Terra,MODIS,18,6.2,315.1,12.9,D,0
-22.3441,118.1113,340,1.7,1.3,2014-01-14,0244,Terra,MODIS,43,6.2,316.3,44.1,D,0
-22.2552,118.1304,335.7,1.7,1.3,2014-01-14,0244,Terra,MODIS,47,6.2,317.4,35.4,D,0
-22.2635,118.1231,339,1.7,1.3,2014-01-14,0244,Terra,MODIS,73,6.2,321.1,44.9,D,0
-22.2265,117.2284,335,1.5,1.2,2014-01-14,0244,Terra,MODIS,69,6.2,315.3,25.1,D,0
-22.3267,118.063,338.3,1.7,1.3,2014-01-14,0244,Terra,MODIS,64,6.2,313.8,44,D,0
-22.324,118.058,338.4,1.7,1.3,2014-01-14,0244,Terra,MODIS,65,6.2,313.7,44.2,D,0
-22.3257,118.0736,348.7,1.7,1.3,2014-01-14,0244,Terra,MODIS,90,6.2,317.7,83.7,D,0
-22.3428,118.1226,339.3,1.7,1.3,2014-01-14,0244,Terra,MODIS,28,6.2,317.6,41.2,D,0
-22.3409,118.1055,340.8,1.7,1.3,2014-01-14,0244,Terra,MODIS,42,6.2,317.4,46.4,D,0
-22.2438,118.034,339.6,1.7,1.3,2014-01-14,0244,Terra,MODIS,49,6.2,320.2,45.1,D,0
-22.2324,118.0354,341.2,1.7,1.3,2014-01-14,0244,Terra,MODIS,60,6.2,318.3,48.2,D,0
-22.2652,118.1388,335.3,1.7,1.3,2014-01-14,0244,Terra,MODIS,68,6.2,316.2,34.8,D,0
-22.3038,118.0664,343.5,1.7,1.3,2014-01-14,0244,Terra,MODIS,83,6.2,315.6,58.1,D,0
-22.3152,118.0646,353.4,1.7,1.3,2014-01-14,0244,Terra,MODIS,95,6.2,315.1,104.9,D,0
-22.3171,118.0809,340.2,1.7,1.3,2014-01-14,0244,Terra,MODIS,67,6.2,318.2,46.2,D,0
-22.3229,118.1307,340.9,1.7,1.3,2014-01-14,0244,Terra,MODIS,66,6.2,319.2,47.3,D,0
-21.914,117.3634,331.1,1.5,1.2,2014-01-14,0244,Terra,MODIS,50,6.2,317.8,16.5,D,0
-22.3286,118.0795,346.5,1.7,1.3,2014-01-14,0244,Terra,MODIS,86,6.2,317.4,74.5,D,0
-22.3345,118.1294,338.6,1.7,1.3,2014-01-14,0244,Terra,MODIS,47,6.2,319.4,40,D,0
-22.6055,115.3357,342.8,1.2,1.1,2014-01-14,0245,Terra,MODIS,58,6.2,324.2,22.2,D,0
-23.8254,120.1464,360.1,2.5,1.5,2014-01-14,0245,Terra,MODIS,100,6.2,325.5,214.4,D,0
-23.832,120.1402,354.9,2.5,1.5,2014-01-14,0245,Terra,MODIS,96,6.2,325.6,168.1,D,0
-23.8343,120.1648,342.2,2.5,1.5,2014-01-14,0245,Terra,MODIS,82,6.2,322.6,70.1,D,0
-22.5862,115.3386,350.1,1.2,1.1,2014-01-14,0245,Terra,MODIS,92,6.2,322.5,43.1,D,0
-22.6433,115.3007,338.9,1.2,1.1,2014-01-14,0245,Terra,MODIS,57,6.2,322.1,18.6,D,0
-22.6351,115.3134,348.3,1.2,1.1,2014-01-14,0245,Terra,MODIS,89,6.2,322.7,37.2,D,0
-22.6336,115.3022,346.5,1.2,1.1,2014-01-14,0245,Terra,MODIS,89,6.2,323.3,34.7,D,0
-22.6315,115.309,362.1,1.2,1.1,2014-01-14,0245,Terra,MODIS,100,6.2,324.2,76.6,D,0
-22.6219,115.3104,353.2,1.2,1.1,2014-01-14,0245,Terra,MODIS,57,6.2,322.3,43.6,D,0
-22.6189,115.288,343.5,1.2,1.1,2014-01-14,0245,Terra,MODIS,31,6.2,320.1,26.7,D,0
-22.6092,115.2894,342.8,1.2,1.1,2014-01-14,0245,Terra,MODIS,76,6.2,321.2,27.5,D,0
-22.604,115.3245,360.9,1.2,1.1,2014-01-14,0245,Terra,MODIS,100,6.2,326.5,72.1,D,0
-22.5996,115.2909,351.8,1.2,1.1,2014-01-14,0245,Terra,MODIS,94,6.2,321.9,49.9,D,0
-22.5958,115.3372,349.4,1.2,1.1,2014-01-14,0245,Terra,MODIS,76,6.2,325.5,38.8,D,0
-22.5944,115.3259,358.8,1.2,1.1,2014-01-14,0245,Terra,MODIS,98,6.2,326.8,65.6,D,0
-32.072,115.9119,320.7,1.6,1.3,2014-01-14,0247,Terra,MODIS,32,6.2,303.1,10.2,D,2
-32.0624,115.9309,320.7,1.6,1.3,2014-01-14,0247,Terra,MODIS,46,6.2,303.4,10.4,D,0
-31.9849,115.9479,322.4,1.6,1.3,2014-01-14,0247,Terra,MODIS,28,6.2,302.8,11.4,D,0
-32.0606,115.9135,321.3,1.6,1.3,2014-01-14,0247,Terra,MODIS,50,6.2,303.5,12.1,D,0
-37.5905,144.6828,338.4,2.5,1.5,2014-01-14,0346,Aqua,MODIS,86,6.2,313.1,80.8,D,0
-36.3105,142.1604,342.3,3.5,1.8,2014-01-14,0346,Aqua,MODIS,57,6.2,317.1,141.7,D,0
-37.5821,144.6893,335.1,2.5,1.5,2014-01-14,0346,Aqua,MODIS,83,6.2,312.9,61.9,D,0
-35.7508,147.5809,395.6,1.6,1.2,2014-01-14,0346,Aqua,MODIS,100,6.2,309.2,409.5,D,0
-33.0123,150.412,324.7,1.1,1,2014-01-14,0347,Aqua,MODIS,38,6.2,307.9,11.7,D,0
-33.0064,150.4578,324.3,1.1,1,2014-01-14,0347,Aqua,MODIS,38,6.2,307.2,11.9,D,0
-33.1888,150.5382,322.5,1.1,1,2014-01-14,0347,Aqua,MODIS,34,6.2,306.3,10.5,D,0
-33.1431,150.3346,323.5,1.1,1,2014-01-14,0347,Aqua,MODIS,29,6.2,307.2,10.2,D,0
-33.176,150.489,327.1,1.1,1,2014-01-14,0347,Aqua,MODIS,67,6.2,306.7,16.5,D,0
-33.1902,150.5267,322.1,1.1,1,2014-01-14,0347,Aqua,MODIS,20,6.2,306,10,D,0
-32.7117,150.6885,328.8,1.1,1,2014-01-14,0347,Aqua,MODIS,67,6.2,301.4,21,D,0
-32.6137,150.7325,323.4,1,1,2014-01-14,0347,Aqua,MODIS,42,6.2,302.6,12.4,D,0
-32.6262,150.7807,323.9,1,1,2014-01-14,0347,Aqua,MODIS,51,6.2,304.7,13.6,D,0
-32.6277,150.7695,325.6,1,1,2014-01-14,0347,Aqua,MODIS,60,6.2,304.9,15.4,D,0
-32.6185,150.7678,325.7,1,1,2014-01-14,0347,Aqua,MODIS,52,6.2,304.6,15,D,0
-32.62,150.7566,328.2,1,1,2014-01-14,0347,Aqua,MODIS,53,6.2,303.7,17.6,D,0
-32.6123,150.7437,325.4,1,1,2014-01-14,0347,Aqua,MODIS,59,6.2,302.7,15.1,D,0
-32.6741,150.8303,348.7,1,1,2014-01-14,0347,Aqua,MODIS,93,6.2,304.9,50.9,D,0
-32.6877,150.7985,329.4,1,1,2014-01-14,0347,Aqua,MODIS,58,6.2,303.3,19,D,0
-32.6722,150.7729,326,1,1,2014-01-14,0347,Aqua,MODIS,48,6.2,300.9,16.4,D,0
-32.6586,150.8047,330,1,1,2014-01-14,0347,Aqua,MODIS,56,6.2,303.5,19.4,D,0
-32.6726,150.8415,332.7,1,1,2014-01-14,0347,Aqua,MODIS,59,6.2,303,23.7,D,0
-32.7496,150.5862,334.1,1.1,1,2014-01-14,0347,Aqua,MODIS,79,6.2,302.8,30.7,D,0
-32.7435,150.5909,325.4,1.1,1,2014-01-14,0347,Aqua,MODIS,58,6.2,301.5,18.9,D,0
-32.7449,150.5797,327.6,1.1,1,2014-01-14,0347,Aqua,MODIS,66,6.2,301.9,21.9,D,0
-33.142,150.5302,330.2,1.1,1,2014-01-14,0347,Aqua,MODIS,57,6.2,309.4,15,D,0
-32.6601,150.7936,334.8,1,1,2014-01-14,0347,Aqua,MODIS,80,6.2,302.7,27.2,D,0
-32.6969,150.8003,333.3,1,1,2014-01-14,0347,Aqua,MODIS,63,6.2,303.6,24.7,D,0
-32.6523,150.7807,328.5,1,1,2014-01-14,0347,Aqua,MODIS,57,6.2,303.1,18.5,D,0
-32.6693,150.7952,335.2,1,1,2014-01-14,0347,Aqua,MODIS,64,6.2,301.9,25.8,D,0
-32.7068,150.6534,333.7,1.1,1,2014-01-14,0347,Aqua,MODIS,75,6.2,300.7,27.9,D,0
-32.6678,150.8063,332,1,1,2014-01-14,0347,Aqua,MODIS,27,6.2,302.1,20.7,D,0
-32.7146,150.6663,333.3,1.1,1,2014-01-14,0347,Aqua,MODIS,73,6.2,301.5,27.1,D,0
-32.6756,150.8191,342.5,1,1,2014-01-14,0347,Aqua,MODIS,70,6.2,303.9,36.3,D,0
-32.6833,150.832,346.1,1,1,2014-01-14,0347,Aqua,MODIS,91,6.2,304.6,46.7,D,0
-32.6785,150.7967,331.6,1,1,2014-01-14,0347,Aqua,MODIS,33,6.2,302.1,19.7,D,0
-30.2614,147.6608,339.7,1.3,1.1,2014-01-14,0348,Aqua,MODIS,79,6.2,321.7,17.9,D,0
-29.1883,146.3849,335.1,1.5,1.2,2014-01-14,0348,Aqua,MODIS,57,6.2,318.6,17.6,D,0
-29.2214,146.3945,343.5,1.5,1.2,2014-01-14,0348,Aqua,MODIS,85,6.2,320.8,45.3,D,0
-29.2231,146.3785,348.5,1.5,1.2,2014-01-14,0348,Aqua,MODIS,90,6.2,317.4,64.9,D,0
-29.2216,146.3895,348.3,1.5,1.2,2014-01-14,0348,Aqua,MODIS,90,6.2,320.7,61.1,D,0
-29.2234,146.3735,336.9,1.5,1.2,2014-01-14,0348,Aqua,MODIS,48,6.2,316.1,24.1,D,0
-29.1994,146.3864,382.2,1.5,1.2,2014-01-14,0348,Aqua,MODIS,100,6.2,322.8,257.5,D,0
-29.2012,146.3705,434,1.5,1.2,2014-01-14,0348,Aqua,MODIS,100,6.2,330.8,947.5,D,0
-29.2029,146.3545,374.8,1.6,1.2,2014-01-14,0348,Aqua,MODIS,100,6.2,316.2,207.3,D,0
-29.1901,146.3689,345.1,1.5,1.2,2014-01-14,0348,Aqua,MODIS,87,6.2,319.7,51.8,D,0
-27.8099,153.3886,334.1,1.1,1.1,2014-01-14,0348,Aqua,MODIS,62,6.2,298.9,30.8,D,0
-24.7008,148.111,326.7,1.1,1,2014-01-14,0349,Aqua,MODIS,58,6.2,309.4,13.2,D,0
-25.4701,148.6849,336.9,1.1,1,2014-01-14,0349,Aqua,MODIS,80,6.2,315.6,18.7,D,0
-25.3361,150.4492,340.5,1,1,2014-01-14,0349,Aqua,MODIS,86,6.2,302.6,31.3,D,0
-24.6911,151.8067,344.8,1.1,1,2014-01-14,0349,Aqua,MODIS,86,6.2,303.5,41.8,D,0
-25.3346,150.4591,341.4,1,1,2014-01-14,0349,Aqua,MODIS,81,6.2,309.8,32.4,D,0
-25.3436,150.4607,343.5,1,1,2014-01-14,0349,Aqua,MODIS,83,6.2,309.7,36.1,D,0
-27.7621,141.6148,342.4,3.1,1.7,2014-01-14,0349,Aqua,MODIS,83,6.2,318.7,109.9,D,0
-27.7645,141.5825,347.5,3.2,1.7,2014-01-14,0349,Aqua,MODIS,89,6.2,316.9,165.5,D,0
-27.7492,141.581,339.9,3.2,1.7,2014-01-14,0349,Aqua,MODIS,77,6.2,318.1,92.6,D,0
-27.7646,141.6075,348.4,3.1,1.7,2014-01-14,0349,Aqua,MODIS,90,6.2,319,171.1,D,0
-27.7672,141.5752,337.4,3.2,1.7,2014-01-14,0349,Aqua,MODIS,70,6.2,315.5,70,D,0
-27.7519,141.5738,334.5,3.2,1.7,2014-01-14,0349,Aqua,MODIS,59,6.2,317.1,50.3,D,0
-27.7341,141.6046,339.4,3.1,1.7,2014-01-14,0349,Aqua,MODIS,51,6.2,318.6,80.1,D,0
-27.7366,141.5723,340.8,3.2,1.7,2014-01-14,0349,Aqua,MODIS,63,6.2,318,92.5,D,0
-27.7188,141.6031,341.1,3.1,1.7,2014-01-14,0349,Aqua,MODIS,56,6.2,318,91.9,D,0
-27.6882,141.6002,345,3.1,1.7,2014-01-14,0349,Aqua,MODIS,83,6.2,316.4,125.1,D,0
-27.6729,141.5987,349,3.1,1.7,2014-01-14,0349,Aqua,MODIS,91,6.2,318,162.6,D,0
-27.6577,141.5972,340.9,3.1,1.7,2014-01-14,0349,Aqua,MODIS,66,6.2,317.8,83.1,D,0
-27.6764,141.5948,348.1,3.1,1.7,2014-01-14,0349,Aqua,MODIS,90,6.2,317.8,156.7,D,0
-27.6611,141.5933,340.6,3.1,1.7,2014-01-14,0349,Aqua,MODIS,76,6.2,318.2,88.5,D,0
-25.1087,152.5467,379.9,1.1,1,2014-01-14,0349,Aqua,MODIS,94,6.2,308.4,162.7,D,0
-25.1038,152.5514,368,1.1,1,2014-01-14,0349,Aqua,MODIS,75,6.2,307.8,115,D,0
-25.1055,152.5405,359.5,1.1,1,2014-01-14,0349,Aqua,MODIS,86,6.2,307.5,85,D,0
-24.6188,151.3185,342.2,1,1,2014-01-14,0349,Aqua,MODIS,89,6.2,307.3,35.9,D,0
-22.9679,150.0321,330.2,1,1,2014-01-14,0350,Aqua,MODIS,57,6.2,302.8,16,D,0
-22.9721,150.0029,345.1,1,1,2014-01-14,0350,Aqua,MODIS,91,6.2,306.8,39.5,D,0
-22.9735,149.9932,332.8,1,1,2014-01-14,0350,Aqua,MODIS,52,6.2,307.2,19.9,D,0
-23.8428,150.2141,386.7,1,1,2014-01-14,0350,Aqua,MODIS,100,6.2,312.5,166.1,D,0
-23.2652,150.1376,324.9,1,1,2014-01-14,0350,Aqua,MODIS,18,6.2,303.7,10.8,D,0
-23.6982,148.6862,332.1,1,1,2014-01-14,0350,Aqua,MODIS,40,6.2,308.4,23.3,D,0
-23.677,147.2167,339.9,1.2,1.1,2014-01-14,0350,Aqua,MODIS,60,6.2,310.3,36.6,D,0
-23.6672,147.2153,343.5,1.2,1.1,2014-01-14,0350,Aqua,MODIS,76,6.2,311.7,44.2,D,0
-23.7258,147.2239,330.9,1.2,1.1,2014-01-14,0350,Aqua,MODIS,41,6.2,307.9,16.4,D,0
-23.9343,146.4329,340.7,1.3,1.1,2014-01-14,0350,Aqua,MODIS,78,6.2,310.1,39.9,D,0
-23.5376,149.5163,346.5,1,1,2014-01-14,0350,Aqua,MODIS,92,6.2,308.4,40.2,D,0
-23.5466,149.5178,342.5,1,1,2014-01-14,0350,Aqua,MODIS,89,6.2,309.2,34.2,D,0
-23.9461,146.4215,398.8,1.3,1.1,2014-01-14,0350,Aqua,MODIS,100,6.2,316.2,343.1,D,0
-23.9477,146.4084,447.3,1.3,1.1,2014-01-14,0350,Aqua,MODIS,100,6.2,330.7,990.8,D,0
-23.9359,146.4199,336.9,1.3,1.1,2014-01-14,0350,Aqua,MODIS,43,6.2,313.2,28.9,D,0
-23.9381,146.428,336,1.3,1.1,2014-01-14,0350,Aqua,MODIS,70,6.2,310.3,28.5,D,0
-23.9397,146.4149,365.9,1.3,1.1,2014-01-14,0350,Aqua,MODIS,100,6.2,319.4,125.4,D,0
-23.9413,146.4019,340.4,1.3,1.1,2014-01-14,0350,Aqua,MODIS,84,6.2,316.4,35.6,D,0
-23.9278,146.4265,340.8,1.3,1.1,2014-01-14,0350,Aqua,MODIS,85,6.2,311.2,40.1,D,0
-23.8796,146.3931,332.9,1.3,1.1,2014-01-14,0350,Aqua,MODIS,58,6.2,314.3,21.7,D,0
-23.8678,146.4047,337.5,1.3,1.1,2014-01-14,0350,Aqua,MODIS,79,6.2,312.1,31.9,D,0
-23.8693,146.3917,369.8,1.3,1.1,2014-01-14,0350,Aqua,MODIS,100,6.2,317.3,145.1,D,0
-23.8709,146.3788,339,1.3,1.1,2014-01-14,0350,Aqua,MODIS,83,6.2,311.8,33,D,0
-23.8724,146.3657,330.1,1.3,1.1,2014-01-14,0350,Aqua,MODIS,43,6.2,312.4,13.6,D,0
-23.8575,146.4032,335.8,1.3,1.1,2014-01-14,0350,Aqua,MODIS,78,6.2,312.6,28.1,D,0
-23.859,146.3903,359.1,1.3,1.1,2014-01-14,0350,Aqua,MODIS,99,6.2,314.9,97.3,D,0
-23.9691,145.9993,335.7,1.4,1.2,2014-01-14,0350,Aqua,MODIS,78,6.2,313.7,31.2,D,0
-23.9707,145.9855,328.5,1.4,1.2,2014-01-14,0350,Aqua,MODIS,53,6.2,312.9,15,D,0
-23.2883,150.0417,320.2,1,1,2014-01-14,0350,Aqua,MODIS,24,6.2,297.4,9.8,D,0
-23.2511,150.0496,347.5,1,1,2014-01-14,0350,Aqua,MODIS,93,6.2,303.5,46.3,D,0
-23.2525,150.0399,337.6,1,1,2014-01-14,0350,Aqua,MODIS,78,6.2,304.9,28.1,D,0
-23.2435,150.0384,340.1,1,1,2014-01-14,0350,Aqua,MODIS,78,6.2,307,31.2,D,0
-23.256,149.3645,327.3,1,1,2014-01-14,0350,Aqua,MODIS,43,6.2,305,13.6,D,0
-24.0488,146.6764,334.5,1.3,1.1,2014-01-14,0350,Aqua,MODIS,77,6.2,311.4,24.5,D,0
-24.0387,146.6748,344.9,1.3,1.1,2014-01-14,0350,Aqua,MODIS,89,6.2,312.2,49.6,D,0
-24.0402,146.6622,339.4,1.3,1.1,2014-01-14,0350,Aqua,MODIS,84,6.2,311.7,34.9,D,0
-24.0286,146.6734,334.8,1.3,1.1,2014-01-14,0350,Aqua,MODIS,78,6.2,312.9,25.4,D,0
-24.0301,146.6607,336.8,1.3,1.1,2014-01-14,0350,Aqua,MODIS,81,6.2,313.6,28.8,D,0
-23.8996,147.2974,361.7,1.2,1.1,2014-01-14,0350,Aqua,MODIS,94,6.2,315.3,93.9,D,0
-23.9011,147.2857,349.4,1.2,1.1,2014-01-14,0350,Aqua,MODIS,93,6.2,316.3,55,D,0
-23.4463,150.2212,342.5,1,1,2014-01-14,0350,Aqua,MODIS,89,6.2,307.6,34.9,D,0
-23.4629,150.234,331.9,1,1,2014-01-14,0350,Aqua,MODIS,79,6.2,303.8,18.4,D,0
-23.4539,150.2325,330.7,1,1,2014-01-14,0350,Aqua,MODIS,73,6.2,304.5,16.7,D,0
-23.5363,149.5261,358.2,1,1,2014-01-14,0350,Aqua,MODIS,99,6.2,311.6,67.3,D,0
-23.1279,149.9422,336.3,1,1,2014-01-14,0350,Aqua,MODIS,84,6.2,307.6,22,D,0
-23.1293,149.9325,351.8,1,1,2014-01-14,0350,Aqua,MODIS,95,6.2,308.6,50.4,D,0
-23.5453,149.5276,353.1,1,1,2014-01-14,0350,Aqua,MODIS,96,6.2,310.9,56.3,D,0
-23.0119,150.3659,328.4,1,1,2014-01-14,0350,Aqua,MODIS,47,6.2,305.9,13.7,D,0
-23.0104,150.3756,333.1,1,1,2014-01-14,0350,Aqua,MODIS,78,6.2,304.7,19.9,D,0
-23.0029,150.3643,323.6,1,1,2014-01-14,0350,Aqua,MODIS,13,6.2,304.4,9.6,D,0
-23.0014,150.3741,323.9,1,1,2014-01-14,0350,Aqua,MODIS,39,6.2,304.9,10.4,D,0
-23.8209,146.3783,335.2,1.3,1.1,2014-01-14,0350,Aqua,MODIS,76,6.2,311.1,30.2,D,0
-23.8106,146.3768,369.8,1.3,1.1,2014-01-14,0350,Aqua,MODIS,100,6.2,311.4,150.4,D,0
-23.8193,146.3914,327.7,1.3,1.1,2014-01-14,0350,Aqua,MODIS,26,6.2,308.8,14.9,D,0
-23.8311,146.3799,328.6,1.3,1.1,2014-01-14,0350,Aqua,MODIS,40,6.2,310.7,15.7,D,0
-23.8122,146.3638,366.1,1.3,1.1,2014-01-14,0350,Aqua,MODIS,100,6.2,310.8,131.3,D,0
-20.7195,147.4991,321.6,1.1,1,2014-01-14,0351,Aqua,MODIS,44,6.2,295.2,12,D,0
-20.7209,147.4888,324.4,1.1,1,2014-01-14,0351,Aqua,MODIS,66,6.2,294.5,15.7,D,0
-31.4525,120.609,337.1,1.9,1.4,2014-01-14,0527,Aqua,MODIS,77,6.2,312.3,53.8,D,0
-31.4401,120.6075,342.5,1.9,1.4,2014-01-14,0527,Aqua,MODIS,85,6.2,310.5,77.5,D,0
-31.4555,120.6162,337.2,1.9,1.4,2014-01-14,0527,Aqua,MODIS,78,6.2,312.4,52.1,D,0
-28.5334,121.9554,340.6,1.5,1.2,2014-01-14,0527,Aqua,MODIS,52,6.2,321.1,23.2,D,0
-28.5351,121.9405,347.6,1.5,1.2,2014-01-14,0527,Aqua,MODIS,89,6.2,320.9,46,D,0
-28.5227,121.9539,366,1.5,1.2,2014-01-14,0527,Aqua,MODIS,100,6.2,326.9,122.5,D,0
-28.5243,121.939,369.8,1.5,1.2,2014-01-14,0527,Aqua,MODIS,100,6.2,328.9,144.9,D,0
-28.5119,121.9523,384.4,1.5,1.2,2014-01-14,0527,Aqua,MODIS,100,6.2,329,235,D,0
-28.5186,121.9632,347.1,1.4,1.2,2014-01-14,0527,Aqua,MODIS,12,6.2,325.5,32,D,0
-28.5203,121.9483,365.8,1.5,1.2,2014-01-14,0527,Aqua,MODIS,100,6.2,329.6,114.4,D,0
-28.5079,121.9616,351.1,1.4,1.2,2014-01-14,0527,Aqua,MODIS,72,6.2,326.2,44.9,D,0
-28.5095,121.9468,361.7,1.5,1.2,2014-01-14,0527,Aqua,MODIS,100,6.2,328.2,90.2,D,0
-28.4988,121.9452,348,1.5,1.2,2014-01-14,0527,Aqua,MODIS,84,6.2,330.5,38.2,D,0
-28.5021,121.9154,358.8,1.5,1.2,2014-01-14,0527,Aqua,MODIS,99,6.2,326.2,81.9,D,0
-28.4913,121.9139,358.1,1.5,1.2,2014-01-14,0527,Aqua,MODIS,98,6.2,330.8,80.1,D,0
-27.313,130.5031,381.2,1.4,1.2,2014-01-14,0527,Aqua,MODIS,94,6.2,305.1,235.7,D,0
-27.3105,130.5171,356,1.4,1.2,2014-01-14,0527,Aqua,MODIS,97,6.2,304.1,100.5,D,0
-24.1066,123.1015,354.9,1.1,1.1,2014-01-14,0528,Aqua,MODIS,94,6.2,327.8,42.2,D,0
-24.1256,123.1044,380.9,1.1,1.1,2014-01-14,0528,Aqua,MODIS,100,6.2,329.8,140.2,D,0
-24.4582,126.3376,361.3,1,1,2014-01-14,0528,Aqua,MODIS,94,6.2,297.8,84,D,0
-24.0999,123.0779,376.5,1.1,1.1,2014-01-14,0528,Aqua,MODIS,100,6.2,326.5,120.1,D,0
-24.0984,123.089,350.2,1.1,1.1,2014-01-14,0528,Aqua,MODIS,71,6.2,325.9,29,D,0
-24.1013,123.0668,353.5,1.1,1.1,2014-01-14,0528,Aqua,MODIS,81,6.2,312.3,39,D,0
-24.1136,123.0461,369.2,1.1,1.1,2014-01-14,0528,Aqua,MODIS,100,6.2,327.8,93.6,D,0
-26.0274,125.6667,423.8,1,1,2014-01-14,0528,Aqua,MODIS,87,6.2,335.5,397.3,D,0
-26.0288,125.6567,397.4,1,1,2014-01-14,0528,Aqua,MODIS,94,6.2,329.2,204.7,D,0
-22.2671,117.3665,336.6,2.5,1.5,2014-01-14,0529,Aqua,MODIS,46,6.2,318.6,48.5,D,0
-22.2266,117.212,341.3,2.5,1.5,2014-01-14,0529,Aqua,MODIS,82,6.2,318.8,78.8,D,0
-22.2652,118.1249,338.2,2.2,1.4,2014-01-14,0529,Aqua,MODIS,70,6.2,321.3,49.4,D,0
-22.5984,115.2705,341.6,3.6,1.8,2014-01-14,0529,Aqua,MODIS,73,6.2,319.9,107.4,D,0
-22.6145,115.2721,354.9,3.6,1.8,2014-01-14,0529,Aqua,MODIS,96,6.2,321.1,281.8,D,0
-22.6115,115.307,337.5,3.6,1.8,2014-01-14,0529,Aqua,MODIS,46,6.2,321.4,64.3,D,0
-22.6275,115.3086,339.5,3.6,1.8,2014-01-14,0529,Aqua,MODIS,79,6.2,321.8,82.9,D,0
-22.6436,115.3102,345.6,3.6,1.8,2014-01-14,0529,Aqua,MODIS,87,6.2,321.6,150.1,D,0
-22.6221,115.2771,341.6,3.6,1.8,2014-01-14,0529,Aqua,MODIS,45,6.2,320.5,97.1,D,0
-22.6354,115.3137,349.5,3.6,1.8,2014-01-14,0529,Aqua,MODIS,91,6.2,322.4,195.6,D,0
-22.2755,117.3471,338.4,2.5,1.5,2014-01-14,0529,Aqua,MODIS,48,6.2,319.6,55,D,0
-21.8408,118.217,342.6,2.1,1.4,2014-01-14,0529,Aqua,MODIS,84,6.2,319.8,65.5,D,0
-21.843,118.1963,341.5,2.1,1.4,2014-01-14,0529,Aqua,MODIS,71,6.2,318.4,63.3,D,0
-21.8419,118.212,341.9,2.1,1.4,2014-01-14,0529,Aqua,MODIS,82,6.2,319.8,62.8,D,0
-19.914,121.7509,347,1.2,1.1,2014-01-14,0530,Aqua,MODIS,91,6.2,307.2,40.2,D,0
-19.9154,121.7397,343.6,1.2,1.1,2014-01-14,0530,Aqua,MODIS,87,6.2,308.7,32.6,D,0
-19.9057,121.7383,347.2,1.2,1.1,2014-01-14,0530,Aqua,MODIS,91,6.2,309.4,41.5,D,0
-19.2085,125.4882,370.6,1,1,2014-01-14,0530,Aqua,MODIS,100,6.2,319.9,95.8,D,0
-19.2071,125.498,370.8,1,1,2014-01-14,0530,Aqua,MODIS,100,6.2,315.7,96.3,D,0
-19.1979,125.4964,345.2,1,1,2014-01-14,0530,Aqua,MODIS,79,6.2,315.5,26.1,D,0
-17.4757,127.526,342.5,1.3,1.1,2014-01-14,0530,Aqua,MODIS,82,6.2,302,46.2,D,0
-19.1994,125.4866,344.6,1,1,2014-01-14,0530,Aqua,MODIS,86,6.2,315.5,24.2,D,0
-35.7485,147.592,310.4,1.1,1,2014-01-14,1311,Terra,MODIS,77,6.2,297.7,9.2,N,0
-32.7123,150.6224,308.8,1.7,1.3,2014-01-14,1312,Terra,MODIS,20,6.2,292.5,16.2,N,0
-32.634,150.776,305,1.8,1.3,2014-01-14,1312,Terra,MODIS,19,6.2,292.2,11.6,N,0
-32.7379,150.5963,315.1,1.7,1.3,2014-01-14,1312,Terra,MODIS,68,6.2,292.6,27.3,N,0
-32.7306,150.6335,320.1,1.7,1.3,2014-01-14,1312,Terra,MODIS,61,6.2,292.8,34.3,N,0
-32.7229,150.6114,322.7,1.7,1.3,2014-01-14,1312,Terra,MODIS,48,6.2,293.3,37.2,N,0
-32.7352,150.6288,319.3,1.7,1.3,2014-01-14,1312,Terra,MODIS,37,6.2,292.4,28.5,N,0
-32.7159,150.6038,309,1.7,1.3,2014-01-14,1312,Terra,MODIS,55,6.2,292.2,17.7,N,0
-32.7088,150.6407,320.6,1.7,1.3,2014-01-14,1312,Terra,MODIS,96,6.2,293.2,36.9,N,0
-32.7054,150.6586,314.6,1.7,1.3,2014-01-14,1312,Terra,MODIS,33,6.2,292.5,24.5,N,0
-32.6982,150.6958,307.9,1.7,1.3,2014-01-14,1312,Terra,MODIS,41,6.2,292,15.5,N,0
-29.1963,149.9531,326.3,1.9,1.3,2014-01-14,1313,Terra,MODIS,100,6.2,294.8,55.9,N,0
-29.1949,146.3737,308.1,1.2,1.1,2014-01-14,1313,Terra,MODIS,64,6.2,297.1,6.4,N,0
-29.2064,146.364,316.4,1.2,1.1,2014-01-14,1313,Terra,MODIS,92,6.2,298.1,14.2,N,0
-27.7283,141.633,329.6,1.1,1,2014-01-14,1314,Terra,MODIS,100,6.2,299.6,27.7,N,0
-27.7176,141.6422,309.3,1.1,1,2014-01-14,1314,Terra,MODIS,63,6.2,296.8,6.4,N,0
-27.7121,141.6353,331.5,1.1,1,2014-01-14,1314,Terra,MODIS,100,6.2,298.9,30.6,N,0
-27.7135,141.6246,312.8,1.1,1,2014-01-14,1314,Terra,MODIS,81,6.2,299.2,9.5,N,0
-27.7029,141.6338,325.1,1.1,1,2014-01-14,1314,Terra,MODIS,100,6.2,298.3,22.7,N,0
-27.6936,141.6322,317.5,1.1,1,2014-01-14,1314,Terra,MODIS,94,6.2,297.7,13.6,N,0
-27.695,141.6215,313.9,1.1,1,2014-01-14,1314,Terra,MODIS,85,6.2,298.8,10.2,N,0
-27.6843,141.6306,322.6,1.1,1,2014-01-14,1314,Terra,MODIS,100,6.2,297.9,18.8,N,0
-27.6857,141.6199,312.4,1.1,1,2014-01-14,1314,Terra,MODIS,80,6.2,298.1,8.7,N,0
-27.6765,141.6184,316.9,1.1,1,2014-01-14,1314,Terra,MODIS,92,6.2,298.3,13.1,N,0
-27.6672,141.6168,335.3,1.1,1,2014-01-14,1314,Terra,MODIS,100,6.2,299.3,35.6,N,0
-27.6579,141.6152,317.6,1.1,1,2014-01-14,1314,Terra,MODIS,94,6.2,299.2,12.8,N,0
-27.6487,141.6137,328.4,1.1,1,2014-01-14,1314,Terra,MODIS,100,6.2,300.2,25.3,N,0
-27.6394,141.6121,321.8,1.1,1,2014-01-14,1314,Terra,MODIS,100,6.2,299,17,N,0
-27.6408,141.6014,320,1.1,1,2014-01-14,1314,Terra,MODIS,99,6.2,299.4,14.9,N,0
-27.6329,141.5891,317.7,1.1,1,2014-01-14,1314,Terra,MODIS,94,6.2,299,13.2,N,0
-27.6274,141.582,310.3,1.1,1,2014-01-14,1314,Terra,MODIS,72,6.2,298.5,7.5,N,0
-27.719,141.6315,334.4,1.1,1,2014-01-14,1314,Terra,MODIS,100,6.2,299.9,34.5,N,0
-23.9434,147.2472,321.4,1.6,1.2,2014-01-14,1314,Terra,MODIS,100,6.2,294.9,34.6,N,0
-24.0429,146.6776,304.5,1.4,1.2,2014-01-14,1314,Terra,MODIS,53,6.2,293.9,7.7,N,0
-24.0159,146.6435,307,1.4,1.2,2014-01-14,1314,Terra,MODIS,70,6.2,293.9,10.2,N,0
-24.6141,149.0033,309.9,2,1.4,2014-01-14,1314,Terra,MODIS,79,6.2,292.2,23.3,N,0
-24.6126,148.9966,305.9,2,1.4,2014-01-14,1314,Terra,MODIS,41,6.2,292,14.3,N,0
-23.9241,147.2911,313.7,1.6,1.2,2014-01-14,1314,Terra,MODIS,88,6.2,294.5,20.8,N,0
-23.9104,147.304,315.8,1.6,1.2,2014-01-14,1314,Terra,MODIS,92,6.2,294.6,24.2,N,0
-23.8993,147.3013,304.4,1.6,1.2,2014-01-14,1314,Terra,MODIS,60,6.2,293.5,8.5,N,0
-23.9131,147.2886,314.6,1.6,1.2,2014-01-14,1314,Terra,MODIS,90,6.2,294.2,22,N,0
-25.4628,149.474,319.7,2.1,1.4,2014-01-14,1314,Terra,MODIS,99,6.2,292.5,48.3,N,0
-25.4589,149.4945,303.8,2.1,1.4,2014-01-14,1314,Terra,MODIS,57,6.2,292,14,N,0
-23.8474,146.3912,320.7,1.4,1.2,2014-01-14,1315,Terra,MODIS,100,6.2,293.4,26.8,N,0
-23.8161,146.3846,308.8,1.4,1.2,2014-01-14,1315,Terra,MODIS,73,6.2,294.5,10.9,N,0
-23.8451,146.4048,303,1.4,1.2,2014-01-14,1315,Terra,MODIS,24,6.2,292.2,5.5,N,0
-23.6714,147.2179,309.1,1.6,1.2,2014-01-14,1315,Terra,MODIS,76,6.2,293.8,13.5,N,0
-23.7401,147.2219,303.9,1.6,1.2,2014-01-14,1315,Terra,MODIS,45,6.2,292.9,7.5,N,0
-23.7372,147.2381,305.1,1.6,1.2,2014-01-14,1315,Terra,MODIS,56,6.2,293.8,8.8,N,0
-23.3399,149.8434,302.6,2.4,1.5,2014-01-14,1315,Terra,MODIS,37,6.2,290.5,14.7,N,0
-23.3331,149.8352,303.5,2.4,1.5,2014-01-14,1315,Terra,MODIS,20,6.2,290,16.1,N,0
-23.9461,146.4174,347,1.4,1.2,2014-01-14,1315,Terra,MODIS,100,6.2,296.6,87.8,N,0
-23.9333,146.4288,309.9,1.4,1.2,2014-01-14,1315,Terra,MODIS,40,6.2,294.2,12.5,N,0
-23.873,146.4023,304,1.4,1.2,2014-01-14,1315,Terra,MODIS,25,6.2,294,6.6,N,0
-23.8625,146.4001,335.5,1.4,1.2,2014-01-14,1315,Terra,MODIS,100,6.2,295.5,56.4,N,0
-23.866,146.4091,310.4,1.4,1.2,2014-01-14,1315,Terra,MODIS,46,6.2,294.3,12.5,N,0
-23.8683,146.3956,319.1,1.4,1.2,2014-01-14,1315,Terra,MODIS,98,6.2,294.7,23.7,N,0
-23.8556,146.4069,323.7,1.4,1.2,2014-01-14,1315,Terra,MODIS,100,6.2,294.6,32,N,0
-23.8579,146.3934,325.3,1.4,1.2,2014-01-14,1315,Terra,MODIS,100,6.2,295,34.2,N,0
-24.01,146.6508,307.8,1.4,1.2,2014-01-14,1315,Terra,MODIS,73,6.2,293.7,12.8,N,0
-23.8999,147.2958,303.7,1.6,1.2,2014-01-14,1315,Terra,MODIS,56,6.2,293.4,8,N,0
-25.4619,149.4993,303.6,2.9,1.6,2014-01-14,1446,Aqua,MODIS,56,6.2,291.4,26.4,N,0
-25.4631,149.4943,305.4,2.9,1.6,2014-01-14,1446,Aqua,MODIS,64,6.2,291.6,29.5,N,0
-29.1913,149.96,309.5,2.2,1.4,2014-01-14,1447,Aqua,MODIS,77,6.2,293.1,27.7,N,0
-29.1868,149.9536,304.8,2.2,1.4,2014-01-14,1447,Aqua,MODIS,61,6.2,292.7,16.2,N,0
-32.7109,150.6098,302.4,1.7,1.3,2014-01-14,1448,Aqua,MODIS,11,6.2,290.9,10,N,0
-32.7337,150.6037,318.7,1.7,1.3,2014-01-14,1448,Aqua,MODIS,97,6.2,292.1,35.5,N,0
-32.7451,150.6006,308.3,1.7,1.3,2014-01-14,1448,Aqua,MODIS,74,6.2,290.6,19.7,N,0
-32.6317,150.7914,303.7,1.7,1.3,2014-01-14,1448,Aqua,MODIS,7,6.2,291.4,10.3,N,0
-32.6557,150.7978,308.7,1.7,1.3,2014-01-14,1448,Aqua,MODIS,17,6.2,291.7,15,N,0
-32.7065,150.6485,320.7,1.7,1.3,2014-01-14,1448,Aqua,MODIS,82,6.2,292.4,36.5,N,0
-32.6647,150.7221,302.6,1.7,1.3,2014-01-14,1448,Aqua,MODIS,50,6.2,290.8,10.9,N,0
-32.6579,150.8698,301.9,1.6,1.3,2014-01-14,1448,Aqua,MODIS,16,6.2,290.7,9.3,N,0
-32.7223,150.6069,312.8,1.7,1.3,2014-01-14,1448,Aqua,MODIS,43,6.2,291.7,23.4,N,0
-32.668,150.7394,302.3,1.7,1.3,2014-01-14,1448,Aqua,MODIS,36,6.2,290.9,9.8,N,0
-31.4357,120.6062,304.1,1,1,2014-01-14,1451,Terra,MODIS,27,6.2,293,4.4,N,0
-31.4374,120.5954,305.5,1,1,2014-01-14,1451,Terra,MODIS,43,6.2,293.1,5.3,N,0
-30.8666,121.4891,316.4,1.1,1,2014-01-14,1452,Terra,MODIS,92,6.2,297.8,13.7,N,2
-28.5279,121.9411,315.9,1.2,1.1,2014-01-14,1452,Terra,MODIS,66,6.2,301,10.9,N,0
-28.5097,121.9886,319.5,1.2,1.1,2014-01-14,1452,Terra,MODIS,98,6.2,301.5,15.2,N,0
-28.5118,121.9762,315.1,1.2,1.1,2014-01-14,1452,Terra,MODIS,28,6.2,301,9.3,N,0
-28.5005,121.9224,316.2,1.2,1.1,2014-01-14,1452,Terra,MODIS,54,6.2,300.6,10.3,N,0
-28.5026,121.91,314.9,1.2,1.1,2014-01-14,1452,Terra,MODIS,86,6.2,301,9.3,N,0
-28.4823,121.9697,319.7,1.2,1.1,2014-01-14,1452,Terra,MODIS,97,6.2,302.1,14.6,N,0
-28.4844,121.9573,323.7,1.2,1.1,2014-01-14,1452,Terra,MODIS,100,6.2,302,19.7,N,0
-28.4928,121.9079,356.7,1.2,1.1,2014-01-14,1452,Terra,MODIS,100,6.2,303.4,95.1,N,0
-28.4828,121.9641,328,1.2,1.1,2014-01-14,1452,Terra,MODIS,100,6.2,302.6,27.9,N,0
-28.4909,121.9146,339.7,1.2,1.1,2014-01-14,1452,Terra,MODIS,100,6.2,302.2,49,N,0
-28.5181,121.939,314,1.2,1.1,2014-01-14,1452,Terra,MODIS,26,6.2,300.7,8.2,N,0
-28.4929,121.9023,334.4,1.2,1.1,2014-01-14,1452,Terra,MODIS,100,6.2,302.5,37.9,N,0
-28.4729,121.9619,318.3,1.2,1.1,2014-01-14,1452,Terra,MODIS,95,6.2,301.9,14,N,0
-28.782,126.6969,317.3,2.4,1.5,2014-01-14,1452,Terra,MODIS,94,6.2,298.2,43.6,N,0
-28.8,126.6769,331.5,2.4,1.5,2014-01-14,1452,Terra,MODIS,100,6.2,300.3,96.4,N,0
-28.8076,126.6858,317.3,2.4,1.5,2014-01-14,1452,Terra,MODIS,94,6.2,299.2,43,N,0
-28.7952,126.7007,315.2,2.4,1.5,2014-01-14,1452,Terra,MODIS,61,6.2,299,38,N,0
-29.9632,119.4269,311.6,1,1,2014-01-14,1452,Terra,MODIS,78,6.2,298.5,7.8,N,0
-28.7945,126.6821,345.7,2.4,1.5,2014-01-14,1452,Terra,MODIS,100,6.2,301.1,176.6,N,0
-28.7869,126.6732,324,2.4,1.5,2014-01-14,1452,Terra,MODIS,100,6.2,298.5,65.1,N,0
-22.6115,115.2768,309.2,1.1,1,2014-01-14,1454,Terra,MODIS,26,6.2,299.2,5.1,N,0
-22.6328,115.3343,327.1,1.1,1,2014-01-14,1454,Terra,MODIS,100,6.2,299.5,25,N,0
-21.5284,124.2906,316.4,2.3,1.5,2014-01-14,1454,Terra,MODIS,78,6.2,292.4,46.8,N,0
-22.2663,117.2667,314.4,1,1,2014-01-14,1454,Terra,MODIS,86,6.2,295.3,9.5,N,0
-22.6021,115.2754,315.5,1.1,1,2014-01-14,1454,Terra,MODIS,89,6.2,299.1,10.6,N,0
-21.8862,114.9206,318.4,1.1,1.1,2014-01-14,1454,Terra,MODIS,96,6.2,293.7,16.3,N,0
-21.8811,114.9245,309.8,1.1,1.1,2014-01-14,1454,Terra,MODIS,67,6.2,293.6,9,N,0
-21.91,117.2515,311.8,1,1,2014-01-14,1454,Terra,MODIS,76,6.2,295.2,6.9,N,0
-22.2691,117.376,320.8,1,1,2014-01-14,1454,Terra,MODIS,100,6.2,295.5,14.1,N,0
-22.2705,117.3663,316.5,1,1,2014-01-14,1454,Terra,MODIS,92,6.2,295.6,10,N,0
-22.2718,117.3567,309.4,1,1,2014-01-14,1454,Terra,MODIS,54,6.2,295.2,4.8,N,0
-22.2539,117.225,312,1,1,2014-01-14,1454,Terra,MODIS,55,6.2,294.4,6.8,N,0
-20.5173,122.1344,306.2,1.7,1.3,2014-01-14,1454,Terra,MODIS,51,6.2,277.3,14.4,N,0
-20.525,122.1416,323.9,1.7,1.3,2014-01-14,1454,Terra,MODIS,100,6.2,280.9,46.4,N,0
-20.5145,122.1506,324.1,1.7,1.3,2014-01-14,1454,Terra,MODIS,100,6.2,275.2,47.6,N,0
-20.5221,122.1578,317.8,1.7,1.3,2014-01-14,1454,Terra,MODIS,95,6.2,280.2,32.2,N,0
-27.6837,141.6423,308.1,2.7,1.6,2014-01-14,1625,Aqua,MODIS,60,6.2,294.5,28.8,N,0
-27.698,141.6408,310.6,2.7,1.6,2014-01-14,1625,Aqua,MODIS,30,6.2,294.4,34,N,0
-27.7267,141.6379,307.5,2.7,1.6,2014-01-14,1625,Aqua,MODIS,72,6.2,295.4,29.7,N,0
-27.7123,141.6394,313.5,2.7,1.6,2014-01-14,1625,Aqua,MODIS,87,6.2,295.3,45.5,N,0
-28.7888,126.6958,311.9,1.8,1.3,2014-01-14,1626,Aqua,MODIS,49,6.2,298.8,16.9,N,0
-28.7946,126.6997,308.8,1.8,1.3,2014-01-14,1626,Aqua,MODIS,51,6.2,298.5,12,N,0
-33.808,140.6089,306.8,2.7,1.6,2014-01-14,1627,Aqua,MODIS,69,6.2,294.4,25.3,N,0
-33.8101,140.6385,311.1,2.7,1.6,2014-01-14,1627,Aqua,MODIS,82,6.2,295,37.5,N,0
-33.8223,140.6075,311.3,2.7,1.6,2014-01-14,1627,Aqua,MODIS,82,6.2,294.3,37.5,N,0
-33.8245,140.6371,317.7,2.7,1.6,2014-01-14,1627,Aqua,MODIS,95,6.2,295.4,59.2,N,0
-35.0119,139.1664,310.7,2.2,1.5,2014-01-14,1627,Aqua,MODIS,81,6.2,290.9,30.2,N,0
-35.014,139.192,305.7,2.3,1.5,2014-01-14,1627,Aqua,MODIS,33,6.2,291.4,19.7,N,0
-35.0252,139.1652,310.5,2.2,1.5,2014-01-14,1627,Aqua,MODIS,60,6.2,291.4,28.2,N,0
-20.7058,147.5004,345.3,1.5,1.2,2014-01-15,0010,Terra,MODIS,93,6.2,306,66,D,0
-20.7034,147.4864,337.7,1.5,1.2,2014-01-15,0010,Terra,MODIS,71,6.2,303.8,44.6,D,0
-23.0448,149.947,330.6,1,1,2014-01-15,0010,Terra,MODIS,73,6.2,304.9,18.9,D,0
-23.0555,149.9555,325.1,1,1,2014-01-15,0010,Terra,MODIS,54,6.2,301.8,10.5,D,0
-23.0432,149.9369,341,1,1,2014-01-15,0010,Terra,MODIS,89,6.2,303.7,36.4,D,0
-23.6959,148.6985,326.4,1.1,1.1,2014-01-15,0011,Terra,MODIS,67,6.2,306.3,13.7,D,0
-25.7427,150.9874,328.4,1,1,2014-01-15,0011,Terra,MODIS,58,6.2,303.9,17.8,D,0
-23.6541,147.2277,327.4,1.4,1.2,2014-01-15,0011,Terra,MODIS,47,6.2,305.6,18.3,D,0
-23.7308,147.2392,330.3,1.3,1.2,2014-01-15,0011,Terra,MODIS,61,6.2,306.9,17.7,D,0
-23.8498,146.3898,334.7,1.5,1.2,2014-01-15,0011,Terra,MODIS,80,6.2,304.9,40.2,D,0
-23.8524,146.4045,348.2,1.5,1.2,2014-01-15,0011,Terra,MODIS,92,6.2,308.1,83.4,D,0
-23.8633,146.4022,341.1,1.5,1.2,2014-01-15,0011,Terra,MODIS,87,6.2,308,60,D,0
-23.8659,146.4171,323.4,1.5,1.2,2014-01-15,0011,Terra,MODIS,35,6.2,301.5,15.2,D,0
-23.8674,146.4107,326.7,1.5,1.2,2014-01-15,0011,Terra,MODIS,53,6.2,304.5,22.2,D,0
-24.6065,151.3336,326.9,1,1,2014-01-15,0011,Terra,MODIS,70,6.2,302.7,14.5,D,0
-24.01,146.6494,334.3,1.4,1.2,2014-01-15,0011,Terra,MODIS,78,6.2,302,37.1,D,0
-24.0153,146.6563,325.5,1.4,1.2,2014-01-15,0011,Terra,MODIS,54,6.2,300.8,17.9,D,0
-23.917,147.3099,332.6,1.3,1.1,2014-01-15,0011,Terra,MODIS,77,6.2,310.2,19.7,D,0
-24.6051,151.3238,322.9,1,1,2014-01-15,0011,Terra,MODIS,30,6.2,303.8,9,D,0
-23.8173,146.3969,322.3,1.5,1.2,2014-01-15,0011,Terra,MODIS,34,6.2,299.9,16.9,D,0
-25.4616,149.4835,341.9,1,1,2014-01-15,0011,Terra,MODIS,86,6.2,307.7,32.5,D,0
-28.7155,147.1532,356.3,1.2,1.1,2014-01-15,0012,Terra,MODIS,97,6.2,315.8,67.3,D,0
-28.704,147.1435,345.7,1.2,1.1,2014-01-15,0012,Terra,MODIS,88,6.2,314.9,39.7,D,0
-28.7192,147.1579,342.7,1.2,1.1,2014-01-15,0012,Terra,MODIS,85,6.2,314.7,32.3,D,0
-28.7172,147.1462,351.3,1.2,1.1,2014-01-15,0012,Terra,MODIS,93,6.2,315.5,53.1,D,0
-28.7268,147.1441,334.1,1.2,1.1,2014-01-15,0012,Terra,MODIS,71,6.2,314.6,16.1,D,0
-28.7288,147.1559,344,1.2,1.1,2014-01-15,0012,Terra,MODIS,86,6.2,315.2,36.1,D,0
-28.7136,147.1414,337.7,1.2,1.1,2014-01-15,0012,Terra,MODIS,78,6.2,314.5,21.4,D,0
-28.7059,147.1553,347.8,1.2,1.1,2014-01-15,0012,Terra,MODIS,90,6.2,315,44.6,D,0
-27.6469,141.6277,332.8,2.7,1.6,2014-01-15,0012,Terra,MODIS,62,6.2,313.6,46.8,D,0
-27.6608,141.624,347.6,2.7,1.6,2014-01-15,0012,Terra,MODIS,91,6.2,315.5,146.8,D,0
-27.6747,141.6203,370,2.7,1.6,2014-01-15,0012,Terra,MODIS,100,6.2,316.2,388.3,D,0
-27.6802,141.6468,347.8,2.6,1.6,2014-01-15,0012,Terra,MODIS,91,6.2,313.1,148.2,D,0
-27.6886,141.6166,333.2,2.7,1.6,2014-01-15,0012,Terra,MODIS,50,6.2,310.9,45.9,D,0
-27.6941,141.6431,348.2,2.6,1.6,2014-01-15,0012,Terra,MODIS,91,6.2,313.1,155.3,D,0
-27.65,141.6196,338.7,2.7,1.6,2014-01-15,0012,Terra,MODIS,81,6.2,315,79.4,D,0
-27.6639,141.616,344.8,2.7,1.6,2014-01-15,0012,Terra,MODIS,88,6.2,315.9,121.2,D,0
-27.6696,141.6424,338.7,2.6,1.6,2014-01-15,0012,Terra,MODIS,78,6.2,313.2,80.3,D,0
-27.6778,141.6123,353.2,2.7,1.6,2014-01-15,0012,Terra,MODIS,95,6.2,314.8,198,D,0
-27.6834,141.6388,360.6,2.6,1.6,2014-01-15,0012,Terra,MODIS,100,6.2,314.2,276,D,0
-27.6973,141.6351,351.6,2.6,1.6,2014-01-15,0012,Terra,MODIS,94,6.2,313.4,187.4,D,0
-27.7029,141.6615,327.9,2.6,1.6,2014-01-15,0012,Terra,MODIS,48,6.2,311.5,27.8,D,0
-27.7112,141.6314,346.3,2.6,1.6,2014-01-15,0012,Terra,MODIS,89,6.2,313.5,139.4,D,0
-27.7167,141.6578,343,2.6,1.6,2014-01-15,0012,Terra,MODIS,86,6.2,312.7,115.9,D,0
-27.725,141.6277,356.8,2.6,1.6,2014-01-15,0012,Terra,MODIS,97,6.2,313.8,233.5,D,0
-27.7306,141.6541,370.3,2.6,1.6,2014-01-15,0012,Terra,MODIS,100,6.2,314.7,393.7,D,0
-27.7389,141.624,365.6,2.6,1.6,2014-01-15,0012,Terra,MODIS,100,6.2,312.7,335.3,D,0
-27.7444,141.6504,390.5,2.6,1.6,2014-01-15,0012,Terra,MODIS,100,6.2,316.7,739.1,D,0
-27.7528,141.6203,356.3,2.6,1.6,2014-01-15,0012,Terra,MODIS,97,6.2,311.3,232.5,D,0
-27.7583,141.6467,383.8,2.6,1.6,2014-01-15,0012,Terra,MODIS,100,6.2,314.2,610.2,D,0
-27.7426,141.617,345.2,2.6,1.6,2014-01-15,0012,Terra,MODIS,88,6.2,311.7,130.2,D,0
-27.7483,141.6434,399,2.6,1.6,2014-01-15,0012,Terra,MODIS,100,6.2,317.9,927.1,D,0
-27.7621,141.6397,352.3,2.6,1.6,2014-01-15,0012,Terra,MODIS,94,6.2,311.4,192.4,D,0
-27.6088,141.891,346.5,2.5,1.5,2014-01-15,0012,Terra,MODIS,90,6.2,313.6,134.3,D,0
-27.6224,141.8874,333.3,2.5,1.5,2014-01-15,0012,Terra,MODIS,72,6.2,313.4,51,D,0
-27.6138,141.8837,342.4,2.5,1.5,2014-01-15,0012,Terra,MODIS,85,6.2,313.7,106.9,D,0
-27.6192,141.9091,329.9,2.5,1.5,2014-01-15,0012,Terra,MODIS,62,6.2,313.6,32.9,D,0
-29.2146,146.3947,331.6,1.2,1.1,2014-01-15,0012,Terra,MODIS,58,6.2,314.8,13.4,D,0
-29.2167,146.4073,331.6,1.2,1.1,2014-01-15,0012,Terra,MODIS,61,6.2,315.4,13.5,D,0
-28.7193,149.9535,346.4,1,1,2014-01-15,0012,Terra,MODIS,90,6.2,314,33.7,D,0
-28.7088,149.9449,365.7,1,1,2014-01-15,0012,Terra,MODIS,100,6.2,316.9,82.9,D,0
-28.7103,149.9552,393.1,1,1,2014-01-15,0012,Terra,MODIS,100,6.2,319.8,194.9,D,0
-28.7118,149.9654,329.6,1,1,2014-01-15,0012,Terra,MODIS,53,6.2,312.5,8.5,D,0
-28.7178,149.9433,350.8,1,1,2014-01-15,0012,Terra,MODIS,93,6.2,314.8,43,D,0
-33.064,150.6147,335.9,1.1,1,2014-01-15,0013,Terra,MODIS,84,6.2,306.7,28.1,D,0
-33.1419,150.5115,319.8,1.1,1,2014-01-15,0013,Terra,MODIS,43,6.2,306.5,6.4,D,0
-33.0562,150.6278,332.1,1.1,1,2014-01-15,0013,Terra,MODIS,80,6.2,306.5,22.4,D,0
-33.0547,150.6164,336.1,1.1,1,2014-01-15,0013,Terra,MODIS,84,6.2,307.8,28.7,D,0
-32.6714,150.7804,341.8,1.1,1,2014-01-15,0013,Terra,MODIS,89,6.2,303.1,42,D,0
-32.6574,150.7888,341.7,1.1,1,2014-01-15,0013,Terra,MODIS,88,6.2,302.1,40.2,D,0
-32.648,150.7906,351.1,1.1,1,2014-01-15,0013,Terra,MODIS,95,6.2,304.3,60.8,D,0
-32.6571,150.8596,322.2,1.1,1,2014-01-15,0013,Terra,MODIS,30,6.2,302,13.3,D,0
-32.6793,150.7673,324.1,1.1,1,2014-01-15,0013,Terra,MODIS,66,6.2,301.3,16,D,0
-32.6733,150.7212,326.7,1.1,1,2014-01-15,0013,Terra,MODIS,66,6.2,300.7,18.6,D,0
-32.6387,150.7922,333.9,1.1,1,2014-01-15,0013,Terra,MODIS,66,6.2,301.9,27.3,D,0
-32.617,150.7726,331.3,1.1,1,2014-01-15,0013,Terra,MODIS,77,6.2,302.8,25.3,D,0
-32.6155,150.7612,321,1.1,1,2014-01-15,0013,Terra,MODIS,48,6.2,303.2,11.9,D,0
-32.6748,150.7328,334.6,1.1,1,2014-01-15,0013,Terra,MODIS,82,6.2,301.3,30.2,D,0
-33.0655,150.626,329.2,1.1,1,2014-01-15,0013,Terra,MODIS,76,6.2,307.3,18.1,D,0
-31.3926,148.0806,338.5,1,1,2014-01-15,0013,Terra,MODIS,79,6.2,313.3,20.8,D,0
-32.7391,150.5976,323.3,1.1,1,2014-01-15,0013,Terra,MODIS,66,6.2,299.3,16.8,D,0
-32.7484,150.5958,325.1,1.1,1,2014-01-15,0013,Terra,MODIS,70,6.2,300.3,18.4,D,0
-32.6587,150.8711,320.2,1.1,1,2014-01-15,0013,Terra,MODIS,24,6.2,301.5,11.6,D,0
-32.7108,150.6442,349.4,1.1,1,2014-01-15,0013,Terra,MODIS,84,6.2,301.4,53.4,D,0
-32.703,150.6572,334.9,1.1,1,2014-01-15,0013,Terra,MODIS,60,6.2,301.8,29.5,D,0
-32.7015,150.6458,345.6,1.1,1,2014-01-15,0013,Terra,MODIS,75,6.2,303.8,48.1,D,0
-32.0392,151.2591,325.1,1.1,1,2014-01-15,0013,Terra,MODIS,49,6.2,304.4,15.4,D,0
-33.8114,150.8013,324.3,1.1,1,2014-01-15,0013,Terra,MODIS,49,6.2,309.8,5.5,D,0
-33.9328,150.8833,325,1.1,1.1,2014-01-15,0013,Terra,MODIS,66,6.2,310.5,6.4,D,0
-35.6567,141.9359,342.8,1.7,1.3,2014-01-15,0014,Terra,MODIS,81,6.2,315.7,58.7,D,0
-35.7022,141.9357,347.4,1.7,1.3,2014-01-15,0014,Terra,MODIS,69,6.2,314.4,67.4,D,0
-35.6873,141.921,334.3,1.7,1.3,2014-01-15,0014,Terra,MODIS,29,6.2,312.4,30.7,D,0
-35.6377,141.9608,333.3,1.7,1.3,2014-01-15,0014,Terra,MODIS,58,6.2,312.6,24.8,D,0
-35.6264,141.9641,336,1.7,1.3,2014-01-15,0014,Terra,MODIS,74,6.2,312.3,34.3,D,0
-35.6489,141.9574,335.5,1.7,1.3,2014-01-15,0014,Terra,MODIS,65,6.2,313,30.2,D,0
-35.6228,141.946,331.1,1.7,1.3,2014-01-15,0014,Terra,MODIS,46,6.2,312.5,23.2,D,0
-35.6602,141.9541,360.4,1.7,1.3,2014-01-15,0014,Terra,MODIS,100,6.2,313.4,136.9,D,0
-35.7397,141.9558,339.1,1.6,1.3,2014-01-15,0014,Terra,MODIS,62,6.2,315.2,32.8,D,0
-35.7361,141.9379,340.8,1.7,1.3,2014-01-15,0014,Terra,MODIS,59,6.2,313.1,41.7,D,0
-35.7396,141.9437,346.9,1.7,1.3,2014-01-15,0014,Terra,MODIS,81,6.2,313.8,64.8,D,0
-35.717,141.9504,352.4,1.7,1.3,2014-01-15,0014,Terra,MODIS,86,6.2,316.9,83.5,D,0
-35.6571,141.9492,366.8,1.7,1.3,2014-01-15,0014,Terra,MODIS,100,6.2,315.5,174.4,D,0
-42.1129,146.5009,331.5,1,1,2014-01-15,0016,Terra,MODIS,87,6.2,292.4,27.6,D,0
-18.8366,123.3069,330.7,1.4,1.2,2014-01-15,0148,Terra,MODIS,68,6.2,302.7,20.6,D,0
-18.8442,123.3122,331.9,1.4,1.2,2014-01-15,0148,Terra,MODIS,71,6.2,304.3,23.2,D,0
-27.3016,130.4414,333.3,1.5,1.2,2014-01-15,0150,Terra,MODIS,58,6.2,313.8,18.3,D,0
-27.3033,130.457,333,1.6,1.2,2014-01-15,0150,Terra,MODIS,47,6.2,314.3,16.9,D,0
-27.2905,130.4429,341.2,1.5,1.2,2014-01-15,0150,Terra,MODIS,83,6.2,315.7,38.8,D,0
-27.2922,130.4585,348.6,1.6,1.2,2014-01-15,0150,Terra,MODIS,91,6.2,317.5,65.3,D,0
-27.3174,130.6818,337.3,1.6,1.2,2014-01-15,0150,Terra,MODIS,73,6.2,312.2,38.7,D,0
-27.5898,130.067,341.9,1.5,1.2,2014-01-15,0150,Terra,MODIS,83,6.2,317.3,37.5,D,0
-23.5967,121.7378,344.8,1.5,1.2,2014-01-15,0150,Terra,MODIS,87,6.2,315.7,48.1,D,0
-24.5043,124.6096,342.8,1.1,1,2014-01-15,0150,Terra,MODIS,80,6.2,315.3,22.4,D,0
-27.5881,130.0521,342.5,1.5,1.2,2014-01-15,0150,Terra,MODIS,83,6.2,317.3,36.5,D,0
-27.5864,130.0372,338.1,1.5,1.2,2014-01-15,0150,Terra,MODIS,77,6.2,316.1,24.3,D,0
-27.5772,130.0536,343.8,1.5,1.2,2014-01-15,0150,Terra,MODIS,85,6.2,318.7,41.1,D,0
-27.5756,130.0387,349.9,1.5,1.2,2014-01-15,0150,Terra,MODIS,92,6.2,318.7,62.6,D,0
-27.5915,130.082,334.2,1.5,1.2,2014-01-15,0150,Terra,MODIS,53,6.2,314.2,16.2,D,0
-28.785,126.6809,338.4,1.1,1,2014-01-15,0151,Terra,MODIS,70,6.2,319.1,12.8,D,0
-31.8132,133.2189,334.4,2.7,1.6,2014-01-15,0151,Terra,MODIS,76,6.2,314,55.7,D,0
-31.8157,133.2119,339.6,2.7,1.6,2014-01-15,0151,Terra,MODIS,82,6.2,314.4,89.6,D,0
-28.7865,126.6916,343,1.1,1,2014-01-15,0151,Terra,MODIS,84,6.2,319.6,20.3,D,0
-28.4828,129.4877,341.9,1.4,1.2,2014-01-15,0151,Terra,MODIS,83,6.2,316.2,33.1,D,0
-28.4722,129.4892,345.9,1.4,1.2,2014-01-15,0151,Terra,MODIS,88,6.2,319.7,45.1,D,0
-28.4706,129.4748,338,1.4,1.2,2014-01-15,0151,Terra,MODIS,76,6.2,319.2,22.7,D,0
-28.4784,129.4942,342.5,1.4,1.2,2014-01-15,0151,Terra,MODIS,83,6.2,317.4,35.2,D,0
-28.4767,129.4798,347.5,1.4,1.2,2014-01-15,0151,Terra,MODIS,89,6.2,317.2,50.7,D,0
-28.4678,129.4956,343.2,1.4,1.2,2014-01-15,0151,Terra,MODIS,84,6.2,318.3,37.1,D,0
-28.4661,129.4812,341.1,1.4,1.2,2014-01-15,0151,Terra,MODIS,81,6.2,320.1,31.6,D,0
-28.5025,121.99,358.2,1.2,1.1,2014-01-15,0151,Terra,MODIS,98,6.2,322.1,68.3,D,0
-28.5045,122.0023,352.5,1.2,1.1,2014-01-15,0151,Terra,MODIS,94,6.2,319.8,51.5,D,0
-28.5021,121.9839,343.8,1.2,1.1,2014-01-15,0151,Terra,MODIS,85,6.2,320.8,26.2,D,0
-28.5042,121.9962,360.8,1.2,1.1,2014-01-15,0151,Terra,MODIS,100,6.2,322.1,79.3,D,0
-28.499,121.9073,338.7,1.2,1.1,2014-01-15,0151,Terra,MODIS,62,6.2,319.3,17.8,D,0
-28.5119,121.9818,342.5,1.2,1.1,2014-01-15,0151,Terra,MODIS,76,6.2,320.7,23.6,D,0
-28.5141,121.9941,375.5,1.2,1.1,2014-01-15,0151,Terra,MODIS,100,6.2,322.4,143.4,D,0
-31.7927,134.1321,344.2,3.1,1.7,2014-01-15,0151,Terra,MODIS,88,6.2,312.8,159.3,D,0
-31.7903,134.099,339.5,3.1,1.7,2014-01-15,0151,Terra,MODIS,83,6.2,315,108.9,D,0
-31.7896,134.1272,343.9,3.1,1.7,2014-01-15,0151,Terra,MODIS,86,6.2,313.8,153.1,D,0
-31.8027,134.0926,331.6,3.1,1.7,2014-01-15,0151,Terra,MODIS,53,6.2,313.3,51.4,D,0
-31.5369,133.3216,340.3,2.7,1.6,2014-01-15,0151,Terra,MODIS,78,6.2,316.7,88.1,D,0
-31.5393,133.3161,338.7,2.7,1.6,2014-01-15,0151,Terra,MODIS,74,6.2,316.5,79.4,D,0
-31.5058,133.2954,346.2,2.7,1.6,2014-01-15,0151,Terra,MODIS,89,6.2,320,127.9,D,0
-31.6513,133.6295,344,2.9,1.6,2014-01-15,0151,Terra,MODIS,65,6.2,316.5,111.6,D,0
-31.6978,133.6629,352.4,2.9,1.6,2014-01-15,0151,Terra,MODIS,95,6.2,314.5,219.9,D,0
-31.6953,133.6322,335.5,2.9,1.6,2014-01-15,0151,Terra,MODIS,77,6.2,313.3,77.3,D,0
-31.6854,133.6954,342.8,2.9,1.6,2014-01-15,0151,Terra,MODIS,79,6.2,315.2,119.4,D,0
-31.683,133.6644,360,2.9,1.6,2014-01-15,0151,Terra,MODIS,99,6.2,315.5,296.7,D,0
-31.6806,133.6336,338.1,2.9,1.6,2014-01-15,0151,Terra,MODIS,76,6.2,313.8,85.8,D,0
-31.6682,133.6659,344.7,2.9,1.6,2014-01-15,0151,Terra,MODIS,66,6.2,316.2,119.5,D,0
-31.6534,133.6673,366,2.9,1.6,2014-01-15,0151,Terra,MODIS,100,6.2,320.1,353.8,D,0
-31.6511,133.6365,354.7,2.9,1.6,2014-01-15,0151,Terra,MODIS,96,6.2,317.6,213,D,0
-31.6535,133.6603,366.3,2.9,1.6,2014-01-15,0151,Terra,MODIS,100,6.2,320.5,360,D,0
-31.6682,133.6589,350.1,2.9,1.6,2014-01-15,0151,Terra,MODIS,93,6.2,315.5,180,D,0
-31.6726,133.7211,336.5,2.9,1.6,2014-01-15,0151,Terra,MODIS,32,6.2,316.3,76.3,D,0
-31.7126,133.6546,361.2,2.9,1.6,2014-01-15,0151,Terra,MODIS,100,6.2,311.6,332.6,D,0
-31.683,133.6574,355.7,2.9,1.6,2014-01-15,0151,Terra,MODIS,97,6.2,314.9,247.6,D,0
-31.6852,133.6884,349.3,2.9,1.6,2014-01-15,0151,Terra,MODIS,92,6.2,315.3,180.1,D,0
-31.6978,133.6559,356.5,2.9,1.6,2014-01-15,0151,Terra,MODIS,97,6.2,314.8,266.5,D,0
-31.4363,120.5885,344.3,1.3,1.1,2014-01-15,0152,Terra,MODIS,89,6.2,311.2,52.4,D,0
-31.4387,120.6019,352.1,1.3,1.1,2014-01-15,0152,Terra,MODIS,95,6.2,313.5,75.6,D,0
-31.4464,120.586,369,1.3,1.1,2014-01-15,0152,Terra,MODIS,100,6.2,309,144.2,D,0
-31.4488,120.5995,379,1.3,1.1,2014-01-15,0152,Terra,MODIS,100,6.2,311.6,196,D,0
-31.4512,120.613,335.9,1.3,1.1,2014-01-15,0152,Terra,MODIS,80,6.2,311.2,31.7,D,0
-32.5587,135.3169,327.7,3.8,1.8,2014-01-15,0152,Terra,MODIS,81,6.2,308.9,70.1,D,0
-32.5702,135.3222,325.9,3.8,1.8,2014-01-15,0152,Terra,MODIS,72,6.2,309.4,53.5,D,0
-42.1089,146.5021,372.5,1.1,1,2014-01-15,0428,Aqua,MODIS,100,6.2,302,127.5,D,0
-42.111,146.4895,322.7,1.1,1,2014-01-15,0428,Aqua,MODIS,75,6.2,302.5,12.2,D,0
-35.7556,147.5856,340.2,1.5,1.2,2014-01-15,0429,Aqua,MODIS,68,6.2,316.1,38.3,D,0
-34.3727,140.5749,358.3,1,1,2014-01-15,0430,Aqua,MODIS,98,6.2,320.7,55.2,D,0
-32.9831,138.0984,349.7,1.2,1.1,2014-01-15,0430,Aqua,MODIS,91,6.2,319.4,51.6,D,0
-33.837,140.6066,395.9,1,1,2014-01-15,0430,Aqua,MODIS,100,6.2,326.1,210.4,D,0
-32.9815,138.1123,346.5,1.2,1.1,2014-01-15,0430,Aqua,MODIS,88,6.2,317.8,43.6,D,0
-34.3742,140.5636,425.2,1,1,2014-01-15,0430,Aqua,MODIS,100,6.2,339.7,433.3,D,0
-33.8263,140.6159,364.8,1,1,2014-01-15,0430,Aqua,MODIS,100,6.2,328.2,72.6,D,0
-34.6206,141.9048,355.4,1,1,2014-01-15,0430,Aqua,MODIS,86,6.2,325.3,43.5,D,0
-34.365,140.5618,373.1,1,1,2014-01-15,0430,Aqua,MODIS,100,6.2,325,99.9,D,0
-32.9823,138.1055,351.8,1.2,1.1,2014-01-15,0430,Aqua,MODIS,93,6.2,319.3,57.5,D,0
-33.8172,140.6142,389.9,1,1,2014-01-15,0430,Aqua,MODIS,100,6.2,332.6,173.1,D,0
-33.8187,140.603,362.8,1,1,2014-01-15,0430,Aqua,MODIS,100,6.2,329,66.8,D,0
-34.3757,140.5522,396.6,1,1,2014-01-15,0430,Aqua,MODIS,100,6.2,333.3,214.6,D,0
-33.8278,140.6048,416,1,1,2014-01-15,0430,Aqua,MODIS,100,6.2,336.9,347,D,0
-32.9724,138.1037,385.9,1.2,1.1,2014-01-15,0430,Aqua,MODIS,100,6.2,322.7,209.5,D,0
-33.8157,140.6253,358.6,1,1,2014-01-15,0430,Aqua,MODIS,99,6.2,327.9,51.6,D,0
-32.974,138.09,390.6,1.2,1.1,2014-01-15,0430,Aqua,MODIS,100,6.2,324.8,239.9,D,0
-33.8355,140.6177,391.3,1,1,2014-01-15,0430,Aqua,MODIS,100,6.2,329.9,182.2,D,0
-34.3665,140.5505,377.5,1,1,2014-01-15,0430,Aqua,MODIS,100,6.2,332.8,116.6,D,0
-33.834,140.6288,345.7,1,1,2014-01-15,0430,Aqua,MODIS,68,6.2,321.3,21.9,D,0
-33.8293,140.5937,353.1,1,1,2014-01-15,0430,Aqua,MODIS,91,6.2,324.2,42.3,D,0
-34.9416,140.3578,500.4,1.1,1,2014-01-15,0430,Aqua,MODIS,100,6.2,400.1,1712.3,D,0
-35.7822,141.8849,360.5,1,1,2014-01-15,0430,Aqua,MODIS,75,6.2,304,64.2,D,0
-35.7642,141.881,426.6,1,1,2014-01-15,0430,Aqua,MODIS,87,6.2,321.3,427,D,0
-35.7657,141.8699,381.5,1,1,2014-01-15,0430,Aqua,MODIS,100,6.2,311,131.9,D,0
-35.7673,141.8588,350.3,1,1,2014-01-15,0430,Aqua,MODIS,88,6.2,322.8,32.8,D,0
-35.7551,141.8791,463,1,1,2014-01-15,0430,Aqua,MODIS,94,6.2,320.9,869.5,D,0
-35.7567,141.868,429,1,1,2014-01-15,0430,Aqua,MODIS,100,6.2,325.4,446.3,D,0
-35.7582,141.8569,342,1,1,2014-01-15,0430,Aqua,MODIS,83,6.2,307.8,16,D,0
-34.8937,140.7953,349.7,1,1,2014-01-15,0430,Aqua,MODIS,43,6.2,312.8,39.1,D,0
-35.7883,140.9645,357,1,1,2014-01-15,0430,Aqua,MODIS,67,6.2,305.4,65.3,D,0
-35.7461,141.8772,350.1,1,1,2014-01-15,0430,Aqua,MODIS,88,6.2,311.5,32.8,D,0
-35.6834,141.9382,395.6,1,1,2014-01-15,0430,Aqua,MODIS,100,6.2,331.1,204.7,D,0
-35.6819,141.9493,393.7,1,1,2014-01-15,0430,Aqua,MODIS,100,6.2,329.6,194.1,D,0
-35.6803,141.9603,407.1,1,1,2014-01-15,0430,Aqua,MODIS,94,6.2,334.4,274.1,D,0
-35.7776,140.9741,401.3,1,1,2014-01-15,0430,Aqua,MODIS,94,6.2,311.5,248.7,D,0
-35.77,141.0315,409,1,1,2014-01-15,0430,Aqua,MODIS,100,6.2,305.2,301.5,D,0
-35.7477,141.8661,344.5,1,1,2014-01-15,0430,Aqua,MODIS,56,6.2,314.5,20.5,D,0
-34.926,140.3309,351.9,1.1,1,2014-01-15,0430,Aqua,MODIS,79,6.2,327.8,28.5,D,0
-34.9245,140.3425,378.2,1.1,1,2014-01-15,0430,Aqua,MODIS,100,6.2,328.6,114,D,0
-34.9338,140.3443,380,1.1,1,2014-01-15,0430,Aqua,MODIS,100,6.2,335.6,121.8,D,0
-34.9476,140.3112,359.8,1.1,1,2014-01-15,0430,Aqua,MODIS,78,6.2,329.2,52.8,D,0
-34.9461,140.3228,366.3,1.1,1,2014-01-15,0430,Aqua,MODIS,90,6.2,334.5,70.9,D,0
-34.9446,140.3345,418.3,1.1,1,2014-01-15,0430,Aqua,MODIS,100,6.2,337.9,376.6,D,0
-34.9431,140.3461,499.1,1.1,1,2014-01-15,0430,Aqua,MODIS,100,6.2,400.1,1686.9,D,0
-34.9554,140.3246,367.5,1.1,1,2014-01-15,0430,Aqua,MODIS,75,6.2,324.3,83.6,D,0
-35.7715,141.02,423.9,1,1,2014-01-15,0430,Aqua,MODIS,100,6.2,323.1,426.6,D,0
-34.9524,140.3479,374.8,1.1,1,2014-01-15,0430,Aqua,MODIS,81,6.2,322.5,109.4,D,0
-34.9617,140.3497,361.1,1.1,1,2014-01-15,0430,Aqua,MODIS,0,6.2,316.4,65.4,D,0
-35.7368,141.9438,417.8,1,1,2014-01-15,0430,Aqua,MODIS,0,6.2,296.1,357.3,D,0
-35.7414,141.9105,354.7,1,1,2014-01-15,0430,Aqua,MODIS,77,6.2,307.5,49.3,D,0
-35.743,141.8994,362.4,1,1,2014-01-15,0430,Aqua,MODIS,94,6.2,317.3,67,D,0
-35.6336,141.9618,352,1,1,2014-01-15,0430,Aqua,MODIS,0,6.2,301.5,40,D,0
-35.6426,141.9637,367,1,1,2014-01-15,0430,Aqua,MODIS,87,6.2,306.2,79.3,D,0
-35.7293,141.9308,345.1,1,1,2014-01-15,0430,Aqua,MODIS,47,6.2,298.9,31.1,D,0
-35.7309,141.9197,347.9,1,1,2014-01-15,0430,Aqua,MODIS,65,6.2,308.8,35.6,D,0
-35.7745,140.9971,379.3,1,1,2014-01-15,0430,Aqua,MODIS,100,6.2,311.8,133.4,D,0
-35.7761,140.9856,462,1,1,2014-01-15,0430,Aqua,MODIS,100,6.2,330.6,899.8,D,0
-35.6411,141.9748,343.3,1,1,2014-01-15,0430,Aqua,MODIS,75,6.2,296.7,23.4,D,0
-35.6548,141.9435,353.4,1,1,2014-01-15,0430,Aqua,MODIS,82,6.2,313.5,44.2,D,0
-35.6532,141.9545,362.1,1,1,2014-01-15,0430,Aqua,MODIS,87,6.2,310.7,64.3,D,0
-35.6517,141.9656,346.5,1,1,2014-01-15,0430,Aqua,MODIS,35,6.2,307.5,27.7,D,0
-35.6638,141.9454,394,1,1,2014-01-15,0430,Aqua,MODIS,100,6.2,334.6,193.7,D,0
-35.6623,141.9565,372.2,1,1,2014-01-15,0430,Aqua,MODIS,100,6.2,328.6,95.8,D,0
-35.6607,141.9676,375.4,1,1,2014-01-15,0430,Aqua,MODIS,100,6.2,323.9,107.9,D,0
-35.6591,141.9786,371.8,1,1,2014-01-15,0430,Aqua,MODIS,94,6.2,313.5,98.4,D,0
-35.6775,141.9141,344.2,1,1,2014-01-15,0430,Aqua,MODIS,38,6.2,318.9,24.8,D,0
-35.676,141.9252,354.1,1,1,2014-01-15,0430,Aqua,MODIS,79,6.2,329.2,43.3,D,0
-35.6744,141.9362,433.1,1,1,2014-01-15,0430,Aqua,MODIS,79,6.2,400.1,491.9,D,0
-35.7324,141.9086,348.4,1,1,2014-01-15,0430,Aqua,MODIS,71,6.2,312.4,35,D,0
-35.6728,141.9473,440.4,1,1,2014-01-15,0430,Aqua,MODIS,100,6.2,400.1,570.7,D,0
-35.6713,141.9584,417.4,1,1,2014-01-15,0430,Aqua,MODIS,100,6.2,340.3,349.2,D,0
-35.6697,141.9695,392.5,1,1,2014-01-15,0430,Aqua,MODIS,94,6.2,327,185.2,D,0
-34.9323,140.356,388.1,1.1,1,2014-01-15,0430,Aqua,MODIS,100,6.2,331.9,159.5,D,0
-35.7914,141.0123,342.7,1,1,2014-01-15,0430,Aqua,MODIS,41,6.2,284.4,29.6,D,0
-35.7929,141.0008,343.5,1,1,2014-01-15,0430,Aqua,MODIS,33,6.2,297,30.8,D,0
-35.7959,140.9778,358.5,1,1,2014-01-15,0430,Aqua,MODIS,93,6.2,305.7,69.9,D,0
-35.6866,141.916,380.8,1,1,2014-01-15,0430,Aqua,MODIS,100,6.2,324.6,132,D,0
-34.9401,140.3694,359.8,1.1,1,2014-01-15,0430,Aqua,MODIS,99,6.2,325.1,52.7,D,0
-35.685,141.9271,381.7,1,1,2014-01-15,0430,Aqua,MODIS,100,6.2,329.2,135.1,D,0
-34.8846,140.7935,354,1,1,2014-01-15,0430,Aqua,MODIS,62,6.2,311.8,46.6,D,0
-34.9509,140.3595,385,1.1,1,2014-01-15,0430,Aqua,MODIS,96,6.2,322.1,152.9,D,0
-35.6909,141.9512,349.9,1,1,2014-01-15,0430,Aqua,MODIS,61,6.2,312.8,39,D,0
-35.694,141.929,363,1,1,2014-01-15,0430,Aqua,MODIS,75,6.2,315.1,70.5,D,0
-35.6956,141.9179,346.6,1,1,2014-01-15,0430,Aqua,MODIS,62,6.2,317.8,31.3,D,0
-35.7776,141.0448,341.9,1,1,2014-01-15,0430,Aqua,MODIS,84,6.2,294.9,31.4,D,0
-35.7792,141.0333,469.2,1,1,2014-01-15,0430,Aqua,MODIS,100,6.2,322.9,1018,D,0
-35.7807,141.0219,412.7,1,1,2014-01-15,0430,Aqua,MODIS,100,6.2,317.8,330.9,D,0
-35.7022,141.925,392.4,1,1,2014-01-15,0430,Aqua,MODIS,75,6.2,319.4,188.8,D,0
-35.6788,141.9714,439.8,1,1,2014-01-15,0430,Aqua,MODIS,75,6.2,318,563.3,D,0
-33.0593,150.6115,329.7,2.6,1.6,2014-01-15,0430,Aqua,MODIS,62,6.2,310.2,55.2,D,0
-35.7852,140.9875,350.8,1,1,2014-01-15,0430,Aqua,MODIS,41,6.2,302.1,44.8,D,0
-34.6455,148.9223,338.3,1.9,1.3,2014-01-15,0430,Aqua,MODIS,77,6.2,321,34.6,D,0
-29.22,146.4069,335.6,1.7,1.3,2014-01-15,0431,Aqua,MODIS,63,6.2,318.8,22.1,D,0
-29.2136,146.3997,354.2,1.7,1.3,2014-01-15,0431,Aqua,MODIS,95,6.2,318.7,100.6,D,0
-29.2169,146.3822,334.7,1.7,1.3,2014-01-15,0431,Aqua,MODIS,68,6.2,317.3,19.6,D,0
-31.8523,134.0702,356.5,2.1,1.4,2014-01-15,0431,Aqua,MODIS,83,6.2,306.9,168.6,D,0
-28.7257,147.1508,337.4,2,1.4,2014-01-15,0431,Aqua,MODIS,44,6.2,320.2,33.5,D,0
-32.2202,134.83,353.1,1.9,1.3,2014-01-15,0431,Aqua,MODIS,94,6.2,321.7,99.5,D,0
-31.8395,134.0686,443.6,2.1,1.4,2014-01-15,0431,Aqua,MODIS,100,6.2,338.4,1794.9,D,0
-32.208,134.8286,346.8,1.9,1.3,2014-01-15,0431,Aqua,MODIS,89,6.2,323,63.5,D,0
-32.1939,134.8472,341.5,1.9,1.3,2014-01-15,0431,Aqua,MODIS,82,6.2,323.2,40.2,D,0
-31.8227,134.1112,359.8,2.1,1.4,2014-01-15,0431,Aqua,MODIS,99,6.2,315,171.5,D,0
-32.585,135.4976,403.7,1.7,1.3,2014-01-15,0431,Aqua,MODIS,100,6.2,329,559.4,D,0
-32.2183,134.8503,383,1.9,1.3,2014-01-15,0431,Aqua,MODIS,100,6.2,324.7,343.5,D,0
-31.8384,134.0733,450.8,2.1,1.4,2014-01-15,0431,Aqua,MODIS,100,6.2,340.2,2060.3,D,0
-32.5832,135.5162,391.4,1.7,1.3,2014-01-15,0431,Aqua,MODIS,100,6.2,325.3,399,D,0
-32.5382,136.4095,356.1,1.5,1.2,2014-01-15,0431,Aqua,MODIS,97,6.2,327.1,78.7,D,0
-31.7698,134.127,343.2,2.1,1.4,2014-01-15,0431,Aqua,MODIS,25,6.2,324.3,60.1,D,0
-31.806,134.1539,338.5,2.1,1.4,2014-01-15,0431,Aqua,MODIS,40,6.2,318.2,43.9,D,0
-31.7972,134.1079,382.8,2.1,1.4,2014-01-15,0431,Aqua,MODIS,100,6.2,327.9,379.4,D,0
-31.8247,134.0892,414.6,2.1,1.4,2014-01-15,0431,Aqua,MODIS,100,6.2,331.2,948,D,0
-31.8375,134.0908,427.8,2.1,1.4,2014-01-15,0431,Aqua,MODIS,100,6.2,325.7,1290.2,D,0
-31.7992,134.0858,357.8,2.1,1.4,2014-01-15,0431,Aqua,MODIS,92,6.2,324.8,133.2,D,0
-32.5715,135.5147,350.4,1.7,1.3,2014-01-15,0431,Aqua,MODIS,92,6.2,322.9,79.3,D,0
-28.7146,147.1532,336.5,2,1.4,2014-01-15,0431,Aqua,MODIS,73,6.2,319.8,31.6,D,0
-31.7953,134.1302,381,2.1,1.4,2014-01-15,0431,Aqua,MODIS,100,6.2,323.1,363.5,D,0
-32.5733,135.496,343.2,1.7,1.3,2014-01-15,0431,Aqua,MODIS,84,6.2,322.1,51.5,D,0
-31.8415,134.0463,385.6,2.1,1.4,2014-01-15,0431,Aqua,MODIS,100,6.2,320,457.2,D,0
-31.8531,134.0525,360.8,2.1,1.4,2014-01-15,0431,Aqua,MODIS,100,6.2,298.9,209.3,D,0
-31.8267,134.067,398.2,2.1,1.4,2014-01-15,0431,Aqua,MODIS,100,6.2,330.6,634,D,0
-31.808,134.1317,374,2.1,1.4,2014-01-15,0431,Aqua,MODIS,100,6.2,323,295,D,0
-31.8403,134.0509,404.2,2.1,1.4,2014-01-15,0431,Aqua,MODIS,100,6.2,324.1,758.7,D,0
-31.8365,134.0955,416.5,2.1,1.4,2014-01-15,0431,Aqua,MODIS,100,6.2,323.6,1003.9,D,0
-31.8119,134.0875,376.9,2.1,1.4,2014-01-15,0431,Aqua,MODIS,100,6.2,325.2,317.4,D,0
-32.5399,136.3932,349,1.5,1.2,2014-01-15,0431,Aqua,MODIS,91,6.2,326.7,50.9,D,0
-31.8512,134.0749,363.9,2.1,1.4,2014-01-15,0431,Aqua,MODIS,100,6.2,309.6,233.5,D,0
-31.81,134.1096,372.1,2.1,1.4,2014-01-15,0431,Aqua,MODIS,100,6.2,320.5,267.5,D,0
-32.5379,136.4041,356.2,1.5,1.2,2014-01-15,0431,Aqua,MODIS,97,6.2,327.8,80,D,0
-28.7268,147.1564,336.6,2,1.4,2014-01-15,0431,Aqua,MODIS,73,6.2,319.7,33.5,D,0
-32.5677,135.3048,338.5,1.8,1.3,2014-01-15,0431,Aqua,MODIS,67,6.2,317.7,40.5,D,0
-28.7135,147.1476,337.8,2,1.4,2014-01-15,0431,Aqua,MODIS,56,6.2,319.7,34.8,D,0
-32.2061,134.8488,383.6,1.9,1.3,2014-01-15,0431,Aqua,MODIS,100,6.2,328,348.1,D,0
-31.8139,134.0654,349.2,2.1,1.4,2014-01-15,0431,Aqua,MODIS,90,6.2,321.9,86.8,D,0
-31.8257,133.1911,416.5,2.4,1.5,2014-01-15,0431,Aqua,MODIS,100,6.2,333.9,1225.3,D,0
-31.7305,133.1808,382.8,2.4,1.5,2014-01-15,0431,Aqua,MODIS,100,6.2,321.7,508.7,D,0
-31.8393,133.1925,393.4,2.4,1.5,2014-01-15,0431,Aqua,MODIS,100,6.2,323.7,681.2,D,0
-31.8235,133.2166,353.7,2.4,1.5,2014-01-15,0431,Aqua,MODIS,95,6.2,320.6,159.4,D,0
-31.7481,133.1307,362,2.4,1.5,2014-01-15,0431,Aqua,MODIS,100,6.2,315.8,253,D,0
-31.8279,133.1655,361.1,2.4,1.5,2014-01-15,0431,Aqua,MODIS,100,6.2,323.2,240.2,D,0
-31.7325,133.155,420.1,2.4,1.5,2014-01-15,0431,Aqua,MODIS,100,6.2,328,1346.5,D,0
-31.751,133.1781,336.3,2.4,1.5,2014-01-15,0431,Aqua,MODIS,71,6.2,315.4,52.8,D,0
-31.7531,133.1524,370,2.4,1.5,2014-01-15,0431,Aqua,MODIS,100,6.2,316.2,338.8,D,0
-31.7373,133.1766,397.1,2.4,1.5,2014-01-15,0431,Aqua,MODIS,100,6.2,322.7,765.7,D,0
-31.7395,133.151,444.3,2.4,1.5,2014-01-15,0431,Aqua,MODIS,100,6.2,335.1,2224.3,D,0
-31.7417,133.1252,332.6,2.4,1.5,2014-01-15,0431,Aqua,MODIS,58,6.2,316,37.3,D,0
-31.7237,133.1753,368.7,2.4,1.5,2014-01-15,0431,Aqua,MODIS,100,6.2,319.6,321,D,0
-31.7461,133.1564,432.9,2.4,1.5,2014-01-15,0431,Aqua,MODIS,100,6.2,329.6,1771.8,D,0
-31.7259,133.1495,356.9,2.4,1.5,2014-01-15,0431,Aqua,MODIS,97,6.2,318.4,200.9,D,0
-31.7441,133.1822,345.4,2.4,1.5,2014-01-15,0431,Aqua,MODIS,87,6.2,316.7,109.9,D,0
-31.8334,133.1989,412.1,2.4,1.5,2014-01-15,0431,Aqua,MODIS,100,6.2,329.7,1102.1,D,0
-31.8354,133.1733,400.1,2.4,1.5,2014-01-15,0431,Aqua,MODIS,100,6.2,325.9,825.6,D,0
-31.8198,133.1975,380.3,2.4,1.5,2014-01-15,0431,Aqua,MODIS,100,6.2,325.6,459.8,D,0
-31.6816,133.6667,359.4,2.2,1.4,2014-01-15,0431,Aqua,MODIS,99,6.2,324.8,163.5,D,0
-31.7215,133.6283,353.4,2.2,1.4,2014-01-15,0431,Aqua,MODIS,95,6.2,307.7,170,D,0
-31.7005,133.7213,415.1,2.2,1.4,2014-01-15,0431,Aqua,MODIS,100,6.2,325.4,1044.1,D,0
-31.7058,133.6936,424.9,2.2,1.4,2014-01-15,0431,Aqua,MODIS,100,6.2,322.3,1307.3,D,0
-31.7037,133.7169,396.5,2.2,1.4,2014-01-15,0431,Aqua,MODIS,100,6.2,321.9,649.1,D,0
-31.7275,133.5999,376.4,2.2,1.5,2014-01-15,0431,Aqua,MODIS,100,6.2,306.7,395.4,D,0
-31.7254,133.5803,357.2,2.3,1.5,2014-01-15,0431,Aqua,MODIS,96,6.2,306.3,201,D,0
-31.5312,133.32,359.4,2.3,1.5,2014-01-15,0431,Aqua,MODIS,99,6.2,326.1,182.8,D,0
-31.5446,133.3214,361.5,2.3,1.5,2014-01-15,0431,Aqua,MODIS,100,6.2,323.4,208,D,0
-31.5602,133.2979,365,2.3,1.5,2014-01-15,0431,Aqua,MODIS,100,6.2,319.2,255.3,D,0
-31.5581,133.3228,373.8,2.3,1.5,2014-01-15,0431,Aqua,MODIS,100,6.2,321.1,352,D,0
-31.7011,133.597,392.5,2.2,1.5,2014-01-15,0431,Aqua,MODIS,100,6.2,324,608.5,D,0
-31.699,133.6208,399.6,2.2,1.4,2014-01-15,0431,Aqua,MODIS,100,6.2,326.4,724.8,D,0
-31.6969,133.6446,358.2,2.2,1.4,2014-01-15,0431,Aqua,MODIS,98,6.2,324.1,166.6,D,0
-31.541,133.3006,354.9,2.3,1.5,2014-01-15,0431,Aqua,MODIS,96,6.2,323.6,158.4,D,0
-31.6948,133.6683,378.6,2.2,1.4,2014-01-15,0431,Aqua,MODIS,100,6.2,328,368.9,D,0
-31.6927,133.6919,466.7,2.2,1.4,2014-01-15,0431,Aqua,MODIS,100,6.2,400.1,2936.1,D,0
-31.6906,133.7154,451,2.2,1.4,2014-01-15,0431,Aqua,MODIS,100,6.2,337.2,2203.5,D,0
-31.6874,133.7197,412.1,2.2,1.4,2014-01-15,0431,Aqua,MODIS,100,6.2,330,969,D,0
-31.7122,133.5788,350.7,2.3,1.5,2014-01-15,0431,Aqua,MODIS,53,6.2,315.6,135.4,D,0
-31.539,133.3255,361.2,2.3,1.5,2014-01-15,0431,Aqua,MODIS,100,6.2,324.5,211.3,D,0
-31.5544,133.302,379.9,2.3,1.5,2014-01-15,0431,Aqua,MODIS,100,6.2,321.9,442.5,D,0
-31.5524,133.327,368.5,2.3,1.5,2014-01-15,0431,Aqua,MODIS,100,6.2,321.3,293.6,D,0
-31.6775,133.7137,394,2.2,1.4,2014-01-15,0431,Aqua,MODIS,100,6.2,329.5,593.5,D,0
-31.6885,133.7385,342.3,2.2,1.4,2014-01-15,0431,Aqua,MODIS,77,6.2,317.5,63.9,D,0
-31.7143,133.5984,413.2,2.2,1.5,2014-01-15,0431,Aqua,MODIS,100,6.2,323.9,1039.5,D,0
-31.7121,133.6224,372.6,2.2,1.4,2014-01-15,0431,Aqua,MODIS,100,6.2,320.3,325.5,D,0
-31.7102,133.6028,412.2,2.2,1.5,2014-01-15,0431,Aqua,MODIS,100,6.2,326.1,1024.1,D,0
-31.7083,133.6267,370,2.2,1.4,2014-01-15,0431,Aqua,MODIS,100,6.2,322,311.7,D,0
-31.71,133.6461,360.7,2.2,1.4,2014-01-15,0431,Aqua,MODIS,100,6.2,323.6,196.4,D,0
-31.7079,133.6699,386.9,2.2,1.4,2014-01-15,0431,Aqua,MODIS,100,6.2,321.6,496.4,D,0
-31.7063,133.6505,365.4,2.2,1.4,2014-01-15,0431,Aqua,MODIS,100,6.2,324.7,257.4,D,0
-31.6796,133.6902,397.3,2.2,1.4,2014-01-15,0431,Aqua,MODIS,100,6.2,329.5,653.1,D,0
-31.7326,133.6537,336.5,2.2,1.4,2014-01-15,0431,Aqua,MODIS,68,6.2,302.3,68.9,D,0
-31.7253,133.6238,351.7,2.2,1.4,2014-01-15,0431,Aqua,MODIS,93,6.2,298.7,152.6,D,0
-31.7232,133.6476,357.8,2.2,1.4,2014-01-15,0431,Aqua,MODIS,98,6.2,308.8,189.1,D,0
-31.721,133.6715,346.6,2.2,1.4,2014-01-15,0431,Aqua,MODIS,63,6.2,310.2,99.3,D,0
-31.6971,133.6013,400.1,2.2,1.5,2014-01-15,0431,Aqua,MODIS,100,6.2,325,748.7,D,0
-31.7366,133.6059,370.2,2.2,1.5,2014-01-15,0431,Aqua,MODIS,100,6.2,302.1,336.2,D,0
-31.6837,133.6431,363.8,2.2,1.4,2014-01-15,0431,Aqua,MODIS,100,6.2,323.3,211.1,D,0
-31.7175,133.6759,352.7,2.2,1.4,2014-01-15,0431,Aqua,MODIS,91,6.2,311.1,151.3,D,0
-31.7195,133.6521,369.7,2.2,1.4,2014-01-15,0431,Aqua,MODIS,100,6.2,314.9,314,D,0
-31.7044,133.6743,405.9,2.2,1.4,2014-01-15,0431,Aqua,MODIS,100,6.2,325.2,853.6,D,0
-31.7234,133.6043,398.3,2.2,1.5,2014-01-15,0431,Aqua,MODIS,100,6.2,310,732.7,D,0
-31.6858,133.6194,408.7,2.2,1.4,2014-01-15,0431,Aqua,MODIS,100,6.2,330,907.9,D,0
-31.6207,133.6283,342.8,2.2,1.4,2014-01-15,0431,Aqua,MODIS,76,6.2,323.1,49,D,0
-31.7346,133.6298,336.9,2.2,1.4,2014-01-15,0431,Aqua,MODIS,74,6.2,286.8,79.1,D,0
-31.7024,133.698,462.7,2.2,1.4,2014-01-15,0431,Aqua,MODIS,100,6.2,336.4,2746.3,D,0
-31.6879,133.5955,358.1,2.2,1.5,2014-01-15,0431,Aqua,MODIS,98,6.2,320.9,178.6,D,0
-31.6624,133.7355,346.7,2.2,1.4,2014-01-15,0431,Aqua,MODIS,54,6.2,322.2,78.2,D,0
-31.6644,133.7121,352.8,2.2,1.4,2014-01-15,0431,Aqua,MODIS,94,6.2,325.2,110.9,D,0
-31.6685,133.6651,345.4,2.2,1.4,2014-01-15,0431,Aqua,MODIS,81,6.2,322.1,59,D,0
-31.6706,133.6416,360.5,2.2,1.4,2014-01-15,0431,Aqua,MODIS,100,6.2,320.8,172.5,D,0
-31.6726,133.6178,366.8,2.2,1.4,2014-01-15,0431,Aqua,MODIS,100,6.2,317.9,247.2,D,0
-31.6534,133.6872,343.7,2.2,1.4,2014-01-15,0431,Aqua,MODIS,85,6.2,321.2,39.6,D,0
-31.6554,133.6636,357.9,2.2,1.4,2014-01-15,0431,Aqua,MODIS,98,6.2,323.9,142,D,0
-31.6574,133.64,358.6,2.2,1.4,2014-01-15,0431,Aqua,MODIS,99,6.2,320.7,155.9,D,0
-31.618,133.6352,341.9,2.2,1.4,2014-01-15,0431,Aqua,MODIS,49,6.2,323.6,38.8,D,0
-31.6951,133.6252,397.2,2.2,1.4,2014-01-15,0431,Aqua,MODIS,100,6.2,327.7,685.1,D,0
-31.5085,133.2671,385.8,2.3,1.5,2014-01-15,0431,Aqua,MODIS,100,6.2,317.9,519.8,D,0
-31.6932,133.649,366.4,2.2,1.4,2014-01-15,0431,Aqua,MODIS,100,6.2,325.1,248.7,D,0
-31.6912,133.6726,388.1,2.2,1.4,2014-01-15,0431,Aqua,MODIS,100,6.2,327.5,514.4,D,0
-31.6893,133.6963,456.9,2.2,1.4,2014-01-15,0431,Aqua,MODIS,100,6.2,341.4,2472.9,D,0
-31.56,133.717,339.9,2.2,1.4,2014-01-15,0431,Aqua,MODIS,79,6.2,322,42.4,D,0
-31.573,133.7185,344,2.2,1.4,2014-01-15,0431,Aqua,MODIS,83,6.2,323.5,62.7,D,0
-31.6755,133.737,364.3,2.2,1.4,2014-01-15,0431,Aqua,MODIS,100,6.2,321.2,218.4,D,0
-31.5064,133.2921,371.6,2.3,1.5,2014-01-15,0431,Aqua,MODIS,100,6.2,323.3,316.6,D,0
-27.7796,141.609,345.8,1,1,2014-01-15,0432,Aqua,MODIS,81,6.2,322.2,23.4,D,0
-27.7548,141.6475,340.8,1,1,2014-01-15,0432,Aqua,MODIS,65,6.2,322,16.3,D,0
-27.7597,141.6159,338.1,1,1,2014-01-15,0432,Aqua,MODIS,31,6.2,320.6,11,D,0
-27.7613,141.6054,342.5,1,1,2014-01-15,0432,Aqua,MODIS,78,6.2,320.6,19.8,D,0
-27.7456,141.6457,358.3,1,1,2014-01-15,0432,Aqua,MODIS,98,6.2,322.1,55.8,D,0
-27.7348,141.6544,347.2,1,1,2014-01-15,0432,Aqua,MODIS,79,6.2,317.4,29.3,D,0
-27.7364,141.6439,354.8,1,1,2014-01-15,0432,Aqua,MODIS,96,6.2,318.9,46,D,0
-27.7283,141.6464,342.6,1,1,2014-01-15,0432,Aqua,MODIS,80,6.2,318,21.9,D,0
-27.7191,141.6446,354.6,1,1,2014-01-15,0432,Aqua,MODIS,96,6.2,317.7,47.8,D,0
-27.7083,141.6533,335.8,1,1,2014-01-15,0432,Aqua,MODIS,40,6.2,313.9,11.7,D,0
-27.7099,141.6427,360.2,1,1,2014-01-15,0432,Aqua,MODIS,100,6.2,318,64.2,D,0
-27.7008,141.6409,356.4,1,1,2014-01-15,0432,Aqua,MODIS,97,6.2,316.9,54.7,D,0
-27.6916,141.6391,357.1,1,1,2014-01-15,0432,Aqua,MODIS,97,6.2,317.3,56.7,D,0
-27.6932,141.6286,336.7,1,1,2014-01-15,0432,Aqua,MODIS,73,6.2,318.4,11.9,D,0
-27.6824,141.6373,351.2,1,1,2014-01-15,0432,Aqua,MODIS,93,6.2,317.4,40.8,D,0
-27.6841,141.6268,348.6,1,1,2014-01-15,0432,Aqua,MODIS,90,6.2,320.3,33.4,D,0
-27.6733,141.6355,347.8,1,1,2014-01-15,0432,Aqua,MODIS,90,6.2,318,33.4,D,0
-27.6749,141.6249,347.3,1,1,2014-01-15,0432,Aqua,MODIS,89,6.2,320.1,30.1,D,0
-27.6641,141.6337,342.9,1,1,2014-01-15,0432,Aqua,MODIS,84,6.2,318.4,23.7,D,0
-27.6657,141.6231,341.2,1,1,2014-01-15,0432,Aqua,MODIS,60,6.2,317,17.6,D,0
-27.6549,141.6319,345.1,1,1,2014-01-15,0432,Aqua,MODIS,87,6.2,317.8,27.7,D,0
-27.6566,141.6213,352.7,1,1,2014-01-15,0432,Aqua,MODIS,94,6.2,321.9,41.7,D,0
-27.6474,141.6195,353.4,1,1,2014-01-15,0432,Aqua,MODIS,95,6.2,319.5,44.8,D,0
-27.6621,141.83,351.4,1.1,1,2014-01-15,0432,Aqua,MODIS,92,6.2,315,39.5,D,0
-27.6512,141.8389,410.9,1.1,1,2014-01-15,0432,Aqua,MODIS,100,6.2,326.6,317.5,D,0
-27.6528,141.8282,499.8,1.1,1,2014-01-15,0432,Aqua,MODIS,100,6.2,400.1,1708.8,D,0
-27.6545,141.8175,448,1.1,1,2014-01-15,0432,Aqua,MODIS,100,6.2,328.6,716.8,D,0
-27.642,141.837,389.5,1.1,1,2014-01-15,0432,Aqua,MODIS,100,6.2,326,181.7,D,0
-27.6436,141.8263,394.2,1.1,1,2014-01-15,0432,Aqua,MODIS,100,6.2,327.7,211.3,D,0
-27.6453,141.8157,345.3,1.1,1,2014-01-15,0432,Aqua,MODIS,77,6.2,315.5,32.7,D,0
-27.5909,141.8212,342.6,1.1,1,2014-01-15,0432,Aqua,MODIS,35,6.2,315.3,24.1,D,0
-27.5926,141.8106,353.6,1.1,1,2014-01-15,0432,Aqua,MODIS,95,6.2,313.9,52.3,D,0
-27.5942,141.7999,382,1.1,1,2014-01-15,0432,Aqua,MODIS,100,6.2,315.2,153.8,D,0
-27.5817,141.8194,355,1.1,1,2014-01-15,0432,Aqua,MODIS,83,6.2,320.5,47.8,D,0
-27.5834,141.8087,370,1.1,1,2014-01-15,0432,Aqua,MODIS,100,6.2,322,99.2,D,0
-27.585,141.7981,354.6,1.1,1,2014-01-15,0432,Aqua,MODIS,96,6.2,319.5,55,D,0
-27.5741,141.8069,346,1.1,1,2014-01-15,0432,Aqua,MODIS,78,6.2,319,29.3,D,0
-27.6445,141.8816,368.6,1.1,1,2014-01-15,0432,Aqua,MODIS,100,6.2,325.8,78.9,D,0
-27.6462,141.8709,382,1.1,1,2014-01-15,0432,Aqua,MODIS,100,6.2,326.6,133,D,0
-27.6479,141.8602,356.6,1.1,1,2014-01-15,0432,Aqua,MODIS,97,6.2,325.7,43.9,D,0
-27.6495,141.8495,365.8,1.1,1,2014-01-15,0432,Aqua,MODIS,100,6.2,323.3,73.9,D,0
-27.6353,141.8798,352.1,1.1,1,2014-01-15,0432,Aqua,MODIS,94,6.2,327.4,28.8,D,0
-27.6386,141.8584,351.1,1.1,1,2014-01-15,0432,Aqua,MODIS,70,6.2,326.2,32.4,D,0
-27.6403,141.8477,349.1,1.1,1,2014-01-15,0432,Aqua,MODIS,61,6.2,323.8,30.7,D,0
-27.626,141.8779,354.4,1.1,1,2014-01-15,0432,Aqua,MODIS,95,6.2,328.2,36.7,D,0
-27.6277,141.8672,414.4,1.1,1,2014-01-15,0432,Aqua,MODIS,100,6.2,334.4,344.7,D,0
-27.6294,141.8565,386.6,1.1,1,2014-01-15,0432,Aqua,MODIS,100,6.2,325.7,164,D,0
-27.6311,141.8458,346.1,1.1,1,2014-01-15,0432,Aqua,MODIS,88,6.2,319.2,29.8,D,0
-27.6151,141.8868,350.9,1.1,1,2014-01-15,0432,Aqua,MODIS,66,6.2,328.4,30,D,0
-27.6185,141.8654,397.4,1.1,1,2014-01-15,0432,Aqua,MODIS,100,6.2,330,223.5,D,0
-27.6202,141.8547,370.3,1.1,1,2014-01-15,0432,Aqua,MODIS,100,6.2,322.7,98.1,D,0
-27.6059,141.8849,356.1,1.1,1,2014-01-15,0432,Aqua,MODIS,97,6.2,325.3,43.3,D,0
-27.5995,141.8891,355.1,1.1,1,2014-01-15,0432,Aqua,MODIS,96,6.2,313.2,44.2,D,0
-27.5902,141.8873,338.5,1.1,1,2014-01-15,0432,Aqua,MODIS,35,6.2,312.1,7.8,D,0
-27.5935,141.8658,360.8,1.1,1,2014-01-15,0432,Aqua,MODIS,100,6.2,321.5,61.9,D,0
-27.5968,141.8444,342,1.1,1,2014-01-15,0432,Aqua,MODIS,36,6.2,314.5,19.5,D,0
-27.5793,141.8961,355.7,1.1,1,2014-01-15,0432,Aqua,MODIS,96,6.2,325.4,43.8,D,0
-27.581,141.8854,379.4,1.1,1,2014-01-15,0432,Aqua,MODIS,100,6.2,327.8,125.4,D,0
-27.5826,141.8747,384,1.1,1,2014-01-15,0432,Aqua,MODIS,100,6.2,326.7,147.7,D,0
-27.5843,141.864,377.6,1.1,1,2014-01-15,0432,Aqua,MODIS,100,6.2,323.8,119,D,0
-27.5717,141.8836,353.5,1.1,1,2014-01-15,0432,Aqua,MODIS,78,6.2,326.6,32.7,D,0
-27.5625,141.8817,364.9,1.1,1,2014-01-15,0432,Aqua,MODIS,100,6.2,328.8,66.3,D,0
-27.5675,141.8496,356.6,1.1,1,2014-01-15,0432,Aqua,MODIS,97,6.2,323.8,45.4,D,0
-27.5566,141.8584,348.5,1.1,1,2014-01-15,0432,Aqua,MODIS,52,6.2,325.4,24.5,D,0
-27.5642,141.871,350.6,1.1,1,2014-01-15,0432,Aqua,MODIS,63,6.2,325.5,27.2,D,0
-23.8346,147.2603,327.1,2.6,1.5,2014-01-15,0432,Aqua,MODIS,53,6.2,303.9,33.4,D,0
-24.0416,146.671,331.6,2.3,1.5,2014-01-15,0432,Aqua,MODIS,72,6.2,308.9,44.1,D,0
-24.0196,146.6431,333,2.3,1.5,2014-01-15,0432,Aqua,MODIS,74,6.2,310.6,49.2,D,0
-24.0065,146.6402,360.7,2.3,1.5,2014-01-15,0432,Aqua,MODIS,100,6.2,312,237.3,D,0
-24.0109,146.6182,335.5,2.3,1.5,2014-01-15,0432,Aqua,MODIS,78,6.2,313.2,60.7,D,0
-24.0115,146.6364,355.1,2.3,1.5,2014-01-15,0432,Aqua,MODIS,97,6.2,313.3,189.7,D,0
-24.0073,146.6583,334.5,2.3,1.5,2014-01-15,0432,Aqua,MODIS,77,6.2,308.5,55.9,D,0
-27.637,141.8691,354.2,1.1,1,2014-01-15,0432,Aqua,MODIS,95,6.2,325.9,35.1,D,0
-27.5952,141.8551,384,1.1,1,2014-01-15,0432,Aqua,MODIS,100,6.2,323.2,152.5,D,0
-27.6076,141.8742,357.8,1.1,1,2014-01-15,0432,Aqua,MODIS,93,6.2,324.3,48.1,D,0
-27.6168,141.8761,380.2,1.1,1,2014-01-15,0432,Aqua,MODIS,100,6.2,331.8,128,D,0
-27.2961,130.4316,350,3.3,1.7,2014-01-15,0432,Aqua,MODIS,88,6.2,314.4,254.9,D,0
-27.3015,130.4276,347.6,3.3,1.7,2014-01-15,0432,Aqua,MODIS,84,6.2,313.7,224.8,D,0
-23.8097,146.3694,355.7,2.2,1.4,2014-01-15,0433,Aqua,MODIS,97,6.2,307.3,192.1,D,0
-23.8448,146.3828,331.6,2.2,1.4,2014-01-15,0433,Aqua,MODIS,68,6.2,310.3,41.2,D,0
-23.8186,146.3936,333.8,2.2,1.4,2014-01-15,0433,Aqua,MODIS,66,6.2,306.7,55.2,D,0
-23.8056,146.3907,336.7,2.2,1.4,2014-01-15,0433,Aqua,MODIS,77,6.2,307.1,72.1,D,0
-23.8443,146.4,340.5,2.2,1.4,2014-01-15,0433,Aqua,MODIS,84,6.2,311.5,83.3,D,0
-23.6878,147.2119,327.9,2.6,1.5,2014-01-15,0433,Aqua,MODIS,50,6.2,309.5,28.5,D,0
-23.9288,146.4323,329.2,2.2,1.4,2014-01-15,0433,Aqua,MODIS,39,6.2,310.6,26,D,0
-23.6691,147.2341,327.1,2.6,1.5,2014-01-15,0433,Aqua,MODIS,41,6.2,309.4,26.9,D,0
-23.6555,147.2303,329.8,2.6,1.5,2014-01-15,0433,Aqua,MODIS,47,6.2,309.3,38.9,D,0
-23.9459,146.4139,334.8,2.2,1.4,2014-01-15,0433,Aqua,MODIS,62,6.2,314.2,53.2,D,0
-23.8577,146.3859,340.4,2.2,1.4,2014-01-15,0433,Aqua,MODIS,84,6.2,312.9,82.5,D,0
-23.8572,146.403,347.6,2.2,1.4,2014-01-15,0433,Aqua,MODIS,91,6.2,313,123.8,D,0
-23.8535,146.4074,347.4,2.2,1.4,2014-01-15,0433,Aqua,MODIS,91,6.2,312.2,122.1,D,0
-23.1479,149.2938,368.8,3.7,1.8,2014-01-15,0433,Aqua,MODIS,100,6.2,297.1,690.1,D,0
-23.1563,149.2884,361.6,3.7,1.8,2014-01-15,0433,Aqua,MODIS,94,6.2,295.5,547.7,D,0
-31.4791,120.607,343.9,1.3,1.1,2014-01-15,0609,Aqua,MODIS,84,6.2,315.1,37.5,D,0
-31.4664,120.6186,365.9,1.3,1.1,2014-01-15,0609,Aqua,MODIS,100,6.2,317.4,121,D,0
-31.4689,120.6045,421.1,1.3,1.1,2014-01-15,0609,Aqua,MODIS,100,6.2,324.7,583.1,D,0
-31.4714,120.5905,364.2,1.3,1.1,2014-01-15,0609,Aqua,MODIS,100,6.2,321.4,108.5,D,0
-31.4536,120.6301,352.7,1.3,1.1,2014-01-15,0609,Aqua,MODIS,94,6.2,315.6,67.8,D,0
-31.4561,120.616,355.4,1.3,1.1,2014-01-15,0609,Aqua,MODIS,92,6.2,322,73.7,D,0
-31.4586,120.602,376.6,1.3,1.1,2014-01-15,0609,Aqua,MODIS,100,6.2,326.9,171.6,D,0
-31.4611,120.5879,362.4,1.3,1.1,2014-01-15,0609,Aqua,MODIS,100,6.2,324.7,97.4,D,0
-31.4433,120.6276,388.8,1.3,1.1,2014-01-15,0609,Aqua,MODIS,100,6.2,325.2,253.4,D,0
-31.4458,120.6135,369.4,1.3,1.1,2014-01-15,0609,Aqua,MODIS,100,6.2,326.9,128.3,D,0
-31.4484,120.5994,347.6,1.3,1.1,2014-01-15,0609,Aqua,MODIS,63,6.2,325.2,40,D,0
-31.4509,120.5854,343.2,1.3,1.1,2014-01-15,0609,Aqua,MODIS,43,6.2,323.4,27.1,D,0
-31.4372,120.6189,341.9,1.3,1.1,2014-01-15,0609,Aqua,MODIS,83,6.2,320.3,28.3,D,0
-31.4396,120.6048,342.6,1.3,1.1,2014-01-15,0609,Aqua,MODIS,57,6.2,323.9,28.8,D,0
-30.8666,121.4855,341.8,1.5,1.2,2014-01-15,0610,Aqua,MODIS,82,6.2,318.8,32.7,D,0
-21.7176,118.59,346.2,1.5,1.2,2014-01-15,0612,Aqua,MODIS,88,6.2,305.5,60.8,D,0
-21.7144,118.5986,333.9,1.5,1.2,2014-01-15,0612,Aqua,MODIS,66,6.2,304.9,24.2,D,0
-21.7168,118.5841,341.5,1.5,1.2,2014-01-15,0612,Aqua,MODIS,82,6.2,304.8,46.3,D,0
-19.7798,124.9657,362.7,4.7,2,2014-01-15,0612,Aqua,MODIS,0,6.2,293,750.1,D,0
-19.7827,124.9623,359.3,4.7,2,2014-01-15,0612,Aqua,MODIS,94,6.2,293,651.7,D,0
-22.8659,121.9381,330.6,2.4,1.5,2014-01-15,0612,Aqua,MODIS,44,6.2,298.1,48.1,D,0
-22.25,117.2131,361.5,1.2,1.1,2014-01-15,0612,Aqua,MODIS,100,6.2,323.5,78.3,D,0
-22.2627,117.3857,344.2,1.2,1.1,2014-01-15,0612,Aqua,MODIS,77,6.2,321.1,27.2,D,0
-22.2599,117.2149,344.4,1.2,1.1,2014-01-15,0612,Aqua,MODIS,86,6.2,321.3,25.7,D,0
-22.2579,117.2267,341.1,1.2,1.1,2014-01-15,0612,Aqua,MODIS,80,6.2,321.2,18.2,D,0
-22.2726,117.3874,340.8,1.2,1.1,2014-01-15,0612,Aqua,MODIS,72,6.2,317.6,20,D,0
-22.2607,117.3979,338.5,1.3,1.1,2014-01-15,0612,Aqua,MODIS,51,6.2,317.1,16,D,0
-22.6352,115.2832,346.3,1,1,2014-01-15,0612,Aqua,MODIS,64,6.2,327,18,D,0
-22.5924,115.2699,344.2,1,1,2014-01-15,0612,Aqua,MODIS,86,6.2,327.1,15.4,D,0
-22.3549,118.0771,340.4,1.4,1.2,2014-01-15,0612,Aqua,MODIS,80,6.2,312.9,29.2,D,0
-22.362,118.0708,377.8,1.4,1.2,2014-01-15,0612,Aqua,MODIS,100,6.2,314.5,186.7,D,0
-22.3723,118.0729,337.6,1.4,1.2,2014-01-15,0612,Aqua,MODIS,60,6.2,313.1,22,D,0
-22.3701,118.0859,336.7,1.4,1.2,2014-01-15,0612,Aqua,MODIS,56,6.2,314.9,18.1,D,0
-21.0345,121.1747,330.2,2.4,1.5,2014-01-15,0612,Aqua,MODIS,65,6.2,303.7,25.2,D,0
-21.0609,121.1804,342.4,2.4,1.5,2014-01-15,0612,Aqua,MODIS,86,6.2,305.4,87.6,D,0
-21.0594,121.1617,351.7,2.3,1.5,2014-01-15,0612,Aqua,MODIS,94,6.2,305.1,156,D,0
-20.7338,120.8793,337.9,2.3,1.5,2014-01-15,0612,Aqua,MODIS,34,6.2,306.2,63.3,D,0
-21.0651,121.158,345.3,2.3,1.5,2014-01-15,0612,Aqua,MODIS,89,6.2,305.1,109,D,0
-32.66,150.8401,305.4,2.2,1.4,2014-01-15,1217,Terra,MODIS,34,6.2,294.8,14.8,N,0
-32.6507,150.7911,310.8,2.2,1.4,2014-01-15,1217,Terra,MODIS,76,6.2,295.2,25.6,N,0
-32.6539,150.785,308.6,2.2,1.4,2014-01-15,1217,Terra,MODIS,63,6.2,295.1,21.2,N,0
-32.658,150.8638,304.6,2.2,1.4,2014-01-15,1217,Terra,MODIS,43,6.2,294.6,14.3,N,0
-28.7025,149.9486,308.4,2.3,1.5,2014-01-15,1218,Terra,MODIS,74,6.2,295.5,20.9,N,0
-28.7157,149.9501,309.9,2.3,1.5,2014-01-15,1218,Terra,MODIS,79,6.2,295.8,24.5,N,0
-23.4344,150.2161,303,1.9,1.3,2014-01-15,1219,Terra,MODIS,52,6.2,291.2,13.4,N,0
-25.746,150.9801,305.8,1.8,1.3,2014-01-15,1219,Terra,MODIS,65,6.2,292.7,13.1,N,0
-23.3235,149.818,305.3,2,1.4,2014-01-15,1219,Terra,MODIS,44,6.2,292.1,13.6,N,0
-23.3211,149.8113,306.9,2,1.4,2014-01-15,1219,Terra,MODIS,22,6.2,292.2,15.7,N,0
-23.3254,149.7985,309.8,2,1.4,2014-01-15,1219,Terra,MODIS,78,6.2,292.5,21.8,N,0
-23.2899,149.6283,308.3,2,1.4,2014-01-15,1219,Terra,MODIS,74,6.2,292.8,21.4,N,0
-23.2919,149.6083,314.8,2,1.4,2014-01-15,1219,Terra,MODIS,90,6.2,293,35.1,N,0
-23.8495,146.3917,306,3.6,1.8,2014-01-15,1219,Terra,MODIS,29,6.2,292.7,30.7,N,0
-23.8302,147.2552,306,3.1,1.7,2014-01-15,1219,Terra,MODIS,39,6.2,290.4,27.9,N,0
-23.817,147.2481,301.5,3.1,1.7,2014-01-15,1219,Terra,MODIS,9,6.2,289.6,16,N,0
-23.832,147.2503,304.8,3.1,1.7,2014-01-15,1219,Terra,MODIS,58,6.2,289.5,26.3,N,0
-23.8453,147.2571,302.5,3.1,1.7,2014-01-15,1219,Terra,MODIS,4,6.2,290.3,17.9,N,0
-24.6063,149.0004,307,2.3,1.5,2014-01-15,1219,Terra,MODIS,70,6.2,292.9,21.2,N,0
-24.6085,148.9766,306.5,2.4,1.5,2014-01-15,1219,Terra,MODIS,68,6.2,292.9,19.9,N,0
-24.5951,148.9749,304.1,2.4,1.5,2014-01-15,1219,Terra,MODIS,10,6.2,292.9,13.6,N,0
-23.8418,146.3978,309.1,3.6,1.8,2014-01-15,1219,Terra,MODIS,76,6.2,292.5,45.8,N,0
-24.9236,151.6629,305,1.5,1.2,2014-01-15,1219,Terra,MODIS,62,6.2,291.8,11.6,N,0
-24.9253,151.648,312.5,1.5,1.2,2014-01-15,1219,Terra,MODIS,85,6.2,292.5,21.2,N,0
-35.2239,142.2623,315.4,2.1,1.4,2014-01-15,1354,Terra,MODIS,90,6.2,286.9,40,N,0
-35.2189,142.2855,324.6,2.1,1.4,2014-01-15,1354,Terra,MODIS,100,6.2,286.2,65.1,N,0
-35.2315,142.2895,320.2,2.1,1.4,2014-01-15,1354,Terra,MODIS,100,6.2,285.2,51.4,N,0
-35.2265,142.3129,321,2.1,1.4,2014-01-15,1354,Terra,MODIS,100,6.2,289.1,54.4,N,0
-35.2392,142.3169,325.7,2.1,1.4,2014-01-15,1354,Terra,MODIS,100,6.2,289.3,71.3,N,0
-35.2342,142.3402,311,2.2,1.4,2014-01-15,1354,Terra,MODIS,62,6.2,286.7,28,N,0
-37.5882,142.3197,308.9,1.9,1.3,2014-01-15,1354,Terra,MODIS,76,6.2,292.8,21.6,N,0
-35.735,141.9334,304.5,2,1.4,2014-01-15,1354,Terra,MODIS,17,6.2,289.3,15.5,N,0
-35.2208,142.2805,326.8,2.1,1.4,2014-01-15,1354,Terra,MODIS,100,6.2,288.2,72.6,N,0
-34.9548,140.2735,310.1,1.6,1.3,2014-01-15,1355,Terra,MODIS,19,6.2,299.2,11.4,N,0
-34.9737,140.2978,308.5,1.6,1.3,2014-01-15,1355,Terra,MODIS,72,6.2,298.1,11.9,N,0
-34.9463,140.2644,317.1,1.6,1.3,2014-01-15,1355,Terra,MODIS,72,6.2,300.6,21.8,N,0
-34.9282,140.2966,309.4,1.6,1.3,2014-01-15,1355,Terra,MODIS,20,6.2,299.4,11.9,N,0
-34.9351,140.2611,320.7,1.6,1.3,2014-01-15,1355,Terra,MODIS,100,6.2,301.8,28.6,N,0
-34.9385,140.2434,335.4,1.6,1.3,2014-01-15,1355,Terra,MODIS,100,6.2,303.2,66,N,0
-34.3616,140.5664,318.8,1.8,1.3,2014-01-15,1355,Terra,MODIS,97,6.2,300.1,29.3,N,0
-34.1966,140.7702,313.2,1.8,1.3,2014-01-15,1355,Terra,MODIS,84,6.2,298.8,21.6,N,0
-32.5664,135.294,341.2,1,1,2014-01-15,1355,Terra,MODIS,100,6.2,302.6,44.3,N,0
-34.4,140.5578,311.6,1.8,1.3,2014-01-15,1355,Terra,MODIS,80,6.2,300.1,15.6,N,0
-34.3847,140.5733,317.1,1.8,1.3,2014-01-15,1355,Terra,MODIS,94,6.2,300.2,26.3,N,0
-33.8531,140.5619,316.5,1.8,1.3,2014-01-15,1355,Terra,MODIS,46,6.2,302.4,22.4,N,0
-32.9795,138.1142,322.2,1.4,1.2,2014-01-15,1355,Terra,MODIS,100,6.2,300.7,25.7,N,0
-32.5659,135.5198,309.4,1.1,1,2014-01-15,1355,Terra,MODIS,28,6.2,298.2,5.9,N,0
-32.5647,135.3049,325.7,1,1,2014-01-15,1355,Terra,MODIS,100,6.2,302.2,21,N,0
-34.205,140.7576,327.1,1.8,1.3,2014-01-15,1355,Terra,MODIS,100,6.2,299.1,54.8,N,0
-34.2005,140.7506,316.2,1.8,1.3,2014-01-15,1355,Terra,MODIS,91,6.2,297.2,27.8,N,0
-34.3769,140.5509,323.9,1.8,1.3,2014-01-15,1355,Terra,MODIS,100,6.2,300.6,39.9,N,0
-32.9717,138.0978,313.4,1.3,1.2,2014-01-15,1355,Terra,MODIS,84,6.2,300.3,12.7,N,0
-32.5898,135.4902,310.5,1.1,1,2014-01-15,1355,Terra,MODIS,9,6.2,298.9,6.1,N,0
-32.5538,135.314,310.4,1,1,2014-01-15,1355,Terra,MODIS,73,6.2,300.4,6.4,N,0
-32.982,138.1004,315.5,1.3,1.2,2014-01-15,1355,Terra,MODIS,90,6.2,301.3,15.2,N,0
-32.563,135.3161,321.3,1,1,2014-01-15,1355,Terra,MODIS,100,6.2,301.5,16.3,N,0
-34.3653,140.5476,322.4,1.8,1.3,2014-01-15,1355,Terra,MODIS,100,6.2,299.9,36.7,N,0
-34.3884,140.5544,314.8,1.8,1.3,2014-01-15,1355,Terra,MODIS,88,6.2,300.2,20.6,N,0
-32.5756,135.296,321.3,1,1,2014-01-15,1355,Terra,MODIS,100,6.2,302.7,17,N,0
-32.9692,138.112,312.9,1.4,1.2,2014-01-15,1355,Terra,MODIS,80,6.2,299.1,13,N,0
-34.3731,140.5698,343.9,1.8,1.3,2014-01-15,1355,Terra,MODIS,100,6.2,302.1,106.4,N,0
-31.8151,134.1095,310.8,1,1,2014-01-15,1356,Terra,MODIS,22,6.2,299.6,6.1,N,0
-31.8999,133.9688,322.2,1,1,2014-01-15,1356,Terra,MODIS,86,6.2,302.7,14,N,0
-31.8348,134.1026,318.9,1,1,2014-01-15,1356,Terra,MODIS,69,6.2,301.2,12.7,N,0
-31.8407,134.1257,323.6,1,1,2014-01-15,1356,Terra,MODIS,100,6.2,300.7,17.4,N,0
-32.2286,134.787,326.7,1,1,2014-01-15,1356,Terra,MODIS,100,6.2,302.8,22.1,N,0
-32.2195,134.785,312.8,1,1,2014-01-15,1356,Terra,MODIS,81,6.2,300.5,8.3,N,0
-32.2269,134.7978,313.9,1,1,2014-01-15,1356,Terra,MODIS,84,6.2,301.3,9.2,N,0
-31.8697,133.9844,318.6,1,1,2014-01-15,1356,Terra,MODIS,54,6.2,302,11.5,N,0
-31.9192,134.0274,341.8,1,1,2014-01-15,1356,Terra,MODIS,100,6.2,302.5,42.9,N,0
-31.8261,134.0352,314.3,1,1,2014-01-15,1356,Terra,MODIS,38,6.2,300.6,9.2,N,0
-32.2037,134.8265,317.6,1,1,2014-01-15,1356,Terra,MODIS,77,6.2,301.2,11.2,N,0
-32.2236,134.8196,312,1,1,2014-01-15,1356,Terra,MODIS,26,6.2,301.1,6.7,N,0
-32.2219,134.8305,313.7,1,1,2014-01-15,1356,Terra,MODIS,38,6.2,301.5,7.8,N,0
-32.207,134.8048,314.6,1,1,2014-01-15,1356,Terra,MODIS,86,6.2,300.7,9.6,N,0
-31.8843,134.0749,317,1,1,2014-01-15,1356,Terra,MODIS,64,6.2,300.8,11,N,0
-32.2302,134.7761,316.8,1,1,2014-01-15,1356,Terra,MODIS,92,6.2,301.5,12.3,N,0
-32.1957,134.8297,309.5,1,1,2014-01-15,1356,Terra,MODIS,68,6.2,299.4,6.4,N,0
-31.8609,133.9877,314.5,1,1,2014-01-15,1356,Terra,MODIS,86,6.2,300.7,9.5,N,0
-31.912,133.9494,316.1,1,1,2014-01-15,1356,Terra,MODIS,91,6.2,301.7,9.7,N,0
-31.9014,133.9582,318.1,1,1,2014-01-15,1356,Terra,MODIS,49,6.2,301.8,10.4,N,0
-32.2054,134.8156,316.8,1,1,2014-01-15,1356,Terra,MODIS,66,6.2,301.2,10.7,N,0
-31.8678,134.0605,325.6,1,1,2014-01-15,1356,Terra,MODIS,97,6.2,301.3,19.6,N,0
-31.8753,134.073,317.3,1,1,2014-01-15,1356,Terra,MODIS,43,6.2,300.9,10.6,N,0
-32.2178,134.7959,328.5,1,1,2014-01-15,1356,Terra,MODIS,100,6.2,302.4,24.2,N,0
-31.8859,134.0642,324.6,1,1,2014-01-15,1356,Terra,MODIS,100,6.2,301.5,18.5,N,0
-31.8713,133.9738,312.8,1,1,2014-01-15,1356,Terra,MODIS,32,6.2,300.8,6.8,N,0
-31.9086,134.0361,321.4,1,1,2014-01-15,1356,Terra,MODIS,100,6.2,301.3,15.7,N,0
-31.921,133.9513,319,1,1,2014-01-15,1356,Terra,MODIS,98,6.2,302.6,13,N,0
-31.898,134.0449,328.5,1,1,2014-01-15,1356,Terra,MODIS,100,6.2,301.9,22.8,N,0
-31.8488,134.0071,318.9,1,1,2014-01-15,1356,Terra,MODIS,93,6.2,301,13.1,N,0
-31.8509,134.1117,311.8,1,1,2014-01-15,1356,Terra,MODIS,39,6.2,299.8,6.9,N,0
-31.8965,134.0555,326.2,1,1,2014-01-15,1356,Terra,MODIS,100,6.2,302.3,20.4,N,0
-31.8541,134.0905,313.6,1,1,2014-01-15,1356,Terra,MODIS,62,6.2,300.9,8.1,N,0
-31.9176,134.038,335.8,1,1,2014-01-15,1356,Terra,MODIS,100,6.2,301.9,33.3,N,0
-31.6805,133.5798,316.9,1,1,2014-01-15,1356,Terra,MODIS,93,6.2,301.7,10.3,N,0
-31.6564,133.6184,311.8,1,1,2014-01-15,1356,Terra,MODIS,78,6.2,301.6,6.8,N,0
-31.6684,133.5991,313.7,1,1,2014-01-15,1356,Terra,MODIS,84,6.2,301.8,8,N,0
-31.6669,133.6096,313.8,1,1,2014-01-15,1356,Terra,MODIS,76,6.2,302.4,7.8,N,0
-31.679,133.5903,316.8,1,1,2014-01-15,1356,Terra,MODIS,92,6.2,302.1,10.2,N,0
-31.6925,133.5605,315.5,1,1,2014-01-15,1356,Terra,MODIS,60,6.2,301.5,8.5,N,0
-31.691,133.5711,316.6,1,1,2014-01-15,1356,Terra,MODIS,92,6.2,302.4,9.8,N,0
-31.703,133.5518,323.7,1,1,2014-01-15,1356,Terra,MODIS,100,6.2,302.1,16,N,0
-31.7015,133.5623,333.6,1,1,2014-01-15,1356,Terra,MODIS,100,6.2,304.1,28.1,N,0
-31.7241,133.5343,316.3,1,1,2014-01-15,1356,Terra,MODIS,70,6.2,302.3,9.3,N,0
-31.7346,133.5256,325.1,1,1,2014-01-15,1356,Terra,MODIS,100,6.2,302.9,19.1,N,0
-31.7331,133.5361,340.9,1,1,2014-01-15,1356,Terra,MODIS,100,6.2,305.2,40.3,N,0
-31.7316,133.5466,316.2,1,1,2014-01-15,1356,Terra,MODIS,21,6.2,302.6,9.4,N,0
-31.7286,133.5677,313.1,1,1,2014-01-15,1356,Terra,MODIS,18,6.2,301.1,7.2,N,0
-31.7073,133.7155,320.1,1,1,2014-01-15,1356,Terra,MODIS,100,6.2,299.3,14.7,N,0
-31.7058,133.726,316.5,1,1,2014-01-15,1356,Terra,MODIS,91,6.2,298.9,11.7,N,0
-31.7436,133.5274,315.8,1,1,2014-01-15,1356,Terra,MODIS,72,6.2,302.5,10.7,N,0
-31.7675,133.5488,311,1,1,2014-01-15,1356,Terra,MODIS,70,6.2,299.5,6.9,N,0
-31.7674,133.614,309.3,1,1,2014-01-15,1356,Terra,MODIS,69,6.2,299.2,5.7,N,0
-31.532,133.3322,311.5,1,1,2014-01-15,1356,Terra,MODIS,77,6.2,300.4,7.2,N,0
-31.541,133.3339,313.2,1,1,2014-01-15,1356,Terra,MODIS,83,6.2,301,8.5,N,0
-31.7329,133.1452,320.3,1,1,2014-01-15,1356,Terra,MODIS,90,6.2,300.7,13.5,N,0
-31.7449,133.1258,314.2,1,1,2014-01-15,1356,Terra,MODIS,67,6.2,300.6,8.5,N,0
-31.835,133.2037,317.3,1,1,2014-01-15,1356,Terra,MODIS,60,6.2,302.1,10.8,N,0
-31.8365,133.1931,316.8,1,1,2014-01-15,1356,Terra,MODIS,30,6.2,302.5,9.9,N,0
-31.838,133.1825,316,1,1,2014-01-15,1356,Terra,MODIS,81,6.2,302.5,9.8,N,0
-31.8395,133.1719,316.7,1,1,2014-01-15,1356,Terra,MODIS,92,6.2,302.1,10.7,N,0
-31.7314,133.1558,316.3,1,1,2014-01-15,1356,Terra,MODIS,15,6.2,301.6,9.1,N,0
-31.7209,133.1646,312.7,1,1,2014-01-15,1356,Terra,MODIS,18,6.2,299.6,7.1,N,0
-31.826,133.2019,313.5,1,1,2014-01-15,1356,Terra,MODIS,46,6.2,301.5,7.4,N,0
-31.8275,133.1913,316.8,1,1,2014-01-15,1356,Terra,MODIS,39,6.2,302.5,9.4,N,0
-31.829,133.1807,325.3,1,1,2014-01-15,1356,Terra,MODIS,100,6.2,303,18.8,N,0
-31.817,133.2001,311.6,1,1,2014-01-15,1356,Terra,MODIS,37,6.2,301,6.2,N,0
-31.8185,133.1895,318.5,1,1,2014-01-15,1356,Terra,MODIS,87,6.2,301.5,11.6,N,0
-31.781,133.1329,319.1,1,1,2014-01-15,1356,Terra,MODIS,98,6.2,303,12.9,N,0
-31.7825,133.1223,325.8,1,1,2014-01-15,1356,Terra,MODIS,100,6.2,304.2,19.6,N,0
-31.769,133.1523,323.5,1,1,2014-01-15,1356,Terra,MODIS,100,6.2,302.4,16.6,N,0
-31.7705,133.1417,323.5,1,1,2014-01-15,1356,Terra,MODIS,100,6.2,303.6,16.7,N,0
-31.7719,133.1311,321.7,1,1,2014-01-15,1356,Terra,MODIS,100,6.2,303.4,14.3,N,0
-31.7734,133.1205,327.3,1,1,2014-01-15,1356,Terra,MODIS,100,6.2,305.1,20,N,0
-31.7749,133.1099,341.9,1,1,2014-01-15,1356,Terra,MODIS,100,6.2,307.4,42.1,N,0
-31.7585,133.1611,326.7,1,1,2014-01-15,1356,Terra,MODIS,100,6.2,301.7,19.5,N,0
-31.7614,133.14,319,1,1,2014-01-15,1356,Terra,MODIS,96,6.2,302.8,11.3,N,0
-31.7644,133.1188,330.9,1,1,2014-01-15,1356,Terra,MODIS,100,6.2,305.2,24.3,N,0
-31.7659,133.1082,328.1,1,1,2014-01-15,1356,Terra,MODIS,100,6.2,303.6,21.6,N,0
-31.7539,133.1276,330.2,1,1,2014-01-15,1356,Terra,MODIS,100,6.2,304.1,24.8,N,0
-31.7554,133.117,325.6,1,1,2014-01-15,1356,Terra,MODIS,100,6.2,302.5,19,N,0
-31.7434,133.1364,322.6,1,1,2014-01-15,1356,Terra,MODIS,100,6.2,302.7,15.9,N,0
-27.6581,141.6787,345.5,3,1.6,2014-01-15,1356,Terra,MODIS,100,6.2,301.5,234.4,N,0
-27.6436,141.6746,333.4,3,1.6,2014-01-15,1356,Terra,MODIS,100,6.2,300,140.2,N,0
-27.6423,141.6051,308.2,2.9,1.6,2014-01-15,1356,Terra,MODIS,50,6.2,296.8,25.4,N,0
-27.6418,141.6115,308.6,2.9,1.6,2014-01-15,1356,Terra,MODIS,45,6.2,296.9,26.5,N,0
-27.66,141.7426,308.1,3,1.6,2014-01-15,1356,Terra,MODIS,23,6.2,297.2,23.3,N,0
-27.6664,141.7126,319.5,3,1.6,2014-01-15,1356,Terra,MODIS,55,6.2,298.8,63.3,N,0
-27.6324,141.7988,314.7,3,1.7,2014-01-15,1356,Terra,MODIS,73,6.2,297.8,45.2,N,0
-27.6389,141.7686,310.8,3,1.7,2014-01-15,1356,Terra,MODIS,33,6.2,297.4,30,N,0
-27.6518,141.7085,377.5,3,1.6,2014-01-15,1356,Terra,MODIS,100,6.2,303.6,683.3,N,0
-27.6307,141.7344,318.1,3,1.6,2014-01-15,1356,Terra,MODIS,96,6.2,297.7,63.4,N,0
-27.6652,141.7177,321.5,3,1.6,2014-01-15,1356,Terra,MODIS,91,6.2,298.9,72.8,N,0
-27.6372,141.7044,341.5,3,1.6,2014-01-15,1356,Terra,MODIS,100,6.2,300.1,207.2,N,0
-27.3136,130.6887,318.9,1.1,1,2014-01-15,1357,Terra,MODIS,97,6.2,299.2,13.9,N,0
-27.316,130.524,312,1.1,1,2014-01-15,1357,Terra,MODIS,77,6.2,299.2,7.9,N,0
-27.2808,130.4564,309.2,1.1,1,2014-01-15,1357,Terra,MODIS,66,6.2,297.9,5.5,N,0
-27.2902,130.4579,315,1.1,1,2014-01-15,1357,Terra,MODIS,87,6.2,298.1,10.4,N,0
-27.2823,130.4454,322.9,1.1,1,2014-01-15,1357,Terra,MODIS,100,6.2,298.1,18.6,N,0
-28.456,129.4387,312,1.2,1.1,2014-01-15,1357,Terra,MODIS,78,6.2,300.2,9.3,N,0
-27.5901,130.0365,309.4,1.1,1.1,2014-01-15,1357,Terra,MODIS,65,6.2,299.3,5.4,N,0
-27.2851,130.4236,308.3,1.1,1,2014-01-15,1357,Terra,MODIS,61,6.2,297.5,4.9,N,0
-27.2894,130.3908,309.7,1.1,1,2014-01-15,1357,Terra,MODIS,68,6.2,298.1,6.3,N,0
-27.5701,129.9634,319.7,1.1,1.1,2014-01-15,1357,Terra,MODIS,99,6.2,300,15.8,N,0
-28.4545,129.4512,318.3,1.2,1.1,2014-01-15,1357,Terra,MODIS,96,6.2,300.3,16.5,N,0
-23.293,149.6202,309.3,1.1,1,2014-01-15,1528,Aqua,MODIS,77,6.2,292.4,9.4,N,0
-21.5763,148.6023,302,1,1,2014-01-15,1528,Aqua,MODIS,46,6.2,291,4.7,N,0
-25.2366,150.0079,304.5,1.1,1.1,2014-01-15,1529,Aqua,MODIS,60,6.2,292.6,7,N,0
-23.8028,146.3948,316.4,1.1,1,2014-01-15,1529,Aqua,MODIS,54,6.2,288.1,14.7,N,0
-23.8092,146.3974,321.9,1.1,1,2014-01-15,1529,Aqua,MODIS,100,6.2,286.5,20.8,N,0
-23.8386,146.4025,312.3,1.1,1,2014-01-15,1529,Aqua,MODIS,54,6.2,287,10.7,N,0
-23.8402,146.4129,312.3,1.1,1,2014-01-15,1529,Aqua,MODIS,45,6.2,287.8,10.6,N,0
-23.6883,148.7036,304.5,1,1,2014-01-15,1529,Aqua,MODIS,60,6.2,292.4,5.6,N,0
-23.9193,146.4457,309.2,1.1,1,2014-01-15,1529,Aqua,MODIS,75,6.2,293.4,8.2,N,0
-23.9285,146.444,310.7,1.1,1,2014-01-15,1529,Aqua,MODIS,47,6.2,293.9,8.8,N,0
-23.6469,147.2407,309.9,1,1,2014-01-15,1529,Aqua,MODIS,47,6.2,292,8.3,N,0
-23.8494,146.4112,308.7,1.1,1,2014-01-15,1529,Aqua,MODIS,46,6.2,290.1,8.5,N,0
-24.5934,151.3298,308.9,1.3,1.1,2014-01-15,1529,Aqua,MODIS,55,6.2,291.5,11.8,N,0
-24.5932,151.3375,304.5,1.3,1.1,2014-01-15,1529,Aqua,MODIS,14,6.2,291.3,7.6,N,0
-23.8168,147.2691,310.3,1,1,2014-01-15,1529,Aqua,MODIS,80,6.2,293.9,8.4,N,0
-23.8349,147.2659,312.4,1,1,2014-01-15,1529,Aqua,MODIS,80,6.2,293.4,9.9,N,0
-23.9974,146.6419,320.2,1,1,2014-01-15,1529,Aqua,MODIS,100,6.2,294.5,17.3,N,0
-23.999,146.6521,324.1,1,1,2014-01-15,1529,Aqua,MODIS,100,6.2,295.2,21.6,N,0
-24.0081,146.6504,308.7,1,1,2014-01-15,1529,Aqua,MODIS,75,6.2,294.4,8.1,N,0
-24.0097,146.6606,308.8,1,1,2014-01-15,1529,Aqua,MODIS,75,6.2,294.4,7.7,N,0
-24.6,148.9824,313.8,1,1,2014-01-15,1529,Aqua,MODIS,19,6.2,292.7,10.5,N,0
-24.6015,148.9925,312.1,1,1,2014-01-15,1529,Aqua,MODIS,30,6.2,292.5,9.1,N,0
-27.6325,141.678,322.8,1.6,1.3,2014-01-15,1530,Aqua,MODIS,100,6.2,299.9,34.5,N,0
-27.6313,141.6093,316.2,1.7,1.3,2014-01-15,1530,Aqua,MODIS,92,6.2,298.5,23.2,N,0
-27.6344,141.6258,318.4,1.6,1.3,2014-01-15,1530,Aqua,MODIS,96,6.2,299,26.2,N,0
-27.6438,141.6753,339,1.6,1.3,2014-01-15,1530,Aqua,MODIS,100,6.2,301.1,77.6,N,0
-27.6488,141.6397,322,1.6,1.3,2014-01-15,1530,Aqua,MODIS,100,6.2,299.7,32.1,N,0
-27.6857,141.6482,314.7,1.6,1.3,2014-01-15,1530,Aqua,MODIS,44,6.2,297.1,19.6,N,0
-27.697,141.6455,309.3,1.6,1.3,2014-01-15,1530,Aqua,MODIS,9,6.2,296.6,12.2,N,0
-27.7,141.662,323.7,1.6,1.3,2014-01-15,1530,Aqua,MODIS,100,6.2,296.7,38.3,N,0
-27.7112,141.6593,319.1,1.6,1.3,2014-01-15,1530,Aqua,MODIS,90,6.2,296.8,28.7,N,0
-27.6986,141.6567,325.8,1.6,1.3,2014-01-15,1530,Aqua,MODIS,100,6.2,297,42.9,N,0
-27.7099,141.654,314.2,1.6,1.3,2014-01-15,1530,Aqua,MODIS,70,6.2,296.8,20.2,N,0
-27.7355,141.6651,316,1.6,1.3,2014-01-15,1530,Aqua,MODIS,92,6.2,296.9,23.5,N,0
-27.713,141.6704,309,1.6,1.3,2014-01-15,1530,Aqua,MODIS,8,6.2,296.4,12.4,N,0
-27.6194,141.7221,310.8,1.6,1.3,2014-01-15,1530,Aqua,MODIS,79,6.2,298.3,14.6,N,0
-27.6224,141.7384,317.1,1.6,1.3,2014-01-15,1530,Aqua,MODIS,94,6.2,297.9,24,N,0
-27.6254,141.7547,324.6,1.6,1.3,2014-01-15,1530,Aqua,MODIS,100,6.2,298.3,39.1,N,0
-27.6313,141.7872,315.4,1.6,1.2,2014-01-15,1530,Aqua,MODIS,90,6.2,297.5,21.2,N,0
-27.6343,141.8034,309.9,1.6,1.2,2014-01-15,1530,Aqua,MODIS,42,6.2,296.6,12.4,N,0
-27.6276,141.7031,348.3,1.6,1.3,2014-01-15,1530,Aqua,MODIS,100,6.2,302.7,115.1,N,0
-27.6306,141.7194,347.6,1.6,1.3,2014-01-15,1530,Aqua,MODIS,100,6.2,301.8,110,N,0
-27.6336,141.7358,313.4,1.6,1.3,2014-01-15,1530,Aqua,MODIS,86,6.2,297.7,16.7,N,0
-27.6225,141.7486,312.3,1.6,1.3,2014-01-15,1530,Aqua,MODIS,40,6.2,297.6,14.2,N,0
-27.6317,141.7972,319.2,1.6,1.2,2014-01-15,1530,Aqua,MODIS,93,6.2,297.6,27,N,0
-27.6244,141.697,331.6,1.6,1.3,2014-01-15,1530,Aqua,MODIS,100,6.2,299.6,56.4,N,0
-27.6275,141.7134,351.6,1.6,1.3,2014-01-15,1530,Aqua,MODIS,100,6.2,303.3,127,N,0
-27.6306,141.7297,332.3,1.6,1.3,2014-01-15,1530,Aqua,MODIS,100,6.2,300.1,55.8,N,0
-27.6337,141.746,322.6,1.6,1.3,2014-01-15,1530,Aqua,MODIS,100,6.2,297.9,32.4,N,0
-27.6356,141.6944,346.7,1.6,1.3,2014-01-15,1530,Aqua,MODIS,100,6.2,301.6,105.9,N,0
-27.6387,141.7108,313.9,1.6,1.3,2014-01-15,1530,Aqua,MODIS,71,6.2,298.6,16.5,N,0
-27.6469,141.6917,314.2,1.6,1.3,2014-01-15,1530,Aqua,MODIS,43,6.2,300.1,17.4,N,0
-27.6499,141.7081,331.1,1.6,1.3,2014-01-15,1530,Aqua,MODIS,100,6.2,300.7,53.8,N,0
-27.653,141.7244,328.1,1.6,1.3,2014-01-15,1530,Aqua,MODIS,100,6.2,299.8,45.9,N,0
-27.6561,141.7407,312,1.6,1.3,2014-01-15,1530,Aqua,MODIS,46,6.2,297.4,14.8,N,0
-27.6581,141.6891,314.3,1.6,1.3,2014-01-15,1530,Aqua,MODIS,47,6.2,298.8,18.2,N,0
-27.6642,141.7218,313.6,1.6,1.3,2014-01-15,1530,Aqua,MODIS,86,6.2,298,19.1,N,0
-29.2116,146.4093,308,1,1,2014-01-15,1530,Aqua,MODIS,73,6.2,295.3,7.2,N,0
-28.7234,147.1592,307.8,1,1,2014-01-15,1530,Aqua,MODIS,73,6.2,295.8,7.1,N,0
-28.7129,147.1506,306.2,1,1,2014-01-15,1530,Aqua,MODIS,41,6.2,295.6,5.8,N,0
-28.7076,149.9536,312.1,1.2,1.1,2014-01-15,1530,Aqua,MODIS,84,6.2,294.1,14.1,N,0
-32.6489,150.8069,306.3,1.5,1.2,2014-01-15,1531,Aqua,MODIS,18,6.2,293.4,10.3,N,0
-32.7435,150.6166,305.7,1.5,1.2,2014-01-15,1531,Aqua,MODIS,7,6.2,292.7,9.9,N,0
-32.6107,150.7633,304.5,1.5,1.2,2014-01-15,1531,Aqua,MODIS,39,6.2,293.6,8.9,N,0
-32.6491,150.7997,306.5,1.5,1.2,2014-01-15,1531,Aqua,MODIS,68,6.2,293.5,11.5,N,0
-32.7418,150.6006,310.8,1.5,1.2,2014-01-15,1531,Aqua,MODIS,73,6.2,293,16.5,N,0
-32.6559,150.8649,306.3,1.5,1.2,2014-01-15,1531,Aqua,MODIS,32,6.2,293.6,11.5,N,0
-32.6753,150.7301,306.8,1.5,1.2,2014-01-15,1531,Aqua,MODIS,51,6.2,293.7,11.5,N,0
-32.6124,150.779,324.7,1.5,1.2,2014-01-15,1531,Aqua,MODIS,100,6.2,295.1,39.5,N,0
-35.2334,142.2992,375.3,1.1,1.1,2014-01-15,1532,Aqua,MODIS,100,6.2,304.9,155.8,N,0
-35.2218,142.2892,349.1,1.1,1.1,2014-01-15,1532,Aqua,MODIS,100,6.2,304.3,67.4,N,0
-35.2418,142.3487,328.7,1.1,1.1,2014-01-15,1532,Aqua,MODIS,79,6.2,297.6,26.6,N,0
-35.753,141.8342,300.5,1.2,1.1,2014-01-15,1532,Aqua,MODIS,1,6.2,290.3,4.2,N,0
-35.2197,142.2767,323.1,1.1,1.1,2014-01-15,1532,Aqua,MODIS,100,6.2,299.6,20.4,N,0
-35.2406,142.3176,332.4,1.1,1.1,2014-01-15,1532,Aqua,MODIS,100,6.2,298.5,33.4,N,0
-35.2355,142.3116,345.2,1.1,1.1,2014-01-15,1532,Aqua,MODIS,100,6.2,299.5,56.2,N,0
-35.2427,142.33,312.8,1.1,1.1,2014-01-15,1532,Aqua,MODIS,22,6.2,294.3,8.4,N,0
-35.2448,142.3423,328.4,1.1,1.1,2014-01-15,1532,Aqua,MODIS,100,6.2,294.8,27.2,N,0
-35.2564,142.3523,307.2,1.1,1.1,2014-01-15,1532,Aqua,MODIS,42,6.2,291.8,4.9,N,0
-35.2376,142.3239,340.4,1.1,1.1,2014-01-15,1532,Aqua,MODIS,100,6.2,296.4,46.1,N,0
-34.932,140.2547,309.3,1.4,1.2,2014-01-15,1532,Aqua,MODIS,30,6.2,299,10.6,N,0
-35.7419,141.9435,304.3,1.2,1.1,2014-01-15,1532,Aqua,MODIS,24,6.2,293.4,5.7,N,0
-35.7323,141.946,311.1,1.2,1.1,2014-01-15,1532,Aqua,MODIS,67,6.2,295.3,10.7,N,0
-35.7088,141.9444,312.7,1.2,1.1,2014-01-15,1532,Aqua,MODIS,14,6.2,296.2,10.6,N,0
-35.6652,141.9821,317,1.2,1.1,2014-01-15,1532,Aqua,MODIS,94,6.2,297.4,15.9,N,0
-35.6578,141.9972,321.6,1.2,1.1,2014-01-15,1532,Aqua,MODIS,100,6.2,296.6,21,N,0
-35.6556,141.9845,316.6,1.2,1.1,2014-01-15,1532,Aqua,MODIS,94,6.2,297.2,14.6,N,0
-35.2239,142.3016,347,1.1,1.1,2014-01-15,1532,Aqua,MODIS,100,6.2,305.3,61.4,N,0
-35.2313,142.2868,326.4,1.1,1.1,2014-01-15,1532,Aqua,MODIS,100,6.2,300.7,23.4,N,0
-35.2397,142.3363,318.2,1.1,1.1,2014-01-15,1532,Aqua,MODIS,47,6.2,291.3,12.1,N,0
-35.226,142.3139,328.9,1.1,1.1,2014-01-15,1532,Aqua,MODIS,93,6.2,296.2,27.1,N,0
-34.3689,140.5495,314.1,1.4,1.2,2014-01-15,1532,Aqua,MODIS,84,6.2,299.2,14.9,N,0
-34.3625,140.5458,311.8,1.4,1.2,2014-01-15,1532,Aqua,MODIS,56,6.2,298.1,11.9,N,0
-34.3759,140.5582,316.6,1.4,1.2,2014-01-15,1532,Aqua,MODIS,45,6.2,299.7,16.9,N,0
-34.3654,140.561,324.5,1.4,1.2,2014-01-15,1532,Aqua,MODIS,100,6.2,300.3,30.2,N,0
-34.3584,140.5524,309.2,1.4,1.2,2014-01-15,1532,Aqua,MODIS,75,6.2,298.4,9.8,N,0
-34.3788,140.5734,363.6,1.4,1.2,2014-01-15,1532,Aqua,MODIS,100,6.2,304.4,152.3,N,0
-32.9769,138.1062,310.3,2.1,1.4,2014-01-15,1532,Aqua,MODIS,68,6.2,300.2,18.1,N,0
-32.5672,135.2963,319.4,3.3,1.7,2014-01-15,1532,Aqua,MODIS,98,6.2,298.9,78.1,N,0
-34.3717,140.5648,334.2,1.4,1.2,2014-01-15,1532,Aqua,MODIS,100,6.2,301.4,50.6,N,0
-34.3745,140.58,362.7,1.4,1.2,2014-01-15,1532,Aqua,MODIS,100,6.2,304.8,148.6,N,0
-34.3612,140.5677,324.4,1.4,1.2,2014-01-15,1532,Aqua,MODIS,100,6.2,300.5,31.9,N,0
-34.3893,140.5705,315.9,1.4,1.2,2014-01-15,1532,Aqua,MODIS,92,6.2,300.1,17,N,0
-34.3864,140.5553,310.8,1.4,1.2,2014-01-15,1532,Aqua,MODIS,51,6.2,299.6,10.2,N,0
-34.201,140.7661,330.6,1.4,1.2,2014-01-15,1532,Aqua,MODIS,100,6.2,299.7,44.6,N,0
-34.3817,140.5885,345.4,1.4,1.2,2014-01-15,1532,Aqua,MODIS,100,6.2,302.1,82.5,N,0
-34.3969,140.5525,310.9,1.4,1.2,2014-01-15,1532,Aqua,MODIS,80,6.2,299.4,11.6,N,0
-34.3683,140.5762,328.7,1.4,1.2,2014-01-15,1532,Aqua,MODIS,100,6.2,301.7,38.4,N,0
-34.3773,140.5953,310,1.4,1.2,2014-01-15,1532,Aqua,MODIS,40,6.2,298.8,10.4,N,0
-31.762,133.153,314,4.7,2,2014-01-15,1532,Aqua,MODIS,65,6.2,297.8,83.6,N,0
-31.7452,133.1626,307.4,4.7,2,2014-01-15,1532,Aqua,MODIS,14,6.2,296.7,42.1,N,0
-31.7626,133.1563,314.7,4.7,2,2014-01-15,1532,Aqua,MODIS,85,6.2,297.8,90.1,N,0
-31.7795,133.1469,309.1,4.7,2,2014-01-15,1532,Aqua,MODIS,29,6.2,298.1,52.9,N,0
-31.7497,133.1695,312.6,4.7,2,2014-01-15,1532,Aqua,MODIS,74,6.2,297.1,76.3,N,0
-37.5857,142.3268,304.3,1.1,1,2014-01-15,1533,Aqua,MODIS,32,6.2,290.2,6.3,N,0
-31.4355,120.6384,304.9,4.2,1.9,2014-01-15,1534,Terra,MODIS,49,6.2,292.4,39.5,N,0
-31.4502,120.6363,303.9,4.2,1.9,2014-01-15,1534,Terra,MODIS,57,6.2,292.6,37.5,N,0
-22.2913,118.1842,304.8,4.8,2,2014-01-15,1537,Terra,MODIS,56,6.2,281.3,41,N,0
-22.2942,118.1799,307.9,4.8,2,2014-01-15,1537,Terra,MODIS,70,6.2,281.5,60.1,N,0
-22.2387,117.4162,306.1,4.3,1.9,2014-01-15,1537,Terra,MODIS,42,6.2,286.8,35.7,N,0
-22.3045,118.1326,314.4,4.8,2,2014-01-15,1537,Terra,MODIS,88,6.2,284.1,101.1,N,0
-22.3019,118.1371,317.1,4.8,2,2014-01-15,1537,Terra,MODIS,94,6.2,283.9,122.8,N,0
-22.294,118.1544,313.2,1.7,1.3,2014-01-15,1707,Aqua,MODIS,86,6.2,279.4,24,N,0
-22.2264,117.4088,316.5,2,1.4,2014-01-15,1707,Aqua,MODIS,93,6.2,293.6,30.4,N,0
-22.3051,118.1636,302.1,1.7,1.3,2014-01-15,1707,Aqua,MODIS,27,6.2,278.2,7.5,N,0
-22.2106,117.3923,321.5,2,1.4,2014-01-15,1707,Aqua,MODIS,100,6.2,292.6,43.6,N,0
-22.297,118.1711,303.5,1.7,1.3,2014-01-15,1707,Aqua,MODIS,49,6.2,277.9,9.5,N,0
-22.3744,118.1492,312.8,1.7,1.3,2014-01-15,1707,Aqua,MODIS,85,6.2,278.4,23,N,0
-22.3714,118.1326,303.4,1.7,1.3,2014-01-15,1707,Aqua,MODIS,49,6.2,278.8,8.7,N,0
-20.7282,120.9291,332.5,1.2,1.1,2014-01-15,1707,Aqua,MODIS,100,6.2,294.8,40.2,N,0
-20.7263,120.9173,334,1.2,1.1,2014-01-15,1707,Aqua,MODIS,100,6.2,294.4,43.1,N,0
-20.7362,120.9155,317.3,1.2,1.1,2014-01-15,1707,Aqua,MODIS,78,6.2,292.1,18.4,N,0
-23.5878,121.7342,307.7,1.1,1,2014-01-15,1708,Aqua,MODIS,72,6.2,296.7,5.1,N,0
-28.4439,122.3454,320,1,1,2014-01-15,1709,Aqua,MODIS,99,6.2,298.9,15.1,N,0
-28.4454,122.3556,323.9,1,1,2014-01-15,1709,Aqua,MODIS,100,6.2,296.6,19.4,N,0
-28.4523,122.3476,316.4,1,1,2014-01-15,1709,Aqua,MODIS,75,6.2,298.5,13,N,0
-23.9938,146.6358,327.2,2,1.4,2014-01-16,0054,Terra,MODIS,45,6.2,307.7,34.2,D,0
-23.9958,146.6551,326.3,2,1.4,2014-01-16,0054,Terra,MODIS,67,6.2,304.9,30.6,D,0
-24.0083,146.6537,335.2,2,1.4,2014-01-16,0054,Terra,MODIS,84,6.2,306.8,60.2,D,0
-29.2102,146.3977,339.9,2.3,1.5,2014-01-16,0055,Terra,MODIS,82,6.2,313.8,72.3,D,0
-27.6314,141.6008,355.1,1.1,1.1,2014-01-16,0055,Terra,MODIS,96,6.2,320.8,51.7,D,0
-27.6329,141.612,355.7,1.1,1.1,2014-01-16,0055,Terra,MODIS,96,6.2,321.8,53.3,D,0
-27.6418,141.6799,338.9,1.1,1.1,2014-01-16,0055,Terra,MODIS,34,6.2,322.3,14.2,D,0
-27.6453,141.6331,387.1,1.1,1.1,2014-01-16,0055,Terra,MODIS,100,6.2,326.4,181.9,D,0
-27.6548,141.6315,372.8,1.1,1.1,2014-01-16,0055,Terra,MODIS,100,6.2,322.8,110.2,D,0
-27.6563,141.6429,375.8,1.1,1.1,2014-01-16,0055,Terra,MODIS,100,6.2,325.2,125.2,D,0
-27.6658,141.6413,377,1.1,1.1,2014-01-16,0055,Terra,MODIS,100,6.2,326.4,129.8,D,0
-27.6673,141.6526,339.7,1.1,1.1,2014-01-16,0055,Terra,MODIS,64,6.2,319.5,15.4,D,0
-27.6691,141.6344,371.6,1.1,1.1,2014-01-16,0055,Terra,MODIS,100,6.2,325,109.3,D,0
-27.6705,141.6457,388.8,1.1,1.1,2014-01-16,0055,Terra,MODIS,100,6.2,327.7,194.5,D,0
-27.6749,141.6797,349.6,1.1,1.1,2014-01-16,0055,Terra,MODIS,91,6.2,320.8,41.6,D,0
-27.6786,141.6329,361,1.1,1.1,2014-01-16,0055,Terra,MODIS,100,6.2,321.1,72.3,D,0
-27.6801,141.6442,377.6,1.1,1.1,2014-01-16,0055,Terra,MODIS,100,6.2,320.6,137.5,D,0
-27.6815,141.6555,342.5,1.1,1.1,2014-01-16,0055,Terra,MODIS,83,6.2,320.2,25.3,D,0
-27.6844,141.6782,369.7,1.1,1.1,2014-01-16,0055,Terra,MODIS,100,6.2,323.7,105.4,D,0
-27.691,141.654,351.4,1.1,1.1,2014-01-16,0055,Terra,MODIS,93,6.2,320.5,49.1,D,0
-27.694,141.6767,375.1,1.1,1.1,2014-01-16,0055,Terra,MODIS,100,6.2,319.8,128.9,D,0
-27.7006,141.6525,358.2,1.1,1.1,2014-01-16,0055,Terra,MODIS,98,6.2,317.1,69.2,D,0
-27.702,141.6638,358.6,1.1,1.1,2014-01-16,0055,Terra,MODIS,99,6.2,314.3,69.8,D,0
-27.7035,141.6752,349.8,1.1,1.1,2014-01-16,0055,Terra,MODIS,92,6.2,312.7,45.1,D,0
-27.7116,141.6623,359.8,1.1,1.1,2014-01-16,0055,Terra,MODIS,99,6.2,313.6,75.8,D,0
-27.713,141.6737,384.8,1.1,1.1,2014-01-16,0055,Terra,MODIS,100,6.2,318.4,180,D,0
-27.7145,141.685,408.7,1.1,1.1,2014-01-16,0055,Terra,MODIS,100,6.2,320.9,336.5,D,0
-27.7211,141.6608,350.3,1.1,1.1,2014-01-16,0055,Terra,MODIS,92,6.2,311.1,51.7,D,0
-27.7226,141.6721,433.1,1.1,1.1,2014-01-16,0055,Terra,MODIS,100,6.2,319.2,585.7,D,0
-27.724,141.6835,433.3,1.1,1.1,2014-01-16,0055,Terra,MODIS,100,6.2,322.4,587.3,D,0
-27.5897,141.834,347.3,1.1,1.1,2014-01-16,0055,Terra,MODIS,89,6.2,320.4,32.8,D,0
-27.5978,141.821,339.3,1.1,1.1,2014-01-16,0055,Terra,MODIS,71,6.2,320.6,15.5,D,0
-27.5993,141.8325,344.8,1.1,1.1,2014-01-16,0055,Terra,MODIS,86,6.2,321.2,27.1,D,0
-27.6021,141.8261,344.1,1.1,1.1,2014-01-16,0055,Terra,MODIS,86,6.2,321.2,29.8,D,0
-27.6213,141.823,344.8,1.1,1.1,2014-01-16,0055,Terra,MODIS,86,6.2,321.3,25.7,D,0
-27.6227,141.8345,341.9,1.1,1.1,2014-01-16,0055,Terra,MODIS,80,6.2,321.7,19.5,D,0
-27.6264,141.7871,352.4,1.1,1.1,2014-01-16,0055,Terra,MODIS,94,6.2,319.9,46.7,D,0
-27.6279,141.7985,345.2,1.1,1.1,2014-01-16,0055,Terra,MODIS,87,6.2,319.8,29.5,D,0
-27.6294,141.81,338.9,1.1,1.1,2014-01-16,0055,Terra,MODIS,73,6.2,319.3,15.3,D,0
-27.6309,141.8215,359.4,1.1,1.1,2014-01-16,0055,Terra,MODIS,99,6.2,322.7,66.9,D,0
-27.6323,141.833,344.8,1.1,1.1,2014-01-16,0055,Terra,MODIS,86,6.2,322.7,26.9,D,0
-27.6257,141.7056,345.2,1.1,1.1,2014-01-16,0055,Terra,MODIS,60,6.2,319.5,28.3,D,0
-27.6271,141.717,357.9,1.1,1.1,2014-01-16,0055,Terra,MODIS,98,6.2,321.6,62.8,D,0
-27.6286,141.7284,355.8,1.1,1.1,2014-01-16,0055,Terra,MODIS,97,6.2,321.8,56.1,D,0
-27.6301,141.7398,363.7,1.1,1.1,2014-01-16,0055,Terra,MODIS,100,6.2,321.3,80.8,D,0
-27.6316,141.7512,384.3,1.1,1.1,2014-01-16,0055,Terra,MODIS,100,6.2,324,170.1,D,0
-27.633,141.7626,341.6,1.1,1.1,2014-01-16,0055,Terra,MODIS,40,6.2,320.9,20.3,D,0
-27.6617,141.7581,340.6,1.1,1.1,2014-01-16,0055,Terra,MODIS,65,6.2,323.6,15.7,D,0
-27.6623,141.6882,357.6,1.1,1.1,2014-01-16,0055,Terra,MODIS,98,6.2,324.1,57.7,D,0
-27.6638,141.6996,346.2,1.1,1.1,2014-01-16,0055,Terra,MODIS,79,6.2,322.2,27,D,0
-27.6668,141.7223,372.9,1.1,1.1,2014-01-16,0055,Terra,MODIS,100,6.2,323.9,114.5,D,0
-27.6683,141.7337,363.7,1.1,1.1,2014-01-16,0055,Terra,MODIS,100,6.2,324,78.9,D,0
-27.6718,141.6867,363.9,1.1,1.1,2014-01-16,0055,Terra,MODIS,100,6.2,323.4,80.4,D,0
-27.6733,141.698,359.3,1.1,1.1,2014-01-16,0055,Terra,MODIS,99,6.2,322.4,64.3,D,0
-27.6764,141.6911,364.3,1.1,1.1,2014-01-16,0055,Terra,MODIS,100,6.2,325.1,86.1,D,0
-27.6778,141.7025,343.4,1.1,1.1,2014-01-16,0055,Terra,MODIS,85,6.2,319.6,28.3,D,0
-27.6859,141.6896,431.8,1.1,1.1,2014-01-16,0055,Terra,MODIS,100,6.2,338.2,565.4,D,0
-27.6874,141.701,398.9,1.1,1.1,2014-01-16,0055,Terra,MODIS,100,6.2,324.1,262.1,D,0
-27.6954,141.6881,429.3,1.1,1.1,2014-01-16,0055,Terra,MODIS,100,6.2,330.9,537.1,D,0
-27.6969,141.6995,393.1,1.1,1.1,2014-01-16,0055,Terra,MODIS,100,6.2,321.1,224.5,D,0
-27.705,141.6866,402.6,1.1,1.1,2014-01-16,0055,Terra,MODIS,100,6.2,320.9,288,D,0
-27.7064,141.6979,363.1,1.1,1.1,2014-01-16,0055,Terra,MODIS,100,6.2,316.1,81.4,D,0
-27.716,141.6964,344.4,1.1,1.1,2014-01-16,0055,Terra,MODIS,86,6.2,315,30.1,D,0
-27.5957,141.8801,337.7,1.1,1.1,2014-01-16,0055,Terra,MODIS,58,6.2,321.1,12.9,D,0
-27.5942,141.8685,337.4,1.1,1.1,2014-01-16,0055,Terra,MODIS,52,6.2,321.1,11.9,D,0
-29.2124,146.421,337.5,2.3,1.5,2014-01-16,0055,Terra,MODIS,67,6.2,312.5,52.9,D,0
-29.2068,146.3925,331.7,2.3,1.5,2014-01-16,0055,Terra,MODIS,66,6.2,313.2,36.1,D,0
-29.2089,146.4159,333.3,2.3,1.5,2014-01-16,0055,Terra,MODIS,54,6.2,312.1,38.3,D,0
-29.2221,146.4144,335.2,2.3,1.5,2014-01-16,0055,Terra,MODIS,64,6.2,314.1,48.7,D,0
-27.5881,130.0168,328.6,3,1.7,2014-01-16,0055,Terra,MODIS,40,6.2,297.6,60.9,D,0
-27.5828,129.9923,326.7,3,1.7,2014-01-16,0055,Terra,MODIS,34,6.2,294.9,56.8,D,0
-31.7925,133.1425,334.5,1.5,1.2,2014-01-16,0056,Terra,MODIS,53,6.2,311.7,29.1,D,0
-31.7895,133.1267,369.4,1.5,1.2,2014-01-16,0056,Terra,MODIS,100,6.2,318.5,170.3,D,0
-31.7865,133.1107,353.4,1.5,1.2,2014-01-16,0056,Terra,MODIS,95,6.2,318,85.4,D,0
-31.7907,133.1928,356,1.5,1.2,2014-01-16,0056,Terra,MODIS,97,6.2,313.8,97.8,D,0
-31.7877,133.177,426.1,1.5,1.2,2014-01-16,0056,Terra,MODIS,100,6.2,327.6,781.6,D,0
-31.7847,133.1612,471.1,1.5,1.2,2014-01-16,0056,Terra,MODIS,100,6.2,338.4,1843.3,D,0
-31.7817,133.1454,389.9,1.5,1.2,2014-01-16,0056,Terra,MODIS,100,6.2,318.7,321.3,D,0
-31.7787,133.1295,363.8,1.5,1.2,2014-01-16,0056,Terra,MODIS,100,6.2,319.2,133.9,D,0
-31.7756,133.1135,346.9,1.5,1.2,2014-01-16,0056,Terra,MODIS,89,6.2,318.8,57.8,D,0
-31.7799,133.1956,353.6,1.5,1.2,2014-01-16,0056,Terra,MODIS,95,6.2,313.1,86.8,D,0
-31.7769,133.1798,399.6,1.5,1.2,2014-01-16,0056,Terra,MODIS,100,6.2,320.9,415,D,0
-31.7738,133.164,471,1.5,1.2,2014-01-16,0056,Terra,MODIS,100,6.2,346.6,1833.5,D,0
-31.7708,133.1481,395.8,1.5,1.2,2014-01-16,0056,Terra,MODIS,100,6.2,325.6,371.7,D,0
-31.7678,133.1324,341.5,1.5,1.2,2014-01-16,0056,Terra,MODIS,61,6.2,319,35.7,D,0
-31.7647,133.1163,342.9,1.5,1.2,2014-01-16,0056,Terra,MODIS,74,6.2,318.7,39.3,D,0
-31.769,133.1984,355.1,1.5,1.2,2014-01-16,0056,Terra,MODIS,96,6.2,314.8,94.2,D,0
-31.766,133.1826,405.1,1.5,1.2,2014-01-16,0056,Terra,MODIS,100,6.2,324.3,476.3,D,0
-31.763,133.1667,365.5,1.5,1.2,2014-01-16,0056,Terra,MODIS,100,6.2,322.4,137.8,D,0
-31.76,133.151,343.8,1.5,1.2,2014-01-16,0056,Terra,MODIS,41,6.2,319.7,38.3,D,0
-31.7538,133.1191,347.4,1.5,1.2,2014-01-16,0056,Terra,MODIS,78,6.2,319.3,53.3,D,0
-31.776,133.1859,393.7,1.5,1.2,2014-01-16,0056,Terra,MODIS,100,6.2,317.5,352.2,D,0
-31.7731,133.17,443.8,1.5,1.2,2014-01-16,0056,Terra,MODIS,100,6.2,335.9,1117.2,D,0
-31.8123,133.1872,347.1,1.5,1.2,2014-01-16,0056,Terra,MODIS,86,6.2,312.3,68.3,D,0
-31.7701,133.1541,436.1,1.5,1.2,2014-01-16,0056,Terra,MODIS,100,6.2,335.3,955.2,D,0
-31.7643,133.1223,342.5,1.5,1.2,2014-01-16,0056,Terra,MODIS,43,6.2,318.9,36.1,D,0
-31.7652,133.1887,415.5,1.5,1.2,2014-01-16,0056,Terra,MODIS,100,6.2,322.5,608.8,D,0
-31.7622,133.1728,387.5,1.5,1.2,2014-01-16,0056,Terra,MODIS,100,6.2,322,294.5,D,0
-31.7593,133.157,347.7,1.5,1.2,2014-01-16,0056,Terra,MODIS,80,6.2,320.2,53.7,D,0
-31.7534,133.1251,353.9,1.5,1.2,2014-01-16,0056,Terra,MODIS,95,6.2,320,79.5,D,0
-31.7543,133.1915,408.1,1.5,1.2,2014-01-16,0056,Terra,MODIS,100,6.2,321.3,510.1,D,0
-31.7514,133.1756,403.2,1.5,1.2,2014-01-16,0056,Terra,MODIS,100,6.2,324.3,454.1,D,0
-31.7455,133.1438,350.7,1.5,1.2,2014-01-16,0056,Terra,MODIS,65,6.2,319.9,62.1,D,0
-31.7435,133.1943,398.3,1.5,1.2,2014-01-16,0056,Terra,MODIS,100,6.2,322.5,396.6,D,0
-31.7405,133.1785,406.8,1.5,1.2,2014-01-16,0056,Terra,MODIS,100,6.2,328,491.7,D,0
-31.8153,133.203,347.4,1.5,1.2,2014-01-16,0056,Terra,MODIS,89,6.2,316.3,65.9,D,0
-31.8183,133.2188,344.7,1.5,1.2,2014-01-16,0056,Terra,MODIS,86,6.2,314.9,54.2,D,0
-31.8261,133.2002,354.5,1.5,1.2,2014-01-16,0056,Terra,MODIS,96,6.2,317.8,94.3,D,0
-31.8291,133.2159,385.8,1.5,1.2,2014-01-16,0056,Terra,MODIS,100,6.2,320.2,283.8,D,0
-31.8369,133.1975,353.7,1.5,1.2,2014-01-16,0056,Terra,MODIS,95,6.2,316.9,93.4,D,0
-31.8399,133.2132,378.3,1.5,1.2,2014-01-16,0056,Terra,MODIS,100,6.2,317.7,227.2,D,0
-31.7346,133.1466,348.1,1.5,1.2,2014-01-16,0056,Terra,MODIS,60,6.2,318.6,54.9,D,0
-31.7327,133.1971,427.4,1.5,1.2,2014-01-16,0056,Terra,MODIS,100,6.2,329.5,797,D,0
-31.7297,133.1813,406.9,1.5,1.2,2014-01-16,0056,Terra,MODIS,100,6.2,327.4,497.1,D,0
-31.7267,133.1654,344.2,1.5,1.2,2014-01-16,0056,Terra,MODIS,37,6.2,319.5,43.4,D,0
-31.7218,133.1999,350.8,1.5,1.2,2014-01-16,0056,Terra,MODIS,92,6.2,317.3,73.3,D,0
-31.7189,133.1841,348.7,1.5,1.2,2014-01-16,0056,Terra,MODIS,91,6.2,319.9,66.1,D,0
-31.7159,133.1682,336.1,1.5,1.2,2014-01-16,0056,Terra,MODIS,68,6.2,317.3,24.3,D,0
-28.4808,129.4992,331.1,3.1,1.7,2014-01-16,0056,Terra,MODIS,68,6.2,305.9,57.5,D,0
-28.4839,129.5056,329.9,3.1,1.7,2014-01-16,0056,Terra,MODIS,64,6.2,305.6,49.8,D,0
-31.8094,133.1714,370.8,1.5,1.2,2014-01-16,0056,Terra,MODIS,100,6.2,308.1,187.4,D,0
-31.8004,133.1239,340.2,1.5,1.2,2014-01-16,0056,Terra,MODIS,65,6.2,314.5,42.8,D,0
-31.8015,133.19,380.4,1.5,1.2,2014-01-16,0056,Terra,MODIS,100,6.2,316.3,246.6,D,0
-31.7985,133.1742,446.7,1.5,1.2,2014-01-16,0056,Terra,MODIS,100,6.2,331.2,1191.7,D,0
-31.7955,133.1584,382,1.5,1.2,2014-01-16,0056,Terra,MODIS,100,6.2,311.3,262.5,D,0
-31.7892,133.6794,385.5,1.4,1.2,2014-01-16,0056,Terra,MODIS,100,6.2,311.6,259.3,D,0
-31.6807,133.713,336.9,1.4,1.2,2014-01-16,0056,Terra,MODIS,58,6.2,318.9,16,D,0
-31.6834,133.7277,366.6,1.4,1.2,2014-01-16,0056,Terra,MODIS,100,6.2,320.7,130.3,D,0
-31.6862,133.7424,394.1,1.4,1.2,2014-01-16,0056,Terra,MODIS,100,6.2,320,319.2,D,0
-31.6611,133.6089,345.1,1.4,1.2,2014-01-16,0056,Terra,MODIS,87,6.2,319,39.8,D,0
-31.6929,133.7469,344.3,1.4,1.2,2014-01-16,0056,Terra,MODIS,72,6.2,310.7,41.4,D,0
-31.6903,133.7322,356.3,1.4,1.2,2014-01-16,0056,Terra,MODIS,97,6.2,315.8,82.9,D,0
-31.666,133.5981,338.2,1.4,1.2,2014-01-16,0056,Terra,MODIS,36,6.2,318,21.7,D,0
-31.6798,133.7348,403.1,1.4,1.2,2014-01-16,0056,Terra,MODIS,100,6.2,324.7,404.6,D,0
-31.6581,133.6158,345.2,1.4,1.2,2014-01-16,0056,Terra,MODIS,87,6.2,319.3,41.9,D,0
-31.757,133.7094,423.3,1.4,1.2,2014-01-16,0056,Terra,MODIS,100,6.2,330.4,661.2,D,0
-31.5761,133.6745,336,1.4,1.2,2014-01-16,0056,Terra,MODIS,72,6.2,317.4,21.2,D,0
-31.6533,133.7105,338.9,1.4,1.2,2014-01-16,0056,Terra,MODIS,78,6.2,319.3,21,D,0
-31.5789,133.6894,336.5,1.4,1.2,2014-01-16,0056,Terra,MODIS,72,6.2,318.8,21.2,D,0
-31.5819,133.682,336.8,1.4,1.2,2014-01-16,0056,Terra,MODIS,44,6.2,318.6,19.3,D,0
-31.6506,133.6957,364.3,1.4,1.2,2014-01-16,0056,Terra,MODIS,100,6.2,320.2,116.8,D,0
-31.7543,133.6946,381,1.4,1.2,2014-01-16,0056,Terra,MODIS,100,6.2,318.6,216.1,D,0
-31.7044,133.7225,361.2,1.4,1.2,2014-01-16,0056,Terra,MODIS,100,6.2,318.9,104.4,D,0
-31.738,133.6052,337.7,1.4,1.2,2014-01-16,0056,Terra,MODIS,76,6.2,317.3,22.8,D,0
-31.7465,133.712,370.6,1.4,1.2,2014-01-16,0056,Terra,MODIS,100,6.2,317.5,153.3,D,0
-31.7438,133.6972,401.4,1.4,1.2,2014-01-16,0056,Terra,MODIS,100,6.2,324.3,388.7,D,0
-31.7163,133.5477,344.5,1.4,1.2,2014-01-16,0056,Terra,MODIS,75,6.2,319.7,42,D,0
-31.7135,133.5326,338.2,1.4,1.2,2014-01-16,0056,Terra,MODIS,33,6.2,317.8,25,D,0
-31.7332,133.6999,339.8,1.4,1.2,2014-01-16,0056,Terra,MODIS,61,6.2,317.5,25.2,D,0
-31.7348,133.5271,333.1,1.4,1.2,2014-01-16,0056,Terra,MODIS,38,6.2,317.5,15.4,D,0
-31.7375,133.5422,347.1,1.4,1.2,2014-01-16,0056,Terra,MODIS,89,6.2,317.5,53.4,D,0
-31.7485,133.6026,383.3,1.4,1.2,2014-01-16,0056,Terra,MODIS,100,6.2,320.2,239.8,D,0
-31.7513,133.6176,359.1,1.4,1.2,2014-01-16,0056,Terra,MODIS,99,6.2,317.3,97,D,0
-31.74,133.535,341.2,1.4,1.2,2014-01-16,0056,Terra,MODIS,54,6.2,317.3,33.8,D,0
-31.7514,133.5953,352.1,1.4,1.2,2014-01-16,0056,Terra,MODIS,94,6.2,316.3,68.2,D,0
-31.7542,133.6102,368.2,1.4,1.2,2014-01-16,0056,Terra,MODIS,100,6.2,318.1,139.8,D,0
-31.8258,133.639,347.6,1.4,1.2,2014-01-16,0056,Terra,MODIS,89,6.2,314.6,66.1,D,0
-31.8231,133.6241,382.7,1.4,1.2,2014-01-16,0056,Terra,MODIS,100,6.2,314.1,244.6,D,0
-31.8153,133.6417,374.4,1.4,1.2,2014-01-16,0056,Terra,MODIS,100,6.2,320.6,186.9,D,0
-31.8125,133.6268,447.6,1.4,1.2,2014-01-16,0056,Terra,MODIS,100,6.2,338.2,1106.4,D,0
-31.8098,133.6118,350.6,1.4,1.2,2014-01-16,0056,Terra,MODIS,92,6.2,314.1,69,D,0
-31.8047,133.6444,339.5,1.4,1.2,2014-01-16,0056,Terra,MODIS,53,6.2,316.2,32.9,D,0
-31.5029,133.2753,335.6,1.5,1.2,2014-01-16,0056,Terra,MODIS,71,6.2,318,22.5,D,0
-31.5087,133.3068,335.8,1.5,1.2,2014-01-16,0056,Terra,MODIS,61,6.2,318.1,20.3,D,0
-31.5371,133.3257,339.5,1.5,1.2,2014-01-16,0056,Terra,MODIS,72,6.2,319.3,28.8,D,0
-31.5401,133.3413,352.3,1.5,1.2,2014-01-16,0056,Terra,MODIS,94,6.2,318.6,74.1,D,0
-31.5479,133.3229,337.6,1.5,1.2,2014-01-16,0056,Terra,MODIS,76,6.2,318.4,27,D,0
-31.5509,133.3385,391.6,1.5,1.2,2014-01-16,0056,Terra,MODIS,100,6.2,323.6,328,D,0
-31.7282,133.7319,370.9,1.4,1.2,2014-01-16,0056,Terra,MODIS,100,6.2,314.5,158.2,D,0
-31.5538,133.3541,350.2,1.5,1.2,2014-01-16,0056,Terra,MODIS,92,6.2,317.3,66.8,D,0
-31.5587,133.3201,344,1.5,1.2,2014-01-16,0056,Terra,MODIS,85,6.2,317.5,46.2,D,0
-31.6979,133.5682,342.4,1.4,1.2,2014-01-16,0056,Terra,MODIS,74,6.2,319.1,34.5,D,0
-31.5616,133.3358,393.7,1.5,1.2,2014-01-16,0056,Terra,MODIS,100,6.2,324.1,346.6,D,0
-31.5646,133.3513,350.7,1.5,1.2,2014-01-16,0056,Terra,MODIS,92,6.2,317.2,68.9,D,0
-31.5695,133.3174,348.5,1.5,1.2,2014-01-16,0056,Terra,MODIS,90,6.2,316.5,64.7,D,0
-31.6951,133.5531,341.8,1.4,1.2,2014-01-16,0056,Terra,MODIS,69,6.2,317.9,34.6,D,0
-31.7177,133.7346,371.1,1.4,1.2,2014-01-16,0056,Terra,MODIS,100,6.2,314.4,157.4,D,0
-31.5724,133.333,444.2,1.5,1.2,2014-01-16,0056,Terra,MODIS,100,6.2,337,1108.2,D,0
-31.5753,133.3486,393.2,1.5,1.2,2014-01-16,0056,Terra,MODIS,100,6.2,322.8,342.8,D,0
-31.5832,133.3303,413.3,1.5,1.2,2014-01-16,0056,Terra,MODIS,100,6.2,317.2,578.2,D,0
-31.5861,133.3459,378.2,1.5,1.2,2014-01-16,0056,Terra,MODIS,100,6.2,316.5,223.8,D,0
-31.7149,133.7199,347.6,1.4,1.2,2014-01-16,0056,Terra,MODIS,85,6.2,315.8,52.2,D,0
-31.802,133.6294,393.5,1.4,1.2,2014-01-16,0056,Terra,MODIS,100,6.2,327.2,323.8,D,0
-31.6873,133.5709,348.8,1.4,1.2,2014-01-16,0056,Terra,MODIS,91,6.2,318.6,55.2,D,0
-31.7072,133.7372,360.4,1.4,1.2,2014-01-16,0056,Terra,MODIS,100,6.2,313.1,102.7,D,0
-31.7621,133.6772,351.5,1.4,1.2,2014-01-16,0056,Terra,MODIS,93,6.2,318.7,60.1,D,0
-31.7648,133.692,370.8,1.4,1.2,2014-01-16,0056,Terra,MODIS,100,6.2,315.3,152.7,D,0
-31.7675,133.7067,424.9,1.4,1.2,2014-01-16,0056,Terra,MODIS,100,6.2,320.2,687.3,D,0
-31.77,133.6597,338.7,1.4,1.2,2014-01-16,0056,Terra,MODIS,70,6.2,319,20.7,D,0
-31.7726,133.6745,405.8,1.4,1.2,2014-01-16,0056,Terra,MODIS,100,6.2,325.8,436.8,D,0
-31.7753,133.6893,380.2,1.4,1.2,2014-01-16,0056,Terra,MODIS,100,6.2,314.8,212.7,D,0
-31.7654,133.6699,351.4,1.4,1.2,2014-01-16,0056,Terra,MODIS,93,6.2,319.7,61.6,D,0
-31.7681,133.6846,377.7,1.4,1.2,2014-01-16,0056,Terra,MODIS,100,6.2,319.9,195.5,D,0
-31.7709,133.6993,366.5,1.4,1.2,2014-01-16,0056,Terra,MODIS,100,6.2,311.5,138.8,D,0
-31.7737,133.7141,342.4,1.4,1.2,2014-01-16,0056,Terra,MODIS,83,6.2,312.1,43.7,D,0
-31.7759,133.6672,400.1,1.4,1.2,2014-01-16,0056,Terra,MODIS,100,6.2,324.2,379.5,D,0
-31.7787,133.682,421.2,1.4,1.2,2014-01-16,0056,Terra,MODIS,100,6.2,323.2,634.7,D,0
-31.7669,133.5598,383.4,1.4,1.2,2014-01-16,0056,Terra,MODIS,100,6.2,323,242.6,D,0
-31.7697,133.5749,428.6,1.4,1.2,2014-01-16,0056,Terra,MODIS,100,6.2,332,757.7,D,0
-31.7725,133.5899,335.5,1.4,1.2,2014-01-16,0056,Terra,MODIS,35,6.2,315.6,19.3,D,0
-31.7864,133.6646,374.2,1.4,1.2,2014-01-16,0056,Terra,MODIS,100,6.2,314.4,179.1,D,0
-31.7992,133.6145,347.4,1.4,1.2,2014-01-16,0056,Terra,MODIS,84,6.2,317.4,52.2,D,0
-31.7853,133.5394,338.5,1.4,1.2,2014-01-16,0056,Terra,MODIS,77,6.2,315,34.2,D,0
-31.7803,133.5722,410.9,1.4,1.2,2014-01-16,0056,Terra,MODIS,100,6.2,318.7,511.1,D,0
-31.7775,133.5572,387.3,1.4,1.2,2014-01-16,0056,Terra,MODIS,100,6.2,318.8,275.3,D,0
-31.7747,133.5421,368.6,1.4,1.2,2014-01-16,0056,Terra,MODIS,100,6.2,319.1,152.3,D,0
-32.5685,135.5153,335.7,1.1,1.1,2014-01-16,0056,Terra,MODIS,71,6.2,320.9,13.5,D,0
-32.589,135.2852,335.3,1.1,1.1,2014-01-16,0056,Terra,MODIS,70,6.2,319,14.3,D,0
-31.933,133.9558,344,1.4,1.2,2014-01-16,0056,Terra,MODIS,85,6.2,317.2,39.8,D,0
-31.9511,134.0547,367.5,1.3,1.1,2014-01-16,0056,Terra,MODIS,100,6.2,309,142.1,D,0
-31.8248,134.0252,349.9,1.4,1.2,2014-01-16,0056,Terra,MODIS,85,6.2,320.2,53.3,D,0
-32.2554,134.833,366.5,1.2,1.1,2014-01-16,0056,Terra,MODIS,100,6.2,322,105.5,D,0
-31.8737,134.0803,373.1,1.3,1.1,2014-01-16,0056,Terra,MODIS,100,6.2,322.5,145.9,D,0
-31.8762,134.0943,358.2,1.3,1.1,2014-01-16,0056,Terra,MODIS,98,6.2,318.1,74.9,D,0
-31.8576,134.1489,347.3,1.3,1.1,2014-01-16,0056,Terra,MODIS,89,6.2,317.5,44.9,D,0
-32.237,134.7901,383.4,1.2,1.1,2014-01-16,0056,Terra,MODIS,100,6.2,322.8,187.7,D,0
-31.8583,134.1134,387.2,1.3,1.1,2014-01-16,0056,Terra,MODIS,100,6.2,324.8,235.4,D,0
-31.8608,134.1273,420.9,1.3,1.1,2014-01-16,0056,Terra,MODIS,100,6.2,333.9,568.1,D,0
-31.8634,134.1411,365.1,1.3,1.1,2014-01-16,0056,Terra,MODIS,100,6.2,319.6,112.9,D,0
-32.225,134.7796,342.8,1.2,1.1,2014-01-16,0056,Terra,MODIS,79,6.2,321.3,28.4,D,0
-31.8635,134.0829,345.9,1.3,1.1,2014-01-16,0056,Terra,MODIS,60,6.2,321,32,D,0
-31.8527,134.1212,388.5,1.3,1.1,2014-01-16,0056,Terra,MODIS,100,6.2,327.3,243.5,D,0
-31.83,134.0174,342.8,1.4,1.2,2014-01-16,0056,Terra,MODIS,50,6.2,318.8,29.9,D,0
-31.8531,134.1435,382.3,1.3,1.1,2014-01-16,0056,Terra,MODIS,100,6.2,322.4,207,D,0
-31.866,133.9786,338,1.4,1.2,2014-01-16,0056,Terra,MODIS,43,6.2,319.5,20.6,D,0
-31.8194,134.1146,337.4,1.3,1.1,2014-01-16,0056,Terra,MODIS,72,6.2,320.8,13.7,D,0
-31.9277,134.0225,358.8,1.3,1.1,2014-01-16,0056,Terra,MODIS,99,6.2,319.4,83.2,D,0
-31.902,134.0586,360.7,1.3,1.1,2014-01-16,0056,Terra,MODIS,100,6.2,320.8,89.6,D,0
-31.8994,134.0445,342.9,1.3,1.1,2014-01-16,0056,Terra,MODIS,77,6.2,320.5,27.2,D,0
-31.8481,134.1159,353.3,1.3,1.1,2014-01-16,0056,Terra,MODIS,95,6.2,322.5,58.8,D,0
-31.9356,133.97,332.9,1.4,1.2,2014-01-16,0056,Terra,MODIS,35,6.2,317.2,12,D,0
-32.2674,134.8434,390.4,1.2,1.1,2014-01-16,0056,Terra,MODIS,100,6.2,319,235.7,D,0
-31.8424,134.1237,369.1,1.3,1.1,2014-01-16,0056,Terra,MODIS,100,6.2,324.4,125.6,D,0
-31.6537,133.7723,366.5,1.4,1.2,2014-01-16,0056,Terra,MODIS,100,6.2,320.6,129.3,D,0
-32.5795,135.2877,347.9,1.1,1.1,2014-01-16,0056,Terra,MODIS,90,6.2,320.2,39.8,D,0
-31.8916,134.1197,425.5,1.3,1.1,2014-01-16,0056,Terra,MODIS,100,6.2,317.3,638.9,D,0
-31.8326,134.0316,341.1,1.3,1.2,2014-01-16,0056,Terra,MODIS,44,6.2,319.8,22.7,D,0
-31.9047,133.954,340,1.4,1.2,2014-01-16,0056,Terra,MODIS,65,6.2,319.4,25.7,D,0
-32.2556,134.839,410,1.2,1.1,2014-01-16,0056,Terra,MODIS,100,6.2,328,384.5,D,0
-31.9227,133.9584,391.6,1.4,1.2,2014-01-16,0056,Terra,MODIS,100,6.2,325.6,282.1,D,0
-31.928,134.0458,410.3,1.3,1.1,2014-01-16,0056,Terra,MODIS,100,6.2,334.6,456.6,D,0
-31.9306,134.0599,393,1.3,1.1,2014-01-16,0056,Terra,MODIS,100,6.2,326.3,303.7,D,0
-32.2022,134.8252,355.7,1.2,1.1,2014-01-16,0056,Terra,MODIS,96,6.2,322.5,58.2,D,0
-31.9201,133.9442,353.5,1.4,1.2,2014-01-16,0056,Terra,MODIS,95,6.2,320.7,69,D,0
-31.9254,134.0317,358.4,1.3,1.1,2014-01-16,0056,Terra,MODIS,98,6.2,320.8,85.6,D,0
-31.8142,134.1451,344.7,1.3,1.1,2014-01-16,0056,Terra,MODIS,75,6.2,317.7,35.1,D,0
-31.8065,134.1616,379.6,1.3,1.1,2014-01-16,0056,Terra,MODIS,100,6.2,322.9,190.8,D,0
-31.8039,134.1476,386.3,1.3,1.1,2014-01-16,0056,Terra,MODIS,100,6.2,325.1,232.8,D,0
-31.8167,134.159,347.1,1.3,1.1,2014-01-16,0056,Terra,MODIS,89,6.2,316.6,45,D,0
-32.6044,135.4946,361.1,1.1,1.1,2014-01-16,0056,Terra,MODIS,100,6.2,318.7,76.7,D,0
-31.9253,133.9726,360.7,1.4,1.2,2014-01-16,0056,Terra,MODIS,100,6.2,320.3,97,D,0
-31.9176,133.9657,345.5,1.4,1.2,2014-01-16,0056,Terra,MODIS,87,6.2,320.5,38.5,D,0
-31.9357,134.0292,347.1,1.3,1.1,2014-01-16,0056,Terra,MODIS,89,6.2,316.8,53.9,D,0
-31.9383,134.0432,406.9,1.3,1.1,2014-01-16,0056,Terra,MODIS,100,6.2,320.4,425.2,D,0
-32.2652,134.8307,342.2,1.2,1.1,2014-01-16,0056,Terra,MODIS,80,6.2,315.4,32.8,D,0
-33.8552,140.5557,337.2,1.2,1.1,2014-01-16,0056,Terra,MODIS,56,6.2,322.5,17.5,D,0
-31.9302,134.0366,397.1,1.3,1.1,2014-01-16,0056,Terra,MODIS,100,6.2,324.4,318.3,D,0
-32.5529,135.3068,333.6,1.1,1.1,2014-01-16,0056,Terra,MODIS,20,6.2,318.6,12.2,D,0
-32.555,135.319,350.9,1.1,1.1,2014-01-16,0056,Terra,MODIS,93,6.2,319.8,49,D,0
-31.884,134.0778,369.5,1.3,1.1,2014-01-16,0056,Terra,MODIS,100,6.2,322.2,130.8,D,0
-31.8711,134.1247,472.2,1.3,1.1,2014-01-16,0056,Terra,MODIS,100,6.2,347.8,1544.9,D,0
-31.8736,134.1385,403.2,1.3,1.1,2014-01-16,0056,Terra,MODIS,100,6.2,326.7,374.2,D,0
-31.8685,134.1108,391.1,1.3,1.1,2014-01-16,0056,Terra,MODIS,100,6.2,319.6,265.2,D,0
-32.236,134.8437,352.3,1.2,1.1,2014-01-16,0056,Terra,MODIS,84,6.2,322.7,45.5,D,0
-32.2348,134.7773,343.9,1.2,1.1,2014-01-16,0056,Terra,MODIS,85,6.2,319.6,32.7,D,0
-31.9097,134.0419,353.1,1.3,1.1,2014-01-16,0056,Terra,MODIS,94,6.2,321.5,59.8,D,0
-32.2272,134.7925,350.5,1.2,1.1,2014-01-16,0056,Terra,MODIS,89,6.2,323.1,45.6,D,0
-32.2294,134.8053,360.4,1.2,1.1,2014-01-16,0056,Terra,MODIS,100,6.2,324.6,74.2,D,0
-32.2186,134.8612,364.5,1.2,1.1,2014-01-16,0056,Terra,MODIS,87,6.2,324.8,90.5,D,0
-31.6746,133.7668,385.4,1.4,1.2,2014-01-16,0056,Terra,MODIS,100,6.2,318.4,250.9,D,0
-31.8838,134.1361,446.8,1.3,1.1,2014-01-16,0056,Terra,MODIS,100,6.2,334.2,981,D,0
-31.8813,134.1222,463.6,1.3,1.1,2014-01-16,0056,Terra,MODIS,100,6.2,338.6,1334.8,D,0
-31.9537,134.0688,331.3,1.3,1.1,2014-01-16,0056,Terra,MODIS,53,6.2,306.6,24.1,D,0
-31.9098,133.9467,339.9,1.4,1.2,2014-01-16,0056,Terra,MODIS,55,6.2,319.6,25.9,D,0
-32.5705,135.5271,336.6,1.1,1.1,2014-01-16,0056,Terra,MODIS,73,6.2,319.8,15,D,0
-33.8501,140.5951,357.4,1.2,1.1,2014-01-16,0056,Terra,MODIS,98,6.2,321,68.3,D,0
-32.6024,135.4824,343.8,1.1,1.1,2014-01-16,0056,Terra,MODIS,85,6.2,320.2,30.3,D,0
-33.8567,140.5683,366.4,1.2,1.1,2014-01-16,0056,Terra,MODIS,100,6.2,323,100,D,0
-33.8537,140.5432,342.5,1.2,1.1,2014-01-16,0056,Terra,MODIS,83,6.2,321.2,28.4,D,0
-31.8449,134.1375,381.3,1.3,1.1,2014-01-16,0056,Terra,MODIS,100,6.2,324.2,197.2,D,0
-32.248,134.8541,357.5,1.2,1.1,2014-01-16,0056,Terra,MODIS,98,6.2,319.1,65.7,D,0
-31.9125,133.9372,335.7,1.4,1.2,2014-01-16,0056,Terra,MODIS,51,6.2,319.2,17.2,D,0
-33.847,140.5887,365.7,1.2,1.1,2014-01-16,0056,Terra,MODIS,100,6.2,322.2,89.8,D,0
-31.915,133.9515,349.3,1.4,1.2,2014-01-16,0056,Terra,MODIS,91,6.2,321.5,53.3,D,0
-31.9229,134.0176,340.5,1.3,1.1,2014-01-16,0056,Terra,MODIS,66,6.2,319.3,27.1,D,0
-33.8486,140.6013,347.2,1.2,1.1,2014-01-16,0056,Terra,MODIS,88,6.2,320.3,33.7,D,0
-33.8485,140.5825,345.3,1.2,1.1,2014-01-16,0056,Terra,MODIS,87,6.2,321.2,34.3,D,0
-31.9331,134.0151,337,1.3,1.1,2014-01-16,0056,Terra,MODIS,66,6.2,317,23.9,D,0
-31.8171,134.0419,340.8,1.3,1.2,2014-01-16,0056,Terra,MODIS,49,6.2,320.2,26.1,D,0
-31.925,134.0674,371,1.3,1.1,2014-01-16,0056,Terra,MODIS,100,6.2,319.2,154.7,D,0
-32.2392,134.803,437.2,1.2,1.1,2014-01-16,0056,Terra,MODIS,100,6.2,330.7,707.6,D,0
-31.9122,134.056,365.9,1.3,1.1,2014-01-16,0056,Terra,MODIS,100,6.2,323,117.8,D,0
-31.8941,134.1336,440.9,1.3,1.1,2014-01-16,0056,Terra,MODIS,100,6.2,323.2,876.9,D,0
-32.2576,134.8457,405,1.2,1.1,2014-01-16,0056,Terra,MODIS,100,6.2,327.4,343.2,D,0
-31.9352,134.0648,372.9,1.3,1.1,2014-01-16,0056,Terra,MODIS,100,6.2,316.6,166.1,D,0
-32.2578,134.8518,386.3,1.2,1.1,2014-01-16,0056,Terra,MODIS,100,6.2,321,202.4,D,0
-31.9409,134.0573,400.3,1.3,1.1,2014-01-16,0056,Terra,MODIS,100,6.2,318.8,366.3,D,0
-31.7937,134.1501,351.5,1.3,1.1,2014-01-16,0056,Terra,MODIS,93,6.2,321.1,57.2,D,0
-32.9785,138.1169,360.8,1,1,2014-01-16,0056,Terra,MODIS,100,6.2,318.5,67.6,D,0
-32.5874,135.5108,349.5,1.1,1.1,2014-01-16,0056,Terra,MODIS,91,6.2,320.8,41.1,D,0
-32.5645,135.3167,338,1.1,1.1,2014-01-16,0056,Terra,MODIS,74,6.2,318.7,19.1,D,0
-32.9769,138.1062,351.5,1,1,2014-01-16,0056,Terra,MODIS,93,6.2,318.8,45.1,D,0
-32.9754,138.0956,336,1,1,2014-01-16,0056,Terra,MODIS,69,6.2,317.3,15.8,D,0
-32.5949,135.4967,333.9,1.1,1.1,2014-01-16,0056,Terra,MODIS,54,6.2,319.6,11.2,D,0
-31.8942,134.0753,353.3,1.3,1.1,2014-01-16,0056,Terra,MODIS,77,6.2,316.9,65.5,D,0
-31.9225,134.0533,397.2,1.3,1.1,2014-01-16,0056,Terra,MODIS,100,6.2,328.8,327.2,D,0
-31.8551,134.1351,420.2,1.3,1.1,2014-01-16,0056,Terra,MODIS,100,6.2,329.1,558.6,D,0
-31.6719,133.7521,348,1.4,1.2,2014-01-16,0056,Terra,MODIS,90,6.2,314.6,51.8,D,0
-31.6641,133.7695,403.8,1.4,1.2,2014-01-16,0056,Terra,MODIS,100,6.2,327.8,413.4,D,0
-31.6614,133.7548,371.6,1.4,1.2,2014-01-16,0056,Terra,MODIS,100,6.2,319.4,154,D,0
-31.6824,133.7495,374.1,1.4,1.2,2014-01-16,0056,Terra,MODIS,100,6.2,314.5,171.7,D,0
-31.651,133.7575,358.6,1.4,1.2,2014-01-16,0056,Terra,MODIS,99,6.2,320.3,90.4,D,0
-31.8346,134.14,350,1.3,1.1,2014-01-16,0056,Terra,MODIS,92,6.2,318.8,51.5,D,0
-31.8506,134.1297,405.5,1.3,1.1,2014-01-16,0056,Terra,MODIS,100,6.2,331.1,392.4,D,0
-31.9327,134.0507,435.9,1.3,1.1,2014-01-16,0056,Terra,MODIS,100,6.2,333.5,800.1,D,0
-32.5895,135.5228,339.4,1.1,1.1,2014-01-16,0056,Terra,MODIS,56,6.2,318.8,19.1,D,0
-31.9199,134.0392,380.6,1.3,1.1,2014-01-16,0056,Terra,MODIS,100,6.2,324.9,196.1,D,0
-32.2458,134.8413,391.2,1.2,1.1,2014-01-16,0056,Terra,MODIS,100,6.2,327.2,230.1,D,0
-34.2774,135.9389,355.1,1,1,2014-01-16,0057,Terra,MODIS,96,6.2,321,52.5,D,0
-34.2683,135.9411,338.6,1,1,2014-01-16,0057,Terra,MODIS,77,6.2,321.6,17.6,D,0
-34.2793,135.9503,336.3,1,1,2014-01-16,0057,Terra,MODIS,69,6.2,321,14.2,D,0
-34.3933,140.555,357.4,1.2,1.1,2014-01-16,0057,Terra,MODIS,98,6.2,322.7,70.1,D,0
-34.3917,140.5421,338.1,1.2,1.1,2014-01-16,0057,Terra,MODIS,51,6.2,320.9,18.6,D,0
-34.3727,140.5644,346.2,1.2,1.1,2014-01-16,0057,Terra,MODIS,84,6.2,324.9,37,D,0
-34.3841,140.5755,385.5,1.2,1.1,2014-01-16,0057,Terra,MODIS,100,6.2,327,189.3,D,0
-34.3938,140.5739,345.9,1.2,1.1,2014-01-16,0057,Terra,MODIS,77,6.2,316.9,34.4,D,0
-34.3712,140.5517,337.7,1.2,1.1,2014-01-16,0057,Terra,MODIS,48,6.2,321.6,16.7,D,0
-34.3825,140.5627,371.1,1.2,1.1,2014-01-16,0057,Terra,MODIS,100,6.2,325.3,114.5,D,0
-34.3907,140.5482,343.4,1.2,1.1,2014-01-16,0057,Terra,MODIS,68,6.2,321.5,25,D,0
-34.3743,140.5772,348.1,1.2,1.1,2014-01-16,0057,Terra,MODIS,86,6.2,321.9,42.8,D,0
-34.3857,140.5883,373.4,1.2,1.1,2014-01-16,0057,Terra,MODIS,100,6.2,322,131.9,D,0
-34.3923,140.5611,359.7,1.2,1.1,2014-01-16,0057,Terra,MODIS,99,6.2,322.8,72.2,D,0
-34.3759,140.59,344.3,1.2,1.1,2014-01-16,0057,Terra,MODIS,86,6.2,320,36.1,D,0
-35.2262,142.3381,341.6,1.5,1.2,2014-01-16,0057,Terra,MODIS,68,6.2,318.2,33.9,D,0
-35.2227,142.3056,344.9,1.5,1.2,2014-01-16,0057,Terra,MODIS,86,6.2,320,40.4,D,0
-35.2209,142.2893,336.9,1.5,1.2,2014-01-16,0057,Terra,MODIS,73,6.2,319.6,17.8,D,0
-35.8384,141.0401,364.1,1.3,1.1,2014-01-16,0057,Terra,MODIS,100,6.2,308.9,112,D,0
-35.8194,141.0353,427.8,1.3,1.1,2014-01-16,0057,Terra,MODIS,100,6.2,332.2,627.6,D,0
-35.8177,141.0211,387.9,1.3,1.1,2014-01-16,0057,Terra,MODIS,100,6.2,324.6,227.9,D,0
-35.8161,141.0069,415.9,1.3,1.1,2014-01-16,0057,Terra,MODIS,100,6.2,330.8,469.1,D,0
-35.8368,141.0258,448.5,1.3,1.1,2014-01-16,0057,Terra,MODIS,94,6.2,322.9,966.1,D,0
-35.8086,140.9584,345.3,1.3,1.1,2014-01-16,0057,Terra,MODIS,87,6.2,320.5,39,D,0
-35.6496,141.9108,347.3,1.4,1.2,2014-01-16,0057,Terra,MODIS,89,6.2,315.4,55.5,D,0
-35.6554,142.0713,348,1.4,1.2,2014-01-16,0057,Terra,MODIS,90,6.2,320.3,57.4,D,0
-35.6793,141.9865,354.6,1.4,1.2,2014-01-16,0057,Terra,MODIS,96,6.2,306.4,90.4,D,0
-35.681,142.0024,336.6,1.4,1.2,2014-01-16,0057,Terra,MODIS,68,6.2,303.5,34.9,D,0
-35.7386,140.6111,338.4,1.2,1.1,2014-01-16,0057,Terra,MODIS,31,6.2,318.5,19.3,D,0
-35.7287,140.6128,372.2,1.2,1.1,2014-01-16,0057,Terra,MODIS,100,6.2,323.8,128,D,0
-35.8187,140.9567,348.3,1.3,1.1,2014-01-16,0057,Terra,MODIS,90,6.2,317.9,48.7,D,0
-34.8787,140.8002,354.7,1.2,1.1,2014-01-16,0057,Terra,MODIS,96,6.2,318.9,66.5,D,0
-34.8794,140.8066,349.2,1.2,1.1,2014-01-16,0057,Terra,MODIS,91,6.2,319,48.6,D,0
-36.9704,142.4046,453.4,1.6,1.2,2014-01-16,0057,Terra,MODIS,100,6.2,331.3,1421.7,D,0
-35.6488,142.0074,381.8,1.4,1.2,2014-01-16,0057,Terra,MODIS,100,6.2,310,233.3,D,0
-35.8101,140.9725,386.4,1.3,1.1,2014-01-16,0057,Terra,MODIS,100,6.2,332.2,219.8,D,0
-35.8117,140.9867,376,1.3,1.1,2014-01-16,0057,Terra,MODIS,100,6.2,326.4,155.6,D,0
-36.9724,142.4234,462.3,1.6,1.2,2014-01-16,0057,Terra,MODIS,100,6.2,330.7,1675.3,D,0
-36.9742,142.4417,418,1.6,1.2,2014-01-16,0057,Terra,MODIS,100,6.2,316.4,700.4,D,0
-36.9697,142.3991,436.3,1.6,1.2,2014-01-16,0057,Terra,MODIS,100,6.2,328.2,1023.3,D,0
-36.9715,142.4175,438.4,1.6,1.2,2014-01-16,0057,Terra,MODIS,100,6.2,324.5,1071.7,D,0
-35.7271,140.5993,357.5,1.2,1.1,2014-01-16,0057,Terra,MODIS,98,6.2,321.9,70.3,D,0
-34.6359,141.8868,334.6,1.4,1.2,2014-01-16,0057,Terra,MODIS,58,6.2,320.6,16.6,D,0
-35.8092,141.037,405.2,1.3,1.1,2014-01-16,0057,Terra,MODIS,100,6.2,328.3,369.8,D,0
-35.8076,141.0228,394.4,1.3,1.1,2014-01-16,0057,Terra,MODIS,100,6.2,328.6,273.5,D,0
-35.8059,141.0086,446.4,1.3,1.1,2014-01-16,0057,Terra,MODIS,100,6.2,334.3,901.8,D,0
-36.9733,142.4363,437.6,1.6,1.2,2014-01-16,0057,Terra,MODIS,100,6.2,322.9,1062.1,D,0
-36.9809,142.3976,394.3,1.6,1.2,2014-01-16,0057,Terra,MODIS,100,6.2,300.2,389.3,D,0
-36.9827,142.416,446.1,1.6,1.2,2014-01-16,0057,Terra,MODIS,100,6.2,313.3,1246,D,0
-36.9845,142.4345,430.6,1.6,1.2,2014-01-16,0057,Terra,MODIS,100,6.2,308,921,D,0
-36.9939,142.4142,337.8,1.6,1.2,2014-01-16,0057,Terra,MODIS,68,6.2,291.6,47,D,0
-36.9957,142.4324,336,1.6,1.2,2014-01-16,0057,Terra,MODIS,59,6.2,291.6,43.6,D,0
-35.6455,141.9756,350.1,1.4,1.2,2014-01-16,0057,Terra,MODIS,92,6.2,316.8,52.1,D,0
-35.23,142.2715,417.8,1.5,1.2,2014-01-16,0057,Terra,MODIS,100,6.2,328.4,611.4,D,0
-35.2244,142.3219,349.6,1.5,1.2,2014-01-16,0057,Terra,MODIS,91,6.2,319.9,57.5,D,0
-35.8133,141.0009,392.8,1.3,1.1,2014-01-16,0057,Terra,MODIS,100,6.2,330.7,267.9,D,0
-35.6513,141.9266,361.6,1.4,1.2,2014-01-16,0057,Terra,MODIS,100,6.2,319.1,107.4,D,0
-35.6579,141.9898,361,1.4,1.2,2014-01-16,0057,Terra,MODIS,99,6.2,311.1,107.4,D,0
-35.767,141.8539,396.3,1.4,1.2,2014-01-16,0057,Terra,MODIS,100,6.2,325.7,341.7,D,0
-35.7653,141.8383,345.7,1.4,1.2,2014-01-16,0057,Terra,MODIS,88,6.2,319.2,49.4,D,0
-35.8043,140.9945,377.6,1.3,1.1,2014-01-16,0057,Terra,MODIS,100,6.2,325.4,157.7,D,0
-35.6799,141.8901,341.5,1.4,1.2,2014-01-16,0057,Terra,MODIS,82,6.2,315,37.7,D,0
-35.6783,141.8744,351,1.4,1.2,2014-01-16,0057,Terra,MODIS,93,6.2,315.8,67.8,D,0
-35.8352,141.0116,500,1.3,1.1,2014-01-16,0057,Terra,MODIS,94,6.2,344.3,2272.1,D,0
-35.6423,141.982,394.9,1.4,1.2,2014-01-16,0057,Terra,MODIS,100,6.2,320.6,326,D,0
-35.6441,141.9979,478.1,1.4,1.2,2014-01-16,0057,Terra,MODIS,100,6.2,333.9,1891.3,D,0
-35.6595,142.0058,341.9,1.4,1.2,2014-01-16,0057,Terra,MODIS,80,6.2,306,42.3,D,0
-35.6645,142.0537,342.4,1.4,1.2,2014-01-16,0057,Terra,MODIS,72,6.2,313.8,42.3,D,0
-35.6458,142.0137,359.1,1.4,1.2,2014-01-16,0057,Terra,MODIS,99,6.2,310.3,102.9,D,0
-34.9572,140.2759,348.3,1.2,1.1,2014-01-16,0057,Terra,MODIS,85,6.2,323.3,33.5,D,0
-34.9798,140.2979,390,1.2,1.1,2014-01-16,0057,Terra,MODIS,100,6.2,328.9,209.4,D,0
-35.8149,141.015,391.6,1.3,1.1,2014-01-16,0057,Terra,MODIS,100,6.2,323.9,260.6,D,0
-34.9814,140.3106,371.6,1.2,1.1,2014-01-16,0057,Terra,MODIS,100,6.2,327.8,113.3,D,0
-34.9895,140.2962,364.8,1.2,1.1,2014-01-16,0057,Terra,MODIS,100,6.2,321.3,89.9,D,0
-34.9911,140.3089,406.5,1.2,1.1,2014-01-16,0057,Terra,MODIS,100,6.2,336.1,331.3,D,0
-34.9927,140.3217,343.9,1.2,1.1,2014-01-16,0057,Terra,MODIS,60,6.2,321.7,27.8,D,0
-35.0008,140.3072,407.1,1.2,1.1,2014-01-16,0057,Terra,MODIS,100,6.2,323,342.2,D,0
-35.0024,140.32,379.6,1.2,1.1,2014-01-16,0057,Terra,MODIS,100,6.2,321.1,160.8,D,0
-35.0036,140.3132,392.1,1.2,1.1,2014-01-16,0057,Terra,MODIS,100,6.2,321.5,235.9,D,0
-35.8111,140.9645,365,1.3,1.1,2014-01-16,0057,Terra,MODIS,100,6.2,325.5,103.4,D,0
-35.8336,140.9974,451.2,1.3,1.1,2014-01-16,0057,Terra,MODIS,94,6.2,333.4,1014.4,D,0
-35.6471,141.9915,422.3,1.4,1.2,2014-01-16,0057,Terra,MODIS,100,6.2,320.6,652.8,D,0
-35.8026,140.9804,377.6,1.3,1.1,2014-01-16,0057,Terra,MODIS,100,6.2,326.1,156.4,D,0
-35.832,140.9832,500,1.3,1.1,2014-01-16,0057,Terra,MODIS,100,6.2,355.5,2258.3,D,0
-35.8304,140.9691,476.7,1.3,1.1,2014-01-16,0057,Terra,MODIS,100,6.2,340.2,1566,D,0
-35.8283,141.0417,428.5,1.3,1.1,2014-01-16,0057,Terra,MODIS,100,6.2,322.9,642.9,D,0
-35.8267,141.0275,462.9,1.3,1.1,2014-01-16,0057,Terra,MODIS,100,6.2,343.1,1248.6,D,0
-35.8251,141.0133,422.8,1.3,1.1,2014-01-16,0057,Terra,MODIS,100,6.2,329.2,571.3,D,0
-35.7872,141.0262,351.3,1.3,1.1,2014-01-16,0057,Terra,MODIS,83,6.2,324,49.4,D,0
-35.7941,140.9962,363.1,1.3,1.1,2014-01-16,0057,Terra,MODIS,100,6.2,325.6,82.2,D,0
-35.7957,141.0103,397.3,1.3,1.1,2014-01-16,0057,Terra,MODIS,100,6.2,333,286.5,D,0
-35.7856,141.012,343,1.3,1.1,2014-01-16,0057,Terra,MODIS,81,6.2,324.5,19.7,D,0
-36.9586,142.4012,333.5,1.6,1.2,2014-01-16,0057,Terra,MODIS,71,6.2,309.1,27.5,D,0
-36.9686,142.3874,362.3,1.6,1.2,2014-01-16,0057,Terra,MODIS,100,6.2,312.1,138.4,D,0
-35.8203,140.9708,448.3,1.3,1.1,2014-01-16,0057,Terra,MODIS,100,6.2,343.9,942.1,D,0
-35.6662,142.0697,350.8,1.4,1.2,2014-01-16,0057,Terra,MODIS,93,6.2,314.9,70.1,D,0
-35.7685,141.0438,352,1.3,1.1,2014-01-16,0057,Terra,MODIS,93,6.2,319.2,57.5,D,0
-35.6537,142.0553,346.8,1.4,1.2,2014-01-16,0057,Terra,MODIS,89,6.2,316.7,53.9,D,0
-35.7309,141.9236,351.6,1.4,1.2,2014-01-16,0057,Terra,MODIS,93,6.2,313.1,66.8,D,0
-35.7293,141.9078,352.1,1.4,1.2,2014-01-16,0057,Terra,MODIS,94,6.2,318.4,65.9,D,0
-35.703,141.9025,339.5,1.4,1.2,2014-01-16,0057,Terra,MODIS,54,6.2,316.6,24.3,D,0
-35.7047,141.9182,365.7,1.4,1.2,2014-01-16,0057,Terra,MODIS,100,6.2,317.3,126.3,D,0
-35.7669,141.0296,347.7,1.3,1.1,2014-01-16,0057,Terra,MODIS,71,6.2,322.3,41.9,D,0
-35.8235,140.9991,439.4,1.3,1.1,2014-01-16,0057,Terra,MODIS,100,6.2,345.2,804.1,D,0
-35.8219,140.985,500,1.3,1.1,2014-01-16,0057,Terra,MODIS,100,6.2,358.6,2253.2,D,0
-34.939,140.3703,369.3,1.2,1.1,2014-01-16,0057,Terra,MODIS,100,6.2,326.5,107.3,D,0
-35.6461,141.9173,360.6,1.4,1.2,2014-01-16,0057,Terra,MODIS,100,6.2,318.4,106.7,D,0
-35.6479,141.933,344.5,1.4,1.2,2014-01-16,0057,Terra,MODIS,53,6.2,321,40.3,D,0
-34.9406,140.3831,345.9,1.2,1.1,2014-01-16,0057,Terra,MODIS,78,6.2,321.1,34.5,D,0
-34.9488,140.3686,364,1.2,1.1,2014-01-16,0057,Terra,MODIS,100,6.2,323.4,85.4,D,0
-35.8127,140.9786,412.3,1.3,1.1,2014-01-16,0057,Terra,MODIS,100,6.2,336.7,433.5,D,0
-35.7064,141.934,346.8,1.4,1.2,2014-01-16,0057,Terra,MODIS,87,6.2,315,52.7,D,0
-35.7261,141.9149,369.1,1.4,1.2,2014-01-16,0057,Terra,MODIS,100,6.2,317.2,145.1,D,0
-35.7278,141.9307,337.1,1.4,1.2,2014-01-16,0057,Terra,MODIS,51,6.2,312.5,23.8,D,0
-35.8144,140.9928,388,1.3,1.1,2014-01-16,0057,Terra,MODIS,100,6.2,331.3,222.9,D,0
-35.6686,141.9882,459.6,1.4,1.2,2014-01-16,0057,Terra,MODIS,100,6.2,334.5,1386.5,D,0
-35.6548,141.9962,357.2,1.4,1.2,2014-01-16,0057,Terra,MODIS,95,6.2,308.9,87.8,D,0
-34.8771,140.7869,339.1,1.2,1.1,2014-01-16,0057,Terra,MODIS,61,6.2,315.1,24.4,D,0
-35.6703,142.0041,418.7,1.4,1.2,2014-01-16,0057,Terra,MODIS,100,6.2,315.5,618.9,D,0
-35.7974,141.0245,370.7,1.3,1.1,2014-01-16,0057,Terra,MODIS,100,6.2,328.6,123.7,D,0
-35.799,141.0387,366.5,1.3,1.1,2014-01-16,0057,Terra,MODIS,100,6.2,323.3,109.5,D,0
-35.8181,141.0435,371,1.3,1.1,2014-01-16,0057,Terra,MODIS,100,6.2,319.4,135.4,D,0
-34.9503,140.3814,357.2,1.2,1.1,2014-01-16,0057,Terra,MODIS,98,6.2,318.6,65.6,D,0
-36.9593,142.4066,345,1.6,1.2,2014-01-16,0057,Terra,MODIS,89,6.2,309.5,65.9,D,0
-34.8777,140.7933,351.2,1.2,1.1,2014-01-16,0057,Terra,MODIS,93,6.2,319,53.9,D,0
-35.6618,142.06,373.7,1.4,1.2,2014-01-16,0057,Terra,MODIS,100,6.2,316.8,179.1,D,0
-35.6635,142.076,348.8,1.4,1.2,2014-01-16,0057,Terra,MODIS,91,6.2,317.3,60.6,D,0
-34.9666,140.3524,370,1.2,1.1,2014-01-16,0057,Terra,MODIS,100,6.2,324.9,108,D,0
-34.9682,140.3652,380,1.2,1.1,2014-01-16,0057,Terra,MODIS,100,6.2,320.9,157.4,D,0
-35.2546,142.3771,345.5,1.5,1.2,2014-01-16,0057,Terra,MODIS,82,6.2,310.7,58.6,D,0
-35.2529,142.3606,387.9,1.5,1.2,2014-01-16,0057,Terra,MODIS,100,6.2,316.7,299.7,D,0
-35.6085,141.9711,343.7,1.4,1.2,2014-01-16,0057,Terra,MODIS,85,6.2,317,43,D,0
-35.6192,141.9695,343.5,1.4,1.2,2014-01-16,0057,Terra,MODIS,54,6.2,320,38,D,0
-35.6209,141.9853,393,1.4,1.2,2014-01-16,0057,Terra,MODIS,100,6.2,323.6,313,D,0
-35.6226,142.0012,348.6,1.4,1.2,2014-01-16,0057,Terra,MODIS,90,6.2,317.9,54.9,D,0
-35.6316,141.9837,389.5,1.4,1.2,2014-01-16,0057,Terra,MODIS,100,6.2,322.7,281.4,D,0
-35.6333,141.9995,432.9,1.4,1.2,2014-01-16,0057,Terra,MODIS,100,6.2,331,821.8,D,0
-35.2512,142.3443,339.5,1.5,1.2,2014-01-16,0057,Terra,MODIS,39,6.2,313.1,41,D,0
-35.2479,142.3116,350.7,1.5,1.2,2014-01-16,0057,Terra,MODIS,83,6.2,310.4,77.3,D,0
-35.8165,141.0292,396.2,1.3,1.1,2014-01-16,0057,Terra,MODIS,100,6.2,329.6,297.7,D,0
-35.242,142.3622,381.6,1.5,1.2,2014-01-16,0057,Terra,MODIS,100,6.2,321.5,245.7,D,0
-35.2403,142.3459,352.1,1.5,1.2,2014-01-16,0057,Terra,MODIS,94,6.2,319.1,80.2,D,0
-35.821,141.0495,333.4,1.3,1.1,2014-01-16,0057,Terra,MODIS,58,6.2,315.7,12.3,D,0
-35.237,142.3133,380.6,1.5,1.2,2014-01-16,0057,Terra,MODIS,100,6.2,320.9,233.8,D,0
-35.2353,142.297,416.4,1.5,1.2,2014-01-16,0057,Terra,MODIS,100,6.2,327.5,602.3,D,0
-35.2337,142.2807,442,1.5,1.2,2014-01-16,0057,Terra,MODIS,100,6.2,332.6,1031.1,D,0
-35.232,142.2646,370.7,1.5,1.2,2014-01-16,0057,Terra,MODIS,100,6.2,320.2,162.3,D,0
-35.2278,142.3313,347.7,1.5,1.2,2014-01-16,0057,Terra,MODIS,89,6.2,319.7,58.3,D,0
-35.2261,142.315,352,1.5,1.2,2014-01-16,0057,Terra,MODIS,81,6.2,320.7,68,D,0
-35.2245,142.2987,343.8,1.5,1.2,2014-01-16,0057,Terra,MODIS,73,6.2,320.8,41.9,D,0
-35.2228,142.2824,339.7,1.5,1.2,2014-01-16,0057,Terra,MODIS,64,6.2,320.3,28.8,D,0
-35.2406,142.3691,347.5,1.5,1.2,2014-01-16,0057,Terra,MODIS,89,6.2,317.6,57,D,0
-35.2388,142.3527,370,1.5,1.2,2014-01-16,0057,Terra,MODIS,100,6.2,321.8,162.7,D,0
-35.2371,142.3365,338.3,1.5,1.2,2014-01-16,0057,Terra,MODIS,66,6.2,318.3,28.7,D,0
-35.6351,142.0154,351.5,1.4,1.2,2014-01-16,0057,Terra,MODIS,93,6.2,315.9,69.3,D,0
-35.6354,141.9189,344,1.4,1.2,2014-01-16,0057,Terra,MODIS,80,6.2,318,44.5,D,0
-35.6406,141.9282,347.7,1.4,1.2,2014-01-16,0057,Terra,MODIS,68,6.2,319.9,50.1,D,0
-35.2353,142.3202,350,1.5,1.2,2014-01-16,0057,Terra,MODIS,92,6.2,319.9,64.2,D,0
-35.2336,142.3039,412.3,1.5,1.2,2014-01-16,0057,Terra,MODIS,100,6.2,328.8,539.8,D,0
-34.9429,140.2396,364.1,1.2,1.1,2014-01-16,0057,Terra,MODIS,100,6.2,323.6,85.7,D,0
-34.9444,140.2523,391.4,1.2,1.1,2014-01-16,0057,Terra,MODIS,100,6.2,329.1,217.1,D,0
-34.9541,140.2505,344.2,1.2,1.1,2014-01-16,0057,Terra,MODIS,79,6.2,318.1,27,D,0
-35.6372,141.9346,353.8,1.4,1.2,2014-01-16,0057,Terra,MODIS,90,6.2,319.4,73.2,D,0
-35.801,140.9662,379.6,1.3,1.1,2014-01-16,0057,Terra,MODIS,100,6.2,329.4,174,D,0
-35.2318,142.2877,434.9,1.5,1.2,2014-01-16,0057,Terra,MODIS,100,6.2,332.9,891.6,D,0
-37.6739,140.4373,327.2,1.3,1.1,2014-01-16,0058,Terra,MODIS,68,6.2,310.7,12.2,D,0
-37.6723,140.4229,327.1,1.3,1.1,2014-01-16,0058,Terra,MODIS,67,6.2,311,12.3,D,0
-42.0991,146.4989,315.7,3.1,1.7,2014-01-16,0059,Terra,MODIS,64,6.2,294.8,49.7,D,0
-21.0722,121.2303,322.5,1.6,1.3,2014-01-16,0232,Terra,MODIS,47,6.2,279.2,20.8,D,0
-22.3611,118.1541,336.1,1.1,1.1,2014-01-16,0232,Terra,MODIS,74,6.2,313.1,18.9,D,0
-22.2601,117.2291,337.3,1,1,2014-01-16,0232,Terra,MODIS,76,6.2,317.9,18.2,D,0
-22.3691,118.1419,357.7,1.1,1.1,2014-01-16,0232,Terra,MODIS,98,6.2,315.8,67.9,D,0
-22.3706,118.1528,343.6,1.1,1.1,2014-01-16,0232,Terra,MODIS,85,6.2,314.7,32.6,D,0
-22.3742,118.1464,349.4,1.1,1.1,2014-01-16,0232,Terra,MODIS,91,6.2,316.7,47.9,D,0
-22.3837,118.145,333.2,1.1,1.1,2014-01-16,0232,Terra,MODIS,60,6.2,313.6,16.1,D,0
-22.6103,115.2678,331.8,1,1,2014-01-16,0232,Terra,MODIS,55,6.2,309.3,10.1,D,0
-22.3479,118.057,331.7,1.1,1.1,2014-01-16,0232,Terra,MODIS,37,6.2,313.8,13.1,D,0
-22.6194,115.2663,333.2,1,1,2014-01-16,0232,Terra,MODIS,58,6.2,309.3,12.7,D,0
-22.6208,115.2761,347.7,1,1,2014-01-16,0232,Terra,MODIS,90,6.2,313.4,37,D,0
-22.3596,118.1433,351,1.1,1.1,2014-01-16,0232,Terra,MODIS,93,6.2,313.2,49.7,D,0
-20.9467,116.8409,345.9,1,1,2014-01-16,0232,Terra,MODIS,89,6.2,308.8,33.4,D,0
-20.9481,116.8506,342.2,1,1,2014-01-16,0232,Terra,MODIS,85,6.2,310.5,26.6,D,0
-27.2965,122.7821,332.4,2.5,1.5,2014-01-16,0233,Terra,MODIS,61,6.2,304.1,51.5,D,0
-27.2803,122.7578,344.2,2.5,1.5,2014-01-16,0233,Terra,MODIS,88,6.2,305.8,128.6,D,0
-27.2826,122.7837,354.1,2.5,1.5,2014-01-16,0233,Terra,MODIS,96,6.2,307.3,203.6,D,0
-28.5269,122.0047,331.4,2.3,1.5,2014-01-16,0234,Terra,MODIS,23,6.2,311.7,30.6,D,0
-28.4335,122.3747,329.7,2.5,1.5,2014-01-16,0234,Terra,MODIS,64,6.2,308.5,32.1,D,0
-30.4528,123.4292,374.5,3.1,1.7,2014-01-16,0234,Terra,MODIS,100,6.2,306.1,604.6,D,0
-30.4553,123.4616,327.8,3.1,1.7,2014-01-16,0234,Terra,MODIS,71,6.2,303.1,61.5,D,0
-30.4679,123.4276,352.2,3.1,1.7,2014-01-16,0234,Terra,MODIS,95,6.2,305.8,271.3,D,0
-30.4505,123.4227,364.7,3.1,1.7,2014-01-16,0234,Terra,MODIS,100,6.2,305.1,439.7,D,0
-30.4527,123.455,338,3.1,1.7,2014-01-16,0234,Terra,MODIS,85,6.2,303.3,135.5,D,0
-30.4656,123.421,351.4,3.1,1.7,2014-01-16,0234,Terra,MODIS,95,6.2,305.7,263.4,D,0
-30.4679,123.4534,329.2,3.1,1.7,2014-01-16,0234,Terra,MODIS,74,6.2,303.9,70.7,D,0
-28.5076,121.8937,331.2,2.3,1.5,2014-01-16,0234,Terra,MODIS,56,6.2,310.8,35.1,D,0
-31.4248,120.6232,374.9,2,1.4,2014-01-16,0235,Terra,MODIS,100,6.2,312,337,D,0
-31.4267,120.6451,336.8,2,1.4,2014-01-16,0235,Terra,MODIS,84,6.2,309.8,68,D,0
-31.9898,115.9476,323.3,1.1,1.1,2014-01-16,0235,Terra,MODIS,44,6.2,299.3,11.7,D,0
-42.1029,146.476,323.9,3.3,1.7,2014-01-16,0332,Aqua,MODIS,77,6.2,297.4,87.9,D,0
-42.101,146.5177,318.6,3.3,1.7,2014-01-16,0332,Aqua,MODIS,70,6.2,296.5,58.2,D,0
-42.097,146.4839,324.7,3.3,1.7,2014-01-16,0332,Aqua,MODIS,78,6.2,296.7,93,D,0
-42.0953,146.5264,311.4,3.3,1.7,2014-01-16,0332,Aqua,MODIS,43,6.2,296.1,23.5,D,0
-36.7919,148.983,332.3,2.1,1.4,2014-01-16,0334,Aqua,MODIS,68,6.2,311.1,52.6,D,0
-32.615,150.7637,327,1.4,1.2,2014-01-16,0335,Aqua,MODIS,63,6.2,305.6,25,D,0
-32.7039,150.6741,341.9,1.4,1.2,2014-01-16,0335,Aqua,MODIS,87,6.2,307,59.8,D,0
-32.6852,150.7486,341.5,1.4,1.2,2014-01-16,0335,Aqua,MODIS,86,6.2,308.4,54.6,D,0
-32.6884,150.7183,330.4,1.4,1.2,2014-01-16,0335,Aqua,MODIS,36,6.2,306.9,26.8,D,0
-32.6372,150.8594,328.3,1.4,1.2,2014-01-16,0335,Aqua,MODIS,62,6.2,306.2,26.1,D,0
-32.6478,150.861,329.3,1.4,1.2,2014-01-16,0335,Aqua,MODIS,44,6.2,307.2,27.2,D,0
-32.6601,150.8479,336.7,1.4,1.2,2014-01-16,0335,Aqua,MODIS,81,6.2,307.6,44.1,D,0
-32.6584,150.8629,329.4,1.4,1.2,2014-01-16,0335,Aqua,MODIS,55,6.2,307.5,27.7,D,0
-32.6665,150.8229,327.5,1.4,1.2,2014-01-16,0335,Aqua,MODIS,25,6.2,306.5,20.1,D,0
-32.7305,150.6301,330.6,1.5,1.2,2014-01-16,0335,Aqua,MODIS,54,6.2,307.8,27.7,D,0
-33.1988,150.502,359.5,1.5,1.2,2014-01-16,0335,Aqua,MODIS,99,6.2,313.2,131.4,D,0
-33.1971,150.5181,394.8,1.5,1.2,2014-01-16,0335,Aqua,MODIS,100,6.2,318.2,382.9,D,0
-32.6842,150.7278,329.4,1.4,1.2,2014-01-16,0335,Aqua,MODIS,40,6.2,306.8,26.7,D,0
-32.7289,150.6453,333.2,1.5,1.2,2014-01-16,0335,Aqua,MODIS,70,6.2,307.8,33.5,D,0
-32.7148,150.6753,332.5,1.4,1.2,2014-01-16,0335,Aqua,MODIS,54,6.2,307.5,32,D,0
-32.6959,150.7499,325.4,1.4,1.2,2014-01-16,0335,Aqua,MODIS,22,6.2,307.5,16.3,D,0
-32.6976,150.7346,344.4,1.4,1.2,2014-01-16,0335,Aqua,MODIS,89,6.2,310.1,64.1,D,0
-32.7397,150.6471,330,1.5,1.2,2014-01-16,0335,Aqua,MODIS,55,6.2,309.1,26.4,D,0
-32.624,150.7808,326.9,1.4,1.2,2014-01-16,0335,Aqua,MODIS,46,6.2,305.3,23.6,D,0
-32.6133,150.7793,324.5,1.4,1.2,2014-01-16,0335,Aqua,MODIS,51,6.2,305,20.9,D,0
-32.682,150.7787,331.2,1.4,1.2,2014-01-16,0335,Aqua,MODIS,73,6.2,307.6,28.5,D,0
-32.6836,150.7636,351.1,1.4,1.2,2014-01-16,0335,Aqua,MODIS,94,6.2,308.9,85.4,D,0
-32.6809,150.7579,351,1.4,1.2,2014-01-16,0335,Aqua,MODIS,94,6.2,309.2,84.8,D,0
-32.6544,150.8007,329.7,1.4,1.2,2014-01-16,0335,Aqua,MODIS,6,6.2,305.5,24.5,D,0
-33.0618,150.6214,328.2,1.5,1.2,2014-01-16,0335,Aqua,MODIS,67,6.2,314.1,17.9,D,0
-32.7007,150.7044,342.8,1.4,1.2,2014-01-16,0335,Aqua,MODIS,88,6.2,309.6,60.4,D,0
-33.0604,150.6159,328.2,1.5,1.2,2014-01-16,0335,Aqua,MODIS,59,6.2,314,16.6,D,0
-33.1546,150.3718,327.3,1.5,1.2,2014-01-16,0335,Aqua,MODIS,62,6.2,311.5,24.3,D,0
-33.1603,150.4235,324.5,1.5,1.2,2014-01-16,0335,Aqua,MODIS,46,6.2,309.2,18.8,D,0
-28.7096,147.1436,338.5,2.2,1.4,2014-01-16,0336,Aqua,MODIS,77,6.2,317.9,47.9,D,0
-27.9722,150.9769,342.9,1.2,1.1,2014-01-16,0336,Aqua,MODIS,86,6.2,312,43.6,D,0
-27.9822,150.9785,340.5,1.2,1.1,2014-01-16,0336,Aqua,MODIS,84,6.2,311.1,39.6,D,0
-30.1007,152.5118,338.8,1.1,1,2014-01-16,0336,Aqua,MODIS,85,6.2,302.6,39.8,D,0
-28.7335,147.169,337.4,2.2,1.4,2014-01-16,0336,Aqua,MODIS,75,6.2,316.5,46,D,0
-30.0974,152.5056,323,1.1,1,2014-01-16,0336,Aqua,MODIS,58,6.2,302.2,16.4,D,0
-28.7356,147.1466,375.4,2.2,1.4,2014-01-16,0336,Aqua,MODIS,100,6.2,319.5,345.2,D,0
-28.7226,147.1451,344,2.2,1.4,2014-01-16,0336,Aqua,MODIS,85,6.2,318,78.7,D,0
-29.3692,148.774,346.8,1.7,1.3,2014-01-16,0336,Aqua,MODIS,89,6.2,320.8,58.4,D,0
-29.2001,146.3785,333.7,2.5,1.5,2014-01-16,0336,Aqua,MODIS,60,6.2,315.3,35.4,D,0
-27.9806,150.9909,337.8,1.2,1.1,2014-01-16,0336,Aqua,MODIS,80,6.2,311.9,33.1,D,0
-27.9707,150.9894,337,1.2,1.1,2014-01-16,0336,Aqua,MODIS,79,6.2,310.4,29.9,D,0
-23.7052,147.1191,328,1.9,1.3,2014-01-16,0337,Aqua,MODIS,67,6.2,306.7,27.2,D,0
-23.7032,147.1381,340.6,1.9,1.3,2014-01-16,0337,Aqua,MODIS,88,6.2,309,71.6,D,0
-23.7106,147.1316,337.9,1.9,1.3,2014-01-16,0337,Aqua,MODIS,86,6.2,308,60.4,D,0
-23.3726,149.8084,344.8,1.2,1.1,2014-01-16,0337,Aqua,MODIS,92,6.2,299,66.5,D,0
-23.3711,149.8206,334.3,1.2,1.1,2014-01-16,0337,Aqua,MODIS,85,6.2,299.2,40,D,0
-23.3742,149.7962,320.2,1.2,1.1,2014-01-16,0337,Aqua,MODIS,29,6.2,293.1,20.8,D,0
-23.3441,149.7919,316.3,1.2,1.1,2014-01-16,0337,Aqua,MODIS,22,6.2,284.3,16.6,D,0
-23.9662,147.2241,379.1,1.9,1.3,2014-01-16,0337,Aqua,MODIS,100,6.2,312.3,321.6,D,0
-23.962,147.219,355.8,1.9,1.3,2014-01-16,0337,Aqua,MODIS,97,6.2,310,138.7,D,0
-27.1229,148.0173,332.5,1.8,1.3,2014-01-16,0337,Aqua,MODIS,68,6.2,314.8,28.4,D,0
-23.8541,146.4068,345.1,2.1,1.4,2014-01-16,0337,Aqua,MODIS,90,6.2,309.3,110.6,D,0
-23.9643,147.2422,383.8,1.9,1.3,2014-01-16,0337,Aqua,MODIS,100,6.2,317.5,367.6,D,0
-23.9721,147.2382,334.1,1.9,1.3,2014-01-16,0337,Aqua,MODIS,70,6.2,310.3,33.3,D,0
-23.96,147.2373,391.7,1.9,1.3,2014-01-16,0337,Aqua,MODIS,100,6.2,318,463.5,D,0
-23.9522,147.2411,334.8,1.9,1.3,2014-01-16,0337,Aqua,MODIS,52,6.2,312.6,38.1,D,0
-23.9479,147.2361,332.5,1.9,1.3,2014-01-16,0337,Aqua,MODIS,30,6.2,311.3,31.8,D,0
-24.0225,146.6676,327.5,2,1.4,2014-01-16,0337,Aqua,MODIS,46,6.2,309.6,18.7,D,0
-24.012,146.6452,339.9,2.1,1.4,2014-01-16,0337,Aqua,MODIS,85,6.2,312.7,69.6,D,0
-24.0117,146.6404,335.9,2.1,1.4,2014-01-16,0337,Aqua,MODIS,81,6.2,313.2,52.7,D,0
-23.9991,146.6388,351.8,2.1,1.4,2014-01-16,0337,Aqua,MODIS,95,6.2,313.3,138.8,D,0
-24.6049,148.995,325.9,1.4,1.2,2014-01-16,0337,Aqua,MODIS,55,6.2,297.6,28,D,0
-24.5942,148.9934,325.1,1.4,1.2,2014-01-16,0337,Aqua,MODIS,31,6.2,303.4,25,D,0
-26.3097,149.4196,332.8,1.4,1.2,2014-01-16,0337,Aqua,MODIS,57,6.2,306.1,34.4,D,0
-25.1077,152.5125,324.3,1,1,2014-01-16,0337,Aqua,MODIS,45,6.2,303.9,8.3,D,0
-25.0972,152.5211,325.9,1,1,2014-01-16,0337,Aqua,MODIS,34,6.2,306.2,10.8,D,0
-25.1063,152.5226,341,1,1,2014-01-16,0337,Aqua,MODIS,89,6.2,304.9,32.2,D,0
-23.0227,150.4055,331.9,1.2,1.1,2014-01-16,0338,Aqua,MODIS,80,6.2,308.9,24.2,D,0
-21.5926,148.5974,324.6,1.4,1.2,2014-01-16,0338,Aqua,MODIS,63,6.2,301,17.6,D,0
-42.0978,146.5205,337.2,3.7,1.8,2014-01-16,0510,Aqua,MODIS,88,6.2,297.9,214.6,D,0
-42.1069,146.5177,314.5,3.7,1.8,2014-01-16,0510,Aqua,MODIS,53,6.2,298,42.1,D,0
-42.1091,146.479,342.5,3.7,1.8,2014-01-16,0510,Aqua,MODIS,91,6.2,299.4,270.1,D,0
-38.139,146.1945,347.7,4.6,2,2014-01-16,0511,Aqua,MODIS,94,6.2,301.9,427.2,D,0
-38.1422,146.1921,343,4.6,2,2014-01-16,0511,Aqua,MODIS,92,6.2,302.5,339.8,D,0
-35.751,140.6405,361.6,2.5,1.5,2014-01-16,0512,Aqua,MODIS,84,6.2,314.7,270.3,D,0
-35.729,141.9593,329.6,3.1,1.7,2014-01-16,0512,Aqua,MODIS,57,6.2,308.1,47.9,D,0
-35.7369,141.9261,340.3,3,1.7,2014-01-16,0512,Aqua,MODIS,82,6.2,308.3,129.9,D,0
-35.7224,141.9207,337.1,3,1.7,2014-01-16,0512,Aqua,MODIS,78,6.2,310.1,103.5,D,0
-35.7078,141.9154,350.8,3,1.7,2014-01-16,0512,Aqua,MODIS,93,6.2,310.8,231.1,D,0
-35.8554,140.9263,402.9,2.6,1.6,2014-01-16,0512,Aqua,MODIS,100,6.2,327.4,982.9,D,0
-35.8353,140.9499,402.9,2.6,1.6,2014-01-16,0512,Aqua,MODIS,100,6.2,327.9,981,D,0
-36.9804,142.3648,383.1,3,1.6,2014-01-16,0512,Aqua,MODIS,94,6.2,298.3,726.7,D,0
-36.9732,142.3949,397.1,3,1.7,2014-01-16,0512,Aqua,MODIS,75,6.2,294.4,1083,D,0
-36.9951,142.369,354.8,3,1.6,2014-01-16,0512,Aqua,MODIS,84,6.2,292.1,275.1,D,0
-36.9778,142.368,385.5,3,1.6,2014-01-16,0512,Aqua,MODIS,94,6.2,296.8,780.2,D,0
-36.9706,142.3977,381,3,1.7,2014-01-16,0512,Aqua,MODIS,0,6.2,292.1,693.2,D,0
-36.9925,142.3725,380.6,3,1.6,2014-01-16,0512,Aqua,MODIS,87,6.2,292.7,680.4,D,0
-35.2419,142.2319,342,3.3,1.7,2014-01-16,0512,Aqua,MODIS,83,6.2,317.8,107.1,D,0
-35.6692,142.0099,378.4,3.1,1.7,2014-01-16,0512,Aqua,MODIS,100,6.2,313.6,646,D,0
-35.6773,141.9765,367.5,3.1,1.7,2014-01-16,0512,Aqua,MODIS,100,6.2,314.5,443.9,D,0
-35.6932,141.9102,334.3,3,1.7,2014-01-16,0512,Aqua,MODIS,45,6.2,308,82.1,D,0
-35.6545,142.0045,360.8,3.1,1.7,2014-01-16,0512,Aqua,MODIS,100,6.2,311.8,346.3,D,0
-35.6843,140.677,363.7,2.6,1.5,2014-01-16,0512,Aqua,MODIS,100,6.2,322.6,286.4,D,0
-35.6779,140.7048,426.2,2.6,1.5,2014-01-16,0512,Aqua,MODIS,100,6.2,327.1,1694.5,D,0
-35.6715,140.7327,352.6,2.6,1.5,2014-01-16,0512,Aqua,MODIS,82,6.2,316,181,D,0
-35.2467,142.35,348.9,3.3,1.7,2014-01-16,0512,Aqua,MODIS,91,6.2,319.1,187.5,D,0
-35.6978,140.6816,413.9,2.6,1.5,2014-01-16,0512,Aqua,MODIS,94,6.2,322.7,1284,D,0
-35.6915,140.7094,392.9,2.6,1.5,2014-01-16,0512,Aqua,MODIS,94,6.2,307.7,770.6,D,0
-35.8592,141.0565,391.6,2.7,1.6,2014-01-16,0512,Aqua,MODIS,100,6.2,317.1,748,D,0
-35.7498,140.581,347.3,2.5,1.5,2014-01-16,0512,Aqua,MODIS,81,6.2,324.3,104.9,D,0
-35.2552,142.3141,372.2,3.3,1.7,2014-01-16,0512,Aqua,MODIS,100,6.2,324.9,549,D,0
-35.2636,142.2784,375.4,3.3,1.7,2014-01-16,0512,Aqua,MODIS,100,6.2,319.1,622.6,D,0
-35.2316,142.3445,336.7,3.3,1.7,2014-01-16,0512,Aqua,MODIS,65,6.2,316.7,55.8,D,0
-35.2401,142.3086,355.9,3.3,1.7,2014-01-16,0512,Aqua,MODIS,97,6.2,320.7,268.1,D,0
-35.2486,142.2729,366.4,3.3,1.7,2014-01-16,0512,Aqua,MODIS,100,6.2,321.1,430.8,D,0
-35.257,142.2374,356.5,3.3,1.7,2014-01-16,0512,Aqua,MODIS,97,6.2,317.9,284.5,D,0
-35.225,142.3031,341.2,3.3,1.7,2014-01-16,0512,Aqua,MODIS,71,6.2,317.7,88.2,D,0
-35.2335,142.2674,360.8,3.3,1.7,2014-01-16,0512,Aqua,MODIS,100,6.2,320.6,334.9,D,0
-35.7694,140.5584,346.5,2.5,1.5,2014-01-16,0512,Aqua,MODIS,80,6.2,320.7,96.8,D,0
-35.6626,141.9712,350.8,3.1,1.7,2014-01-16,0512,Aqua,MODIS,93,6.2,311.7,216,D,0
-35.642,141.9922,346.8,3.1,1.7,2014-01-16,0512,Aqua,MODIS,82,6.2,309.2,200.9,D,0
-35.6802,141.8977,341.9,3,1.7,2014-01-16,0512,Aqua,MODIS,76,6.2,306.1,157.3,D,0
-35.6786,141.9049,346.9,3,1.7,2014-01-16,0512,Aqua,MODIS,88,6.2,307.6,190.2,D,0
-35.7633,140.5856,366.8,2.5,1.5,2014-01-16,0512,Aqua,MODIS,100,6.2,324.6,289.8,D,0
-35.924,140.9933,415.8,2.6,1.6,2014-01-16,0512,Aqua,MODIS,100,6.2,329.6,1407.3,D,0
-35.9305,140.9647,445.4,2.6,1.6,2014-01-16,0512,Aqua,MODIS,100,6.2,329.6,2598.1,D,0
-35.9371,140.9362,369.2,2.6,1.6,2014-01-16,0512,Aqua,MODIS,100,6.2,305.7,394.3,D,0
-35.7162,141.9469,329.7,3.1,1.7,2014-01-16,0512,Aqua,MODIS,51,6.2,309.6,48.2,D,0
-35.7239,141.9136,328.2,3,1.7,2014-01-16,0512,Aqua,MODIS,19,6.2,309.5,46.4,D,0
-35.7093,141.9082,347.2,3,1.7,2014-01-16,0512,Aqua,MODIS,90,6.2,310.4,193.7,D,0
-35.6714,142.0029,385.4,3.1,1.7,2014-01-16,0512,Aqua,MODIS,100,6.2,313.9,803.6,D,0
-35.6792,141.9694,346.4,3.1,1.7,2014-01-16,0512,Aqua,MODIS,89,6.2,313.2,170.2,D,0
-35.6947,141.903,334.4,3,1.7,2014-01-16,0512,Aqua,MODIS,33,6.2,307.3,86.8,D,0
-35.6646,141.9641,337.8,3.1,1.7,2014-01-16,0512,Aqua,MODIS,61,6.2,311.4,105,D,0
-35.6567,141.9975,369.7,3.1,1.7,2014-01-16,0512,Aqua,MODIS,100,6.2,312.7,493.3,D,0
-35.801,141.8475,328.3,3,1.6,2014-01-16,0512,Aqua,MODIS,40,6.2,306.6,57.8,D,0
-35.7866,141.8422,359,3,1.6,2014-01-16,0512,Aqua,MODIS,99,6.2,311.8,334.4,D,0
-35.7943,141.8097,333.7,3,1.6,2014-01-16,0512,Aqua,MODIS,66,6.2,308.1,91,D,0
-35.7892,141.8381,363.6,3,1.6,2014-01-16,0512,Aqua,MODIS,100,6.2,312.3,400.4,D,0
-35.7525,141.8602,336,3,1.7,2014-01-16,0512,Aqua,MODIS,68,6.2,308.1,103.2,D,0
-35.8417,140.9214,396.9,2.6,1.6,2014-01-16,0512,Aqua,MODIS,100,6.2,328.4,836.3,D,0
-35.8215,140.9451,380.9,2.6,1.6,2014-01-16,0512,Aqua,MODIS,100,6.2,324.9,521,D,0
-35.9055,140.9176,339,2.6,1.6,2014-01-16,0512,Aqua,MODIS,60,6.2,310.3,69,D,0
-35.8991,140.9461,369,2.6,1.6,2014-01-16,0512,Aqua,MODIS,100,6.2,314.8,342.3,D,0
-35.9192,140.9223,391.2,2.6,1.6,2014-01-16,0512,Aqua,MODIS,100,6.2,316.9,742.7,D,0
-35.9128,140.9509,389.6,2.6,1.6,2014-01-16,0512,Aqua,MODIS,100,6.2,321.5,698.9,D,0
-35.9064,140.9796,356.5,2.6,1.6,2014-01-16,0512,Aqua,MODIS,95,6.2,322.1,219.5,D,0
-35.8999,141.0083,346.4,2.7,1.6,2014-01-16,0512,Aqua,MODIS,56,6.2,322.4,115.4,D,0
-35.9329,140.9272,408.6,2.6,1.6,2014-01-16,0512,Aqua,MODIS,100,6.2,314.4,1179.1,D,0
-35.9265,140.9557,465.1,2.6,1.6,2014-01-16,0512,Aqua,MODIS,100,6.2,340.3,3710.7,D,0
-35.9201,140.9843,430,2.6,1.6,2014-01-16,0512,Aqua,MODIS,100,6.2,336,1903.8,D,0
-35.9137,141.0131,358,2.7,1.6,2014-01-16,0512,Aqua,MODIS,77,6.2,319.9,235.9,D,0
-35.9402,140.9605,341,2.6,1.6,2014-01-16,0512,Aqua,MODIS,79,6.2,298,123.3,D,0
-35.9339,140.9892,362.6,2.6,1.6,2014-01-16,0512,Aqua,MODIS,100,6.2,303.7,309.7,D,0
-35.4934,140.4762,367.2,2.5,1.5,2014-01-16,0512,Aqua,MODIS,100,6.2,322.9,308.9,D,0
-35.9097,140.9267,357.4,2.6,1.6,2014-01-16,0512,Aqua,MODIS,98,6.2,310,227.9,D,0
-35.9031,140.9552,358,2.6,1.6,2014-01-16,0512,Aqua,MODIS,82,6.2,314.9,208.1,D,0
-35.5068,140.4808,342.8,2.5,1.5,2014-01-16,0512,Aqua,MODIS,84,6.2,318.8,83.1,D,0
-35.6337,140.6848,337.1,2.6,1.5,2014-01-16,0512,Aqua,MODIS,54,6.2,320.2,49.6,D,0
-35.6274,140.7127,339.6,2.6,1.5,2014-01-16,0512,Aqua,MODIS,73,6.2,320.3,65.8,D,0
-35.9234,140.9314,446.7,2.6,1.6,2014-01-16,0512,Aqua,MODIS,100,6.2,328.5,2642.9,D,0
-35.9168,140.9599,423.4,2.6,1.6,2014-01-16,0512,Aqua,MODIS,100,6.2,331,1638.9,D,0
-35.9102,140.9885,361.6,2.6,1.6,2014-01-16,0512,Aqua,MODIS,70,6.2,324.5,269.1,D,0
-35.849,140.9547,366.2,2.6,1.6,2014-01-16,0512,Aqua,MODIS,100,6.2,312.3,291.8,D,0
-35.8305,140.922,369.6,2.6,1.6,2014-01-16,0512,Aqua,MODIS,100,6.2,322,341.2,D,0
-35.8239,140.9505,385.5,2.6,1.6,2014-01-16,0512,Aqua,MODIS,100,6.2,326.7,588.5,D,0
-35.8442,140.9268,418.9,2.6,1.6,2014-01-16,0512,Aqua,MODIS,100,6.2,331,1452.7,D,0
-35.8377,140.9552,386.9,2.6,1.6,2014-01-16,0512,Aqua,MODIS,100,6.2,323.1,614.5,D,0
-35.8644,140.9033,339,2.6,1.6,2014-01-16,0512,Aqua,MODIS,71,6.2,321.2,58.1,D,0
-35.8579,140.9317,415.7,2.6,1.6,2014-01-16,0512,Aqua,MODIS,100,6.2,324.1,1350.2,D,0
-35.8514,140.96,346.3,2.6,1.6,2014-01-16,0512,Aqua,MODIS,63,6.2,309.3,84.8,D,0
-35.8316,141.0468,360.3,2.7,1.6,2014-01-16,0512,Aqua,MODIS,100,6.2,321.5,239.9,D,0
-35.852,141.0226,367.6,2.7,1.6,2014-01-16,0512,Aqua,MODIS,100,6.2,325.7,326,D,0
-35.8454,141.0517,383.3,2.7,1.6,2014-01-16,0512,Aqua,MODIS,100,6.2,322,581.1,D,0
-35.8658,141.0274,405.1,2.7,1.6,2014-01-16,0512,Aqua,MODIS,100,6.2,327.2,1066.6,D,0
-35.6473,140.6895,345.7,2.6,1.5,2014-01-16,0512,Aqua,MODIS,75,6.2,321.4,103.3,D,0
-35.2891,142.3392,378.9,3.3,1.7,2014-01-16,0512,Aqua,MODIS,87,6.2,300.7,777.8,D,0
-35.2719,142.3672,376,3.3,1.7,2014-01-16,0512,Aqua,MODIS,87,6.2,310.9,665.7,D,0
-35.2805,142.3312,425.7,3.3,1.7,2014-01-16,0512,Aqua,MODIS,94,6.2,319.2,2445.4,D,0
-35.2891,142.2954,388,3.3,1.7,2014-01-16,0512,Aqua,MODIS,100,6.2,308.7,985.8,D,0
-35.2568,142.3616,353.1,3.3,1.7,2014-01-16,0512,Aqua,MODIS,95,6.2,317.3,252.7,D,0
-35.2654,142.3258,395.6,3.3,1.7,2014-01-16,0512,Aqua,MODIS,100,6.2,323,1177.2,D,0
-35.2741,142.29,399.4,3.3,1.7,2014-01-16,0512,Aqua,MODIS,100,6.2,318.2,1306,D,0
-35.2416,142.3561,344.1,3.3,1.7,2014-01-16,0512,Aqua,MODIS,86,6.2,317.7,135.7,D,0
-35.2503,142.3204,377.9,3.3,1.7,2014-01-16,0512,Aqua,MODIS,100,6.2,323.8,684.5,D,0
-35.2589,142.2847,386.5,3.3,1.7,2014-01-16,0512,Aqua,MODIS,100,6.2,321.8,898,D,0
-35.2675,142.2493,346.7,3.3,1.7,2014-01-16,0512,Aqua,MODIS,86,6.2,313,190.1,D,0
-35.641,140.7174,348.2,2.6,1.5,2014-01-16,0512,Aqua,MODIS,88,6.2,320.4,123.6,D,0
-35.6609,140.6942,351.3,2.6,1.5,2014-01-16,0512,Aqua,MODIS,93,6.2,322.2,151.9,D,0
-35.6547,140.7221,347.1,2.6,1.5,2014-01-16,0512,Aqua,MODIS,89,6.2,318.2,117.5,D,0
-35.6808,140.6709,344.4,2.6,1.5,2014-01-16,0512,Aqua,MODIS,86,6.2,321.6,104,D,0
-35.6745,140.6988,408.3,2.6,1.5,2014-01-16,0512,Aqua,MODIS,100,6.2,328.3,1122.2,D,0
-35.6683,140.7268,371.3,2.6,1.5,2014-01-16,0512,Aqua,MODIS,100,6.2,317.8,387.5,D,0
-35.6943,140.6756,372.6,2.6,1.5,2014-01-16,0512,Aqua,MODIS,94,6.2,323,399.5,D,0
-35.2352,142.3149,349.4,3.3,1.7,2014-01-16,0512,Aqua,MODIS,91,6.2,318.9,189.9,D,0
-35.2439,142.2792,361.5,3.3,1.7,2014-01-16,0512,Aqua,MODIS,100,6.2,321,358.6,D,0
-35.2525,142.2438,371.9,3.3,1.7,2014-01-16,0512,Aqua,MODIS,100,6.2,320.1,544.7,D,0
-35.2288,142.2737,352.7,3.3,1.7,2014-01-16,0512,Aqua,MODIS,94,6.2,318.9,222.3,D,0
-35.2374,142.2384,344.1,3.3,1.7,2014-01-16,0512,Aqua,MODIS,86,6.2,317.3,124.9,D,0
-35.6881,140.7035,400.8,2.6,1.5,2014-01-16,0512,Aqua,MODIS,94,6.2,318,936.1,D,0
-35.6819,140.7315,335.3,2.6,1.5,2014-01-16,0512,Aqua,MODIS,32,6.2,310.2,54.9,D,0
-35.7079,140.6803,386.4,2.6,1.5,2014-01-16,0512,Aqua,MODIS,87,6.2,305.7,631.5,D,0
-35.8351,140.5596,347.5,2.5,1.5,2014-01-16,0512,Aqua,MODIS,90,6.2,318,118.8,D,0
-35.8498,140.6233,365.1,2.5,1.5,2014-01-16,0512,Aqua,MODIS,100,6.2,305.2,333.4,D,0
-35.8559,140.596,404.4,2.5,1.5,2014-01-16,0512,Aqua,MODIS,100,6.2,318.2,1008.1,D,0
-35.862,140.5688,379.9,2.5,1.5,2014-01-16,0512,Aqua,MODIS,100,6.2,317.3,509.1,D,0
-35.8301,140.646,332.7,2.5,1.5,2014-01-16,0512,Aqua,MODIS,68,6.2,301.4,68.8,D,0
-35.8363,140.6187,432.7,2.5,1.5,2014-01-16,0512,Aqua,MODIS,100,6.2,319.4,1914.5,D,0
-35.8424,140.5914,406.6,2.5,1.5,2014-01-16,0512,Aqua,MODIS,100,6.2,322.2,1051.3,D,0
-35.7768,140.5902,358.4,2.5,1.5,2014-01-16,0512,Aqua,MODIS,98,6.2,321.6,202.8,D,0
-35.7829,140.5631,352.4,2.5,1.5,2014-01-16,0512,Aqua,MODIS,94,6.2,320.6,147,D,0
-35.8486,140.5642,363.5,2.5,1.5,2014-01-16,0512,Aqua,MODIS,100,6.2,316.9,280.5,D,0
-35.8166,140.6414,378.3,2.5,1.5,2014-01-16,0512,Aqua,MODIS,100,6.2,307.5,514.4,D,0
-35.8228,140.614,453,2.5,1.5,2014-01-16,0512,Aqua,MODIS,100,6.2,331.2,2816.6,D,0
-35.829,140.5868,376.4,2.5,1.5,2014-01-16,0512,Aqua,MODIS,100,6.2,321.4,451.8,D,0
-35.8031,140.6367,384.4,2.5,1.5,2014-01-16,0512,Aqua,MODIS,100,6.2,312.8,613.9,D,0
-35.8093,140.6094,388.4,2.5,1.5,2014-01-16,0512,Aqua,MODIS,100,6.2,321.3,658.8,D,0
-35.8155,140.5822,385.7,2.5,1.5,2014-01-16,0512,Aqua,MODIS,100,6.2,320.9,593.8,D,0
-35.8217,140.555,351.8,2.5,1.5,2014-01-16,0512,Aqua,MODIS,94,6.2,319.6,150.5,D,0
-35.7896,140.6321,362.1,2.5,1.5,2014-01-16,0512,Aqua,MODIS,100,6.2,313.3,306.3,D,0
-35.7959,140.6047,347.9,2.5,1.5,2014-01-16,0512,Aqua,MODIS,70,6.2,317.6,144.9,D,0
-35.8021,140.5776,384.4,2.5,1.5,2014-01-16,0512,Aqua,MODIS,100,6.2,321.4,570.6,D,0
-35.8082,140.5505,338.5,2.5,1.5,2014-01-16,0512,Aqua,MODIS,80,6.2,319.5,57.5,D,0
-35.8247,140.6363,382.1,2.5,1.5,2014-01-16,0512,Aqua,MODIS,100,6.2,307.2,573,D,0
-35.8307,140.6089,428.4,2.5,1.5,2014-01-16,0512,Aqua,MODIS,100,6.2,330.7,1728.9,D,0
-35.8367,140.5816,361,2.5,1.5,2014-01-16,0512,Aqua,MODIS,100,6.2,320.2,255.6,D,0
-35.8112,140.6316,407.2,2.5,1.5,2014-01-16,0512,Aqua,MODIS,100,6.2,315.5,1103.1,D,0
-35.8172,140.6042,403.4,2.5,1.5,2014-01-16,0512,Aqua,MODIS,100,6.2,324.6,969.9,D,0
-35.8232,140.5769,386.6,2.5,1.5,2014-01-16,0512,Aqua,MODIS,100,6.2,321.9,596,D,0
-35.7977,140.6269,392.8,2.5,1.5,2014-01-16,0512,Aqua,MODIS,100,6.2,317.7,752,D,0
-35.8037,140.5996,358.1,2.5,1.5,2014-01-16,0512,Aqua,MODIS,98,6.2,317.9,221.5,D,0
-35.8097,140.5724,387.5,2.5,1.5,2014-01-16,0512,Aqua,MODIS,100,6.2,321.5,609,D,0
-35.7842,140.6222,356.8,2.5,1.5,2014-01-16,0512,Aqua,MODIS,85,6.2,315.9,223.2,D,0
-35.7903,140.5948,360.3,2.5,1.5,2014-01-16,0512,Aqua,MODIS,100,6.2,319.3,234,D,0
-35.7963,140.5677,376.3,2.5,1.5,2014-01-16,0512,Aqua,MODIS,100,6.2,322.7,422.5,D,0
-35.8694,140.6006,390.1,2.5,1.5,2014-01-16,0512,Aqua,MODIS,100,6.2,308.9,706.3,D,0
-35.8754,140.5735,380.7,2.5,1.5,2014-01-16,0512,Aqua,MODIS,100,6.2,312.3,531.8,D,0
-34.9921,140.2695,361.4,2.5,1.5,2014-01-16,0513,Aqua,MODIS,100,6.2,321.1,236.8,D,0
-34.986,140.2966,350.5,2.5,1.5,2014-01-16,0513,Aqua,MODIS,73,6.2,323.2,115.9,D,0
-34.9799,140.3239,351.6,2.5,1.5,2014-01-16,0513,Aqua,MODIS,93,6.2,324,129,D,0
-35.0175,140.22,345,2.5,1.5,2014-01-16,0513,Aqua,MODIS,73,6.2,315.8,106.6,D,0
-34.9981,140.2425,418.4,2.5,1.5,2014-01-16,0513,Aqua,MODIS,100,6.2,329.9,1358.1,D,0
-35.0115,140.2471,379.7,2.5,1.5,2014-01-16,0513,Aqua,MODIS,100,6.2,318.2,496.7,D,0
-35.0055,140.2741,379.5,2.5,1.5,2014-01-16,0513,Aqua,MODIS,100,6.2,312.8,490.4,D,0
-35.0536,140.3194,340,2.5,1.5,2014-01-16,0513,Aqua,MODIS,57,6.2,283.7,94.4,D,0
-35.0576,140.3252,373.9,2.5,1.5,2014-01-16,0513,Aqua,MODIS,94,6.2,303.7,442.4,D,0
-35.0711,140.3297,337.7,2.5,1.5,2014-01-16,0513,Aqua,MODIS,55,6.2,310.3,94,D,0
-34.9577,140.2291,346.2,2.5,1.5,2014-01-16,0513,Aqua,MODIS,88,6.2,322.7,95.7,D,0
-35.0041,140.2156,350.9,2.5,1.5,2014-01-16,0513,Aqua,MODIS,93,6.2,318.7,139.5,D,0
-34.9786,140.2651,346.8,2.5,1.5,2014-01-16,0513,Aqua,MODIS,89,6.2,317.3,91.3,D,0
-35.0145,140.365,346.1,2.5,1.5,2014-01-16,0513,Aqua,MODIS,48,6.2,319.5,111.1,D,0
-35.0182,140.3708,344.9,2.5,1.5,2014-01-16,0513,Aqua,MODIS,52,6.2,318.3,106.5,D,0
-34.9319,140.2786,343.8,2.5,1.5,2014-01-16,0513,Aqua,MODIS,62,6.2,321.2,65.8,D,0
-34.9381,140.2516,343.2,2.5,1.5,2014-01-16,0513,Aqua,MODIS,26,6.2,320.6,60.2,D,0
-34.9442,140.2247,353.7,2.5,1.5,2014-01-16,0513,Aqua,MODIS,95,6.2,322,153.3,D,0
-34.9729,140.2558,345.9,2.5,1.5,2014-01-16,0513,Aqua,MODIS,82,6.2,315.5,84.7,D,0
-34.6419,141.8606,346.8,3.2,1.7,2014-01-16,0513,Aqua,MODIS,89,6.2,319.3,163.5,D,0
-34.6569,141.8659,355,3.2,1.7,2014-01-16,0513,Aqua,MODIS,96,6.2,318,264.4,D,0
-34.6487,141.9006,344.1,3.2,1.7,2014-01-16,0513,Aqua,MODIS,85,6.2,318.5,138.3,D,0
-34.9459,140.2467,348.9,2.5,1.5,2014-01-16,0513,Aqua,MODIS,88,6.2,321.7,111.5,D,0
-34.6431,141.9031,346,3.2,1.7,2014-01-16,0513,Aqua,MODIS,88,6.2,319.2,158.4,D,0
-34.9518,140.2197,351.1,2.5,1.5,2014-01-16,0513,Aqua,MODIS,93,6.2,323.8,133.4,D,0
-34.9264,140.2693,345.8,2.5,1.5,2014-01-16,0513,Aqua,MODIS,81,6.2,320.4,92.7,D,0
-34.9594,140.2512,343.1,2.5,1.5,2014-01-16,0513,Aqua,MODIS,66,6.2,318.8,65.8,D,0
-34.6337,141.8952,356.4,3.2,1.7,2014-01-16,0513,Aqua,MODIS,97,6.2,319.7,280.2,D,0
-34.6515,141.8685,367.5,3.2,1.7,2014-01-16,0513,Aqua,MODIS,100,6.2,319.9,456.3,D,0
-34.9651,140.2606,341.4,2.5,1.5,2014-01-16,0513,Aqua,MODIS,69,6.2,313.6,51.4,D,0
-34.9846,140.2381,366.6,2.5,1.5,2014-01-16,0513,Aqua,MODIS,100,6.2,319,290.2,D,0
-34.9711,140.2336,340.5,2.5,1.5,2014-01-16,0513,Aqua,MODIS,74,6.2,317.5,55.8,D,0
-32.6089,135.4802,356,1.4,1.2,2014-01-16,0513,Aqua,MODIS,94,6.2,326,74.9,D,0
-33.9451,140.6793,354.2,2.8,1.6,2014-01-16,0513,Aqua,MODIS,95,6.2,322.8,209.9,D,0
-33.8522,140.5516,344.7,2.8,1.6,2014-01-16,0513,Aqua,MODIS,75,6.2,323,96.9,D,0
-32.9912,138.0775,347.5,2.1,1.4,2014-01-16,0513,Aqua,MODIS,89,6.2,324.7,75.1,D,0
-32.6514,135.4915,371.7,1.4,1.2,2014-01-16,0513,Aqua,MODIS,100,6.2,321.5,170.7,D,0
-33.9413,135.2964,349.6,1.3,1.1,2014-01-16,0513,Aqua,MODIS,86,6.2,319.5,49.6,D,0
-32.6112,135.5287,345,1.5,1.2,2014-01-16,0513,Aqua,MODIS,87,6.2,323.2,36.7,D,0
-33.8519,140.5471,343.9,2.8,1.6,2014-01-16,0513,Aqua,MODIS,74,6.2,322.8,95.1,D,0
-33.9182,135.3052,383.1,1.3,1.1,2014-01-16,0513,Aqua,MODIS,100,6.2,320.5,212.2,D,0
-32.9747,138.0942,416.9,2.1,1.4,2014-01-16,0513,Aqua,MODIS,100,6.2,329.8,979.5,D,0
-34.0071,139.8428,339.4,2.5,1.5,2014-01-16,0513,Aqua,MODIS,54,6.2,323.7,44.3,D,0
-34.4261,140.5556,352.8,2.7,1.6,2014-01-16,0513,Aqua,MODIS,94,6.2,315.3,188.3,D,0
-34.4063,140.5224,341.9,2.7,1.6,2014-01-16,0513,Aqua,MODIS,81,6.2,321.2,82.2,D,0
-33.9105,135.2883,356.8,1.3,1.1,2014-01-16,0513,Aqua,MODIS,97,6.2,323.4,71.4,D,0
-32.9711,138.1222,353.9,2.1,1.4,2014-01-16,0513,Aqua,MODIS,95,6.2,320.9,127.6,D,0
-34.3917,140.5752,361.4,2.7,1.6,2014-01-16,0513,Aqua,MODIS,100,6.2,322.3,269.9,D,0
-33.0005,138.1075,385.4,2.1,1.4,2014-01-16,0513,Aqua,MODIS,100,6.2,324.5,431.5,D,0
-32.983,138.1181,390.7,2.1,1.4,2014-01-16,0513,Aqua,MODIS,100,6.2,323.9,505.7,D,0
-32.6435,135.4734,345.3,1.4,1.2,2014-01-16,0513,Aqua,MODIS,65,6.2,320.9,42.7,D,0
-32.6408,135.4885,389.1,1.4,1.2,2014-01-16,0513,Aqua,MODIS,100,6.2,330.3,288.9,D,0
-32.638,135.5036,414.5,1.5,1.2,2014-01-16,0513,Aqua,MODIS,100,6.2,333.3,559.5,D,0
-32.9624,138.0903,335.2,2.1,1.4,2014-01-16,0513,Aqua,MODIS,36,6.2,320,20.4,D,0
-33.8585,140.5174,338.5,2.8,1.6,2014-01-16,0513,Aqua,MODIS,34,6.2,320.9,57.2,D,0
-33.8595,140.586,353.1,2.8,1.6,2014-01-16,0513,Aqua,MODIS,94,6.2,323.4,176.9,D,0
-33.9533,140.6573,384,2.8,1.6,2014-01-16,0513,Aqua,MODIS,100,6.2,326.1,666.2,D,0
-32.6034,135.5104,351.4,1.5,1.2,2014-01-16,0513,Aqua,MODIS,82,6.2,322.9,54.2,D,0
-33.9234,135.2768,374.5,1.3,1.1,2014-01-16,0513,Aqua,MODIS,87,6.2,331.8,152,D,0
-33.8735,140.5863,357.8,2.8,1.6,2014-01-16,0513,Aqua,MODIS,98,6.2,322.7,224.5,D,0
-32.9997,138.1008,381.6,2.1,1.4,2014-01-16,0513,Aqua,MODIS,100,6.2,327.4,379.8,D,0
-32.6195,135.4829,364.2,1.4,1.2,2014-01-16,0513,Aqua,MODIS,100,6.2,326.9,110.4,D,0
-33.9131,135.274,366.8,1.3,1.1,2014-01-16,0513,Aqua,MODIS,100,6.2,323.7,111.7,D,0
-33.8872,140.5312,430.9,2.8,1.6,2014-01-16,0513,Aqua,MODIS,100,6.2,334,2065.7,D,0
-32.5686,135.5173,341.4,1.5,1.2,2014-01-16,0513,Aqua,MODIS,51,6.2,321.2,23.2,D,0
-34.4341,140.5317,356,2.7,1.6,2014-01-16,0513,Aqua,MODIS,97,6.2,314.9,222.9,D,0
-33.9464,140.6875,352.2,2.8,1.6,2014-01-16,0513,Aqua,MODIS,94,6.2,321.5,190.7,D,0
-33.8454,140.5813,339.4,2.8,1.6,2014-01-16,0513,Aqua,MODIS,55,6.2,322.4,62.1,D,0
-33.866,140.5518,378.2,2.8,1.6,2014-01-16,0513,Aqua,MODIS,100,6.2,327,512,D,0
-34.0129,139.8161,356.3,2.5,1.5,2014-01-16,0513,Aqua,MODIS,73,6.2,324.9,171.5,D,0
-32.6486,135.5067,398.3,1.5,1.2,2014-01-16,0513,Aqua,MODIS,100,6.2,326.1,376.3,D,0
-34.3996,140.5513,366.4,2.7,1.6,2014-01-16,0513,Aqua,MODIS,100,6.2,321.7,328.5,D,0
-34.4135,140.556,366.5,2.7,1.6,2014-01-16,0513,Aqua,MODIS,100,6.2,320.8,339.7,D,0
-32.9755,138.1011,432.3,2.1,1.4,2014-01-16,0513,Aqua,MODIS,100,6.2,330.3,1376.1,D,0
-33.9221,140.5111,350.8,2.8,1.6,2014-01-16,0513,Aqua,MODIS,78,6.2,311.9,189.2,D,0
-33.8663,140.5563,376.7,2.8,1.6,2014-01-16,0513,Aqua,MODIS,100,6.2,326.8,485.4,D,0
-33.0045,138.0882,388,2.1,1.4,2014-01-16,0513,Aqua,MODIS,100,6.2,328.9,455.8,D,0
-34.0175,139.8221,360.6,2.5,1.5,2014-01-16,0513,Aqua,MODIS,94,6.2,323.9,213.4,D,0
-32.6302,135.4856,375.6,1.4,1.2,2014-01-16,0513,Aqua,MODIS,100,6.2,326.9,183.5,D,0
-32.9798,138.0808,346.2,2.1,1.4,2014-01-16,0513,Aqua,MODIS,88,6.2,322.7,66.3,D,0
-33.0291,138.0961,341.1,2.1,1.4,2014-01-16,0513,Aqua,MODIS,57,6.2,314.2,58.3,D,0
-34.3982,140.5461,358.3,2.7,1.6,2014-01-16,0513,Aqua,MODIS,98,6.2,321.4,230,D,0
-32.6329,135.4706,402.4,1.4,1.2,2014-01-16,0513,Aqua,MODIS,100,6.2,329.8,404.7,D,0
-33.9675,140.6621,356.1,2.8,1.6,2014-01-16,0513,Aqua,MODIS,97,6.2,317.7,242.7,D,0
-32.6223,135.4678,385.4,1.4,1.2,2014-01-16,0513,Aqua,MODIS,100,6.2,329.8,247.4,D,0
-33.9295,140.5453,362.4,2.8,1.6,2014-01-16,0513,Aqua,MODIS,92,6.2,298.7,327.1,D,0
-33.8726,140.5221,388.6,2.8,1.6,2014-01-16,0513,Aqua,MODIS,100,6.2,328.9,719.6,D,0
-33.8805,140.5609,392.2,2.8,1.6,2014-01-16,0513,Aqua,MODIS,100,6.2,328.6,795.2,D,0
-32.5927,135.5077,352.4,1.5,1.2,2014-01-16,0513,Aqua,MODIS,94,6.2,325.7,61.2,D,0
-34.3778,140.5706,352.6,2.7,1.6,2014-01-16,0513,Aqua,MODIS,94,6.2,320,176.4,D,0
-32.6459,135.5218,380.2,1.5,1.2,2014-01-16,0513,Aqua,MODIS,100,6.2,323.3,220.6,D,0
-32.6532,135.4974,367.5,1.4,1.2,2014-01-16,0513,Aqua,MODIS,100,6.2,318.6,145,D,0
-34.4121,140.5509,376.9,2.7,1.6,2014-01-16,0513,Aqua,MODIS,100,6.2,322,490.9,D,0
-32.6062,135.4949,349.3,1.5,1.2,2014-01-16,0513,Aqua,MODIS,84,6.2,323.1,50.4,D,0
-33.0036,138.0814,361,2.1,1.4,2014-01-16,0513,Aqua,MODIS,100,6.2,327.4,166.8,D,0
-33.9519,140.6491,352.1,2.8,1.6,2014-01-16,0513,Aqua,MODIS,94,6.2,323.5,193.4,D,0
-32.6274,135.5007,392.1,1.5,1.2,2014-01-16,0513,Aqua,MODIS,100,6.2,329.8,310.3,D,0
-32.614,135.5133,378.2,1.5,1.2,2014-01-16,0513,Aqua,MODIS,100,6.2,326.4,197.9,D,0
-34.3929,140.5803,356,2.7,1.6,2014-01-16,0513,Aqua,MODIS,97,6.2,321.5,210.7,D,0
-32.6353,135.5188,395.2,1.5,1.2,2014-01-16,0513,Aqua,MODIS,100,6.2,327.2,342.5,D,0
-32.6325,135.5343,351.4,1.5,1.2,2014-01-16,0513,Aqua,MODIS,93,6.2,322.5,64.1,D,0
-32.6005,135.5257,345.4,1.5,1.2,2014-01-16,0513,Aqua,MODIS,56,6.2,321.7,34.4,D,0
-33.8933,140.497,340.8,2.8,1.6,2014-01-16,0513,Aqua,MODIS,57,6.2,321,69.8,D,0
-33.8867,140.5267,412.5,2.8,1.6,2014-01-16,0513,Aqua,MODIS,100,6.2,333.8,1362.8,D,0
-32.9704,138.1152,387.7,2.1,1.4,2014-01-16,0513,Aqua,MODIS,100,6.2,323,461.6,D,0
-34.4325,140.5266,351.1,2.7,1.6,2014-01-16,0513,Aqua,MODIS,93,6.2,316.5,171.1,D,0
-33.0168,138.0922,399.6,2.1,1.4,2014-01-16,0513,Aqua,MODIS,100,6.2,328.5,640.3,D,0
-32.9872,138.0975,406.2,2.1,1.4,2014-01-16,0513,Aqua,MODIS,100,6.2,329.5,756.9,D,0
-34.4202,140.5271,360.9,2.7,1.6,2014-01-16,0513,Aqua,MODIS,100,6.2,321.8,271.3,D,0
-32.5792,135.5202,365.5,1.5,1.2,2014-01-16,0513,Aqua,MODIS,100,6.2,324.4,120.3,D,0
-32.6246,135.5161,381.7,1.5,1.2,2014-01-16,0513,Aqua,MODIS,100,6.2,328.6,226.9,D,0
-32.6218,135.5316,349,1.5,1.2,2014-01-16,0513,Aqua,MODIS,91,6.2,323.4,53.9,D,0
-34.4186,140.5219,352.5,2.7,1.6,2014-01-16,0513,Aqua,MODIS,94,6.2,322,176.6,D,0
-33.859,140.522,344.1,2.8,1.6,2014-01-16,0513,Aqua,MODIS,73,6.2,321.1,97.2,D,0
-33.894,140.5016,357.3,2.8,1.6,2014-01-16,0513,Aqua,MODIS,98,6.2,321.2,222.6,D,0
-32.5899,135.5229,359.3,1.5,1.2,2014-01-16,0513,Aqua,MODIS,99,6.2,324.2,88.6,D,0
-33.0127,138.112,384,2.1,1.4,2014-01-16,0513,Aqua,MODIS,100,6.2,322.5,419,D,0
-33.8731,140.5266,400.6,2.8,1.6,2014-01-16,0513,Aqua,MODIS,100,6.2,329.7,1014.3,D,0
-32.6168,135.498,382.2,1.5,1.2,2014-01-16,0513,Aqua,MODIS,100,6.2,327.8,226.2,D,0
-33.8594,140.5816,354.3,2.8,1.6,2014-01-16,0513,Aqua,MODIS,95,6.2,323.7,188.1,D,0
-33.8737,140.5907,359.2,2.8,1.6,2014-01-16,0513,Aqua,MODIS,99,6.2,322.2,243.9,D,0
-33.8802,140.5565,385.7,2.8,1.6,2014-01-16,0513,Aqua,MODIS,100,6.2,329.5,649.4,D,0
-32.9955,138.1216,343.9,2.1,1.4,2014-01-16,0513,Aqua,MODIS,85,6.2,318.4,73.2,D,0
-32.5821,135.5047,346.3,1.5,1.2,2014-01-16,0513,Aqua,MODIS,85,6.2,324.7,40.2,D,0
-32.6357,135.4554,359.4,1.4,1.2,2014-01-16,0513,Aqua,MODIS,99,6.2,325.5,90.8,D,0
-33.931,135.2938,382.8,1.3,1.1,2014-01-16,0513,Aqua,MODIS,94,6.2,323.9,208.5,D,0
-33.8946,140.5656,389.5,2.8,1.6,2014-01-16,0513,Aqua,MODIS,100,6.2,323,746.6,D,0
-32.656,135.4822,343.3,1.4,1.2,2014-01-16,0513,Aqua,MODIS,79,6.2,319,45.7,D,0
-32.6503,135.5125,378.8,1.5,1.2,2014-01-16,0513,Aqua,MODIS,100,6.2,323.5,214,D,0
-33.9154,140.5407,415,2.8,1.6,2014-01-16,0513,Aqua,MODIS,100,6.2,315.7,1479.6,D,0
-32.9881,138.104,418.2,2.1,1.4,2014-01-16,0513,Aqua,MODIS,100,6.2,330.3,1011.9,D,0
-32.9836,138.1254,366.2,2.1,1.4,2014-01-16,0513,Aqua,MODIS,100,6.2,321.4,228.9,D,0
-33.9208,135.291,388.1,1.3,1.1,2014-01-16,0513,Aqua,MODIS,94,6.2,328.1,242.6,D,0
-33.9013,140.536,401.4,2.8,1.6,2014-01-16,0513,Aqua,MODIS,100,6.2,321.4,1046.9,D,0
-33.8799,140.4969,339.1,2.8,1.6,2014-01-16,0513,Aqua,MODIS,63,6.2,321.1,65,D,0
-32.9922,138.0843,366.7,2.1,1.4,2014-01-16,0513,Aqua,MODIS,100,6.2,325.6,213.7,D,0
-32.228,134.7818,356,1.3,1.1,2014-01-16,0514,Aqua,MODIS,90,6.2,325.5,61.2,D,0
-31.9348,133.945,371,1.2,1.1,2014-01-16,0514,Aqua,MODIS,100,6.2,325.8,119.8,D,0
-32.2486,134.787,347.8,1.3,1.1,2014-01-16,0514,Aqua,MODIS,60,6.2,323.6,37.8,D,0
-31.9645,133.9521,340,1.2,1.1,2014-01-16,0514,Aqua,MODIS,80,6.2,315.1,25.2,D,0
-31.9312,134.0255,365.9,1.2,1.1,2014-01-16,0514,Aqua,MODIS,100,6.2,323.4,93.7,D,0
-31.9204,133.9686,348.6,1.2,1.1,2014-01-16,0514,Aqua,MODIS,90,6.2,322.6,34.4,D,0
-31.9674,134.1162,392.6,1.3,1.1,2014-01-16,0514,Aqua,MODIS,100,6.2,316.9,258.9,D,0
-31.9818,134.0922,355.4,1.3,1.1,2014-01-16,0514,Aqua,MODIS,76,6.2,319.3,64.9,D,0
-31.9151,133.9402,357.1,1.2,1.1,2014-01-16,0514,Aqua,MODIS,97,6.2,324,61.6,D,0
-31.9808,134.0375,380.9,1.2,1.1,2014-01-16,0514,Aqua,MODIS,100,6.2,323.1,175.2,D,0
-31.7277,133.769,336.9,1.2,1.1,2014-01-16,0514,Aqua,MODIS,53,6.2,314.2,9.9,D,0
-31.9469,133.9344,394.8,1.2,1.1,2014-01-16,0514,Aqua,MODIS,100,6.2,325.2,260.9,D,0
-31.6643,133.7805,344.4,1.2,1.1,2014-01-16,0514,Aqua,MODIS,20,6.2,320.7,24.1,D,0
-31.6862,133.7725,358.8,1.2,1.1,2014-01-16,0514,Aqua,MODIS,99,6.2,323.8,67.3,D,0
-31.9817,134.0841,353.4,1.3,1.1,2014-01-16,0514,Aqua,MODIS,92,6.2,316.8,62,D,0
-32.2357,134.7986,348,1.3,1.2,2014-01-16,0514,Aqua,MODIS,70,6.2,325.5,30.3,D,0
-31.9771,134.1103,401,1.3,1.1,2014-01-16,0514,Aqua,MODIS,100,6.2,323,330.3,D,0
-31.6699,133.7499,406.5,1.2,1.1,2014-01-16,0514,Aqua,MODIS,100,6.2,333.3,343.3,D,0
-31.6656,133.7755,348.5,1.2,1.1,2014-01-16,0514,Aqua,MODIS,87,6.2,322,37.6,D,0
-32.2029,134.8293,346.7,1.4,1.2,2014-01-16,0514,Aqua,MODIS,81,6.2,325.4,31.3,D,0
-31.8599,134.1385,372.4,1.3,1.1,2014-01-16,0514,Aqua,MODIS,100,6.2,326.4,123.6,D,0
-31.9533,134.0172,350,1.2,1.1,2014-01-16,0514,Aqua,MODIS,38,6.2,316.5,40.8,D,0
-32.2055,134.8151,353.2,1.4,1.2,2014-01-16,0514,Aqua,MODIS,94,6.2,325.1,52.3,D,0
-31.8891,133.9677,354.9,1.2,1.1,2014-01-16,0514,Aqua,MODIS,96,6.2,325.1,51.4,D,0
-31.6579,133.7603,362.1,1.2,1.1,2014-01-16,0514,Aqua,MODIS,100,6.2,327.6,76.3,D,0
-32.2564,134.8634,350.1,1.4,1.2,2014-01-16,0514,Aqua,MODIS,41,6.2,316.3,54.2,D,0
-31.8649,133.9889,346.4,1.2,1.1,2014-01-16,0514,Aqua,MODIS,53,6.2,323.8,27.9,D,0
-32.2434,134.8153,375,1.4,1.2,2014-01-16,0514,Aqua,MODIS,100,6.2,325.4,147.8,D,0
-31.9786,134.0506,358.4,1.2,1.1,2014-01-16,0514,Aqua,MODIS,92,6.2,319.2,66.1,D,0
-31.9492,133.9215,363,1.2,1.1,2014-01-16,0514,Aqua,MODIS,100,6.2,324.1,85.6,D,0
-31.9894,134.0996,357.2,1.3,1.1,2014-01-16,0514,Aqua,MODIS,98,6.2,316.5,84.1,D,0
-31.9871,134.1127,374.1,1.3,1.1,2014-01-16,0514,Aqua,MODIS,100,6.2,313.8,155.7,D,0
-31.9696,134.103,389.3,1.3,1.1,2014-01-16,0514,Aqua,MODIS,100,6.2,327.9,232.4,D,0
-31.6459,133.7707,343.4,1.2,1.1,2014-01-16,0514,Aqua,MODIS,64,6.2,322.6,22.4,D,0
-31.9568,133.9368,381.1,1.2,1.1,2014-01-16,0514,Aqua,MODIS,100,6.2,322.1,176.4,D,0
-31.9796,134.1054,382,1.3,1.1,2014-01-16,0514,Aqua,MODIS,100,6.2,324.9,191,D,0
-31.9012,133.957,348.2,1.2,1.1,2014-01-16,0514,Aqua,MODIS,74,6.2,324,31.4,D,0
-31.9099,134.0885,352.6,1.3,1.1,2014-01-16,0514,Aqua,MODIS,94,6.2,323,38.7,D,0
-32.5696,135.3041,344.8,1.4,1.2,2014-01-16,0514,Aqua,MODIS,85,6.2,321.6,37.2,D,0
-31.9128,133.9532,351.6,1.2,1.1,2014-01-16,0514,Aqua,MODIS,93,6.2,324.6,41.1,D,0
-31.9664,134.0613,347.2,1.2,1.1,2014-01-16,0514,Aqua,MODIS,54,6.2,321.8,25,D,0
-32.246,134.8011,358.4,1.3,1.2,2014-01-16,0514,Aqua,MODIS,94,6.2,325.6,70.8,D,0
-32.5668,135.3193,345.6,1.4,1.2,2014-01-16,0514,Aqua,MODIS,87,6.2,322.1,40.8,D,0
-31.8698,134.141,375.6,1.3,1.1,2014-01-16,0514,Aqua,MODIS,100,6.2,322.8,143,D,0
-31.8499,134.1361,357.3,1.3,1.1,2014-01-16,0514,Aqua,MODIS,98,6.2,325.7,58.8,D,0
-31.8767,134.1011,360.9,1.3,1.1,2014-01-16,0514,Aqua,MODIS,100,6.2,322.9,67.6,D,0
-31.8539,133.6341,359.5,1.2,1.1,2014-01-16,0514,Aqua,MODIS,99,6.2,315.3,83.3,D,0
-31.8906,134.139,372.5,1.3,1.1,2014-01-16,0514,Aqua,MODIS,100,6.2,321,129.3,D,0
-31.9357,133.9993,339.6,1.2,1.1,2014-01-16,0514,Aqua,MODIS,54,6.2,318.9,18.9,D,0
-31.9371,133.9321,390.5,1.2,1.1,2014-01-16,0514,Aqua,MODIS,100,6.2,326.9,228.6,D,0
-31.8792,133.9654,347.5,1.2,1.1,2014-01-16,0514,Aqua,MODIS,85,6.2,322.4,32.1,D,0
-32.2486,134.8465,368.9,1.4,1.2,2014-01-16,0514,Aqua,MODIS,97,6.2,325.3,128.7,D,0
-31.9393,133.9191,344.5,1.2,1.1,2014-01-16,0514,Aqua,MODIS,86,6.2,323.1,26.1,D,0
-32.2408,134.7702,349.6,1.3,1.1,2014-01-16,0514,Aqua,MODIS,83,6.2,324.8,43.7,D,0
-31.8352,134.1604,384.2,1.3,1.1,2014-01-16,0514,Aqua,MODIS,100,6.2,323.3,198.2,D,0
-31.8475,134.1495,385,1.3,1.1,2014-01-16,0514,Aqua,MODIS,100,6.2,324.7,199,D,0
-31.8375,134.147,377.5,1.3,1.1,2014-01-16,0514,Aqua,MODIS,100,6.2,327.8,151.5,D,0
-32.5827,135.2924,345.5,1.4,1.2,2014-01-16,0514,Aqua,MODIS,83,6.2,323.7,39.6,D,0
-31.9709,134.0351,395.4,1.2,1.1,2014-01-16,0514,Aqua,MODIS,100,6.2,329.6,268.9,D,0
-32.2692,134.8516,444,1.4,1.2,2014-01-16,0514,Aqua,MODIS,94,6.2,331.9,952.8,D,0
-32.2208,134.7893,351.3,1.3,1.2,2014-01-16,0514,Aqua,MODIS,89,6.2,325.1,45.5,D,0
-31.9774,134.1185,358,1.3,1.1,2014-01-16,0514,Aqua,MODIS,97,6.2,311.6,79.6,D,0
-31.9447,133.9474,389.6,1.2,1.1,2014-01-16,0514,Aqua,MODIS,100,6.2,327.9,228,D,0
-31.8789,134.0878,361.4,1.3,1.1,2014-01-16,0514,Aqua,MODIS,100,6.2,325.2,70.1,D,0
-31.9523,133.9628,389.1,1.2,1.1,2014-01-16,0514,Aqua,MODIS,100,6.2,322.3,230.9,D,0
-31.9133,133.9464,353.9,1.2,1.1,2014-01-16,0514,Aqua,MODIS,95,6.2,325,51.9,D,0
-31.7495,133.7609,362.9,1.2,1.1,2014-01-16,0514,Aqua,MODIS,94,6.2,317,83.1,D,0
-31.7929,134.1638,349,1.3,1.1,2014-01-16,0514,Aqua,MODIS,65,6.2,310.3,39,D,0
-31.8252,134.1579,373.7,1.3,1.1,2014-01-16,0514,Aqua,MODIS,100,6.2,324.3,133.3,D,0
-31.8496,133.6592,331.5,1.2,1.1,2014-01-16,0514,Aqua,MODIS,50,6.2,310.2,12.9,D,0
-31.961,134.0327,360.9,1.2,1.1,2014-01-16,0514,Aqua,MODIS,93,6.2,324.9,75.7,D,0
-32.2383,134.8439,358.2,1.4,1.2,2014-01-16,0514,Aqua,MODIS,93,6.2,325,65.3,D,0
-31.7933,133.7514,386.9,1.2,1.1,2014-01-16,0514,Aqua,MODIS,100,6.2,316.6,204.3,D,0
-31.7616,133.7571,388.5,1.2,1.1,2014-01-16,0514,Aqua,MODIS,100,6.2,312.4,211.7,D,0
-32.2357,134.8582,365.3,1.4,1.2,2014-01-16,0514,Aqua,MODIS,0,6.2,324.3,107.2,D,0
-31.9687,134.0482,360.2,1.2,1.1,2014-01-16,0514,Aqua,MODIS,100,6.2,324.1,69,D,0
-31.7834,133.7491,397.8,1.2,1.1,2014-01-16,0514,Aqua,MODIS,100,6.2,325.9,277.7,D,0
-31.8399,134.1337,350.8,1.3,1.1,2014-01-16,0514,Aqua,MODIS,66,6.2,324.4,34.8,D,0
-31.856,133.6216,371,1.2,1.1,2014-01-16,0514,Aqua,MODIS,100,6.2,320.7,129.6,D,0
-32.208,134.8009,341.4,1.4,1.2,2014-01-16,0514,Aqua,MODIS,28,6.2,323.6,17.5,D,0
-31.8441,133.6319,392,1.2,1.1,2014-01-16,0514,Aqua,MODIS,100,6.2,326.9,244.9,D,0
-31.8671,133.9759,351.4,1.2,1.1,2014-01-16,0514,Aqua,MODIS,93,6.2,323.8,43.4,D,0
-31.9083,133.9792,343.8,1.2,1.1,2014-01-16,0514,Aqua,MODIS,79,6.2,323.1,18.9,D,0
-31.9272,133.9297,365.3,1.2,1.1,2014-01-16,0514,Aqua,MODIS,100,6.2,325.2,94.2,D,0
-31.9182,133.9816,346.5,1.2,1.1,2014-01-16,0514,Aqua,MODIS,88,6.2,322.7,25.2,D,0
-31.9597,134.1006,375.1,1.3,1.1,2014-01-16,0514,Aqua,MODIS,100,6.2,324.3,140.8,D,0
-31.9425,133.9604,384.1,1.2,1.1,2014-01-16,0514,Aqua,MODIS,100,6.2,325.2,194.1,D,0
-31.9622,133.9651,337.2,1.2,1.1,2014-01-16,0514,Aqua,MODIS,75,6.2,316.2,20.2,D,0
-31.9763,134.0637,353.6,1.2,1.1,2014-01-16,0514,Aqua,MODIS,84,6.2,318.3,46.6,D,0
-31.8504,134.0125,346.6,1.2,1.1,2014-01-16,0514,Aqua,MODIS,88,6.2,323.1,27.6,D,0
-31.9006,134.1414,354.7,1.3,1.1,2014-01-16,0514,Aqua,MODIS,83,6.2,317.4,59.8,D,0
-31.9434,134.0148,351,1.2,1.1,2014-01-16,0514,Aqua,MODIS,41,6.2,318.1,41.1,D,0
-31.9497,134.0982,349.1,1.3,1.1,2014-01-16,0514,Aqua,MODIS,91,6.2,321.2,30.5,D,0
-31.8275,134.1446,358.9,1.3,1.1,2014-01-16,0514,Aqua,MODIS,99,6.2,325.8,62.1,D,0
-32.5564,135.3161,342.1,1.4,1.2,2014-01-16,0514,Aqua,MODIS,81,6.2,320.4,31,D,0
-31.9122,134.0753,348,1.3,1.1,2014-01-16,0514,Aqua,MODIS,75,6.2,324,25.7,D,0
-31.8877,134.0968,353.6,1.3,1.1,2014-01-16,0514,Aqua,MODIS,95,6.2,324.6,43.6,D,0
-31.7594,133.7632,374.7,1.2,1.1,2014-01-16,0514,Aqua,MODIS,94,6.2,319.6,134.7,D,0
-31.9229,134.1329,369.9,1.3,1.1,2014-01-16,0514,Aqua,MODIS,86,6.2,314.9,122.9,D,0
-31.7615,133.7504,348.1,1.2,1.1,2014-01-16,0514,Aqua,MODIS,85,6.2,297.7,34.4,D,0
-31.9258,133.997,344.5,1.2,1.1,2014-01-16,0514,Aqua,MODIS,71,6.2,321,27,D,0
-31.9281,133.9839,369.5,1.2,1.1,2014-01-16,0514,Aqua,MODIS,100,6.2,324.6,112.5,D,0
-32.2795,134.8543,377.9,1.4,1.2,2014-01-16,0514,Aqua,MODIS,94,6.2,317.2,187.7,D,0
-31.9375,134.1089,401.9,1.3,1.1,2014-01-16,0514,Aqua,MODIS,100,6.2,324.2,322.5,D,0
-31.6665,133.7678,349.8,1.2,1.1,2014-01-16,0514,Aqua,MODIS,40,6.2,324.2,35.1,D,0
-31.6687,133.755,392.1,1.2,1.1,2014-01-16,0514,Aqua,MODIS,100,6.2,328.8,225.7,D,0
-31.6558,133.773,367.6,1.2,1.1,2014-01-16,0514,Aqua,MODIS,100,6.2,324.5,101.3,D,0
-31.9474,134.1114,362.7,1.3,1.1,2014-01-16,0514,Aqua,MODIS,90,6.2,316.1,83.6,D,0
-31.9632,134.0196,352.9,1.2,1.1,2014-01-16,0514,Aqua,MODIS,86,6.2,320.3,52.8,D,0
-31.9335,134.0124,349.5,1.2,1.1,2014-01-16,0514,Aqua,MODIS,71,6.2,320.4,38.5,D,0
-31.7397,133.7585,345.6,1.2,1.1,2014-01-16,0514,Aqua,MODIS,70,6.2,314.4,26.5,D,0
-31.9731,134.022,367.5,1.2,1.1,2014-01-16,0514,Aqua,MODIS,100,6.2,322.3,109.7,D,0
-31.8029,134.1662,360.7,1.3,1.1,2014-01-16,0514,Aqua,MODIS,94,6.2,317.8,77.3,D,0
-31.8527,133.9994,349.5,1.2,1.1,2014-01-16,0514,Aqua,MODIS,91,6.2,323,37,D,0
-31.994,134.0735,340,1.2,1.1,2014-01-16,0514,Aqua,MODIS,80,6.2,314.2,28.7,D,0
-31.8405,134.0101,366.3,1.2,1.1,2014-01-16,0514,Aqua,MODIS,100,6.2,325.1,97.8,D,0
-31.8129,134.1687,369.3,1.3,1.1,2014-01-16,0514,Aqua,MODIS,100,6.2,320.9,117.1,D,0
-31.8411,133.7098,339.7,1.2,1.1,2014-01-16,0514,Aqua,MODIS,79,6.2,307.4,32,D,0
-31.9574,134.1138,396.9,1.3,1.1,2014-01-16,0514,Aqua,MODIS,100,6.2,320.1,288.2,D,0
-31.8138,134.0446,347.5,1.3,1.1,2014-01-16,0514,Aqua,MODIS,75,6.2,322.8,35.1,D,0
-31.9863,134.058,335.6,1.2,1.1,2014-01-16,0514,Aqua,MODIS,43,6.2,313.9,15.8,D,0
-31.9794,134.0972,374.1,1.3,1.1,2014-01-16,0514,Aqua,MODIS,100,6.2,323.6,150.2,D,0
-31.8462,133.6193,362,1.2,1.1,2014-01-16,0514,Aqua,MODIS,100,6.2,320.9,92.9,D,0
-31.8382,134.0232,352.6,1.2,1.1,2014-01-16,0514,Aqua,MODIS,87,6.2,324.9,45.4,D,0
-31.8152,134.1554,365.8,1.3,1.1,2014-01-16,0514,Aqua,MODIS,100,6.2,325.4,97.2,D,0
-31.8283,134.0207,353.6,1.2,1.1,2014-01-16,0514,Aqua,MODIS,83,6.2,324.2,53.1,D,0
-31.984,134.0711,339.8,1.2,1.1,2014-01-16,0514,Aqua,MODIS,47,6.2,313.8,23.7,D,0
-32.2667,134.866,348.3,1.4,1.2,2014-01-16,0514,Aqua,MODIS,78,6.2,311.4,49.7,D,0
-32.2821,134.84,341.7,1.4,1.2,2014-01-16,0514,Aqua,MODIS,82,6.2,316.9,33.5,D,0
-31.8122,134.1132,342.4,1.3,1.1,2014-01-16,0514,Aqua,MODIS,40,6.2,323.6,16.6,D,0
-31.8052,134.1529,346.7,1.3,1.1,2014-01-16,0514,Aqua,MODIS,40,6.2,321.5,27.7,D,0
-32.2589,134.8491,404.7,1.4,1.2,2014-01-16,0514,Aqua,MODIS,100,6.2,327.1,397.7,D,0
-31.7649,134.0963,345.9,1.3,1.1,2014-01-16,0514,Aqua,MODIS,80,6.2,321.7,34.1,D,0
-31.8518,133.6466,349.6,1.2,1.1,2014-01-16,0514,Aqua,MODIS,91,6.2,311.1,53.2,D,0
-31.696,133.7748,357.4,1.2,1.1,2014-01-16,0514,Aqua,MODIS,98,6.2,322.7,62.4,D,0
-31.9249,133.9426,357.8,1.2,1.1,2014-01-16,0514,Aqua,MODIS,98,6.2,324.9,62.5,D,0
-32.2511,134.7728,348.3,1.3,1.1,2014-01-16,0514,Aqua,MODIS,84,6.2,323.3,41.3,D,0
-32.2331,134.8128,355.1,1.4,1.2,2014-01-16,0514,Aqua,MODIS,92,6.2,323.4,50.5,D,0
-31.842,133.6444,457.6,1.2,1.1,2014-01-16,0514,Aqua,MODIS,100,6.2,341.7,1035.1,D,0
-31.8576,134.1519,357.5,1.3,1.1,2014-01-16,0514,Aqua,MODIS,95,6.2,317.9,65.5,D,0
-31.9227,133.9556,351,1.2,1.1,2014-01-16,0514,Aqua,MODIS,93,6.2,323.9,41.8,D,0
-31.9402,133.9733,342.8,1.2,1.1,2014-01-16,0514,Aqua,MODIS,62,6.2,318.6,26.4,D,0
-31.9917,134.0865,357.1,1.3,1.1,2014-01-16,0514,Aqua,MODIS,97,6.2,313.5,80.4,D,0
-32.2336,134.7776,349,1.3,1.1,2014-01-16,0514,Aqua,MODIS,34,6.2,325.8,37.9,D,0
-31.7813,133.7619,351.1,1.2,1.1,2014-01-16,0514,Aqua,MODIS,93,6.2,316.5,44.6,D,0
-32.2718,134.8374,354.4,1.4,1.2,2014-01-16,0514,Aqua,MODIS,95,6.2,321.6,69.7,D,0
-31.9213,134.023,345.2,1.2,1.1,2014-01-16,0514,Aqua,MODIS,44,6.2,319.2,24.5,D,0
-31.938,133.9863,382,1.2,1.1,2014-01-16,0514,Aqua,MODIS,100,6.2,323,181.9,D,0
-31.9326,133.9579,362.5,1.2,1.1,2014-01-16,0514,Aqua,MODIS,100,6.2,323.3,83.2,D,0
-31.7714,133.7595,364.8,1.2,1.1,2014-01-16,0514,Aqua,MODIS,100,6.2,317.3,90.4,D,0
-31.9303,133.9709,344.5,1.2,1.1,2014-01-16,0514,Aqua,MODIS,56,6.2,320.7,25.4,D,0
-31.7594,133.7699,353.3,1.2,1.1,2014-01-16,0514,Aqua,MODIS,95,6.2,319,50,D,0
-31.7968,134.082,352.8,1.3,1.1,2014-01-16,0514,Aqua,MODIS,88,6.2,324.3,46.3,D,0
-31.9546,133.9498,407.7,1.2,1.1,2014-01-16,0514,Aqua,MODIS,100,6.2,328.5,376,D,0
-31.9252,134.1196,355.2,1.3,1.1,2014-01-16,0514,Aqua,MODIS,29,6.2,320.6,56,D,0
-31.7932,133.5611,348.5,1.2,1.1,2014-01-16,0514,Aqua,MODIS,58,6.2,318.4,41.5,D,0
-31.6662,133.5907,345.7,1.2,1.1,2014-01-16,0514,Aqua,MODIS,70,6.2,322.6,24.7,D,0
-31.6019,133.2983,427.1,1.2,1.1,2014-01-16,0514,Aqua,MODIS,100,6.2,337.9,529.5,D,0
-31.5998,133.3106,412.8,1.2,1.1,2014-01-16,0514,Aqua,MODIS,100,6.2,334.6,379.6,D,0
-31.6115,133.3006,346.2,1.2,1.1,2014-01-16,0514,Aqua,MODIS,76,6.2,319,24,D,0
-31.6095,133.3129,348.9,1.2,1.1,2014-01-16,0514,Aqua,MODIS,75,6.2,324.7,30.3,D,0
-31.6054,133.3373,365.4,1.2,1.1,2014-01-16,0514,Aqua,MODIS,100,6.2,320.9,82.3,D,0
-31.615,133.3395,389,1.2,1.1,2014-01-16,0514,Aqua,MODIS,100,6.2,321,201.1,D,0
-31.6247,133.3418,375.2,1.2,1.1,2014-01-16,0514,Aqua,MODIS,100,6.2,318.2,129.4,D,0
-31.6364,133.3318,344.4,1.2,1.1,2014-01-16,0514,Aqua,MODIS,53,6.2,320,27,D,0
-31.6808,133.3237,378.9,1.2,1.1,2014-01-16,0514,Aqua,MODIS,100,6.2,320.6,150.4,D,0
-31.6788,133.336,342.8,1.2,1.1,2014-01-16,0514,Aqua,MODIS,60,6.2,315.9,25.2,D,0
-31.6945,133.3015,349.1,1.2,1.1,2014-01-16,0514,Aqua,MODIS,77,6.2,317.6,41.8,D,0
-31.7021,133.316,352.8,1.2,1.1,2014-01-16,0514,Aqua,MODIS,89,6.2,298.1,57.9,D,0
-31.7293,133.5201,349,1.2,1.1,2014-01-16,0514,Aqua,MODIS,80,6.2,322.4,33.5,D,0
-31.7411,133.51,342.4,1.2,1.1,2014-01-16,0514,Aqua,MODIS,83,6.2,322.2,19,D,0
-31.739,133.5224,378.9,1.2,1.1,2014-01-16,0514,Aqua,MODIS,100,6.2,326.8,146.9,D,0
-31.7509,133.5123,376.1,1.2,1.1,2014-01-16,0514,Aqua,MODIS,100,6.2,325.2,136.6,D,0
-31.7606,133.5145,372.3,1.2,1.1,2014-01-16,0514,Aqua,MODIS,100,6.2,322.6,118.9,D,0
-31.7703,133.5168,368.6,1.2,1.1,2014-01-16,0514,Aqua,MODIS,100,6.2,321.1,104.5,D,0
-31.7682,133.5292,355.4,1.2,1.1,2014-01-16,0514,Aqua,MODIS,96,6.2,321.5,54.4,D,0
-31.7661,133.5417,346.7,1.2,1.1,2014-01-16,0514,Aqua,MODIS,43,6.2,321.8,26,D,0
-31.764,133.5542,360.2,1.2,1.1,2014-01-16,0514,Aqua,MODIS,89,6.2,323.9,73,D,0
-31.7821,133.5066,337.3,1.2,1.1,2014-01-16,0514,Aqua,MODIS,52,6.2,318.5,12.6,D,0
-31.78,133.5191,405.6,1.2,1.1,2014-01-16,0514,Aqua,MODIS,100,6.2,325.1,332.2,D,0
-31.7779,133.5315,388.5,1.2,1.1,2014-01-16,0514,Aqua,MODIS,100,6.2,325.4,212.9,D,0
-31.7737,133.5565,352.6,1.2,1.1,2014-01-16,0514,Aqua,MODIS,59,6.2,325,50.5,D,0
-31.7716,133.569,354.9,1.2,1.1,2014-01-16,0514,Aqua,MODIS,74,6.2,325.5,63.2,D,0
-31.7695,133.5815,368.7,1.2,1.1,2014-01-16,0514,Aqua,MODIS,93,6.2,325.6,110.5,D,0
-31.7653,133.6065,372.1,1.2,1.1,2014-01-16,0514,Aqua,MODIS,100,6.2,324.1,122.2,D,0
-31.7897,133.5214,356,1.2,1.1,2014-01-16,0514,Aqua,MODIS,89,6.2,318.2,65.6,D,0
-31.7876,133.5338,352.7,1.2,1.1,2014-01-16,0514,Aqua,MODIS,74,6.2,322.4,57.9,D,0
-31.7814,133.5713,376,1.2,1.1,2014-01-16,0514,Aqua,MODIS,100,6.2,326.9,140.1,D,0
-31.7793,133.5838,409.4,1.2,1.1,2014-01-16,0514,Aqua,MODIS,100,6.2,335,373,D,0
-31.7772,133.5963,381.2,1.2,1.1,2014-01-16,0514,Aqua,MODIS,100,6.2,326.7,172.8,D,0
-31.7751,133.6089,373.9,1.2,1.1,2014-01-16,0514,Aqua,MODIS,100,6.2,323.9,134.8,D,0
-31.773,133.6214,353.5,1.2,1.1,2014-01-16,0514,Aqua,MODIS,54,6.2,323.6,54.7,D,0
-31.7624,133.6845,357.1,1.2,1.1,2014-01-16,0514,Aqua,MODIS,96,6.2,326.7,54.7,D,0
-31.7994,133.5237,358.8,1.2,1.1,2014-01-16,0514,Aqua,MODIS,99,6.2,319.6,77.3,D,0
-31.7953,133.5486,350.3,1.2,1.1,2014-01-16,0514,Aqua,MODIS,79,6.2,320.2,51.9,D,0
-31.7911,133.5736,403,1.2,1.1,2014-01-16,0514,Aqua,MODIS,100,6.2,330.6,316,D,0
-31.789,133.5861,462.7,1.2,1.1,2014-01-16,0514,Aqua,MODIS,100,6.2,400.1,1117.8,D,0
-31.7869,133.5986,386.9,1.2,1.1,2014-01-16,0514,Aqua,MODIS,100,6.2,327.6,206.5,D,0
-31.7848,133.6112,356.6,1.2,1.1,2014-01-16,0514,Aqua,MODIS,95,6.2,322.7,69.2,D,0
-31.8027,133.5182,360,1.2,1.1,2014-01-16,0514,Aqua,MODIS,99,6.2,317.1,76.7,D,0
-31.8006,133.5306,351.1,1.2,1.1,2014-01-16,0514,Aqua,MODIS,93,6.2,319,49.5,D,0
-31.7984,133.543,356.3,1.2,1.1,2014-01-16,0514,Aqua,MODIS,97,6.2,320,65,D,0
-31.7963,133.5555,365.3,1.2,1.1,2014-01-16,0514,Aqua,MODIS,100,6.2,321,98.2,D,0
-31.7942,133.568,355.7,1.2,1.1,2014-01-16,0514,Aqua,MODIS,96,6.2,317.6,63.8,D,0
-31.792,133.5805,484.1,1.2,1.1,2014-01-16,0514,Aqua,MODIS,100,6.2,400.1,1600.1,D,0
-31.7899,133.593,455.7,1.2,1.1,2014-01-16,0514,Aqua,MODIS,100,6.2,400.1,985.7,D,0
-31.7877,133.6055,369.7,1.2,1.1,2014-01-16,0514,Aqua,MODIS,100,6.2,323.5,111.3,D,0
-31.7856,133.6181,354.4,1.2,1.1,2014-01-16,0514,Aqua,MODIS,57,6.2,322.4,51.3,D,0
-31.8124,133.5204,361.1,1.2,1.1,2014-01-16,0514,Aqua,MODIS,100,6.2,317.5,81.8,D,0
-31.8103,133.5329,354.8,1.2,1.1,2014-01-16,0514,Aqua,MODIS,96,6.2,318.6,61.2,D,0
-31.8082,133.5453,379.2,1.2,1.1,2014-01-16,0514,Aqua,MODIS,100,6.2,323.3,162.7,D,0
-31.806,133.5578,396.4,1.2,1.1,2014-01-16,0514,Aqua,MODIS,100,6.2,327.1,269.1,D,0
-31.8039,133.5703,385.8,1.2,1.1,2014-01-16,0514,Aqua,MODIS,100,6.2,323,200.4,D,0
-31.8018,133.5828,412.4,1.2,1.1,2014-01-16,0514,Aqua,MODIS,100,6.2,324.1,401,D,0
-31.7996,133.5953,423.2,1.2,1.1,2014-01-16,0514,Aqua,MODIS,100,6.2,331,514.1,D,0
-31.7975,133.6078,357.8,1.2,1.1,2014-01-16,0514,Aqua,MODIS,87,6.2,321.9,68.2,D,0
-31.7932,133.6329,374.9,1.2,1.1,2014-01-16,0514,Aqua,MODIS,100,6.2,326.7,126.4,D,0
-31.791,133.6454,384.1,1.2,1.1,2014-01-16,0514,Aqua,MODIS,100,6.2,329.7,167.9,D,0
-31.7889,133.658,383.1,1.2,1.1,2014-01-16,0514,Aqua,MODIS,100,6.2,329,160.9,D,0
-31.7867,133.6706,349.6,1.2,1.1,2014-01-16,0514,Aqua,MODIS,51,6.2,325.6,24.5,D,0
-31.7758,133.734,344.7,1.2,1.1,2014-01-16,0514,Aqua,MODIS,71,6.2,318.8,22.3,D,0
-31.7736,133.7468,357,1.2,1.1,2014-01-16,0514,Aqua,MODIS,97,6.2,316.8,60.6,D,0
-31.82,133.5351,337.2,1.2,1.1,2014-01-16,0514,Aqua,MODIS,69,6.2,316.1,19.4,D,0
-31.8179,133.5476,386.8,1.2,1.1,2014-01-16,0514,Aqua,MODIS,100,6.2,321.3,205.5,D,0
-31.8158,133.5601,384.1,1.2,1.1,2014-01-16,0514,Aqua,MODIS,100,6.2,321.9,190.4,D,0
-31.8136,133.5725,401.6,1.2,1.1,2014-01-16,0514,Aqua,MODIS,100,6.2,322.4,310.5,D,0
-31.8115,133.5851,339.7,1.2,1.1,2014-01-16,0514,Aqua,MODIS,77,6.2,310.4,27.9,D,0
-31.8094,133.5976,352.6,1.2,1.1,2014-01-16,0514,Aqua,MODIS,79,6.2,316.8,56.1,D,0
-31.803,133.6352,358.9,1.2,1.1,2014-01-16,0514,Aqua,MODIS,70,6.2,323.5,62.9,D,0
-31.8008,133.6477,383.3,1.2,1.1,2014-01-16,0514,Aqua,MODIS,100,6.2,332,167.2,D,0
-31.7987,133.6603,367.4,1.2,1.1,2014-01-16,0514,Aqua,MODIS,100,6.2,328.7,85.3,D,0
-31.7965,133.6729,364.7,1.2,1.1,2014-01-16,0514,Aqua,MODIS,100,6.2,326.8,76.3,D,0
-31.7944,133.6855,347.8,1.2,1.1,2014-01-16,0514,Aqua,MODIS,55,6.2,323.8,22.4,D,0
-31.7878,133.7236,362,1.2,1.1,2014-01-16,0514,Aqua,MODIS,100,6.2,322.5,72.8,D,0
-31.7856,133.7364,363,1.2,1.1,2014-01-16,0514,Aqua,MODIS,100,6.2,322.2,80.6,D,0
-31.8255,133.5624,332.3,1.2,1.1,2014-01-16,0514,Aqua,MODIS,45,6.2,313.9,14.2,D,0
-31.8191,133.5999,368.3,1.2,1.1,2014-01-16,0514,Aqua,MODIS,100,6.2,317.9,114.8,D,0
-31.817,133.6124,371.7,1.2,1.1,2014-01-16,0514,Aqua,MODIS,100,6.2,322,127.9,D,0
-31.8127,133.6375,369.2,1.2,1.1,2014-01-16,0514,Aqua,MODIS,90,6.2,326.5,107.7,D,0
-31.8106,133.6501,379.8,1.2,1.1,2014-01-16,0514,Aqua,MODIS,100,6.2,330.4,152,D,0
-31.8084,133.6626,391.3,1.2,1.1,2014-01-16,0514,Aqua,MODIS,100,6.2,334.1,221.1,D,0
-31.8063,133.6752,422.5,1.2,1.1,2014-01-16,0514,Aqua,MODIS,100,6.2,338.6,497.6,D,0
-31.8041,133.6878,408.2,1.2,1.1,2014-01-16,0514,Aqua,MODIS,100,6.2,330.9,353.1,D,0
-31.802,133.7005,350.2,1.2,1.1,2014-01-16,0514,Aqua,MODIS,62,6.2,320,35.9,D,0
-31.7998,133.7132,357.3,1.2,1.1,2014-01-16,0514,Aqua,MODIS,82,6.2,321.9,60.3,D,0
-31.7976,133.726,369,1.2,1.1,2014-01-16,0514,Aqua,MODIS,100,6.2,320.3,105.7,D,0
-31.7954,133.7387,381.5,1.2,1.1,2014-01-16,0514,Aqua,MODIS,100,6.2,313.9,169.5,D,0
-31.8288,133.6022,365.8,1.2,1.1,2014-01-16,0514,Aqua,MODIS,100,6.2,318.7,107.9,D,0
-31.8267,133.6147,382.1,1.2,1.1,2014-01-16,0514,Aqua,MODIS,100,6.2,324.3,185.7,D,0
-31.8246,133.6273,358.2,1.2,1.1,2014-01-16,0514,Aqua,MODIS,98,6.2,323.1,77.4,D,0
-31.8225,133.6398,391.1,1.2,1.1,2014-01-16,0514,Aqua,MODIS,100,6.2,329.9,234.1,D,0
-31.8203,133.6524,401.4,1.2,1.1,2014-01-16,0514,Aqua,MODIS,100,6.2,333.1,305.1,D,0
-31.8182,133.6649,432.4,1.2,1.1,2014-01-16,0514,Aqua,MODIS,100,6.2,337.3,629.4,D,0
-31.8161,133.6775,388.2,1.2,1.1,2014-01-16,0514,Aqua,MODIS,100,6.2,323.8,212,D,0
-31.8139,133.6901,377.6,1.2,1.1,2014-01-16,0514,Aqua,MODIS,100,6.2,321.8,151.4,D,0
-31.8118,133.7028,373.9,1.2,1.1,2014-01-16,0514,Aqua,MODIS,100,6.2,321.7,134.8,D,0
-31.8096,133.7156,402,1.2,1.1,2014-01-16,0514,Aqua,MODIS,100,6.2,328,314.6,D,0
-31.8074,133.7283,418.6,1.2,1.1,2014-01-16,0514,Aqua,MODIS,100,6.2,332,470.4,D,0
-31.8052,133.7411,380.4,1.2,1.1,2014-01-16,0514,Aqua,MODIS,100,6.2,317.8,166.9,D,0
-31.8386,133.6045,335.6,1.2,1.1,2014-01-16,0514,Aqua,MODIS,67,6.2,315.3,22,D,0
-31.8365,133.617,368.9,1.2,1.1,2014-01-16,0514,Aqua,MODIS,100,6.2,320.7,120.8,D,0
-31.8343,133.6296,375.4,1.2,1.1,2014-01-16,0514,Aqua,MODIS,100,6.2,325,148.9,D,0
-31.8322,133.6422,434,1.2,1.1,2014-01-16,0514,Aqua,MODIS,100,6.2,340.1,656.6,D,0
-31.8301,133.6547,429.6,1.2,1.1,2014-01-16,0514,Aqua,MODIS,100,6.2,334.2,601.4,D,0
-31.828,133.6673,378.5,1.2,1.1,2014-01-16,0514,Aqua,MODIS,100,6.2,316.3,163.3,D,0
-31.8237,133.6924,367.8,1.2,1.1,2014-01-16,0514,Aqua,MODIS,100,6.2,316.5,114.6,D,0
-31.8215,133.7052,392.7,1.2,1.1,2014-01-16,0514,Aqua,MODIS,100,6.2,322.7,251,D,0
-31.8194,133.7179,429.1,1.2,1.1,2014-01-16,0514,Aqua,MODIS,100,6.2,329.7,600.8,D,0
-31.8172,133.7307,441.6,1.2,1.1,2014-01-16,0514,Aqua,MODIS,100,6.2,331.8,776.2,D,0
-31.8151,133.7434,368.6,1.2,1.1,2014-01-16,0514,Aqua,MODIS,100,6.2,312.9,114.1,D,0
-31.8399,133.657,401.9,1.2,1.1,2014-01-16,0514,Aqua,MODIS,100,6.2,318.1,318.5,D,0
-31.8335,133.6948,354.6,1.2,1.1,2014-01-16,0514,Aqua,MODIS,96,6.2,313.4,68,D,0
-31.8313,133.7075,412.6,1.2,1.1,2014-01-16,0514,Aqua,MODIS,100,6.2,324,417.3,D,0
-31.8292,133.7202,361.4,1.2,1.1,2014-01-16,0514,Aqua,MODIS,100,6.2,310.9,93.2,D,0
-31.827,133.733,339.7,1.2,1.1,2014-01-16,0514,Aqua,MODIS,78,6.2,309.9,28.5,D,0
-31.5937,133.3474,352.2,1.2,1.1,2014-01-16,0514,Aqua,MODIS,84,6.2,319.8,38.2,D,0
-31.5957,133.3351,353.7,1.2,1.1,2014-01-16,0514,Aqua,MODIS,92,6.2,321.1,40.9,D,0
-31.584,133.3452,400.4,1.2,1.1,2014-01-16,0514,Aqua,MODIS,100,6.2,328.2,275.7,D,0
-31.5861,133.3329,358.7,1.2,1.1,2014-01-16,0514,Aqua,MODIS,94,6.2,325.3,52.8,D,0
-31.5881,133.3206,348.1,1.2,1.1,2014-01-16,0514,Aqua,MODIS,53,6.2,325.7,27.6,D,0
-31.5902,133.3083,427.9,1.2,1.1,2014-01-16,0514,Aqua,MODIS,100,6.2,335.5,536.9,D,0
-31.5922,133.2961,375.9,1.2,1.1,2014-01-16,0514,Aqua,MODIS,100,6.2,326.1,129.3,D,0
-31.5723,133.3552,356.5,1.2,1.1,2014-01-16,0514,Aqua,MODIS,83,6.2,322.1,54.1,D,0
-31.5743,133.3429,381.6,1.2,1.1,2014-01-16,0514,Aqua,MODIS,100,6.2,328.5,153.8,D,0
-31.5785,133.3184,370,1.2,1.1,2014-01-16,0514,Aqua,MODIS,100,6.2,327,97.1,D,0
-31.5805,133.3061,370.1,1.2,1.1,2014-01-16,0514,Aqua,MODIS,100,6.2,325.5,99.7,D,0
-31.5647,133.3407,356.1,1.2,1.1,2014-01-16,0514,Aqua,MODIS,86,6.2,326.7,49.5,D,0
-31.5688,133.3161,348.5,1.2,1.1,2014-01-16,0514,Aqua,MODIS,74,6.2,324.8,29.2,D,0
-31.5924,133.6651,351.9,1.2,1.1,2014-01-16,0514,Aqua,MODIS,93,6.2,324.9,42.1,D,0
-31.59,133.6706,350.4,1.2,1.1,2014-01-16,0514,Aqua,MODIS,92,6.2,325.5,38.8,D,0
-31.5781,133.681,348.9,1.2,1.1,2014-01-16,0514,Aqua,MODIS,91,6.2,324.8,35.1,D,0
-31.5802,133.6683,343.6,1.2,1.1,2014-01-16,0514,Aqua,MODIS,67,6.2,323.6,20.9,D,0
-31.756,133.7226,345.5,1.2,1.1,2014-01-16,0514,Aqua,MODIS,66,6.2,316,19,D,0
-31.7581,133.7099,361.2,1.2,1.1,2014-01-16,0514,Aqua,MODIS,100,6.2,322.8,66.1,D,0
-31.7462,133.7203,365.6,1.2,1.1,2014-01-16,0514,Aqua,MODIS,100,6.2,323.8,82.4,D,0
-31.7483,133.7076,379,1.2,1.1,2014-01-16,0514,Aqua,MODIS,100,6.2,325.3,144.4,D,0
-31.7342,133.7307,346.5,1.2,1.1,2014-01-16,0514,Aqua,MODIS,36,6.2,322.4,19.9,D,0
-31.7364,133.718,348.9,1.2,1.1,2014-01-16,0514,Aqua,MODIS,60,6.2,322.2,22.8,D,0
-31.7385,133.7052,405.1,1.2,1.1,2014-01-16,0514,Aqua,MODIS,100,6.2,330.1,323.5,D,0
-31.7577,133.5917,368,1.2,1.1,2014-01-16,0514,Aqua,MODIS,100,6.2,325.7,97,D,0
-31.7598,133.5792,375.1,1.2,1.1,2014-01-16,0514,Aqua,MODIS,100,6.2,326.6,124.4,D,0
-31.7287,133.7029,347.1,1.2,1.1,2014-01-16,0514,Aqua,MODIS,62,6.2,324.2,21.3,D,0
-31.748,133.5894,348.4,1.2,1.1,2014-01-16,0514,Aqua,MODIS,90,6.2,323.1,28.6,D,0
-31.7501,133.5768,354.6,1.2,1.1,2014-01-16,0514,Aqua,MODIS,96,6.2,324.7,43.8,D,0
-31.7543,133.5518,370.9,1.2,1.1,2014-01-16,0514,Aqua,MODIS,100,6.2,324.7,104.7,D,0
-31.7564,133.5394,354.2,1.2,1.1,2014-01-16,0514,Aqua,MODIS,95,6.2,323.4,46.6,D,0
-31.7585,133.527,361.4,1.2,1.1,2014-01-16,0514,Aqua,MODIS,100,6.2,322.8,73.1,D,0
-31.7424,133.562,357.8,1.2,1.1,2014-01-16,0514,Aqua,MODIS,98,6.2,324.5,54.8,D,0
-31.7446,133.5496,382.4,1.2,1.1,2014-01-16,0514,Aqua,MODIS,100,6.2,327,159.5,D,0
-31.7467,133.5371,372.4,1.2,1.1,2014-01-16,0514,Aqua,MODIS,100,6.2,325,114,D,0
-31.7488,133.5247,393.4,1.2,1.1,2014-01-16,0514,Aqua,MODIS,100,6.2,327.7,234.2,D,0
-31.7369,133.5349,344.8,1.2,1.1,2014-01-16,0514,Aqua,MODIS,41,6.2,322.2,19,D,0
-31.7272,133.5326,348.8,1.2,1.1,2014-01-16,0514,Aqua,MODIS,54,6.2,323.7,30.1,D,0
-31.6807,133.7446,356.4,1.2,1.1,2014-01-16,0514,Aqua,MODIS,97,6.2,323.3,47.7,D,0
-31.7154,133.5427,354.8,1.2,1.1,2014-01-16,0514,Aqua,MODIS,95,6.2,324.5,47.2,D,0
-31.6709,133.7422,425.6,1.2,1.1,2014-01-16,0514,Aqua,MODIS,100,6.2,334.6,540.7,D,0
-31.7014,133.5654,343.1,1.2,1.1,2014-01-16,0514,Aqua,MODIS,68,6.2,325.2,15.7,D,0
-31.7035,133.5529,369.2,1.2,1.1,2014-01-16,0514,Aqua,MODIS,100,6.2,327.1,100.8,D,0
-31.7057,133.5404,356.6,1.2,1.1,2014-01-16,0514,Aqua,MODIS,97,6.2,324,54.5,D,0
-31.6721,133.7371,379.8,1.2,1.1,2014-01-16,0514,Aqua,MODIS,100,6.2,330.8,153.1,D,0
-31.7017,133.56,349.7,1.2,1.1,2014-01-16,0514,Aqua,MODIS,87,6.2,325.4,37.6,D,0
-31.7038,133.5475,362.8,1.2,1.1,2014-01-16,0514,Aqua,MODIS,100,6.2,327,81.6,D,0
-31.6601,133.7475,359.7,1.2,1.1,2014-01-16,0514,Aqua,MODIS,99,6.2,325.9,64,D,0
-31.6899,133.5702,354.1,1.2,1.1,2014-01-16,0514,Aqua,MODIS,95,6.2,325.7,49.5,D,0
-31.692,133.5577,350.8,1.2,1.1,2014-01-16,0514,Aqua,MODIS,92,6.2,323.8,41.1,D,0
-31.6738,133.6056,342.9,1.2,1.1,2014-01-16,0514,Aqua,MODIS,75,6.2,324.8,16.9,D,0
-31.6759,133.593,357.1,1.2,1.1,2014-01-16,0514,Aqua,MODIS,97,6.2,325.2,56.5,D,0
-31.678,133.5805,349.6,1.2,1.1,2014-01-16,0514,Aqua,MODIS,85,6.2,323.9,35.3,D,0
-31.6619,133.6159,346.2,1.2,1.1,2014-01-16,0514,Aqua,MODIS,88,6.2,325.5,25,D,0
-31.664,133.6033,366.9,1.2,1.1,2014-01-16,0514,Aqua,MODIS,100,6.2,325.9,92.9,D,0
-27.6629,141.6648,337.7,4.7,2,2014-01-16,0514,Aqua,MODIS,71,6.2,303,207.9,D,0
-27.6392,141.607,335.6,4.7,2,2014-01-16,0514,Aqua,MODIS,62,6.2,306.4,137.2,D,0
-27.6489,141.6565,336,4.7,2,2014-01-16,0514,Aqua,MODIS,49,6.2,310.2,149.4,D,0
-27.6425,141.6039,333.7,4.7,2,2014-01-16,0514,Aqua,MODIS,32,6.2,306.8,110.1,D,0
-27.6665,141.6619,344,4.7,2,2014-01-16,0514,Aqua,MODIS,85,6.2,300.7,293.6,D,0
-27.6907,141.7845,368.4,4.8,2,2014-01-16,0514,Aqua,MODIS,100,6.2,310.2,918.5,D,0
-27.6377,141.7039,345.9,4.8,2,2014-01-16,0514,Aqua,MODIS,88,6.2,307.3,304.4,D,0
-31.4627,120.6401,344.4,3.1,1.7,2014-01-16,0514,Aqua,MODIS,82,6.2,317.7,162.2,D,0
-31.4323,120.6373,350.1,3.1,1.7,2014-01-16,0514,Aqua,MODIS,93,6.2,315.5,236,D,0
-31.4345,120.6045,344,3.1,1.7,2014-01-16,0514,Aqua,MODIS,88,6.2,318.3,171.5,D,0
-31.417,120.6359,373.1,3.1,1.7,2014-01-16,0514,Aqua,MODIS,100,6.2,315.8,583.4,D,0
-31.4192,120.603,351.4,3.1,1.7,2014-01-16,0514,Aqua,MODIS,94,6.2,315.1,259.1,D,0
-31.4355,120.6333,342.4,3.1,1.7,2014-01-16,0514,Aqua,MODIS,87,6.2,316,164.9,D,0
-31.4203,120.632,375.3,3.1,1.7,2014-01-16,0514,Aqua,MODIS,100,6.2,317.4,628.1,D,0
-31.4227,120.5992,344.4,3.1,1.7,2014-01-16,0514,Aqua,MODIS,89,6.2,315.4,187.9,D,0
-31.405,120.6305,339.7,3.1,1.7,2014-01-16,0514,Aqua,MODIS,84,6.2,308.6,152.5,D,0
-30.4738,123.4311,345.6,2,1.4,2014-01-16,0514,Aqua,MODIS,89,6.2,312.1,86.8,D,0
-30.4757,123.4104,347.4,2,1.4,2014-01-16,0514,Aqua,MODIS,91,6.2,312.6,94,D,0
-30.4614,123.4295,364.1,2,1.4,2014-01-16,0514,Aqua,MODIS,100,6.2,313.3,205.8,D,0
-30.4633,123.4088,370,2,1.4,2014-01-16,0514,Aqua,MODIS,100,6.2,314.2,253.3,D,0
-31.8065,133.1198,388.8,1.1,1.1,2014-01-16,0514,Aqua,MODIS,100,6.2,328.3,190.3,D,0
-31.8085,133.1079,432.1,1.1,1.1,2014-01-16,0514,Aqua,MODIS,100,6.2,339.4,571.7,D,0
-31.7553,133.115,360.1,1.1,1.1,2014-01-16,0514,Aqua,MODIS,100,6.2,325.3,63.9,D,0
-31.783,133.2017,402.8,1.1,1.1,2014-01-16,0514,Aqua,MODIS,100,6.2,320.4,291.2,D,0
-31.7659,133.1853,357.8,1.1,1.1,2014-01-16,0514,Aqua,MODIS,86,6.2,330,46.6,D,0
-31.785,133.1897,392.5,1.1,1.1,2014-01-16,0514,Aqua,MODIS,100,6.2,331.5,216.5,D,0
-31.789,133.1656,352.7,1.1,1.1,2014-01-16,0514,Aqua,MODIS,56,6.2,328.3,39.3,D,0
-31.7398,133.1487,348.9,1.1,1.1,2014-01-16,0514,Aqua,MODIS,58,6.2,324.3,26.6,D,0
-31.791,133.1536,363.4,1.1,1.1,2014-01-16,0514,Aqua,MODIS,100,6.2,328.9,71.5,D,0
-31.793,133.1416,377.6,1.1,1.1,2014-01-16,0514,Aqua,MODIS,100,6.2,330.6,126.2,D,0
-31.795,133.1296,360.1,1.1,1.1,2014-01-16,0514,Aqua,MODIS,100,6.2,324.6,62.6,D,0
-31.797,133.1177,359.3,1.1,1.1,2014-01-16,0514,Aqua,MODIS,99,6.2,320.5,62.5,D,0
-31.799,133.1057,366.2,1.1,1.1,2014-01-16,0514,Aqua,MODIS,100,6.2,323.6,86.8,D,0
-31.7714,133.2116,344.6,1.1,1.1,2014-01-16,0514,Aqua,MODIS,75,6.2,311.9,26.2,D,0
-31.7734,133.1995,475.7,1.1,1.1,2014-01-16,0514,Aqua,MODIS,100,6.2,400.1,1310.1,D,0
-31.7754,133.1875,396.4,1.1,1.1,2014-01-16,0514,Aqua,MODIS,100,6.2,335.8,241.4,D,0
-31.7795,133.1634,350,1.1,1.1,2014-01-16,0514,Aqua,MODIS,53,6.2,328.1,25.7,D,0
-31.7815,133.1514,373.4,1.1,1.1,2014-01-16,0514,Aqua,MODIS,100,6.2,329.8,103.5,D,0
-31.7835,133.1394,387.8,1.1,1.1,2014-01-16,0514,Aqua,MODIS,100,6.2,331.5,180.4,D,0
-31.7855,133.1274,357.6,1.1,1.1,2014-01-16,0514,Aqua,MODIS,93,6.2,322.5,55.7,D,0
-31.7719,133.1492,355.3,1.1,1.1,2014-01-16,0514,Aqua,MODIS,92,6.2,325.4,39.3,D,0
-31.7606,133.2036,386.8,1.1,1.1,2014-01-16,0514,Aqua,MODIS,100,6.2,322.6,183.8,D,0
-31.7626,133.1915,384.1,1.1,1.1,2014-01-16,0514,Aqua,MODIS,100,6.2,335.6,166.9,D,0
-31.751,133.2013,414.6,1.1,1.1,2014-01-16,0514,Aqua,MODIS,100,6.2,328.7,390,D,0
-31.753,133.1893,374.6,1.1,1.1,2014-01-16,0514,Aqua,MODIS,100,6.2,331.8,117.9,D,0
-31.7648,133.1172,352.8,1.1,1.1,2014-01-16,0514,Aqua,MODIS,78,6.2,323.9,45,D,0
-31.7395,133.2112,346,1.2,1.1,2014-01-16,0514,Aqua,MODIS,87,6.2,319.5,24.9,D,0
-31.7339,133.1848,351.1,1.1,1.1,2014-01-16,0514,Aqua,MODIS,74,6.2,325.7,29.3,D,0
-31.7414,133.1991,431,1.1,1.1,2014-01-16,0514,Aqua,MODIS,100,6.2,337.2,560.2,D,0
-31.8177,133.1723,361.6,1.1,1.1,2014-01-16,0514,Aqua,MODIS,61,6.2,328.3,76.8,D,0
-31.8217,133.1482,343.5,1.1,1.1,2014-01-16,0514,Aqua,MODIS,37,6.2,321.2,25.1,D,0
-31.8252,133.1865,364.9,1.1,1.1,2014-01-16,0514,Aqua,MODIS,87,6.2,313.9,90.5,D,0
-31.8368,133.1767,348.5,1.1,1.1,2014-01-16,0514,Aqua,MODIS,85,6.2,311.1,43.6,D,0
-31.8483,133.1669,352.9,1.1,1.1,2014-01-16,0514,Aqua,MODIS,94,6.2,320.8,55.6,D,0
-31.8463,133.1789,350.1,1.1,1.1,2014-01-16,0514,Aqua,MODIS,79,6.2,314.8,46.7,D,0
-31.8579,133.1691,346.3,1.1,1.1,2014-01-16,0514,Aqua,MODIS,85,6.2,316,39.1,D,0
-31.8605,133.1763,340.7,1.1,1.1,2014-01-16,0514,Aqua,MODIS,64,6.2,311.6,30.1,D,0
-31.7434,133.187,362.7,1.1,1.1,2014-01-16,0514,Aqua,MODIS,100,6.2,330.2,61.9,D,0
-31.8272,133.1745,372.1,1.1,1.1,2014-01-16,0514,Aqua,MODIS,94,6.2,326.6,118.1,D,0
-31.7438,133.1247,353.5,1.1,1.1,2014-01-16,0514,Aqua,MODIS,95,6.2,325,45,D,0
-31.7418,133.1367,375.8,1.1,1.1,2014-01-16,0514,Aqua,MODIS,100,6.2,327.2,124.2,D,0
-31.8117,133.2084,340.3,1.1,1.1,2014-01-16,0514,Aqua,MODIS,80,6.2,315.6,21.3,D,0
-31.7223,133.1946,354.6,1.1,1.1,2014-01-16,0514,Aqua,MODIS,96,6.2,315.2,46.2,D,0
-31.8021,133.2061,332.2,1.1,1.1,2014-01-16,0514,Aqua,MODIS,26,6.2,314.1,6.4,D,0
-31.7283,133.1585,358.4,1.1,1.1,2014-01-16,0514,Aqua,MODIS,73,6.2,325.1,58.1,D,0
-31.7303,133.1465,373.6,1.1,1.1,2014-01-16,0514,Aqua,MODIS,100,6.2,325.5,116.7,D,0
-31.8137,133.1963,369.1,1.1,1.1,2014-01-16,0514,Aqua,MODIS,100,6.2,318.3,106.2,D,0
-31.7299,133.2089,340.8,1.2,1.1,2014-01-16,0514,Aqua,MODIS,53,6.2,303.6,13,D,0
-31.7319,133.1969,378.8,1.1,1.1,2014-01-16,0514,Aqua,MODIS,100,6.2,319.1,135.5,D,0
-31.7618,133.2094,358.8,1.1,1.1,2014-01-16,0514,Aqua,MODIS,99,6.2,317.1,61.7,D,0
-31.7638,133.1973,432.7,1.1,1.1,2014-01-16,0514,Aqua,MODIS,100,6.2,337.2,580.4,D,0
-31.8157,133.1843,374.1,1.1,1.1,2014-01-16,0514,Aqua,MODIS,100,6.2,327.5,127.4,D,0
-31.8041,133.1941,367.8,1.1,1.1,2014-01-16,0514,Aqua,MODIS,100,6.2,318.2,98.1,D,0
-31.8061,133.1821,360.1,1.1,1.1,2014-01-16,0514,Aqua,MODIS,100,6.2,324.9,69.3,D,0
-31.8121,133.146,354.1,1.1,1.1,2014-01-16,0514,Aqua,MODIS,77,6.2,324.8,49.2,D,0
-31.8141,133.134,358.6,1.1,1.1,2014-01-16,0514,Aqua,MODIS,99,6.2,322,62.1,D,0
-31.8161,133.1221,389.4,1.1,1.1,2014-01-16,0514,Aqua,MODIS,100,6.2,324.9,196.8,D,0
-31.818,133.1101,410.3,1.1,1.1,2014-01-16,0514,Aqua,MODIS,100,6.2,328.2,346.7,D,0
-31.7926,133.2039,351.2,1.1,1.1,2014-01-16,0514,Aqua,MODIS,93,6.2,314.5,43.2,D,0
-31.7946,133.1919,371.2,1.1,1.1,2014-01-16,0514,Aqua,MODIS,100,6.2,321.7,109.8,D,0
-31.7966,133.1799,351.4,1.1,1.1,2014-01-16,0514,Aqua,MODIS,66,6.2,325.9,40.2,D,0
-31.8006,133.1558,354.1,1.1,1.1,2014-01-16,0514,Aqua,MODIS,61,6.2,326.6,44.6,D,0
-31.7533,133.1269,361,1.1,1.1,2014-01-16,0514,Aqua,MODIS,100,6.2,325.5,64.4,D,0
-31.8026,133.1438,373.1,1.1,1.1,2014-01-16,0514,Aqua,MODIS,100,6.2,329.7,111.3,D,0
-31.8046,133.1318,366,1.1,1.1,2014-01-16,0514,Aqua,MODIS,100,6.2,326,85.6,D,0
-27.2891,122.7836,338.4,2,1.4,2014-01-16,0515,Aqua,MODIS,68,6.2,301.6,61.1,D,0
-28.4399,122.3724,341.8,2.2,1.4,2014-01-16,0515,Aqua,MODIS,83,6.2,315.6,60,D,0
-28.442,122.35,337.6,2.2,1.4,2014-01-16,0515,Aqua,MODIS,76,6.2,317.7,38.8,D,0
-28.427,122.3708,367.6,2.2,1.4,2014-01-16,0515,Aqua,MODIS,100,6.2,316.1,253.6,D,0
-28.429,122.3484,341.8,2.2,1.4,2014-01-16,0515,Aqua,MODIS,83,6.2,317.6,59.4,D,0
-28.414,122.3693,334.5,2.2,1.4,2014-01-16,0515,Aqua,MODIS,48,6.2,312.6,27.4,D,0
-28.416,122.3468,337.5,2.2,1.4,2014-01-16,0515,Aqua,MODIS,62,6.2,315.8,39.5,D,0
-30.449,123.4277,353.7,2,1.4,2014-01-16,0515,Aqua,MODIS,72,6.2,308.6,132.6,D,0
-30.4509,123.4072,349.1,2,1.4,2014-01-16,0515,Aqua,MODIS,70,6.2,310.4,101.9,D,0
-30.4721,123.4256,352.8,2,1.4,2014-01-16,0515,Aqua,MODIS,72,6.2,313.6,128.4,D,0
-30.4741,123.405,338.9,2,1.4,2014-01-16,0515,Aqua,MODIS,63,6.2,312.1,55.8,D,0
-30.4577,123.4445,338.2,2,1.4,2014-01-16,0515,Aqua,MODIS,82,6.2,308.5,56.8,D,0
-30.4597,123.424,371.1,2,1.4,2014-01-16,0515,Aqua,MODIS,100,6.2,314.5,267,D,0
-30.4617,123.4034,353.9,2,1.4,2014-01-16,0515,Aqua,MODIS,96,6.2,312.9,133.8,D,0
-30.4454,123.4428,326.1,2,1.4,2014-01-16,0515,Aqua,MODIS,34,6.2,307.1,14.1,D,0
-30.4473,123.4223,346.5,2,1.4,2014-01-16,0515,Aqua,MODIS,90,6.2,308,95.7,D,0
-30.4493,123.4018,334,2,1.4,2014-01-16,0515,Aqua,MODIS,69,6.2,309.8,36.6,D,0
-20.7421,120.9299,342.6,2.2,1.4,2014-01-16,0517,Aqua,MODIS,86,6.2,299.1,87,D,0
-20.7399,120.9509,351.7,2.2,1.4,2014-01-16,0517,Aqua,MODIS,94,6.2,307,142.7,D,0
-20.742,120.9459,355.3,2.2,1.4,2014-01-16,0517,Aqua,MODIS,97,6.2,305.8,167.9,D,0
-22.3596,118.1492,328.2,3.7,1.8,2014-01-16,0517,Aqua,MODIS,39,6.2,297.9,56.2,D,0
-38.1337,146.1972,319,1.2,1.1,2014-01-16,1258,Terra,MODIS,98,6.2,292.3,20.9,N,0
-38.1353,146.184,310.4,1.2,1.1,2014-01-16,1258,Terra,MODIS,80,6.2,291.4,12.2,N,0
-37.0415,147.9663,303.9,1,1,2014-01-16,1259,Terra,MODIS,41,6.2,290.3,6.5,N,0
-37.0431,147.9548,315.5,1,1,2014-01-16,1259,Terra,MODIS,91,6.2,291.1,14.7,N,0
-36.7884,148.9845,333.9,1,1,2014-01-16,1259,Terra,MODIS,100,6.2,293.8,33.7,N,0
-36.7794,148.9824,304.2,1,1,2014-01-16,1259,Terra,MODIS,59,6.2,291.4,5.7,N,0
-36.79,148.9733,328.5,1,1,2014-01-16,1259,Terra,MODIS,100,6.2,291.5,26.7,N,0
-37.5198,148.8858,307.4,1,1,2014-01-16,1259,Terra,MODIS,71,6.2,294.3,6.9,N,0
-36.2907,147.2696,350.5,1,1,2014-01-16,1259,Terra,MODIS,100,6.2,301,64.4,N,0
-36.2999,147.2716,311.9,1,1,2014-01-16,1259,Terra,MODIS,84,6.2,296.6,9.1,N,0
-36.2768,147.1602,334.5,1,1,2014-01-16,1259,Terra,MODIS,100,6.2,297.9,33.7,N,0
-36.2783,147.1485,315.6,1,1,2014-01-16,1259,Terra,MODIS,92,6.2,297.7,11.4,N,0
-36.2891,147.2815,357.6,1,1,2014-01-16,1259,Terra,MODIS,100,6.2,301.9,81.9,N,0
-37.5503,146.061,305.8,1.2,1.1,2014-01-16,1259,Terra,MODIS,66,6.2,294,6.7,N,0
-37.4795,148.8416,307.7,1,1,2014-01-16,1259,Terra,MODIS,72,6.2,291.8,6.7,N,0
-37.2692,148.5076,315.5,1,1,2014-01-16,1259,Terra,MODIS,91,6.2,294.5,12.7,N,0
-37.2708,148.4962,315.1,1,1,2014-01-16,1259,Terra,MODIS,91,6.2,294.8,12.5,N,0
-36.2815,147.2677,345.6,1,1,2014-01-16,1259,Terra,MODIS,100,6.2,298.8,53.9,N,0
-37.5214,148.8745,322.8,1,1,2014-01-16,1259,Terra,MODIS,100,6.2,293.2,19.8,N,0
-36.2983,147.2833,316.5,1,1,2014-01-16,1259,Terra,MODIS,93,6.2,297,12.9,N,0
-36.2799,147.2797,339.8,1,1,2014-01-16,1259,Terra,MODIS,100,6.2,297.5,43.1,N,0
-35.8479,140.5503,358,2.2,1.4,2014-01-16,1259,Terra,MODIS,100,6.2,304.3,250.4,N,0
-35.9277,140.6467,316.6,2.2,1.4,2014-01-16,1259,Terra,MODIS,93,6.2,299,36.9,N,0
-35.9202,140.5706,347.5,2.2,1.4,2014-01-16,1259,Terra,MODIS,100,6.2,301.4,170.3,N,0
-35.922,140.5455,411.1,2.2,1.4,2014-01-16,1259,Terra,MODIS,100,6.2,311.2,1043.4,N,0
-35.907,140.5691,359.2,2.2,1.4,2014-01-16,1259,Terra,MODIS,100,6.2,301.9,256.1,N,0
-35.9088,140.544,413.3,2.2,1.4,2014-01-16,1259,Terra,MODIS,100,6.2,311.9,1092.8,N,0
-35.9307,140.6416,314.1,2.2,1.4,2014-01-16,1259,Terra,MODIS,81,6.2,298.8,28.3,N,0
-35.9236,140.5655,360.6,2.2,1.4,2014-01-16,1259,Terra,MODIS,100,6.2,303.1,269.1,N,0
-35.9257,140.5404,383.2,2.2,1.4,2014-01-16,1259,Terra,MODIS,100,6.2,306.2,526.4,N,0
-35.9104,140.564,381.8,2.2,1.4,2014-01-16,1259,Terra,MODIS,100,6.2,305.9,504,N,0
-35.9125,140.5389,401,2.2,1.4,2014-01-16,1259,Terra,MODIS,100,6.2,309.4,825.3,N,0
-35.8973,140.5625,378.2,2.2,1.4,2014-01-16,1259,Terra,MODIS,100,6.2,305.8,457.6,N,0
-35.8992,140.5375,383.2,2.2,1.4,2014-01-16,1259,Terra,MODIS,100,6.2,306.7,525.9,N,0
-35.8841,140.561,393.9,2.2,1.4,2014-01-16,1259,Terra,MODIS,100,6.2,308.1,691.5,N,0
-35.886,140.536,385.9,2.2,1.4,2014-01-16,1259,Terra,MODIS,100,6.2,306.3,565.2,N,0
-35.8709,140.5595,395.5,2.2,1.4,2014-01-16,1259,Terra,MODIS,100,6.2,308,721.3,N,0
-35.8728,140.5345,374.7,2.2,1.4,2014-01-16,1259,Terra,MODIS,100,6.2,304.3,416.3,N,0
-35.8577,140.5581,380.2,2.2,1.4,2014-01-16,1259,Terra,MODIS,100,6.2,306,484.9,N,0
-35.8596,140.533,348.4,2.2,1.4,2014-01-16,1259,Terra,MODIS,100,6.2,301.6,177.3,N,0
-35.8445,140.5565,358.2,2.2,1.4,2014-01-16,1259,Terra,MODIS,100,6.2,303.1,251.2,N,0
-35.8464,140.5315,327.6,2.2,1.4,2014-01-16,1259,Terra,MODIS,100,6.2,299.8,70.1,N,0
-35.8314,140.555,338.5,2.2,1.4,2014-01-16,1259,Terra,MODIS,100,6.2,300.9,120.3,N,0
-35.8182,140.5535,321,2.2,1.4,2014-01-16,1259,Terra,MODIS,100,6.2,299.1,47.4,N,0
-35.8327,140.5737,311.9,2.2,1.4,2014-01-16,1259,Terra,MODIS,11,6.2,298.3,23.6,N,0
-35.8348,140.5488,338.9,2.2,1.4,2014-01-16,1259,Terra,MODIS,100,6.2,301.1,121.1,N,0
-35.8196,140.5722,309.1,2.2,1.4,2014-01-16,1259,Terra,MODIS,13,6.2,298.2,18.4,N,0
-35.8216,140.5473,314.8,2.2,1.4,2014-01-16,1259,Terra,MODIS,89,6.2,299.2,30.9,N,0
-35.659,142.0116,332.7,1.8,1.3,2014-01-16,1259,Terra,MODIS,100,6.2,298.5,68.2,N,0
-35.6728,141.9932,307.6,1.8,1.3,2014-01-16,1259,Terra,MODIS,38,6.2,297.3,14,N,0
-35.7396,141.9883,313.9,1.8,1.3,2014-01-16,1259,Terra,MODIS,88,6.2,296,26.3,N,0
-37.162,142.2579,307.6,1.8,1.3,2014-01-16,1259,Terra,MODIS,71,6.2,296.7,11.7,N,0
-37.0232,142.3299,310.7,1.8,1.3,2014-01-16,1259,Terra,MODIS,70,6.2,296.8,11.5,N,0
-37.0113,142.3282,320.1,1.8,1.3,2014-01-16,1259,Terra,MODIS,100,6.2,297.7,29.5,N,0
-36.9994,142.3266,354.7,1.8,1.3,2014-01-16,1259,Terra,MODIS,100,6.2,300.7,157.2,N,0
-36.9875,142.3249,324.4,1.8,1.3,2014-01-16,1259,Terra,MODIS,100,6.2,299.5,38.6,N,0
-36.9756,142.3233,351.3,1.8,1.3,2014-01-16,1259,Terra,MODIS,100,6.2,300.8,140,N,0
-35.2851,142.2715,313.3,1.7,1.3,2014-01-16,1259,Terra,MODIS,28,6.2,301.5,17.5,N,0
-35.2635,142.2493,313.7,1.7,1.3,2014-01-16,1259,Terra,MODIS,13,6.2,299.9,15.7,N,0
-35.2653,142.2303,316.9,1.7,1.3,2014-01-16,1259,Terra,MODIS,54,6.2,298,23,N,0
-35.2415,142.3606,310,1.7,1.3,2014-01-16,1259,Terra,MODIS,21,6.2,298.5,14.4,N,0
-35.2518,142.2476,316.5,1.7,1.3,2014-01-16,1259,Terra,MODIS,62,6.2,300.7,21.7,N,0
-35.9328,140.9165,315.4,2.1,1.4,2014-01-16,1259,Terra,MODIS,91,6.2,297.1,33.1,N,0
-35.9347,140.8927,314.3,2.1,1.4,2014-01-16,1259,Terra,MODIS,89,6.2,297.2,30.7,N,0
-37.002,142.4307,324,1.8,1.3,2014-01-16,1259,Terra,MODIS,100,6.2,299.5,40.1,N,0
-37.0213,142.3506,310.8,1.8,1.3,2014-01-16,1259,Terra,MODIS,76,6.2,298.8,11.4,N,0
-37.0195,142.3708,363.1,1.8,1.3,2014-01-16,1259,Terra,MODIS,100,6.2,306.7,207,N,0
-37.0176,142.3913,384.9,1.8,1.3,2014-01-16,1259,Terra,MODIS,100,6.2,311.7,390.4,N,0
-37.0157,142.4122,347.5,1.8,1.3,2014-01-16,1259,Terra,MODIS,100,6.2,303.1,121,N,0
-37.0138,142.4331,324.7,1.8,1.3,2014-01-16,1259,Terra,MODIS,100,6.2,299.6,41.2,N,0
-37.0314,142.372,325.6,1.8,1.3,2014-01-16,1259,Terra,MODIS,100,6.2,299.3,43.2,N,0
-37.0295,142.3923,398.9,1.8,1.3,2014-01-16,1259,Terra,MODIS,100,6.2,311.4,557.9,N,0
-37.0276,142.4134,356.3,1.8,1.3,2014-01-16,1259,Terra,MODIS,100,6.2,304,165.8,N,0
-37.0255,142.4355,313.4,1.8,1.3,2014-01-16,1259,Terra,MODIS,59,6.2,297.9,17.3,N,0
-37.0414,142.394,345.1,1.8,1.3,2014-01-16,1259,Terra,MODIS,100,6.2,301.6,109,N,0
-37.0057,142.3902,350.4,1.8,1.3,2014-01-16,1259,Terra,MODIS,100,6.2,305,134.3,N,0
-36.9666,142.4253,330,1.8,1.3,2014-01-16,1259,Terra,MODIS,100,6.2,300.2,55.3,N,0
-36.9903,142.4281,324.8,1.8,1.3,2014-01-16,1259,Terra,MODIS,100,6.2,299.4,42.1,N,0
-36.9919,142.4095,318,1.8,1.3,2014-01-16,1259,Terra,MODIS,96,6.2,299.1,25.1,N,0
-36.9938,142.3885,344.5,1.8,1.3,2014-01-16,1259,Terra,MODIS,100,6.2,304.1,107,N,0
-36.9649,142.444,315.5,1.8,1.3,2014-01-16,1259,Terra,MODIS,91,6.2,299.6,21.3,N,0
-37.0093,142.3496,370.6,1.8,1.3,2014-01-16,1259,Terra,MODIS,100,6.2,307.7,263.1,N,0
-36.9957,142.3682,367.5,1.8,1.3,2014-01-16,1259,Terra,MODIS,100,6.2,309.7,236.8,N,0
-36.9883,142.4498,317.4,1.8,1.3,2014-01-16,1259,Terra,MODIS,95,6.2,299.3,25,N,0
-36.9975,142.3472,405.5,1.8,1.3,2014-01-16,1259,Terra,MODIS,100,6.2,313,654.7,N,0
-36.9766,142.4468,361,1.8,1.3,2014-01-16,1259,Terra,MODIS,100,6.2,304,192.1,N,0
-36.9784,142.4265,337.7,1.8,1.3,2014-01-16,1259,Terra,MODIS,100,6.2,300.8,79.4,N,0
-37.0075,142.3702,390.7,1.8,1.3,2014-01-16,1259,Terra,MODIS,100,6.2,315.3,454.7,N,0
-36.9801,142.4081,312.1,1.8,1.3,2014-01-16,1259,Terra,MODIS,84,6.2,298.3,13.9,N,0
-36.982,142.3866,337.8,1.8,1.3,2014-01-16,1259,Terra,MODIS,100,6.2,302.2,80.1,N,0
-36.9682,142.4065,324,1.8,1.3,2014-01-16,1259,Terra,MODIS,100,6.2,299.2,39.1,N,0
-37.0038,142.4108,330.3,1.8,1.3,2014-01-16,1259,Terra,MODIS,100,6.2,300.6,56.6,N,0
-36.9839,142.3658,363.8,1.8,1.3,2014-01-16,1259,Terra,MODIS,100,6.2,307.5,211.8,N,0
-36.9857,142.3453,352.7,1.8,1.3,2014-01-16,1259,Terra,MODIS,100,6.2,305.2,146.8,N,0
-37.0394,142.415,358.7,1.8,1.3,2014-01-16,1259,Terra,MODIS,100,6.2,304.5,182.1,N,0
-37.0373,142.4373,309.5,1.8,1.3,2014-01-16,1259,Terra,MODIS,77,6.2,297,12.8,N,0
-37.0251,142.3769,367.9,1.8,1.3,2014-01-16,1259,Terra,MODIS,100,6.2,305.3,242.3,N,0
-37.0233,142.3976,395.2,1.8,1.3,2014-01-16,1259,Terra,MODIS,100,6.2,311.6,509.4,N,0
-37.0215,142.4185,338.5,1.8,1.3,2014-01-16,1259,Terra,MODIS,100,6.2,301.4,86.2,N,0
-37.0196,142.4404,310.4,1.8,1.3,2014-01-16,1259,Terra,MODIS,79,6.2,297.6,14,N,0
-37.037,142.3783,331,1.8,1.3,2014-01-16,1259,Terra,MODIS,100,6.2,298.8,58.6,N,0
-37.0352,142.3988,394.5,1.8,1.3,2014-01-16,1259,Terra,MODIS,100,6.2,309.9,500.7,N,0
-37.0333,142.4204,355.7,1.8,1.3,2014-01-16,1259,Terra,MODIS,100,6.2,302.5,165.1,N,0
-37.047,142.4006,315,1.8,1.3,2014-01-16,1259,Terra,MODIS,90,6.2,299,21.1,N,0
-37.0451,142.4223,319.5,1.8,1.3,2014-01-16,1259,Terra,MODIS,99,6.2,299,31.3,N,0
-36.9564,142.4044,345,1.8,1.3,2014-01-16,1259,Terra,MODIS,100,6.2,300,109.4,N,0
-36.9601,142.3624,331,1.8,1.3,2014-01-16,1259,Terra,MODIS,100,6.2,300.7,59.2,N,0
-36.9619,142.342,309.3,1.8,1.3,2014-01-16,1259,Terra,MODIS,56,6.2,297.8,10.9,N,0
-36.9701,142.3857,337.7,1.8,1.3,2014-01-16,1259,Terra,MODIS,100,6.2,301.7,80.2,N,0
-36.9506,142.3969,342.7,1.8,1.3,2014-01-16,1259,Terra,MODIS,100,6.2,299,99.8,N,0
-36.9525,142.3759,343.6,1.8,1.3,2014-01-16,1259,Terra,MODIS,100,6.2,300.3,104,N,0
-36.972,142.364,349.6,1.8,1.3,2014-01-16,1259,Terra,MODIS,100,6.2,303.9,131.2,N,0
-36.9738,142.3437,386.2,1.8,1.3,2014-01-16,1259,Terra,MODIS,100,6.2,308.2,406.3,N,0
-36.9582,142.3842,392.4,1.8,1.3,2014-01-16,1259,Terra,MODIS,100,6.2,306.8,473.4,N,0
-35.6489,141.99,318.2,1.8,1.3,2014-01-16,1259,Terra,MODIS,60,6.2,298.4,30.3,N,0
-35.6608,141.9916,329.6,1.8,1.3,2014-01-16,1259,Terra,MODIS,100,6.2,300.5,59.7,N,0
-33.2006,150.5247,312,1.1,1.1,2014-01-16,1300,Terra,MODIS,72,6.2,296.7,11.1,N,0
-32.684,150.7282,318.7,1.2,1.1,2014-01-16,1300,Terra,MODIS,71,6.2,294.9,17.9,N,0
-32.6527,150.8524,312.5,1.2,1.1,2014-01-16,1300,Terra,MODIS,30,6.2,295.2,11.9,N,0
-32.6408,150.8627,320.5,1.2,1.1,2014-01-16,1300,Terra,MODIS,100,6.2,295.5,21.2,N,0
-32.6387,150.8695,307.9,1.2,1.1,2014-01-16,1300,Terra,MODIS,73,6.2,294.4,9.3,N,0
-32.6408,150.8571,318.3,1.2,1.1,2014-01-16,1300,Terra,MODIS,97,6.2,295.3,19.9,N,0
-32.6289,150.8672,311.3,1.2,1.1,2014-01-16,1300,Terra,MODIS,82,6.2,294.8,12.2,N,0
-32.6018,150.8472,312.4,1.2,1.1,2014-01-16,1300,Terra,MODIS,85,6.2,294.5,13.5,N,0
-32.5997,150.8601,311.3,1.2,1.1,2014-01-16,1300,Terra,MODIS,82,6.2,294.2,12.7,N,0
-33.1932,150.5095,320.5,1.1,1.1,2014-01-16,1300,Terra,MODIS,100,6.2,296.1,19.6,N,0
-33.1837,150.507,318.8,1.1,1.1,2014-01-16,1300,Terra,MODIS,73,6.2,295.3,16.9,N,0
-33.1857,150.4951,323.7,1.1,1.1,2014-01-16,1300,Terra,MODIS,99,6.2,296.5,22.8,N,0
-33.1333,150.5522,308.4,1.1,1.1,2014-01-16,1300,Terra,MODIS,75,6.2,294.9,9.4,N,0
-30.3343,148.4854,305.6,1,1,2014-01-16,1300,Terra,MODIS,65,6.2,294.2,6.1,N,0
-32.6094,150.8625,313.8,1.2,1.1,2014-01-16,1300,Terra,MODIS,88,6.2,294.7,15,N,0
-32.6192,150.8648,311.8,1.2,1.1,2014-01-16,1300,Terra,MODIS,83,6.2,294.7,12.4,N,0
-32.6883,150.703,313,1.2,1.1,2014-01-16,1300,Terra,MODIS,86,6.2,294.4,12.5,N,0
-32.7214,150.6854,306.4,1.2,1.1,2014-01-16,1300,Terra,MODIS,59,6.2,293.9,7.2,N,0
-33.1762,150.4927,310.9,1.1,1.1,2014-01-16,1300,Terra,MODIS,57,6.2,294.9,9.9,N,0
-33.1782,150.4807,306.4,1.1,1.1,2014-01-16,1300,Terra,MODIS,58,6.2,294.8,6.5,N,0
-32.7118,150.6828,311.2,1.2,1.1,2014-01-16,1300,Terra,MODIS,81,6.2,294.3,10.7,N,0
-32.6493,150.8062,306.5,1.2,1.1,2014-01-16,1300,Terra,MODIS,28,6.2,294.7,7.2,N,0
-32.6222,150.7864,319.4,1.2,1.1,2014-01-16,1300,Terra,MODIS,78,6.2,295.5,18.8,N,0
-32.6125,150.784,309.7,1.2,1.1,2014-01-16,1300,Terra,MODIS,53,6.2,295,9.4,N,0
-32.6049,150.7691,313.2,1.2,1.1,2014-01-16,1300,Terra,MODIS,78,6.2,295.1,12.5,N,0
-32.607,150.7567,305.4,1.2,1.1,2014-01-16,1300,Terra,MODIS,14,6.2,295.2,5.8,N,0
-32.7319,150.6227,311.3,1.2,1.1,2014-01-16,1300,Terra,MODIS,82,6.2,294.5,11.4,N,0
-32.734,150.6102,308.8,1.2,1.1,2014-01-16,1300,Terra,MODIS,76,6.2,293.9,9.7,N,0
-32.7022,150.6801,316.8,1.2,1.1,2014-01-16,1300,Terra,MODIS,94,6.2,294.6,16.6,N,0
-32.6797,150.7537,316.3,1.2,1.1,2014-01-16,1300,Terra,MODIS,50,6.2,295.4,15.2,N,0
-32.6818,150.741,318.1,1.2,1.1,2014-01-16,1300,Terra,MODIS,31,6.2,295.1,16.4,N,0
-33.2026,150.5123,309.6,1.1,1.1,2014-01-16,1300,Terra,MODIS,36,6.2,296.2,8.8,N,0
-32.554,135.5471,315.9,4.4,1.9,2014-01-16,1300,Terra,MODIS,90,6.2,296.9,86.4,N,0
-33.9569,140.6631,315.4,2.1,1.4,2014-01-16,1300,Terra,MODIS,89,6.2,302.4,26.1,N,0
-32.9632,138.1214,315.1,3,1.6,2014-01-16,1300,Terra,MODIS,72,6.2,299.9,49.9,N,0
-33.9444,140.4988,316.4,2.1,1.4,2014-01-16,1300,Terra,MODIS,20,6.2,301.9,24.9,N,0
-34.0388,140.4626,315.6,2.1,1.4,2014-01-16,1300,Terra,MODIS,53,6.2,302.6,27.5,N,0
-32.993,138.1254,316.8,3,1.6,2014-01-16,1300,Terra,MODIS,63,6.2,300.1,56,N,0
-34.405,140.5534,326.8,2.1,1.4,2014-01-16,1300,Terra,MODIS,100,6.2,302.5,62.2,N,0
-34.4071,140.5299,314,2.1,1.4,2014-01-16,1300,Terra,MODIS,86,6.2,301.4,24.5,N,0
-32.9781,138.1231,318.2,3,1.6,2014-01-16,1300,Terra,MODIS,74,6.2,300.5,61.9,N,0
-32.9645,138.1146,321.6,3,1.6,2014-01-16,1300,Terra,MODIS,100,6.2,300.9,78.7,N,0
-33.9716,140.6419,318.1,2.1,1.4,2014-01-16,1300,Terra,MODIS,95,6.2,303,32.8,N,0
-32.9821,138.0812,315.6,3,1.6,2014-01-16,1300,Terra,MODIS,90,6.2,302.5,47.9,N,0
-33.8903,140.534,315.1,2.1,1.4,2014-01-16,1300,Terra,MODIS,33,6.2,302.6,21.3,N,0
-34.3792,140.5504,311.3,2.1,1.4,2014-01-16,1300,Terra,MODIS,36,6.2,301.2,17.4,N,0
-34.3755,140.5802,320.2,2.1,1.4,2014-01-16,1300,Terra,MODIS,100,6.2,300.7,41,N,0
-32.5564,135.4992,321.3,4.4,1.9,2014-01-16,1300,Terra,MODIS,100,6.2,293.8,131.7,N,0
-32.5543,135.5546,311.1,4.4,1.9,2014-01-16,1300,Terra,MODIS,37,6.2,296.8,53.6,N,0
-32.5895,135.5577,311.1,4.4,1.9,2014-01-16,1300,Terra,MODIS,27,6.2,294.8,55,N,0
-34.3901,140.5753,314.7,2.1,1.4,2014-01-16,1300,Terra,MODIS,81,6.2,300.5,26.7,N,0
-34.3903,140.5582,316.5,2.1,1.4,2014-01-16,1300,Terra,MODIS,92,6.2,301.3,30.6,N,0
-32.5741,135.5006,304.2,4.4,1.9,2014-01-16,1300,Terra,MODIS,11,6.2,292.6,21.9,N,0
-32.5741,135.5079,306,4.4,1.9,2014-01-16,1300,Terra,MODIS,25,6.2,293.4,30.3,N,0
-33.92,140.4907,318.6,2.1,1.4,2014-01-16,1300,Terra,MODIS,58,6.2,303,32.3,N,0
-34.4051,140.5363,322.2,2.1,1.4,2014-01-16,1300,Terra,MODIS,100,6.2,301.9,46.9,N,0
-34.3884,140.5817,315.1,2.1,1.4,2014-01-16,1300,Terra,MODIS,89,6.2,300.3,28.3,N,0
-34.4181,140.5377,322,2.1,1.4,2014-01-16,1300,Terra,MODIS,100,6.2,301.7,47.4,N,0
-32.9654,138.0874,323,3,1.6,2014-01-16,1300,Terra,MODIS,100,6.2,302.3,82.9,N,0
-33.9458,140.4935,317.7,2.1,1.4,2014-01-16,1300,Terra,MODIS,61,6.2,302.1,29.6,N,0
-33.0256,138.0907,312.4,3,1.6,2014-01-16,1300,Terra,MODIS,77,6.2,301.9,34.8,N,0
-34.4032,140.5598,322,2.1,1.4,2014-01-16,1300,Terra,MODIS,100,6.2,302,46.4,N,0
-34.3774,140.5567,316.5,2.1,1.4,2014-01-16,1300,Terra,MODIS,92,6.2,301.2,29.4,N,0
-34.3772,140.5738,324,2.1,1.4,2014-01-16,1300,Terra,MODIS,100,6.2,301.3,53.4,N,0
-34.3921,140.5519,317.1,2.1,1.4,2014-01-16,1300,Terra,MODIS,93,6.2,301.4,31.3,N,0
-32.9954,138.0902,317.2,3,1.6,2014-01-16,1300,Terra,MODIS,87,6.2,302.1,53.4,N,0
-32.9804,138.0886,320,3,1.6,2014-01-16,1300,Terra,MODIS,100,6.2,302.4,66.5,N,0
-33.024,138.0963,313.2,3,1.6,2014-01-16,1300,Terra,MODIS,80,6.2,301.9,37.8,N,0
-32.9795,138.1166,323.8,3,1.6,2014-01-16,1300,Terra,MODIS,100,6.2,301.5,90.7,N,0
-32.5565,135.5069,325,4.4,1.9,2014-01-16,1300,Terra,MODIS,100,6.2,294.5,164.7,N,0
-33.8922,140.5109,323.9,2.1,1.4,2014-01-16,1300,Terra,MODIS,100,6.2,303.4,47.4,N,0
-34.0369,140.469,316.2,2.1,1.4,2014-01-16,1300,Terra,MODIS,91,6.2,302.5,30.5,N,0
-32.5891,135.5498,313.3,4.4,1.9,2014-01-16,1300,Terra,MODIS,74,6.2,294.4,70.7,N,0
-32.967,138.0802,318.4,3,1.6,2014-01-16,1300,Terra,MODIS,96,6.2,302.2,60.1,N,0
-33.9051,140.5124,328.7,2.1,1.4,2014-01-16,1300,Terra,MODIS,100,6.2,304.3,64.4,N,0
-30.9,153.0327,305.7,1.7,1.3,2014-01-16,1300,Terra,MODIS,65,6.2,293.2,13.1,N,0
-27.6276,141.6842,319.3,1.5,1.2,2014-01-16,1301,Terra,MODIS,98,6.2,298.9,26.3,N,0
-27.756,141.6683,308.6,1.5,1.2,2014-01-16,1301,Terra,MODIS,25,6.2,297,9.3,N,0
-27.7057,141.7009,315.8,1.5,1.2,2014-01-16,1301,Terra,MODIS,90,6.2,297.4,19.3,N,0
-27.6932,141.7144,314.9,1.5,1.2,2014-01-16,1301,Terra,MODIS,88,6.2,297.6,17.9,N,0
-27.6948,141.6994,308.5,1.5,1.2,2014-01-16,1301,Terra,MODIS,38,6.2,297,9.4,N,0
-27.6251,141.8051,310,1.5,1.2,2014-01-16,1301,Terra,MODIS,74,6.2,297.3,12.3,N,0
-27.6301,141.7606,319.5,1.5,1.2,2014-01-16,1301,Terra,MODIS,98,6.2,297.4,27.1,N,0
-27.6823,141.7129,321.1,1.5,1.2,2014-01-16,1301,Terra,MODIS,100,6.2,297,28.2,N,0
-27.6243,141.7143,311.7,1.5,1.2,2014-01-16,1301,Terra,MODIS,79,6.2,297.2,15.3,N,0
-27.6226,141.7292,318.1,1.5,1.2,2014-01-16,1301,Terra,MODIS,96,6.2,297.1,24.9,N,0
-27.6259,141.6993,319,1.5,1.2,2014-01-16,1301,Terra,MODIS,98,6.2,298.7,26,N,0
-29.1947,146.4067,311.1,1,1,2014-01-16,1301,Terra,MODIS,80,6.2,298.8,7.9,N,0
-29.2128,146.41,311.1,1,1,2014-01-16,1301,Terra,MODIS,80,6.2,298.4,7.8,N,0
-29.2023,146.4187,314.8,1,1,2014-01-16,1301,Terra,MODIS,89,6.2,298.8,10.7,N,0
-29.2037,146.4084,334.4,1,1,2014-01-16,1301,Terra,MODIS,100,6.2,300.5,32.6,N,0
-28.7388,147.1497,315.9,1,1,2014-01-16,1301,Terra,MODIS,92,6.2,298.6,12.4,N,0
-27.9768,150.9701,318.5,1.4,1.2,2014-01-16,1301,Terra,MODIS,97,6.2,294.8,26.5,N,0
-27.9662,150.9677,318.4,1.4,1.2,2014-01-16,1301,Terra,MODIS,97,6.2,294,26.4,N,0
-29.7883,148.5023,306.1,1.1,1,2014-01-16,1301,Terra,MODIS,67,6.2,292.9,7.2,N,0
-28.7298,147.148,337,1,1,2014-01-16,1301,Terra,MODIS,100,6.2,299,37.1,N,0
-28.7283,147.1582,315.3,1,1,2014-01-16,1301,Terra,MODIS,91,6.2,298.2,11.4,N,0
-29.7866,148.5132,305.7,1.1,1,2014-01-16,1301,Terra,MODIS,65,6.2,293,7,N,0
-27.9742,150.9848,314.3,1.4,1.2,2014-01-16,1301,Terra,MODIS,89,6.2,294.7,20.7,N,0
-27.9636,150.9823,310.6,1.4,1.2,2014-01-16,1301,Terra,MODIS,80,6.2,293.7,15.5,N,0
-28.3291,148.7438,313.4,1.1,1,2014-01-16,1301,Terra,MODIS,87,6.2,297.5,12.5,N,0
-29.2086,149.8941,305.6,1.2,1.1,2014-01-16,1301,Terra,MODIS,65,6.2,295.5,5.9,N,0
-29.9962,149.0385,305.5,1.1,1,2014-01-16,1301,Terra,MODIS,64,6.2,294.1,5.6,N,0
-29.9944,149.0498,316,1.1,1,2014-01-16,1301,Terra,MODIS,92,6.2,293.9,14.4,N,0
-30.0037,149.0518,306.2,1.1,1,2014-01-16,1301,Terra,MODIS,67,6.2,294.7,6.3,N,0
-29.2261,149.9109,312.4,1.2,1.1,2014-01-16,1301,Terra,MODIS,85,6.2,295.2,11.7,N,0
-29.224,149.9232,321.1,1.2,1.1,2014-01-16,1301,Terra,MODIS,100,6.2,296,21.9,N,0
-23.8066,146.4026,314,1,1,2014-01-16,1302,Terra,MODIS,53,6.2,294.8,10.1,N,0
-23.8338,146.4075,312.3,1,1,2014-01-16,1302,Terra,MODIS,50,6.2,294.7,8.6,N,0
-23.8353,146.3975,312,1,1,2014-01-16,1302,Terra,MODIS,50,6.2,295,8.4,N,0
-23.8429,146.4092,322.7,1,1,2014-01-16,1302,Terra,MODIS,100,6.2,294.9,18.6,N,0
-23.1221,149.5926,300.8,1.4,1.2,2014-01-16,1302,Terra,MODIS,30,6.2,290.3,6.9,N,0
-23.6823,148.6945,301.7,1.3,1.1,2014-01-16,1302,Terra,MODIS,32,6.2,288.5,6.7,N,0
-23.7044,147.1389,308.9,1.1,1,2014-01-16,1302,Terra,MODIS,76,6.2,294.8,8.3,N,0
-23.706,147.1286,312.5,1.1,1,2014-01-16,1302,Terra,MODIS,85,6.2,294.7,11.3,N,0
-23.9477,146.4403,314.4,1,1,2014-01-16,1302,Terra,MODIS,89,6.2,295.8,11,N,0
-23.9371,146.4487,317.2,1,1,2014-01-16,1302,Terra,MODIS,83,6.2,295.6,12.9,N,0
-23.9386,146.4387,321.4,1,1,2014-01-16,1302,Terra,MODIS,100,6.2,296.1,17.1,N,0
-23.9287,146.4516,310.2,1,1,2014-01-16,1302,Terra,MODIS,60,6.2,295,7.7,N,0
-23.9302,146.4415,307.8,1,1,2014-01-16,1302,Terra,MODIS,36,6.2,295.2,6.1,N,0
-23.9196,146.4499,307,1,1,2014-01-16,1302,Terra,MODIS,45,6.2,294.5,5.6,N,0
-23.9211,146.4399,310.4,1,1,2014-01-16,1302,Terra,MODIS,79,6.2,295.2,8,N,0
-23.912,146.4382,306,1,1,2014-01-16,1302,Terra,MODIS,24,6.2,294.9,5,N,0
-23.6975,147.246,309.1,1.1,1,2014-01-16,1302,Terra,MODIS,52,6.2,295.1,7.6,N,0
-23.6991,147.2355,311.7,1.1,1,2014-01-16,1302,Terra,MODIS,83,6.2,295.4,9.5,N,0
-23.6695,147.2408,313,1.1,1,2014-01-16,1302,Terra,MODIS,44,6.2,295.2,9.9,N,0
-23.6493,147.2477,310.1,1.1,1,2014-01-16,1302,Terra,MODIS,37,6.2,294.7,8.3,N,0
-23.7319,147.248,309.8,1.1,1,2014-01-16,1302,Terra,MODIS,78,6.2,294.8,9.1,N,0
-23.3623,149.8082,308,1.5,1.2,2014-01-16,1302,Terra,MODIS,55,6.2,291.5,11.7,N,0
-23.3276,149.8155,306.3,1.5,1.2,2014-01-16,1302,Terra,MODIS,43,6.2,291.5,9.7,N,0
-23.3301,149.8013,311,1.5,1.2,2014-01-16,1302,Terra,MODIS,81,6.2,291.8,15.6,N,0
-23.9687,147.218,336.8,1.1,1,2014-01-16,1302,Terra,MODIS,100,6.2,297.9,39.6,N,0
-23.9703,147.2075,324.1,1.1,1,2014-01-16,1302,Terra,MODIS,100,6.2,296.7,22,N,0
-23.9492,146.4303,306.6,1,1,2014-01-16,1302,Terra,MODIS,40,6.2,295.3,5.3,N,0
-23.967,147.2285,317.8,1.1,1,2014-01-16,1302,Terra,MODIS,96,6.2,296.7,14.4,N,0
-23.9578,147.2266,316.1,1.1,1,2014-01-16,1302,Terra,MODIS,92,6.2,296.2,12.7,N,0
-23.3026,150.0229,303.8,1.5,1.2,2014-01-16,1302,Terra,MODIS,57,6.2,291.8,8.4,N,0
-26.2827,149.4047,304.6,1.3,1.1,2014-01-16,1302,Terra,MODIS,61,6.2,294,6.2,N,0
-24.0076,146.654,314.5,1,1,2014-01-16,1302,Terra,MODIS,63,6.2,295.9,10.6,N,0
-23.9985,146.6523,328.2,1,1,2014-01-16,1302,Terra,MODIS,100,6.2,296.3,25.2,N,0
-23.9919,146.6447,324.8,1,1,2014-01-16,1302,Terra,MODIS,100,6.2,296,22.4,N,0
-23.9827,146.6431,323.1,1,1,2014-01-16,1302,Terra,MODIS,100,6.2,295.7,20.6,N,0
-23.9934,146.6347,314.8,1,1,2014-01-16,1302,Terra,MODIS,90,6.2,294.9,12.3,N,0
-20.4773,147.09,306.9,1.1,1.1,2014-01-16,1303,Terra,MODIS,65,6.2,291.3,6.7,N,0
-20.479,147.079,308.6,1.1,1.1,2014-01-16,1303,Terra,MODIS,73,6.2,291.3,7.8,N,0
-20.4807,147.0682,310.8,1.1,1.1,2014-01-16,1303,Terra,MODIS,81,6.2,291.9,9.5,N,0
-22.5942,148.1411,307.7,1.2,1.1,2014-01-16,1303,Terra,MODIS,72,6.2,292.5,9.7,N,0
-20.698,147.5055,304.7,1.2,1.1,2014-01-16,1303,Terra,MODIS,61,6.2,289.9,7.2,N,0
-22.604,148.1431,312.1,1.2,1.1,2014-01-16,1303,Terra,MODIS,84,6.2,292.2,13.3,N,0
-27.9714,150.9868,302.2,3.3,1.7,2014-01-16,1435,Aqua,MODIS,47,6.2,291.6,28.8,N,0
-33.1887,150.5281,305.7,2.6,1.6,2014-01-16,1436,Aqua,MODIS,65,6.2,293.4,27.3,N,0
-33.1828,150.5018,303.5,2.6,1.6,2014-01-16,1436,Aqua,MODIS,55,6.2,292.8,21.6,N,0
-36.2918,147.2853,309.5,3.4,1.7,2014-01-16,1437,Aqua,MODIS,77,6.2,293.2,47.4,N,0
-36.283,147.2809,310.3,3.4,1.7,2014-01-16,1437,Aqua,MODIS,80,6.2,293.2,52.7,N,0
-32.5446,135.516,310.5,4.5,1.9,2014-01-16,1438,Terra,MODIS,71,6.2,297.7,51.3,N,0
-32.6129,135.5406,312.6,4.5,1.9,2014-01-16,1438,Terra,MODIS,21,6.2,298.5,55.9,N,0
-32.5451,135.5108,311.1,4.5,1.9,2014-01-16,1438,Terra,MODIS,74,6.2,297.7,56.2,N,0
-32.596,135.5339,325.1,4.5,1.9,2014-01-16,1438,Terra,MODIS,100,6.2,298.9,158.5,N,0
-32.6297,135.5476,309,4.5,1.9,2014-01-16,1438,Terra,MODIS,29,6.2,298.6,39.2,N,0
-32.5963,135.5292,325.1,4.5,1.9,2014-01-16,1438,Terra,MODIS,100,6.2,298.9,159,N,0
-31.5554,133.3475,308.4,3.5,1.8,2014-01-16,1439,Terra,MODIS,25,6.2,283.9,54.9,N,0
-31.4598,120.6753,302.8,1.1,1,2014-01-16,1439,Terra,MODIS,32,6.2,291.9,5.5,N,0
-31.4613,120.664,320.2,1.1,1,2014-01-16,1439,Terra,MODIS,100,6.2,293.1,19.7,N,0
-31.4519,120.6624,314.1,1.1,1,2014-01-16,1439,Terra,MODIS,45,6.2,292.3,12.8,N,0
-31.444,120.6494,327.7,1.1,1,2014-01-16,1439,Terra,MODIS,100,6.2,293.5,27,N,0
-31.3987,120.6298,316.2,1.1,1,2014-01-16,1439,Terra,MODIS,49,6.2,292.7,14.3,N,0
-31.3893,120.6281,308.1,1.1,1,2014-01-16,1439,Terra,MODIS,36,6.2,292,8.3,N,0
-30.4448,123.4031,303.1,1,1,2014-01-16,1439,Terra,MODIS,53,6.2,292.9,4.9,N,0
-27.2891,122.7103,321.3,1,1,2014-01-16,1440,Terra,MODIS,100,6.2,300.6,15.5,N,0
-27.3073,122.7138,311.9,1,1,2014-01-16,1440,Terra,MODIS,78,6.2,299.1,7,N,0
-27.2815,122.6981,327.1,1,1,2014-01-16,1440,Terra,MODIS,100,6.2,299.1,22.4,N,0
-27.3088,122.7034,327,1,1,2014-01-16,1440,Terra,MODIS,100,6.2,299.9,22,N,0
-27.2906,122.6999,325.3,1,1,2014-01-16,1440,Terra,MODIS,100,6.2,300.5,19.9,N,0
-25.8397,122.6757,322.9,1.1,1,2014-01-16,1441,Terra,MODIS,95,6.2,292.8,18.4,N,0
-21.0741,121.2465,313.5,1,1,2014-01-16,1442,Terra,MODIS,85,6.2,298.6,8,N,0
-21.0847,121.2382,310.7,1,1,2014-01-16,1442,Terra,MODIS,76,6.2,297.8,6.1,N,0
-21.02,121.1799,317,1,1,2014-01-16,1442,Terra,MODIS,93,6.2,298.5,12.3,N,0
-22.3628,118.1515,316.1,1.1,1.1,2014-01-16,1442,Terra,MODIS,90,6.2,299.1,10.9,N,0
-22.2015,117.4444,345,1.2,1.1,2014-01-16,1442,Terra,MODIS,100,6.2,303.9,61,N,0
-22.2141,117.4232,313.3,1.2,1.1,2014-01-16,1442,Terra,MODIS,74,6.2,299.3,8.4,N,0
-22.3565,118.0512,311.6,1.1,1.1,2014-01-16,1442,Terra,MODIS,76,6.2,300.8,6.9,N,0
-22.2353,117.414,314.9,1.2,1.1,2014-01-16,1442,Terra,MODIS,85,6.2,299.5,10.6,N,0
-22.2043,117.4217,314.9,1.2,1.1,2014-01-16,1442,Terra,MODIS,85,6.2,299.9,10.5,N,0
-22.1917,117.443,315.5,1.2,1.1,2014-01-16,1442,Terra,MODIS,87,6.2,301.2,11,N,0
-22.2775,117.3968,310.9,1.2,1.1,2014-01-16,1442,Terra,MODIS,46,6.2,299.7,7,N,0
-22.2211,117.4475,321.7,1.2,1.1,2014-01-16,1442,Terra,MODIS,100,6.2,301.5,18.2,N,0
-22.2759,117.4087,320.5,1.2,1.1,2014-01-16,1442,Terra,MODIS,100,6.2,300,17.6,N,0
-22.278,117.4033,312.8,1.2,1.1,2014-01-16,1442,Terra,MODIS,79,6.2,299.9,9.2,N,0
-22.3666,118.1582,309.9,1.1,1.1,2014-01-16,1442,Terra,MODIS,70,6.2,298.9,5.6,N,0
-22.3869,118.1503,315.6,1.1,1.1,2014-01-16,1442,Terra,MODIS,89,6.2,298.6,10.6,N,0
-22.2766,117.415,317,1.2,1.1,2014-01-16,1442,Terra,MODIS,92,6.2,300.1,13.6,N,0
-22.2436,117.4273,332.8,1.2,1.1,2014-01-16,1442,Terra,MODIS,100,6.2,300.5,35.8,N,0
-22.2127,117.4345,327.5,1.2,1.1,2014-01-16,1442,Terra,MODIS,100,6.2,301.1,26,N,0
-22.2113,117.4458,336.8,1.2,1.1,2014-01-16,1442,Terra,MODIS,100,6.2,302.5,42.4,N,0
-22.2225,117.4363,320.9,1.2,1.1,2014-01-16,1442,Terra,MODIS,100,6.2,300.2,16.7,N,0
-22.2338,117.4258,315.9,1.2,1.1,2014-01-16,1442,Terra,MODIS,78,6.2,299.8,11.3,N,0
-22.2323,117.4378,319.9,1.2,1.1,2014-01-16,1442,Terra,MODIS,99,6.2,300.1,16,N,0
-22.366,118.0528,315.2,1.1,1.1,2014-01-16,1442,Terra,MODIS,88,6.2,300.9,10.1,N,0
-22.2574,117.2373,308.7,1.2,1.1,2014-01-16,1442,Terra,MODIS,58,6.2,298.5,6.1,N,0
-22.2029,117.433,336.8,1.2,1.1,2014-01-16,1442,Terra,MODIS,100,6.2,302.9,42.9,N,0
-22.368,118.1474,309.9,1.1,1.1,2014-01-16,1442,Terra,MODIS,71,6.2,298.6,5.5,N,0
-23.9375,146.4605,302.5,3.2,1.7,2014-01-16,1612,Aqua,MODIS,47,6.2,292.2,25.7,N,0
-23.9573,147.2237,303.4,3.7,1.8,2014-01-16,1612,Aqua,MODIS,55,6.2,290.3,37.6,N,0
-23.9659,147.2275,305.8,3.7,1.8,2014-01-16,1612,Aqua,MODIS,66,6.2,290.3,46.5,N,0
-27.7494,141.6741,305,1.7,1.3,2014-01-16,1613,Aqua,MODIS,6,6.2,293.4,10.9,N,0
-27.6151,141.6987,310.7,1.7,1.3,2014-01-16,1613,Aqua,MODIS,80,6.2,295.3,18.7,N,0
-27.6169,141.7156,307.9,1.7,1.3,2014-01-16,1613,Aqua,MODIS,72,6.2,295.4,14.9,N,0
-27.7283,141.694,303.4,1.7,1.3,2014-01-16,1613,Aqua,MODIS,13,6.2,293.1,9.5,N,0
-32.559,135.5016,312.4,1,1,2014-01-16,1614,Aqua,MODIS,49,6.2,300,6.8,N,0
-32.5943,135.565,339.7,1,1,2014-01-16,1614,Aqua,MODIS,100,6.2,303.7,38.3,N,0
-32.6034,135.5632,329.8,1,1,2014-01-16,1614,Aqua,MODIS,100,6.2,303,23.9,N,0
-32.6184,135.5383,312.5,1,1,2014-01-16,1614,Aqua,MODIS,57,6.2,299.6,6.2,N,0
-32.6333,135.4474,311.6,1,1,2014-01-16,1614,Aqua,MODIS,72,6.2,301.1,5.6,N,0
-32.536,135.3414,310.2,1,1,2014-01-16,1614,Aqua,MODIS,73,6.2,299.7,5.6,N,0
-31.8521,134.1631,302.6,1,1,2014-01-16,1614,Aqua,MODIS,23,6.2,288.4,3.5,N,0
-32.5988,135.5311,327,1,1,2014-01-16,1614,Aqua,MODIS,100,6.2,301.2,19.6,N,0
-32.5853,135.5667,310.6,1,1,2014-01-16,1614,Aqua,MODIS,57,6.2,300.4,5.7,N,0
-32.5636,135.5337,310,1,1,2014-01-16,1614,Aqua,MODIS,11,6.2,298.5,4.9,N,0
-32.5898,135.5329,317.8,1,1,2014-01-16,1614,Aqua,MODIS,88,6.2,300.5,9.9,N,0
-32.5928,135.5543,337.8,1,1,2014-01-16,1614,Aqua,MODIS,100,6.2,302.7,34.9,N,0
-32.9989,138.1151,321.2,1.2,1.1,2014-01-16,1614,Aqua,MODIS,97,6.2,300.4,19,N,0
-32.9788,138.1244,338.5,1.2,1.1,2014-01-16,1614,Aqua,MODIS,100,6.2,301.5,49.8,N,0
-32.9643,138.0877,327.6,1.2,1.1,2014-01-16,1614,Aqua,MODIS,100,6.2,302.1,26.7,N,0
-32.959,138.1276,308.6,1.2,1.1,2014-01-16,1614,Aqua,MODIS,72,6.2,297.3,8.5,N,0
-32.9948,137.5893,309.7,1.1,1.1,2014-01-16,1614,Aqua,MODIS,76,6.2,298.3,7.8,N,0
-32.5501,135.3209,310.7,1,1,2014-01-16,1614,Aqua,MODIS,56,6.2,300.7,5.5,N,0
-32.9658,138.1004,322.1,1.2,1.1,2014-01-16,1614,Aqua,MODIS,85,6.2,300.8,18.8,N,0
-32.5425,135.5158,311.5,1,1,2014-01-16,1614,Aqua,MODIS,63,6.2,299.6,6.4,N,0
-32.9559,138.1018,325.1,1.2,1.1,2014-01-16,1614,Aqua,MODIS,100,6.2,300.9,25,N,0
-32.9887,138.1225,324.5,1.2,1.1,2014-01-16,1614,Aqua,MODIS,100,6.2,300,24.6,N,0
-32.997,138.1078,318.6,1.2,1.1,2014-01-16,1614,Aqua,MODIS,96,6.2,300.6,14.8,N,0
-32.6275,135.5366,312.4,1,1,2014-01-16,1614,Aqua,MODIS,59,6.2,300,6.3,N,0
-32.6408,135.4349,311.4,1,1,2014-01-16,1614,Aqua,MODIS,80,6.2,300.8,6,N,0
-32.6019,135.5525,336.5,1,1,2014-01-16,1614,Aqua,MODIS,100,6.2,301.8,32.8,N,0
-32.9742,138.0862,330.3,1.2,1.1,2014-01-16,1614,Aqua,MODIS,100,6.2,302,30.9,N,0
-32.9871,138.1096,316.1,1.2,1.1,2014-01-16,1614,Aqua,MODIS,75,6.2,300.8,12.3,N,0
-32.6424,135.4456,316,1,1,2014-01-16,1614,Aqua,MODIS,91,6.2,301.1,9.5,N,0
-32.5531,135.5248,315.5,1,1,2014-01-16,1614,Aqua,MODIS,76,6.2,300.1,9.3,N,0
-32.55,135.5034,315.8,1,1,2014-01-16,1614,Aqua,MODIS,91,6.2,299.9,9.8,N,0
-32.5375,135.3521,308.7,1,1,2014-01-16,1614,Aqua,MODIS,50,6.2,298.3,4.7,N,0
-32.9773,138.1114,318.1,1.2,1.1,2014-01-16,1614,Aqua,MODIS,29,6.2,300.7,13.9,N,0
-32.969,138.1261,310.1,1.2,1.1,2014-01-16,1614,Aqua,MODIS,19,6.2,298.7,8.6,N,0
-33.0089,138.114,312.7,1.2,1.1,2014-01-16,1614,Aqua,MODIS,33,6.2,300,8.6,N,0
-32.9986,138.1209,313.5,1.2,1.1,2014-01-16,1614,Aqua,MODIS,60,6.2,299.2,10.5,N,0
-32.9575,138.1147,320.3,1.2,1.1,2014-01-16,1614,Aqua,MODIS,100,6.2,299,19.6,N,0
-33.9315,140.5825,319.6,1.7,1.3,2014-01-16,1615,Aqua,MODIS,99,6.2,298.4,31.5,N,0
-33.9726,140.5206,308.2,1.7,1.3,2014-01-16,1615,Aqua,MODIS,53,6.2,297.4,11.3,N,0
-33.9745,140.5391,312.7,1.7,1.3,2014-01-16,1615,Aqua,MODIS,85,6.2,298.9,18.8,N,0
-34.3736,140.5882,312.4,1.7,1.3,2014-01-16,1615,Aqua,MODIS,48,6.2,297.4,18.8,N,0
-33.9826,140.5326,319,1.7,1.3,2014-01-16,1615,Aqua,MODIS,98,6.2,299.1,30.5,N,0
-34.4169,140.5441,308.4,1.7,1.3,2014-01-16,1615,Aqua,MODIS,49,6.2,298.3,13,N,0
-36.2816,147.2701,307,4.8,2,2014-01-16,1615,Aqua,MODIS,69,6.2,291.3,62.7,N,0
-34.4051,140.5457,312.6,1.7,1.3,2014-01-16,1615,Aqua,MODIS,31,6.2,298.5,18.4,N,0
-34.3718,140.5693,309.8,1.7,1.3,2014-01-16,1615,Aqua,MODIS,28,6.2,296.9,14.3,N,0
-34.004,140.5109,313.1,1.7,1.3,2014-01-16,1615,Aqua,MODIS,86,6.2,298.1,19.8,N,0
-33.9297,140.5639,351.3,1.7,1.3,2014-01-16,1615,Aqua,MODIS,100,6.2,301.7,133.5,N,0
-34.3643,140.5755,308.3,1.7,1.3,2014-01-16,1615,Aqua,MODIS,53,6.2,297.4,13.3,N,0
-33.8941,140.5196,311.9,1.7,1.3,2014-01-16,1615,Aqua,MODIS,37,6.2,298.6,15.8,N,0
-33.9181,140.5654,332.7,1.7,1.3,2014-01-16,1615,Aqua,MODIS,100,6.2,299.7,61.9,N,0
-33.9958,140.5175,311.1,1.7,1.3,2014-01-16,1615,Aqua,MODIS,50,6.2,298,16,N,0
-34.0157,140.5094,315.2,1.7,1.3,2014-01-16,1615,Aqua,MODIS,90,6.2,298.4,22.8,N,0
-34.0371,140.4879,309.2,1.7,1.3,2014-01-16,1615,Aqua,MODIS,76,6.2,297.7,14.2,N,0
-37.0237,142.3626,377.2,2.4,1.5,2014-01-16,1615,Aqua,MODIS,100,6.2,294,504.3,N,0
-37.0468,142.3832,358.9,2.4,1.5,2014-01-16,1615,Aqua,MODIS,100,6.2,288.9,290.6,N,0
-37.0486,142.4093,374.3,2.4,1.5,2014-01-16,1615,Aqua,MODIS,100,6.2,297.7,469.1,N,0
-37.0503,142.434,320.8,2.4,1.5,2014-01-16,1615,Aqua,MODIS,0,6.2,294.6,58.3,N,0
-37.039,142.274,325,2.4,1.5,2014-01-16,1615,Aqua,MODIS,59,6.2,285.7,81.1,N,0
-37.041,142.3012,349.6,2.4,1.5,2014-01-16,1615,Aqua,MODIS,100,6.2,293.1,212.4,N,0
-37.0511,142.3602,344,2.4,1.5,2014-01-16,1615,Aqua,MODIS,100,6.2,290.1,173.8,N,0
-37.0532,142.3873,328.7,2.4,1.5,2014-01-16,1615,Aqua,MODIS,100,6.2,277.5,88.2,N,0
-36.9572,142.3947,344.2,2.4,1.5,2014-01-16,1615,Aqua,MODIS,100,6.2,300.8,169.4,N,0
-35.0672,140.3865,311.9,1.7,1.3,2014-01-16,1615,Aqua,MODIS,84,6.2,299.4,17.5,N,0
-36.9554,142.3692,337,2.4,1.5,2014-01-16,1615,Aqua,MODIS,100,6.2,299.9,123.7,N,0
-36.9535,142.343,318.7,2.4,1.5,2014-01-16,1615,Aqua,MODIS,97,6.2,298.1,46,N,0
-36.9671,142.4306,316.4,2.4,1.5,2014-01-16,1615,Aqua,MODIS,85,6.2,297.5,39.9,N,0
-36.9648,142.401,314.5,2.4,1.5,2014-01-16,1615,Aqua,MODIS,82,6.2,298.2,31.9,N,0
-37.0331,142.3846,377.7,2.4,1.5,2014-01-16,1615,Aqua,MODIS,100,6.2,299.8,512.4,N,0
-37.0312,142.3573,364.9,2.4,1.5,2014-01-16,1615,Aqua,MODIS,100,6.2,286.5,348.6,N,0
-37.0229,142.4371,315.9,2.4,1.5,2014-01-16,1615,Aqua,MODIS,92,6.2,298.3,41.1,N,0
-35.7335,142.0117,312.6,2.2,1.4,2014-01-16,1615,Aqua,MODIS,85,6.2,294.1,33.2,N,0
-35.7361,142.0163,308.6,2.2,1.4,2014-01-16,1615,Aqua,MODIS,75,6.2,293.8,26.4,N,0
-35.7341,141.9916,307.3,2.2,1.4,2014-01-16,1615,Aqua,MODIS,71,6.2,293.2,23,N,0
-35.6704,142.0238,359.6,2.2,1.4,2014-01-16,1615,Aqua,MODIS,100,6.2,300.7,267,N,0
-35.6685,141.9991,343.5,2.2,1.4,2014-01-16,1615,Aqua,MODIS,100,6.2,297.1,152.4,N,0
-35.6573,142.0253,335.7,2.2,1.4,2014-01-16,1615,Aqua,MODIS,100,6.2,298.1,110.8,N,0
-37.0211,142.4117,335,2.4,1.5,2014-01-16,1615,Aqua,MODIS,100,6.2,301.8,118.2,N,0
-37.0193,142.3852,360,2.4,1.5,2014-01-16,1615,Aqua,MODIS,100,6.2,303.8,301.4,N,0
-36.9628,142.3755,326.4,2.4,1.5,2014-01-16,1615,Aqua,MODIS,100,6.2,299.9,73,N,0
-36.9609,142.3497,330.9,2.4,1.5,2014-01-16,1615,Aqua,MODIS,100,6.2,299.7,94.5,N,0
-37.0217,142.3356,328.7,2.4,1.5,2014-01-16,1615,Aqua,MODIS,87,6.2,279.3,95.6,N,0
-37.0159,142.4423,312.8,2.4,1.5,2014-01-16,1615,Aqua,MODIS,64,6.2,298,29.9,N,0
-37.014,142.417,328.2,2.4,1.5,2014-01-16,1615,Aqua,MODIS,100,6.2,300.5,84.1,N,0
-37.0174,142.3578,379.6,2.4,1.5,2014-01-16,1615,Aqua,MODIS,100,6.2,303.5,539.3,N,0
-37.0156,142.3314,329.6,2.4,1.5,2014-01-16,1615,Aqua,MODIS,85,6.2,281.3,99.4,N,0
-37.0551,142.4123,337.5,2.4,1.5,2014-01-16,1615,Aqua,MODIS,100,6.2,281.5,133.4,N,0
-35.6554,142.0007,336.3,2.2,1.4,2014-01-16,1615,Aqua,MODIS,100,6.2,298.4,113.3,N,0
-35.6422,142.0022,307.3,2.2,1.4,2014-01-16,1615,Aqua,MODIS,30,6.2,295.5,18.6,N,0
-35.6742,142.0308,315.4,2.2,1.4,2014-01-16,1615,Aqua,MODIS,91,6.2,295.8,38.4,N,0
-35.6722,142.0061,326,2.2,1.4,2014-01-16,1615,Aqua,MODIS,100,6.2,297.1,71.4,N,0
-35.6611,142.0322,342.7,2.2,1.4,2014-01-16,1615,Aqua,MODIS,100,6.2,297.2,147.9,N,0
-35.659,142.0076,370.2,2.2,1.4,2014-01-16,1615,Aqua,MODIS,100,6.2,302.8,365.9,N,0
-36.9512,142.4032,331.7,2.4,1.5,2014-01-16,1615,Aqua,MODIS,100,6.2,298.9,100.1,N,0
-36.9492,142.3771,334.5,2.4,1.5,2014-01-16,1615,Aqua,MODIS,100,6.2,299.4,112.5,N,0
-35.9288,140.9262,316.8,1.9,1.3,2014-01-16,1615,Aqua,MODIS,91,6.2,298,31.7,N,0
-35.941,140.9246,309.3,1.9,1.3,2014-01-16,1615,Aqua,MODIS,69,6.2,297.8,18.1,N,0
-35.9533,140.9231,312.7,1.9,1.3,2014-01-16,1615,Aqua,MODIS,86,6.2,297.5,24.8,N,0
-37.0585,142.3543,333.9,2.4,1.5,2014-01-16,1615,Aqua,MODIS,93,6.2,288.1,112.7,N,0
-37.0604,142.3816,321.3,2.4,1.5,2014-01-16,1615,Aqua,MODIS,76,6.2,276.4,60.5,N,0
-37.0622,142.4064,311.5,2.4,1.5,2014-01-16,1615,Aqua,MODIS,23,6.2,271.2,30.2,N,0
-36.758,141.7737,309.9,2.2,1.4,2014-01-16,1615,Aqua,MODIS,79,6.2,295.4,23.2,N,0
-36.7599,141.7983,324,2.2,1.4,2014-01-16,1615,Aqua,MODIS,100,6.2,298.2,62.9,N,0
-35.6459,142.009,312.6,2.2,1.4,2014-01-16,1615,Aqua,MODIS,85,6.2,295.8,31.4,N,0
-35.6439,141.9845,305.8,2.2,1.4,2014-01-16,1615,Aqua,MODIS,33,6.2,295.1,16.7,N,0
-37.012,142.3902,356,2.4,1.5,2014-01-16,1615,Aqua,MODIS,100,6.2,303.8,263.4,N,0
-37.01,142.3628,392.6,2.4,1.5,2014-01-16,1615,Aqua,MODIS,100,6.2,311.7,753.4,N,0
-37.008,142.3367,354.8,2.4,1.5,2014-01-16,1615,Aqua,MODIS,100,6.2,295.5,256.3,N,0
-37.0021,142.4439,309.3,2.4,1.5,2014-01-16,1615,Aqua,MODIS,9,6.2,297.5,20.9,N,0
-37.0003,142.4184,317.2,2.4,1.5,2014-01-16,1615,Aqua,MODIS,95,6.2,298.6,43.9,N,0
-36.9983,142.3911,332.8,2.4,1.5,2014-01-16,1615,Aqua,MODIS,93,6.2,301.3,100.4,N,0
-36.9963,142.3644,344.1,2.4,1.5,2014-01-16,1615,Aqua,MODIS,100,6.2,303.5,166.8,N,0
-36.9944,142.3385,350.4,2.4,1.5,2014-01-16,1615,Aqua,MODIS,100,6.2,299,214.7,N,0
-36.9846,142.3925,329.8,2.4,1.5,2014-01-16,1615,Aqua,MODIS,100,6.2,300.7,87.8,N,0
-36.9827,142.3669,328.5,2.4,1.5,2014-01-16,1615,Aqua,MODIS,54,6.2,300.8,82.2,N,0
-36.9808,142.34,321.7,2.4,1.5,2014-01-16,1615,Aqua,MODIS,0,6.2,298.8,61.6,N,0
-36.9749,142.4502,323.8,2.4,1.5,2014-01-16,1615,Aqua,MODIS,100,6.2,298.7,68.2,N,0
-36.9708,142.3932,318.2,2.4,1.5,2014-01-16,1615,Aqua,MODIS,96,6.2,299.1,44.5,N,0
-36.969,142.3681,326.7,2.4,1.5,2014-01-16,1615,Aqua,MODIS,100,6.2,300.5,72.6,N,0
-36.9693,142.4594,317.5,2.4,1.5,2014-01-16,1615,Aqua,MODIS,89,6.2,298.2,46.8,N,0
-37.0312,142.2799,340.2,2.4,1.5,2014-01-16,1615,Aqua,MODIS,94,6.2,283.4,155.7,N,0
-37.0395,142.3888,387.9,2.4,1.5,2014-01-16,1615,Aqua,MODIS,100,6.2,299.8,671.2,N,0
-37.0349,142.411,406.7,2.4,1.5,2014-01-16,1615,Aqua,MODIS,100,6.2,312.3,1066.7,N,0
-37.0374,142.3616,383.7,2.4,1.5,2014-01-16,1615,Aqua,MODIS,100,6.2,295.8,600.4,N,0
-37.0354,142.3344,376,2.4,1.5,2014-01-16,1615,Aqua,MODIS,100,6.2,297,488.5,N,0
-37.0296,142.4407,314.7,2.4,1.5,2014-01-16,1615,Aqua,MODIS,90,6.2,297.8,35.4,N,0
-37.0277,142.4159,346.8,2.4,1.5,2014-01-16,1615,Aqua,MODIS,100,6.2,302.6,191.6,N,0
-37.0258,142.3898,372.3,2.4,1.5,2014-01-16,1615,Aqua,MODIS,100,6.2,303.8,437.4,N,0
-37.0366,142.4353,340.6,2.4,1.5,2014-01-16,1615,Aqua,MODIS,100,6.2,301.3,155.5,N,0
-37.0448,142.356,388.4,2.4,1.5,2014-01-16,1615,Aqua,MODIS,100,6.2,301.8,676.4,N,0
-36.9592,142.4231,313.1,2.4,1.5,2014-01-16,1615,Aqua,MODIS,73,6.2,297.3,29.5,N,0
-37.049,142.3328,337.2,2.4,1.5,2014-01-16,1615,Aqua,MODIS,99,6.2,295.1,131.5,N,0
-37.0293,142.3301,358.3,2.4,1.5,2014-01-16,1615,Aqua,MODIS,100,6.2,287.9,287,N,0
-37.0273,142.3027,333.7,2.4,1.5,2014-01-16,1615,Aqua,MODIS,70,6.2,288.7,117.1,N,0
-37.0469,142.3055,331.5,2.4,1.5,2014-01-16,1615,Aqua,MODIS,78,6.2,290.4,103.5,N,0
-37.0448,142.2783,318.6,2.4,1.5,2014-01-16,1615,Aqua,MODIS,27,6.2,285.8,60.3,N,0
-37.0333,142.307,353.8,2.4,1.5,2014-01-16,1615,Aqua,MODIS,100,6.2,294.3,246.5,N,0
-37.0415,142.4147,416.2,2.4,1.5,2014-01-16,1615,Aqua,MODIS,100,6.2,315.1,1317.6,N,0
-37.0429,142.3286,357.8,2.4,1.5,2014-01-16,1615,Aqua,MODIS,100,6.2,296.1,281.9,N,0
-37.0565,142.327,321.7,2.4,1.5,2014-01-16,1615,Aqua,MODIS,59,6.2,291.4,56.5,N,0
-35.9264,140.9335,311.3,1.9,1.3,2014-01-16,1615,Aqua,MODIS,46,6.2,297.1,20.4,N,0
-35.9245,140.9123,312.1,1.9,1.3,2014-01-16,1615,Aqua,MODIS,50,6.2,297.1,22.5,N,0
-36.9671,142.3415,325.9,2.4,1.5,2014-01-16,1615,Aqua,MODIS,100,6.2,299.9,74.2,N,0
-35.8532,140.6693,317.1,1.8,1.3,2014-01-16,1615,Aqua,MODIS,93,6.2,297,31.3,N,0
-35.8412,140.6709,319.4,1.8,1.3,2014-01-16,1615,Aqua,MODIS,98,6.2,297,36.7,N,0
-35.9246,140.7361,327.9,1.8,1.3,2014-01-16,1615,Aqua,MODIS,100,6.2,296.6,60.8,N,0
-35.9211,140.7436,313.7,1.8,1.3,2014-01-16,1615,Aqua,MODIS,88,6.2,295.5,25.7,N,0
-35.8844,140.5558,314.1,1.8,1.3,2014-01-16,1615,Aqua,MODIS,65,6.2,297.6,23,N,0
-35.9312,140.6728,323.7,1.8,1.3,2014-01-16,1615,Aqua,MODIS,100,6.2,298.6,45.9,N,0
-35.8799,140.5634,309.6,1.8,1.3,2014-01-16,1615,Aqua,MODIS,44,6.2,297,15.8,N,0
-35.9083,140.5526,307.9,1.8,1.3,2014-01-16,1615,Aqua,MODIS,73,6.2,297.8,13.7,N,0
-35.9173,140.6539,309.8,1.8,1.3,2014-01-16,1615,Aqua,MODIS,43,6.2,296.7,16.7,N,0
-35.9191,140.6743,312.3,1.8,1.3,2014-01-16,1615,Aqua,MODIS,84,6.2,298.3,21.7,N,0
-35.9192,140.723,336.3,1.8,1.3,2014-01-16,1615,Aqua,MODIS,100,6.2,296.4,87.4,N,0
-35.9294,140.6523,320.1,1.8,1.3,2014-01-16,1615,Aqua,MODIS,100,6.2,297.1,36.8,N,0
-35.8291,140.6725,307.1,1.8,1.3,2014-01-16,1615,Aqua,MODIS,70,6.2,295.9,14.4,N,0
-35.9228,140.7154,321.7,1.8,1.3,2014-01-16,1615,Aqua,MODIS,100,6.2,295.2,43.3,N,0
-22.1898,117.426,316.1,1.5,1.2,2014-01-16,1750,Aqua,MODIS,92,6.2,299.2,18.7,N,0
-22.1881,117.4118,312.6,1.5,1.2,2014-01-16,1750,Aqua,MODIS,83,6.2,298.9,13.8,N,0
-22.238,117.4421,310.4,1.5,1.2,2014-01-16,1750,Aqua,MODIS,62,6.2,297.6,10.5,N,0
-22.227,117.4434,316.3,1.5,1.2,2014-01-16,1750,Aqua,MODIS,92,6.2,297.7,18.4,N,0
-22.1826,117.4577,332.9,1.5,1.2,2014-01-16,1750,Aqua,MODIS,100,6.2,300.4,53.2,N,0
-22.2052,117.4476,315.4,1.5,1.2,2014-01-16,1750,Aqua,MODIS,90,6.2,298.7,16.8,N,0
-22.1942,117.4488,319,1.5,1.2,2014-01-16,1750,Aqua,MODIS,98,6.2,299.4,22.6,N,0
-22.1925,117.4337,323.7,1.5,1.2,2014-01-16,1750,Aqua,MODIS,100,6.2,299.3,30.8,N,0
-22.1908,117.4192,319.2,1.5,1.2,2014-01-16,1750,Aqua,MODIS,98,6.2,299.3,23.7,N,0
-22.1816,117.4355,310.2,1.5,1.2,2014-01-16,1750,Aqua,MODIS,53,6.2,298.8,9.5,N,0
-22.1916,117.4409,327.9,1.5,1.2,2014-01-16,1750,Aqua,MODIS,100,6.2,299.9,39.9,N,0
-22.185,117.4656,316.6,1.5,1.2,2014-01-16,1750,Aqua,MODIS,93,6.2,299.2,19.3,N,0
-22.2673,117.4082,307.9,1.5,1.2,2014-01-16,1750,Aqua,MODIS,68,6.2,296.5,8.2,N,0
-22.1833,117.4507,328.6,1.5,1.2,2014-01-16,1750,Aqua,MODIS,100,6.2,300.8,41.9,N,0
-22.1807,117.4427,319.5,1.5,1.2,2014-01-16,1750,Aqua,MODIS,99,6.2,299.7,24.4,N,0
-22.2691,117.4233,326.3,1.5,1.2,2014-01-16,1750,Aqua,MODIS,100,6.2,298.4,38.4,N,0
-22.2711,117.4173,325.5,1.5,1.2,2014-01-16,1750,Aqua,MODIS,100,6.2,297.9,37.2,N,0
-22.2728,117.4317,308.6,1.5,1.2,2014-01-16,1750,Aqua,MODIS,72,6.2,297.7,9.7,N,0
-22.1935,117.4558,311.5,1.5,1.2,2014-01-16,1750,Aqua,MODIS,80,6.2,299.1,11.4,N,0
-25.8336,122.677,307.1,4,1.9,2014-01-16,1751,Aqua,MODIS,67,6.2,294.3,40.1,N,0
-25.8385,122.6723,306.2,4,1.9,2014-01-16,1751,Aqua,MODIS,63,6.2,294.2,36,N,0
-27.3005,122.7085,307.4,4.1,1.9,2014-01-16,1752,Aqua,MODIS,71,6.2,292.2,53.3,N,0
-27.2833,122.7098,302.6,4.1,1.9,2014-01-16,1752,Aqua,MODIS,42,6.2,292.1,29.7,N,0
-27.3038,122.7036,306.8,4.1,1.9,2014-01-16,1752,Aqua,MODIS,69,6.2,292.2,50.8,N,0
-23.7033,147.2488,323.8,2.2,1.4,2014-01-16,2358,Terra,MODIS,52,6.2,303.2,19.5,D,0
-23.7311,147.2577,325,2.2,1.4,2014-01-16,2358,Terra,MODIS,63,6.2,304.7,23.8,D,0
-24.5847,151.3256,322.1,1.2,1.1,2014-01-16,2358,Terra,MODIS,38,6.2,302.3,11.7,D,0
-23.9407,146.4394,325.1,2.4,1.5,2014-01-16,2359,Terra,MODIS,51,6.2,300.5,33.9,D,0
-23.9541,146.4361,323.6,2.4,1.5,2014-01-16,2359,Terra,MODIS,26,6.2,299.1,30.9,D,0
-23.9572,147.1942,325.3,2.2,1.4,2014-01-16,2359,Terra,MODIS,55,6.2,303.4,23.3,D,0
-23.9612,147.2154,354.9,2.2,1.4,2014-01-16,2359,Terra,MODIS,97,6.2,304.1,177.1,D,0
-23.9595,147.2089,351.1,2.2,1.4,2014-01-16,2359,Terra,MODIS,95,6.2,303.9,150.7,D,0
-23.9652,147.2361,327.2,2.1,1.4,2014-01-16,2359,Terra,MODIS,70,6.2,303.8,29.9,D,0
-23.9636,147.2299,334.5,2.1,1.4,2014-01-16,2359,Terra,MODIS,81,6.2,303.6,59.6,D,0
-23.9955,146.6455,325.3,2.4,1.5,2014-01-16,2359,Terra,MODIS,56,6.2,302.7,35.2,D,0
-24.5911,149.0022,325.8,1.6,1.2,2014-01-16,2359,Terra,MODIS,68,6.2,299.7,28.5,D,0
-27.9705,150.9909,328.2,1.1,1,2014-01-16,2359,Terra,MODIS,54,6.2,307.4,15.3,D,0
-27.9687,150.9798,332.1,1.1,1,2014-01-16,2359,Terra,MODIS,64,6.2,309.6,21.3,D,0
-23.8437,146.4184,331.5,2.5,1.5,2014-01-16,2359,Terra,MODIS,77,6.2,302.1,67.5,D,0
-27.9781,150.9779,325.5,1.1,1,2014-01-16,2359,Terra,MODIS,60,6.2,305.5,12.8,D,0
-23.8389,146.3944,322,2.5,1.5,2014-01-16,2359,Terra,MODIS,42,6.2,301.9,28.8,D,0
-28.739,147.1424,336.4,1.7,1.3,2014-01-17,0000,Terra,MODIS,77,6.2,311.5,33.8,D,0
-28.7423,147.1599,346.1,1.7,1.3,2014-01-17,0000,Terra,MODIS,89,6.2,311.7,73.1,D,0
-28.7505,147.1395,346.7,1.7,1.3,2014-01-17,0000,Terra,MODIS,90,6.2,311.1,74.5,D,0
-28.7571,147.1745,331.7,1.7,1.3,2014-01-17,0000,Terra,MODIS,66,6.2,309.9,22.7,D,0
-28.7538,147.157,373.2,1.7,1.3,2014-01-17,0000,Terra,MODIS,100,6.2,312.2,234.7,D,0
-27.7691,141.6634,331.8,4.2,1.9,2014-01-17,0000,Terra,MODIS,24,6.2,314.3,63.5,D,0
-27.6332,141.8145,335.2,4.2,1.9,2014-01-17,0000,Terra,MODIS,73,6.2,315.6,88.7,D,0
-27.6349,141.8062,333,4.2,1.9,2014-01-17,0000,Terra,MODIS,48,6.2,315.4,64.9,D,0
-27.6991,141.6976,352,4.2,1.9,2014-01-17,0000,Terra,MODIS,94,6.2,316,334.4,D,0
-27.7088,141.7397,348.6,4.2,1.9,2014-01-17,0000,Terra,MODIS,91,6.2,314.4,280.6,D,0
-27.7008,141.6917,346.5,4.2,1.9,2014-01-17,0000,Terra,MODIS,90,6.2,315.7,245.3,D,0
-27.7108,141.7336,352.6,4.2,1.9,2014-01-17,0000,Terra,MODIS,95,6.2,314.5,351.8,D,0
-29.1965,146.4065,334.1,1.9,1.3,2014-01-17,0000,Terra,MODIS,68,6.2,313.7,30.4,D,0
-29.2085,146.4035,330.6,1.9,1.3,2014-01-17,0000,Terra,MODIS,48,6.2,313.5,20,D,0
-30.8941,153.0406,339.7,1,1,2014-01-17,0000,Terra,MODIS,88,6.2,306.8,36.5,D,0
-30.9017,153.0283,328.6,1,1,2014-01-17,0000,Terra,MODIS,78,6.2,300.4,20.4,D,0
-30.9032,153.0389,344.6,1,1,2014-01-17,0000,Terra,MODIS,91,6.2,303.3,45.3,D,0
-30.8926,153.03,337.2,1,1,2014-01-17,0000,Terra,MODIS,86,6.2,305.2,32.6,D,0
-30.2533,148.7154,335.6,1.3,1.1,2014-01-17,0000,Terra,MODIS,56,6.2,311.8,22.5,D,0
-33.1831,150.497,327.5,1,1,2014-01-17,0001,Terra,MODIS,69,6.2,306.3,15.3,D,0
-32.6205,150.7876,323.6,1,1,2014-01-17,0001,Terra,MODIS,48,6.2,303.3,13.3,D,0
-33.1957,150.5168,336.9,1,1,2014-01-17,0001,Terra,MODIS,84,6.2,311.7,28.6,D,0
-33.1974,150.5276,324.4,1,1,2014-01-17,0001,Terra,MODIS,20,6.2,307.6,11.4,D,0
-32.6034,150.8587,323.4,1,1,2014-01-17,0001,Terra,MODIS,48,6.2,302.4,13.4,D,0
-33.1866,150.5188,328.8,1,1,2014-01-17,0001,Terra,MODIS,51,6.2,308.5,15.3,D,0
-33.2048,150.5146,355.2,1,1,2014-01-17,0001,Terra,MODIS,97,6.2,307.9,66.1,D,0
-31.8642,146.4332,333.7,1.6,1.3,2014-01-17,0001,Terra,MODIS,70,6.2,315.7,26.1,D,0
-31.8675,146.4504,333.7,1.6,1.3,2014-01-17,0001,Terra,MODIS,70,6.2,315.7,24.3,D,0
-33.9312,140.4951,350.8,3.5,1.8,2014-01-17,0002,Terra,MODIS,93,6.2,314.1,264.6,D,0
-33.9572,140.5601,397.4,3.4,1.7,2014-01-17,0002,Terra,MODIS,100,6.2,316.3,1314.2,D,0
-37.2758,148.4965,347.2,1.1,1,2014-01-17,0002,Terra,MODIS,93,6.2,307,54.3,D,0
-33.9401,140.532,370.8,3.5,1.8,2014-01-17,0002,Terra,MODIS,100,6.2,317,601.4,D,0
-33.9945,140.5072,335.3,3.5,1.8,2014-01-17,0002,Terra,MODIS,52,6.2,314.6,106,D,0
-37.2686,148.511,340.7,1.1,1,2014-01-17,0002,Terra,MODIS,89,6.2,306.6,41,D,0
-34.0266,140.5283,344.6,3.4,1.7,2014-01-17,0002,Terra,MODIS,87,6.2,309.5,211.9,D,0
-33.9643,140.5633,354.9,3.4,1.7,2014-01-17,0002,Terra,MODIS,96,6.2,310.1,325.7,D,0
-33.9247,140.5374,336.2,3.5,1.8,2014-01-17,0002,Terra,MODIS,75,6.2,314.4,102.5,D,0
-37.4795,148.8226,369.1,1.1,1,2014-01-17,0002,Terra,MODIS,100,6.2,310.7,111.8,D,0
-33.8938,140.5483,330.4,3.5,1.8,2014-01-17,0002,Terra,MODIS,54,6.2,314.6,56.7,D,0
-33.9027,140.5849,333.8,3.4,1.7,2014-01-17,0002,Terra,MODIS,71,6.2,313.1,82.3,D,0
-37.3188,148.9132,334.5,1,1,2014-01-17,0002,Terra,MODIS,85,6.2,304.9,30.9,D,0
-34.0188,140.5386,361.6,3.4,1.7,2014-01-17,0002,Terra,MODIS,100,6.2,312.1,447.7,D,0
-33.988,140.5495,336.9,3.4,1.7,2014-01-17,0002,Terra,MODIS,58,6.2,310.3,118.2,D,0
-33.9555,140.5266,350.1,3.5,1.8,2014-01-17,0002,Terra,MODIS,92,6.2,313.8,263.1,D,0
-33.9489,140.5686,383.2,3.4,1.7,2014-01-17,0002,Terra,MODIS,100,6.2,315.2,885.3,D,0
-33.9102,140.5895,337,3.4,1.7,2014-01-17,0002,Terra,MODIS,78,6.2,312.8,105.8,D,0
-33.9181,140.5795,355.1,3.4,1.7,2014-01-17,0002,Terra,MODIS,96,6.2,314.3,319.7,D,0
-37.3279,148.9105,332.2,1,1,2014-01-17,0002,Terra,MODIS,82,6.2,304.2,26.8,D,0
-33.9327,140.5288,344.8,3.5,1.8,2014-01-17,0002,Terra,MODIS,88,6.2,315.5,190.7,D,0
-33.979,140.5126,334.3,3.5,1.8,2014-01-17,0002,Terra,MODIS,33,6.2,313.8,93,D,0
-37.2778,148.5084,339.4,1.1,1,2014-01-17,0002,Terra,MODIS,88,6.2,305.8,39,D,0
-34.0099,140.5018,359.3,3.5,1.8,2014-01-17,0002,Terra,MODIS,99,6.2,316.5,408.5,D,0
-33.9636,140.518,331,3.5,1.8,2014-01-17,0002,Terra,MODIS,52,6.2,312.6,72.4,D,0
-36.2796,147.2691,337.8,1.2,1.1,2014-01-17,0002,Terra,MODIS,66,6.2,314.2,26.7,D,0
-33.9531,140.7244,331.1,3.4,1.7,2014-01-17,0002,Terra,MODIS,57,6.2,312.2,62.3,D,0
-33.9951,140.5525,349.1,3.4,1.7,2014-01-17,0002,Terra,MODIS,92,6.2,310.3,254.6,D,0
-33.9864,140.5157,343.7,3.5,1.8,2014-01-17,0002,Terra,MODIS,86,6.2,313.7,189.6,D,0
-37.2622,148.5063,338,1.1,1,2014-01-17,0002,Terra,MODIS,87,6.2,306.1,36.3,D,0
-37.4833,148.846,326.6,1,1,2014-01-17,0002,Terra,MODIS,76,6.2,306.5,15.3,D,0
-33.9444,140.6884,343.6,3.4,1.7,2014-01-17,0002,Terra,MODIS,86,6.2,313.6,180.1,D,0
-33.9092,140.5429,338.6,3.5,1.8,2014-01-17,0002,Terra,MODIS,80,6.2,315.2,126.7,D,0
-37.4742,148.8484,355.6,1,1,2014-01-17,0002,Terra,MODIS,97,6.2,309.9,69.9,D,0
-37.5239,148.8788,320.8,1,1,2014-01-17,0002,Terra,MODIS,65,6.2,305.8,9.7,D,0
-34.0329,140.4859,336.4,3.5,1.8,2014-01-17,0002,Terra,MODIS,66,6.2,313.2,123.5,D,0
-34.0407,140.4908,338.6,3.5,1.8,2014-01-17,0002,Terra,MODIS,77,6.2,311.6,147.3,D,0
-33.9417,140.5654,337.3,3.4,1.7,2014-01-17,0002,Terra,MODIS,46,6.2,312.6,109.9,D,0
-37.4776,148.8108,392.1,1.1,1,2014-01-17,0002,Terra,MODIS,100,6.2,314.6,215.3,D,0
-36.2919,147.2804,355,1.2,1.1,2014-01-17,0002,Terra,MODIS,97,6.2,315,72.9,D,0
-34.0034,140.544,342.8,3.4,1.7,2014-01-17,0002,Terra,MODIS,83,6.2,309.5,183.7,D,0
-33.9335,140.5741,361.3,3.4,1.7,2014-01-17,0002,Terra,MODIS,100,6.2,312.7,413.7,D,0
-37.5051,148.8224,337.5,1,1,2014-01-17,0002,Terra,MODIS,86,6.2,306.2,34.3,D,0
-37.4812,148.7735,319.1,1.1,1,2014-01-17,0002,Terra,MODIS,62,6.2,303.1,10,D,0
-33.9709,140.5211,328.6,3.5,1.8,2014-01-17,0002,Terra,MODIS,27,6.2,312.5,52.4,D,0
-37.2851,148.4939,336.1,1.1,1,2014-01-17,0002,Terra,MODIS,86,6.2,305.3,33.4,D,0
-33.9236,140.4921,345.6,3.5,1.8,2014-01-17,0002,Terra,MODIS,88,6.2,314.2,195.4,D,0
-33.9016,140.5529,334.2,3.5,1.8,2014-01-17,0002,Terra,MODIS,67,6.2,314.7,83,D,0
-36.2993,147.2633,332.9,1.2,1.1,2014-01-17,0002,Terra,MODIS,59,6.2,314.2,20.1,D,0
-37.2666,148.4991,351.3,1.1,1,2014-01-17,0002,Terra,MODIS,95,6.2,307.7,63.3,D,0
-37.4761,148.8603,326.5,1,1,2014-01-17,0002,Terra,MODIS,76,6.2,307.3,15.8,D,0
-34.3873,140.5785,330.4,3.4,1.7,2014-01-17,0002,Terra,MODIS,44,6.2,314.4,61.1,D,0
-37.2871,148.5059,326,1.1,1,2014-01-17,0002,Terra,MODIS,76,6.2,303,19,D,0
-33.9481,140.5234,359.1,3.5,1.8,2014-01-17,0002,Terra,MODIS,99,6.2,315.3,390.6,D,0
-35.8259,141.0989,337.3,2.9,1.6,2014-01-17,0002,Terra,MODIS,79,6.2,313.5,83.8,D,0
-35.2336,142.3236,335.4,2.5,1.5,2014-01-17,0002,Terra,MODIS,47,6.2,314.1,46.2,D,0
-35.2598,142.4082,339.5,2.5,1.5,2014-01-17,0002,Terra,MODIS,79,6.2,311.5,74.5,D,0
-34.8872,140.829,331.2,3.1,1.7,2014-01-17,0002,Terra,MODIS,67,6.2,313.1,54.8,D,0
-35.0937,140.3922,345.1,3.3,1.7,2014-01-17,0002,Terra,MODIS,80,6.2,291,198.7,D,0
-35.1023,140.4276,344.8,3.3,1.7,2014-01-17,0002,Terra,MODIS,76,6.2,293.8,208.2,D,0
-35.1088,140.3867,345.3,3.3,1.7,2014-01-17,0002,Terra,MODIS,77,6.2,288.2,202.8,D,0
-35.1173,140.4221,355.4,3.3,1.7,2014-01-17,0002,Terra,MODIS,84,6.2,294.5,338.5,D,0
-35.1258,140.4573,336.8,3.3,1.7,2014-01-17,0002,Terra,MODIS,59,6.2,298.7,140.7,D,0
-35.135,140.4462,333.8,3.3,1.7,2014-01-17,0002,Terra,MODIS,0,6.2,293.3,133,D,0
-34.8831,140.8229,335.2,3.1,1.7,2014-01-17,0002,Terra,MODIS,76,6.2,313.4,86.2,D,0
-37.1133,142.3381,347.4,2.2,1.4,2014-01-17,0002,Terra,MODIS,92,6.2,303.4,134.3,D,0
-37.0871,142.344,397.4,2.2,1.4,2014-01-17,0002,Terra,MODIS,100,6.2,313.4,717.9,D,0
-37.091,142.3503,388.7,2.2,1.4,2014-01-17,0002,Terra,MODIS,100,6.2,307.7,573.7,D,0
-35.2539,142.3816,414,2.5,1.5,2014-01-17,0002,Terra,MODIS,100,6.2,319.4,1210.9,D,0
-35.2481,142.3549,351,2.5,1.5,2014-01-17,0002,Terra,MODIS,93,6.2,314.1,152.3,D,0
-35.2406,142.3861,335.7,2.5,1.5,2014-01-17,0002,Terra,MODIS,75,6.2,312.6,55.6,D,0
-35.2347,142.3594,346.8,2.5,1.5,2014-01-17,0002,Terra,MODIS,90,6.2,313.2,125.1,D,0
-35.2287,142.3324,340.7,2.5,1.5,2014-01-17,0002,Terra,MODIS,84,6.2,313.8,82.5,D,0
-37.0833,142.3781,341.4,2.2,1.4,2014-01-17,0002,Terra,MODIS,80,6.2,306,111.8,D,0
-37.0779,142.3534,397,2.2,1.4,2014-01-17,0002,Terra,MODIS,100,6.2,315.5,710.1,D,0
-37.0766,142.41,358.9,2.2,1.4,2014-01-17,0002,Terra,MODIS,75,6.2,307.3,233,D,0
-37.0706,142.3825,388.7,2.2,1.4,2014-01-17,0002,Terra,MODIS,100,6.2,313.7,571,D,0
-37.065,142.3574,369.5,2.2,1.4,2014-01-17,0002,Terra,MODIS,100,6.2,313.2,309.4,D,0
-37.0596,142.3327,358.8,2.2,1.4,2014-01-17,0002,Terra,MODIS,99,6.2,317.1,198.1,D,0
-37.0639,142.4148,352.2,2.2,1.4,2014-01-17,0002,Terra,MODIS,66,6.2,307.5,167.3,D,0
-37.0577,142.3867,372.9,2.2,1.4,2014-01-17,0002,Terra,MODIS,94,6.2,314.8,337.3,D,0
-37.0522,142.3616,387.3,2.2,1.4,2014-01-17,0002,Terra,MODIS,100,6.2,317.2,519.6,D,0
-37.0468,142.3369,345.9,2.2,1.4,2014-01-17,0002,Terra,MODIS,66,6.2,315.9,92.9,D,0
-37.0509,142.4179,372.5,2.2,1.4,2014-01-17,0002,Terra,MODIS,74,6.2,311.3,339.8,D,0
-35.2397,142.3504,345.8,2.5,1.5,2014-01-17,0002,Terra,MODIS,89,6.2,313.8,112.8,D,0
-37.0394,142.366,344.8,2.2,1.4,2014-01-17,0002,Terra,MODIS,50,6.2,315.6,81.8,D,0
-37.0381,142.422,363.5,2.2,1.4,2014-01-17,0002,Terra,MODIS,77,6.2,314.3,239.2,D,0
-37.0267,142.3706,342.2,2.2,1.4,2014-01-17,0002,Terra,MODIS,66,6.2,315.1,52.1,D,0
-37.0212,142.3461,341.4,2.2,1.4,2014-01-17,0002,Terra,MODIS,32,6.2,316.7,55.4,D,0
-37.0141,142.3759,341.9,2.2,1.4,2014-01-17,0002,Terra,MODIS,70,6.2,317.5,54,D,0
-37.0415,142.4276,380.6,2.2,1.4,2014-01-17,0002,Terra,MODIS,87,6.2,313.7,429.7,D,0
-37.0175,142.3803,346.1,2.2,1.4,2014-01-17,0002,Terra,MODIS,86,6.2,316.8,77.3,D,0
-36.9774,142.448,355.4,2.2,1.4,2014-01-17,0002,Terra,MODIS,97,6.2,310.4,180.4,D,0
-36.972,142.4234,343.7,2.2,1.4,2014-01-17,0002,Terra,MODIS,56,6.2,311.6,92.9,D,0
-35.2458,142.3772,377.3,2.5,1.5,2014-01-17,0002,Terra,MODIS,100,6.2,317.1,451,D,0
-37.1616,142.2577,342.4,2.2,1.5,2014-01-17,0002,Terra,MODIS,67,6.2,307.8,95.5,D,0
-35.2518,142.4037,330.7,2.5,1.5,2014-01-17,0002,Terra,MODIS,19,6.2,312.2,32.7,D,0
-35.2591,142.3726,393.3,2.5,1.5,2014-01-17,0002,Terra,MODIS,100,6.2,315.2,721.9,D,0
-35.2651,142.3992,362.3,2.5,1.5,2014-01-17,0002,Terra,MODIS,100,6.2,309.1,264.7,D,0
-35.2725,142.3682,351,2.5,1.5,2014-01-17,0002,Terra,MODIS,93,6.2,313.1,159,D,0
-37.1655,142.2623,343.2,2.2,1.5,2014-01-17,0002,Terra,MODIS,67,6.2,303.7,102,D,0
-37.1472,142.2419,338.2,2.3,1.5,2014-01-17,0002,Terra,MODIS,84,6.2,311.8,72.3,D,0
-37.14,142.2721,364.2,2.2,1.5,2014-01-17,0002,Terra,MODIS,87,6.2,308.6,261.9,D,0
-37.1344,142.2463,343.5,2.3,1.5,2014-01-17,0002,Terra,MODIS,89,6.2,311.4,101.4,D,0
-37.1389,142.3294,346.5,2.2,1.4,2014-01-17,0002,Terra,MODIS,86,6.2,296.5,133.5,D,0
-37.1276,142.2781,420.7,2.2,1.5,2014-01-17,0002,Terra,MODIS,94,6.2,323.5,1244.8,D,0
-37.1215,142.2508,349.7,2.3,1.5,2014-01-17,0002,Terra,MODIS,93,6.2,314.4,140,D,0
-37.1262,142.3343,337.3,2.2,1.4,2014-01-17,0002,Terra,MODIS,83,6.2,300.6,79,D,0
-37.1206,142.3089,476.1,2.2,1.4,2014-01-17,0002,Terra,MODIS,100,6.2,323,3545.4,D,0
-37.1147,142.2823,435.4,2.2,1.5,2014-01-17,0002,Terra,MODIS,100,6.2,330.8,1695.6,D,0
-37.1087,142.2555,354.2,2.3,1.5,2014-01-17,0002,Terra,MODIS,96,6.2,317.5,170.3,D,0
-37.1074,142.3115,476.2,2.2,1.4,2014-01-17,0002,Terra,MODIS,100,6.2,333.7,3548.7,D,0
-37.1018,142.2863,431,2.2,1.5,2014-01-17,0002,Terra,MODIS,100,6.2,331.1,1548,D,0
-37.0959,142.2599,343.7,2.3,1.5,2014-01-17,0002,Terra,MODIS,89,6.2,316.3,95.3,D,0
-37.0946,142.3161,413.9,2.2,1.4,2014-01-17,0002,Terra,MODIS,100,6.2,319.2,1066.3,D,0
-37.0887,142.2895,385.3,2.2,1.5,2014-01-17,0002,Terra,MODIS,100,6.2,321.2,509.1,D,0
-37.083,142.2644,347.6,2.3,1.5,2014-01-17,0002,Terra,MODIS,92,6.2,315.9,115.4,D,0
-37.0814,142.3188,407.5,2.2,1.4,2014-01-17,0002,Terra,MODIS,100,6.2,323.5,913.8,D,0
-37.0758,142.2936,355.8,2.2,1.5,2014-01-17,0002,Terra,MODIS,97,6.2,317.3,179.1,D,0
-37.0702,142.2687,344.2,2.3,1.5,2014-01-17,0002,Terra,MODIS,89,6.2,316.1,92.9,D,0
-37.1114,142.3179,472.1,2.2,1.4,2014-01-17,0002,Terra,MODIS,100,6.2,325.9,3315,D,0
-37.1059,142.2924,466.4,2.2,1.5,2014-01-17,0002,Terra,MODIS,100,6.2,339.6,3023,D,0
-37.1002,142.2657,353.5,2.3,1.5,2014-01-17,0002,Terra,MODIS,96,6.2,318.4,158.3,D,0
-37.0988,142.323,409.8,2.2,1.4,2014-01-17,0002,Terra,MODIS,100,6.2,314.5,967.2,D,0
-37.0928,142.2953,433.9,2.2,1.5,2014-01-17,0002,Terra,MODIS,100,6.2,329.2,1641.5,D,0
-37.0873,142.2701,357,2.3,1.5,2014-01-17,0002,Terra,MODIS,98,6.2,317.2,183.9,D,0
-37.0855,142.3251,418.9,2.2,1.4,2014-01-17,0002,Terra,MODIS,100,6.2,320,1189.5,D,0
-37.0799,142.2994,388.6,2.2,1.5,2014-01-17,0002,Terra,MODIS,100,6.2,320.6,555.2,D,0
-37.0744,142.2744,343.9,2.3,1.5,2014-01-17,0002,Terra,MODIS,89,6.2,315.6,89.8,D,0
-37.0725,142.3285,413.2,2.2,1.4,2014-01-17,0002,Terra,MODIS,100,6.2,325.6,1041.7,D,0
-37.067,142.3036,344.3,2.2,1.5,2014-01-17,0002,Terra,MODIS,88,6.2,317,96,D,0
-37.0615,142.2787,347.2,2.3,1.5,2014-01-17,0002,Terra,MODIS,92,6.2,316.8,106.7,D,0
-37.056,142.2538,336.8,2.3,1.5,2014-01-17,0002,Terra,MODIS,76,6.2,315.2,49.6,D,0
-37.0541,142.3079,343.2,2.2,1.5,2014-01-17,0002,Terra,MODIS,82,6.2,316.6,85.9,D,0
-37.0487,142.2831,337.7,2.3,1.5,2014-01-17,0002,Terra,MODIS,74,6.2,316,53.5,D,0
-37.0413,142.3122,344.5,2.2,1.5,2014-01-17,0002,Terra,MODIS,76,6.2,317.3,88.2,D,0
-35.2228,142.3055,336.1,2.5,1.5,2014-01-17,0002,Terra,MODIS,77,6.2,314.2,55.8,D,0
-34.8793,140.7953,343.1,3.2,1.7,2014-01-17,0002,Terra,MODIS,86,6.2,314.8,154.1,D,0
-34.875,140.7893,337.4,3.2,1.7,2014-01-17,0002,Terra,MODIS,80,6.2,314.6,104.7,D,0
-34.9366,140.3839,360.1,3.3,1.7,2014-01-17,0002,Terra,MODIS,100,6.2,316,381.3,D,0
-34.9518,140.3784,389.5,3.3,1.7,2014-01-17,0002,Terra,MODIS,100,6.2,318.9,1001.8,D,0
-34.9603,140.4142,375.6,3.3,1.7,2014-01-17,0002,Terra,MODIS,100,6.2,316.2,656.6,D,0
-34.967,140.373,340.5,3.3,1.7,2014-01-17,0002,Terra,MODIS,83,6.2,312.9,117.9,D,0
-34.9755,140.4087,368.1,3.3,1.7,2014-01-17,0002,Terra,MODIS,100,6.2,313.3,503.9,D,0
-34.9839,140.4443,327.7,3.3,1.7,2014-01-17,0002,Terra,MODIS,17,6.2,311.8,36.9,D,0
-34.9906,140.4032,354.3,3.3,1.7,2014-01-17,0002,Terra,MODIS,96,6.2,312.6,284.9,D,0
-34.999,140.4388,357.9,3.3,1.7,2014-01-17,0002,Terra,MODIS,98,6.2,314,340.5,D,0
-34.9454,140.3733,389.6,3.3,1.7,2014-01-17,0002,Terra,MODIS,100,6.2,320.1,1004,D,0
-34.9542,140.409,378.8,3.3,1.7,2014-01-17,0002,Terra,MODIS,100,6.2,317,722.4,D,0
-34.9606,140.3679,338.4,3.3,1.7,2014-01-17,0002,Terra,MODIS,73,6.2,313.5,106.1,D,0
-34.9693,140.4035,374.7,3.3,1.7,2014-01-17,0002,Terra,MODIS,100,6.2,314.6,634.2,D,0
-34.978,140.4391,328.5,3.3,1.7,2014-01-17,0002,Terra,MODIS,48,6.2,311.8,43.3,D,0
-34.9844,140.3981,353.5,3.3,1.7,2014-01-17,0002,Terra,MODIS,95,6.2,312.4,269.5,D,0
-34.9931,140.4336,354.2,3.3,1.7,2014-01-17,0002,Terra,MODIS,96,6.2,312.9,288.3,D,0
-34.9996,140.3927,355.8,3.3,1.7,2014-01-17,0002,Terra,MODIS,97,6.2,312.9,302.5,D,0
-35.0082,140.4282,391.9,3.3,1.7,2014-01-17,0002,Terra,MODIS,100,6.2,318.6,1058.8,D,0
-35.0167,140.4636,359.7,3.3,1.7,2014-01-17,0002,Terra,MODIS,99,6.2,314.4,364.2,D,0
-35.0147,140.3873,374.4,3.3,1.7,2014-01-17,0002,Terra,MODIS,100,6.2,313.3,630.4,D,0
-35.0233,140.4228,454.3,3.3,1.7,2014-01-17,0002,Terra,MODIS,100,6.2,325.7,4236.7,D,0
-35.0318,140.4583,445.4,3.3,1.7,2014-01-17,0002,Terra,MODIS,100,6.2,321.3,3565.4,D,0
-35.0298,140.3818,368.6,3.3,1.7,2014-01-17,0002,Terra,MODIS,100,6.2,313.5,520.3,D,0
-35.0384,140.4174,392.8,3.3,1.7,2014-01-17,0002,Terra,MODIS,100,6.2,306.8,1098.5,D,0
-35.045,140.3764,362.4,3.3,1.7,2014-01-17,0002,Terra,MODIS,100,6.2,312.2,423,D,0
-35.0535,140.412,351.8,3.3,1.7,2014-01-17,0002,Terra,MODIS,94,6.2,295.5,272.1,D,0
-35.0601,140.371,383.7,3.3,1.7,2014-01-17,0002,Terra,MODIS,100,6.2,314.3,862.2,D,0
-35.0686,140.4066,387,3.3,1.7,2014-01-17,0002,Terra,MODIS,100,6.2,301.7,947.7,D,0
-35.0753,140.3657,338.4,3.3,1.7,2014-01-17,0002,Terra,MODIS,81,6.2,301.8,131.3,D,0
-35.0245,140.378,358.8,3.3,1.7,2014-01-17,0002,Terra,MODIS,99,6.2,313.4,359.8,D,0
-35.0332,140.4134,408.9,3.3,1.7,2014-01-17,0002,Terra,MODIS,100,6.2,313.6,1648.3,D,0
-35.042,140.4489,352.2,3.3,1.7,2014-01-17,0002,Terra,MODIS,94,6.2,302.6,276.2,D,0
-35.0396,140.3725,348.9,3.3,1.7,2014-01-17,0002,Terra,MODIS,91,6.2,312.3,236.7,D,0
-35.0483,140.4081,364.3,3.3,1.7,2014-01-17,0002,Terra,MODIS,100,6.2,300,453,D,0
-35.0548,140.3672,372.8,3.3,1.7,2014-01-17,0002,Terra,MODIS,100,6.2,314.5,611.2,D,0
-35.0635,140.4028,385.7,3.3,1.7,2014-01-17,0002,Terra,MODIS,94,6.2,302.4,906.2,D,0
-35.0699,140.362,345.1,3.3,1.7,2014-01-17,0002,Terra,MODIS,74,6.2,306.4,195.3,D,0
-35.0786,140.3974,374.4,3.3,1.7,2014-01-17,0002,Terra,MODIS,94,6.2,297.4,645.4,D,0
-35.7829,141.0524,357.3,2.9,1.6,2014-01-17,0002,Terra,MODIS,98,6.2,319.4,268.5,D,0
-35.7901,141.0838,334,2.9,1.6,2014-01-17,0002,Terra,MODIS,61,6.2,314.2,61.9,D,0
-35.7971,141.0474,379.5,2.9,1.6,2014-01-17,0002,Terra,MODIS,100,6.2,320.3,593.9,D,0
-35.8043,141.0787,380.5,2.9,1.6,2014-01-17,0002,Terra,MODIS,100,6.2,318.2,615.6,D,0
-35.7684,141.0517,331.4,2.9,1.6,2014-01-17,0002,Terra,MODIS,50,6.2,314.6,47.5,D,0
-35.7827,141.0466,351.9,2.9,1.6,2014-01-17,0002,Terra,MODIS,94,6.2,319.9,207.9,D,0
-35.7901,141.0779,342.6,2.9,1.6,2014-01-17,0002,Terra,MODIS,86,6.2,315.4,124.2,D,0
-35.7969,141.0416,363.1,2.9,1.6,2014-01-17,0002,Terra,MODIS,100,6.2,319,332.5,D,0
-35.8043,141.0729,388,2.9,1.6,2014-01-17,0002,Terra,MODIS,100,6.2,319.5,773,D,0
-35.8186,141.0678,359.8,2.9,1.6,2014-01-17,0002,Terra,MODIS,99,6.2,313.8,292.4,D,0
-35.8328,141.0628,348.3,2.9,1.6,2014-01-17,0002,Terra,MODIS,91,6.2,313.5,161.8,D,0
-35.8401,141.0939,368.7,2.9,1.6,2014-01-17,0002,Terra,MODIS,100,6.2,315,417.5,D,0
-35.8177,140.932,334.9,2.9,1.6,2014-01-17,0002,Terra,MODIS,40,6.2,314.9,63.9,D,0
-35.8471,141.0577,356.1,2.9,1.6,2014-01-17,0002,Terra,MODIS,96,6.2,315.4,252.5,D,0
-35.8543,141.0889,393.5,2.9,1.6,2014-01-17,0002,Terra,MODIS,100,6.2,315.9,908.2,D,0
-35.8615,141.1199,369.3,2.8,1.6,2014-01-17,0002,Terra,MODIS,100,6.2,313.4,445.4,D,0
-35.8321,140.9268,340.7,2.9,1.6,2014-01-17,0002,Terra,MODIS,79,6.2,316,107.7,D,0
-35.8613,141.0527,349.9,2.9,1.6,2014-01-17,0002,Terra,MODIS,73,6.2,310.6,193.4,D,0
-35.8685,141.0838,348.1,2.9,1.6,2014-01-17,0002,Terra,MODIS,73,6.2,302.3,187.7,D,0
-35.8757,141.1148,339.5,2.8,1.6,2014-01-17,0002,Terra,MODIS,65,6.2,303,128,D,0
-35.8465,141.0505,349.8,2.9,1.6,2014-01-17,0002,Terra,MODIS,85,6.2,315.9,183.7,D,0
-35.854,141.0815,377,2.9,1.6,2014-01-17,0002,Terra,MODIS,100,6.2,314.2,562.5,D,0
-35.8614,141.1125,378.4,2.8,1.6,2014-01-17,0002,Terra,MODIS,100,6.2,314.5,596.5,D,0
-35.6078,140.7028,337.9,3.1,1.7,2014-01-17,0002,Terra,MODIS,80,6.2,315.1,112.2,D,0
-35.6155,140.7359,342.1,3,1.7,2014-01-17,0002,Terra,MODIS,86,6.2,313.4,145.2,D,0
-35.6301,140.7307,330.5,3,1.7,2014-01-17,0002,Terra,MODIS,66,6.2,312.1,58.2,D,0
-35.8307,140.9197,337.9,2.9,1.6,2014-01-17,0002,Terra,MODIS,66,6.2,315.2,84.6,D,0
-35.8384,140.9516,335.1,2.9,1.6,2014-01-17,0002,Terra,MODIS,41,6.2,317.4,56.3,D,0
-35.8608,141.0454,344.9,2.9,1.6,2014-01-17,0002,Terra,MODIS,55,6.2,312.3,146.4,D,0
-35.8682,141.0765,346.5,2.9,1.6,2014-01-17,0002,Terra,MODIS,63,6.2,302.8,174.2,D,0
-35.8755,141.1074,341.1,2.8,1.6,2014-01-17,0002,Terra,MODIS,65,6.2,301.5,141.1,D,0
-35.6128,140.7297,336.8,3,1.7,2014-01-17,0002,Terra,MODIS,78,6.2,313.8,106.6,D,0
-35.6274,140.7244,341.8,3,1.7,2014-01-17,0002,Terra,MODIS,85,6.2,313,143.7,D,0
-35.7576,140.7433,335.6,3,1.7,2014-01-17,0002,Terra,MODIS,75,6.2,312.5,82.8,D,0
-35.7566,140.6722,346,3,1.7,2014-01-17,0002,Terra,MODIS,89,6.2,315.8,152.6,D,0
-35.7712,140.6669,343.6,3,1.7,2014-01-17,0002,Terra,MODIS,87,6.2,315.9,124.7,D,0
-35.7537,140.6657,344,3,1.7,2014-01-17,0002,Terra,MODIS,88,6.2,315.9,133.4,D,0
-35.7683,140.6604,337.1,3,1.7,2014-01-17,0002,Terra,MODIS,57,6.2,315.7,74.1,D,0
-34.9193,140.3119,335.1,3.4,1.7,2014-01-17,0002,Terra,MODIS,71,6.2,314.6,87.8,D,0
-34.928,140.3479,334.7,3.4,1.7,2014-01-17,0002,Terra,MODIS,48,6.2,315.3,80.9,D,0
-34.9323,140.2279,362.6,3.4,1.7,2014-01-17,0002,Terra,MODIS,100,6.2,317.9,426.6,D,0
-34.9411,140.2645,342.7,3.4,1.7,2014-01-17,0002,Terra,MODIS,86,6.2,316.3,149.5,D,0
-34.9277,140.3014,341.7,3.4,1.7,2014-01-17,0002,Terra,MODIS,85,6.2,315.6,138.3,D,0
-34.925,140.2231,351.1,3.4,1.7,2014-01-17,0002,Terra,MODIS,94,6.2,316.7,260.8,D,0
-34.934,140.2596,349.1,3.4,1.7,2014-01-17,0002,Terra,MODIS,92,6.2,317.7,227.3,D,0
-35.0212,140.3461,334.2,3.3,1.7,2014-01-17,0002,Terra,MODIS,52,6.2,313.5,75.3,D,0
-35.0409,140.221,332.7,3.4,1.7,2014-01-17,0002,Terra,MODIS,67,6.2,310.6,78.1,D,0
-35.0347,140.2177,333,3.4,1.7,2014-01-17,0002,Terra,MODIS,72,6.2,311.6,83.6,D,0
-36.9463,143.1682,330.5,2,1.4,2014-01-17,0002,Terra,MODIS,75,6.2,311.6,33,D,0
-35.6147,141.9638,345.5,2.6,1.5,2014-01-17,0002,Terra,MODIS,89,6.2,314.8,126.7,D,0
-35.6209,141.9915,370.1,2.5,1.5,2014-01-17,0002,Terra,MODIS,100,6.2,315.1,374,D,0
-35.6344,141.9869,342.1,2.5,1.5,2014-01-17,0002,Terra,MODIS,78,6.2,311.9,97.6,D,0
-35.6406,142.0145,353.7,2.5,1.5,2014-01-17,0002,Terra,MODIS,95,6.2,308.2,185.6,D,0
-35.6055,141.961,336.1,2.6,1.5,2014-01-17,0002,Terra,MODIS,78,6.2,313.5,69.8,D,0
-35.6118,141.9886,360.5,2.5,1.5,2014-01-17,0002,Terra,MODIS,100,6.2,316,265.1,D,0
-35.6254,141.984,348.5,2.5,1.5,2014-01-17,0002,Terra,MODIS,92,6.2,313.9,151.1,D,0
-35.6317,142.0116,349.1,2.5,1.5,2014-01-17,0002,Terra,MODIS,92,6.2,312.1,153.6,D,0
-35.6453,142.007,347.1,2.5,1.5,2014-01-17,0002,Terra,MODIS,90,6.2,303.1,139.2,D,0
-35.8501,140.738,336.2,3,1.6,2014-01-17,0002,Terra,MODIS,51,6.2,303.2,83.7,D,0
-35.9356,140.7012,349.3,3,1.6,2014-01-17,0002,Terra,MODIS,86,6.2,298,225.2,D,0
-35.9278,140.6685,335.2,3,1.7,2014-01-17,0002,Terra,MODIS,23,6.2,308,86.3,D,0
-35.9211,140.7065,434.7,3,1.6,2014-01-17,0002,Terra,MODIS,87,6.2,309.3,2557.7,D,0
-35.9133,140.6738,369.9,3,1.7,2014-01-17,0002,Terra,MODIS,94,6.2,308.9,483.5,D,0
-35.8816,140.5413,334.4,3.1,1.7,2014-01-17,0002,Terra,MODIS,25,6.2,315.4,67.9,D,0
-35.8929,140.6513,343.1,3,1.7,2014-01-17,0002,Terra,MODIS,73,6.2,315,125.7,D,0
-35.8549,140.5569,334.3,3.1,1.7,2014-01-17,0002,Terra,MODIS,26,6.2,316.1,62.7,D,0
-35.8356,140.7432,376,3,1.6,2014-01-17,0002,Terra,MODIS,100,6.2,309.1,576.1,D,0
-35.8278,140.7105,352.5,3,1.7,2014-01-17,0002,Terra,MODIS,95,6.2,307.6,225.5,D,0
-35.8211,140.7485,384.6,3,1.6,2014-01-17,0002,Terra,MODIS,100,6.2,314.6,750.3,D,0
-35.8133,140.7158,423.5,3,1.7,2014-01-17,0002,Terra,MODIS,100,6.2,316.9,2001.3,D,0
-35.8054,140.6828,370.6,3,1.7,2014-01-17,0002,Terra,MODIS,100,6.2,314.3,468.9,D,0
-35.8066,140.7537,337.1,3,1.6,2014-01-17,0002,Terra,MODIS,54,6.2,312.6,87.6,D,0
-35.7988,140.721,392.8,3,1.7,2014-01-17,0002,Terra,MODIS,100,6.2,321.1,948.9,D,0
-35.7909,140.6881,384.6,3,1.7,2014-01-17,0002,Terra,MODIS,100,6.2,319.2,746.1,D,0
-35.7829,140.6552,340.5,3,1.7,2014-01-17,0002,Terra,MODIS,81,6.2,316,99,D,0
-35.7842,140.7262,347.6,3,1.7,2014-01-17,0002,Terra,MODIS,91,6.2,314.4,185.8,D,0
-35.7763,140.6934,362.3,3,1.7,2014-01-17,0002,Terra,MODIS,100,6.2,317.8,348.8,D,0
-35.8234,140.7551,374.9,3,1.6,2014-01-17,0002,Terra,MODIS,100,6.2,314,550.6,D,0
-35.8158,140.7223,419,3,1.7,2014-01-17,0002,Terra,MODIS,100,6.2,315.5,1805.2,D,0
-35.8081,140.6893,381.7,3,1.7,2014-01-17,0002,Terra,MODIS,100,6.2,314.1,675.3,D,0
-35.8089,140.7604,331.1,3,1.6,2014-01-17,0002,Terra,MODIS,67,6.2,312.3,53.8,D,0
-35.8012,140.7276,396.1,3,1.7,2014-01-17,0002,Terra,MODIS,100,6.2,320.8,1047.8,D,0
-35.7935,140.6947,402.6,3,1.7,2014-01-17,0002,Terra,MODIS,100,6.2,321,1227,D,0
-35.7858,140.6616,345.6,3,1.7,2014-01-17,0002,Terra,MODIS,89,6.2,315.9,146.1,D,0
-35.7867,140.7328,341.9,3,1.7,2014-01-17,0002,Terra,MODIS,79,6.2,313.8,124.6,D,0
-35.7789,140.6999,364.7,3,1.7,2014-01-17,0002,Terra,MODIS,100,6.2,318.1,377,D,0
-36.6864,147.76,319.8,1.2,1.1,2014-01-17,0002,Terra,MODIS,43,6.2,303.8,13.5,D,0
-36.6843,147.7481,320.1,1.2,1.1,2014-01-17,0002,Terra,MODIS,46,6.2,302.3,14.3,D,0
-27.2961,122.7068,324,1.8,1.3,2014-01-17,0138,Terra,MODIS,62,6.2,303.8,17.2,D,0
-27.2985,122.6945,324.3,1.8,1.3,2014-01-17,0138,Terra,MODIS,55,6.2,303.9,17.5,D,0
-25.8225,122.6982,329.3,1.9,1.3,2014-01-17,0138,Terra,MODIS,65,6.2,307.6,23.2,D,0
-31.5499,133.364,338.7,1.7,1.3,2014-01-17,0139,Terra,MODIS,83,6.2,304,49.2,D,0
-31.5382,133.3655,347.9,1.7,1.3,2014-01-17,0139,Terra,MODIS,92,6.2,303.6,87.1,D,0
-31.5364,133.3474,333.8,1.7,1.3,2014-01-17,0139,Terra,MODIS,52,6.2,305.4,29.7,D,0
-31.5266,133.367,339.9,1.7,1.3,2014-01-17,0139,Terra,MODIS,81,6.2,299.5,55.8,D,0
-31.5309,133.3723,346.7,1.7,1.3,2014-01-17,0139,Terra,MODIS,91,6.2,300.2,85.1,D,0
-31.529,133.3541,342.5,1.7,1.3,2014-01-17,0139,Terra,MODIS,79,6.2,303.4,61.7,D,0
-31.6199,133.3548,331.7,1.7,1.3,2014-01-17,0139,Terra,MODIS,27,6.2,303.8,27,D,0
-31.6217,133.373,335.8,1.7,1.3,2014-01-17,0139,Terra,MODIS,79,6.2,301.6,40.8,D,0
-31.6172,133.3669,332,1.7,1.3,2014-01-17,0139,Terra,MODIS,44,6.2,302.1,28.1,D,0
-31.6289,133.3653,337.3,1.7,1.3,2014-01-17,0139,Terra,MODIS,84,6.2,303,46.5,D,0
-31.6307,133.3836,340.9,1.7,1.3,2014-01-17,0139,Terra,MODIS,87,6.2,301.4,63.4,D,0
-31.6406,133.3637,330.3,1.7,1.3,2014-01-17,0139,Terra,MODIS,63,6.2,301.5,25.5,D,0
-31.5517,133.3822,331.2,1.7,1.3,2014-01-17,0139,Terra,MODIS,75,6.2,303.1,29.4,D,0
-31.6424,133.382,343.7,1.7,1.3,2014-01-17,0139,Terra,MODIS,89,6.2,299.8,74.6,D,0
-31.5554,133.7273,333.4,1.8,1.3,2014-01-17,0139,Terra,MODIS,27,6.2,305.8,32.5,D,0
-31.54,133.3838,338.3,1.7,1.3,2014-01-17,0139,Terra,MODIS,84,6.2,302.6,53.1,D,0
-31.8816,134.1524,334.1,1.9,1.4,2014-01-17,0139,Terra,MODIS,55,6.2,307.2,36.1,D,0
-31.8982,134.1645,365.4,2,1.4,2014-01-17,0139,Terra,MODIS,100,6.2,305.8,220,D,0
-31.8858,134.1662,338.7,2,1.4,2014-01-17,0139,Terra,MODIS,72,6.2,305.2,57.9,D,0
-32.2209,134.8725,336.7,2.2,1.4,2014-01-17,0139,Terra,MODIS,83,6.2,309.1,53.2,D,0
-32.2184,134.8671,331.5,2.2,1.4,2014-01-17,0139,Terra,MODIS,56,6.2,309.2,31.7,D,0
-32.6204,135.5517,333.9,2.5,1.5,2014-01-17,0139,Terra,MODIS,50,6.2,275.3,85,D,0
-31.7804,134.1703,332.9,1.9,1.4,2014-01-17,0139,Terra,MODIS,46,6.2,306.4,32.4,D,0
-32.5538,135.3276,349.3,2.4,1.5,2014-01-17,0139,Terra,MODIS,93,6.2,304.7,179.9,D,0
-31.8963,134.1438,338,1.9,1.4,2014-01-17,0139,Terra,MODIS,83,6.2,307,50.8,D,0
-32.2016,134.8041,332.7,2.2,1.4,2014-01-17,0139,Terra,MODIS,68,6.2,309.4,34.2,D,0
-31.9105,134.1628,331.5,2,1.4,2014-01-17,0139,Terra,MODIS,58,6.2,305.1,32.6,D,0
-32.2014,134.8219,331.6,2.2,1.4,2014-01-17,0139,Terra,MODIS,49,6.2,310.3,29.9,D,0
-31.7133,133.1845,337.6,1.7,1.3,2014-01-17,0139,Terra,MODIS,85,6.2,303,52.2,D,0
-34.6721,139.1826,339.7,4.5,1.9,2014-01-17,0140,Terra,MODIS,90,6.2,310.5,217.9,D,0
-34.6699,139.1325,354.2,4.4,1.9,2014-01-17,0140,Terra,MODIS,97,6.2,311.1,470.5,D,0
-34.6522,139.1331,329.7,4.4,1.9,2014-01-17,0140,Terra,MODIS,50,6.2,310.3,105.1,D,0
-34.6726,139.1882,334.8,4.5,1.9,2014-01-17,0140,Terra,MODIS,69,6.2,310.2,152.3,D,0
-34.6701,139.1378,359.7,4.4,1.9,2014-01-17,0140,Terra,MODIS,99,6.2,311.2,590.1,D,0
-34.6524,139.1383,334.4,4.4,1.9,2014-01-17,0140,Terra,MODIS,86,6.2,310.6,156.3,D,0
-41.6916,144.9791,322.2,1.1,1,2014-01-17,0416,Aqua,MODIS,78,6.2,283.6,20.1,D,0
-41.69,144.9922,309,1.1,1,2014-01-17,0416,Aqua,MODIS,50,6.2,282.9,8.3,D,0
-35.2628,142.3911,368.2,1.2,1.1,2014-01-17,0417,Aqua,MODIS,87,6.2,334.6,89.1,D,0
-35.2644,142.3783,371.4,1.2,1.1,2014-01-17,0417,Aqua,MODIS,98,6.2,333.9,99.6,D,0
-35.2659,142.3655,386.7,1.2,1.1,2014-01-17,0417,Aqua,MODIS,100,6.2,333.2,178.1,D,0
-37.1136,142.2602,342.1,1.2,1.1,2014-01-17,0417,Aqua,MODIS,48,6.2,320.6,27.8,D,0
-37.1119,142.2744,346.6,1.2,1.1,2014-01-17,0417,Aqua,MODIS,78,6.2,314.7,35.7,D,0
-35.2675,142.3527,347.2,1.2,1.1,2014-01-17,0417,Aqua,MODIS,39,6.2,329.2,22.9,D,0
-35.2783,142.2626,379.5,1.2,1.1,2014-01-17,0417,Aqua,MODIS,100,6.2,330.7,138.8,D,0
-35.2531,142.3893,381.2,1.2,1.1,2014-01-17,0417,Aqua,MODIS,100,6.2,332.5,149.5,D,0
-35.245,142.3748,366.9,1.2,1.1,2014-01-17,0417,Aqua,MODIS,100,6.2,331.6,86.5,D,0
-35.2317,142.32,351.4,1.2,1.1,2014-01-17,0417,Aqua,MODIS,58,6.2,329.8,35.1,D,0
-35.2234,142.3055,347.9,1.2,1.1,2014-01-17,0417,Aqua,MODIS,50,6.2,326.2,28.3,D,0
-35.6256,141.9838,365.5,1.2,1.1,2014-01-17,0417,Aqua,MODIS,94,6.2,330.7,86.7,D,0
-35.624,141.9973,400.4,1.2,1.1,2014-01-17,0417,Aqua,MODIS,94,6.2,326.1,287.5,D,0
-35.6225,142.0107,358,1.2,1.1,2014-01-17,0417,Aqua,MODIS,73,6.2,301.7,69.4,D,0
-35.634,141.999,398.5,1.2,1.1,2014-01-17,0417,Aqua,MODIS,100,6.2,332.5,279,D,0
-35.6324,142.0125,382.3,1.2,1.1,2014-01-17,0417,Aqua,MODIS,100,6.2,327.7,176.6,D,0
-35.6538,142.0025,345.8,1.2,1.1,2014-01-17,0417,Aqua,MODIS,24,6.2,317.7,29.2,D,0
-35.6637,142.0042,353.8,1.2,1.1,2014-01-17,0417,Aqua,MODIS,89,6.2,320.7,54.7,D,0
-35.6575,142.058,346.9,1.2,1.1,2014-01-17,0417,Aqua,MODIS,88,6.2,326.8,33.8,D,0
-35.7455,141.9146,370.2,1.2,1.1,2014-01-17,0417,Aqua,MODIS,97,6.2,331.5,121.1,D,0
-35.7439,141.9283,362.4,1.2,1.1,2014-01-17,0417,Aqua,MODIS,100,6.2,322.1,88.3,D,0
-37.0878,142.4816,417.5,1.2,1.1,2014-01-17,0417,Aqua,MODIS,0,6.2,289.5,465.5,D,0
-37.0749,142.5064,419,1.2,1.1,2014-01-17,0417,Aqua,MODIS,0,6.2,297.8,482.7,D,0
-37.0763,142.4939,418.6,1.2,1.1,2014-01-17,0417,Aqua,MODIS,0,6.2,295.1,476,D,0
-37.0567,142.4898,416.9,1.2,1.1,2014-01-17,0417,Aqua,MODIS,0,6.2,300.2,458.8,D,0
-37.0454,142.5002,334.6,1.2,1.1,2014-01-17,0417,Aqua,MODIS,68,6.2,288.3,21.1,D,0
-37.0469,142.4877,336.6,1.2,1.1,2014-01-17,0417,Aqua,MODIS,56,6.2,271,25.6,D,0
-37.0356,142.4982,338,1.2,1.1,2014-01-17,0417,Aqua,MODIS,81,6.2,297.3,27.4,D,0
-37.0258,142.4963,343.4,1.2,1.1,2014-01-17,0417,Aqua,MODIS,87,6.2,303,38.9,D,0
-37.0272,142.4841,411.3,1.2,1.1,2014-01-17,0417,Aqua,MODIS,94,6.2,318.8,401.7,D,0
-37.0288,142.4702,372.4,1.2,1.1,2014-01-17,0417,Aqua,MODIS,82,6.2,299.8,138.3,D,0
-37.0159,142.4944,333.6,1.2,1.1,2014-01-17,0417,Aqua,MODIS,53,6.2,305.4,17.7,D,0
-37.0173,142.4823,415.2,1.2,1.1,2014-01-17,0417,Aqua,MODIS,94,6.2,312.3,439.8,D,0
-37.0163,142.4897,358.6,1.2,1.1,2014-01-17,0417,Aqua,MODIS,0,6.2,304.8,81.9,D,0
-37.0177,142.4773,394.4,1.2,1.1,2014-01-17,0417,Aqua,MODIS,0,6.2,313.6,262.6,D,0
-35.6244,140.7174,330.3,1.4,1.2,2014-01-17,0417,Aqua,MODIS,51,6.2,310.4,20.3,D,0
-35.745,140.647,343.4,1.4,1.2,2014-01-17,0417,Aqua,MODIS,77,6.2,320,28.6,D,0
-35.7523,140.6804,356.1,1.4,1.2,2014-01-17,0417,Aqua,MODIS,97,6.2,323.3,77.1,D,0
-35.7506,140.6962,342.8,1.4,1.2,2014-01-17,0417,Aqua,MODIS,37,6.2,319.7,32.6,D,0
-35.7551,140.686,374.2,1.4,1.2,2014-01-17,0417,Aqua,MODIS,100,6.2,322.1,170.2,D,0
-37.1307,142.7273,337.8,1.2,1.1,2014-01-17,0417,Aqua,MODIS,67,6.2,313,20.1,D,0
-37.1291,142.7411,386.7,1.2,1.1,2014-01-17,0417,Aqua,MODIS,100,6.2,319.8,199.7,D,0
-37.1275,142.7543,371.8,1.2,1.1,2014-01-17,0417,Aqua,MODIS,100,6.2,317.4,122.1,D,0
-37.1389,142.7427,408.9,1.2,1.1,2014-01-17,0417,Aqua,MODIS,87,6.2,318.6,361.7,D,0
-37.1373,142.7562,396.9,1.2,1.1,2014-01-17,0417,Aqua,MODIS,94,6.2,304.9,266.7,D,0
-35.7779,141.082,386.9,1.4,1.2,2014-01-17,0417,Aqua,MODIS,100,6.2,320.8,247.3,D,0
-35.7762,141.0971,352.8,1.3,1.2,2014-01-17,0417,Aqua,MODIS,58,6.2,297.1,74.7,D,0
-35.7883,141.0837,375.1,1.4,1.2,2014-01-17,0417,Aqua,MODIS,100,6.2,330.2,168.1,D,0
-35.7867,141.0988,406.8,1.3,1.2,2014-01-17,0417,Aqua,MODIS,87,6.2,311.3,422.9,D,0
-35.8137,140.9489,341.2,1.4,1.2,2014-01-17,0417,Aqua,MODIS,67,6.2,316.5,36.9,D,0
-35.7955,141.1155,369.1,1.3,1.1,2014-01-17,0417,Aqua,MODIS,94,6.2,321.1,134.3,D,0
-35.7938,141.1304,379.1,1.3,1.1,2014-01-17,0417,Aqua,MODIS,94,6.2,319.3,199.9,D,0
-35.8042,141.1321,380.9,1.3,1.1,2014-01-17,0417,Aqua,MODIS,100,6.2,322.1,209.6,D,0
-35.8203,140.9411,344.3,1.4,1.2,2014-01-17,0417,Aqua,MODIS,80,6.2,316.7,45.6,D,0
-35.8028,141.1082,340.9,1.3,1.2,2014-01-17,0417,Aqua,MODIS,65,6.2,322.8,28.7,D,0
-35.8012,141.1232,404.6,1.3,1.1,2014-01-17,0417,Aqua,MODIS,100,6.2,334.5,399.1,D,0
-35.7996,141.1382,382.1,1.3,1.1,2014-01-17,0417,Aqua,MODIS,100,6.2,313.3,216.7,D,0
-35.8116,141.1249,344.6,1.3,1.1,2014-01-17,0417,Aqua,MODIS,70,6.2,313.9,44.7,D,0
-35.8101,141.1399,360.9,1.3,1.1,2014-01-17,0417,Aqua,MODIS,100,6.2,308.9,106,D,0
-36.9535,142.4232,341.5,1.2,1.1,2014-01-17,0417,Aqua,MODIS,74,6.2,298.4,37,D,0
-36.9634,142.4249,420,1.2,1.1,2014-01-17,0417,Aqua,MODIS,87,6.2,300,492.8,D,0
-36.9619,142.4378,352.1,1.2,1.1,2014-01-17,0417,Aqua,MODIS,71,6.2,277.9,61.9,D,0
-35.908,140.9238,330.3,1.4,1.2,2014-01-17,0417,Aqua,MODIS,45,6.2,310.6,18.4,D,0
-37.1224,142.4527,390.1,1.2,1.1,2014-01-17,0417,Aqua,MODIS,100,6.2,307.2,0,D,0
-37.124,142.4387,410.4,1.2,1.1,2014-01-17,0417,Aqua,MODIS,100,6.2,320.5,0,D,0
-37.1256,142.425,388.4,1.2,1.1,2014-01-17,0417,Aqua,MODIS,100,6.2,313,0,D,0
-37.1271,142.4113,379,1.2,1.1,2014-01-17,0417,Aqua,MODIS,100,6.2,305.4,188.1,D,0
-37.1287,142.3975,364.9,1.2,1.1,2014-01-17,0417,Aqua,MODIS,98,6.2,306.1,122.9,D,0
-37.1126,142.4506,380.7,1.2,1.1,2014-01-17,0417,Aqua,MODIS,100,6.2,313.3,184.8,D,0
-37.1142,142.4368,388.6,1.2,1.1,2014-01-17,0417,Aqua,MODIS,100,6.2,317.3,0,D,0
-37.1157,142.4231,387.6,1.2,1.1,2014-01-17,0417,Aqua,MODIS,100,6.2,316.2,0,D,0
-37.1173,142.4093,389.7,1.2,1.1,2014-01-17,0417,Aqua,MODIS,100,6.2,315.2,238,D,0
-37.1188,142.3957,390.1,1.2,1.1,2014-01-17,0417,Aqua,MODIS,94,6.2,313.7,239.6,D,0
-37.1109,142.4574,365.9,1.2,1.1,2014-01-17,0417,Aqua,MODIS,86,6.2,300.9,113,D,0
-37.1125,142.4437,369.9,1.2,1.1,2014-01-17,0417,Aqua,MODIS,100,6.2,316.3,129.9,D,0
-37.1141,142.4299,377.2,1.2,1.1,2014-01-17,0417,Aqua,MODIS,100,6.2,318.1,164.1,D,0
-37.1157,142.4162,373.2,1.2,1.1,2014-01-17,0417,Aqua,MODIS,100,6.2,315.3,0,D,0
-37.1173,142.4025,381.4,1.2,1.1,2014-01-17,0417,Aqua,MODIS,100,6.2,316.6,186.4,D,0
-37.1189,142.3888,365.8,1.2,1.1,2014-01-17,0417,Aqua,MODIS,85,6.2,306.5,111.3,D,0
-37.1026,142.4418,367.8,1.2,1.1,2014-01-17,0417,Aqua,MODIS,82,6.2,302.7,119.9,D,0
-37.1042,142.4282,378.6,1.2,1.1,2014-01-17,0417,Aqua,MODIS,94,6.2,313.9,170.6,D,0
-37.1058,142.4145,370,1.2,1.1,2014-01-17,0417,Aqua,MODIS,100,6.2,312.1,129.5,D,0
-37.1074,142.4006,382.4,1.2,1.1,2014-01-17,0417,Aqua,MODIS,100,6.2,312.9,191,D,0
-37.0943,142.4265,375.4,1.2,1.1,2014-01-17,0417,Aqua,MODIS,87,6.2,311.6,153.4,D,0
-37.0959,142.413,374.7,1.2,1.1,2014-01-17,0417,Aqua,MODIS,100,6.2,313.5,150.5,D,0
-37.0975,142.3987,377.1,1.2,1.1,2014-01-17,0417,Aqua,MODIS,100,6.2,313.1,161.7,D,0
-37.0992,142.3848,365.3,1.2,1.1,2014-01-17,0417,Aqua,MODIS,75,6.2,297,108.1,D,0
-37.0844,142.4248,379.6,1.2,1.1,2014-01-17,0417,Aqua,MODIS,87,6.2,312.9,174.7,D,0
-37.086,142.4112,372.6,1.2,1.1,2014-01-17,0417,Aqua,MODIS,100,6.2,311.7,140.3,D,0
-37.0877,142.3967,374.5,1.2,1.1,2014-01-17,0417,Aqua,MODIS,94,6.2,310.4,148.7,D,0
-37.0893,142.3827,361.3,1.2,1.1,2014-01-17,0417,Aqua,MODIS,0,6.2,293.8,92.6,D,0
-37.0729,142.4367,383,1.2,1.1,2014-01-17,0417,Aqua,MODIS,0,6.2,316.2,192.5,D,0
-37.0744,142.4236,383,1.2,1.1,2014-01-17,0417,Aqua,MODIS,94,6.2,318.9,192.8,D,0
-37.0761,142.4095,371,1.2,1.1,2014-01-17,0417,Aqua,MODIS,100,6.2,313.5,131.8,D,0
-37.0778,142.3949,365.4,1.2,1.1,2014-01-17,0417,Aqua,MODIS,94,6.2,309.1,108.5,D,0
-37.063,142.4353,369.3,1.2,1.1,2014-01-17,0417,Aqua,MODIS,65,6.2,316,123.8,D,0
-37.0645,142.4221,363.1,1.2,1.1,2014-01-17,0417,Aqua,MODIS,78,6.2,320.8,98.8,D,0
-37.0662,142.4076,361.7,1.2,1.1,2014-01-17,0417,Aqua,MODIS,94,6.2,315.1,93.2,D,0
-37.0547,142.4195,364.5,1.2,1.1,2014-01-17,0417,Aqua,MODIS,87,6.2,316.5,103.7,D,0
-37.0611,142.3633,348.7,1.2,1.1,2014-01-17,0417,Aqua,MODIS,80,6.2,299.5,39.3,D,0
-37.0512,142.3615,347.9,1.2,1.1,2014-01-17,0417,Aqua,MODIS,91,6.2,310.9,38.1,D,0
-37.0219,142.442,419.6,1.2,1.1,2014-01-17,0417,Aqua,MODIS,75,6.2,316.2,488.4,D,0
-37.021,142.4501,396.5,1.2,1.1,2014-01-17,0417,Aqua,MODIS,75,6.2,310.3,278.8,D,0
-37.011,142.4487,399.6,1.2,1.1,2014-01-17,0417,Aqua,MODIS,75,6.2,319.2,302.5,D,0
-36.9816,142.4419,342.6,1.2,1.1,2014-01-17,0417,Aqua,MODIS,0,6.2,282.3,36.8,D,0
-36.9832,142.428,353.8,1.2,1.1,2014-01-17,0417,Aqua,MODIS,90,6.2,293.3,66,D,0
-36.9847,142.415,339.4,1.2,1.1,2014-01-17,0417,Aqua,MODIS,38,6.2,299.1,30.4,D,0
-36.9718,142.4397,356.9,1.2,1.1,2014-01-17,0417,Aqua,MODIS,74,6.2,287.9,75.8,D,0
-36.9733,142.4264,362,1.2,1.1,2014-01-17,0417,Aqua,MODIS,94,6.2,290.9,94.7,D,0
-36.9748,142.4134,344.7,1.2,1.1,2014-01-17,0417,Aqua,MODIS,65,6.2,278.8,43.4,D,0
-35.2756,142.3672,377.2,1.2,1.1,2014-01-17,0417,Aqua,MODIS,100,6.2,331.9,132,D,0
-35.2741,142.38,367.5,1.2,1.1,2014-01-17,0417,Aqua,MODIS,100,6.2,331.4,90.6,D,0
-35.271,142.4055,369.8,1.2,1.1,2014-01-17,0417,Aqua,MODIS,100,6.2,330.9,104.1,D,0
-35.2993,142.2532,428,1.2,1.1,2014-01-17,0417,Aqua,MODIS,100,6.2,341.5,551.7,D,0
-35.2978,142.266,442.2,1.2,1.1,2014-01-17,0417,Aqua,MODIS,100,6.2,338.7,738.2,D,0
-35.2772,142.3545,354.5,1.2,1.1,2014-01-17,0417,Aqua,MODIS,84,6.2,329.6,45.9,D,0
-35.288,142.2643,373.4,1.2,1.1,2014-01-17,0417,Aqua,MODIS,100,6.2,329.7,112.2,D,0
-35.2896,142.2514,368,1.2,1.1,2014-01-17,0417,Aqua,MODIS,97,6.2,328.7,92.4,D,0
-35.2613,142.4038,360.6,1.2,1.1,2014-01-17,0417,Aqua,MODIS,91,6.2,327.9,65.1,D,0
-35.8838,140.5338,362.1,1.5,1.2,2014-01-17,0417,Aqua,MODIS,75,6.2,299.2,123.3,D,0
-35.8963,140.5192,382.8,1.5,1.2,2014-01-17,0417,Aqua,MODIS,94,6.2,316,254,D,0
-35.8145,140.5327,405.9,1.4,1.2,2014-01-17,0417,Aqua,MODIS,100,6.2,321.5,461.8,D,0
-35.8162,140.5165,366.9,1.5,1.2,2014-01-17,0417,Aqua,MODIS,100,6.2,317.9,145.1,D,0
-35.7839,140.7227,353.9,1.4,1.2,2014-01-17,0417,Aqua,MODIS,95,6.2,316.1,77.7,D,0
-35.8946,140.5355,370.5,1.5,1.2,2014-01-17,0417,Aqua,MODIS,0,6.2,303.8,170,D,0
-35.7856,140.7069,344.6,1.4,1.2,2014-01-17,0417,Aqua,MODIS,62,6.2,318.7,40.4,D,0
-35.9088,140.5046,364.3,1.5,1.2,2014-01-17,0417,Aqua,MODIS,86,6.2,304.9,145.7,D,0
-35.9071,140.5209,433.4,1.5,1.2,2014-01-17,0417,Aqua,MODIS,75,6.2,320.3,874.4,D,0
-35.8129,140.5488,342.4,1.4,1.2,2014-01-17,0417,Aqua,MODIS,62,6.2,309.2,40.3,D,0
-35.827,140.5182,431.5,1.5,1.2,2014-01-17,0417,Aqua,MODIS,100,6.2,329.2,825.4,D,0
-35.8362,140.5361,365.4,1.4,1.2,2014-01-17,0417,Aqua,MODIS,100,6.2,305,137.7,D,0
-35.8378,140.5199,360.6,1.5,1.2,2014-01-17,0417,Aqua,MODIS,100,6.2,314.7,112.2,D,0
-35.8855,140.5175,341.9,1.5,1.2,2014-01-17,0417,Aqua,MODIS,78,6.2,310.8,42.6,D,0
-35.8254,140.5344,442.8,1.4,1.2,2014-01-17,0417,Aqua,MODIS,100,6.2,326.7,1034.8,D,0
-35.8053,140.7261,355.9,1.4,1.2,2014-01-17,0417,Aqua,MODIS,79,6.2,317.4,85.3,D,0
-36.6683,147.7434,340.6,1.1,1,2014-01-17,0417,Aqua,MODIS,87,6.2,306.9,38.2,D,0
-36.6848,147.7607,325.9,1.1,1,2014-01-17,0417,Aqua,MODIS,65,6.2,306.7,14.8,D,0
-36.6868,147.7484,350.5,1.1,1,2014-01-17,0417,Aqua,MODIS,94,6.2,309.2,58.9,D,0
-38.1422,146.1991,335.2,1,1,2014-01-17,0417,Aqua,MODIS,77,6.2,318.6,12.9,D,0
-36.7898,148.9789,341.5,1.2,1.1,2014-01-17,0417,Aqua,MODIS,76,6.2,326.9,26,D,0
-36.6591,147.7408,343.9,1.1,1,2014-01-17,0417,Aqua,MODIS,89,6.2,307.2,45.2,D,0
-37.7838,147.3006,342.2,1,1,2014-01-17,0417,Aqua,MODIS,64,6.2,318.1,23.2,D,0
-37.3262,148.9168,338.4,1.2,1.1,2014-01-17,0417,Aqua,MODIS,85,6.2,310.3,37.7,D,0
-37.2605,148.5004,325.2,1.1,1.1,2014-01-17,0417,Aqua,MODIS,65,6.2,309,13.2,D,0
-37.3483,148.6694,345.3,1.1,1.1,2014-01-17,0417,Aqua,MODIS,91,6.2,312.8,47.5,D,0
-37.4838,148.7639,321.2,1.1,1.1,2014-01-17,0417,Aqua,MODIS,44,6.2,309.6,8.7,D,0
-37.4413,147.4733,338,1,1,2014-01-17,0417,Aqua,MODIS,85,6.2,311.9,29.7,D,0
-37.7263,147.2552,409.2,1,1,2014-01-17,0417,Aqua,MODIS,100,6.2,320.8,305.3,D,0
-37.377,148.9711,321.5,1.2,1.1,2014-01-17,0417,Aqua,MODIS,47,6.2,309.6,9.9,D,0
-37.2699,148.5032,366.8,1.1,1.1,2014-01-17,0417,Aqua,MODIS,100,6.2,316.2,109.7,D,0
-37.4984,148.7951,347,1.1,1.1,2014-01-17,0417,Aqua,MODIS,92,6.2,312,53,D,0
-37.4817,148.7765,336.1,1.1,1.1,2014-01-17,0417,Aqua,MODIS,83,6.2,309.9,30.9,D,0
-37.344,147.4006,346.5,1,1,2014-01-17,0417,Aqua,MODIS,92,6.2,315,42.1,D,0
-37.4876,148.8598,327.5,1.1,1.1,2014-01-17,0417,Aqua,MODIS,32,6.2,308.3,15.4,D,0
-37.7783,147.275,373.2,1,1,2014-01-17,0417,Aqua,MODIS,100,6.2,323.5,111.5,D,0
-37.4781,148.857,370.6,1.1,1.1,2014-01-17,0417,Aqua,MODIS,100,6.2,312.4,127.6,D,0
-37.2815,148.5124,344.9,1.1,1.1,2014-01-17,0417,Aqua,MODIS,89,6.2,309.4,47.7,D,0
-37.5011,148.8025,328.3,1.1,1.1,2014-01-17,0417,Aqua,MODIS,67,6.2,307,18.9,D,0
-37.4803,148.8444,384.6,1.1,1.1,2014-01-17,0417,Aqua,MODIS,100,6.2,318.4,194.3,D,0
-37.2929,148.5026,362.1,1.1,1.1,2014-01-17,0417,Aqua,MODIS,100,6.2,309.3,95.6,D,0
-37.4963,148.8077,386.2,1.1,1.1,2014-01-17,0417,Aqua,MODIS,100,6.2,314.9,200.6,D,0
-37.3284,148.9037,339.6,1.2,1.1,2014-01-17,0417,Aqua,MODIS,86,6.2,310.2,40.1,D,0
-36.6611,147.7289,328.6,1.1,1,2014-01-17,0417,Aqua,MODIS,71,6.2,306.6,19.4,D,0
-37.4751,148.8159,333.4,1.1,1.1,2014-01-17,0417,Aqua,MODIS,57,6.2,311.9,23.5,D,0
-37.4847,148.818,387,1.1,1.1,2014-01-17,0417,Aqua,MODIS,100,6.2,319,207.4,D,0
-37.7947,147.2912,347.7,1,1,2014-01-17,0417,Aqua,MODIS,90,6.2,311.1,40,D,0
-37.4847,146.7831,325.7,1,1,2014-01-17,0417,Aqua,MODIS,67,6.2,306.5,13.6,D,0
-37.2762,148.4849,343.9,1.1,1.1,2014-01-17,0417,Aqua,MODIS,90,6.2,312.6,42,D,0
-37.3461,148.6822,348.7,1.1,1.1,2014-01-17,0417,Aqua,MODIS,93,6.2,313.1,55,D,0
-37.2719,148.4908,355,1.1,1.1,2014-01-17,0417,Aqua,MODIS,97,6.2,316.1,71.2,D,0
-37.2835,148.4999,373.8,1.1,1.1,2014-01-17,0417,Aqua,MODIS,100,6.2,316.3,137.5,D,0
-37.4773,148.8028,334.8,1.1,1.1,2014-01-17,0417,Aqua,MODIS,73,6.2,311.5,26.2,D,0
-37.4898,148.8469,330.3,1.1,1.1,2014-01-17,0417,Aqua,MODIS,62,6.2,308.1,20.2,D,0
-37.4031,148.6972,328.6,1.1,1.1,2014-01-17,0417,Aqua,MODIS,73,6.2,311.9,18,D,0
-37.4756,146.7811,345.3,1,1,2014-01-17,0417,Aqua,MODIS,91,6.2,310.9,43.2,D,0
-37.7856,147.2889,500.3,1,1,2014-01-17,0417,Aqua,MODIS,100,6.2,400.1,1651.5,D,0
-37.489,148.7919,401.6,1.1,1.1,2014-01-17,0417,Aqua,MODIS,100,6.2,316.8,302.6,D,0
-37.2866,148.6579,339.7,1.1,1.1,2014-01-17,0417,Aqua,MODIS,86,6.2,310.3,37.2,D,0
-37.2887,148.6453,321.1,1.1,1.1,2014-01-17,0417,Aqua,MODIS,51,6.2,309.3,8.7,D,0
-37.7874,147.2773,439.1,1,1,2014-01-17,0417,Aqua,MODIS,100,6.2,337.9,581.7,D,0
-37.2721,148.5097,375.7,1.1,1.1,2014-01-17,0417,Aqua,MODIS,100,6.2,314,144.8,D,0
-37.2856,148.4875,343.4,1.1,1.1,2014-01-17,0417,Aqua,MODIS,89,6.2,312.3,42.7,D,0
-36.2839,147.2652,356.1,1,1,2014-01-17,0417,Aqua,MODIS,88,6.2,330.4,47.7,D,0
-37.7765,147.2867,395,1,1,2014-01-17,0417,Aqua,MODIS,100,6.2,327.2,209.8,D,0
-37.2742,148.4971,385.9,1.1,1.1,2014-01-17,0417,Aqua,MODIS,100,6.2,319,193.5,D,0
-37.7281,147.2435,407.5,1,1,2014-01-17,0417,Aqua,MODIS,100,6.2,323.5,293.9,D,0
-37.4051,148.6849,322.9,1.1,1.1,2014-01-17,0417,Aqua,MODIS,59,6.2,311.3,9.7,D,0
-37.4869,148.8048,420.2,1.1,1.1,2014-01-17,0417,Aqua,MODIS,100,6.2,326.5,462.6,D,0
-37.2678,148.5159,331.1,1.1,1.1,2014-01-17,0417,Aqua,MODIS,76,6.2,309.2,21.2,D,0
-37.7353,147.2576,334.1,1,1,2014-01-17,0417,Aqua,MODIS,80,6.2,314.6,18.2,D,0
-34.0758,140.5429,350.4,1.4,1.2,2014-01-17,0418,Aqua,MODIS,66,6.2,278,77.9,D,0
-32.6077,135.5827,352.7,2.7,1.6,2014-01-17,0418,Aqua,MODIS,95,6.2,312.8,194.3,D,0
-33.8588,140.6111,340.6,1.4,1.2,2014-01-17,0418,Aqua,MODIS,75,6.2,298,25.1,D,0
-34.0409,140.5153,412.3,1.4,1.2,2014-01-17,0418,Aqua,MODIS,100,6.2,324,490.7,D,0
-34.0326,140.5901,377,1.4,1.2,2014-01-17,0418,Aqua,MODIS,0,6.2,295.6,201.2,D,0
-33.9208,140.4914,354.3,1.4,1.2,2014-01-17,0418,Aqua,MODIS,86,6.2,323.8,67.9,D,0
-33.9281,140.5229,380.8,1.4,1.2,2014-01-17,0418,Aqua,MODIS,100,6.2,328.8,190.7,D,0
-34.0564,140.5245,398.5,1.4,1.2,2014-01-17,0418,Aqua,MODIS,100,6.2,300,359.8,D,0
-33.056,138.1447,455.9,1.9,1.3,2014-01-17,0418,Aqua,MODIS,94,6.2,301.3,1939,D,0
-33.9865,140.7179,341.5,1.3,1.1,2014-01-17,0418,Aqua,MODIS,57,6.2,308.4,38.9,D,0
-34.0848,140.5595,364.2,1.4,1.2,2014-01-17,0418,Aqua,MODIS,87,6.2,275.8,138.2,D,0
-33.9689,140.6854,345.5,1.3,1.2,2014-01-17,0418,Aqua,MODIS,58,6.2,313.8,45.1,D,0
-33.878,140.5909,377.7,1.4,1.2,2014-01-17,0418,Aqua,MODIS,100,6.2,328.3,168.9,D,0
-34.0717,140.4808,400.3,1.4,1.2,2014-01-17,0418,Aqua,MODIS,85,6.2,318.4,377.4,D,0
-33.9553,140.7132,353.2,1.3,1.1,2014-01-17,0418,Aqua,MODIS,94,6.2,319.1,60.5,D,0
-34.0034,140.661,365.2,1.4,1.2,2014-01-17,0418,Aqua,MODIS,100,6.2,308.2,133.7,D,0
-34.0304,140.5137,398.5,1.4,1.2,2014-01-17,0418,Aqua,MODIS,100,6.2,324.9,334.2,D,0
-33.9426,140.5858,397.6,1.4,1.2,2014-01-17,0418,Aqua,MODIS,100,6.2,336.3,329.5,D,0
-33.0153,138.1312,431.8,1.9,1.3,2014-01-17,0418,Aqua,MODIS,94,6.2,293.8,1222.3,D,0
-34.0734,140.4656,370.4,1.4,1.2,2014-01-17,0418,Aqua,MODIS,51,6.2,318.6,153.4,D,0
-34.0565,140.4715,357.6,1.4,1.2,2014-01-17,0418,Aqua,MODIS,96,6.2,325.8,86.9,D,0
-33.9078,140.6105,388.7,1.4,1.2,2014-01-17,0418,Aqua,MODIS,100,6.2,322.1,259.5,D,0
-34.0139,140.6626,371.2,1.4,1.2,2014-01-17,0418,Aqua,MODIS,100,6.2,304.8,165.8,D,0
-34.0343,140.5752,357.7,1.4,1.2,2014-01-17,0418,Aqua,MODIS,0,6.2,293.9,106.6,D,0
-33.942,140.4945,383.6,1.4,1.2,2014-01-17,0418,Aqua,MODIS,100,6.2,325.9,218.1,D,0
-33.9337,140.5693,356.2,1.4,1.2,2014-01-17,0418,Aqua,MODIS,89,6.2,329.3,56.4,D,0
-32.5937,135.5467,338.1,2.7,1.6,2014-01-17,0418,Aqua,MODIS,50,6.2,314.3,59.6,D,0
-33.989,140.5984,415.2,1.4,1.2,2014-01-17,0418,Aqua,MODIS,75,6.2,308.8,527.6,D,0
-33.0032,138.1293,373.1,1.9,1.3,2014-01-17,0418,Aqua,MODIS,94,6.2,282.5,284.6,D,0
-33.8675,140.5892,343.3,1.4,1.2,2014-01-17,0418,Aqua,MODIS,60,6.2,314,22.2,D,0
-33.8764,140.6057,402.8,1.4,1.2,2014-01-17,0418,Aqua,MODIS,100,6.2,330.9,371.3,D,0
-34.1302,140.5361,348.4,1.4,1.2,2014-01-17,0418,Aqua,MODIS,0,6.2,274.8,77.4,D,0
-33.9673,140.7001,373.3,1.3,1.1,2014-01-17,0418,Aqua,MODIS,100,6.2,322.3,155.5,D,0
-34.0149,140.557,438.7,1.4,1.2,2014-01-17,0418,Aqua,MODIS,94,6.2,333.3,871.2,D,0
-33.8885,140.5925,405.9,1.4,1.2,2014-01-17,0418,Aqua,MODIS,100,6.2,331.5,400.9,D,0
-33.8901,140.5777,391.7,1.4,1.2,2014-01-17,0418,Aqua,MODIS,100,6.2,329.7,263.2,D,0
-32.612,135.5227,341,2.8,1.6,2014-01-17,0418,Aqua,MODIS,77,6.2,314.2,82.8,D,0
-33.8618,140.543,356.7,1.4,1.2,2014-01-17,0418,Aqua,MODIS,97,6.2,327.2,68.1,D,0
-33.9298,140.508,378.9,1.4,1.2,2014-01-17,0418,Aqua,MODIS,100,6.2,327.1,183,D,0
-33.0459,138.1208,368.7,1.9,1.3,2014-01-17,0418,Aqua,MODIS,92,6.2,299.2,228.5,D,0
-33.9409,140.6007,370.9,1.4,1.2,2014-01-17,0418,Aqua,MODIS,100,6.2,323.6,155.1,D,0
-33.1249,150.3235,328.8,1.6,1.2,2014-01-17,0418,Aqua,MODIS,54,6.2,314,23.6,D,0
-34.0653,140.5412,380.3,1.4,1.2,2014-01-17,0418,Aqua,MODIS,94,6.2,285.1,222,D,0
-32.6387,135.5551,336,2.7,1.6,2014-01-17,0418,Aqua,MODIS,77,6.2,312.1,57.5,D,0
-33.0681,138.1463,346.8,1.9,1.3,2014-01-17,0418,Aqua,MODIS,0,6.2,270.6,108.9,D,0
-34.0506,140.4775,360.2,1.4,1.2,2014-01-17,0418,Aqua,MODIS,100,6.2,325.2,98.8,D,0
-33.8566,140.5353,343.2,1.4,1.2,2014-01-17,0418,Aqua,MODIS,26,6.2,318.2,28.9,D,0
-34.0823,140.4825,387.2,1.4,1.2,2014-01-17,0418,Aqua,MODIS,86,6.2,296.2,266.3,D,0
-33.0216,138.1177,391.1,1.9,1.3,2014-01-17,0418,Aqua,MODIS,100,6.2,299.6,466.2,D,0
-33.0299,138.1615,387.9,1.9,1.3,2014-01-17,0418,Aqua,MODIS,75,6.2,278.4,438.1,D,0
-34.0637,140.5562,360.9,1.4,1.2,2014-01-17,0418,Aqua,MODIS,87,6.2,290.2,118.1,D,0
-34.0123,140.6772,333.5,1.4,1.2,2014-01-17,0418,Aqua,MODIS,64,6.2,299.8,29.4,D,0
-33.0541,138.1654,413.4,1.9,1.3,2014-01-17,0418,Aqua,MODIS,94,6.2,296.7,829.4,D,0
-34.0474,140.5078,364.3,1.4,1.2,2014-01-17,0418,Aqua,MODIS,0,6.2,317.8,120,D,0
-32.6243,135.5535,336.8,2.7,1.6,2014-01-17,0418,Aqua,MODIS,64,6.2,313.8,61.5,D,0
-33.9801,140.5819,411.6,1.4,1.2,2014-01-17,0418,Aqua,MODIS,87,6.2,326,473.2,D,0
-34.0248,140.4667,373.6,1.4,1.2,2014-01-17,0418,Aqua,MODIS,100,6.2,325.2,162.8,D,0
-34.0443,140.485,366.1,1.4,1.2,2014-01-17,0418,Aqua,MODIS,100,6.2,326.5,118.6,D,0
-34.0093,140.5104,390.4,1.4,1.2,2014-01-17,0418,Aqua,MODIS,100,6.2,328.6,266.7,D,0
-33.8796,140.576,350.6,1.4,1.2,2014-01-17,0418,Aqua,MODIS,92,6.2,326.4,39.5,D,0
-33.9585,140.6837,348.1,1.3,1.2,2014-01-17,0418,Aqua,MODIS,73,6.2,317,46.8,D,0
-33.993,140.6593,362.3,1.4,1.2,2014-01-17,0418,Aqua,MODIS,100,6.2,311.3,116.6,D,0
-33.9777,140.7018,383.5,1.3,1.1,2014-01-17,0418,Aqua,MODIS,100,6.2,323.8,225.7,D,0
-33.0174,138.1094,362.4,1.9,1.3,2014-01-17,0418,Aqua,MODIS,0,6.2,301.1,192.3,D,0
-33.8869,140.6073,418,1.4,1.2,2014-01-17,0418,Aqua,MODIS,100,6.2,334.5,544.2,D,0
-33.9569,140.6984,373.5,1.3,1.1,2014-01-17,0418,Aqua,MODIS,100,6.2,324.2,153.3,D,0
-34.0411,140.5679,345.2,1.4,1.2,2014-01-17,0418,Aqua,MODIS,41,6.2,288.1,61.1,D,0
-33.9176,140.5213,370.3,1.4,1.2,2014-01-17,0418,Aqua,MODIS,100,6.2,325.8,130.1,D,0
-33.947,140.5918,414.1,1.4,1.2,2014-01-17,0418,Aqua,MODIS,75,6.2,331.2,505.2,D,0
-34.0018,140.6756,337.2,1.4,1.2,2014-01-17,0418,Aqua,MODIS,71,6.2,304.2,36.9,D,0
-33.9314,140.493,369.1,1.4,1.2,2014-01-17,0418,Aqua,MODIS,100,6.2,326.2,131,D,0
-33.0255,138.1536,380.9,1.9,1.3,2014-01-17,0418,Aqua,MODIS,0,6.2,280.1,363,D,0
-34.0953,140.5612,390.8,1.4,1.2,2014-01-17,0418,Aqua,MODIS,0,6.2,283.6,307.4,D,0
-33.9793,140.6871,344.2,1.3,1.2,2014-01-17,0418,Aqua,MODIS,61,6.2,311.6,45.8,D,0
-34.0165,140.542,380,1.4,1.2,2014-01-17,0418,Aqua,MODIS,94,6.2,323.4,192.6,D,0
-32.6265,135.524,337.8,2.8,1.6,2014-01-17,0418,Aqua,MODIS,71,6.2,314.6,62.2,D,0
-32.5533,135.2988,334.2,2.8,1.6,2014-01-17,0418,Aqua,MODIS,73,6.2,310.4,67.1,D,0
-33.9464,140.6968,351.2,1.3,1.1,2014-01-17,0418,Aqua,MODIS,88,6.2,323.4,54.7,D,0
-34.0807,140.4976,362.7,1.4,1.2,2014-01-17,0418,Aqua,MODIS,65,6.2,280.4,118.1,D,0
-34.0458,140.5229,401.7,1.4,1.2,2014-01-17,0418,Aqua,MODIS,100,6.2,317,387,D,0
-34.0133,140.5719,378.3,1.4,1.2,2014-01-17,0418,Aqua,MODIS,0,6.2,305.7,191.6,D,0
-33.9728,140.5504,351.6,1.4,1.2,2014-01-17,0418,Aqua,MODIS,45,6.2,327.7,33.8,D,0
-34.0359,140.5603,353.1,1.4,1.2,2014-01-17,0418,Aqua,MODIS,40,6.2,296.2,76.1,D,0
-34.0076,140.5254,414.4,1.4,1.2,2014-01-17,0418,Aqua,MODIS,100,6.2,334.2,499.2,D,0
-33.9881,140.7034,413,1.3,1.1,2014-01-17,0418,Aqua,MODIS,100,6.2,320.2,495.6,D,0
-33.9459,140.5561,353.3,1.4,1.2,2014-01-17,0418,Aqua,MODIS,73,6.2,329.4,46.2,D,0
-34.032,140.4985,368.1,1.4,1.2,2014-01-17,0418,Aqua,MODIS,100,6.2,324.4,122.8,D,0
-34.0244,140.6642,360.9,1.4,1.2,2014-01-17,0418,Aqua,MODIS,100,6.2,304.4,117.6,D,0
-33.8974,140.6089,369.9,1.4,1.2,2014-01-17,0418,Aqua,MODIS,100,6.2,320.5,134.9,D,0
-34.0426,140.5002,374.2,1.4,1.2,2014-01-17,0418,Aqua,MODIS,100,6.2,324.3,162.1,D,0
-34.0621,140.5712,387.2,1.4,1.2,2014-01-17,0418,Aqua,MODIS,0,6.2,282,275.8,D,0
-33.9006,140.5793,356.8,1.4,1.2,2014-01-17,0418,Aqua,MODIS,97,6.2,322.9,64.4,D,0
-33.8853,140.622,366,1.4,1.2,2014-01-17,0418,Aqua,MODIS,100,6.2,321,119.4,D,0
-34.006,140.5403,363.2,1.4,1.2,2014-01-17,0418,Aqua,MODIS,100,6.2,326.3,89.3,D,0
-33.0662,138.1671,333.8,1.9,1.3,2014-01-17,0418,Aqua,MODIS,0,6.2,271.6,67,D,0
-33.9785,140.5968,397.4,1.4,1.2,2014-01-17,0418,Aqua,MODIS,0,6.2,290.5,336.3,D,0
-34.0515,140.5169,387.3,1.4,1.2,2014-01-17,0418,Aqua,MODIS,100,6.2,318.3,253,D,0
-34.0393,140.5304,367.6,1.4,1.2,2014-01-17,0418,Aqua,MODIS,79,6.2,313.2,133,D,0
-32.991,138.1282,351.7,1.9,1.3,2014-01-17,0418,Aqua,MODIS,69,6.2,284.7,131.7,D,0
-34.1075,140.5478,336.9,1.4,1.2,2014-01-17,0418,Aqua,MODIS,28,6.2,274.4,45.1,D,0
-33.8643,140.6188,361.6,1.4,1.2,2014-01-17,0418,Aqua,MODIS,100,6.2,311.9,97.4,D,0
-33.8659,140.604,361.8,1.4,1.2,2014-01-17,0418,Aqua,MODIS,100,6.2,304.8,89.8,D,0
-32.5497,135.3229,343.5,2.8,1.6,2014-01-17,0418,Aqua,MODIS,86,6.2,310.1,141.5,D,0
-32.9789,138.1263,352.1,1.9,1.3,2014-01-17,0418,Aqua,MODIS,87,6.2,285.5,136.3,D,0
-34.1018,140.5009,368.3,1.4,1.2,2014-01-17,0418,Aqua,MODIS,0,6.2,270.7,151.1,D,0
-33.933,140.478,356.4,1.4,1.2,2014-01-17,0418,Aqua,MODIS,97,6.2,324.3,75.2,D,0
-33.9657,140.7148,362.4,1.3,1.1,2014-01-17,0418,Aqua,MODIS,100,6.2,321.5,99.4,D,0
-33.0318,138.1411,425.8,1.9,1.3,2014-01-17,0418,Aqua,MODIS,94,6.2,298.4,1072.8,D,0
-33.9436,140.4796,385.2,1.4,1.2,2014-01-17,0418,Aqua,MODIS,100,6.2,330.5,230.6,D,0
-33.0337,138.1194,383.7,1.9,1.3,2014-01-17,0418,Aqua,MODIS,98,6.2,294.9,375,D,0
-33.9525,140.4962,356.5,1.4,1.2,2014-01-17,0418,Aqua,MODIS,95,6.2,327.4,66.5,D,0
-33.9321,140.5842,414.5,1.4,1.2,2014-01-17,0418,Aqua,MODIS,100,6.2,338.5,498.6,D,0
-33.899,140.5941,367.2,1.4,1.2,2014-01-17,0418,Aqua,MODIS,96,6.2,321.9,111.1,D,0
-33.9455,140.6067,364.6,1.4,1.2,2014-01-17,0418,Aqua,MODIS,87,6.2,318.7,129.5,D,0
-34.0254,140.5587,381.8,1.4,1.2,2014-01-17,0418,Aqua,MODIS,90,6.2,290.4,217.5,D,0
-32.5511,135.3302,350.3,2.8,1.6,2014-01-17,0418,Aqua,MODIS,93,6.2,309.7,197.1,D,0
-34.0612,140.4791,376.4,1.4,1.2,2014-01-17,0418,Aqua,MODIS,58,6.2,323.1,186.9,D,0
-34.0969,140.5462,349,1.4,1.2,2014-01-17,0418,Aqua,MODIS,68,6.2,282.9,78.5,D,0
-33.9071,140.5197,348.4,1.4,1.2,2014-01-17,0418,Aqua,MODIS,75,6.2,310.7,40.3,D,0
-34.0044,140.5553,377.4,1.4,1.2,2014-01-17,0418,Aqua,MODIS,88,6.2,324.9,175.9,D,0
-34.0498,140.532,380.6,1.4,1.2,2014-01-17,0418,Aqua,MODIS,100,6.2,307,211.8,D,0
-33.9987,140.5087,394.3,1.4,1.2,2014-01-17,0418,Aqua,MODIS,100,6.2,331.9,298.1,D,0
-34.1108,140.5176,349.8,1.4,1.2,2014-01-17,0418,Aqua,MODIS,43,6.2,291.9,78.5,D,0
-33.9304,140.5991,373.5,1.4,1.2,2014-01-17,0418,Aqua,MODIS,100,6.2,320,159.2,D,0
-33.8723,140.5446,367.6,1.4,1.2,2014-01-17,0418,Aqua,MODIS,100,6.2,329.6,115.2,D,0
-34.1319,140.521,342.3,1.4,1.2,2014-01-17,0418,Aqua,MODIS,0,6.2,272.8,58.1,D,0
-33.9216,140.5825,368.8,1.4,1.2,2014-01-17,0418,Aqua,MODIS,91,6.2,327.2,119.1,D,0
-34.0522,140.4623,364.1,1.4,1.2,2014-01-17,0418,Aqua,MODIS,100,6.2,325.5,119.2,D,0
-33.0196,138.1392,419.1,1.9,1.3,2014-01-17,0418,Aqua,MODIS,87,6.2,290.8,930.1,D,0
-34.0628,140.4639,369.5,1.4,1.2,2014-01-17,0418,Aqua,MODIS,100,6.2,324.7,147,D,0
-34.0742,140.5579,350.2,1.4,1.2,2014-01-17,0418,Aqua,MODIS,69,6.2,286.1,79.2,D,0
-34.1213,140.5193,363.9,1.4,1.2,2014-01-17,0418,Aqua,MODIS,72,6.2,290.9,136.7,D,0
-32.6105,135.5175,338.6,2.8,1.6,2014-01-17,0418,Aqua,MODIS,22,6.2,314.1,60.4,D,0
-33.0075,138.1373,407.1,1.9,1.3,2014-01-17,0418,Aqua,MODIS,87,6.2,281.6,709.1,D,0
-34.0669,140.5261,385,1.4,1.2,2014-01-17,0418,Aqua,MODIS,87,6.2,277.8,250.2,D,0
-33.9542,140.4812,365.5,1.4,1.2,2014-01-17,0418,Aqua,MODIS,100,6.2,326.6,108.8,D,0
-33.0094,138.1163,389.7,1.9,1.3,2014-01-17,0418,Aqua,MODIS,100,6.2,295.3,440,D,0
-34.0726,140.5728,368.1,1.4,1.2,2014-01-17,0418,Aqua,MODIS,0,6.2,281.7,159.3,D,0
-32.583,135.5203,337.7,2.8,1.6,2014-01-17,0418,Aqua,MODIS,64,6.2,314.3,68,D,0
-32.5954,135.552,340.5,2.7,1.6,2014-01-17,0418,Aqua,MODIS,84,6.2,314.1,82.2,D,0
-33.9192,140.5063,388.4,1.4,1.2,2014-01-17,0418,Aqua,MODIS,100,6.2,331,254.2,D,0
-33.9825,140.6577,345.5,1.4,1.2,2014-01-17,0418,Aqua,MODIS,63,6.2,309,54.2,D,0
-33.9761,140.7163,371.4,1.3,1.1,2014-01-17,0418,Aqua,MODIS,100,6.2,320.7,150.4,D,0
-32.6409,135.5255,339.7,2.8,1.6,2014-01-17,0418,Aqua,MODIS,83,6.2,313.9,80.5,D,0
-32.6081,135.5476,340.7,2.7,1.6,2014-01-17,0418,Aqua,MODIS,58,6.2,314.5,76.3,D,0
-33.8748,140.6204,361.8,1.4,1.2,2014-01-17,0418,Aqua,MODIS,91,6.2,323.9,101.6,D,0
-32.5658,135.3306,340.6,2.8,1.6,2014-01-17,0418,Aqua,MODIS,83,6.2,310.6,107.7,D,0
-33.9971,140.5238,394.9,1.4,1.2,2014-01-17,0418,Aqua,MODIS,100,6.2,331.1,296,D,0
-34.1197,140.5344,358.3,1.4,1.2,2014-01-17,0418,Aqua,MODIS,85,6.2,290.7,113.4,D,0
-33.8671,140.537,355.3,1.4,1.2,2014-01-17,0418,Aqua,MODIS,60,6.2,329.7,64.5,D,0
-34.0271,140.5437,355.8,1.4,1.2,2014-01-17,0418,Aqua,MODIS,41,6.2,304.1,76.3,D,0
-34.049,140.4927,382.9,1.4,1.2,2014-01-17,0418,Aqua,MODIS,95,6.2,325.3,227.4,D,0
-32.6058,135.5777,352.9,2.7,1.6,2014-01-17,0418,Aqua,MODIS,95,6.2,312.9,188.1,D,0
-33.0275,138.1329,400.9,1.9,1.3,2014-01-17,0418,Aqua,MODIS,94,6.2,296.9,610,D,0
-32.6098,135.5528,343.8,2.7,1.6,2014-01-17,0418,Aqua,MODIS,87,6.2,314.5,108.6,D,0
-33.042,138.1633,428.6,1.9,1.3,2014-01-17,0418,Aqua,MODIS,94,6.2,293.8,1145.2,D,0
-33.0439,138.1431,467.1,1.9,1.3,2014-01-17,0418,Aqua,MODIS,100,6.2,312.7,2356.4,D,0
-33.9898,140.6888,388.9,1.3,1.2,2014-01-17,0418,Aqua,MODIS,100,6.2,314.8,270.8,D,0
-33.8654,140.5519,352.6,1.4,1.2,2014-01-17,0418,Aqua,MODIS,56,6.2,328,51.4,D,0
-33.9442,140.5709,353.5,1.4,1.2,2014-01-17,0418,Aqua,MODIS,45,6.2,330.5,45.2,D,0
-34.0548,140.5396,360,1.4,1.2,2014-01-17,0418,Aqua,MODIS,77,6.2,289.4,108.7,D,0
-33.857,140.5875,340.3,1.4,1.2,2014-01-17,0418,Aqua,MODIS,48,6.2,320.3,12.4,D,0
-33.9841,140.6429,344.9,1.4,1.2,2014-01-17,0418,Aqua,MODIS,35,6.2,307.2,54.4,D,0
-33.9946,140.6446,359.8,1.4,1.2,2014-01-17,0418,Aqua,MODIS,86,6.2,309.2,107.7,D,0
-34.6941,139.1429,353,1.7,1.3,2014-01-17,0418,Aqua,MODIS,95,6.2,324.7,81.5,D,0
-35.0149,140.4682,360.1,1.4,1.2,2014-01-17,0418,Aqua,MODIS,89,6.2,321.9,96.8,D,0
-34.9629,140.4053,349.8,1.4,1.2,2014-01-17,0418,Aqua,MODIS,31,6.2,323.3,55.3,D,0
-34.9719,140.4227,355.6,1.4,1.2,2014-01-17,0418,Aqua,MODIS,62,6.2,326.2,78.3,D,0
-34.7186,139.2269,390.4,1.7,1.3,2014-01-17,0418,Aqua,MODIS,100,6.2,317.3,385,D,0
-34.7202,139.2091,416.9,1.7,1.3,2014-01-17,0418,Aqua,MODIS,100,6.2,315.2,737.8,D,0
-35.0496,140.4793,421.4,1.4,1.2,2014-01-17,0418,Aqua,MODIS,94,6.2,331.9,653.8,D,0
-34.7334,139.2216,349.4,1.7,1.3,2014-01-17,0418,Aqua,MODIS,79,6.2,308.5,86.3,D,0
-35.0497,141.3589,349,1.3,1.1,2014-01-17,0418,Aqua,MODIS,91,6.2,320.6,44.6,D,0
-35.0535,141.3083,403.5,1.3,1.1,2014-01-17,0418,Aqua,MODIS,100,6.2,329.2,363.6,D,0
-35.0519,141.3225,440,1.3,1.1,2014-01-17,0418,Aqua,MODIS,100,6.2,337.5,820.7,D,0
-35.0504,141.3367,380.4,1.3,1.1,2014-01-17,0418,Aqua,MODIS,100,6.2,328.4,188.4,D,0
-35.0488,141.3509,388.8,1.3,1.1,2014-01-17,0418,Aqua,MODIS,100,6.2,327.1,239.8,D,0
-33.2022,150.5218,329.5,1.6,1.3,2014-01-17,0418,Aqua,MODIS,40,6.2,312.8,29.3,D,0
-33.2057,150.5037,341.6,1.6,1.3,2014-01-17,0418,Aqua,MODIS,84,6.2,312,67.3,D,0
-33.1946,150.5001,344.9,1.6,1.3,2014-01-17,0418,Aqua,MODIS,88,6.2,313.5,77,D,0
-35.0357,141.2989,376,1.3,1.1,2014-01-17,0418,Aqua,MODIS,100,6.2,326.2,161.6,D,0
-35.0603,140.4809,411.2,1.4,1.2,2014-01-17,0418,Aqua,MODIS,87,6.2,319.6,525.1,D,0
-35.0587,140.4967,365.1,1.4,1.2,2014-01-17,0418,Aqua,MODIS,100,6.2,315.8,138.1,D,0
-35.0621,141.3242,372.1,1.3,1.1,2014-01-17,0418,Aqua,MODIS,100,6.2,314.8,150.5,D,0
-34.7057,139.1443,350.6,1.7,1.3,2014-01-17,0418,Aqua,MODIS,93,6.2,322.2,69.4,D,0
-35.0207,141.3398,350.1,1.3,1.1,2014-01-17,0418,Aqua,MODIS,92,6.2,321.8,47.6,D,0
-35.0561,140.4907,392.5,1.4,1.2,2014-01-17,0418,Aqua,MODIS,100,6.2,322.1,318.4,D,0
-35.0051,141.2939,337.3,1.3,1.1,2014-01-17,0418,Aqua,MODIS,56,6.2,309.5,23.1,D,0
-35.034,140.3906,351.1,1.4,1.2,2014-01-17,0418,Aqua,MODIS,36,6.2,314.2,54.8,D,0
-34.9965,140.2212,352.3,1.5,1.2,2014-01-17,0418,Aqua,MODIS,94,6.2,303.3,85,D,0
-35.0166,140.4524,365.4,1.4,1.2,2014-01-17,0418,Aqua,MODIS,100,6.2,322.8,115.9,D,0
-35.0058,140.4507,369.9,1.4,1.2,2014-01-17,0418,Aqua,MODIS,100,6.2,323.9,140.7,D,0
-34.7218,139.2204,421.4,1.7,1.3,2014-01-17,0418,Aqua,MODIS,100,6.2,321.8,826.1,D,0
-34.7236,139.2024,387,1.7,1.3,2014-01-17,0418,Aqua,MODIS,100,6.2,316,342.9,D,0
-33.2092,150.4982,336.5,1.6,1.3,2014-01-17,0418,Aqua,MODIS,74,6.2,310.5,47.4,D,0
-34.9951,140.449,391.5,1.4,1.2,2014-01-17,0418,Aqua,MODIS,100,6.2,326.2,293.7,D,0
-35.0309,141.3415,368.1,1.3,1.1,2014-01-17,0418,Aqua,MODIS,100,6.2,324.6,114.8,D,0
-34.6674,139.1761,342.7,1.7,1.3,2014-01-17,0418,Aqua,MODIS,66,6.2,306.9,57.2,D,0
-33.2056,150.5173,335.5,1.6,1.3,2014-01-17,0418,Aqua,MODIS,71,6.2,313.1,43.6,D,0
-34.6692,139.1577,357,1.7,1.3,2014-01-17,0418,Aqua,MODIS,98,6.2,321,109.1,D,0
-35.0137,141.3097,394,1.3,1.1,2014-01-17,0418,Aqua,MODIS,100,6.2,329.7,279.7,D,0
-35.0121,141.3239,353.2,1.3,1.1,2014-01-17,0418,Aqua,MODIS,95,6.2,324.9,60.1,D,0
-34.6709,139.1393,348.9,1.7,1.3,2014-01-17,0418,Aqua,MODIS,82,6.2,325,69.2,D,0
-32.6902,150.7636,328.7,1.7,1.3,2014-01-17,0418,Aqua,MODIS,56,6.2,308.9,30.7,D,0
-35.1331,140.4115,364,1.4,1.2,2014-01-17,0418,Aqua,MODIS,98,6.2,323.7,125.8,D,0
-35.1348,140.3956,347.8,1.4,1.2,2014-01-17,0418,Aqua,MODIS,90,6.2,320,57,D,0
-34.9661,140.4124,360.4,1.4,1.2,2014-01-17,0418,Aqua,MODIS,97,6.2,324.9,94.2,D,0
-35.0255,141.2972,361.9,1.3,1.1,2014-01-17,0418,Aqua,MODIS,100,6.2,320.6,97.5,D,0
-35.1223,140.4099,354.5,1.4,1.2,2014-01-17,0418,Aqua,MODIS,82,6.2,317.2,74.5,D,0
-34.6593,139.1378,346.7,1.7,1.3,2014-01-17,0418,Aqua,MODIS,90,6.2,318.8,61.8,D,0
-32.6038,150.8491,332,1.8,1.3,2014-01-17,0418,Aqua,MODIS,71,6.2,310.2,44.4,D,0
-34.9967,140.4332,358.1,1.4,1.2,2014-01-17,0418,Aqua,MODIS,70,6.2,326.2,79.8,D,0
-34.704,139.1626,363.4,1.7,1.3,2014-01-17,0418,Aqua,MODIS,88,6.2,322.3,140.7,D,0
-32.6068,150.7716,327.8,1.8,1.3,2014-01-17,0418,Aqua,MODIS,58,6.2,308.4,31,D,0
-35.009,140.2066,364.9,1.5,1.2,2014-01-17,0418,Aqua,MODIS,75,6.2,293.3,148.2,D,0
-32.664,150.8343,337.2,1.8,1.3,2014-01-17,0418,Aqua,MODIS,70,6.2,310.8,55.7,D,0
-32.6538,150.8438,347.1,1.8,1.3,2014-01-17,0418,Aqua,MODIS,91,6.2,311.7,98.9,D,0
-35.0074,140.2229,362.5,1.5,1.2,2014-01-17,0418,Aqua,MODIS,99,6.2,306,125.3,D,0
-34.9843,140.4474,354.1,1.4,1.2,2014-01-17,0418,Aqua,MODIS,56,6.2,319.8,69.5,D,0
-35.0529,141.3306,387.1,1.3,1.1,2014-01-17,0418,Aqua,MODIS,100,6.2,326.1,227.8,D,0
-35.0199,140.2083,354,1.5,1.2,2014-01-17,0418,Aqua,MODIS,60,6.2,278.5,95.8,D,0
-32.6573,150.8257,327.3,1.8,1.3,2014-01-17,0418,Aqua,MODIS,31,6.2,307.3,26.7,D,0
-34.9752,140.4299,368.9,1.4,1.2,2014-01-17,0418,Aqua,MODIS,93,6.2,327.1,141.7,D,0
-32.6385,150.8595,338.6,1.8,1.3,2014-01-17,0418,Aqua,MODIS,66,6.2,311.2,63.1,D,0
-32.6269,150.8562,352,1.8,1.3,2014-01-17,0418,Aqua,MODIS,94,6.2,312.3,123.8,D,0
-32.6152,150.853,335.4,1.8,1.3,2014-01-17,0418,Aqua,MODIS,78,6.2,310.9,56.3,D,0
-35.0545,141.3165,423.7,1.3,1.1,2014-01-17,0418,Aqua,MODIS,100,6.2,336.7,583.3,D,0
-35.0395,141.3573,360,1.3,1.1,2014-01-17,0418,Aqua,MODIS,99,6.2,319.4,80.9,D,0
-35.0411,141.3431,390.8,1.3,1.1,2014-01-17,0418,Aqua,MODIS,100,6.2,333,248.9,D,0
-35.0427,141.329,363.8,1.3,1.1,2014-01-17,0418,Aqua,MODIS,100,6.2,326.9,98,D,0
-35.0443,141.3148,438.6,1.3,1.1,2014-01-17,0418,Aqua,MODIS,100,6.2,342.5,793.7,D,0
-35.046,141.3005,370.6,1.3,1.1,2014-01-17,0418,Aqua,MODIS,100,6.2,326.1,133.3,D,0
-35.0293,141.3556,343.2,1.3,1.1,2014-01-17,0418,Aqua,MODIS,84,6.2,316.7,27.4,D,0
-34.986,140.4316,366.5,1.4,1.2,2014-01-17,0418,Aqua,MODIS,93,6.2,328.4,122.8,D,0
-34.6772,139.1966,347.3,1.7,1.3,2014-01-17,0418,Aqua,MODIS,85,6.2,304.8,81,D,0
-35.0454,140.489,381.4,1.4,1.2,2014-01-17,0418,Aqua,MODIS,100,6.2,319.4,224.8,D,0
-35.0471,140.4732,412.5,1.4,1.2,2014-01-17,0418,Aqua,MODIS,94,6.2,331.7,524.8,D,0
-35.0239,141.3114,392,1.3,1.1,2014-01-17,0418,Aqua,MODIS,100,6.2,330.5,263.1,D,0
-35.0035,141.3081,363.6,1.3,1.1,2014-01-17,0418,Aqua,MODIS,100,6.2,317.3,102.2,D,0
-35.0346,140.4873,353,1.4,1.2,2014-01-17,0418,Aqua,MODIS,73,6.2,318.3,73.4,D,0
-35.0363,140.4715,432.6,1.4,1.2,2014-01-17,0418,Aqua,MODIS,100,6.2,338.5,814.2,D,0
-35.0153,141.2956,360.6,1.3,1.1,2014-01-17,0418,Aqua,MODIS,100,6.2,316.5,94.1,D,0
-34.6825,139.1413,346.1,1.7,1.3,2014-01-17,0418,Aqua,MODIS,89,6.2,324.9,54.4,D,0
-32.6869,150.7354,333.4,1.7,1.3,2014-01-17,0418,Aqua,MODIS,48,6.2,306.5,45.6,D,0
-32.6825,150.7416,330.9,1.7,1.3,2014-01-17,0418,Aqua,MODIS,40,6.2,306.8,36.5,D,0
-32.6939,150.745,326.9,1.7,1.3,2014-01-17,0418,Aqua,MODIS,34,6.2,307.1,26.6,D,0
-35.0513,141.3448,376,1.3,1.1,2014-01-17,0418,Aqua,MODIS,100,6.2,327.1,155.6,D,0
-35.0448,140.3922,362.2,1.4,1.2,2014-01-17,0418,Aqua,MODIS,85,6.2,297.6,106.2,D,0
-35.0465,140.3763,375.8,1.4,1.2,2014-01-17,0418,Aqua,MODIS,96,6.2,328.2,181,D,0
-35.0256,140.4699,384.5,1.4,1.2,2014-01-17,0418,Aqua,MODIS,100,6.2,323.5,241.9,D,0
-35.0578,140.4749,383,1.4,1.2,2014-01-17,0418,Aqua,MODIS,87,6.2,316.3,248.4,D,0
-33.1867,150.4922,334.7,1.6,1.3,2014-01-17,0418,Aqua,MODIS,75,6.2,313.6,41,D,0
-33.2172,150.5056,355.2,1.6,1.3,2014-01-17,0418,Aqua,MODIS,96,6.2,309.8,125.6,D,0
-35.0273,140.4541,359.1,1.4,1.2,2014-01-17,0418,Aqua,MODIS,26,6.2,321.6,90.8,D,0
-35.0341,141.3131,432.5,1.3,1.1,2014-01-17,0418,Aqua,MODIS,100,6.2,340.5,701,D,0
-35.0325,141.3273,351.3,1.3,1.1,2014-01-17,0418,Aqua,MODIS,87,6.2,324.8,51.8,D,0
-34.7302,139.2282,343.1,1.7,1.3,2014-01-17,0418,Aqua,MODIS,47,6.2,312.1,60.9,D,0
-34.7318,139.2103,376.5,1.7,1.3,2014-01-17,0418,Aqua,MODIS,94,6.2,310,252.1,D,0
-31.5252,133.3717,328,3.7,1.8,2014-01-17,0419,Aqua,MODIS,40,6.2,298.4,71.6,D,0
-31.6387,133.3529,334.2,3.8,1.8,2014-01-17,0419,Aqua,MODIS,76,6.2,301.7,123.5,D,0
-31.5727,133.3473,356.3,3.8,1.8,2014-01-17,0419,Aqua,MODIS,97,6.2,301.2,413.2,D,0
-31.6222,133.3515,350.2,3.8,1.8,2014-01-17,0419,Aqua,MODIS,93,6.2,301.4,316.4,D,0
-31.6363,133.3929,334.2,3.7,1.8,2014-01-17,0419,Aqua,MODIS,78,6.2,299.7,132.9,D,0
-31.6132,133.3824,331.8,3.7,1.8,2014-01-17,0419,Aqua,MODIS,74,6.2,298,110.2,D,0
-31.5828,133.3398,329.2,3.8,1.8,2014-01-17,0419,Aqua,MODIS,20,6.2,301.4,80,D,0
-31.6159,133.3426,333.1,3.8,1.8,2014-01-17,0419,Aqua,MODIS,56,6.2,301.8,117.3,D,0
-31.5994,133.3411,331,3.8,1.8,2014-01-17,0419,Aqua,MODIS,44,6.2,301.6,97,D,0
-31.5498,133.3373,328.5,3.8,1.8,2014-01-17,0419,Aqua,MODIS,27,6.2,301.3,74.7,D,0
-31.5473,133.3774,327.9,3.7,1.8,2014-01-17,0419,Aqua,MODIS,41,6.2,298.3,72.6,D,0
-31.5663,133.3384,349.7,3.8,1.8,2014-01-17,0419,Aqua,MODIS,93,6.2,301.2,312.2,D,0
-31.5562,133.3461,331,3.8,1.8,2014-01-17,0419,Aqua,MODIS,43,6.2,300.4,95.2,D,0
-31.5638,133.3786,341.8,3.7,1.8,2014-01-17,0419,Aqua,MODIS,87,6.2,297.8,211.6,D,0
-31.5704,133.3875,326.5,3.7,1.8,2014-01-17,0419,Aqua,MODIS,29,6.2,297.5,60.4,D,0
-31.5333,133.3362,330.9,3.8,1.8,2014-01-17,0419,Aqua,MODIS,54,6.2,301.6,94.9,D,0
-31.6057,133.3501,335.4,3.8,1.8,2014-01-17,0419,Aqua,MODIS,57,6.2,301,135.5,D,0
-31.6198,133.3915,347.2,3.7,1.8,2014-01-17,0419,Aqua,MODIS,91,6.2,298.4,282.5,D,0
-31.5309,133.376,330.1,3.7,1.8,2014-01-17,0419,Aqua,MODIS,55,6.2,298.3,89.3,D,0
-31.8431,133.9597,326.3,3.4,1.7,2014-01-17,0419,Aqua,MODIS,24,6.2,300.5,40.6,D,0
-31.8676,133.9656,333.2,3.4,1.7,2014-01-17,0419,Aqua,MODIS,67,6.2,303.4,88.8,D,0
-31.8819,134.1567,336.9,3.3,1.7,2014-01-17,0419,Aqua,MODIS,78,6.2,302,116.9,D,0
-31.8063,134.0306,355.5,3.4,1.7,2014-01-17,0419,Aqua,MODIS,97,6.2,299.4,340.2,D,0
-31.8358,133.9632,335.8,3.4,1.7,2014-01-17,0419,Aqua,MODIS,77,6.2,300.5,117.4,D,0
-31.8493,134.0016,333,3.4,1.7,2014-01-17,0419,Aqua,MODIS,71,6.2,303.5,84.2,D,0
-31.8221,134.0322,332.7,3.4,1.7,2014-01-17,0419,Aqua,MODIS,73,6.2,300.3,84.8,D,0
-31.8405,133.9969,352.3,3.4,1.7,2014-01-17,0419,Aqua,MODIS,95,6.2,303.5,294.1,D,0
-31.8334,134.0004,379.9,3.4,1.7,2014-01-17,0419,Aqua,MODIS,100,6.2,303.4,804.2,D,0
-31.8087,133.9942,339.7,3.4,1.7,2014-01-17,0419,Aqua,MODIS,83,6.2,299.8,157.8,D,0
-31.8153,134.0355,342.9,3.4,1.7,2014-01-17,0419,Aqua,MODIS,86,6.2,299.8,182.9,D,0
-31.8517,133.9645,334.3,3.4,1.7,2014-01-17,0419,Aqua,MODIS,74,6.2,301.3,100.3,D,0
-31.8871,134.1499,332.3,3.3,1.7,2014-01-17,0419,Aqua,MODIS,65,6.2,302.8,81.7,D,0
-31.8175,133.9991,346.4,3.4,1.7,2014-01-17,0419,Aqua,MODIS,90,6.2,300.2,227.5,D,0
-31.8662,134.1552,329.4,3.3,1.7,2014-01-17,0419,Aqua,MODIS,48,6.2,301.5,54.7,D,0
-31.8246,133.9957,367.4,3.4,1.7,2014-01-17,0419,Aqua,MODIS,100,6.2,301.1,539.6,D,0
-31.8017,133.9975,332.6,3.4,1.7,2014-01-17,0419,Aqua,MODIS,71,6.2,298.9,96.6,D,0
-31.7995,134.0338,345.8,3.4,1.7,2014-01-17,0419,Aqua,MODIS,89,6.2,298.3,218,D,0
-31.7181,133.1533,326.6,3.9,1.8,2014-01-17,0419,Aqua,MODIS,41,6.2,298.6,64.9,D,0
-31.7224,133.1573,328.2,3.9,1.8,2014-01-17,0419,Aqua,MODIS,42,6.2,299.1,76.4,D,0
-29.195,146.3992,369,1.2,1.1,2014-01-17,0419,Aqua,MODIS,95,6.2,326.4,106.8,D,0
-23.9545,147.2241,358.1,1.6,1.2,2014-01-17,0420,Aqua,MODIS,98,6.2,310.2,115,D,0
-23.9571,147.2093,355.7,1.6,1.2,2014-01-17,0420,Aqua,MODIS,97,6.2,316.3,103.6,D,0
-23.9461,147.2069,338.5,1.6,1.2,2014-01-17,0420,Aqua,MODIS,68,6.2,309.1,39.5,D,0
-23.1349,149.6001,336.9,2.4,1.5,2014-01-17,0420,Aqua,MODIS,79,6.2,297.6,104.5,D,0
-27.7586,141.6657,344.2,1.1,1,2014-01-17,0420,Aqua,MODIS,67,6.2,319.6,28.6,D,0
-27.7039,141.7221,362.4,1.1,1,2014-01-17,0420,Aqua,MODIS,100,6.2,318.8,72.5,D,0
-27.6946,141.7206,428.7,1.1,1,2014-01-17,0420,Aqua,MODIS,100,6.2,335.7,481.3,D,0
-27.696,141.7099,382.3,1.1,1,2014-01-17,0420,Aqua,MODIS,100,6.2,326.6,147.4,D,0
-27.687,141.7237,363.4,1.1,1,2014-01-17,0420,Aqua,MODIS,100,6.2,322.4,72.6,D,0
-27.6884,141.713,343.7,1.1,1,2014-01-17,0420,Aqua,MODIS,60,6.2,323.6,23,D,0
-27.6337,141.7691,367.2,1,1,2014-01-17,0420,Aqua,MODIS,92,6.2,330,75.6,D,0
-27.6245,141.7675,369.6,1,1,2014-01-17,0420,Aqua,MODIS,100,6.2,329.3,82.8,D,0
-27.6259,141.7569,386.4,1,1,2014-01-17,0420,Aqua,MODIS,100,6.2,333.9,155.3,D,0
-27.6273,141.7462,351.7,1.1,1,2014-01-17,0420,Aqua,MODIS,80,6.2,329.7,33.5,D,0
-27.6195,141.734,353.6,1.1,1,2014-01-17,0420,Aqua,MODIS,60,6.2,326.7,39.5,D,0
-27.6209,141.7234,353.4,1.1,1,2014-01-17,0420,Aqua,MODIS,72,6.2,328.8,38.1,D,0
-27.6223,141.7127,394.1,1.1,1,2014-01-17,0420,Aqua,MODIS,100,6.2,332.7,198,D,0
-27.6237,141.702,397.5,1.1,1,2014-01-17,0420,Aqua,MODIS,100,6.2,332.1,219.7,D,0
-27.6251,141.6914,374.5,1.1,1,2014-01-17,0420,Aqua,MODIS,100,6.2,329.1,106.8,D,0
-25.2271,142.2561,340.1,1,1,2014-01-17,0420,Aqua,MODIS,80,6.2,320.6,14.3,D,0
-24.0571,146.6318,340.2,1.4,1.2,2014-01-17,0420,Aqua,MODIS,62,6.2,313.1,45.5,D,0
-23.8071,146.4048,337.9,1.4,1.2,2014-01-17,0420,Aqua,MODIS,79,6.2,307.6,34.6,D,0
-23.799,146.389,331.5,1.4,1.2,2014-01-17,0420,Aqua,MODIS,42,6.2,302.8,25.3,D,0
-23.8302,146.3955,333.1,1.4,1.2,2014-01-17,0420,Aqua,MODIS,28,6.2,306.5,23.4,D,0
-21.0733,147.1172,327.1,1.7,1.3,2014-01-17,0421,Aqua,MODIS,27,6.2,305.2,22.4,D,0
-31.4765,120.5942,348.2,1,1,2014-01-17,0557,Aqua,MODIS,50,6.2,327.3,30.6,D,0
-31.4781,120.5835,379.7,1,1,2014-01-17,0557,Aqua,MODIS,100,6.2,326,130.2,D,0
-31.4693,120.586,354.3,1,1,2014-01-17,0557,Aqua,MODIS,93,6.2,323.4,48.8,D,0
-31.4709,120.5753,375.4,1,1,2014-01-17,0557,Aqua,MODIS,100,6.2,320.5,115.9,D,0
-31.4371,120.6125,347.3,1,1,2014-01-17,0557,Aqua,MODIS,68,6.2,326,27.8,D,0
-31.4264,120.6213,344.6,1,1,2014-01-17,0557,Aqua,MODIS,64,6.2,327.2,24.7,D,0
-31.4281,120.6105,394.8,1,1,2014-01-17,0557,Aqua,MODIS,100,6.2,330.2,203.5,D,0
-31.4297,120.5998,346.9,1,1,2014-01-17,0557,Aqua,MODIS,45,6.2,322.5,31.2,D,0
-31.3975,120.6263,350.5,1,1,2014-01-17,0557,Aqua,MODIS,87,6.2,321,40,D,0
-30.4658,123.4033,337.1,1.3,1.1,2014-01-17,0557,Aqua,MODIS,46,6.2,321,18.9,D,0
-31.7382,116.0175,343.4,1.3,1.1,2014-01-17,0557,Aqua,MODIS,85,6.2,321.7,37.9,D,0
-31.7397,116.0042,342.5,1.3,1.1,2014-01-17,0557,Aqua,MODIS,84,6.2,320.8,36.4,D,0
-32.0653,115.9077,330,1.3,1.1,2014-01-17,0557,Aqua,MODIS,52,6.2,313.1,10.5,D,0
-32.0637,115.9214,331.2,1.3,1.1,2014-01-17,0557,Aqua,MODIS,63,6.2,312.1,12.3,D,2
-29.9571,119.4218,335.9,1,1,2014-01-17,0558,Aqua,MODIS,72,6.2,322.2,11.2,D,0
-27.3018,122.6938,335.6,1.4,1.2,2014-01-17,0558,Aqua,MODIS,71,6.2,315.7,18.6,D,0
-27.2914,122.6914,339,1.4,1.2,2014-01-17,0558,Aqua,MODIS,78,6.2,316,27,D,0
-28.4489,122.3559,341.6,1.3,1.1,2014-01-17,0558,Aqua,MODIS,82,6.2,320.1,25.2,D,0
-25.8137,122.6798,338.6,1.5,1.2,2014-01-17,0559,Aqua,MODIS,77,6.2,317.1,19.5,D,0
-21.187,119.8169,355.8,1.2,1.1,2014-01-17,0600,Aqua,MODIS,97,6.2,316.2,58,D,0
-20.736,120.931,355.3,1.4,1.2,2014-01-17,0600,Aqua,MODIS,82,6.2,312,83,D,0
-20.7383,120.9176,367,1.4,1.2,2014-01-17,0600,Aqua,MODIS,100,6.2,312.2,134.8,D,0
-20.7653,120.9503,363.1,1.4,1.2,2014-01-17,0600,Aqua,MODIS,100,6.2,302.5,121.6,D,0
-22.3442,118.0146,363.5,1,1,2014-01-17,0600,Aqua,MODIS,100,6.2,316.9,71.5,D,0
-22.2717,116.0719,349.3,1,1,2014-01-17,0600,Aqua,MODIS,67,6.2,323.7,24.7,D,0
-22.6429,115.2856,353.3,1.1,1,2014-01-17,0600,Aqua,MODIS,89,6.2,330.6,34.3,D,0
-22.2626,116.0705,363.2,1,1,2014-01-17,0600,Aqua,MODIS,100,6.2,328.8,59.1,D,0
-22.3969,118.1503,362,1,1,2014-01-17,0600,Aqua,MODIS,94,6.2,315,64.7,D,0
-22.264,116.0605,355.7,1,1,2014-01-17,0600,Aqua,MODIS,96,6.2,330,37.1,D,0
-20.7675,120.9369,376.2,1.4,1.2,2014-01-17,0600,Aqua,MODIS,100,6.2,307,195.8,D,0
-22.358,118.047,349.7,1,1,2014-01-17,0600,Aqua,MODIS,91,6.2,315,34.5,D,0
-22.3594,118.0372,355.1,1,1,2014-01-17,0600,Aqua,MODIS,96,6.2,316.6,47.4,D,0
-22.3399,118.0439,347.7,1,1,2014-01-17,0600,Aqua,MODIS,73,6.2,316,32.9,D,0
-22.6443,115.2749,366.9,1.1,1,2014-01-17,0600,Aqua,MODIS,100,6.2,332.4,77,D,0
-22.3405,118.1649,342.5,1,1,2014-01-17,0600,Aqua,MODIS,78,6.2,318.4,18.7,D,0
-32.6447,150.8468,307.6,3.6,1.8,2014-01-17,1205,Terra,MODIS,72,6.2,294.1,44,N,0
-32.6367,150.8388,304.5,3.6,1.8,2014-01-17,1205,Terra,MODIS,14,6.2,294.1,28.3,N,0
-23.124,149.6119,301.6,3.4,1.7,2014-01-17,1207,Terra,MODIS,30,6.2,289.3,21.7,N,0
-23.129,149.4792,301.6,3.5,1.8,2014-01-17,1207,Terra,MODIS,43,6.2,289.3,23.4,N,0
-23.1338,149.6178,300.4,3.4,1.7,2014-01-17,1207,Terra,MODIS,12,6.2,289.2,17.2,N,0
-23.3123,150.0063,303.9,3.2,1.7,2014-01-17,1207,Terra,MODIS,58,6.2,289.5,30,N,0
-25.2323,149.9913,304,3.4,1.7,2014-01-17,1207,Terra,MODIS,58,6.2,293.7,27.8,N,0
-37.3775,148.9669,317.3,3.1,1.7,2014-01-17,1341,Terra,MODIS,95,6.2,300.1,63.4,N,0
-37.276,148.4729,309.9,2.9,1.6,2014-01-17,1341,Terra,MODIS,79,6.2,297.6,32.2,N,0
-37.4696,148.7822,316.6,3,1.7,2014-01-17,1341,Terra,MODIS,94,6.2,299.7,58.9,N,0
-37.351,147.3859,317.6,2.5,1.5,2014-01-17,1341,Terra,MODIS,95,6.2,294.8,49.5,N,0
-37.4875,148.8359,315.5,3,1.7,2014-01-17,1341,Terra,MODIS,23,6.2,300.3,44.1,N,0
-37.35,147.4192,333,2.5,1.5,2014-01-17,1341,Terra,MODIS,100,6.2,296.1,121.4,N,0
-37.7851,147.2838,308.4,2.4,1.5,2014-01-17,1341,Terra,MODIS,74,6.2,292.5,24.5,N,0
-37.3445,148.6488,317.4,3,1.6,2014-01-17,1341,Terra,MODIS,95,6.2,299.8,62.3,N,0
-37.2679,148.5085,310.7,2.9,1.6,2014-01-17,1341,Terra,MODIS,81,6.2,298.3,36.5,N,0
-37.3633,147.4247,326.9,2.5,1.5,2014-01-17,1341,Terra,MODIS,100,6.2,293,93.9,N,0
-37.4818,148.7941,325.1,3,1.7,2014-01-17,1341,Terra,MODIS,100,6.2,301,97.2,N,0
-37.345,147.4128,327.4,2.5,1.5,2014-01-17,1341,Terra,MODIS,100,6.2,296.4,92,N,0
-37.3559,147.3932,327.6,2.5,1.5,2014-01-17,1341,Terra,MODIS,100,6.2,295.5,90.9,N,0
-37.4653,148.8619,327.8,3,1.7,2014-01-17,1341,Terra,MODIS,100,6.2,301.9,112.9,N,0
-37.4901,148.7596,309.6,3,1.6,2014-01-17,1341,Terra,MODIS,53,6.2,298.1,29.4,N,0
-37.3693,147.398,327,2.5,1.5,2014-01-17,1341,Terra,MODIS,100,6.2,295.1,90,N,0
-37.2794,148.6577,315.6,3,1.6,2014-01-17,1341,Terra,MODIS,92,6.2,297.7,58.1,N,0
-37.4938,148.8757,319.6,3,1.7,2014-01-17,1341,Terra,MODIS,99,6.2,299.5,71.3,N,0
-37.4729,148.8305,316.8,3,1.7,2014-01-17,1341,Terra,MODIS,48,6.2,299.8,49.6,N,0
-37.4981,148.7955,327.8,3,1.7,2014-01-17,1341,Terra,MODIS,97,6.2,301.2,109.7,N,0
-37.4818,148.8648,333.3,3,1.7,2014-01-17,1341,Terra,MODIS,100,6.2,301.7,146.7,N,0
-37.2688,148.5037,313.9,2.9,1.6,2014-01-17,1341,Terra,MODIS,88,6.2,298.7,47.3,N,0
-37.4753,148.7555,311.5,3,1.6,2014-01-17,1341,Terra,MODIS,67,6.2,298.2,35.8,N,0
-37.7259,147.2301,311.8,2.4,1.5,2014-01-17,1341,Terra,MODIS,56,6.2,292.5,28.4,N,0
-37.5102,148.8076,313.8,3,1.7,2014-01-17,1341,Terra,MODIS,57,6.2,299,43.4,N,0
-37.7134,147.2496,310.7,2.4,1.5,2014-01-17,1341,Terra,MODIS,38,6.2,293.1,26.6,N,0
-37.3426,147.3876,310.5,2.5,1.5,2014-01-17,1341,Terra,MODIS,80,6.2,294.3,29.1,N,0
-37.4961,148.8003,329.6,3,1.7,2014-01-17,1341,Terra,MODIS,100,6.2,301.9,122.5,N,0
-37.282,148.515,317.2,2.9,1.6,2014-01-17,1341,Terra,MODIS,95,6.2,297,62.7,N,0
-37.2754,148.4774,313.8,2.9,1.6,2014-01-17,1341,Terra,MODIS,88,6.2,298.1,47.4,N,0
-37.3565,148.6641,312.7,3,1.6,2014-01-17,1341,Terra,MODIS,86,6.2,297.9,44,N,0
-37.3343,148.6909,308.6,3,1.6,2014-01-17,1341,Terra,MODIS,75,6.2,297.1,30.3,N,0
-37.4674,148.7878,312.2,3,1.7,2014-01-17,1341,Terra,MODIS,45,6.2,299.8,38.5,N,0
-37.7325,147.2634,327.3,2.4,1.5,2014-01-17,1341,Terra,MODIS,100,6.2,294.6,84.1,N,0
-37.4737,148.8989,336.3,3.1,1.7,2014-01-17,1341,Terra,MODIS,100,6.2,300.6,171.4,N,0
-37.7195,147.2579,340,2.4,1.5,2014-01-17,1341,Terra,MODIS,100,6.2,295,147.4,N,0
-37.2828,148.5105,315,2.9,1.6,2014-01-17,1341,Terra,MODIS,90,6.2,296.6,51.8,N,0
-37.4677,148.8569,328.3,3,1.7,2014-01-17,1341,Terra,MODIS,100,6.2,301.9,116,N,0
-37.7266,147.2546,344.4,2.4,1.5,2014-01-17,1341,Terra,MODIS,100,6.2,296.1,177.8,N,0
-37.3361,148.6845,315.4,3,1.6,2014-01-17,1341,Terra,MODIS,91,6.2,298.2,55,N,0
-37.4596,148.8914,314.4,3.1,1.7,2014-01-17,1341,Terra,MODIS,89,6.2,299.7,46,N,0
-37.4708,148.9047,322.3,3.1,1.7,2014-01-17,1341,Terra,MODIS,100,6.2,299.1,82.2,N,0
-37.49,148.8297,317.5,3,1.7,2014-01-17,1341,Terra,MODIS,69,6.2,300.9,48.3,N,0
-37.4856,148.9098,333.7,3.1,1.7,2014-01-17,1341,Terra,MODIS,100,6.2,300.2,154.2,N,0
-37.7203,147.2827,309.4,2.4,1.5,2014-01-17,1341,Terra,MODIS,56,6.2,293.9,25,N,0
-37.3429,148.6554,321,3,1.6,2014-01-17,1341,Terra,MODIS,100,6.2,300,80.7,N,0
-37.7388,147.236,308.6,2.4,1.5,2014-01-17,1341,Terra,MODIS,55,6.2,292.7,21.8,N,0
-37.4793,148.8697,345.2,3,1.7,2014-01-17,1341,Terra,MODIS,100,6.2,302.9,246.6,N,0
-37.7395,147.2606,309,2.4,1.5,2014-01-17,1341,Terra,MODIS,58,6.2,292.9,23.7,N,0
-37.4839,148.7884,326.3,3,1.7,2014-01-17,1341,Terra,MODIS,100,6.2,300.8,103.6,N,0
-37.7719,147.279,308.3,2.4,1.5,2014-01-17,1341,Terra,MODIS,74,6.2,291,23.5,N,0
-34.6219,141.9283,327.2,1.4,1.2,2014-01-17,1342,Terra,MODIS,100,6.2,292.1,36.3,N,0
-36.6773,147.7601,307.7,2.8,1.6,2014-01-17,1342,Terra,MODIS,33,6.2,294.2,26.8,N,0
-36.6892,147.7614,304,2.8,1.6,2014-01-17,1342,Terra,MODIS,17,6.2,293.2,18.2,N,0
-36.6625,147.7456,311.2,2.8,1.6,2014-01-17,1342,Terra,MODIS,71,6.2,295.3,37.1,N,0
-36.6762,147.7521,308.4,2.8,1.6,2014-01-17,1342,Terra,MODIS,71,6.2,294.6,30,N,0
-37.1426,142.7528,311.7,1.4,1.2,2014-01-17,1342,Terra,MODIS,16,6.2,285,16.4,N,0
-35.4405,141.8374,324.3,1.3,1.1,2014-01-17,1342,Terra,MODIS,48,6.2,282.1,28.9,N,0
-35.4379,141.8519,355,1.3,1.1,2014-01-17,1342,Terra,MODIS,100,6.2,291.8,106.3,N,0
-35.4353,141.8665,343.8,1.3,1.1,2014-01-17,1342,Terra,MODIS,100,6.2,284.6,0,N,0
-36.9035,142.4754,353.2,1.3,1.1,2014-01-17,1342,Terra,MODIS,100,6.2,294.1,101.5,N,0
-35.4327,141.881,324,1.3,1.1,2014-01-17,1342,Terra,MODIS,93,6.2,274.5,0,N,0
-36.9062,142.4605,359.1,1.3,1.1,2014-01-17,1342,Terra,MODIS,100,6.2,294.7,123.1,N,0
-36.8932,142.4725,343.8,1.3,1.1,2014-01-17,1342,Terra,MODIS,100,6.2,289.5,70.2,N,0
-36.896,142.4576,351,1.3,1.1,2014-01-17,1342,Terra,MODIS,100,6.2,293.2,92,N,0
-36.8803,142.4845,315.6,1.3,1.1,2014-01-17,1342,Terra,MODIS,58,6.2,285.3,15.3,N,0
-36.883,142.4696,354.9,1.3,1.1,2014-01-17,1342,Terra,MODIS,100,6.2,291.1,106.8,N,0
-35.4481,141.8547,331.1,1.3,1.1,2014-01-17,1342,Terra,MODIS,89,6.2,281.9,41.2,N,0
-35.4455,141.8693,356.7,1.3,1.1,2014-01-17,1342,Terra,MODIS,100,6.2,289.2,0,N,0
-35.4429,141.8838,321,1.3,1.1,2014-01-17,1342,Terra,MODIS,90,6.2,271.4,0,N,0
-35.4583,141.8575,344.4,1.3,1.1,2014-01-17,1342,Terra,MODIS,100,6.2,285.2,71,N,0
-35.4557,141.8721,347.2,1.3,1.1,2014-01-17,1342,Terra,MODIS,100,6.2,288.3,83.3,N,0
-35.4641,141.8649,327.5,1.3,1.1,2014-01-17,1342,Terra,MODIS,91,6.2,282,34.4,N,0
-36.8857,142.4546,360.8,1.3,1.1,2014-01-17,1342,Terra,MODIS,100,6.2,292.9,129.7,N,0
-36.87,142.4815,344.2,1.3,1.1,2014-01-17,1342,Terra,MODIS,100,6.2,289.1,72.4,N,0
-36.8727,142.4666,356.1,1.3,1.1,2014-01-17,1342,Terra,MODIS,100,6.2,290.6,111,N,0
-36.8755,142.4517,337,1.3,1.1,2014-01-17,1342,Terra,MODIS,100,6.2,283.5,52.9,N,0
-36.8598,142.4786,338,1.3,1.1,2014-01-17,1342,Terra,MODIS,100,6.2,289.4,55.7,N,0
-35.41,141.829,340.5,1.3,1.1,2014-01-17,1342,Terra,MODIS,100,6.2,278.3,64.3,N,0
-35.4123,141.8754,324.6,1.3,1.1,2014-01-17,1342,Terra,MODIS,94,6.2,273.2,0,N,0
-35.4149,141.8608,347.3,1.3,1.1,2014-01-17,1342,Terra,MODIS,100,6.2,274.6,0,N,0
-35.4175,141.8463,348.1,1.3,1.1,2014-01-17,1342,Terra,MODIS,100,6.2,280.4,85.7,N,0
-36.9907,142.5069,332.2,1.3,1.1,2014-01-17,1342,Terra,MODIS,84,6.2,286.6,47.6,N,0
-37.0037,142.4948,327,1.3,1.1,2014-01-17,1342,Terra,MODIS,91,6.2,281.3,37.8,N,0
-36.8625,142.4637,379.1,1.3,1.1,2014-01-17,1342,Terra,MODIS,100,6.2,291.4,222.9,N,0
-36.924,142.4813,320.2,1.3,1.1,2014-01-17,1342,Terra,MODIS,0,6.2,287.7,23.2,N,0
-36.9267,142.4664,333.9,1.3,1.1,2014-01-17,1342,Terra,MODIS,85,6.2,288.6,45.2,N,0
-36.9137,142.4784,342.8,1.3,1.1,2014-01-17,1342,Terra,MODIS,100,6.2,291.8,69.3,N,0
-36.9164,142.4634,349.3,1.3,1.1,2014-01-17,1342,Terra,MODIS,100,6.2,291.7,86.1,N,0
-36.8495,142.4756,383,1.3,1.1,2014-01-17,1342,Terra,MODIS,100,6.2,292,248,N,0
-36.8523,142.4607,396.7,1.3,1.1,2014-01-17,1342,Terra,MODIS,100,6.2,293.6,353,N,0
-36.842,142.4578,326.8,1.3,1.1,2014-01-17,1342,Terra,MODIS,100,6.2,279.5,32.1,N,0
-36.8444,142.4683,351.7,1.3,1.1,2014-01-17,1342,Terra,MODIS,100,6.2,285.5,95.9,N,0
-36.847,142.4533,333.7,1.3,1.1,2014-01-17,1342,Terra,MODIS,100,6.2,279.4,45.7,N,0
-35.3919,141.8698,320.9,1.3,1.1,2014-01-17,1342,Terra,MODIS,90,6.2,271.8,0,N,0
-35.3945,141.8552,328.7,1.3,1.1,2014-01-17,1342,Terra,MODIS,98,6.2,277.8,0,N,0
-35.3972,141.8407,381.2,1.3,1.1,2014-01-17,1342,Terra,MODIS,100,6.2,287.5,237.4,N,0
-35.3998,141.8262,384.2,1.3,1.1,2014-01-17,1342,Terra,MODIS,100,6.2,284.8,255.7,N,0
-37.017,142.4807,313.4,1.3,1.1,2014-01-17,1342,Terra,MODIS,59,6.2,273,18.2,N,0
-37.0837,142.5056,321,1.3,1.1,2014-01-17,1342,Terra,MODIS,20,6.2,282.4,26.2,N,0
-35.4202,141.8318,341,1.3,1.1,2014-01-17,1342,Terra,MODIS,100,6.2,281.8,62.3,N,0
-35.4074,141.8435,325.5,1.3,1.1,2014-01-17,1342,Terra,MODIS,100,6.2,276,33.8,N,0
-36.9823,143.2549,309.8,1.5,1.2,2014-01-17,1342,Terra,MODIS,66,6.2,288.4,16.1,N,0
-36.9854,143.2385,312.8,1.5,1.2,2014-01-17,1342,Terra,MODIS,86,6.2,287.6,20.4,N,0
-36.8884,142.4397,323.1,1.3,1.1,2014-01-17,1342,Terra,MODIS,0,6.2,285.6,24.6,N,0
-36.8782,142.4368,331.9,1.3,1.1,2014-01-17,1342,Terra,MODIS,100,6.2,281.9,41.8,N,0
-34.9981,141.3119,306.4,1.3,1.1,2014-01-17,1342,Terra,MODIS,68,6.2,272.4,12.6,N,0
-36.8652,142.4488,329.3,1.3,1.1,2014-01-17,1342,Terra,MODIS,100,6.2,276.9,36.3,N,0
-36.855,142.4458,349.3,1.3,1.1,2014-01-17,1342,Terra,MODIS,100,6.2,279.9,87.3,N,0
-34.6288,141.921,350.2,1.4,1.2,2014-01-17,1342,Terra,MODIS,100,6.2,294.6,98,N,0
-34.6246,141.9134,324.2,1.4,1.2,2014-01-17,1342,Terra,MODIS,100,6.2,293,30.4,N,0
-34.6261,141.9359,327.8,1.4,1.2,2014-01-17,1342,Terra,MODIS,83,6.2,291.4,39.3,N,0
-35.0329,141.2838,305.8,1.3,1.1,2014-01-17,1342,Terra,MODIS,41,6.2,281.7,12.4,N,0
-35.0305,141.2975,371.3,1.3,1.1,2014-01-17,1342,Terra,MODIS,100,6.2,289,172.8,N,0
-35.028,141.3112,338.7,1.3,1.1,2014-01-17,1342,Terra,MODIS,100,6.2,269.4,60.5,N,0
-35.2254,142.4495,300.1,1.4,1.2,2014-01-17,1342,Terra,MODIS,3,6.2,273.1,6.7,N,0
-36.9805,142.504,330.2,1.3,1.1,2014-01-17,1342,Terra,MODIS,97,6.2,282.3,44.1,N,0
-37.1323,142.7497,323.6,1.4,1.2,2014-01-17,1342,Terra,MODIS,100,6.2,285.5,33.5,N,0
-37.1295,142.765,319,1.4,1.2,2014-01-17,1342,Terra,MODIS,67,6.2,280.8,26.4,N,0
-35.4251,141.8637,361.7,1.3,1.1,2014-01-17,1342,Terra,MODIS,100,6.2,292.9,0,N,0
-36.9806,143.2476,322.4,1.5,1.2,2014-01-17,1342,Terra,MODIS,100,6.2,289.3,34.9,N,0
-35.4225,141.8782,323.5,1.3,1.1,2014-01-17,1342,Terra,MODIS,93,6.2,277.3,0,N,0
-35.0205,141.2948,368.6,1.3,1.1,2014-01-17,1342,Terra,MODIS,100,6.2,277.3,157.8,N,0
-35.018,141.3086,313.9,1.3,1.1,2014-01-17,1342,Terra,MODIS,88,6.2,271.4,19.6,N,0
-35.4303,141.8346,334.8,1.3,1.1,2014-01-17,1342,Terra,MODIS,83,6.2,282.4,48,N,0
-35.4277,141.8491,374.3,1.3,1.1,2014-01-17,1342,Terra,MODIS,100,6.2,296.6,195.4,N,0
-35.8694,140.4815,328.4,1.1,1.1,2014-01-17,1342,Terra,MODIS,100,6.2,282.7,30,N,0
-35.8578,140.4916,372.4,1.1,1.1,2014-01-17,1342,Terra,MODIS,100,6.2,292.9,145.8,N,0
-35.8599,140.4791,328,1.1,1.1,2014-01-17,1342,Terra,MODIS,100,6.2,282.7,29.3,N,0
-35.8673,140.494,361.8,1.1,1.1,2014-01-17,1342,Terra,MODIS,100,6.2,289.7,105,N,0
-35.8789,140.484,339.5,1.1,1.1,2014-01-17,1342,Terra,MODIS,100,6.2,282.8,50.5,N,0
-35.842,140.5267,314.3,1.1,1.1,2014-01-17,1342,Terra,MODIS,59,6.2,279.1,14.9,N,0
-35.8441,140.5141,333.3,1.1,1.1,2014-01-17,1342,Terra,MODIS,95,6.2,287.9,37.3,N,0
-35.8884,140.4865,327.1,1.1,1.1,2014-01-17,1342,Terra,MODIS,76,6.2,283.6,29.8,N,0
-35.8325,140.5242,311.3,1.1,1.1,2014-01-17,1342,Terra,MODIS,43,6.2,281.3,12.7,N,0
-35.8768,140.4965,379,1.1,1.1,2014-01-17,1342,Terra,MODIS,100,6.2,296.9,177,N,0
-35.8747,140.509,321.4,1.1,1.1,2014-01-17,1342,Terra,MODIS,0,6.2,288.1,21.2,N,0
-35.8346,140.5117,344.2,1.1,1.1,2014-01-17,1342,Terra,MODIS,100,6.2,290.6,58.3,N,0
-35.8367,140.4992,316.6,1.1,1.1,2014-01-17,1342,Terra,MODIS,44,6.2,285.6,14,N,0
-35.823,140.5217,303.9,1.1,1.1,2014-01-17,1342,Terra,MODIS,9,6.2,282.6,7.6,N,0
-35.8251,140.5092,340.8,1.1,1.1,2014-01-17,1342,Terra,MODIS,100,6.2,292.1,52.1,N,0
-35.8272,140.4967,321.5,1.1,1.1,2014-01-17,1342,Terra,MODIS,68,6.2,285.1,20.3,N,0
-35.8155,140.5068,321.6,1.1,1.1,2014-01-17,1342,Terra,MODIS,39,6.2,287.5,21.9,N,0
-35.8176,140.4943,318.5,1.1,1.1,2014-01-17,1342,Terra,MODIS,49,6.2,285.6,18.1,N,0
-35.9074,140.51,330.2,1.1,1.1,2014-01-17,1342,Terra,MODIS,65,6.2,281,31.9,N,0
-35.8979,140.5076,333.1,1.1,1.1,2014-01-17,1342,Terra,MODIS,84,6.2,283.3,34.4,N,0
-35.8884,140.5051,347.8,1.1,1.1,2014-01-17,1342,Terra,MODIS,100,6.2,289.8,62.8,N,0
-35.8905,140.4926,347.3,1.1,1.1,2014-01-17,1342,Terra,MODIS,100,6.2,288.2,65.7,N,0
-35.8863,140.499,369,1.1,1.1,2014-01-17,1342,Terra,MODIS,100,6.2,296.1,133.1,N,0
-35.8652,140.5065,332.7,1.1,1.1,2014-01-17,1342,Terra,MODIS,86,6.2,289.6,34.4,N,0
-33.9756,140.6774,310.9,1.2,1.1,2014-01-17,1343,Terra,MODIS,23,6.2,292.4,8.5,N,0
-33.9392,140.7094,307.5,1.2,1.1,2014-01-17,1343,Terra,MODIS,27,6.2,294.5,7.8,N,0
-29.1625,146.4061,308.8,3.5,1.8,2014-01-17,1344,Terra,MODIS,73,6.2,295.2,42.8,N,0
-27.6199,141.6771,315.6,1.8,1.3,2014-01-17,1344,Terra,MODIS,91,6.2,296.2,29.3,N,0
-27.6153,141.6694,306.7,1.8,1.3,2014-01-17,1344,Terra,MODIS,28,6.2,294.8,12.2,N,0
-27.7038,141.7228,312.1,1.8,1.3,2014-01-17,1344,Terra,MODIS,82,6.2,296.5,22.9,N,0
-27.6958,141.7345,306,1.8,1.3,2014-01-17,1344,Terra,MODIS,61,6.2,295.5,12.4,N,0
-27.6993,141.7159,306,1.8,1.3,2014-01-17,1344,Terra,MODIS,60,6.2,295.4,12.5,N,0
-27.6258,141.7756,306.7,1.9,1.3,2014-01-17,1344,Terra,MODIS,37,6.2,296.6,13.1,N,0
-27.6211,141.7354,307.6,1.9,1.3,2014-01-17,1344,Terra,MODIS,68,6.2,295,15.1,N,0
-27.6164,141.6955,320.8,1.8,1.3,2014-01-17,1344,Terra,MODIS,100,6.2,296,40.6,N,0
-27.6119,141.6879,319.9,1.8,1.3,2014-01-17,1344,Terra,MODIS,99,6.2,295.4,37.4,N,0
-29.17,146.4033,310.4,3.5,1.8,2014-01-17,1344,Terra,MODIS,35,6.2,295.3,45.7,N,0
-29.1706,146.3707,308,3.5,1.8,2014-01-17,1344,Terra,MODIS,70,6.2,295.2,39.4,N,0
-23.1186,149.4936,302.4,1.1,1,2014-01-17,1516,Aqua,MODIS,49,6.2,292.4,4.6,N,0
-23.3345,149.8123,308,1,1,2014-01-17,1516,Aqua,MODIS,73,6.2,292.1,7.9,N,0
-23.1444,149.596,310.8,1.1,1,2014-01-17,1516,Aqua,MODIS,81,6.2,292.5,9.8,N,0
-23.146,149.6063,302.5,1.1,1,2014-01-17,1516,Aqua,MODIS,29,6.2,292.1,3.9,N,0
-23.1203,149.504,302.8,1.1,1,2014-01-17,1516,Aqua,MODIS,51,6.2,292.3,4.8,N,0
-23.3101,150.0095,306.6,1,1,2014-01-17,1516,Aqua,MODIS,69,6.2,292.5,7,N,0
-22.1627,149.164,309.6,1.1,1.1,2014-01-17,1516,Aqua,MODIS,68,6.2,291.7,9.5,N,0
-22.1989,149.1459,305.7,1.1,1.1,2014-01-17,1516,Aqua,MODIS,65,6.2,291.7,7.3,N,0
-22.1651,149.1182,313.7,1.1,1.1,2014-01-17,1516,Aqua,MODIS,88,6.2,292.8,13.6,N,0
-22.1514,149.1549,326.7,1.1,1.1,2014-01-17,1516,Aqua,MODIS,100,6.2,291.9,27.5,N,0
-22.1532,149.1657,314.7,1.1,1.1,2014-01-17,1516,Aqua,MODIS,45,6.2,291.6,13.4,N,0
-23.8083,146.413,310.1,1.5,1.2,2014-01-17,1517,Aqua,MODIS,33,6.2,292.4,16.8,N,0
-23.7974,146.4152,309.5,1.5,1.2,2014-01-17,1517,Aqua,MODIS,78,6.2,292.3,16.8,N,0
-25.2218,149.9769,315.9,1,1,2014-01-17,1517,Aqua,MODIS,92,6.2,292.5,13.3,N,0
-23.7948,146.4007,307.4,1.5,1.2,2014-01-17,1517,Aqua,MODIS,61,6.2,291.2,15,N,0
-25.2324,149.9852,311.4,1,1,2014-01-17,1517,Aqua,MODIS,47,6.2,292.5,9.3,N,0
-25.2279,150.0168,305.9,1,1,2014-01-17,1517,Aqua,MODIS,56,6.2,292.8,5.9,N,0
-25.2264,150.0068,304.3,1,1,2014-01-17,1517,Aqua,MODIS,55,6.2,292.7,5,N,0
-25.2128,149.9785,306.3,1,1,2014-01-17,1517,Aqua,MODIS,62,6.2,292.2,6.3,N,0
-25.2339,149.9952,311.5,1,1,2014-01-17,1517,Aqua,MODIS,20,6.2,293,8.9,N,0
-23.9078,146.4471,304.5,1.5,1.2,2014-01-17,1517,Aqua,MODIS,18,6.2,292.7,8.8,N,0
-23.9211,146.4593,306.6,1.5,1.2,2014-01-17,1517,Aqua,MODIS,25,6.2,292.4,10.8,N,0
-23.951,146.4381,311.6,1.5,1.2,2014-01-17,1517,Aqua,MODIS,83,6.2,293.8,17.4,N,0
-23.9536,146.4525,306.6,1.5,1.2,2014-01-17,1517,Aqua,MODIS,54,6.2,292.4,11.3,N,0
-23.9542,146.4454,313.5,1.5,1.2,2014-01-17,1517,Aqua,MODIS,87,6.2,293.4,20.4,N,0
-23.6585,147.2546,309.1,1.4,1.2,2014-01-17,1517,Aqua,MODIS,71,6.2,293.7,11.3,N,0
-23.6687,147.2522,304.5,1.4,1.2,2014-01-17,1517,Aqua,MODIS,14,6.2,293.6,6.6,N,0
-23.952,147.2302,308,1.3,1.1,2014-01-17,1517,Aqua,MODIS,35,6.2,293.8,9.3,N,0
-23.9673,146.6581,315.1,1.5,1.2,2014-01-17,1517,Aqua,MODIS,72,6.2,294.4,20.6,N,0
-23.9698,146.6722,312.9,1.4,1.2,2014-01-17,1517,Aqua,MODIS,58,6.2,294.2,17.3,N,0
-23.9722,146.6862,310.8,1.4,1.2,2014-01-17,1517,Aqua,MODIS,46,6.2,293.4,15.4,N,0
-23.9886,146.6537,319.6,1.5,1.2,2014-01-17,1517,Aqua,MODIS,98,6.2,295.2,25.9,N,0
-23.9931,146.6605,314.4,1.4,1.2,2014-01-17,1517,Aqua,MODIS,54,6.2,294.8,18.1,N,0
-24.5869,148.9946,306.4,1.1,1,2014-01-17,1517,Aqua,MODIS,68,6.2,292.7,6.8,N,0
-24.5887,149.0053,307.8,1.1,1,2014-01-17,1517,Aqua,MODIS,73,6.2,293.2,7.9,N,0
-27.6166,141.6791,305.5,2.6,1.6,2014-01-17,1518,Aqua,MODIS,26,6.2,294.3,25,N,0
-27.6194,141.7614,306.3,2.6,1.6,2014-01-17,1518,Aqua,MODIS,45,6.2,293.1,24.9,N,0
-27.6249,141.7874,306.6,2.6,1.5,2014-01-17,1518,Aqua,MODIS,65,6.2,295.2,26.4,N,0
-27.7021,141.7392,304.5,2.6,1.6,2014-01-17,1518,Aqua,MODIS,59,6.2,293.2,22,N,0
-27.6911,141.7347,303.9,2.6,1.6,2014-01-17,1518,Aqua,MODIS,57,6.2,293.6,21.3,N,0
-29.1632,146.4054,316.8,1.2,1.1,2014-01-17,1518,Aqua,MODIS,94,6.2,297.5,17.6,N,0
-29.1709,146.3905,342,1.2,1.1,2014-01-17,1518,Aqua,MODIS,100,6.2,298.7,61.4,N,0
-29.1731,146.4032,326.9,1.2,1.1,2014-01-17,1518,Aqua,MODIS,100,6.2,298.1,31.1,N,0
-29.1809,146.3884,313.2,1.2,1.1,2014-01-17,1518,Aqua,MODIS,86,6.2,297.6,13.5,N,0
-29.183,146.401,320.5,1.2,1.1,2014-01-17,1518,Aqua,MODIS,100,6.2,297.4,22.2,N,0
-29.1951,146.4114,310.1,1.2,1.1,2014-01-17,1518,Aqua,MODIS,79,6.2,296,10.9,N,0
-29.161,146.3927,315.4,1.2,1.1,2014-01-17,1518,Aqua,MODIS,91,6.2,296.8,16.1,N,0
-30.121,148.3988,312.8,1,1,2014-01-17,1518,Aqua,MODIS,86,6.2,294.2,11.7,N,0
-28.748,147.1644,307.5,1.2,1.1,2014-01-17,1518,Aqua,MODIS,72,6.2,296.2,8.2,N,0
-32.715,150.6921,302.4,1.1,1,2014-01-17,1519,Aqua,MODIS,49,6.2,291.6,5.4,N,0
-32.6837,150.7446,307.2,1.1,1,2014-01-17,1519,Aqua,MODIS,37,6.2,292.3,7.5,N,0
-32.6744,150.7464,309.2,1.1,1,2014-01-17,1519,Aqua,MODIS,54,6.2,293,9,N,0
-33.2116,150.506,311.5,1.1,1,2014-01-17,1519,Aqua,MODIS,71,6.2,292.7,10.6,N,0
-32.5971,150.8599,307.8,1.1,1,2014-01-17,1519,Aqua,MODIS,21,6.2,292.5,8.1,N,0
-32.6064,150.8582,313.5,1.1,1,2014-01-17,1519,Aqua,MODIS,28,6.2,293,12,N,0
-33.2101,150.4944,305.4,1.1,1,2014-01-17,1519,Aqua,MODIS,25,6.2,291.8,6.1,N,0
-32.6439,150.8517,312.4,1.1,1,2014-01-17,1519,Aqua,MODIS,21,6.2,293.2,10.8,N,0
-33.1915,150.498,310,1.1,1,2014-01-17,1519,Aqua,MODIS,39,6.2,294,8.9,N,0
-37.2911,148.6568,307,1,1,2014-01-17,1520,Aqua,MODIS,33,6.2,295.9,5.4,N,0
-37.7772,147.3003,312.6,1,1,2014-01-17,1520,Aqua,MODIS,85,6.2,294.2,10.1,N,0
-37.4786,148.8933,367.1,1,1,2014-01-17,1520,Aqua,MODIS,100,6.2,307.6,106.9,N,0
-37.2689,148.4958,349.1,1,1,2014-01-17,1520,Aqua,MODIS,100,6.2,300.9,59.6,N,0
-37.5461,148.8492,313.3,1,1,2014-01-17,1520,Aqua,MODIS,87,6.2,298.3,9.9,N,0
-37.4691,148.8229,320.9,1,1,2014-01-17,1520,Aqua,MODIS,100,6.2,300.6,15,N,0
-37.3694,148.9699,351.5,1,1,2014-01-17,1520,Aqua,MODIS,100,6.2,304.2,66.6,N,0
-37.457,148.873,352.8,1,1,2014-01-17,1520,Aqua,MODIS,100,6.2,304.3,67.8,N,0
-37.4906,148.8425,331,1,1,2014-01-17,1520,Aqua,MODIS,100,6.2,302.8,27.1,N,0
-37.7828,147.2756,306,1,1,2014-01-17,1520,Aqua,MODIS,67,6.2,291.9,5.9,N,0
-37.7354,147.2583,334.8,1,1,2014-01-17,1520,Aqua,MODIS,100,6.2,295.1,34.3,N,0
-37.7755,147.289,315.3,1,1,2014-01-17,1520,Aqua,MODIS,77,6.2,294,11.7,N,0
-37.4478,148.8749,335.1,1,1,2014-01-17,1520,Aqua,MODIS,100,6.2,300.9,33.2,N,0
-37.4335,148.8848,309.1,1,1,2014-01-17,1520,Aqua,MODIS,60,6.2,299,5.6,N,0
-37.3552,147.4294,339.5,1,1,2014-01-17,1520,Aqua,MODIS,100,6.2,297.1,41.1,N,0
-37.7247,147.2491,342.8,1,1,2014-01-17,1520,Aqua,MODIS,100,6.2,296,46.8,N,0
-37.3411,147.3976,311,1,1,2014-01-17,1520,Aqua,MODIS,81,6.2,294.1,9.5,N,0
-37.4675,148.8111,321.7,1,1,2014-01-17,1520,Aqua,MODIS,100,6.2,299.7,15.8,N,0
-33.8001,140.5993,303,2.2,1.4,2014-01-17,1520,Aqua,MODIS,34,6.2,291.8,14.7,N,0
-37.4678,148.8831,384.8,1,1,2014-01-17,1520,Aqua,MODIS,100,6.2,314.6,177.3,N,0
-37.4694,148.895,333,1,1,2014-01-17,1520,Aqua,MODIS,100,6.2,303.5,30.1,N,0
-37.4615,148.8366,320.5,1,1,2014-01-17,1520,Aqua,MODIS,100,6.2,299.2,14.5,N,0
-37.4631,148.8481,352.8,1,1,2014-01-17,1520,Aqua,MODIS,100,6.2,305.5,66.6,N,0
-33.8078,140.5718,317.5,2.2,1.4,2014-01-17,1520,Aqua,MODIS,95,6.2,292.1,46.8,N,0
-33.8129,140.5954,320.6,2.2,1.4,2014-01-17,1520,Aqua,MODIS,100,6.2,292.1,56,N,0
-37.1817,148.3916,335.1,1,1,2014-01-17,1520,Aqua,MODIS,100,6.2,297.3,34.9,N,0
-37.2107,148.4143,307.3,1,1,2014-01-17,1520,Aqua,MODIS,71,6.2,296.1,6.2,N,0
-37.7281,147.2718,320.9,1,1,2014-01-17,1520,Aqua,MODIS,100,6.2,293.9,17.5,N,0
-37.4998,148.8407,373.1,1,1,2014-01-17,1520,Aqua,MODIS,100,6.2,307.7,128.7,N,0
-37.7337,147.247,324.8,1,1,2014-01-17,1520,Aqua,MODIS,100,6.2,293.8,21.6,N,0
-37.7191,147.2738,335.8,1,1,2014-01-17,1520,Aqua,MODIS,100,6.2,295,36,N,0
-37.4494,148.887,352.6,1,1,2014-01-17,1520,Aqua,MODIS,100,6.2,306.4,67.5,N,0
-37.5074,148.827,392,1,1,2014-01-17,1520,Aqua,MODIS,100,6.2,308.1,214.5,N,0
-33.9282,140.6294,304.1,2.2,1.4,2014-01-17,1520,Aqua,MODIS,31,6.2,290.5,16.1,N,0
-37.7264,147.2604,344.6,1,1,2014-01-17,1520,Aqua,MODIS,100,6.2,297.6,50.2,N,0
-37.4754,148.8697,333.7,1,1,2014-01-17,1520,Aqua,MODIS,100,6.2,301.9,29.6,N,0
-37.4738,148.8579,323.2,1,1,2014-01-17,1520,Aqua,MODIS,100,6.2,302.2,16.1,N,0
-37.3631,148.9769,317.6,1,1,2014-01-17,1520,Aqua,MODIS,95,6.2,301.5,13.1,N,0
-37.3321,147.3997,304.2,1,1,2014-01-17,1520,Aqua,MODIS,59,6.2,293.8,5.7,N,0
-37.2804,148.6473,308.8,1,1,2014-01-17,1520,Aqua,MODIS,63,6.2,295.7,6.6,N,0
-37.7862,147.2982,311.2,1,1,2014-01-17,1520,Aqua,MODIS,82,6.2,293.4,9.3,N,0
-37.4966,148.8168,370.6,1,1,2014-01-17,1520,Aqua,MODIS,100,6.2,308.1,119.9,N,0
-37.509,148.8389,349.6,1,1,2014-01-17,1520,Aqua,MODIS,100,6.2,301.1,60.8,N,0
-37.4346,147.4744,317,1,1,2014-01-17,1520,Aqua,MODIS,94,6.2,290.9,14.4,N,0
-37.3286,148.6672,307,1,1,2014-01-17,1520,Aqua,MODIS,70,6.2,296.9,6.1,N,0
-37.4426,148.8828,333,1,1,2014-01-17,1520,Aqua,MODIS,100,6.2,301.9,30.3,N,0
-37.371,148.9818,332.9,1,1,2014-01-17,1520,Aqua,MODIS,100,6.2,304.1,32,N,0
-37.3261,148.9128,311.9,1,1,2014-01-17,1520,Aqua,MODIS,84,6.2,298,8.7,N,0
-37.3338,147.411,310.8,1,1,2014-01-17,1520,Aqua,MODIS,81,6.2,294.6,10.1,N,0
-37.3469,148.6637,336.2,1,1,2014-01-17,1520,Aqua,MODIS,100,6.2,298.7,36,N,0
-37.2614,148.5092,323.1,1,1,2014-01-17,1520,Aqua,MODIS,100,6.2,298.9,18.5,N,0
-37.2812,148.517,382.2,1,1,2014-01-17,1520,Aqua,MODIS,100,6.2,297.9,164.7,N,0
-37.7845,147.2869,314.4,1,1,2014-01-17,1520,Aqua,MODIS,89,6.2,293.3,11.5,N,0
-37.2705,148.5073,316.8,1,1,2014-01-17,1520,Aqua,MODIS,74,6.2,297.8,12.1,N,0
-37.2736,148.5302,343.2,1,1,2014-01-17,1520,Aqua,MODIS,100,6.2,299.3,48.1,N,0
-37.4799,148.8328,369.5,1,1,2014-01-17,1520,Aqua,MODIS,100,6.2,305,115.5,N,0
-37.5138,148.874,311.2,1,1,2014-01-17,1520,Aqua,MODIS,50,6.2,296.3,6.6,N,0
-37.7738,147.2776,313.8,1,1,2014-01-17,1520,Aqua,MODIS,88,6.2,292.3,11.1,N,0
-37.3501,147.3956,322.9,1,1,2014-01-17,1520,Aqua,MODIS,100,6.2,293.8,19.2,N,0
-37.3608,147.4048,326,1,1,2014-01-17,1520,Aqua,MODIS,100,6.2,294.4,23.3,N,0
-37.3409,148.6889,329.3,1,1,2014-01-17,1520,Aqua,MODIS,100,6.2,300.1,26.7,N,0
-37.278,148.494,327.8,1,1,2014-01-17,1520,Aqua,MODIS,100,6.2,297.1,24.9,N,0
-37.3658,147.4386,311.2,1,1,2014-01-17,1520,Aqua,MODIS,81,6.2,291.9,8.8,N,0
-37.4982,148.8288,447.2,1,1,2014-01-17,1520,Aqua,MODIS,100,6.2,327.2,703.5,N,0
-37.4878,148.8912,327.7,1,1,2014-01-17,1520,Aqua,MODIS,100,6.2,301,22.4,N,0
-37.4826,148.7835,336.8,1,1,2014-01-17,1520,Aqua,MODIS,100,6.2,298.8,35.8,N,0
-37.495,148.8052,364.7,1,1,2014-01-17,1520,Aqua,MODIS,100,6.2,305.7,100.5,N,0
-37.3445,147.4202,314.7,1,1,2014-01-17,1520,Aqua,MODIS,65,6.2,295.2,11.6,N,0
-37.4934,148.7935,345.7,1,1,2014-01-17,1520,Aqua,MODIS,100,6.2,300.4,52.4,N,0
-37.2796,148.5055,312.1,1,1,2014-01-17,1520,Aqua,MODIS,15,6.2,295.7,9,N,0
-37.7174,147.2625,360.7,1,1,2014-01-17,1520,Aqua,MODIS,100,6.2,297.2,87.1,N,0
-37.3302,148.6789,340.4,1,1,2014-01-17,1520,Aqua,MODIS,100,6.2,301.1,44.4,N,0
-37.3642,147.4273,328.7,1,1,2014-01-17,1520,Aqua,MODIS,100,6.2,294.8,25.6,N,0
-37.7157,147.2512,330.4,1,1,2014-01-17,1520,Aqua,MODIS,100,6.2,292.4,28.4,N,0
-37.7721,147.2663,304.4,1,1,2014-01-17,1520,Aqua,MODIS,57,6.2,290.2,4.7,N,0
-37.2827,148.5284,413.7,1,1,2014-01-17,1520,Aqua,MODIS,100,6.2,305.2,352.9,N,0
-37.282,148.6589,354.7,1,1,2014-01-17,1520,Aqua,MODIS,100,6.2,301.4,73.3,N,0
-37.5153,148.8855,336.4,1,1,2014-01-17,1520,Aqua,MODIS,100,6.2,301,36.1,N,0
-37.477,148.8814,399.6,1,1,2014-01-17,1520,Aqua,MODIS,100,6.2,313.8,257.6,N,0
-37.3518,147.4068,322.8,1,1,2014-01-17,1520,Aqua,MODIS,100,6.2,295.7,18.9,N,0
-37.3485,148.6754,360.6,1,1,2014-01-17,1520,Aqua,MODIS,100,6.2,304.5,88.5,N,0
-37.7675,147.2861,310.7,1,1,2014-01-17,1520,Aqua,MODIS,72,6.2,292.6,9,N,0
-37.4735,148.7856,356.1,1,1,2014-01-17,1520,Aqua,MODIS,100,6.2,302.9,75.4,N,0
-37.723,147.2378,312.6,1,1,2014-01-17,1520,Aqua,MODIS,85,6.2,291.6,10.2,N,0
-37.5058,148.8151,351.8,1,1,2014-01-17,1520,Aqua,MODIS,100,6.2,302,65.9,N,0
-37.4586,148.8849,345.4,1,1,2014-01-17,1520,Aqua,MODIS,100,6.2,305.3,51.8,N,0
-37.3576,148.6736,309.9,1,1,2014-01-17,1520,Aqua,MODIS,79,6.2,295.1,8.5,N,0
-37.3318,148.6908,318.8,1,1,2014-01-17,1520,Aqua,MODIS,97,6.2,298.5,15.7,N,0
-37.3428,147.4089,325.7,1,1,2014-01-17,1520,Aqua,MODIS,100,6.2,296.3,22.9,N,0
-37.3377,148.6655,335,1,1,2014-01-17,1520,Aqua,MODIS,100,6.2,298.9,34.3,N,0
-37.4874,148.8188,347.8,1,1,2014-01-17,1520,Aqua,MODIS,100,6.2,304.3,56.1,N,0
-37.4767,148.8093,462.2,1,1,2014-01-17,1520,Aqua,MODIS,100,6.2,330,918.4,N,0
-37.2597,148.4976,343.7,1,1,2014-01-17,1520,Aqua,MODIS,100,6.2,299.6,48.3,N,0
-37.3973,148.689,310,1,1,2014-01-17,1520,Aqua,MODIS,79,6.2,294.4,8.2,N,0
-37.2729,148.6609,350.5,1,1,2014-01-17,1520,Aqua,MODIS,100,6.2,300,63.1,N,0
-37.3461,147.4315,320.5,1,1,2014-01-17,1520,Aqua,MODIS,100,6.2,294.6,17.4,N,0
-37.3625,147.4161,330.4,1,1,2014-01-17,1520,Aqua,MODIS,100,6.2,296.1,27.8,N,0
-37.2714,148.6494,321.5,1,1,2014-01-17,1520,Aqua,MODIS,100,6.2,295.8,17.3,N,0
-37.4893,148.9028,421.4,1,1,2014-01-17,1520,Aqua,MODIS,100,6.2,315.6,423.9,N,0
-37.3568,147.4407,306.6,1,1,2014-01-17,1520,Aqua,MODIS,61,6.2,293,5.8,N,0
-37.2721,148.5189,338.3,1,1,2014-01-17,1520,Aqua,MODIS,100,6.2,297.3,39,N,0
-37.3989,148.7005,338.4,1,1,2014-01-17,1520,Aqua,MODIS,100,6.2,298.9,40.8,N,0
-37.4858,148.8071,343,1,1,2014-01-17,1520,Aqua,MODIS,100,6.2,303.9,46.4,N,0
-37.3882,148.6909,305.1,1,1,2014-01-17,1520,Aqua,MODIS,31,6.2,294.6,4.7,N,0
-37.3535,147.4181,324.2,1,1,2014-01-17,1520,Aqua,MODIS,100,6.2,296.2,19.4,N,0
-37.4437,147.4724,307.1,1,1,2014-01-17,1520,Aqua,MODIS,70,6.2,291.4,7.1,N,0
-37.3501,148.6871,327.5,1,1,2014-01-17,1520,Aqua,MODIS,100,6.2,297,24.4,N,0
-37.4751,148.7975,413,1,1,2014-01-17,1520,Aqua,MODIS,100,6.2,311.8,350.2,N,0
-37.7444,147.2562,301,1,1,2014-01-17,1520,Aqua,MODIS,37,6.2,290.7,3.3,N,0
-37.4627,148.7759,307.2,1,1,2014-01-17,1520,Aqua,MODIS,12,6.2,296,4.8,N,0
-37.4909,148.9149,386.2,1,1,2014-01-17,1520,Aqua,MODIS,100,6.2,308.4,186.2,N,0
-37.2673,148.4844,308.6,1,1,2014-01-17,1520,Aqua,MODIS,75,6.2,295,6.6,N,0
-37.4831,148.8563,317.4,1,1,2014-01-17,1520,Aqua,MODIS,93,6.2,297.9,11.5,N,0
-37.489,148.8307,419.1,1,1,2014-01-17,1520,Aqua,MODIS,100,6.2,315.3,402.1,N,0
-37.3393,148.6771,352.7,1,1,2014-01-17,1520,Aqua,MODIS,100,6.2,304.9,68.2,N,0
-37.3898,148.7025,311.7,1,1,2014-01-17,1520,Aqua,MODIS,83,6.2,295.6,9.1,N,0
-37.3732,147.4253,311.9,1,1,2014-01-17,1520,Aqua,MODIS,84,6.2,290.3,9.8,N,0
-37.4783,148.821,348.9,1,1,2014-01-17,1520,Aqua,MODIS,100,6.2,306.1,58.1,N,0
-37.4802,148.905,414.9,1,1,2014-01-17,1520,Aqua,MODIS,100,6.2,319.9,368.5,N,0
-37.7371,147.2697,311.1,1,1,2014-01-17,1520,Aqua,MODIS,82,6.2,292.2,9.5,N,0
-37.4842,148.7952,347.4,1,1,2014-01-17,1520,Aqua,MODIS,100,6.2,303.2,54.2,N,0
-37.4818,148.9168,355.7,1,1,2014-01-17,1520,Aqua,MODIS,100,6.2,305.6,75,N,0
-37.4719,148.7738,346.5,1,1,2014-01-17,1520,Aqua,MODIS,100,6.2,300.3,54,N,0
-37.3381,148.7371,316.6,1,1,2014-01-17,1520,Aqua,MODIS,93,6.2,295.8,14.3,N,0
-37.4723,148.8464,316.7,1,1,2014-01-17,1520,Aqua,MODIS,94,6.2,299,9.7,N,0
-37.4646,148.8596,324.5,1,1,2014-01-17,1520,Aqua,MODIS,100,6.2,302.6,17.8,N,0
-37.4662,148.8713,355.9,1,1,2014-01-17,1520,Aqua,MODIS,100,6.2,305.2,73.6,N,0
-37.4363,147.4857,301.1,1,1,2014-01-17,1520,Aqua,MODIS,9,6.2,290.6,3.4,N,0
-37.5042,148.8034,313.9,1,1,2014-01-17,1520,Aqua,MODIS,88,6.2,297.9,9.4,N,0
-36.6644,147.7396,313.6,1,1,2014-01-17,1520,Aqua,MODIS,87,6.2,294.2,10.9,N,0
-36.666,147.7508,319.3,1,1,2014-01-17,1520,Aqua,MODIS,98,6.2,295.7,15.5,N,0
-36.6767,147.76,331.7,1,1,2014-01-17,1520,Aqua,MODIS,100,6.2,296.9,29.8,N,0
-36.6857,147.758,341.4,1,1,2014-01-17,1520,Aqua,MODIS,100,6.2,298.5,44.9,N,0
-36.6947,147.756,304.4,1,1,2014-01-17,1520,Aqua,MODIS,34,6.2,292.6,5.4,N,0
-36.675,147.7488,315.3,1,1,2014-01-17,1520,Aqua,MODIS,85,6.2,295,11.6,N,0
-36.684,147.7468,335.2,1,1,2014-01-17,1520,Aqua,MODIS,100,6.2,296.6,34.5,N,0
-36.6554,147.7416,336.7,1,1,2014-01-17,1520,Aqua,MODIS,100,6.2,296,37.1,N,0
-36.657,147.7528,327.4,1,1,2014-01-17,1520,Aqua,MODIS,100,6.2,296,24.4,N,0
-31.3899,120.6301,303.6,2.6,1.6,2014-01-17,1522,Terra,MODIS,56,6.2,291.2,25.2,N,0
-31.3865,120.6226,304.4,2.6,1.6,2014-01-17,1522,Terra,MODIS,60,6.2,291.1,27.2,N,0
-31.386,120.6326,303.3,1.3,1.1,2014-01-17,1658,Aqua,MODIS,55,6.2,291.3,8.1,N,0
-31.3939,120.6253,313.2,1.3,1.1,2014-01-17,1658,Aqua,MODIS,86,6.2,291.7,17.5,N,0
-18.8266,144.7654,324.5,1,1,2014-01-18,0040,Terra,MODIS,50,6.2,303.5,9.3,D,0
-17.2315,145.2479,331.5,1,1,2014-01-18,0040,Terra,MODIS,80,6.2,296.8,19.4,D,0
-18.8432,144.7531,340.2,1,1,2014-01-18,0040,Terra,MODIS,86,6.2,306.9,30.1,D,0
-22.1503,149.1513,347,1.7,1.3,2014-01-18,0041,Terra,MODIS,93,6.2,301.4,108.4,D,0
-23.8111,146.4155,342.7,1.2,1.1,2014-01-18,0041,Terra,MODIS,87,6.2,306.5,44.7,D,0
-23.7981,146.393,325,1.2,1.1,2014-01-18,0041,Terra,MODIS,29,6.2,304.1,15.2,D,0
-23.8095,146.4036,344.7,1.2,1.1,2014-01-18,0041,Terra,MODIS,89,6.2,305.9,51.4,D,0
-22.1523,149.1684,326.3,1.7,1.3,2014-01-18,0041,Terra,MODIS,60,6.2,296.7,36.8,D,0
-22.158,149.1444,353,1.7,1.3,2014-01-18,0041,Terra,MODIS,96,6.2,303.3,130,D,0
-22.1482,149.1627,328.6,1.7,1.3,2014-01-18,0041,Terra,MODIS,59,6.2,297.3,42.2,D,0
-23.7996,146.405,334.4,1.2,1.1,2014-01-18,0041,Terra,MODIS,76,6.2,305.5,28.3,D,0
-23.9179,146.4551,328.9,1.2,1.1,2014-01-18,0041,Terra,MODIS,43,6.2,311.3,12.1,D,0
-23.9175,146.4485,330,1.2,1.1,2014-01-18,0041,Terra,MODIS,34,6.2,309.6,13.2,D,0
-23.9389,146.4576,334.9,1.2,1.1,2014-01-18,0041,Terra,MODIS,76,6.2,307.2,23.7,D,0
-23.9473,146.4442,331.4,1.2,1.1,2014-01-18,0041,Terra,MODIS,61,6.2,307.3,19.5,D,0
-23.9488,146.4563,332.1,1.2,1.1,2014-01-18,0041,Terra,MODIS,61,6.2,306.9,20.5,D,0
-23.9572,146.4428,340.7,1.2,1.1,2014-01-18,0041,Terra,MODIS,85,6.2,305.8,41,D,0
-23.9864,146.6746,334.7,1.3,1.1,2014-01-18,0041,Terra,MODIS,65,6.2,305.7,24.7,D,0
-27.6107,141.6898,361.4,1,1,2014-01-18,0042,Terra,MODIS,75,6.2,322.8,62.2,D,0
-27.617,141.7307,362.8,1,1,2014-01-18,0042,Terra,MODIS,96,6.2,324.5,60.8,D,0
-27.6185,141.7408,454.8,1,1,2014-01-18,0042,Terra,MODIS,100,6.2,338.9,749.7,D,0
-27.6201,141.751,356.8,1,1,2014-01-18,0042,Terra,MODIS,97,6.2,326.4,41,D,0
-27.6216,141.7612,355.3,1,1,2014-01-18,0042,Terra,MODIS,96,6.2,328.3,37.3,D,0
-27.6232,141.7714,377.1,1,1,2014-01-18,0042,Terra,MODIS,100,6.2,326.2,106.7,D,0
-27.6247,141.7816,355.3,1,1,2014-01-18,0042,Terra,MODIS,96,6.2,324.9,38.8,D,0
-25.232,150.0134,320.6,2.2,1.4,2014-01-18,0042,Terra,MODIS,40,6.2,299.4,28.2,D,0
-25.2301,150.0068,321.3,2.2,1.4,2014-01-18,0042,Terra,MODIS,47,6.2,298.7,29.7,D,0
-27.7671,141.6897,351,1,1,2014-01-18,0043,Terra,MODIS,93,6.2,325.4,29.3,D,0
-29.1581,146.412,333,1.4,1.2,2014-01-18,0043,Terra,MODIS,35,6.2,318,12.7,D,0
-29.1688,146.4105,340.9,1.4,1.2,2014-01-18,0043,Terra,MODIS,81,6.2,317.9,33.1,D,0
-29.1777,146.3945,404.8,1.4,1.2,2014-01-18,0043,Terra,MODIS,100,6.2,324.3,427.7,D,0
-29.1794,146.409,387.7,1.4,1.2,2014-01-18,0043,Terra,MODIS,100,6.2,318.7,270.1,D,0
-29.1671,146.396,342.3,1.4,1.2,2014-01-18,0043,Terra,MODIS,83,6.2,320.1,38.4,D,0
-34.4976,139.1919,330.8,1,1,2014-01-18,0044,Terra,MODIS,46,6.2,303.1,15.3,D,0
-35.7622,149.815,321.4,2.8,1.6,2014-01-18,0044,Terra,MODIS,39,6.2,302.8,46.4,D,0
-35.7632,149.8086,321.1,2.8,1.6,2014-01-18,0044,Terra,MODIS,40,6.2,302.6,47.3,D,0
-34.4626,139.1947,325.8,1,1,2014-01-18,0044,Terra,MODIS,64,6.2,301.8,10.1,D,0
-35.0172,141.3051,332.8,1,1,2014-01-18,0044,Terra,MODIS,56,6.2,308.4,15.5,D,0
-35.0156,141.294,335.3,1,1,2014-01-18,0044,Terra,MODIS,69,6.2,306,19.5,D,0
-35.0065,141.2958,332.9,1,1,2014-01-18,0044,Terra,MODIS,70,6.2,305.1,17.7,D,0
-34.8724,140.4298,338.6,1,1,2014-01-18,0044,Terra,MODIS,85,6.2,309.5,22.6,D,0
-34.8479,140.509,332.7,1,1,2014-01-18,0044,Terra,MODIS,67,6.2,309.1,10.7,D,0
-34.8615,140.5449,338.1,1,1,2014-01-18,0044,Terra,MODIS,82,6.2,309.8,20.1,D,0
-34.8599,140.5339,333.2,1,1,2014-01-18,0044,Terra,MODIS,64,6.2,309,12.6,D,0
-35.0353,141.3014,344.1,1,1,2014-01-18,0044,Terra,MODIS,89,6.2,308.9,34.2,D,0
-36.8467,142.4288,342.9,1.1,1.1,2014-01-18,0045,Terra,MODIS,89,6.2,305.9,36.4,D,0
-37.111,142.2384,333.5,1.1,1,2014-01-18,0045,Terra,MODIS,55,6.2,306.3,19,D,0
-37.1357,142.4374,328.7,1.1,1.1,2014-01-18,0045,Terra,MODIS,57,6.2,298.6,24.2,D,0
-35.5886,142.0595,349.8,1.1,1,2014-01-18,0045,Terra,MODIS,93,6.2,311.6,45.1,D,0
-36.992,142.5174,332.3,1.1,1.1,2014-01-18,0045,Terra,MODIS,68,6.2,304.7,18.9,D,0
-35.587,142.0478,336.2,1.1,1,2014-01-18,0045,Terra,MODIS,71,6.2,311,19,D,0
-37,142.5029,343.1,1.1,1.1,2014-01-18,0045,Terra,MODIS,89,6.2,303.5,38.8,D,0
-37.0631,142.5103,348.2,1.1,1.1,2014-01-18,0045,Terra,MODIS,93,6.2,301.4,53.8,D,0
-35.5978,141.9859,340.8,1.1,1,2014-01-18,0045,Terra,MODIS,86,6.2,311.9,27.7,D,0
-36.9824,142.5192,326.9,1.1,1.1,2014-01-18,0045,Terra,MODIS,40,6.2,304.8,10.5,D,0
-35.2358,142.2361,330.3,1.1,1,2014-01-18,0045,Terra,MODIS,59,6.2,307.8,8.8,D,0
-35.5762,142.0379,336.5,1.1,1,2014-01-18,0045,Terra,MODIS,82,6.2,309.4,20.4,D,0
-36.9698,142.4958,331.8,1.1,1.1,2014-01-18,0045,Terra,MODIS,66,6.2,306.1,16.1,D,0
-36.9809,142.5066,335.5,1.1,1.1,2014-01-18,0045,Terra,MODIS,75,6.2,306.1,23,D,0
-36.8814,142.4418,348.9,1.1,1.1,2014-01-18,0045,Terra,MODIS,93,6.2,305.2,46.2,D,0
-36.8451,142.4163,325.1,1.1,1,2014-01-18,0045,Terra,MODIS,62,6.2,304.2,7.8,D,0
-37.1125,142.2508,331.2,1.1,1,2014-01-18,0045,Terra,MODIS,31,6.2,307.5,14,D,0
-35.5979,142.0577,334,1.1,1,2014-01-18,0045,Terra,MODIS,66,6.2,311,14.4,D,0
-37.133,142.7592,340.7,1.1,1.1,2014-01-18,0045,Terra,MODIS,88,6.2,304.1,36.3,D,0
-37.1233,142.7612,324.8,1.1,1.1,2014-01-18,0045,Terra,MODIS,29,6.2,301.7,9.1,D,0
-35.4213,141.8485,351.7,1,1,2014-01-18,0045,Terra,MODIS,78,6.2,306.9,57.5,D,0
-35.3543,141.8211,338.2,1,1,2014-01-18,0045,Terra,MODIS,72,6.2,306.4,30.4,D,0
-35.6601,142.0512,346.9,1.1,1,2014-01-18,0045,Terra,MODIS,91,6.2,312.2,38.1,D,0
-35.6369,141.8766,331.3,1,1,2014-01-18,0045,Terra,MODIS,41,6.2,312.2,11.2,D,0
-35.623,142.0584,336.1,1.1,1,2014-01-18,0045,Terra,MODIS,76,6.2,311.8,21.2,D,0
-35.5993,141.9976,330.2,1.1,1,2014-01-18,0045,Terra,MODIS,66,6.2,309.6,10.3,D,0
-36.9787,143.2461,336.2,1.2,1.1,2014-01-18,0045,Terra,MODIS,83,6.2,304.6,29.8,D,0
-36.8846,142.4669,333.2,1.1,1.1,2014-01-18,0045,Terra,MODIS,60,6.2,308.7,15.4,D,0
-36.883,142.4543,336.4,1.1,1.1,2014-01-18,0045,Terra,MODIS,81,6.2,308,19.9,D,0
-36.8515,142.4663,334.5,1.1,1.1,2014-01-18,0045,Terra,MODIS,43,6.2,308.1,18.8,D,0
-35.5778,142.0496,343.9,1.1,1,2014-01-18,0045,Terra,MODIS,89,6.2,309.3,32.8,D,0
-36.9904,142.5048,340.7,1.1,1.1,2014-01-18,0045,Terra,MODIS,87,6.2,305.9,32.4,D,0
-37.343,148.6668,312.7,2.5,1.5,2014-01-18,0045,Terra,MODIS,68,6.2,295.4,28.7,D,0
-37.271,148.5342,320.1,2.4,1.5,2014-01-18,0045,Terra,MODIS,55,6.2,293.5,50.8,D,0
-37.4859,148.8191,334.6,2.5,1.5,2014-01-18,0045,Terra,MODIS,75,6.2,296.9,110.9,D,0
-37.4784,148.911,323.4,2.6,1.5,2014-01-18,0045,Terra,MODIS,72,6.2,294.8,62.8,D,0
-37.4882,148.8505,333.3,2.5,1.5,2014-01-18,0045,Terra,MODIS,60,6.2,295.7,98.5,D,0
-37.269,148.5067,319.5,2.4,1.5,2014-01-18,0045,Terra,MODIS,77,6.2,294,49.1,D,0
-37.4762,148.8801,320.2,2.6,1.5,2014-01-18,0045,Terra,MODIS,50,6.2,294,47.4,D,0
-21.0884,121.2547,340.2,1.1,1,2014-01-18,0219,Terra,MODIS,85,6.2,299.8,30.8,D,0
-21.0978,121.2533,329.4,1.1,1,2014-01-18,0219,Terra,MODIS,18,6.2,295.3,14.8,D,0
-21.302,117.043,328.1,1.1,1.1,2014-01-18,0220,Terra,MODIS,44,6.2,308.3,8.7,D,0
-21.3114,117.0413,332.3,1.1,1.1,2014-01-18,0220,Terra,MODIS,68,6.2,309.1,14.1,D,0
-22.2369,117.4629,331.5,1.1,1,2014-01-18,0220,Terra,MODIS,45,6.2,313.4,7.9,D,0
-22.2337,117.4428,349.8,1.1,1,2014-01-18,0220,Terra,MODIS,92,6.2,314.4,41.6,D,0
-22.2353,117.4529,366.6,1.1,1,2014-01-18,0220,Terra,MODIS,100,6.2,316.2,88.9,D,0
-22.3445,118.1615,343.2,1,1,2014-01-18,0220,Terra,MODIS,85,6.2,314.1,26.8,D,0
-27.2831,122.6618,347.5,1.5,1.2,2014-01-18,0221,Terra,MODIS,91,6.2,306,77.3,D,0
-27.2814,122.6463,338.7,1.5,1.2,2014-01-18,0221,Terra,MODIS,83,6.2,304.9,47.1,D,0
-31.4737,120.5792,336.8,1.3,1.1,2014-01-18,0222,Terra,MODIS,45,6.2,320,29.4,D,0
-31.484,120.5776,370.5,1.3,1.1,2014-01-18,0222,Terra,MODIS,100,6.2,311.5,147.8,D,0
-31.4856,120.5914,395.3,1.3,1.1,2014-01-18,0222,Terra,MODIS,100,6.2,319.2,303.7,D,0
-31.4872,120.6053,386.1,1.3,1.1,2014-01-18,0222,Terra,MODIS,100,6.2,320.3,233.9,D,0
-30.8614,121.4973,332.7,1.4,1.2,2014-01-18,0222,Terra,MODIS,77,6.2,312.9,26.8,D,2
-30.8721,121.4956,326.6,1.4,1.2,2014-01-18,0222,Terra,MODIS,46,6.2,311.4,13,D,2
-30.8644,121.4909,336.9,1.4,1.2,2014-01-18,0222,Terra,MODIS,82,6.2,312.4,36.8,D,2
-37.4923,148.8992,331.4,3.3,1.7,2014-01-18,0321,Aqua,MODIS,64,6.2,296.7,134.3,D,0
-37.277,148.5177,315.6,3.5,1.8,2014-01-18,0322,Aqua,MODIS,54,6.2,294.1,64.7,D,0
-35.7718,149.7908,320.2,2.8,1.6,2014-01-18,0322,Aqua,MODIS,60,6.2,303.2,46.8,D,0
-32.8009,150.69,354.5,2.3,1.5,2014-01-18,0323,Aqua,MODIS,96,6.2,310.7,207.6,D,0
-33.2167,150.5086,326.6,2.4,1.5,2014-01-18,0323,Aqua,MODIS,69,6.2,308.7,48.7,D,0
-32.6488,150.8314,328.5,2.2,1.4,2014-01-18,0323,Aqua,MODIS,59,6.2,307.1,50.8,D,0
-32.6031,150.7717,323,2.2,1.4,2014-01-18,0323,Aqua,MODIS,28,6.2,305.4,28.5,D,0
-32.6583,150.8376,330.4,2.2,1.4,2014-01-18,0323,Aqua,MODIS,74,6.2,307.6,61.5,D,0
-32.6603,150.8133,326.2,2.2,1.4,2014-01-18,0323,Aqua,MODIS,52,6.2,306.1,44,D,0
-32.5967,150.8435,324.1,2.2,1.4,2014-01-18,0323,Aqua,MODIS,42,6.2,308.9,35.4,D,0
-33.2054,150.4795,332.6,2.4,1.5,2014-01-18,0323,Aqua,MODIS,79,6.2,307.3,73.9,D,0
-32.6619,150.8331,329.2,2.2,1.4,2014-01-18,0323,Aqua,MODIS,70,6.2,307,56,D,0
-33.2187,150.4838,341.9,2.4,1.5,2014-01-18,0323,Aqua,MODIS,88,6.2,309.8,127.1,D,0
-32.6337,150.8536,335.5,2.2,1.4,2014-01-18,0323,Aqua,MODIS,68,6.2,308.6,78,D,0
-32.8028,150.6664,356.2,2.3,1.5,2014-01-18,0323,Aqua,MODIS,97,6.2,309.2,224.2,D,0
-23.7949,146.3686,341,3.6,1.8,2014-01-18,0325,Aqua,MODIS,84,6.2,299.3,224,D,0
-23.8402,146.4084,326.4,3.6,1.8,2014-01-18,0325,Aqua,MODIS,62,6.2,298.3,73.3,D,0
-23.8321,146.4122,327.1,3.6,1.8,2014-01-18,0325,Aqua,MODIS,67,6.2,298.3,78.7,D,0
-23.8081,146.4056,333.8,3.6,1.8,2014-01-18,0325,Aqua,MODIS,75,6.2,303.1,140.6,D,0
-23.792,146.4041,328.6,3.6,1.8,2014-01-18,0325,Aqua,MODIS,47,6.2,303,106.7,D,0
-23.8241,146.4074,324.2,3.6,1.8,2014-01-18,0325,Aqua,MODIS,54,6.2,299.3,58,D,0
-23.273,150.1496,318,1.9,1.3,2014-01-18,0325,Aqua,MODIS,26,6.2,297.3,18.2,D,0
-25.6511,151.2883,328,1.7,1.3,2014-01-18,0325,Aqua,MODIS,41,6.2,309.9,29.5,D,0
-23.3708,149.8186,328.6,2,1.4,2014-01-18,0325,Aqua,MODIS,63,6.2,303,44.9,D,0
-24.0745,151.2428,322.9,1.6,1.2,2014-01-18,0325,Aqua,MODIS,61,6.2,302.2,25.8,D,0
-24.0062,146.6831,376.9,3.4,1.7,2014-01-18,0325,Aqua,MODIS,100,6.2,299.4,758.1,D,0
-24.0089,146.6488,384.1,3.4,1.7,2014-01-18,0325,Aqua,MODIS,100,6.2,303.8,937.8,D,0
-23.9904,146.6813,333.9,3.4,1.7,2014-01-18,0325,Aqua,MODIS,83,6.2,300.3,117.1,D,0
-23.9931,146.6471,336,3.4,1.7,2014-01-18,0325,Aqua,MODIS,85,6.2,302,131,D,0
-24.0127,146.6791,385.2,3.4,1.7,2014-01-18,0325,Aqua,MODIS,100,6.2,297.9,967.3,D,0
-24.0157,146.6447,373.6,3.4,1.7,2014-01-18,0325,Aqua,MODIS,100,6.2,303.9,690.4,D,0
-23.997,146.6774,326.9,3.4,1.7,2014-01-18,0325,Aqua,MODIS,74,6.2,299.9,67,D,0
-23.9999,146.643,327,3.4,1.7,2014-01-18,0325,Aqua,MODIS,67,6.2,302.3,64.7,D,0
-23.9812,146.6757,351.2,3.4,1.7,2014-01-18,0325,Aqua,MODIS,95,6.2,303,306.7,D,0
-23.9841,146.6416,350.1,3.4,1.7,2014-01-18,0325,Aqua,MODIS,94,6.2,303.3,291.8,D,0
-23.0619,149.9606,321.8,1.9,1.4,2014-01-18,0325,Aqua,MODIS,30,6.2,302.2,20.3,D,0
-23.0253,149.9112,328.1,1.9,1.4,2014-01-18,0325,Aqua,MODIS,43,6.2,299.4,42.5,D,0
-23.0273,149.8922,329,1.9,1.4,2014-01-18,0325,Aqua,MODIS,55,6.2,299.3,46,D,0
-23.0149,149.8913,337,1.9,1.4,2014-01-18,0325,Aqua,MODIS,82,6.2,295.7,81.8,D,0
-22.1994,149.1332,343.1,2.1,1.4,2014-01-18,0326,Aqua,MODIS,90,6.2,301.2,108.5,D,0
-22.145,149.1638,330.8,2.1,1.4,2014-01-18,0326,Aqua,MODIS,60,6.2,303.5,49.1,D,0
-22.1459,149.1482,348.8,2.1,1.4,2014-01-18,0326,Aqua,MODIS,94,6.2,303.4,138,D,0
-22.16,149.1447,344.5,2.1,1.4,2014-01-18,0326,Aqua,MODIS,91,6.2,305.9,110.9,D,0
-21.5053,148.832,320.7,2.2,1.4,2014-01-18,0326,Aqua,MODIS,61,6.2,298.7,42.9,D,0
-22.1472,149.1431,349.9,2.1,1.4,2014-01-18,0326,Aqua,MODIS,94,6.2,303.7,150.5,D,0
-22.2016,149.1124,325.8,2.1,1.4,2014-01-18,0326,Aqua,MODIS,40,6.2,301.6,36.1,D,0
-22.1609,149.1283,344.4,2.1,1.4,2014-01-18,0326,Aqua,MODIS,86,6.2,303.7,109.7,D,0
-21.0719,146.8247,328.5,3.1,1.7,2014-01-18,0326,Aqua,MODIS,62,6.2,304.1,64.7,D,0
-22.1587,149.1501,346.7,2.1,1.4,2014-01-18,0326,Aqua,MODIS,92,6.2,305.9,119.6,D,0
-18.2768,144.7674,310.9,4,1.9,2014-01-18,0327,Aqua,MODIS,31,6.2,279.1,42.8,D,0
-18.8526,144.7365,330.5,4.1,1.9,2014-01-18,0327,Aqua,MODIS,83,6.2,294.3,139.8,D,0
-18.2897,144.7649,312.4,4,1.9,2014-01-18,0327,Aqua,MODIS,41,6.2,282.2,49.8,D,0
-37.3451,147.3923,318.5,3.8,1.8,2014-01-18,0459,Aqua,MODIS,48,6.2,287,97.9,D,0
-37.4837,146.7722,317.8,3.5,1.8,2014-01-18,0459,Aqua,MODIS,69,6.2,293.6,75.8,D,0
-37.2715,148.4749,324.1,4.4,1.9,2014-01-18,0459,Aqua,MODIS,48,6.2,290.8,170,D,0
-37.3488,147.3981,325.5,3.8,1.8,2014-01-18,0459,Aqua,MODIS,76,6.2,289.5,148.8,D,0
-37.4747,146.7752,317,3.5,1.8,2014-01-18,0459,Aqua,MODIS,67,6.2,293.4,71.7,D,0
-35.3576,141.8033,341.5,2,1.4,2014-01-18,0500,Aqua,MODIS,86,6.2,305.7,71.5,D,0
-35.5885,142.0333,349.2,2,1.4,2014-01-18,0500,Aqua,MODIS,92,6.2,308.8,109.2,D,0
-35.5977,141.9896,341.8,2,1.4,2014-01-18,0500,Aqua,MODIS,86,6.2,306.7,72.9,D,0
-35.5715,142.0513,410.2,2,1.4,2014-01-18,0500,Aqua,MODIS,100,6.2,312.4,843.6,D,0
-35.5762,142.0294,386.5,2,1.4,2014-01-18,0500,Aqua,MODIS,100,6.2,311.8,448.8,D,0
-34.9654,140.4829,340.4,1.7,1.3,2014-01-18,0500,Aqua,MODIS,84,6.2,313,33.2,D,0
-34.9689,140.4648,343.7,1.7,1.3,2014-01-18,0500,Aqua,MODIS,87,6.2,310.6,45.3,D,0
-34.9327,140.5897,335,1.7,1.3,2014-01-18,0500,Aqua,MODIS,58,6.2,305.7,31.4,D,0
-35.5841,142.0503,352.9,2,1.4,2014-01-18,0500,Aqua,MODIS,95,6.2,304.8,136.6,D,0
-35.5887,142.0283,341.5,2,1.4,2014-01-18,0500,Aqua,MODIS,82,6.2,308.5,67.8,D,0
-34.8813,140.432,335.2,1.7,1.3,2014-01-18,0500,Aqua,MODIS,66,6.2,309.6,24.6,D,0
-34.882,140.4201,335.8,1.7,1.3,2014-01-18,0500,Aqua,MODIS,75,6.2,308.8,26.1,D,0
-34.9076,140.3515,334.1,1.7,1.3,2014-01-18,0500,Aqua,MODIS,75,6.2,309.2,21.2,D,0
-34.9188,140.3548,335.1,1.7,1.3,2014-01-18,0500,Aqua,MODIS,66,6.2,309.5,22.2,D,0
-34.9428,140.4763,341.8,1.7,1.3,2014-01-18,0500,Aqua,MODIS,85,6.2,309.3,40.8,D,0
-35.3268,141.8095,334.1,2,1.4,2014-01-18,0500,Aqua,MODIS,76,6.2,306.7,41.2,D,0
-35.3223,141.8311,339.8,2,1.4,2014-01-18,0500,Aqua,MODIS,80,6.2,305.3,70.3,D,0
-35.339,141.8133,423.5,2,1.4,2014-01-18,0500,Aqua,MODIS,100,6.2,322.1,1105.6,D,0
-35.3345,141.8349,447.8,2,1.4,2014-01-18,0500,Aqua,MODIS,100,6.2,317.8,1825.1,D,0
-35.3556,141.7955,332.4,2,1.4,2014-01-18,0500,Aqua,MODIS,65,6.2,306.3,33.7,D,0
-35.3512,141.8172,362.4,2,1.4,2014-01-18,0500,Aqua,MODIS,100,6.2,309.9,203.2,D,0
-35.3467,141.8387,344.3,2,1.4,2014-01-18,0500,Aqua,MODIS,88,6.2,304.6,97.1,D,0
-36.8946,142.435,373.4,2,1.4,2014-01-18,0500,Aqua,MODIS,100,6.2,300.7,301.3,D,0
-36.8996,142.4116,400.1,2,1.4,2014-01-18,0500,Aqua,MODIS,100,6.2,303.8,638.1,D,0
-36.9051,142.4304,336.2,2,1.4,2014-01-18,0500,Aqua,MODIS,65,6.2,302.9,54.5,D,0
-36.8929,142.4266,393.4,2,1.4,2014-01-18,0500,Aqua,MODIS,100,6.2,300.9,541.4,D,0
-36.8978,142.4028,371.9,2,1.4,2014-01-18,0500,Aqua,MODIS,100,6.2,297.9,285.4,D,0
-34.9541,140.4796,355.4,1.7,1.3,2014-01-18,0500,Aqua,MODIS,97,6.2,310.9,100.2,D,0
-34.9576,140.4614,342,1.7,1.3,2014-01-18,0500,Aqua,MODIS,86,6.2,310.7,40.1,D,0
-35.5838,142.0553,344,2,1.4,2014-01-18,0500,Aqua,MODIS,87,6.2,301.7,86.9,D,0
-35.3633,141.8209,348.7,2,1.4,2014-01-18,0500,Aqua,MODIS,92,6.2,308.3,113.8,D,0
-35.3589,141.8426,338.3,2,1.4,2014-01-18,0500,Aqua,MODIS,74,6.2,303.7,73.8,D,0
-35.3454,141.7995,351.7,2,1.4,2014-01-18,0500,Aqua,MODIS,94,6.2,308.6,124.8,D,0
-35.3409,141.821,445.7,2,1.4,2014-01-18,0500,Aqua,MODIS,100,6.2,325.6,1740.9,D,0
-35.3363,141.8425,400.7,2,1.4,2014-01-18,0500,Aqua,MODIS,100,6.2,309.3,664.6,D,0
-35.3531,141.8248,349.9,2,1.4,2014-01-18,0500,Aqua,MODIS,93,6.2,307.5,122.7,D,0
-35.3698,141.8071,330.1,2,1.4,2014-01-18,0500,Aqua,MODIS,67,6.2,301.9,24.4,D,0
-35.3653,141.8286,360.2,2,1.4,2014-01-18,0500,Aqua,MODIS,100,6.2,307.8,190.1,D,0
-35.3774,141.8325,384.9,2,1.4,2014-01-18,0500,Aqua,MODIS,100,6.2,309.3,425.4,D,0
-34.9646,140.4686,353.8,1.7,1.3,2014-01-18,0500,Aqua,MODIS,96,6.2,310.5,87.9,D,0
-35.5961,142.0592,335.7,2,1.4,2014-01-18,0500,Aqua,MODIS,44,6.2,305.8,50.2,D,0
-37.1188,142.2379,334.1,1.9,1.3,2014-01-18,0500,Aqua,MODIS,60,6.2,307.8,45.5,D,0
-37.1221,142.2461,334,1.9,1.3,2014-01-18,0500,Aqua,MODIS,55,6.2,308.9,43.1,D,0
-35.3729,141.8542,342.7,2,1.4,2014-01-18,0500,Aqua,MODIS,87,6.2,301.5,91.1,D,0
-35.3941,141.8148,333.4,2,1.4,2014-01-18,0500,Aqua,MODIS,74,6.2,307.4,36.8,D,0
-35.3896,141.8363,377.1,2,1.4,2014-01-18,0500,Aqua,MODIS,100,6.2,311.4,334,D,0
-35.3851,141.8581,343.7,2,1.4,2014-01-18,0500,Aqua,MODIS,79,6.2,305.5,89.8,D,0
-35.4018,141.8402,338.3,2,1.4,2014-01-18,0500,Aqua,MODIS,82,6.2,307.4,57.5,D,0
-35.3973,141.8619,357.2,2,1.4,2014-01-18,0500,Aqua,MODIS,98,6.2,309.2,166.8,D,0
-35.2537,142.4165,333.6,2.2,1.4,2014-01-18,0500,Aqua,MODIS,71,6.2,303.5,36.1,D,0
-35.2509,142.2421,337.5,2.1,1.4,2014-01-18,0500,Aqua,MODIS,81,6.2,309.2,47.4,D,0
-35.2515,142.2351,334.7,2.1,1.4,2014-01-18,0500,Aqua,MODIS,77,6.2,308.5,37.5,D,0
-35.2195,142.3235,346.1,2.1,1.4,2014-01-18,0500,Aqua,MODIS,90,6.2,309.8,99.4,D,0
-35.239,142.2311,334.1,2.1,1.4,2014-01-18,0500,Aqua,MODIS,67,6.2,306.5,35.7,D,0
-35.3928,141.8837,337.7,2,1.4,2014-01-18,0500,Aqua,MODIS,69,6.2,306.3,65.1,D,0
-35.414,141.844,346.3,2,1.4,2014-01-18,0500,Aqua,MODIS,90,6.2,307.3,96.6,D,0
-35.4095,141.8658,347.5,2,1.4,2014-01-18,0500,Aqua,MODIS,91,6.2,308.3,108.3,D,0
-35.4261,141.848,333.5,2,1.4,2014-01-18,0500,Aqua,MODIS,51,6.2,306.2,37.4,D,0
-35.4172,141.8914,343.6,2,1.4,2014-01-18,0500,Aqua,MODIS,87,6.2,310.6,84.3,D,0
-35.4127,141.9131,348.8,2,1.4,2014-01-18,0500,Aqua,MODIS,92,6.2,307,115.1,D,0
-35.4417,141.899,339.4,2,1.4,2014-01-18,0500,Aqua,MODIS,82,6.2,303,65.8,D,0
-35.4461,141.8774,340.3,2,1.4,2014-01-18,0500,Aqua,MODIS,76,6.2,309,68.9,D,0
-35.4463,141.883,350.2,2,1.4,2014-01-18,0500,Aqua,MODIS,93,6.2,308.2,120.4,D,0
-35.463,141.8652,338.5,2,1.4,2014-01-18,0500,Aqua,MODIS,82,6.2,303.9,62.9,D,0
-35.4585,141.8868,387,2,1.4,2014-01-18,0500,Aqua,MODIS,100,6.2,309.3,451.1,D,0
-35.4707,141.8906,336.9,2,1.4,2014-01-18,0500,Aqua,MODIS,80,6.2,302.7,49.7,D,0
-35.5596,142.0424,359.7,2,1.4,2014-01-18,0500,Aqua,MODIS,99,6.2,304.9,189.6,D,0
-35.555,142.0646,338.3,2,1.4,2014-01-18,0500,Aqua,MODIS,80,6.2,294.2,67.9,D,0
-35.4264,141.8537,337.2,2,1.4,2014-01-18,0500,Aqua,MODIS,68,6.2,307.5,54.3,D,0
-35.5764,142.0244,361.3,2,1.4,2014-01-18,0500,Aqua,MODIS,100,6.2,310,195,D,0
-35.4173,141.897,353.8,2,1.4,2014-01-18,0500,Aqua,MODIS,96,6.2,310.4,142,D,0
-35.4127,141.9186,342.4,2,1.4,2014-01-18,0500,Aqua,MODIS,86,6.2,306.2,79.4,D,0
-35.5719,142.0463,415.1,2,1.4,2014-01-18,0500,Aqua,MODIS,100,6.2,314.8,944.1,D,0
-35.5977,141.9845,336.4,2,1.4,2014-01-18,0500,Aqua,MODIS,76,6.2,306.3,49.1,D,0
-35.4295,141.9008,336.1,2,1.4,2014-01-18,0500,Aqua,MODIS,65,6.2,306.4,48.4,D,0
-36.9208,142.3731,339.8,2,1.4,2014-01-18,0500,Aqua,MODIS,87,6.2,304,69.5,D,0
-36.9186,142.365,334.2,2,1.4,2014-01-18,0500,Aqua,MODIS,62,6.2,303.1,47.7,D,0
-35.5932,142.0064,331.7,2,1.4,2014-01-18,0500,Aqua,MODIS,49,6.2,304.9,28.5,D,0
-36.9877,143.2443,345.3,2.2,1.4,2014-01-18,0500,Aqua,MODIS,91,6.2,303.6,123.8,D,0
-36.9751,143.2392,329.6,2.2,1.4,2014-01-18,0500,Aqua,MODIS,72,6.2,302.6,45.6,D,0
-35.6117,140.8028,342.7,1.7,1.3,2014-01-18,0500,Aqua,MODIS,87,6.2,306.8,63.9,D,0
-35.6154,140.7842,335.4,1.7,1.3,2014-01-18,0500,Aqua,MODIS,77,6.2,307.3,36.8,D,0
-37.154,142.776,322.1,2.1,1.4,2014-01-18,0500,Aqua,MODIS,53,6.2,300.6,14.9,D,0
-37.1587,142.7538,329.8,2,1.4,2014-01-18,0500,Aqua,MODIS,79,6.2,302.3,40,D,0
-37.1465,142.7493,327.3,2,1.4,2014-01-18,0500,Aqua,MODIS,76,6.2,303.1,31.6,D,0
-37.1294,142.7672,361.7,2.1,1.4,2014-01-18,0500,Aqua,MODIS,100,6.2,302.5,219,D,0
-37.1342,142.7449,354.6,2,1.4,2014-01-18,0500,Aqua,MODIS,97,6.2,303.8,166.2,D,0
-37.1304,142.7623,362,2.1,1.4,2014-01-18,0500,Aqua,MODIS,100,6.2,302.9,222.1,D,0
-37.1351,142.7402,333,2,1.4,2014-01-18,0500,Aqua,MODIS,82,6.2,303.5,53.2,D,0
-37.1226,142.7366,321.8,2,1.4,2014-01-18,0500,Aqua,MODIS,63,6.2,302.2,18,D,0
-34.9841,140.5515,354.8,1.7,1.3,2014-01-18,0500,Aqua,MODIS,96,6.2,309,107.9,D,0
-34.9236,140.2738,335.5,1.6,1.3,2014-01-18,0500,Aqua,MODIS,63,6.2,312.2,22.7,D,0
-34.9991,140.5366,344.4,1.7,1.3,2014-01-18,0500,Aqua,MODIS,84,6.2,308.8,58,D,0
-36.9996,142.4929,328.6,2,1.4,2014-01-18,0500,Aqua,MODIS,69,6.2,302.6,31.8,D,0
-36.9949,142.5156,324.4,2,1.4,2014-01-18,0500,Aqua,MODIS,44,6.2,301.6,20.6,D,0
-36.9997,142.4983,332.7,2,1.4,2014-01-18,0500,Aqua,MODIS,79,6.2,302.4,47.5,D,0
-37.0173,142.4769,335.6,2,1.4,2014-01-18,0500,Aqua,MODIS,82,6.2,302.6,58.5,D,0
-34.4704,139.1783,358.9,1.4,1.2,2014-01-18,0501,Aqua,MODIS,99,6.2,308.2,108,D,0
-34.4781,139.197,354.1,1.4,1.2,2014-01-18,0501,Aqua,MODIS,65,6.2,309.1,91.6,D,0
-34.4675,139.194,356.9,1.4,1.2,2014-01-18,0501,Aqua,MODIS,49,6.2,308.2,101.7,D,0
-34.1673,140.6327,333.5,1.8,1.3,2014-01-18,0501,Aqua,MODIS,58,6.2,309.3,25.3,D,0
-34.4368,139.1635,338,1.4,1.2,2014-01-18,0501,Aqua,MODIS,79,6.2,304.3,38,D,0
-34.5052,139.171,341.6,1.4,1.2,2014-01-18,0501,Aqua,MODIS,84,6.2,308,43.3,D,0
-34.5129,139.1898,335.8,1.4,1.2,2014-01-18,0501,Aqua,MODIS,76,6.2,309,25,D,0
-34.4734,139.1625,329.7,1.4,1.2,2014-01-18,0501,Aqua,MODIS,59,6.2,306,14.5,D,0
-34.4658,139.1879,354.2,1.4,1.2,2014-01-18,0501,Aqua,MODIS,76,6.2,308.2,89.3,D,0
-34.5022,139.187,361.8,1.4,1.2,2014-01-18,0501,Aqua,MODIS,100,6.2,309.7,118.9,D,0
-34.4581,139.1692,354.4,1.4,1.2,2014-01-18,0501,Aqua,MODIS,96,6.2,307.1,89.5,D,0
-34.4687,139.1721,354.6,1.4,1.2,2014-01-18,0501,Aqua,MODIS,96,6.2,307.7,89.5,D,0
-34.4475,139.1662,351.9,1.4,1.2,2014-01-18,0501,Aqua,MODIS,94,6.2,305.7,81.7,D,0
-34.4917,139.1839,335.2,1.4,1.2,2014-01-18,0501,Aqua,MODIS,70,6.2,307.2,24.8,D,0
-34.4445,139.1821,343.8,1.4,1.2,2014-01-18,0501,Aqua,MODIS,77,6.2,305.8,53,D,0
-31.8288,133.9737,352.1,1,1,2014-01-18,0502,Aqua,MODIS,94,6.2,309.1,43.4,D,0
-30.4634,123.3959,334.2,3.2,1.7,2014-01-18,0502,Aqua,MODIS,76,6.2,315.1,103.5,D,0
-31.7094,133.1497,342.4,1,1,2014-01-18,0502,Aqua,MODIS,86,6.2,306,28.7,D,0
-31.7079,133.1602,328.3,1,1,2014-01-18,0502,Aqua,MODIS,39,6.2,305.4,7.4,D,0
-27.2804,122.6508,333.8,3.3,1.7,2014-01-18,0503,Aqua,MODIS,74,6.2,305,78.3,D,0
-27.2773,122.6212,328.2,3.3,1.7,2014-01-18,0503,Aqua,MODIS,43,6.2,304.9,36.6,D,0
-27.2904,122.6565,329.8,3.3,1.7,2014-01-18,0503,Aqua,MODIS,65,6.2,305.2,53.2,D,0
-27.2747,122.655,329.5,3.3,1.7,2014-01-18,0503,Aqua,MODIS,59,6.2,304.5,45.5,D,0
-34.7459,117.3182,326.7,2.1,1.4,2014-01-18,0639,Aqua,MODIS,32,6.2,308,37.8,D,0
-34.7334,117.3142,342.3,2.1,1.4,2014-01-18,0639,Aqua,MODIS,89,6.2,306.5,103.5,D,0
-34.7355,117.3095,340.9,2.1,1.4,2014-01-18,0639,Aqua,MODIS,82,6.2,308.6,94.6,D,0
-31.4947,120.5686,333.7,4.1,1.9,2014-01-18,0640,Aqua,MODIS,51,6.2,315.7,110.4,D,0
-31.4782,120.5629,340,4.1,1.9,2014-01-18,0640,Aqua,MODIS,72,6.2,316.5,187.9,D,0
-31.3881,120.6165,328.7,4.2,1.9,2014-01-18,0640,Aqua,MODIS,47,6.2,312.4,90.2,D,0
-31.3871,120.6122,327.4,4.2,1.9,2014-01-18,0640,Aqua,MODIS,38,6.2,312.2,74.4,D,0
-27.2078,114.0368,341.6,1.9,1.4,2014-01-18,0641,Aqua,MODIS,79,6.2,319.8,57.4,D,0
-27.2042,114.056,335.8,1.9,1.4,2014-01-18,0641,Aqua,MODIS,53,6.2,319.7,30.2,D,0
-27.1978,114.0399,382.1,1.9,1.4,2014-01-18,0641,Aqua,MODIS,100,6.2,320.9,360.2,D,0
-27.194,114.0591,334.4,1.9,1.4,2014-01-18,0641,Aqua,MODIS,38,6.2,318,25.3,D,0
-27.2098,114.0428,335.4,1.9,1.4,2014-01-18,0641,Aqua,MODIS,36,6.2,319.7,30.3,D,0
-27.1921,114.053,350.4,1.9,1.4,2014-01-18,0641,Aqua,MODIS,92,6.2,318.3,101.7,D,0
-27.1873,114.1586,338.3,2,1.4,2014-01-18,0641,Aqua,MODIS,72,6.2,322.4,30.7,D,0
-27.1911,114.1391,363.4,2,1.4,2014-01-18,0641,Aqua,MODIS,100,6.2,325.9,179.7,D,0
-27.1957,114.0338,364.5,1.9,1.4,2014-01-18,0641,Aqua,MODIS,100,6.2,319.7,196.9,D,0
-27.1949,114.1198,348.6,1.9,1.4,2014-01-18,0641,Aqua,MODIS,90,6.2,324,83,D,0
-27.186,114.1528,341.8,2,1.4,2014-01-18,0641,Aqua,MODIS,79,6.2,322.9,46.1,D,0
-27.1897,114.1333,353.4,2,1.4,2014-01-18,0641,Aqua,MODIS,95,6.2,325.8,111,D,0
-22.3375,118.0027,332.6,4.7,2,2014-01-18,0643,Aqua,MODIS,61,6.2,307.7,112.8,D,0
-36.6674,147.7506,325.5,1.3,1.1,2014-01-18,1247,Terra,MODIS,99,6.2,272.8,35.4,N,0
-36.6688,147.7374,341.1,1.3,1.1,2014-01-18,1247,Terra,MODIS,100,6.2,279,68,N,0
-35.1846,148.1626,342.7,1.2,1.1,2014-01-18,1247,Terra,MODIS,100,6.2,294,58.3,N,0
-35.1861,148.1496,376.9,1.2,1.1,2014-01-18,1247,Terra,MODIS,100,6.2,304.4,179.4,N,0
-35.1876,148.1364,385.4,1.2,1.1,2014-01-18,1247,Terra,MODIS,100,6.2,308.1,227.1,N,0
-35.1892,148.1228,370.4,1.2,1.1,2014-01-18,1247,Terra,MODIS,100,6.2,304,150.5,N,0
-35.1907,148.1095,378.4,1.2,1.1,2014-01-18,1247,Terra,MODIS,100,6.2,305.9,188.7,N,0
-35.1747,148.161,351.3,1.2,1.1,2014-01-18,1247,Terra,MODIS,100,6.2,298.8,80.8,N,0
-35.1762,148.148,358.4,1.2,1.1,2014-01-18,1247,Terra,MODIS,100,6.2,300.6,102.8,N,0
-35.1778,148.1348,358.5,1.2,1.1,2014-01-18,1247,Terra,MODIS,100,6.2,300.2,102.9,N,0
-35.1793,148.1212,373.4,1.2,1.1,2014-01-18,1247,Terra,MODIS,100,6.2,305.6,163.2,N,0
-35.1808,148.1078,405.2,1.2,1.1,2014-01-18,1247,Terra,MODIS,100,6.2,316,371.6,N,0
-35.1664,148.146,350.7,1.2,1.1,2014-01-18,1247,Terra,MODIS,100,6.2,298,79.3,N,0
-35.1679,148.1329,355.3,1.2,1.1,2014-01-18,1247,Terra,MODIS,100,6.2,299.3,92.7,N,0
-35.1694,148.1194,352.7,1.2,1.1,2014-01-18,1247,Terra,MODIS,100,6.2,300.1,85,N,0
-35.171,148.1059,376.8,1.2,1.1,2014-01-18,1247,Terra,MODIS,100,6.2,302.9,180.3,N,0
-35.1565,148.1443,324.2,1.2,1.1,2014-01-18,1247,Terra,MODIS,100,6.2,295.7,24.3,N,0
-35.158,148.131,346.1,1.2,1.1,2014-01-18,1247,Terra,MODIS,100,6.2,298.2,66.5,N,0
-35.1596,148.1176,330.6,1.2,1.1,2014-01-18,1247,Terra,MODIS,100,6.2,296.9,34.7,N,0
-35.1551,148.1512,307,1.2,1.1,2014-01-18,1247,Terra,MODIS,70,6.2,294.6,6.9,N,0
-35.1566,148.138,335.5,1.2,1.1,2014-01-18,1247,Terra,MODIS,100,6.2,296.9,44.7,N,0
-35.1582,148.1246,335.8,1.2,1.1,2014-01-18,1247,Terra,MODIS,100,6.2,298.1,44.3,N,0
-35.1598,148.1112,311.6,1.2,1.1,2014-01-18,1247,Terra,MODIS,83,6.2,295.8,10.1,N,0
-36.6984,147.754,310.5,1.3,1.1,2014-01-18,1247,Terra,MODIS,33,6.2,285.7,17.2,N,0
-36.6791,147.7389,310.5,1.3,1.1,2014-01-18,1247,Terra,MODIS,35,6.2,278.2,15.7,N,0
-35.9479,147.7679,304.2,1.3,1.1,2014-01-18,1247,Terra,MODIS,23,6.2,289.3,9,N,0
-35.9462,147.7835,304.2,1.3,1.1,2014-01-18,1247,Terra,MODIS,34,6.2,287.6,9.6,N,0
-35.1945,148.1638,320.1,1.2,1.1,2014-01-18,1247,Terra,MODIS,100,6.2,290.6,19,N,0
-35.1961,148.1507,358.7,1.2,1.1,2014-01-18,1247,Terra,MODIS,100,6.2,301,103.6,N,0
-35.1976,148.1375,363.4,1.2,1.1,2014-01-18,1247,Terra,MODIS,100,6.2,301.8,121.8,N,0
-35.1991,148.1244,312.9,1.2,1.1,2014-01-18,1247,Terra,MODIS,86,6.2,296.4,11.2,N,0
-35.2006,148.1114,319.5,1.2,1.1,2014-01-18,1247,Terra,MODIS,99,6.2,296.8,18.6,N,0
-35.2022,148.098,321.4,1.2,1.1,2014-01-18,1247,Terra,MODIS,100,6.2,296.7,20.4,N,0
-35.1923,148.0963,416.6,1.2,1.1,2014-01-18,1247,Terra,MODIS,100,6.2,316.1,480.2,N,0
-35.1938,148.083,373.6,1.2,1.1,2014-01-18,1247,Terra,MODIS,100,6.2,302.8,165.2,N,0
-35.1824,148.0944,399,1.2,1.1,2014-01-18,1247,Terra,MODIS,100,6.2,308.9,320,N,0
-35.1839,148.0812,338.2,1.2,1.1,2014-01-18,1247,Terra,MODIS,100,6.2,298,48,N,0
-35.1854,148.0678,308.8,1.2,1.1,2014-01-18,1247,Terra,MODIS,26,6.2,295.4,6.7,N,0
-35.1725,148.0926,317.4,1.2,1.1,2014-01-18,1247,Terra,MODIS,87,6.2,297,14.5,N,0
-35.4423,148.2132,313.4,1.2,1.1,2014-01-18,1247,Terra,MODIS,50,6.2,280.7,12.5,N,0
-35.4439,148.199,309.4,1.2,1.1,2014-01-18,1247,Terra,MODIS,28,6.2,277,8.7,N,0
-35.4309,148.2247,410.7,1.2,1.1,2014-01-18,1247,Terra,MODIS,100,6.2,303.9,418.7,N,0
-35.4324,148.2112,445.9,1.2,1.1,2014-01-18,1247,Terra,MODIS,100,6.2,307.6,858.8,N,0
-35.434,148.1975,346.8,1.2,1.1,2014-01-18,1247,Terra,MODIS,100,6.2,284,67.9,N,0
-35.4196,148.2353,334.6,1.2,1.1,2014-01-18,1247,Terra,MODIS,59,6.2,295.9,41.9,N,0
-35.4211,148.2227,395.2,1.2,1.1,2014-01-18,1247,Terra,MODIS,100,6.2,306.2,289.5,N,0
-35.4226,148.2093,500,1.2,1.1,2014-01-18,1247,Terra,MODIS,100,6.2,340,2098.3,N,0
-35.4241,148.1958,426.6,1.2,1.1,2014-01-18,1247,Terra,MODIS,100,6.2,299.8,590.6,N,0
-35.4272,148.1684,322.6,1.2,1.1,2014-01-18,1247,Terra,MODIS,47,6.2,279.3,24.5,N,0
-35.4196,148.23,348.9,1.2,1.1,2014-01-18,1247,Terra,MODIS,100,6.2,299.4,74.7,N,0
-35.4211,148.2168,443.3,1.2,1.1,2014-01-18,1247,Terra,MODIS,100,6.2,322.9,817.1,N,0
-35.4227,148.2037,500,1.2,1.1,2014-01-18,1247,Terra,MODIS,100,6.2,331.3,2099.4,N,0
-35.4244,148.1896,333.8,1.2,1.1,2014-01-18,1247,Terra,MODIS,100,6.2,288.8,39.4,N,0
-35.4275,148.163,313.5,1.2,1.1,2014-01-18,1247,Terra,MODIS,31,6.2,280.7,13.9,N,0
-35.4098,148.2278,341,1.2,1.1,2014-01-18,1247,Terra,MODIS,100,6.2,298.3,56.3,N,0
-35.4113,148.2149,391.8,1.2,1.1,2014-01-18,1247,Terra,MODIS,100,6.2,306.2,268.4,N,0
-35.4128,148.2019,397.1,1.2,1.1,2014-01-18,1247,Terra,MODIS,100,6.2,298.6,305.6,N,0
-35.4145,148.1879,314.8,1.2,1.1,2014-01-18,1247,Terra,MODIS,87,6.2,289.9,13.3,N,0
-35.3999,148.2259,341.1,1.2,1.1,2014-01-18,1247,Terra,MODIS,100,6.2,296,54.9,N,0
-35.4014,148.2131,321.2,1.2,1.1,2014-01-18,1247,Terra,MODIS,100,6.2,294.4,20.5,N,0
-33.8113,149.442,308.7,1.1,1,2014-01-18,1247,Terra,MODIS,24,6.2,274.8,9.6,N,0
-34.4611,139.1814,307.2,4.2,1.9,2014-01-18,1247,Terra,MODIS,62,6.2,288.1,64.5,N,0
-35.5384,147.7262,313.5,1.3,1.1,2014-01-18,1247,Terra,MODIS,67,6.2,276,16.6,N,0
-35.5751,147.6754,372.7,1.3,1.1,2014-01-18,1247,Terra,MODIS,100,6.2,282.8,0,N,0
-35.5602,147.7157,323.4,1.3,1.1,2014-01-18,1247,Terra,MODIS,100,6.2,272.9,28.7,N,0
-33.3371,149.78,319.8,1,1,2014-01-18,1247,Terra,MODIS,99,6.2,293.1,18.2,N,0
-34.4784,139.1829,304.8,4.2,1.9,2014-01-18,1247,Terra,MODIS,29,6.2,287.8,52.1,N,0
-35.5856,147.6553,366.3,1.3,1.1,2014-01-18,1247,Terra,MODIS,100,6.2,277.6,0,N,0
-35.5841,147.6692,375.3,1.3,1.1,2014-01-18,1247,Terra,MODIS,100,6.2,283.6,0,N,0
-34.4592,139.1747,307.5,4.2,1.9,2014-01-18,1247,Terra,MODIS,34,6.2,288,64.1,N,0
-35.5587,147.7294,304.2,1.3,1.1,2014-01-18,1247,Terra,MODIS,34,6.2,268.1,6.9,N,0
-35.5724,147.6813,352.5,1.3,1.1,2014-01-18,1247,Terra,MODIS,100,6.2,270.2,0,N,0
-35.574,147.6673,398.6,1.3,1.1,2014-01-18,1247,Terra,MODIS,100,6.2,288.3,0,N,0
-35.5767,147.6614,375.5,1.3,1.1,2014-01-18,1247,Terra,MODIS,100,6.2,283.6,0,N,0
-33.3385,149.7689,305.7,1,1,2014-01-18,1247,Terra,MODIS,52,6.2,288.7,6.9,N,0
-33.2122,150.4914,313.1,1,1,2014-01-18,1247,Terra,MODIS,46,6.2,296.8,8.8,N,0
-33.2137,150.4807,320.3,1,1,2014-01-18,1247,Terra,MODIS,100,6.2,296.5,15.5,N,0
-33.2019,150.5051,319,1,1,2014-01-18,1247,Terra,MODIS,98,6.2,298,14.7,N,0
-33.2034,150.4943,326.1,1,1,2014-01-18,1247,Terra,MODIS,100,6.2,299.2,21.7,N,0
-33.2049,150.4836,328.3,1,1,2014-01-18,1247,Terra,MODIS,100,6.2,299,24.8,N,0
-33.2064,150.4728,307.9,1,1,2014-01-18,1247,Terra,MODIS,52,6.2,297.1,6,N,0
-32.7906,150.6837,310.1,1,1,2014-01-18,1247,Terra,MODIS,79,6.2,294.1,8.2,N,0
-32.8011,150.6749,307.3,1,1,2014-01-18,1247,Terra,MODIS,71,6.2,293.9,6.4,N,0
-35.2994,141.8091,320.6,2.9,1.6,2014-01-18,1247,Terra,MODIS,100,6.2,291.9,78.9,N,0
-35.2971,141.8411,310.7,2.9,1.6,2014-01-18,1247,Terra,MODIS,73,6.2,291.6,39.7,N,0
-35.2992,141.8146,320.9,2.9,1.6,2014-01-18,1247,Terra,MODIS,100,6.2,291.9,81,N,0
-35.2972,141.8466,308,2.9,1.6,2014-01-18,1247,Terra,MODIS,6,6.2,291.3,29.9,N,0
-35.316,141.7838,311.3,2.9,1.6,2014-01-18,1247,Terra,MODIS,52,6.2,291.4,39.8,N,0
-35.314,141.816,334.4,2.9,1.6,2014-01-18,1247,Terra,MODIS,100,6.2,293.6,152.2,N,0
-32.7996,150.6856,330.3,1,1,2014-01-18,1247,Terra,MODIS,100,6.2,297.4,28.2,N,0
-35.445,141.8719,304.3,2.9,1.6,2014-01-18,1247,Terra,MODIS,25,6.2,290.8,21.9,N,0
-35.3309,141.7853,310.3,2.9,1.6,2014-01-18,1247,Terra,MODIS,17,6.2,291.4,35.3,N,0
-35.3288,141.8174,324.6,2.9,1.6,2014-01-18,1247,Terra,MODIS,99,6.2,292.8,91.2,N,0
-32.6358,150.7999,311.1,1,1,2014-01-18,1247,Terra,MODIS,48,6.2,295.9,7.6,N,0
-35.3393,141.8825,331.8,2.9,1.6,2014-01-18,1247,Terra,MODIS,100,6.2,291.8,127.8,N,0
-32.6448,150.8018,315.7,1,1,2014-01-18,1247,Terra,MODIS,92,6.2,295.7,11.5,N,0
-35.3372,141.9143,344.1,2.8,1.6,2014-01-18,1247,Terra,MODIS,100,6.2,292.6,219.1,N,0
-32.6282,150.8532,315.7,1,1,2014-01-18,1247,Terra,MODIS,67,6.2,296.9,11.2,N,0
-35.3519,141.9156,334.2,2.8,1.6,2014-01-18,1247,Terra,MODIS,100,6.2,292.1,143.9,N,0
-35.3497,141.9474,319.1,2.8,1.6,2014-01-18,1247,Terra,MODIS,87,6.2,291.3,67.8,N,0
-35.3666,141.9169,334.2,2.8,1.6,2014-01-18,1247,Terra,MODIS,100,6.2,292.1,143.3,N,0
-35.5519,142.0415,305.5,2.8,1.6,2014-01-18,1247,Terra,MODIS,65,6.2,290.4,27.1,N,0
-35.3644,141.9487,321.7,2.8,1.6,2014-01-18,1247,Terra,MODIS,100,6.2,291.6,81.6,N,0
-35.3397,141.8891,340.9,2.9,1.6,2014-01-18,1247,Terra,MODIS,100,6.2,292.2,186.6,N,0
-35.3378,141.921,338.3,2.8,1.6,2014-01-18,1247,Terra,MODIS,100,6.2,292.2,169.2,N,0
-35.3525,141.9223,340.3,2.8,1.6,2014-01-18,1247,Terra,MODIS,100,6.2,292.2,184.9,N,0
-35.3505,141.9541,311,2.8,1.6,2014-01-18,1247,Terra,MODIS,9,6.2,291,37.8,N,0
-35.3672,141.9237,338.6,2.8,1.6,2014-01-18,1247,Terra,MODIS,100,6.2,292.5,175.1,N,0
-35.3966,141.9265,325,2.8,1.6,2014-01-18,1247,Terra,MODIS,74,6.2,291.7,92.3,N,0
-35.4113,141.9279,318.5,2.8,1.6,2014-01-18,1247,Terra,MODIS,93,6.2,291.4,65.7,N,0
-35.4281,141.8974,318,2.9,1.6,2014-01-18,1247,Terra,MODIS,96,6.2,291.2,64.6,N,0
-35.4259,141.9293,313.1,2.8,1.6,2014-01-18,1247,Terra,MODIS,57,6.2,291,45.5,N,0
-35.4428,141.8989,326.8,2.9,1.6,2014-01-18,1247,Terra,MODIS,100,6.2,291.7,110.8,N,0
-35.4283,141.9024,322.4,2.9,1.6,2014-01-18,1247,Terra,MODIS,100,6.2,291.4,86.4,N,0
-35.4263,141.9342,307.8,2.8,1.6,2014-01-18,1247,Terra,MODIS,34,6.2,290.7,29.6,N,0
-35.443,141.9039,326.1,2.9,1.6,2014-01-18,1247,Terra,MODIS,100,6.2,291.7,107,N,0
-35.5497,142.0728,320.4,2.8,1.6,2014-01-18,1247,Terra,MODIS,100,6.2,290.7,78.8,N,0
-35.5529,142.0485,314.8,2.8,1.6,2014-01-18,1247,Terra,MODIS,90,6.2,290.5,55.7,N,0
-35.5509,142.0798,315,2.8,1.6,2014-01-18,1247,Terra,MODIS,90,6.2,290.5,56.1,N,0
-35.5696,142.0185,304.4,2.8,1.6,2014-01-18,1247,Terra,MODIS,60,6.2,290.2,23.7,N,0
-35.5675,142.0499,313.6,2.8,1.6,2014-01-18,1247,Terra,MODIS,88,6.2,290.7,52.6,N,0
-32.6387,150.8444,321.6,1,1,2014-01-18,1247,Terra,MODIS,100,6.2,296.4,16.6,N,0
-32.6508,150.8249,315.4,1,1,2014-01-18,1247,Terra,MODIS,48,6.2,296,10.6,N,0
-32.6885,150.7559,306.2,1,1,2014-01-18,1247,Terra,MODIS,67,6.2,294.7,5.7,N,0
-33.2197,150.504,316.7,1,1,2014-01-18,1247,Terra,MODIS,94,6.2,296.2,12.5,N,0
-33.2107,150.5022,316.6,1,1,2014-01-18,1247,Terra,MODIS,91,6.2,297.3,11.7,N,0
-32.6268,150.7981,311.4,1,1,2014-01-18,1248,Terra,MODIS,41,6.2,296.3,7.7,N,0
-32.5954,150.7634,311.9,1,1,2014-01-18,1248,Terra,MODIS,84,6.2,296.2,8.5,N,0
-32.6044,150.7653,319,1,1,2014-01-18,1248,Terra,MODIS,98,6.2,296.9,14.9,N,0
-32.6192,150.8513,324.9,1,1,2014-01-18,1248,Terra,MODIS,100,6.2,297.6,19.7,N,0
-32.6029,150.7759,321.8,1,1,2014-01-18,1248,Terra,MODIS,100,6.2,297.7,17.5,N,0
-32.6027,150.8416,322.4,1,1,2014-01-18,1248,Terra,MODIS,100,6.2,297.1,18.3,N,0
-32.6013,150.7866,310.3,1,1,2014-01-18,1248,Terra,MODIS,80,6.2,296.8,7.6,N,0
-32.6102,150.8495,327.1,1,1,2014-01-18,1248,Terra,MODIS,100,6.2,297.4,22.5,N,0
-32.6117,150.8389,323.5,1,1,2014-01-18,1248,Terra,MODIS,100,6.2,296.7,18,N,0
-32.6207,150.8407,315.7,1,1,2014-01-18,1248,Terra,MODIS,47,6.2,296.1,10.3,N,0
-32.6103,150.7884,319.5,1,1,2014-01-18,1248,Terra,MODIS,99,6.2,297.1,15.7,N,0
-32.5939,150.7741,321.8,1,1,2014-01-18,1248,Terra,MODIS,100,6.2,297.1,17.2,N,0
-29.1562,153.3679,300.4,1.3,1.1,2014-01-18,1248,Terra,MODIS,27,6.2,288.5,7.4,N,0
-32.5922,150.8505,308,1,1,2014-01-18,1248,Terra,MODIS,73,6.2,295,6.6,N,0
-32.5937,150.8398,314.6,1,1,2014-01-18,1248,Terra,MODIS,89,6.2,296,11.4,N,0
-32.6119,150.7778,306.5,1,1,2014-01-18,1248,Terra,MODIS,63,6.2,295.9,5.2,N,0
-32.6178,150.7962,315,1,1,2014-01-18,1248,Terra,MODIS,90,6.2,296.7,10.8,N,0
-30.3378,148.4833,305.4,1.1,1,2014-01-18,1248,Terra,MODIS,62,6.2,295,5.9,N,0
-31.7886,152.0882,308.9,1,1,2014-01-18,1248,Terra,MODIS,76,6.2,293.9,9,N,0
-31.6456,151.5889,326,1,1,2014-01-18,1248,Terra,MODIS,100,6.2,295.5,24.2,N,0
-29.3721,148.7798,306.9,1,1,2014-01-18,1248,Terra,MODIS,69,6.2,295.9,6.6,N,0
-25.2101,151.7394,304.9,1.2,1.1,2014-01-18,1249,Terra,MODIS,62,6.2,291.7,7.8,N,0
-28.1665,150.4072,311.8,1,1,2014-01-18,1249,Terra,MODIS,83,6.2,296,9.7,N,0
-25.7502,150.9774,308.7,1.1,1,2014-01-18,1249,Terra,MODIS,75,6.2,293.4,8.6,N,0
-27.7304,141.6951,307.4,2.4,1.5,2014-01-18,1249,Terra,MODIS,71,6.2,295.6,21.3,N,0
-27.7367,141.6905,308.6,2.4,1.5,2014-01-18,1249,Terra,MODIS,74,6.2,295.8,23.8,N,0
-27.6026,141.7183,315.4,2.4,1.5,2014-01-18,1249,Terra,MODIS,91,6.2,296.8,41.2,N,0
-27.6048,141.694,306.6,2.4,1.5,2014-01-18,1249,Terra,MODIS,48,6.2,295.8,18.6,N,0
-23.6794,148.7009,306.1,1,1,2014-01-18,1250,Terra,MODIS,66,6.2,294.4,5.4,N,0
-23.6808,148.6911,307.5,1,1,2014-01-18,1250,Terra,MODIS,71,6.2,294.4,6.2,N,0
-23.6952,147.1332,306.2,1,1,2014-01-18,1250,Terra,MODIS,67,6.2,295,5.9,N,0
-23.9586,146.4496,312,1.1,1,2014-01-18,1250,Terra,MODIS,54,6.2,294.9,11.2,N,0
-23.96,146.4389,317.7,1.1,1,2014-01-18,1250,Terra,MODIS,95,6.2,295.8,16.3,N,0
-23.9478,146.459,309.1,1.1,1,2014-01-18,1250,Terra,MODIS,27,6.2,294.7,8.9,N,0
-23.9492,146.4482,314.9,1.1,1,2014-01-18,1250,Terra,MODIS,82,6.2,295.7,13.1,N,0
-23.9384,146.4576,315.9,1.1,1,2014-01-18,1250,Terra,MODIS,63,6.2,294.8,14.7,N,0
-23.9328,146.4618,306.3,1.1,1,2014-01-18,1250,Terra,MODIS,28,6.2,291.2,7.7,N,0
-23.6592,147.2619,311,1,1,2014-01-18,1250,Terra,MODIS,78,6.2,296.2,8.4,N,0
-23.6501,147.2604,306.1,1,1,2014-01-18,1250,Terra,MODIS,45,6.2,295.6,5.1,N,0
-23.3587,149.8148,312.1,1,1,2014-01-18,1250,Terra,MODIS,60,6.2,293.6,9.3,N,0
-23.3602,149.8046,310.5,1,1,2014-01-18,1250,Terra,MODIS,27,6.2,293.7,8,N,0
-23.3511,149.803,308.3,1,1,2014-01-18,1250,Terra,MODIS,24,6.2,293.6,6.4,N,0
-23.3541,149.8454,307.1,1,1,2014-01-18,1250,Terra,MODIS,70,6.2,293.4,6.5,N,0
-23.3404,149.8114,313.8,1,1,2014-01-18,1250,Terra,MODIS,84,6.2,293.7,10.8,N,0
-23.3419,149.8013,308.8,1,1,2014-01-18,1250,Terra,MODIS,46,6.2,293.3,7,N,0
-23.9489,147.2239,309.9,1,1,2014-01-18,1250,Terra,MODIS,79,6.2,296.2,6.8,N,0
-23.9476,147.2341,307,1,1,2014-01-18,1250,Terra,MODIS,34,6.2,296,4.7,N,0
-23.9278,147.2415,319.8,1,1,2014-01-18,1250,Terra,MODIS,99,6.2,295.5,15.6,N,0
-23.9726,146.6376,311.8,1.1,1,2014-01-18,1250,Terra,MODIS,32,6.2,292.3,12.6,N,0
-24.5832,149.0011,305.3,1,1,2014-01-18,1250,Terra,MODIS,64,6.2,290.1,5.2,N,0
-23.5468,149.6012,304,1,1,2014-01-18,1250,Terra,MODIS,58,6.2,293.8,4.6,N,0
-23.0354,149.9382,303.1,1.1,1,2014-01-18,1250,Terra,MODIS,29,6.2,292.9,3.9,N,0
-23.0338,149.9484,307.2,1.1,1,2014-01-18,1250,Terra,MODIS,71,6.2,293,7,N,0
-23.0032,149.9004,309.7,1.1,1,2014-01-18,1250,Terra,MODIS,22,6.2,293.2,7.5,N,0
-23.0048,149.89,308.6,1.1,1,2014-01-18,1250,Terra,MODIS,19,6.2,292.9,6.9,N,0
-23.7994,146.4128,329.2,1.1,1,2014-01-18,1250,Terra,MODIS,100,6.2,295.6,31.5,N,0
-24.678,151.7918,302.3,1.2,1.1,2014-01-18,1250,Terra,MODIS,48,6.2,291.9,6.4,N,0
-22.209,149.1274,321.7,1,1,2014-01-18,1250,Terra,MODIS,49,6.2,293.9,17.1,N,0
-22.2149,149.088,310.1,1,1,2014-01-18,1250,Terra,MODIS,45,6.2,294,7.7,N,0
-25.2217,149.9725,315,1,1,2014-01-18,1250,Terra,MODIS,68,6.2,294.5,11.3,N,0
-22.1838,149.1166,315.9,1,1,2014-01-18,1250,Terra,MODIS,92,6.2,293.4,12.9,N,0
-22.155,149.1216,325.9,1,1,2014-01-18,1250,Terra,MODIS,100,6.2,293.8,22.7,N,0
-23.7914,146.4006,318.8,1.1,1,2014-01-18,1250,Terra,MODIS,85,6.2,289.2,18,N,0
-24.6879,151.7937,317.3,1.2,1.1,2014-01-18,1250,Terra,MODIS,95,6.2,292,20.2,N,0
-24.6761,151.8038,316.5,1.2,1.1,2014-01-18,1250,Terra,MODIS,93,6.2,291.4,19.8,N,0
-22.1747,149.1151,318.6,1,1,2014-01-18,1250,Terra,MODIS,97,6.2,293.5,15.4,N,0
-22.6018,148.1382,310.3,1,1,2014-01-18,1250,Terra,MODIS,80,6.2,293.8,8.7,N,0
-22.1953,149.0945,341.8,1,1,2014-01-18,1250,Terra,MODIS,100,6.2,295.4,46.3,N,0
-23.79,146.4114,327.9,1.1,1,2014-01-18,1250,Terra,MODIS,100,6.2,294.9,28.8,N,0
-22.2134,149.0978,341.9,1,1,2014-01-18,1250,Terra,MODIS,100,6.2,296.3,46.1,N,0
-25.2126,149.9708,306.6,1,1,2014-01-18,1250,Terra,MODIS,61,6.2,293.9,5.6,N,0
-22.2058,149.0863,332.3,1,1,2014-01-18,1250,Terra,MODIS,100,6.2,294.9,30.4,N,0
-24.6859,151.8058,333.3,1.2,1.1,2014-01-18,1250,Terra,MODIS,100,6.2,292.4,44.5,N,0
-25.2262,150.0048,312.2,1,1,2014-01-18,1250,Terra,MODIS,84,6.2,294.5,9.2,N,0
-25.211,149.9809,309.1,1,1,2014-01-18,1250,Terra,MODIS,76,6.2,294,7.2,N,0
-22.1536,149.1315,319.8,1,1,2014-01-18,1250,Terra,MODIS,99,6.2,293.4,16.1,N,0
-22.1761,149.1051,313.4,1,1,2014-01-18,1250,Terra,MODIS,87,6.2,293.3,11,N,0
-22.2044,149.0961,333.3,1,1,2014-01-18,1250,Terra,MODIS,100,6.2,294.7,31.5,N,0
-22.1867,149.0969,331.2,1,1,2014-01-18,1250,Terra,MODIS,100,6.2,295.3,30.2,N,0
-22.2225,149.0994,307.5,1,1,2014-01-18,1250,Terra,MODIS,72,6.2,293.7,7,N,0
-22.1852,149.1067,334.3,1,1,2014-01-18,1250,Terra,MODIS,100,6.2,294.9,34.5,N,0
-24.6565,151.418,306.2,1.2,1.1,2014-01-18,1250,Terra,MODIS,67,6.2,292.5,7.6,N,0
-22.1659,149.1745,306,1,1,2014-01-18,1250,Terra,MODIS,66,6.2,291.7,5.8,N,0
-25.2201,149.9826,316.9,1,1,2014-01-18,1250,Terra,MODIS,80,6.2,294.5,12.8,N,0
-22.1938,149.1044,316,1,1,2014-01-18,1250,Terra,MODIS,51,6.2,293.9,11.7,N,0
-22.143,149.1399,315.2,1,1,2014-01-18,1250,Terra,MODIS,82,6.2,293,12,N,0
-22.212,149.1077,347.7,1,1,2014-01-18,1250,Terra,MODIS,100,6.2,296.4,56.3,N,0
-22.1967,149.0847,325.3,1,1,2014-01-18,1250,Terra,MODIS,100,6.2,294.5,22.3,N,0
-22.2105,149.1175,332.9,1,1,2014-01-18,1250,Terra,MODIS,74,6.2,294.7,30,N,0
-23.8088,146.4143,312.6,1.1,1,2014-01-18,1250,Terra,MODIS,27,6.2,291.5,12.7,N,0
-22.1984,149.1357,308.5,1,1,2014-01-18,1250,Terra,MODIS,27,6.2,292.9,6.7,N,0
-22.221,149.1093,308.3,1,1,2014-01-18,1250,Terra,MODIS,65,6.2,293.9,7.2,N,0
-19.8602,141.5896,303.2,1.9,1.4,2014-01-18,1251,Terra,MODIS,44,6.2,289,10,N,0
-19.8657,141.5779,303.9,1.9,1.4,2014-01-18,1251,Terra,MODIS,57,6.2,288.9,10.2,N,0
-18.2873,144.7889,306.7,1.1,1.1,2014-01-18,1252,Terra,MODIS,69,6.2,289,8.5,N,0
-18.2887,144.7782,302.7,1.1,1.1,2014-01-18,1252,Terra,MODIS,21,6.2,289,5.3,N,0
-18.2858,144.7996,304.8,1.1,1.1,2014-01-18,1252,Terra,MODIS,62,6.2,288.8,7.2,N,0
-30.865,121.491,327.7,1.3,1.1,2014-01-18,1427,Terra,MODIS,100,6.2,296.8,37,N,2
-31.3947,120.6217,310.1,1.5,1.2,2014-01-18,1427,Terra,MODIS,79,6.2,296.2,14.9,N,0
-31.3837,120.6202,309,1.5,1.2,2014-01-18,1427,Terra,MODIS,76,6.2,296.1,13.7,N,0
-30.8605,121.4967,314.8,1.3,1.1,2014-01-18,1427,Terra,MODIS,90,6.2,296.2,16.8,N,2
-30.8621,121.4826,320.6,1.3,1.1,2014-01-18,1427,Terra,MODIS,100,6.2,296.2,25,N,2
-27.2643,122.6503,307.2,1.1,1,2014-01-18,1428,Terra,MODIS,43,6.2,291,6.1,N,0
-21.8613,120.8138,304,1.1,1.1,2014-01-18,1429,Terra,MODIS,28,6.2,270.2,9.6,N,0
-22.271,117.4487,308.3,1.9,1.3,2014-01-18,1429,Terra,MODIS,74,6.2,295.2,12.8,N,0
-22.2589,117.4471,310.9,1.9,1.3,2014-01-18,1429,Terra,MODIS,81,6.2,295.3,16.3,N,0
-18.8301,144.7534,301.1,1.3,1.1,2014-01-18,1558,Aqua,MODIS,18,6.2,282.9,7.2,N,0
-22.1983,149.0895,312.1,2.9,1.6,2014-01-18,1559,Aqua,MODIS,35,6.2,292,45.2,N,0
-22.2156,149.116,306.1,2.9,1.6,2014-01-18,1559,Aqua,MODIS,35,6.2,291.3,29.4,N,0
-23.7885,146.419,315.5,1.9,1.4,2014-01-18,1559,Aqua,MODIS,55,6.2,293.3,31,N,0
-22.2009,149.1169,311.7,2.9,1.6,2014-01-18,1559,Aqua,MODIS,50,6.2,291.5,45.1,N,0
-22.2158,149.1089,305.4,2.9,1.6,2014-01-18,1559,Aqua,MODIS,30,6.2,291.5,27.5,N,0
-22.1862,149.1185,306.3,2.9,1.6,2014-01-18,1559,Aqua,MODIS,14,6.2,291.2,28.1,N,0
-23.7913,146.4116,314,1.9,1.4,2014-01-18,1559,Aqua,MODIS,48,6.2,294,27.3,N,0
-23.938,146.4654,306.3,1.9,1.4,2014-01-18,1559,Aqua,MODIS,25,6.2,293.9,16,N,0
-23.9605,146.4434,335.8,1.9,1.4,2014-01-18,1559,Aqua,MODIS,100,6.2,295.3,93.8,N,0
-23.9626,146.4628,318.9,1.9,1.4,2014-01-18,1559,Aqua,MODIS,98,6.2,293.2,41.1,N,0
-23.9712,146.658,303.9,2,1.4,2014-01-18,1559,Aqua,MODIS,38,6.2,293.5,13.9,N,0
-23.9733,146.6778,304.1,2,1.4,2014-01-18,1559,Aqua,MODIS,24,6.2,293,14.4,N,0
-23.9858,146.6762,312,2,1.4,2014-01-18,1559,Aqua,MODIS,59,6.2,294,27.2,N,0
-23.9525,146.4566,312.3,1.9,1.4,2014-01-18,1600,Aqua,MODIS,85,6.2,294.2,29,N,0
-23.9628,146.4359,317.4,1.9,1.4,2014-01-18,1600,Aqua,MODIS,95,6.2,294.1,39.3,N,0
-23.9648,146.4552,328,1.9,1.4,2014-01-18,1600,Aqua,MODIS,100,6.2,294.4,68.8,N,0
-23.974,146.6705,305.4,2,1.4,2014-01-18,1600,Aqua,MODIS,8,6.2,293.5,14.9,N,0
-23.9865,146.6689,311.2,2,1.4,2014-01-18,1600,Aqua,MODIS,59,6.2,294.2,25.4,N,0
-27.608,141.6681,335.6,1.1,1.1,2014-01-18,1601,Aqua,MODIS,100,6.2,298.3,41,N,0
-27.6095,141.6794,319.6,1.1,1.1,2014-01-18,1601,Aqua,MODIS,99,6.2,297.7,17.8,N,0
-27.5938,141.7353,317.6,1.1,1.1,2014-01-18,1601,Aqua,MODIS,91,6.2,296,14.5,N,0
-27.5953,141.7467,308.8,1.1,1.1,2014-01-18,1601,Aqua,MODIS,12,6.2,295.8,6.7,N,0
-27.6004,141.711,315.8,1.1,1.1,2014-01-18,1601,Aqua,MODIS,58,6.2,298.4,12.1,N,0
-27.6034,141.7338,316.5,1.1,1.1,2014-01-18,1601,Aqua,MODIS,77,6.2,297.2,12.7,N,0
-27.6109,141.7909,314,1.1,1.1,2014-01-18,1601,Aqua,MODIS,88,6.2,297,11.7,N,0
-27.6043,141.7151,313.5,1.1,1.1,2014-01-18,1601,Aqua,MODIS,87,6.2,298.3,10.9,N,0
-27.6057,141.7265,309.7,1.1,1.1,2014-01-18,1601,Aqua,MODIS,74,6.2,297.7,7.5,N,0
-27.6145,141.795,308.4,1.1,1.1,2014-01-18,1601,Aqua,MODIS,74,6.2,297.1,7.3,N,0
-27.6153,141.7249,314.5,1.1,1.1,2014-01-18,1601,Aqua,MODIS,89,6.2,297.3,12,N,0
-33.0651,138.1567,300.2,1,1,2014-01-18,1602,Aqua,MODIS,20,6.2,290,4,N,0
-35.5591,147.7168,320.9,3.2,1.7,2014-01-18,1603,Aqua,MODIS,37,6.2,285.8,100.1,N,0
-35.1674,148.1142,311.4,3.4,1.7,2014-01-18,1603,Aqua,MODIS,29,6.2,292.3,57.4,N,0
-35.1697,148.1523,313.6,3.4,1.7,2014-01-18,1603,Aqua,MODIS,69,6.2,292.1,68.3,N,0
-35.1632,148.148,309.7,3.4,1.7,2014-01-18,1603,Aqua,MODIS,31,6.2,291.2,49.4,N,0
-35.1833,148.1126,319.7,3.4,1.7,2014-01-18,1603,Aqua,MODIS,80,6.2,293.1,96.6,N,0
-35.1856,148.1504,319,3.4,1.7,2014-01-18,1603,Aqua,MODIS,81,6.2,292.9,91.5,N,0
-35.177,148.1084,319.1,3.4,1.7,2014-01-18,1603,Aqua,MODIS,69,6.2,292.9,93.9,N,0
-35.179,148.1454,318.9,3.4,1.7,2014-01-18,1603,Aqua,MODIS,95,6.2,293.3,93.9,N,0
-35.1929,148.1072,315.2,3.4,1.7,2014-01-18,1603,Aqua,MODIS,65,6.2,292.1,76.3,N,0
-35.3943,148.2341,301.4,3.5,1.8,2014-01-18,1603,Aqua,MODIS,36,6.2,290.9,25.2,N,0
-35.4423,148.2267,302.3,3.5,1.8,2014-01-18,1603,Aqua,MODIS,39,6.2,291.3,28.6,N,0
-35.4338,148.2205,323.9,3.5,1.8,2014-01-18,1603,Aqua,MODIS,100,6.2,292.4,134.6,N,0
-35.331,141.895,333.1,1.4,1.2,2014-01-18,1603,Aqua,MODIS,100,6.2,289.9,53.1,N,0
-35.3326,141.9105,330.1,1.4,1.2,2014-01-18,1603,Aqua,MODIS,100,6.2,290.6,46.9,N,0
-37.1191,142.5021,303,1.6,1.2,2014-01-18,1603,Aqua,MODIS,52,6.2,283.2,15,N,0
-35.3416,141.8934,307.6,1.4,1.2,2014-01-18,1603,Aqua,MODIS,22,6.2,288.9,11.9,N,0
-35.3433,141.9089,312.7,1.4,1.2,2014-01-18,1603,Aqua,MODIS,15,6.2,289.3,17,N,0
-35.3573,141.9383,314.6,1.4,1.2,2014-01-18,1603,Aqua,MODIS,36,6.2,289.7,19.4,N,0
-35.4343,141.9048,307.8,1.4,1.2,2014-01-18,1603,Aqua,MODIS,32,6.2,289.2,12.7,N,0
-35.436,141.9204,309.2,1.4,1.2,2014-01-18,1603,Aqua,MODIS,46,6.2,289.1,14.2,N,0
-35.445,141.9031,307.6,1.4,1.2,2014-01-18,1603,Aqua,MODIS,28,6.2,289.6,13,N,0
-22.3143,118.017,307.5,1.1,1,2014-01-18,1738,Aqua,MODIS,70,6.2,294.5,6,N,0
-23.9603,146.4447,322.2,4,1.9,2014-01-18,2346,Terra,MODIS,27,6.2,301.2,60,D,0
-23.9768,146.44,334.6,4,1.9,2014-01-18,2346,Terra,MODIS,80,6.2,299.5,179.5,D,0
-23.9633,146.4362,324.1,4,1.9,2014-01-18,2346,Terra,MODIS,47,6.2,301,77,D,0
-23.9798,146.4316,326.4,4,1.9,2014-01-18,2346,Terra,MODIS,51,6.2,299,100.6,D,0
-26.0523,151.271,327.6,1.7,1.3,2014-01-18,2347,Terra,MODIS,73,6.2,301.8,33.6,D,0
-26.049,151.265,320.8,1.7,1.3,2014-01-18,2347,Terra,MODIS,50,6.2,303,16.7,D,0
-26.0521,151.2816,323.9,1.7,1.3,2014-01-18,2347,Terra,MODIS,64,6.2,300.6,22.7,D,0
-28.4299,150.0121,331.6,1.8,1.3,2014-01-18,2347,Terra,MODIS,67,6.2,308.4,28.4,D,0
-28.4263,149.9937,336.6,1.8,1.3,2014-01-18,2347,Terra,MODIS,81,6.2,308.8,46.1,D,0
-28.4215,150.0018,326.6,1.8,1.3,2014-01-18,2347,Terra,MODIS,46,6.2,307.2,18,D,0
-31.6194,151.8013,323.9,1.2,1.1,2014-01-18,2348,Terra,MODIS,61,6.2,303.7,19.5,D,0
-31.6215,151.8136,335.9,1.2,1.1,2014-01-18,2348,Terra,MODIS,83,6.2,306.8,40.7,D,0
-31.6204,151.8084,336.6,1.2,1.1,2014-01-18,2348,Terra,MODIS,83,6.2,305.7,40.3,D,0
-31.645,151.5955,330.2,1.3,1.1,2014-01-18,2348,Terra,MODIS,61,6.2,311.9,23.7,D,0
-35.1693,148.154,342.6,1.7,1.3,2014-01-18,2349,Terra,MODIS,59,6.2,317.5,52.1,D,0
-35.1728,148.1717,353.1,1.7,1.3,2014-01-18,2349,Terra,MODIS,96,6.2,314.6,104.4,D,0
-35.1733,148.1136,338.5,1.7,1.3,2014-01-18,2349,Terra,MODIS,60,6.2,313.4,38.6,D,0
-35.1808,148.1513,342.4,1.7,1.3,2014-01-18,2349,Terra,MODIS,69,6.2,312.4,55.7,D,0
-35.181,148.0917,361.8,1.7,1.3,2014-01-18,2349,Terra,MODIS,100,6.2,312.7,153.2,D,0
-35.1881,148.0841,350.1,1.7,1.3,2014-01-18,2349,Terra,MODIS,94,6.2,309.1,95.1,D,0
-35.4025,148.2089,404.4,1.7,1.3,2014-01-18,2349,Terra,MODIS,100,6.2,303.7,566.7,D,0
-35.4059,148.2263,411.3,1.7,1.3,2014-01-18,2349,Terra,MODIS,75,6.2,306.2,665.4,D,0
-35.3992,148.204,353.4,1.7,1.3,2014-01-18,2349,Terra,MODIS,96,6.2,300.8,118.4,D,0
-35.4027,148.2216,405,1.7,1.3,2014-01-18,2349,Terra,MODIS,75,6.2,308.3,571.5,D,0
-35.4141,148.2185,356.1,1.7,1.3,2014-01-18,2349,Terra,MODIS,85,6.2,301.3,134.6,D,0
-35.4255,148.2158,328.2,1.7,1.3,2014-01-18,2349,Terra,MODIS,46,6.2,303.9,32.3,D,0
-35.4368,148.2129,374.8,1.7,1.3,2014-01-18,2349,Terra,MODIS,100,6.2,301.9,256,D,0
-35.4405,148.2313,353.2,1.7,1.3,2014-01-18,2349,Terra,MODIS,91,6.2,300.9,121.8,D,0
-33.8143,149.438,338.4,1.5,1.2,2014-01-18,2349,Terra,MODIS,85,6.2,306.3,49.2,D,0
-33.8112,149.4216,340.4,1.5,1.2,2014-01-18,2349,Terra,MODIS,86,6.2,309.7,53.4,D,0
-33.822,149.4184,334.1,1.5,1.2,2014-01-18,2349,Terra,MODIS,59,6.2,308.9,34.8,D,0
-33.8518,149.2106,325.6,1.6,1.2,2014-01-18,2349,Terra,MODIS,58,6.2,305.6,21.4,D,0
-33.2059,150.4761,346.4,1.4,1.2,2014-01-18,2349,Terra,MODIS,92,6.2,301.5,70.9,D,0
-33.2191,150.4892,334.9,1.4,1.2,2014-01-18,2349,Terra,MODIS,82,6.2,300.9,41.8,D,0
-33.2086,150.4914,356.7,1.4,1.2,2014-01-18,2349,Terra,MODIS,98,6.2,305.4,107,D,0
-35.5618,147.725,380,1.8,1.3,2014-01-18,2349,Terra,MODIS,100,6.2,305,326.4,D,0
-35.5309,147.6332,353.3,1.8,1.3,2014-01-18,2349,Terra,MODIS,96,6.2,309.1,120.6,D,0
-35.5815,147.6393,330.1,1.8,1.3,2014-01-18,2349,Terra,MODIS,44,6.2,302.8,19.9,D,0
-35.5781,147.5901,333.2,1.8,1.3,2014-01-18,2349,Terra,MODIS,82,6.2,306.1,39.2,D,0
-35.5812,147.6993,338.4,1.8,1.3,2014-01-18,2349,Terra,MODIS,52,6.2,301.1,61.2,D,0
-35.5734,147.5986,346.1,1.8,1.3,2014-01-18,2349,Terra,MODIS,92,6.2,306.4,87.9,D,0
-35.5618,147.6026,331.5,1.8,1.3,2014-01-18,2349,Terra,MODIS,35,6.2,304.8,31.5,D,0
-35.8054,147.4238,337,1.8,1.3,2014-01-18,2349,Terra,MODIS,87,6.2,305.8,52.9,D,0
-35.5696,147.7028,384.7,1.8,1.3,2014-01-18,2349,Terra,MODIS,100,6.2,305,366.6,D,0
-35.5734,147.7215,373.8,1.8,1.3,2014-01-18,2349,Terra,MODIS,100,6.2,301.5,274.7,D,0
-35.5349,147.7135,348.4,1.8,1.3,2014-01-18,2349,Terra,MODIS,89,6.2,303.5,97.5,D,0
-35.5503,147.6067,332.9,1.8,1.3,2014-01-18,2349,Terra,MODIS,72,6.2,304.2,37.9,D,0
-35.5581,147.7064,382.7,1.8,1.3,2014-01-18,2349,Terra,MODIS,100,6.2,305.4,343.4,D,0
-35.5788,147.7132,331.8,1.8,1.3,2014-01-18,2349,Terra,MODIS,54,6.2,300.5,46.6,D,0
-35.5898,147.5863,328.2,1.8,1.3,2014-01-18,2349,Terra,MODIS,41,6.2,306.5,23.5,D,0
-35.5464,147.7099,394.5,1.8,1.3,2014-01-18,2349,Terra,MODIS,100,6.2,305.9,471.5,D,0
-35.5749,147.6943,341.3,1.8,1.3,2014-01-18,2349,Terra,MODIS,66,6.2,303.5,72.6,D,0
-35.3687,141.9321,319.4,4,1.9,2014-01-18,2350,Terra,MODIS,30,6.2,304.6,53.5,D,0
-35.3413,141.8949,319,4.1,1.9,2014-01-18,2350,Terra,MODIS,44,6.2,304.1,61.4,D,0
-35.3524,141.9384,319,4,1.9,2014-01-18,2350,Terra,MODIS,44,6.2,304.4,59.8,D,0
-35.3547,141.9298,320.5,4,1.9,2014-01-18,2350,Terra,MODIS,36,6.2,304.9,60.7,D,0
-27.6002,141.714,340.2,3.5,1.8,2014-01-19,0125,Terra,MODIS,42,6.2,318.5,78.7,D,0
-31.8065,133.9849,335.3,1.2,1.1,2014-01-19,0127,Terra,MODIS,78,6.2,311.1,24.4,D,0
-31.8149,133.9702,349.4,1.2,1.1,2014-01-19,0127,Terra,MODIS,93,6.2,311.4,60.9,D,0
-31.8134,133.9571,353.5,1.2,1.1,2014-01-19,0127,Terra,MODIS,96,6.2,308.7,73.3,D,0
-31.8081,133.9979,328.9,1.2,1.1,2014-01-19,0127,Terra,MODIS,45,6.2,308.3,10.6,D,0
-31.713,133.1446,324.8,1.1,1.1,2014-01-19,0127,Terra,MODIS,34,6.2,307,8.8,D,0
-35.3372,141.9072,330.9,4.3,1.9,2014-01-19,0128,Terra,MODIS,24,6.2,309.6,138,D,0
-36.9489,142.3715,339.3,1.8,1.3,2014-01-19,0405,Aqua,MODIS,85,6.2,313.6,56,D,0
-36.9431,142.3784,335.4,1.8,1.3,2014-01-19,0405,Aqua,MODIS,81,6.2,313.3,40.6,D,0
-35.3554,141.9295,349.1,1.8,1.3,2014-01-19,0405,Aqua,MODIS,89,6.2,321.5,80.9,D,0
-35.3536,141.9496,341.1,1.8,1.3,2014-01-19,0405,Aqua,MODIS,30,6.2,318.3,49.6,D,0
-35.3129,141.7942,357.7,1.8,1.3,2014-01-19,0405,Aqua,MODIS,96,6.2,317.9,140.9,D,0
-35.3111,141.8145,352.9,1.8,1.3,2014-01-19,0405,Aqua,MODIS,79,6.2,320,108.5,D,0
-35.6262,142.064,339,1.8,1.3,2014-01-19,0405,Aqua,MODIS,82,6.2,319,47.5,D,0
-35.6193,142.0783,353.3,1.8,1.3,2014-01-19,0405,Aqua,MODIS,95,6.2,318.5,113.2,D,0
-34.8741,140.4173,333,2.2,1.4,2014-01-19,0405,Aqua,MODIS,55,6.2,315.8,35.9,D,0
-33.2166,150.5054,332.4,1.1,1.1,2014-01-19,0405,Aqua,MODIS,62,6.2,304.8,23.5,D,0
-33.2091,150.4911,328.6,1.1,1.1,2014-01-19,0405,Aqua,MODIS,38,6.2,306,16.4,D,0
-33.2111,150.4789,337.4,1.1,1.1,2014-01-19,0405,Aqua,MODIS,82,6.2,305.8,31.5,D,0
-35.6126,142.0822,341.3,1.8,1.3,2014-01-19,0405,Aqua,MODIS,79,6.2,315.7,56.1,D,0
-35.6143,142.0623,358.2,1.8,1.3,2014-01-19,0405,Aqua,MODIS,98,6.2,319.4,139.1,D,0
-34.8778,140.4128,331.9,2.2,1.4,2014-01-19,0405,Aqua,MODIS,40,6.2,316.7,28.6,D,0
-35.429,141.9191,346.3,1.8,1.3,2014-01-19,0405,Aqua,MODIS,90,6.2,320.5,68.5,D,0
-35.3499,141.9216,346.6,1.8,1.3,2014-01-19,0405,Aqua,MODIS,68,6.2,322,73,D,0
-35.5599,142.0702,336.9,1.8,1.3,2014-01-19,0405,Aqua,MODIS,63,6.2,317.1,45.5,D,0
-35.36,141.9433,345.5,1.8,1.3,2014-01-19,0405,Aqua,MODIS,67,6.2,319.5,70.3,D,0
-37.0933,142.5077,342.2,1.7,1.3,2014-01-19,0405,Aqua,MODIS,88,6.2,303.5,80.1,D,0
-35.5736,142.0521,345.1,1.8,1.3,2014-01-19,0405,Aqua,MODIS,71,6.2,319.7,69.6,D,0
-35.5617,142.0504,336.9,1.8,1.3,2014-01-19,0405,Aqua,MODIS,68,6.2,319.4,45,D,0
-35.348,141.9417,362.1,1.8,1.3,2014-01-19,0405,Aqua,MODIS,100,6.2,319.7,164.1,D,0
-35.6093,142.0569,332.6,1.8,1.3,2014-01-19,0405,Aqua,MODIS,61,6.2,318,25.8,D,0
-35.6212,142.0585,351.4,1.8,1.3,2014-01-19,0405,Aqua,MODIS,94,6.2,321.6,102.5,D,0
-35.5754,142.0321,359,1.8,1.3,2014-01-19,0405,Aqua,MODIS,99,6.2,320.2,142.4,D,0
-35.3278,141.8985,353.5,1.8,1.3,2014-01-19,0405,Aqua,MODIS,77,6.2,318.3,115,D,0
-35.3361,141.9401,372.3,1.8,1.3,2014-01-19,0405,Aqua,MODIS,100,6.2,316.3,246.5,D,0
-37.1376,142.7573,329.4,1.7,1.3,2014-01-19,0405,Aqua,MODIS,60,6.2,308.2,24.1,D,0
-37.1261,142.7553,360.4,1.7,1.3,2014-01-19,0405,Aqua,MODIS,100,6.2,310.1,154.9,D,0
-35.4032,141.9359,360.5,1.8,1.3,2014-01-19,0405,Aqua,MODIS,100,6.2,322.1,145.8,D,0
-35.0335,141.2872,355.6,2,1.4,2014-01-19,0405,Aqua,MODIS,97,6.2,318.7,141.5,D,0
-37.0052,142.4879,336,1.7,1.3,2014-01-19,0405,Aqua,MODIS,82,6.2,307.1,49.1,D,0
-37.0186,142.4725,325.6,1.8,1.3,2014-01-19,0405,Aqua,MODIS,28,6.2,308.8,17.6,D,0
-35.3379,141.9201,356.9,1.8,1.3,2014-01-19,0405,Aqua,MODIS,98,6.2,319.6,138.9,D,0
-35.3435,141.8598,343.2,1.8,1.3,2014-01-19,0405,Aqua,MODIS,44,6.2,319.1,53,D,0
-37.1145,142.7533,323.4,1.7,1.3,2014-01-19,0405,Aqua,MODIS,29,6.2,307,12.6,D,0
-35.2003,142.4229,340.7,1.7,1.3,2014-01-19,0405,Aqua,MODIS,82,6.2,319.4,45.8,D,0
-35.2119,142.4244,336.7,1.7,1.3,2014-01-19,0405,Aqua,MODIS,76,6.2,320.2,32.2,D,0
-35.3296,141.8784,375.8,1.8,1.3,2014-01-19,0405,Aqua,MODIS,100,6.2,321.5,272.2,D,0
-35.3416,141.8798,360.9,1.8,1.3,2014-01-19,0405,Aqua,MODIS,100,6.2,323.9,155.3,D,0
-35.3865,141.8521,338.8,1.8,1.3,2014-01-19,0405,Aqua,MODIS,78,6.2,320.5,42.3,D,0
-37.0169,142.4904,410.7,1.7,1.3,2014-01-19,0405,Aqua,MODIS,100,6.2,314,698.9,D,0
-35.3656,141.9511,343.2,1.8,1.3,2014-01-19,0405,Aqua,MODIS,74,6.2,319.6,58.8,D,0
-36.8977,142.4057,328.8,1.8,1.3,2014-01-19,0405,Aqua,MODIS,61,6.2,313.8,23.8,D,0
-36.8961,142.4242,331.1,1.8,1.3,2014-01-19,0405,Aqua,MODIS,75,6.2,313.3,28.9,D,0
-37.0153,142.5084,337,1.7,1.3,2014-01-19,0405,Aqua,MODIS,83,6.2,309.4,54.4,D,0
-35.3673,141.9311,349,1.8,1.3,2014-01-19,0405,Aqua,MODIS,92,6.2,321,82.1,D,0
-35.3719,141.9449,339.3,1.8,1.3,2014-01-19,0405,Aqua,MODIS,59,6.2,318.9,45.1,D,0
-35.295,141.8076,336.9,1.8,1.3,2014-01-19,0405,Aqua,MODIS,61,6.2,313.3,44.8,D,0
-35.293,141.8279,339.7,1.8,1.3,2014-01-19,0405,Aqua,MODIS,74,6.2,314.8,55.9,D,0
-35.3744,141.8505,347.8,1.8,1.3,2014-01-19,0405,Aqua,MODIS,91,6.2,318.7,81.1,D,0
-35.299,141.8129,349.9,1.8,1.3,2014-01-19,0405,Aqua,MODIS,89,6.2,314.9,97.1,D,0
-35.4152,141.9376,349.4,1.8,1.3,2014-01-19,0405,Aqua,MODIS,92,6.2,321.1,82.6,D,0
-35.3249,141.7958,338.7,1.8,1.3,2014-01-19,0405,Aqua,MODIS,54,6.2,317.2,49.3,D,0
-37.1424,142.4415,337.9,1.8,1.3,2014-01-19,0405,Aqua,MODIS,70,6.2,299.2,69.6,D,0
-35.337,141.7975,340.5,1.8,1.3,2014-01-19,0405,Aqua,MODIS,72,6.2,317.7,57.5,D,0
-37.1387,142.483,337,1.8,1.3,2014-01-19,0405,Aqua,MODIS,77,6.2,298.4,67.7,D,0
-37.1544,142.441,324.2,1.8,1.3,2014-01-19,0405,Aqua,MODIS,52,6.2,297.6,34.7,D,0
-37.1525,142.4626,362.4,1.8,1.3,2014-01-19,0405,Aqua,MODIS,100,6.2,299.4,196.1,D,0
-35.3795,141.8644,336.5,1.8,1.3,2014-01-19,0405,Aqua,MODIS,46,6.2,321.1,28.3,D,0
-35.3814,141.8444,342.4,1.8,1.3,2014-01-19,0405,Aqua,MODIS,81,6.2,319.7,56.9,D,0
-37.0228,142.4955,379.7,1.7,1.3,2014-01-19,0405,Aqua,MODIS,100,6.2,307.8,309.5,D,0
-37.058,142.5022,363.7,1.7,1.3,2014-01-19,0405,Aqua,MODIS,100,6.2,308.8,186.1,D,0
-36.6719,147.741,337.1,1,1,2014-01-19,0405,Aqua,MODIS,76,6.2,297.4,31.4,D,0
-35.1614,148.1049,344.4,1,1,2014-01-19,0405,Aqua,MODIS,71,6.2,321.3,19.1,D,0
-36.681,147.7428,331.7,1,1,2014-01-19,0405,Aqua,MODIS,49,6.2,297,23.3,D,0
-35.1795,148.1088,356.3,1,1,2014-01-19,0405,Aqua,MODIS,59,6.2,314,51.9,D,0
-35.1704,148.1069,388.3,1,1,2014-01-19,0405,Aqua,MODIS,100,6.2,324.4,156.8,D,0
-35.172,148.0959,397.7,1,1,2014-01-19,0405,Aqua,MODIS,94,6.2,330.5,205,D,0
-35.163,148.094,347.9,1,1,2014-01-19,0405,Aqua,MODIS,90,6.2,325.5,24.7,D,0
-35.4372,148.2396,387.8,1,1,2014-01-19,0405,Aqua,MODIS,65,6.2,301.9,173.3,D,0
-35.4388,148.2286,438.6,1,1,2014-01-19,0405,Aqua,MODIS,94,6.2,326.7,561.5,D,0
-35.4403,148.2176,372.4,1,1,2014-01-19,0405,Aqua,MODIS,94,6.2,311.4,109.8,D,0
-35.4282,148.2377,399.1,1,1,2014-01-19,0405,Aqua,MODIS,71,6.2,308.6,233.5,D,0
-35.4297,148.2267,420.8,1,1,2014-01-19,0405,Aqua,MODIS,100,6.2,322.9,388.4,D,0
-35.4313,148.2156,340.1,1,1,2014-01-19,0405,Aqua,MODIS,54,6.2,309,30.2,D,0
-35.4329,148.2046,374.1,1,1,2014-01-19,0405,Aqua,MODIS,94,6.2,310.6,117.4,D,0
-35.4192,148.2357,380.8,1,1,2014-01-19,0405,Aqua,MODIS,0,6.2,305,142.7,D,0
-35.4207,148.2247,354.9,1,1,2014-01-19,0405,Aqua,MODIS,86,6.2,298.8,59.8,D,0
-35.4239,148.2027,327.9,1,1,2014-01-19,0405,Aqua,MODIS,34,6.2,289.2,12.6,D,0
-35.4255,148.1916,339.2,1,1,2014-01-19,0405,Aqua,MODIS,78,6.2,299.8,28.9,D,0
-35.4118,148.2227,411,1,1,2014-01-19,0405,Aqua,MODIS,82,6.2,307.1,311.7,D,0
-35.4012,148.2318,355.1,1,1,2014-01-19,0405,Aqua,MODIS,73,6.2,304,59,D,0
-33.8299,149.4391,434,1,1,2014-01-19,0405,Aqua,MODIS,100,6.2,329.1,537.5,D,0
-33.8317,149.4279,372.4,1,1,2014-01-19,0405,Aqua,MODIS,100,6.2,315.3,113.3,D,0
-33.8282,149.4502,403.4,1,1,2014-01-19,0405,Aqua,MODIS,100,6.2,317.7,272.8,D,0
-33.819,149.4482,367.9,1,1,2014-01-19,0405,Aqua,MODIS,100,6.2,312.7,97.8,D,0
-33.8334,149.4168,331,1,1,2014-01-19,0405,Aqua,MODIS,28,6.2,313.6,13,D,0
-33.8208,149.4371,354.7,1,1,2014-01-19,0405,Aqua,MODIS,96,6.2,312.4,57.6,D,0
-33.8242,149.4148,333.7,1,1,2014-01-19,0405,Aqua,MODIS,50,6.2,312,15.8,D,0
-33.8082,149.4572,330.9,1,1,2014-01-19,0405,Aqua,MODIS,0,6.2,295,17.1,D,0
-33.8099,149.4461,384.2,1,1,2014-01-19,0405,Aqua,MODIS,94,6.2,317.4,166.7,D,0
-33.8116,149.4349,370.9,1,1,2014-01-19,0405,Aqua,MODIS,100,6.2,315.9,109.7,D,0
-33.8134,149.4238,356.4,1,1,2014-01-19,0405,Aqua,MODIS,97,6.2,314.4,62.9,D,0
-33.8151,149.4127,366.7,1,1,2014-01-19,0405,Aqua,MODIS,100,6.2,314.9,93.3,D,0
-33.8644,149.2171,368.4,1,1,2014-01-19,0405,Aqua,MODIS,100,6.2,318.2,93.7,D,0
-33.8661,149.2061,370.8,1,1,2014-01-19,0405,Aqua,MODIS,100,6.2,319.8,102,D,0
-33.8678,149.195,333.2,1,1,2014-01-19,0405,Aqua,MODIS,74,6.2,316.3,12.8,D,0
-33.8519,149.237,357.5,1,1,2014-01-19,0405,Aqua,MODIS,98,6.2,307.5,65.7,D,0
-33.8536,149.2259,446,1,1,2014-01-19,0405,Aqua,MODIS,100,6.2,334,670.2,D,0
-33.8553,149.215,402.1,1,1,2014-01-19,0405,Aqua,MODIS,100,6.2,331.5,254.8,D,0
-33.857,149.2041,357.9,1,1,2014-01-19,0405,Aqua,MODIS,98,6.2,322.4,61.1,D,0
-33.8586,149.1931,337.4,1,1,2014-01-19,0405,Aqua,MODIS,76,6.2,317,18,D,0
-33.8462,149.213,349.3,1,1,2014-01-19,0405,Aqua,MODIS,92,6.2,314.9,41.5,D,0
-33.8479,149.202,366.4,1,1,2014-01-19,0405,Aqua,MODIS,100,6.2,319.6,87,D,0
-33.8495,149.1911,333.4,1,1,2014-01-19,0405,Aqua,MODIS,70,6.2,315.7,12.3,D,0
-33.8445,149.224,342.7,1,1,2014-01-19,0405,Aqua,MODIS,87,6.2,312.8,32.4,D,0
-36.6522,147.7485,335.1,1,1,2014-01-19,0405,Aqua,MODIS,86,6.2,296.3,31.3,D,0
-35.5331,147.6207,363.2,1,1,2014-01-19,0405,Aqua,MODIS,100,6.2,314,79.5,D,0
-35.8135,147.442,377.1,1,1,2014-01-19,0405,Aqua,MODIS,100,6.2,323.1,116.3,D,0
-35.8166,147.4192,347.1,1,1,2014-01-19,0405,Aqua,MODIS,75,6.2,309.3,30,D,0
-35.8226,147.444,466.5,1,1,2014-01-19,0405,Aqua,MODIS,100,6.2,400.1,956.8,D,0
-35.8302,147.4573,385.8,1,1,2014-01-19,0405,Aqua,MODIS,100,6.2,304.3,167.3,D,0
-35.5606,147.609,346.5,1,1,2014-01-19,0405,Aqua,MODIS,89,6.2,311.8,31.7,D,0
-35.5969,147.6166,387,1,1,2014-01-19,0405,Aqua,MODIS,100,6.2,318.3,166.6,D,0
-37.5266,146.0618,311.8,1.2,1.1,2014-01-19,0405,Aqua,MODIS,22,6.2,296.1,8.8,D,0
-35.5727,147.5884,355.9,1,1,2014-01-19,0405,Aqua,MODIS,97,6.2,316.8,58.7,D,0
-35.5877,147.6837,432.2,1,1,2014-01-19,0405,Aqua,MODIS,100,6.2,323.6,494.3,D,0
-35.5982,147.6745,426.8,1,1,2014-01-19,0405,Aqua,MODIS,100,6.2,318.9,443.9,D,0
-35.5862,147.626,384.2,1,1,2014-01-19,0405,Aqua,MODIS,100,6.2,315.8,148.9,D,0
-35.5315,147.6319,355.5,1,1,2014-01-19,0405,Aqua,MODIS,91,6.2,296.9,58.7,D,0
-35.5439,147.5941,353.6,1,1,2014-01-19,0405,Aqua,MODIS,95,6.2,313.9,48.4,D,0
-35.5424,147.6054,421.9,1,1,2014-01-19,0405,Aqua,MODIS,100,6.2,320.2,396.7,D,0
-36.1269,147.3019,339.3,1,1,2014-01-19,0405,Aqua,MODIS,46,6.2,315,24.7,D,0
-35.5952,147.6967,438.5,1,1,2014-01-19,0405,Aqua,MODIS,94,6.2,314,567.3,D,0
-35.8317,147.4461,420.5,1,1,2014-01-19,0405,Aqua,MODIS,100,6.2,321.8,393.9,D,0
-37.5476,146.0525,337.3,1.2,1.1,2014-01-19,0405,Aqua,MODIS,88,6.2,297.9,43.3,D,0
-35.5861,147.6948,444.6,1,1,2014-01-19,0405,Aqua,MODIS,100,6.2,319.8,638.1,D,0
-35.815,147.4307,392.8,1,1,2014-01-19,0405,Aqua,MODIS,100,6.2,328.6,189.4,D,0
-35.5878,147.6147,360.1,1,1,2014-01-19,0405,Aqua,MODIS,100,6.2,312.9,65.5,D,0
-35.5967,147.6856,435.6,1,1,2014-01-19,0405,Aqua,MODIS,100,6.2,317,532.4,D,0
-35.5998,147.6633,347.1,1,1,2014-01-19,0405,Aqua,MODIS,86,6.2,307.5,38,D,0
-35.6044,147.6298,346.4,1,1,2014-01-19,0405,Aqua,MODIS,90,6.2,309.7,38.8,D,0
-35.5984,147.6053,340.8,1,1,2014-01-19,0405,Aqua,MODIS,80,6.2,313,24.7,D,0
-35.5409,147.6166,397.8,1,1,2014-01-19,0405,Aqua,MODIS,100,6.2,314,223.8,D,0
-35.5393,147.6277,353.9,1,1,2014-01-19,0405,Aqua,MODIS,83,6.2,306,53.1,D,0
-35.5224,147.63,338,1,1,2014-01-19,0405,Aqua,MODIS,73,6.2,307.6,23.1,D,0
-35.5209,147.6412,375.8,1,1,2014-01-19,0405,Aqua,MODIS,94,6.2,313.9,122.1,D,0
-35.5909,147.5922,334.2,1,1,2014-01-19,0405,Aqua,MODIS,40,6.2,308.5,13.5,D,0
-35.5515,147.6072,377.9,1,1,2014-01-19,0405,Aqua,MODIS,100,6.2,311.5,123.3,D,0
-36.4803,147.4517,324.1,1,1,2014-01-19,0405,Aqua,MODIS,18,6.2,309.5,10.1,D,0
-37.5363,146.0641,322,1.2,1.1,2014-01-19,0405,Aqua,MODIS,76,6.2,296.4,20,D,0
-35.806,147.4287,352.6,1,1,2014-01-19,0405,Aqua,MODIS,95,6.2,320.4,39,D,0
-35.8075,147.4173,340.1,1,1,2014-01-19,0405,Aqua,MODIS,76,6.2,319.1,14.9,D,0
-37.5573,146.0544,325.4,1.2,1.1,2014-01-19,0405,Aqua,MODIS,78,6.2,297.9,23.9,D,0
-35.5621,147.5978,378.6,1,1,2014-01-19,0405,Aqua,MODIS,100,6.2,318.4,125.8,D,0
-35.8211,147.4552,391,1,1,2014-01-19,0405,Aqua,MODIS,100,6.2,313.3,188,D,0
-35.8242,147.4326,419.7,1,1,2014-01-19,0405,Aqua,MODIS,100,6.2,331,382.1,D,0
-37.5459,146.0665,330,1.2,1.1,2014-01-19,0405,Aqua,MODIS,83,6.2,297.9,30.3,D,0
-35.5712,147.5996,346.5,1,1,2014-01-19,0405,Aqua,MODIS,89,6.2,315.3,33.9,D,0
-35.5893,147.6034,352.6,1,1,2014-01-19,0405,Aqua,MODIS,95,6.2,309.7,46.6,D,0
-35.5453,147.7207,349.4,1,1,2014-01-19,0405,Aqua,MODIS,87,6.2,296.3,45.7,D,0
-35.5802,147.6015,339.7,1,1,2014-01-19,0405,Aqua,MODIS,35,6.2,315.3,21,D,0
-35.812,147.4533,364,1,1,2014-01-19,0405,Aqua,MODIS,100,6.2,319.2,71.8,D,0
-35.5937,147.7078,363.8,1,1,2014-01-19,0405,Aqua,MODIS,0,6.2,286.8,84,D,0
-36.1253,147.3134,341.7,1,1,2014-01-19,0405,Aqua,MODIS,67,6.2,314.6,27.7,D,0
-36.1324,147.3087,357.2,1,1,2014-01-19,0405,Aqua,MODIS,98,6.2,315.8,68.2,D,0
-35.5818,147.5903,351.4,1,1,2014-01-19,0405,Aqua,MODIS,94,6.2,310.4,47.5,D,0
-35.6104,147.6541,330,1,1,2014-01-19,0405,Aqua,MODIS,39,6.2,306.9,15.7,D,0
-35.6013,147.6522,365.3,1,1,2014-01-19,0405,Aqua,MODIS,100,6.2,309.8,84.6,D,0
-35.6028,147.6411,351.3,1,1,2014-01-19,0405,Aqua,MODIS,94,6.2,306.9,48.1,D,0
-35.5892,147.6726,366.3,1,1,2014-01-19,0405,Aqua,MODIS,100,6.2,312.6,83.4,D,0
-35.5953,147.6279,395.9,1,1,2014-01-19,0405,Aqua,MODIS,100,6.2,313.5,212.1,D,0
-35.8333,147.4345,347.1,1,1,2014-01-19,0405,Aqua,MODIS,65,6.2,311.6,37.7,D,0
-35.553,147.596,435.4,1,1,2014-01-19,0405,Aqua,MODIS,100,6.2,324.4,526.7,D,0
-35.5545,147.5847,343.6,1,1,2014-01-19,0405,Aqua,MODIS,78,6.2,316.2,27.8,D,0
-35.5194,147.6524,385.4,1,1,2014-01-19,0405,Aqua,MODIS,94,6.2,311.2,164.2,D,0
-33.0769,138.1512,334.3,3,1.6,2014-01-19,0406,Aqua,MODIS,74,6.2,303.9,97.2,D,0
-33.0919,138.1518,355.4,3,1.6,2014-01-19,0406,Aqua,MODIS,97,6.2,304.3,298.6,D,0
-32.135,149.015,343.8,1,1,2014-01-19,0406,Aqua,MODIS,79,6.2,319.7,24.9,D,0
-31.8223,145.8156,350.9,1.1,1,2014-01-19,0406,Aqua,MODIS,93,6.2,328.2,33.4,D,0
-33.0787,138.1457,339.4,3,1.6,2014-01-19,0406,Aqua,MODIS,82,6.2,304.4,134,D,0
-32.1367,149.0041,347.6,1,1,2014-01-19,0406,Aqua,MODIS,89,6.2,320.5,32.5,D,0
-32.6417,150.8064,332.7,1.2,1.1,2014-01-19,0406,Aqua,MODIS,76,6.2,306.4,22.5,D,0
-32.6493,150.8216,341.4,1.2,1.1,2014-01-19,0406,Aqua,MODIS,87,6.2,309.3,39.4,D,0
-32.6354,150.8445,341.5,1.2,1.1,2014-01-19,0406,Aqua,MODIS,87,6.2,308.5,40.5,D,0
-32.6256,150.8424,345.3,1.2,1.1,2014-01-19,0406,Aqua,MODIS,90,6.2,308.5,48.9,D,0
-32.6159,150.8399,347.7,1.2,1.1,2014-01-19,0406,Aqua,MODIS,92,6.2,306.9,56.9,D,0
-32.6062,150.8373,338.9,1.2,1.1,2014-01-19,0406,Aqua,MODIS,84,6.2,306.8,37,D,0
-32.6148,150.7865,332.9,1.2,1.1,2014-01-19,0406,Aqua,MODIS,69,6.2,306.6,23.8,D,0
-32.6126,150.7992,325.8,1.2,1.1,2014-01-19,0406,Aqua,MODIS,23,6.2,304.9,12.7,D,0
-32.6245,150.789,331.2,1.2,1.1,2014-01-19,0406,Aqua,MODIS,56,6.2,307.2,19.7,D,0
-32.5943,150.8473,336,1.2,1.1,2014-01-19,0406,Aqua,MODIS,81,6.2,308,30.9,D,0
-32.5965,150.8347,336.7,1.2,1.1,2014-01-19,0406,Aqua,MODIS,82,6.2,306.3,32.1,D,0
-32.5975,150.7692,341.5,1.2,1.1,2014-01-19,0406,Aqua,MODIS,87,6.2,306.1,42.3,D,0
-32.647,150.8394,343.5,1.2,1.1,2014-01-19,0406,Aqua,MODIS,89,6.2,309.7,41.8,D,0
-32.6513,150.8143,339.1,1.2,1.1,2014-01-19,0406,Aqua,MODIS,85,6.2,308.6,32.5,D,0
-32.6472,150.834,349.2,1.2,1.1,2014-01-19,0406,Aqua,MODIS,93,6.2,310.1,58.5,D,0
-32.6451,150.8467,325.5,1.2,1.1,2014-01-19,0406,Aqua,MODIS,41,6.2,308.7,12,D,0
-32.6491,150.827,357.3,1.2,1.1,2014-01-19,0406,Aqua,MODIS,98,6.2,309.7,79.6,D,0
-32.6223,150.8018,352.5,1.2,1.1,2014-01-19,0406,Aqua,MODIS,95,6.2,307.1,68.5,D,0
-32.6321,150.8038,326.7,1.2,1.1,2014-01-19,0406,Aqua,MODIS,33,6.2,305.3,11.7,D,0
-32.8062,150.6889,325,1.2,1.1,2014-01-19,0406,Aqua,MODIS,60,6.2,308.6,12.8,D,0
-32.6515,150.8087,328.5,1.2,1.1,2014-01-19,0406,Aqua,MODIS,58,6.2,308.8,15.9,D,0
-32.3423,151.5785,328,1.3,1.1,2014-01-19,0406,Aqua,MODIS,59,6.2,305.3,18.3,D,0
-32.3322,151.5757,322.1,1.3,1.1,2014-01-19,0406,Aqua,MODIS,28,6.2,305.2,9.9,D,0
-32.3365,151.5716,325.3,1.3,1.1,2014-01-19,0406,Aqua,MODIS,53,6.2,305.3,15,D,0
-25.7303,151.001,330.4,1.6,1.2,2014-01-19,0407,Aqua,MODIS,47,6.2,311,21,D,0
-26.5063,150.5508,332.3,1.4,1.2,2014-01-19,0407,Aqua,MODIS,59,6.2,311.9,24.1,D,0
-26.0357,151.2941,342.6,1.6,1.3,2014-01-19,0407,Aqua,MODIS,85,6.2,308.1,63.9,D,0
-26.0641,151.2667,333,1.6,1.3,2014-01-19,0407,Aqua,MODIS,38,6.2,312.5,26.1,D,0
-26.0499,151.2806,352.1,1.6,1.3,2014-01-19,0407,Aqua,MODIS,94,6.2,315.4,98.6,D,0
-26.0529,151.2643,337.7,1.6,1.3,2014-01-19,0407,Aqua,MODIS,58,6.2,315.3,40.7,D,0
-26.0387,151.2778,392.6,1.6,1.3,2014-01-19,0407,Aqua,MODIS,100,6.2,319.9,400.5,D,0
-26.0446,151.2457,331.3,1.6,1.3,2014-01-19,0407,Aqua,MODIS,37,6.2,313.6,23.7,D,0
-28.451,150.015,346.9,1.3,1.1,2014-01-19,0407,Aqua,MODIS,89,6.2,323,31.1,D,0
-25.2176,149.9861,356.8,1.4,1.2,2014-01-19,0408,Aqua,MODIS,97,6.2,311.1,100.4,D,0
-24.6222,149.0906,333.5,1.3,1.1,2014-01-19,0408,Aqua,MODIS,53,6.2,313.2,14.5,D,0
-22.2107,149.1413,349.4,1.4,1.2,2014-01-19,0408,Aqua,MODIS,92,6.2,313.6,69.7,D,0
-25.2141,149.98,342.7,1.4,1.2,2014-01-19,0408,Aqua,MODIS,86,6.2,310.7,56,D,0
-23.7888,146.4125,371.6,1,1,2014-01-19,0408,Aqua,MODIS,100,6.2,312.3,107.5,D,0
-25.2256,150.0025,346.2,1.4,1.2,2014-01-19,0408,Aqua,MODIS,89,6.2,311.3,59.9,D,0
-22.2219,149.1105,330.5,1.4,1.2,2014-01-19,0408,Aqua,MODIS,19,6.2,302.2,17.4,D,0
-24.6489,151.414,330,1.8,1.3,2014-01-19,0408,Aqua,MODIS,66,6.2,301.1,39.9,D,0
-23.8251,146.419,376,1,1,2014-01-19,0408,Aqua,MODIS,94,6.2,307.8,123.6,D,0
-24.6541,151.4521,327.2,1.8,1.3,2014-01-19,0408,Aqua,MODIS,28,6.2,306.1,30.6,D,0
-23.8342,146.4206,377.5,1,1,2014-01-19,0408,Aqua,MODIS,94,6.2,293.8,130.1,D,0
-22.2197,149.1238,342.4,1.4,1.2,2014-01-19,0408,Aqua,MODIS,84,6.2,306.1,46.2,D,0
-25.2281,149.9885,343.6,1.4,1.2,2014-01-19,0408,Aqua,MODIS,78,6.2,311,49.5,D,0
-22.1949,149.0778,404,1.4,1.2,2014-01-19,0408,Aqua,MODIS,94,6.2,311.1,423.3,D,0
-23.7979,146.4141,342.8,1,1,2014-01-19,0408,Aqua,MODIS,84,6.2,309.1,30.3,D,0
-22.2054,149.0797,389.5,1.4,1.2,2014-01-19,0408,Aqua,MODIS,94,6.2,310.6,286,D,0
-22.2159,149.0818,353.1,1.4,1.2,2014-01-19,0408,Aqua,MODIS,84,6.2,313.8,79.6,D,0
-23.7903,146.4025,345.4,1,1,2014-01-19,0408,Aqua,MODIS,78,6.2,314.3,36.6,D,0
-24.6606,151.4166,328.9,1.8,1.3,2014-01-19,0408,Aqua,MODIS,64,6.2,302.4,36.6,D,0
-24.6639,151.443,335.4,1.8,1.3,2014-01-19,0408,Aqua,MODIS,75,6.2,306.4,55,D,0
-23.7812,146.4008,387.5,1,1,2014-01-19,0408,Aqua,MODIS,75,6.2,306.5,175.5,D,0
-23.7827,146.3908,378.9,1,1,2014-01-19,0408,Aqua,MODIS,87,6.2,308.1,135.3,D,0
-23.7857,146.3709,348.4,1,1,2014-01-19,0408,Aqua,MODIS,40,6.2,310,43.5,D,0
-22.2152,149.1147,349.2,1.4,1.2,2014-01-19,0408,Aqua,MODIS,91,6.2,311.6,69.1,D,0
-23.8357,146.4106,388.1,1,1,2014-01-19,0408,Aqua,MODIS,100,6.2,315.8,176.6,D,0
-25.2305,149.9747,341.6,1.4,1.2,2014-01-19,0408,Aqua,MODIS,72,6.2,313.7,42.4,D,0
-23.807,146.4157,341.9,1,1,2014-01-19,0408,Aqua,MODIS,83,6.2,308.5,28.1,D,0
-22.2129,149.128,343.5,1.4,1.2,2014-01-19,0408,Aqua,MODIS,80,6.2,312,49.8,D,0
-25.249,149.9932,334.8,1.4,1.2,2014-01-19,0408,Aqua,MODIS,69,6.2,313.2,20.8,D,0
-23.8266,146.409,375.2,1,1,2014-01-19,0408,Aqua,MODIS,100,6.2,318.7,120.9,D,0
-22.2199,149.0879,346.2,1.4,1.2,2014-01-19,0408,Aqua,MODIS,89,6.2,311.9,57.2,D,0
-24.6672,151.4251,327.8,1.8,1.3,2014-01-19,0408,Aqua,MODIS,42,6.2,305.1,32,D,0
-24.7224,151.4563,329.6,1.8,1.3,2014-01-19,0408,Aqua,MODIS,70,6.2,305.1,37.3,D,0
-24.6573,151.4345,331,1.8,1.3,2014-01-19,0408,Aqua,MODIS,61,6.2,305.4,40.1,D,0
-23.7918,146.3925,347,1,1,2014-01-19,0408,Aqua,MODIS,54,6.2,314.1,39.6,D,0
-23.6821,148.7061,337,1.3,1.1,2014-01-19,0408,Aqua,MODIS,56,6.2,314,20.4,D,0
-23.6721,148.7041,336,1.3,1.1,2014-01-19,0408,Aqua,MODIS,45,6.2,314,19.7,D,0
-23.3871,150.6601,325.9,1.7,1.3,2014-01-19,0408,Aqua,MODIS,41,6.2,301.1,26.3,D,0
-23.986,146.4501,342.5,1,1,2014-01-19,0408,Aqua,MODIS,83,6.2,318.1,26.7,D,0
-23.9875,146.4401,343.4,1,1,2014-01-19,0408,Aqua,MODIS,85,6.2,318.2,27.4,D,0
-23.9769,146.4484,348.4,1,1,2014-01-19,0408,Aqua,MODIS,90,6.2,314.2,36.6,D,0
-23.9784,146.4384,348.6,1,1,2014-01-19,0408,Aqua,MODIS,90,6.2,321.4,36.4,D,0
-23.9663,146.4568,350.6,1,1,2014-01-19,0408,Aqua,MODIS,92,6.2,310.2,40.2,D,0
-23.9678,146.4468,361.9,1,1,2014-01-19,0408,Aqua,MODIS,100,6.2,315.9,70.1,D,0
-23.9693,146.4368,367.3,1,1,2014-01-19,0408,Aqua,MODIS,100,6.2,320.9,85.7,D,0
-23.9572,146.4551,341.3,1,1,2014-01-19,0408,Aqua,MODIS,82,6.2,309.2,22.5,D,0
-23.9376,146.4618,384.7,1,1,2014-01-19,0408,Aqua,MODIS,100,6.2,314.1,158.8,D,0
-23.9467,146.4635,342.1,1,1,2014-01-19,0408,Aqua,MODIS,48,6.2,312.1,25.2,D,0
-23.9588,146.4451,338.3,1,1,2014-01-19,0408,Aqua,MODIS,71,6.2,315.5,19.5,D,0
-23.2683,149.4102,329.5,1.4,1.2,2014-01-19,0408,Aqua,MODIS,55,6.2,310.6,15.7,D,0
-23.4622,149.8302,345.6,1.5,1.2,2014-01-19,0408,Aqua,MODIS,89,6.2,307.4,61.9,D,0
-23.3616,149.8182,336.7,1.5,1.2,2014-01-19,0408,Aqua,MODIS,79,6.2,306.7,42.1,D,0
-23.3641,149.8038,333.7,1.5,1.2,2014-01-19,0408,Aqua,MODIS,60,6.2,308.1,34.5,D,0
-23.3509,149.8157,330.3,1.5,1.2,2014-01-19,0408,Aqua,MODIS,42,6.2,305.8,24,D,0
-23.3533,149.8016,331.5,1.5,1.2,2014-01-19,0408,Aqua,MODIS,35,6.2,308,27.7,D,0
-23.9799,146.4284,345.4,1,1,2014-01-19,0408,Aqua,MODIS,87,6.2,319.6,29,D,0
-23.9708,146.4268,402,1,1,2014-01-19,0408,Aqua,MODIS,100,6.2,326.3,248.1,D,0
-22.8827,149.7178,344,1.5,1.2,2014-01-19,0408,Aqua,MODIS,87,6.2,309.5,59,D,0
-23.9288,147.2446,356.4,1.1,1,2014-01-19,0408,Aqua,MODIS,95,6.2,324.3,52.6,D,0
-23.9305,147.2342,353.5,1.1,1,2014-01-19,0408,Aqua,MODIS,89,6.2,321.8,44.5,D,0
-24.0526,146.6236,339.7,1,1,2014-01-19,0408,Aqua,MODIS,50,6.2,318.2,16.5,D,0
-24.6149,149.0834,333.4,1.3,1.1,2014-01-19,0408,Aqua,MODIS,57,6.2,312.6,16.5,D,0
-24.5952,149.0148,358.9,1.3,1.1,2014-01-19,0408,Aqua,MODIS,99,6.2,318.3,87.6,D,0
-24.5852,149.0129,347.8,1.3,1.1,2014-01-19,0408,Aqua,MODIS,90,6.2,311.8,51.2,D,0
-24.5873,149.0004,338.6,1.3,1.1,2014-01-19,0408,Aqua,MODIS,58,6.2,314.2,25.1,D,0
-23.5497,149.6071,338.5,1.4,1.2,2014-01-19,0408,Aqua,MODIS,79,6.2,310.5,36,D,0
-23.5391,149.605,361.1,1.4,1.2,2014-01-19,0408,Aqua,MODIS,100,6.2,311.7,118.6,D,0
-23.5415,149.5911,331.1,1.4,1.2,2014-01-19,0408,Aqua,MODIS,44,6.2,309,17.9,D,0
-23.0284,149.9419,344.4,1.5,1.2,2014-01-19,0408,Aqua,MODIS,88,6.2,303.2,70.1,D,0
-23.031,149.9272,334.6,1.5,1.2,2014-01-19,0408,Aqua,MODIS,75,6.2,299.8,38.1,D,0
-23.0253,149.8953,340.7,1.5,1.2,2014-01-19,0408,Aqua,MODIS,84,6.2,300.8,56.4,D,0
-21.4604,147.169,354.2,1.1,1.1,2014-01-19,0409,Aqua,MODIS,96,6.2,313.6,60.8,D,0
-22.18,149.1022,355,1.4,1.2,2014-01-19,0409,Aqua,MODIS,94,6.2,306.8,93.3,D,0
-21.4415,147.1655,357.6,1.1,1.1,2014-01-19,0409,Aqua,MODIS,98,6.2,309.7,76.6,D,0
-22.1545,149.1245,351.1,1.4,1.2,2014-01-19,0409,Aqua,MODIS,67,6.2,305.9,82.2,D,0
-22.1823,149.0886,356.3,1.4,1.2,2014-01-19,0409,Aqua,MODIS,90,6.2,305.5,94.8,D,0
-21.0673,146.8039,350.4,1.1,1,2014-01-19,0409,Aqua,MODIS,84,6.2,316.7,45.7,D,0
-21.0751,146.8161,347.1,1.1,1,2014-01-19,0409,Aqua,MODIS,53,6.2,315.5,37.8,D,0
-21.4397,147.1763,343.8,1.1,1.1,2014-01-19,0409,Aqua,MODIS,77,6.2,303,37.2,D,0
-21.4622,147.1582,337.3,1.1,1.1,2014-01-19,0409,Aqua,MODIS,42,6.2,310.3,24.1,D,0
-21.4587,147.1798,334.7,1.1,1.1,2014-01-19,0409,Aqua,MODIS,44,6.2,310.2,13.6,D,0
-21.4492,147.1781,360.5,1.1,1.1,2014-01-19,0409,Aqua,MODIS,100,6.2,311.4,78.7,D,0
-22.144,149.1226,354.5,1.4,1.2,2014-01-19,0409,Aqua,MODIS,72,6.2,304.3,96.5,D,0
-21.451,147.1673,377.5,1.1,1.1,2014-01-19,0409,Aqua,MODIS,100,6.2,317.7,149.1,D,0
-31.8169,133.989,339.9,3.8,1.8,2014-01-19,0544,Aqua,MODIS,90,6.2,310.4,170.8,D,0
-31.7963,133.9779,357.8,3.8,1.8,2014-01-19,0544,Aqua,MODIS,99,6.2,308.6,431.8,D,0
-31.7989,133.929,326.7,3.7,1.8,2014-01-19,0544,Aqua,MODIS,43,6.2,306.5,59.7,D,0
-31.7808,134.0068,334.1,3.8,1.8,2014-01-19,0544,Aqua,MODIS,78,6.2,304.4,121.4,D,0
-31.7643,133.9675,333.9,3.8,1.8,2014-01-19,0544,Aqua,MODIS,86,6.2,302,137.8,D,0
-31.7899,133.9679,346.6,3.8,1.8,2014-01-19,0544,Aqua,MODIS,91,6.2,307.4,270,D,0
-31.7869,134.0168,340.3,3.8,1.8,2014-01-19,0544,Aqua,MODIS,90,6.2,305.9,175.9,D,0
-31.8123,133.9829,344.5,3.8,1.8,2014-01-19,0544,Aqua,MODIS,92,6.2,310.5,229.2,D,0
-31.8055,133.9392,328.5,3.7,1.8,2014-01-19,0544,Aqua,MODIS,56,6.2,307.4,69.9,D,0
-31.7739,133.9627,355.8,3.8,1.8,2014-01-19,0544,Aqua,MODIS,97,6.2,304.6,414.7,D,0
-31.7803,133.9728,358.8,3.8,1.8,2014-01-19,0544,Aqua,MODIS,99,6.2,305.5,461.9,D,0
-31.7896,133.934,336.4,3.7,1.8,2014-01-19,0544,Aqua,MODIS,88,6.2,306.5,154.2,D,0
-34.222,116.0737,331.5,2.1,1.4,2014-01-19,0544,Aqua,MODIS,75,6.2,312.4,46.3,D,0
-31.7033,133.1339,331.3,3.3,1.7,2014-01-19,0544,Aqua,MODIS,73,6.2,305.6,93.3,D,0
-31.712,133.1409,325.3,3.3,1.7,2014-01-19,0544,Aqua,MODIS,52,6.2,305.7,48.7,D,0
-31.6968,133.136,328.4,3.3,1.7,2014-01-19,0544,Aqua,MODIS,67,6.2,305.3,70.9,D,0
-31.4908,120.6053,347.2,1.1,1,2014-01-19,0545,Aqua,MODIS,73,6.2,327.7,26.2,D,0
-31.4858,120.5694,347.1,1.1,1,2014-01-19,0545,Aqua,MODIS,56,6.2,326.1,27.2,D,0
-31.3892,120.604,336.1,1.1,1,2014-01-19,0545,Aqua,MODIS,62,6.2,322.2,11.2,D,0
-31.4873,120.5579,356.5,1.1,1,2014-01-19,0545,Aqua,MODIS,97,6.2,324.7,53.4,D,0
-27.1908,114.0522,378.2,2.3,1.5,2014-01-19,0546,Aqua,MODIS,100,6.2,321.6,414.2,D,0
-27.2022,114.0366,340.7,2.3,1.5,2014-01-19,0546,Aqua,MODIS,71,6.2,320.5,67.3,D,0
-27.193,114.0288,347.8,2.3,1.5,2014-01-19,0546,Aqua,MODIS,90,6.2,320,118.3,D,0
-37.1282,142.4539,303.7,1,1,2014-01-19,1329,Terra,MODIS,33,6.2,284.7,7.9,N,0
-37.1176,142.765,312.4,1,1,2014-01-19,1329,Terra,MODIS,11,6.2,286.5,12.6,N,0
-37.1195,142.7534,316.6,1,1,2014-01-19,1329,Terra,MODIS,61,6.2,287.7,16.4,N,0
-37.0823,142.5212,314.2,1,1,2014-01-19,1329,Terra,MODIS,89,6.2,287.4,14.6,N,0
-37.0477,142.5005,300.9,1,1,2014-01-19,1329,Terra,MODIS,15,6.2,288,5.5,N,0
-37.0385,142.4983,302,1,1,2014-01-19,1329,Terra,MODIS,26,6.2,287.6,6.1,N,0
-37.0203,142.4939,304.2,1,1,2014-01-19,1329,Terra,MODIS,49,6.2,287.7,7.6,N,0
-37.1268,142.7673,306.3,1,1,2014-01-19,1329,Terra,MODIS,25,6.2,285.5,8.5,N,0
-37.1579,142.7509,303.5,1,1,2014-01-19,1329,Terra,MODIS,25,6.2,285.4,7.3,N,0
-37.1561,142.7624,306.6,1,1,2014-01-19,1329,Terra,MODIS,57,6.2,285.4,9.4,N,0
-37.1373,142.456,317.3,1,1,2014-01-19,1329,Terra,MODIS,90,6.2,285.7,17.5,N,0
-37.139,142.4446,318.7,1,1,2014-01-19,1329,Terra,MODIS,80,6.2,285.7,18.7,N,0
-37.1426,142.4217,303,1,1,2014-01-19,1329,Terra,MODIS,11,6.2,283.4,7.4,N,0
-37.1353,142.408,347.4,1,1,2014-01-19,1329,Terra,MODIS,100,6.2,286.7,61.2,N,0
-37.1252,142.364,307.4,1,1,2014-01-19,1329,Terra,MODIS,71,6.2,283.2,11,N,0
-35.3509,141.9548,353,1,1,2014-01-19,1330,Terra,MODIS,100,6.2,297.7,70.8,N,0
-35.3618,141.9456,311.2,1,1,2014-01-19,1330,Terra,MODIS,26,6.2,292.4,9.2,N,0
-35.3601,141.9569,327.5,1,1,2014-01-19,1330,Terra,MODIS,100,6.2,293.7,25.4,N,0
-35.3692,141.959,314.8,1,1,2014-01-19,1330,Terra,MODIS,68,6.2,292.6,12.3,N,0
-35.3891,141.952,325.4,1,1,2014-01-19,1330,Terra,MODIS,89,6.2,293.2,22.4,N,0
-35.4,141.9429,316.7,1,1,2014-01-19,1330,Terra,MODIS,59,6.2,292.8,13.5,N,0
-35.4108,141.9337,310.3,1,1,2014-01-19,1330,Terra,MODIS,54,6.2,291.7,8.8,N,0
-35.4091,141.945,309.4,1,1,2014-01-19,1330,Terra,MODIS,41,6.2,292.4,8.3,N,0
-35.4433,141.9062,310.7,1,1,2014-01-19,1330,Terra,MODIS,81,6.2,292,10.4,N,0
-35.3067,141.9503,320.7,1,1,2014-01-19,1330,Terra,MODIS,62,6.2,294.2,17.1,N,0
-35.3158,141.9524,327,1,1,2014-01-19,1330,Terra,MODIS,99,6.2,295.2,24.2,N,0
-35.3382,141.806,301.9,1,1,2014-01-19,1330,Terra,MODIS,22,6.2,291.7,4.4,N,0
-35.2024,142.4353,312.8,1.1,1,2014-01-19,1330,Terra,MODIS,86,6.2,292.4,13.4,N,0
-35.321,141.9186,319.1,1,1,2014-01-19,1330,Terra,MODIS,42,6.2,293.9,14.6,N,0
-35.2702,141.9418,303.8,1,1,2014-01-19,1330,Terra,MODIS,46,6.2,293,5.5,N,0
-35.337,141.8756,309.4,1,1,2014-01-19,1330,Terra,MODIS,26,6.2,292.6,7.8,N,0
-35.3266,141.9433,326.8,1,1,2014-01-19,1330,Terra,MODIS,56,6.2,295.7,22.7,N,0
-35.3249,141.9546,319.5,1,1,2014-01-19,1330,Terra,MODIS,40,6.2,294.8,15.7,N,0
-35.3358,141.9454,355,1,1,2014-01-19,1330,Terra,MODIS,100,6.2,298.1,75,N,0
-35.334,141.9567,355.8,1,1,2014-01-19,1330,Terra,MODIS,100,6.2,297.5,77.4,N,0
-35.6022,142.073,317.1,1,1,2014-01-19,1330,Terra,MODIS,94,6.2,291.9,16.4,N,0
-35.6039,142.0616,313,1,1,2014-01-19,1330,Terra,MODIS,86,6.2,291.6,12.5,N,0
-35.571,142.0303,308.7,1,1,2014-01-19,1330,Terra,MODIS,75,6.2,291.7,8.6,N,0
-35.3466,141.9363,311.5,1,1,2014-01-19,1330,Terra,MODIS,42,6.2,292.3,9.5,N,0
-35.3449,141.9476,348.7,1,1,2014-01-19,1330,Terra,MODIS,100,6.2,298.3,61,N,0
-35.2828,141.9214,359.1,1,1,2014-01-19,1330,Terra,MODIS,100,6.2,299.5,86,N,0
-35.6082,142.0806,309.4,1,1,2014-01-19,1330,Terra,MODIS,77,6.2,291.7,9.2,N,0
-35.5566,142.0622,304,1,1,2014-01-19,1330,Terra,MODIS,53,6.2,290.8,5.6,N,0
-35.0113,141.2809,308.5,1,1,2014-01-19,1330,Terra,MODIS,75,6.2,293.6,7.6,N,0
-35.5584,142.0509,309.6,1,1,2014-01-19,1330,Terra,MODIS,39,6.2,291.5,8.4,N,0
-35.5601,142.0395,341.1,1,1,2014-01-19,1330,Terra,MODIS,100,6.2,294.8,46.1,N,0
-35.5619,142.0282,325,1,1,2014-01-19,1330,Terra,MODIS,100,6.2,293.6,22.8,N,0
-35.551,142.0374,318.3,1,1,2014-01-19,1330,Terra,MODIS,72,6.2,292.7,15.3,N,0
-35.5527,142.026,326.7,1,1,2014-01-19,1330,Terra,MODIS,100,6.2,293.2,25,N,0
-35.2811,141.9326,351.4,1,1,2014-01-19,1330,Terra,MODIS,100,6.2,300.7,66.9,N,0
-35.2793,141.9439,309.7,1,1,2014-01-19,1330,Terra,MODIS,65,6.2,294.2,9,N,0
-35.2919,141.9235,366.5,1,1,2014-01-19,1330,Terra,MODIS,100,6.2,300.1,106.5,N,0
-35.2902,141.9348,325.8,1,1,2014-01-19,1330,Terra,MODIS,78,6.2,297.3,22.1,N,0
-35.3431,141.9589,339.3,1,1,2014-01-19,1330,Terra,MODIS,100,6.2,296,43.8,N,0
-35.3097,141.8692,317.3,1,1,2014-01-19,1330,Terra,MODIS,91,6.2,293,14.2,N,0
-35.3527,141.9435,342.3,1,1,2014-01-19,1330,Terra,MODIS,100,6.2,295.3,47.9,N,0
-35.301,141.9256,330.3,1,1,2014-01-19,1330,Terra,MODIS,71,6.2,295.9,25.9,N,0
-35.61,142.0693,304.3,1,1,2014-01-19,1330,Terra,MODIS,37,6.2,291.6,6,N,0
-35.6005,142.0844,305.6,1,1,2014-01-19,1330,Terra,MODIS,65,6.2,291.3,7.5,N,0
-35.2042,142.4237,306.1,1.1,1,2014-01-19,1330,Terra,MODIS,67,6.2,292.2,8.3,N,0
-35.2737,141.9192,320.1,1,1,2014-01-19,1330,Terra,MODIS,100,6.2,293,17.7,N,0
-35.272,141.9305,319,1,1,2014-01-19,1330,Terra,MODIS,98,6.2,294.2,17,N,0
-35.3399,141.7947,302.5,1,1,2014-01-19,1330,Terra,MODIS,29,6.2,291.9,4.6,N,0
-35.1905,148.1661,315.8,2.1,1.4,2014-01-19,1330,Terra,MODIS,92,6.2,291.6,38.9,N,0
-35.18,148.0912,303.6,2,1.4,2014-01-19,1330,Terra,MODIS,35,6.2,291.1,13.1,N,0
-35.1676,148.0875,301.7,2,1.4,2014-01-19,1330,Terra,MODIS,11,6.2,290.8,10.1,N,0
-35.4145,148.1843,319.5,2,1.4,2014-01-19,1330,Terra,MODIS,27,6.2,290.6,43.1,N,0
-35.4141,148.1781,309.8,2,1.4,2014-01-19,1330,Terra,MODIS,9,6.2,290,23.1,N,0
-33.779,149.5733,336.6,2.7,1.6,2014-01-19,1330,Terra,MODIS,100,6.2,285.9,171.9,N,0
-33.8476,149.419,302.5,2.7,1.6,2014-01-19,1330,Terra,MODIS,31,6.2,286,22.6,N,0
-33.8274,149.4429,304.4,2.7,1.6,2014-01-19,1330,Terra,MODIS,27,6.2,286.6,27.1,N,0
-33.8384,149.4393,304.7,2.7,1.6,2014-01-19,1330,Terra,MODIS,58,6.2,286.7,30,N,0
-33.8445,149.4117,302.7,2.7,1.6,2014-01-19,1330,Terra,MODIS,51,6.2,285.1,23.5,N,0
-35.6058,147.6345,326.3,1.9,1.3,2014-01-19,1330,Terra,MODIS,100,6.2,294,55.3,N,0
-35.5427,147.609,315.3,1.9,1.3,2014-01-19,1330,Terra,MODIS,91,6.2,294.4,30.8,N,0
-33.7727,149.6011,322.8,2.7,1.6,2014-01-19,1330,Terra,MODIS,100,6.2,284.8,99.2,N,0
-35.8151,147.5209,317.3,1.8,1.3,2014-01-19,1330,Terra,MODIS,95,6.2,292.4,35.1,N,0
-35.6082,147.7077,429.8,1.9,1.3,2014-01-19,1330,Terra,MODIS,100,6.2,308.8,1214,N,0
-35.5887,147.7187,314,1.9,1.3,2014-01-19,1330,Terra,MODIS,88,6.2,293.7,26.3,N,0
-35.5387,147.5929,307.7,1.9,1.3,2014-01-19,1330,Terra,MODIS,61,6.2,292.5,17.3,N,0
-35.605,147.7009,457.9,1.9,1.3,2014-01-19,1330,Terra,MODIS,100,6.2,317.6,2058,N,0
-35.5931,147.6971,359.4,1.9,1.3,2014-01-19,1330,Terra,MODIS,100,6.2,297.1,207.6,N,0
-35.6125,147.687,372.5,1.9,1.3,2014-01-19,1330,Terra,MODIS,100,6.2,298.7,308.3,N,0
-35.8269,147.5241,331.6,1.8,1.3,2014-01-19,1330,Terra,MODIS,100,6.2,295.4,73.6,N,0
-35.5974,147.6761,332.3,1.9,1.3,2014-01-19,1330,Terra,MODIS,100,6.2,294.8,71.6,N,0
-35.5505,147.5968,316.9,1.9,1.3,2014-01-19,1330,Terra,MODIS,94,6.2,293.6,33.9,N,0
-35.5938,147.6312,309.5,1.9,1.3,2014-01-19,1330,Terra,MODIS,47,6.2,293.7,18.4,N,0
-35.5149,147.622,316.1,1.9,1.3,2014-01-19,1330,Terra,MODIS,93,6.2,292.9,32.7,N,0
-35.6017,147.6548,343.8,1.9,1.3,2014-01-19,1330,Terra,MODIS,100,6.2,295.6,117.1,N,0
-35.8356,147.5111,327.8,1.8,1.3,2014-01-19,1330,Terra,MODIS,100,6.2,295.5,60.1,N,0
-35.6167,147.7053,304.7,1.9,1.3,2014-01-19,1330,Terra,MODIS,59,6.2,292.6,13.3,N,0
-35.8347,147.485,327.2,1.8,1.3,2014-01-19,1330,Terra,MODIS,74,6.2,295.5,54.8,N,0
-35.8396,147.4915,321.5,1.8,1.3,2014-01-19,1330,Terra,MODIS,100,6.2,294.3,44.7,N,0
-35.8307,147.5048,327.7,1.8,1.3,2014-01-19,1330,Terra,MODIS,100,6.2,296.1,58.8,N,0
-35.8386,147.4651,327.2,1.8,1.3,2014-01-19,1330,Terra,MODIS,88,6.2,294.3,55,N,0
-35.8387,147.5269,317.2,1.8,1.3,2014-01-19,1330,Terra,MODIS,95,6.2,293.2,36.2,N,0
-35.5249,147.7207,305.4,1.9,1.3,2014-01-19,1330,Terra,MODIS,64,6.2,292.4,14.6,N,0
-35.5302,147.6338,360.8,1.9,1.3,2014-01-19,1330,Terra,MODIS,100,6.2,300.2,215.2,N,0
-35.5106,147.643,349.6,1.9,1.3,2014-01-19,1330,Terra,MODIS,100,6.2,295.8,152.5,N,0
-35.5065,147.6635,306.8,1.9,1.3,2014-01-19,1330,Terra,MODIS,69,6.2,293,15.9,N,0
-35.6091,147.6802,355,1.9,1.3,2014-01-19,1330,Terra,MODIS,100,6.2,297.2,177.9,N,0
-35.6213,147.6447,302.4,1.9,1.3,2014-01-19,1330,Terra,MODIS,6,6.2,292.2,9.3,N,0
-35.5218,147.7131,304.2,1.9,1.3,2014-01-19,1330,Terra,MODIS,26,6.2,291.9,11.6,N,0
-35.5266,147.6262,399.9,1.9,1.3,2014-01-19,1330,Terra,MODIS,100,6.2,304.9,626.5,N,0
-35.5345,147.613,353.2,1.9,1.3,2014-01-19,1330,Terra,MODIS,100,6.2,298.5,168.6,N,0
-35.8436,147.472,309.1,1.8,1.3,2014-01-19,1330,Terra,MODIS,76,6.2,293.3,20.4,N,0
-35.8426,147.5077,312.2,1.8,1.3,2014-01-19,1330,Terra,MODIS,84,6.2,293,24.9,N,0
-35.5225,147.6466,328.2,1.9,1.3,2014-01-19,1330,Terra,MODIS,100,6.2,295.2,63,N,0
-35.8113,147.4779,317.9,1.8,1.3,2014-01-19,1330,Terra,MODIS,54,6.2,294,33.2,N,0
-35.6006,147.7224,369.4,1.9,1.3,2014-01-19,1330,Terra,MODIS,100,6.2,297.2,285,N,0
-35.5309,147.605,348.3,1.9,1.3,2014-01-19,1330,Terra,MODIS,100,6.2,295.4,143.8,N,0
-35.8317,147.53,326.5,1.8,1.3,2014-01-19,1330,Terra,MODIS,100,6.2,294.4,58.3,N,0
-35.5466,147.5893,310,1.9,1.3,2014-01-19,1330,Terra,MODIS,74,6.2,292.3,21.3,N,0
-35.8188,147.5021,320.8,1.8,1.3,2014-01-19,1330,Terra,MODIS,100,6.2,294.2,40.4,N,0
-33.0837,138.1575,320.6,1.1,1,2014-01-19,1331,Terra,MODIS,100,6.2,292.9,20,N,0
-33.0572,138.1407,301.9,1.1,1,2014-01-19,1331,Terra,MODIS,11,6.2,291.6,4.6,N,0
-33.0665,138.1425,305.3,1.1,1,2014-01-19,1331,Terra,MODIS,34,6.2,291.6,6.5,N,0
-33.0744,138.1559,331.4,1.1,1,2014-01-19,1331,Terra,MODIS,100,6.2,294,33.4,N,0
-33.065,138.1543,318.7,1.1,1,2014-01-19,1331,Terra,MODIS,97,6.2,292.3,17.7,N,0
-33.0822,138.1691,319,1.1,1,2014-01-19,1331,Terra,MODIS,98,6.2,291.8,18.3,N,0
-33.0029,137.5778,304.1,1.1,1.1,2014-01-19,1331,Terra,MODIS,58,6.2,292.8,6.2,N,0
-32.5841,135.5298,301.3,1.4,1.2,2014-01-19,1331,Terra,MODIS,40,6.2,290.8,7.6,N,0
-27.6024,141.6511,317.8,1.2,1.1,2014-01-19,1332,Terra,MODIS,95,6.2,298.8,15.3,N,0
-27.6044,141.639,313.1,1.2,1.1,2014-01-19,1332,Terra,MODIS,84,6.2,298.5,10.4,N,0
-27.5926,141.649,311.2,1.2,1.1,2014-01-19,1332,Terra,MODIS,79,6.2,298.6,8.4,N,0
-27.5946,141.6369,309.1,1.2,1.1,2014-01-19,1332,Terra,MODIS,71,6.2,298.1,6.7,N,0
-27.6002,141.726,310.4,1.2,1.1,2014-01-19,1332,Terra,MODIS,76,6.2,297.2,8.5,N,0
-27.5904,141.7238,307.2,1.2,1.1,2014-01-19,1332,Terra,MODIS,53,6.2,297.1,5.6,N,0
-23.9725,146.4534,307.4,2.9,1.6,2014-01-19,1333,Terra,MODIS,21,6.2,295.7,25.3,N,0
-23.9721,146.4478,307.4,2.9,1.6,2014-01-19,1333,Terra,MODIS,46,6.2,295.9,26.9,N,0
-23.9243,147.199,307.6,3.3,1.7,2014-01-19,1333,Terra,MODIS,63,6.2,296.2,31.6,N,0
-23.9225,147.2238,316.6,3.3,1.7,2014-01-19,1333,Terra,MODIS,94,6.2,296.6,68.2,N,0
-23.933,147.2335,309.9,3.3,1.7,2014-01-19,1333,Terra,MODIS,79,6.2,296.3,40.7,N,0
-23.918,147.2288,312.9,3.3,1.7,2014-01-19,1333,Terra,MODIS,86,6.2,296.3,52.5,N,0
-23.7783,146.4165,312.4,2.9,1.6,2014-01-19,1333,Terra,MODIS,42,6.2,296.5,40.5,N,0
-23.7696,146.3844,320.3,2.9,1.6,2014-01-19,1333,Terra,MODIS,100,6.2,298.1,72,N,0
-23.7751,146.3571,315.7,2.9,1.6,2014-01-19,1333,Terra,MODIS,58,6.2,297.2,52,N,0
-23.7607,146.3536,317.7,2.9,1.6,2014-01-19,1333,Terra,MODIS,95,6.2,296.5,62.3,N,0
-22.2452,149.0432,305.2,4.8,2,2014-01-19,1333,Terra,MODIS,38,6.2,291.9,50.6,N,0
-22.1847,149.0677,306,4.8,2,2014-01-19,1333,Terra,MODIS,66,6.2,291.8,57.9,N,0
-22.2203,149.0767,311.3,4.8,2,2014-01-19,1333,Terra,MODIS,48,6.2,292,85.4,N,0
-22.2355,149.0865,319.9,4.8,2,2014-01-19,1333,Terra,MODIS,99,6.2,292.1,159.2,N,0
-23.7895,146.3606,308.9,2.9,1.6,2014-01-19,1333,Terra,MODIS,27,6.2,296.7,30.1,N,0
-22.1818,149.0744,307.8,4.8,2,2014-01-19,1333,Terra,MODIS,21,6.2,291.8,61.3,N,0
-23.8216,146.427,306.9,2.9,1.6,2014-01-19,1333,Terra,MODIS,19,6.2,296.4,24.6,N,0
-22.2383,149.0805,319.9,4.8,2,2014-01-19,1333,Terra,MODIS,99,6.2,292.2,159.9,N,0
-22.2152,149.1254,316.1,1.7,1.3,2014-01-19,1504,Aqua,MODIS,76,6.2,293.1,26.9,N,0
-22.2323,149.0879,320.6,1.7,1.3,2014-01-19,1504,Aqua,MODIS,75,6.2,293.9,35.5,N,0
-22.2267,149.1232,315.1,1.7,1.3,2014-01-19,1504,Aqua,MODIS,46,6.2,293,24.4,N,0
-22.2237,149.1064,333.9,1.7,1.3,2014-01-19,1504,Aqua,MODIS,100,6.2,294.4,68.2,N,0
-23.764,146.3656,321.1,2.5,1.5,2014-01-19,1504,Aqua,MODIS,56,6.2,297.2,56.6,N,0
-23.7505,146.3691,312.1,2.5,1.5,2014-01-19,1504,Aqua,MODIS,11,6.2,295.6,30,N,0
-23.7568,146.3728,320.9,2.5,1.5,2014-01-19,1504,Aqua,MODIS,100,6.2,296.7,61.7,N,0
-23.7911,146.3591,309.9,2.5,1.5,2014-01-19,1504,Aqua,MODIS,29,6.2,296.5,25.9,N,0
-22.1366,149.1312,309.3,1.7,1.3,2014-01-19,1504,Aqua,MODIS,43,6.2,292.5,16.7,N,0
-22.2182,149.1423,310.4,1.7,1.3,2014-01-19,1504,Aqua,MODIS,17,6.2,292.7,18.2,N,0
-22.2206,149.0896,324.5,1.7,1.3,2014-01-19,1504,Aqua,MODIS,100,6.2,293.7,43.2,N,0
-23.769,146.3903,318.3,2.5,1.5,2014-01-19,1504,Aqua,MODIS,51,6.2,296.9,45.6,N,0
-22.2291,149.0702,315.5,1.7,1.3,2014-01-19,1504,Aqua,MODIS,72,6.2,293.7,26.6,N,0
-23.7704,146.3695,319,2.5,1.5,2014-01-19,1504,Aqua,MODIS,57,6.2,297.3,50.9,N,0
-22.2176,149.0725,313.2,1.7,1.3,2014-01-19,1504,Aqua,MODIS,37,6.2,293.5,21.5,N,0
-22.2381,149.1204,308.7,1.7,1.3,2014-01-19,1504,Aqua,MODIS,30,6.2,292.8,15.8,N,0
-23.7616,146.3972,314.1,2.5,1.5,2014-01-19,1504,Aqua,MODIS,76,6.2,295.8,39.2,N,0
-22.2405,149.0801,310,1.7,1.3,2014-01-19,1504,Aqua,MODIS,77,6.2,293.8,18.2,N,0
-23.8191,146.4284,307.1,2.5,1.5,2014-01-19,1504,Aqua,MODIS,12,6.2,295.4,20.9,N,0
-23.9727,146.4582,307.7,2.4,1.5,2014-01-19,1504,Aqua,MODIS,60,6.2,295.1,22.5,N,0
-23.9674,146.4546,306,2.4,1.5,2014-01-19,1504,Aqua,MODIS,31,6.2,295.6,18.6,N,0
-23.9221,147.2218,314.9,2.2,1.4,2014-01-19,1504,Aqua,MODIS,70,6.2,296.6,32.4,N,0
-23.9099,147.2311,307.3,2.2,1.4,2014-01-19,1504,Aqua,MODIS,43,6.2,295.9,17.2,N,0
-23.9225,147.2277,318.3,2.2,1.4,2014-01-19,1504,Aqua,MODIS,97,6.2,296.8,42.9,N,0
-23.9265,147.2485,309.8,2.1,1.4,2014-01-19,1504,Aqua,MODIS,60,6.2,295.9,21.6,N,0
-23.9264,147.2433,314.6,2.1,1.4,2014-01-19,1504,Aqua,MODIS,70,6.2,296.4,31.3,N,0
-23.0173,149.9277,305.1,1.5,1.2,2014-01-19,1504,Aqua,MODIS,32,6.2,293.8,8.5,N,0
-25.7546,150.984,302.7,1.2,1.1,2014-01-19,1505,Aqua,MODIS,51,6.2,292.5,6,N,0
-26.8341,153.0789,306.2,1,1,2014-01-19,1505,Aqua,MODIS,67,6.2,291.6,7.7,N,0
-26.0181,151.2823,302.9,1.1,1.1,2014-01-19,1505,Aqua,MODIS,20,6.2,292.2,4.9,N,0
-28.3313,149.7073,307.8,1.2,1.1,2014-01-19,1505,Aqua,MODIS,72,6.2,296.3,7.9,N,0
-28.5338,153.1215,300.4,1,1,2014-01-19,1505,Aqua,MODIS,27,6.2,289.8,4.6,N,0
-25.2272,150,314.7,1.3,1.1,2014-01-19,1505,Aqua,MODIS,80,6.2,295.4,17,N,0
-25.2169,150.0022,317.9,1.3,1.1,2014-01-19,1505,Aqua,MODIS,96,6.2,295.4,21.9,N,0
-25.2249,149.987,315.5,1.3,1.1,2014-01-19,1505,Aqua,MODIS,84,6.2,295,18.3,N,0
-25.2067,150.0043,311.5,1.3,1.1,2014-01-19,1505,Aqua,MODIS,76,6.2,294.5,13.7,N,0
-28.3291,149.6947,308.2,1.2,1.1,2014-01-19,1505,Aqua,MODIS,74,6.2,296,8.4,N,0
-25.2147,149.9892,309.8,1.3,1.1,2014-01-19,1505,Aqua,MODIS,76,6.2,294.3,12,N,0
-25.2044,149.9913,305.9,1.3,1.1,2014-01-19,1505,Aqua,MODIS,31,6.2,294,8,N,0
-29.4673,152.407,302.4,1,1,2014-01-19,1506,Aqua,MODIS,49,6.2,291.6,5.1,N,0
-33.7865,149.5972,302.8,1.1,1,2014-01-19,1507,Aqua,MODIS,22,6.2,287.1,6.5,N,0
-33.7753,149.588,380.4,1.1,1,2014-01-19,1507,Aqua,MODIS,100,6.2,295.3,173.6,N,0
-35.6074,147.7068,359.2,1.2,1.1,2014-01-19,1507,Aqua,MODIS,100,6.2,299,109,N,0
-35.5248,147.6455,322.6,1.2,1.1,2014-01-19,1507,Aqua,MODIS,100,6.2,294.1,25.7,N,0
-35.5126,147.6348,324.4,1.2,1.1,2014-01-19,1507,Aqua,MODIS,100,6.2,291.6,27.9,N,0
-35.5959,147.6415,313.8,1.2,1.1,2014-01-19,1507,Aqua,MODIS,88,6.2,293.1,14.4,N,0
-35.6051,147.6938,350.2,1.2,1.1,2014-01-19,1507,Aqua,MODIS,100,6.2,296.2,80.5,N,0
-35.5953,147.6963,336.9,1.2,1.1,2014-01-19,1507,Aqua,MODIS,100,6.2,297,48,N,0
-35.5268,147.7139,306.8,1.2,1.1,2014-01-19,1507,Aqua,MODIS,69,6.2,291.9,9.3,N,0
-35.5496,147.6112,312.8,1.2,1.1,2014-01-19,1507,Aqua,MODIS,81,6.2,294,13.9,N,0
-33.7661,149.5902,347.5,1.1,1,2014-01-19,1507,Aqua,MODIS,100,6.2,289.3,65,N,0
-35.5472,147.5979,316.2,1.2,1.1,2014-01-19,1507,Aqua,MODIS,93,6.2,292.6,18.3,N,0
-35.5398,147.6141,314.7,1.2,1.1,2014-01-19,1507,Aqua,MODIS,90,6.2,293.9,16.7,N,0
-35.5299,147.6165,324,1.2,1.1,2014-01-19,1507,Aqua,MODIS,100,6.2,294.2,28.3,N,0
-35.5323,147.6297,313.3,1.2,1.1,2014-01-19,1507,Aqua,MODIS,82,6.2,294.2,13.8,N,0
-35.5374,147.6009,303.7,1.2,1.1,2014-01-19,1507,Aqua,MODIS,18,6.2,291.9,6.9,N,0
-35.5225,147.6322,385.7,1.2,1.1,2014-01-19,1507,Aqua,MODIS,100,6.2,302.4,235.8,N,0
-35.5051,147.6563,327.4,1.2,1.1,2014-01-19,1507,Aqua,MODIS,100,6.2,293.8,34.1,N,0
-35.5983,147.6547,328.8,1.2,1.1,2014-01-19,1507,Aqua,MODIS,100,6.2,294.1,33.5,N,0
-35.5125,147.6404,347.8,1.2,1.1,2014-01-19,1507,Aqua,MODIS,100,6.2,294.4,76.1,N,0
-35.515,147.6481,339.5,1.2,1.1,2014-01-19,1507,Aqua,MODIS,100,6.2,296.7,55.3,N,0
-35.5201,147.6191,355.3,1.2,1.1,2014-01-19,1507,Aqua,MODIS,100,6.2,294,98.6,N,0
-33.7791,149.611,311.5,1.1,1,2014-01-19,1507,Aqua,MODIS,83,6.2,287.2,12.9,N,0
-35.5263,147.7195,310.2,1.2,1.1,2014-01-19,1507,Aqua,MODIS,79,6.2,292.4,12.3,N,0
-35.5074,147.6695,301.4,1.2,1.1,2014-01-19,1507,Aqua,MODIS,12,6.2,291.3,5,N,0
-33.7772,149.5995,343,1.1,1,2014-01-19,1507,Aqua,MODIS,100,6.2,290.6,54.6,N,0
-35.5027,147.6429,302.3,1.2,1.1,2014-01-19,1507,Aqua,MODIS,17,6.2,291.2,5.6,N,0
-35.5149,147.6539,334,1.2,1.1,2014-01-19,1507,Aqua,MODIS,100,6.2,294.8,44.6,N,0
-35.5998,147.7222,327.8,1.2,1.1,2014-01-19,1507,Aqua,MODIS,100,6.2,293.6,32.8,N,0
-35.5976,147.7093,353.7,1.2,1.1,2014-01-19,1507,Aqua,MODIS,100,6.2,300.7,90.5,N,0
-35.6005,147.6676,318.9,1.2,1.1,2014-01-19,1507,Aqua,MODIS,98,6.2,293.7,20.5,N,0
-35.5936,147.6278,310,1.2,1.1,2014-01-19,1507,Aqua,MODIS,79,6.2,293.1,10.7,N,0
-35.6028,147.6807,307.4,1.2,1.1,2014-01-19,1507,Aqua,MODIS,39,6.2,292.4,8.2,N,0
-35.1701,148.0954,302.8,1.2,1.1,2014-01-19,1507,Aqua,MODIS,13,6.2,291.4,5.4,N,0
-35.1723,148.1082,302.2,1.2,1.1,2014-01-19,1507,Aqua,MODIS,22,6.2,291.4,4.8,N,0
-35.1834,148.1719,310.2,1.2,1.1,2014-01-19,1507,Aqua,MODIS,43,6.2,292.1,11,N,0
-35.193,148.1693,308.8,1.2,1.1,2014-01-19,1507,Aqua,MODIS,46,6.2,291.6,10.1,N,0
-35.1798,148.093,304.4,1.2,1.1,2014-01-19,1507,Aqua,MODIS,19,6.2,291.6,6.4,N,0
-35.4127,148.1945,353.6,1.2,1.1,2014-01-19,1507,Aqua,MODIS,100,6.2,293.5,86.9,N,0
-35.4149,148.2072,321.4,1.2,1.1,2014-01-19,1507,Aqua,MODIS,100,6.2,290.8,22.1,N,0
-35.4223,148.1917,335.7,1.2,1.1,2014-01-19,1507,Aqua,MODIS,100,6.2,290.6,44.8,N,0
-35.4245,148.2049,327.6,1.2,1.1,2014-01-19,1507,Aqua,MODIS,100,6.2,291.9,30.2,N,0
-35.4308,148.2422,313.2,1.2,1.1,2014-01-19,1507,Aqua,MODIS,49,6.2,292,13,N,0
-35.4267,148.1985,311.7,1.2,1.1,2014-01-19,1507,Aqua,MODIS,83,6.2,291,12.8,N,0
-35.4289,148.2112,310,1.2,1.1,2014-01-19,1507,Aqua,MODIS,79,6.2,291.3,11.4,N,0
-35.4311,148.2241,302.5,1.2,1.1,2014-01-19,1507,Aqua,MODIS,22,6.2,290.7,5.5,N,0
-35.4333,148.2364,314.2,1.2,1.1,2014-01-19,1507,Aqua,MODIS,33,6.2,291.6,14,N,0
-35.4385,148.2089,306.4,1.2,1.1,2014-01-19,1507,Aqua,MODIS,48,6.2,290.4,8.3,N,0
-35.4407,148.2218,320.7,1.2,1.1,2014-01-19,1507,Aqua,MODIS,100,6.2,291.5,22.2,N,0
-35.4429,148.2342,326,1.2,1.1,2014-01-19,1507,Aqua,MODIS,100,6.2,292.2,28.3,N,0
-35.4449,148.2458,312.2,1.1,1.1,2014-01-19,1507,Aqua,MODIS,84,6.2,292.2,13.5,N,0
-33.7641,149.5784,309.5,1.1,1,2014-01-19,1507,Aqua,MODIS,78,6.2,286.8,11.3,N,0
-33.7734,149.5762,351,1.1,1,2014-01-19,1507,Aqua,MODIS,100,6.2,289.3,72.7,N,0
-33.7965,149.4446,328.2,1.1,1,2014-01-19,1507,Aqua,MODIS,100,6.2,289.4,30.5,N,0
-33.8112,149.4166,303.6,1.1,1,2014-01-19,1507,Aqua,MODIS,5,6.2,288.7,6.3,N,0
-33.8264,149.4495,320.8,1.1,1,2014-01-19,1507,Aqua,MODIS,100,6.2,289.2,20,N,0
-33.8357,149.4474,319.2,1.1,1,2014-01-19,1507,Aqua,MODIS,89,6.2,288.9,18.5,N,0
-33.8412,149.4218,321.4,1.1,1,2014-01-19,1507,Aqua,MODIS,100,6.2,290,22.4,N,0
-33.8338,149.4357,320.2,1.1,1,2014-01-19,1507,Aqua,MODIS,94,6.2,289.5,19.2,N,0
-33.8431,149.4336,308.6,1.1,1,2014-01-19,1507,Aqua,MODIS,56,6.2,288.6,9.8,N,0
-33.8541,149.2404,309.8,1.1,1,2014-01-19,1507,Aqua,MODIS,50,6.2,289.7,10.7,N,0
-33.8561,149.2522,305.9,1.1,1,2014-01-19,1507,Aqua,MODIS,53,6.2,288.9,8.1,N,0
-36.684,147.7327,317,1.2,1.1,2014-01-19,1508,Aqua,MODIS,94,6.2,285.1,21.9,N,0
-36.6861,147.7448,307.7,1.2,1.1,2014-01-19,1508,Aqua,MODIS,72,6.2,285,13.3,N,0
-36.6458,147.7618,300.2,1.2,1.1,2014-01-19,1508,Aqua,MODIS,20,6.2,285.4,7.3,N,0
-36.6478,147.7554,300.3,1.2,1.1,2014-01-19,1508,Aqua,MODIS,19,6.2,285.4,7.2,N,0
-35.8362,147.4881,415.5,1.2,1.1,2014-01-19,1508,Aqua,MODIS,100,6.2,311.9,479.4,N,0
-35.8237,147.5338,328.2,1.2,1.1,2014-01-19,1508,Aqua,MODIS,100,6.2,294.2,35.5,N,0
-35.8311,147.5175,331.7,1.2,1.1,2014-01-19,1508,Aqua,MODIS,100,6.2,295.9,40.1,N,0
-35.8359,147.5446,302.5,1.2,1.1,2014-01-19,1508,Aqua,MODIS,19,6.2,291.2,6.4,N,0
-35.841,147.5152,323.6,1.2,1.1,2014-01-19,1508,Aqua,MODIS,100,6.2,293.1,28,N,0
-35.8386,147.5018,351.1,1.2,1.1,2014-01-19,1508,Aqua,MODIS,100,6.2,297.7,83.8,N,0
-35.8434,147.5288,302,1.2,1.1,2014-01-19,1508,Aqua,MODIS,6,6.2,291,5.6,N,0
-35.8315,147.4612,315.5,1.2,1.1,2014-01-19,1508,Aqua,MODIS,26,6.2,292.9,15.6,N,0
-35.8336,147.5317,324.4,1.2,1.1,2014-01-19,1508,Aqua,MODIS,100,6.2,294.3,29.2,N,0
-35.7968,147.4977,310.6,1.2,1.1,2014-01-19,1508,Aqua,MODIS,20,6.2,291.3,12.7,N,0
-35.8338,147.4743,368.2,1.2,1.1,2014-01-19,1508,Aqua,MODIS,100,6.2,299.1,145.7,N,0
-35.8066,147.4952,313.1,1.2,1.1,2014-01-19,1508,Aqua,MODIS,10,6.2,292.4,14.3,N,0
-35.8461,147.4855,341.8,1.2,1.1,2014-01-19,1508,Aqua,MODIS,100,6.2,294.9,61.8,N,0
-35.8214,147.5203,337.5,1.2,1.1,2014-01-19,1508,Aqua,MODIS,100,6.2,295.8,51.8,N,0
-35.3519,141.947,308.7,2.6,1.6,2014-01-19,1508,Aqua,MODIS,30,6.2,288.9,33,N,0
-35.5475,142.0475,304.6,2.5,1.5,2014-01-19,1508,Aqua,MODIS,61,6.2,288.9,28.6,N,0
-35.3878,141.957,302.9,2.6,1.5,2014-01-19,1508,Aqua,MODIS,32,6.2,288.8,23,N,0
-35.561,142.0429,311,2.5,1.5,2014-01-19,1508,Aqua,MODIS,81,6.2,288.9,42.2,N,0
-35.6037,142.0793,300.5,2.5,1.5,2014-01-19,1508,Aqua,MODIS,29,6.2,288,20.5,N,0
-35.4015,141.9523,300.2,2.6,1.5,2014-01-19,1508,Aqua,MODIS,10,6.2,288.7,17.6,N,0
-35.3382,141.9517,320.8,2.6,1.6,2014-01-19,1508,Aqua,MODIS,100,6.2,290.3,72.1,N,0
-35.2907,141.9376,308.8,2.6,1.6,2014-01-19,1508,Aqua,MODIS,22,6.2,290.6,33.7,N,0
-35.277,141.9423,305.9,2.6,1.6,2014-01-19,1508,Aqua,MODIS,11,6.2,290.7,28.3,N,0
-35.2858,141.9437,307.7,2.6,1.6,2014-01-19,1508,Aqua,MODIS,30,6.2,290.9,32.7,N,0
-30.875,121.4863,307.3,1.9,1.4,2014-01-19,1510,Terra,MODIS,71,6.2,296.1,14.7,N,2
-31.3824,120.6085,307,1.7,1.3,2014-01-19,1510,Terra,MODIS,69,6.2,296,11.3,N,0
-33.0635,138.1906,301.6,3.7,1.8,2014-01-19,1645,Aqua,MODIS,32,6.2,289,38.2,N,0
-33.0611,138.1493,308.5,3.7,1.8,2014-01-19,1645,Aqua,MODIS,75,6.2,290.3,65.3,N,0
-17.2604,145.2636,317.8,1.2,1.1,2014-01-20,0027,Terra,MODIS,24,6.2,288.7,6.7,D,0
-19.9813,148.194,339,1,1,2014-01-20,0028,Terra,MODIS,85,6.2,303.4,27.9,D,0
-23.0558,150.4027,327,1.3,1.1,2014-01-20,0029,Terra,MODIS,69,6.2,306.3,18.1,D,0
-23.6703,148.7025,330.9,1.1,1.1,2014-01-20,0029,Terra,MODIS,66,6.2,310.9,15.4,D,0
-24.0392,144.4524,333.5,1.1,1,2014-01-20,0029,Terra,MODIS,66,6.2,315.3,11.4,D,0
-24.0485,144.4506,343.5,1.1,1,2014-01-20,0029,Terra,MODIS,85,6.2,315.3,29.3,D,0
-24.0502,144.4613,333.2,1.1,1,2014-01-20,0029,Terra,MODIS,65,6.2,314.9,10.9,D,0
-23.2675,149.4233,366.8,1.2,1.1,2014-01-20,0029,Terra,MODIS,100,6.2,310.6,118.4,D,0
-23.269,149.435,339.4,1.2,1.1,2014-01-20,0029,Terra,MODIS,85,6.2,307.7,36.9,D,0
-23.2758,149.4102,332.7,1.2,1.1,2014-01-20,0029,Terra,MODIS,77,6.2,309.6,22.5,D,0
-23.2773,149.4219,340.1,1.2,1.1,2014-01-20,0029,Terra,MODIS,86,6.2,309.3,37.7,D,0
-23.3588,149.8218,322.6,1.2,1.1,2014-01-20,0029,Terra,MODIS,11,6.2,306.8,8.8,D,0
-23.9693,146.6435,329.2,1,1,2014-01-20,0029,Terra,MODIS,26,6.2,311.7,7.3,D,0
-24.5787,149.0172,330,1.2,1.1,2014-01-20,0029,Terra,MODIS,53,6.2,307,17.7,D,0
-24.5884,149.0157,328.6,1.2,1.1,2014-01-20,0029,Terra,MODIS,42,6.2,309.4,14.7,D,0
-24.1365,149.5423,323.4,1.2,1.1,2014-01-20,0029,Terra,MODIS,28,6.2,307.9,7.7,D,0
-23.5237,149.6014,325.9,1.2,1.1,2014-01-20,0029,Terra,MODIS,41,6.2,308.7,11.3,D,0
-26.0215,151.2819,322.5,1.7,1.3,2014-01-20,0029,Terra,MODIS,34,6.2,305.3,16.7,D,0
-26.0434,151.2898,336.3,1.7,1.3,2014-01-20,0029,Terra,MODIS,82,6.2,306.2,51.4,D,0
-26.0513,151.255,327.9,1.7,1.3,2014-01-20,0029,Terra,MODIS,63,6.2,305.6,26.7,D,0
-26.0495,151.2386,333.4,1.7,1.3,2014-01-20,0029,Terra,MODIS,78,6.2,304.7,41.8,D,0
-26.0531,151.2717,334.8,1.7,1.3,2014-01-20,0029,Terra,MODIS,80,6.2,307.7,46.5,D,0
-26.0549,151.2883,357.2,1.7,1.3,2014-01-20,0029,Terra,MODIS,98,6.2,306.9,140,D,0
-26.0627,151.2534,325.2,1.7,1.3,2014-01-20,0029,Terra,MODIS,48,6.2,304.1,21.2,D,0
-26.0645,151.27,330.4,1.7,1.3,2014-01-20,0029,Terra,MODIS,74,6.2,305,35.9,D,0
-23.0257,149.9195,327.7,1.3,1.1,2014-01-20,0029,Terra,MODIS,71,6.2,305.1,16.2,D,0
-23.0273,149.9318,322.5,1.3,1.1,2014-01-20,0029,Terra,MODIS,21,6.2,304.5,8,D,0
-23.0261,149.9261,327.8,1.3,1.1,2014-01-20,0029,Terra,MODIS,71,6.2,305.1,15.6,D,0
-23.9198,147.7075,328.8,1,1,2014-01-20,0029,Terra,MODIS,37,6.2,311.8,8.8,D,0
-23.8357,146.4221,335.8,1,1,2014-01-20,0029,Terra,MODIS,67,6.2,310.4,17.1,D,0
-23.8172,146.4213,338.8,1,1,2014-01-20,0029,Terra,MODIS,78,6.2,310.3,22.1,D,0
-23.7531,146.3622,339.8,1,1,2014-01-20,0029,Terra,MODIS,70,6.2,311.7,24.3,D,0
-23.7575,146.3915,339.4,1,1,2014-01-20,0029,Terra,MODIS,59,6.2,310.4,23.5,D,0
-23.7902,146.4259,335.9,1,1,2014-01-20,0029,Terra,MODIS,72,6.2,312.1,16.4,D,0
-24.6802,151.8056,327.9,1.7,1.3,2014-01-20,0029,Terra,MODIS,42,6.2,307.8,30.8,D,0
-23.7798,146.4177,335.2,1,1,2014-01-20,0029,Terra,MODIS,54,6.2,312,14.6,D,0
-23.7888,146.4161,332,1,1,2014-01-20,0029,Terra,MODIS,46,6.2,312.1,11,D,0
-23.7679,146.3997,338.2,1,1,2014-01-20,0029,Terra,MODIS,42,6.2,312.3,19.7,D,0
-23.765,146.3802,338.2,1,1,2014-01-20,0029,Terra,MODIS,46,6.2,310.9,19.1,D,0
-24.6938,151.8213,323.4,1.7,1.3,2014-01-20,0029,Terra,MODIS,44,6.2,305.7,19.6,D,0
-26.3566,151.6698,324.2,1.8,1.3,2014-01-20,0030,Terra,MODIS,43,6.2,306.6,17,D,0
-27.6283,141.6129,372.4,1.3,1.1,2014-01-20,0030,Terra,MODIS,100,6.2,319.3,144.2,D,0
-27.6307,141.6263,373.2,1.3,1.1,2014-01-20,0030,Terra,MODIS,100,6.2,322.9,144.4,D,0
-27.633,141.6397,347.2,1.3,1.1,2014-01-20,0030,Terra,MODIS,89,6.2,320,37.5,D,0
-27.6409,141.6241,345.5,1.3,1.1,2014-01-20,0030,Terra,MODIS,87,6.2,319.6,30,D,0
-27.6432,141.6374,340,1.3,1.1,2014-01-20,0030,Terra,MODIS,75,6.2,319.3,15.9,D,0
-27.5553,141.6633,385.7,1.3,1.1,2014-01-20,0030,Terra,MODIS,100,6.2,319.6,230.5,D,0
-27.5656,141.6611,342.7,1.3,1.1,2014-01-20,0030,Terra,MODIS,84,6.2,316.3,32.4,D,0
-27.5873,141.6219,341.4,1.3,1.1,2014-01-20,0030,Terra,MODIS,73,6.2,316.7,29.4,D,0
-27.5897,141.6353,353.4,1.3,1.1,2014-01-20,0030,Terra,MODIS,95,6.2,320,63.6,D,0
-27.5976,141.6197,351.1,1.3,1.1,2014-01-20,0030,Terra,MODIS,93,6.2,315.9,58.5,D,0
-27.5999,141.6331,361.6,1.3,1.1,2014-01-20,0030,Terra,MODIS,100,6.2,319.2,94.2,D,0
-27.6078,141.6174,359.9,1.3,1.1,2014-01-20,0030,Terra,MODIS,99,6.2,318.8,91.1,D,0
-27.6102,141.6308,357.4,1.3,1.1,2014-01-20,0030,Terra,MODIS,98,6.2,319.8,74.7,D,0
-27.6125,141.6442,341.4,1.3,1.1,2014-01-20,0030,Terra,MODIS,63,6.2,318.8,20.9,D,0
-27.6157,141.6018,394.4,1.3,1.1,2014-01-20,0030,Terra,MODIS,100,6.2,320.1,298.3,D,0
-27.6181,141.6152,421.7,1.3,1.1,2014-01-20,0030,Terra,MODIS,100,6.2,328.9,581.8,D,0
-27.6204,141.6286,379.4,1.3,1.1,2014-01-20,0030,Terra,MODIS,100,6.2,323.1,181.8,D,0
-27.6228,141.6419,355.5,1.3,1.1,2014-01-20,0030,Terra,MODIS,96,6.2,320.3,65.8,D,0
-29.892,149.058,334.8,1.4,1.2,2014-01-20,0031,Terra,MODIS,69,6.2,318.7,13.9,D,0
-35.2947,141.9315,331.1,1,1,2014-01-20,0032,Terra,MODIS,47,6.2,314.9,13.7,D,0
-35.3113,141.8741,330,1,1,2014-01-20,0032,Terra,MODIS,59,6.2,313.2,11.1,D,0
-35.3388,141.8081,331.7,1,1,2014-01-20,0032,Terra,MODIS,51,6.2,317.9,14.4,D,0
-35.381,141.9526,356.1,1,1,2014-01-20,0032,Terra,MODIS,97,6.2,318.8,56,D,0
-35.3828,141.964,335.9,1,1,2014-01-20,0032,Terra,MODIS,28,6.2,316.5,15.6,D,0
-35.3352,141.9634,343,1,1,2014-01-20,0032,Terra,MODIS,74,6.2,313,31.4,D,0
-35.414,141.9383,332.3,1,1,2014-01-20,0032,Terra,MODIS,43,6.2,317.9,12,D,0
-35.3407,141.8791,332.8,1,1,2014-01-20,0032,Terra,MODIS,69,6.2,317.1,13.6,D,0
-35.337,141.7966,346,1,1,2014-01-20,0032,Terra,MODIS,90,6.2,313.2,40.3,D,0
-35.5588,142.0281,334.4,1,1,2014-01-20,0032,Terra,MODIS,71,6.2,314.6,17.8,D,0
-35.3334,141.952,357.1,1,1,2014-01-20,0032,Terra,MODIS,98,6.2,317.7,61.8,D,0
-35.4339,148.2312,332.2,1.4,1.2,2014-01-20,0032,Terra,MODIS,22,6.2,300.2,37.2,D,0
-35.4446,148.2295,334.9,1.4,1.2,2014-01-20,0032,Terra,MODIS,67,6.2,297,44.5,D,0
-33.7784,149.5785,336.3,1.6,1.3,2014-01-20,0032,Terra,MODIS,81,6.2,306.8,45.8,D,0
-33.7999,149.4508,339.5,1.6,1.2,2014-01-20,0032,Terra,MODIS,85,6.2,304.1,60,D,0
-33.8434,149.2139,339.8,1.6,1.2,2014-01-20,0032,Terra,MODIS,85,6.2,302.7,59.4,D,0
-33.864,149.1944,324.9,1.6,1.2,2014-01-20,0032,Terra,MODIS,46,6.2,302.7,23.8,D,0
-35.5242,147.6376,370.6,1.3,1.1,2014-01-20,0032,Terra,MODIS,100,6.2,304,162.9,D,0
-35.8503,147.4844,346.4,1.3,1.1,2014-01-20,0032,Terra,MODIS,83,6.2,296.5,69.9,D,0
-33.0508,138.1469,334.8,1.7,1.3,2014-01-20,0032,Terra,MODIS,41,6.2,310.3,40.6,D,0
-33.0731,138.1527,341.7,1.7,1.3,2014-01-20,0032,Terra,MODIS,79,6.2,307.7,66.5,D,0
-35.5301,147.6307,342,1.3,1.1,2014-01-20,0032,Terra,MODIS,84,6.2,297.9,57.6,D,0
-35.5139,147.6393,361.6,1.3,1.1,2014-01-20,0032,Terra,MODIS,100,6.2,303.8,122.8,D,0
-33.088,138.1675,364.1,1.7,1.3,2014-01-20,0032,Terra,MODIS,100,6.2,311.4,179.6,D,0
-35.5285,147.6158,340.3,1.3,1.1,2014-01-20,0032,Terra,MODIS,83,6.2,302.7,50.1,D,0
-33.7801,149.5959,358.1,1.6,1.3,2014-01-20,0032,Terra,MODIS,98,6.2,303.9,137.6,D,0
-33.0618,138.1561,333,1.7,1.3,2014-01-20,0032,Terra,MODIS,51,6.2,313.1,38.5,D,0
-35.8383,147.4715,341.2,1.3,1.1,2014-01-20,0032,Terra,MODIS,81,6.2,298.5,53.1,D,0
-36.3051,146.5159,321.9,1.2,1.1,2014-01-20,0032,Terra,MODIS,36,6.2,302.5,12.9,D,0
-35.5225,147.6227,372.3,1.3,1.1,2014-01-20,0032,Terra,MODIS,100,6.2,307.1,169.8,D,0
-37.0833,142.5199,354.5,1,1,2014-01-20,0033,Terra,MODIS,97,6.2,305.3,63.8,D,0
-37.1435,142.3709,340.3,1,1,2014-01-20,0033,Terra,MODIS,77,6.2,300.5,35.7,D,0
-37.1582,142.7706,322.4,1,1,2014-01-20,0033,Terra,MODIS,59,6.2,303.8,7.8,D,0
-37.1542,142.38,328.3,1,1,2014-01-20,0033,Terra,MODIS,62,6.2,298.3,20.4,D,0
-37.1525,142.3689,338.6,1,1,2014-01-20,0033,Terra,MODIS,87,6.2,298.3,34,D,0
-37.085,142.5311,330.5,1,1,2014-01-20,0033,Terra,MODIS,78,6.2,302.1,20.4,D,0
-37.1565,142.7593,319.5,1,1,2014-01-20,0033,Terra,MODIS,43,6.2,303.5,5.2,D,0
-33.2218,150.496,311.8,3.8,1.8,2014-01-20,0310,Aqua,MODIS,37,6.2,292.3,44.2,D,0
-33.2324,150.4895,310.1,3.8,1.8,2014-01-20,0310,Aqua,MODIS,15,6.2,291.8,36.1,D,0
-33.7802,149.583,330.4,4.4,1.9,2014-01-20,0310,Aqua,MODIS,0,6.2,287.8,189.8,D,0
-33.7807,149.5918,336.6,4.4,1.9,2014-01-20,0310,Aqua,MODIS,76,6.2,287.4,254.6,D,0
-25.7576,150.9778,328,2.9,1.6,2014-01-20,0312,Aqua,MODIS,60,6.2,302.3,59.4,D,0
-25.758,150.9733,327.4,2.9,1.6,2014-01-20,0312,Aqua,MODIS,56,6.2,302.6,54.3,D,0
-26.061,151.29,347.1,2.8,1.6,2014-01-20,0312,Aqua,MODIS,91,6.2,302.7,189.2,D,0
-26.0634,151.2618,346.8,2.8,1.6,2014-01-20,0312,Aqua,MODIS,91,6.2,302.6,186.1,D,0
-26.0514,151.2314,333.7,2.8,1.6,2014-01-20,0312,Aqua,MODIS,61,6.2,303.7,84.9,D,0
-26.0368,151.2296,331.5,2.8,1.6,2014-01-20,0312,Aqua,MODIS,49,6.2,304.9,73.8,D,0
-22.9747,150.015,321.2,3.2,1.7,2014-01-20,0313,Aqua,MODIS,40,6.2,299.7,44.4,D,0
-22.9783,150.0109,322.7,3.2,1.7,2014-01-20,0313,Aqua,MODIS,55,6.2,300.7,50.6,D,0
-23.2802,149.4012,325.1,3.6,1.8,2014-01-20,0313,Aqua,MODIS,63,6.2,303.5,60.2,D,0
-24.5811,149.0124,331.2,3.9,1.8,2014-01-20,0313,Aqua,MODIS,67,6.2,303.4,113.2,D,0
-24.5759,149.0043,329.4,3.9,1.8,2014-01-20,0313,Aqua,MODIS,54,6.2,304.3,93.5,D,0
-24.141,149.5346,323.6,3.6,1.8,2014-01-20,0313,Aqua,MODIS,51,6.2,302.5,52.6,D,0
-22.2304,149.1543,328.4,3.6,1.8,2014-01-20,0313,Aqua,MODIS,45,6.2,297.1,94.4,D,0
-24.7275,151.4466,326.7,2.6,1.6,2014-01-20,0313,Aqua,MODIS,69,6.2,304.1,57.9,D,0
-22.2447,149.0914,336.1,3.6,1.8,2014-01-20,0313,Aqua,MODIS,81,6.2,297,150.1,D,0
-22.2794,150.0807,329.6,3.1,1.7,2014-01-20,0313,Aqua,MODIS,71,6.2,300.4,90.2,D,0
-24.6937,151.8239,326.1,2.5,1.5,2014-01-20,0313,Aqua,MODIS,52,6.2,306.5,39.7,D,0
-24.6959,151.7997,335.6,2.5,1.5,2014-01-20,0313,Aqua,MODIS,82,6.2,306.3,87.3,D,0
-24.7204,151.465,322.9,2.6,1.6,2014-01-20,0313,Aqua,MODIS,59,6.2,304.1,40,D,0
-24.7228,151.4392,323,2.6,1.6,2014-01-20,0313,Aqua,MODIS,60,6.2,303.9,41.2,D,0
-24.689,151.7921,332.7,2.5,1.5,2014-01-20,0313,Aqua,MODIS,75,6.2,307.4,73.1,D,0
-24.6822,151.7981,328.3,2.5,1.5,2014-01-20,0313,Aqua,MODIS,47,6.2,308.6,51,D,0
-24.6867,151.8162,333.7,2.5,1.5,2014-01-20,0313,Aqua,MODIS,80,6.2,306.5,76.9,D,0
-24.6664,151.4334,324.4,2.6,1.6,2014-01-20,0313,Aqua,MODIS,43,6.2,302.6,46.9,D,0
-35.5138,147.631,345.6,2.9,1.6,2014-01-20,0448,Aqua,MODIS,79,6.2,300.7,189.1,D,0
-35.536,147.6122,344.5,2.9,1.6,2014-01-20,0448,Aqua,MODIS,85,6.2,300.8,169,D,0
-34.3125,145.9003,351.3,2.4,1.5,2014-01-20,0448,Aqua,MODIS,94,6.2,314.5,179.1,D,0
-34.3181,145.8744,332.1,2.4,1.5,2014-01-20,0448,Aqua,MODIS,68,6.2,316.5,56,D,0
-33.8559,149.2348,339.1,4,1.9,2014-01-20,0448,Aqua,MODIS,83,6.2,303.8,230.9,D,0
-33.8658,149.1954,330.3,4,1.9,2014-01-20,0448,Aqua,MODIS,67,6.2,307.1,132.4,D,0
-33.8394,149.2297,342.1,4,1.9,2014-01-20,0448,Aqua,MODIS,86,6.2,303.8,271.4,D,0
-33.8493,149.1906,332.7,4,1.9,2014-01-20,0448,Aqua,MODIS,73,6.2,307,159.9,D,0
-33.8518,149.2262,350.1,4,1.9,2014-01-20,0448,Aqua,MODIS,93,6.2,304.8,381.3,D,0
-33.8615,149.1868,328.3,4,1.9,2014-01-20,0448,Aqua,MODIS,40,6.2,307.7,108.4,D,0
-33.8354,149.2209,331.7,4,1.9,2014-01-20,0448,Aqua,MODIS,71,6.2,303.4,150.7,D,0
-33.8451,149.1815,325.8,4,1.9,2014-01-20,0448,Aqua,MODIS,41,6.2,306.6,95.1,D,0
-35.3176,141.8954,356.1,1.3,1.1,2014-01-20,0448,Aqua,MODIS,72,6.2,321.9,69.6,D,0
-35.2968,141.951,422.2,1.3,1.1,2014-01-20,0448,Aqua,MODIS,100,6.2,339.6,589.3,D,0
-37.0841,142.5148,330,1.3,1.1,2014-01-20,0448,Aqua,MODIS,59,6.2,305.4,21.9,D,0
-35.4491,141.8983,340.1,1.3,1.1,2014-01-20,0448,Aqua,MODIS,76,6.2,323.3,23.5,D,0
-35.399,141.9541,358.4,1.3,1.1,2014-01-20,0448,Aqua,MODIS,98,6.2,323.5,80.8,D,0
-35.4016,141.9394,342.9,1.3,1.1,2014-01-20,0448,Aqua,MODIS,84,6.2,325.1,27.8,D,0
-35.3888,141.9512,347.6,1.3,1.1,2014-01-20,0448,Aqua,MODIS,88,6.2,322.8,40.3,D,0
-35.3527,141.972,373.1,1.3,1.1,2014-01-20,0448,Aqua,MODIS,100,6.2,319.9,152.5,D,0
-35.3554,141.9574,414,1.3,1.1,2014-01-20,0448,Aqua,MODIS,100,6.2,334.1,486.8,D,0
-35.3425,141.9692,399.7,1.3,1.1,2014-01-20,0448,Aqua,MODIS,100,6.2,317.8,344,D,0
-35.3451,141.9546,431.8,1.3,1.1,2014-01-20,0448,Aqua,MODIS,100,6.2,337.2,724.4,D,0
-35.3322,141.9663,460.8,1.3,1.1,2014-01-20,0448,Aqua,MODIS,100,6.2,338.8,1287,D,0
-35.3349,141.9517,425.7,1.3,1.1,2014-01-20,0448,Aqua,MODIS,100,6.2,341.9,632.2,D,0
-35.322,141.9635,503.4,1.3,1.1,2014-01-20,0448,Aqua,MODIS,100,6.2,400.1,2566.1,D,0
-35.3246,141.9489,412.7,1.3,1.1,2014-01-20,0448,Aqua,MODIS,100,6.2,339.8,455.6,D,0
-35.325,141.9741,414.5,1.3,1.1,2014-01-20,0448,Aqua,MODIS,92,6.2,316.4,476.1,D,0
-35.3276,141.9594,476.1,1.3,1.1,2014-01-20,0448,Aqua,MODIS,100,6.2,400.1,1620.9,D,0
-34.9404,140.5782,340.4,1.2,1.1,2014-01-20,0448,Aqua,MODIS,69,6.2,324.3,23.7,D,0
-35.3252,141.9128,365.4,1.3,1.1,2014-01-20,0448,Aqua,MODIS,100,6.2,325.8,104.2,D,0
-35.3459,141.7968,338.1,1.3,1.1,2014-01-20,0448,Aqua,MODIS,55,6.2,321.5,23.4,D,0
-35.3228,141.8663,359.6,1.3,1.1,2014-01-20,0448,Aqua,MODIS,98,6.2,320.7,83.9,D,0
-34.9382,140.5909,371.2,1.2,1.1,2014-01-20,0448,Aqua,MODIS,100,6.2,322.5,122,D,0
-35.0251,141.2748,338.7,1.3,1.1,2014-01-20,0448,Aqua,MODIS,52,6.2,320.2,23.1,D,0
-35.0351,141.2775,335.6,1.3,1.1,2014-01-20,0448,Aqua,MODIS,40,6.2,319.5,16.3,D,0
-37.1221,142.7537,332.6,1.4,1.2,2014-01-20,0448,Aqua,MODIS,62,6.2,309.1,20.3,D,0
-37.1302,142.7464,330.4,1.4,1.2,2014-01-20,0448,Aqua,MODIS,27,6.2,311,14.2,D,0
-37.1638,142.7413,329.9,1.4,1.2,2014-01-20,0448,Aqua,MODIS,74,6.2,313.8,13.2,D,0
-37.161,142.756,346.7,1.4,1.2,2014-01-20,0448,Aqua,MODIS,92,6.2,311.4,56.4,D,0
-37.1713,142.7595,339.4,1.4,1.2,2014-01-20,0448,Aqua,MODIS,86,6.2,313.1,35.2,D,0
-37.1685,142.7746,332.9,1.4,1.2,2014-01-20,0448,Aqua,MODIS,78,6.2,312.9,20.2,D,0
-37.1133,142.3519,324.5,1.3,1.1,2014-01-20,0448,Aqua,MODIS,41,6.2,297,15.8,D,0
-37.1106,142.3666,327.8,1.3,1.1,2014-01-20,0448,Aqua,MODIS,66,6.2,300,22.5,D,0
-37.1217,142.344,333.5,1.3,1.1,2014-01-20,0448,Aqua,MODIS,59,6.2,299.2,30.8,D,0
-37.1189,142.3594,385.3,1.3,1.1,2014-01-20,0448,Aqua,MODIS,100,6.2,305.1,244.9,D,0
-37.1162,142.3741,354,1.3,1.1,2014-01-20,0448,Aqua,MODIS,96,6.2,303.6,89,D,0
-37.1318,142.347,340.2,1.3,1.1,2014-01-20,0448,Aqua,MODIS,82,6.2,299.7,46.7,D,0
-37.129,142.3623,359,1.3,1.1,2014-01-20,0448,Aqua,MODIS,99,6.2,301.2,108.8,D,0
-37.1312,142.4088,337.1,1.3,1.1,2014-01-20,0448,Aqua,MODIS,83,6.2,304.4,40.8,D,0
-37.1413,142.4116,340.8,1.3,1.1,2014-01-20,0448,Aqua,MODIS,87,6.2,302.6,51,D,0
-37.1387,142.426,346,1.3,1.1,2014-01-20,0448,Aqua,MODIS,91,6.2,304.2,63.9,D,0
-37.1618,142.3575,393,1.3,1.1,2014-01-20,0448,Aqua,MODIS,100,6.2,309.2,297.4,D,0
-37.1592,142.3719,357.8,1.3,1.1,2014-01-20,0448,Aqua,MODIS,98,6.2,300.5,103.6,D,0
-37.1463,142.4433,328.1,1.3,1.1,2014-01-20,0448,Aqua,MODIS,28,6.2,303.8,23.1,D,0
-37.1437,142.4574,343.1,1.3,1.1,2014-01-20,0448,Aqua,MODIS,88,6.2,303.1,57.1,D,0
-37.1719,142.3606,392.2,1.3,1.1,2014-01-20,0448,Aqua,MODIS,100,6.2,318,289.9,D,0
-37.1693,142.3752,392.4,1.3,1.1,2014-01-20,0448,Aqua,MODIS,100,6.2,311.7,296.7,D,0
-35.3193,141.9781,374.5,1.3,1.1,2014-01-20,0448,Aqua,MODIS,100,6.2,309.1,180.5,D,0
-35.3018,141.9832,372.4,1.3,1.2,2014-01-20,0448,Aqua,MODIS,61,6.2,303,134.7,D,0
-35.2812,141.9775,422.9,1.3,1.2,2014-01-20,0448,Aqua,MODIS,100,6.2,307.8,598.7,D,0
-35.6229,142.0813,345.4,1.3,1.1,2014-01-20,0448,Aqua,MODIS,87,6.2,318.7,43.1,D,0
-35.6256,142.0666,372.6,1.3,1.1,2014-01-20,0448,Aqua,MODIS,100,6.2,324.3,153.6,D,0
-35.571,142.0292,342.6,1.3,1.1,2014-01-20,0448,Aqua,MODIS,80,6.2,322.2,34.2,D,0
-35.5581,142.0411,339.6,1.3,1.1,2014-01-20,0448,Aqua,MODIS,54,6.2,318.2,26.7,D,0
-35.5608,142.0264,377,1.3,1.1,2014-01-20,0448,Aqua,MODIS,100,6.2,324.4,178.9,D,0
-35.2086,142.4345,347.8,1.4,1.2,2014-01-20,0448,Aqua,MODIS,90,6.2,322.4,53.9,D,0
-35.2763,141.9453,396.7,1.3,1.1,2014-01-20,0448,Aqua,MODIS,100,6.2,321,329,D,0
-35.2736,141.96,436.6,1.3,1.1,2014-01-20,0448,Aqua,MODIS,100,6.2,319.2,828.6,D,0
-35.271,141.9747,341.9,1.3,1.2,2014-01-20,0448,Aqua,MODIS,80,6.2,298.4,52,D,0
-35.2866,141.9482,442.3,1.3,1.1,2014-01-20,0448,Aqua,MODIS,100,6.2,400.1,868.1,D,0
-35.3357,141.794,355.3,1.3,1.1,2014-01-20,0448,Aqua,MODIS,96,6.2,322.6,73.8,D,0
-35.2839,141.9628,501.5,1.3,1.1,2014-01-20,0448,Aqua,MODIS,100,6.2,400.1,2477,D,0
-35.3126,141.8635,393.7,1.3,1.1,2014-01-20,0448,Aqua,MODIS,100,6.2,328.8,287.4,D,0
-35.3147,141.9712,452.4,1.3,1.1,2014-01-20,0448,Aqua,MODIS,100,6.2,333.5,1077.3,D,0
-35.3173,141.9566,446.7,1.3,1.1,2014-01-20,0448,Aqua,MODIS,100,6.2,400.1,976.4,D,0
-35.3044,141.9684,484,1.3,1.1,2014-01-20,0448,Aqua,MODIS,100,6.2,400.1,1928.4,D,0
-35.3123,141.9245,365.2,1.3,1.1,2014-01-20,0448,Aqua,MODIS,0,6.2,314.7,61.8,D,0
-35.31,141.878,361.3,1.3,1.1,2014-01-20,0448,Aqua,MODIS,90,6.2,314.7,93.9,D,0
-35.315,141.9099,420.6,1.3,1.1,2014-01-20,0448,Aqua,MODIS,100,6.2,329.2,567.3,D,0
-35.2942,141.9657,462.3,1.3,1.1,2014-01-20,0448,Aqua,MODIS,100,6.2,338.2,1285.8,D,0
-31.6656,133.5301,333.6,1.2,1.1,2014-01-20,0449,Aqua,MODIS,65,6.2,318.3,13.5,D,0
-31.7552,133.9714,339,1.1,1.1,2014-01-20,0449,Aqua,MODIS,42,6.2,321.2,18.5,D,0
-33.0803,138.1551,358.9,1,1,2014-01-20,0449,Aqua,MODIS,99,6.2,317.6,67.4,D,0
-33.0547,138.1383,347.6,1,1,2014-01-20,0449,Aqua,MODIS,89,6.2,316.3,38.3,D,0
-31.7714,133.9988,385.4,1.1,1.1,2014-01-20,0449,Aqua,MODIS,100,6.2,329.5,177.8,D,0
-31.7729,133.9868,362.5,1.1,1.1,2014-01-20,0449,Aqua,MODIS,100,6.2,325.9,75.6,D,0
-33.0638,138.1403,355.2,1,1,2014-01-20,0449,Aqua,MODIS,96,6.2,316.4,55.9,D,0
-33.053,138.149,342.6,1,1,2014-01-20,0449,Aqua,MODIS,84,6.2,317.9,29.5,D,0
-32.9504,138.0986,333.2,1,1,2014-01-20,0449,Aqua,MODIS,53,6.2,314.6,11.8,D,0
-32.9636,138.1354,334.9,1,1,2014-01-20,0449,Aqua,MODIS,69,6.2,315.6,15.2,D,0
-31.787,133.9522,385.9,1.1,1.1,2014-01-20,0449,Aqua,MODIS,100,6.2,326.1,182.4,D,0
-32.9926,138.1304,336.8,1,1,2014-01-20,0449,Aqua,MODIS,74,6.2,314.9,17.6,D,0
-31.7966,133.9538,361.8,1.1,1.1,2014-01-20,0449,Aqua,MODIS,100,6.2,328.2,74.3,D,0
-31.8002,134.0038,342.4,1.1,1.1,2014-01-20,0449,Aqua,MODIS,82,6.2,325.4,18.9,D,0
-31.747,133.9577,344.1,1.1,1.1,2014-01-20,0449,Aqua,MODIS,80,6.2,318.6,31.1,D,0
-33.0621,138.1511,369.5,1,1,2014-01-20,0449,Aqua,MODIS,100,6.2,320.2,99.2,D,0
-33.0712,138.153,365.7,1,1,2014-01-20,0449,Aqua,MODIS,100,6.2,319.7,86.4,D,0
-32.9595,138.1006,335.6,1,1,2014-01-20,0449,Aqua,MODIS,71,6.2,315.6,14.7,D,0
-31.7567,133.9593,355.2,1.1,1.1,2014-01-20,0449,Aqua,MODIS,96,6.2,324.7,58.9,D,0
-31.7885,133.9401,341.5,1.1,1.1,2014-01-20,0449,Aqua,MODIS,58,6.2,321.8,22.7,D,0
-33.0877,138.168,341,1,1,2014-01-20,0449,Aqua,MODIS,79,6.2,317.5,25.9,D,0
-31.7618,133.9972,434.5,1.1,1.1,2014-01-20,0449,Aqua,MODIS,100,6.2,333.5,606.5,D,0
-31.7633,133.9851,396.2,1.1,1.1,2014-01-20,0449,Aqua,MODIS,100,6.2,327.6,244.9,D,0
-33.0819,138.1444,339.8,1,1,2014-01-20,0449,Aqua,MODIS,79,6.2,313.5,24.5,D,0
-33.0729,138.1423,356.5,1,1,2014-01-20,0449,Aqua,MODIS,97,6.2,316.5,58.7,D,0
-32.9612,138.0897,349.1,1,1,2014-01-20,0449,Aqua,MODIS,91,6.2,316,39.3,D,0
-33.0894,138.1572,364.6,1,1,2014-01-20,0449,Aqua,MODIS,100,6.2,320.4,84.1,D,0
-27.6266,141.6022,358.3,1.8,1.3,2014-01-20,0450,Aqua,MODIS,90,6.2,324.9,103,D,0
-27.6148,141.5993,356.3,1.8,1.3,2014-01-20,0450,Aqua,MODIS,97,6.2,325.2,89.4,D,0
-27.6183,141.5812,351.5,1.8,1.3,2014-01-20,0450,Aqua,MODIS,92,6.2,324,60.8,D,0
-27.5996,141.6147,346.2,1.8,1.3,2014-01-20,0450,Aqua,MODIS,48,6.2,319.8,41.8,D,0
-27.6031,141.5965,349.6,1.8,1.3,2014-01-20,0450,Aqua,MODIS,51,6.2,323.5,54.9,D,0
-27.6065,141.5784,361.3,1.8,1.3,2014-01-20,0450,Aqua,MODIS,100,6.2,324.6,123.9,D,0
-27.5878,141.6118,352.1,1.8,1.3,2014-01-20,0450,Aqua,MODIS,64,6.2,319.8,81.5,D,0
-27.5913,141.5936,358.9,1.8,1.3,2014-01-20,0450,Aqua,MODIS,99,6.2,324.2,112.4,D,0
-27.5948,141.5755,346.8,1.8,1.3,2014-01-20,0450,Aqua,MODIS,83,6.2,323.8,48.8,D,0
-27.6103,141.5931,353.8,1.8,1.3,2014-01-20,0450,Aqua,MODIS,74,6.2,325.1,78.1,D,0
-27.5986,141.5902,349.4,1.8,1.3,2014-01-20,0450,Aqua,MODIS,71,6.2,323.7,60.1,D,0
-27.602,141.572,348.7,1.8,1.3,2014-01-20,0450,Aqua,MODIS,91,6.2,323.7,58.6,D,0
-27.5834,141.6055,387.4,1.8,1.3,2014-01-20,0450,Aqua,MODIS,100,6.2,323.4,384.9,D,0
-27.5868,141.5873,371.4,1.8,1.3,2014-01-20,0450,Aqua,MODIS,100,6.2,326.1,217.1,D,0
-27.5902,141.5692,344,1.8,1.3,2014-01-20,0450,Aqua,MODIS,83,6.2,322.7,43.7,D,0
-27.5682,141.6209,349.8,1.8,1.3,2014-01-20,0450,Aqua,MODIS,87,6.2,306.5,102.2,D,0
-27.5716,141.6026,365,1.8,1.3,2014-01-20,0450,Aqua,MODIS,100,6.2,315.9,184.2,D,0
-27.5751,141.5845,348.9,1.8,1.3,2014-01-20,0450,Aqua,MODIS,69,6.2,319.6,78.3,D,0
-31.7509,115.9814,351.8,1.3,1.1,2014-01-20,0628,Aqua,MODIS,93,6.2,318.1,62.7,D,0
-35.6007,147.6914,303.1,1.9,1.4,2014-01-20,1234,Terra,MODIS,6,6.2,291.6,11,N,0
-35.834,147.5428,310.5,2,1.4,2014-01-20,1234,Terra,MODIS,33,6.2,291.1,24.1,N,0
-35.6043,147.6498,303.2,1.9,1.4,2014-01-20,1234,Terra,MODIS,19,6.2,291.3,10.6,N,0
-35.8182,147.4255,323.9,2,1.4,2014-01-20,1234,Terra,MODIS,100,6.2,292.6,57.2,N,0
-35.8484,147.5223,317.5,2,1.4,2014-01-20,1234,Terra,MODIS,52,6.2,291.5,38.2,N,0
-35.8175,147.4184,318.8,2,1.4,2014-01-20,1234,Terra,MODIS,98,6.2,292.3,44.8,N,0
-35.8414,147.4534,301.1,2,1.4,2014-01-20,1234,Terra,MODIS,6,6.2,290.8,8.9,N,0
-35.8502,147.4996,332.3,2,1.4,2014-01-20,1234,Terra,MODIS,100,6.2,293.1,82.5,N,0
-35.6025,147.6703,307.9,1.9,1.4,2014-01-20,1234,Terra,MODIS,73,6.2,291.7,18.4,N,0
-35.5157,147.6311,307.2,1.9,1.4,2014-01-20,1235,Terra,MODIS,70,6.2,291.6,18.7,N,0
-32.6524,150.3767,301.1,1.2,1.1,2014-01-20,1235,Terra,MODIS,34,6.2,288,7.7,N,0
-33.7804,149.617,305.3,1.4,1.2,2014-01-20,1235,Terra,MODIS,64,6.2,288.1,13,N,0
-33.7731,149.5849,303.7,1.4,1.2,2014-01-20,1235,Terra,MODIS,50,6.2,287.5,11.2,N,0
-35.4499,148.2293,305.8,1.8,1.3,2014-01-20,1235,Terra,MODIS,46,6.2,290.3,15,N,0
-35.428,148.2056,312.1,1.8,1.3,2014-01-20,1235,Terra,MODIS,50,6.2,290.3,23,N,0
-35.43,148.1839,328.3,1.8,1.3,2014-01-20,1235,Terra,MODIS,100,6.2,290.9,61.8,N,0
-35.4181,148.1823,303.2,1.8,1.3,2014-01-20,1235,Terra,MODIS,54,6.2,289.9,12.8,N,0
-33.8549,149.2538,303.9,1.5,1.2,2014-01-20,1235,Terra,MODIS,34,6.2,289.4,10,N,0
-33.8565,149.2378,307.8,1.5,1.2,2014-01-20,1235,Terra,MODIS,19,6.2,290.5,13.2,N,0
-33.8615,149.1879,306.8,1.5,1.2,2014-01-20,1235,Terra,MODIS,49,6.2,291.7,12,N,0
-33.844,149.2523,306.1,1.5,1.2,2014-01-20,1235,Terra,MODIS,5,6.2,289.9,11.2,N,0
-33.8457,149.2357,315.9,1.5,1.2,2014-01-20,1235,Terra,MODIS,28,6.2,291.5,21.8,N,0
-33.8529,149.2471,312.5,1.5,1.2,2014-01-20,1235,Terra,MODIS,69,6.2,290.3,19.1,N,0
-33.842,149.2453,313.7,1.5,1.2,2014-01-20,1235,Terra,MODIS,56,6.2,291,20.4,N,0
-33.8311,149.2441,314.3,1.5,1.2,2014-01-20,1235,Terra,MODIS,89,6.2,290.5,22.8,N,0
-33.8346,149.2108,318.8,1.5,1.2,2014-01-20,1235,Terra,MODIS,97,6.2,292.5,27.9,N,0
-33.8363,149.1945,307.3,1.5,1.2,2014-01-20,1235,Terra,MODIS,21,6.2,291.1,12.2,N,0
-33.8329,149.2273,327.4,1.5,1.2,2014-01-20,1235,Terra,MODIS,100,6.2,292.7,43.7,N,0
-35.5573,142.0237,315.9,4.4,1.9,2014-01-20,1235,Terra,MODIS,92,6.2,291.9,120.2,N,0
-35.5757,142.0196,306.9,4.4,1.9,2014-01-20,1235,Terra,MODIS,70,6.2,291.4,61.6,N,0
-35.4375,141.9114,306.1,4.5,2,2014-01-20,1235,Terra,MODIS,67,6.2,292,61.7,N,0
-35.4383,141.9044,307.7,4.5,2,2014-01-20,1235,Terra,MODIS,72,6.2,291.9,69.6,N,0
-35.4006,141.9528,302.9,4.5,1.9,2014-01-20,1235,Terra,MODIS,38,6.2,292.2,41.4,N,0
-35.3472,141.95,317.4,4.5,1.9,2014-01-20,1235,Terra,MODIS,95,6.2,292.9,127.3,N,0
-35.2953,141.9355,307.2,4.5,1.9,2014-01-20,1235,Terra,MODIS,8,6.2,292.8,55.6,N,0
-35.2966,141.892,309.7,4.5,2,2014-01-20,1235,Terra,MODIS,22,6.2,293.1,68.8,N,0
-35.348,141.9451,314.6,4.5,1.9,2014-01-20,1235,Terra,MODIS,89,6.2,292.7,106,N,0
-35.575,142.0247,306.9,4.4,1.9,2014-01-20,1235,Terra,MODIS,70,6.2,291.4,64.8,N,0
-31.7178,149.616,303.2,1.3,1.1,2014-01-20,1235,Terra,MODIS,38,6.2,292.6,6.4,N,0
-31.7139,149.6211,310.7,1.3,1.1,2014-01-20,1235,Terra,MODIS,81,6.2,292.9,13.6,N,0
-35.5579,142.0187,315.5,4.4,1.9,2014-01-20,1235,Terra,MODIS,91,6.2,291.9,115,N,0
-31.094,149.4907,398.3,1.3,1.1,2014-01-20,1236,Terra,MODIS,100,6.2,308.7,357.2,N,0
-31.0924,149.5047,393.7,1.3,1.1,2014-01-20,1236,Terra,MODIS,100,6.2,312.5,319.9,N,0
-31.1195,149.5153,337,1.3,1.1,2014-01-20,1236,Terra,MODIS,100,6.2,298.2,51,N,0
-31.121,149.5015,349.2,1.3,1.1,2014-01-20,1236,Terra,MODIS,100,6.2,300.7,83.5,N,0
-31.1077,149.5275,319.6,1.3,1.1,2014-01-20,1236,Terra,MODIS,68,6.2,295.7,19.1,N,0
-31.1092,149.5138,365.6,1.3,1.1,2014-01-20,1236,Terra,MODIS,100,6.2,304.6,144.5,N,0
-31.0974,149.5258,322.1,1.3,1.1,2014-01-20,1236,Terra,MODIS,86,6.2,296,23.5,N,0
-31.1154,149.4578,310.5,1.3,1.1,2014-01-20,1236,Terra,MODIS,12,6.2,296,8.9,N,0
-31.1107,149.4999,452,1.3,1.1,2014-01-20,1236,Terra,MODIS,100,6.2,325.7,1096.7,N,0
-31.1123,149.4859,335.5,1.3,1.1,2014-01-20,1236,Terra,MODIS,100,6.2,298.7,46.5,N,0
-31.0886,149.5105,354.5,1.3,1.1,2014-01-20,1236,Terra,MODIS,100,6.2,300.6,102.4,N,0
-31.0902,149.4966,415.1,1.3,1.1,2014-01-20,1236,Terra,MODIS,100,6.2,310.8,524.9,N,0
-31.0837,149.4892,351.6,1.3,1.1,2014-01-20,1236,Terra,MODIS,100,6.2,298,92.8,N,0
-31.0871,149.5242,305.5,1.3,1.1,2014-01-20,1236,Terra,MODIS,9,6.2,294.3,5.4,N,0
-31.0917,149.4825,332.7,1.3,1.1,2014-01-20,1236,Terra,MODIS,100,6.2,297.3,40,N,0
-31.0908,149.5185,320.4,1.3,1.1,2014-01-20,1236,Terra,MODIS,100,6.2,296.5,22.8,N,0
-30.5344,150.5342,316.4,1.2,1.1,2014-01-20,1236,Terra,MODIS,93,6.2,295.3,16.5,N,0
-31.1051,149.4562,317.2,1.3,1.1,2014-01-20,1236,Terra,MODIS,68,6.2,295.5,16.6,N,0
-30.533,150.546,329,1.2,1.1,2014-01-20,1236,Terra,MODIS,100,6.2,295.9,32.7,N,0
-31.102,149.4843,393.1,1.3,1.1,2014-01-20,1236,Terra,MODIS,100,6.2,302.6,313.1,N,0
-31.1005,149.4982,500,1.3,1.1,2014-01-20,1236,Terra,MODIS,100,6.2,335.8,2397.2,N,0
-31.0989,149.5121,371.8,1.3,1.1,2014-01-20,1236,Terra,MODIS,100,6.2,306,175.3,N,0
-31.0821,149.5031,356.2,1.3,1.1,2014-01-20,1236,Terra,MODIS,100,6.2,298.5,109.5,N,0
-29.0323,151.5558,306.6,1,1,2014-01-20,1236,Terra,MODIS,69,6.2,296.1,4.8,N,0
-29.0309,151.5664,308.5,1,1,2014-01-20,1236,Terra,MODIS,75,6.2,296.1,6.1,N,0
-25.2141,149.9958,309.2,1.1,1,2014-01-20,1237,Terra,MODIS,26,6.2,296.5,5.4,N,0
-25.2127,150.0066,311.2,1.1,1,2014-01-20,1237,Terra,MODIS,51,6.2,296.7,7,N,0
-25.2221,150.008,314.5,1.1,1,2014-01-20,1237,Terra,MODIS,84,6.2,297,9.7,N,0
-24.715,151.4516,308.6,1,1,2014-01-20,1237,Terra,MODIS,74,6.2,294.5,7.1,N,0
-24.6608,151.4466,304.8,1,1,2014-01-20,1237,Terra,MODIS,26,6.2,294.1,4.1,N,0
-24.9125,147.9845,304.3,1.3,1.2,2014-01-20,1237,Terra,MODIS,53,6.2,294.2,6.8,N,0
-24.6842,151.8,308.5,1,1,2014-01-20,1237,Terra,MODIS,74,6.2,293.1,7.7,N,0
-25.6054,152.4886,305.5,1,1,2014-01-20,1237,Terra,MODIS,61,6.2,294.6,5.1,N,0
-25.7534,150.981,309.1,1,1,2014-01-20,1237,Terra,MODIS,72,6.2,295.5,6.6,N,0
-25.7548,150.9708,306.4,1,1,2014-01-20,1237,Terra,MODIS,60,6.2,295.4,4.6,N,0
-26.0679,151.2981,325.3,1,1,2014-01-20,1237,Terra,MODIS,100,6.2,296.5,20.6,N,0
-26.0588,151.2965,327.2,1,1,2014-01-20,1237,Terra,MODIS,100,6.2,296.3,22.2,N,0
-26.0497,151.295,318.7,1,1,2014-01-20,1237,Terra,MODIS,67,6.2,295.8,12.5,N,0
-26.0407,151.2934,314,1,1,2014-01-20,1237,Terra,MODIS,55,6.2,295.5,9,N,0
-26.6998,147.0654,311.9,1.6,1.3,2014-01-20,1237,Terra,MODIS,83,6.2,298.6,14.7,N,0
-27.6248,141.5846,309,4,1.9,2014-01-20,1237,Terra,MODIS,60,6.2,297.9,36.4,N,0
-27.6113,141.59,311.7,4,1.9,2014-01-20,1237,Terra,MODIS,73,6.2,298.3,48.8,N,0
-27.6078,141.5832,312.4,4,1.9,2014-01-20,1237,Terra,MODIS,77,6.2,298.3,51.7,N,0
-26.6902,147.0476,309.3,1.6,1.3,2014-01-20,1237,Terra,MODIS,76,6.2,298,11.7,N,0
-26.7016,147.049,321.3,1.6,1.3,2014-01-20,1237,Terra,MODIS,100,6.2,298,32.3,N,0
-24.6104,149.0591,307.1,1.2,1.1,2014-01-20,1237,Terra,MODIS,66,6.2,296.6,5.2,N,0
-25.7176,152.4126,304.6,1,1,2014-01-20,1237,Terra,MODIS,57,6.2,293.9,4.5,N,0
-24.5744,149.0117,318.7,1.2,1.1,2014-01-20,1237,Terra,MODIS,97,6.2,298.6,16.8,N,0
-24.5661,148.9985,314.2,1.2,1.1,2014-01-20,1237,Terra,MODIS,87,6.2,297.7,12,N,0
-24.5647,149.0101,316.6,1.2,1.1,2014-01-20,1237,Terra,MODIS,93,6.2,298,14.4,N,0
-25.7162,152.4226,308.1,1,1,2014-01-20,1237,Terra,MODIS,72,6.2,294.1,6.7,N,0
-24.5758,149.0183,321.4,1.2,1.1,2014-01-20,1237,Terra,MODIS,100,6.2,298.7,19,N,0
-24.5729,149.0233,317.9,1.2,1.1,2014-01-20,1237,Terra,MODIS,95,6.2,298.3,15.8,N,0
-26.0665,151.3082,309.7,1,1,2014-01-20,1237,Terra,MODIS,29,6.2,295.8,6.5,N,0
-26.0574,151.3067,328,1,1,2014-01-20,1237,Terra,MODIS,100,6.2,296.7,23.3,N,0
-26.0483,151.3051,323.8,1,1,2014-01-20,1237,Terra,MODIS,92,6.2,296.5,18.2,N,0
-26.0076,151.2716,309.2,1,1,2014-01-20,1237,Terra,MODIS,74,6.2,295.3,6.5,N,0
-26.058,151.2341,308.1,1,1,2014-01-20,1237,Terra,MODIS,22,6.2,295.2,5.2,N,0
-26.049,151.2325,308.2,1,1,2014-01-20,1237,Terra,MODIS,14,6.2,295.1,5,N,0
-26.0167,151.2731,306,1,1,2014-01-20,1237,Terra,MODIS,57,6.2,295.2,4.4,N,0
-26.0153,151.2833,309.8,1,1,2014-01-20,1237,Terra,MODIS,76,6.2,295.1,7.1,N,0
-23.6694,148.6964,320.9,1.2,1.1,2014-01-20,1238,Terra,MODIS,100,6.2,297.2,20.9,N,0
-23.6596,148.6948,312.2,1.2,1.1,2014-01-20,1238,Terra,MODIS,81,6.2,296.1,10.9,N,0
-23.2726,149.4253,305.6,1.1,1,2014-01-20,1238,Terra,MODIS,57,6.2,295.5,5,N,0
-23.357,149.8422,314.2,1.1,1,2014-01-20,1238,Terra,MODIS,74,6.2,295.6,10.7,N,0
-23.3584,149.8318,311.2,1.1,1,2014-01-20,1238,Terra,MODIS,18,6.2,295.6,7.7,N,0
-23.3505,149.82,311.7,1.1,1,2014-01-20,1238,Terra,MODIS,65,6.2,295.5,8.2,N,0
-23.3412,149.8186,308.4,1.1,1,2014-01-20,1238,Terra,MODIS,10,6.2,295.1,5.7,N,0
-23.9169,147.2234,310.3,1.5,1.2,2014-01-20,1238,Terra,MODIS,74,6.2,297.6,10.3,N,0
-23.9186,147.2085,316.1,1.5,1.2,2014-01-20,1238,Terra,MODIS,91,6.2,298.2,18.5,N,0
-23.9062,147.2218,315.8,1.5,1.2,2014-01-20,1238,Terra,MODIS,90,6.2,297.7,18,N,0
-23.9078,147.2071,324.4,1.5,1.2,2014-01-20,1238,Terra,MODIS,100,6.2,298.2,32.9,N,0
-23.7811,145.3612,310.2,1.9,1.4,2014-01-20,1238,Terra,MODIS,74,6.2,296.9,18.3,N,0
-23.7831,145.342,321.1,2,1.4,2014-01-20,1238,Terra,MODIS,100,6.2,297.1,42.6,N,0
-23.1476,149.2733,305.9,1.1,1.1,2014-01-20,1238,Terra,MODIS,46,6.2,295.4,5.2,N,0
-23.1381,149.2718,308.7,1.1,1.1,2014-01-20,1238,Terra,MODIS,71,6.2,295.5,7.3,N,0
-24.053,146.621,309.5,1.6,1.2,2014-01-20,1238,Terra,MODIS,71,6.2,296.3,13.2,N,0
-24.0428,146.6139,305.8,1.6,1.2,2014-01-20,1238,Terra,MODIS,20,6.2,295.7,7.5,N,0
-23.9717,146.6368,307.3,1.6,1.2,2014-01-20,1238,Terra,MODIS,31,6.2,296.4,9.3,N,0
-24.1442,149.5442,313.6,1.1,1,2014-01-20,1238,Terra,MODIS,85,6.2,297.2,10.2,N,0
-24.1403,149.5374,314.1,1.1,1,2014-01-20,1238,Terra,MODIS,86,6.2,297.3,10.9,N,0
-22.8614,149.2109,307.9,1.1,1.1,2014-01-20,1238,Terra,MODIS,69,6.2,295.6,6.9,N,0
-22.8628,149.2001,309.2,1.1,1.1,2014-01-20,1238,Terra,MODIS,74,6.2,295.9,8.1,N,0
-23.5245,149.602,305.7,1.1,1,2014-01-20,1238,Terra,MODIS,56,6.2,295.5,4.7,N,0
-23.0009,149.8837,310.6,1.1,1,2014-01-20,1238,Terra,MODIS,79,6.2,295.2,7.9,N,0
-22.1282,149.1382,330.5,1.1,1,2014-01-20,1238,Terra,MODIS,100,6.2,296.1,30.6,N,0
-22.1174,149.1478,322.5,1.1,1,2014-01-20,1238,Terra,MODIS,97,6.2,294.8,20.8,N,0
-22.1188,149.1368,318,1.1,1,2014-01-20,1238,Terra,MODIS,28,6.2,294.6,14.6,N,0
-22.2635,149.0995,322.1,1.1,1,2014-01-20,1238,Terra,MODIS,70,6.2,296.1,19.2,N,0
-22.2145,149.1794,305.6,1.1,1,2014-01-20,1238,Terra,MODIS,39,6.2,294.3,5.9,N,0
-22.2663,149.0779,308.2,1.1,1.1,2014-01-20,1238,Terra,MODIS,71,6.2,295.4,7.4,N,0
-22.1324,149.1062,324.2,1.1,1,2014-01-20,1238,Terra,MODIS,100,6.2,295,22.7,N,0
-22.254,149.0981,318.5,1.1,1,2014-01-20,1238,Terra,MODIS,49,6.2,295.6,14.3,N,0
-22.2649,149.0887,318.6,1.1,1,2014-01-20,1238,Terra,MODIS,66,6.2,296.2,15.7,N,0
-22.2389,149.1396,344.6,1.1,1,2014-01-20,1238,Terra,MODIS,100,6.2,297.6,56.3,N,0
-22.173,149.0905,305.4,1.1,1,2014-01-20,1238,Terra,MODIS,41,6.2,295.1,5,N,0
-22.131,149.1167,309.6,1.1,1,2014-01-20,1238,Terra,MODIS,33,6.2,294.6,7.8,N,0
-22.2554,149.0874,337.2,1.1,1,2014-01-20,1238,Terra,MODIS,100,6.2,297.6,41.1,N,0
-22.2459,149.0862,327.9,1.1,1,2014-01-20,1238,Terra,MODIS,100,6.2,296,25.9,N,0
-22.2295,149.1383,320.7,1.1,1,2014-01-20,1238,Terra,MODIS,79,6.2,295.2,17.6,N,0
-22.2404,149.1289,320.1,1.1,1,2014-01-20,1238,Terra,MODIS,24,6.2,295.1,16,N,0
-23.7499,146.3795,311.6,1.6,1.3,2014-01-20,1238,Terra,MODIS,28,6.2,295.8,14.1,N,0
-23.7517,146.3632,313.7,1.7,1.3,2014-01-20,1238,Terra,MODIS,62,6.2,296.9,18.2,N,0
-22.1377,149.1396,322.3,1.1,1,2014-01-20,1238,Terra,MODIS,100,6.2,295.3,20.7,N,0
-22.1636,149.0888,313.8,1.1,1,2014-01-20,1238,Terra,MODIS,83,6.2,295.8,11.2,N,0
-22.108,149.1462,305.2,1.1,1,2014-01-20,1238,Terra,MODIS,36,6.2,293.6,5.8,N,0
-22.1268,149.1491,315.5,1.1,1,2014-01-20,1238,Terra,MODIS,29,6.2,294.5,12.8,N,0
-22.1363,149.1504,308.6,1.1,1,2014-01-20,1238,Terra,MODIS,27,6.2,294.1,7.8,N,0
-23.7691,146.4146,323.8,1.6,1.3,2014-01-20,1238,Terra,MODIS,100,6.2,297.6,37.7,N,0
-23.7595,146.3972,308.5,1.6,1.3,2014-01-20,1238,Terra,MODIS,6,6.2,296.6,10.1,N,0
-23.7613,146.381,308.2,1.6,1.3,2014-01-20,1238,Terra,MODIS,32,6.2,296.8,9.3,N,0
-23.7673,146.4305,308.5,1.6,1.3,2014-01-20,1238,Terra,MODIS,31,6.2,295.9,11.3,N,0
-22.2159,149.1688,311.5,1.1,1,2014-01-20,1238,Terra,MODIS,72,6.2,294.5,10.1,N,0
-23.8127,146.4267,312,1.6,1.3,2014-01-20,1238,Terra,MODIS,80,6.2,296.7,16.5,N,0
-17.249,145.267,300.6,1.6,1.2,2014-01-20,1240,Terra,MODIS,30,6.2,282.7,8.4,N,0
-33.0731,138.1527,311.7,2.6,1.5,2014-01-20,1413,Terra,MODIS,83,6.2,291,46.9,N,0
-33.0822,138.1351,306.5,2.6,1.5,2014-01-20,1413,Terra,MODIS,46,6.2,290.6,30.2,N,0
-33.0594,138.1484,311.6,2.6,1.5,2014-01-20,1413,Terra,MODIS,83,6.2,290.9,46.8,N,0
-33.0906,138.1633,308.8,2.6,1.5,2014-01-20,1413,Terra,MODIS,76,6.2,290.3,38.3,N,0
-33.0867,138.1577,328.3,2.6,1.5,2014-01-20,1413,Terra,MODIS,100,6.2,292.7,112.2,N,0
-33.0769,138.1589,323.6,2.6,1.5,2014-01-20,1413,Terra,MODIS,100,6.2,291.6,88,N,0
-35.3896,141.9451,301.4,3.9,1.8,2014-01-20,1413,Terra,MODIS,40,6.2,289.5,35.2,N,0
-35.331,141.968,301.3,3.9,1.8,2014-01-20,1413,Terra,MODIS,15,6.2,290.3,32,N,0
-35.5583,142.0224,309.5,3.9,1.8,2014-01-20,1413,Terra,MODIS,78,6.2,289.3,72.6,N,0
-35.5625,142.0289,309.5,3.9,1.8,2014-01-20,1413,Terra,MODIS,77,6.2,289.4,72.2,N,0
-35.3937,141.9515,303.7,3.9,1.8,2014-01-20,1413,Terra,MODIS,57,6.2,289.7,44.5,N,0
-35.2897,141.899,310.2,3.9,1.8,2014-01-20,1413,Terra,MODIS,79,6.2,290.5,72.2,N,0
-35.2933,141.9076,314,3.9,1.8,2014-01-20,1413,Terra,MODIS,88,6.2,290.7,90.9,N,0
-30.8707,121.4921,305.6,2.1,1.4,2014-01-20,1415,Terra,MODIS,36,6.2,287.2,17.8,N,2
-17.2511,145.2733,306.8,1,1,2014-01-20,1546,Aqua,MODIS,69,6.2,288.4,7.8,N,0
-18.3333,144.8086,310.2,1,1,2014-01-20,1546,Aqua,MODIS,56,6.2,289.5,8.9,N,0
-18.323,144.8007,310.1,1,1,2014-01-20,1546,Aqua,MODIS,79,6.2,288.6,9,N,0
-17.2497,145.2639,307.8,1,1,2014-01-20,1546,Aqua,MODIS,73,6.2,288.9,8.7,N,0
-22.1303,149.1532,315.3,1.7,1.3,2014-01-20,1547,Aqua,MODIS,81,6.2,293,26.6,N,0
-23.748,146.3598,310,1.2,1.1,2014-01-20,1547,Aqua,MODIS,57,6.2,296,9,N,0
-22.2602,149.1086,309,1.7,1.3,2014-01-20,1547,Aqua,MODIS,26,6.2,293.5,15.3,N,0
-22.2583,149.092,307.8,1.7,1.3,2014-01-20,1547,Aqua,MODIS,13,6.2,293.3,13.4,N,0
-22.135,149.1143,307.9,1.7,1.3,2014-01-20,1547,Aqua,MODIS,19,6.2,292.6,13.6,N,0
-24.9107,147.9887,308.1,1.6,1.2,2014-01-20,1547,Aqua,MODIS,73,6.2,293.5,14.1,N,0
-22.2466,149.0926,314.3,1.7,1.3,2014-01-20,1547,Aqua,MODIS,60,6.2,293.8,22.5,N,0
-23.7654,146.4179,316.1,1.2,1.1,2014-01-20,1547,Aqua,MODIS,92,6.2,296.7,15.4,N,0
-23.7669,146.4299,310,1.2,1.1,2014-01-20,1547,Aqua,MODIS,57,6.2,296,9.5,N,0
-23.7525,146.3953,310.2,1.2,1.1,2014-01-20,1547,Aqua,MODIS,43,6.2,296.3,8.6,N,0
-23.7495,146.3717,313.6,1.2,1.1,2014-01-20,1547,Aqua,MODIS,87,6.2,296.4,12.3,N,0
-23.754,146.4073,309.1,1.2,1.1,2014-01-20,1547,Aqua,MODIS,47,6.2,296.1,8.1,N,0
-23.751,146.3835,312.4,1.2,1.1,2014-01-20,1547,Aqua,MODIS,39,6.2,296.1,10.2,N,0
-22.1186,149.1544,311.1,1.7,1.3,2014-01-20,1547,Aqua,MODIS,72,6.2,292.6,20.5,N,0
-22.1284,149.1371,314.5,1.7,1.3,2014-01-20,1547,Aqua,MODIS,67,6.2,293.2,24.9,N,0
-23.9061,147.2162,309.4,1.4,1.2,2014-01-20,1547,Aqua,MODIS,71,6.2,296.7,10,N,0
-23.7824,145.359,310.9,1.1,1,2014-01-20,1547,Aqua,MODIS,80,6.2,297.7,8.8,N,0
-23.7757,145.345,310.2,1.1,1,2014-01-20,1547,Aqua,MODIS,78,6.2,297.1,8.1,N,0
-23.7771,145.3557,326.2,1.1,1,2014-01-20,1547,Aqua,MODIS,100,6.2,298.5,24.9,N,0
-23.781,145.3483,316.8,1.1,1,2014-01-20,1547,Aqua,MODIS,94,6.2,297.5,14.2,N,0
-23.9077,147.2291,307.5,1.4,1.2,2014-01-20,1547,Aqua,MODIS,68,6.2,296.2,7.9,N,0
-23.9568,146.6498,306.6,1.3,1.1,2014-01-20,1547,Aqua,MODIS,23,6.2,296.4,6.2,N,0
-23.9754,146.6345,308.7,1.3,1.1,2014-01-20,1547,Aqua,MODIS,41,6.2,296.2,8.2,N,0
-26.0564,151.3024,308.1,2.8,1.6,2014-01-20,1548,Aqua,MODIS,74,6.2,291.5,31.4,N,0
-27.5998,141.5785,334.3,1,1,2014-01-20,1548,Aqua,MODIS,100,6.2,298.9,32.2,N,0
-27.6013,141.5888,330.2,1,1,2014-01-20,1548,Aqua,MODIS,100,6.2,299.5,26.3,N,0
-27.6104,141.587,329.6,1,1,2014-01-20,1548,Aqua,MODIS,100,6.2,298.8,25.9,N,0
-27.621,141.5956,320.1,1,1,2014-01-20,1548,Aqua,MODIS,100,6.2,297.8,15.6,N,0
-27.6226,141.6058,317,1,1,2014-01-20,1548,Aqua,MODIS,93,6.2,297.1,12.8,N,0
-26.0548,151.3095,306.3,2.8,1.6,2014-01-20,1548,Aqua,MODIS,68,6.2,291.5,27.7,N,0
-26.0692,151.3081,301.6,2.8,1.6,2014-01-20,1548,Aqua,MODIS,18,6.2,291.3,14.9,N,0
-31.1129,149.515,308.5,2.4,1.5,2014-01-20,1549,Aqua,MODIS,38,6.2,293.2,26.1,N,0
-30.5354,150.5473,302.9,2.8,1.6,2014-01-20,1549,Aqua,MODIS,52,6.2,291.5,21.3,N,0
-31.0994,149.5166,314.9,2.4,1.5,2014-01-20,1549,Aqua,MODIS,88,6.2,294.1,42.5,N,0
-35.3386,141.9553,301.6,1,1,2014-01-20,1550,Aqua,MODIS,3,6.2,289.5,5.3,N,0
-35.3401,141.9669,309.5,1,1,2014-01-20,1550,Aqua,MODIS,78,6.2,291.2,10.7,N,0
-35.2894,141.9234,306.2,1,1,2014-01-20,1550,Aqua,MODIS,25,6.2,290.4,7.7,N,0
-35.3879,141.9695,304.8,1,1,2014-01-20,1550,Aqua,MODIS,46,6.2,290.2,7.1,N,0
-35.2879,141.9119,327.1,1,1,2014-01-20,1550,Aqua,MODIS,100,6.2,292.1,27.4,N,0
-35.2971,141.9101,305,1,1,2014-01-20,1550,Aqua,MODIS,19,6.2,290,6.8,N,0
-35.3863,141.9579,307.8,1,1,2014-01-20,1550,Aqua,MODIS,72,6.2,289.7,9.1,N,0
-35.3494,141.9651,303.9,1,1,2014-01-20,1550,Aqua,MODIS,28,6.2,289.8,6.6,N,0
-35.4194,148.2057,308.2,2.2,1.4,2014-01-20,1550,Aqua,MODIS,74,6.2,288.5,29.9,N,0
-35.4325,148.2042,311.7,2.2,1.4,2014-01-20,1550,Aqua,MODIS,62,6.2,288.2,36.6,N,0
-33.8317,149.2209,301.7,2.5,1.5,2014-01-20,1550,Aqua,MODIS,42,6.2,289.8,18.9,N,0
-33.8338,149.2463,304.9,2.5,1.5,2014-01-20,1550,Aqua,MODIS,62,6.2,289.5,26.1,N,0
-33.8392,149.2392,302.8,2.5,1.5,2014-01-20,1550,Aqua,MODIS,45,6.2,289.5,21.4,N,0
-33.0882,138.1688,307.1,1.2,1.1,2014-01-20,1550,Aqua,MODIS,70,6.2,289.5,10.7,N,0
-33.0554,138.1512,318.9,1.2,1.1,2014-01-20,1550,Aqua,MODIS,98,6.2,291.8,22,N,0
-35.8487,147.4856,312.6,2,1.4,2014-01-20,1550,Aqua,MODIS,59,6.2,289.4,30.2,N,0
-33.0532,138.1384,305.7,1.2,1.1,2014-01-20,1550,Aqua,MODIS,65,6.2,290,9.6,N,0
-33.0861,138.1562,309.2,1.2,1.1,2014-01-20,1550,Aqua,MODIS,77,6.2,290.8,12.3,N,0
-33.0649,138.1487,318.2,1.2,1.1,2014-01-20,1550,Aqua,MODIS,64,6.2,291.5,19.7,N,0
-33.0766,138.1589,320.2,1.2,1.1,2014-01-20,1550,Aqua,MODIS,82,6.2,292.7,22.1,N,0
-35.84,147.5309,305.3,2,1.4,2014-01-20,1550,Aqua,MODIS,15,6.2,289,17.9,N,0
-33.0006,137.5906,308.1,1.2,1.1,2014-01-20,1550,Aqua,MODIS,73,6.2,291.2,11.4,N,0
-35.4435,141.9163,312.5,1,1,2014-01-20,1551,Aqua,MODIS,85,6.2,290.1,13.4,N,0
-37.1493,142.36,301.6,1.1,1.1,2014-01-20,1551,Aqua,MODIS,32,6.2,284.2,7.4,N,0
-35.5527,142.0442,313.1,1.1,1,2014-01-20,1551,Aqua,MODIS,86,6.2,289.3,13.1,N,0
-35.5512,142.0325,312.5,1.1,1,2014-01-20,1551,Aqua,MODIS,85,6.2,289.5,12.8,N,0
-35.5496,142.0208,303.1,1.1,1,2014-01-20,1551,Aqua,MODIS,32,6.2,288.8,6.3,N,0
-35.5543,142.0559,300.8,1.1,1,2014-01-20,1551,Aqua,MODIS,19,6.2,288.5,5.1,N,0
-35.3956,141.9561,305.8,1,1,2014-01-20,1551,Aqua,MODIS,44,6.2,289.8,7.7,N,0
-35.5605,142.0307,305.8,1.1,1,2014-01-20,1551,Aqua,MODIS,46,6.2,289.6,7.9,N,0
-35.5697,142.0289,315.2,1.1,1,2014-01-20,1551,Aqua,MODIS,88,6.2,289.5,15,N,0
-31.3726,120.5957,304.1,1.3,1.1,2014-01-20,1728,Aqua,MODIS,58,6.2,291.8,6.9,N,0
-31.3742,120.6095,302.7,1.3,1.1,2014-01-20,1728,Aqua,MODIS,49,6.2,291.7,5.8,N,0
-31.3844,120.6079,302.2,1.3,1.1,2014-01-20,1728,Aqua,MODIS,26,6.2,291.8,5.2,N,0
-26.0547,151.2879,320.2,2.7,1.6,2014-01-20,2334,Terra,MODIS,48,6.2,300.9,28.7,D,0
-26.0626,151.3073,319.9,2.7,1.6,2014-01-20,2334,Terra,MODIS,39,6.2,300,25.8,D,0
-26.5928,149.463,323.9,3.5,1.8,2014-01-20,2335,Terra,MODIS,46,6.2,301.5,61.9,D,0
-30.5276,150.5296,325.5,2.4,1.5,2014-01-20,2336,Terra,MODIS,46,6.2,305.5,27.9,D,0
-31.1165,149.5094,329,2.7,1.6,2014-01-20,2336,Terra,MODIS,45,6.2,309.6,61.3,D,0
-30.5327,150.5539,329.8,2.4,1.5,2014-01-20,2336,Terra,MODIS,70,6.2,307.4,46.1,D,0
-17.2494,145.266,324.4,2.8,1.6,2014-01-21,0110,Terra,MODIS,73,6.2,300.8,52.6,D,0
-24.0475,144.4602,330.4,3,1.7,2014-01-21,0112,Terra,MODIS,56,6.2,307.7,48.3,D,0
-24.0465,144.4534,331.4,3,1.7,2014-01-21,0112,Terra,MODIS,61,6.2,308,54.1,D,0
-27.6398,141.6347,345.8,2.1,1.4,2014-01-21,0113,Terra,MODIS,87,6.2,321.7,67.8,D,0
-27.5764,141.6488,335.7,2.1,1.4,2014-01-21,0113,Terra,MODIS,54,6.2,319.3,28.5,D,0
-27.5786,141.5414,356.1,2.1,1.4,2014-01-21,0113,Terra,MODIS,97,6.2,317.4,150,D,0
-27.5807,141.5624,344,2.1,1.4,2014-01-21,0113,Terra,MODIS,83,6.2,319,69.3,D,0
-27.5913,141.5399,393.3,2.1,1.4,2014-01-21,0113,Terra,MODIS,100,6.2,323.4,549.6,D,0
-27.5934,141.5609,348.1,2.1,1.4,2014-01-21,0113,Terra,MODIS,90,6.2,322,88.2,D,0
-27.6061,141.5595,346.7,2.1,1.4,2014-01-21,0113,Terra,MODIS,88,6.2,319.5,76.3,D,0
-27.6083,141.5806,340.1,2.1,1.4,2014-01-21,0113,Terra,MODIS,44,6.2,319.9,36.1,D,0
-27.5789,141.5347,351.6,2.1,1.4,2014-01-21,0113,Terra,MODIS,93,6.2,315.8,116.9,D,0
-27.5808,141.5557,346.8,2.1,1.4,2014-01-21,0113,Terra,MODIS,84,6.2,319.1,81.5,D,0
-27.5915,141.5332,388.3,2.1,1.4,2014-01-21,0113,Terra,MODIS,100,6.2,321.4,473.2,D,0
-27.5935,141.5542,361.3,2.1,1.4,2014-01-21,0113,Terra,MODIS,100,6.2,322.8,176.8,D,0
-27.6062,141.5527,343.2,2.1,1.4,2014-01-21,0113,Terra,MODIS,46,6.2,319.7,55.8,D,0
-27.6082,141.5739,343.4,2.1,1.4,2014-01-21,0113,Terra,MODIS,73,6.2,319.7,52.2,D,0
-27.6209,141.5724,338.5,2.1,1.4,2014-01-21,0113,Terra,MODIS,46,6.2,320.2,29.5,D,0
-27.623,141.5936,342.5,2.1,1.4,2014-01-21,0113,Terra,MODIS,83,6.2,321.7,49.3,D,0
-35.5544,142.0426,322.3,2.8,1.6,2014-01-21,0115,Terra,MODIS,64,6.2,308.8,44.7,D,0
-35.5557,142.0357,321.1,2.8,1.6,2014-01-21,0115,Terra,MODIS,59,6.2,308.3,39.6,D,0
-37.1547,142.7759,314.9,3.2,1.7,2014-01-21,0116,Terra,MODIS,50,6.2,300.2,21.7,D,0
-37.1545,142.7515,338,2.6,1.6,2014-01-21,0352,Aqua,MODIS,87,6.2,305.7,110.1,D,0
-37.1688,142.7518,322.2,2.6,1.6,2014-01-21,0352,Aqua,MODIS,67,6.2,306.1,28.9,D,0
-37.1525,142.7819,341.3,2.6,1.6,2014-01-21,0352,Aqua,MODIS,89,6.2,306,131.6,D,0
-36.7058,147.7329,318.9,1.3,1.1,2014-01-21,0352,Aqua,MODIS,35,6.2,295.4,17.6,D,0
-36.6718,147.7574,345.7,1.3,1.1,2014-01-21,0352,Aqua,MODIS,92,6.2,293,68.9,D,0
-36.6744,147.7667,328.8,1.3,1.1,2014-01-21,0352,Aqua,MODIS,72,6.2,290.7,33.4,D,0
-36.6536,147.7655,325.8,1.3,1.1,2014-01-21,0352,Aqua,MODIS,46,6.2,292.2,29.4,D,0
-36.6433,147.764,315,1.3,1.1,2014-01-21,0352,Aqua,MODIS,38,6.2,289.4,15.7,D,0
-37.3486,148.6851,309.7,1.2,1.1,2014-01-21,0352,Aqua,MODIS,22,6.2,289.3,7.9,D,0
-37.2716,148.6537,310.7,1.2,1.1,2014-01-21,0352,Aqua,MODIS,44,6.2,285.1,10.2,D,0
-35.6409,147.6702,323,1.3,1.1,2014-01-21,0353,Aqua,MODIS,46,6.2,304.9,16.1,D,0
-35.6439,147.6427,343.1,1.3,1.1,2014-01-21,0353,Aqua,MODIS,89,6.2,307.1,54.8,D,0
-35.6103,147.6653,336.6,1.3,1.1,2014-01-21,0353,Aqua,MODIS,83,6.2,302.2,35.1,D,0
-35.619,147.6808,340.9,1.3,1.1,2014-01-21,0353,Aqua,MODIS,87,6.2,307.5,47.6,D,0
-35.8647,147.4845,351.8,1.3,1.1,2014-01-21,0353,Aqua,MODIS,95,6.2,306.8,83.9,D,0
-35.8544,147.4827,385.2,1.3,1.1,2014-01-21,0353,Aqua,MODIS,100,6.2,306.6,247.8,D,0
-35.6307,147.6685,328.5,1.3,1.1,2014-01-21,0353,Aqua,MODIS,48,6.2,305.2,22.4,D,0
-35.8663,147.4697,356,1.3,1.1,2014-01-21,0353,Aqua,MODIS,97,6.2,309.2,98.5,D,0
-35.856,147.4681,422.2,1.3,1.1,2014-01-21,0353,Aqua,MODIS,100,6.2,317.3,606.3,D,0
-34.497,146.0377,341.3,1.5,1.2,2014-01-21,0353,Aqua,MODIS,87,6.2,283.2,65,D,0
-35.6088,147.6792,348.5,1.3,1.1,2014-01-21,0353,Aqua,MODIS,93,6.2,303.9,66.8,D,0
-35.8527,147.4979,382.2,1.3,1.1,2014-01-21,0353,Aqua,MODIS,100,6.2,303.8,227,D,0
-33.3327,149.7732,346.6,1,1,2014-01-21,0353,Aqua,MODIS,91,6.2,305.6,47.5,D,0
-35.6032,147.6355,366,1.3,1.1,2014-01-21,0353,Aqua,MODIS,100,6.2,313.2,123.9,D,0
-34.486,146.0412,339.9,1.5,1.2,2014-01-21,0353,Aqua,MODIS,86,6.2,276.2,60.8,D,0
-35.6016,147.65,372.3,1.3,1.1,2014-01-21,0353,Aqua,MODIS,100,6.2,310.7,154.4,D,0
-35.6236,147.639,350.1,1.3,1.1,2014-01-21,0353,Aqua,MODIS,94,6.2,307.9,66.9,D,0
-35.6424,147.6565,332.3,1.3,1.1,2014-01-21,0353,Aqua,MODIS,78,6.2,305.1,31.7,D,0
-35.6118,147.6515,345.6,1.3,1.1,2014-01-21,0353,Aqua,MODIS,91,6.2,304.6,54.4,D,0
-35.6072,147.6933,352.9,1.3,1.1,2014-01-21,0353,Aqua,MODIS,96,6.2,304.8,79.9,D,0
-35.8272,147.5385,333.8,1.3,1.1,2014-01-21,0353,Aqua,MODIS,76,6.2,298.8,35.8,D,0
-35.6134,147.6374,342.3,1.3,1.1,2014-01-21,0353,Aqua,MODIS,88,6.2,306.1,43.9,D,0
-35.851,147.5129,348.9,1.3,1.1,2014-01-21,0353,Aqua,MODIS,88,6.2,299.2,74,D,0
-35.8375,147.5403,335.1,1.3,1.1,2014-01-21,0353,Aqua,MODIS,67,6.2,298.6,40.1,D,0
-35.6174,147.6947,366.2,1.3,1.1,2014-01-21,0353,Aqua,MODIS,100,6.2,307,131.8,D,0
-34.4988,146.021,327.4,1.5,1.2,2014-01-21,0353,Aqua,MODIS,60,6.2,288.9,30,D,0
-35.8456,147.4666,421.1,1.3,1.1,2014-01-21,0353,Aqua,MODIS,94,6.2,312.1,589.7,D,0
-35.8472,147.4522,441.5,1.3,1.1,2014-01-21,0353,Aqua,MODIS,94,6.2,332,896.4,D,0
-35.615,147.6225,350.9,1.3,1.1,2014-01-21,0353,Aqua,MODIS,94,6.2,310.5,66.8,D,0
-34.486,146.0361,340.5,1.5,1.2,2014-01-21,0353,Aqua,MODIS,75,6.2,279.8,65.4,D,0
-35.6337,147.641,337.7,1.3,1.1,2014-01-21,0353,Aqua,MODIS,68,6.2,307.4,38.1,D,0
-35.8575,147.4538,356.3,1.3,1.1,2014-01-21,0353,Aqua,MODIS,98,6.2,308,101.3,D,0
-34.4876,146.0245,333.9,1.5,1.2,2014-01-21,0353,Aqua,MODIS,77,6.2,291.3,46.1,D,0
-33.3418,149.775,335.6,1,1,2014-01-21,0353,Aqua,MODIS,78,6.2,307.2,26.8,D,0
-35.4439,148.2463,346.8,1.2,1.1,2014-01-21,0353,Aqua,MODIS,69,6.2,303.8,57.6,D,0
-35.4484,148.2074,345.8,1.2,1.1,2014-01-21,0353,Aqua,MODIS,91,6.2,300.3,52.5,D,0
-35.4385,148.2057,332.7,1.2,1.1,2014-01-21,0353,Aqua,MODIS,30,6.2,301.8,21.7,D,0
-35.4383,148.1984,340.9,1.2,1.1,2014-01-21,0353,Aqua,MODIS,83,6.2,301.3,37.9,D,0
-33.8785,149.1783,334.3,1.1,1,2014-01-21,0353,Aqua,MODIS,50,6.2,313.3,19.3,D,0
-33.8603,149.2465,349.3,1.1,1,2014-01-21,0353,Aqua,MODIS,93,6.2,314.2,47.7,D,0
-33.8662,149.1998,333.5,1.1,1,2014-01-21,0353,Aqua,MODIS,16,6.2,313.5,17,D,0
-33.8677,149.1882,351.8,1.1,1,2014-01-21,0353,Aqua,MODIS,94,6.2,316.8,53.8,D,0
-33.8495,149.2563,362.5,1.1,1,2014-01-21,0353,Aqua,MODIS,100,6.2,310.6,83.6,D,0
-33.851,149.2447,387.2,1.1,1,2014-01-21,0353,Aqua,MODIS,100,6.2,320.8,183.5,D,0
-33.8425,149.2599,360.6,1.1,1,2014-01-21,0353,Aqua,MODIS,100,6.2,305.2,79.1,D,0
-33.844,149.2484,426.2,1.1,1,2014-01-21,0353,Aqua,MODIS,100,6.2,334.5,473,D,0
-33.8455,149.2367,357.5,1.1,1,2014-01-21,0353,Aqua,MODIS,98,6.2,319.9,66.1,D,0
-33.8347,149.2467,389.3,1.1,1,2014-01-21,0353,Aqua,MODIS,100,6.2,314.4,196.1,D,0
-33.8362,149.235,351.4,1.1,1,2014-01-21,0353,Aqua,MODIS,94,6.2,313.8,52.6,D,0
-33.877,149.1901,355.1,1.1,1,2014-01-21,0353,Aqua,MODIS,97,6.2,314.8,62.6,D,0
-35.5578,142.0446,329.6,2.8,1.6,2014-01-21,0353,Aqua,MODIS,54,6.2,315.8,59.9,D,0
-35.2898,141.8084,341.9,2.9,1.6,2014-01-21,0353,Aqua,MODIS,87,6.2,311.2,138.3,D,0
-35.379,141.824,330.8,2.9,1.6,2014-01-21,0353,Aqua,MODIS,54,6.2,315.3,62.8,D,0
-35.3804,141.7965,331.3,2.9,1.6,2014-01-21,0353,Aqua,MODIS,64,6.2,311.2,73.5,D,0
-35.2832,141.9042,394.3,2.8,1.6,2014-01-21,0353,Aqua,MODIS,100,6.2,320.4,920.9,D,0
-35.281,141.9359,343.9,2.8,1.6,2014-01-21,0353,Aqua,MODIS,89,6.2,317.1,142.9,D,0
-35.3812,141.7917,328.5,2.9,1.6,2014-01-21,0353,Aqua,MODIS,53,6.2,310.8,57.5,D,0
-32.6293,150.8035,331.4,1,1,2014-01-21,0353,Aqua,MODIS,78,6.2,303.3,18.8,D,0
-35.2979,141.9056,351.1,2.8,1.6,2014-01-21,0353,Aqua,MODIS,94,6.2,316.7,199.9,D,0
-35.3126,141.907,345.3,2.8,1.6,2014-01-21,0353,Aqua,MODIS,90,6.2,317,144,D,0
-35.2903,141.8155,338.1,2.9,1.6,2014-01-21,0353,Aqua,MODIS,84,6.2,311.2,110,D,0
-35.3136,141.9141,343.6,2.8,1.6,2014-01-21,0353,Aqua,MODIS,89,6.2,317.6,130.6,D,0
-35.3157,141.8823,336.1,2.9,1.6,2014-01-21,0353,Aqua,MODIS,71,6.2,313.4,73.5,D,0
-35.56,142.0132,326.8,2.8,1.6,2014-01-21,0353,Aqua,MODIS,32,6.2,312.5,43.8,D,0
-35.3367,141.7876,336.4,2.9,1.6,2014-01-21,0353,Aqua,MODIS,81,6.2,313.4,105.6,D,0
-35.2989,141.9128,344.5,2.8,1.6,2014-01-21,0353,Aqua,MODIS,89,6.2,317.1,140,D,0
-35.2843,141.9113,396,2.8,1.6,2014-01-21,0353,Aqua,MODIS,100,6.2,321.3,960.3,D,0
-35.5583,142.0497,328.9,2.8,1.6,2014-01-21,0353,Aqua,MODIS,65,6.2,316.1,57.8,D,0
-35.2863,141.8795,346.4,2.9,1.6,2014-01-21,0353,Aqua,MODIS,91,6.2,313.2,161.6,D,0
-35.5603,142.0183,331,2.8,1.6,2014-01-21,0353,Aqua,MODIS,73,6.2,313.2,69,D,0
-32.6337,150.8373,323.2,1,1,2014-01-21,0353,Aqua,MODIS,30,6.2,303.9,8.9,D,0
-31.095,149.5045,355.5,1,1,2014-01-21,0354,Aqua,MODIS,69,6.2,327.5,45.5,D,0
-31.1163,149.552,338.3,1,1,2014-01-21,0354,Aqua,MODIS,63,6.2,314.6,20.9,D,0
-31.1251,149.4883,358.6,1,1,2014-01-21,0354,Aqua,MODIS,99,6.2,317.8,56.1,D,0
-31.116,149.4866,372.5,1,1,2014-01-21,0354,Aqua,MODIS,100,6.2,327.2,98.7,D,0
-31.1011,149.5274,346.3,1,1,2014-01-21,0354,Aqua,MODIS,66,6.2,319.8,28.5,D,0
-31.5879,150.7577,412.5,1,1,2014-01-21,0354,Aqua,MODIS,100,6.2,325.4,312,D,0
-31.5894,150.7472,404.8,1,1,2014-01-21,0354,Aqua,MODIS,100,6.2,328.1,257.3,D,0
-31.5788,150.7559,345,1,1,2014-01-21,0354,Aqua,MODIS,88,6.2,318.4,27,D,0
-31.5804,150.7454,352.7,1,1,2014-01-21,0354,Aqua,MODIS,95,6.2,318.8,43,D,0
-31.1026,149.5168,360.5,1,1,2014-01-21,0354,Aqua,MODIS,100,6.2,327.4,61.5,D,0
-31.1069,149.4849,354.9,1,1,2014-01-21,0354,Aqua,MODIS,85,6.2,324.4,43.1,D,0
-31.0964,149.4938,352.5,1,1,2014-01-21,0354,Aqua,MODIS,63,6.2,326.9,37.5,D,0
-31.0859,149.5028,474.1,1,1,2014-01-21,0354,Aqua,MODIS,100,6.2,400.1,1071.6,D,0
-31.0873,149.4921,410.6,1,1,2014-01-21,0354,Aqua,MODIS,100,6.2,336.8,300.7,D,0
-31.0768,149.5011,337.8,1,1,2014-01-21,0354,Aqua,MODIS,54,6.2,319.1,15.9,D,0
-30.2587,147.6399,343.5,1.1,1.1,2014-01-21,0354,Aqua,MODIS,85,6.2,330,17.7,D,0
-30.5421,150.5497,349.7,1,1,2014-01-21,0354,Aqua,MODIS,92,6.2,319.3,37.6,D,0
-30.5437,150.5392,363.5,1,1,2014-01-21,0354,Aqua,MODIS,94,6.2,318.8,72.8,D,0
-30.5331,150.5479,366.6,1,1,2014-01-21,0354,Aqua,MODIS,100,6.2,318,80.5,D,0
-30.5347,150.5375,399,1,1,2014-01-21,0354,Aqua,MODIS,100,6.2,323.7,223.2,D,0
-30.5362,150.5271,350.2,1,1,2014-01-21,0354,Aqua,MODIS,84,6.2,318.9,39.1,D,0
-30.5257,150.5357,355.3,1,1,2014-01-21,0354,Aqua,MODIS,96,6.2,319.4,47.3,D,0
-31.5878,149.7219,339.9,1,1,2014-01-21,0354,Aqua,MODIS,75,6.2,326.7,14.7,D,0
-29.4727,152.838,330.6,1.2,1.1,2014-01-21,0354,Aqua,MODIS,74,6.2,307.4,18.2,D,0
-29.9717,152.7916,328.7,1.2,1.1,2014-01-21,0354,Aqua,MODIS,72,6.2,305.5,17,D,0
-29.4824,152.8402,327.4,1.2,1.1,2014-01-21,0354,Aqua,MODIS,67,6.2,306.6,13.6,D,0
-30.889,147.7153,343,1.1,1.1,2014-01-21,0354,Aqua,MODIS,84,6.2,326.3,21.6,D,0
-30.8905,147.7035,342.5,1.1,1.1,2014-01-21,0354,Aqua,MODIS,83,6.2,327.4,20.5,D,0
-25.2187,150.0046,335.9,1,1,2014-01-21,0355,Aqua,MODIS,58,6.2,311.7,15.8,D,0
-25.24,149.9876,336,1,1,2014-01-21,0355,Aqua,MODIS,62,6.2,316,11.4,D,0
-25.2385,149.9978,333.3,1,1,2014-01-21,0355,Aqua,MODIS,47,6.2,314,8.2,D,0
-26.0393,151.3087,339.1,1.1,1.1,2014-01-21,0355,Aqua,MODIS,55,6.2,310.4,20.5,D,0
-26.0299,151.3068,338.1,1.1,1.1,2014-01-21,0355,Aqua,MODIS,69,6.2,313.1,19.7,D,0
-25.7703,150.9832,336.5,1.1,1,2014-01-21,0355,Aqua,MODIS,65,6.2,313,16.5,D,0
-25.761,150.9814,358.2,1.1,1,2014-01-21,0355,Aqua,MODIS,98,6.2,315.9,66.5,D,0
-25.7627,150.9706,333.3,1.1,1,2014-01-21,0355,Aqua,MODIS,55,6.2,314.5,9.9,D,0
-26.06,151.3014,341.2,1.1,1.1,2014-01-21,0355,Aqua,MODIS,46,6.2,313.3,23.1,D,0
-26.0411,151.2977,356.9,1.1,1.1,2014-01-21,0355,Aqua,MODIS,92,6.2,313.7,59.5,D,0
-26.0317,151.2958,404.6,1.1,1.1,2014-01-21,0355,Aqua,MODIS,100,6.2,321.8,298.7,D,0
-26.0222,151.2939,383.2,1.1,1.1,2014-01-21,0355,Aqua,MODIS,100,6.2,318.7,163.9,D,0
-26.7311,152.3414,349.1,1.2,1.1,2014-01-21,0355,Aqua,MODIS,91,6.2,310.6,52.9,D,0
-26.7331,152.3294,347.4,1.2,1.1,2014-01-21,0355,Aqua,MODIS,89,6.2,312.6,46.8,D,0
-26.7213,152.3393,336.3,1.2,1.1,2014-01-21,0355,Aqua,MODIS,73,6.2,310.3,23.4,D,0
-26.7233,152.3272,340.1,1.2,1.1,2014-01-21,0355,Aqua,MODIS,78,6.2,312.6,30.3,D,0
-26.5896,149.4539,348,1,1,2014-01-21,0355,Aqua,MODIS,69,6.2,322.8,33.7,D,0
-27.5988,141.5187,369.5,2.5,1.5,2014-01-21,0355,Aqua,MODIS,100,6.2,323,313.8,D,0
-27.5851,141.5172,349.7,2.5,1.5,2014-01-21,0355,Aqua,MODIS,91,6.2,318.7,124.9,D,0
-27.5919,141.5108,355.3,2.5,1.5,2014-01-21,0355,Aqua,MODIS,96,6.2,320.3,167.4,D,0
-27.6218,141.5718,347.5,2.4,1.5,2014-01-21,0355,Aqua,MODIS,89,6.2,325.9,77.8,D,0
-27.6082,141.5703,358.5,2.4,1.5,2014-01-21,0355,Aqua,MODIS,98,6.2,326.7,169.6,D,0
-27.6103,141.5453,357.3,2.5,1.5,2014-01-21,0355,Aqua,MODIS,98,6.2,324.5,165.2,D,0
-27.588,141.6432,340.5,2.4,1.5,2014-01-21,0355,Aqua,MODIS,72,6.2,323.9,40.6,D,0
-27.5966,141.5438,359.9,2.5,1.5,2014-01-21,0355,Aqua,MODIS,99,6.2,324.2,201.1,D,0
-27.5829,141.5423,339.8,2.5,1.5,2014-01-21,0355,Aqua,MODIS,54,6.2,320.7,48.9,D,0
-27.6033,141.5374,361.4,2.5,1.5,2014-01-21,0355,Aqua,MODIS,100,6.2,324.5,219.1,D,0
-27.5896,141.5359,355.3,2.5,1.5,2014-01-21,0355,Aqua,MODIS,96,6.2,323,163.3,D,0
-26.0104,151.2736,333.3,1.1,1.1,2014-01-21,0355,Aqua,MODIS,64,6.2,314.7,9.3,D,0
-26.0576,151.2555,340.1,1.1,1,2014-01-21,0355,Aqua,MODIS,72,6.2,316,16.9,D,0
-26.0335,151.2848,344.1,1.1,1.1,2014-01-21,0355,Aqua,MODIS,75,6.2,317.7,24.8,D,0
-26.024,151.2828,350.4,1.1,1.1,2014-01-21,0355,Aqua,MODIS,92,6.2,317.4,40.6,D,0
-26.0146,151.281,349.6,1.1,1.1,2014-01-21,0355,Aqua,MODIS,91,6.2,315.1,39.9,D,0
-23.0361,150.0023,360.2,1.1,1,2014-01-21,0356,Aqua,MODIS,100,6.2,317,71.6,D,0
-23.0377,149.992,351.9,1.1,1,2014-01-21,0356,Aqua,MODIS,94,6.2,316.8,47.9,D,0
-22.971,150.0166,342.6,1.1,1,2014-01-21,0356,Aqua,MODIS,85,6.2,317.2,27.4,D,0
-22.9726,150.0062,353.1,1.1,1,2014-01-21,0356,Aqua,MODIS,95,6.2,319.1,51.2,D,0
-23.3088,150.0922,335.8,1.1,1,2014-01-21,0356,Aqua,MODIS,70,6.2,310.6,21.5,D,0
-23.2903,150.0886,350.1,1.1,1,2014-01-21,0356,Aqua,MODIS,92,6.2,315.1,46.4,D,0
-24.0455,144.4529,338.1,1.4,1.2,2014-01-21,0356,Aqua,MODIS,77,6.2,317.5,18,D,0
-23.273,149.4107,333.1,1,1,2014-01-21,0356,Aqua,MODIS,60,6.2,316.3,10.7,D,0
-23.3574,149.8367,340.3,1,1,2014-01-21,0356,Aqua,MODIS,74,6.2,315.9,22.3,D,0
-23.359,149.8266,342.8,1,1,2014-01-21,0356,Aqua,MODIS,83,6.2,314.5,27.3,D,0
-23.3498,149.8249,344.3,1,1,2014-01-21,0356,Aqua,MODIS,86,6.2,314.2,27.8,D,0
-23.3514,149.8146,348.8,1,1,2014-01-21,0356,Aqua,MODIS,91,6.2,316.1,37.7,D,0
-23.1635,149.5914,344.7,1,1,2014-01-21,0356,Aqua,MODIS,86,6.2,316.3,29,D,0
-23.7833,145.3694,369.6,1.2,1.1,2014-01-21,0356,Aqua,MODIS,94,6.2,311.6,119.8,D,0
-23.7734,145.3679,363.6,1.2,1.1,2014-01-21,0356,Aqua,MODIS,100,6.2,318.8,90,D,0
-22.9195,150.1031,336.9,1.1,1,2014-01-21,0356,Aqua,MODIS,64,6.2,310.7,21.2,D,0
-23.7848,145.3573,390.8,1.2,1.1,2014-01-21,0356,Aqua,MODIS,75,6.2,303.2,242.2,D,0
-23.7749,145.3558,400.9,1.2,1.1,2014-01-21,0356,Aqua,MODIS,94,6.2,323.9,310.3,D,0
-23.2939,150.0044,335.2,1.1,1,2014-01-21,0356,Aqua,MODIS,68,6.2,315.8,13.3,D,0
-23.2954,149.9942,344,1.1,1,2014-01-21,0356,Aqua,MODIS,86,6.2,314,29.2,D,0
-23.1558,149.2755,338.7,1,1,2014-01-21,0356,Aqua,MODIS,65,6.2,316.3,17.9,D,0
-23.1482,149.264,334.1,1,1,2014-01-21,0356,Aqua,MODIS,44,6.2,313.2,11.6,D,0
-24.6087,149.0944,341.6,1,1,2014-01-21,0356,Aqua,MODIS,82,6.2,317.1,21.8,D,0
-24.6102,149.0845,338,1,1,2014-01-21,0356,Aqua,MODIS,76,6.2,316.9,16.2,D,0
-24.6131,149.0648,374.3,1,1,2014-01-21,0356,Aqua,MODIS,100,6.2,316.8,109.2,D,0
-24.6145,149.0549,359.1,1,1,2014-01-21,0356,Aqua,MODIS,99,6.2,314,62.3,D,0
-24.6041,149.0632,343,1,1,2014-01-21,0356,Aqua,MODIS,84,6.2,314.8,27.4,D,0
-24.568,149.0007,352.1,1,1,2014-01-21,0356,Aqua,MODIS,94,6.2,317.9,39.4,D,0
-24.1478,149.5421,344.1,1,1,2014-01-21,0356,Aqua,MODIS,85,6.2,315.8,26.2,D,0
-22.8627,149.2055,338.4,1,1,2014-01-21,0356,Aqua,MODIS,68,6.2,315.5,19.1,D,0
-22.8642,149.1956,339.9,1,1,2014-01-21,0356,Aqua,MODIS,71,6.2,314.2,22.5,D,0
-22.8536,149.2038,338.1,1,1,2014-01-21,0356,Aqua,MODIS,67,6.2,315.7,17,D,0
-22.8551,149.194,338.4,1,1,2014-01-21,0356,Aqua,MODIS,66,6.2,316,18.7,D,0
-24.5921,149.0251,361.2,1,1,2014-01-21,0356,Aqua,MODIS,100,6.2,316.3,64.6,D,0
-24.5831,149.0236,360.1,1,1,2014-01-21,0356,Aqua,MODIS,100,6.2,318,61.8,D,0
-24.1569,149.5438,358.1,1,1,2014-01-21,0356,Aqua,MODIS,98,6.2,313.4,57.9,D,0
-23.0103,149.9233,333.7,1.1,1,2014-01-21,0356,Aqua,MODIS,36,6.2,313,11.7,D,0
-23.0718,149.9558,333.2,1.1,1,2014-01-21,0356,Aqua,MODIS,34,6.2,311.7,11.7,D,0
-23.0167,149.8821,344,1.1,1,2014-01-21,0356,Aqua,MODIS,86,6.2,311.3,32.5,D,0
-23.0425,149.961,337.7,1.1,1,2014-01-21,0356,Aqua,MODIS,70,6.2,314.6,15.8,D,0
-23.0332,149.9593,334.4,1.1,1,2014-01-21,0356,Aqua,MODIS,36,6.2,313.9,11.2,D,0
-23.9277,149.3469,332.7,1,1,2014-01-21,0356,Aqua,MODIS,54,6.2,314.3,11.9,D,0
-23.0151,149.8923,341,1.1,1,2014-01-21,0356,Aqua,MODIS,80,6.2,313.4,25.2,D,0
-23.0059,149.8905,341.3,1.1,1,2014-01-21,0356,Aqua,MODIS,83,6.2,313.1,26,D,0
-23.0075,149.8804,344.4,1.1,1,2014-01-21,0356,Aqua,MODIS,87,6.2,310.9,32.9,D,0
-22.2349,149.1525,349,1,1,2014-01-21,0356,Aqua,MODIS,91,6.2,315.6,38.5,D,0
-22.1314,149.1084,355.3,1,1,2014-01-21,0356,Aqua,MODIS,96,6.2,314.3,52.9,D,0
-22.1299,149.1184,339.2,1,1,2014-01-21,0356,Aqua,MODIS,73,6.2,311.6,19.2,D,0
-22.1375,149.1298,366.4,1,1,2014-01-21,0356,Aqua,MODIS,100,6.2,317,82.9,D,0
-22.2709,149.0982,344,1,1,2014-01-21,0356,Aqua,MODIS,77,6.2,322.4,23.2,D,0
-22.1073,149.1446,348.4,1,1,2014-01-21,0356,Aqua,MODIS,90,6.2,314.7,38.2,D,0
-22.127,149.138,364.8,1,1,2014-01-21,0356,Aqua,MODIS,100,6.2,314.7,79,D,0
-22.136,149.1397,356.1,1,1,2014-01-21,0356,Aqua,MODIS,97,6.2,319.4,54.3,D,0
-24.6863,151.8065,340.1,1.2,1.1,2014-01-21,0356,Aqua,MODIS,71,6.2,317.2,27.5,D,0
-24.647,151.4162,335.8,1.2,1.1,2014-01-21,0356,Aqua,MODIS,52,6.2,312.7,20,D,0
-24.9258,147.9709,369.1,1,1,2014-01-21,0356,Aqua,MODIS,100,6.2,313.6,102.2,D,0
-24.6883,151.7944,346.9,1.2,1.1,2014-01-21,0356,Aqua,MODIS,86,6.2,315.8,44.8,D,0
-22.2484,149.1246,333.7,1,1,2014-01-21,0356,Aqua,MODIS,27,6.2,314.7,7.4,D,0
-24.674,151.4335,342.7,1.2,1.1,2014-01-21,0356,Aqua,MODIS,78,6.2,312.6,33.7,D,0
-24.9244,147.9809,390.3,1,1,2014-01-21,0356,Aqua,MODIS,87,6.2,310.3,190.1,D,0
-22.1329,149.0986,353.8,1,1,2014-01-21,0356,Aqua,MODIS,95,6.2,315.7,50.3,D,0
-22.194,149.1758,336,1,1,2014-01-21,0356,Aqua,MODIS,65,6.2,311.4,14.6,D,0
-22.1058,149.1545,352.6,1,1,2014-01-21,0356,Aqua,MODIS,94,6.2,313.5,47.1,D,0
-22.2619,149.0966,336.2,1,1,2014-01-21,0356,Aqua,MODIS,40,6.2,318.2,10.6,D,0
-22.142,149.1003,354.4,1,1,2014-01-21,0356,Aqua,MODIS,95,6.2,316,51,D,0
-22.1164,149.1461,350.6,1,1,2014-01-21,0356,Aqua,MODIS,92,6.2,314.6,42.9,D,0
-22.1284,149.1283,368.7,1,1,2014-01-21,0356,Aqua,MODIS,100,6.2,312.8,90.8,D,0
-22.1925,149.1858,333.9,1,1,2014-01-21,0356,Aqua,MODIS,47,6.2,312.1,11.2,D,0
-22.1149,149.1561,350.8,1,1,2014-01-21,0356,Aqua,MODIS,92,6.2,313.6,43.2,D,0
-22.2454,149.1443,351.7,1,1,2014-01-21,0356,Aqua,MODIS,93,6.2,318.4,42.2,D,0
-24.6681,151.4083,341.3,1.2,1.1,2014-01-21,0356,Aqua,MODIS,76,6.2,311.2,33.3,D,0
-22.1179,149.1364,362.1,1,1,2014-01-21,0356,Aqua,MODIS,100,6.2,315.3,72.2,D,0
-22.2243,149.1608,340.6,1,1,2014-01-21,0356,Aqua,MODIS,77,6.2,307.2,21.9,D,0
-22.1134,149.1662,331.9,1,1,2014-01-21,0356,Aqua,MODIS,39,6.2,312.6,8.4,D,0
-24.6373,151.4143,333.9,1.2,1.1,2014-01-21,0356,Aqua,MODIS,52,6.2,312.9,17.5,D,0
-22.2469,149.1344,337.1,1,1,2014-01-21,0356,Aqua,MODIS,56,6.2,315.9,13.1,D,0
-22.23,149.0607,336.3,1,1,2014-01-21,0356,Aqua,MODIS,37,6.2,315.6,12.5,D,0
-22.1707,149.0951,341,1,1,2014-01-21,0356,Aqua,MODIS,80,6.2,313.5,21.3,D,0
-22.1434,149.0905,341.1,1,1,2014-01-21,0356,Aqua,MODIS,74,6.2,315.5,23.9,D,0
-21.0634,147.1422,363.9,1,1,2014-01-21,0357,Aqua,MODIS,100,6.2,313.6,80.8,D,0
-19.4939,138.121,313.7,3.4,1.7,2014-01-21,0357,Aqua,MODIS,21,6.2,284.3,59.3,D,0
-21.0467,147.1295,332.3,1,1,2014-01-21,0357,Aqua,MODIS,28,6.2,312.1,13.1,D,0
-21.0801,147.1548,370.3,1,1,2014-01-21,0357,Aqua,MODIS,100,6.2,317.1,98.6,D,0
-18.8291,144.735,368.1,1.2,1.1,2014-01-21,0357,Aqua,MODIS,100,6.2,317.9,102.3,D,0
-18.8306,144.7238,366.8,1.2,1.1,2014-01-21,0357,Aqua,MODIS,100,6.2,317,99,D,0
-21.0711,147.1533,344.8,1,1,2014-01-21,0357,Aqua,MODIS,88,6.2,313.3,32.2,D,0
-21.0544,147.1407,370.9,1,1,2014-01-21,0357,Aqua,MODIS,100,6.2,316.3,102.7,D,0
-21.053,147.1504,340.7,1,1,2014-01-21,0357,Aqua,MODIS,83,6.2,313.9,24,D,0
-21.0919,147.1368,344.4,1,1,2014-01-21,0357,Aqua,MODIS,77,6.2,311.5,32.4,D,0
-18.8403,144.7252,355.9,1.2,1.1,2014-01-21,0357,Aqua,MODIS,97,6.2,317.1,61.4,D,0
-21.0453,147.1392,352.1,1,1,2014-01-21,0357,Aqua,MODIS,94,6.2,314.9,47.3,D,0
-21.0725,147.1436,353.5,1,1,2014-01-21,0357,Aqua,MODIS,95,6.2,312.3,52.6,D,0
-21.0815,147.1451,371.9,1,1,2014-01-21,0357,Aqua,MODIS,100,6.2,315.6,105.6,D,0
-21.0905,147.1465,368.7,1,1,2014-01-21,0357,Aqua,MODIS,100,6.2,315.5,93.6,D,0
-19.5396,144.5177,341.9,1.2,1.1,2014-01-21,0357,Aqua,MODIS,86,6.2,314.6,33.8,D,0
-18.8285,144.5874,336.1,1.2,1.1,2014-01-21,0357,Aqua,MODIS,82,6.2,317,14.4,D,0
-18.8397,144.5776,342.7,1.2,1.1,2014-01-21,0357,Aqua,MODIS,88,6.2,318.6,27.3,D,0
-21.0621,147.1518,344.7,1,1,2014-01-21,0357,Aqua,MODIS,87,6.2,313.6,31.9,D,0
-21.0892,147.1562,351.1,1,1,2014-01-21,0357,Aqua,MODIS,93,6.2,314.2,44.5,D,0
-19.5382,144.5294,343.5,1.2,1.1,2014-01-21,0357,Aqua,MODIS,88,6.2,315.7,38.1,D,0
-17.7191,145.4256,325.5,1.1,1,2014-01-21,0358,Aqua,MODIS,49,6.2,297,15.6,D,0
-17.7284,145.4268,323.2,1.1,1,2014-01-21,0358,Aqua,MODIS,42,6.2,298.3,13.6,D,0
-21.9784,115.0644,320,2.8,1.6,2014-01-21,0536,Aqua,MODIS,0,6.2,291.5,44,D,0
-35.8399,147.5414,312,1.2,1.1,2014-01-21,1317,Terra,MODIS,79,6.2,291.1,14.8,N,0
-35.6064,147.6966,304.8,1.3,1.1,2014-01-21,1317,Terra,MODIS,9,6.2,291.7,8.3,N,0
-35.6088,147.6246,313.4,1.3,1.1,2014-01-21,1317,Terra,MODIS,87,6.2,292.9,16.7,N,0
-35.6164,147.6405,322.8,1.3,1.1,2014-01-21,1317,Terra,MODIS,100,6.2,293.4,26.7,N,0
-35.6015,147.6658,316.6,1.3,1.1,2014-01-21,1317,Terra,MODIS,93,6.2,292.2,19.3,N,0
-35.6187,147.6271,313.2,1.3,1.1,2014-01-21,1317,Terra,MODIS,76,6.2,291.9,15.4,N,0
-35.604,147.6516,319.9,1.3,1.1,2014-01-21,1317,Terra,MODIS,99,6.2,292.9,23,N,0
-35.6064,147.6378,329.6,1.3,1.1,2014-01-21,1317,Terra,MODIS,100,6.2,294.7,38.5,N,0
-35.6363,147.6458,305.3,1.3,1.1,2014-01-21,1317,Terra,MODIS,35,6.2,291.2,8.4,N,0
-35.599,147.6798,307.1,1.3,1.1,2014-01-21,1317,Terra,MODIS,47,6.2,291.9,9.9,N,0
-35.8469,147.501,320.2,1.2,1.1,2014-01-21,1317,Terra,MODIS,100,6.2,292.8,23.3,N,0
-35.8371,147.4984,313.9,1.2,1.1,2014-01-21,1317,Terra,MODIS,88,6.2,291.8,15.4,N,0
-35.8492,147.4878,316.9,1.2,1.1,2014-01-21,1317,Terra,MODIS,65,6.2,293,18.3,N,0
-35.8446,147.5143,315.3,1.2,1.1,2014-01-21,1317,Terra,MODIS,91,6.2,291.6,17.8,N,0
-35.8515,147.4745,315.3,1.2,1.1,2014-01-21,1317,Terra,MODIS,43,6.2,292.5,16.4,N,0
-35.8276,147.5528,306.4,1.2,1.1,2014-01-21,1317,Terra,MODIS,56,6.2,290.3,9.9,N,0
-35.8301,147.5385,320.5,1.2,1.1,2014-01-21,1317,Terra,MODIS,100,6.2,291.7,24.9,N,0
-35.6089,147.6827,314.8,1.3,1.1,2014-01-21,1317,Terra,MODIS,90,6.2,291.5,17.6,N,0
-35.8149,147.5074,313.7,1.2,1.1,2014-01-21,1317,Terra,MODIS,88,6.2,291.7,16.2,N,0
-36.7021,147.736,307.5,1.2,1.1,2014-01-21,1317,Terra,MODIS,67,6.2,285.5,12.8,N,0
-36.6666,147.7626,314.4,1.2,1.1,2014-01-21,1317,Terra,MODIS,41,6.2,286.2,18.2,N,0
-36.7118,147.7398,303.7,1.2,1.1,2014-01-21,1317,Terra,MODIS,53,6.2,285.7,9.7,N,0
-35.45,148.2316,308.5,1.4,1.2,2014-01-21,1317,Terra,MODIS,75,6.2,291.7,12.1,N,0
-35.4552,148.203,315.7,1.3,1.1,2014-01-21,1317,Terra,MODIS,92,6.2,292.7,20.6,N,0
-35.4424,148.2138,320,1.3,1.2,2014-01-21,1317,Terra,MODIS,100,6.2,293.2,25.3,N,0
-35.4449,148.2001,355.6,1.3,1.1,2014-01-21,1317,Terra,MODIS,100,6.2,297.1,115,N,0
-35.4321,148.2114,320.3,1.3,1.2,2014-01-21,1317,Terra,MODIS,100,6.2,292.3,25.7,N,0
-35.4347,148.1972,337.4,1.3,1.1,2014-01-21,1317,Terra,MODIS,100,6.2,293.9,59.9,N,0
-36.6373,147.7533,307.8,1.2,1.1,2014-01-21,1317,Terra,MODIS,56,6.2,283.9,13.3,N,0
-36.6546,147.7724,323.9,1.2,1.1,2014-01-21,1317,Terra,MODIS,67,6.2,285.2,30,N,0
-36.6569,147.7595,332.5,1.2,1.1,2014-01-21,1317,Terra,MODIS,90,6.2,287.6,43.7,N,0
-36.6449,147.7693,306.8,1.2,1.1,2014-01-21,1317,Terra,MODIS,15,6.2,283.3,11.8,N,0
-37.1384,142.7619,301.3,1,1,2014-01-21,1317,Terra,MODIS,29,6.2,285.5,6.5,N,0
-37.1184,142.7697,312.1,1,1,2014-01-21,1317,Terra,MODIS,84,6.2,285.8,13.9,N,0
-37.1368,142.7737,315.4,1,1,2014-01-21,1317,Terra,MODIS,91,6.2,286.8,16.7,N,0
-37.0698,142.5113,324.8,1.1,1,2014-01-21,1317,Terra,MODIS,100,6.2,287.2,27.3,N,0
-37.1292,142.7599,316.8,1,1,2014-01-21,1317,Terra,MODIS,94,6.2,286.8,17.4,N,0
-37.1276,142.7717,337,1,1,2014-01-21,1317,Terra,MODIS,100,6.2,290,43,N,0
-37.0712,142.5002,308.6,1.1,1,2014-01-21,1317,Terra,MODIS,75,6.2,284.8,12,N,0
-31.5855,150.7518,309.9,2.3,1.5,2014-01-21,1318,Terra,MODIS,79,6.2,294,29.4,N,0
-31.5723,150.7486,332.3,2.3,1.5,2014-01-21,1318,Terra,MODIS,100,6.2,295,105.4,N,0
-31.0717,149.5004,311.3,2,1.4,2014-01-21,1318,Terra,MODIS,60,6.2,295.1,24.9,N,0
-35.3904,141.9654,312.9,1.1,1,2014-01-21,1318,Terra,MODIS,86,6.2,292.1,12.7,N,0
-31.5772,150.7254,308,2.3,1.5,2014-01-21,1318,Terra,MODIS,73,6.2,294,23.7,N,0
-31.0839,149.5036,306.5,2,1.4,2014-01-21,1318,Terra,MODIS,31,6.2,295,16.4,N,0
-35.5538,142.0452,306.5,1.1,1,2014-01-21,1318,Terra,MODIS,68,6.2,290.5,8.2,N,0
-35.3811,141.9636,340.3,1.1,1,2014-01-21,1318,Terra,MODIS,100,6.2,293.5,48.1,N,0
-31.0701,149.4936,307.8,2,1.4,2014-01-21,1318,Terra,MODIS,37,6.2,294.6,18.6,N,0
-35.3213,141.7895,314.2,1.1,1,2014-01-21,1318,Terra,MODIS,89,6.2,292.7,13.8,N,0
-35.3718,141.9618,305.2,1.1,1,2014-01-21,1318,Terra,MODIS,63,6.2,290.9,7.1,N,0
-35.2985,141.8937,317.5,1.1,1,2014-01-21,1318,Terra,MODIS,95,6.2,292.4,16.9,N,0
-35.3307,141.7912,307.2,1.1,1,2014-01-21,1318,Terra,MODIS,71,6.2,291.5,8.5,N,0
-35.34,141.793,305.7,1.1,1,2014-01-21,1318,Terra,MODIS,54,6.2,291.5,7.4,N,0
-31.5641,150.7396,306.5,2.3,1.5,2014-01-21,1318,Terra,MODIS,68,6.2,293.9,20.2,N,0
-33.8683,149.1821,307.9,1.6,1.3,2014-01-21,1318,Terra,MODIS,50,6.2,292.2,16.1,N,0
-33.8404,149.2651,330.7,1.7,1.3,2014-01-21,1318,Terra,MODIS,100,6.2,291,65.6,N,0
-33.8326,149.2441,311.7,1.7,1.3,2014-01-21,1318,Terra,MODIS,78,6.2,288.1,22,N,0
-33.8292,149.2614,343.9,1.7,1.3,2014-01-21,1318,Terra,MODIS,100,6.2,289.8,107.4,N,0
-33.8438,149.2476,310,1.7,1.3,2014-01-21,1318,Terra,MODIS,79,6.2,285.8,20.7,N,0
-33.3253,149.773,314.2,1.8,1.3,2014-01-21,1318,Terra,MODIS,89,6.2,278.8,35.1,N,0
-33.3299,149.7792,309.2,1.8,1.3,2014-01-21,1318,Terra,MODIS,68,6.2,283.9,26.5,N,0
-34.3635,140.5786,310.1,1.2,1.1,2014-01-21,1318,Terra,MODIS,79,6.2,291.3,12.9,N,0
-33.3337,149.76,310.4,1.8,1.3,2014-01-21,1318,Terra,MODIS,59,6.2,286.4,27.2,N,0
-34.365,140.5659,307.3,1.2,1.1,2014-01-21,1318,Terra,MODIS,71,6.2,290.6,10.4,N,0
-28.5439,152.1726,305.5,3.4,1.7,2014-01-21,1319,Terra,MODIS,34,6.2,291.8,29.5,N,0
-28.3581,151.7718,304.3,3.2,1.7,2014-01-21,1319,Terra,MODIS,51,6.2,292.1,24.6,N,0
-28.3538,151.777,310.6,3.2,1.7,2014-01-21,1319,Terra,MODIS,80,6.2,292.4,47.1,N,0
-28.3466,151.8093,318.6,3.3,1.7,2014-01-21,1319,Terra,MODIS,97,6.2,293.1,85.4,N,0
-28.3617,151.8137,312.2,3.3,1.7,2014-01-21,1319,Terra,MODIS,84,6.2,292.7,56,N,0
-28.3313,151.8057,306.9,3.3,1.7,2014-01-21,1319,Terra,MODIS,69,6.2,292.4,37.1,N,0
-28.3663,151.8084,302.6,3.3,1.7,2014-01-21,1319,Terra,MODIS,13,6.2,292.5,20.5,N,0
-28.3512,151.804,326.1,3.3,1.7,2014-01-21,1319,Terra,MODIS,100,6.2,293.3,129.2,N,0
-28.3359,151.8002,313.6,3.3,1.7,2014-01-21,1319,Terra,MODIS,87,6.2,292.7,62.5,N,0
-30.53,150.5242,311.7,2.4,1.5,2014-01-21,1319,Terra,MODIS,83,6.2,294,36.3,N,0
-30.5249,150.5485,304.9,2.4,1.5,2014-01-21,1319,Terra,MODIS,62,6.2,293.8,19.4,N,0
-30.5435,150.5263,303.9,2.4,1.5,2014-01-21,1319,Terra,MODIS,58,6.2,293.8,18.2,N,0
-29.4481,150.9448,309.7,2.7,1.6,2014-01-21,1319,Terra,MODIS,78,6.2,296.1,34.8,N,0
-28.5288,152.167,309.8,3.4,1.7,2014-01-21,1319,Terra,MODIS,68,6.2,292.4,45.5,N,0
-28.5268,152.2005,305.7,3.4,1.7,2014-01-21,1319,Terra,MODIS,21,6.2,292.9,30.7,N,0
-28.5349,152.1638,306.7,3.4,1.7,2014-01-21,1319,Terra,MODIS,39,6.2,291.7,34.1,N,0
-26.023,151.317,303.3,3.4,1.7,2014-01-21,1320,Terra,MODIS,13,6.2,287.4,30.5,N,0
-27.6447,141.6464,308,1,1,2014-01-21,1320,Terra,MODIS,57,6.2,297.7,5.6,N,0
-27.5987,141.5175,315.9,1,1,2014-01-21,1320,Terra,MODIS,86,6.2,298.6,10.6,N,0
-27.5883,141.526,313.3,1,1,2014-01-21,1320,Terra,MODIS,69,6.2,299.3,8.6,N,0
-27.5897,141.5159,327.3,1,1,2014-01-21,1320,Terra,MODIS,100,6.2,300.8,22.2,N,0
-27.5973,141.5276,326.8,1,1,2014-01-21,1320,Terra,MODIS,100,6.2,299.7,21.6,N,0
-27.5959,141.5378,311.5,1,1,2014-01-21,1320,Terra,MODIS,15,6.2,296.8,6.6,N,0
-22.2353,149.1498,305.1,3,1.6,2014-01-21,1321,Terra,MODIS,61,6.2,292.4,27,N,0
-21.3394,146.7684,310.5,2.1,1.4,2014-01-21,1321,Terra,MODIS,31,6.2,297.1,18.5,N,0
-21.0837,147.1501,308.7,2.2,1.5,2014-01-21,1321,Terra,MODIS,72,6.2,295.6,21.7,N,0
-21.0707,147.1474,310.2,2.2,1.5,2014-01-21,1321,Terra,MODIS,77,6.2,295.4,24.2,N,0
-21.3358,146.7883,314.2,2.1,1.4,2014-01-21,1321,Terra,MODIS,73,6.2,297.2,27.2,N,0
-22.2348,149.1562,303.2,3,1.6,2014-01-21,1321,Terra,MODIS,50,6.2,292.3,21.8,N,0
-21.3483,146.7913,309.9,2.1,1.4,2014-01-21,1321,Terra,MODIS,75,6.2,297.2,18.8,N,0
-21.3232,146.7855,309.8,2.1,1.4,2014-01-21,1321,Terra,MODIS,75,6.2,297.1,18.7,N,0
-19.5324,144.5318,306.1,1.6,1.2,2014-01-21,1322,Terra,MODIS,14,6.2,295.2,9.2,N,0
-18.832,144.7157,308,1.7,1.3,2014-01-21,1322,Terra,MODIS,71,6.2,294.5,13.6,N,0
-19.5264,144.5,309.8,1.6,1.2,2014-01-21,1322,Terra,MODIS,45,6.2,295.6,13.6,N,0
-19.5349,144.5171,307.9,1.6,1.2,2014-01-21,1322,Terra,MODIS,42,6.2,295.2,11.5,N,0
-19.524,144.5142,312.9,1.6,1.2,2014-01-21,1322,Terra,MODIS,80,6.2,295.4,18.1,N,0
-18.8293,144.7311,307.8,1.7,1.3,2014-01-21,1322,Terra,MODIS,71,6.2,294.1,13.6,N,0
-22.1006,149.1499,304.5,2.9,1.6,2014-01-21,1452,Aqua,MODIS,49,6.2,292.5,25.2,N,0
-23.7226,146.3411,304.6,4.1,1.9,2014-01-21,1452,Aqua,MODIS,32,6.2,289.8,34.6,N,0
-23.7384,146.3447,303.1,4.1,1.9,2014-01-21,1452,Aqua,MODIS,2,6.2,289.8,27.7,N,0
-23.7303,146.3887,311.1,4.1,1.9,2014-01-21,1452,Aqua,MODIS,82,6.2,291,68.3,N,0
-23.7315,146.3809,310.7,4.1,1.9,2014-01-21,1452,Aqua,MODIS,81,6.2,291,66.9,N,0
-23.7148,146.385,318.3,4.1,1.9,2014-01-21,1452,Aqua,MODIS,96,6.2,291.2,112,N,0
-23.7136,146.3928,314.9,4.1,1.9,2014-01-21,1452,Aqua,MODIS,90,6.2,291.2,88.2,N,0
-23.7216,146.3489,307.9,4.1,1.9,2014-01-21,1452,Aqua,MODIS,70,6.2,290.3,50,N,0
-22.123,149.1066,304.9,2.9,1.6,2014-01-21,1452,Aqua,MODIS,18,6.2,293.1,22.8,N,0
-28.9055,152.2449,302.3,1.3,1.1,2014-01-21,1453,Aqua,MODIS,15,6.2,289.1,8,N,0
-25.7572,150.9852,303.9,1.8,1.3,2014-01-21,1453,Aqua,MODIS,10,6.2,293.6,10.2,N,0
-30.5268,150.5321,312.1,1.5,1.2,2014-01-21,1454,Aqua,MODIS,84,6.2,294,20.3,N,0
-31.5857,150.7593,309.8,1.4,1.2,2014-01-21,1454,Aqua,MODIS,63,6.2,292.7,13.7,N,0
-30.5272,150.5395,315.2,1.5,1.2,2014-01-21,1454,Aqua,MODIS,91,6.2,294.9,24.3,N,0
-31.0737,149.5172,309.1,1.7,1.3,2014-01-21,1454,Aqua,MODIS,30,6.2,292.9,17.6,N,0
-30.5407,150.5455,323.2,1.5,1.2,2014-01-21,1454,Aqua,MODIS,100,6.2,294.9,37.8,N,0
-30.5378,150.5301,323.7,1.5,1.2,2014-01-21,1454,Aqua,MODIS,100,6.2,294.2,39.1,N,0
-30.5297,150.5478,308.5,1.5,1.2,2014-01-21,1454,Aqua,MODIS,75,6.2,294.5,15.3,N,0
-29.4438,150.9429,320.6,1.5,1.2,2014-01-21,1454,Aqua,MODIS,100,6.2,294,33,N,0
-29.4466,150.9581,321.3,1.5,1.2,2014-01-21,1454,Aqua,MODIS,100,6.2,294.9,33.8,N,0
-31.5797,150.7551,325.6,1.4,1.2,2014-01-21,1454,Aqua,MODIS,100,6.2,294.4,37.9,N,0
-29.4546,150.9404,310.3,1.5,1.2,2014-01-21,1454,Aqua,MODIS,80,6.2,293.4,17.6,N,0
-31.5725,150.747,341.6,1.4,1.2,2014-01-21,1454,Aqua,MODIS,100,6.2,295.5,74.2,N,0
-31.5751,150.7615,328.3,1.4,1.2,2014-01-21,1454,Aqua,MODIS,100,6.2,294.4,41.7,N,0
-35.6167,147.6488,311.6,1.8,1.3,2014-01-21,1455,Aqua,MODIS,27,6.2,290.7,22.2,N,0
-35.8426,147.4993,304.2,1.8,1.3,2014-01-21,1455,Aqua,MODIS,22,6.2,290.4,13.9,N,0
-35.8272,147.5453,312.8,1.8,1.3,2014-01-21,1455,Aqua,MODIS,76,6.2,290.4,27.3,N,0
-35.6051,147.6525,318.5,1.8,1.3,2014-01-21,1455,Aqua,MODIS,88,6.2,291.4,36,N,0
-35.4353,148.1981,313.6,1.7,1.3,2014-01-21,1455,Aqua,MODIS,87,6.2,290,26.4,N,0
-35.4392,148.2175,317,1.7,1.3,2014-01-21,1455,Aqua,MODIS,94,6.2,291.2,31.7,N,0
-35.4504,148.2139,303.1,1.7,1.3,2014-01-21,1455,Aqua,MODIS,53,6.2,289.9,12.3,N,0
-35.4539,148.2317,300.8,1.7,1.3,2014-01-21,1455,Aqua,MODIS,11,6.2,289.7,8.6,N,0
-33.8257,149.2579,301.6,1.6,1.2,2014-01-21,1455,Aqua,MODIS,28,6.2,279.1,13,N,0
-35.3798,141.9683,301.9,4,1.9,2014-01-21,1456,Aqua,MODIS,45,6.2,287.5,49.1,N,0
-27.5788,141.5066,318.9,3.4,1.7,2014-01-21,1631,Aqua,MODIS,98,6.2,296.6,87,N,0
-27.5877,141.4981,311.5,3.4,1.7,2014-01-21,1631,Aqua,MODIS,83,6.2,295.6,50.7,N,0
-27.5816,141.5414,322,3.4,1.7,2014-01-21,1631,Aqua,MODIS,100,6.2,296.6,106.2,N,0
-27.5903,141.5329,337.9,3.4,1.7,2014-01-21,1631,Aqua,MODIS,100,6.2,297.6,227.4,N,0
-22.9135,150.1046,326.7,1,1,2014-01-22,0016,Terra,MODIS,23,6.2,306.7,11.5,D,0
-23.3407,150.0687,329.6,1,1,2014-01-22,0016,Terra,MODIS,61,6.2,307.4,14.2,D,0
-23.3484,150.061,334.1,1,1,2014-01-22,0016,Terra,MODIS,78,6.2,306.3,21.1,D,0
-23.3498,150.0708,328.5,1,1,2014-01-22,0016,Terra,MODIS,69,6.2,305,14,D,0
-22.108,149.1496,331.4,1,1,2014-01-22,0016,Terra,MODIS,50,6.2,311.4,12.1,D,0
-22.2467,149.1497,332.8,1,1,2014-01-22,0016,Terra,MODIS,65,6.2,310.2,14.5,D,0
-19.5239,144.5294,330.1,1.9,1.4,2014-01-22,0016,Terra,MODIS,72,6.2,308.6,35.1,D,0
-21.3468,146.7897,333.8,1.3,1.1,2014-01-22,0016,Terra,MODIS,65,6.2,313.1,20.3,D,0
-22.1276,149.0957,336.6,1,1,2014-01-22,0016,Terra,MODIS,77,6.2,311,19.5,D,0
-22.2391,149.1611,330.5,1,1,2014-01-22,0016,Terra,MODIS,39,6.2,309.4,11.3,D,0
-21.3247,146.7816,333.5,1.3,1.1,2014-01-22,0016,Terra,MODIS,62,6.2,310,20.5,D,0
-22.1065,149.1398,344.5,1,1,2014-01-22,0016,Terra,MODIS,89,6.2,309.8,33.6,D,0
-22.0992,149.1475,361,1,1,2014-01-22,0016,Terra,MODIS,100,6.2,311.8,72.8,D,0
-19.5207,144.5117,327,1.9,1.4,2014-01-22,0016,Terra,MODIS,54,6.2,308.3,24,D,0
-22.2301,149.1627,343.8,1,1,2014-01-22,0016,Terra,MODIS,88,6.2,310.3,31.8,D,0
-22.1007,149.1573,328.3,1,1,2014-01-22,0016,Terra,MODIS,45,6.2,309.8,8,D,0
-21.3448,146.7777,333.6,1.3,1.1,2014-01-22,0016,Terra,MODIS,58,6.2,310.7,20.5,D,0
-21.0341,147.1328,328.9,1.2,1.1,2014-01-22,0016,Terra,MODIS,66,6.2,309.4,11.9,D,0
-22.2316,149.1724,331.4,1,1,2014-01-22,0016,Terra,MODIS,60,6.2,309.1,13,D,0
-22.1291,149.1056,332.1,1,1,2014-01-22,0016,Terra,MODIS,49,6.2,312.5,11.9,D,0
-21.3348,146.7796,337.8,1.3,1.1,2014-01-22,0016,Terra,MODIS,80,6.2,311.1,29.7,D,0
-22.1367,149.0941,330.8,1,1,2014-01-22,0016,Terra,MODIS,45,6.2,311.6,11.3,D,0
-24.9438,147.9923,337.4,1,1,2014-01-22,0017,Terra,MODIS,55,6.2,308.7,25.2,D,0
-24.9208,147.965,345.6,1,1,2014-01-22,0017,Terra,MODIS,90,6.2,311.7,37.7,D,0
-24.9315,147.9736,332.5,1,1,2014-01-22,0017,Terra,MODIS,39,6.2,308.4,14.8,D,0
-24.8173,147.4917,327.5,1.1,1,2014-01-22,0017,Terra,MODIS,62,6.2,306.5,12.6,D,0
-24.9423,147.9821,337.6,1,1,2014-01-22,0017,Terra,MODIS,49,6.2,309.3,23.8,D,0
-24.953,147.9906,357.3,1,1,2014-01-22,0017,Terra,MODIS,98,6.2,306.6,69.4,D,0
-24.9057,147.9891,347.8,1,1,2014-01-22,0017,Terra,MODIS,91,6.2,310.8,44.1,D,0
-24.8155,147.4809,327.2,1.1,1,2014-01-22,0017,Terra,MODIS,61,6.2,308.5,11.5,D,0
-24.9224,147.9753,353.1,1,1,2014-01-22,0017,Terra,MODIS,95,6.2,311.4,53.2,D,0
-24.9041,147.9788,334.5,1,1,2014-01-22,0017,Terra,MODIS,70,6.2,309.1,20,D,0
-24.9546,148.0009,354.5,1,1,2014-01-22,0017,Terra,MODIS,96,6.2,305.9,63.1,D,0
-23.7352,146.3484,333.9,1.2,1.1,2014-01-22,0017,Terra,MODIS,51,6.2,311.6,18.6,D,0
-23.7884,146.4187,332.5,1.2,1.1,2014-01-22,0017,Terra,MODIS,55,6.2,312.4,14.2,D,0
-23.7809,146.4385,336.3,1.2,1.1,2014-01-22,0017,Terra,MODIS,74,6.2,312.5,19.8,D,0
-24.9514,147.9804,346.4,1,1,2014-01-22,0017,Terra,MODIS,91,6.2,305.6,42.7,D,0
-23.7904,146.4306,332.7,1.2,1.1,2014-01-22,0017,Terra,MODIS,62,6.2,312.1,13.1,D,0
-23.7275,146.4243,337.7,1.2,1.1,2014-01-22,0017,Terra,MODIS,76,6.2,311.8,22.9,D,0
-23.7255,146.4124,343.1,1.2,1.1,2014-01-22,0017,Terra,MODIS,85,6.2,311.1,34.7,D,0
-23.7789,146.4266,353.7,1.2,1.1,2014-01-22,0017,Terra,MODIS,95,6.2,312.9,65.3,D,0
-23.7473,146.4205,349.7,1.2,1.1,2014-01-22,0017,Terra,MODIS,92,6.2,310.4,54.5,D,0
-25.2076,150.0104,326.6,1,1,2014-01-22,0017,Terra,MODIS,62,6.2,304.2,12.4,D,0
-23.7888,146.4247,338.9,1.2,1.1,2014-01-22,0017,Terra,MODIS,79,6.2,312.1,27,D,0
-23.7453,146.4086,342.6,1.2,1.1,2014-01-22,0017,Terra,MODIS,84,6.2,309.5,34.9,D,0
-24.9454,148.0026,343.3,1,1,2014-01-22,0017,Terra,MODIS,84,6.2,306.7,37.1,D,0
-23.6527,151.0351,323.3,1,1,2014-01-22,0017,Terra,MODIS,54,6.2,306.2,10.2,D,0
-26.0195,151.3268,329.5,1.1,1.1,2014-01-22,0017,Terra,MODIS,55,6.2,306.7,16.5,D,0
-24.0449,144.4776,333.9,1.6,1.2,2014-01-22,0017,Terra,MODIS,73,6.2,309.1,27.2,D,0
-24.031,144.4645,331.1,1.6,1.2,2014-01-22,0017,Terra,MODIS,67,6.2,309.1,20.1,D,0
-24.0393,144.4467,393.2,1.6,1.2,2014-01-22,0017,Terra,MODIS,100,6.2,313.1,387.5,D,0
-24.0421,144.4622,374.7,1.6,1.2,2014-01-22,0017,Terra,MODIS,100,6.2,311.2,222.9,D,0
-24.0532,144.4598,354.8,1.6,1.2,2014-01-22,0017,Terra,MODIS,96,6.2,309.3,104.8,D,0
-26.7273,152.3471,327.5,1.3,1.1,2014-01-22,0017,Terra,MODIS,53,6.2,302.3,17.4,D,0
-23.4915,149.8411,361.3,1,1,2014-01-22,0017,Terra,MODIS,100,6.2,313.3,71.2,D,0
-23.4929,149.8509,327.7,1,1,2014-01-22,0017,Terra,MODIS,35,6.2,309.9,7.6,D,0
-23.4992,149.8333,348.8,1,1,2014-01-22,0017,Terra,MODIS,93,6.2,310.6,43.1,D,0
-23.5007,149.8431,364.8,1,1,2014-01-22,0017,Terra,MODIS,100,6.2,309,83.8,D,0
-23.5021,149.8529,327.1,1,1,2014-01-22,0017,Terra,MODIS,62,6.2,307.1,9.9,D,0
-27.3184,152.9816,326.7,1.4,1.2,2014-01-22,0017,Terra,MODIS,66,6.2,304.7,14.2,D,0
-27.0901,152.7679,322.1,1.4,1.2,2014-01-22,0017,Terra,MODIS,55,6.2,300.1,18.1,D,0
-23.7737,145.368,337.3,1.4,1.2,2014-01-22,0017,Terra,MODIS,78,6.2,312.9,26.7,D,0
-23.7843,145.3659,338.3,1.4,1.2,2014-01-22,0017,Terra,MODIS,80,6.2,313.2,29,D,0
-26.536,150.1807,353.3,1,1,2014-01-22,0017,Terra,MODIS,96,6.2,310,57.7,D,0
-26.5375,150.1911,333.5,1,1,2014-01-22,0017,Terra,MODIS,77,6.2,307.4,20.9,D,0
-23.7819,145.3521,332.9,1.4,1.2,2014-01-22,0017,Terra,MODIS,54,6.2,312.4,17.4,D,0
-26.8882,149.4196,340.8,1,1,2014-01-22,0017,Terra,MODIS,79,6.2,314.2,26.6,D,0
-26.8897,149.4297,335.9,1,1,2014-01-22,0017,Terra,MODIS,70,6.2,313.9,20.1,D,0
-26.8973,149.418,331,1,1,2014-01-22,0017,Terra,MODIS,42,6.2,313.8,11.1,D,0
-24.6,149.0611,328.6,1,1,2014-01-22,0017,Terra,MODIS,53,6.2,307.9,12.2,D,0
-24.6015,149.0709,326.4,1,1,2014-01-22,0017,Terra,MODIS,32,6.2,308.6,8.2,D,0
-24.4128,151.2914,328.2,1.1,1,2014-01-22,0017,Terra,MODIS,66,6.2,310.5,9.1,D,0
-24.2214,150.5055,331.2,1,1,2014-01-22,0017,Terra,MODIS,76,6.2,307.3,15,D,0
-24.5866,149.0331,348.5,1,1,2014-01-22,0017,Terra,MODIS,92,6.2,310.7,43.1,D,0
-23.7441,149.0047,328.3,1,1,2014-01-22,0017,Terra,MODIS,57,6.2,305.7,15,D,0
-27.5606,141.4629,382.6,2.2,1.4,2014-01-22,0018,Terra,MODIS,100,6.2,318.8,441.4,D,0
-27.565,141.4844,368.9,2.1,1.4,2014-01-22,0018,Terra,MODIS,100,6.2,319.6,279.6,D,0
-27.5692,141.5059,331.7,2.1,1.4,2014-01-22,0018,Terra,MODIS,40,6.2,314.1,28.5,D,0
-27.5733,141.4597,402.8,2.2,1.4,2014-01-22,0018,Terra,MODIS,100,6.2,316.4,766.8,D,0
-27.5776,141.4812,388.4,2.1,1.4,2014-01-22,0018,Terra,MODIS,100,6.2,318,516.5,D,0
-27.5819,141.5027,349.7,2.1,1.4,2014-01-22,0018,Terra,MODIS,92,6.2,314.5,120,D,0
-27.5928,141.4928,374.2,2.1,1.4,2014-01-22,0018,Terra,MODIS,100,6.2,317.2,331.9,D,0
-27.5972,141.5142,369.9,2.1,1.4,2014-01-22,0018,Terra,MODIS,100,6.2,321.1,280,D,0
-27.5946,141.4995,389.1,2.1,1.4,2014-01-22,0018,Terra,MODIS,100,6.2,320.9,522.1,D,0
-27.5988,141.5209,358.6,2.1,1.4,2014-01-22,0018,Terra,MODIS,99,6.2,319.1,177.8,D,0
-27.5573,141.6483,427.8,2.1,1.4,2014-01-22,0018,Terra,MODIS,100,6.2,325.5,1306.2,D,0
-27.5614,141.6692,342.9,2.1,1.4,2014-01-22,0018,Terra,MODIS,86,6.2,316.2,76.8,D,0
-27.5569,141.6425,424.8,2.1,1.4,2014-01-22,0018,Terra,MODIS,100,6.2,324.7,1224,D,0
-27.5611,141.6634,366.8,2.1,1.4,2014-01-22,0018,Terra,MODIS,100,6.2,318.1,244.8,D,0
-28.3354,151.7997,344,1.2,1.1,2014-01-22,0018,Terra,MODIS,90,6.2,312.1,42.8,D,0
-28.3443,151.7918,358.6,1.2,1.1,2014-01-22,0018,Terra,MODIS,99,6.2,312.2,86,D,0
-28.3473,151.8171,332.5,1.2,1.1,2014-01-22,0018,Terra,MODIS,64,6.2,307.7,21.6,D,0
-28.337,151.8124,334.6,1.2,1.1,2014-01-22,0018,Terra,MODIS,67,6.2,308.3,23,D,0
-28.3542,151.7901,349.3,1.2,1.1,2014-01-22,0018,Terra,MODIS,94,6.2,310.6,56.3,D,0
-28.3438,151.7856,360.9,1.2,1.1,2014-01-22,0018,Terra,MODIS,100,6.2,313.2,92.6,D,0
-28.3558,151.8027,329.1,1.2,1.1,2014-01-22,0018,Terra,MODIS,22,6.2,310.3,11.7,D,0
-28.3573,151.8155,326.1,1.2,1.1,2014-01-22,0018,Terra,MODIS,33,6.2,308.4,10.8,D,0
-28.3486,151.8234,331.6,1.2,1.1,2014-01-22,0018,Terra,MODIS,51,6.2,307,19.4,D,0
-28.3454,151.7981,351.9,1.2,1.1,2014-01-22,0018,Terra,MODIS,95,6.2,309.5,62.8,D,0
-28.5355,152.1967,329.9,1.3,1.1,2014-01-22,0018,Terra,MODIS,66,6.2,304.4,22.8,D,0
-28.5085,152.145,326.1,1.3,1.1,2014-01-22,0018,Terra,MODIS,50,6.2,302.7,16,D,0
-31.7192,146.3331,322.5,1,1,2014-01-22,0019,Terra,MODIS,54,6.2,299.5,14.2,D,0
-31.7128,146.3406,340.3,1,1,2014-01-22,0019,Terra,MODIS,84,6.2,295.5,41,D,0
-31.5775,150.753,327.8,1.2,1.1,2014-01-22,0019,Terra,MODIS,47,6.2,300.9,20.4,D,0
-33.8222,149.2763,333.4,1.1,1,2014-01-22,0019,Terra,MODIS,78,6.2,298.8,25.3,D,0
-33.8316,149.2746,352.2,1.1,1,2014-01-22,0019,Terra,MODIS,95,6.2,303.4,64.6,D,0
-33.8332,149.2867,327.5,1.1,1,2014-01-22,0019,Terra,MODIS,68,6.2,301.8,17.5,D,0
-33.8192,149.2527,351.4,1.1,1,2014-01-22,0019,Terra,MODIS,94,6.2,304.4,64.7,D,0
-33.8286,149.2508,343.7,1.1,1,2014-01-22,0019,Terra,MODIS,89,6.2,295.4,47.3,D,0
-33.8301,149.2626,352.8,1.1,1,2014-01-22,0019,Terra,MODIS,95,6.2,300.2,68,D,0
-33.8207,149.2645,363,1.1,1,2014-01-22,0019,Terra,MODIS,100,6.2,302.7,97.3,D,0
-33.8396,149.2611,327.3,1.1,1,2014-01-22,0019,Terra,MODIS,60,6.2,302.5,19,D,0
-33.849,149.2595,326.5,1.1,1,2014-01-22,0019,Terra,MODIS,30,6.2,301.9,17.6,D,0
-33.8736,149.1887,327.6,1.1,1,2014-01-22,0019,Terra,MODIS,68,6.2,303.9,20.9,D,0
-33.3355,149.7685,337.3,1.1,1.1,2014-01-22,0019,Terra,MODIS,85,6.2,297.2,38.7,D,0
-35.6067,147.6628,334.1,1,1,2014-01-22,0020,Terra,MODIS,81,6.2,298.6,24.3,D,0
-35.8397,147.5449,326.7,1,1,2014-01-22,0020,Terra,MODIS,24,6.2,301.5,16.8,D,0
-35.6098,147.6857,325.2,1,1,2014-01-22,0020,Terra,MODIS,56,6.2,301.9,14,D,0
-35.6341,147.6573,329,1,1,2014-01-22,0020,Terra,MODIS,42,6.2,297.3,20.8,D,0
-35.8441,147.5091,322.1,1,1,2014-01-22,0020,Terra,MODIS,34,6.2,302.9,10.5,D,0
-35.6174,147.6724,341.1,1,1,2014-01-22,0020,Terra,MODIS,81,6.2,299.2,35.1,D,0
-35.8426,147.4978,320.2,1,1,2014-01-22,0020,Terra,MODIS,12,6.2,303.6,7.5,D,0
-35.6158,147.661,346.8,1,1,2014-01-22,0020,Terra,MODIS,92,6.2,298.3,46.2,D,0
-35.6325,147.6459,342.2,1,1,2014-01-22,0020,Terra,MODIS,86,6.2,298.8,40.9,D,0
-37.1426,142.342,316.4,1.2,1.1,2014-01-22,0020,Terra,MODIS,34,6.2,299.8,7.7,D,0
-36.6679,147.7693,328.8,1,1,2014-01-22,0020,Terra,MODIS,59,6.2,292.6,24,D,0
-36.7017,147.7388,321.3,1,1,2014-01-22,0020,Terra,MODIS,75,6.2,293.7,18,D,0
-36.7033,147.7511,316.7,1,1,2014-01-22,0020,Terra,MODIS,68,6.2,293.7,13,D,0
-36.709,147.7439,326.9,1,1,2014-01-22,0020,Terra,MODIS,81,6.2,294.1,25.6,D,0
-35.441,148.1961,377.5,1.1,1,2014-01-22,0020,Terra,MODIS,100,6.2,309.3,141.2,D,0
-35.4425,148.2072,354.3,1.1,1,2014-01-22,0020,Terra,MODIS,97,6.2,304.8,64.7,D,0
-35.4503,148.1944,333.6,1.1,1,2014-01-22,0020,Terra,MODIS,82,6.2,304,23.7,D,0
-35.4518,148.2056,329.2,1.1,1,2014-01-22,0020,Terra,MODIS,73,6.2,300.5,17.3,D,0
-35.4549,148.2286,323.8,1.1,1,2014-01-22,0020,Terra,MODIS,50,6.2,300,13,D,0
-36.6479,147.761,317.4,1,1,2014-01-22,0020,Terra,MODIS,44,6.2,290.7,13.7,D,0
-36.6494,147.7723,321.9,1,1,2014-01-22,0020,Terra,MODIS,74,6.2,292.6,18.7,D,0
-36.6587,147.7708,332.5,1,1,2014-01-22,0020,Terra,MODIS,65,6.2,293.4,29.5,D,0
-36.7106,147.7558,310.8,1,1,2014-01-22,0020,Terra,MODIS,49,6.2,294.9,9,D,0
-18.2736,125.1373,322,1,1,2014-01-22,0154,Terra,MODIS,49,6.2,294.6,8.2,D,0
-28.5375,152.1878,318.7,4.3,1.9,2014-01-22,0259,Aqua,MODIS,0,6.2,282.3,88.2,D,0
-25.6291,151.8839,328.5,4.2,1.9,2014-01-22,0300,Aqua,MODIS,28,6.2,303.6,82.2,D,0
-25.6271,151.8797,328,4.2,1.9,2014-01-22,0300,Aqua,MODIS,62,6.2,303.6,79.7,D,0
-41.2494,147.0112,312.6,1.3,1.1,2014-01-22,0434,Aqua,MODIS,54,6.2,298.9,10.4,D,0
-43.1036,146.9553,369.9,1.2,1.1,2014-01-22,0434,Aqua,MODIS,100,6.2,295.9,149.3,D,0
-43.1013,146.9635,329.6,1.2,1.1,2014-01-22,0434,Aqua,MODIS,86,6.2,290.6,34,D,0
-43.1063,146.9407,332.1,1.2,1.1,2014-01-22,0434,Aqua,MODIS,88,6.2,293.7,38.2,D,0
-43.1039,146.9485,360.8,1.2,1.1,2014-01-22,0434,Aqua,MODIS,100,6.2,298.7,113.6,D,0
-43.0916,146.9596,336.8,1.2,1.1,2014-01-22,0434,Aqua,MODIS,90,6.2,290.8,48.4,D,0
-43.0943,146.9447,415.6,1.2,1.1,2014-01-22,0434,Aqua,MODIS,100,6.2,301.9,474,D,0
-43.0968,146.9304,313.6,1.2,1.1,2014-01-22,0434,Aqua,MODIS,71,6.2,293,14,D,0
-37.1277,142.7773,342.6,1,1,2014-01-22,0435,Aqua,MODIS,87,6.2,315.8,28.4,D,0
-37.1667,142.3425,333.2,1,1,2014-01-22,0435,Aqua,MODIS,53,6.2,312.5,14.9,D,0
-37.1185,142.7751,344.8,1,1,2014-01-22,0435,Aqua,MODIS,89,6.2,316.9,33.6,D,0
-37.1204,142.7634,350.1,1,1,2014-01-22,0435,Aqua,MODIS,93,6.2,314,44.8,D,0
-37.1314,142.7539,329.9,1,1,2014-01-22,0435,Aqua,MODIS,61,6.2,316.5,8.8,D,0
-37.1451,142.3606,365.9,1,1,2014-01-22,0435,Aqua,MODIS,100,6.2,311.6,92.4,D,0
-37.1468,142.3492,357.2,1,1,2014-01-22,0435,Aqua,MODIS,98,6.2,310.2,65.8,D,0
-37.136,142.3584,353.8,1,1,2014-01-22,0435,Aqua,MODIS,96,6.2,306.6,58.6,D,0
-37.1378,142.3468,327.6,1,1,2014-01-22,0435,Aqua,MODIS,38,6.2,303.5,11.2,D,0
-37.1295,142.7656,382.9,1,1,2014-01-22,0435,Aqua,MODIS,100,6.2,323.6,154,D,0
-37.1178,142.354,327.4,1,1,2014-01-22,0435,Aqua,MODIS,41,6.2,307.3,12,D,0
-37.1376,142.7619,336,1,1,2014-01-22,0435,Aqua,MODIS,68,6.2,316.9,16.6,D,0
-37.1686,142.7459,331.8,1,1,2014-01-22,0435,Aqua,MODIS,74,6.2,317.8,10.4,D,0
-37.1668,142.7575,331.5,1,1,2014-01-22,0435,Aqua,MODIS,70,6.2,314.9,9.3,D,0
-37.1649,142.354,343.1,1,1,2014-01-22,0435,Aqua,MODIS,87,6.2,313.3,33.5,D,0
-37.3665,148.672,316.1,2,1.4,2014-01-22,0435,Aqua,MODIS,72,6.2,295.9,30.7,D,0
-36.7142,147.7297,319.1,1.8,1.3,2014-01-22,0435,Aqua,MODIS,55,6.2,298.8,25.9,D,0
-37.3288,148.6472,305,2,1.4,2014-01-22,0435,Aqua,MODIS,24,6.2,293,11.3,D,0
-37.4027,148.6839,306.4,2,1.4,2014-01-22,0435,Aqua,MODIS,15,6.2,295.3,13.1,D,0
-37.4822,146.7751,312.4,1.5,1.2,2014-01-22,0435,Aqua,MODIS,59,6.2,297.7,14.1,D,0
-37.4148,148.6879,306.8,2,1.4,2014-01-22,0435,Aqua,MODIS,51,6.2,293.8,15,D,0
-37.485,146.7607,310.6,1.5,1.2,2014-01-22,0435,Aqua,MODIS,39,6.2,298.9,11.4,D,0
-37.324,148.6704,307.1,2,1.4,2014-01-22,0435,Aqua,MODIS,19,6.2,292.6,14,D,0
-37.4107,148.7076,305,2,1.4,2014-01-22,0435,Aqua,MODIS,31,6.2,291.7,12.7,D,0
-37.2584,148.4796,313.3,1.9,1.4,2014-01-22,0435,Aqua,MODIS,68,6.2,292.8,24.7,D,0
-37.3408,148.7318,307.1,2,1.4,2014-01-22,0435,Aqua,MODIS,29,6.2,293.6,15.2,D,0
-36.7029,147.7541,342,1.8,1.3,2014-01-22,0435,Aqua,MODIS,90,6.2,299.3,96.2,D,0
-36.7073,147.7326,329.5,1.8,1.3,2014-01-22,0435,Aqua,MODIS,80,6.2,298.5,52.9,D,0
-36.7145,147.7581,314.8,1.8,1.3,2014-01-22,0435,Aqua,MODIS,40,6.2,302.3,17.5,D,0
-36.7098,147.7516,346.5,1.8,1.3,2014-01-22,0435,Aqua,MODIS,93,6.2,302,115.2,D,0
-36.6565,147.7707,322.1,1.8,1.3,2014-01-22,0435,Aqua,MODIS,64,6.2,296.3,35.4,D,0
-36.6603,147.7521,317,1.8,1.3,2014-01-22,0435,Aqua,MODIS,28,6.2,297.7,24.2,D,0
-36.645,147.7664,328.2,1.8,1.3,2014-01-22,0435,Aqua,MODIS,73,6.2,295.7,51.3,D,0
-34.895,140.5836,341.2,1,1,2014-01-22,0436,Aqua,MODIS,55,6.2,320.6,17.7,D,0
-35.3989,141.9631,342.8,1,1,2014-01-22,0436,Aqua,MODIS,37,6.2,325.2,19,D,0
-34.8934,140.5945,354.7,1,1,2014-01-22,0436,Aqua,MODIS,96,6.2,325.8,47.3,D,0
-35.3264,141.7772,414.2,1,1,2014-01-22,0436,Aqua,MODIS,100,6.2,327.8,339.4,D,0
-35.3156,141.7863,351.6,1,1,2014-01-22,0436,Aqua,MODIS,80,6.2,313.8,47,D,0
-35.2892,141.8966,339.4,1,1,2014-01-22,0436,Aqua,MODIS,41,6.2,322.3,15.7,D,0
-35.3881,141.9722,339.6,1,1,2014-01-22,0436,Aqua,MODIS,35,6.2,323.6,13.7,D,0
-35.3898,141.961,344.6,1,1,2014-01-22,0436,Aqua,MODIS,80,6.2,325,21.5,D,0
-35.3074,141.9009,339.9,1,1,2014-01-22,0436,Aqua,MODIS,44,6.2,324.1,15.2,D,0
-35.3091,141.8896,347.4,1,1,2014-01-22,0436,Aqua,MODIS,89,6.2,322.4,29.5,D,0
-35.3445,141.7814,340.3,1,1,2014-01-22,0436,Aqua,MODIS,62,6.2,318.9,20.2,D,0
-35.2983,141.8987,339.6,1,1,2014-01-22,0436,Aqua,MODIS,46,6.2,323.4,15.5,D,0
-35.2849,141.8025,341.6,1,1,2014-01-22,0436,Aqua,MODIS,65,6.2,318.4,24.2,D,0
-35.3135,141.9841,336.1,1,1,2014-01-22,0436,Aqua,MODIS,64,6.2,323.5,10.5,D,0
-35.4105,141.8257,346.4,1,1,2014-01-22,0436,Aqua,MODIS,88,6.2,322.5,31.5,D,0
-35.3807,141.9588,351.8,1,1,2014-01-22,0436,Aqua,MODIS,93,6.2,326,35.8,D,0
-35.4015,141.8236,337.5,1,1,2014-01-22,0436,Aqua,MODIS,69,6.2,320,16.2,D,0
-35.3759,141.806,340.3,1,1,2014-01-22,0436,Aqua,MODIS,80,6.2,318,22.5,D,0
-35.3487,141.7997,366.4,1,1,2014-01-22,0436,Aqua,MODIS,100,6.2,323.8,82.6,D,0
-35.2939,141.8046,353.1,1,1,2014-01-22,0436,Aqua,MODIS,93,6.2,322.6,47.2,D,0
-35.3411,141.8039,339.7,1,1,2014-01-22,0436,Aqua,MODIS,64,6.2,324.5,16,D,0
-35.3428,141.7926,358.3,1,1,2014-01-22,0436,Aqua,MODIS,98,6.2,322.8,58.2,D,0
-35.3337,141.7905,356.6,1,1,2014-01-22,0436,Aqua,MODIS,95,6.2,320.7,53.8,D,0
-34.8844,140.5926,375.5,1,1,2014-01-22,0436,Aqua,MODIS,100,6.2,323.8,111.7,D,0
-35.3354,141.7793,361,1,1,2014-01-22,0436,Aqua,MODIS,100,6.2,319.8,68.4,D,0
-35.3229,141.7997,350.7,1,1,2014-01-22,0436,Aqua,MODIS,73,6.2,322.3,38.2,D,0
-35.3246,141.7884,380.8,1,1,2014-01-22,0436,Aqua,MODIS,100,6.2,322.7,137.4,D,0
-34.886,140.5817,362.1,1,1,2014-01-22,0436,Aqua,MODIS,100,6.2,317.8,66.3,D,0
-35.8444,147.5058,341.1,1.8,1.3,2014-01-22,0436,Aqua,MODIS,82,6.2,307.2,75.9,D,0
-35.6143,147.6563,371,1.9,1.3,2014-01-22,0436,Aqua,MODIS,100,6.2,303.3,275.1,D,0
-35.8246,147.5421,343.8,1.8,1.3,2014-01-22,0436,Aqua,MODIS,89,6.2,305.4,91,D,0
-35.6185,147.6358,355.7,1.9,1.3,2014-01-22,0436,Aqua,MODIS,97,6.2,305,162.9,D,0
-35.8127,147.513,330.2,1.8,1.3,2014-01-22,0436,Aqua,MODIS,69,6.2,308.4,32.5,D,0
-35.626,147.6604,370,1.9,1.3,2014-01-22,0436,Aqua,MODIS,100,6.2,304.5,267.1,D,0
-35.6116,147.6497,351.5,1.9,1.3,2014-01-22,0436,Aqua,MODIS,94,6.2,302.3,139.1,D,0
-35.8483,147.4868,330.3,1.8,1.3,2014-01-22,0436,Aqua,MODIS,22,6.2,308,37.4,D,0
-35.6304,147.6391,354.6,1.9,1.3,2014-01-22,0436,Aqua,MODIS,96,6.2,304.7,157.8,D,0
-35.8206,147.5359,341.8,1.8,1.3,2014-01-22,0436,Aqua,MODIS,87,6.2,306.1,79.5,D,0
-35.6156,147.6298,327.3,1.9,1.3,2014-01-22,0436,Aqua,MODIS,63,6.2,303.7,37.9,D,0
-35.6217,147.6817,346,1.9,1.3,2014-01-22,0436,Aqua,MODIS,90,6.2,302.5,112.2,D,0
-35.6379,147.6642,351.7,1.9,1.3,2014-01-22,0436,Aqua,MODIS,95,6.2,303.8,144.1,D,0
-35.6099,147.6776,340.8,1.9,1.3,2014-01-22,0436,Aqua,MODIS,86,6.2,299.5,87.6,D,0
-35.8287,147.5222,329.7,1.8,1.3,2014-01-22,0436,Aqua,MODIS,47,6.2,305.2,34.1,D,0
-35.6423,147.6426,367.7,1.9,1.3,2014-01-22,0436,Aqua,MODIS,100,6.2,306.7,250.2,D,0
-35.8364,147.5454,333.3,1.8,1.3,2014-01-22,0436,Aqua,MODIS,72,6.2,304.2,54.8,D,0
-35.8405,147.5251,335.7,1.8,1.3,2014-01-22,0436,Aqua,MODIS,73,6.2,304.6,59.6,D,0
-24.8102,147.4693,330.8,3.3,1.7,2014-01-22,0438,Aqua,MODIS,50,6.2,304.2,76.7,D,0
-24.8202,147.4763,334.8,3.3,1.7,2014-01-22,0438,Aqua,MODIS,72,6.2,303.5,114,D,0
-27.599,141.5069,343,1.2,1.1,2014-01-22,0438,Aqua,MODIS,60,6.2,325.9,18.5,D,0
-27.6009,141.4951,346.2,1.2,1.1,2014-01-22,0438,Aqua,MODIS,78,6.2,325.2,25.5,D,0
-27.6029,141.4832,372.3,1.2,1.1,2014-01-22,0438,Aqua,MODIS,100,6.2,327.3,115.1,D,0
-27.6048,141.4713,344.9,1.2,1.1,2014-01-22,0438,Aqua,MODIS,86,6.2,321.2,26.9,D,0
-27.5893,141.5049,383.7,1.2,1.1,2014-01-22,0438,Aqua,MODIS,100,6.2,327.8,168.3,D,0
-27.5912,141.493,381,1.2,1.1,2014-01-22,0438,Aqua,MODIS,100,6.2,331.4,152.1,D,0
-27.5932,141.4811,386.6,1.2,1.1,2014-01-22,0438,Aqua,MODIS,100,6.2,328,185,D,0
-27.5951,141.4693,408.1,1.2,1.1,2014-01-22,0438,Aqua,MODIS,100,6.2,327.5,348.1,D,0
-27.5796,141.5028,362.6,1.2,1.1,2014-01-22,0438,Aqua,MODIS,100,6.2,323.8,73,D,0
-27.5815,141.491,395.1,1.2,1.1,2014-01-22,0438,Aqua,MODIS,100,6.2,332.7,239.3,D,0
-27.5835,141.4791,364.6,1.2,1.1,2014-01-22,0438,Aqua,MODIS,100,6.2,326.8,84.2,D,0
-27.5855,141.4673,359.3,1.2,1.1,2014-01-22,0438,Aqua,MODIS,99,6.2,322.3,67.3,D,0
-27.5699,141.5008,341,1.2,1.1,2014-01-22,0438,Aqua,MODIS,75,6.2,321.5,16.8,D,0
-27.5719,141.4889,359.1,1.2,1.1,2014-01-22,0438,Aqua,MODIS,99,6.2,322.3,66.8,D,0
-27.5738,141.4771,349.3,1.2,1.1,2014-01-22,0438,Aqua,MODIS,89,6.2,320.9,37.4,D,0
-27.5758,141.4652,362.6,1.2,1.1,2014-01-22,0438,Aqua,MODIS,100,6.2,323.8,82,D,0
-27.5778,141.4534,372.9,1.2,1.1,2014-01-22,0438,Aqua,MODIS,100,6.2,324,123.7,D,0
-27.5797,141.4416,356.6,1.2,1.1,2014-01-22,0438,Aqua,MODIS,97,6.2,320.5,62.5,D,0
-27.5622,141.4869,365.9,1.2,1.1,2014-01-22,0438,Aqua,MODIS,100,6.2,320.8,92.5,D,0
-27.5681,141.4513,349.3,1.2,1.1,2014-01-22,0438,Aqua,MODIS,91,6.2,320.2,43,D,0
-27.57,141.4395,366.3,1.2,1.1,2014-01-22,0438,Aqua,MODIS,100,6.2,322.1,98.3,D,0
-27.572,141.4277,337.2,1.2,1.1,2014-01-22,0438,Aqua,MODIS,75,6.2,318,16,D,0
-27.5641,141.475,353.5,1.2,1.1,2014-01-22,0438,Aqua,MODIS,95,6.2,318.5,52.1,D,0
-27.5874,141.4554,351.7,1.2,1.1,2014-01-22,0438,Aqua,MODIS,93,6.2,318.6,45.8,D,0
-27.583,141.6649,343.1,1.2,1.1,2014-01-22,0438,Aqua,MODIS,59,6.2,326.4,12.8,D,0
-27.585,141.6528,373.2,1.2,1.1,2014-01-22,0438,Aqua,MODIS,100,6.2,330.2,115.2,D,0
-27.5654,141.6487,355.9,1.2,1.1,2014-01-22,0438,Aqua,MODIS,97,6.2,328.1,46.6,D,0
-27.5557,141.6466,351.4,1.2,1.1,2014-01-22,0438,Aqua,MODIS,93,6.2,329.2,35.1,D,0
-24.0511,144.4589,367.9,2.1,1.4,2014-01-22,0439,Aqua,MODIS,100,6.2,314.1,237.8,D,0
-24.055,144.4387,344.7,2.1,1.4,2014-01-22,0439,Aqua,MODIS,86,6.2,313.6,69.2,D,0
-24.0465,144.4717,341.6,2.1,1.4,2014-01-22,0439,Aqua,MODIS,82,6.2,312.7,54.6,D,0
-24.0503,144.4514,367.7,2.1,1.4,2014-01-22,0439,Aqua,MODIS,100,6.2,314.5,236.7,D,0
-24.0378,144.4485,345.9,2.1,1.4,2014-01-22,0439,Aqua,MODIS,88,6.2,313.9,77.1,D,0
-23.7907,145.3721,351.2,2.4,1.5,2014-01-22,0439,Aqua,MODIS,93,6.2,314.3,129.3,D,0
-23.7848,145.3657,345.2,2.4,1.5,2014-01-22,0439,Aqua,MODIS,87,6.2,314.3,89.9,D,0
-23.6464,145.4506,338.7,2.5,1.5,2014-01-22,0439,Aqua,MODIS,78,6.2,315.9,48.9,D,0
-23.7802,145.3895,339.1,2.5,1.5,2014-01-22,0439,Aqua,MODIS,78,6.2,315.9,47.9,D,0
-23.7232,146.3857,338.4,2.9,1.6,2014-01-22,0439,Aqua,MODIS,58,6.2,310,83.8,D,0
-23.7319,146.4174,343.6,2.9,1.6,2014-01-22,0439,Aqua,MODIS,85,6.2,311.7,121,D,0
-23.7289,146.3576,335.2,2.9,1.6,2014-01-22,0439,Aqua,MODIS,42,6.2,307.3,75.4,D,0
-23.7489,146.3335,330.2,2.9,1.6,2014-01-22,0439,Aqua,MODIS,21,6.2,304.2,54.1,D,0
-23.7515,146.3975,339.9,2.9,1.6,2014-01-22,0439,Aqua,MODIS,69,6.2,304.5,106.4,D,0
-21.3566,146.7837,335,3.5,1.8,2014-01-22,0439,Aqua,MODIS,61,6.2,309.7,102.7,D,0
-21.347,146.7731,336.2,3.5,1.8,2014-01-22,0439,Aqua,MODIS,64,6.2,309.7,116.6,D,0
-23.7455,146.4261,347.9,2.9,1.6,2014-01-22,0439,Aqua,MODIS,90,6.2,310.7,167.3,D,0
-23.7345,146.33,330.7,2.9,1.6,2014-01-22,0439,Aqua,MODIS,31,6.2,304.3,55.5,D,0
-18.8586,144.746,330.1,2.8,1.6,2014-01-22,0440,Aqua,MODIS,61,6.2,309.2,44.9,D,0
-19.521,144.5047,332.1,2.6,1.6,2014-01-22,0440,Aqua,MODIS,58,6.2,311.9,49.7,D,0
-18.856,144.738,333.4,2.8,1.6,2014-01-22,0440,Aqua,MODIS,75,6.2,308.9,61.5,D,0
-18.8637,144.7198,329.8,2.8,1.6,2014-01-22,0440,Aqua,MODIS,54,6.2,304.9,41.8,D,0
-19.5173,144.4991,329.7,2.6,1.6,2014-01-22,0440,Aqua,MODIS,37,6.2,311.7,38.2,D,0
-18.9733,144.5289,330.8,2.7,1.6,2014-01-22,0440,Aqua,MODIS,65,6.2,307,38.8,D,0
-20.74,139.4776,346.6,1.2,1.1,2014-01-22,0440,Aqua,MODIS,38,6.2,318.3,34.2,D,2
-22.6064,126.9428,315,4,1.9,2014-01-22,0440,Aqua,MODIS,36,6.2,288.3,57.6,D,0
-35.8383,147.5258,300.7,3.1,1.7,2014-01-22,1222,Terra,MODIS,18,6.2,290.6,20.1,N,0
-35.8362,147.5598,304.2,3.1,1.7,2014-01-22,1222,Terra,MODIS,59,6.2,290.6,30.7,N,0
-35.6051,147.6661,303.4,3.1,1.7,2014-01-22,1222,Terra,MODIS,32,6.2,290.6,26.8,N,0
-35.6075,147.6601,305.6,3.1,1.7,2014-01-22,1222,Terra,MODIS,31,6.2,290.9,32.4,N,0
-35.6204,147.6667,304.3,3.1,1.7,2014-01-22,1222,Terra,MODIS,42,6.2,291.1,29.2,N,0
-35.4513,148.2373,301.9,2.8,1.6,2014-01-22,1222,Terra,MODIS,30,6.2,289.7,23,N,0
-35.4501,148.2331,301.1,2.8,1.6,2014-01-22,1222,Terra,MODIS,26,6.2,289.5,21.8,N,0
-36.6563,147.7697,306,3.1,1.7,2014-01-22,1222,Terra,MODIS,66,6.2,285.3,45.9,N,0
-36.6592,147.7626,305.9,3.1,1.7,2014-01-22,1222,Terra,MODIS,66,6.2,285.4,46.7,N,0
-33.8321,149.2627,303.3,2.3,1.5,2014-01-22,1223,Terra,MODIS,54,6.2,286.4,24.4,N,0
-28.337,151.8064,302.5,1.3,1.2,2014-01-22,1224,Terra,MODIS,11,6.2,290.5,7.7,N,0
-24.7831,146.3394,306.7,2.9,1.6,2014-01-22,1225,Terra,MODIS,69,6.2,293.6,24.2,N,0
-23.3157,150.0934,304.4,1.5,1.2,2014-01-22,1225,Terra,MODIS,53,6.2,294.3,7.2,N,0
-24.0395,144.4621,305.9,3.8,1.8,2014-01-22,1225,Terra,MODIS,66,6.2,294.8,26.8,N,0
-23.7859,145.3739,308.7,3.3,1.7,2014-01-22,1225,Terra,MODIS,21,6.2,293.7,40,N,0
-26.5483,150.1871,316.7,1.6,1.2,2014-01-22,1225,Terra,MODIS,27,6.2,286.5,30.7,N,0
-26.55,150.1708,324.6,1.6,1.3,2014-01-22,1225,Terra,MODIS,66,6.2,290.2,45.9,N,0
-26.5386,150.1695,322,1.6,1.3,2014-01-22,1225,Terra,MODIS,100,6.2,290,38.8,N,0
-26.5498,150.1808,325.1,1.6,1.2,2014-01-22,1225,Terra,MODIS,85,6.2,289.1,47.1,N,0
-26.5403,150.1631,316.6,1.6,1.3,2014-01-22,1225,Terra,MODIS,86,6.2,289.4,30.1,N,0
-26.5516,150.1644,310.9,1.6,1.3,2014-01-22,1225,Terra,MODIS,39,6.2,289.8,19.7,N,0
-26.5385,150.1794,316.3,1.6,1.2,2014-01-22,1225,Terra,MODIS,74,6.2,289.3,30.9,N,0
-24.7806,146.3679,305.2,2.8,1.6,2014-01-22,1225,Terra,MODIS,49,6.2,293.1,20.8,N,0
-24.1507,149.5414,307.6,1.7,1.3,2014-01-22,1225,Terra,MODIS,71,6.2,296.3,9.2,N,0
-24.1532,149.5362,306.6,1.7,1.3,2014-01-22,1225,Terra,MODIS,67,6.2,296.2,8.3,N,0
-23.7529,149.0016,319.9,1.8,1.3,2014-01-22,1225,Terra,MODIS,99,6.2,296.2,35.7,N,0
-23.7584,148.9957,315.6,1.8,1.3,2014-01-22,1225,Terra,MODIS,92,6.2,296.3,26.7,N,0
-23.7466,148.9943,318.7,1.8,1.3,2014-01-22,1225,Terra,MODIS,97,6.2,295.7,33.4,N,0
-23.7446,149.0126,307.3,1.8,1.3,2014-01-22,1225,Terra,MODIS,71,6.2,294.8,13,N,0
-20.0739,148.1573,307.1,1.8,1.3,2014-01-22,1226,Terra,MODIS,67,6.2,295.1,13.8,N,0
-20.0759,148.1399,311.9,1.8,1.3,2014-01-22,1226,Terra,MODIS,82,6.2,295.3,22.3,N,0
-22.2368,149.1616,315.5,1.7,1.3,2014-01-22,1226,Terra,MODIS,90,6.2,294.3,25.5,N,0
-22.0911,149.1467,310,1.6,1.3,2014-01-22,1226,Terra,MODIS,61,6.2,293.9,16.5,N,0
-22.2482,149.1628,312.4,1.7,1.3,2014-01-22,1226,Terra,MODIS,82,6.2,294.7,20.2,N,0
-22.1121,149.1654,310,1.6,1.3,2014-01-22,1226,Terra,MODIS,10,6.2,293.9,14.5,N,0
-37.486,146.777,312.2,4.3,1.9,2014-01-22,1400,Terra,MODIS,84,6.2,283,119.2,N,0
-37.485,146.7722,313.1,4.3,1.9,2014-01-22,1400,Terra,MODIS,86,6.2,283,126.1,N,0
-37.1328,142.4971,305.4,2.4,1.5,2014-01-22,1400,Terra,MODIS,64,6.2,286.2,31.2,N,0
-37.1391,142.4694,300.9,2.4,1.5,2014-01-22,1400,Terra,MODIS,35,6.2,285.5,21.9,N,0
-37.1271,142.4874,314,2.4,1.5,2014-01-22,1400,Terra,MODIS,88,6.2,286.7,55.3,N,0
-37.1298,142.3465,300.9,2.4,1.5,2014-01-22,1400,Terra,MODIS,36,6.2,284.8,22.2,N,0
-33.0455,138.124,304.3,1.6,1.3,2014-01-22,1401,Terra,MODIS,49,6.2,270.3,18,N,0
-33.1329,138.1529,358.6,1.6,1.3,2014-01-22,1401,Terra,MODIS,100,6.2,276.7,174.3,N,0
-33.0792,138.1337,326.5,1.6,1.3,2014-01-22,1401,Terra,MODIS,99,6.2,275,53.6,N,0
-33.0485,138.1084,303.8,1.6,1.3,2014-01-22,1401,Terra,MODIS,46,6.2,270.3,17.1,N,0
-33.139,138.121,343,1.6,1.3,2014-01-22,1401,Terra,MODIS,100,6.2,276.1,103.9,N,0
-33.1472,138.1402,313,1.6,1.3,2014-01-22,1401,Terra,MODIS,62,6.2,272,27.6,N,0
-33.1441,138.156,325.4,1.6,1.3,2014-01-22,1401,Terra,MODIS,100,6.2,273.2,52.7,N,0
-33.1359,138.1371,385.1,1.6,1.3,2014-01-22,1401,Terra,MODIS,100,6.2,281.8,364.5,N,0
-23.3299,131.2508,308.1,1,1,2014-01-22,1404,Terra,MODIS,49,6.2,287.1,8.8,N,0
-22.112,149.1712,311.9,1.1,1.1,2014-01-22,1534,Aqua,MODIS,84,6.2,294.4,12.1,N,0
-22.2415,149.1668,317.5,1.1,1.1,2014-01-22,1534,Aqua,MODIS,95,6.2,294.3,16.9,N,0
-22.2334,149.1793,305.1,1.1,1.1,2014-01-22,1534,Aqua,MODIS,53,6.2,293.5,5.9,N,0
-22.0942,149.1456,316.2,1.1,1.1,2014-01-22,1534,Aqua,MODIS,77,6.2,294.4,14.4,N,0
-22.2319,149.1682,306.7,1.1,1.1,2014-01-22,1534,Aqua,MODIS,69,6.2,293.4,7.1,N,0
-20.0726,148.1463,305.1,1,1,2014-01-22,1534,Aqua,MODIS,63,6.2,294.5,5.2,N,0
-24.0368,144.4554,312.8,1.1,1,2014-01-22,1535,Aqua,MODIS,86,6.2,298.8,8.8,N,0
-24.0385,144.466,310.1,1.1,1,2014-01-22,1535,Aqua,MODIS,50,6.2,298.4,6.4,N,0
-24.0479,144.4643,309.3,1.1,1,2014-01-22,1535,Aqua,MODIS,77,6.2,298,6.3,N,0
-23.7771,145.3855,309.4,1,1,2014-01-22,1535,Aqua,MODIS,68,6.2,298.4,5.3,N,0
-23.1287,149.2643,305.5,1.2,1.1,2014-01-22,1535,Aqua,MODIS,20,6.2,294.5,5.6,N,0
-23.1313,149.2687,305.7,1.2,1.1,2014-01-22,1535,Aqua,MODIS,56,6.2,294.7,6.2,N,0
-23.7582,149.0035,303.1,1.2,1.1,2014-01-22,1535,Aqua,MODIS,49,6.2,292,5.9,N,0
-23.9176,147.7202,307,1,1,2014-01-22,1535,Aqua,MODIS,70,6.2,296,4.9,N,0
-23.7298,146.4133,317.1,1,1,2014-01-22,1535,Aqua,MODIS,49,6.2,297.8,10.4,N,0
-23.7488,146.4143,306.8,1,1,2014-01-22,1535,Aqua,MODIS,32,6.2,291.2,4.3,N,0
-23.7502,146.4241,312.8,1,1,2014-01-22,1535,Aqua,MODIS,86,6.2,293.4,8.7,N,0
-24.9206,147.9461,312.9,1.1,1,2014-01-22,1535,Aqua,MODIS,64,6.2,293.9,9.6,N,0
-24.9113,147.9475,317.7,1.1,1,2014-01-22,1535,Aqua,MODIS,78,6.2,294.1,14.2,N,0
-24.9314,147.9553,311.6,1.1,1,2014-01-22,1535,Aqua,MODIS,57,6.2,293.6,8.2,N,0
-24.7842,147.4857,307,1,1,2014-01-22,1535,Aqua,MODIS,39,6.2,295.2,4.7,N,0
-23.7168,146.3254,319.3,1,1,2014-01-22,1535,Aqua,MODIS,34,6.2,297.4,12.1,N,0
-23.7017,146.348,327.9,1,1,2014-01-22,1535,Aqua,MODIS,100,6.2,295.3,20.3,N,0
-24.8955,147.9716,306.1,1.1,1,2014-01-22,1535,Aqua,MODIS,25,6.2,292.8,5.4,N,0
-23.7031,146.3578,321.2,1,1,2014-01-22,1535,Aqua,MODIS,96,6.2,293.2,13.1,N,0
-24.9479,148.0068,305.3,1.1,1,2014-01-22,1535,Aqua,MODIS,23,6.2,292.8,5.1,N,0
-24.7933,147.4842,309.9,1,1,2014-01-22,1535,Aqua,MODIS,56,6.2,295.8,6.5,N,0
-23.7388,146.4117,317.1,1,1,2014-01-22,1535,Aqua,MODIS,76,6.2,295.8,10.2,N,0
-24.9285,147.9339,342.4,1.1,1,2014-01-22,1535,Aqua,MODIS,100,6.2,295.8,50.3,N,0
-24.8131,147.4915,310.5,1,1,2014-01-22,1535,Aqua,MODIS,60,6.2,295.6,6.9,N,0
-24.9299,147.9446,315.3,1.1,1,2014-01-22,1535,Aqua,MODIS,85,6.2,293.9,11.8,N,0
-24.95,147.9523,313.5,1.1,1,2014-01-22,1535,Aqua,MODIS,87,6.2,293.3,11.4,N,0
-24.9486,147.9418,311.2,1.1,1,2014-01-22,1535,Aqua,MODIS,82,6.2,293.1,9.6,N,0
-24.9392,147.9431,311.4,1.1,1,2014-01-22,1535,Aqua,MODIS,63,6.2,293.2,9,N,0
-24.9407,147.9538,313,1.1,1,2014-01-22,1535,Aqua,MODIS,73,6.2,293.5,10.2,N,0
-24.9192,147.9354,310.9,1.1,1,2014-01-22,1535,Aqua,MODIS,39,6.2,293.4,8.6,N,0
-24.9271,147.9233,310.1,1.1,1,2014-01-22,1535,Aqua,MODIS,79,6.2,293.2,9,N,0
-33.1283,138.1519,349,1.7,1.3,2014-01-22,1538,Aqua,MODIS,100,6.2,277,127,N,0
-33.1396,138.1488,444.4,1.7,1.3,2014-01-22,1538,Aqua,MODIS,100,6.2,301.8,1364.8,N,0
-33.1358,138.1288,383.6,1.7,1.3,2014-01-22,1538,Aqua,MODIS,100,6.2,280.5,359.7,N,0
-35.8293,147.4518,311.7,1.3,1.1,2014-01-22,1538,Aqua,MODIS,83,6.2,291.1,17.5,N,0
-33.1319,138.1707,326.9,1.7,1.3,2014-01-22,1538,Aqua,MODIS,100,6.2,273.6,51.3,N,0
-33.1059,138.1596,312.7,1.7,1.3,2014-01-22,1538,Aqua,MODIS,11,6.2,267.5,23.7,N,0
-35.8201,147.5594,307.8,1.3,1.1,2014-01-22,1538,Aqua,MODIS,72,6.2,289.1,14,N,0
-33.1499,138.1577,319.6,1.7,1.3,2014-01-22,1538,Aqua,MODIS,68,6.2,276.8,32.8,N,0
-35.8277,147.4375,303.6,1.3,1.1,2014-01-22,1538,Aqua,MODIS,56,6.2,290.5,9.4,N,0
-35.8304,147.5574,316.3,1.3,1.1,2014-01-22,1538,Aqua,MODIS,93,6.2,290.9,22.8,N,0
-33.1432,138.1675,349.7,1.7,1.3,2014-01-22,1538,Aqua,MODIS,100,6.2,277.7,124.7,N,0
-33.1422,138.1194,311.1,1.7,1.3,2014-01-22,1538,Aqua,MODIS,41,6.2,275.9,20.3,N,0
-33.146,138.1384,357.3,1.7,1.3,2014-01-22,1538,Aqua,MODIS,100,6.2,283.2,166.1,N,0
-33.1508,138.1446,321.4,1.7,1.3,2014-01-22,1538,Aqua,MODIS,100,6.2,276.8,37.1,N,0
-35.4577,148.223,307.4,1.4,1.2,2014-01-22,1538,Aqua,MODIS,70,6.2,287.8,14.9,N,0
-35.4595,148.2395,305.5,1.4,1.2,2014-01-22,1538,Aqua,MODIS,36,6.2,288.5,12.3,N,0
-33.8312,149.2827,306.9,1.6,1.2,2014-01-22,1538,Aqua,MODIS,70,6.2,286.4,17.8,N,0
-33.8425,149.2816,338.7,1.6,1.2,2014-01-22,1538,Aqua,MODIS,100,6.2,288.1,83.1,N,0
-33.8294,149.2651,300.2,1.6,1.2,2014-01-22,1538,Aqua,MODIS,14,6.2,286.2,10,N,0
-36.6446,147.76,302,1.4,1.2,2014-01-22,1538,Aqua,MODIS,5,6.2,282.9,10.7,N,0
-35.342,141.7947,301.6,1,1,2014-01-22,1538,Aqua,MODIS,42,6.2,291.1,5.4,N,0
-35.3786,141.964,302,1,1,2014-01-22,1538,Aqua,MODIS,46,6.2,290.2,5.8,N,0
-37.1307,142.4957,327.5,1,1,2014-01-22,1539,Aqua,MODIS,100,6.2,289.5,27.5,N,0
-37.1363,142.4711,300.9,1,1,2014-01-22,1539,Aqua,MODIS,34,6.2,286,6.3,N,0
-37.129,142.4844,327.4,1,1,2014-01-22,1539,Aqua,MODIS,100,6.2,289.4,27.6,N,0
-37.1376,142.3598,304.7,1,1,2014-01-22,1539,Aqua,MODIS,61,6.2,285,8.3,N,0
-37.1359,142.3485,303.1,1,1,2014-01-22,1539,Aqua,MODIS,53,6.2,284.9,7.4,N,0
-37.1283,142.356,312.6,1,1,2014-01-22,1539,Aqua,MODIS,81,6.2,285.5,13,N,0
-37.1171,142.778,307.3,1,1,2014-01-22,1539,Aqua,MODIS,71,6.2,286.4,9.7,N,0
-37.4827,146.7699,339.8,1.3,1.1,2014-01-22,1539,Aqua,MODIS,100,6.2,285.3,65.7,N,0
-37.4842,146.7832,344.1,1.3,1.1,2014-01-22,1539,Aqua,MODIS,100,6.2,288.3,76.3,N,0
-37.2758,148.4694,300.5,1.6,1.2,2014-01-22,1539,Aqua,MODIS,30,6.2,283.5,12.7,N,0
-43.0908,146.959,305.5,1.5,1.2,2014-01-22,1540,Aqua,MODIS,65,6.2,282.9,18.3,N,0
-43.09,146.9517,309.7,1.5,1.2,2014-01-22,1540,Aqua,MODIS,78,6.2,282.7,22,N,0
-33.8447,149.2893,326.8,3.8,1.8,2014-01-22,2324,Terra,MODIS,80,6.2,297.4,130.7,D,0
-33.8502,149.2816,328.3,3.8,1.8,2014-01-22,2324,Terra,MODIS,81,6.2,297.1,140.5,D,0
-33.8353,149.2509,316.5,3.8,1.8,2014-01-22,2324,Terra,MODIS,59,6.2,295.9,64.1,D,0
-36.654,147.7802,305,3.9,1.8,2014-01-22,2325,Terra,MODIS,46,6.2,293.4,33.5,D,0
-19.5081,144.5029,321.8,1.6,1.2,2014-01-23,0058,Terra,MODIS,55,6.2,302.3,15.4,D,0
-19.5099,144.5179,319.8,1.6,1.2,2014-01-23,0058,Terra,MODIS,37,6.2,300.4,12.7,D,0
-22.097,149.1406,322,3.7,1.8,2014-01-23,0059,Terra,MODIS,39,6.2,296,72.2,D,0
-24.9484,148.0016,323.5,3.3,1.7,2014-01-23,0100,Terra,MODIS,34,6.2,298.7,65.7,D,0
-24.943,147.936,331.1,3.3,1.7,2014-01-23,0100,Terra,MODIS,61,6.2,299.1,105.2,D,0
-24.9742,147.9343,345.7,3.3,1.7,2014-01-23,0100,Terra,MODIS,91,6.2,296.5,253.2,D,0
-24.9322,147.9434,324.7,3.3,1.7,2014-01-23,0100,Terra,MODIS,30,6.2,299.7,62.7,D,0
-24.9458,147.9691,333.2,3.3,1.7,2014-01-23,0100,Terra,MODIS,79,6.2,299.8,125.1,D,0
-24.9274,147.9366,322.9,3.3,1.7,2014-01-23,0100,Terra,MODIS,26,6.2,299.4,56.3,D,0
-24.9723,147.9617,337,3.3,1.7,2014-01-23,0100,Terra,MODIS,83,6.2,297.7,169.2,D,0
-24.9613,147.9677,333.3,3.3,1.7,2014-01-23,0100,Terra,MODIS,67,6.2,298.2,126.3,D,0
-24.9586,147.9352,368.1,3.3,1.7,2014-01-23,0100,Terra,MODIS,100,6.2,301.4,563.6,D,0
-24.9697,147.9289,367.1,3.3,1.7,2014-01-23,0100,Terra,MODIS,100,6.2,298.9,558.2,D,0
-23.3185,131.2543,325.5,2.4,1.5,2014-01-23,0100,Terra,MODIS,63,6.2,301.7,25.4,D,0
-23.3319,131.2512,334.4,2.4,1.5,2014-01-23,0100,Terra,MODIS,80,6.2,301.9,68.7,D,0
-28.9372,123.678,313.1,3.9,1.8,2014-01-23,0240,Terra,MODIS,19,6.2,289,45.5,D,0
-32.068,115.9045,324.7,1.3,1.1,2014-01-23,0241,Terra,MODIS,57,6.2,305.7,9.4,D,0
-31.9064,115.815,326.4,1.3,1.1,2014-01-23,0241,Terra,MODIS,71,6.2,304.8,13,D,0
-37.2766,148.6593,318.3,1.8,1.3,2014-01-23,0340,Aqua,MODIS,72,6.2,298.6,26.7,D,0
-37.4938,148.9182,338.1,1.7,1.3,2014-01-23,0340,Aqua,MODIS,89,6.2,302.9,71.8,D,0
-37.3424,148.7266,321.5,1.7,1.3,2014-01-23,0340,Aqua,MODIS,76,6.2,302.5,30.8,D,0
-37.2096,148.3958,322.8,1.8,1.3,2014-01-23,0340,Aqua,MODIS,72,6.2,301.8,33.2,D,0
-37.2712,148.6536,313.9,1.8,1.3,2014-01-23,0340,Aqua,MODIS,49,6.2,298.6,17.8,D,0
-37.3679,148.6552,312.8,1.8,1.3,2014-01-23,0340,Aqua,MODIS,60,6.2,300.7,13.9,D,0
-37.2659,148.4471,324.8,1.8,1.3,2014-01-23,0340,Aqua,MODIS,79,6.2,299.5,38.5,D,0
-37.3792,147.424,315.1,2.1,1.4,2014-01-23,0340,Aqua,MODIS,20,6.2,301,21.2,D,0
-37.4603,148.8953,321.5,1.7,1.3,2014-01-23,0340,Aqua,MODIS,56,6.2,301.7,28.1,D,0
-37.5414,148.8735,315.5,1.7,1.3,2014-01-23,0340,Aqua,MODIS,51,6.2,301.4,16.9,D,0
-37.3543,148.6737,335.9,1.8,1.3,2014-01-23,0340,Aqua,MODIS,88,6.2,300.9,69.5,D,0
-37.358,148.6869,325.4,1.8,1.3,2014-01-23,0340,Aqua,MODIS,55,6.2,301.4,35.3,D,0
-37.3662,148.6749,321.1,1.8,1.3,2014-01-23,0340,Aqua,MODIS,75,6.2,302,30.6,D,0
-37.4856,148.8784,317.8,1.7,1.3,2014-01-23,0340,Aqua,MODIS,34,6.2,301,18.8,D,0
-37.5343,148.8649,319.5,1.7,1.3,2014-01-23,0340,Aqua,MODIS,55,6.2,301.3,23.3,D,0
-37.3776,147.4288,317.5,2.1,1.4,2014-01-23,0340,Aqua,MODIS,55,6.2,300.8,27.9,D,0
-37.3598,148.6673,331.6,1.8,1.3,2014-01-23,0340,Aqua,MODIS,85,6.2,301.6,55.3,D,0
-37.482,148.9168,342.5,1.7,1.3,2014-01-23,0340,Aqua,MODIS,92,6.2,302.9,87.1,D,0
-37.264,148.4681,336,1.8,1.3,2014-01-23,0340,Aqua,MODIS,88,6.2,299.1,74.1,D,0
-37.1385,142.4626,327.7,4.3,1.9,2014-01-23,0340,Aqua,MODIS,54,6.2,297,160.8,D,0
-37.1383,142.4588,326.7,4.3,1.9,2014-01-23,0340,Aqua,MODIS,49,6.2,297,152.8,D,0
-35.305,141.7657,362.3,4.6,2,2014-01-23,0341,Aqua,MODIS,100,6.2,306.8,661,D,0
-35.302,141.8249,359.6,4.5,2,2014-01-23,0341,Aqua,MODIS,99,6.2,309.3,586.8,D,0
-35.3578,141.777,416.3,4.6,2,2014-01-23,0341,Aqua,MODIS,100,6.2,297.3,3142.8,D,0
-35.3575,141.7291,357.2,4.6,2,2014-01-23,0341,Aqua,MODIS,98,6.2,288.2,592.8,D,0
-35.2827,141.8665,337.5,4.5,2,2014-01-23,0341,Aqua,MODIS,33,6.2,308.1,180.1,D,0
-35.3039,141.7738,372.3,4.6,2,2014-01-23,0341,Aqua,MODIS,100,6.2,307.9,944.8,D,0
-35.3028,141.8167,368.7,4.5,2,2014-01-23,0341,Aqua,MODIS,100,6.2,310.1,823.9,D,0
-35.3556,141.7807,413.5,4.6,2,2014-01-23,0341,Aqua,MODIS,100,6.2,296.9,2947,D,0
-35.4633,148.2431,344.2,1.8,1.3,2014-01-23,0341,Aqua,MODIS,0,6.2,303.9,91.4,D,0
-35.465,148.2245,437.8,1.8,1.3,2014-01-23,0341,Aqua,MODIS,94,6.2,322.9,1282.9,D,0
-35.467,148.2032,343.1,1.8,1.3,2014-01-23,0341,Aqua,MODIS,87,6.2,307.1,86.1,D,0
-33.8393,149.2859,336.7,1.5,1.2,2014-01-23,0341,Aqua,MODIS,80,6.2,304.4,51.3,D,0
-33.8409,149.2704,376.3,1.5,1.2,2014-01-23,0341,Aqua,MODIS,100,6.2,307.7,226.7,D,0
-33.83,149.2693,333.9,1.5,1.2,2014-01-23,0341,Aqua,MODIS,75,6.2,299.7,43.8,D,0
-33.8426,149.2545,344.6,1.5,1.2,2014-01-23,0341,Aqua,MODIS,88,6.2,305.9,76.2,D,0
-33.8317,149.2532,338.5,1.5,1.2,2014-01-23,0341,Aqua,MODIS,77,6.2,298.8,58,D,0
-35.6347,147.6524,330.4,1.9,1.4,2014-01-23,0341,Aqua,MODIS,65,6.2,304.4,51.1,D,0
-24.9645,147.9128,369.5,1.4,1.2,2014-01-23,0343,Aqua,MODIS,100,6.2,306.6,163.3,D,0
-24.667,151.3974,339.3,1,1,2014-01-23,0343,Aqua,MODIS,72,6.2,305.6,29,D,0
-24.9436,147.9101,364.5,1.4,1.2,2014-01-23,0343,Aqua,MODIS,100,6.2,308,139.4,D,0
-24.7411,150.9316,326.2,1,1,2014-01-23,0343,Aqua,MODIS,57,6.2,303.2,10.3,D,0
-24.9596,147.9533,371.2,1.4,1.2,2014-01-23,0343,Aqua,MODIS,100,6.2,311.5,159.9,D,0
-24.9524,147.9249,374.2,1.4,1.2,2014-01-23,0343,Aqua,MODIS,100,6.2,311.1,184,D,0
-24.6898,151.4316,333.8,1,1,2014-01-23,0343,Aqua,MODIS,73,6.2,301.5,15.7,D,0
-24.6808,151.4301,343.7,1,1,2014-01-23,0343,Aqua,MODIS,89,6.2,306.9,30.6,D,0
-24.9332,147.9086,332.7,1.4,1.2,2014-01-23,0343,Aqua,MODIS,65,6.2,303.7,34,D,0
-24.6794,151.44,353.1,1,1,2014-01-23,0343,Aqua,MODIS,96,6.2,308.8,50.8,D,0
-24.6629,151.7503,323.8,1,1,2014-01-23,0343,Aqua,MODIS,34,6.2,297.4,10.8,D,0
-24.9315,147.9224,351.8,1.4,1.2,2014-01-23,0343,Aqua,MODIS,94,6.2,306.3,80.8,D,0
-25.5889,148.451,332.4,1.3,1.1,2014-01-23,0343,Aqua,MODIS,53,6.2,311.5,18.1,D,0
-24.9636,148.0083,385.4,1.3,1.1,2014-01-23,0343,Aqua,MODIS,100,6.2,310.8,246.9,D,0
-24.9532,148.007,344.2,1.3,1.1,2014-01-23,0343,Aqua,MODIS,86,6.2,308.2,52.4,D,0
-24.898,147.9659,336.8,1.3,1.2,2014-01-23,0343,Aqua,MODIS,75,6.2,307.5,36.7,D,0
-24.6615,151.7601,330.3,1,1,2014-01-23,0343,Aqua,MODIS,73,6.2,299.4,17.8,D,0
-24.6836,151.4104,334.3,1,1,2014-01-23,0343,Aqua,MODIS,60,6.2,303.3,18.7,D,0
-24.6442,151.0313,337.4,1,1,2014-01-23,0343,Aqua,MODIS,82,6.2,306.1,25.9,D,0
-25.2617,152.2495,328.6,1,1,2014-01-23,0343,Aqua,MODIS,65,6.2,300.3,11.7,D,0
-24.9581,147.9667,358.4,1.4,1.2,2014-01-23,0343,Aqua,MODIS,98,6.2,308.5,100.1,D,0
-24.9749,147.9142,364.5,1.4,1.2,2014-01-23,0343,Aqua,MODIS,100,6.2,306.3,139.5,D,0
-24.954,147.9115,403.1,1.4,1.2,2014-01-23,0343,Aqua,MODIS,100,6.2,314.7,411.4,D,0
-24.8215,147.485,331.1,1.4,1.2,2014-01-23,0343,Aqua,MODIS,44,6.2,310.1,20.6,D,0
-24.9492,147.9519,338.2,1.4,1.2,2014-01-23,0343,Aqua,MODIS,76,6.2,310,29.9,D,0
-24.8996,147.9527,329.3,1.4,1.2,2014-01-23,0343,Aqua,MODIS,18,6.2,306.7,20.8,D,0
-24.9701,147.9545,347,1.4,1.2,2014-01-23,0343,Aqua,MODIS,89,6.2,305.7,65,D,0
-24.8079,152.0204,323.3,1,1,2014-01-23,0343,Aqua,MODIS,34,6.2,299,10.2,D,0
-24.9652,147.9949,354,1.3,1.1,2014-01-23,0343,Aqua,MODIS,95,6.2,307.6,84.6,D,0
-24.9477,147.9651,345.3,1.4,1.2,2014-01-23,0343,Aqua,MODIS,88,6.2,310.6,49.2,D,0
-24.9613,147.9397,336,1.4,1.2,2014-01-23,0343,Aqua,MODIS,51,6.2,308,33.5,D,0
-24.9733,147.9277,347.2,1.4,1.2,2014-01-23,0343,Aqua,MODIS,89,6.2,305.6,70.2,D,0
-24.9717,147.941,350.5,1.4,1.2,2014-01-23,0343,Aqua,MODIS,93,6.2,306.7,80.8,D,0
-24.6351,151.0298,333,1,1,2014-01-23,0343,Aqua,MODIS,76,6.2,306.4,18.2,D,0
-24.9629,147.9263,339.1,1.4,1.2,2014-01-23,0343,Aqua,MODIS,79,6.2,306.1,46.3,D,0
-24.942,147.9236,362.6,1.4,1.2,2014-01-23,0343,Aqua,MODIS,100,6.2,308.6,125.2,D,0
-24.9509,147.9383,342.6,1.4,1.2,2014-01-23,0343,Aqua,MODIS,75,6.2,308.7,48,D,0
-24.9299,147.936,339,1.4,1.2,2014-01-23,0343,Aqua,MODIS,59,6.2,306.6,36.5,D,0
-24.9854,147.9155,348.7,1.4,1.2,2014-01-23,0343,Aqua,MODIS,91,6.2,301.2,79.6,D,0
-24.6822,151.4202,332.2,1,1,2014-01-23,0343,Aqua,MODIS,56,6.2,304.5,13.6,D,0
-24.9404,147.9372,341.6,1.4,1.2,2014-01-23,0343,Aqua,MODIS,72,6.2,306.9,45.9,D,0
-24.906,147.9597,336.7,1.4,1.2,2014-01-23,0343,Aqua,MODIS,59,6.2,308.4,31.3,D,0
-25.5874,148.4639,340.5,1.3,1.1,2014-01-23,0343,Aqua,MODIS,81,6.2,313.8,34.3,D,0
-24.9045,147.973,337,1.3,1.2,2014-01-23,0343,Aqua,MODIS,63,6.2,309.4,31.2,D,0
-24.9445,147.992,335.6,1.3,1.1,2014-01-23,0343,Aqua,MODIS,66,6.2,309.5,26.7,D,0
-24.9429,148.0056,355.6,1.3,1.1,2014-01-23,0343,Aqua,MODIS,97,6.2,308.8,87.8,D,0
-24.6372,151.4125,332.3,1,1,2014-01-23,0343,Aqua,MODIS,70,6.2,306.4,15.3,D,0
-26.1364,152.1752,377.5,1,1,2014-01-23,0343,Aqua,MODIS,94,6.2,301.4,127,D,0
-26.1378,152.1652,358.9,1,1,2014-01-23,0343,Aqua,MODIS,99,6.2,307.6,68.8,D,0
-24.6026,149.048,331.3,1.2,1.1,2014-01-23,0343,Aqua,MODIS,36,6.2,310.3,12.9,D,0
-24.5929,149.0465,337.7,1.2,1.1,2014-01-23,0343,Aqua,MODIS,69,6.2,308.6,22.8,D,0
-24.5943,149.0349,339.2,1.2,1.1,2014-01-23,0343,Aqua,MODIS,76,6.2,311.7,26.2,D,0
-24.5914,149.058,337.1,1.2,1.1,2014-01-23,0343,Aqua,MODIS,78,6.2,309.9,21.9,D,0
-24.5832,149.045,335.5,1.2,1.1,2014-01-23,0343,Aqua,MODIS,56,6.2,310.8,18.5,D,0
-24.5846,149.0333,334.2,1.2,1.1,2014-01-23,0343,Aqua,MODIS,48,6.2,313,16.2,D,0
-24.5812,149.0379,330.9,1.2,1.1,2014-01-23,0343,Aqua,MODIS,56,6.2,311.9,14.1,D,0
-23.6648,151.0125,329.6,1,1,2014-01-23,0344,Aqua,MODIS,55,6.2,306.7,14.3,D,0
-23.653,151.0307,331.5,1,1,2014-01-23,0344,Aqua,MODIS,70,6.2,308.6,16.1,D,0
-23.6544,151.0208,369.5,1,1,2014-01-23,0344,Aqua,MODIS,100,6.2,312.5,101.2,D,0
-23.6558,151.011,331.5,1,1,2014-01-23,0344,Aqua,MODIS,67,6.2,306.7,17.2,D,0
-23.6621,151.0322,326.4,1,1,2014-01-23,0344,Aqua,MODIS,63,6.2,309.1,9.7,D,0
-23.6634,151.0224,352.8,1,1,2014-01-23,0344,Aqua,MODIS,95,6.2,310.4,54.4,D,0
-23.3221,150.099,339.5,1,1,2014-01-23,0344,Aqua,MODIS,85,6.2,306.3,30.2,D,0
-23.3115,150.1078,335.6,1,1,2014-01-23,0344,Aqua,MODIS,80,6.2,306.3,23.6,D,0
-23.3129,150.0976,331,1,1,2014-01-23,0344,Aqua,MODIS,28,6.2,308.7,15.9,D,0
-23.3023,150.1063,330.1,1,1,2014-01-23,0344,Aqua,MODIS,66,6.2,303,15.5,D,0
-23.3037,150.096,325.2,1,1,2014-01-23,0344,Aqua,MODIS,25,6.2,305.3,8.5,D,0
-23.3674,149.8331,338.9,1.1,1,2014-01-23,0344,Aqua,MODIS,84,6.2,307,26.7,D,0
-23.8629,146.4054,354.9,1.6,1.3,2014-01-23,0344,Aqua,MODIS,96,6.2,311.2,110.3,D,0
-23.8515,146.404,339.6,1.6,1.3,2014-01-23,0344,Aqua,MODIS,79,6.2,314.3,45.1,D,0
-23.8497,146.4204,333.4,1.6,1.3,2014-01-23,0344,Aqua,MODIS,49,6.2,310,22.6,D,0
-23.8016,145.4526,337,1.9,1.4,2014-01-23,0344,Aqua,MODIS,74,6.2,313.4,31.7,D,0
-23.7966,145.4662,338.8,1.9,1.3,2014-01-23,0344,Aqua,MODIS,78,6.2,314.1,38.5,D,0
-23.7986,145.4474,338.2,1.9,1.4,2014-01-23,0344,Aqua,MODIS,77,6.2,313.6,35.5,D,0
-23.7864,145.4459,339.6,1.9,1.4,2014-01-23,0344,Aqua,MODIS,79,6.2,314.1,41.2,D,0
-22.8291,149.7432,329.5,1.1,1,2014-01-23,0344,Aqua,MODIS,48,6.2,310.4,15.1,D,0
-23.1684,149.2661,331.7,1.1,1.1,2014-01-23,0344,Aqua,MODIS,70,6.2,307.6,14.1,D,0
-23.14,149.2616,333.9,1.1,1.1,2014-01-23,0344,Aqua,MODIS,76,6.2,308.5,15.9,D,0
-23.1291,149.271,341.1,1.1,1,2014-01-23,0344,Aqua,MODIS,85,6.2,309.5,28.4,D,0
-23.1305,149.2602,337.5,1.1,1.1,2014-01-23,0344,Aqua,MODIS,81,6.2,310,21.5,D,0
-23.1319,149.2493,329.9,1.1,1.1,2014-01-23,0344,Aqua,MODIS,35,6.2,309.8,9.1,D,0
-23.9744,146.6259,335.1,1.6,1.2,2014-01-23,0344,Aqua,MODIS,67,6.2,312.4,25.3,D,0
-24.1401,149.538,329.6,1.1,1,2014-01-23,0344,Aqua,MODIS,31,6.2,309.7,7.1,D,0
-24.1554,149.5359,335.2,1.1,1,2014-01-23,0344,Aqua,MODIS,73,6.2,309.2,18.5,D,0
-24.1495,149.5395,329.7,1.1,1,2014-01-23,0344,Aqua,MODIS,23,6.2,309.6,7.3,D,0
-23.7433,148.9969,337.9,1.2,1.1,2014-01-23,0344,Aqua,MODIS,73,6.2,308,26.4,D,0
-23.4161,150.2243,340.2,1,1,2014-01-23,0344,Aqua,MODIS,85,6.2,308.8,26,D,0
-23.4299,150.2425,332,1,1,2014-01-23,0344,Aqua,MODIS,50,6.2,307.8,13.7,D,0
-23.4391,150.2439,339.5,1,1,2014-01-23,0344,Aqua,MODIS,83,6.2,307.4,24.5,D,0
-23.4405,150.2338,347.6,1,1,2014-01-23,0344,Aqua,MODIS,91,6.2,310.2,40.1,D,0
-23.4222,150.2309,332.6,1,1,2014-01-23,0344,Aqua,MODIS,52,6.2,309.2,14.2,D,0
-23.4313,150.2324,332.7,1,1,2014-01-23,0344,Aqua,MODIS,48,6.2,310.2,14.3,D,0
-23.4175,150.2141,343.8,1,1,2014-01-23,0344,Aqua,MODIS,88,6.2,311.3,32.6,D,0
-22.2475,149.1519,343.5,1.1,1,2014-01-23,0344,Aqua,MODIS,74,6.2,311.3,39.7,D,0
-23.7331,146.3321,345.6,1.7,1.3,2014-01-23,0344,Aqua,MODIS,81,6.2,310.5,62.4,D,0
-22.092,149.159,351.1,1.1,1,2014-01-23,0344,Aqua,MODIS,93,6.2,308,54,D,0
-21.2253,148.4843,324.9,1.1,1.1,2014-01-23,0344,Aqua,MODIS,31,6.2,306.2,15,D,0
-22.0973,149.1548,382.7,1.1,1,2014-01-23,0344,Aqua,MODIS,100,6.2,309.7,173.9,D,0
-23.7217,146.3306,342.5,1.7,1.3,2014-01-23,0344,Aqua,MODIS,59,6.2,310.4,51.2,D,0
-23.7349,146.3155,334.3,1.7,1.3,2014-01-23,0344,Aqua,MODIS,45,6.2,308.6,27.3,D,0
-23.7017,146.3229,336.6,1.7,1.3,2014-01-23,0344,Aqua,MODIS,73,6.2,310.4,35.8,D,0
-23.7246,146.3259,351.6,1.7,1.3,2014-01-23,0344,Aqua,MODIS,88,6.2,310.5,87.7,D,0
-23.7103,146.3291,348.6,1.7,1.3,2014-01-23,0344,Aqua,MODIS,80,6.2,310.4,75.5,D,0
-21.0858,147.1575,343.5,1.4,1.2,2014-01-23,0344,Aqua,MODIS,87,6.2,315.6,44.6,D,0
-22.1245,149.0934,338.5,1.1,1,2014-01-23,0344,Aqua,MODIS,78,6.2,303.4,33,D,0
-21.2335,148.4966,339.3,1.1,1.1,2014-01-23,0344,Aqua,MODIS,83,6.2,302.2,39.6,D,0
-23.7131,146.3245,345.1,1.7,1.3,2014-01-23,0344,Aqua,MODIS,82,6.2,310.1,62.1,D,0
-23.7085,146.3454,339.2,1.7,1.3,2014-01-23,0344,Aqua,MODIS,44,6.2,311.4,28.8,D,0
-23.7094,146.3568,337.2,1.6,1.3,2014-01-23,0344,Aqua,MODIS,22,6.2,312.8,26.2,D,0
-22.4734,149.5891,327.6,1.1,1,2014-01-23,0344,Aqua,MODIS,57,6.2,304.9,15.6,D,0
-34.9304,140.6113,354.7,3.3,1.7,2014-01-23,0519,Aqua,MODIS,97,6.2,316.6,285.4,D,0
-35.3088,141.9837,332.3,3.9,1.8,2014-01-23,0519,Aqua,MODIS,41,6.2,310,93,D,0
-35.3204,141.9801,362.1,3.9,1.8,2014-01-23,0519,Aqua,MODIS,100,6.2,313,531.9,D,0
-34.9543,140.6239,371.3,3.3,1.7,2014-01-23,0519,Aqua,MODIS,100,6.2,309.1,594.2,D,0
-34.9691,140.5866,346.8,3.3,1.7,2014-01-23,0519,Aqua,MODIS,75,6.2,308.2,205.5,D,0
-34.9456,140.6166,413.6,3.3,1.7,2014-01-23,0519,Aqua,MODIS,100,6.2,320.7,1848.2,D,0
-34.9541,140.5811,363.4,3.3,1.7,2014-01-23,0519,Aqua,MODIS,100,6.2,319,416.7,D,0
-34.963,140.5885,369.6,3.3,1.7,2014-01-23,0519,Aqua,MODIS,100,6.2,313.1,546.9,D,0
-35.2979,141.8881,341.6,3.9,1.8,2014-01-23,0519,Aqua,MODIS,84,6.2,308.9,201.4,D,0
-35.3774,141.7826,349.4,3.8,1.8,2014-01-23,0519,Aqua,MODIS,81,6.2,283.1,347.4,D,0
-35.3877,141.7419,327,3.8,1.8,2014-01-23,0519,Aqua,MODIS,49,6.2,287.4,95.5,D,0
-35.3615,141.7765,364.2,3.8,1.8,2014-01-23,0519,Aqua,MODIS,94,6.2,300.4,593.5,D,0
-35.3718,141.7358,328.9,3.8,1.8,2014-01-23,0519,Aqua,MODIS,26,6.2,298.6,107.4,D,0
-35.3456,141.7704,350.3,3.8,1.8,2014-01-23,0519,Aqua,MODIS,94,6.2,297.2,350.8,D,0
-35.3877,141.7786,330.4,3.8,1.8,2014-01-23,0519,Aqua,MODIS,62,6.2,281.9,129,D,0
-35.3717,141.7724,362.1,3.8,1.8,2014-01-23,0519,Aqua,MODIS,94,6.2,292.4,553.6,D,0
-35.3818,141.7316,324.1,3.8,1.8,2014-01-23,0519,Aqua,MODIS,40,6.2,292.6,68.2,D,0
-35.3558,141.7662,352.1,3.8,1.8,2014-01-23,0519,Aqua,MODIS,95,6.2,300.9,370.9,D,0
-35.3399,141.7602,341,3.8,1.8,2014-01-23,0519,Aqua,MODIS,87,6.2,292.9,221.4,D,0
-34.9607,140.622,357.8,3.3,1.7,2014-01-23,0519,Aqua,MODIS,98,6.2,305.2,358.9,D,0
-35.3249,141.9899,362,3.9,1.8,2014-01-23,0519,Aqua,MODIS,100,6.2,311.6,534.6,D,0
-35.293,141.8779,342.9,3.9,1.8,2014-01-23,0519,Aqua,MODIS,87,6.2,306.9,227.8,D,0
-20.0292,133.8643,329.1,2.6,1.6,2014-01-23,0523,Aqua,MODIS,58,6.2,300.8,45.2,D,0
-20.0062,133.8335,341.6,2.6,1.6,2014-01-23,0523,Aqua,MODIS,86,6.2,303.1,127.5,D,0
-20.0201,133.8365,352.6,2.6,1.6,2014-01-23,0523,Aqua,MODIS,95,6.2,301.9,216.2,D,0
-20.0148,133.8279,332.1,2.6,1.6,2014-01-23,0523,Aqua,MODIS,46,6.2,302.7,67.4,D,0
-19.9924,133.8305,337.6,2.6,1.6,2014-01-23,0523,Aqua,MODIS,72,6.2,300.6,101.6,D,0
-19.9963,133.8497,334.5,2.6,1.6,2014-01-23,0523,Aqua,MODIS,69,6.2,302.9,74.7,D,0
-20.0009,133.8249,344,2.6,1.6,2014-01-23,0523,Aqua,MODIS,86,6.2,303.3,142.8,D,0
-19.9499,133.8654,328.2,2.6,1.6,2014-01-23,0523,Aqua,MODIS,45,6.2,300.3,48,D,0
-19.9408,133.8376,329.9,2.6,1.6,2014-01-23,0523,Aqua,MODIS,60,6.2,298.5,56.7,D,0
-22.2103,115.47,321.3,4.4,1.9,2014-01-23,0523,Aqua,MODIS,21,6.2,296.7,79.8,D,0
-36.6625,147.7793,312,1,1,2014-01-23,1305,Terra,MODIS,84,6.2,275,13.7,N,0
-36.6641,147.768,301.1,1,1,2014-01-23,1305,Terra,MODIS,15,6.2,273.8,6.2,N,0
-33.8444,149.2671,309.1,1.1,1.1,2014-01-23,1305,Terra,MODIS,72,6.2,280.7,12.8,N,0
-36.6608,147.7906,303,1,1,2014-01-23,1305,Terra,MODIS,26,6.2,274.6,7.6,N,0
-37.5301,148.8714,309.5,1,1,2014-01-23,1305,Terra,MODIS,27,6.2,283.5,9.5,N,0
-37.4663,148.9159,337.2,1,1,2014-01-23,1305,Terra,MODIS,100,6.2,288.6,39.8,N,0
-37.2678,148.6553,319.9,1,1,2014-01-23,1305,Terra,MODIS,99,6.2,278.5,20.3,N,0
-37.1786,148.3889,311.5,1,1,2014-01-23,1305,Terra,MODIS,81,6.2,281.9,11.6,N,0
-37.2778,148.467,319.5,1,1,2014-01-23,1305,Terra,MODIS,99,6.2,279.7,18.8,N,0
-37.4937,148.9228,322.8,1,1,2014-01-23,1305,Terra,MODIS,100,6.2,288,20.9,N,0
-37.4878,146.7632,302,1,1,2014-01-23,1305,Terra,MODIS,22,6.2,271.2,7.5,N,0
-37.266,148.667,310.1,1,1,2014-01-23,1305,Terra,MODIS,79,6.2,278.9,11.7,N,0
-37.3285,148.7367,303.7,1,1,2014-01-23,1305,Terra,MODIS,15,6.2,286.5,5.8,N,0
-37.4862,146.7749,317,1,1,2014-01-23,1305,Terra,MODIS,94,6.2,271.6,18.4,N,0
-37.49,148.8853,315.7,1,1,2014-01-23,1305,Terra,MODIS,37,6.2,286,12.9,N,0
-37.204,148.4072,303.4,1,1,2014-01-23,1305,Terra,MODIS,49,6.2,279.4,6.8,N,0
-37.3665,148.6742,304.1,1,1,2014-01-23,1305,Terra,MODIS,20,6.2,285.9,6.2,N,0
-37.172,148.3817,319.8,1,1,2014-01-23,1305,Terra,MODIS,99,6.2,282,19.5,N,0
-37.4587,148.9203,308.8,1,1,2014-01-23,1305,Terra,MODIS,75,6.2,284.8,10.1,N,0
-37.4605,148.9086,312.8,1,1,2014-01-23,1305,Terra,MODIS,86,6.2,285.4,13.3,N,0
-37.4532,148.8943,302.2,1,1,2014-01-23,1305,Terra,MODIS,34,6.2,285.7,5.7,N,0
-37.1613,148.3909,313.7,1,1,2014-01-23,1305,Terra,MODIS,88,6.2,280.5,14.5,N,0
-37.3468,148.7408,323.4,1,1,2014-01-23,1305,Terra,MODIS,100,6.2,287.5,21.8,N,0
-37.163,148.3795,306.2,1,1,2014-01-23,1305,Terra,MODIS,67,6.2,279.8,8.9,N,0
-37.4992,148.8875,313.7,1,1,2014-01-23,1305,Terra,MODIS,35,6.2,286.3,11.2,N,0
-37.213,148.4095,301.6,1,1,2014-01-23,1305,Terra,MODIS,35,6.2,279.2,5.8,N,0
-37.2673,148.5356,301.9,1,1,2014-01-23,1305,Terra,MODIS,34,6.2,277.6,6.3,N,0
-37.4827,148.8713,321.6,1,1,2014-01-23,1305,Terra,MODIS,100,6.2,285.3,20.8,N,0
-37.2597,148.4624,332.3,1,1,2014-01-23,1305,Terra,MODIS,100,6.2,280.4,33.1,N,0
-37.3574,148.6719,309.4,1,1,2014-01-23,1305,Terra,MODIS,65,6.2,285.8,9.7,N,0
-37.4754,148.9182,320.6,1,1,2014-01-23,1305,Terra,MODIS,65,6.2,287.7,17.8,N,0
-37.5283,148.883,318.5,1,1,2014-01-23,1305,Terra,MODIS,84,6.2,285.2,16.8,N,0
-37.2497,148.4773,300.6,1,1,2014-01-23,1305,Terra,MODIS,15,6.2,278.1,5.2,N,0
-37.2687,148.4648,309.1,1,1,2014-01-23,1305,Terra,MODIS,37,6.2,280.2,9.8,N,0
-37.2614,148.4511,310.9,1,1,2014-01-23,1305,Terra,MODIS,74,6.2,278.2,11.3,N,0
-37.1803,148.3777,309.7,1,1,2014-01-23,1305,Terra,MODIS,44,6.2,281.6,9.9,N,0
-37.3303,148.7251,308.6,1,1,2014-01-23,1305,Terra,MODIS,69,6.2,286.4,9.1,N,0
-37.4846,148.9205,330.7,1,1,2014-01-23,1305,Terra,MODIS,100,6.2,289.5,30.2,N,0
-37.2751,148.6692,302.1,1,1,2014-01-23,1305,Terra,MODIS,46,6.2,278.5,6.9,N,0
-37.3592,148.6603,310.1,1,1,2014-01-23,1305,Terra,MODIS,70,6.2,283,10.4,N,0
-30.1794,148.7606,312.2,1.2,1.1,2014-01-23,1306,Terra,MODIS,84,6.2,281.6,17.2,N,0
-33.8328,149.2768,304.6,1.1,1.1,2014-01-23,1306,Terra,MODIS,24,6.2,279.6,9.1,N,0
-23.8552,146.4257,309.8,1.1,1.1,2014-01-23,1308,Terra,MODIS,70,6.2,296.2,7.8,N,0
-23.857,146.4145,321.3,1.1,1.1,2014-01-23,1308,Terra,MODIS,100,6.2,297.3,19.8,N,0
-23.7882,145.4567,314.7,1.1,1,2014-01-23,1308,Terra,MODIS,86,6.2,300,9.2,N,0
-22.8614,149.7811,303.4,1.9,1.3,2014-01-23,1308,Terra,MODIS,50,6.2,292.3,11.2,N,0
-23.1618,149.2723,307.7,1.7,1.3,2014-01-23,1308,Terra,MODIS,69,6.2,292.9,13.8,N,0
-23.127,149.2651,305.8,1.7,1.3,2014-01-23,1308,Terra,MODIS,60,6.2,293.4,11.2,N,0
-23.13,149.2485,304.7,1.7,1.3,2014-01-23,1308,Terra,MODIS,54,6.2,293.6,9.4,N,0
-23.1647,149.2557,307.3,1.7,1.3,2014-01-23,1308,Terra,MODIS,67,6.2,293.1,13.1,N,0
-24.588,149.0432,308.8,1.6,1.2,2014-01-23,1308,Terra,MODIS,29,6.2,290.7,15.5,N,0
-24.5857,149.052,307.6,1.6,1.2,2014-01-23,1308,Terra,MODIS,57,6.2,291.1,13.1,N,0
-23.7529,148.9948,309.7,1.6,1.3,2014-01-23,1308,Terra,MODIS,75,6.2,293.5,15.6,N,0
-23.7389,149.0084,311.3,1.6,1.3,2014-01-23,1308,Terra,MODIS,80,6.2,293.7,17.4,N,0
-23.7417,148.9925,319.4,1.6,1.3,2014-01-23,1308,Terra,MODIS,98,6.2,294,30.9,N,0
-24.8925,147.964,318,1.3,1.1,2014-01-23,1308,Terra,MODIS,94,6.2,292.3,19.9,N,0
-24.9681,148.0006,328.5,1.3,1.1,2014-01-23,1308,Terra,MODIS,100,6.2,293.6,36.9,N,0
-24.9421,147.9211,315.1,1.3,1.1,2014-01-23,1308,Terra,MODIS,60,6.2,292.5,11.9,N,0
-24.9556,148.0115,318.3,1.3,1.1,2014-01-23,1308,Terra,MODIS,88,6.2,292.7,19.9,N,0
-24.9575,148.0194,312.2,1.3,1.1,2014-01-23,1308,Terra,MODIS,38,6.2,292.5,12.6,N,0
-24.9203,147.8629,343.7,1.3,1.1,2014-01-23,1308,Terra,MODIS,100,6.2,292.8,71.2,N,0
-24.9283,147.8776,392.6,1.3,1.1,2014-01-23,1308,Terra,MODIS,100,6.2,305.2,312.9,N,0
-23.7027,146.3496,311.5,1.1,1.1,2014-01-23,1308,Terra,MODIS,43,6.2,297.5,7,N,0
-23.7009,146.3609,308.7,1.1,1.1,2014-01-23,1308,Terra,MODIS,23,6.2,297.3,5.1,N,0
-24.9837,147.9097,321.9,1.3,1.1,2014-01-23,1308,Terra,MODIS,100,6.2,293,25.9,N,0
-24.9305,147.8649,365.2,1.3,1.1,2014-01-23,1308,Terra,MODIS,100,6.2,297.5,147.2,N,0
-24.7889,147.4845,321.8,1.3,1.1,2014-01-23,1308,Terra,MODIS,100,6.2,295,23.4,N,0
-24.9218,147.9164,317.6,1.3,1.1,2014-01-23,1308,Terra,MODIS,95,6.2,292.9,17.6,N,0
-24.9181,147.8757,351.1,1.3,1.1,2014-01-23,1308,Terra,MODIS,100,6.2,294.4,93.2,N,0
-23.8475,146.4127,310.8,1.1,1.1,2014-01-23,1308,Terra,MODIS,74,6.2,296.2,8.2,N,0
-24.9239,147.9037,344.9,1.3,1.1,2014-01-23,1308,Terra,MODIS,100,6.2,296,72.7,N,0
-24.9443,147.9081,332.5,1.3,1.1,2014-01-23,1308,Terra,MODIS,100,6.2,294.2,40.5,N,0
-24.9159,147.8886,341.1,1.3,1.1,2014-01-23,1308,Terra,MODIS,100,6.2,293.4,64.6,N,0
-23.6967,146.3256,323,1.1,1.1,2014-01-23,1308,Terra,MODIS,100,6.2,298.1,19.7,N,0
-24.9319,147.9188,313.4,1.3,1.1,2014-01-23,1308,Terra,MODIS,39,6.2,292.6,10.4,N,0
-23.8457,146.4239,314.1,1.1,1.1,2014-01-23,1308,Terra,MODIS,85,6.2,296.6,11.4,N,0
-24.9363,147.8927,326,1.3,1.1,2014-01-23,1308,Terra,MODIS,100,6.2,293.6,30.6,N,0
-24.9465,147.8949,344,1.3,1.1,2014-01-23,1308,Terra,MODIS,100,6.2,295.5,69.6,N,0
-24.7349,150.9304,300.3,2.1,1.4,2014-01-23,1308,Terra,MODIS,23,6.2,288.7,10.3,N,0
-24.9735,147.9075,310.7,1.3,1.1,2014-01-23,1308,Terra,MODIS,29,6.2,292.4,10.6,N,0
-24.9049,147.9534,309.3,1.3,1.1,2014-01-23,1308,Terra,MODIS,42,6.2,292.5,9.4,N,0
-24.9859,147.8968,312.2,1.3,1.1,2014-01-23,1308,Terra,MODIS,83,6.2,292.2,13.5,N,0
-24.7909,147.4729,311.3,1.3,1.1,2014-01-23,1308,Terra,MODIS,81,6.2,294.8,10.4,N,0
-24.8879,147.9905,308,1.3,1.1,2014-01-23,1308,Terra,MODIS,69,6.2,291.7,9.3,N,0
-24.9703,147.9876,314,1.3,1.1,2014-01-23,1308,Terra,MODIS,55,6.2,292.5,14.3,N,0
-24.9341,147.906,323.6,1.3,1.1,2014-01-23,1308,Terra,MODIS,100,6.2,293.5,24.2,N,0
-24.9392,148.0016,311.5,1.3,1.1,2014-01-23,1308,Terra,MODIS,81,6.2,292.5,12.2,N,0
-24.9761,148.0161,303.8,1.3,1.1,2014-01-23,1308,Terra,MODIS,28,6.2,292,5.2,N,0
-23.7062,146.3274,319.5,1.1,1.1,2014-01-23,1308,Terra,MODIS,98,6.2,298.5,14.7,N,0
-24.9137,147.9015,324.9,1.3,1.1,2014-01-23,1308,Terra,MODIS,100,6.2,293.4,30.7,N,0
-25.5799,148.4532,303.5,1.4,1.2,2014-01-23,1308,Terra,MODIS,55,6.2,291.2,6.1,N,0
-24.9658,148.0139,315.1,1.3,1.1,2014-01-23,1308,Terra,MODIS,69,6.2,292.8,16.1,N,0
-24.9093,147.9272,317.7,1.3,1.1,2014-01-23,1308,Terra,MODIS,95,6.2,292.5,19,N,0
-24.897,147.9378,315.7,1.3,1.1,2014-01-23,1308,Terra,MODIS,91,6.2,292.3,17.5,N,0
-23.7253,146.3311,318.3,1.1,1.1,2014-01-23,1308,Terra,MODIS,96,6.2,298.1,13.5,N,0
-24.9523,147.9234,315.6,1.3,1.1,2014-01-23,1308,Terra,MODIS,75,6.2,292.8,12.1,N,0
-24.8902,147.9775,329.1,1.3,1.1,2014-01-23,1308,Terra,MODIS,100,6.2,292.6,38.7,N,0
-24.9385,147.8796,327.3,1.3,1.1,2014-01-23,1308,Terra,MODIS,100,6.2,294,33.5,N,0
-24.9545,147.9104,322.6,1.3,1.1,2014-01-23,1308,Terra,MODIS,86,6.2,293.8,22.9,N,0
-24.9783,148.0029,309.2,1.3,1.1,2014-01-23,1308,Terra,MODIS,74,6.2,292.4,10.4,N,0
-24.9597,148.0061,319.4,1.3,1.1,2014-01-23,1308,Terra,MODIS,98,6.2,293.1,21.7,N,0
-24.8948,147.9506,322.9,1.3,1.1,2014-01-23,1308,Terra,MODIS,100,6.2,292.6,27.6,N,0
-24.9071,147.9403,324,1.3,1.1,2014-01-23,1308,Terra,MODIS,100,6.2,293.4,29.1,N,0
-24.9261,147.8907,385.3,1.3,1.1,2014-01-23,1308,Terra,MODIS,100,6.2,302.2,260.1,N,0
-22.2533,149.1618,313.5,1.8,1.3,2014-01-23,1309,Terra,MODIS,14,6.2,292.3,23.1,N,0
-22.0978,149.1342,312.6,1.8,1.3,2014-01-23,1309,Terra,MODIS,83,6.2,292.9,21,N,0
-22.2587,149.1575,308.7,1.8,1.3,2014-01-23,1309,Terra,MODIS,48,6.2,291.7,17,N,0
-22.0916,149.1277,319.4,1.8,1.3,2014-01-23,1309,Terra,MODIS,98,6.2,293,34.2,N,0
-22.1031,149.1718,303.2,1.8,1.3,2014-01-23,1309,Terra,MODIS,28,6.2,292.3,8.4,N,0
-20.7344,139.4748,311.7,1.3,1.1,2014-01-23,1309,Terra,MODIS,74,6.2,301.6,9.9,N,2
-22.0829,149.1492,313.5,1.8,1.3,2014-01-23,1309,Terra,MODIS,8,6.2,292.5,21.3,N,0
-22.0798,149.1254,308.5,1.8,1.3,2014-01-23,1309,Terra,MODIS,73,6.2,292.5,16.6,N,0
-21.078,147.1679,309.1,1.4,1.2,2014-01-23,1309,Terra,MODIS,73,6.2,295.6,10.5,N,0
-22.2565,149.1448,313.1,1.8,1.3,2014-01-23,1309,Terra,MODIS,10,6.2,292.3,21.9,N,0
-22.0769,149.1423,317.4,1.8,1.3,2014-01-23,1309,Terra,MODIS,95,6.2,292.4,33.3,N,0
-22.0886,149.1445,316.8,1.8,1.3,2014-01-23,1309,Terra,MODIS,94,6.2,292.7,29.7,N,0
-22.2617,149.1407,308.3,1.8,1.3,2014-01-23,1309,Terra,MODIS,36,6.2,291.7,15.9,N,0
-22.086,149.1321,322.3,1.8,1.3,2014-01-23,1309,Terra,MODIS,95,6.2,292.9,39.5,N,0
-24.9655,148.0287,305.4,4.8,2,2014-01-23,1440,Aqua,MODIS,64,6.2,287.2,61.5,N,0
-24.9645,148.0248,305.6,4.8,2,2014-01-23,1440,Aqua,MODIS,65,6.2,287.3,62.2,N,0
-32.2541,115.7875,306.6,1.6,1.3,2014-01-23,1445,Terra,MODIS,69,6.2,295.9,10.7,N,0
-32.252,115.7938,307.9,1.6,1.3,2014-01-23,1445,Terra,MODIS,73,6.2,295.8,11.5,N,0
-24.6853,151.8034,331.4,1,1,2014-01-24,0004,Terra,MODIS,60,6.2,303.5,20.9,D,0
-24.6868,151.8133,326.5,1,1,2014-01-24,0004,Terra,MODIS,36,6.2,297.3,13.5,D,0
-21.079,147.1726,321.1,1.9,1.4,2014-01-24,0004,Terra,MODIS,41,6.2,300.5,16.4,D,0
-23.6618,151.022,321.2,1.1,1,2014-01-24,0004,Terra,MODIS,62,6.2,299.6,12,D,0
-23.7421,149.002,328.3,1.3,1.1,2014-01-24,0004,Terra,MODIS,62,6.2,302.2,19.3,D,0
-24.0244,144.422,330.6,2.6,1.6,2014-01-24,0005,Terra,MODIS,74,6.2,289.1,82.9,D,0
-24.0283,144.4151,338.3,2.6,1.6,2014-01-24,0005,Terra,MODIS,84,6.2,287.1,129.7,D,0
-24.9242,147.8944,330.8,1.5,1.2,2014-01-24,0005,Terra,MODIS,54,6.2,303,26.4,D,0
-24.9481,147.9041,333.5,1.5,1.2,2014-01-24,0005,Terra,MODIS,57,6.2,302.6,29.5,D,0
-24.9701,147.84,366.6,1.5,1.2,2014-01-24,0005,Terra,MODIS,100,6.2,298.1,168.6,D,0
-24.8914,147.982,328.8,1.4,1.2,2014-01-24,0005,Terra,MODIS,58,6.2,301,24.2,D,0
-24.9788,148.0153,329.4,1.4,1.2,2014-01-24,0005,Terra,MODIS,70,6.2,300.6,25,D,0
-24.9587,147.9016,330.4,1.5,1.2,2014-01-24,0005,Terra,MODIS,38,6.2,301.1,26,D,0
-24.8889,147.9678,326.6,1.5,1.2,2014-01-24,0005,Terra,MODIS,40,6.2,301.5,19.3,D,0
-24.9675,147.8254,380.6,1.5,1.2,2014-01-24,0005,Terra,MODIS,100,6.2,300.7,258.7,D,0
-24.9512,147.8588,345.5,1.5,1.2,2014-01-24,0005,Terra,MODIS,91,6.2,302.9,69.9,D,0
-24.9567,147.8274,366.5,1.5,1.2,2014-01-24,0005,Terra,MODIS,100,6.2,304.6,165.6,D,0
-24.9537,147.8734,337.2,1.5,1.2,2014-01-24,0005,Terra,MODIS,84,6.2,299.8,45,D,0
-24.9374,147.9063,334.6,1.5,1.2,2014-01-24,0005,Terra,MODIS,75,6.2,303.6,30.9,D,0
-24.943,147.8757,333.7,1.5,1.2,2014-01-24,0005,Terra,MODIS,78,6.2,301.5,33.3,D,0
-24.9576,148.02,331,1.4,1.2,2014-01-24,0005,Terra,MODIS,63,6.2,301.2,27.2,D,0
-24.9324,147.878,327.5,1.5,1.2,2014-01-24,0005,Terra,MODIS,55,6.2,303.2,18.5,D,0
-24.9619,147.8566,327.9,1.5,1.2,2014-01-24,0005,Terra,MODIS,57,6.2,298.5,27,D,0
-24.9682,148.0177,329.5,1.4,1.2,2014-01-24,0005,Terra,MODIS,68,6.2,301,24.3,D,0
-24.9696,147.8184,325.6,1.5,1.2,2014-01-24,0005,Terra,MODIS,65,6.2,297.6,25.4,D,0
-24.9763,148.0013,345.7,1.4,1.2,2014-01-24,0005,Terra,MODIS,91,6.2,300.8,69,D,0
-24.9456,147.89,332.8,1.5,1.2,2014-01-24,0005,Terra,MODIS,64,6.2,299.4,29.7,D,0
-24.9471,148.0224,332.4,1.4,1.2,2014-01-24,0005,Terra,MODIS,72,6.2,301.1,31.7,D,0
-24.9593,147.8422,369.3,1.5,1.2,2014-01-24,0005,Terra,MODIS,100,6.2,300.9,180.2,D,0
-24.9486,147.8442,352.4,1.5,1.2,2014-01-24,0005,Terra,MODIS,95,6.2,304.2,94.1,D,0
-24.9349,147.8923,351.2,1.5,1.2,2014-01-24,0005,Terra,MODIS,95,6.2,303.1,85.3,D,0
-24.9722,147.8329,356.1,1.5,1.2,2014-01-24,0005,Terra,MODIS,97,6.2,297,118.6,D,0
-34.9323,140.6938,367.4,1.2,1.1,2014-01-24,0424,Aqua,MODIS,100,6.2,301.3,118,D,0
-23.7448,148.9904,329.9,2.7,1.6,2014-01-24,0426,Aqua,MODIS,37,6.2,298.4,58.2,D,0
-24.0307,144.4093,344.1,1.3,1.1,2014-01-24,0427,Aqua,MODIS,85,6.2,286.3,51.6,D,0
-24.0328,144.3967,346.2,1.3,1.1,2014-01-24,0427,Aqua,MODIS,88,6.2,283.2,58.7,D,0
-23.7942,145.4621,341.5,1.5,1.2,2014-01-24,0427,Aqua,MODIS,83,6.2,303,44.9,D,0
-23.7913,145.4709,337.8,1.5,1.2,2014-01-24,0427,Aqua,MODIS,55,6.2,306.6,31.9,D,0
-23.1648,149.2657,325.8,2.9,1.6,2014-01-24,0427,Aqua,MODIS,37,6.2,298.9,38,D,0
-23.1719,149.2461,328.4,2.9,1.6,2014-01-24,0427,Aqua,MODIS,64,6.2,298,50.6,D,0
-23.6429,145.4638,346.2,1.5,1.2,2014-01-24,0427,Aqua,MODIS,88,6.2,311.3,45.6,D,0
-22.2675,149.1424,349,3,1.6,2014-01-24,0427,Aqua,MODIS,91,6.2,302.8,212.7,D,0
-21.089,147.2193,350.5,2.3,1.5,2014-01-24,0427,Aqua,MODIS,92,6.2,304.5,150.8,D,0
-22.2618,149.1701,333.1,3,1.6,2014-01-24,0427,Aqua,MODIS,64,6.2,301.2,88.7,D,0
-21.0763,147.2344,332.2,2.3,1.5,2014-01-24,0427,Aqua,MODIS,54,6.2,303.6,42.9,D,0
-22.2615,149.1622,333.4,3,1.6,2014-01-24,0427,Aqua,MODIS,67,6.2,302,89.6,D,0
-22.0819,149.1449,329.7,3,1.6,2014-01-24,0427,Aqua,MODIS,39,6.2,297.4,74.5,D,0
-21.0718,147.2384,330.1,2.3,1.5,2014-01-24,0427,Aqua,MODIS,37,6.2,305.3,34.8,D,0
-21.0803,147.2126,343,2.3,1.5,2014-01-24,0427,Aqua,MODIS,85,6.2,298.9,98.9,D,0
-22.267,149.1343,349.2,3,1.6,2014-01-24,0427,Aqua,MODIS,91,6.2,302.8,214.2,D,0
-22.2732,149.1147,334.1,2.9,1.6,2014-01-24,0427,Aqua,MODIS,67,6.2,300.8,80.9,D,0
-22.2587,149.1109,329.6,2.9,1.6,2014-01-24,0427,Aqua,MODIS,32,6.2,303.8,47.5,D,0
-22.253,149.1384,336.4,3,1.6,2014-01-24,0427,Aqua,MODIS,69,6.2,304,99.8,D,0
-22.2525,149.1304,337.2,3,1.6,2014-01-24,0427,Aqua,MODIS,76,6.2,304.1,106.2,D,0
-22.282,149.1459,333.2,3,1.6,2014-01-24,0427,Aqua,MODIS,67,6.2,299.7,85.2,D,0
-22.276,149.1658,334.8,3,1.6,2014-01-24,0427,Aqua,MODIS,71,6.2,300.5,103.1,D,0
-18.6644,141.1101,333.4,1.1,1,2014-01-24,0428,Aqua,MODIS,25,6.2,305.9,17.8,D,0
-18.9562,135.2108,336.8,1.5,1.2,2014-01-24,0428,Aqua,MODIS,67,6.2,300.2,49.3,D,0
-17.1505,132.8987,317.6,2.1,1.4,2014-01-24,0429,Aqua,MODIS,33,6.2,295.8,25.2,D,0
-16.1242,133.2308,318.1,1.9,1.3,2014-01-24,0429,Aqua,MODIS,26,6.2,296.2,25.2,D,0
-32.0662,115.9099,326.2,1.1,1,2014-01-24,0604,Aqua,MODIS,64,6.2,306,6.5,D,0
-22.2667,149.1434,310.1,2.8,1.6,2014-01-24,1213,Terra,MODIS,79,6.2,290,34.8,N,0
-22.2641,149.1712,309.9,2.8,1.6,2014-01-24,1213,Terra,MODIS,79,6.2,290,33.9,N,0
-22.2786,149.1722,305.7,2.8,1.6,2014-01-24,1213,Terra,MODIS,20,6.2,290.2,20.9,N,0
-22.2618,149.1653,309.6,2.8,1.6,2014-01-24,1213,Terra,MODIS,46,6.2,289.8,31.5,N,0
-24.6855,151.8114,300.9,1.9,1.4,2014-01-24,1213,Terra,MODIS,35,6.2,288.6,8.4,N,0
-22.2811,149.1449,320.5,2.8,1.6,2014-01-24,1213,Terra,MODIS,100,6.2,290.5,72.8,N,0
-21.0887,147.2041,304.2,3.8,1.8,2014-01-24,1214,Terra,MODIS,54,6.2,290.4,22.4,N,0
-21.0822,147.1967,305.6,3.8,1.8,2014-01-24,1214,Terra,MODIS,61,6.2,290.4,29.5,N,0
-33.014,137.5907,309.7,1.1,1,2014-01-24,1349,Terra,MODIS,78,6.2,291,10.8,N,2
-19.5645,134.5237,306.7,1.1,1.1,2014-01-24,1353,Terra,MODIS,54,6.2,296.5,4.4,N,0
-22.2657,149.1655,312.5,1,1,2014-01-24,1522,Aqua,MODIS,59,6.2,292.5,8.8,N,0
-22.2582,149.1768,309.3,1,1,2014-01-24,1522,Aqua,MODIS,77,6.2,292,7.5,N,0
-22.2733,149.1541,311.3,1,1,2014-01-24,1522,Aqua,MODIS,15,6.2,292.6,7.7,N,0
-22.2747,149.1639,324.2,1,1,2014-01-24,1522,Aqua,MODIS,100,6.2,293.4,19.9,N,0
-22.2823,149.1525,314.9,1,1,2014-01-24,1522,Aqua,MODIS,89,6.2,292.9,11.3,N,0
-21.4886,148.9668,301.5,1,1,2014-01-24,1522,Aqua,MODIS,41,6.2,290.4,4.5,N,0
-23.8371,146.4266,307.3,1.2,1.1,2014-01-24,1523,Aqua,MODIS,66,6.2,295.1,6.3,N,0
-24.9697,147.8227,304.3,1,1,2014-01-24,1523,Aqua,MODIS,59,6.2,291.5,5.3,N,0
-24.8834,147.9674,339.4,1,1,2014-01-24,1523,Aqua,MODIS,100,6.2,292.6,43,N,0
-24.8758,147.9794,302.7,1,1,2014-01-24,1523,Aqua,MODIS,24,6.2,291.1,3.6,N,0
-24.8989,148.0065,302.4,1,1,2014-01-24,1523,Aqua,MODIS,37,6.2,291.1,3.8,N,0
-24.885,147.9776,320.9,1,1,2014-01-24,1523,Aqua,MODIS,100,6.2,292.1,17.9,N,0
-24.9869,147.8721,325.5,1,1,2014-01-24,1523,Aqua,MODIS,100,6.2,293.2,22.2,N,0
-24.7806,147.4945,303.8,1.1,1,2014-01-24,1523,Aqua,MODIS,57,6.2,293,3.7,N,0
-23.847,146.4248,310.5,1.2,1.1,2014-01-24,1523,Aqua,MODIS,77,6.2,295.3,8.8,N,0
-24.7374,150.9353,303.7,1.1,1,2014-01-24,1523,Aqua,MODIS,56,6.2,290.6,5.3,N,0
-24.9746,147.8535,304.1,1,1,2014-01-24,1523,Aqua,MODIS,59,6.2,291.6,4.7,N,0
-24.7359,150.9249,301.3,1.1,1,2014-01-24,1523,Aqua,MODIS,30,6.2,290.3,3.8,N,0
-24.9778,147.8739,316.2,1,1,2014-01-24,1523,Aqua,MODIS,67,6.2,292.4,12.5,N,0
-25.0165,147.9404,302.7,1,1,2014-01-24,1523,Aqua,MODIS,51,6.2,291.6,4.2,N,0
-24.9617,147.8827,315.7,1,1,2014-01-24,1523,Aqua,MODIS,83,6.2,292.6,9.9,N,0
-23.849,146.4365,311.8,1.2,1.1,2014-01-24,1523,Aqua,MODIS,81,6.2,295.4,10.1,N,0
-24.973,147.8432,310.9,1,1,2014-01-24,1523,Aqua,MODIS,81,6.2,292.1,9.4,N,0
-24.9585,147.8622,312.8,1,1,2014-01-24,1523,Aqua,MODIS,26,6.2,291.7,7.4,N,0
-24.9713,147.833,301.8,1,1,2014-01-24,1523,Aqua,MODIS,36,6.2,291.5,3.3,N,0
-24.9762,147.8636,315.6,1,1,2014-01-24,1523,Aqua,MODIS,90,6.2,291.7,12.5,N,0
-25.0101,147.8994,314.2,1,1,2014-01-24,1523,Aqua,MODIS,67,6.2,292.3,10.8,N,0
-24.9853,147.862,315.1,1,1,2014-01-24,1523,Aqua,MODIS,58,6.2,292.2,11.8,N,0
-23.8588,146.4346,307.2,1.2,1.1,2014-01-24,1523,Aqua,MODIS,65,6.2,295.3,6,N,0
-23.8569,146.4229,311,1.2,1.1,2014-01-24,1523,Aqua,MODIS,79,6.2,295.4,9.7,N,0
-23.7733,145.463,316.3,1.4,1.2,2014-01-24,1523,Aqua,MODIS,93,6.2,297.2,17.4,N,0
-23.7837,145.4609,322,1.4,1.2,2014-01-24,1523,Aqua,MODIS,100,6.2,297.4,25.4,N,0
-23.7861,145.4744,317.5,1.4,1.2,2014-01-24,1523,Aqua,MODIS,95,6.2,297.2,18.3,N,0
-23.1638,149.2586,306.4,1,1,2014-01-24,1523,Aqua,MODIS,51,6.2,291,6,N,0
-23.1653,149.2684,305,1,1,2014-01-24,1523,Aqua,MODIS,38,6.2,291.2,5.2,N,0
-23.634,145.4762,306.6,1.4,1.2,2014-01-24,1523,Aqua,MODIS,66,6.2,296.5,6.7,N,0
-23.7331,149.0013,319.4,1,1,2014-01-24,1523,Aqua,MODIS,98,6.2,293.6,14.9,N,0
-23.7497,148.9883,308.8,1,1,2014-01-24,1523,Aqua,MODIS,7,6.2,293.5,5.9,N,0
-18.3357,144.7754,317.3,1.1,1,2014-01-25,0046,Terra,MODIS,26,6.2,296.5,9.1,D,0
-17.0721,143.8403,314.1,1,1,2014-01-25,0046,Terra,MODIS,8,6.2,288.7,5.5,D,0
-21.0761,147.2197,332.4,1.6,1.2,2014-01-25,0047,Terra,MODIS,77,6.2,302.3,31.4,D,0
-22.2619,149.1736,327.9,2.2,1.4,2014-01-25,0047,Terra,MODIS,32,6.2,300.2,37.7,D,0
-22.2834,149.1435,327.1,2.2,1.4,2014-01-25,0047,Terra,MODIS,53,6.2,299,31.7,D,0
-21.086,147.1976,327.4,1.6,1.2,2014-01-25,0047,Terra,MODIS,62,6.2,302.1,18.9,D,0
-22.275,149.1725,335,2.2,1.4,2014-01-25,0047,Terra,MODIS,77,6.2,299.5,67.9,D,0
-21.0766,147.2138,327.7,1.6,1.2,2014-01-25,0047,Terra,MODIS,66,6.2,302,20.4,D,0
-22.2855,149.165,328.4,2.2,1.4,2014-01-25,0047,Terra,MODIS,65,6.2,299,41.3,D,0
-22.2858,149.1497,331.2,2.2,1.4,2014-01-25,0047,Terra,MODIS,69,6.2,299.2,47.4,D,0
-21.0854,147.2035,326.3,1.6,1.2,2014-01-25,0047,Terra,MODIS,59,6.2,302.4,17.2,D,0
-23.1764,149.2557,321.4,2.3,1.5,2014-01-25,0047,Terra,MODIS,65,6.2,295.9,21,D,0
-19.6132,134.5311,324.8,2.8,1.6,2014-01-25,0047,Terra,MODIS,50,6.2,297.8,38,D,0
-31.8155,145.8167,332.3,1.7,1.3,2014-01-25,0049,Terra,MODIS,79,6.2,312.4,35,D,0
-30.0854,148.1396,323.7,2.4,1.5,2014-01-25,0049,Terra,MODIS,71,6.2,309.6,24.6,D,0
-28.4396,113.731,313.2,1.1,1,2014-01-25,0228,Terra,MODIS,57,6.2,298.9,10.9,D,3
-22.287,149.1315,339.6,1.7,1.3,2014-01-25,0332,Aqua,MODIS,44,6.2,302.4,48.7,D,0
-21.0919,147.1916,334,2.2,1.4,2014-01-25,0332,Aqua,MODIS,74,6.2,301.5,52.5,D,0
-22.2967,149.149,342.6,1.7,1.3,2014-01-25,0332,Aqua,MODIS,51,6.2,300.1,68.9,D,0
-22.288,149.1426,353.2,1.7,1.3,2014-01-25,0332,Aqua,MODIS,87,6.2,304.4,116,D,0
-22.2852,149.1478,356.6,1.7,1.3,2014-01-25,0332,Aqua,MODIS,74,6.2,301.3,129,D,0
-21.0766,147.2114,380.4,2.2,1.4,2014-01-25,0332,Aqua,MODIS,100,6.2,299.9,435.2,D,0
-21.0744,147.2324,344.6,2.2,1.4,2014-01-25,0332,Aqua,MODIS,89,6.2,302.3,105.6,D,0
-22.8949,150.0835,329.8,1.5,1.2,2014-01-25,0332,Aqua,MODIS,39,6.2,300.6,22,D,0
-18.3117,144.7646,322,3.1,1.7,2014-01-25,0333,Aqua,MODIS,37,6.2,298.3,33.3,D,0
-34.8904,140.6321,334.7,2.1,1.4,2014-01-25,0507,Aqua,MODIS,66,6.2,317.5,49,D,0
-34.8701,140.601,352.5,2.1,1.4,2014-01-25,0507,Aqua,MODIS,95,6.2,308.8,160.4,D,0
-34.8827,140.6051,363.8,2.1,1.4,2014-01-25,0507,Aqua,MODIS,100,6.2,315.7,242.3,D,0
-34.8778,140.6281,344,2.1,1.4,2014-01-25,0507,Aqua,MODIS,85,6.2,316.7,98,D,0
-34.8953,140.609,336,2.1,1.4,2014-01-25,0507,Aqua,MODIS,58,6.2,315.3,58.3,D,0
-35.0049,140.5266,358.8,2.1,1.4,2014-01-25,0507,Aqua,MODIS,99,6.2,311.3,196.2,D,0
-35.0001,140.5492,345.8,2.1,1.4,2014-01-25,0507,Aqua,MODIS,91,6.2,308.7,116,D,0
-35.0221,140.5079,363.4,2.1,1.4,2014-01-25,0507,Aqua,MODIS,100,6.2,320.5,218.7,D,0
-35.0173,140.5306,393.6,2.1,1.4,2014-01-25,0507,Aqua,MODIS,100,6.2,324.2,584.6,D,0
-35.0126,140.5533,397.2,2.1,1.4,2014-01-25,0507,Aqua,MODIS,100,6.2,322.7,652.4,D,0
-35.0079,140.5761,342.1,2.1,1.4,2014-01-25,0507,Aqua,MODIS,87,6.2,311.3,93.4,D,0
-35.0294,140.5422,345.5,2.1,1.4,2014-01-25,0507,Aqua,MODIS,90,6.2,316.3,98.1,D,0
-35.0121,140.5609,391.7,2.1,1.4,2014-01-25,0507,Aqua,MODIS,100,6.2,319.2,561.4,D,0
-35.0246,140.5649,372.7,2.1,1.4,2014-01-25,0507,Aqua,MODIS,100,6.2,318.9,321.2,D,0
-35.0197,140.5876,325.8,2.1,1.4,2014-01-25,0507,Aqua,MODIS,40,6.2,312.5,21.9,D,0
-35.0169,140.5382,399.8,2.1,1.4,2014-01-25,0507,Aqua,MODIS,100,6.2,324.9,681.8,D,0
-35.0218,140.5156,381.7,2.1,1.4,2014-01-25,0507,Aqua,MODIS,100,6.2,322,407.9,D,0
-35.0267,140.493,331.1,2.1,1.4,2014-01-25,0507,Aqua,MODIS,39,6.2,317.2,21.8,D,0
-35.0204,140.5801,342.2,2.1,1.4,2014-01-25,0507,Aqua,MODIS,88,6.2,313.3,91.1,D,0
-35.0251,140.5574,375.5,2.1,1.4,2014-01-25,0507,Aqua,MODIS,100,6.2,319.9,349.1,D,0
-35.0298,140.5346,338.1,2.1,1.4,2014-01-25,0507,Aqua,MODIS,84,6.2,314.5,59.3,D,0
-24.9416,113.1283,311,2.4,1.5,2014-01-25,0648,Aqua,MODIS,29,6.2,298.8,26.3,D,3
-36.1968,149.568,300.6,1,1,2014-01-25,1253,Terra,MODIS,30,6.2,283.3,6.8,N,0
-30.1946,149.1144,323.7,1,1,2014-01-25,1254,Terra,MODIS,100,6.2,294.5,20.7,N,0
-30.2036,149.1162,307.3,1,1,2014-01-25,1254,Terra,MODIS,71,6.2,293.7,7,N,0
-30.2051,149.1058,346.8,1,1,2014-01-25,1254,Terra,MODIS,100,6.2,295.9,55.5,N,0
-30.1961,149.104,346.6,1,1,2014-01-25,1254,Terra,MODIS,100,6.2,295.6,54.8,N,0
-22.2935,149.1641,311.4,1.2,1.1,2014-01-25,1256,Terra,MODIS,9,6.2,285.2,13,N,0
-22.2839,149.1623,305.6,1.2,1.1,2014-01-25,1256,Terra,MODIS,33,6.2,276.8,8.4,N,0
-30.1992,149.1414,305,4.8,2,2014-01-25,1429,Aqua,MODIS,63,6.2,291.4,67.8,N,0
-30.1942,149.1348,305.7,4.8,2,2014-01-25,1430,Aqua,MODIS,65,6.2,291.6,71.1,N,0
-30.8632,121.4909,300.2,1.1,1.1,2014-01-25,1433,Terra,MODIS,11,6.2,288.4,6.3,N,2
-21.4608,128.7122,304.5,4,1.9,2014-01-25,1606,Aqua,MODIS,26,6.2,288.3,39.4,N,0
-30.2037,149.1272,300.7,4.5,2,2014-01-25,1607,Aqua,MODIS,32,6.2,289.8,42.4,N,0
-33.1099,138.1427,328.9,1.1,1,2014-01-25,1608,Aqua,MODIS,100,6.2,292.7,30.9,N,0
-33.1143,138.1354,318.6,1.1,1,2014-01-25,1608,Aqua,MODIS,97,6.2,292.6,19.2,N,0
-33.1157,138.1465,311,1.1,1,2014-01-25,1608,Aqua,MODIS,82,6.2,291.8,12.5,N,0
-33.1084,138.1317,309.7,1.1,1,2014-01-25,1608,Aqua,MODIS,78,6.2,292.5,10.8,N,0
-24.7255,150.9256,332.7,1.5,1.2,2014-01-25,2352,Terra,MODIS,83,6.2,301.7,39.6,D,0
-23.8124,150.9948,319.1,1.5,1.2,2014-01-25,2352,Terra,MODIS,61,6.2,297.5,12.1,D,0
-36.2004,149.5753,309.3,1.2,1.1,2014-01-25,2355,Terra,MODIS,52,6.2,290.5,10.7,D,0
-19.6182,135.3319,326.9,1.3,1.1,2014-01-26,0129,Terra,MODIS,61,6.2,286.2,23.2,D,0
-19.6198,135.344,329.8,1.3,1.1,2014-01-26,0129,Terra,MODIS,70,6.2,286.8,27.1,D,0
-19.6785,127.2546,342,1.6,1.2,2014-01-26,0130,Terra,MODIS,89,6.2,298.8,61.8,D,0
-19.6808,127.2626,330.4,1.6,1.2,2014-01-26,0130,Terra,MODIS,79,6.2,298.3,28.4,D,0
-19.6782,127.2479,335.9,1.6,1.2,2014-01-26,0130,Terra,MODIS,84,6.2,297.5,43.5,D,0
-23.3686,124.2103,330.5,2.2,1.4,2014-01-26,0131,Terra,MODIS,76,6.2,299.9,38,D,0
-23.3667,124.2038,333.9,2.2,1.4,2014-01-26,0131,Terra,MODIS,80,6.2,300,53.7,D,0
-23.3646,124.1892,328.4,2.2,1.4,2014-01-26,0131,Terra,MODIS,72,6.2,299.7,29.8,D,0
-23.3518,124.192,357.2,2.2,1.4,2014-01-26,0131,Terra,MODIS,98,6.2,301,193.8,D,0
-23.3497,124.1856,347.5,2.2,1.4,2014-01-26,0131,Terra,MODIS,92,6.2,300.5,124.4,D,0
-23.3539,124.2066,339.7,2.2,1.4,2014-01-26,0131,Terra,MODIS,86,6.2,300.5,80,D,0
-23.3559,124.2132,329.5,2.2,1.4,2014-01-26,0131,Terra,MODIS,74,6.2,300,35.1,D,0
-22.9794,125.0086,326.7,1.9,1.4,2014-01-26,0131,Terra,MODIS,67,6.2,300,32.5,D,0
-22.988,124.9874,337.8,1.9,1.4,2014-01-26,0131,Terra,MODIS,84,6.2,297.7,72.7,D,0
-22.9951,125.0248,329.5,1.9,1.4,2014-01-26,0131,Terra,MODIS,73,6.2,299.6,36.7,D,0
-22.9915,125.006,373.7,1.9,1.4,2014-01-26,0131,Terra,MODIS,100,6.2,301,305.6,D,0
-34.9486,140.5847,327,4.4,1.9,2014-01-26,0133,Terra,MODIS,53,6.2,312.9,55.3,D,0
-34.9485,140.5895,326.7,4.4,1.9,2014-01-26,0133,Terra,MODIS,51,6.2,313.2,53,D,0
-36.1936,149.5704,328.1,1.1,1,2014-01-26,0411,Aqua,MODIS,80,6.2,297.3,27.2,D,0
-36.203,149.5727,327.7,1.1,1,2014-01-26,0411,Aqua,MODIS,79,6.2,297.5,26.5,D,0
-38.1031,145.1524,320.5,1.1,1,2014-01-26,0411,Aqua,MODIS,12,6.2,307.2,7.7,D,0
-38.1015,145.1651,321.5,1.1,1,2014-01-26,0411,Aqua,MODIS,34,6.2,306.7,8.7,D,0
-33.1131,138.1266,346.4,2.4,1.5,2014-01-26,0412,Aqua,MODIS,89,6.2,314.7,139.3,D,0
-33.1234,138.1075,339,2.4,1.5,2014-01-26,0412,Aqua,MODIS,77,6.2,315.4,93.2,D,0
-33.1212,138.135,357.1,2.4,1.5,2014-01-26,0412,Aqua,MODIS,98,6.2,312.5,224.4,D,0
-34.8827,140.608,341.1,1.7,1.3,2014-01-26,0412,Aqua,MODIS,67,6.2,321.6,41.9,D,0
-34.871,140.6064,390.3,1.7,1.3,2014-01-26,0412,Aqua,MODIS,100,6.2,327.8,377.6,D,0
-34.8727,140.5874,389.7,1.7,1.3,2014-01-26,0412,Aqua,MODIS,100,6.2,325.1,372.8,D,0
-34.9682,140.5814,347,1.7,1.3,2014-01-26,0412,Aqua,MODIS,68,6.2,313.3,72.9,D,0
-34.9528,140.5648,364.5,1.7,1.3,2014-01-26,0412,Aqua,MODIS,100,6.2,320.5,173,D,0
-34.9565,140.5798,403.4,1.7,1.3,2014-01-26,0412,Aqua,MODIS,100,6.2,327.3,557.6,D,0
-30.5533,150.5324,385.5,1.5,1.2,2014-01-26,0412,Aqua,MODIS,94,6.2,307.3,289.8,D,0
-30.5504,150.5489,368.3,1.5,1.2,2014-01-26,0412,Aqua,MODIS,94,6.2,312.3,166.1,D,0
-30.5549,150.5403,413.4,1.5,1.2,2014-01-26,0412,Aqua,MODIS,94,6.2,314.5,596,D,0
-34.906,140.6113,408.4,1.7,1.3,2014-01-26,0412,Aqua,MODIS,100,6.2,321.1,622.1,D,0
-34.8908,140.6476,368.1,1.7,1.3,2014-01-26,0412,Aqua,MODIS,100,6.2,323.5,179.7,D,0
-34.9584,140.5606,372.3,1.7,1.3,2014-01-26,0412,Aqua,MODIS,100,6.2,323,227.6,D,0
-34.9043,140.6303,364,1.7,1.3,2014-01-26,0412,Aqua,MODIS,100,6.2,321.9,155,D,0
-34.8926,140.6287,383.5,1.7,1.3,2014-01-26,0412,Aqua,MODIS,100,6.2,327.7,311,D,0
-34.8943,140.6096,394.6,1.7,1.3,2014-01-26,0412,Aqua,MODIS,100,6.2,328.6,433.9,D,0
-34.9511,140.5839,370.2,1.7,1.3,2014-01-26,0412,Aqua,MODIS,100,6.2,320.1,207.2,D,0
-34.9646,140.5664,389.8,1.7,1.3,2014-01-26,0412,Aqua,MODIS,100,6.2,319.2,396.1,D,0
-34.9628,140.5856,373.2,1.7,1.3,2014-01-26,0412,Aqua,MODIS,100,6.2,320.4,231.2,D,0
-35.0097,140.592,344.9,1.7,1.3,2014-01-26,0412,Aqua,MODIS,71,6.2,317.5,73.1,D,0
-34.8753,140.6,385.8,1.7,1.3,2014-01-26,0412,Aqua,MODIS,100,6.2,324.5,331.9,D,0
-34.8771,140.581,344.3,1.7,1.3,2014-01-26,0412,Aqua,MODIS,77,6.2,317.6,49.7,D,0
-34.8636,140.5984,370,1.7,1.3,2014-01-26,0412,Aqua,MODIS,100,6.2,327.1,197,D,0
-25.0091,147.9544,341.8,1.3,1.1,2014-01-26,0414,Aqua,MODIS,65,6.2,306.2,42.2,D,0
-24.9966,147.9653,343,1.3,1.1,2014-01-26,0414,Aqua,MODIS,75,6.2,303.9,46.3,D,0
-25.0146,147.8612,334.5,1.3,1.1,2014-01-26,0414,Aqua,MODIS,63,6.2,296.9,30.6,D,0
-25.0158,147.9155,333.6,1.3,1.1,2014-01-26,0414,Aqua,MODIS,39,6.2,304.5,26.7,D,0
-25.0105,147.8412,364.9,1.3,1.1,2014-01-26,0414,Aqua,MODIS,94,6.2,303.1,130.3,D,0
-25.0044,147.8591,348.3,1.3,1.1,2014-01-26,0414,Aqua,MODIS,87,6.2,306.5,65,D,0
-25.0136,147.9283,341.5,1.3,1.1,2014-01-26,0414,Aqua,MODIS,87,6.2,302.9,43.4,D,0
-24.9801,147.8346,339.7,1.3,1.1,2014-01-26,0414,Aqua,MODIS,86,6.2,300.4,43.9,D,0
-25.0247,147.8634,341.8,1.3,1.1,2014-01-26,0414,Aqua,MODIS,82,6.2,303.1,48.6,D,0
-25.0084,147.8542,357.5,1.3,1.1,2014-01-26,0414,Aqua,MODIS,98,6.2,306.3,97.3,D,0
-25.0088,147.8332,335.9,1.3,1.1,2014-01-26,0414,Aqua,MODIS,76,6.2,289.8,39.6,D,0
-24.9989,147.952,383.1,1.3,1.1,2014-01-26,0414,Aqua,MODIS,100,6.2,308.7,225.7,D,0
-25.0114,147.9413,336.3,1.3,1.1,2014-01-26,0414,Aqua,MODIS,56,6.2,301.2,28.6,D,0
-24.9881,147.8497,338.1,1.3,1.1,2014-01-26,0414,Aqua,MODIS,85,6.2,303.1,39.7,D,0
-24.9683,147.9672,338.1,1.3,1.1,2014-01-26,0414,Aqua,MODIS,69,6.2,304.9,35.4,D,0
-24.9982,147.8521,362.3,1.3,1.1,2014-01-26,0414,Aqua,MODIS,100,6.2,305.3,116.5,D,0
-25.0168,147.8482,334.5,1.3,1.1,2014-01-26,0414,Aqua,MODIS,46,6.2,301.4,33.3,D,0
-25.0066,147.846,393.5,1.3,1.1,2014-01-26,0414,Aqua,MODIS,100,6.2,306,304.2,D,0
-24.9559,147.9781,334.7,1.3,1.1,2014-01-26,0414,Aqua,MODIS,72,6.2,307.8,25.5,D,0
-24.1575,136.8263,330.2,2.2,1.5,2014-01-26,0415,Aqua,MODIS,33,6.2,304.7,42.3,D,0
-23.2436,137.7617,331.7,1.9,1.3,2014-01-26,0415,Aqua,MODIS,25,6.2,304.9,44.1,D,0
-22.983,125.0075,331.2,1.9,1.3,2014-01-26,0553,Aqua,MODIS,25,6.2,303.4,37.3,D,0
-22.995,125.0101,335.8,1.9,1.3,2014-01-26,0553,Aqua,MODIS,73,6.2,305.6,52.9,D,0
-22.9984,124.9918,332.7,1.9,1.3,2014-01-26,0553,Aqua,MODIS,42,6.2,303.5,40.9,D,0
-23.3941,124.1588,380.8,1.6,1.3,2014-01-26,0553,Aqua,MODIS,87,6.2,294.9,282.3,D,0
-21.8764,117.2365,337.1,1,1,2014-01-26,0554,Aqua,MODIS,68,6.2,312.6,12.4,D,0
-21.7855,117.226,341.1,1,1,2014-01-26,0554,Aqua,MODIS,69,6.2,316.2,20.4,D,0
-21.7869,117.2159,341.1,1,1,2014-01-26,0554,Aqua,MODIS,52,6.2,315.7,22.8,D,0
-21.7769,117.3583,339,1,1,2014-01-26,0554,Aqua,MODIS,78,6.2,312,15.4,D,0
-33.1281,138.1283,309.5,1,1,2014-01-26,1337,Terra,MODIS,13,6.2,296.2,7.2,N,0
-33.1176,138.1373,348.6,1,1,2014-01-26,1337,Terra,MODIS,100,6.2,299.4,57.4,N,0
-33.1191,138.1265,339.3,1,1,2014-01-26,1337,Terra,MODIS,100,6.2,298,40.3,N,0
-33.107,138.1464,309.7,1,1,2014-01-26,1337,Terra,MODIS,36,6.2,295.8,7.3,N,0
-33.1085,138.1355,311.8,1,1,2014-01-26,1337,Terra,MODIS,83,6.2,296.5,8.9,N,0
-25.0175,147.851,308.4,4.3,1.9,2014-01-26,1338,Terra,MODIS,54,6.2,290.4,61.9,N,0
-24.998,147.9368,314.8,4.4,1.9,2014-01-26,1338,Terra,MODIS,84,6.2,290.8,100.1,N,0
-25.0346,147.8553,315.5,4.3,1.9,2014-01-26,1338,Terra,MODIS,85,6.2,291,105.2,N,0
-24.9882,147.9723,306.7,4.4,1.9,2014-01-26,1338,Terra,MODIS,54,6.2,289.9,55.6,N,0
-25.0167,147.8436,306.5,4.3,1.9,2014-01-26,1338,Terra,MODIS,36,6.2,290.3,50.6,N,0
-24.9977,147.9296,314,4.4,1.9,2014-01-26,1338,Terra,MODIS,88,6.2,290.9,94,N,0
-25.0338,147.848,317.6,4.3,1.9,2014-01-26,1338,Terra,MODIS,95,6.2,291.1,119.1,N,0
-20.7335,139.4784,318.5,1.4,1.2,2014-01-26,1340,Terra,MODIS,97,6.2,291.9,23.9,N,2
-19.4935,127.092,300.4,2.8,1.6,2014-01-26,1341,Terra,MODIS,9,6.2,273,11.9,N,0
-19.488,127.1128,304.2,2.8,1.6,2014-01-26,1341,Terra,MODIS,33,6.2,280.3,23.5,N,0
-24.9682,148.0312,305.3,1.4,1.2,2014-01-26,1511,Aqua,MODIS,31,6.2,290.5,11.6,N,0
-25.0317,147.8649,317.6,1.5,1.2,2014-01-26,1511,Aqua,MODIS,55,6.2,291.9,24.1,N,0
-24.9898,147.968,330.2,1.4,1.2,2014-01-26,1511,Aqua,MODIS,85,6.2,293.3,45.4,N,0
-24.8622,151.7243,304.8,1,1,2014-01-26,1511,Aqua,MODIS,41,6.2,291.3,5.7,N,0
-24.9656,148.0391,311.7,1.4,1.2,2014-01-26,1511,Aqua,MODIS,59,6.2,290.2,19.3,N,0
-24.9638,147.9658,307.9,1.4,1.2,2014-01-26,1511,Aqua,MODIS,22,6.2,290.7,12.3,N,0
-24.8728,151.7326,304.1,1,1,2014-01-26,1511,Aqua,MODIS,53,6.2,291.6,5.4,N,0
-25.0291,147.8509,318.9,1.5,1.2,2014-01-26,1511,Aqua,MODIS,56,6.2,292,26,N,0
-25.0337,147.841,313.5,1.5,1.2,2014-01-26,1511,Aqua,MODIS,12,6.2,291.2,18.7,N,0
-25.0279,147.8712,313.4,1.5,1.2,2014-01-26,1511,Aqua,MODIS,40,6.2,291.4,18.1,N,0
-24.9631,148.0245,302.7,1.4,1.2,2014-01-26,1511,Aqua,MODIS,8,6.2,290.1,8.3,N,0
-25.0398,147.8488,312.9,1.5,1.2,2014-01-26,1511,Aqua,MODIS,47,6.2,291.3,18.6,N,0
-25.0361,147.855,324.4,1.5,1.2,2014-01-26,1511,Aqua,MODIS,98,6.2,292.2,36.1,N,0
-25.0147,147.8594,312.4,1.5,1.2,2014-01-26,1511,Aqua,MODIS,11,6.2,291.2,16.3,N,0
-24.9315,148.0318,305.8,1.4,1.2,2014-01-26,1511,Aqua,MODIS,19,6.2,289.2,14.2,N,0
-28.8683,148.7666,302.4,1.1,1.1,2014-01-26,1512,Aqua,MODIS,42,6.2,291.6,5.4,N,0
-28.8588,148.7687,309.1,1.1,1.1,2014-01-26,1512,Aqua,MODIS,76,6.2,291.5,10.8,N,0
-29.4188,148.9211,307.2,1.1,1.1,2014-01-26,1512,Aqua,MODIS,71,6.2,292.2,8.7,N,0
-30.5521,150.5439,306.3,1,1,2014-01-26,1512,Aqua,MODIS,68,6.2,286.2,8.8,N,0
-30.5235,150.5388,305,1,1,2014-01-26,1512,Aqua,MODIS,50,6.2,286.6,7.8,N,0
-31.8048,145.8376,304.8,1.4,1.2,2014-01-26,1513,Aqua,MODIS,62,6.2,294.5,8.8,N,0
-33.1174,138.1437,321.7,4.1,1.9,2014-01-26,1514,Aqua,MODIS,100,6.2,293.6,155.8,N,0
-36.1905,149.5899,303.8,1,1,2014-01-26,1514,Aqua,MODIS,57,6.2,285.2,7.6,N,0
-33.1174,138.1542,323.3,4.1,1.9,2014-01-26,1514,Aqua,MODIS,100,6.2,294.1,168.7,N,0
-36.1889,149.5789,313,1,1,2014-01-26,1514,Aqua,MODIS,86,6.2,286.9,14,N,0
-22.9793,125.0255,314.4,1.2,1.1,2014-01-26,1649,Aqua,MODIS,44,6.2,286.2,17.4,N,0
-22.9999,125.0269,318.2,1.2,1.1,2014-01-26,1649,Aqua,MODIS,33,6.2,287.1,22.8,N,0
-22.9979,125.015,344.3,1.2,1.1,2014-01-26,1649,Aqua,MODIS,100,6.2,278.9,68.6,N,0
-23.3773,124.2195,308.3,1.3,1.1,2014-01-26,1649,Aqua,MODIS,21,6.2,272.3,15,N,0
-23.367,124.2216,314.9,1.3,1.1,2014-01-26,1649,Aqua,MODIS,16,6.2,281.8,21.7,N,0
-33.1102,138.1315,304.9,4.7,2,2014-01-26,1651,Aqua,MODIS,33,6.2,294.3,55.9,N,0
-33.1132,138.138,308,4.7,2,2014-01-26,1651,Aqua,MODIS,73,6.2,294.8,80,N,0
-24.988,147.8431,381.2,1.2,1.1,2014-01-27,0035,Terra,MODIS,100,6.2,309.7,197.9,D,0
-24.9973,147.8353,351.1,1.2,1.1,2014-01-27,0035,Terra,MODIS,91,6.2,308.1,72.5,D,0
-24.9307,148.0325,334.3,1.3,1.1,2014-01-27,0035,Terra,MODIS,81,6.2,304.8,35.8,D,0
-24.9895,147.8552,330.2,1.2,1.1,2014-01-27,0035,Terra,MODIS,51,6.2,307.1,20.2,D,0
-24.9295,148.0267,335.4,1.3,1.1,2014-01-27,0035,Terra,MODIS,83,6.2,304.7,36.4,D,0
-24.9905,147.9429,335.4,1.2,1.1,2014-01-27,0035,Terra,MODIS,73,6.2,309.4,26.4,D,0
-25.0402,147.8537,331.4,1.2,1.1,2014-01-27,0035,Terra,MODIS,76,6.2,305.8,26.7,D,0
-24.999,147.9292,341.6,1.2,1.1,2014-01-27,0035,Terra,MODIS,88,6.2,307.5,39.6,D,0
-24.989,147.9307,373.9,1.2,1.1,2014-01-27,0035,Terra,MODIS,100,6.2,313.1,155.7,D,0
-25.0073,147.8338,347.3,1.2,1.1,2014-01-27,0035,Terra,MODIS,84,6.2,305.6,60.6,D,0
-24.9874,147.9185,333.4,1.2,1.1,2014-01-27,0035,Terra,MODIS,72,6.2,306.4,24.5,D,0
-24.9292,148.0201,331,1.3,1.1,2014-01-27,0035,Terra,MODIS,77,6.2,303.1,26.5,D,0
-24.9813,148.0322,336,1.3,1.1,2014-01-27,0035,Terra,MODIS,83,6.2,305.6,36.9,D,0
-24.8959,147.9993,322.8,1.3,1.1,2014-01-27,0035,Terra,MODIS,40,6.2,305.5,14.4,D,0
-24.9712,148.0336,338.5,1.3,1.1,2014-01-27,0035,Terra,MODIS,86,6.2,307.3,40.7,D,0
-24.9612,148.035,332,1.3,1.1,2014-01-27,0035,Terra,MODIS,69,6.2,306.1,27.7,D,0
-25.0187,147.8445,343.5,1.2,1.1,2014-01-27,0035,Terra,MODIS,73,6.2,307.7,47.5,D,0
-24.9828,148.0443,322.4,1.3,1.1,2014-01-27,0035,Terra,MODIS,37,6.2,304.3,12.8,D,0
-24.9727,148.0456,329.2,1.3,1.1,2014-01-27,0035,Terra,MODIS,49,6.2,305.8,22.6,D,0
-25.0088,147.8459,354.3,1.2,1.1,2014-01-27,0035,Terra,MODIS,96,6.2,310.4,78.5,D,0
-25.0386,147.8412,324.5,1.2,1.1,2014-01-27,0035,Terra,MODIS,46,6.2,307,15.8,D,0
-24.9796,147.8567,334.5,1.2,1.1,2014-01-27,0035,Terra,MODIS,82,6.2,304.9,30.4,D,0
-24.9805,147.9444,342.2,1.2,1.1,2014-01-27,0035,Terra,MODIS,89,6.2,310.8,43.3,D,0
-25.0333,147.88,333.6,1.2,1.1,2014-01-27,0035,Terra,MODIS,71,6.2,308.4,26,D,0
-24.9979,147.8417,344.2,1.2,1.1,2014-01-27,0035,Terra,MODIS,80,6.2,308.2,51.7,D,0
-24.9964,147.8296,345.2,1.2,1.1,2014-01-27,0035,Terra,MODIS,91,6.2,305.1,59,D,0
-24.9511,148.0365,328.7,1.3,1.1,2014-01-27,0035,Terra,MODIS,53,6.2,305.2,22.8,D,0
-24.931,148.039,327.7,1.3,1.1,2014-01-27,0035,Terra,MODIS,49,6.2,303.8,23.5,D,0
-24.9864,147.8309,377.9,1.2,1.1,2014-01-27,0035,Terra,MODIS,100,6.2,305.8,183,D,0
-24.978,147.8445,348.5,1.2,1.1,2014-01-27,0035,Terra,MODIS,93,6.2,304.4,64.9,D,0
-23.1708,147.333,333.2,1.1,1.1,2014-01-27,0035,Terra,MODIS,83,6.2,299,29.2,D,0
-23.6609,150.9953,308.3,1.9,1.3,2014-01-27,0035,Terra,MODIS,47,6.2,288.4,17.2,D,0
-24.306,150.6308,317.9,1.8,1.3,2014-01-27,0035,Terra,MODIS,55,6.2,289.3,28.3,D,0
-24.3118,150.6244,316.4,1.8,1.3,2014-01-27,0035,Terra,MODIS,28,6.2,290.4,22.7,D,0
-27.8765,150.4037,322.7,1.9,1.4,2014-01-27,0036,Terra,MODIS,69,6.2,302.4,30.9,D,0
-31.8087,145.8286,341.4,1.2,1.1,2014-01-27,0037,Terra,MODIS,85,6.2,314.4,31.7,D,0
-31.8102,145.841,343.3,1.2,1.1,2014-01-27,0037,Terra,MODIS,87,6.2,315,36.1,D,0
-31.8199,145.8394,333.6,1.2,1.1,2014-01-27,0037,Terra,MODIS,74,6.2,314,17.2,D,0
-33.1124,138.1319,337,1.4,1.2,2014-01-27,0038,Terra,MODIS,66,6.2,317.3,30.9,D,0
-33.4614,147.7651,324.3,1.6,1.2,2014-01-27,0038,Terra,MODIS,52,6.2,309.2,13.4,D,0
-34.9616,140.5667,339.8,1,1,2014-01-27,0038,Terra,MODIS,70,6.2,323.9,15.4,D,0
-34.9634,140.5781,378.6,1,1,2014-01-27,0038,Terra,MODIS,100,6.2,326.3,126.7,D,0
-34.8643,140.5954,334.4,1,1,2014-01-27,0038,Terra,MODIS,68,6.2,323.7,10.5,D,0
-34.9726,140.5759,394.6,1,1,2014-01-27,0038,Terra,MODIS,100,6.2,325.2,207.8,D,0
-34.9817,140.5738,394,1,1,2014-01-27,0038,Terra,MODIS,100,6.2,314.4,207.6,D,0
-34.9652,140.5894,358.2,1,1,2014-01-27,0038,Terra,MODIS,98,6.2,326.2,55.9,D,0
-34.9744,140.5873,349.6,1,1,2014-01-27,0038,Terra,MODIS,57,6.2,319.3,38.3,D,0
-34.8971,140.623,337.8,1,1,2014-01-27,0038,Terra,MODIS,68,6.2,324,13.4,D,0
-34.9799,140.5625,391.8,1,1,2014-01-27,0038,Terra,MODIS,100,6.2,324.6,194,D,0
-34.9708,140.5646,355.5,1,1,2014-01-27,0038,Terra,MODIS,88,6.2,325,50.5,D,0
-37.7092,144.8624,319.8,1.2,1.1,2014-01-27,0039,Terra,MODIS,58,6.2,304.8,5.7,D,0
-37.9056,145.2448,319.6,1.3,1.1,2014-01-27,0039,Terra,MODIS,60,6.2,303.6,7.4,D,0
-38.0096,145.2662,320.8,1.3,1.1,2014-01-27,0039,Terra,MODIS,35,6.2,304.3,8.1,D,0
-37.9039,145.2301,318.4,1.3,1.1,2014-01-27,0039,Terra,MODIS,44,6.2,304.6,6.3,D,0
-37.8203,145.2957,319.1,1.3,1.1,2014-01-27,0039,Terra,MODIS,33,6.2,305,7.4,D,0
-37.9457,145.069,320.5,1.3,1.1,2014-01-27,0039,Terra,MODIS,60,6.2,305.6,7.6,D,0
-28.025,124.5963,333.3,1.6,1.3,2014-01-27,0215,Terra,MODIS,64,6.2,310.8,27.2,D,0
-33.7874,123.2456,313.7,1.6,1.2,2014-01-27,0217,Terra,MODIS,22,6.2,293.5,10.9,D,0
-25.0258,147.8381,346.8,3.7,1.8,2014-01-27,0319,Aqua,MODIS,92,6.2,307.6,290.7,D,0
-25.0138,147.9056,328.6,3.7,1.8,2014-01-27,0319,Aqua,MODIS,42,6.2,307.4,91.3,D,0
-24.9868,147.8311,341.7,3.7,1.8,2014-01-27,0319,Aqua,MODIS,89,6.2,304,245.4,D,0
-25.0062,147.7953,335.1,3.8,1.8,2014-01-27,0319,Aqua,MODIS,59,6.2,301.7,166,D,0
-24.9957,147.7986,348.3,3.8,1.8,2014-01-27,0319,Aqua,MODIS,91,6.2,301.6,324.8,D,0
-24.9898,147.7939,323.9,3.8,1.8,2014-01-27,0319,Aqua,MODIS,41,6.2,299.7,85.7,D,0
-25.036,147.8352,324.5,3.7,1.8,2014-01-27,0319,Aqua,MODIS,61,6.2,305.7,75,D,0
-24.9796,148.0183,337.9,3.6,1.8,2014-01-27,0319,Aqua,MODIS,86,6.2,305.2,187.1,D,0
-24.9975,147.9043,337.4,3.7,1.8,2014-01-27,0319,Aqua,MODIS,86,6.2,306.7,168.2,D,0
-25.0041,147.9093,341.5,3.7,1.8,2014-01-27,0319,Aqua,MODIS,89,6.2,306.9,211.8,D,0
-25.0095,147.8366,336.4,3.7,1.8,2014-01-27,0319,Aqua,MODIS,54,6.2,305.7,164.9,D,0
-25.0197,147.8332,352.6,3.7,1.8,2014-01-27,0319,Aqua,MODIS,96,6.2,307.3,375.1,D,0
-24.9886,148.0147,333.4,3.6,1.8,2014-01-27,0319,Aqua,MODIS,77,6.2,304.5,144.6,D,0
-25.0033,147.8317,345.6,3.7,1.8,2014-01-27,0319,Aqua,MODIS,90,6.2,305.1,277.4,D,0
-23.656,150.9929,327.7,2.1,1.4,2014-01-27,0319,Aqua,MODIS,68,6.2,297,53.8,D,0
-23.6432,150.9913,320.3,2.1,1.4,2014-01-27,0319,Aqua,MODIS,38,6.2,296.9,28.8,D,0
-23.6549,151.0086,319.5,2.1,1.4,2014-01-27,0319,Aqua,MODIS,42,6.2,296.9,28.8,D,0
-23.657,150.9881,323.7,2.1,1.4,2014-01-27,0319,Aqua,MODIS,69,6.2,296.3,40,D,0
-23.6442,150.9865,322.1,2.1,1.4,2014-01-27,0319,Aqua,MODIS,42,6.2,297.2,33.9,D,0
-37.534,148.8796,315.7,3.8,1.8,2014-01-27,0453,Aqua,MODIS,55,6.2,297.7,59.5,D,0
-37.5442,148.8741,322.9,3.8,1.8,2014-01-27,0453,Aqua,MODIS,73,6.2,298.4,106.5,D,0
-37.5497,148.8865,313.6,3.8,1.8,2014-01-27,0453,Aqua,MODIS,26,6.2,298.3,47.5,D,0
-34.8691,140.597,344.4,1.4,1.2,2014-01-27,0454,Aqua,MODIS,86,6.2,331.8,28.9,D,0
-34.892,140.6514,351,1.4,1.2,2014-01-27,0454,Aqua,MODIS,45,6.2,331.5,45.8,D,0
-33.1278,138.1393,351.8,1.1,1.1,2014-01-27,0455,Aqua,MODIS,83,6.2,326.4,47,D,0
-33.1087,138.1348,344.4,1.1,1.1,2014-01-27,0455,Aqua,MODIS,73,6.2,325.5,29.6,D,0
-33.1163,138.1487,352,1.1,1.1,2014-01-27,0455,Aqua,MODIS,73,6.2,321,49.3,D,0
-33.1183,138.1372,348.8,1.1,1.1,2014-01-27,0455,Aqua,MODIS,74,6.2,326.4,38.4,D,0
-31.8162,145.8338,333.8,3.5,1.8,2014-01-27,0455,Aqua,MODIS,66,6.2,314.6,70.6,D,0
-20.7594,131.2117,325,1,1,2014-01-27,0459,Aqua,MODIS,27,6.2,297.1,9.7,D,0
-37.5452,148.8718,326.5,1.4,1.2,2014-01-27,1240,Terra,MODIS,100,6.2,294.2,40.7,N,0
-37.5346,148.8695,319.7,1.4,1.2,2014-01-27,1240,Terra,MODIS,99,6.2,291.8,28.5,N,0
-37.5222,148.884,312.7,1.4,1.2,2014-01-27,1240,Terra,MODIS,69,6.2,292,17.5,N,0
-37.8871,145.7675,341.4,2.2,1.4,2014-01-27,1240,Terra,MODIS,100,6.2,295.3,140.3,N,0
-37.8974,145.7774,336.7,2.2,1.4,2014-01-27,1240,Terra,MODIS,100,6.2,294.8,116.3,N,0
-37.5362,148.8535,306.5,1.4,1.2,2014-01-27,1240,Terra,MODIS,58,6.2,291,12,N,0
-37.533,148.8851,310.2,1.4,1.2,2014-01-27,1240,Terra,MODIS,43,6.2,291.7,14.8,N,0
-37.3807,147.4286,302.5,1.7,1.3,2014-01-27,1240,Terra,MODIS,49,6.2,291.3,10.2,N,0
-37.5468,148.8556,306.3,1.4,1.2,2014-01-27,1240,Terra,MODIS,53,6.2,292.5,11.6,N,0
-37.8863,145.7486,317.7,2.2,1.4,2014-01-27,1240,Terra,MODIS,95,6.2,294.5,46.9,N,0
-37.8993,145.752,348.9,2.2,1.4,2014-01-27,1240,Terra,MODIS,100,6.2,295.9,184.9,N,0
-37.8845,145.7729,307.3,2.2,1.4,2014-01-27,1240,Terra,MODIS,71,6.2,293.6,22.2,N,0
-37.5032,148.9233,303.6,1.4,1.2,2014-01-27,1240,Terra,MODIS,56,6.2,291.6,8.2,N,0
-37.8891,145.7427,324.5,2.2,1.4,2014-01-27,1240,Terra,MODIS,100,6.2,294.8,66.4,N,0
-34.4592,150.8807,307.6,1.1,1,2014-01-27,1241,Terra,MODIS,72,6.2,292.5,8.4,N,2
-28.8695,148.756,316.1,1.1,1.1,2014-01-27,1242,Terra,MODIS,93,6.2,295.1,15.5,N,0
-29.3724,148.7833,318.1,1.2,1.1,2014-01-27,1242,Terra,MODIS,96,6.2,294.7,18.1,N,0
-28.8791,148.7575,337.1,1.1,1.1,2014-01-27,1242,Terra,MODIS,100,6.2,296.3,45.5,N,0
-29.382,148.7849,310.9,1.2,1.1,2014-01-27,1242,Terra,MODIS,81,6.2,294.9,10.9,N,0
-28.7277,149.3871,305.7,1.1,1,2014-01-27,1242,Terra,MODIS,29,6.2,293.1,5.7,N,0
-30.5212,150.5301,304,1,1,2014-01-27,1242,Terra,MODIS,58,6.2,289.4,6.8,N,0
-28.4505,150.0314,302.2,1,1,2014-01-27,1242,Terra,MODIS,48,6.2,291.6,4.8,N,0
-28.7263,149.3982,321.8,1.1,1,2014-01-27,1242,Terra,MODIS,100,6.2,293.7,20.3,N,0
-29.7824,149.0855,307.9,1.1,1.1,2014-01-27,1242,Terra,MODIS,73,6.2,294.6,8.4,N,0
-30.1586,148.7567,310.6,1.2,1.1,2014-01-27,1242,Terra,MODIS,80,6.2,296.2,10.1,N,0
-28.7357,149.3997,317.2,1.1,1,2014-01-27,1242,Terra,MODIS,95,6.2,293.9,15.4,N,0
-28.7464,149.3903,306.6,1.1,1,2014-01-27,1242,Terra,MODIS,34,6.2,293.4,6.5,N,0
-25.0049,147.7884,309.2,1.2,1.1,2014-01-27,1243,Terra,MODIS,75,6.2,293.1,9.6,N,0
-25.0131,147.8011,324.6,1.2,1.1,2014-01-27,1243,Terra,MODIS,35,6.2,295.3,22.4,N,0
-24.9815,148.0486,303.4,1.1,1.1,2014-01-27,1243,Terra,MODIS,18,6.2,292.8,4.9,N,0
-24.953,148.0442,320.1,1.1,1.1,2014-01-27,1243,Terra,MODIS,78,6.2,293,18.5,N,0
-25.4761,148.6939,311.9,1.1,1,2014-01-27,1243,Terra,MODIS,83,6.2,295.4,10.4,N,0
-25.0256,147.7798,321,1.2,1.1,2014-01-27,1243,Terra,MODIS,100,6.2,295.4,20.4,N,0
-25.0309,147.8151,321,1.1,1.1,2014-01-27,1243,Terra,MODIS,60,6.2,294.9,19.4,N,0
-24.9129,148.0207,311.6,1.1,1.1,2014-01-27,1243,Terra,MODIS,56,6.2,292.6,11.1,N,0
-25.0145,147.7897,354.9,1.2,1.1,2014-01-27,1243,Terra,MODIS,100,6.2,297.5,87.4,N,0
-25.016,147.7783,369,1.2,1.1,2014-01-27,1243,Terra,MODIS,100,6.2,298.4,137,N,0
-24.983,148.0374,315.7,1.1,1.1,2014-01-27,1243,Terra,MODIS,92,6.2,293.3,14.9,N,0
-25.0116,147.8124,326.3,1.1,1.1,2014-01-27,1243,Terra,MODIS,100,6.2,294.9,23.7,N,0
-24.972,148.0473,312.5,1.1,1.1,2014-01-27,1243,Terra,MODIS,85,6.2,293,12,N,0
-25.0242,147.7911,332.5,1.2,1.1,2014-01-27,1243,Terra,MODIS,100,6.2,297.6,37,N,0
-24.7243,150.9219,305,1,1,2014-01-27,1243,Terra,MODIS,62,6.2,291.6,5.9,N,0
-24.9545,148.0328,315,1.1,1.1,2014-01-27,1243,Terra,MODIS,37,6.2,293.3,12.9,N,0
-24.921,148.0332,314.5,1.1,1.1,2014-01-27,1243,Terra,MODIS,57,6.2,293.2,13.7,N,0
-24.9844,148.026,312.7,1.1,1.1,2014-01-27,1243,Terra,MODIS,85,6.2,293.7,11.9,N,0
-25.0227,147.8024,323.1,1.2,1.1,2014-01-27,1243,Terra,MODIS,30,6.2,295.5,21.2,N,0
-25.0295,147.8266,324.8,1.1,1.1,2014-01-27,1243,Terra,MODIS,84,6.2,295.1,23.4,N,0
-25.0034,147.7997,328.3,1.2,1.1,2014-01-27,1243,Terra,MODIS,75,6.2,295,29.1,N,0
-24.9625,148.0459,312.9,1.1,1.1,2014-01-27,1243,Terra,MODIS,68,6.2,292.7,11.9,N,0
-23.1518,147.3199,311.4,1.2,1.1,2014-01-27,1244,Terra,MODIS,14,6.2,293.3,10.3,N,0
-23.1421,147.3186,314.1,1.2,1.1,2014-01-27,1244,Terra,MODIS,66,6.2,293.3,13.4,N,0
-23.1436,147.3072,313,1.2,1.1,2014-01-27,1244,Terra,MODIS,61,6.2,293.3,12.3,N,0
-23.645,151.0024,305.4,1,1,2014-01-27,1244,Terra,MODIS,10,6.2,291.2,4.8,N,0
-23.6374,150.9908,311.3,1,1,2014-01-27,1244,Terra,MODIS,82,6.2,292.6,8.7,N,0
-23.6283,150.9892,315.6,1,1,2014-01-27,1244,Terra,MODIS,89,6.2,293.5,11.6,N,0
-23.6389,150.9808,308.5,1,1,2014-01-27,1244,Terra,MODIS,34,6.2,293.3,6.9,N,0
-23.6298,150.9792,314.8,1,1,2014-01-27,1244,Terra,MODIS,84,6.2,293.6,11.3,N,0
-23.3311,150.1292,311,1,1,2014-01-27,1244,Terra,MODIS,81,6.2,292.9,9.1,N,0
-23.1275,150.2019,304.2,1,1,2014-01-27,1244,Terra,MODIS,59,6.2,293.2,4.5,N,0
-23.14,147.3256,305.6,1.7,1.3,2014-01-27,1553,Aqua,MODIS,34,6.2,291.7,12.7,N,0
-23.1517,147.3244,305.7,1.7,1.3,2014-01-27,1553,Aqua,MODIS,28,6.2,291.8,12.7,N,0
-25.0096,147.8199,310.8,2,1.4,2014-01-27,1554,Aqua,MODIS,42,6.2,291.5,21.9,N,0
-24.912,148.0209,300.9,2,1.4,2014-01-27,1554,Aqua,MODIS,18,6.2,290,11.9,N,0
-24.914,148.04,303,2,1.4,2014-01-27,1554,Aqua,MODIS,43,6.2,289.5,15.6,N,0
-24.9161,148.0353,304.5,2,1.4,2014-01-27,1554,Aqua,MODIS,60,6.2,289.9,18.2,N,0
-24.9808,148.0489,302.4,2,1.4,2014-01-27,1554,Aqua,MODIS,26,6.2,290.3,13.4,N,0
-25.0219,147.8184,309.1,2,1.4,2014-01-27,1554,Aqua,MODIS,12,6.2,291.9,19.3,N,0
-33.0996,138.131,328.7,1,1,2014-01-27,1556,Aqua,MODIS,100,6.2,301.7,24.8,N,0
-33.1014,138.1424,337.2,1,1,2014-01-27,1556,Aqua,MODIS,100,6.2,303.5,37.1,N,0
-33.0023,137.5851,305.3,1.1,1,2014-01-27,1556,Aqua,MODIS,64,6.2,294.7,6.3,N,0
-37.8942,145.7859,310,2.1,1.4,2014-01-27,1557,Aqua,MODIS,79,6.2,294.2,26.2,N,0
-37.8924,145.7618,321.8,2.1,1.4,2014-01-27,1557,Aqua,MODIS,100,6.2,295.2,54.9,N,0
-37.8923,145.767,327.1,2.1,1.4,2014-01-27,1557,Aqua,MODIS,100,6.2,295.4,73,N,0
-25.0174,147.7977,320.7,3.9,1.8,2014-01-27,2340,Terra,MODIS,44,6.2,300,73.2,D,0
-24.9873,148.0471,319.9,3.8,1.8,2014-01-27,2340,Terra,MODIS,59,6.2,300.8,69.9,D,0
-24.9817,148.0549,322.1,3.8,1.8,2014-01-27,2340,Terra,MODIS,72,6.2,301,89.2,D,0
-23.149,147.3078,313.8,4.7,2,2014-01-27,2340,Terra,MODIS,46,6.2,296.1,38.6,D,0
-28.1683,151.1152,319.9,2,1.4,2014-01-27,2341,Terra,MODIS,54,6.2,298,28.2,D,0
-37.5359,148.8766,318.1,1.7,1.3,2014-01-27,2344,Terra,MODIS,70,6.2,303.2,21.4,D,0
-42.0713,145.6832,309.4,2,1.4,2014-01-27,2345,Terra,MODIS,0,6.2,295.7,15.4,D,0
-24.0518,144.4866,331.1,3.9,1.8,2014-01-28,0118,Terra,MODIS,74,6.2,304.8,114.7,D,0
-24.0403,144.4825,329.8,3.9,1.8,2014-01-28,0118,Terra,MODIS,71,6.2,304.9,96.7,D,0
-24.057,144.4811,325,3.9,1.8,2014-01-28,0118,Terra,MODIS,55,6.2,304.7,62,D,0
-24.0487,144.4481,340.1,3.9,1.8,2014-01-28,0118,Terra,MODIS,85,6.2,305.2,208.2,D,0
-24.0375,144.4439,332.1,3.9,1.8,2014-01-28,0118,Terra,MODIS,75,6.2,305.3,117.1,D,0
-24.0541,144.4426,324.7,3.9,1.8,2014-01-28,0118,Terra,MODIS,53,6.2,304.9,59.4,D,0
-33.1019,138.121,339,1.8,1.3,2014-01-28,0121,Terra,MODIS,81,6.2,316.3,54,D,0
-33.1035,138.1386,339.4,1.8,1.3,2014-01-28,0121,Terra,MODIS,78,6.2,314.1,59.6,D,0
-32.0664,115.9154,315.8,2.6,1.5,2014-01-28,0259,Terra,MODIS,54,6.2,300.9,15.7,D,2
-41.6674,145.0016,368,1.7,1.3,2014-01-28,0357,Aqua,MODIS,0,6.2,302.2,221.9,D,0
-41.6793,145.0032,363,1.7,1.3,2014-01-28,0357,Aqua,MODIS,0,6.2,299.7,185.9,D,0
-41.6774,145.0243,331.5,1.7,1.3,2014-01-28,0357,Aqua,MODIS,83,6.2,299.2,50,D,0
-41.6747,144.9857,364.4,1.8,1.3,2014-01-28,0357,Aqua,MODIS,0,6.2,294.7,185.6,D,0
-41.6729,145.0073,368.8,1.7,1.3,2014-01-28,0357,Aqua,MODIS,0,6.2,301.8,227.1,D,0
-41.6848,145.0089,395.6,1.7,1.3,2014-01-28,0357,Aqua,MODIS,83,6.2,301.5,488,D,0
-42.7763,147.6648,331.3,1.3,1.1,2014-01-28,0357,Aqua,MODIS,74,6.2,283.5,33.5,D,0
-41.7921,145.0966,384.1,1.7,1.3,2014-01-28,0357,Aqua,MODIS,100,6.2,306.9,365.7,D,0
-42.0888,145.7084,396.9,1.6,1.3,2014-01-28,0357,Aqua,MODIS,94,6.2,302.5,453.4,D,0
-42.0907,145.6873,379.1,1.6,1.3,2014-01-28,0357,Aqua,MODIS,0,6.2,291.9,283.9,D,0
-42.0775,145.7059,398.9,1.6,1.3,2014-01-28,0357,Aqua,MODIS,94,6.2,305,470.2,D,0
-42.0661,145.704,339.7,1.6,1.3,2014-01-28,0357,Aqua,MODIS,42,6.2,288.6,56.3,D,0
-41.7903,145.1181,353.4,1.7,1.3,2014-01-28,0357,Aqua,MODIS,97,6.2,300.2,140,D,0
-37.4962,148.8427,320.7,1.1,1,2014-01-28,0358,Aqua,MODIS,65,6.2,309,8.2,D,0
-37.4839,148.8647,339.4,1.1,1,2014-01-28,0358,Aqua,MODIS,88,6.2,309.6,32.5,D,0
-37.2713,148.4595,327.3,1.1,1,2014-01-28,0358,Aqua,MODIS,79,6.2,305.7,17.9,D,0
-37.467,148.9221,352.7,1,1,2014-01-28,0358,Aqua,MODIS,96,6.2,310.7,61.8,D,0
-37.4916,148.8786,333.6,1,1,2014-01-28,0358,Aqua,MODIS,47,6.2,308.2,21.6,D,0
-37.7456,147.2319,322.7,1.2,1.1,2014-01-28,0358,Aqua,MODIS,63,6.2,307.8,12.3,D,0
-37.4931,148.8667,344.7,1.1,1,2014-01-28,0358,Aqua,MODIS,92,6.2,309.5,41.4,D,0
-37.7441,147.2454,345.7,1.2,1.1,2014-01-28,0358,Aqua,MODIS,92,6.2,311.1,54.9,D,0
-37.5374,148.8703,360.8,1.1,1,2014-01-28,0358,Aqua,MODIS,100,6.2,312,82,D,0
-37.4947,148.8546,327.5,1.1,1,2014-01-28,0358,Aqua,MODIS,53,6.2,308.2,14.4,D,0
-37.5101,148.8824,325.3,1,1,2014-01-28,0358,Aqua,MODIS,20,6.2,307.7,11.9,D,0
-37.5482,148.8602,321.4,1.1,1,2014-01-28,0358,Aqua,MODIS,54,6.2,307.5,9,D,0
-37.5344,148.8938,336,1,1,2014-01-28,0358,Aqua,MODIS,85,6.2,307.7,28.4,D,0
-37.2652,148.6561,321.8,1.1,1,2014-01-28,0358,Aqua,MODIS,68,6.2,306.5,12.7,D,0
-37.5359,148.8819,376.8,1.1,1,2014-01-28,0358,Aqua,MODIS,100,6.2,313.4,139.2,D,0
-37.5466,148.8723,366.1,1.1,1,2014-01-28,0358,Aqua,MODIS,100,6.2,311.6,99.6,D,0
-37.5389,148.8584,338.8,1.1,1,2014-01-28,0358,Aqua,MODIS,87,6.2,309.7,32.7,D,0
-37.5404,148.8463,321.4,1.1,1,2014-01-28,0358,Aqua,MODIS,60,6.2,308.2,9.4,D,0
-37.4685,148.9102,333.1,1,1,2014-01-28,0358,Aqua,MODIS,83,6.2,311.4,23.8,D,0
-37.2791,148.4737,318.9,1.1,1,2014-01-28,0358,Aqua,MODIS,46,6.2,306.4,9,D,0
-37.5451,148.8839,359.4,1.1,1,2014-01-28,0358,Aqua,MODIS,99,6.2,306.4,79.7,D,0
-37.2807,148.4614,334.3,1.1,1,2014-01-28,0358,Aqua,MODIS,85,6.2,308,28.9,D,0
-37.4992,148.8926,329.4,1,1,2014-01-28,0358,Aqua,MODIS,66,6.2,307.6,16.2,D,0
-37.3876,147.4318,359.3,1.2,1.1,2014-01-28,0359,Aqua,MODIS,99,6.2,314.7,93,D,0
-37.3859,147.4462,355.2,1.2,1.1,2014-01-28,0359,Aqua,MODIS,97,6.2,308.2,80.4,D,0
-37.2619,148.4581,333.9,1.1,1,2014-01-28,0359,Aqua,MODIS,85,6.2,306.7,27,D,0
-37.3779,147.4299,343,1.2,1.1,2014-01-28,0359,Aqua,MODIS,91,6.2,309.6,47.6,D,0
-36.1958,149.5814,324.1,1,1,2014-01-28,0359,Aqua,MODIS,59,6.2,302.6,14.7,D,0
-37.2604,148.4702,337.5,1.1,1,2014-01-28,0359,Aqua,MODIS,87,6.2,305.8,33.5,D,0
-36.1868,149.5794,326.9,1,1,2014-01-28,0359,Aqua,MODIS,38,6.2,303.9,16.8,D,0
-33.422,147.3983,337.3,1.1,1,2014-01-28,0400,Aqua,MODIS,49,6.2,321.1,14.1,D,0
-33.4205,147.4099,359.4,1.1,1,2014-01-28,0400,Aqua,MODIS,99,6.2,322.5,65.9,D,0
-30.5411,150.5217,363.3,1.1,1,2014-01-28,0400,Aqua,MODIS,100,6.2,316.7,82.4,D,0
-29.8982,149.0544,337.4,1,1,2014-01-28,0400,Aqua,MODIS,75,6.2,322.6,8.6,D,0
-29.3359,149.1203,344.9,1,1,2014-01-28,0401,Aqua,MODIS,86,6.2,322.2,21.8,D,0
-28.1693,151.1099,326.2,1.2,1.1,2014-01-28,0401,Aqua,MODIS,18,6.2,309.2,12.1,D,0
-29.3465,149.1117,340.8,1,1,2014-01-28,0401,Aqua,MODIS,81,6.2,322,14.6,D,0
-29.3449,149.1221,343.9,1,1,2014-01-28,0401,Aqua,MODIS,85,6.2,322.3,20.2,D,0
-23.1569,147.345,345.8,1,1,2014-01-28,0402,Aqua,MODIS,89,6.2,306,32,D,0
-23.1583,147.3352,379.3,1,1,2014-01-28,0402,Aqua,MODIS,100,6.2,317.3,130.4,D,0
-23.1493,147.3336,398.9,1,1,2014-01-28,0402,Aqua,MODIS,100,6.2,312.1,228.8,D,0
-23.1446,147.3027,343,1,1,2014-01-28,0402,Aqua,MODIS,86,6.2,298.3,32.7,D,0
-23.1461,147.2929,336.2,1,1,2014-01-28,0402,Aqua,MODIS,41,6.2,305.7,21.9,D,0
-23.6661,151.0109,328.6,1.4,1.2,2014-01-28,0402,Aqua,MODIS,60,6.2,306.4,23.2,D,0
-23.6685,150.9971,324.9,1.4,1.2,2014-01-28,0402,Aqua,MODIS,27,6.2,304.6,16.5,D,0
-23.6413,151.0005,330.8,1.4,1.2,2014-01-28,0402,Aqua,MODIS,47,6.2,306.3,28.4,D,0
-23.6308,150.9984,326.3,1.4,1.2,2014-01-28,0402,Aqua,MODIS,45,6.2,305.4,22.7,D,0
-23.6331,150.9847,325.2,1.4,1.2,2014-01-28,0402,Aqua,MODIS,41,6.2,306,20.9,D,0
-22.9983,150.1795,361.9,1.3,1.1,2014-01-28,0402,Aqua,MODIS,100,6.2,309.9,108.7,D,0
-23.3373,150.1109,355,1.3,1.1,2014-01-28,0402,Aqua,MODIS,97,6.2,301.1,86.6,D,0
-22.9962,150.1918,364.5,1.3,1.1,2014-01-28,0402,Aqua,MODIS,100,6.2,309.1,120.1,D,0
-23.7244,148.9976,339.6,1.1,1,2014-01-28,0402,Aqua,MODIS,82,6.2,309.4,33.2,D,0
-23.7226,149.0084,332.4,1.1,1,2014-01-28,0402,Aqua,MODIS,66,6.2,310.6,20.5,D,0
-23.1988,149.2543,329,1.1,1.1,2014-01-28,0402,Aqua,MODIS,38,6.2,309.1,9.4,D,0
-24.4238,146.1246,348.2,1,1,2014-01-28,0402,Aqua,MODIS,90,6.2,324.1,32.8,D,0
-24.3197,151.692,323.7,1.5,1.2,2014-01-28,0402,Aqua,MODIS,38,6.2,301.7,22.3,D,0
-24.3089,151.6898,325.1,1.5,1.2,2014-01-28,0402,Aqua,MODIS,38,6.2,300.3,24.1,D,0
-24.1056,149.5534,333,1.1,1.1,2014-01-28,0402,Aqua,MODIS,20,6.2,313.8,17.3,D,0
-23.7337,148.9993,337,1.1,1,2014-01-28,0402,Aqua,MODIS,74,6.2,306.5,29.2,D,0
-23.7355,148.9885,352.7,1.1,1,2014-01-28,0402,Aqua,MODIS,95,6.2,307.9,62.5,D,0
-25.0415,147.8601,336.1,1,1,2014-01-28,0402,Aqua,MODIS,33,6.2,317.8,13.1,D,0
-24.9137,148.0348,337.7,1,1,2014-01-28,0402,Aqua,MODIS,52,6.2,312.6,23.1,D,0
-25.0369,147.8286,350.6,1,1,2014-01-28,0402,Aqua,MODIS,91,6.2,318,38.6,D,0
-24.9927,147.8139,335.2,1,1,2014-01-28,0402,Aqua,MODIS,68,6.2,314.6,16.8,D,0
-25.0097,147.7626,339.2,1,1,2014-01-28,0402,Aqua,MODIS,78,6.2,304.9,29.9,D,0
-25.0384,147.8188,340.1,1,1,2014-01-28,0402,Aqua,MODIS,54,6.2,316.4,18.9,D,0
-25.0053,147.7923,369.5,1,1,2014-01-28,0402,Aqua,MODIS,97,6.2,319.3,94.4,D,0
-25.128,147.8304,354.4,1,1,2014-01-28,0402,Aqua,MODIS,95,6.2,323.6,46.2,D,0
-25.0413,147.7989,354.5,1,1,2014-01-28,0402,Aqua,MODIS,96,6.2,318,48.6,D,0
-25.1205,147.8188,336.7,1,1,2014-01-28,0402,Aqua,MODIS,51,6.2,320.5,12.5,D,0
-25.119,147.8288,336.7,1,1,2014-01-28,0402,Aqua,MODIS,39,6.2,321.7,13.1,D,0
-25.0262,147.7757,366.2,1,1,2014-01-28,0402,Aqua,MODIS,100,6.2,318.8,83.8,D,0
-24.9408,148.0399,351.7,1,1,2014-01-28,0402,Aqua,MODIS,92,6.2,315.1,45.9,D,0
-24.9574,148.0531,336.5,1,1,2014-01-28,0402,Aqua,MODIS,39,6.2,316.2,19,D,0
-24.9893,148.0247,342.4,1,1,2014-01-28,0402,Aqua,MODIS,83,6.2,318.5,24.7,D,0
-25.0476,147.8817,338.6,1,1,2014-01-28,0402,Aqua,MODIS,47,6.2,318.6,14.7,D,0
-25.0949,147.804,350.8,1,1,2014-01-28,0402,Aqua,MODIS,92,6.2,323.2,36.7,D,0
-25.0277,147.7658,343.5,1,1,2014-01-28,0402,Aqua,MODIS,71,6.2,313.7,31.1,D,0
-24.9863,148.0446,332.2,1,1,2014-01-28,0402,Aqua,MODIS,35,6.2,317.4,8.8,D,0
-25.0401,147.8701,345.2,1,1,2014-01-28,0402,Aqua,MODIS,81,6.2,320.6,26.2,D,0
-24.9498,148.0416,353,1,1,2014-01-28,0402,Aqua,MODIS,94,6.2,318.6,49.5,D,0
-24.8895,148.01,333.5,1,1,2014-01-28,0402,Aqua,MODIS,60,6.2,315,16.5,D,0
-24.7322,150.913,328.8,1.3,1.1,2014-01-28,0402,Aqua,MODIS,18,6.2,308.4,18.8,D,0
-24.9212,148.0465,353.7,1,1,2014-01-28,0402,Aqua,MODIS,95,6.2,314.6,55.8,D,0
-25.0068,147.7824,369.8,1,1,2014-01-28,0402,Aqua,MODIS,98,6.2,317.3,97.9,D,0
-25.0878,147.7971,341.2,1,1,2014-01-28,0402,Aqua,MODIS,81,6.2,322,19.2,D,0
-25.0172,147.7741,447.6,1,1,2014-01-28,0402,Aqua,MODIS,100,6.2,338.8,669.1,D,0
-24.9362,148.0083,338.1,1,1,2014-01-28,0402,Aqua,MODIS,58,6.2,315.6,19.3,D,0
-25.0864,147.8071,336.9,1,1,2014-01-28,0402,Aqua,MODIS,51,6.2,320.9,12.8,D,0
-24.9848,148.0546,333.7,1,1,2014-01-28,0402,Aqua,MODIS,17,6.2,317.9,11.1,D,0
-24.9122,148.0447,347.4,1,1,2014-01-28,0402,Aqua,MODIS,88,6.2,313.3,42.5,D,0
-25.0386,147.8801,342.7,1,1,2014-01-28,0402,Aqua,MODIS,77,6.2,321.1,21.4,D,0
-24.9668,148.0512,347,1,1,2014-01-28,0402,Aqua,MODIS,82,6.2,317.2,32,D,0
-25.0637,147.7724,339.8,1,1,2014-01-28,0402,Aqua,MODIS,38,6.2,320.9,17.8,D,0
-25.0218,147.8055,351.6,1,1,2014-01-28,0402,Aqua,MODIS,93,6.2,319,37.4,D,0
-25.0158,147.784,354,1,1,2014-01-28,0402,Aqua,MODIS,83,6.2,318.3,50.3,D,0
-24.9758,148.0529,341.9,1,1,2014-01-28,0402,Aqua,MODIS,66,6.2,316.4,22.5,D,0
-24.9878,148.0347,337.3,1,1,2014-01-28,0402,Aqua,MODIS,68,6.2,318.7,15.6,D,0
-25.0187,147.7642,421.2,1,1,2014-01-28,0402,Aqua,MODIS,100,6.2,323.3,394.3,D,0
-25.0491,147.8717,372.4,1,1,2014-01-28,0402,Aqua,MODIS,100,6.2,318.6,99.4,D,0
-24.9483,148.0515,344.2,1,1,2014-01-28,0402,Aqua,MODIS,78,6.2,315.6,32.3,D,0
-25.0281,147.8884,338.6,1,1,2014-01-28,0402,Aqua,MODIS,77,6.2,323.1,15,D,0
-24.9957,147.7941,381.6,1,1,2014-01-28,0402,Aqua,MODIS,100,6.2,319.7,142.3,D,0
-25.0082,147.7725,388.3,1,1,2014-01-28,0402,Aqua,MODIS,100,6.2,317.1,177.6,D,0
-24.9942,147.804,381,1,1,2014-01-28,0402,Aqua,MODIS,100,6.2,319.1,139.6,D,0
-21.9473,115.5355,329.1,2,1.4,2014-01-28,0542,Aqua,MODIS,33,6.2,302,38.7,D,0
-22.0015,115.5299,328.5,2,1.4,2014-01-28,0542,Aqua,MODIS,42,6.2,300.5,43.4,D,0
-25.3415,152.7302,310.1,4.7,2,2014-01-28,1148,Terra,MODIS,70,6.2,290.2,89,N,0
-25.3432,152.724,307.1,4.7,2,2014-01-28,1148,Terra,MODIS,51,6.2,290.2,75,N,0
-37.5392,148.862,324.8,1.6,1.2,2014-01-28,1323,Terra,MODIS,100,6.2,296.4,42.5,N,0
-37.5427,148.8443,309,1.6,1.2,2014-01-28,1323,Terra,MODIS,76,6.2,294.7,15.1,N,0
-37.4899,148.8792,311.3,1.6,1.2,2014-01-28,1323,Terra,MODIS,82,6.2,295.5,17.2,N,0
-37.3787,147.44,307.5,1.4,1.2,2014-01-28,1323,Terra,MODIS,70,6.2,296.2,8.9,N,0
-37.2589,148.4491,308.4,1.5,1.2,2014-01-28,1323,Terra,MODIS,56,6.2,295.9,11.8,N,0
-37.3632,147.4654,305.1,1.4,1.2,2014-01-28,1323,Terra,MODIS,12,6.2,294.9,6.8,N,0
-37.5355,148.8809,311.7,1.6,1.2,2014-01-28,1323,Terra,MODIS,83,6.2,295,18.1,N,0
-37.2698,148.4522,311.5,1.5,1.2,2014-01-28,1323,Terra,MODIS,73,6.2,294.8,16,N,0
-37.501,148.8827,311.6,1.6,1.2,2014-01-28,1323,Terra,MODIS,77,6.2,295.4,17.5,N,0
-37.2807,148.4559,305.9,1.5,1.2,2014-01-28,1323,Terra,MODIS,50,6.2,293.8,10,N,0
-37.4933,148.8616,310.3,1.6,1.2,2014-01-28,1323,Terra,MODIS,74,6.2,294.3,15.8,N,0
-37.3734,147.4688,305.2,1.4,1.2,2014-01-28,1323,Terra,MODIS,34,6.2,295.2,7,N,0
-37.2558,148.465,312.9,1.5,1.2,2014-01-28,1323,Terra,MODIS,86,6.2,296,18,N,0
-36.2042,149.5845,305,1.9,1.3,2014-01-28,1323,Terra,MODIS,52,6.2,293.3,14.3,N,0
-29.3223,149.1371,308.7,2.6,1.5,2014-01-28,1325,Terra,MODIS,75,6.2,293,31.1,N,0
-29.3414,149.1148,304.8,2.6,1.5,2014-01-28,1325,Terra,MODIS,62,6.2,293.2,20.1,N,0
-25.0457,147.829,316.6,2.6,1.6,2014-01-28,1326,Terra,MODIS,94,6.2,292.8,55,N,0
-24.9278,148.0458,308,2.8,1.6,2014-01-28,1326,Terra,MODIS,27,6.2,289.8,31.2,N,0
-25.0405,147.8547,303.9,2.7,1.6,2014-01-28,1326,Terra,MODIS,58,6.2,292.2,18.5,N,0
-25.0543,147.859,303.3,2.7,1.6,2014-01-28,1326,Terra,MODIS,40,6.2,292.2,16.8,N,0
-24.9916,147.7813,313.1,2.6,1.6,2014-01-28,1326,Terra,MODIS,86,6.2,292.8,42.4,N,0
-24.9252,148.0392,305.7,2.8,1.6,2014-01-28,1326,Terra,MODIS,18,6.2,290,25.8,N,0
-24.9392,148.0435,306.6,2.8,1.6,2014-01-28,1326,Terra,MODIS,26,6.2,290.6,27.9,N,0
-25.0103,147.7599,303.8,2.6,1.6,2014-01-28,1326,Terra,MODIS,23,6.2,292.7,15.8,N,0
-23.722,148.9961,316.8,3.4,1.7,2014-01-28,1326,Terra,MODIS,94,6.2,293.1,84.4,N,0
-23.7129,148.9872,313.2,3.4,1.7,2014-01-28,1326,Terra,MODIS,86,6.2,292.5,65.3,N,0
-23.7192,148.9572,310.5,3.4,1.7,2014-01-28,1326,Terra,MODIS,80,6.2,293.2,52.8,N,0
-23.7288,148.9648,317.2,3.4,1.7,2014-01-28,1326,Terra,MODIS,95,6.2,293.6,85.9,N,0
-23.7281,148.9926,309.4,3.4,1.7,2014-01-28,1326,Terra,MODIS,77,6.2,293.2,52.5,N,0
-23.1504,147.2953,313.1,2.7,1.6,2014-01-28,1327,Terra,MODIS,86,6.2,292.8,42.7,N,0
-23.1607,147.2924,305.7,2.7,1.6,2014-01-28,1327,Terra,MODIS,20,6.2,292.7,21.5,N,0
-23.1468,147.2888,310.3,2.7,1.6,2014-01-28,1327,Terra,MODIS,70,6.2,292.8,34.5,N,0
-24.0285,144.4012,319,1.6,1.2,2014-01-28,1327,Terra,MODIS,98,6.2,297.6,30.9,N,0
-23.1555,147.27,306.9,2.7,1.6,2014-01-28,1327,Terra,MODIS,16,6.2,293.1,24.1,N,0
-18.2418,140.4083,307.3,1.1,1.1,2014-01-28,1328,Terra,MODIS,21,6.2,292.6,6.3,N,0
-20.7312,139.4731,311.4,1,1,2014-01-28,1328,Terra,MODIS,75,6.2,297.8,6.1,N,2
-20.7403,139.4746,309.4,1,1,2014-01-28,1328,Terra,MODIS,67,6.2,298.2,4.8,N,2
-23.1442,147.3016,305.3,2.8,1.6,2014-01-28,1458,Aqua,MODIS,31,6.2,291.5,25.6,N,0
-23.3296,150.1105,303.6,1.8,1.3,2014-01-28,1458,Aqua,MODIS,56,6.2,292.3,11.5,N,0
-23.3327,150.1276,306.6,1.8,1.3,2014-01-28,1458,Aqua,MODIS,68,6.2,292.5,16.2,N,0
-23.7122,148.9771,311.5,2.1,1.4,2014-01-28,1458,Aqua,MODIS,70,6.2,293.3,28.1,N,0
-23.7159,148.9967,322.1,2.1,1.4,2014-01-28,1458,Aqua,MODIS,100,6.2,293.6,56.2,N,0
-23.7195,149.016,305.4,2.1,1.4,2014-01-28,1458,Aqua,MODIS,49,6.2,292.7,16.5,N,0
-23.7146,148.9902,321.2,2.1,1.4,2014-01-28,1458,Aqua,MODIS,100,6.2,293.2,54.3,N,0
-23.7182,149.0088,313.1,2.1,1.4,2014-01-28,1458,Aqua,MODIS,86,6.2,293.2,33,N,0
-23.7269,148.9865,314.5,2.1,1.4,2014-01-28,1458,Aqua,MODIS,89,6.2,293.7,37,N,0
-23.7308,149.0066,304.1,2.1,1.4,2014-01-28,1458,Aqua,MODIS,59,6.2,293,15.7,N,0
-25.3406,152.7573,304.2,1.1,1.1,2014-01-28,1459,Aqua,MODIS,6,6.2,292.5,5.7,N,0
-25.3388,152.7459,305.8,1.2,1.1,2014-01-28,1459,Aqua,MODIS,15,6.2,292.8,6.9,N,0
-25.0515,147.8512,312.2,2.4,1.5,2014-01-28,1459,Aqua,MODIS,79,6.2,291.8,35.6,N,0
-25.0467,147.8278,310.8,2.4,1.5,2014-01-28,1459,Aqua,MODIS,41,6.2,291.7,31,N,0
-25.0421,147.8583,316.1,2.4,1.5,2014-01-28,1459,Aqua,MODIS,92,6.2,291.8,48.3,N,0
-24.9037,148.0261,301.8,2.3,1.5,2014-01-28,1459,Aqua,MODIS,5,6.2,290,14.6,N,0
-24.9083,148.0503,302.7,2.3,1.5,2014-01-28,1459,Aqua,MODIS,23,6.2,289,16.7,N,0
-25.0465,147.8806,311.2,2.3,1.5,2014-01-28,1459,Aqua,MODIS,82,6.2,291.5,34.6,N,0
-24.9888,147.7991,302.3,2.4,1.5,2014-01-28,1459,Aqua,MODIS,26,6.2,291.1,14.9,N,0
-25.0428,147.8767,309.9,2.3,1.5,2014-01-28,1459,Aqua,MODIS,77,6.2,291.4,30.2,N,0
-25.0508,147.832,312.2,2.4,1.5,2014-01-28,1459,Aqua,MODIS,84,6.2,291.7,37.3,N,0
-29.3199,149.1407,305,1.6,1.2,2014-01-28,1500,Aqua,MODIS,62,6.2,292.2,11.2,N,0
-29.3229,149.1567,304.1,1.6,1.2,2014-01-28,1500,Aqua,MODIS,55,6.2,292.3,10,N,0
-34.4558,150.8812,304.1,1.1,1,2014-01-28,1501,Aqua,MODIS,59,6.2,292.7,6.6,N,2
-37.5394,148.8563,317.4,1.2,1.1,2014-01-28,1502,Aqua,MODIS,95,6.2,295.5,18.5,N,0
-37.2737,148.4641,305.4,1.2,1.1,2014-01-28,1502,Aqua,MODIS,32,6.2,292.8,7.1,N,0
-36.1829,149.5902,304.4,1.1,1.1,2014-01-28,1502,Aqua,MODIS,47,6.2,293.6,5.8,N,0
-37.2639,148.4674,310.5,1.2,1.1,2014-01-28,1502,Aqua,MODIS,57,6.2,295,11.2,N,0
-37.2542,148.4706,314.8,1.2,1.1,2014-01-28,1502,Aqua,MODIS,90,6.2,296.1,15.4,N,0
-37.5343,148.8846,314.7,1.2,1.1,2014-01-28,1502,Aqua,MODIS,90,6.2,294.7,15.3,N,0
-37.5417,148.8697,311.1,1.2,1.1,2014-01-28,1502,Aqua,MODIS,82,6.2,296,11.7,N,0
-37.5055,148.8934,313.6,1.2,1.1,2014-01-28,1502,Aqua,MODIS,87,6.2,296.4,14.3,N,0
-37.48,148.8782,311.6,1.2,1.1,2014-01-28,1502,Aqua,MODIS,77,6.2,295,10.8,N,0
-37.5031,148.8799,303.8,1.2,1.1,2014-01-28,1502,Aqua,MODIS,57,6.2,293.3,5.9,N,0
-37.4896,148.8755,317.6,1.2,1.1,2014-01-28,1502,Aqua,MODIS,95,6.2,294.9,17.3,N,0
-37.5016,148.8862,314.6,1.2,1.1,2014-01-28,1502,Aqua,MODIS,82,6.2,295.3,14,N,0
-37.532,148.8716,315.7,1.2,1.1,2014-01-28,1502,Aqua,MODIS,92,6.2,295.3,16.3,N,0
-36.1806,149.5768,305.1,1.1,1.1,2014-01-28,1502,Aqua,MODIS,56,6.2,293.3,6.5,N,0
-30.8621,121.4899,308.4,1.5,1.2,2014-01-28,1504,Terra,MODIS,74,6.2,289.2,17.1,N,2
-27.7557,128.8248,314.2,1,1,2014-01-28,1638,Aqua,MODIS,89,6.2,292.6,13.1,N,0
-27.7921,128.8324,337,1,1,2014-01-28,1638,Aqua,MODIS,100,6.2,293.9,38.4,N,0
-27.8029,128.8411,320,1,1,2014-01-28,1638,Aqua,MODIS,16,6.2,293.4,15.2,N,0
-27.8012,128.8307,333.6,1,1,2014-01-28,1638,Aqua,MODIS,99,6.2,294.4,32.3,N,0
-23.1177,147.3047,332,1,1,2014-01-29,0022,Terra,MODIS,64,6.2,311.1,15.8,D,0
-23.1237,147.2834,339,1,1,2014-01-29,0022,Terra,MODIS,85,6.2,310.7,25.8,D,0
-23.1252,147.2933,331.5,1,1,2014-01-29,0022,Terra,MODIS,51,6.2,310.4,14.4,D,0
-23.1445,147.3037,337.8,1,1,2014-01-29,0022,Terra,MODIS,34,6.2,312.2,21.3,D,0
-23.1506,147.3433,347.2,1,1,2014-01-29,0022,Terra,MODIS,92,6.2,311.2,39.8,D,0
-23.1535,147.3021,335.7,1,1,2014-01-29,0022,Terra,MODIS,46,6.2,312,19.7,D,0
-23.1596,147.3416,335.7,1,1,2014-01-29,0022,Terra,MODIS,76,6.2,311.4,19.7,D,0
-23.1611,147.3515,328.4,1,1,2014-01-29,0022,Terra,MODIS,44,6.2,309.3,10.1,D,0
-23.1611,147.2907,350.1,1,1,2014-01-29,0022,Terra,MODIS,94,6.2,310.8,46.7,D,0
-23.1626,147.3005,337.4,1,1,2014-01-29,0022,Terra,MODIS,45,6.2,310.3,21.2,D,0
-23.3339,150.1428,321.1,1.1,1,2014-01-29,0022,Terra,MODIS,34,6.2,301.3,11.7,D,0
-23.3404,150.1199,340.2,1.1,1,2014-01-29,0022,Terra,MODIS,88,6.2,299.1,38.2,D,0
-23.3418,150.1307,328.4,1.1,1,2014-01-29,0022,Terra,MODIS,54,6.2,301.8,19.2,D,0
-23.1595,147.2808,328.2,1,1,2014-01-29,0022,Terra,MODIS,32,6.2,309.4,10.6,D,0
-19.6616,147.3162,342.3,1.1,1,2014-01-29,0022,Terra,MODIS,90,6.2,299.9,37.6,D,0
-23.1935,149.2618,333.8,1,1,2014-01-29,0022,Terra,MODIS,82,6.2,308.1,22.7,D,0
-23.1949,149.2718,329.6,1,1,2014-01-29,0022,Terra,MODIS,77,6.2,307.2,16.8,D,0
-24.0225,144.3963,336.2,1.3,1.1,2014-01-29,0023,Terra,MODIS,78,6.2,311.5,27.1,D,0
-24.0348,144.407,330.1,1.3,1.1,2014-01-29,0023,Terra,MODIS,64,6.2,311.2,15,D,0
-23.7048,148.978,353.2,1,1,2014-01-29,0023,Terra,MODIS,96,6.2,302.2,61.1,D,0
-23.7125,148.9668,339.7,1,1,2014-01-29,0023,Terra,MODIS,86,6.2,305.9,30.9,D,0
-23.7139,148.9766,367.9,1,1,2014-01-29,0023,Terra,MODIS,100,6.2,307.6,99.4,D,0
-23.7167,148.9966,323.9,1,1,2014-01-29,0023,Terra,MODIS,31,6.2,299.7,11.7,D,0
-23.723,148.9753,340.7,1,1,2014-01-29,0023,Terra,MODIS,80,6.2,306.7,32.2,D,0
-25.1213,147.8336,330.8,1,1,2014-01-29,0023,Terra,MODIS,76,6.2,312.8,14.9,D,0
-25.0566,147.831,334,1,1,2014-01-29,0023,Terra,MODIS,81,6.2,305.4,19.8,D,0
-24.9049,148.0515,327.5,1,1,2014-01-29,0023,Terra,MODIS,23,6.2,301.9,16.4,D,0
-25.061,147.8606,332.6,1,1,2014-01-29,0023,Terra,MODIS,79,6.2,308.4,18.8,D,0
-24.9307,148.0408,336.2,1,1,2014-01-29,0023,Terra,MODIS,79,6.2,304.2,23.1,D,0
-24.9925,147.7714,330.3,1,1,2014-01-29,0023,Terra,MODIS,39,6.2,308,15.4,D,0
-25.0459,147.8835,339.1,1,1,2014-01-29,0023,Terra,MODIS,86,6.2,309.5,26.7,D,0
-25.0505,147.8523,327.6,1,1,2014-01-29,0023,Terra,MODIS,69,6.2,307.7,12,D,0
-25.0586,147.7838,334.8,1,1,2014-01-29,0023,Terra,MODIS,77,6.2,312,20.7,D,0
-25.0676,147.7822,335,1,1,2014-01-29,0023,Terra,MODIS,77,6.2,312.4,20.2,D,0
-25.0491,147.8425,326.2,1,1,2014-01-29,0023,Terra,MODIS,57,6.2,305.4,9.9,D,0
-25.0166,147.747,325,1,1,2014-01-29,0023,Terra,MODIS,24,6.2,308.1,9.1,D,0
-25.0781,147.7905,328.4,1,1,2014-01-29,0023,Terra,MODIS,66,6.2,313.1,10.8,D,0
-25.052,147.8622,341.8,1,1,2014-01-29,0023,Terra,MODIS,88,6.2,310.5,32.4,D,0
-25.045,147.7521,325.1,1,1,2014-01-29,0023,Terra,MODIS,65,6.2,308.2,10.8,D,0
-24.9426,148.0589,332.5,1,1,2014-01-29,0023,Terra,MODIS,51,6.2,305.2,19.9,D,0
-24.9322,148.0506,387.1,1,1,2014-01-29,0023,Terra,MODIS,100,6.2,308.6,171.4,D,0
-24.9835,147.7729,333.3,1,1,2014-01-29,0023,Terra,MODIS,66,6.2,306.2,20.2,D,0
-25.0552,147.8212,325.6,1,1,2014-01-29,0023,Terra,MODIS,55,6.2,307.4,9.4,D,0
-24.9142,148.0536,329.1,1,1,2014-01-29,0023,Terra,MODIS,66,6.2,300.9,17.4,D,0
-25.1123,147.8352,336.2,1,1,2014-01-29,0023,Terra,MODIS,83,6.2,311.3,22.2,D,0
-24.9864,147.7926,351.1,1,1,2014-01-29,0023,Terra,MODIS,95,6.2,309.4,49.6,D,0
-25.0691,147.7921,336.2,1,1,2014-01-29,0023,Terra,MODIS,83,6.2,312.2,22,D,0
-24.985,147.7828,336.8,1,1,2014-01-29,0023,Terra,MODIS,71,6.2,308.3,24.7,D,0
-25.0227,147.7257,325,1,1,2014-01-29,0023,Terra,MODIS,26,6.2,307.8,8.6,D,0
-25.1109,147.8253,342.5,1,1,2014-01-29,0023,Terra,MODIS,89,6.2,311.6,32.6,D,0
-24.9789,147.8041,343.1,1,1,2014-01-29,0023,Terra,MODIS,89,6.2,306.7,35.3,D,0
-25.0795,147.8004,337.1,1,1,2014-01-29,0023,Terra,MODIS,84,6.2,313.8,23.2,D,0
-25.0595,147.8508,334.5,1,1,2014-01-29,0023,Terra,MODIS,81,6.2,306.1,21.1,D,0
-24.8812,148.0153,330.4,1,1,2014-01-29,0023,Terra,MODIS,65,6.2,305.1,19.7,D,0
-24.8992,148.0122,322.7,1,1,2014-01-29,0023,Terra,MODIS,20,6.2,303.2,8.9,D,0
-24.9084,148.0143,319.9,1,1,2014-01-29,0023,Terra,MODIS,43,6.2,301.1,6.8,D,0
-25.0445,147.8736,339.3,1,1,2014-01-29,0023,Terra,MODIS,86,6.2,309.5,25.9,D,0
-28.6012,148.1395,327.4,1,1,2014-01-29,0024,Terra,MODIS,54,6.2,311.8,10.3,D,0
-28.7921,150.0188,327.2,1.2,1.1,2014-01-29,0024,Terra,MODIS,68,6.2,309.8,11.7,D,0
-28.7723,150.0218,357.6,1.2,1.1,2014-01-29,0024,Terra,MODIS,98,6.2,310.7,85.2,D,0
-28.7738,150.0343,382.3,1.2,1.1,2014-01-29,0024,Terra,MODIS,100,6.2,314.2,196.9,D,0
-28.7822,150.0203,384.8,1.2,1.1,2014-01-29,0024,Terra,MODIS,100,6.2,313,210.5,D,0
-28.7837,150.0328,381.1,1.2,1.1,2014-01-29,0024,Terra,MODIS,100,6.2,313.7,189.5,D,0
-29.3222,149.1427,338.7,1.1,1.1,2014-01-29,0024,Terra,MODIS,82,6.2,314.4,25.4,D,0
-30.316,148.8875,335.2,1.1,1.1,2014-01-29,0024,Terra,MODIS,77,6.2,315.7,18.8,D,0
-30.3145,148.8758,344.9,1.1,1.1,2014-01-29,0024,Terra,MODIS,89,6.2,314.9,38.5,D,0
-29.3237,149.1543,328.8,1.1,1.1,2014-01-29,0024,Terra,MODIS,64,6.2,314.7,9,D,0
-30.3049,148.8774,334.8,1.1,1.1,2014-01-29,0024,Terra,MODIS,76,6.2,313.3,17.8,D,0
-30.3064,148.8891,336.3,1.1,1.1,2014-01-29,0024,Terra,MODIS,79,6.2,315.4,20.1,D,0
-30.313,148.8641,337.5,1.1,1.1,2014-01-29,0024,Terra,MODIS,80,6.2,314.5,22.7,D,0
-31.7024,148.2794,350.1,1.1,1,2014-01-29,0025,Terra,MODIS,93,6.2,317.6,47.9,D,0
-31.7039,148.291,336.8,1.1,1,2014-01-29,0025,Terra,MODIS,78,6.2,316.5,20,D,0
-31.7133,148.2894,328.4,1.1,1,2014-01-29,0025,Terra,MODIS,53,6.2,314.2,7.4,D,0
-31.7118,148.2777,328.6,1.1,1,2014-01-29,0025,Terra,MODIS,55,6.2,313.6,8,D,0
-33.8443,150.8956,323.6,1.6,1.2,2014-01-29,0025,Terra,MODIS,49,6.2,308.2,13.7,D,0
-31.8197,145.8303,339.9,1,1,2014-01-29,0025,Terra,MODIS,81,6.2,319,17.5,D,0
-31.8107,145.8321,337,1,1,2014-01-29,0025,Terra,MODIS,76,6.2,319.4,13.8,D,0
-36.1849,149.5846,321.4,1.4,1.2,2014-01-29,0026,Terra,MODIS,66,6.2,302.5,19.6,D,0
-36.1955,149.5823,327.8,1.4,1.2,2014-01-29,0026,Terra,MODIS,77,6.2,302.2,30.8,D,0
-36.1833,149.5692,318.3,1.4,1.2,2014-01-29,0026,Terra,MODIS,56,6.2,303.5,15.4,D,0
-38.0985,145.1626,315.9,1,1,2014-01-29,0027,Terra,MODIS,46,6.2,296.7,6.5,D,0
-38.0123,145.2709,315.6,1,1,2014-01-29,0027,Terra,MODIS,29,6.2,297.9,4.6,D,0
-38.0107,145.2593,316.3,1,1,2014-01-29,0027,Terra,MODIS,21,6.2,297.3,4.7,D,0
-41.8026,145.1497,303.3,1.1,1,2014-01-29,0028,Terra,MODIS,25,6.2,285,5.7,D,0
-42.1103,146.5114,306.4,1.2,1.1,2014-01-29,0028,Terra,MODIS,57,6.2,293.4,6.9,D,0
-42.7915,147.6727,313.1,1.4,1.2,2014-01-29,0028,Terra,MODIS,56,6.2,296.8,9.8,D,0
-41.693,145.0101,328,1.1,1,2014-01-29,0028,Terra,MODIS,81,6.2,287.8,27.1,D,0
-27.7878,128.8423,333,2,1.4,2014-01-29,0202,Terra,MODIS,55,6.2,309.8,37.8,D,0
-27.8249,128.8379,333,2,1.4,2014-01-29,0202,Terra,MODIS,52,6.2,309.7,37.6,D,0
-27.8145,128.8593,332.5,2,1.4,2014-01-29,0202,Terra,MODIS,51,6.2,308.9,35.2,D,0
-27.8167,128.8533,333.1,2,1.4,2014-01-29,0202,Terra,MODIS,39,6.2,309.7,36.7,D,0
-25.47,127.5796,331.9,1.5,1.2,2014-01-29,0202,Terra,MODIS,68,6.2,311.1,18.7,D,0
-28.78,150.0504,333.7,4.7,2,2014-01-29,0306,Aqua,MODIS,86,6.2,308,166.7,D,0
-28.7983,150.0068,328.1,4.7,2,2014-01-29,0306,Aqua,MODIS,81,6.2,307.3,98,D,0
-28.7775,150.0543,331.3,4.7,2,2014-01-29,0306,Aqua,MODIS,84,6.2,308,135.4,D,0
-28.7802,150.0055,345.2,4.7,2,2014-01-29,0306,Aqua,MODIS,93,6.2,307.6,346.2,D,0
-28.783,150.0016,346,4.7,2,2014-01-29,0306,Aqua,MODIS,93,6.2,307.9,361.7,D,0
-24.3019,151.6734,311.8,3.2,1.7,2014-01-29,0307,Aqua,MODIS,41,6.2,291.6,29.7,D,0
-41.7992,145.1602,326.9,1.2,1.1,2014-01-29,0440,Aqua,MODIS,83,6.2,295.7,30.2,D,0
-41.8018,145.1455,332.8,1.2,1.1,2014-01-29,0440,Aqua,MODIS,87,6.2,302.9,40.6,D,0
-41.7807,145.1473,310.4,1.2,1.1,2014-01-29,0440,Aqua,MODIS,26,6.2,292.7,11.3,D,0
-41.7919,145.1424,331.2,1.2,1.1,2014-01-29,0440,Aqua,MODIS,86,6.2,297.8,37.5,D,0
-42.7981,147.6733,324.1,1.6,1.2,2014-01-29,0440,Aqua,MODIS,74,6.2,300.6,26.3,D,0
-42.1273,146.5115,331.4,1.4,1.2,2014-01-29,0440,Aqua,MODIS,65,6.2,301.8,41.6,D,0
-42.8015,147.6618,319.3,1.6,1.2,2014-01-29,0440,Aqua,MODIS,78,6.2,301.1,17.6,D,0
-42.1169,146.5077,323.4,1.4,1.2,2014-01-29,0440,Aqua,MODIS,75,6.2,298.8,26.8,D,0
-42.7977,147.68,317.9,1.6,1.2,2014-01-29,0440,Aqua,MODIS,71,6.2,300.6,16.3,D,0
-41.6931,145.0045,316.1,1.2,1.1,2014-01-29,0440,Aqua,MODIS,54,6.2,295.3,15.1,D,0
-37.538,148.8571,313.8,2.5,1.5,2014-01-29,0441,Aqua,MODIS,57,6.2,284.8,39.8,D,0
-37.5439,148.8305,309.9,2.4,1.5,2014-01-29,0441,Aqua,MODIS,50,6.2,286.2,30.1,D,0
-33.1002,138.1455,373.1,1,1,2014-01-29,0443,Aqua,MODIS,100,6.2,319,104.4,D,0
-28.8928,148.7398,331.8,4,1.9,2014-01-29,0443,Aqua,MODIS,59,6.2,313.9,86.3,D,0
-30.3211,148.8661,332.6,3.8,1.8,2014-01-29,0443,Aqua,MODIS,47,6.2,315,58.7,D,0
-29.3359,149.1299,330.4,4.2,1.9,2014-01-29,0443,Aqua,MODIS,50,6.2,315.4,63.2,D,0
-25.0624,147.8584,330.3,4.4,1.9,2014-01-29,0445,Aqua,MODIS,51,6.2,305.2,130.1,D,0
-24.9859,147.7772,334.5,4.3,1.9,2014-01-29,0445,Aqua,MODIS,73,6.2,304.2,197.3,D,0
-25.0629,147.8531,329.7,4.4,1.9,2014-01-29,0445,Aqua,MODIS,56,6.2,305.1,131.2,D,0
-24.9109,148.0275,328.4,4.5,2,2014-01-29,0445,Aqua,MODIS,48,6.2,301,154.7,D,0
-24.9124,148.0239,327.9,4.5,2,2014-01-29,0445,Aqua,MODIS,46,6.2,301.2,151.2,D,0
-24.988,147.7851,334,4.3,1.9,2014-01-29,0445,Aqua,MODIS,71,6.2,304.6,181.8,D,0
-23.1697,147.2956,337.6,4.4,1.9,2014-01-29,0445,Aqua,MODIS,78,6.2,307.5,203.9,D,0
-23.1687,147.3008,336.3,4.4,1.9,2014-01-29,0445,Aqua,MODIS,75,6.2,307.4,188.3,D,0
-23.1517,147.2957,332.6,4.4,1.9,2014-01-29,0445,Aqua,MODIS,67,6.2,307.6,134.9,D,0
-23.1526,147.2907,331.3,4.4,1.9,2014-01-29,0445,Aqua,MODIS,53,6.2,307.5,120.4,D,0
-23.1354,147.2862,345.8,4.4,1.9,2014-01-29,0445,Aqua,MODIS,88,6.2,307.6,325.8,D,0
-24.0385,144.393,338.1,2.7,1.6,2014-01-29,0445,Aqua,MODIS,76,6.2,316.5,76.9,D,0
-24.0194,144.4156,337.5,2.7,1.6,2014-01-29,0445,Aqua,MODIS,75,6.2,316.5,72.2,D,0
-24.0246,144.3897,346.5,2.7,1.6,2014-01-29,0445,Aqua,MODIS,88,6.2,316.5,136.9,D,0
-23.1342,147.2781,335.2,4.4,1.9,2014-01-29,0445,Aqua,MODIS,73,6.2,307,175.4,D,0
-23.1782,147.2587,329.9,4.4,1.9,2014-01-29,0445,Aqua,MODIS,55,6.2,308,103,D,0
-27.8264,128.8459,338.5,2.6,1.6,2014-01-29,0445,Aqua,MODIS,77,6.2,313.4,69.5,D,0
-27.7817,128.8073,368.9,2.6,1.6,2014-01-29,0445,Aqua,MODIS,100,6.2,312,369.1,D,0
-27.7793,128.8339,353.4,2.6,1.6,2014-01-29,0445,Aqua,MODIS,95,6.2,313.2,189.8,D,0
-27.7958,128.8087,343,2.6,1.6,2014-01-29,0445,Aqua,MODIS,84,6.2,311.9,105.9,D,0
-27.7933,128.8353,336.5,2.6,1.6,2014-01-29,0445,Aqua,MODIS,73,6.2,313.1,58.9,D,0
-27.7722,128.8133,335.7,2.6,1.6,2014-01-29,0445,Aqua,MODIS,55,6.2,309.4,60.1,D,0
-27.7886,128.788,343.3,2.6,1.6,2014-01-29,0445,Aqua,MODIS,85,6.2,309.1,114.8,D,0
-27.7863,128.8147,373.2,2.6,1.6,2014-01-29,0445,Aqua,MODIS,100,6.2,314,427.7,D,0
-27.7841,128.8414,347,2.6,1.6,2014-01-29,0445,Aqua,MODIS,89,6.2,313.3,132.2,D,0
-27.8005,128.8162,342.8,2.6,1.6,2014-01-29,0445,Aqua,MODIS,84,6.2,312.1,105,D,0
-27.8146,128.8177,348.1,2.6,1.6,2014-01-29,0445,Aqua,MODIS,90,6.2,312.5,141.5,D,0
-27.8123,128.8444,339.3,2.6,1.6,2014-01-29,0445,Aqua,MODIS,79,6.2,312.4,72.8,D,0
-27.8287,128.8192,332.4,2.6,1.6,2014-01-29,0445,Aqua,MODIS,44,6.2,312.5,36,D,0
-27.8404,128.8474,333.5,2.6,1.6,2014-01-29,0445,Aqua,MODIS,64,6.2,312.6,40.2,D,0
-27.8443,128.8525,334.5,2.6,1.6,2014-01-29,0445,Aqua,MODIS,68,6.2,312.7,46.8,D,0
-20.2496,145.5083,334.8,3.9,1.8,2014-01-29,0446,Aqua,MODIS,75,6.2,303.6,172.2,D,0
-20.2617,145.5064,329.1,3.9,1.8,2014-01-29,0446,Aqua,MODIS,58,6.2,303.8,116.5,D,0
-19.0393,128.0713,313.8,2.3,1.5,2014-01-29,0447,Aqua,MODIS,23,6.2,283.9,23.1,D,0
-22.6137,115.1994,335.9,1.4,1.2,2014-01-29,0624,Aqua,MODIS,72,6.2,295.4,27.7,D,0
-37.4926,148.8734,304.7,2.2,1.4,2014-01-29,1228,Terra,MODIS,61,6.2,287.1,23.2,N,0
-37.5336,148.853,307.1,2.2,1.4,2014-01-29,1228,Terra,MODIS,70,6.2,287.3,27.8,N,0
-37.4949,148.8681,301.3,2.2,1.4,2014-01-29,1228,Terra,MODIS,27,6.2,287,16.1,N,0
-32.6244,150.8095,307.9,1.4,1.2,2014-01-29,1229,Terra,MODIS,73,6.2,294.3,12.7,N,0
-29.3231,149.1452,313.4,1.6,1.3,2014-01-29,1230,Terra,MODIS,87,6.2,295.7,20.4,N,0
-29.3208,149.1505,309.9,1.6,1.3,2014-01-29,1230,Terra,MODIS,79,6.2,295.6,15.8,N,0
-28.7064,149.2767,312.6,1.6,1.2,2014-01-29,1230,Terra,MODIS,85,6.2,295.2,19.4,N,0
-29.1652,148.8914,315.9,1.7,1.3,2014-01-29,1230,Terra,MODIS,92,6.2,295.7,27.7,N,0
-29.167,148.9035,325.6,1.7,1.3,2014-01-29,1230,Terra,MODIS,100,6.2,296.3,48.5,N,0
-29.1555,148.902,321.1,1.7,1.3,2014-01-29,1230,Terra,MODIS,100,6.2,296,37.9,N,0
-29.1635,148.9089,334.1,1.7,1.3,2014-01-29,1230,Terra,MODIS,100,6.2,296.6,71.7,N,0
-28.7745,150.0291,322.7,1.4,1.2,2014-01-29,1230,Terra,MODIS,100,6.2,294.7,32.5,N,0
-28.7852,150.0307,317.8,1.4,1.2,2014-01-29,1230,Terra,MODIS,96,6.2,294.3,25.2,N,0
-28.7691,150.0368,305.3,1.4,1.2,2014-01-29,1230,Terra,MODIS,47,6.2,293.7,8.8,N,0
-28.7868,150.0161,309,1.4,1.2,2014-01-29,1230,Terra,MODIS,76,6.2,294,13.7,N,0
-28.7708,150.0222,306.9,1.4,1.2,2014-01-29,1230,Terra,MODIS,61,6.2,293.6,10.4,N,0
-24.9605,147.7442,310,1.8,1.3,2014-01-29,1231,Terra,MODIS,79,6.2,292.6,21.3,N,0
-25.0657,147.835,314.1,1.8,1.3,2014-01-29,1231,Terra,MODIS,88,6.2,293.5,25.1,N,0
-24.8946,148.0341,317.5,1.7,1.3,2014-01-29,1231,Terra,MODIS,90,6.2,291.9,30.5,N,0
-25.1096,147.8279,306.5,1.8,1.3,2014-01-29,1231,Terra,MODIS,58,6.2,292.9,14,N,0
-25.0639,147.8522,309.4,1.8,1.3,2014-01-29,1231,Terra,MODIS,56,6.2,292.7,17.3,N,0
-24.9723,147.7458,325.7,1.8,1.3,2014-01-29,1231,Terra,MODIS,100,6.2,293.5,53.9,N,0
-24.9685,147.7813,312.8,1.8,1.3,2014-01-29,1231,Terra,MODIS,85,6.2,292.2,25.3,N,0
-24.8927,148.052,311.7,1.7,1.3,2014-01-29,1231,Terra,MODIS,22,6.2,290.2,19.5,N,0
-25.054,147.8338,307.8,1.8,1.3,2014-01-29,1231,Terra,MODIS,35,6.2,292.7,14.7,N,0
-24.896,148.0465,321.5,1.7,1.3,2014-01-29,1231,Terra,MODIS,92,6.2,291.2,38.3,N,0
-24.898,148.0284,311.2,1.7,1.3,2014-01-29,1231,Terra,MODIS,24,6.2,292.1,19.2,N,0
-24.8864,148.0269,304.1,1.7,1.3,2014-01-29,1231,Terra,MODIS,14,6.2,291.2,10.7,N,0
-25.1029,147.8216,309.4,1.8,1.3,2014-01-29,1231,Terra,MODIS,39,6.2,293.1,17.2,N,0
-24.9704,147.7637,323.2,1.8,1.3,2014-01-29,1231,Terra,MODIS,100,6.2,294,46.9,N,0
-24.9389,148.0571,311.1,1.7,1.3,2014-01-29,1231,Terra,MODIS,82,6.2,290.9,21.1,N,0
-25.0978,147.8267,304.4,1.8,1.3,2014-01-29,1231,Terra,MODIS,22,6.2,292.8,10.8,N,0
-24.9043,148.0535,321.9,1.7,1.3,2014-01-29,1231,Terra,MODIS,100,6.2,291,40,N,0
-24.8041,145.2978,309,2.6,1.6,2014-01-29,1231,Terra,MODIS,73,6.2,297.2,27.9,N,0
-23.3492,150.1311,316.2,1.2,1.1,2014-01-29,1231,Terra,MODIS,93,6.2,293.7,17,N,0
-23.3506,150.1193,313.7,1.2,1.1,2014-01-29,1231,Terra,MODIS,88,6.2,293.5,13.9,N,0
-23.3521,150.1076,311.8,1.2,1.1,2014-01-29,1231,Terra,MODIS,83,6.2,293.7,12.2,N,0
-23.3393,150.1296,326.4,1.2,1.1,2014-01-29,1231,Terra,MODIS,100,6.2,293.7,30.7,N,0
-23.3408,150.1181,308.2,1.2,1.1,2014-01-29,1231,Terra,MODIS,74,6.2,292.8,8.9,N,0
-23.3422,150.1063,306.3,1.2,1.1,2014-01-29,1231,Terra,MODIS,67,6.2,292.9,7.6,N,0
-23.7197,148.9879,314.8,1.4,1.2,2014-01-29,1231,Terra,MODIS,57,6.2,292.3,18,N,0
-23.7214,148.9733,316.7,1.4,1.2,2014-01-29,1231,Terra,MODIS,66,6.2,293.4,20.3,N,0
-23.7091,148.9863,319.6,1.4,1.2,2014-01-29,1231,Terra,MODIS,86,6.2,293,25.3,N,0
-23.7107,148.9721,321.2,1.4,1.2,2014-01-29,1231,Terra,MODIS,98,6.2,292.9,27.5,N,0
-23.7125,148.9571,314.1,1.4,1.2,2014-01-29,1231,Terra,MODIS,50,6.2,294.3,17.5,N,0
-23.7018,148.9558,313.6,1.4,1.2,2014-01-29,1231,Terra,MODIS,87,6.2,294,18.4,N,0
-23.6961,148.9642,308.8,1.4,1.2,2014-01-29,1231,Terra,MODIS,76,6.2,293,12.3,N,0
-23.7,148.9714,305.5,1.4,1.2,2014-01-29,1231,Terra,MODIS,42,6.2,291.9,8.4,N,0
-23.7304,148.9886,303.7,1.4,1.2,2014-01-29,1231,Terra,MODIS,19,6.2,292.1,6.5,N,0
-23.7321,148.9741,309.5,1.4,1.2,2014-01-29,1231,Terra,MODIS,73,6.2,293.2,12.1,N,0
-23.1677,147.2873,321,1.8,1.3,2014-01-29,1232,Terra,MODIS,81,6.2,294.3,36.1,N,0
-23.1601,147.2983,312.4,1.8,1.3,2014-01-29,1232,Terra,MODIS,23,6.2,293.8,17.2,N,0
-23.1424,147.3492,316.7,1.8,1.3,2014-01-29,1232,Terra,MODIS,68,6.2,294,28.2,N,0
-23.1345,147.3128,318.7,1.8,1.3,2014-01-29,1232,Terra,MODIS,55,6.2,294.2,30.5,N,0
-23.1364,147.2954,315,1.8,1.3,2014-01-29,1232,Terra,MODIS,52,6.2,293.9,24.5,N,0
-23.1245,147.2938,317.3,1.8,1.3,2014-01-29,1232,Terra,MODIS,94,6.2,294.2,30.6,N,0
-23.2054,147.2735,308.9,1.8,1.3,2014-01-29,1232,Terra,MODIS,39,6.2,294.3,16.1,N,0
-23.2073,147.2559,311.8,1.8,1.3,2014-01-29,1232,Terra,MODIS,48,6.2,294.6,20.8,N,0
-23.1816,147.2706,312.8,1.8,1.3,2014-01-29,1232,Terra,MODIS,17,6.2,294.3,20.9,N,0
-20.2423,145.5104,303.5,2.2,1.4,2014-01-29,1232,Terra,MODIS,34,6.2,292.8,12.5,N,0
-19.0296,145.7984,308.2,2,1.4,2014-01-29,1233,Terra,MODIS,74,6.2,292.1,17.4,N,0
-18.783,145.6965,310.6,2.1,1.4,2014-01-29,1233,Terra,MODIS,81,6.2,290.5,24.4,N,0
-18.7851,145.6764,311.8,2.1,1.4,2014-01-29,1233,Terra,MODIS,83,6.2,290.9,26.4,N,0
-18.7818,145.6909,315.8,2.1,1.4,2014-01-29,1233,Terra,MODIS,92,6.2,290.8,35.3,N,0
-18.7842,145.6706,304,2.1,1.4,2014-01-29,1233,Terra,MODIS,20,6.2,290.6,11,N,0
-19.0311,145.8047,306.3,2,1.4,2014-01-29,1233,Terra,MODIS,68,6.2,292.3,13,N,0
-27.7956,128.8474,308.7,1,1,2014-01-29,1409,Terra,MODIS,61,6.2,298.5,4.7,N,0
-27.7998,128.8167,310.4,1,1,2014-01-29,1409,Terra,MODIS,56,6.2,298.3,5.7,N,0
-27.8211,128.8583,315.7,1,1,2014-01-29,1409,Terra,MODIS,90,6.2,298.5,9.7,N,0
-27.842,128.8411,310.7,1,1,2014-01-29,1409,Terra,MODIS,75,6.2,298.2,6.3,N,0
-27.8301,128.8599,315.9,1,1,2014-01-29,1409,Terra,MODIS,90,6.2,298.6,10.1,N,0
-27.8032,128.8592,310.5,1,1,2014-01-29,1409,Terra,MODIS,74,6.2,298.7,6,N,0
-27.8046,128.849,318.9,1,1,2014-01-29,1409,Terra,MODIS,97,6.2,298.8,13,N,0
-20.256,145.5048,305.6,1,1,2014-01-29,1540,Aqua,MODIS,36,6.2,292,5.4,N,0
-18.7831,145.695,300.4,1,1,2014-01-29,1540,Aqua,MODIS,22,6.2,282.8,4.8,N,0
-24.9719,147.7866,307.5,1.2,1.1,2014-01-29,1541,Aqua,MODIS,8,6.2,290.9,8.9,N,0
-25.0725,147.8657,319.7,1.2,1.1,2014-01-29,1541,Aqua,MODIS,61,6.2,292,22.1,N,0
-24.966,147.7383,312.9,1.2,1.1,2014-01-29,1541,Aqua,MODIS,79,6.2,291.8,14.6,N,0
-24.9674,147.7503,320.9,1.2,1.1,2014-01-29,1541,Aqua,MODIS,99,6.2,292.5,23.1,N,0
-25.0709,147.8533,337.5,1.2,1.1,2014-01-29,1541,Aqua,MODIS,100,6.2,293.2,51.5,N,0
-24.9689,147.7623,314.6,1.2,1.1,2014-01-29,1541,Aqua,MODIS,40,6.2,292,14.6,N,0
-24.9704,147.7744,314,1.2,1.1,2014-01-29,1541,Aqua,MODIS,53,6.2,291.8,14.6,N,0
-25.0694,147.8407,321.6,1.2,1.1,2014-01-29,1541,Aqua,MODIS,49,6.2,292,23.7,N,0
-23.1295,147.3089,307.6,1.1,1.1,2014-01-29,1541,Aqua,MODIS,31,6.2,291.3,7.9,N,0
-23.1353,147.3527,303.4,1.1,1.1,2014-01-29,1541,Aqua,MODIS,14,6.2,290.7,5.5,N,0
-23.1448,147.3512,306.5,1.1,1.1,2014-01-29,1541,Aqua,MODIS,66,6.2,291.4,7.8,N,0
-23.3413,150.127,304.9,1.6,1.3,2014-01-29,1541,Aqua,MODIS,62,6.2,290.6,12.4,N,0
-24.0229,144.4057,308.1,1,1,2014-01-29,1541,Aqua,MODIS,73,6.2,296.1,7.3,N,0
-23.695,148.959,311.4,1.4,1.2,2014-01-29,1541,Aqua,MODIS,42,6.2,293,15.8,N,0
-23.7071,148.9702,317.1,1.4,1.2,2014-01-29,1541,Aqua,MODIS,23,6.2,293.4,21.2,N,0
-23.6965,148.9713,314.9,1.4,1.2,2014-01-29,1541,Aqua,MODIS,31,6.2,293,19.1,N,0
-23.7087,148.9836,323.9,1.4,1.2,2014-01-29,1541,Aqua,MODIS,67,6.2,292.9,30.4,N,0
-23.7105,148.9981,323.5,1.4,1.2,2014-01-29,1541,Aqua,MODIS,71,6.2,293,30.4,N,0
-23.7122,149.0121,320,1.4,1.2,2014-01-29,1541,Aqua,MODIS,60,6.2,293.2,25.5,N,0
-24.7985,145.3085,306.9,1,1,2014-01-29,1542,Aqua,MODIS,70,6.2,295.9,6.2,N,0
-28.7768,150.0432,307.5,1.9,1.3,2014-01-29,1542,Aqua,MODIS,72,6.2,290.4,21.4,N,0
-28.7795,150.0358,308.1,1.9,1.3,2014-01-29,1542,Aqua,MODIS,73,6.2,290.9,23.3,N,0
-28.7747,150.0237,303.6,1.9,1.3,2014-01-29,1542,Aqua,MODIS,56,6.2,290.9,15,N,0
-25.0994,147.8365,307.7,1.2,1.1,2014-01-29,1542,Aqua,MODIS,50,6.2,291.8,9.9,N,0
-25.121,147.8462,309,1.2,1.1,2014-01-29,1542,Aqua,MODIS,31,6.2,291.7,11,N,0
-25.0979,147.8242,307.5,1.2,1.1,2014-01-29,1542,Aqua,MODIS,48,6.2,291.7,9.8,N,0
-29.1554,148.9138,310.5,1.6,1.3,2014-01-29,1543,Aqua,MODIS,80,6.2,293.4,19.8,N,0
-37.5308,148.8621,307.3,2.1,1.4,2014-01-29,1545,Aqua,MODIS,71,6.2,287.8,24.9,N,0
-37.5298,148.8546,304.1,2.1,1.4,2014-01-29,1545,Aqua,MODIS,59,6.2,287.6,21,N,0
-29.6811,148.9476,318.7,4.1,1.9,2014-01-29,2329,Terra,MODIS,41,6.2,304.3,41.5,D,0
-29.1701,148.9137,319.6,4.2,1.9,2014-01-29,2329,Terra,MODIS,64,6.2,304.7,47.7,D,0
-30.3007,148.8799,321.9,4,1.9,2014-01-29,2329,Terra,MODIS,61,6.2,304.7,61.3,D,0
-30.3139,148.8833,324.6,4,1.9,2014-01-29,2329,Terra,MODIS,73,6.2,304.7,79.1,D,0
-28.7891,150.0527,334.1,3.6,1.8,2014-01-29,2329,Terra,MODIS,85,6.2,302.8,156.9,D,0
-28.7805,150.0159,340.2,3.7,1.8,2014-01-29,2329,Terra,MODIS,89,6.2,303,221.6,D,0
-28.7898,150.0189,321.1,3.7,1.8,2014-01-29,2329,Terra,MODIS,70,6.2,302.2,56.6,D,0
-28.7823,150.0604,327.2,3.6,1.8,2014-01-29,2329,Terra,MODIS,78,6.2,302.7,95.9,D,0
-41.8066,145.1714,305.7,3.2,1.7,2014-01-29,2333,Terra,MODIS,59,6.2,291.2,29.5,D,0
-41.8016,145.1661,308.5,3.2,1.7,2014-01-29,2333,Terra,MODIS,65,6.2,292.2,38.4,D,0
-22.6124,145.698,323.5,2.7,1.6,2014-01-30,0105,Terra,MODIS,42,6.2,298.6,39.3,D,0
-24.1071,144.3885,327.2,2.3,1.5,2014-01-30,0106,Terra,MODIS,58,6.2,309.4,30.5,D,0
-24.1035,144.3832,328.7,2.3,1.5,2014-01-30,0106,Terra,MODIS,65,6.2,309.7,39.9,D,0
-27.8468,128.8442,331,2.2,1.4,2014-01-30,0107,Terra,MODIS,67,6.2,310.4,35.9,D,0
-27.8438,128.8391,330.4,2.2,1.4,2014-01-30,0107,Terra,MODIS,66,6.2,310.4,33.9,D,0
-20.5311,118.0446,319.6,1.6,1.2,2014-01-30,0244,Terra,MODIS,74,6.2,287.7,20.6,D,0
-32.069,115.9121,324.7,1.6,1.2,2014-01-30,0247,Terra,MODIS,40,6.2,303.4,11.6,D,0
-31.9931,115.9458,325.3,1.6,1.3,2014-01-30,0247,Terra,MODIS,39,6.2,303.4,11.5,D,0
-42.1142,145.7227,318.9,2.4,1.5,2014-01-30,0345,Aqua,MODIS,65,6.2,296.3,54.1,D,0
-37.5154,148.8372,328.1,1.4,1.2,2014-01-30,0346,Aqua,MODIS,82,6.2,297.8,31.7,D,0
-37.2736,148.5355,315.2,1.5,1.2,2014-01-30,0346,Aqua,MODIS,52,6.2,299.2,12.3,D,0
-37.5456,148.8595,319.2,1.4,1.2,2014-01-30,0346,Aqua,MODIS,72,6.2,298.7,18.2,D,0
-37.538,148.8638,336,1.4,1.2,2014-01-30,0346,Aqua,MODIS,88,6.2,299.3,51.4,D,0
-37.4907,148.8665,322.2,1.4,1.2,2014-01-30,0346,Aqua,MODIS,76,6.2,298.1,22.9,D,0
-37.535,148.8574,346.1,1.4,1.2,2014-01-30,0346,Aqua,MODIS,93,6.2,299.2,77.2,D,0
-37.5367,148.8411,332.9,1.4,1.2,2014-01-30,0346,Aqua,MODIS,86,6.2,299,41.8,D,0
-37.5473,148.8433,319,1.4,1.2,2014-01-30,0346,Aqua,MODIS,72,6.2,298.8,18.2,D,0
-36.19,149.583,317.9,1.2,1.1,2014-01-30,0346,Aqua,MODIS,47,6.2,302.8,11.2,D,0
-37.489,148.8826,315,1.4,1.2,2014-01-30,0346,Aqua,MODIS,57,6.2,298.6,11.6,D,0
-37.5137,148.8535,327.7,1.4,1.2,2014-01-30,0346,Aqua,MODIS,81,6.2,297.6,29.6,D,0
-37.5396,148.8474,352.1,1.4,1.2,2014-01-30,0346,Aqua,MODIS,96,6.2,300.1,101.3,D,0
-37.2602,148.6649,321.9,1.4,1.2,2014-01-30,0346,Aqua,MODIS,74,6.2,300.3,23.4,D,0
-37.2536,148.5161,314.3,1.5,1.2,2014-01-30,0346,Aqua,MODIS,38,6.2,300.1,8.5,D,0
-37.5261,148.8392,339.4,1.4,1.2,2014-01-30,0346,Aqua,MODIS,90,6.2,298.8,57.9,D,0
-37.5244,148.8554,353.4,1.4,1.2,2014-01-30,0346,Aqua,MODIS,97,6.2,299.4,102.4,D,0
-33.7241,150.9539,337,1.1,1,2014-01-30,0347,Aqua,MODIS,83,6.2,313.7,19.7,D,0
-32.6331,150.8148,322.8,1,1,2014-01-30,0347,Aqua,MODIS,18,6.2,307.9,8.7,D,0
-32.5949,150.8187,326,1,1,2014-01-30,0347,Aqua,MODIS,55,6.2,309.9,12.2,D,0
-32.6239,150.8131,329.1,1,1,2014-01-30,0347,Aqua,MODIS,70,6.2,308.6,16.5,D,0
-32.5934,150.8302,338.2,1,1,2014-01-30,0347,Aqua,MODIS,83,6.2,310.9,29.4,D,0
-30.3081,148.881,369.3,1.2,1.1,2014-01-30,0348,Aqua,MODIS,100,6.2,324.6,105,D,0
-30.3066,148.8931,339.2,1.2,1.1,2014-01-30,0348,Aqua,MODIS,74,6.2,324.1,15.8,D,0
-28.7872,150.0234,354.7,1,1,2014-01-30,0348,Aqua,MODIS,96,6.2,321.4,51.1,D,0
-28.7766,150.0323,336.3,1,1,2014-01-30,0348,Aqua,MODIS,75,6.2,317.8,15.6,D,0
-28.7857,150.034,361.7,1,1,2014-01-30,0348,Aqua,MODIS,100,6.2,320.8,69.9,D,0
-28.8894,148.7577,350.4,1.1,1.1,2014-01-30,0348,Aqua,MODIS,92,6.2,321.5,44.2,D,0
-28.8798,148.7562,336.9,1.1,1.1,2014-01-30,0348,Aqua,MODIS,74,6.2,321.4,15.2,D,0
-29.1692,148.899,336.3,1.1,1.1,2014-01-30,0348,Aqua,MODIS,73,6.2,322.5,13.2,D,0
-25.7159,151.0786,340.2,1,1,2014-01-30,0349,Aqua,MODIS,83,6.2,306,31.4,D,0
-24.9735,147.8021,340.3,1.1,1.1,2014-01-30,0350,Aqua,MODIS,86,6.2,287.4,42.5,D,0
-24.886,148.0283,337.5,1.1,1.1,2014-01-30,0350,Aqua,MODIS,26,6.2,294.1,34.9,D,0
-24.8832,148.0508,335.6,1.1,1.1,2014-01-30,0350,Aqua,MODIS,63,6.2,291.3,34,D,0
-24.8926,148.0524,344.8,1.1,1.1,2014-01-30,0350,Aqua,MODIS,91,6.2,291.1,51.7,D,0
-24.8846,148.0396,362,1.1,1.1,2014-01-30,0350,Aqua,MODIS,100,6.2,298.9,96.5,D,0
-24.9021,148.054,334.4,1.1,1.1,2014-01-30,0350,Aqua,MODIS,54,6.2,289.4,30.8,D,0
-24.9749,147.7907,356.5,1.1,1.1,2014-01-30,0350,Aqua,MODIS,98,6.2,288.3,83.5,D,0
-41.674,144.9979,327.6,4.6,2,2014-01-30,0523,Aqua,MODIS,76,6.2,290.9,227.5,D,0
-41.6583,145.0524,315.3,4.6,2,2014-01-30,0523,Aqua,MODIS,63,6.2,287.3,115.5,D,0
-41.6618,145.05,316.3,4.6,2,2014-01-30,0523,Aqua,MODIS,66,6.2,287.6,119.1,D,0
-41.6772,144.9954,321.6,4.6,2,2014-01-30,0523,Aqua,MODIS,65,6.2,291.1,161.7,D,0
-27.8431,128.8178,348.5,1.1,1.1,2014-01-30,0527,Aqua,MODIS,86,6.2,325.8,29.9,D,0
-27.7781,128.7748,377.6,1.1,1.1,2014-01-30,0527,Aqua,MODIS,100,6.2,323,135.9,D,0
-27.7763,128.7862,395.7,1.1,1.1,2014-01-30,0527,Aqua,MODIS,100,6.2,329.2,230.6,D,0
-27.7744,128.7977,353.2,1.1,1.1,2014-01-30,0527,Aqua,MODIS,91,6.2,327.6,35.3,D,0
-27.7858,128.7883,408.8,1.1,1.1,2014-01-30,0527,Aqua,MODIS,100,6.2,335.3,331.3,D,0
-27.784,128.7997,361.7,1.1,1.1,2014-01-30,0527,Aqua,MODIS,97,6.2,330.1,63.3,D,0
-27.8412,128.8293,355.5,1.1,1.1,2014-01-30,0527,Aqua,MODIS,91,6.2,323.2,49.3,D,0
-27.8356,128.8638,365.9,1.1,1.1,2014-01-30,0527,Aqua,MODIS,100,6.2,323.9,83.4,D,0
-27.8526,128.8198,341.2,1.1,1.1,2014-01-30,0527,Aqua,MODIS,73,6.2,324.8,15.4,D,0
-27.8507,128.8313,346.4,1.1,1.1,2014-01-30,0527,Aqua,MODIS,79,6.2,324.6,27.5,D,0
-27.8451,128.8658,358,1.1,1.1,2014-01-30,0527,Aqua,MODIS,98,6.2,328.2,56.6,D,0
-27.8584,128.8448,345.8,1.1,1.1,2014-01-30,0527,Aqua,MODIS,82,6.2,324.2,22.3,D,0
-27.8565,128.8563,358.7,1.1,1.1,2014-01-30,0527,Aqua,MODIS,99,6.2,325.6,56.5,D,0
-22.2129,114.5846,315.9,3.9,1.8,2014-01-30,0529,Aqua,MODIS,41,6.2,287.2,41.6,D,0
-37.5308,148.8598,316.1,1.1,1.1,2014-01-30,1310,Terra,MODIS,92,6.2,292.6,15.7,N,0
-37.4958,148.89,304.3,1.1,1.1,2014-01-30,1310,Terra,MODIS,18,6.2,292.4,5.7,N,0
-37.5213,148.8572,323.3,1.1,1.1,2014-01-30,1310,Terra,MODIS,100,6.2,293.1,23.9,N,0
-37.5139,148.842,321,1.1,1.1,2014-01-30,1310,Terra,MODIS,100,6.2,291.6,21.5,N,0
-37.5329,148.8469,327.4,1.1,1.1,2014-01-30,1310,Terra,MODIS,100,6.2,292.9,29.9,N,0
-37.5117,148.8548,314.6,1.1,1.1,2014-01-30,1310,Terra,MODIS,89,6.2,291.8,14,N,0
-37.4905,148.8622,305.2,1.1,1.1,2014-01-30,1310,Terra,MODIS,19,6.2,291.4,6.1,N,0
-37.5234,148.8444,326.7,1.1,1.1,2014-01-30,1310,Terra,MODIS,100,6.2,292.8,29,N,0
-37.4884,148.8747,314.5,1.1,1.1,2014-01-30,1310,Terra,MODIS,89,6.2,292,14.1,N,0
-37.5074,148.88,311.3,1.1,1.1,2014-01-30,1310,Terra,MODIS,68,6.2,292.5,11.1,N,0
-37.2457,148.4671,309.6,1.1,1.1,2014-01-30,1311,Terra,MODIS,78,6.2,292.4,9.3,N,0
-37.2568,148.6598,302.3,1.1,1.1,2014-01-30,1311,Terra,MODIS,48,6.2,291.3,5.2,N,0
-37.2809,148.4568,309.1,1.1,1,2014-01-30,1311,Terra,MODIS,48,6.2,291.6,9.3,N,0
-37.1775,148.3781,303.2,1.1,1,2014-01-30,1311,Terra,MODIS,51,6.2,292.5,4.8,N,0
-37.249,148.5067,302,1.1,1.1,2014-01-30,1311,Terra,MODIS,46,6.2,291.9,4.8,N,0
-37.2637,148.5368,302.2,1.1,1.1,2014-01-30,1311,Terra,MODIS,38,6.2,291.2,4.8,N,0
-37.1974,148.403,307.1,1.1,1,2014-01-30,1311,Terra,MODIS,50,6.2,292.6,7.2,N,0
-37.2665,148.5431,301.3,1.1,1.1,2014-01-30,1311,Terra,MODIS,40,6.2,291.3,4.8,N,0
-37.1922,148.4077,305.6,1.1,1,2014-01-30,1311,Terra,MODIS,14,6.2,292.1,6.5,N,0
-30.2988,148.8833,310.2,1.5,1.2,2014-01-30,1312,Terra,MODIS,79,6.2,296.3,13.6,N,0
-29.6809,148.9651,313.3,1.6,1.2,2014-01-30,1313,Terra,MODIS,87,6.2,296.1,19.7,N,0
-29.6807,148.9716,319.3,1.6,1.2,2014-01-30,1313,Terra,MODIS,98,6.2,296,29.4,N,0
-28.6963,149.2718,317.9,1.7,1.3,2014-01-30,1313,Terra,MODIS,96,6.2,286.2,35.4,N,0
-28.7001,149.2661,313.3,1.7,1.3,2014-01-30,1313,Terra,MODIS,87,6.2,287.4,26.7,N,0
-29.678,148.981,313.7,1.6,1.2,2014-01-30,1313,Terra,MODIS,88,6.2,295.8,20.1,N,0
-28.697,149.2833,302.7,1.7,1.3,2014-01-30,1313,Terra,MODIS,47,6.2,283.3,11.3,N,0
-31.073,149.4943,305.6,2.2,1.4,2014-01-30,1448,Aqua,MODIS,65,6.2,292.4,21.7,N,0
-37.5104,148.8613,312.9,1.7,1.3,2014-01-30,1450,Aqua,MODIS,49,6.2,291.2,22.3,N,0
-37.5218,148.8582,309.4,1.7,1.3,2014-01-30,1450,Aqua,MODIS,64,6.2,291.7,18.3,N,0
-37.2608,148.6731,304.7,1.7,1.3,2014-01-30,1450,Aqua,MODIS,61,6.2,291.1,14.1,N,0
-37.5332,148.8548,308.7,1.7,1.3,2014-01-30,1450,Aqua,MODIS,64,6.2,291.6,17.8,N,0
-30.863,121.4893,316.6,1.1,1,2014-01-30,1451,Terra,MODIS,92,6.2,297.7,13.4,N,2
-27.837,128.8673,308.3,3.4,1.7,2014-01-30,1452,Terra,MODIS,55,6.2,297.5,25.8,N,0
-27.7888,128.7942,310.6,1.4,1.2,2014-01-30,1626,Aqua,MODIS,53,6.2,298.2,10.3,N,0
-31.8592,152.3589,324.2,1.2,1.1,2014-01-31,0012,Terra,MODIS,67,6.2,309.9,11.2,D,0
-30.3017,148.8956,327.8,1,1,2014-01-31,0012,Terra,MODIS,58,6.2,314,7.3,D,0
-30.3001,148.8851,328.7,1,1,2014-01-31,0012,Terra,MODIS,62,6.2,312.9,8.3,D,0
-29.3338,149.1337,334.3,1,1,2014-01-31,0012,Terra,MODIS,78,6.2,313.4,16.6,D,0
-30.3107,148.8938,356.5,1,1,2014-01-31,0012,Terra,MODIS,97,6.2,315.9,58.2,D,0
-30.3091,148.8833,350.7,1,1,2014-01-31,0012,Terra,MODIS,93,6.2,315.2,44.9,D,0
-31.684,146.3133,335,1.2,1.1,2014-01-31,0013,Terra,MODIS,73,6.2,319.7,16.5,D,0
-31.6936,146.3111,342.8,1.2,1.1,2014-01-31,0013,Terra,MODIS,85,6.2,319.8,32.5,D,0
-31.6819,146.3011,340.9,1.2,1.1,2014-01-31,0013,Terra,MODIS,83,6.2,319.7,28.5,D,0
-37.2476,148.5065,311.4,1,1,2014-01-31,0014,Terra,MODIS,53,6.2,298,6,D,0
-37.4928,148.8831,308.5,1,1,2014-01-31,0014,Terra,MODIS,21,6.2,294.7,4.6,D,0
-37.5248,148.8585,327.8,1,1,2014-01-31,0014,Terra,MODIS,83,6.2,295.5,22.5,D,0
-37.2768,148.4594,315.2,1,1,2014-01-31,0014,Terra,MODIS,19,6.2,297.4,8.3,D,0
-37.4912,148.8713,314.9,1,1,2014-01-31,0014,Terra,MODIS,68,6.2,295,9.6,D,0
-37.5323,148.8449,330.2,1,1,2014-01-31,0014,Terra,MODIS,84,6.2,296.2,25.4,D,0
-37.5339,148.8566,325.6,1,1,2014-01-31,0014,Terra,MODIS,76,6.2,296.7,19.4,D,0
-37.2609,148.6695,322.8,1,1,2014-01-31,0014,Terra,MODIS,76,6.2,298,17.5,D,0
-37.2492,148.5179,312.3,1,1,2014-01-31,0014,Terra,MODIS,56,6.2,297.4,6.5,D,0
-37.2151,148.408,310,1,1,2014-01-31,0014,Terra,MODIS,35,6.2,298.6,4.4,D,0
-37.2875,148.4688,311.5,1,1,2014-01-31,0014,Terra,MODIS,24,6.2,296.7,6,D,0
-37.5232,148.8468,325,1,1,2014-01-31,0014,Terra,MODIS,80,6.2,295.6,19.6,D,0
-37.514,148.8488,328.8,1,1,2014-01-31,0014,Terra,MODIS,83,6.2,295.7,23.3,D,0
-41.6527,145.0387,334.6,1,1,2014-01-31,0015,Terra,MODIS,89,6.2,296.3,33.2,D,0
-27.7705,128.7574,345.9,1.2,1.1,2014-01-31,0150,Terra,MODIS,88,6.2,320.8,38.5,D,0
-27.862,128.841,337.5,1.3,1.1,2014-01-31,0150,Terra,MODIS,61,6.2,319.5,17.4,D,0
-27.772,128.77,355.8,1.2,1.1,2014-01-31,0150,Terra,MODIS,97,6.2,322.7,66,D,0
-27.8072,128.8104,339.9,1.2,1.1,2014-01-31,0150,Terra,MODIS,41,6.2,322,18.8,D,0
-27.852,128.8425,360.5,1.3,1.1,2014-01-31,0150,Terra,MODIS,100,6.2,325.4,81.8,D,0
-27.8504,128.8298,343.9,1.3,1.1,2014-01-31,0150,Terra,MODIS,78,6.2,322.7,31.1,D,0
-27.8535,128.8552,354.3,1.3,1.1,2014-01-31,0150,Terra,MODIS,95,6.2,324.1,59.6,D,0
-37.2731,148.6689,322.9,1.6,1.2,2014-01-31,0429,Aqua,MODIS,77,6.2,296.9,34.5,D,0
-37.2576,148.4535,315.5,1.6,1.2,2014-01-31,0429,Aqua,MODIS,44,6.2,296.8,14.7,D,0
-37.2479,148.5039,312.2,1.6,1.2,2014-01-31,0429,Aqua,MODIS,47,6.2,297.1,11.5,D,0
-37.3816,147.4451,314.6,1.4,1.2,2014-01-31,0429,Aqua,MODIS,30,6.2,298.2,11,D,0
-37.2815,148.4484,314,1.6,1.2,2014-01-31,0429,Aqua,MODIS,56,6.2,296.1,15,D,0
-36.0743,149.068,393.3,1.8,1.3,2014-01-31,0429,Aqua,MODIS,100,6.2,310.8,461.2,D,0
-36.0784,149.0476,464.8,1.8,1.3,2014-01-31,0429,Aqua,MODIS,100,6.2,335.6,2109.8,D,0
-36.0824,149.0279,385.5,1.8,1.3,2014-01-31,0429,Aqua,MODIS,100,6.2,321,367.1,D,0
-36.09,149.0512,345.3,1.8,1.3,2014-01-31,0429,Aqua,MODIS,90,6.2,312.8,78.9,D,0
-33.134,149.6795,367.8,2.3,1.5,2014-01-31,0430,Aqua,MODIS,100,6.2,314.9,311.2,D,0
-33.1287,149.704,329.9,2.3,1.5,2014-01-31,0430,Aqua,MODIS,50,6.2,313.6,36.2,D,0
-31.6597,145.9103,349.4,1.4,1.2,2014-01-31,0431,Aqua,MODIS,91,6.2,326.8,52.1,D,0
-27.8552,128.8107,341.1,4.3,1.9,2014-01-31,0432,Aqua,MODIS,81,6.2,317.2,175.7,D,0
-27.835,128.8531,345.5,4.3,1.9,2014-01-31,0432,Aqua,MODIS,87,6.2,318.5,233.1,D,0
-27.8203,128.8078,341.8,4.3,1.9,2014-01-31,0432,Aqua,MODIS,83,6.2,319.2,178.7,D,0
-27.8229,128.7636,374.4,4.3,1.9,2014-01-31,0432,Aqua,MODIS,100,6.2,320.6,906.1,D,0
-27.8256,128.7192,339.5,4.4,1.9,2014-01-31,0432,Aqua,MODIS,79,6.2,313.7,187.2,D,0
-27.8029,128.8063,356.4,4.3,1.9,2014-01-31,0432,Aqua,MODIS,97,6.2,320,426.6,D,0
-27.8255,128.7155,335.5,4.4,1.9,2014-01-31,0432,Aqua,MODIS,60,6.2,313.5,127.9,D,0
-27.8226,128.7599,376.8,4.3,1.9,2014-01-31,0432,Aqua,MODIS,100,6.2,320.6,977.8,D,0
-27.8054,128.7623,407.2,4.3,1.9,2014-01-31,0432,Aqua,MODIS,100,6.2,321.4,2303.4,D,0
-27.808,128.7181,353.8,4.4,1.9,2014-01-31,0432,Aqua,MODIS,95,6.2,310.5,422,D,0
-27.8546,128.8068,339.3,4.3,1.9,2014-01-31,0432,Aqua,MODIS,76,6.2,316.9,148,D,0
-27.8197,128.804,345.8,4.3,1.9,2014-01-31,0432,Aqua,MODIS,88,6.2,319.3,237.7,D,0
-27.8342,128.8493,342.5,4.3,1.9,2014-01-31,0432,Aqua,MODIS,83,6.2,318.6,191.3,D,0
-27.7688,128.7482,340.8,4.3,1.9,2014-01-31,0432,Aqua,MODIS,75,6.2,317.4,174.1,D,0
-27.7863,128.7495,336.1,4.3,1.9,2014-01-31,0432,Aqua,MODIS,43,6.2,317.3,120.5,D,0
-27.7729,128.712,336.2,4.4,1.9,2014-01-31,0432,Aqua,MODIS,53,6.2,314,138.3,D,0
-27.7701,128.7561,341.8,4.3,1.9,2014-01-31,0432,Aqua,MODIS,82,6.2,317.8,198.1,D,0
-27.7876,128.7574,342.9,4.3,1.9,2014-01-31,0432,Aqua,MODIS,83,6.2,317.5,218.8,D,0
-27.808,128.7146,345.8,4.4,1.9,2014-01-31,0432,Aqua,MODIS,88,6.2,310.4,276.5,D,0
-27.8051,128.7587,404.3,4.3,1.9,2014-01-31,0432,Aqua,MODIS,100,6.2,321.6,2139.4,D,0
-27.8023,128.8026,360.6,4.3,1.9,2014-01-31,0432,Aqua,MODIS,100,6.2,320,518,D,0
-20.2591,140.4126,372.3,1.1,1,2014-01-31,0434,Aqua,MODIS,100,6.2,315.9,109.2,D,0
-20.7343,139.4787,342,1,1,2014-01-31,0434,Aqua,MODIS,83,6.2,321.7,18.1,D,2
-20.2607,140.4022,353,1.1,1,2014-01-31,0434,Aqua,MODIS,94,6.2,315.4,45.2,D,0
-29.9668,152.804,301.6,1.5,1.2,2014-01-31,1217,Terra,MODIS,43,6.2,290,9.3,N,0
-31.0828,149.4581,312.2,2.7,1.6,2014-01-31,1217,Terra,MODIS,84,6.2,294.1,42.3,N,0
-31.0793,149.4525,306.1,2.7,1.6,2014-01-31,1217,Terra,MODIS,67,6.2,293.6,25,N,0
-31.0769,149.4811,317,2.6,1.6,2014-01-31,1217,Terra,MODIS,94,6.2,295.4,59.5,N,0
-31.0806,149.4869,314.3,2.6,1.6,2014-01-31,1217,Terra,MODIS,89,6.2,295.5,49.2,N,0
-41.639,145.0194,334,2.1,1.4,2014-01-31,1352,Terra,MODIS,100,6.2,286.4,109.9,N,0
-41.6333,145.0447,324.9,2.1,1.4,2014-01-31,1352,Terra,MODIS,100,6.2,285.7,76.1,N,0
-32.9978,137.5917,309.3,1.3,1.1,2014-01-31,1355,Terra,MODIS,76,6.2,296.2,9.4,N,2
-32.6202,150.826,303,1.5,1.2,2014-01-31,1531,Aqua,MODIS,52,6.2,292.7,7.9,N,0
-31.084,149.4741,305.1,1.2,1.1,2014-01-31,1531,Aqua,MODIS,29,6.2,291.1,7.8,N,0
-31.0756,149.4884,306.7,1.2,1.1,2014-01-31,1531,Aqua,MODIS,23,6.2,292.6,9,N,0
-31.074,149.4756,339.7,1.2,1.1,2014-01-31,1531,Aqua,MODIS,100,6.2,293.9,57.1,N,0
-31.0724,149.4628,331.4,1.2,1.1,2014-01-31,1531,Aqua,MODIS,100,6.2,292.4,40.6,N,0
-36.0514,149.0461,303.8,1.3,1.1,2014-01-31,1532,Aqua,MODIS,14,6.2,288.5,9.4,N,0
-36.0617,149.044,315,1.3,1.1,2014-01-31,1532,Aqua,MODIS,10,6.2,289.2,19.2,N,0
-36.0549,149.0231,310.3,1.3,1.1,2014-01-31,1532,Aqua,MODIS,43,6.2,285.8,15.1,N,0
-36.0566,149.0381,313.7,1.3,1.1,2014-01-31,1532,Aqua,MODIS,10,6.2,288.1,17.5,N,0
-36.0582,149.0534,319.8,1.3,1.1,2014-01-31,1532,Aqua,MODIS,74,6.2,290,26.1,N,0
-36.0686,149.0518,312.6,1.3,1.1,2014-01-31,1532,Aqua,MODIS,85,6.2,289.6,18.7,N,0
-36.0531,149.0613,308,1.3,1.1,2014-01-31,1532,Aqua,MODIS,64,6.2,289.3,13.3,N,0
-36.06,149.029,321.3,1.3,1.1,2014-01-31,1532,Aqua,MODIS,100,6.2,287.4,29.7,N,0
-41.6291,145.0338,301.7,1.1,1,2014-01-31,1534,Aqua,MODIS,44,6.2,285.1,7.5,N,0
-19.2406,141.5085,334.3,1,1,2014-02-01,0052,Terra,MODIS,60,6.2,309.8,11.9,D,0
-19.2392,141.499,334.9,1,1,2014-02-01,0052,Terra,MODIS,64,6.2,309.6,12.3,D,0
-31.0715,149.4706,328.9,3.8,1.8,2014-02-01,0055,Terra,MODIS,40,6.2,305.8,101.2,D,0
-31.0741,149.5107,328.9,3.8,1.8,2014-02-01,0055,Terra,MODIS,47,6.2,311.2,95.9,D,0
-30.3101,148.8924,325.7,3.4,1.7,2014-02-01,0055,Terra,MODIS,48,6.2,309.9,40.6,D,0
-27.8686,128.8482,329.9,3.6,1.8,2014-02-01,0055,Terra,MODIS,58,6.2,313.5,65.2,D,0
-27.2497,127.8942,329,4.3,1.9,2014-02-01,0055,Terra,MODIS,55,6.2,313.7,82.9,D,0
-27.7746,128.7345,331.7,3.7,1.8,2014-02-01,0055,Terra,MODIS,49,6.2,315.4,66.4,D,0
-27.7652,128.7316,332.8,3.7,1.8,2014-02-01,0055,Terra,MODIS,58,6.2,315.1,77.7,D,0
-27.8616,128.8578,344,3.6,1.8,2014-02-01,0055,Terra,MODIS,87,6.2,315.5,195.7,D,0
-36.0546,149.0262,325.8,3.9,1.8,2014-02-01,0057,Terra,MODIS,59,6.2,304.9,83.7,D,0
-36.0608,149.0662,321.2,4,1.9,2014-02-01,0057,Terra,MODIS,24,6.2,304,48.8,D,0
-36.0586,149.0189,325.4,3.9,1.8,2014-02-01,0057,Terra,MODIS,61,6.2,305.2,80.1,D,0
-31.8571,115.8946,323.1,1.1,1,2014-02-01,0235,Terra,MODIS,57,6.2,304.4,6.6,D,0
-31.8586,115.9063,323.2,1.1,1,2014-02-01,0235,Terra,MODIS,55,6.2,304.8,6.5,D,0
-32.0662,115.9124,324.2,1.1,1.1,2014-02-01,0235,Terra,MODIS,48,6.2,304.9,8.2,D,0
-32.0629,115.919,324,1.1,1.1,2014-02-01,0235,Terra,MODIS,41,6.2,304.9,7.1,D,2
-32.1016,115.81,321.6,1.1,1,2014-02-01,0235,Terra,MODIS,40,6.2,302.8,7.3,D,0
-31.9101,115.8199,322.8,1.1,1,2014-02-01,0235,Terra,MODIS,30,6.2,304,8.4,D,0
-42.0963,145.7137,326.8,3.7,1.8,2014-02-01,0333,Aqua,MODIS,60,6.2,303.3,135,D,0
-42.0899,145.7053,327,3.7,1.8,2014-02-01,0333,Aqua,MODIS,0,6.2,304.9,138.3,D,0
-37.2772,148.6785,319.7,2.2,1.4,2014-02-01,0334,Aqua,MODIS,67,6.2,302.4,32.3,D,0
-37.5318,148.8544,323.4,2.1,1.4,2014-02-01,0334,Aqua,MODIS,68,6.2,302.7,40.9,D,0
-37.5063,148.8716,320.5,2.1,1.4,2014-02-01,0334,Aqua,MODIS,32,6.2,302.4,27.5,D,0
-37.5083,148.8464,323,2.1,1.4,2014-02-01,0334,Aqua,MODIS,52,6.2,302.1,36.8,D,0
-37.5342,148.8504,324.3,2.1,1.4,2014-02-01,0334,Aqua,MODIS,55,6.2,302.8,43,D,0
-37.2767,148.6617,326.7,2.2,1.4,2014-02-01,0334,Aqua,MODIS,77,6.2,301.6,52.5,D,0
-37.279,148.6559,316.7,2.2,1.4,2014-02-01,0334,Aqua,MODIS,52,6.2,301.1,23.9,D,0
-37.266,148.6534,316,2.2,1.4,2014-02-01,0334,Aqua,MODIS,37,6.2,300.2,22.4,D,0
-37.369,147.4504,318.5,2.6,1.6,2014-02-01,0334,Aqua,MODIS,48,6.2,302.1,35.6,D,0
-37.3752,147.4257,315.8,2.6,1.6,2014-02-01,0334,Aqua,MODIS,28,6.2,304.6,23.1,D,0
-34.0732,150.682,327.4,1.5,1.2,2014-02-01,0335,Aqua,MODIS,47,6.2,309.8,14,D,0
-31.7836,152.0692,326.8,1.2,1.1,2014-02-01,0335,Aqua,MODIS,33,6.2,311.5,14.7,D,0
-31.7836,152.0638,323.9,1.2,1.1,2014-02-01,0335,Aqua,MODIS,37,6.2,311.2,11.7,D,0
-32.6261,150.8191,325.4,1.4,1.2,2014-02-01,0335,Aqua,MODIS,57,6.2,306.6,18.3,D,0
-31.0865,149.4766,420.8,1.6,1.3,2014-02-01,0336,Aqua,MODIS,100,6.2,325.7,767.8,D,0
-31.054,149.465,333.4,1.6,1.3,2014-02-01,0336,Aqua,MODIS,48,6.2,314.6,26.9,D,0
-31.0672,149.4493,370.8,1.6,1.3,2014-02-01,0336,Aqua,MODIS,100,6.2,314.6,206.9,D,0
-31.0847,149.494,370.9,1.6,1.3,2014-02-01,0336,Aqua,MODIS,100,6.2,324.4,184.9,D,0
-31.0882,149.4591,344.7,1.6,1.3,2014-02-01,0336,Aqua,MODIS,65,6.2,310.6,61.3,D,0
-31.0734,149.4925,357.7,1.6,1.3,2014-02-01,0336,Aqua,MODIS,98,6.2,323.8,106.5,D,0
-31.0979,149.4783,357.3,1.6,1.3,2014-02-01,0336,Aqua,MODIS,96,6.2,317.3,110.1,D,0
-31.0751,149.4751,501.2,1.6,1.3,2014-02-01,0336,Aqua,MODIS,100,6.2,400.1,3289.7,D,0
-31.0768,149.4577,455.7,1.6,1.3,2014-02-01,0336,Aqua,MODIS,100,6.2,330.1,1577.2,D,0
-31.0637,149.4735,427.7,1.6,1.3,2014-02-01,0336,Aqua,MODIS,100,6.2,327.6,902.6,D,0
-31.0654,149.4562,417.7,1.6,1.3,2014-02-01,0336,Aqua,MODIS,100,6.2,321.2,736.3,D,0
-31.0768,149.4683,475.7,1.6,1.3,2014-02-01,0336,Aqua,MODIS,100,6.2,400.1,2210.4,D,0
-31.0786,149.4508,343.7,1.6,1.3,2014-02-01,0336,Aqua,MODIS,76,6.2,310.6,68.6,D,0
-31.0636,149.484,382,1.6,1.3,2014-02-01,0336,Aqua,MODIS,100,6.2,319.1,280,D,0
-31.0654,149.4668,472.5,1.6,1.3,2014-02-01,0336,Aqua,MODIS,100,6.2,339.8,2098.9,D,0
-31.0749,149.4857,403.5,1.6,1.3,2014-02-01,0336,Aqua,MODIS,100,6.2,331.2,506.1,D,0
-31.0961,149.4955,339.1,1.6,1.3,2014-02-01,0336,Aqua,MODIS,18,6.2,323.1,28.8,D,0
-29.9648,152.8148,340.7,1.1,1,2014-02-01,0336,Aqua,MODIS,88,6.2,304.6,35.6,D,0
-29.8351,150.8676,335.8,1.3,1.1,2014-02-01,0336,Aqua,MODIS,39,6.2,321.4,18.8,D,0
-29.8366,150.854,344,1.3,1.1,2014-02-01,0336,Aqua,MODIS,83,6.2,320.4,41.6,D,0
-29.9662,152.8038,332.7,1.1,1,2014-02-01,0336,Aqua,MODIS,78,6.2,305.5,23.3,D,0
-31.0937,150.1567,374,1.5,1.2,2014-02-01,0336,Aqua,MODIS,100,6.2,321.4,193,D,0
-29.8335,150.8813,337.4,1.3,1.1,2014-02-01,0336,Aqua,MODIS,81,6.2,321,21.6,D,0
-29.8304,150.9082,356.9,1.3,1.1,2014-02-01,0336,Aqua,MODIS,98,6.2,321.3,78.6,D,0
-31.0952,150.1623,372,1.5,1.2,2014-02-01,0336,Aqua,MODIS,100,6.2,321.2,179.8,D,0
-29.0639,152.2054,328.5,1.1,1,2014-02-01,0336,Aqua,MODIS,75,6.2,303.3,21,D,0
-31.0968,150.1468,360.4,1.5,1.2,2014-02-01,0336,Aqua,MODIS,100,6.2,315.4,118.6,D,0
-29.9742,152.8159,334.2,1.1,1,2014-02-01,0336,Aqua,MODIS,82,6.2,305.1,24,D,0
-27.3203,152.9868,322.3,1,1,2014-02-01,0337,Aqua,MODIS,36,6.2,307.4,6.8,D,2
-27.3217,152.9765,322.5,1,1,2014-02-01,0337,Aqua,MODIS,48,6.2,307.3,7,D,0
-41.6431,145.0254,317.2,3.2,1.7,2014-02-01,0511,Aqua,MODIS,67,6.2,302.7,55.7,D,0
-41.6528,145.0348,334.3,3.2,1.7,2014-02-01,0511,Aqua,MODIS,86,6.2,301.2,161.5,D,0
-41.6622,144.9982,313.4,3.1,1.7,2014-02-01,0511,Aqua,MODIS,57,6.2,298.3,40.3,D,0
-27.7515,128.8073,362.4,1,1,2014-02-01,0515,Aqua,MODIS,100,6.2,335.2,53.3,D,0
-27.7501,128.8175,357.6,1,1,2014-02-01,0515,Aqua,MODIS,98,6.2,334.7,40.8,D,0
-27.8626,128.8642,362.1,1,1,2014-02-01,0515,Aqua,MODIS,100,6.2,332.7,53.1,D,0
-27.2443,127.883,343,1,1,2014-02-01,0515,Aqua,MODIS,53,6.2,330.2,13,D,0
-27.2534,127.8846,344.7,1,1,2014-02-01,0515,Aqua,MODIS,79,6.2,330.4,16.9,D,0
-27.8641,128.854,351.3,1,1,2014-02-01,0515,Aqua,MODIS,93,6.2,334.1,25.3,D,0
-27.7581,128.6934,358.1,1,1,2014-02-01,0515,Aqua,MODIS,98,6.2,327.9,46.6,D,0
-27.7762,128.6965,360.1,1,1,2014-02-01,0515,Aqua,MODIS,52,6.2,327.1,45,D,0
-27.7748,128.7068,364.5,1,1,2014-02-01,0515,Aqua,MODIS,71,6.2,332,52,D,0
-27.7838,128.7084,365.7,1,1,2014-02-01,0515,Aqua,MODIS,72,6.2,331.3,56.9,D,0
-27.7824,128.7186,364.5,1,1,2014-02-01,0515,Aqua,MODIS,89,6.2,332.6,56.2,D,0
-27.7567,128.7036,386.1,1,1,2014-02-01,0515,Aqua,MODIS,100,6.2,334,145,D,0
-27.7657,128.7052,377.9,1,1,2014-02-01,0515,Aqua,MODIS,100,6.2,335.5,104.4,D,0
-27.7672,128.695,388.2,1,1,2014-02-01,0515,Aqua,MODIS,100,6.2,333.9,154.6,D,0
-27.7957,128.6895,345.8,1,1,2014-02-01,0515,Aqua,MODIS,30,6.2,329.6,19.2,D,0
-27.7411,128.8158,344.5,1,1,2014-02-01,0515,Aqua,MODIS,86,6.2,332.1,14.2,D,0
-27.7425,128.8056,350.3,1,1,2014-02-01,0515,Aqua,MODIS,92,6.2,331.8,25.8,D,0
-27.8051,128.8121,354.5,1,1,2014-02-01,0515,Aqua,MODIS,96,6.2,332.8,34.6,D,0
-27.79,128.7305,351.9,1,1,2014-02-01,0515,Aqua,MODIS,66,6.2,332.8,26.7,D,0
-27.7643,128.7154,359.7,1,1,2014-02-01,0515,Aqua,MODIS,79,6.2,333.3,44.1,D,0
-27.8536,128.8626,354,1,1,2014-02-01,0515,Aqua,MODIS,94,6.2,333.6,30.3,D,0
-27.8251,128.8679,363.3,1,1,2014-02-01,0515,Aqua,MODIS,100,6.2,334,57.1,D,0
-27.8265,128.8577,348.9,1,1,2014-02-01,0515,Aqua,MODIS,91,6.2,334,20.8,D,0
-27.7915,128.7202,357.3,1,1,2014-02-01,0515,Aqua,MODIS,57,6.2,333.1,38.2,D,0
-25.2912,127.4011,345.4,1,1,2014-02-01,0516,Aqua,MODIS,65,6.2,331.1,14.7,D,0
-25.2926,127.3908,397,1,1,2014-02-01,0516,Aqua,MODIS,100,6.2,336.2,210.5,D,0
-25.3004,127.4026,344.1,1,1,2014-02-01,0516,Aqua,MODIS,39,6.2,331.6,12.2,D,0
-25.3018,127.3923,356,1,1,2014-02-01,0516,Aqua,MODIS,97,6.2,333.8,40.9,D,0
-37.1438,148.3804,309.3,1,1,2014-02-01,1258,Terra,MODIS,72,6.2,295.7,6.7,N,0
-37.2892,148.4648,313.5,1,1,2014-02-01,1258,Terra,MODIS,87,6.2,293.3,11.1,N,0
-37.2377,148.5002,309.1,1,1,2014-02-01,1258,Terra,MODIS,76,6.2,293.9,7.3,N,0
-37.2601,148.5404,327.4,1,1,2014-02-01,1258,Terra,MODIS,100,6.2,295.9,25,N,0
-37.2361,148.5116,317.8,1,1,2014-02-01,1258,Terra,MODIS,96,6.2,294.4,14.7,N,0
-37.3674,147.46,304.2,1,1,2014-02-01,1258,Terra,MODIS,59,6.2,293.5,5.6,N,0
-37.5219,148.8392,309.1,1,1,2014-02-01,1258,Terra,MODIS,43,6.2,293.1,7.7,N,0
-37.2636,148.4476,319.7,1,1,2014-02-01,1258,Terra,MODIS,99,6.2,296,15.1,N,0
-37.2585,148.5517,312.3,1,1,2014-02-01,1258,Terra,MODIS,85,6.2,294,10,N,0
-37.1725,148.3751,312.7,1,1,2014-02-01,1258,Terra,MODIS,85,6.2,294.9,9.5,N,0
-37.2452,148.5137,316.2,1,1,2014-02-01,1258,Terra,MODIS,93,6.2,295.2,12.5,N,0
-37.2817,148.4515,311.9,1,1,2014-02-01,1258,Terra,MODIS,75,6.2,294.3,9.3,N,0
-37.2772,148.684,356.1,1,1,2014-02-01,1258,Terra,MODIS,100,6.2,298.6,75.2,N,0
-37.2483,148.4911,315.6,1,1,2014-02-01,1258,Terra,MODIS,92,6.2,295.1,11.8,N,0
-37.4975,148.8805,318.5,1,1,2014-02-01,1258,Terra,MODIS,69,6.2,294.5,13.9,N,0
-37.5007,148.8578,326.9,1,1,2014-02-01,1258,Terra,MODIS,90,6.2,294.4,22.1,N,0
-37.5203,148.8506,314.5,1,1,2014-02-01,1258,Terra,MODIS,74,6.2,294.3,11.5,N,0
-37.2424,148.4663,316.2,1,1,2014-02-01,1258,Terra,MODIS,93,6.2,295.4,12.5,N,0
-37.2801,148.4629,307.3,1,1,2014-02-01,1258,Terra,MODIS,20,6.2,294.4,6.2,N,0
-37.2617,148.529,307.4,1,1,2014-02-01,1258,Terra,MODIS,71,6.2,293.3,6.8,N,0
-37.2698,148.6707,330,1,1,2014-02-01,1258,Terra,MODIS,100,6.2,296.3,27.9,N,0
-37.1544,148.3712,310.8,1,1,2014-02-01,1258,Terra,MODIS,35,6.2,295.2,7.3,N,0
-37.251,148.5384,314.9,1,1,2014-02-01,1258,Terra,MODIS,90,6.2,293.9,11.9,N,0
-37.2682,148.682,313.1,1,1,2014-02-01,1258,Terra,MODIS,86,6.2,295,10.5,N,0
-37.4991,148.8692,340.8,1,1,2014-02-01,1258,Terra,MODIS,100,6.2,296.3,42.1,N,0
-37.1513,148.394,315.2,1,1,2014-02-01,1258,Terra,MODIS,78,6.2,295.5,11.1,N,0
-37.49,148.8671,308.7,1,1,2014-02-01,1258,Terra,MODIS,21,6.2,293.2,6.5,N,0
-37.5293,148.8526,322.9,1,1,2014-02-01,1258,Terra,MODIS,76,6.2,295.3,18.7,N,0
-37.2546,148.4453,310,1,1,2014-02-01,1258,Terra,MODIS,45,6.2,295.5,7.3,N,0
-37.1529,148.3826,346.2,1,1,2014-02-01,1258,Terra,MODIS,100,6.2,297.5,52.3,N,0
-37.5097,148.8598,321.2,1,1,2014-02-01,1258,Terra,MODIS,71,6.2,294.2,15.7,N,0
-37.2436,148.5251,310.1,1,1,2014-02-01,1258,Terra,MODIS,39,6.2,294.7,7.6,N,0
-37.2467,148.5024,314.5,1,1,2014-02-01,1258,Terra,MODIS,71,6.2,295.2,10.7,N,0
-37.2788,148.6727,334.4,1,1,2014-02-01,1258,Terra,MODIS,100,6.2,296.7,33.5,N,0
-36.0663,149.0433,303.2,1,1,2014-02-01,1259,Terra,MODIS,35,6.2,292.2,5.2,N,0
-36.0556,149.0524,329.5,1,1,2014-02-01,1259,Terra,MODIS,100,6.2,293.8,28.2,N,0
-36.0573,149.0412,323.9,1,1,2014-02-01,1259,Terra,MODIS,100,6.2,294.3,21.2,N,0
-36.0589,149.0301,314.6,1,1,2014-02-01,1259,Terra,MODIS,89,6.2,293.1,12.8,N,0
-36.0466,149.0504,313.7,1,1,2014-02-01,1259,Terra,MODIS,88,6.2,292.8,12,N,0
-36.0483,149.0392,330.5,1,1,2014-02-01,1259,Terra,MODIS,100,6.2,294.7,29.1,N,0
-36.0499,149.028,319.7,1,1,2014-02-01,1259,Terra,MODIS,99,6.2,292.5,17.5,N,0
-32.6266,150.8262,307.1,1.2,1.1,2014-02-01,1259,Terra,MODIS,16,6.2,294.6,7.1,N,0
-31.0837,149.4837,334,1.1,1,2014-02-01,1300,Terra,MODIS,100,6.2,299.6,35,N,0
-31.0553,149.4476,317.2,1.1,1,2014-02-01,1300,Terra,MODIS,93,6.2,296,15.3,N,0
-31.0704,149.4744,319.8,1.1,1,2014-02-01,1300,Terra,MODIS,99,6.2,298,18.1,N,0
-31.0686,149.4858,309.8,1.1,1,2014-02-01,1300,Terra,MODIS,55,6.2,296,8.3,N,0
-31.0798,149.4765,328.9,1.1,1,2014-02-01,1300,Terra,MODIS,100,6.2,299.8,27.9,N,0
-31.0855,149.4724,325.9,1.1,1,2014-02-01,1300,Terra,MODIS,100,6.2,298.6,23.5,N,0
-31.0874,149.4611,310,1.1,1,2014-02-01,1300,Terra,MODIS,67,6.2,294.5,8.1,N,0
-31.0931,149.4859,315.2,1.1,1,2014-02-01,1300,Terra,MODIS,91,6.2,297.3,12.8,N,0
-31.0571,149.4363,304.4,1.1,1,2014-02-01,1300,Terra,MODIS,8,6.2,293.6,5.1,N,0
-31.0741,149.4517,322.8,1.1,1,2014-02-01,1300,Terra,MODIS,100,6.2,297,20.9,N,0
-31.0759,149.4404,318,1.1,1,2014-02-01,1300,Terra,MODIS,95,6.2,295,15.7,N,0
-31.0647,149.4496,320.5,1.1,1,2014-02-01,1300,Terra,MODIS,95,6.2,296.8,18.2,N,0
-29.8329,150.88,311.5,1.3,1.1,2014-02-01,1300,Terra,MODIS,83,6.2,292.2,15.4,N,0
-31.0863,150.1487,313.1,1.2,1.1,2014-02-01,1300,Terra,MODIS,86,6.2,291.3,13.3,N,0
-29.829,150.8849,312.1,1.3,1.1,2014-02-01,1300,Terra,MODIS,84,6.2,291.6,16.1,N,0
-31.0959,150.1509,320.3,1.2,1.1,2014-02-01,1300,Terra,MODIS,100,6.2,290,21.1,N,0
-31.0883,150.1366,306.9,1.2,1.1,2014-02-01,1300,Terra,MODIS,66,6.2,290.8,7.8,N,0
-29.9957,149.3323,306.3,1.1,1.1,2014-02-01,1300,Terra,MODIS,68,6.2,276.3,10.5,N,0
-29.8303,149.3621,301.6,1.1,1.1,2014-02-01,1300,Terra,MODIS,43,6.2,290.8,4.7,N,0
-30.001,149.3281,306.3,1.1,1.1,2014-02-01,1300,Terra,MODIS,68,6.2,275.4,9.7,N,0
-31.0746,149.472,301.9,3.4,1.7,2014-02-01,1436,Aqua,MODIS,31,6.2,283.2,29.9,N,0
-36.0473,149.0369,301.1,2.7,1.6,2014-02-01,1437,Aqua,MODIS,38,6.2,290.4,21.6,N,0
-37.4977,148.8721,304.1,2.6,1.5,2014-02-01,1438,Aqua,MODIS,58,6.2,292,21.3,N,0
-27.2564,127.8838,306.9,1.9,1.3,2014-02-01,1440,Terra,MODIS,67,6.2,296.6,15.3,N,0
-20.9289,116.8659,317.8,1.2,1.1,2014-02-01,1442,Terra,MODIS,95,6.2,285.1,20.7,N,0
-20.9305,116.8538,303.8,1.3,1.1,2014-02-01,1442,Terra,MODIS,13,6.2,283.2,6.1,N,0
-20.7362,139.4798,301.9,1.1,1,2014-02-01,1611,Aqua,MODIS,41,6.2,275.8,4.7,N,2
-28.1982,152.3035,320.5,1,1,2014-02-01,2359,Terra,MODIS,57,6.2,299.7,11.1,D,0
-28.1998,152.3135,341.1,1,1,2014-02-01,2359,Terra,MODIS,89,6.2,303.6,39.2,D,0
-28.1663,151.115,342.6,1.1,1,2014-02-01,2359,Terra,MODIS,90,6.2,310.4,40.2,D,0
-31.0489,149.4382,350,1.2,1.1,2014-02-02,0000,Terra,MODIS,93,6.2,310.7,56.2,D,0
-31.0862,149.4808,335.9,1.2,1.1,2014-02-02,0000,Terra,MODIS,61,6.2,311.3,20.4,D,0
-32.6254,150.8317,319.3,1,1,2014-02-02,0000,Terra,MODIS,44,6.2,301.7,9.1,D,0
-31.0468,149.426,332.9,1.2,1.1,2014-02-02,0000,Terra,MODIS,50,6.2,314.9,19.7,D,0
-31.0969,150.159,330.7,1.1,1,2014-02-02,0000,Terra,MODIS,51,6.2,312.3,14.8,D,0
-31.095,150.1476,330.7,1.1,1,2014-02-02,0000,Terra,MODIS,57,6.2,310.3,15.7,D,0
-31.8138,145.8364,333.9,1.8,1.3,2014-02-02,0000,Terra,MODIS,75,6.2,314.9,30.5,D,0
-35.7988,149.7649,318.3,1,1,2014-02-02,0001,Terra,MODIS,61,6.2,300.1,9.8,D,0
-36.0423,149.045,337.9,1.1,1,2014-02-02,0001,Terra,MODIS,79,6.2,309.5,26.1,D,0
-36.0516,149.0429,330.7,1.1,1,2014-02-02,0001,Terra,MODIS,50,6.2,310.6,13.9,D,0
-37.1472,148.3964,324.3,1.1,1,2014-02-02,0002,Terra,MODIS,74,6.2,302.8,16.8,D,0
-37.2421,148.4675,321.8,1.1,1,2014-02-02,0002,Terra,MODIS,75,6.2,300.2,15.3,D,0
-37.5294,148.8545,316.8,1.1,1,2014-02-02,0002,Terra,MODIS,24,6.2,300.7,8.8,D,0
-37.2543,148.5404,314.8,1.1,1,2014-02-02,0002,Terra,MODIS,32,6.2,298.6,8.7,D,0
-37.2668,148.6741,325.6,1.1,1,2014-02-02,0002,Terra,MODIS,66,6.2,301.7,17.6,D,0
-37.2409,148.5183,327.7,1.1,1,2014-02-02,0002,Terra,MODIS,66,6.2,301.5,21,D,0
-37.2688,148.6861,321.4,1.1,1,2014-02-02,0002,Terra,MODIS,53,6.2,301,12.6,D,0
-37.2761,148.6717,318.5,1.1,1,2014-02-02,0002,Terra,MODIS,70,6.2,300.7,11.3,D,0
-37.1546,148.382,329.9,1.1,1,2014-02-02,0002,Terra,MODIS,81,6.2,301.3,22.7,D,0
-37.5019,148.8614,321.5,1.1,1,2014-02-02,0002,Terra,MODIS,29,6.2,299.2,12.4,D,0
-37.278,148.6835,340,1.1,1,2014-02-02,0002,Terra,MODIS,90,6.2,301.7,41,D,0
-37.5038,148.8733,323.1,1.1,1,2014-02-02,0002,Terra,MODIS,44,6.2,299.3,14.1,D,0
-37.2388,148.506,324.1,1.1,1,2014-02-02,0002,Terra,MODIS,65,6.2,300.8,16.6,D,0
-37.2225,148.4085,312.3,1.1,1,2014-02-02,0002,Terra,MODIS,47,6.2,300.6,5.5,D,0
-37.2636,148.5379,317,1.1,1,2014-02-02,0002,Terra,MODIS,58,6.2,298,11.1,D,0
-37.1732,148.3767,312.7,1.1,1,2014-02-02,0002,Terra,MODIS,36,6.2,299.5,6.6,D,0
-37.268,148.4478,311.6,1.1,1,2014-02-02,0002,Terra,MODIS,28,6.2,297.9,5.9,D,0
-19.1438,130.1333,408.9,1,1,2014-02-02,0135,Terra,MODIS,100,6.2,315.3,298.1,D,0
-19.2073,130.1267,360.2,1,1,2014-02-02,0135,Terra,MODIS,100,6.2,307.5,73.3,D,0
-19.1542,130.1413,323.7,1,1,2014-02-02,0135,Terra,MODIS,26,6.2,304.2,7.8,D,0
-16.0793,131.0705,315.5,1,1,2014-02-02,0135,Terra,MODIS,22,6.2,291.5,6.1,D,0
-19.1466,130.1523,381.4,1,1,2014-02-02,0135,Terra,MODIS,100,6.2,307,146.3,D,0
-19.1334,130.1253,347.2,1,1,2014-02-02,0135,Terra,MODIS,91,6.2,309.1,42,D,0
-19.1424,130.1238,358.1,1,1,2014-02-02,0135,Terra,MODIS,98,6.2,306.9,67.5,D,0
-19.1452,130.1428,383,1,1,2014-02-02,0135,Terra,MODIS,100,6.2,310.2,152.5,D,0
-19.2163,130.1252,384.6,1,1,2014-02-02,0135,Terra,MODIS,100,6.2,308.7,160.9,D,0
-19.2177,130.1347,332,1,1,2014-02-02,0135,Terra,MODIS,74,6.2,305.2,17.6,D,0
-27.8661,128.8709,344.2,1,1,2014-02-02,0138,Terra,MODIS,83,6.2,324.4,21.9,D,0
-27.8646,128.8607,340.7,1,1,2014-02-02,0138,Terra,MODIS,64,6.2,323.2,15.6,D,0
-27.8571,128.8725,353,1,1,2014-02-02,0138,Terra,MODIS,94,6.2,327.5,38.5,D,0
-27.2597,127.8901,340.9,1,1,2014-02-02,0138,Terra,MODIS,75,6.2,322.4,17.5,D,0
-27.8195,128.8688,337.2,1,1,2014-02-02,0138,Terra,MODIS,54,6.2,324.9,9.9,D,0
-42.1157,145.7194,322.6,1,1,2014-02-02,0416,Aqua,MODIS,22,6.2,309.1,12.1,D,0
-36.0525,149.0517,352.8,1.2,1.1,2014-02-02,0417,Aqua,MODIS,77,6.2,311.7,66.7,D,0
-37.2644,148.5302,327.8,1.1,1.1,2014-02-02,0417,Aqua,MODIS,77,6.2,301.4,21.7,D,0
-37.1642,148.3743,347.1,1.1,1,2014-02-02,0417,Aqua,MODIS,92,6.2,303.9,51.8,D,0
-37.239,148.4775,347.6,1.1,1.1,2014-02-02,0417,Aqua,MODIS,93,6.2,304.4,56.3,D,0
-37.1548,148.3719,328.1,1.1,1,2014-02-02,0417,Aqua,MODIS,67,6.2,304.4,15.7,D,0
-37.2477,148.5123,353.7,1.1,1.1,2014-02-02,0417,Aqua,MODIS,97,6.2,306.7,71.5,D,0
-37.1528,148.384,334.4,1.1,1.1,2014-02-02,0417,Aqua,MODIS,83,6.2,305.4,26.1,D,0
-37.2694,148.6775,378.7,1.1,1.1,2014-02-02,0417,Aqua,MODIS,100,6.2,307.2,168.8,D,0
-37.281,148.6672,326,1.1,1.1,2014-02-02,0417,Aqua,MODIS,75,6.2,304,19,D,0
-37.1508,148.3964,334.1,1.1,1.1,2014-02-02,0417,Aqua,MODIS,82,6.2,305.2,27.4,D,0
-37.2456,148.5248,333.7,1.1,1.1,2014-02-02,0417,Aqua,MODIS,78,6.2,302.6,29.2,D,0
-37.3636,147.4668,322.4,1,1,2014-02-02,0417,Aqua,MODIS,48,6.2,306.6,10.7,D,0
-37.2136,148.394,331.6,1.1,1,2014-02-02,0417,Aqua,MODIS,56,6.2,306.2,20.6,D,0
-37.2422,148.5176,343.9,1.1,1.1,2014-02-02,0417,Aqua,MODIS,91,6.2,304.8,50.3,D,0
-37.1755,148.3653,323.6,1.1,1,2014-02-02,0417,Aqua,MODIS,61,6.2,304.8,11.5,D,0
-37.4761,148.859,321,1.1,1.1,2014-02-02,0417,Aqua,MODIS,39,6.2,303.3,10.7,D,0
-37.2411,148.4652,329.2,1.1,1.1,2014-02-02,0417,Aqua,MODIS,78,6.2,304.8,20.8,D,0
-37.5068,148.8545,331,1.1,1.1,2014-02-02,0417,Aqua,MODIS,18,6.2,303.8,19.8,D,0
-37.2788,148.6802,351.5,1.1,1.1,2014-02-02,0417,Aqua,MODIS,95,6.2,305.9,68.9,D,0
-37.223,148.3962,331.5,1.1,1,2014-02-02,0417,Aqua,MODIS,62,6.2,306.7,20.8,D,0
-37.279,148.4436,324.4,1.1,1.1,2014-02-02,0417,Aqua,MODIS,36,6.2,303.6,13.2,D,0
-37.2327,148.5158,317.4,1.1,1.1,2014-02-02,0417,Aqua,MODIS,50,6.2,301.6,9.8,D,0
-37.2884,148.4458,325.9,1.1,1.1,2014-02-02,0417,Aqua,MODIS,29,6.2,303.2,16.1,D,0
-37.2544,148.4441,319.1,1.1,1.1,2014-02-02,0417,Aqua,MODIS,29,6.2,304.8,8.7,D,0
-37.1736,148.3771,330.7,1.1,1,2014-02-02,0417,Aqua,MODIS,79,6.2,305.2,21.6,D,0
-35.8027,149.7663,320.8,1.3,1.1,2014-02-02,0417,Aqua,MODIS,45,6.2,302,12.5,D,0
-37.2499,148.4998,343.7,1.1,1.1,2014-02-02,0417,Aqua,MODIS,91,6.2,306.4,46.9,D,0
-37.253,148.5399,317.1,1.1,1.1,2014-02-02,0417,Aqua,MODIS,39,6.2,300.3,9.4,D,0
-37.2524,148.4559,319.3,1.1,1.1,2014-02-02,0417,Aqua,MODIS,45,6.2,304.4,9.7,D,0
-37.2716,148.6645,321.3,1.1,1.1,2014-02-02,0417,Aqua,MODIS,67,6.2,303.8,13.9,D,0
-37.2464,148.4925,330.8,1.1,1.1,2014-02-02,0417,Aqua,MODIS,79,6.2,304.7,24.3,D,0
-37.5025,148.8797,345.9,1.1,1.1,2014-02-02,0417,Aqua,MODIS,92,6.2,306.1,49.6,D,0
-37.2505,148.4675,319.6,1.1,1.1,2014-02-02,0417,Aqua,MODIS,38,6.2,303.9,9.6,D,0
-37.2348,148.5032,357.6,1.1,1.1,2014-02-02,0417,Aqua,MODIS,98,6.2,305.2,85.8,D,0
-37.2443,148.5051,354.8,1.1,1.1,2014-02-02,0417,Aqua,MODIS,97,6.2,308.7,76.7,D,0
-37.2061,148.3798,330.2,1.1,1,2014-02-02,0417,Aqua,MODIS,58,6.2,308.2,18.6,D,0
-37.1662,148.3623,326.8,1.1,1,2014-02-02,0417,Aqua,MODIS,64,6.2,304.6,14.7,D,0
-37.5046,148.8672,345.9,1.1,1.1,2014-02-02,0417,Aqua,MODIS,92,6.2,305.2,48.9,D,0
-37.2672,148.6902,328.3,1.1,1.1,2014-02-02,0417,Aqua,MODIS,78,6.2,300.4,22.4,D,0
-37.2863,148.4583,332,1.1,1.1,2014-02-02,0417,Aqua,MODIS,70,6.2,304.4,25.4,D,0
-37.252,148.4873,326.7,1.1,1.1,2014-02-02,0417,Aqua,MODIS,66,6.2,303.5,17.1,D,0
-37.2485,148.4796,337.3,1.1,1.1,2014-02-02,0417,Aqua,MODIS,86,6.2,304,35.4,D,0
-37.2624,148.5424,317.4,1.1,1.1,2014-02-02,0417,Aqua,MODIS,28,6.2,301.2,9.7,D,0
-31.096,150.1617,334.9,1.7,1.3,2014-02-02,0418,Aqua,MODIS,60,6.2,315.4,31.6,D,0
-31.1051,150.1397,337.8,1.7,1.3,2014-02-02,0418,Aqua,MODIS,75,6.2,313,42.4,D,0
-31.0995,150.1437,350.6,1.7,1.3,2014-02-02,0418,Aqua,MODIS,92,6.2,313.4,94,D,0
-31.1017,150.1576,342.7,1.7,1.3,2014-02-02,0418,Aqua,MODIS,84,6.2,315.8,60.6,D,0
-24.4821,138.6661,338.2,1.3,1.1,2014-02-02,0421,Aqua,MODIS,49,6.2,311.9,30.8,D,0
-19.3111,130.0774,320.9,4.7,2,2014-02-02,0422,Aqua,MODIS,50,6.2,295.8,80.6,D,0
-19.309,130.081,320.5,4.7,2,2014-02-02,0422,Aqua,MODIS,62,6.2,296.2,74.6,D,0
-31.8642,115.9026,327.2,1.3,1.1,2014-02-02,0557,Aqua,MODIS,47,6.2,308.5,8.4,D,0
-32.1067,115.8048,325.7,1.3,1.1,2014-02-02,0557,Aqua,MODIS,34,6.2,308.2,8.3,D,0
-31.8658,115.889,326.2,1.3,1.1,2014-02-02,0557,Aqua,MODIS,34,6.2,308.2,7,D,0
-27.856,128.8739,340.2,3.5,1.8,2014-02-02,0558,Aqua,MODIS,53,6.2,324.9,88.6,D,0
-27.8249,128.8649,352.1,3.5,1.8,2014-02-02,0558,Aqua,MODIS,94,6.2,323.3,236.1,D,0
-31.7991,115.8369,326.8,1.3,1.1,2014-02-02,0558,Aqua,MODIS,19,6.2,308.2,8.2,D,0
-27.8715,128.8785,336.7,3.5,1.8,2014-02-02,0558,Aqua,MODIS,43,6.2,324,56.9,D,0
-27.8791,128.8436,338.6,3.5,1.8,2014-02-02,0558,Aqua,MODIS,61,6.2,324.7,75.2,D,0
-27.8477,128.8765,337.5,3.5,1.8,2014-02-02,0558,Aqua,MODIS,66,6.2,324.2,64.7,D,0
-27.8711,128.8462,346.1,3.5,1.8,2014-02-02,0558,Aqua,MODIS,88,6.2,325.8,154.6,D,0
-27.8166,128.8676,350.4,3.5,1.8,2014-02-02,0558,Aqua,MODIS,92,6.2,321.3,207.7,D,0
-27.2634,127.8893,346.2,3.1,1.7,2014-02-02,0558,Aqua,MODIS,88,6.2,323.6,134.2,D,0
-25.2313,127.5591,340.9,3.3,1.7,2014-02-02,0559,Aqua,MODIS,71,6.2,322.4,96,D,0
-20.9725,118.7137,336.6,1.1,1,2014-02-02,0600,Aqua,MODIS,74,6.2,308.3,19.9,D,0
-20.9741,118.7034,331.4,1.1,1,2014-02-02,0600,Aqua,MODIS,57,6.2,308.8,12.1,D,0
-20.9491,118.7412,339.9,1.1,1,2014-02-02,0600,Aqua,MODIS,80,6.2,309.3,25.6,D,0
-20.9507,118.7309,339.9,1.1,1,2014-02-02,0600,Aqua,MODIS,80,6.2,309.2,25.4,D,0
-20.9436,118.7337,341.6,1.1,1,2014-02-02,0600,Aqua,MODIS,82,6.2,309.3,28.8,D,0
-29.0628,152.1937,304.9,2.7,1.6,2014-02-02,1205,Terra,MODIS,62,6.2,284.8,36.5,N,0
-29.0591,152.1875,324.1,2.7,1.6,2014-02-02,1205,Terra,MODIS,100,6.2,284.6,101.2,N,0
-29.0486,152.1928,314.3,2.7,1.6,2014-02-02,1205,Terra,MODIS,89,6.2,285.5,63.5,N,0
-37.2716,148.6741,310,3,1.6,2014-02-02,1341,Terra,MODIS,79,6.2,293.9,41.6,N,0
-37.2733,148.6676,309.8,3,1.6,2014-02-02,1341,Terra,MODIS,78,6.2,293.8,38.9,N,0
-37.1564,148.3687,306.8,2.9,1.6,2014-02-02,1341,Terra,MODIS,69,6.2,294.6,27.1,N,0
-36.0532,149.0387,301.3,3.4,1.7,2014-02-02,1341,Terra,MODIS,40,6.2,290,28.8,N,0
-27.8079,128.8571,309.9,2,1.4,2014-02-02,1344,Terra,MODIS,79,6.2,298,16,N,0
-27.8085,128.8625,309.3,2,1.4,2014-02-02,1344,Terra,MODIS,77,6.2,298.1,15.7,N,0
-27.2493,127.9024,307.2,2.3,1.5,2014-02-02,1345,Terra,MODIS,69,6.2,297.2,16.6,N,0
-27.2409,127.8949,307.4,2.3,1.5,2014-02-02,1345,Terra,MODIS,69,6.2,297,18.3,N,0
-25.9996,151.3539,302.4,1,1,2014-02-02,1517,Aqua,MODIS,49,6.2,289.9,5.5,N,0
-29.9634,152.8258,300.6,1.2,1.1,2014-02-02,1518,Aqua,MODIS,25,6.2,289.4,5.8,N,0
-29.7835,148.512,319.5,1,1,2014-02-02,1518,Aqua,MODIS,99,6.2,296,16.3,N,0
-31.0928,150.1519,308.9,1,1,2014-02-02,1519,Aqua,MODIS,76,6.2,294.1,8.5,N,0
-31.0817,149.4975,304.3,1,1,2014-02-02,1519,Aqua,MODIS,59,6.2,293.7,5.1,N,0
-36.0365,149.0495,329.8,1,1,2014-02-02,1520,Aqua,MODIS,100,6.2,291.9,30.2,N,0
-36.0381,149.0609,323.1,1,1,2014-02-02,1520,Aqua,MODIS,100,6.2,291.8,21.9,N,0
-36.0457,149.0475,310.1,1,1,2014-02-02,1520,Aqua,MODIS,77,6.2,291.3,10.3,N,0
-36.0472,149.059,330.3,1,1,2014-02-02,1520,Aqua,MODIS,100,6.2,293.9,30.8,N,0
-37.1394,148.3873,308.7,1,1,2014-02-02,1520,Aqua,MODIS,34,6.2,295.9,6.4,N,0
-37.1409,148.3985,310.4,1,1,2014-02-02,1520,Aqua,MODIS,55,6.2,295.9,7.8,N,0
-37.1468,148.3737,322.3,1,1,2014-02-02,1520,Aqua,MODIS,100,6.2,296.6,17.7,N,0
-37.1484,148.3849,322.3,1,1,2014-02-02,1520,Aqua,MODIS,100,6.2,296.4,17.6,N,0
-37.1574,148.3829,335.8,1,1,2014-02-02,1520,Aqua,MODIS,100,6.2,297.4,34.3,N,0
-37.251,148.5327,311.4,1,1,2014-02-02,1520,Aqua,MODIS,65,6.2,295.5,8.4,N,0
-37.2671,148.4469,310.7,1,1,2014-02-02,1520,Aqua,MODIS,47,6.2,295.1,7.6,N,0
-37.2734,148.6946,327.4,1,1,2014-02-02,1520,Aqua,MODIS,100,6.2,296.4,24.7,N,0
-37.2403,148.5233,317.4,1,1,2014-02-02,1520,Aqua,MODIS,95,6.2,296.4,13.4,N,0
-37.2617,148.5422,313.8,1,1,2014-02-02,1520,Aqua,MODIS,88,6.2,295.8,11,N,0
-37.2031,148.3903,311.8,1,1,2014-02-02,1520,Aqua,MODIS,28,6.2,296.3,8.2,N,0
-37.2717,148.6829,333.2,1,1,2014-02-02,1520,Aqua,MODIS,100,6.2,297.7,32.5,N,0
-37.1515,148.4075,305.1,1,1,2014-02-02,1520,Aqua,MODIS,18,6.2,294.4,4.8,N,0
-37.2581,148.4489,309.5,1,1,2014-02-02,1520,Aqua,MODIS,33,6.2,296.3,6.8,N,0
-37.261,148.6733,305.3,1,1,2014-02-02,1520,Aqua,MODIS,63,6.2,294.7,5.3,N,0
-35.7943,149.7632,303.9,1.1,1,2014-02-02,1520,Aqua,MODIS,57,6.2,290.3,6.5,N,0
-37.249,148.4511,311.8,1,1,2014-02-02,1520,Aqua,MODIS,51,6.2,296.3,8.4,N,0
-37.4911,148.8764,307.5,1,1,2014-02-02,1520,Aqua,MODIS,20,6.2,294.9,5.9,N,0
-37.2809,148.6811,321.4,1,1,2014-02-02,1520,Aqua,MODIS,100,6.2,296.2,18.2,N,0
-37.1649,148.3697,316.1,1,1,2014-02-02,1520,Aqua,MODIS,93,6.2,296.1,11.9,N,0
-37.2626,148.6847,343.4,1,1,2014-02-02,1520,Aqua,MODIS,100,6.2,298.1,49.8,N,0
-37.1727,148.373,306.7,1,1,2014-02-02,1520,Aqua,MODIS,69,6.2,296.1,5.7,N,0
-37.2494,148.5211,315.6,1,1,2014-02-02,1520,Aqua,MODIS,80,6.2,295.5,11.5,N,0
-37.234,148.4776,325.5,1,1,2014-02-02,1520,Aqua,MODIS,100,6.2,297.3,21.4,N,0
-37.2387,148.5119,314.8,1,1,2014-02-02,1520,Aqua,MODIS,87,6.2,296.1,11,N,0
-37.2642,148.6964,310.2,1,1,2014-02-02,1520,Aqua,MODIS,79,6.2,295.4,8.1,N,0
-37.2324,148.4663,324.1,1,1,2014-02-02,1520,Aqua,MODIS,100,6.2,297,20.4,N,0
-37.2601,148.5309,324.1,1,1,2014-02-02,1520,Aqua,MODIS,100,6.2,296.2,20.5,N,0
-37.5004,148.8746,312.7,1,1,2014-02-02,1520,Aqua,MODIS,80,6.2,294.5,9.7,N,0
-37.2462,148.4984,317.6,1,1,2014-02-02,1520,Aqua,MODIS,95,6.2,295.8,13.2,N,0
-37.2356,148.489,310.8,1,1,2014-02-02,1520,Aqua,MODIS,49,6.2,296,7.7,N,0
-37.1558,148.3716,315.6,1,1,2014-02-02,1520,Aqua,MODIS,67,6.2,296,10.9,N,0
-37.2138,148.3996,309.5,1,1,2014-02-02,1520,Aqua,MODIS,59,6.2,295.6,7,N,0
-37.2297,148.514,322.9,1,1,2014-02-02,1520,Aqua,MODIS,100,6.2,296.1,19.1,N,0
-37.2415,148.4641,326.2,1,1,2014-02-02,1520,Aqua,MODIS,100,6.2,297.3,22.5,N,0
-37.5019,148.8861,312.9,1,1,2014-02-02,1520,Aqua,MODIS,45,6.2,295.9,9.5,N,0
-37.2526,148.5441,311.9,1,1,2014-02-02,1520,Aqua,MODIS,84,6.2,295.6,9.3,N,0
-37.1665,148.3811,310.2,1,1,2014-02-02,1520,Aqua,MODIS,39,6.2,295.7,7.2,N,0
-37.2867,148.4609,305.7,1,1,2014-02-02,1520,Aqua,MODIS,50,6.2,294.5,5.2,N,0
-19.5793,125.1853,317.4,1.1,1.1,2014-02-02,1654,Aqua,MODIS,95,6.2,296.8,14.8,N,0
-19.581,125.1959,325.5,1.1,1.1,2014-02-02,1654,Aqua,MODIS,100,6.2,297,24.5,N,0
-27.2414,127.9046,306.2,1.1,1.1,2014-02-02,1656,Aqua,MODIS,67,6.2,295.7,7.1,N,0
-23.2265,147.6467,315,1.4,1.2,2014-02-03,0041,Terra,MODIS,63,6.2,299.1,11.4,D,0
-30.2995,148.908,334.6,2.1,1.4,2014-02-03,0043,Terra,MODIS,79,6.2,309.4,52.6,D,0
-30.2989,148.9024,337.8,2.1,1.4,2014-02-03,0043,Terra,MODIS,83,6.2,309.6,66.7,D,0
-30.2974,148.8861,333,2.1,1.4,2014-02-03,0043,Terra,MODIS,77,6.2,309.5,43.6,D,0
-36.0397,149.0196,337.2,2.5,1.5,2014-02-03,0044,Terra,MODIS,85,6.2,309.1,98.1,D,0
-36.042,149.0501,367.4,2.5,1.5,2014-02-03,0044,Terra,MODIS,100,6.2,310,365.3,D,0
-36.0558,149.0474,332.4,2.5,1.5,2014-02-03,0044,Terra,MODIS,73,6.2,308.7,71.4,D,0
-36.0472,149.043,350.3,2.5,1.5,2014-02-03,0044,Terra,MODIS,94,6.2,309.9,191.4,D,0
-36.0493,149.0737,331.4,2.5,1.5,2014-02-03,0044,Terra,MODIS,74,6.2,307.9,63,D,0
-37.1473,148.3857,322.4,2.3,1.5,2014-02-03,0045,Terra,MODIS,61,6.2,303.9,38.8,D,0
-37.1491,148.4097,323.4,2.4,1.5,2014-02-03,0045,Terra,MODIS,58,6.2,301.7,44.9,D,0
-37.5009,148.8932,321.9,2.5,1.5,2014-02-03,0045,Terra,MODIS,72,6.2,305.2,38.2,D,0
-37.5081,148.8699,320.5,2.5,1.5,2014-02-03,0045,Terra,MODIS,47,6.2,304.9,29.8,D,0
-37.2602,148.701,315,2.5,1.5,2014-02-03,0045,Terra,MODIS,8,6.2,303.7,22.5,D,0
-37.499,148.865,327,2.5,1.5,2014-02-03,0045,Terra,MODIS,78,6.2,305.7,60.5,D,0
-37.2093,148.3786,325.6,2.3,1.5,2014-02-03,0045,Terra,MODIS,74,6.2,307.1,46.2,D,0
-37.2615,148.5296,321.3,2.4,1.5,2014-02-03,0045,Terra,MODIS,39,6.2,301.6,38.8,D,0
-37.272,148.6718,316,2.5,1.5,2014-02-03,0045,Terra,MODIS,25,6.2,304,24.6,D,0
-37.211,148.4017,322.4,2.4,1.5,2014-02-03,0045,Terra,MODIS,54,6.2,304.7,35.6,D,0
-37.494,148.8704,325.1,2.5,1.5,2014-02-03,0045,Terra,MODIS,76,6.2,305.6,49.7,D,0
-37.2827,148.4475,322.3,2.4,1.5,2014-02-03,0045,Terra,MODIS,71,6.2,303.4,41.3,D,0
-37.2765,148.4434,320.7,2.4,1.5,2014-02-03,0045,Terra,MODIS,68,6.2,303.8,35.8,D,0
-19.5621,122.2427,334.5,1.2,1.1,2014-02-03,0219,Terra,MODIS,80,6.2,307.7,21.5,D,0
-19.5718,122.2413,331.7,1.2,1.1,2014-02-03,0219,Terra,MODIS,76,6.2,310.7,17.5,D,0
-19.5741,125.203,343.7,1.8,1.3,2014-02-03,0219,Terra,MODIS,82,6.2,304.7,78.2,D,0
-19.5761,125.22,336,1.8,1.3,2014-02-03,0219,Terra,MODIS,77,6.2,303,54,D,0
-36.0608,149.0586,383.2,3.2,1.7,2014-02-03,0322,Aqua,MODIS,100,6.2,311.7,801.9,D,0
-36.0455,149.0567,397.5,3.2,1.7,2014-02-03,0322,Aqua,MODIS,100,6.2,310.3,1190,D,0
-36.0475,149.0236,356.4,3.2,1.7,2014-02-03,0322,Aqua,MODIS,98,6.2,309.6,325.9,D,0
-36.0629,149.0245,344.1,3.2,1.7,2014-02-03,0322,Aqua,MODIS,91,6.2,311.2,179.4,D,0
-36.0343,149.0512,330.7,3.2,1.7,2014-02-03,0322,Aqua,MODIS,59,6.2,307.7,78.2,D,0
-36.0364,149.0185,325.4,3.2,1.7,2014-02-03,0322,Aqua,MODIS,30,6.2,306.6,41.8,D,0
-23.2536,147.4837,319.2,2.9,1.6,2014-02-03,0326,Aqua,MODIS,36,6.2,295.7,45.3,D,0
-23.2363,147.5106,319.4,2.9,1.6,2014-02-03,0326,Aqua,MODIS,52,6.2,297.8,44.3,D,0
-23.251,147.5122,328.3,2.9,1.6,2014-02-03,0326,Aqua,MODIS,82,6.2,299.5,92.4,D,0
-21.7756,146.9043,321.3,3.1,1.7,2014-02-03,0326,Aqua,MODIS,75,6.2,298.9,48.4,D,0
-21.7605,146.9027,329.2,3.1,1.7,2014-02-03,0326,Aqua,MODIS,83,6.2,296.3,94.4,D,0
-37.248,148.5012,406.6,4.5,1.9,2014-02-03,0500,Aqua,MODIS,100,6.2,306.9,0,D,0
-37.2176,148.545,416.9,4.5,2,2014-02-03,0500,Aqua,MODIS,100,6.2,287.2,0,D,0
-37.2125,148.4933,363.6,4.5,1.9,2014-02-03,0500,Aqua,MODIS,93,6.2,293.2,0,D,0
-37.2463,148.5045,434,4.5,1.9,2014-02-03,0500,Aqua,MODIS,100,6.2,308.9,0,D,0
-37.2349,148.5509,403.1,4.5,2,2014-02-03,0500,Aqua,MODIS,100,6.2,291.2,0,D,0
-37.2159,148.5473,407.7,4.5,2,2014-02-03,0500,Aqua,MODIS,100,6.2,285,0,D,0
-37.2281,148.502,456.2,4.5,1.9,2014-02-03,0500,Aqua,MODIS,100,6.2,309.5,0,D,0
-37.2331,148.5532,415.6,4.5,2,2014-02-03,0500,Aqua,MODIS,100,6.2,290.2,0,D,0
-37.2301,148.498,453.4,4.5,1.9,2014-02-03,0500,Aqua,MODIS,100,6.2,310.8,0,D,0
-19.5828,125.2129,343.5,1.7,1.3,2014-02-03,0505,Aqua,MODIS,85,6.2,303.7,67.3,D,0
-20.0718,121.8555,331.3,3.1,1.7,2014-02-03,0505,Aqua,MODIS,54,6.2,309.1,48.8,D,0
-20.0302,121.9698,332.3,3,1.7,2014-02-03,0505,Aqua,MODIS,63,6.2,309.6,53.4,D,0
-20.0331,121.9406,350.8,3,1.7,2014-02-03,0505,Aqua,MODIS,93,6.2,308.9,214.2,D,0
-20.0694,121.8596,330.7,3.1,1.7,2014-02-03,0505,Aqua,MODIS,47,6.2,308.8,43.6,D,0
-32.1633,115.8833,405.2,2,1.4,2014-02-03,0640,Aqua,MODIS,100,6.2,314.5,734.5,D,0
-32.1755,115.8868,328.8,2,1.4,2014-02-03,0640,Aqua,MODIS,58,6.2,307,33.4,D,0
-32.1762,115.8922,336.5,2,1.4,2014-02-03,0640,Aqua,MODIS,83,6.2,307.3,62.4,D,0
-32.1719,115.913,348.3,2,1.4,2014-02-03,0640,Aqua,MODIS,88,6.2,309.2,114.6,D,0
-32.1597,115.9095,378.5,2,1.4,2014-02-03,0640,Aqua,MODIS,87,6.2,312.9,356.8,D,0
-32.164,115.8888,416.1,2,1.4,2014-02-03,0640,Aqua,MODIS,100,6.2,317.4,945.9,D,0
-32.1682,115.8681,349.2,2,1.4,2014-02-03,0640,Aqua,MODIS,93,6.2,302.4,128.3,D,0
-32.1713,115.9075,361.4,2,1.4,2014-02-03,0640,Aqua,MODIS,87,6.2,310.2,201,D,0
-32.1591,115.9041,387,2,1.4,2014-02-03,0640,Aqua,MODIS,87,6.2,314.4,457,D,0
-35.7952,149.7577,307.1,1.1,1,2014-02-03,1246,Terra,MODIS,70,6.2,287.9,7.7,N,0
-37.279,149.2673,300.6,1.1,1.1,2014-02-03,1246,Terra,MODIS,30,6.2,287.8,5.9,N,0
-37.2805,149.2545,311.8,1.1,1.1,2014-02-03,1246,Terra,MODIS,83,6.2,287.8,14.3,N,0
-37.2771,149.2606,312.3,1.1,1.1,2014-02-03,1246,Terra,MODIS,85,6.2,288.3,15.4,N,0
-36.0547,149.0594,324.3,1.1,1.1,2014-02-03,1246,Terra,MODIS,100,6.2,292.2,25,N,0
-36.0371,149.0432,355.7,1.1,1.1,2014-02-03,1246,Terra,MODIS,100,6.2,293.4,88.1,N,0
-36.0245,149.0662,339.9,1.1,1.1,2014-02-03,1246,Terra,MODIS,100,6.2,293.5,49.8,N,0
-36.026,149.0541,378,1.1,1.1,2014-02-03,1246,Terra,MODIS,100,6.2,296.8,172.4,N,0
-36.0275,149.0416,308.7,1.1,1.1,2014-02-03,1246,Terra,MODIS,28,6.2,290.6,8.7,N,0
-36.022,149.0595,349.6,1.1,1.1,2014-02-03,1246,Terra,MODIS,100,6.2,294.7,73.6,N,0
-36.0235,149.0474,324.8,1.1,1.1,2014-02-03,1246,Terra,MODIS,100,6.2,291.3,27.4,N,0
-36.0452,149.0574,320.9,1.1,1.1,2014-02-03,1246,Terra,MODIS,78,6.2,293.1,20.2,N,0
-36.0356,149.0557,361.7,1.1,1.1,2014-02-03,1246,Terra,MODIS,100,6.2,296,106.4,N,0
-32.8383,151.5618,313.1,1,1,2014-02-03,1247,Terra,MODIS,86,6.2,293.8,12.2,N,0
-34.4624,150.882,311,1,1,2014-02-03,1247,Terra,MODIS,81,6.2,290.2,10.4,N,0
-32.6036,150.8327,304.8,1,1,2014-02-03,1247,Terra,MODIS,59,6.2,294.2,4.9,N,0
-28.518,148.9221,314.2,1,1,2014-02-03,1248,Terra,MODIS,89,6.2,293.5,12.9,N,0
-28.4901,152.3469,301.5,1.1,1.1,2014-02-03,1248,Terra,MODIS,42,6.2,288.3,7.1,N,0
-29.9951,149.3263,305.6,1,1,2014-02-03,1248,Terra,MODIS,65,6.2,294.7,5.7,N,0
-25.4538,149.2169,306,1,1,2014-02-03,1249,Terra,MODIS,66,6.2,293.1,6,N,0
-26.5078,149.7446,310.4,1,1,2014-02-03,1249,Terra,MODIS,80,6.2,294.2,8.8,N,0
-27.409,148.8407,306.4,1,1,2014-02-03,1249,Terra,MODIS,68,6.2,296.2,6.1,N,0
-25.9966,151.3389,308.7,1.1,1.1,2014-02-03,1249,Terra,MODIS,75,6.2,291.4,10,N,0
-24.0074,151.4734,314.6,1.2,1.1,2014-02-03,1250,Terra,MODIS,65,6.2,292.5,13.2,N,0
-21.7619,146.9104,316.8,1,1,2014-02-03,1250,Terra,MODIS,94,6.2,294,14.4,N,0
-20.5874,147.2427,312.2,1,1,2014-02-03,1251,Terra,MODIS,84,6.2,293.3,10.3,N,0
-36.03,149.065,310.1,4.2,1.9,2014-02-03,1425,Aqua,MODIS,69,6.2,282.7,95,N,0
-36.0168,149.0664,307.5,4.2,1.9,2014-02-03,1425,Aqua,MODIS,51,6.2,276.4,77.7,N,0
-36.0333,149.0598,306.9,4.2,1.9,2014-02-03,1425,Aqua,MODIS,40,6.2,282.6,75.6,N,0
-27.2475,127.8988,301.5,1.2,1.1,2014-02-03,1428,Terra,MODIS,38,6.2,291.3,5.7,N,0
-21.8106,116.7319,331.3,2.1,1.4,2014-02-03,1429,Terra,MODIS,100,6.2,296.9,79.5,N,0
-21.8088,116.7458,311.9,2.1,1.4,2014-02-03,1429,Terra,MODIS,80,6.2,296.1,20.8,N,0
-21.811,116.7252,324.7,2.1,1.4,2014-02-03,1429,Terra,MODIS,100,6.2,296.7,55.6,N,0
-20.0226,121.9569,315.6,1,1,2014-02-03,1430,Terra,MODIS,91,6.2,298.6,11.2,N,0
-21.2864,115.9011,317.3,2.4,1.5,2014-02-03,1430,Terra,MODIS,94,6.2,279.1,54.1,N,0
-28.1064,140.2005,312.3,1,1,2014-02-03,1601,Aqua,MODIS,84,6.2,295.9,10.5,N,0
-28.1079,140.2109,316.5,1,1,2014-02-03,1601,Aqua,MODIS,93,6.2,296.8,14,N,0
-21.2739,115.9023,306.5,1,1,2014-02-03,1738,Aqua,MODIS,61,6.2,295,4.2,N,0
-21.2753,115.9119,311.3,1,1,2014-02-03,1738,Aqua,MODIS,79,6.2,295.1,7.6,N,0
-23.2742,147.563,316.5,3.5,1.8,2014-02-03,2346,Terra,MODIS,62,6.2,295.9,44,D,0
-25.9996,151.3437,338.9,1.7,1.3,2014-02-03,2346,Terra,MODIS,86,6.2,305.8,62.3,D,0
-26.0025,151.3594,327.4,1.7,1.3,2014-02-03,2346,Terra,MODIS,73,6.2,306.4,26.5,D,0
-26.8067,151.8935,320.3,1.5,1.2,2014-02-03,2347,Terra,MODIS,54,6.2,303.3,19.1,D,0
-26.8175,151.8911,318.3,1.5,1.2,2014-02-03,2347,Terra,MODIS,19,6.2,303.6,15.4,D,0
-26.6584,150.6682,322.8,1.8,1.3,2014-02-03,2347,Terra,MODIS,65,6.2,307.7,16.4,D,0
-29.9643,152.8249,320.2,1.2,1.1,2014-02-03,2347,Terra,MODIS,31,6.2,301.4,11.3,D,0
-29.9546,152.827,321.8,1.2,1.1,2014-02-03,2347,Terra,MODIS,60,6.2,300.4,14.1,D,0
-28.1684,151.1118,323.4,1.6,1.2,2014-02-03,2347,Terra,MODIS,52,6.2,305.2,21.1,D,0
-30.3038,148.903,328.7,2,1.4,2014-02-03,2348,Terra,MODIS,71,6.2,306.1,32.8,D,0
-30.2982,148.8904,324.2,2,1.4,2014-02-03,2348,Terra,MODIS,55,6.2,305.4,17.1,D,0
-30.3021,148.9106,325.8,2,1.4,2014-02-03,2348,Terra,MODIS,61,6.2,305.8,23.5,D,0
-31.3181,152.8618,332.4,1.1,1.1,2014-02-03,2348,Terra,MODIS,82,6.2,304.2,28.3,D,0
-31.3276,152.8597,347.2,1.1,1.1,2014-02-03,2348,Terra,MODIS,93,6.2,302.6,57.9,D,0
-20.0132,121.9265,351.4,4.8,2,2014-02-04,0124,Terra,MODIS,95,6.2,299.8,507.7,D,0
-20.023,121.9721,326.5,4.8,2,2014-02-04,0124,Terra,MODIS,67,6.2,299.3,111.3,D,0
-20.0107,121.9213,346.6,4.8,2,2014-02-04,0124,Terra,MODIS,91,6.2,299.7,411,D,0
-20.0207,121.9668,331.1,4.8,2,2014-02-04,0124,Terra,MODIS,75,6.2,299.4,166.8,D,0
-21.294,115.9075,333.6,2.4,1.5,2014-02-04,0302,Terra,MODIS,82,6.2,294,70.4,D,0
-21.2878,115.9027,327.2,2.4,1.5,2014-02-04,0302,Terra,MODIS,68,6.2,294,38.1,D,0
-40.5243,148.1295,322.3,1.1,1,2014-02-04,0404,Aqua,MODIS,71,6.2,296,19.1,D,0
-40.5227,148.142,313.6,1.1,1,2014-02-04,0404,Aqua,MODIS,59,6.2,296.3,10.8,D,0
-36.7163,148.1323,307.5,1,1,2014-02-04,0405,Aqua,MODIS,55,6.2,291.3,6.6,D,0
-35.0793,148.7107,324.3,1,1,2014-02-04,0405,Aqua,MODIS,54,6.2,303,12.3,D,0
-31.3344,152.8593,346.4,1.6,1.3,2014-02-04,0406,Aqua,MODIS,92,6.2,302.9,91.8,D,0
-31.32,152.8733,321.5,1.6,1.3,2014-02-04,0406,Aqua,MODIS,62,6.2,301.8,18.5,D,0
-31.3232,152.8564,345.3,1.6,1.3,2014-02-04,0406,Aqua,MODIS,92,6.2,303.4,87.7,D,0
-31.3213,152.8669,334.6,1.6,1.3,2014-02-04,0406,Aqua,MODIS,84,6.2,302.9,50.9,D,0
-31.3244,152.85,325.3,1.6,1.3,2014-02-04,0406,Aqua,MODIS,73,6.2,301.9,27.6,D,0
-26.0078,151.3506,330.1,1.7,1.3,2014-02-04,0407,Aqua,MODIS,64,6.2,312.3,17.6,D,0
-28.7334,147.1268,369.4,1,1,2014-02-04,0407,Aqua,MODIS,100,6.2,323.6,83.2,D,0
-28.7349,147.1166,347.9,1,1,2014-02-04,0407,Aqua,MODIS,90,6.2,322.8,26.4,D,0
-28.7244,147.1251,350.1,1,1,2014-02-04,0407,Aqua,MODIS,92,6.2,322.1,30.4,D,0
-28.7259,147.1148,348.1,1,1,2014-02-04,0407,Aqua,MODIS,90,6.2,322,26.2,D,0
-28.7138,147.1336,380.9,1,1,2014-02-04,0407,Aqua,MODIS,100,6.2,323.5,124.4,D,0
-26.9198,150.0726,337.3,1.3,1.1,2014-02-04,0407,Aqua,MODIS,76,6.2,318.9,17.8,D,0
-25.9996,151.331,358.8,1.7,1.3,2014-02-04,0407,Aqua,MODIS,99,6.2,313.8,134.4,D,0
-25.9852,151.3454,338.5,1.7,1.3,2014-02-04,0407,Aqua,MODIS,76,6.2,311.8,44.9,D,0
-25.9882,151.329,398.7,1.7,1.3,2014-02-04,0407,Aqua,MODIS,100,6.2,318.1,477.6,D,0
-25.9965,151.3479,344.1,1.7,1.3,2014-02-04,0407,Aqua,MODIS,88,6.2,313.1,64.2,D,0
-25.9912,151.3125,355.7,1.7,1.3,2014-02-04,0407,Aqua,MODIS,97,6.2,308.6,123.2,D,0
-29.0459,149.2193,337.9,1.1,1.1,2014-02-04,0407,Aqua,MODIS,55,6.2,319.7,14.1,D,0
-29.0477,149.2077,342.4,1.1,1.1,2014-02-04,0407,Aqua,MODIS,80,6.2,321,23,D,0
-29.3454,149.1351,340,1.1,1.1,2014-02-04,0407,Aqua,MODIS,80,6.2,321.5,14.4,D,0
-28.7123,147.1439,386.5,1,1,2014-02-04,0407,Aqua,MODIS,100,6.2,323.8,150.2,D,0
-28.7214,147.1456,343,1,1,2014-02-04,0407,Aqua,MODIS,74,6.2,322.8,17.1,D,0
-28.686,152.9496,357.6,1.9,1.3,2014-02-04,0407,Aqua,MODIS,98,6.2,301.2,173.1,D,0
-28.7229,147.1354,340.7,1,1,2014-02-04,0407,Aqua,MODIS,53,6.2,322,12.6,D,0
-28.5215,148.9169,339.6,1.1,1.1,2014-02-04,0407,Aqua,MODIS,79,6.2,321.9,15.2,D,0
-23.1188,146.0762,340,1,1,2014-02-04,0408,Aqua,MODIS,86,6.2,308.8,28.8,D,0
-23.1174,146.0861,358.7,1,1,2014-02-04,0408,Aqua,MODIS,99,6.2,311.8,69.4,D,0
-25.4578,149.1967,376.5,1.3,1.1,2014-02-04,0408,Aqua,MODIS,100,6.2,318.2,172.1,D,0
-25.3782,147.8627,331,1.1,1,2014-02-04,0408,Aqua,MODIS,56,6.2,314.6,11.7,D,0
-25.4478,149.1945,383.4,1.3,1.1,2014-02-04,0408,Aqua,MODIS,100,6.2,314.2,212.8,D,0
-24.9037,148.0648,328.2,1.1,1.1,2014-02-04,0408,Aqua,MODIS,35,6.2,306.1,17.2,D,0
-25.4678,149.1987,334.2,1.3,1.1,2014-02-04,0408,Aqua,MODIS,73,6.2,313.4,22.8,D,0
-25.4457,149.207,362.5,1.3,1.1,2014-02-04,0408,Aqua,MODIS,100,6.2,312.7,107.1,D,0
-25.4636,149.2239,327.6,1.3,1.1,2014-02-04,0408,Aqua,MODIS,37,6.2,313,10.6,D,0
-23.1159,146.0959,335.7,1,1,2014-02-04,0408,Aqua,MODIS,80,6.2,306.8,22.8,D,0
-25.4557,149.2092,356,1.3,1.1,2014-02-04,0408,Aqua,MODIS,97,6.2,315.4,82.5,D,0
-25.3943,147.9444,332.9,1.1,1,2014-02-04,0408,Aqua,MODIS,66,6.2,317.7,13.3,D,0
-25.4657,149.2113,352.5,1.3,1.1,2014-02-04,0408,Aqua,MODIS,94,6.2,315.4,70,D,0
-23.1257,146.083,352,1,1,2014-02-04,0408,Aqua,MODIS,95,6.2,310.7,52.1,D,0
-23.1242,146.0929,366.8,1,1,2014-02-04,0408,Aqua,MODIS,100,6.2,311.6,92.4,D,0
-23.5967,147.588,340.3,1.1,1.1,2014-02-04,0408,Aqua,MODIS,85,6.2,313.1,29,D,0
-23.5872,147.5862,330.3,1.1,1.1,2014-02-04,0408,Aqua,MODIS,72,6.2,312.3,12.6,D,0
-23.355,147.4232,328.8,1.1,1,2014-02-04,0408,Aqua,MODIS,36,6.2,309,13,D,0
-23.3567,147.4124,383.6,1.1,1,2014-02-04,0408,Aqua,MODIS,100,6.2,314.8,176.1,D,0
-23.3456,147.4214,338,1.1,1,2014-02-04,0408,Aqua,MODIS,84,6.2,305.8,27.1,D,0
-23.3473,147.4106,353.3,1.1,1,2014-02-04,0408,Aqua,MODIS,96,6.2,305.6,61.2,D,0
-23.349,147.3999,328.8,1.1,1,2014-02-04,0408,Aqua,MODIS,41,6.2,303.9,13.9,D,0
-23.3584,147.4016,354.7,1.1,1,2014-02-04,0408,Aqua,MODIS,97,6.2,310.4,66.1,D,0
-23.0125,147.598,334.1,1.1,1.1,2014-02-04,0408,Aqua,MODIS,44,6.2,310.5,20.7,D,0
-23.2269,147.5943,341.8,1.1,1.1,2014-02-04,0408,Aqua,MODIS,88,6.2,311.7,34.4,D,0
-23.2287,147.5833,338.6,1.1,1.1,2014-02-04,0408,Aqua,MODIS,85,6.2,310.3,28,D,0
-23.0459,147.2047,324.8,1.1,1,2014-02-04,0408,Aqua,MODIS,46,6.2,308.6,7,D,0
-23.3783,147.5568,346.4,1.1,1.1,2014-02-04,0408,Aqua,MODIS,91,6.2,312.1,44.5,D,0
-23.3688,147.555,361,1.1,1.1,2014-02-04,0408,Aqua,MODIS,100,6.2,312.8,83.3,D,0
-23.3706,147.5441,346.3,1.1,1.1,2014-02-04,0408,Aqua,MODIS,91,6.2,309.7,43.9,D,0
-23.3594,147.5532,339.3,1.1,1.1,2014-02-04,0408,Aqua,MODIS,85,6.2,311.1,29.5,D,0
-23.3652,150.0325,332.8,1.5,1.2,2014-02-04,0408,Aqua,MODIS,80,6.2,300.5,40.4,D,0
-23.9341,145.5336,331.5,1,1,2014-02-04,0408,Aqua,MODIS,73,6.2,311.7,13.2,D,0
-23.2685,145.9331,335.9,1,1,2014-02-04,0408,Aqua,MODIS,81,6.2,312.6,20.7,D,0
-23.2594,145.9315,325,1,1,2014-02-04,0408,Aqua,MODIS,47,6.2,308.2,6.8,D,0
-24.0187,151.4743,323.9,1.9,1.3,2014-02-04,0408,Aqua,MODIS,0,6.2,300.8,33,D,0
-24.0067,151.4718,326,1.9,1.3,2014-02-04,0408,Aqua,MODIS,0,6.2,298.1,38.4,D,0
-22.8343,149.1669,326.1,1.4,1.2,2014-02-04,0408,Aqua,MODIS,34,6.2,302.6,21.9,D,0
-23.0255,147.5778,339.3,1.1,1.1,2014-02-04,0408,Aqua,MODIS,86,6.2,312.6,30.7,D,0
-23.0143,147.587,332.3,1.1,1.1,2014-02-04,0408,Aqua,MODIS,56,6.2,306.4,16.2,D,0
-23.016,147.576,339,1.1,1.1,2014-02-04,0408,Aqua,MODIS,82,6.2,310.2,29,D,0
-22.9875,147.5706,343.7,1.1,1.1,2014-02-04,0408,Aqua,MODIS,90,6.2,308,42.2,D,0
-22.9554,147.4342,323,1.1,1.1,2014-02-04,0408,Aqua,MODIS,48,6.2,301.6,10.9,D,0
-22.7963,147.4591,338.4,1.1,1.1,2014-02-04,0409,Aqua,MODIS,85,6.2,308.8,32.1,D,0
-22.798,147.4482,327.4,1.1,1.1,2014-02-04,0409,Aqua,MODIS,71,6.2,307.7,14,D,0
-22.8058,147.4609,328.6,1.1,1.1,2014-02-04,0409,Aqua,MODIS,61,6.2,307.9,15.7,D,0
-22.8742,147.3687,332.2,1.1,1.1,2014-02-04,0409,Aqua,MODIS,74,6.2,306,20.9,D,0
-22.8631,147.3777,329.3,1.1,1.1,2014-02-04,0409,Aqua,MODIS,68,6.2,301.5,15.1,D,0
-22.8648,147.367,350.4,1.1,1.1,2014-02-04,0409,Aqua,MODIS,94,6.2,307.2,57,D,0
-22.8665,147.3563,335.8,1.1,1.1,2014-02-04,0409,Aqua,MODIS,75,6.2,306.9,26.8,D,0
-22.8553,147.3653,345.9,1.1,1.1,2014-02-04,0409,Aqua,MODIS,91,6.2,308.6,47.7,D,0
-17.72,135.872,313.4,2.8,1.6,2014-02-04,0410,Aqua,MODIS,19,6.2,288,32.8,D,0
-33.2003,136.3366,327.5,4.8,2,2014-02-04,0544,Aqua,MODIS,81,6.2,300.8,136.6,D,0
-31.9048,133.8141,325.9,3.6,1.8,2014-02-04,0544,Aqua,MODIS,67,6.2,304.5,51.7,D,0
-31.8991,133.8077,326,3.6,1.8,2014-02-04,0544,Aqua,MODIS,67,6.2,304,58.4,D,0
-33.2046,136.3344,328.7,4.8,2,2014-02-04,0544,Aqua,MODIS,82,6.2,301.1,150.2,D,0
-30.8685,121.482,330.3,1,1,2014-02-04,0545,Aqua,MODIS,62,6.2,316.1,8.1,D,0
-30.867,121.4926,350.6,1,1,2014-02-04,0545,Aqua,MODIS,93,6.2,316.8,43.2,D,2
-20.5318,119.8549,337.9,1,1,2014-02-04,0548,Aqua,MODIS,76,6.2,313.4,17.4,D,0
-20.5331,119.8453,340.3,1,1,2014-02-04,0548,Aqua,MODIS,80,6.2,314.1,22,D,0
-20.5345,119.8358,346.7,1,1,2014-02-04,0548,Aqua,MODIS,88,6.2,313.1,34.6,D,0
-20.5255,119.8343,333.3,1,1,2014-02-04,0548,Aqua,MODIS,64,6.2,309.4,12.4,D,0
-18.7781,125.7519,331.9,2,1.4,2014-02-04,0548,Aqua,MODIS,60,6.2,297.8,45.7,D,0
-18.7789,125.7572,335.9,2,1.4,2014-02-04,0548,Aqua,MODIS,79,6.2,296.9,62.7,D,0
-18.7823,125.7385,337.2,2,1.4,2014-02-04,0548,Aqua,MODIS,83,6.2,300.3,64.2,D,0
-18.7814,125.7332,331.9,2,1.4,2014-02-04,0548,Aqua,MODIS,37,6.2,300.3,38.6,D,0
-18.7912,125.7598,327.8,2,1.4,2014-02-04,0548,Aqua,MODIS,46,6.2,295.5,33.8,D,0
-20.0488,121.8046,345.6,1.1,1,2014-02-04,0548,Aqua,MODIS,54,6.2,310.5,39.3,D,0
-20.0549,121.8272,359,1.1,1,2014-02-04,0548,Aqua,MODIS,89,6.2,316.6,68.5,D,0
-20.0471,121.8151,347.6,1.1,1,2014-02-04,0548,Aqua,MODIS,51,6.2,307.6,40.2,D,0
-25.9899,151.362,306.8,4.6,2,2014-02-04,1154,Terra,MODIS,49,6.2,291,64.4,N,0
-25.9929,151.3166,305.1,4.6,2,2014-02-04,1154,Terra,MODIS,20,6.2,290.9,55.6,N,0
-25.9721,151.3603,316.1,4.6,2,2014-02-04,1154,Terra,MODIS,90,6.2,291.4,121.7,N,0
-25.9732,151.3531,321,4.6,2,2014-02-04,1154,Terra,MODIS,100,6.2,291.5,157.9,N,0
-25.9765,151.3071,316.8,4.6,2,2014-02-04,1154,Terra,MODIS,74,6.2,291.5,123.6,N,0
-25.9911,151.355,307.3,4.6,2,2014-02-04,1154,Terra,MODIS,30,6.2,291,61.3,N,0
-25.975,151.3142,321.1,4.6,2,2014-02-04,1154,Terra,MODIS,100,6.2,291.6,166.2,N,0
-40.5138,148.1384,310.7,1.5,1.2,2014-02-04,1328,Terra,MODIS,10,6.2,283.2,20.9,N,0
-40.5141,148.1322,315.8,1.5,1.2,2014-02-04,1328,Terra,MODIS,89,6.2,283,30.1,N,0
-37.2559,148.4288,302.1,1.9,1.3,2014-02-04,1329,Terra,MODIS,19,6.2,284.5,16.6,N,0
-37.2683,148.4302,300.1,1.9,1.3,2014-02-04,1329,Terra,MODIS,2,6.2,283.5,13.7,N,0
-37.259,148.435,304.1,1.9,1.3,2014-02-04,1329,Terra,MODIS,21,6.2,284.5,18.9,N,0
-28.7083,147.1524,312.6,2.5,1.5,2014-02-04,1331,Terra,MODIS,85,6.2,294.3,38,N,0
-28.7027,147.1454,313.2,2.5,1.5,2014-02-04,1331,Terra,MODIS,87,6.2,294.5,40.5,N,0
-32.9958,137.5846,305.6,1.1,1.1,2014-02-04,1331,Terra,MODIS,65,6.2,293.2,6.5,N,0
-28.7135,147.1272,310,2.5,1.5,2014-02-04,1331,Terra,MODIS,79,6.2,294.1,30.5,N,0
-25.4568,149.2066,303.8,4.1,1.9,2014-02-04,1332,Terra,MODIS,57,6.2,291.5,36.5,N,0
-25.4541,149.2005,302.8,4.1,1.9,2014-02-04,1332,Terra,MODIS,51,6.2,291.5,32.4,N,0
-20.7295,139.4792,307.5,1.2,1.1,2014-02-04,1334,Terra,MODIS,41,6.2,294.9,7.6,N,2
-20.7337,139.475,317.8,1.1,1.1,2014-02-04,1334,Terra,MODIS,95,6.2,294.7,15.7,N,2
-25.4509,149.1986,314,1.5,1.2,2014-02-04,1505,Aqua,MODIS,45,6.2,292.7,18.8,N,0
-25.9661,151.3506,319.6,1.1,1.1,2014-02-04,1505,Aqua,MODIS,35,6.2,292.4,17.4,N,0
-25.9774,151.3599,333.8,1.1,1.1,2014-02-04,1505,Aqua,MODIS,100,6.2,293.6,38.1,N,0
-28.7084,147.1515,317.4,1.7,1.3,2014-02-04,1506,Aqua,MODIS,95,6.2,294.3,32.4,N,0
-37.1998,148.5571,311.5,1.1,1,2014-02-04,1508,Aqua,MODIS,83,6.2,282.6,14.5,N,0
-37.2018,148.5694,301,1.1,1,2014-02-04,1508,Aqua,MODIS,25,6.2,281.5,7.6,N,0
-37.5102,148.8787,303.1,1,1,2014-02-04,1508,Aqua,MODIS,53,6.2,284,9.4,N,0
-37.2583,148.6788,300.7,1.1,1,2014-02-04,1508,Aqua,MODIS,17,6.2,282.1,7.1,N,0
-37.2841,148.4527,306.2,1.1,1,2014-02-04,1508,Aqua,MODIS,43,6.2,282.7,10.2,N,0
-25.4678,149.2085,329,1.2,1.1,2014-02-05,0029,Terra,MODIS,50,6.2,301.8,21.9,D,0
-25.4549,149.1857,351.4,1.2,1.1,2014-02-05,0029,Terra,MODIS,96,6.2,305.6,72.9,D,0
-23.9222,148.5212,327.3,1.1,1,2014-02-05,0029,Terra,MODIS,77,6.2,305,16.3,D,0
-23.942,145.5324,333,1,1,2014-02-05,0029,Terra,MODIS,80,6.2,305.6,20.3,D,0
-23.9435,145.5424,333.4,1,1,2014-02-05,0029,Terra,MODIS,81,6.2,306.9,20.4,D,0
-25.9727,151.3526,313.8,1.7,1.3,2014-02-05,0029,Terra,MODIS,18,6.2,287,11.6,D,0
-37.2963,148.4457,340.4,1.5,1.2,2014-02-05,0032,Terra,MODIS,92,6.2,289.8,81.3,D,0
-37.2981,148.4638,321.2,1.5,1.2,2014-02-05,0032,Terra,MODIS,77,6.2,289.7,33.8,D,0
-37.223,148.3944,308.9,1.5,1.2,2014-02-05,0032,Terra,MODIS,63,6.2,293.7,12.2,D,0
-37.1575,148.5324,306.8,1.6,1.2,2014-02-05,0032,Terra,MODIS,61,6.2,290.2,14.7,D,0
-37.1641,148.3664,308.7,1.5,1.2,2014-02-05,0032,Terra,MODIS,64,6.2,291.6,13.5,D,0
-37.205,148.5539,312.4,1.6,1.2,2014-02-05,0032,Terra,MODIS,54,6.2,290.2,20.6,D,0
-37.9468,145.0744,319.6,1.1,1,2014-02-05,0033,Terra,MODIS,68,6.2,303.7,6.9,D,0
-37.6911,145.0354,318.9,1.1,1,2014-02-05,0033,Terra,MODIS,59,6.2,303.9,5.3,D,0
-37.8425,145.2807,318.3,1.1,1,2014-02-05,0033,Terra,MODIS,50,6.2,302.8,7.1,D,0
-38.1019,145.1602,315.3,1.1,1,2014-02-05,0033,Terra,MODIS,21,6.2,300.8,5.1,D,0
-42.089,147.384,343.6,1.5,1.2,2014-02-05,0034,Terra,MODIS,93,6.2,302.2,81.5,D,0
-42.0872,147.3651,332.6,1.5,1.2,2014-02-05,0034,Terra,MODIS,88,6.2,297.1,49.7,D,0
-20.1105,121.8563,335.4,1,1,2014-02-05,0207,Terra,MODIS,78,6.2,302.7,21.3,D,0
-20.112,121.8659,352.6,1,1,2014-02-05,0207,Terra,MODIS,95,6.2,306.2,52.8,D,0
-20.5091,119.8123,326.4,1.2,1.1,2014-02-05,0207,Terra,MODIS,61,6.2,298.8,14,D,0
-23.0649,122.9303,322.5,1,1,2014-02-05,0207,Terra,MODIS,23,6.2,302,12.7,D,0
-37.2209,148.3922,311.2,2.9,1.6,2014-02-05,0447,Aqua,MODIS,22,6.2,296.7,29.6,D,0
-37.2203,148.3855,312.1,2.9,1.6,2014-02-05,0447,Aqua,MODIS,32,6.2,297.2,32.5,D,0
-37.2416,148.4359,328.5,2.9,1.6,2014-02-05,0447,Aqua,MODIS,83,6.2,296.5,102.1,D,0
-37.2547,148.4441,333.2,2.9,1.6,2014-02-05,0447,Aqua,MODIS,87,6.2,295.7,135.4,D,0
-37.2559,148.4411,327.3,2.9,1.6,2014-02-05,0447,Aqua,MODIS,82,6.2,295.6,98,D,0
-38.3415,143.2811,379.9,1.4,1.2,2014-02-05,0447,Aqua,MODIS,100,6.2,314.3,224.9,D,0
-38.3444,143.2654,462.2,1.4,1.2,2014-02-05,0447,Aqua,MODIS,100,6.2,331.6,1392.8,D,0
-38.3473,143.25,349.1,1.4,1.2,2014-02-05,0447,Aqua,MODIS,94,6.2,299.5,79.1,D,0
-38.3311,143.2779,338.6,1.4,1.2,2014-02-05,0447,Aqua,MODIS,87,6.2,308,42.3,D,0
-38.334,143.2623,397.8,1.4,1.2,2014-02-05,0447,Aqua,MODIS,100,6.2,315.1,363.1,D,0
-38.3369,143.2468,328.8,1.4,1.2,2014-02-05,0447,Aqua,MODIS,48,6.2,304.8,24.3,D,0
-38.3547,143.2687,343.2,1.4,1.2,2014-02-05,0447,Aqua,MODIS,90,6.2,306.4,63.6,D,0
-37.1268,148.3865,329.4,2.9,1.6,2014-02-05,0447,Aqua,MODIS,69,6.2,303.5,96.4,D,0
-37.1348,148.3533,325.4,2.9,1.6,2014-02-05,0447,Aqua,MODIS,38,6.2,300.6,72.3,D,0
-37.1123,148.382,328,2.9,1.6,2014-02-05,0447,Aqua,MODIS,62,6.2,303.3,86.3,D,0
-37.1282,148.383,328.6,2.9,1.6,2014-02-05,0447,Aqua,MODIS,36,6.2,303.4,84.4,D,0
-37.1138,148.3781,328.6,2.9,1.6,2014-02-05,0447,Aqua,MODIS,56,6.2,303.5,87.7,D,0
-28.7132,147.1437,328.5,4,1.9,2014-02-05,0450,Aqua,MODIS,55,6.2,299.8,84.2,D,0
-28.7296,147.1488,336.3,4,1.9,2014-02-05,0450,Aqua,MODIS,87,6.2,303.7,162.3,D,0
-28.7255,147.1394,332.2,4,1.9,2014-02-05,0450,Aqua,MODIS,51,6.2,303.2,118.9,D,0
-23.7625,146.3977,335.1,4.7,2,2014-02-05,0451,Aqua,MODIS,81,6.2,300.6,238.5,D,0
-23.7661,146.4527,333.8,4.8,2,2014-02-05,0451,Aqua,MODIS,81,6.2,302.9,224.9,D,0
-23.7696,146.4497,326.8,4.8,2,2014-02-05,0451,Aqua,MODIS,69,6.2,302.8,138.7,D,0
-23.7593,146.4008,332,4.7,2,2014-02-05,0451,Aqua,MODIS,79,6.2,299.7,196.9,D,0
-23.7519,146.4448,337.3,4.8,2,2014-02-05,0451,Aqua,MODIS,84,6.2,298.8,273.7,D,0
-23.7801,146.4026,326.4,4.7,2,2014-02-05,0451,Aqua,MODIS,68,6.2,303.1,131.5,D,0
-23.7768,146.4058,337.2,4.7,2,2014-02-05,0451,Aqua,MODIS,85,6.2,303.4,268.8,D,0
-23.9758,145.6018,379.3,4.1,1.9,2014-02-05,0451,Aqua,MODIS,100,6.2,303.8,1060.4,D,0
-23.9846,145.5621,335.1,4.1,1.9,2014-02-05,0451,Aqua,MODIS,83,6.2,302.8,166.2,D,0
-23.9655,145.6373,324.3,4.2,1.9,2014-02-05,0451,Aqua,MODIS,53,6.2,302.4,54.3,D,0
-23.9741,145.5972,367,4.1,1.9,2014-02-05,0451,Aqua,MODIS,100,6.2,303.2,717,D,0
-23.9826,145.5574,326.2,4.1,1.9,2014-02-05,0451,Aqua,MODIS,39,6.2,302.4,76.2,D,0
-32.219,115.8291,342.6,1.3,1.1,2014-02-05,0628,Aqua,MODIS,84,6.2,305.7,45.7,D,0
-40.5348,148.1067,415.1,2.1,1.4,2014-02-05,1233,Terra,MODIS,100,6.2,303.5,1045.4,N,3
-38.3512,143.2558,306.2,3.9,1.8,2014-02-05,1234,Terra,MODIS,67,6.2,289.3,60,N,0
-37.111,148.4001,323,1.8,1.3,2014-02-05,1234,Terra,MODIS,52,6.2,288.5,46.5,N,0
-37.3003,148.4419,306.2,1.8,1.3,2014-02-05,1234,Terra,MODIS,64,6.2,286.6,19.8,N,0
-37.2339,148.4458,310,1.8,1.3,2014-02-05,1234,Terra,MODIS,24,6.2,287.6,22.7,N,0
-37.2385,148.4531,312.4,1.8,1.3,2014-02-05,1234,Terra,MODIS,50,6.2,287.1,27.2,N,0
-37.2883,148.4392,308.5,1.8,1.3,2014-02-05,1234,Terra,MODIS,74,6.2,287.3,23.1,N,0
-37.2526,148.4307,307.6,1.8,1.3,2014-02-05,1234,Terra,MODIS,42,6.2,289,20.5,N,0
-37.246,148.4465,309.5,1.8,1.3,2014-02-05,1234,Terra,MODIS,50,6.2,288.2,23.3,N,0
-31.8614,146.4429,302.3,2.1,1.4,2014-02-05,1235,Terra,MODIS,48,6.2,284.2,13.7,N,0
-29.9506,152.8254,305.4,1,1,2014-02-05,1236,Terra,MODIS,64,6.2,287.6,7.7,N,0
-25.4688,149.2,307.9,1.2,1.1,2014-02-05,1237,Terra,MODIS,37,6.2,293.5,7.9,N,0
-25.4659,149.2231,310.1,1.2,1.1,2014-02-05,1237,Terra,MODIS,75,6.2,293.3,10.3,N,0
-25.4398,149.1776,302.9,1.2,1.1,2014-02-05,1237,Terra,MODIS,52,6.2,292.4,6,N,0
-25.4674,149.2117,314.8,1.2,1.1,2014-02-05,1237,Terra,MODIS,89,6.2,294.1,14.3,N,0
-24.8946,148.0708,310,1.3,1.1,2014-02-05,1237,Terra,MODIS,79,6.2,289.7,16.2,N,0
-25.4413,149.1657,309.7,1.2,1.1,2014-02-05,1237,Terra,MODIS,78,6.2,292.8,11.4,N,0
-25.4424,149.1722,313.7,1.2,1.1,2014-02-05,1237,Terra,MODIS,61,6.2,293,13.2,N,0
-24.5721,145.4798,307.8,2,1.4,2014-02-05,1237,Terra,MODIS,53,6.2,292.3,18.8,N,0
-24.58,145.494,306.7,2,1.4,2014-02-05,1237,Terra,MODIS,68,6.2,292.3,18.1,N,0
-24.582,145.4746,302.5,2,1.4,2014-02-05,1237,Terra,MODIS,28,6.2,292.3,11.3,N,0
-23.73,149.5802,306.3,1.1,1,2014-02-05,1238,Terra,MODIS,67,6.2,293.1,7.3,N,0
-32.6242,136.2809,320.6,2,1.4,2014-02-05,1414,Terra,MODIS,100,6.2,295.3,45.2,N,0
-32.6365,136.2844,309.8,2,1.4,2014-02-05,1414,Terra,MODIS,78,6.2,294.7,21.3,N,0
-32.6192,136.2952,306.7,2,1.4,2014-02-05,1414,Terra,MODIS,69,6.2,294.4,15.8,N,0
-32.6315,136.2986,311.3,2,1.4,2014-02-05,1414,Terra,MODIS,82,6.2,294.6,24.8,N,0
-32.6358,136.2776,308.2,2,1.4,2014-02-05,1414,Terra,MODIS,74,6.2,294.6,18.7,N,0
-32.6235,136.2741,311,2,1.4,2014-02-05,1414,Terra,MODIS,81,6.2,294.8,23.9,N,0
-27.2379,127.9119,319.1,1,1,2014-02-05,1415,Terra,MODIS,98,6.2,298.2,13.6,N,0
-27.2302,127.9041,309.5,1,1,2014-02-05,1415,Terra,MODIS,78,6.2,297,6.9,N,0
-27.2288,127.9141,306.6,1,1,2014-02-05,1415,Terra,MODIS,69,6.2,296.5,5.1,N,0
-20.7358,139.483,301.4,1.5,1.2,2014-02-05,1547,Aqua,MODIS,40,6.2,290,6.9,N,2
-24.5721,145.4913,307.2,1.1,1.1,2014-02-05,1547,Aqua,MODIS,71,6.2,291.9,9.1,N,0
-31.0737,144.8835,307.3,1.2,1.1,2014-02-05,1549,Aqua,MODIS,71,6.2,294.4,8.8,N,0
-37.1087,148.4024,301.9,2.4,1.5,2014-02-05,1550,Aqua,MODIS,45,6.2,286,23.9,N,0
-37.1386,148.3827,308.1,2.4,1.5,2014-02-05,1550,Aqua,MODIS,73,6.2,286.2,36.9,N,0
-37.2358,148.4491,301,2.4,1.5,2014-02-05,1550,Aqua,MODIS,14,6.2,286,20.3,N,0
-32.6216,136.2891,317.7,1.5,1.2,2014-02-05,1550,Aqua,MODIS,96,6.2,295.2,25.4,N,0
-32.6276,136.3033,315.7,1.5,1.2,2014-02-05,1550,Aqua,MODIS,92,6.2,294.7,22.3,N,0
-32.6314,136.2834,308.4,1.5,1.2,2014-02-05,1550,Aqua,MODIS,74,6.2,294.5,13.3,N,0
-32.6374,136.2974,311.5,1.5,1.2,2014-02-05,1550,Aqua,MODIS,83,6.2,294.2,17.1,N,0
-38.3374,143.28,300.2,1.3,1.1,2014-02-05,1551,Aqua,MODIS,12,6.2,290.2,6.5,N,0
-38.333,143.2666,304.8,1.3,1.1,2014-02-05,1551,Aqua,MODIS,61,6.2,291.8,10.2,N,0
-38.3424,143.2617,312,1.3,1.1,2014-02-05,1551,Aqua,MODIS,84,6.2,291.9,16.6,N,0
-38.3468,143.2751,302,1.3,1.1,2014-02-05,1551,Aqua,MODIS,18,6.2,290.1,7.4,N,0
-32.4879,115.8417,306.2,1,1,2014-02-05,1729,Aqua,MODIS,67,6.2,290.9,7.6,N,0
-37.1324,148.3596,314.7,2.3,1.5,2014-02-05,2337,Terra,MODIS,46,6.2,297,29.9,D,0
-19.0356,137.0495,313.1,1,1,2014-02-06,0111,Terra,MODIS,21,6.2,293.9,6.8,D,0
-19.0499,136.7705,315.1,1,1,2014-02-06,0111,Terra,MODIS,17,6.2,294.8,7.4,D,0
-19.2639,137.2279,312,1,1,2014-02-06,0111,Terra,MODIS,36,6.2,293.9,7,D,0
-19.3669,136.9237,314.1,1,1,2014-02-06,0111,Terra,MODIS,23,6.2,294.1,8.2,D,0
-23.6325,145.451,323.6,3.5,1.8,2014-02-06,0112,Terra,MODIS,68,6.2,302.4,65.7,D,0
-27.5395,141.6123,339.3,2.1,1.4,2014-02-06,0113,Terra,MODIS,66,6.2,300.9,78.6,D,0
-32.6298,136.2933,338,1.2,1.1,2014-02-06,0114,Terra,MODIS,78,6.2,319.4,21.6,D,0
-32.638,136.2794,333.4,1.2,1.1,2014-02-06,0114,Terra,MODIS,52,6.2,315.2,12.5,D,0
-32.641,136.3043,341.1,1.2,1.1,2014-02-06,0114,Terra,MODIS,81,6.2,318.2,26.4,D,0
-32.6395,136.2918,363,1.2,1.1,2014-02-06,0114,Terra,MODIS,100,6.2,316.9,88.9,D,0
-37.3066,148.4422,327,1.2,1.1,2014-02-06,0352,Aqua,MODIS,81,6.2,299.3,26.8,D,0
-37.2135,148.3739,327.2,1.2,1.1,2014-02-06,0352,Aqua,MODIS,53,6.2,307.5,20.1,D,0
-37.1641,148.3611,336.3,1.2,1.1,2014-02-06,0352,Aqua,MODIS,85,6.2,304.1,37.4,D,0
-37.1542,148.3582,336.7,1.2,1.1,2014-02-06,0352,Aqua,MODIS,70,6.2,304.7,37.2,D,0
-37.1874,148.5139,331.3,1.2,1.1,2014-02-06,0352,Aqua,MODIS,62,6.2,300.8,28.7,D,0
-37.26,148.6719,318.6,1.2,1.1,2014-02-06,0352,Aqua,MODIS,51,6.2,295.7,14.3,D,0
-37.2218,148.3909,333,1.2,1.1,2014-02-06,0352,Aqua,MODIS,85,6.2,304.3,30.6,D,0
-37.1628,148.5526,339.3,1.2,1.1,2014-02-06,0352,Aqua,MODIS,87,6.2,298.9,47.9,D,0
-37.2471,148.4374,344.4,1.2,1.1,2014-02-06,0352,Aqua,MODIS,93,6.2,304.2,53.4,D,0
-37.1748,148.3545,326.3,1.2,1.1,2014-02-06,0352,Aqua,MODIS,65,6.2,303.5,20,D,0
-37.2683,148.6873,330.2,1.2,1.1,2014-02-06,0352,Aqua,MODIS,69,6.2,299.4,28.5,D,0
-37.2025,148.5597,328.4,1.2,1.1,2014-02-06,0352,Aqua,MODIS,23,6.2,298.2,25.7,D,0
-37.5337,148.8501,319.9,1.2,1.1,2014-02-06,0352,Aqua,MODIS,62,6.2,303,13.6,D,0
-37.1799,148.4004,321.1,1.2,1.1,2014-02-06,0352,Aqua,MODIS,22,6.2,299.9,16.7,D,0
-37.2007,148.4869,324,1.2,1.1,2014-02-06,0352,Aqua,MODIS,63,6.2,302,19.5,D,0
-37.2238,148.4622,338.3,1.2,1.1,2014-02-06,0352,Aqua,MODIS,77,6.2,303.6,41.1,D,0
-37.2667,148.4339,339.6,1.2,1.1,2014-02-06,0352,Aqua,MODIS,82,6.2,304,44.2,D,0
-37.1858,148.5283,329.4,1.2,1.1,2014-02-06,0352,Aqua,MODIS,79,6.2,300.7,26.9,D,0
-37.2684,148.4189,336.2,1.2,1.1,2014-02-06,0352,Aqua,MODIS,63,6.2,305.3,37.2,D,0
-37.1891,148.4993,325.5,1.2,1.1,2014-02-06,0352,Aqua,MODIS,50,6.2,300.5,21,D,0
-37.1783,148.4148,330.6,1.2,1.1,2014-02-06,0352,Aqua,MODIS,84,6.2,297.1,34.4,D,0
-37.2897,148.6773,316.5,1.2,1.1,2014-02-06,0352,Aqua,MODIS,38,6.2,299.8,10.5,D,0
-37.2317,148.3934,343.2,1.2,1.1,2014-02-06,0352,Aqua,MODIS,92,6.2,304.3,52.5,D,0
-37.4627,148.8446,312.9,1.2,1.1,2014-02-06,0352,Aqua,MODIS,38,6.2,299.7,8.5,D,0
-37.2337,148.4652,324.8,1.2,1.1,2014-02-06,0352,Aqua,MODIS,51,6.2,303.7,18.1,D,0
-37.2587,148.4253,324.4,1.2,1.1,2014-02-06,0352,Aqua,MODIS,54,6.2,304.7,18,D,0
-37.2123,148.4745,332.6,1.2,1.1,2014-02-06,0352,Aqua,MODIS,66,6.2,302.2,30.5,D,0
-37.305,148.4558,323.5,1.2,1.1,2014-02-06,0352,Aqua,MODIS,78,6.2,298.3,21.9,D,0
-37.2334,148.3784,326.9,1.2,1.1,2014-02-06,0352,Aqua,MODIS,43,6.2,305.9,20.2,D,0
-37.2487,148.4236,337.3,1.2,1.1,2014-02-06,0352,Aqua,MODIS,81,6.2,306.7,38.3,D,0
-37.2882,148.69,322.1,1.2,1.1,2014-02-06,0352,Aqua,MODIS,68,6.2,301.3,17.1,D,0
-37.2353,148.4512,346.2,1.2,1.1,2014-02-06,0352,Aqua,MODIS,93,6.2,303.2,59.6,D,0
-40.5357,148.1365,330.1,1.4,1.2,2014-02-06,0352,Aqua,MODIS,54,6.2,295.6,42,D,0
-40.534,148.153,313.2,1.4,1.2,2014-02-06,0352,Aqua,MODIS,0,6.2,285.6,13.4,D,0
-37.1344,148.4422,334.4,1.2,1.1,2014-02-06,0352,Aqua,MODIS,74,6.2,301.3,37.7,D,0
-37.1359,148.4286,338,1.2,1.1,2014-02-06,0352,Aqua,MODIS,79,6.2,302.4,42.8,D,0
-37.1245,148.4396,334.8,1.2,1.1,2014-02-06,0352,Aqua,MODIS,78,6.2,303,36.8,D,0
-37.1147,148.4366,325.2,1.2,1.1,2014-02-06,0352,Aqua,MODIS,39,6.2,302.4,18.4,D,0
-37.1063,148.4205,344.8,1.2,1.1,2014-02-06,0352,Aqua,MODIS,93,6.2,306.2,55.4,D,0
-37.0964,148.4181,337.5,1.2,1.1,2014-02-06,0352,Aqua,MODIS,88,6.2,303.7,40.4,D,0
-37.0865,148.4159,317.7,1.2,1.1,2014-02-06,0352,Aqua,MODIS,35,6.2,301.1,9.7,D,0
-37.1425,148.371,344.8,1.2,1.1,2014-02-06,0352,Aqua,MODIS,93,6.2,307.1,54.6,D,0
-37.1443,148.356,329,1.2,1.1,2014-02-06,0352,Aqua,MODIS,56,6.2,306.1,22.4,D,0
-37.1327,148.3675,333.1,1.2,1.1,2014-02-06,0352,Aqua,MODIS,85,6.2,308,29.6,D,0
-37.1343,148.3536,326.7,1.2,1.1,2014-02-06,0352,Aqua,MODIS,78,6.2,306.6,19.8,D,0
-37.0996,148.3901,362,1.2,1.1,2014-02-06,0352,Aqua,MODIS,100,6.2,306.7,110.2,D,0
-37.1112,148.3778,342.1,1.2,1.1,2014-02-06,0352,Aqua,MODIS,91,6.2,309.1,48.4,D,0
-37.1011,148.3761,347.8,1.2,1.1,2014-02-06,0352,Aqua,MODIS,94,6.2,308.2,64.8,D,0
-37.1096,148.392,369.9,1.2,1.1,2014-02-06,0352,Aqua,MODIS,100,6.2,313,140.8,D,0
-37.1079,148.4067,371.7,1.2,1.1,2014-02-06,0352,Aqua,MODIS,100,6.2,310.6,148.3,D,0
-33.6386,148.1521,333.5,1.2,1.1,2014-02-06,0353,Aqua,MODIS,67,6.2,319.7,10.8,D,0
-33.6401,148.1396,335.8,1.2,1.1,2014-02-06,0353,Aqua,MODIS,74,6.2,320.9,15,D,0
-33.6411,148.1453,344.1,1.2,1.1,2014-02-06,0353,Aqua,MODIS,86,6.2,321,30.2,D,0
-26.5738,147.2622,323.3,1.1,1,2014-02-06,0355,Aqua,MODIS,0,6.2,296,12.6,D,0
-27.5458,141.6391,336.7,2.4,1.5,2014-02-06,0355,Aqua,MODIS,51,6.2,313.4,35.6,D,0
-27.548,141.6144,397.7,2.4,1.5,2014-02-06,0355,Aqua,MODIS,100,6.2,318.6,772.2,D,0
-27.5502,141.5896,360.1,2.4,1.5,2014-02-06,0355,Aqua,MODIS,100,6.2,309.3,218.5,D,0
-27.1876,147.7563,340.1,1.1,1,2014-02-06,0355,Aqua,MODIS,38,6.2,311,27.1,D,0
-27.1966,147.7427,346.9,1.1,1,2014-02-06,0355,Aqua,MODIS,82,6.2,314.3,40.9,D,0
-27.1952,147.7533,345.8,1.1,1,2014-02-06,0355,Aqua,MODIS,79,6.2,316.5,39.7,D,0
-28.7334,147.1427,351.1,1.1,1.1,2014-02-06,0355,Aqua,MODIS,75,6.2,311,53.3,D,0
-28.7238,147.1411,357.3,1.1,1.1,2014-02-06,0355,Aqua,MODIS,67,6.2,311.5,72.2,D,0
-23.1862,150.0605,330,1.1,1,2014-02-06,0356,Aqua,MODIS,33,6.2,306.6,15.9,D,0
-19.9836,136.7277,310.8,4.4,1.9,2014-02-06,0357,Aqua,MODIS,21,6.2,288.8,59.1,D,0
-20.9519,137.5784,315.2,3.9,1.8,2014-02-06,0357,Aqua,MODIS,27,6.2,290.5,54.3,D,0
-19.7599,138.6572,316,3.2,1.7,2014-02-06,0357,Aqua,MODIS,48,6.2,292.3,40,D,0
-32.1692,134.1281,338.3,2.4,1.5,2014-02-06,0532,Aqua,MODIS,79,6.2,317.8,50.5,D,0
-32.1639,134.153,336.1,2.4,1.5,2014-02-06,0532,Aqua,MODIS,76,6.2,317,38.6,D,0
-32.9816,119.4945,333,1.9,1.3,2014-02-06,0533,Aqua,MODIS,80,6.2,305.2,40.8,D,0
-32.9797,119.5148,333.4,1.9,1.3,2014-02-06,0533,Aqua,MODIS,57,6.2,305.7,41.6,D,0
-20.5225,119.7946,327.7,1.3,1.1,2014-02-06,0536,Aqua,MODIS,70,6.2,299.9,12.8,D,0
-40.5526,148.1167,327.3,1.1,1.1,2014-02-06,1316,Terra,MODIS,100,6.2,289.6,30.7,N,3
-40.5504,148.1297,353,1.1,1.1,2014-02-06,1316,Terra,MODIS,100,6.2,290.1,82.8,N,0
-40.5482,148.1426,321.3,1.1,1.1,2014-02-06,1316,Terra,MODIS,100,6.2,287.6,23.9,N,0
-37.159,148.3556,319.6,1.3,1.1,2014-02-06,1317,Terra,MODIS,99,6.2,292,23.4,N,0
-37.1913,148.5886,305.3,1.3,1.1,2014-02-06,1317,Terra,MODIS,64,6.2,287.7,11.2,N,0
-37.1582,148.5359,313.3,1.3,1.1,2014-02-06,1317,Terra,MODIS,44,6.2,290,16.5,N,0
-37.1557,148.5499,312.2,1.3,1.1,2014-02-06,1317,Terra,MODIS,37,6.2,289.3,15.7,N,0
-37.1692,148.3577,309.7,1.3,1.1,2014-02-06,1317,Terra,MODIS,78,6.2,291.2,12.5,N,0
-37.2253,148.5598,301.5,1.3,1.1,2014-02-06,1317,Terra,MODIS,24,6.2,289.1,6.6,N,0
-37.2458,148.447,320.1,1.3,1.1,2014-02-06,1317,Terra,MODIS,35,6.2,292.2,21.9,N,0
-37.2989,148.445,303.8,1.3,1.1,2014-02-06,1317,Terra,MODIS,19,6.2,288.7,8.4,N,0
-37.223,148.4559,316,1.3,1.1,2014-02-06,1317,Terra,MODIS,62,6.2,291.3,18.2,N,0
-37.1962,148.5615,324.8,1.3,1.1,2014-02-06,1317,Terra,MODIS,100,6.2,290.1,33.8,N,0
-37.1818,148.4046,303.2,1.3,1.1,2014-02-06,1317,Terra,MODIS,48,6.2,289.1,7.4,N,0
-37.1811,148.5269,312.1,1.3,1.1,2014-02-06,1317,Terra,MODIS,62,6.2,289.9,14.9,N,0
-37.2138,148.4627,314.7,1.3,1.1,2014-02-06,1317,Terra,MODIS,70,6.2,291.1,17.6,N,0
-37.1794,148.4184,302.7,1.3,1.1,2014-02-06,1317,Terra,MODIS,51,6.2,288.6,7.7,N,0
-37.1836,148.5129,309.6,1.3,1.1,2014-02-06,1317,Terra,MODIS,34,6.2,290.7,12.2,N,0
-37.2012,148.4739,314.6,1.3,1.1,2014-02-06,1317,Terra,MODIS,89,6.2,291.2,18.3,N,0
-37.2264,148.451,313,1.3,1.1,2014-02-06,1317,Terra,MODIS,22,6.2,291,14.3,N,0
-37.2645,148.6974,300.3,1.3,1.1,2014-02-06,1317,Terra,MODIS,12,6.2,288.7,6.2,N,0
-37.1937,148.575,314.9,1.3,1.1,2014-02-06,1317,Terra,MODIS,90,6.2,289.2,20.4,N,0
-37.186,148.4993,319.5,1.3,1.1,2014-02-06,1317,Terra,MODIS,99,6.2,291.3,24.3,N,0
-37.2266,148.39,314.2,1.3,1.1,2014-02-06,1317,Terra,MODIS,66,6.2,290.9,16,N,0
-37.2571,148.679,319.2,1.3,1.1,2014-02-06,1317,Terra,MODIS,98,6.2,289,26.6,N,0
-37.1481,148.533,303.9,1.3,1.1,2014-02-06,1317,Terra,MODIS,21,6.2,288.7,8.1,N,0
-37.1338,148.4367,308,1.3,1.1,2014-02-06,1317,Terra,MODIS,43,6.2,288.7,11.7,N,0
-37.096,148.4233,312.5,1.3,1.1,2014-02-06,1317,Terra,MODIS,67,6.2,291.1,14.9,N,0
-37.124,148.444,309.3,1.3,1.1,2014-02-06,1317,Terra,MODIS,13,6.2,290,11.9,N,0
-37.0859,148.4208,308.9,1.3,1.1,2014-02-06,1317,Terra,MODIS,76,6.2,291.3,12.3,N,0
-37.1465,148.3666,325.8,1.3,1.1,2014-02-06,1317,Terra,MODIS,100,6.2,292.3,31.8,N,0
-37.1488,148.3536,310.3,1.3,1.1,2014-02-06,1317,Terra,MODIS,38,6.2,291.5,11.5,N,0
-37.1492,148.3616,317,1.3,1.1,2014-02-06,1317,Terra,MODIS,94,6.2,291.9,19.9,N,0
-37.1365,148.3739,303.9,1.3,1.1,2014-02-06,1317,Terra,MODIS,27,6.2,290.8,6.7,N,0
-37.139,148.3599,335.3,1.3,1.1,2014-02-06,1317,Terra,MODIS,100,6.2,293.5,50.9,N,0
-37.1012,148.3945,323,1.3,1.1,2014-02-06,1317,Terra,MODIS,100,6.2,292.8,28.3,N,0
-37.1037,148.3805,307.4,1.3,1.1,2014-02-06,1317,Terra,MODIS,50,6.2,291.8,9.9,N,0
-37.0885,148.4064,314,1.3,1.1,2014-02-06,1317,Terra,MODIS,88,6.2,291.7,17,N,0
-37.0986,148.4088,327.7,1.3,1.1,2014-02-06,1317,Terra,MODIS,100,6.2,293.3,35.3,N,0
-31.0713,144.8932,307.9,1.1,1,2014-02-06,1319,Terra,MODIS,44,6.2,297.1,5.2,N,0
-30.9665,144.5468,318.4,1.1,1,2014-02-06,1319,Terra,MODIS,96,6.2,293.7,16.9,N,0
-31.0619,144.8911,311.5,1.1,1,2014-02-06,1319,Terra,MODIS,80,6.2,296.9,8.3,N,0
-29.3549,148.2593,304.3,1.8,1.3,2014-02-06,1319,Terra,MODIS,59,6.2,292.6,12.9,N,0
-37.2229,148.4075,307.1,1.5,1.2,2014-02-06,1456,Aqua,MODIS,44,6.2,290.5,12,N,0
-37.2032,148.4822,307.1,1.5,1.2,2014-02-06,1456,Aqua,MODIS,23,6.2,290.4,12.5,N,0
-37.3003,148.4484,301.2,1.5,1.2,2014-02-06,1456,Aqua,MODIS,13,6.2,289.6,8,N,0
-37.1566,148.533,305.7,1.5,1.2,2014-02-06,1456,Aqua,MODIS,7,6.2,289.4,11.1,N,0
-37.2543,148.6914,304.2,1.4,1.2,2014-02-06,1456,Aqua,MODIS,59,6.2,289.3,11.4,N,0
-37.24,148.4283,312.6,1.5,1.2,2014-02-06,1456,Aqua,MODIS,43,6.2,291.5,17.4,N,0
-37.154,148.5399,313.2,1.5,1.2,2014-02-06,1456,Aqua,MODIS,86,6.2,289.9,20.9,N,0
-37.1572,148.5567,311.1,1.5,1.2,2014-02-06,1456,Aqua,MODIS,58,6.2,289.4,18.1,N,0
-37.2232,148.4004,308.2,1.5,1.2,2014-02-06,1456,Aqua,MODIS,74,6.2,290.9,14,N,0
-37.16,148.5503,308.9,1.5,1.2,2014-02-06,1456,Aqua,MODIS,18,6.2,289.7,14.4,N,0
-37.1911,148.5948,303.7,1.5,1.2,2014-02-06,1456,Aqua,MODIS,42,6.2,288,10.9,N,0
-37.2433,148.4456,309,1.5,1.2,2014-02-06,1456,Aqua,MODIS,27,6.2,291.5,13.8,N,0
-37.1563,148.3565,305.5,1.5,1.2,2014-02-06,1456,Aqua,MODIS,12,6.2,291,10.8,N,0
-37.096,148.4138,316.7,1.5,1.2,2014-02-06,1456,Aqua,MODIS,58,6.2,291.4,24.6,N,0
-37.1244,148.4437,308,1.5,1.2,2014-02-06,1456,Aqua,MODIS,22,6.2,289.3,13.9,N,0
-37.1345,148.3616,311.2,1.5,1.2,2014-02-06,1456,Aqua,MODIS,73,6.2,291.1,18.1,N,0
-40.5546,148.1418,312.3,1.3,1.1,2014-02-06,1457,Aqua,MODIS,78,6.2,285.6,20.1,N,0
-40.5516,148.1261,340.4,1.3,1.1,2014-02-06,1457,Aqua,MODIS,100,6.2,288.4,69.7,N,0
-40.5444,148.1451,332.2,1.3,1.1,2014-02-06,1457,Aqua,MODIS,100,6.2,285.9,51,N,0
-22.9369,146.5089,320.2,1.3,1.1,2014-02-07,0016,Terra,MODIS,42,6.2,298,10,D,0
-22.9349,146.4968,324.5,1.3,1.1,2014-02-07,0016,Terra,MODIS,70,6.2,296,15.6,D,0
-24.8784,148.0647,324.3,1,1,2014-02-07,0017,Terra,MODIS,69,6.2,295.4,15.7,D,0
-24.8815,148.0847,326,1,1,2014-02-07,0017,Terra,MODIS,68,6.2,297.9,17.5,D,0
-25.4685,149.2284,324.7,1,1,2014-02-07,0017,Terra,MODIS,61,6.2,307,9.2,D,0
-24.8799,148.0748,340.3,1,1,2014-02-07,0017,Terra,MODIS,88,6.2,298.3,38.8,D,0
-23.323,142.3115,325,2.3,1.5,2014-02-07,0017,Terra,MODIS,58,6.2,306.8,25.7,D,0
-27.1891,147.752,332.5,1,1,2014-02-07,0017,Terra,MODIS,73,6.2,310.7,11.4,D,0
-27.1997,147.7605,334.1,1,1,2014-02-07,0017,Terra,MODIS,76,6.2,311.3,13.3,D,0
-24.033,145.6011,325,1.4,1.2,2014-02-07,0017,Terra,MODIS,36,6.2,305.5,11.2,D,0
-29.8296,149.9276,335.3,1.1,1,2014-02-07,0018,Terra,MODIS,80,6.2,313.6,17.8,D,0
-30.4714,148.4626,330.6,1,1,2014-02-07,0018,Terra,MODIS,68,6.2,313.4,9.6,D,0
-29.831,149.9387,339.5,1.1,1,2014-02-07,0018,Terra,MODIS,85,6.2,314.2,25.3,D,0
-29.8353,149.3642,330.2,1,1,2014-02-07,0018,Terra,MODIS,69,6.2,311.5,12.4,D,0
-29.8368,149.3749,330.2,1,1,2014-02-07,0018,Terra,MODIS,69,6.2,310.8,12.5,D,0
-29.8262,149.3658,334.2,1,1,2014-02-07,0018,Terra,MODIS,77,6.2,311.5,17.5,D,0
-28.1613,148.3924,343.7,1,1,2014-02-07,0018,Terra,MODIS,87,6.2,311.3,30.6,D,0
-28.1628,148.4026,334.1,1,1,2014-02-07,0018,Terra,MODIS,75,6.2,310.7,15,D,0
-33.0015,138.3264,327.1,2.6,1.5,2014-02-07,0019,Terra,MODIS,63,6.2,310.7,31,D,0
-33.8423,150.8993,320.2,1.3,1.1,2014-02-07,0019,Terra,MODIS,23,6.2,305.6,8.3,D,0
-33.7518,150.9054,319.4,1.3,1.1,2014-02-07,0019,Terra,MODIS,55,6.2,305.1,6.7,D,0
-30.9653,144.5528,337.7,1.2,1.1,2014-02-07,0019,Terra,MODIS,79,6.2,311,28.3,D,0
-30.9649,144.5462,332.4,1.2,1.1,2014-02-07,0019,Terra,MODIS,56,6.2,310.7,20.3,D,0
-30.9671,144.5588,329.5,1.2,1.1,2014-02-07,0019,Terra,MODIS,37,6.2,309.9,14.1,D,0
-30.9534,144.5425,342.4,1.2,1.1,2014-02-07,0019,Terra,MODIS,85,6.2,311.7,39.1,D,0
-30.9555,144.5551,355.9,1.2,1.1,2014-02-07,0019,Terra,MODIS,97,6.2,311.4,75.2,D,0
-33.64,148.1263,331,1,1,2014-02-07,0019,Terra,MODIS,71,6.2,316,11,D,0
-37.1364,148.4287,371.6,1.1,1,2014-02-07,0020,Terra,MODIS,100,6.2,304.1,130.3,D,0
-37.138,148.4412,337.6,1.1,1,2014-02-07,0020,Terra,MODIS,80,6.2,297.8,37.6,D,0
-37.1458,148.4265,324.7,1.1,1,2014-02-07,0020,Terra,MODIS,53,6.2,295.2,19,D,0
-37.1036,148.3991,329.5,1.1,1,2014-02-07,0020,Terra,MODIS,74,6.2,305.4,18.3,D,0
-37.2363,148.4181,325.6,1.1,1,2014-02-07,0020,Terra,MODIS,46,6.2,297.2,18.5,D,0
-37.1569,148.3625,325.6,1.1,1,2014-02-07,0020,Terra,MODIS,59,6.2,296.9,19.1,D,0
-37.1778,148.4146,316.3,1.1,1,2014-02-07,0020,Terra,MODIS,49,6.2,297.5,11.3,D,0
-37.1794,148.5052,323.7,1.1,1,2014-02-07,0020,Terra,MODIS,47,6.2,290.6,19.8,D,0
-37.2711,148.4297,319,1.1,1,2014-02-07,0020,Terra,MODIS,37,6.2,296.1,14.9,D,0
-37.225,148.5591,337.5,1.1,1.1,2014-02-07,0020,Terra,MODIS,88,6.2,282.4,43.3,D,0
-37.6428,148.1685,314.9,1.1,1,2014-02-07,0020,Terra,MODIS,66,6.2,302.1,7.7,D,0
-37.1607,148.3561,328.9,1.1,1,2014-02-07,0020,Terra,MODIS,84,6.2,297.6,24.7,D,0
-37.2171,148.5734,314.1,1.1,1.1,2014-02-07,0020,Terra,MODIS,55,6.2,279.5,13.7,D,0
-32.992,138.3235,326,2.6,1.5,2014-02-07,0020,Terra,MODIS,61,6.2,310.9,26.4,D,0
-37.2222,148.3831,317.4,1.1,1,2014-02-07,0020,Terra,MODIS,35,6.2,299.4,10.1,D,0
-37.2155,148.5611,321.1,1.1,1.1,2014-02-07,0020,Terra,MODIS,71,6.2,282.4,20.9,D,0
-40.5461,148.1401,403.7,1.2,1.1,2014-02-07,0021,Terra,MODIS,94,6.2,312,330.4,D,0
-40.5558,148.1382,426.1,1.2,1.1,2014-02-07,0021,Terra,MODIS,0,6.2,310.2,545.7,D,0
-40.5655,148.1365,395.7,1.2,1.1,2014-02-07,0021,Terra,MODIS,100,6.2,299.3,278,D,3
-40.5477,148.1538,364.7,1.2,1.1,2014-02-07,0021,Terra,MODIS,100,6.2,299.1,114.4,D,0
-40.5542,148.1246,342.4,1.2,1.1,2014-02-07,0021,Terra,MODIS,0,6.2,300,48.3,D,0
-40.5574,148.1519,346.6,1.2,1.1,2014-02-07,0021,Terra,MODIS,71,6.2,296,58.9,D,0
-40.5364,148.1421,320.7,1.2,1.1,2014-02-07,0021,Terra,MODIS,40,6.2,301.9,14.1,D,0
-41.8021,145.1225,308.5,1,1,2014-02-07,0022,Terra,MODIS,39,6.2,293.7,4.9,D,0
-19.561,132.3586,315,2.1,1.4,2014-02-07,0154,Terra,MODIS,43,6.2,295.2,18.7,D,0
-21.8053,118.2143,330.1,2.3,1.5,2014-02-07,0155,Terra,MODIS,72,6.2,308.5,41.3,D,0
-21.8183,118.2113,326.3,2.3,1.5,2014-02-07,0155,Terra,MODIS,60,6.2,308.7,26.7,D,0
-21.8018,118.2091,326.9,2.3,1.5,2014-02-07,0155,Terra,MODIS,59,6.2,308.3,29.8,D,0
-21.8148,118.2062,330.4,2.3,1.5,2014-02-07,0155,Terra,MODIS,71,6.2,308,42.2,D,0
-29.0926,152.1799,310.5,4.3,1.9,2014-02-07,0259,Aqua,MODIS,24,6.2,289.4,54.7,D,0
-37.2203,148.4521,362.1,1.9,1.3,2014-02-07,0435,Aqua,MODIS,94,6.2,303.4,206.3,D,0
-37.2413,148.4132,360.5,1.9,1.3,2014-02-07,0435,Aqua,MODIS,75,6.2,301.1,195.9,D,0
-37.2127,148.4645,364.9,1.9,1.4,2014-02-07,0435,Aqua,MODIS,94,6.2,302.7,231.3,D,0
-37.2012,148.4587,343.3,1.9,1.4,2014-02-07,0435,Aqua,MODIS,89,6.2,300.8,108.1,D,0
-37.2334,148.4262,327.4,1.9,1.3,2014-02-07,0435,Aqua,MODIS,33,6.2,289.3,35.9,D,0
-37.204,148.4685,371.4,1.9,1.4,2014-02-07,0435,Aqua,MODIS,94,6.2,302.9,284.3,D,0
-37.2653,148.6765,321.5,2,1.4,2014-02-07,0435,Aqua,MODIS,41,6.2,295.3,35.9,D,0
-37.2301,148.3801,333,1.9,1.3,2014-02-07,0435,Aqua,MODIS,41,6.2,302.5,59.6,D,0
-28.5606,148.9633,332.3,3.4,1.7,2014-02-07,0437,Aqua,MODIS,62,6.2,311.6,53.2,D,0
-28.774,147.1845,340.7,2.5,1.5,2014-02-07,0438,Aqua,MODIS,81,6.2,313,74.5,D,0
-28.7812,147.2453,336.7,2.5,1.5,2014-02-07,0438,Aqua,MODIS,73,6.2,315.7,51.8,D,0
-28.7867,147.2197,336.3,2.5,1.5,2014-02-07,0438,Aqua,MODIS,72,6.2,316.5,47.5,D,0
-28.7356,147.1933,332.9,2.5,1.5,2014-02-07,0438,Aqua,MODIS,52,6.2,313.1,28.2,D,0
-28.777,147.2393,341.5,2.5,1.5,2014-02-07,0438,Aqua,MODIS,82,6.2,316,82,D,0
-28.7823,147.2137,343.1,2.5,1.5,2014-02-07,0438,Aqua,MODIS,84,6.2,315.7,90.4,D,0
-27.5552,141.5734,347.6,1.2,1.1,2014-02-07,0438,Aqua,MODIS,45,6.2,321.2,36.6,D,0
-21.9117,133.3206,334.9,1.4,1.2,2014-02-07,0440,Aqua,MODIS,75,6.2,312,25.5,D,0
-21.9133,133.3073,327.9,1.4,1.2,2014-02-07,0440,Aqua,MODIS,53,6.2,312.4,10.8,D,0
-21.9058,133.3133,334.1,1.4,1.2,2014-02-07,0440,Aqua,MODIS,73,6.2,312.6,21.5,D,0
-19.1945,134.1645,326.4,1.1,1.1,2014-02-07,0441,Aqua,MODIS,64,6.2,299.9,15.5,D,0
-29.5748,116.2122,339.9,1.1,1,2014-02-07,0616,Aqua,MODIS,60,6.2,320.4,11.1,D,0
-29.5933,116.2161,343.2,1.1,1,2014-02-07,0616,Aqua,MODIS,68,6.2,321.3,17.2,D,0
-29.584,116.2142,353.2,1.1,1,2014-02-07,0616,Aqua,MODIS,95,6.2,321.9,38.9,D,0
-29.573,116.2232,340.1,1.1,1,2014-02-07,0616,Aqua,MODIS,49,6.2,320.4,11.6,D,0
-40.5455,148.182,339.5,3.2,1.7,2014-02-07,1221,Terra,MODIS,100,6.2,273.6,0,N,0
-37.1864,148.5529,311.3,2.8,1.6,2014-02-07,1222,Terra,MODIS,33,6.2,291,41.2,N,0
-37.1572,148.55,307.6,2.8,1.6,2014-02-07,1222,Terra,MODIS,42,6.2,291,30.6,N,0
-37.1876,148.5611,312,2.8,1.6,2014-02-07,1222,Terra,MODIS,58,6.2,290.8,44.2,N,0
-37.1549,148.3483,302.3,2.9,1.6,2014-02-07,1222,Terra,MODIS,44,6.2,268.6,27.2,N,0
-34.4594,150.8816,304.7,1.8,1.3,2014-02-07,1222,Terra,MODIS,61,6.2,292,16.2,N,2
-29.9558,152.8358,307.9,1.2,1.1,2014-02-07,1223,Terra,MODIS,73,6.2,289.3,12.1,N,0
-28.7701,147.246,308.2,2.8,1.6,2014-02-07,1224,Terra,MODIS,69,6.2,294.5,29.2,N,0
-28.7723,147.2175,316.1,2.8,1.6,2014-02-07,1224,Terra,MODIS,93,6.2,296.8,55.7,N,0
-28.7702,147.2121,312.4,2.8,1.6,2014-02-07,1224,Terra,MODIS,85,6.2,296.8,42.6,N,0
-28.7678,147.2406,313.4,2.8,1.6,2014-02-07,1224,Terra,MODIS,87,6.2,295,45.9,N,0
-29.8301,149.36,308,2,1.4,2014-02-07,1224,Terra,MODIS,73,6.2,292.1,23.7,N,0
-30.0013,149.3284,301.8,2,1.4,2014-02-07,1224,Terra,MODIS,44,6.2,291.7,14,N,0
-23.9184,145.5278,306.5,3.2,1.7,2014-02-07,1225,Terra,MODIS,68,6.2,292.2,33.2,N,0
-24.8846,148.0814,301.8,2.1,1.4,2014-02-07,1225,Terra,MODIS,36,6.2,289.5,13.9,N,0
-24.8737,148.0599,314.9,2.2,1.4,2014-02-07,1225,Terra,MODIS,90,6.2,289.9,41.5,N,0
-25.4685,149.2251,305.8,1.8,1.3,2014-02-07,1225,Terra,MODIS,66,6.2,293.6,12.8,N,0
-24.8718,148.0798,304.7,2.1,1.4,2014-02-07,1225,Terra,MODIS,61,6.2,289.9,18.7,N,0
-24.669,151.8187,302.4,1.2,1.1,2014-02-07,1225,Terra,MODIS,49,6.2,289,7.4,N,0
-24.707,151.8425,304.1,1.2,1.1,2014-02-07,1225,Terra,MODIS,59,6.2,289.6,8.2,N,0
-43.4619,146.8202,322.8,2.9,1.6,2014-02-07,1358,Terra,MODIS,100,6.2,282.4,116.6,N,0
-43.4625,146.8141,325.6,2.9,1.6,2014-02-07,1358,Terra,MODIS,100,6.2,282.3,130.4,N,0
-23.6931,148.9974,301.4,1.1,1.1,2014-02-07,1535,Aqua,MODIS,41,6.2,289.9,6.5,N,0
-23.9163,145.5388,311.3,1,1,2014-02-07,1535,Aqua,MODIS,82,6.2,294.5,9.4,N,0
-23.9253,145.5371,305.1,1,1,2014-02-07,1535,Aqua,MODIS,63,6.2,294.3,5.3,N,0
-28.7749,147.243,307,1.1,1,2014-02-07,1536,Aqua,MODIS,27,6.2,293.6,7.3,N,0
-28.7734,147.2319,313.7,1.1,1,2014-02-07,1536,Aqua,MODIS,88,6.2,295.4,12.7,N,0
-28.764,147.2335,319.6,1.1,1,2014-02-07,1536,Aqua,MODIS,87,6.2,295.9,17.8,N,0
-29.8214,149.3792,304.2,1.4,1.2,2014-02-07,1537,Aqua,MODIS,59,6.2,293.4,9,N,0
-37.1514,148.4203,304.3,1.5,1.2,2014-02-07,1539,Aqua,MODIS,19,6.2,289.6,9.3,N,0
-37.2501,148.5078,302.5,1.6,1.2,2014-02-07,1539,Aqua,MODIS,49,6.2,291.1,9,N,0
-37.1509,148.5311,313.1,1.6,1.2,2014-02-07,1539,Aqua,MODIS,27,6.2,292,19.8,N,0
-37.2476,148.6993,302.9,1.6,1.2,2014-02-07,1539,Aqua,MODIS,49,6.2,291.4,10.5,N,0
-37.1526,148.5485,315,1.6,1.2,2014-02-07,1539,Aqua,MODIS,27,6.2,292.3,22.5,N,0
-37.188,148.5609,330,1.6,1.2,2014-02-07,1539,Aqua,MODIS,100,6.2,293.9,53.4,N,0
-37.2449,148.6918,300.9,1.6,1.2,2014-02-07,1539,Aqua,MODIS,35,6.2,290.6,8.4,N,0
-37.3009,148.4473,317.5,1.6,1.2,2014-02-07,1539,Aqua,MODIS,95,6.2,292.5,28.8,N,0
-37.1562,148.3546,314.4,1.5,1.2,2014-02-07,1539,Aqua,MODIS,89,6.2,293.5,21.7,N,0
-37.1639,148.547,314.6,1.6,1.2,2014-02-07,1539,Aqua,MODIS,6,6.2,292.2,20.5,N,0
-37.2113,148.4535,309.4,1.6,1.2,2014-02-07,1539,Aqua,MODIS,66,6.2,292.4,14.4,N,0
-37.2324,148.442,309.4,1.6,1.2,2014-02-07,1539,Aqua,MODIS,32,6.2,292.6,14,N,0
-37.1896,148.5768,318.3,1.6,1.2,2014-02-07,1539,Aqua,MODIS,85,6.2,292.7,30,N,0
-37.1813,148.4928,309.4,1.6,1.2,2014-02-07,1539,Aqua,MODIS,19,6.2,292.3,14.7,N,0
-37.3009,148.442,317.9,1.6,1.2,2014-02-07,1539,Aqua,MODIS,96,6.2,292.2,29.7,N,0
-37.1088,148.4539,307,1.5,1.2,2014-02-07,1539,Aqua,MODIS,56,6.2,292.1,14.2,N,0
-37.1312,148.4439,305.6,1.5,1.2,2014-02-07,1539,Aqua,MODIS,14,6.2,290.8,11.2,N,0
-37.1422,148.441,303.2,1.5,1.2,2014-02-07,1539,Aqua,MODIS,5,6.2,289.7,8.5,N,0
-37.0909,148.3891,302.2,1.5,1.2,2014-02-07,1539,Aqua,MODIS,47,6.2,289.9,9.1,N,0
-37.1342,148.3593,330.7,1.5,1.2,2014-02-07,1539,Aqua,MODIS,100,6.2,294.3,55,N,0
-37.0927,148.4065,317.7,1.5,1.2,2014-02-07,1539,Aqua,MODIS,96,6.2,289.5,29.9,N,0
-37.1451,148.3565,315.3,1.5,1.2,2014-02-07,1539,Aqua,MODIS,91,6.2,293.6,23.5,N,0
-37.1466,148.3717,310.4,1.5,1.2,2014-02-07,1539,Aqua,MODIS,80,6.2,292.8,16.2,N,0
-30.8676,121.4968,308.4,1,1,2014-02-07,1716,Aqua,MODIS,74,6.2,291.8,8.6,N,2
-30.8662,121.4858,305.3,1,1,2014-02-07,1716,Aqua,MODIS,64,6.2,291.7,6.6,N,2
-30.8611,121.4934,315.7,1,1,2014-02-07,1716,Aqua,MODIS,92,6.2,291.9,14.1,N,2
-37.1602,148.5694,309.6,3.4,1.7,2014-02-07,2325,Terra,MODIS,32,6.2,296.5,24.2,D,0
-43.4673,146.7918,345.6,2.8,1.6,2014-02-07,2327,Terra,MODIS,93,6.2,287,240.6,D,0
-23.316,142.2692,333.9,1.3,1.1,2014-02-08,0100,Terra,MODIS,75,6.2,311.6,19.9,D,0
-27.2517,127.9426,331,3.4,1.7,2014-02-08,0101,Terra,MODIS,67,6.2,309.9,71.4,D,0
-27.2444,127.9095,338.6,3.4,1.7,2014-02-08,0101,Terra,MODIS,81,6.2,311.5,136.5,D,0
-37.1139,148.4436,330,4.6,2,2014-02-08,0103,Terra,MODIS,77,6.2,300.3,181.7,D,0
-37.1495,148.431,329,4.6,2,2014-02-08,0103,Terra,MODIS,70,6.2,296.1,166.4,D,0
-37.1117,148.4369,328.9,4.6,2,2014-02-08,0103,Terra,MODIS,76,6.2,300.7,171.7,D,0
-37.1474,148.4245,325.7,4.6,2,2014-02-08,0103,Terra,MODIS,58,6.2,297,137.3,D,0
-37.1864,148.5794,352.6,4.7,2,2014-02-08,0103,Terra,MODIS,96,6.2,296.1,586.6,D,0
-37.2361,148.4294,326.3,4.6,2,2014-02-08,0103,Terra,MODIS,71,6.2,298.8,155.7,D,0
-37.185,148.531,322.6,4.7,2,2014-02-08,0103,Terra,MODIS,54,6.2,297.7,131,D,0
-37.1893,148.5832,352.1,4.7,2,2014-02-08,0103,Terra,MODIS,95,6.2,295.6,569.9,D,0
-37.2343,148.3771,320.6,4.6,2,2014-02-08,0103,Terra,MODIS,48,6.2,299,93.4,D,0
-37.1669,148.534,341.6,4.7,2,2014-02-08,0103,Terra,MODIS,89,6.2,298.8,358.4,D,0
-37.2382,148.4333,323.1,4.6,2,2014-02-08,0103,Terra,MODIS,34,6.2,298.6,113.6,D,0
-37.1875,148.5345,322.4,4.7,2,2014-02-08,0103,Terra,MODIS,33,6.2,297.3,120.9,D,0
-37.1682,148.5806,325.1,4.7,2,2014-02-08,0103,Terra,MODIS,48,6.2,296.4,142.2,D,0
-37.1541,148.5455,319.1,4.7,2,2014-02-08,0103,Terra,MODIS,34,6.2,298.5,94,D,0
-37.1711,148.5849,326.5,4.7,2,2014-02-08,0103,Terra,MODIS,62,6.2,296,161.6,D,0
-37.2361,148.3804,322.4,4.6,2,2014-02-08,0103,Terra,MODIS,30,6.2,298.8,100,D,0
-37.1695,148.5382,348.6,4.7,2,2014-02-08,0103,Terra,MODIS,93,6.2,298.8,483,D,0
-43.4656,146.7858,319.5,4.1,1.9,2014-02-08,0105,Terra,MODIS,71,6.2,286.8,124.1,D,0
-43.4676,146.7777,313.6,4.1,1.9,2014-02-08,0105,Terra,MODIS,59,6.2,286.6,92.3,D,0
-31.9922,115.9492,321.3,1.3,1.1,2014-02-08,0241,Terra,MODIS,38,6.2,302.3,8.6,D,0
-31.8562,115.8974,319.8,1.3,1.1,2014-02-08,0241,Terra,MODIS,59,6.2,302.4,7.7,D,0
-31.7985,115.85,318.2,1.3,1.1,2014-02-08,0241,Terra,MODIS,35,6.2,302.5,6.5,D,0
-32.0992,115.8134,319.1,1.3,1.1,2014-02-08,0241,Terra,MODIS,37,6.2,300.5,8.1,D,0
-32.5159,115.7458,313.8,1.3,1.1,2014-02-08,0241,Terra,MODIS,17,6.2,296.8,6.2,D,0
-31.797,115.8363,319.3,1.3,1.1,2014-02-08,0241,Terra,MODIS,50,6.2,301.8,8.4,D,0
-31.9064,115.8137,319.9,1.3,1.1,2014-02-08,0241,Terra,MODIS,50,6.2,300.7,10.6,D,0
-31.9906,115.9352,320.4,1.3,1.1,2014-02-08,0241,Terra,MODIS,29,6.2,302,7.6,D,0
-33.3357,115.6485,316,1.3,1.1,2014-02-08,0241,Terra,MODIS,19,6.2,301,6.5,D,0
-40.5361,148.1783,361.5,2.1,1.4,2014-02-08,0339,Aqua,MODIS,91,6.2,300,0,D,0
-40.5508,148.1488,360.9,2.1,1.4,2014-02-08,0339,Aqua,MODIS,90,6.2,299.7,0,D,0
-37.2347,148.3701,344.7,1.8,1.3,2014-02-08,0340,Aqua,MODIS,60,6.2,307.6,96.8,D,0
-37.2712,148.5052,321.5,1.8,1.3,2014-02-08,0340,Aqua,MODIS,71,6.2,296.4,31.8,D,0
-37.308,148.4332,330,1.8,1.3,2014-02-08,0340,Aqua,MODIS,70,6.2,296.8,48.1,D,0
-37.32,148.435,327.4,1.8,1.3,2014-02-08,0340,Aqua,MODIS,78,6.2,296.8,43.2,D,0
-37.2649,148.5116,328.3,1.8,1.3,2014-02-08,0340,Aqua,MODIS,80,6.2,296.7,49.6,D,0
-37.1603,148.3339,348.4,1.8,1.3,2014-02-08,0340,Aqua,MODIS,87,6.2,310.5,109.3,D,0
-37.1582,148.3571,349.1,1.8,1.3,2014-02-08,0340,Aqua,MODIS,80,6.2,308,108.2,D,0
-37.2228,148.367,340.2,1.8,1.3,2014-02-08,0340,Aqua,MODIS,64,6.2,308.4,75.4,D,0
-37.2849,148.6946,314.7,1.8,1.3,2014-02-08,0340,Aqua,MODIS,34,6.2,297.9,16.5,D,0
-37.4477,148.2814,327,1.9,1.3,2014-02-08,0340,Aqua,MODIS,77,6.2,309.2,37.1,D,0
-37.4459,148.3021,323.8,1.9,1.3,2014-02-08,0340,Aqua,MODIS,73,6.2,307.5,26.9,D,0
-33.8187,150.7966,328,1.2,1.1,2014-02-08,0341,Aqua,MODIS,57,6.2,314.1,6.3,D,0
-29.3664,148.7868,349.4,1.4,1.2,2014-02-08,0342,Aqua,MODIS,91,6.2,323.4,51.1,D,0
-29.9641,152.8261,327.6,1,1,2014-02-08,0342,Aqua,MODIS,54,6.2,307.6,15.2,D,0
-29.368,148.7726,341.3,1.4,1.2,2014-02-08,0342,Aqua,MODIS,82,6.2,323,26.9,D,0
-29.9626,152.8364,328.8,1,1,2014-02-08,0342,Aqua,MODIS,70,6.2,305.9,16.5,D,0
-29.0891,152.1935,329.7,1,1,2014-02-08,0342,Aqua,MODIS,63,6.2,306.8,15.2,D,0
-29.9954,149.3328,338,1.3,1.1,2014-02-08,0342,Aqua,MODIS,76,6.2,323.1,17.2,D,0
-25.4667,149.1703,328.6,1.2,1.1,2014-02-08,0343,Aqua,MODIS,57,6.2,308.1,11.7,D,0
-25.4661,149.1873,330.6,1.2,1.1,2014-02-08,0343,Aqua,MODIS,40,6.2,310.4,14.7,D,0
-25.4813,149.2251,343,1.2,1.1,2014-02-08,0343,Aqua,MODIS,87,6.2,310.8,36.7,D,0
-25.4652,149.1818,332.8,1.2,1.1,2014-02-08,0343,Aqua,MODIS,73,6.2,310.5,18,D,0
-25.4842,149.2019,338.6,1.2,1.1,2014-02-08,0343,Aqua,MODIS,81,6.2,307.5,28.6,D,0
-25.4675,149.1756,339.3,1.2,1.1,2014-02-08,0343,Aqua,MODIS,82,6.2,309.4,32.3,D,0
-25.4827,149.2137,352.3,1.2,1.1,2014-02-08,0343,Aqua,MODIS,94,6.2,309.6,61.1,D,0
-25.4701,149.2353,329.1,1.2,1.1,2014-02-08,0343,Aqua,MODIS,58,6.2,308.7,10.5,D,0
-27.91,144.177,338.2,2.7,1.6,2014-02-08,0343,Aqua,MODIS,67,6.2,317.9,71.1,D,0
-27.9061,144.1692,341,2.7,1.6,2014-02-08,0343,Aqua,MODIS,77,6.2,317.4,92,D,0
-27.9123,144.1498,333.9,2.7,1.6,2014-02-08,0343,Aqua,MODIS,62,6.2,316.4,44.6,D,0
-24.8134,145.3026,357.2,2,1.4,2014-02-08,0344,Aqua,MODIS,98,6.2,317.7,160.1,D,0
-24.8154,145.2824,354.2,2,1.4,2014-02-08,0344,Aqua,MODIS,96,6.2,316.1,140.6,D,0
-24.8127,145.2975,366,2,1.4,2014-02-08,0344,Aqua,MODIS,100,6.2,318.1,229,D,0
-24.8148,145.2774,338.6,2,1.4,2014-02-08,0344,Aqua,MODIS,81,6.2,315.2,54.9,D,0
-23.6904,148.995,332.9,1.2,1.1,2014-02-08,0344,Aqua,MODIS,81,6.2,293.6,31.7,D,0
-24.0311,145.5842,326.1,1.9,1.3,2014-02-08,0344,Aqua,MODIS,50,6.2,303.2,21.2,D,0
-24.0331,145.5656,331.9,1.9,1.3,2014-02-08,0344,Aqua,MODIS,75,6.2,305.9,39.3,D,0
-23.9538,145.5677,328.4,1.9,1.3,2014-02-08,0344,Aqua,MODIS,28,6.2,307.9,25.6,D,0
-24.873,148.0665,332.8,1.3,1.1,2014-02-08,0344,Aqua,MODIS,72,6.2,302.3,32.7,D,0
-24.8704,148.0579,342.8,1.3,1.1,2014-02-08,0344,Aqua,MODIS,88,6.2,301.8,54.9,D,0
-24.8689,148.0712,341.6,1.3,1.1,2014-02-08,0344,Aqua,MODIS,87,6.2,302.4,52.5,D,0
-24.8725,148.3049,324.5,1.3,1.1,2014-02-08,0344,Aqua,MODIS,56,6.2,301.5,18.4,D,0
-24.8715,148.0789,328.8,1.3,1.1,2014-02-08,0344,Aqua,MODIS,59,6.2,301.2,25.7,D,0
-24.8746,148.0534,337.4,1.3,1.1,2014-02-08,0344,Aqua,MODIS,83,6.2,301.3,42.9,D,0
-24.8628,148.0642,325.2,1.3,1.1,2014-02-08,0344,Aqua,MODIS,60,6.2,300.6,21.2,D,0
-24.8763,148.0401,325.8,1.3,1.1,2014-02-08,0344,Aqua,MODIS,38,6.2,301,19.2,D,0
-24.8791,148.0728,324.8,1.3,1.1,2014-02-08,0344,Aqua,MODIS,47,6.2,301.6,19.4,D,0
-24.8777,148.0848,333.5,1.3,1.1,2014-02-08,0344,Aqua,MODIS,77,6.2,301.3,38.2,D,0
-24.8719,148.0451,346,1.3,1.1,2014-02-08,0344,Aqua,MODIS,90,6.2,300.8,64.1,D,0
-24.8644,148.0514,322.2,1.3,1.1,2014-02-08,0344,Aqua,MODIS,31,6.2,299.7,16.7,D,0
-9.4044,142.6363,313.9,1.9,1.4,2014-02-08,0348,Aqua,MODIS,52,6.2,293.8,16.9,D,0
-33.1579,138.1676,461.1,2.6,1.5,2014-02-08,0520,Aqua,MODIS,100,6.2,338.4,3373,D,0
-33.1495,138.1394,416.5,2.6,1.5,2014-02-08,0520,Aqua,MODIS,100,6.2,332.1,1354.9,D,0
-33.1747,138.1777,448.5,2.6,1.5,2014-02-08,0520,Aqua,MODIS,100,6.2,330.9,2681.7,D,0
-33.1803,138.1529,386.7,2.6,1.5,2014-02-08,0520,Aqua,MODIS,100,6.2,321.4,630.2,D,0
-33.1851,138.1768,432.4,2.6,1.5,2014-02-08,0520,Aqua,MODIS,100,6.2,321.5,1958.7,D,0
-33.1518,138.1951,375.2,2.6,1.6,2014-02-08,0520,Aqua,MODIS,100,6.2,306.3,448.9,D,0
-33.1768,138.148,364,2.6,1.5,2014-02-08,0520,Aqua,MODIS,100,6.2,321,284.4,D,0
-33.1791,138.2045,350,2.6,1.6,2014-02-08,0520,Aqua,MODIS,80,6.2,292.2,168.6,D,0
-33.1631,138.1437,399.5,2.6,1.5,2014-02-08,0520,Aqua,MODIS,100,6.2,330.8,884.7,D,0
-33.1884,138.1822,407.3,2.6,1.5,2014-02-08,0520,Aqua,MODIS,100,6.2,312,1120.9,D,0
-33.1441,138.1635,500.2,2.6,1.5,2014-02-08,0520,Aqua,MODIS,100,6.2,400.1,6360.6,D,0
-33.1904,138.1526,370.7,2.6,1.5,2014-02-08,0520,Aqua,MODIS,100,6.2,317.4,382.5,D,0
-33.1715,138.1721,450.8,2.6,1.5,2014-02-08,0520,Aqua,MODIS,100,6.2,334.7,2795.6,D,0
-33.1939,138.1575,372.1,2.6,1.5,2014-02-08,0520,Aqua,MODIS,100,6.2,313.7,405.6,D,0
-33.1685,138.2053,356.3,2.6,1.6,2014-02-08,0520,Aqua,MODIS,84,6.2,300.9,224.3,D,0
-33.1655,138.1998,377.1,2.6,1.6,2014-02-08,0520,Aqua,MODIS,94,6.2,306.1,480.8,D,0
-33.1382,138.1905,357.8,2.6,1.6,2014-02-08,0520,Aqua,MODIS,92,6.2,308.4,233.5,D,0
-27.2721,127.9042,375.4,1,1,2014-02-08,0522,Aqua,MODIS,100,6.2,326,99.2,D,0
-27.2515,127.9258,355.6,1,1,2014-02-08,0522,Aqua,MODIS,69,6.2,329.5,35.8,D,0
-27.2706,127.9143,387.2,1,1,2014-02-08,0522,Aqua,MODIS,100,6.2,331.6,147.6,D,0
-40.5425,148.2031,311.1,1,1,2014-02-08,1304,Terra,MODIS,36,6.2,291.8,9,N,0
-40.5351,148.189,314.7,1,1,2014-02-08,1304,Terra,MODIS,86,6.2,292.3,12.7,N,0
-40.5334,148.2009,309.3,1,1,2014-02-08,1304,Terra,MODIS,65,6.2,291.5,8.3,N,0
-40.5136,148.1535,307.1,1,1,2014-02-08,1304,Terra,MODIS,52,6.2,292.8,7.1,N,0
-37.1862,148.5412,316.6,1,1,2014-02-08,1305,Terra,MODIS,93,6.2,295.6,13.1,N,0
-37.1649,148.4464,326,1,1,2014-02-08,1305,Terra,MODIS,100,6.2,296.8,22.1,N,0
-37.1949,148.4843,313.8,1,1,2014-02-08,1305,Terra,MODIS,88,6.2,296.7,9.7,N,0
-37.1931,148.4957,309.5,1,1,2014-02-08,1305,Terra,MODIS,78,6.2,297.1,7,N,0
-37.3224,148.4379,466.6,1,1,2014-02-08,1305,Terra,MODIS,100,6.2,332.5,968.6,N,0
-37.236,148.3992,334.8,1,1,2014-02-08,1305,Terra,MODIS,100,6.2,300.6,31.2,N,0
-37.1924,148.3771,342.9,1,1,2014-02-08,1305,Terra,MODIS,100,6.2,302.3,45.5,N,0
-37.1715,148.5141,336.7,1,1,2014-02-08,1305,Terra,MODIS,100,6.2,297.5,35.9,N,0
-37.2614,148.4176,307.7,1,1,2014-02-08,1305,Terra,MODIS,8,6.2,296.5,4.3,N,0
-37.1582,148.5522,315.5,1,1,2014-02-08,1305,Terra,MODIS,16,6.2,296,11.4,N,0
-37.1697,148.5256,327.7,1,1,2014-02-08,1305,Terra,MODIS,100,6.2,296.5,23.7,N,0
-37.1558,148.4443,327.7,1,1,2014-02-08,1305,Terra,MODIS,100,6.2,298,24.2,N,0
-37.2377,148.3877,350.6,1,1,2014-02-08,1305,Terra,MODIS,100,6.2,302.2,60.6,N,0
-37.1575,148.4327,328.3,1,1,2014-02-08,1305,Terra,MODIS,100,6.2,296.9,24.4,N,0
-37.3059,148.4224,386,1,1,2014-02-08,1305,Terra,MODIS,100,6.2,306.9,177,N,0
-37.1806,148.5161,311.2,1,1,2014-02-08,1305,Terra,MODIS,36,6.2,297.3,7.5,N,0
-37.2705,148.4195,335.9,1,1,2014-02-08,1305,Terra,MODIS,100,6.2,300,34.3,N,0
-37.1786,148.356,320.7,1,1,2014-02-08,1305,Terra,MODIS,100,6.2,299.4,16,N,0
-37.219,148.5726,315.9,1,1,2014-02-08,1305,Terra,MODIS,86,6.2,294.5,12.7,N,0
-37.2878,148.4181,356.3,1,1,2014-02-08,1305,Terra,MODIS,100,6.2,300,73.9,N,0
-37.3133,148.4358,421.1,1,1,2014-02-08,1305,Terra,MODIS,100,6.2,316.3,407.1,N,0
-37.1769,148.3672,311,1,1,2014-02-08,1305,Terra,MODIS,81,6.2,297.8,7.8,N,0
-37.2234,148.42,321.4,1,1,2014-02-08,1305,Terra,MODIS,100,6.2,299.8,14.8,N,0
-37.1593,148.4212,318.8,1,1,2014-02-08,1305,Terra,MODIS,97,6.2,294.9,13.9,N,0
-37.22,148.443,318.2,1,1,2014-02-08,1305,Terra,MODIS,92,6.2,299.4,12.4,N,0
-37.1645,148.5594,321.4,1,1,2014-02-08,1305,Terra,MODIS,71,6.2,295.7,17,N,0
-37.1876,148.4703,319.5,1,1,2014-02-08,1305,Terra,MODIS,99,6.2,297.1,14.6,N,0
-37.2217,148.4316,340,1,1,2014-02-08,1305,Terra,MODIS,100,6.2,302.2,40.1,N,0
-37.4001,148.0437,315,1,1,2014-02-08,1305,Terra,MODIS,90,6.2,297.4,12.3,N,0
-37.3297,148.4516,360.9,1,1,2014-02-08,1305,Terra,MODIS,100,6.2,300.9,87.2,N,0
-37.2506,148.4268,319,1,1,2014-02-08,1305,Terra,MODIS,92,6.2,298.9,13,N,0
-37.2287,148.3857,319.8,1,1,2014-02-08,1305,Terra,MODIS,95,6.2,299.1,13.3,N,0
-37.2728,148.7008,312.6,1,1,2014-02-08,1305,Terra,MODIS,60,6.2,295.4,9.2,N,0
-37.1531,148.3382,314,1,1,2014-02-08,1305,Terra,MODIS,88,6.2,298.9,9.7,N,0
-37.2092,148.4522,325.6,1,1,2014-02-08,1305,Terra,MODIS,100,6.2,300.4,21.3,N,0
-37.1662,148.5482,341.6,1,1,2014-02-08,1305,Terra,MODIS,100,6.2,298.9,44.9,N,0
-37.2969,148.4201,362,1,1,2014-02-08,1305,Terra,MODIS,100,6.2,303.7,88.6,N,0
-37.1541,148.4557,335.4,1,1,2014-02-08,1305,Terra,MODIS,100,6.2,299.8,34.6,N,0
-37.2648,148.5071,311.4,1,1,2014-02-08,1305,Terra,MODIS,79,6.2,295.3,8.7,N,0
-37.1506,148.4785,325.7,1,1,2014-02-08,1305,Terra,MODIS,100,6.2,295.6,21.4,N,0
-37.2074,148.4636,308.8,1,1,2014-02-08,1305,Terra,MODIS,76,6.2,297.8,6.1,N,0
-37.2109,148.4408,321.1,1,1,2014-02-08,1305,Terra,MODIS,100,6.2,300.1,15.7,N,0
-37.2019,148.4382,332.4,1,1,2014-02-08,1305,Terra,MODIS,100,6.2,301.3,28.9,N,0
-37.2126,148.4293,344.5,1,1,2014-02-08,1305,Terra,MODIS,100,6.2,302.3,48.4,N,0
-37.1859,148.3696,332,1,1,2014-02-08,1305,Terra,MODIS,100,6.2,299.7,29.6,N,0
-37.3206,148.4493,387.8,1,1,2014-02-08,1305,Terra,MODIS,100,6.2,309,189.1,N,0
-37.1509,148.5387,322.4,1,1,2014-02-08,1305,Terra,MODIS,87,6.2,296.6,17.8,N,0
-37.2631,148.5186,309.9,1,1,2014-02-08,1305,Terra,MODIS,71,6.2,294.1,7.6,N,0
-37.4469,148.2851,309.3,1,1,2014-02-08,1305,Terra,MODIS,76,6.2,294.5,8.1,N,0
-37.2819,148.703,309.9,1,1,2014-02-08,1305,Terra,MODIS,79,6.2,295.3,7.8,N,0
-37.1519,148.4079,304.9,1,1,2014-02-08,1305,Terra,MODIS,38,6.2,294.8,3.9,N,0
-37.16,148.5409,326.3,1,1,2014-02-08,1305,Terra,MODIS,72,6.2,297.2,21.4,N,0
-37.1946,148.4242,321.2,1,1,2014-02-08,1305,Terra,MODIS,100,6.2,296.7,15.2,N,0
-37.1631,148.4578,324.5,1,1,2014-02-08,1305,Terra,MODIS,100,6.2,297.4,20,N,0
-37.2032,148.3681,308.3,1,1,2014-02-08,1305,Terra,MODIS,20,6.2,296.8,4.4,N,0
-37.2398,148.436,317.6,1,1,2014-02-08,1305,Terra,MODIS,87,6.2,299.9,11.1,N,0
-37.1929,148.4355,337.8,1,1,2014-02-08,1305,Terra,MODIS,100,6.2,298.2,37.1,N,0
-37.2722,148.4083,313.5,1,1,2014-02-08,1305,Terra,MODIS,80,6.2,297.2,8.6,N,0
-37.2584,148.499,306.8,1,1,2014-02-08,1305,Terra,MODIS,69,6.2,295.2,5.4,N,0
-37.1514,148.3496,314.9,1,1,2014-02-08,1305,Terra,MODIS,90,6.2,299.1,10.5,N,0
-37.1791,148.4145,307.1,1,1,2014-02-08,1305,Terra,MODIS,30,6.2,294.8,5.2,N,0
-37.2036,148.4268,336.3,1,1,2014-02-08,1305,Terra,MODIS,100,6.2,300.4,34.3,N,0
-37.1827,148.5638,331.5,1,1,2014-02-08,1305,Terra,MODIS,100,6.2,298.7,29.7,N,0
-37.2394,148.3764,316.5,1,1,2014-02-08,1305,Terra,MODIS,93,6.2,298.6,11.2,N,0
-37.184,148.4935,327.6,1,1,2014-02-08,1305,Terra,MODIS,100,6.2,297.9,23.9,N,0
-37.1788,148.5275,312.7,1,1,2014-02-08,1305,Terra,MODIS,85,6.2,297.1,8.9,N,0
-37.2788,148.4159,335.9,1,1,2014-02-08,1305,Terra,MODIS,100,6.2,299,33.5,N,0
-37.1736,148.5617,332.7,1,1,2014-02-08,1305,Terra,MODIS,100,6.2,297.2,31.2,N,0
-37.2001,148.4496,352.8,1,1,2014-02-08,1305,Terra,MODIS,100,6.2,302.9,66.8,N,0
-37.2213,148.3724,334.9,1,1,2014-02-08,1305,Terra,MODIS,100,6.2,299.4,32.1,N,0
-37.1966,148.4727,323.9,1,1,2014-02-08,1305,Terra,MODIS,100,6.2,299.2,18.8,N,0
-37.168,148.537,337.9,1,1,2014-02-08,1305,Terra,MODIS,100,6.2,298.6,38.2,N,0
-37.2567,148.5106,308.3,1,1,2014-02-08,1305,Terra,MODIS,74,6.2,295.2,6.7,N,0
-37.277,148.4273,320.5,1,1,2014-02-08,1305,Terra,MODIS,97,6.2,296.5,14.6,N,0
-37.19,148.5773,314.4,1,1,2014-02-08,1305,Terra,MODIS,89,6.2,295,11.9,N,0
-37.1941,148.3658,315,1,1,2014-02-08,1305,Terra,MODIS,77,6.2,297.6,9.1,N,0
-37.3314,148.4401,400.8,1,1,2014-02-08,1305,Terra,MODIS,100,6.2,307.8,259.7,N,0
-37.2304,148.3745,328.4,1,1,2014-02-08,1305,Terra,MODIS,100,6.2,299.5,23.4,N,0
-37.4451,148.2966,324.1,1,1,2014-02-08,1305,Terra,MODIS,100,6.2,296.4,21.1,N,0
-37.2207,148.5611,310.5,1,1,2014-02-08,1305,Terra,MODIS,36,6.2,294.7,8.1,N,0
-37.1912,148.447,317.6,1,1,2014-02-08,1305,Terra,MODIS,72,6.2,295.8,12.4,N,0
-37.2952,148.4315,359.2,1,1,2014-02-08,1305,Terra,MODIS,100,6.2,304.5,81.7,N,0
-37.3098,148.4587,334.4,1,1,2014-02-08,1305,Terra,MODIS,100,6.2,296.6,32.7,N,0
-37.2122,148.3702,316.9,1,1,2014-02-08,1305,Terra,MODIS,70,6.2,298.1,10.8,N,0
-37.3275,148.4041,309.9,1,1,2014-02-08,1305,Terra,MODIS,9,6.2,295,5.4,N,0
-37.3241,148.4267,414.2,1,1,2014-02-08,1305,Terra,MODIS,100,6.2,308.4,351.9,N,0
-37.2343,148.4106,326.9,1,1,2014-02-08,1305,Terra,MODIS,100,6.2,300.3,20,N,0
-37.1696,148.3535,322,1,1,2014-02-08,1305,Terra,MODIS,100,6.2,298.1,16.8,N,0
-37.2273,148.4566,310.8,1,1,2014-02-08,1305,Terra,MODIS,51,6.2,298.4,6.6,N,0
-37.2547,148.6957,318.6,1,1,2014-02-08,1305,Terra,MODIS,97,6.2,295.8,15.2,N,0
-37.2406,148.5544,306.3,1,1,2014-02-08,1305,Terra,MODIS,16,6.2,294,5,N,0
-37.2054,148.4153,321.4,1,1,2014-02-08,1305,Terra,MODIS,100,6.2,298.1,15.2,N,0
-37.1984,148.4611,328.1,1,1,2014-02-08,1305,Terra,MODIS,100,6.2,299.8,23.9,N,0
-37.1883,148.5885,305.7,1,1,2014-02-08,1305,Terra,MODIS,62,6.2,292.6,6.1,N,0
-37.2564,148.6842,307.8,1,1,2014-02-08,1305,Terra,MODIS,53,6.2,295.6,6.3,N,0
-37.3189,148.4608,309.9,1,1,2014-02-08,1305,Terra,MODIS,64,6.2,295.3,7,N,0
-37.1565,148.5637,316.8,1,1,2014-02-08,1305,Terra,MODIS,67,6.2,294.9,13.1,N,0
-37.1523,148.467,333.2,1,1,2014-02-08,1305,Terra,MODIS,100,6.2,297.4,31.1,N,0
-37.2836,148.6915,324.1,1,1,2014-02-08,1305,Terra,MODIS,100,6.2,295.5,20.7,N,0
-37.1753,148.5504,328,1,1,2014-02-08,1305,Terra,MODIS,100,6.2,297.3,23.8,N,0
-37.2325,148.4223,332.7,1,1,2014-02-08,1305,Terra,MODIS,100,6.2,301.9,27.4,N,0
-37.1617,148.5296,323.8,1,1,2014-02-08,1305,Terra,MODIS,100,6.2,297.2,19.4,N,0
-37.1858,148.482,312.1,1,1,2014-02-08,1305,Terra,MODIS,46,6.2,296.5,8,N,0
-37.1842,148.3807,335.6,1,1,2014-02-08,1305,Terra,MODIS,100,6.2,298.9,34.6,N,0
-37.3042,148.4336,375.6,1,1,2014-02-08,1305,Terra,MODIS,100,6.2,306.1,133,N,0
-37.2144,148.4178,340.5,1,1,2014-02-08,1305,Terra,MODIS,100,6.2,301.6,41.2,N,0
-37.181,148.575,316.7,1,1,2014-02-08,1305,Terra,MODIS,94,6.2,295.2,13.6,N,0
-37.2474,148.6819,311.1,1,1,2014-02-08,1305,Terra,MODIS,80,6.2,293.7,9,N,0
-37.2381,148.4471,310.7,1,1,2014-02-08,1305,Terra,MODIS,78,6.2,298.8,6.6,N,0
-37.2433,148.4129,322.7,1,1,2014-02-08,1305,Terra,MODIS,100,6.2,299.7,16.2,N,0
-37.2308,148.4337,332,1,1,2014-02-08,1305,Terra,MODIS,100,6.2,302.4,27,N,0
-37.229,148.4451,334.8,1,1,2014-02-08,1305,Terra,MODIS,100,6.2,301.9,32.2,N,0
-37.3116,148.4471,357.6,1,1,2014-02-08,1305,Terra,MODIS,100,6.2,301.9,77.8,N,0
-37.1605,148.3515,314.2,1,1,2014-02-08,1305,Terra,MODIS,89,6.2,298.7,9.4,N,0
-37.2497,148.5564,315.4,1,1,2014-02-08,1305,Terra,MODIS,90,6.2,295.5,11.6,N,0
-37.1526,148.5273,319.3,1,1,2014-02-08,1305,Terra,MODIS,98,6.2,297.2,14.9,N,0
-37.1732,148.5027,325.7,1,1,2014-02-08,1305,Terra,MODIS,100,6.2,297,20.8,N,0
-37.1713,148.3424,312.4,1,1,2014-02-08,1305,Terra,MODIS,85,6.2,297.9,8.2,N,0
-37.1543,148.516,320.7,1,1,2014-02-08,1305,Terra,MODIS,97,6.2,296.1,15.7,N,0
-37.1774,148.4258,322.1,1,1,2014-02-08,1305,Terra,MODIS,100,6.2,295.3,17.6,N,0
-37.2861,148.4294,356.5,1,1,2014-02-08,1305,Terra,MODIS,100,6.2,300.8,74.8,N,0
-37.315,148.4246,404.8,1,1,2014-02-08,1305,Terra,MODIS,100,6.2,311.1,283,N,0
-37.2117,148.559,306.1,1,1,2014-02-08,1305,Terra,MODIS,35,6.2,293.3,5.2,N,0
-37.1622,148.3403,330,1,1,2014-02-08,1305,Terra,MODIS,100,6.2,299.8,26.1,N,0
-37.1894,148.4585,319.4,1,1,2014-02-08,1305,Terra,MODIS,98,6.2,296.3,14.8,N,0
-37.175,148.4912,319.9,1,1,2014-02-08,1305,Terra,MODIS,99,6.2,297,15.2,N,0
-37.1844,148.5526,337.3,1,1,2014-02-08,1305,Terra,MODIS,100,6.2,298.7,38.1,N,0
-37.3025,148.4449,315.4,1,1,2014-02-08,1305,Terra,MODIS,31,6.2,297,10.8,N,0
-37.1474,148.5616,308.9,1,1,2014-02-08,1305,Terra,MODIS,74,6.2,293.8,7.4,N,0
-37.1491,148.5502,331,1,1,2014-02-08,1305,Terra,MODIS,100,6.2,296.2,29.3,N,0
-37.1435,148.5252,319.5,1,1,2014-02-08,1305,Terra,MODIS,99,6.2,295.6,15.6,N,0
-37.147,148.502,314.6,1,1,2014-02-08,1305,Terra,MODIS,80,6.2,295.8,10.5,N,0
-37.1415,148.4764,347.8,1,1,2014-02-08,1305,Terra,MODIS,100,6.2,299.4,55.9,N,0
-37.1433,148.4649,337.5,1,1,2014-02-08,1305,Terra,MODIS,100,6.2,298.6,37.1,N,0
-37.145,148.4537,323.8,1,1,2014-02-08,1305,Terra,MODIS,100,6.2,298,19,N,0
-37.1467,148.4422,324.6,1,1,2014-02-08,1305,Terra,MODIS,100,6.2,297.4,19.4,N,0
-37.1485,148.4307,316.8,1,1,2014-02-08,1305,Terra,MODIS,84,6.2,296.1,12,N,0
-37.1502,148.4192,313.3,1,1,2014-02-08,1305,Terra,MODIS,87,6.2,295.1,9.3,N,0
-37.1307,148.4859,337.2,1,1,2014-02-08,1305,Terra,MODIS,100,6.2,298.3,37,N,0
-37.1324,148.4743,344.8,1,1,2014-02-08,1305,Terra,MODIS,100,6.2,299,50.2,N,0
-37.1342,148.4629,329.4,1,1,2014-02-08,1305,Terra,MODIS,100,6.2,296.6,25.1,N,0
-37.1359,148.4516,326.8,1,1,2014-02-08,1305,Terra,MODIS,100,6.2,298.4,22.2,N,0
-37.1376,148.4402,310.6,1,1,2014-02-08,1305,Terra,MODIS,25,6.2,295.9,6.8,N,0
-37.1198,148.4954,307,1,1,2014-02-08,1305,Terra,MODIS,43,6.2,295.9,5.6,N,0
-37.1216,148.4839,346.4,1,1,2014-02-08,1305,Terra,MODIS,100,6.2,299.6,54.4,N,0
-37.1234,148.4722,325.4,1,1,2014-02-08,1305,Terra,MODIS,100,6.2,297.6,21.1,N,0
-37.1251,148.4609,328.3,1,1,2014-02-08,1305,Terra,MODIS,100,6.2,298,24.1,N,0
-37.1268,148.4497,334.5,1,1,2014-02-08,1305,Terra,MODIS,100,6.2,298.9,32.9,N,0
-37.1286,148.4381,307.8,1,1,2014-02-08,1305,Terra,MODIS,66,6.2,296.4,5.2,N,0
-37.1125,148.4818,315.4,1,1,2014-02-08,1305,Terra,MODIS,91,6.2,297.2,11.9,N,0
-37.1143,148.4701,323.5,1,1,2014-02-08,1305,Terra,MODIS,100,6.2,300,19.2,N,0
-37.116,148.4589,326.8,1,1,2014-02-08,1305,Terra,MODIS,100,6.2,301.9,22,N,0
-37.1177,148.4477,327.1,1,1,2014-02-08,1305,Terra,MODIS,100,6.2,301.5,22.6,N,0
-37.1052,148.4681,322.4,1,1,2014-02-08,1305,Terra,MODIS,100,6.2,298.9,18.5,N,0
-37.1069,148.4568,331.6,1,1,2014-02-08,1305,Terra,MODIS,100,6.2,300.7,28.9,N,0
-37.1086,148.4457,330.5,1,1,2014-02-08,1305,Terra,MODIS,100,6.2,300.7,26.9,N,0
-37.1103,148.4343,311.3,1,1,2014-02-08,1305,Terra,MODIS,30,6.2,298.3,7,N,0
-37.0957,148.4073,308.1,1,1,2014-02-08,1305,Terra,MODIS,73,6.2,297.3,5.4,N,0
-37.0974,148.3958,311,1,1,2014-02-08,1305,Terra,MODIS,81,6.2,297.6,7.6,N,0
-33.1728,138.214,325.9,2.3,1.5,2014-02-08,1306,Terra,MODIS,85,6.2,297,69.4,N,0
-33.1424,138.1926,327.4,2.3,1.5,2014-02-08,1306,Terra,MODIS,55,6.2,298.5,79.3,N,0
-33.1693,138.1953,323.3,2.3,1.5,2014-02-08,1306,Terra,MODIS,81,6.2,282.2,59.9,N,0
-33.1809,138.2216,320.8,2.3,1.5,2014-02-08,1306,Terra,MODIS,100,6.2,298.7,52.7,N,0
-33.2098,138.1988,352.7,2.3,1.5,2014-02-08,1306,Terra,MODIS,100,6.2,292.6,221.3,N,0
-33.1963,138.1977,338.5,2.3,1.5,2014-02-08,1306,Terra,MODIS,100,6.2,290.8,131.8,N,0
-33.16,138.1394,326.3,2.4,1.5,2014-02-08,1306,Terra,MODIS,0,6.2,294,81.1,N,0
-33.2234,138.1998,356.7,2.3,1.5,2014-02-08,1306,Terra,MODIS,100,6.2,300.2,256.2,N,0
-33.1828,138.1965,330.1,2.3,1.5,2014-02-08,1306,Terra,MODIS,78,6.2,289,91.6,N,0
-33.1558,138.194,320.3,2.3,1.5,2014-02-08,1306,Terra,MODIS,40,6.2,290.8,51.6,N,0
-33.2255,138.1734,320.4,2.4,1.5,2014-02-08,1306,Terra,MODIS,69,6.2,278.7,52.8,N,0
-33.1365,138.1596,327.2,2.4,1.5,2014-02-08,1306,Terra,MODIS,0,6.2,299,72.3,N,0
-33.15,138.1604,322.5,2.4,1.5,2014-02-08,1306,Terra,MODIS,0,6.2,299.7,56.7,N,0
-33.1944,138.2225,327.4,2.3,1.5,2014-02-08,1306,Terra,MODIS,100,6.2,299.6,78.4,N,0
-33.1443,138.1672,333.3,2.4,1.5,2014-02-08,1306,Terra,MODIS,50,6.2,301.2,107.6,N,0
-33.2078,138.2236,317.4,2.3,1.5,2014-02-08,1306,Terra,MODIS,94,6.2,295.9,40.4,N,0
-33.1479,138.1867,337.1,2.3,1.5,2014-02-08,1306,Terra,MODIS,93,6.2,300,122.4,N,0
-33.1344,138.1854,323.4,2.3,1.5,2014-02-08,1306,Terra,MODIS,0,6.2,298.7,59.4,N,0
-27.907,144.1537,312.6,1,1,2014-02-08,1307,Terra,MODIS,22,6.2,300.6,6.9,N,0
-27.9266,144.1466,312.6,1,1,2014-02-08,1307,Terra,MODIS,52,6.2,299.7,8.2,N,0
-27.9147,144.1656,312,1,1,2014-02-08,1307,Terra,MODIS,58,6.2,299.9,7.5,N,0
-27.9042,144.1742,321.5,1,1,2014-02-08,1307,Terra,MODIS,100,6.2,300.5,15.7,N,0
-27.9056,144.1639,315.6,1,1,2014-02-08,1307,Terra,MODIS,87,6.2,300.6,9.9,N,0
-27.8994,144.1418,328.4,1,1,2014-02-08,1307,Terra,MODIS,100,6.2,301.3,23,N,0
-27.9084,144.1434,338.2,1,1,2014-02-08,1307,Terra,MODIS,100,6.2,303,36.5,N,0
-27.9008,144.1315,327.7,1,1,2014-02-08,1307,Terra,MODIS,100,6.2,301.7,22.1,N,0
-27.9098,144.1331,324.5,1,1,2014-02-08,1307,Terra,MODIS,100,6.2,301.6,18.1,N,0
-27.9113,144.1229,312.9,1,1,2014-02-08,1307,Terra,MODIS,78,6.2,300.9,7.5,N,0
-29.8285,149.3728,317,1.3,1.1,2014-02-08,1307,Terra,MODIS,94,6.2,294.9,20.8,N,0
-29.8388,149.3752,305.7,1.3,1.1,2014-02-08,1307,Terra,MODIS,65,6.2,294.8,8.4,N,0
-23.3275,134.7061,303.8,3.1,1.7,2014-02-08,1309,Terra,MODIS,22,6.2,292.6,18.6,N,0
-37.114,148.4757,315.7,2.2,1.4,2014-02-08,1444,Aqua,MODIS,92,6.2,296.2,39,N,0
-37.1272,148.4731,313.3,2.2,1.4,2014-02-08,1444,Aqua,MODIS,39,6.2,295,28.5,N,0
-37.1403,148.4701,327.2,2.2,1.4,2014-02-08,1444,Aqua,MODIS,100,6.2,295.2,71.3,N,0
-37.1453,148.4927,321.1,2.2,1.4,2014-02-08,1444,Aqua,MODIS,72,6.2,294.2,46.2,N,0
-37.1475,148.4404,308.3,2.2,1.5,2014-02-08,1444,Aqua,MODIS,35,6.2,294.1,18.9,N,0
-37.2962,148.4513,317,2.2,1.4,2014-02-08,1444,Aqua,MODIS,94,6.2,296.3,42.4,N,0
-37.2776,148.4293,310.1,2.2,1.4,2014-02-08,1444,Aqua,MODIS,79,6.2,296,23.9,N,0
-37.28,148.4341,309.3,2.2,1.4,2014-02-08,1444,Aqua,MODIS,75,6.2,296.2,22.5,N,0
-37.2104,148.4301,323.3,2.2,1.4,2014-02-08,1444,Aqua,MODIS,100,6.2,297.9,53.6,N,0
-37.2905,148.4257,325.6,2.2,1.4,2014-02-08,1444,Aqua,MODIS,100,6.2,297,68.9,N,0
-37.3034,148.4215,328.5,2.2,1.4,2014-02-08,1444,Aqua,MODIS,100,6.2,297.1,79.3,N,0
-37.3092,148.448,361.8,2.2,1.4,2014-02-08,1444,Aqua,MODIS,100,6.2,301,285.7,N,0
-37.3219,148.4435,361.2,2.2,1.4,2014-02-08,1444,Aqua,MODIS,100,6.2,301.8,279.6,N,0
-37.3145,148.4718,343,2.2,1.4,2014-02-08,1444,Aqua,MODIS,100,6.2,296.6,149.8,N,0
-37.3346,148.4386,336.7,2.2,1.4,2014-02-08,1444,Aqua,MODIS,100,6.2,297.1,113.3,N,0
-37.3398,148.4626,327.6,2.2,1.4,2014-02-08,1444,Aqua,MODIS,100,6.2,296.5,74,N,0
-37.2287,148.4505,314.4,2.2,1.4,2014-02-08,1444,Aqua,MODIS,78,6.2,297.9,30.4,N,0
-37.2307,148.3974,319.3,2.2,1.5,2014-02-08,1444,Aqua,MODIS,98,6.2,297.1,44.2,N,0
-37.3273,148.4681,329.1,2.2,1.4,2014-02-08,1444,Aqua,MODIS,100,6.2,296.7,79.7,N,0
-37.1741,148.5618,316.9,2.2,1.4,2014-02-08,1444,Aqua,MODIS,30,6.2,295.5,37.5,N,0
-37.191,148.4668,316.2,2.2,1.4,2014-02-08,1444,Aqua,MODIS,51,6.2,296,34.3,N,0
-37.2033,148.4602,321.2,2.2,1.4,2014-02-08,1444,Aqua,MODIS,97,6.2,298.1,49.6,N,0
-37.4397,148.3067,307.3,2.2,1.5,2014-02-08,1444,Aqua,MODIS,71,6.2,293.7,18.4,N,0
-37.2359,148.4208,311.3,2.2,1.4,2014-02-08,1444,Aqua,MODIS,44,6.2,297.3,22.4,N,0
-37.4371,148.303,305.6,2.2,1.5,2014-02-08,1444,Aqua,MODIS,65,6.2,292.8,15.9,N,0
-37.3479,148.4515,316,2.2,1.4,2014-02-08,1444,Aqua,MODIS,92,6.2,296.1,37.7,N,0
-37.3524,148.4572,307.9,2.2,1.4,2014-02-08,1444,Aqua,MODIS,73,6.2,295.6,18.4,N,0
-37.1985,148.4386,314.4,2.2,1.4,2014-02-08,1444,Aqua,MODIS,14,6.2,296.7,27.8,N,0
-37.2231,148.4254,311.1,2.2,1.4,2014-02-08,1444,Aqua,MODIS,18,6.2,297,19.6,N,0
-37.191,148.4504,314.3,2.2,1.4,2014-02-08,1444,Aqua,MODIS,3,6.2,295.7,27.8,N,0
-37.3158,148.4156,308,2.2,1.4,2014-02-08,1444,Aqua,MODIS,48,6.2,295.6,17.9,N,0
-37.2408,148.3883,310.1,2.2,1.5,2014-02-08,1444,Aqua,MODIS,74,6.2,296.1,22,N,0
-30.8662,121.4922,328.5,1,1,2014-02-08,1445,Terra,MODIS,100,6.2,290.8,28,N,2
-40.5293,148.2081,307,1.9,1.3,2014-02-08,1445,Aqua,MODIS,50,6.2,291.1,19.6,N,0
-26.705,121.3124,309.6,1,1,2014-02-08,1446,Terra,MODIS,31,6.2,290.7,8.8,N,0
-26.7066,121.3019,318.2,1,1,2014-02-08,1446,Terra,MODIS,96,6.2,296.1,15.4,N,0
-23.3149,134.6791,311.7,1,1,2014-02-08,1618,Aqua,MODIS,83,6.2,293.7,10,N,0
-23.3165,134.6891,304.4,1,1,2014-02-08,1618,Aqua,MODIS,58,6.2,293.2,4.8,N,0
-23.3226,134.7289,310.3,1,1,2014-02-08,1618,Aqua,MODIS,79,6.2,292.6,8.5,N,0
-23.3286,134.7074,313.3,1,1,2014-02-08,1618,Aqua,MODIS,55,6.2,293.9,10.1,N,0
-23.3317,134.7273,304.8,1,1,2014-02-08,1618,Aqua,MODIS,8,6.2,293.3,4.6,N,0
-23.3559,134.7025,311,1,1,2014-02-08,1618,Aqua,MODIS,81,6.2,293.2,9.2,N,0
-23.3302,134.7173,310.9,1,1,2014-02-08,1618,Aqua,MODIS,60,6.2,293.2,8.5,N,0
-33.1698,138.2097,359.6,1.5,1.2,2014-02-08,1621,Aqua,MODIS,100,6.2,284.5,143.1,N,0
-33.1582,138.2184,394.1,1.5,1.2,2014-02-08,1621,Aqua,MODIS,100,6.2,308.3,384.5,N,0
-33.1801,138.2155,346.2,1.5,1.2,2014-02-08,1621,Aqua,MODIS,75,6.2,290.1,88.7,N,0
-33.2027,138.2052,342.8,1.5,1.2,2014-02-08,1621,Aqua,MODIS,100,6.2,300.7,79,N,0
-33.2373,138.2173,307.9,1.5,1.2,2014-02-08,1621,Aqua,MODIS,73,6.2,296.9,9.5,N,0
-33.201,138.1889,348.6,1.5,1.2,2014-02-08,1621,Aqua,MODIS,100,6.2,303.6,98.7,N,0
-33.2136,138.2039,332.8,1.5,1.2,2014-02-08,1621,Aqua,MODIS,100,6.2,299.7,49.6,N,0
-33.2229,138.1863,347.4,1.5,1.2,2014-02-08,1621,Aqua,MODIS,100,6.2,300.6,97.2,N,0
-33.1437,138.1875,380.4,1.5,1.2,2014-02-08,1621,Aqua,MODIS,100,6.2,286.9,270.3,N,0
-33.1808,138.2083,332.8,1.5,1.2,2014-02-08,1621,Aqua,MODIS,100,6.2,280,49.9,N,0
-33.1328,138.189,336.3,1.5,1.2,2014-02-08,1621,Aqua,MODIS,82,6.2,271.5,62.1,N,0
-33.1917,138.2067,332,1.5,1.2,2014-02-08,1621,Aqua,MODIS,82,6.2,292.9,48.7,N,0
-33.1455,138.2037,386.8,1.5,1.2,2014-02-08,1621,Aqua,MODIS,100,6.2,299.7,319.9,N,0
-33.19,138.1903,322.5,1.5,1.2,2014-02-08,1621,Aqua,MODIS,0,6.2,285.1,27.7,N,0
-33.1993,138.1732,366.4,1.5,1.2,2014-02-08,1621,Aqua,MODIS,100,6.2,305.4,180.8,N,0
-33.1825,138.2245,327.3,1.5,1.2,2014-02-08,1621,Aqua,MODIS,72,6.2,296.9,37.4,N,0
-33.2263,138.2188,310.7,1.5,1.2,2014-02-08,1621,Aqua,MODIS,56,6.2,297.8,11.3,N,0
-33.2154,138.2203,321.5,1.5,1.2,2014-02-08,1621,Aqua,MODIS,100,6.2,298.8,26.5,N,0
-33.2356,138.2011,318.2,1.5,1.2,2014-02-08,1621,Aqua,MODIS,96,6.2,297.8,24.6,N,0
-33.1253,138.2229,317.5,1.5,1.2,2014-02-08,1621,Aqua,MODIS,34,6.2,275.7,17.3,N,0
-33.1883,138.1742,333,1.5,1.2,2014-02-08,1621,Aqua,MODIS,0,6.2,296.5,51.9,N,0
-33.1868,138.1593,339.5,1.5,1.2,2014-02-08,1621,Aqua,MODIS,27,6.2,300.7,70.1,N,0
-33.1934,138.2231,365.6,1.5,1.2,2014-02-08,1621,Aqua,MODIS,100,6.2,302.3,176.1,N,0
-33.1977,138.1583,323,1.5,1.2,2014-02-08,1621,Aqua,MODIS,34,6.2,298.3,31.1,N,0
-33.2119,138.1875,342.5,1.5,1.2,2014-02-08,1621,Aqua,MODIS,100,6.2,301.4,79.3,N,0
-33.1691,138.217,386.2,1.5,1.2,2014-02-08,1621,Aqua,MODIS,100,6.2,299.1,314.6,N,0
-33.2246,138.2024,351.4,1.5,1.2,2014-02-08,1621,Aqua,MODIS,100,6.2,301.9,111.1,N,0
-33.2103,138.1718,327.8,1.5,1.2,2014-02-08,1621,Aqua,MODIS,100,6.2,299.1,41,N,0
-33.1758,138.1603,329.9,1.5,1.2,2014-02-08,1621,Aqua,MODIS,0,6.2,300,43,N,0
-33.1731,138.1522,323,1.5,1.2,2014-02-08,1621,Aqua,MODIS,0,6.2,297.5,29.8,N,0
-33.1748,138.1669,325.8,1.5,1.2,2014-02-08,1621,Aqua,MODIS,0,6.2,297.6,34.2,N,0
-33.1546,138.1859,343.1,1.5,1.2,2014-02-08,1621,Aqua,MODIS,82,6.2,286.7,78.4,N,0
-33.1673,138.2006,344.8,1.5,1.2,2014-02-08,1621,Aqua,MODIS,97,6.2,271.4,82.1,N,0
-33.1564,138.2022,438.8,1.5,1.2,2014-02-08,1621,Aqua,MODIS,100,6.2,310.9,1021.2,N,0
-33.1715,138.2259,341.5,1.5,1.2,2014-02-08,1621,Aqua,MODIS,100,6.2,298.8,73.8,N,0
-29.0466,152.2012,320,1,1,2014-02-09,0006,Terra,MODIS,67,6.2,301.3,9.6,D,0
-28.7094,147.1647,333.2,1.4,1.2,2014-02-09,0006,Terra,MODIS,70,6.2,308.8,19.6,D,0
-28.7199,147.1623,334.3,1.4,1.2,2014-02-09,0006,Terra,MODIS,73,6.2,308.5,22.3,D,0
-28.7069,147.1505,341.7,1.4,1.2,2014-02-09,0006,Terra,MODIS,84,6.2,309.8,41.2,D,0
-28.7173,147.1481,335.6,1.4,1.2,2014-02-09,0006,Terra,MODIS,75,6.2,309.6,24.8,D,0
-27.9229,144.1592,331.8,2.3,1.5,2014-02-09,0006,Terra,MODIS,37,6.2,305.3,45,D,0
-29.2086,149.8928,329,1,1,2014-02-09,0006,Terra,MODIS,61,6.2,311.9,8.4,D,0
-28.7283,149.3766,328.3,1.1,1,2014-02-09,0006,Terra,MODIS,58,6.2,309.5,9.2,D,0
-28.7376,149.3747,334.4,1.1,1,2014-02-09,0006,Terra,MODIS,75,6.2,309.6,17.7,D,0
-29.1995,149.8946,332.6,1,1,2014-02-09,0006,Terra,MODIS,72,6.2,311.8,13.3,D,0
-34.4647,150.8804,320.2,1,1,2014-02-09,0007,Terra,MODIS,43,6.2,306.2,7.6,D,2
-33.2038,138.1902,320.4,4.1,1.9,2014-02-09,0007,Terra,MODIS,16,6.2,295.6,65.3,D,0
-33.1547,138.2089,337,4.1,1.9,2014-02-09,0007,Terra,MODIS,84,6.2,296.5,218.6,D,0
-33.1683,138.2097,332.9,4.1,1.9,2014-02-09,0007,Terra,MODIS,79,6.2,295.8,172.6,D,0
-33.1067,138.1938,344.4,4.1,1.9,2014-02-09,0007,Terra,MODIS,90,6.2,295.8,336.2,D,0
-33.1334,138.2296,339.2,4.1,1.9,2014-02-09,0007,Terra,MODIS,85,6.2,295.4,255.5,D,0
-33.1711,138.203,325.3,4.1,1.9,2014-02-09,0007,Terra,MODIS,38,6.2,295.1,94.3,D,0
-33.2199,138.183,327.5,4.1,1.9,2014-02-09,0007,Terra,MODIS,71,6.2,295.8,126,D,0
-33.1232,138.188,341.3,4.1,1.9,2014-02-09,0007,Terra,MODIS,87,6.2,296.4,284.5,D,0
-33.1355,138.2218,347,4.1,1.9,2014-02-09,0007,Terra,MODIS,92,6.2,295.9,355.3,D,0
-33.1249,138.1795,333.8,4.1,1.9,2014-02-09,0007,Terra,MODIS,80,6.2,296.5,185.9,D,0
-33.1086,138.1861,339,4.1,1.9,2014-02-09,0007,Terra,MODIS,85,6.2,295.7,255.4,D,0
-33.1189,138.2271,331.7,4.1,1.9,2014-02-09,0007,Terra,MODIS,77,6.2,294.8,171.3,D,0
-33.1519,138.2157,340.9,4.1,1.9,2014-02-09,0007,Terra,MODIS,87,6.2,296.2,272.3,D,0
-33.1168,138.235,325.4,4.1,1.9,2014-02-09,0007,Terra,MODIS,64,6.2,294.5,121.1,D,0
-33.2173,138.1903,327.7,4.1,1.9,2014-02-09,0007,Terra,MODIS,66,6.2,296.2,125,D,0
-37.3185,148.4267,369.2,1,1,2014-02-09,0008,Terra,MODIS,100,6.2,310.5,102.3,D,0
-37.4006,148.483,453.6,1,1,2014-02-09,0008,Terra,MODIS,100,6.2,348.9,754,D,0
-37.2477,148.567,344.8,1,1,2014-02-09,0008,Terra,MODIS,92,6.2,303.2,46.4,D,0
-37.1774,148.3431,354.6,1,1,2014-02-09,0008,Terra,MODIS,97,6.2,307.9,59.9,D,0
-37.3688,148.4501,415.1,1,1,2014-02-09,0008,Terra,MODIS,100,6.2,326.1,346.8,D,0
-37.1882,148.3522,326.3,1,1,2014-02-09,0008,Terra,MODIS,43,6.2,306.6,10.4,D,0
-37.3813,148.4704,433.3,1,1,2014-02-09,0008,Terra,MODIS,100,6.2,332.2,508.7,D,0
-37.3869,148.4457,345.8,1,1,2014-02-09,0008,Terra,MODIS,93,6.2,307.6,42.2,D,0
-37.3435,148.4679,369.1,1,1,2014-02-09,0008,Terra,MODIS,100,6.2,304.7,100.6,D,0
-37.3255,148.4722,347,1,1,2014-02-09,0008,Terra,MODIS,93,6.2,304.6,44.3,D,0
-37.4079,148.4695,360.1,1,1,2014-02-09,0008,Terra,MODIS,100,6.2,307.3,76.5,D,0
-37.2144,148.4104,338.9,1,1,2014-02-09,0008,Terra,MODIS,58,6.2,311.3,23.3,D,0
-37.2678,148.5153,319.4,1,1,2014-02-09,0008,Terra,MODIS,68,6.2,303.3,10.2,D,0
-37.313,148.4517,351.3,1,1,2014-02-09,0008,Terra,MODIS,96,6.2,306.8,53.2,D,0
-37.2038,148.4545,349.2,1,1,2014-02-09,0008,Terra,MODIS,90,6.2,309.2,45.7,D,0
-37.1593,148.3474,355.8,1,1,2014-02-09,0008,Terra,MODIS,98,6.2,315.8,63.6,D,0
-37.2901,148.416,361,1,1,2014-02-09,0008,Terra,MODIS,100,6.2,307.4,77.9,D,0
-37.1545,148.56,355.1,1,1,2014-02-09,0008,Terra,MODIS,97,6.2,307.6,65.3,D,0
-37.2918,148.4274,372.1,1,1,2014-02-09,0008,Terra,MODIS,100,6.2,309.6,112.9,D,0
-37.1535,148.4317,332.4,1,1,2014-02-09,0008,Terra,MODIS,46,6.2,309.6,20.4,D,0
-37.3095,148.4289,346.6,1,1,2014-02-09,0008,Terra,MODIS,93,6.2,306.7,42.5,D,0
-37.3328,148.4588,500,1,1,2014-02-09,0008,Terra,MODIS,100,6.2,346,1607.3,D,0
-37.2702,148.4087,323.7,1,1,2014-02-09,0008,Terra,MODIS,27,6.2,307.2,10.5,D,0
-37.5013,148.9044,324.8,1,1,2014-02-09,0008,Terra,MODIS,75,6.2,308.2,12.2,D,0
-37.3542,148.477,452.8,1,1,2014-02-09,0008,Terra,MODIS,100,6.2,324,740.4,D,0
-37.1892,148.4813,332.9,1,1,2014-02-09,0008,Terra,MODIS,67,6.2,307.1,21.4,D,0
-37.304,148.4538,348.5,1,1,2014-02-09,0008,Terra,MODIS,94,6.2,306.8,46.9,D,0
-37.2878,148.7092,402.2,1,1,2014-02-09,0008,Terra,MODIS,100,6.2,318.6,255.7,D,0
-37.3473,148.4318,319.4,1,1,2014-02-09,0008,Terra,MODIS,33,6.2,303,4.9,D,0
-37.2844,148.6866,325.8,1,1,2014-02-09,0008,Terra,MODIS,71,6.2,307.3,13.6,D,0
-37.3147,148.463,360.2,1,1,2014-02-09,0008,Terra,MODIS,100,6.2,306.7,75.1,D,0
-37.1909,148.4926,338.4,1,1,2014-02-09,0008,Terra,MODIS,88,6.2,306.6,29.7,D,0
-37.3275,148.4247,343.9,1,1,2014-02-09,0008,Terra,MODIS,92,6.2,305.2,38.5,D,0
-37.3779,148.448,427,1,1,2014-02-09,0008,Terra,MODIS,100,6.2,324.5,448.4,D,0
-37.281,148.4181,371.4,1,1,2014-02-09,0008,Terra,MODIS,100,6.2,308.7,110.7,D,0
-37.3237,148.4609,431.4,1,1,2014-02-09,0008,Terra,MODIS,100,6.2,324.4,490.8,D,0
-37.3971,148.4603,343.1,1,1,2014-02-09,0008,Terra,MODIS,91,6.2,306.7,37.7,D,0
-37.4096,148.4809,467.3,1,1,2014-02-09,0008,Terra,MODIS,100,6.2,336.7,958.6,D,0
-37.2952,148.6958,455.9,1,1,2014-02-09,0008,Terra,MODIS,100,6.2,322.7,781.9,D,0
-37.2484,148.6952,328.8,1,1,2014-02-09,0008,Terra,MODIS,80,6.2,303,17.7,D,0
-37.2681,148.7021,330.3,1,1,2014-02-09,0008,Terra,MODIS,69,6.2,306.3,17.7,D,0
-37.1626,148.4297,344.9,1,1,2014-02-09,0008,Terra,MODIS,92,6.2,303.2,41.8,D,0
-37.2557,148.6818,328.2,1,1,2014-02-09,0008,Terra,MODIS,80,6.2,304,16.6,D,0
-37.3005,148.4311,335.1,1,1,2014-02-09,0008,Terra,MODIS,86,6.2,305.9,23.9,D,0
-37.3491,148.4431,388.9,1,1,2014-02-09,0008,Terra,MODIS,100,6.2,313.9,182.2,D,0
-37.3525,148.4658,448.2,1,1,2014-02-09,0008,Terra,MODIS,100,6.2,324.8,679.7,D,0
-37.1815,148.5536,352.6,1,1,2014-02-09,0008,Terra,MODIS,96,6.2,305.4,58.2,D,0
-37.4131,148.5036,362.4,1,1,2014-02-09,0008,Terra,MODIS,100,6.2,301.4,83.5,D,0
-37.4113,148.4922,468.9,1,1,2014-02-09,0008,Terra,MODIS,100,6.2,329.2,985,D,0
-37.221,148.568,331.4,1,1,2014-02-09,0008,Terra,MODIS,79,6.2,300.3,24.1,D,0
-37.151,148.5374,360.7,1,1,2014-02-09,0008,Terra,MODIS,100,6.2,308.5,76.1,D,0
-37.3988,148.4716,402.1,1,1,2014-02-09,0008,Terra,MODIS,100,6.2,324.9,256.7,D,0
-37.1931,148.4457,334.5,1,1,2014-02-09,0008,Terra,MODIS,53,6.2,304,23.4,D,0
-37.2828,148.4295,355.9,1,1,2014-02-09,0008,Terra,MODIS,98,6.2,307.4,64.4,D,0
-37.3077,148.4175,351.2,1,1,2014-02-09,0008,Terra,MODIS,95,6.2,307.1,52.7,D,0
-37.3057,148.4651,326.8,1,1,2014-02-09,0008,Terra,MODIS,75,6.2,303.7,13,D,0
-37.2935,148.4388,322.8,1,1,2014-02-09,0008,Terra,MODIS,51,6.2,305.1,10.1,D,0
-37.392,148.4796,456.8,1,1,2014-02-09,0008,Terra,MODIS,100,6.2,341.8,795.8,D,0
-37.2771,148.7,340,1,1,2014-02-09,0008,Terra,MODIS,89,6.2,308.1,31.9,D,0
-37.185,148.5765,393.3,1,1,2014-02-09,0008,Terra,MODIS,100,6.2,305.7,210.5,D,0
-37.272,148.4202,376.2,1,1,2014-02-09,0008,Terra,MODIS,100,6.2,313.2,127.6,D,0
-37.3452,148.4792,327.8,1,1,2014-02-09,0008,Terra,MODIS,48,6.2,301.2,13.8,D,0
-37.2071,148.4238,354.7,1,1,2014-02-09,0008,Terra,MODIS,97,6.2,311.9,54.4,D,0
-37.3168,148.4153,328.9,1,1,2014-02-09,0008,Terra,MODIS,80,6.2,305.5,16,D,0
-37.2987,148.4197,356.5,1,1,2014-02-09,0008,Terra,MODIS,98,6.2,308.2,64.9,D,0
-37.3615,148.4635,434.4,1,1,2014-02-09,0008,Terra,MODIS,100,6.2,328.3,519.6,D,0
-37.1684,148.3454,456.4,1,1,2014-02-09,0008,Terra,MODIS,100,6.2,325.3,794.7,D,0
-37.1666,148.3338,370.3,1,1,2014-02-09,0008,Terra,MODIS,100,6.2,311.1,104.9,D,0
-37.1701,148.3569,343.3,1,1,2014-02-09,0008,Terra,MODIS,91,6.2,309.8,36,D,0
-37.2414,148.4039,386.8,1,1,2014-02-09,0008,Terra,MODIS,100,6.2,313.7,169.4,D,0
-37.374,148.4839,460,1,1,2014-02-09,0008,Terra,MODIS,100,6.2,314.4,841.2,D,0
-37.3633,148.4748,500,1,1,2014-02-09,0008,Terra,MODIS,100,6.2,334.7,1604.2,D,0
-37.1791,148.3545,374.3,1,1,2014-02-09,0008,Terra,MODIS,100,6.2,312.3,118.9,D,0
-37.3886,148.4569,409.8,1,1,2014-02-09,0008,Terra,MODIS,100,6.2,317.8,307.5,D,0
-37.2467,148.6839,331.6,1,1,2014-02-09,0008,Terra,MODIS,83,6.2,302.8,20.7,D,0
-37.2969,148.7071,470.4,1,1,2014-02-09,0008,Terra,MODIS,100,6.2,326.6,1004.8,D,0
-37.2459,148.5556,331.5,1,1,2014-02-09,0008,Terra,MODIS,83,6.2,303.8,24.1,D,0
-37.238,148.3813,349.9,1,1,2014-02-09,0008,Terra,MODIS,95,6.2,307.9,50.5,D,0
-37.1948,148.4569,342.1,1,1,2014-02-09,0008,Terra,MODIS,76,6.2,306.3,35.5,D,0
-37.3705,148.4613,420.1,1,1,2014-02-09,0008,Terra,MODIS,100,6.2,329.1,385.4,D,0
-37.322,148.4496,371,1,1,2014-02-09,0008,Terra,MODIS,100,6.2,311.1,107.8,D,0
-37.2737,148.4316,348.4,1,1,2014-02-09,0008,Terra,MODIS,94,6.2,307.8,46.8,D,0
-37.3203,148.4382,338.9,1,1,2014-02-09,0008,Terra,MODIS,88,6.2,306,29.3,D,0
-37.5306,148.8509,322.5,1,1,2014-02-09,0008,Terra,MODIS,70,6.2,308.4,10.1,D,0
-37.2539,148.4243,345.8,1,1,2014-02-09,0008,Terra,MODIS,86,6.2,309,39.4,D,0
-37.1867,148.5878,332.8,1,1,2014-02-09,0008,Terra,MODIS,84,6.2,301.4,26.8,D,0
-37.2432,148.4152,342.4,1,1,2014-02-09,0008,Terra,MODIS,66,6.2,312,31,D,0
-37.2397,148.3927,372.7,1,1,2014-02-09,0008,Terra,MODIS,100,6.2,311.3,112.9,D,0
-37.3598,148.4523,500,1,1,2014-02-09,0008,Terra,MODIS,100,6.2,344.3,1606.4,D,0
-37.1763,148.5196,338.6,1,1,2014-02-09,0008,Terra,MODIS,80,6.2,305.8,29.8,D,0
-37.365,148.486,425.8,1,1,2014-02-09,0008,Terra,MODIS,100,6.2,307.2,434.8,D,0
-37.3345,148.4701,390.1,1,1,2014-02-09,0008,Terra,MODIS,100,6.2,307.9,188.3,D,0
-37.2161,148.4216,359.9,1,1,2014-02-09,0008,Terra,MODIS,99,6.2,314.3,68,D,0
-37.1742,148.5672,369.5,1,1,2014-02-09,0008,Terra,MODIS,100,6.2,308.3,105.2,D,0
-37.1875,148.4702,342.5,1,1,2014-02-09,0008,Terra,MODIS,83,6.2,307.6,37.2,D,0
-37.3971,148.0354,331.3,1,1,2014-02-09,0008,Terra,MODIS,83,6.2,304.6,23.7,D,0
-37.3989,148.0469,332.3,1,1,2014-02-09,0008,Terra,MODIS,84,6.2,305,25.1,D,0
-37.1819,148.4947,335.1,1,1,2014-02-09,0008,Terra,MODIS,74,6.2,305.9,25.6,D,0
-37.4467,148.2954,340.2,1,1,2014-02-09,0008,Terra,MODIS,89,6.2,312,31.1,D,0
-37.1759,148.5785,334.8,1,1,2014-02-09,0008,Terra,MODIS,86,6.2,302.5,27.4,D,0
-37.4377,148.2975,326.9,1,1,2014-02-09,0008,Terra,MODIS,67,6.2,312.8,12.8,D,0
-37.3418,148.4566,428.1,1,1,2014-02-09,0008,Terra,MODIS,100,6.2,321.2,457.5,D,0
-37.383,148.4817,476.5,1,1,2014-02-09,0008,Terra,MODIS,100,6.2,331.7,1113.2,D,0
-37.3581,148.4409,409.1,1,1,2014-02-09,0008,Terra,MODIS,100,6.2,313.3,301.3,D,0
-37.3796,148.4592,441.1,1,1,2014-02-09,0008,Terra,MODIS,100,6.2,337.6,594.7,D,0
-37.1576,148.3359,338,1,1,2014-02-09,0008,Terra,MODIS,88,6.2,310,27.8,D,0
-37.3903,148.4682,425.2,1,1,2014-02-09,0008,Terra,MODIS,100,6.2,330,431.2,D,0
-37.1643,148.4409,329.1,1,1,2014-02-09,0008,Terra,MODIS,32,6.2,302.3,16.8,D,0
-37.1913,148.4344,341.1,1,1,2014-02-09,0008,Terra,MODIS,85,6.2,304,35.2,D,0
-37.3293,148.4361,350,1,1,2014-02-09,0008,Terra,MODIS,95,6.2,306.5,50.9,D,0
-37.3508,148.4544,470.6,1,1,2014-02-09,0008,Terra,MODIS,100,6.2,343.8,1012.5,D,0
-37.2227,148.5793,318.9,1,1,2014-02-09,0008,Terra,MODIS,37,6.2,298.4,11,D,0
-37.1725,148.5558,353.8,1,1,2014-02-09,0008,Terra,MODIS,97,6.2,307.2,58.9,D,0
-37.3723,148.4726,430.6,1,1,2014-02-09,0008,Terra,MODIS,100,6.2,319,480.7,D,0
-37.1916,148.3749,361.9,1,1,2014-02-09,0008,Terra,MODIS,100,6.2,311.2,78.4,D,0
-37.263,148.4222,342.1,1,1,2014-02-09,0008,Terra,MODIS,84,6.2,308.2,33.5,D,0
-37.3113,148.4404,326.9,1,1,2014-02-09,0008,Terra,MODIS,76,6.2,304.4,12.7,D,0
-37.169,148.533,343.4,1,1,2014-02-09,0008,Terra,MODIS,79,6.2,306.5,35.6,D,0
-37.3955,148.5023,347.1,1,1,2014-02-09,0008,Terra,MODIS,86,6.2,298.8,44.8,D,0
-37.3383,148.434,343.5,1,1,2014-02-09,0008,Terra,MODIS,91,6.2,304.4,37.4,D,0
-37.1514,148.4791,340.9,1,1,2014-02-09,0008,Terra,MODIS,90,6.2,301.8,35.7,D,0
-37.2567,148.5649,328.2,1,1,2014-02-09,0008,Terra,MODIS,80,6.2,300.4,21.4,D,0
-37.1746,148.5082,330.7,1,1,2014-02-09,0008,Terra,MODIS,43,6.2,304.9,18.5,D,0
-37.3379,148.4927,326.2,1,1,2014-02-09,0008,Terra,MODIS,36,6.2,303.1,12.2,D,0
-37.331,148.4475,458.1,1,1,2014-02-09,0008,Terra,MODIS,100,6.2,330.2,816.8,D,0
-37.4023,148.4944,458.2,1,1,2014-02-09,0008,Terra,MODIS,100,6.2,331.6,818.3,D,0
-37.3667,148.4973,332.2,1,1,2014-02-09,0008,Terra,MODIS,62,6.2,298.6,17.4,D,0
-37.2271,148.3718,346.3,1,1,2014-02-09,0008,Terra,MODIS,93,6.2,310.1,41.9,D,0
-37.1832,148.5651,340.2,1,1,2014-02-09,0008,Terra,MODIS,89,6.2,303.5,35.2,D,0
-37.3938,148.491,454.4,1,1,2014-02-09,0008,Terra,MODIS,94,6.2,327.4,762.4,D,0
-37.2501,148.7064,318,1,1,2014-02-09,0008,Terra,MODIS,21,6.2,304.4,6.5,D,0
-37.2861,148.6979,435.7,1,1,2014-02-09,0008,Terra,MODIS,100,6.2,332.1,533.6,D,0
-37.1965,148.468,336.4,1,1,2014-02-09,0008,Terra,MODIS,69,6.2,307.7,26.2,D,0
-37.1527,148.5487,353.6,1,1,2014-02-09,0008,Terra,MODIS,97,6.2,307.6,58.6,D,0
-37.1826,148.3775,332.5,1,1,2014-02-09,0008,Terra,MODIS,36,6.2,306,19.3,D,0
-37.2289,148.3833,336.1,1,1,2014-02-09,0008,Terra,MODIS,72,6.2,308.5,23.7,D,0
-37.356,148.4882,347.9,1,1,2014-02-09,0008,Terra,MODIS,94,6.2,304.6,43.6,D,0
-37.1982,148.4792,326.4,1,1,2014-02-09,0008,Terra,MODIS,48,6.2,307.7,12.7,D,0
-37.404,148.5058,352,1,1,2014-02-09,0008,Terra,MODIS,88,6.2,300,56.4,D,0
-37.34,148.4453,426.7,1,1,2014-02-09,0008,Terra,MODIS,100,6.2,320.2,445.8,D,0
-38.5285,146.5068,433,1.1,1,2014-02-09,0008,Terra,MODIS,100,6.2,328.8,558.5,D,0
-38.5471,146.5016,362.3,1.1,1,2014-02-09,0008,Terra,MODIS,100,6.2,310.5,86,D,0
-38.5305,146.519,374.9,1.1,1,2014-02-09,0008,Terra,MODIS,100,6.2,315.9,130.8,D,0
-38.5378,146.5043,500,1.1,1,2014-02-09,0008,Terra,MODIS,100,6.2,345.4,1778.5,D,0
-38.5398,146.5166,500,1.1,1,2014-02-09,0008,Terra,MODIS,100,6.2,347.9,1775.9,D,0
-38.5491,146.5138,384.3,1.1,1,2014-02-09,0008,Terra,MODIS,100,6.2,309.9,174.3,D,0
-37.0996,148.4379,332.7,1,1,2014-02-09,0008,Terra,MODIS,60,6.2,314.6,14.5,D,0
-37.1014,148.4495,338.8,1,1,2014-02-09,0008,Terra,MODIS,88,6.2,311.1,22.7,D,0
-37.1156,148.4815,357.5,1,1,2014-02-09,0008,Terra,MODIS,98,6.2,312.7,64.1,D,0
-37.1191,148.451,335.6,1,1,2014-02-09,0008,Terra,MODIS,81,6.2,309,20,D,0
-37.1243,148.4852,346.2,1,1,2014-02-09,0008,Terra,MODIS,93,6.2,310.4,41.3,D,0
-37.1209,148.4626,335.3,1,1,2014-02-09,0008,Terra,MODIS,86,6.2,310.2,20,D,0
-37.1261,148.4965,338.8,1,1,2014-02-09,0008,Terra,MODIS,88,6.2,308.1,27.8,D,0
-37.1299,148.4605,343.4,1,1,2014-02-09,0008,Terra,MODIS,91,6.2,307.3,33.2,D,0
-37.1317,148.4719,334.4,1,1,2014-02-09,0008,Terra,MODIS,32,6.2,307.9,18.9,D,0
-37.1334,148.4832,405,1,1,2014-02-09,0008,Terra,MODIS,100,6.2,318.6,273.6,D,0
-37.1351,148.4944,401.1,1,1,2014-02-09,0008,Terra,MODIS,100,6.2,313.6,248.8,D,0
-37.1389,148.4585,334.3,1,1,2014-02-09,0008,Terra,MODIS,57,6.2,306.2,19.3,D,0
-37.1441,148.4923,367.5,1,1,2014-02-09,0008,Terra,MODIS,100,6.2,304.4,98.1,D,0
-37.1407,148.4699,341.1,1,1,2014-02-09,0008,Terra,MODIS,63,6.2,305.3,30.8,D,0
-37.1424,148.4811,380.9,1,1,2014-02-09,0008,Terra,MODIS,100,6.2,308.3,147.2,D,0
-37.1458,148.5034,342,1,1,2014-02-09,0008,Terra,MODIS,91,6.2,306,36.7,D,0
-37.1493,148.526,339.9,1,1,2014-02-09,0008,Terra,MODIS,81,6.2,306.3,31.6,D,0
-37.0944,148.4039,326.7,1,1,2014-02-09,0008,Terra,MODIS,42,6.2,314.3,7.9,D,0
-37.1503,148.3494,322.9,1,1,2014-02-09,0008,Terra,MODIS,24,6.2,310.4,7.7,D,0
-36.7369,144.2055,336,1.4,1.2,2014-02-09,0008,Terra,MODIS,82,6.2,311.4,35.6,D,0
-40.5205,148.1999,328.4,1,1,2014-02-09,0009,Terra,MODIS,40,6.2,303.1,17.2,D,0
-40.5208,148.1386,335.3,1,1,2014-02-09,0009,Terra,MODIS,52,6.2,296.4,20.2,D,0
-40.5278,148.1858,398,1,1,2014-02-09,0009,Terra,MODIS,100,6.2,314.9,229.8,D,0
-40.5295,148.1976,362.5,1,1,2014-02-09,0009,Terra,MODIS,100,6.2,309.7,82.7,D,0
-40.5368,148.1836,347.1,1,1,2014-02-09,0009,Terra,MODIS,79,6.2,309.4,42.1,D,0
-40.5385,148.1954,366.7,1,1,2014-02-09,0009,Terra,MODIS,96,6.2,312.7,0,D,0
-40.5402,148.2072,389.1,1,1,2014-02-09,0009,Terra,MODIS,100,6.2,315.1,0,D,0
-40.5406,148.146,343.4,1,1,2014-02-09,0009,Terra,MODIS,92,6.2,297.3,29.4,D,0
-40.5423,148.1578,361,1,1,2014-02-09,0009,Terra,MODIS,100,6.2,307.8,68.2,D,0
-40.5441,148.1696,348,1,1,2014-02-09,0009,Terra,MODIS,73,6.2,311.7,38.9,D,0
-40.5493,148.205,385.7,1,1,2014-02-09,0009,Terra,MODIS,100,6.2,315.2,172.6,D,3
-40.5496,148.1437,336,1,1,2014-02-09,0009,Terra,MODIS,75,6.2,293,17,D,0
-40.5513,148.1555,353.8,1,1,2014-02-09,0009,Terra,MODIS,91,6.2,304.5,50.2,D,0
-40.5833,148.1907,366.5,1,1,2014-02-09,0009,Terra,MODIS,100,6.2,313.5,101.7,D,3
-40.5136,148.1526,359.6,1,1,2014-02-09,0009,Terra,MODIS,90,6.2,309.5,70.6,D,0
-40.517,148.1763,348.8,1,1,2014-02-09,0009,Terra,MODIS,79,6.2,310.8,49.4,D,0
-40.5188,148.188,394.7,1,1,2014-02-09,0009,Terra,MODIS,100,6.2,313.9,213.5,D,0
-43.4544,146.7786,317.6,1,1,2014-02-09,0010,Terra,MODIS,60,6.2,292.1,12.5,D,0
-43.4563,146.791,344.9,1,1,2014-02-09,0010,Terra,MODIS,94,6.2,298.1,49,D,0
-43.4653,146.7885,324.3,1,1,2014-02-09,0010,Terra,MODIS,82,6.2,296.6,19.4,D,0
-23.3139,134.6723,326.6,2.1,1.4,2014-02-09,0143,Terra,MODIS,56,6.2,299.1,33.8,D,0
-23.3564,134.7087,323.9,2.1,1.4,2014-02-09,0143,Terra,MODIS,29,6.2,296.1,31.3,D,0
-33.111,138.1549,331.7,4.7,2,2014-02-09,0145,Terra,MODIS,80,6.2,297.8,201.7,D,0
-33.1469,138.1953,344.1,4.7,2,2014-02-09,0145,Terra,MODIS,91,6.2,298.5,363.1,D,0
-33.1675,138.2491,328,4.7,2,2014-02-09,0145,Terra,MODIS,76,6.2,298.3,138.4,D,0
-33.1651,138.1948,331.3,4.7,2,2014-02-09,0145,Terra,MODIS,80,6.2,298.5,172.5,D,0
-33.1288,138.1963,347,4.7,2,2014-02-09,0145,Terra,MODIS,93,6.2,297.7,429.3,D,0
-33.2196,138.1948,324.4,4.7,2,2014-02-09,0145,Terra,MODIS,66,6.2,299.7,96.8,D,0
-33.2173,138.1899,322.8,4.7,2,2014-02-09,0145,Terra,MODIS,68,6.2,299.7,85.3,D,0
-33.1522,138.2574,333.3,4.7,2,2014-02-09,0145,Terra,MODIS,82,6.2,298.2,203.9,D,0
-33.1496,138.2033,351.7,4.7,2,2014-02-09,0145,Terra,MODIS,95,6.2,298.7,503.6,D,0
-33.1107,138.1969,346,4.7,2,2014-02-09,0145,Terra,MODIS,92,6.2,296.4,417.9,D,0
-33.134,138.2583,328.3,4.7,2,2014-02-09,0145,Terra,MODIS,76,6.2,296.9,151,D,0
-33.1311,138.2502,328.1,4.7,2,2014-02-09,0145,Terra,MODIS,76,6.2,296.5,153.8,D,0
-33.1677,138.2026,330,4.7,2,2014-02-09,0145,Terra,MODIS,78,6.2,298.1,159.8,D,0
-33.2355,138.1905,325.2,4.7,2,2014-02-09,0145,Terra,MODIS,72,6.2,299.2,106.9,D,0
-33.1705,138.2569,321,4.7,2,2014-02-09,0145,Terra,MODIS,62,6.2,298.4,68.1,D,0
-33.2378,138.1955,321.3,4.7,2,2014-02-09,0145,Terra,MODIS,33,6.2,298.9,66.7,D,0
-33.1133,138.2048,346.7,4.7,2,2014-02-09,0145,Terra,MODIS,92,6.2,296.4,429,D,0
-33.1493,138.2494,337.4,4.7,2,2014-02-09,0145,Terra,MODIS,86,6.2,297.8,262.5,D,0
-33.1315,138.204,346.5,4.7,2,2014-02-09,0145,Terra,MODIS,92,6.2,297.5,415.1,D,0
-40.5239,148.2008,392.6,1.1,1.1,2014-02-09,0422,Aqua,MODIS,100,6.2,324.7,0,D,0
-40.5167,148.1847,479.3,1.1,1.1,2014-02-09,0422,Aqua,MODIS,100,6.2,400.1,0,D,0
-40.5106,148.2053,450.8,1.1,1.1,2014-02-09,0422,Aqua,MODIS,100,6.2,319.9,0,D,0
-40.5083,148.2187,388.8,1.1,1.1,2014-02-09,0422,Aqua,MODIS,100,6.2,297.9,0,D,0
-40.5189,148.1715,389.3,1.1,1.1,2014-02-09,0422,Aqua,MODIS,100,6.2,322.6,0,D,0
-40.515,148.1789,435.2,1.1,1.1,2014-02-09,0422,Aqua,MODIS,100,6.2,339.3,0,D,0
-40.5193,148.2273,425,1.1,1.1,2014-02-09,0422,Aqua,MODIS,94,6.2,318.4,516.6,D,3
-40.5172,148.1656,385.9,1.1,1.1,2014-02-09,0422,Aqua,MODIS,100,6.2,325.7,0,D,0
-40.5311,148.2168,387.7,1.1,1.1,2014-02-09,0422,Aqua,MODIS,100,6.2,321.4,0,D,0
-40.5405,148.2197,364.2,1.1,1.1,2014-02-09,0422,Aqua,MODIS,0,6.2,312.7,106.1,D,3
-40.5056,148.1761,392.7,1.1,1.1,2014-02-09,0422,Aqua,MODIS,100,6.2,304.7,0,D,0
-40.5128,148.1921,459.1,1.1,1.1,2014-02-09,0422,Aqua,MODIS,100,6.2,341.2,0,D,0
-40.5144,148.1979,482.5,1.1,1.1,2014-02-09,0422,Aqua,MODIS,100,6.2,338.2,0,D,0
-40.5121,148.2112,477.9,1.1,1.1,2014-02-09,0422,Aqua,MODIS,100,6.2,319.3,0,D,0
-40.5098,148.2245,396.9,1.1,1.1,2014-02-09,0422,Aqua,MODIS,100,6.2,297.2,0,D,0
-40.5216,148.214,420.1,1.1,1.1,2014-02-09,0422,Aqua,MODIS,100,6.2,332.2,0,D,0
-37.4883,144.6777,342.4,1,1,2014-02-09,0423,Aqua,MODIS,87,6.2,304.7,30.5,D,0
-37.5402,144.883,329.6,1,1,2014-02-09,0423,Aqua,MODIS,40,6.2,300.3,14.5,D,0
-37.4752,144.6395,332.7,1,1,2014-02-09,0423,Aqua,MODIS,81,6.2,304.2,13,D,0
-37.4736,144.6509,339.9,1,1,2014-02-09,0423,Aqua,MODIS,88,6.2,307.2,22.8,D,0
-37.4719,144.6622,341.2,1,1,2014-02-09,0423,Aqua,MODIS,88,6.2,310.8,25.7,D,0
-37.5295,144.8922,337,1,1,2014-02-09,0423,Aqua,MODIS,71,6.2,302.1,23.7,D,0
-37.5312,144.8808,328.5,1,1,2014-02-09,0423,Aqua,MODIS,47,6.2,295.5,13.1,D,0
-37.4859,144.6303,326.6,1,1,2014-02-09,0423,Aqua,MODIS,38,6.2,305.3,5.4,D,0
-37.4842,144.6416,332.1,1,1,2014-02-09,0423,Aqua,MODIS,77,6.2,309,11.1,D,0
-37.4826,144.653,411.2,1,1,2014-02-09,0423,Aqua,MODIS,100,6.2,320.2,307.9,D,0
-37.4809,144.6643,470.7,1,1,2014-02-09,0423,Aqua,MODIS,100,6.2,333.2,999.7,D,0
-37.4793,144.6756,403.4,1,1,2014-02-09,0423,Aqua,MODIS,100,6.2,310.8,255.7,D,0
-37.4949,144.6324,345.1,1,1,2014-02-09,0423,Aqua,MODIS,91,6.2,305.5,33.1,D,0
-37.4932,144.6438,371.2,1,1,2014-02-09,0423,Aqua,MODIS,100,6.2,310.2,100.1,D,0
-37.4916,144.6551,377.5,1,1,2014-02-09,0423,Aqua,MODIS,100,6.2,310.6,123.5,D,0
-37.4899,144.6664,360.6,1,1,2014-02-09,0423,Aqua,MODIS,100,6.2,306.7,69.3,D,0
-37.5039,144.6345,376.1,1,1,2014-02-09,0423,Aqua,MODIS,100,6.2,311.1,117.8,D,0
-37.5385,144.8943,334.6,1,1,2014-02-09,0423,Aqua,MODIS,69,6.2,301.3,20.5,D,0
-37.5022,144.6459,372.1,1,1,2014-02-09,0423,Aqua,MODIS,100,6.2,314.2,103.6,D,0
-37.5006,144.6572,355.8,1,1,2014-02-09,0423,Aqua,MODIS,97,6.2,312.5,56.2,D,0
-37.4989,144.6685,362.1,1,1,2014-02-09,0423,Aqua,MODIS,100,6.2,313.3,74.4,D,0
-37.4973,144.6798,369.5,1,1,2014-02-09,0423,Aqua,MODIS,100,6.2,312,98.6,D,0
-37.5213,144.8966,349.9,1,1,2014-02-09,0423,Aqua,MODIS,85,6.2,307.7,47.5,D,0
-37.523,144.8853,362.9,1,1,2014-02-09,0423,Aqua,MODIS,100,6.2,304.9,80.2,D,0
-37.5089,144.9172,328.8,1,1,2014-02-09,0423,Aqua,MODIS,50,6.2,304.8,13,D,0
-37.5123,144.8945,378.3,1,1,2014-02-09,0423,Aqua,MODIS,100,6.2,305.4,131.8,D,0
-37.514,144.8831,367.2,1,1,2014-02-09,0423,Aqua,MODIS,100,6.2,299.4,93.3,D,0
-37.5016,144.9037,362.9,1,1,2014-02-09,0423,Aqua,MODIS,100,6.2,305.7,78.8,D,0
-37.5033,144.8923,349.6,1,1,2014-02-09,0423,Aqua,MODIS,94,6.2,296.6,47,D,0
-37.4909,144.9129,358.5,1,1,2014-02-09,0423,Aqua,MODIS,99,6.2,302.7,69.4,D,0
-37.4926,144.9016,407.3,1,1,2014-02-09,0423,Aqua,MODIS,100,6.2,308.2,285.6,D,0
-37.4942,144.8902,352,1,1,2014-02-09,0423,Aqua,MODIS,95,6.2,297.7,53.4,D,0
-37.4802,144.9221,331.5,1,1,2014-02-09,0423,Aqua,MODIS,61,6.2,292.8,19.4,D,0
-37.4819,144.9107,389.7,1,1,2014-02-09,0423,Aqua,MODIS,100,6.2,303.1,185.3,D,0
-37.4836,144.8994,364.4,1,1,2014-02-09,0423,Aqua,MODIS,100,6.2,303.7,85.5,D,0
-37.4729,144.9086,373.4,1,1,2014-02-09,0423,Aqua,MODIS,100,6.2,297,116.9,D,0
-37.5129,144.6366,354.5,1,1,2014-02-09,0423,Aqua,MODIS,76,6.2,313.3,52.4,D,0
-37.5079,144.6706,334.5,1,1,2014-02-09,0423,Aqua,MODIS,64,6.2,311.6,17.2,D,0
-37.5063,144.6819,337.8,1,1,2014-02-09,0423,Aqua,MODIS,80,6.2,310.1,23.1,D,0
-37.5169,144.6727,367.4,1,1,2014-02-09,0423,Aqua,MODIS,100,6.2,312.4,90.3,D,0
-37.5153,144.684,376.7,1,1,2014-02-09,0423,Aqua,MODIS,100,6.2,310.9,123.4,D,0
-37.5276,144.6635,336.2,1,1,2014-02-09,0423,Aqua,MODIS,72,6.2,309.3,19.2,D,0
-38.5288,146.5028,412.1,1.1,1,2014-02-09,0423,Aqua,MODIS,100,6.2,317.5,347.2,D,0
-38.5008,146.5581,341.8,1.1,1,2014-02-09,0423,Aqua,MODIS,87,6.2,292.9,40,D,0
-38.5491,146.496,343.2,1.1,1,2014-02-09,0423,Aqua,MODIS,92,6.2,300.2,44.6,D,0
-38.5322,146.5418,388.9,1.1,1,2014-02-09,0423,Aqua,MODIS,100,6.2,309.3,195.3,D,0
-38.2689,146.3291,357.4,1,1,2014-02-09,0423,Aqua,MODIS,93,6.2,302.1,75.6,D,0
-38.2429,146.3723,333.3,1.1,1,2014-02-09,0423,Aqua,MODIS,65,6.2,294.8,24,D,0
-38.5138,146.5367,464.6,1.1,1,2014-02-09,0423,Aqua,MODIS,100,6.2,319.1,982.9,D,0
-38.5467,146.5709,363.8,1.1,1,2014-02-09,0423,Aqua,MODIS,100,6.2,302.1,95.9,D,0
-38.5486,146.5588,342.8,1.1,1,2014-02-09,0423,Aqua,MODIS,91,6.2,301.4,42.1,D,0
-38.5525,146.5347,337.2,1.1,1,2014-02-09,0423,Aqua,MODIS,88,6.2,301.7,34,D,0
-38.5375,146.5683,339.8,1.1,1,2014-02-09,0423,Aqua,MODIS,84,6.2,298.1,35.1,D,0
-38.5395,146.5563,352.4,1.1,1,2014-02-09,0423,Aqua,MODIS,96,6.2,301.6,63,D,0
-38.5414,146.5442,363.1,1.1,1,2014-02-09,0423,Aqua,MODIS,100,6.2,304.2,92.7,D,0
-38.5433,146.5321,375.5,1.1,1,2014-02-09,0423,Aqua,MODIS,100,6.2,311.2,137.4,D,0
-38.5452,146.5201,347.5,1.1,1,2014-02-09,0423,Aqua,MODIS,94,6.2,304.9,51.2,D,0
-38.5471,146.508,368.4,1.1,1,2014-02-09,0423,Aqua,MODIS,100,6.2,305.6,110.3,D,0
-38.5264,146.578,342.9,1.1,1,2014-02-09,0423,Aqua,MODIS,90,6.2,294.2,42.2,D,0
-38.5283,146.5658,407.6,1.1,1,2014-02-09,0423,Aqua,MODIS,100,6.2,308.1,316.8,D,0
-38.5303,146.5538,419.9,1.1,1,2014-02-09,0423,Aqua,MODIS,100,6.2,319.7,414.5,D,0
-38.5341,146.5296,378.9,1.1,1,2014-02-09,0423,Aqua,MODIS,100,6.2,307.8,148,D,0
-38.5361,146.5174,372.1,1.1,1,2014-02-09,0423,Aqua,MODIS,100,6.2,312,122.3,D,0
-38.538,146.5054,365.4,1.1,1,2014-02-09,0423,Aqua,MODIS,100,6.2,308.4,98.2,D,0
-38.5153,146.5876,319.7,1.1,1,2014-02-09,0423,Aqua,MODIS,33,6.2,289,10.2,D,0
-38.5172,146.5754,408.7,1.1,1,2014-02-09,0423,Aqua,MODIS,100,6.2,295.2,325.4,D,0
-38.5191,146.5633,502.4,1.1,1,2014-02-09,0423,Aqua,MODIS,100,6.2,334.7,1792.2,D,0
-38.5211,146.5511,458.8,1.1,1,2014-02-09,0423,Aqua,MODIS,100,6.2,327.6,886.9,D,0
-38.523,146.5392,443.2,1.1,1,2014-02-09,0423,Aqua,MODIS,100,6.2,323.4,664.1,D,0
-38.5249,146.5272,416.9,1.1,1,2014-02-09,0423,Aqua,MODIS,100,6.2,316.4,386.5,D,0
-38.5269,146.5151,426,1.1,1,2014-02-09,0423,Aqua,MODIS,100,6.2,322.9,471.1,D,0
-38.5307,146.4908,338.6,1.1,1,2014-02-09,0423,Aqua,MODIS,68,6.2,293.7,33.6,D,0
-38.51,146.5607,476.3,1.1,1,2014-02-09,0423,Aqua,MODIS,100,6.2,314.2,1195.4,D,0
-38.5119,146.5486,477.1,1.1,1,2014-02-09,0423,Aqua,MODIS,100,6.2,322.7,1212.5,D,0
-38.5158,146.5245,457.4,1.1,1,2014-02-09,0423,Aqua,MODIS,100,6.2,320.1,867.2,D,0
-38.5177,146.5124,447.2,1.1,1,2014-02-09,0423,Aqua,MODIS,100,6.2,317.4,716.5,D,0
-38.5196,146.5005,386.3,1.1,1,2014-02-09,0423,Aqua,MODIS,100,6.2,302.9,184.8,D,0
-38.5046,146.5341,333.8,1.1,1,2014-02-09,0423,Aqua,MODIS,45,6.2,296.6,26.2,D,0
-38.5066,146.522,327.8,1.1,1,2014-02-09,0423,Aqua,MODIS,49,6.2,295,19.2,D,0
-38.5027,146.5459,343.4,1.1,1,2014-02-09,0423,Aqua,MODIS,92,6.2,294.6,43.1,D,0
-38.5506,146.5467,335.3,1.1,1,2014-02-09,0423,Aqua,MODIS,87,6.2,301.1,29.8,D,0
-38.293,146.2979,408.5,1,1,2014-02-09,0423,Aqua,MODIS,100,6.2,309.9,316.8,D,0
-38.2819,146.3076,340.5,1,1,2014-02-09,0423,Aqua,MODIS,84,6.2,301.3,36,D,0
-38.2125,146.4084,337.5,1.1,1,2014-02-09,0423,Aqua,MODIS,85,6.2,294,30.3,D,0
-38.2219,146.3486,332.7,1,1,2014-02-09,0423,Aqua,MODIS,58,6.2,299.7,24.5,D,0
-38.2014,146.4179,421.2,1.1,1,2014-02-09,0423,Aqua,MODIS,100,6.2,308,426,D,0
-38.2127,146.3463,326.7,1,1,2014-02-09,0423,Aqua,MODIS,57,6.2,294.4,15.4,D,0
-38.2146,146.3342,382.6,1,1,2014-02-09,0423,Aqua,MODIS,100,6.2,307,164.8,D,0
-38.1902,146.4275,383.4,1.1,1,2014-02-09,0423,Aqua,MODIS,100,6.2,295.7,170.9,D,0
-38.1922,146.4155,472.3,1.1,1,2014-02-09,0423,Aqua,MODIS,100,6.2,320.3,1117.5,D,0
-38.183,146.4131,331.2,1.1,1,2014-02-09,0423,Aqua,MODIS,58,6.2,297.1,21.7,D,0
-38.5399,146.4934,348.7,1.1,1,2014-02-09,0423,Aqua,MODIS,95,6.2,300.7,54.4,D,0
-37.1451,148.5723,327.3,1.3,1.1,2014-02-09,0423,Aqua,MODIS,74,6.2,305.8,17.5,D,0
-37.1476,148.5586,381.1,1.3,1.1,2014-02-09,0423,Aqua,MODIS,100,6.2,316.4,213.4,D,0
-37.1502,148.5442,408.1,1.3,1.1,2014-02-09,0423,Aqua,MODIS,100,6.2,325.4,430.5,D,0
-37.1377,148.5544,337.8,1.3,1.1,2014-02-09,0423,Aqua,MODIS,86,6.2,308.4,37.8,D,0
-37.1402,148.541,349.6,1.3,1.1,2014-02-09,0423,Aqua,MODIS,94,6.2,309.9,68.2,D,0
-37.1426,148.5275,336.6,1.3,1.1,2014-02-09,0423,Aqua,MODIS,85,6.2,309,32.1,D,0
-37.1453,148.5128,366.3,1.3,1.1,2014-02-09,0423,Aqua,MODIS,100,6.2,311.3,130.9,D,0
-37.1482,148.497,426.6,1.3,1.1,2014-02-09,0423,Aqua,MODIS,100,6.2,328.8,643.7,D,0
-37.1353,148.5091,326.9,1.3,1.1,2014-02-09,0423,Aqua,MODIS,73,6.2,307.7,14.9,D,0
-37.1381,148.4939,385.5,1.3,1.1,2014-02-09,0423,Aqua,MODIS,100,6.2,316.1,237.6,D,0
-37.141,148.4783,346.8,1.3,1.1,2014-02-09,0423,Aqua,MODIS,92,6.2,310.8,55.7,D,0
-37.1436,148.4636,349.7,1.3,1.1,2014-02-09,0423,Aqua,MODIS,94,6.2,310.9,62.9,D,0
-37.128,148.491,347.7,1.3,1.1,2014-02-09,0423,Aqua,MODIS,82,6.2,311.7,56.2,D,0
-37.1308,148.4758,340.3,1.3,1.1,2014-02-09,0423,Aqua,MODIS,52,6.2,312.5,34.4,D,0
-37.1334,148.4615,380.5,1.3,1.1,2014-02-09,0423,Aqua,MODIS,100,6.2,318,196.1,D,0
-37.1232,148.4595,344.9,1.3,1.1,2014-02-09,0423,Aqua,MODIS,55,6.2,316.1,40.8,D,0
-37.1257,148.4458,357,1.3,1.1,2014-02-09,0423,Aqua,MODIS,98,6.2,315.6,81.2,D,0
-37.1221,148.4842,337.3,1.3,1.1,2014-02-09,0423,Aqua,MODIS,42,6.2,312.4,27.9,D,0
-37.117,148.4534,335.3,1.3,1.1,2014-02-09,0423,Aqua,MODIS,77,6.2,316.2,19.5,D,0
-37.1195,148.4392,334,1.3,1.1,2014-02-09,0423,Aqua,MODIS,62,6.2,315.7,15.7,D,0
-37.1359,148.4476,343.6,1.3,1.1,2014-02-09,0423,Aqua,MODIS,90,6.2,314,44,D,0
-37.1093,148.4375,343.5,1.3,1.1,2014-02-09,0423,Aqua,MODIS,85,6.2,318.1,36.5,D,0
-37.1272,148.4554,355.8,1.3,1.1,2014-02-09,0423,Aqua,MODIS,97,6.2,317.1,74.6,D,0
-38.2949,146.2859,379,1,1,2014-02-09,0423,Aqua,MODIS,100,6.2,308.1,149.6,D,0
-38.2165,146.3221,357.1,1,1,2014-02-09,0423,Aqua,MODIS,98,6.2,305.1,72.9,D,0
-38.2238,146.3366,348.8,1,1,2014-02-09,0423,Aqua,MODIS,85,6.2,304.8,53,D,0
-38.304,146.2883,348.3,1,1,2014-02-09,0423,Aqua,MODIS,94,6.2,298.4,53.4,D,0
-37.3195,148.4186,372.4,1.3,1.1,2014-02-09,0423,Aqua,MODIS,100,6.2,316.4,157.2,D,0
-37.1815,148.3715,386.7,1.3,1.1,2014-02-09,0423,Aqua,MODIS,100,6.2,317,239,D,0
-37.4668,148.2809,414.4,1.3,1.1,2014-02-09,0423,Aqua,MODIS,100,6.2,330,464.4,D,0
-37.1681,148.5045,395.4,1.3,1.1,2014-02-09,0423,Aqua,MODIS,100,6.2,324.4,309.8,D,0
-37.2444,148.3669,370.4,1.3,1.1,2014-02-09,0423,Aqua,MODIS,100,6.2,318.5,143.8,D,0
-37.1838,148.3586,375.4,1.3,1.1,2014-02-09,0423,Aqua,MODIS,100,6.2,317.8,168.5,D,0
-37.436,148.5105,494.9,1.3,1.1,2014-02-09,0423,Aqua,MODIS,100,6.2,400.1,2141.6,D,0
-37.9042,145.7756,322.1,1,1,2014-02-09,0423,Aqua,MODIS,27,6.2,292.8,14.5,D,0
-37.8969,145.7618,357.4,1,1,2014-02-09,0423,Aqua,MODIS,98,6.2,300.8,75.6,D,0
-37.2645,148.3725,371.3,1.3,1.1,2014-02-09,0423,Aqua,MODIS,100,6.2,315.9,149.3,D,0
-37.2419,148.3808,376.9,1.3,1.1,2014-02-09,0423,Aqua,MODIS,100,6.2,318.7,176.9,D,0
-37.2564,148.417,368.4,1.3,1.1,2014-02-09,0423,Aqua,MODIS,100,6.2,315.3,133.5,D,0
-37.252,148.3829,435.4,1.3,1.1,2014-02-09,0423,Aqua,MODIS,100,6.2,400.1,752.8,D,0
-37.2492,148.3986,375.4,1.3,1.1,2014-02-09,0423,Aqua,MODIS,100,6.2,320.7,167,D,0
-37.1934,148.4819,366.3,1.3,1.1,2014-02-09,0423,Aqua,MODIS,100,6.2,302,128.9,D,0
-37.4817,148.3144,449.8,1.3,1.1,2014-02-09,0423,Aqua,MODIS,100,6.2,342.3,967.6,D,0
-37.269,148.4056,399.9,1.3,1.1,2014-02-09,0423,Aqua,MODIS,100,6.2,324.1,339.7,D,0
-37.9023,145.7874,325.6,1,1,2014-02-09,0423,Aqua,MODIS,23,6.2,292.6,18,D,0
-37.7375,147.2538,342.4,1.1,1.1,2014-02-09,0423,Aqua,MODIS,86,6.2,315.4,35.1,D,0
-37.7543,147.2719,362.2,1.1,1.1,2014-02-09,0423,Aqua,MODIS,100,6.2,312.7,84.2,D,0
-37.7659,147.2617,501.9,1.1,1.1,2014-02-09,0423,Aqua,MODIS,100,6.2,400.1,1949.7,D,0
-37.5216,148.3255,476.5,1.3,1.1,2014-02-09,0423,Aqua,MODIS,100,6.2,400.1,1549.9,D,0
-37.5091,148.337,451.9,1.3,1.1,2014-02-09,0423,Aqua,MODIS,100,6.2,400.1,1009.8,D,0
-37.2994,148.4125,366.4,1.3,1.1,2014-02-09,0423,Aqua,MODIS,100,6.2,310.6,126.8,D,0
-37.1708,148.4895,420.3,1.3,1.1,2014-02-09,0423,Aqua,MODIS,100,6.2,326.4,559.8,D,0
-37.1916,148.4325,364.5,1.3,1.1,2014-02-09,0423,Aqua,MODIS,100,6.2,308.9,116.6,D,0
-37.4386,148.496,463.6,1.3,1.1,2014-02-09,0423,Aqua,MODIS,100,6.2,400.1,1286.5,D,0
-37.7564,147.2591,473.3,1.1,1.1,2014-02-09,0423,Aqua,MODIS,100,6.2,400.1,1245.9,D,0
-37.4444,148.2889,344.7,1.3,1.1,2014-02-09,0423,Aqua,MODIS,91,6.2,317.3,46.3,D,0
-37.179,148.4436,429.7,1.3,1.1,2014-02-09,0423,Aqua,MODIS,100,6.2,319.7,676.8,D,0
-37.447,148.2748,331.9,1.3,1.1,2014-02-09,0423,Aqua,MODIS,45,6.2,316.5,18.8,D,0
-37.3184,148.4088,355.7,1.3,1.1,2014-02-09,0423,Aqua,MODIS,97,6.2,312.1,86,D,0
-37.5287,148.3327,503.2,1.3,1.1,2014-02-09,0423,Aqua,MODIS,100,6.2,400.1,2337.6,D,0
-37.7638,147.2746,459.1,1.1,1.1,2014-02-09,0423,Aqua,MODIS,100,6.2,318.6,975.3,D,0
-37.1816,148.4292,373.6,1.3,1.1,2014-02-09,0423,Aqua,MODIS,100,6.2,308.8,160.7,D,0
-37.2238,148.371,348.4,1.3,1.1,2014-02-09,0423,Aqua,MODIS,93,6.2,311.1,59.3,D,0
-37.1663,148.3386,349.2,1.3,1.1,2014-02-09,0423,Aqua,MODIS,94,6.2,317.2,61.8,D,0
-37.1578,148.5611,416.5,1.3,1.1,2014-02-09,0423,Aqua,MODIS,100,6.2,325.1,525,D,0
-37.4308,148.5396,501.8,1.3,1.1,2014-02-09,0423,Aqua,MODIS,100,6.2,400.1,2383.4,D,0
-37.3535,148.4483,365.9,1.3,1.1,2014-02-09,0423,Aqua,MODIS,100,6.2,312.1,130.8,D,0
-37.2918,148.3961,389.3,1.3,1.1,2014-02-09,0423,Aqua,MODIS,100,6.2,319.5,256,D,0
-37.747,147.2565,405.7,1.1,1.1,2014-02-09,0423,Aqua,MODIS,100,6.2,323.4,322.2,D,0
-37.4009,148.4708,382.1,1.3,1.1,2014-02-09,0423,Aqua,MODIS,100,6.2,321,210,D,0
-37.2339,148.3732,359.4,1.3,1.1,2014-02-09,0423,Aqua,MODIS,99,6.2,316.7,96.2,D,0
-37.7619,145.1912,318.6,1,1,2014-02-09,0423,Aqua,MODIS,41,6.2,302.2,5.9,D,0
-37.297,148.4261,348.1,1.3,1.1,2014-02-09,0423,Aqua,MODIS,93,6.2,304.3,62.4,D,0
-37.2181,148.5693,358.8,1.3,1.1,2014-02-09,0423,Aqua,MODIS,99,6.2,298.7,108.7,D,0
-37.1763,148.3414,368.2,1.3,1.1,2014-02-09,0423,Aqua,MODIS,100,6.2,319.1,132.4,D,0
-37.4867,148.2864,335.7,1.3,1.1,2014-02-09,0423,Aqua,MODIS,81,6.2,315.1,27.5,D,0
-37.4742,148.3565,328.9,1.3,1.1,2014-02-09,0423,Aqua,MODIS,70,6.2,310.4,13.3,D,0
-37.1654,148.5193,416.4,1.3,1.1,2014-02-09,0423,Aqua,MODIS,100,6.2,321.6,517.5,D,0
-37.159,148.4373,338.5,1.3,1.1,2014-02-09,0423,Aqua,MODIS,86,6.2,310,32.2,D,0
-37.4618,148.3084,429.8,1.3,1.1,2014-02-09,0423,Aqua,MODIS,100,6.2,400.1,652,D,0
-37.174,148.3546,333.8,1.3,1.1,2014-02-09,0423,Aqua,MODIS,58,6.2,312,21.1,D,0
-37.4941,148.3626,460.9,1.3,1.1,2014-02-09,0423,Aqua,MODIS,100,6.2,317.8,1194.5,D,0
-37.4034,148.4645,363.3,1.3,1.1,2014-02-09,0423,Aqua,MODIS,100,6.2,319.3,116.3,D,0
-37.4842,148.3002,449.6,1.3,1.1,2014-02-09,0423,Aqua,MODIS,100,6.2,400.1,966.4,D,0
-37.1757,148.5214,456.1,1.3,1.1,2014-02-09,0423,Aqua,MODIS,100,6.2,327.6,1152.1,D,0
-37.3384,148.4733,434.3,1.3,1.1,2014-02-09,0423,Aqua,MODIS,100,6.2,329.3,751.9,D,0
-37.2137,148.3682,404.1,1.3,1.1,2014-02-09,0423,Aqua,MODIS,100,6.2,317.6,374.2,D,0
-37.2868,148.424,395.2,1.3,1.1,2014-02-09,0423,Aqua,MODIS,100,6.2,310.8,304.8,D,0
-37.1913,148.3758,359.1,1.3,1.1,2014-02-09,0423,Aqua,MODIS,99,6.2,314.2,96.7,D,0
-37.1637,148.4698,387.5,1.3,1.1,2014-02-09,0423,Aqua,MODIS,100,6.2,312.9,245.7,D,0
-37.2207,148.5553,345.7,1.3,1.1,2014-02-09,0423,Aqua,MODIS,83,6.2,297.2,63.1,D,0
-37.2106,148.5522,346.5,1.3,1.1,2014-02-09,0423,Aqua,MODIS,75,6.2,295.3,66.5,D,0
-37.4966,148.3484,500.3,1.3,1.1,2014-02-09,0423,Aqua,MODIS,100,6.2,400.1,2252.2,D,0
-37.5116,148.3227,471.2,1.3,1.1,2014-02-09,0423,Aqua,MODIS,100,6.2,400.1,1418.3,D,0
-37.4942,148.3029,427.3,1.3,1.1,2014-02-09,0423,Aqua,MODIS,100,6.2,338.8,619.7,D,0
-37.5312,148.3186,406.6,1.3,1.1,2014-02-09,0423,Aqua,MODIS,100,6.2,319.5,387.1,D,0
-37.341,148.4593,363.7,1.3,1.1,2014-02-09,0423,Aqua,MODIS,100,6.2,315,122.3,D,0
-37.353,148.51,351.5,1.3,1.1,2014-02-09,0423,Aqua,MODIS,95,6.2,303.2,78.1,D,0
-37.4916,148.3766,353.2,1.3,1.1,2014-02-09,0423,Aqua,MODIS,96,6.2,302.6,72.4,D,0
-37.4055,148.562,396.5,1.3,1.1,2014-02-09,0423,Aqua,MODIS,100,6.2,302.3,322.6,D,0
-37.4494,148.3194,403.1,1.3,1.1,2014-02-09,0423,Aqua,MODIS,100,6.2,320.5,356.5,D,0
-37.4991,148.3937,342.2,1.3,1.1,2014-02-09,0423,Aqua,MODIS,90,6.2,299.2,41.3,D,0
-37.173,148.5362,399.8,1.3,1.1,2014-02-09,0423,Aqua,MODIS,100,6.2,316.3,352.9,D,0
-37.2768,148.4213,357.4,1.3,1.1,2014-02-09,0423,Aqua,MODIS,98,6.2,310,93.5,D,0
-37.2137,148.4274,346.3,1.3,1.1,2014-02-09,0423,Aqua,MODIS,92,6.2,315.4,50.6,D,0
-37.2039,148.423,386.9,1.3,1.1,2014-02-09,0423,Aqua,MODIS,100,6.2,317.4,237.5,D,0
-37.511,148.3725,502.2,1.3,1.1,2014-02-09,0423,Aqua,MODIS,100,6.2,400.1,2320.3,D,0
-37.1941,148.4189,337.4,1.3,1.1,2014-02-09,0423,Aqua,MODIS,68,6.2,306.8,28.4,D,0
-37.3808,148.4731,356.2,1.3,1.1,2014-02-09,0423,Aqua,MODIS,98,6.2,316,91,D,0
-37.4917,148.3172,446,1.3,1.1,2014-02-09,0423,Aqua,MODIS,100,6.2,400.1,899.7,D,0
-37.4207,148.5364,453.4,1.3,1.1,2014-02-09,0423,Aqua,MODIS,100,6.2,338.2,1080.5,D,0
-37.1552,148.5758,437.9,1.3,1.1,2014-02-09,0423,Aqua,MODIS,100,6.2,320.4,827.7,D,0
-37.5017,148.3199,428.7,1.3,1.1,2014-02-09,0423,Aqua,MODIS,100,6.2,339.6,639.4,D,0
-37.321,148.4525,356.1,1.3,1.1,2014-02-09,0423,Aqua,MODIS,98,6.2,304.5,90.6,D,0
-37.1691,148.4403,432.3,1.3,1.1,2014-02-09,0423,Aqua,MODIS,100,6.2,320.2,716.4,D,0
-37.5041,148.3654,478.9,1.3,1.1,2014-02-09,0423,Aqua,MODIS,100,6.2,335.3,1619.8,D,0
-37.5184,148.3893,488.3,1.3,1.1,2014-02-09,0423,Aqua,MODIS,100,6.2,323.6,1889,D,0
-37.5058,148.4008,361,1.3,1.1,2014-02-09,0423,Aqua,MODIS,100,6.2,293,102.2,D,0
-37.3462,148.4303,365,1.3,1.1,2014-02-09,0423,Aqua,MODIS,100,6.2,311.3,126.9,D,0
-37.1842,148.4152,340.2,1.3,1.1,2014-02-09,0423,Aqua,MODIS,88,6.2,308.2,39.1,D,0
-37.5461,148.3525,398.1,1.3,1.1,2014-02-09,0423,Aqua,MODIS,100,6.2,306.9,313.8,D,0
-37.5411,148.3216,337,1.3,1.1,2014-02-09,0423,Aqua,MODIS,78,6.2,310.3,27.9,D,0
-37.3556,148.4954,404.9,1.3,1.1,2014-02-09,0423,Aqua,MODIS,100,6.2,317.6,397.3,D,0
-37.4182,148.5506,504.3,1.3,1.1,2014-02-09,0423,Aqua,MODIS,100,6.2,400.1,2480.3,D,0
-37.3682,148.4844,378.2,1.3,1.1,2014-02-09,0423,Aqua,MODIS,100,6.2,318.9,194.5,D,0
-37.3954,148.5589,398.1,1.3,1.1,2014-02-09,0423,Aqua,MODIS,100,6.2,303.8,332.9,D,0
-37.3857,148.5047,378.5,1.3,1.1,2014-02-09,0423,Aqua,MODIS,100,6.2,319.4,195.4,D,0
-37.5509,148.3841,384.5,1.3,1.1,2014-02-09,0423,Aqua,MODIS,87,6.2,292,219,D,0
-37.1963,148.348,388.8,1.3,1.1,2014-02-09,0423,Aqua,MODIS,100,6.2,322.1,251.8,D,0
-37.4991,148.3343,455.1,1.3,1.1,2014-02-09,0423,Aqua,MODIS,100,6.2,400.1,1071.6,D,0
-37.3967,148.0321,322.3,1.2,1.1,2014-02-09,0423,Aqua,MODIS,65,6.2,308.3,11.8,D,0
-37.4233,148.5222,453.2,1.3,1.1,2014-02-09,0423,Aqua,MODIS,100,6.2,339.7,1071.9,D,0
-37.5067,148.2917,369.3,1.3,1.1,2014-02-09,0423,Aqua,MODIS,100,6.2,317.9,135.2,D,0
-37.1908,148.4961,344.6,1.3,1.1,2014-02-09,0423,Aqua,MODIS,77,6.2,296.4,51.8,D,0
-37.5142,148.3084,464.7,1.3,1.1,2014-02-09,0423,Aqua,MODIS,100,6.2,400.1,1267.2,D,0
-37.4543,148.2921,410.7,1.3,1.1,2014-02-09,0423,Aqua,MODIS,100,6.2,332.3,423.7,D,0
-37.8951,145.7734,439.9,1,1,2014-02-09,0423,Aqua,MODIS,100,6.2,313.9,604,D,0
-37.4081,148.5477,490.2,1.3,1.1,2014-02-09,0423,Aqua,MODIS,100,6.2,339.6,2011.8,D,0
-37.4158,148.505,394.5,1.3,1.1,2014-02-09,0423,Aqua,MODIS,100,6.2,321.8,298.8,D,0
-37.4718,148.3111,428.8,1.3,1.1,2014-02-09,0423,Aqua,MODIS,100,6.2,339.6,637.7,D,0
-37.4064,148.0357,340.6,1.2,1.1,2014-02-09,0423,Aqua,MODIS,89,6.2,308.4,45,D,0
-37.4668,148.3391,393.8,1.3,1.1,2014-02-09,0423,Aqua,MODIS,100,6.2,314.8,281.5,D,0
-37.2012,148.3792,338.9,1.3,1.1,2014-02-09,0423,Aqua,MODIS,59,6.2,313.4,30.9,D,0
-37.2163,148.3535,402.5,1.3,1.1,2014-02-09,0423,Aqua,MODIS,100,6.2,321.3,358.6,D,0
-37.2717,148.3911,460.5,1.3,1.1,2014-02-09,0423,Aqua,MODIS,100,6.2,337.3,1209.2,D,0
-37.3957,148.4992,371.8,1.3,1.1,2014-02-09,0423,Aqua,MODIS,100,6.2,318.4,156,D,0
-37.4742,148.2976,436.1,1.3,1.1,2014-02-09,0423,Aqua,MODIS,100,6.2,400.1,741.7,D,0
-37.4518,148.306,432.4,1.3,1.1,2014-02-09,0423,Aqua,MODIS,100,6.2,337.8,685.8,D,0
-37.2666,148.4192,366.3,1.3,1.1,2014-02-09,0423,Aqua,MODIS,100,6.2,317.3,127.6,D,0
-37.3983,148.4848,372.2,1.3,1.1,2014-02-09,0423,Aqua,MODIS,100,6.2,319.5,155.6,D,0
-37.4967,148.2892,361.2,1.3,1.1,2014-02-09,0423,Aqua,MODIS,100,6.2,317.7,101.6,D,0
-37.2037,148.3654,432.9,1.3,1.1,2014-02-09,0423,Aqua,MODIS,100,6.2,329.8,713.6,D,0
-37.351,148.4624,354.4,1.3,1.1,2014-02-09,0423,Aqua,MODIS,97,6.2,313,86.9,D,0
-37.3782,148.4873,369.6,1.3,1.1,2014-02-09,0423,Aqua,MODIS,100,6.2,317.4,147.6,D,0
-37.311,148.4499,343.6,1.3,1.1,2014-02-09,0423,Aqua,MODIS,90,6.2,301.8,52.8,D,0
-37.4767,148.2839,362.8,1.3,1.1,2014-02-09,0423,Aqua,MODIS,100,6.2,319.2,108.6,D,0
-37.1716,148.4261,392.1,1.3,1.1,2014-02-09,0423,Aqua,MODIS,100,6.2,312.6,278.7,D,0
-37.4643,148.295,428.6,1.3,1.1,2014-02-09,0423,Aqua,MODIS,100,6.2,340.8,632.1,D,0
-37.5133,148.4174,341.1,1.3,1.1,2014-02-09,0423,Aqua,MODIS,87,6.2,295.3,42.3,D,0
-37.3583,148.4807,375.4,1.3,1.1,2014-02-09,0423,Aqua,MODIS,100,6.2,317.2,179.4,D,0
-37.4767,148.3424,404.3,1.3,1.1,2014-02-09,0423,Aqua,MODIS,100,6.2,318.5,370,D,0
-37.3285,148.4115,336.7,1.3,1.1,2014-02-09,0423,Aqua,MODIS,85,6.2,311.3,33.8,D,0
-37.2341,148.3654,360.5,1.3,1.1,2014-02-09,0423,Aqua,MODIS,100,6.2,317.3,99.8,D,0
-37.3981,148.5441,462.6,1.3,1.1,2014-02-09,0423,Aqua,MODIS,100,6.2,332.8,1281.9,D,0
-37.2064,148.3502,395.4,1.3,1.1,2014-02-09,0423,Aqua,MODIS,100,6.2,324.9,300,D,0
-37.4569,148.2778,373.5,1.3,1.1,2014-02-09,0423,Aqua,MODIS,100,6.2,321.1,152.9,D,0
-37.1937,148.3623,406.6,1.3,1.1,2014-02-09,0423,Aqua,MODIS,100,6.2,328.6,399.1,D,0
-37.404,148.0491,326.8,1.2,1.1,2014-02-09,0423,Aqua,MODIS,75,6.2,306.8,18.4,D,0
-37.5033,148.4147,342.5,1.3,1.1,2014-02-09,0423,Aqua,MODIS,90,6.2,293.3,43.5,D,0
-37.2546,148.3687,377.9,1.3,1.1,2014-02-09,0423,Aqua,MODIS,100,6.2,319.6,185,D,0
-37.3436,148.4448,356.4,1.3,1.1,2014-02-09,0423,Aqua,MODIS,98,6.2,310,92.7,D,0
-37.3931,148.5134,391.9,1.3,1.1,2014-02-09,0423,Aqua,MODIS,100,6.2,322.8,281.8,D,0
-37.4509,148.5457,357.9,1.3,1.1,2014-02-09,0423,Aqua,MODIS,91,6.2,303.9,93.7,D,0
-37.556,148.3556,335.8,1.3,1.1,2014-02-09,0423,Aqua,MODIS,68,6.2,305.4,24.5,D,0
-37.1863,148.3447,399.4,1.3,1.1,2014-02-09,0423,Aqua,MODIS,100,6.2,323,333.2,D,0
-37.5066,148.4105,340.1,1.3,1.1,2014-02-09,0423,Aqua,MODIS,88,6.2,293,37.8,D,0
-37.189,148.4471,463.3,1.3,1.1,2014-02-09,0423,Aqua,MODIS,100,6.2,327.7,1285.1,D,0
-37.1863,148.4624,463.3,1.3,1.1,2014-02-09,0423,Aqua,MODIS,100,6.2,320.4,1288.9,D,0
-37.1961,148.4666,413.7,1.3,1.1,2014-02-09,0423,Aqua,MODIS,100,6.2,310.5,479.4,D,0
-37.2065,148.4085,334.4,1.3,1.1,2014-02-09,0423,Aqua,MODIS,49,6.2,311.3,20.8,D,0
-37.5042,148.3057,442.1,1.3,1.1,2014-02-09,0423,Aqua,MODIS,100,6.2,340.3,836.9,D,0
-37.5166,148.2946,335,1.3,1.1,2014-02-09,0423,Aqua,MODIS,76,6.2,313,25.7,D,0
-37.5237,148.302,336.3,1.3,1.1,2014-02-09,0423,Aqua,MODIS,77,6.2,312.4,28.5,D,0
-37.1562,148.3361,339.1,1.3,1.1,2014-02-09,0423,Aqua,MODIS,84,6.2,314.2,35.4,D,0
-37.1736,148.4741,413.3,1.3,1.1,2014-02-09,0423,Aqua,MODIS,100,6.2,321.4,474.7,D,0
-37.1629,148.5333,346.5,1.3,1.1,2014-02-09,0423,Aqua,MODIS,74,6.2,307.6,59,D,0
-37.4286,148.4932,439.6,1.3,1.1,2014-02-09,0423,Aqua,MODIS,100,6.2,339.4,825.1,D,0
-37.4486,148.4992,347.6,1.3,1.1,2014-02-09,0423,Aqua,MODIS,93,6.2,309.9,59,D,0
-37.4084,148.4876,375,1.3,1.1,2014-02-09,0423,Aqua,MODIS,100,6.2,320.8,169.7,D,0
-37.411,148.4733,385.3,1.3,1.1,2014-02-09,0423,Aqua,MODIS,100,6.2,321.8,230.9,D,0
-37.3879,148.542,456.8,1.3,1.1,2014-02-09,0423,Aqua,MODIS,100,6.2,323.2,1156.3,D,0
-37.4594,148.3218,446.2,1.3,1.1,2014-02-09,0423,Aqua,MODIS,100,6.2,336,905.9,D,0
-37.1511,148.481,375.5,1.3,1.1,2014-02-09,0423,Aqua,MODIS,100,6.2,318.8,172.9,D,0
-37.5066,148.3511,460.1,1.3,1.1,2014-02-09,0423,Aqua,MODIS,100,6.2,400.1,1174.9,D,0
-37.5241,148.3113,397.3,1.3,1.1,2014-02-09,0423,Aqua,MODIS,100,6.2,324.6,309.5,D,0
-37.5166,148.3539,461.4,1.3,1.1,2014-02-09,0423,Aqua,MODIS,100,6.2,400.1,1201.4,D,0
-37.5116,148.3822,446.3,1.3,1.1,2014-02-09,0423,Aqua,MODIS,100,6.2,321.3,918.1,D,0
-37.4569,148.3358,349.1,1.3,1.1,2014-02-09,0423,Aqua,MODIS,94,6.2,310.5,58,D,0
-37.5486,148.3385,338.5,1.3,1.1,2014-02-09,0423,Aqua,MODIS,85,6.2,309.6,29.7,D,0
-37.2511,148.5637,336.6,1.3,1.1,2014-02-09,0423,Aqua,MODIS,85,6.2,300,44.2,D,0
-37.5213,148.3158,480.9,1.3,1.1,2014-02-09,0423,Aqua,MODIS,100,6.2,400.1,1656.9,D,0
-37.4184,148.4908,398.2,1.3,1.1,2014-02-09,0423,Aqua,MODIS,100,6.2,325.2,327.3,D,0
-37.3959,148.4475,339.8,1.3,1.1,2014-02-09,0423,Aqua,MODIS,88,6.2,311.9,41.8,D,0
-37.2792,148.4077,422.2,1.3,1.1,2014-02-09,0423,Aqua,MODIS,100,6.2,324.8,572.3,D,0
-37.1615,148.3651,341.7,1.3,1.1,2014-02-09,0423,Aqua,MODIS,83,6.2,312.1,39.8,D,0
-37.5187,148.33,506.1,1.3,1.1,2014-02-09,0423,Aqua,MODIS,100,6.2,400.1,2439.4,D,0
-37.2489,148.4583,344,1.3,1.1,2014-02-09,0423,Aqua,MODIS,89,6.2,305.8,51,D,0
-37.2513,148.4452,342.6,1.3,1.1,2014-02-09,0423,Aqua,MODIS,86,6.2,308.5,45.3,D,0
-37.1807,148.5528,385.4,1.3,1.1,2014-02-09,0423,Aqua,MODIS,94,6.2,311.4,242.3,D,0
-37.1538,148.4658,333.5,1.3,1.1,2014-02-09,0423,Aqua,MODIS,62,6.2,306.9,21.1,D,0
-37.3834,148.4582,379.4,1.3,1.1,2014-02-09,0423,Aqua,MODIS,100,6.2,318.7,198.8,D,0
-37.4259,148.5077,444.7,1.3,1.1,2014-02-09,0423,Aqua,MODIS,100,6.2,341.6,913.9,D,0
-37.4867,148.3454,445.8,1.3,1.1,2014-02-09,0423,Aqua,MODIS,100,6.2,330.7,903.3,D,0
-37.3908,148.5356,464.8,1.3,1.1,2014-02-09,0423,Aqua,MODIS,100,6.2,341.6,1329.1,D,0
-37.5608,148.3871,336.9,1.3,1.1,2014-02-09,0423,Aqua,MODIS,49,6.2,291.9,29.9,D,0
-37.4412,148.4818,336,1.3,1.1,2014-02-09,0423,Aqua,MODIS,85,6.2,313.2,30.5,D,0
-37.1741,148.4124,367.3,1.3,1.1,2014-02-09,0423,Aqua,MODIS,100,6.2,309.7,131.7,D,0
-37.1583,148.5,407.4,1.3,1.1,2014-02-09,0423,Aqua,MODIS,100,6.2,326.7,418.2,D,0
-37.2538,148.4313,337.5,1.3,1.1,2014-02-09,0423,Aqua,MODIS,68,6.2,308.6,31.1,D,0
-37.3882,148.5501,371,1.3,1.1,2014-02-09,0423,Aqua,MODIS,100,6.2,303.2,153.7,D,0
-37.4035,148.4566,344.9,1.3,1.1,2014-02-09,0423,Aqua,MODIS,91,6.2,313.8,52,D,0
-37.4107,148.5335,442.6,1.3,1.1,2014-02-09,0423,Aqua,MODIS,100,6.2,335.4,882.1,D,0
-37.4311,148.4792,357.9,1.3,1.1,2014-02-09,0423,Aqua,MODIS,99,6.2,315.9,92.6,D,0
-37.5191,148.3397,475,1.3,1.1,2014-02-09,0423,Aqua,MODIS,100,6.2,400.1,1513.7,D,0
-37.5141,148.3681,473.5,1.3,1.1,2014-02-09,0423,Aqua,MODIS,100,6.2,400.1,1484.4,D,0
-37.4009,148.4787,368.7,1.3,1.1,2014-02-09,0423,Aqua,MODIS,100,6.2,320.9,140.4,D,0
-37.2307,148.5587,320.9,1.3,1.1,2014-02-09,0423,Aqua,MODIS,24,6.2,296.5,14.5,D,0
-37.1985,148.5721,378.4,1.3,1.1,2014-02-09,0423,Aqua,MODIS,100,6.2,302.6,201.7,D,0
-37.2316,148.3791,348.4,1.3,1.1,2014-02-09,0423,Aqua,MODIS,93,6.2,311.4,57.5,D,0
-37.4693,148.325,453.5,1.3,1.1,2014-02-09,0423,Aqua,MODIS,100,6.2,400.1,1038.2,D,0
-37.2588,148.5209,359.6,1.3,1.1,2014-02-09,0423,Aqua,MODIS,99,6.2,303.9,111.6,D,0
-37.421,148.4764,383.2,1.3,1.1,2014-02-09,0423,Aqua,MODIS,100,6.2,321.8,216.7,D,0
-37.3661,148.4371,383.8,1.3,1.1,2014-02-09,0423,Aqua,MODIS,100,6.2,315.8,227.4,D,0
-37.3609,148.4658,343.6,1.3,1.1,2014-02-09,0423,Aqua,MODIS,87,6.2,311.7,54.1,D,0
-37.3336,148.4413,334.6,1.3,1.1,2014-02-09,0423,Aqua,MODIS,50,6.2,307.1,30.7,D,0
-37.4007,148.5299,430,1.3,1.1,2014-02-09,0423,Aqua,MODIS,100,6.2,332.3,687.4,D,0
-37.5161,148.3442,482.5,1.3,1.1,2014-02-09,0423,Aqua,MODIS,100,6.2,400.1,1709.9,D,0
-37.4133,148.5191,393.5,1.3,1.1,2014-02-09,0423,Aqua,MODIS,100,6.2,321.5,291.9,D,0
-37.7733,147.2771,385.2,1.1,1.1,2014-02-09,0423,Aqua,MODIS,100,6.2,310.2,186,D,0
-37.3284,148.4701,449.6,1.3,1.1,2014-02-09,0423,Aqua,MODIS,100,6.2,322.5,1011.8,D,0
-37.3636,148.451,372.1,1.3,1.1,2014-02-09,0423,Aqua,MODIS,100,6.2,313.8,160.4,D,0
-37.2894,148.41,497.3,1.3,1.1,2014-02-09,0423,Aqua,MODIS,100,6.2,400.1,2202.3,D,0
-37.8932,145.7852,447.4,1,1,2014-02-09,0423,Aqua,MODIS,100,6.2,305,697.9,D,0
-37.3484,148.4767,385.1,1.3,1.1,2014-02-09,0423,Aqua,MODIS,100,6.2,317.1,238.7,D,0
-37.4816,148.3737,334.8,1.3,1.1,2014-02-09,0423,Aqua,MODIS,84,6.2,306.6,23.1,D,0
-37.5016,148.3796,395.2,1.3,1.1,2014-02-09,0423,Aqua,MODIS,100,6.2,303.6,293.2,D,0
-37.5091,148.3965,356.4,1.3,1.1,2014-02-09,0423,Aqua,MODIS,98,6.2,295.2,84.8,D,0
-37.7681,147.249,413.9,1.1,1.1,2014-02-09,0423,Aqua,MODIS,100,6.2,328,389.8,D,0
-37.3806,148.5333,467.3,1.3,1.1,2014-02-09,0423,Aqua,MODIS,100,6.2,326.6,1389.7,D,0
-37.5159,148.4036,368.2,1.3,1.1,2014-02-09,0423,Aqua,MODIS,100,6.2,295.9,133.5,D,0
-37.4059,148.5017,377.2,1.3,1.1,2014-02-09,0423,Aqua,MODIS,100,6.2,319.7,183.8,D,0
-37.5386,148.3358,419.1,1.3,1.1,2014-02-09,0423,Aqua,MODIS,100,6.2,319,519,D,0
-37.5361,148.3495,503.8,1.3,1.1,2014-02-09,0423,Aqua,MODIS,100,6.2,336.5,2363.2,D,0
-37.3905,148.5276,480.9,1.3,1.1,2014-02-09,0423,Aqua,MODIS,100,6.2,400.1,1735.7,D,0
-37.5236,148.361,503.4,1.3,1.1,2014-02-09,0423,Aqua,MODIS,100,6.2,400.1,2356.2,D,0
-37.5136,148.3582,480.7,1.3,1.1,2014-02-09,0423,Aqua,MODIS,100,6.2,400.1,1663.3,D,0
-37.5084,148.3866,408.2,1.3,1.1,2014-02-09,0423,Aqua,MODIS,100,6.2,303.7,408.7,D,0
-37.2079,148.5669,455.4,1.3,1.1,2014-02-09,0423,Aqua,MODIS,100,6.2,320.5,1151,D,0
-37.2612,148.5669,326,1.3,1.1,2014-02-09,0423,Aqua,MODIS,66,6.2,299.1,25.2,D,0
-37.3457,148.4917,373.7,1.3,1.1,2014-02-09,0423,Aqua,MODIS,100,6.2,307,172.6,D,0
-37.1782,148.5662,395,1.3,1.1,2014-02-09,0423,Aqua,MODIS,100,6.2,318.5,316.1,D,0
-37.5261,148.3468,503.4,1.3,1.1,2014-02-09,0423,Aqua,MODIS,100,6.2,400.1,2350,D,0
-37.201,148.5582,376.1,1.3,1.1,2014-02-09,0423,Aqua,MODIS,87,6.2,304.7,187.9,D,0
-37.3121,148.4603,349.1,1.3,1.1,2014-02-09,0423,Aqua,MODIS,71,6.2,299.1,69.6,D,0
-37.5534,148.3698,366.3,1.3,1.1,2014-02-09,0423,Aqua,MODIS,100,6.2,299.5,118.8,D,0
-37.3094,148.4157,364.3,1.3,1.1,2014-02-09,0423,Aqua,MODIS,100,6.2,312.8,118.3,D,0
-37.4033,148.5158,382.9,1.3,1.1,2014-02-09,0423,Aqua,MODIS,100,6.2,319.9,218.3,D,0
-37.3159,148.4227,373.8,1.3,1.1,2014-02-09,0423,Aqua,MODIS,100,6.2,313.1,164.2,D,0
-37.3735,148.4544,354.2,1.3,1.1,2014-02-09,0423,Aqua,MODIS,97,6.2,313.9,85,D,0
-37.1978,148.564,367.4,1.3,1.1,2014-02-09,0423,Aqua,MODIS,94,6.2,299.4,143.9,D,0
-37.1791,148.3844,339.1,1.3,1.1,2014-02-09,0423,Aqua,MODIS,87,6.2,308.1,35.5,D,0
-37.307,148.4292,334.7,1.3,1.1,2014-02-09,0423,Aqua,MODIS,74,6.2,303.7,28,D,0
-37.4256,148.5683,422,1.3,1.1,2014-02-09,0423,Aqua,MODIS,100,6.2,309.7,580.8,D,0
-37.446,148.514,383,1.3,1.1,2014-02-09,0423,Aqua,MODIS,100,6.2,313.8,217.6,D,0
-37.1617,148.4226,341.5,1.3,1.1,2014-02-09,0423,Aqua,MODIS,89,6.2,309.2,40.8,D,0
-37.1654,148.5781,501.8,1.3,1.1,2014-02-09,0423,Aqua,MODIS,100,6.2,400.1,2445.9,D,0
-37.2817,148.3936,387,1.3,1.1,2014-02-09,0423,Aqua,MODIS,100,6.2,318,240.3,D,0
-37.1988,148.4515,398.8,1.3,1.1,2014-02-09,0423,Aqua,MODIS,100,6.2,313,331.8,D,0
-37.1834,148.4784,405.8,1.3,1.1,2014-02-09,0423,Aqua,MODIS,100,6.2,316.7,397.5,D,0
-37.4841,148.3596,382.7,1.3,1.1,2014-02-09,0423,Aqua,MODIS,100,6.2,308.7,206.5,D,0
-37.3261,148.425,360.5,1.3,1.1,2014-02-09,0423,Aqua,MODIS,100,6.2,314.1,105.2,D,0
-37.161,148.4851,398.3,1.3,1.1,2014-02-09,0423,Aqua,MODIS,100,6.2,323,330.9,D,0
-37.3708,148.4697,346.9,1.3,1.1,2014-02-09,0423,Aqua,MODIS,93,6.2,312.9,62.4,D,0
-37.2619,148.3869,433.1,1.3,1.1,2014-02-09,0423,Aqua,MODIS,100,6.2,333.6,717.8,D,0
-37.2465,148.4133,342.5,1.3,1.1,2014-02-09,0423,Aqua,MODIS,83,6.2,310.2,38.5,D,0
-37.2591,148.4021,378.8,1.3,1.1,2014-02-09,0423,Aqua,MODIS,100,6.2,321.1,187.9,D,0
-37.1554,148.516,398.3,1.3,1.1,2014-02-09,0423,Aqua,MODIS,100,6.2,322.1,335,D,0
-37.1529,148.5297,379.2,1.3,1.1,2014-02-09,0423,Aqua,MODIS,100,6.2,317.2,199,D,0
-37.331,148.4559,381.3,1.3,1.1,2014-02-09,0423,Aqua,MODIS,100,6.2,312,211.8,D,0
-37.8191,147.3232,373.3,1.1,1.1,2014-02-09,0423,Aqua,MODIS,75,6.2,300.1,135.7,D,0
-37.2258,148.5858,326,1.3,1.1,2014-02-09,0423,Aqua,MODIS,46,6.2,295.5,24.4,D,0
-37.2615,148.506,351.5,1.3,1.1,2014-02-09,0423,Aqua,MODIS,95,6.2,304.6,82.2,D,0
-37.3861,148.4434,400.9,1.3,1.1,2014-02-09,0423,Aqua,MODIS,100,6.2,322.2,354.1,D,0
-37.4155,148.5652,421.6,1.3,1.1,2014-02-09,0423,Aqua,MODIS,100,6.2,308.3,580.1,D,0
-37.3958,148.5072,367.1,1.3,1.1,2014-02-09,0423,Aqua,MODIS,99,6.2,318.9,135.3,D,0
-37.363,148.5133,397.5,1.3,1.1,2014-02-09,0423,Aqua,MODIS,100,6.2,310.1,333.2,D,0
-37.1665,148.4547,342.8,1.3,1.1,2014-02-09,0423,Aqua,MODIS,79,6.2,306.2,41.7,D,0
-37.3361,148.4276,363.6,1.3,1.1,2014-02-09,0423,Aqua,MODIS,100,6.2,312.1,120.4,D,0
-37.3762,148.4397,343,1.3,1.1,2014-02-09,0423,Aqua,MODIS,90,6.2,310.4,52.4,D,0
-37.3656,148.499,410.1,1.3,1.1,2014-02-09,0423,Aqua,MODIS,100,6.2,323,447.6,D,0
-37.3561,148.4339,384.9,1.3,1.1,2014-02-09,0423,Aqua,MODIS,100,6.2,315,233.7,D,0
-37.4028,148.5768,336.5,1.3,1.1,2014-02-09,0423,Aqua,MODIS,80,6.2,292.6,31.2,D,0
-37.2715,148.5094,337.9,1.3,1.1,2014-02-09,0423,Aqua,MODIS,86,6.2,304.2,45.8,D,0
-37.3831,148.519,461.3,1.3,1.1,2014-02-09,0423,Aqua,MODIS,100,6.2,400.1,1249.9,D,0
-37.4281,148.5542,502.8,1.3,1.1,2014-02-09,0423,Aqua,MODIS,100,6.2,400.1,2426.5,D,0
-37.2053,148.5809,373.3,1.3,1.1,2014-02-09,0423,Aqua,MODIS,100,6.2,299.7,173.2,D,0
-37.3183,148.4675,368.1,1.3,1.1,2014-02-09,0423,Aqua,MODIS,94,6.2,298.8,145.1,D,0
-37.7586,147.2463,441.9,1.1,1.1,2014-02-09,0423,Aqua,MODIS,100,6.2,340.2,707.2,D,0
-37.2392,148.3954,337.2,1.3,1.1,2014-02-09,0423,Aqua,MODIS,65,6.2,310.4,26.5,D,0
-37.3984,148.4928,361.1,1.3,1.1,2014-02-09,0423,Aqua,MODIS,100,6.2,318.6,108.9,D,0
-37.2283,148.5722,344.5,1.3,1.1,2014-02-09,0423,Aqua,MODIS,91,6.2,298,64.8,D,0
-37.3757,148.5013,396.6,1.3,1.1,2014-02-09,0423,Aqua,MODIS,100,6.2,323.6,322,D,0
-37.2689,148.524,353.2,1.3,1.1,2014-02-09,0423,Aqua,MODIS,96,6.2,304.8,89.1,D,0
-37.3358,148.4877,378.7,1.3,1.1,2014-02-09,0423,Aqua,MODIS,100,6.2,303.1,201,D,0
-37.4334,148.525,501.6,1.3,1.1,2014-02-09,0423,Aqua,MODIS,100,6.2,400.1,2372.8,D,0
-37.4534,148.5314,346.4,1.3,1.1,2014-02-09,0423,Aqua,MODIS,86,6.2,306,56.1,D,0
-37.2014,148.4372,340.4,1.3,1.1,2014-02-09,0423,Aqua,MODIS,73,6.2,309.2,32,D,0
-37.3731,148.516,469.2,1.3,1.1,2014-02-09,0423,Aqua,MODIS,100,6.2,334.2,1432.1,D,0
-37.1629,148.5923,364.1,1.3,1.1,2014-02-09,0423,Aqua,MODIS,100,6.2,303.8,126.6,D,0
-37.3933,148.5213,408.7,1.3,1.1,2014-02-09,0423,Aqua,MODIS,100,6.2,333.4,432,D,0
-37.4434,148.5285,459.5,1.3,1.1,2014-02-09,0423,Aqua,MODIS,100,6.2,334.1,1202.2,D,0
-37.2742,148.3769,354.3,1.3,1.1,2014-02-09,0423,Aqua,MODIS,97,6.2,314.1,79.3,D,0
-37.3933,148.4619,369.7,1.3,1.1,2014-02-09,0423,Aqua,MODIS,100,6.2,317.3,145.7,D,0
-37.7491,147.2437,435.4,1.1,1.1,2014-02-09,0423,Aqua,MODIS,100,6.2,337.1,623.4,D,0
-37.7754,147.2643,414.4,1.1,1.1,2014-02-09,0423,Aqua,MODIS,100,6.2,323.4,396.3,D,0
-37.3883,148.4904,363.3,1.3,1.1,2014-02-09,0423,Aqua,MODIS,100,6.2,316.6,117.2,D,0
-37.1953,148.5777,364.4,1.3,1.1,2014-02-09,0423,Aqua,MODIS,100,6.2,301.5,130.7,D,0
-37.1763,148.4589,394.7,1.3,1.1,2014-02-09,0423,Aqua,MODIS,100,6.2,307.7,298.3,D,0
-37.4792,148.3283,430.1,1.3,1.1,2014-02-09,0423,Aqua,MODIS,100,6.2,333.2,658.4,D,0
-37.3705,148.5304,398.1,1.3,1.1,2014-02-09,0423,Aqua,MODIS,100,6.2,306.4,335.8,D,0
-37.3908,148.4761,364.3,1.3,1.1,2014-02-09,0423,Aqua,MODIS,100,6.2,317.9,121.4,D,0
-37.4892,148.3314,440,1.3,1.1,2014-02-09,0423,Aqua,MODIS,100,6.2,338.2,804.4,D,0
-37.1782,148.5074,382.1,1.3,1.1,2014-02-09,0423,Aqua,MODIS,100,6.2,316,215.5,D,0
-36.2008,145.3258,356.6,1,1,2014-02-09,0424,Aqua,MODIS,92,6.2,314.7,57.9,D,0
-36.1756,145.4267,343.4,1,1,2014-02-09,0424,Aqua,MODIS,85,6.2,320.3,23.5,D,0
-36.1811,145.4518,380,1,1,2014-02-09,0424,Aqua,MODIS,100,6.2,324.5,133,D,0
-36.1738,145.4381,370.9,1,1,2014-02-09,0424,Aqua,MODIS,100,6.2,324.6,96.9,D,0
-36.172,145.4496,348.3,1,1,2014-02-09,0424,Aqua,MODIS,69,6.2,320.4,33.9,D,0
-36.199,145.3372,339.1,1,1,2014-02-09,0424,Aqua,MODIS,50,6.2,314.6,20.6,D,0
-36.1885,145.4655,336,1,1,2014-02-09,0424,Aqua,MODIS,54,6.2,316.5,13.4,D,0
-36.1903,145.454,360.4,1,1,2014-02-09,0424,Aqua,MODIS,100,6.2,319.9,65.4,D,0
-36.1647,145.4359,339.1,1,1,2014-02-09,0424,Aqua,MODIS,66,6.2,320.6,17.5,D,0
-33.1176,138.1552,453.3,1.5,1.2,2014-02-09,0425,Aqua,MODIS,100,6.2,325.1,1326.2,D,0
-33.094,138.1688,333.4,1.5,1.2,2014-02-09,0425,Aqua,MODIS,72,6.2,296.4,38.3,D,0
-33.1049,138.1706,482,1.5,1.2,2014-02-09,0425,Aqua,MODIS,100,6.2,323.2,2163.2,D,0
-33.24,138.1782,349.7,1.5,1.2,2014-02-09,0425,Aqua,MODIS,92,6.2,309.9,75.9,D,0
-33.2089,138.1571,332.9,1.5,1.2,2014-02-09,0425,Aqua,MODIS,71,6.2,303.7,23.1,D,0
-33.1474,138.2151,370.5,1.5,1.2,2014-02-09,0425,Aqua,MODIS,100,6.2,306.7,184.4,D,0
-33.1343,138.2065,344.8,1.5,1.2,2014-02-09,0425,Aqua,MODIS,88,6.2,303,71,D,0
-33.1234,138.2051,343.4,1.5,1.2,2014-02-09,0425,Aqua,MODIS,86,6.2,301.4,69.2,D,0
-33.2393,138.2001,331.7,1.5,1.2,2014-02-09,0425,Aqua,MODIS,68,6.2,311.5,23.3,D,0
-33.149,138.1991,330.9,1.5,1.2,2014-02-09,0425,Aqua,MODIS,55,6.2,304.3,20.1,D,0
-33.207,138.1744,333.2,1.5,1.2,2014-02-09,0425,Aqua,MODIS,72,6.2,305.4,24.3,D,0
-33.2308,138.16,393.5,1.5,1.2,2014-02-09,0425,Aqua,MODIS,100,6.2,317.1,354.2,D,0
-33.1268,138.1734,396.1,1.5,1.2,2014-02-09,0425,Aqua,MODIS,100,6.2,311.6,381.6,D,0
-33.1251,138.1891,339.7,1.5,1.2,2014-02-09,0425,Aqua,MODIS,70,6.2,299.3,52.2,D,0
-33.2382,138.1947,342.2,1.5,1.2,2014-02-09,0425,Aqua,MODIS,85,6.2,311.8,51.9,D,0
-33.1453,138.2081,348.2,1.5,1.2,2014-02-09,0425,Aqua,MODIS,83,6.2,304.7,81.2,D,0
-33.1286,138.1566,372.3,1.5,1.2,2014-02-09,0425,Aqua,MODIS,100,6.2,308.8,191,D,0
-33.1599,138.2007,333.4,1.5,1.2,2014-02-09,0425,Aqua,MODIS,68,6.2,305.8,27.3,D,0
-33.218,138.1759,394.5,1.5,1.2,2014-02-09,0425,Aqua,MODIS,100,6.2,308.5,362.5,D,0
-33.229,138.177,428.4,1.5,1.2,2014-02-09,0425,Aqua,MODIS,100,6.2,321.7,808.6,D,0
-33.1692,138.218,359.9,1.5,1.2,2014-02-09,0425,Aqua,MODIS,99,6.2,307,125.3,D,0
-33.1218,138.2208,351.7,1.5,1.2,2014-02-09,0425,Aqua,MODIS,94,6.2,301,100.9,D,0
-33.1435,138.224,358.9,1.5,1.2,2014-02-09,0425,Aqua,MODIS,99,6.2,302.6,132.8,D,0
-33.1326,138.2225,352,1.5,1.2,2014-02-09,0425,Aqua,MODIS,94,6.2,301.8,102.5,D,0
-33.1544,138.2255,350.3,1.5,1.2,2014-02-09,0425,Aqua,MODIS,93,6.2,303.9,95,D,0
-33.1142,138.1876,386.1,1.5,1.2,2014-02-09,0425,Aqua,MODIS,100,6.2,304.4,298.5,D,0
-33.1583,138.2165,372.9,1.5,1.2,2014-02-09,0425,Aqua,MODIS,100,6.2,307.9,197.9,D,0
-33.1158,138.172,487,1.5,1.2,2014-02-09,0425,Aqua,MODIS,100,6.2,339.7,2337.3,D,0
-33.1562,138.2095,347.8,1.5,1.2,2014-02-09,0425,Aqua,MODIS,83,6.2,307.2,77.5,D,0
-33.1109,138.2191,351,1.5,1.2,2014-02-09,0425,Aqua,MODIS,93,6.2,300.2,97.8,D,0
-33.1911,138.2209,373.6,1.5,1.2,2014-02-09,0425,Aqua,MODIS,100,6.2,308.3,199.1,D,0
-33.1067,138.1539,431.1,1.5,1.2,2014-02-09,0425,Aqua,MODIS,100,6.2,312.7,863.7,D,0
-33.1927,138.2052,363.5,1.5,1.2,2014-02-09,0425,Aqua,MODIS,100,6.2,310.2,139.9,D,0
-33.1567,138.2325,327.2,1.5,1.2,2014-02-09,0425,Aqua,MODIS,39,6.2,301.4,26.9,D,0
-33.1709,138.2023,336.1,1.5,1.2,2014-02-09,0425,Aqua,MODIS,77,6.2,307.2,34.4,D,0
-33.1033,138.1861,371.4,1.5,1.2,2014-02-09,0425,Aqua,MODIS,100,6.2,300.2,197.2,D,0
-33.2198,138.1587,370.9,1.5,1.2,2014-02-09,0425,Aqua,MODIS,100,6.2,307.8,178.2,D,0
-33.2409,138.1836,349.1,1.5,1.2,2014-02-09,0425,Aqua,MODIS,92,6.2,310.4,73.7,D,0
-33.1458,138.231,336.9,1.5,1.2,2014-02-09,0425,Aqua,MODIS,78,6.2,300.2,51.7,D,0
-29.8037,150.5643,346.6,2.5,1.5,2014-02-09,0425,Aqua,MODIS,89,6.2,316.1,132.1,D,0
-29.7983,150.5898,349.5,2.5,1.5,2014-02-09,0425,Aqua,MODIS,91,6.2,313.6,157.4,D,0
-29.8085,150.5703,349.2,2.5,1.5,2014-02-09,0425,Aqua,MODIS,91,6.2,315.6,149.9,D,0
-22.5097,146.2645,326.4,1.8,1.3,2014-02-09,0427,Aqua,MODIS,38,6.2,297.2,31.8,D,0
-32.064,115.9231,328.5,1.1,1,2014-02-09,0604,Aqua,MODIS,48,6.2,312.6,6.6,D,2
-32.0655,115.9115,328.7,1.1,1,2014-02-09,0604,Aqua,MODIS,51,6.2,313.1,7.1,D,0
-37.4512,148.4397,324.4,4.4,1.9,2014-02-09,1209,Terra,MODIS,0,6.2,286.4,150,N,0
-37.5055,148.3919,317.9,4.4,1.9,2014-02-09,1209,Terra,MODIS,20,6.2,286.4,116,N,0
-37.4689,148.442,321.4,4.4,1.9,2014-02-09,1209,Terra,MODIS,0,6.2,286.2,127,N,0
-37.3822,148.382,335.4,4.4,1.9,2014-02-09,1209,Terra,MODIS,88,6.2,286.8,294.5,N,0
-37.4159,148.4342,319.6,4.4,1.9,2014-02-09,1209,Terra,MODIS,66,6.2,285.8,89.4,N,0
-37.4627,148.5893,319.4,4.3,1.9,2014-02-09,1209,Terra,MODIS,43,6.2,285.9,137.6,N,0
-37.5024,148.4896,314.2,4.3,1.9,2014-02-09,1209,Terra,MODIS,53,6.2,285.8,107.4,N,0
-37.4166,148.4276,321.4,4.4,1.9,2014-02-09,1209,Terra,MODIS,100,6.2,286.2,104.6,N,0
-37.4198,148.3308,318.6,4.4,1.9,2014-02-09,1209,Terra,MODIS,55,6.2,286.6,142.6,N,0
-37.3644,148.3815,331.7,4.4,1.9,2014-02-09,1209,Terra,MODIS,100,6.2,284.5,258,N,0
-37.539,148.4464,323,4.4,1.9,2014-02-09,1209,Terra,MODIS,0,6.2,286.7,164.7,N,0
-37.5722,148.5049,316.3,4.3,1.9,2014-02-09,1209,Terra,MODIS,70,6.2,285.9,125.1,N,0
-37.4,148.382,324.9,4.4,1.9,2014-02-09,1209,Terra,MODIS,36,6.2,286.7,171.3,N,0
-37.5745,148.4487,316.4,4.4,1.9,2014-02-09,1209,Terra,MODIS,60,6.2,286,124.9,N,0
-37.4539,148.3383,318.5,4.4,1.9,2014-02-09,1209,Terra,MODIS,18,6.2,286.6,135,N,0
-37.5368,148.5025,309.1,4.3,1.9,2014-02-09,1209,Terra,MODIS,49,6.2,285.7,82.9,N,0
-37.3852,148.3252,307.2,4.4,1.9,2014-02-09,1209,Terra,MODIS,11,6.2,284.8,74.8,N,0
-37.4336,148.4366,324.1,4.4,1.9,2014-02-09,1209,Terra,MODIS,49,6.2,286.4,143.1,N,0
-37.4712,148.3872,322.6,4.4,1.9,2014-02-09,1209,Terra,MODIS,45,6.2,286.8,142.2,N,0
-37.574,148.4549,319.9,4.4,1.9,2014-02-09,1209,Terra,MODIS,79,6.2,286.2,151.2,N,0
-37.5035,148.445,325.8,4.4,1.9,2014-02-09,1209,Terra,MODIS,26,6.2,286.9,180.2,N,0
-37.4356,148.3851,326.8,4.4,1.9,2014-02-09,1209,Terra,MODIS,70,6.2,287.8,185.4,N,0
-37.4867,148.4413,328.7,4.4,1.9,2014-02-09,1209,Terra,MODIS,43,6.2,286.9,206.7,N,0
-37.5724,148.4993,319.8,4.3,1.9,2014-02-09,1209,Terra,MODIS,93,6.2,286.1,151.2,N,0
-37.3831,148.3762,333.2,4.4,1.9,2014-02-09,1209,Terra,MODIS,88,6.2,286.8,273.8,N,0
-37.4858,148.4446,328.7,4.4,1.9,2014-02-09,1209,Terra,MODIS,34,6.2,286.8,204.9,N,0
-37.537,148.4967,313.7,4.3,1.9,2014-02-09,1209,Terra,MODIS,41,6.2,285.9,105.8,N,0
-37.402,148.3292,316.8,4.4,1.9,2014-02-09,1209,Terra,MODIS,23,6.2,285.9,127,N,0
-37.4699,148.3903,324,4.4,1.9,2014-02-09,1209,Terra,MODIS,82,6.2,286.8,152.4,N,0
-37.4343,148.3877,327.2,4.4,1.9,2014-02-09,1209,Terra,MODIS,100,6.2,287.7,186.9,N,0
-37.4877,148.3906,317.2,4.4,1.9,2014-02-09,1209,Terra,MODIS,14,6.2,286.5,103.3,N,0
-37.4626,148.5925,318.3,4.3,1.9,2014-02-09,1209,Terra,MODIS,51,6.2,286,132,N,0
-37.5568,148.4474,321.6,4.4,1.9,2014-02-09,1209,Terra,MODIS,100,6.2,286.5,169.9,N,0
-37.5017,148.4925,311.2,4.3,1.9,2014-02-09,1209,Terra,MODIS,22,6.2,285.6,87.4,N,0
-37.4031,148.3243,314.4,4.4,1.9,2014-02-09,1209,Terra,MODIS,36,6.2,285.6,114.9,N,0
-37.4554,148.3353,317,4.4,1.9,2014-02-09,1209,Terra,MODIS,42,6.2,286.4,129.6,N,0
-37.5045,148.4419,325.6,4.4,1.9,2014-02-09,1209,Terra,MODIS,0,6.2,286.9,173,N,0
-37.4534,148.3869,324.1,4.4,1.9,2014-02-09,1209,Terra,MODIS,72,6.2,287,158.6,N,0
-37.5213,148.4449,322.8,4.4,1.9,2014-02-09,1209,Terra,MODIS,0,6.2,286.8,151.7,N,0
-37.384,148.3303,314.1,4.4,1.9,2014-02-09,1209,Terra,MODIS,5,6.2,285.1,110.1,N,0
-37.4376,148.3326,319.4,4.4,1.9,2014-02-09,1209,Terra,MODIS,55,6.2,286.7,148.4,N,0
-37.4188,148.3756,323.5,4.4,1.9,2014-02-09,1209,Terra,MODIS,0,6.2,287.3,155.5,N,0
-37.4179,148.382,323.9,4.4,1.9,2014-02-09,1209,Terra,MODIS,38,6.2,287.3,156,N,0
-37.4503,148.4427,323.3,4.4,1.9,2014-02-09,1209,Terra,MODIS,40,6.2,286.4,150.9,N,0
-37.5208,148.4509,323.1,4.4,1.9,2014-02-09,1209,Terra,MODIS,0,6.2,286.7,153,N,0
-37.3653,148.3756,327.7,4.4,1.9,2014-02-09,1209,Terra,MODIS,86,6.2,284.6,220.2,N,0
-37.5563,148.4535,323.5,4.4,1.9,2014-02-09,1209,Terra,MODIS,76,6.2,286.6,176.3,N,0
-37.4326,148.4396,323.5,4.4,1.9,2014-02-09,1209,Terra,MODIS,54,6.2,286.3,148.2,N,0
-37.5386,148.4522,322.7,4.4,1.9,2014-02-09,1209,Terra,MODIS,37,6.2,286.7,163.5,N,0
-37.4521,148.3899,324.2,4.4,1.9,2014-02-09,1209,Terra,MODIS,96,6.2,287.2,153.6,N,0
-37.5547,148.498,309.4,4.3,1.9,2014-02-09,1209,Terra,MODIS,61,6.2,285.7,85.4,N,0
-37.4211,148.323,316,4.4,1.9,2014-02-09,1209,Terra,MODIS,58,6.2,286.2,128.1,N,0
-37.4361,148.3354,320.7,4.4,1.9,2014-02-09,1209,Terra,MODIS,81,6.2,286.8,161.4,N,0
-37.401,148.3759,325.1,4.4,1.9,2014-02-09,1209,Terra,MODIS,0,6.2,286.8,176.4,N,0
-37.1124,148.5101,318.6,4.3,1.9,2014-02-09,1209,Terra,MODIS,61,6.2,284.7,137,N,0
-37.0948,148.5064,307.2,4.3,1.9,2014-02-09,1209,Terra,MODIS,6,6.2,284,69.5,N,0
-37.1124,148.5066,316.8,4.3,1.9,2014-02-09,1209,Terra,MODIS,9,6.2,284.6,120.4,N,0
-37.095,148.502,306.9,4.3,1.9,2014-02-09,1209,Terra,MODIS,13,6.2,284,69.2,N,0
-38.2613,146.3617,316.2,2.5,1.5,2014-02-09,1347,Terra,MODIS,93,6.2,285.5,62.7,N,2
-38.2478,146.3566,326.7,2.5,1.5,2014-02-09,1347,Terra,MODIS,100,6.2,285.2,102,N,2
-38.257,146.3546,302.9,2.5,1.5,2014-02-09,1347,Terra,MODIS,31,6.2,285,25,N,2
-38.1971,146.4243,305.5,2.6,1.5,2014-02-09,1347,Terra,MODIS,65,6.2,286.7,33.4,N,0
-38.2166,146.3389,303.3,2.5,1.5,2014-02-09,1347,Terra,MODIS,30,6.2,286.1,26.8,N,0
-38.1904,146.4536,305.7,2.6,1.5,2014-02-09,1347,Terra,MODIS,65,6.2,286.8,34.8,N,0
-38.2482,146.4183,340.1,2.6,1.5,2014-02-09,1347,Terra,MODIS,100,6.2,288.1,181.7,N,2
-38.2547,146.3904,397.5,2.5,1.5,2014-02-09,1347,Terra,MODIS,100,6.2,300.3,943.9,N,2
-38.2412,146.3849,386,2.5,1.5,2014-02-09,1347,Terra,MODIS,100,6.2,293.4,709.3,N,2
-38.2442,146.4114,354.5,2.6,1.5,2014-02-09,1347,Terra,MODIS,100,6.2,290.1,291.3,N,2
-38.2504,146.3839,389.5,2.5,1.5,2014-02-09,1347,Terra,MODIS,100,6.2,299.5,776,N,2
-38.2371,146.3777,360.3,2.5,1.5,2014-02-09,1347,Terra,MODIS,100,6.2,287.3,343.7,N,0
-38.1835,146.4193,327.9,2.6,1.5,2014-02-09,1347,Terra,MODIS,100,6.2,287.5,110.5,N,0
-37.3546,144.842,330.6,2.2,1.4,2014-02-09,1347,Terra,MODIS,52,6.2,286.2,89.5,N,0
-37.3256,144.9113,375.6,2.2,1.4,2014-02-09,1347,Terra,MODIS,100,6.2,294.5,429.6,N,0
-37.3309,144.8872,325.1,2.2,1.4,2014-02-09,1347,Terra,MODIS,0,6.2,286.6,63.3,N,0
-37.2961,144.8675,326.5,2.2,1.4,2014-02-09,1347,Terra,MODIS,55,6.2,287,74.1,N,0
-37.4423,144.9317,305.8,2.2,1.4,2014-02-09,1347,Terra,MODIS,28,6.2,283.5,25.5,N,0
-37.3364,144.8625,320.4,2.2,1.4,2014-02-09,1347,Terra,MODIS,0,6.2,286.7,51.2,N,0
-37.3522,144.8607,320.5,2.2,1.4,2014-02-09,1347,Terra,MODIS,0,6.2,287.2,51.2,N,0
-37.3574,144.8361,322.6,2.2,1.4,2014-02-09,1347,Terra,MODIS,0,6.2,285,60,N,0
-37.278,144.8878,323.6,2.2,1.4,2014-02-09,1347,Terra,MODIS,0,6.2,287.4,64.2,N,0
-37.3288,144.9058,359.9,2.2,1.4,2014-02-09,1347,Terra,MODIS,100,6.2,291.6,269.9,N,0
-37.3394,144.8566,322.1,2.2,1.4,2014-02-09,1347,Terra,MODIS,0,6.2,286.6,58.1,N,0
-37.3109,144.9254,345.3,2.2,1.4,2014-02-09,1347,Terra,MODIS,94,6.2,287.6,167.2,N,0
-37.2834,144.8631,350.8,2.2,1.4,2014-02-09,1347,Terra,MODIS,100,6.2,289.6,199.3,N,0
-37.3923,144.8564,320.8,2.2,1.4,2014-02-09,1347,Terra,MODIS,69,6.2,284.7,57.9,N,0
-37.3977,144.8315,305.7,2.2,1.4,2014-02-09,1347,Terra,MODIS,6,6.2,283.2,23.9,N,0
-37.3798,144.8512,322.5,2.2,1.4,2014-02-09,1347,Terra,MODIS,55,6.2,285.2,62.6,N,0
-37.3035,144.8966,328,2.2,1.4,2014-02-09,1347,Terra,MODIS,64,6.2,286.1,81.4,N,0
-37.4197,144.9187,336.3,2.2,1.4,2014-02-09,1347,Terra,MODIS,100,6.2,286.9,120.2,N,0
-37.2908,144.8922,327.1,2.2,1.4,2014-02-09,1347,Terra,MODIS,54,6.2,286.5,77,N,0
-37.4019,144.938,319.1,2.2,1.4,2014-02-09,1347,Terra,MODIS,82,6.2,285.1,56.8,N,0
-37.407,144.9144,347.7,2.2,1.4,2014-02-09,1347,Terra,MODIS,100,6.2,288.9,184.8,N,0
-37.3943,144.9099,306.9,2.2,1.4,2014-02-09,1347,Terra,MODIS,31,6.2,284.6,27.4,N,0
-37.4295,144.9274,334.8,2.2,1.4,2014-02-09,1347,Terra,MODIS,100,6.2,286.9,114.7,N,0
-37.4168,144.923,346.1,2.2,1.4,2014-02-09,1347,Terra,MODIS,100,6.2,287.8,173.1,N,0
-37.4325,144.9231,329.9,2.2,1.4,2014-02-09,1347,Terra,MODIS,100,6.2,286.7,92.9,N,0
-37.3162,144.9012,367,2.2,1.4,2014-02-09,1347,Terra,MODIS,100,6.2,291.3,331.3,N,0
-37.3268,144.852,324.4,2.2,1.4,2014-02-09,1347,Terra,MODIS,0,6.2,285.6,64.6,N,0
-37.3944,148.3882,328.6,3.5,1.8,2014-02-09,1347,Terra,MODIS,100,6.2,287.7,145.4,N,0
-37.399,148.3026,300.7,3.5,1.8,2014-02-09,1347,Terra,MODIS,9,6.2,285.1,32,N,0
-37.4024,148.388,322,3.5,1.8,2014-02-09,1347,Terra,MODIS,69,6.2,287.3,96.1,N,0
-37.4635,148.4224,318.7,3.5,1.8,2014-02-09,1347,Terra,MODIS,34,6.2,287.1,72.7,N,0
-37.4542,148.5939,311.2,3.6,1.8,2014-02-09,1347,Terra,MODIS,41,6.2,285.5,71.3,N,0
-37.448,148.4164,316.9,3.5,1.8,2014-02-09,1347,Terra,MODIS,89,6.2,287,63,N,0
-37.4716,148.4193,320.4,3.5,1.8,2014-02-09,1347,Terra,MODIS,32,6.2,287.2,81,N,0
-37.388,148.3461,319.9,3.5,1.8,2014-02-09,1347,Terra,MODIS,22,6.2,287.4,106.5,N,0
-37.5786,148.4746,328.2,3.5,1.8,2014-02-09,1347,Terra,MODIS,100,6.2,286.9,171.6,N,0
-37.4809,148.3817,314.4,3.5,1.8,2014-02-09,1347,Terra,MODIS,21,6.2,286.9,41.2,N,0
-37.4094,148.3961,316.6,3.5,1.8,2014-02-09,1347,Terra,MODIS,68,6.2,287.1,61.1,N,0
-37.4135,148.3124,315.1,3.5,1.8,2014-02-09,1347,Terra,MODIS,23,6.2,286.6,82.7,N,0
-37.3764,148.5952,320.1,3.6,1.8,2014-02-09,1347,Terra,MODIS,0,6.2,284.6,93.4,N,0
-37.4406,148.4073,316.5,3.5,1.8,2014-02-09,1347,Terra,MODIS,45,6.2,287.1,53.9,N,0
-37.5574,148.4238,321.5,3.5,1.8,2014-02-09,1347,Terra,MODIS,0,6.2,286.8,105.4,N,0
-37.3352,148.7579,312.1,3.7,1.8,2014-02-09,1347,Terra,MODIS,17,6.2,284.8,80.1,N,0
-37.425,148.4018,318.2,3.5,1.8,2014-02-09,1347,Terra,MODIS,69,6.2,287.4,66.3,N,0
-37.3962,148.3443,318.6,3.5,1.8,2014-02-09,1347,Terra,MODIS,37,6.2,287.5,100.3,N,0
-37.5684,148.515,309.6,3.6,1.8,2014-02-09,1347,Terra,MODIS,24,6.2,285.2,62.8,N,0
-37.4504,148.3679,319.9,3.5,1.8,2014-02-09,1347,Terra,MODIS,69,6.2,287.6,72.4,N,0
-37.5713,148.4671,324,3.5,1.8,2014-02-09,1347,Terra,MODIS,0,6.2,286.9,126.5,N,0
-37.4443,148.3244,315.5,3.5,1.8,2014-02-09,1347,Terra,MODIS,33,6.2,287.4,82.1,N,0
-37.3871,148.3811,330.6,3.5,1.8,2014-02-09,1347,Terra,MODIS,86,6.2,288.3,168.9,N,0
-37.3788,148.3824,330.6,3.5,1.8,2014-02-09,1347,Terra,MODIS,90,6.2,288.3,172.4,N,0
-37.3783,148.4166,312.6,3.6,1.8,2014-02-09,1347,Terra,MODIS,47,6.2,285.3,54.7,N,0
-37.4064,148.3027,307.4,3.5,1.8,2014-02-09,1347,Terra,MODIS,59,6.2,285.6,55,N,0
-37.4944,148.4346,325,3.5,1.8,2014-02-09,1347,Terra,MODIS,0,6.2,287.3,118.5,N,0
-37.4422,148.3722,321.3,3.5,1.8,2014-02-09,1347,Terra,MODIS,100,6.2,287.8,79,N,0
-37.473,148.3848,318.2,3.5,1.8,2014-02-09,1347,Terra,MODIS,96,6.2,287.2,61.6,N,0
-37.4883,148.3915,313.4,3.5,1.8,2014-02-09,1347,Terra,MODIS,24,6.2,286.9,36.9,N,0
-37.4657,148.3746,318.3,3.5,1.8,2014-02-09,1347,Terra,MODIS,77,6.2,287.2,60.4,N,0
-37.4214,148.3103,308.6,3.5,1.8,2014-02-09,1347,Terra,MODIS,40,6.2,286.5,58.3,N,0
-37.3717,148.3747,327.5,3.5,1.8,2014-02-09,1347,Terra,MODIS,72,6.2,287.7,153.3,N,0
-37.5365,148.3726,312.8,3.5,1.8,2014-02-09,1347,Terra,MODIS,73,6.2,286.4,75.6,N,0
-37.479,148.4283,321.6,3.5,1.8,2014-02-09,1347,Terra,MODIS,0,6.2,287.1,92.5,N,0
-37.4322,148.4115,317.5,3.5,1.8,2014-02-09,1347,Terra,MODIS,89,6.2,287.3,62.4,N,0
-37.4388,148.5869,317.3,3.6,1.8,2014-02-09,1347,Terra,MODIS,28,6.2,285.6,95.1,N,0
-37.4578,148.3777,317.9,3.5,1.8,2014-02-09,1347,Terra,MODIS,96,6.2,287.1,60.7,N,0
-37.4872,148.4251,323.4,3.5,1.8,2014-02-09,1347,Terra,MODIS,31,6.2,287.2,99.6,N,0
-37.6144,148.5356,300.1,3.6,1.8,2014-02-09,1347,Terra,MODIS,17,6.2,285,36.2,N,0
-37.4694,148.6019,305.7,3.6,1.8,2014-02-09,1347,Terra,MODIS,65,6.2,285.3,54.9,N,0
-36.106,145.4539,312.6,2.5,1.5,2014-02-09,1348,Terra,MODIS,57,6.2,290.8,40.7,N,0
-36.0955,145.474,310.3,2.6,1.5,2014-02-09,1348,Terra,MODIS,17,6.2,291.1,34.3,N,0
-36.1782,145.4847,306.5,2.5,1.5,2014-02-09,1348,Terra,MODIS,68,6.2,289.4,28.7,N,0
-36.1394,145.4357,313.6,2.5,1.5,2014-02-09,1348,Terra,MODIS,16,6.2,290.1,41.2,N,0
-36.0933,145.5098,312.5,2.6,1.5,2014-02-09,1348,Terra,MODIS,50,6.2,291.1,42.5,N,0
-36.1331,145.4635,323.1,2.5,1.5,2014-02-09,1348,Terra,MODIS,100,6.2,291,75.8,N,0
-36.1467,145.4682,314,2.5,1.5,2014-02-09,1348,Terra,MODIS,58,6.2,290.6,43.7,N,0
-36.0997,145.4818,312.5,2.6,1.5,2014-02-09,1348,Terra,MODIS,55,6.2,291.1,41.2,N,0
-37.2503,144.8997,320,2.2,1.4,2014-02-09,1348,Terra,MODIS,26,6.2,286.6,56.2,N,0
-37.2194,144.9158,311.9,2.2,1.4,2014-02-09,1348,Terra,MODIS,84,6.2,286,40.9,N,0
-37.2375,144.8953,328.7,2.2,1.4,2014-02-09,1348,Terra,MODIS,100,6.2,287.8,90.7,N,0
-37.2343,144.8994,336.8,2.2,1.4,2014-02-09,1348,Terra,MODIS,100,6.2,288.6,124.8,N,0
-37.2471,144.9038,318.1,2.2,1.4,2014-02-09,1348,Terra,MODIS,60,6.2,286.7,52.8,N,0
-37.2248,144.8909,326.8,2.2,1.4,2014-02-09,1348,Terra,MODIS,100,6.2,286.8,86.1,N,0
-33.1054,138.1869,312.5,1.1,1.1,2014-02-09,1349,Terra,MODIS,79,6.2,291.3,12.2,N,0
-33.1837,138.212,334.8,1.1,1.1,2014-02-09,1349,Terra,MODIS,100,6.2,293.8,42.5,N,0
-33.1013,138.2117,344.5,1.1,1.1,2014-02-09,1349,Terra,MODIS,100,6.2,292.9,62.4,N,0
-33.1933,138.2144,300.4,1.1,1.1,2014-02-09,1349,Terra,MODIS,11,6.2,290.1,4.7,N,0
-33.2299,138.173,305.4,1.1,1.1,2014-02-09,1349,Terra,MODIS,59,6.2,291.9,7.7,N,0
-33.13,138.2184,311.5,1.1,1.1,2014-02-09,1349,Terra,MODIS,16,6.2,290.6,11.9,N,0
-33.0883,138.17,311.5,1.1,1.1,2014-02-09,1349,Terra,MODIS,83,6.2,290.9,12.6,N,0
-33.1531,138.2172,326.3,1.1,1.1,2014-02-09,1349,Terra,MODIS,98,6.2,291.8,27.2,N,0
-33.0993,138.2241,323.1,1.1,1.1,2014-02-09,1349,Terra,MODIS,100,6.2,291.5,25.6,N,0
-33.151,138.2294,331.7,1.1,1.1,2014-02-09,1349,Terra,MODIS,100,6.2,291.6,36.5,N,0
-33.1626,138.2196,328.1,1.1,1.1,2014-02-09,1349,Terra,MODIS,100,6.2,292.1,31,N,0
-33.1184,138.2286,303.7,1.1,1.1,2014-02-09,1349,Terra,MODIS,14,6.2,289.9,6.7,N,0
-33.1075,138.1745,309.8,1.1,1.1,2014-02-09,1349,Terra,MODIS,53,6.2,291.2,10,N,0
-33.1089,138.2263,322.1,1.1,1.1,2014-02-09,1349,Terra,MODIS,100,6.2,291.6,23.8,N,0
-33.1817,138.2242,321.1,1.1,1.1,2014-02-09,1349,Terra,MODIS,100,6.2,291.7,22.7,N,0
-33.2415,138.1822,317.9,1.1,1.1,2014-02-09,1349,Terra,MODIS,96,6.2,293,18.7,N,0
-33.1109,138.2139,316.9,1.1,1.1,2014-02-09,1349,Terra,MODIS,73,6.2,291.2,16.8,N,0
-33.1722,138.2219,321.7,1.1,1.1,2014-02-09,1349,Terra,MODIS,89,6.2,291.3,22.4,N,0
-33.1415,138.2271,323.2,1.1,1.1,2014-02-09,1349,Terra,MODIS,70,6.2,290.8,23.4,N,0
-33.1742,138.2097,318.1,1.1,1.1,2014-02-09,1349,Terra,MODIS,93,6.2,291.3,17.6,N,0
-33.0979,138.1722,320.1,1.1,1.1,2014-02-09,1349,Terra,MODIS,100,6.2,292.5,20.6,N,0
-33.1606,138.2318,319.9,1.1,1.1,2014-02-09,1349,Terra,MODIS,99,6.2,290.9,21.5,N,0
-33.232,138.1797,311.6,1.1,1.1,2014-02-09,1349,Terra,MODIS,63,6.2,291.9,12,N,0
-33.1435,138.2148,312.7,1.1,1.1,2014-02-09,1349,Terra,MODIS,20,6.2,290.7,10.6,N,0
-33.1205,138.2162,318.9,1.1,1.1,2014-02-09,1349,Terra,MODIS,96,6.2,291.7,19.8,N,0
-33.0958,138.1848,323.6,1.1,1.1,2014-02-09,1349,Terra,MODIS,100,6.2,291.7,24.8,N,0
-23.3573,134.7051,309.6,1.1,1,2014-02-09,1352,Terra,MODIS,45,6.2,292.8,8.2,N,0
-23.3125,134.6861,302.4,1.1,1,2014-02-09,1352,Terra,MODIS,28,6.2,290.9,3.4,N,0
-36.1752,145.4925,308.3,1,1,2014-02-09,1526,Aqua,MODIS,74,6.2,288.6,9.1,N,0
-36.1295,145.4867,309.4,1,1,2014-02-09,1526,Aqua,MODIS,19,6.2,290,8.3,N,0
-36.0951,145.5063,309.7,1,1,2014-02-09,1526,Aqua,MODIS,40,6.2,291.1,9.2,N,0
-33.1933,138.1646,303.9,2.6,1.6,2014-02-09,1526,Aqua,MODIS,38,6.2,289.8,22.4,N,0
-36.0968,145.5175,308.6,1,1,2014-02-09,1526,Aqua,MODIS,42,6.2,290.1,8.6,N,0
-36.1519,145.4631,316.8,1,1,2014-02-09,1526,Aqua,MODIS,94,6.2,289.4,14.9,N,0
-36.0506,145.8226,320.9,1,1,2014-02-09,1526,Aqua,MODIS,100,6.2,289.1,20.2,N,0
-33.1037,138.2238,308.8,2.6,1.5,2014-02-09,1526,Aqua,MODIS,13,6.2,288.6,33.4,N,0
-36.139,145.5009,310.3,1,1,2014-02-09,1526,Aqua,MODIS,73,6.2,290.2,9.8,N,0
-36.1411,145.454,330.7,1,1,2014-02-09,1526,Aqua,MODIS,100,6.2,291.3,30.3,N,0
-33.1508,138.2381,316.4,2.6,1.5,2014-02-09,1526,Aqua,MODIS,49,6.2,288.9,55.2,N,0
-36.1429,145.4652,329.5,1,1,2014-02-09,1526,Aqua,MODIS,100,6.2,292.4,28.4,N,0
-36.1338,145.4673,313.8,1,1,2014-02-09,1526,Aqua,MODIS,78,6.2,290.2,12.4,N,0
-36.1007,145.4818,314.6,1,1,2014-02-09,1526,Aqua,MODIS,19,6.2,290.1,11.1,N,0
-33.1781,138.2292,312.5,2.6,1.5,2014-02-09,1526,Aqua,MODIS,49,6.2,289.1,44,N,0
-33.1835,138.2224,309.2,2.6,1.5,2014-02-09,1526,Aqua,MODIS,16,6.2,289,33.6,N,0
-36.1313,145.4979,317.6,1,1,2014-02-09,1526,Aqua,MODIS,91,6.2,290.8,15.4,N,0
-37.4669,148.4477,333.4,1.1,1.1,2014-02-09,1527,Aqua,MODIS,100,6.2,290.8,41.1,N,0
-37.3887,148.3932,338,1.1,1,2014-02-09,1527,Aqua,MODIS,94,6.2,290.8,48.8,N,0
-37.3902,148.4052,330.9,1.1,1,2014-02-09,1527,Aqua,MODIS,100,6.2,287.1,37.9,N,0
-37.414,148.4403,329.3,1.1,1.1,2014-02-09,1527,Aqua,MODIS,100,6.2,289.4,32.7,N,0
-37.4687,148.3837,326.2,1.1,1,2014-02-09,1527,Aqua,MODIS,34,6.2,289.9,22.5,N,0
-37.4109,148.4152,317.7,1.1,1,2014-02-09,1527,Aqua,MODIS,41,6.2,287.7,19.2,N,0
-37.4329,148.5923,323.8,1.1,1.1,2014-02-09,1527,Aqua,MODIS,93,6.2,287.4,24,N,0
-37.5624,148.4767,328.4,1.1,1.1,2014-02-09,1527,Aqua,MODIS,70,6.2,289.5,31,N,0
-37.422,148.3489,322.6,1.1,1,2014-02-09,1527,Aqua,MODIS,0,6.2,290.5,20.9,N,0
-37.3997,148.4038,322.6,1.1,1,2014-02-09,1527,Aqua,MODIS,58,6.2,287.3,25.9,N,0
-37.452,148.3555,333.5,1.1,1,2014-02-09,1527,Aqua,MODIS,100,6.2,292.1,31,N,0
-37.5879,148.4458,308.7,1.1,1.1,2014-02-09,1527,Aqua,MODIS,36,6.2,286.2,11.1,N,0
-37.5194,148.4775,324.7,1.1,1.1,2014-02-09,1527,Aqua,MODIS,87,6.2,289,25.7,N,0
-37.8867,145.7774,304.7,1,1,2014-02-09,1527,Aqua,MODIS,32,6.2,284.9,7.9,N,0
-37.4188,148.4007,319.8,1.1,1,2014-02-09,1527,Aqua,MODIS,37,6.2,289.9,21.8,N,0
-37.4046,148.3651,319.2,1.1,1,2014-02-09,1527,Aqua,MODIS,26,6.2,290.1,20.6,N,0
-37.4077,148.3901,332.3,1.1,1,2014-02-09,1527,Aqua,MODIS,79,6.2,290.9,39,N,0
-37.3993,148.8266,300.1,1.1,1.1,2014-02-09,1527,Aqua,MODIS,13,6.2,284.8,7.2,N,0
-37.4377,148.3201,319.3,1.1,1,2014-02-09,1527,Aqua,MODIS,13,6.2,290.2,15.8,N,0
-37.3904,148.3294,308.3,1.1,1,2014-02-09,1527,Aqua,MODIS,74,6.2,287.6,11.2,N,0
-37.5289,148.4755,318.8,1.1,1.1,2014-02-09,1527,Aqua,MODIS,89,6.2,288.5,18.8,N,0
-37.4091,148.8253,316.5,1.1,1.1,2014-02-09,1527,Aqua,MODIS,93,6.2,285.7,20.7,N,0
-37.5735,148.4874,356.9,1.1,1.1,2014-02-09,1527,Aqua,MODIS,100,6.2,291.3,93.1,N,0
-37.4955,148.4426,327.4,1.1,1.1,2014-02-09,1527,Aqua,MODIS,77,6.2,289.5,30.6,N,0
-37.5562,148.4259,328,1.1,1.1,2014-02-09,1527,Aqua,MODIS,50,6.2,289.1,29.1,N,0
-37.3951,148.3668,324.1,1.1,1,2014-02-09,1527,Aqua,MODIS,35,6.2,290.6,26.5,N,0
-37.6086,148.5335,314.2,1.1,1.1,2014-02-09,1527,Aqua,MODIS,89,6.2,286.6,16.8,N,0
-37.4764,148.4462,337.5,1.1,1.1,2014-02-09,1527,Aqua,MODIS,100,6.2,291.1,48.2,N,0
-37.5067,148.4539,331.5,1.1,1.1,2014-02-09,1527,Aqua,MODIS,100,6.2,290.1,36.9,N,0
-37.4939,148.43,321.3,1.1,1.1,2014-02-09,1527,Aqua,MODIS,0,6.2,288.8,20.2,N,0
-37.4749,148.4338,328.4,1.1,1.1,2014-02-09,1527,Aqua,MODIS,33,6.2,289.9,29.9,N,0
-37.5942,148.4968,304.5,1.1,1.1,2014-02-09,1527,Aqua,MODIS,60,6.2,285.9,8.7,N,0
-37.5578,148.4387,322.9,1.1,1.1,2014-02-09,1527,Aqua,MODIS,26,6.2,289.3,22.8,N,0
-37.5846,148.4983,341.7,1.1,1.1,2014-02-09,1527,Aqua,MODIS,100,6.2,289.6,55.5,N,0
-37.4551,148.4574,310.3,1.1,1.1,2014-02-09,1527,Aqua,MODIS,80,6.2,287.1,13.3,N,0
-37.4654,148.4354,328.4,1.1,1.1,2014-02-09,1527,Aqua,MODIS,35,6.2,289.9,30.1,N,0
-37.4361,148.3841,323.9,1.1,1,2014-02-09,1527,Aqua,MODIS,0,6.2,290.6,23.1,N,0
-37.5611,148.3866,304.2,1.1,1.1,2014-02-09,1527,Aqua,MODIS,59,6.2,286.3,8.5,N,0
-37.4844,148.432,322.3,1.1,1.1,2014-02-09,1527,Aqua,MODIS,0,6.2,289.1,21.3,N,0
-37.5609,148.464,323.4,1.1,1.1,2014-02-09,1527,Aqua,MODIS,0,6.2,289.3,23.1,N,0
-37.5511,148.4194,321.1,1.1,1.1,2014-02-09,1527,Aqua,MODIS,0,6.2,289,19.3,N,0
-37.4503,148.3428,321,1.1,1,2014-02-09,1527,Aqua,MODIS,100,6.2,289.3,14.1,N,0
-37.403,148.3524,318.9,1.1,1,2014-02-09,1527,Aqua,MODIS,46,6.2,289.7,19,N,0
-37.4045,148.4421,316.6,1.1,1.1,2014-02-09,1527,Aqua,MODIS,30,6.2,286,17.5,N,0
-37.4656,148.3586,322.2,1.1,1,2014-02-09,1527,Aqua,MODIS,83,6.2,289,16.3,N,0
-37.6181,148.5316,328,1.1,1.1,2014-02-09,1527,Aqua,MODIS,100,6.2,287.7,33.3,N,0
-37.5516,148.3884,323.3,1.1,1.1,2014-02-09,1527,Aqua,MODIS,65,6.2,289.7,24.2,N,0
-37.5784,148.4475,328.3,1.1,1.1,2014-02-09,1527,Aqua,MODIS,50,6.2,289,29.8,N,0
-37.5225,148.4246,321.6,1.1,1.1,2014-02-09,1527,Aqua,MODIS,0,6.2,288.6,19.5,N,0
-37.5543,148.4448,329.3,1.1,1.1,2014-02-09,1527,Aqua,MODIS,66,6.2,289.5,30.7,N,0
-37.521,148.4903,336.4,1.1,1.1,2014-02-09,1527,Aqua,MODIS,100,6.2,290.3,44.1,N,0
-37.4136,148.6748,303.1,1.1,1.1,2014-02-09,1527,Aqua,MODIS,40,6.2,285.3,8.8,N,0
-37.5546,148.4133,321,1.1,1.1,2014-02-09,1527,Aqua,MODIS,0,6.2,288.6,19.6,N,0
-37.572,148.4748,331.5,1.1,1.1,2014-02-09,1527,Aqua,MODIS,92,6.2,290.1,36.1,N,0
-37.5368,148.4608,321.3,1.1,1.1,2014-02-09,1527,Aqua,MODIS,62,6.2,288.6,22,N,0
-37.4378,148.3969,322.2,1.1,1,2014-02-09,1527,Aqua,MODIS,0,6.2,290.3,21.4,N,0
-37.5656,148.5023,322.9,1.1,1.1,2014-02-09,1527,Aqua,MODIS,100,6.2,289,26.6,N,0
-37.5607,148.4954,310.6,1.1,1.1,2014-02-09,1527,Aqua,MODIS,80,6.2,287.6,12.9,N,0
-37.5591,148.4826,331.2,1.1,1.1,2014-02-09,1527,Aqua,MODIS,100,6.2,289.6,36.3,N,0
-37.5704,148.4621,323.4,1.1,1.1,2014-02-09,1527,Aqua,MODIS,39,6.2,288.9,23.9,N,0
-37.5527,148.4321,341.2,1.1,1.1,2014-02-09,1527,Aqua,MODIS,87,6.2,290,51,N,0
-37.5305,148.4883,321.3,1.1,1.1,2014-02-09,1527,Aqua,MODIS,100,6.2,288.6,23.3,N,0
-37.4314,148.4238,320.4,1.1,1.1,2014-02-09,1527,Aqua,MODIS,99,6.2,289.2,22.5,N,0
-37.4232,148.6729,301.6,1.1,1.1,2014-02-09,1527,Aqua,MODIS,31,6.2,285.6,7.2,N,0
-37.6197,148.5446,318.4,1.1,1.1,2014-02-09,1527,Aqua,MODIS,97,6.2,288,21.4,N,0
-37.5033,148.9247,317.7,1.2,1.1,2014-02-09,1527,Aqua,MODIS,95,6.2,287.9,20.9,N,0
-37.4093,148.3258,330.6,1.1,1,2014-02-09,1527,Aqua,MODIS,67,6.2,290.7,33.2,N,0
-37.4077,148.3129,319.8,1.1,1,2014-02-09,1527,Aqua,MODIS,62,6.2,287.7,20.5,N,0
-37.5448,148.4467,321.7,1.1,1.1,2014-02-09,1527,Aqua,MODIS,0,6.2,289.2,20.9,N,0
-37.4536,148.4449,334.9,1.1,1.1,2014-02-09,1527,Aqua,MODIS,100,6.2,290.2,43.2,N,0
-37.3563,148.4043,304.2,1.1,1,2014-02-09,1527,Aqua,MODIS,29,6.2,282.3,9,N,0
-37.3761,148.3704,325.5,1.1,1,2014-02-09,1527,Aqua,MODIS,67,6.2,289.5,29.6,N,0
-37.4671,148.3711,324.4,1.1,1,2014-02-09,1527,Aqua,MODIS,64,6.2,289.7,19.9,N,0
-37.3982,148.3916,330.1,1.1,1,2014-02-09,1527,Aqua,MODIS,82,6.2,291.2,36.1,N,0
-37.5083,148.4668,319,1.1,1.1,2014-02-09,1527,Aqua,MODIS,35,6.2,288.6,18.3,N,0
-37.5495,148.4845,346.2,1.1,1.1,2014-02-09,1527,Aqua,MODIS,100,6.2,290.8,64.6,N,0
-37.5241,148.4375,321.5,1.1,1.1,2014-02-09,1527,Aqua,MODIS,0,6.2,288.8,20.6,N,0
-37.4892,148.4704,324.9,1.1,1.1,2014-02-09,1527,Aqua,MODIS,100,6.2,289.4,28.4,N,0
-37.3713,148.332,329.3,1.1,1,2014-02-09,1527,Aqua,MODIS,100,6.2,287.4,34.3,N,0
-37.5831,148.4854,338.2,1.1,1.1,2014-02-09,1527,Aqua,MODIS,100,6.2,289,48,N,0
-37.54,148.4863,349.4,1.1,1.1,2014-02-09,1527,Aqua,MODIS,100,6.2,290.6,72.3,N,0
-37.4703,148.3964,322.3,1.1,1,2014-02-09,1527,Aqua,MODIS,0,6.2,289.5,18.8,N,0
-37.3746,148.3581,319.7,1.1,1,2014-02-09,1527,Aqua,MODIS,22,6.2,289.9,21.9,N,0
-37.6102,148.5464,332.1,1.1,1.1,2014-02-09,1527,Aqua,MODIS,100,6.2,288.5,39.9,N,0
-37.5003,148.4814,330.6,1.1,1.1,2014-02-09,1527,Aqua,MODIS,88,6.2,289.6,33.5,N,0
-37.5431,148.3564,317.9,1.1,1,2014-02-09,1527,Aqua,MODIS,24,6.2,287.2,17.7,N,0
-37.4457,148.5376,314.5,1.1,1.1,2014-02-09,1527,Aqua,MODIS,21,6.2,286.6,16.1,N,0
-37.5035,148.4283,322.9,1.1,1.1,2014-02-09,1527,Aqua,MODIS,0,6.2,288.6,21.4,N,0
-37.5479,148.4715,318.2,1.1,1.1,2014-02-09,1527,Aqua,MODIS,56,6.2,288.5,18.4,N,0
-37.5273,148.4628,321.2,1.1,1.1,2014-02-09,1527,Aqua,MODIS,63,6.2,288.6,22.3,N,0
-37.384,148.3564,317.6,1.1,1,2014-02-09,1527,Aqua,MODIS,44,6.2,290.2,19.9,N,0
-37.5019,148.4158,322.6,1.1,1.1,2014-02-09,1527,Aqua,MODIS,0,6.2,288.6,19.3,N,0
-37.3659,148.4028,318.9,1.1,1,2014-02-09,1527,Aqua,MODIS,66,6.2,284.8,20,N,0
-37.3681,148.3844,340.5,1.1,1,2014-02-09,1527,Aqua,MODIS,92,6.2,291.9,53.5,N,0
-37.4203,148.4131,321.8,1.1,1,2014-02-09,1527,Aqua,MODIS,96,6.2,289.2,24,N,0
-37.3643,148.3904,343.2,1.1,1,2014-02-09,1527,Aqua,MODIS,100,6.2,291.4,57,N,0
-37.4876,148.4575,348.4,1.1,1.1,2014-02-09,1527,Aqua,MODIS,100,6.2,292.5,71.1,N,0
-37.4425,148.4344,320.7,1.1,1.1,2014-02-09,1527,Aqua,MODIS,100,6.2,288.9,22.7,N,0
-37.5463,148.3818,327.2,1.1,1,2014-02-09,1527,Aqua,MODIS,21,6.2,289.2,26.3,N,0
-37.4456,148.3821,321.7,1.1,1,2014-02-09,1527,Aqua,MODIS,27,6.2,289.6,17,N,0
-37.3825,148.3438,325.3,1.1,1,2014-02-09,1527,Aqua,MODIS,95,6.2,290.3,26.1,N,0
-37.7882,147.3034,307.7,1,1,2014-02-09,1527,Aqua,MODIS,72,6.2,286.7,10.5,N,0
-37.3807,148.4072,319.1,1.1,1,2014-02-09,1527,Aqua,MODIS,39,6.2,285,21.9,N,0
-37.5383,148.4731,324.4,1.1,1.1,2014-02-09,1527,Aqua,MODIS,99,6.2,288.8,26.1,N,0
-37.4346,148.449,384.4,1.1,1.1,2014-02-09,1527,Aqua,MODIS,100,6.2,296.1,201.7,N,0
-37.5146,148.4391,321.1,1.1,1.1,2014-02-09,1527,Aqua,MODIS,0,6.2,288.7,20.6,N,0
-37.3966,148.3792,324.5,1.1,1,2014-02-09,1527,Aqua,MODIS,35,6.2,290.6,27.5,N,0
-37.3999,148.3277,321.4,1.1,1,2014-02-09,1527,Aqua,MODIS,100,6.2,289.1,22.8,N,0
-37.4908,148.4832,305.1,1.1,1.1,2014-02-09,1527,Aqua,MODIS,13,6.2,287.5,8.4,N,0
-37.55,148.3756,316.5,1.1,1,2014-02-09,1527,Aqua,MODIS,49,6.2,287.4,17.3,N,0
-37.392,148.3421,322.3,1.1,1,2014-02-09,1527,Aqua,MODIS,100,6.2,290,24.6,N,0
-37.5178,148.4649,319.9,1.1,1.1,2014-02-09,1527,Aqua,MODIS,81,6.2,288.7,20.7,N,0
-37.5114,148.4923,329.2,1.1,1.1,2014-02-09,1527,Aqua,MODIS,100,6.2,289.5,32.3,N,0
-37.5815,148.4729,347,1.1,1.1,2014-02-09,1527,Aqua,MODIS,100,6.2,291.1,65.7,N,0
-37.5098,148.4794,321.2,1.1,1.1,2014-02-09,1527,Aqua,MODIS,77,6.2,288.4,22.2,N,0
-37.4314,148.3469,321.7,1.1,1,2014-02-09,1527,Aqua,MODIS,0,6.2,289.8,18.5,N,0
-37.4987,148.4688,328.6,1.1,1.1,2014-02-09,1527,Aqua,MODIS,94,6.2,289.9,31.5,N,0
-37.4299,148.4114,316.5,1.1,1,2014-02-09,1527,Aqua,MODIS,39,6.2,289.1,17.7,N,0
-37.3696,148.3967,325.3,1.1,1,2014-02-09,1527,Aqua,MODIS,24,6.2,289.2,29.1,N,0
-37.4646,148.4553,330.1,1.1,1.1,2014-02-09,1527,Aqua,MODIS,100,6.2,288.9,36,N,0
-37.4685,148.4607,318.3,1.1,1.1,2014-02-09,1527,Aqua,MODIS,77,6.2,287.7,20.8,N,0
-37.5512,148.4973,311.3,1.1,1.1,2014-02-09,1527,Aqua,MODIS,82,6.2,287.3,13.2,N,0
-37.486,148.4445,333.9,1.1,1.1,2014-02-09,1527,Aqua,MODIS,100,6.2,290.8,42,N,0
-37.4615,148.4305,321,1.1,1.1,2014-02-09,1527,Aqua,MODIS,39,6.2,289.1,22,N,0
-37.4633,148.5998,321.2,1.1,1.1,2014-02-09,1527,Aqua,MODIS,61,6.2,285.8,20.8,N,0
-37.513,148.4264,320.6,1.1,1.1,2014-02-09,1527,Aqua,MODIS,0,6.2,288.1,18.8,N,0
-37.4362,148.4615,325.6,1.1,1.1,2014-02-09,1527,Aqua,MODIS,100,6.2,287.4,29.2,N,0
-37.3627,148.378,315.6,1.1,1,2014-02-09,1527,Aqua,MODIS,65,6.2,287.9,16.7,N,0
-37.4235,148.4383,331,1.1,1.1,2014-02-09,1527,Aqua,MODIS,100,6.2,289.8,35.6,N,0
-37.433,148.3592,331,1.1,1,2014-02-09,1527,Aqua,MODIS,62,6.2,291.1,31,N,0
-37.4251,148.451,331.7,1.1,1.1,2014-02-09,1527,Aqua,MODIS,100,6.2,288.4,37.2,N,0
-37.4219,148.4258,322.1,1.1,1.1,2014-02-09,1527,Aqua,MODIS,94,6.2,289.5,24,N,0
-37.4425,148.5906,319.4,1.1,1.1,2014-02-09,1527,Aqua,MODIS,27,6.2,287.5,18.1,N,0
-37.4441,148.447,348.8,1.1,1.1,2014-02-09,1527,Aqua,MODIS,100,6.2,291.9,71.4,N,0
-37.5751,148.5002,372.6,1.1,1.1,2014-02-09,1527,Aqua,MODIS,100,6.2,295.3,149.8,N,0
-37.8883,145.7888,306.3,1,1,2014-02-09,1527,Aqua,MODIS,34,6.2,285.2,8.7,N,0
-37.3856,148.3686,325.2,1.1,1,2014-02-09,1527,Aqua,MODIS,63,6.2,290.9,29.2,N,0
-37.3871,148.3809,332.7,1.1,1,2014-02-09,1527,Aqua,MODIS,70,6.2,290.9,39.8,N,0
-37.3823,148.0389,303.7,1.1,1,2014-02-09,1527,Aqua,MODIS,57,6.2,284.3,10,N,0
-37.3776,148.3827,331.2,1.1,1,2014-02-09,1527,Aqua,MODIS,66,6.2,290.3,37.4,N,0
-37.5162,148.4521,323.5,1.1,1.1,2014-02-09,1527,Aqua,MODIS,52,6.2,289.1,24.9,N,0
-37.5559,148.4574,322.5,1.1,1.1,2014-02-09,1527,Aqua,MODIS,43,6.2,289.1,21.9,N,0
-37.4402,148.895,310.6,1.2,1.1,2014-02-09,1527,Aqua,MODIS,80,6.2,285.6,15.1,N,0
-37.444,148.3697,324.4,1.1,1,2014-02-09,1527,Aqua,MODIS,24,6.2,290.1,21.2,N,0
-37.4457,148.4595,317,1.1,1.1,2014-02-09,1527,Aqua,MODIS,94,6.2,287.8,19.7,N,0
-37.564,148.4893,332.7,1.1,1.1,2014-02-09,1527,Aqua,MODIS,100,6.2,289.8,40,N,0
-37.5767,148.5132,303,1.1,1.1,2014-02-09,1527,Aqua,MODIS,19,6.2,287,7.8,N,0
-37.478,148.4589,340.2,1.1,1.1,2014-02-09,1527,Aqua,MODIS,100,6.2,291.1,53.4,N,0
-37.3791,148.3949,326.3,1.1,1,2014-02-09,1527,Aqua,MODIS,34,6.2,288.8,30.5,N,0
-37.89,145.8001,314.6,1,1,2014-02-09,1527,Aqua,MODIS,70,6.2,285.2,14.5,N,0
-37.3729,148.3452,347.4,1.1,1,2014-02-09,1527,Aqua,MODIS,100,6.2,291.5,67.7,N,0
-37.4561,148.3604,326.7,1.1,1,2014-02-09,1527,Aqua,MODIS,84,6.2,290.6,22.2,N,0
-37.5799,148.4602,342,1.1,1.1,2014-02-09,1527,Aqua,MODIS,100,6.2,290.2,54.3,N,0
-37.4751,148.3568,313.4,1.1,1,2014-02-09,1527,Aqua,MODIS,14,6.2,288.2,6.1,N,0
-37.5863,148.4331,309,1.1,1.1,2014-02-09,1527,Aqua,MODIS,38,6.2,286.4,11.3,N,0
-37.4535,148.3679,322.9,1.1,1,2014-02-09,1527,Aqua,MODIS,15,6.2,289.6,18.5,N,0
-37.4409,148.4219,316.2,1.1,1.1,2014-02-09,1527,Aqua,MODIS,28,6.2,288.6,17.5,N,0
-37.4425,148.3575,331.7,1.1,1,2014-02-09,1527,Aqua,MODIS,71,6.2,291.2,30.9,N,0
-37.452,148.4324,320.1,1.1,1.1,2014-02-09,1527,Aqua,MODIS,73,6.2,289,21.9,N,0
-37.4592,148.3854,320.5,1.1,1,2014-02-09,1527,Aqua,MODIS,0,6.2,289.2,15.3,N,0
-37.3808,148.3307,319.7,1.1,1,2014-02-09,1527,Aqua,MODIS,88,6.2,287.5,20.6,N,0
-37.54,148.4086,321.1,1.1,1.1,2014-02-09,1527,Aqua,MODIS,0,6.2,288.7,15.7,N,0
-37.4124,148.4278,326.3,1.1,1.1,2014-02-09,1527,Aqua,MODIS,76,6.2,289.7,28.8,N,0
-37.4729,148.5982,317,1.1,1.1,2014-02-09,1527,Aqua,MODIS,71,6.2,285.1,18.1,N,0
-37.5416,148.4993,318.7,1.1,1.1,2014-02-09,1527,Aqua,MODIS,97,6.2,287.9,20.4,N,0
-37.4487,148.3301,313.4,1.1,1,2014-02-09,1527,Aqua,MODIS,36,6.2,288.5,6.2,N,0
-37.4545,148.3478,324.5,1.1,1,2014-02-09,1527,Aqua,MODIS,79,6.2,290.1,19.3,N,0
-37.5017,148.9112,330.2,1.2,1.1,2014-02-09,1527,Aqua,MODIS,100,6.2,289.4,38.3,N,0
-37.4798,148.3946,320.2,1.1,1,2014-02-09,1527,Aqua,MODIS,0,6.2,289.3,15.3,N,0
-37.505,148.4408,322.4,1.1,1.1,2014-02-09,1527,Aqua,MODIS,0,6.2,288.8,22.5,N,0
-37.3935,148.3545,319.1,1.1,1,2014-02-09,1527,Aqua,MODIS,82,6.2,290.2,21.5,N,0
-37.4093,148.4026,328,1.1,1,2014-02-09,1527,Aqua,MODIS,88,6.2,289.8,33.1,N,0
-37.463,148.4427,334.9,1.1,1.1,2014-02-09,1527,Aqua,MODIS,100,6.2,290.6,43.6,N,0
-37.433,148.4363,334.6,1.1,1.1,2014-02-09,1527,Aqua,MODIS,100,6.2,289.8,41.7,N,0
-37.4971,148.4557,328.9,1.1,1.1,2014-02-09,1527,Aqua,MODIS,100,6.2,290.1,33.4,N,0
-37.4551,148.3804,318.6,1.1,1,2014-02-09,1527,Aqua,MODIS,28,6.2,288.9,12.4,N,0
-37.5,148.8974,306.3,1.2,1.1,2014-02-09,1527,Aqua,MODIS,67,6.2,286.1,10.6,N,0
-38.2616,146.3948,311.7,1,1,2014-02-09,1527,Aqua,MODIS,60,6.2,286.2,11.7,N,2
-38.507,146.5846,306.4,1,1,2014-02-09,1527,Aqua,MODIS,45,6.2,285.9,8.9,N,0
-38.5086,146.5963,306.6,1,1,2014-02-09,1527,Aqua,MODIS,69,6.2,287.2,9.6,N,0
-38.5155,146.5104,313.7,1,1,2014-02-09,1527,Aqua,MODIS,62,6.2,285.3,13.5,N,0
-38.1818,146.4184,322.2,1,1,2014-02-09,1527,Aqua,MODIS,73,6.2,292.6,20.7,N,0
-38.2066,146.3358,329.2,1,1,2014-02-09,1527,Aqua,MODIS,100,6.2,289.4,29.3,N,0
-38.2156,146.3337,340.6,1,1,2014-02-09,1527,Aqua,MODIS,100,6.2,288.6,45.6,N,0
-38.223,146.3201,305.7,1,1,2014-02-09,1527,Aqua,MODIS,58,6.2,284.8,8.7,N,0
-38.1851,146.4416,369,1,1,2014-02-09,1527,Aqua,MODIS,100,6.2,293.8,115.4,N,0
-38.1867,146.4531,328.9,1,1,2014-02-09,1527,Aqua,MODIS,100,6.2,287.8,28.8,N,0
-38.2403,146.3758,334.3,1,1,2014-02-09,1527,Aqua,MODIS,100,6.2,286.3,35.6,N,2
-38.2419,146.3874,412,1,1,2014-02-09,1527,Aqua,MODIS,100,6.2,305.9,337.7,N,2
-38.2435,146.3989,365,1,1,2014-02-09,1527,Aqua,MODIS,100,6.2,295.2,102.2,N,2
-38.251,146.3854,368.9,1,1,2014-02-09,1527,Aqua,MODIS,100,6.2,295.6,115.1,N,2
-38.2526,146.3969,444.4,1,1,2014-02-09,1527,Aqua,MODIS,100,6.2,321.7,650,N,2
-38.2542,146.4084,378.9,1,1,2014-02-09,1527,Aqua,MODIS,100,6.2,300.2,152.3,N,2
-38.1802,146.4069,313,1,1,2014-02-09,1527,Aqua,MODIS,39,6.2,287.3,12.6,N,0
-38.2247,146.3317,314.7,1,1,2014-02-09,1527,Aqua,MODIS,90,6.2,286.7,14.7,N,0
-38.2173,146.3453,323.7,1,1,2014-02-09,1527,Aqua,MODIS,100,6.2,287.9,22.1,N,0
-38.2451,146.4104,345.6,1,1,2014-02-09,1527,Aqua,MODIS,100,6.2,291.7,55.6,N,2
-37.4003,144.9395,326.7,1,1,2014-02-09,1527,Aqua,MODIS,100,6.2,287.3,26.8,N,0
-37.2968,144.8644,312.2,1,1,2014-02-09,1527,Aqua,MODIS,29,6.2,284.9,11.4,N,0
-37.4364,144.9369,313,1,1,2014-02-09,1527,Aqua,MODIS,86,6.2,285.7,14.1,N,0
-37.304,144.9102,322.6,1,1,2014-02-09,1527,Aqua,MODIS,80,6.2,286,19.6,N,0
-37.4346,144.9255,318.6,1,1,2014-02-09,1527,Aqua,MODIS,97,6.2,285.7,19.2,N,0
-37.4274,144.9329,338.1,1,1,2014-02-09,1527,Aqua,MODIS,100,6.2,288.7,42.1,N,0
-37.4256,144.9214,324.1,1,1,2014-02-09,1527,Aqua,MODIS,100,6.2,286.1,22.8,N,0
-37.4184,144.9351,356.5,1,1,2014-02-09,1527,Aqua,MODIS,100,6.2,291.2,79.4,N,0
-37.4166,144.9236,354.9,1,1,2014-02-09,1527,Aqua,MODIS,100,6.2,289.1,74.8,N,0
-37.4093,144.9373,360.7,1,1,2014-02-09,1527,Aqua,MODIS,100,6.2,291.1,90.7,N,0
-37.4075,144.9258,348.5,1,1,2014-02-09,1527,Aqua,MODIS,100,6.2,290,60.6,N,0
-37.4057,144.9143,321.2,1,1,2014-02-09,1527,Aqua,MODIS,100,6.2,286.4,20.1,N,0
-37.4039,144.9028,311.2,1,1,2014-02-09,1527,Aqua,MODIS,65,6.2,284.2,11.5,N,0
-37.3968,144.857,308.3,1,1,2014-02-09,1527,Aqua,MODIS,37,6.2,283.5,9.7,N,0
-37.3985,144.928,338.7,1,1,2014-02-09,1527,Aqua,MODIS,100,6.2,289.1,44.1,N,0
-37.3967,144.9165,309.5,1,1,2014-02-09,1527,Aqua,MODIS,78,6.2,285.4,11.4,N,0
-37.3877,144.8592,314.4,1,1,2014-02-09,1527,Aqua,MODIS,16,6.2,284.4,13.3,N,0
-37.386,144.8478,322.7,1,1,2014-02-09,1527,Aqua,MODIS,62,6.2,284.7,21.4,N,0
-37.3769,144.8501,331.5,1,1,2014-02-09,1527,Aqua,MODIS,90,6.2,286.9,31.8,N,0
-37.3587,144.8545,322.6,1,1,2014-02-09,1527,Aqua,MODIS,59,6.2,287,20.1,N,0
-37.3569,144.843,333.7,1,1,2014-02-09,1527,Aqua,MODIS,90,6.2,285.2,35.1,N,0
-37.3497,144.8567,320.9,1,1,2014-02-09,1527,Aqua,MODIS,67,6.2,286.6,18.6,N,0
-37.3058,144.9216,335.2,1,1,2014-02-09,1527,Aqua,MODIS,99,6.2,287.7,36.7,N,0
-37.3131,144.908,324.2,1,1,2014-02-09,1527,Aqua,MODIS,73,6.2,287.4,21,N,0
-37.3149,144.9194,356.4,1,1,2014-02-09,1527,Aqua,MODIS,100,6.2,292.4,78.8,N,0
-37.3221,144.9057,323.3,1,1,2014-02-09,1527,Aqua,MODIS,100,6.2,287.1,20.4,N,0
-37.3239,144.9173,342.7,1,1,2014-02-09,1527,Aqua,MODIS,100,6.2,289.5,49.6,N,0
-37.3259,144.8692,315.1,1,1,2014-02-09,1527,Aqua,MODIS,61,6.2,285.7,12.5,N,0
-38.3672,147.022,322.6,1,1,2014-02-09,1527,Aqua,MODIS,100,6.2,286.1,24.5,N,0
-38.3688,147.0339,320.9,1,1,2014-02-09,1527,Aqua,MODIS,100,6.2,286.9,22.7,N,0
-37.333,144.915,314.4,1,1,2014-02-09,1527,Aqua,MODIS,83,6.2,285.1,13.9,N,0
-37.3388,144.8474,327.7,1,1,2014-02-09,1527,Aqua,MODIS,58,6.2,285.2,26.8,N,0
-37.3479,144.8452,340.8,1,1,2014-02-09,1527,Aqua,MODIS,99,6.2,286.2,46.1,N,0
-37.2099,144.9028,317.8,1,1,2014-02-09,1527,Aqua,MODIS,96,6.2,286,18.5,N,0
-37.2189,144.9007,342.2,1,1,2014-02-09,1527,Aqua,MODIS,100,6.2,288.4,50,N,0
-37.2207,144.9121,343,1,1,2014-02-09,1527,Aqua,MODIS,100,6.2,289.7,51.6,N,0
-37.5165,144.863,302,1,1,2014-02-09,1527,Aqua,MODIS,46,6.2,284.1,7.1,N,0
-37.509,144.8596,309,1,1,2014-02-09,1527,Aqua,MODIS,10,6.2,284.6,9.9,N,0
-37.228,144.8985,316.8,1,1,2014-02-09,1527,Aqua,MODIS,64,6.2,286,16,N,0
-37.2298,144.9099,320.6,1,1,2014-02-09,1527,Aqua,MODIS,86,6.2,286.5,19.5,N,0
-37.246,144.9004,303.4,1,1,2014-02-09,1527,Aqua,MODIS,55,6.2,285.1,7.5,N,0
-37.2478,144.9118,301.3,1,1,2014-02-09,1527,Aqua,MODIS,36,6.2,285,6.2,N,0
-37.2787,144.8687,363.2,1,1,2014-02-09,1527,Aqua,MODIS,100,6.2,293.1,98.6,N,0
-37.2805,144.8802,331.8,1,1,2014-02-09,1527,Aqua,MODIS,100,6.2,289.7,32.1,N,0
-37.2878,144.8665,321.5,1,1,2014-02-09,1527,Aqua,MODIS,79,6.2,286.4,19.7,N,0
-37.4437,144.9233,300.8,1,1,2014-02-09,1527,Aqua,MODIS,34,6.2,282.9,6.6,N,0
-21.9116,118.2141,305.4,2.2,1.4,2014-02-09,1702,Aqua,MODIS,22,6.2,286.7,18.4,N,0
-21.8987,118.202,327.3,2.2,1.5,2014-02-09,1702,Aqua,MODIS,100,6.2,290.4,77.9,N,0
-21.9028,118.2235,320.7,2.2,1.4,2014-02-09,1702,Aqua,MODIS,100,6.2,289.4,55.9,N,0
-31.0487,146.7262,334.6,2,1.4,2014-02-10,0049,Terra,MODIS,60,6.2,315.9,32.8,D,0
-33.1663,138.228,360.3,1,1,2014-02-10,0050,Terra,MODIS,100,6.2,309.4,72.7,D,0
-33.1373,138.2231,356.4,1,1,2014-02-10,0050,Terra,MODIS,97,6.2,310.9,63.5,D,0
-33.1646,138.217,337,1,1,2014-02-10,0050,Terra,MODIS,82,6.2,307.9,21.9,D,0
-33.139,138.234,337.1,1,1,2014-02-10,0050,Terra,MODIS,83,6.2,307.9,24.4,D,0
-33.1754,138.226,341,1,1,2014-02-10,0050,Terra,MODIS,87,6.2,308.4,29.2,D,0
-33.1174,138.2161,333.5,1,1,2014-02-10,0050,Terra,MODIS,76,6.2,308.6,16.8,D,0
-33.1082,138.218,340.3,1,1,2014-02-10,0050,Terra,MODIS,86,6.2,309.7,27.4,D,0
-33.1464,138.2211,343,1,1,2014-02-10,0050,Terra,MODIS,88,6.2,309.8,33.3,D,0
-33.159,138.2409,333.9,1,1,2014-02-10,0050,Terra,MODIS,79,6.2,309.2,18.5,D,0
-33.1481,138.232,363.7,1,1,2014-02-10,0050,Terra,MODIS,100,6.2,311.5,83.7,D,0
-33.1737,138.215,336.4,1,1,2014-02-10,0050,Terra,MODIS,82,6.2,307.2,21.2,D,0
-33.1021,138.2258,338.5,1,1,2014-02-10,0050,Terra,MODIS,84,6.2,308.1,27.7,D,0
-33.1065,138.2071,336.1,1,1,2014-02-10,0050,Terra,MODIS,81,6.2,310.1,18.3,D,0
-33.1572,138.23,379,1,1,2014-02-10,0050,Terra,MODIS,100,6.2,313.2,138.5,D,0
-33.1003,138.2148,356.8,1,1,2014-02-10,0050,Terra,MODIS,98,6.2,312.1,65.4,D,0
-33.1282,138.2251,344.5,1,1,2014-02-10,0050,Terra,MODIS,90,6.2,309,38.3,D,0
-33.1191,138.227,337.5,1,1,2014-02-10,0050,Terra,MODIS,83,6.2,308,24.3,D,0
-37.9032,145.2393,312.1,1.9,1.4,2014-02-10,0051,Terra,MODIS,42,6.2,299.3,9.3,D,0
-37.4262,144.9411,327.3,1.8,1.3,2014-02-10,0051,Terra,MODIS,73,6.2,303.8,36.3,D,0
-37.4364,144.9191,322.8,1.8,1.3,2014-02-10,0051,Terra,MODIS,49,6.2,306.6,22,D,0
-37.3759,144.8496,327.2,1.8,1.3,2014-02-10,0051,Terra,MODIS,66,6.2,304.3,34.6,D,0
-37.4382,144.9396,325.5,1.8,1.3,2014-02-10,0051,Terra,MODIS,64,6.2,304.6,31.3,D,0
-37.4603,144.9161,335.9,1.8,1.3,2014-02-10,0051,Terra,MODIS,88,6.2,307.1,59.9,D,0
-37.4906,144.8501,356.8,1.8,1.3,2014-02-10,0051,Terra,MODIS,98,6.2,304.7,159.8,D,0
-37.4925,144.8705,332.9,1.8,1.3,2014-02-10,0051,Terra,MODIS,85,6.2,307.7,49.9,D,0
-37.5026,144.8486,366.2,1.8,1.3,2014-02-10,0051,Terra,MODIS,100,6.2,307.1,219.4,D,0
-37.5045,144.8694,346.4,1.8,1.3,2014-02-10,0051,Terra,MODIS,94,6.2,309.3,101.6,D,0
-37.2294,144.897,314.6,1.8,1.3,2014-02-10,0051,Terra,MODIS,50,6.2,303.5,13.2,D,0
-37.2242,144.9043,317.2,1.8,1.3,2014-02-10,0051,Terra,MODIS,67,6.2,303.7,17.9,D,0
-37.4959,144.8434,352.6,1.8,1.3,2014-02-10,0051,Terra,MODIS,97,6.2,304.8,134.9,D,0
-37.5097,144.8625,352.6,1.8,1.3,2014-02-10,0051,Terra,MODIS,97,6.2,308.6,133.9,D,0
-37.5079,144.8419,338.6,1.8,1.3,2014-02-10,0051,Terra,MODIS,90,6.2,304.4,72.5,D,0
-37.4977,144.8639,356.3,1.8,1.3,2014-02-10,0051,Terra,MODIS,98,6.2,309.8,154,D,0
-37.4124,144.9223,328.5,1.8,1.3,2014-02-10,0051,Terra,MODIS,82,6.2,305.6,39.2,D,0
-37.4214,144.948,322.5,1.8,1.3,2014-02-10,0051,Terra,MODIS,59,6.2,302.3,25,D,0
-37.4195,144.9276,333.6,1.8,1.3,2014-02-10,0051,Terra,MODIS,87,6.2,305.4,54.9,D,0
-37.4093,144.9494,329,1.8,1.3,2014-02-10,0051,Terra,MODIS,83,6.2,303.6,44.4,D,0
-37.4075,144.929,340.3,1.8,1.3,2014-02-10,0051,Terra,MODIS,91,6.2,305.2,81.1,D,0
-37.3879,144.8484,327.2,1.8,1.3,2014-02-10,0051,Terra,MODIS,73,6.2,305.6,36.1,D,0
-37.4141,144.9426,342.5,1.8,1.3,2014-02-10,0051,Terra,MODIS,92,6.2,304.8,91.4,D,0
-37.4244,144.9208,334.1,1.8,1.3,2014-02-10,0051,Terra,MODIS,87,6.2,305.6,54.8,D,0
-38.2477,146.3676,350,2.3,1.5,2014-02-10,0051,Terra,MODIS,95,6.2,299.2,167.4,D,2
-38.2524,146.3741,368.2,2.3,1.5,2014-02-10,0051,Terra,MODIS,100,6.2,301.6,328.8,D,2
-38.1896,146.4329,315.9,2.3,1.5,2014-02-10,0051,Terra,MODIS,42,6.2,299.7,22.8,D,0
-38.1809,146.4397,317,2.3,1.5,2014-02-10,0051,Terra,MODIS,38,6.2,299.4,26,D,0
-38.241,146.4006,348.8,2.3,1.5,2014-02-10,0051,Terra,MODIS,94,6.2,304.8,164.7,D,2
-38.2543,146.3996,415.8,2.3,1.5,2014-02-10,0051,Terra,MODIS,100,6.2,314.4,1165.6,D,2
-38.2563,146.4255,326.6,2.3,1.5,2014-02-10,0051,Terra,MODIS,78,6.2,304.5,47.2,D,2
-38.2514,146.4194,345.3,2.3,1.5,2014-02-10,0051,Terra,MODIS,93,6.2,305.9,141.8,D,2
-38.2629,146.3914,388.8,2.3,1.5,2014-02-10,0051,Terra,MODIS,87,6.2,305.8,607.5,D,2
-38.2648,146.4176,328.1,2.3,1.5,2014-02-10,0051,Terra,MODIS,76,6.2,302.2,55.2,D,2
-38.239,146.3747,356,2.3,1.5,2014-02-10,0051,Terra,MODIS,98,6.2,303.3,216.6,D,2
-38.2496,146.3937,399,2.3,1.5,2014-02-10,0051,Terra,MODIS,100,6.2,313,785.4,D,2
-20.8881,116.6427,334.7,1,1,2014-02-10,0226,Terra,MODIS,75,6.2,307.2,15.2,D,0
-20.8896,116.6526,342.6,1,1,2014-02-10,0226,Terra,MODIS,86,6.2,308.2,28,D,0
-20.8987,116.651,340.4,1,1,2014-02-10,0226,Terra,MODIS,83,6.2,307.4,25.1,D,0
-20.9451,116.6572,358.3,1,1,2014-02-10,0226,Terra,MODIS,98,6.2,308.5,65,D,0
-20.9466,116.6671,345.4,1,1,2014-02-10,0226,Terra,MODIS,89,6.2,308.5,33.7,D,0
-20.9481,116.6769,331.3,1,1,2014-02-10,0226,Terra,MODIS,67,6.2,308.1,9.7,D,0
-20.9542,116.6557,353.4,1,1,2014-02-10,0226,Terra,MODIS,95,6.2,307.6,51.5,D,0
-20.9557,116.6655,369.5,1,1,2014-02-10,0226,Terra,MODIS,100,6.2,310.1,97.7,D,0
-20.9573,116.6754,338.3,1,1,2014-02-10,0226,Terra,MODIS,81,6.2,308.1,20.2,D,0
-21.9115,118.2006,338.7,1,1,2014-02-10,0226,Terra,MODIS,84,6.2,305.2,25.8,D,0
-21.9157,118.2297,335.9,1,1,2014-02-10,0226,Terra,MODIS,82,6.2,304.6,21.4,D,0
-22.0762,118.1317,342,1,1,2014-02-10,0226,Terra,MODIS,87,6.2,306.9,30,D,0
-22.0748,118.1219,370.6,1,1,2014-02-10,0226,Terra,MODIS,100,6.2,309.4,102.9,D,0
-22.0734,118.1122,356.2,1,1,2014-02-10,0226,Terra,MODIS,97,6.2,306.5,60.8,D,0
-22.0672,118.1331,362.5,1,1,2014-02-10,0226,Terra,MODIS,100,6.2,308.5,76.3,D,0
-22.0658,118.1234,361.5,1,1,2014-02-10,0226,Terra,MODIS,100,6.2,308,73.9,D,0
-21.8934,118.2035,327.9,1,1,2014-02-10,0226,Terra,MODIS,60,6.2,305.6,9.8,D,0
-21.8781,118.2258,340.2,1,1,2014-02-10,0226,Terra,MODIS,86,6.2,305.4,27,D,0
-21.9143,118.22,342.7,1,1,2014-02-10,0226,Terra,MODIS,88,6.2,305.6,32.1,D,0
-21.9171,118.2395,325,1,1,2014-02-10,0226,Terra,MODIS,57,6.2,303.8,7.9,D,0
-21.9129,118.2103,346.1,1,1,2014-02-10,0226,Terra,MODIS,91,6.2,305.8,38.7,D,0
-21.8976,118.2327,330.2,1,1,2014-02-10,0226,Terra,MODIS,72,6.2,304.9,11.6,D,0
-38.2562,146.3691,354.7,3.9,1.8,2014-02-10,0328,Aqua,MODIS,85,6.2,304.1,453.7,D,2
-38.5033,146.5483,335.2,3.8,1.8,2014-02-10,0328,Aqua,MODIS,86,6.2,296.7,215.6,D,0
-38.4989,146.545,332.1,3.8,1.8,2014-02-10,0328,Aqua,MODIS,78,6.2,295.3,190.6,D,0
-38.2209,146.319,327.7,3.9,1.8,2014-02-10,0328,Aqua,MODIS,81,6.2,304.5,126,D,0
-38.2592,146.4234,320.3,3.8,1.8,2014-02-10,0328,Aqua,MODIS,62,6.2,303.6,59.4,D,2
-38.261,146.3775,357,3.9,1.8,2014-02-10,0328,Aqua,MODIS,93,6.2,304.9,496,D,2
-38.2443,146.376,330.9,3.9,1.8,2014-02-10,0328,Aqua,MODIS,83,6.2,303.8,145.4,D,0
-38.2542,146.4155,333,3.8,1.8,2014-02-10,0328,Aqua,MODIS,74,6.2,304,163.5,D,2
-38.2244,146.324,335.1,3.9,1.8,2014-02-10,0328,Aqua,MODIS,82,6.2,304.7,198.8,D,0
-37.2844,144.9266,328.6,4.7,2,2014-02-10,0328,Aqua,MODIS,84,6.2,300.5,169.5,D,0
-37.2862,144.8732,332.7,4.7,2,2014-02-10,0328,Aqua,MODIS,87,6.2,300.2,225.9,D,0
-37.4094,144.8353,338.2,4.7,2,2014-02-10,0328,Aqua,MODIS,85,6.2,303,289.9,D,0
-37.408,144.8881,333.5,4.7,2,2014-02-10,0328,Aqua,MODIS,73,6.2,304.4,221.3,D,0
-37.4971,144.8393,321.5,4.7,2,2014-02-10,0328,Aqua,MODIS,55,6.2,302.9,90.5,D,0
-37.5191,144.8369,340.8,4.7,2,2014-02-10,0328,Aqua,MODIS,92,6.2,303.9,338.2,D,0
-37.3738,144.8789,324.5,4.7,2,2014-02-10,0328,Aqua,MODIS,50,6.2,302.3,127.9,D,0
-37.2878,144.8208,325.7,4.7,2,2014-02-10,0328,Aqua,MODIS,80,6.2,298.7,147.4,D,0
-37.2886,144.8643,332.4,4.7,2,2014-02-10,0328,Aqua,MODIS,86,6.2,300.6,218.2,D,0
-37.3044,144.8743,319.4,4.7,2,2014-02-10,0328,Aqua,MODIS,43,6.2,301.1,81.8,D,0
-37.2905,144.8115,320.2,4.7,2,2014-02-10,0328,Aqua,MODIS,20,6.2,298.5,89,D,0
-37.4669,144.828,329.9,4.7,2,2014-02-10,0328,Aqua,MODIS,75,6.2,300.1,177.4,D,0
-37.2865,144.9176,337.1,4.7,2,2014-02-10,0328,Aqua,MODIS,89,6.2,300.3,270.5,D,0
-37.5154,144.8395,341.2,4.7,2,2014-02-10,0328,Aqua,MODIS,92,6.2,303.7,340.6,D,0
-37.412,144.8269,335.3,4.7,2,2014-02-10,0328,Aqua,MODIS,73,6.2,302.7,243.9,D,0
-37.4852,144.8279,328.2,4.7,2,2014-02-10,0328,Aqua,MODIS,71,6.2,302.5,156,D,0
-37.3902,144.9347,328.1,4.7,2,2014-02-10,0328,Aqua,MODIS,54,6.2,299.6,160,D,0
-37.4063,144.9439,343.2,4.7,2,2014-02-10,0328,Aqua,MODIS,90,6.2,302.2,368,D,0
-37.4643,144.8363,328.5,4.7,2,2014-02-10,0328,Aqua,MODIS,64,6.2,300.2,155.4,D,0
-37.4084,144.9352,347.6,4.7,2,2014-02-10,0328,Aqua,MODIS,95,6.2,303,438.9,D,0
-37.4825,144.8363,337.3,4.7,2,2014-02-10,0328,Aqua,MODIS,90,6.2,302.8,274.6,D,0
-37.5008,144.8366,320.9,4.7,2,2014-02-10,0328,Aqua,MODIS,64,6.2,302.9,87.9,D,0
-29.0467,152.2055,329.4,1.3,1.1,2014-02-10,0330,Aqua,MODIS,73,6.2,309.4,23.7,D,0
-29.0266,153.279,321.8,1.2,1.1,2014-02-10,0330,Aqua,MODIS,67,6.2,305.7,11.8,D,0
-28.9834,153.1506,317,1.2,1.1,2014-02-10,0330,Aqua,MODIS,37,6.2,303.6,8.5,D,0
-29.057,152.207,325.3,1.3,1.1,2014-02-10,0330,Aqua,MODIS,64,6.2,309,17.2,D,0
-29.0306,153.2742,321.9,1.2,1.1,2014-02-10,0330,Aqua,MODIS,68,6.2,307,10.6,D,0
-29.1183,153.0434,321.2,1.2,1.1,2014-02-10,0330,Aqua,MODIS,51,6.2,305.8,9.8,D,0
-25.6894,143.7557,320.1,4.4,1.9,2014-02-10,0331,Aqua,MODIS,30,6.2,289.8,105.7,D,0
-27.1097,151.0511,331.5,1.4,1.2,2014-02-10,0331,Aqua,MODIS,58,6.2,312.6,19,D,0
-38.2693,146.3392,328.7,3.8,1.8,2014-02-10,0506,Aqua,MODIS,68,6.2,297.2,139.1,D,0
-38.2661,146.3328,317.8,3.8,1.8,2014-02-10,0506,Aqua,MODIS,36,6.2,297,59.7,D,0
-38.5307,146.5669,318.7,3.9,1.8,2014-02-10,0506,Aqua,MODIS,66,6.2,296.9,81.5,D,0
-38.5151,146.5996,314.4,3.9,1.8,2014-02-10,0506,Aqua,MODIS,31,6.2,293.8,54.1,D,0
-38.5263,146.5564,315.9,3.9,1.8,2014-02-10,0506,Aqua,MODIS,40,6.2,296.8,66.8,D,0
-38.2466,146.4249,327.8,3.9,1.8,2014-02-10,0506,Aqua,MODIS,76,6.2,301.1,121,D,2
-38.2579,146.3824,399.4,3.9,1.8,2014-02-10,0506,Aqua,MODIS,87,6.2,304.2,1712.1,D,2
-38.2599,146.4253,328.8,3.9,1.8,2014-02-10,0506,Aqua,MODIS,71,6.2,301.4,131.3,D,2
-38.2438,146.4188,327.5,3.9,1.8,2014-02-10,0506,Aqua,MODIS,76,6.2,300.8,120.5,D,2
-38.2547,146.3768,379.2,3.9,1.8,2014-02-10,0506,Aqua,MODIS,94,6.2,303.3,1011.5,D,2
-38.5109,146.5473,318.4,3.9,1.8,2014-02-10,0506,Aqua,MODIS,38,6.2,295.4,85.9,D,0
-37.3498,144.8989,343.5,3.4,1.7,2014-02-10,0506,Aqua,MODIS,91,6.2,303.3,228.9,D,0
-37.4047,144.9287,365.2,3.4,1.7,2014-02-10,0506,Aqua,MODIS,100,6.2,306.3,518.7,D,0
-37.4585,144.8618,327.7,3.3,1.7,2014-02-10,0506,Aqua,MODIS,71,6.2,303.5,86.2,D,0
-37.4103,144.9232,352.3,3.4,1.7,2014-02-10,0506,Aqua,MODIS,96,6.2,306.1,325.1,D,0
-37.3755,144.8214,326.5,3.3,1.7,2014-02-10,0506,Aqua,MODIS,67,6.2,299,87.3,D,0
-37.357,144.8974,349.4,3.4,1.7,2014-02-10,0506,Aqua,MODIS,94,6.2,304.5,296.9,D,0
-37.3482,144.9332,338.9,3.4,1.7,2014-02-10,0506,Aqua,MODIS,83,6.2,296.9,184.3,D,0
-37.3837,144.8296,332.7,3.3,1.7,2014-02-10,0506,Aqua,MODIS,69,6.2,299.2,125.9,D,0
-37.5073,144.85,321.4,3.3,1.7,2014-02-10,0506,Aqua,MODIS,39,6.2,303.6,49.2,D,0
-37.4254,144.9293,328.6,3.4,1.7,2014-02-10,0506,Aqua,MODIS,44,6.2,303.2,93.5,D,0
-37.4435,144.8555,328.9,3.3,1.7,2014-02-10,0506,Aqua,MODIS,52,6.2,302.4,90,D,0
-37.3986,144.8362,348.2,3.3,1.7,2014-02-10,0506,Aqua,MODIS,94,6.2,301.7,272.6,D,0
-37.3904,144.8278,335.7,3.3,1.7,2014-02-10,0506,Aqua,MODIS,83,6.2,300.5,151.9,D,0
-37.3408,144.9348,331.2,3.4,1.7,2014-02-10,0506,Aqua,MODIS,55,6.2,296.4,117.1,D,0
-37.3649,144.9051,354.5,3.4,1.7,2014-02-10,0506,Aqua,MODIS,97,6.2,305,354.5,D,0
-37.372,144.9038,335.7,3.4,1.7,2014-02-10,0506,Aqua,MODIS,48,6.2,304,148.2,D,0
-37.3634,144.9392,338.4,3.4,1.7,2014-02-10,0506,Aqua,MODIS,70,6.2,297.7,177.4,D,0
-37.3687,144.8232,326,3.3,1.7,2014-02-10,0506,Aqua,MODIS,68,6.2,298.9,84.4,D,0
-37.3956,144.9649,339,3.4,1.7,2014-02-10,0506,Aqua,MODIS,84,6.2,301,188.5,D,0
-37.4198,144.9348,335.3,3.4,1.7,2014-02-10,0506,Aqua,MODIS,72,6.2,303.7,144,D,0
-37.4383,144.8613,327.9,3.3,1.7,2014-02-10,0506,Aqua,MODIS,45,6.2,302.7,82.4,D,0
-37.4014,144.9593,336.9,3.4,1.7,2014-02-10,0506,Aqua,MODIS,85,6.2,301.7,169.6,D,0
-37.4625,144.8307,325.9,3.3,1.7,2014-02-10,0506,Aqua,MODIS,37,6.2,301,70.7,D,0
-37.3951,144.9175,352.3,3.4,1.7,2014-02-10,0506,Aqua,MODIS,96,6.2,304.5,321.8,D,0
-37.3799,144.9114,347,3.4,1.7,2014-02-10,0506,Aqua,MODIS,89,6.2,303.2,255.2,D,0
-37.3711,144.9468,382.4,3.4,1.7,2014-02-10,0506,Aqua,MODIS,100,6.2,301.4,902.1,D,0
-37.2719,144.8544,328.7,3.4,1.7,2014-02-10,0506,Aqua,MODIS,65,6.2,297.9,113.3,D,0
-37.2815,144.8663,324.2,3.4,1.7,2014-02-10,0506,Aqua,MODIS,40,6.2,300,82.4,D,0
-37.3419,144.8913,327.7,3.4,1.7,2014-02-10,0506,Aqua,MODIS,48,6.2,303.4,96.3,D,0
-37.5157,144.8581,320.4,3.3,1.7,2014-02-10,0506,Aqua,MODIS,32,6.2,304.1,45.8,D,0
-37.3863,144.953,358,3.4,1.7,2014-02-10,0506,Aqua,MODIS,99,6.2,301.6,417.1,D,0
-33.1916,138.2181,373.2,1.7,1.3,2014-02-10,0507,Aqua,MODIS,100,6.2,316.4,219.7,D,0
-33.181,138.2279,466,1.7,1.3,2014-02-10,0507,Aqua,MODIS,100,6.2,336.9,1951.6,D,0
-33.1324,138.2328,341.3,1.7,1.3,2014-02-10,0507,Aqua,MODIS,82,6.2,311,46.1,D,0
-33.155,138.2393,345.1,1.7,1.3,2014-02-10,0507,Aqua,MODIS,86,6.2,309.4,61.8,D,0
-33.1732,138.2069,334.4,1.7,1.3,2014-02-10,0507,Aqua,MODIS,68,6.2,317.1,18.3,D,0
-33.1246,138.2115,359.6,1.7,1.3,2014-02-10,0507,Aqua,MODIS,99,6.2,316.8,130.6,D,0
-33.1923,138.2313,364.7,1.7,1.3,2014-02-10,0507,Aqua,MODIS,100,6.2,310.7,166.1,D,0
-33.1882,138.2356,434.5,1.7,1.3,2014-02-10,0507,Aqua,MODIS,100,6.2,318.8,1084.3,D,0
-33.1663,138.2427,354.5,1.7,1.3,2014-02-10,0507,Aqua,MODIS,96,6.2,309.6,105.3,D,0
-33.1844,138.2102,353.8,1.7,1.3,2014-02-10,0507,Aqua,MODIS,95,6.2,319.6,96.4,D,0
-33.1437,138.2359,345.8,1.7,1.3,2014-02-10,0507,Aqua,MODIS,88,6.2,309.4,63.7,D,0
-33.121,138.2297,370.7,1.7,1.3,2014-02-10,0507,Aqua,MODIS,100,6.2,316.4,202,D,0
-33.1585,138.2214,352.7,1.7,1.3,2014-02-10,0507,Aqua,MODIS,94,6.2,315.9,94.8,D,0
-33.1776,138.246,381.5,1.7,1.3,2014-02-10,0507,Aqua,MODIS,100,6.2,308.3,295.9,D,0
-33.1889,138.2493,335.4,1.7,1.3,2014-02-10,0507,Aqua,MODIS,58,6.2,303.6,35.6,D,0
-33.1472,138.218,358.6,1.7,1.3,2014-02-10,0507,Aqua,MODIS,99,6.2,316.8,125.8,D,0
-33.1697,138.2247,389,1.7,1.3,2014-02-10,0507,Aqua,MODIS,100,6.2,322.1,362.5,D,0
-33.1359,138.2148,347.3,1.7,1.3,2014-02-10,0507,Aqua,MODIS,89,6.2,314.9,70.4,D,0
-32.1461,133.901,344.9,1.1,1,2014-02-10,0508,Aqua,MODIS,80,6.2,328.5,19.9,D,0
-22.0685,118.1247,324.1,4.7,2,2014-02-10,0511,Aqua,MODIS,63,6.2,291.9,88.7,D,0
-22.0878,118.0839,319.7,4.7,2,2014-02-10,0511,Aqua,MODIS,29,6.2,288,42.8,D,0
-32.6469,116.3869,327.8,2.6,1.6,2014-02-10,0646,Aqua,MODIS,72,6.2,302.3,61.2,D,0
-38.2633,146.3938,390.4,1.3,1.1,2014-02-10,1252,Terra,MODIS,100,6.2,301.5,306.9,N,2
-38.2513,146.4073,353.3,1.3,1.1,2014-02-10,1252,Terra,MODIS,100,6.2,293.1,107.8,N,2
-38.2387,146.368,327.2,1.3,1.1,2014-02-10,1252,Terra,MODIS,100,6.2,287.6,40.4,N,2
-38.2442,146.3743,384.7,1.3,1.1,2014-02-10,1252,Terra,MODIS,100,6.2,295.5,265.3,N,0
-38.2562,146.3608,306.9,1.3,1.1,2014-02-10,1252,Terra,MODIS,70,6.2,288.8,12.1,N,2
-38.2108,146.3319,329.4,1.3,1.1,2014-02-10,1252,Terra,MODIS,100,6.2,289.6,46,N,0
-38.253,146.3915,419.9,1.3,1.1,2014-02-10,1252,Terra,MODIS,100,6.2,308.8,602.7,N,2
-38.2546,146.3759,389.7,1.3,1.1,2014-02-10,1252,Terra,MODIS,100,6.2,302.2,302.4,N,2
-38.2425,146.39,379.2,1.3,1.1,2014-02-10,1252,Terra,MODIS,100,6.2,294.1,229.5,N,2
-38.237,146.3834,339.3,1.3,1.1,2014-02-10,1252,Terra,MODIS,100,6.2,288.4,66.2,N,0
-38.2649,146.3782,369.4,1.3,1.1,2014-02-10,1252,Terra,MODIS,100,6.2,295.7,174.8,N,2
-38.2212,146.3338,316.6,1.3,1.1,2014-02-10,1252,Terra,MODIS,94,6.2,287.6,25.1,N,0
-37.5163,148.3135,304.8,1.1,1,2014-02-10,1252,Terra,MODIS,20,6.2,286.7,7.5,N,0
-37.8913,145.807,316.8,1.4,1.2,2014-02-10,1252,Terra,MODIS,94,6.2,285.7,28.8,N,0
-37.3849,148.6321,321,1.1,1,2014-02-10,1252,Terra,MODIS,26,6.2,289.1,18.2,N,0
-37.4624,148.5915,328.5,1.1,1,2014-02-10,1252,Terra,MODIS,97,6.2,289.4,26.3,N,0
-37.3279,148.7808,317.4,1.1,1,2014-02-10,1252,Terra,MODIS,79,6.2,288,16.4,N,0
-37.346,148.6376,312.9,1.1,1,2014-02-10,1252,Terra,MODIS,21,6.2,287.4,12.4,N,0
-37.4687,148.6173,320.2,1.1,1,2014-02-10,1252,Terra,MODIS,42,6.2,288.7,19.1,N,0
-37.4422,148.4821,304.6,1.1,1,2014-02-10,1252,Terra,MODIS,23,6.2,286.7,6.6,N,0
-37.4609,148.6034,319.8,1.1,1,2014-02-10,1252,Terra,MODIS,43,6.2,288.5,16.6,N,0
-37.4442,148.8839,301.9,1,1,2014-02-10,1252,Terra,MODIS,45,6.2,286.5,7,N,0
-37.6116,148.5151,328.3,1.1,1,2014-02-10,1252,Terra,MODIS,100,6.2,287.7,31.5,N,0
-37.3755,148.6304,328,1.1,1,2014-02-10,1252,Terra,MODIS,74,6.2,289.9,26.4,N,0
-37.4081,148.5998,321,1.1,1,2014-02-10,1252,Terra,MODIS,70,6.2,289.1,17.4,N,0
-37.3662,148.6287,329.7,1.1,1,2014-02-10,1252,Terra,MODIS,100,6.2,289.5,28.9,N,0
-37.5677,148.4817,320.6,1.1,1,2014-02-10,1252,Terra,MODIS,81,6.2,288.3,19.1,N,0
-37.3294,148.7688,308.3,1.1,1,2014-02-10,1252,Terra,MODIS,36,6.2,287.3,7.9,N,0
-37.5849,148.4978,310.7,1.1,1,2014-02-10,1252,Terra,MODIS,29,6.2,287.4,11.6,N,0
-37.3677,148.6167,309.9,1.1,1,2014-02-10,1252,Terra,MODIS,12,6.2,288.6,8,N,0
-37.4063,148.4622,311.4,1.1,1,2014-02-10,1252,Terra,MODIS,34,6.2,286.8,10.9,N,0
-37.3718,148.431,304.9,1.1,1,2014-02-10,1252,Terra,MODIS,51,6.2,283.5,9.5,N,0
-37.588,148.4733,336.8,1.1,1,2014-02-10,1252,Terra,MODIS,100,6.2,289.2,41.8,N,0
-37.4422,148.5999,313.5,1.1,1,2014-02-10,1252,Terra,MODIS,25,6.2,288.2,11.1,N,0
-37.315,148.6857,322.4,1.1,1,2014-02-10,1252,Terra,MODIS,100,6.2,288.7,21.7,N,0
-37.4238,148.6704,314.7,1.1,1,2014-02-10,1252,Terra,MODIS,90,6.2,288,15.3,N,0
-37.3602,148.7508,318.5,1.1,1,2014-02-10,1252,Terra,MODIS,63,6.2,288,17,N,0
-37.3186,148.7789,321.4,1.1,1,2014-02-10,1252,Terra,MODIS,87,6.2,288.4,19.9,N,0
-37.6194,148.5293,314.9,1.1,1,2014-02-10,1252,Terra,MODIS,90,6.2,288.4,16.9,N,0
-37.4253,148.6586,317.4,1.1,1,2014-02-10,1252,Terra,MODIS,66,6.2,287.9,16.9,N,0
-37.61,148.5275,331.5,1.1,1,2014-02-10,1252,Terra,MODIS,100,6.2,288.6,36.7,N,0
-37.3478,148.7733,326.1,1.1,1,2014-02-10,1252,Terra,MODIS,95,6.2,287.5,25.7,N,0
-37.3448,148.7227,307.2,1.1,1,2014-02-10,1252,Terra,MODIS,30,6.2,288.2,7.5,N,0
-37.3243,148.6876,337,1.1,1,2014-02-10,1252,Terra,MODIS,100,6.2,290.9,40.8,N,0
-37.5896,148.4609,315.2,1.1,1,2014-02-10,1252,Terra,MODIS,18,6.2,287.3,14.4,N,0
-37.3618,148.7387,322.4,1.1,1,2014-02-10,1252,Terra,MODIS,100,6.2,288.1,21.6,N,0
-37.3026,148.7818,316.8,1.1,1,2014-02-10,1252,Terra,MODIS,71,6.2,287.5,16.5,N,0
-37.467,148.5548,314.8,1.1,1,2014-02-10,1252,Terra,MODIS,16,6.2,287.6,12.6,N,0
-37.5415,148.3438,304.5,1.1,1,2014-02-10,1252,Terra,MODIS,11,6.2,286.6,7.3,N,0
-37.4175,148.6755,300.6,1.1,1,2014-02-10,1252,Terra,MODIS,27,6.2,287,5.7,N,0
-37.4019,148.6479,332.6,1.1,1,2014-02-10,1252,Terra,MODIS,100,6.2,289.2,35.1,N,0
-37.3556,148.7127,322.8,1.1,1,2014-02-10,1252,Terra,MODIS,100,6.2,289,22.5,N,0
-37.5864,148.4857,341.6,1.1,1,2014-02-10,1252,Terra,MODIS,100,6.2,290,51.2,N,0
-37.3463,148.7106,319.8,1.1,1,2014-02-10,1252,Terra,MODIS,99,6.2,288.9,19.3,N,0
-37.419,148.6638,326.6,1.1,1,2014-02-10,1252,Terra,MODIS,100,6.2,288.8,29.1,N,0
-37.5959,148.4873,305.8,1.1,1,2014-02-10,1252,Terra,MODIS,65,6.2,287,9,N,0
-37.5771,148.4837,348.6,1.1,1,2014-02-10,1252,Terra,MODIS,100,6.2,291.4,64.8,N,0
-37.3258,148.6761,326.9,1.1,1,2014-02-10,1252,Terra,MODIS,95,6.2,288.6,26.2,N,0
-37.4065,148.6123,321.9,1.1,1,2014-02-10,1252,Terra,MODIS,37,6.2,289.1,18.2,N,0
-37.354,148.7247,311.5,1.1,1,2014-02-10,1252,Terra,MODIS,52,6.2,288.5,11.1,N,0
-37.4468,148.4454,307.9,1.1,1,2014-02-10,1252,Terra,MODIS,32,6.2,287.6,8.2,N,0
-37.3042,148.7696,323.5,1.1,1,2014-02-10,1252,Terra,MODIS,100,6.2,289,23.3,N,0
-37.4034,148.6362,332.1,1.1,1,2014-02-10,1252,Terra,MODIS,95,6.2,288.9,33.5,N,0
-37.4148,148.8164,309.1,1.1,1,2014-02-10,1252,Terra,MODIS,44,6.2,286.3,10.7,N,0
-37.3942,148.6342,332,1.1,1,2014-02-10,1252,Terra,MODIS,90,6.2,289.6,32.5,N,0
-37.2856,148.7663,302.6,1.1,1,2014-02-10,1252,Terra,MODIS,3,6.2,286.7,6.8,N,0
-37.6209,148.517,319.7,1.1,1,2014-02-10,1252,Terra,MODIS,99,6.2,287.8,21.7,N,0
-37.374,148.6423,331.9,1.1,1,2014-02-10,1252,Terra,MODIS,100,6.2,289.5,33.1,N,0
-37.3648,148.7149,315.8,1.1,1,2014-02-10,1252,Terra,MODIS,92,6.2,288,16,N,0
-37.5786,148.4714,330.3,1.1,1,2014-02-10,1252,Terra,MODIS,100,6.2,289.1,30.7,N,0
-37.404,148.8271,308.6,1.1,1,2014-02-10,1252,Terra,MODIS,61,6.2,286,10.5,N,0
-37.3667,144.9223,323.8,1.6,1.2,2014-02-10,1252,Terra,MODIS,90,6.2,286.5,41.6,N,0
-37.3175,144.8428,305.9,1.6,1.2,2014-02-10,1252,Terra,MODIS,66,6.2,285.1,17.6,N,0
-37.3191,144.8251,314,1.6,1.2,2014-02-10,1252,Terra,MODIS,88,6.2,285.2,29.1,N,0
-37.3772,144.93,311.8,1.6,1.2,2014-02-10,1252,Terra,MODIS,16,6.2,286.6,19.7,N,0
-37.378,144.9237,318.5,1.6,1.2,2014-02-10,1252,Terra,MODIS,43,6.2,287.1,30.1,N,0
-37.272,144.8482,301.3,1.6,1.2,2014-02-10,1252,Terra,MODIS,40,6.2,285.2,12.4,N,0
-31.331,151.3191,377.8,1.1,1.1,2014-02-10,1254,Terra,MODIS,100,6.2,303.6,170.1,N,0
-31.3328,151.3079,375.4,1.1,1.1,2014-02-10,1254,Terra,MODIS,100,6.2,303,158.8,N,0
-31.3216,151.317,375.7,1.1,1.1,2014-02-10,1254,Terra,MODIS,100,6.2,294.6,160.8,N,0
-31.3234,151.3057,382.8,1.1,1.1,2014-02-10,1254,Terra,MODIS,100,6.2,298.6,194.9,N,0
-31.3253,151.2941,308.6,1.1,1.1,2014-02-10,1254,Terra,MODIS,75,6.2,293.4,9.6,N,0
-31.314,151.3032,343.3,1.1,1.1,2014-02-10,1254,Terra,MODIS,100,6.2,293.4,57.6,N,0
-31.3159,151.2914,320.4,1.1,1.1,2014-02-10,1254,Terra,MODIS,100,6.2,291.4,20.5,N,0
-29.8361,149.3613,313,1,1,2014-02-10,1254,Terra,MODIS,85,6.2,297.3,8.9,N,0
-29.8345,149.3718,309.1,1,1,2014-02-10,1254,Terra,MODIS,75,6.2,297.2,6.1,N,0
-33.1206,138.2362,313.9,3.7,1.8,2014-02-10,1254,Terra,MODIS,88,6.2,294.5,73.2,N,0
-33.1229,138.1971,307.6,3.8,1.8,2014-02-10,1254,Terra,MODIS,47,6.2,294.5,39.1,N,0
-33.1266,138.2413,312.7,3.7,1.8,2014-02-10,1254,Terra,MODIS,27,6.2,294.3,61.2,N,0
-33.1596,138.2434,309.5,3.7,1.8,2014-02-10,1254,Terra,MODIS,27,6.2,294.2,47.3,N,0
-33.1371,138.2375,317.7,3.7,1.8,2014-02-10,1254,Terra,MODIS,80,6.2,294.9,90,N,0
-33.1287,138.2023,312.9,3.8,1.8,2014-02-10,1254,Terra,MODIS,28,6.2,294.8,59.7,N,0
-33.1431,138.2429,315.3,3.7,1.8,2014-02-10,1254,Terra,MODIS,33,6.2,294.6,73.2,N,0
-33.1536,138.2385,315.7,3.7,1.8,2014-02-10,1254,Terra,MODIS,5,6.2,294.7,74.6,N,0
-27.835,149.7939,308.9,1.1,1,2014-02-10,1255,Terra,MODIS,73,6.2,296.4,7,N,0
-25.3611,152.166,311.2,1.5,1.2,2014-02-10,1255,Terra,MODIS,82,6.2,291.4,18.7,N,0
-25.3606,152.1595,307.6,1.5,1.2,2014-02-10,1255,Terra,MODIS,72,6.2,291.2,15.1,N,0
-28.5264,149.9054,307.8,1.1,1,2014-02-10,1255,Terra,MODIS,68,6.2,296.3,5.5,N,0
-28.5281,149.8946,318.9,1.1,1,2014-02-10,1255,Terra,MODIS,97,6.2,296.6,15.2,N,0
-31.33,151.3242,302.4,3.2,1.7,2014-02-10,1430,Aqua,MODIS,22,6.2,291.2,28.6,N,0
-31.3271,151.3204,303.9,3.2,1.7,2014-02-10,1430,Aqua,MODIS,58,6.2,291.3,34.7,N,0
-38.2531,146.3709,326.5,4.2,1.9,2014-02-10,1432,Aqua,MODIS,100,6.2,287,213.4,N,2
-38.2369,146.379,342.2,4.2,1.9,2014-02-10,1432,Aqua,MODIS,100,6.2,287.2,393.9,N,0
-38.2493,146.4258,330.8,4.2,1.9,2014-02-10,1432,Aqua,MODIS,100,6.2,287.5,253.8,N,2
-38.2487,146.4175,342,4.2,1.9,2014-02-10,1432,Aqua,MODIS,100,6.2,289,382.6,N,2
-38.2652,146.4106,335.1,4.2,1.9,2014-02-10,1432,Aqua,MODIS,100,6.2,287.9,299.5,N,2
-38.236,146.3708,333.4,4.2,1.9,2014-02-10,1432,Aqua,MODIS,100,6.2,286.2,278.4,N,0
-38.2523,146.363,312.8,4.2,1.9,2014-02-10,1432,Aqua,MODIS,80,6.2,285.9,108.3,N,2
-38.2659,146.419,332.7,4.2,1.9,2014-02-10,1432,Aqua,MODIS,100,6.2,287.3,273.7,N,2
-37.3924,148.6365,305.9,3.3,1.7,2014-02-10,1432,Aqua,MODIS,39,6.2,286.8,40.7,N,0
-37.586,148.5109,301.7,3.3,1.7,2014-02-10,1432,Aqua,MODIS,15,6.2,286.2,31.5,N,0
-37.5773,148.4754,305.1,3.3,1.7,2014-02-10,1432,Aqua,MODIS,54,6.2,286.6,41.9,N,0
-37.3962,148.6398,306.8,3.3,1.7,2014-02-10,1432,Aqua,MODIS,62,6.2,286.8,45.2,N,0
-37.582,148.508,301.9,3.3,1.7,2014-02-10,1432,Aqua,MODIS,23,6.2,286.4,33.9,N,0
-37.3134,148.6812,302.3,3.3,1.7,2014-02-10,1432,Aqua,MODIS,48,6.2,286.1,30.4,N,0
-33.1726,138.2358,315,1.1,1,2014-02-10,1609,Aqua,MODIS,16,6.2,295,11.9,N,0
-33.1377,138.2358,335.6,1.1,1,2014-02-10,1609,Aqua,MODIS,100,6.2,297.3,38.4,N,0
-33.1392,138.2473,315.4,1.1,1,2014-02-10,1609,Aqua,MODIS,80,6.2,294.4,13.3,N,0
-33.1284,138.2375,338.7,1.1,1,2014-02-10,1609,Aqua,MODIS,100,6.2,297.1,43.7,N,0
-33.1082,138.2294,317.5,1.1,1,2014-02-10,1609,Aqua,MODIS,95,6.2,295,16.1,N,0
-33.1632,138.2375,320.8,1.1,1,2014-02-10,1609,Aqua,MODIS,37,6.2,296,17.5,N,0
-33.161,138.2673,333.3,1.1,1,2014-02-10,1609,Aqua,MODIS,100,6.2,293.9,35.9,N,0
-33.1362,138.2242,305.7,1.1,1,2014-02-10,1609,Aqua,MODIS,41,6.2,294.5,5,N,0
-33.1486,138.2457,337.4,1.1,1,2014-02-10,1609,Aqua,MODIS,100,6.2,297,40.2,N,0
-33.1595,138.2556,318.8,1.1,1,2014-02-10,1609,Aqua,MODIS,39,6.2,293.5,15.4,N,0
-33.119,138.2393,319.3,1.1,1,2014-02-10,1609,Aqua,MODIS,98,6.2,294.2,17.1,N,0
-33.147,138.234,331.3,1.1,1,2014-02-10,1609,Aqua,MODIS,100,6.2,296.9,30.4,N,0
-33.1756,138.2592,322.9,1.1,1,2014-02-10,1609,Aqua,MODIS,100,6.2,293.6,21.4,N,0
-33.1662,138.2609,332.5,1.1,1,2014-02-10,1609,Aqua,MODIS,100,6.2,295.3,34.6,N,0
-33.1579,138.244,323.5,1.1,1,2014-02-10,1609,Aqua,MODIS,56,6.2,295.6,19.2,N,0
-33.1175,138.2277,337,1.1,1,2014-02-10,1609,Aqua,MODIS,100,6.2,296.9,40.9,N,0
-33.1834,138.2458,314.4,1.1,1,2014-02-10,1609,Aqua,MODIS,27,6.2,292.1,11.1,N,0
-33.1268,138.2259,330.5,1.1,1,2014-02-10,1609,Aqua,MODIS,100,6.2,296.7,30.3,N,0
-37.3568,148.4332,304.4,4.7,2,2014-02-10,1610,Aqua,MODIS,59,6.2,286.5,66.4,N,0
-37.3535,148.4237,305.2,4.7,2,2014-02-10,1610,Aqua,MODIS,64,6.2,286.4,73.5,N,0
-38.2447,146.4272,349.9,3.6,1.8,2014-02-10,1610,Aqua,MODIS,100,6.2,289.7,406.9,N,2
-38.2426,146.3863,375.8,3.6,1.8,2014-02-10,1610,Aqua,MODIS,100,6.2,293.2,875.2,N,2
-38.2588,146.3852,381.7,3.6,1.8,2014-02-10,1610,Aqua,MODIS,100,6.2,291.1,1020.4,N,2
-38.261,146.4259,356.4,3.6,1.8,2014-02-10,1610,Aqua,MODIS,100,6.2,288.5,498.3,N,2
-38.2343,146.3814,351.6,3.6,1.8,2014-02-10,1610,Aqua,MODIS,100,6.2,286.7,428.1,N,0
-38.2506,146.3813,383.2,3.6,1.8,2014-02-10,1610,Aqua,MODIS,100,6.2,292.9,1064.4,N,2
-38.2525,146.4217,381.1,3.6,1.8,2014-02-10,1610,Aqua,MODIS,100,6.2,295.1,1013.8,N,2
-38.2362,146.4228,327.4,3.6,1.8,2014-02-10,1610,Aqua,MODIS,100,6.2,286.1,176.2,N,0
-37.368,144.9258,300.4,2.8,1.6,2014-02-10,1610,Aqua,MODIS,18,6.2,283.9,25.8,N,0
-29.0346,152.1955,319,1.1,1,2014-02-10,2353,Terra,MODIS,43,6.2,300.3,8.5,D,0
-31.0906,152.5909,320.3,1,1,2014-02-10,2354,Terra,MODIS,70,6.2,297.3,14.2,D,0
-38.2408,146.3938,346,1.5,1.2,2014-02-10,2356,Terra,MODIS,93,6.2,300.3,87.2,D,2
-38.2657,146.4044,340.7,1.5,1.2,2014-02-10,2356,Terra,MODIS,79,6.2,296.8,69.2,D,2
-38.2481,146.3727,374.8,1.5,1.2,2014-02-10,2356,Terra,MODIS,100,6.2,299.5,229.4,D,2
-38.2166,146.3293,334.1,1.5,1.2,2014-02-10,2356,Terra,MODIS,87,6.2,299.5,53.8,D,0
-38.2199,146.3461,320.1,1.5,1.2,2014-02-10,2356,Terra,MODIS,74,6.2,298.4,22.5,D,0
-38.2057,146.3324,313.1,1.5,1.2,2014-02-10,2356,Terra,MODIS,30,6.2,297.2,10.8,D,0
-38.2374,146.3768,351.6,1.5,1.2,2014-02-10,2356,Terra,MODIS,96,6.2,301.1,107.4,D,0
-38.2549,146.4074,358.4,1.5,1.2,2014-02-10,2356,Terra,MODIS,99,6.2,300.6,136.5,D,2
-38.2623,146.3871,399.5,1.5,1.2,2014-02-10,2356,Terra,MODIS,87,6.2,304.2,442,D,2
-38.2514,146.3899,399.7,1.5,1.2,2014-02-10,2356,Terra,MODIS,100,6.2,309,444.1,D,2
-37.3285,148.6456,391.4,1.2,1.1,2014-02-10,2356,Terra,MODIS,100,6.2,301.4,261.9,D,0
-37.4007,148.8218,305,1.2,1.1,2014-02-10,2356,Terra,MODIS,38,6.2,291.1,7,D,0
-37.3309,148.6587,345.9,1.2,1.1,2014-02-10,2356,Terra,MODIS,94,6.2,295.5,61.8,D,0
-37.3525,148.722,322.1,1.2,1.1,2014-02-10,2356,Terra,MODIS,55,6.2,296.9,19.2,D,0
-37.6171,148.5291,327.1,1.2,1.1,2014-02-10,2356,Terra,MODIS,84,6.2,295.6,29.5,D,0
-37.4228,148.6536,323.7,1.2,1.1,2014-02-10,2356,Terra,MODIS,56,6.2,294.5,22.3,D,0
-37.4666,148.6119,317.1,1.2,1.1,2014-02-10,2356,Terra,MODIS,36,6.2,293.9,13.7,D,0
-37.2555,148.7569,307.4,1.2,1.1,2014-02-10,2356,Terra,MODIS,30,6.2,293.5,6.5,D,0
-37.2174,148.6609,324.1,1.2,1.1,2014-02-10,2356,Terra,MODIS,37,6.2,295.6,21.9,D,0
-37.3207,148.7793,321.4,1.2,1.1,2014-02-10,2356,Terra,MODIS,16,6.2,297.2,17.3,D,0
-37.2729,148.6249,328.9,1.2,1.1,2014-02-10,2356,Terra,MODIS,68,6.2,295.8,30.1,D,0
-37.234,148.5797,306.1,1.2,1.1,2014-02-10,2356,Terra,MODIS,30,6.2,293.3,6.1,D,0
-37.4642,148.5987,321.6,1.2,1.1,2014-02-10,2356,Terra,MODIS,68,6.2,294.6,17.4,D,0
-37.3289,148.6514,400.7,1.2,1.1,2014-02-10,2356,Terra,MODIS,100,6.2,300.9,329.4,D,0
-37.3266,148.6381,358.6,1.2,1.1,2014-02-10,2356,Terra,MODIS,99,6.2,295.6,99.7,D,0
-37.3526,148.7801,323.6,1.2,1.1,2014-02-10,2356,Terra,MODIS,80,6.2,293.3,25.2,D,0
-37.6073,148.5319,317.7,1.2,1.1,2014-02-10,2356,Terra,MODIS,77,6.2,293.9,18.3,D,0
-37.2893,148.7744,321.7,1.2,1.1,2014-02-10,2356,Terra,MODIS,66,6.2,295.4,21,D,0
-37.3653,148.3313,336.2,1.2,1.1,2014-02-10,2356,Terra,MODIS,89,6.2,295,47.7,D,0
-37.3968,148.0482,306.1,1.3,1.1,2014-02-10,2356,Terra,MODIS,33,6.2,292.1,8.2,D,0
-37.6048,148.5182,316.5,1.2,1.1,2014-02-10,2356,Terra,MODIS,50,6.2,293.6,15.1,D,0
-37.3991,148.6385,338,1.2,1.1,2014-02-10,2356,Terra,MODIS,81,6.2,296.3,43.3,D,0
-37.3237,148.6799,351.3,1.2,1.1,2014-02-10,2356,Terra,MODIS,96,6.2,299.6,74.4,D,0
-37.2481,148.3707,330.1,1.2,1.1,2014-02-10,2356,Terra,MODIS,85,6.2,299.3,31.2,D,0
-37.435,148.6076,313.6,1.2,1.1,2014-02-10,2356,Terra,MODIS,25,6.2,293.8,9.9,D,0
-37.5087,148.9086,309.9,1.2,1.1,2014-02-10,2356,Terra,MODIS,65,6.2,298.9,7.6,D,0
-37.4499,148.4602,318.2,1.2,1.1,2014-02-10,2356,Terra,MODIS,33,6.2,293.4,15.3,D,0
-37.4473,148.5037,316.9,1.2,1.1,2014-02-10,2356,Terra,MODIS,64,6.2,294.5,15.6,D,0
-37.6146,148.5153,346.9,1.2,1.1,2014-02-10,2356,Terra,MODIS,95,6.2,296,69.6,D,0
-37.4422,148.6476,314.5,1.2,1.1,2014-02-10,2356,Terra,MODIS,39,6.2,294.1,12.7,D,0
-37.2632,148.5707,307,1.2,1.1,2014-02-10,2356,Terra,MODIS,35,6.2,293.5,5.6,D,0
-37.4474,148.4462,320.6,1.2,1.1,2014-02-10,2356,Terra,MODIS,54,6.2,294.8,17.6,D,0
-37.4251,148.6667,327,1.2,1.1,2014-02-10,2356,Terra,MODIS,63,6.2,295.5,27.4,D,0
-37.3139,148.6823,335.5,1.2,1.1,2014-02-10,2356,Terra,MODIS,70,6.2,299.2,35.7,D,0
-37.4032,148.8358,304.7,1.2,1.1,2014-02-10,2356,Terra,MODIS,34,6.2,291.5,6.5,D,0
-37.445,148.4904,326.4,1.2,1.1,2014-02-10,2356,Terra,MODIS,83,6.2,294.4,27.8,D,0
-37.4233,148.6601,330.6,1.2,1.1,2014-02-10,2356,Terra,MODIS,61,6.2,295.5,32.6,D,0
-37.1707,148.7446,334.7,1.2,1.1,2014-02-10,2356,Terra,MODIS,88,6.2,297.2,39.9,D,0
-37.5878,148.481,327,1.2,1.1,2014-02-10,2356,Terra,MODIS,51,6.2,294.6,26.4,D,0
-37.2753,148.638,327.9,1.2,1.1,2014-02-10,2356,Terra,MODIS,59,6.2,296.3,28.4,D,0
-37.3187,144.8364,324.6,1.9,1.4,2014-02-10,2356,Terra,MODIS,58,6.2,306.3,32.1,D,0
-19.9964,133.8394,316.2,1.1,1,2014-02-11,0130,Terra,MODIS,50,6.2,294.1,10.4,D,0
-27.6902,141.5763,332.7,4.4,1.9,2014-02-11,0131,Terra,MODIS,69,6.2,303.9,94.3,D,0
-26.72,128.8228,311.9,1,1,2014-02-11,0132,Terra,MODIS,0,6.2,281.3,5.2,D,0
-37.3201,148.681,360.3,1,1,2014-02-11,0411,Aqua,MODIS,100,6.2,301.5,81.1,D,0
-37.4091,148.6366,331,1,1,2014-02-11,0411,Aqua,MODIS,72,6.2,299.6,22.6,D,0
-37.1969,148.341,318.3,1,1,2014-02-11,0411,Aqua,MODIS,63,6.2,299.5,9.8,D,0
-37.3801,148.6417,342.1,1,1,2014-02-11,0411,Aqua,MODIS,90,6.2,299.7,38.4,D,0
-37.4019,148.6226,326.7,1,1,2014-02-11,0411,Aqua,MODIS,44,6.2,299.8,15.5,D,0
-37.3819,148.6301,352.4,1,1,2014-02-11,0411,Aqua,MODIS,96,6.2,301.2,59,D,0
-37.17,148.7446,392.1,1,1,2014-02-11,0411,Aqua,MODIS,100,6.2,307.5,213.2,D,0
-37.5498,148.4926,339.6,1,1,2014-02-11,0411,Aqua,MODIS,90,6.2,301.2,34.7,D,0
-37.3675,148.371,334,1,1,2014-02-11,0411,Aqua,MODIS,53,6.2,300.7,25.7,D,0
-37.4322,148.6612,322.4,1,1,2014-02-11,0411,Aqua,MODIS,46,6.2,300.1,14,D,0
-37.3692,148.3597,331.2,1,1,2014-02-11,0411,Aqua,MODIS,33,6.2,301.2,22.1,D,0
-37.407,148.8228,328.3,1,1,2014-02-11,0411,Aqua,MODIS,83,6.2,296.3,24.3,D,0
-37.4179,148.8138,319.6,1,1,2014-02-11,0411,Aqua,MODIS,44,6.2,296.8,14.2,D,0
-37.5639,148.4009,331.4,1,1,2014-02-11,0411,Aqua,MODIS,68,6.2,301.4,21.4,D,0
-37.3219,148.6692,359.9,1,1,2014-02-11,0411,Aqua,MODIS,99,6.2,301.7,79.3,D,0
-37.3058,148.7736,328.6,1,1,2014-02-11,0411,Aqua,MODIS,81,6.2,298.7,23.3,D,0
-37.3982,148.6461,337.6,1,1,2014-02-11,0411,Aqua,MODIS,89,6.2,299.1,31.9,D,0
-37.4701,148.5989,343.4,1,1,2014-02-11,0411,Aqua,MODIS,87,6.2,302.4,37.4,D,0
-37.1927,148.4159,308.9,1,1,2014-02-11,0411,Aqua,MODIS,41,6.2,295.1,4.6,D,0
-37.4681,148.5506,335.1,1,1,2014-02-11,0411,Aqua,MODIS,60,6.2,301,24.9,D,0
-37.3973,148.4072,344.1,1,1,2014-02-11,0411,Aqua,MODIS,93,6.2,300,39.6,D,0
-37.399,148.396,330.1,1,1,2014-02-11,0411,Aqua,MODIS,73,6.2,301.5,17.7,D,0
-37.3791,148.4028,342.2,1,1,2014-02-11,0411,Aqua,MODIS,79,6.2,301.3,34.6,D,0
-37.2333,148.5801,320.4,1,1,2014-02-11,0411,Aqua,MODIS,67,6.2,295.9,13.4,D,0
-37.3929,148.6809,324.1,1,1,2014-02-11,0411,Aqua,MODIS,79,6.2,300,16,D,0
-37.4553,148.5116,334.2,1,1,2014-02-11,0411,Aqua,MODIS,66,6.2,300.9,26.1,D,0
-37.6223,148.5106,357.1,1,1,2014-02-11,0411,Aqua,MODIS,98,6.2,304,74.6,D,0
-37.1737,148.7814,310.4,1,1,2014-02-11,0411,Aqua,MODIS,40,6.2,295.8,6.8,D,0
-37.2512,148.7594,319.4,1,1,2014-02-11,0411,Aqua,MODIS,74,6.2,295.8,14.7,D,0
-37.4757,148.6241,354,1,1,2014-02-11,0411,Aqua,MODIS,97,6.2,302.8,66.7,D,0
-37.3988,148.826,311.2,1,1,2014-02-11,0411,Aqua,MODIS,46,6.2,294.8,7.8,D,0
-37.4237,148.6643,339.4,1,1,2014-02-11,0411,Aqua,MODIS,90,6.2,302.2,39.4,D,0
-37.1627,148.731,322.6,1,1,2014-02-11,0411,Aqua,MODIS,57,6.2,298.1,15.4,D,0
-37.2065,148.7536,324.2,1,1,2014-02-11,0411,Aqua,MODIS,78,6.2,296,19.4,D,0
-37.2466,148.3701,327,1,1,2014-02-11,0411,Aqua,MODIS,67,6.2,300.6,18.1,D,0
-37.4,148.6344,354,1,1,2014-02-11,0411,Aqua,MODIS,97,6.2,301.8,64.3,D,0
-37.2099,148.6706,333.4,1,1,2014-02-11,0411,Aqua,MODIS,64,6.2,297.9,25.8,D,0
-37.5156,148.3007,348.1,1,1,2014-02-11,0411,Aqua,MODIS,94,6.2,302.5,48.6,D,0
-37.1974,148.7514,328.1,1,1,2014-02-11,0411,Aqua,MODIS,50,6.2,296.8,21.7,D,0
-37.235,148.5689,335,1,1,2014-02-11,0411,Aqua,MODIS,87,6.2,299,31.3,D,0
-37.304,148.7849,320,1,1,2014-02-11,0411,Aqua,MODIS,43,6.2,295.7,14,D,0
-37.203,148.3481,328.8,1,1,2014-02-11,0411,Aqua,MODIS,83,6.2,300.8,20.1,D,0
-37.5607,148.4833,328.4,1,1,2014-02-11,0411,Aqua,MODIS,42,6.2,299.2,15.1,D,0
-37.3199,148.6207,333,1,1,2014-02-11,0411,Aqua,MODIS,43,6.2,298.8,23.1,D,0
-37.4754,148.5643,337.8,1,1,2014-02-11,0411,Aqua,MODIS,59,6.2,303.2,28.6,D,0
-37.2211,148.3526,327.4,1,1,2014-02-11,0411,Aqua,MODIS,70,6.2,300.6,18.3,D,0
-37.517,148.5388,310.6,1,1,2014-02-11,0411,Aqua,MODIS,54,6.2,299.9,4.8,D,0
-37.4502,148.4915,331.4,1,1,2014-02-11,0411,Aqua,MODIS,85,6.2,300.9,23.6,D,0
-37.4609,148.5367,327.3,1,1,2014-02-11,0411,Aqua,MODIS,43,6.2,300.1,16,D,0
-37.5621,148.4123,324.9,1,1,2014-02-11,0411,Aqua,MODIS,50,6.2,301.4,12.8,D,0
-37.3183,148.6928,330.4,1,1,2014-02-11,0411,Aqua,MODIS,76,6.2,300.3,23.1,D,0
-37.524,148.4927,328.2,1,1,2014-02-11,0411,Aqua,MODIS,73,6.2,299.3,18.8,D,0
-37.4975,148.2963,356.1,1,1,2014-02-11,0411,Aqua,MODIS,98,6.2,303.4,66.8,D,0
-37.1609,148.7424,327.5,1,1,2014-02-11,0411,Aqua,MODIS,69,6.2,297.5,21.1,D,0
-37.4412,148.6034,329.7,1,1,2014-02-11,0411,Aqua,MODIS,57,6.2,300.3,19.1,D,0
-37.2171,148.6238,314.4,1,1,2014-02-11,0411,Aqua,MODIS,43,6.2,298.1,8.8,D,0
-37.364,148.3937,337.6,1,1,2014-02-11,0411,Aqua,MODIS,62,6.2,302.1,29.8,D,0
-37.3494,148.718,330.9,1,1,2014-02-11,0411,Aqua,MODIS,40,6.2,301.6,21.1,D,0
-37.3744,148.325,352.6,1,1,2014-02-11,0411,Aqua,MODIS,85,6.2,300.2,60.4,D,0
-37.3623,148.4051,371.8,1,1,2014-02-11,0411,Aqua,MODIS,100,6.2,304.2,113.3,D,0
-37.4463,148.4549,334.8,1,1,2014-02-11,0411,Aqua,MODIS,72,6.2,300.2,25.1,D,0
-37.5303,148.3279,330.3,1,1,2014-02-11,0411,Aqua,MODIS,50,6.2,303.1,18.4,D,0
-37.3274,148.695,323.2,1,1,2014-02-11,0411,Aqua,MODIS,52,6.2,300,15.4,D,0
-37.5893,148.419,328.8,1,1,2014-02-11,0411,Aqua,MODIS,77,6.2,300,21,D,0
-37.3727,148.3365,337.6,1,1,2014-02-11,0411,Aqua,MODIS,50,6.2,299.8,31.1,D,0
-37.4083,148.4577,338.3,1,1,2014-02-11,0411,Aqua,MODIS,69,6.2,301.6,30,D,0
-37.5404,148.5086,328,1,1,2014-02-11,0411,Aqua,MODIS,74,6.2,299.3,20,D,0
-37.5913,148.467,333.4,1,1,2014-02-11,0411,Aqua,MODIS,37,6.2,299.7,23.3,D,0
-37.5421,148.4971,351.7,1,1,2014-02-11,0411,Aqua,MODIS,96,6.2,301.8,59.5,D,0
-37.5481,148.5042,365.4,1,1,2014-02-11,0411,Aqua,MODIS,100,6.2,302.4,96.7,D,0
-37.4144,148.6022,328.6,1,1,2014-02-11,0411,Aqua,MODIS,76,6.2,298.8,18.1,D,0
-37.4449,148.6404,331.5,1,1,2014-02-11,0411,Aqua,MODIS,58,6.2,299.8,23.9,D,0
-37.1718,148.7333,364.7,1,1,2014-02-11,0411,Aqua,MODIS,100,6.2,304,97.8,D,0
-37.3149,148.7759,326.2,1,1,2014-02-11,0411,Aqua,MODIS,63,6.2,297.8,20.1,D,0
-37.6188,148.5335,327.8,1,1,2014-02-11,0411,Aqua,MODIS,82,6.2,302.2,20.6,D,0
-37.4156,148.4713,324.9,1,1,2014-02-11,0411,Aqua,MODIS,44,6.2,300.2,13.9,D,0
-37.3909,148.6323,341.8,1,1,2014-02-11,0411,Aqua,MODIS,91,6.2,300.7,37.8,D,0
-37.2483,148.3588,320.5,1,1,2014-02-11,0411,Aqua,MODIS,19,6.2,299.1,11.2,D,0
-37.5348,148.4832,328.3,1,1,2014-02-11,0411,Aqua,MODIS,70,6.2,299.2,17.7,D,0
-37.2928,148.6739,317.5,1,1,2014-02-11,0411,Aqua,MODIS,24,6.2,297.5,9.7,D,0
-37.3255,148.6458,402.2,1,1,2014-02-11,0411,Aqua,MODIS,100,6.2,306.9,264.2,D,0
-37.5697,148.4855,332.3,1,1,2014-02-11,0411,Aqua,MODIS,43,6.2,300.1,20.6,D,0
-37.3345,148.6482,351.9,1,1,2014-02-11,0411,Aqua,MODIS,70,6.2,299.8,54.9,D,0
-37.3438,148.6321,338,1,1,2014-02-11,0411,Aqua,MODIS,80,6.2,297.4,32.1,D,0
-37.3834,148.3274,354.3,1,1,2014-02-11,0411,Aqua,MODIS,91,6.2,301.6,63.5,D,0
-37.3654,148.3226,338.9,1,1,2014-02-11,0411,Aqua,MODIS,88,6.2,297.2,37.3,D,0
-37.4666,148.6219,335.8,1,1,2014-02-11,0411,Aqua,MODIS,52,6.2,300.1,28.4,D,0
-37.28,148.6346,330.8,1,1,2014-02-11,0411,Aqua,MODIS,56,6.2,298.7,24.1,D,0
-37.2881,148.3989,334.8,1,1,2014-02-11,0411,Aqua,MODIS,49,6.2,300.1,27.4,D,0
-37.6115,148.5198,355.4,1,1,2014-02-11,0411,Aqua,MODIS,98,6.2,303.8,69.8,D,0
-37.4774,148.6126,336.6,1,1,2014-02-11,0411,Aqua,MODIS,56,6.2,302.3,29.6,D,0
-37.1972,148.6914,343.4,1,1,2014-02-11,0411,Aqua,MODIS,92,6.2,300.5,43.6,D,0
-37.6097,148.5313,319.8,1,1,2014-02-11,0411,Aqua,MODIS,73,6.2,300.1,12.2,D,0
-37.4484,148.5031,321.7,1,1,2014-02-11,0411,Aqua,MODIS,54,6.2,301.2,11.2,D,0
-37.2441,148.571,327,1,1,2014-02-11,0411,Aqua,MODIS,64,6.2,298,18.9,D,0
-37.2121,148.3503,325.1,1,1,2014-02-11,0411,Aqua,MODIS,55,6.2,301.1,15.4,D,0
-37.617,148.5451,318.2,1,1,2014-02-11,0411,Aqua,MODIS,68,6.2,299.9,10.5,D,0
-37.5439,148.4855,344.5,1,1,2014-02-11,0411,Aqua,MODIS,93,6.2,301.9,43.1,D,0
-37.5229,148.3143,331.1,1,1,2014-02-11,0411,Aqua,MODIS,60,6.2,302,19.9,D,0
-37.3292,148.6832,348,1,1,2014-02-11,0411,Aqua,MODIS,93,6.2,302.5,52,D,0
-37.5162,148.8925,311.6,1,1,2014-02-11,0411,Aqua,MODIS,49,6.2,298.8,4.8,D,0
-37.4484,148.6174,323.7,1,1,2014-02-11,0411,Aqua,MODIS,46,6.2,298.7,14.5,D,0
-37.4219,148.6761,317.8,1,1,2014-02-11,0411,Aqua,MODIS,38,6.2,299.4,10.5,D,0
-37.5896,148.4784,332.3,1,1,2014-02-11,0411,Aqua,MODIS,41,6.2,300.5,22.6,D,0
-37.2728,148.6207,337.6,1,1,2014-02-11,0411,Aqua,MODIS,89,6.2,298.2,35.2,D,0
-37.2891,148.6369,332.1,1,1,2014-02-11,0411,Aqua,MODIS,50,6.2,297.4,24.8,D,0
-37.355,148.3915,341.8,1,1,2014-02-11,0411,Aqua,MODIS,82,6.2,299.1,39.7,D,0
-37.6132,148.5083,336.5,1,1,2014-02-11,0411,Aqua,MODIS,88,6.2,301.2,32.4,D,0
-37.4118,148.4349,338.9,1,1,2014-02-11,0411,Aqua,MODIS,66,6.2,302.7,29.1,D,0
-37.4683,148.6105,346.6,1,1,2014-02-11,0411,Aqua,MODIS,84,6.2,302.3,44.8,D,0
-37.3294,148.7851,327.9,1,1,2014-02-11,0411,Aqua,MODIS,63,6.2,297.8,21.6,D,0
-37.6205,148.522,334.9,1,1,2014-02-11,0411,Aqua,MODIS,87,6.2,303.6,29.6,D,0
-37.3495,148.7774,353.2,1,1,2014-02-11,0411,Aqua,MODIS,97,6.2,298.7,66.6,D,0
-37.2745,148.6092,327.4,1,1,2014-02-11,0411,Aqua,MODIS,76,6.2,298.2,20.1,D,0
-37.2173,148.7444,317.1,1,1,2014-02-11,0411,Aqua,MODIS,47,6.2,295.8,10.9,D,0
-37.2008,148.6684,325.6,1,1,2014-02-11,0411,Aqua,MODIS,48,6.2,297.8,15.6,D,0
-37.3713,148.4073,342.7,1,1,2014-02-11,0411,Aqua,MODIS,89,6.2,300,36.7,D,0
-37.1881,148.6893,347.3,1,1,2014-02-11,0411,Aqua,MODIS,94,6.2,301.3,50.1,D,0
-37.4127,148.6136,326.1,1,1,2014-02-11,0411,Aqua,MODIS,61,6.2,298.2,16.1,D,0
-37.439,148.4413,327.6,1,1,2014-02-11,0411,Aqua,MODIS,47,6.2,301.6,15.4,D,0
-37.371,148.6394,337.2,1,1,2014-02-11,0411,Aqua,MODIS,81,6.2,299.3,30.9,D,0
-37.2375,148.3683,329.7,1,1,2014-02-11,0411,Aqua,MODIS,82,6.2,300.6,21.4,D,0
-37.4255,148.6527,324.3,1,1,2014-02-11,0411,Aqua,MODIS,22,6.2,300.6,16.2,D,0
-37.1791,148.7469,320.9,1,1,2014-02-11,0411,Aqua,MODIS,32,6.2,296.5,13.6,D,0
-37.2876,148.7688,321.1,1,1,2014-02-11,0411,Aqua,MODIS,66,6.2,296.4,15.2,D,0
-37.4571,148.5,329.3,1,1,2014-02-11,0411,Aqua,MODIS,31,6.2,300,20.4,D,0
-37.3606,148.4164,346.9,1,1,2014-02-11,0411,Aqua,MODIS,87,6.2,298,47.3,D,0
-37.4101,148.4463,345.3,1,1,2014-02-11,0411,Aqua,MODIS,86,6.2,302.2,41,D,0
-37.3585,148.72,332.7,1,1,2014-02-11,0411,Aqua,MODIS,73,6.2,300.7,25.5,D,0
-38.2488,146.3677,345.8,1,1,2014-02-11,0411,Aqua,MODIS,88,6.2,289.7,44.2,D,2
-38.258,146.3697,337,1,1,2014-02-11,0411,Aqua,MODIS,82,6.2,295.1,29.4,D,2
-38.0947,145.1607,314.8,1.1,1,2014-02-11,0411,Aqua,MODIS,51,6.2,301.7,5.2,D,0
-38.219,146.3316,334.1,1,1,2014-02-11,0411,Aqua,MODIS,76,6.2,305.3,26.2,D,0
-38.264,146.3954,395.3,1,1,2014-02-11,0411,Aqua,MODIS,87,6.2,306.7,224.6,D,2
-38.2656,146.3836,413.6,1,1,2014-02-11,0411,Aqua,MODIS,75,6.2,312,349.5,D,2
-38.2533,146.4052,359.8,1,1,2014-02-11,0411,Aqua,MODIS,99,6.2,304.7,77.1,D,2
-38.2548,146.3933,405.6,1,1,2014-02-11,0411,Aqua,MODIS,100,6.2,312.5,287.3,D,2
-38.2457,146.3914,373.9,1,1,2014-02-11,0411,Aqua,MODIS,100,6.2,302.3,122.2,D,2
-38.2473,146.3795,409.3,1,1,2014-02-11,0411,Aqua,MODIS,100,6.2,305.5,313.9,D,2
-37.1422,148.576,324.1,1,1,2014-02-11,0411,Aqua,MODIS,74,6.2,299.5,14.1,D,0
-37.1386,148.5991,335.7,1,1,2014-02-11,0411,Aqua,MODIS,83,6.2,299.6,28.4,D,0
-37.1404,148.5873,325,1,1,2014-02-11,0411,Aqua,MODIS,57,6.2,299,14.6,D,0
-37.1439,148.5649,316.3,1,1,2014-02-11,0411,Aqua,MODIS,48,6.2,298.9,7.1,D,0
-37.1331,148.5738,335.2,1,1,2014-02-11,0411,Aqua,MODIS,74,6.2,299.5,27.5,D,0
-37.1349,148.5624,401.1,1,1,2014-02-11,0411,Aqua,MODIS,100,6.2,309.2,259.5,D,0
-37.1366,148.5509,365.7,1,1,2014-02-11,0411,Aqua,MODIS,100,6.2,308.9,96.8,D,0
-37.1257,148.5605,339.4,1,1,2014-02-11,0411,Aqua,MODIS,89,6.2,302.8,33.2,D,0
-37.1093,148.5448,322.1,1,1,2014-02-11,0411,Aqua,MODIS,39,6.2,302.1,10.3,D,0
-37.1076,148.5561,330.4,1,1,2014-02-11,0411,Aqua,MODIS,80,6.2,302.4,21.3,D,0
-37.1182,148.4874,333,1,1,2014-02-11,0411,Aqua,MODIS,83,6.2,302.9,22.9,D,0
-37.102,148.531,326.9,1,1,2014-02-11,0411,Aqua,MODIS,57,6.2,301.3,14.5,D,0
-37.1091,148.4854,357.5,1,1,2014-02-11,0411,Aqua,MODIS,98,6.2,302.4,69.8,D,0
-37.1109,148.4735,373.6,1,1,2014-02-11,0411,Aqua,MODIS,100,6.2,308.4,119.8,D,0
-37.1036,148.4601,344.4,1,1,2014-02-11,0411,Aqua,MODIS,92,6.2,307.3,40.1,D,0
-37.1053,148.4489,385.6,1,1,2014-02-11,0411,Aqua,MODIS,100,6.2,313.5,170.5,D,0
-37.0979,148.4357,351.3,1,1,2014-02-11,0411,Aqua,MODIS,96,6.2,310.8,55.7,D,0
-37.107,148.4377,368.3,1,1,2014-02-11,0411,Aqua,MODIS,100,6.2,313.3,101.9,D,0
-37.0962,148.447,356.4,1,1,2014-02-11,0411,Aqua,MODIS,98,6.2,310.8,67.6,D,0
-38.2564,146.3815,397.8,1,1,2014-02-11,0411,Aqua,MODIS,100,6.2,311.4,238,D,2
-38.2098,146.3297,323.6,1,1,2014-02-11,0411,Aqua,MODIS,36,6.2,302.6,12.7,D,0
-31.3385,151.315,349.6,1.6,1.3,2014-02-11,0412,Aqua,MODIS,93,6.2,307.2,92.5,D,0
-31.3415,151.2993,347.9,1.6,1.3,2014-02-11,0412,Aqua,MODIS,92,6.2,313.7,84.2,D,0
-31.3276,151.3108,333.6,1.6,1.3,2014-02-11,0412,Aqua,MODIS,40,6.2,312.6,36.1,D,0
-31.3164,151.3078,336.7,1.6,1.3,2014-02-11,0412,Aqua,MODIS,64,6.2,310.1,43.2,D,0
-31.3197,151.2908,334.9,1.6,1.3,2014-02-11,0412,Aqua,MODIS,60,6.2,311.7,34,D,0
-31.3303,151.3069,340.8,1.6,1.3,2014-02-11,0412,Aqua,MODIS,78,6.2,313.4,56.4,D,0
-31.3192,151.3035,345.5,1.6,1.3,2014-02-11,0412,Aqua,MODIS,89,6.2,311.4,72.4,D,0
-33.1469,138.226,394.5,2.3,1.5,2014-02-11,0412,Aqua,MODIS,87,6.2,303.6,709.4,D,0
-33.1335,138.2246,433.4,2.3,1.5,2014-02-11,0412,Aqua,MODIS,87,6.2,313.7,1720.8,D,0
-33.102,135.0662,340.8,3.8,1.8,2014-02-11,0412,Aqua,MODIS,71,6.2,304.8,181,D,0
-33.1201,138.223,394,2.3,1.5,2014-02-11,0412,Aqua,MODIS,94,6.2,308.9,693.9,D,0
-33.7586,135.9097,341.3,3.4,1.7,2014-02-11,0412,Aqua,MODIS,74,6.2,311.1,140.7,D,0
-32.3721,147.1508,364,1,1,2014-02-11,0412,Aqua,MODIS,100,6.2,326.7,66.9,D,0
-33.1717,138.2527,353.6,2.3,1.5,2014-02-11,0412,Aqua,MODIS,93,6.2,294.8,195.2,D,0
-33.1557,138.2338,394.6,2.3,1.5,2014-02-11,0412,Aqua,MODIS,100,6.2,303.5,717.2,D,0
-33.1073,135.0702,342.4,3.8,1.8,2014-02-11,0412,Aqua,MODIS,77,6.2,304.7,198.3,D,0
-33.1826,138.2364,344,2.3,1.5,2014-02-11,0412,Aqua,MODIS,85,6.2,290.1,145.3,D,0
-32.3737,147.14,343.8,1,1,2014-02-11,0412,Aqua,MODIS,76,6.2,327.8,17.7,D,0
-33.1692,138.2351,359.7,2.3,1.5,2014-02-11,0412,Aqua,MODIS,99,6.2,294.3,257.8,D,0
-33.1181,138.2472,373.1,2.3,1.5,2014-02-11,0412,Aqua,MODIS,100,6.2,303.2,374.9,D,0
-33.1738,138.2284,351.4,2.3,1.5,2014-02-11,0412,Aqua,MODIS,89,6.2,292.9,183.3,D,0
-33.1603,138.2272,361.1,2.3,1.5,2014-02-11,0412,Aqua,MODIS,94,6.2,296,264.3,D,0
-33.7494,135.9046,340.1,3.4,1.7,2014-02-11,0412,Aqua,MODIS,60,6.2,316.2,115,D,0
-33.1539,138.2578,384.6,2.3,1.5,2014-02-11,0412,Aqua,MODIS,100,6.2,304.5,541.2,D,0
-33.1449,138.2503,404.3,2.3,1.5,2014-02-11,0412,Aqua,MODIS,100,6.2,307.8,898.9,D,0
-33.1315,138.2488,439,2.3,1.5,2014-02-11,0412,Aqua,MODIS,100,6.2,311.9,1911.7,D,0
-33.1583,138.2515,394.2,2.3,1.5,2014-02-11,0412,Aqua,MODIS,100,6.2,305.2,704.5,D,0
-33.1673,138.259,343.4,2.3,1.5,2014-02-11,0412,Aqua,MODIS,51,6.2,296.3,126,D,0
-25.2524,150.5558,331.1,1.9,1.4,2014-02-11,0414,Aqua,MODIS,73,6.2,309,39.7,D,0
-25.2558,150.5636,327.6,1.9,1.4,2014-02-11,0414,Aqua,MODIS,56,6.2,310,28.5,D,0
-25.2595,150.5445,328.4,1.9,1.4,2014-02-11,0414,Aqua,MODIS,66,6.2,310.2,29.6,D,0
-25.9798,144.7644,347.8,1,1,2014-02-11,0414,Aqua,MODIS,79,6.2,313.3,36.8,D,0
-23.2245,147.4797,335.2,1.3,1.1,2014-02-11,0415,Aqua,MODIS,82,6.2,305.2,35.1,D,0
-23.2142,147.4776,335.9,1.3,1.1,2014-02-11,0415,Aqua,MODIS,83,6.2,304.2,37.1,D,0
-23.2154,147.4845,329.9,1.3,1.1,2014-02-11,0415,Aqua,MODIS,70,6.2,304.4,23.7,D,0
-23.2175,147.4715,328.1,1.3,1.1,2014-02-11,0415,Aqua,MODIS,56,6.2,306.4,20.9,D,0
-23.2164,147.4646,323.9,1.3,1.1,2014-02-11,0415,Aqua,MODIS,42,6.2,304.5,13.6,D,0
-20.7603,147.2348,332.4,1.4,1.2,2014-02-11,0415,Aqua,MODIS,57,6.2,304.4,30,D,0
-20.7441,147.2398,327.7,1.4,1.2,2014-02-11,0415,Aqua,MODIS,14,6.2,301.8,19.8,D,0
-20.7568,147.2287,338.5,1.4,1.2,2014-02-11,0415,Aqua,MODIS,85,6.2,306,45,D,0
-20.7358,147.2244,327.2,1.4,1.2,2014-02-11,0415,Aqua,MODIS,23,6.2,302.1,17.6,D,0
-20.7463,147.2266,345.3,1.4,1.2,2014-02-11,0415,Aqua,MODIS,91,6.2,305.8,64.1,D,0
-37.2673,148.6246,307.6,2.4,1.5,2014-02-11,1335,Terra,MODIS,72,6.2,287.8,33.6,N,0
-37.3199,148.6447,326.9,2.4,1.5,2014-02-11,1335,Terra,MODIS,100,6.2,288.1,94.7,N,0
-37.5296,148.4824,300.2,2.3,1.5,2014-02-11,1335,Terra,MODIS,13,6.2,288.4,14.8,N,0
-37.3329,148.6506,312.3,2.4,1.5,2014-02-11,1335,Terra,MODIS,80,6.2,287.9,43.2,N,0
-37.2742,148.6209,303.7,2.4,1.5,2014-02-11,1335,Terra,MODIS,41,6.2,287.8,25,N,0
-37.4067,148.3162,305,2.3,1.5,2014-02-11,1335,Terra,MODIS,31,6.2,288.6,22.9,N,0
-37.3406,148.7777,300.9,2.5,1.5,2014-02-11,1335,Terra,MODIS,33,6.2,287.5,22,N,0
-37.2933,148.4052,300.8,2.3,1.5,2014-02-11,1335,Terra,MODIS,34,6.2,288.4,17.1,N,0
-37.3774,148.6431,302.5,2.4,1.5,2014-02-11,1335,Terra,MODIS,15,6.2,288.8,19.6,N,0
-37.3632,148.3235,306.4,2.3,1.5,2014-02-11,1335,Terra,MODIS,18,6.2,288.2,24.9,N,0
-37.4091,148.6011,301.3,2.4,1.5,2014-02-11,1335,Terra,MODIS,6,6.2,288.5,15.4,N,0
-37.3588,148.4067,312.8,2.3,1.5,2014-02-11,1335,Terra,MODIS,58,6.2,289.4,38,N,0
-37.4034,148.6266,308.7,2.4,1.5,2014-02-11,1335,Terra,MODIS,75,6.2,288.2,32.2,N,0
-37.3458,148.4016,309.9,2.3,1.5,2014-02-11,1335,Terra,MODIS,64,6.2,288.6,32.6,N,0
-38.2432,146.3811,367.6,1.7,1.3,2014-02-11,1335,Terra,MODIS,100,6.2,290.5,233.7,N,2
-38.247,146.3621,327,1.7,1.3,2014-02-11,1335,Terra,MODIS,100,6.2,286.3,54.8,N,2
-38.2507,146.4036,361.8,1.7,1.3,2014-02-11,1335,Terra,MODIS,100,6.2,292.1,197.4,N,2
-38.2659,146.388,331.6,1.7,1.3,2014-02-11,1335,Terra,MODIS,100,6.2,290.2,68.8,N,2
-38.2394,146.3996,317.9,1.7,1.3,2014-02-11,1335,Terra,MODIS,96,6.2,285.8,35,N,2
-38.2544,146.3851,383.5,1.7,1.3,2014-02-11,1335,Terra,MODIS,100,6.2,295.9,360.7,N,2
-38.2697,146.3692,303.9,1.7,1.3,2014-02-11,1335,Terra,MODIS,16,6.2,286.2,13.6,N,2
-38.2583,146.366,318.8,1.7,1.3,2014-02-11,1335,Terra,MODIS,98,6.2,287.1,36,N,2
-33.1196,138.2448,333.3,1,1,2014-02-11,1337,Terra,MODIS,100,6.2,302.7,29.4,N,0
-33.1316,138.2252,314,1,1,2014-02-11,1337,Terra,MODIS,88,6.2,298.4,8.3,N,0
-33.1108,138.2482,339.2,1,1,2014-02-11,1337,Terra,MODIS,100,6.2,302.2,39.3,N,0
-33.0988,138.2678,417.6,1,1,2014-02-11,1337,Terra,MODIS,100,6.2,312,374.6,N,0
-33.1033,138.2357,361.5,1,1,2014-02-11,1337,Terra,MODIS,100,6.2,308.5,87.4,N,0
-33.1018,138.2464,345.4,1,1,2014-02-11,1337,Terra,MODIS,100,6.2,304.1,50.8,N,0
-33.1048,138.225,377.8,1,1,2014-02-11,1337,Terra,MODIS,100,6.2,310.7,141.4,N,0
-33.0958,138.2231,435.4,1,1,2014-02-11,1337,Terra,MODIS,100,6.2,315.7,537.5,N,0
-33.1392,138.2377,314.9,1,1,2014-02-11,1337,Terra,MODIS,90,6.2,298.2,8.6,N,0
-33.1003,138.191,309,1,1,2014-02-11,1337,Terra,MODIS,54,6.2,298.1,4.9,N,0
-33.0973,138.2124,317.9,1,1,2014-02-11,1337,Terra,MODIS,96,6.2,300.2,11.2,N,0
-33.1211,138.2341,332.2,1,1,2014-02-11,1337,Terra,MODIS,100,6.2,301.9,26.5,N,0
-33.0912,138.2553,315.1,1,1,2014-02-11,1337,Terra,MODIS,90,6.2,297.4,10.8,N,0
-33.1123,138.2375,344.6,1,1,2014-02-11,1337,Terra,MODIS,100,6.2,305.4,48.5,N,0
-33.0972,138.2785,306.3,1,1,2014-02-11,1337,Terra,MODIS,56,6.2,293.2,5.7,N,0
-33.1376,138.2485,319.3,1,1,2014-02-11,1337,Terra,MODIS,68,6.2,299.7,12.3,N,0
-33.1226,138.2234,317.2,1,1,2014-02-11,1337,Terra,MODIS,94,6.2,299,10.5,N,0
-33.1181,138.2555,336,1,1,2014-02-11,1337,Terra,MODIS,100,6.2,302.2,34.3,N,0
-33.1286,138.2466,321.2,1,1,2014-02-11,1337,Terra,MODIS,92,6.2,300.3,15,N,0
-33.0943,138.2338,370.4,1,1,2014-02-11,1337,Terra,MODIS,100,6.2,305.4,114.1,N,0
-33.1138,138.2268,330,1,1,2014-02-11,1337,Terra,MODIS,100,6.2,302.5,25.8,N,0
-33.1271,138.2573,324.6,1,1,2014-02-11,1337,Terra,MODIS,79,6.2,299.9,19.2,N,0
-33.1093,138.259,328.1,1,1,2014-02-11,1337,Terra,MODIS,100,6.2,299.3,24.4,N,0
-33.1301,138.2359,324.9,1,1,2014-02-11,1337,Terra,MODIS,100,6.2,299.9,18.1,N,0
-33.0928,138.2446,334.5,1,1,2014-02-11,1337,Terra,MODIS,100,6.2,301,32.1,N,0
-33.1003,138.2571,384.7,1,1,2014-02-11,1337,Terra,MODIS,100,6.2,307.5,171.7,N,0
-33.1078,138.2697,371.4,1,1,2014-02-11,1337,Terra,MODIS,100,6.2,307.3,119.7,N,0
-33.1361,138.2592,317,1,1,2014-02-11,1337,Terra,MODIS,22,6.2,298.7,11.8,N,0
-28.0214,149.1681,308.9,4.5,2,2014-02-11,1338,Terra,MODIS,76,6.2,293.1,70.5,N,0
-28.0223,149.1613,306.6,4.5,2,2014-02-11,1338,Terra,MODIS,45,6.2,293,53.9,N,0
-28.0118,149.2064,304.2,4.5,2,2014-02-11,1338,Terra,MODIS,19,6.2,292.7,41.6,N,0
-28.0092,149.1947,328.5,1.1,1.1,2014-02-11,1512,Aqua,MODIS,100,6.2,296.3,29.8,N,0
-28.0073,149.1833,332.7,1.1,1.1,2014-02-11,1512,Aqua,MODIS,100,6.2,296.5,36.5,N,0
-27.9978,149.1853,305.1,1.1,1.1,2014-02-11,1512,Aqua,MODIS,63,6.2,294.9,5.9,N,0
-29.3394,149.159,304.1,1.1,1,2014-02-11,1512,Aqua,MODIS,59,6.2,293.8,5.9,N,0
-29.3375,149.1478,314.4,1.1,1,2014-02-11,1512,Aqua,MODIS,89,6.2,294.1,14.1,N,0
-32.0282,151.9256,301.3,1,1,2014-02-11,1513,Aqua,MODIS,31,6.2,291.1,4.8,N,0
-32.0374,151.9239,301.4,1,1,2014-02-11,1513,Aqua,MODIS,41,6.2,290.8,5.1,N,0
-37.0939,148.4601,315.5,1,1,2014-02-11,1514,Aqua,MODIS,91,6.2,288.6,14.6,N,0
-37.1081,148.4919,303.5,1,1,2014-02-11,1514,Aqua,MODIS,52,6.2,287.8,7,N,0
-37.0957,148.4714,310.1,1,1,2014-02-11,1514,Aqua,MODIS,71,6.2,288.2,10.2,N,0
-37.1253,148.6049,300.9,1,1,2014-02-11,1514,Aqua,MODIS,26,6.2,286.9,5.6,N,0
-37.127,148.6161,305,1,1,2014-02-11,1514,Aqua,MODIS,63,6.2,287.6,8.2,N,0
-37.1292,148.5691,302.3,1,1,2014-02-11,1514,Aqua,MODIS,48,6.2,286.3,6.3,N,0
-37.2882,148.4019,315.2,1,1,2014-02-11,1514,Aqua,MODIS,91,6.2,285.6,14.4,N,0
-37.3665,148.3764,308,1,1,2014-02-11,1514,Aqua,MODIS,43,6.2,284.5,8.5,N,0
-37.299,148.4112,308.1,1,1,2014-02-11,1514,Aqua,MODIS,14,6.2,284.5,8.5,N,0
-37.466,148.6054,317.4,1,1,2014-02-11,1514,Aqua,MODIS,67,6.2,289.1,13.3,N,0
-37.3478,148.7975,303.2,1,1,2014-02-11,1514,Aqua,MODIS,32,6.2,287.7,6.2,N,0
-37.3357,148.4192,324.1,1,1,2014-02-11,1514,Aqua,MODIS,100,6.2,285.5,22.4,N,0
-37.4273,148.8423,301.9,1,1,2014-02-11,1514,Aqua,MODIS,39,6.2,288.3,5.5,N,0
-37.397,148.639,356.2,1,1,2014-02-11,1514,Aqua,MODIS,100,6.2,292.9,73.9,N,0
-37.3537,148.415,338.8,1,1,2014-02-11,1514,Aqua,MODIS,100,6.2,287.2,40.2,N,0
-37.3777,148.3268,316.2,1,1,2014-02-11,1514,Aqua,MODIS,45,6.2,284.4,14.5,N,0
-37.3259,148.6509,406.2,1,1,2014-02-11,1514,Aqua,MODIS,100,6.2,299.8,290.9,N,0
-37.352,148.4036,334.6,1,1,2014-02-11,1514,Aqua,MODIS,100,6.2,287,33.9,N,0
-33.0864,138.2366,315.8,4.1,1.9,2014-02-11,1514,Aqua,MODIS,92,6.2,292.1,97.3,N,0
-37.4116,148.6122,315.2,1,1,2014-02-11,1514,Aqua,MODIS,55,6.2,288,12.6,N,0
-37.3169,148.653,313.3,1,1,2014-02-11,1514,Aqua,MODIS,37,6.2,288.7,10,N,0
-37.3686,148.3291,315.2,1,1,2014-02-11,1514,Aqua,MODIS,56,6.2,284.6,13.7,N,0
-33.0908,138.2306,324.5,4.1,1.9,2014-02-11,1514,Aqua,MODIS,100,6.2,292.6,154.8,N,0
-37.4184,148.6574,316.1,1,1,2014-02-11,1514,Aqua,MODIS,25,6.2,288.3,13.1,N,0
-37.4557,148.5376,310.9,1,1,2014-02-11,1514,Aqua,MODIS,44,6.2,286.9,10.1,N,0
-37.3971,148.0332,302,1,1,2014-02-11,1514,Aqua,MODIS,12,6.2,284.5,5.9,N,0
-37.5082,148.8881,302.7,1,1,2014-02-11,1514,Aqua,MODIS,51,6.2,288.5,6.2,N,0
-37.3079,148.6551,330.1,1,1,2014-02-11,1514,Aqua,MODIS,100,6.2,288.3,26.9,N,0
-37.3422,148.6353,326.9,1,1,2014-02-11,1514,Aqua,MODIS,91,6.2,289.2,23.3,N,0
-37.3135,148.6304,311.4,1,1,2014-02-11,1514,Aqua,MODIS,71,6.2,288.5,10.2,N,0
-37.3461,148.7862,329.9,1,1,2014-02-11,1514,Aqua,MODIS,100,6.2,289.4,29.7,N,0
-37.5702,148.5038,317.1,1,1,2014-02-11,1514,Aqua,MODIS,60,6.2,288,15.6,N,0
-37.3789,148.6431,325.4,1,1,2014-02-11,1514,Aqua,MODIS,86,6.2,290.8,21.4,N,0
-33.1075,138.2256,316.4,4.1,1.9,2014-02-11,1514,Aqua,MODIS,90,6.2,293,91.1,N,0
-37.3613,148.3423,313.4,1,1,2014-02-11,1514,Aqua,MODIS,31,6.2,284.6,12,N,0
-37.4031,148.315,316.6,1,1,2014-02-11,1514,Aqua,MODIS,93,6.2,284.4,17,N,0
-37.3219,148.6866,317.6,1,1,2014-02-11,1514,Aqua,MODIS,66,6.2,290.5,14.6,N,0
-37.4201,148.6686,319.3,1,1,2014-02-11,1514,Aqua,MODIS,97,6.2,289.4,17,N,0
-37.5245,148.3263,306.9,1,1,2014-02-11,1514,Aqua,MODIS,60,6.2,281.4,8.7,N,0
-37.2701,148.6521,321.7,1,1,2014-02-11,1514,Aqua,MODIS,100,6.2,289,20.3,N,0
-37.2864,148.6367,313,1,1,2014-02-11,1514,Aqua,MODIS,45,6.2,288.1,11,N,0
-37.4523,148.5148,306.6,1,1,2014-02-11,1514,Aqua,MODIS,69,6.2,285.8,9.2,N,0
-37.454,148.5262,308.2,1,1,2014-02-11,1514,Aqua,MODIS,65,6.2,286,9.2,N,0
-37.3371,148.7882,335.6,1,1,2014-02-11,1514,Aqua,MODIS,100,6.2,290.4,36.5,N,0
-37.3129,148.6887,313.6,1,1,2014-02-11,1514,Aqua,MODIS,18,6.2,290,11,N,0
-37.3447,148.4171,317.3,1,1,2014-02-11,1514,Aqua,MODIS,48,6.2,285.7,14.4,N,0
-37.2667,148.6296,328,1,1,2014-02-11,1514,Aqua,MODIS,100,6.2,288.6,27.2,N,0
-37.3648,148.365,303.7,1,1,2014-02-11,1514,Aqua,MODIS,7,6.2,283.4,5.9,N,0
-37.265,148.6184,317.9,1,1,2014-02-11,1514,Aqua,MODIS,96,6.2,287.1,17,N,0
-37.4218,148.6799,304.3,1,1,2014-02-11,1514,Aqua,MODIS,38,6.2,288.3,6.5,N,0
-37.5637,148.3995,304.7,1,1,2014-02-11,1514,Aqua,MODIS,15,6.2,285.5,7,N,0
-33.103,138.2316,331.2,4.1,1.9,2014-02-11,1514,Aqua,MODIS,100,6.2,294.3,215.7,N,0
-37.3953,148.6277,325.2,1,1,2014-02-11,1514,Aqua,MODIS,68,6.2,288.2,19.8,N,0
-37.4587,148.6188,317.4,1,1,2014-02-11,1514,Aqua,MODIS,16,6.2,289.7,12.8,N,0
-37.3627,148.4127,313.1,1,1,2014-02-11,1514,Aqua,MODIS,4,6.2,285.7,10,N,0
-37.2774,148.6388,308.7,1,1,2014-02-11,1514,Aqua,MODIS,63,6.2,287.9,8.9,N,0
-37.3355,148.7769,313.6,1,1,2014-02-11,1514,Aqua,MODIS,45,6.2,289.1,11.5,N,0
-37.3898,148.0467,302.6,1,1,2014-02-11,1514,Aqua,MODIS,28,6.2,284.7,6.4,N,0
-37.2887,148.7761,312.6,1,1,2014-02-11,1514,Aqua,MODIS,85,6.2,288.9,12.3,N,0
-37.3638,148.7285,308.8,1,1,2014-02-11,1514,Aqua,MODIS,76,6.2,289.2,9.9,N,0
-33.0967,138.278,343.9,4,1.9,2014-02-11,1514,Aqua,MODIS,100,6.2,295.7,369.7,N,0
-33.1195,138.2263,306.7,4.1,1.9,2014-02-11,1514,Aqua,MODIS,26,6.2,293.8,39,N,0
-33.1294,138.2664,313.1,4,1.9,2014-02-11,1514,Aqua,MODIS,74,6.2,295.2,75.5,N,0
-37.5887,148.4406,302.9,1,1,2014-02-11,1514,Aqua,MODIS,38,6.2,286.4,6.4,N,0
-37.5098,148.8994,324.5,1,1,2014-02-11,1514,Aqua,MODIS,100,6.2,290.3,24,N,0
-33.1131,138.2723,334.8,4,1.9,2014-02-11,1514,Aqua,MODIS,100,6.2,296.6,253.5,N,0
-37.2308,148.5738,306.4,1,1,2014-02-11,1514,Aqua,MODIS,68,6.2,287.1,8.8,N,0
-37.406,148.8239,309.7,1,1,2014-02-11,1514,Aqua,MODIS,65,6.2,288.8,9.9,N,0
-37.3689,148.7625,305.8,1,1,2014-02-11,1514,Aqua,MODIS,66,6.2,288.5,8.1,N,0
-37.3958,148.3284,302,1,1,2014-02-11,1514,Aqua,MODIS,46,6.2,282.9,6.4,N,0
-37.5115,148.9107,300.7,1,1,2014-02-11,1514,Aqua,MODIS,30,6.2,288.2,5.2,N,0
-37.3554,148.4263,319.9,1,1,2014-02-11,1514,Aqua,MODIS,36,6.2,286.1,16.1,N,0
-37.5865,148.4882,304.2,1,1,2014-02-11,1514,Aqua,MODIS,32,6.2,287.6,6.7,N,0
-33.1013,138.2717,341.4,4,1.9,2014-02-11,1514,Aqua,MODIS,100,6.2,297.6,333.7,N,0
-37.3941,148.3172,313.5,1,1,2014-02-11,1514,Aqua,MODIS,87,6.2,283.9,14.4,N,0
-33.1177,138.2661,328.8,4,1.9,2014-02-11,1514,Aqua,MODIS,100,6.2,296.4,191.6,N,0
-37.397,148.826,309.1,1,1,2014-02-11,1514,Aqua,MODIS,76,6.2,288.5,9.8,N,0
-37.3191,148.7924,307.8,1,1,2014-02-11,1514,Aqua,MODIS,19,6.2,289,8,N,0
-37.2684,148.6409,331.2,1,1,2014-02-11,1514,Aqua,MODIS,100,6.2,289.8,31.3,N,0
-37.4682,148.558,309.7,1,1,2014-02-11,1514,Aqua,MODIS,58,6.2,287.3,9.2,N,0
-37.3579,148.3201,309.1,1,1,2014-02-11,1514,Aqua,MODIS,64,6.2,283.8,10.2,N,0
-37.3621,148.7173,304.2,1,1,2014-02-11,1514,Aqua,MODIS,59,6.2,288.9,6.9,N,0
-37.3879,148.641,321.1,1,1,2014-02-11,1514,Aqua,MODIS,33,6.2,290,16.1,N,0
-33.1118,138.313,307.6,4,1.9,2014-02-11,1514,Aqua,MODIS,42,6.2,294,47.1,N,0
-37.3429,148.4057,313.3,1,1,2014-02-11,1514,Aqua,MODIS,27,6.2,284.9,11.6,N,0
-37.5848,148.4769,309,1,1,2014-02-11,1514,Aqua,MODIS,63,6.2,287.4,9.7,N,0
-37.3242,148.6396,360.1,1,1,2014-02-11,1514,Aqua,MODIS,100,6.2,289.9,84.8,N,0
-37.3096,148.6663,322.3,1,1,2014-02-11,1514,Aqua,MODIS,79,6.2,288.8,18.1,N,0
-37.3557,148.7255,322.1,1,1,2014-02-11,1514,Aqua,MODIS,83,6.2,290,19.1,N,0
-37.2506,148.7674,300.6,1,1,2014-02-11,1514,Aqua,MODIS,30,6.2,286.8,5.9,N,0
-37.2994,148.7853,318.1,1,1,2014-02-11,1514,Aqua,MODIS,94,6.2,289.6,16,N,0
-37.3596,148.3313,332.1,1,1,2014-02-11,1514,Aqua,MODIS,100,6.2,286.1,32.9,N,0
-37.3987,148.6502,323.7,1,1,2014-02-11,1514,Aqua,MODIS,45,6.2,290.3,18.9,N,0
-37.3266,148.4213,313,1,1,2014-02-11,1514,Aqua,MODIS,86,6.2,284.7,12.6,N,0
-37.2415,148.583,313.9,1,1,2014-02-11,1514,Aqua,MODIS,88,6.2,285.2,13.5,N,0
-37.2899,148.4133,307.4,1,1,2014-02-11,1514,Aqua,MODIS,45,6.2,284.5,8.5,N,0
-37.3159,148.412,301.3,1,1,2014-02-11,1514,Aqua,MODIS,20,6.2,284.6,5.4,N,0
-33.1341,138.2605,310.8,4,1.9,2014-02-11,1514,Aqua,MODIS,32,6.2,295.3,60.1,N,0
-37.308,148.409,315.1,1,1,2014-02-11,1514,Aqua,MODIS,36,6.2,285.5,13.5,N,0
-37.512,148.3058,305.4,1,1,2014-02-11,1514,Aqua,MODIS,23,6.2,282.2,7.7,N,0
-38.2379,146.372,325.2,1.1,1,2014-02-11,1515,Aqua,MODIS,100,6.2,286.4,27.1,N,2
-38.24,146.3844,394,1.1,1,2014-02-11,1515,Aqua,MODIS,100,6.2,298.4,249,N,2
-38.2442,146.4093,314.6,1.1,1,2014-02-11,1515,Aqua,MODIS,85,6.2,289.2,14.7,N,2
-38.2493,146.3816,350.1,1.1,1,2014-02-11,1515,Aqua,MODIS,100,6.2,294.8,70.5,N,2
-38.2514,146.3941,406.8,1.1,1,2014-02-11,1515,Aqua,MODIS,100,6.2,307.2,335.6,N,2
-38.2535,146.4068,356.8,1.1,1,2014-02-11,1515,Aqua,MODIS,100,6.2,294.9,88.1,N,2
-38.2587,146.3793,325.3,1.1,1,2014-02-11,1515,Aqua,MODIS,100,6.2,289.2,26,N,2
-38.2608,146.3918,377.9,1.1,1,2014-02-11,1515,Aqua,MODIS,100,6.2,296.1,165.1,N,2
-38.2629,146.4044,309.9,1.1,1,2014-02-11,1515,Aqua,MODIS,79,6.2,288.3,11.6,N,2
-38.2421,146.3969,367.2,1.1,1,2014-02-11,1515,Aqua,MODIS,100,6.2,294.8,121.3,N,2
-33.0953,138.2709,322.7,4.8,2,2014-02-11,1652,Aqua,MODIS,100,6.2,284,195,N,0
-33.0978,138.2742,324.5,4.8,2,2014-02-11,1652,Aqua,MODIS,100,6.2,283.8,218.2,N,0
-33.116,138.2735,315,4.8,2,2014-02-11,1652,Aqua,MODIS,87,6.2,278.7,130.7,N,0
-33.1136,138.27,316.1,4.8,2,2014-02-11,1652,Aqua,MODIS,90,6.2,279.2,136,N,0
-20.7332,147.2359,336.5,1.1,1,2014-02-12,0034,Terra,MODIS,85,6.2,309.5,26,D,0
-20.7603,147.2464,323.2,1.1,1,2014-02-12,0034,Terra,MODIS,67,6.2,305.4,9.8,D,0
-20.7532,147.2433,335.1,1.1,1,2014-02-12,0034,Terra,MODIS,82,6.2,308.3,22.6,D,0
-20.759,147.2365,325.7,1.1,1,2014-02-12,0034,Terra,MODIS,72,6.2,307.4,12.8,D,0
-19.8764,147.2891,326.3,1.1,1,2014-02-12,0034,Terra,MODIS,73,6.2,300.1,16.4,D,0
-19.8842,147.2776,320.9,1.1,1,2014-02-12,0034,Terra,MODIS,25,6.2,298,10.3,D,0
-23.6887,148.9835,326.5,1.4,1.2,2014-02-12,0035,Terra,MODIS,77,6.2,300.5,27.4,D,0
-25.0741,147.8662,332.6,1.2,1.1,2014-02-12,0035,Terra,MODIS,79,6.2,312.4,20.9,D,0
-24.7059,151.8504,323.4,2.3,1.5,2014-02-12,0035,Terra,MODIS,72,6.2,293.6,54.2,D,0
-25.0756,147.8786,335.6,1.2,1.1,2014-02-12,0035,Terra,MODIS,82,6.2,311.8,27.3,D,0
-32.2962,145.9859,336.5,1.2,1.1,2014-02-12,0037,Terra,MODIS,73,6.2,319.8,17.5,D,0
-32.2946,145.9731,333.7,1.2,1.1,2014-02-12,0037,Terra,MODIS,65,6.2,320.3,12.4,D,0
-29.8302,149.3629,331.9,1.8,1.3,2014-02-12,0037,Terra,MODIS,73,6.2,311.5,29,D,0
-33.121,138.2586,341,1.3,1.2,2014-02-12,0038,Terra,MODIS,56,6.2,311.1,32.1,D,0
-37.3251,148.6527,311.3,2,1.4,2014-02-12,0039,Terra,MODIS,59,6.2,284.9,24,D,0
-37.2733,148.6362,309.9,2,1.4,2014-02-12,0039,Terra,MODIS,69,6.2,287,24.1,D,0
-37.3267,148.6469,310.5,2,1.4,2014-02-12,0039,Terra,MODIS,70,6.2,285.3,24.3,D,0
-37.2009,148.6968,307.9,2,1.4,2014-02-12,0039,Terra,MODIS,60,6.2,283.3,20.5,D,0
-32.0443,151.9305,326.8,2.3,1.5,2014-02-12,0317,Aqua,MODIS,64,6.2,303.9,29.6,D,0
-32.0463,151.9064,331.5,2.3,1.5,2014-02-12,0317,Aqua,MODIS,75,6.2,302,48.5,D,0
-28.0063,149.1622,331.3,3.2,1.7,2014-02-12,0318,Aqua,MODIS,37,6.2,309.4,39.8,D,0
-28.0181,149.1706,345.6,3.2,1.7,2014-02-12,0318,Aqua,MODIS,89,6.2,310.4,164.4,D,0
-28.0217,149.1636,337.5,3.2,1.7,2014-02-12,0318,Aqua,MODIS,81,6.2,310.3,83.9,D,0
-25.2804,151.7518,328.7,2,1.4,2014-02-12,0319,Aqua,MODIS,66,6.2,303.6,40.3,D,0
-25.0765,147.8558,326,3.7,1.8,2014-02-12,0319,Aqua,MODIS,70,6.2,308.1,63.9,D,0
-24.7149,151.8388,318,1.9,1.3,2014-02-12,0319,Aqua,MODIS,31,6.2,298,20.9,D,0
-24.664,151.8061,326.6,1.9,1.3,2014-02-12,0319,Aqua,MODIS,64,6.2,298.2,44.4,D,0
-24.662,151.8249,319.3,1.9,1.3,2014-02-12,0319,Aqua,MODIS,30,6.2,294.8,23.1,D,0
-25.0837,147.864,325.6,3.7,1.8,2014-02-12,0319,Aqua,MODIS,67,6.2,307.4,61.4,D,0
-24.0501,150.8483,320.7,2.2,1.4,2014-02-12,0319,Aqua,MODIS,60,6.2,300.2,32.7,D,0
-19.8765,147.2956,318.4,3.5,1.8,2014-02-12,0320,Aqua,MODIS,48,6.2,294.1,67.4,D,0
-19.8795,147.2617,317.8,3.6,1.8,2014-02-12,0320,Aqua,MODIS,46,6.2,293,59,D,0
-19.8833,147.2894,319.4,3.5,1.8,2014-02-12,0320,Aqua,MODIS,71,6.2,295.9,73.5,D,0
-29.4858,133.0355,348.7,1,1,2014-02-12,0456,Aqua,MODIS,91,6.2,316.5,38.1,D,0
-29.4751,133.0446,341.5,1,1,2014-02-12,0456,Aqua,MODIS,80,6.2,315.4,22.7,D,0
-34.2307,146.4159,308.4,1.8,1.3,2014-02-12,1241,Terra,MODIS,36,6.2,281.6,21.1,N,0
-34.2249,146.4095,306.7,1.8,1.3,2014-02-12,1241,Terra,MODIS,69,6.2,280.5,20.4,N,0
-30.8424,149.2376,336.1,1.1,1.1,2014-02-12,1242,Terra,MODIS,100,6.2,298.8,40.6,N,0
-29.0198,152.1944,308.3,1,1,2014-02-12,1242,Terra,MODIS,74,6.2,288.1,9.2,N,0
-29.032,152.1754,304.5,1,1,2014-02-12,1242,Terra,MODIS,48,6.2,287.9,6.9,N,0
-30.8384,149.2432,333,1.1,1.1,2014-02-12,1242,Terra,MODIS,100,6.2,298.5,35.5,N,0
-30.8409,149.2495,323,1.1,1.1,2014-02-12,1242,Terra,MODIS,100,6.2,297.5,20.8,N,0
-30.8414,149.2194,308.6,1.1,1.1,2014-02-12,1242,Terra,MODIS,75,6.2,296.5,6.7,N,0
-30.8399,149.2313,333,1.1,1.1,2014-02-12,1242,Terra,MODIS,100,6.2,298.3,35.9,N,0
-29.0214,152.184,319.9,1,1,2014-02-12,1242,Terra,MODIS,99,6.2,288.9,19,N,0
-30.8369,149.2551,321.4,1.1,1.1,2014-02-12,1242,Terra,MODIS,100,6.2,297.2,19.4,N,0
-30.8438,149.2257,328.5,1.1,1.1,2014-02-12,1242,Terra,MODIS,100,6.2,297.3,28.5,N,0
-29.2321,150.1794,307.7,1,1,2014-02-12,1242,Terra,MODIS,72,6.2,297.2,5,N,0
-28.9515,150.2192,307.2,1,1,2014-02-12,1242,Terra,MODIS,70,6.2,297,5.3,N,0
-31.8251,149.4226,308.7,1.1,1.1,2014-02-12,1242,Terra,MODIS,75,6.2,292.8,8.8,N,0
-31.8266,149.4107,350.5,1.1,1.1,2014-02-12,1242,Terra,MODIS,100,6.2,298.9,74.6,N,0
-30.1944,149.1162,308.6,1.1,1.1,2014-02-12,1242,Terra,MODIS,75,6.2,294.5,7.9,N,0
-31.8228,149.4158,336,1.1,1.1,2014-02-12,1242,Terra,MODIS,100,6.2,295.5,43.5,N,0
-30.1959,149.1044,312.3,1.1,1.1,2014-02-12,1242,Terra,MODIS,85,6.2,295.1,11.1,N,0
-31.8177,149.378,379.9,1.1,1.1,2014-02-12,1242,Terra,MODIS,100,6.2,301.6,183.9,N,0
-31.8132,149.4141,303.3,1.1,1.1,2014-02-12,1242,Terra,MODIS,53,6.2,292.3,5,N,0
-31.8258,149.3917,335,1.1,1.1,2014-02-12,1242,Terra,MODIS,100,6.2,298.4,41,N,0
-31.8243,149.4039,352.1,1.1,1.1,2014-02-12,1242,Terra,MODIS,100,6.2,300.6,78.9,N,0
-31.8147,149.4021,333.1,1.1,1.1,2014-02-12,1242,Terra,MODIS,100,6.2,295.4,38.2,N,0
-31.8273,149.3796,305.3,1.1,1.1,2014-02-12,1242,Terra,MODIS,48,6.2,294.7,5.6,N,0
-31.8162,149.39,361.1,1.1,1.1,2014-02-12,1242,Terra,MODIS,100,6.2,299.7,106,N,0
-31.8362,149.4123,337.3,1.1,1.1,2014-02-12,1242,Terra,MODIS,100,6.2,296.2,45.1,N,0
-31.8377,149.4001,321.8,1.1,1.1,2014-02-12,1242,Terra,MODIS,100,6.2,295.3,21.1,N,0
-31.828,149.3986,347.9,1.1,1.1,2014-02-12,1242,Terra,MODIS,100,6.2,299.3,67.2,N,0
-28.0093,149.174,309.4,1.1,1,2014-02-12,1243,Terra,MODIS,73,6.2,297.4,7.9,N,0
-25.1187,152.0564,307.4,1.1,1,2014-02-12,1243,Terra,MODIS,71,6.2,291.5,8.7,N,0
-25.445,149.1523,306.4,1,1,2014-02-12,1243,Terra,MODIS,65,6.2,296.4,5.3,N,0
-25.1203,152.0459,314.4,1.1,1,2014-02-12,1243,Terra,MODIS,89,6.2,291.7,14.2,N,0
-25.1256,152.0527,316.8,1.1,1,2014-02-12,1243,Terra,MODIS,94,6.2,291.7,16,N,0
-28.0154,149.1702,315.8,1.1,1,2014-02-12,1243,Terra,MODIS,91,6.2,298.3,12.3,N,0
-25.4436,149.1626,317.3,1,1,2014-02-12,1243,Terra,MODIS,94,6.2,296.7,13.9,N,0
-26.1775,152.5826,300.3,1.1,1,2014-02-12,1243,Terra,MODIS,25,6.2,290.2,4.6,N,0
-23.2114,150.7747,309.3,1,1,2014-02-12,1244,Terra,MODIS,77,6.2,292.8,8.8,N,0
-23.2129,150.7648,305.2,1,1,2014-02-12,1244,Terra,MODIS,63,6.2,292.4,6.1,N,0
-23.6882,148.976,316.9,1,1,2014-02-12,1244,Terra,MODIS,94,6.2,293.8,13.9,N,0
-23.6896,148.9658,314,1,1,2014-02-12,1244,Terra,MODIS,88,6.2,294.8,11.6,N,0
-23.6764,148.9946,309.3,1,1,2014-02-12,1244,Terra,MODIS,77,6.2,292.8,8.5,N,0
-23.3836,149.7802,308.9,1,1,2014-02-12,1244,Terra,MODIS,76,6.2,293.2,8.3,N,0
-23.385,149.7704,303.6,1,1,2014-02-12,1244,Terra,MODIS,56,6.2,293,4.9,N,0
-24.4589,146.074,304.8,1.4,1.2,2014-02-12,1244,Terra,MODIS,57,6.2,293.6,6.8,N,0
-23.803,145.4966,307.5,1.5,1.2,2014-02-12,1244,Terra,MODIS,69,6.2,295.3,9.6,N,0
-24.7708,148.0145,303.3,1.1,1.1,2014-02-12,1244,Terra,MODIS,54,6.2,292.1,5.6,N,0
-20.7629,147.2436,305.7,1.1,1,2014-02-12,1245,Terra,MODIS,65,6.2,294.4,6.4,N,0
-23.686,148.9795,309.3,2.3,1.5,2014-02-12,1554,Aqua,MODIS,77,6.2,291.9,30.1,N,0
-31.8252,149.4089,308.6,3.1,1.7,2014-02-12,1556,Aqua,MODIS,75,6.2,281.8,51.2,N,0
-31.8131,149.4178,302.8,3.1,1.7,2014-02-12,1556,Aqua,MODIS,48,6.2,280.5,33.5,N,0
-31.8283,149.4163,305,3.1,1.7,2014-02-12,1556,Aqua,MODIS,54,6.2,280.9,38.7,N,0
-31.8101,149.4107,301.1,3.1,1.7,2014-02-12,1556,Aqua,MODIS,16,6.2,281.4,27.4,N,0
-31.8108,149.3853,303.9,3,1.7,2014-02-12,1556,Aqua,MODIS,53,6.2,282.5,35.2,N,0
-20.8254,118.6751,307.1,1,1,2014-02-12,1732,Aqua,MODIS,70,6.2,292.9,5.5,N,0
-20.8268,118.6849,307.9,1,1,2014-02-12,1732,Aqua,MODIS,73,6.2,293.1,6.1,N,0
-20.8347,118.6778,307.3,1,1,2014-02-12,1732,Aqua,MODIS,71,6.2,292.9,6.2,N,0
-16.2455,137.6183,314.7,1.1,1,2014-02-13,0116,Terra,MODIS,32,6.2,293.6,4.5,D,0
-30.8646,149.2518,344,1,1,2014-02-13,0400,Aqua,MODIS,72,6.2,283.1,40.6,D,0
-30.8494,149.2311,383.4,1,1,2014-02-13,0400,Aqua,MODIS,100,6.2,298.2,155.4,D,0
-30.8568,149.2434,344.8,1,1,2014-02-13,0400,Aqua,MODIS,74,6.2,289.1,39,D,0
-30.8662,149.2413,384.8,1,1,2014-02-13,0400,Aqua,MODIS,100,6.2,291.2,164.1,D,0
-30.8509,149.2206,344,1,1,2014-02-13,0400,Aqua,MODIS,74,6.2,297.2,34.8,D,0
-30.8463,149.2521,351.4,1,1,2014-02-13,0400,Aqua,MODIS,71,6.2,275.5,57.5,D,0
-31.8146,149.3651,329.2,1,1,2014-02-13,0400,Aqua,MODIS,70,6.2,301.4,13.1,D,0
-31.8354,149.4129,334.1,1,1,2014-02-13,0400,Aqua,MODIS,81,6.2,284,25.8,D,0
-31.8369,149.4024,338.3,1,1,2014-02-13,0400,Aqua,MODIS,85,6.2,285.6,31,D,0
-31.8205,149.3881,335.9,1,1,2014-02-13,0400,Aqua,MODIS,54,6.2,293.9,23.3,D,0
-31.813,149.3757,348.3,1,1,2014-02-13,0400,Aqua,MODIS,94,6.2,301.3,45,D,0
-31.822,149.3775,350.7,1,1,2014-02-13,0400,Aqua,MODIS,95,6.2,300,49.4,D,0
-31.8279,149.4005,325.5,1,1,2014-02-13,0400,Aqua,MODIS,31,6.2,287.5,13.8,D,0
-31.8295,149.3899,334.1,1,1,2014-02-13,0400,Aqua,MODIS,48,6.2,291.1,21.4,D,0
-26.6244,149.9032,343.1,1.1,1.1,2014-02-13,0401,Aqua,MODIS,84,6.2,319.7,19.9,D,0
-26.6226,149.9143,364.2,1.1,1.1,2014-02-13,0401,Aqua,MODIS,100,6.2,318.6,78.7,D,0
-23.4407,147.2416,328.7,1,1,2014-02-13,0402,Aqua,MODIS,59,6.2,308.2,12.8,D,0
-23.6848,148.973,357.5,1.1,1,2014-02-13,0402,Aqua,MODIS,98,6.2,306.1,74.5,D,0
-23.6797,149.0052,330.6,1.1,1,2014-02-13,0402,Aqua,MODIS,69,6.2,304.1,20.4,D,0
-23.6814,148.9943,330.6,1.1,1,2014-02-13,0402,Aqua,MODIS,66,6.2,303.6,19.6,D,0
-23.6864,148.9627,338.7,1.1,1,2014-02-13,0402,Aqua,MODIS,70,6.2,306.1,27.8,D,0
-23.3878,149.8049,321.5,1.2,1.1,2014-02-13,0402,Aqua,MODIS,8,6.2,304,7.6,D,0
-23.38,149.7911,322.3,1.2,1.1,2014-02-13,0402,Aqua,MODIS,23,6.2,304.1,10.5,D,0
-23.6596,145.2081,340.8,1.1,1,2014-02-13,0402,Aqua,MODIS,81,6.2,313.8,25.5,D,0
-24.5205,145.975,336.1,1,1,2014-02-13,0402,Aqua,MODIS,72,6.2,317,11.7,D,0
-24.5219,145.9649,341,1,1,2014-02-13,0402,Aqua,MODIS,81,6.2,316.2,20.1,D,0
-24.5114,145.9735,346,1,1,2014-02-13,0402,Aqua,MODIS,88,6.2,317.1,29.1,D,0
-24.5128,145.9634,357.8,1,1,2014-02-13,0402,Aqua,MODIS,98,6.2,318.8,56.8,D,0
-24.0036,145.5202,335,1,1,2014-02-13,0402,Aqua,MODIS,69,6.2,315,11.4,D,0
-25.4499,149.1696,333.6,1.1,1,2014-02-13,0402,Aqua,MODIS,65,6.2,312.6,14.6,D,0
-25.4516,149.159,343.9,1.1,1,2014-02-13,0402,Aqua,MODIS,85,6.2,309.7,33.9,D,0
-24.78,148.0186,350.5,1,1,2014-02-13,0402,Aqua,MODIS,93,6.2,312.5,48.6,D,0
-25.1073,147.8566,344,1,1,2014-02-13,0402,Aqua,MODIS,86,6.2,314.1,25.3,D,0
-22.9381,147.5858,331.5,1,1,2014-02-13,0403,Aqua,MODIS,74,6.2,310.2,14.1,D,0
-22.9396,147.576,327.5,1,1,2014-02-13,0403,Aqua,MODIS,65,6.2,310.8,8.6,D,0
-20.3141,148.0041,320.1,1.1,1,2014-02-13,0403,Aqua,MODIS,34,6.2,302.7,5.4,D,0
-18.7845,137.3493,315.2,2.9,1.6,2014-02-13,0404,Aqua,MODIS,19,6.2,288.8,37.1,D,0
-14.3945,142.3315,315,1.2,1.1,2014-02-13,0405,Aqua,MODIS,19,6.2,298.7,7.6,D,0
-14.8909,141.6519,317.6,1.3,1.1,2014-02-13,0405,Aqua,MODIS,56,6.2,298.1,9.1,D,0
-33.778,117.3788,324.5,2.1,1.4,2014-02-13,0539,Aqua,MODIS,69,6.2,304.1,19.6,D,0
-33.7776,117.3858,327.7,2.1,1.4,2014-02-13,0539,Aqua,MODIS,74,6.2,304.3,31.2,D,0
-21.9146,118.0641,339.1,1.3,1.1,2014-02-13,0542,Aqua,MODIS,82,6.2,315.1,26.6,D,0
-22.0897,118.127,368.9,1.3,1.1,2014-02-13,0542,Aqua,MODIS,100,6.2,315.2,135.1,D,0
-22.0794,118.1255,339,1.3,1.1,2014-02-13,0542,Aqua,MODIS,81,6.2,316.7,27.6,D,0
-21.9707,118.0908,339.6,1.3,1.1,2014-02-13,0542,Aqua,MODIS,82,6.2,314.8,31.7,D,0
-21.9723,118.0779,335.4,1.3,1.1,2014-02-13,0542,Aqua,MODIS,71,6.2,313.7,21.5,D,0
-21.9748,118.0857,338.1,1.3,1.1,2014-02-13,0542,Aqua,MODIS,72,6.2,314.5,26,D,0
-21.9645,118.0844,333.9,1.3,1.1,2014-02-13,0542,Aqua,MODIS,38,6.2,314.9,15.8,D,0
-22.0881,118.1398,333.5,1.3,1.1,2014-02-13,0542,Aqua,MODIS,55,6.2,313.3,15.5,D,0
-37.5792,145.9924,302.4,1.2,1.1,2014-02-13,1323,Terra,MODIS,49,6.2,285.9,7.6,N,0
-23.6802,148.9587,302.7,3.4,1.7,2014-02-13,1327,Terra,MODIS,51,6.2,291.6,24.8,N,0
-23.6618,145.2117,302.1,1.9,1.3,2014-02-13,1327,Terra,MODIS,46,6.2,288.3,8.4,N,0
-24.5151,145.9648,304.3,2,1.4,2014-02-13,1327,Terra,MODIS,59,6.2,293.5,10.4,N,0
-24.0065,145.511,303.5,1.9,1.4,2014-02-13,1327,Terra,MODIS,55,6.2,292.3,9.5,N,0
-20.7307,139.4781,308.3,1,1,2014-02-13,1328,Terra,MODIS,72,6.2,296.9,5.6,N,2
-38.2429,146.3729,319.6,1.5,1.2,2014-02-13,1502,Aqua,MODIS,99,6.2,275.8,35.2,N,0
-38.2463,146.3898,358.4,1.5,1.2,2014-02-13,1502,Aqua,MODIS,100,6.2,281.3,151.2,N,2
-38.2496,146.407,320,1.5,1.2,2014-02-13,1502,Aqua,MODIS,99,6.2,274.1,34.5,N,2
-38.257,146.3865,327.7,1.5,1.2,2014-02-13,1502,Aqua,MODIS,100,6.2,277.7,50.7,N,2
-38.2356,146.3936,302.7,1.5,1.2,2014-02-13,1502,Aqua,MODIS,51,6.2,276.7,14,N,0
-38.2604,146.4038,318.9,1.5,1.2,2014-02-13,1502,Aqua,MODIS,88,6.2,273.9,31.7,N,2
-31.2018,117.4424,301.8,1,1,2014-02-13,1504,Terra,MODIS,44,6.2,291.6,4.4,N,0
-21.9769,118.0883,317.5,1.4,1.2,2014-02-13,1506,Terra,MODIS,95,6.2,296,22,N,0
-21.9898,118.2366,307.8,1.4,1.2,2014-02-13,1506,Terra,MODIS,72,6.2,297,9.2,N,0
-20.7661,147.2523,325.5,1.1,1,2014-02-14,0022,Terra,MODIS,55,6.2,310.5,9.2,D,0
-24.6647,151.8183,318.9,1.4,1.2,2014-02-14,0023,Terra,MODIS,36,6.2,300.7,11.1,D,0
-23.3939,147.7398,329.8,1,1,2014-02-14,0023,Terra,MODIS,75,6.2,305.2,15.7,D,0
-23.6701,149.0028,335.5,1,1,2014-02-14,0023,Terra,MODIS,83,6.2,303,28.4,D,0
-23.9955,145.5288,332.7,1.1,1.1,2014-02-14,0023,Terra,MODIS,77,6.2,306.3,17.3,D,0
-23.9973,145.5398,327.2,1.1,1.1,2014-02-14,0023,Terra,MODIS,64,6.2,306.6,8.2,D,0
-26.5464,147.2134,351.8,1,1,2014-02-14,0024,Terra,MODIS,95,6.2,312.1,47.9,D,0
-26.5479,147.2234,329.6,1,1,2014-02-14,0024,Terra,MODIS,69,6.2,309.4,10.4,D,0
-26.5554,147.2118,353.2,1,1,2014-02-14,0024,Terra,MODIS,95,6.2,310.2,51.5,D,0
-26.5569,147.2218,328.7,1,1,2014-02-14,0024,Terra,MODIS,67,6.2,308.9,9.7,D,0
-15.0707,129.2943,314.8,1.4,1.2,2014-02-14,0159,Terra,MODIS,66,6.2,288.5,9.1,D,0
-21.912,118.0652,327.7,1.8,1.3,2014-02-14,0201,Terra,MODIS,77,6.2,302.9,28.7,D,0
-21.9268,118.0799,324.4,1.8,1.3,2014-02-14,0201,Terra,MODIS,69,6.2,302,19.3,D,0
-21.9354,118.0605,348.8,1.8,1.3,2014-02-14,0201,Terra,MODIS,94,6.2,301.6,103.5,D,0
-21.9385,118.0777,330.1,1.8,1.3,2014-02-14,0201,Terra,MODIS,74,6.2,301.8,32.1,D,0
-21.9471,118.058,345.1,1.8,1.3,2014-02-14,0201,Terra,MODIS,92,6.2,300.4,86.7,D,0
-21.9858,118.0959,331.3,1.8,1.3,2014-02-14,0201,Terra,MODIS,80,6.2,303.9,36,D,0
-21.9826,118.0789,390.2,1.8,1.3,2014-02-14,0201,Terra,MODIS,100,6.2,306.1,426.9,D,0
-21.9795,118.0619,326.4,1.8,1.3,2014-02-14,0201,Terra,MODIS,67,6.2,300.7,22.7,D,0
-21.971,118.0815,358.1,1.8,1.3,2014-02-14,0201,Terra,MODIS,99,6.2,307.1,153.9,D,0
-21.9678,118.0644,324.1,1.8,1.3,2014-02-14,0201,Terra,MODIS,52,6.2,301.4,15.8,D,0
-21.9561,118.0668,333.3,1.8,1.3,2014-02-14,0201,Terra,MODIS,82,6.2,302.2,40.5,D,0
-21.9766,118.0872,382,1.8,1.3,2014-02-14,0201,Terra,MODIS,100,6.2,308.2,338.9,D,0
-21.9735,118.0702,378.3,1.8,1.3,2014-02-14,0201,Terra,MODIS,100,6.2,304.1,303.3,D,0
-21.9502,118.0753,336.6,1.8,1.3,2014-02-14,0201,Terra,MODIS,86,6.2,303.3,53.6,D,0
-21.9237,118.0629,342.5,1.8,1.3,2014-02-14,0201,Terra,MODIS,90,6.2,302.6,78.7,D,0
-28.1921,134.1805,316.6,4.7,2,2014-02-14,0203,Terra,MODIS,33,6.2,287,58.6,D,0
-31.1193,117.6033,329.7,1.3,1.1,2014-02-14,0204,Terra,MODIS,70,6.2,306.1,16,D,0
-31.13,117.5443,329.2,1.3,1.1,2014-02-14,0204,Terra,MODIS,69,6.2,305.4,15,D,0
-31.124,117.6302,325.7,1.3,1.1,2014-02-14,0204,Terra,MODIS,57,6.2,306,9.4,D,0
-31.1217,117.6167,334.5,1.3,1.1,2014-02-14,0204,Terra,MODIS,78,6.2,306.5,25.6,D,0
-26.5508,147.2218,336.4,3.7,1.8,2014-02-14,0444,Aqua,MODIS,63,6.2,304.5,138,D,0
-26.5588,147.1855,328.8,3.6,1.8,2014-02-14,0444,Aqua,MODIS,48,6.2,299,69.8,D,0
-21.9592,118.0432,337.8,2.3,1.5,2014-02-14,0625,Aqua,MODIS,58,6.2,316,47.8,D,0
-22.0126,118.2425,331,2.3,1.5,2014-02-14,0625,Aqua,MODIS,69,6.2,312.8,34.9,D,0
-22.0083,118.2649,334.2,2.3,1.5,2014-02-14,0625,Aqua,MODIS,76,6.2,311.2,50.1,D,0
-22.0129,118.3127,339.7,2.4,1.5,2014-02-14,0625,Aqua,MODIS,83,6.2,311,84.7,D,0
-22.0172,118.2902,347.5,2.3,1.5,2014-02-14,0625,Aqua,MODIS,91,6.2,311,129.9,D,0
-22.0029,118.0802,345.5,2.3,1.5,2014-02-14,0625,Aqua,MODIS,89,6.2,314.8,108.6,D,0
-21.9898,118.0775,367.8,2.3,1.5,2014-02-14,0625,Aqua,MODIS,100,6.2,318,292.1,D,0
-22.0071,118.0761,335.5,2.3,1.5,2014-02-14,0625,Aqua,MODIS,74,6.2,314,51.4,D,0
-21.9689,118.3975,333.1,2.4,1.5,2014-02-14,0625,Aqua,MODIS,74,6.2,311.2,49.7,D,0
-21.9866,118.3778,343.3,2.4,1.5,2014-02-14,0625,Aqua,MODIS,87,6.2,312.7,104.1,D,0
-21.9822,118.4008,336.2,2.4,1.5,2014-02-14,0625,Aqua,MODIS,79,6.2,311.8,64.9,D,0
-21.99,118.0951,342.3,2.3,1.5,2014-02-14,0625,Aqua,MODIS,86,6.2,312.4,89.2,D,0
-21.9941,118.0733,361.8,2.3,1.5,2014-02-14,0625,Aqua,MODIS,100,6.2,318.2,231,D,0
-21.9811,118.0705,333.9,2.3,1.5,2014-02-14,0625,Aqua,MODIS,69,6.2,315.9,43.2,D,0
-21.9681,118.0675,341.4,2.3,1.5,2014-02-14,0625,Aqua,MODIS,78,6.2,314.3,74.7,D,0
-21.9551,118.0646,350.6,2.3,1.5,2014-02-14,0625,Aqua,MODIS,93,6.2,316.6,130.8,D,0
-21.9421,118.0617,337.2,2.3,1.5,2014-02-14,0625,Aqua,MODIS,79,6.2,317.7,52.5,D,0
-27.0501,152.2961,300.2,1.1,1,2014-02-14,1231,Terra,MODIS,17,6.2,287,3.2,N,0
-24.5669,145.4819,319.9,2.5,1.5,2014-02-14,1231,Terra,MODIS,99,6.2,295.5,56.4,N,0
-24.575,145.4762,307,2.5,1.5,2014-02-14,1231,Terra,MODIS,30,6.2,295.2,17.8,N,0
-24.5588,145.4996,309.5,2.5,1.5,2014-02-14,1231,Terra,MODIS,74,6.2,295.4,24.5,N,0
-24.5612,145.4747,309.8,2.5,1.5,2014-02-14,1231,Terra,MODIS,74,6.2,295.4,25.6,N,0
-24.7073,151.8481,306.9,1.1,1,2014-02-14,1231,Terra,MODIS,70,6.2,286.8,7.9,N,0
-24.8712,148.0809,301.2,1.7,1.3,2014-02-14,1231,Terra,MODIS,27,6.2,286.4,7.6,N,0
-23.2786,147.9857,307.9,1.6,1.2,2014-02-14,1232,Terra,MODIS,72,6.2,293.8,12.8,N,0
-23.667,148.9975,323.9,1.4,1.2,2014-02-14,1232,Terra,MODIS,100,6.2,292.7,31.2,N,0
-23.6718,148.9552,320.3,1.4,1.2,2014-02-14,1232,Terra,MODIS,100,6.2,293.9,25.3,N,0
-23.6763,148.9642,313.1,1.4,1.2,2014-02-14,1232,Terra,MODIS,43,6.2,293.3,14.7,N,0
-23.6729,148.9922,316.1,1.4,1.2,2014-02-14,1232,Terra,MODIS,69,6.2,292.7,19,N,0
-23.6781,148.9492,312.1,1.4,1.2,2014-02-14,1232,Terra,MODIS,73,6.2,294.2,14.1,N,0
-23.6607,149.0044,306,1.4,1.2,2014-02-14,1232,Terra,MODIS,47,6.2,292,8.4,N,0
-23.6623,148.9914,306,1.4,1.2,2014-02-14,1232,Terra,MODIS,21,6.2,291.5,7.7,N,0
-23.6675,148.9477,305.8,1.4,1.2,2014-02-14,1232,Terra,MODIS,27,6.2,293.8,7.6,N,0
-23.3834,149.776,303.5,1.2,1.1,2014-02-14,1232,Terra,MODIS,53,6.2,292.8,5.5,N,0
-23.6542,145.2136,308.7,2.6,1.5,2014-02-14,1232,Terra,MODIS,72,6.2,295.2,24.1,N,0
-19.1782,146.5103,311.9,1.8,1.3,2014-02-14,1233,Terra,MODIS,84,6.2,292.6,24.3,N,0
-19.1801,146.4934,305.3,1.8,1.3,2014-02-14,1233,Terra,MODIS,64,6.2,292.6,13.8,N,0
-22.0054,118.269,301.9,3.6,1.8,2014-02-14,1411,Terra,MODIS,26,6.2,284.6,20.7,N,0
-22.0137,118.2767,301.9,3.6,1.8,2014-02-14,1411,Terra,MODIS,45,6.2,285.1,22.5,N,0
-19.1702,146.5058,311.6,1,1,2014-02-14,1540,Aqua,MODIS,83,6.2,293.1,10.2,N,0
-19.1716,146.5153,305.9,1,1,2014-02-14,1540,Aqua,MODIS,66,6.2,292.8,6.2,N,0
-23.6646,148.9548,306.1,1.4,1.2,2014-02-14,1541,Aqua,MODIS,38,6.2,292,9.3,N,0
-23.6695,148.9945,311.1,1.4,1.2,2014-02-14,1541,Aqua,MODIS,78,6.2,290.1,14.7,N,0
-23.6703,148.9604,317.4,1.4,1.2,2014-02-14,1541,Aqua,MODIS,95,6.2,292.1,23.1,N,0
-23.6645,149.0022,308.1,1.4,1.2,2014-02-14,1541,Aqua,MODIS,73,6.2,290.5,12.2,N,0
-20.7445,147.2452,304.1,1.1,1,2014-02-14,1541,Aqua,MODIS,58,6.2,293.5,5.2,N,0
-26.5457,147.2216,311.6,1.2,1.1,2014-02-14,1542,Aqua,MODIS,82,6.2,296,10.7,N,0
-38.2558,146.3921,327.3,1.5,1.2,2014-02-14,1545,Aqua,MODIS,97,6.2,267.9,0,N,2
-21.9952,118.3139,312.5,1.1,1.1,2014-02-14,1720,Aqua,MODIS,74,6.2,293.3,10.6,N,0
-21.9869,118.079,314,1.1,1.1,2014-02-14,1720,Aqua,MODIS,88,6.2,292.2,13.5,N,0
-21.9885,118.0718,306,1.1,1.1,2014-02-14,1720,Aqua,MODIS,65,6.2,291.8,7.6,N,0
-21.9903,118.0829,304.2,1.1,1.1,2014-02-14,1720,Aqua,MODIS,57,6.2,291.9,6.1,N,0
-21.9969,118.3246,318.7,1.1,1.1,2014-02-14,1720,Aqua,MODIS,97,6.2,294.4,17,N,0
-22.003,118.3013,309.7,1.1,1.1,2014-02-14,1720,Aqua,MODIS,78,6.2,292.3,8.6,N,0
-21.9336,118.0547,305.2,1.2,1.1,2014-02-14,1720,Aqua,MODIS,36,6.2,290.9,5.9,N,0
-30.8678,121.4971,311.8,1.2,1.1,2014-02-14,1722,Aqua,MODIS,83,6.2,290,15.4,N,2
-38.2333,146.3613,316,3.4,1.7,2014-02-14,2332,Terra,MODIS,65,6.2,289.5,56.2,D,0
-38.2582,146.393,328.1,3.4,1.7,2014-02-14,2332,Terra,MODIS,77,6.2,290.2,125.6,D,2
-38.243,146.3996,328.4,3.4,1.7,2014-02-14,2332,Terra,MODIS,81,6.2,290.8,128.8,D,2
-38.2513,146.3895,336.1,3.4,1.7,2014-02-14,2332,Terra,MODIS,87,6.2,290.8,189.3,D,2
-23.5681,145.3437,325.8,2.7,1.6,2014-02-15,0106,Terra,MODIS,63,6.2,302.7,42.1,D,0
-23.5707,145.37,338.3,2.7,1.6,2014-02-15,0106,Terra,MODIS,84,6.2,302.3,114.5,D,0
-23.574,145.363,340.8,2.7,1.6,2014-02-15,0106,Terra,MODIS,87,6.2,302.7,133.4,D,0
-23.3036,146.0379,327.5,3,1.6,2014-02-15,0106,Terra,MODIS,65,6.2,301.1,57.4,D,0
-23.3029,146.0309,323.5,3,1.6,2014-02-15,0106,Terra,MODIS,44,6.2,301.1,39.3,D,0
-38.2545,146.3603,336.1,4.4,1.9,2014-02-15,0110,Terra,MODIS,75,6.2,291,246.5,D,2
-38.2371,146.3655,326.4,4.4,1.9,2014-02-15,0110,Terra,MODIS,78,6.2,290.7,151,D,0
-38.2367,146.3606,320.7,4.4,1.9,2014-02-15,0110,Terra,MODIS,71,6.2,290.5,99.1,D,0
-38.2549,146.3658,342,4.4,1.9,2014-02-15,0110,Terra,MODIS,91,6.2,291.1,334.5,D,2
-38.2391,146.4165,324,4.4,1.9,2014-02-15,0110,Terra,MODIS,75,6.2,291.7,124.2,D,2
-38.2569,146.4161,343.8,4.4,1.9,2014-02-15,0110,Terra,MODIS,92,6.2,292,360.2,D,2
-38.2385,146.4117,324.5,4.4,1.9,2014-02-15,0110,Terra,MODIS,76,6.2,291.5,129.6,D,2
-38.2562,146.4111,347.5,4.4,1.9,2014-02-15,0110,Terra,MODIS,81,6.2,292.1,417,D,2
-21.9151,118.0529,333.7,1.7,1.3,2014-02-15,0244,Terra,MODIS,78,6.2,311.8,33.1,D,0
-21.9986,118.301,336.3,1.7,1.3,2014-02-15,0244,Terra,MODIS,74,6.2,310.7,39.7,D,0
-21.9379,118.0499,335.2,1.7,1.3,2014-02-15,0244,Terra,MODIS,73,6.2,311.1,33.8,D,0
-22.003,118.307,334.1,1.7,1.3,2014-02-15,0244,Terra,MODIS,42,6.2,311.1,33,D,0
-21.9265,118.0514,356.2,1.7,1.3,2014-02-15,0244,Terra,MODIS,97,6.2,311.2,120.5,D,0
-21.9914,118.3084,339.4,1.7,1.3,2014-02-15,0244,Terra,MODIS,85,6.2,311.1,56,D,0
-32.0616,115.9191,322.1,1.6,1.3,2014-02-15,0247,Terra,MODIS,51,6.2,306,11.3,D,0
-31.9035,115.8137,321.3,1.6,1.2,2014-02-15,0247,Terra,MODIS,23,6.2,304.9,12.7,D,0
-26.344,150.5872,333.2,1,1,2014-02-15,0349,Aqua,MODIS,66,6.2,310.4,12,D,0
-26.6704,152.3453,339.8,1.1,1,2014-02-15,0349,Aqua,MODIS,68,6.2,308,27.4,D,0
-26.6721,152.3345,335.1,1.1,1,2014-02-15,0349,Aqua,MODIS,47,6.2,307,20.7,D,0
-28.044,152.766,336.9,1.1,1,2014-02-15,0349,Aqua,MODIS,80,6.2,308.1,23.2,D,0
-28.0423,152.7768,333.9,1.1,1,2014-02-15,0349,Aqua,MODIS,76,6.2,306.1,18.4,D,0
-22.5334,149.4037,325.8,1,1,2014-02-15,0350,Aqua,MODIS,65,6.2,301.6,15.7,D,0
-23.319,146.0457,337.6,1.4,1.2,2014-02-15,0350,Aqua,MODIS,78,6.2,313.9,25.4,D,0
-25.4573,149.1707,332.4,1,1,2014-02-15,0350,Aqua,MODIS,59,6.2,312,10.2,D,0
-23.307,146.0575,335.5,1.3,1.2,2014-02-15,0350,Aqua,MODIS,75,6.2,313.1,18.7,D,0
-22.5258,149.3925,337.2,1,1,2014-02-15,0350,Aqua,MODIS,83,6.2,304.1,29.6,D,0
-24.7099,151.742,322.5,1.1,1,2014-02-15,0350,Aqua,MODIS,37,6.2,295,10,D,0
-23.3101,146.031,331.9,1.4,1.2,2014-02-15,0350,Aqua,MODIS,57,6.2,313.5,13.5,D,0
-24.7017,151.8434,327.8,1.1,1,2014-02-15,0350,Aqua,MODIS,66,6.2,304,8.1,D,0
-22.5244,149.4022,340.8,1,1,2014-02-15,0350,Aqua,MODIS,87,6.2,303.5,35.7,D,0
-23.3205,146.0324,332.1,1.4,1.2,2014-02-15,0350,Aqua,MODIS,59,6.2,313.1,14.1,D,0
-23.0566,146.4512,330.5,1.3,1.1,2014-02-15,0350,Aqua,MODIS,43,6.2,310.8,14.2,D,0
-23.3086,146.0443,339.6,1.4,1.2,2014-02-15,0350,Aqua,MODIS,81,6.2,314.9,30.2,D,0
-23.6025,147.5285,338.3,1.1,1.1,2014-02-15,0350,Aqua,MODIS,79,6.2,310.4,24.6,D,0
-23.0201,150.0497,328.3,1,1,2014-02-15,0350,Aqua,MODIS,72,6.2,308.6,12,D,0
-23.69,149.0152,366.2,1,1,2014-02-15,0350,Aqua,MODIS,100,6.2,307.6,94.9,D,0
-23.6914,149.0051,349.3,1,1,2014-02-15,0350,Aqua,MODIS,92,6.2,306.8,49.5,D,0
-23.6809,149.0137,346,1,1,2014-02-15,0350,Aqua,MODIS,89,6.2,306.2,43.4,D,0
-23.6718,149.0121,327.8,1,1,2014-02-15,0350,Aqua,MODIS,26,6.2,305.5,14,D,0
-23.671,148.9504,345.9,1,1,2014-02-15,0350,Aqua,MODIS,87,6.2,311.5,32.8,D,0
-23.6641,149.0008,330.8,1,1,2014-02-15,0350,Aqua,MODIS,55,6.2,304,15.8,D,0
-22.8849,148.2561,330,1.1,1,2014-02-15,0350,Aqua,MODIS,70,6.2,310.2,14.9,D,0
-22.8863,148.2458,346.5,1.1,1,2014-02-15,0350,Aqua,MODIS,91,6.2,311.7,43.8,D,0
-23.3873,149.798,324.7,1,1,2014-02-15,0350,Aqua,MODIS,51,6.2,307.5,8.9,D,0
-23.3887,149.7882,331.2,1,1,2014-02-15,0350,Aqua,MODIS,73,6.2,306.4,17.2,D,0
-23.3915,149.7687,325.1,1,1,2014-02-15,0350,Aqua,MODIS,54,6.2,304.6,12,D,0
-23.3901,149.7785,336.7,1,1,2014-02-15,0350,Aqua,MODIS,81,6.2,306.7,25.8,D,0
-23.5817,145.3568,332.4,1.5,1.2,2014-02-15,0350,Aqua,MODIS,68,6.2,311.7,19.7,D,0
-23.5707,145.3553,338.4,1.5,1.2,2014-02-15,0350,Aqua,MODIS,80,6.2,309.9,35.1,D,0
-23.983,146.6848,333.7,1.3,1.1,2014-02-15,0350,Aqua,MODIS,58,6.2,312.9,20.4,D,0
-23.58,145.3715,333.8,1.5,1.2,2014-02-15,0350,Aqua,MODIS,71,6.2,311.2,23.5,D,0
-23.0092,147.4641,334.6,1.1,1.1,2014-02-15,0350,Aqua,MODIS,76,6.2,312.1,19.1,D,0
-21.104,148.3195,340.4,1,1,2014-02-15,0351,Aqua,MODIS,86,6.2,308.5,33.7,D,0
-22.1979,147.5456,351.3,1.1,1,2014-02-15,0351,Aqua,MODIS,93,6.2,322.5,40.4,D,0
-21.0962,148.3081,337.2,1,1,2014-02-15,0351,Aqua,MODIS,83,6.2,305.2,28.4,D,0
-22.1965,147.5563,349.7,1.1,1,2014-02-15,0351,Aqua,MODIS,92,6.2,323,35.4,D,0
-21.1053,148.3096,357.4,1,1,2014-02-15,0351,Aqua,MODIS,98,6.2,307.6,70.4,D,0
-20.7448,147.2534,341.8,1.1,1,2014-02-15,0351,Aqua,MODIS,87,6.2,311.4,28.1,D,0
-22.0122,118.2942,345.5,2.1,1.4,2014-02-15,0530,Aqua,MODIS,90,6.2,317.7,91.4,D,0
-21.9218,118.0479,334.6,2.2,1.4,2014-02-15,0530,Aqua,MODIS,66,6.2,315.7,34.2,D,0
-21.9845,118.0604,336.4,2.2,1.4,2014-02-15,0530,Aqua,MODIS,80,6.2,314.5,49.3,D,0
-20.709,119.4936,355.7,1.6,1.3,2014-02-15,0530,Aqua,MODIS,97,6.2,310,108.7,D,0
-20.6977,119.4921,343.7,1.6,1.3,2014-02-15,0530,Aqua,MODIS,86,6.2,313.1,57.4,D,0
-20.911,118.674,352.6,1.9,1.3,2014-02-15,0530,Aqua,MODIS,94,6.2,313.9,116.3,D,0
-20.9045,118.6847,333.8,1.9,1.3,2014-02-15,0530,Aqua,MODIS,64,6.2,311.9,29.3,D,0
-20.9066,118.6665,343,1.9,1.3,2014-02-15,0530,Aqua,MODIS,85,6.2,314.3,65.5,D,0
-20.8944,118.6649,331.5,1.9,1.3,2014-02-15,0530,Aqua,MODIS,53,6.2,313.5,19.9,D,0
-37.5672,148.5451,301.6,1.1,1.1,2014-02-15,1311,Terra,MODIS,24,6.2,281.7,8.6,N,0
-23.6653,148.9437,316.1,2.1,1.4,2014-02-15,1314,Terra,MODIS,92,6.2,295.1,36.6,N,0
-23.6618,148.9621,323.1,2.1,1.4,2014-02-15,1314,Terra,MODIS,100,6.2,294.9,55.7,N,0
-21.0804,148.2881,305.1,2.1,1.4,2014-02-15,1315,Terra,MODIS,51,6.2,291.6,15.4,N,0
-21.08,148.2931,303.7,2.1,1.4,2014-02-15,1315,Terra,MODIS,52,6.2,291.3,13.5,N,0
-23.6655,148.965,304.1,3.5,1.8,2014-02-15,1446,Aqua,MODIS,58,6.2,292.1,33.5,N,0
-20.6893,119.5149,306.1,1.2,1.1,2014-02-15,1454,Terra,MODIS,63,6.2,296,4.9,N,0
-20.6125,116.7721,325,1,1,2014-02-15,1454,Terra,MODIS,100,6.2,297.3,19.6,N,2
-20.6139,116.7626,325.5,1,1,2014-02-15,1454,Terra,MODIS,100,6.2,297.5,20,N,0
-20.8415,119.7182,306,1.2,1.1,2014-02-15,1454,Terra,MODIS,54,6.2,287.3,7.1,N,0
-21.9882,118.2519,322.7,1,1,2014-02-15,1454,Terra,MODIS,100,6.2,297.4,17.8,N,0
-21.9181,118.0409,310.5,1,1,2014-02-15,1454,Terra,MODIS,75,6.2,296.2,6.6,N,0
-21.9867,118.2618,309.9,1,1,2014-02-15,1454,Terra,MODIS,75,6.2,297.4,6.1,N,0
-21.9362,118.0441,313.4,1,1,2014-02-15,1454,Terra,MODIS,84,6.2,296.7,8.9,N,0
-21.9888,118.0595,309.2,1,1,2014-02-15,1454,Terra,MODIS,38,6.2,296.5,5.6,N,0
-21.9707,118.0563,314.8,1,1,2014-02-15,1454,Terra,MODIS,88,6.2,296.9,9.7,N,0
-30.868,121.5101,306.6,3.6,1.8,2014-02-15,1627,Aqua,MODIS,69,6.2,292.1,44.8,N,2
-20.6109,116.7742,321,2.2,1.4,2014-02-15,1803,Aqua,MODIS,90,6.2,293.2,0,N,0
-21.9813,118.2617,301.5,2.9,1.6,2014-02-15,1803,Aqua,MODIS,41,6.2,290.2,16.1,N,0
-21.9826,118.2567,301.3,2.9,1.6,2014-02-15,1803,Aqua,MODIS,40,6.2,290.8,15.6,N,0
-20.7139,147.244,328.5,1.5,1.2,2014-02-16,0010,Terra,MODIS,77,6.2,300,24.7,D,0
-22.8107,149.8398,322.6,1.1,1,2014-02-16,0010,Terra,MODIS,63,6.2,302.1,12.3,D,0
-22.8091,149.8297,331.7,1.1,1,2014-02-16,0010,Terra,MODIS,82,6.2,302.4,23.3,D,0
-23.0814,150.2128,329.9,1,1,2014-02-16,0010,Terra,MODIS,80,6.2,302.4,20,D,0
-26.3423,150.5869,323.4,1,1,2014-02-16,0011,Terra,MODIS,60,6.2,304,9.1,D,0
-26.3438,150.5969,328.4,1,1,2014-02-16,0011,Terra,MODIS,72,6.2,303.7,15.2,D,0
-23.6595,148.9544,344.1,1.1,1,2014-02-16,0011,Terra,MODIS,90,6.2,307.7,40,D,0
-23.6681,149.0087,320.3,1.1,1,2014-02-16,0011,Terra,MODIS,23,6.2,303.6,8.9,D,0
-23.6613,148.9658,340.4,1.1,1,2014-02-16,0011,Terra,MODIS,83,6.2,303.1,34.2,D,0
-23.6698,149.0196,323.6,1.1,1,2014-02-16,0011,Terra,MODIS,55,6.2,301.2,13,D,0
-23.6631,148.9469,326.8,1.1,1,2014-02-16,0011,Terra,MODIS,64,6.2,306.9,9.9,D,0
-23.6649,148.9581,331.9,1.1,1,2014-02-16,0011,Terra,MODIS,78,6.2,305.1,19.1,D,0
-25.9243,152.7963,328.3,1.1,1.1,2014-02-16,0011,Terra,MODIS,68,6.2,299.9,23.7,D,0
-24.8129,152.4322,319,1.1,1,2014-02-16,0011,Terra,MODIS,45,6.2,302,7.5,D,0
-28.0363,152.765,324.7,1.2,1.1,2014-02-16,0012,Terra,MODIS,60,6.2,304.6,13.2,D,0
-21.926,118.0086,325.1,3,1.6,2014-02-16,0149,Terra,MODIS,57,6.2,297,47.3,D,0
-21.9465,118.0338,323,3,1.6,2014-02-16,0149,Terra,MODIS,30,6.2,299.5,33,D,0
-21.9473,118.0408,324.1,3,1.6,2014-02-16,0149,Terra,MODIS,28,6.2,299.9,37.9,D,0
-21.9319,118.0373,362.1,3,1.6,2014-02-16,0149,Terra,MODIS,100,6.2,301.3,381.9,D,0
-21.9173,118.0407,347.6,3,1.6,2014-02-16,0149,Terra,MODIS,93,6.2,301,214.8,D,0
-21.9114,118.0121,363.4,3,1.6,2014-02-16,0149,Terra,MODIS,100,6.2,298.9,406.3,D,0
-21.9767,118.493,333.6,2.8,1.6,2014-02-16,0149,Terra,MODIS,82,6.2,300.4,97.1,D,0
-21.9327,118.0443,356.6,3,1.6,2014-02-16,0149,Terra,MODIS,98,6.2,301.5,309.5,D,0
-21.927,118.0156,345.3,3,1.6,2014-02-16,0149,Terra,MODIS,91,6.2,298,192.3,D,0
-21.9181,118.0477,331.6,3,1.6,2014-02-16,0149,Terra,MODIS,80,6.2,300.9,86.6,D,0
-21.9124,118.0191,371.3,3,1.6,2014-02-16,0149,Terra,MODIS,100,6.2,300.3,529.6,D,0
-21.9777,118.2611,321.3,2.9,1.6,2014-02-16,0149,Terra,MODIS,23,6.2,296.1,28.3,D,0
-23.058,146.4625,332.8,2.4,1.5,2014-02-16,0433,Aqua,MODIS,81,6.2,303.9,61.1,D,0
-23.5974,147.5425,327.3,2.8,1.6,2014-02-16,0433,Aqua,MODIS,73,6.2,302.7,55.5,D,0
-23.5943,147.5339,327.5,2.8,1.6,2014-02-16,0433,Aqua,MODIS,74,6.2,303.4,57.4,D,0
-23.6028,147.5159,326.5,2.7,1.6,2014-02-16,0433,Aqua,MODIS,71,6.2,303.4,50.4,D,0
-23.2988,147.3331,331.2,2.7,1.6,2014-02-16,0433,Aqua,MODIS,66,6.2,297.4,74.2,D,0
-31.229,117.5132,355.1,1,1,2014-02-16,0610,Aqua,MODIS,96,6.2,315.6,49.9,D,0
-20.6835,119.5243,335.6,1.8,1.3,2014-02-16,0613,Aqua,MODIS,38,6.2,278,55.7,D,0
-20.6866,119.5068,338.5,1.8,1.3,2014-02-16,0613,Aqua,MODIS,59,6.2,295.9,62.3,D,0
-21.0395,116.6574,357.8,1.2,1.1,2014-02-16,0613,Aqua,MODIS,98,6.2,313.6,69.4,D,0
-21.0413,116.646,343,1.2,1.1,2014-02-16,0613,Aqua,MODIS,84,6.2,317.1,28.1,D,0
-21.0224,116.7015,334.4,1.2,1.1,2014-02-16,0613,Aqua,MODIS,41,6.2,310.9,10.5,D,0
-21.0243,116.69,387.6,1.2,1.1,2014-02-16,0613,Aqua,MODIS,100,6.2,315.9,210,D,0
-21.0261,116.6785,338.6,1.2,1.1,2014-02-16,0613,Aqua,MODIS,70,6.2,314.5,18.8,D,0
-21.0126,116.6997,336.4,1.2,1.1,2014-02-16,0613,Aqua,MODIS,66,6.2,313.4,13.2,D,0
-21.0145,116.6882,344.5,1.2,1.1,2014-02-16,0613,Aqua,MODIS,86,6.2,313.3,30.5,D,0
-27.3027,151.6577,312.8,1.7,1.3,2014-02-16,1218,Terra,MODIS,86,6.2,295.5,19.2,N,0
-27.2912,151.6563,307.7,1.7,1.3,2014-02-16,1218,Terra,MODIS,72,6.2,295,12,N,0
-26.3355,150.5905,347.1,1.9,1.3,2014-02-16,1219,Terra,MODIS,100,6.2,298.6,137.3,N,0
-26.3477,150.5921,314,1.9,1.3,2014-02-16,1219,Terra,MODIS,88,6.2,297.5,24.8,N,0
-26.3374,150.5714,312.3,1.9,1.3,2014-02-16,1219,Terra,MODIS,84,6.2,296.4,21,N,0
-23.0831,150.2085,304.5,1.8,1.3,2014-02-16,1219,Terra,MODIS,60,6.2,294.4,11.6,N,0
-38.2415,146.3932,341.3,3.2,1.7,2014-02-16,1353,Terra,MODIS,100,6.2,287.4,262.1,N,2
-38.2608,146.368,330.3,3.1,1.7,2014-02-16,1353,Terra,MODIS,100,6.2,286.3,173.4,N,2
-38.2461,146.362,331.1,3.1,1.7,2014-02-16,1353,Terra,MODIS,100,6.2,284.6,177.5,N,2
-38.25,146.3583,327.2,3.1,1.7,2014-02-16,1353,Terra,MODIS,100,6.2,284.7,152.2,N,2
-38.2648,146.364,321.5,3.1,1.7,2014-02-16,1353,Terra,MODIS,100,6.2,284.5,120,N,2
-38.2522,146.4026,340.4,3.2,1.7,2014-02-16,1353,Terra,MODIS,100,6.2,287.8,254.6,N,2
-38.2375,146.3964,334.1,3.2,1.7,2014-02-16,1353,Terra,MODIS,100,6.2,285.7,202.1,N,0
-38.2562,146.3991,340.2,3.2,1.7,2014-02-16,1353,Terra,MODIS,100,6.2,287.8,252.3,N,2
-33.0035,137.5845,300.6,1.3,1.1,2014-02-16,1355,Terra,MODIS,15,6.2,290.1,5.7,N,0
-33.006,137.5794,301.2,1.3,1.1,2014-02-16,1355,Terra,MODIS,21,6.2,290.3,6.2,N,0
-20.7278,139.4785,300.1,3,1.6,2014-02-16,1358,Terra,MODIS,14,6.2,285.2,16.5,N,0
-29.1825,151.9271,301.7,1.6,1.2,2014-02-16,1530,Aqua,MODIS,32,6.2,289.1,9.7,N,0
-26.3311,150.5905,316.8,1.2,1.1,2014-02-16,1530,Aqua,MODIS,94,6.2,294.9,18.7,N,0
-26.3411,150.589,319.9,1.2,1.1,2014-02-16,1530,Aqua,MODIS,99,6.2,295.3,22,N,0
-26.3426,150.6013,315.7,1.2,1.1,2014-02-16,1530,Aqua,MODIS,92,6.2,295.3,17.2,N,0
-26.3326,150.6029,312.9,1.2,1.1,2014-02-16,1530,Aqua,MODIS,69,6.2,294.6,15,N,0
-38.243,146.3777,335.5,1.1,1,2014-02-16,1533,Aqua,MODIS,100,6.2,288.1,43.9,N,2
-38.2445,146.3901,370.6,1.1,1,2014-02-16,1533,Aqua,MODIS,100,6.2,296.2,136.3,N,2
-38.2461,146.4025,325,1.1,1,2014-02-16,1533,Aqua,MODIS,100,6.2,289,28.5,N,2
-38.2555,146.4007,356.9,1.1,1,2014-02-16,1533,Aqua,MODIS,100,6.2,294.2,91.2,N,2
-38.254,146.3884,366.8,1.1,1,2014-02-16,1533,Aqua,MODIS,100,6.2,296.4,122.7,N,2
-30.8627,121.4943,316.8,1,1,2014-02-16,1710,Aqua,MODIS,94,6.2,293.5,14.1,N,2
-20.8508,141.5483,321.9,1,1,2014-02-17,0053,Terra,MODIS,21,6.2,303.3,11.3,D,0
-20.7314,139.4723,320.5,1.1,1,2014-02-17,0053,Terra,MODIS,53,6.2,302.9,7.8,D,2
-20.733,139.4823,324,1.1,1,2014-02-17,0053,Terra,MODIS,67,6.2,304.1,11.7,D,2
-24.7734,142.6618,310.3,1.2,1.1,2014-02-17,0054,Terra,MODIS,30,6.2,294.2,7.9,D,0
-24.111,148.9781,314.7,3,1.6,2014-02-17,0054,Terra,MODIS,39,6.2,294.8,46.5,D,0
-23.7701,148.8631,324,2.9,1.6,2014-02-17,0054,Terra,MODIS,60,6.2,301.9,38.8,D,0
-23.7727,148.8918,331.5,2.9,1.6,2014-02-17,0054,Terra,MODIS,83,6.2,303.3,77.3,D,0
-33.0041,137.5871,316.8,1,1,2014-02-17,0056,Terra,MODIS,42,6.2,303.8,5.5,D,0
-34.1061,137.8782,319.4,1,1,2014-02-17,0057,Terra,MODIS,61,6.2,305.9,6.2,D,0
-38.2515,146.3918,362.2,2.9,1.6,2014-02-17,0058,Terra,MODIS,100,6.2,295.7,413.7,D,2
-38.2535,146.4239,320.2,2.9,1.6,2014-02-17,0058,Terra,MODIS,48,6.2,288.8,65.2,D,2
-38.2517,146.3868,361,2.9,1.6,2014-02-17,0058,Terra,MODIS,100,6.2,295.5,395.4,D,2
-38.2536,146.4188,328.3,2.9,1.6,2014-02-17,0058,Terra,MODIS,83,6.2,289.9,101.9,D,2
-38.2664,146.3842,325.5,2.9,1.6,2014-02-17,0058,Terra,MODIS,51,6.2,280.9,96.7,D,2
-38.2661,146.3893,327.8,2.9,1.6,2014-02-17,0058,Terra,MODIS,60,6.2,282.6,101.7,D,2
-21.6696,116.9832,388.9,1,1,2014-02-17,0232,Terra,MODIS,100,6.2,317.2,174.6,D,0
-21.671,116.993,340.1,1,1,2014-02-17,0232,Terra,MODIS,83,6.2,313.3,20.3,D,0
-21.6975,116.9185,342.3,1,1,2014-02-17,0232,Terra,MODIS,85,6.2,313.1,25.7,D,0
-20.69,119.5501,376.1,1.3,1.1,2014-02-17,0232,Terra,MODIS,100,6.2,308.4,162.5,D,0
-20.6915,119.5622,340.2,1.3,1.1,2014-02-17,0232,Terra,MODIS,86,6.2,307.1,30.3,D,0
-20.9411,118.6793,327.5,1.1,1.1,2014-02-17,0232,Terra,MODIS,66,6.2,305,8.3,D,0
-21.9059,118.0307,344.8,1.1,1,2014-02-17,0232,Terra,MODIS,88,6.2,309.9,33.3,D,0
-21.8965,118.0322,332.7,1.1,1,2014-02-17,0232,Terra,MODIS,52,6.2,307.7,12.3,D,0
-21.9045,118.0201,339.2,1.1,1,2014-02-17,0232,Terra,MODIS,74,6.2,309.5,23.8,D,0
-31.8582,115.8931,320.3,1.1,1.1,2014-02-17,0235,Terra,MODIS,43,6.2,302.7,4.9,D,0
-31.7983,115.8371,319.6,1.1,1,2014-02-17,0235,Terra,MODIS,27,6.2,303.3,5.1,D,0
-31.9062,115.8127,321.6,1.1,1,2014-02-17,0235,Terra,MODIS,46,6.2,302.4,8.7,D,0
-32.0638,115.9182,321.1,1.1,1.1,2014-02-17,0235,Terra,MODIS,58,6.2,302.3,6.3,D,2
-31.8597,115.9049,320.8,1.1,1.1,2014-02-17,0235,Terra,MODIS,49,6.2,302.8,5.5,D,0
-37.5636,148.5707,323.8,2.2,1.4,2014-02-17,0334,Aqua,MODIS,82,6.2,295.5,61.4,D,0
-37.5696,148.5417,331.2,2.2,1.4,2014-02-17,0334,Aqua,MODIS,87,6.2,294.4,93.3,D,0
-37.5677,148.5662,319.6,2.2,1.4,2014-02-17,0334,Aqua,MODIS,79,6.2,294.6,50.4,D,0
-37.5654,148.5459,357.3,2.2,1.4,2014-02-17,0334,Aqua,MODIS,99,6.2,297.1,249.9,D,0
-37.5545,148.565,344.7,2.2,1.4,2014-02-17,0334,Aqua,MODIS,94,6.2,296.9,158,D,0
-37.5564,148.5405,347,2.2,1.4,2014-02-17,0334,Aqua,MODIS,95,6.2,295.6,173.4,D,0
-26.3477,150.5876,342.9,1.2,1.1,2014-02-17,0337,Aqua,MODIS,88,6.2,310.4,47.5,D,0
-26.3378,150.586,328.8,1.2,1.1,2014-02-17,0337,Aqua,MODIS,57,6.2,305.3,17.9,D,0
-23.5576,148.5298,337.7,1.5,1.2,2014-02-17,0338,Aqua,MODIS,87,6.2,308.4,40.9,D,0
-23.5442,148.5213,328.3,1.5,1.2,2014-02-17,0338,Aqua,MODIS,55,6.2,304.6,16.4,D,0
-24.7025,151.8463,338.2,1,1,2014-02-17,0338,Aqua,MODIS,85,6.2,308.7,25.7,D,0
-30.9404,118.0149,328.3,4.6,2,2014-02-17,0515,Aqua,MODIS,69,6.2,307.7,83.8,D,0
-30.9412,118.0074,326.9,4.6,2,2014-02-17,0515,Aqua,MODIS,65,6.2,307.8,68.9,D,0
-21.9688,133.3882,331.9,1.7,1.3,2014-02-17,0517,Aqua,MODIS,65,6.2,315.2,29.4,D,0
-21.7309,116.8241,346.6,4.5,1.9,2014-02-17,0518,Aqua,MODIS,92,6.2,298.8,338.6,D,0
-21.7171,116.7872,333.9,4.5,2,2014-02-17,0518,Aqua,MODIS,81,6.2,300.6,174.6,D,0
-30.9811,117.906,334.1,4.5,2,2014-02-17,0653,Aqua,MODIS,86,6.2,308.8,144.7,D,0
-30.9488,118.0422,328.4,4.6,2,2014-02-17,0653,Aqua,MODIS,66,6.2,307.8,81.9,D,0
-30.9831,117.9024,331.2,4.5,2,2014-02-17,0653,Aqua,MODIS,73,6.2,308.9,110,D,0
-30.9315,118.0362,329.2,4.6,2,2014-02-17,0653,Aqua,MODIS,68,6.2,308.1,91.7,D,0
-30.946,118.0454,332.4,4.6,2,2014-02-17,0653,Aqua,MODIS,85,6.2,307.9,126.8,D,0
-38.2421,146.3718,328.4,1.1,1.1,2014-02-17,1258,Terra,MODIS,100,6.2,288.5,33.5,N,0
-38.2517,146.3734,311.5,1.1,1.1,2014-02-17,1258,Terra,MODIS,62,6.2,290.5,13.7,N,2
-38.2582,146.402,309.7,1.1,1.1,2014-02-17,1258,Terra,MODIS,78,6.2,287.6,13.2,N,2
-38.2598,146.3888,351.4,1.1,1.1,2014-02-17,1258,Terra,MODIS,100,6.2,293.8,81.2,N,2
-38.2486,146.3999,311.8,1.1,1.1,2014-02-17,1258,Terra,MODIS,69,6.2,288.4,14.2,N,2
-38.2502,146.3866,349.6,1.1,1.1,2014-02-17,1258,Terra,MODIS,100,6.2,293.9,75.2,N,2
-38.2405,146.385,342.1,1.1,1.1,2014-02-17,1258,Terra,MODIS,100,6.2,289,57.9,N,2
-37.1079,148.5682,301.4,1,1,2014-02-17,1259,Terra,MODIS,40,6.2,276.7,7.5,N,0
-37.5446,148.5324,318.1,1,1,2014-02-17,1259,Terra,MODIS,96,6.2,288,17.5,N,0
-37.6049,148.4224,308.3,1,1,2014-02-17,1259,Terra,MODIS,73,6.2,287.1,9.2,N,0
-37.5504,148.5572,319.5,1,1,2014-02-17,1259,Terra,MODIS,99,6.2,288.6,18.2,N,0
-37.6364,148.4646,322.4,1,1,2014-02-17,1259,Terra,MODIS,84,6.2,288.4,19.9,N,0
-37.6231,148.4264,318.7,1,1,2014-02-17,1259,Terra,MODIS,97,6.2,288.5,17.3,N,0
-37.5717,148.5385,302.4,1,1,2014-02-17,1259,Terra,MODIS,49,6.2,287.2,6.2,N,0
-37.6348,148.4761,316.5,1,1,2014-02-17,1259,Terra,MODIS,21,6.2,288.4,13.8,N,0
-37.552,148.5459,316.5,1,1,2014-02-17,1259,Terra,MODIS,93,6.2,288,15.5,N,0
-37.561,148.5479,326.9,1,1,2014-02-17,1259,Terra,MODIS,100,6.2,289,26.2,N,0
-37.614,148.4244,326.8,1,1,2014-02-17,1259,Terra,MODIS,100,6.2,288.9,26,N,0
-37.4637,148.5199,300.8,1,1,2014-02-17,1259,Terra,MODIS,34,6.2,287.2,5.1,N,0
-37.5276,148.3172,303.8,1,1,2014-02-17,1259,Terra,MODIS,57,6.2,286.9,7.1,N,0
-37.5595,148.5592,310.9,1,1,2014-02-17,1259,Terra,MODIS,81,6.2,288.4,11.2,N,0
-37.543,148.5438,325,1,1,2014-02-17,1259,Terra,MODIS,100,6.2,288.8,24.5,N,0
-37.6471,148.4552,303.7,1,1,2014-02-17,1259,Terra,MODIS,56,6.2,287.8,7,N,0
-37.6014,148.5157,312.7,1,1,2014-02-17,1259,Terra,MODIS,39,6.2,287.9,11.5,N,0
-37.6215,148.4378,320,1,1,2014-02-17,1259,Terra,MODIS,100,6.2,288.4,18.6,N,0
-30.2019,149.1099,321.1,1.1,1,2014-02-17,1300,Terra,MODIS,100,6.2,293.4,21.1,N,0
-30.265,147.7971,308.4,1,1,2014-02-17,1301,Terra,MODIS,74,6.2,293,8,N,0
-28.7039,147.1539,304.2,1,1,2014-02-17,1301,Terra,MODIS,59,6.2,292.9,4,N,0
-28.7129,147.1557,311.5,1,1,2014-02-17,1301,Terra,MODIS,83,6.2,294,8.6,N,0
-23.6511,148.9765,305.7,1.3,1.1,2014-02-17,1302,Terra,MODIS,65,6.2,291.5,7.6,N,0
-23.6532,148.9643,304.5,1.3,1.1,2014-02-17,1302,Terra,MODIS,60,6.2,291.9,6.3,N,0
-25.7555,150.9651,303.1,1.6,1.2,2014-02-17,1302,Terra,MODIS,53,6.2,291.4,6.4,N,0
-25.7566,150.9597,305.7,1.6,1.2,2014-02-17,1302,Terra,MODIS,65,6.2,291.6,9,N,0
-23.5419,148.5212,301.7,1.2,1.1,2014-02-17,1302,Terra,MODIS,43,6.2,291.1,4.3,N,0
-38.2384,146.3792,307,3.4,1.7,2014-02-17,1438,Aqua,MODIS,50,6.2,281.1,64.7,N,2
-38.243,146.4156,305.6,3.4,1.7,2014-02-17,1438,Aqua,MODIS,33,6.2,280.8,57.7,N,2
-30.8652,121.5025,310.7,1,1,2014-02-17,1439,Terra,MODIS,81,6.2,294.3,8.7,N,2
-30.8666,121.4919,354.7,1,1,2014-02-17,1439,Terra,MODIS,100,6.2,295.4,73.5,N,2
-21.8933,118.0377,303.2,1.1,1.1,2014-02-17,1442,Terra,MODIS,45,6.2,282.4,6.1,N,0
-20.7329,139.4777,325,1.1,1,2014-02-17,1612,Aqua,MODIS,100,6.2,293.9,24.1,N,2
-20.7343,139.4879,303.6,1.1,1,2014-02-17,1612,Aqua,MODIS,56,6.2,293.3,4.9,N,2
-38.2446,146.4034,342.4,4.4,1.9,2014-02-17,1616,Aqua,MODIS,100,6.2,283.6,441,N,2
-38.2432,146.3956,334.8,4.4,1.9,2014-02-17,1616,Aqua,MODIS,100,6.2,282.6,341.1,N,2
-38.2609,146.3945,317.2,4.4,1.9,2014-02-17,1616,Aqua,MODIS,95,6.2,277.4,164.5,N,2
-38.2623,146.402,307.3,4.4,1.9,2014-02-17,1616,Aqua,MODIS,62,6.2,278.5,98.8,N,2
-30.2051,149.1284,335.8,1.2,1.1,2014-02-18,0000,Terra,MODIS,83,6.2,301.6,30.2,D,0
-30.1327,148.1592,330.9,1.4,1.2,2014-02-18,0000,Terra,MODIS,78,6.2,302,22.8,D,0
-30.1286,148.1662,334.6,1.4,1.2,2014-02-18,0000,Terra,MODIS,82,6.2,302.2,31.3,D,0
-34.0854,147.8958,334.6,1.2,1.1,2014-02-18,0001,Terra,MODIS,82,6.2,307.1,28.9,D,0
-38.2404,146.3835,352.2,1.3,1.1,2014-02-18,0002,Terra,MODIS,96,6.2,303.8,79.9,D,2
-38.2503,146.3801,346.6,1.3,1.1,2014-02-18,0002,Terra,MODIS,93,6.2,302.2,61.3,D,2
-38.2529,146.3946,356.8,1.3,1.1,2014-02-18,0002,Terra,MODIS,98,6.2,304.8,93.5,D,2
-38.2629,146.3921,341.9,1.3,1.1,2014-02-18,0002,Terra,MODIS,91,6.2,301.2,50.1,D,2
-38.2606,146.3859,345,1.3,1.1,2014-02-18,0002,Terra,MODIS,80,6.2,303.5,59.3,D,2
-38.2633,146.4003,324.1,1.2,1.1,2014-02-18,0002,Terra,MODIS,52,6.2,300.5,16.6,D,2
-38.243,146.3978,332.6,1.3,1.1,2014-02-18,0002,Terra,MODIS,84,6.2,301.9,30.8,D,2
-37.6344,148.4743,315.7,1.1,1,2014-02-18,0002,Terra,MODIS,16,6.2,295.7,10.1,D,0
-37.3523,148.39,309.9,1.1,1,2014-02-18,0002,Terra,MODIS,58,6.2,297.6,5.8,D,0
-37.5545,148.551,321.4,1.1,1,2014-02-18,0002,Terra,MODIS,78,6.2,298.3,16.2,D,0
-37.5432,148.5412,328.2,1.1,1,2014-02-18,0002,Terra,MODIS,84,6.2,298.2,24.2,D,0
-37.6192,148.4406,322.1,1.1,1,2014-02-18,0002,Terra,MODIS,79,6.2,295.5,18,D,0
-37.6179,148.4912,312,1.1,1,2014-02-18,0002,Terra,MODIS,58,6.2,296,8,D,0
-37.6172,148.4285,314,1.1,1,2014-02-18,0002,Terra,MODIS,60,6.2,295.6,9.9,D,0
-37.606,148.5128,315.7,1.1,1,2014-02-18,0002,Terra,MODIS,46,6.2,296.5,10,D,0
-37.6199,148.5032,315.5,1.1,1,2014-02-18,0002,Terra,MODIS,71,6.2,296.6,10.9,D,0
-37.5299,148.3105,345.9,1.1,1,2014-02-18,0417,Aqua,MODIS,93,6.2,300.7,52.6,D,0
-37.6233,148.419,323.1,1.1,1,2014-02-18,0417,Aqua,MODIS,21,6.2,297.9,16.3,D,0
-37.5511,148.5371,352.2,1.1,1.1,2014-02-18,0417,Aqua,MODIS,96,6.2,302.4,70,D,0
-37.5679,148.555,319.2,1.1,1.1,2014-02-18,0417,Aqua,MODIS,71,6.2,300.4,13.4,D,0
-37.5322,148.5323,346.7,1.1,1.1,2014-02-18,0417,Aqua,MODIS,94,6.2,300.7,56.1,D,0
-37.4514,148.6354,314.8,1.1,1.1,2014-02-18,0417,Aqua,MODIS,61,6.2,298.8,8.9,D,0
-37.3148,148.402,336,1.1,1.1,2014-02-18,0417,Aqua,MODIS,87,6.2,305.3,33.1,D,0
-37.6182,148.5087,327.4,1.1,1.1,2014-02-18,0417,Aqua,MODIS,77,6.2,299.1,21.8,D,0
-37.4493,148.6481,315,1.1,1.1,2014-02-18,0417,Aqua,MODIS,62,6.2,298.8,9.4,D,0
-37.2885,148.3828,323.5,1.1,1,2014-02-18,0417,Aqua,MODIS,54,6.2,307.1,11.5,D,0
-37.5606,148.5395,350.9,1.1,1.1,2014-02-18,0417,Aqua,MODIS,96,6.2,302,67.5,D,0
-37.6285,148.4464,344.1,1.1,1,2014-02-18,0417,Aqua,MODIS,91,6.2,298.9,48.3,D,0
-37.6453,148.464,319.5,1.1,1,2014-02-18,0417,Aqua,MODIS,49,6.2,297.7,12.3,D,0
-37.5344,148.5193,329.6,1.1,1.1,2014-02-18,0417,Aqua,MODIS,83,6.2,298.5,23.5,D,0
-37.3168,148.3898,329.9,1.1,1,2014-02-18,0417,Aqua,MODIS,78,6.2,307.1,22.8,D,0
-37.5585,148.5523,373,1.1,1.1,2014-02-18,0417,Aqua,MODIS,100,6.2,306.3,141,D,0
-37.5091,148.2859,328.8,1.1,1,2014-02-18,0417,Aqua,MODIS,83,6.2,300.1,23.5,D,0
-37.6212,148.4315,354.4,1.1,1,2014-02-18,0417,Aqua,MODIS,97,6.2,299.7,75.2,D,0
-37.5197,148.4893,316.7,1.1,1.1,2014-02-18,0417,Aqua,MODIS,21,6.2,299.1,8.1,D,0
-37.5228,148.5298,359.6,1.1,1.1,2014-02-18,0417,Aqua,MODIS,99,6.2,301.1,92.3,D,0
-37.5417,148.5348,327.2,1.1,1.1,2014-02-18,0417,Aqua,MODIS,81,6.2,299.1,20.7,D,0
-37.6338,148.4739,334.5,1.1,1,2014-02-18,0417,Aqua,MODIS,86,6.2,296.9,32.1,D,0
-37.57,148.5422,362.8,1.1,1.1,2014-02-18,0417,Aqua,MODIS,100,6.2,303.9,103.8,D,0
-37.5721,148.5488,347,1.1,1.1,2014-02-18,0417,Aqua,MODIS,94,6.2,301.5,56.9,D,0
-37.3205,148.3972,349.1,1.1,1,2014-02-18,0417,Aqua,MODIS,95,6.2,306,59.1,D,0
-37.6088,148.5061,339.6,1.1,1.1,2014-02-18,0417,Aqua,MODIS,89,6.2,298.9,40.8,D,0
-37.2865,148.3948,328,1.1,1.1,2014-02-18,0417,Aqua,MODIS,57,6.2,309,17.2,D,0
-37.6203,148.4962,386.8,1.1,1,2014-02-18,0417,Aqua,MODIS,100,6.2,305.2,205.4,D,0
-37.549,148.5498,363.8,1.1,1.1,2014-02-18,0417,Aqua,MODIS,100,6.2,304,104.9,D,0
-36.4514,144.779,332.9,1,1,2014-02-18,0417,Aqua,MODIS,52,6.2,313.3,15.9,D,0
-37.4882,148.5597,329.9,1.1,1.1,2014-02-18,0417,Aqua,MODIS,81,6.2,301.1,23.7,D,0
-37.525,148.5168,322.6,1.1,1.1,2014-02-18,0417,Aqua,MODIS,75,6.2,298.3,15.2,D,0
-37.6224,148.4837,337.5,1.1,1,2014-02-18,0417,Aqua,MODIS,88,6.2,299,37.4,D,0
-37.2321,148.3681,331.4,1.1,1,2014-02-18,0417,Aqua,MODIS,78,6.2,313.7,20.3,D,0
-37.5393,148.3129,320.2,1.1,1,2014-02-18,0417,Aqua,MODIS,49,6.2,298.2,12.4,D,0
-36.4498,144.7903,337.2,1,1,2014-02-18,0417,Aqua,MODIS,82,6.2,313.3,22.2,D,0
-37.3507,148.3924,328.1,1.1,1,2014-02-18,0417,Aqua,MODIS,82,6.2,298.5,21.2,D,0
-37.5743,148.5361,370.1,1.1,1.1,2014-02-18,0417,Aqua,MODIS,100,6.2,303.1,126.6,D,0
-37.6192,148.4439,366.5,1.1,1,2014-02-18,0417,Aqua,MODIS,100,6.2,299,111.9,D,0
-37.6067,148.5186,327.3,1.1,1.1,2014-02-18,0417,Aqua,MODIS,71,6.2,299.3,21,D,0
-37.5372,148.3253,320.9,1.1,1,2014-02-18,0417,Aqua,MODIS,58,6.2,297.6,13,D,0
-37.3528,148.3801,333.2,1.1,1,2014-02-18,0417,Aqua,MODIS,84,6.2,301.5,28.9,D,0
-37.5721,148.5294,330,1.1,1.1,2014-02-18,0417,Aqua,MODIS,82,6.2,300.2,25.4,D,0
-37.5071,148.298,344.2,1.1,1,2014-02-18,0417,Aqua,MODIS,92,6.2,301.4,49.9,D,0
-37.4483,148.4762,322.5,1.1,1.1,2014-02-18,0417,Aqua,MODIS,63,6.2,299.3,15.2,D,0
-37.2342,148.3555,331.7,1.1,1,2014-02-18,0417,Aqua,MODIS,72,6.2,310.1,21.7,D,0
-37.5952,148.5285,320.9,1.1,1.1,2014-02-18,0417,Aqua,MODIS,47,6.2,298.7,13.4,D,0
-37.1775,148.3213,320.8,1.1,1,2014-02-18,0417,Aqua,MODIS,37,6.2,305.7,8.7,D,0
-37.5973,148.516,342.7,1.1,1.1,2014-02-18,0417,Aqua,MODIS,91,6.2,299.4,47.6,D,0
-38.2486,146.3708,331.4,1,1,2014-02-18,0417,Aqua,MODIS,75,6.2,307.8,11.1,D,2
-38.2632,146.3979,346.9,1,1,2014-02-18,0417,Aqua,MODIS,72,6.2,309.8,40.6,D,2
-38.2649,146.3865,365.7,1,1,2014-02-18,0417,Aqua,MODIS,75,6.2,315.1,87,D,2
-38.2525,146.4072,328.2,1,1,2014-02-18,0417,Aqua,MODIS,75,6.2,310.4,9.5,D,2
-38.2542,146.3958,356.5,1,1,2014-02-18,0417,Aqua,MODIS,98,6.2,312.6,58.8,D,2
-38.2452,146.3937,349.1,1,1,2014-02-18,0417,Aqua,MODIS,94,6.2,311.3,41.1,D,2
-38.2469,146.3822,381.8,1,1,2014-02-18,0417,Aqua,MODIS,100,6.2,316.8,141.3,D,2
-38.2559,146.3844,358.9,1,1,2014-02-18,0417,Aqua,MODIS,99,6.2,319.3,64.6,D,2
-37.1168,148.5654,330.7,1.1,1.1,2014-02-18,0417,Aqua,MODIS,40,6.2,298.5,23.2,D,0
-37.1051,148.5756,345.6,1.1,1.1,2014-02-18,0417,Aqua,MODIS,87,6.2,302.8,48.7,D,0
-37.1073,148.5626,349.4,1.1,1.1,2014-02-18,0417,Aqua,MODIS,95,6.2,302.5,59.3,D,0
-33.2057,146.5468,339.4,1.1,1,2014-02-18,0418,Aqua,MODIS,69,6.2,311.7,22.3,D,0
-34.4628,150.8829,317.3,1.6,1.3,2014-02-18,0418,Aqua,MODIS,0,6.2,299.5,12.7,D,2
-34.4648,150.8763,317.1,1.6,1.3,2014-02-18,0418,Aqua,MODIS,27,6.2,300.2,11.6,D,2
-29.0983,151.3666,330.3,2.3,1.5,2014-02-18,0419,Aqua,MODIS,65,6.2,301.1,59,D,0
-29.1065,151.3942,334.7,2.3,1.5,2014-02-18,0419,Aqua,MODIS,76,6.2,299.4,86,D,0
-29.1113,151.3703,333.7,2.3,1.5,2014-02-18,0419,Aqua,MODIS,79,6.2,302.3,75,D,0
-29.0934,151.3904,328.5,2.3,1.5,2014-02-18,0419,Aqua,MODIS,57,6.2,297.4,58.5,D,0
-23.5412,148.5708,337,2,1.4,2014-02-18,0421,Aqua,MODIS,88,6.2,289.9,75.2,D,0
-21.9479,133.3754,329.8,2.9,1.6,2014-02-18,0422,Aqua,MODIS,68,6.2,312.9,62.6,D,0
-21.9476,133.3702,327.8,2.9,1.6,2014-02-18,0422,Aqua,MODIS,61,6.2,312.6,47.7,D,0
-19.6425,141.85,334.7,1,1,2014-02-18,0422,Aqua,MODIS,27,6.2,307.4,19.3,D,0
-32.8865,119.8298,348.5,1,1,2014-02-18,0557,Aqua,MODIS,92,6.2,318.3,39.6,D,0
-32.888,119.8191,334.1,1,1,2014-02-18,0557,Aqua,MODIS,76,6.2,316.2,14.1,D,0
-33.9668,118.1392,338.1,1.1,1,2014-02-18,0557,Aqua,MODIS,83,6.2,314.6,24.3,D,0
-33.9589,118.1257,334.2,1.1,1,2014-02-18,0557,Aqua,MODIS,78,6.2,313.6,18.1,D,0
-33.9574,118.1375,346.5,1.1,1,2014-02-18,0557,Aqua,MODIS,91,6.2,315.8,41.1,D,0
-33.9682,118.1275,344.4,1.1,1,2014-02-18,0557,Aqua,MODIS,89,6.2,316.4,37,D,0
-30.3205,116.9648,332.2,1.1,1,2014-02-18,0558,Aqua,MODIS,63,6.2,314.2,8.1,D,0
-32.3783,116.1549,326.4,1.3,1.1,2014-02-18,0558,Aqua,MODIS,48,6.2,308.7,21,D,0
-32.6357,115.8579,334.4,1.3,1.1,2014-02-18,0558,Aqua,MODIS,77,6.2,315.8,21.3,D,0
-30.2718,116.9681,333.2,1.1,1,2014-02-18,0558,Aqua,MODIS,60,6.2,315.3,9.4,D,0
-21.9546,118.2662,340.7,1,1,2014-02-18,0600,Aqua,MODIS,34,6.2,322.1,15.7,D,0
-21.9561,118.2562,337.7,1,1,2014-02-18,0600,Aqua,MODIS,44,6.2,321.5,11.8,D,0
-21.9713,118.2793,338.3,1,1,2014-02-18,0600,Aqua,MODIS,63,6.2,320.1,12.4,D,0
-21.9698,118.2892,337,1,1,2014-02-18,0600,Aqua,MODIS,69,6.2,318.7,10.5,D,0
-20.9044,117.7781,354.6,1,1,2014-02-18,0601,Aqua,MODIS,96,6.2,325.3,41.3,D,0
-20.9058,117.7683,372.9,1,1,2014-02-18,0601,Aqua,MODIS,100,6.2,326.9,96.3,D,0
-20.9073,117.7586,366.7,1,1,2014-02-18,0601,Aqua,MODIS,100,6.2,326.1,76.5,D,0
-20.8967,117.7668,368.9,1,1,2014-02-18,0601,Aqua,MODIS,100,6.2,325.7,82.5,D,0
-20.8982,117.757,361,1,1,2014-02-18,0601,Aqua,MODIS,100,6.2,323.5,58.9,D,0
-20.8862,117.775,351.2,1,1,2014-02-18,0601,Aqua,MODIS,93,6.2,324.8,34.6,D,0
-20.8877,117.7653,376.9,1,1,2014-02-18,0601,Aqua,MODIS,100,6.2,326.8,113.2,D,0
-20.8891,117.7555,362.2,1,1,2014-02-18,0601,Aqua,MODIS,100,6.2,321.9,64.7,D,0
-20.8786,117.7637,372.8,1,1,2014-02-18,0601,Aqua,MODIS,100,6.2,323.6,98.3,D,0
-20.8801,117.754,352.6,1,1,2014-02-18,0601,Aqua,MODIS,94,6.2,320.1,39.7,D,0
-38.2577,146.3719,321.3,2.1,1.4,2014-02-18,1341,Terra,MODIS,100,6.2,291,60,N,2
-38.2453,146.3673,325.4,2.1,1.4,2014-02-18,1341,Terra,MODIS,100,6.2,289.8,72.4,N,0
-38.2527,146.3949,340.4,2.1,1.4,2014-02-18,1341,Terra,MODIS,100,6.2,292.4,133.7,N,2
-38.2404,146.3901,339.2,2.1,1.4,2014-02-18,1341,Terra,MODIS,100,6.2,290.6,127.9,N,2
-37.3792,148.6572,300.1,3,1.6,2014-02-18,1341,Terra,MODIS,10,6.2,290.1,16.9,N,0
-37.6046,148.5016,309.5,2.9,1.6,2014-02-18,1341,Terra,MODIS,61,6.2,291.3,37.8,N,0
-37.4617,148.5104,300.2,2.9,1.6,2014-02-18,1341,Terra,MODIS,19,6.2,290.1,18.6,N,0
-37.6041,148.5082,310.4,2.9,1.6,2014-02-18,1341,Terra,MODIS,42,6.2,291.3,38.3,N,0
-33.0129,137.5909,306.6,1,1,2014-02-18,1343,Terra,MODIS,31,6.2,290.5,7,N,2
-37.6135,148.4391,317.8,1,1,2014-02-18,1521,Aqua,MODIS,96,6.2,292,15.1,N,0
-37.5957,148.5143,331,1,1,2014-02-18,1521,Aqua,MODIS,92,6.2,294,28.3,N,0
-37.5249,148.5353,316.8,1,1,2014-02-18,1521,Aqua,MODIS,69,6.2,292.1,14.2,N,0
-37.3732,148.301,309.4,1,1,2014-02-18,1521,Aqua,MODIS,66,6.2,290.7,9.2,N,0
-37.4498,148.6533,303.9,1,1,2014-02-18,1521,Aqua,MODIS,44,6.2,290.9,5.3,N,0
-37.5158,148.5372,308.5,1,1,2014-02-18,1521,Aqua,MODIS,61,6.2,290.8,8.5,N,0
-37.6119,148.4275,310.8,1,1,2014-02-18,1521,Aqua,MODIS,71,6.2,291.8,9.9,N,0
-37.5491,148.5061,305.8,1,1,2014-02-18,1521,Aqua,MODIS,62,6.2,290.8,6.7,N,0
-37.5539,148.5409,308.8,1,1,2014-02-18,1521,Aqua,MODIS,46,6.2,291.2,7.9,N,0
-37.5646,148.5507,321,1,1,2014-02-18,1521,Aqua,MODIS,88,6.2,293.2,18.2,N,0
-37.4665,148.6376,313.3,1,1,2014-02-18,1521,Aqua,MODIS,77,6.2,292,11.2,N,0
-37.6242,148.4487,319.9,1,1,2014-02-18,1521,Aqua,MODIS,71,6.2,292.7,16.2,N,0
-37.6274,148.4719,313.8,1,1,2014-02-18,1521,Aqua,MODIS,9,6.2,291.8,10,N,0
-37.6107,148.4873,320.1,1,1,2014-02-18,1521,Aqua,MODIS,61,6.2,293.8,15.5,N,0
-37.5881,148.5279,316.1,1,1,2014-02-18,1521,Aqua,MODIS,43,6.2,292.8,13.2,N,0
-37.4482,148.6415,313.8,1,1,2014-02-18,1521,Aqua,MODIS,88,6.2,291.9,11.8,N,0
-37.2954,148.4065,300.6,1,1,2014-02-18,1521,Aqua,MODIS,8,6.2,290,4.8,N,0
-37.6123,148.4989,343.3,1,1,2014-02-18,1521,Aqua,MODIS,100,6.2,296.3,47.5,N,0
-37.3864,148.0633,300.3,1,1,2014-02-18,1521,Aqua,MODIS,23,6.2,287.7,5.2,N,0
-37.5142,148.5256,309.4,1,1,2014-02-18,1521,Aqua,MODIS,69,6.2,290.8,9.2,N,0
-37.3907,148.4276,306.3,1,1,2014-02-18,1521,Aqua,MODIS,45,6.2,291.2,7.6,N,0
-37.4117,148.6491,303.2,1,1,2014-02-18,1521,Aqua,MODIS,50,6.2,290.8,5.4,N,0
-37.6151,148.4506,322.9,1,1,2014-02-18,1521,Aqua,MODIS,73,6.2,293.9,19.1,N,0
-37.6226,148.4372,309.2,1,1,2014-02-18,1521,Aqua,MODIS,34,6.2,291.3,8.3,N,0
-37.5464,148.5546,318.4,1,1,2014-02-18,1521,Aqua,MODIS,97,6.2,293.3,16.5,N,0
-37.2938,148.3952,300.4,1,1,2014-02-18,1521,Aqua,MODIS,6,6.2,290.2,4.5,N,0
-37.4451,148.6183,309.7,1,1,2014-02-18,1521,Aqua,MODIS,78,6.2,292.7,8.8,N,0
-37.5021,148.3025,311.3,1,1,2014-02-18,1521,Aqua,MODIS,82,6.2,290.8,11.8,N,0
-37.563,148.539,318.8,1,1,2014-02-18,1521,Aqua,MODIS,61,6.2,292.5,15.1,N,0
-37.5555,148.5526,330.6,1,1,2014-02-18,1521,Aqua,MODIS,100,6.2,294.9,30.5,N,0
-37.5566,148.4924,316.6,1,1,2014-02-18,1521,Aqua,MODIS,93,6.2,291.6,14.6,N,0
-37.4304,148.8427,303.2,1,1,2014-02-18,1521,Aqua,MODIS,54,6.2,291.1,5.3,N,0
-37.4613,148.5313,319.3,1,1,2014-02-18,1521,Aqua,MODIS,98,6.2,292.3,16.7,N,0
-37.5005,148.2911,305.2,1,1,2014-02-18,1521,Aqua,MODIS,64,6.2,289.7,7.5,N,0
-37.5448,148.543,321.8,1,1,2014-02-18,1521,Aqua,MODIS,100,6.2,292.4,19,N,0
-37.3549,148.703,315.2,1,1,2014-02-18,1521,Aqua,MODIS,91,6.2,291.7,14.1,N,0
-37.5582,148.5041,313.3,1,1,2014-02-18,1521,Aqua,MODIS,54,6.2,291.5,11.3,N,0
-37.4442,148.4754,311.9,1,1,2014-02-18,1521,Aqua,MODIS,84,6.2,291.7,10.5,N,0
-37.4597,148.5199,314.1,1,1,2014-02-18,1521,Aqua,MODIS,80,6.2,291,12.1,N,0
-37.4458,148.4869,305.4,1,1,2014-02-18,1521,Aqua,MODIS,39,6.2,290.8,6,N,0
-37.3596,148.7376,306.6,1,1,2014-02-18,1521,Aqua,MODIS,69,6.2,289.2,8.2,N,0
-37.6048,148.5124,327.3,1,1,2014-02-18,1521,Aqua,MODIS,75,6.2,293.8,23.6,N,0
-37.3612,148.7491,311.2,1,1,2014-02-18,1521,Aqua,MODIS,82,6.2,289.1,11.9,N,0
-37.4435,148.6065,302.9,1,1,2014-02-18,1521,Aqua,MODIS,25,6.2,291.7,4.7,N,0
-37.3748,148.3125,319.4,1,1,2014-02-18,1521,Aqua,MODIS,99,6.2,292.4,17.6,N,0
-37.3867,148.6604,309.6,1,1,2014-02-18,1521,Aqua,MODIS,15,6.2,291.1,8.4,N,0
-37.6028,148.4294,303.4,1,1,2014-02-18,1521,Aqua,MODIS,22,6.2,290.8,5.1,N,0
-37.4832,148.6222,303.6,1,1,2014-02-18,1521,Aqua,MODIS,56,6.2,292,5.2,N,0
-38.2421,146.377,319.9,1,1,2014-02-18,1521,Aqua,MODIS,99,6.2,290.5,19.4,N,2
-38.2456,146.4001,320.9,1,1,2014-02-18,1521,Aqua,MODIS,100,6.2,291.5,20.1,N,2
-38.2529,146.3863,336.3,1,1,2014-02-18,1521,Aqua,MODIS,100,6.2,295.4,39.1,N,2
-38.2547,146.3978,350.4,1,1,2014-02-18,1521,Aqua,MODIS,100,6.2,295.3,65.2,N,2
-38.2439,146.3885,351,1,1,2014-02-18,1521,Aqua,MODIS,100,6.2,295.2,66.5,N,2
-32.3713,116.1622,308.7,1.3,1.1,2014-02-18,1522,Terra,MODIS,75,6.2,293.6,12.7,N,0
-32.3738,116.1482,314.4,1.3,1.1,2014-02-18,1522,Terra,MODIS,89,6.2,293.7,19.3,N,0
-33.0317,119.6745,300.4,2.1,1.4,2014-02-18,1522,Terra,MODIS,27,6.2,285.6,17.4,N,0
-33.0277,119.684,300.8,1.4,1.2,2014-02-18,1658,Aqua,MODIS,34,6.2,284.7,9.8,N,0
-32.3756,116.1661,301.8,2.3,1.5,2014-02-18,1658,Aqua,MODIS,44,6.2,291.3,17,N,0
-32.3698,116.16,302.7,2.3,1.5,2014-02-18,1658,Aqua,MODIS,50,6.2,291.5,18.5,N,0
-30.8651,121.4963,302.9,1.2,1.1,2014-02-18,1658,Aqua,MODIS,52,6.2,291.4,7.4,N,2
-31.5463,152.7801,340.5,4,1.9,2014-02-19,0043,Terra,MODIS,90,6.2,289.7,292.8,D,0
-31.5522,152.8178,315.8,4.1,1.9,2014-02-19,0043,Terra,MODIS,49,6.2,289.6,67.2,D,0
-31.5497,152.7743,349.1,4,1.9,2014-02-19,0043,Terra,MODIS,95,6.2,290,419.5,D,0
-38.2367,146.3803,316.7,1.8,1.3,2014-02-19,0045,Terra,MODIS,40,6.2,289.1,16.3,D,0
-38.2489,146.3796,336.8,1.8,1.3,2014-02-19,0045,Terra,MODIS,66,6.2,289.7,73.8,D,2
-38.2447,146.3855,338.7,1.8,1.3,2014-02-19,0045,Terra,MODIS,84,6.2,288.6,80.8,D,2
-37.4662,148.5242,316.2,2.4,1.5,2014-02-19,0045,Terra,MODIS,55,6.2,297.9,29.7,D,0
-37.382,148.3076,320.1,2.4,1.5,2014-02-19,0045,Terra,MODIS,44,6.2,295.9,38.4,D,0
-37.4682,148.5527,316.5,2.5,1.5,2014-02-19,0045,Terra,MODIS,66,6.2,298.3,31.8,D,0
-37.299,148.4062,310.6,2.4,1.5,2014-02-19,0045,Terra,MODIS,37,6.2,296.2,18,D,0
-37.3828,148.4248,317.3,2.4,1.5,2014-02-19,0045,Terra,MODIS,53,6.2,297.8,29.9,D,0
-20.9147,117.7824,340.9,1.1,1,2014-02-19,0220,Terra,MODIS,84,6.2,314.3,27,D,0
-20.9162,117.7924,329.6,1.1,1,2014-02-19,0220,Terra,MODIS,62,6.2,313.3,9.4,D,0
-27.1079,114.5034,353.7,1.2,1.1,2014-02-19,0221,Terra,MODIS,95,6.2,312.7,68,D,0
-27.0881,114.5076,332.2,1.2,1.1,2014-02-19,0221,Terra,MODIS,69,6.2,312.7,15.2,D,0
-27.098,114.5055,367.4,1.2,1.1,2014-02-19,0221,Terra,MODIS,100,6.2,315.1,118.7,D,0
-27.1058,114.491,360.5,1.2,1.1,2014-02-19,0221,Terra,MODIS,100,6.2,312.6,91.1,D,0
-27.0959,114.4931,365.1,1.2,1.1,2014-02-19,0221,Terra,MODIS,100,6.2,315.3,108.9,D,0
-30.4201,116.8585,327.2,1,1,2014-02-19,0222,Terra,MODIS,62,6.2,311.4,8.8,D,0
-31.1543,117.8039,326.3,1,1,2014-02-19,0222,Terra,MODIS,61,6.2,313.1,7.2,D,0
-31.1528,117.7932,328,1,1,2014-02-19,0222,Terra,MODIS,66,6.2,312.9,9.1,D,0
-31.1513,117.7825,336.1,1,1,2014-02-19,0222,Terra,MODIS,81,6.2,313.3,20.4,D,0
-31.1498,117.7718,337.4,1,1,2014-02-19,0222,Terra,MODIS,82,6.2,313.6,22.4,D,0
-31.1437,117.7949,327.5,1,1,2014-02-19,0222,Terra,MODIS,36,6.2,313.3,8.1,D,0
-31.1422,117.7842,335.2,1,1,2014-02-19,0222,Terra,MODIS,80,6.2,313.4,19,D,0
-33.0283,119.6888,323.2,1.2,1.1,2014-02-19,0223,Terra,MODIS,69,6.2,307.8,12.2,D,0
-37.3956,148.0206,336.7,3.8,1.8,2014-02-19,0322,Aqua,MODIS,87,6.2,299.2,206,D,0
-37.4237,148.0191,312.6,3.8,1.8,2014-02-19,0322,Aqua,MODIS,29,6.2,297.2,35.6,D,0
-37.3923,148.312,345.5,3.6,1.8,2014-02-19,0322,Aqua,MODIS,72,6.2,295.2,286.1,D,0
-37.4217,148.0592,325.5,3.7,1.8,2014-02-19,0322,Aqua,MODIS,79,6.2,298.6,117.6,D,0
-37.4072,148.0172,341.5,3.8,1.8,2014-02-19,0322,Aqua,MODIS,91,6.2,298,268,D,0
-37.3907,148.0151,327.1,3.8,1.8,2014-02-19,0322,Aqua,MODIS,80,6.2,299,130.9,D,0
-37.3974,147.9794,336.7,3.8,1.8,2014-02-19,0322,Aqua,MODIS,88,6.2,300.4,201.4,D,0
-37.3989,148.3155,347.1,3.6,1.8,2014-02-19,0322,Aqua,MODIS,82,6.2,295.5,311.2,D,0
-37.414,147.9808,325.5,3.8,1.8,2014-02-19,0322,Aqua,MODIS,69,6.2,297.6,106.7,D,0
-37.3926,147.9747,320.1,3.8,1.8,2014-02-19,0322,Aqua,MODIS,65,6.2,299.6,72.7,D,0
-37.4122,148.0217,323.7,3.8,1.8,2014-02-19,0322,Aqua,MODIS,76,6.2,296.6,100.6,D,0
-37.4092,147.9761,334.7,3.8,1.8,2014-02-19,0322,Aqua,MODIS,86,6.2,299.1,190.1,D,0
-31.5618,152.7782,327.8,1.6,1.2,2014-02-19,0323,Aqua,MODIS,72,6.2,290.3,39.2,D,0
-31.5505,152.7766,409.1,1.6,1.2,2014-02-19,0323,Aqua,MODIS,100,6.2,297.1,602.4,D,0
-31.5523,152.7597,375.6,1.6,1.2,2014-02-19,0323,Aqua,MODIS,100,6.2,294.6,255.9,D,0
-31.5627,152.7678,325.9,1.6,1.2,2014-02-19,0323,Aqua,MODIS,57,6.2,290.2,34.9,D,0
-29.1497,152.5986,328.7,1.5,1.2,2014-02-19,0324,Aqua,MODIS,69,6.2,304.2,25.2,D,0
-37.6062,148.4408,363.5,4.3,1.9,2014-02-19,0500,Aqua,MODIS,0,6.2,282.2,776.8,D,0
-37.6226,148.4489,373.2,4.3,1.9,2014-02-19,0500,Aqua,MODIS,100,6.2,285,0,D,0
-37.3438,148.3652,319.5,4.4,1.9,2014-02-19,0500,Aqua,MODIS,0,6.2,292.4,108.3,D,0
-37.6071,148.4491,360,4.3,1.9,2014-02-19,0500,Aqua,MODIS,90,6.2,280.3,0,D,0
-37.6235,148.4574,370.8,4.3,1.9,2014-02-19,0500,Aqua,MODIS,100,6.2,283.3,0,D,0
-32.969,146.4162,328.3,4.4,1.9,2014-02-19,0501,Aqua,MODIS,80,6.2,307.4,113.9,D,0
-32.959,146.4585,340.4,4.5,1.9,2014-02-19,0501,Aqua,MODIS,89,6.2,307.1,264.6,D,0
-32.9706,146.4119,324,4.4,1.9,2014-02-19,0501,Aqua,MODIS,72,6.2,307,73.5,D,0
-32.9572,146.4628,339.1,4.5,1.9,2014-02-19,0501,Aqua,MODIS,89,6.2,307.2,244.7,D,0
-19.1486,130.0381,331.7,1,1,2014-02-19,0506,Aqua,MODIS,59,6.2,316,13.7,D,0
-19.1513,130.0191,356.1,1,1,2014-02-19,0506,Aqua,MODIS,97,6.2,315.5,59.5,D,0
-19.141,130.0271,366.8,1,1,2014-02-19,0506,Aqua,MODIS,100,6.2,316.6,88,D,0
-19.15,130.0286,351.9,1,1,2014-02-19,0506,Aqua,MODIS,94,6.2,316.6,49.6,D,0
-19.1423,130.0177,379.3,1,1,2014-02-19,0506,Aqua,MODIS,100,6.2,319.7,133.8,D,0
-19.159,130.03,340.1,1,1,2014-02-19,0506,Aqua,MODIS,82,6.2,313.8,26.3,D,0
-34.1529,118.5071,334.5,2.6,1.6,2014-02-19,0640,Aqua,MODIS,83,6.2,311.9,72.9,D,0
-34.1558,118.5123,336.6,2.6,1.6,2014-02-19,0640,Aqua,MODIS,85,6.2,312.4,85.8,D,0
-31.1245,117.5794,331,2.7,1.6,2014-02-19,0641,Aqua,MODIS,69,6.2,318.5,36.6,D,0
-34.4659,150.8809,305.8,1,1,2014-02-19,1247,Terra,MODIS,66,6.2,292.9,6.3,N,2
-23.1383,149.4037,308.6,1,1,2014-02-19,1250,Terra,MODIS,75,6.2,290.8,7.7,N,0
-18.0086,123.8751,313,1.1,1,2014-02-19,1430,Terra,MODIS,82,6.2,298.9,8.4,N,0
-38.24,146.3743,309.6,2.9,1.6,2014-02-19,1604,Aqua,MODIS,78,6.2,278.5,58.2,N,2
-38.2548,146.3737,304.5,2.9,1.6,2014-02-19,1604,Aqua,MODIS,47,6.2,280.3,41.3,N,2
-38.2392,146.3791,313.7,2.9,1.6,2014-02-19,1604,Aqua,MODIS,88,6.2,278.4,73.9,N,2
-38.2541,146.3786,312.5,2.9,1.6,2014-02-19,1604,Aqua,MODIS,85,6.2,280.5,69.6,N,2
-38.2561,146.4107,328.8,2.9,1.6,2014-02-19,1604,Aqua,MODIS,100,6.2,281,145.1,N,2
-38.2419,146.4071,323.9,2.9,1.6,2014-02-19,1604,Aqua,MODIS,100,6.2,278.2,117.3,N,2
-38.2413,146.4118,317.7,2.9,1.6,2014-02-19,1604,Aqua,MODIS,96,6.2,277.4,90.6,N,2
-38.2567,146.4059,329.8,2.9,1.6,2014-02-19,1604,Aqua,MODIS,100,6.2,281.5,147.5,N,2
-34.4629,150.8836,316.3,1.2,1.1,2014-02-19,2349,Terra,MODIS,51,6.2,301.6,9.3,D,2
-37.3298,148.3908,348.4,1.5,1.2,2014-02-19,2350,Terra,MODIS,95,6.2,295.8,97.5,D,0
-37.333,148.4075,328.6,1.5,1.2,2014-02-19,2350,Terra,MODIS,65,6.2,291.8,40,D,0
-37.1122,148.5977,323.7,1.5,1.2,2014-02-19,2350,Terra,MODIS,75,6.2,294.9,29.4,D,0
-37.1146,148.5917,318.4,1.5,1.2,2014-02-19,2350,Terra,MODIS,78,6.2,294.3,22.6,D,0
-37.1176,148.6071,315.9,1.4,1.2,2014-02-19,2350,Terra,MODIS,73,6.2,293.4,18.7,D,0
-19.2849,133.9776,321.3,1,1,2014-02-20,0123,Terra,MODIS,46,6.2,305.2,7.3,D,0
-19.0733,134.1659,324.8,1,1,2014-02-20,0123,Terra,MODIS,63,6.2,305.8,10.6,D,0
-19.0642,134.1673,321.2,1,1,2014-02-20,0123,Terra,MODIS,24,6.2,306.5,6.2,D,0
-19.1751,134.1083,328.1,1,1,2014-02-20,0123,Terra,MODIS,72,6.2,299.9,15.8,D,0
-27.1017,114.4908,384.6,2.3,1.5,2014-02-20,0304,Terra,MODIS,100,6.2,316.8,518.6,D,0
-27.1259,114.5052,342,2.3,1.5,2014-02-20,0304,Terra,MODIS,86,6.2,313.8,89.9,D,0
-27.1393,114.5037,357.1,2.3,1.5,2014-02-20,0304,Terra,MODIS,98,6.2,313.9,203.9,D,0
-27.1505,114.4787,395.1,2.3,1.5,2014-02-20,0304,Terra,MODIS,100,6.2,313.2,711.5,D,0
-27.0995,114.4674,336.4,2.3,1.5,2014-02-20,0304,Terra,MODIS,80,6.2,311.7,54.6,D,0
-27.104,114.5143,332.1,2.3,1.5,2014-02-20,0304,Terra,MODIS,60,6.2,311.5,36.2,D,0
-27.135,114.4567,349.2,2.3,1.5,2014-02-20,0304,Terra,MODIS,92,6.2,307.1,139.2,D,0
-27.1128,114.4659,373.4,2.3,1.5,2014-02-20,0304,Terra,MODIS,100,6.2,312.8,359.3,D,0
-27.0884,114.4922,334.2,2.3,1.5,2014-02-20,0304,Terra,MODIS,76,6.2,311.9,47.7,D,0
-27.1151,114.4893,404,2.3,1.5,2014-02-20,0304,Terra,MODIS,100,6.2,318.8,875.3,D,0
-27.1262,114.4644,374.2,2.3,1.5,2014-02-20,0304,Terra,MODIS,100,6.2,310.5,368.5,D,0
-27.1285,114.4878,397.6,2.3,1.5,2014-02-20,0304,Terra,MODIS,100,6.2,316.4,744.6,D,0
-27.1527,114.5022,330.3,2.3,1.5,2014-02-20,0304,Terra,MODIS,47,6.2,309.8,37.2,D,0
-27.097,114.4847,366.6,2.3,1.5,2014-02-20,0304,Terra,MODIS,100,6.2,315.7,287.9,D,0
-27.1371,114.4802,416.8,2.3,1.5,2014-02-20,0304,Terra,MODIS,100,6.2,319.1,1197.9,D,0
-27.0991,114.5082,347.2,2.3,1.5,2014-02-20,0304,Terra,MODIS,91,6.2,313.4,122.1,D,0
-27.1104,114.4832,369.5,2.3,1.5,2014-02-20,0304,Terra,MODIS,100,6.2,314.1,320.5,D,0
-27.1125,114.5067,336.9,2.3,1.5,2014-02-20,0304,Terra,MODIS,80,6.2,312.7,60.5,D,0
-27.1216,114.4582,349,2.3,1.5,2014-02-20,0304,Terra,MODIS,92,6.2,310,132.3,D,0
-27.1238,114.4817,432.2,2.3,1.5,2014-02-20,0304,Terra,MODIS,100,6.2,319.9,1665.7,D,0
-37.4084,148.6503,385.9,1,1,2014-02-20,0405,Aqua,MODIS,100,6.2,308.8,174,D,0
-37.3685,148.7348,309.1,1,1,2014-02-20,0405,Aqua,MODIS,48,6.2,293.9,6.5,D,0
-37.3685,148.3424,322,1,1,2014-02-20,0405,Aqua,MODIS,44,6.2,300.8,14.6,D,0
-37.2297,148.6797,327.1,1,1,2014-02-20,0405,Aqua,MODIS,74,6.2,292.8,19.4,D,0
-37.3547,148.3745,347.2,1,1,2014-02-20,0405,Aqua,MODIS,92,6.2,302.7,48.3,D,0
-37.3669,148.3536,336.3,1,1,2014-02-20,0405,Aqua,MODIS,85,6.2,306.7,31.7,D,0
-37.3138,148.4007,332.6,1,1,2014-02-20,0405,Aqua,MODIS,60,6.2,300.9,24.2,D,0
-37.5186,148.5166,310.1,1,1,2014-02-20,0405,Aqua,MODIS,54,6.2,298.6,5.7,D,0
-37.4734,148.5065,326.7,1,1,2014-02-20,0405,Aqua,MODIS,84,6.2,296,20.4,D,0
-37.3133,148.6692,339.5,1,1,2014-02-20,0405,Aqua,MODIS,91,6.2,298.2,40.2,D,0
-37.4389,148.686,313,1,1,2014-02-20,0405,Aqua,MODIS,66,6.2,293.5,9.2,D,0
-37.2883,148.3832,337.7,1,1,2014-02-20,0405,Aqua,MODIS,47,6.2,304.1,30,D,0
-37.3601,148.6628,358.8,1,1,2014-02-20,0405,Aqua,MODIS,99,6.2,300.2,75.5,D,0
-37.3653,148.3651,394.7,1,1,2014-02-20,0405,Aqua,MODIS,100,6.2,320.3,215.7,D,0
-37.4141,148.0112,370.6,1,1,2014-02-20,0405,Aqua,MODIS,100,6.2,301.3,115.4,D,0
-37.5579,148.4969,311.8,1,1,2014-02-20,0405,Aqua,MODIS,25,6.2,296.9,6,D,0
-37.3935,148.4248,345.7,1,1,2014-02-20,0405,Aqua,MODIS,94,6.2,299.1,46.8,D,0
-37.4233,148.4782,314.9,1,1,2014-02-20,0405,Aqua,MODIS,23,6.2,300.7,5.3,D,0
-37.3978,148.6596,357.3,1,1,2014-02-20,0405,Aqua,MODIS,99,6.2,300.1,71.1,D,0
-37.3912,148.3071,341.5,1,1,2014-02-20,0405,Aqua,MODIS,91,6.2,298.8,39.5,D,0
-37.4616,148.4573,330.9,1,1,2014-02-20,0405,Aqua,MODIS,57,6.2,299.3,21,D,0
-37.4553,148.5026,346.9,1,1,2014-02-20,0405,Aqua,MODIS,94,6.2,298.9,47.6,D,0
-37.4691,148.4706,361.6,1,1,2014-02-20,0405,Aqua,MODIS,100,6.2,302,84.6,D,0
-37.326,148.3799,344.2,1,1,2014-02-20,0405,Aqua,MODIS,81,6.2,305.3,43.3,D,0
-37.3366,148.3704,322.6,1,1,2014-02-20,0405,Aqua,MODIS,72,6.2,302.5,15.7,D,0
-37.4792,148.5313,340.8,1,1,2014-02-20,0405,Aqua,MODIS,92,6.2,297.2,39.3,D,0
-37.5622,148.533,339.8,1,1,2014-02-20,0405,Aqua,MODIS,91,6.2,300.5,36.6,D,0
-37.2592,148.657,318.9,1,1,2014-02-20,0405,Aqua,MODIS,77,6.2,294.7,14.5,D,0
-37.2671,148.6007,307.1,1,1,2014-02-20,0405,Aqua,MODIS,53,6.2,292.5,6.4,D,0
-37.6153,148.4861,329,1,1,2014-02-20,0405,Aqua,MODIS,37,6.2,297.7,19.7,D,0
-37.2366,148.366,333.1,1,1,2014-02-20,0405,Aqua,MODIS,87,6.2,308.8,23.7,D,0
-37.3759,148.3504,323.8,1,1,2014-02-20,0405,Aqua,MODIS,56,6.2,303.5,14.2,D,0
-37.6138,148.4975,354.7,1,1,2014-02-20,0405,Aqua,MODIS,98,6.2,298.4,65.8,D,0
-37.5606,148.5444,319.4,1,1,2014-02-20,0405,Aqua,MODIS,27,6.2,299.3,12.1,D,0
-37.4585,148.48,450,1,1,2014-02-20,0405,Aqua,MODIS,100,6.2,324,707.3,D,0
-37.3643,148.6988,317.6,1,1,2014-02-20,0405,Aqua,MODIS,43,6.2,296.1,10.2,D,0
-37.6356,148.4608,329.9,1,1,2014-02-20,0405,Aqua,MODIS,35,6.2,298.8,21.1,D,0
-37.4042,148.4153,331.4,1,1,2014-02-20,0405,Aqua,MODIS,49,6.2,298.9,20.4,D,0
-37.2292,148.3526,337.8,1,1,2014-02-20,0405,Aqua,MODIS,85,6.2,306.9,31.2,D,0
-37.2637,148.3722,335.3,1,1,2014-02-20,0405,Aqua,MODIS,72,6.2,297.5,27,D,0
-37.3708,148.6535,357.4,1,1,2014-02-20,0405,Aqua,MODIS,99,6.2,304.3,71.7,D,0
-37.4026,148.4267,345.4,1,1,2014-02-20,0405,Aqua,MODIS,94,6.2,299.8,44.3,D,0
-37.6036,148.4365,327.8,1,1,2014-02-20,0405,Aqua,MODIS,32,6.2,298.9,18.8,D,0
-37.5712,148.535,335.5,1,1,2014-02-20,0405,Aqua,MODIS,41,6.2,300.2,28.7,D,0
-37.5654,148.5103,331.1,1,1,2014-02-20,0405,Aqua,MODIS,61,6.2,297.2,23.4,D,0
-37.4405,148.6747,336,1,1,2014-02-20,0405,Aqua,MODIS,89,6.2,297,34.1,D,0
-37.3904,148.6463,331.2,1,1,2014-02-20,0405,Aqua,MODIS,77,6.2,299.3,23.3,D,0
-37.4777,148.5426,354.7,1,1,2014-02-20,0405,Aqua,MODIS,98,6.2,299.5,67.4,D,0
-37.3117,148.6804,317.2,1,1,2014-02-20,0405,Aqua,MODIS,59,6.2,299.2,12,D,0
-37.4702,148.5293,346.4,1,1,2014-02-20,0405,Aqua,MODIS,94,6.2,295.2,48.5,D,0
-37.5516,148.5424,325,1,1,2014-02-20,0405,Aqua,MODIS,65,6.2,300,17.6,D,0
-37.4079,148.0568,315.3,1,1,2014-02-20,0405,Aqua,MODIS,73,6.2,294.4,11,D,0
-37.4665,148.6221,305.6,1,1,2014-02-20,0405,Aqua,MODIS,32,6.2,294.2,4.1,D,0
-37.5663,148.3693,311.6,1,1,2014-02-20,0405,Aqua,MODIS,18,6.2,297.7,6.1,D,0
-37.4265,148.4554,333.7,1,1,2014-02-20,0405,Aqua,MODIS,88,6.2,300.1,24.3,D,0
-37.3563,148.363,357.7,1,1,2014-02-20,0405,Aqua,MODIS,99,6.2,303.5,72.2,D,0
-37.4968,148.6055,303.7,1,1,2014-02-20,0405,Aqua,MODIS,45,6.2,293.1,3.7,D,0
-37.3267,148.702,319.9,1,1,2014-02-20,0405,Aqua,MODIS,55,6.2,299.1,11.1,D,0
-37.335,148.3819,350.7,1,1,2014-02-20,0405,Aqua,MODIS,96,6.2,306.7,57,D,0
-37.3334,148.3933,353.3,1,1,2014-02-20,0405,Aqua,MODIS,97,6.2,305,61.8,D,0
-37.3047,148.3987,368.1,1,1,2014-02-20,0405,Aqua,MODIS,100,6.2,305.9,102.3,D,0
-37.3283,148.6907,361.5,1,1,2014-02-20,0405,Aqua,MODIS,100,6.2,301.7,84.9,D,0
-37.2608,148.6458,314.2,1,1,2014-02-20,0405,Aqua,MODIS,66,6.2,293.9,10.6,D,0
-37.4628,148.5159,326.3,1,1,2014-02-20,0405,Aqua,MODIS,83,6.2,296.1,17.3,D,0
-37.3154,148.3893,341.5,1,1,2014-02-20,0405,Aqua,MODIS,69,6.2,303.5,37.1,D,0
-37.2792,148.3811,348.4,1,1,2014-02-20,0405,Aqua,MODIS,84,6.2,304.1,49.1,D,0
-37.4644,148.5046,362.3,1,1,2014-02-20,0405,Aqua,MODIS,100,6.2,299.9,85.5,D,0
-37.3244,148.3913,351.8,1,1,2014-02-20,0405,Aqua,MODIS,96,6.2,305.6,58.5,D,0
-37.3318,148.4047,334.4,1,1,2014-02-20,0405,Aqua,MODIS,84,6.2,299.7,28.8,D,0
-37.2728,148.374,366,1,1,2014-02-20,0405,Aqua,MODIS,100,6.2,306.2,96.2,D,0
-37.3527,148.6496,339.7,1,1,2014-02-20,0405,Aqua,MODIS,91,6.2,295.7,39.4,D,0
-37.3821,148.3052,361.1,1,1,2014-02-20,0405,Aqua,MODIS,100,6.2,298.1,84,D,0
-37.4281,148.4441,329.7,1,1,2014-02-20,0405,Aqua,MODIS,81,6.2,303.4,18.2,D,0
-37.5532,148.531,333.1,1,1,2014-02-20,0405,Aqua,MODIS,88,6.2,300.2,27,D,0
-37.4649,148.6335,309.4,1,1,2014-02-20,0405,Aqua,MODIS,65,6.2,294,6.9,D,0
-37.4324,148.4802,323.7,1,1,2014-02-20,0405,Aqua,MODIS,63,6.2,302,14.2,D,0
-37.3441,148.3839,336.8,1,1,2014-02-20,0405,Aqua,MODIS,27,6.2,303.7,30.1,D,0
-37.2563,148.3588,344.3,1,1,2014-02-20,0405,Aqua,MODIS,84,6.2,301.5,41.4,D,0
-37.4675,148.482,389.6,1,1,2014-02-20,0405,Aqua,MODIS,100,6.2,305.7,191.4,D,0
-37.3994,148.6483,340.1,1,1,2014-02-20,0405,Aqua,MODIS,89,6.2,299.7,35.9,D,0
-37.3637,148.3765,363.2,1,1,2014-02-20,0405,Aqua,MODIS,100,6.2,304.1,87.2,D,0
-37.4371,148.4461,335.7,1,1,2014-02-20,0405,Aqua,MODIS,87,6.2,304.5,27.4,D,0
-37.4249,148.4668,322.5,1,1,2014-02-20,0405,Aqua,MODIS,80,6.2,299,12.2,D,0
-37.2265,148.7023,319.2,1,1,2014-02-20,0405,Aqua,MODIS,71,6.2,294.1,12.6,D,0
-37.4659,148.4933,382.9,1,1,2014-02-20,0405,Aqua,MODIS,100,6.2,301.4,159.8,D,0
-37.4446,148.4595,352.3,1,1,2014-02-20,0405,Aqua,MODIS,97,6.2,307.3,57.8,D,0
-37.4718,148.5179,345.1,1,1,2014-02-20,0405,Aqua,MODIS,94,6.2,292.9,47,D,0
-37.2276,148.3639,369.3,1,1,2014-02-20,0405,Aqua,MODIS,100,6.2,313.7,105.3,D,0
-37.4569,148.4913,405.1,1,1,2014-02-20,0405,Aqua,MODIS,100,6.2,305.7,278.3,D,0
-37.4494,148.4779,325,1,1,2014-02-20,0405,Aqua,MODIS,55,6.2,298.7,14,D,0
-37.3543,148.6383,320.2,1,1,2014-02-20,0405,Aqua,MODIS,67,6.2,294.2,14.2,D,0
-37.4761,148.554,326.6,1,1,2014-02-20,0405,Aqua,MODIS,82,6.2,296.2,19.1,D,0
-37.4174,148.6524,324.2,1,1,2014-02-20,0405,Aqua,MODIS,76,6.2,298.6,19,D,0
-37.4339,148.4689,358.4,1,1,2014-02-20,0405,Aqua,MODIS,99,6.2,305.3,75.1,D,0
-37.4256,148.6481,342.4,1,1,2014-02-20,0405,Aqua,MODIS,90,6.2,298.1,41.8,D,0
-37.4355,148.4575,370.1,1,1,2014-02-20,0405,Aqua,MODIS,100,6.2,308.1,107.8,D,0
-37.3457,148.3725,338.7,1,1,2014-02-20,0405,Aqua,MODIS,78,6.2,304.4,35.1,D,0
-37.2101,148.6869,337.1,1,1,2014-02-20,0405,Aqua,MODIS,87,6.2,298.2,32.7,D,0
-37.3692,148.6648,373.3,1,1,2014-02-20,0405,Aqua,MODIS,100,6.2,304.9,118.8,D,0
-37.4126,148.0224,336.3,1,1,2014-02-20,0405,Aqua,MODIS,72,6.2,293.9,32.1,D,0
-37.4068,148.6617,405.8,1,1,2014-02-20,0405,Aqua,MODIS,100,6.2,307.2,285.2,D,0
-37.4158,148.6637,331.5,1,1,2014-02-20,0405,Aqua,MODIS,87,6.2,297,28.2,D,0
-37.3425,148.3954,331,1,1,2014-02-20,0405,Aqua,MODIS,37,6.2,302.4,22.7,D,0
-37.4394,148.6161,306.3,1,1,2014-02-20,0405,Aqua,MODIS,49,6.2,293.2,4.1,D,0
-37.4526,148.4552,355.5,1,1,2014-02-20,0405,Aqua,MODIS,98,6.2,303.5,64.1,D,0
-37.3856,148.6802,330.8,1,1,2014-02-20,0405,Aqua,MODIS,70,6.2,299.4,23.3,D,0
-37.3617,148.6515,381.5,1,1,2014-02-20,0405,Aqua,MODIS,100,6.2,304.9,154,D,0
-37.41,148.6391,342,1,1,2014-02-20,0405,Aqua,MODIS,92,6.2,298.3,42,D,0
-37.4601,148.4687,401.4,1,1,2014-02-20,0405,Aqua,MODIS,100,6.2,312.8,254.9,D,0
-37.4272,148.6368,330,1,1,2014-02-20,0405,Aqua,MODIS,68,6.2,295.3,23.5,D,0
-37.4707,148.4592,331.5,1,1,2014-02-20,0405,Aqua,MODIS,74,6.2,296.2,23.7,D,0
-37.384,148.6916,323.1,1,1,2014-02-20,0405,Aqua,MODIS,49,6.2,296.8,15.3,D,0
-37.3919,148.4361,323.6,1,1,2014-02-20,0405,Aqua,MODIS,28,6.2,296.5,13.7,D,0
-37.4686,148.5406,338.1,1,1,2014-02-20,0405,Aqua,MODIS,90,6.2,296.8,33.8,D,0
-37.3896,148.3183,326.8,1,1,2014-02-20,0405,Aqua,MODIS,29,6.2,296.7,16.3,D,0
-37.443,148.4709,356.5,1,1,2014-02-20,0405,Aqua,MODIS,98,6.2,304.6,68.6,D,0
-37.4346,148.6501,319.6,1,1,2014-02-20,0405,Aqua,MODIS,53,6.2,295.5,13,D,0
-37.3845,148.4229,334.9,1,1,2014-02-20,0405,Aqua,MODIS,81,6.2,300.4,29.4,D,0
-37.2655,148.612,316.9,1,1,2014-02-20,0405,Aqua,MODIS,75,6.2,293.8,14.1,D,0
-37.3389,148.6815,315.9,1,1,2014-02-20,0405,Aqua,MODIS,47,6.2,297.3,9.2,D,0
-37.3837,148.294,343.6,1,1,2014-02-20,0405,Aqua,MODIS,87,6.2,297.1,44.8,D,0
-37.451,148.4666,348.9,1,1,2014-02-20,0405,Aqua,MODIS,95,6.2,301.5,49.8,D,0
-37.433,148.6614,335.2,1,1,2014-02-20,0405,Aqua,MODIS,89,6.2,297.6,31.2,D,0
-37.3373,148.6927,350.4,1,1,2014-02-20,0405,Aqua,MODIS,96,6.2,301.4,58.2,D,0
-37.4851,148.556,316.1,1,1,2014-02-20,0405,Aqua,MODIS,74,6.2,296.7,10.3,D,0
-37.419,148.6411,338.9,1,1,2014-02-20,0405,Aqua,MODIS,91,6.2,300.1,39,D,0
-37.134,148.5704,376.6,1,1,2014-02-20,0405,Aqua,MODIS,100,6.2,304.5,132.5,D,0
-37.1203,148.6021,338.6,1,1,2014-02-20,0405,Aqua,MODIS,90,6.2,300.7,34.3,D,0
-37.1219,148.5909,340.4,1,1,2014-02-20,0405,Aqua,MODIS,91,6.2,299.7,37.1,D,0
-37.1251,148.5683,365.6,1,1,2014-02-20,0405,Aqua,MODIS,100,6.2,304.2,94.4,D,0
-37.1324,148.5817,348.4,1,1,2014-02-20,0405,Aqua,MODIS,95,6.2,295.2,51.2,D,0
-37.1129,148.5888,327.8,1,1,2014-02-20,0405,Aqua,MODIS,74,6.2,301.9,17.7,D,0
-37.1266,148.557,329.7,1,1,2014-02-20,0405,Aqua,MODIS,56,6.2,304.5,19.2,D,0
-32.2317,147.1049,321.5,1,1,2014-02-20,0406,Aqua,MODIS,59,6.2,305.7,7.3,D,0
-34.4645,150.881,323.8,1.1,1.1,2014-02-20,0406,Aqua,MODIS,59,6.2,307.9,12,D,2
-29.445,145.4666,328.7,1,1,2014-02-20,0407,Aqua,MODIS,64,6.2,310.7,10.5,D,0
-21.6068,140.9556,347.1,1.4,1.2,2014-02-20,0409,Aqua,MODIS,91,6.2,307.8,59.8,D,0
-21.6084,140.9424,331.5,1.4,1.2,2014-02-20,0409,Aqua,MODIS,73,6.2,307.9,19.2,D,0
-21.5963,140.9541,342.8,1.4,1.2,2014-02-20,0409,Aqua,MODIS,87,6.2,306.6,47.3,D,0
-21.5979,140.9409,338.6,1.4,1.2,2014-02-20,0409,Aqua,MODIS,83,6.2,307.9,35.9,D,0
-33.4101,119.6479,331,1.2,1.1,2014-02-20,0545,Aqua,MODIS,70,6.2,311.8,15,D,0
-32.8678,119.7744,333.1,1.2,1.1,2014-02-20,0545,Aqua,MODIS,78,6.2,315.4,16.2,D,0
-33.4001,119.6462,327.8,1.2,1.1,2014-02-20,0545,Aqua,MODIS,42,6.2,311.4,8.7,D,0
-33.9276,118.1537,347.6,1.5,1.2,2014-02-20,0545,Aqua,MODIS,93,6.2,314.6,68.9,D,0
-33.8388,118.4434,332.8,1.4,1.2,2014-02-20,0545,Aqua,MODIS,79,6.2,310.7,26.6,D,0
-33.9271,118.5742,342.8,1.4,1.2,2014-02-20,0545,Aqua,MODIS,89,6.2,307.3,52.6,D,0
-33.9299,118.5801,341.2,1.4,1.2,2014-02-20,0545,Aqua,MODIS,88,6.2,307.5,48.6,D,0
-37.4179,148.6862,312.8,2,1.4,2014-02-20,1329,Terra,MODIS,25,6.2,282.7,34.6,N,0
-37.4661,148.5182,311.5,1.9,1.3,2014-02-20,1329,Terra,MODIS,77,6.2,284.3,30.6,N,0
-37.5567,148.5333,314.3,1.9,1.3,2014-02-20,1329,Terra,MODIS,55,6.2,285.8,37.5,N,0
-37.4059,148.682,328.6,2,1.4,2014-02-20,1329,Terra,MODIS,100,6.2,280.9,74,N,0
-37.459,148.4912,316.2,1.9,1.3,2014-02-20,1329,Terra,MODIS,55,6.2,285.5,37.4,N,0
-37.3591,148.3791,306.9,1.9,1.3,2014-02-20,1329,Terra,MODIS,38,6.2,286.9,21.5,N,0
-37.5732,148.5153,337,1.9,1.3,2014-02-20,1329,Terra,MODIS,100,6.2,287.9,100.5,N,0
-37.4016,148.7023,311.5,2,1.4,2014-02-20,1329,Terra,MODIS,51,6.2,277,31.4,N,0
-37.4635,148.4693,324.6,1.9,1.3,2014-02-20,1329,Terra,MODIS,81,6.2,286.6,60.5,N,0
-37.3542,148.3631,311.1,1.9,1.3,2014-02-20,1329,Terra,MODIS,30,6.2,287.1,27,N,0
-37.4,148.6973,311.1,2,1.4,2014-02-20,1329,Terra,MODIS,41,6.2,276.9,28.9,N,0
-37.4515,148.4659,321.3,1.9,1.3,2014-02-20,1329,Terra,MODIS,55,6.2,286,50.9,N,0
-37.414,148.0469,303.7,1.8,1.3,2014-02-20,1329,Terra,MODIS,19,6.2,286.3,16.6,N,0
-37.1185,148.5775,304.7,2,1.4,2014-02-20,1329,Terra,MODIS,61,6.2,284.3,24,N,0
-37.1228,148.5568,304.8,2,1.4,2014-02-20,1329,Terra,MODIS,62,6.2,284,23.8,N,0
-37.1244,148.5637,309,2,1.4,2014-02-20,1329,Terra,MODIS,76,6.2,284.4,28.9,N,0
-20.7348,139.4716,304.5,1.2,1.1,2014-02-20,1334,Terra,MODIS,60,6.2,293.8,5.1,N,2
-19.6376,134.46,311.2,1.1,1.1,2014-02-20,1335,Terra,MODIS,73,6.2,295.2,9.8,N,0
-19.6268,134.4692,309.6,1.1,1.1,2014-02-20,1335,Terra,MODIS,78,6.2,294.3,9.2,N,0
-19.6295,134.4479,310.5,1.1,1.1,2014-02-20,1335,Terra,MODIS,61,6.2,294.9,9.2,N,0
-19.6363,134.4706,306.3,1.1,1.1,2014-02-20,1335,Terra,MODIS,61,6.2,294.3,6.2,N,0
-19.6281,134.4586,311.7,1.1,1.1,2014-02-20,1335,Terra,MODIS,83,6.2,295.1,10.5,N,0
-37.1199,148.5745,320.5,1.1,1,2014-02-20,1508,Aqua,MODIS,100,6.2,285.4,23,N,0
-37.4127,148.0525,303.9,1.1,1,2014-02-20,1508,Aqua,MODIS,15,6.2,285.6,8,N,0
-37.3471,148.3833,309,1.1,1,2014-02-20,1508,Aqua,MODIS,11,6.2,287.3,10.6,N,0
-37.5731,148.5131,346.5,1.1,1,2014-02-20,1508,Aqua,MODIS,100,6.2,287.9,60.2,N,0
-37.4186,148.6405,309.9,1.1,1,2014-02-20,1508,Aqua,MODIS,46,6.2,285.1,10.6,N,0
-37.2207,148.6796,303,1.1,1,2014-02-20,1508,Aqua,MODIS,31,6.2,283.3,7.7,N,0
-37.4602,148.5105,333.1,1.1,1,2014-02-20,1508,Aqua,MODIS,100,6.2,289.6,36.7,N,0
-37.6284,148.4669,314.5,1.1,1,2014-02-20,1508,Aqua,MODIS,89,6.2,285.9,16.8,N,0
-37.4059,148.6805,333.4,1.1,1,2014-02-20,1508,Aqua,MODIS,100,6.2,287.8,36.3,N,0
-37.4205,148.6524,318.4,1.1,1,2014-02-20,1508,Aqua,MODIS,97,6.2,287.1,18,N,0
-37.371,148.0385,301.3,1.1,1,2014-02-20,1508,Aqua,MODIS,19,6.2,284.6,7.3,N,0
-37.4064,148.0156,309.6,1.1,1,2014-02-20,1508,Aqua,MODIS,41,6.2,285.8,12.3,N,0
-37.3247,148.6946,301.3,1.1,1,2014-02-20,1508,Aqua,MODIS,11,6.2,284.6,6.6,N,0
-37.4641,148.5346,328,1.1,1,2014-02-20,1508,Aqua,MODIS,99,6.2,288.4,29.5,N,0
-37.5638,148.5154,321,1.1,1,2014-02-20,1508,Aqua,MODIS,60,6.2,286.3,20.1,N,0
-37.4079,148.6926,351.1,1.1,1,2014-02-20,1508,Aqua,MODIS,100,6.2,291.8,71.3,N,0
-37.3339,148.6924,303.2,1.1,1,2014-02-20,1508,Aqua,MODIS,21,6.2,285,7.5,N,0
-37.4543,148.475,329.4,1.1,1,2014-02-20,1508,Aqua,MODIS,100,6.2,288.4,32.1,N,0
-37.4563,148.487,321.3,1.1,1,2014-02-20,1508,Aqua,MODIS,92,6.2,288.5,21.9,N,0
-37.443,148.4651,323.1,1.1,1,2014-02-20,1508,Aqua,MODIS,100,6.2,287.8,24.8,N,0
-37.4523,148.4629,324.9,1.1,1,2014-02-20,1508,Aqua,MODIS,100,6.2,287,27.4,N,0
-37.2506,148.3642,310.1,1.1,1,2014-02-20,1508,Aqua,MODIS,30,6.2,286,12.3,N,0
-37.4582,148.4988,342.9,1.1,1,2014-02-20,1508,Aqua,MODIS,100,6.2,290.5,54.3,N,0
-37.5658,148.5274,311.1,1.1,1,2014-02-20,1508,Aqua,MODIS,39,6.2,286.1,11,N,0
-37.5586,148.5417,316.7,1.1,1,2014-02-20,1508,Aqua,MODIS,63,6.2,286.9,16.9,N,0
-37.3466,148.6524,313.6,1.1,1,2014-02-20,1508,Aqua,MODIS,87,6.2,285.8,15.3,N,0
-37.3746,148.7068,305.9,1.1,1,2014-02-20,1508,Aqua,MODIS,35,6.2,283.8,8.9,N,0
-37.6008,148.5058,312.4,1.1,1,2014-02-20,1508,Aqua,MODIS,20,6.2,285.7,12.5,N,0
-37.2619,148.3738,311.9,1.1,1,2014-02-20,1508,Aqua,MODIS,42,6.2,286.3,13.3,N,0
-37.43,148.4749,316.3,1.1,1,2014-02-20,1508,Aqua,MODIS,13,6.2,287.4,15.3,N,0
-37.4694,148.508,316.9,1.1,1,2014-02-20,1508,Aqua,MODIS,60,6.2,286.3,17.1,N,0
-37.4681,148.5582,305.6,1.1,1,2014-02-20,1508,Aqua,MODIS,18,6.2,285.6,8.7,N,0
-37.3987,148.6948,322.9,1.1,1,2014-02-20,1508,Aqua,MODIS,100,6.2,286.5,24.3,N,0
-37.5751,148.5251,340.8,1.1,1,2014-02-20,1508,Aqua,MODIS,100,6.2,288.6,48.8,N,0
-37.4316,148.6616,318.1,1.1,1,2014-02-20,1508,Aqua,MODIS,83,6.2,285.6,17.8,N,0
-37.4621,148.5225,324.8,1.1,1,2014-02-20,1508,Aqua,MODIS,61,6.2,288.4,24.9,N,0
-37.2599,148.3615,312.2,1.1,1,2014-02-20,1508,Aqua,MODIS,48,6.2,285.6,13.6,N,0
-37.5843,148.5226,312,1.1,1,2014-02-20,1508,Aqua,MODIS,46,6.2,285.8,12.7,N,0
-37.345,148.3708,313.9,1.1,1,2014-02-20,1508,Aqua,MODIS,55,6.2,286.7,14.8,N,0
-37.4336,148.6734,323.6,1.1,1,2014-02-20,1508,Aqua,MODIS,100,6.2,285.6,24.8,N,0
-37.428,148.4628,323.7,1.1,1,2014-02-20,1508,Aqua,MODIS,77,6.2,288,23.8,N,0
-37.5493,148.544,319.5,1.1,1,2014-02-20,1508,Aqua,MODIS,65,6.2,286.7,19.3,N,0
-37.3942,148.4339,323.3,1.1,1,2014-02-20,1508,Aqua,MODIS,100,6.2,288.1,24.1,N,0
-37.3855,148.3226,308.9,1.1,1,2014-02-20,1508,Aqua,MODIS,29,6.2,286.9,10.8,N,0
-37.4675,148.4964,319.2,1.1,1,2014-02-20,1508,Aqua,MODIS,89,6.2,286.7,19.5,N,0
-37.3024,148.6759,300.6,1.1,1,2014-02-20,1508,Aqua,MODIS,13,6.2,283.8,6.4,N,0
-37.4773,148.5558,320.2,1.1,1,2014-02-20,1508,Aqua,MODIS,79,6.2,286.9,20.4,N,0
-37.2711,148.3706,302.3,1.1,1,2014-02-20,1508,Aqua,MODIS,27,6.2,285.2,7.1,N,0
-37.3835,148.3108,313.8,1.1,1,2014-02-20,1508,Aqua,MODIS,84,6.2,286.8,15.2,N,0
-37.3816,148.2992,307.9,1.1,1,2014-02-20,1508,Aqua,MODIS,27,6.2,284.3,10.3,N,0
-37.3577,148.6615,313.6,1.1,1,2014-02-20,1508,Aqua,MODIS,80,6.2,286.5,14.8,N,0
-37.404,148.6685,320.2,1.1,1,2014-02-20,1508,Aqua,MODIS,51,6.2,287,18.2,N,0
-37.4099,148.7047,315.1,1.1,1,2014-02-20,1508,Aqua,MODIS,91,6.2,285.9,16.5,N,0
-37.3051,148.4002,314,1.1,1,2014-02-20,1508,Aqua,MODIS,18,6.2,286.3,13.9,N,0
-37.2845,148.3926,313.1,1.1,1,2014-02-20,1508,Aqua,MODIS,24,6.2,286.4,13.8,N,0
-37.4655,148.4846,331.2,1.1,1,2014-02-20,1508,Aqua,MODIS,100,6.2,287.9,34.4,N,0
-37.4661,148.5464,309.4,1.1,1,2014-02-20,1508,Aqua,MODIS,19,6.2,287.1,10.9,N,0
-37.2731,148.3826,306.6,1.1,1,2014-02-20,1508,Aqua,MODIS,31,6.2,285.7,9.6,N,0
-37.3564,148.3808,321.4,1.1,1,2014-02-20,1508,Aqua,MODIS,99,6.2,288.6,21.7,N,0
-37.4093,148.6427,319.7,1.1,1,2014-02-20,1508,Aqua,MODIS,54,6.2,286.3,18.7,N,0
-37.2227,148.6916,300.4,1.1,1,2014-02-20,1508,Aqua,MODIS,11,6.2,283.2,6.4,N,0
-37.4753,148.5439,333.4,1.1,1,2014-02-20,1508,Aqua,MODIS,100,6.2,288.3,37,N,0
-37.4636,148.4728,327.9,1.1,1,2014-02-20,1508,Aqua,MODIS,100,6.2,287,30.2,N,0
-37.4085,148.0278,312.9,1.1,1,2014-02-20,1508,Aqua,MODIS,33,6.2,286.5,14.2,N,0
-37.3558,148.6499,312,1.1,1,2014-02-20,1508,Aqua,MODIS,71,6.2,286.4,13.7,N,0
-37.577,148.5368,313.7,1.1,1,2014-02-20,1508,Aqua,MODIS,15,6.2,286.1,13.5,N,0
-37.4015,148.4194,310.7,1.1,1,2014-02-20,1508,Aqua,MODIS,17,6.2,285.9,11.8,N,0
-37.3727,148.6949,303.2,1.1,1,2014-02-20,1508,Aqua,MODIS,11,6.2,284.1,7.1,N,0
-31.1499,117.6184,305.1,1.2,1.1,2014-02-20,1510,Terra,MODIS,63,6.2,291.9,7.7,N,0
-31.1479,117.6306,302.5,1.2,1.1,2014-02-20,1510,Terra,MODIS,49,6.2,291.4,5.8,N,0
-27.0483,114.4984,308.1,1,1,2014-02-20,1511,Terra,MODIS,72,6.2,296.6,5.5,N,0
-27.1082,114.4632,309.4,1,1,2014-02-20,1511,Terra,MODIS,15,6.2,297.4,5.8,N,0
-25.565,150.4524,324.1,1.5,1.2,2014-02-21,0029,Terra,MODIS,30,6.2,301.5,18.8,D,0
-29.3316,149.1338,332.7,1.4,1.2,2014-02-21,0031,Terra,MODIS,86,6.2,305.4,27.7,D,0
-30.3084,148.9077,321.8,1.4,1.2,2014-02-21,0031,Terra,MODIS,55,6.2,306.3,13.2,D,0
-33.8168,150.797,312.9,2,1.4,2014-02-21,0032,Terra,MODIS,53,6.2,301.5,8.6,D,0
-21.6888,117.446,328.6,1.6,1.2,2014-02-21,0208,Terra,MODIS,67,6.2,312.6,18.7,D,0
-21.6914,117.4608,341.1,1.5,1.2,2014-02-21,0208,Terra,MODIS,86,6.2,313.4,52.4,D,0
-27.1143,114.452,354.7,1.9,1.4,2014-02-21,0209,Terra,MODIS,97,6.2,303.5,155.7,D,0
-27.0755,114.4683,398.7,1.9,1.4,2014-02-21,0209,Terra,MODIS,94,6.2,309.5,601.6,D,0
-27.0792,114.4876,369.1,1.9,1.4,2014-02-21,0209,Terra,MODIS,87,6.2,300.7,254,D,0
-27.1081,114.4402,334.7,1.9,1.4,2014-02-21,0209,Terra,MODIS,65,6.2,298.5,56,D,0
-27.1117,114.4595,351.6,1.9,1.4,2014-02-21,0209,Terra,MODIS,90,6.2,302.3,136.4,D,0
-33.3834,119.6681,331.8,1,1,2014-02-21,0211,Terra,MODIS,82,6.2,304,21.9,D,0
-25.7261,150.529,317,3.1,1.7,2014-02-21,0313,Aqua,MODIS,33,6.2,293.6,42.4,D,0
-24.6676,151.8019,319.2,2.5,1.5,2014-02-21,0313,Aqua,MODIS,62,6.2,296.9,36.8,D,0
-34.6567,145.5905,350.6,2.3,1.5,2014-02-21,0448,Aqua,MODIS,95,6.2,308.3,167.6,D,0
-34.6514,145.6151,350.8,2.3,1.5,2014-02-21,0448,Aqua,MODIS,95,6.2,309,170.8,D,0
-37.2512,143.9995,324.7,1.6,1.2,2014-02-21,0448,Aqua,MODIS,78,6.2,304.2,28,D,0
-37.1221,148.5536,312.4,3,1.6,2014-02-21,0448,Aqua,MODIS,40,6.2,294.5,36.2,D,0
-37.123,148.5465,310.3,3,1.6,2014-02-21,0448,Aqua,MODIS,46,6.2,295.5,28.9,D,0
-33.7006,147.4767,326.2,3.2,1.7,2014-02-21,0449,Aqua,MODIS,63,6.2,308.2,68.2,D,0
-19.6378,134.4728,330.5,1,1,2014-02-21,0453,Aqua,MODIS,29,6.2,316.8,7.6,D,0
-19.6392,134.4631,336.2,1,1,2014-02-21,0453,Aqua,MODIS,73,6.2,318.7,15.4,D,0
-19.6406,134.4535,334.5,1,1,2014-02-21,0453,Aqua,MODIS,58,6.2,317.8,13.2,D,0
-17.4707,135.8563,336.1,1.2,1.1,2014-02-21,0454,Aqua,MODIS,83,6.2,307.7,28.3,D,0
-17.4592,135.8658,340.9,1.2,1.1,2014-02-21,0454,Aqua,MODIS,87,6.2,309.6,39,D,0
-17.4609,135.8546,352.7,1.2,1.1,2014-02-21,0454,Aqua,MODIS,96,6.2,312.4,69.8,D,0
-17.4458,135.8865,324.4,1.2,1.1,2014-02-21,0454,Aqua,MODIS,44,6.2,305.8,10,D,0
-17.4476,135.8753,360.7,1.2,1.1,2014-02-21,0454,Aqua,MODIS,100,6.2,308.2,96.2,D,0
-17.4494,135.8641,371.1,1.2,1.1,2014-02-21,0454,Aqua,MODIS,100,6.2,309.5,137.2,D,0
-17.4512,135.8529,370.3,1.2,1.1,2014-02-21,0454,Aqua,MODIS,100,6.2,309.8,135.5,D,0
-17.436,135.8848,326.5,1.2,1.1,2014-02-21,0454,Aqua,MODIS,49,6.2,306.1,12.8,D,0
-17.4955,135.8263,332.8,1.2,1.1,2014-02-21,0454,Aqua,MODIS,77,6.2,312.7,20.5,D,0
-17.4972,135.8151,336.3,1.2,1.1,2014-02-21,0454,Aqua,MODIS,83,6.2,312.6,27.3,D,0
-17.499,135.804,335.6,1.2,1.1,2014-02-21,0454,Aqua,MODIS,83,6.2,311,27.1,D,0
-17.5007,135.7929,330.2,1.2,1.1,2014-02-21,0454,Aqua,MODIS,76,6.2,307.7,18.7,D,0
-17.484,135.8357,338.2,1.2,1.1,2014-02-21,0454,Aqua,MODIS,85,6.2,311,31.5,D,0
-17.4857,135.8246,336.6,1.2,1.1,2014-02-21,0454,Aqua,MODIS,84,6.2,309.7,27.7,D,0
-17.4875,135.8134,361.7,1.2,1.1,2014-02-21,0454,Aqua,MODIS,100,6.2,312.1,97.2,D,0
-17.4893,135.8023,338.5,1.2,1.1,2014-02-21,0454,Aqua,MODIS,85,6.2,306.8,33.6,D,0
-17.491,135.7912,327.5,1.2,1.1,2014-02-21,0454,Aqua,MODIS,71,6.2,306.3,15.4,D,0
-17.4725,135.8452,362.7,1.2,1.1,2014-02-21,0454,Aqua,MODIS,100,6.2,311,101.7,D,0
-17.4742,135.834,355.5,1.2,1.1,2014-02-21,0454,Aqua,MODIS,97,6.2,309.4,77.4,D,0
-17.4778,135.8117,350,1.2,1.1,2014-02-21,0454,Aqua,MODIS,94,6.2,305.7,63.5,D,0
-17.4627,135.8434,328.1,1.2,1.1,2014-02-21,0454,Aqua,MODIS,68,6.2,305.9,16,D,0
-17.453,135.8417,328.4,1.2,1.1,2014-02-21,0454,Aqua,MODIS,73,6.2,304.5,18.1,D,0
-32.2538,115.8139,328.8,1.3,1.1,2014-02-21,0628,Aqua,MODIS,72,6.2,311.9,14.5,D,0
-38.2466,146.3708,304.8,2.5,1.5,2014-02-21,1234,Terra,MODIS,62,6.2,279.8,35.4,N,2
-38.2521,146.3776,306.1,2.5,1.5,2014-02-21,1234,Terra,MODIS,56,6.2,279.8,36.6,N,2
-29.3282,149.1327,320,1.3,1.1,2014-02-21,1236,Terra,MODIS,100,6.2,289.3,27.5,N,0
-29.3315,149.1268,304.2,1.3,1.1,2014-02-21,1236,Terra,MODIS,59,6.2,288.7,9.4,N,0
-29.33,149.1402,321.4,1.3,1.1,2014-02-21,1236,Terra,MODIS,100,6.2,290,29.1,N,0
-29.3267,149.1462,308,1.3,1.1,2014-02-21,1236,Terra,MODIS,73,6.2,289.3,12.8,N,0
-23.6953,150.6619,303.8,1,1,2014-02-21,1238,Terra,MODIS,42,6.2,293.2,4.9,N,0
-23.6967,150.6519,313.2,1,1,2014-02-21,1238,Terra,MODIS,86,6.2,293.7,11,N,0
-23.0861,150.2131,305.5,1,1,2014-02-21,1238,Terra,MODIS,62,6.2,294.6,4.6,N,0
-23.0769,150.2116,306.1,1,1,2014-02-21,1238,Terra,MODIS,64,6.2,294.5,5,N,0
-21.6892,116.9969,308.8,3.4,1.7,2014-02-21,1417,Terra,MODIS,75,6.2,295.9,35.2,N,0
-21.6736,116.9951,307,3.4,1.7,2014-02-21,1417,Terra,MODIS,63,6.2,295.5,29.7,N,0
-21.6788,116.9903,311.8,3.4,1.7,2014-02-21,1417,Terra,MODIS,83,6.2,295.9,51.9,N,0
-21.2806,119.9428,306.8,2,1.4,2014-02-21,1417,Terra,MODIS,65,6.2,290.8,20.3,N,0
-21.2758,119.9476,309.5,1,1,2014-02-21,1726,Aqua,MODIS,76,6.2,296.9,7.4,N,0
-21.6675,117.006,339.8,1.1,1,2014-02-21,1726,Aqua,MODIS,100,6.2,295.5,48.8,N,0
-21.6692,117.0166,313.5,1.1,1,2014-02-21,1726,Aqua,MODIS,86,6.2,294.7,12.6,N,0
-17.4055,135.9176,319.9,1,1,2014-02-22,0111,Terra,MODIS,23,6.2,291.9,8.8,D,0
-17.3605,135.9209,342,1,1,2014-02-22,0111,Terra,MODIS,86,6.2,291.4,39,D,0
-17.4641,135.8219,319.5,1,1,2014-02-22,0111,Terra,MODIS,51,6.2,291.6,8.8,D,0
-17.4656,135.8316,330,1,1,2014-02-22,0111,Terra,MODIS,83,6.2,293.6,20.4,D,0
-27.124,114.4607,338.6,1.4,1.2,2014-02-22,0252,Terra,MODIS,75,6.2,318,26.4,D,0
-27.1223,114.4463,338.1,1.4,1.2,2014-02-22,0252,Terra,MODIS,74,6.2,316,27.2,D,0
-27.1646,114.4933,358.1,1.4,1.2,2014-02-22,0252,Terra,MODIS,98,6.2,315.7,102.1,D,0
-27.1629,114.4788,389.3,1.4,1.2,2014-02-22,0252,Terra,MODIS,100,6.2,321.9,295.7,D,0
-27.1275,114.4544,340.5,1.4,1.2,2014-02-22,0252,Terra,MODIS,76,6.2,316.8,31.8,D,0
-27.1737,114.4773,367.9,1.4,1.2,2014-02-22,0252,Terra,MODIS,100,6.2,314.7,153.3,D,0
-41.4166,147.1551,318.4,1.6,1.2,2014-02-22,0352,Aqua,MODIS,76,6.2,302.9,16.5,D,0
-37.5086,148.5929,322.6,1.2,1.1,2014-02-22,0353,Aqua,MODIS,81,6.2,293,24.3,D,0
-37.4798,148.4886,328.7,1.2,1.1,2014-02-22,0353,Aqua,MODIS,82,6.2,294.5,29.9,D,0
-37.5637,148.3647,325.1,1.2,1.1,2014-02-22,0353,Aqua,MODIS,58,6.2,296.4,24.4,D,0
-37.5975,148.4286,327.7,1.2,1.1,2014-02-22,0353,Aqua,MODIS,83,6.2,295.3,28.1,D,0
-37.4935,148.5472,332,1.2,1.1,2014-02-22,0353,Aqua,MODIS,68,6.2,297.2,33.4,D,0
-37.2358,148.667,313.8,1.2,1.1,2014-02-22,0353,Aqua,MODIS,70,6.2,291.9,14.6,D,0
-37.5722,148.3806,331.4,1.2,1.1,2014-02-22,0353,Aqua,MODIS,72,6.2,296.3,34.4,D,0
-37.4767,148.5161,330.4,1.2,1.1,2014-02-22,0353,Aqua,MODIS,86,6.2,296.3,33.7,D,0
-37.3581,148.3141,308.6,1.2,1.1,2014-02-22,0353,Aqua,MODIS,64,6.2,291.3,10.1,D,0
-37.3805,148.0227,339.4,1.3,1.1,2014-02-22,0353,Aqua,MODIS,91,6.2,295.9,56.2,D,0
-37.566,148.3598,322.3,1.2,1.1,2014-02-22,0353,Aqua,MODIS,63,6.2,296,19.6,D,0
-37.3204,148.3763,330.1,1.2,1.1,2014-02-22,0353,Aqua,MODIS,65,6.2,299.4,31.9,D,0
-37.4683,148.5008,330.6,1.2,1.1,2014-02-22,0353,Aqua,MODIS,86,6.2,296.4,32.6,D,0
-37.4836,148.5455,343.2,1.2,1.1,2014-02-22,0353,Aqua,MODIS,93,6.2,297.7,58.2,D,0
-37.3604,148.6442,313.3,1.2,1.1,2014-02-22,0353,Aqua,MODIS,55,6.2,293.3,11.3,D,0
-37.3854,148.69,312.1,1.2,1.1,2014-02-22,0353,Aqua,MODIS,37,6.2,293.2,10.6,D,0
-37.4167,148.6814,321.1,1.2,1.1,2014-02-22,0353,Aqua,MODIS,79,6.2,293.2,21.5,D,0
-37.4626,148.6407,315.1,1.2,1.1,2014-02-22,0353,Aqua,MODIS,50,6.2,292.3,13.2,D,0
-37.5549,148.5353,345.4,1.2,1.1,2014-02-22,0353,Aqua,MODIS,53,6.2,296.1,61,D,0
-37.5118,148.5651,334.1,1.2,1.1,2014-02-22,0353,Aqua,MODIS,83,6.2,295.5,39.8,D,0
-37.2512,148.3586,323.3,1.2,1.1,2014-02-22,0353,Aqua,MODIS,75,6.2,298,20,D,0
-37.5102,148.579,317.4,1.2,1.1,2014-02-22,0353,Aqua,MODIS,70,6.2,293.5,16.4,D,0
-37.4344,148.6158,316.3,1.2,1.1,2014-02-22,0353,Aqua,MODIS,28,6.2,291.7,13.9,D,0
-37.6344,148.4634,319.7,1.2,1.1,2014-02-22,0353,Aqua,MODIS,27,6.2,295.4,16.3,D,0
-37.5565,148.5212,339.6,1.2,1.1,2014-02-22,0353,Aqua,MODIS,48,6.2,296,46.2,D,0
-37.4713,148.4734,320.6,1.2,1.1,2014-02-22,0353,Aqua,MODIS,72,6.2,294.5,18.4,D,0
-37.5134,148.5508,332.4,1.2,1.1,2014-02-22,0353,Aqua,MODIS,65,6.2,296.5,35.7,D,0
-37.5575,148.3441,333.8,1.2,1.1,2014-02-22,0353,Aqua,MODIS,80,6.2,297.7,37.8,D,0
-37.5653,148.3505,322.6,1.2,1.1,2014-02-22,0353,Aqua,MODIS,49,6.2,296.1,21.4,D,0
-37.6028,148.4725,354.5,1.2,1.1,2014-02-22,0353,Aqua,MODIS,97,6.2,295.8,89,D,0
-37.4851,148.5318,334.9,1.2,1.1,2014-02-22,0353,Aqua,MODIS,89,6.2,297.5,39.9,D,0
-37.4751,148.5304,339.8,1.2,1.1,2014-02-22,0353,Aqua,MODIS,91,6.2,296.7,51,D,0
-37.5764,148.5251,321.9,1.2,1.1,2014-02-22,0353,Aqua,MODIS,30,6.2,293.9,19.9,D,0
-37.6044,148.4585,326.8,1.2,1.1,2014-02-22,0353,Aqua,MODIS,48,6.2,295.5,24.4,D,0
-37.415,148.6955,309.9,1.2,1.1,2014-02-22,0353,Aqua,MODIS,38,6.2,291.2,10.1,D,0
-37.5559,148.3583,371.4,1.2,1.1,2014-02-22,0353,Aqua,MODIS,100,6.2,298.5,156.9,D,0
-37.578,148.5114,328.1,1.2,1.1,2014-02-22,0353,Aqua,MODIS,44,6.2,294.6,27.8,D,0
-37.4698,148.4874,329.1,1.2,1.1,2014-02-22,0353,Aqua,MODIS,85,6.2,295.9,30.6,D,0
-37.636,148.4494,321.3,1.2,1.1,2014-02-22,0353,Aqua,MODIS,43,6.2,296.7,18.4,D,0
-37.4323,148.459,324,1.2,1.1,2014-02-22,0353,Aqua,MODIS,59,6.2,300.1,18.3,D,0
-37.6112,148.4884,333.9,1.2,1.1,2014-02-22,0353,Aqua,MODIS,42,6.2,294.9,36.5,D,0
-37.39,148.304,309,1.2,1.1,2014-02-22,0353,Aqua,MODIS,39,6.2,294.2,8.6,D,0
-37.4642,148.6269,321.5,1.2,1.1,2014-02-22,0353,Aqua,MODIS,80,6.2,294.6,21.8,D,0
-37.5665,148.5234,353.4,1.2,1.1,2014-02-22,0353,Aqua,MODIS,95,6.2,297.3,83.8,D,0
-37.4783,148.5023,341.8,1.2,1.1,2014-02-22,0353,Aqua,MODIS,92,6.2,297.4,56,D,0
-37.2374,148.6535,303.9,1.2,1.1,2014-02-22,0353,Aqua,MODIS,12,6.2,291,5.8,D,0
-37.3088,148.3892,327.8,1.2,1.1,2014-02-22,0353,Aqua,MODIS,71,6.2,298.2,27.6,D,0
-37.4939,148.6326,311.7,1.2,1.1,2014-02-22,0353,Aqua,MODIS,45,6.2,291.6,11.5,D,0
-37.1259,148.5727,319.2,1.2,1.1,2014-02-22,0353,Aqua,MODIS,73,6.2,297.7,14.9,D,0
-34.0417,148.7188,328.8,1.1,1,2014-02-22,0354,Aqua,MODIS,69,6.2,313.4,10.5,D,0
-32.7493,147.4149,327.7,1.2,1.1,2014-02-22,0354,Aqua,MODIS,57,6.2,313.4,11.5,D,0
-32.7483,147.4202,336.7,1.2,1.1,2014-02-22,0354,Aqua,MODIS,81,6.2,313.1,27.8,D,0
-23.7562,146.4367,320.7,1.1,1,2014-02-22,0356,Aqua,MODIS,43,6.2,300.5,8.1,D,0
-23.7655,146.4382,322.6,1.1,1,2014-02-22,0356,Aqua,MODIS,61,6.2,301.8,11.7,D,0
-23.7548,146.4474,330.1,1.1,1,2014-02-22,0356,Aqua,MODIS,81,6.2,301.9,20,D,0
-23.5555,148.5688,333.5,1,1,2014-02-22,0356,Aqua,MODIS,74,6.2,303.6,18.3,D,0
-23.0878,150.2181,327.1,1.1,1,2014-02-22,0356,Aqua,MODIS,71,6.2,302.4,16.1,D,0
-23.0894,150.2076,329.7,1.1,1,2014-02-22,0356,Aqua,MODIS,75,6.2,302.9,19,D,0
-23.6626,149.0315,340.7,1,1,2014-02-22,0356,Aqua,MODIS,89,6.2,297.3,36.2,D,0
-23.2332,149.9144,325.1,1.1,1,2014-02-22,0356,Aqua,MODIS,66,6.2,301.2,10.8,D,0
-20.7107,148.018,332.3,1,1,2014-02-22,0357,Aqua,MODIS,80,6.2,305.1,18.6,D,0
-32.7206,119.6882,327.4,1.8,1.3,2014-02-22,0533,Aqua,MODIS,44,6.2,310.8,26.5,D,0
-21.6976,116.9968,338.7,2,1.4,2014-02-22,0536,Aqua,MODIS,55,6.2,323,28.7,D,0
-21.6951,116.9898,342.5,2,1.4,2014-02-22,0536,Aqua,MODIS,83,6.2,323,48.5,D,0
-38.2496,146.3731,309.6,1.1,1,2014-02-22,1317,Terra,MODIS,23,6.2,286.9,11.5,N,2
-38.2404,146.3704,304.3,1.1,1,2014-02-22,1317,Terra,MODIS,20,6.2,283.6,8,N,0
-38.255,146.3992,320.9,1.1,1,2014-02-22,1317,Terra,MODIS,45,6.2,287.2,20.7,N,2
-38.2569,146.3873,361.8,1.1,1,2014-02-22,1317,Terra,MODIS,100,6.2,293.2,99.1,N,2
-38.2477,146.385,354.9,1.1,1,2014-02-22,1317,Terra,MODIS,100,6.2,292,80.5,N,2
-38.2459,146.3793,302.4,1.8,1.3,2014-02-22,1456,Aqua,MODIS,49,6.2,281.3,20.5,N,2
-38.2534,146.3915,301.9,1.8,1.3,2014-02-22,1456,Aqua,MODIS,25,6.2,281.6,18.2,N,2
-30.8689,121.4843,306.7,1.3,1.1,2014-02-22,1458,Terra,MODIS,69,6.2,291.4,11.4,N,0
-30.8666,121.4976,316.8,1.3,1.1,2014-02-22,1458,Terra,MODIS,94,6.2,291.2,22.2,N,2
-27.0415,114.4869,316.5,1.1,1.1,2014-02-22,1459,Terra,MODIS,93,6.2,298.4,14.1,N,0
-27.0429,114.4757,308.1,1.1,1.1,2014-02-22,1459,Terra,MODIS,72,6.2,297.4,6.6,N,0
-27.032,114.4854,317.6,1.1,1.1,2014-02-22,1459,Terra,MODIS,95,6.2,298.3,15,N,0
-21.6937,116.9928,325.3,1.1,1,2014-02-22,1500,Terra,MODIS,66,6.2,289.5,24.6,N,0
-21.7465,116.7386,305.7,2.9,1.6,2014-02-22,1809,Aqua,MODIS,63,6.2,294,23.2,N,0
-21.6973,117.0027,305.3,3,1.7,2014-02-22,1809,Aqua,MODIS,64,6.2,292.8,28.5,N,0
-30.3002,148.8993,323.8,1,1,2014-02-23,0019,Terra,MODIS,61,6.2,307.8,7,D,0
-30.3017,148.9099,324.6,1,1,2014-02-23,0019,Terra,MODIS,69,6.2,309,8.2,D,0
-37.4837,148.6281,313.7,1.1,1.1,2014-02-23,0020,Terra,MODIS,51,6.2,292.9,11.8,D,0
-37.6077,148.494,328.2,1.1,1.1,2014-02-23,0020,Terra,MODIS,62,6.2,294.2,26.3,D,0
-37.4128,148.6343,323.5,1.1,1.1,2014-02-23,0020,Terra,MODIS,54,6.2,293.4,20.5,D,0
-37.6013,148.4431,316,1.1,1.1,2014-02-23,0020,Terra,MODIS,72,6.2,293.2,13.8,D,0
-37.429,148.0353,304.7,1.1,1,2014-02-23,0020,Terra,MODIS,39,6.2,292.8,4.7,D,0
-37.3578,148.3476,306.3,1.1,1,2014-02-23,0020,Terra,MODIS,23,6.2,293.6,4.8,D,0
-37.4608,148.626,323.3,1.1,1.1,2014-02-23,0020,Terra,MODIS,34,6.2,294.1,20.6,D,0
-37.4852,148.6407,304.2,1.1,1.1,2014-02-23,0020,Terra,MODIS,43,6.2,292.1,5.4,D,0
-37.5588,148.5225,344.8,1.1,1.1,2014-02-23,0020,Terra,MODIS,94,6.2,295.6,55.5,D,0
-37.4223,148.6321,330.8,1.1,1.1,2014-02-23,0020,Terra,MODIS,68,6.2,293,30.9,D,0
-37.5493,148.5244,327.1,1.1,1.1,2014-02-23,0020,Terra,MODIS,48,6.2,294.7,24.4,D,0
-37.4319,148.6303,319.8,1.1,1.1,2014-02-23,0020,Terra,MODIS,39,6.2,291.1,16.7,D,0
-37.4099,148.4532,307.4,1.1,1.1,2014-02-23,0020,Terra,MODIS,41,6.2,295,4.8,D,0
-37.4274,148.0226,307.7,1.1,1,2014-02-23,0020,Terra,MODIS,57,6.2,291.3,7.1,D,0
-37.5822,148.525,328.4,1.1,1.1,2014-02-23,0020,Terra,MODIS,33,6.2,294.5,26.3,D,0
-37.3749,148.0273,304.5,1.1,1,2014-02-23,0020,Terra,MODIS,41,6.2,293.7,4.5,D,0
-37.563,148.5287,327,1.1,1.1,2014-02-23,0020,Terra,MODIS,57,6.2,294.8,24.2,D,0
-37.4839,148.5499,323.4,1.1,1.1,2014-02-23,0020,Terra,MODIS,26,6.2,294.2,18.6,D,0
-37.4823,148.5369,320.9,1.1,1.1,2014-02-23,0020,Terra,MODIS,38,6.2,293.5,16.4,D,0
-37.2338,148.6658,315.9,1.1,1.1,2014-02-23,0020,Terra,MODIS,75,6.2,291.6,16.5,D,0
-37.4744,148.4729,310.8,1.1,1.1,2014-02-23,0020,Terra,MODIS,25,6.2,291,8.7,D,0
-37.5901,148.5102,323.2,1.1,1.1,2014-02-23,0020,Terra,MODIS,33,6.2,292.5,19.7,D,0
-37.587,148.4069,311.9,1.1,1.1,2014-02-23,0020,Terra,MODIS,56,6.2,291.6,10.6,D,0
-37.5965,148.4827,325.4,1.1,1.1,2014-02-23,0020,Terra,MODIS,48,6.2,292.5,22.1,D,0
-37.2322,148.6529,310.6,1.1,1.1,2014-02-23,0020,Terra,MODIS,68,6.2,290.9,11.6,D,0
-37.6332,148.4634,313.5,1.1,1.1,2014-02-23,0021,Terra,MODIS,32,6.2,293.4,10.6,D,0
-38.0855,142.5195,328.4,1.2,1.1,2014-02-23,0021,Terra,MODIS,82,6.2,302,24.8,D,0
-38.2448,146.3871,346.9,1,1,2014-02-23,0021,Terra,MODIS,94,6.2,302.1,47.8,D,2
-38.2538,146.3851,341.2,1,1,2014-02-23,0021,Terra,MODIS,89,6.2,306.3,35.6,D,2
-38.2554,146.3966,342.3,1,1,2014-02-23,0021,Terra,MODIS,92,6.2,304.7,38.3,D,2
-38.2464,146.3986,320.7,1,1,2014-02-23,0021,Terra,MODIS,24,6.2,300.1,9.6,D,2
-18.4598,124.8107,326.1,1,1,2014-02-23,0154,Terra,MODIS,49,6.2,314.2,7,D,0
-18.2648,125.2184,328.3,1,1,2014-02-23,0154,Terra,MODIS,61,6.2,313.9,8.6,D,0
-18.2724,125.2074,328.5,1,1,2014-02-23,0154,Terra,MODIS,59,6.2,313.8,9,D,0
-18.2817,125.1469,330.8,1,1,2014-02-23,0154,Terra,MODIS,74,6.2,315.3,11.7,D,0
-30.868,121.4898,338.9,1,1,2014-02-23,0158,Terra,MODIS,87,6.2,306,29.9,D,2
-38.2627,146.3893,356.8,1.4,1.2,2014-02-23,0435,Aqua,MODIS,85,6.2,312.9,104.6,D,2
-38.2522,146.3868,356.5,1.4,1.2,2014-02-23,0435,Aqua,MODIS,98,6.2,311.3,102.4,D,2
-37.4782,148.6392,358.1,1.9,1.4,2014-02-23,0435,Aqua,MODIS,99,6.2,298.5,196.8,D,0
-37.466,148.6359,375.9,1.9,1.4,2014-02-23,0435,Aqua,MODIS,100,6.2,301.1,344,D,0
-37.5077,148.5593,337.9,1.9,1.4,2014-02-23,0435,Aqua,MODIS,65,6.2,299.2,83,D,0
-37.4161,148.6887,315.1,2,1.4,2014-02-23,0435,Aqua,MODIS,53,6.2,297.8,24.7,D,0
-37.511,148.5669,334.2,1.9,1.4,2014-02-23,0435,Aqua,MODIS,62,6.2,299,71.2,D,0
-37.5746,148.3862,314.9,1.9,1.3,2014-02-23,0435,Aqua,MODIS,44,6.2,294.9,21.8,D,0
-37.2975,148.7957,309.1,2,1.4,2014-02-23,0435,Aqua,MODIS,49,6.2,294.3,18.8,D,0
-37.2358,148.6559,313.8,2,1.4,2014-02-23,0435,Aqua,MODIS,68,6.2,294.5,26.4,D,0
-37.5448,148.5028,326.9,1.9,1.3,2014-02-23,0435,Aqua,MODIS,79,6.2,296.1,49,D,0
-37.4291,148.6162,315.5,1.9,1.4,2014-02-23,0435,Aqua,MODIS,26,6.2,295.1,21.7,D,0
-37.5483,148.5115,336.4,1.9,1.3,2014-02-23,0435,Aqua,MODIS,88,6.2,296.7,81.3,D,0
-37.4125,148.0507,309.3,1.8,1.3,2014-02-23,0435,Aqua,MODIS,41,6.2,298.3,11.3,D,0
-37.3817,148.0189,311.1,1.8,1.3,2014-02-23,0435,Aqua,MODIS,52,6.2,299,13.8,D,0
-37.4738,148.6603,373.4,1.9,1.4,2014-02-23,0435,Aqua,MODIS,100,6.2,293.6,325,D,0
-37.5,148.5344,329.4,1.9,1.3,2014-02-23,0435,Aqua,MODIS,50,6.2,297,52.8,D,0
-37.5602,148.5157,342,1.9,1.3,2014-02-23,0435,Aqua,MODIS,91,6.2,298,105.4,D,0
-37.6047,148.4854,323.5,1.9,1.3,2014-02-23,0435,Aqua,MODIS,40,6.2,296,38.7,D,0
-37.4304,148.6214,317.5,1.9,1.4,2014-02-23,0435,Aqua,MODIS,50,6.2,295,26.6,D,0
-37.4825,148.6185,343,1.9,1.4,2014-02-23,0435,Aqua,MODIS,79,6.2,298.2,107.1,D,0
-37.2352,148.65,312.4,2,1.4,2014-02-23,0435,Aqua,MODIS,64,6.2,294.4,22.3,D,0
-18.6327,127.5773,326.6,3.2,1.7,2014-02-23,0441,Aqua,MODIS,74,6.2,306.2,59,D,0
-27.0732,114.4476,342.1,1,1,2014-02-23,0617,Aqua,MODIS,83,6.2,325.1,19.1,D,0
-27.1955,114.1119,338.6,1,1,2014-02-23,0617,Aqua,MODIS,77,6.2,319,18,D,0
-27.0173,114.5103,360.4,1,1,2014-02-23,0617,Aqua,MODIS,100,6.2,322.6,59.2,D,0
-27.031,114.4815,343.8,1,1,2014-02-23,0617,Aqua,MODIS,48,6.2,325.8,18.9,D,0
-27.0294,114.4916,371.9,1,1,2014-02-23,0617,Aqua,MODIS,100,6.2,330.2,91.5,D,0
-27.0279,114.5018,367,1,1,2014-02-23,0617,Aqua,MODIS,100,6.2,328.4,76.7,D,0
-27.0189,114.5001,356.4,1,1,2014-02-23,0617,Aqua,MODIS,91,6.2,322.8,46.6,D,0
-27.0264,114.512,343.5,1,1,2014-02-23,0617,Aqua,MODIS,58,6.2,326.5,21.5,D,0
-27.04,114.4832,359.4,1,1,2014-02-23,0617,Aqua,MODIS,99,6.2,327.9,54.6,D,0
-27.0385,114.4933,346.6,1,1,2014-02-23,0617,Aqua,MODIS,37,6.2,328,22.7,D,0
-20.7115,119.3465,331.5,2.3,1.5,2014-02-23,0619,Aqua,MODIS,51,6.2,317.2,22.7,D,0
-20.6026,116.7818,332,1.5,1.2,2014-02-23,0619,Aqua,MODIS,75,6.2,315.3,22.1,D,2
-21.1321,118.4891,341.1,2,1.4,2014-02-23,0619,Aqua,MODIS,82,6.2,320.4,52.1,D,0
-21.1199,118.4865,333.8,2,1.4,2014-02-23,0619,Aqua,MODIS,67,6.2,318.4,22.8,D,0
-37.3514,148.3255,307.2,2.9,1.6,2014-02-23,1222,Terra,MODIS,71,6.2,287.5,44.1,N,0
-37.5335,148.5107,313.2,2.8,1.6,2014-02-23,1222,Terra,MODIS,87,6.2,287.7,57.9,N,0
-37.5782,148.5215,307.7,2.8,1.6,2014-02-23,1222,Terra,MODIS,72,6.2,287.8,40.6,N,0
-37.549,148.5181,317.6,2.8,1.6,2014-02-23,1222,Terra,MODIS,95,6.2,288.9,72.8,N,0
-37.3517,148.3312,310.1,2.9,1.6,2014-02-23,1222,Terra,MODIS,79,6.2,287.8,50.1,N,0
-37.5344,148.5171,313.3,2.8,1.6,2014-02-23,1222,Terra,MODIS,87,6.2,288,57.8,N,0
-37.5481,148.5117,317.7,2.8,1.6,2014-02-23,1222,Terra,MODIS,95,6.2,288.6,75,N,0
-37.4219,148.6261,302.4,2.8,1.6,2014-02-23,1222,Terra,MODIS,18,6.2,287.8,23.8,N,0
-37.4527,148.6308,307.6,2.8,1.6,2014-02-23,1222,Terra,MODIS,25,6.2,288.4,34.5,N,0
-37.4877,148.5378,302.6,2.8,1.6,2014-02-23,1222,Terra,MODIS,7,6.2,287.9,23.4,N,0
-28.2592,147.2389,307.4,2.7,1.6,2014-02-23,1224,Terra,MODIS,71,6.2,291,34.9,N,0
-28.174,151.3731,305.7,1.4,1.2,2014-02-23,1224,Terra,MODIS,65,6.2,290.1,12,N,0
-28.1724,151.3876,301.9,1.4,1.2,2014-02-23,1224,Terra,MODIS,45,6.2,289.5,8.5,N,0
-28.1684,151.3812,303.1,1.4,1.2,2014-02-23,1224,Terra,MODIS,41,6.2,289.8,8.6,N,0
-29.3287,149.1451,305.4,2,1.4,2014-02-23,1224,Terra,MODIS,64,6.2,292.5,18.4,N,0
-26.8335,150.1895,303.5,1.6,1.2,2014-02-23,1225,Terra,MODIS,55,6.2,292,9.3,N,0
-26.8332,150.2003,302.6,1.6,1.2,2014-02-23,1225,Terra,MODIS,50,6.2,292,9.1,N,0
-22.2648,149.0278,309.8,1.7,1.3,2014-02-23,1226,Terra,MODIS,78,6.2,290.4,19.4,N,0
-38.2556,146.3717,323.8,3.9,1.8,2014-02-23,1400,Terra,MODIS,100,6.2,286.8,175.1,N,2
-38.2594,146.3797,317.9,3.9,1.8,2014-02-23,1400,Terra,MODIS,95,6.2,286.4,130.2,N,2
-18.6341,127.5939,311.9,1,1,2014-02-23,1406,Terra,MODIS,84,6.2,289,10.9,N,0
-18.6354,127.5842,314.2,1,1,2014-02-23,1406,Terra,MODIS,89,6.2,288.2,12.9,N,0
-22.2674,149.0309,306.3,1.1,1.1,2014-02-23,1535,Aqua,MODIS,68,6.2,290.9,7.9,N,0
-28.2503,147.2499,305.9,1.1,1,2014-02-23,1536,Aqua,MODIS,66,6.2,291.4,7.9,N,0
-28.2543,147.2424,301.5,1.1,1,2014-02-23,1536,Aqua,MODIS,42,6.2,291,5.3,N,0
-28.2557,147.2534,315.1,1.1,1,2014-02-23,1536,Aqua,MODIS,91,6.2,292,15.7,N,0
-37.2522,148.6444,312.9,1.6,1.2,2014-02-23,1539,Aqua,MODIS,86,6.2,286.7,26.3,N,0
-37.5685,148.3998,301,1.6,1.2,2014-02-23,1539,Aqua,MODIS,35,6.2,286.5,11.4,N,0
-37.4546,148.626,311.4,1.6,1.2,2014-02-23,1539,Aqua,MODIS,25,6.2,288.1,20.6,N,0
-37.2514,148.6303,308.8,1.6,1.2,2014-02-23,1539,Aqua,MODIS,76,6.2,285.5,21.5,N,0
-37.5696,148.5275,326.7,1.6,1.2,2014-02-23,1539,Aqua,MODIS,100,6.2,289.5,50.1,N,0
-37.3466,148.3346,315.2,1.5,1.2,2014-02-23,1539,Aqua,MODIS,91,6.2,288.1,28.3,N,0
-37.4815,148.5482,304.1,1.6,1.2,2014-02-23,1539,Aqua,MODIS,33,6.2,287.6,12.9,N,0
-37.3487,148.3551,300.2,1.5,1.2,2014-02-23,1539,Aqua,MODIS,15,6.2,287.3,9.4,N,0
-37.42,148.6162,301.8,1.6,1.2,2014-02-23,1539,Aqua,MODIS,6,6.2,287.1,10.6,N,0
-37.4217,148.6335,318.6,1.6,1.2,2014-02-23,1539,Aqua,MODIS,97,6.2,288.9,34.2,N,0
-37.5471,148.5316,317,1.6,1.2,2014-02-23,1539,Aqua,MODIS,27,6.2,289,29.8,N,0
-37.2534,148.6504,305.1,1.6,1.2,2014-02-23,1539,Aqua,MODIS,63,6.2,286.3,16.6,N,0
-37.4104,148.6357,305.5,1.6,1.2,2014-02-23,1539,Aqua,MODIS,58,6.2,287.4,15.4,N,0
-38.2418,146.3826,319.1,1.2,1.1,2014-02-23,1539,Aqua,MODIS,98,6.2,287.6,26.7,N,2
-38.252,146.3812,310.8,1.2,1.1,2014-02-23,1539,Aqua,MODIS,81,6.2,287.9,17,N,2
-38.2536,146.3952,347.4,1.3,1.1,2014-02-23,1539,Aqua,MODIS,100,6.2,291.8,82.7,N,2
-38.2435,146.3968,324.4,1.3,1.1,2014-02-23,1539,Aqua,MODIS,100,6.2,288.4,34.2,N,2
-18.6296,127.5862,302.3,1.6,1.2,2014-02-23,1713,Aqua,MODIS,48,6.2,290.8,8.5,N,0
-22.4322,117.4504,313.9,1.5,1.2,2014-02-23,1714,Aqua,MODIS,88,6.2,296,18.8,N,0
-22.4464,117.4569,336.3,1.5,1.2,2014-02-23,1714,Aqua,MODIS,100,6.2,297.6,64.2,N,0
-22.4438,117.4422,376,1.5,1.2,2014-02-23,1714,Aqua,MODIS,100,6.2,300,246.8,N,0
-22.4412,117.4275,303.8,1.5,1.2,2014-02-23,1714,Aqua,MODIS,15,6.2,293.4,6.2,N,0
-22.4354,117.4579,306,1.5,1.2,2014-02-23,1714,Aqua,MODIS,23,6.2,295.8,8.9,N,0
-22.4328,117.4437,321.6,1.5,1.2,2014-02-23,1714,Aqua,MODIS,100,6.2,296,32.1,N,0
-22.4302,117.4292,305,1.5,1.2,2014-02-23,1714,Aqua,MODIS,21,6.2,294.9,7.7,N,0
-22.4297,117.436,311.4,1.5,1.2,2014-02-23,1714,Aqua,MODIS,76,6.2,295.4,15.4,N,0
-30.8678,121.4979,311.7,1.1,1,2014-02-23,1716,Aqua,MODIS,83,6.2,292.2,12,N,2
-38.2506,146.4021,310.7,4.2,1.9,2014-02-23,2326,Terra,MODIS,42,6.2,293.9,53.2,D,2
-37.5689,148.3777,300.9,3.4,1.7,2014-02-23,2326,Terra,MODIS,16,6.2,289.6,17.9,D,0
-34.1047,137.9216,321.7,1.1,1,2014-02-24,0103,Terra,MODIS,56,6.2,308.6,6.5,D,0
-34.1032,137.9101,322.7,1.1,1,2014-02-24,0103,Terra,MODIS,60,6.2,308.9,7.5,D,0
-38.2607,146.3612,317.9,3.6,1.8,2014-02-24,0104,Terra,MODIS,12,6.2,300.3,59.5,D,2
-38.2466,146.4037,321.7,3.6,1.8,2014-02-24,0104,Terra,MODIS,75,6.2,298.4,81.4,D,2
-38.2539,146.3986,336.8,3.6,1.8,2014-02-24,0104,Terra,MODIS,88,6.2,299.8,204.5,D,2
-38.2628,146.4019,328.7,3.6,1.8,2014-02-24,0104,Terra,MODIS,82,6.2,298.8,128,D,2
-21.2364,117.1776,343.1,1.2,1.1,2014-02-24,0238,Terra,MODIS,86,6.2,315.5,34.8,D,0
-21.7532,116.7053,344.8,1.1,1.1,2014-02-24,0238,Terra,MODIS,87,6.2,314.9,37.1,D,0
-21.7547,116.7161,338.3,1.1,1.1,2014-02-24,0238,Terra,MODIS,69,6.2,316.2,22.3,D,0
-21.7627,116.7039,349.4,1.1,1.1,2014-02-24,0238,Terra,MODIS,92,6.2,314.3,48.8,D,0
-21.7642,116.7147,342,1.1,1.1,2014-02-24,0238,Terra,MODIS,84,6.2,316,30.6,D,0
-21.7276,116.7311,342.7,1.1,1.1,2014-02-24,0238,Terra,MODIS,85,6.2,316.4,31.1,D,0
-21.729,116.7419,339.7,1.1,1.1,2014-02-24,0238,Terra,MODIS,77,6.2,318.4,24,D,0
-21.2379,117.1889,365.5,1.2,1.1,2014-02-24,0238,Terra,MODIS,100,6.2,318.9,101.3,D,0
-22.3271,120.9326,328.8,2.1,1.4,2014-02-24,0238,Terra,MODIS,67,6.2,311.6,32.9,D,0
-22.4583,117.4237,346.1,1.2,1.1,2014-02-24,0238,Terra,MODIS,80,6.2,306.7,49.4,D,0
-22.4652,117.3984,339.5,1.2,1.1,2014-02-24,0238,Terra,MODIS,82,6.2,308.1,40.3,D,0
-22.4667,117.4102,355.9,1.2,1.1,2014-02-24,0238,Terra,MODIS,97,6.2,309,82.8,D,0
-22.4483,117.4251,340.4,1.2,1.1,2014-02-24,0238,Terra,MODIS,38,6.2,315,30.2,D,0
-22.4553,117.4002,347.9,1.2,1.1,2014-02-24,0238,Terra,MODIS,91,6.2,312.6,59.9,D,0
-33.8498,117.9605,337.7,1.9,1.3,2014-02-24,0241,Terra,MODIS,85,6.2,311.3,55.3,D,0
-33.8479,117.9403,341,1.9,1.3,2014-02-24,0241,Terra,MODIS,87,6.2,312.2,68.4,D,0
-30.3993,116.5514,333,1.4,1.2,2014-02-24,0241,Terra,MODIS,70,6.2,319.9,14.8,D,0
-30.3257,116.6121,338.4,1.4,1.2,2014-02-24,0241,Terra,MODIS,81,6.2,318.3,28.2,D,0
-31.2752,117.6034,329.7,1.6,1.3,2014-02-24,0241,Terra,MODIS,50,6.2,315.7,13.3,D,0
-30.5118,116.6463,331.6,1.4,1.2,2014-02-24,0241,Terra,MODIS,66,6.2,317.2,14,D,0
-30.9041,118.0594,334.9,1.7,1.3,2014-02-24,0241,Terra,MODIS,76,6.2,315.9,35.2,D,0
-30.9112,118.0528,329,1.7,1.3,2014-02-24,0241,Terra,MODIS,58,6.2,315.8,18.4,D,0
-30.913,118.0711,332.9,1.7,1.3,2014-02-24,0241,Terra,MODIS,73,6.2,313.9,29.1,D,0
-31.1802,117.6748,335.4,1.6,1.3,2014-02-24,0241,Terra,MODIS,77,6.2,317.5,28.3,D,0
-31.182,117.6922,336.6,1.6,1.3,2014-02-24,0241,Terra,MODIS,79,6.2,318,32.2,D,0
-30.4098,116.5498,335.7,1.4,1.2,2014-02-24,0241,Terra,MODIS,76,6.2,319.5,21.5,D,0
-30.3152,116.6136,335.4,1.4,1.2,2014-02-24,0241,Terra,MODIS,76,6.2,320.6,21.7,D,0
-31.2866,117.602,333.8,1.6,1.3,2014-02-24,0241,Terra,MODIS,74,6.2,317.2,25.4,D,0
-30.5135,116.6609,347,1.4,1.2,2014-02-24,0241,Terra,MODIS,90,6.2,318.4,55.7,D,0
-38.2656,146.3889,322.8,2.5,1.5,2014-02-24,0340,Aqua,MODIS,66,6.2,304.4,36.1,D,2
-38.2606,146.3834,327.2,2.5,1.5,2014-02-24,0340,Aqua,MODIS,80,6.2,305.4,51.7,D,2
-37.4184,148.7068,322.2,1.8,1.3,2014-02-24,0340,Aqua,MODIS,79,6.2,294,38.9,D,0
-37.2845,148.3792,316.3,1.8,1.3,2014-02-24,0340,Aqua,MODIS,40,6.2,300.5,18.5,D,0
-37.586,148.5077,317.7,1.8,1.3,2014-02-24,0340,Aqua,MODIS,38,6.2,296.7,24.6,D,0
-37.4224,148.0226,311.6,1.9,1.4,2014-02-24,0340,Aqua,MODIS,58,6.2,297.3,16.3,D,0
-37.3589,148.3389,321.4,1.8,1.3,2014-02-24,0340,Aqua,MODIS,77,6.2,297.9,35.5,D,0
-37.4349,148.0231,313.8,1.9,1.4,2014-02-24,0340,Aqua,MODIS,68,6.2,297.6,21,D,0
-37.5484,148.5222,328,1.8,1.3,2014-02-24,0340,Aqua,MODIS,52,6.2,298.1,48.1,D,0
-37.4203,148.6853,333.9,1.8,1.3,2014-02-24,0340,Aqua,MODIS,87,6.2,295.6,68.8,D,0
-37.4257,148.6791,320.8,1.8,1.3,2014-02-24,0340,Aqua,MODIS,77,6.2,295.5,35.4,D,0
-37.5627,148.3552,315.9,1.8,1.3,2014-02-24,0340,Aqua,MODIS,27,6.2,295.7,20.6,D,0
-37.573,148.3777,314.7,1.8,1.3,2014-02-24,0340,Aqua,MODIS,43,6.2,295.8,19.9,D,0
-37.5711,148.3995,315.9,1.8,1.3,2014-02-24,0340,Aqua,MODIS,45,6.2,295.2,20,D,0
-37.4253,148.6276,312.3,1.8,1.3,2014-02-24,0340,Aqua,MODIS,16,6.2,294.4,13.9,D,0
-37.4238,148.6997,330.3,1.8,1.3,2014-02-24,0340,Aqua,MODIS,85,6.2,294.8,62.1,D,0
-37.2558,148.6362,308,1.8,1.3,2014-02-24,0340,Aqua,MODIS,54,6.2,294.3,14.5,D,0
-37.2612,148.63,311,1.8,1.3,2014-02-24,0340,Aqua,MODIS,59,6.2,294.9,18.6,D,0
-37.5198,148.5136,324,1.8,1.3,2014-02-24,0340,Aqua,MODIS,32,6.2,297.1,35.6,D,0
-37.4612,148.6296,313.3,1.8,1.3,2014-02-24,0340,Aqua,MODIS,67,6.2,296,18.1,D,0
-37.355,148.3351,314.9,1.8,1.3,2014-02-24,0340,Aqua,MODIS,56,6.2,296.8,22.7,D,0
-37.4272,148.6056,314.1,1.8,1.3,2014-02-24,0340,Aqua,MODIS,33,6.2,295.6,15.9,D,0
-37.1796,148.7381,318.9,1.7,1.3,2014-02-24,0340,Aqua,MODIS,75,6.2,296.2,31.8,D,0
-37.6398,148.4501,310,1.8,1.3,2014-02-24,0340,Aqua,MODIS,47,6.2,295.8,14.5,D,0
-37.431,148.6212,314.7,1.8,1.3,2014-02-24,0340,Aqua,MODIS,67,6.2,294.5,21,D,0
-33.846,150.8953,322.1,1.2,1.1,2014-02-24,0341,Aqua,MODIS,39,6.2,305.5,12.3,D,0
-34.4667,150.8752,322.8,1.2,1.1,2014-02-24,0341,Aqua,MODIS,62,6.2,305.5,12.6,D,2
-33.9289,147.809,332.5,1.8,1.3,2014-02-24,0341,Aqua,MODIS,77,6.2,314.3,30.6,D,0
-34.4651,150.8885,320.4,1.2,1.1,2014-02-24,0341,Aqua,MODIS,0,6.2,302.1,9.4,D,2
-31.5488,152.7821,319.1,1,1,2014-02-24,0342,Aqua,MODIS,58,6.2,291.6,12.7,D,0
-33.1864,146.5862,333.2,2.1,1.4,2014-02-24,0342,Aqua,MODIS,73,6.2,311.9,32.9,D,0
-33.1736,146.5846,331.5,2.1,1.4,2014-02-24,0342,Aqua,MODIS,55,6.2,314.8,26.9,D,0
-33.1869,146.5679,336.9,2.1,1.4,2014-02-24,0342,Aqua,MODIS,47,6.2,316.3,50.7,D,0
-33.2412,146.1135,330.1,2.3,1.5,2014-02-24,0342,Aqua,MODIS,64,6.2,314.7,28.7,D,0
-33.25,146.1192,331.3,2.3,1.5,2014-02-24,0342,Aqua,MODIS,74,6.2,313.1,37.8,D,0
-26.2698,147.2565,323.6,1.6,1.2,2014-02-24,0343,Aqua,MODIS,35,6.2,301.6,21.3,D,0
-26.3795,141.7602,328.2,3.8,1.8,2014-02-24,0343,Aqua,MODIS,64,6.2,294.9,99,D,0
-26.9977,152.9129,320.1,1,1,2014-02-24,0343,Aqua,MODIS,43,6.2,301.1,8.7,D,0
-26.9887,152.9112,324.3,1,1,2014-02-24,0343,Aqua,MODIS,64,6.2,300.1,14.1,D,0
-23.0894,150.2119,328.4,1,1,2014-02-24,0344,Aqua,MODIS,68,6.2,305.2,16.6,D,0
-23.0908,150.2018,323.7,1,1,2014-02-24,0344,Aqua,MODIS,68,6.2,306.3,10.2,D,0
-23.665,149.0296,321.4,1.1,1.1,2014-02-24,0344,Aqua,MODIS,43,6.2,301.9,11.8,D,0
-22.8717,147.3847,321.1,1.4,1.2,2014-02-24,0344,Aqua,MODIS,37,6.2,301.1,10.4,D,0
-22.8613,147.3833,323.3,1.4,1.2,2014-02-24,0344,Aqua,MODIS,72,6.2,300.7,13.6,D,0
-24.0181,148.4844,334.9,1.2,1.1,2014-02-24,0344,Aqua,MODIS,76,6.2,307.2,29.3,D,0
-22.6261,142.4806,324.9,3,1.7,2014-02-24,0344,Aqua,MODIS,46,6.2,297.8,69.1,D,0
-24.9128,140.7646,324.7,4.3,1.9,2014-02-24,0344,Aqua,MODIS,0,6.2,293.2,106.8,D,0
-34.1048,137.7407,328.7,2.3,1.5,2014-02-24,0520,Aqua,MODIS,72,6.2,307.2,51.3,D,0
-31.9381,133.7059,346.1,1.5,1.2,2014-02-24,0520,Aqua,MODIS,89,6.2,315,63.8,D,0
-31.941,133.6907,350,1.5,1.2,2014-02-24,0520,Aqua,MODIS,92,6.2,315.8,77.5,D,0
-34.1102,137.7159,329.5,2.3,1.5,2014-02-24,0520,Aqua,MODIS,73,6.2,308.2,54.5,D,0
-31.9351,133.6983,367.4,1.5,1.2,2014-02-24,0520,Aqua,MODIS,100,6.2,318.2,156.2,D,0
-31.9272,133.6802,340.5,1.5,1.2,2014-02-24,0520,Aqua,MODIS,83,6.2,315,45.8,D,0
-31.9275,133.7031,345.4,1.5,1.2,2014-02-24,0520,Aqua,MODIS,88,6.2,314.2,60.9,D,0
-31.9245,133.6955,349.4,1.5,1.2,2014-02-24,0520,Aqua,MODIS,92,6.2,313.9,75.2,D,0
-34.1143,137.7096,322.1,2.3,1.5,2014-02-24,0520,Aqua,MODIS,49,6.2,308.2,25.7,D,0
-31.9303,133.6879,373.2,1.5,1.2,2014-02-24,0520,Aqua,MODIS,100,6.2,317.6,189.7,D,0
-31.8966,133.4834,347.2,1.4,1.2,2014-02-24,0520,Aqua,MODIS,90,6.2,311.5,66.8,D,0
-31.9379,133.683,338.9,1.5,1.2,2014-02-24,0520,Aqua,MODIS,81,6.2,315.6,41.6,D,0
-34.1091,137.7344,337.2,2.3,1.5,2014-02-24,0520,Aqua,MODIS,83,6.2,308,91.3,D,0
-31.8993,133.4685,345.7,1.4,1.2,2014-02-24,0520,Aqua,MODIS,89,6.2,312.1,61.8,D,0
-31.8906,133.0686,336.6,1.3,1.1,2014-02-24,0520,Aqua,MODIS,78,6.2,311.5,36.8,D,0
-33.22,121.6357,338.7,2.2,1.4,2014-02-24,0520,Aqua,MODIS,83,6.2,315.7,60.2,D,0
-33.9602,118.5978,333.8,3.5,1.8,2014-02-24,0520,Aqua,MODIS,79,6.2,307.1,104.7,D,0
-33.9809,118.5209,326.9,3.6,1.8,2014-02-24,0520,Aqua,MODIS,67,6.2,308.2,50.7,D,0
-33.9878,118.5264,331,3.6,1.8,2014-02-24,0520,Aqua,MODIS,77,6.2,308.6,80.6,D,0
-22.4417,117.4199,364.9,3.2,1.7,2014-02-24,0523,Aqua,MODIS,100,6.2,314.9,439.8,D,0
-22.4561,117.3942,336.8,3.2,1.7,2014-02-24,0523,Aqua,MODIS,64,6.2,307.6,111.9,D,0
-22.438,117.4246,354.2,3.2,1.7,2014-02-24,0523,Aqua,MODIS,96,6.2,314.4,282.6,D,0
-22.4407,117.3933,385.1,3.2,1.7,2014-02-24,0523,Aqua,MODIS,100,6.2,302.5,857.6,D,0
-22.4601,117.3894,332.8,3.2,1.7,2014-02-24,0523,Aqua,MODIS,39,6.2,307.7,76.9,D,0
-22.4447,117.3885,376.1,3.2,1.7,2014-02-24,0523,Aqua,MODIS,100,6.2,304.6,656,D,0
-21.0802,117.0225,361.7,3.3,1.7,2014-02-24,0524,Aqua,MODIS,100,6.2,315,395.1,D,0
-21.246,117.1788,347.6,3.2,1.7,2014-02-24,0524,Aqua,MODIS,90,6.2,316.6,192,D,0
-21.2488,117.1479,344.6,3.2,1.7,2014-02-24,0524,Aqua,MODIS,87,6.2,312.8,163.7,D,0
-21.2345,117.1726,333.7,3.2,1.7,2014-02-24,0524,Aqua,MODIS,69,6.2,316.1,57.5,D,0
-21.3591,117.2344,339.5,3.2,1.7,2014-02-24,0524,Aqua,MODIS,81,6.2,311.9,123,D,0
-21.3627,117.2306,332.4,3.2,1.7,2014-02-24,0524,Aqua,MODIS,62,6.2,311,64.5,D,0
-21.3474,117.2288,329.8,3.2,1.7,2014-02-24,0524,Aqua,MODIS,46,6.2,312.2,46.3,D,0
-21.7275,116.8377,335.2,3.4,1.7,2014-02-24,0524,Aqua,MODIS,61,6.2,313.8,79.5,D,0
-18.2684,125.2046,336.6,1,1,2014-02-24,0524,Aqua,MODIS,77,6.2,318.5,12.7,D,0
-27.034,114.4833,352.9,4.3,1.9,2014-02-24,0700,Aqua,MODIS,96,6.2,317.6,401.1,D,0
-27.0438,114.4366,330.1,4.3,1.9,2014-02-24,0700,Aqua,MODIS,63,6.2,314.7,77.4,D,0
-27.0341,114.4789,353,4.3,1.9,2014-02-24,0700,Aqua,MODIS,97,6.2,317.5,405.8,D,0
-27.044,114.441,337.3,4.3,1.9,2014-02-24,0700,Aqua,MODIS,88,6.2,315,157.7,D,0
-38.2592,146.3994,304.1,1,1,2014-02-24,1305,Terra,MODIS,28,6.2,288.5,6.7,N,2
-38.2608,146.3875,335.6,1,1,2014-02-24,1305,Terra,MODIS,100,6.2,291.8,38.8,N,2
-38.2425,146.3835,319.4,1,1,2014-02-24,1305,Terra,MODIS,99,6.2,288.9,18.9,N,2
-38.2516,146.3854,320.2,1,1,2014-02-24,1305,Terra,MODIS,100,6.2,291.5,19.4,N,2
-38.2501,146.3972,311.2,1,1,2014-02-24,1305,Terra,MODIS,73,6.2,289.2,11.4,N,2
-37.3394,148.6545,301,1,1,2014-02-24,1305,Terra,MODIS,37,6.2,288.3,5.3,N,0
-37.4805,148.6301,302.9,1,1,2014-02-24,1305,Terra,MODIS,19,6.2,287.7,6,N,0
-37.4254,148.6342,328.1,1,1,2014-02-24,1305,Terra,MODIS,100,6.2,290.6,27.1,N,0
-37.4235,148.0343,311,1,1,2014-02-24,1305,Terra,MODIS,81,6.2,288.9,11.2,N,0
-37.4946,148.5379,320.1,1,1,2014-02-24,1305,Terra,MODIS,73,6.2,288,17.3,N,0
-37.4744,148.485,307.6,1,1,2014-02-24,1305,Terra,MODIS,30,6.2,288.2,8.1,N,0
-37.4164,148.6925,323.7,1,1,2014-02-24,1305,Terra,MODIS,100,6.2,289.8,23.4,N,0
-37.2335,148.6821,310.8,1,1,2014-02-24,1305,Terra,MODIS,81,6.2,287.6,12,N,0
-37.4162,148.6322,309.8,1,1,2014-02-24,1305,Terra,MODIS,78,6.2,289.5,9.9,N,0
-37.4198,148.6093,326.1,1,1,2014-02-24,1305,Terra,MODIS,100,6.2,289.5,25.6,N,0
-37.4443,148.6812,315.5,1,1,2014-02-24,1305,Terra,MODIS,89,6.2,288,14.6,N,0
-37.4252,148.0229,313.3,1,1,2014-02-24,1305,Terra,MODIS,87,6.2,289.9,12.7,N,0
-37.4534,148.6833,307.6,1,1,2014-02-24,1305,Terra,MODIS,72,6.2,288.2,9.1,N,0
-37.3504,148.3352,312,1,1,2014-02-24,1305,Terra,MODIS,84,6.2,289.2,11.2,N,0
-37.4145,148.6438,306.4,1,1,2014-02-24,1305,Terra,MODIS,49,6.2,289.2,7.6,N,0
-37.5709,148.396,320.4,1,1,2014-02-24,1305,Terra,MODIS,100,6.2,288.3,18.8,N,0
-37.2808,148.3725,307.1,1,1,2014-02-24,1305,Terra,MODIS,38,6.2,288.8,8.1,N,0
-37.5452,148.5145,327.9,1,1,2014-02-24,1305,Terra,MODIS,100,6.2,289.8,27.1,N,0
-37.5743,148.3731,315.7,1,1,2014-02-24,1305,Terra,MODIS,41,6.2,288,13.8,N,0
-37.2515,148.6264,317.2,1,1,2014-02-24,1305,Terra,MODIS,95,6.2,284.7,16.7,N,0
-37.5362,148.5122,309.8,1,1,2014-02-24,1305,Terra,MODIS,78,6.2,287.9,10.7,N,0
-37.5932,148.4966,307.6,1,1,2014-02-24,1305,Terra,MODIS,55,6.2,287.9,8.7,N,0
-37.4271,148.6227,319.8,1,1,2014-02-24,1305,Terra,MODIS,70,6.2,290.4,17.6,N,0
-37.6022,148.499,320.4,1,1,2014-02-24,1305,Terra,MODIS,100,6.2,289.1,19,N,0
-37.4873,148.5242,328.5,1,1,2014-02-24,1305,Terra,MODIS,100,6.2,288,26,N,0
-37.4289,148.6114,323.3,1,1,2014-02-24,1305,Terra,MODIS,100,6.2,290.9,22.4,N,0
-37.4762,148.4735,308.5,1,1,2014-02-24,1305,Terra,MODIS,75,6.2,288.3,9.2,N,0
-37.4855,148.5357,321.2,1,1,2014-02-24,1305,Terra,MODIS,76,6.2,286.6,18.6,N,0
-37.3486,148.3469,315.7,1,1,2014-02-24,1305,Terra,MODIS,92,6.2,288.9,14.3,N,0
-37.2497,148.638,317.1,1,1,2014-02-24,1305,Terra,MODIS,94,6.2,285.8,16.4,N,0
-37.2963,148.382,320.5,1,1,2014-02-24,1305,Terra,MODIS,83,6.2,289.7,17.9,N,0
-37.5643,148.3881,327.8,1,1,2014-02-24,1305,Terra,MODIS,100,6.2,288,27.9,N,0
-37.4326,148.6483,322.1,1,1,2014-02-24,1305,Terra,MODIS,78,6.2,289.2,19.9,N,0
-37.4552,148.6717,305.1,1,1,2014-02-24,1305,Terra,MODIS,62,6.2,287.5,7,N,0
-37.4215,148.5977,327.5,1,1,2014-02-24,1305,Terra,MODIS,100,6.2,288.8,27.9,N,0
-37.5823,148.5059,317.4,1,1,2014-02-24,1305,Terra,MODIS,75,6.2,288.6,15.2,N,0
-37.3473,148.651,308.5,1,1,2014-02-24,1305,Terra,MODIS,75,6.2,288.8,9.7,N,0
-37.4532,148.6235,307.8,1,1,2014-02-24,1305,Terra,MODIS,72,6.2,288.1,8.5,N,0
-37.3162,148.375,305.6,1,1,2014-02-24,1305,Terra,MODIS,13,6.2,289.1,6.7,N,0
-37.4105,147.9959,308.9,1,1,2014-02-24,1305,Terra,MODIS,76,6.2,288.6,9.9,N,0
-37.3521,148.3236,316.2,1,1,2014-02-24,1305,Terra,MODIS,93,6.2,289.8,14.9,N,0
-37.3594,148.3377,304.2,1,1,2014-02-24,1305,Terra,MODIS,59,6.2,289,6.7,N,0
-37.4129,148.7152,318,1,1,2014-02-24,1305,Terra,MODIS,96,6.2,290.3,17.6,N,0
-37.5344,148.5238,305.1,1,1,2014-02-24,1305,Terra,MODIS,46,6.2,287.9,7.6,N,0
-37.4963,148.5265,333.9,1,1,2014-02-24,1305,Terra,MODIS,100,6.2,290.3,33.6,N,0
-37.4147,148.7039,336.9,1,1,2014-02-24,1305,Terra,MODIS,100,6.2,292.1,41,N,0
-37.2353,148.6705,311.6,1,1,2014-02-24,1305,Terra,MODIS,83,6.2,287.9,12.6,N,0
-37.4306,148.6,324.4,1,1,2014-02-24,1305,Terra,MODIS,100,6.2,289.2,24.4,N,0
-37.4785,148.5817,301.4,1,1,2014-02-24,1305,Terra,MODIS,29,6.2,287.7,5.2,N,0
-37.4056,148.7015,302.9,1,1,2014-02-24,1305,Terra,MODIS,52,6.2,288.6,6.5,N,0
-37.5715,148.5152,313.4,1,1,2014-02-24,1305,Terra,MODIS,30,6.2,288.5,11.5,N,0
-37.4981,148.5149,319.2,1,1,2014-02-24,1305,Terra,MODIS,32,6.2,289.4,16.5,N,0
-37.5604,148.3515,306.1,1,1,2014-02-24,1305,Terra,MODIS,15,6.2,287.7,7.6,N,0
-37.5726,148.3845,320.4,1,1,2014-02-24,1305,Terra,MODIS,65,6.2,288.3,17.7,N,0
-35.2824,143.8717,316,1.2,1.1,2014-02-24,1306,Terra,MODIS,92,6.2,292.3,17.4,N,0
-35.2839,143.8589,302.6,1.2,1.1,2014-02-24,1306,Terra,MODIS,50,6.2,292,5.7,N,0
-29.3228,149.1522,301.6,1.3,1.1,2014-02-24,1307,Terra,MODIS,10,6.2,290.3,7.2,N,0
-29.3189,149.1309,305.1,1.3,1.1,2014-02-24,1307,Terra,MODIS,51,6.2,290.7,10.2,N,0
-29.3166,149.1445,318.9,1.3,1.1,2014-02-24,1307,Terra,MODIS,98,6.2,291.4,25.6,N,0
-29.3252,149.1387,317.8,1.3,1.1,2014-02-24,1307,Terra,MODIS,96,6.2,291.5,24.8,N,0
-29.2263,150.2604,308.6,1.5,1.2,2014-02-24,1307,Terra,MODIS,75,6.2,292,16.4,N,0
-27.4632,149.1984,301.4,1.4,1.2,2014-02-24,1307,Terra,MODIS,41,6.2,289.3,8,N,0
-25.6205,146.9464,302.9,1.2,1.1,2014-02-24,1308,Terra,MODIS,52,6.2,291.4,6.1,N,0
-25.6186,146.9579,301.6,1.2,1.1,2014-02-24,1308,Terra,MODIS,43,6.2,291.6,5.1,N,0
-25.6168,146.9512,306.9,1.2,1.1,2014-02-24,1308,Terra,MODIS,70,6.2,291.6,9.6,N,0
-37.4315,148.6669,319.1,2.1,1.4,2014-02-24,1444,Aqua,MODIS,98,6.2,288.8,52.3,N,0
-37.4267,148.645,319.9,2.1,1.4,2014-02-24,1444,Aqua,MODIS,99,6.2,289.3,55.6,N,0
-37.4948,148.5329,303.6,2.2,1.4,2014-02-24,1444,Aqua,MODIS,26,6.2,287.6,18.7,N,0
-37.3516,148.3607,304.6,2.2,1.4,2014-02-24,1444,Aqua,MODIS,25,6.2,288.2,20.9,N,0
-37.3492,148.3568,307.6,2.2,1.4,2014-02-24,1444,Aqua,MODIS,72,6.2,288.7,29.4,N,0
-37.3446,148.3364,301.6,2.2,1.5,2014-02-24,1444,Aqua,MODIS,42,6.2,288.3,17.9,N,0
-37.3469,148.3393,309.1,2.2,1.5,2014-02-24,1444,Aqua,MODIS,59,6.2,288.8,30.6,N,0
-37.4824,148.5381,305.2,2.2,1.4,2014-02-24,1444,Aqua,MODIS,50,6.2,287.9,22,N,0
-37.4216,148.6215,302.1,2.1,1.4,2014-02-24,1444,Aqua,MODIS,46,6.2,288.4,16.8,N,0
-30.8663,121.4943,309.6,1,1,2014-02-24,1446,Terra,MODIS,78,6.2,294.4,8.8,N,2
-31.1905,117.7304,305.4,1.2,1.1,2014-02-24,1446,Terra,MODIS,61,6.2,294.3,7,N,0
-31.2004,117.7319,310.2,1.2,1.1,2014-02-24,1446,Terra,MODIS,79,6.2,294.9,10.8,N,0
-22.4748,117.4151,312.2,1,1,2014-02-24,1448,Terra,MODIS,51,6.2,297.5,8.8,N,0
-22.4698,117.3828,322.2,1,1,2014-02-24,1448,Terra,MODIS,99,6.2,296.9,18.3,N,0
-22.4684,117.3931,325.3,1,1,2014-02-24,1448,Terra,MODIS,86,6.2,297.3,21.4,N,0
-22.4629,117.4338,312.8,1,1,2014-02-24,1448,Terra,MODIS,67,6.2,296.4,9.3,N,0
-22.4776,117.3944,329.8,1,1,2014-02-24,1448,Terra,MODIS,100,6.2,297.3,26.9,N,0
-22.4762,117.4048,313.5,1,1,2014-02-24,1448,Terra,MODIS,30,6.2,297,9,N,0
-21.3474,117.265,312.6,1,1,2014-02-24,1448,Terra,MODIS,76,6.2,300.1,6.5,N,0
-21.2351,117.1536,310,1,1,2014-02-24,1448,Terra,MODIS,71,6.2,299.7,5.8,N,0
-21.3724,117.2182,310.4,1,1,2014-02-24,1448,Terra,MODIS,61,6.2,299.8,4.9,N,0
-21.3646,117.2068,313.9,1,1,2014-02-24,1448,Terra,MODIS,79,6.2,299.6,7.4,N,0
-21.3554,117.2054,310.8,1,1,2014-02-24,1448,Terra,MODIS,42,6.2,298.8,5.2,N,0
-21.3449,117.2285,310.2,1,1,2014-02-24,1448,Terra,MODIS,71,6.2,300.1,5.1,N,0
-21.354,117.2153,317,1,1,2014-02-24,1448,Terra,MODIS,92,6.2,299.4,10.3,N,0
-21.3476,117.2086,314.9,1,1,2014-02-24,1448,Terra,MODIS,87,6.2,299.2,9.8,N,0
-21.3462,117.2186,341.9,1,1,2014-02-24,1448,Terra,MODIS,100,6.2,301.4,44.6,N,0
-21.3489,117.1987,309.1,1,1,2014-02-24,1448,Terra,MODIS,66,6.2,298.6,5.3,N,0
-21.7717,116.7139,314.1,1.1,1,2014-02-24,1448,Terra,MODIS,74,6.2,297.7,9.5,N,0
-21.7731,116.7034,319.5,1.1,1,2014-02-24,1448,Terra,MODIS,98,6.2,298.4,14.9,N,0
-21.7512,116.7961,310.9,1.1,1,2014-02-24,1448,Terra,MODIS,74,6.2,296.6,7.6,N,0
-21.7745,116.6929,309.2,1.1,1,2014-02-24,1448,Terra,MODIS,41,6.2,297.6,5.4,N,0
-21.745,116.6991,311.2,1.1,1,2014-02-24,1448,Terra,MODIS,62,6.2,296.9,7.3,N,0
-21.7356,116.6977,308.6,1.1,1,2014-02-24,1448,Terra,MODIS,64,6.2,296.6,5.6,N,0
-21.7207,116.7381,307.9,1.1,1,2014-02-24,1448,Terra,MODIS,60,6.2,296.8,5.5,N,0
-21.7221,116.7277,307.4,1.1,1,2014-02-24,1448,Terra,MODIS,55,6.2,297.3,4.8,N,0
-21.7648,116.7134,315.3,1.7,1.3,2014-02-24,1757,Aqua,MODIS,91,6.2,295.4,25.1,N,0
-22.4292,117.4549,306.7,2,1.4,2014-02-24,1757,Aqua,MODIS,69,6.2,295.5,16.3,N,0
-22.4775,117.4036,309.1,2,1.4,2014-02-24,1757,Aqua,MODIS,77,6.2,294.9,18.4,N,0
-22.4794,117.422,307.1,2,1.4,2014-02-24,1757,Aqua,MODIS,70,6.2,295.7,14.8,N,0
-25.5176,152.3498,315.4,1,1,2014-02-25,0005,Terra,MODIS,17,6.2,300.2,6.5,D,0
-25.452,151.1777,326.5,1,1,2014-02-25,0005,Terra,MODIS,57,6.2,305,13,D,0
-27.4536,153.037,314.2,1,1,2014-02-25,0005,Terra,MODIS,40,6.2,298.6,8.7,D,0
-30.3577,151.9971,339.2,1,1,2014-02-25,0006,Terra,MODIS,89,6.2,300.3,36.3,D,0
-30.3562,151.9865,326,1,1,2014-02-25,0006,Terra,MODIS,77,6.2,299.7,17.3,D,0
-29.3258,149.1451,332.2,1.1,1,2014-02-25,0006,Terra,MODIS,78,6.2,308.7,17.2,D,0
-30.2932,148.906,333.2,1.1,1,2014-02-25,0006,Terra,MODIS,79,6.2,306.5,20.6,D,0
-30.5962,149.9905,334.2,1,1,2014-02-25,0006,Terra,MODIS,76,6.2,310.1,19,D,0
-30.5978,150.0011,337.8,1,1,2014-02-25,0006,Terra,MODIS,85,6.2,309.9,24.2,D,0
-34.4633,150.8851,321.7,1,1,2014-02-25,0007,Terra,MODIS,49,6.2,303.1,11.9,D,2
-33.4943,145.7108,326.7,1.4,1.2,2014-02-25,0007,Terra,MODIS,70,6.2,307.2,16.9,D,0
-32.4156,151.8125,319.4,1,1,2014-02-25,0007,Terra,MODIS,58,6.2,299.6,11.2,D,0
-32.4171,151.8235,324.4,1,1,2014-02-25,0007,Terra,MODIS,75,6.2,295.9,16.9,D,0
-37.4811,148.4697,316.1,1,1,2014-02-25,0008,Terra,MODIS,41,6.2,300.9,6.2,D,0
-37.5955,148.5006,323.8,1,1,2014-02-25,0008,Terra,MODIS,76,6.2,301.7,13.2,D,0
-37.4772,148.5057,355.5,1,1,2014-02-25,0008,Terra,MODIS,98,6.2,306.1,64.9,D,0
-37.5794,148.5105,332,1,1,2014-02-25,0008,Terra,MODIS,71,6.2,303,22,D,0
-37.4789,148.517,342.8,1,1,2014-02-25,0008,Terra,MODIS,87,6.2,302.6,37,D,0
-37.5976,148.4531,334.8,1,1,2014-02-25,0008,Terra,MODIS,87,6.2,302.6,27,D,0
-37.6371,148.4672,313.4,1,1,2014-02-25,0008,Terra,MODIS,36,6.2,302.5,4.7,D,0
-37.3413,148.6491,330.7,1,1,2014-02-25,0008,Terra,MODIS,84,6.2,300.2,24.9,D,0
-37.2572,148.6401,358.9,1,1,2014-02-25,0008,Terra,MODIS,99,6.2,300.4,78.1,D,0
-37.5695,148.3835,340.8,1,1,2014-02-25,0008,Terra,MODIS,91,6.2,303.8,34.8,D,0
-37.447,148.6767,322.9,1,1,2014-02-25,0008,Terra,MODIS,73,6.2,300.9,14.2,D,0
-37.3507,148.3422,341.4,1,1,2014-02-25,0008,Terra,MODIS,91,6.2,301.2,39.1,D,0
-37.4892,148.5849,317.8,1,1,2014-02-25,0008,Terra,MODIS,50,6.2,302.8,7,D,0
-37.3451,148.3668,323.5,1,1,2014-02-25,0008,Terra,MODIS,78,6.2,301.3,14.2,D,0
-37.5661,148.3608,343.4,1,1,2014-02-25,0008,Terra,MODIS,92,6.2,303.8,40.8,D,0
-37.4346,148.6562,348.8,1,1,2014-02-25,0008,Terra,MODIS,95,6.2,303.8,51.3,D,0
-37.4061,148.6456,315.7,1,1,2014-02-25,0008,Terra,MODIS,21,6.2,302.4,5.9,D,0
-37.4207,148.6188,346.9,1,1,2014-02-25,0008,Terra,MODIS,94,6.2,302.9,47.7,D,0
-37.419,148.6075,359.4,1,1,2014-02-25,0008,Terra,MODIS,99,6.2,305.5,76.6,D,0
-37.4875,148.5736,319.1,1,1,2014-02-25,0008,Terra,MODIS,53,6.2,302.2,7.4,D,0
-37.4224,148.6302,325.4,1,1,2014-02-25,0008,Terra,MODIS,56,6.2,301,14.7,D,0
-37.4802,148.587,319.8,1,1,2014-02-25,0008,Terra,MODIS,50,6.2,302.8,8.3,D,0
-37.4738,148.4831,340.2,1,1,2014-02-25,0008,Terra,MODIS,90,6.2,302.4,35.8,D,0
-37.4278,148.6111,371.6,1,1,2014-02-25,0008,Terra,MODIS,100,6.2,306.7,113.9,D,0
-37.4162,148.7134,315.4,1,1,2014-02-25,0008,Terra,MODIS,62,6.2,298.1,9.1,D,0
-37.5524,148.5168,328.4,1,1,2014-02-25,0008,Terra,MODIS,66,6.2,303.3,17.1,D,0
-37.4238,148.0352,342.7,1,1,2014-02-25,0008,Terra,MODIS,92,6.2,302.5,41.7,D,0
-37.4258,148.8397,310.1,1,1,2014-02-25,0008,Terra,MODIS,51,6.2,297.7,6.3,D,0
-37.4274,148.851,320.1,1,1,2014-02-25,0008,Terra,MODIS,74,6.2,297.4,14.5,D,0
-37.573,148.4062,323.8,1,1,2014-02-25,0008,Terra,MODIS,38,6.2,301.1,12.2,D,0
-37.487,148.6324,322.2,1,1,2014-02-25,0008,Terra,MODIS,70,6.2,301.4,13.6,D,0
-37.5884,148.5084,335,1,1,2014-02-25,0008,Terra,MODIS,81,6.2,302.5,26,D,0
-37.4329,148.645,351.7,1,1,2014-02-25,0008,Terra,MODIS,96,6.2,303.5,59.1,D,0
-37.4716,148.5305,323.6,1,1,2014-02-25,0008,Terra,MODIS,56,6.2,304,11.2,D,0
-37.4261,148.5997,351.4,1,1,2014-02-25,0008,Terra,MODIS,96,6.2,306,57.3,D,0
-37.3895,147.996,316.4,1,1,2014-02-25,0008,Terra,MODIS,47,6.2,301.4,8.3,D,0
-37.358,148.3288,320.1,1,1,2014-02-25,0008,Terra,MODIS,65,6.2,300.8,12.3,D,0
-37.5721,148.524,327.8,1,1,2014-02-25,0008,Terra,MODIS,66,6.2,303.3,16.3,D,0
-37.4721,148.4718,328,1,1,2014-02-25,0008,Terra,MODIS,82,6.2,301.7,18.8,D,0
-37.2609,148.3581,319.1,1,1,2014-02-25,0008,Terra,MODIS,59,6.2,300.1,9.3,D,0
-37.4221,148.0239,331.6,1,1,2014-02-25,0008,Terra,MODIS,74,6.2,301.3,23.8,D,0
-37.4002,148.0647,314,1,1,2014-02-25,0008,Terra,MODIS,65,6.2,299.5,6.8,D,0
-37.478,148.6345,321.9,1,1,2014-02-25,0008,Terra,MODIS,60,6.2,301.2,12.5,D,0
-37.4806,148.5284,338.9,1,1,2014-02-25,0008,Terra,MODIS,88,6.2,304.6,30.2,D,0
-37.5236,148.5119,324.6,1,1,2014-02-25,0008,Terra,MODIS,50,6.2,301.8,12.9,D,0
-37.4145,148.7021,319.7,1,1,2014-02-25,0008,Terra,MODIS,74,6.2,300.4,12.5,D,0
-37.4755,148.4944,366.7,1,1,2014-02-25,0008,Terra,MODIS,100,6.2,305.8,97.4,D,0
-37.4897,148.5262,343.4,1,1,2014-02-25,0008,Terra,MODIS,90,6.2,303.2,37.2,D,0
-37.4095,148.0033,322,1,1,2014-02-25,0008,Terra,MODIS,77,6.2,299.9,14.7,D,0
-37.2972,148.7824,313.1,1,1,2014-02-25,0008,Terra,MODIS,55,6.2,297.6,8.4,D,0
-37.4241,148.6415,330.4,1,1,2014-02-25,0008,Terra,MODIS,84,6.2,302.6,21,D,0
-37.5765,148.3757,333.4,1,1,2014-02-25,0008,Terra,MODIS,80,6.2,301.8,25,D,0
-37.5712,148.3949,348.1,1,1,2014-02-25,0008,Terra,MODIS,94,6.2,303.8,49.2,D,0
-37.5433,148.5189,338.1,1,1,2014-02-25,0008,Terra,MODIS,89,6.2,304.8,30.5,D,0
-37.343,148.6603,313.5,1,1,2014-02-25,0008,Terra,MODIS,42,6.2,300.5,6.6,D,0
-37.4312,148.6337,327.5,1,1,2014-02-25,0008,Terra,MODIS,82,6.2,299.9,18.6,D,0
-37.2354,148.6745,325.7,1,1,2014-02-25,0008,Terra,MODIS,81,6.2,297.8,19.8,D,0
-37.3006,148.805,309.4,1,1,2014-02-25,0008,Terra,MODIS,48,6.2,294.3,6.9,D,0
-37.4303,148.0273,324.9,1,1,2014-02-25,0008,Terra,MODIS,79,6.2,300.6,17.1,D,0
-37.432,148.0385,320.2,1,1,2014-02-25,0008,Terra,MODIS,75,6.2,301.1,12.2,D,0
-37.4492,148.6294,327.9,1,1,2014-02-25,0008,Terra,MODIS,82,6.2,299.8,18.7,D,0
-37.4914,148.5375,338.3,1,1,2014-02-25,0008,Terra,MODIS,79,6.2,305,29.1,D,0
-37.4699,148.5191,325.3,1,1,2014-02-25,0008,Terra,MODIS,80,6.2,304.1,13.7,D,0
-37.2555,148.6289,338.4,1,1,2014-02-25,0008,Terra,MODIS,90,6.2,298.9,35.5,D,0
-37.4295,148.6224,328.1,1,1,2014-02-25,0008,Terra,MODIS,82,6.2,299.9,18.9,D,0
-37.4151,148.6435,318.1,1,1,2014-02-25,0008,Terra,MODIS,42,6.2,302.1,8,D,0
-38.2497,146.3921,327.5,1.1,1,2014-02-25,0009,Terra,MODIS,80,6.2,304.6,16.3,D,2
-38.2591,146.3898,336.3,1.1,1,2014-02-25,0009,Terra,MODIS,87,6.2,305.9,29.8,D,2
-15.3935,134.882,316.3,1.7,1.3,2014-02-25,0141,Terra,MODIS,45,6.2,295.1,16,D,0
-13.9226,131.2454,315.7,1,1,2014-02-25,0141,Terra,MODIS,49,6.2,298.2,7.8,D,0
-21.3537,117.2025,325.1,4.5,2,2014-02-25,0143,Terra,MODIS,60,6.2,308.7,82.8,D,0
-21.3531,117.1948,324.7,4.5,2,2014-02-25,0143,Terra,MODIS,56,6.2,308.2,78.8,D,0
-21.7501,116.7371,327.2,4.7,2,2014-02-25,0143,Terra,MODIS,66,6.2,309,97.9,D,0
-21.7854,116.7281,329.6,4.7,2,2014-02-25,0143,Terra,MODIS,74,6.2,308.8,130.9,D,0
-21.7827,116.7208,329.1,4.7,2,2014-02-25,0143,Terra,MODIS,73,6.2,308.9,129.8,D,0
-21.7247,116.7012,323.9,4.8,2,2014-02-25,0143,Terra,MODIS,42,6.2,307.9,61.8,D,0
-21.7423,116.6965,367.3,4.8,2,2014-02-25,0143,Terra,MODIS,100,6.2,309.6,878.2,D,0
-21.7399,116.6916,364.4,4.8,2,2014-02-25,0143,Terra,MODIS,100,6.2,309.3,799.5,D,0
-21.7753,116.6823,331.3,4.8,2,2014-02-25,0143,Terra,MODIS,77,6.2,307.8,150.2,D,0
-21.7723,116.6751,326,4.8,2,2014-02-25,0143,Terra,MODIS,67,6.2,307.7,92.5,D,0
-22.4913,117.4013,328.1,4.1,1.9,2014-02-25,0143,Terra,MODIS,72,6.2,306,106.3,D,0
-22.4887,117.4095,332.3,4.1,1.9,2014-02-25,0143,Terra,MODIS,78,6.2,306.8,145.8,D,0
-22.48,117.3691,330.9,4.1,1.9,2014-02-25,0143,Terra,MODIS,76,6.2,306.3,130.5,D,0
-25.1642,127.5705,332.3,1,1,2014-02-25,0144,Terra,MODIS,72,6.2,317,11.5,D,0
-30.8669,121.4895,319.3,1.4,1.2,2014-02-25,0145,Terra,MODIS,54,6.2,302.7,9.3,D,2
-30.8728,121.4975,319.9,1.4,1.2,2014-02-25,0145,Terra,MODIS,62,6.2,302.5,11.4,D,2
-37.4569,148.6196,341.8,1.3,1.1,2014-02-25,0423,Aqua,MODIS,65,6.2,305.8,48.2,D,0
-37.575,148.4153,356.1,1.3,1.1,2014-02-25,0423,Aqua,MODIS,0,6.2,281.2,89.4,D,0
-37.4829,148.6317,334.5,1.3,1.1,2014-02-25,0423,Aqua,MODIS,69,6.2,300.9,37.1,D,0
-37.5577,148.336,349.1,1.3,1.1,2014-02-25,0423,Aqua,MODIS,95,6.2,291.9,72.5,D,0
-37.4856,148.4591,339.5,1.3,1.1,2014-02-25,0423,Aqua,MODIS,52,6.2,300.6,45,D,0
-37.483,148.4737,375.5,1.3,1.1,2014-02-25,0423,Aqua,MODIS,100,6.2,305,178.7,D,0
-37.4914,148.5278,357.1,1.3,1.1,2014-02-25,0423,Aqua,MODIS,93,6.2,299.2,93.7,D,0
-37.58,148.3874,331.2,1.3,1.1,2014-02-25,0423,Aqua,MODIS,34,6.2,271.6,32,D,0
-37.585,148.4182,391.9,1.3,1.1,2014-02-25,0423,Aqua,MODIS,87,6.2,297.7,280.8,D,0
-37.4267,148.6096,345.8,1.3,1.1,2014-02-25,0423,Aqua,MODIS,88,6.2,303.1,61.7,D,0
-37.3508,148.3365,377.5,1.3,1.1,2014-02-25,0423,Aqua,MODIS,75,6.2,302.8,195.9,D,0
-37.4596,148.6047,343.2,1.3,1.1,2014-02-25,0423,Aqua,MODIS,86,6.2,305.9,51.9,D,0
-37.5014,148.5309,342.1,1.3,1.1,2014-02-25,0423,Aqua,MODIS,80,6.2,292.3,48.3,D,0
-37.493,148.4771,412.3,1.3,1.1,2014-02-25,0423,Aqua,MODIS,100,6.2,310.7,463.9,D,0
-37.5771,148.5218,334.6,1.3,1.1,2014-02-25,0423,Aqua,MODIS,74,6.2,295,40.2,D,0
-37.5478,148.333,330.8,1.3,1.1,2014-02-25,0423,Aqua,MODIS,62,6.2,293.5,31.4,D,0
-37.4281,148.021,355.7,1.2,1.1,2014-02-25,0423,Aqua,MODIS,98,6.2,295.6,93,D,0
-37.3011,148.3934,340,1.3,1.1,2014-02-25,0423,Aqua,MODIS,70,6.2,294.2,53.1,D,0
-37.5897,148.5101,339.8,1.3,1.1,2014-02-25,0423,Aqua,MODIS,80,6.2,301.2,49.6,D,0
-37.401,148.0569,320.5,1.2,1.1,2014-02-25,0423,Aqua,MODIS,35,6.2,294.2,13.8,D,0
-37.4834,148.571,382.7,1.3,1.1,2014-02-25,0423,Aqua,MODIS,100,6.2,308.4,220.2,D,0
-37.5875,148.4042,378.8,1.3,1.1,2014-02-25,0423,Aqua,MODIS,94,6.2,289.8,197.1,D,0
-37.4967,148.4989,343.5,1.3,1.1,2014-02-25,0423,Aqua,MODIS,71,6.2,296.9,52.1,D,0
-37.4878,148.5063,398.9,1.3,1.1,2014-02-25,0423,Aqua,MODIS,100,6.2,312.2,335.9,D,0
-37.4875,148.5671,375.1,1.3,1.1,2014-02-25,0423,Aqua,MODIS,100,6.2,312.1,174.7,D,0
-37.5797,148.507,338.7,1.3,1.1,2014-02-25,0423,Aqua,MODIS,65,6.2,301.6,46.3,D,0
-37.4956,148.4626,375.8,1.3,1.1,2014-02-25,0423,Aqua,MODIS,94,6.2,304.6,180.5,D,0
-37.5751,148.3561,352.6,1.3,1.1,2014-02-25,0423,Aqua,MODIS,90,6.2,291.2,82.5,D,0
-37.5872,148.5163,324.4,1.3,1.1,2014-02-25,0423,Aqua,MODIS,36,6.2,297.5,21,D,0
-37.4934,148.5744,356.4,1.3,1.1,2014-02-25,0423,Aqua,MODIS,85,6.2,304.1,93.4,D,0
-37.3035,148.38,361.1,1.3,1.1,2014-02-25,0423,Aqua,MODIS,75,6.2,301.6,118.1,D,0
-37.4849,148.5817,357.9,1.3,1.1,2014-02-25,0423,Aqua,MODIS,99,6.2,307.8,98.4,D,0
-37.2935,148.3769,343.2,1.3,1.1,2014-02-25,0423,Aqua,MODIS,77,6.2,304.3,60.6,D,0
-37.5899,148.5017,362.4,1.3,1.1,2014-02-25,0423,Aqua,MODIS,100,6.2,304.1,121.5,D,0
-37.4856,148.6171,338,1.3,1.1,2014-02-25,0423,Aqua,MODIS,80,6.2,300.9,43.4,D,0
-37.3014,148.7826,320.3,1.3,1.1,2014-02-25,0423,Aqua,MODIS,64,6.2,299.3,19.9,D,0
-37.486,148.5568,340.3,1.3,1.1,2014-02-25,0423,Aqua,MODIS,80,6.2,301.7,43.9,D,0
-37.4255,148.0353,347.6,1.2,1.1,2014-02-25,0423,Aqua,MODIS,90,6.2,298.7,66.5,D,0
-37.3578,148.3559,342.1,1.3,1.1,2014-02-25,0423,Aqua,MODIS,58,6.2,300.1,56.2,D,0
-37.4113,148.6357,333.4,1.3,1.1,2014-02-25,0423,Aqua,MODIS,56,6.2,301.9,33.5,D,0
-37.4852,148.5206,364.1,1.3,1.1,2014-02-25,0423,Aqua,MODIS,100,6.2,307,124.3,D,0
-37.4807,148.5857,344.9,1.3,1.1,2014-02-25,0423,Aqua,MODIS,92,6.2,306.2,56.5,D,0
-37.5998,148.505,336,1.3,1.1,2014-02-25,0423,Aqua,MODIS,60,6.2,300.1,39.5,D,0
-37.5825,148.4322,324.3,1.3,1.1,2014-02-25,0423,Aqua,MODIS,21,6.2,295.9,15.3,D,0
-37.5443,148.528,322.4,1.3,1.1,2014-02-25,0423,Aqua,MODIS,20,6.2,287,17,D,0
-33.5025,146.1915,344.9,1.2,1.1,2014-02-25,0424,Aqua,MODIS,89,6.2,315.6,36.4,D,0
-34.1626,147.7803,337.3,1.4,1.2,2014-02-25,0424,Aqua,MODIS,82,6.2,314.7,30.2,D,0
-33.5046,146.179,361.1,1.2,1.1,2014-02-25,0424,Aqua,MODIS,100,6.2,319,81.1,D,0
-33.0377,147.4872,337.5,1.4,1.2,2014-02-25,0424,Aqua,MODIS,55,6.2,312.6,33.5,D,0
-33.495,146.1767,382.8,1.2,1.1,2014-02-25,0424,Aqua,MODIS,100,6.2,320.9,177.5,D,0
-33.4929,146.1891,336.7,1.2,1.1,2014-02-25,0424,Aqua,MODIS,53,6.2,314.7,20.8,D,0
-34.258,147.0054,342.1,1.2,1.1,2014-02-25,0424,Aqua,MODIS,86,6.2,312.3,39.5,D,0
-33.5022,146.6219,340.8,1.2,1.1,2014-02-25,0424,Aqua,MODIS,59,6.2,308,40.5,D,0
-33.0933,136.5464,329.9,1.9,1.3,2014-02-25,0425,Aqua,MODIS,78,6.2,314.1,34,D,0
-32.2944,147.2269,353.4,1.4,1.2,2014-02-25,0425,Aqua,MODIS,96,6.2,315.3,77.1,D,0
-27.8216,148.5989,327.9,2,1.4,2014-02-25,0426,Aqua,MODIS,66,6.2,304.8,33.5,D,0
-27.822,148.5935,330.3,2,1.4,2014-02-25,0426,Aqua,MODIS,74,6.2,305.4,44.8,D,0
-23.9521,149.3024,320,2.8,1.6,2014-02-25,0427,Aqua,MODIS,42,6.2,301.8,26.8,D,0
-14.5344,132.4021,327.8,2.1,1.4,2014-02-25,0430,Aqua,MODIS,81,6.2,295.2,48.1,D,0
-14.5307,132.4141,317.8,2.1,1.4,2014-02-25,0430,Aqua,MODIS,47,6.2,292.5,16.6,D,0
-14.5331,132.3949,322.7,2.1,1.4,2014-02-25,0430,Aqua,MODIS,76,6.2,295.5,29.9,D,0
-32.857,119.7549,330.7,1,1,2014-02-25,0603,Aqua,MODIS,73,6.2,309.4,15.4,D,0
-32.8461,119.7639,341.6,1,1,2014-02-25,0603,Aqua,MODIS,87,6.2,310.3,32.4,D,0
-32.8553,119.766,325.6,1,1,2014-02-25,0603,Aqua,MODIS,43,6.2,309.4,8.5,D,0
-32.8478,119.7529,336.8,1,1,2014-02-25,0603,Aqua,MODIS,83,6.2,309.7,24.3,D,0
-30.9019,118.108,396.2,1,1,2014-02-25,0604,Aqua,MODIS,100,6.2,322.5,209.9,D,0
-31.222,117.7422,340.3,1,1,2014-02-25,0604,Aqua,MODIS,82,6.2,315.7,21.4,D,0
-31.2205,117.7527,337.8,1,1,2014-02-25,0604,Aqua,MODIS,78,6.2,314.3,17.1,D,0
-31.219,117.7632,335.1,1,1,2014-02-25,0604,Aqua,MODIS,73,6.2,313.8,13.7,D,0
-30.6436,116.5529,340.4,1,1,2014-02-25,0604,Aqua,MODIS,81,6.2,316,22.3,D,0
-30.6673,116.5747,342.7,1,1,2014-02-25,0604,Aqua,MODIS,85,6.2,316.5,26.2,D,0
-32.0636,115.9172,325.9,1.1,1,2014-02-25,0604,Aqua,MODIS,41,6.2,310.3,5.4,D,2
-31.8643,115.8937,325.6,1.1,1,2014-02-25,0604,Aqua,MODIS,28,6.2,309.4,4.7,D,0
-30.8378,117.7931,332.5,1,1,2014-02-25,0604,Aqua,MODIS,57,6.2,314.6,10.2,D,0
-30.8363,117.8035,341.9,1,1,2014-02-25,0604,Aqua,MODIS,84,6.2,314.4,25.6,D,0
-30.8348,117.8139,332.9,1,1,2014-02-25,0604,Aqua,MODIS,67,6.2,313,11.2,D,0
-30.2447,117.315,338.9,1,1,2014-02-25,0604,Aqua,MODIS,79,6.2,318.1,18.8,D,0
-30.9004,118.1184,336,1,1,2014-02-25,0604,Aqua,MODIS,74,6.2,314.6,14.3,D,0
-30.9035,118.0975,335.3,1,1,2014-02-25,0604,Aqua,MODIS,73,6.2,316.9,14.2,D,0
-27.0104,114.4775,345.4,1.1,1.1,2014-02-25,0605,Aqua,MODIS,44,6.2,325.2,23.5,D,0
-27.0228,114.4564,365,1.1,1.1,2014-02-25,0605,Aqua,MODIS,100,6.2,326.2,82.4,D,0
-27.0185,114.4903,342,1.1,1.1,2014-02-25,0605,Aqua,MODIS,39,6.2,328.8,13.5,D,0
-27.0323,114.4579,358.2,1.1,1.1,2014-02-25,0605,Aqua,MODIS,98,6.2,328.4,57.9,D,0
-27.0309,114.4693,362.4,1.1,1.1,2014-02-25,0605,Aqua,MODIS,100,6.2,331.7,68.8,D,0
-27.0118,114.4662,382,1.1,1.1,2014-02-25,0605,Aqua,MODIS,100,6.2,327,156,D,0
-27.0133,114.4549,337.3,1.1,1.1,2014-02-25,0605,Aqua,MODIS,58,6.2,320.2,12.8,D,0
-27.0199,114.479,351,1.1,1.1,2014-02-25,0605,Aqua,MODIS,87,6.2,330.8,34.7,D,0
-27.009,114.4888,348.1,1.1,1.1,2014-02-25,0605,Aqua,MODIS,81,6.2,327,29,D,0
-27.0214,114.4677,393.9,1.1,1.1,2014-02-25,0605,Aqua,MODIS,100,6.2,335.5,219.9,D,0
-27.0075,114.5001,356.1,1.1,1.1,2014-02-25,0605,Aqua,MODIS,97,6.2,328.6,50.2,D,0
-22.4918,117.4064,341.8,1.1,1,2014-02-25,0606,Aqua,MODIS,81,6.2,322.8,21.5,D,0
-22.4902,117.4166,334.3,1.1,1,2014-02-25,0606,Aqua,MODIS,50,6.2,320.1,9.4,D,0
-22.4934,117.3961,344.2,1.1,1,2014-02-25,0606,Aqua,MODIS,86,6.2,323.8,25.9,D,0
-22.481,117.4148,344.8,1.1,1,2014-02-25,0606,Aqua,MODIS,82,6.2,320.8,25.9,D,0
-21.2198,117.1667,361.6,1.1,1,2014-02-25,0607,Aqua,MODIS,100,6.2,328.6,62.5,D,0
-21.2089,117.1753,360.5,1.1,1,2014-02-25,0607,Aqua,MODIS,100,6.2,327.9,58.9,D,0
-21.2105,117.165,354.5,1.1,1,2014-02-25,0607,Aqua,MODIS,95,6.2,327.7,42.1,D,0
-21.2012,117.1634,349.5,1.1,1,2014-02-25,0607,Aqua,MODIS,91,6.2,325.5,31.1,D,0
-21.3848,117.2294,339.4,1.1,1,2014-02-25,0607,Aqua,MODIS,68,6.2,323.2,15.6,D,0
-21.3499,117.1636,343.1,1.1,1,2014-02-25,0607,Aqua,MODIS,51,6.2,324.4,20.4,D,0
-21.3514,117.1533,347.2,1.1,1,2014-02-25,0607,Aqua,MODIS,82,6.2,324.5,30,D,0
-21.786,116.7163,353.4,1,1,2014-02-25,0607,Aqua,MODIS,77,6.2,323,39.3,D,0
-21.7677,116.7131,357.2,1,1,2014-02-25,0607,Aqua,MODIS,98,6.2,326.5,44,D,0
-21.7646,116.6718,355.8,1,1,2014-02-25,0607,Aqua,MODIS,97,6.2,320.9,46.5,D,0
-21.7661,116.6619,351.4,1,1,2014-02-25,0607,Aqua,MODIS,84,6.2,322.3,38.1,D,0
-21.754,116.6801,425.5,1,1,2014-02-25,0607,Aqua,MODIS,100,6.2,334,426,D,0
-21.7555,116.6702,402.5,1,1,2014-02-25,0607,Aqua,MODIS,100,6.2,325.2,246.6,D,0
-21.757,116.6603,357.9,1,1,2014-02-25,0607,Aqua,MODIS,98,6.2,318.9,53.7,D,0
-21.7449,116.6785,344.1,1,1,2014-02-25,0607,Aqua,MODIS,38,6.2,323.3,14.5,D,0
-21.7464,116.6686,377.5,1,1,2014-02-25,0607,Aqua,MODIS,100,6.2,323.4,114.4,D,0
-21.7479,116.6587,361,1,1,2014-02-25,0607,Aqua,MODIS,100,6.2,319.8,61.7,D,0
-21.7388,116.6571,362.7,1,1,2014-02-25,0607,Aqua,MODIS,100,6.2,321.5,67.8,D,0
-21.7403,116.6472,350.5,1,1,2014-02-25,0607,Aqua,MODIS,92,6.2,319,37,D,0
-21.7297,116.6555,346.7,1,1,2014-02-25,0607,Aqua,MODIS,84,6.2,319.8,29,D,0
-21.7312,116.6456,339.7,1,1,2014-02-25,0607,Aqua,MODIS,68,6.2,317.6,16.7,D,0
-21.7219,116.6585,357.3,1,1,2014-02-25,0607,Aqua,MODIS,98,6.2,321.6,51.1,D,0
-21.7069,116.6966,355.6,1,1,2014-02-25,0607,Aqua,MODIS,57,6.2,326.7,42.5,D,0
-21.7128,116.6569,355.6,1,1,2014-02-25,0607,Aqua,MODIS,84,6.2,321,48.9,D,0
-21.7143,116.647,379.6,1,1,2014-02-25,0607,Aqua,MODIS,100,6.2,321.2,131.4,D,0
-21.6978,116.695,425.7,1,1,2014-02-25,0607,Aqua,MODIS,100,6.2,338.1,429.7,D,0
-21.6993,116.685,379,1,1,2014-02-25,0607,Aqua,MODIS,100,6.2,330.6,120.7,D,0
-21.6886,116.6934,380.9,1,1,2014-02-25,0607,Aqua,MODIS,100,6.2,324.2,135.2,D,0
-21.6901,116.6835,420.1,1,1,2014-02-25,0607,Aqua,MODIS,100,6.2,328.4,385.4,D,0
-21.6916,116.6736,402.1,1,1,2014-02-25,0607,Aqua,MODIS,100,6.2,332.4,249.8,D,0
-21.6931,116.6636,363.2,1,1,2014-02-25,0607,Aqua,MODIS,99,6.2,321.5,71.7,D,0
-21.681,116.6819,346.8,1,1,2014-02-25,0607,Aqua,MODIS,85,6.2,315.4,32.6,D,0
-21.6825,116.672,383.3,1,1,2014-02-25,0607,Aqua,MODIS,100,6.2,320.1,150.5,D,0
-21.7313,116.7067,350.3,1,1,2014-02-25,0607,Aqua,MODIS,92,6.2,327.7,25.7,D,0
-21.7176,116.7349,347.2,1,1,2014-02-25,0607,Aqua,MODIS,66,6.2,323.7,21.8,D,0
-21.7101,116.7379,348.6,1,1,2014-02-25,0607,Aqua,MODIS,90,6.2,320.4,30.1,D,0
-21.7115,116.728,358.7,1,1,2014-02-25,0607,Aqua,MODIS,88,6.2,328.1,53.3,D,0
-21.713,116.718,358.6,1,1,2014-02-25,0607,Aqua,MODIS,97,6.2,328.8,55.4,D,0
-21.7024,116.7264,367.5,1,1,2014-02-25,0607,Aqua,MODIS,100,6.2,322.2,80.7,D,0
-21.7039,116.7164,436.9,1,1,2014-02-25,0607,Aqua,MODIS,100,6.2,339.3,550.7,D,0
-21.7054,116.7065,407.7,1,1,2014-02-25,0607,Aqua,MODIS,100,6.2,337.9,284.3,D,0
-21.6948,116.7148,387.9,1,1,2014-02-25,0607,Aqua,MODIS,100,6.2,321.8,166.2,D,0
-21.6963,116.7049,449.2,1,1,2014-02-25,0607,Aqua,MODIS,100,6.2,400.1,702.9,D,0
-21.6857,116.7132,343.4,1,1,2014-02-25,0607,Aqua,MODIS,85,6.2,315,24.6,D,0
-21.6871,116.7033,443.9,1,1,2014-02-25,0607,Aqua,MODIS,100,6.2,331.6,640.3,D,0
-21.3538,118.9573,359.2,1.3,1.1,2014-02-25,0607,Aqua,MODIS,99,6.2,324.8,83,D,0
-21.3437,118.9552,335.5,1.3,1.1,2014-02-25,0607,Aqua,MODIS,42,6.2,319.6,14.8,D,0
-21.3626,118.9519,338.5,1.3,1.1,2014-02-25,0607,Aqua,MODIS,58,6.2,324.3,18.8,D,0
-37.5768,148.3869,303.5,3.5,1.8,2014-02-25,1347,Terra,MODIS,55,6.2,286.2,36.4,N,0
-37.5842,148.3948,301.5,3.5,1.8,2014-02-25,1347,Terra,MODIS,10,6.2,286,27.1,N,0
-37.4796,148.4659,307.8,3.6,1.8,2014-02-25,1347,Terra,MODIS,41,6.2,287.1,53.9,N,0
-37.4844,148.5152,307.4,3.6,1.8,2014-02-25,1347,Terra,MODIS,22,6.2,286.5,54.6,N,0
-14.7108,128.1954,307.5,1.2,1.1,2014-02-25,1354,Terra,MODIS,71,6.2,293.2,6.5,N,0
-14.7191,128.2078,306,1.2,1.1,2014-02-25,1354,Terra,MODIS,23,6.2,293,6.6,N,0
-14.7206,128.1969,313.4,1.2,1.1,2014-02-25,1354,Terra,MODIS,87,6.2,293.1,12,N,0
-26.7957,150.2007,301.9,1,1,2014-02-25,1524,Aqua,MODIS,45,6.2,291.5,4.9,N,0
-34.4602,150.8859,303.8,1.3,1.1,2014-02-25,1526,Aqua,MODIS,57,6.2,291.8,9,N,2
-37.2421,148.6743,303.1,1.1,1.1,2014-02-25,1527,Aqua,MODIS,22,6.2,284.4,6.7,N,0
-37.4882,148.5208,313.4,1.1,1.1,2014-02-25,1527,Aqua,MODIS,48,6.2,289.1,12.4,N,0
-37.2485,148.6473,322.5,1.1,1.1,2014-02-25,1527,Aqua,MODIS,100,6.2,286.8,24.3,N,0
-37.472,148.628,301,1.1,1.1,2014-02-25,1527,Aqua,MODIS,15,6.2,285.2,5.4,N,0
-37.4769,148.5881,310.2,1.1,1.1,2014-02-25,1527,Aqua,MODIS,80,6.2,287.3,12.1,N,0
-37.2564,148.6322,309.1,1.1,1.1,2014-02-25,1527,Aqua,MODIS,76,6.2,283,12,N,0
-37.2502,148.6604,315.6,1.1,1.1,2014-02-25,1527,Aqua,MODIS,63,6.2,286.5,16,N,0
-37.4754,148.4967,328.6,1.1,1.1,2014-02-25,1527,Aqua,MODIS,100,6.2,289.4,29.9,N,0
-37.2325,148.6762,301.5,1.1,1.1,2014-02-25,1527,Aqua,MODIS,14,6.2,284.9,6.1,N,0
-37.4738,148.4838,320,1.1,1.1,2014-02-25,1527,Aqua,MODIS,84,6.2,288.3,20,N,0
-37.4849,148.5735,310.8,1.1,1.1,2014-02-25,1527,Aqua,MODIS,73,6.2,288.2,11.9,N,0
-37.2581,148.6458,311.6,1.1,1.1,2014-02-25,1527,Aqua,MODIS,83,6.2,285.8,13.8,N,0
-37.4818,148.4693,309.2,1.1,1.1,2014-02-25,1527,Aqua,MODIS,43,6.2,287,11.7,N,0
-37.4897,148.5334,309.8,1.1,1.1,2014-02-25,1527,Aqua,MODIS,26,6.2,288.7,9.8,N,0
-37.485,148.4952,317.7,1.1,1.1,2014-02-25,1527,Aqua,MODIS,51,6.2,287.8,16.5,N,0
-37.4722,148.471,312.7,1.1,1.1,2014-02-25,1527,Aqua,MODIS,46,6.2,287.9,13.5,N,0
-37.4834,148.4823,320.6,1.1,1.1,2014-02-25,1527,Aqua,MODIS,97,6.2,287.8,21.8,N,0
-37.477,148.5098,320.6,1.1,1.1,2014-02-25,1527,Aqua,MODIS,65,6.2,289.5,19.2,N,0
-37.4753,148.575,308,1.1,1.1,2014-02-25,1527,Aqua,MODIS,64,6.2,287.2,9.9,N,0
-37.4451,148.6783,317.9,1.1,1.1,2014-02-25,1527,Aqua,MODIS,84,6.2,280.7,18.7,N,0
-37.373,148.7503,300.2,1.1,1.1,2014-02-25,1527,Aqua,MODIS,21,6.2,279.7,6.7,N,0
-37.4179,148.6173,318.6,1.1,1.1,2014-02-25,1527,Aqua,MODIS,54,6.2,284.1,18.9,N,0
-37.4866,148.5081,316.3,1.1,1.1,2014-02-25,1527,Aqua,MODIS,48,6.2,288.8,14.5,N,0
-37.4323,148.6541,324.7,1.1,1.1,2014-02-25,1527,Aqua,MODIS,100,6.2,281.5,24.4,N,0
-37.4195,148.6297,331.2,1.1,1.1,2014-02-25,1527,Aqua,MODIS,100,6.2,283.4,35.1,N,0
-30.7792,116.8425,300.8,2,1.4,2014-02-25,1528,Terra,MODIS,34,6.2,290.1,12.1,N,0
-32.1239,115.8543,328.8,1.6,1.2,2014-02-25,1528,Terra,MODIS,100,6.2,292.4,54.8,N,0
-30.7856,116.8601,300.5,2,1.4,2014-02-25,1528,Terra,MODIS,18,6.2,290,11.1,N,0
-32.127,115.8376,314.3,1.6,1.2,2014-02-25,1528,Terra,MODIS,89,6.2,291.3,25.7,N,0
-21.3779,117.2317,310.1,3.4,1.7,2014-02-25,1531,Terra,MODIS,75,6.2,298.5,37.1,N,0
-21.3847,117.1983,323.4,3.4,1.7,2014-02-25,1531,Terra,MODIS,100,6.2,298.3,105.3,N,0
-22.4882,117.4053,308.6,2.5,1.5,2014-02-25,1702,Aqua,MODIS,75,6.2,296.5,24.2,N,0
-32.1249,115.8645,313.5,1.9,1.4,2014-02-25,1704,Aqua,MODIS,87,6.2,288.8,35.3,N,0
-32.1208,115.8441,303.1,1.9,1.4,2014-02-25,1704,Aqua,MODIS,53,6.2,289.2,16.7,N,0
-32.1261,115.857,318.2,1.9,1.4,2014-02-25,1704,Aqua,MODIS,96,6.2,289.3,46,N,0
-22.0969,146.7721,324.3,1.5,1.2,2014-02-26,0047,Terra,MODIS,71,6.2,302.4,20.6,D,0
-24.5098,145.237,352.5,1.3,1.1,2014-02-26,0048,Terra,MODIS,96,6.2,303,79.9,D,0
-24.52,145.2356,332.1,1.3,1.1,2014-02-26,0048,Terra,MODIS,84,6.2,302.3,25.9,D,0
-24.517,145.2295,342.4,1.3,1.1,2014-02-26,0048,Terra,MODIS,91,6.2,303,49.2,D,0
-24.5185,145.2424,338.1,1.3,1.1,2014-02-26,0048,Terra,MODIS,88,6.2,302.3,39.1,D,0
-38.2523,146.3954,348.7,2.3,1.5,2014-02-26,0051,Terra,MODIS,89,6.2,290.6,184.7,D,2
-38.2607,146.3873,345.1,2.3,1.5,2014-02-26,0051,Terra,MODIS,81,6.2,291.4,164.4,D,2
-38.2625,146.4133,323.2,2.3,1.5,2014-02-26,0051,Terra,MODIS,64,6.2,289.6,58.7,D,2
-38.2473,146.3893,328.7,2.3,1.5,2014-02-26,0051,Terra,MODIS,82,6.2,287.6,78.5,D,2
-21.0506,117.03,328.7,1,1,2014-02-26,0226,Terra,MODIS,20,6.2,315.7,6.1,D,0
-21.052,117.0396,343.7,1,1,2014-02-26,0226,Terra,MODIS,86,6.2,318,29.7,D,0
-21.181,117.1604,331.5,1,1,2014-02-26,0226,Terra,MODIS,54,6.2,318.9,7.5,D,0
-21.1886,117.1492,367.8,1,1,2014-02-26,0226,Terra,MODIS,100,6.2,320.9,85.9,D,0
-21.1901,117.1589,365.1,1,1,2014-02-26,0226,Terra,MODIS,100,6.2,322,77.2,D,0
-21.3737,117.1551,332,1,1,2014-02-26,0226,Terra,MODIS,41,6.2,316.8,8.9,D,0
-21.3809,117.2033,332.2,1,1,2014-02-26,0226,Terra,MODIS,64,6.2,317.1,9.8,D,0
-21.3824,117.2129,330.3,1,1,2014-02-26,0226,Terra,MODIS,42,6.2,316.3,8,D,0
-21.3946,117.1713,346.3,1,1,2014-02-26,0226,Terra,MODIS,89,6.2,317.4,34.5,D,0
-21.3961,117.181,356.5,1,1,2014-02-26,0226,Terra,MODIS,97,6.2,318.8,57.2,D,0
-21.3975,117.1906,358.4,1,1,2014-02-26,0226,Terra,MODIS,98,6.2,317.9,61.9,D,0
-21.3603,117.1277,344.4,1,1,2014-02-26,0226,Terra,MODIS,88,6.2,319.3,29.1,D,0
-21.3618,117.1373,347.6,1,1,2014-02-26,0226,Terra,MODIS,91,6.2,319.5,34.4,D,0
-21.3693,117.1262,333.3,1,1,2014-02-26,0226,Terra,MODIS,71,6.2,316.2,12,D,0
-21.3708,117.1358,334.6,1,1,2014-02-26,0226,Terra,MODIS,69,6.2,317.5,12.9,D,0
-21.3722,117.1454,344,1,1,2014-02-26,0226,Terra,MODIS,87,6.2,319.3,28.2,D,0
-21.8041,116.7122,358.7,1,1,2014-02-26,0226,Terra,MODIS,99,6.2,321.5,61.6,D,0
-21.7454,116.6319,344.7,1,1,2014-02-26,0226,Terra,MODIS,87,6.2,317.6,32.3,D,0
-21.7469,116.6417,364.6,1,1,2014-02-26,0226,Terra,MODIS,100,6.2,321.9,80.2,D,0
-21.7484,116.6515,343.9,1,1,2014-02-26,0226,Terra,MODIS,86,6.2,319.5,28.6,D,0
-21.7544,116.6303,372.4,1,1,2014-02-26,0226,Terra,MODIS,100,6.2,318.9,107.1,D,0
-21.7559,116.6401,393,1,1,2014-02-26,0226,Terra,MODIS,100,6.2,322.7,198.1,D,0
-21.7574,116.6499,349.5,1,1,2014-02-26,0226,Terra,MODIS,92,6.2,317.9,39.9,D,0
-22.4917,117.3672,361.4,1,1,2014-02-26,0226,Terra,MODIS,100,6.2,319,68,D,0
-22.4931,117.3768,380,1,1,2014-02-26,0226,Terra,MODIS,100,6.2,322.4,131.8,D,0
-22.4946,117.3865,333.6,1,1,2014-02-26,0226,Terra,MODIS,39,6.2,316.3,12.2,D,0
-22.4974,117.4058,331.8,1,1,2014-02-26,0226,Terra,MODIS,53,6.2,313.2,11.4,D,0
-22.5021,117.3753,344.7,1,1,2014-02-26,0226,Terra,MODIS,88,6.2,315.7,29.6,D,0
-22.5036,117.385,334.8,1,1,2014-02-26,0226,Terra,MODIS,23,6.2,313.5,12.9,D,0
-31.86,115.8894,314.5,1,1,2014-02-26,0229,Terra,MODIS,24,6.2,299.4,3.1,D,0
-31.9666,115.9952,314.1,1,1,2014-02-26,0229,Terra,MODIS,30,6.2,299.2,3,D,0
-33.317,116.0073,317.4,1,1,2014-02-26,0229,Terra,MODIS,62,6.2,301.5,13.1,D,0
-32.0661,115.9153,316.1,1,1,2014-02-26,0229,Terra,MODIS,43,6.2,299.4,4.1,D,2
-32.6582,119.4526,317.4,1.4,1.2,2014-02-26,0229,Terra,MODIS,53,6.2,293.7,16.1,D,0
-32.6599,119.4678,315.4,1.4,1.2,2014-02-26,0229,Terra,MODIS,46,6.2,292.2,13.5,D,0
-31.9055,115.8148,316,1,1,2014-02-26,0229,Terra,MODIS,39,6.2,299,5.2,D,0
-30.31,149.1293,313,2.1,1.4,2014-02-26,0330,Aqua,MODIS,62,6.2,278,26.9,D,0
-30.308,149.1515,313,2.1,1.4,2014-02-26,0330,Aqua,MODIS,62,6.2,280.4,26.3,D,0
-26.9938,152.9744,320.4,1.1,1.1,2014-02-26,0331,Aqua,MODIS,57,6.2,295.6,15,D,0
-23.6429,149.0457,327.4,1.8,1.3,2014-02-26,0332,Aqua,MODIS,70,6.2,303,33.9,D,0
-23.6395,149.0326,337.5,1.8,1.3,2014-02-26,0332,Aqua,MODIS,86,6.2,302.8,64,D,0
-23.6449,149.0279,324.8,1.8,1.3,2014-02-26,0332,Aqua,MODIS,56,6.2,304.3,25.3,D,0
-38.246,146.3725,328.2,3.9,1.8,2014-02-26,0506,Aqua,MODIS,49,6.2,287,150.1,D,2
-38.2505,146.3835,339.9,3.9,1.8,2014-02-26,0506,Aqua,MODIS,0,6.2,291.6,276,D,2
-38.2511,146.4217,317.3,3.9,1.8,2014-02-26,0506,Aqua,MODIS,0,6.2,288.5,77.4,D,2
-38.262,146.379,351.8,3.9,1.8,2014-02-26,0506,Aqua,MODIS,69,6.2,298.2,437.5,D,2
-35.6239,145.0689,318.3,3.8,1.8,2014-02-26,0506,Aqua,MODIS,58,6.2,301.1,46,D,0
-35.6204,145.0632,317,3.8,1.8,2014-02-26,0506,Aqua,MODIS,50,6.2,301.3,38.4,D,0
-35.61,145.1048,318,3.9,1.8,2014-02-26,0506,Aqua,MODIS,56,6.2,301.8,42.1,D,0
-18.3817,129.7884,320,1,1,2014-02-26,0512,Aqua,MODIS,37,6.2,299,11.1,D,0
-33.4265,119.5904,322,4,1.9,2014-02-26,0646,Aqua,MODIS,72,6.2,304.7,75,D,0
-33.4242,119.5845,322.7,4,1.9,2014-02-26,0646,Aqua,MODIS,73,6.2,304.8,81.9,D,0
-38.255,146.3976,324,1.3,1.1,2014-02-26,1252,Terra,MODIS,100,6.2,286.9,36.3,N,2
-38.2446,146.3958,302.3,1.3,1.1,2014-02-26,1252,Terra,MODIS,48,6.2,284,10.9,N,2
-38.2566,146.3821,331.1,1.3,1.1,2014-02-26,1252,Terra,MODIS,100,6.2,288.2,49.6,N,2
-38.2463,146.3801,317.4,1.3,1.1,2014-02-26,1252,Terra,MODIS,95,6.2,285.6,27.4,N,2
-35.8522,145.248,302.1,1.4,1.2,2014-02-26,1253,Terra,MODIS,47,6.2,288.8,9.5,N,0
-35.8415,145.2463,301.2,1.4,1.2,2014-02-26,1253,Terra,MODIS,39,6.2,288.4,8.6,N,0
-26.7955,150.2,307.9,1.1,1.1,2014-02-26,1255,Terra,MODIS,73,6.2,293.6,8.7,N,0
-26.4238,152.0984,304.3,1.5,1.2,2014-02-26,1255,Terra,MODIS,59,6.2,289.6,12.2,N,0
-24.9346,152.0923,304.4,1.6,1.2,2014-02-26,1256,Terra,MODIS,60,6.2,290.8,12.4,N,0
-22.2605,149.0223,306,1.1,1.1,2014-02-26,1257,Terra,MODIS,66,6.2,293.5,7.4,N,0
-22.2701,149.0241,322.9,1.1,1.1,2014-02-26,1257,Terra,MODIS,100,6.2,294.2,24.1,N,0
-21.3855,117.1571,308.2,1.2,1.1,2014-02-26,1744,Aqua,MODIS,69,6.2,296,8.3,N,0
-21.7958,117.7368,319.3,1.3,1.1,2014-02-26,1744,Aqua,MODIS,98,6.2,293.6,22.7,N,0
-31.9737,115.9672,321.7,1.3,1.1,2014-02-26,1747,Aqua,MODIS,100,6.2,291.2,29.7,N,0
-31.9753,115.9814,385.2,1.3,1.1,2014-02-26,1747,Aqua,MODIS,100,6.2,301.8,267.8,N,0
-31.977,115.9955,311.3,1.3,1.1,2014-02-26,1747,Aqua,MODIS,82,6.2,292.6,15.9,N,0
-26.4269,152.1077,328.1,1.2,1.1,2014-02-26,2353,Terra,MODIS,52,6.2,308.3,18.4,D,0
-29.287,149.5333,319.8,1.5,1.2,2014-02-26,2354,Terra,MODIS,70,6.2,286.2,20.5,D,0
-29.3102,149.5211,312.1,1.5,1.2,2014-02-26,2354,Terra,MODIS,16,6.2,282.6,11.1,D,0
-22.989,133.3986,318.8,1.1,1.1,2014-02-27,0131,Terra,MODIS,59,6.2,300.6,6.5,D,0
-33.349,120.6618,312.6,2.2,1.4,2014-02-27,0134,Terra,MODIS,33,6.2,299.5,17,D,0
-21.4404,117.1891,324.5,4,1.9,2014-02-27,0309,Terra,MODIS,55,6.2,308.1,57.6,D,0
-21.7227,116.5858,327.8,3.7,1.8,2014-02-27,0309,Terra,MODIS,29,6.2,311.1,54.1,D,0
-21.7298,116.5786,328.8,3.7,1.8,2014-02-27,0309,Terra,MODIS,60,6.2,311.2,66.5,D,0
-21.789,117.7173,325.9,4.4,1.9,2014-02-27,0309,Terra,MODIS,55,6.2,307.3,78.1,D,0
-41.4267,147.1638,318.9,1,1,2014-02-27,0410,Aqua,MODIS,70,6.2,303.6,8.3,D,0
-40.9391,145.5139,322.8,1.1,1.1,2014-02-27,0410,Aqua,MODIS,76,6.2,299.2,21.3,D,0
-37.7631,143.0252,319.3,1.4,1.2,2014-02-27,0411,Aqua,MODIS,57,6.2,304.6,8.7,D,0
-37.7647,143.0097,322.2,1.4,1.2,2014-02-27,0411,Aqua,MODIS,73,6.2,304.2,12.9,D,0
-37.7587,143.0193,323.1,1.4,1.2,2014-02-27,0411,Aqua,MODIS,74,6.2,305,16,D,0
-38.2658,146.386,332.4,1,1,2014-02-27,0411,Aqua,MODIS,33,6.2,304,24.7,D,2
-38.2551,146.3957,329.4,1,1,2014-02-27,0411,Aqua,MODIS,27,6.2,301.4,17.8,D,2
-38.2567,146.3839,336.8,1,1,2014-02-27,0411,Aqua,MODIS,73,6.2,305.4,27.9,D,2
-38.2476,146.3818,335.1,1,1,2014-02-27,0411,Aqua,MODIS,87,6.2,304.9,25.3,D,2
-37.4188,148.6231,304.3,1,1,2014-02-27,0411,Aqua,MODIS,50,6.2,291.1,4.4,D,0
-37.428,148.6856,306.6,1,1,2014-02-27,0411,Aqua,MODIS,54,6.2,290.5,5.2,D,0
-33.3329,146.9472,334.5,1,1,2014-02-27,0412,Aqua,MODIS,77,6.2,316.2,14.4,D,0
-33.322,146.9606,335.5,1,1,2014-02-27,0412,Aqua,MODIS,78,6.2,314.5,15.9,D,0
-33.1813,146.5408,339.9,1,1,2014-02-27,0412,Aqua,MODIS,84,6.2,319.1,19.2,D,0
-33.3236,146.9498,347.7,1,1,2014-02-27,0412,Aqua,MODIS,91,6.2,316.8,37.3,D,0
-34.2374,146.615,328.3,1,1,2014-02-27,0412,Aqua,MODIS,63,6.2,316.8,7.5,D,0
-33.9019,146.9614,335.8,1,1,2014-02-27,0412,Aqua,MODIS,79,6.2,317.9,16.6,D,0
-33.4254,146.445,353.8,1,1,2014-02-27,0412,Aqua,MODIS,96,6.2,320.6,48.1,D,0
-33.4329,146.4576,341.2,1,1,2014-02-27,0412,Aqua,MODIS,85,6.2,321.1,23.8,D,0
-34.2004,146.6241,335.2,1,1,2014-02-27,0412,Aqua,MODIS,78,6.2,317.8,15.7,D,0
-33.4238,146.4557,344.8,1,1,2014-02-27,0412,Aqua,MODIS,89,6.2,319,29.4,D,0
-32.9036,146.6194,335.2,1,1,2014-02-27,0412,Aqua,MODIS,78,6.2,316.5,14.2,D,0
-33.1828,146.5301,346.7,1,1,2014-02-27,0412,Aqua,MODIS,90,6.2,320.1,31.3,D,0
-33.3313,146.958,342.1,1,1,2014-02-27,0412,Aqua,MODIS,86,6.2,316.2,26.7,D,0
-31.558,152.7681,312.5,2,1.4,2014-02-27,0412,Aqua,MODIS,42,6.2,297.9,14.5,D,0
-33.2121,148.0371,327.4,1.1,1,2014-02-27,0412,Aqua,MODIS,64,6.2,308.4,9,D,0
-33.2139,148.0258,326.8,1.1,1,2014-02-27,0412,Aqua,MODIS,56,6.2,308.5,8.6,D,0
-33.2029,148.035,362.5,1.1,1,2014-02-27,0412,Aqua,MODIS,100,6.2,309.4,81.8,D,0
-33.2047,148.0237,360,1.1,1,2014-02-27,0412,Aqua,MODIS,100,6.2,311.8,74.5,D,0
-33.1936,148.0329,333,1.1,1,2014-02-27,0412,Aqua,MODIS,77,6.2,308.8,15.8,D,0
-34.0901,147.8497,348.7,1,1,2014-02-27,0412,Aqua,MODIS,93,6.2,309.9,44.9,D,0
-34.0918,147.8386,426.4,1,1,2014-02-27,0412,Aqua,MODIS,100,6.2,323.6,455.3,D,0
-34.0935,147.8274,333.9,1,1,2014-02-27,0412,Aqua,MODIS,44,6.2,314,17.1,D,0
-34.1009,147.8407,336.3,1,1,2014-02-27,0412,Aqua,MODIS,72,6.2,307,19.2,D,0
-28.6122,149.3604,332.8,1.4,1.2,2014-02-27,0413,Aqua,MODIS,67,6.2,296.3,30.4,D,0
-28.7208,149.2753,335.3,1.4,1.2,2014-02-27,0413,Aqua,MODIS,32,6.2,305.3,30.7,D,0
-24.9393,152.0872,332,2.5,1.5,2014-02-27,0414,Aqua,MODIS,76,6.2,304.1,76.8,D,0
-24.9482,152.0844,326.6,2.5,1.5,2014-02-27,0414,Aqua,MODIS,64,6.2,303.7,48.5,D,0
-26.4338,152.1034,336.5,2.3,1.5,2014-02-27,0414,Aqua,MODIS,83,6.2,307.8,71.3,D,0
-26.4382,152.0813,327.8,2.3,1.5,2014-02-27,0414,Aqua,MODIS,70,6.2,306.8,32.1,D,0
-23.6786,145.4437,326.5,1.1,1,2014-02-27,0415,Aqua,MODIS,56,6.2,303.1,11.6,D,0
-18.3335,144.5386,330.3,1.1,1,2014-02-27,0416,Aqua,MODIS,66,6.2,306.9,21.1,D,0
-17.5656,139.4884,316.5,1.2,1.1,2014-02-27,0417,Aqua,MODIS,15,6.2,295.5,6.2,D,0
-33.9164,117.9963,339.7,1.3,1.1,2014-02-27,0551,Aqua,MODIS,84,6.2,315.7,31.9,D,0
-34.0182,118.5974,343.7,1.2,1.1,2014-02-27,0551,Aqua,MODIS,88,6.2,319.8,39.1,D,0
-33.9063,117.9947,358.5,1.3,1.1,2014-02-27,0551,Aqua,MODIS,99,6.2,320.2,87.3,D,0
-33.4266,119.6109,330.1,1.1,1,2014-02-27,0551,Aqua,MODIS,69,6.2,317.6,8.5,D,0
-33.4281,119.5993,330.5,1.1,1,2014-02-27,0551,Aqua,MODIS,70,6.2,317.9,9.2,D,0
-31.2728,117.6374,332,1.2,1.1,2014-02-27,0552,Aqua,MODIS,63,6.2,319.9,11.1,D,0
-30.8605,117.7811,332.4,1.2,1.1,2014-02-27,0552,Aqua,MODIS,64,6.2,319.6,10.6,D,0
-31.0188,117.7216,333.4,1.2,1.1,2014-02-27,0552,Aqua,MODIS,66,6.2,320.4,11.7,D,0
-31.0287,117.7232,337.2,1.2,1.1,2014-02-27,0552,Aqua,MODIS,76,6.2,320.4,19.3,D,0
-30.562,116.4798,333.5,1.4,1.2,2014-02-27,0552,Aqua,MODIS,64,6.2,317.2,15.8,D,0
-30.8033,116.8691,337.6,1.3,1.1,2014-02-27,0552,Aqua,MODIS,69,6.2,318,21,D,0
-30.7945,116.8536,336.2,1.3,1.1,2014-02-27,0552,Aqua,MODIS,48,6.2,319.2,17.3,D,0
-30.4924,116.582,348.8,1.4,1.2,2014-02-27,0552,Aqua,MODIS,91,6.2,320,55.5,D,0
-30.5029,116.5835,335.3,1.4,1.2,2014-02-27,0552,Aqua,MODIS,70,6.2,318,18.4,D,0
-31.5549,117.4712,341.9,1.3,1.1,2014-02-27,0552,Aqua,MODIS,84,6.2,320.6,32.1,D,0
-31.5463,117.4562,335.9,1.3,1.1,2014-02-27,0552,Aqua,MODIS,75,6.2,321.8,19.8,D,0
-31.5565,117.4578,341.6,1.3,1.1,2014-02-27,0552,Aqua,MODIS,84,6.2,320.7,31.7,D,0
-22.5213,117.3742,340.1,1,1,2014-02-27,0554,Aqua,MODIS,79,6.2,323.4,14.4,D,0
-21.4476,117.1728,339,1,1,2014-02-27,0554,Aqua,MODIS,68,6.2,321.7,12.1,D,0
-21.4357,117.1915,337,1,1,2014-02-27,0554,Aqua,MODIS,26,6.2,320.2,9.4,D,0
-21.4371,117.1814,339.4,1,1,2014-02-27,0554,Aqua,MODIS,69,6.2,323.2,13.4,D,0
-21.7471,116.5883,345.1,1.1,1,2014-02-27,0554,Aqua,MODIS,87,6.2,321,26,D,0
-21.7486,116.5776,366.6,1.1,1,2014-02-27,0554,Aqua,MODIS,100,6.2,322.6,88.4,D,0
-21.7391,116.5762,343.4,1.1,1,2014-02-27,0554,Aqua,MODIS,85,6.2,323,23.5,D,0
-21.7297,116.5747,338.7,1.1,1,2014-02-27,0554,Aqua,MODIS,72,6.2,322.4,13.9,D,0
-20.7415,119.6689,340.3,1,1,2014-02-27,0554,Aqua,MODIS,66,6.2,324.6,15,D,0
-20.7323,119.6673,342.9,1,1,2014-02-27,0554,Aqua,MODIS,79,6.2,322.5,18.3,D,0
-20.74,119.6788,345.1,1,1,2014-02-27,0554,Aqua,MODIS,87,6.2,323.6,23.2,D,0
-21.7944,117.7298,341.4,1,1,2014-02-27,0554,Aqua,MODIS,82,6.2,321,17.7,D,0
-21.7958,117.7199,339.9,1,1,2014-02-27,0554,Aqua,MODIS,80,6.2,322.5,14.9,D,0
-21.8039,117.7167,343.1,1,1,2014-02-27,0554,Aqua,MODIS,83,6.2,321.2,18.3,D,0
-27.0701,149.6633,321.4,4.8,2,2014-02-27,1200,Terra,MODIS,94,6.2,286,199.5,N,0
-27.0695,149.705,308.3,4.7,2,2014-02-27,1200,Terra,MODIS,56,6.2,282.2,95.7,N,0
-27.0726,149.6564,317.5,4.8,2,2014-02-27,1200,Terra,MODIS,87,6.2,286,164.6,N,0
-38.2537,146.3894,327.3,1.7,1.3,2014-02-27,1335,Terra,MODIS,100,6.2,287,60.6,N,2
-38.2425,146.3853,317.1,1.7,1.3,2014-02-27,1335,Terra,MODIS,94,6.2,284.1,37.4,N,2
-38.2581,146.385,327.7,1.7,1.3,2014-02-27,1335,Terra,MODIS,100,6.2,286.8,61,N,2
-38.2467,146.3816,318.5,1.7,1.3,2014-02-27,1335,Terra,MODIS,97,6.2,285.6,40.6,N,2
-38.2544,146.4038,305.2,1.7,1.3,2014-02-27,1335,Terra,MODIS,33,6.2,283.5,18.5,N,2
-33.003,137.5851,312.4,1,1,2014-02-27,1337,Terra,MODIS,85,6.2,290.5,11.7,N,0
-26.7971,150.2065,306.1,1.1,1,2014-02-27,1511,Aqua,MODIS,67,6.2,292.3,6.9,N,2
-27.0629,149.6824,338.7,1.1,1,2014-02-27,1512,Aqua,MODIS,100,6.2,293.3,46.3,N,0
-27.0647,149.6934,319.5,1.1,1,2014-02-27,1512,Aqua,MODIS,99,6.2,291.6,18.5,N,0
-27.0723,149.6805,324.7,1.1,1,2014-02-27,1512,Aqua,MODIS,100,6.2,290.9,24.4,N,0
-27.0741,149.6915,313.8,1.1,1,2014-02-27,1512,Aqua,MODIS,88,6.2,289.5,12.8,N,0
-38.2415,146.3888,313,1.1,1,2014-02-27,1515,Aqua,MODIS,86,6.2,284.7,16.7,N,2
-38.2508,146.386,310.4,1.1,1,2014-02-27,1515,Aqua,MODIS,80,6.2,287.2,14,N,2
-38.2529,146.3986,322.1,1.1,1,2014-02-27,1515,Aqua,MODIS,100,6.2,286.4,25.6,N,2
-38.2436,146.4012,301.2,1.1,1,2014-02-27,1515,Aqua,MODIS,38,6.2,283.5,8,N,2
-31.5519,117.5219,313.9,1.3,1.1,2014-02-27,1516,Terra,MODIS,88,6.2,292.2,20.5,N,0
-31.5464,117.5142,310.3,1.3,1.1,2014-02-27,1516,Terra,MODIS,80,6.2,291.6,16,N,0
-21.461,117.2008,311,2,1.4,2014-02-27,1519,Terra,MODIS,77,6.2,296.1,19.3,N,0
-21.7388,116.5867,306.5,1.8,1.3,2014-02-27,1519,Terra,MODIS,57,6.2,296,8.8,N,0
-20.6168,116.7675,323.8,1.9,1.4,2014-02-27,1519,Terra,MODIS,93,6.2,298.2,0,N,2
-21.4698,117.2227,309.3,2,1.4,2014-02-27,1519,Terra,MODIS,71,6.2,296.4,16.9,N,0
-21.4478,117.2074,303.6,4.5,2,2014-02-27,1649,Aqua,MODIS,55,6.2,292.7,34.6,N,0
-21.457,117.2496,306.4,4.5,1.9,2014-02-27,1649,Aqua,MODIS,67,6.2,293.5,47.6,N,0
-21.4587,117.2445,308,4.5,1.9,2014-02-27,1649,Aqua,MODIS,73,6.2,293.4,53.3,N,0
-20.2001,146.0922,318.3,1,1,2014-02-28,0034,Terra,MODIS,53,6.2,304.1,5.3,D,0
-20.2015,146.1018,322.7,1,1,2014-02-28,0034,Terra,MODIS,67,6.2,305,9.8,D,0
-21.5751,144.9963,325.4,1,1,2014-02-28,0035,Terra,MODIS,63,6.2,307.2,7.9,D,0
-23.1248,145.5199,330.7,1,1,2014-02-28,0035,Terra,MODIS,79,6.2,301.8,18.2,D,0
-38.0946,145.1646,310,1.3,1.1,2014-02-28,0039,Terra,MODIS,18,6.2,295.4,5,D,0
-38.2455,146.3903,335.9,1.5,1.2,2014-02-28,0039,Terra,MODIS,88,6.2,299.3,55.2,D,2
-38.2565,146.3886,359,1.5,1.2,2014-02-28,0039,Terra,MODIS,99,6.2,302.7,138.9,D,2
-38.2582,146.4054,331.7,1.5,1.2,2014-02-28,0039,Terra,MODIS,85,6.2,299,43.3,D,2
-38.2472,146.4072,317.8,1.5,1.2,2014-02-28,0039,Terra,MODIS,70,6.2,298.9,16.1,D,2
-37.9977,145.1122,311.2,1.3,1.1,2014-02-28,0039,Terra,MODIS,21,6.2,297.1,4.8,D,0
-37.9034,145.2458,311,1.3,1.1,2014-02-28,0039,Terra,MODIS,42,6.2,295.8,4.7,D,0
-37.8347,144.8305,315.6,1.2,1.1,2014-02-28,0039,Terra,MODIS,63,6.2,298.6,7.5,D,0
-20.6186,116.7729,332,1.4,1.2,2014-02-28,0213,Terra,MODIS,60,6.2,309.2,25.7,D,2
-21.0452,117.0466,329.2,1.3,1.1,2014-02-28,0214,Terra,MODIS,58,6.2,312.5,12.6,D,0
-21.4539,117.2179,331.1,1.3,1.1,2014-02-28,0214,Terra,MODIS,43,6.2,313.7,14.9,D,0
-21.4721,117.2016,344.7,1.3,1.1,2014-02-28,0214,Terra,MODIS,89,6.2,313,45.2,D,0
-21.4741,117.214,348.8,1.3,1.1,2014-02-28,0214,Terra,MODIS,92,6.2,312.7,56.2,D,0
-21.4694,117.1955,337,1.3,1.1,2014-02-28,0214,Terra,MODIS,80,6.2,312.6,27.8,D,0
-21.4715,117.2079,350.1,1.3,1.1,2014-02-28,0214,Terra,MODIS,93,6.2,313.7,63.1,D,0
-21.456,117.2303,336.1,1.3,1.1,2014-02-28,0214,Terra,MODIS,71,6.2,312.9,26.5,D,0
-21.4661,117.2284,338,1.3,1.1,2014-02-28,0214,Terra,MODIS,66,6.2,313,28.6,D,0
-21.4736,117.2203,331.3,1.3,1.1,2014-02-28,0214,Terra,MODIS,71,6.2,312.2,16.5,D,0
-22.6889,120.9358,362.6,1,1,2014-02-28,0214,Terra,MODIS,100,6.2,312.9,79.1,D,0
-30.9816,117.7079,330,1,1,2014-02-28,0216,Terra,MODIS,73,6.2,312.8,13.1,D,0
-30.4694,116.5038,332.4,1.1,1,2014-02-28,0216,Terra,MODIS,76,6.2,313.5,17.7,D,0
-30.4676,116.4926,341.1,1.1,1,2014-02-28,0216,Terra,MODIS,86,6.2,314,32.7,D,0
-31.1852,117.4689,326,1,1,2014-02-28,0216,Terra,MODIS,40,6.2,312.7,8.2,D,0
-31.1959,117.4777,335.9,1,1,2014-02-28,0216,Terra,MODIS,81,6.2,311.7,22.1,D,0
-31.1943,117.4671,353.7,1,1,2014-02-28,0216,Terra,MODIS,96,6.2,313.9,55.4,D,0
-31.1926,117.4564,339.5,1,1,2014-02-28,0216,Terra,MODIS,85,6.2,313.3,27.3,D,0
-31.191,117.4458,332.3,1,1,2014-02-28,0216,Terra,MODIS,77,6.2,313.1,16.1,D,0
-31.2964,117.593,332.3,1,1,2014-02-28,0216,Terra,MODIS,77,6.2,312,16.9,D,0
-32.7403,119.6602,366.7,1.1,1,2014-02-28,0217,Terra,MODIS,100,6.2,313.5,99.2,D,0
-32.731,119.6619,324.9,1.1,1,2014-02-28,0217,Terra,MODIS,28,6.2,312.3,10,D,0
-34.2356,118.5076,323.7,1,1,2014-02-28,0217,Terra,MODIS,55,6.2,311.3,6.4,D,0
-33.3461,120.6686,321.2,1.2,1.1,2014-02-28,0217,Terra,MODIS,44,6.2,309.2,9.6,D,0
-34.2341,118.4965,354.8,1,1,2014-02-28,0217,Terra,MODIS,97,6.2,315,60.2,D,0
-32.7418,119.6716,328.7,1.1,1,2014-02-28,0217,Terra,MODIS,76,6.2,311.6,13.3,D,0
-23.516,146.8042,313.5,4.3,1.9,2014-02-28,0319,Aqua,MODIS,52,6.2,293.8,39,D,0
-25.3137,152.6343,317.4,1.7,1.3,2014-02-28,0319,Aqua,MODIS,50,6.2,299.1,22.3,D,0
-23.5146,146.8006,315.1,4.3,1.9,2014-02-28,0320,Aqua,MODIS,62,6.2,294,51.9,D,0
-21.0634,148.2697,312.6,3.1,1.7,2014-02-28,0320,Aqua,MODIS,33,6.2,289.1,36.1,D,0
-21.0661,148.2645,316.2,3.1,1.7,2014-02-28,0320,Aqua,MODIS,0,6.2,289.8,51.7,D,0
-37.8394,141.9832,328.2,1.5,1.2,2014-02-28,0454,Aqua,MODIS,80,6.2,302.6,31.2,D,0
-38.2551,146.4102,318.9,2.6,1.5,2014-02-28,0454,Aqua,MODIS,26,6.2,301.5,28.2,D,2
-38.2617,146.3821,337.1,2.5,1.5,2014-02-28,0454,Aqua,MODIS,78,6.2,303.5,115.9,D,2
-38.248,146.3778,323.6,2.5,1.5,2014-02-28,0454,Aqua,MODIS,80,6.2,300.1,49.7,D,2
-38.2517,146.4046,323.7,2.6,1.5,2014-02-28,0454,Aqua,MODIS,75,6.2,301.7,51.1,D,2
-38.2581,146.3766,330.1,2.5,1.5,2014-02-28,0454,Aqua,MODIS,80,6.2,302.5,81.1,D,2
-33.9379,137.9093,326.1,1.1,1,2014-02-28,0455,Aqua,MODIS,65,6.2,310,9.7,D,0
-33.936,137.9211,348.5,1.1,1,2014-02-28,0455,Aqua,MODIS,93,6.2,311.7,49.9,D,0
-32.7694,134.9677,332.2,1,1,2014-02-28,0456,Aqua,MODIS,67,6.2,311.4,16.4,D,0
-32.7604,134.9659,336.1,1,1,2014-02-28,0456,Aqua,MODIS,75,6.2,312.5,22.9,D,0
-32.7242,119.6493,329.4,2.7,1.6,2014-02-28,0634,Aqua,MODIS,35,6.2,315.4,47,D,0
-32.8947,119.6562,335.4,2.6,1.6,2014-02-28,0634,Aqua,MODIS,81,6.2,313.4,78.9,D,0
-32.8885,119.6842,330.7,2.7,1.6,2014-02-28,0634,Aqua,MODIS,74,6.2,313.7,52.3,D,0
-32.8809,119.6518,330.2,2.6,1.6,2014-02-28,0634,Aqua,MODIS,73,6.2,314.5,49.8,D,0
-32.8846,119.6753,331.8,2.7,1.6,2014-02-28,0634,Aqua,MODIS,75,6.2,314,57.3,D,0
-32.8906,119.6473,327.5,2.6,1.6,2014-02-28,0634,Aqua,MODIS,43,6.2,313.3,33.9,D,0
-32.738,119.6539,333.6,2.7,1.6,2014-02-28,0634,Aqua,MODIS,77,6.2,314.6,70.4,D,0
-30.4763,116.5196,336.5,1.9,1.3,2014-02-28,0635,Aqua,MODIS,78,6.2,320.9,37.1,D,0
-30.4883,116.5226,333.5,1.9,1.3,2014-02-28,0635,Aqua,MODIS,73,6.2,321.1,26.2,D,0
-38.2534,146.3835,309.7,2,1.4,2014-02-28,1240,Terra,MODIS,78,6.2,288.3,30.7,N,2
-38.2526,146.3767,303.5,2,1.4,2014-02-28,1240,Terra,MODIS,28,6.2,288,17.9,N,2
-25.8354,148.5586,306.7,1.1,1,2014-02-28,1243,Terra,MODIS,69,6.2,292,7.7,N,0
-26.7987,150.2014,309.9,1,1,2014-02-28,1243,Terra,MODIS,79,6.2,292.4,8.7,N,2
-27.0636,149.6737,305.5,1,1,2014-02-28,1243,Terra,MODIS,65,6.2,285.1,7.7,N,0
-27.0608,152.3021,302.5,1,1,2014-02-28,1243,Terra,MODIS,50,6.2,289.9,5.8,N,0
-27.0624,152.2915,301.2,1,1,2014-02-28,1243,Terra,MODIS,39,6.2,289.7,4.9,N,0
-25.3886,149.776,304,1,1,2014-02-28,1243,Terra,MODIS,58,6.2,292.1,5,N,0
-25.3899,149.7661,306.4,1,1,2014-02-28,1243,Terra,MODIS,68,6.2,292,6.6,N,0
-22.1782,147.6085,331.6,1.1,1,2014-02-28,1244,Terra,MODIS,100,6.2,295.4,33.8,N,0
-22.1796,147.5979,323.2,1.1,1,2014-02-28,1244,Terra,MODIS,100,6.2,295.1,22.4,N,0
-22.189,147.5993,327.6,1.1,1,2014-02-28,1244,Terra,MODIS,100,6.2,295.6,27.9,N,0
-22.1876,147.6099,334.9,1.1,1,2014-02-28,1244,Terra,MODIS,100,6.2,296.5,39.1,N,0
-23.1986,150.7505,307.7,1,1,2014-02-28,1244,Terra,MODIS,72,6.2,291.7,8.2,N,0
-23.2001,150.7405,306.4,1,1,2014-02-28,1244,Terra,MODIS,61,6.2,293.2,7.4,N,0
-23.1895,150.7489,310.3,1,1,2014-02-28,1244,Terra,MODIS,76,6.2,289.9,8.8,N,0
-23.191,150.7389,312.4,1,1,2014-02-28,1244,Terra,MODIS,82,6.2,292.1,10.6,N,0
-23.6605,149.0575,304,1,1,2014-02-28,1244,Terra,MODIS,58,6.2,292.6,4.8,N,0
-23.6618,149.0477,307.5,1,1,2014-02-28,1244,Terra,MODIS,72,6.2,292.7,7.1,N,0
-23.6274,149.0363,304.6,1,1,2014-02-28,1244,Terra,MODIS,61,6.2,292.2,5.1,N,0
-23.6525,145.2221,301.9,1.5,1.2,2014-02-28,1244,Terra,MODIS,45,6.2,290.9,5.8,N,0
-21.0711,148.2646,304.2,1,1,2014-02-28,1245,Terra,MODIS,11,6.2,289.9,5,N,0
-30.8672,121.5004,306.7,1.6,1.3,2014-02-28,1421,Terra,MODIS,69,6.2,292.3,16,N,2
-30.869,121.4831,305.6,1.7,1.3,2014-02-28,1421,Terra,MODIS,65,6.2,292.3,14.7,N,0
-21.4943,117.2713,313.2,2.4,1.5,2014-02-28,1424,Terra,MODIS,82,6.2,296.7,29.5,N,0
-21.4806,117.2696,313.7,2.4,1.5,2014-02-28,1424,Terra,MODIS,84,6.2,296.8,30.4,N,0
-21.4647,117.2916,315.2,2.4,1.5,2014-02-28,1424,Terra,MODIS,88,6.2,296.7,33.1,N,0
-21.467,117.2679,350.3,2.4,1.5,2014-02-28,1424,Terra,MODIS,100,6.2,298.6,217.3,N,0
-21.4534,117.2664,313.1,2.4,1.5,2014-02-28,1424,Terra,MODIS,82,6.2,296.9,27.9,N,0
-21.4557,117.2429,311.1,2.5,1.5,2014-02-28,1424,Terra,MODIS,58,6.2,296.2,23.4,N,0
-21.4421,117.2413,307.2,2.5,1.5,2014-02-28,1424,Terra,MODIS,50,6.2,296.3,15,N,0
-22.1855,147.6069,309.1,1.7,1.3,2014-02-28,1553,Aqua,MODIS,76,6.2,290.7,19.7,N,0
-22.1738,147.6084,301.6,1.7,1.3,2014-02-28,1553,Aqua,MODIS,25,6.2,290.5,8.9,N,0
-22.1773,147.6133,313.8,1.7,1.3,2014-02-28,1553,Aqua,MODIS,88,6.2,291.1,26.3,N,0
-23.6584,145.218,304.4,1.3,1.1,2014-02-28,1554,Aqua,MODIS,60,6.2,291.6,7,N,0
-38.2486,146.3964,309.7,2.3,1.5,2014-02-28,1558,Aqua,MODIS,78,6.2,287.2,38.7,N,2
-38.254,146.4028,312.4,2.3,1.5,2014-02-28,1558,Aqua,MODIS,85,6.2,287,45.6,N,2
-21.4639,117.2743,314.3,1,1,2014-02-28,1732,Aqua,MODIS,87,6.2,297.9,9.6,N,0
-38.2564,146.3822,315,2.2,1.5,2014-02-28,2344,Terra,MODIS,60,6.2,297.2,21.1,D,2
-24.5714,145.2858,318.7,4.6,2,2014-03-01,0118,Terra,MODIS,38,6.2,286.6,89.6,D,0
-21.0358,117.0418,333,2.3,1.5,2014-03-01,0256,Terra,MODIS,76,6.2,313.6,49.2,D,0
-21.0466,117.0181,339.2,2.3,1.5,2014-03-01,0256,Terra,MODIS,84,6.2,313.1,78.8,D,0
-21.049,117.0402,328.1,2.3,1.5,2014-03-01,0256,Terra,MODIS,40,6.2,314.4,27.3,D,0
-21.5267,117.2726,328.4,2.4,1.5,2014-03-01,0257,Terra,MODIS,46,6.2,312.8,27.4,D,0
-26.1317,149.9683,336.4,1.1,1.1,2014-03-01,0402,Aqua,MODIS,77,6.2,312.5,13.9,D,0
-23.6752,149.0547,338,1.1,1,2014-03-01,0402,Aqua,MODIS,83,6.2,304.9,28.3,D,0
-23.6769,149.0436,326.9,1.1,1,2014-03-01,0402,Aqua,MODIS,47,6.2,301.7,12.2,D,0
-23.6658,149.053,352.1,1.1,1,2014-03-01,0402,Aqua,MODIS,95,6.2,308.2,60.1,D,0
-23.6581,149.0403,328.6,1.1,1,2014-03-01,0402,Aqua,MODIS,55,6.2,306.8,13.9,D,0
-23.6563,149.0514,342.4,1.1,1,2014-03-01,0402,Aqua,MODIS,87,6.2,308.3,36.7,D,0
-23.6675,149.0419,328.4,1.1,1,2014-03-01,0402,Aqua,MODIS,60,6.2,299.1,14.7,D,0
-24.569,145.2805,329.6,1.1,1,2014-03-01,0402,Aqua,MODIS,73,6.2,299.7,17.6,D,0
-24.5704,145.2699,332.9,1.1,1,2014-03-01,0402,Aqua,MODIS,74,6.2,298.7,23.4,D,0
-23.1343,145.5097,331.6,1,1,2014-03-01,0403,Aqua,MODIS,66,6.2,305,17.7,D,0
-20.0122,148.1214,322.5,1.1,1,2014-03-01,0403,Aqua,MODIS,57,6.2,307.4,8.1,D,0
-21.0446,148.2541,328.9,1.1,1,2014-03-01,0403,Aqua,MODIS,37,6.2,304.3,16.3,D,0
-21.0462,148.2438,335.1,1.1,1,2014-03-01,0403,Aqua,MODIS,68,6.2,303.9,25.2,D,0
-21.0657,148.2742,329.8,1.1,1,2014-03-01,0403,Aqua,MODIS,69,6.2,307.9,13.6,D,0
-21.0766,148.2659,331,1.1,1,2014-03-01,0403,Aqua,MODIS,77,6.2,308.7,16.1,D,0
-21.0751,148.2759,323.9,1.1,1,2014-03-01,0403,Aqua,MODIS,45,6.2,307.1,6.5,D,0
-21.0478,148.2337,338.9,1.1,1,2014-03-01,0403,Aqua,MODIS,86,6.2,305.1,32.3,D,0
-21.4837,145.1728,331.9,1,1,2014-03-01,0403,Aqua,MODIS,69,6.2,310.8,12.8,D,0
-21.45,146.961,330.5,1,1,2014-03-01,0403,Aqua,MODIS,70,6.2,313,8.5,D,0
-30.8683,121.4931,331.2,1.1,1.1,2014-03-01,0539,Aqua,MODIS,69,6.2,316.7,13.3,D,2
-30.9397,117.6568,331.8,1.9,1.3,2014-03-01,0539,Aqua,MODIS,62,6.2,320.8,19.2,D,0
-31.1134,117.2946,339.1,2,1.4,2014-03-01,0539,Aqua,MODIS,79,6.2,323.4,47.9,D,0
-30.9379,117.6765,334.7,1.9,1.3,2014-03-01,0539,Aqua,MODIS,71,6.2,321.7,27.8,D,0
-21.0451,117.0265,340.1,1.5,1.2,2014-03-01,0542,Aqua,MODIS,79,6.2,322.2,30.1,D,0
-20.6977,119.4898,341.1,1.1,1,2014-03-01,0542,Aqua,MODIS,56,6.2,322.6,17.7,D,0
-21.4343,117.2127,357.6,1.5,1.2,2014-03-01,0542,Aqua,MODIS,98,6.2,321,97.3,D,0
-21.5314,117.2618,343.7,1.5,1.2,2014-03-01,0542,Aqua,MODIS,75,6.2,323.3,36.5,D,0
-21.5189,117.2746,355,1.5,1.2,2014-03-01,0542,Aqua,MODIS,96,6.2,325.2,76.9,D,0
-21.5205,117.2603,355.4,1.5,1.2,2014-03-01,0542,Aqua,MODIS,96,6.2,326.9,79.9,D,0
-21.5097,117.2588,410,1.5,1.2,2014-03-01,0542,Aqua,MODIS,100,6.2,327.4,515.7,D,0
-21.5113,117.2445,388.6,1.5,1.2,2014-03-01,0542,Aqua,MODIS,100,6.2,322.3,291.7,D,0
-21.5144,117.2817,341.4,1.5,1.2,2014-03-01,0542,Aqua,MODIS,68,6.2,323.9,30.8,D,0
-21.5161,117.2675,372.3,1.5,1.2,2014-03-01,0542,Aqua,MODIS,100,6.2,327,168,D,0
-21.5179,117.2532,388.7,1.5,1.2,2014-03-01,0542,Aqua,MODIS,100,6.2,330.2,289.2,D,0
-21.507,117.2518,380.8,1.5,1.2,2014-03-01,0542,Aqua,MODIS,100,6.2,322.6,227.2,D,0
-21.4511,117.2585,338.1,1.5,1.2,2014-03-01,0542,Aqua,MODIS,67,6.2,319.8,27,D,0
-21.4327,117.227,383.3,1.5,1.2,2014-03-01,0542,Aqua,MODIS,100,6.2,322.8,253.4,D,0
-21.4293,117.2357,338.6,1.5,1.2,2014-03-01,0542,Aqua,MODIS,77,6.2,318.2,31.9,D,0
-21.431,117.2214,377.7,1.5,1.2,2014-03-01,0542,Aqua,MODIS,100,6.2,324,215,D,0
-21.8917,118.2416,338.2,1.3,1.1,2014-03-01,0542,Aqua,MODIS,77,6.2,323.8,17.3,D,0
-22.1797,147.6153,310,3,1.6,2014-03-01,1327,Terra,MODIS,79,6.2,291.5,44.3,N,0
-22.1788,147.6215,306.1,3,1.6,2014-03-01,1327,Terra,MODIS,67,6.2,291.3,31.7,N,0
-22.1847,147.593,304.3,3,1.6,2014-03-01,1327,Terra,MODIS,59,6.2,291.4,26.1,N,0
-22.1868,147.6169,303.2,2.8,1.6,2014-03-01,1458,Aqua,MODIS,54,6.2,291.1,24.4,N,0
-27.7425,152.7201,303,1.1,1,2014-03-01,1459,Aqua,MODIS,52,6.2,288.9,6.7,N,0
-26.128,149.9711,304.2,1.6,1.2,2014-03-01,1459,Aqua,MODIS,59,6.2,290.6,10.7,N,0
-26.8307,150.2041,302,1.5,1.2,2014-03-01,1459,Aqua,MODIS,46,6.2,291.4,7.5,N,0
-21.5398,117.2812,342.6,1.3,1.1,2014-03-01,1506,Terra,MODIS,100,6.2,301.4,64,N,0
-20.5968,116.7788,314.3,1.2,1.1,2014-03-01,1507,Terra,MODIS,85,6.2,301.7,11.6,N,2
-21.4393,117.2688,336.8,1.3,1.1,2014-03-01,1507,Terra,MODIS,100,6.2,301.5,48.7,N,0
-21.4413,117.2566,339.1,1.3,1.1,2014-03-01,1507,Terra,MODIS,100,6.2,301.6,54.2,N,0
-21.4333,117.2425,314.3,1.3,1.1,2014-03-01,1507,Terra,MODIS,86,6.2,301,12.5,N,0
-21.4233,117.2406,341,1.3,1.1,2014-03-01,1507,Terra,MODIS,100,6.2,301.4,58.3,N,0
-21.4253,117.2284,317,1.3,1.1,2014-03-01,1507,Terra,MODIS,93,6.2,299.7,15.8,N,0
-21.4194,117.2604,306.8,4,1.9,2014-03-01,1815,Aqua,MODIS,68,6.2,296.7,44,N,0
-21.4227,117.2519,306.5,4,1.9,2014-03-01,1815,Aqua,MODIS,67,6.2,296.4,45,N,0
-21.084,148.2728,321,1,1,2014-03-02,0022,Terra,MODIS,44,6.2,302.5,7.5,D,0
-24.6235,147.3152,329.2,1,1,2014-03-02,0023,Terra,MODIS,80,6.2,297.5,20.3,D,0
-23.6361,149.0547,317.9,1,1,2014-03-02,0023,Terra,MODIS,14,6.2,299.8,5.2,D,0
-23.664,149.0643,321.2,1,1,2014-03-02,0023,Terra,MODIS,51,6.2,302.3,8.7,D,0
-28.3176,150.4847,342.2,1.3,1.1,2014-03-02,0024,Terra,MODIS,89,6.2,306.6,47.4,D,0
-28.3167,150.4924,355.8,1.3,1.1,2014-03-02,0024,Terra,MODIS,97,6.2,307.8,89.6,D,0
-28.3182,150.5055,328.9,1.3,1.1,2014-03-02,0024,Terra,MODIS,74,6.2,306.1,20.3,D,0
-28.3268,150.4908,332.3,1.3,1.1,2014-03-02,0024,Terra,MODIS,81,6.2,305.3,26.6,D,0
-28.3193,150.4978,357.1,1.3,1.1,2014-03-02,0024,Terra,MODIS,98,6.2,307.3,94.6,D,0
-30.304,148.9105,333.9,1.1,1.1,2014-03-02,0025,Terra,MODIS,84,6.2,305.3,24.8,D,0
-38.2531,146.3864,316.6,1.1,1,2014-03-02,0027,Terra,MODIS,24,6.2,299.7,9,D,2
-18.1693,124.2126,334.3,1,1,2014-03-02,0200,Terra,MODIS,78,6.2,311.4,16.6,D,0
-18.3454,123.8519,332.4,1,1,2014-03-02,0200,Terra,MODIS,75,6.2,310.1,13.6,D,0
-18.3425,123.8329,341.4,1,1,2014-03-02,0200,Terra,MODIS,86,6.2,312.7,27.2,D,0
-18.3439,123.8424,368.9,1,1,2014-03-02,0200,Terra,MODIS,100,6.2,314.7,95.6,D,0
-21.4199,117.2426,332.8,2.1,1.4,2014-03-02,0201,Terra,MODIS,52,6.2,313.3,38.6,D,0
-21.4201,117.2368,331.4,2.1,1.4,2014-03-02,0201,Terra,MODIS,59,6.2,313.3,33.9,D,0
-21.4402,117.2739,332.6,2.1,1.4,2014-03-02,0201,Terra,MODIS,65,6.2,313.7,39.4,D,0
-21.5279,117.2487,337,2.1,1.4,2014-03-02,0201,Terra,MODIS,81,6.2,314.6,53.2,D,0
-21.7843,120.4604,338.3,1.3,1.1,2014-03-02,0201,Terra,MODIS,82,6.2,309.3,35,D,0
-31.0912,117.5789,349.3,1.3,1.1,2014-03-02,0204,Terra,MODIS,93,6.2,317.1,62,D,0
-30.8648,121.4938,330,1,1,2014-03-02,0204,Terra,MODIS,76,6.2,311.1,15.2,D,2
-28.3249,150.4868,321.8,4.3,1.9,2014-03-02,0306,Aqua,MODIS,44,6.2,301.9,55.8,D,0
-38.2587,146.3945,330.3,1.7,1.3,2014-03-02,0441,Aqua,MODIS,73,6.2,306.7,38.2,D,2
-38.2624,146.3759,327,1.7,1.3,2014-03-02,0441,Aqua,MODIS,70,6.2,309.9,30.3,D,2
-37.2953,148.3477,310.7,2.3,1.5,2014-03-02,0441,Aqua,MODIS,38,6.2,292.6,22,D,0
-33.0026,137.5905,325,1,1,2014-03-02,0443,Aqua,MODIS,31,6.2,308.5,5.7,D,0
-18.3335,123.8065,328.5,4.7,2,2014-03-02,0447,Aqua,MODIS,79,6.2,295.6,154.1,D,0
-18.3352,123.8031,327.7,4.7,2,2014-03-02,0447,Aqua,MODIS,78,6.2,296.6,145,D,0
-12.3225,132.1409,318.7,1.1,1,2014-03-02,0449,Aqua,MODIS,49,6.2,295.6,10.7,D,0
-12.3239,132.1313,317.2,1.1,1,2014-03-02,0449,Aqua,MODIS,38,6.2,296.7,8.9,D,0
-31.0903,117.5864,342.8,1.4,1.2,2014-03-02,0622,Aqua,MODIS,84,6.2,324.5,31.7,D,0
-21.024,117.0228,368,2,1.4,2014-03-02,0625,Aqua,MODIS,100,6.2,321.6,219.6,D,0
-21.0275,117.0041,364.4,2,1.4,2014-03-02,0625,Aqua,MODIS,100,6.2,318,189.7,D,0
-20.8619,116.8993,338,2,1.4,2014-03-02,0625,Aqua,MODIS,79,6.2,319.7,37.4,D,0
-34.4602,150.8786,301.5,1.5,1.2,2014-03-02,1229,Terra,MODIS,41,6.2,288.3,9.9,N,0
-34.462,150.8853,300.8,1.5,1.2,2014-03-02,1229,Terra,MODIS,19,6.2,288.7,8,N,2
-29.0897,150.1535,303.7,1.4,1.2,2014-03-02,1230,Terra,MODIS,16,6.2,289.5,11.7,N,0
-29.3378,149.1493,306.9,1.6,1.3,2014-03-02,1230,Terra,MODIS,70,6.2,292.7,12.9,N,0
-29.3265,149.1477,303.3,1.6,1.3,2014-03-02,1230,Terra,MODIS,54,6.2,292.3,8.3,N,0
-23.6701,149.0601,303.4,1.4,1.2,2014-03-02,1232,Terra,MODIS,16,6.2,292.4,5.2,N,0
-22.276,149.0344,304.5,1.3,1.1,2014-03-02,1232,Terra,MODIS,60,6.2,292.6,7.8,N,0
-21.4498,117.3152,314.4,4.1,1.9,2014-03-02,1411,Terra,MODIS,89,6.2,298.2,68,N,0
-21.4531,117.2755,316.6,4.1,1.9,2014-03-02,1411,Terra,MODIS,94,6.2,297.6,86.1,N,0
-21.4328,117.313,376.1,4.1,1.9,2014-03-02,1411,Terra,MODIS,100,6.2,302.2,1032.1,N,0
-21.4361,117.2737,359.2,4.1,1.9,2014-03-02,1411,Terra,MODIS,100,6.2,300.1,627.4,N,0
-21.419,117.2717,337.2,4.1,1.9,2014-03-02,1411,Terra,MODIS,100,6.2,298.1,273.1,N,0
-21.4222,117.2319,316.9,4.2,1.9,2014-03-02,1411,Terra,MODIS,94,6.2,297.3,88.6,N,0
-21.4465,117.308,323.3,4.1,1.9,2014-03-02,1411,Terra,MODIS,100,6.2,298.8,129.7,N,0
-21.45,117.2684,316.6,4.1,1.9,2014-03-02,1411,Terra,MODIS,93,6.2,297.6,83.5,N,0
-21.4295,117.3061,381.2,4.1,1.9,2014-03-02,1411,Terra,MODIS,100,6.2,302.7,1190.1,N,0
-21.433,117.2664,350.6,4.1,1.9,2014-03-02,1411,Terra,MODIS,100,6.2,299.6,465.6,N,0
-21.4159,117.2645,327.4,4.1,1.9,2014-03-02,1411,Terra,MODIS,100,6.2,297.7,170.6,N,0
-21.4193,117.225,308.5,4.2,1.9,2014-03-02,1411,Terra,MODIS,68,6.2,297.1,39.5,N,0
-18.124,124.2214,314.2,1.2,1.1,2014-03-02,1412,Terra,MODIS,87,6.2,297.1,12.4,N,0
-18.1255,124.2101,315.9,1.2,1.1,2014-03-02,1412,Terra,MODIS,91,6.2,297.5,14.1,N,0
-26.7766,148.7959,302.2,1.5,1.2,2014-03-02,1542,Aqua,MODIS,47,6.2,292.2,7.6,N,0
-21.4269,117.3304,313.1,1.3,1.1,2014-03-02,1720,Aqua,MODIS,71,6.2,299.3,10.4,N,0
-21.0037,117.0184,311.7,1.4,1.2,2014-03-02,1720,Aqua,MODIS,83,6.2,297.6,11.6,N,0
-21.2495,117.3123,309,1.3,1.1,2014-03-02,1720,Aqua,MODIS,76,6.2,295.6,9.1,N,0
-20.6136,116.7752,309.3,1.4,1.2,2014-03-02,1720,Aqua,MODIS,47,6.2,298.7,7.6,N,2
-21.4102,117.2886,311.8,1.3,1.1,2014-03-02,1720,Aqua,MODIS,83,6.2,298.7,9.6,N,0
-21.4122,117.3008,352.2,1.3,1.1,2014-03-02,1720,Aqua,MODIS,100,6.2,301.8,91.1,N,0
-21.4142,117.313,331.9,1.3,1.1,2014-03-02,1720,Aqua,MODIS,100,6.2,300.5,39.2,N,0
-21.4106,117.2957,331.2,1.3,1.1,2014-03-02,1720,Aqua,MODIS,100,6.2,299.7,36.9,N,0
-21.4127,117.3078,338.5,1.3,1.1,2014-03-02,1720,Aqua,MODIS,100,6.2,301.9,52.4,N,0
-21.4148,117.32,312.9,1.3,1.1,2014-03-02,1720,Aqua,MODIS,85,6.2,299.7,9.9,N,0
-21.4164,117.2688,313.4,1.3,1.1,2014-03-02,1720,Aqua,MODIS,87,6.2,299.2,11.6,N,0
-21.4186,117.2814,315.6,1.3,1.1,2014-03-02,1720,Aqua,MODIS,91,6.2,299.4,13.4,N,0
-21.4207,117.2937,338.6,1.3,1.1,2014-03-02,1720,Aqua,MODIS,100,6.2,300.8,52.3,N,0
-21.4228,117.306,328,1.3,1.1,2014-03-02,1720,Aqua,MODIS,100,6.2,300.3,30.5,N,0
-21.4249,117.3181,312.2,1.3,1.1,2014-03-02,1720,Aqua,MODIS,52,6.2,299.2,9,N,0
-21.4287,117.2795,314,1.3,1.1,2014-03-02,1720,Aqua,MODIS,88,6.2,298.7,11.9,N,0
-21.4308,117.2918,314.4,1.3,1.1,2014-03-02,1720,Aqua,MODIS,87,6.2,298.8,11.7,N,0
-20.8309,116.9011,320.7,1.4,1.2,2014-03-02,1720,Aqua,MODIS,100,6.2,298.2,25.5,N,0
-20.8332,116.9144,313.3,1.4,1.2,2014-03-02,1720,Aqua,MODIS,87,6.2,298.4,14.6,N,0
-30.865,121.5009,306.5,1.2,1.1,2014-03-02,1722,Aqua,MODIS,68,6.2,291.3,10.1,N,2
-30.8635,121.4884,302.8,1.2,1.1,2014-03-02,1722,Aqua,MODIS,50,6.2,291.4,7.2,N,2
-30.8624,121.4939,311.9,1.2,1.1,2014-03-02,1722,Aqua,MODIS,84,6.2,291.6,14.6,N,2
-32.2883,134.3456,325.6,1,1,2014-03-03,0109,Terra,MODIS,62,6.2,313.4,7.4,D,0
-38.2566,146.4002,321.4,4.4,1.9,2014-03-03,0110,Terra,MODIS,70,6.2,296.5,115.6,D,2
-38.2561,146.3934,321.4,4.4,1.9,2014-03-03,0110,Terra,MODIS,69,6.2,296.4,110.3,D,2
-18.1176,124.209,321.7,4.2,1.9,2014-03-03,0243,Terra,MODIS,44,6.2,307.7,62.9,D,0
-21.2485,117.3084,338.9,1.4,1.2,2014-03-03,0244,Terra,MODIS,82,6.2,313.5,34.6,D,0
-21.4053,117.3082,333.6,1.5,1.2,2014-03-03,0244,Terra,MODIS,39,6.2,305,29.3,D,0
-21.4178,117.321,339.6,1.5,1.2,2014-03-03,0244,Terra,MODIS,59,6.2,309.7,45,D,0
-21.2724,118.3768,331.2,1.7,1.3,2014-03-03,0244,Terra,MODIS,53,6.2,314.9,19.3,D,0
-21.2859,118.3918,333.2,1.7,1.3,2014-03-03,0244,Terra,MODIS,70,6.2,316.6,24.6,D,0
-21.282,118.3857,337.7,1.7,1.3,2014-03-03,0244,Terra,MODIS,81,6.2,316.6,39.2,D,0
-30.0805,116.5981,338.1,1.7,1.3,2014-03-03,0247,Terra,MODIS,82,6.2,319.1,42.4,D,0
-37.2498,150.0381,317.4,1.2,1.1,2014-03-03,0346,Aqua,MODIS,0,6.2,294.4,17.5,D,0
-38.2591,146.3947,323.3,2,1.4,2014-03-03,0346,Aqua,MODIS,65,6.2,305,23.2,D,2
-37.4464,148.0452,329.2,1.6,1.2,2014-03-03,0346,Aqua,MODIS,84,6.2,299.5,43.7,D,0
-37.3611,148.3349,315.6,1.5,1.2,2014-03-03,0346,Aqua,MODIS,51,6.2,298.5,16.6,D,0
-37.4451,148.0498,331,1.6,1.2,2014-03-03,0346,Aqua,MODIS,85,6.2,298.8,48.9,D,0
-37.4467,148.0323,315,1.6,1.2,2014-03-03,0346,Aqua,MODIS,60,6.2,297.3,16.5,D,0
-35.3259,146.5547,336.6,1.8,1.3,2014-03-03,0347,Aqua,MODIS,84,6.2,311.2,51.6,D,0
-35.3211,146.5406,354,1.8,1.3,2014-03-03,0347,Aqua,MODIS,96,6.2,309.5,132.3,D,0
-35.3158,146.5329,328,1.8,1.3,2014-03-03,0347,Aqua,MODIS,73,6.2,308,25.6,D,0
-35.3331,146.5422,332.2,1.8,1.3,2014-03-03,0347,Aqua,MODIS,79,6.2,310.3,37.2,D,0
-35.3139,146.5531,325.1,1.8,1.3,2014-03-03,0347,Aqua,MODIS,67,6.2,305.6,16.9,D,0
-35.3278,146.5345,337,1.8,1.3,2014-03-03,0347,Aqua,MODIS,84,6.2,310.1,53.7,D,0
-23.9309,148.5378,348.6,1.1,1,2014-03-03,0350,Aqua,MODIS,93,6.2,312.4,44.3,D,0
-23.0249,147.469,346.5,1.1,1.1,2014-03-03,0350,Aqua,MODIS,93,6.2,304,55.5,D,0
-23.0111,147.3925,329.2,1.1,1.1,2014-03-03,0350,Aqua,MODIS,79,6.2,302.6,23.3,D,0
-32.1278,134.1425,342.2,1.9,1.3,2014-03-03,0526,Aqua,MODIS,85,6.2,316,72.6,D,0
-32.3295,134.3175,336.1,1.9,1.4,2014-03-03,0526,Aqua,MODIS,78,6.2,315.6,39.6,D,0
-32.3433,134.3271,335.4,1.9,1.4,2014-03-03,0526,Aqua,MODIS,69,6.2,316.1,35.8,D,0
-32.1975,133.8559,351.4,1.8,1.3,2014-03-03,0526,Aqua,MODIS,94,6.2,314.5,118,D,0
-32.1238,134.1623,349.6,1.9,1.3,2014-03-03,0526,Aqua,MODIS,93,6.2,313.4,108.3,D,0
-32.3415,134.3209,331.9,1.9,1.4,2014-03-03,0526,Aqua,MODIS,64,6.2,316,24.3,D,0
-32.5275,134.6525,331.4,2,1.4,2014-03-03,0526,Aqua,MODIS,71,6.2,314.4,27,D,0
-32.1938,133.8748,363.9,1.8,1.3,2014-03-03,0526,Aqua,MODIS,100,6.2,314.9,194,D,0
-33.6158,136.4399,332.2,2.4,1.5,2014-03-03,0526,Aqua,MODIS,77,6.2,310,67.4,D,0
-32.5317,134.6317,328.7,2,1.4,2014-03-03,0526,Aqua,MODIS,63,6.2,312.9,17,D,0
-32.5397,134.656,350.2,2,1.4,2014-03-03,0526,Aqua,MODIS,93,6.2,314.2,113,D,0
-32.1199,134.1543,334.3,1.9,1.3,2014-03-03,0526,Aqua,MODIS,31,6.2,312.4,40.8,D,0
-32.3255,134.3376,334.8,1.9,1.4,2014-03-03,0526,Aqua,MODIS,76,6.2,316.3,34.2,D,0
-32.8784,135.1529,328.7,2.1,1.4,2014-03-03,0526,Aqua,MODIS,68,6.2,313,23.1,D,0
-21.3912,117.2899,351.6,2.5,1.5,2014-03-03,0530,Aqua,MODIS,72,6.2,311.5,185.9,D,0
-21.4318,118.4313,344,2,1.4,2014-03-03,0530,Aqua,MODIS,87,6.2,318.1,69.1,D,0
-21.4049,117.2913,368.6,2.5,1.5,2014-03-03,0530,Aqua,MODIS,94,6.2,300.6,363.4,D,0
-21.4072,117.2671,334.2,2.5,1.5,2014-03-03,0530,Aqua,MODIS,33,6.2,295,73.9,D,0
-21.3984,117.2856,379.7,2.5,1.5,2014-03-03,0530,Aqua,MODIS,94,6.2,310.9,501.5,D,0
-18.1254,124.2262,338.5,1,1,2014-03-03,0530,Aqua,MODIS,77,6.2,321.1,17.7,D,0
-18.1267,124.2168,350.5,1,1,2014-03-03,0530,Aqua,MODIS,92,6.2,323.1,39.7,D,0
-18.1281,124.2074,343.6,1,1,2014-03-03,0530,Aqua,MODIS,80,6.2,322.9,25.9,D,0
-18.3669,123.8243,343.1,1,1,2014-03-03,0530,Aqua,MODIS,65,6.2,324,17.6,D,0
-18.3682,123.8149,342.8,1,1,2014-03-03,0530,Aqua,MODIS,64,6.2,324.4,17.5,D,0
-38.2526,146.3908,309.1,1,1,2014-03-03,1311,Terra,MODIS,76,6.2,290.3,10,N,2
-37.2546,150.024,369.7,1.3,1.1,2014-03-03,1311,Terra,MODIS,100,6.2,295.9,168.5,N,3
-37.2445,150.0209,316.8,1.3,1.1,2014-03-03,1311,Terra,MODIS,94,6.2,291,23,N,0
-38.2509,146.4022,303.1,1,1,2014-03-03,1311,Terra,MODIS,53,6.2,290,6.1,N,2
-37.3525,148.3215,303.8,1.1,1,2014-03-03,1311,Terra,MODIS,57,6.2,288.9,7.3,N,0
-37.4467,148.0415,304.8,1.1,1,2014-03-03,1311,Terra,MODIS,62,6.2,289.4,8.1,N,0
-37.4447,148.054,301.2,1.1,1,2014-03-03,1311,Terra,MODIS,38,6.2,289.1,5.8,N,0
-37.2845,148.3512,301.5,1.1,1,2014-03-03,1311,Terra,MODIS,36,6.2,290.9,4.9,N,0
-37.4373,148.6663,302.9,1.1,1.1,2014-03-03,1311,Terra,MODIS,52,6.2,289.9,6.7,N,0
-37.4436,148.628,308.4,1.1,1.1,2014-03-03,1311,Terra,MODIS,74,6.2,290.3,10.4,N,0
-34.4662,147.2559,305.1,1.1,1,2014-03-03,1312,Terra,MODIS,63,6.2,290.7,7.1,N,0
-23.5353,146.9098,304.1,1.5,1.2,2014-03-03,1315,Terra,MODIS,59,6.2,292.6,8.9,N,0
-23.3484,144.2577,315.8,1.1,1,2014-03-03,1315,Terra,MODIS,92,6.2,295.4,13.5,N,0
-30.8661,121.4942,304.9,1.1,1,2014-03-03,1452,Terra,MODIS,62,6.2,294.8,6.1,N,2
-21.2356,117.308,313.7,1,1,2014-03-03,1454,Terra,MODIS,83,6.2,301,8.3,N,0
-21.228,117.2968,312.4,1,1,2014-03-03,1454,Terra,MODIS,79,6.2,300.8,7.3,N,0
-21.4733,117.3172,310.5,1,1,2014-03-03,1454,Terra,MODIS,71,6.2,300.2,5.2,N,0
-21.455,117.3178,315.3,1,1,2014-03-03,1454,Terra,MODIS,88,6.2,301.9,9,N,0
-20.5946,116.7793,313,1,1,2014-03-03,1455,Terra,MODIS,81,6.2,301.4,6.5,N,0
-21.2249,117.3093,334.4,2.4,1.5,2014-03-03,1803,Aqua,MODIS,100,6.2,297.7,114.8,N,0
-21.2274,117.3326,326.7,2.4,1.5,2014-03-03,1803,Aqua,MODIS,100,6.2,295.7,81,N,0
-21.2202,117.3049,323,2.4,1.5,2014-03-03,1803,Aqua,MODIS,100,6.2,296.8,65.6,N,0
-21.2225,117.3282,331.5,2.4,1.5,2014-03-03,1803,Aqua,MODIS,100,6.2,296.7,102.3,N,0
-28.1972,150.6927,342.1,1,1,2014-03-04,0012,Terra,MODIS,91,6.2,299.8,36,D,0
-28.2063,150.6911,344.5,1,1,2014-03-04,0012,Terra,MODIS,92,6.2,298.9,40.8,D,0
-29.1081,149.9956,328.8,1,1,2014-03-04,0012,Terra,MODIS,77,6.2,304.1,13.7,D,0
-29.5605,150.0076,326.5,1,1,2014-03-04,0012,Terra,MODIS,77,6.2,307.9,9.3,D,0
-33.5471,147.4256,324,1,1,2014-03-04,0013,Terra,MODIS,75,6.2,301.8,12.7,D,0
-37.4799,148.4898,309,1,1,2014-03-04,0014,Terra,MODIS,30,6.2,297.3,3.1,D,0
-37.4427,148.6285,310.9,1,1,2014-03-04,0014,Terra,MODIS,27,6.2,296.6,5.2,D,0
-37.4535,148.6384,317.5,1,1,2014-03-04,0014,Terra,MODIS,68,6.2,297.7,10.6,D,0
-34.3502,137.7171,318.3,3.2,1.7,2014-03-04,0014,Terra,MODIS,40,6.2,303.8,32.9,D,0
-37.4452,148.0544,312.9,1,1,2014-03-04,0014,Terra,MODIS,67,6.2,299.1,7.4,D,0
-37.3327,148.3616,311.5,1,1,2014-03-04,0014,Terra,MODIS,24,6.2,297.8,5.6,D,0
-37.4261,148.0415,310.9,1,1,2014-03-04,0014,Terra,MODIS,51,6.2,297.7,5.5,D,0
-34.3584,137.7518,321.6,3.2,1.7,2014-03-04,0014,Terra,MODIS,61,6.2,303.4,48.9,D,0
-37.4436,148.043,308.9,1,1,2014-03-04,0014,Terra,MODIS,57,6.2,298.5,4.2,D,0
-34.3683,137.7411,325.6,3.2,1.7,2014-03-04,0014,Terra,MODIS,71,6.2,303.3,73.9,D,0
-37.2458,150.0318,324.9,1.1,1.1,2014-03-04,0014,Terra,MODIS,0,6.2,300.5,24,D,0
-34.6518,137.5444,318.5,3.3,1.7,2014-03-04,0014,Terra,MODIS,36,6.2,302.9,36.9,D,0
-37.8336,144.7913,316.7,1.1,1,2014-03-04,0015,Terra,MODIS,18,6.2,299.4,5.6,D,0
-38.2572,146.3834,324.8,1,1,2014-03-04,0015,Terra,MODIS,75,6.2,308.7,11.2,D,2
-38.259,146.395,324.8,1,1,2014-03-04,0015,Terra,MODIS,75,6.2,306.2,11.5,D,2
-11.3151,131.2868,311.9,1.1,1.1,2014-03-04,0146,Terra,MODIS,37,6.2,292,5.6,D,0
-18.1279,124.2275,335.9,1.3,1.1,2014-03-04,0148,Terra,MODIS,81,6.2,315.1,28.3,D,0
-18.206,123.8856,325.8,1.4,1.2,2014-03-04,0148,Terra,MODIS,53,6.2,312.4,11,D,0
-18.3706,123.8303,343.6,1.4,1.2,2014-03-04,0148,Terra,MODIS,88,6.2,315.9,43.2,D,0
-18.3727,123.8431,335.7,1.4,1.2,2014-03-04,0148,Terra,MODIS,52,6.2,315,22.8,D,0
-18.2718,123.8546,333,1.4,1.2,2014-03-04,0148,Terra,MODIS,77,6.2,314.3,24.3,D,0
-18.2739,123.8673,326.1,1.4,1.2,2014-03-04,0148,Terra,MODIS,39,6.2,312,11.6,D,0
-18.0789,125.6346,372,1.1,1,2014-03-04,0148,Terra,MODIS,100,6.2,312.6,125.6,D,0
-18.0151,125.5386,325.9,1.1,1.1,2014-03-04,0148,Terra,MODIS,62,6.2,308.4,11.2,D,0
-18.0805,125.645,360.8,1.1,1,2014-03-04,0148,Terra,MODIS,100,6.2,312.3,84.3,D,0
-21.2167,117.2829,332.3,3.5,1.8,2014-03-04,0149,Terra,MODIS,75,6.2,308.2,82.9,D,0
-21.2233,117.3152,340.7,3.5,1.8,2014-03-04,0149,Terra,MODIS,86,6.2,308.9,160.8,D,0
-21.2167,117.311,336.2,3.5,1.8,2014-03-04,0149,Terra,MODIS,81,6.2,308.7,118.7,D,0
-21.2324,117.3076,331.6,3.5,1.8,2014-03-04,0149,Terra,MODIS,74,6.2,308.8,76.2,D,0
-30.8695,121.4913,323.4,1.2,1.1,2014-03-04,0152,Terra,MODIS,68,6.2,305.4,12.6,D,2
-33.2654,121.3141,317.2,1.1,1.1,2014-03-04,0152,Terra,MODIS,54,6.2,300.6,8.6,D,0
-37.0602,148.2488,326.9,1.5,1.2,2014-03-04,0429,Aqua,MODIS,64,6.2,290.6,34,D,0
-37.0591,148.2415,333.1,1.5,1.2,2014-03-04,0429,Aqua,MODIS,76,6.2,294.4,48,D,0
-37.5628,148.3503,317.2,1.5,1.2,2014-03-04,0429,Aqua,MODIS,64,6.2,298.7,14,D,0
-37.4434,148.6717,319.1,1.6,1.2,2014-03-04,0429,Aqua,MODIS,68,6.2,295.5,21.5,D,0
-37.566,148.3337,314.8,1.5,1.2,2014-03-04,0429,Aqua,MODIS,55,6.2,299.1,10.8,D,0
-37.5782,142.6375,363.7,1,1,2014-03-04,0429,Aqua,MODIS,87,6.2,307,82.4,D,0
-37.5798,142.6262,420.2,1,1,2014-03-04,0429,Aqua,MODIS,87,6.2,319.5,382.8,D,0
-34.0751,148.3177,320.7,1.8,1.3,2014-03-04,0430,Aqua,MODIS,48,6.2,303.3,11.1,D,0
-34.1958,147.8308,339.6,1.6,1.3,2014-03-04,0430,Aqua,MODIS,87,6.2,307.7,57.7,D,0
-34.0593,148.7055,321.9,1.9,1.3,2014-03-04,0430,Aqua,MODIS,61,6.2,303.1,23.3,D,0
-34.1288,146.8333,328.8,1.4,1.2,2014-03-04,0430,Aqua,MODIS,20,6.2,308.2,22.2,D,0
-35.1655,146.7545,334.8,1.4,1.2,2014-03-04,0430,Aqua,MODIS,81,6.2,310.6,28,D,0
-33.3984,146.5862,333.7,1.4,1.2,2014-03-04,0430,Aqua,MODIS,84,6.2,302.3,37.2,D,0
-35.1627,146.7694,334.1,1.4,1.2,2014-03-04,0430,Aqua,MODIS,80,6.2,310,27.6,D,0
-34.384,147.6397,328.8,1.6,1.2,2014-03-04,0430,Aqua,MODIS,48,6.2,309.3,25,D,0
-34.3951,147.6429,328.6,1.6,1.2,2014-03-04,0430,Aqua,MODIS,39,6.2,308.4,21.4,D,0
-33.3956,146.6016,323.5,1.5,1.2,2014-03-04,0430,Aqua,MODIS,73,6.2,301.9,16.2,D,0
-34.0688,137.9997,337.9,1.3,1.1,2014-03-04,0430,Aqua,MODIS,81,6.2,315.9,30.2,D,0
-34.1317,146.8177,353.9,1.4,1.2,2014-03-04,0430,Aqua,MODIS,97,6.2,306.5,96.6,D,0
-35.1551,146.7516,343.5,1.4,1.2,2014-03-04,0430,Aqua,MODIS,89,6.2,311,50.4,D,0
-34.2906,137.7408,335.8,1.3,1.1,2014-03-04,0430,Aqua,MODIS,79,6.2,320.2,24.9,D,0
-34.3509,137.726,330,1.3,1.1,2014-03-04,0430,Aqua,MODIS,51,6.2,315.6,14.9,D,0
-34.0768,137.9291,333.7,1.3,1.1,2014-03-04,0430,Aqua,MODIS,75,6.2,316.8,20.2,D,0
-33.8834,137.6509,337,1.3,1.1,2014-03-04,0430,Aqua,MODIS,80,6.2,320,26.4,D,0
-33.7184,146.5462,324.4,1.4,1.2,2014-03-04,0430,Aqua,MODIS,72,6.2,302.7,16.3,D,0
-34.0752,137.9431,330.4,1.3,1.1,2014-03-04,0430,Aqua,MODIS,68,6.2,315.2,13.7,D,0
-34.3525,137.7113,333.3,1.3,1.2,2014-03-04,0430,Aqua,MODIS,76,6.2,315.4,21.6,D,0
-33.8692,137.7814,349.3,1.3,1.1,2014-03-04,0430,Aqua,MODIS,92,6.2,318.8,61,D,0
-34.1211,146.8148,331.5,1.4,1.2,2014-03-04,0430,Aqua,MODIS,66,6.2,303.4,28.4,D,0
-35.1524,146.7665,335.2,1.4,1.2,2014-03-04,0430,Aqua,MODIS,82,6.2,308.6,29.3,D,0
-34.3645,137.6981,333.2,1.4,1.2,2014-03-04,0430,Aqua,MODIS,65,6.2,315.3,21.1,D,0
-34.1008,147.4811,359.4,1.6,1.2,2014-03-04,0430,Aqua,MODIS,94,6.2,310.4,140.6,D,0
-34.0672,138.0139,331.2,1.3,1.1,2014-03-04,0430,Aqua,MODIS,69,6.2,313.7,16.3,D,0
-35.0346,146.8378,332.7,1.4,1.2,2014-03-04,0430,Aqua,MODIS,79,6.2,311.1,23.7,D,0
-34.3987,137.5816,331,1.4,1.2,2014-03-04,0430,Aqua,MODIS,72,6.2,314.9,21.4,D,0
-33.9599,147.3054,323,1.6,1.2,2014-03-04,0430,Aqua,MODIS,42,6.2,303.4,16.9,D,0
-33.7157,146.5614,330,1.4,1.2,2014-03-04,0430,Aqua,MODIS,80,6.2,301.8,27.4,D,0
-33.8621,137.9395,339.7,1.3,1.1,2014-03-04,0430,Aqua,MODIS,83,6.2,317.7,31.5,D,0
-34.3629,137.713,374.1,1.3,1.2,2014-03-04,0430,Aqua,MODIS,100,6.2,319.2,172.8,D,0
-33.9637,145.9212,332.3,1.3,1.1,2014-03-04,0430,Aqua,MODIS,71,6.2,304.7,27.2,D,0
-26.7732,146.7512,325.9,2,1.4,2014-03-04,0432,Aqua,MODIS,60,6.2,299.5,31.2,D,0
-26.7787,146.7384,324.2,2,1.4,2014-03-04,0432,Aqua,MODIS,27,6.2,301.1,29.5,D,0
-32.6769,119.5781,367.4,1.1,1.1,2014-03-04,0609,Aqua,MODIS,100,6.2,311.6,112.6,D,0
-32.7132,119.5993,326.5,1.1,1.1,2014-03-04,0609,Aqua,MODIS,39,6.2,311.7,9.8,D,0
-32.6885,119.5681,334.4,1.1,1.1,2014-03-04,0609,Aqua,MODIS,80,6.2,311.6,22.1,D,0
-32.6865,119.5803,352.6,1.1,1.1,2014-03-04,0609,Aqua,MODIS,95,6.2,311.3,62.9,D,0
-32.696,119.5826,326.2,1.1,1.1,2014-03-04,0609,Aqua,MODIS,51,6.2,311,8.8,D,0
-32.6789,119.5659,362.1,1.1,1.1,2014-03-04,0609,Aqua,MODIS,100,6.2,312.8,93.1,D,0
-32.7036,119.597,331.4,1.1,1.1,2014-03-04,0609,Aqua,MODIS,76,6.2,311.3,16.9,D,0
-32.694,119.5948,342.2,1.1,1.1,2014-03-04,0609,Aqua,MODIS,88,6.2,310.9,37.4,D,0
-33.9224,118.0026,324.3,1,1,2014-03-04,0609,Aqua,MODIS,64,6.2,309.4,7.3,D,0
-33.9207,118.0136,335.6,1,1,2014-03-04,0609,Aqua,MODIS,82,6.2,310.4,22.1,D,0
-33.8322,117.9319,325.1,1,1,2014-03-04,0609,Aqua,MODIS,66,6.2,311.4,8.5,D,0
-33.8166,117.9736,332.6,1,1,2014-03-04,0609,Aqua,MODIS,79,6.2,309.9,17.5,D,0
-31.5319,117.4907,329,1,1,2014-03-04,0610,Aqua,MODIS,42,6.2,312.9,8.7,D,0
-31.5212,117.4995,332.9,1,1,2014-03-04,0610,Aqua,MODIS,73,6.2,313.1,14.5,D,0
-31.5228,117.4888,329.9,1,1,2014-03-04,0610,Aqua,MODIS,67,6.2,313.6,10.5,D,0
-30.8708,121.4912,344,1.5,1.2,2014-03-04,0610,Aqua,MODIS,88,6.2,313,60.5,D,0
-18.3693,123.8445,328,4.2,1.9,2014-03-04,0613,Aqua,MODIS,66,6.2,310.5,70.1,D,0
-37.482,148.4827,304,3.5,1.8,2014-03-04,1216,Terra,MODIS,58,6.2,290.5,35.9,N,0
-23.6901,149.0406,302.4,2.3,1.5,2014-03-04,1219,Terra,MODIS,42,6.2,287.8,16.9,N,0
-26.2167,148.7664,307.9,2.6,1.5,2014-03-04,1219,Terra,MODIS,73,6.2,290.1,30.7,N,0
-26.2256,148.7606,303.2,2.6,1.5,2014-03-04,1219,Terra,MODIS,54,6.2,290,19.3,N,0
-17.4509,128.5914,309.2,1.1,1,2014-03-04,1400,Terra,MODIS,73,6.2,285.3,9.9,N,0
-24.9835,146.087,306.8,1.1,1,2014-03-04,1529,Aqua,MODIS,69,6.2,289.4,8.4,N,0
-24.9852,146.0974,307.1,1.1,1,2014-03-04,1529,Aqua,MODIS,70,6.2,289.7,8.7,N,0
-38.2558,146.3968,309.2,1.1,1,2014-03-04,1533,Aqua,MODIS,65,6.2,289.7,12.4,N,2
-37.476,148.5023,313.7,1.3,1.1,2014-03-04,1533,Aqua,MODIS,78,6.2,291.8,16.9,N,0
-37.4568,148.6113,303.7,1.3,1.1,2014-03-04,1533,Aqua,MODIS,47,6.2,290.9,7.5,N,0
-37.4863,148.5009,308.4,1.3,1.1,2014-03-04,1533,Aqua,MODIS,74,6.2,290.1,11.9,N,0
-37.4777,148.5172,303.1,1.3,1.1,2014-03-04,1533,Aqua,MODIS,16,6.2,290,7,N,0
-37.4846,148.4859,305.6,1.3,1.1,2014-03-04,1533,Aqua,MODIS,65,6.2,290.6,9.5,N,0
-37.4743,148.4871,315.4,1.3,1.1,2014-03-04,1533,Aqua,MODIS,83,6.2,291.7,18.7,N,0
-37.4377,148.6286,304.7,1.3,1.1,2014-03-04,1533,Aqua,MODIS,44,6.2,290.9,8.2,N,0
-32.8245,119.669,325.8,1,1,2014-03-04,1710,Aqua,MODIS,100,6.2,286.4,27.8,N,0
-32.8228,119.658,304.5,1,1,2014-03-04,1710,Aqua,MODIS,60,6.2,285.4,8.8,N,0
-30.8645,121.4998,311.6,1,1,2014-03-04,1710,Aqua,MODIS,83,6.2,290,11.6,N,2
-30.863,121.4894,301.3,1,1,2014-03-04,1710,Aqua,MODIS,40,6.2,289.6,5.1,N,2
-18.2109,143.0689,327.1,1.1,1,2014-03-05,0052,Terra,MODIS,78,6.2,302.6,16.4,D,0
-18.2201,143.0675,319.1,1.1,1,2014-03-05,0052,Terra,MODIS,65,6.2,303,7.5,D,0
-19.1784,145.3455,322.9,1.4,1.2,2014-03-05,0052,Terra,MODIS,65,6.2,303.2,16.4,D,0
-20.3128,145.6428,316.5,1.5,1.2,2014-03-05,0053,Terra,MODIS,62,6.2,299.8,15.4,D,0
-20.8212,144.2111,322.2,1.3,1.1,2014-03-05,0053,Terra,MODIS,52,6.2,304.1,10.9,D,0
-23.619,148.5365,320.4,2.7,1.6,2014-03-05,0053,Terra,MODIS,68,6.2,300.3,26.5,D,0
-25.8165,147.1077,319.5,2.3,1.5,2014-03-05,0054,Terra,MODIS,58,6.2,289.9,41.2,D,0
-27.073,148.8753,335,3.2,1.7,2014-03-05,0054,Terra,MODIS,86,6.2,298.6,141.9,D,0
-27.0695,148.8687,350.3,3.2,1.7,2014-03-05,0054,Terra,MODIS,95,6.2,299.1,287.1,D,0
-27.055,148.8443,326,3.2,1.7,2014-03-05,0054,Terra,MODIS,78,6.2,297.5,80.1,D,0
-27.0577,148.8766,349.3,3.2,1.7,2014-03-05,0054,Terra,MODIS,95,6.2,298.5,277.2,D,0
-27.0542,148.8701,336.8,3.2,1.7,2014-03-05,0054,Terra,MODIS,88,6.2,298.3,156.2,D,0
-24.8961,146.9593,322.8,2.2,1.4,2014-03-05,0054,Terra,MODIS,72,6.2,300,35.8,D,0
-29.1092,149.6297,322.2,3.8,1.8,2014-03-05,0055,Terra,MODIS,64,6.2,298.2,52.6,D,0
-29.1037,149.6373,324.1,3.8,1.8,2014-03-05,0055,Terra,MODIS,70,6.2,298.4,66.3,D,0
-32.0322,134.1342,326.5,1.3,1.1,2014-03-05,0056,Terra,MODIS,73,6.2,307.3,17.8,D,0
-34.0804,137.9441,324.2,1,1,2014-03-05,0057,Terra,MODIS,72,6.2,302.9,13.3,D,0
-34.0789,137.9333,317.6,1,1,2014-03-05,0057,Terra,MODIS,54,6.2,302.4,6.5,D,0
-36.7936,143.4711,319.7,1.8,1.3,2014-03-05,0057,Terra,MODIS,60,6.2,300.8,24,D,0
-36.7816,143.473,365.3,1.8,1.3,2014-03-05,0057,Terra,MODIS,100,6.2,302.6,220.4,D,0
-36.7835,143.4935,330.6,1.8,1.3,2014-03-05,0057,Terra,MODIS,82,6.2,302.2,49.3,D,0
-36.7955,143.4918,317.8,1.8,1.3,2014-03-05,0057,Terra,MODIS,53,6.2,301.2,19.4,D,0
-18.37,123.8451,331,2.3,1.5,2014-03-05,0231,Terra,MODIS,69,6.2,311.7,39.3,D,0
-18.3808,123.8215,340.9,2.3,1.5,2014-03-05,0231,Terra,MODIS,87,6.2,308.9,89.7,D,0
-18.3833,123.8435,330.1,2.3,1.5,2014-03-05,0231,Terra,MODIS,52,6.2,309.2,33.9,D,0
-21.9702,117.6173,340.1,1.1,1,2014-03-05,0232,Terra,MODIS,81,6.2,319.7,19.7,D,0
-21.9887,117.6144,336.3,1.1,1,2014-03-05,0232,Terra,MODIS,74,6.2,318.9,15.1,D,0
-21.9901,117.6247,332.4,1.1,1,2014-03-05,0232,Terra,MODIS,59,6.2,318,8.1,D,0
-30.4862,116.4996,326.7,1.1,1.1,2014-03-05,0234,Terra,MODIS,70,6.2,306.6,13.8,D,0
-30.8715,121.4985,320.9,2.3,1.5,2014-03-05,0234,Terra,MODIS,66,6.2,299.7,31.3,D,2
-30.8604,121.4807,317,2.3,1.5,2014-03-05,0234,Terra,MODIS,44,6.2,299.5,15.8,D,2
-30.8626,121.5051,318,2.3,1.5,2014-03-05,0234,Terra,MODIS,42,6.2,300.3,19.6,D,2
-33.3679,120.6837,326.6,2.2,1.4,2014-03-05,0235,Terra,MODIS,81,6.2,296.2,56.2,D,0
-33.0032,121.7264,317.3,2.5,1.5,2014-03-05,0235,Terra,MODIS,66,6.2,302.1,23.2,D,0
-31.9063,115.818,317,1.1,1,2014-03-05,0235,Terra,MODIS,44,6.2,301,6.2,D,0
-31.7985,115.8425,316.1,1.1,1,2014-03-05,0235,Terra,MODIS,30,6.2,301.4,4.1,D,0
-31.9048,115.8063,316.1,1.1,1,2014-03-05,0235,Terra,MODIS,33,6.2,301,5.5,D,0
-32.0688,115.9164,316.6,1.1,1.1,2014-03-05,0235,Terra,MODIS,24,6.2,301.3,4.1,D,0
-32.0979,115.8086,316.6,1.1,1.1,2014-03-05,0235,Terra,MODIS,34,6.2,301.5,5.6,D,0
-31.7936,115.8378,316.1,1.1,1,2014-03-05,0235,Terra,MODIS,10,6.2,301.1,3.8,D,0
-31.994,115.9414,316.5,1.1,1.1,2014-03-05,0235,Terra,MODIS,30,6.2,301.4,4.1,D,0
-32.0608,115.93,316.9,1.1,1.1,2014-03-05,0235,Terra,MODIS,34,6.2,302.2,4.5,D,0
-32.0593,115.9181,316.8,1.1,1.1,2014-03-05,0235,Terra,MODIS,35,6.2,302,4.4,D,0
-35.0293,146.8391,322,2.7,1.6,2014-03-05,0335,Aqua,MODIS,46,6.2,298.6,41.1,D,0
-35.0149,146.8377,323.5,2.7,1.6,2014-03-05,0335,Aqua,MODIS,69,6.2,296.3,46.7,D,0
-25.1762,147.912,317.6,1.7,1.3,2014-03-05,0337,Aqua,MODIS,13,6.2,298.9,11.2,D,0
-25.226,147.9588,326.3,1.7,1.3,2014-03-05,0337,Aqua,MODIS,68,6.2,304,29.8,D,0
-25.8286,147.1462,323.6,2,1.4,2014-03-05,0337,Aqua,MODIS,42,6.2,298.3,32.2,D,0
-25.8276,147.1411,326.4,2,1.4,2014-03-05,0337,Aqua,MODIS,64,6.2,297.6,42.2,D,0
-27.113,148.9092,343.9,1.6,1.2,2014-03-05,0337,Aqua,MODIS,90,6.2,309.5,63.4,D,0
-27.1147,148.8931,337.5,1.6,1.2,2014-03-05,0337,Aqua,MODIS,85,6.2,309.2,41.2,D,0
-27.1035,148.8916,375.4,1.6,1.2,2014-03-05,0337,Aqua,MODIS,100,6.2,310.6,230.8,D,0
-27.103,148.9025,387.5,1.6,1.2,2014-03-05,0337,Aqua,MODIS,100,6.2,313.1,331.9,D,0
-27.1048,148.8865,339.7,1.6,1.2,2014-03-05,0337,Aqua,MODIS,87,6.2,309.1,49.2,D,0
-27.0729,148.866,330.9,1.6,1.2,2014-03-05,0337,Aqua,MODIS,48,6.2,303.4,29.3,D,0
-27.1018,148.9077,383.5,1.6,1.2,2014-03-05,0337,Aqua,MODIS,100,6.2,311.4,295,D,0
-27.1607,148.7842,327.9,1.6,1.3,2014-03-05,0337,Aqua,MODIS,72,6.2,307.2,21.3,D,0
-27.1494,148.7827,329.9,1.6,1.3,2014-03-05,0337,Aqua,MODIS,72,6.2,305.6,26.4,D,0
-27.1285,148.7634,337.5,1.6,1.3,2014-03-05,0337,Aqua,MODIS,85,6.2,306.9,49,D,0
-23.6916,149.0381,341,1.4,1.2,2014-03-05,0338,Aqua,MODIS,88,6.2,304.8,52.4,D,0
-23.7022,149.0389,336.5,1.4,1.2,2014-03-05,0338,Aqua,MODIS,79,6.2,304.9,39.2,D,0
-23.7087,149.0325,343,1.4,1.2,2014-03-05,0338,Aqua,MODIS,89,6.2,304.2,62.8,D,0
-23.7102,149.0191,333.1,1.4,1.2,2014-03-05,0338,Aqua,MODIS,81,6.2,301.7,36.5,D,0
-23.7038,149.026,375.4,1.4,1.2,2014-03-05,0338,Aqua,MODIS,100,6.2,306.4,202.7,D,0
-23.7054,149.0125,328.3,1.4,1.2,2014-03-05,0338,Aqua,MODIS,62,6.2,301.3,25.6,D,0
-23.6931,149.0255,351.8,1.4,1.2,2014-03-05,0338,Aqua,MODIS,95,6.2,302.7,89.6,D,0
-23.4714,150.4139,324.2,1.2,1.1,2014-03-05,0338,Aqua,MODIS,50,6.2,307.6,12.9,D,0
-23.045,147.3347,318.4,1.8,1.3,2014-03-05,0338,Aqua,MODIS,60,6.2,297.9,17,D,0
-22.9921,147.3808,320.1,1.8,1.3,2014-03-05,0338,Aqua,MODIS,65,6.2,299.3,19,D,0
-22.9969,147.3742,316.1,1.8,1.3,2014-03-05,0338,Aqua,MODIS,32,6.2,297,10.4,D,0
-33.8145,137.8157,320.1,1.9,1.3,2014-03-05,0513,Aqua,MODIS,59,6.2,303.6,17.2,D,0
-34.052,137.7162,328.9,1.8,1.3,2014-03-05,0513,Aqua,MODIS,77,6.2,303.6,42,D,0
-33.8227,137.804,321.6,1.9,1.3,2014-03-05,0513,Aqua,MODIS,64,6.2,303.7,20.9,D,0
-33.8665,137.7119,352.7,1.8,1.3,2014-03-05,0513,Aqua,MODIS,96,6.2,305.3,141.4,D,0
-34.0559,137.6966,328.1,1.8,1.3,2014-03-05,0513,Aqua,MODIS,76,6.2,303.5,39.2,D,0
-33.8625,137.7316,319.7,1.9,1.3,2014-03-05,0513,Aqua,MODIS,59,6.2,302.5,16.5,D,0
-32.032,134.1224,329.8,1.2,1.1,2014-03-05,0514,Aqua,MODIS,67,6.2,306.6,18.3,D,0
-25.4558,127.9525,366.3,1,1,2014-03-05,0516,Aqua,MODIS,87,6.2,320.7,85.8,D,0
-22.0007,117.5897,369.8,4,1.9,2014-03-05,0517,Aqua,MODIS,94,6.2,301.9,750.7,D,0
-22.0042,117.5948,350.3,4,1.9,2014-03-05,0517,Aqua,MODIS,88,6.2,302.5,339.7,D,0
-21.9838,117.5884,340.7,4,1.9,2014-03-05,0517,Aqua,MODIS,75,6.2,303.5,217,D,0
-21.9873,117.5928,366.8,4,1.9,2014-03-05,0517,Aqua,MODIS,94,6.2,305.1,673,D,0
-22.0563,117.6455,338.5,4,1.9,2014-03-05,0517,Aqua,MODIS,69,6.2,311,162.7,D,0
-22.07,117.6862,344.6,4,1.9,2014-03-05,0517,Aqua,MODIS,84,6.2,311.2,243.1,D,0
-22.0532,117.6845,335.6,4,1.9,2014-03-05,0517,Aqua,MODIS,54,6.2,313.6,125.8,D,0
-22.065,117.6787,356.9,4,1.9,2014-03-05,0517,Aqua,MODIS,98,6.2,313.5,437.2,D,0
-17.5492,128.3843,332.8,1,1,2014-03-05,0518,Aqua,MODIS,80,6.2,301.4,17,D,0
-17.5598,128.376,332.1,1,1,2014-03-05,0518,Aqua,MODIS,78,6.2,303.6,16.9,D,0
-17.5202,128.3895,336.7,1,1,2014-03-05,0518,Aqua,MODIS,85,6.2,295,27.9,D,0
-17.5293,128.391,328.4,1,1,2014-03-05,0518,Aqua,MODIS,56,6.2,296.2,14.2,D,0
-17.5584,128.3858,340.2,1,1,2014-03-05,0518,Aqua,MODIS,88,6.2,301.4,29.5,D,0
-17.5507,128.3744,378.3,1,1,2014-03-05,0518,Aqua,MODIS,100,6.2,305,139.6,D,0
-18.1422,124.2803,349.9,1.2,1.1,2014-03-05,0518,Aqua,MODIS,93,6.2,309.3,60.4,D,0
-17.5778,128.3188,357.6,1,1,2014-03-05,0518,Aqua,MODIS,93,6.2,297.7,69.5,D,0
-17.5928,128.2813,334.4,1,1,2014-03-05,0518,Aqua,MODIS,83,6.2,302.2,20.5,D,0
-17.5708,128.4282,336.1,1.1,1,2014-03-05,0518,Aqua,MODIS,84,6.2,303.7,26.5,D,0
-17.5807,128.2993,328.2,1,1,2014-03-05,0518,Aqua,MODIS,26,6.2,296.5,12,D,0
-17.4961,128.5473,340.4,1.1,1,2014-03-05,0518,Aqua,MODIS,88,6.2,298.4,31.2,D,0
-17.5445,128.3533,331.6,1,1,2014-03-05,0518,Aqua,MODIS,41,6.2,300.5,19.1,D,0
-17.5522,128.3646,344.3,1,1,2014-03-05,0518,Aqua,MODIS,91,6.2,301.4,38.1,D,0
-17.5639,128.2865,327.6,1,1,2014-03-05,0518,Aqua,MODIS,58,6.2,295.6,13.1,D,0
-17.5943,128.2716,330.9,1,1,2014-03-05,0518,Aqua,MODIS,65,6.2,301.4,16,D,0
-17.4976,128.5374,332.8,1.1,1,2014-03-05,0518,Aqua,MODIS,81,6.2,302.2,18.6,D,0
-17.5497,128.5054,325.3,1.1,1,2014-03-05,0518,Aqua,MODIS,57,6.2,301.7,9.7,D,0
-17.4543,128.5233,332.8,1.1,1,2014-03-05,0518,Aqua,MODIS,81,6.2,295,24.2,D,0
-17.5512,128.4956,323.5,1.1,1,2014-03-05,0518,Aqua,MODIS,24,6.2,300.1,8.4,D,0
-32.8661,115.7693,360.4,2.9,1.6,2014-03-05,0652,Aqua,MODIS,100,6.2,309.5,359.8,D,0
-38.2545,146.3867,307.1,1.1,1.1,2014-03-05,1258,Terra,MODIS,70,6.2,284.2,13.1,N,2
-34.4635,150.8853,304.7,1.1,1.1,2014-03-05,1259,Terra,MODIS,61,6.2,290.6,7.4,N,2
-26.7952,150.1958,304.1,1.4,1.2,2014-03-05,1301,Terra,MODIS,58,6.2,291.6,8.2,N,0
-27.1023,148.9057,313.6,1.2,1.1,2014-03-05,1301,Terra,MODIS,87,6.2,292.9,15,N,0
-27.0581,148.9326,307.2,1.2,1.1,2014-03-05,1301,Terra,MODIS,70,6.2,291.2,9.4,N,0
-27.0581,148.8725,302.9,1.2,1.1,2014-03-05,1301,Terra,MODIS,49,6.2,291.5,5.7,N,0
-27.06,148.8609,308,1.2,1.1,2014-03-05,1301,Terra,MODIS,73,6.2,292.3,9.6,N,0
-27.0264,150.7396,304.6,1.5,1.2,2014-03-05,1301,Terra,MODIS,61,6.2,290.3,10,N,0
-27.1342,148.7692,319.6,1.1,1.1,2014-03-05,1301,Terra,MODIS,99,6.2,292.9,20.3,N,0
-27.1246,148.7672,305.7,1.1,1.1,2014-03-05,1301,Terra,MODIS,29,6.2,291.9,7.1,N,0
-27.1437,148.7712,313.5,1.1,1.1,2014-03-05,1301,Terra,MODIS,87,6.2,292.3,13.5,N,0
-27.1461,148.7775,312.7,1.1,1.1,2014-03-05,1301,Terra,MODIS,75,6.2,292,12.5,N,0
-23.5576,147.5736,303.3,1.1,1.1,2014-03-05,1302,Terra,MODIS,55,6.2,292.8,4.5,N,0
-23.5593,147.5627,307.1,1.1,1.1,2014-03-05,1302,Terra,MODIS,70,6.2,293,7.2,N,0
-23.554,147.5664,303.5,1.1,1.1,2014-03-05,1302,Terra,MODIS,55,6.2,292.6,5.4,N,0
-23.5338,146.9149,317.2,1.1,1,2014-03-05,1302,Terra,MODIS,95,6.2,293.1,16.2,N,0
-25.6262,146.9602,302,1,1,2014-03-05,1302,Terra,MODIS,46,6.2,290.1,4.9,N,0
-25.8198,147.1456,301.7,1,1,2014-03-05,1302,Terra,MODIS,43,6.2,290.5,4.5,N,0
-25.8214,147.1354,301.2,1,1,2014-03-05,1302,Terra,MODIS,35,6.2,290.7,3.9,N,0
-23.7096,149.0163,323.1,1.3,1.1,2014-03-05,1302,Terra,MODIS,100,6.2,292.7,29.8,N,0
-23.7117,149.0036,302.8,1.3,1.1,2014-03-05,1302,Terra,MODIS,40,6.2,291.8,6.3,N,0
-23.7074,149.0293,320.1,1.3,1.1,2014-03-05,1302,Terra,MODIS,100,6.2,292.2,25.6,N,0
-25.8153,147.1131,301.2,1,1,2014-03-05,1302,Terra,MODIS,39,6.2,290.7,4.1,N,0
-26.2345,148.7664,304.5,1.2,1.1,2014-03-05,1302,Terra,MODIS,60,6.2,291.2,6.7,N,0
-24.2714,145.7294,304.1,1,1,2014-03-05,1302,Terra,MODIS,47,6.2,292.2,4.7,N,0
-24.2624,145.7278,318,1,1,2014-03-05,1302,Terra,MODIS,96,6.2,292.6,15,N,0
-24.2652,145.7082,304.9,1,1,2014-03-05,1302,Terra,MODIS,62,6.2,292.4,5.3,N,0
-24.2667,145.6984,303,1,1,2014-03-05,1302,Terra,MODIS,53,6.2,292.2,4.4,N,0
-25.7739,147.2004,304.1,1,1,2014-03-05,1302,Terra,MODIS,51,6.2,290.7,5.4,N,0
-25.7755,147.1901,308.9,1,1,2014-03-05,1302,Terra,MODIS,76,6.2,290.9,8.3,N,0
-23.6174,146.1735,311.9,1,1,2014-03-05,1302,Terra,MODIS,84,6.2,292.6,10.5,N,0
-24.7034,151.8678,304.9,1.9,1.4,2014-03-05,1302,Terra,MODIS,62,6.2,289.1,17.8,N,0
-24.7069,151.8492,302.1,1.9,1.3,2014-03-05,1302,Terra,MODIS,46,6.2,289,13.7,N,0
-23.6189,146.1636,314.1,1,1,2014-03-05,1302,Terra,MODIS,89,6.2,292.8,12.3,N,0
-22.2659,149.0058,303.7,1.4,1.2,2014-03-05,1303,Terra,MODIS,57,6.2,290.8,8.5,N,0
-21.0546,148.27,301.2,1.3,1.1,2014-03-05,1303,Terra,MODIS,38,6.2,290.3,6.5,N,0
-32.9416,121.791,308.3,1,1,2014-03-05,1439,Terra,MODIS,74,6.2,288,11,N,0
-32.5255,117.9683,301.1,1.5,1.2,2014-03-05,1439,Terra,MODIS,38,6.2,287.4,9.9,N,0
-22.0529,117.6592,317.3,1.2,1.1,2014-03-05,1442,Terra,MODIS,22,6.2,298.1,12,N,0
-22.0515,117.6705,315.8,1.2,1.1,2014-03-05,1442,Terra,MODIS,36,6.2,298.7,11,N,0
-22.0625,117.6607,328.1,1.2,1.1,2014-03-05,1442,Terra,MODIS,100,6.2,299.3,26.8,N,0
-22.0722,117.6622,311.6,1.2,1.1,2014-03-05,1442,Terra,MODIS,11,6.2,298.8,6.9,N,0
-22.0694,117.6846,312.9,1.2,1.1,2014-03-05,1442,Terra,MODIS,81,6.2,298.6,8.8,N,0
-22.0915,117.6656,327.6,1.2,1.1,2014-03-05,1442,Terra,MODIS,100,6.2,299.9,26.8,N,0
-22.1012,117.6669,315.4,1.2,1.1,2014-03-05,1442,Terra,MODIS,89,6.2,300.1,12,N,0
-22.0998,117.678,309.5,1.2,1.1,2014-03-05,1442,Terra,MODIS,49,6.2,299.5,6.2,N,0
-22.0969,117.7003,310.4,1.2,1.1,2014-03-05,1442,Terra,MODIS,58,6.2,298.1,6.6,N,0
-21.9764,117.6189,310.5,1.2,1.1,2014-03-05,1442,Terra,MODIS,72,6.2,297.2,8.2,N,0
-21.986,117.6203,325.5,1.2,1.1,2014-03-05,1442,Terra,MODIS,100,6.2,298.9,24.8,N,0
-21.9846,117.6316,313.1,1.2,1.1,2014-03-05,1442,Terra,MODIS,82,6.2,298.3,10.6,N,0
-21.9957,117.6218,313,1.2,1.1,2014-03-05,1442,Terra,MODIS,81,6.2,297.9,10.1,N,0
-22.0427,117.6403,309.3,1.2,1.1,2014-03-05,1442,Terra,MODIS,67,6.2,297.3,6.5,N,0
-22.0412,117.6516,310,1.2,1.1,2014-03-05,1442,Terra,MODIS,70,6.2,297.2,6.9,N,0
-22.046,117.6352,321.3,1.2,1.1,2014-03-05,1442,Terra,MODIS,100,6.2,297.4,17.4,N,0
-22.0446,117.6465,318.7,1.2,1.1,2014-03-05,1442,Terra,MODIS,95,6.2,297.7,14.2,N,0
-22.0668,117.6269,312.1,1.2,1.1,2014-03-05,1442,Terra,MODIS,51,6.2,297.9,8.7,N,0
-22.0654,117.6382,326.1,1.2,1.1,2014-03-05,1442,Terra,MODIS,100,6.2,298.7,24.5,N,0
-22.064,117.6494,334.7,1.2,1.1,2014-03-05,1442,Terra,MODIS,100,6.2,299.5,37.7,N,0
-22.0751,117.6396,309.6,1.2,1.1,2014-03-05,1442,Terra,MODIS,55,6.2,298.6,6.5,N,0
-22.0736,117.6509,316.4,1.2,1.1,2014-03-05,1442,Terra,MODIS,91,6.2,299.1,12.1,N,0
-21.9806,117.5855,309.7,1.2,1.1,2014-03-05,1442,Terra,MODIS,67,6.2,298.7,6.8,N,0
-18.3729,123.8707,309.6,3.9,1.8,2014-03-05,1749,Aqua,MODIS,78,6.2,295,57.9,N,0
-18.3785,123.8652,309.8,3.9,1.8,2014-03-05,1749,Aqua,MODIS,78,6.2,295.1,58.7,N,0
-22.074,117.6681,310.1,1.6,1.2,2014-03-05,1750,Aqua,MODIS,19,6.2,294.9,12.4,N,0
-22.0758,117.6831,318.3,1.6,1.2,2014-03-05,1750,Aqua,MODIS,94,6.2,295.6,25.2,N,0
-22.0508,117.6766,305.7,1.6,1.2,2014-03-05,1750,Aqua,MODIS,40,6.2,294.2,8.6,N,0
-23.6804,149.0754,319.5,1.6,1.3,2014-03-05,2358,Terra,MODIS,54,6.2,302.2,13.3,D,0
-23.7066,149.031,324.5,1.6,1.3,2014-03-05,2358,Terra,MODIS,62,6.2,301.3,25.2,D,0
-23.715,149.0128,323.3,1.6,1.3,2014-03-05,2358,Terra,MODIS,61,6.2,300.6,22.2,D,0
-24.6678,151.8016,326.2,1.1,1,2014-03-05,2358,Terra,MODIS,66,6.2,301.7,19.9,D,0
-21.0537,148.2678,318.7,2.1,1.4,2014-03-05,2358,Terra,MODIS,61,6.2,299.1,27.6,D,0
-21.0533,148.2742,319.6,2.1,1.4,2014-03-05,2358,Terra,MODIS,51,6.2,297.8,28.5,D,0
-26.8345,148.7978,330.3,1.5,1.2,2014-03-05,2359,Terra,MODIS,76,6.2,302.3,29.4,D,0
-26.2254,148.7621,324.9,1.5,1.2,2014-03-05,2359,Terra,MODIS,68,6.2,305.1,17.3,D,0
-26.2281,148.7773,330,1.5,1.2,2014-03-05,2359,Terra,MODIS,77,6.2,304.4,29.5,D,0
-26.218,148.7729,326.2,1.5,1.2,2014-03-05,2359,Terra,MODIS,71,6.2,304.2,20.6,D,0
-26.2289,148.7704,328.8,1.5,1.2,2014-03-05,2359,Terra,MODIS,75,6.2,304.8,27.9,D,0
-26.7933,150.2012,324.7,1.2,1.1,2014-03-05,2359,Terra,MODIS,62,6.2,306.5,9.4,D,0
-26.9939,148.4038,328.6,1.6,1.2,2014-03-05,2359,Terra,MODIS,73,6.2,305.3,24.8,D,0
-26.9969,148.4132,328.2,1.5,1.2,2014-03-05,2359,Terra,MODIS,73,6.2,305.5,24.9,D,0
-27.0278,150.7487,322.6,1.2,1.1,2014-03-05,2359,Terra,MODIS,51,6.2,302.5,12.4,D,0
-28.7173,147.1518,334.5,1.7,1.3,2014-03-06,0000,Terra,MODIS,81,6.2,306.3,44.8,D,0
-29.3943,148.0377,342.2,1.5,1.2,2014-03-06,0000,Terra,MODIS,88,6.2,310.2,50.1,D,0
-28.7105,147.1602,344.9,1.7,1.3,2014-03-06,0000,Terra,MODIS,91,6.2,307.1,83.8,D,0
-28.7206,147.1693,326.6,1.7,1.3,2014-03-06,0000,Terra,MODIS,70,6.2,305,23.3,D,0
-28.7057,147.1546,330.9,1.7,1.3,2014-03-06,0000,Terra,MODIS,77,6.2,306.6,35.1,D,0
-29.2065,152.5838,321.8,1,1,2014-03-06,0000,Terra,MODIS,74,6.2,300.6,12.2,D,0
-30.1102,148.8723,326.5,1.3,1.1,2014-03-06,0000,Terra,MODIS,67,6.2,306.9,9.9,D,0
-30.0067,149.4026,338.8,1.2,1.1,2014-03-06,0000,Terra,MODIS,85,6.2,304.7,34.3,D,0
-18.3739,123.8475,328.2,2.2,1.5,2014-03-06,0136,Terra,MODIS,58,6.2,302.9,28.6,D,0
-18.3876,123.8596,325.4,2.2,1.4,2014-03-06,0136,Terra,MODIS,44,6.2,301.4,22.7,D,0
-32.9414,121.7972,314.4,1.5,1.2,2014-03-06,0140,Terra,MODIS,0,6.2,300.5,8.9,D,0
-33.57,119.5607,313,2.1,1.4,2014-03-06,0140,Terra,MODIS,49,6.2,299.2,12.8,D,0
-33.5652,119.533,320.1,2.1,1.4,2014-03-06,0140,Terra,MODIS,74,6.2,299.1,31.7,D,0
-33.5655,119.5388,325,2.1,1.4,2014-03-06,0140,Terra,MODIS,79,6.2,299.5,45.8,D,0
-33.5699,119.5548,320.2,2.1,1.4,2014-03-06,0140,Terra,MODIS,74,6.2,299.5,31.3,D,0
-33.353,120.6981,316.9,1.8,1.3,2014-03-06,0140,Terra,MODIS,35,6.2,300.2,18.5,D,0
-33.3492,120.6794,323.3,1.8,1.3,2014-03-06,0140,Terra,MODIS,70,6.2,301.5,33.5,D,0
-33.3437,120.6878,320.9,1.8,1.3,2014-03-06,0140,Terra,MODIS,55,6.2,301.2,28.1,D,0
-34.1732,137.5741,317.4,3.5,1.8,2014-03-06,0140,Terra,MODIS,66,6.2,302.2,41.9,D,0
-35.194,146.804,338,1,1,2014-03-06,0417,Aqua,MODIS,67,6.2,312.9,25.6,D,0
-35.1922,146.8154,338,1,1,2014-03-06,0417,Aqua,MODIS,67,6.2,311.8,26.5,D,0
-36.9833,147.8643,305.9,1.1,1,2014-03-06,0417,Aqua,MODIS,16,6.2,290.1,3.9,D,0
-36.9853,147.8522,309.5,1.1,1,2014-03-06,0417,Aqua,MODIS,47,6.2,292.2,6.4,D,0
-33.9202,138.4673,328.9,1.8,1.3,2014-03-06,0418,Aqua,MODIS,75,6.2,310.5,28.9,D,0
-33.8551,137.7671,327.5,2,1.4,2014-03-06,0418,Aqua,MODIS,72,6.2,308.7,37,D,0
-33.8792,137.926,323.1,2,1.4,2014-03-06,0418,Aqua,MODIS,62,6.2,308.1,20.3,D,0
-33.9182,138.4876,329.3,1.8,1.3,2014-03-06,0418,Aqua,MODIS,75,6.2,310.1,29.5,D,0
-35.3674,144.0824,323.4,1,1,2014-03-06,0418,Aqua,MODIS,48,6.2,309.7,9.8,D,0
-35.3659,144.0938,334.2,1,1,2014-03-06,0418,Aqua,MODIS,80,6.2,310.9,23.7,D,0
-31.3508,149.4009,329.4,1.5,1.2,2014-03-06,0418,Aqua,MODIS,76,6.2,307.6,28.4,D,0
-29.4292,149.6845,331.5,1.7,1.3,2014-03-06,0419,Aqua,MODIS,36,6.2,308.6,33,D,0
-26.7539,148.7668,327.7,1.7,1.3,2014-03-06,0420,Aqua,MODIS,53,6.2,307.5,21.4,D,0
-25.776,147.1869,337.9,1.4,1.2,2014-03-06,0420,Aqua,MODIS,84,6.2,295.7,48.1,D,0
-25.7784,147.1729,342.3,1.4,1.2,2014-03-06,0420,Aqua,MODIS,87,6.2,298.6,59.7,D,0
-23.561,147.5617,325.8,1.6,1.3,2014-03-06,0421,Aqua,MODIS,60,6.2,300.8,22.6,D,0
-22.9714,147.3752,359.7,1.6,1.3,2014-03-06,0421,Aqua,MODIS,99,6.2,303.8,153.7,D,0
-22.9741,147.3595,346,1.6,1.3,2014-03-06,0421,Aqua,MODIS,92,6.2,304.7,89.6,D,0
-22.9629,147.3571,326.2,1.6,1.3,2014-03-06,0421,Aqua,MODIS,62,6.2,298.5,28.4,D,0
-22.1368,146.3192,341.2,1.5,1.2,2014-03-06,0421,Aqua,MODIS,87,6.2,301.7,56.4,D,0
-22.8003,146.1571,323.4,1.4,1.2,2014-03-06,0421,Aqua,MODIS,46,6.2,303.3,12.8,D,0
-21.0327,148.2541,324.4,2.1,1.4,2014-03-06,0421,Aqua,MODIS,37,6.2,300.9,34.1,D,0
-21.0204,148.2508,335.3,2.1,1.4,2014-03-06,0421,Aqua,MODIS,85,6.2,300.4,78,D,0
-21.0587,148.2672,323.8,2.1,1.4,2014-03-06,0421,Aqua,MODIS,44,6.2,302.8,26.7,D,0
-22.1605,146.3093,333.7,1.4,1.2,2014-03-06,0421,Aqua,MODIS,74,6.2,302.8,38.8,D,0
-22.1522,146.2934,337.2,1.4,1.2,2014-03-06,0421,Aqua,MODIS,79,6.2,305.9,47.8,D,0
-22.1345,146.3331,324.8,1.5,1.2,2014-03-06,0421,Aqua,MODIS,50,6.2,296.4,16.2,D,0
-22.1691,146.2891,328.3,1.4,1.2,2014-03-06,0421,Aqua,MODIS,58,6.2,302.7,24.3,D,0
-22.1561,146.301,365.3,1.4,1.2,2014-03-06,0421,Aqua,MODIS,100,6.2,309.5,155.9,D,0
-22.1667,146.303,327.6,1.4,1.2,2014-03-06,0421,Aqua,MODIS,66,6.2,300.4,24.5,D,0
-22.1628,146.2955,336.3,1.4,1.2,2014-03-06,0421,Aqua,MODIS,79,6.2,305.4,46,D,0
-22.1537,146.3148,336,1.4,1.2,2014-03-06,0421,Aqua,MODIS,78,6.2,305.5,44.2,D,0
-22.1498,146.3073,358.2,1.4,1.2,2014-03-06,0421,Aqua,MODIS,99,6.2,310.5,120.1,D,0
-22.7899,146.155,322.3,1.4,1.2,2014-03-06,0421,Aqua,MODIS,24,6.2,302,10.9,D,0
-18.2154,143.0647,333.3,1.1,1,2014-03-06,0422,Aqua,MODIS,80,6.2,308.2,22.2,D,0
-19.9604,130.1192,315.8,4.8,2,2014-03-06,0422,Aqua,MODIS,20,6.2,290.3,87.4,D,0
-31.8418,117.5745,344.1,1.1,1,2014-03-06,0557,Aqua,MODIS,88,6.2,312.7,33,D,0
-32.5348,117.9588,332.5,1.1,1,2014-03-06,0557,Aqua,MODIS,76,6.2,310.5,15.6,D,0
-33.5274,119.5234,325,1,1,2014-03-06,0557,Aqua,MODIS,54,6.2,312.5,7.7,D,0
-31.8512,117.5762,330.3,1.1,1,2014-03-06,0557,Aqua,MODIS,48,6.2,312.2,9.6,D,0
-31.8432,117.563,370.5,1.1,1,2014-03-06,0557,Aqua,MODIS,100,6.2,315,110.1,D,0
-33.2209,120.0748,339.1,1,1,2014-03-06,0557,Aqua,MODIS,85,6.2,313.4,24.5,D,0
-33.2299,120.0767,329.3,1,1,2014-03-06,0557,Aqua,MODIS,72,6.2,312.5,10.5,D,0
-33.2193,120.0856,327.4,1,1,2014-03-06,0557,Aqua,MODIS,63,6.2,312.4,8.1,D,0
-33.1655,120.0082,325.9,1,1,2014-03-06,0557,Aqua,MODIS,64,6.2,312.4,6.1,D,0
-32.9293,119.4726,332.7,1,1,2014-03-06,0557,Aqua,MODIS,65,6.2,312.9,13.5,D,0
-33.99,118.671,348,1,1,2014-03-06,0557,Aqua,MODIS,92,6.2,316.6,45.5,D,0
-34.1403,118.5889,326.7,1.1,1,2014-03-06,0557,Aqua,MODIS,68,6.2,313.5,8.8,D,0
-31.4686,117.36,343.8,1.1,1,2014-03-06,0558,Aqua,MODIS,88,6.2,314.5,32.9,D,0
-31.4591,117.3583,329.9,1.1,1,2014-03-06,0558,Aqua,MODIS,66,6.2,313.5,8.7,D,0
-31.4606,117.3468,340.3,1.1,1,2014-03-06,0558,Aqua,MODIS,84,6.2,314.4,26.5,D,0
-31.4701,117.3484,354.2,1.1,1,2014-03-06,0558,Aqua,MODIS,96,6.2,315.1,58.3,D,0
-30.7774,116.8819,349.2,1.1,1.1,2014-03-06,0558,Aqua,MODIS,91,6.2,319.3,41,D,0
-30.776,116.8938,339.4,1.1,1.1,2014-03-06,0558,Aqua,MODIS,79,6.2,319.3,19.2,D,0
-30.7789,116.87,338.8,1.1,1.1,2014-03-06,0558,Aqua,MODIS,78,6.2,316.9,17.6,D,0
-31.1084,117.0826,331.2,1.1,1.1,2014-03-06,0558,Aqua,MODIS,67,6.2,314.3,10.2,D,0
-30.6822,117.1469,338,1.1,1,2014-03-06,0558,Aqua,MODIS,78,6.2,318.9,16.3,D,0
-30.7679,116.8802,343.2,1.1,1.1,2014-03-06,0558,Aqua,MODIS,85,6.2,319.4,27.4,D,0
-30.3811,116.5543,343.2,1.2,1.1,2014-03-06,0558,Aqua,MODIS,84,6.2,320,28.3,D,0
-30.3062,117.7723,335.3,1,1,2014-03-06,0558,Aqua,MODIS,75,6.2,316.5,13.9,D,0
-30.7693,116.8684,340.7,1.1,1.1,2014-03-06,0558,Aqua,MODIS,81,6.2,319,21.4,D,0
-21.1856,118.3126,354.3,1,1,2014-03-06,0600,Aqua,MODIS,90,6.2,325.4,39.6,D,0
-21.1978,118.2943,353.8,1,1,2014-03-06,0600,Aqua,MODIS,72,6.2,325.3,41.7,D,0
-22.1092,117.6146,360,1,1,2014-03-06,0600,Aqua,MODIS,99,6.2,321,57.5,D,0
-22.1154,117.6355,396.3,1,1,2014-03-06,0600,Aqua,MODIS,100,6.2,331.2,199.7,D,0
-21.9765,117.5797,344.6,1,1,2014-03-06,0600,Aqua,MODIS,64,6.2,324.5,22.1,D,0
-21.9779,117.57,350.4,1,1,2014-03-06,0600,Aqua,MODIS,92,6.2,324.2,36.1,D,0
-22.1069,117.6936,343.1,1,1,2014-03-06,0600,Aqua,MODIS,84,6.2,324.9,18.2,D,0
-22.1055,117.7033,360.2,1,1,2014-03-06,0600,Aqua,MODIS,100,6.2,324.6,56.4,D,0
-22.0904,117.6146,377.9,1,1,2014-03-06,0600,Aqua,MODIS,100,6.2,326.4,116.5,D,0
-21.9675,117.5782,350.9,1,1,2014-03-06,0600,Aqua,MODIS,93,6.2,325.6,35.1,D,0
-22.0918,117.6049,376.5,1,1,2014-03-06,0600,Aqua,MODIS,100,6.2,323.9,115.3,D,0
-22.0308,117.6441,372.6,1,1,2014-03-06,0600,Aqua,MODIS,100,6.2,325.5,95.1,D,0
-22.0322,117.6345,361.5,1,1,2014-03-06,0600,Aqua,MODIS,100,6.2,321.5,60.8,D,0
-21.9689,117.5685,339.7,1,1,2014-03-06,0600,Aqua,MODIS,57,6.2,322.4,16.1,D,0
-22.0384,117.6554,374.5,1,1,2014-03-06,0600,Aqua,MODIS,100,6.2,329.7,99.8,D,0
-21.9647,117.5975,342.4,1,1,2014-03-06,0600,Aqua,MODIS,80,6.2,326.3,15.1,D,0
-22.1016,117.6034,347.6,1,1,2014-03-06,0600,Aqua,MODIS,44,6.2,316.7,32.5,D,0
-22.089,117.6243,356.1,1,1,2014-03-06,0600,Aqua,MODIS,97,6.2,322.9,46.2,D,0
-18.3848,123.828,363.1,2.5,1.5,2014-03-06,0601,Aqua,MODIS,94,6.2,303.2,282.9,D,0
-18.3924,123.8245,367.7,2.5,1.5,2014-03-06,0601,Aqua,MODIS,100,6.2,306.4,337.8,D,0
-18.3966,123.8016,351.7,2.5,1.5,2014-03-06,0601,Aqua,MODIS,95,6.2,306.2,175.9,D,0
-18.3789,123.8218,339.7,2.5,1.5,2014-03-06,0601,Aqua,MODIS,84,6.2,301.8,99,D,0
-18.3891,123.805,372.9,2.5,1.5,2014-03-06,0601,Aqua,MODIS,100,6.2,307,396,D,0
-18.3831,123.7988,333.7,2.5,1.5,2014-03-06,0601,Aqua,MODIS,52,6.2,304.5,63.6,D,0
-25.5966,141.4464,304.9,2,1.4,2014-03-06,1345,Terra,MODIS,62,6.2,293.4,12,N,0
-25.5988,141.4527,306.3,2,1.4,2014-03-06,1345,Terra,MODIS,67,6.2,293.3,15.2,N,0
-23.1901,150.7547,300,1,1,2014-03-06,1516,Aqua,MODIS,7,6.2,287.6,5.8,N,0
-22.9655,147.3566,307.1,1.4,1.2,2014-03-06,1516,Aqua,MODIS,30,6.2,291.1,11.1,N,0
-21.0243,148.2538,308.8,1.3,1.1,2014-03-06,1516,Aqua,MODIS,10,6.2,271.8,12.9,N,0
-25.9514,146.806,300.9,1.3,1.1,2014-03-06,1517,Aqua,MODIS,13,6.2,290.6,5.6,N,0
-23.7051,149.0312,305.3,1.1,1,2014-03-06,1517,Aqua,MODIS,64,6.2,291.9,7,N,0
-27.0185,150.7509,310.5,1,1,2014-03-06,1517,Aqua,MODIS,80,6.2,290.9,10.2,N,0
-24.2744,145.677,304.6,1.7,1.3,2014-03-06,1517,Aqua,MODIS,61,6.2,291.2,13.4,N,0
-28.5003,149.5662,309.5,1,1,2014-03-06,1518,Aqua,MODIS,64,6.2,279.2,12.7,N,0
-28.5019,149.5764,306.3,1,1,2014-03-06,1518,Aqua,MODIS,52,6.2,280.3,10.5,N,0
-22.1284,117.5789,319.2,2.7,1.6,2014-03-06,1525,Terra,MODIS,98,6.2,297.7,58.7,N,0
-22.1144,117.5761,323.8,2.7,1.6,2014-03-06,1525,Terra,MODIS,100,6.2,297.6,77.6,N,0
-22.0722,117.5683,306.1,2.7,1.6,2014-03-06,1525,Terra,MODIS,54,6.2,294.8,18.8,N,0
-21.9376,117.5585,305.7,2.7,1.6,2014-03-06,1525,Terra,MODIS,44,6.2,294.7,18.2,N,0
-22.1092,117.6028,319.9,2.7,1.6,2014-03-06,1525,Terra,MODIS,99,6.2,297.1,60.6,N,0
-22.118,117.5828,336.9,2.7,1.6,2014-03-06,1525,Terra,MODIS,100,6.2,298.7,146.3,N,0
-22.1233,117.6057,325.7,2.7,1.6,2014-03-06,1525,Terra,MODIS,100,6.2,298.7,86.3,N,0
-22.1128,117.6088,327.9,2.7,1.6,2014-03-06,1525,Terra,MODIS,100,6.2,298.1,93.9,N,0
-22.132,117.5859,309,2.7,1.6,2014-03-06,1525,Terra,MODIS,67,6.2,297.3,23.4,N,0
-22.0719,117.6286,311.2,3.2,1.7,2014-03-06,1655,Aqua,MODIS,82,6.2,294.1,48.4,N,0
-22.1092,117.5852,333.4,3.2,1.7,2014-03-06,1655,Aqua,MODIS,100,6.2,295.7,174.4,N,0
-22.1156,117.6159,311.9,3.2,1.7,2014-03-06,1655,Aqua,MODIS,83,6.2,295.5,49.3,N,0
-22.1175,117.6198,307.6,3.2,1.7,2014-03-06,1655,Aqua,MODIS,71,6.2,295.4,32,N,0
-22.07,117.6246,312.6,3.2,1.7,2014-03-06,1655,Aqua,MODIS,85,6.2,294.2,52.4,N,0
-22.0656,117.5979,316.3,3.2,1.7,2014-03-06,1655,Aqua,MODIS,93,6.2,294.3,72,N,0
-22.1113,117.5889,336.3,3.2,1.7,2014-03-06,1655,Aqua,MODIS,100,6.2,296.1,197,N,0
-22.0635,117.594,316.5,3.2,1.7,2014-03-06,1655,Aqua,MODIS,93,6.2,294.4,71,N,0
-33.1992,119.8521,304.2,1.3,1.1,2014-03-06,1658,Aqua,MODIS,59,6.2,285.9,11.8,N,0
-33.204,119.8439,302,1.3,1.1,2014-03-06,1658,Aqua,MODIS,23,6.2,286.3,9.5,N,0
-22.9554,147.3438,330.2,1.3,1.1,2014-03-07,0041,Terra,MODIS,63,6.2,302.4,30,D,0
-22.9752,147.3616,323.3,1.3,1.1,2014-03-07,0041,Terra,MODIS,30,6.2,303.4,16.5,D,0
-23.5526,147.5653,319.5,1.4,1.2,2014-03-07,0041,Terra,MODIS,48,6.2,303.8,9.7,D,0
-23.557,147.5591,321.1,1.4,1.2,2014-03-07,0041,Terra,MODIS,62,6.2,304.2,13.4,D,0
-23.682,150.0129,323,2.1,1.4,2014-03-07,0041,Terra,MODIS,63,6.2,299.7,39.6,D,0
-23.7153,149.0291,318.9,1.8,1.3,2014-03-07,0041,Terra,MODIS,59,6.2,301.8,19.1,D,0
-23.7101,149.0236,317.6,1.8,1.3,2014-03-07,0041,Terra,MODIS,37,6.2,301.9,16.4,D,0
-20.7313,139.4758,323.7,1.5,1.2,2014-03-07,0041,Terra,MODIS,59,6.2,304.2,14.5,D,2
-28.4402,147.8834,323.1,1.7,1.3,2014-03-07,0042,Terra,MODIS,58,6.2,304.7,14.3,D,0
-26.2386,146.638,330.6,1.3,1.1,2014-03-07,0042,Terra,MODIS,77,6.2,303.5,29.4,D,0
-25.5978,141.4569,334.8,1,1,2014-03-07,0042,Terra,MODIS,78,6.2,310.4,19.4,D,0
-25.5675,141.671,334.4,1,1,2014-03-07,0042,Terra,MODIS,78,6.2,308.7,19.7,D,0
-25.5691,141.6812,325.2,1,1,2014-03-07,0042,Terra,MODIS,56,6.2,308.6,7.4,D,0
-25.5886,141.4586,336.8,1,1,2014-03-07,0042,Terra,MODIS,81,6.2,311.2,22.5,D,0
-25.5902,141.469,342.5,1,1,2014-03-07,0042,Terra,MODIS,87,6.2,310.2,32.6,D,0
-25.5919,141.4794,327.4,1,1,2014-03-07,0042,Terra,MODIS,57,6.2,309.5,8.6,D,0
-25.601,141.4776,332.6,1,1,2014-03-07,0042,Terra,MODIS,75,6.2,309.4,15.3,D,0
-25.7734,147.1451,322.7,1.4,1.2,2014-03-07,0042,Terra,MODIS,59,6.2,300.8,18.3,D,0
-25.7773,147.138,322.4,1.4,1.2,2014-03-07,0042,Terra,MODIS,47,6.2,301,16.3,D,0
-28.5001,149.5611,321,2.2,1.4,2014-03-07,0042,Terra,MODIS,50,6.2,300.3,23.9,D,0
-28.5031,149.5663,323.8,2.2,1.4,2014-03-07,0042,Terra,MODIS,64,6.2,299.7,29.4,D,0
-31.7919,148.1229,317.3,2,1.4,2014-03-07,0043,Terra,MODIS,60,6.2,299.4,14.4,D,0
-31.4162,148.8376,318.8,2.2,1.4,2014-03-07,0043,Terra,MODIS,71,6.2,295.6,20.8,D,0
-29.2209,149.5065,320.5,2.3,1.5,2014-03-07,0043,Terra,MODIS,31,6.2,298.7,23.8,D,0
-31.4054,148.8456,316.3,2.2,1.4,2014-03-07,0043,Terra,MODIS,33,6.2,294.2,12.4,D,0
-34.1165,140.1449,321,1,1,2014-03-07,0044,Terra,MODIS,68,6.2,303.4,9.2,D,0
-34.6786,137.793,331.1,1.1,1.1,2014-03-07,0045,Terra,MODIS,84,6.2,299,29.6,D,0
-22.1056,117.7074,334,1,1,2014-03-07,0220,Terra,MODIS,68,6.2,315.6,14.3,D,0
-22.1147,117.7058,341.6,1,1,2014-03-07,0220,Terra,MODIS,84,6.2,316,26.6,D,0
-22.1132,117.6958,338.4,1,1,2014-03-07,0220,Terra,MODIS,73,6.2,316,20.1,D,0
-22.1116,117.6857,367.4,1,1,2014-03-07,0220,Terra,MODIS,100,6.2,317.2,91.4,D,0
-22.11,117.6757,345.6,1,1,2014-03-07,0220,Terra,MODIS,88,6.2,314,33.6,D,0
-22.104,117.6974,332.7,1,1,2014-03-07,0220,Terra,MODIS,58,6.2,317.8,11.2,D,0
-22.1024,117.6873,359.9,1,1,2014-03-07,0220,Terra,MODIS,99,6.2,320.4,67.2,D,0
-22.1009,117.6774,358,1,1,2014-03-07,0220,Terra,MODIS,98,6.2,319,61.9,D,0
-22.1326,117.5928,354.1,1,1,2014-03-07,0220,Terra,MODIS,96,6.2,315.8,54.8,D,0
-22.1313,117.6308,335.2,1,1,2014-03-07,0220,Terra,MODIS,68,6.2,314.3,15.7,D,0
-22.1266,117.6003,377,1,1,2014-03-07,0220,Terra,MODIS,100,6.2,321.8,128.5,D,0
-22.1237,117.6424,333,1,1,2014-03-07,0220,Terra,MODIS,69,6.2,316.1,13.7,D,0
-22.131,117.5829,360.4,1.1,1,2014-03-07,0220,Terra,MODIS,100,6.2,316.4,73.5,D,0
-22.0731,117.62,350.6,1,1,2014-03-07,0220,Terra,MODIS,93,6.2,319.7,41.2,D,0
-22.125,117.5902,393.4,1.1,1,2014-03-07,0220,Terra,MODIS,100,6.2,323.9,209.4,D,0
-22.0715,117.6099,361.8,1,1,2014-03-07,0220,Terra,MODIS,100,6.2,319.6,71.4,D,0
-22.1235,117.5804,385.2,1.1,1,2014-03-07,0220,Terra,MODIS,100,6.2,320.6,168.6,D,0
-22.1219,117.5702,353.5,1.1,1,2014-03-07,0220,Terra,MODIS,95,6.2,312.1,56.7,D,0
-22.1127,117.5718,390.3,1.1,1,2014-03-07,0220,Terra,MODIS,100,6.2,318.3,194.1,D,0
-22.1111,117.5615,373.4,1.1,1,2014-03-07,0220,Terra,MODIS,100,6.2,314,117.7,D,0
-22.1066,117.5934,345.3,1.1,1,2014-03-07,0220,Terra,MODIS,88,6.2,318.9,31.6,D,0
-22.1035,117.5735,374.6,1.1,1,2014-03-07,0220,Terra,MODIS,100,6.2,318.7,117.6,D,0
-22.1019,117.5632,356.3,1.1,1,2014-03-07,0220,Terra,MODIS,97,6.2,315.6,59.3,D,0
-22.0911,117.5545,341.5,1.1,1,2014-03-07,0220,Terra,MODIS,84,6.2,316.1,26.6,D,0
-22.0835,117.5662,336.1,1.1,1,2014-03-07,0220,Terra,MODIS,56,6.2,318.1,15.7,D,0
-22.0819,117.5561,339.9,1.1,1,2014-03-07,0220,Terra,MODIS,81,6.2,319.8,23.3,D,0
-22.0575,117.5812,332.8,1.1,1,2014-03-07,0220,Terra,MODIS,57,6.2,317.3,11.1,D,0
-35.1616,149.896,317.3,2.8,1.6,2014-03-07,0322,Aqua,MODIS,45,6.2,299,35.7,D,0
-35.1782,149.8667,331.4,2.8,1.6,2014-03-07,0322,Aqua,MODIS,83,6.2,297.7,101.2,D,0
-35.1637,149.8651,321.9,2.8,1.6,2014-03-07,0322,Aqua,MODIS,69,6.2,300.1,56.3,D,0
-27.3851,148.953,328.9,2.6,1.6,2014-03-07,0324,Aqua,MODIS,61,6.2,303.9,60,D,0
-27.3828,148.9798,323.2,2.6,1.5,2014-03-07,0324,Aqua,MODIS,33,6.2,302.5,34.1,D,0
-27.3779,148.972,326.8,2.6,1.5,2014-03-07,0324,Aqua,MODIS,53,6.2,303.3,47.1,D,0
-23.5548,147.5639,322.5,2.9,1.6,2014-03-07,0325,Aqua,MODIS,70,6.2,305.2,41.3,D,0
-23.5544,147.5564,324,2.9,1.6,2014-03-07,0325,Aqua,MODIS,74,6.2,304.7,47.8,D,0
-23.6716,149.0827,322.8,2.3,1.5,2014-03-07,0325,Aqua,MODIS,53,6.2,305.6,31.3,D,0
-23.6758,149.0784,323.6,2.3,1.5,2014-03-07,0325,Aqua,MODIS,53,6.2,306.1,33.4,D,0
-25.7785,147.1447,328.3,3.4,1.7,2014-03-07,0325,Aqua,MODIS,73,6.2,296.7,111.6,D,0
-23.0201,147.3275,321.8,3,1.7,2014-03-07,0326,Aqua,MODIS,74,6.2,300.1,51.5,D,0
-23.0207,147.3204,322.5,3,1.7,2014-03-07,0326,Aqua,MODIS,75,6.2,300.6,54.7,D,0
-22.7225,147.3004,316.6,3,1.6,2014-03-07,0326,Aqua,MODIS,60,6.2,296.6,35.3,D,0
-34.407,146.12,318.9,3.8,1.8,2014-03-07,0500,Aqua,MODIS,52,6.2,303.7,44.5,D,0
-34.1361,146.8029,338,4.3,1.9,2014-03-07,0500,Aqua,MODIS,86,6.2,305.9,237.5,D,0
-34.136,146.8067,338.4,4.3,1.9,2014-03-07,0500,Aqua,MODIS,87,6.2,305.8,241,D,0
-32.5237,134.7195,366.4,1,1,2014-03-07,0501,Aqua,MODIS,100,6.2,317.3,89.9,D,0
-34.0175,137.8923,328.7,1.3,1.1,2014-03-07,0501,Aqua,MODIS,73,6.2,308,22,D,0
-33.8362,137.7585,327.8,1.2,1.1,2014-03-07,0501,Aqua,MODIS,72,6.2,308.2,17.1,D,0
-32.522,134.7303,382.6,1,1,2014-03-07,0501,Aqua,MODIS,100,6.2,320.2,151,D,0
-34.1124,137.7634,320.7,1.2,1.1,2014-03-07,0501,Aqua,MODIS,48,6.2,306.7,9,D,0
-32.5327,134.7214,347.9,1,1,2014-03-07,0501,Aqua,MODIS,92,6.2,314.1,42,D,0
-32.5402,134.7341,324.7,1,1,2014-03-07,0501,Aqua,MODIS,44,6.2,312,6.4,D,0
-33.3033,146.5285,320,4.3,1.9,2014-03-07,0501,Aqua,MODIS,60,6.2,303.4,53.4,D,0
-33.844,137.7659,337.6,1.2,1.1,2014-03-07,0501,Aqua,MODIS,84,6.2,308.8,34.3,D,0
-33.8461,137.761,323.9,1.2,1.1,2014-03-07,0501,Aqua,MODIS,33,6.2,308.5,10.2,D,0
-33.3026,146.5328,319.6,4.3,1.9,2014-03-07,0501,Aqua,MODIS,58,6.2,303.4,50.3,D,0
-32.5311,134.7322,357.4,1,1,2014-03-07,0501,Aqua,MODIS,98,6.2,315.3,64.1,D,0
-34.0388,138.0679,320.8,1.3,1.1,2014-03-07,0501,Aqua,MODIS,47,6.2,302.4,14.5,D,0
-19.9971,140.0247,360.7,3.4,1.7,2014-03-07,0505,Aqua,MODIS,100,6.2,304.3,430.1,D,0
-20.0145,140.004,327.9,3.3,1.7,2014-03-07,0505,Aqua,MODIS,74,6.2,303,72.8,D,0
-19.9992,140.0005,339.6,3.3,1.7,2014-03-07,0505,Aqua,MODIS,87,6.2,301.9,170,D,0
-19.9928,140.032,351.2,3.4,1.7,2014-03-07,0505,Aqua,MODIS,95,6.2,303.5,300.1,D,0
-20.0081,140.0356,350.8,3.4,1.7,2014-03-07,0505,Aqua,MODIS,95,6.2,303.7,293.1,D,0
-20.0125,140.0284,335.1,3.4,1.7,2014-03-07,0505,Aqua,MODIS,83,6.2,302.9,126.1,D,0
-19.9818,140.021,331,3.4,1.7,2014-03-07,0505,Aqua,MODIS,74,6.2,301.4,98.5,D,0
-20.0033,139.9931,327.4,3.3,1.7,2014-03-07,0505,Aqua,MODIS,73,6.2,302.3,66.8,D,0
-19.9774,140.0284,325.5,3.4,1.7,2014-03-07,0505,Aqua,MODIS,33,6.2,301.1,62.1,D,0
-20.0688,121.8213,325.7,3.2,1.7,2014-03-07,0505,Aqua,MODIS,43,6.2,299.9,83.9,D,0
-34.0974,118.5493,326.6,2.6,1.5,2014-03-07,0639,Aqua,MODIS,29,6.2,300.6,32.9,D,0
-34.0913,118.5769,397.9,2.6,1.6,2014-03-07,0639,Aqua,MODIS,100,6.2,307.4,908.4,D,0
-34.105,118.5815,362.4,2.6,1.6,2014-03-07,0639,Aqua,MODIS,100,6.2,301,314,D,0
-34.0869,118.5504,327.1,2.6,1.5,2014-03-07,0639,Aqua,MODIS,48,6.2,301.3,35,D,0
-34.0807,118.5779,359.9,2.6,1.6,2014-03-07,0639,Aqua,MODIS,99,6.2,306.2,281.7,D,0
-34.1005,118.5549,351,2.6,1.5,2014-03-07,0639,Aqua,MODIS,95,6.2,300.5,195.8,D,0
-34.0943,118.5825,403.6,2.6,1.6,2014-03-07,0639,Aqua,MODIS,100,6.2,308.2,1050.8,D,0
-34.064,118.5676,342.4,2.6,1.6,2014-03-07,0639,Aqua,MODIS,89,6.2,307.1,125.7,D,0
-34.0777,118.5723,366.8,2.6,1.6,2014-03-07,0639,Aqua,MODIS,100,6.2,307.1,360.9,D,0
-32.6271,115.8289,324.9,1.9,1.3,2014-03-07,0640,Aqua,MODIS,58,6.2,300,31.5,D,0
-22.1395,117.5942,333.2,4.4,1.9,2014-03-07,0643,Aqua,MODIS,30,6.2,297.8,156.6,D,0
-35.1814,149.8471,303.5,1,1,2014-03-07,1247,Terra,MODIS,56,6.2,285.9,8,N,0
-30.0831,148.1167,307.5,1.1,1,2014-03-07,1248,Terra,MODIS,71,6.2,292.9,8.2,N,0
-29.2289,149.105,307.3,1,1,2014-03-07,1248,Terra,MODIS,71,6.2,292.8,7.1,N,0
-26.6965,149.9141,318.6,1,1,2014-03-07,1249,Terra,MODIS,97,6.2,294.5,15.8,N,0
-26.7696,148.4339,304.6,1,1,2014-03-07,1249,Terra,MODIS,61,6.2,293.6,5,N,0
-26.698,149.904,304.2,1,1,2014-03-07,1249,Terra,MODIS,59,6.2,293.4,4.8,N,0
-26.689,149.9023,311.1,1,1,2014-03-07,1249,Terra,MODIS,82,6.2,293.6,9.3,N,0
-26.6875,149.9124,347.1,1,1,2014-03-07,1249,Terra,MODIS,100,6.2,296.7,56.3,N,0
-27.3766,148.9578,309,1,1,2014-03-07,1249,Terra,MODIS,76,6.2,294.1,7.3,N,0
-27.3676,148.9561,306.2,1,1,2014-03-07,1249,Terra,MODIS,54,6.2,294.1,5.3,N,0
-27.369,148.946,313.2,1,1,2014-03-07,1249,Terra,MODIS,87,6.2,294.3,10.3,N,0
-27.4386,148.6456,306.2,1,1,2014-03-07,1249,Terra,MODIS,67,6.2,293.6,6.5,N,0
-27.0222,150.7486,303.8,1,1,2014-03-07,1249,Terra,MODIS,57,6.2,291.7,5.8,N,0
-25.7566,147.1647,310.5,1.1,1,2014-03-07,1249,Terra,MODIS,12,6.2,293.7,8,N,0
-25.758,147.1539,323.9,1.1,1,2014-03-07,1249,Terra,MODIS,100,6.2,294.2,21.5,N,0
-25.7515,147.1309,319.2,1.1,1,2014-03-07,1249,Terra,MODIS,98,6.2,293.7,17,N,0
-26.3989,147.5188,311.3,1.1,1,2014-03-07,1249,Terra,MODIS,82,6.2,292.5,10.3,N,0
-26.4004,147.5083,309.2,1.1,1,2014-03-07,1249,Terra,MODIS,77,6.2,292.4,8.5,N,0
-26.3897,147.5173,312.5,1.1,1,2014-03-07,1249,Terra,MODIS,76,6.2,292.9,10.8,N,0
-26.3911,147.5067,312.6,1.1,1,2014-03-07,1249,Terra,MODIS,76,6.2,292.8,10.8,N,0
-26.379,147.5264,304.7,1.1,1,2014-03-07,1249,Terra,MODIS,29,6.2,292,5.2,N,0
-26.3804,147.5158,315,1.1,1,2014-03-07,1249,Terra,MODIS,90,6.2,293.1,13.2,N,0
-26.3818,147.5052,321.2,1.1,1,2014-03-07,1249,Terra,MODIS,100,6.2,293.3,19,N,0
-25.7967,147.1493,305.6,1.1,1,2014-03-07,1249,Terra,MODIS,22,6.2,293.1,5.8,N,0
-25.7981,147.1385,306.8,1.1,1,2014-03-07,1249,Terra,MODIS,40,6.2,293,6.6,N,0
-25.7687,147.1447,307.2,1.1,1,2014-03-07,1249,Terra,MODIS,34,6.2,292.7,5.8,N,0
-25.7701,147.134,310.3,1.1,1,2014-03-07,1249,Terra,MODIS,55,6.2,293.6,8.2,N,0
-23.0105,147.3343,300.7,1,1,2014-03-07,1250,Terra,MODIS,29,6.2,280,4.5,N,0
-23.5574,147.558,305.6,1,1,2014-03-07,1250,Terra,MODIS,60,6.2,287.6,5.8,N,0
-23.5488,147.5604,305.4,1,1,2014-03-07,1250,Terra,MODIS,64,6.2,286.7,6.5,N,0
-23.5502,147.5505,304.4,1,1,2014-03-07,1250,Terra,MODIS,60,6.2,287.6,5.8,N,0
-22.7109,147.3078,301.7,1,1,2014-03-07,1250,Terra,MODIS,33,6.2,283.5,4.5,N,0
-23.0913,147.4145,303.3,1,1,2014-03-07,1250,Terra,MODIS,54,6.2,285.8,5.4,N,0
-21.8928,144.6733,305.6,1.3,1.1,2014-03-07,1251,Terra,MODIS,65,6.2,289.8,8.2,N,0
-20.5797,139.8259,307.1,2.7,1.6,2014-03-07,1251,Terra,MODIS,70,6.2,293.9,20.5,N,0
-21.9114,144.524,311.1,1.3,1.1,2014-03-07,1251,Terra,MODIS,82,6.2,291.1,14.1,N,0
-19.9753,140.0215,304.6,2.5,1.5,2014-03-07,1251,Terra,MODIS,61,6.2,291.7,16.5,N,0
-19.9833,140.0172,306.1,2.5,1.5,2014-03-07,1251,Terra,MODIS,67,6.2,291.6,19.9,N,0
-21.9098,144.5365,312.8,1.3,1.1,2014-03-07,1251,Terra,MODIS,86,6.2,290.8,15.7,N,0
-34.0985,118.5688,323.2,2.2,1.5,2014-03-07,1426,Terra,MODIS,100,6.2,288.3,69.5,N,0
-34.0967,118.5504,307.1,2.3,1.5,2014-03-07,1426,Terra,MODIS,70,6.2,287.2,27.6,N,0
-34.0948,118.5751,313.4,2.2,1.5,2014-03-07,1426,Terra,MODIS,87,6.2,286.9,41.9,N,0
-30.8713,121.4916,334.2,1.3,1.1,2014-03-07,1427,Terra,MODIS,100,6.2,295.3,51.2,N,2
-30.8609,121.49,328.3,1.3,1.1,2014-03-07,1427,Terra,MODIS,100,6.2,294.8,39.1,N,2
-22.1086,117.5164,309.8,1.9,1.3,2014-03-07,1429,Terra,MODIS,75,6.2,298.3,11.8,N,0
-22.1286,117.5563,314.4,1.8,1.3,2014-03-07,1429,Terra,MODIS,88,6.2,299.7,18.8,N,0
-22.1405,117.5585,312,1.8,1.3,2014-03-07,1429,Terra,MODIS,82,6.2,299.5,14.4,N,0
-22.1385,117.5762,323.6,1.8,1.3,2014-03-07,1429,Terra,MODIS,100,6.2,300.4,39.9,N,0
-22.1334,117.5629,319.8,1.8,1.3,2014-03-07,1429,Terra,MODIS,99,6.2,299.9,30.7,N,0
-22.1454,117.5647,314,1.8,1.3,2014-03-07,1429,Terra,MODIS,87,6.2,299.7,18.3,N,0
-22.1435,117.5821,318.7,1.8,1.3,2014-03-07,1429,Terra,MODIS,97,6.2,300.7,26.9,N,0
-22.1306,117.6466,313.8,1.8,1.3,2014-03-07,1429,Terra,MODIS,86,6.2,300.1,17.3,N,0
-22.1347,117.6105,315.6,1.8,1.3,2014-03-07,1429,Terra,MODIS,91,6.2,300.5,21.1,N,0
-22.1367,117.593,313.9,1.8,1.3,2014-03-07,1429,Terra,MODIS,87,6.2,300.3,17.6,N,0
-22.0548,117.5644,312.5,1.8,1.3,2014-03-07,1429,Terra,MODIS,83,6.2,298.7,17.9,N,0
-22.1242,117.6506,318.7,1.8,1.3,2014-03-07,1429,Terra,MODIS,97,6.2,299.8,26.6,N,0
-22.1279,117.6154,312.1,1.8,1.3,2014-03-07,1429,Terra,MODIS,46,6.2,299.6,13.6,N,0
-22.1417,117.5992,314,1.8,1.3,2014-03-07,1429,Terra,MODIS,66,6.2,300.8,17.1,N,0
-22.1287,117.6636,310.4,1.8,1.3,2014-03-07,1429,Terra,MODIS,46,6.2,300,10.8,N,0
-22.0616,117.5586,318.3,1.8,1.3,2014-03-07,1430,Terra,MODIS,97,6.2,299,30.4,N,0
-20.2607,123.3331,318.3,1,1,2014-03-07,1430,Terra,MODIS,97,6.2,291.6,14.5,N,0
-20.2504,123.3411,329.9,1,1,2014-03-07,1430,Terra,MODIS,100,6.2,291.5,27.1,N,0
-20.2594,123.3427,337.5,1,1,2014-03-07,1430,Terra,MODIS,100,6.2,292.2,38.1,N,0
-20.7383,139.481,319.7,1.1,1,2014-03-07,1559,Aqua,MODIS,99,6.2,295.6,17.8,N,2
-21.9163,144.5381,300.7,1.3,1.2,2014-03-07,1559,Aqua,MODIS,33,6.2,288.1,5.4,N,0
-20.7344,139.4717,310.2,1.1,1,2014-03-07,1559,Aqua,MODIS,79,6.2,295.2,9.1,N,2
-20.6055,139.8396,305.6,1,1,2014-03-07,1559,Aqua,MODIS,63,6.2,295.3,4.7,N,0
-19.9812,140.0117,313.2,1,1,2014-03-07,1559,Aqua,MODIS,86,6.2,295.9,10.7,N,0
-19.9851,140.0208,306.8,1,1,2014-03-07,1559,Aqua,MODIS,29,6.2,295.2,5.2,N,0
-20.6016,139.8304,306.6,1,1,2014-03-07,1559,Aqua,MODIS,67,6.2,295.5,5.4,N,0
-20.0012,140.0352,307.6,1,1,2014-03-07,1559,Aqua,MODIS,71,6.2,295.1,6.5,N,0
-20.735,139.4854,313.9,1.1,1,2014-03-07,1559,Aqua,MODIS,88,6.2,295.5,11.7,N,2
-20.7311,139.476,318.9,1.1,1,2014-03-07,1559,Aqua,MODIS,98,6.2,295.6,16.3,N,2
-20.5836,139.8292,306.3,1,1,2014-03-07,1559,Aqua,MODIS,27,6.2,295.5,4.6,N,0
-30.4424,136.861,305.2,1.1,1,2014-03-07,1602,Aqua,MODIS,63,6.2,293.5,7.1,N,0
-21.3799,123.4803,303.3,2.4,1.5,2014-03-07,1737,Aqua,MODIS,55,6.2,293.1,14.6,N,0
-22.0983,117.5698,308.7,1.1,1,2014-03-07,1738,Aqua,MODIS,68,6.2,297.7,6,N,0
-22.1398,117.5764,319.2,1.1,1,2014-03-07,1738,Aqua,MODIS,98,6.2,297.6,14.2,N,0
-22.1367,117.5665,307.5,1.1,1,2014-03-07,1738,Aqua,MODIS,24,6.2,297.2,4.3,N,0
-22.1337,117.5569,318.1,1.1,1,2014-03-07,1738,Aqua,MODIS,95,6.2,298.2,13.4,N,0
-22.1279,117.5698,309.3,1.1,1,2014-03-07,1738,Aqua,MODIS,70,6.2,297.4,5.8,N,0
-22.123,117.6483,308.4,1.1,1,2014-03-07,1738,Aqua,MODIS,38,6.2,297.3,4.9,N,0
-22.1261,117.6581,313.3,1.1,1,2014-03-07,1738,Aqua,MODIS,83,6.2,298.2,9.3,N,0
-22.1318,117.6448,307.7,1.1,1,2014-03-07,1738,Aqua,MODIS,15,6.2,297.4,4.3,N,0
-22.1349,117.6548,348.4,1.1,1,2014-03-07,1738,Aqua,MODIS,100,6.2,299.6,60.6,N,0
-22.1379,117.6646,313.5,1.1,1,2014-03-07,1738,Aqua,MODIS,84,6.2,298.3,9.1,N,0
-22.1315,117.6125,307.4,1.1,1,2014-03-07,1738,Aqua,MODIS,39,6.2,297.1,4.4,N,0
-22.1372,117.5994,309.8,1.1,1,2014-03-07,1738,Aqua,MODIS,40,6.2,297.5,5.8,N,0
-22.1403,117.6092,328.1,1.1,1,2014-03-07,1738,Aqua,MODIS,100,6.2,298.8,24.7,N,0
-22.1295,117.7006,309.2,1.1,1,2014-03-07,1738,Aqua,MODIS,70,6.2,297.8,6.4,N,0
-22.1248,117.5601,311.3,1.1,1,2014-03-07,1738,Aqua,MODIS,77,6.2,298.1,7.4,N,0
-22.0613,117.5609,312.2,1.1,1,2014-03-07,1738,Aqua,MODIS,80,6.2,298.1,8.6,N,0
-22.0525,117.564,321.2,1.1,1,2014-03-07,1738,Aqua,MODIS,100,6.2,298,17.2,N,0
-22.1257,117.7015,309.8,1.1,1,2014-03-07,1738,Aqua,MODIS,72,6.2,297.7,6.6,N,0
-34.0969,118.5736,309.3,1.6,1.2,2014-03-07,1741,Aqua,MODIS,77,6.2,286,22.6,N,0
-28.7534,149.9676,334.5,1.8,1.3,2014-03-07,2347,Terra,MODIS,84,6.2,301.6,53.5,D,0
-28.7586,149.9595,336.8,1.8,1.3,2014-03-07,2347,Terra,MODIS,86,6.2,301.4,62.8,D,0
-28.7622,149.9776,323.3,1.8,1.3,2014-03-07,2347,Terra,MODIS,71,6.2,301.6,22.5,D,0
-20.015,140.0379,322.1,2.1,1.4,2014-03-08,0123,Terra,MODIS,49,6.2,300.3,17.2,D,0
-19.4419,126.1949,346.5,2.4,1.5,2014-03-08,0124,Terra,MODIS,92,6.2,298.1,156,D,0
-19.44,126.2119,334.6,2.4,1.5,2014-03-08,0124,Terra,MODIS,83,6.2,298.1,82.4,D,0
-19.4356,126.1891,336.9,2.4,1.5,2014-03-08,0124,Terra,MODIS,85,6.2,299,96.1,D,0
-22.0619,117.5623,334.2,3.3,1.7,2014-03-08,0303,Terra,MODIS,75,6.2,306.6,93.1,D,0
-22.1427,117.5851,331.1,3.4,1.7,2014-03-08,0303,Terra,MODIS,63,6.2,305.9,75.4,D,0
-22.1376,117.5799,326.9,3.4,1.7,2014-03-08,0303,Terra,MODIS,29,6.2,306,46,D,0
-22.1533,117.5787,344.4,3.4,1.7,2014-03-08,0303,Terra,MODIS,88,6.2,305.7,205.9,D,0
-22.1459,117.6186,330.6,3.4,1.7,2014-03-08,0303,Terra,MODIS,51,6.2,305.9,72.8,D,0
-22.1406,117.6138,329.7,3.4,1.7,2014-03-08,0303,Terra,MODIS,47,6.2,306.7,64.8,D,0
-22.1562,117.6114,350.5,3.4,1.7,2014-03-08,0303,Terra,MODIS,93,6.2,306.2,278.7,D,0
-38.2615,146.3853,317.2,1.1,1.1,2014-03-08,0404,Aqua,MODIS,60,6.2,299.8,12,D,2
-37.1094,148.2189,315,1,1,2014-03-08,0405,Aqua,MODIS,66,6.2,292.8,10.8,D,0
-34.4651,150.8792,322.7,1.1,1.1,2014-03-08,0405,Aqua,MODIS,68,6.2,302.9,12.6,D,2
-30.4754,149.1667,332.5,1.1,1,2014-03-08,0406,Aqua,MODIS,68,6.2,305.4,19.2,D,0
-26.2617,151.925,343.5,1.8,1.3,2014-03-08,0407,Aqua,MODIS,90,6.2,305.8,89.6,D,0
-26.2585,151.9426,327.2,1.8,1.3,2014-03-08,0407,Aqua,MODIS,47,6.2,302.5,34.5,D,0
-26.565,147.0427,336,1,1,2014-03-08,0407,Aqua,MODIS,47,6.2,313.8,18.5,D,0
-26.5635,147.0529,337.7,1,1,2014-03-08,0407,Aqua,MODIS,80,6.2,311.5,20.7,D,0
-27.0632,151.896,319.4,1.7,1.3,2014-03-08,0407,Aqua,MODIS,22,6.2,300.3,18.3,D,0
-28.7636,149.9651,335.2,1.2,1.1,2014-03-08,0407,Aqua,MODIS,78,6.2,312.5,21.6,D,0
-23.0292,147.3262,338.7,1.1,1,2014-03-08,0408,Aqua,MODIS,75,6.2,307.1,31.8,D,0
-23.0088,147.3334,329.4,1.1,1,2014-03-08,0408,Aqua,MODIS,60,6.2,302.7,18.5,D,0
-23.5551,147.5614,328.8,1.1,1,2014-03-08,0408,Aqua,MODIS,65,6.2,306.9,14.7,D,0
-23.5381,147.547,333.3,1.1,1,2014-03-08,0408,Aqua,MODIS,52,6.2,306.6,22.2,D,0
-25.8128,147.1451,334.1,1,1,2014-03-08,0408,Aqua,MODIS,78,6.2,307.6,17.4,D,0
-25.8144,147.1348,327.1,1,1,2014-03-08,0408,Aqua,MODIS,43,6.2,306.4,8.6,D,0
-25.7536,147.1178,336.7,1,1,2014-03-08,0408,Aqua,MODIS,81,6.2,307.6,25.8,D,0
-22.7098,147.3193,329,1.1,1,2014-03-08,0408,Aqua,MODIS,63,6.2,301.6,18.2,D,0
-22.7115,147.3087,346.2,1.1,1,2014-03-08,0408,Aqua,MODIS,92,6.2,306,49.2,D,0
-22.7037,147.2963,328.6,1.1,1,2014-03-08,0408,Aqua,MODIS,76,6.2,299.8,19.3,D,0
-26.2067,146.2955,331,1,1,2014-03-08,0408,Aqua,MODIS,39,6.2,312.3,11.3,D,0
-25.7549,147.1706,326.7,1,1,2014-03-08,0408,Aqua,MODIS,50,6.2,306.5,11.2,D,0
-25.7565,147.1604,357.4,1,1,2014-03-08,0408,Aqua,MODIS,98,6.2,309.9,67.9,D,0
-25.758,147.1501,351.4,1,1,2014-03-08,0408,Aqua,MODIS,94,6.2,308,51.8,D,0
-25.7596,147.14,343.9,1,1,2014-03-08,0408,Aqua,MODIS,89,6.2,308.7,37.3,D,0
-25.7505,147.1382,326.4,1,1,2014-03-08,0408,Aqua,MODIS,30,6.2,304.4,10.7,D,0
-25.752,147.128,347.1,1,1,2014-03-08,0408,Aqua,MODIS,91,6.2,307.7,44.6,D,0
-25.8037,147.1433,352.3,1,1,2014-03-08,0408,Aqua,MODIS,95,6.2,308.4,52.2,D,0
-25.8053,147.1331,367.8,1,1,2014-03-08,0408,Aqua,MODIS,100,6.2,309.1,97.1,D,0
-25.7946,147.1416,353.4,1,1,2014-03-08,0408,Aqua,MODIS,96,6.2,309,55.9,D,0
-25.7961,147.1314,354.5,1,1,2014-03-08,0408,Aqua,MODIS,96,6.2,307.8,60,D,0
-25.7716,147.1842,332.4,1,1,2014-03-08,0408,Aqua,MODIS,72,6.2,307,17.7,D,0
-25.7762,147.1535,335.8,1,1,2014-03-08,0408,Aqua,MODIS,35,6.2,308.9,21.5,D,0
-25.7656,147.1621,331.3,1,1,2014-03-08,0408,Aqua,MODIS,39,6.2,307.9,14.9,D,0
-18.2174,143.0614,325.4,1,1,2014-03-08,0410,Aqua,MODIS,64,6.2,297.9,12.4,D,0
-32.1697,134.3067,332.2,3.8,1.8,2014-03-08,0544,Aqua,MODIS,85,6.2,310.8,117.8,D,0
-32.1798,134.3017,332.7,3.8,1.8,2014-03-08,0544,Aqua,MODIS,85,6.2,310.7,121.1,D,0
-30.8166,116.812,334.7,1.7,1.3,2014-03-08,0545,Aqua,MODIS,75,6.2,314.4,33.7,D,0
-30.8281,116.8137,334.9,1.7,1.3,2014-03-08,0545,Aqua,MODIS,80,6.2,316.1,37.4,D,0
-30.0034,116.3511,333.3,1.8,1.3,2014-03-08,0546,Aqua,MODIS,75,6.2,315.8,31.1,D,0
-30,116.3389,331.4,1.8,1.3,2014-03-08,0546,Aqua,MODIS,69,6.2,315.2,23.8,D,0
-29.9982,116.3575,329.8,1.8,1.3,2014-03-08,0546,Aqua,MODIS,57,6.2,315.2,18.7,D,0
-28.2004,114.6953,335.6,2.2,1.4,2014-03-08,0546,Aqua,MODIS,74,6.2,311.2,62.6,D,0
-19.7885,121.1662,332.3,1,1,2014-03-08,0548,Aqua,MODIS,56,6.2,310,11.7,D,0
-19.79,121.1563,331.6,1,1,2014-03-08,0548,Aqua,MODIS,56,6.2,312.6,10.9,D,0
-20.7568,119.2582,334.9,1,1,2014-03-08,0548,Aqua,MODIS,60,6.2,313.1,11.2,D,0
-21.8656,119.2076,380.1,1,1,2014-03-08,0548,Aqua,MODIS,100,6.2,319.3,132.5,D,0
-22.1256,117.7095,331.1,1.2,1.1,2014-03-08,0548,Aqua,MODIS,32,6.2,306.9,16.4,D,0
-19.4625,126.2066,332,2.1,1.4,2014-03-08,0548,Aqua,MODIS,66,6.2,295.3,55.5,D,0
-21.8564,119.2061,373.5,1,1,2014-03-08,0548,Aqua,MODIS,100,6.2,321.7,107.1,D,0
-21.1641,122.9586,340.8,1.2,1.1,2014-03-08,0548,Aqua,MODIS,81,6.2,316.7,30.7,D,0
-21.1659,122.9473,341.9,1.2,1.1,2014-03-08,0548,Aqua,MODIS,83,6.2,314.9,33,D,0
-21.1644,122.9644,341.5,1.2,1.1,2014-03-08,0548,Aqua,MODIS,62,6.2,316.8,28.2,D,0
-28.5096,149.5505,300.7,3.7,1.8,2014-03-08,1331,Terra,MODIS,32,6.2,290.2,23.6,N,0
-28.4945,149.5803,301.2,3.7,1.8,2014-03-08,1331,Terra,MODIS,39,6.2,290.4,26.7,N,0
-28.5028,149.5433,300.3,3.7,1.8,2014-03-08,1331,Terra,MODIS,24,6.2,290.3,22.8,N,0
-24.2827,145.6776,301,2.5,1.5,2014-03-08,1333,Terra,MODIS,37,6.2,287.4,18.8,N,0
-20.7355,139.4767,314.7,1.2,1.1,2014-03-08,1334,Terra,MODIS,90,6.2,296.5,13.2,N,2
-19.4504,126.2555,306.2,4.1,1.9,2014-03-08,1335,Terra,MODIS,67,6.2,291.7,40.6,N,0
-19.4535,126.2629,307.9,4.1,1.9,2014-03-08,1335,Terra,MODIS,73,6.2,291.8,51.1,N,0
-26.8321,150.1906,301.1,1.2,1.1,2014-03-08,1505,Aqua,MODIS,38,6.2,290.6,6.1,N,0
-26.8322,150.1963,305.4,1.2,1.1,2014-03-08,1505,Aqua,MODIS,64,6.2,291,9.4,N,0
-25.7475,147.1521,302.5,2,1.4,2014-03-08,1505,Aqua,MODIS,50,6.2,289.5,14.5,N,0
-30.3702,149.3689,305.8,1.2,1.1,2014-03-08,1506,Aqua,MODIS,66,6.2,288.5,9.5,N,0
-28.4929,149.5741,302.2,1.3,1.1,2014-03-08,1506,Aqua,MODIS,47,6.2,282.1,8.6,N,0
-30.8655,121.4802,300.2,1.9,1.4,2014-03-08,1510,Terra,MODIS,20,6.2,284.8,12.6,N,0
-30.8615,121.5003,300.2,1.9,1.4,2014-03-08,1510,Terra,MODIS,22,6.2,284.9,12.1,N,2
-20.267,123.3533,312.7,4.5,2,2014-03-08,1513,Terra,MODIS,85,6.2,290.7,105.3,N,0
-20.2496,123.3488,321.5,4.5,2,2014-03-08,1513,Terra,MODIS,100,6.2,290.8,174.9,N,0
-20.2662,123.3601,309.3,4.5,2,2014-03-08,1513,Terra,MODIS,75,6.2,290.1,80.5,N,0
-20.2489,123.3557,323.2,4.5,2,2014-03-08,1513,Terra,MODIS,100,6.2,290.4,184.8,N,0
-19.4281,126.2728,305.9,1.5,1.2,2014-03-08,1642,Aqua,MODIS,66,6.2,294.1,10.1,N,0
-19.4305,126.2866,304.3,1.5,1.2,2014-03-08,1642,Aqua,MODIS,59,6.2,294,8.3,N,0
-25.7631,147.1495,325,1,1,2014-03-09,0029,Terra,MODIS,36,6.2,298.4,13.5,D,0
-28.9544,149.0732,321.1,1.3,1.1,2014-03-09,0030,Terra,MODIS,46,6.2,303.8,10.4,D,0
-28.4448,147.8857,327.1,1.1,1.1,2014-03-09,0030,Terra,MODIS,72,6.2,306.8,14.8,D,0
-31.4596,147.8737,315.1,1.2,1.1,2014-03-09,0031,Terra,MODIS,49,6.2,300.9,8.3,D,0
-30.0061,149.4145,323.2,1.4,1.2,2014-03-09,0031,Terra,MODIS,66,6.2,306.7,9.6,D,0
-30.0152,149.3981,326.3,1.4,1.2,2014-03-09,0031,Terra,MODIS,72,6.2,306.2,14.8,D,0
-30.0168,149.4129,332.6,1.4,1.2,2014-03-09,0031,Terra,MODIS,81,6.2,306.3,28.1,D,0
-19.4426,126.2918,336.7,1.3,1.1,2014-03-09,0207,Terra,MODIS,36,6.2,307.8,32.9,D,0
-21.4105,118.9251,330,1.3,1.1,2014-03-09,0207,Terra,MODIS,66,6.2,310.2,14.9,D,0
-21.3686,123.461,331.6,1,1,2014-03-09,0207,Terra,MODIS,22,6.2,313.6,11.6,D,0
-21.3675,123.5082,334.2,1,1,2014-03-09,0207,Terra,MODIS,53,6.2,316,10.5,D,0
-21.1686,122.956,334.8,1,1,2014-03-09,0207,Terra,MODIS,71,6.2,317.9,13.1,D,0
-30.046,116.4508,326.8,1.3,1.1,2014-03-09,0210,Terra,MODIS,69,6.2,303.6,17.9,D,0
-30.8661,121.4984,328.1,1,1,2014-03-09,0210,Terra,MODIS,78,6.2,305,16.9,D,2
-30.8647,121.4874,340.2,1,1,2014-03-09,0210,Terra,MODIS,89,6.2,304.7,35.5,D,2
-33.1847,118.2792,323.7,1,1,2014-03-09,0211,Terra,MODIS,73,6.2,306.2,10.1,D,0
-33.1756,118.2812,320.8,1,1,2014-03-09,0211,Terra,MODIS,68,6.2,306.3,6.8,D,0
-32.0874,133.2196,333.3,1.3,1.1,2014-03-09,0449,Aqua,MODIS,54,6.2,314.5,15.9,D,0
-22.7411,128.3942,352.2,1.9,1.3,2014-03-09,0452,Aqua,MODIS,95,6.2,316.3,110,D,0
-22.743,128.3757,345.8,1.9,1.3,2014-03-09,0452,Aqua,MODIS,89,6.2,315.4,78.2,D,0
-22.0517,141.6915,340.1,2.4,1.5,2014-03-09,0452,Aqua,MODIS,85,6.2,310.5,91.9,D,0
-21.3639,123.4933,333.3,4.2,1.9,2014-03-09,0453,Aqua,MODIS,57,6.2,304,146.4,D,0
-21.3662,123.4982,336.7,4.2,1.9,2014-03-09,0453,Aqua,MODIS,74,6.2,303.1,185.1,D,0
-19.4643,126.1865,336.8,2.5,1.5,2014-03-09,0453,Aqua,MODIS,78,6.2,300.8,104.2,D,0
-14.6692,132.6434,318.9,1,1,2014-03-09,0454,Aqua,MODIS,46,6.2,292,11.2,D,0
-30.1198,116.5349,336.7,1.5,1.2,2014-03-09,0628,Aqua,MODIS,82,6.2,314.5,35.6,D,0
-30.0121,116.5508,328.1,1.5,1.2,2014-03-09,0628,Aqua,MODIS,65,6.2,313.1,14.9,D,0
-30.0518,116.5344,332.4,1.5,1.2,2014-03-09,0628,Aqua,MODIS,76,6.2,314.7,22.6,D,0
-30.0489,116.5501,332.8,1.5,1.2,2014-03-09,0628,Aqua,MODIS,77,6.2,314.5,23.5,D,0
-30.1226,116.5193,331.6,1.5,1.2,2014-03-09,0628,Aqua,MODIS,75,6.2,314.8,22.3,D,0
-30.1227,116.5251,340.1,1.5,1.2,2014-03-09,0628,Aqua,MODIS,86,6.2,315.3,44.6,D,0
-30.1198,116.5406,330.9,1.5,1.2,2014-03-09,0628,Aqua,MODIS,74,6.2,314,19.4,D,0
-30.4256,116.9537,325.6,1.6,1.2,2014-03-09,0628,Aqua,MODIS,51,6.2,311.5,11.2,D,0
-30.6578,116.3852,334.7,1.5,1.2,2014-03-09,0628,Aqua,MODIS,79,6.2,315.3,31.1,D,0
-30.4681,149.157,302.8,1.4,1.2,2014-03-09,1236,Terra,MODIS,52,6.2,292.4,7.2,N,0
-30.4665,149.1711,307.3,1.4,1.2,2014-03-09,1236,Terra,MODIS,71,6.2,292.5,11.2,N,0
-28.5053,149.5536,304.8,1.2,1.1,2014-03-09,1236,Terra,MODIS,61,6.2,292.4,7.4,N,0
-28.5038,149.5661,311.9,1.2,1.1,2014-03-09,1236,Terra,MODIS,84,6.2,292.9,13.8,N,0
-28.1245,150.019,302,1.2,1.1,2014-03-09,1236,Terra,MODIS,46,6.2,287.6,6.6,N,0
-25.7415,147.1539,303.1,1.6,1.2,2014-03-09,1237,Terra,MODIS,53,6.2,284.5,9.9,N,0
-25.7433,147.1383,301.9,1.6,1.2,2014-03-09,1237,Terra,MODIS,45,6.2,284.1,9,N,0
-25.745,147.1224,301.8,1.6,1.2,2014-03-09,1237,Terra,MODIS,44,6.2,283.8,8.3,N,0
-33.2907,122.0736,300.8,2.1,1.4,2014-03-09,1414,Terra,MODIS,34,6.2,283.7,19.7,N,0
-33.2799,122.0497,321.6,2.1,1.4,2014-03-09,1414,Terra,MODIS,100,6.2,285.2,63.1,N,0
-33.278,122.0721,319.1,2.1,1.4,2014-03-09,1414,Terra,MODIS,98,6.2,285.4,55.5,N,0
-33.2927,122.0512,300.9,2.1,1.4,2014-03-09,1414,Terra,MODIS,35,6.2,283.2,20.3,N,0
-33.474,118.6576,304.2,3.5,1.8,2014-03-09,1414,Terra,MODIS,59,6.2,284.9,51.5,N,0
-33.4825,118.6653,312.3,3.5,1.8,2014-03-09,1414,Terra,MODIS,85,6.2,285.1,83.6,N,0
-33.4716,118.6955,326.6,3.5,1.8,2014-03-09,1414,Terra,MODIS,100,6.2,285.9,167.4,N,0
-33.4803,118.7032,317.2,3.5,1.8,2014-03-09,1414,Terra,MODIS,95,6.2,285.3,107.4,N,0
-33.2924,122.0564,306.1,2.1,1.4,2014-03-09,1414,Terra,MODIS,66,6.2,283.9,26.8,N,0
-21.3405,123.4809,304,1.2,1.1,2014-03-09,1417,Terra,MODIS,58,6.2,293.3,5.4,N,0
-21.123,122.944,314.8,1.3,1.1,2014-03-09,1417,Terra,MODIS,90,6.2,296.4,14.3,N,0
-21.1214,122.9502,310.2,1.3,1.1,2014-03-09,1417,Terra,MODIS,24,6.2,296.1,9,N,0
-21.1215,122.9561,309.5,1.3,1.1,2014-03-09,1417,Terra,MODIS,35,6.2,296.3,8.4,N,0
-21.367,123.5081,314.4,1.2,1.1,2014-03-09,1417,Terra,MODIS,89,6.2,292.9,14.3,N,0
-21.1315,122.9516,307.2,1.3,1.1,2014-03-09,1417,Terra,MODIS,12,6.2,295.3,6.6,N,0
-19.4386,126.2845,308.5,1,1,2014-03-09,1418,Terra,MODIS,63,6.2,290.9,6.5,N,0
-19.4697,126.2604,328.9,1,1,2014-03-09,1418,Terra,MODIS,100,6.2,296.5,25.1,N,0
-19.4372,126.294,307,1,1,2014-03-09,1418,Terra,MODIS,51,6.2,294.7,5.6,N,0
-19.4311,122.2497,308,1.3,1.1,2014-03-09,1418,Terra,MODIS,43,6.2,286.5,10.4,N,0
-25.7415,147.1533,304.1,1.4,1.2,2014-03-09,1548,Aqua,MODIS,28,6.2,287.5,8.7,N,0
-19.4354,122.2737,324.8,1.2,1.1,2014-03-09,1725,Aqua,MODIS,100,6.2,295.5,24.7,N,0
-19.4257,122.2751,315.7,1.2,1.1,2014-03-09,1725,Aqua,MODIS,83,6.2,293.6,14.6,N,0
-19.4554,126.2862,302.4,2.1,1.4,2014-03-09,1725,Aqua,MODIS,49,6.2,292.1,10.5,N,0
-32.5217,119.4635,307.1,1.2,1.1,2014-03-09,1729,Aqua,MODIS,70,6.2,286,13.2,N,0
-33.7287,118.1734,326,1.1,1,2014-03-09,1729,Aqua,MODIS,100,6.2,284.3,30.9,N,0
-33.2316,119.8791,314.4,1.2,1.1,2014-03-09,1729,Aqua,MODIS,85,6.2,285.4,20.5,N,0
-33.23,119.8656,312.3,1.2,1.1,2014-03-09,1729,Aqua,MODIS,85,6.2,285.4,18.5,N,0
-33.2215,119.8806,302.7,1.2,1.1,2014-03-09,1729,Aqua,MODIS,51,6.2,284.1,10.4,N,0
-33.22,119.8671,325.2,1.2,1.1,2014-03-09,1729,Aqua,MODIS,100,6.2,285.9,35.5,N,0
-33.221,119.8726,328.4,1.2,1.1,2014-03-09,1729,Aqua,MODIS,100,6.2,286.1,40.9,N,0
-33.2194,119.8591,302.2,1.2,1.1,2014-03-09,1729,Aqua,MODIS,48,6.2,285.1,10,N,0
-28.6539,148.7918,318.5,3.5,1.8,2014-03-09,2335,Terra,MODIS,67,6.2,299.9,40.4,D,0
-33.0912,146.7555,312.1,3.6,1.8,2014-03-09,2337,Terra,MODIS,58,6.2,298.2,32.4,D,0
-20.7375,139.4801,324.1,1.2,1.1,2014-03-10,0111,Terra,MODIS,59,6.2,308.3,11.4,D,2
-19.4551,126.2776,325.8,4,1.9,2014-03-10,0111,Terra,MODIS,64,6.2,300,80.6,D,0
-19.4628,126.3154,327.4,4,1.9,2014-03-10,0111,Terra,MODIS,74,6.2,298.8,98,D,0
-19.4672,126.3088,328.9,4,1.9,2014-03-10,0112,Terra,MODIS,77,6.2,299.4,112.9,D,0
-22.0501,141.6835,323.4,1.8,1.3,2014-03-10,0112,Terra,MODIS,62,6.2,303.8,19.3,D,0
-19.8991,121.7293,322.1,3.8,1.8,2014-03-10,0250,Terra,MODIS,56,6.2,296.1,48.2,D,0
-23.6606,118.3941,374.5,2.4,1.5,2014-03-10,0251,Terra,MODIS,100,6.2,312.8,395.8,D,0
-23.663,118.4175,341.1,2.4,1.5,2014-03-10,0251,Terra,MODIS,86,6.2,307.7,85.1,D,0
-23.6553,118.389,335.8,2.4,1.5,2014-03-10,0251,Terra,MODIS,73,6.2,313.3,65.2,D,0
-23.6575,118.4124,330.7,2.4,1.5,2014-03-10,0251,Terra,MODIS,60,6.2,310,35.8,D,0
-23.6687,118.3874,358.8,2.4,1.5,2014-03-10,0251,Terra,MODIS,99,6.2,306.5,231.7,D,0
-31.594,117.5326,323,2.6,1.5,2014-03-10,0253,Terra,MODIS,70,6.2,304.5,31.9,D,0
-31.5874,117.5126,337,2.6,1.5,2014-03-10,0253,Terra,MODIS,86,6.2,305.3,102.7,D,0
-31.5897,117.5398,320.5,2.6,1.5,2014-03-10,0253,Terra,MODIS,64,6.2,304.5,21.4,D,0
-31.5919,117.5052,329.7,2.6,1.5,2014-03-10,0253,Terra,MODIS,79,6.2,305.2,62.2,D,0
-31.0259,118.1517,336.4,2.8,1.6,2014-03-10,0253,Terra,MODIS,85,6.2,306.6,112.8,D,0
-31.4185,116.9045,321.9,2.3,1.5,2014-03-10,0253,Terra,MODIS,67,6.2,305.7,25.1,D,0
-31.4206,116.9293,321.6,2.3,1.5,2014-03-10,0253,Terra,MODIS,62,6.2,305.9,23.9,D,0
-31.0221,118.1272,323.3,2.8,1.6,2014-03-10,0253,Terra,MODIS,67,6.2,306.1,36.2,D,0
-31.0245,118.1571,336.8,2.8,1.6,2014-03-10,0253,Terra,MODIS,85,6.2,306.7,114.4,D,0
-33.4719,118.7839,326.8,3.3,1.7,2014-03-10,0253,Terra,MODIS,78,6.2,304.3,86.3,D,0
-32.4707,118.0743,320.2,2.9,1.6,2014-03-10,0253,Terra,MODIS,71,6.2,304.5,31.4,D,0
-33.4774,118.7904,326.5,3.3,1.7,2014-03-10,0253,Terra,MODIS,78,6.2,303.9,85.5,D,0
-34.3606,118.4373,345.1,3.2,1.7,2014-03-10,0254,Terra,MODIS,93,6.2,302.5,245.9,D,0
-34.3649,118.4443,342.5,3.2,1.7,2014-03-10,0254,Terra,MODIS,92,6.2,301.5,218.6,D,0
-37.5683,148.3431,318.8,1.3,1.1,2014-03-10,0352,Aqua,MODIS,68,6.2,303.2,10.7,D,0
-37.5838,148.3897,320,1.3,1.1,2014-03-10,0352,Aqua,MODIS,74,6.2,303.5,12.3,D,0
-37.5785,148.3447,319.9,1.3,1.1,2014-03-10,0352,Aqua,MODIS,74,6.2,302.8,12.7,D,0
-33.5239,146.6008,331.9,1.4,1.2,2014-03-10,0353,Aqua,MODIS,77,6.2,308.1,23.9,D,0
-33.4132,146.7731,362.7,1.4,1.2,2014-03-10,0353,Aqua,MODIS,100,6.2,311.4,121,D,0
-33.4917,146.9834,339.4,1.3,1.1,2014-03-10,0353,Aqua,MODIS,86,6.2,308.6,41.3,D,0
-33.4814,146.9818,328.5,1.3,1.1,2014-03-10,0353,Aqua,MODIS,73,6.2,308.3,18.5,D,0
-35.139,146.7083,352.7,1.4,1.2,2014-03-10,0353,Aqua,MODIS,95,6.2,313.3,79.8,D,0
-33.5962,146.5711,336,1.4,1.2,2014-03-10,0353,Aqua,MODIS,82,6.2,309.8,33.4,D,0
-34.1318,147.7566,331.6,1.2,1.1,2014-03-10,0353,Aqua,MODIS,33,6.2,309,24.1,D,0
-33.3069,146.9129,327.3,1.3,1.1,2014-03-10,0353,Aqua,MODIS,48,6.2,309.6,14.2,D,0
-33.4784,146.8199,333.6,1.3,1.2,2014-03-10,0353,Aqua,MODIS,79,6.2,306.2,31,D,0
-34.82,147.4848,340.8,1.3,1.1,2014-03-10,0353,Aqua,MODIS,87,6.2,310.9,40.9,D,0
-33.5978,146.5559,328.6,1.4,1.2,2014-03-10,0353,Aqua,MODIS,71,6.2,309.3,16.6,D,0
-33.6441,146.8728,324.3,1.3,1.1,2014-03-10,0353,Aqua,MODIS,60,6.2,307.3,12.5,D,0
-33.4148,146.7584,334.2,1.4,1.2,2014-03-10,0353,Aqua,MODIS,80,6.2,309.2,28.4,D,0
-33.4933,146.9692,331.5,1.3,1.1,2014-03-10,0353,Aqua,MODIS,77,6.2,308.4,24.1,D,0
-34.6425,147.6291,332.6,1.3,1.1,2014-03-10,0353,Aqua,MODIS,79,6.2,308.1,23.8,D,0
-35.0443,147.1925,330.2,1.3,1.1,2014-03-10,0353,Aqua,MODIS,75,6.2,310.7,16.7,D,0
-33.5856,146.5694,366.6,1.4,1.2,2014-03-10,0353,Aqua,MODIS,100,6.2,313.2,143.9,D,0
-34.3062,146.6353,332.3,1.4,1.2,2014-03-10,0353,Aqua,MODIS,76,6.2,310.1,22.1,D,0
-33.4679,146.8182,336.3,1.3,1.2,2014-03-10,0353,Aqua,MODIS,83,6.2,304,35.8,D,0
-34.4624,146.0087,375.4,1.5,1.2,2014-03-10,0353,Aqua,MODIS,100,6.2,313.7,219.6,D,0
-34.6441,147.6151,328.4,1.3,1.1,2014-03-10,0353,Aqua,MODIS,72,6.2,307.7,16.8,D,0
-33.483,146.9675,326,1.3,1.1,2014-03-10,0353,Aqua,MODIS,67,6.2,306.6,14.5,D,0
-35.1407,146.6924,335.2,1.4,1.2,2014-03-10,0353,Aqua,MODIS,81,6.2,314.2,25,D,0
-34.4616,150.877,324.3,1,1,2014-03-10,0353,Aqua,MODIS,67,6.2,303,12.3,D,0
-35.0427,147.2073,331.3,1.3,1.1,2014-03-10,0353,Aqua,MODIS,77,6.2,312,18.5,D,0
-34.3168,146.637,327.5,1.4,1.2,2014-03-10,0353,Aqua,MODIS,63,6.2,308.1,12.2,D,0
-33.3085,146.8985,335.7,1.3,1.1,2014-03-10,0353,Aqua,MODIS,82,6.2,310.3,31.4,D,0
-33.5872,146.5543,339.6,1.4,1.2,2014-03-10,0353,Aqua,MODIS,85,6.2,309.8,40.9,D,0
-33.6425,146.8874,322.6,1.3,1.1,2014-03-10,0353,Aqua,MODIS,44,6.2,306.7,8.5,D,0
-35.092,146.8447,341.3,1.4,1.2,2014-03-10,0353,Aqua,MODIS,87,6.2,311.1,44.2,D,0
-34.3078,146.6199,360.2,1.4,1.2,2014-03-10,0353,Aqua,MODIS,100,6.2,313,113.1,D,0
-34.0815,146.3929,328.5,1.4,1.2,2014-03-10,0353,Aqua,MODIS,70,6.2,311.2,14.3,D,0
-34.4641,145.9917,357.8,1.5,1.2,2014-03-10,0353,Aqua,MODIS,98,6.2,311,116.3,D,0
-33.4534,146.7566,333.6,1.4,1.2,2014-03-10,0353,Aqua,MODIS,79,6.2,307.9,29,D,0
-34.3185,146.6215,345.8,1.4,1.2,2014-03-10,0353,Aqua,MODIS,91,6.2,311.3,58.4,D,0
-34.2647,147.8323,334.4,1.2,1.1,2014-03-10,0353,Aqua,MODIS,81,6.2,309.3,24.9,D,0
-33.9981,148.4577,326,1.1,1.1,2014-03-10,0353,Aqua,MODIS,42,6.2,304.9,18.2,D,0
-34.2663,147.8189,326.5,1.2,1.1,2014-03-10,0353,Aqua,MODIS,61,6.2,310.2,11.8,D,0
-31.7455,149.6608,317.5,1,1,2014-03-10,0354,Aqua,MODIS,27,6.2,302.1,5.6,D,0
-31.744,149.6715,330.8,1,1,2014-03-10,0354,Aqua,MODIS,79,6.2,305.4,20,D,0
-31.5989,148.0481,333.6,1.1,1.1,2014-03-10,0354,Aqua,MODIS,74,6.2,311.3,20.4,D,0
-31.4527,148.6321,335.7,1.1,1,2014-03-10,0354,Aqua,MODIS,81,6.2,308.4,21.6,D,0
-31.5872,147.9852,327.4,1.1,1.1,2014-03-10,0354,Aqua,MODIS,69,6.2,308.8,13.9,D,0
-31.6085,148.0498,330.2,1.1,1.1,2014-03-10,0354,Aqua,MODIS,63,6.2,310.1,14,D,0
-31.5857,147.9972,326.9,1.1,1.1,2014-03-10,0354,Aqua,MODIS,69,6.2,309.2,12.6,D,0
-30.0181,149.4059,330.3,1,1,2014-03-10,0354,Aqua,MODIS,65,6.2,316,6.7,D,0
-28.445,147.8816,336.3,1.1,1,2014-03-10,0355,Aqua,MODIS,58,6.2,315.1,22.8,D,0
-26.5559,147.0945,367,1.1,1,2014-03-10,0355,Aqua,MODIS,100,6.2,314.9,101.5,D,0
-26.5653,147.0961,328.8,1.1,1,2014-03-10,0355,Aqua,MODIS,69,6.2,311.3,10.3,D,0
-26.5573,147.0834,354.2,1.1,1,2014-03-10,0355,Aqua,MODIS,96,6.2,311.8,61,D,0
-27.448,148.7323,349.8,1,1,2014-03-10,0355,Aqua,MODIS,94,6.2,310.4,45.3,D,0
-23.1334,145.5249,322.4,1.2,1.1,2014-03-10,0356,Aqua,MODIS,49,6.2,299.2,8.1,D,0
-23.1348,145.5132,329.9,1.2,1.1,2014-03-10,0356,Aqua,MODIS,78,6.2,301.6,20.7,D,0
-32.0486,134.13,328.4,2.4,1.5,2014-03-10,0532,Aqua,MODIS,72,6.2,306.3,35.7,D,0
-33.2843,119.9314,330.5,1.8,1.3,2014-03-10,0532,Aqua,MODIS,77,6.2,309.5,29.8,D,0
-33.2677,119.9242,336.6,1.8,1.3,2014-03-10,0532,Aqua,MODIS,84,6.2,312.7,50.5,D,0
-33.2604,119.9282,340.1,1.8,1.3,2014-03-10,0532,Aqua,MODIS,87,6.2,312.5,65.3,D,0
-33.2723,119.9299,341,1.8,1.3,2014-03-10,0532,Aqua,MODIS,88,6.2,311.9,68.5,D,0
-32.9507,121.7661,324.5,1.4,1.2,2014-03-10,0532,Aqua,MODIS,45,6.2,308.1,12.1,D,0
-33.0319,119.862,326.7,1.8,1.3,2014-03-10,0532,Aqua,MODIS,58,6.2,305.4,22.8,D,0
-33.0466,119.9622,333.2,1.8,1.3,2014-03-10,0532,Aqua,MODIS,76,6.2,307.8,50.9,D,0
-33.0484,119.9427,326.8,1.8,1.3,2014-03-10,0532,Aqua,MODIS,49,6.2,305.2,28.6,D,0
-31.3028,117.2823,327.9,2.6,1.5,2014-03-10,0533,Aqua,MODIS,35,6.2,310.9,29.4,D,0
-32.3714,117.7073,328.6,2.5,1.5,2014-03-10,0533,Aqua,MODIS,74,6.2,310.2,39.7,D,0
-32.377,117.7126,324.3,2.5,1.5,2014-03-10,0533,Aqua,MODIS,63,6.2,309.7,21.4,D,0
-30.4137,116.3452,326.9,2.9,1.6,2014-03-10,0533,Aqua,MODIS,58,6.2,311.3,33.5,D,0
-32.1385,118.5928,335.2,2.1,1.4,2014-03-10,0533,Aqua,MODIS,82,6.2,310.4,51.4,D,0
-32.3833,118.7487,333,2.1,1.4,2014-03-10,0533,Aqua,MODIS,80,6.2,311.2,44.8,D,0
-32.3847,118.7335,329.6,2.1,1.4,2014-03-10,0533,Aqua,MODIS,76,6.2,310.9,35.2,D,0
-32.3828,118.7559,333,2.1,1.4,2014-03-10,0533,Aqua,MODIS,80,6.2,310.8,47.5,D,0
-31.2845,117.2763,327.5,2.6,1.5,2014-03-10,0533,Aqua,MODIS,53,6.2,310,29.1,D,0
-31.2509,117.1621,327.2,2.6,1.6,2014-03-10,0533,Aqua,MODIS,60,6.2,311.4,28.9,D,0
-31.2464,117.1542,328.4,2.6,1.6,2014-03-10,0533,Aqua,MODIS,64,6.2,311.2,34.8,D,0
-31.2269,117.6437,328.5,2.4,1.5,2014-03-10,0533,Aqua,MODIS,65,6.2,309.9,26.9,D,0
-31.2248,117.669,331.1,2.4,1.5,2014-03-10,0533,Aqua,MODIS,72,6.2,311.1,37.2,D,0
-31.5829,117.5207,328.7,2.5,1.5,2014-03-10,0533,Aqua,MODIS,68,6.2,310.7,31,D,0
-31.5925,117.5752,327.8,2.5,1.5,2014-03-10,0533,Aqua,MODIS,61,6.2,309.7,26.8,D,0
-31.6063,117.5768,334.1,2.5,1.5,2014-03-10,0533,Aqua,MODIS,78,6.2,308.7,57.4,D,0
-31.4642,117.2802,330.8,2.6,1.5,2014-03-10,0533,Aqua,MODIS,72,6.2,310.5,49.9,D,0
-31.4664,117.2523,328.5,2.6,1.5,2014-03-10,0533,Aqua,MODIS,66,6.2,309.3,39.4,D,0
-19.4915,126.2865,361.4,1.3,1.1,2014-03-10,0536,Aqua,MODIS,100,6.2,305.9,107,D,0
-19.5613,121.1408,341.4,1.1,1,2014-03-10,0536,Aqua,MODIS,91,6.2,306.9,32.1,D,0
-19.5627,121.1306,328.4,1.1,1,2014-03-10,0536,Aqua,MODIS,36,6.2,306.1,11.4,D,0
-20.9417,120.0651,349.5,1.2,1.1,2014-03-10,0536,Aqua,MODIS,71,6.2,317.3,53.6,D,0
-21.1205,122.9522,349.6,1,1,2014-03-10,0536,Aqua,MODIS,92,6.2,308.5,44.2,D,0
-21.1413,122.9359,362.5,1,1,2014-03-10,0536,Aqua,MODIS,100,6.2,313.2,75.7,D,0
-16.1449,124.4717,319.2,1.1,1.1,2014-03-10,0537,Aqua,MODIS,34,6.2,297.9,7.5,D,0
-16.1528,124.4838,319,1.1,1.1,2014-03-10,0537,Aqua,MODIS,19,6.2,297.9,7,D,0
-27.5976,149.3199,301.5,2.3,1.5,2014-03-10,1319,Terra,MODIS,42,6.2,291.4,13.8,N,0
-28.6139,149.4,303.3,2.2,1.4,2014-03-10,1319,Terra,MODIS,54,6.2,292,13.9,N,0
-25.7407,147.1555,304.3,1.8,1.3,2014-03-10,1320,Terra,MODIS,59,6.2,292.4,11.7,N,0
-20.7331,139.4731,309,1,1,2014-03-10,1322,Terra,MODIS,73,6.2,296.8,6.1,N,2
-34.4592,150.8831,300.8,1.3,1.1,2014-03-10,1455,Aqua,MODIS,33,6.2,290.7,6.2,N,2
-31.6659,117.0788,305.3,1,1,2014-03-10,1457,Terra,MODIS,64,6.2,291.2,7,N,0
-32.0686,118.0793,304.1,1,1,2014-03-10,1457,Terra,MODIS,58,6.2,290.3,6.1,N,0
-33.4455,122.0907,304,1.2,1.1,2014-03-10,1457,Terra,MODIS,58,6.2,284.1,11.2,N,0
-32.0776,118.0811,300.9,1,1,2014-03-10,1457,Terra,MODIS,27,6.2,290.7,4.3,N,0
-32.944,121.7789,303.9,1.2,1.1,2014-03-10,1457,Terra,MODIS,41,6.2,288,8.6,N,0
-32.956,121.7684,303.8,1.2,1.1,2014-03-10,1457,Terra,MODIS,57,6.2,287.8,9,N,0
-32.9538,121.7813,312.3,1.2,1.1,2014-03-10,1457,Terra,MODIS,57,6.2,288.6,15.5,N,0
-32.969,121.812,308.4,1.2,1.1,2014-03-10,1457,Terra,MODIS,27,6.2,287.6,11.9,N,0
-32.9668,121.825,328.3,1.2,1.1,2014-03-10,1457,Terra,MODIS,100,6.2,289.1,36.2,N,0
-32.9766,121.8275,302.1,1.2,1.1,2014-03-10,1457,Terra,MODIS,20,6.2,287.4,7.4,N,0
-32.9744,121.8405,305.4,1.2,1.1,2014-03-10,1457,Terra,MODIS,56,6.2,287.7,10.1,N,0
-31.6644,117.0896,312.2,1,1,2014-03-10,1457,Terra,MODIS,84,6.2,291.5,11.9,N,0
-33.5721,118.6221,302.1,1,1,2014-03-10,1457,Terra,MODIS,42,6.2,285.8,6.5,N,0
-32.7613,119.6793,307.8,1,1,2014-03-10,1457,Terra,MODIS,72,6.2,282.8,10.3,N,0
-32.7721,119.6703,322,1,1,2014-03-10,1457,Terra,MODIS,100,6.2,282.9,22.7,N,0
-32.7704,119.6813,310.8,1,1,2014-03-10,1457,Terra,MODIS,81,6.2,281.9,12.5,N,0
-32.9942,121.7241,302.1,1.2,1.1,2014-03-10,1457,Terra,MODIS,47,6.2,287.5,8.7,N,0
-33.5631,118.6202,300.9,1,1,2014-03-10,1457,Terra,MODIS,35,6.2,286.1,6,N,0
-33.5616,118.631,300.8,1,1,2014-03-10,1457,Terra,MODIS,33,6.2,286.1,5.9,N,0
-32.743,119.6753,300.6,1,1,2014-03-10,1457,Terra,MODIS,27,6.2,284.5,5.8,N,0
-33.3802,121.0122,316.1,1.1,1.1,2014-03-10,1457,Terra,MODIS,53,6.2,286.9,17.2,N,0
-33.401,121.0048,305.5,1.1,1.1,2014-03-10,1457,Terra,MODIS,24,6.2,286.1,9.1,N,0
-33.3991,121.0167,307.2,1.1,1.1,2014-03-10,1457,Terra,MODIS,37,6.2,286.2,10.4,N,0
-32.763,119.6683,313.4,1,1,2014-03-10,1457,Terra,MODIS,87,6.2,281.9,14.6,N,0
-31.2865,117.6961,302.9,1,1,2014-03-10,1458,Terra,MODIS,45,6.2,290.7,5.4,N,0
-30.8665,116.8853,300.2,1,1,2014-03-10,1458,Terra,MODIS,19,6.2,289.2,4.8,N,0
-31.288,117.6856,302.9,1,1,2014-03-10,1458,Terra,MODIS,52,6.2,288.1,5.5,N,0
-20.9494,120.0921,337.6,1.5,1.2,2014-03-10,1500,Terra,MODIS,100,6.2,296.7,68.3,N,0
-20.9603,120.0943,311,1.5,1.2,2014-03-10,1500,Terra,MODIS,77,6.2,296.2,12.4,N,0
-20.9519,120.0775,310,1.5,1.2,2014-03-10,1500,Terra,MODIS,79,6.2,293.3,11.4,N,0
-20.2737,119.0543,308.2,1.4,1.2,2014-03-10,1500,Terra,MODIS,74,6.2,292.6,8.4,N,0
-19.9428,120.3677,320.4,1.7,1.3,2014-03-10,1500,Terra,MODIS,84,6.2,296.2,29.8,N,0
-19.9456,120.352,346.6,1.7,1.3,2014-03-10,1500,Terra,MODIS,100,6.2,297.9,109.7,N,0
-19.9457,120.3626,335,1.7,1.3,2014-03-10,1500,Terra,MODIS,100,6.2,297,67.9,N,0
-19.9484,120.3468,324.9,1.7,1.3,2014-03-10,1500,Terra,MODIS,100,6.2,296.3,40.7,N,0
-19.937,120.3446,354.7,1.7,1.3,2014-03-10,1500,Terra,MODIS,100,6.2,297,149.3,N,0
-19.9397,120.3288,309.8,1.7,1.3,2014-03-10,1500,Terra,MODIS,78,6.2,292,13.3,N,0
-20.2819,119.0692,312.7,1.4,1.2,2014-03-10,1500,Terra,MODIS,85,6.2,294.2,13.6,N,0
-20.2715,119.0672,312.1,1.4,1.2,2014-03-10,1500,Terra,MODIS,84,6.2,294,13,N,0
-21.1555,117.3858,330.5,1.1,1,2014-03-10,1500,Terra,MODIS,100,6.2,298.4,28.3,N,0
-21.1571,117.3753,336.5,1.1,1,2014-03-10,1500,Terra,MODIS,100,6.2,299.1,37.3,N,0
-21.1587,117.3648,324.1,1.1,1,2014-03-10,1500,Terra,MODIS,100,6.2,298.9,19.3,N,0
-21.1445,117.3945,309.4,1.1,1,2014-03-10,1500,Terra,MODIS,61,6.2,298,5.7,N,0
-21.1461,117.3841,314.1,1.1,1,2014-03-10,1500,Terra,MODIS,88,6.2,298,9,N,0
-21.1477,117.3736,310.7,1.1,1,2014-03-10,1500,Terra,MODIS,36,6.2,298.3,5.5,N,0
-21.1351,117.3929,329.6,1.1,1,2014-03-10,1500,Terra,MODIS,100,6.2,298.3,27.8,N,0
-21.1258,117.3912,320,1.1,1,2014-03-10,1500,Terra,MODIS,99,6.2,297.3,15.9,N,0
-20.5936,116.7804,309.3,1.1,1,2014-03-10,1500,Terra,MODIS,66,6.2,298.3,5,N,0
-21.3671,123.543,303.7,3.5,1.8,2014-03-10,1630,Aqua,MODIS,57,6.2,283.3,27.6,N,0
-21.374,123.576,315.8,3.4,1.7,2014-03-10,1630,Aqua,MODIS,92,6.2,290.7,79.3,N,0
-32.9707,121.8596,303.7,2.4,1.5,2014-03-10,1634,Aqua,MODIS,24,6.2,279.2,27.2,N,0
-32.9652,121.8341,313.2,2.4,1.5,2014-03-10,1634,Aqua,MODIS,78,6.2,279.4,49.5,N,0
-32.9759,121.8503,303.8,2.4,1.5,2014-03-10,1634,Aqua,MODIS,57,6.2,279.4,29.5,N,0
-32.9703,121.8249,307.1,2.4,1.5,2014-03-10,1634,Aqua,MODIS,70,6.2,279.5,35.8,N,0
-33.706,118.214,301.4,3.9,1.8,2014-03-10,1634,Aqua,MODIS,41,6.2,282.4,53.9,N,0
-32.7407,119.6707,305.1,3.4,1.7,2014-03-10,1634,Aqua,MODIS,63,6.2,285.4,53.5,N,0
-32.7534,119.7086,304.2,3.4,1.7,2014-03-10,1634,Aqua,MODIS,59,6.2,285.7,50.7,N,0
-32.7452,119.6734,309.2,3.4,1.7,2014-03-10,1634,Aqua,MODIS,77,6.2,285.6,69.7,N,0
-33.4103,121.017,300.3,2.7,1.6,2014-03-10,1634,Aqua,MODIS,24,6.2,283.5,26.9,N,0
-33.6897,118.2196,304,3.9,1.8,2014-03-10,1634,Aqua,MODIS,58,6.2,283.3,64.4,N,0
-33.6953,118.2132,316.2,3.9,1.8,2014-03-10,1634,Aqua,MODIS,93,6.2,283.8,130.6,N,0
-32.7491,119.7058,306.8,3.4,1.7,2014-03-10,1634,Aqua,MODIS,69,6.2,285.8,59.3,N,0
-22.9986,147.3309,319.2,1.1,1.1,2014-03-11,0016,Terra,MODIS,63,6.2,300.7,10.1,D,0
-23.9608,143.4254,318.8,1.9,1.3,2014-03-11,0017,Terra,MODIS,45,6.2,302,14.7,D,0
-26.796,150.2026,324.7,1,1,2014-03-11,0017,Terra,MODIS,70,6.2,308.4,8.7,D,2
-23.4169,147.452,322.4,1.1,1.1,2014-03-11,0017,Terra,MODIS,46,6.2,298.8,10.4,D,0
-25.786,147.2036,324.7,1.1,1,2014-03-11,0017,Terra,MODIS,67,6.2,303.4,15.7,D,0
-25.7877,147.2142,330.5,1.1,1,2014-03-11,0017,Terra,MODIS,77,6.2,304.8,23.7,D,0
-24.8178,148.3231,317.3,1,1,2014-03-11,0017,Terra,MODIS,43,6.2,300.2,8.1,D,0
-28.2625,148.5049,334.3,1,1,2014-03-11,0018,Terra,MODIS,61,6.2,307,20.1,D,0
-30.307,148.9165,335.4,1,1,2014-03-11,0018,Terra,MODIS,82,6.2,310.4,18.5,D,0
-30.4191,148.4686,324.1,1,1,2014-03-11,0018,Terra,MODIS,64,6.2,306.6,5.8,D,0
-30.3084,148.9271,337.6,1,1,2014-03-11,0018,Terra,MODIS,84,6.2,310.6,22,D,0
-32.2135,147.7774,317.8,1,1,2014-03-11,0019,Terra,MODIS,60,6.2,303.1,5.9,D,0
-33.8046,145.4583,325.8,1,1,2014-03-11,0019,Terra,MODIS,63,6.2,306,10.6,D,0
-34.4581,150.882,318.8,1.3,1.1,2014-03-11,0019,Terra,MODIS,55,6.2,299.6,13,D,2
-32.3496,151.3268,319.5,1.3,1.1,2014-03-11,0019,Terra,MODIS,56,6.2,295.8,17.4,D,0
-37.5752,148.3531,316.7,1.1,1,2014-03-11,0020,Terra,MODIS,47,6.2,300.1,8.5,D,0
-37.591,148.4014,314,1.1,1,2014-03-11,0020,Terra,MODIS,54,6.2,300.3,6.7,D,0
-42.3778,147.7682,314.5,1.2,1.1,2014-03-11,0022,Terra,MODIS,75,6.2,284.4,15.1,D,0
-19.4437,126.3148,381.7,1,1,2014-03-11,0154,Terra,MODIS,100,6.2,316.7,138.6,D,0
-19.4423,126.3053,340,1,1,2014-03-11,0154,Terra,MODIS,84,6.2,311.8,19.4,D,0
-19.4451,126.3243,352.9,1,1,2014-03-11,0154,Terra,MODIS,95,6.2,313.8,47.2,D,0
-19.4527,126.3134,340,1,1,2014-03-11,0154,Terra,MODIS,84,6.2,313.4,20.7,D,0
-19.4256,122.2371,380.1,1.3,1.1,2014-03-11,0154,Terra,MODIS,100,6.2,310.3,207.6,D,0
-19.4277,122.2497,331.1,1.3,1.1,2014-03-11,0154,Terra,MODIS,60,6.2,308.7,18.2,D,0
-19.4154,122.239,370.9,1.3,1.1,2014-03-11,0154,Terra,MODIS,100,6.2,307.5,156.9,D,0
-19.4175,122.2516,346.5,1.3,1.1,2014-03-11,0154,Terra,MODIS,91,6.2,309,58,D,0
-22.0318,117.5136,329.1,2.5,1.5,2014-03-11,0155,Terra,MODIS,69,6.2,307.1,45.1,D,0
-21.3783,123.5258,334.4,1.1,1,2014-03-11,0155,Terra,MODIS,57,6.2,315.7,11.5,D,0
-20.0429,122.0004,323.7,1.3,1.1,2014-03-11,0155,Terra,MODIS,45,6.2,301.5,7.1,D,0
-20.9572,120.0759,327.3,1.7,1.3,2014-03-11,0155,Terra,MODIS,27,6.2,304.7,17.3,D,0
-20.0326,122.0023,330.8,1.3,1.1,2014-03-11,0155,Terra,MODIS,74,6.2,303.6,19.9,D,0
-21.3646,123.5603,338.3,1.1,1,2014-03-11,0155,Terra,MODIS,66,6.2,314,19.4,D,0
-21.4715,133.0586,328,2.5,1.5,2014-03-11,0155,Terra,MODIS,68,6.2,306.7,49.9,D,0
-21.4656,133.065,328.9,2.5,1.5,2014-03-11,0155,Terra,MODIS,70,6.2,307,53.7,D,0
-20.9486,120.0948,326.2,1.7,1.3,2014-03-11,0155,Terra,MODIS,26,6.2,305.9,16.4,D,0
-20.0223,122.0042,340.2,1.3,1.1,2014-03-11,0155,Terra,MODIS,86,6.2,301.7,42,D,0
-20.2824,119.0638,324.4,2.1,1.4,2014-03-11,0155,Terra,MODIS,51,6.2,302.2,20.4,D,0
-20.2854,119.0769,325.9,2.1,1.4,2014-03-11,0155,Terra,MODIS,55,6.2,302.4,28.7,D,0
-21.1536,117.3807,336.3,2.7,1.6,2014-03-11,0155,Terra,MODIS,80,6.2,306.7,90.1,D,0
-21.143,117.3771,328.8,2.7,1.6,2014-03-11,0155,Terra,MODIS,67,6.2,305.9,48.2,D,0
-21.157,117.3739,328.4,2.7,1.6,2014-03-11,0155,Terra,MODIS,66,6.2,306.1,45.8,D,0
-20.5527,118.8132,327.9,2.2,1.4,2014-03-11,0155,Terra,MODIS,63,6.2,304.2,36.6,D,0
-20.5655,118.8105,336.1,2.2,1.4,2014-03-11,0155,Terra,MODIS,80,6.2,302.2,72.1,D,0
-20.5694,118.8312,330.8,2.2,1.4,2014-03-11,0155,Terra,MODIS,71,6.2,303.7,49.6,D,0
-32.9924,121.7225,322.9,1,1,2014-03-11,0158,Terra,MODIS,50,6.2,304.7,8.2,D,0
-33.0015,121.7206,323.5,1,1,2014-03-11,0158,Terra,MODIS,75,6.2,303.4,9.5,D,0
-32.748,119.6464,317.8,1.2,1.1,2014-03-11,0158,Terra,MODIS,64,6.2,302.8,6.2,D,0
-33.3784,121.0131,317.5,1,1,2014-03-11,0158,Terra,MODIS,45,6.2,302.2,5.4,D,0
-33.4944,118.7882,317.8,1.2,1.1,2014-03-11,0158,Terra,MODIS,64,6.2,303.1,8,D,0
-32.9539,121.7752,318.7,1,1,2014-03-11,0158,Terra,MODIS,45,6.2,303.9,5.9,D,0
-33.492,118.775,318.5,1.2,1.1,2014-03-11,0158,Terra,MODIS,66,6.2,304,8.9,D,0
-33.4076,121.0181,321.8,1,1,2014-03-11,0158,Terra,MODIS,69,6.2,303.8,8.6,D,0
-33.3802,121.0242,321.1,1,1,2014-03-11,0158,Terra,MODIS,68,6.2,303,8.8,D,0
-31.2181,117.71,319.8,1.6,1.2,2014-03-11,0158,Terra,MODIS,64,6.2,302.2,13.3,D,0
-33.4915,122.0969,319.7,1,1,2014-03-11,0158,Terra,MODIS,53,6.2,301,6.3,D,0
-31.2208,117.7204,318.7,1.6,1.2,2014-03-11,0158,Terra,MODIS,53,6.2,302.3,10.7,D,0
-31.8855,117.5547,324.2,1.5,1.2,2014-03-11,0158,Terra,MODIS,75,6.2,301.4,22.3,D,0
-24.7187,151.8185,313.5,4.2,1.9,2014-03-11,0300,Aqua,MODIS,58,6.2,294.4,59,D,0
-42.3837,147.7558,317.3,1.3,1.1,2014-03-11,0434,Aqua,MODIS,77,6.2,275.1,21.9,D,0
-41.8712,145.1647,333,1.1,1,2014-03-11,0434,Aqua,MODIS,73,6.2,278.6,33.6,D,0
-41.862,145.1617,350.4,1.1,1,2014-03-11,0434,Aqua,MODIS,74,6.2,284.9,63.4,D,0
-41.8527,145.1589,338.7,1.1,1,2014-03-11,0434,Aqua,MODIS,45,6.2,282.9,38.3,D,0
-34.1248,148.3198,324.1,2.2,1.4,2014-03-11,0436,Aqua,MODIS,70,6.2,305.6,21.3,D,0
-33.5152,147.8635,334.3,2.1,1.4,2014-03-11,0436,Aqua,MODIS,83,6.2,305.5,57.5,D,0
-33.4978,147.8823,323.6,2.1,1.4,2014-03-11,0436,Aqua,MODIS,61,6.2,304.8,18.8,D,0
-33.5026,147.8597,357.7,2.1,1.4,2014-03-11,0436,Aqua,MODIS,98,6.2,306.9,197.1,D,0
-34.4565,146.1882,334.5,1.6,1.2,2014-03-11,0436,Aqua,MODIS,75,6.2,305.7,40.3,D,0
-33.1582,148.6626,320.4,2.4,1.5,2014-03-11,0436,Aqua,MODIS,64,6.2,300.6,37.6,D,0
-34.5115,147.4944,331.3,1.9,1.4,2014-03-11,0436,Aqua,MODIS,76,6.2,304.6,41.5,D,0
-33.9547,147.6698,331.9,2,1.4,2014-03-11,0436,Aqua,MODIS,81,6.2,302.9,47.2,D,0
-33.1731,146.1027,330.9,1.7,1.3,2014-03-11,0436,Aqua,MODIS,75,6.2,310.4,25.9,D,0
-34.2044,146.8879,335.2,1.8,1.3,2014-03-11,0436,Aqua,MODIS,83,6.2,307.8,42.5,D,0
-34.2138,147.1869,328.8,1.9,1.3,2014-03-11,0436,Aqua,MODIS,54,6.2,306.5,26.5,D,0
-32.7405,148.6964,319.3,2.5,1.5,2014-03-11,0436,Aqua,MODIS,61,6.2,302.9,28.6,D,0
-33.1685,146.1073,328.8,1.7,1.3,2014-03-11,0436,Aqua,MODIS,71,6.2,310.5,20.5,D,0
-34.3808,146.7526,333.3,1.7,1.3,2014-03-11,0436,Aqua,MODIS,79,6.2,306.5,38.9,D,0
-33.35,146.7878,327,1.8,1.3,2014-03-11,0436,Aqua,MODIS,69,6.2,303.7,22.8,D,0
-33.8418,147.6971,333.1,2,1.4,2014-03-11,0436,Aqua,MODIS,82,6.2,304.1,53.9,D,0
-34.8194,147.4758,337.2,1.9,1.3,2014-03-11,0436,Aqua,MODIS,82,6.2,296.4,70.8,D,0
-34.3924,147.4296,326.8,1.9,1.3,2014-03-11,0436,Aqua,MODIS,63,6.2,304.9,23.2,D,0
-33.1242,146.8291,331.9,1.9,1.3,2014-03-11,0436,Aqua,MODIS,77,6.2,306.7,43,D,0
-33.1721,146.0892,325.6,1.7,1.3,2014-03-11,0436,Aqua,MODIS,48,6.2,308.3,11.8,D,0
-33.334,146.9297,348.2,1.9,1.3,2014-03-11,0436,Aqua,MODIS,93,6.2,303.6,106.4,D,0
-32.733,148.7013,321.9,2.5,1.5,2014-03-11,0436,Aqua,MODIS,67,6.2,304.5,37.4,D,0
-33.338,146.9098,328.5,1.9,1.3,2014-03-11,0436,Aqua,MODIS,74,6.2,307.2,27.3,D,0
-33.6137,146.3977,331.7,1.7,1.3,2014-03-11,0436,Aqua,MODIS,77,6.2,307.9,30.9,D,0
-33.1285,146.8371,326.5,1.9,1.3,2014-03-11,0436,Aqua,MODIS,66,6.2,307.2,26.5,D,0
-34.4589,146.1833,328,1.6,1.2,2014-03-11,0436,Aqua,MODIS,38,6.2,305.4,23.1,D,0
-34.6498,146.8711,336.9,1.7,1.3,2014-03-11,0436,Aqua,MODIS,74,6.2,307.2,51.9,D,0
-33.1326,146.8171,331.1,1.9,1.3,2014-03-11,0436,Aqua,MODIS,77,6.2,306.5,37.8,D,0
-33.5882,146.5269,327.6,1.8,1.3,2014-03-11,0436,Aqua,MODIS,71,6.2,307.1,21.4,D,0
-33.1281,146.8091,325.4,1.9,1.3,2014-03-11,0436,Aqua,MODIS,48,6.2,305.6,19.8,D,0
-34.3088,146.5896,330.6,1.7,1.3,2014-03-11,0436,Aqua,MODIS,23,6.2,306.2,32.6,D,0
-32.422,147.2225,323.4,2.1,1.4,2014-03-11,0437,Aqua,MODIS,61,6.2,307.4,20,D,0
-32.3165,146.9548,323.3,2,1.4,2014-03-11,0437,Aqua,MODIS,61,6.2,306.1,20.8,D,0
-32.3123,146.9757,333.6,2,1.4,2014-03-11,0437,Aqua,MODIS,80,6.2,306.8,56.7,D,0
-31.5908,148.0773,324.1,2.4,1.5,2014-03-11,0437,Aqua,MODIS,67,6.2,305.5,37.3,D,0
-26.6947,149.899,322.5,4.3,1.9,2014-03-11,0438,Aqua,MODIS,45,6.2,286.7,93.7,D,0
-26.7091,149.8952,356.9,4.3,1.9,2014-03-11,0438,Aqua,MODIS,0,6.2,296.4,563.8,D,0
-26.7017,149.946,335,4.3,1.9,2014-03-11,0438,Aqua,MODIS,0,6.2,294.1,224.2,D,0
-26.6995,149.9373,352.2,4.3,1.9,2014-03-11,0438,Aqua,MODIS,0,6.2,295,490.8,D,0
-19.435,126.3096,342.4,4.1,1.9,2014-03-11,0441,Aqua,MODIS,81,6.2,293.4,281.2,D,0
-19.4314,126.3014,350.5,4.1,1.9,2014-03-11,0441,Aqua,MODIS,94,6.2,294.1,417.9,D,0
-33.1816,121.1835,326.1,1.6,1.3,2014-03-11,0615,Aqua,MODIS,60,6.2,309.8,16.9,D,0
-33.1782,121.2009,325.2,1.6,1.3,2014-03-11,0615,Aqua,MODIS,50,6.2,309.4,15.7,D,0
-33.1801,121.1945,328.3,1.6,1.3,2014-03-11,0615,Aqua,MODIS,72,6.2,310,24.6,D,0
-33.6256,119.7156,342.4,1.3,1.1,2014-03-11,0615,Aqua,MODIS,88,6.2,309.7,52,D,0
-33.1799,121.7802,328.1,1.8,1.3,2014-03-11,0615,Aqua,MODIS,77,6.2,310.6,24,D,0
-33.1715,121.7924,326.1,1.8,1.3,2014-03-11,0615,Aqua,MODIS,68,6.2,309.6,17.5,D,0
-33.9213,118.3599,327.6,1.1,1.1,2014-03-11,0615,Aqua,MODIS,69,6.2,312.7,12.5,D,0
-33.1761,121.799,334.3,1.8,1.3,2014-03-11,0615,Aqua,MODIS,83,6.2,310.1,43.4,D,0
-31.3797,118.5533,328.9,1.3,1.1,2014-03-11,0616,Aqua,MODIS,64,6.2,313.3,11.6,D,0
-31.3774,118.5664,336.5,1.3,1.1,2014-03-11,0616,Aqua,MODIS,80,6.2,314.6,26.6,D,0
-32.1306,118.4322,327.9,1.2,1.1,2014-03-11,0616,Aqua,MODIS,47,6.2,312.8,10.1,D,0
-32.1284,118.4448,333,1.2,1.1,2014-03-11,0616,Aqua,MODIS,76,6.2,312.8,18.5,D,0
-31.5333,119.0968,331.9,1.3,1.1,2014-03-11,0616,Aqua,MODIS,73,6.2,315.6,17.7,D,0
-31.5422,119.0912,341.5,1.3,1.1,2014-03-11,0616,Aqua,MODIS,86,6.2,316.6,39.2,D,0
-28.0621,114.6167,335.3,1,1,2014-03-11,0617,Aqua,MODIS,70,6.2,315.6,10.9,D,0
-28.053,114.615,342.5,1,1,2014-03-11,0617,Aqua,MODIS,83,6.2,317.3,22.3,D,0
-20.0403,122.0135,342,3.7,1.8,2014-03-11,0619,Aqua,MODIS,76,6.2,305,209.6,D,0
-19.4317,122.2075,344,3.9,1.8,2014-03-11,0619,Aqua,MODIS,80,6.2,298.5,268.8,D,0
-19.4377,122.2169,343.7,3.9,1.8,2014-03-11,0619,Aqua,MODIS,73,6.2,295.5,258.9,D,0
-19.4136,122.2498,357.1,3.9,1.8,2014-03-11,0619,Aqua,MODIS,98,6.2,300.4,464.5,D,0
-19.4243,122.2442,327.5,3.9,1.8,2014-03-11,0619,Aqua,MODIS,46,6.2,300.9,90.2,D,0
-19.4003,122.2773,327.8,3.9,1.8,2014-03-11,0619,Aqua,MODIS,66,6.2,298.1,86.1,D,0
-19.4079,122.2404,350,3.9,1.8,2014-03-11,0619,Aqua,MODIS,94,6.2,299.5,347.8,D,0
-26.699,149.9201,310,1.7,1.3,2014-03-11,1224,Terra,MODIS,79,6.2,292.2,20.4,N,0
-27.426,151.1894,310.9,1.4,1.2,2014-03-11,1224,Terra,MODIS,81,6.2,288.7,19.6,N,0
-28.2769,148.5677,305.3,2.2,1.4,2014-03-11,1224,Terra,MODIS,64,6.2,293,18.6,N,0
-28.2795,148.5614,305.9,2.2,1.4,2014-03-11,1224,Terra,MODIS,66,6.2,292.9,19.8,N,0
-26.7026,149.9143,303.9,1.7,1.3,2014-03-11,1225,Terra,MODIS,38,6.2,291.9,11.6,N,0
-23.421,147.4524,305.3,2.3,1.5,2014-03-11,1225,Terra,MODIS,64,6.2,292,19.3,N,0
-23.4115,147.4459,302.8,2.3,1.5,2014-03-11,1225,Terra,MODIS,30,6.2,291.4,13,N,0
-32.9776,121.8403,304.8,3.4,1.7,2014-03-11,1402,Terra,MODIS,18,6.2,287.4,41.6,N,0
-32.9889,121.8108,305.2,3.4,1.7,2014-03-11,1402,Terra,MODIS,63,6.2,287.5,49.5,N,0
-20.0271,122.0353,306.4,2.3,1.5,2014-03-11,1405,Terra,MODIS,65,6.2,275.7,22.8,N,0
-20.9657,120.1083,307.1,3.3,1.7,2014-03-11,1405,Terra,MODIS,68,6.2,294.9,22.3,N,0
-17.6229,126.1019,307.9,1.2,1.1,2014-03-11,1406,Terra,MODIS,59,6.2,296.3,5.4,N,0
-17.459,126.7222,315.2,1.1,1,2014-03-11,1406,Terra,MODIS,89,6.2,295.3,11.5,N,0
-17.5008,126.1107,313.1,1.1,1.1,2014-03-11,1406,Terra,MODIS,84,6.2,290.3,13,N,0
-17.4576,126.7323,305.7,1.1,1,2014-03-11,1406,Terra,MODIS,51,6.2,294.6,3.8,N,0
-17.498,126.104,302.9,1.1,1.1,2014-03-11,1406,Terra,MODIS,26,6.2,288.6,4.3,N,0
-17.5022,126.0999,314.1,1.1,1.1,2014-03-11,1406,Terra,MODIS,87,6.2,288.8,13.3,N,0
-18.5606,124.5447,308.8,1.5,1.2,2014-03-11,1406,Terra,MODIS,71,6.2,297,9.7,N,0
-32.2411,116.1309,301.8,2.5,1.5,2014-03-11,1540,Terra,MODIS,38,6.2,288.9,19.5,N,0
-32.2365,116.123,300.1,2.5,1.5,2014-03-11,1540,Terra,MODIS,16,6.2,288.8,16.3,N,0
-17.5008,126.1123,309.1,1.2,1.1,2014-03-11,1712,Aqua,MODIS,76,6.2,296.2,8.9,N,0
-20.963,120.1333,326.4,1.1,1.1,2014-03-11,1713,Aqua,MODIS,100,6.2,297,26.2,N,0
-20.9558,120.1181,332.5,1.1,1.1,2014-03-11,1713,Aqua,MODIS,100,6.2,297.9,34.8,N,0
-20.9613,120.1225,325.7,1.1,1.1,2014-03-11,1713,Aqua,MODIS,100,6.2,297.7,24.9,N,0
-21.3261,123.4997,310.2,1,1,2014-03-11,1713,Aqua,MODIS,78,6.2,290.5,8.4,N,0
-20.9576,120.129,355.3,1.1,1.1,2014-03-11,1713,Aqua,MODIS,100,6.2,298.7,85.7,N,0
-20.9246,120.0454,306.1,1.1,1.1,2014-03-11,1713,Aqua,MODIS,60,6.2,284.8,5.8,N,0
-21.5743,118.4519,306.9,1.4,1.2,2014-03-11,1714,Aqua,MODIS,70,6.2,295.5,7.1,N,0
-32.2279,116.1258,311.2,1.2,1.1,2014-03-11,1716,Aqua,MODIS,82,6.2,291.9,14.4,N,0
-32.2303,116.139,337.2,1.2,1.1,2014-03-11,1716,Aqua,MODIS,100,6.2,293.6,53.9,N,0
-33.3349,121.2649,300.5,1.1,1,2014-03-11,1717,Aqua,MODIS,22,6.2,285.8,6.3,N,0
-33.3364,121.2765,315.2,1.1,1,2014-03-11,1717,Aqua,MODIS,91,6.2,286.1,17.2,N,0
-33.435,122.2021,304.3,1.2,1.1,2014-03-11,1717,Aqua,MODIS,36,6.2,286.1,9.6,N,0
-33.4268,122.2163,302.2,1.2,1.1,2014-03-11,1717,Aqua,MODIS,16,6.2,285.5,8,N,0
-33.4253,122.2038,312.7,1.2,1.1,2014-03-11,1717,Aqua,MODIS,86,6.2,287.7,16.7,N,0
-33.3256,121.2666,304.4,1.1,1,2014-03-11,1717,Aqua,MODIS,60,6.2,285.4,9.1,N,0
-33.2266,119.8811,330.4,1,1,2014-03-11,1717,Aqua,MODIS,100,6.2,288,31.6,N,0
-33.2493,119.9098,326.8,1,1,2014-03-11,1717,Aqua,MODIS,100,6.2,288.1,27.4,N,0
-33.2508,119.9206,311.4,1,1,2014-03-11,1717,Aqua,MODIS,82,6.2,287.1,12.8,N,0
-27.3241,149.8894,323.2,4.8,2,2014-03-12,0100,Terra,MODIS,66,6.2,300.7,102.4,D,0
-27.3217,149.8849,324.9,4.8,2,2014-03-12,0100,Terra,MODIS,70,6.2,300.7,112.5,D,0
-33.5362,137.2364,321,1,1,2014-03-12,0102,Terra,MODIS,73,6.2,300.7,12.6,D,0
-33.8926,138.4805,322.5,1.1,1,2014-03-12,0103,Terra,MODIS,76,6.2,303.3,13,D,0
-33.8941,138.4924,317.4,1.1,1,2014-03-12,0103,Terra,MODIS,55,6.2,301.8,7.1,D,0
-33.889,138.4872,325.3,1.1,1,2014-03-12,0103,Terra,MODIS,67,6.2,304.6,14.7,D,0
-35.9423,142.4041,324.1,1.9,1.3,2014-03-12,0103,Terra,MODIS,78,6.2,302,32.2,D,0
-35.9545,142.4025,324.8,1.9,1.3,2014-03-12,0103,Terra,MODIS,79,6.2,302.8,34.2,D,0
-35.946,142.3978,321.9,1.9,1.3,2014-03-12,0103,Terra,MODIS,49,6.2,302.5,24.8,D,0
-20.0424,122.07,330.8,2.3,1.5,2014-03-12,0237,Terra,MODIS,49,6.2,312.6,28.6,D,0
-17.3709,126.6158,321.6,4.7,2,2014-03-12,0237,Terra,MODIS,71,6.2,298.8,105.8,D,0
-17.3727,126.6226,320.3,4.7,2,2014-03-12,0237,Terra,MODIS,69,6.2,298.6,88,D,0
-20.0577,121.9948,333.9,2.3,1.5,2014-03-12,0237,Terra,MODIS,54,6.2,311.3,47.5,D,0
-20.0507,122.0238,335.9,2.3,1.5,2014-03-12,0237,Terra,MODIS,54,6.2,314.8,45.6,D,0
-20.0482,122.0017,340.9,2.3,1.5,2014-03-12,0237,Terra,MODIS,83,6.2,315.1,76,D,0
-20.06,122.0171,335.4,2.3,1.5,2014-03-12,0237,Terra,MODIS,60,6.2,311.7,51.9,D,0
-20.9204,120.032,331.3,1.7,1.3,2014-03-12,0238,Terra,MODIS,63,6.2,312.9,22.6,D,0
-20.9436,120.0292,339.7,1.7,1.3,2014-03-12,0238,Terra,MODIS,83,6.2,313.7,49,D,0
-20.9417,120.0129,354.1,1.7,1.3,2014-03-12,0238,Terra,MODIS,96,6.2,314,112.7,D,0
-20.932,120.0306,365.8,1.7,1.3,2014-03-12,0238,Terra,MODIS,100,6.2,316.6,180.1,D,0
-20.9302,120.0143,395.8,1.7,1.3,2014-03-12,0238,Terra,MODIS,100,6.2,318.9,456.5,D,0
-20.9186,120.0157,335.1,1.7,1.3,2014-03-12,0238,Terra,MODIS,77,6.2,313,35.4,D,0
-21.3215,123.4925,331.6,3.1,1.7,2014-03-12,0238,Terra,MODIS,71,6.2,312.3,59.4,D,0
-21.3367,123.4909,344.4,3.1,1.7,2014-03-12,0238,Terra,MODIS,88,6.2,313.3,159.4,D,0
-21.3346,123.4842,349.4,3.1,1.7,2014-03-12,0238,Terra,MODIS,93,6.2,312.9,210.4,D,0
-20.9909,119.3696,328.6,1.5,1.2,2014-03-12,0238,Terra,MODIS,63,6.2,310.7,18.4,D,0
-21.0019,119.3681,341.6,1.5,1.2,2014-03-12,0238,Terra,MODIS,86,6.2,311,52.9,D,0
-21.0037,119.3827,333,1.5,1.2,2014-03-12,0238,Terra,MODIS,61,6.2,311.3,28.2,D,0
-21.0148,119.3813,340.9,1.5,1.2,2014-03-12,0238,Terra,MODIS,85,6.2,310.9,53.2,D,0
-21.0045,119.3769,337,1.5,1.2,2014-03-12,0238,Terra,MODIS,81,6.2,311.7,41.5,D,0
-21.0156,119.3756,334.6,1.5,1.2,2014-03-12,0238,Terra,MODIS,77,6.2,310.4,37.8,D,0
-21.0173,119.3902,328.5,1.5,1.2,2014-03-12,0238,Terra,MODIS,64,6.2,309.6,22.7,D,0
-21.0354,119.4485,334.8,1.6,1.2,2014-03-12,0238,Terra,MODIS,78,6.2,311.5,36.3,D,0
-21.0371,119.4636,326.3,1.6,1.2,2014-03-12,0238,Terra,MODIS,50,6.2,311.1,13.7,D,0
-21.1241,117.3873,332.9,1.2,1.1,2014-03-12,0238,Terra,MODIS,51,6.2,313.7,15.2,D,0
-21.5758,118.4484,340.3,1.4,1.2,2014-03-12,0238,Terra,MODIS,85,6.2,313.1,39.5,D,0
-20.8967,119.2552,328,1.5,1.2,2014-03-12,0238,Terra,MODIS,55,6.2,311.5,17.8,D,0
-20.8983,119.2484,330.9,1.5,1.2,2014-03-12,0238,Terra,MODIS,64,6.2,311,24.2,D,0
-20.5823,118.8484,329.7,1.4,1.2,2014-03-12,0238,Terra,MODIS,42,6.2,313,15.5,D,0
-22.3483,117.8785,339.2,1.3,1.1,2014-03-12,0238,Terra,MODIS,83,6.2,311.6,33.3,D,0
-22.3441,117.3675,331,1.2,1.1,2014-03-12,0238,Terra,MODIS,67,6.2,311.1,17.9,D,0
-22.3525,117.3544,330.8,1.2,1.1,2014-03-12,0238,Terra,MODIS,54,6.2,308.8,16.8,D,0
-22.354,117.3661,334.6,1.2,1.1,2014-03-12,0238,Terra,MODIS,72,6.2,311.9,22.9,D,0
-26.2208,113.7063,316.9,1,1,2014-03-12,0239,Terra,MODIS,65,6.2,306.5,10.9,D,3
-26.2223,113.7163,317.9,1,1,2014-03-12,0239,Terra,MODIS,53,6.2,307.3,11.5,D,3
-30.8976,117.583,327.2,1.6,1.2,2014-03-12,0240,Terra,MODIS,73,6.2,305.2,22.4,D,0
-30.8958,117.5662,335.4,1.6,1.2,2014-03-12,0240,Terra,MODIS,83,6.2,306.6,43.9,D,0
-31.2367,117.4609,325.2,1.6,1.2,2014-03-12,0241,Terra,MODIS,69,6.2,305.5,17.9,D,0
-33.3492,119.6911,322.1,2.3,1.5,2014-03-12,0241,Terra,MODIS,68,6.2,304.9,26.7,D,0
-32.2394,116.1186,323.3,1.4,1.2,2014-03-12,0241,Terra,MODIS,75,6.2,297.8,25.6,D,0
-35.9412,142.4159,319.5,4.3,1.9,2014-03-12,0341,Aqua,MODIS,62,6.2,303.9,55.8,D,0
-35.9431,142.3676,319.1,4.3,1.9,2014-03-12,0341,Aqua,MODIS,61,6.2,304.3,54.9,D,0
-35.9396,142.4081,320.8,4.3,1.9,2014-03-12,0341,Aqua,MODIS,65,6.2,303.8,63.5,D,0
-32.0636,152.1142,350.8,1.1,1,2014-03-12,0341,Aqua,MODIS,96,6.2,301.9,61.9,D,0
-32.0651,152.103,321,1.1,1,2014-03-12,0341,Aqua,MODIS,78,6.2,300.6,12.6,D,0
-35.4914,146.0776,322.7,2.5,1.5,2014-03-12,0341,Aqua,MODIS,73,6.2,307.3,25.1,D,0
-33.4291,146.9066,330.5,2.1,1.4,2014-03-12,0341,Aqua,MODIS,81,6.2,297.2,56.6,D,0
-31.5963,149.1771,331.9,1.4,1.2,2014-03-12,0342,Aqua,MODIS,79,6.2,306.6,30.4,D,0
-31.6918,146.8634,331.9,2,1.4,2014-03-12,0342,Aqua,MODIS,79,6.2,303.5,44.8,D,0
-31.7042,146.865,325,2,1.4,2014-03-12,0342,Aqua,MODIS,68,6.2,301.5,21.6,D,0
-30.3078,148.9132,332,1.4,1.2,2014-03-12,0342,Aqua,MODIS,26,6.2,313.5,17.2,D,0
-30.3168,148.9294,335.2,1.4,1.2,2014-03-12,0342,Aqua,MODIS,57,6.2,315.8,24.7,D,0
-28.1627,151.1151,332.3,1.1,1,2014-03-12,0343,Aqua,MODIS,60,6.2,302.8,23.9,D,0
-25.7284,147.0918,328.1,1.6,1.2,2014-03-12,0343,Aqua,MODIS,70,6.2,303.4,31.5,D,0
-26.839,153.0158,334.6,1,1,2014-03-12,0343,Aqua,MODIS,85,6.2,299.3,28.2,D,0
-26.8405,153.0057,335.2,1,1,2014-03-12,0343,Aqua,MODIS,85,6.2,297.2,30.3,D,0
-27.3248,149.8736,339.5,1.2,1.1,2014-03-12,0343,Aqua,MODIS,85,6.2,312.8,31.5,D,0
-27.3263,149.862,342.4,1.2,1.1,2014-03-12,0343,Aqua,MODIS,87,6.2,313.6,37.4,D,0
-25.743,147.1631,326,1.6,1.2,2014-03-12,0343,Aqua,MODIS,62,6.2,305.6,22.5,D,0
-25.7436,147.1582,321.9,1.6,1.2,2014-03-12,0343,Aqua,MODIS,25,6.2,304.9,14.7,D,0
-25.7266,147.1077,340.3,1.6,1.2,2014-03-12,0343,Aqua,MODIS,88,6.2,306.1,65,D,0
-22.9984,147.3297,324.6,1.4,1.2,2014-03-12,0344,Aqua,MODIS,52,6.2,308.2,17.1,D,0
-22.9933,147.3205,322.4,1.4,1.2,2014-03-12,0344,Aqua,MODIS,39,6.2,305.3,14.1,D,0
-24.8253,148.3146,340.5,1.3,1.1,2014-03-12,0344,Aqua,MODIS,87,6.2,306.6,49.9,D,0
-22.5511,148.3076,333.9,1.2,1.1,2014-03-12,0344,Aqua,MODIS,73,6.2,306.7,32.7,D,0
-34.1025,135.5531,318,1.7,1.3,2014-03-12,0519,Aqua,MODIS,49,6.2,304.7,13,D,0
-34.0947,135.5318,330,1.7,1.3,2014-03-12,0519,Aqua,MODIS,80,6.2,304,39.4,D,0
-34.1335,138.8127,319.5,2.7,1.6,2014-03-12,0519,Aqua,MODIS,64,6.2,304.5,30.8,D,0
-34.1237,138.8317,316.1,2.7,1.6,2014-03-12,0519,Aqua,MODIS,52,6.2,303.2,18.3,D,0
-34.0911,135.5498,338.6,1.7,1.3,2014-03-12,0519,Aqua,MODIS,87,6.2,304.9,65.5,D,0
-35.1775,141.5826,321.7,3.7,1.8,2014-03-12,0519,Aqua,MODIS,71,6.2,304.3,61.6,D,0
-35.0044,137.6586,321.3,2.1,1.4,2014-03-12,0519,Aqua,MODIS,66,6.2,302.9,32.9,D,0
-35.9453,136.8406,415.4,1.8,1.3,2014-03-12,0519,Aqua,MODIS,100,6.2,301.2,843.7,D,0
-35.1771,141.6177,331,3.7,1.8,2014-03-12,0519,Aqua,MODIS,82,6.2,304.2,134.1,D,0
-35.9376,136.8169,319.4,1.8,1.3,2014-03-12,0519,Aqua,MODIS,69,6.2,296.1,30.7,D,0
-35.1675,141.6225,325.4,3.7,1.8,2014-03-12,0519,Aqua,MODIS,76,6.2,303.3,88.4,D,0
-35.9493,136.8209,404,1.8,1.3,2014-03-12,0519,Aqua,MODIS,100,6.2,305.1,651,D,0
-34.6446,137.5937,314.6,2.2,1.4,2014-03-12,0519,Aqua,MODIS,28,6.2,301.3,16,D,0
-35.9337,136.8366,319.1,1.8,1.3,2014-03-12,0519,Aqua,MODIS,65,6.2,292.1,28.7,D,0
-32.2956,134.6107,327.7,1.6,1.2,2014-03-12,0520,Aqua,MODIS,69,6.2,312.8,19.4,D,0
-32.2924,134.6275,326,1.6,1.2,2014-03-12,0520,Aqua,MODIS,59,6.2,312.2,15.7,D,0
-32.2948,134.6226,328.8,1.6,1.2,2014-03-12,0520,Aqua,MODIS,71,6.2,312.9,24.6,D,0
-30.9571,117.5175,325.2,3.9,1.8,2014-03-12,0521,Aqua,MODIS,65,6.2,288.8,92.3,D,0
-30.9439,117.52,323.9,3.9,1.8,2014-03-12,0521,Aqua,MODIS,61,6.2,288.5,84.2,D,0
-21.399,123.4912,341,1.2,1.1,2014-03-12,0523,Aqua,MODIS,45,6.2,319.3,21.9,D,0
-21.3292,123.4102,347.3,1.2,1.1,2014-03-12,0523,Aqua,MODIS,89,6.2,318.2,42.4,D,0
-21.4002,123.4981,345.6,1.2,1.1,2014-03-12,0523,Aqua,MODIS,70,6.2,321,32.3,D,0
-21.339,123.4117,351.1,1.2,1.1,2014-03-12,0523,Aqua,MODIS,93,6.2,320.2,54.1,D,0
-21.3405,123.4,352.6,1.2,1.1,2014-03-12,0523,Aqua,MODIS,94,6.2,318.3,59.9,D,0
-21.3277,123.4219,355.7,1.2,1.1,2014-03-12,0523,Aqua,MODIS,96,6.2,320.2,64,D,0
-21.3959,123.5327,351,1.2,1.1,2014-03-12,0523,Aqua,MODIS,73,6.2,324.4,40.3,D,0
-21.3974,123.5212,353.9,1.2,1.1,2014-03-12,0523,Aqua,MODIS,84,6.2,325.1,49.2,D,0
-21.3988,123.5097,346.4,1.2,1.1,2014-03-12,0523,Aqua,MODIS,34,6.2,324.3,32,D,0
-21.3306,123.3986,360.5,1.2,1.1,2014-03-12,0523,Aqua,MODIS,100,6.2,317.8,85.4,D,0
-21.3263,123.4335,399.4,1.2,1.1,2014-03-12,0523,Aqua,MODIS,100,6.2,325.3,291.3,D,0
-21.3248,123.4451,363.1,1.2,1.1,2014-03-12,0523,Aqua,MODIS,100,6.2,321.8,84.9,D,0
-21.3234,123.4566,359.7,1.2,1.1,2014-03-12,0523,Aqua,MODIS,99,6.2,322.2,72.6,D,0
-21.3361,123.4349,355.2,1.2,1.1,2014-03-12,0523,Aqua,MODIS,96,6.2,322,61.6,D,0
-21.3346,123.4465,355.6,1.2,1.1,2014-03-12,0523,Aqua,MODIS,96,6.2,323.1,59.4,D,0
-21.3332,123.4581,345,1.2,1.1,2014-03-12,0523,Aqua,MODIS,64,6.2,323.7,28.3,D,0
-21.3317,123.4696,346.8,1.2,1.1,2014-03-12,0523,Aqua,MODIS,86,6.2,323.7,32.1,D,0
-21.3862,123.5128,340.1,1.2,1.1,2014-03-12,0523,Aqua,MODIS,42,6.2,320.4,14.8,D,0
-21.3847,123.5242,358.9,1.2,1.1,2014-03-12,0523,Aqua,MODIS,99,6.2,324.1,65.8,D,0
-21.3975,123.5027,346.3,1.2,1.1,2014-03-12,0523,Aqua,MODIS,88,6.2,323.2,33.5,D,0
-21.3945,123.5257,359,1.2,1.1,2014-03-12,0523,Aqua,MODIS,99,6.2,325.8,67.1,D,0
-21.5802,118.4427,331.6,2.7,1.6,2014-03-12,0523,Aqua,MODIS,67,6.2,310,38.1,D,0
-18.3415,127.7378,362.3,1.1,1.1,2014-03-12,0524,Aqua,MODIS,100,6.2,316,85.1,D,0
-18.7897,124.4865,338.7,1,1,2014-03-12,0524,Aqua,MODIS,72,6.2,317.7,16.5,D,0
-18.7911,124.4766,337.2,1,1,2014-03-12,0524,Aqua,MODIS,43,6.2,313.9,14.5,D,0
-18.7925,124.4668,343,1,1,2014-03-12,0524,Aqua,MODIS,82,6.2,312.1,27.4,D,0
-20.9037,119.2161,335.6,2.3,1.5,2014-03-12,0524,Aqua,MODIS,64,6.2,306.2,70.8,D,0
-20.9053,119.2333,336.4,2.3,1.5,2014-03-12,0524,Aqua,MODIS,68,6.2,292.6,77,D,0
-20.9077,119.2115,345.6,2.3,1.5,2014-03-12,0524,Aqua,MODIS,88,6.2,308.9,128.4,D,0
-20.5935,118.8368,332.7,2.4,1.5,2014-03-12,0524,Aqua,MODIS,67,6.2,312,40.6,D,0
-20.5863,118.8312,332.6,2.4,1.5,2014-03-12,0524,Aqua,MODIS,62,6.2,314.1,41,D,0
-18.694,124.5717,338.1,1,1,2014-03-12,0524,Aqua,MODIS,80,6.2,313.4,20.8,D,0
-18.5894,124.7966,352.3,1,1,2014-03-12,0524,Aqua,MODIS,94,6.2,320.1,45.4,D,0
-18.5907,124.7869,337,1,1,2014-03-12,0524,Aqua,MODIS,75,6.2,316.5,15.9,D,0
-20.043,121.9617,344.1,1.4,1.2,2014-03-12,0524,Aqua,MODIS,86,6.2,315.1,49.7,D,0
-17.5111,126.4192,339.7,1,1,2014-03-12,0524,Aqua,MODIS,69,6.2,308.9,29.2,D,0
-17.498,126.6939,333.7,1,1,2014-03-12,0524,Aqua,MODIS,52,6.2,308.9,19.6,D,0
-17.3317,126.5745,349.7,1,1,2014-03-12,0524,Aqua,MODIS,94,6.2,309.8,48.9,D,0
-25.9842,113.8723,317.6,4.1,1.9,2014-03-12,0700,Aqua,MODIS,49,6.2,302.8,89.6,D,3
-42.6255,147.6688,319.8,1,1,2014-03-12,1303,Terra,MODIS,89,6.2,280.5,20.3,N,0
-42.6179,147.6539,306.7,1,1,2014-03-12,1303,Terra,MODIS,64,6.2,277.8,10.6,N,0
-42.6163,147.6664,300.4,1,1,2014-03-12,1303,Terra,MODIS,10,6.2,278.9,6.6,N,0
-29.4372,152.0255,319.9,2,1.4,2014-03-12,1306,Terra,MODIS,99,6.2,285,54.8,N,0
-30.3074,148.9274,300.3,1.2,1.1,2014-03-12,1306,Terra,MODIS,25,6.2,290.1,4.9,N,0
-27.6064,149.3154,308.4,1.4,1.2,2014-03-12,1307,Terra,MODIS,74,6.2,290.6,15.4,N,0
-27.6007,149.3228,305.1,1.4,1.2,2014-03-12,1307,Terra,MODIS,63,6.2,290.1,11,N,0
-26.6709,150.1956,302.7,1.7,1.3,2014-03-12,1307,Terra,MODIS,51,6.2,292.4,10,N,0
-26.7989,150.1972,304.3,1.7,1.3,2014-03-12,1307,Terra,MODIS,60,6.2,291.9,12.1,N,2
-26.7954,150.202,305.4,1.7,1.3,2014-03-12,1307,Terra,MODIS,64,6.2,291.8,14.1,N,0
-28.2739,148.5646,304.4,1.3,1.1,2014-03-12,1307,Terra,MODIS,60,6.2,292.1,9,N,0
-23.5409,147.5419,305.2,1.3,1.1,2014-03-12,1308,Terra,MODIS,63,6.2,293.4,8.3,N,0
-25.6314,146.988,301.9,1.2,1.1,2014-03-12,1308,Terra,MODIS,45,6.2,290.3,6.1,N,0
-26.1566,146.6496,303.8,1.1,1,2014-03-12,1308,Terra,MODIS,57,6.2,292.2,6,N,0
-23.4183,147.4709,320.1,1.3,1.1,2014-03-12,1308,Terra,MODIS,100,6.2,294.1,25.2,N,0
-23.4204,147.4585,327.7,1.3,1.1,2014-03-12,1308,Terra,MODIS,100,6.2,294.5,37.3,N,0
-23.4082,147.4685,310.4,1.3,1.1,2014-03-12,1308,Terra,MODIS,80,6.2,292.6,13.2,N,0
-25.7242,147.1072,306.6,1.2,1.1,2014-03-12,1308,Terra,MODIS,69,6.2,291.5,9.7,N,0
-23.4225,147.4459,304.7,1.3,1.1,2014-03-12,1308,Terra,MODIS,61,6.2,293.6,7.7,N,0
-24.5808,147.2666,301.5,1.2,1.1,2014-03-12,1308,Terra,MODIS,42,6.2,290.7,7,N,0
-24.5828,147.2545,302.3,1.2,1.1,2014-03-12,1308,Terra,MODIS,48,6.2,290.8,7.4,N,0
-24.5729,147.2525,310.1,1.2,1.1,2014-03-12,1308,Terra,MODIS,79,6.2,290.1,13.4,N,0
-24.5709,147.2646,312.2,1.2,1.1,2014-03-12,1308,Terra,MODIS,84,6.2,290.8,15.6,N,0
-42.6191,147.6681,305.6,1.8,1.3,2014-03-12,1445,Aqua,MODIS,65,6.2,281.8,23.7,N,0
-33.4163,122.2153,327.7,1,1,2014-03-12,1445,Terra,MODIS,100,6.2,290.2,27.5,N,0
-33.4147,122.2261,315.6,1,1,2014-03-12,1445,Terra,MODIS,92,6.2,288.7,14.9,N,0
-21.0347,119.3825,313,1,1,2014-03-12,1448,Terra,MODIS,85,6.2,298.8,7.3,N,0
-21.0256,119.3809,315.1,1,1,2014-03-12,1448,Terra,MODIS,90,6.2,299.7,8.6,N,0
-21.0271,119.3712,317.1,1,1,2014-03-12,1448,Terra,MODIS,94,6.2,300,10.3,N,0
-21.0285,119.3615,310.8,1,1,2014-03-12,1448,Terra,MODIS,56,6.2,298.9,5.5,N,0
-20.9973,119.3903,314.2,1,1,2014-03-12,1448,Terra,MODIS,87,6.2,299,8.4,N,0
-20.9988,119.3805,331.2,1,1,2014-03-12,1448,Terra,MODIS,100,6.2,300.2,26.7,N,0
-21.0031,119.3513,314.8,1,1,2014-03-12,1448,Terra,MODIS,89,6.2,299.1,9.1,N,0
-21.0045,119.3416,310.3,1,1,2014-03-12,1448,Terra,MODIS,77,6.2,299,5.6,N,0
-20.994,119.3498,313,1,1,2014-03-12,1448,Terra,MODIS,84,6.2,298.5,7.4,N,0
-20.9954,119.34,328.6,1,1,2014-03-12,1448,Terra,MODIS,100,6.2,299,23.6,N,0
-20.9256,119.252,318.1,1,1,2014-03-12,1448,Terra,MODIS,96,6.2,298.9,12.6,N,0
-20.927,119.2423,311,1,1,2014-03-12,1448,Terra,MODIS,79,6.2,298.4,6.7,N,0
-20.9166,119.2504,339.5,1,1,2014-03-12,1448,Terra,MODIS,100,6.2,299.6,39.7,N,0
-20.918,119.2407,334.3,1,1,2014-03-12,1448,Terra,MODIS,100,6.2,299.6,31.8,N,0
-22.3337,117.8768,344.6,1,1,2014-03-12,1448,Terra,MODIS,100,6.2,293.9,51.8,N,0
-22.3292,117.3686,310.1,1.1,1,2014-03-12,1448,Terra,MODIS,79,6.2,296.8,7,N,0
-22.3324,117.8867,317.2,1,1,2014-03-12,1448,Terra,MODIS,75,6.2,288.4,14.1,N,0
-22.3305,117.3584,308,1.1,1,2014-03-12,1448,Terra,MODIS,73,6.2,296.4,5.3,N,0
-21.401,123.5236,310.4,1.6,1.2,2014-03-12,1448,Terra,MODIS,77,6.2,296.7,15.2,N,0
-21.4037,123.5084,308.7,1.6,1.2,2014-03-12,1448,Terra,MODIS,72,6.2,296.2,12.5,N,0
-17.5049,126.4077,308.9,3.1,1.7,2014-03-12,1449,Terra,MODIS,64,6.2,297,30.4,N,0
-17.4953,126.3777,308.4,3.1,1.7,2014-03-12,1449,Terra,MODIS,54,6.2,296.2,26.1,N,0
-17.4917,126.3979,316.1,3.1,1.7,2014-03-12,1449,Terra,MODIS,92,6.2,297.4,58.8,N,0
-17.4901,126.4041,313.8,3.1,1.7,2014-03-12,1449,Terra,MODIS,88,6.2,297.2,47.8,N,0
-21.0242,119.3781,306.3,2.6,1.5,2014-03-12,1756,Aqua,MODIS,68,6.2,294.7,18.3,N,0
-20.5943,118.795,309.3,2.3,1.5,2014-03-12,1756,Aqua,MODIS,77,6.2,294.7,25.2,N,0
-23.5158,116.0436,307.4,1.6,1.2,2014-03-12,1757,Aqua,MODIS,67,6.2,287.7,17.6,N,0
-22.3254,117.8827,304.5,2.1,1.4,2014-03-12,1757,Aqua,MODIS,61,6.2,293.2,13.3,N,0
-22.3245,117.8875,305.3,2.1,1.4,2014-03-12,1757,Aqua,MODIS,64,6.2,293.2,15.2,N,0
-33.5555,118.0079,311.2,2.9,1.6,2014-03-12,1800,Aqua,MODIS,82,6.2,288.7,54.5,N,0
-33.5552,118.0127,315.2,2.9,1.6,2014-03-12,1800,Aqua,MODIS,91,6.2,289,67.3,N,0
-33.4958,118.0181,305.4,2.9,1.6,2014-03-12,1800,Aqua,MODIS,64,6.2,288,35.4,N,0
-33.481,118.0192,302.7,2.9,1.6,2014-03-12,1800,Aqua,MODIS,51,6.2,288.2,27.5,N,0
-33.5577,118.0397,307.3,2.9,1.6,2014-03-12,1800,Aqua,MODIS,71,6.2,288.8,41.8,N,0
-33.5576,118.0444,303.2,2.9,1.6,2014-03-12,1800,Aqua,MODIS,54,6.2,288.5,27.7,N,0
-23.4127,147.4764,324.6,1.7,1.3,2014-03-13,0004,Terra,MODIS,71,6.2,303,23.9,D,0
-26.7971,150.2051,325.8,1.1,1,2014-03-13,0005,Terra,MODIS,66,6.2,308.8,9.1,D,2
-29.1142,153.0429,321.2,1.1,1,2014-03-13,0006,Terra,MODIS,58,6.2,299.7,13.5,D,0
-28.2702,148.5067,325.6,1.2,1.1,2014-03-13,0006,Terra,MODIS,55,6.2,307.1,10.4,D,0
-29.1127,153.032,322.1,1.1,1,2014-03-13,0006,Terra,MODIS,61,6.2,300.2,14.4,D,0
-30.3007,148.9169,333.4,1.1,1,2014-03-13,0006,Terra,MODIS,79,6.2,307.1,21.7,D,0
-29.4414,152.0289,319.4,1,1,2014-03-13,0006,Terra,MODIS,62,6.2,297.1,13.3,D,0
-31.7343,148.5855,320.6,1.1,1,2014-03-13,0006,Terra,MODIS,66,6.2,304.3,8,D,0
-31.7325,148.5741,324.8,1.1,1,2014-03-13,0006,Terra,MODIS,73,6.2,303.4,13.1,D,0
-29.9662,151.9066,317.3,1,1,2014-03-13,0006,Terra,MODIS,49,6.2,297.8,10.9,D,0
-29.9677,151.9171,321.8,1,1,2014-03-13,0006,Terra,MODIS,72,6.2,295.3,16.3,D,0
-31.5288,150.0824,331.4,1,1,2014-03-13,0006,Terra,MODIS,81,6.2,308.1,17.2,D,0
-30.1703,147.7801,332.7,1.2,1.1,2014-03-13,0006,Terra,MODIS,79,6.2,309.5,19.3,D,0
-31.5304,150.0929,328.3,1,1,2014-03-13,0006,Terra,MODIS,78,6.2,309.4,13,D,0
-28.6084,150.1546,324.9,1,1,2014-03-13,0006,Terra,MODIS,62,6.2,304.3,12.8,D,0
-33.3248,146.751,321.2,1.2,1.1,2014-03-13,0007,Terra,MODIS,58,6.2,307,9.4,D,0
-33.3204,146.3168,323,1.3,1.1,2014-03-13,0007,Terra,MODIS,67,6.2,306.4,13,D,0
-34.4618,150.8872,315.7,1,1,2014-03-13,0007,Terra,MODIS,52,6.2,295.3,9,D,2
-32.2957,147.1054,321.2,1.2,1.1,2014-03-13,0007,Terra,MODIS,69,6.2,305.4,10.1,D,0
-35.5142,147.6305,314.2,1.1,1,2014-03-13,0007,Terra,MODIS,28,6.2,295.3,7,D,0
-35.5161,147.6421,329.8,1.1,1,2014-03-13,0007,Terra,MODIS,82,6.2,295.1,23.9,D,0
-33.5343,146.4777,319.3,1.3,1.1,2014-03-13,0007,Terra,MODIS,59,6.2,307,9.4,D,0
-42.6232,147.6781,328,1,1,2014-03-13,0009,Terra,MODIS,57,6.2,297.7,20.8,D,0
-42.6214,147.6659,350.2,1,1,2014-03-13,0009,Terra,MODIS,96,6.2,300.2,58,D,0
-42.3794,147.7733,306,1,1,2014-03-13,0009,Terra,MODIS,61,6.2,294.3,5.6,D,0
-17.4964,135.7382,318.4,2.1,1.4,2014-03-13,0141,Terra,MODIS,68,6.2,300.5,19.6,D,0
-17.4971,135.7315,318.7,2.1,1.4,2014-03-13,0141,Terra,MODIS,68,6.2,300.5,21,D,0
-14.521,125.7613,343.1,1.5,1.2,2014-03-13,0141,Terra,MODIS,92,6.2,297.7,70.5,D,0
-17.4972,126.3909,342,1.2,1.1,2014-03-13,0141,Terra,MODIS,89,6.2,307.4,44.1,D,0
-14.5233,125.7751,321.3,1.5,1.2,2014-03-13,0141,Terra,MODIS,69,6.2,296.9,16.9,D,0
-17.5838,126.0415,340.4,1.3,1.1,2014-03-13,0141,Terra,MODIS,88,6.2,305.7,45.3,D,0
-17.5818,126.0293,325.7,1.3,1.1,2014-03-13,0141,Terra,MODIS,72,6.2,306,15.8,D,0
-17.5048,126.4373,324.1,1.2,1.1,2014-03-13,0141,Terra,MODIS,54,6.2,307.5,10.7,D,0
-17.5916,126.0335,321.8,1.3,1.1,2014-03-13,0141,Terra,MODIS,54,6.2,304,9.1,D,0
-17.4854,126.3811,327.6,1.2,1.1,2014-03-13,0141,Terra,MODIS,74,6.2,307.2,16.1,D,0
-17.4952,126.379,382.4,1.2,1.1,2014-03-13,0141,Terra,MODIS,100,6.2,308.7,203.9,D,0
-14.5101,125.7631,324,1.5,1.2,2014-03-13,0141,Terra,MODIS,77,6.2,297.6,22.2,D,0
-14.5125,125.7768,317.3,1.5,1.2,2014-03-13,0141,Terra,MODIS,54,6.2,297.1,10.7,D,0
-21.0453,119.3886,341.9,3.2,1.7,2014-03-13,0143,Terra,MODIS,87,6.2,307,179.4,D,0
-21.0237,119.3605,345.9,3.3,1.7,2014-03-13,0143,Terra,MODIS,91,6.2,311.4,224.7,D,0
-21.0389,119.3572,373.4,3.3,1.7,2014-03-13,0143,Terra,MODIS,100,6.2,308,635.8,D,0
-20.5889,118.7999,324.3,3.7,1.8,2014-03-13,0143,Terra,MODIS,55,6.2,307.2,49.3,D,0
-20.6048,118.796,334.4,3.7,1.8,2014-03-13,0143,Terra,MODIS,79,6.2,308.7,129.3,D,0
-20.5961,118.7923,326,3.7,1.8,2014-03-13,0143,Terra,MODIS,64,6.2,308.1,63.6,D,0
-20.612,118.7885,331,3.7,1.8,2014-03-13,0143,Terra,MODIS,75,6.2,307.6,101.7,D,0
-22.3232,117.3718,322.5,4.2,1.9,2014-03-13,0143,Terra,MODIS,53,6.2,304.1,57.1,D,0
-21.3141,123.3406,331.9,1.7,1.3,2014-03-13,0143,Terra,MODIS,72,6.2,312,24.3,D,0
-21.4246,123.5062,334.6,1.6,1.3,2014-03-13,0143,Terra,MODIS,54,6.2,310,30.2,D,0
-21.4162,123.5239,356.9,1.6,1.2,2014-03-13,0143,Terra,MODIS,98,6.2,315,113.4,D,0
-21.348,123.4644,332.3,1.6,1.3,2014-03-13,0143,Terra,MODIS,68,6.2,313.4,21.3,D,0
-21.4011,123.5018,334.1,1.6,1.3,2014-03-13,0143,Terra,MODIS,76,6.2,314.3,25.2,D,0
-21.4134,123.5085,357.4,1.6,1.3,2014-03-13,0143,Terra,MODIS,98,6.2,315.4,115.2,D,0
-21.4065,123.5327,336.5,1.6,1.2,2014-03-13,0143,Terra,MODIS,69,6.2,315.3,30.3,D,0
-21.4123,123.4995,349.4,1.6,1.3,2014-03-13,0143,Terra,MODIS,92,6.2,313.6,77.8,D,0
-21.415,123.515,365.6,1.6,1.3,2014-03-13,0143,Terra,MODIS,100,6.2,315.8,160.1,D,0
-21.4177,123.5305,347.5,1.6,1.2,2014-03-13,0143,Terra,MODIS,91,6.2,313.5,69.4,D,0
-21.4106,123.493,340.8,1.6,1.3,2014-03-13,0143,Terra,MODIS,69,6.2,312.9,46.7,D,0
-42.6199,147.668,359.8,1,1,2014-03-13,0422,Aqua,MODIS,99,6.2,305.1,82.6,D,0
-42.6258,147.6764,326.1,1,1,2014-03-13,0422,Aqua,MODIS,68,6.2,300.2,15.8,D,0
-42.6278,147.6637,359.9,1,1,2014-03-13,0422,Aqua,MODIS,99,6.2,306.6,81.2,D,0
-42.3784,147.7823,316.7,1,1,2014-03-13,0422,Aqua,MODIS,71,6.2,299,10.2,D,0
-42.6127,147.6527,358.4,1,1,2014-03-13,0422,Aqua,MODIS,99,6.2,303.8,79.1,D,0
-42.637,147.6664,334.2,1,1,2014-03-13,0422,Aqua,MODIS,88,6.2,302.8,28.1,D,0
-42.6219,147.6553,346.3,1,1,2014-03-13,0422,Aqua,MODIS,94,6.2,306.9,50.7,D,0
-42.65,147.6441,331.2,1,1,2014-03-13,0422,Aqua,MODIS,86,6.2,301.6,23.1,D,0
-42.6064,147.5719,315.1,1,1,2014-03-13,0422,Aqua,MODIS,70,6.2,300.7,8.1,D,0
-42.3804,147.7696,317.4,1,1,2014-03-13,0422,Aqua,MODIS,68,6.2,301.1,10.5,D,0
-42.648,147.6566,335.1,1,1,2014-03-13,0422,Aqua,MODIS,88,6.2,302.7,29,D,0
-42.6389,147.6539,322.1,1,1,2014-03-13,0422,Aqua,MODIS,49,6.2,306.2,12.3,D,0
-42.6147,147.64,325.1,1,1,2014-03-13,0422,Aqua,MODIS,81,6.2,301.7,17.4,D,0
-35.2428,141.4729,326,1.1,1,2014-03-13,0424,Aqua,MODIS,83,6.2,283.6,22.2,D,0
-34.9535,137.0457,318.9,1.9,1.3,2014-03-13,0424,Aqua,MODIS,70,6.2,303,16.7,D,0
-34.9961,137.0374,322.3,1.9,1.3,2014-03-13,0424,Aqua,MODIS,71,6.2,304.6,23.2,D,0
-35.2413,141.485,313.5,1.1,1,2014-03-13,0424,Aqua,MODIS,60,6.2,285.6,7.5,D,0
-34.0581,147.9952,330.4,1.4,1.2,2014-03-13,0424,Aqua,MODIS,75,6.2,310.8,24.2,D,0
-33.1797,148.7157,327.5,1.6,1.2,2014-03-13,0424,Aqua,MODIS,74,6.2,302.7,35.8,D,0
-33.7234,147.975,324.7,1.4,1.2,2014-03-13,0424,Aqua,MODIS,53,6.2,306,14.9,D,0
-33.7565,148.1156,330.8,1.4,1.2,2014-03-13,0424,Aqua,MODIS,78,6.2,307.4,28.2,D,0
-33.7593,148.1005,333,1.4,1.2,2014-03-13,0424,Aqua,MODIS,81,6.2,307,33.2,D,0
-33.9642,148.0562,332.6,1.4,1.2,2014-03-13,0424,Aqua,MODIS,68,6.2,307.2,34.1,D,0
-33.8953,146.5222,341.3,1.2,1.1,2014-03-13,0424,Aqua,MODIS,87,6.2,316.5,34.7,D,0
-34.4217,138.5353,328.6,1.5,1.2,2014-03-13,0424,Aqua,MODIS,80,6.2,311.2,22.7,D,0
-33.8423,136.3624,326.7,2,1.4,2014-03-13,0424,Aqua,MODIS,76,6.2,308.1,30.9,D,0
-33.5334,146.4741,331.2,1.2,1.1,2014-03-13,0424,Aqua,MODIS,76,6.2,313.6,18.7,D,0
-35.5271,146.7815,326.9,1.1,1.1,2014-03-13,0424,Aqua,MODIS,72,6.2,309.7,10.5,D,0
-34.1789,147.3261,328.6,1.3,1.1,2014-03-13,0424,Aqua,MODIS,72,6.2,307.5,17.1,D,0
-34.2929,146.6136,348.6,1.2,1.1,2014-03-13,0424,Aqua,MODIS,93,6.2,316.4,52.2,D,0
-35.3725,146.099,396.5,1.1,1,2014-03-13,0424,Aqua,MODIS,100,6.2,322.8,243.4,D,0
-34.6118,147.7318,325,1.3,1.1,2014-03-13,0424,Aqua,MODIS,71,6.2,305,14.5,D,0
-33.2863,146.2387,330.9,1.2,1.1,2014-03-13,0424,Aqua,MODIS,76,6.2,313.8,17.6,D,0
-33.9359,147.3013,346.6,1.3,1.1,2014-03-13,0424,Aqua,MODIS,92,6.2,312.3,56.7,D,0
-34.2927,145.8609,371.8,1.1,1,2014-03-13,0424,Aqua,MODIS,100,6.2,315,123.5,D,0
-34.2062,147.2903,332.7,1.3,1.1,2014-03-13,0424,Aqua,MODIS,78,6.2,311.6,24.1,D,0
-33.8174,147.6321,340.3,1.3,1.1,2014-03-13,0424,Aqua,MODIS,87,6.2,312.5,41.9,D,0
-35.0059,146.6381,340.4,1.2,1.1,2014-03-13,0424,Aqua,MODIS,87,6.2,310.4,35.7,D,0
-34.1441,147.4035,325.1,1.3,1.1,2014-03-13,0424,Aqua,MODIS,64,6.2,309.4,11.9,D,0
-35.3687,146.1229,331.7,1.1,1,2014-03-13,0424,Aqua,MODIS,61,6.2,307.6,15.1,D,0
-35.1709,146.7583,337.7,1.2,1.1,2014-03-13,0424,Aqua,MODIS,85,6.2,310.6,29.5,D,0
-33.5636,146.784,326.7,1.2,1.1,2014-03-13,0424,Aqua,MODIS,70,6.2,309,16.2,D,0
-34.2364,147.6976,326.5,1.3,1.1,2014-03-13,0424,Aqua,MODIS,42,6.2,306.5,18.4,D,0
-34.1372,135.764,323.3,2.2,1.4,2014-03-13,0424,Aqua,MODIS,67,6.2,305.5,30.1,D,0
-35.2206,146.8974,330.5,1.2,1.1,2014-03-13,0424,Aqua,MODIS,77,6.2,309.1,19.1,D,0
-33.2343,147.0159,327.9,1.3,1.1,2014-03-13,0424,Aqua,MODIS,72,6.2,311.5,14.6,D,0
-33.8415,136.3574,328.1,2,1.4,2014-03-13,0424,Aqua,MODIS,79,6.2,308.4,36.9,D,0
-34.3367,137.6916,322.3,1.7,1.3,2014-03-13,0424,Aqua,MODIS,57,6.2,306.2,17.3,D,0
-34.1163,147.3893,367.5,1.3,1.1,2014-03-13,0424,Aqua,MODIS,100,6.2,313,135.2,D,0
-35.3706,146.1109,409.4,1.1,1,2014-03-13,0424,Aqua,MODIS,100,6.2,315.7,336.8,D,0
-34.5028,146.7049,338.4,1.2,1.1,2014-03-13,0424,Aqua,MODIS,85,6.2,310.4,32.7,D,0
-35.4846,146.033,346,1.1,1,2014-03-13,0424,Aqua,MODIS,91,6.2,317.4,42,D,0
-33.2367,147.0024,327.1,1.3,1.1,2014-03-13,0424,Aqua,MODIS,71,6.2,311.4,13.4,D,0
-34.2464,147.5225,323.7,1.3,1.1,2014-03-13,0424,Aqua,MODIS,63,6.2,307.1,11.6,D,0
-32.7416,147.4289,382.6,1.4,1.2,2014-03-13,0424,Aqua,MODIS,100,6.2,312.4,237.2,D,0
-35.1293,146.7082,329.2,1.2,1.1,2014-03-13,0424,Aqua,MODIS,74,6.2,311.5,13.5,D,0
-34.2956,147.3046,326.4,1.3,1.1,2014-03-13,0424,Aqua,MODIS,69,6.2,312,10.4,D,0
-35.3593,146.1206,328.3,1.1,1,2014-03-13,0424,Aqua,MODIS,45,6.2,311,10.7,D,0
-34.1239,147.4058,325.7,1.3,1.1,2014-03-13,0424,Aqua,MODIS,66,6.2,311.5,13.4,D,0
-34.8859,146.7471,327.1,1.2,1.1,2014-03-13,0424,Aqua,MODIS,71,6.2,308.5,13.3,D,0
-35.0287,146.501,351.7,1.1,1.1,2014-03-13,0424,Aqua,MODIS,95,6.2,310.6,62,D,0
-35.0308,146.4886,405.5,1.1,1.1,2014-03-13,0424,Aqua,MODIS,100,6.2,319.7,329.8,D,0
-35.5002,146.5096,333.7,1.1,1.1,2014-03-13,0424,Aqua,MODIS,80,6.2,310.8,20.2,D,0
-35.5043,146.5033,341.3,1.1,1.1,2014-03-13,0424,Aqua,MODIS,88,6.2,311.8,33.6,D,0
-34.2907,146.6263,333.5,1.2,1.1,2014-03-13,0424,Aqua,MODIS,79,6.2,312.6,19.6,D,0
-35.3613,146.1086,397.8,1.1,1,2014-03-13,0424,Aqua,MODIS,100,6.2,314.7,252.9,D,0
-35.5874,146.1202,429.7,1.1,1,2014-03-13,0424,Aqua,MODIS,100,6.2,327.1,526.1,D,0
-33.8738,147.2512,322.5,1.3,1.1,2014-03-13,0424,Aqua,MODIS,53,6.2,308.7,7.4,D,0
-34.888,146.7344,328.8,1.2,1.1,2014-03-13,0424,Aqua,MODIS,74,6.2,311.6,15.5,D,0
-33.2113,146.9203,327,1.3,1.1,2014-03-13,0424,Aqua,MODIS,64,6.2,312.9,8.9,D,0
-33.1765,148.7321,319.9,1.6,1.2,2014-03-13,0424,Aqua,MODIS,61,6.2,301.4,19.2,D,0
-34.7309,147.3499,354.7,1.2,1.1,2014-03-13,0424,Aqua,MODIS,97,6.2,309.8,83.2,D,0
-34.1138,147.4031,371.6,1.3,1.1,2014-03-13,0424,Aqua,MODIS,100,6.2,311.5,155.7,D,0
-32.7442,147.4144,352.2,1.4,1.2,2014-03-13,0424,Aqua,MODIS,96,6.2,308.8,85.8,D,0
-34.3482,137.6933,328.9,1.7,1.3,2014-03-13,0424,Aqua,MODIS,78,6.2,307.2,33.5,D,0
-35.5023,146.4973,331,1.1,1.1,2014-03-13,0424,Aqua,MODIS,76,6.2,312.6,15.7,D,0
-34.4056,137.5576,373.4,1.7,1.3,2014-03-13,0424,Aqua,MODIS,100,6.2,296.9,255.5,D,0
-34.2894,146.9899,332.3,1.2,1.1,2014-03-13,0424,Aqua,MODIS,77,6.2,313.5,19.5,D,0
-35.5893,146.1083,388.7,1.1,1,2014-03-13,0424,Aqua,MODIS,100,6.2,319.9,197.7,D,0
-34.7333,147.3364,342.6,1.2,1.1,2014-03-13,0424,Aqua,MODIS,89,6.2,309.6,48.1,D,0
-34.3655,137.6089,335.3,1.7,1.3,2014-03-13,0424,Aqua,MODIS,84,6.2,307.1,51,D,0
-35.4733,146.0426,339.3,1.1,1,2014-03-13,0424,Aqua,MODIS,85,6.2,312.1,28.6,D,0
-33.8224,147.6387,331.9,1.3,1.1,2014-03-13,0424,Aqua,MODIS,79,6.2,312.9,23.3,D,0
-34.774,147.684,338.1,1.3,1.1,2014-03-13,0424,Aqua,MODIS,85,6.2,306.6,41.5,D,0
-35.5854,146.1322,339.1,1.1,1,2014-03-13,0424,Aqua,MODIS,85,6.2,310.4,28,D,0
-35.3632,146.0966,413,1.1,1,2014-03-13,0424,Aqua,MODIS,100,6.2,325.9,364.9,D,0
-33.5613,146.7971,320.7,1.2,1.1,2014-03-13,0424,Aqua,MODIS,40,6.2,307.2,7.8,D,0
-34.2871,147.0032,343.1,1.2,1.1,2014-03-13,0424,Aqua,MODIS,89,6.2,314.8,42.6,D,0
-33.9383,147.2876,327.1,1.3,1.1,2014-03-13,0424,Aqua,MODIS,69,6.2,311,13.9,D,0
-33.8684,147.7413,324.5,1.4,1.2,2014-03-13,0424,Aqua,MODIS,63,6.2,306.9,15,D,0
-35.4892,146.0408,335.8,1.1,1,2014-03-13,0424,Aqua,MODIS,82,6.2,313.5,21.5,D,0
-32.7459,147.4356,332.3,1.4,1.2,2014-03-13,0424,Aqua,MODIS,79,6.2,306.6,28.3,D,0
-34.2908,145.8728,359.5,1.1,1,2014-03-13,0424,Aqua,MODIS,99,6.2,313,80.2,D,0
-35.4827,146.0449,370.8,1.1,1,2014-03-13,0424,Aqua,MODIS,100,6.2,315.9,114.5,D,0
-35.008,146.6255,344,1.2,1.1,2014-03-13,0424,Aqua,MODIS,90,6.2,312.2,42.9,D,0
-34.5371,147.5158,335.8,1.3,1.1,2014-03-13,0424,Aqua,MODIS,84,6.2,310.3,31.1,D,0
-33.5727,146.3002,334.1,1.2,1.1,2014-03-13,0424,Aqua,MODIS,80,6.2,313.4,22.9,D,0
-33.3632,146.4465,327.2,1.2,1.1,2014-03-13,0424,Aqua,MODIS,70,6.2,311.7,13.3,D,0
-34.3671,137.621,332,1.7,1.3,2014-03-13,0424,Aqua,MODIS,81,6.2,308.1,42,D,0
-34.2466,147.7003,359,1.3,1.1,2014-03-13,0424,Aqua,MODIS,99,6.2,309.8,108,D,0
-32.7485,147.4212,345.6,1.4,1.2,2014-03-13,0424,Aqua,MODIS,92,6.2,307.1,64.5,D,0
-24.8072,148.3245,327.8,2.3,1.5,2014-03-13,0426,Aqua,MODIS,71,6.2,303.1,54,D,0
-24.8112,148.3208,324.4,2.3,1.5,2014-03-13,0426,Aqua,MODIS,54,6.2,303,40,D,0
-27.9095,114.4865,343.8,1.1,1.1,2014-03-13,0605,Aqua,MODIS,67,6.2,319.9,25.1,D,0
-27.8927,114.5433,355.4,1.1,1.1,2014-03-13,0605,Aqua,MODIS,97,6.2,310.7,65.3,D,0
-27.8941,114.5317,391.8,1.1,1.1,2014-03-13,0605,Aqua,MODIS,100,6.2,320.5,225.7,D,0
-27.8956,114.52,376.9,1.1,1.1,2014-03-13,0605,Aqua,MODIS,100,6.2,321.3,140,D,0
-27.897,114.5084,345.6,1.1,1.1,2014-03-13,0605,Aqua,MODIS,75,6.2,318.1,29.7,D,0
-27.8874,114.5068,350,1.1,1.1,2014-03-13,0605,Aqua,MODIS,93,6.2,318.7,40.5,D,0
-27.8888,114.4951,346.3,1.1,1.1,2014-03-13,0605,Aqua,MODIS,85,6.2,320.7,30.7,D,0
-27.8846,114.4997,345.8,1.1,1.1,2014-03-13,0605,Aqua,MODIS,65,6.2,319.3,38.9,D,0
-27.849,114.4701,352.7,1.1,1.1,2014-03-13,0605,Aqua,MODIS,95,6.2,318.4,53.8,D,0
-27.9206,114.4764,401.6,1.2,1.1,2014-03-13,0605,Aqua,MODIS,100,6.2,323.6,294.2,D,0
-27.9341,114.5262,342.8,1.1,1.1,2014-03-13,0605,Aqua,MODIS,56,6.2,309,38.3,D,0
-27.937,114.5029,339.6,1.1,1.1,2014-03-13,0605,Aqua,MODIS,58,6.2,304.8,32.9,D,0
-27.9215,114.548,350.4,1.1,1.1,2014-03-13,0605,Aqua,MODIS,93,6.2,307.9,55.7,D,0
-27.923,114.5363,372,1.1,1.1,2014-03-13,0605,Aqua,MODIS,100,6.2,313.1,127,D,0
-27.9244,114.5247,335.5,1.1,1.1,2014-03-13,0605,Aqua,MODIS,42,6.2,310.4,19.4,D,0
-27.9259,114.513,418.9,1.1,1.1,2014-03-13,0605,Aqua,MODIS,100,6.2,319.9,447.5,D,0
-27.9274,114.5013,457.4,1.1,1.1,2014-03-13,0605,Aqua,MODIS,100,6.2,333.9,971.8,D,0
-27.9288,114.4896,406.8,1.1,1.1,2014-03-13,0605,Aqua,MODIS,100,6.2,325.5,340.7,D,0
-27.9303,114.4779,358.7,1.2,1.1,2014-03-13,0605,Aqua,MODIS,99,6.2,315.3,80,D,0
-27.9317,114.4662,339,1.2,1.1,2014-03-13,0605,Aqua,MODIS,46,6.2,309.9,29.7,D,0
-27.9177,114.4998,406.4,1.1,1.1,2014-03-13,0605,Aqua,MODIS,100,6.2,318.4,330.6,D,0
-27.9192,114.4881,448.3,1.1,1.1,2014-03-13,0605,Aqua,MODIS,100,6.2,329.4,814.5,D,0
-27.9326,114.5378,389.3,1.1,1.1,2014-03-13,0605,Aqua,MODIS,100,6.2,315.9,217.4,D,0
-27.9221,114.4646,369.6,1.2,1.1,2014-03-13,0605,Aqua,MODIS,100,6.2,316.2,113.8,D,0
-27.9312,114.5495,340.5,1.1,1.1,2014-03-13,0605,Aqua,MODIS,84,6.2,309,34.6,D,0
-27.9235,114.4529,380.4,1.2,1.1,2014-03-13,0605,Aqua,MODIS,100,6.2,314.9,164.5,D,0
-27.925,114.4411,412.7,1.2,1.1,2014-03-13,0605,Aqua,MODIS,100,6.2,318.9,391.3,D,0
-27.9264,114.4293,411.9,1.2,1.1,2014-03-13,0605,Aqua,MODIS,100,6.2,325.5,383.5,D,0
-27.9279,114.4175,391.2,1.2,1.1,2014-03-13,0605,Aqua,MODIS,100,6.2,322.9,226.7,D,0
-27.9294,114.4057,333.3,1.2,1.1,2014-03-13,0605,Aqua,MODIS,74,6.2,313.8,13.1,D,0
-27.9153,114.4396,385,1.2,1.1,2014-03-13,0605,Aqua,MODIS,100,6.2,314.9,188.4,D,0
-27.9168,114.4278,473.8,1.2,1.1,2014-03-13,0605,Aqua,MODIS,100,6.2,333.5,1299.7,D,0
-27.9182,114.416,434.1,1.2,1.1,2014-03-13,0605,Aqua,MODIS,100,6.2,326.6,624.9,D,0
-27.9197,114.4042,336.1,1.2,1.1,2014-03-13,0605,Aqua,MODIS,76,6.2,313,18.1,D,0
-27.9071,114.4262,335.8,1.2,1.1,2014-03-13,0605,Aqua,MODIS,79,6.2,312.9,18.3,D,0
-27.8913,114.3689,404.6,1.2,1.1,2014-03-13,0605,Aqua,MODIS,100,6.2,316.3,324.3,D,0
-27.8928,114.357,375.3,1.2,1.1,2014-03-13,0605,Aqua,MODIS,100,6.2,316.4,141.8,D,0
-27.8816,114.3673,333,1.2,1.1,2014-03-13,0605,Aqua,MODIS,74,6.2,314.6,14.5,D,0
-21.0453,119.3816,414.3,1.4,1.2,2014-03-13,0606,Aqua,MODIS,100,6.2,323.6,519.6,D,0
-21.0475,119.3685,394.7,1.4,1.2,2014-03-13,0606,Aqua,MODIS,100,6.2,322.7,315.1,D,0
-20.9542,119.2512,370.9,1.4,1.2,2014-03-13,0606,Aqua,MODIS,100,6.2,320.7,146.7,D,0
-20.9564,119.2383,364.4,1.4,1.2,2014-03-13,0606,Aqua,MODIS,100,6.2,319.3,115.3,D,0
-20.9439,119.2493,419.4,1.4,1.2,2014-03-13,0606,Aqua,MODIS,100,6.2,329.1,565.7,D,0
-20.9461,119.2363,368.5,1.4,1.2,2014-03-13,0606,Aqua,MODIS,100,6.2,324.5,129.1,D,0
-20.9526,119.1976,388.4,1.3,1.1,2014-03-13,0606,Aqua,MODIS,100,6.2,319.4,262,D,0
-20.9548,119.1848,370.6,1.3,1.1,2014-03-13,0606,Aqua,MODIS,100,6.2,313.8,150.8,D,0
-20.938,119.2214,353.4,1.4,1.2,2014-03-13,0606,Aqua,MODIS,47,6.2,322.5,58.6,D,0
-20.9423,119.1957,442.6,1.3,1.1,2014-03-13,0606,Aqua,MODIS,100,6.2,329.8,919.2,D,0
-20.9445,119.1829,376.5,1.3,1.1,2014-03-13,0606,Aqua,MODIS,100,6.2,318.6,180.6,D,0
-20.9354,119.2541,338.4,1.4,1.2,2014-03-13,0606,Aqua,MODIS,45,6.2,321.1,19,D,0
-20.9396,119.2282,348.4,1.4,1.2,2014-03-13,0606,Aqua,MODIS,66,6.2,322.3,40.3,D,0
-20.9438,119.2024,357.3,1.3,1.2,2014-03-13,0606,Aqua,MODIS,98,6.2,319.3,72.2,D,0
-20.9459,119.1895,369.5,1.3,1.1,2014-03-13,0606,Aqua,MODIS,100,6.2,319.9,131.9,D,0
-20.9335,119.2004,407.5,1.3,1.2,2014-03-13,0606,Aqua,MODIS,100,6.2,324.1,417,D,0
-20.9356,119.1875,421.7,1.3,1.1,2014-03-13,0606,Aqua,MODIS,100,6.2,331,588.3,D,0
-21.3283,123.3278,348.8,2.6,1.5,2014-03-13,0606,Aqua,MODIS,91,6.2,311.8,139.5,D,0
-21.3253,123.3093,367.8,2.5,1.5,2014-03-13,0606,Aqua,MODIS,100,6.2,311.7,338.2,D,0
-21.324,123.463,340.7,2.6,1.6,2014-03-13,0606,Aqua,MODIS,81,6.2,313.8,78.4,D,0
-21.3565,123.4443,341.1,2.6,1.6,2014-03-13,0606,Aqua,MODIS,82,6.2,313.4,81.2,D,0
-21.3601,123.4501,337.8,2.6,1.6,2014-03-13,0606,Aqua,MODIS,63,6.2,313.1,57.8,D,0
-21.3205,123.3336,344.2,2.6,1.5,2014-03-13,0606,Aqua,MODIS,86,6.2,313.1,107,D,0
-21.3427,123.4412,337.7,2.6,1.6,2014-03-13,0606,Aqua,MODIS,75,6.2,313.7,58.5,D,0
-21.3146,123.3247,335.4,2.6,1.5,2014-03-13,0606,Aqua,MODIS,66,6.2,314.4,46.4,D,0
-21.3328,123.3034,343.9,2.5,1.5,2014-03-13,0606,Aqua,MODIS,86,6.2,308.2,106.2,D,0
-22.7564,114.599,350.1,1,1,2014-03-13,0606,Aqua,MODIS,81,6.2,321.5,28.1,D,0
-22.3285,117.3752,358.5,1.1,1,2014-03-13,0606,Aqua,MODIS,98,6.2,322.1,57.9,D,0
-22.3223,117.353,338.5,1.1,1,2014-03-13,0606,Aqua,MODIS,69,6.2,322.1,13.7,D,0
-22.3208,117.3633,340.9,1.1,1,2014-03-13,0606,Aqua,MODIS,80,6.2,321.1,17.5,D,0
-20.5985,118.8007,346.6,1.3,1.1,2014-03-13,0607,Aqua,MODIS,88,6.2,321.5,38.6,D,0
-21.103,117.3735,336.2,1.1,1,2014-03-13,0607,Aqua,MODIS,31,6.2,320,11.1,D,0
-29.4448,152.0383,304.8,2.2,1.4,2014-03-13,1211,Terra,MODIS,62,6.2,284.2,26.4,N,0
-29.4468,152.0147,310.6,2.2,1.4,2014-03-13,1211,Terra,MODIS,80,6.2,284.5,38.2,N,0
-29.4463,152.0329,307.7,2.2,1.4,2014-03-13,1211,Terra,MODIS,72,6.2,284.4,32.4,N,0
-23.4285,147.4647,304,3.8,1.8,2014-03-13,1213,Terra,MODIS,58,6.2,292.1,37.3,N,0
-23.4229,147.458,305.9,3.8,1.8,2014-03-13,1213,Terra,MODIS,66,6.2,292,47.9,N,0
-17.6385,126.0973,331,1.8,1.3,2014-03-13,1353,Terra,MODIS,85,6.2,293,73.1,N,0
-18.2043,126.0286,307.8,1.9,1.3,2014-03-13,1353,Terra,MODIS,57,6.2,296.7,13.4,N,0
-17.6327,126.0916,311.5,1.8,1.3,2014-03-13,1353,Terra,MODIS,29,6.2,295.6,21.7,N,0
-17.6447,126.0927,320.5,1.8,1.3,2014-03-13,1353,Terra,MODIS,58,6.2,292.5,42.3,N,0
-25.8302,148.5679,303.2,1,1,2014-03-13,1523,Aqua,MODIS,54,6.2,290,6.2,N,0
-23.4212,147.475,307,1.1,1.1,2014-03-13,1523,Aqua,MODIS,70,6.2,291.8,8.3,N,0
-23.4229,147.4857,302,1.1,1.1,2014-03-13,1523,Aqua,MODIS,10,6.2,291.2,4.8,N,0
-26.5405,148.4465,305,1,1,2014-03-13,1524,Aqua,MODIS,62,6.2,291,6.6,N,0
-26.7949,150.2073,311.9,1,1,2014-03-13,1524,Aqua,MODIS,84,6.2,291.4,11.8,N,0
-29.4407,152.0393,307.1,1.3,1.1,2014-03-13,1524,Aqua,MODIS,70,6.2,284.2,16.2,N,0
-29.4392,152.0261,325.1,1.3,1.1,2014-03-13,1524,Aqua,MODIS,100,6.2,285,39.4,N,0
-30.2954,148.9219,304.4,1,1,2014-03-13,1525,Aqua,MODIS,60,6.2,288.4,6.5,N,0
-42.6158,147.67,307.8,1.2,1.1,2014-03-13,1528,Aqua,MODIS,73,6.2,285.3,13,N,0
-42.6044,147.6575,303.4,1.2,1.1,2014-03-13,1528,Aqua,MODIS,53,6.2,284.2,9.5,N,0
-17.6104,126.1468,314.5,1,1,2014-03-13,1700,Aqua,MODIS,89,6.2,289.5,10.9,N,0
-21.0488,119.3973,308.8,1.9,1.4,2014-03-13,1701,Aqua,MODIS,75,6.2,296.4,14.1,N,0
-21.0528,119.3912,307.5,1.9,1.4,2014-03-13,1701,Aqua,MODIS,70,6.2,296.3,12.9,N,0
-20.9227,119.2748,306.7,2,1.4,2014-03-13,1701,Aqua,MODIS,68,6.2,296.2,13.6,N,0
-20.9234,119.2673,311.4,2,1.4,2014-03-13,1701,Aqua,MODIS,82,6.2,296.3,22.6,N,0
-21.4281,123.5237,341.4,1.1,1,2014-03-13,1701,Aqua,MODIS,100,6.2,296.7,50.1,N,0
-21.4265,123.5133,309,1.1,1,2014-03-13,1701,Aqua,MODIS,54,6.2,295,7.9,N,0
-22.3076,117.3807,307.8,2.5,1.5,2014-03-13,1702,Aqua,MODIS,72,6.2,295.8,18.5,N,0
-22.3351,117.3746,306.8,2.5,1.5,2014-03-13,1702,Aqua,MODIS,37,6.2,295.1,15,N,0
-22.3398,117.3992,323.8,2.5,1.5,2014-03-13,1702,Aqua,MODIS,100,6.2,295.7,71.1,N,0
-22.3143,117.3744,308.8,2.5,1.5,2014-03-13,1702,Aqua,MODIS,75,6.2,295.8,20.8,N,0
-22.3329,117.3959,327.3,2.5,1.5,2014-03-13,1702,Aqua,MODIS,100,6.2,296,87.6,N,0
-18.2211,143.0712,323.4,1,1,2014-03-14,0046,Terra,MODIS,70,6.2,304.3,9.7,D,0
-23.5894,143.5222,328.4,1.1,1,2014-03-14,0047,Terra,MODIS,66,6.2,310.1,12.1,D,0
-23.5908,143.5326,337,1.1,1,2014-03-14,0047,Terra,MODIS,81,6.2,310.7,25.2,D,0
-23.4222,147.4736,318.2,1.7,1.3,2014-03-14,0047,Terra,MODIS,49,6.2,300.8,11.8,D,0
-22.0519,148.3372,324.9,1.9,1.4,2014-03-14,0047,Terra,MODIS,73,6.2,304.6,29.7,D,0
-20.7397,139.482,325.3,1.2,1.1,2014-03-14,0047,Terra,MODIS,53,6.2,310.7,9.5,D,2
-33.6146,148.6276,321,2.8,1.6,2014-03-14,0050,Terra,MODIS,76,6.2,297.3,50.7,D,0
-36.3095,142.808,325.5,1.3,1.1,2014-03-14,0051,Terra,MODIS,74,6.2,309.2,17.1,D,0
-37.8034,143.6364,326.5,1.5,1.2,2014-03-14,0051,Terra,MODIS,80,6.2,302.7,27.2,D,0
-37.794,143.6553,316.4,1.5,1.2,2014-03-14,0051,Terra,MODIS,66,6.2,302,9.6,D,0
-37.8051,143.6537,329.8,1.5,1.2,2014-03-14,0051,Terra,MODIS,83,6.2,302.4,34.8,D,0
-35.7878,142.479,325.5,1.3,1.1,2014-03-14,0051,Terra,MODIS,74,6.2,310.8,12.6,D,0
-17.9233,126.1084,334.5,2.6,1.5,2014-03-14,0224,Terra,MODIS,83,6.2,302.2,90.1,D,0
-17.9593,126.1233,323,2.6,1.5,2014-03-14,0224,Terra,MODIS,61,6.2,300.8,34.1,D,0
-17.5096,126.4257,321.3,2.7,1.6,2014-03-14,0224,Terra,MODIS,54,6.2,298.9,43.6,D,0
-17.5202,126.4324,317.1,2.7,1.6,2014-03-14,0224,Terra,MODIS,26,6.2,297.6,28.1,D,0
-17.9315,126.1264,322.8,2.6,1.5,2014-03-14,0224,Terra,MODIS,39,6.2,301,33.1,D,0
-17.9538,126.1291,324.8,2.6,1.5,2014-03-14,0224,Terra,MODIS,70,6.2,299.8,41.8,D,0
-17.926,126.1324,340.7,2.6,1.5,2014-03-14,0224,Terra,MODIS,88,6.2,300.6,130,D,0
-18.0084,125.8068,324.5,2.4,1.5,2014-03-14,0224,Terra,MODIS,61,6.2,301.9,38,D,0
-18.0154,125.799,323.8,2.4,1.5,2014-03-14,0224,Terra,MODIS,68,6.2,300.7,36.6,D,0
-18.0179,125.8221,318.5,2.5,1.5,2014-03-14,0224,Terra,MODIS,43,6.2,299.3,16.5,D,0
-21.4283,123.5489,334.6,1.9,1.3,2014-03-14,0225,Terra,MODIS,38,6.2,311.8,33,D,0
-21.3334,123.5128,360.1,1.8,1.3,2014-03-14,0225,Terra,MODIS,100,6.2,315,155.7,D,0
-21.3234,123.5321,365.1,1.8,1.3,2014-03-14,0225,Terra,MODIS,100,6.2,315.6,191.5,D,0
-21.3354,123.5306,348,1.8,1.3,2014-03-14,0225,Terra,MODIS,91,6.2,313.1,86.2,D,0
-21.3255,123.3367,337.4,1.8,1.3,2014-03-14,0225,Terra,MODIS,78,6.2,315.5,39.1,D,0
-21.3214,123.5143,396.6,1.8,1.3,2014-03-14,0225,Terra,MODIS,100,6.2,320.4,514.7,D,0
-20.9186,119.2625,339,1,1,2014-03-14,0225,Terra,MODIS,64,6.2,312.7,19.9,D,0
-20.92,119.2725,334,1,1,2014-03-14,0225,Terra,MODIS,64,6.2,311.3,14.4,D,0
-20.9278,119.261,337.6,1,1,2014-03-14,0225,Terra,MODIS,40,6.2,313.9,16.5,D,0
-20.9292,119.2711,347.2,1,1,2014-03-14,0225,Terra,MODIS,90,6.2,312.3,37.5,D,0
-21.0974,117.3877,333.1,1,1,2014-03-14,0226,Terra,MODIS,55,6.2,313.2,12.6,D,0
-22.3128,117.389,339.5,1,1,2014-03-14,0226,Terra,MODIS,82,6.2,315,20.8,D,0
-22.3612,117.4045,362.4,1,1,2014-03-14,0226,Terra,MODIS,100,6.2,312.9,72.8,D,0
-22.3598,117.3948,349,1,1,2014-03-14,0226,Terra,MODIS,92,6.2,313.6,39.3,D,0
-22.3536,117.4156,354.9,1,1,2014-03-14,0226,Terra,MODIS,96,6.2,314,54.2,D,0
-22.3626,117.4141,338.9,1,1,2014-03-14,0226,Terra,MODIS,81,6.2,312.3,22.7,D,0
-22.3522,117.406,355,1,1,2014-03-14,0226,Terra,MODIS,96,6.2,315.4,53.3,D,0
-22.3508,117.3963,370.5,1,1,2014-03-14,0226,Terra,MODIS,100,6.2,316.6,96.3,D,0
-22.3493,117.3867,335,1,1,2014-03-14,0226,Terra,MODIS,75,6.2,314.7,13,D,0
-22.3209,117.8824,337.8,1,1,2014-03-14,0226,Terra,MODIS,76,6.2,315.5,19.4,D,0
-22.3447,117.4171,336.9,1,1,2014-03-14,0226,Terra,MODIS,78,6.2,312.9,19.7,D,0
-22.3327,117.9003,335.7,1,1,2014-03-14,0226,Terra,MODIS,76,6.2,312.4,16,D,0
-22.3313,117.8906,386.4,1,1,2014-03-14,0226,Terra,MODIS,100,6.2,316.4,161.5,D,0
-22.3299,117.8809,334.4,1,1,2014-03-14,0226,Terra,MODIS,74,6.2,315.8,13.9,D,0
-22.3223,117.8921,346.2,1,1,2014-03-14,0226,Terra,MODIS,89,6.2,315.3,34.3,D,0
-22.3432,117.4075,396.2,1,1,2014-03-14,0226,Terra,MODIS,100,6.2,319.5,211.3,D,0
-22.3418,117.3978,338.7,1,1,2014-03-14,0226,Terra,MODIS,81,6.2,314.7,20.5,D,0
-22.3342,117.409,335.1,1,1,2014-03-14,0226,Terra,MODIS,75,6.2,313.7,16.2,D,0
-21.9703,120.321,331.5,1.2,1.1,2014-03-14,0226,Terra,MODIS,69,6.2,313.2,16.6,D,0
-22.3328,117.3993,344,1,1,2014-03-14,0226,Terra,MODIS,87,6.2,315.1,29.4,D,0
-22.3314,117.3897,339.3,1,1,2014-03-14,0226,Terra,MODIS,81,6.2,314.5,20.6,D,0
-31.1972,117.1825,328.4,1.1,1,2014-03-14,0228,Terra,MODIS,83,6.2,288.5,22.7,D,0
-31.8389,117.631,320.9,1.1,1.1,2014-03-14,0228,Terra,MODIS,79,6.2,288,18.3,D,0
-32.1173,118.41,313.1,1.2,1.1,2014-03-14,0228,Terra,MODIS,63,6.2,294.7,7.9,D,0
-31.1879,117.184,324.2,1.1,1,2014-03-14,0228,Terra,MODIS,79,6.2,289.4,18.5,D,0
-31.8308,117.6446,316.1,1.1,1.1,2014-03-14,0228,Terra,MODIS,52,6.2,287.5,12.9,D,0
-30.7492,116.6567,322.6,1,1,2014-03-14,0228,Terra,MODIS,67,6.2,300,12.6,D,0
-31.4069,117.8328,306.4,1.1,1.1,2014-03-14,0228,Terra,MODIS,41,6.2,275.5,7.1,D,0
-31.8404,117.643,330,1.1,1.1,2014-03-14,0228,Terra,MODIS,86,6.2,289,30.4,D,0
-31.3889,116.8444,335.2,1.1,1,2014-03-14,0228,Terra,MODIS,89,6.2,295,33.9,D,0
-32.1004,115.8111,310.5,1,1,2014-03-14,0229,Terra,MODIS,18,6.2,295,3.4,D,0
-33.651,117.4955,336.3,1.2,1.1,2014-03-14,0229,Terra,MODIS,87,6.2,302.9,36.8,D,0
-31.7844,152.4375,327.8,1.4,1.2,2014-03-14,0329,Aqua,MODIS,84,6.2,294.6,33.9,D,0
-31.7806,152.429,339.3,1.4,1.2,2014-03-14,0329,Aqua,MODIS,91,6.2,292.8,60.3,D,0
-33.9215,148.0412,323.5,2.8,1.6,2014-03-14,0329,Aqua,MODIS,36,6.2,300.4,60.4,D,0
-34.0873,145.8374,318.9,3.9,1.8,2014-03-14,0329,Aqua,MODIS,25,6.2,300,73.9,D,0
-29.1748,152.5558,316.4,1.3,1.1,2014-03-14,0330,Aqua,MODIS,43,6.2,298.6,11.4,D,0
-29.1732,152.5689,320.8,1.3,1.1,2014-03-14,0330,Aqua,MODIS,77,6.2,299.3,16.3,D,0
-28.0786,152.0596,328.4,1.3,1.1,2014-03-14,0330,Aqua,MODIS,66,6.2,307.3,21.8,D,0
-26.0912,146.7858,322.7,2.8,1.6,2014-03-14,0331,Aqua,MODIS,67,6.2,299,42.6,D,0
-26.0785,146.7892,321.6,2.8,1.6,2014-03-14,0331,Aqua,MODIS,59,6.2,300.8,35.4,D,0
-22.7128,150.188,321.8,1.4,1.2,2014-03-14,0332,Aqua,MODIS,57,6.2,300.3,21.8,D,0
-21.5889,148.7777,318.3,1.7,1.3,2014-03-14,0332,Aqua,MODIS,53,6.2,301.4,24.1,D,0
-35.3828,146.1672,331.1,4.5,2,2014-03-14,0506,Aqua,MODIS,82,6.2,306.2,162.5,D,0
-35.6501,146.2998,320.6,4.5,2,2014-03-14,0506,Aqua,MODIS,48,6.2,302.7,66.4,D,0
-35.663,146.2517,329.7,4.5,1.9,2014-03-14,0506,Aqua,MODIS,81,6.2,301.6,149.8,D,0
-35.3658,146.1604,327.8,4.5,2,2014-03-14,0506,Aqua,MODIS,79,6.2,306.3,127.3,D,0
-35.3829,146.1596,334.1,4.5,2,2014-03-14,0506,Aqua,MODIS,85,6.2,306.3,198.9,D,0
-35.3954,146.1191,336.9,4.5,1.9,2014-03-14,0506,Aqua,MODIS,87,6.2,306.4,228.4,D,0
-35.3785,146.1123,350.2,4.5,1.9,2014-03-14,0506,Aqua,MODIS,95,6.2,308.8,441,D,0
-35.3953,146.1114,330,4.5,1.9,2014-03-14,0506,Aqua,MODIS,81,6.2,306.5,143.2,D,0
-35.6632,146.2429,325.8,4.5,1.9,2014-03-14,0506,Aqua,MODIS,78,6.2,301,112.6,D,0
-35.6506,146.2911,324.5,4.5,2,2014-03-14,0506,Aqua,MODIS,76,6.2,302.7,105.3,D,0
-34.0809,145.8817,322.7,4.7,2,2014-03-14,0507,Aqua,MODIS,73,6.2,305.4,90.5,D,0
-34.0919,145.841,325,4.7,2,2014-03-14,0507,Aqua,MODIS,71,6.2,304.9,115.3,D,0
-34.2512,135.8551,319.5,1.2,1.1,2014-03-14,0507,Aqua,MODIS,55,6.2,302.5,7.5,D,0
-34.0936,145.8328,321.4,4.7,2,2014-03-14,0507,Aqua,MODIS,57,6.2,304.6,86,D,0
-34.1277,135.5496,370.6,1.2,1.1,2014-03-14,0507,Aqua,MODIS,75,6.2,305.1,134.4,D,0
-34.1257,135.562,354.2,1.2,1.1,2014-03-14,0507,Aqua,MODIS,73,6.2,302.6,75.2,D,0
-34.1182,135.5472,347,1.2,1.1,2014-03-14,0507,Aqua,MODIS,81,6.2,302,58.5,D,0
-34.9621,137.0316,329.6,1.3,1.1,2014-03-14,0507,Aqua,MODIS,82,6.2,303.6,26.4,D,0
-34.9722,137.0343,328.9,1.3,1.1,2014-03-14,0507,Aqua,MODIS,82,6.2,303.5,24.7,D,0
-35.1421,136.9442,324.1,1.3,1.1,2014-03-14,0507,Aqua,MODIS,67,6.2,301.9,19.3,D,0
-35.0201,137.2794,329.3,1.3,1.1,2014-03-14,0507,Aqua,MODIS,82,6.2,304.4,27.4,D,0
-21.9755,120.3085,334.7,3.3,1.7,2014-03-14,0511,Aqua,MODIS,58,6.2,309.9,107.2,D,0
-21.0535,119.3905,333.3,3.8,1.8,2014-03-14,0511,Aqua,MODIS,46,6.2,307.2,126,D,0
-20.9259,119.2608,327.4,3.8,1.8,2014-03-14,0511,Aqua,MODIS,25,6.2,304.1,95.7,D,0
-18.3988,125.1503,342.2,1.3,1.1,2014-03-14,0512,Aqua,MODIS,87,6.2,317.4,34,D,0
-18.4004,125.1378,351.1,1.3,1.1,2014-03-14,0512,Aqua,MODIS,94,6.2,316.9,61.1,D,0
-18.3073,125.3206,335.4,1.3,1.1,2014-03-14,0512,Aqua,MODIS,77,6.2,310.2,23.2,D,0
-18.3088,125.3084,330.4,1.3,1.1,2014-03-14,0512,Aqua,MODIS,49,6.2,303.9,15.1,D,0
-18.2925,125.3558,333.7,1.3,1.1,2014-03-14,0512,Aqua,MODIS,73,6.2,312.8,16.6,D,0
-18.2987,125.307,332.3,1.3,1.1,2014-03-14,0512,Aqua,MODIS,62,6.2,308.5,20.8,D,0
-18.2885,125.3056,332.8,1.3,1.1,2014-03-14,0512,Aqua,MODIS,72,6.2,307.1,20.3,D,0
-18.3623,125.2157,333.6,1.3,1.1,2014-03-14,0512,Aqua,MODIS,37,6.2,310,15.4,D,0
-18.3434,125.2005,339.1,1.3,1.1,2014-03-14,0512,Aqua,MODIS,73,6.2,309.5,33.2,D,0
-18.341,125.1368,350.8,1.3,1.1,2014-03-14,0512,Aqua,MODIS,94,6.2,313,66.7,D,0
-18.3426,125.1243,388.4,1.3,1.1,2014-03-14,0512,Aqua,MODIS,100,6.2,314.9,261,D,0
-18.3632,125.1271,347.2,1.3,1.1,2014-03-14,0512,Aqua,MODIS,91,6.2,313.9,53.4,D,0
-18.3002,125.2948,350.8,1.3,1.1,2014-03-14,0512,Aqua,MODIS,94,6.2,309.1,68.3,D,0
-18.29,125.2934,371.6,1.3,1.1,2014-03-14,0512,Aqua,MODIS,100,6.2,309.3,152.5,D,0
-18.0747,125.3872,335.1,1.3,1.1,2014-03-14,0512,Aqua,MODIS,56,6.2,310.9,20.7,D,0
-18.0762,125.3752,346.1,1.3,1.1,2014-03-14,0512,Aqua,MODIS,90,6.2,312.1,46.9,D,0
-18.0119,125.8056,330.6,1.2,1.1,2014-03-14,0512,Aqua,MODIS,33,6.2,308.1,13.4,D,0
-18.0863,125.3767,335,1.3,1.1,2014-03-14,0512,Aqua,MODIS,48,6.2,311.7,18.4,D,0
-18.0964,125.3781,331.7,1.3,1.1,2014-03-14,0512,Aqua,MODIS,49,6.2,313,12.2,D,0
-18.0878,125.3646,334,1.3,1.1,2014-03-14,0512,Aqua,MODIS,30,6.2,311.3,17,D,0
-18.0108,125.7988,328.6,1.2,1.1,2014-03-14,0512,Aqua,MODIS,54,6.2,308.7,10,D,0
-18.0134,125.7943,332.9,1.2,1.1,2014-03-14,0512,Aqua,MODIS,37,6.2,309.7,18,D,0
-17.085,126.7327,333,1.1,1,2014-03-14,0512,Aqua,MODIS,63,6.2,306.5,19.7,D,0
-17.4759,126.4071,328.5,1.1,1.1,2014-03-14,0512,Aqua,MODIS,58,6.2,306,12.7,D,0
-17.4723,126.4012,327.3,1.1,1.1,2014-03-14,0512,Aqua,MODIS,64,6.2,306.7,11.9,D,0
-18.0488,125.5099,333.7,1.3,1.1,2014-03-14,0512,Aqua,MODIS,60,6.2,311.9,20.8,D,0
-18.0473,125.5216,333.1,1.2,1.1,2014-03-14,0512,Aqua,MODIS,54,6.2,310.3,18.9,D,0
-18.0498,125.5048,333.6,1.3,1.1,2014-03-14,0512,Aqua,MODIS,57,6.2,311.4,18.1,D,0
-18.0483,125.5165,341.6,1.3,1.1,2014-03-14,0512,Aqua,MODIS,86,6.2,311.6,35.5,D,0
-17.6221,126.1422,333.9,1.1,1.1,2014-03-14,0512,Aqua,MODIS,79,6.2,311.8,18.7,D,0
-17.6235,126.1314,330.7,1.1,1.1,2014-03-14,0512,Aqua,MODIS,63,6.2,312.1,12.8,D,0
-17.0836,126.7428,331.2,1.1,1,2014-03-14,0512,Aqua,MODIS,59,6.2,307.1,16,D,0
-17.9265,126.1376,332.1,1.2,1.1,2014-03-14,0512,Aqua,MODIS,74,6.2,302.9,20.9,D,0
-17.9169,126.1362,338.3,1.2,1.1,2014-03-14,0512,Aqua,MODIS,84,6.2,302.7,32.4,D,0
-32.1246,118.4068,320.1,3.6,1.8,2014-03-14,0646,Aqua,MODIS,70,6.2,305.5,47.1,D,0
-33.8627,117.117,316,2.7,1.6,2014-03-14,0646,Aqua,MODIS,65,6.2,302.7,24,D,0
-34.4271,117.4364,310.7,2.7,1.6,2014-03-14,0646,Aqua,MODIS,43,6.2,288.3,27,D,0
-33.8593,117.1082,317.2,2.7,1.6,2014-03-14,0646,Aqua,MODIS,67,6.2,303,28,D,0
-31.1802,116.58,317,2.9,1.6,2014-03-14,0647,Aqua,MODIS,67,6.2,293.3,37.3,D,0
-30.7749,116.6493,318.2,3,1.6,2014-03-14,0647,Aqua,MODIS,49,6.2,297.4,35.2,D,0
-27.8688,114.4987,325.8,2.5,1.5,2014-03-14,0648,Aqua,MODIS,26,6.2,306.6,34.5,D,0
-27.8665,114.4791,327.9,2.5,1.5,2014-03-14,0648,Aqua,MODIS,43,6.2,306.4,36.6,D,0
-34.4579,150.8833,314,1,1,2014-03-14,1253,Terra,MODIS,88,6.2,287.6,13.7,N,2
-31.3271,152.7617,300.2,1.3,1.1,2014-03-14,1254,Terra,MODIS,20,6.2,288.4,6.5,N,0
-26.7975,150.2019,309,1.1,1.1,2014-03-14,1255,Terra,MODIS,76,6.2,288.8,11.7,N,2
-25.7551,147.176,309.4,1,1,2014-03-14,1255,Terra,MODIS,77,6.2,292.1,9,N,0
-25.7565,147.166,305.4,1,1,2014-03-14,1255,Terra,MODIS,64,6.2,291.5,6.4,N,0
-24.6664,151.7981,300.5,1.5,1.2,2014-03-14,1255,Terra,MODIS,22,6.2,288.5,8.5,N,0
-23.5987,143.5266,309.9,1.3,1.1,2014-03-14,1256,Terra,MODIS,78,6.2,296.1,10.9,N,0
-23.9939,151.3937,300.9,1.4,1.2,2014-03-14,1256,Terra,MODIS,30,6.2,290,6.3,N,0
-23.9963,151.3795,303.5,1.4,1.2,2014-03-14,1256,Terra,MODIS,55,6.2,290,9,N,0
-20.7301,139.4772,306.3,2.2,1.4,2014-03-14,1257,Terra,MODIS,68,6.2,295.8,16.1,N,2
-30.8673,121.4855,307.2,1.1,1.1,2014-03-14,1433,Terra,MODIS,71,6.2,284.4,11.5,N,0
-30.8658,121.4974,301.8,1.1,1.1,2014-03-14,1433,Terra,MODIS,44,6.2,285,7.5,N,2
-31.4349,117.7719,306.2,1.9,1.3,2014-03-14,1433,Terra,MODIS,67,6.2,287.6,22.7,N,0
-32.0524,116.7873,307.7,2.2,1.4,2014-03-14,1433,Terra,MODIS,72,6.2,287.3,30.6,N,0
-21.3302,123.5299,310.2,1.1,1,2014-03-14,1435,Terra,MODIS,79,6.2,296.5,7.6,N,0
-21.9654,120.3481,312.2,1.1,1,2014-03-14,1435,Terra,MODIS,76,6.2,299.4,7.6,N,0
-21.9589,120.3264,310.7,1.1,1,2014-03-14,1435,Terra,MODIS,69,6.2,299.1,6.2,N,0
-21.9576,120.3366,316.3,1.1,1,2014-03-14,1435,Terra,MODIS,90,6.2,299.7,11.1,N,0
-22.3226,117.4654,328.4,1.5,1.2,2014-03-14,1435,Terra,MODIS,99,6.2,289.7,53.8,N,0
-21.9668,120.338,326.1,1.1,1,2014-03-14,1435,Terra,MODIS,100,6.2,299.6,21.7,N,0
-17.1413,126.642,303.4,1.9,1.4,2014-03-14,1436,Terra,MODIS,55,6.2,292.6,8.4,N,0
-17.1834,126.7606,308.4,2,1.4,2014-03-14,1436,Terra,MODIS,74,6.2,293.7,17,N,0
-19.0797,126.9162,314.9,1.8,1.3,2014-03-14,1436,Terra,MODIS,90,6.2,297.5,25.5,N,0
-19.0678,126.9138,310.6,1.8,1.3,2014-03-14,1436,Terra,MODIS,48,6.2,297.2,16.4,N,0
-19.0353,126.8896,311.5,1.8,1.3,2014-03-14,1436,Terra,MODIS,82,6.2,297.4,17,N,0
-18.9475,126.615,315.2,1.8,1.3,2014-03-14,1436,Terra,MODIS,90,6.2,295.5,24.6,N,0
-18.9599,126.6585,312.9,1.8,1.3,2014-03-14,1436,Terra,MODIS,85,6.2,295.6,20.8,N,0
-18.9628,126.6419,307.2,1.8,1.3,2014-03-14,1436,Terra,MODIS,67,6.2,295.3,11.3,N,0
-18.9506,126.6673,310.9,1.8,1.3,2014-03-14,1436,Terra,MODIS,76,6.2,295.8,17.6,N,0
-18.9534,126.6506,321.3,1.8,1.3,2014-03-14,1436,Terra,MODIS,100,6.2,296.2,38,N,0
-19.0387,126.8017,307.4,1.8,1.3,2014-03-14,1436,Terra,MODIS,68,6.2,296.8,11,N,0
-19.0418,126.7847,315.5,1.8,1.3,2014-03-14,1436,Terra,MODIS,91,6.2,296.6,26,N,0
-19.0448,126.7974,313.3,1.8,1.3,2014-03-14,1436,Terra,MODIS,86,6.2,296.6,20.5,N,0
-19.0477,126.7804,308,1.8,1.3,2014-03-14,1436,Terra,MODIS,62,6.2,296.7,11.9,N,0
-20.7331,139.4855,307.3,1,1,2014-03-14,1605,Aqua,MODIS,71,6.2,294.9,7.2,N,2
-20.7317,139.4759,315,1,1,2014-03-14,1605,Aqua,MODIS,90,6.2,295,12.8,N,2
-17.9224,126.1594,308.6,4.4,1.9,2014-03-14,1743,Aqua,MODIS,75,6.2,290.6,63.5,N,0
-17.9226,126.1675,307.4,4.4,1.9,2014-03-14,1743,Aqua,MODIS,71,6.2,291,58,N,0
-17.9186,126.1261,300.3,4.4,1.9,2014-03-14,1743,Aqua,MODIS,19,6.2,289.8,19.9,N,0
-21.0845,117.3909,309.6,1.2,1.1,2014-03-14,1744,Aqua,MODIS,74,6.2,297.5,7.8,N,0
-21.086,117.4025,306.8,1.2,1.1,2014-03-14,1744,Aqua,MODIS,47,6.2,296.1,5.8,N,0
-22.3636,117.4465,309.8,1.2,1.1,2014-03-14,1744,Aqua,MODIS,22,6.2,294.1,8.8,N,0
-22.3368,117.4746,322.6,1.2,1.1,2014-03-14,1744,Aqua,MODIS,100,6.2,295.4,22.2,N,0
-22.3254,117.464,318.2,1.2,1.1,2014-03-14,1744,Aqua,MODIS,93,6.2,295.7,16,N,0
-21.3393,123.36,308.1,3,1.7,2014-03-14,1744,Aqua,MODIS,13,6.2,292.2,40.5,N,0
-21.3415,123.3845,314.2,3,1.7,2014-03-14,1744,Aqua,MODIS,55,6.2,291,64.2,N,0
-21.3422,123.3894,310.5,3,1.7,2014-03-14,1744,Aqua,MODIS,28,6.2,289.4,51.1,N,0
-32.7755,119.1748,302.4,2.1,1.4,2014-03-14,1747,Aqua,MODIS,49,6.2,281.4,24.3,N,0
-32.7753,119.1909,305.4,2.1,1.4,2014-03-14,1747,Aqua,MODIS,64,6.2,281.9,30.4,N,0
-23.9958,151.3876,318.3,1.4,1.2,2014-03-14,2352,Terra,MODIS,56,6.2,299.5,16.1,D,0
-28.9693,153.2139,318.9,1,1,2014-03-14,2353,Terra,MODIS,56,6.2,302.4,8.9,D,0
-29.2177,149.2907,321.8,1.6,1.2,2014-03-14,2353,Terra,MODIS,63,6.2,304.3,12.7,D,0
-29.9194,149.1412,323.9,1.5,1.2,2014-03-14,2354,Terra,MODIS,74,6.2,305.4,16.1,D,0
-16.7945,131.3109,322.2,1,1,2014-03-15,0129,Terra,MODIS,61,6.2,304.8,10,D,0
-16.8022,131.2996,320.2,1,1,2014-03-15,0129,Terra,MODIS,32,6.2,304.2,6.7,D,0
-16.8209,131.3106,320.2,1,1,2014-03-15,0129,Terra,MODIS,48,6.2,305.3,8.4,D,0
-17.9804,125.8409,330.7,2.1,1.4,2014-03-15,0129,Terra,MODIS,79,6.2,303,49.2,D,0
-17.4621,126.4082,324.3,2,1.4,2014-03-15,0129,Terra,MODIS,66,6.2,302.1,26.3,D,0
-17.4676,126.4203,339.6,2,1.4,2014-03-15,0129,Terra,MODIS,87,6.2,303,77.2,D,0
-17.4932,126.4408,328.8,2,1.4,2014-03-15,0129,Terra,MODIS,53,6.2,302.9,33.2,D,0
-17.4741,126.4558,330,2,1.4,2014-03-15,0129,Terra,MODIS,74,6.2,300.7,42.8,D,0
-16.9535,126.5001,318.8,2,1.4,2014-03-15,0129,Terra,MODIS,57,6.2,299.6,17.1,D,0
-17.4833,126.4366,334.1,2,1.4,2014-03-15,0129,Terra,MODIS,83,6.2,303.2,52.6,D,0
-16.8513,126.2303,320.4,2.1,1.4,2014-03-15,0129,Terra,MODIS,64,6.2,299,25.4,D,0
-17.4709,126.4381,349.1,2,1.4,2014-03-15,0129,Terra,MODIS,94,6.2,302.2,125.9,D,0
-16.9515,126.5062,317.9,2,1.4,2014-03-15,0129,Terra,MODIS,49,6.2,299.3,13.8,D,0
-17.4808,126.4427,341.8,2,1.4,2014-03-15,0129,Terra,MODIS,89,6.2,302.1,88.3,D,0
-17.4865,126.4544,329.5,2,1.4,2014-03-15,0129,Terra,MODIS,71,6.2,301.6,38.8,D,0
-17.4716,126.4624,320.9,2,1.4,2014-03-15,0129,Terra,MODIS,38,6.2,300.5,17.9,D,0
-17.4684,126.4441,354.6,2,1.4,2014-03-15,0129,Terra,MODIS,97,6.2,301.6,161.7,D,0
-17.4653,126.4264,337.4,2,1.4,2014-03-15,0129,Terra,MODIS,86,6.2,302.2,71.3,D,0
-19.1627,126.7718,330.5,1.7,1.3,2014-03-15,0130,Terra,MODIS,72,6.2,308,31,D,0
-18.6783,125.4092,353.1,2.2,1.4,2014-03-15,0130,Terra,MODIS,96,6.2,303.8,171.2,D,0
-18.6743,125.3882,375.4,2.2,1.4,2014-03-15,0130,Terra,MODIS,100,6.2,305.7,384.7,D,0
-18.6941,125.4133,330.3,2.2,1.4,2014-03-15,0130,Terra,MODIS,51,6.2,303.6,40.6,D,0
-18.6903,125.3922,337.7,2.2,1.4,2014-03-15,0130,Terra,MODIS,84,6.2,303.8,73.3,D,0
-18.6811,125.4159,325.9,2.2,1.4,2014-03-15,0130,Terra,MODIS,17,6.2,303.4,24.6,D,0
-18.6773,125.3948,381.3,2.2,1.4,2014-03-15,0130,Terra,MODIS,100,6.2,305.4,462,D,0
-18.6614,125.3908,354,2.2,1.4,2014-03-15,0130,Terra,MODIS,96,6.2,305.1,179,D,0
-18.6574,125.3697,328.2,2.2,1.5,2014-03-15,0130,Terra,MODIS,71,6.2,304.2,33.6,D,0
-18.6682,125.4184,328.7,2.2,1.4,2014-03-15,0130,Terra,MODIS,63,6.2,303,35.6,D,0
-18.6644,125.3975,367.9,2.2,1.4,2014-03-15,0130,Terra,MODIS,100,6.2,305,300.9,D,0
-18.6605,125.3764,334.7,2.2,1.5,2014-03-15,0130,Terra,MODIS,81,6.2,304.4,59.7,D,0
-18.6514,125.4001,328.4,2.2,1.4,2014-03-15,0130,Terra,MODIS,71,6.2,303.6,34.7,D,0
-18.6703,125.3672,325.6,2.2,1.5,2014-03-15,0130,Terra,MODIS,28,6.2,304.2,22.1,D,0
-18.6653,125.4118,338.6,2.2,1.4,2014-03-15,0130,Terra,MODIS,85,6.2,303.3,82.2,D,0
-18.8295,125.4378,327.5,2.2,1.4,2014-03-15,0130,Terra,MODIS,68,6.2,304.9,29.1,D,0
-18.8257,125.4171,326.3,2.2,1.4,2014-03-15,0130,Terra,MODIS,65,6.2,305.1,25.2,D,0
-18.7923,125.3811,326.1,2.2,1.4,2014-03-15,0130,Terra,MODIS,56,6.2,304.3,26.6,D,0
-18.7883,125.3599,351.5,2.2,1.4,2014-03-15,0130,Terra,MODIS,95,6.2,305.2,161.2,D,0
-18.7624,125.3652,335.6,2.2,1.4,2014-03-15,0130,Terra,MODIS,81,6.2,304,67.1,D,0
-18.778,125.3677,325.5,2.2,1.4,2014-03-15,0130,Terra,MODIS,47,6.2,304.1,23.7,D,0
-18.765,125.3703,326.7,2.2,1.4,2014-03-15,0130,Terra,MODIS,61,6.2,303.8,29.7,D,0
-18.6191,125.5144,324.6,2.2,1.4,2014-03-15,0130,Terra,MODIS,55,6.2,303.7,27.8,D,0
-18.7534,125.3885,329,2.2,1.4,2014-03-15,0130,Terra,MODIS,72,6.2,303.1,40.2,D,0
-18.7495,125.3679,346.8,2.2,1.4,2014-03-15,0130,Terra,MODIS,91,6.2,304,131.3,D,0
-18.7559,125.3937,322.6,2.2,1.4,2014-03-15,0130,Terra,MODIS,50,6.2,303,18.4,D,0
-18.7521,125.373,356.3,2.2,1.4,2014-03-15,0130,Terra,MODIS,98,6.2,304.1,201.8,D,0
-18.7339,125.4197,340.3,2.2,1.4,2014-03-15,0130,Terra,MODIS,86,6.2,303.8,92.7,D,0
-18.73,125.3989,336.5,2.2,1.4,2014-03-15,0130,Terra,MODIS,83,6.2,303.6,72,D,0
-18.7262,125.3781,327.1,2.2,1.4,2014-03-15,0130,Terra,MODIS,22,6.2,303.6,29.8,D,0
-18.7171,125.4015,347.6,2.2,1.4,2014-03-15,0130,Terra,MODIS,92,6.2,303.9,136.5,D,0
-18.7132,125.3805,328.3,2.2,1.4,2014-03-15,0130,Terra,MODIS,66,6.2,304.4,35.7,D,0
-18.708,125.4249,328,2.2,1.4,2014-03-15,0130,Terra,MODIS,70,6.2,302.5,37,D,0
-18.6963,125.3621,331.6,2.2,1.5,2014-03-15,0130,Terra,MODIS,77,6.2,304.5,49.3,D,0
-18.6912,125.4066,336.6,2.2,1.4,2014-03-15,0130,Terra,MODIS,83,6.2,303.8,71.5,D,0
-18.6873,125.3856,333.4,2.2,1.4,2014-03-15,0130,Terra,MODIS,79,6.2,303.6,53.9,D,0
-19.1425,126.8595,325,1.7,1.3,2014-03-15,0130,Terra,MODIS,53,6.2,308.3,14.6,D,0
-18.9157,126.6257,326.9,1.8,1.3,2014-03-15,0130,Terra,MODIS,65,6.2,305.6,24.7,D,0
-18.951,126.619,328.1,1.8,1.3,2014-03-15,0130,Terra,MODIS,68,6.2,307,25.6,D,0
-18.954,126.6358,325.1,1.8,1.3,2014-03-15,0130,Terra,MODIS,47,6.2,305.8,16.2,D,0
-18.9627,126.6168,324.7,1.8,1.3,2014-03-15,0130,Terra,MODIS,58,6.2,306.5,16.5,D,0
-18.966,126.7715,326.6,1.8,1.3,2014-03-15,0130,Terra,MODIS,64,6.2,305.5,22.7,D,0
-18.957,126.6527,341.8,1.8,1.3,2014-03-15,0130,Terra,MODIS,87,6.2,306.7,72.2,D,0
-18.6567,125.3553,327.4,2.3,1.5,2014-03-15,0130,Terra,MODIS,59,6.2,304.1,27.9,D,0
-18.7612,125.3494,341.8,2.2,1.5,2014-03-15,0130,Terra,MODIS,88,6.2,304.3,100.7,D,0
-18.7584,125.3442,334.3,2.2,1.5,2014-03-15,0130,Terra,MODIS,80,6.2,304.3,61,D,0
-21.9588,120.3185,335.5,4.4,1.9,2014-03-15,0131,Terra,MODIS,81,6.2,302.3,207.4,D,0
-21.958,120.3243,339.3,4.4,1.9,2014-03-15,0131,Terra,MODIS,85,6.2,302.4,259.7,D,0
-30.8681,121.498,315.6,2.3,1.5,2014-03-15,0133,Terra,MODIS,64,6.2,298.6,26.3,D,2
-30.8638,121.4919,316,2.3,1.5,2014-03-15,0133,Terra,MODIS,67,6.2,298.3,25.8,D,2
-22.3394,117.4757,332.9,4.3,1.9,2014-03-15,0309,Terra,MODIS,75,6.2,302.9,115,D,0
-22.3411,117.4677,331.4,4.3,1.9,2014-03-15,0309,Terra,MODIS,73,6.2,302.7,100.2,D,0
-22.3238,117.4693,325.9,4.3,1.9,2014-03-15,0309,Terra,MODIS,45,6.2,301.8,48.2,D,0
-22.3119,117.3542,328,4.2,1.9,2014-03-15,0309,Terra,MODIS,40,6.2,303.1,72.1,D,0
-36.6464,142.3408,320.2,1.4,1.2,2014-03-15,0411,Aqua,MODIS,68,6.2,281.7,24.6,D,0
-36.6431,142.3732,366.2,1.4,1.2,2014-03-15,0411,Aqua,MODIS,100,6.2,288.7,167.5,D,0
-36.6447,142.357,363.2,1.4,1.2,2014-03-15,0411,Aqua,MODIS,100,6.2,290.6,154.4,D,0
-28.2499,149.8869,328.1,1.5,1.2,2014-03-15,0413,Aqua,MODIS,38,6.2,307,16.6,D,0
-28.2526,149.8716,339.4,1.5,1.2,2014-03-15,0413,Aqua,MODIS,85,6.2,309.6,47.2,D,0
-26.5866,147.3099,328.4,1.2,1.1,2014-03-15,0414,Aqua,MODIS,46,6.2,311.9,11.7,D,0
-26.5962,147.3119,338.1,1.2,1.1,2014-03-15,0414,Aqua,MODIS,79,6.2,312.4,26.9,D,0
-26.7194,139.0685,359.3,1.7,1.3,2014-03-15,0414,Aqua,MODIS,96,6.2,317.2,134.3,D,0
-27.125,146.1731,336.2,1,1,2014-03-15,0414,Aqua,MODIS,75,6.2,316.9,16.1,D,0
-27.055,150.0367,331.2,1.6,1.3,2014-03-15,0414,Aqua,MODIS,35,6.2,306.4,27.5,D,0
-24.0135,151.3741,319.7,2.3,1.5,2014-03-15,0414,Aqua,MODIS,33,6.2,296.8,29.6,D,0
-24.0015,151.3904,319.4,2.3,1.5,2014-03-15,0414,Aqua,MODIS,40,6.2,296.5,31.3,D,0
-26.0786,146.7823,362.2,1.1,1.1,2014-03-15,0414,Aqua,MODIS,100,6.2,314.2,87.1,D,0
-26.2066,151.4057,327.4,2.1,1.4,2014-03-15,0414,Aqua,MODIS,74,6.2,301.8,46.4,D,0
-25.7565,147.1796,360.7,1.2,1.1,2014-03-15,0414,Aqua,MODIS,100,6.2,311.1,91.7,D,0
-25.7584,147.168,370.7,1.2,1.1,2014-03-15,0414,Aqua,MODIS,100,6.2,315.8,129.2,D,0
-25.7449,147.1893,337,1.2,1.1,2014-03-15,0414,Aqua,MODIS,50,6.2,307.8,27.6,D,0
-25.7487,147.1661,333.7,1.2,1.1,2014-03-15,0414,Aqua,MODIS,63,6.2,309.6,20.3,D,0
-25.7371,147.1759,350.8,1.2,1.1,2014-03-15,0414,Aqua,MODIS,94,6.2,313.9,59.2,D,0
-25.739,147.1642,343.2,1.2,1.1,2014-03-15,0414,Aqua,MODIS,88,6.2,311.1,39.8,D,0
-25.7468,147.1777,351.1,1.2,1.1,2014-03-15,0414,Aqua,MODIS,94,6.2,311.1,59.8,D,0
-25.7273,147.1141,329.8,1.2,1.1,2014-03-15,0414,Aqua,MODIS,67,6.2,311,15.3,D,0
-25.7176,147.1122,327.5,1.2,1.1,2014-03-15,0414,Aqua,MODIS,43,6.2,311.5,11.8,D,0
-18.2265,143.0713,335.8,1,1,2014-03-15,0416,Aqua,MODIS,81,6.2,305.1,22.4,D,0
-18.2175,143.0698,330.6,1,1,2014-03-15,0416,Aqua,MODIS,68,6.2,305.2,15,D,0
-18.2189,143.0604,332.8,1,1,2014-03-15,0416,Aqua,MODIS,70,6.2,307.2,17.7,D,0
-31.9986,117.3546,337.1,1.3,1.1,2014-03-15,0551,Aqua,MODIS,84,6.2,311,34.7,D,0
-32.0089,117.3563,327,1.3,1.1,2014-03-15,0551,Aqua,MODIS,71,6.2,310.7,15.4,D,0
-31.9924,117.3482,323.2,1.3,1.1,2014-03-15,0551,Aqua,MODIS,53,6.2,309.4,8.5,D,0
-32.0002,117.3408,325.6,1.3,1.1,2014-03-15,0551,Aqua,MODIS,53,6.2,310.9,12.6,D,0
-31.8559,118.4014,327.3,1.2,1.1,2014-03-15,0551,Aqua,MODIS,70,6.2,310.1,12.5,D,0
-33.6091,119.6542,326.8,1.1,1,2014-03-15,0551,Aqua,MODIS,30,6.2,305.7,14.4,D,0
-32.287,118.9547,323.1,1.1,1.1,2014-03-15,0551,Aqua,MODIS,63,6.2,309.1,8.4,D,0
-31.8544,118.4136,331.9,1.2,1.1,2014-03-15,0551,Aqua,MODIS,77,6.2,310.6,19.5,D,0
-33.62,119.6442,323.4,1.1,1,2014-03-15,0551,Aqua,MODIS,40,6.2,304.4,10.6,D,0
-28.8335,115.2793,351.3,1.6,1.2,2014-03-15,0552,Aqua,MODIS,94,6.2,320.3,88.7,D,0
-30.0097,116.3584,328.9,1.4,1.2,2014-03-15,0552,Aqua,MODIS,69,6.2,316,15.1,D,0
-30.7687,116.6141,327.6,1.4,1.2,2014-03-15,0552,Aqua,MODIS,43,6.2,315.9,13.1,D,0
-30.7898,116.6175,328.8,1.4,1.2,2014-03-15,0552,Aqua,MODIS,56,6.2,315.1,15.7,D,0
-30.0035,116.3641,335.6,1.4,1.2,2014-03-15,0552,Aqua,MODIS,81,6.2,316.3,30.2,D,0
-28.8317,115.2955,333.7,1.6,1.2,2014-03-15,0552,Aqua,MODIS,73,6.2,317.8,27.2,D,0
-30.5762,116.7054,328.6,1.4,1.2,2014-03-15,0552,Aqua,MODIS,70,6.2,315.8,15.4,D,0
-31.3182,117.6442,327.2,1.2,1.1,2014-03-15,0552,Aqua,MODIS,66,6.2,313.1,11.8,D,0
-31.3174,117.6507,325.9,1.2,1.1,2014-03-15,0552,Aqua,MODIS,57,6.2,312.8,9.5,D,0
-31.2168,117.5624,326.2,1.2,1.1,2014-03-15,0552,Aqua,MODIS,63,6.2,314.2,9.8,D,0
-30.1466,116.5666,329.6,1.4,1.2,2014-03-15,0552,Aqua,MODIS,72,6.2,314.9,16.5,D,0
-31.179,117.6232,327.9,1.2,1.1,2014-03-15,0552,Aqua,MODIS,68,6.2,313.5,12.1,D,0
-31.1805,117.6101,331.5,1.2,1.1,2014-03-15,0552,Aqua,MODIS,75,6.2,315,18.6,D,0
-31.1514,117.6847,337.3,1.2,1.1,2014-03-15,0552,Aqua,MODIS,83,6.2,313.7,28.8,D,0
-31.1843,117.0548,327.8,1.3,1.1,2014-03-15,0552,Aqua,MODIS,68,6.2,313.6,14.9,D,0
-31.2267,117.0248,334.4,1.3,1.1,2014-03-15,0552,Aqua,MODIS,79,6.2,314,28.3,D,0
-31.368,117.9918,325.1,1.2,1.1,2014-03-15,0552,Aqua,MODIS,59,6.2,311.6,9.7,D,0
-31.3678,117.9972,325.3,1.2,1.1,2014-03-15,0552,Aqua,MODIS,60,6.2,310.8,8.6,D,0
-30.4477,116.9359,327.7,1.3,1.1,2014-03-15,0552,Aqua,MODIS,68,6.2,315.3,14.1,D,0
-31.1529,117.6718,333,1.2,1.1,2014-03-15,0552,Aqua,MODIS,77,6.2,314.7,20.7,D,0
-31.1415,117.6831,327.1,1.2,1.1,2014-03-15,0552,Aqua,MODIS,37,6.2,312.9,9.9,D,0
-31.5475,117.6797,342.3,1.2,1.1,2014-03-15,0552,Aqua,MODIS,88,6.2,312.8,41.9,D,0
-31.5375,117.6781,329.9,1.2,1.1,2014-03-15,0552,Aqua,MODIS,73,6.2,311.4,17,D,0
-30.8691,121.4865,324.1,1,1,2014-03-15,0552,Aqua,MODIS,58,6.2,312.5,7.5,D,0
-22.7679,128.315,331.6,3.3,1.7,2014-03-15,0553,Aqua,MODIS,58,6.2,311.7,55.1,D,0
-22.7648,128.3397,331.6,3.3,1.7,2014-03-15,0553,Aqua,MODIS,27,6.2,310.5,54.2,D,0
-22.7614,128.3465,329.7,3.3,1.7,2014-03-15,0553,Aqua,MODIS,32,6.2,310.1,41.3,D,0
-20.5798,118.8136,355.7,1,1,2014-03-15,0554,Aqua,MODIS,89,6.2,314,48.4,D,0
-21.9655,120.3136,362.2,1.1,1,2014-03-15,0554,Aqua,MODIS,94,6.2,311.5,79.3,D,0
-18.6782,125.3731,342.8,2.4,1.5,2014-03-15,0555,Aqua,MODIS,88,6.2,307.6,108.6,D,0
-18.6875,125.3988,336,2.5,1.5,2014-03-15,0555,Aqua,MODIS,80,6.2,306.3,72.8,D,0
-19.2339,125.4152,331,2.4,1.5,2014-03-15,0555,Aqua,MODIS,53,6.2,303.8,53.2,D,0
-19.0014,125.3939,327.9,2.4,1.5,2014-03-15,0555,Aqua,MODIS,41,6.2,306.3,22.3,D,0
-18.9509,126.6239,331.5,3,1.6,2014-03-15,0555,Aqua,MODIS,61,6.2,298.1,91.2,D,0
-18.9524,126.6189,328.6,3,1.6,2014-03-15,0555,Aqua,MODIS,39,6.2,299.3,70.1,D,0
-19.1922,125.2147,338.9,2.3,1.5,2014-03-15,0555,Aqua,MODIS,78,6.2,291.9,90.1,D,0
-18.8788,125.3395,332.4,2.4,1.5,2014-03-15,0555,Aqua,MODIS,45,6.2,304.3,55.8,D,0
-18.6824,125.3502,328.6,2.4,1.5,2014-03-15,0555,Aqua,MODIS,45,6.2,306.3,26.4,D,0
-18.9055,125.3453,333.8,2.4,1.5,2014-03-15,0555,Aqua,MODIS,76,6.2,308.7,59.8,D,0
-18.9048,125.2751,356.6,2.4,1.5,2014-03-15,0555,Aqua,MODIS,98,6.2,309.1,206.3,D,0
-18.8916,125.2723,328.7,2.4,1.5,2014-03-15,0555,Aqua,MODIS,47,6.2,307.9,27.2,D,0
-18.9093,125.2688,342,2.4,1.5,2014-03-15,0555,Aqua,MODIS,87,6.2,309.2,98,D,0
-18.892,125.288,329.6,2.4,1.5,2014-03-15,0555,Aqua,MODIS,42,6.2,305.6,33.6,D,0
-18.896,125.266,343.1,2.4,1.5,2014-03-15,0555,Aqua,MODIS,88,6.2,309.8,106.8,D,0
-18.9837,125.4139,339.1,2.4,1.5,2014-03-15,0555,Aqua,MODIS,83,6.2,309.1,78.7,D,0
-18.781,125.4741,334,2.5,1.5,2014-03-15,0555,Aqua,MODIS,77,6.2,304.5,56.7,D,0
-18.8137,125.4856,344.2,2.5,1.5,2014-03-15,0555,Aqua,MODIS,89,6.2,306.3,121.9,D,0
-18.7674,125.4713,329.9,2.5,1.5,2014-03-15,0555,Aqua,MODIS,34,6.2,307.3,37.7,D,0
-18.7767,125.4974,333.3,2.5,1.5,2014-03-15,0555,Aqua,MODIS,72,6.2,303.7,49.9,D,0
-19.1902,125.4457,329.3,2.4,1.5,2014-03-15,0555,Aqua,MODIS,30,6.2,297.9,49.4,D,0
-19.2036,125.4485,330.2,2.4,1.5,2014-03-15,0555,Aqua,MODIS,19,6.2,299.2,51.9,D,0
-18.818,125.4625,330.5,2.5,1.5,2014-03-15,0555,Aqua,MODIS,35,6.2,305.6,45.8,D,0
-18.8892,125.5812,342.7,2.5,1.5,2014-03-15,0555,Aqua,MODIS,87,6.2,307.3,105.6,D,0
-18.2563,126.0823,331.5,2.8,1.6,2014-03-15,0555,Aqua,MODIS,72,6.2,302.8,76.4,D,0
-18.7687,125.5006,330.9,2.5,1.5,2014-03-15,0555,Aqua,MODIS,52,6.2,306.3,36.7,D,0
-18.7823,125.5033,334.1,2.5,1.5,2014-03-15,0555,Aqua,MODIS,76,6.2,304.5,52.5,D,0
-18.7779,125.5266,357.5,2.5,1.5,2014-03-15,0555,Aqua,MODIS,98,6.2,308.4,230.3,D,0
-18.7731,125.4773,334.1,2.5,1.5,2014-03-15,0555,Aqua,MODIS,72,6.2,306,55.9,D,0
-18.7551,125.4978,336.1,2.5,1.5,2014-03-15,0555,Aqua,MODIS,74,6.2,307.6,64.4,D,0
-18.7818,125.5467,331.8,2.5,1.5,2014-03-15,0555,Aqua,MODIS,57,6.2,307.9,48.3,D,0
-18.7861,125.5234,346.4,2.5,1.5,2014-03-15,0555,Aqua,MODIS,91,6.2,306.3,135.6,D,0
-18.9867,125.4326,331.3,2.4,1.5,2014-03-15,0555,Aqua,MODIS,35,6.2,307.8,34.8,D,0
-18.7725,125.5206,333,2.5,1.5,2014-03-15,0555,Aqua,MODIS,66,6.2,308.4,50.4,D,0
-26.7655,152.1897,304.5,3.2,1.7,2014-03-15,1200,Terra,MODIS,60,6.2,289.6,33.8,N,0
-25.7475,147.1658,303,3.7,1.8,2014-03-15,1338,Terra,MODIS,26,6.2,291.1,32.7,N,0
-25.7232,147.1984,308.1,3.8,1.8,2014-03-15,1338,Terra,MODIS,73,6.2,289.4,56,N,0
-25.7314,147.1618,327,3.7,1.8,2014-03-15,1338,Terra,MODIS,100,6.2,290.5,170.8,N,0
-25.7335,147.1941,316.8,3.8,1.8,2014-03-15,1338,Terra,MODIS,94,6.2,290.1,101.7,N,0
-25.7414,147.1575,320.8,3.7,1.8,2014-03-15,1338,Terra,MODIS,100,6.2,290.8,125.3,N,0
-20.7373,139.474,327.7,1.4,1.2,2014-03-15,1340,Terra,MODIS,100,6.2,297.4,38,N,2
-20.7314,139.4794,322.2,1.4,1.2,2014-03-15,1340,Terra,MODIS,100,6.2,297.4,28.1,N,2
-18.9442,126.603,305.5,3,1.6,2014-03-15,1341,Terra,MODIS,61,6.2,292.7,21.2,N,0
-18.9443,126.5965,307.3,3,1.6,2014-03-15,1341,Terra,MODIS,68,6.2,292.6,27.3,N,0
-18.9831,126.6639,308.3,2.9,1.6,2014-03-15,1341,Terra,MODIS,72,6.2,293.4,29.8,N,0
-26.7519,152.1951,300,1,1,2014-03-15,1511,Aqua,MODIS,3,6.2,289.7,3.8,N,0
-26.7609,152.1935,314.6,1,1,2014-03-15,1511,Aqua,MODIS,89,6.2,291.3,13.3,N,0
-27.0496,150.0423,312.3,1.1,1,2014-03-15,1511,Aqua,MODIS,85,6.2,292.3,12.4,N,0
-23.9781,151.3758,308.5,1,1,2014-03-15,1511,Aqua,MODIS,75,6.2,290.9,8.6,N,0
-23.9962,151.3868,305.4,1,1,2014-03-15,1511,Aqua,MODIS,64,6.2,291.8,6.7,N,0
-23.9977,151.3969,306.4,1,1,2014-03-15,1511,Aqua,MODIS,68,6.2,291.9,7.2,N,0
-25.727,147.1816,329.4,1.6,1.2,2014-03-15,1511,Aqua,MODIS,100,6.2,292.4,52.7,N,0
-25.7299,147.1972,313.7,1.6,1.2,2014-03-15,1511,Aqua,MODIS,78,6.2,292.5,21.7,N,0
-25.7381,147.1793,315.9,1.6,1.2,2014-03-15,1511,Aqua,MODIS,92,6.2,293.2,25.3,N,0
-25.7409,147.1951,319.3,1.6,1.2,2014-03-15,1511,Aqua,MODIS,98,6.2,293.3,31.2,N,0
-25.7492,147.177,305.5,1.6,1.2,2014-03-15,1511,Aqua,MODIS,45,6.2,293.1,12,N,0
-31.2064,149.7281,304.8,1,1,2014-03-15,1513,Aqua,MODIS,62,6.2,288.9,7.4,N,0
-31.2047,149.7175,300.5,1,1,2014-03-15,1513,Aqua,MODIS,29,6.2,289.5,4.9,N,0
-35.9858,146.3459,302.3,1.2,1.1,2014-03-15,1514,Aqua,MODIS,48,6.2,279.1,9.7,N,0
-32.6649,119.6122,303.7,1.7,1.3,2014-03-15,1515,Terra,MODIS,57,6.2,285.4,15.2,N,0
-32.6615,119.6298,329.2,1.7,1.3,2014-03-15,1515,Terra,MODIS,100,6.2,287.3,63.5,N,0
-33.4579,118.6677,305.9,1.4,1.2,2014-03-15,1515,Terra,MODIS,66,6.2,284.7,16,N,0
-32.6501,119.6266,337.2,1.7,1.3,2014-03-15,1515,Terra,MODIS,100,6.2,287.5,87.4,N,0
-32.6535,119.6089,308.8,1.7,1.3,2014-03-15,1515,Terra,MODIS,76,6.2,285.7,22.4,N,0
-33.3347,120.0574,317.8,1.7,1.3,2014-03-15,1515,Terra,MODIS,96,6.2,284.1,42.1,N,0
-31.4234,117.7346,329.3,1.4,1.2,2014-03-15,1516,Terra,MODIS,100,6.2,289.4,47.4,N,0
-31.4208,117.749,311.9,1.4,1.2,2014-03-15,1516,Terra,MODIS,84,6.2,287.8,20,N,0
-31.413,117.7319,307.9,1.4,1.2,2014-03-15,1516,Terra,MODIS,73,6.2,288.2,16.4,N,0
-31.5162,117.7335,300.7,1.4,1.2,2014-03-15,1516,Terra,MODIS,31,6.2,286.1,9.6,N,0
-30.867,121.4848,312.2,2.4,1.5,2014-03-15,1516,Terra,MODIS,84,6.2,286.7,48.9,N,0
-21.4961,118.3635,323,2.4,1.5,2014-03-15,1518,Terra,MODIS,94,6.2,291.5,70.8,N,0
-21.671,118.2706,310.4,2.3,1.5,2014-03-15,1518,Terra,MODIS,80,6.2,294.5,21.5,N,0
-20.5654,118.8081,310.4,2.7,1.6,2014-03-15,1519,Terra,MODIS,80,6.2,294.4,28.3,N,0
-18.8925,126.6321,337,1.2,1.1,2014-03-15,1648,Aqua,MODIS,100,6.2,297.8,44.1,N,0
-18.8943,126.6429,340.7,1.2,1.1,2014-03-15,1648,Aqua,MODIS,100,6.2,299,51.4,N,0
-18.9361,126.6579,306.6,1.1,1.1,2014-03-15,1648,Aqua,MODIS,68,6.2,295.4,6,N,0
-18.9683,126.778,339.4,1.1,1.1,2014-03-15,1648,Aqua,MODIS,100,6.2,294.6,48.8,N,0
-18.97,126.7887,305.5,1.1,1.1,2014-03-15,1648,Aqua,MODIS,59,6.2,293.7,5.3,N,0
-18.964,126.6905,310.1,1.1,1.1,2014-03-15,1648,Aqua,MODIS,79,6.2,292.5,9.9,N,0
-19.1726,125.4648,338.7,1.3,1.1,2014-03-15,1648,Aqua,MODIS,100,6.2,293.8,58.1,N,0
-19.1705,125.4522,305.6,1.3,1.1,2014-03-15,1648,Aqua,MODIS,17,6.2,292.4,6.7,N,0
-17.1519,126.646,304.1,1.2,1.1,2014-03-15,1648,Aqua,MODIS,59,6.2,291.3,6.1,N,0
-19.1746,125.4771,352.4,1.3,1.1,2014-03-15,1648,Aqua,MODIS,100,6.2,295.8,97.1,N,0
-17.1537,126.6573,310.4,1.2,1.1,2014-03-15,1648,Aqua,MODIS,80,6.2,292.3,11.3,N,0
-30.8604,121.4997,319.5,1.4,1.2,2014-03-15,1652,Aqua,MODIS,99,6.2,287.4,33.5,N,2
-18.2185,143.0653,328.5,1.3,1.1,2014-03-16,0034,Terra,MODIS,77,6.2,310.2,21.9,D,0
-18.8774,144.5024,325.9,1.1,1,2014-03-16,0034,Terra,MODIS,68,6.2,309.1,10.1,D,0
-25.0914,147.9876,321.7,1.3,1.1,2014-03-16,0035,Terra,MODIS,63,6.2,304.3,12,D,0
-25.0929,148.0002,322.1,1.3,1.1,2014-03-16,0035,Terra,MODIS,64,6.2,303.9,12.7,D,0
-23.4536,148.1361,328.1,1.2,1.1,2014-03-16,0035,Terra,MODIS,66,6.2,305.3,14.9,D,0
-23.4547,148.1417,324.8,1.2,1.1,2014-03-16,0035,Terra,MODIS,64,6.2,305.2,10,D,0
-25.731,147.172,345.3,1.2,1.1,2014-03-16,0035,Terra,MODIS,91,6.2,309.3,48,D,0
-25.7436,147.1934,335.2,1.2,1.1,2014-03-16,0035,Terra,MODIS,74,6.2,303.4,26.9,D,0
-23.8293,148.88,340.9,1.4,1.2,2014-03-16,0035,Terra,MODIS,88,6.2,307.7,46.9,D,0
-26.7546,152.1857,325,2.5,1.5,2014-03-16,0036,Terra,MODIS,49,6.2,298.7,52.1,D,0
-26.757,152.2118,340.9,2.5,1.5,2014-03-16,0036,Terra,MODIS,89,6.2,299.9,136.2,D,0
-26.7683,152.1823,324.9,2.5,1.5,2014-03-16,0036,Terra,MODIS,62,6.2,296.2,58.5,D,0
-28.4514,147.8941,323.9,1.4,1.2,2014-03-16,0036,Terra,MODIS,54,6.2,302.7,14.9,D,0
-30.7987,143.4872,315.8,1,1,2014-03-16,0037,Terra,MODIS,35,6.2,296.1,5.9,D,0
-37.7211,144.4934,317,1.2,1.1,2014-03-16,0039,Terra,MODIS,63,6.2,288.5,18.4,D,0
-37.719,144.4859,321.1,1.2,1.1,2014-03-16,0039,Terra,MODIS,64,6.2,290,19.9,D,0
-18.6353,126.3586,326.5,1.6,1.3,2014-03-16,0212,Terra,MODIS,62,6.2,308.4,17.9,D,0
-18.6339,126.3524,328.3,1.6,1.3,2014-03-16,0212,Terra,MODIS,67,6.2,308.7,20.8,D,0
-18.8871,126.6594,364,1.7,1.3,2014-03-16,0212,Terra,MODIS,100,6.2,307.5,179.2,D,0
-18.8968,126.6416,325.4,1.7,1.3,2014-03-16,0212,Terra,MODIS,47,6.2,308.2,15.6,D,0
-18.8852,126.6431,362.5,1.7,1.3,2014-03-16,0212,Terra,MODIS,100,6.2,309,168.5,D,0
-17.9638,125.3121,329,1.4,1.2,2014-03-16,0212,Terra,MODIS,52,6.2,306,14.8,D,0
-17.9655,125.3248,330.1,1.4,1.2,2014-03-16,0212,Terra,MODIS,61,6.2,306.4,20,D,0
-17.9501,125.2881,334.8,1.3,1.1,2014-03-16,0212,Terra,MODIS,81,6.2,306.4,29.3,D,0
-18.9647,126.6437,327,1.7,1.3,2014-03-16,0212,Terra,MODIS,45,6.2,310,16.1,D,0
-18.9666,126.6599,352.7,1.7,1.3,2014-03-16,0212,Terra,MODIS,95,6.2,311.1,113.4,D,0
-18.9782,126.6584,326.7,1.7,1.3,2014-03-16,0212,Terra,MODIS,37,6.2,310.1,18.4,D,0
-18.8523,125.3536,330.8,1.4,1.2,2014-03-16,0212,Terra,MODIS,47,6.2,309.3,19.3,D,0
-17.908,125.3713,326,1.4,1.2,2014-03-16,0212,Terra,MODIS,62,6.2,306.4,13.8,D,0
-17.9277,125.2782,361.4,1.3,1.1,2014-03-16,0212,Terra,MODIS,100,6.2,305.9,114.9,D,0
-17.9157,125.267,336.3,1.3,1.1,2014-03-16,0212,Terra,MODIS,83,6.2,305.5,34.3,D,0
-17.9141,125.2544,331.5,1.3,1.1,2014-03-16,0212,Terra,MODIS,77,6.2,305.7,23.8,D,0
-17.9096,125.3842,328.5,1.4,1.2,2014-03-16,0212,Terra,MODIS,72,6.2,305.5,19.1,D,0
-17.9338,125.4071,325.4,1.4,1.2,2014-03-16,0212,Terra,MODIS,65,6.2,304.9,14.6,D,0
-17.9426,125.6461,354.9,1.4,1.2,2014-03-16,0212,Terra,MODIS,97,6.2,306.6,94.1,D,0
-18.3302,125.7347,331.8,1.5,1.2,2014-03-16,0212,Terra,MODIS,75,6.2,309.9,23.6,D,0
-17.8887,125.2196,327.3,1.3,1.1,2014-03-16,0212,Terra,MODIS,69,6.2,305.4,16,D,0
-17.8768,125.2085,342.9,1.3,1.1,2014-03-16,0212,Terra,MODIS,89,6.2,306,50.7,D,0
-17.92,125.3827,331.6,1.4,1.2,2014-03-16,0212,Terra,MODIS,77,6.2,305.9,25.3,D,0
-17.9387,125.4458,335.3,1.4,1.2,2014-03-16,0212,Terra,MODIS,81,6.2,306.3,34.6,D,0
-17.9397,125.2895,325.6,1.3,1.1,2014-03-16,0212,Terra,MODIS,15,6.2,305.9,12.1,D,0
-17.9414,125.3022,337.4,1.3,1.2,2014-03-16,0212,Terra,MODIS,84,6.2,305.4,36.3,D,0
-17.8783,125.2209,351.1,1.3,1.1,2014-03-16,0212,Terra,MODIS,95,6.2,305.5,76.5,D,0
-17.932,125.6476,326.2,1.4,1.2,2014-03-16,0212,Terra,MODIS,40,6.2,306.3,11.5,D,0
-17.8799,125.2334,323.8,1.3,1.1,2014-03-16,0212,Terra,MODIS,59,6.2,304.4,10.3,D,0
-17.9115,125.5693,352,1.4,1.2,2014-03-16,0212,Terra,MODIS,95,6.2,302.2,79.2,D,0
-17.9542,125.4835,326.6,1.4,1.2,2014-03-16,0212,Terra,MODIS,68,6.2,304.2,17.9,D,0
-17.9525,125.4705,362.2,1.4,1.2,2014-03-16,0212,Terra,MODIS,100,6.2,306.7,125.9,D,0
-17.9509,125.4574,380.1,1.4,1.2,2014-03-16,0212,Terra,MODIS,100,6.2,307.8,223.5,D,0
-17.9492,125.4444,362.7,1.4,1.2,2014-03-16,0212,Terra,MODIS,100,6.2,307.9,126.6,D,0
-17.9437,125.4848,328.6,1.4,1.2,2014-03-16,0212,Terra,MODIS,72,6.2,299.7,21.7,D,0
-17.4278,126.4706,321.7,1.6,1.2,2014-03-16,0212,Terra,MODIS,60,6.2,305.1,13,D,0
-17.9247,125.6758,331.8,1.4,1.2,2014-03-16,0212,Terra,MODIS,77,6.2,304.1,26.5,D,0
-17.9221,125.5678,344.3,1.4,1.2,2014-03-16,0212,Terra,MODIS,90,6.2,306.3,55.1,D,0
-17.9204,125.5546,385,1.4,1.2,2014-03-16,0212,Terra,MODIS,100,6.2,308.8,260.1,D,0
-17.9264,125.6893,322.1,1.4,1.2,2014-03-16,0212,Terra,MODIS,37,6.2,303.6,8.8,D,0
-17.9337,125.661,336.2,1.4,1.2,2014-03-16,0212,Terra,MODIS,82,6.2,304.5,34.4,D,0
-17.9354,125.6744,340.8,1.4,1.2,2014-03-16,0212,Terra,MODIS,87,6.2,302.5,47.2,D,0
-17.9443,125.6595,349.4,1.4,1.2,2014-03-16,0212,Terra,MODIS,93,6.2,304.7,73.8,D,0
-17.946,125.6729,350.6,1.4,1.2,2014-03-16,0212,Terra,MODIS,94,6.2,304,79,D,0
-17.9566,125.6714,328.9,1.4,1.2,2014-03-16,0212,Terra,MODIS,72,6.2,305.2,21.5,D,0
-17.96,125.6983,326.8,1.4,1.2,2014-03-16,0212,Terra,MODIS,68,6.2,306,17.9,D,0
-17.9707,125.6968,337.5,1.4,1.2,2014-03-16,0212,Terra,MODIS,84,6.2,305.3,40.5,D,0
-17.9724,125.7103,344.1,1.4,1.2,2014-03-16,0212,Terra,MODIS,90,6.2,304.5,60,D,0
-17.9813,125.6954,328.5,1.4,1.2,2014-03-16,0212,Terra,MODIS,32,6.2,304.2,18.8,D,0
-17.983,125.7089,341.2,1.4,1.2,2014-03-16,0212,Terra,MODIS,87,6.2,303.5,51.6,D,0
-17.9902,125.6805,369.2,1.4,1.2,2014-03-16,0212,Terra,MODIS,100,6.2,307.3,166.7,D,0
-17.992,125.694,379.4,1.4,1.2,2014-03-16,0212,Terra,MODIS,100,6.2,304.3,230,D,0
-17.9937,125.7075,323.4,1.4,1.2,2014-03-16,0212,Terra,MODIS,50,6.2,298.1,11.6,D,0
-17.9992,125.6656,322.6,1.4,1.2,2014-03-16,0212,Terra,MODIS,26,6.2,304.9,11.3,D,0
-18.0009,125.6791,357.2,1.4,1.2,2014-03-16,0212,Terra,MODIS,98,6.2,305.6,108.7,D,0
-18.0026,125.6926,334.6,1.4,1.2,2014-03-16,0212,Terra,MODIS,81,6.2,304.3,33,D,0
-17.9188,125.5414,334.8,1.4,1.2,2014-03-16,0212,Terra,MODIS,81,6.2,305.4,33.7,D,0
-17.9099,125.556,421.5,1.4,1.2,2014-03-16,0212,Terra,MODIS,100,6.2,313.5,639.9,D,0
-17.9082,125.5428,372.9,1.4,1.2,2014-03-16,0212,Terra,MODIS,100,6.2,308.3,180.2,D,0
-17.8993,125.5575,387.7,1.4,1.2,2014-03-16,0212,Terra,MODIS,100,6.2,309.4,277.8,D,0
-17.8977,125.5443,373.7,1.4,1.2,2014-03-16,0212,Terra,MODIS,100,6.2,310,184.2,D,0
-17.905,125.5627,372,1.4,1.2,2014-03-16,0212,Terra,MODIS,100,6.2,304.9,172.4,D,0
-17.9033,125.5495,431.2,1.4,1.2,2014-03-16,0212,Terra,MODIS,100,6.2,314.4,783.4,D,0
-18.0048,125.6722,333.3,1.4,1.2,2014-03-16,0212,Terra,MODIS,74,6.2,305.4,30.6,D,0
-18.0064,125.6857,329.1,1.4,1.2,2014-03-16,0212,Terra,MODIS,51,6.2,305.4,20.7,D,0
-17.942,125.4718,337.1,1.4,1.2,2014-03-16,0212,Terra,MODIS,83,6.2,300.5,40.4,D,0
-17.9404,125.4588,341.5,1.4,1.2,2014-03-16,0212,Terra,MODIS,88,6.2,305.2,50.7,D,0
-17.9316,125.4732,328.2,1.4,1.2,2014-03-16,0212,Terra,MODIS,71,6.2,303.2,22.5,D,0
-19.1558,125.4982,326.5,1.4,1.2,2014-03-16,0212,Terra,MODIS,14,6.2,306,12.4,D,0
-18.4725,125.8788,327.8,1.5,1.2,2014-03-16,0212,Terra,MODIS,65,6.2,308.6,15.9,D,0
-18.4743,125.8927,339.7,1.5,1.2,2014-03-16,0212,Terra,MODIS,85,6.2,308,47.8,D,0
-19.1523,125.4709,345.5,1.4,1.2,2014-03-16,0212,Terra,MODIS,89,6.2,308.1,55.9,D,0
-19.154,125.4845,339.6,1.4,1.2,2014-03-16,0212,Terra,MODIS,82,6.2,307.5,41.2,D,0
-17.1546,126.6616,322,1.6,1.3,2014-03-16,0212,Terra,MODIS,60,6.2,305.2,13.3,D,0
-18.0827,125.6891,333.3,1.4,1.2,2014-03-16,0212,Terra,MODIS,79,6.2,303.6,33,D,0
-18.081,125.6757,342.8,1.4,1.2,2014-03-16,0212,Terra,MODIS,88,6.2,305.9,54.9,D,0
-18.0721,125.6906,345.7,1.4,1.2,2014-03-16,0212,Terra,MODIS,91,6.2,305,67.4,D,0
-18.0704,125.6771,345.9,1.4,1.2,2014-03-16,0212,Terra,MODIS,91,6.2,306.8,65.7,D,0
-18.0614,125.6921,349.2,1.4,1.2,2014-03-16,0212,Terra,MODIS,93,6.2,306.3,79.4,D,0
-18.0597,125.6786,354,1.4,1.2,2014-03-16,0212,Terra,MODIS,96,6.2,307.2,95.4,D,0
-18.049,125.68,352.7,1.4,1.2,2014-03-16,0212,Terra,MODIS,95,6.2,306.9,91.3,D,0
-18.0384,125.6814,334.2,1.4,1.2,2014-03-16,0212,Terra,MODIS,80,6.2,307,33.3,D,0
-17.4541,126.4015,326.8,1.6,1.2,2014-03-16,0212,Terra,MODIS,56,6.2,306.8,18.4,D,0
-17.4539,126.4073,327,1.6,1.2,2014-03-16,0212,Terra,MODIS,70,6.2,307.5,21.4,D,0
-17.4836,126.4581,324.9,1.6,1.2,2014-03-16,0212,Terra,MODIS,41,6.2,304.8,16.2,D,0
-17.9741,125.7239,333.6,1.4,1.2,2014-03-16,0212,Terra,MODIS,79,6.2,304.3,32.1,D,0
-17.9758,125.7375,330.6,1.4,1.2,2014-03-16,0212,Terra,MODIS,75,6.2,304.3,26.1,D,0
-19.1652,125.4496,349.3,1.4,1.2,2014-03-16,0213,Terra,MODIS,92,6.2,311.2,66.5,D,0
-19.1647,125.4832,333.9,1.4,1.2,2014-03-16,0213,Terra,MODIS,67,6.2,308.7,26.6,D,0
-19.163,125.4695,349.7,1.4,1.2,2014-03-16,0213,Terra,MODIS,92,6.2,310,70.2,D,0
-19.1612,125.4559,362.9,1.4,1.2,2014-03-16,0213,Terra,MODIS,100,6.2,310.5,123.3,D,0
-19.1596,125.4428,334.4,1.4,1.2,2014-03-16,0213,Terra,MODIS,74,6.2,310.5,22.1,D,0
-19.1702,125.4906,327.8,1.4,1.2,2014-03-16,0213,Terra,MODIS,36,6.2,307.8,15.4,D,0
-19.1668,125.4631,335.2,1.4,1.2,2014-03-16,0213,Terra,MODIS,76,6.2,310.9,25,D,0
-19.2275,125.4278,330,1.4,1.2,2014-03-16,0213,Terra,MODIS,62,6.2,310.9,14.8,D,0
-21.351,123.3694,341.7,1.2,1.1,2014-03-16,0213,Terra,MODIS,83,6.2,313.7,28.6,D,0
-21.5606,119.177,339.1,1.1,1,2014-03-16,0213,Terra,MODIS,83,6.2,309.3,27.2,D,0
-21.5698,119.1753,332.1,1.1,1,2014-03-16,0213,Terra,MODIS,72,6.2,308.9,14.9,D,0
-21.5714,119.1855,335.9,1.1,1,2014-03-16,0213,Terra,MODIS,79,6.2,310.1,19.8,D,0
-21.573,119.1957,336.5,1.1,1,2014-03-16,0213,Terra,MODIS,80,6.2,310.3,20,D,0
-20.5698,118.8057,331,1.1,1.1,2014-03-16,0213,Terra,MODIS,57,6.2,307.9,12.1,D,0
-21.6633,118.2712,328.3,1.1,1.1,2014-03-16,0213,Terra,MODIS,63,6.2,306.6,11.4,D,0
-21.6729,118.2696,326.3,1.1,1.1,2014-03-16,0213,Terra,MODIS,54,6.2,306.7,8.2,D,0
-19.1939,125.1626,330.5,1.4,1.2,2014-03-16,0213,Terra,MODIS,64,6.2,311.9,12.7,D,0
-22.323,117.4868,343,1.2,1.1,2014-03-16,0214,Terra,MODIS,88,6.2,311.4,35.5,D,0
-24.9533,122.346,330.3,1.1,1.1,2014-03-16,0214,Terra,MODIS,71,6.2,304.1,21.1,D,0
-24.9614,122.3334,326.8,1.1,1.1,2014-03-16,0214,Terra,MODIS,60,6.2,304,13.7,D,0
-24.9629,122.3445,341.3,1.1,1.1,2014-03-16,0214,Terra,MODIS,88,6.2,305,39.3,D,0
-31.194,117.57,326.6,1,1,2014-03-16,0216,Terra,MODIS,69,6.2,308.6,9.5,D,0
-29.8974,116.6162,333.6,1.1,1,2014-03-16,0216,Terra,MODIS,81,6.2,310.5,22.8,D,0
-29.8992,116.6275,329.9,1.1,1,2014-03-16,0216,Terra,MODIS,77,6.2,310.4,17.1,D,0
-29.9067,116.6142,327,1.1,1,2014-03-16,0216,Terra,MODIS,73,6.2,309.6,13.1,D,0
-29.9086,116.6254,330.2,1.1,1,2014-03-16,0216,Terra,MODIS,78,6.2,309.9,17.5,D,0
-31.203,117.5681,334.4,1,1,2014-03-16,0216,Terra,MODIS,81,6.2,310,19.4,D,0
-31.0676,117.5909,325.1,1,1,2014-03-16,0216,Terra,MODIS,65,6.2,309.2,8.6,D,0
-30.7279,152.3499,317.9,2.1,1.4,2014-03-16,0317,Aqua,MODIS,60,6.2,298.2,24.4,D,0
-30.73,152.3264,317.7,2.1,1.4,2014-03-16,0317,Aqua,MODIS,53,6.2,300.1,24.7,D,0
-26.7731,152.1964,353.2,1.9,1.4,2014-03-16,0318,Aqua,MODIS,96,6.2,306,147.2,D,0
-26.759,152.2128,330.4,1.9,1.4,2014-03-16,0318,Aqua,MODIS,65,6.2,306.9,33.8,D,0
-26.7609,152.194,335.1,1.9,1.4,2014-03-16,0318,Aqua,MODIS,68,6.2,307.5,54.5,D,0
-26.7487,152.1917,329.5,1.9,1.4,2014-03-16,0318,Aqua,MODIS,71,6.2,308,34.6,D,0
-27.7074,153.0543,327.8,1.7,1.3,2014-03-16,0318,Aqua,MODIS,74,6.2,303.3,27.4,D,0
-29.9639,153.0447,321.7,1.9,1.3,2014-03-16,0318,Aqua,MODIS,74,6.2,301.6,25.3,D,0
-29.9658,153.0251,321.6,1.9,1.3,2014-03-16,0318,Aqua,MODIS,74,6.2,302.6,24.7,D,0
-27.7055,153.0718,322.8,1.7,1.3,2014-03-16,0318,Aqua,MODIS,50,6.2,303.2,14.7,D,0
-24.3718,151.9633,321.2,1.9,1.3,2014-03-16,0319,Aqua,MODIS,36,6.2,298.7,27.7,D,0
-24.3759,151.9687,320.6,1.9,1.3,2014-03-16,0319,Aqua,MODIS,27,6.2,298.5,23.8,D,0
-24.0186,151.3929,323,2,1.4,2014-03-16,0319,Aqua,MODIS,35,6.2,299.5,29.7,D,0
-23.983,151.3684,324,2,1.4,2014-03-16,0319,Aqua,MODIS,43,6.2,300,33.8,D,0
-24.0061,151.3914,347.3,2,1.4,2014-03-16,0319,Aqua,MODIS,87,6.2,301.5,128.1,D,0
-26.218,151.404,325.1,2.2,1.4,2014-03-16,0319,Aqua,MODIS,66,6.2,303.9,29.5,D,0
-25.7465,147.178,326.4,4.3,1.9,2014-03-16,0319,Aqua,MODIS,69,6.2,299.3,112.6,D,0
-25.7451,147.1736,325.6,4.3,1.9,2014-03-16,0319,Aqua,MODIS,68,6.2,299.5,102.1,D,0
-18.901,126.6582,348.5,1.7,1.3,2014-03-16,0459,Aqua,MODIS,91,6.2,310.2,87.1,D,0
-18.9029,126.642,340.4,1.7,1.3,2014-03-16,0459,Aqua,MODIS,82,6.2,309.8,53.3,D,0
-18.8894,126.6566,343.3,1.7,1.3,2014-03-16,0459,Aqua,MODIS,85,6.2,311.1,64.7,D,0
-18.8913,126.6404,334.1,1.7,1.3,2014-03-16,0459,Aqua,MODIS,44,6.2,311,31.7,D,0
-18.8778,126.6551,330.9,1.7,1.3,2014-03-16,0459,Aqua,MODIS,39,6.2,312.3,23.8,D,0
-19.1664,125.4513,333.7,2.1,1.4,2014-03-16,0459,Aqua,MODIS,63,6.2,311.2,26.7,D,0
-19.1514,125.4701,334.9,2.1,1.4,2014-03-16,0459,Aqua,MODIS,68,6.2,309.8,35,D,0
-19.1492,125.4899,334.6,2.1,1.4,2014-03-16,0459,Aqua,MODIS,70,6.2,310.5,36.9,D,0
-17.4648,126.7592,333.1,1.6,1.2,2014-03-16,0500,Aqua,MODIS,67,6.2,310.3,27.5,D,0
-17.9358,125.6525,336,2,1.4,2014-03-16,0500,Aqua,MODIS,81,6.2,303.5,57.6,D,0
-18.7802,125.5404,346.3,2.1,1.4,2014-03-16,0500,Aqua,MODIS,90,6.2,313,93.6,D,0
-17.1468,126.6546,325.9,1.6,1.3,2014-03-16,0500,Aqua,MODIS,53,6.2,305.7,13.2,D,0
-17.9337,125.6709,335,2,1.4,2014-03-16,0500,Aqua,MODIS,80,6.2,304.4,52.1,D,0
-17.9316,125.6894,325.1,2,1.4,2014-03-16,0500,Aqua,MODIS,48,6.2,303.8,17.9,D,0
-18.0624,125.6749,329.9,2,1.4,2014-03-16,0500,Aqua,MODIS,26,6.2,306.1,27.1,D,0
-18.0871,125.678,332.7,2,1.4,2014-03-16,0500,Aqua,MODIS,70,6.2,305.3,40.6,D,0
-18.0849,125.6965,333.5,2,1.4,2014-03-16,0500,Aqua,MODIS,72,6.2,303.9,46.2,D,0
-18.0666,125.6618,327.6,2,1.4,2014-03-16,0500,Aqua,MODIS,18,6.2,305.3,19.2,D,0
-18.0769,125.682,326.6,2,1.4,2014-03-16,0500,Aqua,MODIS,24,6.2,305.9,21.7,D,0
-18.0748,125.7005,334.1,2,1.4,2014-03-16,0500,Aqua,MODIS,77,6.2,304.4,49.7,D,0
-18.0892,125.6836,343.5,2,1.4,2014-03-16,0500,Aqua,MODIS,88,6.2,304.9,89.2,D,0
-18.0028,125.4174,325.5,2.1,1.4,2014-03-16,0500,Aqua,MODIS,51,6.2,301.2,29.7,D,0
-17.9963,125.5651,345.5,2,1.4,2014-03-16,0500,Aqua,MODIS,90,6.2,300.8,109.6,D,0
-18.0142,125.4118,329.7,2.1,1.4,2014-03-16,0500,Aqua,MODIS,71,6.2,302.1,43.6,D,0
-17.4523,126.404,328.7,1.7,1.3,2014-03-16,0500,Aqua,MODIS,21,6.2,308.7,24.2,D,0
-17.4485,126.4084,327.6,1.7,1.3,2014-03-16,0500,Aqua,MODIS,43,6.2,307.6,20.8,D,0
-17.9944,125.7227,333.7,2,1.4,2014-03-16,0500,Aqua,MODIS,69,6.2,301.9,51.4,D,0
-16.9234,126.2523,324.4,1.7,1.3,2014-03-16,0500,Aqua,MODIS,54,6.2,306.4,15.9,D,0
-17.8946,125.5716,347.9,2,1.4,2014-03-16,0500,Aqua,MODIS,92,6.2,301.9,124.4,D,0
-17.893,125.5664,340,2,1.4,2014-03-16,0500,Aqua,MODIS,86,6.2,302,84.1,D,0
-17.5241,126.0648,324.2,1.8,1.3,2014-03-16,0500,Aqua,MODIS,58,6.2,306.6,13.9,D,0
-18.0615,125.4635,333.4,2,1.4,2014-03-16,0500,Aqua,MODIS,47,6.2,305.4,45.9,D,0
-18.0193,125.6127,333,2,1.4,2014-03-16,0500,Aqua,MODIS,72,6.2,304.5,46.5,D,0
-17.9468,125.4433,323.4,2,1.4,2014-03-16,0500,Aqua,MODIS,16,6.2,303.2,23.5,D,0
-18.882,126.6507,331.6,1.7,1.3,2014-03-16,0500,Aqua,MODIS,48,6.2,312.7,22.4,D,0
-17.945,125.3446,329.9,2.1,1.4,2014-03-16,0500,Aqua,MODIS,31,6.2,297.3,45,D,0
-18.0554,125.4038,331.5,2.1,1.4,2014-03-16,0500,Aqua,MODIS,63,6.2,303.5,40.5,D,0
-18.492,125.9324,337,1.9,1.4,2014-03-16,0500,Aqua,MODIS,75,6.2,312,44.4,D,0
-17.1355,126.6528,329.4,1.6,1.3,2014-03-16,0500,Aqua,MODIS,72,6.2,307,21.8,D,0
-17.1345,126.6613,327.4,1.6,1.3,2014-03-16,0500,Aqua,MODIS,63,6.2,307.3,17.1,D,0
-18.0472,125.3633,325.9,2.1,1.4,2014-03-16,0500,Aqua,MODIS,27,6.2,305.2,23.9,D,0
-18.0576,125.3843,328.8,2.1,1.4,2014-03-16,0500,Aqua,MODIS,49,6.2,300.2,29.5,D,0
-18.0703,125.3859,339.6,2.1,1.4,2014-03-16,0500,Aqua,MODIS,85,6.2,307.1,73.7,D,0
-17.8908,125.585,328.1,2,1.4,2014-03-16,0500,Aqua,MODIS,65,6.2,301.7,35.4,D,0
-17.994,125.584,333,2,1.4,2014-03-16,0500,Aqua,MODIS,75,6.2,301.4,52.2,D,0
-33.2885,117.6856,328.5,1.9,1.4,2014-03-16,0634,Aqua,MODIS,76,6.2,303.5,33.2,D,0
-33.2902,117.6914,332.2,1.9,1.4,2014-03-16,0634,Aqua,MODIS,81,6.2,303.8,46.4,D,0
-33.3022,117.695,329,1.9,1.4,2014-03-16,0634,Aqua,MODIS,73,6.2,306.5,36.6,D,0
-32.9529,119.4734,323.8,2.5,1.5,2014-03-16,0634,Aqua,MODIS,54,6.2,305.4,32.8,D,0
-33.2943,117.6712,328.4,1.9,1.4,2014-03-16,0634,Aqua,MODIS,77,6.2,304.7,33,D,0
-33.3005,117.6893,331.6,1.9,1.4,2014-03-16,0634,Aqua,MODIS,80,6.2,306.9,44,D,0
-21.5278,117.766,329.5,3.6,1.8,2014-03-16,0637,Aqua,MODIS,63,6.2,302.8,74.8,D,0
-21.5068,118.3814,342.8,4,1.9,2014-03-16,0637,Aqua,MODIS,87,6.2,301,246.3,D,0
-34.4576,150.8844,308.7,1.1,1,2014-03-16,1241,Terra,MODIS,75,6.2,290,11.4,N,2
-24.3702,151.9649,308.1,1.1,1,2014-03-16,1243,Terra,MODIS,53,6.2,292.9,7.7,N,0
-24.3794,151.9667,309.1,1.1,1,2014-03-16,1243,Terra,MODIS,76,6.2,293.6,8.5,N,0
-26.7995,150.2012,308.4,1,1,2014-03-16,1243,Terra,MODIS,74,6.2,292.3,7.9,N,2
-25.7413,147.1929,310,1.3,1.1,2014-03-16,1243,Terra,MODIS,42,6.2,295.5,10.4,N,0
-25.7313,147.1912,323.1,1.3,1.1,2014-03-16,1243,Terra,MODIS,100,6.2,294.9,26.4,N,0
-23.4535,148.4148,314,1.1,1,2014-03-16,1244,Terra,MODIS,87,6.2,296.4,10.8,N,0
-22.7029,150.5627,304.3,1,1,2014-03-16,1244,Terra,MODIS,60,6.2,292.9,5.3,N,0
-24.0144,151.4019,331.1,1,1,2014-03-16,1244,Terra,MODIS,100,6.2,294.8,30.6,N,0
-24.0159,151.3918,313.3,1,1,2014-03-16,1244,Terra,MODIS,83,6.2,293.7,10.5,N,0
-24.0068,151.3901,315.2,1,1,2014-03-16,1244,Terra,MODIS,91,6.2,293.8,11.9,N,0
-24.0128,151.4121,306.6,1,1,2014-03-16,1244,Terra,MODIS,66,6.2,293.9,6.2,N,0
-24.0052,151.4003,310.7,1,1,2014-03-16,1244,Terra,MODIS,81,6.2,293.8,8.3,N,0
-23.9809,151.3749,306.4,1,1,2014-03-16,1244,Terra,MODIS,68,6.2,293.2,6.2,N,0
-23.1339,149.8761,322.2,1,1,2014-03-16,1244,Terra,MODIS,100,6.2,293.5,19.2,N,0
-23.1325,149.8858,326,1,1,2014-03-16,1244,Terra,MODIS,100,6.2,293.8,23.4,N,0
-21.4781,145.1211,307.2,1.5,1.2,2014-03-16,1244,Terra,MODIS,71,6.2,296.3,9,N,0
-21.2825,144.4601,309.7,1.6,1.3,2014-03-16,1244,Terra,MODIS,78,6.2,296.4,14.5,N,0
-21.2843,144.4443,305.7,1.6,1.3,2014-03-16,1244,Terra,MODIS,65,6.2,295.6,9.7,N,0
-21.4822,145.1134,307.4,1.5,1.2,2014-03-16,1244,Terra,MODIS,71,6.2,296.3,9.3,N,0
-22.2489,148.9831,312.3,1,1,2014-03-16,1244,Terra,MODIS,85,6.2,294.5,10.3,N,0
-22.2475,148.9929,314.5,1,1,2014-03-16,1244,Terra,MODIS,89,6.2,294.1,12.2,N,0
-20.9834,144.0865,305.4,1.7,1.3,2014-03-16,1245,Terra,MODIS,52,6.2,294.2,9.2,N,0
-20.9351,144.125,311.2,1.7,1.3,2014-03-16,1245,Terra,MODIS,82,6.2,295.4,17.3,N,0
-21.2843,144.4545,313.8,1.6,1.3,2014-03-16,1245,Terra,MODIS,88,6.2,296.3,20.5,N,0
-20.945,144.1151,306.7,1.7,1.3,2014-03-16,1245,Terra,MODIS,29,6.2,294.7,9.9,N,0
-33.4406,118.0339,309.2,3,1.7,2014-03-16,1420,Terra,MODIS,77,6.2,287.9,50.3,N,0
-33.4385,118.0391,306.2,3,1.7,2014-03-16,1420,Terra,MODIS,67,6.2,287.7,42.7,N,0
-33.4429,118.0007,306.5,3.1,1.7,2014-03-16,1420,Terra,MODIS,68,6.2,287.6,41.4,N,0
-33.4406,118.0059,313.7,3.1,1.7,2014-03-16,1420,Terra,MODIS,88,6.2,287.8,70.3,N,0
-21.9284,116.5791,305.2,2.8,1.6,2014-03-16,1423,Terra,MODIS,48,6.2,293.7,17,N,0
-21.9139,116.5771,305.5,2.8,1.6,2014-03-16,1423,Terra,MODIS,48,6.2,294.1,17.9,N,0
-22.7539,115.1628,309,3.7,1.8,2014-03-16,1423,Terra,MODIS,70,6.2,293.7,37.9,N,0
-22.7567,115.1267,326.1,3.7,1.8,2014-03-16,1423,Terra,MODIS,100,6.2,294.4,139.2,N,0
-22.7631,115.1571,306.7,3.7,1.8,2014-03-16,1423,Terra,MODIS,50,6.2,293.1,29.2,N,0
-22.7662,115.1209,311.4,3.7,1.8,2014-03-16,1423,Terra,MODIS,83,6.2,294.1,49.6,N,0
-22.7468,115.1555,309.5,3.7,1.8,2014-03-16,1423,Terra,MODIS,77,6.2,293.9,40.8,N,0
-22.7499,115.1193,313.3,3.7,1.8,2014-03-16,1423,Terra,MODIS,87,6.2,294.3,58.8,N,0
-21.4713,117.7513,310.2,2.3,1.5,2014-03-16,1423,Terra,MODIS,44,6.2,290.5,30.3,N,0
-21.4111,117.0959,304,2.5,1.5,2014-03-16,1423,Terra,MODIS,39,6.2,289.6,16.8,N,0
-20.5825,118.5691,308.2,1.9,1.4,2014-03-16,1424,Terra,MODIS,64,6.2,293.5,14.9,N,0
-20.6276,118.4991,339.7,2,1.4,2014-03-16,1424,Terra,MODIS,100,6.2,295.2,108.4,N,0
-20.6297,118.4802,317.4,2,1.4,2014-03-16,1424,Terra,MODIS,45,6.2,288.4,36.5,N,0
-20.6173,118.4787,339,2,1.4,2014-03-16,1424,Terra,MODIS,100,6.2,291.8,106.8,N,0
-18.6538,126.3903,316.2,1.1,1.1,2014-03-16,1424,Terra,MODIS,93,6.2,297.4,13,N,0
-20.5002,119.8163,316.3,1.6,1.2,2014-03-16,1424,Terra,MODIS,83,6.2,294.2,25.6,N,0
-20.4986,119.8251,308.4,1.6,1.2,2014-03-16,1424,Terra,MODIS,24,6.2,293.8,16.5,N,0
-20.5004,119.81,320.2,1.6,1.2,2014-03-16,1424,Terra,MODIS,100,6.2,293.4,33.8,N,0
-20.4874,119.8236,311.3,1.6,1.2,2014-03-16,1424,Terra,MODIS,39,6.2,288.9,20.5,N,0
-20.4892,119.8085,312.2,1.6,1.2,2014-03-16,1424,Terra,MODIS,40,6.2,283.8,20.6,N,0
-18.9093,126.6516,307.1,1.1,1.1,2014-03-16,1424,Terra,MODIS,65,6.2,296.8,5.3,N,0
-17.5264,126.0617,309.9,1.1,1.1,2014-03-16,1424,Terra,MODIS,74,6.2,297.6,6.7,N,0
-18.0515,125.6985,305.1,1.1,1,2014-03-16,1424,Terra,MODIS,33,6.2,289.8,4.3,N,0
-17.9753,125.4042,327.1,1,1,2014-03-16,1424,Terra,MODIS,100,6.2,283.7,25.5,N,0
-17.5733,126.2917,303,1.1,1.1,2014-03-16,1424,Terra,MODIS,19,6.2,288.9,3.1,N,0
-18.0739,125.7189,312.6,1.1,1,2014-03-16,1424,Terra,MODIS,82,6.2,292.8,8.2,N,0
-17.9845,125.4057,309.7,1,1,2014-03-16,1424,Terra,MODIS,75,6.2,282.7,8.5,N,0
-20.559,118.5229,330.7,1.9,1.4,2014-03-16,1424,Terra,MODIS,100,6.2,292.1,75.5,N,0
-20.3861,120.21,313.1,1.5,1.2,2014-03-16,1424,Terra,MODIS,83,6.2,291,14.5,N,0
-20.5722,118.549,323.9,1.9,1.4,2014-03-16,1424,Terra,MODIS,100,6.2,295.7,47.7,N,0
-20.5742,118.5304,329,1.9,1.4,2014-03-16,1424,Terra,MODIS,100,6.2,295.2,65,N,0
-20.56,118.5475,324.8,1.9,1.4,2014-03-16,1424,Terra,MODIS,100,6.2,295.5,51.3,N,0
-20.5569,118.5415,326.6,1.9,1.4,2014-03-16,1424,Terra,MODIS,100,6.2,295.1,60.7,N,0
-20.5713,118.5244,331.3,1.9,1.4,2014-03-16,1424,Terra,MODIS,96,6.2,294.6,74.6,N,0
-20.5692,118.543,347.6,1.9,1.4,2014-03-16,1424,Terra,MODIS,100,6.2,296.8,143.2,N,0
-20.3845,120.2241,310.3,1.5,1.2,2014-03-16,1424,Terra,MODIS,47,6.2,289.9,11.7,N,0
-20.3828,120.2381,328.5,1.5,1.2,2014-03-16,1424,Terra,MODIS,100,6.2,292.6,43.8,N,0
-20.3969,120.2115,324.2,1.5,1.2,2014-03-16,1424,Terra,MODIS,100,6.2,294.8,32.5,N,0
-20.5619,118.5288,362.8,1.9,1.4,2014-03-16,1424,Terra,MODIS,100,6.2,295.6,242.7,N,0
-18.3304,125.7439,306.4,1.1,1,2014-03-16,1424,Terra,MODIS,53,6.2,295.1,3.9,N,0
-20.9838,144.0906,306.4,1.1,1,2014-03-16,1553,Aqua,MODIS,68,6.2,295.5,5.6,N,0
-20.9324,144.1296,307.9,1.1,1,2014-03-16,1553,Aqua,MODIS,73,6.2,294.9,7.3,N,0
-21.2816,144.4599,308,1.1,1,2014-03-16,1553,Aqua,MODIS,73,6.2,296.5,7.1,N,0
-25.7321,147.1974,303.1,1.8,1.3,2014-03-16,1554,Aqua,MODIS,17,6.2,292.5,9.8,N,0
-17.9904,125.6489,322.8,2.4,1.5,2014-03-16,1731,Aqua,MODIS,100,6.2,295.8,62,N,0
-18.0039,125.6475,310.8,2.4,1.5,2014-03-16,1731,Aqua,MODIS,81,6.2,295.8,23.7,N,0
-21.9251,116.5866,312.5,1,1,2014-03-16,1732,Aqua,MODIS,79,6.2,295,8.6,N,0
-22.7117,117.7203,306.1,1,1,2014-03-16,1732,Aqua,MODIS,67,6.2,293.5,6,N,0
-21.9144,116.5783,313.5,1,1,2014-03-16,1732,Aqua,MODIS,87,6.2,295.4,9.8,N,0
-21.9235,116.5768,315.7,1,1,2014-03-16,1732,Aqua,MODIS,92,6.2,293.7,11.8,N,0
-21.4655,117.7508,311.9,1,1,2014-03-16,1732,Aqua,MODIS,84,6.2,296.8,7.5,N,0
-21.4592,117.0942,316.1,1,1,2014-03-16,1732,Aqua,MODIS,92,6.2,296.5,11.3,N,0
-21.4606,117.1039,325.3,1,1,2014-03-16,1732,Aqua,MODIS,100,6.2,297.2,20.2,N,0
-21.4621,117.1136,316,1,1,2014-03-16,1732,Aqua,MODIS,92,6.2,297.2,10.9,N,0
-21.4682,117.0927,311.1,1,1,2014-03-16,1732,Aqua,MODIS,82,6.2,296.7,7.2,N,0
-21.4697,117.1023,314.1,1,1,2014-03-16,1732,Aqua,MODIS,89,6.2,296.9,9.3,N,0
-21.4711,117.112,316.2,1,1,2014-03-16,1732,Aqua,MODIS,93,6.2,297,11.2,N,0
-20.6232,118.4767,307.4,1,1,2014-03-16,1732,Aqua,MODIS,69,6.2,296.5,5.3,N,0
-20.6246,118.4863,306.7,1,1,2014-03-16,1732,Aqua,MODIS,66,6.2,296.4,4.8,N,0
-21.4726,117.1217,308.6,1,1,2014-03-16,1732,Aqua,MODIS,75,6.2,296.7,5.3,N,0
-20.5299,118.5277,364.1,1,1,2014-03-16,1732,Aqua,MODIS,100,6.2,300.4,96.3,N,0
-20.5313,118.5373,327.7,1,1,2014-03-16,1732,Aqua,MODIS,100,6.2,298.1,23.3,N,0
-20.539,118.5262,374.3,1,1,2014-03-16,1732,Aqua,MODIS,100,6.2,302.2,129.7,N,0
-20.5404,118.5359,340.3,1,1,2014-03-16,1732,Aqua,MODIS,100,6.2,299.5,41,N,0
-20.546,118.5185,307.9,1,1,2014-03-16,1732,Aqua,MODIS,32,6.2,296.2,5.3,N,0
-20.5474,118.5282,321.1,1,1,2014-03-16,1732,Aqua,MODIS,100,6.2,298.1,16.5,N,0
-20.449,119.8017,312,1.1,1,2014-03-16,1732,Aqua,MODIS,60,6.2,297.1,9.5,N,0
-20.4504,119.812,323.8,1.1,1,2014-03-16,1732,Aqua,MODIS,100,6.2,297.6,21.5,N,0
-20.4584,119.8003,338.8,1.1,1,2014-03-16,1732,Aqua,MODIS,100,6.2,297.5,44.4,N,0
-20.4598,119.8107,326.1,1.1,1,2014-03-16,1732,Aqua,MODIS,100,6.2,297.4,24.4,N,0
-20.4678,119.7989,302.6,1.1,1,2014-03-16,1732,Aqua,MODIS,15,6.2,289.7,3.1,N,0
-21.379,117.9184,323.3,1,1,2014-03-16,1732,Aqua,MODIS,100,6.2,297,19,N,0
-21.433,117.9095,318.9,1,1,2014-03-16,1732,Aqua,MODIS,98,6.2,297,13.1,N,0
-21.442,117.908,309.6,1,1,2014-03-16,1732,Aqua,MODIS,78,6.2,296.5,5.8,N,0
-21.4435,117.9176,335,1,1,2014-03-16,1732,Aqua,MODIS,100,6.2,297.6,32.4,N,0
-21.4449,117.9273,310.8,1,1,2014-03-16,1732,Aqua,MODIS,81,6.2,296.8,6.3,N,0
-21.4345,117.9191,336.6,1,1,2014-03-16,1732,Aqua,MODIS,100,6.2,298,34.5,N,0
-21.4359,117.9287,312.2,1,1,2014-03-16,1732,Aqua,MODIS,84,6.2,296.7,7.5,N,0
-20.6395,120.646,307.3,1.2,1.1,2014-03-16,1732,Aqua,MODIS,71,6.2,293.8,7.7,N,0
-21.2498,121.0416,325.8,1.3,1.1,2014-03-16,1732,Aqua,MODIS,66,6.2,293,33.9,N,0
-21.2504,121.0358,313.8,1.3,1.1,2014-03-16,1732,Aqua,MODIS,31,6.2,290.2,15.1,N,0
-21.2403,121.0373,317.1,1.3,1.1,2014-03-16,1732,Aqua,MODIS,80,6.2,295.2,16.7,N,0
-20.5801,120.3474,326.5,1.1,1.1,2014-03-16,1732,Aqua,MODIS,100,6.2,297.5,26.5,N,0
-20.5815,120.3583,311.1,1.1,1.1,2014-03-16,1732,Aqua,MODIS,82,6.2,296.2,8.9,N,0
-20.5911,120.3567,307,1.1,1.1,2014-03-16,1732,Aqua,MODIS,60,6.2,296,6.1,N,0
-20.641,120.6574,307.4,1.2,1.1,2014-03-16,1732,Aqua,MODIS,71,6.2,295.3,7.5,N,0
-20.5565,118.5267,306.6,1,1,2014-03-16,1732,Aqua,MODIS,39,6.2,296.5,4.6,N,0
-31.3881,117.1316,301.4,1.1,1,2014-03-16,1735,Aqua,MODIS,41,6.2,288.7,6.6,N,0
-31.3949,117.7411,311.5,1.1,1.1,2014-03-16,1735,Aqua,MODIS,83,6.2,291.6,14.2,N,0
-31.3934,117.7292,307,1.1,1.1,2014-03-16,1735,Aqua,MODIS,70,6.2,290,10.4,N,0
-24.8097,152.1772,317.1,2,1.4,2014-03-16,2340,Terra,MODIS,55,6.2,298.5,16.7,D,0
-24.8134,152.1966,318.1,2,1.4,2014-03-16,2340,Terra,MODIS,59,6.2,297.2,20,D,0
-24.8075,152.1837,321.6,2,1.4,2014-03-16,2340,Terra,MODIS,69,6.2,298.3,29.1,D,0
-29.1215,153.0443,308.6,1.4,1.2,2014-03-16,2341,Terra,MODIS,37,6.2,296.6,6.2,D,0
-29.1189,153.0297,314,1.4,1.2,2014-03-16,2341,Terra,MODIS,64,6.2,297.2,12.9,D,0
-27.8757,150.3972,325,2.2,1.5,2014-03-16,2341,Terra,MODIS,76,6.2,300,48.3,D,0
-27.8768,150.4137,314.3,2.2,1.4,2014-03-16,2341,Terra,MODIS,30,6.2,299.8,15,D,0
-27.8722,150.3912,319.9,2.2,1.5,2014-03-16,2341,Terra,MODIS,66,6.2,299.4,30,D,0
-27.4639,151.9646,324,1.8,1.3,2014-03-16,2341,Terra,MODIS,72,6.2,299.2,29.9,D,0
-27.4576,151.9597,320.6,1.8,1.3,2014-03-16,2341,Terra,MODIS,62,6.2,300,24,D,0
-26.6362,150.9632,320.6,2.2,1.4,2014-03-16,2341,Terra,MODIS,62,6.2,299.4,34.5,D,0
-31.6546,148.1413,312.7,2.6,1.5,2014-03-16,2342,Terra,MODIS,66,6.2,300.2,20.2,D,0
-31.6585,148.0246,315,2.6,1.6,2014-03-16,2342,Terra,MODIS,66,6.2,300.1,29.3,D,0
-31.6617,148.0165,313.3,2.6,1.6,2014-03-16,2342,Terra,MODIS,66,6.2,300.3,24.7,D,0
-34.4644,150.887,314.2,1.5,1.2,2014-03-16,2343,Terra,MODIS,54,6.2,301.1,12.1,D,2
-20.7323,139.4803,326,1.5,1.2,2014-03-17,0117,Terra,MODIS,48,6.2,308.5,13.2,D,2
-18.216,143.0686,323,2.6,1.5,2014-03-17,0117,Terra,MODIS,72,6.2,303.6,44,D,0
-18.2214,143.0626,322.4,2.6,1.5,2014-03-17,0117,Terra,MODIS,70,6.2,302.6,42.1,D,0
-18.8148,125.335,333,3.8,1.8,2014-03-17,0117,Terra,MODIS,79,6.2,300.6,127.7,D,0
-18.8211,125.328,328.7,3.8,1.8,2014-03-17,0117,Terra,MODIS,71,6.2,300.9,86.4,D,0
-18.8373,125.3244,326.9,3.8,1.8,2014-03-17,0117,Terra,MODIS,64,6.2,301.3,64.6,D,0
-18.8502,125.3502,326.4,3.8,1.8,2014-03-17,0117,Terra,MODIS,64,6.2,302.8,57.5,D,0
-18.8444,125.3592,326.5,3.8,1.8,2014-03-17,0117,Terra,MODIS,61,6.2,302.2,58.8,D,0
-18.8216,125.3694,331.3,3.8,1.8,2014-03-17,0117,Terra,MODIS,76,6.2,301.2,109.1,D,0
-18.8282,125.3628,337.7,3.8,1.8,2014-03-17,0117,Terra,MODIS,84,6.2,301.8,168.5,D,0
-21.2902,123.4802,330,4.5,2,2014-03-17,0118,Terra,MODIS,73,6.2,294.6,152.7,D,0
-21.2908,123.4875,332,4.5,2,2014-03-17,0118,Terra,MODIS,77,6.2,294.5,172.9,D,0
-21.2649,123.5314,330.6,4.5,1.9,2014-03-17,0118,Terra,MODIS,74,6.2,297.5,147.2,D,0
-21.2653,123.5389,328.4,4.5,1.9,2014-03-17,0118,Terra,MODIS,70,6.2,297.9,123,D,0
-33.1832,121.6736,320.3,3.1,1.7,2014-03-17,0121,Terra,MODIS,38,6.2,296.7,47,D,0
-33.1954,121.6635,324.2,3.1,1.7,2014-03-17,0121,Terra,MODIS,40,6.2,296.3,64.1,D,0
-33.2343,121.7596,315.1,3,1.7,2014-03-17,0121,Terra,MODIS,60,6.2,295.5,29.7,D,0
-33.2319,121.2865,315.4,3.2,1.7,2014-03-17,0121,Terra,MODIS,68,6.2,295.1,40.9,D,0
-33.3388,120.1093,309.2,3.8,1.8,2014-03-17,0122,Terra,MODIS,30,6.2,292.2,23.2,D,0
-33.36,120.0961,324.2,3.8,1.8,2014-03-17,0122,Terra,MODIS,80,6.2,294.2,113.9,D,0
-33.3548,120.1035,334.9,3.8,1.8,2014-03-17,0122,Terra,MODIS,88,6.2,294.1,207,D,0
-33.3451,120.0642,310.2,3.8,1.8,2014-03-17,0122,Terra,MODIS,43,6.2,292.8,27,D,0
-21.9363,116.5794,335.9,2.1,1.4,2014-03-17,0256,Terra,MODIS,82,6.2,307.5,67.7,D,0
-21.9373,116.5849,340.1,2.1,1.4,2014-03-17,0256,Terra,MODIS,86,6.2,307.3,88,D,0
-20.9134,121.2941,331.3,4.6,2,2014-03-17,0256,Terra,MODIS,74,6.2,300.4,141.9,D,0
-20.9143,121.2992,336.2,4.6,2,2014-03-17,0256,Terra,MODIS,81,6.2,300.5,206.4,D,0
-20.3969,120.23,325.3,3.8,1.8,2014-03-17,0256,Terra,MODIS,47,6.2,305,67.9,D,0
-21.3362,117.4139,328.7,2.4,1.5,2014-03-17,0256,Terra,MODIS,61,6.2,307.4,40,D,0
-21.3497,117.4122,326.6,2.4,1.5,2014-03-17,0256,Terra,MODIS,49,6.2,306.2,31.5,D,0
-21.4767,117.1119,338.9,2.3,1.5,2014-03-17,0256,Terra,MODIS,85,6.2,308.6,77.2,D,0
-21.486,117.1053,331.8,2.3,1.5,2014-03-17,0256,Terra,MODIS,76,6.2,307.5,44.7,D,0
-21.4882,117.1275,330.5,2.3,1.5,2014-03-17,0256,Terra,MODIS,67,6.2,308,39.6,D,0
-21.4868,118.3461,327.9,2.9,1.6,2014-03-17,0256,Terra,MODIS,62,6.2,306.4,42.5,D,0
-21.4881,118.3393,327.5,2.9,1.6,2014-03-17,0256,Terra,MODIS,33,6.2,305.6,38.2,D,0
-19.993,120.9652,323.9,4.3,1.9,2014-03-17,0256,Terra,MODIS,42,6.2,303.1,60.5,D,0
-20.0084,120.9691,324.5,4.3,1.9,2014-03-17,0256,Terra,MODIS,60,6.2,302.3,72,D,0
-19.9337,120.9422,331.6,4.3,1.9,2014-03-17,0256,Terra,MODIS,84,6.2,303.2,126.4,D,0
-19.9374,120.983,327.4,4.3,1.9,2014-03-17,0256,Terra,MODIS,80,6.2,303.8,83.7,D,0
-19.9358,120.9353,328.2,4.3,1.9,2014-03-17,0256,Terra,MODIS,81,6.2,303.1,93.4,D,0
-19.9393,120.9761,330,4.3,1.9,2014-03-17,0256,Terra,MODIS,83,6.2,304,111.6,D,0
-20.5397,118.5156,331.1,2.9,1.6,2014-03-17,0256,Terra,MODIS,74,6.2,304.6,63.8,D,0
-20.5425,118.543,327.3,2.9,1.6,2014-03-17,0256,Terra,MODIS,66,6.2,304.7,44.5,D,0
-20.5409,118.5098,327.9,2.9,1.6,2014-03-17,0256,Terra,MODIS,67,6.2,304.6,44.8,D,0
-20.5436,118.5373,330.9,2.9,1.6,2014-03-17,0256,Terra,MODIS,73,6.2,304.7,65.6,D,0
-21.3834,117.9338,324.6,2.7,1.6,2014-03-17,0256,Terra,MODIS,59,6.2,306.4,29.2,D,0
-21.3874,117.9276,331.4,2.7,1.6,2014-03-17,0256,Terra,MODIS,76,6.2,306.3,66,D,0
-21.3989,117.8997,328.7,2.6,1.6,2014-03-17,0256,Terra,MODIS,72,6.2,304.6,54.5,D,0
-21.4015,117.9258,334.1,2.7,1.6,2014-03-17,0256,Terra,MODIS,80,6.2,304.4,82.5,D,0
-31.5716,117.7001,328.3,3.4,1.7,2014-03-17,0259,Terra,MODIS,77,6.2,307.6,77.2,D,0
-31.5777,117.7053,324,3.4,1.7,2014-03-17,0259,Terra,MODIS,69,6.2,307.1,52.1,D,0
-31.1444,116.4637,320.5,2.8,1.6,2014-03-17,0259,Terra,MODIS,53,6.2,307.7,27.6,D,0
-30.4801,116.6067,330,2.8,1.6,2014-03-17,0259,Terra,MODIS,76,6.2,311.6,53.5,D,0
-30.5108,116.5966,330,2.8,1.6,2014-03-17,0259,Terra,MODIS,76,6.2,311.8,56.2,D,0
-30.8217,116.7577,327.7,2.9,1.6,2014-03-17,0259,Terra,MODIS,72,6.2,311.5,51.1,D,0
-30.8208,116.7632,325.9,2.9,1.6,2014-03-17,0259,Terra,MODIS,69,6.2,311.3,40.6,D,0
-31.709,117.0293,325.7,3,1.7,2014-03-17,0259,Terra,MODIS,43,6.2,306.8,55.6,D,0
-30.509,116.6039,329.8,2.8,1.6,2014-03-17,0259,Terra,MODIS,76,6.2,311.9,55.2,D,0
-31.6541,118.6288,320.9,3.9,1.8,2014-03-17,0259,Terra,MODIS,61,6.2,306.9,44.3,D,0
-31.909,117.5454,323,3.3,1.7,2014-03-17,0259,Terra,MODIS,73,6.2,306.8,45.2,D,0
-31.1928,116.735,322,2.9,1.6,2014-03-17,0259,Terra,MODIS,56,6.2,306.8,29.9,D,0
-42.2301,147.2078,304.7,1.4,1.2,2014-03-17,0357,Aqua,MODIS,44,6.2,291.1,9.4,D,0
-35.6964,149.2353,367.3,1,1,2014-03-17,0359,Aqua,MODIS,100,6.2,303.6,103.5,D,0
-35.6979,149.224,347.3,1,1,2014-03-17,0359,Aqua,MODIS,95,6.2,306,50.5,D,0
-35.6873,149.2334,365,1,1,2014-03-17,0359,Aqua,MODIS,100,6.2,301.9,97.3,D,0
-35.1759,149.8007,349.9,1,1,2014-03-17,0359,Aqua,MODIS,95,6.2,301.4,56.4,D,0
-34.899,147.3904,331.2,1.1,1.1,2014-03-17,0359,Aqua,MODIS,0,6.2,291.8,30,D,0
-35.1744,149.8117,323.8,1,1,2014-03-17,0359,Aqua,MODIS,80,6.2,298.3,15.8,D,0
-35.1877,149.8485,314,1,1,2014-03-17,0359,Aqua,MODIS,54,6.2,298.8,5.7,D,0
-35.1787,149.8466,327.8,1,1,2014-03-17,0359,Aqua,MODIS,83,6.2,300.8,19.4,D,0
-35.4197,150.2752,309.3,1,1,2014-03-17,0359,Aqua,MODIS,61,6.2,297.1,5.5,D,0
-34.4641,150.8786,320.8,1,1,2014-03-17,0359,Aqua,MODIS,68,6.2,306.7,9.2,D,2
-33.1977,147.3301,324.5,1.1,1,2014-03-17,0400,Aqua,MODIS,72,6.2,309.1,12.3,D,0
-33.1962,147.3417,330.2,1.1,1,2014-03-17,0400,Aqua,MODIS,79,6.2,308.7,19.4,D,0
-33.2613,146.9797,319.4,1.1,1.1,2014-03-17,0400,Aqua,MODIS,37,6.2,306.7,6.1,D,0
-34.156,147.9293,336.3,1.1,1,2014-03-17,0400,Aqua,MODIS,86,6.2,310,26.5,D,0
-34.1575,147.9178,343.1,1.1,1,2014-03-17,0400,Aqua,MODIS,91,6.2,310.7,38.5,D,0
-34.2716,148.0106,320.1,1.1,1,2014-03-17,0400,Aqua,MODIS,68,6.2,306.2,7.2,D,0
-33.3138,148.0622,319.2,1,1,2014-03-17,0400,Aqua,MODIS,59,6.2,307.8,7.2,D,0
-33.7977,148.556,328,1,1,2014-03-17,0400,Aqua,MODIS,79,6.2,306.8,16,D,0
-33.7992,148.545,322.8,1,1,2014-03-17,0400,Aqua,MODIS,72,6.2,308,10,D,0
-33.7394,148.0933,327.9,1,1,2014-03-17,0400,Aqua,MODIS,78,6.2,309,13.3,D,0
-34.0892,147.8577,323.9,1.1,1,2014-03-17,0400,Aqua,MODIS,73,6.2,309.4,8.9,D,0
-34.0907,147.8462,329.9,1.1,1,2014-03-17,0400,Aqua,MODIS,80,6.2,309.9,16.7,D,0
-34.0846,147.8513,324.9,1.1,1,2014-03-17,0400,Aqua,MODIS,74,6.2,309.8,10,D,0
-31.1088,152.9177,311.8,1.3,1.1,2014-03-17,0400,Aqua,MODIS,65,6.2,298,9.6,D,0
-33.8857,148.8451,328,1,1,2014-03-17,0400,Aqua,MODIS,80,6.2,301.9,19.2,D,0
-33.9392,148.0398,333,1,1,2014-03-17,0400,Aqua,MODIS,83,6.2,309.9,20.6,D,0
-33.93,148.038,328.7,1,1,2014-03-17,0400,Aqua,MODIS,79,6.2,310.4,15.1,D,0
-31.4599,148.7802,322.5,1,1,2014-03-17,0400,Aqua,MODIS,66,6.2,307.2,8.4,D,0
-31.4027,147.9414,323.2,1,1,2014-03-17,0400,Aqua,MODIS,45,6.2,309.8,7.5,D,0
-31.4013,147.9521,326.7,1,1,2014-03-17,0400,Aqua,MODIS,70,6.2,309.7,11.5,D,0
-31.4329,148.7748,330.4,1,1,2014-03-17,0400,Aqua,MODIS,79,6.2,309.9,16.8,D,0
-31.4344,148.7643,328,1,1,2014-03-17,0400,Aqua,MODIS,76,6.2,309.7,13.9,D,0
-31.6663,148.032,326.8,1,1,2014-03-17,0400,Aqua,MODIS,66,6.2,310.9,10.8,D,0
-31.6678,148.0212,329.9,1,1,2014-03-17,0400,Aqua,MODIS,78,6.2,311.5,14.6,D,0
-29.1499,149.0351,337.4,1,1,2014-03-17,0401,Aqua,MODIS,62,6.2,314.1,21.7,D,0
-29.1589,149.0368,353.7,1,1,2014-03-17,0401,Aqua,MODIS,95,6.2,317.9,52.8,D,0
-29.1574,149.0472,335.4,1,1,2014-03-17,0401,Aqua,MODIS,66,6.2,317.3,16.5,D,0
-30.3083,148.9204,342.9,1,1,2014-03-17,0401,Aqua,MODIS,88,6.2,315.7,30.1,D,0
-29.3426,149.2891,327.2,1,1,2014-03-17,0401,Aqua,MODIS,54,6.2,312.5,10.5,D,0
-27.4413,148.2066,328,1,1,2014-03-17,0401,Aqua,MODIS,42,6.2,309.7,10.5,D,0
-28.9242,148.888,340.6,1,1,2014-03-17,0401,Aqua,MODIS,83,6.2,316.9,26.2,D,0
-28.4521,147.8928,333,1,1,2014-03-17,0401,Aqua,MODIS,70,6.2,317.2,12.3,D,0
-28.9258,148.8777,329.3,1,1,2014-03-17,0401,Aqua,MODIS,51,6.2,315.3,9,D,0
-29.341,149.2995,340.7,1,1,2014-03-17,0401,Aqua,MODIS,84,6.2,312.5,30.9,D,0
-24.395,151.956,333.6,1.5,1.2,2014-03-17,0402,Aqua,MODIS,77,6.2,300.8,41.6,D,0
-24.3814,151.9687,324.1,1.5,1.2,2014-03-17,0402,Aqua,MODIS,27,6.2,299.7,21.9,D,0
-24.384,151.9537,331,1.5,1.2,2014-03-17,0402,Aqua,MODIS,72,6.2,300.9,36.7,D,0
-27.1642,144.2784,335.9,1.3,1.1,2014-03-17,0402,Aqua,MODIS,76,6.2,317.2,22.8,D,0
-24.0111,151.3752,326.2,1.4,1.2,2014-03-17,0402,Aqua,MODIS,11,6.2,302.3,18.6,D,0
-24.0299,151.3939,329.9,1.4,1.2,2014-03-17,0402,Aqua,MODIS,32,6.2,302.1,28.9,D,0
-24.0005,151.373,338.2,1.4,1.2,2014-03-17,0402,Aqua,MODIS,80,6.2,303.4,47.3,D,0
-24.0029,151.3591,329.8,1.4,1.2,2014-03-17,0402,Aqua,MODIS,61,6.2,301.9,25.9,D,0
-22.9537,147.0707,327.8,1,1,2014-03-17,0403,Aqua,MODIS,54,6.2,310.1,7,D,0
-21.1246,136.5321,326.3,3.7,1.8,2014-03-17,0403,Aqua,MODIS,49,6.2,306,55.6,D,0
-21.1176,136.5273,326.4,3.7,1.8,2014-03-17,0403,Aqua,MODIS,51,6.2,306.1,54.8,D,0
-23.0238,147.469,342.3,1,1,2014-03-17,0403,Aqua,MODIS,86,6.2,312.6,27.5,D,0
-23.0252,147.4592,329.2,1,1,2014-03-17,0403,Aqua,MODIS,41,6.2,310,8.1,D,0
-23.0148,147.4674,333.7,1,1,2014-03-17,0403,Aqua,MODIS,73,6.2,312.7,13.5,D,0
-23.0162,147.4576,328.9,1,1,2014-03-17,0403,Aqua,MODIS,45,6.2,311.4,7.5,D,0
-22.7151,150.1819,325.3,1.3,1.1,2014-03-17,0403,Aqua,MODIS,61,6.2,304.7,16.4,D,0
-22.246,148.9845,333.9,1.1,1.1,2014-03-17,0403,Aqua,MODIS,74,6.2,306.9,23.4,D,0
-19.5423,144.0646,336.7,1.1,1,2014-03-17,0404,Aqua,MODIS,80,6.2,311,25.4,D,0
-17.9984,145.262,323.7,1,1,2014-03-17,0404,Aqua,MODIS,60,6.2,310.7,7.1,D,0
-18.8382,138.8663,324.7,2.3,1.5,2014-03-17,0404,Aqua,MODIS,53,6.2,300.3,37.9,D,0
-19.5588,144.0514,345.1,1.1,1,2014-03-17,0404,Aqua,MODIS,89,6.2,311.7,44.4,D,0
-19.5574,144.0618,328.2,1.1,1,2014-03-17,0404,Aqua,MODIS,62,6.2,310.6,14.6,D,0
-19.5236,144.0615,338.2,1.1,1,2014-03-17,0404,Aqua,MODIS,82,6.2,299.6,30.7,D,0
-19.5049,144.0586,330,1.1,1,2014-03-17,0404,Aqua,MODIS,59,6.2,300.1,19.5,D,0
-19.5545,144.0452,344.1,1.1,1,2014-03-17,0404,Aqua,MODIS,88,6.2,311.9,39.5,D,0
-19.5157,144.0497,381.3,1.1,1,2014-03-17,0404,Aqua,MODIS,100,6.2,315.7,166.3,D,0
-19.517,144.0393,342.5,1.1,1,2014-03-17,0404,Aqua,MODIS,81,6.2,310,41.6,D,0
-19.533,144.063,384.7,1.1,1,2014-03-17,0404,Aqua,MODIS,100,6.2,316.1,181.2,D,0
-19.5063,144.0483,350.5,1.1,1,2014-03-17,0404,Aqua,MODIS,93,6.2,299.4,59.5,D,0
-19.5451,144.0438,355.1,1.1,1,2014-03-17,0404,Aqua,MODIS,97,6.2,313.4,66.9,D,0
-19.5344,144.0527,384.5,1.1,1,2014-03-17,0404,Aqua,MODIS,100,6.2,316.1,180.5,D,0
-19.5437,144.0541,370.6,1.1,1,2014-03-17,0404,Aqua,MODIS,100,6.2,318,116.8,D,0
-19.5531,144.0556,355.5,1.1,1,2014-03-17,0404,Aqua,MODIS,97,6.2,314.1,66.5,D,0
-19.5264,144.0408,339.7,1.1,1,2014-03-17,0404,Aqua,MODIS,84,6.2,308.1,36.4,D,0
-19.525,144.0512,373.3,1.1,1,2014-03-17,0404,Aqua,MODIS,100,6.2,312.3,130.6,D,0
-19.5358,144.0423,330,1.1,1,2014-03-17,0404,Aqua,MODIS,65,6.2,307,19.2,D,0
-18.22,143.0687,332.3,1.2,1.1,2014-03-17,0404,Aqua,MODIS,73,6.2,315.6,19.2,D,0
-18.2214,143.0576,331.6,1.2,1.1,2014-03-17,0404,Aqua,MODIS,72,6.2,312.5,17.6,D,0
-34.0528,137.8071,311.1,4.5,2,2014-03-17,0538,Aqua,MODIS,46,6.2,291.1,50.5,D,0
-32.3274,134.031,328.6,2.9,1.6,2014-03-17,0538,Aqua,MODIS,78,6.2,297.2,85,D,0
-32.3346,134.0089,323.7,2.9,1.6,2014-03-17,0538,Aqua,MODIS,72,6.2,297.9,60.4,D,0
-32.3277,134.0392,322.9,2.9,1.6,2014-03-17,0538,Aqua,MODIS,71,6.2,296.3,55.1,D,0
-34.053,137.7991,310.3,4.5,2,2014-03-17,0538,Aqua,MODIS,36,6.2,291.1,44.9,D,0
-32.3341,134.0006,316.7,2.9,1.6,2014-03-17,0538,Aqua,MODIS,52,6.2,297.6,28.1,D,0
-34.6308,118.6608,313.6,1.8,1.3,2014-03-17,0538,Aqua,MODIS,48,6.2,298.7,13.6,D,0
-31.7052,117.0516,328.2,2.1,1.4,2014-03-17,0539,Aqua,MODIS,62,6.2,312.9,24.9,D,0
-31.1827,116.9762,330.1,2.1,1.4,2014-03-17,0539,Aqua,MODIS,62,6.2,314.9,28.6,D,0
-31.1837,116.9585,332.7,2.1,1.4,2014-03-17,0539,Aqua,MODIS,63,6.2,315,39.3,D,0
-31.3113,116.9807,326.7,2.1,1.4,2014-03-17,0539,Aqua,MODIS,48,6.2,313.4,18.4,D,0
-31.3705,117.3211,342.1,2,1.4,2014-03-17,0539,Aqua,MODIS,86,6.2,317.2,76.2,D,0
-31.3094,117.0029,328.7,2.1,1.4,2014-03-17,0539,Aqua,MODIS,61,6.2,314.5,25.1,D,0
-31.7078,117.1639,328.5,2.1,1.4,2014-03-17,0539,Aqua,MODIS,63,6.2,313,27.2,D,0
-31.194,116.5621,331.2,2.2,1.4,2014-03-17,0539,Aqua,MODIS,68,6.2,315.3,39.2,D,0
-31.7638,118.527,343,1.7,1.3,2014-03-17,0539,Aqua,MODIS,88,6.2,316.7,61.4,D,0
-31.7544,118.5387,328.3,1.7,1.3,2014-03-17,0539,Aqua,MODIS,49,6.2,314.7,16,D,0
-30.9976,117.1657,335.4,2,1.4,2014-03-17,0539,Aqua,MODIS,77,6.2,316.6,44.2,D,0
-32.8892,118.6226,331.1,1.7,1.3,2014-03-17,0539,Aqua,MODIS,67,6.2,301.5,45.6,D,0
-31.0965,117.0762,332.5,2.1,1.4,2014-03-17,0539,Aqua,MODIS,67,6.2,315.2,33.5,D,0
-31.0762,117.161,341.3,2,1.4,2014-03-17,0539,Aqua,MODIS,85,6.2,316.8,71.4,D,0
-31.075,117.1536,333.7,2,1.4,2014-03-17,0539,Aqua,MODIS,74,6.2,316.5,36.8,D,0
-31.0937,117.0907,330.3,2,1.4,2014-03-17,0539,Aqua,MODIS,22,6.2,315.5,22.3,D,0
-31.7562,118.5209,343.1,1.7,1.3,2014-03-17,0539,Aqua,MODIS,88,6.2,315.9,62.8,D,0
-33.2468,119.0251,325,1.6,1.3,2014-03-17,0539,Aqua,MODIS,31,6.2,309.1,14.7,D,0
-30.9272,117.7482,332,1.8,1.3,2014-03-17,0539,Aqua,MODIS,71,6.2,318.5,25.9,D,0
-31.1494,116.4613,331.8,2.3,1.5,2014-03-17,0539,Aqua,MODIS,70,6.2,312.7,47.1,D,0
-31.2007,117.6006,338.8,1.9,1.3,2014-03-17,0539,Aqua,MODIS,82,6.2,317.3,53.6,D,0
-31.2032,117.7014,331.6,1.9,1.3,2014-03-17,0539,Aqua,MODIS,70,6.2,316.6,24.8,D,0
-31.2045,117.6084,334.7,1.9,1.3,2014-03-17,0539,Aqua,MODIS,76,6.2,316.4,37,D,0
-33.5159,119.6067,324,1.5,1.2,2014-03-17,0539,Aqua,MODIS,55,6.2,300.5,23.2,D,0
-33.5177,119.5901,333.9,1.5,1.2,2014-03-17,0539,Aqua,MODIS,83,6.2,306.1,46.1,D,0
-33.6031,121.9006,327.9,1.2,1.1,2014-03-17,0539,Aqua,MODIS,76,6.2,306.3,15.9,D,0
-33.5934,121.8989,325.3,1.2,1.1,2014-03-17,0539,Aqua,MODIS,72,6.2,305.7,13,D,0
-31.8459,117.6469,334.5,1.9,1.4,2014-03-17,0539,Aqua,MODIS,79,6.2,311.4,46.2,D,0
-31.8435,117.6416,333.7,1.9,1.4,2014-03-17,0539,Aqua,MODIS,77,6.2,312.2,43,D,0
-31.358,117.3195,342.1,2,1.4,2014-03-17,0539,Aqua,MODIS,86,6.2,316.6,77,D,0
-31.6784,117.2044,329.6,2,1.4,2014-03-17,0539,Aqua,MODIS,66,6.2,313.3,29.3,D,0
-31.7073,117.1685,330.1,2.1,1.4,2014-03-17,0539,Aqua,MODIS,69,6.2,313.2,34.8,D,0
-31.7041,117.0562,326.4,2.1,1.4,2014-03-17,0539,Aqua,MODIS,42,6.2,312.4,17.5,D,0
-31.1848,116.9537,328.2,2.1,1.4,2014-03-17,0539,Aqua,MODIS,50,6.2,314.5,21.7,D,0
-30.8692,121.4952,330.1,1.1,1.1,2014-03-17,0539,Aqua,MODIS,63,6.2,317.8,10.7,D,2
-31.4781,117.2773,328.6,2,1.4,2014-03-17,0539,Aqua,MODIS,57,6.2,313.5,22.7,D,0
-31.4907,117.2789,332.7,2,1.4,2014-03-17,0539,Aqua,MODIS,73,6.2,314.1,38.3,D,0
-33.9395,118.4427,328.9,1.8,1.3,2014-03-17,0539,Aqua,MODIS,79,6.2,307.5,30,D,0
-32.9426,119.2287,327.6,1.6,1.2,2014-03-17,0539,Aqua,MODIS,65,6.2,308.1,20.5,D,0
-33.9439,118.4485,327.8,1.8,1.3,2014-03-17,0539,Aqua,MODIS,78,6.2,307,25.6,D,0
-33.2001,121.7886,328.1,1.2,1.1,2014-03-17,0539,Aqua,MODIS,41,6.2,308.3,12.1,D,0
-33.7498,120.8124,323.6,1.3,1.1,2014-03-17,0539,Aqua,MODIS,68,6.2,304,14.7,D,0
-33.6901,120.7248,333.7,1.3,1.1,2014-03-17,0539,Aqua,MODIS,82,6.2,306.1,31.1,D,0
-33.6797,120.7233,324.2,1.3,1.1,2014-03-17,0539,Aqua,MODIS,68,6.2,300.8,13.7,D,0
-32.9443,119.2118,331.9,1.6,1.2,2014-03-17,0539,Aqua,MODIS,77,6.2,310.6,30.9,D,0
-31.4155,118.6162,337,1.6,1.3,2014-03-17,0539,Aqua,MODIS,80,6.2,316.3,36.1,D,0
-30.3038,116.5637,327,2.2,1.4,2014-03-17,0540,Aqua,MODIS,43,6.2,309.8,24.2,D,0
-30.6505,116.5813,329,2.2,1.4,2014-03-17,0540,Aqua,MODIS,66,6.2,314.8,28.5,D,0
-30.2498,116.5805,325.6,2.2,1.4,2014-03-17,0540,Aqua,MODIS,67,6.2,303.4,26.1,D,0
-28.841,115.2849,328.4,2.5,1.5,2014-03-17,0540,Aqua,MODIS,75,6.2,305,50.4,D,0
-29.2451,115.2692,328.4,2.6,1.5,2014-03-17,0540,Aqua,MODIS,70,6.2,310.1,44,D,0
-30.9008,116.9531,330.3,2.1,1.4,2014-03-17,0540,Aqua,MODIS,50,6.2,317.2,24.4,D,0
-30.4849,116.5324,336.1,2.2,1.4,2014-03-17,0540,Aqua,MODIS,80,6.2,316,58.1,D,0
-29.2501,115.2771,328,2.6,1.5,2014-03-17,0540,Aqua,MODIS,62,6.2,311,40.5,D,0
-30.7189,116.5242,331.9,2.2,1.4,2014-03-17,0540,Aqua,MODIS,72,6.2,315.4,38.9,D,0
-30.6606,116.5876,329.9,2.2,1.4,2014-03-17,0540,Aqua,MODIS,67,6.2,315,30.5,D,0
-29.1969,115.5034,331.1,2.5,1.5,2014-03-17,0540,Aqua,MODIS,53,6.2,311.5,55.3,D,0
-21.9401,116.5993,374.2,1.7,1.3,2014-03-17,0542,Aqua,MODIS,100,6.2,306.6,246.2,D,0
-21.942,116.5832,368.5,1.7,1.3,2014-03-17,0542,Aqua,MODIS,94,6.2,305.9,212,D,0
-21.9286,116.5979,345.2,1.7,1.3,2014-03-17,0542,Aqua,MODIS,73,6.2,309.6,77,D,0
-21.9305,116.5816,348.7,1.7,1.3,2014-03-17,0542,Aqua,MODIS,86,6.2,304.3,96.3,D,0
-21.919,116.58,369.4,1.7,1.3,2014-03-17,0542,Aqua,MODIS,94,6.2,309.2,208.3,D,0
-20.3768,120.2237,359.7,1,1,2014-03-17,0542,Aqua,MODIS,99,6.2,306.6,75.5,D,0
-20.7912,121.8427,337.9,1,1,2014-03-17,0542,Aqua,MODIS,53,6.2,312.7,14,D,0
-20.3042,120.2159,355.6,1,1,2014-03-17,0542,Aqua,MODIS,96,6.2,310.3,59.3,D,0
-21.2753,123.5273,345.6,1.1,1,2014-03-17,0542,Aqua,MODIS,85,6.2,316,26.2,D,0
-20.3311,120.2165,335,1,1,2014-03-17,0542,Aqua,MODIS,33,6.2,310.2,16.4,D,0
-20.3069,120.1961,334,1,1,2014-03-17,0542,Aqua,MODIS,20,6.2,310,17,D,0
-20.5961,120.3567,330.1,1,1,2014-03-17,0542,Aqua,MODIS,22,6.2,311,8,D,0
-21.2736,123.5377,341.5,1.1,1,2014-03-17,0542,Aqua,MODIS,78,6.2,318,16.4,D,0
-21.4765,118.3494,343.1,1.3,1.1,2014-03-17,0542,Aqua,MODIS,85,6.2,317.1,28.8,D,0
-21.4781,118.3371,355.4,1.3,1.1,2014-03-17,0542,Aqua,MODIS,96,6.2,317.8,67.4,D,0
-21.468,118.3357,342.1,1.3,1.1,2014-03-17,0542,Aqua,MODIS,84,6.2,316,29.3,D,0
-19.982,120.9454,367.7,1,1,2014-03-17,0542,Aqua,MODIS,100,6.2,311.2,89.3,D,0
-20.549,118.5384,350.2,1.2,1.1,2014-03-17,0542,Aqua,MODIS,91,6.2,310.5,57.5,D,0
-20.5519,118.5151,339.6,1.2,1.1,2014-03-17,0542,Aqua,MODIS,63,6.2,312.8,24.7,D,0
-20.5468,118.5433,336.4,1.2,1.1,2014-03-17,0542,Aqua,MODIS,70,6.2,309.2,22.8,D,0
-20.5483,118.5317,339.9,1.2,1.1,2014-03-17,0542,Aqua,MODIS,72,6.2,311.9,28.3,D,0
-20.5384,118.5302,337,1.2,1.1,2014-03-17,0542,Aqua,MODIS,59,6.2,312.2,21.7,D,0
-20.5399,118.5186,344,1.2,1.1,2014-03-17,0542,Aqua,MODIS,85,6.2,312.7,37.1,D,0
-21.4968,118.3464,336.8,1.3,1.1,2014-03-17,0542,Aqua,MODIS,46,6.2,314.5,17.5,D,0
-21.4983,118.3341,336.4,1.3,1.1,2014-03-17,0542,Aqua,MODIS,66,6.2,314.5,18.5,D,0
-18.9432,126.7522,337.3,1.8,1.3,2014-03-17,0542,Aqua,MODIS,59,6.2,311.5,38.8,D,0
-18.9485,126.7465,336.1,1.8,1.3,2014-03-17,0542,Aqua,MODIS,68,6.2,311.6,33,D,0
-21.409,117.9106,364.9,1.3,1.2,2014-03-17,0542,Aqua,MODIS,100,6.2,315,120.1,D,0
-21.4105,117.8977,340.2,1.4,1.2,2014-03-17,0542,Aqua,MODIS,81,6.2,313.1,33.1,D,0
-21.397,117.9219,333,1.3,1.1,2014-03-17,0542,Aqua,MODIS,50,6.2,314.9,14.7,D,0
-21.3986,117.909,337.9,1.3,1.2,2014-03-17,0542,Aqua,MODIS,77,6.2,316.9,26.5,D,0
-17.9864,125.6212,395.8,1.6,1.2,2014-03-17,0543,Aqua,MODIS,87,6.2,302.2,415.6,D,0
-17.9839,125.6358,361.7,1.6,1.2,2014-03-17,0543,Aqua,MODIS,87,6.2,299.1,147.8,D,0
-17.9974,125.6233,362,1.6,1.2,2014-03-17,0543,Aqua,MODIS,100,6.2,303.5,147.5,D,0
-18.5048,125.8951,345,1.6,1.2,2014-03-17,0543,Aqua,MODIS,89,6.2,306.6,69.3,D,0
-17.995,125.638,334.8,1.6,1.2,2014-03-17,0543,Aqua,MODIS,73,6.2,298.9,36.2,D,0
-18.1001,125.7013,336.1,1.6,1.2,2014-03-17,0543,Aqua,MODIS,78,6.2,305.4,35.6,D,0
-18.1012,125.6959,331.9,1.6,1.2,2014-03-17,0543,Aqua,MODIS,71,6.2,305.5,23.3,D,0
-33.0092,137.5875,301.4,1.3,1.1,2014-03-17,1325,Terra,MODIS,41,6.2,290.5,7.2,N,0
-26.6015,150.3117,304.2,3.6,1.8,2014-03-17,1326,Terra,MODIS,59,6.2,291.4,33.3,N,0
-22.2475,148.9942,302.7,3.7,1.8,2014-03-17,1327,Terra,MODIS,50,6.2,291.8,27.9,N,0
-19.5225,144.0273,304.7,1.8,1.3,2014-03-17,1328,Terra,MODIS,22,6.2,293,11.1,N,0
-19.5195,144.0446,304.9,1.9,1.3,2014-03-17,1328,Terra,MODIS,25,6.2,292.6,11.6,N,0
-19.5783,144.0252,329.3,1.8,1.3,2014-03-17,1328,Terra,MODIS,100,6.2,294,64.9,N,0
-19.5732,144.0185,318.2,1.8,1.3,2014-03-17,1328,Terra,MODIS,96,6.2,293.5,34.9,N,0
-20.7348,139.4745,310.5,1,1,2014-03-17,1328,Terra,MODIS,73,6.2,298.1,6.6,N,2
-19.5752,144.0424,322.8,1.8,1.3,2014-03-17,1328,Terra,MODIS,100,6.2,293.3,47.4,N,0
-19.5613,144.0163,311.3,1.8,1.3,2014-03-17,1328,Terra,MODIS,38,6.2,293.2,20.5,N,0
-19.5553,144.051,307.1,1.9,1.3,2014-03-17,1328,Terra,MODIS,20,6.2,292.4,14.3,N,0
-19.5345,144.0294,311.3,1.8,1.3,2014-03-17,1328,Terra,MODIS,27,6.2,293.7,20.2,N,0
-19.5633,144.0403,332.8,1.8,1.3,2014-03-17,1328,Terra,MODIS,100,6.2,294.4,75.8,N,0
-19.5702,144.0357,340.4,1.8,1.3,2014-03-17,1328,Terra,MODIS,100,6.2,295.1,104.7,N,0
-19.5664,144.023,323.9,1.8,1.3,2014-03-17,1328,Terra,MODIS,100,6.2,294,48.2,N,0
-19.5583,144.0337,336.9,1.8,1.3,2014-03-17,1328,Terra,MODIS,100,6.2,295,90.1,N,0
-22.2367,149.0012,305.6,2.3,1.5,2014-03-17,1458,Aqua,MODIS,65,6.2,291.6,21.2,N,0
-24.0003,151.373,303.4,1.4,1.2,2014-03-17,1458,Aqua,MODIS,54,6.2,292.1,8.2,N,0
-24.3679,151.9576,310.4,1.3,1.1,2014-03-17,1459,Aqua,MODIS,80,6.2,292,13.5,N,0
-24.3701,151.9704,304.8,1.3,1.1,2014-03-17,1459,Aqua,MODIS,15,6.2,292.9,7.5,N,0
-24.3781,151.9555,311,1.3,1.1,2014-03-17,1459,Aqua,MODIS,44,6.2,292.4,13.2,N,0
-24.3864,151.9604,306.5,1.3,1.1,2014-03-17,1459,Aqua,MODIS,68,6.2,292.4,9.2,N,0
-25.7421,147.207,303.2,2.5,1.5,2014-03-17,1459,Aqua,MODIS,54,6.2,292.6,16.8,N,0
-26.6011,150.3252,322.9,1.5,1.2,2014-03-17,1459,Aqua,MODIS,100,6.2,294.2,35.8,N,0
-26.6035,150.3193,315.3,1.5,1.2,2014-03-17,1459,Aqua,MODIS,91,6.2,293.8,22.9,N,0
-26.6062,150.3343,311.6,1.5,1.2,2014-03-17,1459,Aqua,MODIS,83,6.2,293.8,17.6,N,0
-30.9474,151.3965,301.3,1.1,1.1,2014-03-17,1500,Aqua,MODIS,39,6.2,285.6,8,N,0
-35.6903,149.2331,302.1,1.2,1.1,2014-03-17,1502,Aqua,MODIS,46,6.2,277.8,11.5,N,0
-33.5542,120.605,305.1,1.2,1.1,2014-03-17,1503,Terra,MODIS,49,6.2,284.2,11.3,N,0
-33.5552,120.5979,304.7,1.2,1.1,2014-03-17,1503,Terra,MODIS,55,6.2,283.5,11.2,N,0
-32.9866,116.733,302.4,1,1,2014-03-17,1503,Terra,MODIS,45,6.2,283.4,6.6,N,0
-31.9358,117.1958,305.3,1,1,2014-03-17,1504,Terra,MODIS,64,6.2,291.5,6.6,N,0
-31.9373,117.1851,325.9,1,1,2014-03-17,1504,Terra,MODIS,100,6.2,292.6,24.3,N,0
-31.522,117.9783,304.3,1,1,2014-03-17,1504,Terra,MODIS,60,6.2,290.4,6.9,N,0
-31.3867,117.1113,329.9,1,1,2014-03-17,1504,Terra,MODIS,100,6.2,291.8,29.4,N,0
-31.3883,117.1008,309.1,1,1,2014-03-17,1504,Terra,MODIS,52,6.2,289.9,8.8,N,0
-31.3852,117.1219,306.8,1,1,2014-03-17,1504,Terra,MODIS,23,6.2,290.5,7.2,N,0
-31.3958,117.1132,308.5,1,1,2014-03-17,1504,Terra,MODIS,60,6.2,291.2,8.7,N,0
-22.7048,117.7244,321.1,1.3,1.1,2014-03-17,1506,Terra,MODIS,100,6.2,294.5,22.9,N,0
-21.9232,116.5949,309.6,1.1,1.1,2014-03-17,1506,Terra,MODIS,56,6.2,296.9,6.5,N,0
-21.9093,116.5585,310.8,1.1,1.1,2014-03-17,1506,Terra,MODIS,74,6.2,297.4,7.7,N,0
-22.8944,115.0517,312.4,1,1,2014-03-17,1506,Terra,MODIS,47,6.2,296.7,9.6,N,0
-22.8853,115.0502,344.6,1,1,2014-03-17,1506,Terra,MODIS,100,6.2,293,51.3,N,0
-22.7413,115.1498,311.5,1,1,2014-03-17,1506,Terra,MODIS,83,6.2,297.9,7.4,N,0
-21.9276,116.6299,308,1.2,1.1,2014-03-17,1506,Terra,MODIS,52,6.2,297.3,5.5,N,0
-21.9293,116.6189,322.6,1.2,1.1,2014-03-17,1506,Terra,MODIS,100,6.2,298.1,20.4,N,0
-21.9198,116.6171,314.6,1.2,1.1,2014-03-17,1506,Terra,MODIS,87,6.2,298.1,10.8,N,0
-21.9215,116.606,330.9,1.1,1.1,2014-03-17,1506,Terra,MODIS,100,6.2,298.6,31.9,N,0
-22.9137,115.0409,312.9,1,1,2014-03-17,1506,Terra,MODIS,84,6.2,297.7,8.8,N,0
-22.9063,115.0337,313.8,1,1,2014-03-17,1506,Terra,MODIS,68,6.2,294.4,10.1,N,0
-22.7068,117.7123,308.5,1.3,1.1,2014-03-17,1506,Terra,MODIS,75,6.2,294.3,7.7,N,0
-22.7169,117.7142,318.8,1.3,1.1,2014-03-17,1506,Terra,MODIS,97,6.2,294.9,19.3,N,0
-21.3497,117.4233,319.8,1.3,1.1,2014-03-17,1506,Terra,MODIS,99,6.2,299.2,18.5,N,0
-21.3517,117.4111,331.6,1.3,1.1,2014-03-17,1506,Terra,MODIS,100,6.2,299.6,37.8,N,0
-21.3218,117.4117,316.2,1.3,1.1,2014-03-17,1506,Terra,MODIS,90,6.2,298.7,14.8,N,0
-21.3238,117.3993,312.7,1.3,1.1,2014-03-17,1506,Terra,MODIS,80,6.2,298.9,10.4,N,0
-20.4044,119.8002,306.9,1.9,1.4,2014-03-17,1506,Terra,MODIS,44,6.2,295.5,13,N,0
-21.4047,117.8995,311.5,1.4,1.2,2014-03-17,1506,Terra,MODIS,78,6.2,298.8,8.7,N,0
-21.3943,117.8973,309.3,1.4,1.2,2014-03-17,1506,Terra,MODIS,69,6.2,298.7,6.5,N,0
-20.5394,118.5156,310.2,1.6,1.2,2014-03-17,1507,Terra,MODIS,76,6.2,296.6,14.2,N,0
-30.8641,121.4921,306.2,2.3,1.5,2014-03-17,1639,Aqua,MODIS,67,6.2,282.8,27.1,N,2
-21.9007,116.5614,305.2,3.6,1.8,2014-03-17,1815,Aqua,MODIS,62,6.2,294.2,29.7,N,0
-21.9091,116.5552,304.3,3.6,1.8,2014-03-17,1815,Aqua,MODIS,59,6.2,294,24.2,N,0
-18.2237,143.0761,317.7,2,1.4,2014-03-18,0021,Terra,MODIS,58,6.2,302.4,17.1,D,0
-19.573,144.0233,347.5,1.6,1.3,2014-03-18,0022,Terra,MODIS,93,6.2,306.6,95.2,D,0
-19.5633,144.0312,332.7,1.6,1.3,2014-03-18,0022,Terra,MODIS,60,6.2,306.1,40.9,D,0
-19.5606,144.0156,340.8,1.6,1.3,2014-03-18,0022,Terra,MODIS,86,6.2,305.6,66.7,D,0
-19.552,144.0331,340.3,1.6,1.3,2014-03-18,0022,Terra,MODIS,88,6.2,306.2,62.8,D,0
-19.5746,144.0291,342.5,1.6,1.3,2014-03-18,0022,Terra,MODIS,89,6.2,305.1,73.8,D,0
-22.2452,148.9964,324.7,1,1,2014-03-18,0022,Terra,MODIS,70,6.2,302.4,13.4,D,0
-19.5693,143.9982,325.4,1.6,1.3,2014-03-18,0022,Terra,MODIS,61,6.2,302.1,27.4,D,0
-22.2438,148.9866,327.4,1,1,2014-03-18,0022,Terra,MODIS,74,6.2,302.4,16,D,0
-19.5703,144.008,362.7,1.6,1.3,2014-03-18,0022,Terra,MODIS,100,6.2,306.3,170.7,D,0
-19.5295,144.0372,325.8,1.6,1.3,2014-03-18,0022,Terra,MODIS,39,6.2,305.1,23.9,D,0
-19.5719,144.0136,373,1.6,1.3,2014-03-18,0022,Terra,MODIS,100,6.2,307.3,237.1,D,0
-25.6342,147.0808,325.3,1,1,2014-03-18,0023,Terra,MODIS,56,6.2,307.2,7.6,D,0
-22.9501,147.0669,320.3,1,1,2014-03-18,0023,Terra,MODIS,48,6.2,303.9,5.2,D,0
-23.3699,149.8131,321,1.1,1,2014-03-18,0023,Terra,MODIS,61,6.2,297.5,11,D,0
-23.3792,149.8117,321.2,1.1,1,2014-03-18,0023,Terra,MODIS,58,6.2,299.1,10.9,D,0
-24.375,151.9565,320.4,1.4,1.2,2014-03-18,0023,Terra,MODIS,47,6.2,299,16.3,D,0
-24.3839,151.9414,335.6,1.4,1.2,2014-03-18,0023,Terra,MODIS,85,6.2,300.3,44.9,D,0
-24.3856,151.955,347.4,1.4,1.2,2014-03-18,0023,Terra,MODIS,93,6.2,301.6,77.5,D,0
-24.3944,151.9399,319.3,1.4,1.2,2014-03-18,0023,Terra,MODIS,50,6.2,299,14.4,D,0
-24.3961,151.9536,332.4,1.4,1.2,2014-03-18,0023,Terra,MODIS,82,6.2,299.7,38.1,D,0
-26.801,150.2053,323.2,1.2,1.1,2014-03-18,0023,Terra,MODIS,61,6.2,304.6,9.5,D,2
-25.7243,147.1874,328.7,1,1,2014-03-18,0023,Terra,MODIS,68,6.2,308.2,13,D,0
-26.6117,150.3255,322.5,1.2,1.1,2014-03-18,0023,Terra,MODIS,52,6.2,304,11.1,D,0
-27.1779,149.9774,330.7,1.2,1.1,2014-03-18,0024,Terra,MODIS,75,6.2,306.4,17.9,D,0
-28.4476,147.8908,332,1,1,2014-03-18,0024,Terra,MODIS,76,6.2,311.4,16.6,D,0
-27.9268,148.7056,344.9,1.1,1,2014-03-18,0024,Terra,MODIS,90,6.2,305.5,42.6,D,0
-27.9282,148.7163,331.2,1.1,1,2014-03-18,0024,Terra,MODIS,76,6.2,304.9,18.7,D,0
-29.3399,149.2997,371.6,1.1,1.1,2014-03-18,0024,Terra,MODIS,100,6.2,316.1,131.3,D,0
-29.351,149.31,331.6,1.1,1.1,2014-03-18,0024,Terra,MODIS,66,6.2,302.9,22.5,D,0
-29.3495,149.2981,381.5,1.1,1.1,2014-03-18,0024,Terra,MODIS,100,6.2,305.5,179.1,D,0
-29.3414,149.3115,327.8,1.1,1.1,2014-03-18,0024,Terra,MODIS,54,6.2,308.7,15.2,D,0
-28.341,150.1762,356.3,1.2,1.1,2014-03-18,0024,Terra,MODIS,98,6.2,301,86.9,D,0
-28.3419,150.1827,363,1.2,1.1,2014-03-18,0024,Terra,MODIS,100,6.2,299.5,110.7,D,0
-28.3403,150.1701,340.3,1.2,1.1,2014-03-18,0024,Terra,MODIS,88,6.2,300,41.4,D,0
-29.0462,149.4807,324.7,1.2,1.1,2014-03-18,0024,Terra,MODIS,54,6.2,306.9,7.7,D,0
-29.348,149.2863,377,1.1,1.1,2014-03-18,0024,Terra,MODIS,100,6.2,305,155.5,D,0
-29.3384,149.2879,346.4,1.1,1.1,2014-03-18,0024,Terra,MODIS,92,6.2,311.9,47.9,D,0
-28.3426,150.1888,337.9,1.2,1.1,2014-03-18,0024,Terra,MODIS,86,6.2,297.9,37.6,D,0
-31.6532,148.1378,320.5,1.1,1,2014-03-18,0025,Terra,MODIS,71,6.2,307.6,8.9,D,0
-31.6395,148.6735,319,1.1,1.1,2014-03-18,0025,Terra,MODIS,69,6.2,302.4,9.4,D,0
-30.4266,148.0598,326.4,1.1,1,2014-03-18,0025,Terra,MODIS,61,6.2,311.8,9.3,D,0
-30.4281,148.0708,328.8,1.1,1,2014-03-18,0025,Terra,MODIS,50,6.2,311.8,11.3,D,0
-31.638,148.6615,314.8,1.1,1.1,2014-03-18,0025,Terra,MODIS,58,6.2,303,5.2,D,0
-30.4173,148.0614,332.6,1.1,1,2014-03-18,0025,Terra,MODIS,75,6.2,311.9,16.6,D,0
-31.3802,147.7207,319.1,1.1,1,2014-03-18,0025,Terra,MODIS,25,6.2,302.7,11.1,D,0
-33.4018,146.4065,331.8,1,1,2014-03-18,0025,Terra,MODIS,82,6.2,304.3,21.9,D,0
-33.4034,146.4174,320.4,1,1,2014-03-18,0025,Terra,MODIS,64,6.2,305,8.7,D,0
-31.8826,148.05,320.9,1.1,1,2014-03-18,0025,Terra,MODIS,54,6.2,306.4,7.8,D,0
-31.8732,148.0516,323.4,1.1,1,2014-03-18,0025,Terra,MODIS,76,6.2,306.7,10.6,D,0
-30.9362,151.493,316.7,1.6,1.2,2014-03-18,0025,Terra,MODIS,65,6.2,297.6,19.1,D,0
-35.6929,149.2388,310.2,1.3,1.1,2014-03-18,0026,Terra,MODIS,26,6.2,287.1,11.8,D,0
-35.2426,149.1941,313.2,1.3,1.1,2014-03-18,0026,Terra,MODIS,64,6.2,297.4,9.4,D,0
-42.1437,147.4665,314.4,1.3,1.1,2014-03-18,0028,Terra,MODIS,75,6.2,287.8,19.6,D,0
-42.142,147.4505,302.5,1.3,1.1,2014-03-18,0028,Terra,MODIS,37,6.2,288.7,6.7,D,0
-13.2793,131.2137,317.8,1.8,1.3,2014-03-18,0159,Terra,MODIS,69,6.2,302.4,19.1,D,0
-18.9466,126.7378,338.2,1.1,1.1,2014-03-18,0200,Terra,MODIS,86,6.2,305.9,27.3,D,0
-18.1809,125.2621,325.7,1,1,2014-03-18,0200,Terra,MODIS,73,6.2,294.8,10.4,D,0
-20.3594,129.1681,339.5,1.6,1.3,2014-03-18,0200,Terra,MODIS,85,6.2,306.1,52.8,D,0
-18.3004,125.7735,333.5,1,1,2014-03-18,0200,Terra,MODIS,82,6.2,300.1,18.7,D,0
-17.2886,125.1348,318.8,1,1,2014-03-18,0200,Terra,MODIS,65,6.2,296,6.3,D,0
-17.2872,125.1254,318.8,1,1,2014-03-18,0200,Terra,MODIS,66,6.2,295.4,6.6,D,0
-20.8935,122.9546,338.4,1,1,2014-03-18,0201,Terra,MODIS,81,6.2,294.3,26.2,D,0
-20.3422,120.2058,364.7,1.4,1.2,2014-03-18,0201,Terra,MODIS,100,6.2,312.3,129.6,D,0
-20.8334,122.8599,336.7,1,1,2014-03-18,0201,Terra,MODIS,80,6.2,303.5,23.1,D,0
-20.9271,121.3051,339.1,1.2,1.1,2014-03-18,0201,Terra,MODIS,83,6.2,311.3,27.1,D,0
-20.8319,122.85,340.6,1,1,2014-03-18,0201,Terra,MODIS,85,6.2,304.4,29.2,D,0
-20.3526,120.2039,371.3,1.4,1.2,2014-03-18,0201,Terra,MODIS,100,6.2,307.7,164.6,D,0
-20.3399,120.1926,400.8,1.4,1.2,2014-03-18,0201,Terra,MODIS,100,6.2,314.2,386.3,D,0
-20.312,120.1909,337.5,1.4,1.2,2014-03-18,0201,Terra,MODIS,75,6.2,310.1,31.1,D,0
-20.3168,120.1834,335,1.4,1.2,2014-03-18,0201,Terra,MODIS,66,6.2,307,27.9,D,0
-20.3377,120.1795,347.1,1.4,1.2,2014-03-18,0201,Terra,MODIS,92,6.2,304.3,65.6,D,0
-20.9252,121.2939,401.3,1.2,1.1,2014-03-18,0201,Terra,MODIS,100,6.2,314.5,305.5,D,0
-20.9137,121.2844,345.9,1.2,1.1,2014-03-18,0201,Terra,MODIS,90,6.2,310.9,44.4,D,0
-20.2889,120.1816,356.1,1.4,1.2,2014-03-18,0201,Terra,MODIS,98,6.2,309.6,97,D,0
-20.2993,120.1797,341.2,1.4,1.2,2014-03-18,0201,Terra,MODIS,89,6.2,309.2,44.9,D,0
-20.3504,120.1907,355.6,1.4,1.2,2014-03-18,0201,Terra,MODIS,97,6.2,304.7,93.8,D,0
-20.9234,121.2827,363.4,1.2,1.1,2014-03-18,0201,Terra,MODIS,100,6.2,309.5,96.6,D,0
-20.9156,121.2957,337.8,1.2,1.1,2014-03-18,0201,Terra,MODIS,82,6.2,314.6,25.4,D,0
-20.3016,120.1928,335.7,1.4,1.2,2014-03-18,0201,Terra,MODIS,74,6.2,311.1,29.6,D,0
-21.2954,123.4749,338.3,1,1,2014-03-18,0201,Terra,MODIS,63,6.2,314.3,17,D,0
-20.3549,120.217,336.3,1.4,1.2,2014-03-18,0201,Terra,MODIS,80,6.2,307.3,30.2,D,0
-20.3098,120.1777,338.6,1.4,1.2,2014-03-18,0201,Terra,MODIS,78,6.2,308.4,36.9,D,0
-21.9213,116.5671,329.5,2.3,1.5,2014-03-18,0201,Terra,MODIS,67,6.2,306.3,41.9,D,0
-21.8994,116.5783,347.9,2.3,1.5,2014-03-18,0201,Terra,MODIS,92,6.2,307.8,141,D,0
-21.8952,116.556,338.7,2.3,1.5,2014-03-18,0201,Terra,MODIS,84,6.2,307,87.9,D,0
-21.9428,116.6082,346,2.3,1.5,2014-03-18,0201,Terra,MODIS,91,6.2,307.2,130.3,D,0
-21.917,116.5449,347.9,2.3,1.5,2014-03-18,0201,Terra,MODIS,92,6.2,305.2,144.8,D,0
-21.9038,116.5473,368.4,2.3,1.5,2014-03-18,0201,Terra,MODIS,100,6.2,307.9,325.4,D,0
-21.9125,116.5918,326.3,2.3,1.5,2014-03-18,0201,Terra,MODIS,61,6.2,307.2,27,D,0
-21.9081,116.5696,365.8,2.3,1.5,2014-03-18,0201,Terra,MODIS,100,6.2,309.1,293.7,D,0
-21.895,116.5723,334.1,2.3,1.5,2014-03-18,0201,Terra,MODIS,79,6.2,306.8,61.1,D,0
-21.5461,117.7383,341.4,1.9,1.4,2014-03-18,0201,Terra,MODIS,85,6.2,299.8,89,D,0
-21.5367,117.7332,340.1,1.9,1.4,2014-03-18,0201,Terra,MODIS,87,6.2,297.8,81.7,D,0
-21.4244,117.0748,342,2.2,1.4,2014-03-18,0201,Terra,MODIS,88,6.2,305.4,96.2,D,0
-21.4225,117.0682,361.2,2.2,1.4,2014-03-18,0201,Terra,MODIS,100,6.2,305.7,228.6,D,0
-21.4647,117.0808,348.5,2.2,1.4,2014-03-18,0201,Terra,MODIS,93,6.2,304.8,134.3,D,0
-21.4686,117.1013,329.3,2.1,1.4,2014-03-18,0201,Terra,MODIS,74,6.2,305.3,36.8,D,0
-21.395,117.0597,327,2.2,1.4,2014-03-18,0201,Terra,MODIS,70,6.2,304.5,31.9,D,0
-21.3989,117.0806,328.7,2.2,1.4,2014-03-18,0201,Terra,MODIS,73,6.2,304.7,37.8,D,0
-21.4078,117.0569,351.4,2.2,1.4,2014-03-18,0201,Terra,MODIS,95,6.2,305.9,156.4,D,0
-21.4116,117.0777,354.2,2.2,1.4,2014-03-18,0201,Terra,MODIS,96,6.2,307.4,174.3,D,0
-21.4205,117.0541,337.7,2.2,1.4,2014-03-18,0201,Terra,MODIS,84,6.2,304.1,76.8,D,0
-21.4058,117.0504,325.7,2.2,1.4,2014-03-18,0201,Terra,MODIS,35,6.2,304.4,25.5,D,0
-21.4098,117.0711,347.3,2.2,1.4,2014-03-18,0201,Terra,MODIS,92,6.2,307.3,126.8,D,0
-21.4185,117.0476,326,2.2,1.4,2014-03-18,0201,Terra,MODIS,57,6.2,303.4,27.5,D,0
-20.5761,118.7794,335.7,1.7,1.3,2014-03-18,0201,Terra,MODIS,81,6.2,305.6,43.2,D,0
-20.5847,118.7608,327.4,1.7,1.3,2014-03-18,0201,Terra,MODIS,65,6.2,303.8,19.8,D,0
-20.5876,118.7771,328.6,1.7,1.3,2014-03-18,0201,Terra,MODIS,65,6.2,304.5,21.1,D,0
-20.5255,118.4981,325.1,1.8,1.3,2014-03-18,0201,Terra,MODIS,60,6.2,300.8,19.1,D,0
-20.5285,118.515,334.8,1.8,1.3,2014-03-18,0201,Terra,MODIS,80,6.2,301.1,47.8,D,0
-20.5372,118.4958,352.9,1.8,1.3,2014-03-18,0201,Terra,MODIS,95,6.2,300.7,125.1,D,0
-20.5402,118.5127,351.8,1.8,1.3,2014-03-18,0201,Terra,MODIS,95,6.2,301.9,118.5,D,0
-20.5519,118.5103,325.6,1.8,1.3,2014-03-18,0201,Terra,MODIS,62,6.2,299.2,18.5,D,0
-20.4353,119.7414,377,1.5,1.2,2014-03-18,0201,Terra,MODIS,87,6.2,296.4,218.3,D,0
-20.4377,119.7554,425.6,1.5,1.2,2014-03-18,0201,Terra,MODIS,100,6.2,316.1,747.8,D,0
-20.4402,119.7694,349.7,1.5,1.2,2014-03-18,0201,Terra,MODIS,91,6.2,306.5,76.9,D,0
-20.4484,119.7534,419.2,1.5,1.2,2014-03-18,0201,Terra,MODIS,100,6.2,311.2,648.7,D,0
-22.8672,115.0423,325.8,2.8,1.6,2014-03-18,0202,Terra,MODIS,59,6.2,305.8,40.6,D,0
-22.8684,115.0352,328,2.8,1.6,2014-03-18,0202,Terra,MODIS,67,6.2,305.8,53.2,D,0
-22.7172,117.7089,339,1.8,1.3,2014-03-18,0202,Terra,MODIS,85,6.2,308.4,64.8,D,0
-22.6722,115.3841,325.7,2.7,1.6,2014-03-18,0202,Terra,MODIS,55,6.2,306.8,33.7,D,0
-22.729,117.7064,327.2,1.8,1.3,2014-03-18,0202,Terra,MODIS,68,6.2,307.1,25.1,D,0
-33.23,117.2931,320.2,1.2,1.1,2014-03-18,0204,Terra,MODIS,68,6.2,302,11.9,D,0
-32.9712,119.0513,327.1,1.1,1,2014-03-18,0204,Terra,MODIS,77,6.2,304.8,16.4,D,0
-33.8198,120.3488,344,1,1,2014-03-18,0204,Terra,MODIS,92,6.2,305.6,39.6,D,0
-33.8214,120.3596,330.3,1,1,2014-03-18,0204,Terra,MODIS,81,6.2,304.4,17.7,D,0
-33.2202,121.6651,320.2,1,1,2014-03-18,0204,Terra,MODIS,71,6.2,297.2,10,D,0
-33.2112,121.6669,330.5,1,1,2014-03-18,0204,Terra,MODIS,83,6.2,301.2,21.2,D,0
-33.193,121.6704,325.6,1,1,2014-03-18,0204,Terra,MODIS,78,6.2,298,15,D,0
-33.1844,121.6668,349.5,1,1,2014-03-18,0204,Terra,MODIS,95,6.2,301.6,52.4,D,0
-33.2315,117.2989,349.6,1.2,1.1,2014-03-18,0204,Terra,MODIS,95,6.2,303.2,72,D,0
-33.2338,117.3122,338,1.2,1.1,2014-03-18,0204,Terra,MODIS,87,6.2,303.2,42.1,D,0
-33.2324,117.3065,348.2,1.2,1.1,2014-03-18,0204,Terra,MODIS,94,6.2,304.2,68.1,D,0
-33.2335,121.2455,323.5,1,1,2014-03-18,0204,Terra,MODIS,41,6.2,300.8,12,D,0
-33.2198,121.215,316.1,1,1,2014-03-18,0204,Terra,MODIS,39,6.2,299.3,7.1,D,0
-33.2127,121.223,336.8,1,1,2014-03-18,0204,Terra,MODIS,87,6.2,302.4,29.3,D,0
-33.5192,118.7988,324.9,1.1,1,2014-03-18,0204,Terra,MODIS,74,6.2,304.9,12.6,D,0
-32.4907,117.8289,325.9,1.2,1.1,2014-03-18,0204,Terra,MODIS,75,6.2,305.7,16.5,D,0
-31.7324,117.7306,326.2,1.3,1.1,2014-03-18,0204,Terra,MODIS,75,6.2,305.5,17.5,D,0
-33.2426,121.2436,327,1,1,2014-03-18,0204,Terra,MODIS,71,6.2,298.9,15,D,0
-30.5409,116.6261,326.6,1.5,1.2,2014-03-18,0204,Terra,MODIS,75,6.2,303.8,25,D,0
-32.2351,118.686,330.3,1.1,1.1,2014-03-18,0204,Terra,MODIS,80,6.2,305.2,22.1,D,0
-32.2371,118.6979,326.6,1.1,1.1,2014-03-18,0204,Terra,MODIS,76,6.2,303.9,16.7,D,0
-32.2446,118.6839,337.5,1.1,1.1,2014-03-18,0204,Terra,MODIS,87,6.2,305.5,34.4,D,0
-30.5517,116.6234,328.1,1.5,1.2,2014-03-18,0204,Terra,MODIS,77,6.2,303.9,28.3,D,0
-32.4889,117.8227,332.5,1.2,1.1,2014-03-18,0204,Terra,MODIS,83,6.2,306,27.6,D,0
-32.2466,118.6957,328.6,1.1,1.1,2014-03-18,0204,Terra,MODIS,78,6.2,304.3,19.9,D,0
-32.4791,117.8251,321.4,1.2,1.1,2014-03-18,0204,Terra,MODIS,68,6.2,305.5,10.7,D,0
-33.2441,121.2544,325,1,1,2014-03-18,0204,Terra,MODIS,62,6.2,300.8,13.3,D,0
-30.2031,116.4358,323.2,1.6,1.2,2014-03-18,0204,Terra,MODIS,68,6.2,305,16.9,D,0
-30.6688,116.5711,329.3,1.5,1.2,2014-03-18,0204,Terra,MODIS,78,6.2,304.8,30.7,D,0
-33.508,118.7894,323.7,1.1,1,2014-03-18,0204,Terra,MODIS,69,6.2,304.8,11.4,D,0
-30.202,116.4293,325.2,1.6,1.2,2014-03-18,0204,Terra,MODIS,72,6.2,305.2,22.2,D,0
-32.4885,117.8161,320.1,1.2,1.1,2014-03-18,0204,Terra,MODIS,45,6.2,305.5,8.5,D,0
-33.5173,118.7873,334,1.1,1,2014-03-18,0204,Terra,MODIS,84,6.2,304.7,25.6,D,0
-32.3904,119.3017,319.6,1.1,1,2014-03-18,0204,Terra,MODIS,65,6.2,306.2,7,D,0
-31.3407,117.2054,319.1,1.4,1.2,2014-03-18,0204,Terra,MODIS,60,6.2,304.2,9.9,D,0
-30.5547,116.639,328.7,1.5,1.2,2014-03-18,0204,Terra,MODIS,67,6.2,304.5,29.6,D,0
-28.3446,150.1689,318.9,4.6,2,2014-03-18,0306,Aqua,MODIS,56,6.2,293.6,43.7,D,0
-42.0949,147.339,327.3,1.5,1.2,2014-03-18,0440,Aqua,MODIS,85,6.2,295.8,41,D,0
-42.0926,147.3526,311.8,1.6,1.2,2014-03-18,0440,Aqua,MODIS,72,6.2,294,15.2,D,0
-42.6182,147.6497,320.3,1.6,1.2,2014-03-18,0440,Aqua,MODIS,72,6.2,296.1,29.2,D,0
-42.0963,147.334,322.2,1.5,1.2,2014-03-18,0440,Aqua,MODIS,81,6.2,295.9,32.8,D,0
-42.2266,147.2134,313.8,1.5,1.2,2014-03-18,0440,Aqua,MODIS,56,6.2,291,23.2,D,0
-42.2257,147.2062,309.5,1.5,1.2,2014-03-18,0440,Aqua,MODIS,47,6.2,290.4,16.2,D,0
-33.9818,148.5266,316.4,2.9,1.6,2014-03-18,0442,Aqua,MODIS,55,6.2,300.6,22,D,0
-33.9888,148.4961,347.4,2.9,1.6,2014-03-18,0442,Aqua,MODIS,93,6.2,302.2,219.7,D,0
-33.9827,148.5224,322.9,2.9,1.6,2014-03-18,0442,Aqua,MODIS,71,6.2,300.6,50.3,D,0
-33.9895,148.4919,342.2,2.9,1.6,2014-03-18,0442,Aqua,MODIS,90,6.2,302.3,173.7,D,0
-33.9785,148.1381,325,2.7,1.6,2014-03-18,0442,Aqua,MODIS,74,6.2,302.7,54.8,D,0
-33.9694,148.1576,320.9,2.7,1.6,2014-03-18,0442,Aqua,MODIS,67,6.2,302.2,33.5,D,0
-33.7557,148.0757,324.9,2.7,1.6,2014-03-18,0442,Aqua,MODIS,73,6.2,302.8,48.6,D,0
-34.5017,148.5063,317.7,2.8,1.6,2014-03-18,0442,Aqua,MODIS,55,6.2,298.6,39.5,D,0
-33.9419,147.8153,332.7,2.6,1.6,2014-03-18,0442,Aqua,MODIS,83,6.2,299.8,86.9,D,0
-33.9481,147.7877,335.1,2.6,1.5,2014-03-18,0442,Aqua,MODIS,85,6.2,302.7,100.7,D,0
-33.9526,147.8143,332,2.6,1.6,2014-03-18,0442,Aqua,MODIS,75,6.2,303.3,83,D,0
-33.9587,147.7866,325.8,2.6,1.5,2014-03-18,0442,Aqua,MODIS,44,6.2,302.1,51.4,D,0
-33.9389,147.8098,326.1,2.6,1.6,2014-03-18,0442,Aqua,MODIS,75,6.2,296.7,55.9,D,0
-35.8797,144.5125,320.7,1.5,1.2,2014-03-18,0442,Aqua,MODIS,65,6.2,303.7,12.1,D,0
-35.8827,144.4963,342.5,1.5,1.2,2014-03-18,0442,Aqua,MODIS,90,6.2,305.5,65.9,D,0
-35.5194,146.0879,325.2,1.9,1.3,2014-03-18,0442,Aqua,MODIS,75,6.2,306.7,24.9,D,0
-33.7084,147.511,321.2,2.5,1.5,2014-03-18,0442,Aqua,MODIS,65,6.2,304.3,28.1,D,0
-34.2648,147.7284,324.1,2.5,1.5,2014-03-18,0442,Aqua,MODIS,66,6.2,300.9,42.4,D,0
-34.6007,146.3908,349.1,2,1.4,2014-03-18,0442,Aqua,MODIS,94,6.2,300.9,140.9,D,0
-34.6052,146.3688,357.9,2,1.4,2014-03-18,0442,Aqua,MODIS,99,6.2,304.9,199.8,D,0
-35.5312,146.0915,323.2,1.9,1.3,2014-03-18,0442,Aqua,MODIS,72,6.2,306.5,18.3,D,0
-35.5269,146.0831,330.5,1.9,1.3,2014-03-18,0442,Aqua,MODIS,81,6.2,307,41.7,D,0
-34.7378,146.757,353.7,2.1,1.4,2014-03-18,0442,Aqua,MODIS,97,6.2,304,180.5,D,0
-35.5216,146.5101,318.5,2,1.4,2014-03-18,0442,Aqua,MODIS,64,6.2,303.3,12.4,D,0
-34.2289,146.4447,324.2,2.1,1.4,2014-03-18,0442,Aqua,MODIS,71,6.2,306.2,24.2,D,0
-34.6874,146.7411,328.8,2.1,1.4,2014-03-18,0442,Aqua,MODIS,78,6.2,302.3,49,D,0
-34.7352,146.7614,344.3,2.1,1.4,2014-03-18,0442,Aqua,MODIS,91,6.2,302.7,122.6,D,0
-34.1611,147.6084,320.5,2.5,1.5,2014-03-18,0442,Aqua,MODIS,58,6.2,300.3,25.8,D,0
-34.2307,146.4404,322.8,2.1,1.4,2014-03-18,0442,Aqua,MODIS,68,6.2,306.3,21.6,D,0
-34.1397,147.2897,321.9,2.4,1.5,2014-03-18,0442,Aqua,MODIS,31,6.2,303.5,28.4,D,0
-35.4234,146.4038,323.1,2,1.4,2014-03-18,0442,Aqua,MODIS,72,6.2,304.8,24.3,D,0
-35.2799,145.327,326.1,1.7,1.3,2014-03-18,0442,Aqua,MODIS,74,6.2,304.2,23.8,D,0
-34.1398,147.3093,321.7,2.4,1.5,2014-03-18,0442,Aqua,MODIS,45,6.2,302.4,32.7,D,0
-35.5221,146.5154,321.6,2,1.4,2014-03-18,0442,Aqua,MODIS,68,6.2,304.3,19.7,D,0
-34.7425,146.7342,329.7,2.1,1.4,2014-03-18,0442,Aqua,MODIS,79,6.2,302.7,53.2,D,0
-35.4165,145.5789,322.4,1.7,1.3,2014-03-18,0442,Aqua,MODIS,69,6.2,304,22.5,D,0
-35.419,146.4251,320.8,2,1.4,2014-03-18,0442,Aqua,MODIS,69,6.2,304.4,17.7,D,0
-34.7401,146.7387,342.7,2.1,1.4,2014-03-18,0442,Aqua,MODIS,90,6.2,302.3,113.3,D,0
-34.823,147.3052,323,2.3,1.5,2014-03-18,0442,Aqua,MODIS,55,6.2,298,39.8,D,0
-34.2568,147.7334,318.5,2.5,1.5,2014-03-18,0442,Aqua,MODIS,28,6.2,301,25,D,0
-33.6099,136.662,322.6,1.1,1,2014-03-18,0443,Aqua,MODIS,38,6.2,305.3,9.2,D,0
-32.2421,134.3591,325.5,1.3,1.1,2014-03-18,0443,Aqua,MODIS,57,6.2,306.7,8.4,D,0
-34.0839,137.9281,326.5,1,1,2014-03-18,0443,Aqua,MODIS,66,6.2,300.9,15.9,D,0
-32.3085,147.1805,324.9,2.6,1.6,2014-03-18,0443,Aqua,MODIS,71,6.2,305.7,40.3,D,0
-33.4903,146.6595,320.1,2.3,1.5,2014-03-18,0443,Aqua,MODIS,62,6.2,305,19,D,0
-33.0561,135.0365,322.5,1.2,1.1,2014-03-18,0443,Aqua,MODIS,53,6.2,302.3,10.3,D,0
-33.698,146.873,323.6,2.3,1.5,2014-03-18,0443,Aqua,MODIS,69,6.2,304.4,32.6,D,0
-32.9467,146.7148,321.5,2.3,1.5,2014-03-18,0443,Aqua,MODIS,59,6.2,304.7,23.6,D,0
-33.6005,136.6603,348.5,1.1,1,2014-03-18,0443,Aqua,MODIS,93,6.2,308,51.7,D,0
-34.186,135.7719,327.4,1.2,1.1,2014-03-18,0443,Aqua,MODIS,43,6.2,304.9,16.8,D,0
-33.5911,136.6586,323.7,1.1,1,2014-03-18,0443,Aqua,MODIS,47,6.2,306,9.5,D,0
-33.702,146.8667,321,2.3,1.5,2014-03-18,0443,Aqua,MODIS,41,6.2,304.6,20.9,D,0
-33.4189,146.4327,334.3,2.2,1.4,2014-03-18,0443,Aqua,MODIS,83,6.2,305.1,72.9,D,0
-34.1003,135.8948,340,1.2,1.1,2014-03-18,0443,Aqua,MODIS,88,6.2,307.6,35.3,D,0
-34.1845,135.7848,375.7,1.2,1.1,2014-03-18,0443,Aqua,MODIS,100,6.2,307,157.9,D,0
-34.11,135.8965,366.2,1.2,1.1,2014-03-18,0443,Aqua,MODIS,100,6.2,310.3,111.5,D,0
-34.1399,135.7324,330.3,1.2,1.1,2014-03-18,0443,Aqua,MODIS,64,6.2,306.3,22.4,D,0
-34.1116,135.8839,326.2,1.2,1.1,2014-03-18,0443,Aqua,MODIS,49,6.2,307.6,11.7,D,0
-33.4209,146.4261,325.5,2.2,1.4,2014-03-18,0443,Aqua,MODIS,73,6.2,305.3,36.7,D,0
-34.6024,137.5573,321.1,1,1,2014-03-18,0443,Aqua,MODIS,70,6.2,302.2,9.7,D,0
-32.3039,147.1711,322.8,2.6,1.6,2014-03-18,0443,Aqua,MODIS,64,6.2,306.6,32,D,0
-33.6094,146.4787,324.3,2.2,1.4,2014-03-18,0443,Aqua,MODIS,71,6.2,305.7,27.7,D,0
-34.1416,135.7249,324.4,1.2,1.1,2014-03-18,0443,Aqua,MODIS,71,6.2,304.9,10.9,D,0
-33.9702,137.9562,326.6,1,1,2014-03-18,0443,Aqua,MODIS,75,6.2,306,11.7,D,0
-34.2174,135.8428,325.1,1.2,1.1,2014-03-18,0443,Aqua,MODIS,71,6.2,306.1,17,D,0
-33.7679,135.8819,343.9,1.2,1.1,2014-03-18,0443,Aqua,MODIS,90,6.2,308.2,42.9,D,0
-33.9717,137.9452,335.4,1,1,2014-03-18,0443,Aqua,MODIS,84,6.2,307.5,23.6,D,0
-34.1401,135.7378,333.4,1.2,1.1,2014-03-18,0443,Aqua,MODIS,83,6.2,306.4,25,D,0
-29.3435,149.3096,358.1,4.3,1.9,2014-03-18,0444,Aqua,MODIS,99,6.2,304.9,537.2,D,0
-29.3602,149.315,383.1,4.3,1.9,2014-03-18,0444,Aqua,MODIS,100,6.2,305,1229.6,D,0
-29.3625,149.3237,353.6,4.3,1.9,2014-03-18,0444,Aqua,MODIS,96,6.2,302.9,459,D,0
-29.3431,149.3051,347.2,4.3,1.9,2014-03-18,0444,Aqua,MODIS,92,6.2,305.4,335.5,D,0
-29.3729,149.281,332.9,4.2,1.9,2014-03-18,0444,Aqua,MODIS,67,6.2,307.2,140.5,D,0
-29.3537,149.2669,336.2,4.2,1.9,2014-03-18,0444,Aqua,MODIS,83,6.2,308.3,173.2,D,0
-29.3704,149.2722,332.1,4.2,1.9,2014-03-18,0444,Aqua,MODIS,73,6.2,308,126.8,D,0
-29.2445,149.4181,340.5,4.3,1.9,2014-03-18,0444,Aqua,MODIS,87,6.2,301,245.8,D,0
-29.2449,149.4136,343.8,4.3,1.9,2014-03-18,0444,Aqua,MODIS,90,6.2,301.6,293.9,D,0
-29.228,149.4083,327.9,4.3,1.9,2014-03-18,0444,Aqua,MODIS,65,6.2,302.6,89.2,D,0
-19.5316,144.0308,333.7,3.1,1.7,2014-03-18,0446,Aqua,MODIS,60,6.2,307.7,109.1,D,0
-19.5847,143.9859,328.2,3.1,1.7,2014-03-18,0446,Aqua,MODIS,60,6.2,302.5,76.5,D,0
-19.5929,144.0248,328,3.1,1.7,2014-03-18,0446,Aqua,MODIS,70,6.2,302.9,82.7,D,0
-19.4984,144.0294,323.5,3.1,1.7,2014-03-18,0446,Aqua,MODIS,58,6.2,303.7,55.6,D,0
-19.5016,144.0252,325.8,3.1,1.7,2014-03-18,0446,Aqua,MODIS,61,6.2,304.1,65.7,D,0
-19.5699,143.9823,342.7,3.1,1.7,2014-03-18,0446,Aqua,MODIS,88,6.2,304.4,184.7,D,0
-19.5642,144.0113,354.3,3.1,1.7,2014-03-18,0446,Aqua,MODIS,96,6.2,308.8,311.6,D,0
-19.5492,144.0087,334.7,3.1,1.7,2014-03-18,0446,Aqua,MODIS,81,6.2,306.2,119.8,D,0
-19.5791,144.0144,339.9,3.1,1.7,2014-03-18,0446,Aqua,MODIS,86,6.2,306,165.5,D,0
-19.594,144.0177,331.3,3.1,1.7,2014-03-18,0446,Aqua,MODIS,76,6.2,303,102.7,D,0
-19.5522,144.0042,337.8,3.1,1.7,2014-03-18,0446,Aqua,MODIS,82,6.2,306.7,138.9,D,0
-19.5284,144.0351,331.8,3.1,1.7,2014-03-18,0446,Aqua,MODIS,47,6.2,307.3,96.1,D,0
-19.5342,144.006,328.4,3.1,1.7,2014-03-18,0446,Aqua,MODIS,28,6.2,305.4,72.1,D,0
-19.5166,144.0282,323.9,3.1,1.7,2014-03-18,0446,Aqua,MODIS,16,6.2,305.1,51.5,D,0
-18.4654,124.5077,331.9,4.2,1.9,2014-03-18,0447,Aqua,MODIS,80,6.2,289.6,170.9,D,0
-18.5235,124.4818,320.9,4.2,1.9,2014-03-18,0447,Aqua,MODIS,39,6.2,284.7,68.6,D,0
-20.3611,129.1582,329.8,2,1.4,2014-03-18,0447,Aqua,MODIS,56,6.2,306.8,32.4,D,0
-14.3,133.7601,328.8,1,1,2014-03-18,0448,Aqua,MODIS,70,6.2,305.6,13.6,D,0
-14.1521,130.3038,325.3,1.4,1.2,2014-03-18,0448,Aqua,MODIS,72,6.2,306.1,19.9,D,0
-14.1596,130.2975,322.3,1.4,1.2,2014-03-18,0448,Aqua,MODIS,52,6.2,305.6,14.6,D,0
-13.984,134.1078,326,1,1,2014-03-18,0448,Aqua,MODIS,66,6.2,304.2,12.1,D,0
-13.9827,134.117,334,1,1,2014-03-18,0448,Aqua,MODIS,80,6.2,304.8,22.4,D,0
-15.1803,131.7703,324.6,1.1,1.1,2014-03-18,0448,Aqua,MODIS,67,6.2,306.4,12.8,D,0
-15.1817,131.7597,323.8,1.2,1.1,2014-03-18,0448,Aqua,MODIS,65,6.2,306.7,11.6,D,0
-14.0493,134.1611,322.6,1,1,2014-03-18,0448,Aqua,MODIS,53,6.2,305.1,9,D,0
-14.039,134.1689,330.2,1,1,2014-03-18,0448,Aqua,MODIS,75,6.2,305.2,16.9,D,0
-14.3411,132.4113,329.1,1.1,1,2014-03-18,0448,Aqua,MODIS,72,6.2,311.1,11.9,D,0
-17.1415,126.5175,328.5,2.8,1.6,2014-03-18,0448,Aqua,MODIS,81,6.2,296.5,70.8,D,0
-12.6308,131.6976,348.1,1.1,1,2014-03-18,0449,Aqua,MODIS,94,6.2,283.1,62.9,D,0
-12.6294,131.7077,341.6,1.1,1,2014-03-18,0449,Aqua,MODIS,91,6.2,286.7,48.5,D,0
-33.8293,120.3353,326.8,1.8,1.3,2014-03-18,0621,Aqua,MODIS,77,6.2,302.1,32.3,D,0
-33.8344,120.3419,334.9,1.8,1.3,2014-03-18,0621,Aqua,MODIS,85,6.2,302.6,56.5,D,0
-33.8306,120.3606,334.9,1.8,1.3,2014-03-18,0621,Aqua,MODIS,85,6.2,304.7,56.5,D,0
-33.7371,120.7392,319.5,1.9,1.3,2014-03-18,0621,Aqua,MODIS,67,6.2,302.8,19.9,D,0
-33.8256,120.354,337.6,1.8,1.3,2014-03-18,0621,Aqua,MODIS,87,6.2,304.6,66,D,0
-34.6002,117.5248,324.5,1.2,1.1,2014-03-18,0621,Aqua,MODIS,59,6.2,300.7,17,D,0
-33.2659,118.9543,332.7,1.5,1.2,2014-03-18,0622,Aqua,MODIS,78,6.2,310.7,28.3,D,0
-32.7106,118.0212,331,1.4,1.2,2014-03-18,0622,Aqua,MODIS,74,6.2,314.7,17.2,D,0
-32.7313,117.9665,334.9,1.3,1.2,2014-03-18,0622,Aqua,MODIS,80,6.2,312.7,26.1,D,0
-32.7287,117.9808,337.2,1.4,1.2,2014-03-18,0622,Aqua,MODIS,83,6.2,313.9,31.4,D,0
-31.2816,116.364,327,1.2,1.1,2014-03-18,0622,Aqua,MODIS,44,6.2,310.9,11.3,D,0
-31.2837,116.3515,333.6,1.2,1.1,2014-03-18,0622,Aqua,MODIS,74,6.2,310.7,23.5,D,0
-32.6892,118.1986,327.1,1.4,1.2,2014-03-18,0622,Aqua,MODIS,65,6.2,311.9,11.6,D,0
-31.0251,118.1677,331.5,1.5,1.2,2014-03-18,0622,Aqua,MODIS,73,6.2,316.6,17.6,D,0
-31.3448,118.0588,332,1.4,1.2,2014-03-18,0622,Aqua,MODIS,72,6.2,316.4,17.5,D,0
-31.428,118.0552,332.5,1.4,1.2,2014-03-18,0622,Aqua,MODIS,73,6.2,314.9,22.1,D,0
-31.1977,116.7382,335.4,1.2,1.1,2014-03-18,0622,Aqua,MODIS,79,6.2,315.3,20,D,0
-31.1878,116.7359,333,1.2,1.1,2014-03-18,0622,Aqua,MODIS,75,6.2,313.7,17.4,D,0
-32.2308,117.6564,327.6,1.3,1.1,2014-03-18,0622,Aqua,MODIS,66,6.2,314.3,11.5,D,0
-31.1618,116.5912,335.4,1.2,1.1,2014-03-18,0622,Aqua,MODIS,72,6.2,316.5,19.4,D,0
-31.164,116.5785,331.9,1.2,1.1,2014-03-18,0622,Aqua,MODIS,42,6.2,316.4,12.1,D,0
-30.6867,116.5412,333.1,1.2,1.1,2014-03-18,0622,Aqua,MODIS,49,6.2,314.4,13.3,D,0
-32.3667,117.7687,328.4,1.3,1.1,2014-03-18,0622,Aqua,MODIS,69,6.2,312,12.6,D,0
-32.3643,117.7828,328.3,1.3,1.1,2014-03-18,0622,Aqua,MODIS,68,6.2,312.8,13.2,D,0
-32.4011,117.7402,336.7,1.3,1.1,2014-03-18,0622,Aqua,MODIS,82,6.2,314.2,30.8,D,0
-32.4909,117.8714,325.4,1.3,1.1,2014-03-18,0622,Aqua,MODIS,61,6.2,310,7.8,D,0
-32.4884,117.8855,341.5,1.3,1.2,2014-03-18,0622,Aqua,MODIS,87,6.2,313.8,43.1,D,0
-32.4727,118.1547,339.7,1.4,1.2,2014-03-18,0622,Aqua,MODIS,80,6.2,313.8,39.8,D,0
-32.4592,118.2911,327.6,1.4,1.2,2014-03-18,0622,Aqua,MODIS,66,6.2,313.4,12.7,D,0
-32.1084,118.6347,327.6,1.5,1.2,2014-03-18,0622,Aqua,MODIS,52,6.2,311.4,11.2,D,0
-32.1193,118.6376,346.5,1.5,1.2,2014-03-18,0622,Aqua,MODIS,91,6.2,315.6,64.8,D,0
-32.1223,118.6272,333.7,1.5,1.2,2014-03-18,0622,Aqua,MODIS,78,6.2,314.3,24.5,D,0
-32.1193,118.643,344.8,1.5,1.2,2014-03-18,0622,Aqua,MODIS,90,6.2,315.6,57.9,D,0
-32.8178,118.6892,333.1,1.5,1.2,2014-03-18,0622,Aqua,MODIS,67,6.2,313.7,26,D,0
-31.3698,117.6809,332.7,1.4,1.2,2014-03-18,0622,Aqua,MODIS,73,6.2,315.6,18.4,D,0
-31.3633,117.6887,331.6,1.4,1.2,2014-03-18,0622,Aqua,MODIS,70,6.2,315.7,17.3,D,0
-31.3658,117.6744,330.9,1.4,1.2,2014-03-18,0622,Aqua,MODIS,68,6.2,315.7,15.8,D,0
-31.3693,117.4108,328.7,1.3,1.1,2014-03-18,0622,Aqua,MODIS,62,6.2,313.7,10.9,D,0
-31.3481,117.2906,334.3,1.3,1.1,2014-03-18,0622,Aqua,MODIS,67,6.2,316.3,19.5,D,0
-31.3675,117.1818,333.7,1.3,1.1,2014-03-18,0622,Aqua,MODIS,60,6.2,315.5,17.7,D,0
-31.3512,117.2845,334.3,1.3,1.1,2014-03-18,0622,Aqua,MODIS,65,6.2,316,19.5,D,0
-31.3598,117.1732,341.8,1.3,1.1,2014-03-18,0622,Aqua,MODIS,86,6.2,315.1,35.9,D,0
-31.3621,117.1597,330.2,1.3,1.1,2014-03-18,0622,Aqua,MODIS,19,6.2,313.2,10,D,0
-31.6801,117.0392,331.7,1.3,1.1,2014-03-18,0622,Aqua,MODIS,72,6.2,314.5,16.6,D,0
-33.2551,118.9515,331.2,1.5,1.2,2014-03-18,0622,Aqua,MODIS,69,6.2,308,26.7,D,0
-31.7355,118.6458,338.2,1.5,1.2,2014-03-18,0622,Aqua,MODIS,83,6.2,312.6,42.4,D,0
-31.7385,118.6298,344.9,1.5,1.2,2014-03-18,0622,Aqua,MODIS,89,6.2,314.5,64.8,D,0
-33.209,118.9557,332.6,1.5,1.2,2014-03-18,0622,Aqua,MODIS,67,6.2,309.9,29.4,D,0
-31.6925,118.7538,337.7,1.6,1.2,2014-03-18,0622,Aqua,MODIS,82,6.2,316,40.3,D,0
-31.543,117.2368,328.7,1.3,1.1,2014-03-18,0622,Aqua,MODIS,63,6.2,313.2,12.4,D,0
-31.5431,117.2442,328.1,1.3,1.1,2014-03-18,0622,Aqua,MODIS,58,6.2,313.2,10.9,D,0
-30.7962,116.7397,341.8,1.3,1.1,2014-03-18,0622,Aqua,MODIS,75,6.2,299.2,47.9,D,0
-30.7985,116.7268,352.2,1.3,1.1,2014-03-18,0622,Aqua,MODIS,96,6.2,309.3,75.4,D,0
-30.7985,116.7349,343.9,1.3,1.1,2014-03-18,0622,Aqua,MODIS,51,6.2,305.9,55.9,D,0
-31.3692,116.6975,327.8,1.2,1.1,2014-03-18,0622,Aqua,MODIS,50,6.2,313.2,9.2,D,0
-31.3714,116.6846,337.5,1.2,1.1,2014-03-18,0622,Aqua,MODIS,80,6.2,312.4,27.7,D,0
-33.3935,118.5253,329.6,1.4,1.2,2014-03-18,0622,Aqua,MODIS,71,6.2,306.4,23.2,D,0
-32.9643,119.4511,330.9,1.6,1.3,2014-03-18,0622,Aqua,MODIS,71,6.2,311.9,25.1,D,0
-32.9676,119.4339,332.3,1.6,1.3,2014-03-18,0622,Aqua,MODIS,77,6.2,309.6,28.9,D,0
-31.5587,117.6302,343.1,1.4,1.2,2014-03-18,0622,Aqua,MODIS,87,6.2,313.7,46.2,D,0
-31.7654,117.4458,333.7,1.3,1.1,2014-03-18,0622,Aqua,MODIS,29,6.2,313.1,19.1,D,0
-31.763,117.4596,335.4,1.3,1.1,2014-03-18,0622,Aqua,MODIS,57,6.2,313.1,23.1,D,0
-31.7837,117.4414,335.8,1.3,1.1,2014-03-18,0622,Aqua,MODIS,43,6.2,315.7,22.7,D,0
-31.7788,117.469,336.8,1.3,1.1,2014-03-18,0622,Aqua,MODIS,55,6.2,313.3,27.4,D,0
-31.921,117.1372,343.4,1.3,1.1,2014-03-18,0622,Aqua,MODIS,88,6.2,315,43.4,D,0
-31.9187,117.1506,329.4,1.3,1.1,2014-03-18,0622,Aqua,MODIS,68,6.2,312.7,13.1,D,0
-31.7839,116.675,335.6,1.2,1.1,2014-03-18,0622,Aqua,MODIS,79,6.2,313.2,24.5,D,0
-33.0032,116.8828,328.5,1.2,1.1,2014-03-18,0622,Aqua,MODIS,64,6.2,314.8,11.2,D,0
-33.4148,116.6971,326.1,1.1,1.1,2014-03-18,0622,Aqua,MODIS,61,6.2,310.7,11,D,0
-33.2119,117.2869,353.9,1.2,1.1,2014-03-18,0622,Aqua,MODIS,96,6.2,309.3,73.2,D,0
-33.2241,117.2763,328,1.2,1.1,2014-03-18,0622,Aqua,MODIS,66,6.2,311.7,12.9,D,0
-33.2218,117.2893,381.5,1.2,1.1,2014-03-18,0622,Aqua,MODIS,100,6.2,313.6,193.3,D,0
-31.4395,118.7375,332.6,1.6,1.2,2014-03-18,0622,Aqua,MODIS,74,6.2,314.6,28.7,D,0
-32.7243,119.3139,330,1.6,1.2,2014-03-18,0622,Aqua,MODIS,73,6.2,311.5,24,D,0
-32.7132,119.3109,340.6,1.6,1.2,2014-03-18,0622,Aqua,MODIS,86,6.2,313,55.3,D,0
-32.9823,119.0518,374.7,1.5,1.2,2014-03-18,0622,Aqua,MODIS,100,6.2,315.2,215.4,D,0
-32.9853,119.0356,374.8,1.5,1.2,2014-03-18,0622,Aqua,MODIS,100,6.2,318.8,215.6,D,0
-32.9399,119.213,332.2,1.6,1.2,2014-03-18,0622,Aqua,MODIS,77,6.2,313.2,26.5,D,0
-32.9714,119.0489,354.2,1.5,1.2,2014-03-18,0622,Aqua,MODIS,96,6.2,313.7,99.9,D,0
-32.9745,119.0326,337.8,1.5,1.2,2014-03-18,0622,Aqua,MODIS,83,6.2,314.6,39.8,D,0
-32.9829,119.0464,379.2,1.5,1.2,2014-03-18,0622,Aqua,MODIS,100,6.2,318.1,247.5,D,0
-32.9859,119.0302,340.8,1.5,1.2,2014-03-18,0622,Aqua,MODIS,86,6.2,316.7,49,D,0
-32.9415,119.2078,328.5,1.6,1.2,2014-03-18,0622,Aqua,MODIS,70,6.2,313.3,18.9,D,0
-32.969,119.0596,325.2,1.5,1.2,2014-03-18,0622,Aqua,MODIS,54,6.2,311.8,10.1,D,0
-32.972,119.0434,355.5,1.5,1.2,2014-03-18,0622,Aqua,MODIS,97,6.2,314.7,106.6,D,0
-32.6017,119.2196,328.3,1.6,1.2,2014-03-18,0622,Aqua,MODIS,69,6.2,310.5,20.6,D,0
-32.6128,119.2226,327.6,1.6,1.2,2014-03-18,0622,Aqua,MODIS,59,6.2,313,19.2,D,0
-33.8437,118.5965,349.5,1.4,1.2,2014-03-18,0622,Aqua,MODIS,94,6.2,303.6,79.1,D,0
-33.841,118.6114,327.3,1.4,1.2,2014-03-18,0622,Aqua,MODIS,74,6.2,300.9,22.4,D,0
-29.3725,115.6219,336.7,1.2,1.1,2014-03-18,0623,Aqua,MODIS,75,6.2,318.4,17.8,D,0
-30.4475,116.4415,331.5,1.2,1.1,2014-03-18,0623,Aqua,MODIS,75,6.2,314.7,13.4,D,0
-29.2002,115.4864,337,1.2,1.1,2014-03-18,0623,Aqua,MODIS,61,6.2,317.3,17,D,0
-29.181,115.4823,349.9,1.2,1.1,2014-03-18,0623,Aqua,MODIS,93,6.2,322.1,44.3,D,0
-29.1886,115.4962,358.3,1.2,1.1,2014-03-18,0623,Aqua,MODIS,98,6.2,320.7,67.8,D,0
-29.1906,115.4844,347.5,1.2,1.1,2014-03-18,0623,Aqua,MODIS,91,6.2,320.2,37.8,D,0
-29.179,115.4941,340.2,1.2,1.1,2014-03-18,0623,Aqua,MODIS,83,6.2,321.3,21.5,D,0
-29.7809,115.4434,345.6,1.1,1.1,2014-03-18,0623,Aqua,MODIS,90,6.2,315,38.6,D,0
-29.4244,115.3654,347.2,1.1,1.1,2014-03-18,0623,Aqua,MODIS,90,6.2,320.5,37.7,D,0
-29.6488,116.0603,333.7,1.2,1.1,2014-03-18,0623,Aqua,MODIS,48,6.2,317.1,12.6,D,0
-29.4016,115.4449,332.6,1.1,1.1,2014-03-18,0623,Aqua,MODIS,66,6.2,316.6,10.8,D,0
-29.779,115.455,334.2,1.1,1.1,2014-03-18,0623,Aqua,MODIS,77,6.2,315.2,16.1,D,0
-30.6753,116.0056,331.7,1.2,1.1,2014-03-18,0623,Aqua,MODIS,73,6.2,314.1,12.4,D,0
-29.3786,115.4641,335.1,1.1,1.1,2014-03-18,0623,Aqua,MODIS,75,6.2,317.5,13,D,0
-29.4149,115.3634,341.8,1.1,1.1,2014-03-18,0623,Aqua,MODIS,85,6.2,319.2,26.6,D,0
-29.4846,115.4457,356.1,1.1,1.1,2014-03-18,0623,Aqua,MODIS,97,6.2,317.6,65.8,D,0
-29.6467,116.0726,338.1,1.2,1.1,2014-03-18,0623,Aqua,MODIS,82,6.2,317.6,20.1,D,0
-30.5982,116.4623,332.5,1.2,1.1,2014-03-18,0623,Aqua,MODIS,77,6.2,313.8,16,D,0
-30.1998,116.0809,321.6,1.2,1.1,2014-03-18,0623,Aqua,MODIS,30,6.2,295.9,13.2,D,0
-29.6173,116.0662,336,1.2,1.1,2014-03-18,0623,Aqua,MODIS,55,6.2,317.1,15.6,D,0
-29.2094,115.6729,366.7,1.2,1.1,2014-03-18,0623,Aqua,MODIS,100,6.2,314.2,104.5,D,0
-29.3666,115.6575,341.8,1.2,1.1,2014-03-18,0623,Aqua,MODIS,85,6.2,319.9,27.9,D,0
-20.3526,120.1595,352.6,3.4,1.7,2014-03-18,0625,Aqua,MODIS,90,6.2,294.2,319.5,D,0
-20.5574,118.5009,341.1,2.6,1.5,2014-03-18,0625,Aqua,MODIS,85,6.2,302,102,D,0
-20.3461,120.1921,340.1,3.5,1.8,2014-03-18,0625,Aqua,MODIS,80,6.2,283,172.6,D,0
-20.9424,121.2859,326.6,4,1.9,2014-03-18,0625,Aqua,MODIS,21,6.2,297.8,59.4,D,0
-20.3617,120.1957,342.5,3.5,1.8,2014-03-18,0625,Aqua,MODIS,87,6.2,301.1,194.3,D,0
-20.4947,119.7387,332,3.2,1.7,2014-03-18,0625,Aqua,MODIS,54,6.2,305.2,68.7,D,0
-21.9168,116.5298,391.4,1.8,1.3,2014-03-18,0625,Aqua,MODIS,75,6.2,300.2,433.3,D,0
-22.8978,115.0073,355.6,1.3,1.1,2014-03-18,0625,Aqua,MODIS,91,6.2,319.3,74.5,D,0
-22.9,114.9944,373,1.3,1.1,2014-03-18,0625,Aqua,MODIS,100,6.2,323.1,153.1,D,0
-22.8897,114.9924,350.8,1.3,1.1,2014-03-18,0625,Aqua,MODIS,80,6.2,319.6,56.9,D,0
-22.9103,114.9964,361.3,1.3,1.1,2014-03-18,0625,Aqua,MODIS,100,6.2,317.2,96.4,D,0
-22.799,115.4578,338.1,1.4,1.2,2014-03-18,0625,Aqua,MODIS,53,6.2,315.2,27.3,D,0
-22.6885,115.4088,399.6,1.4,1.2,2014-03-18,0625,Aqua,MODIS,100,6.2,322.8,376.5,D,0
-22.6908,115.3951,371.1,1.4,1.2,2014-03-18,0625,Aqua,MODIS,100,6.2,327.4,155.5,D,0
-22.6779,115.4067,356.6,1.4,1.2,2014-03-18,0625,Aqua,MODIS,97,6.2,321.8,80.2,D,0
-22.6802,115.3929,349.6,1.4,1.2,2014-03-18,0625,Aqua,MODIS,91,6.2,325,52.7,D,0
-22.9081,115.0094,359.6,1.3,1.1,2014-03-18,0625,Aqua,MODIS,99,6.2,315.9,89.6,D,0
-34.4591,150.8765,305.2,1.5,1.2,2014-03-18,1229,Terra,MODIS,63,6.2,291.5,12.5,N,0
-29.3395,149.3316,321.6,1.6,1.2,2014-03-18,1230,Terra,MODIS,100,6.2,293.7,37.3,N,0
-29.3638,149.3183,327,1.6,1.2,2014-03-18,1230,Terra,MODIS,100,6.2,290.3,50.6,N,0
-29.362,149.3347,308.8,1.6,1.2,2014-03-18,1230,Terra,MODIS,76,6.2,289.7,18.2,N,0
-29.3643,149.3073,308.9,1.6,1.2,2014-03-18,1230,Terra,MODIS,55,6.2,289.3,17.4,N,0
-29.3627,149.3238,326.4,1.6,1.2,2014-03-18,1230,Terra,MODIS,100,6.2,290.3,49.2,N,0
-29.361,149.3403,307.8,1.6,1.2,2014-03-18,1230,Terra,MODIS,18,6.2,290.1,15.2,N,0
-28.7617,149.96,309.4,1.4,1.2,2014-03-18,1230,Terra,MODIS,77,6.2,293.1,13.4,N,0
-29.343,149.2987,303.1,1.6,1.2,2014-03-18,1230,Terra,MODIS,21,6.2,289.1,10.2,N,0
-29.3413,149.3152,322,1.6,1.2,2014-03-18,1230,Terra,MODIS,100,6.2,292.9,38.2,N,0
-29.3525,149.3167,310,1.6,1.2,2014-03-18,1230,Terra,MODIS,15,6.2,291.6,17.6,N,0
-29.3508,149.3332,319.3,1.6,1.2,2014-03-18,1230,Terra,MODIS,98,6.2,293,33.5,N,0
-23.4854,148.3691,312,1.5,1.2,2014-03-18,1232,Terra,MODIS,84,6.2,294.1,17.1,N,0
-19.5817,144.0047,304.4,2.8,1.6,2014-03-18,1233,Terra,MODIS,14,6.2,292.8,21.8,N,0
-19.5384,143.999,304.2,2.8,1.6,2014-03-18,1233,Terra,MODIS,12,6.2,293,20.6,N,0
-19.5837,144.0104,304.3,2.8,1.6,2014-03-18,1233,Terra,MODIS,26,6.2,292.9,21.5,N,0
-35.9356,136.8421,308.5,1.5,1.2,2014-03-18,1407,Terra,MODIS,75,6.2,281.9,21.2,N,0
-35.9399,136.8319,306.9,1.5,1.2,2014-03-18,1407,Terra,MODIS,70,6.2,282.2,20.9,N,0
-33.4841,122.2561,304.7,2.6,1.5,2014-03-18,1408,Terra,MODIS,61,6.2,288.2,31.4,N,0
-21.3028,119.0281,307.3,3.1,1.7,2014-03-18,1411,Terra,MODIS,68,6.2,293.4,24.5,N,0
-21.3056,118.9979,310.1,3.1,1.7,2014-03-18,1411,Terra,MODIS,77,6.2,291.5,34.6,N,0
-21.3047,119.0226,310.2,3.1,1.7,2014-03-18,1411,Terra,MODIS,77,6.2,293.4,33.7,N,0
-21.3077,118.9924,306.3,3.1,1.7,2014-03-18,1411,Terra,MODIS,62,6.2,291.2,20.6,N,0
-21.3746,117.8326,310,3.8,1.8,2014-03-18,1411,Terra,MODIS,58,6.2,279.9,52.9,N,0
-21.3816,117.8654,305.3,3.8,1.8,2014-03-18,1411,Terra,MODIS,37,6.2,279,35.5,N,0
-21.3849,117.8286,307.6,3.8,1.8,2014-03-18,1411,Terra,MODIS,59,6.2,279.9,45.9,N,0
-21.385,117.9071,308.3,3.8,1.8,2014-03-18,1411,Terra,MODIS,66,6.2,279.1,50.7,N,0
-21.3784,117.9006,310,3.8,1.8,2014-03-18,1411,Terra,MODIS,67,6.2,280.1,57.5,N,0
-21.2551,123.4027,328.3,1.5,1.2,2014-03-18,1411,Terra,MODIS,82,6.2,289.5,52.3,N,0
-21.2534,123.4171,333.9,1.5,1.2,2014-03-18,1411,Terra,MODIS,97,6.2,287.4,64.8,N,0
-17.4888,128.5727,315.4,1.1,1,2014-03-18,1412,Terra,MODIS,90,6.2,297.2,12,N,0
-33.4735,117.9509,314.7,3.9,1.8,2014-03-18,1546,Terra,MODIS,90,6.2,287.5,111.9,N,0
-17.2737,125.1303,308.9,1.3,1.1,2014-03-18,1718,Aqua,MODIS,76,6.2,297,7.5,N,0
-20.8928,123.0078,339,1.1,1,2014-03-18,1719,Aqua,MODIS,100,6.2,290.5,45.8,N,0
-20.8943,123.0185,349.3,1.1,1,2014-03-18,1719,Aqua,MODIS,100,6.2,291.2,67.7,N,0
-19.8092,121.5637,310.5,1,1,2014-03-18,1719,Aqua,MODIS,80,6.2,294.1,7.8,N,0
-19.8106,121.5732,309.2,1,1,2014-03-18,1719,Aqua,MODIS,77,6.2,294.2,6.9,N,0
-19.8028,121.0781,308.5,1,1,2014-03-18,1719,Aqua,MODIS,75,6.2,296.5,5.5,N,0
-17.9921,124.0084,300.4,1.1,1.1,2014-03-18,1719,Aqua,MODIS,17,6.2,279.8,4.2,N,0
-21.3101,117.4311,306.9,1.3,1.1,2014-03-18,1720,Aqua,MODIS,66,6.2,287.1,8.1,N,0
-21.5314,117.771,307.1,1.2,1.1,2014-03-18,1720,Aqua,MODIS,60,6.2,292.6,6.2,N,0
-21.5431,117.7807,322.3,1.2,1.1,2014-03-18,1720,Aqua,MODIS,100,6.2,293.2,22.8,N,0
-21.555,117.7306,319.6,1.2,1.1,2014-03-18,1720,Aqua,MODIS,99,6.2,292.9,20.1,N,0
-21.557,117.7424,313.5,1.2,1.1,2014-03-18,1720,Aqua,MODIS,86,6.2,292.7,12.7,N,0
-20.5982,116.7878,309.1,1.4,1.2,2014-03-18,1720,Aqua,MODIS,76,6.2,297.1,7.4,N,2
-21.1064,118.5537,300.3,1.1,1.1,2014-03-18,1720,Aqua,MODIS,15,6.2,275.6,5.1,N,0
-21.1082,118.5645,301,1.1,1.1,2014-03-18,1720,Aqua,MODIS,27,6.2,273.3,5.5,N,0
-21.9118,116.565,305.5,1.4,1.2,2014-03-18,1720,Aqua,MODIS,24,6.2,294.2,5.9,N,0
-21.8946,119.5604,305.7,1,1,2014-03-18,1720,Aqua,MODIS,65,6.2,292.1,5.2,N,0
-21.8907,116.5689,314.6,1.4,1.2,2014-03-18,1720,Aqua,MODIS,90,6.2,293.5,16,N,0
-21.8884,116.5554,328.7,1.4,1.2,2014-03-18,1720,Aqua,MODIS,100,6.2,294.6,39.3,N,0
-22.9269,115.0573,306.8,1.7,1.3,2014-03-18,1720,Aqua,MODIS,62,6.2,296.1,11.7,N,0
-21.886,116.5417,317.4,1.4,1.2,2014-03-18,1720,Aqua,MODIS,95,6.2,295.3,19.9,N,0
-20.5944,120.3373,310.3,1,1,2014-03-18,1720,Aqua,MODIS,80,6.2,295,6.7,N,0
-20.5958,120.347,307.5,1,1,2014-03-18,1720,Aqua,MODIS,71,6.2,295.4,4.9,N,0
-30.1953,116.5405,306.4,1.1,1,2014-03-18,1722,Aqua,MODIS,68,6.2,290.6,9.1,N,0
-32.5879,119.5592,305.4,1,1,2014-03-18,1723,Aqua,MODIS,42,6.2,287.8,8,N,0
-32.5972,119.5576,342.1,1,1,2014-03-18,1723,Aqua,MODIS,100,6.2,290.5,50.9,N,0
-32.5957,119.5464,337.9,1,1,2014-03-18,1723,Aqua,MODIS,100,6.2,289.9,42.7,N,0
-32.6019,119.5224,305.8,1,1,2014-03-18,1723,Aqua,MODIS,34,6.2,288.4,8.2,N,0
-29.3521,149.3119,317.6,3.9,1.8,2014-03-18,2329,Terra,MODIS,68,6.2,296.3,44.1,D,0
-18.2221,143.0685,322.7,1.5,1.2,2014-03-19,0104,Terra,MODIS,71,6.2,308.3,17.1,D,0
-18.2249,143.0764,319.8,1.5,1.2,2014-03-19,0104,Terra,MODIS,64,6.2,307,12.1,D,0
-19.55,143.9694,321.7,1.9,1.3,2014-03-19,0105,Terra,MODIS,23,6.2,305.3,21.3,D,0
-19.5401,143.9887,330.6,1.9,1.3,2014-03-19,0105,Terra,MODIS,62,6.2,307.2,44.3,D,0
-19.5421,144.0066,331.4,1.9,1.3,2014-03-19,0105,Terra,MODIS,71,6.2,308.5,44.7,D,0
-19.5521,143.987,333,1.9,1.3,2014-03-19,0105,Terra,MODIS,57,6.2,308.9,50.6,D,0
-19.5802,144.0192,324.7,1.9,1.3,2014-03-19,0105,Terra,MODIS,15,6.2,308.1,28.5,D,0
-19.5441,144.0244,322.9,1.9,1.3,2014-03-19,0105,Terra,MODIS,27,6.2,308.1,19.7,D,0
-28.2551,147.2492,331.3,4.1,1.9,2014-03-19,0107,Terra,MODIS,79,6.2,304.4,127.7,D,0
-28.2522,147.2544,332.1,4.1,1.9,2014-03-19,0107,Terra,MODIS,80,6.2,304.1,137.5,D,0
-28.2576,147.2916,325.1,4.1,1.9,2014-03-19,0107,Terra,MODIS,70,6.2,303.5,72.5,D,0
-31.933,132.8796,319.2,1.1,1,2014-03-19,0108,Terra,MODIS,52,6.2,305.8,6.5,D,0
-33.1102,121.9213,312.5,4.6,2,2014-03-19,0109,Terra,MODIS,36,6.2,292.6,60,D,0
-33.1878,121.5624,313.6,4.8,2,2014-03-19,0109,Terra,MODIS,59,6.2,291.4,59.7,D,0
-33.1703,121.5691,312.3,4.8,2,2014-03-19,0109,Terra,MODIS,45,6.2,292.3,48,D,0
-33.1838,121.5562,316.8,4.8,2,2014-03-19,0109,Terra,MODIS,67,6.2,291.3,88.2,D,0
-34.1304,138.7006,327.2,1.3,1.1,2014-03-19,0109,Terra,MODIS,77,6.2,303,27.1,D,0
-35.9798,141.8114,328.9,2.2,1.4,2014-03-19,0109,Terra,MODIS,82,6.2,287.8,74.2,D,0
-35.9778,141.806,327.9,2.2,1.4,2014-03-19,0109,Terra,MODIS,81,6.2,288,71.3,D,0
-19.5764,123.8285,327,4.1,1.9,2014-03-19,0243,Terra,MODIS,63,6.2,300.3,68.9,D,0
-19.5726,123.8344,324.9,4.1,1.9,2014-03-19,0243,Terra,MODIS,55,6.2,300.2,52,D,0
-21.2995,117.419,336.1,1.5,1.2,2014-03-19,0244,Terra,MODIS,79,6.2,311,26.8,D,0
-21.3013,117.433,337.2,1.5,1.2,2014-03-19,0244,Terra,MODIS,79,6.2,311.1,31.1,D,0
-21.312,117.4315,330,1.5,1.2,2014-03-19,0244,Terra,MODIS,34,6.2,311.1,15,D,0
-21.3561,117.8853,346.8,1.6,1.2,2014-03-19,0244,Terra,MODIS,91,6.2,310.8,71.2,D,0
-19.9423,121.9525,339.7,3,1.6,2014-03-19,0244,Terra,MODIS,85,6.2,302.3,131.3,D,0
-19.9453,121.9811,364.8,3,1.6,2014-03-19,0244,Terra,MODIS,100,6.2,304.1,414.5,D,0
-19.9483,122.0099,325.3,3,1.7,2014-03-19,0244,Terra,MODIS,44,6.2,302.1,35.2,D,0
-19.9447,121.9757,363.9,3,1.6,2014-03-19,0244,Terra,MODIS,100,6.2,304.1,400.5,D,0
-19.9475,122.0045,328.4,3,1.7,2014-03-19,0244,Terra,MODIS,57,6.2,302.7,51.5,D,0
-19.9595,121.974,340.7,3,1.6,2014-03-19,0244,Terra,MODIS,86,6.2,302.1,136,D,0
-19.7775,121.0668,333.4,2.5,1.5,2014-03-19,0244,Terra,MODIS,78,6.2,304.8,69.1,D,0
-19.7914,121.0652,359,2.5,1.5,2014-03-19,0244,Terra,MODIS,99,6.2,305.8,268.8,D,0
-19.8109,121.0576,337.9,2.5,1.5,2014-03-19,0244,Terra,MODIS,83,6.2,306.3,101.5,D,0
-19.8053,121.0636,351.2,2.5,1.5,2014-03-19,0244,Terra,MODIS,94,6.2,306.9,198.5,D,0
-20.5078,118.5184,335.9,1.7,1.3,2014-03-19,0244,Terra,MODIS,78,6.2,309.4,37.5,D,0
-20.5155,118.4846,341.2,1.7,1.3,2014-03-19,0244,Terra,MODIS,85,6.2,306.1,56.3,D,0
-20.5174,118.5007,380.4,1.7,1.3,2014-03-19,0244,Terra,MODIS,100,6.2,313.2,289.5,D,0
-20.5194,118.5169,343.3,1.7,1.3,2014-03-19,0244,Terra,MODIS,87,6.2,312.3,59.6,D,0
-20.529,118.4993,338.5,1.7,1.3,2014-03-19,0244,Terra,MODIS,56,6.2,311.3,40.5,D,0
-20.5309,118.5154,334.8,1.7,1.3,2014-03-19,0244,Terra,MODIS,34,6.2,313.3,27.2,D,0
-20.5548,120.3522,329.4,2.3,1.5,2014-03-19,0244,Terra,MODIS,63,6.2,310,39.3,D,0
-20.5591,120.3583,329.4,2.3,1.5,2014-03-19,0244,Terra,MODIS,69,6.2,310.1,41.8,D,0
-20.5567,120.3365,332.5,2.3,1.5,2014-03-19,0244,Terra,MODIS,75,6.2,309.6,53.4,D,0
-20.3677,120.1662,332.7,2.2,1.4,2014-03-19,0244,Terra,MODIS,72,6.2,312.3,46.1,D,0
-20.3655,120.145,330.4,2.2,1.4,2014-03-19,0244,Terra,MODIS,55,6.2,309.4,38.4,D,0
-20.355,120.153,334.1,2.2,1.4,2014-03-19,0244,Terra,MODIS,56,6.2,310.6,49.6,D,0
-21.9074,116.5132,333.1,1.3,1.1,2014-03-19,0244,Terra,MODIS,73,6.2,305.9,26.9,D,0
-21.8799,116.5432,329.1,1.3,1.1,2014-03-19,0244,Terra,MODIS,62,6.2,302.3,19.9,D,0
-21.9565,116.5709,327.2,1.3,1.1,2014-03-19,0244,Terra,MODIS,34,6.2,304.5,13,D,0
-28.5434,115.001,333.6,1.3,1.1,2014-03-19,0246,Terra,MODIS,75,6.2,317.9,17.6,D,0
-29.5072,115.9739,333.5,1.5,1.2,2014-03-19,0246,Terra,MODIS,78,6.2,316.2,26.3,D,0
-29.5055,115.9584,347,1.5,1.2,2014-03-19,0246,Terra,MODIS,91,6.2,317.4,67.4,D,0
-30.0985,116.1824,325.7,1.6,1.2,2014-03-19,0246,Terra,MODIS,61,6.2,311.7,13.3,D,0
-29.1684,115.3027,328.6,1.4,1.2,2014-03-19,0246,Terra,MODIS,63,6.2,316.4,10.8,D,0
-29.5496,115.8356,333.7,1.5,1.2,2014-03-19,0246,Terra,MODIS,78,6.2,316.9,27.5,D,0
-29.1965,115.2701,345.1,1.4,1.2,2014-03-19,0246,Terra,MODIS,89,6.2,317.5,48.2,D,0
-29.1914,115.265,335.9,1.4,1.2,2014-03-19,0246,Terra,MODIS,79,6.2,316.8,25.6,D,0
-29.6304,116.0627,330.7,1.5,1.2,2014-03-19,0246,Terra,MODIS,74,6.2,316,20.1,D,0
-30.0544,116.3068,336.1,1.6,1.3,2014-03-19,0246,Terra,MODIS,81,6.2,313.1,39.6,D,0
-28.5854,115.2691,331.3,1.3,1.1,2014-03-19,0246,Terra,MODIS,71,6.2,317.8,14.7,D,0
-28.6269,115.263,331.6,1.3,1.1,2014-03-19,0246,Terra,MODIS,72,6.2,316.8,16.5,D,0
-30,116.2184,327.1,1.6,1.2,2014-03-19,0246,Terra,MODIS,66,6.2,313.5,14.3,D,0
-33.1749,121.5396,319.3,3.9,1.8,2014-03-19,0247,Terra,MODIS,63,6.2,297.4,50,D,0
-33.4741,119.525,320.3,2.9,1.6,2014-03-19,0247,Terra,MODIS,65,6.2,302.8,40.7,D,0
-33.4745,119.532,319.1,2.9,1.6,2014-03-19,0247,Terra,MODIS,60,6.2,303.1,34.1,D,0
-32.2314,118.4219,328.3,2.4,1.5,2014-03-19,0247,Terra,MODIS,78,6.2,306.4,49.9,D,0
-32.245,118.4205,320.7,2.4,1.5,2014-03-19,0247,Terra,MODIS,66,6.2,305.2,20.8,D,0
-32.239,118.4157,330.7,2.4,1.5,2014-03-19,0247,Terra,MODIS,81,6.2,306,62.3,D,0
-30.5153,116.5716,326.9,1.7,1.3,2014-03-19,0247,Terra,MODIS,57,6.2,309.9,17.1,D,0
-30.5172,116.5896,344.4,1.7,1.3,2014-03-19,0247,Terra,MODIS,90,6.2,313,73.2,D,0
-30.5289,116.5882,340,1.7,1.3,2014-03-19,0247,Terra,MODIS,86,6.2,312,54.3,D,0
-30.5129,116.5837,335.4,1.7,1.3,2014-03-19,0247,Terra,MODIS,75,6.2,312.2,39.4,D,0
-30.5246,116.5822,338.6,1.7,1.3,2014-03-19,0247,Terra,MODIS,84,6.2,311.8,51.6,D,0
-30.5263,116.6002,328.8,1.7,1.3,2014-03-19,0247,Terra,MODIS,55,6.2,310.9,20.4,D,0
-30.7394,116.8645,327.5,1.8,1.3,2014-03-19,0247,Terra,MODIS,69,6.2,310.2,21.1,D,0
-31.8501,117.6229,326.5,2.1,1.4,2014-03-19,0247,Terra,MODIS,74,6.2,305.9,31,D,0
-31.2752,116.3612,321.3,1.7,1.3,2014-03-19,0247,Terra,MODIS,31,6.2,306.4,18.5,D,0
-31.2734,116.3431,320.6,1.7,1.3,2014-03-19,0247,Terra,MODIS,29,6.2,304.4,19.1,D,0
-30.7449,116.8573,327.9,1.8,1.3,2014-03-19,0247,Terra,MODIS,70,6.2,310,21.5,D,0
-31.8073,118.7326,327.3,2.5,1.5,2014-03-19,0247,Terra,MODIS,75,6.2,308.2,41.3,D,0
-31.8095,118.7587,331.6,2.5,1.5,2014-03-19,0247,Terra,MODIS,81,6.2,308.7,61.7,D,0
-31.8155,118.7513,331.9,2.5,1.5,2014-03-19,0247,Terra,MODIS,81,6.2,308.3,62,D,0
-32.4982,117.8021,321.9,2.2,1.4,2014-03-19,0247,Terra,MODIS,69,6.2,305,21,D,0
-30.6705,116.4315,332.1,1.7,1.3,2014-03-19,0247,Terra,MODIS,76,6.2,311.7,33.4,D,0
-31.1538,117.2147,328.2,1.9,1.4,2014-03-19,0247,Terra,MODIS,73,6.2,309.9,28.2,D,0
-31.1519,117.1944,332,1.9,1.3,2014-03-19,0247,Terra,MODIS,78,6.2,310.1,41,D,0
-31.7695,118.029,323.1,2.2,1.4,2014-03-19,0247,Terra,MODIS,69,6.2,307.1,23.3,D,0
-30.6756,116.5932,328.6,1.7,1.3,2014-03-19,0247,Terra,MODIS,70,6.2,310.2,22.4,D,0
-30.6653,116.9697,326,1.8,1.3,2014-03-19,0247,Terra,MODIS,66,6.2,310.7,17,D,0
-30.22,116.3756,343.1,1.6,1.3,2014-03-19,0247,Terra,MODIS,88,6.2,313.8,62.8,D,0
-30.2224,116.3809,345.6,1.6,1.3,2014-03-19,0247,Terra,MODIS,90,6.2,313.9,74.2,D,0
-30.2205,116.3639,328.9,1.6,1.3,2014-03-19,0247,Terra,MODIS,53,6.2,310.8,21.5,D,0
-30.211,116.3825,328.7,1.6,1.3,2014-03-19,0247,Terra,MODIS,64,6.2,313.3,21,D,0
-32.6781,118.2164,322,2.3,1.5,2014-03-19,0247,Terra,MODIS,50,6.2,304.6,24.3,D,0
-30.6774,116.6114,328.7,1.7,1.3,2014-03-19,0247,Terra,MODIS,71,6.2,310.4,23.3,D,0
-30.6853,116.5735,330.9,1.7,1.3,2014-03-19,0247,Terra,MODIS,74,6.2,310.6,27.5,D,0
-30.6926,116.5661,326.1,1.7,1.3,2014-03-19,0247,Terra,MODIS,56,6.2,310.2,15.4,D,0
-31.0788,116.5644,326.1,1.7,1.3,2014-03-19,0247,Terra,MODIS,67,6.2,308.1,20.6,D,0
-31.0779,116.6766,324,1.8,1.3,2014-03-19,0247,Terra,MODIS,59,6.2,308.1,14.3,D,0
-31.0603,116.5734,324.8,1.7,1.3,2014-03-19,0247,Terra,MODIS,63,6.2,308.5,18,D,0
-30.3374,116.0809,327.1,1.6,1.2,2014-03-19,0247,Terra,MODIS,65,6.2,310.8,19.2,D,0
-30.2712,115.9907,327.8,1.6,1.2,2014-03-19,0247,Terra,MODIS,67,6.2,311.7,22.7,D,0
-30.2695,115.9745,327.5,1.6,1.2,2014-03-19,0247,Terra,MODIS,66,6.2,310.8,22.7,D,0
-30.2697,115.9812,336.2,1.6,1.2,2014-03-19,0247,Terra,MODIS,81,6.2,311.9,44.4,D,0
-31.0394,117.7946,329.1,2.1,1.4,2014-03-19,0247,Terra,MODIS,75,6.2,309.5,32.5,D,0
-31.1513,116.4629,335.7,1.7,1.3,2014-03-19,0247,Terra,MODIS,82,6.2,308.1,49.2,D,0
-32.6803,118.2416,324.2,2.3,1.5,2014-03-19,0247,Terra,MODIS,73,6.2,304.7,30.7,D,0
-32.6748,118.2351,324.9,2.3,1.5,2014-03-19,0247,Terra,MODIS,74,6.2,305.1,36.2,D,0
-31.1532,116.4809,326.2,1.7,1.3,2014-03-19,0247,Terra,MODIS,63,6.2,308.4,22.9,D,0
-31.1471,116.4578,324.1,1.7,1.3,2014-03-19,0247,Terra,MODIS,62,6.2,308.1,17.8,D,0
-31.1489,116.4759,331.7,1.7,1.3,2014-03-19,0247,Terra,MODIS,78,6.2,309.2,38.9,D,0
-31.1777,116.5271,324.3,1.7,1.3,2014-03-19,0247,Terra,MODIS,63,6.2,307.8,19.3,D,0
-31.1426,116.725,331.4,1.8,1.3,2014-03-19,0247,Terra,MODIS,77,6.2,307.8,38.1,D,0
-31.0916,116.6936,324.8,1.8,1.3,2014-03-19,0247,Terra,MODIS,53,6.2,309,16.3,D,0
-31.0797,116.6951,326.4,1.8,1.3,2014-03-19,0247,Terra,MODIS,69,6.2,309.5,20.8,D,0
-31.0835,116.6823,338.8,1.8,1.3,2014-03-19,0247,Terra,MODIS,85,6.2,309.7,57.5,D,0
-33.1816,121.5769,320.2,3.9,1.8,2014-03-19,0247,Terra,MODIS,65,6.2,298.6,53.4,D,0
-33.1774,121.5822,318.8,3.9,1.8,2014-03-19,0247,Terra,MODIS,61,6.2,298.5,43.8,D,0
-33.2149,117.2948,320.9,2.1,1.4,2014-03-19,0247,Terra,MODIS,67,6.2,304.9,21.2,D,0
-31.9349,117.1252,323.4,1.9,1.4,2014-03-19,0247,Terra,MODIS,69,6.2,307.2,19.9,D,0
-31.9323,117.1312,325.8,1.9,1.4,2014-03-19,0247,Terra,MODIS,73,6.2,307.3,26.7,D,0
-33.213,117.2727,320.2,2.1,1.4,2014-03-19,0247,Terra,MODIS,66,6.2,303.6,19.7,D,0
-33.2128,117.2784,324.3,2.1,1.4,2014-03-19,0247,Terra,MODIS,73,6.2,303.9,31.9,D,0
-33.9876,118.3771,318.6,2.5,1.5,2014-03-19,0247,Terra,MODIS,63,6.2,303.6,20.3,D,0
-31.8698,118.2598,328.2,2.3,1.5,2014-03-19,0247,Terra,MODIS,77,6.2,307.2,39,D,0
-31.8655,118.2548,324.7,2.3,1.5,2014-03-19,0247,Terra,MODIS,72,6.2,307.1,26.9,D,0
-34.5571,117.3046,311,2.1,1.4,2014-03-19,0248,Terra,MODIS,43,6.2,294.5,14.9,D,0
-33.968,148.0392,328.5,1.4,1.2,2014-03-19,0347,Aqua,MODIS,54,6.2,305.2,27.5,D,0
-33.9557,148.0523,330.3,1.4,1.2,2014-03-19,0347,Aqua,MODIS,75,6.2,304.2,28,D,0
-33.9451,148.0506,342.8,1.4,1.2,2014-03-19,0347,Aqua,MODIS,90,6.2,302.3,58.1,D,0
-33.9664,148.0542,365.5,1.4,1.2,2014-03-19,0347,Aqua,MODIS,100,6.2,310.1,149.8,D,0
-34.056,147.9621,333.9,1.4,1.2,2014-03-19,0347,Aqua,MODIS,82,6.2,309.6,30.3,D,0
-34.0576,147.9465,329.2,1.4,1.2,2014-03-19,0347,Aqua,MODIS,76,6.2,309.7,19.6,D,0
-33.809,147.9599,338.9,1.4,1.2,2014-03-19,0347,Aqua,MODIS,87,6.2,309,43,D,0
-34.2462,148.0266,330.6,1.4,1.2,2014-03-19,0347,Aqua,MODIS,79,6.2,311.6,24.7,D,0
-34.2534,148.0205,325.9,1.4,1.2,2014-03-19,0347,Aqua,MODIS,72,6.2,312.5,15.1,D,0
-36.3547,148.5793,318.9,1.4,1.2,2014-03-19,0347,Aqua,MODIS,41,6.2,296.4,21.4,D,0
-36.3563,148.564,316.7,1.4,1.2,2014-03-19,0347,Aqua,MODIS,45,6.2,293.5,19.4,D,0
-36.344,148.5775,317.5,1.4,1.2,2014-03-19,0347,Aqua,MODIS,16,6.2,297.6,19.1,D,0
-34.3074,147.8587,358.9,1.5,1.2,2014-03-19,0347,Aqua,MODIS,99,6.2,313.3,117.8,D,0
-34.309,147.8426,423,1.5,1.2,2014-03-19,0347,Aqua,MODIS,100,6.2,322.6,708.8,D,0
-34.2982,147.841,361.9,1.5,1.2,2014-03-19,0347,Aqua,MODIS,100,6.2,314.9,133.4,D,0
-34.2965,147.857,325.3,1.5,1.2,2014-03-19,0347,Aqua,MODIS,69,6.2,311.5,13.8,D,0
-33.974,148.5162,325.8,1.3,1.1,2014-03-19,0347,Aqua,MODIS,67,6.2,307,16.4,D,0
-33.9756,148.5015,338.8,1.3,1.1,2014-03-19,0347,Aqua,MODIS,87,6.2,307.3,44.7,D,0
-34.531,148.6121,321,1.3,1.1,2014-03-19,0347,Aqua,MODIS,62,6.2,305.3,13.6,D,0
-34.5326,148.5973,318.8,1.3,1.1,2014-03-19,0347,Aqua,MODIS,49,6.2,306,10.4,D,0
-34.133,147.7875,326.1,1.5,1.2,2014-03-19,0347,Aqua,MODIS,71,6.2,310.6,14.1,D,0
-33.6711,148.9643,330.6,1.3,1.1,2014-03-19,0347,Aqua,MODIS,82,6.2,305,26.8,D,0
-33.6727,148.9506,333.1,1.3,1.1,2014-03-19,0347,Aqua,MODIS,84,6.2,306.3,31.2,D,0
-34.3107,147.8265,361.5,1.5,1.2,2014-03-19,0347,Aqua,MODIS,100,6.2,313.7,131.3,D,0
-34.2998,147.8249,345.1,1.5,1.2,2014-03-19,0347,Aqua,MODIS,91,6.2,312.7,65.4,D,0
-33.7246,148.8383,381.1,1.3,1.1,2014-03-19,0347,Aqua,MODIS,100,6.2,309.9,208.2,D,0
-33.7262,148.8243,378.3,1.3,1.1,2014-03-19,0347,Aqua,MODIS,100,6.2,310.3,192.6,D,0
-34.4058,147.7805,327.2,1.5,1.2,2014-03-19,0347,Aqua,MODIS,73,6.2,313.2,17.9,D,0
-35.3803,147.1028,350.6,1.7,1.3,2014-03-19,0347,Aqua,MODIS,95,6.2,316.4,101.3,D,0
-35.3785,147.1216,343.4,1.7,1.3,2014-03-19,0347,Aqua,MODIS,91,6.2,315.4,71.2,D,0
-33.8043,147.6651,327,1.5,1.2,2014-03-19,0347,Aqua,MODIS,73,6.2,309.5,18.7,D,0
-33.8962,147.435,332,1.5,1.2,2014-03-19,0347,Aqua,MODIS,79,6.2,308.3,33.1,D,0
-35.0338,147.1779,327.5,1.6,1.3,2014-03-19,0347,Aqua,MODIS,74,6.2,314.9,20,D,0
-34.2635,145.9148,325.6,1.9,1.4,2014-03-19,0347,Aqua,MODIS,69,6.2,310.8,27.4,D,0
-34.2584,145.9284,338.2,1.9,1.4,2014-03-19,0347,Aqua,MODIS,85,6.2,308.6,72.5,D,0
-33.8894,147.7159,333.7,1.5,1.2,2014-03-19,0347,Aqua,MODIS,82,6.2,311,32.3,D,0
-33.8945,147.4516,339.2,1.5,1.2,2014-03-19,0347,Aqua,MODIS,87,6.2,308.2,51.9,D,0
-33.9311,147.4232,344,1.5,1.2,2014-03-19,0347,Aqua,MODIS,90,6.2,309.5,67.5,D,0
-33.9405,147.4414,324.1,1.5,1.2,2014-03-19,0347,Aqua,MODIS,48,6.2,309.9,13.6,D,0
-35.4908,145.5614,333.3,2.1,1.4,2014-03-19,0347,Aqua,MODIS,82,6.2,310.2,62.3,D,0
-34.6666,150.6272,344.2,1.1,1,2014-03-19,0347,Aqua,MODIS,87,6.2,291.7,54.2,D,0
-33.9422,147.4248,330.6,1.5,1.2,2014-03-19,0347,Aqua,MODIS,78,6.2,310.4,28.2,D,0
-35.1752,149.8048,317.2,1.2,1.1,2014-03-19,0347,Aqua,MODIS,68,6.2,297,12,D,0
-34.2349,146.4369,332.4,1.8,1.3,2014-03-19,0347,Aqua,MODIS,79,6.2,313.9,36.1,D,0
-34.5263,147.605,325.1,1.5,1.2,2014-03-19,0347,Aqua,MODIS,69,6.2,311,15,D,0
-34.6682,150.6148,328.1,1.1,1,2014-03-19,0347,Aqua,MODIS,0,6.2,289.6,25.8,D,0
-34.0896,146.7585,340.9,1.7,1.3,2014-03-19,0347,Aqua,MODIS,87,6.2,313,64,D,0
-34.6571,150.6255,312.5,1.1,1,2014-03-19,0347,Aqua,MODIS,31,6.2,287.4,10.2,D,0
-34.6881,146.8818,332.5,1.7,1.3,2014-03-19,0347,Aqua,MODIS,80,6.2,314.5,36.3,D,0
-34.528,147.5883,324.3,1.5,1.2,2014-03-19,0347,Aqua,MODIS,67,6.2,311.6,13.4,D,0
-35.4902,145.5798,328,2.1,1.4,2014-03-19,0347,Aqua,MODIS,76,6.2,309.6,41.7,D,0
-35.4583,146.9037,327.7,1.7,1.3,2014-03-19,0347,Aqua,MODIS,77,6.2,312.8,23.7,D,0
-34.7174,146.9423,343.9,1.7,1.3,2014-03-19,0347,Aqua,MODIS,90,6.2,313.9,74.4,D,0
-35.4889,145.5848,323.4,2.1,1.4,2014-03-19,0347,Aqua,MODIS,69,6.2,309.5,27.2,D,0
-34.0878,146.7769,332.6,1.7,1.3,2014-03-19,0347,Aqua,MODIS,79,6.2,311.5,36.2,D,0
-34.1576,147.2093,328.6,1.6,1.2,2014-03-19,0347,Aqua,MODIS,61,6.2,312,20.3,D,0
-34.2617,145.9359,338.6,1.9,1.4,2014-03-19,0347,Aqua,MODIS,86,6.2,309.3,74,D,0
-34.6102,146.4986,328.9,1.8,1.3,2014-03-19,0347,Aqua,MODIS,75,6.2,316,28.7,D,0
-33.9294,147.4398,327.9,1.5,1.2,2014-03-19,0347,Aqua,MODIS,63,6.2,307.7,21.7,D,0
-34.9066,147.548,340.7,1.6,1.2,2014-03-19,0347,Aqua,MODIS,88,6.2,312.2,55.3,D,0
-34.5952,146.7885,331.7,1.7,1.3,2014-03-19,0347,Aqua,MODIS,79,6.2,313.3,33.1,D,0
-34.15,147.2852,327.6,1.6,1.2,2014-03-19,0347,Aqua,MODIS,72,6.2,311.6,19.4,D,0
-34.1568,147.216,327.4,1.6,1.2,2014-03-19,0347,Aqua,MODIS,72,6.2,312,19.4,D,0
-34.1487,147.2954,328.2,1.6,1.2,2014-03-19,0347,Aqua,MODIS,50,6.2,312.7,19.2,D,0
-34.2368,146.4174,327.1,1.8,1.3,2014-03-19,0347,Aqua,MODIS,65,6.2,313.3,20.3,D,0
-34.231,146.4237,335.8,1.8,1.3,2014-03-19,0347,Aqua,MODIS,83,6.2,313.2,48.2,D,0
-35.4922,145.5565,327.3,2.1,1.4,2014-03-19,0347,Aqua,MODIS,75,6.2,309.6,38.8,D,0
-34.679,146.728,354.5,1.7,1.3,2014-03-19,0347,Aqua,MODIS,97,6.2,316.5,126.8,D,0
-34.9084,147.5308,342.6,1.6,1.2,2014-03-19,0347,Aqua,MODIS,90,6.2,314.1,61.6,D,0
-34.2292,146.4432,327.9,1.8,1.3,2014-03-19,0347,Aqua,MODIS,73,6.2,312.9,23.7,D,0
-34.1584,147.1987,327.3,1.6,1.2,2014-03-19,0347,Aqua,MODIS,72,6.2,310.4,18.7,D,0
-34.7258,146.9507,354.3,1.7,1.3,2014-03-19,0347,Aqua,MODIS,97,6.2,315.4,121.8,D,0
-34.7156,146.9608,329.3,1.7,1.3,2014-03-19,0347,Aqua,MODIS,76,6.2,311.3,26.4,D,0
-34.6863,146.9004,336,1.7,1.3,2014-03-19,0347,Aqua,MODIS,84,6.2,311.3,47.2,D,0
-34.1596,147.3038,329,1.6,1.2,2014-03-19,0347,Aqua,MODIS,75,6.2,312.6,22.3,D,0
-34.1827,147.1844,347.2,1.6,1.2,2014-03-19,0347,Aqua,MODIS,92,6.2,311.6,79.4,D,0
-34.1612,147.2869,345.1,1.6,1.2,2014-03-19,0347,Aqua,MODIS,91,6.2,312.7,71.2,D,0
-35.9774,141.8097,330.9,3.7,1.8,2014-03-19,0347,Aqua,MODIS,62,6.2,307.2,139.5,D,0
-35.9842,141.8179,332,3.7,1.8,2014-03-19,0347,Aqua,MODIS,62,6.2,307,146.2,D,0
-31.321,150.4846,324.2,1,1,2014-03-19,0348,Aqua,MODIS,65,6.2,299.6,9.3,D,0
-31.1322,152.8077,315.8,1,1,2014-03-19,0348,Aqua,MODIS,69,6.2,294.2,9.8,D,0
-31.6254,151.8895,327.1,1,1,2014-03-19,0348,Aqua,MODIS,69,6.2,303.5,17.8,D,0
-32.0252,152.2382,308.9,1,1,2014-03-19,0348,Aqua,MODIS,29,6.2,293.1,4.4,D,0
-33.2228,147.7976,328.6,1.4,1.2,2014-03-19,0348,Aqua,MODIS,77,6.2,310.9,21.9,D,0
-33.459,147.7239,329.1,1.5,1.2,2014-03-19,0348,Aqua,MODIS,50,6.2,307.4,21.1,D,0
-30.9421,149.0547,333,1.2,1.1,2014-03-19,0348,Aqua,MODIS,84,6.2,305.3,23.5,D,0
-33.3322,146.6064,340,1.7,1.3,2014-03-19,0348,Aqua,MODIS,87,6.2,310.9,61.1,D,0
-30.9393,149.0613,328.8,1.2,1.1,2014-03-19,0348,Aqua,MODIS,70,6.2,305.6,23.2,D,0
-33.6091,146.7908,336.7,1.7,1.3,2014-03-19,0348,Aqua,MODIS,84,6.2,308.1,54.5,D,0
-33.6108,146.7729,341.3,1.7,1.3,2014-03-19,0348,Aqua,MODIS,88,6.2,308.1,71,D,0
-33.334,146.588,323.7,1.7,1.3,2014-03-19,0348,Aqua,MODIS,65,6.2,309,14.3,D,0
-32.8785,146.6046,322.6,1.7,1.3,2014-03-19,0348,Aqua,MODIS,33,6.2,307.5,15,D,0
-33.3001,147.2729,327.9,1.5,1.2,2014-03-19,0348,Aqua,MODIS,75,6.2,307.1,25.5,D,0
-33.2984,147.2895,322.6,1.5,1.2,2014-03-19,0348,Aqua,MODIS,54,6.2,307.3,14.5,D,0
-33.4445,147.7323,329.2,1.4,1.2,2014-03-19,0348,Aqua,MODIS,67,6.2,306.8,24.7,D,0
-28.262,147.2666,336.7,1.3,1.1,2014-03-19,0349,Aqua,MODIS,80,6.2,315.7,21.5,D,0
-28.2635,147.253,350.2,1.3,1.1,2014-03-19,0349,Aqua,MODIS,93,6.2,317,59,D,0
-28.2516,147.2651,334.8,1.3,1.1,2014-03-19,0349,Aqua,MODIS,77,6.2,315.3,19,D,0
-29.4315,149.8808,355.3,1.1,1,2014-03-19,0349,Aqua,MODIS,97,6.2,312,61.9,D,0
-27.3146,149.872,327.9,1,1,2014-03-19,0349,Aqua,MODIS,64,6.2,307.9,8.2,D,0
-27.3041,149.8808,327.3,1,1,2014-03-19,0349,Aqua,MODIS,46,6.2,306.1,7.5,D,0
-27.3055,149.8705,354,1,1,2014-03-19,0349,Aqua,MODIS,96,6.2,308.1,54.2,D,0
-24.7953,145.2916,331.5,1.6,1.2,2014-03-19,0350,Aqua,MODIS,78,6.2,304.1,32.8,D,0
-24.0601,148.4811,335,1.1,1,2014-03-19,0350,Aqua,MODIS,71,6.2,314.3,13.8,D,0
-22.7017,150.5717,318.5,1,1,2014-03-19,0350,Aqua,MODIS,16,6.2,296.4,9.6,D,0
-22.6926,150.5702,328.3,1,1,2014-03-19,0350,Aqua,MODIS,74,6.2,298.3,19.8,D,0
-22.6956,150.5505,323.9,1,1,2014-03-19,0350,Aqua,MODIS,69,6.2,298.1,15.5,D,0
-23.3743,149.8043,326.8,1,1,2014-03-19,0350,Aqua,MODIS,65,6.2,309.9,10.2,D,0
-24.0708,148.4721,364.3,1.1,1,2014-03-19,0350,Aqua,MODIS,100,6.2,317.2,82.5,D,0
-24.0721,148.4617,338.9,1.1,1,2014-03-19,0350,Aqua,MODIS,84,6.2,314.4,19.9,D,0
-24.0615,148.4706,353.9,1.1,1,2014-03-19,0350,Aqua,MODIS,96,6.2,315,52,D,0
-24.3902,151.944,320.6,1.1,1,2014-03-19,0350,Aqua,MODIS,42,6.2,306.3,8.1,D,0
-25.2225,152.5729,359,1.1,1,2014-03-19,0350,Aqua,MODIS,99,6.2,303.9,83.9,D,0
-25.2242,152.562,327.8,1.1,1,2014-03-19,0350,Aqua,MODIS,58,6.2,303.7,16,D,0
-23.9353,146.2243,330.2,1.4,1.2,2014-03-19,0350,Aqua,MODIS,74,6.2,304.1,25.2,D,0
-24.0241,151.3887,325.4,1,1,2014-03-19,0350,Aqua,MODIS,41,6.2,307.8,10.6,D,0
-24.0256,151.3785,322.9,1,1,2014-03-19,0350,Aqua,MODIS,17,6.2,307.1,6.8,D,0
-22.7039,150.1857,324.3,1,1,2014-03-19,0350,Aqua,MODIS,52,6.2,303,11.9,D,0
-22.7068,150.1662,328.9,1,1,2014-03-19,0350,Aqua,MODIS,39,6.2,303.4,17.1,D,0
-22.2696,148.9723,325.2,1,1,2014-03-19,0351,Aqua,MODIS,43,6.2,306.5,9.2,D,0
-22.2737,148.9429,324.7,1,1,2014-03-19,0351,Aqua,MODIS,48,6.2,307.4,7.6,D,0
-22.2814,148.9542,331.9,1,1,2014-03-19,0351,Aqua,MODIS,75,6.2,309.4,17,D,0
-19.5485,143.9655,337.9,1.7,1.3,2014-03-19,0351,Aqua,MODIS,62,6.2,311.8,52.3,D,0
-22.2724,148.9527,346.3,1,1,2014-03-19,0351,Aqua,MODIS,91,6.2,310.5,40.9,D,0
-19.5071,144.0232,326.6,1.6,1.3,2014-03-19,0351,Aqua,MODIS,34,6.2,312.2,21.8,D,0
-22.2801,148.964,341.4,1,1,2014-03-19,0351,Aqua,MODIS,87,6.2,308.4,32.4,D,0
-19.558,143.9832,348,1.7,1.3,2014-03-19,0351,Aqua,MODIS,86,6.2,315,85.1,D,0
-19.5466,143.9814,377.9,1.7,1.3,2014-03-19,0351,Aqua,MODIS,100,6.2,318.3,269.2,D,0
-22.271,148.9625,351.5,1,1,2014-03-19,0351,Aqua,MODIS,95,6.2,310.8,52.2,D,0
-19.5791,143.9926,337.9,1.7,1.3,2014-03-19,0351,Aqua,MODIS,43,6.2,311.9,48.4,D,0
-22.2488,148.989,324.2,1,1,2014-03-19,0351,Aqua,MODIS,42,6.2,306.6,9.6,D,0
-21.0045,148.287,325.4,1,1,2014-03-19,0351,Aqua,MODIS,66,6.2,305.7,12.4,D,0
-19.5448,143.9969,348.1,1.7,1.3,2014-03-19,0351,Aqua,MODIS,92,6.2,314.4,83,D,0
-19.543,144.0126,345.9,1.6,1.3,2014-03-19,0351,Aqua,MODIS,90,6.2,313.3,71.8,D,0
-34.55,137.636,317.7,2.8,1.6,2014-03-19,0525,Aqua,MODIS,59,6.2,303.6,28.6,D,0
-35.9327,141.9307,314.9,4.6,2,2014-03-19,0525,Aqua,MODIS,37,6.2,304.1,36.7,D,0
-35.0751,141.4584,317.6,4.6,2,2014-03-19,0525,Aqua,MODIS,48,6.2,306.5,50.1,D,0
-35.0741,141.4669,317.3,4.6,2,2014-03-19,0525,Aqua,MODIS,56,6.2,306.3,42.5,D,0
-35.9339,141.9228,315.9,4.6,2,2014-03-19,0525,Aqua,MODIS,41,6.2,304,47.1,D,0
-34.7078,137.7662,314.9,2.8,1.6,2014-03-19,0525,Aqua,MODIS,25,6.2,302.6,20.4,D,0
-34.202,138.6854,321.4,3.3,1.7,2014-03-19,0526,Aqua,MODIS,69,6.2,304.4,48.3,D,0
-32.0156,133.8547,330.6,1.8,1.3,2014-03-19,0526,Aqua,MODIS,72,6.2,312,27.9,D,0
-34.2324,137.8069,316.8,2.9,1.6,2014-03-19,0526,Aqua,MODIS,56,6.2,302.2,27.6,D,0
-33.779,135.8918,326.4,2.2,1.5,2014-03-19,0526,Aqua,MODIS,73,6.2,308.1,40.1,D,0
-34.1728,135.4765,324.1,2.1,1.4,2014-03-19,0526,Aqua,MODIS,60,6.2,308.1,30.5,D,0
-34.1961,138.6877,322.7,3.3,1.7,2014-03-19,0526,Aqua,MODIS,71,6.2,304,54.6,D,0
-33.7841,135.8678,326.6,2.2,1.4,2014-03-19,0526,Aqua,MODIS,73,6.2,305.7,38.5,D,0
-34.1119,135.8382,323.7,2.2,1.4,2014-03-19,0526,Aqua,MODIS,69,6.2,306.3,27.3,D,0
-32.0552,134.055,339.8,1.9,1.3,2014-03-19,0526,Aqua,MODIS,85,6.2,311.7,63.6,D,0
-34.0858,136.0119,320.4,2.2,1.5,2014-03-19,0526,Aqua,MODIS,60,6.2,306.2,24.7,D,0
-33.0566,134.6266,321.5,1.9,1.4,2014-03-19,0526,Aqua,MODIS,46,6.2,307.3,21.6,D,0
-32.0118,133.8739,327.1,1.8,1.3,2014-03-19,0526,Aqua,MODIS,46,6.2,309.3,18,D,0
-34.0324,137.8612,320.1,2.9,1.6,2014-03-19,0526,Aqua,MODIS,64,6.2,303.4,37.2,D,0
-34.1211,135.8467,323.6,2.2,1.4,2014-03-19,0526,Aqua,MODIS,69,6.2,307.1,28.5,D,0
-32.928,134.8046,326.4,2,1.4,2014-03-19,0526,Aqua,MODIS,67,6.2,309,32.8,D,0
-34.174,135.4713,322.3,2.1,1.4,2014-03-19,0526,Aqua,MODIS,57,6.2,308.2,24.6,D,0
-32.0671,134.0583,329.2,1.9,1.3,2014-03-19,0526,Aqua,MODIS,70,6.2,310.8,25.4,D,0
-34.1725,138.7178,318.4,3.3,1.7,2014-03-19,0526,Aqua,MODIS,26,6.2,303.7,29.2,D,0
-34.2334,137.8025,317.7,2.9,1.6,2014-03-19,0526,Aqua,MODIS,58,6.2,302.2,31.6,D,0
-34.0341,137.8571,321.5,2.9,1.6,2014-03-19,0526,Aqua,MODIS,67,6.2,303.3,42.9,D,0
-32.0525,134.0491,331.1,1.9,1.3,2014-03-19,0526,Aqua,MODIS,68,6.2,312,30.8,D,0
-33.8289,118.6342,324.4,2.8,1.6,2014-03-19,0526,Aqua,MODIS,58,6.2,305.2,34.9,D,0
-33.8271,118.6267,331,2.8,1.6,2014-03-19,0526,Aqua,MODIS,79,6.2,305.9,72.5,D,0
-34.1793,118.5351,317.7,2.9,1.6,2014-03-19,0526,Aqua,MODIS,17,6.2,297,31.3,D,0
-33.9458,117.9682,323.2,3.1,1.7,2014-03-19,0526,Aqua,MODIS,71,6.2,305.4,32.9,D,0
-34.1785,118.5276,318.5,2.9,1.6,2014-03-19,0526,Aqua,MODIS,37,6.2,296.7,35.3,D,0
-34.1796,118.9624,338.3,2.7,1.6,2014-03-19,0526,Aqua,MODIS,88,6.2,301.6,127,D,0
-34.1816,118.9331,319.2,2.7,1.6,2014-03-19,0526,Aqua,MODIS,67,6.2,300.8,28,D,0
-34.1762,118.9547,324.3,2.7,1.6,2014-03-19,0526,Aqua,MODIS,75,6.2,300.9,47,D,0
-33.4813,119.5212,326,2.4,1.5,2014-03-19,0526,Aqua,MODIS,67,6.2,302,40.3,D,0
-31.0339,117.77,328.8,3,1.6,2014-03-19,0527,Aqua,MODIS,68,6.2,311.5,38.1,D,0
-33.3958,119.7089,329.9,2.3,1.5,2014-03-19,0527,Aqua,MODIS,76,6.2,306.7,41.5,D,0
-33.3908,119.7152,349.3,2.3,1.5,2014-03-19,0527,Aqua,MODIS,94,6.2,308.6,154.2,D,0
-32.1363,118.6487,329.9,2.7,1.6,2014-03-19,0527,Aqua,MODIS,72,6.2,310.6,34.6,D,0
-33.4049,118.8905,325,2.7,1.6,2014-03-19,0527,Aqua,MODIS,44,6.2,306.5,28,D,0
-32.3684,118.5751,325.9,2.7,1.6,2014-03-19,0527,Aqua,MODIS,49,6.2,309.6,29,D,0
-30.2491,116.1149,328.8,3.8,1.8,2014-03-19,0527,Aqua,MODIS,70,6.2,312.5,58.3,D,0
-30.83,118.0717,329.5,2.8,1.6,2014-03-19,0527,Aqua,MODIS,56,6.2,311.2,38,D,0
-30.8317,118.0792,329.5,2.8,1.6,2014-03-19,0527,Aqua,MODIS,69,6.2,311.3,42,D,0
-33.3907,118.8888,326.3,2.7,1.6,2014-03-19,0527,Aqua,MODIS,47,6.2,306.7,39,D,0
-31.3763,117.1481,327.1,3.3,1.7,2014-03-19,0527,Aqua,MODIS,63,6.2,308.7,38.4,D,0
-33.3823,119.7076,331.3,2.3,1.5,2014-03-19,0527,Aqua,MODIS,78,6.2,309,45.5,D,0
-32.0731,118.9247,336.9,2.5,1.5,2014-03-19,0527,Aqua,MODIS,84,6.2,314.1,68.9,D,0
-32.0687,118.9194,333.4,2.5,1.5,2014-03-19,0527,Aqua,MODIS,80,6.2,314.8,51.5,D,0
-32.1336,118.6436,329.4,2.7,1.6,2014-03-19,0527,Aqua,MODIS,56,6.2,311.6,31.8,D,0
-33.1866,121.2085,327.1,1.9,1.3,2014-03-19,0527,Aqua,MODIS,66,6.2,307.9,24.6,D,0
-33.4751,119.5154,322.7,2.4,1.5,2014-03-19,0527,Aqua,MODIS,32,6.2,303.6,24.3,D,0
-32.122,118.6473,332.7,2.7,1.6,2014-03-19,0527,Aqua,MODIS,80,6.2,314.1,51.8,D,0
-32.1313,118.6724,329.7,2.7,1.6,2014-03-19,0527,Aqua,MODIS,65,6.2,310.3,33,D,0
-33.397,117.9184,345.7,3.1,1.7,2014-03-19,0527,Aqua,MODIS,91,6.2,309.5,189.6,D,0
-32.6402,118.7366,335.2,2.7,1.6,2014-03-19,0527,Aqua,MODIS,82,6.2,308.6,79.5,D,0
-32.9213,119.3404,330.4,2.4,1.5,2014-03-19,0527,Aqua,MODIS,77,6.2,306.7,46,D,0
-32.9234,119.3141,338.7,2.5,1.5,2014-03-19,0527,Aqua,MODIS,86,6.2,306.3,91,D,0
-32.6422,118.7074,330.6,2.7,1.6,2014-03-19,0527,Aqua,MODIS,77,6.2,308.4,53.9,D,0
-32.6374,118.732,338.5,2.7,1.6,2014-03-19,0527,Aqua,MODIS,86,6.2,309.5,102.1,D,0
-31.9252,117.1305,326.2,3.4,1.7,2014-03-19,0527,Aqua,MODIS,52,6.2,308.7,39.9,D,0
-32.6397,118.703,328.3,2.7,1.6,2014-03-19,0527,Aqua,MODIS,73,6.2,308.8,43.1,D,0
-33.399,117.8845,326.7,3.1,1.7,2014-03-19,0527,Aqua,MODIS,71,6.2,306.6,41.9,D,0
-33.4,117.914,343.7,3.1,1.7,2014-03-19,0527,Aqua,MODIS,90,6.2,308.9,171.5,D,0
-31.9464,117.1256,326.3,3.4,1.7,2014-03-19,0527,Aqua,MODIS,64,6.2,309.3,45.4,D,0
-31.9307,117.1242,327.3,3.4,1.7,2014-03-19,0527,Aqua,MODIS,68,6.2,308.6,50.1,D,0
-28.7044,115.0782,330.2,4.3,1.9,2014-03-19,0528,Aqua,MODIS,70,6.2,312.8,73.2,D,0
-28.7062,115.0857,332.9,4.3,1.9,2014-03-19,0528,Aqua,MODIS,76,6.2,312.9,104.6,D,0
-29.4317,115.4994,332.4,4.1,1.9,2014-03-19,0528,Aqua,MODIS,76,6.2,313.6,93.9,D,0
-29.4291,115.4959,332.4,4.1,1.9,2014-03-19,0528,Aqua,MODIS,76,6.2,313.4,100.3,D,0
-17.494,128.5744,331.6,1.6,1.2,2014-03-19,0530,Aqua,MODIS,36,6.2,311,17.3,D,0
-17.4542,128.607,342.4,1.6,1.2,2014-03-19,0530,Aqua,MODIS,87,6.2,311.9,53.4,D,0
-17.5626,128.4377,335.7,1.5,1.2,2014-03-19,0530,Aqua,MODIS,75,6.2,311.5,31.7,D,0
-17.4628,128.624,343.6,1.6,1.2,2014-03-19,0530,Aqua,MODIS,88,6.2,311.1,57.7,D,0
-17.4653,128.609,358.2,1.6,1.2,2014-03-19,0530,Aqua,MODIS,98,6.2,311.5,118.3,D,0
-17.4677,128.5943,375.4,1.6,1.2,2014-03-19,0530,Aqua,MODIS,100,6.2,313.7,224.2,D,0
-17.4517,128.6219,332.7,1.6,1.2,2014-03-19,0530,Aqua,MODIS,51,6.2,310.4,23.1,D,0
-17.4602,128.6391,330.4,1.6,1.2,2014-03-19,0530,Aqua,MODIS,43,6.2,310,19.2,D,0
-17.4812,128.5817,338.7,1.6,1.2,2014-03-19,0530,Aqua,MODIS,76,6.2,311.7,39.3,D,0
-17.4788,128.5964,352,1.6,1.2,2014-03-19,0530,Aqua,MODIS,95,6.2,311.2,87.8,D,0
-17.5334,128.4767,343.8,1.5,1.2,2014-03-19,0530,Aqua,MODIS,88,6.2,309.3,56.4,D,0
-17.554,128.4215,333.6,1.5,1.2,2014-03-19,0530,Aqua,MODIS,75,6.2,308.7,26.8,D,0
-17.5516,128.4358,329.1,1.5,1.2,2014-03-19,0530,Aqua,MODIS,46,6.2,306.3,15.4,D,0
-17.5492,128.4501,331,1.5,1.2,2014-03-19,0530,Aqua,MODIS,66,6.2,298.5,20.6,D,0
-17.5468,128.4644,356,1.5,1.2,2014-03-19,0530,Aqua,MODIS,97,6.2,308,105.9,D,0
-17.505,128.5766,332,1.6,1.2,2014-03-19,0530,Aqua,MODIS,52,6.2,310,19.3,D,0
-17.5602,128.452,335.7,1.5,1.2,2014-03-19,0530,Aqua,MODIS,80,6.2,305.3,31.1,D,0
-20.3717,120.1671,336.9,1.5,1.2,2014-03-19,0530,Aqua,MODIS,51,6.2,316.1,22.2,D,0
-20.9569,121.2294,357.2,1.3,1.1,2014-03-19,0530,Aqua,MODIS,98,6.2,319.7,72.7,D,0
-20.9584,121.217,383.1,1.3,1.1,2014-03-19,0530,Aqua,MODIS,100,6.2,320.6,200.6,D,0
-20.96,121.2046,405.7,1.3,1.1,2014-03-19,0530,Aqua,MODIS,100,6.2,322.2,380.6,D,0
-20.9616,121.1922,367.5,1.3,1.1,2014-03-19,0530,Aqua,MODIS,100,6.2,316.7,118.1,D,0
-20.9498,121.2032,353.4,1.3,1.1,2014-03-19,0530,Aqua,MODIS,95,6.2,321,60.3,D,0
-20.9514,121.1908,406.2,1.3,1.1,2014-03-19,0530,Aqua,MODIS,100,6.2,325.2,385.8,D,0
-20.9412,121.1893,338,1.3,1.1,2014-03-19,0530,Aqua,MODIS,66,6.2,319.5,18.5,D,0
-20.3734,120.1529,354.2,1.5,1.2,2014-03-19,0530,Aqua,MODIS,95,6.2,318,83.3,D,0
-20.9529,121.1783,353.6,1.3,1.1,2014-03-19,0530,Aqua,MODIS,95,6.2,318.4,61.9,D,0
-20.375,120.1387,350.1,1.5,1.2,2014-03-19,0530,Aqua,MODIS,92,6.2,314.3,70.3,D,0
-20.3609,120.1655,335.2,1.5,1.2,2014-03-19,0530,Aqua,MODIS,29,6.2,316.1,17.9,D,0
-20.3625,120.1514,357.5,1.5,1.2,2014-03-19,0530,Aqua,MODIS,98,6.2,316,99.4,D,0
-20.3696,120.1613,339.7,1.5,1.2,2014-03-19,0530,Aqua,MODIS,75,6.2,316.5,31,D,0
-20.3714,120.1472,349.5,1.5,1.2,2014-03-19,0530,Aqua,MODIS,91,6.2,317.3,66.4,D,0
-20.3588,120.1598,342,1.5,1.2,2014-03-19,0530,Aqua,MODIS,70,6.2,316.8,35.6,D,0
-20.3605,120.1457,350.5,1.5,1.2,2014-03-19,0530,Aqua,MODIS,90,6.2,313.8,68.5,D,0
-20.555,120.3458,330.8,1.4,1.2,2014-03-19,0530,Aqua,MODIS,35,6.2,310.7,15.5,D,0
-20.5657,120.3472,346.9,1.4,1.2,2014-03-19,0530,Aqua,MODIS,89,6.2,309.3,60.5,D,0
-20.5641,120.3612,330.2,1.4,1.2,2014-03-19,0530,Aqua,MODIS,30,6.2,307.7,13.8,D,0
-20.6012,120.3246,337.7,1.4,1.2,2014-03-19,0530,Aqua,MODIS,76,6.2,305.6,34.9,D,0
-21.3169,117.425,330.8,2.4,1.5,2014-03-19,0530,Aqua,MODIS,27,6.2,309.7,27.3,D,0
-21.3192,117.4019,334.7,2.4,1.5,2014-03-19,0530,Aqua,MODIS,56,6.2,309.2,48.9,D,0
-21.3034,117.4233,333.2,2.4,1.5,2014-03-19,0530,Aqua,MODIS,57,6.2,310.4,35.9,D,0
-21.3057,117.4002,351.9,2.4,1.5,2014-03-19,0530,Aqua,MODIS,94,6.2,312.5,157.1,D,0
-21.3085,117.4169,343.2,2.4,1.5,2014-03-19,0530,Aqua,MODIS,86,6.2,311.1,93.6,D,0
-21.311,117.3938,351.2,2.4,1.5,2014-03-19,0530,Aqua,MODIS,93,6.2,312.8,152.8,D,0
-21.4425,117.0607,345.7,2.5,1.5,2014-03-19,0530,Aqua,MODIS,79,6.2,310.5,144.3,D,0
-21.4375,117.0551,339.2,2.5,1.5,2014-03-19,0530,Aqua,MODIS,42,6.2,310.4,99.2,D,0
-19.9646,121.9985,399.8,1.1,1.1,2014-03-19,0530,Aqua,MODIS,100,6.2,313.5,277.8,D,0
-19.9522,122.0188,350.7,1.1,1.1,2014-03-19,0530,Aqua,MODIS,92,6.2,311.4,48.4,D,0
-19.9536,122.008,362.6,1.1,1.1,2014-03-19,0530,Aqua,MODIS,100,6.2,312.7,85.8,D,0
-19.955,121.997,339.7,1.1,1.1,2014-03-19,0530,Aqua,MODIS,12,6.2,313,25.7,D,0
-19.9564,121.9861,348,1.1,1.1,2014-03-19,0530,Aqua,MODIS,81,6.2,311.8,43.8,D,0
-19.9499,122.0129,358.1,1.1,1.1,2014-03-19,0530,Aqua,MODIS,91,6.2,311.5,69,D,0
-19.9578,121.9752,344.6,1.1,1.1,2014-03-19,0530,Aqua,MODIS,76,6.2,308.9,36.4,D,0
-19.8162,121.6475,337.3,1.2,1.1,2014-03-19,0530,Aqua,MODIS,75,6.2,311.8,20.8,D,0
-19.8146,121.5723,331.7,1.2,1.1,2014-03-19,0530,Aqua,MODIS,53,6.2,309.4,13.4,D,0
-19.8075,121.0683,344.9,1.3,1.1,2014-03-19,0530,Aqua,MODIS,87,6.2,313.8,37.6,D,0
-19.8019,121.0302,331.9,1.3,1.1,2014-03-19,0530,Aqua,MODIS,26,6.2,306.9,17.6,D,0
-19.812,121.0317,351.4,1.3,1.1,2014-03-19,0530,Aqua,MODIS,93,6.2,306.5,69.1,D,0
-19.8019,121.0361,334.5,1.3,1.1,2014-03-19,0530,Aqua,MODIS,37,6.2,306.4,21.4,D,0
-19.8789,120.8267,332.4,1.3,1.1,2014-03-19,0530,Aqua,MODIS,66,6.2,309.8,15.3,D,0
-19.8308,121.0468,338.3,1.3,1.1,2014-03-19,0530,Aqua,MODIS,77,6.2,307.4,34.2,D,0
-21.1199,118.5731,335.8,2,1.4,2014-03-19,0530,Aqua,MODIS,74,6.2,305.4,45.3,D,0
-20.5404,118.5165,339.1,1.9,1.4,2014-03-19,0530,Aqua,MODIS,57,6.2,317.7,40.4,D,0
-20.5281,118.515,372.1,1.9,1.4,2014-03-19,0530,Aqua,MODIS,100,6.2,317.1,258.9,D,0
-20.5159,118.5134,341.7,1.9,1.4,2014-03-19,0530,Aqua,MODIS,77,6.2,313.2,61.4,D,0
-21.3888,117.8672,350.4,2.2,1.4,2014-03-19,0530,Aqua,MODIS,93,6.2,314.5,126.8,D,0
-21.3934,117.8235,330.1,2.2,1.4,2014-03-19,0530,Aqua,MODIS,43,6.2,310.7,23.9,D,0
-21.3758,117.8649,334,2.2,1.4,2014-03-19,0530,Aqua,MODIS,48,6.2,314.2,33.3,D,0
-18.2973,128.0367,332.7,1.4,1.2,2014-03-19,0530,Aqua,MODIS,56,6.2,309.3,30,D,0
-20.5136,119.7314,344.4,1.6,1.2,2014-03-19,0530,Aqua,MODIS,80,6.2,317.8,46.7,D,0
-20.5154,119.7161,372.2,1.6,1.2,2014-03-19,0530,Aqua,MODIS,100,6.2,315.9,192.5,D,0
-20.5171,119.7009,354.8,1.6,1.2,2014-03-19,0530,Aqua,MODIS,96,6.2,312.1,96.7,D,0
-20.5137,119.7244,350.9,1.6,1.2,2014-03-19,0530,Aqua,MODIS,93,6.2,316.8,70.3,D,0
-20.5155,119.7092,368,1.6,1.2,2014-03-19,0530,Aqua,MODIS,100,6.2,315.2,162.6,D,0
-19.58,123.8399,349.2,1,1,2014-03-19,0530,Aqua,MODIS,91,6.2,313.1,30.6,D,0
-19.5737,123.8193,370.4,1,1,2014-03-19,0530,Aqua,MODIS,100,6.2,316.4,92.4,D,0
-20.3677,129.1702,338,1.5,1.2,2014-03-19,0530,Aqua,MODIS,39,6.2,314.4,28.7,D,0
-21.3869,126.6941,364.7,1.1,1,2014-03-19,0530,Aqua,MODIS,100,6.2,309.1,94.5,D,0
-21.3885,126.6836,368,1.1,1,2014-03-19,0530,Aqua,MODIS,87,6.2,303.7,109.3,D,0
-21.3962,126.6957,354.4,1.1,1,2014-03-19,0530,Aqua,MODIS,93,6.2,310.6,62.6,D,0
-17.5721,128.3807,334,1.5,1.2,2014-03-19,0530,Aqua,MODIS,77,6.2,308.8,28.8,D,0
-21.3978,126.6853,350.6,1.1,1,2014-03-19,0530,Aqua,MODIS,87,6.2,305.6,56.8,D,0
-15.1663,131.7474,319.2,3,1.6,2014-03-19,0531,Aqua,MODIS,51,6.2,300.9,32.7,D,0
-15.1666,131.7554,321,3,1.6,2014-03-19,0531,Aqua,MODIS,59,6.2,301.1,40.7,D,0
-17.3053,128.6646,332.1,1.6,1.2,2014-03-19,0531,Aqua,MODIS,74,6.2,308.3,28.4,D,0
-15.3779,130.1996,322.1,2.3,1.5,2014-03-19,0531,Aqua,MODIS,49,6.2,303.8,25.3,D,0
-17.5817,126.2197,369.3,1.1,1.1,2014-03-19,0531,Aqua,MODIS,100,6.2,313.1,118.1,D,0
-17.3105,128.5683,343.6,1.6,1.2,2014-03-19,0531,Aqua,MODIS,75,6.2,306.6,61.4,D,0
-17.3129,128.5534,362.5,1.6,1.2,2014-03-19,0531,Aqua,MODIS,100,6.2,312.5,144.7,D,0
-17.3019,128.5513,341.2,1.6,1.2,2014-03-19,0531,Aqua,MODIS,65,6.2,310.9,51.8,D,0
-17.3516,128.4603,332.7,1.6,1.2,2014-03-19,0531,Aqua,MODIS,76,6.2,311.7,22.4,D,0
-17.3043,128.5365,343.6,1.6,1.2,2014-03-19,0531,Aqua,MODIS,87,6.2,311.6,60.3,D,0
-15.3757,130.1345,321.6,2.2,1.5,2014-03-19,0531,Aqua,MODIS,60,6.2,303.4,24.4,D,0
-15.3792,130.1147,324.7,2.2,1.4,2014-03-19,0531,Aqua,MODIS,56,6.2,303.7,34.6,D,0
-17.596,126.2837,341.6,1.1,1.1,2014-03-19,0531,Aqua,MODIS,86,6.2,312.9,31.3,D,0
-17.5976,126.2731,357.3,1.1,1.1,2014-03-19,0531,Aqua,MODIS,98,6.2,314.2,71.7,D,0
-17.3079,128.6496,334.2,1.6,1.2,2014-03-19,0531,Aqua,MODIS,76,6.2,307.5,33.8,D,0
-15.374,130.2035,322.9,2.3,1.5,2014-03-19,0531,Aqua,MODIS,20,6.2,303.8,25.8,D,0
-17.3467,128.4894,329,1.6,1.2,2014-03-19,0531,Aqua,MODIS,69,6.2,309.1,12.2,D,0
-17.5993,126.2627,351.1,1.1,1.1,2014-03-19,0531,Aqua,MODIS,94,6.2,311.5,54.8,D,0
-17.5925,126.2765,345.1,1.1,1.1,2014-03-19,0531,Aqua,MODIS,90,6.2,312.7,35.2,D,0
-17.3492,128.4748,334.8,1.6,1.2,2014-03-19,0531,Aqua,MODIS,79,6.2,310.9,27.5,D,0
-15.3722,130.155,323.4,2.3,1.5,2014-03-19,0531,Aqua,MODIS,51,6.2,303.2,26.9,D,0
-17.58,126.2303,355.7,1.1,1.1,2014-03-19,0531,Aqua,MODIS,97,6.2,314.9,69.5,D,0
-17.5879,126.2429,330.9,1.1,1.1,2014-03-19,0531,Aqua,MODIS,15,6.2,309.8,11.8,D,0
-17.5784,126.2411,337,1.1,1.1,2014-03-19,0531,Aqua,MODIS,57,6.2,314,23.5,D,0
-17.5846,126.2645,344.9,1.1,1.1,2014-03-19,0531,Aqua,MODIS,89,6.2,312.7,37.2,D,0
-17.312,128.5587,369.9,1.6,1.2,2014-03-19,0531,Aqua,MODIS,100,6.2,311.4,187.6,D,0
-17.5941,126.266,347.1,1.1,1.1,2014-03-19,0531,Aqua,MODIS,91,6.2,312.1,41,D,0
-18.0136,123.9998,334.1,1,1,2014-03-19,0531,Aqua,MODIS,71,6.2,307.7,17.4,D,0
-18.0149,123.9904,330.1,1,1,2014-03-19,0531,Aqua,MODIS,44,6.2,306.5,12.5,D,0
-35.9311,136.8299,300.4,2.5,1.5,2014-03-19,1311,Terra,MODIS,26,6.2,283.8,23.9,N,0
-35.939,136.8091,300.2,2.5,1.5,2014-03-19,1311,Terra,MODIS,21,6.2,283.4,25.2,N,0
-35.4966,146.3884,300.5,1,1,2014-03-19,1311,Terra,MODIS,28,6.2,282.7,7.1,N,0
-31.5976,147.7636,300.2,1.2,1.1,2014-03-19,1312,Terra,MODIS,3,6.2,286.4,6.3,N,0
-28.2626,147.2543,306.6,1.3,1.1,2014-03-19,1313,Terra,MODIS,69,6.2,291.3,8.7,N,0
-25.2036,152.5674,307.7,1.8,1.3,2014-03-19,1447,Aqua,MODIS,26,6.2,292,16.5,N,0
-30.8683,121.4867,309,1.1,1,2014-03-19,1451,Terra,MODIS,76,6.2,293,9.2,N,0
-30.8622,121.4907,310.1,1.1,1,2014-03-19,1451,Terra,MODIS,79,6.2,292.9,10.1,N,2
-31.9296,117.2047,307.3,1.1,1.1,2014-03-19,1451,Terra,MODIS,71,6.2,292.9,9.1,N,0
-31.9435,117.2008,311.6,1.1,1.1,2014-03-19,1451,Terra,MODIS,63,6.2,293.1,11.4,N,0
-31.9325,117.2109,305.3,1.1,1.1,2014-03-19,1451,Terra,MODIS,13,6.2,292.8,6.4,N,0
-31.9339,117.1991,328.1,1.1,1.1,2014-03-19,1451,Terra,MODIS,100,6.2,294,30.5,N,0
-31.5949,117.1405,304.2,1.1,1.1,2014-03-19,1451,Terra,MODIS,59,6.2,292.3,6.6,N,0
-31.5964,117.1287,313.1,1.1,1.1,2014-03-19,1451,Terra,MODIS,86,6.2,292.9,13.9,N,0
-33.6781,119.6394,321.4,1,1,2014-03-19,1451,Terra,MODIS,100,6.2,288.1,21.3,N,0
-32.5084,118.0326,300.7,1.1,1,2014-03-19,1451,Terra,MODIS,33,6.2,290.5,5.2,N,0
-33.1548,121.8582,304.2,1.1,1,2014-03-19,1451,Terra,MODIS,43,6.2,289.2,7,N,0
-32.0645,116.7736,307.8,1.2,1.1,2014-03-19,1451,Terra,MODIS,72,6.2,292.7,9.5,N,0
-31.4219,117.5959,301.6,1.1,1,2014-03-19,1451,Terra,MODIS,43,6.2,287.5,4.9,N,0
-33.153,121.8695,300.7,1.1,1,2014-03-19,1451,Terra,MODIS,9,6.2,289.1,4.9,N,0
-31.378,117.565,304.7,1.1,1,2014-03-19,1451,Terra,MODIS,61,6.2,286.9,6.9,N,0
-31.4243,117.6952,306,1.1,1,2014-03-19,1451,Terra,MODIS,66,6.2,291.5,7.5,N,0
-31.411,117.6056,301,1.1,1,2014-03-19,1451,Terra,MODIS,31,6.2,287.2,4.4,N,0
-33.1641,121.8603,306.3,1.1,1,2014-03-19,1451,Terra,MODIS,59,6.2,289.3,8.3,N,0
-32.5062,117.162,332.9,1.1,1.1,2014-03-19,1451,Terra,MODIS,100,6.2,292,40.4,N,0
-31.4136,117.3603,302.4,1.1,1,2014-03-19,1451,Terra,MODIS,49,6.2,284.3,6.6,N,0
-32.5048,117.1742,320.3,1.1,1.1,2014-03-19,1451,Terra,MODIS,100,6.2,291.6,22.4,N,0
-31.4125,117.5942,310.1,1.1,1,2014-03-19,1451,Terra,MODIS,79,6.2,285.7,10.7,N,0
-31.2125,117.0091,302.9,1.1,1.1,2014-03-19,1452,Terra,MODIS,52,6.2,292,6.6,N,0
-30.8738,116.2171,304.3,1.2,1.1,2014-03-19,1452,Terra,MODIS,60,6.2,291.4,7.7,N,0
-30.8851,116.206,311.1,1.2,1.1,2014-03-19,1452,Terra,MODIS,82,6.2,292,13.3,N,0
-30.8995,116.1696,309.1,1.2,1.1,2014-03-19,1452,Terra,MODIS,76,6.2,292.2,11.8,N,0
-21.3176,117.4383,310.2,1,1,2014-03-19,1454,Terra,MODIS,68,6.2,299.3,4.6,N,0
-21.2934,117.4145,312.6,1,1,2014-03-19,1454,Terra,MODIS,78,6.2,299.2,6.8,N,0
-21.2962,117.3952,309.9,1,1,2014-03-19,1454,Terra,MODIS,67,6.2,299.6,4.6,N,0
-21.2976,117.3856,315.2,1,1,2014-03-19,1454,Terra,MODIS,87,6.2,299.5,8.8,N,0
-21.5685,117.7373,308.8,1,1,2014-03-19,1454,Terra,MODIS,57,6.2,298.2,5,N,0
-21.3517,117.8978,316.6,1,1,2014-03-19,1454,Terra,MODIS,91,6.2,301.3,9,N,0
-19.942,122.0294,344.1,1.7,1.3,2014-03-19,1454,Terra,MODIS,100,6.2,288.3,102.3,N,0
-19.9448,122.0132,349.2,1.7,1.3,2014-03-19,1454,Terra,MODIS,100,6.2,295.5,122.5,N,0
-19.9305,122.0271,327.7,1.7,1.3,2014-03-19,1454,Terra,MODIS,59,6.2,296.2,47.7,N,0
-19.9333,122.0109,356.7,1.7,1.3,2014-03-19,1454,Terra,MODIS,100,6.2,299.1,159.5,N,0
-19.9361,121.9948,330.1,1.7,1.3,2014-03-19,1454,Terra,MODIS,100,6.2,297.8,53.2,N,0
-19.9246,121.9925,320.2,1.7,1.3,2014-03-19,1454,Terra,MODIS,100,6.2,296.2,29.8,N,0
-19.9275,121.9764,309,1.7,1.3,2014-03-19,1454,Terra,MODIS,48,6.2,296.2,10.2,N,0
-19.8086,121.6648,314.3,1.6,1.3,2014-03-19,1454,Terra,MODIS,89,6.2,295.2,19,N,0
-19.8112,121.6495,317.9,1.6,1.3,2014-03-19,1454,Terra,MODIS,54,6.2,294.8,27.5,N,0
-19.8105,121.5864,324.5,1.6,1.2,2014-03-19,1454,Terra,MODIS,92,6.2,288.2,49.7,N,0
-19.8131,121.5712,306.9,1.6,1.2,2014-03-19,1454,Terra,MODIS,47,6.2,285.5,21.3,N,0
-19.7993,121.5842,332.2,1.6,1.2,2014-03-19,1454,Terra,MODIS,100,6.2,291.6,67.4,N,0
-19.802,121.5691,321.3,1.6,1.2,2014-03-19,1454,Terra,MODIS,90,6.2,286.4,42.3,N,0
-19.8198,121.667,310.3,1.6,1.3,2014-03-19,1454,Terra,MODIS,80,6.2,295.1,12.9,N,0
-20.5173,118.4891,335.3,1.1,1,2014-03-19,1454,Terra,MODIS,100,6.2,298.9,36.4,N,0
-21.3651,117.87,313.1,1,1,2014-03-19,1454,Terra,MODIS,62,6.2,301.7,5.3,N,0
-21.368,117.8505,320.5,1,1,2014-03-19,1454,Terra,MODIS,100,6.2,302,12.2,N,0
-21.3756,121.2619,307.6,1.4,1.2,2014-03-19,1454,Terra,MODIS,43,6.2,277.5,19.7,N,0
-20.5798,118.5582,314.3,1.1,1,2014-03-19,1454,Terra,MODIS,86,6.2,298.1,10.4,N,0
-21.1336,120.9878,315.7,1.4,1.2,2014-03-19,1454,Terra,MODIS,92,6.2,289.9,18.7,N,0
-21.1314,121.001,341.9,1.4,1.2,2014-03-19,1454,Terra,MODIS,100,6.2,295.3,71.4,N,0
-21.1292,121.0143,317,1.4,1.2,2014-03-19,1454,Terra,MODIS,94,6.2,293.9,18.8,N,0
-20.5813,118.548,309.9,1.1,1,2014-03-19,1454,Terra,MODIS,73,6.2,297.8,6.7,N,0
-21.1209,120.999,312.8,1.4,1.2,2014-03-19,1454,Terra,MODIS,74,6.2,290.9,15.1,N,0
-22.7004,117.7322,326.1,1,1,2014-03-19,1454,Terra,MODIS,78,6.2,293.2,22.1,N,0
-14.3354,132.4191,308.3,1.4,1.2,2014-03-19,1622,Aqua,MODIS,71,6.2,296.6,8.2,N,0
-14.3306,132.4142,307.8,1.4,1.2,2014-03-19,1622,Aqua,MODIS,50,6.2,296.5,7.5,N,0
-15.1035,130.5845,305.8,1.8,1.3,2014-03-19,1623,Aqua,MODIS,64,6.2,295.4,11.4,N,0
-21.3544,117.8903,310.9,2.6,1.6,2014-03-19,1803,Aqua,MODIS,79,6.2,298.1,24,N,0
-21.6276,115.9261,318.2,1.9,1.3,2014-03-19,1803,Aqua,MODIS,96,6.2,295.9,31.8,N,0
-21.6398,115.9246,317.1,1.9,1.3,2014-03-19,1803,Aqua,MODIS,94,6.2,295.4,30.3,N,0
-21.652,115.9231,308.5,1.9,1.3,2014-03-19,1803,Aqua,MODIS,6,6.2,295.2,16.5,N,0
-21.3519,117.8647,326.4,2.6,1.6,2014-03-19,1803,Aqua,MODIS,100,6.2,299.1,82.9,N,0
-21.6297,115.9445,325.5,1.9,1.4,2014-03-19,1803,Aqua,MODIS,100,6.2,296.6,51.4,N,0
-21.6419,115.943,337.2,1.9,1.4,2014-03-19,1803,Aqua,MODIS,100,6.2,296.9,93.1,N,0
-21.6541,115.9414,314.9,1.9,1.4,2014-03-19,1803,Aqua,MODIS,68,6.2,295.3,29.2,N,0
-21.6459,115.9372,325.8,1.9,1.4,2014-03-19,1803,Aqua,MODIS,100,6.2,296.1,54.8,N,0
-25.2083,152.5849,347.7,1.1,1,2014-03-20,0011,Terra,MODIS,94,6.2,296.5,54.6,D,0
-25.1868,152.5667,335.6,1.1,1,2014-03-20,0011,Terra,MODIS,0,6.2,298.8,33,D,0
-25.1882,152.5773,339,1.1,1,2014-03-20,0011,Terra,MODIS,51,6.2,297.2,38.7,D,0
-25.1961,152.5652,406.1,1.1,1,2014-03-20,0011,Terra,MODIS,82,6.2,310.8,316.7,D,0
-25.1975,152.5758,380.1,1.1,1,2014-03-20,0011,Terra,MODIS,100,6.2,306,161.6,D,0
-25.199,152.5864,406.7,1.1,1,2014-03-20,0011,Terra,MODIS,100,6.2,308.5,318.5,D,0
-25.2004,152.5971,350.8,1.1,1,2014-03-20,0011,Terra,MODIS,96,6.2,301.7,62.6,D,0
-25.2069,152.5743,349.3,1.1,1,2014-03-20,0011,Terra,MODIS,95,6.2,296.2,57.3,D,0
-25.2097,152.5956,332.3,1.1,1,2014-03-20,0011,Terra,MODIS,68,6.2,297.5,27.3,D,0
-25.2162,152.5728,319.6,1.1,1,2014-03-20,0011,Terra,MODIS,49,6.2,293.2,13.1,D,0
-26.7989,150.2018,315.4,1,1,2014-03-20,0011,Terra,MODIS,0,6.2,289,8.7,D,2
-30.2966,144.5053,324.8,1.5,1.2,2014-03-20,0012,Terra,MODIS,71,6.2,301.8,19.4,D,0
-30.2212,148.9526,327.2,1,1,2014-03-20,0012,Terra,MODIS,77,6.2,308.8,10.9,D,0
-34.4657,150.8902,315.9,1.1,1.1,2014-03-20,0013,Terra,MODIS,0,6.2,299.7,9,D,2
-33.5534,146.4043,333.4,1.1,1,2014-03-20,0013,Terra,MODIS,83,6.2,304.8,26.4,D,0
-32.7324,147.3097,331.9,1,1,2014-03-20,0013,Terra,MODIS,83,6.2,302.5,23.9,D,0
-33.9598,145.8931,318.7,1.1,1.1,2014-03-20,0013,Terra,MODIS,46,6.2,304.9,6.6,D,0
-34.4641,150.8779,313.3,1.1,1.1,2014-03-20,0013,Terra,MODIS,40,6.2,299.2,6.8,D,2
-33.5553,146.416,318.4,1.1,1,2014-03-20,0013,Terra,MODIS,57,6.2,303.4,6.6,D,0
-32.7306,147.2986,316.8,1,1,2014-03-20,0013,Terra,MODIS,61,6.2,302,6.5,D,0
-31.6189,146.0308,323.6,1.2,1.1,2014-03-20,0013,Terra,MODIS,70,6.2,301.5,15.8,D,0
-32.7787,147.2005,317.8,1.1,1,2014-03-20,0013,Terra,MODIS,63,6.2,302,6.4,D,0
-31.6167,146.0183,321.9,1.2,1.1,2014-03-20,0013,Terra,MODIS,66,6.2,301.6,13.7,D,0
-33.315,146.2031,324.8,1.1,1.1,2014-03-20,0013,Terra,MODIS,72,6.2,303.1,15.3,D,0
-33.4832,147.9839,325.6,1,1,2014-03-20,0013,Terra,MODIS,76,6.2,306.8,12.9,D,0
-33.4848,147.9947,324.9,1,1,2014-03-20,0013,Terra,MODIS,76,6.2,305.3,11.7,D,0
-35.5801,148.3993,307.9,1,1,2014-03-20,0014,Terra,MODIS,45,6.2,291.7,7.2,D,0
-34.0403,137.9693,315.3,3.2,1.7,2014-03-20,0014,Terra,MODIS,59,6.2,301.6,32.2,D,0
-34.0353,137.9635,314,3.2,1.7,2014-03-20,0014,Terra,MODIS,53,6.2,301.7,24.4,D,0
-35.4932,146.3928,321.3,1,1,2014-03-20,0014,Terra,MODIS,67,6.2,307.3,8.5,D,0
-34.2552,138.7563,315.3,2.8,1.6,2014-03-20,0014,Terra,MODIS,58,6.2,302.8,23.8,D,0
-42.0869,147.3442,338.7,1,1,2014-03-20,0015,Terra,MODIS,91,6.2,290.1,42,D,0
-37.8378,142.2812,315.1,1.4,1.2,2014-03-20,0015,Terra,MODIS,66,6.2,299.8,12.8,D,0
-37.8409,142.2973,319.8,1.4,1.2,2014-03-20,0015,Terra,MODIS,73,6.2,299.1,19.8,D,0
-42.0852,147.3317,333,1,1,2014-03-20,0015,Terra,MODIS,88,6.2,288.4,33.1,D,0
-12.4723,130.9141,317.9,1.1,1,2014-03-20,0146,Terra,MODIS,0,6.2,302.2,9.3,D,0
-14.3388,132.4133,324.6,1.4,1.2,2014-03-20,0147,Terra,MODIS,71,6.2,306.4,15.9,D,0
-15.1056,130.5182,325.3,1.1,1.1,2014-03-20,0147,Terra,MODIS,74,6.2,303.3,13.8,D,0
-15.4296,130.3809,326.7,1.1,1,2014-03-20,0147,Terra,MODIS,74,6.2,300,17.9,D,0
-15.431,130.3912,319.4,1.1,1.1,2014-03-20,0147,Terra,MODIS,56,6.2,299.8,9.1,D,0
-15.3555,130.1938,324.9,1.1,1,2014-03-20,0147,Terra,MODIS,71,6.2,302,13.7,D,0
-15.4351,130.3841,318.9,1.1,1.1,2014-03-20,0147,Terra,MODIS,53,6.2,299.5,9,D,0
-15.5493,130.4776,322.7,1.1,1.1,2014-03-20,0147,Terra,MODIS,56,6.2,305,9,D,0
-14.9847,129.1373,318.4,1,1,2014-03-20,0147,Terra,MODIS,0,6.2,303.2,7.5,D,0
-15.3663,130.2027,322,1.1,1,2014-03-20,0147,Terra,MODIS,60,6.2,302.7,9.8,D,0
-15.5578,130.5404,332.6,1.1,1.1,2014-03-20,0147,Terra,MODIS,81,6.2,303,23.3,D,0
-15.3847,130.3351,317.9,1.1,1,2014-03-20,0147,Terra,MODIS,46,6.2,300.6,7,D,0
-15.1141,130.5804,323,1.1,1.1,2014-03-20,0147,Terra,MODIS,70,6.2,303.6,11.2,D,0
-17.6142,128.4905,338.2,1,1,2014-03-20,0148,Terra,MODIS,82,6.2,311.2,23.4,D,0
-17.6309,128.4783,340,1,1,2014-03-20,0148,Terra,MODIS,86,6.2,312.1,28,D,0
-17.6323,128.4878,337.5,1,1,2014-03-20,0148,Terra,MODIS,84,6.2,313.4,23,D,0
-18.4882,125.8601,332.3,1.1,1,2014-03-20,0148,Terra,MODIS,73,6.2,312.4,15.8,D,0
-17.6514,128.4306,327.6,1,1,2014-03-20,0148,Terra,MODIS,65,6.2,310.9,10.1,D,0
-17.6528,128.44,333.7,1,1,2014-03-20,0148,Terra,MODIS,79,6.2,311.3,18.6,D,0
-18.4866,125.8499,326.7,1.1,1,2014-03-20,0148,Terra,MODIS,53,6.2,313,7.9,D,0
-17.6232,128.4892,351.3,1,1,2014-03-20,0148,Terra,MODIS,95,6.2,312.5,48.5,D,0
-17.5704,128.5069,336.4,1,1,2014-03-20,0148,Terra,MODIS,35,6.2,312.6,19.1,D,0
-17.6156,128.5,340,1,1,2014-03-20,0148,Terra,MODIS,86,6.2,314,26.7,D,0
-17.489,128.5161,328.8,1,1,2014-03-20,0148,Terra,MODIS,65,6.2,312,11.1,D,0
-17.4877,128.5066,331.7,1,1,2014-03-20,0148,Terra,MODIS,77,6.2,310.5,15.4,D,0
-19.7058,127.3771,333,1,1,2014-03-20,0148,Terra,MODIS,75,6.2,315.1,13.2,D,0
-17.5353,128.6449,328.4,1,1,2014-03-20,0148,Terra,MODIS,72,6.2,310.6,11.9,D,0
-17.5815,126.2001,337.8,1.1,1,2014-03-20,0148,Terra,MODIS,84,6.2,311.1,27.5,D,0
-19.7086,127.3961,333.4,1,1,2014-03-20,0148,Terra,MODIS,75,6.2,315.9,13.8,D,0
-19.7072,127.3866,342.3,1,1,2014-03-20,0148,Terra,MODIS,87,6.2,315.9,28.4,D,0
-17.5637,126.2504,333,1.1,1,2014-03-20,0148,Terra,MODIS,65,6.2,313.5,17.1,D,0
-17.5622,126.2403,336.3,1.1,1,2014-03-20,0148,Terra,MODIS,72,6.2,310.9,22.2,D,0
-17.5831,126.2101,327.3,1.1,1,2014-03-20,0148,Terra,MODIS,67,6.2,312.8,11.4,D,0
-17.5776,126.2175,345.2,1.1,1,2014-03-20,0148,Terra,MODIS,90,6.2,314.3,40.6,D,0
-17.576,126.2075,370.8,1.1,1,2014-03-20,0148,Terra,MODIS,100,6.2,314.6,114.5,D,0
-17.5745,126.1976,349.6,1.1,1,2014-03-20,0148,Terra,MODIS,93,6.2,310.5,52.2,D,0
-17.6169,128.5095,330.9,1,1,2014-03-20,0148,Terra,MODIS,55,6.2,313.8,13.2,D,0
-17.534,128.6354,343.2,1,1,2014-03-20,0148,Terra,MODIS,89,6.2,311.4,34.8,D,0
-17.8424,127.7858,326.5,1,1,2014-03-20,0148,Terra,MODIS,66,6.2,311.7,9.5,D,0
-17.6079,128.5109,325.9,1,1,2014-03-20,0148,Terra,MODIS,26,6.2,311.1,7.5,D,0
-18.7309,131.2045,325.7,1.3,1.1,2014-03-20,0148,Terra,MODIS,59,6.2,311.4,11.9,D,0
-19.7928,121.5611,338.9,1.8,1.3,2014-03-20,0148,Terra,MODIS,84,6.2,291.4,79.6,D,0
-19.8047,121.5588,337.6,1.8,1.3,2014-03-20,0148,Terra,MODIS,83,6.2,291.7,69.9,D,0
-18.7353,124.5907,329.2,1.2,1.1,2014-03-20,0148,Terra,MODIS,39,6.2,312.3,11.5,D,0
-18.747,124.6005,332.1,1.2,1.1,2014-03-20,0148,Terra,MODIS,70,6.2,312.5,16.2,D,0
-21.4058,116.1878,325,4.2,1.9,2014-03-20,0149,Terra,MODIS,65,6.2,301.9,78.3,D,0
-21.3916,116.1854,345,4.2,1.9,2014-03-20,0149,Terra,MODIS,90,6.2,302.5,311.9,D,0
-21.3889,116.1916,346,4.2,1.9,2014-03-20,0149,Terra,MODIS,91,6.2,302.5,324.9,D,0
-21.8474,116.538,366.9,3.8,1.8,2014-03-20,0149,Terra,MODIS,100,6.2,303.9,649.8,D,0
-21.853,116.531,366.3,3.8,1.8,2014-03-20,0149,Terra,MODIS,100,6.2,303.3,635.7,D,0
-20.5156,118.4816,332.6,3,1.6,2014-03-20,0149,Terra,MODIS,77,6.2,302.9,81.8,D,0
-20.5212,118.5099,329.2,3,1.6,2014-03-20,0149,Terra,MODIS,71,6.2,304.8,61.3,D,0
-22.8702,124.6561,340.8,1.1,1,2014-03-20,0149,Terra,MODIS,68,6.2,313.8,27.8,D,0
-22.8648,124.7179,331,1.1,1,2014-03-20,0149,Terra,MODIS,67,6.2,311.6,12.3,D,0
-22.8753,124.6877,328.2,1.1,1,2014-03-20,0149,Terra,MODIS,32,6.2,311.6,9.2,D,0
-22.8906,124.6633,372.6,1.1,1,2014-03-20,0149,Terra,MODIS,100,6.2,313.7,118.3,D,0
-22.8778,124.6438,336.3,1.1,1,2014-03-20,0149,Terra,MODIS,60,6.2,312.3,20.5,D,0
-22.8631,124.7074,338.1,1.1,1,2014-03-20,0149,Terra,MODIS,80,6.2,312.7,22.2,D,0
-22.8615,124.6969,347.7,1.1,1,2014-03-20,0149,Terra,MODIS,89,6.2,313.9,38.2,D,0
-22.8471,124.667,335.1,1.1,1,2014-03-20,0149,Terra,MODIS,41,6.2,314.1,17.3,D,0
-22.8598,124.6864,340.4,1.1,1,2014-03-20,0149,Terra,MODIS,35,6.2,315.9,21.9,D,0
-22.8691,124.6847,341.7,1.1,1,2014-03-20,0149,Terra,MODIS,39,6.2,314.6,23.7,D,0
-21.855,116.5749,343.6,3.8,1.8,2014-03-20,0149,Terra,MODIS,89,6.2,303,247.3,D,0
-22.7062,117.7336,322.6,3,1.7,2014-03-20,0149,Terra,MODIS,43,6.2,302.2,34.2,D,0
-21.8902,116.5926,327.4,3.8,1.8,2014-03-20,0149,Terra,MODIS,68,6.2,302.1,75.8,D,0
-21.9144,116.6258,328.6,3.8,1.8,2014-03-20,0149,Terra,MODIS,70,6.2,302.2,95.9,D,0
-21.909,116.6347,330.2,3.8,1.8,2014-03-20,0149,Terra,MODIS,69,6.2,302.4,110.2,D,0
-21.8821,116.5556,338.6,3.8,1.8,2014-03-20,0149,Terra,MODIS,85,6.2,302.8,186.9,D,0
-21.8934,116.5605,328.8,3.8,1.8,2014-03-20,0149,Terra,MODIS,71,6.2,302,89.4,D,0
-21.8772,116.5643,339.6,3.8,1.8,2014-03-20,0149,Terra,MODIS,86,6.2,303.1,196.4,D,0
-21.8608,116.5678,363.1,3.8,1.8,2014-03-20,0149,Terra,MODIS,100,6.2,304.6,560.8,D,0
-20.9709,121.1978,354.1,1.9,1.3,2014-03-20,0149,Terra,MODIS,96,6.2,306.9,131.9,D,0
-21.1099,120.9762,325.2,1.9,1.4,2014-03-20,0149,Terra,MODIS,62,6.2,303.8,20.1,D,0
-20.9755,121.1856,338,1.9,1.3,2014-03-20,0149,Terra,MODIS,84,6.2,305.4,53.5,D,0
-20.9742,121.2154,328.2,1.9,1.3,2014-03-20,0149,Terra,MODIS,57,6.2,304.4,20.7,D,0
-20.9786,121.2033,355.5,1.9,1.3,2014-03-20,0149,Terra,MODIS,97,6.2,305.4,140.2,D,0
-21.1165,121.0129,327,1.9,1.3,2014-03-20,0149,Terra,MODIS,67,6.2,304.5,25,D,0
-20.1443,121.3932,355.1,1.9,1.3,2014-03-20,0149,Terra,MODIS,97,6.2,287.8,150.5,D,0
-21.1286,121.0103,333.2,1.9,1.3,2014-03-20,0149,Terra,MODIS,78,6.2,305.7,45.7,D,0
-21.1132,120.9946,330.7,1.9,1.3,2014-03-20,0149,Terra,MODIS,74,6.2,305.2,37.2,D,0
-32.6217,134.4136,321.4,3.3,1.7,2014-03-20,0151,Terra,MODIS,74,6.2,302.3,39.5,D,0
-32.2981,134.6142,328.8,3.4,1.7,2014-03-20,0151,Terra,MODIS,73,6.2,297.7,108.6,D,0
-32.4272,134.1613,318.5,3.2,1.7,2014-03-20,0151,Terra,MODIS,69,6.2,299.5,33.2,D,0
-32.627,134.4183,322.4,3.3,1.7,2014-03-20,0151,Terra,MODIS,75,6.2,302.4,47.4,D,0
-32.2918,134.6094,329.3,3.4,1.7,2014-03-20,0151,Terra,MODIS,71,6.2,299.8,109.8,D,0
-33.1395,134.6801,317.2,3.5,1.8,2014-03-20,0152,Terra,MODIS,67,6.2,298,35.6,D,0
-33.0962,134.7596,319,3.5,1.8,2014-03-20,0152,Terra,MODIS,70,6.2,302.5,45.7,D,0
-33.104,134.7522,321.6,3.5,1.8,2014-03-20,0152,Terra,MODIS,70,6.2,302.8,58.3,D,0
-33.5401,121.6543,308.9,1.1,1,2014-03-20,0152,Terra,MODIS,0,6.2,289.1,6.1,D,0
-33.8354,120.5365,322.8,1.2,1.1,2014-03-20,0152,Terra,MODIS,66,6.2,299,19.2,D,0
-33.9764,118.3011,313.6,1.6,1.2,2014-03-20,0152,Terra,MODIS,26,6.2,295.7,13.7,D,0
-25.1947,152.5513,323.4,4.7,2,2014-03-20,0254,Aqua,MODIS,0,6.2,272.3,129.8,D,0
-41.1424,144.9097,358.7,1,1,2014-03-20,0428,Aqua,MODIS,94,6.2,292,78.4,D,0
-41.1442,144.8976,330.2,1,1,2014-03-20,0428,Aqua,MODIS,55,6.2,288.6,23.6,D,0
-41.1406,144.9218,327.1,1,1,2014-03-20,0428,Aqua,MODIS,54,6.2,290.5,22.1,D,0
-41.1516,144.8495,340.8,1,1,2014-03-20,0428,Aqua,MODIS,87,6.2,287.3,40.9,D,0
-41.1606,144.8519,396.5,1,1,2014-03-20,0428,Aqua,MODIS,94,6.2,297,231.6,D,0
-41.1714,144.8423,312.3,1,1,2014-03-20,0428,Aqua,MODIS,41,6.2,288.2,8.3,D,0
-41.1004,144.8305,331.4,1,1,2014-03-20,0429,Aqua,MODIS,82,6.2,290.6,29.6,D,0
-37.2438,148.9152,337.6,1.6,1.3,2014-03-20,0429,Aqua,MODIS,77,6.2,293.4,77.1,D,0
-37.4815,148.5932,311.1,1.6,1.2,2014-03-20,0429,Aqua,MODIS,36,6.2,297,7.9,D,0
-37.3019,147.5183,336.1,1.4,1.2,2014-03-20,0429,Aqua,MODIS,88,6.2,297.7,55.3,D,0
-37.5278,148.6499,308.8,1.6,1.2,2014-03-20,0429,Aqua,MODIS,46,6.2,293.3,10.9,D,0
-37.299,147.5339,326.2,1.4,1.2,2014-03-20,0429,Aqua,MODIS,82,6.2,295.8,33.4,D,0
-37.2474,148.8971,356,1.6,1.3,2014-03-20,0429,Aqua,MODIS,98,6.2,297.7,152.6,D,0
-37.3411,147.5681,329.8,1.4,1.2,2014-03-20,0429,Aqua,MODIS,73,6.2,291,43.2,D,0
-37.2329,147.4432,417.1,1.4,1.2,2014-03-20,0429,Aqua,MODIS,94,6.2,306.2,587.3,D,0
-37.2325,148.9121,380.1,1.6,1.3,2014-03-20,0429,Aqua,MODIS,94,6.2,300.3,314.1,D,0
-37.3479,147.5652,319,1.4,1.2,2014-03-20,0429,Aqua,MODIS,70,6.2,292.5,24,D,0
-37.3094,147.5368,361.7,1.4,1.2,2014-03-20,0429,Aqua,MODIS,100,6.2,297.4,141.1,D,0
-37.3123,147.5211,384.1,1.4,1.2,2014-03-20,0429,Aqua,MODIS,100,6.2,306.1,270.1,D,0
-37.2256,147.4236,369.5,1.4,1.2,2014-03-20,0429,Aqua,MODIS,100,6.2,297.7,178.5,D,0
-37.2362,148.8938,401.7,1.6,1.3,2014-03-20,0429,Aqua,MODIS,100,6.2,309.8,539.8,D,0
-37.2358,147.4274,353,1.4,1.2,2014-03-20,0429,Aqua,MODIS,97,6.2,297.9,105.8,D,0
-37.2227,147.4393,383.2,1.4,1.2,2014-03-20,0429,Aqua,MODIS,100,6.2,298.5,261.9,D,0
-34.5657,146.7335,345.2,1.4,1.2,2014-03-20,0430,Aqua,MODIS,86,6.2,312.8,59.2,D,0
-33.8205,146.9892,323.3,1.5,1.2,2014-03-20,0430,Aqua,MODIS,54,6.2,307,13.4,D,0
-34.1352,145.5171,343.2,1.2,1.1,2014-03-20,0430,Aqua,MODIS,89,6.2,311.2,51.1,D,0
-34.8594,145.902,328.6,1.3,1.1,2014-03-20,0430,Aqua,MODIS,49,6.2,307.2,16.4,D,0
-34.5685,146.7182,399.4,1.4,1.2,2014-03-20,0430,Aqua,MODIS,100,6.2,318.9,383.9,D,0
-34.8618,145.8883,333.1,1.3,1.1,2014-03-20,0430,Aqua,MODIS,76,6.2,308.2,25.5,D,0
-34.2644,147.0423,392.3,1.5,1.2,2014-03-20,0430,Aqua,MODIS,100,6.2,314.5,352.9,D,0
-35.4259,149.6048,325.6,2,1.4,2014-03-20,0430,Aqua,MODIS,74,6.2,292.2,55,D,0
-34.1736,147.0264,330.1,1.5,1.2,2014-03-20,0430,Aqua,MODIS,57,6.2,305.8,33.3,D,0
-33.435,147.7317,329.2,1.7,1.3,2014-03-20,0430,Aqua,MODIS,79,6.2,308.5,36.2,D,0
-34.8255,146.6269,329.9,1.4,1.2,2014-03-20,0430,Aqua,MODIS,76,6.2,309.7,21.7,D,0
-33.2148,147.373,323.3,1.6,1.3,2014-03-20,0430,Aqua,MODIS,67,6.2,307.6,18.3,D,0
-33.811,147.712,322.8,1.7,1.3,2014-03-20,0430,Aqua,MODIS,33,6.2,306.1,20.3,D,0
-34.5982,146.9435,330.7,1.4,1.2,2014-03-20,0430,Aqua,MODIS,25,6.2,312.4,28.2,D,0
-34.3419,147.3154,369.9,1.5,1.2,2014-03-20,0430,Aqua,MODIS,100,6.2,314.4,194,D,0
-34.2614,147.0583,357.1,1.5,1.2,2014-03-20,0430,Aqua,MODIS,98,6.2,304,115.2,D,0
-36.1678,147.6149,322.3,1.5,1.2,2014-03-20,0430,Aqua,MODIS,70,6.2,298,27.8,D,0
-34.2367,146.3836,328.6,1.4,1.2,2014-03-20,0430,Aqua,MODIS,49,6.2,302.7,24,D,0
-33.4972,146.5465,325.8,1.4,1.2,2014-03-20,0430,Aqua,MODIS,22,6.2,307.1,18.8,D,0
-35.4381,149.6087,317.3,2,1.4,2014-03-20,0430,Aqua,MODIS,54,6.2,291.7,32.9,D,0
-33.6829,146.9294,350.1,1.5,1.2,2014-03-20,0430,Aqua,MODIS,94,6.2,305.3,94.6,D,0
-33.9091,147.6906,325.8,1.6,1.3,2014-03-20,0430,Aqua,MODIS,38,6.2,308.2,21.1,D,0
-34.8075,146.9976,328.7,1.4,1.2,2014-03-20,0430,Aqua,MODIS,60,6.2,309.7,23.9,D,0
-33.7302,146.6767,327.8,1.5,1.2,2014-03-20,0430,Aqua,MODIS,75,6.2,304.2,25.4,D,0
-34.8523,145.8945,328.5,1.3,1.1,2014-03-20,0430,Aqua,MODIS,64,6.2,310.5,15.2,D,0
-35.572,146.4208,342.7,1.3,1.1,2014-03-20,0430,Aqua,MODIS,86,6.2,313.8,52.1,D,0
-34.3388,147.3319,340.3,1.5,1.2,2014-03-20,0430,Aqua,MODIS,88,6.2,304.4,61.2,D,0
-35.1028,146.9025,326.6,1.4,1.2,2014-03-20,0430,Aqua,MODIS,34,6.2,309.1,18,D,0
-34.8201,146.6323,339,1.4,1.2,2014-03-20,0430,Aqua,MODIS,86,6.2,309.5,42.7,D,0
-35.1508,146.4624,353.8,1.3,1.1,2014-03-20,0430,Aqua,MODIS,84,6.2,299.9,94.2,D,0
-34.8305,146.6351,330.7,1.4,1.2,2014-03-20,0430,Aqua,MODIS,77,6.2,309,23.4,D,0
-34.5713,146.703,340.3,1.4,1.2,2014-03-20,0430,Aqua,MODIS,85,6.2,311.6,46.9,D,0
-34.8104,146.982,370.3,1.4,1.2,2014-03-20,0430,Aqua,MODIS,100,6.2,314.1,177.5,D,0
-33.1163,147.8755,327.5,1.8,1.3,2014-03-20,0430,Aqua,MODIS,78,6.2,307.4,28.4,D,0
-34.8228,146.6418,331.9,1.4,1.2,2014-03-20,0430,Aqua,MODIS,75,6.2,310.4,27.7,D,0
-33.6799,146.9455,322.6,1.5,1.2,2014-03-20,0430,Aqua,MODIS,28,6.2,305.2,17.3,D,0
-34.3121,146.1451,366.9,1.3,1.1,2014-03-20,0430,Aqua,MODIS,100,6.2,306.6,140.7,D,0
-35.9779,141.9489,328.6,1,1,2014-03-20,0430,Aqua,MODIS,69,6.2,315.1,9.8,D,0
-35.0448,137.6303,342.1,1.4,1.2,2014-03-20,0430,Aqua,MODIS,84,6.2,308.7,55.2,D,0
-35.0464,137.6149,324.3,1.4,1.2,2014-03-20,0430,Aqua,MODIS,51,6.2,307.9,15.5,D,0
-36.4218,143.1363,331.3,1,1,2014-03-20,0430,Aqua,MODIS,77,6.2,314.3,15.1,D,0
-36.3118,143.2029,328.2,1,1,2014-03-20,0430,Aqua,MODIS,71,6.2,308.6,12.7,D,0
-36.1773,143.178,332.4,1,1,2014-03-20,0430,Aqua,MODIS,78,6.2,310.3,18.2,D,0
-36.1683,143.1759,358.8,1,1,2014-03-20,0430,Aqua,MODIS,99,6.2,313.4,70.1,D,0
-36.17,143.1647,327,1,1,2014-03-20,0430,Aqua,MODIS,68,6.2,311.2,11.5,D,0
-36.6865,140.9842,341,1,1,2014-03-20,0430,Aqua,MODIS,88,6.2,306.2,35.9,D,0
-36.6849,140.996,335.5,1,1,2014-03-20,0430,Aqua,MODIS,83,6.2,305.5,26.6,D,0
-36.4422,142.2405,415.1,1,1,2014-03-20,0430,Aqua,MODIS,100,6.2,320.8,341.6,D,0
-36.4407,142.2517,380.7,1,1,2014-03-20,0430,Aqua,MODIS,100,6.2,311,141,D,0
-36.4513,142.2425,374.1,1,1,2014-03-20,0430,Aqua,MODIS,100,6.2,317,115.2,D,0
-36.4497,142.2537,355.9,1,1,2014-03-20,0430,Aqua,MODIS,97,6.2,310.3,60.2,D,0
-35.208,141.0023,342.3,1,1,2014-03-20,0430,Aqua,MODIS,87,6.2,316,29.9,D,0
-35.2095,140.9911,328.3,1,1,2014-03-20,0430,Aqua,MODIS,64,6.2,315.1,8.3,D,0
-35.6803,144.6426,328.5,1.1,1,2014-03-20,0430,Aqua,MODIS,70,6.2,310.6,14,D,0
-35.013,137.2698,337.6,1.4,1.2,2014-03-20,0430,Aqua,MODIS,86,6.2,308.6,43.4,D,0
-36.1675,141.7712,344.6,1,1,2014-03-20,0430,Aqua,MODIS,90,6.2,310.5,36,D,0
-36.1659,141.7824,337.8,1,1,2014-03-20,0430,Aqua,MODIS,83,6.2,309.3,23.9,D,0
-36.1765,141.7731,327.6,1,1,2014-03-20,0430,Aqua,MODIS,68,6.2,309.1,11,D,0
-36.175,141.7843,328.7,1,1,2014-03-20,0430,Aqua,MODIS,70,6.2,309,12.1,D,0
-35.3988,143.2041,347.4,1,1,2014-03-20,0430,Aqua,MODIS,91,6.2,319.5,37.2,D,0
-35.4005,143.193,363.4,1,1,2014-03-20,0430,Aqua,MODIS,100,6.2,321.5,76.7,D,0
-35.3917,143.1958,334.8,1,1,2014-03-20,0430,Aqua,MODIS,78,6.2,319.5,16,D,0
-34.9592,137.0254,329.1,1.5,1.2,2014-03-20,0430,Aqua,MODIS,77,6.2,308.7,24.4,D,0
-35.0006,137.2839,324.6,1.4,1.2,2014-03-20,0430,Aqua,MODIS,70,6.2,308.3,14.3,D,0
-35.2525,142.5796,334,1,1,2014-03-20,0430,Aqua,MODIS,77,6.2,319.1,15,D,0
-35.2509,142.5906,337,1,1,2014-03-20,0430,Aqua,MODIS,81,6.2,319.2,19.4,D,0
-36.7407,141.0489,320.7,1,1,2014-03-20,0430,Aqua,MODIS,54,6.2,307.8,7.2,D,0
-34.6774,137.7622,324.2,1.3,1.1,2014-03-20,0430,Aqua,MODIS,62,6.2,308.6,12.8,D,0
-34.6878,137.7637,325.4,1.3,1.1,2014-03-20,0430,Aqua,MODIS,65,6.2,308.4,14.8,D,0
-36.908,141.8618,324.9,1,1,2014-03-20,0430,Aqua,MODIS,68,6.2,312,9.3,D,0
-34.8358,137.5319,333.8,1.4,1.2,2014-03-20,0430,Aqua,MODIS,81,6.2,309.3,32.6,D,0
-34.8252,137.5302,331.9,1.4,1.2,2014-03-20,0430,Aqua,MODIS,79,6.2,309.2,28.3,D,0
-34.7526,137.5031,323.8,1.4,1.2,2014-03-20,0430,Aqua,MODIS,61,6.2,309.6,10.4,D,0
-34.7597,137.4988,324.4,1.4,1.2,2014-03-20,0430,Aqua,MODIS,60,6.2,310.1,11.4,D,0
-36.6515,142.1252,334.1,1,1,2014-03-20,0430,Aqua,MODIS,81,6.2,310.8,20.6,D,0
-35.8491,141.955,347.8,1,1,2014-03-20,0430,Aqua,MODIS,92,6.2,320,40,D,0
-35.8476,141.9661,345.4,1,1,2014-03-20,0430,Aqua,MODIS,90,6.2,316.5,35.2,D,0
-35.8572,141.9509,339.2,1,1,2014-03-20,0430,Aqua,MODIS,84,6.2,318.1,23.9,D,0
-35.8557,141.962,409,1,1,2014-03-20,0430,Aqua,MODIS,100,6.2,327.4,294.4,D,0
-35.9186,142.0443,327.3,1,1,2014-03-20,0430,Aqua,MODIS,65,6.2,313.9,8.2,D,0
-35.9631,142.1864,327.7,1,1,2014-03-20,0430,Aqua,MODIS,66,6.2,309.7,10.7,D,0
-35.9721,142.1883,332.8,1,1,2014-03-20,0430,Aqua,MODIS,76,6.2,309.3,16.7,D,0
-35.0113,137.2856,347.8,1.4,1.2,2014-03-20,0430,Aqua,MODIS,93,6.2,308.6,74.4,D,0
-35.7994,142.807,329.4,1,1,2014-03-20,0430,Aqua,MODIS,53,6.2,315.4,9.4,D,0
-35.6052,148.4151,332,1.7,1.3,2014-03-20,0430,Aqua,MODIS,84,6.2,293.8,59.9,D,0
-35.594,148.4112,326.6,1.7,1.3,2014-03-20,0430,Aqua,MODIS,70,6.2,293.7,44.6,D,0
-35.5972,148.3949,321.7,1.7,1.3,2014-03-20,0430,Aqua,MODIS,48,6.2,294.4,32.6,D,0
-35.6079,148.4095,322.7,1.7,1.3,2014-03-20,0430,Aqua,MODIS,49,6.2,293.9,35.1,D,0
-35.5967,148.4056,339.3,1.7,1.3,2014-03-20,0430,Aqua,MODIS,89,6.2,295.5,81.1,D,0
-36.3585,148.5574,333.4,1.6,1.3,2014-03-20,0430,Aqua,MODIS,87,6.2,297.7,62.8,D,0
-34.1673,148.2708,331.5,1.8,1.3,2014-03-20,0430,Aqua,MODIS,82,6.2,309.5,40.4,D,0
-33.4871,148.6812,327.2,1.9,1.4,2014-03-20,0430,Aqua,MODIS,43,6.2,308.1,36.4,D,0
-35.2785,149.0758,322.9,1.9,1.3,2014-03-20,0430,Aqua,MODIS,61,6.2,298.3,32.7,D,0
-33.6542,148.9623,323.2,2,1.4,2014-03-20,0430,Aqua,MODIS,74,6.2,303.3,38.2,D,0
-33.7274,148.0134,326.2,1.7,1.3,2014-03-20,0430,Aqua,MODIS,74,6.2,308.9,20,D,0
-33.7219,148.0064,324.8,1.7,1.3,2014-03-20,0430,Aqua,MODIS,59,6.2,309.6,15.8,D,0
-33.8927,147.8363,328.6,1.7,1.3,2014-03-20,0430,Aqua,MODIS,68,6.2,308.8,28.3,D,0
-33.8962,147.8183,367.2,1.7,1.3,2014-03-20,0430,Aqua,MODIS,100,6.2,314.4,200.8,D,0
-36.257,148.0031,320.3,1.5,1.2,2014-03-20,0430,Aqua,MODIS,55,6.2,301.3,17.1,D,0
-36.2428,148.0166,335.4,1.5,1.2,2014-03-20,0430,Aqua,MODIS,87,6.2,302.8,48.2,D,0
-36.2423,148.0097,328.4,1.5,1.2,2014-03-20,0430,Aqua,MODIS,70,6.2,303.4,29.9,D,0
-34.0502,147.7993,337.5,1.7,1.3,2014-03-20,0430,Aqua,MODIS,87,6.2,310.7,49.4,D,0
-34.0354,147.8138,337.4,1.7,1.3,2014-03-20,0430,Aqua,MODIS,87,6.2,310.9,47.2,D,0
-34.0389,147.7961,339,1.7,1.3,2014-03-20,0430,Aqua,MODIS,88,6.2,312.9,51.2,D,0
-34.0381,147.8074,354.6,1.7,1.3,2014-03-20,0430,Aqua,MODIS,92,6.2,312.5,119.9,D,0
-34.0494,147.8107,342.4,1.7,1.3,2014-03-20,0430,Aqua,MODIS,85,6.2,304.3,64.9,D,0
-34.7038,137.8112,334,1.3,1.1,2014-03-20,0430,Aqua,MODIS,80,6.2,309.8,31.4,D,0
-35.8346,142.4375,327.1,1,1,2014-03-20,0430,Aqua,MODIS,65,6.2,307.9,10.6,D,0
-34.5638,137.57,334.9,1.4,1.2,2014-03-20,0431,Aqua,MODIS,81,6.2,310,34.4,D,0
-34.1941,138.4596,341.1,1.2,1.1,2014-03-20,0431,Aqua,MODIS,86,6.2,314.9,34.2,D,0
-34.3014,137.8705,338.9,1.3,1.1,2014-03-20,0431,Aqua,MODIS,84,6.2,311,41.1,D,0
-33.1221,134.7332,341.4,2,1.4,2014-03-20,0431,Aqua,MODIS,86,6.2,305.4,90.1,D,0
-34.2831,138.7367,337.5,1.2,1.1,2014-03-20,0431,Aqua,MODIS,82,6.2,312.4,28.7,D,0
-34.2295,138.9385,326.5,1.2,1.1,2014-03-20,0431,Aqua,MODIS,59,6.2,311.9,11,D,0
-34.193,138.4665,333,1.2,1.1,2014-03-20,0431,Aqua,MODIS,76,6.2,313.6,18.6,D,0
-34.5686,137.5806,331.7,1.4,1.2,2014-03-20,0431,Aqua,MODIS,76,6.2,309.8,27.9,D,0
-34.0744,137.6378,330.2,1.3,1.1,2014-03-20,0431,Aqua,MODIS,72,6.2,313.2,18.2,D,0
-34.5581,137.5789,335.7,1.4,1.2,2014-03-20,0431,Aqua,MODIS,81,6.2,309.9,36.9,D,0
-34.1121,135.746,332.1,1.7,1.3,2014-03-20,0431,Aqua,MODIS,77,6.2,311.9,32.2,D,0
-34.5622,137.5851,345.5,1.4,1.2,2014-03-20,0431,Aqua,MODIS,91,6.2,309.8,62.9,D,0
-34.4121,137.6864,332.9,1.3,1.2,2014-03-20,0431,Aqua,MODIS,77,6.2,311.7,29.2,D,0
-34.122,135.7666,359.6,1.7,1.3,2014-03-20,0431,Aqua,MODIS,99,6.2,312.6,151.3,D,0
-34.1174,135.7733,347.2,1.7,1.3,2014-03-20,0431,Aqua,MODIS,92,6.2,311.4,87.2,D,0
-33.7987,138.1012,340.5,1.3,1.1,2014-03-20,0431,Aqua,MODIS,85,6.2,310.8,40.4,D,0
-33.8088,138.1029,341.2,1.3,1.1,2014-03-20,0431,Aqua,MODIS,86,6.2,311.4,42.2,D,0
-33.7086,137.9114,327.4,1.3,1.1,2014-03-20,0431,Aqua,MODIS,63,6.2,312.9,12.9,D,0
-34.4478,138.4594,327.2,1.2,1.1,2014-03-20,0431,Aqua,MODIS,55,6.2,311.6,11.2,D,0
-33.2265,146.5702,326,1.5,1.2,2014-03-20,0431,Aqua,MODIS,36,6.2,305.6,14.7,D,0
-34.1239,135.7475,336,1.7,1.3,2014-03-20,0431,Aqua,MODIS,82,6.2,311.6,45.5,D,0
-34.045,138.941,330.6,1.2,1.1,2014-03-20,0431,Aqua,MODIS,71,6.2,310.5,19.2,D,0
-33.1245,134.7403,356.6,2,1.4,2014-03-20,0431,Aqua,MODIS,98,6.2,306.2,176.9,D,0
-34.3284,137.8164,324.7,1.3,1.1,2014-03-20,0431,Aqua,MODIS,56,6.2,309.8,12.5,D,0
-33.8018,138.0735,328,1.3,1.1,2014-03-20,0431,Aqua,MODIS,65,6.2,312.6,13.2,D,0
-34.1421,135.5017,325.2,1.8,1.3,2014-03-20,0431,Aqua,MODIS,8,6.2,305.5,18.7,D,0
-34.1438,135.482,355.4,1.8,1.3,2014-03-20,0431,Aqua,MODIS,97,6.2,309,142.1,D,0
-34.1504,135.4755,343.6,1.8,1.3,2014-03-20,0431,Aqua,MODIS,89,6.2,309,82.1,D,0
-34.1485,135.4952,339.8,1.8,1.3,2014-03-20,0431,Aqua,MODIS,75,6.2,304.8,65.5,D,0
-33.8003,138.0873,372.1,1.3,1.1,2014-03-20,0431,Aqua,MODIS,100,6.2,316.2,151.4,D,0
-34.3268,137.8308,332.3,1.3,1.1,2014-03-20,0431,Aqua,MODIS,76,6.2,310.2,26.3,D,0
-34.2663,137.741,325,1.3,1.1,2014-03-20,0431,Aqua,MODIS,57,6.2,310.3,13.5,D,0
-34.1456,135.4624,326.7,1.8,1.3,2014-03-20,0431,Aqua,MODIS,39,6.2,308.2,22.8,D,0
-34.1191,135.7542,358.3,1.7,1.3,2014-03-20,0431,Aqua,MODIS,99,6.2,313.3,146.2,D,0
-34.2311,138.7488,329.6,1.2,1.1,2014-03-20,0431,Aqua,MODIS,69,6.2,313.3,14.2,D,0
-34.1946,138.4531,334.3,1.2,1.1,2014-03-20,0431,Aqua,MODIS,78,6.2,315.1,21,D,0
-34.1846,138.4514,347.3,1.2,1.1,2014-03-20,0431,Aqua,MODIS,91,6.2,315.4,49.8,D,0
-33.8104,138.089,361.1,1.3,1.1,2014-03-20,0431,Aqua,MODIS,100,6.2,314.6,103.3,D,0
-34.1309,135.7556,352.4,1.7,1.3,2014-03-20,0431,Aqua,MODIS,95,6.2,311.5,114.7,D,0
-34.2847,138.7237,331.5,1.2,1.1,2014-03-20,0431,Aqua,MODIS,73,6.2,312.2,17.8,D,0
-34.2326,138.7359,338.5,1.2,1.1,2014-03-20,0431,Aqua,MODIS,83,6.2,314.9,30.7,D,0
-34.4562,138.4746,330.1,1.2,1.1,2014-03-20,0431,Aqua,MODIS,71,6.2,312.5,16.3,D,0
-33.6683,136.5432,328.3,1.5,1.2,2014-03-20,0431,Aqua,MODIS,53,6.2,302.1,30.7,D,0
-34.0057,135.4113,326.5,1.8,1.3,2014-03-20,0431,Aqua,MODIS,64,6.2,307.1,30.5,D,0
-34.0466,138.9283,326.4,1.2,1.1,2014-03-20,0431,Aqua,MODIS,54,6.2,310.6,11.9,D,0
-33.9516,137.8334,328.8,1.3,1.1,2014-03-20,0431,Aqua,MODIS,68,6.2,311.6,16.6,D,0
-33.9921,135.6857,325.3,1.7,1.3,2014-03-20,0431,Aqua,MODIS,55,6.2,309.6,17.2,D,0
-33.9937,135.4098,322.4,1.8,1.3,2014-03-20,0431,Aqua,MODIS,31,6.2,305.4,19.5,D,0
-33.1201,134.7542,350.2,2,1.4,2014-03-20,0431,Aqua,MODIS,93,6.2,304.8,135,D,0
-34.1074,135.7526,331.9,1.7,1.3,2014-03-20,0431,Aqua,MODIS,76,6.2,311.7,32.5,D,0
-33.1226,134.7614,334.2,2,1.4,2014-03-20,0431,Aqua,MODIS,78,6.2,302.8,61.8,D,0
-34.1291,135.7749,342.4,1.7,1.3,2014-03-20,0431,Aqua,MODIS,88,6.2,308.6,68.2,D,0
-34.0475,138.9339,338.2,1.2,1.1,2014-03-20,0431,Aqua,MODIS,83,6.2,311.7,31.6,D,0
-34.2945,138.7253,332.2,1.2,1.1,2014-03-20,0431,Aqua,MODIS,74,6.2,313.1,19.4,D,0
-33.5602,136.3869,323.4,1.6,1.2,2014-03-20,0431,Aqua,MODIS,45,6.2,307.3,16.6,D,0
-34.1103,135.765,348.3,1.7,1.3,2014-03-20,0431,Aqua,MODIS,93,6.2,312.3,91.8,D,0
-34.4462,138.4729,335,1.2,1.1,2014-03-20,0431,Aqua,MODIS,79,6.2,312.9,25.2,D,0
-34.2273,138.9456,325.4,1.2,1.1,2014-03-20,0431,Aqua,MODIS,51,6.2,311.8,10.9,D,0
-34.076,137.6232,337.8,1.3,1.1,2014-03-20,0431,Aqua,MODIS,83,6.2,313.9,35.1,D,0
-34.293,138.7383,335.6,1.2,1.1,2014-03-20,0431,Aqua,MODIS,80,6.2,312.4,25.6,D,0
-17.3823,128.2601,325.4,3.6,1.8,2014-03-20,0435,Aqua,MODIS,67,6.2,306.2,60.8,D,0
-19.7141,127.3705,328.2,4.5,1.9,2014-03-20,0435,Aqua,MODIS,62,6.2,312.1,78.7,D,0
-17.1845,128.4288,325.2,3.5,1.8,2014-03-20,0435,Aqua,MODIS,66,6.2,304.2,65.9,D,0
-17.1936,128.4337,324,3.5,1.8,2014-03-20,0435,Aqua,MODIS,63,6.2,304.6,57.3,D,0
-19.7148,127.3787,330,4.5,1.9,2014-03-20,0435,Aqua,MODIS,67,6.2,312.2,99.4,D,0
-17.6275,128.5015,331.3,3.5,1.8,2014-03-20,0435,Aqua,MODIS,77,6.2,307.7,103.7,D,0
-17.6056,128.5069,331.9,3.5,1.8,2014-03-20,0435,Aqua,MODIS,77,6.2,306.4,104.2,D,0
-17.2662,128.5058,337.1,3.4,1.7,2014-03-20,0435,Aqua,MODIS,84,6.2,305.7,146.7,D,0
-17.282,128.5069,331.4,3.4,1.7,2014-03-20,0435,Aqua,MODIS,75,6.2,305.3,92.9,D,0
-17.2977,128.5089,328.7,3.4,1.7,2014-03-20,0435,Aqua,MODIS,28,6.2,307.9,61.2,D,0
-17.2796,128.4817,328.1,3.4,1.7,2014-03-20,0435,Aqua,MODIS,38,6.2,304.9,66.9,D,0
-17.3112,128.4854,329.1,3.4,1.7,2014-03-20,0435,Aqua,MODIS,69,6.2,309.2,66.5,D,0
-17.6116,128.5001,342.7,3.5,1.8,2014-03-20,0435,Aqua,MODIS,89,6.2,307.8,201.5,D,0
-17.6215,128.5083,334.7,3.5,1.8,2014-03-20,0435,Aqua,MODIS,81,6.2,307.9,131.3,D,0
-17.2765,128.5138,345.4,3.4,1.7,2014-03-20,0435,Aqua,MODIS,91,6.2,306,225.8,D,0
-17.3901,128.2652,325.3,3.6,1.8,2014-03-20,0435,Aqua,MODIS,66,6.2,306.2,58.7,D,0
-18.7352,131.1894,332.6,2.3,1.5,2014-03-20,0435,Aqua,MODIS,74,6.2,310.7,47.3,D,0
-17.6695,128.4062,326.3,3.5,1.8,2014-03-20,0435,Aqua,MODIS,67,6.2,306.5,62.4,D,0
-17.6596,128.4459,329.9,3.5,1.8,2014-03-20,0435,Aqua,MODIS,74,6.2,307.2,92.6,D,0
-17.6246,128.4758,328.8,3.5,1.8,2014-03-20,0435,Aqua,MODIS,72,6.2,308,83.4,D,0
-17.6087,128.4746,343.2,3.5,1.8,2014-03-20,0435,Aqua,MODIS,89,6.2,307,212.6,D,0
-17.6661,128.439,330.2,3.5,1.8,2014-03-20,0435,Aqua,MODIS,75,6.2,307,90.7,D,0
-17.6501,128.4375,332.5,3.5,1.8,2014-03-20,0435,Aqua,MODIS,78,6.2,307.4,106.1,D,0
-17.6308,128.469,326.6,3.5,1.8,2014-03-20,0435,Aqua,MODIS,65,6.2,307.4,62.8,D,0
-17.6149,128.4677,335.9,3.5,1.8,2014-03-20,0435,Aqua,MODIS,82,6.2,307.5,132.4,D,0
-17.6535,128.4046,340.5,3.5,1.8,2014-03-20,0435,Aqua,MODIS,87,6.2,307.6,182.9,D,0
-17.6628,128.413,351.7,3.5,1.8,2014-03-20,0435,Aqua,MODIS,95,6.2,308.1,326.7,D,0
-17.6468,128.4113,331.1,3.5,1.8,2014-03-20,0435,Aqua,MODIS,76,6.2,307.1,102.1,D,0
-15.3458,130.1984,316.6,2.4,1.5,2014-03-20,0436,Aqua,MODIS,37,6.2,296.1,15.8,D,0
-15.3484,130.1758,317.9,2.4,1.5,2014-03-20,0436,Aqua,MODIS,51,6.2,294.8,19.5,D,0
-15.178,130.8498,324.4,2.1,1.4,2014-03-20,0436,Aqua,MODIS,52,6.2,299.5,29.9,D,0
-15.5614,130.5704,325,2.3,1.5,2014-03-20,0436,Aqua,MODIS,58,6.2,299.2,35.3,D,0
-15.5983,130.5956,321.8,2.3,1.5,2014-03-20,0436,Aqua,MODIS,42,6.2,297.4,25.5,D,0
-15.3559,130.1816,342.1,2.4,1.5,2014-03-20,0436,Aqua,MODIS,89,6.2,297.3,130.2,D,0
-15.5959,130.6026,321.8,2.3,1.5,2014-03-20,0436,Aqua,MODIS,60,6.2,297,28.2,D,0
-15.3533,130.2051,324.3,2.4,1.5,2014-03-20,0436,Aqua,MODIS,67,6.2,296.7,40.5,D,0
-15.3591,130.2009,331.5,2.4,1.5,2014-03-20,0436,Aqua,MODIS,80,6.2,297.4,73.2,D,0
-15.3268,130.7996,325.9,2.2,1.4,2014-03-20,0436,Aqua,MODIS,58,6.2,301.9,37.9,D,0
-15.3176,130.8798,326.4,2.1,1.4,2014-03-20,0436,Aqua,MODIS,74,6.2,300.2,32.5,D,0
-15.3619,130.1772,328.4,2.4,1.5,2014-03-20,0436,Aqua,MODIS,77,6.2,297.6,59.2,D,0
-15.4974,130.684,322.6,2.2,1.4,2014-03-20,0436,Aqua,MODIS,63,6.2,299.7,23.6,D,0
-33.3103,121.0469,320.1,1.3,1.1,2014-03-20,0609,Aqua,MODIS,52,6.2,295.9,16.6,D,0
-33.3227,121.4959,324.1,1.4,1.2,2014-03-20,0609,Aqua,MODIS,79,6.2,299.8,20.1,D,0
-33.323,121.0355,321.9,1.3,1.1,2014-03-20,0609,Aqua,MODIS,73,6.2,296.6,20.4,D,0
-33.3128,121.0328,343.4,1.3,1.1,2014-03-20,0609,Aqua,MODIS,92,6.2,299.2,64.3,D,0
-33.5511,119.5313,373.2,1.1,1.1,2014-03-20,0609,Aqua,MODIS,87,6.2,287,143.9,D,0
-33.5531,119.5194,354,1.1,1.1,2014-03-20,0609,Aqua,MODIS,92,6.2,286.5,77.3,D,0
-33.4692,119.5313,326.3,1.1,1.1,2014-03-20,0609,Aqua,MODIS,80,6.2,302.7,17.8,D,0
-33.3254,121.4811,319.8,1.4,1.2,2014-03-20,0609,Aqua,MODIS,66,6.2,301.6,13.3,D,0
-32.4,118.3836,318.9,1.1,1,2014-03-20,0610,Aqua,MODIS,50,6.2,304.2,6.1,D,0
-32.4134,119.2089,319.5,1.1,1.1,2014-03-20,0610,Aqua,MODIS,60,6.2,303.6,7.2,D,0
-28.5168,115.0083,343.1,1,1,2014-03-20,0611,Aqua,MODIS,88,6.2,315.6,26.2,D,0
-29.5152,115.3639,338.7,1,1,2014-03-20,0611,Aqua,MODIS,78,6.2,310.7,25.4,D,0
-28.8883,115.3113,344.7,1,1,2014-03-20,0611,Aqua,MODIS,86,6.2,314.3,30,D,0
-28.5259,115.0099,339.1,1,1,2014-03-20,0611,Aqua,MODIS,76,6.2,317.2,18.4,D,0
-29.2063,115.5318,347.1,1,1,2014-03-20,0611,Aqua,MODIS,92,6.2,319.1,34,D,0
-29.5138,115.3743,343.8,1,1,2014-03-20,0611,Aqua,MODIS,88,6.2,310.9,34.5,D,0
-28.5154,115.0186,376.8,1,1,2014-03-20,0611,Aqua,MODIS,100,6.2,317.9,118.3,D,0
-28.4027,114.9756,344.6,1,1,2014-03-20,0611,Aqua,MODIS,89,6.2,313.7,28.5,D,0
-28.3922,114.9842,341.4,1,1,2014-03-20,0611,Aqua,MODIS,86,6.2,305.9,22.9,D,0
-28.3936,114.9739,360.4,1,1,2014-03-20,0611,Aqua,MODIS,100,6.2,308.7,64.4,D,0
-28.395,114.9636,357.8,1,1,2014-03-20,0611,Aqua,MODIS,98,6.2,314.2,59,D,0
-28.3693,114.9485,339.1,1,1,2014-03-20,0611,Aqua,MODIS,80,6.2,312.7,19.8,D,0
-28.3602,114.9468,337.5,1,1,2014-03-20,0611,Aqua,MODIS,62,6.2,313.8,17,D,0
-28.3512,114.9452,335.4,1,1,2014-03-20,0611,Aqua,MODIS,75,6.2,312.8,14.9,D,0
-22.8768,124.6181,381.7,3.8,1.8,2014-03-20,0612,Aqua,MODIS,100,6.2,308.4,979.7,D,0
-22.8845,124.5818,344.2,3.8,1.8,2014-03-20,0612,Aqua,MODIS,88,6.2,308.4,226.9,D,0
-22.8606,124.6141,370.4,3.8,1.8,2014-03-20,0612,Aqua,MODIS,100,6.2,308.5,686.9,D,0
-22.8624,124.6457,343.8,3.8,1.8,2014-03-20,0612,Aqua,MODIS,87,6.2,295,210.1,D,0
-22.8701,124.6089,377.5,3.8,1.8,2014-03-20,0612,Aqua,MODIS,100,6.2,310.2,862.3,D,0
-22.8462,124.6416,358.2,3.8,1.8,2014-03-20,0612,Aqua,MODIS,98,6.2,295.7,434.7,D,0
-22.8539,124.6049,338.4,3.8,1.8,2014-03-20,0612,Aqua,MODIS,81,6.2,307.7,156.4,D,0
-22.8689,124.6548,333.7,3.8,1.8,2014-03-20,0612,Aqua,MODIS,74,6.2,303.3,102.7,D,0
-21.3553,121.2306,342.7,2.3,1.5,2014-03-20,0613,Aqua,MODIS,87,6.2,305.6,109.1,D,0
-20.5804,118.5479,333.9,1.6,1.2,2014-03-20,0613,Aqua,MODIS,32,6.2,308.4,31,D,0
-19.9212,121.8962,333.8,2.8,1.6,2014-03-20,0613,Aqua,MODIS,72,6.2,308,60.4,D,0
-18.76,124.5407,329.8,4.6,2,2014-03-20,0613,Aqua,MODIS,73,6.2,305.7,102.7,D,0
-20.5202,118.4995,333.9,1.6,1.2,2014-03-20,0613,Aqua,MODIS,29,6.2,306.9,25.8,D,0
-18.7597,124.5493,334.8,4.6,2,2014-03-20,0613,Aqua,MODIS,79,6.2,306,161.1,D,0
-17.3297,123.7071,315.3,4.3,1.9,2014-03-20,0614,Aqua,MODIS,36,6.2,294.5,36.8,D,0
-17.3319,123.7157,315.8,4.3,1.9,2014-03-20,0614,Aqua,MODIS,44,6.2,295.4,41.8,D,0
-16.8562,123.8782,314.9,4.6,2,2014-03-20,0614,Aqua,MODIS,0,6.2,295.5,47.5,D,0
-36.253,147.9883,300.1,3.7,1.8,2014-03-20,1216,Terra,MODIS,15,6.2,289,34.6,N,0
-18.7516,124.5439,355.4,1.9,1.3,2014-03-20,1359,Terra,MODIS,100,6.2,298.6,182.1,N,0
-18.7536,124.526,322.6,1.9,1.3,2014-03-20,1359,Terra,MODIS,100,6.2,296.4,45.9,N,0
-20.3567,129.1817,308.7,1.1,1,2014-03-20,1359,Terra,MODIS,71,6.2,295,7.9,N,0
-20.3474,129.1803,310.2,1.1,1,2014-03-20,1359,Terra,MODIS,46,6.2,295.3,8.6,N,0
-18.7395,124.5423,334.8,1.9,1.3,2014-03-20,1400,Terra,MODIS,100,6.2,297.3,83.3,N,0
-18.7415,124.5245,321.9,1.9,1.3,2014-03-20,1400,Terra,MODIS,100,6.2,296.4,43.3,N,0
-18.7473,124.5377,367.9,1.9,1.3,2014-03-20,1400,Terra,MODIS,100,6.2,300.3,270.2,N,0
-18.7494,124.5199,306.2,1.9,1.3,2014-03-20,1400,Terra,MODIS,59,6.2,296,12.1,N,0
-18.7452,124.5554,312.6,1.9,1.3,2014-03-20,1400,Terra,MODIS,83,6.2,296.8,22.2,N,0
-15.0213,130.5122,310.3,1,1,2014-03-20,1400,Terra,MODIS,74,6.2,293.8,7.5,N,0
-15.1772,130.8196,310.7,1,1,2014-03-20,1400,Terra,MODIS,75,6.2,297.3,6.9,N,0
-17.5665,126.2111,309.8,1.4,1.2,2014-03-20,1400,Terra,MODIS,69,6.2,299.8,8.3,N,0
-15.0199,130.5217,309.8,1,1,2014-03-20,1400,Terra,MODIS,72,6.2,294.1,7,N,0
-15.1786,130.8101,308.6,1,1,2014-03-20,1400,Terra,MODIS,67,6.2,297.5,5.1,N,0
-17.6574,128.436,306.9,1.1,1,2014-03-20,1400,Terra,MODIS,63,6.2,294.5,6.5,N,0
-24.1498,149.4518,302.3,1.1,1,2014-03-20,1529,Aqua,MODIS,24,6.2,291,4.4,N,0
-24.1512,149.4622,302.1,1.1,1,2014-03-20,1529,Aqua,MODIS,12,6.2,291,4.1,N,0
-26.7946,150.2085,304.9,1.2,1.1,2014-03-20,1530,Aqua,MODIS,62,6.2,289.5,8.9,N,2
-35.4238,149.6216,301.3,1.4,1.2,2014-03-20,1532,Aqua,MODIS,40,6.2,286.5,9.9,N,0
-35.4132,149.6236,310.9,1.4,1.2,2014-03-20,1532,Aqua,MODIS,81,6.2,287.4,19.3,N,0
-37.3,147.5328,306.6,1.2,1.1,2014-03-20,1533,Aqua,MODIS,69,6.2,283.8,12.2,N,0
-37.3017,147.5468,303.6,1.2,1.1,2014-03-20,1533,Aqua,MODIS,56,6.2,287,9.5,N,0
-37.523,148.6556,305,1.3,1.1,2014-03-20,1533,Aqua,MODIS,63,6.2,291.7,10.2,N,0
-36.2428,148.0186,307.2,1.2,1.1,2014-03-20,1533,Aqua,MODIS,71,6.2,288.3,12.2,N,0
-17.5612,126.2201,318.6,1.1,1,2014-03-20,1706,Aqua,MODIS,97,6.2,300.2,14.2,N,0
-17.5598,126.2104,323.5,1.1,1,2014-03-20,1706,Aqua,MODIS,100,6.2,300.5,19.6,N,0
-19.9325,122.0497,307.2,1.1,1.1,2014-03-20,1707,Aqua,MODIS,41,6.2,294.5,6.4,N,0
-19.8135,121.6149,300.3,1.2,1.1,2014-03-20,1707,Aqua,MODIS,24,6.2,283.9,4.6,N,0
-18.7312,124.5666,309.7,1,1,2014-03-20,1707,Aqua,MODIS,78,6.2,295.2,8.2,N,0
-19.9563,122.0781,312.9,1.1,1.1,2014-03-20,1707,Aqua,MODIS,86,6.2,291.7,11.5,N,0
-19.9611,122.0814,301.6,1.1,1.1,2014-03-20,1707,Aqua,MODIS,43,6.2,291.4,3.6,N,0
-19.9594,122.0709,319.6,1.1,1.1,2014-03-20,1707,Aqua,MODIS,99,6.2,293.9,18.9,N,0
-19.9547,122.0675,312.2,1.1,1.1,2014-03-20,1707,Aqua,MODIS,84,6.2,293,10.5,N,0
-19.9341,122.0603,314.9,1.1,1.1,2014-03-20,1707,Aqua,MODIS,90,6.2,292.6,13,N,0
-20.9697,121.2321,329.7,1.2,1.1,2014-03-20,1707,Aqua,MODIS,52,6.2,290.2,32,N,0
-20.9637,121.2564,316.2,1.2,1.1,2014-03-20,1707,Aqua,MODIS,65,6.2,272.7,15.5,N,0
-20.9619,121.2451,337.4,1.2,1.1,2014-03-20,1707,Aqua,MODIS,100,6.2,288.2,46.7,N,0
-20.954,121.2582,309.1,1.2,1.1,2014-03-20,1707,Aqua,MODIS,53,6.2,275.9,9.5,N,0
-20.9522,121.2469,328.6,1.2,1.1,2014-03-20,1707,Aqua,MODIS,100,6.2,287.9,32.9,N,0
-21.3389,121.2322,338,1.2,1.1,2014-03-20,1707,Aqua,MODIS,100,6.2,291.6,48.8,N,0
-21.3521,121.2528,312.5,1.2,1.1,2014-03-20,1707,Aqua,MODIS,49,6.2,292,11.3,N,0
-21.3443,121.2656,311.1,1.2,1.1,2014-03-20,1707,Aqua,MODIS,60,6.2,293,9.5,N,0
-21.3407,121.2433,335.4,1.2,1.1,2014-03-20,1707,Aqua,MODIS,100,6.2,293.8,42.7,N,0
-21.3425,121.2546,312.7,1.2,1.1,2014-03-20,1707,Aqua,MODIS,81,6.2,293.2,11.2,N,0
-21.3654,121.2732,344.4,1.2,1.1,2014-03-20,1707,Aqua,MODIS,100,6.2,293.7,60.6,N,0
-20.9716,121.2434,328.7,1.2,1.1,2014-03-20,1707,Aqua,MODIS,98,6.2,282.8,31.2,N,0
-21.3989,121.273,312.9,1.2,1.1,2014-03-20,1708,Aqua,MODIS,64,6.2,281.1,13.5,N,0
-21.917,116.4554,305,2.3,1.5,2014-03-20,1708,Aqua,MODIS,62,6.2,292.5,14.7,N,0
-21.9126,116.4324,304.2,2.3,1.5,2014-03-20,1708,Aqua,MODIS,59,6.2,292.5,12.7,N,0
-21.9111,116.4489,305.5,2.3,1.5,2014-03-20,1708,Aqua,MODIS,47,6.2,292.6,14,N,0
-30.867,121.4952,325.9,1,1,2014-03-20,1710,Aqua,MODIS,100,6.2,285.7,25.9,N,2
-35.8273,146.9172,312.2,2.9,1.6,2014-03-21,0057,Terra,MODIS,47,6.2,280.1,50.6,D,0
-19.7913,121.5273,365.8,1.6,1.3,2014-03-21,0231,Terra,MODIS,100,6.2,312.8,173.7,D,0
-19.7895,121.5117,342,1.6,1.3,2014-03-21,0231,Terra,MODIS,86,6.2,308.8,58.8,D,0
-19.776,121.593,340.7,1.7,1.3,2014-03-21,0231,Terra,MODIS,85,6.2,310.5,54.2,D,0
-19.7742,121.5772,344.9,1.6,1.3,2014-03-21,0231,Terra,MODIS,89,6.2,309.8,68.7,D,0
-18.3947,126.0343,353,3.4,1.7,2014-03-21,0231,Terra,MODIS,96,6.2,308.5,319.3,D,0
-18.3892,126.0283,353.3,3.4,1.7,2014-03-21,0231,Terra,MODIS,96,6.2,308.8,322,D,0
-18.4048,126.0264,335.9,3.4,1.7,2014-03-21,0231,Terra,MODIS,82,6.2,307.1,131.6,D,0
-18.2899,125.8913,323.4,3.3,1.7,2014-03-21,0231,Terra,MODIS,43,6.2,307.6,38.9,D,0
-18.379,126.0361,338.5,3.4,1.7,2014-03-21,0231,Terra,MODIS,85,6.2,309.2,154.6,D,0
-19.9577,122.0639,337.7,1.8,1.3,2014-03-21,0231,Terra,MODIS,70,6.2,313.7,43.7,D,0
-20.1117,121.4448,348.3,1.6,1.3,2014-03-21,0231,Terra,MODIS,92,6.2,310.2,79.6,D,0
-20.1135,121.4604,339.7,1.6,1.3,2014-03-21,0231,Terra,MODIS,85,6.2,312.2,46.7,D,0
-20.1703,121.4528,330.5,1.6,1.3,2014-03-21,0231,Terra,MODIS,45,6.2,311.2,21.3,D,0
-21.3677,121.275,332.3,1.7,1.3,2014-03-21,0232,Terra,MODIS,78,6.2,311.3,28.3,D,0
-21.3659,121.2589,342.1,1.6,1.3,2014-03-21,0232,Terra,MODIS,88,6.2,311.2,59.9,D,0
-21.4019,121.2703,331.2,1.7,1.3,2014-03-21,0232,Terra,MODIS,76,6.2,311.3,28.6,D,0
-21.3548,121.2509,332.3,1.6,1.3,2014-03-21,0232,Terra,MODIS,79,6.2,311,29.3,D,0
-21.0872,116.1975,332.6,1,1,2014-03-21,0232,Terra,MODIS,76,6.2,311.1,10.3,D,0
-21.0886,116.207,340.2,1,1,2014-03-21,0232,Terra,MODIS,86,6.2,310.9,22.4,D,0
-21.1431,116.2018,333.6,1,1,2014-03-21,0232,Terra,MODIS,80,6.2,311.4,12.5,D,0
-21.8492,116.5648,339.2,1,1,2014-03-21,0232,Terra,MODIS,54,6.2,311.7,21.6,D,0
-20.4273,118.4723,348.7,1.1,1,2014-03-21,0232,Terra,MODIS,94,6.2,309,50.1,D,0
-20.4382,118.4814,328.8,1.1,1,2014-03-21,0232,Terra,MODIS,69,6.2,307.9,12,D,0
-20.7566,120.6348,353.9,1.5,1.2,2014-03-21,0232,Terra,MODIS,96,6.2,303.8,106.5,D,0
-20.7583,120.6488,328.8,1.5,1.2,2014-03-21,0232,Terra,MODIS,75,6.2,302.8,28.6,D,0
-28.8935,115.2994,328.8,1,1,2014-03-21,0234,Terra,MODIS,74,6.2,309.3,11.3,D,0
-28.6351,115.2894,328.4,1,1,2014-03-21,0234,Terra,MODIS,76,6.2,309.8,10.6,D,0
-28.6366,115.2998,350.5,1,1,2014-03-21,0234,Terra,MODIS,95,6.2,311.2,48.5,D,0
-28.6381,115.3102,332.2,1,1,2014-03-21,0234,Terra,MODIS,81,6.2,309.3,15.4,D,0
-28.892,115.289,335.3,1,1,2014-03-21,0234,Terra,MODIS,83,6.2,309.7,20.5,D,0
-30.0912,116.1503,329.6,1.1,1,2014-03-21,0234,Terra,MODIS,79,6.2,305.8,16.7,D,0
-28.6435,115.2921,333.3,1,1,2014-03-21,0234,Terra,MODIS,81,6.2,309.6,17,D,0
-28.6449,115.3025,331.1,1,1,2014-03-21,0234,Terra,MODIS,79,6.2,309.5,14.5,D,0
-28.5425,115.0305,325.4,1,1,2014-03-21,0234,Terra,MODIS,54,6.2,306.6,5.9,D,0
-34.1537,146.8451,330.7,2.6,1.6,2014-03-21,0335,Aqua,MODIS,82,6.2,304.8,67.1,D,0
-33.7016,146.065,324.3,2.9,1.6,2014-03-21,0335,Aqua,MODIS,74,6.2,303,48.6,D,0
-33.1792,146.9135,338,2.5,1.5,2014-03-21,0335,Aqua,MODIS,88,6.2,302.9,109.1,D,0
-34.2817,147.6952,325.7,2.3,1.5,2014-03-21,0335,Aqua,MODIS,74,6.2,301.3,46.5,D,0
-33.4575,147.0936,319.7,2.5,1.5,2014-03-21,0335,Aqua,MODIS,42,6.2,300.4,24.9,D,0
-34.2767,147.7019,322.6,2.3,1.5,2014-03-21,0335,Aqua,MODIS,41,6.2,298.7,37.5,D,0
-33.4616,147.128,323.4,2.5,1.5,2014-03-21,0335,Aqua,MODIS,74,6.2,299,39.6,D,0
-33.202,146.7423,323.2,2.6,1.6,2014-03-21,0335,Aqua,MODIS,68,6.2,300.8,37.7,D,0
-34.1857,147.7101,323.6,2.3,1.5,2014-03-21,0335,Aqua,MODIS,61,6.2,303.3,35.1,D,0
-33.5282,146.4136,323.3,2.8,1.6,2014-03-21,0335,Aqua,MODIS,73,6.2,301.4,42.7,D,0
-34.7755,147.3243,331.1,2.5,1.5,2014-03-21,0335,Aqua,MODIS,73,6.2,292.7,86.2,D,0
-34.1876,147.6845,321.1,2.3,1.5,2014-03-21,0335,Aqua,MODIS,41,6.2,301.7,27.1,D,0
-34.1763,147.1067,332,2.5,1.5,2014-03-21,0335,Aqua,MODIS,83,6.2,302.7,73.6,D,0
-34.4595,150.8816,318.7,1.5,1.2,2014-03-21,0335,Aqua,MODIS,0,6.2,298.5,14.7,D,2
-33.1912,146.746,323.5,2.6,1.6,2014-03-21,0335,Aqua,MODIS,73,6.2,301.6,41,D,0
-35.1809,149.7922,326.5,1.8,1.3,2014-03-21,0335,Aqua,MODIS,82,6.2,297.9,40.1,D,0
-35.1691,149.7905,315.1,1.8,1.3,2014-03-21,0335,Aqua,MODIS,70,6.2,295.9,15.8,D,0
-34.3565,146.7289,325.5,2.7,1.6,2014-03-21,0335,Aqua,MODIS,76,6.2,300.7,50.5,D,0
-34.3738,146.7381,326.9,2.7,1.6,2014-03-21,0335,Aqua,MODIS,74,6.2,301.5,59.4,D,0
-34.3594,146.7367,328.8,2.7,1.6,2014-03-21,0335,Aqua,MODIS,81,6.2,301.4,67.4,D,0
-33.1888,146.9097,325.1,2.5,1.5,2014-03-21,0335,Aqua,MODIS,76,6.2,300.7,42.9,D,0
-33.1933,146.717,320.1,2.6,1.6,2014-03-21,0335,Aqua,MODIS,62,6.2,301.1,24.3,D,0
-33.1748,146.9082,336.8,2.5,1.5,2014-03-21,0335,Aqua,MODIS,87,6.2,303.2,106.3,D,0
-34.1785,147.0785,326.2,2.5,1.5,2014-03-21,0335,Aqua,MODIS,78,6.2,303.4,44.8,D,0
-34.1678,147.1132,331.2,2.5,1.5,2014-03-21,0335,Aqua,MODIS,83,6.2,303.7,70.2,D,0
-34.0488,147.3135,321.2,2.5,1.5,2014-03-21,0335,Aqua,MODIS,67,6.2,300.9,25.6,D,0
-34.1451,147.324,323.1,2.5,1.5,2014-03-21,0335,Aqua,MODIS,74,6.2,302.8,35.1,D,0
-33.1652,146.912,324.6,2.5,1.5,2014-03-21,0335,Aqua,MODIS,75,6.2,302.3,42.9,D,0
-33.7018,146.058,322.7,2.9,1.6,2014-03-21,0335,Aqua,MODIS,71,6.2,303,39,D,0
-34.1381,147.3304,322.1,2.5,1.5,2014-03-21,0335,Aqua,MODIS,67,6.2,301.8,32.4,D,0
-34.7734,147.352,353.4,2.5,1.5,2014-03-21,0335,Aqua,MODIS,84,6.2,297,234.9,D,0
-34.1699,147.0849,336,2.5,1.5,2014-03-21,0335,Aqua,MODIS,87,6.2,303.9,96.4,D,0
-33.4636,147.1012,328,2.5,1.5,2014-03-21,0335,Aqua,MODIS,79,6.2,301.7,61.1,D,0
-34.3709,146.7303,332.3,2.7,1.6,2014-03-21,0335,Aqua,MODIS,84,6.2,302,86.8,D,0
-34.4623,150.8711,316.2,1.5,1.2,2014-03-21,0335,Aqua,MODIS,61,6.2,299.3,11.9,D,0
-33.4553,147.1205,324.2,2.5,1.5,2014-03-21,0335,Aqua,MODIS,75,6.2,299.5,40.2,D,0
-34.4709,148.0413,327.9,2.2,1.4,2014-03-21,0335,Aqua,MODIS,76,6.2,300.5,56.5,D,0
-34.2953,147.9831,330.8,2.2,1.4,2014-03-21,0335,Aqua,MODIS,84,6.2,301.2,62.8,D,0
-34.2853,147.9746,324.8,2.2,1.4,2014-03-21,0335,Aqua,MODIS,78,6.2,299.2,36.6,D,0
-33.3596,148.8169,314.7,1.9,1.4,2014-03-21,0335,Aqua,MODIS,42,6.2,298.1,14.9,D,0
-34.2447,147.819,330.3,2.3,1.5,2014-03-21,0335,Aqua,MODIS,83,6.2,298.9,74.6,D,0
-32.4496,147.3968,323.8,2.3,1.5,2014-03-21,0336,Aqua,MODIS,73,6.2,303.5,39.3,D,0
-19.3214,142.7662,317.8,3.4,1.7,2014-03-21,0339,Aqua,MODIS,32,6.2,295.6,74.4,D,0
-17.1051,141.0578,307.9,4.3,1.9,2014-03-21,0340,Aqua,MODIS,33,6.2,288.5,47.2,D,0
-36.2816,142.0758,318.7,3,1.7,2014-03-21,0513,Aqua,MODIS,58,6.2,296.6,52.4,D,0
-36.2844,142.0718,316.8,3,1.7,2014-03-21,0513,Aqua,MODIS,56,6.2,296.5,45.1,D,0
-36.2767,142.1048,313.5,3,1.7,2014-03-21,0513,Aqua,MODIS,28,6.2,295.8,31.9,D,0
-36.2476,142.0941,325,3,1.7,2014-03-21,0513,Aqua,MODIS,81,6.2,294.9,85.7,D,0
-33.7856,121.6357,332.4,2.8,1.6,2014-03-21,0514,Aqua,MODIS,64,6.2,300,115.5,D,0
-33.5618,120.0668,319.7,3.6,1.8,2014-03-21,0514,Aqua,MODIS,73,6.2,294.2,74.9,D,0
-33.7835,121.6666,323.4,2.8,1.6,2014-03-21,0514,Aqua,MODIS,67,6.2,299.6,62.6,D,0
-33.569,120.0709,316.8,3.6,1.8,2014-03-21,0514,Aqua,MODIS,68,6.2,294.6,56.8,D,0
-19.6952,127.3868,339.4,1,1,2014-03-21,0518,Aqua,MODIS,72,6.2,324,12.2,D,0
-17.3425,128.3739,344.4,1.1,1,2014-03-21,0518,Aqua,MODIS,84,6.2,309,38.7,D,0
-17.587,126.1738,331.9,1,1,2014-03-21,0518,Aqua,MODIS,64,6.2,315.2,11.9,D,0
-17.5857,126.1833,332.7,1,1,2014-03-21,0518,Aqua,MODIS,67,6.2,318.1,12.4,D,0
-17.6091,126.2809,344.2,1,1,2014-03-21,0518,Aqua,MODIS,86,6.2,318.6,28,D,0
-17.6077,126.2904,356.1,1,1,2014-03-21,0518,Aqua,MODIS,97,6.2,319.6,54.8,D,0
-17.3778,125.6329,329,1,1,2014-03-21,0518,Aqua,MODIS,53,6.2,315.3,10.2,D,0
-17.5533,126.217,335,1,1,2014-03-21,0518,Aqua,MODIS,63,6.2,313.9,14.9,D,0
-17.5519,126.2266,337.7,1,1,2014-03-21,0518,Aqua,MODIS,75,6.2,315.1,18.9,D,0
-17.5636,126.2089,339.7,1,1,2014-03-21,0518,Aqua,MODIS,77,6.2,314.1,22,D,0
-17.5623,126.2185,358.4,1,1,2014-03-21,0518,Aqua,MODIS,98,6.2,316.7,60.4,D,0
-17.561,126.228,354.2,1,1,2014-03-21,0518,Aqua,MODIS,96,6.2,318.1,49.7,D,0
-18.4102,126.0012,343.5,1,1,2014-03-21,0518,Aqua,MODIS,61,6.2,319.5,23.9,D,0
-18.4115,125.9914,338.3,1,1,2014-03-21,0518,Aqua,MODIS,62,6.2,317,16.6,D,0
-18.3697,126.0248,354.3,1,1,2014-03-21,0518,Aqua,MODIS,95,6.2,322,45.2,D,0
-18.3606,126.0234,356.1,1,1,2014-03-21,0518,Aqua,MODIS,97,6.2,318,50.2,D,0
-18.2974,125.8778,339.3,1,1,2014-03-21,0518,Aqua,MODIS,79,6.2,321.9,18.9,D,0
-18.2987,125.868,334.5,1,1,2014-03-21,0518,Aqua,MODIS,63,6.2,320.2,10.5,D,0
-18.2691,125.828,337.8,1,1,2014-03-21,0518,Aqua,MODIS,76,6.2,318.8,14.5,D,0
-18.2704,125.8181,345.4,1,1,2014-03-21,0518,Aqua,MODIS,87,6.2,319.9,29.8,D,0
-19.7029,127.3978,337.8,1,1,2014-03-21,0518,Aqua,MODIS,57,6.2,323.5,9.3,D,0
-18.3286,125.9225,349.6,1,1,2014-03-21,0518,Aqua,MODIS,91,6.2,316.2,41.8,D,0
-18.33,125.9127,348.2,1,1,2014-03-21,0518,Aqua,MODIS,90,6.2,320.2,38.7,D,0
-17.3318,128.3822,342.7,1.1,1,2014-03-21,0518,Aqua,MODIS,80,6.2,305.8,33.8,D,0
-21.4316,121.2533,345.1,2.1,1.4,2014-03-21,0518,Aqua,MODIS,89,6.2,308.5,103.4,D,0
-21.0063,121.2336,342.5,2.1,1.4,2014-03-21,0518,Aqua,MODIS,86,6.2,312.3,65.4,D,0
-21.0085,121.2136,376.7,2.1,1.4,2014-03-21,0518,Aqua,MODIS,100,6.2,317,341.3,D,0
-20.6535,120.767,331.1,2.2,1.4,2014-03-21,0518,Aqua,MODIS,66,6.2,312.9,32.7,D,0
-20.1627,121.468,336,2,1.4,2014-03-21,0518,Aqua,MODIS,41,6.2,314.8,29.9,D,0
-20.1381,121.4647,341.5,2,1.4,2014-03-21,0518,Aqua,MODIS,83,6.2,314.3,49.9,D,0
-20.1155,121.4428,336.1,2,1.4,2014-03-21,0518,Aqua,MODIS,55,6.2,314.5,30.4,D,0
-20.1133,121.4375,335,2,1.4,2014-03-21,0518,Aqua,MODIS,47,6.2,315.3,29.7,D,0
-20.175,121.4695,335,2,1.4,2014-03-21,0518,Aqua,MODIS,27,6.2,313.1,29.7,D,0
-20.1771,121.4508,339.5,2,1.4,2014-03-21,0518,Aqua,MODIS,65,6.2,314.9,50.4,D,0
-21.4151,121.2878,352,2.1,1.4,2014-03-21,0518,Aqua,MODIS,95,6.2,311,134.7,D,0
-21.4197,121.2467,350.3,2.1,1.4,2014-03-21,0518,Aqua,MODIS,93,6.2,315.2,124.4,D,0
-21.4174,121.2677,369.7,2.1,1.4,2014-03-21,0518,Aqua,MODIS,100,6.2,315,279.3,D,0
-21.4024,121.2862,345.2,2.1,1.4,2014-03-21,0518,Aqua,MODIS,89,6.2,313.4,89.8,D,0
-21.4046,121.2662,336,2.1,1.4,2014-03-21,0518,Aqua,MODIS,58,6.2,314.8,43.6,D,0
-21.404,121.2711,341,2.1,1.4,2014-03-21,0518,Aqua,MODIS,86,6.2,314.6,70.1,D,0
-21.4019,121.2911,339.2,2.1,1.4,2014-03-21,0518,Aqua,MODIS,84,6.2,312.5,60.4,D,0
-21.4189,121.2518,364.3,2.1,1.4,2014-03-21,0518,Aqua,MODIS,100,6.2,316.1,235.1,D,0
-21.4167,121.2727,379,2.1,1.4,2014-03-21,0518,Aqua,MODIS,100,6.2,314.4,383.5,D,0
-21.4146,121.2927,344.6,2.1,1.4,2014-03-21,0518,Aqua,MODIS,89,6.2,310.6,92.7,D,0
-19.7862,121.5819,338,1.9,1.3,2014-03-21,0518,Aqua,MODIS,79,6.2,301.7,47.1,D,0
-19.7924,121.5275,339.2,1.9,1.3,2014-03-21,0518,Aqua,MODIS,80,6.2,311,56.3,D,0
-19.7944,121.5093,335.4,1.9,1.4,2014-03-21,0518,Aqua,MODIS,74,6.2,311.3,44.5,D,0
-19.7761,121.5623,341.5,1.9,1.3,2014-03-21,0518,Aqua,MODIS,84,6.2,310.6,62.3,D,0
-20.4406,118.456,329.3,3.3,1.7,2014-03-21,0518,Aqua,MODIS,40,6.2,300.3,71.7,D,0
-20.4251,118.4543,332.6,3.3,1.7,2014-03-21,0518,Aqua,MODIS,76,6.2,299.6,102.1,D,0
-20.4301,118.4504,330.9,3.3,1.7,2014-03-21,0518,Aqua,MODIS,57,6.2,299.7,87.6,D,0
-18.2625,127.8766,338.3,1,1,2014-03-21,0518,Aqua,MODIS,65,6.2,314.2,17.4,D,0
-18.5395,127.494,333.7,1,1,2014-03-21,0518,Aqua,MODIS,65,6.2,316.4,10.6,D,0
-20.37,129.1806,342.5,1.1,1,2014-03-21,0518,Aqua,MODIS,71,6.2,316.8,26.3,D,0
-15.0298,130.7199,352.5,1.5,1.2,2014-03-21,0519,Aqua,MODIS,96,6.2,302.6,99,D,0
-14.9643,130.5608,334.2,1.5,1.2,2014-03-21,0519,Aqua,MODIS,76,6.2,299.5,39.4,D,0
-15.464,130.618,327.4,1.4,1.2,2014-03-21,0519,Aqua,MODIS,33,6.2,305.8,18.6,D,0
-15.4769,130.6064,327.5,1.4,1.2,2014-03-21,0519,Aqua,MODIS,49,6.2,305.9,16.9,D,0
-15.4919,130.5817,333,1.4,1.2,2014-03-21,0519,Aqua,MODIS,75,6.2,307,29.9,D,0
-15.0837,130.822,322.8,1.5,1.2,2014-03-21,0519,Aqua,MODIS,65,6.2,304.8,11.6,D,0
-14.99,130.4693,332.4,1.4,1.2,2014-03-21,0519,Aqua,MODIS,77,6.2,302.7,32.3,D,0
-14.9879,130.4826,334.8,1.4,1.2,2014-03-21,0519,Aqua,MODIS,83,6.2,305.1,38.3,D,0
-15.5884,130.5499,328.9,1.4,1.2,2014-03-21,0519,Aqua,MODIS,66,6.2,305.6,19.7,D,0
-15.5652,130.5588,338.2,1.4,1.2,2014-03-21,0519,Aqua,MODIS,85,6.2,309.2,38.7,D,0
-15.562,130.5529,331.1,1.4,1.2,2014-03-21,0519,Aqua,MODIS,33,6.2,308.1,20,D,0
-15.1182,130.8853,326.7,1.5,1.2,2014-03-21,0519,Aqua,MODIS,73,6.2,308.4,16.8,D,0
-15.5779,130.5477,330.9,1.4,1.2,2014-03-21,0519,Aqua,MODIS,69,6.2,306.9,22.9,D,0
-15.5887,130.482,330.1,1.4,1.2,2014-03-21,0519,Aqua,MODIS,75,6.2,305.9,20,D,0
-15.545,130.5228,334.5,1.4,1.2,2014-03-21,0519,Aqua,MODIS,65,6.2,305.6,31.8,D,0
-15.5471,130.5097,354.3,1.4,1.2,2014-03-21,0519,Aqua,MODIS,97,6.2,305.5,94.6,D,0
-15.5323,130.5342,352.7,1.4,1.2,2014-03-21,0519,Aqua,MODIS,96,6.2,302.8,89.1,D,0
-15.5681,130.4463,326.7,1.4,1.2,2014-03-21,0519,Aqua,MODIS,58,6.2,305.5,13.7,D,0
-15.5576,130.4445,328.3,1.4,1.2,2014-03-21,0519,Aqua,MODIS,66,6.2,302.7,18,D,0
-15.302,130.9646,332.5,1.5,1.2,2014-03-21,0519,Aqua,MODIS,68,6.2,304.3,30,D,0
-15.3017,130.9592,330.8,1.5,1.2,2014-03-21,0519,Aqua,MODIS,71,6.2,304.2,28.1,D,0
-15.3085,130.9169,328.2,1.5,1.2,2014-03-21,0519,Aqua,MODIS,40,6.2,304.6,20.7,D,0
-14.9644,130.4924,329.6,1.4,1.2,2014-03-21,0519,Aqua,MODIS,72,6.2,300.7,27.9,D,0
-20.7323,139.4766,308.8,1.1,1,2014-03-21,1612,Aqua,MODIS,71,6.2,296.1,6.5,N,2
-19.7654,121.5203,318.2,2.8,1.6,2014-03-21,1750,Aqua,MODIS,96,6.2,295.1,63.3,N,0
-19.7682,121.5467,314.1,2.8,1.6,2014-03-21,1750,Aqua,MODIS,89,6.2,294.9,48,N,0
-19.7554,121.5407,311.2,2.8,1.6,2014-03-21,1750,Aqua,MODIS,82,6.2,295.4,37.8,N,0
-19.7672,121.5126,307.3,2.8,1.6,2014-03-21,1750,Aqua,MODIS,71,6.2,294.3,26.7,N,0
-19.7698,121.5391,315.4,2.8,1.6,2014-03-21,1750,Aqua,MODIS,91,6.2,295.1,53.5,N,0
-27.8713,152.7272,316.8,1,1,2014-03-21,2359,Terra,MODIS,18,6.2,300.2,8.5,D,0
-30.9353,151.4966,307.4,1,1,2014-03-22,0000,Terra,MODIS,20,6.2,294.5,3.9,D,0
-29.1157,150.1618,318.3,1.2,1.1,2014-03-22,0000,Terra,MODIS,58,6.2,299.4,7,D,0
-28.7661,149.9712,317.2,1.2,1.1,2014-03-22,0000,Terra,MODIS,50,6.2,300.8,6.5,D,0
-29.9917,149.4464,318.4,1.2,1.1,2014-03-22,0000,Terra,MODIS,59,6.2,300.8,8.5,D,0
-30.0015,149.4442,329.3,1.2,1.1,2014-03-22,0000,Terra,MODIS,79,6.2,301.1,24.3,D,0
-28.7759,149.9691,318.7,1.2,1.1,2014-03-22,0000,Terra,MODIS,60,6.2,299.9,8.7,D,0
-29.9993,149.4317,320.4,1.2,1.1,2014-03-22,0000,Terra,MODIS,65,6.2,300.8,11,D,0
-35.1724,149.8103,317,1,1,2014-03-22,0001,Terra,MODIS,72,6.2,298.7,10,D,0
-35.1742,149.8216,311.9,1,1,2014-03-22,0001,Terra,MODIS,53,6.2,298.1,5.4,D,0
-31.9555,147.6421,319.3,1.4,1.2,2014-03-22,0001,Terra,MODIS,66,6.2,301.5,11.4,D,0
-14.2837,132.4236,322.5,1,1,2014-03-22,0134,Terra,MODIS,44,6.2,301.4,9,D,0
-14.9437,130.546,335.9,1,1,2014-03-22,0135,Terra,MODIS,84,6.2,303.3,22.9,D,0
-15.5796,130.5431,335.8,1,1,2014-03-22,0135,Terra,MODIS,83,6.2,304.5,23.4,D,0
-14.9484,130.5162,324.3,1,1,2014-03-22,0135,Terra,MODIS,56,6.2,303.1,9.6,D,0
-15.6539,128.7609,326.1,1.2,1.1,2014-03-22,0135,Terra,MODIS,39,6.2,306.5,14,D,0
-19.7832,121.4737,338.5,3.1,1.7,2014-03-22,0136,Terra,MODIS,85,6.2,305.8,144,D,0
-19.7891,121.5034,340.8,3.1,1.7,2014-03-22,0136,Terra,MODIS,87,6.2,308.2,158,D,0
-19.7348,121.4591,344.2,3.2,1.7,2014-03-22,0136,Terra,MODIS,90,6.2,303.8,210.5,D,0
-19.7406,121.4889,359.6,3.1,1.7,2014-03-22,0136,Terra,MODIS,99,6.2,307.6,386.5,D,0
-19.7463,121.5185,322.7,3.1,1.7,2014-03-22,0136,Terra,MODIS,55,6.2,306.5,35.8,D,0
-19.7556,121.4855,349.6,3.1,1.7,2014-03-22,0136,Terra,MODIS,94,6.2,308.5,258.3,D,0
-19.7613,121.5152,330.3,3.1,1.7,2014-03-22,0136,Terra,MODIS,76,6.2,308.5,79,D,0
-19.7322,121.4537,322.9,3.2,1.7,2014-03-22,0136,Terra,MODIS,49,6.2,302.9,49.8,D,0
-19.7382,121.4835,359,3.1,1.7,2014-03-22,0136,Terra,MODIS,99,6.2,307.1,377.7,D,0
-19.7442,121.513,322.9,3.1,1.7,2014-03-22,0136,Terra,MODIS,31,6.2,306.4,36.4,D,0
-19.7532,121.4802,346.6,3.1,1.7,2014-03-22,0136,Terra,MODIS,92,6.2,307.3,221.7,D,0
-19.7591,121.5098,334.7,3.1,1.7,2014-03-22,0136,Terra,MODIS,81,6.2,308.9,109,D,0
-19.7682,121.4769,400.6,3.1,1.7,2014-03-22,0136,Terra,MODIS,100,6.2,311,1281.7,D,0
-19.7741,121.5066,355.9,3.1,1.7,2014-03-22,0136,Terra,MODIS,97,6.2,310.5,317.2,D,0
-21.9555,123.6395,389.9,2,1.4,2014-03-22,0137,Terra,MODIS,100,6.2,310.1,492.4,D,0
-21.9729,123.733,325.8,1.9,1.4,2014-03-22,0137,Terra,MODIS,51,6.2,305.6,23.6,D,0
-21.9694,123.7145,374.6,1.9,1.4,2014-03-22,0137,Terra,MODIS,100,6.2,308,310.3,D,0
-21.8977,123.6195,359.1,2,1.4,2014-03-22,0137,Terra,MODIS,99,6.2,309.6,176.1,D,0
-21.8908,123.6338,332.7,2,1.4,2014-03-22,0137,Terra,MODIS,53,6.2,307.6,37.7,D,0
-21.966,123.6959,357.1,2,1.4,2014-03-22,0137,Terra,MODIS,98,6.2,307.1,167.4,D,0
-21.959,123.6583,383.6,2,1.4,2014-03-22,0137,Terra,MODIS,100,6.2,310.1,411.3,D,0
-21.9291,123.5664,360,2,1.4,2014-03-22,0137,Terra,MODIS,99,6.2,307.6,199.3,D,0
-21.9607,123.7356,330.4,1.9,1.4,2014-03-22,0137,Terra,MODIS,65,6.2,309.1,34.8,D,0
-21.9573,123.7171,351.4,1.9,1.4,2014-03-22,0137,Terra,MODIS,95,6.2,309.9,127.9,D,0
-21.9538,123.6985,333.2,2,1.4,2014-03-22,0137,Terra,MODIS,53,6.2,308.3,39.3,D,0
-21.9503,123.6798,355.8,2,1.4,2014-03-22,0137,Terra,MODIS,97,6.2,310,152.1,D,0
-21.9468,123.661,345.4,2,1.4,2014-03-22,0137,Terra,MODIS,89,6.2,309.6,93,D,0
-21.945,123.5828,338.6,2,1.4,2014-03-22,0137,Terra,MODIS,85,6.2,305,75.8,D,0
-21.924,123.607,351.6,2,1.4,2014-03-22,0137,Terra,MODIS,95,6.2,312.1,125.5,D,0
-21.9414,123.5637,343.3,2,1.4,2014-03-22,0137,Terra,MODIS,89,6.2,303.8,98.7,D,0
-21.9362,123.6044,360.9,2,1.4,2014-03-22,0137,Terra,MODIS,100,6.2,309.6,196.3,D,0
-21.9327,123.5854,385.6,2,1.4,2014-03-22,0137,Terra,MODIS,100,6.2,312.4,446.2,D,0
-21.8942,123.6004,335.5,2,1.4,2014-03-22,0137,Terra,MODIS,51,6.2,307.6,47.4,D,0
-21.903,123.5788,366.1,2,1.4,2014-03-22,0137,Terra,MODIS,100,6.2,309,240.2,D,0
-21.8871,123.6147,336.3,2,1.4,2014-03-22,0137,Terra,MODIS,80,6.2,307.3,53.3,D,0
-21.8994,123.6122,352.7,2,1.4,2014-03-22,0137,Terra,MODIS,95,6.2,309.2,134.1,D,0
-21.9045,123.5715,359,2,1.4,2014-03-22,0137,Terra,MODIS,99,6.2,308,186.2,D,0
-21.9081,123.5906,343.4,2,1.4,2014-03-22,0137,Terra,MODIS,89,6.2,309,88.3,D,0
-21.9117,123.6095,335.4,2,1.4,2014-03-22,0137,Terra,MODIS,75,6.2,310.1,46.4,D,0
-21.9204,123.588,366.5,2,1.4,2014-03-22,0137,Terra,MODIS,100,6.2,312.3,243.6,D,0
-21.8854,123.6221,331.9,2,1.4,2014-03-22,0137,Terra,MODIS,51,6.2,307.1,35.5,D,0
-22.8889,124.6998,330.8,1.6,1.2,2014-03-22,0137,Terra,MODIS,65,6.2,310.5,23.6,D,0
-41.0488,145.1049,300.1,1.1,1,2014-03-22,0416,Aqua,MODIS,21,6.2,286.7,4,D,0
-33.9428,147.8797,328.9,1.2,1.1,2014-03-22,0418,Aqua,MODIS,79,6.2,303.1,20.9,D,0
-33.9524,147.882,323.6,1.2,1.1,2014-03-22,0418,Aqua,MODIS,73,6.2,303.6,13.9,D,0
-34.2267,147.838,321.4,1.1,1.1,2014-03-22,0418,Aqua,MODIS,71,6.2,302.2,11.1,D,0
-33.9428,148.7143,322.2,1.3,1.1,2014-03-22,0418,Aqua,MODIS,52,6.2,302.5,17.7,D,0
-33.997,147.4967,334,1.1,1.1,2014-03-22,0418,Aqua,MODIS,84,6.2,305.1,27.6,D,0
-33.919,147.7634,323.3,1.2,1.1,2014-03-22,0418,Aqua,MODIS,44,6.2,305.6,10.8,D,0
-34.1852,146.7498,318.1,1.1,1,2014-03-22,0418,Aqua,MODIS,48,6.2,303.6,5,D,0
-35.4841,146.7444,324.6,1,1,2014-03-22,0418,Aqua,MODIS,72,6.2,309.8,9.4,D,0
-34.1824,147.1022,322.3,1.1,1,2014-03-22,0418,Aqua,MODIS,69,6.2,306.3,9.6,D,0
-33.1586,147.3344,365.7,1.1,1.1,2014-03-22,0418,Aqua,MODIS,100,6.2,298.9,110.6,D,0
-35.374,146.7533,342.5,1,1,2014-03-22,0418,Aqua,MODIS,90,6.2,310.5,37.5,D,0
-33.9378,146.253,342.7,1,1,2014-03-22,0418,Aqua,MODIS,90,6.2,311.6,36.3,D,0
-33.9395,146.2419,325.5,1,1,2014-03-22,0418,Aqua,MODIS,64,6.2,311.5,11,D,0
-33.306,147.3819,324,1.1,1.1,2014-03-22,0418,Aqua,MODIS,72,6.2,298.2,13.4,D,0
-32.8741,147.0744,329.7,1.1,1.1,2014-03-22,0418,Aqua,MODIS,69,6.2,305.2,20.7,D,0
-34.0337,147.393,318.9,1.1,1.1,2014-03-22,0418,Aqua,MODIS,58,6.2,304.5,6.9,D,0
-34.187,146.7384,319.7,1.1,1,2014-03-22,0418,Aqua,MODIS,63,6.2,304.9,6.8,D,0
-33.308,147.3698,321.3,1.1,1.1,2014-03-22,0418,Aqua,MODIS,45,6.2,299.3,10.6,D,0
-34.1805,147.1139,325.9,1.1,1,2014-03-22,0418,Aqua,MODIS,75,6.2,307.9,13.9,D,0
-34.1916,146.7451,323.2,1.1,1,2014-03-22,0418,Aqua,MODIS,61,6.2,305.2,9.4,D,0
-33.1566,147.3465,334.9,1.1,1.1,2014-03-22,0418,Aqua,MODIS,86,6.2,296.5,29.8,D,0
-33.2985,147.3675,324.4,1.1,1.1,2014-03-22,0418,Aqua,MODIS,72,6.2,296.8,14.3,D,0
-35.1698,149.7949,318,1.4,1.2,2014-03-22,0418,Aqua,MODIS,40,6.2,298,14.8,D,0
-33.1681,147.3366,319.9,1.1,1.1,2014-03-22,0418,Aqua,MODIS,69,6.2,295.4,9.2,D,0
-35.3757,146.7419,327.9,1,1,2014-03-22,0418,Aqua,MODIS,76,6.2,311.3,14.5,D,0
-33.2965,147.3796,318.6,1.1,1.1,2014-03-22,0418,Aqua,MODIS,32,6.2,296.4,6.8,D,0
-36.0745,143.1295,320.1,1.1,1,2014-03-22,0418,Aqua,MODIS,60,6.2,308.7,8.6,D,0
-26.6338,139.0211,360.9,1.4,1.2,2014-03-22,0420,Aqua,MODIS,100,6.2,317.3,104.9,D,0
-26.625,139.006,347.5,1.4,1.2,2014-03-22,0420,Aqua,MODIS,90,6.2,316.7,55.2,D,0
-26.6265,138.9922,347,1.4,1.2,2014-03-22,0420,Aqua,MODIS,90,6.2,319.1,53.2,D,0
-26.62,138.9998,347.3,1.4,1.2,2014-03-22,0420,Aqua,MODIS,90,6.2,315.7,59.1,D,0
-15.6764,131.9877,317.6,3,1.7,2014-03-22,0424,Aqua,MODIS,51,6.2,297.1,33.4,D,0
-15.899,131.8793,322.7,3.1,1.7,2014-03-22,0424,Aqua,MODIS,66,6.2,295.5,70.1,D,0
-15.7767,131.8876,321.7,3.1,1.7,2014-03-22,0424,Aqua,MODIS,45,6.2,295,65.7,D,0
-15.7363,131.9944,320.3,3,1.7,2014-03-22,0424,Aqua,MODIS,70,6.2,297.8,43.1,D,0
-15.5681,131.877,316,3.1,1.7,2014-03-22,0424,Aqua,MODIS,40,6.2,294.5,30.7,D,0
-15.4932,132.0049,324.8,3,1.7,2014-03-22,0424,Aqua,MODIS,71,6.2,296.5,64.6,D,0
-15.7348,131.9987,318.6,3,1.7,2014-03-22,0424,Aqua,MODIS,36,6.2,297.6,32,D,0
-15.4964,131.9768,331.1,3,1.7,2014-03-22,0424,Aqua,MODIS,83,6.2,298.8,104.5,D,0
-15.779,131.8833,322.3,3.1,1.7,2014-03-22,0424,Aqua,MODIS,54,6.2,294.8,70.3,D,0
-15.569,131.8527,318.2,3.1,1.7,2014-03-22,0424,Aqua,MODIS,33,6.2,297.3,37.4,D,0
-15.5557,131.9908,322.9,3,1.7,2014-03-22,0424,Aqua,MODIS,39,6.2,299.4,53.1,D,0
-15.496,131.9839,338.3,3,1.7,2014-03-22,0424,Aqua,MODIS,88,6.2,298.8,156.9,D,0
-15.4815,131.975,320.6,3,1.7,2014-03-22,0424,Aqua,MODIS,41,6.2,296.2,46.1,D,0
-15.4811,131.9821,322.5,3,1.7,2014-03-22,0424,Aqua,MODIS,70,6.2,296.4,56.3,D,0
-14.2868,132.4089,318,2.7,1.6,2014-03-22,0424,Aqua,MODIS,61,6.2,294.3,29.6,D,0
-15.1756,129.6215,316.4,4.5,2,2014-03-22,0424,Aqua,MODIS,42,6.2,293,61.1,D,0
-15.1753,129.6132,316.6,4.5,2,2014-03-22,0424,Aqua,MODIS,0,6.2,293,85.7,D,0
-31.9066,118.3895,317.2,1,1,2014-03-22,0558,Aqua,MODIS,55,6.2,299.4,7.6,D,0
-30.6927,116.016,333.8,1.2,1.1,2014-03-22,0558,Aqua,MODIS,82,6.2,305.5,24.2,D,0
-30.6912,116.0289,331.3,1.2,1.1,2014-03-22,0558,Aqua,MODIS,79,6.2,305.7,19.1,D,0
-29.6828,116.2323,332.3,1.2,1.1,2014-03-22,0558,Aqua,MODIS,78,6.2,311.7,13.6,D,0
-29.7966,115.4515,345.9,1.3,1.1,2014-03-22,0558,Aqua,MODIS,91,6.2,305.7,56.6,D,0
-31.3205,117.6862,327.4,1.1,1,2014-03-22,0558,Aqua,MODIS,65,6.2,305.5,11.8,D,0
-30.7012,116.0305,330.6,1.2,1.1,2014-03-22,0558,Aqua,MODIS,78,6.2,302.9,18.5,D,0
-28.7413,119.3403,338.1,1,1,2014-03-22,0559,Aqua,MODIS,69,6.2,311.9,24.5,D,0
-28.737,115.15,336.2,1.3,1.1,2014-03-22,0559,Aqua,MODIS,75,6.2,319.8,18.3,D,0
-28.7518,119.3318,364.7,1,1,2014-03-22,0559,Aqua,MODIS,100,6.2,313,84.1,D,0
-28.7503,119.3421,382.5,1,1,2014-03-22,0559,Aqua,MODIS,100,6.2,314.6,148.5,D,0
-28.2141,114.7626,338.3,1.3,1.1,2014-03-22,0559,Aqua,MODIS,78,6.2,316.1,28.5,D,0
-28.8923,115.293,335,1.3,1.1,2014-03-22,0559,Aqua,MODIS,74,6.2,319.3,14.3,D,0
-22.06,115.9764,347.8,1,1,2014-03-22,0600,Aqua,MODIS,90,6.2,319.4,31.9,D,0
-21.9319,123.68,367.5,2.1,1.4,2014-03-22,0600,Aqua,MODIS,0,6.2,300.5,254.5,D,0
-22.288,115.5791,361.2,1.1,1,2014-03-22,0600,Aqua,MODIS,75,6.2,306.7,79.8,D,0
-22.0586,115.9864,369.1,1,1,2014-03-22,0600,Aqua,MODIS,100,6.2,317.5,90.7,D,0
-22.0508,115.9749,336.4,1,1,2014-03-22,0600,Aqua,MODIS,52,6.2,317.1,11.1,D,0
-21.9316,123.6852,349.1,2.1,1.4,2014-03-22,0600,Aqua,MODIS,87,6.2,298.5,122.3,D,0
-22.0495,115.9849,354.1,1,1,2014-03-22,0600,Aqua,MODIS,95,6.2,316,46.9,D,0
-22.0691,115.9778,335.2,1,1,2014-03-22,0600,Aqua,MODIS,46,6.2,316.2,9.3,D,0
-22.0573,115.9964,338.7,1,1,2014-03-22,0600,Aqua,MODIS,71,6.2,312.8,15.4,D,0
-21.4408,121.2102,357.1,1.4,1.2,2014-03-22,0600,Aqua,MODIS,98,6.2,310.2,95.7,D,0
-21.4385,121.2238,345.3,1.4,1.2,2014-03-22,0600,Aqua,MODIS,87,6.2,313.8,51.6,D,0
-21.4302,121.2081,355.4,1.4,1.2,2014-03-22,0600,Aqua,MODIS,96,6.2,304.6,88.6,D,0
-21.4164,121.2901,341.9,1.4,1.2,2014-03-22,0600,Aqua,MODIS,78,6.2,315.4,40.5,D,0
-21.0134,121.2299,351.9,1.5,1.2,2014-03-22,0601,Aqua,MODIS,93,6.2,318.5,65.5,D,0
-21.0158,121.216,339.1,1.4,1.2,2014-03-22,0601,Aqua,MODIS,49,6.2,319.2,23.7,D,0
-19.9567,122.0618,339.8,1.7,1.3,2014-03-22,0601,Aqua,MODIS,79,6.2,319.8,32.5,D,0
-21.5645,117.8423,343.6,1,1,2014-03-22,0601,Aqua,MODIS,85,6.2,314.2,29.4,D,0
-21.566,117.8325,364.2,1,1,2014-03-22,0601,Aqua,MODIS,100,6.2,313.3,80.1,D,0
-21.5569,117.831,352.4,1,1,2014-03-22,0601,Aqua,MODIS,94,6.2,312.7,49,D,0
-21.5584,117.8213,351.5,1,1,2014-03-22,0601,Aqua,MODIS,93,6.2,310.7,47.8,D,0
-21.135,116.2162,350,1,1,2014-03-22,0601,Aqua,MODIS,92,6.2,313.9,37.4,D,0
-21.1363,116.2065,347.2,1,1,2014-03-22,0601,Aqua,MODIS,89,6.2,313.1,31.1,D,0
-21.1058,116.2356,345.4,1,1,2014-03-22,0601,Aqua,MODIS,87,6.2,311.6,30.5,D,0
-21.1072,116.2259,347.6,1,1,2014-03-22,0601,Aqua,MODIS,89,6.2,313,34.9,D,0
-21.0981,116.2245,341.4,1,1,2014-03-22,0601,Aqua,MODIS,82,6.2,312.5,23.4,D,0
-21.0904,116.2133,341.2,1,1,2014-03-22,0601,Aqua,MODIS,82,6.2,313.1,22.7,D,0
-21.0891,116.223,331.5,1,1,2014-03-22,0601,Aqua,MODIS,49,6.2,311.3,7.9,D,0
-19.8011,121.4938,351.6,1.6,1.2,2014-03-22,0601,Aqua,MODIS,92,6.2,318.9,73.7,D,0
-19.7926,121.4766,357.2,1.6,1.2,2014-03-22,0601,Aqua,MODIS,96,6.2,316.7,98.4,D,0
-19.7951,121.4616,347,1.6,1.2,2014-03-22,0601,Aqua,MODIS,52,6.2,314.2,62.3,D,0
-19.7977,121.4467,341.7,1.6,1.2,2014-03-22,0601,Aqua,MODIS,61,6.2,310,50.7,D,0
-19.7892,121.4297,343.9,1.6,1.2,2014-03-22,0601,Aqua,MODIS,70,6.2,311.7,59.8,D,0
-19.79,121.4916,342.3,1.6,1.2,2014-03-22,0601,Aqua,MODIS,59,6.2,320.4,31.6,D,0
-19.7866,121.4446,350,1.6,1.2,2014-03-22,0601,Aqua,MODIS,53,6.2,318.3,75,D,0
-19.7755,121.4425,358.8,1.6,1.2,2014-03-22,0601,Aqua,MODIS,85,6.2,319.2,111.5,D,0
-17.2594,124.7654,321,3.1,1.7,2014-03-22,0601,Aqua,MODIS,53,6.2,296,41.8,D,0
-25.6553,152.7352,300.5,1.1,1,2014-03-22,1517,Aqua,MODIS,17,6.2,290,4.9,N,0
-25.6568,152.7461,305,1.1,1,2014-03-22,1517,Aqua,MODIS,61,6.2,290.9,7.9,N,0
-26.789,150.2004,302.4,1,1,2014-03-22,1518,Aqua,MODIS,49,6.2,290.6,4.8,N,2
-26.7905,150.2105,305.3,1,1,2014-03-22,1518,Aqua,MODIS,64,6.2,291.2,6.5,N,2
-29.1211,150.171,305.7,1,1,2014-03-22,1518,Aqua,MODIS,65,6.2,290.3,7.5,N,0
-29.1515,150.5791,301.3,1,1,2014-03-22,1518,Aqua,MODIS,40,6.2,288.7,5.4,N,0
-30.0046,149.1126,302.3,1,1,2014-03-22,1519,Aqua,MODIS,48,6.2,289.2,5.7,N,0
-30.0136,149.1109,302,1,1,2014-03-22,1519,Aqua,MODIS,46,6.2,288.7,5.5,N,0
-29.999,149.4402,305.8,1,1,2014-03-22,1519,Aqua,MODIS,66,6.2,288.7,8.3,N,0
-33.6688,119.6344,300.2,2,1.4,2014-03-22,1521,Terra,MODIS,20,6.2,282.4,18.2,N,0
-21.0744,116.2383,328.7,2.2,1.4,2014-03-22,1525,Terra,MODIS,100,6.2,293.4,78.5,N,0
-21.0873,116.241,316.5,2.2,1.4,2014-03-22,1525,Terra,MODIS,93,6.2,293.6,38.8,N,0
-21.0784,116.2169,324.2,2.2,1.4,2014-03-22,1525,Terra,MODIS,65,6.2,292.6,66.6,N,0
-21.9755,123.7451,309.8,1.2,1.1,2014-03-22,1655,Aqua,MODIS,78,6.2,294.8,10.2,N,0
-22.0017,123.6494,308.6,1.2,1.1,2014-03-22,1655,Aqua,MODIS,63,6.2,291.3,9.9,N,0
-21.9957,123.6137,309.5,1.2,1.1,2014-03-22,1655,Aqua,MODIS,62,6.2,294.5,10.6,N,0
-21.9997,123.6376,305.9,1.2,1.1,2014-03-22,1655,Aqua,MODIS,45,6.2,289.4,6.7,N,0
-19.698,147.2421,315.8,1.2,1.1,2014-03-23,0040,Terra,MODIS,54,6.2,298.6,11.5,D,0
-19.5117,143.9635,338,1,1,2014-03-23,0040,Terra,MODIS,88,6.2,303.5,28.9,D,0
-19.5055,143.984,323.5,1,1,2014-03-23,0040,Terra,MODIS,31,6.2,303.8,9.1,D,0
-19.5174,144.0015,326,1,1,2014-03-23,0040,Terra,MODIS,45,6.2,303.7,10.2,D,0
-19.5102,143.954,327,1,1,2014-03-23,0040,Terra,MODIS,78,6.2,300.7,14.8,D,0
-20.8478,135.2165,321.7,3.1,1.7,2014-03-23,0041,Terra,MODIS,55,6.2,303.9,34.9,D,0
-23.4922,148.075,321.4,1.5,1.2,2014-03-23,0041,Terra,MODIS,0,6.2,303.5,10.2,D,0
-26.5042,149.0685,320.9,1.9,1.4,2014-03-23,0042,Terra,MODIS,54,6.2,302.5,15.3,D,0
-25.4449,142.9427,336.8,1,1,2014-03-23,0042,Terra,MODIS,83,6.2,309.7,22.5,D,0
-31.6058,146.0143,318.4,1.4,1.2,2014-03-23,0043,Terra,MODIS,59,6.2,295,13.3,D,0
-32.7839,147.1963,313.1,1.8,1.3,2014-03-23,0044,Terra,MODIS,68,6.2,292.9,10.8,D,0
-15.1429,128.1747,313.5,2.6,1.5,2014-03-23,0218,Terra,MODIS,0,6.2,289.1,18,D,0
-19.9549,122.074,333.7,1.2,1.1,2014-03-23,0219,Terra,MODIS,72,6.2,308.3,15.7,D,0
-19.9482,122.0974,331.9,1.2,1.1,2014-03-23,0219,Terra,MODIS,61,6.2,307.5,13.4,D,0
-19.9452,122.0754,354.3,1.2,1.1,2014-03-23,0219,Terra,MODIS,96,6.2,307,63.3,D,0
-19.9438,122.0644,334.8,1.2,1.1,2014-03-23,0219,Terra,MODIS,70,6.2,306.5,17.7,D,0
-17.9346,124.4865,326.7,1.5,1.2,2014-03-23,0219,Terra,MODIS,73,6.2,301.6,19.5,D,0
-17.9328,124.4723,326.8,1.5,1.2,2014-03-23,0219,Terra,MODIS,62,6.2,300.3,19.6,D,0
-17.9236,124.4879,325.5,1.5,1.2,2014-03-23,0219,Terra,MODIS,71,6.2,300.8,16.8,D,0
-17.922,124.4941,324.5,1.5,1.2,2014-03-23,0219,Terra,MODIS,59,6.2,300.3,13.2,D,0
-18.7232,122.4616,326.7,1.2,1.1,2014-03-23,0219,Terra,MODIS,56,6.2,303.2,14.8,D,0
-19.3751,121.7159,332.6,1.1,1,2014-03-23,0219,Terra,MODIS,37,6.2,311.6,13.8,D,0
-21.5642,117.8134,328.8,1,1,2014-03-23,0220,Terra,MODIS,61,6.2,305.4,16.6,D,0
-20.7957,117.2748,340.9,1.1,1,2014-03-23,0220,Terra,MODIS,87,6.2,312.9,29.1,D,0
-21.0748,116.2206,386.5,1.2,1.1,2014-03-23,0220,Terra,MODIS,100,6.2,314.7,220.7,D,0
-21.0768,116.2324,360.3,1.2,1.1,2014-03-23,0220,Terra,MODIS,100,6.2,313.4,92.2,D,0
-21.7939,116.5393,327.3,1.2,1.1,2014-03-23,0220,Terra,MODIS,55,6.2,308.1,11.5,D,0
-21.4367,121.2481,328.1,1.1,1,2014-03-23,0220,Terra,MODIS,64,6.2,309.4,12.5,D,0
-21.4179,121.2896,327.6,1.1,1,2014-03-23,0220,Terra,MODIS,53,6.2,309.4,10.6,D,0
-21.8676,116.4264,328.9,1.2,1.1,2014-03-23,0220,Terra,MODIS,73,6.2,306,18.5,D,0
-22.1386,115.7095,325,1.3,1.1,2014-03-23,0220,Terra,MODIS,56,6.2,300.1,16.8,D,0
-22.1366,115.6973,327.7,1.3,1.1,2014-03-23,0220,Terra,MODIS,65,6.2,297.7,23.5,D,0
-22.0046,123.6248,344,1.5,1.2,2014-03-23,0220,Terra,MODIS,88,6.2,310,53.3,D,0
-22.0156,123.6027,332,1.5,1.2,2014-03-23,0220,Terra,MODIS,72,6.2,308.6,23.2,D,0
-22.0064,123.6187,333.5,1.5,1.2,2014-03-23,0220,Terra,MODIS,62,6.2,310,24.1,D,0
-22.0138,123.6088,333.2,1.5,1.2,2014-03-23,0220,Terra,MODIS,68,6.2,309.4,24,D,0
-28.7308,115.1594,327,1.1,1,2014-03-23,0222,Terra,MODIS,66,6.2,311.6,8.4,D,0
-28.7497,119.3519,318.3,1.1,1,2014-03-23,0222,Terra,MODIS,58,6.2,301.3,7.4,D,0
-28.3431,153.5086,312.5,1.3,1.1,2014-03-23,0324,Aqua,MODIS,57,6.2,299.5,8.1,D,0
-35.4352,141.0188,337.8,1.8,1.3,2014-03-23,0501,Aqua,MODIS,84,6.2,297.6,80.7,D,0
-35.4314,141.0381,334.9,1.8,1.3,2014-03-23,0501,Aqua,MODIS,87,6.2,298.2,71.5,D,0
-35.4236,141.0152,380.2,1.8,1.3,2014-03-23,0501,Aqua,MODIS,94,6.2,299.3,342.3,D,0
-35.4198,141.0345,375.2,1.8,1.3,2014-03-23,0501,Aqua,MODIS,100,6.2,300.2,298.6,D,0
-35.3651,141.184,320.3,1.8,1.3,2014-03-23,0501,Aqua,MODIS,74,6.2,294.6,28.2,D,0
-35.4082,141.031,334.7,1.8,1.3,2014-03-23,0501,Aqua,MODIS,87,6.2,294.6,66.3,D,0
-35.361,141.2038,322.6,1.8,1.3,2014-03-23,0501,Aqua,MODIS,76,6.2,293.7,34.5,D,0
-35.3966,141.0273,320.2,1.8,1.3,2014-03-23,0501,Aqua,MODIS,69,6.2,290.8,27.8,D,0
-21.4314,121.2719,325.6,3.6,1.8,2014-03-23,0505,Aqua,MODIS,34,6.2,304.2,42.7,D,0
-21.9822,123.7301,337.5,2.4,1.5,2014-03-23,0505,Aqua,MODIS,66,6.2,309.9,59.8,D,0
-21.8885,123.6187,333.4,2.4,1.5,2014-03-23,0505,Aqua,MODIS,69,6.2,311.2,35.2,D,0
-22.0233,123.5934,331,2.4,1.5,2014-03-23,0505,Aqua,MODIS,35,6.2,308.7,30.2,D,0
-17.7533,124.7155,326.3,1.8,1.3,2014-03-23,0506,Aqua,MODIS,29,6.2,300,19.7,D,0
-17.9332,124.4698,340.9,1.8,1.3,2014-03-23,0506,Aqua,MODIS,76,6.2,305.9,66.9,D,0
-17.9431,124.4887,335.6,1.8,1.3,2014-03-23,0506,Aqua,MODIS,82,6.2,306.8,46.6,D,0
-18.7769,121.8616,322.3,3,1.6,2014-03-23,0506,Aqua,MODIS,60,6.2,297.5,38.4,D,0
-18.7747,121.8849,325.9,3,1.6,2014-03-23,0506,Aqua,MODIS,69,6.2,297.8,61.2,D,0
-18.7742,121.8899,323.3,3,1.6,2014-03-23,0506,Aqua,MODIS,61,6.2,297.7,43,D,0
-17.9472,124.454,329.6,1.8,1.3,2014-03-23,0506,Aqua,MODIS,45,6.2,302.2,30.7,D,0
-17.9452,124.4714,399,1.8,1.3,2014-03-23,0506,Aqua,MODIS,94,6.2,308,562.1,D,0
-18.6928,128.3328,349.5,1.1,1,2014-03-23,0506,Aqua,MODIS,93,6.2,313.7,43.8,D,0
-18.6847,128.321,351.8,1.1,1,2014-03-23,0506,Aqua,MODIS,94,6.2,314,49.4,D,0
-18.6861,128.3107,340.7,1.1,1,2014-03-23,0506,Aqua,MODIS,83,6.2,312.7,25.5,D,0
-18.6784,128.3239,339.7,1.1,1,2014-03-23,0506,Aqua,MODIS,73,6.2,313.5,28.1,D,0
-18.6798,128.3135,370.2,1.1,1,2014-03-23,0506,Aqua,MODIS,100,6.2,318.4,113,D,0
-18.6812,128.3032,339.7,1.1,1,2014-03-23,0506,Aqua,MODIS,79,6.2,313.9,29.7,D,0
-18.669,128.3225,336,1.1,1,2014-03-23,0506,Aqua,MODIS,63,6.2,313.2,22.1,D,0
-18.6704,128.3121,389.3,1.1,1,2014-03-23,0506,Aqua,MODIS,100,6.2,317.4,203.5,D,0
-18.6718,128.3018,372,1.1,1,2014-03-23,0506,Aqua,MODIS,100,6.2,314.1,121.7,D,0
-16.9687,125.5674,324.9,1.5,1.2,2014-03-23,0506,Aqua,MODIS,42,6.2,298.3,25.8,D,0
-17.0068,125.615,322.2,1.5,1.2,2014-03-23,0506,Aqua,MODIS,41,6.2,294.3,25.4,D,0
-14.9357,130.5463,334.9,1,1,2014-03-23,0507,Aqua,MODIS,72,6.2,300.3,21.2,D,0
-14.9308,130.5163,329.6,1,1,2014-03-23,0507,Aqua,MODIS,39,6.2,304.6,13.8,D,0
-14.9231,130.5054,326.6,1,1,2014-03-23,0507,Aqua,MODIS,59,6.2,301.8,12.4,D,0
-14.9322,130.5069,357.3,1,1,2014-03-23,0507,Aqua,MODIS,98,6.2,307,67.5,D,0
-30.6381,116.0773,330.4,2.2,1.4,2014-03-23,0641,Aqua,MODIS,79,6.2,306.1,42,D,0
-28.8634,115.2777,340.2,2.1,1.4,2014-03-23,0641,Aqua,MODIS,86,6.2,311.9,72.2,D,0
-28.8591,115.2994,341.7,2.2,1.4,2014-03-23,0641,Aqua,MODIS,87,6.2,311.4,80.5,D,0
-30.6333,116.1002,327.9,2.2,1.4,2014-03-23,0641,Aqua,MODIS,76,6.2,306.6,32.2,D,0
-30.6371,116.0962,329.7,2.2,1.4,2014-03-23,0641,Aqua,MODIS,78,6.2,307.3,39.5,D,0
-28.7402,115.1647,329.5,2.1,1.4,2014-03-23,0642,Aqua,MODIS,71,6.2,310.2,26.4,D,0
-28.7444,115.1432,336.9,2.1,1.4,2014-03-23,0642,Aqua,MODIS,82,6.2,311.5,57.3,D,0
-21.5824,117.7911,326.9,4.7,2,2014-03-23,0643,Aqua,MODIS,43,6.2,303.2,91.1,D,0
-22.1401,115.6783,328.3,3.2,1.7,2014-03-23,0643,Aqua,MODIS,37,6.2,307.3,40.7,D,0
-22.1338,115.7093,333.2,3.3,1.7,2014-03-23,0643,Aqua,MODIS,70,6.2,308.1,72.9,D,0
-23.8277,150.9696,308.6,1.1,1.1,2014-03-23,1250,Terra,MODIS,75,6.2,290.6,10.4,N,0
-30.8647,121.4829,319,1.3,1.1,2014-03-23,1427,Terra,MODIS,98,6.2,289,27.7,N,0
-30.8632,121.4969,312.5,1.3,1.1,2014-03-23,1427,Terra,MODIS,85,6.2,288.4,19,N,2
-19.2384,121.6317,307.3,1,1,2014-03-23,1430,Terra,MODIS,34,6.2,274.6,7,N,0
-19.228,121.6401,307.2,1,1,2014-03-23,1430,Terra,MODIS,42,6.2,272.8,6.9,N,0
-19.2293,121.6303,342.6,1,1,2014-03-23,1430,Terra,MODIS,100,6.2,275.6,49.1,N,0
-21.422,121.2951,315.6,1.1,1,2014-03-23,1430,Terra,MODIS,91,6.2,298.9,11.5,N,0
-21.4384,121.2438,310.5,1.1,1,2014-03-23,1430,Terra,MODIS,79,6.2,298.9,6.2,N,0
-20.1924,124.2139,314.4,1,1,2014-03-23,1430,Terra,MODIS,61,6.2,296.2,12.6,N,0
-20.2157,124.234,316.1,1,1,2014-03-23,1430,Terra,MODIS,92,6.2,296.7,12.3,N,0
-20.2142,124.2439,307.2,1,1,2014-03-23,1430,Terra,MODIS,71,6.2,295.8,5.3,N,0
-21.4189,121.2957,307.9,1.7,1.3,2014-03-23,1738,Aqua,MODIS,30,6.2,295.9,11.2,N,0
-21.4285,121.278,317,1.7,1.3,2014-03-23,1738,Aqua,MODIS,94,6.2,297,24.4,N,0
-21.4267,121.2623,307.8,1.7,1.3,2014-03-23,1738,Aqua,MODIS,9,6.2,296.8,8.9,N,0
-19.3347,123.4625,332.7,2.2,1.5,2014-03-23,1738,Aqua,MODIS,100,6.2,283.7,102.3,N,0
-19.3369,123.484,316.9,2.3,1.5,2014-03-23,1738,Aqua,MODIS,94,6.2,282.1,46.5,N,0
-19.3369,123.4675,340.3,2.2,1.5,2014-03-23,1738,Aqua,MODIS,100,6.2,283.6,141.8,N,0
-19.3238,123.469,323.3,2.2,1.5,2014-03-23,1738,Aqua,MODIS,100,6.2,282.5,67.3,N,0
-19.3214,123.4477,300.3,2.2,1.4,2014-03-23,1738,Aqua,MODIS,9,6.2,281.7,9.4,N,0
-21.6824,116.5963,307.1,1,1,2014-03-23,1738,Aqua,MODIS,66,6.2,297,4.5,N,0
-14.9871,130.5131,326.1,1.4,1.2,2014-03-24,0122,Terra,MODIS,70,6.2,301.1,20,D,0
-14.9849,130.4997,325.7,1.4,1.2,2014-03-24,0122,Terra,MODIS,69,6.2,300.8,18.9,D,0
-15.4686,136.2052,322.3,1.1,1,2014-03-24,0122,Terra,MODIS,69,6.2,304.1,9.9,D,0
-14.2497,136.7551,314,1.1,1,2014-03-24,0122,Terra,MODIS,30,6.2,296.7,8.3,D,0
-14.6521,125.6275,312.4,3.4,1.7,2014-03-24,0123,Terra,MODIS,57,6.2,280.6,36.2,D,0
-30.6377,116.0879,314.7,3.3,1.7,2014-03-24,0305,Terra,MODIS,21,6.2,285.9,35.4,D,0
-30.8782,116.6328,318.3,3.6,1.8,2014-03-24,0305,Terra,MODIS,67,6.2,290.7,51.5,D,0
-29.4771,115.3677,316,2.8,1.6,2014-03-24,0305,Terra,MODIS,55,6.2,279,37,D,0
-31.019,116.4263,314.4,3.5,1.8,2014-03-24,0305,Terra,MODIS,54,6.2,278.7,46,D,0
-29.4761,115.3748,314.9,2.8,1.6,2014-03-24,0305,Terra,MODIS,31,6.2,279.5,28.9,D,0
-41.4957,146.1521,303.5,1.3,1.1,2014-03-24,0404,Aqua,MODIS,53,6.2,292.5,7.4,D,0
-41.4507,147.4518,379.7,1.1,1.1,2014-03-24,0404,Aqua,MODIS,100,6.2,293.6,178.2,D,0
-41.4491,147.4655,420,1.1,1.1,2014-03-24,0404,Aqua,MODIS,100,6.2,303.3,465.2,D,0
-41.4475,147.4789,309.1,1.1,1.1,2014-03-24,0404,Aqua,MODIS,64,6.2,288.2,9.6,D,0
-41.2528,146.1634,307.8,1.3,1.1,2014-03-24,0404,Aqua,MODIS,59,6.2,297.4,6.9,D,0
-41.4395,147.4636,325.9,1.1,1.1,2014-03-24,0404,Aqua,MODIS,84,6.2,287.7,27.2,D,0
-41.4427,147.4366,387.7,1.1,1.1,2014-03-24,0404,Aqua,MODIS,100,6.2,294.1,221.3,D,0
-36.813,142.5845,330.2,1.7,1.3,2014-03-24,0405,Aqua,MODIS,86,6.2,292.8,49.7,D,0
-36.8148,142.5651,323.9,1.7,1.3,2014-03-24,0405,Aqua,MODIS,69,6.2,293.9,34.2,D,0
-35.9418,143.1621,324,1.5,1.2,2014-03-24,0405,Aqua,MODIS,0,6.2,290.2,38.9,D,0
-37.2842,145.95,322.1,1.2,1.1,2014-03-24,0405,Aqua,MODIS,81,6.2,282.2,24.7,D,0
-37.2827,145.9628,310.3,1.2,1.1,2014-03-24,0405,Aqua,MODIS,60,6.2,278.8,11.8,D,0
-35.1848,147.193,327.8,1,1,2014-03-24,0406,Aqua,MODIS,57,6.2,295.4,20.1,D,0
-35.4735,145.6519,336.3,1.1,1.1,2014-03-24,0406,Aqua,MODIS,87,6.2,306.3,32.9,D,0
-35.2061,147.1044,346.8,1,1,2014-03-24,0406,Aqua,MODIS,88,6.2,295.3,50.7,D,0
-34.0669,147.4516,330.5,1,1,2014-03-24,0406,Aqua,MODIS,73,6.2,294.2,25.8,D,0
-33.9072,146.318,319.2,1.1,1,2014-03-24,0406,Aqua,MODIS,61,6.2,291.1,11.1,D,0
-35.5132,145.061,340.3,1.2,1.1,2014-03-24,0406,Aqua,MODIS,89,6.2,290.3,46.7,D,0
-35.1833,147.2043,331.1,1,1,2014-03-24,0406,Aqua,MODIS,63,6.2,296.6,23.5,D,0
-34.2414,145.9219,333.4,1.1,1,2014-03-24,0406,Aqua,MODIS,85,6.2,305.2,25.9,D,0
-34.9453,147.7383,312.2,1,1,2014-03-24,0406,Aqua,MODIS,24,6.2,283.9,7.3,D,0
-34.4389,145.4872,352.6,1.1,1.1,2014-03-24,0406,Aqua,MODIS,96,6.2,303.1,67,D,0
-35.5152,146.208,337.5,1.1,1,2014-03-24,0406,Aqua,MODIS,76,6.2,295.9,36.3,D,0
-34.9468,147.7273,326,1,1,2014-03-24,0406,Aqua,MODIS,60,6.2,284.6,20.1,D,0
-34.4355,145.4936,362.1,1.1,1.1,2014-03-24,0406,Aqua,MODIS,100,6.2,306.5,96,D,0
-33.9087,146.3066,316.5,1.1,1,2014-03-24,0406,Aqua,MODIS,43,6.2,290.3,8.5,D,0
-34.4374,145.4996,344.8,1.1,1.1,2014-03-24,0406,Aqua,MODIS,92,6.2,303.1,48.2,D,0
-29.2203,149.2803,321.5,1.1,1.1,2014-03-24,0407,Aqua,MODIS,55,6.2,293.6,13,D,0
-23.588,148.5215,334,1.2,1.1,2014-03-24,0409,Aqua,MODIS,82,6.2,310.1,21.6,D,0
-14.3476,132.4354,314.3,4.6,2,2014-03-24,0412,Aqua,MODIS,47,6.2,287.3,66.8,D,0
-14.348,132.4276,315.6,4.6,2,2014-03-24,0412,Aqua,MODIS,63,6.2,287.4,72.3,D,0
-33.4105,119.7515,336.6,1.2,1.1,2014-03-24,0545,Aqua,MODIS,83,6.2,311.3,29.5,D,0
-33.4205,119.7531,327.7,1.2,1.1,2014-03-24,0545,Aqua,MODIS,71,6.2,311.2,14.8,D,0
-32.938,121.751,327.6,1,1,2014-03-24,0545,Aqua,MODIS,66,6.2,310.3,13.2,D,0
-32.3803,119.198,327.5,1.3,1.1,2014-03-24,0545,Aqua,MODIS,71,6.2,310.6,13,D,0
-32.3904,119.1997,326,1.3,1.1,2014-03-24,0545,Aqua,MODIS,59,6.2,310.6,10.2,D,0
-34.6181,118.6377,318.8,1.4,1.2,2014-03-24,0545,Aqua,MODIS,60,6.2,300.5,16.4,D,0
-32.7073,121.6331,328.9,1,1,2014-03-24,0545,Aqua,MODIS,78,6.2,309.2,16.8,D,0
-32.503,118.93,327,1.3,1.1,2014-03-24,0545,Aqua,MODIS,68,6.2,311.2,11.7,D,0
-32.8871,119.1903,352.2,1.3,1.1,2014-03-24,0545,Aqua,MODIS,95,6.2,310.7,75.3,D,0
-32.9553,119.306,332.4,1.3,1.1,2014-03-24,0545,Aqua,MODIS,77,6.2,311.9,21.9,D,0
-33.2549,117.2214,327.2,1.7,1.3,2014-03-24,0545,Aqua,MODIS,44,6.2,310.7,16,D,0
-33.1049,118.9653,326.3,1.3,1.1,2014-03-24,0545,Aqua,MODIS,41,6.2,309,12.2,D,0
-33.0629,118.318,336.6,1.4,1.2,2014-03-24,0545,Aqua,MODIS,83,6.2,311.6,34.4,D,0
-32.8969,117.0563,328.5,1.7,1.3,2014-03-24,0545,Aqua,MODIS,71,6.2,303.4,29.9,D,0
-32.8886,119.1764,361.4,1.3,1.1,2014-03-24,0545,Aqua,MODIS,100,6.2,311.9,109.4,D,0
-32.8784,119.1747,338.8,1.3,1.1,2014-03-24,0545,Aqua,MODIS,85,6.2,309.4,39.4,D,0
-32.895,117.0747,323.6,1.7,1.3,2014-03-24,0545,Aqua,MODIS,52,6.2,304.5,16.2,D,0
-32.9538,119.3196,327.7,1.3,1.1,2014-03-24,0545,Aqua,MODIS,69,6.2,311.4,13.2,D,0
-33.2507,117.2255,328,1.7,1.3,2014-03-24,0545,Aqua,MODIS,71,6.2,311,20.2,D,0
-33.253,117.2396,329.6,1.7,1.3,2014-03-24,0545,Aqua,MODIS,71,6.2,310.9,22.5,D,0
-33.3259,116.9333,326.1,1.8,1.3,2014-03-24,0545,Aqua,MODIS,67,6.2,309.8,18.5,D,0
-32.9038,117.0622,328.9,1.7,1.3,2014-03-24,0545,Aqua,MODIS,71,6.2,303.5,29.9,D,0
-32.8921,117.0607,323.1,1.7,1.3,2014-03-24,0545,Aqua,MODIS,33,6.2,303,15.7,D,0
-32.5916,118.7618,329.2,1.3,1.1,2014-03-24,0545,Aqua,MODIS,73,6.2,310.9,17.2,D,0
-31.4264,118.9533,335.1,1.3,1.1,2014-03-24,0546,Aqua,MODIS,82,6.2,296.3,32.6,D,0
-31.5536,117.6363,335.2,1.5,1.2,2014-03-24,0546,Aqua,MODIS,82,6.2,310.4,30.8,D,0
-31.4237,118.9582,358.8,1.3,1.1,2014-03-24,0546,Aqua,MODIS,99,6.2,298,101.5,D,0
-31.4248,118.9667,331.9,1.3,1.1,2014-03-24,0546,Aqua,MODIS,78,6.2,296.2,26.9,D,0
-31.9381,117.1021,333.7,1.6,1.3,2014-03-24,0546,Aqua,MODIS,79,6.2,310.3,30.8,D,0
-31.4147,118.9651,326.5,1.3,1.1,2014-03-24,0546,Aqua,MODIS,67,6.2,296.1,17.5,D,0
-31.4163,118.9517,334.7,1.3,1.1,2014-03-24,0546,Aqua,MODIS,81,6.2,297.7,31.7,D,0
-30.8745,116.6151,328.8,1.7,1.3,2014-03-24,0546,Aqua,MODIS,75,6.2,297.2,32.6,D,0
-31.0949,117.6684,331.5,1.5,1.2,2014-03-24,0546,Aqua,MODIS,75,6.2,307.8,22.5,D,0
-30.7018,116.5255,327.9,1.7,1.3,2014-03-24,0546,Aqua,MODIS,75,6.2,291,33.9,D,0
-29.5023,115.3798,330,2,1.4,2014-03-24,0546,Aqua,MODIS,75,6.2,296.1,46,D,0
-31.0204,118.1484,334.4,1.4,1.2,2014-03-24,0546,Aqua,MODIS,79,6.2,311.3,23.9,D,0
-31.2285,117.1658,333.6,1.6,1.2,2014-03-24,0546,Aqua,MODIS,78,6.2,307.1,30,D,0
-30.2777,116.9168,330,1.6,1.2,2014-03-24,0546,Aqua,MODIS,76,6.2,309.9,17,D,0
-31.2398,117.1673,327.8,1.6,1.2,2014-03-24,0546,Aqua,MODIS,67,6.2,306.5,15.2,D,0
-31.3599,116.7634,330.4,1.7,1.3,2014-03-24,0546,Aqua,MODIS,57,6.2,310.2,18.2,D,0
-31.0098,118.1469,329.7,1.4,1.2,2014-03-24,0546,Aqua,MODIS,72,6.2,311,14.8,D,0
-29.1976,115.4692,323.3,1.9,1.4,2014-03-24,0546,Aqua,MODIS,54,6.2,288.5,26.3,D,0
-30.1367,116.7374,328.8,1.6,1.3,2014-03-24,0546,Aqua,MODIS,73,6.2,305.7,15.5,D,0
-30.1897,116.6741,332.1,1.7,1.3,2014-03-24,0546,Aqua,MODIS,78,6.2,310.4,24,D,0
-31.2953,117.2822,350.3,1.6,1.2,2014-03-24,0546,Aqua,MODIS,88,6.2,307.9,87.3,D,0
-30.2012,116.6757,331.3,1.7,1.3,2014-03-24,0546,Aqua,MODIS,77,6.2,310.4,21.7,D,0
-29.5435,115.6382,346,1.9,1.4,2014-03-24,0546,Aqua,MODIS,91,6.2,292.3,104.1,D,0
-30.8727,116.6334,327.5,1.7,1.3,2014-03-24,0546,Aqua,MODIS,73,6.2,295.9,28.7,D,0
-30.8648,116.6257,320.4,1.7,1.3,2014-03-24,0546,Aqua,MODIS,56,6.2,294.4,14.2,D,0
-31.1686,116.5042,328.1,1.8,1.3,2014-03-24,0546,Aqua,MODIS,57,6.2,307.1,17.2,D,0
-30.2781,116.9067,329.8,1.6,1.3,2014-03-24,0546,Aqua,MODIS,76,6.2,308.9,15.9,D,0
-30.6649,116.4582,329.2,1.7,1.3,2014-03-24,0546,Aqua,MODIS,77,6.2,289.8,39,D,0
-30.606,116.5009,321.6,1.7,1.3,2014-03-24,0546,Aqua,MODIS,63,6.2,287.1,22.3,D,0
-30.6007,116.5055,317,1.7,1.3,2014-03-24,0546,Aqua,MODIS,35,6.2,286.7,13.6,D,0
-28.7412,119.3457,336,1.1,1.1,2014-03-24,0546,Aqua,MODIS,80,6.2,313.4,23.6,D,0
-30.7001,116.5435,325,1.7,1.3,2014-03-24,0546,Aqua,MODIS,71,6.2,288.9,26.4,D,0
-30.8094,116.086,320.8,1.9,1.3,2014-03-24,0546,Aqua,MODIS,59,6.2,289,20.8,D,0
-30.497,116.8795,323.9,1.6,1.3,2014-03-24,0546,Aqua,MODIS,69,6.2,290.7,23.9,D,0
-30.873,121.4907,324.3,1,1,2014-03-24,0546,Aqua,MODIS,67,6.2,306.2,9.7,D,2
-24.9875,122.3858,337.9,1,1,2014-03-24,0547,Aqua,MODIS,76,6.2,318.5,17.7,D,0
-21.4492,121.2416,331.8,1,1,2014-03-24,0548,Aqua,MODIS,39,6.2,311.2,9.2,D,0
-22.7913,122.5799,333.8,1.1,1,2014-03-24,0548,Aqua,MODIS,66,6.2,316.6,13.6,D,0
-19.2229,121.6374,335.2,1.1,1,2014-03-24,0549,Aqua,MODIS,77,6.2,308.2,22.3,D,0
-19.2245,121.627,328.3,1.1,1,2014-03-24,0549,Aqua,MODIS,54,6.2,305.5,11.6,D,0
-19.2261,121.6166,329.4,1.1,1,2014-03-24,0549,Aqua,MODIS,62,6.2,306.2,13.4,D,0
-18.0113,124.971,333.8,1.8,1.3,2014-03-24,0549,Aqua,MODIS,79,6.2,302.3,47.4,D,0
-15.1468,128.1723,313.6,3.6,1.8,2014-03-24,0550,Aqua,MODIS,0,6.2,289,35.2,D,0
-41.4098,147.4404,301.3,1.4,1.2,2014-03-24,1328,Terra,MODIS,40,6.2,280.2,13.6,N,0
-20.732,139.4756,311.9,1.2,1.1,2014-03-24,1334,Terra,MODIS,83,6.2,295.4,10.8,N,2
-19.1339,138.5865,321.7,1.1,1,2014-03-24,1334,Terra,MODIS,100,6.2,296.7,17.7,N,0
-19.1398,138.6731,319.1,1.1,1,2014-03-24,1334,Terra,MODIS,98,6.2,297.2,15.7,N,0
-19.1701,138.5396,319.4,1.1,1,2014-03-24,1334,Terra,MODIS,99,6.2,297.9,13.8,N,0
-19.1716,138.5292,314.8,1.1,1,2014-03-24,1334,Terra,MODIS,82,6.2,297.3,9.2,N,0
-20.7361,139.4715,309.2,1.2,1.1,2014-03-24,1334,Terra,MODIS,76,6.2,295,8.4,N,0
-19.1323,138.5968,312.8,1.1,1,2014-03-24,1334,Terra,MODIS,85,6.2,296.5,8.8,N,0
-19.1696,138.6676,318.4,1.1,1,2014-03-24,1334,Terra,MODIS,97,6.2,297.1,14.4,N,0
-19.1746,138.5723,314.1,1.1,1,2014-03-24,1334,Terra,MODIS,88,6.2,297.1,9.5,N,0
-19.1234,138.5576,318.9,1.1,1,2014-03-24,1335,Terra,MODIS,98,6.2,296.2,15.2,N,0
-19.1229,138.5952,321.9,1.1,1,2014-03-24,1335,Terra,MODIS,100,6.2,296.3,18.1,N,0
-19.0903,138.648,311.4,1.1,1,2014-03-24,1335,Terra,MODIS,82,6.2,296.3,7.9,N,0
-19.1245,138.5848,321.7,1.1,1,2014-03-24,1335,Terra,MODIS,100,6.2,296.3,17.6,N,0
-19.1278,138.5641,316.7,1.1,1,2014-03-24,1335,Terra,MODIS,94,6.2,296.4,11.6,N,0
-19.1342,138.5228,309.9,1.1,1,2014-03-24,1335,Terra,MODIS,78,6.2,296.7,5.8,N,0
-19.1281,138.5265,307.5,1.1,1,2014-03-24,1335,Terra,MODIS,72,6.2,296.5,5.3,N,0
-19.1326,138.5331,313.3,1.1,1,2014-03-24,1335,Terra,MODIS,86,6.2,296.4,8.1,N,0
-19.1294,138.5538,313.5,1.1,1,2014-03-24,1335,Terra,MODIS,67,6.2,296.2,8.1,N,0
-19.1187,138.5887,315.2,1.1,1,2014-03-24,1335,Terra,MODIS,91,6.2,295.6,11.2,N,0
-33.0446,119.7209,322.5,1.4,1.2,2014-03-24,1509,Terra,MODIS,100,6.2,289.3,33.4,N,0
-33.0472,119.7063,303,1.4,1.2,2014-03-24,1509,Terra,MODIS,40,6.2,288.6,9,N,0
-33.5818,117.9748,301.3,1.1,1.1,2014-03-24,1509,Terra,MODIS,40,6.2,284,6.8,N,0
-33.055,119.7235,304.3,1.4,1.2,2014-03-24,1509,Terra,MODIS,52,6.2,288.9,10.2,N,0
-33.5565,118.6158,300.8,1.2,1.1,2014-03-24,1509,Terra,MODIS,34,6.2,288.7,6.6,N,0
-33.3904,118.3737,305.6,1.2,1.1,2014-03-24,1509,Terra,MODIS,59,6.2,291,8,N,0
-33.4112,118.6206,301.1,1.2,1.1,2014-03-24,1509,Terra,MODIS,38,6.2,288.9,6.6,N,0
-32.9376,118.8655,300,1.2,1.1,2014-03-24,1509,Terra,MODIS,5,6.2,287.2,5.7,N,0
-32.9399,118.8523,300.8,1.2,1.1,2014-03-24,1509,Terra,MODIS,34,6.2,286.4,6.3,N,0
-31.8476,118.0806,301.1,1.2,1.1,2014-03-24,1510,Terra,MODIS,34,6.2,289.8,5.4,N,0
-32.5142,118.2754,309.3,1.2,1.1,2014-03-24,1510,Terra,MODIS,77,6.2,287.8,11.6,N,0
-32.5163,118.2629,308.3,1.2,1.1,2014-03-24,1510,Terra,MODIS,74,6.2,287.7,10.8,N,0
-31.8379,118.0783,302.3,1.2,1.1,2014-03-24,1510,Terra,MODIS,48,6.2,289.8,6.5,N,0
-32.4922,118.0962,306,1.2,1.1,2014-03-24,1510,Terra,MODIS,66,6.2,288.9,9.1,N,0
-32.4901,118.1085,311.2,1.2,1.1,2014-03-24,1510,Terra,MODIS,82,6.2,289.4,13.7,N,0
-32.5066,118.2606,308.6,1.2,1.1,2014-03-24,1510,Terra,MODIS,51,6.2,287.9,10.4,N,0
-32.5045,118.2731,313.8,1.2,1.1,2014-03-24,1510,Terra,MODIS,88,6.2,288.7,15.4,N,0
-32.4641,118.5681,302.3,1.2,1.1,2014-03-24,1510,Terra,MODIS,48,6.2,286.7,7.2,N,0
-19.1188,138.5597,308,2.7,1.6,2014-03-24,1642,Aqua,MODIS,73,6.2,294.2,24.8,N,0
-19.0821,138.6509,305.1,2.8,1.6,2014-03-24,1642,Aqua,MODIS,63,6.2,294,17.6,N,0
-19.1269,138.6383,310,2.8,1.6,2014-03-24,1642,Aqua,MODIS,66,6.2,293.7,28.2,N,0
-19.1215,138.5858,309.8,2.8,1.6,2014-03-24,1642,Aqua,MODIS,70,6.2,294.1,28.2,N,0
-19.1653,138.5498,306,2.7,1.6,2014-03-24,1642,Aqua,MODIS,66,6.2,293.9,19.5,N,0
-33.3761,118.3749,304.5,2.5,1.5,2014-03-24,1646,Aqua,MODIS,60,6.2,288.9,25.9,N,0
-33.3826,118.3777,306.2,2.5,1.5,2014-03-24,1646,Aqua,MODIS,23,6.2,288.7,26.5,N,0
-33.5809,117.9747,307.2,2.6,1.5,2014-03-24,1647,Aqua,MODIS,71,6.2,286.6,38.1,N,0
-33.5783,117.983,310,2.6,1.5,2014-03-24,1647,Aqua,MODIS,79,6.2,286.6,44.2,N,0
-19.1361,138.5818,315.9,3.2,1.7,2014-03-25,0028,Terra,MODIS,28,6.2,300.8,26.1,D,0
-19.4883,143.9813,328.3,1.3,1.1,2014-03-25,0028,Terra,MODIS,80,6.2,299.5,24.8,D,0
-32.2145,146.1747,323.9,1.1,1,2014-03-25,0031,Terra,MODIS,77,6.2,299.1,17.5,D,0
-30.717,147.4868,317.8,1.2,1.1,2014-03-25,0031,Terra,MODIS,70,6.2,299.5,9.1,D,0
-33.8744,149.8557,316.3,1.7,1.3,2014-03-25,0032,Terra,MODIS,72,6.2,289,30.3,D,0
-34.2126,138.8096,309,1.5,1.2,2014-03-25,0032,Terra,MODIS,46,6.2,294.1,7.3,D,0
-41.2085,145.8036,310.4,1.3,1.1,2014-03-25,0034,Terra,MODIS,70,6.2,292.3,13.6,D,0
-17.2475,128.5631,327.3,1.7,1.3,2014-03-25,0206,Terra,MODIS,75,6.2,300.3,32.6,D,0
-17.255,128.5567,320.6,1.7,1.3,2014-03-25,0206,Terra,MODIS,56,6.2,299.8,15.3,D,0
-15.9662,124.6838,317.1,1,1,2014-03-25,0206,Terra,MODIS,58,6.2,300.2,6.2,D,0
-15.2948,124.7494,325.7,1,1,2014-03-25,0206,Terra,MODIS,36,6.2,301.4,13.1,D,0
-15.9754,124.6824,316.9,1,1,2014-03-25,0206,Terra,MODIS,57,6.2,300.7,6.1,D,0
-15.3025,124.7385,322.7,1,1,2014-03-25,0206,Terra,MODIS,71,6.2,300.7,11.1,D,0
-15.3039,124.748,322.1,1,1,2014-03-25,0206,Terra,MODIS,67,6.2,301.3,10.2,D,0
-17.257,128.5731,322.6,1.7,1.3,2014-03-25,0206,Terra,MODIS,66,6.2,298.9,20.4,D,0
-22.0164,123.6613,343.8,1.1,1,2014-03-25,0207,Terra,MODIS,88,6.2,310.7,32.7,D,0
-19.3517,123.3494,347.5,1,1,2014-03-25,0207,Terra,MODIS,92,6.2,304.9,43.3,D,0
-22.0036,123.7049,333.3,1.1,1,2014-03-25,0207,Terra,MODIS,59,6.2,312.2,14.8,D,0
-22.005,123.7151,331.9,1.1,1,2014-03-25,0207,Terra,MODIS,58,6.2,310.3,14.5,D,0
-22.0072,123.6627,330.9,1.1,1,2014-03-25,0207,Terra,MODIS,29,6.2,313.2,10.1,D,0
-22.0086,123.6729,330.6,1.1,1,2014-03-25,0207,Terra,MODIS,34,6.2,312.8,10.2,D,0
-22.0128,123.7035,332.2,1.1,1,2014-03-25,0207,Terra,MODIS,57,6.2,310.3,14.5,D,0
-22.015,123.6511,358.9,1.1,1,2014-03-25,0207,Terra,MODIS,99,6.2,311.6,68.7,D,0
-18.7546,123.5446,388.9,1,1,2014-03-25,0207,Terra,MODIS,100,6.2,310.4,177.9,D,0
-18.7532,123.5351,404.6,1,1,2014-03-25,0207,Terra,MODIS,100,6.2,312.6,267.5,D,0
-19.3441,123.3604,341.1,1,1,2014-03-25,0207,Terra,MODIS,82,6.2,313.7,28.9,D,0
-19.3427,123.3509,359.9,1,1,2014-03-25,0207,Terra,MODIS,99,6.2,312.9,71.8,D,0
-19.3413,123.3413,345.7,1,1,2014-03-25,0207,Terra,MODIS,90,6.2,306.2,41.4,D,0
-19.3531,123.359,354.5,1,1,2014-03-25,0207,Terra,MODIS,96,6.2,308,56.8,D,0
-19.3559,123.3781,336.5,1,1,2014-03-25,0207,Terra,MODIS,76,6.2,310.9,20.3,D,0
-21.4464,121.2205,377.6,1,1,2014-03-25,0207,Terra,MODIS,100,6.2,309.5,134.1,D,0
-21.4449,121.2714,328.9,1,1,2014-03-25,0207,Terra,MODIS,72,6.2,308.6,12.6,D,0
-21.451,121.2501,334.5,1,1,2014-03-25,0207,Terra,MODIS,80,6.2,309.1,19.6,D,0
-21.4495,121.2402,352.2,1,1,2014-03-25,0207,Terra,MODIS,95,6.2,310.5,53.4,D,0
-21.4479,121.2304,376.3,1,1,2014-03-25,0207,Terra,MODIS,100,6.2,312.1,128.4,D,0
-21.4464,121.2812,324.1,1,1,2014-03-25,0207,Terra,MODIS,44,6.2,307,7.2,D,0
-21.4434,121.2615,349.6,1,1,2014-03-25,0207,Terra,MODIS,94,6.2,310.8,46.9,D,0
-21.4525,121.2599,331.6,1,1,2014-03-25,0207,Terra,MODIS,77,6.2,308,15.4,D,0
-21.4419,121.2516,339.9,1,1,2014-03-25,0207,Terra,MODIS,86,6.2,310.3,28.1,D,0
-30.258,116.3931,328,1.3,1.1,2014-03-25,0210,Terra,MODIS,77,6.2,299.6,22.2,D,0
-30.2479,116.3953,320.2,1.3,1.1,2014-03-25,0210,Terra,MODIS,63,6.2,299.4,10.2,D,0
-31.3457,117.6931,328.3,1.1,1,2014-03-25,0210,Terra,MODIS,78,6.2,300.7,16.1,D,0
-31.863,118.4286,320.6,1,1,2014-03-25,0210,Terra,MODIS,61,6.2,302.9,7.5,D,0
-31.8522,118.4197,322.4,1,1,2014-03-25,0210,Terra,MODIS,63,6.2,303.6,9.3,D,0
-30.1314,116.4968,328.2,1.3,1.1,2014-03-25,0210,Terra,MODIS,69,6.2,296.6,25.7,D,0
-30.1337,116.5099,324.5,1.3,1.1,2014-03-25,0210,Terra,MODIS,56,6.2,297.4,18.9,D,0
-32.342,118.9573,320.6,1,1,2014-03-25,0210,Terra,MODIS,67,6.2,304.1,8.2,D,0
-31.3476,117.7045,326.5,1.1,1,2014-03-25,0210,Terra,MODIS,75,6.2,300.9,14,D,0
-30.5904,116.4136,318,1.3,1.1,2014-03-25,0210,Terra,MODIS,40,6.2,293.1,12.6,D,0
-29.1081,115.2833,328.8,1.6,1.2,2014-03-25,0210,Terra,MODIS,80,6.2,305.5,25.6,D,0
-28.8464,115.2481,322,1.6,1.2,2014-03-25,0210,Terra,MODIS,74,6.2,301.9,12.7,D,0
-31.1896,116.7859,338.8,1.2,1.1,2014-03-25,0210,Terra,MODIS,88,6.2,300.2,39.2,D,0
-31.1917,116.7983,323.4,1.2,1.1,2014-03-25,0210,Terra,MODIS,40,6.2,302,12.5,D,0
-31.1901,116.7797,326.9,1.2,1.1,2014-03-25,0210,Terra,MODIS,67,6.2,299.3,17.6,D,0
-32.2794,117.9663,327.4,1.1,1,2014-03-25,0210,Terra,MODIS,77,6.2,303.3,14.7,D,0
-30.6004,116.4114,327.8,1.3,1.1,2014-03-25,0210,Terra,MODIS,76,6.2,292,26.8,D,0
-32.2776,117.9552,325.9,1.1,1,2014-03-25,0210,Terra,MODIS,74,6.2,304,12.4,D,0
-31.202,116.7898,323.5,1.2,1.1,2014-03-25,0210,Terra,MODIS,67,6.2,302.8,13.2,D,0
-31.1923,116.7921,331.4,1.2,1.1,2014-03-25,0210,Terra,MODIS,81,6.2,302.8,24.8,D,0
-31.7517,118.7763,320.4,1,1,2014-03-25,0210,Terra,MODIS,67,6.2,303.1,8.9,D,0
-32.2942,117.94,325.7,1.1,1,2014-03-25,0210,Terra,MODIS,75,6.2,303.9,12.7,D,0
-30.4782,116.5337,324.8,1.3,1.1,2014-03-25,0210,Terra,MODIS,72,6.2,303.7,13.4,D,0
-30.4705,116.5489,327.5,1.3,1.1,2014-03-25,0210,Terra,MODIS,76,6.2,304.1,16.7,D,0
-30.4682,116.536,339.5,1.3,1.1,2014-03-25,0210,Terra,MODIS,88,6.2,304.4,40.8,D,0
-32.2702,117.9683,326,1.1,1,2014-03-25,0210,Terra,MODIS,75,6.2,303.3,13.6,D,0
-30.466,116.523,325.6,1.3,1.1,2014-03-25,0210,Terra,MODIS,66,6.2,303.7,14.6,D,0
-30.5981,116.3982,325.7,1.3,1.1,2014-03-25,0210,Terra,MODIS,63,6.2,293.4,22.4,D,0
-32.4918,119.4026,320.2,1,1,2014-03-25,0210,Terra,MODIS,67,6.2,305.2,6.8,D,0
-32.2832,117.9309,335.3,1.1,1,2014-03-25,0210,Terra,MODIS,85,6.2,305.2,25.7,D,0
-29.5522,115.6172,327.4,1.5,1.2,2014-03-25,0210,Terra,MODIS,79,6.2,304.5,22.7,D,0
-32.1324,118.6712,318.6,1,1,2014-03-25,0210,Terra,MODIS,63,6.2,303.2,5.2,D,0
-32.285,117.9421,360.6,1.1,1,2014-03-25,0210,Terra,MODIS,100,6.2,307.2,81.5,D,0
-30.7278,116.2036,321.8,1.3,1.1,2014-03-25,0210,Terra,MODIS,72,6.2,293.4,14.8,D,0
-30.7379,116.2012,333.9,1.3,1.1,2014-03-25,0210,Terra,MODIS,85,6.2,296.1,35.4,D,0
-30.8693,121.4998,324,1,1,2014-03-25,0210,Terra,MODIS,74,6.2,304.7,13.8,D,2
-30.8678,121.4888,349.2,1,1,2014-03-25,0210,Terra,MODIS,94,6.2,305.2,55.4,D,2
-32.554,118.9557,322.6,1,1,2014-03-25,0210,Terra,MODIS,70,6.2,304.1,9,D,0
-32.5556,118.9664,327.2,1,1,2014-03-25,0210,Terra,MODIS,77,6.2,304.4,14.1,D,0
-31.6568,117.664,359.1,1.1,1,2014-03-25,0210,Terra,MODIS,99,6.2,300.1,83.5,D,0
-33.0969,118.5307,314.9,1,1,2014-03-25,0211,Terra,MODIS,36,6.2,297.5,4,D,0
-33.1911,121.9617,321.2,1.1,1.1,2014-03-25,0211,Terra,MODIS,75,6.2,304.2,13.2,D,0
-33.3153,121.4992,317.6,1.1,1,2014-03-25,0211,Terra,MODIS,66,6.2,305.2,6.7,D,0
-33.885,149.8657,324.7,4.2,1.9,2014-03-25,0311,Aqua,MODIS,53,6.2,285.6,160.9,D,0
-33.8871,149.8738,316.7,4.2,1.9,2014-03-25,0311,Aqua,MODIS,63,6.2,285.7,111.4,D,0
-42.1387,147.3653,331.4,1.9,1.3,2014-03-25,0446,Aqua,MODIS,87,6.2,298.7,61.2,D,0
-43.1114,147.9016,444.2,1.9,1.3,2014-03-25,0446,Aqua,MODIS,75,6.2,302.8,1626.1,D,0
-43.0997,147.8965,312.7,1.9,1.3,2014-03-25,0446,Aqua,MODIS,46,6.2,288.6,27.8,D,0
-41.1181,145.5836,316.3,1.6,1.2,2014-03-25,0447,Aqua,MODIS,66,6.2,289.3,26.5,D,0
-41.5199,146.9798,312.6,1.9,1.3,2014-03-25,0447,Aqua,MODIS,73,6.2,297.5,17,D,0
-42.0456,147.34,310.8,1.9,1.3,2014-03-25,0447,Aqua,MODIS,71,6.2,296.9,16,D,0
-42.1317,147.3819,319.2,1.9,1.3,2014-03-25,0447,Aqua,MODIS,79,6.2,298.1,30.4,D,0
-41.6386,147.3028,314.8,1.9,1.4,2014-03-25,0447,Aqua,MODIS,75,6.2,297,22.2,D,0
-42.1365,147.3593,325,1.9,1.3,2014-03-25,0447,Aqua,MODIS,83,6.2,298.3,45.8,D,0
-41.0321,144.8328,312.4,1.5,1.2,2014-03-25,0447,Aqua,MODIS,36,6.2,286.9,16.5,D,0
-41.046,144.8193,344.6,1.5,1.2,2014-03-25,0447,Aqua,MODIS,92,6.2,289.9,88.7,D,0
-41.0427,144.8365,322.3,1.5,1.2,2014-03-25,0447,Aqua,MODIS,75,6.2,290.1,33.1,D,0
-41.2122,145.8118,310.2,1.6,1.3,2014-03-25,0447,Aqua,MODIS,33,6.2,293.2,17.7,D,0
-41.122,145.5639,310.5,1.6,1.2,2014-03-25,0447,Aqua,MODIS,34,6.2,289,17.8,D,0
-41.1208,145.5707,326.9,1.6,1.2,2014-03-25,0447,Aqua,MODIS,80,6.2,289.5,47.9,D,0
-37.7717,142.2223,323.6,1.3,1.1,2014-03-25,0448,Aqua,MODIS,61,6.2,293.4,21.4,D,0
-37.7816,142.2251,346.2,1.3,1.1,2014-03-25,0448,Aqua,MODIS,94,6.2,297.8,67.4,D,0
-36.5634,143.1096,313.5,1.5,1.2,2014-03-25,0448,Aqua,MODIS,33,6.2,296,10,D,0
-37.8371,144.6268,317.5,1.7,1.3,2014-03-25,0448,Aqua,MODIS,74,6.2,298.5,15.5,D,0
-36.8893,140.8402,337.7,1.1,1.1,2014-03-25,0448,Aqua,MODIS,89,6.2,297.7,35.7,D,0
-36.7253,141.0112,317.6,1.2,1.1,2014-03-25,0448,Aqua,MODIS,47,6.2,294.3,11.8,D,0
-36.1828,143.0936,329.2,1.5,1.2,2014-03-25,0448,Aqua,MODIS,68,6.2,300.3,37.6,D,0
-37.8417,144.6229,314.8,1.7,1.3,2014-03-25,0448,Aqua,MODIS,70,6.2,298.2,11.3,D,0
-36.901,140.8301,334.9,1.1,1.1,2014-03-25,0448,Aqua,MODIS,88,6.2,297.4,32,D,0
-36.8989,140.8427,320.6,1.1,1.1,2014-03-25,0448,Aqua,MODIS,57,6.2,296.5,11.2,D,0
-36.6932,141.5631,320.4,1.2,1.1,2014-03-25,0448,Aqua,MODIS,66,6.2,288.3,19.2,D,0
-36.8915,140.8276,373,1.1,1.1,2014-03-25,0448,Aqua,MODIS,100,6.2,302,140.5,D,0
-35.4399,147.0305,317.9,2.7,1.6,2014-03-25,0448,Aqua,MODIS,61,6.2,300.6,28.6,D,0
-34.7969,146.5443,321.4,2.6,1.5,2014-03-25,0448,Aqua,MODIS,69,6.2,298.3,53.2,D,0
-35.3571,146.6811,320.1,2.6,1.5,2014-03-25,0448,Aqua,MODIS,65,6.2,295.6,41.2,D,0
-35.4453,146.5681,358.7,2.5,1.5,2014-03-25,0448,Aqua,MODIS,93,6.2,301.7,282.1,D,0
-35.451,146.578,378.3,2.5,1.5,2014-03-25,0448,Aqua,MODIS,87,6.2,303.1,524.9,D,0
-35.4528,146.5999,321.3,2.5,1.5,2014-03-25,0448,Aqua,MODIS,60,6.2,298.7,43.5,D,0
-34.7491,146.9604,318.6,2.8,1.6,2014-03-25,0448,Aqua,MODIS,67,6.2,298.2,35.2,D,0
-34.7498,146.9651,319.3,2.8,1.6,2014-03-25,0448,Aqua,MODIS,74,6.2,298.5,38.2,D,0
-35.3605,146.687,319.8,2.6,1.5,2014-03-25,0448,Aqua,MODIS,63,6.2,296.3,38.9,D,0
-35.4393,146.5954,340.2,2.5,1.5,2014-03-25,0448,Aqua,MODIS,90,6.2,300.6,135.1,D,0
-37.8878,145.7739,309.1,2,1.4,2014-03-25,0448,Aqua,MODIS,54,6.2,284.5,22.1,D,0
-35.6391,142.5662,323.1,1.4,1.2,2014-03-25,0448,Aqua,MODIS,38,6.2,299.2,22.7,D,0
-35.6412,142.5722,318.7,1.4,1.2,2014-03-25,0448,Aqua,MODIS,49,6.2,297.2,16.4,D,0
-37.671,144.1819,331.5,1.6,1.2,2014-03-25,0448,Aqua,MODIS,86,6.2,298.6,49.2,D,0
-37.7544,144.1147,311.5,1.6,1.2,2014-03-25,0448,Aqua,MODIS,53,6.2,297,10.8,D,0
-37.6675,144.1997,319.6,1.6,1.2,2014-03-25,0448,Aqua,MODIS,76,6.2,298.4,22.9,D,0
-34.5296,148.3052,312.2,3.4,1.7,2014-03-25,0448,Aqua,MODIS,61,6.2,293.7,43.5,D,0
-34.52,148.2936,310.9,3.4,1.7,2014-03-25,0448,Aqua,MODIS,51,6.2,294,34.4,D,0
-35.5832,148.2136,325.5,3.1,1.7,2014-03-25,0448,Aqua,MODIS,69,6.2,284.9,120,D,0
-35.5878,148.2094,329.2,3.1,1.7,2014-03-25,0448,Aqua,MODIS,72,6.2,285.9,140.7,D,0
-35.5963,148.173,332.6,3.1,1.7,2014-03-25,0448,Aqua,MODIS,86,6.2,290,165.6,D,0
-35.5922,148.176,346.9,3.1,1.7,2014-03-25,0448,Aqua,MODIS,94,6.2,290.1,289.9,D,0
-33.8196,138.5267,319.9,1,1,2014-03-25,0449,Aqua,MODIS,48,6.2,297.7,10.2,D,0
-33.1716,135.1909,326,1.1,1,2014-03-25,0449,Aqua,MODIS,78,6.2,300.5,15.2,D,0
-33.5915,145.7093,329.4,2.5,1.5,2014-03-25,0449,Aqua,MODIS,77,6.2,302.4,68.8,D,0
-33.1701,135.2023,318.3,1.1,1,2014-03-25,0449,Aqua,MODIS,46,6.2,302.2,6.4,D,0
-34.1312,137.7404,365.1,1,1,2014-03-25,0449,Aqua,MODIS,100,6.2,296,97,D,0
-34.4688,135.7146,339.6,1,1,2014-03-25,0449,Aqua,MODIS,90,6.2,297.6,40.1,D,0
-33.7972,138.304,347.3,1,1,2014-03-25,0449,Aqua,MODIS,94,6.2,304.2,49.9,D,0
-34.4795,135.7049,320,1,1,2014-03-25,0449,Aqua,MODIS,49,6.2,299.6,12.9,D,0
-33.5781,145.705,327.6,2.5,1.5,2014-03-25,0449,Aqua,MODIS,62,6.2,306.9,57.5,D,0
-33.1275,135.0891,328.9,1.1,1,2014-03-25,0449,Aqua,MODIS,81,6.2,307.1,18.1,D,0
-33.82,138.0929,318.1,1,1,2014-03-25,0449,Aqua,MODIS,63,6.2,301.4,6.9,D,0
-34.1402,137.7424,319.4,1,1,2014-03-25,0449,Aqua,MODIS,56,6.2,294.9,13.5,D,0
-33.1608,135.2006,339.4,1.1,1,2014-03-25,0449,Aqua,MODIS,89,6.2,305.9,35,D,0
-33.8783,147.6874,320.3,3.2,1.7,2014-03-25,0449,Aqua,MODIS,53,6.2,296.1,59.1,D,0
-33.7685,137.9519,319.9,1,1,2014-03-25,0449,Aqua,MODIS,69,6.2,303.8,6.6,D,0
-34.3778,147.7742,313.3,3.2,1.7,2014-03-25,0449,Aqua,MODIS,38,6.2,296.2,27.2,D,0
-33.7669,137.9628,320.4,1,1,2014-03-25,0449,Aqua,MODIS,70,6.2,304.1,7.2,D,0
-33.1638,135.1778,325.7,1.1,1,2014-03-25,0449,Aqua,MODIS,72,6.2,302.1,14.5,D,0
-33.5846,145.715,339.9,2.5,1.5,2014-03-25,0449,Aqua,MODIS,90,6.2,305.4,127.1,D,0
-33.9484,138.1051,311.6,1,1,2014-03-25,0449,Aqua,MODIS,14,6.2,296.1,3.6,D,0
-33.7989,138.2929,327.7,1,1,2014-03-25,0449,Aqua,MODIS,79,6.2,301.8,17.8,D,0
-34.478,135.7164,346.4,1,1,2014-03-25,0449,Aqua,MODIS,93,6.2,298.9,53.5,D,0
-33.1623,135.1892,373.6,1.1,1,2014-03-25,0449,Aqua,MODIS,100,6.2,306.4,129.5,D,0
-34.1328,137.7296,331.9,1,1,2014-03-25,0449,Aqua,MODIS,85,6.2,295.3,27.6,D,0
-19.0964,138.7118,328.5,1.7,1.3,2014-03-25,0453,Aqua,MODIS,66,6.2,311.1,20.4,D,0
-19.0936,138.7279,328.6,1.7,1.3,2014-03-25,0453,Aqua,MODIS,62,6.2,309.8,21.4,D,0
-19.1126,138.6166,327.2,1.7,1.3,2014-03-25,0453,Aqua,MODIS,65,6.2,311,19.7,D,0
-19.1632,138.6485,328.8,1.7,1.3,2014-03-25,0453,Aqua,MODIS,65,6.2,310.9,19.2,D,0
-22.0269,123.666,341.4,4.1,1.9,2014-03-25,0453,Aqua,MODIS,85,6.2,306.7,209.3,D,0
-22.0141,123.6727,337.8,4.1,1.9,2014-03-25,0453,Aqua,MODIS,76,6.2,310,160.6,D,0
-22.088,131.6662,329.9,1.1,1.1,2014-03-25,0453,Aqua,MODIS,67,6.2,317.1,12,D,0
-17.0371,124.3749,318.6,3.1,1.7,2014-03-25,0454,Aqua,MODIS,52,6.2,297.8,31.8,D,0
-16.8719,124.52,318.2,3,1.7,2014-03-25,0454,Aqua,MODIS,60,6.2,298.1,30.3,D,0
-17.0553,124.6388,321.4,3,1.6,2014-03-25,0454,Aqua,MODIS,67,6.2,298.7,44.3,D,0
-17.2883,128.6746,327.7,1.5,1.2,2014-03-25,0454,Aqua,MODIS,70,6.2,308.7,14.7,D,0
-17.2759,128.6676,336,1.5,1.2,2014-03-25,0454,Aqua,MODIS,82,6.2,310.2,35.7,D,0
-17.2277,128.7882,338.7,1.5,1.2,2014-03-25,0454,Aqua,MODIS,85,6.2,304.8,44.9,D,0
-17.1623,124.7682,318.7,2.9,1.6,2014-03-25,0454,Aqua,MODIS,28,6.2,294.3,23.5,D,0
-17.226,128.8019,324.7,1.5,1.2,2014-03-25,0454,Aqua,MODIS,63,6.2,304.4,11.6,D,0
-17.2791,128.659,345.3,1.5,1.2,2014-03-25,0454,Aqua,MODIS,91,6.2,308.8,62.6,D,0
-17.2777,128.6535,329,1.5,1.2,2014-03-25,0454,Aqua,MODIS,65,6.2,307.7,17.3,D,0
-17.29,128.6605,330.5,1.5,1.2,2014-03-25,0454,Aqua,MODIS,75,6.2,307.8,20.5,D,0
-17.2063,128.6018,330.4,1.5,1.2,2014-03-25,0454,Aqua,MODIS,75,6.2,305.9,24.4,D,0
-17.2774,128.6731,334.4,1.5,1.2,2014-03-25,0454,Aqua,MODIS,80,6.2,310.9,30,D,0
-17.1894,128.5572,326.3,1.5,1.2,2014-03-25,0454,Aqua,MODIS,66,6.2,305.7,16.1,D,0
-17.1858,128.5645,325,1.5,1.2,2014-03-25,0454,Aqua,MODIS,61,6.2,305.5,15.1,D,0
-15.748,130.9268,329.2,1.1,1,2014-03-25,0454,Aqua,MODIS,70,6.2,312.8,13.6,D,0
-17.1876,128.5504,328,1.5,1.2,2014-03-25,0454,Aqua,MODIS,71,6.2,305.7,21.7,D,0
-17.1625,124.7729,317.5,2.9,1.6,2014-03-25,0454,Aqua,MODIS,28,6.2,294.5,20.4,D,0
-17.4943,135.7284,329.6,1.2,1.1,2014-03-25,0454,Aqua,MODIS,74,6.2,312.7,18,D,0
-17.496,135.7174,327.1,1.2,1.1,2014-03-25,0454,Aqua,MODIS,70,6.2,312,13.8,D,0
-17.4067,135.6952,331.5,1.2,1.1,2014-03-25,0454,Aqua,MODIS,77,6.2,310.4,20.1,D,0
-17.4084,135.6842,324.4,1.2,1.1,2014-03-25,0454,Aqua,MODIS,54,6.2,310.6,8.6,D,0
-18.635,127.605,328.5,1.9,1.3,2014-03-25,0454,Aqua,MODIS,70,6.2,309.1,22.5,D,0
-15.3113,124.733,321.6,2.8,1.6,2014-03-25,0455,Aqua,MODIS,0,6.2,298.3,46.4,D,0
-12.7113,131.0415,316.1,1,1,2014-03-25,0455,Aqua,MODIS,60,6.2,294.1,5,D,0
-31.7349,118.6328,328.4,1.9,1.4,2014-03-25,0628,Aqua,MODIS,77,6.2,303.4,39.1,D,0
-32.7235,121.6185,320.6,2.8,1.6,2014-03-25,0628,Aqua,MODIS,67,6.2,306.6,40.8,D,0
-31.6155,119.1436,323.5,2.1,1.4,2014-03-25,0628,Aqua,MODIS,71,6.2,308.2,24.7,D,0
-31.7277,118.6446,324.3,1.9,1.4,2014-03-25,0628,Aqua,MODIS,70,6.2,299.4,25,D,0
-31.7398,118.6481,350,1.9,1.4,2014-03-25,0628,Aqua,MODIS,95,6.2,304.9,131.1,D,0
-31.7309,118.6529,344.7,1.9,1.4,2014-03-25,0628,Aqua,MODIS,91,6.2,302.5,105,D,0
-31.7469,118.6364,329.5,1.9,1.4,2014-03-25,0628,Aqua,MODIS,79,6.2,302.4,42.5,D,0
-31.7429,118.6563,336.3,1.9,1.4,2014-03-25,0628,Aqua,MODIS,85,6.2,301,68.1,D,0
-31.8533,118.6924,322.4,1.9,1.4,2014-03-25,0628,Aqua,MODIS,68,6.2,308.3,17.1,D,0
-31.62,119.1297,322.9,2.1,1.4,2014-03-25,0628,Aqua,MODIS,69,6.2,307.1,21.8,D,0
-32.4412,118.4807,350.5,1.8,1.3,2014-03-25,0628,Aqua,MODIS,95,6.2,301.2,120.9,D,0
-32.2514,118.41,324.5,1.8,1.3,2014-03-25,0628,Aqua,MODIS,72,6.2,306.5,21.4,D,0
-32.2554,118.4165,326.3,1.8,1.3,2014-03-25,0628,Aqua,MODIS,75,6.2,306.1,26.2,D,0
-32.9374,117.7293,338.9,1.6,1.2,2014-03-25,0628,Aqua,MODIS,88,6.2,299.9,56.6,D,0
-32.9384,117.7173,338.2,1.6,1.2,2014-03-25,0628,Aqua,MODIS,87,6.2,298.7,54.2,D,0
-32.9405,117.7124,328.9,1.6,1.2,2014-03-25,0628,Aqua,MODIS,79,6.2,297.3,29.2,D,0
-31.8568,118.3362,337.1,1.8,1.3,2014-03-25,0628,Aqua,MODIS,86,6.2,303.9,63.2,D,0
-31.845,118.3332,328.1,1.8,1.3,2014-03-25,0628,Aqua,MODIS,77,6.2,303.3,33.4,D,0
-31.8488,118.3139,329.7,1.8,1.3,2014-03-25,0628,Aqua,MODIS,79,6.2,303,38.1,D,0
-32.9351,117.7341,332.9,1.6,1.2,2014-03-25,0628,Aqua,MODIS,83,6.2,299.4,38,D,0
-32.9155,119.0911,336.5,1.9,1.4,2014-03-25,0628,Aqua,MODIS,87,6.2,308.6,68.3,D,0
-31.1345,116.8885,323.6,1.5,1.2,2014-03-25,0629,Aqua,MODIS,0,6.2,300.9,12,D,0
-30.3046,116.1589,337,1.4,1.2,2014-03-25,0629,Aqua,MODIS,84,6.2,294.3,48.9,D,0
-30.3178,116.1467,330.7,1.4,1.2,2014-03-25,0629,Aqua,MODIS,77,6.2,292.7,34.4,D,0
-30.0305,116.3982,340.9,1.5,1.2,2014-03-25,0629,Aqua,MODIS,88,6.2,311.2,49.1,D,0
-30.0276,116.4081,331,1.5,1.2,2014-03-25,0629,Aqua,MODIS,78,6.2,311.6,19.9,D,0
-30.3152,116.1616,325.6,1.4,1.2,2014-03-25,0629,Aqua,MODIS,68,6.2,292.5,23.1,D,0
-30.6844,116.1072,322.4,1.4,1.2,2014-03-25,0629,Aqua,MODIS,39,6.2,288.2,20.2,D,0
-29.757,116.0517,324.8,1.5,1.2,2014-03-25,0629,Aqua,MODIS,71,6.2,302,15.6,D,0
-29.7543,116.0667,325,1.5,1.2,2014-03-25,0629,Aqua,MODIS,71,6.2,302.6,15.4,D,0
-30.0304,116.3924,331.8,1.5,1.2,2014-03-25,0629,Aqua,MODIS,75,6.2,310.8,23.3,D,0
-31.1428,116.5236,346.7,1.5,1.2,2014-03-25,0629,Aqua,MODIS,92,6.2,285.5,86,D,0
-30.3824,116.8104,326.8,1.6,1.2,2014-03-25,0629,Aqua,MODIS,69,6.2,310.3,13.7,D,0
-30.3072,116.144,344,1.4,1.2,2014-03-25,0629,Aqua,MODIS,90,6.2,294.8,70.3,D,0
-30.0756,116.1537,319.2,1.5,1.2,2014-03-25,0629,Aqua,MODIS,34,6.2,289,15.1,D,0
-30.5403,116.4589,326.2,1.5,1.2,2014-03-25,0629,Aqua,MODIS,66,6.2,306.5,13.4,D,0
-30.5267,116.4716,332.4,1.5,1.2,2014-03-25,0629,Aqua,MODIS,78,6.2,305.6,27.2,D,0
-30.5295,116.4562,350.6,1.5,1.2,2014-03-25,0629,Aqua,MODIS,94,6.2,306.1,84.4,D,0
-41.0323,144.8818,305.3,3.3,1.7,2014-03-25,1233,Terra,MODIS,8,6.2,284,46.5,N,0
-35.5814,148.1981,300.8,1.8,1.3,2014-03-25,1235,Terra,MODIS,21,6.2,284.9,12.7,N,0
-35.5885,148.1857,307.7,1.8,1.3,2014-03-25,1235,Terra,MODIS,72,6.2,285.4,24.3,N,0
-35.5832,148.1783,301.9,1.8,1.3,2014-03-25,1235,Terra,MODIS,33,6.2,285,14.5,N,0
-32.6775,119.484,308.6,3,1.7,2014-03-25,1414,Terra,MODIS,75,6.2,285.1,49.4,N,0
-33.2921,121.5137,303.5,2.2,1.5,2014-03-25,1414,Terra,MODIS,56,6.2,288.3,22.8,N,0
-32.6791,119.4774,303.4,3,1.7,2014-03-25,1414,Terra,MODIS,55,6.2,285.1,36.4,N,0
-33.6492,118.8162,303.7,3.4,1.7,2014-03-25,1414,Terra,MODIS,56,6.2,268.1,54.7,N,0
-33.6426,118.8221,305.7,3.4,1.7,2014-03-25,1414,Terra,MODIS,65,6.2,267.4,62.4,N,0
-16.9058,124.4154,311.2,1,1,2014-03-25,1419,Terra,MODIS,82,6.2,293.6,8.3,N,0
-33.5059,118.6575,310.4,1.1,1.1,2014-03-25,1729,Aqua,MODIS,80,6.2,280.4,15.3,N,0
-33.5044,118.6455,323.3,1.1,1.1,2014-03-25,1729,Aqua,MODIS,100,6.2,281.6,29,N,0
-33.5006,118.6408,305.3,1.1,1.1,2014-03-25,1729,Aqua,MODIS,64,6.2,280.1,11,N,0
-33.5021,118.6528,314.6,1.1,1.1,2014-03-25,1729,Aqua,MODIS,89,6.2,281.2,18.9,N,0
-18.3351,138.1068,332.6,1,1,2014-03-26,0111,Terra,MODIS,80,6.2,308,19.6,D,0
-19.2122,138.5299,337.2,1.1,1,2014-03-26,0111,Terra,MODIS,85,6.2,307.1,29.1,D,0
-19.1814,138.5136,324,1.1,1,2014-03-26,0111,Terra,MODIS,38,6.2,305.9,10.4,D,0
-18.3273,138.1179,328.5,1,1,2014-03-26,0111,Terra,MODIS,71,6.2,307.2,14,D,0
-18.3524,138.1077,322.3,1,1,2014-03-26,0111,Terra,MODIS,56,6.2,307.3,7.4,D,0
-19.1907,138.5122,322.1,1.1,1,2014-03-26,0111,Terra,MODIS,32,6.2,305.9,8.6,D,0
-18.2789,138.1056,324.1,1,1,2014-03-26,0111,Terra,MODIS,44,6.2,307.5,8.6,D,0
-18.3055,138.1613,323.8,1,1,2014-03-26,0111,Terra,MODIS,68,6.2,308.3,9.9,D,0
-18.3365,138.1165,331.1,1,1,2014-03-26,0111,Terra,MODIS,77,6.2,307.5,17.1,D,0
-18.3246,138.0984,323.9,1,1,2014-03-26,0111,Terra,MODIS,60,6.2,307.1,9.6,D,0
-18.3041,138.1515,338.1,1,1,2014-03-26,0111,Terra,MODIS,86,6.2,307.8,29.4,D,0
-18.3259,138.1082,331.9,1,1,2014-03-26,0111,Terra,MODIS,80,6.2,308.8,19.4,D,0
-19.1921,138.5224,325.8,1.1,1,2014-03-26,0111,Terra,MODIS,62,6.2,307.1,12.6,D,0
-18.3068,138.1711,321.5,1,1,2014-03-26,0111,Terra,MODIS,62,6.2,306.3,7.4,D,0
-23.5893,143.5212,321,2.5,1.5,2014-03-26,0112,Terra,MODIS,56,6.2,303.1,22,D,0
-34.1263,137.7395,318.8,1.4,1.2,2014-03-26,0115,Terra,MODIS,74,6.2,295.7,18.3,D,0
-34.1246,137.7238,312.5,1.4,1.2,2014-03-26,0115,Terra,MODIS,59,6.2,292.5,9.1,D,0
-21.4613,121.2641,324.2,3.6,1.8,2014-03-26,0250,Terra,MODIS,61,6.2,304,61.4,D,0
-21.4559,121.2942,324.8,3.7,1.8,2014-03-26,0250,Terra,MODIS,60,6.2,303,63.8,D,0
-30.8401,116.3453,343.1,2.1,1.4,2014-03-26,0253,Terra,MODIS,92,6.2,279.9,143.4,D,0
-30.838,116.3231,342.7,2.1,1.4,2014-03-26,0253,Terra,MODIS,91,6.2,284.7,139,D,0
-30.8518,116.3374,348.7,2.1,1.4,2014-03-26,0253,Terra,MODIS,95,6.2,282.8,172.7,D,0
-30.8529,116.3439,328.6,2.1,1.4,2014-03-26,0253,Terra,MODIS,82,6.2,279.4,76,D,0
-30.839,116.3388,343.3,2.1,1.4,2014-03-26,0253,Terra,MODIS,92,6.2,282.1,142.5,D,0
-30.8499,116.3152,332.1,2.1,1.4,2014-03-26,0253,Terra,MODIS,80,6.2,286.5,86.4,D,0
-30.8508,116.3217,341.7,2.1,1.4,2014-03-26,0253,Terra,MODIS,91,6.2,286.7,132,D,0
-43.0745,146.7957,321.6,1.8,1.3,2014-03-26,0351,Aqua,MODIS,81,6.2,293.1,42.1,D,0
-43.0881,146.7769,360.9,1.8,1.3,2014-03-26,0351,Aqua,MODIS,100,6.2,294,200.3,D,0
-43.0763,146.7739,344.5,1.8,1.3,2014-03-26,0351,Aqua,MODIS,94,6.2,294.9,116.1,D,0
-43.0864,146.7974,341.2,1.8,1.3,2014-03-26,0351,Aqua,MODIS,92,6.2,292.3,100,D,0
-41.4469,147.6882,413.6,1.5,1.2,2014-03-26,0352,Aqua,MODIS,0,6.2,291,625.6,D,0
-41.7114,147.0226,314,1.6,1.3,2014-03-26,0352,Aqua,MODIS,59,6.2,292.8,19,D,0
-40.946,145.6774,320.4,1.9,1.4,2014-03-26,0352,Aqua,MODIS,0,6.2,293.3,38.9,D,0
-40.9798,145.2501,415.8,2,1.4,2014-03-26,0352,Aqua,MODIS,94,6.2,300.5,1010.5,D,0
-40.9779,145.2747,340.8,2,1.4,2014-03-26,0352,Aqua,MODIS,79,6.2,287.2,120.2,D,0
-41.7096,147.0426,316.1,1.6,1.3,2014-03-26,0352,Aqua,MODIS,76,6.2,292.5,21.4,D,0
-36.7182,142.4989,353.4,2.7,1.6,2014-03-26,0353,Aqua,MODIS,97,6.2,300.7,252,D,0
-36.7296,142.4923,363.5,2.7,1.6,2014-03-26,0353,Aqua,MODIS,100,6.2,302.5,362.7,D,0
-36.7317,142.4617,367.4,2.7,1.6,2014-03-26,0353,Aqua,MODIS,100,6.2,303.9,415,D,0
-36.7152,142.4909,350,2.7,1.6,2014-03-26,0353,Aqua,MODIS,95,6.2,301,221.4,D,0
-35.268,140.6139,323.4,3.4,1.7,2014-03-26,0353,Aqua,MODIS,59,6.2,299.6,71.2,D,0
-35.252,140.6127,322.8,3.4,1.7,2014-03-26,0353,Aqua,MODIS,47,6.2,298.9,67,D,0
-36.6334,142.3854,344.8,2.7,1.6,2014-03-26,0353,Aqua,MODIS,92,6.2,300,189.3,D,0
-36.6312,142.4164,325.6,2.7,1.6,2014-03-26,0353,Aqua,MODIS,78,6.2,299.3,63.8,D,0
-35.8933,141.851,319,2.9,1.6,2014-03-26,0353,Aqua,MODIS,51,6.2,296.1,53.2,D,0
-35.3992,140.4329,323,3.5,1.8,2014-03-26,0353,Aqua,MODIS,71,6.2,303,70,D,0
-35.3913,140.4398,320.4,3.5,1.8,2014-03-26,0353,Aqua,MODIS,71,6.2,301.2,53.5,D,0
-36.635,142.39,349.9,2.7,1.6,2014-03-26,0353,Aqua,MODIS,95,6.2,300.5,233.8,D,0
-36.633,142.4209,319.3,2.7,1.6,2014-03-26,0353,Aqua,MODIS,39,6.2,299.9,35.9,D,0
-36.7173,142.4603,353,2.7,1.6,2014-03-26,0353,Aqua,MODIS,96,6.2,302.2,251.3,D,0
-36.7326,142.5003,325,2.7,1.6,2014-03-26,0353,Aqua,MODIS,78,6.2,300.7,54.6,D,0
-36.7346,142.4697,356.9,2.7,1.6,2014-03-26,0353,Aqua,MODIS,98,6.2,302.3,291.9,D,0
-36.7202,142.4682,399.5,2.7,1.6,2014-03-26,0353,Aqua,MODIS,100,6.2,305.9,1023.4,D,0
-23.5822,143.5318,326.9,1.6,1.2,2014-03-26,0357,Aqua,MODIS,59,6.2,308.5,16.7,D,0
-18.3461,138.103,322.6,3.3,1.7,2014-03-26,0358,Aqua,MODIS,47,6.2,304.4,43.2,D,0
-18.3417,138.11,333.5,3.3,1.7,2014-03-26,0358,Aqua,MODIS,83,6.2,304.9,117.8,D,0
-18.3305,138.1016,328.8,3.3,1.7,2014-03-26,0358,Aqua,MODIS,79,6.2,304.5,83.6,D,0
-34.4039,137.7979,322.4,3.6,1.8,2014-03-26,0532,Aqua,MODIS,71,6.2,298,87,D,0
-34.4167,135.6534,314.6,2.6,1.6,2014-03-26,0532,Aqua,MODIS,36,6.2,294.9,27.8,D,0
-34.4208,135.6623,343.6,2.6,1.6,2014-03-26,0532,Aqua,MODIS,92,6.2,296.3,182.4,D,0
-34.5698,137.785,319.1,3.5,1.8,2014-03-26,0532,Aqua,MODIS,47,6.2,296.5,69.4,D,0
-33.7406,122.345,385.3,1.3,1.1,2014-03-26,0533,Aqua,MODIS,100,6.2,306,239.2,D,0
-33.7438,122.3167,382.7,1.3,1.1,2014-03-26,0533,Aqua,MODIS,100,6.2,298,221.9,D,0
-33.7454,122.3025,336,1.3,1.1,2014-03-26,0533,Aqua,MODIS,82,6.2,292.2,34.1,D,0
-33.7303,122.3434,443.4,1.3,1.1,2014-03-26,0533,Aqua,MODIS,100,6.2,318.1,904.7,D,0
-33.7319,122.3293,499.6,1.3,1.1,2014-03-26,0533,Aqua,MODIS,100,6.2,400.1,2335.5,D,0
-33.7335,122.3151,492.4,1.3,1.1,2014-03-26,0533,Aqua,MODIS,100,6.2,334.2,2099.8,D,0
-33.7368,122.2867,333.9,1.3,1.1,2014-03-26,0533,Aqua,MODIS,71,6.2,291.7,28.2,D,0
-33.72,122.3418,341.9,1.3,1.1,2014-03-26,0533,Aqua,MODIS,90,6.2,305.4,46,D,0
-33.7216,122.3276,451.7,1.3,1.1,2014-03-26,0533,Aqua,MODIS,100,6.2,324.3,1060.3,D,0
-33.7232,122.3135,478.5,1.3,1.1,2014-03-26,0533,Aqua,MODIS,100,6.2,336.2,1684.1,D,0
-33.7248,122.2993,365.6,1.3,1.1,2014-03-26,0533,Aqua,MODIS,100,6.2,302.1,126.4,D,0
-33.7382,122.3355,483,1.3,1.1,2014-03-26,0533,Aqua,MODIS,100,6.2,333.3,1814.9,D,0
-33.7367,122.3497,400.9,1.3,1.1,2014-03-26,0533,Aqua,MODIS,100,6.2,308.1,363.3,D,0
-33.7114,122.326,363.8,1.3,1.1,2014-03-26,0533,Aqua,MODIS,100,6.2,306.8,122.5,D,0
-33.713,122.3119,412.7,1.3,1.1,2014-03-26,0533,Aqua,MODIS,100,6.2,317.2,478.8,D,0
-33.7501,122.323,344.8,1.3,1.1,2014-03-26,0533,Aqua,MODIS,92,6.2,293.3,59.2,D,0
-33.7146,122.2977,334.2,1.3,1.1,2014-03-26,0533,Aqua,MODIS,58,6.2,307.4,30.7,D,0
-33.7485,122.3372,343.2,1.3,1.1,2014-03-26,0533,Aqua,MODIS,91,6.2,296,58.7,D,0
-33.7398,122.3214,465.4,1.3,1.1,2014-03-26,0533,Aqua,MODIS,100,6.2,320.9,1358.5,D,0
-33.7413,122.3072,372.8,1.3,1.1,2014-03-26,0533,Aqua,MODIS,100,6.2,292.8,164.5,D,0
-33.7429,122.2929,334.7,1.3,1.1,2014-03-26,0533,Aqua,MODIS,67,6.2,291.5,31.1,D,0
-33.7422,122.3309,402.3,1.3,1.1,2014-03-26,0533,Aqua,MODIS,100,6.2,308.2,373.6,D,0
-21.6354,131.367,366.8,2.7,1.6,2014-03-26,0535,Aqua,MODIS,100,6.2,315.1,376.2,D,0
-21.6545,131.3446,329.6,2.7,1.6,2014-03-26,0535,Aqua,MODIS,66,6.2,314,49.4,D,0
-21.6469,131.3649,368.5,2.7,1.6,2014-03-26,0535,Aqua,MODIS,100,6.2,319.4,400.9,D,0
-21.633,131.3617,353,2.7,1.6,2014-03-26,0535,Aqua,MODIS,95,6.2,313.7,218.8,D,0
-21.642,131.3906,328.7,2.7,1.6,2014-03-26,0535,Aqua,MODIS,67,6.2,314.1,42.9,D,0
-21.6405,131.3414,330.4,2.7,1.6,2014-03-26,0535,Aqua,MODIS,71,6.2,314.8,54.3,D,0
-21.6494,131.3701,356.6,2.7,1.6,2014-03-26,0535,Aqua,MODIS,98,6.2,317.7,256.1,D,0
-21.4637,121.2531,330.2,1.1,1,2014-03-26,0536,Aqua,MODIS,35,6.2,312.7,11.1,D,0
-20.0729,127.2772,332.7,1.5,1.2,2014-03-26,0536,Aqua,MODIS,61,6.2,316,18.7,D,0
-22.0332,123.6485,335.4,1,1,2014-03-26,0536,Aqua,MODIS,49,6.2,317.5,13.9,D,0
-22.0346,123.6388,333.7,1,1,2014-03-26,0536,Aqua,MODIS,48,6.2,315.9,12.1,D,0
-18.3905,128.1886,334.3,1.8,1.3,2014-03-26,0537,Aqua,MODIS,76,6.2,310.7,39.2,D,0
-18.2886,128.0403,346.7,1.8,1.3,2014-03-26,0537,Aqua,MODIS,90,6.2,311.1,91,D,0
-18.2937,128.0345,333.5,1.8,1.3,2014-03-26,0537,Aqua,MODIS,76,6.2,311.7,37.4,D,0
-18.3668,128.1839,333.7,1.8,1.3,2014-03-26,0537,Aqua,MODIS,75,6.2,309.9,39.3,D,0
-18.3549,128.1815,329.6,1.8,1.3,2014-03-26,0537,Aqua,MODIS,67,6.2,308.8,25.9,D,0
-18.3625,128.1773,327.8,1.8,1.3,2014-03-26,0537,Aqua,MODIS,57,6.2,309.9,19.8,D,0
-18.2908,128.0515,336,1.8,1.3,2014-03-26,0537,Aqua,MODIS,80,6.2,307.2,45.6,D,0
-18.2378,128.0765,331.4,1.8,1.3,2014-03-26,0537,Aqua,MODIS,73,6.2,310.8,32.2,D,0
-18.2408,128.0595,328.7,1.8,1.3,2014-03-26,0537,Aqua,MODIS,67,6.2,309.4,23.6,D,0
-18.3596,128.1946,325.5,1.8,1.3,2014-03-26,0537,Aqua,MODIS,42,6.2,309.4,15.9,D,0
-17.7498,127.423,355.8,1.7,1.3,2014-03-26,0537,Aqua,MODIS,97,6.2,307.9,131.2,D,0
-17.753,127.4181,351.9,1.7,1.3,2014-03-26,0537,Aqua,MODIS,95,6.2,308.9,111.6,D,0
-17.8247,127.3259,331.4,1.6,1.3,2014-03-26,0537,Aqua,MODIS,58,6.2,309.9,30.3,D,0
-17.8579,128.2108,346.1,1.9,1.3,2014-03-26,0537,Aqua,MODIS,91,6.2,311.4,89.4,D,0
-17.7525,127.4075,332.2,1.7,1.3,2014-03-26,0537,Aqua,MODIS,59,6.2,308.6,33.7,D,0
-16.9107,124.4173,325.9,1.1,1.1,2014-03-26,0537,Aqua,MODIS,63,6.2,303.9,11,D,0
-43.2927,146.9531,317.8,1,1,2014-03-26,1316,Terra,MODIS,96,6.2,285.4,18.5,N,0
-43.0769,146.7962,304.1,1,1,2014-03-26,1316,Terra,MODIS,59,6.2,285.1,8.9,N,0
-43.3017,146.9557,309.8,1,1,2014-03-26,1316,Terra,MODIS,78,6.2,285.9,12.4,N,0
-43.3036,146.9434,302.4,1,1,2014-03-26,1316,Terra,MODIS,49,6.2,285.1,7.7,N,0
-43.0787,146.7839,322.9,1,1,2014-03-26,1316,Terra,MODIS,100,6.2,286.3,24,N,0
-43.2945,146.9408,309,1,1,2014-03-26,1316,Terra,MODIS,76,6.2,284.7,11.5,N,0
-43.0853,146.7915,318,1,1,2014-03-26,1316,Terra,MODIS,96,6.2,286,18.6,N,0
-26.356,147.3299,304.3,1.8,1.3,2014-03-26,1320,Terra,MODIS,59,6.2,287.5,16.8,N,0
-23.58,143.5328,308.3,1.2,1.1,2014-03-26,1321,Terra,MODIS,74,6.2,294.6,7.4,N,0
-23.5897,143.5347,305.4,1.2,1.1,2014-03-26,1321,Terra,MODIS,61,6.2,294.9,4.9,N,0
-18.7623,138.2978,305,1,1,2014-03-26,1322,Terra,MODIS,34,6.2,293.8,4.1,N,0
-18.8841,138.3528,311.6,1,1,2014-03-26,1322,Terra,MODIS,83,6.2,296.6,9.1,N,0
-18.7757,138.199,305.2,1,1,2014-03-26,1322,Terra,MODIS,53,6.2,293.7,4.5,N,0
-18.761,138.3076,326.1,1,1,2014-03-26,1322,Terra,MODIS,100,6.2,296.7,23.8,N,0
-18.2751,138.1065,311,1,1,2014-03-26,1323,Terra,MODIS,81,6.2,297.2,7.9,N,0
-18.2646,138.115,307.7,1,1,2014-03-26,1323,Terra,MODIS,72,6.2,297.5,5.9,N,0
-18.22,138.0982,308.8,1,1,2014-03-26,1323,Terra,MODIS,75,6.2,297.4,6.6,N,0
-32.6956,119.4464,306.5,1,1,2014-03-26,1457,Terra,MODIS,68,6.2,286.3,9,N,0
-32.6989,119.4247,327.4,1,1,2014-03-26,1457,Terra,MODIS,100,6.2,288.4,27.8,N,0
-33.5416,120.8287,301.2,1.1,1,2014-03-26,1457,Terra,MODIS,38,6.2,277,8.2,N,0
-32.6914,119.4118,311.2,1,1,2014-03-26,1457,Terra,MODIS,82,6.2,287.5,12.3,N,0
-32.6898,119.4227,335.4,1,1,2014-03-26,1457,Terra,MODIS,100,6.2,288.9,38.6,N,0
-32.6881,119.4335,325,1,1,2014-03-26,1457,Terra,MODIS,100,6.2,286.7,24.7,N,0
-33.5451,120.8352,306.1,1.1,1,2014-03-26,1457,Terra,MODIS,66,6.2,276.1,10.9,N,0
-32.6972,119.4355,341.6,1,1,2014-03-26,1457,Terra,MODIS,100,6.2,289.9,49.2,N,0
-33.3011,119.0321,307,1,1,2014-03-26,1457,Terra,MODIS,70,6.2,282.5,9.8,N,0
-33.3677,119.8712,301,1,1,2014-03-26,1457,Terra,MODIS,36,6.2,272.7,8.2,N,0
-33.5726,118.5578,310.9,1,1,2014-03-26,1457,Terra,MODIS,81,6.2,271.3,13.3,N,0
-33.5742,118.547,315.1,1,1,2014-03-26,1457,Terra,MODIS,91,6.2,274.2,16.4,N,0
-33.5636,118.5559,334.6,1,1,2014-03-26,1457,Terra,MODIS,100,6.2,272.7,38.3,N,0
-33.5652,118.5451,333.7,1,1,2014-03-26,1457,Terra,MODIS,100,6.2,276,36.9,N,0
-33.3195,119.9986,306.1,1,1,2014-03-26,1457,Terra,MODIS,38,6.2,273,10,N,0
-33.3933,120.0564,321.1,1,1,2014-03-26,1457,Terra,MODIS,100,6.2,270.8,23.9,N,0
-33.3859,120.06,315.8,1,1,2014-03-26,1457,Terra,MODIS,92,6.2,275.6,18.8,N,0
-33.3177,120.0098,336.1,1,1,2014-03-26,1457,Terra,MODIS,100,6.2,273.5,42.9,N,0
-33.316,120.021,301.2,1,1,2014-03-26,1457,Terra,MODIS,14,6.2,270.6,7.1,N,0
-33.6458,118.0394,340,1,1,2014-03-26,1457,Terra,MODIS,100,6.2,276.5,46.5,N,0
-33.6473,118.0286,314.7,1,1,2014-03-26,1457,Terra,MODIS,90,6.2,275.4,15.8,N,0
-33.6367,118.0376,303.7,1,1,2014-03-26,1457,Terra,MODIS,56,6.2,275,8.5,N,0
-33.4763,118.0041,310.1,1,1,2014-03-26,1457,Terra,MODIS,79,6.2,283.3,11.7,N,0
-33.4778,117.9933,307.5,1,1,2014-03-26,1457,Terra,MODIS,72,6.2,282.5,9.9,N,0
-33.4658,118.0131,311.8,1,1,2014-03-26,1457,Terra,MODIS,83,6.2,283.1,12.3,N,0
-33.3649,118.3416,321.3,1,1,2014-03-26,1457,Terra,MODIS,100,6.2,274.7,21.9,N,0
-33.3634,118.3524,340.8,1,1,2014-03-26,1457,Terra,MODIS,100,6.2,275.7,47.7,N,0
-33.6796,118.4531,338.4,1,1,2014-03-26,1457,Terra,MODIS,100,6.2,275.8,44,N,0
-33.4673,118.0023,332.7,1,1,2014-03-26,1457,Terra,MODIS,100,6.2,283.8,34.3,N,0
-33.3618,118.3631,333.3,1,1,2014-03-26,1457,Terra,MODIS,100,6.2,268.2,0,N,0
-33.3722,118.3489,325,1,1,2014-03-26,1457,Terra,MODIS,100,6.2,274,25.8,N,0
-33.3876,120.0488,312.1,1,1,2014-03-26,1457,Terra,MODIS,84,6.2,275.7,15.5,N,0
-33.3707,118.3597,326.5,1,1,2014-03-26,1457,Terra,MODIS,100,6.2,270.9,27.2,N,0
-33.6135,118.4664,305.7,1,1,2014-03-26,1457,Terra,MODIS,65,6.2,277.8,9.4,N,0
-33.6811,118.4423,345.6,1,1,2014-03-26,1457,Terra,MODIS,100,6.2,277.7,56,N,0
-33.6241,118.4575,323.2,1,1,2014-03-26,1457,Terra,MODIS,100,6.2,279.2,23.1,N,0
-33.6225,118.4683,343.7,1,1,2014-03-26,1457,Terra,MODIS,100,6.2,282.5,51.8,N,0
-33.621,118.4791,335.5,1,1,2014-03-26,1457,Terra,MODIS,100,6.2,280.7,38.3,N,0
-33.4688,117.9914,311.8,1,1,2014-03-26,1457,Terra,MODIS,83,6.2,282.3,12.4,N,0
-33.6736,118.4296,315.7,1,1,2014-03-26,1457,Terra,MODIS,92,6.2,279.1,16.6,N,0
-33.6721,118.4404,333.4,1,1,2014-03-26,1457,Terra,MODIS,100,6.2,279.3,35.9,N,0
-33.6705,118.4512,320.7,1,1,2014-03-26,1457,Terra,MODIS,100,6.2,275.6,21.4,N,0
-33.6826,118.4315,311.6,1,1,2014-03-26,1457,Terra,MODIS,83,6.2,276.1,13.3,N,0
-33.0031,116.7518,310.9,1.1,1,2014-03-26,1457,Terra,MODIS,81,6.2,280.1,13.1,N,0
-31.8903,117.2516,314.4,1,1,2014-03-26,1458,Terra,MODIS,89,6.2,288.7,14,N,0
-31.8827,117.2391,304.1,1,1,2014-03-26,1458,Terra,MODIS,59,6.2,286.4,6.9,N,0
-31.8812,117.2499,339.5,1,1,2014-03-26,1458,Terra,MODIS,100,6.2,290.5,44.7,N,0
-21.0549,116.3462,309.2,1,1,2014-03-26,1501,Terra,MODIS,65,6.2,297.7,5.4,N,0
-18.7903,138.1884,316.5,1.5,1.2,2014-03-26,1630,Aqua,MODIS,93,6.2,294.8,23.2,N,0
-18.7793,138.1899,315.2,1.5,1.2,2014-03-26,1630,Aqua,MODIS,91,6.2,294.4,21.1,N,0
-18.8793,138.3686,305.1,1.6,1.2,2014-03-26,1630,Aqua,MODIS,63,6.2,294.7,9.5,N,0
-18.7863,138.1798,308.8,1.5,1.2,2014-03-26,1630,Aqua,MODIS,75,6.2,294.1,12.2,N,0
-18.7881,138.194,323.9,1.5,1.2,2014-03-26,1630,Aqua,MODIS,100,6.2,295.3,36.4,N,0
-17.9948,127.1742,311.8,2.2,1.4,2014-03-26,1630,Aqua,MODIS,50,6.2,294,28.8,N,0
-17.9986,127.1949,325.3,2.2,1.4,2014-03-26,1630,Aqua,MODIS,100,6.2,293.8,69.1,N,0
-17.9859,127.198,315.4,2.2,1.4,2014-03-26,1630,Aqua,MODIS,75,6.2,293.7,37.1,N,0
-17.9601,127.2026,315.7,2.2,1.4,2014-03-26,1630,Aqua,MODIS,74,6.2,294.5,37.4,N,0
-17.9512,127.2261,317.7,2.2,1.4,2014-03-26,1630,Aqua,MODIS,90,6.2,294.6,44.7,N,0
-17.9473,127.2051,311.4,2.2,1.4,2014-03-26,1630,Aqua,MODIS,35,6.2,295.3,27.4,N,0
-17.954,127.2331,310.8,2.2,1.4,2014-03-26,1630,Aqua,MODIS,58,6.2,293.4,27.9,N,0
-17.9503,127.2123,327.1,2.2,1.4,2014-03-26,1630,Aqua,MODIS,100,6.2,295.7,75.1,N,0
-17.982,127.1768,320.4,2.2,1.4,2014-03-26,1630,Aqua,MODIS,89,6.2,294.6,50.3,N,0
-22.0251,123.6433,302.2,3.3,1.7,2014-03-26,1631,Aqua,MODIS,48,6.2,290.8,30.6,N,0
-37.1413,149.146,317.2,1.2,1.1,2014-03-27,0020,Terra,MODIS,77,6.2,286,20.6,D,0
-12.807,131.0452,323.5,1.4,1.2,2014-03-27,0152,Terra,MODIS,74,6.2,305.7,20.7,D,0
-15.7352,130.9499,325,1.5,1.2,2014-03-27,0153,Terra,MODIS,73,6.2,309.5,19.5,D,0
-15.7334,130.9363,322,1.5,1.2,2014-03-27,0153,Terra,MODIS,67,6.2,310.6,13.9,D,0
-14.8809,130.5015,330.1,1.3,1.2,2014-03-27,0153,Terra,MODIS,74,6.2,307.3,25.5,D,0
-15.5763,130.5968,321.7,1.4,1.2,2014-03-27,0153,Terra,MODIS,52,6.2,310,11.1,D,0
-14.8825,130.5139,324.2,1.4,1.2,2014-03-27,0153,Terra,MODIS,43,6.2,307.3,14.9,D,0
-14.8848,130.5067,329.8,1.3,1.2,2014-03-27,0153,Terra,MODIS,79,6.2,308.4,27.1,D,0
-17.8862,128.1953,337.9,1.1,1,2014-03-27,0154,Terra,MODIS,85,6.2,310.5,28,D,0
-18.0048,127.1908,393.8,1,1,2014-03-27,0154,Terra,MODIS,100,6.2,318.8,210.7,D,0
-18.0062,127.2004,343.5,1,1,2014-03-27,0154,Terra,MODIS,89,6.2,312.8,35.1,D,0
-17.8474,127.3192,341.6,1,1,2014-03-27,0154,Terra,MODIS,88,6.2,312.6,34.4,D,0
-17.8723,128.203,328.6,1.1,1,2014-03-27,0154,Terra,MODIS,39,6.2,312,12.2,D,0
-17.8768,128.1965,332.7,1.1,1,2014-03-27,0154,Terra,MODIS,79,6.2,313.1,20.1,D,0
-17.8782,128.2068,328.2,1.1,1,2014-03-27,0154,Terra,MODIS,73,6.2,311.8,13.2,D,0
-17.846,127.3095,328.3,1,1,2014-03-27,0154,Terra,MODIS,72,6.2,311.1,14.1,D,0
-17.9635,127.2265,333.9,1,1,2014-03-27,0154,Terra,MODIS,77,6.2,312.3,18.4,D,0
-17.9739,127.2348,337.6,1,1,2014-03-27,0154,Terra,MODIS,79,6.2,311.2,23.6,D,0
-17.9858,127.2528,327.9,1,1,2014-03-27,0154,Terra,MODIS,67,6.2,313.2,12.5,D,0
-18.0035,127.1812,350.9,1,1,2014-03-27,0154,Terra,MODIS,94,6.2,312.8,51.5,D,0
-17.912,127.2502,338,1,1,2014-03-27,0154,Terra,MODIS,84,6.2,312.6,25.1,D,0
-17.917,127.2199,364.8,1,1,2014-03-27,0154,Terra,MODIS,100,6.2,309.1,92,D,0
-17.9093,127.2309,364.3,1,1,2014-03-27,0154,Terra,MODIS,100,6.2,317.8,88.3,D,0
-17.9184,127.2295,419.5,1,1,2014-03-27,0154,Terra,MODIS,100,6.2,320.4,393.6,D,0
-17.9198,127.2392,364,1,1,2014-03-27,0154,Terra,MODIS,100,6.2,313.5,85.9,D,0
-17.9043,127.2612,330.4,1,1,2014-03-27,0154,Terra,MODIS,61,6.2,312.9,15.2,D,0
-17.9016,127.2419,340.5,1,1,2014-03-27,0154,Terra,MODIS,84,6.2,313.8,29.4,D,0
-17.9543,127.2278,339.3,1,1,2014-03-27,0154,Terra,MODIS,86,6.2,311.2,27.8,D,0
-17.9002,127.2323,337.8,1,1,2014-03-27,0154,Terra,MODIS,84,6.2,312.2,27.3,D,0
-17.7581,127.3945,322.8,1,1,2014-03-27,0154,Terra,MODIS,47,6.2,310.2,6.3,D,0
-17.9079,127.2213,352.3,1,1,2014-03-27,0154,Terra,MODIS,95,6.2,311.7,57.6,D,0
-17.9107,127.2405,346.8,1,1,2014-03-27,0154,Terra,MODIS,92,6.2,317.1,40.9,D,0
-17.7595,127.4042,328.8,1,1,2014-03-27,0154,Terra,MODIS,73,6.2,310.1,13.3,D,0
-17.839,127.3171,332.7,1,1,2014-03-27,0154,Terra,MODIS,79,6.2,311.7,19.3,D,0
-17.8404,127.3267,329.2,1,1,2014-03-27,0154,Terra,MODIS,64,6.2,312.2,14,D,0
-16.6971,132.2708,325.2,1.9,1.3,2014-03-27,0154,Terra,MODIS,74,6.2,307.1,36.3,D,0
-18.0443,127.1489,333,1,1,2014-03-27,0154,Terra,MODIS,79,6.2,312,18.9,D,0
-18.0456,127.1585,327.2,1,1,2014-03-27,0154,Terra,MODIS,69,6.2,311.6,10.8,D,0
-19.3625,123.3559,327.3,1.2,1.1,2014-03-27,0155,Terra,MODIS,63,6.2,312,11.9,D,0
-22.0377,123.6252,342.3,1.1,1,2014-03-27,0155,Terra,MODIS,87,6.2,315.3,32.1,D,0
-22.0229,123.7116,342.1,1.1,1,2014-03-27,0155,Terra,MODIS,87,6.2,315.2,32.5,D,0
-22.0393,123.6354,334.9,1.1,1,2014-03-27,0155,Terra,MODIS,74,6.2,313.4,19.2,D,0
-19.3607,123.345,336.6,1.2,1.1,2014-03-27,0155,Terra,MODIS,83,6.2,311.5,27.7,D,0
-22.0453,123.6134,332.7,1.1,1,2014-03-27,0155,Terra,MODIS,63,6.2,312.4,16.6,D,0
-22.0469,123.6236,337.3,1.1,1,2014-03-27,0155,Terra,MODIS,82,6.2,312.7,24.1,D,0
-19.3788,123.274,327.8,1.2,1.1,2014-03-27,0155,Terra,MODIS,53,6.2,312.9,10.8,D,0
-19.377,123.263,326.5,1.2,1.1,2014-03-27,0155,Terra,MODIS,53,6.2,312.4,9.3,D,0
-21.4237,121.3168,324,1.4,1.2,2014-03-27,0155,Terra,MODIS,40,6.2,308.8,11.3,D,0
-22.955,122.5637,326.1,1.1,1.1,2014-03-27,0156,Terra,MODIS,66,6.2,310.7,12.2,D,0
-31.0806,116.7761,342.4,1.8,1.3,2014-03-27,0158,Terra,MODIS,91,6.2,300.1,87.9,D,0
-30.8089,116.7506,318.8,1.8,1.3,2014-03-27,0158,Terra,MODIS,68,6.2,299.8,13.9,D,0
-30.917,116.6092,330.3,1.8,1.3,2014-03-27,0158,Terra,MODIS,82,6.2,299.2,45.9,D,0
-30.9964,116.3557,318.5,1.9,1.3,2014-03-27,0158,Terra,MODIS,68,6.2,297,20.4,D,0
-30.6886,116.4227,345.9,1.9,1.4,2014-03-27,0158,Terra,MODIS,93,6.2,288.3,125,D,0
-31.0769,116.7575,326.7,1.8,1.3,2014-03-27,0158,Terra,MODIS,79,6.2,299.7,34.3,D,0
-31.1317,116.7232,332.7,1.8,1.3,2014-03-27,0158,Terra,MODIS,71,6.2,297.7,53.9,D,0
-31.1408,116.7345,324.3,1.8,1.3,2014-03-27,0158,Terra,MODIS,50,6.2,294.2,32.4,D,0
-30.8126,116.7692,319.9,1.8,1.3,2014-03-27,0158,Terra,MODIS,70,6.2,299.8,16.2,D,0
-32.0748,117.7807,322.7,1.5,1.2,2014-03-27,0158,Terra,MODIS,76,6.2,301.8,20.2,D,0
-33.2907,121.5204,311.8,1,1,2014-03-27,0158,Terra,MODIS,20,6.2,290.2,8.8,D,0
-30.9126,116.6164,320.2,1.8,1.3,2014-03-27,0158,Terra,MODIS,41,6.2,298.7,16.7,D,0
-31.0597,116.4831,320.8,1.9,1.3,2014-03-27,0158,Terra,MODIS,72,6.2,298.3,22.8,D,0
-30.9244,116.6132,325,1.8,1.3,2014-03-27,0158,Terra,MODIS,73,6.2,298.9,30.2,D,0
-32.963,117.7449,347.6,1.4,1.2,2014-03-27,0158,Terra,MODIS,94,6.2,300.8,83.5,D,0
-34.0204,117.9991,316.9,1.3,1.1,2014-03-27,0159,Terra,MODIS,65,6.2,301,8.4,D,0
-34.0076,117.9875,328.2,1.3,1.1,2014-03-27,0159,Terra,MODIS,82,6.2,301.4,25.8,D,0
-36.6727,141.0135,317.3,1,1,2014-03-27,0436,Aqua,MODIS,66,6.2,292.2,9.7,D,0
-37.4712,140.2259,318.3,1,1,2014-03-27,0436,Aqua,MODIS,73,6.2,300,8.4,D,0
-36.8968,141.1224,321.9,1,1,2014-03-27,0436,Aqua,MODIS,77,6.2,299.8,12.8,D,0
-35.3543,139.3118,323.9,1,1,2014-03-27,0436,Aqua,MODIS,0,6.2,303.3,11,D,0
-37.2624,140.2047,326.8,1,1,2014-03-27,0436,Aqua,MODIS,81,6.2,301.8,16.8,D,0
-37.2609,140.2162,327.2,1,1,2014-03-27,0436,Aqua,MODIS,81,6.2,302.5,17.4,D,0
-36.8952,141.1336,319.8,1,1,2014-03-27,0436,Aqua,MODIS,74,6.2,298.4,10.5,D,0
-37.3386,140.126,314.9,1,1,2014-03-27,0436,Aqua,MODIS,56,6.2,299.2,5,D,0
-37.248,139.9821,317,1,1,2014-03-27,0436,Aqua,MODIS,65,6.2,298,7.8,D,0
-37.2388,139.9802,313.8,1,1,2014-03-27,0436,Aqua,MODIS,34,6.2,298.6,4.9,D,0
-34.0783,135.8028,326,1.4,1.2,2014-03-27,0437,Aqua,MODIS,71,6.2,305.5,18.8,D,0
-34.0827,142.1219,317.7,1.1,1,2014-03-27,0437,Aqua,MODIS,41,6.2,300,7.3,D,0
-34.2187,135.9898,331.3,1.4,1.2,2014-03-27,0437,Aqua,MODIS,80,6.2,306.2,29.4,D,0
-34.0545,137.5975,318.1,1.1,1.1,2014-03-27,0437,Aqua,MODIS,62,6.2,302.8,6.9,D,0
-34.2639,135.9668,331.6,1.4,1.2,2014-03-27,0437,Aqua,MODIS,81,6.2,305.1,33,D,0
-34.4624,135.7144,321.7,1.4,1.2,2014-03-27,0437,Aqua,MODIS,74,6.2,305.4,14,D,0
-33.0004,137.5922,323.7,1.1,1.1,2014-03-27,0437,Aqua,MODIS,0,6.2,302.6,10.4,D,0
-34.1956,135.9492,325.7,1.4,1.2,2014-03-27,0437,Aqua,MODIS,73,6.2,303.2,18.7,D,0
-34.1221,135.9379,332.5,1.4,1.2,2014-03-27,0437,Aqua,MODIS,81,6.2,305.7,30.7,D,0
-34.0775,135.9097,322.8,1.4,1.2,2014-03-27,0437,Aqua,MODIS,67,6.2,305.3,13.4,D,0
-34.3856,137.7191,333.4,1.1,1.1,2014-03-27,0437,Aqua,MODIS,83,6.2,306.5,25,D,0
-34.2009,135.9568,324.9,1.4,1.2,2014-03-27,0437,Aqua,MODIS,72,6.2,302.9,18.2,D,0
-34.2082,135.988,339.7,1.4,1.2,2014-03-27,0437,Aqua,MODIS,88,6.2,306.7,48.6,D,0
-34.2098,135.9733,334.6,1.4,1.2,2014-03-27,0437,Aqua,MODIS,84,6.2,304.2,36.3,D,0
-34.376,137.7174,333.7,1.1,1.1,2014-03-27,0437,Aqua,MODIS,84,6.2,306.1,25.2,D,0
-34.2889,137.7582,333.9,1.1,1.1,2014-03-27,0437,Aqua,MODIS,84,6.2,308.5,24.9,D,0
-34.2778,137.7689,326.2,1.1,1.1,2014-03-27,0437,Aqua,MODIS,67,6.2,304.9,13.5,D,0
-34.2793,137.7566,334.8,1.1,1.1,2014-03-27,0437,Aqua,MODIS,85,6.2,304.4,27,D,0
-34.2808,137.7443,323.6,1.1,1.1,2014-03-27,0437,Aqua,MODIS,62,6.2,306.4,9.9,D,0
-34.1097,135.5091,334.3,1.4,1.2,2014-03-27,0437,Aqua,MODIS,83,6.2,305.1,38.6,D,0
-34.1113,135.4935,320.7,1.4,1.2,2014-03-27,0437,Aqua,MODIS,45,6.2,302.4,10.9,D,0
-34.3596,137.8524,374.4,1.1,1.1,2014-03-27,0437,Aqua,MODIS,100,6.2,310.9,141.9,D,0
-34.2024,135.942,318.3,1.4,1.2,2014-03-27,0437,Aqua,MODIS,44,6.2,303.6,8,D,0
-34.3581,137.8646,369.8,1.1,1.1,2014-03-27,0437,Aqua,MODIS,100,6.2,309.1,122.6,D,0
-34.1578,137.7348,333.6,1.1,1.1,2014-03-27,0437,Aqua,MODIS,79,6.2,299.6,30.2,D,0
-34.1483,137.7331,341.9,1.1,1.1,2014-03-27,0437,Aqua,MODIS,85,6.2,296.8,47.8,D,0
-34.0873,135.8196,322.2,1.4,1.2,2014-03-27,0437,Aqua,MODIS,66,6.2,306.4,12.3,D,0
-33.0019,137.5803,321.6,1.1,1.1,2014-03-27,0437,Aqua,MODIS,64,6.2,305.5,8.1,D,0
-32.9977,137.5863,320.4,1.1,1.1,2014-03-27,0437,Aqua,MODIS,0,6.2,305.2,7,D,0
-34.2203,135.975,328.6,1.4,1.2,2014-03-27,0437,Aqua,MODIS,77,6.2,305.2,24.3,D,0
-34.0767,135.8179,337.5,1.4,1.2,2014-03-27,0437,Aqua,MODIS,86,6.2,304.8,43.9,D,0
-18.6826,138.4325,326.8,1.1,1,2014-03-27,0441,Aqua,MODIS,47,6.2,309.3,10.9,D,0
-18.7743,138.3065,332.8,1.1,1,2014-03-27,0441,Aqua,MODIS,76,6.2,312.7,16.5,D,0
-18.8271,138.2737,327,1.1,1,2014-03-27,0441,Aqua,MODIS,63,6.2,312.1,8.5,D,0
-18.6057,138.0415,328.6,1.1,1,2014-03-27,0441,Aqua,MODIS,67,6.2,313.8,9.1,D,0
-18.8716,138.2773,332.7,1.1,1,2014-03-27,0441,Aqua,MODIS,75,6.2,314.2,15.3,D,0
-19.1876,138.4932,334.8,1.1,1,2014-03-27,0441,Aqua,MODIS,78,6.2,312.1,19.4,D,0
-18.8979,138.3551,332,1.1,1,2014-03-27,0441,Aqua,MODIS,75,6.2,311.8,14.5,D,0
-18.8456,138.2143,326.7,1.1,1,2014-03-27,0441,Aqua,MODIS,60,6.2,312.6,7.5,D,0
-18.259,125.4801,339.2,4.5,2,2014-03-27,0441,Aqua,MODIS,86,6.2,309.9,244.6,D,0
-18.2274,138.2072,333.3,1.1,1,2014-03-27,0441,Aqua,MODIS,78,6.2,311.8,17.1,D,0
-18.0432,127.1332,324.6,3.4,1.7,2014-03-27,0442,Aqua,MODIS,61,6.2,312,50.4,D,0
-14.4739,132.2747,331.6,1.3,1.1,2014-03-27,0442,Aqua,MODIS,77,6.2,315.2,24.6,D,0
-15.6897,133.3198,325.9,1.2,1.1,2014-03-27,0442,Aqua,MODIS,59,6.2,311.5,12.5,D,0
-15.6911,133.309,325.2,1.2,1.1,2014-03-27,0442,Aqua,MODIS,52,6.2,313.3,11.8,D,0
-18.0233,125.312,335,4.6,2,2014-03-27,0442,Aqua,MODIS,81,6.2,309,196.1,D,0
-18.024,125.3034,337.8,4.6,2,2014-03-27,0442,Aqua,MODIS,84,6.2,308.9,241.6,D,0
-18.027,125.2684,331.5,4.7,2,2014-03-27,0442,Aqua,MODIS,76,6.2,307.4,155.8,D,0
-18.0091,125.2668,336.9,4.7,2,2014-03-27,0442,Aqua,MODIS,83,6.2,308,231,D,0
-18.028,125.2598,328.3,4.7,2,2014-03-27,0442,Aqua,MODIS,71,6.2,307,123,D,0
-18.0101,125.2583,334.9,4.7,2,2014-03-27,0442,Aqua,MODIS,81,6.2,307.7,208.5,D,0
-18.0412,125.3138,357.5,4.6,2,2014-03-27,0442,Aqua,MODIS,98,6.2,310.6,604.4,D,0
-18.0378,125.3484,333.1,4.6,2,2014-03-27,0442,Aqua,MODIS,79,6.2,310.4,170.1,D,0
-18.0418,125.3051,350.5,4.6,2,2014-03-27,0442,Aqua,MODIS,94,6.2,309.9,454,D,0
-18.2075,125.2503,323.8,4.7,2,2014-03-27,0442,Aqua,MODIS,60,6.2,308.6,67.8,D,0
-18.2087,125.2428,322.9,4.7,2,2014-03-27,0442,Aqua,MODIS,54,6.2,308.9,60.4,D,0
-17.9296,127.2142,346.4,3.3,1.7,2014-03-27,0442,Aqua,MODIS,91,6.2,312.4,230.2,D,0
-17.9992,127.2569,352.9,3.3,1.7,2014-03-27,0442,Aqua,MODIS,96,6.2,310.7,307.9,D,0
-17.9172,127.1808,343.4,3.4,1.7,2014-03-27,0442,Aqua,MODIS,89,6.2,308.5,201.9,D,0
-15.5828,130.6052,334.1,1.7,1.3,2014-03-27,0442,Aqua,MODIS,75,6.2,312.8,42.2,D,0
-17.8953,127.2422,340,3.3,1.7,2014-03-27,0442,Aqua,MODIS,86,6.2,309.7,173.2,D,0
-15.5635,130.5979,334.1,1.7,1.3,2014-03-27,0442,Aqua,MODIS,80,6.2,315.1,39.6,D,0
-15.5847,130.5889,338.3,1.7,1.3,2014-03-27,0442,Aqua,MODIS,83,6.2,313.9,55.4,D,0
-17.8985,127.2104,342.8,3.3,1.7,2014-03-27,0442,Aqua,MODIS,88,6.2,308.5,203.8,D,0
-17.9274,127.1859,358.2,3.4,1.7,2014-03-27,0442,Aqua,MODIS,99,6.2,310.7,383.8,D,0
-15.5656,130.5816,338.9,1.7,1.3,2014-03-27,0442,Aqua,MODIS,86,6.2,316.6,54.9,D,0
-15.7487,130.9383,324.9,1.6,1.3,2014-03-27,0442,Aqua,MODIS,65,6.2,314.4,15.9,D,0
-18.2596,125.4765,337,4.5,2,2014-03-27,0442,Aqua,MODIS,83,6.2,309.9,216.5,D,0
-17.914,127.2124,365,3.3,1.7,2014-03-27,0442,Aqua,MODIS,100,6.2,311.7,498.9,D,0
-18.2063,125.4642,326.9,4.5,2,2014-03-27,0442,Aqua,MODIS,67,6.2,308,101.2,D,0
-18.224,125.4658,334.3,4.5,2,2014-03-27,0442,Aqua,MODIS,70,6.2,309.1,175,D,0
-18.2065,125.4716,342.1,4.5,2,2014-03-27,0442,Aqua,MODIS,88,6.2,309.1,288,D,0
-18.2242,125.4734,342.9,4.5,2,2014-03-27,0442,Aqua,MODIS,89,6.2,310.1,294.3,D,0
-18.0023,127.2257,349.5,3.3,1.7,2014-03-27,0442,Aqua,MODIS,93,6.2,309.9,267,D,0
-17.9399,127.2197,332.9,3.3,1.7,2014-03-27,0442,Aqua,MODIS,53,6.2,309.9,102.4,D,0
-17.9244,127.2179,369.4,3.3,1.7,2014-03-27,0442,Aqua,MODIS,100,6.2,313.7,572.3,D,0
-18.1847,125.5048,322.2,4.5,2,2014-03-27,0442,Aqua,MODIS,31,6.2,309,57.6,D,0
-18.2023,125.5064,359.6,4.5,2,2014-03-27,0442,Aqua,MODIS,99,6.2,312.7,631.4,D,0
-18.2028,125.5139,356.8,4.5,2,2014-03-27,0442,Aqua,MODIS,98,6.2,312.6,563.7,D,0
-18.22,125.5079,345.2,4.5,2,2014-03-27,0442,Aqua,MODIS,85,6.2,311.4,332.2,D,0
-18.2205,125.5155,336.2,4.5,2,2014-03-27,0442,Aqua,MODIS,68,6.2,310.5,196.8,D,0
-18.1984,125.5486,334.4,4.5,1.9,2014-03-27,0442,Aqua,MODIS,73,6.2,310.5,177.6,D,0
-18.2558,125.519,324,4.5,2,2014-03-27,0442,Aqua,MODIS,44,6.2,309.4,69.2,D,0
-18.1852,125.5123,328.8,4.5,2,2014-03-27,0442,Aqua,MODIS,73,6.2,309.2,127.6,D,0
-12.8107,131.0481,319.3,1.5,1.2,2014-03-27,0443,Aqua,MODIS,55,6.2,308.4,11.5,D,0
-13.2718,131.1948,329.1,1.4,1.2,2014-03-27,0443,Aqua,MODIS,78,6.2,313.5,25.8,D,0
-33.8516,120.552,318.1,1.5,1.2,2014-03-27,0615,Aqua,MODIS,38,6.2,299.7,12.8,D,0
-33.8409,120.5491,323.8,1.5,1.2,2014-03-27,0616,Aqua,MODIS,78,6.2,300.9,22.4,D,0
-31.2591,117.1894,337.2,1.1,1.1,2014-03-27,0616,Aqua,MODIS,85,6.2,311.3,23.9,D,0
-32.7982,117.3778,325.4,1.1,1,2014-03-27,0616,Aqua,MODIS,56,6.2,304.9,10.7,D,0
-32.8076,117.3799,325.7,1.1,1,2014-03-27,0616,Aqua,MODIS,66,6.2,307,11.4,D,0
-32.3666,118.6063,368.8,1.2,1.1,2014-03-27,0616,Aqua,MODIS,100,6.2,315.4,130.8,D,0
-32.1976,118.0187,328.2,1.2,1.1,2014-03-27,0616,Aqua,MODIS,73,6.2,306,13.1,D,0
-32.3643,118.6193,358.3,1.2,1.1,2014-03-27,0616,Aqua,MODIS,99,6.2,311.9,89,D,0
-31.392,117.2975,332.1,1.1,1.1,2014-03-27,0616,Aqua,MODIS,79,6.2,308.6,18.5,D,0
-30.9336,116.3975,332.6,1.1,1,2014-03-27,0616,Aqua,MODIS,0,6.2,298.9,24.2,D,0
-32.5879,117.8937,329.4,1.1,1.1,2014-03-27,0616,Aqua,MODIS,75,6.2,310.2,14.4,D,0
-32.5899,117.8816,329,1.1,1.1,2014-03-27,0616,Aqua,MODIS,74,6.2,307.8,14,D,0
-31.268,116.3971,329.6,1,1,2014-03-27,0616,Aqua,MODIS,71,6.2,304.7,17.5,D,0
-32.2896,118.991,325.7,1.3,1.1,2014-03-27,0616,Aqua,MODIS,60,6.2,308.4,11.6,D,0
-31.3018,116.7666,340.6,1.1,1,2014-03-27,0616,Aqua,MODIS,88,6.2,305.1,33.6,D,0
-32.2795,118.9885,326.6,1.3,1.1,2014-03-27,0616,Aqua,MODIS,62,6.2,309.3,12.6,D,0
-31.3373,116.4178,328.9,1,1,2014-03-27,0616,Aqua,MODIS,75,6.2,306,18,D,0
-32.7809,117.6039,328.6,1.1,1,2014-03-27,0616,Aqua,MODIS,65,6.2,308.6,14.7,D,0
-32.3274,118.3483,329,1.2,1.1,2014-03-27,0616,Aqua,MODIS,75,6.2,310.2,14,D,0
-32.3295,118.3355,328.2,1.2,1.1,2014-03-27,0616,Aqua,MODIS,73,6.2,311.7,12.2,D,0
-32.5682,117.3914,327.1,1.1,1,2014-03-27,0616,Aqua,MODIS,71,6.2,305.4,12.1,D,0
-32.9005,118.6109,332.2,1.2,1.1,2014-03-27,0616,Aqua,MODIS,77,6.2,310,21.2,D,0
-32.5512,117.4965,324.9,1.1,1,2014-03-27,0616,Aqua,MODIS,46,6.2,308,6.8,D,0
-31.2503,116.8486,328.2,1.1,1,2014-03-27,0616,Aqua,MODIS,70,6.2,299.8,16.5,D,0
-32.6762,118.2338,340.7,1.2,1.1,2014-03-27,0616,Aqua,MODIS,88,6.2,309.5,38,D,0
-31.3707,116.8582,329.4,1.1,1,2014-03-27,0616,Aqua,MODIS,62,6.2,305.1,13,D,0
-31.3725,116.8469,349.7,1.1,1,2014-03-27,0616,Aqua,MODIS,94,6.2,309,51.4,D,0
-31.3632,116.8448,338.4,1.1,1,2014-03-27,0616,Aqua,MODIS,86,6.2,305.5,27.9,D,0
-32.6884,117.8488,330.1,1.1,1.1,2014-03-27,0616,Aqua,MODIS,63,6.2,309.9,14.4,D,0
-32.0654,117.7597,331.5,1.1,1.1,2014-03-27,0616,Aqua,MODIS,78,6.2,311.3,17.1,D,0
-33.2269,118.8657,328.5,1.2,1.1,2014-03-27,0616,Aqua,MODIS,47,6.2,309.2,21.2,D,0
-32.138,118.1337,329.5,1.2,1.1,2014-03-27,0616,Aqua,MODIS,65,6.2,309,16.2,D,0
-32.075,117.7619,326.6,1.1,1.1,2014-03-27,0616,Aqua,MODIS,58,6.2,310.4,9.8,D,0
-31.3023,117.0435,331.6,1.1,1,2014-03-27,0616,Aqua,MODIS,78,6.2,308.4,15.1,D,0
-33.2427,117.6088,331.9,1.1,1,2014-03-27,0616,Aqua,MODIS,80,6.2,304.8,20.9,D,0
-33.0913,116.938,328.5,1.1,1,2014-03-27,0616,Aqua,MODIS,76,6.2,308.1,13.9,D,0
-32.7972,117.9494,328.7,1.1,1.1,2014-03-27,0616,Aqua,MODIS,74,6.2,307.7,15.1,D,0
-31.93,118.2686,332.1,1.2,1.1,2014-03-27,0616,Aqua,MODIS,79,6.2,310,20.1,D,0
-33.3706,119.9273,329.1,1.4,1.2,2014-03-27,0616,Aqua,MODIS,79,6.2,302.5,26.5,D,0
-33.4548,117.8236,327.2,1.1,1.1,2014-03-27,0616,Aqua,MODIS,35,6.2,301.8,16.9,D,0
-32.7952,117.9615,326.9,1.1,1.1,2014-03-27,0616,Aqua,MODIS,71,6.2,307.1,12.2,D,0
-34.1491,116.9497,339.5,1,1,2014-03-27,0616,Aqua,MODIS,89,6.2,305.7,33,D,0
-31.492,117.3753,328.5,1.1,1.1,2014-03-27,0616,Aqua,MODIS,73,6.2,310.4,10,D,0
-31.4942,117.3815,328.6,1.1,1.1,2014-03-27,0616,Aqua,MODIS,64,6.2,309.7,8.5,D,0
-33.341,118.0152,323.2,1.1,1.1,2014-03-27,0616,Aqua,MODIS,62,6.2,305.7,8.6,D,0
-34.1436,116.9429,322.5,1,1,2014-03-27,0616,Aqua,MODIS,54,6.2,304.8,12,D,0
-33.0698,116.7716,338.3,1,1,2014-03-27,0616,Aqua,MODIS,86,6.2,306.6,28.6,D,0
-33.0681,116.7827,323.7,1,1,2014-03-27,0616,Aqua,MODIS,62,6.2,306.5,8.3,D,0
-33.079,116.7737,330.4,1,1,2014-03-27,0616,Aqua,MODIS,78,6.2,308.1,16.3,D,0
-33.3676,119.918,334.4,1.4,1.2,2014-03-27,0616,Aqua,MODIS,85,6.2,302.7,38.1,D,0
-33.2521,117.611,331.1,1.1,1,2014-03-27,0616,Aqua,MODIS,79,6.2,304.4,19.4,D,0
-33.378,119.9207,333.5,1.4,1.2,2014-03-27,0616,Aqua,MODIS,84,6.2,303.2,36.2,D,0
-33.3733,119.9125,326.9,1.4,1.2,2014-03-27,0616,Aqua,MODIS,76,6.2,304.1,22.2,D,0
-28.3687,114.9749,338.9,1,1,2014-03-27,0617,Aqua,MODIS,44,6.2,310.1,27.3,D,0
-28.3607,114.9783,338.5,1,1,2014-03-27,0617,Aqua,MODIS,61,6.2,311.9,27.8,D,0
-28.3623,114.9679,341.6,1,1,2014-03-27,0617,Aqua,MODIS,78,6.2,313.7,32.3,D,0
-21.0058,117.4203,341.7,1.7,1.3,2014-03-27,0619,Aqua,MODIS,86,6.2,302,68.2,D,0
-21.0085,117.4046,331.4,1.6,1.3,2014-03-27,0619,Aqua,MODIS,49,6.2,303.8,34.1,D,0
-20.5218,118.4476,358.8,2,1.4,2014-03-27,0619,Aqua,MODIS,0,6.2,290.8,209.7,D,0
-20.506,118.464,335.6,2,1.4,2014-03-27,0619,Aqua,MODIS,0,6.2,288.6,80.6,D,0
-20.9549,117.6429,330.8,1.7,1.3,2014-03-27,0619,Aqua,MODIS,59,6.2,294.6,48.5,D,0
-20.882,117.7421,362.1,1.8,1.3,2014-03-27,0619,Aqua,MODIS,100,6.2,291.1,190.3,D,0
-20.8704,117.7398,339.7,1.8,1.3,2014-03-27,0619,Aqua,MODIS,87,6.2,290.9,78.4,D,0
-20.8733,117.7231,319.7,1.7,1.3,2014-03-27,0619,Aqua,MODIS,23,6.2,286.3,23,D,0
-19.3681,123.2441,342.1,4.7,2,2014-03-27,0619,Aqua,MODIS,91,6.2,304.7,340.9,D,0
-19.3673,123.2516,349.4,4.7,2,2014-03-27,0619,Aqua,MODIS,95,6.2,306,471.7,D,0
-19.3589,123.2883,337,4.7,2,2014-03-27,0619,Aqua,MODIS,88,6.2,305.3,263.4,D,0
-19.3579,123.2958,330.3,4.7,2,2014-03-27,0619,Aqua,MODIS,72,6.2,304.7,173,D,0
-21.176,116.779,325,1.5,1.2,2014-03-27,0619,Aqua,MODIS,57,6.2,301.5,14.8,D,0
-17.876,127.2393,328.9,1,1,2014-03-27,1406,Terra,MODIS,100,6.2,296.6,28.5,N,0
-17.8774,127.2294,321.7,1,1,2014-03-27,1406,Terra,MODIS,100,6.2,296,19.5,N,0
-18.0059,127.2208,317.2,1,1,2014-03-27,1406,Terra,MODIS,95,6.2,295.1,14.6,N,0
-18.0046,127.2307,328.2,1,1,2014-03-27,1406,Terra,MODIS,100,6.2,296.7,27.3,N,0
-17.7353,127.3913,308.4,1,1,2014-03-27,1406,Terra,MODIS,74,6.2,295.5,7.7,N,0
-17.9757,127.2364,306.6,1,1,2014-03-27,1406,Terra,MODIS,55,6.2,292.7,6.4,N,0
-17.9679,127.2394,313.9,1,1,2014-03-27,1406,Terra,MODIS,81,6.2,293.9,11.8,N,0
-17.9417,127.2256,311.5,1,1,2014-03-27,1406,Terra,MODIS,83,6.2,296.6,9.2,N,0
-18.0032,127.2405,305.8,1,1,2014-03-27,1406,Terra,MODIS,66,6.2,294.5,6.1,N,0
-17.9587,127.2381,314.3,1,1,2014-03-27,1406,Terra,MODIS,89,6.2,295.1,12.4,N,0
-17.96,127.2283,308,1,1,2014-03-27,1406,Terra,MODIS,59,6.2,296,7.1,N,0
-17.8971,127.2086,305.5,1,1,2014-03-27,1406,Terra,MODIS,55,6.2,294.8,4.9,N,0
-17.9495,127.2368,306.8,1,1,2014-03-27,1406,Terra,MODIS,42,6.2,294.5,6.3,N,0
-17.9508,127.227,312.9,1,1,2014-03-27,1406,Terra,MODIS,86,6.2,296.5,10.5,N,0
-17.9088,127.2606,307.5,1,1,2014-03-27,1406,Terra,MODIS,72,6.2,293.3,7.6,N,0
-15.7541,130.9323,316.6,1.2,1.1,2014-03-27,1406,Terra,MODIS,93,6.2,296.9,17.2,N,0
-15.7559,130.9208,315.7,1.2,1.1,2014-03-27,1406,Terra,MODIS,92,6.2,297.2,16.1,N,0
-17.8839,127.2368,325,1,1,2014-03-27,1406,Terra,MODIS,100,6.2,296.2,22.8,N,0
-17.8747,127.2491,322.7,1,1,2014-03-27,1406,Terra,MODIS,100,6.2,295.3,21.2,N,0
-18.0048,127.2172,323.5,1.4,1.2,2014-03-27,1713,Aqua,MODIS,100,6.2,292.7,35.1,N,0
-18.0083,127.2444,306.3,1.4,1.2,2014-03-27,1713,Aqua,MODIS,67,6.2,293.3,12.1,N,0
-17.953,127.2374,312.9,1.4,1.2,2014-03-27,1713,Aqua,MODIS,68,6.2,294.7,18.3,N,0
-18.0066,127.2308,355.4,1.4,1.2,2014-03-27,1713,Aqua,MODIS,100,6.2,297.1,127.7,N,0
-17.9637,127.2361,305.5,1.4,1.2,2014-03-27,1713,Aqua,MODIS,30,6.2,293.6,10,N,0
-17.8735,127.2411,312.7,1.4,1.2,2014-03-27,1713,Aqua,MODIS,85,6.2,294,18.6,N,0
-17.9423,127.2386,308.3,1.4,1.2,2014-03-27,1713,Aqua,MODIS,66,6.2,294.5,13.4,N,0
-20.1239,119.0465,308.9,1.3,1.1,2014-03-27,1713,Aqua,MODIS,76,6.2,287.8,11.8,N,0
-18.0107,127.2246,336,1.4,1.2,2014-03-27,1713,Aqua,MODIS,100,6.2,295.2,63.1,N,0
-18.0123,127.2382,310.6,1.4,1.2,2014-03-27,1713,Aqua,MODIS,80,6.2,294.1,16.3,N,0
-30.8655,121.4927,308.5,1,1,2014-03-27,1716,Aqua,MODIS,75,6.2,287.8,11.3,N,2
-9.3924,142.6471,330.1,1,1,2014-03-28,0056,Terra,MODIS,83,6.2,298.3,22.8,D,0
-17.0915,139.1219,316,1,1,2014-03-28,0058,Terra,MODIS,0,6.2,300.2,7.4,D,0
-18.8984,138.3485,348.2,1.1,1,2014-03-28,0059,Terra,MODIS,93,6.2,307.1,48.9,D,0
-18.8999,138.3585,328.5,1.1,1,2014-03-28,0059,Terra,MODIS,73,6.2,307.7,14.4,D,0
-18.6083,141.1749,320.5,1,1,2014-03-28,0059,Terra,MODIS,11,6.2,301.8,10.1,D,0
-18.4342,138.2254,334.1,1.1,1,2014-03-28,0059,Terra,MODIS,81,6.2,307.8,22.8,D,0
-34.564,137.8017,322.4,1.1,1,2014-03-28,0103,Terra,MODIS,74,6.2,301.8,12,D,0
-34.2176,137.7379,323.9,1.1,1,2014-03-28,0103,Terra,MODIS,75,6.2,303.9,12.1,D,0
-34.7148,137.8152,328.4,1.1,1,2014-03-28,0103,Terra,MODIS,81,6.2,299.2,22.5,D,0
-18.0439,125.2823,322.5,3.9,1.8,2014-03-28,0237,Terra,MODIS,69,6.2,305.4,60.4,D,0
-18.0494,125.2744,319.5,3.9,1.8,2014-03-28,0237,Terra,MODIS,58,6.2,305.4,39.9,D,0
-18.0476,125.3192,325.4,3.9,1.8,2014-03-28,0237,Terra,MODIS,74,6.2,307,80.3,D,0
-18.0529,125.3114,328.8,3.9,1.8,2014-03-28,0237,Terra,MODIS,78,6.2,306.1,109.2,D,0
-20.0702,119.018,338.2,1.4,1.2,2014-03-28,0238,Terra,MODIS,87,6.2,300.7,49.6,D,0
-20.0719,119.0317,342.5,1.4,1.2,2014-03-28,0238,Terra,MODIS,90,6.2,302.6,60.8,D,0
-20.0739,119.0108,344.8,1.4,1.2,2014-03-28,0238,Terra,MODIS,91,6.2,301.5,68.9,D,0
-20.0756,119.0245,387.6,1.4,1.2,2014-03-28,0238,Terra,MODIS,100,6.2,307.2,295.9,D,0
-20.0772,119.0381,331,1.4,1.2,2014-03-28,0238,Terra,MODIS,80,6.2,303.1,29.1,D,0
-20.0846,119.0094,371.1,1.4,1.2,2014-03-28,0238,Terra,MODIS,100,6.2,303,184.3,D,0
-20.0863,119.023,393.9,1.4,1.2,2014-03-28,0238,Terra,MODIS,100,6.2,309.8,348.5,D,0
-20.0879,119.0367,333.8,1.4,1.2,2014-03-28,0238,Terra,MODIS,83,6.2,305.8,35.8,D,0
-20.0969,119.0216,368,1.4,1.2,2014-03-28,0238,Terra,MODIS,100,6.2,306.7,163.4,D,0
-20.0986,119.0353,336.1,1.4,1.2,2014-03-28,0238,Terra,MODIS,85,6.2,308.4,39.6,D,0
-20.1076,119.0201,351.3,1.4,1.2,2014-03-28,0238,Terra,MODIS,95,6.2,304.8,85.3,D,0
-20.1093,119.0338,362,1.4,1.2,2014-03-28,0238,Terra,MODIS,100,6.2,309.8,129.2,D,0
-20.1183,119.0187,335.3,1.4,1.2,2014-03-28,0238,Terra,MODIS,73,6.2,303.8,36.6,D,0
-20.12,119.0324,365.6,1.4,1.2,2014-03-28,0238,Terra,MODIS,100,6.2,308.3,147.7,D,0
-20.4155,118.6415,355,1.4,1.2,2014-03-28,0238,Terra,MODIS,97,6.2,309.1,89.4,D,0
-20.4172,118.6545,334.1,1.4,1.2,2014-03-28,0238,Terra,MODIS,58,6.2,310.1,26.3,D,0
-20.4244,118.627,329,1.4,1.2,2014-03-28,0238,Terra,MODIS,49,6.2,304.2,21.1,D,0
-20.426,118.64,358.4,1.4,1.2,2014-03-28,0238,Terra,MODIS,99,6.2,310.2,102.5,D,0
-20.4364,118.6386,381.8,1.4,1.2,2014-03-28,0238,Terra,MODIS,100,6.2,309.1,229.3,D,0
-20.4397,118.6648,343,1.4,1.2,2014-03-28,0238,Terra,MODIS,90,6.2,309.3,48.6,D,0
-20.4469,118.6372,375.1,1.4,1.2,2014-03-28,0238,Terra,MODIS,100,6.2,308.1,190.2,D,0
-20.4502,118.6633,347.6,1.4,1.2,2014-03-28,0238,Terra,MODIS,93,6.2,308.3,64,D,0
-28.1894,114.5838,328.1,1.1,1,2014-03-28,0240,Terra,MODIS,69,6.2,311.1,11.6,D,0
-27.0611,114.3361,326.8,1,1,2014-03-28,0240,Terra,MODIS,66,6.2,308.2,10.6,D,0
-29.3656,115.7024,326.4,1.2,1.1,2014-03-28,0240,Terra,MODIS,66,6.2,309.9,11.5,D,0
-29.2116,115.2783,346.7,1.1,1.1,2014-03-28,0240,Terra,MODIS,91,6.2,311.5,47,D,0
-29.4066,115.7087,348.5,1.2,1.1,2014-03-28,0240,Terra,MODIS,93,6.2,310.9,56.7,D,0
-28.6375,115.0083,341.3,1.1,1,2014-03-28,0240,Terra,MODIS,87,6.2,312.7,32,D,0
-28.6148,115.0178,346.4,1.1,1,2014-03-28,0240,Terra,MODIS,91,6.2,314.4,42.4,D,0
-29.2287,115.3357,329,1.2,1.1,2014-03-28,0240,Terra,MODIS,70,6.2,310.6,13.5,D,0
-28.6163,115.0291,331.1,1.1,1,2014-03-28,0240,Terra,MODIS,49,6.2,311.9,13.2,D,0
-29.4082,115.7212,329.3,1.2,1.1,2014-03-28,0240,Terra,MODIS,73,6.2,310.7,15.2,D,0
-28.6186,115.0113,356.5,1.1,1,2014-03-28,0240,Terra,MODIS,98,6.2,315.1,68.5,D,0
-28.6201,115.0226,351.7,1.1,1,2014-03-28,0240,Terra,MODIS,95,6.2,314.9,54.5,D,0
-28.6266,114.9985,326.9,1.1,1,2014-03-28,0240,Terra,MODIS,51,6.2,309.7,9.3,D,0
-28.6281,115.0098,349.2,1.1,1,2014-03-28,0240,Terra,MODIS,93,6.2,312.8,50.3,D,0
-28.6295,115.0211,328,1.1,1,2014-03-28,0240,Terra,MODIS,57,6.2,311.7,9.5,D,0
-28.636,114.9969,346.8,1.1,1,2014-03-28,0240,Terra,MODIS,91,6.2,311.8,44.2,D,0
-28.5864,115.0223,331.1,1.1,1,2014-03-28,0240,Terra,MODIS,75,6.2,311.5,15.2,D,0
-27.9112,114.7708,326.9,1.1,1,2014-03-28,0240,Terra,MODIS,66,6.2,311,9.2,D,0
-28.5958,115.0208,332.9,1.1,1,2014-03-28,0240,Terra,MODIS,64,6.2,311.3,16.3,D,0
-30.8596,116.4954,334.1,1.4,1.2,2014-03-28,0241,Terra,MODIS,81,6.2,307.6,31.8,D,0
-31.7449,117.3064,322.4,1.6,1.2,2014-03-28,0241,Terra,MODIS,68,6.2,307.3,16.5,D,0
-30.7346,116.2034,322.7,1.3,1.1,2014-03-28,0241,Terra,MODIS,40,6.2,306.9,10.7,D,0
-30.759,116.1436,354,1.3,1.1,2014-03-28,0241,Terra,MODIS,96,6.2,309,87.1,D,0
-30.5531,116.9098,329.8,1.4,1.2,2014-03-28,0241,Terra,MODIS,75,6.2,308.2,23.7,D,0
-30.5514,116.8946,331.2,1.4,1.2,2014-03-28,0241,Terra,MODIS,77,6.2,308.6,26.8,D,0
-30.6697,115.8288,324.6,1.3,1.1,2014-03-28,0241,Terra,MODIS,65,6.2,306.5,14.8,D,0
-30.6682,115.8157,332.1,1.3,1.1,2014-03-28,0241,Terra,MODIS,78,6.2,306.7,27.5,D,0
-31.0799,116.7357,333,1.4,1.2,2014-03-28,0241,Terra,MODIS,80,6.2,308.7,30,D,0
-31.0816,116.7507,345.6,1.4,1.2,2014-03-28,0241,Terra,MODIS,91,6.2,310.5,65.6,D,0
-30.368,118.0435,325.7,1.7,1.3,2014-03-28,0241,Terra,MODIS,70,6.2,307.5,20.3,D,0
-30.702,116.9068,328.9,1.4,1.2,2014-03-28,0241,Terra,MODIS,74,6.2,308.6,23.3,D,0
-30.733,116.1896,342.3,1.3,1.1,2014-03-28,0241,Terra,MODIS,89,6.2,308.6,50.9,D,0
-30.7314,116.1759,323.6,1.3,1.1,2014-03-28,0241,Terra,MODIS,51,6.2,306.2,11.3,D,0
-30.7674,116.1505,375.3,1.3,1.1,2014-03-28,0241,Terra,MODIS,100,6.2,313,182.8,D,0
-32.4223,118.4104,329.4,1.9,1.3,2014-03-28,0241,Terra,MODIS,81,6.2,303.6,46,D,0
-30.7658,116.1368,343.6,1.3,1.1,2014-03-28,0241,Terra,MODIS,90,6.2,306.5,55.3,D,0
-30.449,116.4646,323.1,1.4,1.2,2014-03-28,0241,Terra,MODIS,59,6.2,307.5,8.7,D,0
-30.4506,116.4787,326.4,1.4,1.2,2014-03-28,0241,Terra,MODIS,69,6.2,308,13.6,D,0
-30.4747,116.504,328.3,1.4,1.2,2014-03-28,0241,Terra,MODIS,73,6.2,308.7,16.9,D,0
-30.4764,116.5182,325.9,1.4,1.2,2014-03-28,0241,Terra,MODIS,68,6.2,308.9,13,D,0
-30.7227,116.1912,338.1,1.3,1.1,2014-03-28,0241,Terra,MODIS,85,6.2,309.5,39.6,D,0
-30.7564,116.2996,322.5,1.3,1.1,2014-03-28,0241,Terra,MODIS,58,6.2,307.4,9.8,D,0
-30.758,116.3135,326.5,1.3,1.1,2014-03-28,0241,Terra,MODIS,70,6.2,308,16.5,D,0
-30.771,116.1558,356.1,1.3,1.1,2014-03-28,0241,Terra,MODIS,97,6.2,309.2,94.1,D,0
-31.5369,117.9376,321.5,1.7,1.3,2014-03-28,0241,Terra,MODIS,66,6.2,306.6,15.1,D,0
-32.1929,118.0349,323.1,1.8,1.3,2014-03-28,0241,Terra,MODIS,73,6.2,303,23.6,D,0
-32.1948,118.054,330.7,1.8,1.3,2014-03-28,0241,Terra,MODIS,82,6.2,303.7,44.7,D,0
-32.2725,117.9226,320.4,1.8,1.3,2014-03-28,0241,Terra,MODIS,68,6.2,304.8,16.2,D,0
-32.2843,117.9213,332.1,1.8,1.3,2014-03-28,0241,Terra,MODIS,83,6.2,306.2,46.5,D,0
-30.429,116.0202,330.1,1.3,1.1,2014-03-28,0241,Terra,MODIS,75,6.2,306.9,24.4,D,0
-32.4044,119.2029,326.1,2.1,1.4,2014-03-28,0241,Terra,MODIS,77,6.2,303.3,42,D,0
-32.3756,119.3229,328.6,2.2,1.4,2014-03-28,0241,Terra,MODIS,80,6.2,304.3,54.6,D,0
-32.3736,119.2995,320.8,2.2,1.4,2014-03-28,0241,Terra,MODIS,69,6.2,304,25.5,D,0
-32.3778,119.3283,324.7,2.2,1.4,2014-03-28,0241,Terra,MODIS,69,6.2,303.9,39.6,D,0
-32.3757,119.3049,328.7,2.2,1.4,2014-03-28,0241,Terra,MODIS,80,6.2,304.4,51.2,D,0
-32.1829,118.0554,330.5,1.8,1.3,2014-03-28,0241,Terra,MODIS,81,6.2,304.6,44,D,0
-31.0361,117.8168,322.4,1.7,1.3,2014-03-28,0241,Terra,MODIS,43,6.2,306.8,13.2,D,0
-31.0343,117.7991,333.6,1.7,1.3,2014-03-28,0241,Terra,MODIS,82,6.2,307.9,41.8,D,0
-31.0373,117.8053,335.9,1.7,1.3,2014-03-28,0241,Terra,MODIS,84,6.2,307.7,49.5,D,0
-31.0355,117.7878,322.5,1.7,1.3,2014-03-28,0241,Terra,MODIS,62,6.2,307.1,14,D,0
-30.7607,116.1574,339.9,1.3,1.1,2014-03-28,0241,Terra,MODIS,87,6.2,309.5,44.8,D,0
-30.7439,116.5626,328.7,1.4,1.2,2014-03-28,0241,Terra,MODIS,64,6.2,307.9,21.1,D,0
-30.7423,116.5481,323.7,1.4,1.2,2014-03-28,0241,Terra,MODIS,54,6.2,308.6,11.2,D,0
-30.7337,116.7047,327.7,1.4,1.2,2014-03-28,0241,Terra,MODIS,72,6.2,307.7,18.6,D,0
-30.7213,116.6914,326.4,1.4,1.2,2014-03-28,0241,Terra,MODIS,69,6.2,308.8,15.7,D,0
-32.5392,117.5166,325.1,1.7,1.3,2014-03-28,0241,Terra,MODIS,76,6.2,304.1,24.8,D,0
-32.5507,117.515,320.6,1.7,1.3,2014-03-28,0241,Terra,MODIS,69,6.2,303.5,14.9,D,0
-32.5476,117.5095,328.2,1.7,1.3,2014-03-28,0241,Terra,MODIS,79,6.2,303.9,31.8,D,0
-32.5494,117.5272,319.5,1.7,1.3,2014-03-28,0241,Terra,MODIS,54,6.2,303.5,12.4,D,0
-30.3167,116.1726,328.6,1.3,1.1,2014-03-28,0241,Terra,MODIS,72,6.2,307.5,17,D,0
-30.3235,116.1651,336.2,1.3,1.1,2014-03-28,0241,Terra,MODIS,83,6.2,307.7,33.9,D,0
-30.3251,116.1787,327.2,1.3,1.1,2014-03-28,0241,Terra,MODIS,70,6.2,307.3,16.1,D,0
-31.1608,116.5507,330.6,1.4,1.2,2014-03-28,0241,Terra,MODIS,78,6.2,310.9,24.2,D,0
-31.1625,116.5654,328.5,1.4,1.2,2014-03-28,0241,Terra,MODIS,74,6.2,309.3,19.9,D,0
-31.3168,116.6059,323.6,1.4,1.2,2014-03-28,0241,Terra,MODIS,66,6.2,307.8,15.3,D,0
-30.6373,116.7543,333,1.4,1.2,2014-03-28,0241,Terra,MODIS,80,6.2,308.8,30.3,D,0
-30.639,116.7691,323.1,1.4,1.2,2014-03-28,0241,Terra,MODIS,60,6.2,307.6,10.1,D,0
-29.9985,116.2392,325.4,1.3,1.1,2014-03-28,0241,Terra,MODIS,65,6.2,309.7,10.5,D,0
-30.7693,116.1421,361,1.3,1.1,2014-03-28,0241,Terra,MODIS,100,6.2,307.4,113.5,D,0
-33.5036,118.7941,317.1,2.1,1.4,2014-03-28,0241,Terra,MODIS,53,6.2,299.4,14,D,0
-30.8959,116.4835,331.7,1.4,1.2,2014-03-28,0241,Terra,MODIS,78,6.2,308.2,26.9,D,0
-30.8943,116.4691,345.4,1.4,1.2,2014-03-28,0241,Terra,MODIS,91,6.2,307.1,62.4,D,0
-30.8895,116.4762,360,1.4,1.2,2014-03-28,0241,Terra,MODIS,99,6.2,310.7,115.8,D,0
-30.8878,116.4619,326.2,1.4,1.2,2014-03-28,0241,Terra,MODIS,69,6.2,307.3,16.6,D,0
-30.8613,116.5098,370.8,1.4,1.2,2014-03-28,0241,Terra,MODIS,100,6.2,310.5,168.4,D,0
-31.663,116.7694,322.1,1.5,1.2,2014-03-28,0241,Terra,MODIS,66,6.2,308.6,11.1,D,0
-31.7552,116.7811,344.2,1.5,1.2,2014-03-28,0241,Terra,MODIS,91,6.2,309.6,67.1,D,0
-31.7535,116.7654,342.6,1.5,1.2,2014-03-28,0241,Terra,MODIS,90,6.2,308.3,61.7,D,0
-33.1874,117.3242,328.3,1.7,1.3,2014-03-28,0241,Terra,MODIS,80,6.2,303.6,35.5,D,0
-33.1856,117.3064,319,1.6,1.3,2014-03-28,0241,Terra,MODIS,67,6.2,304.2,14.3,D,0
-31.509,116.7974,320.8,1.5,1.2,2014-03-28,0241,Terra,MODIS,61,6.2,307.2,9.8,D,0
-32.9664,117.7247,325.3,1.7,1.3,2014-03-28,0241,Terra,MODIS,76,6.2,303.4,27.5,D,0
-31.7994,118.2718,320.7,1.8,1.3,2014-03-28,0241,Terra,MODIS,66,6.2,306.8,15,D,0
-31.9544,118.0084,349.9,1.8,1.3,2014-03-28,0241,Terra,MODIS,95,6.2,305.4,119.5,D,0
-32.9547,117.7263,324.9,1.7,1.3,2014-03-28,0241,Terra,MODIS,75,6.2,304.6,26.9,D,0
-31.5579,118.2756,320.9,1.8,1.3,2014-03-28,0241,Terra,MODIS,66,6.2,307.5,14.6,D,0
-31.6176,116.3265,317.3,1.4,1.2,2014-03-28,0241,Terra,MODIS,30,6.2,305.1,9.7,D,0
-31.5073,116.782,323.7,1.5,1.2,2014-03-28,0241,Terra,MODIS,69,6.2,306.8,15.1,D,0
-31.6192,116.3408,329.3,1.4,1.2,2014-03-28,0241,Terra,MODIS,78,6.2,305,29.2,D,0
-31.7575,116.7749,352.6,1.5,1.2,2014-03-28,0241,Terra,MODIS,96,6.2,309.7,97.8,D,0
-34.1918,118.5432,321.3,2,1.4,2014-03-28,0242,Terra,MODIS,42,6.2,300.9,25.4,D,0
-34.1154,117.5499,316.6,1.8,1.3,2014-03-28,0242,Terra,MODIS,67,6.2,301.4,12.4,D,0
-34.1136,117.5306,320.8,1.8,1.3,2014-03-28,0242,Terra,MODIS,74,6.2,301.8,21.7,D,0
-34.1788,118.5514,320,2,1.4,2014-03-28,0242,Terra,MODIS,64,6.2,301.5,23,D,0
-34.1791,118.5447,323.9,2,1.4,2014-03-28,0242,Terra,MODIS,66,6.2,301.8,32.7,D,0
-34.1915,118.5499,318.7,2,1.4,2014-03-28,0242,Terra,MODIS,50,6.2,301.2,19.3,D,0
-34.0265,118.015,325.7,1.9,1.3,2014-03-28,0242,Terra,MODIS,78,6.2,302.9,33.5,D,0
-34.1073,117.5382,318.3,1.8,1.3,2014-03-28,0242,Terra,MODIS,60,6.2,301.5,14,D,0
-34.6234,118.0235,317.5,1.9,1.3,2014-03-28,0242,Terra,MODIS,74,6.2,301.9,14.5,D,0
-34.6215,118.0024,321.6,1.9,1.3,2014-03-28,0242,Terra,MODIS,79,6.2,301.4,24.3,D,0
-34.1834,118.8983,328.9,2.1,1.4,2014-03-28,0242,Terra,MODIS,80,6.2,300.6,58.3,D,0
-36.6933,144.6871,311.7,3.1,1.7,2014-03-28,0341,Aqua,MODIS,55,6.2,294.4,25.9,D,0
-17.0416,139.0491,311.2,4.6,2,2014-03-28,0346,Aqua,MODIS,0,6.2,293,49.7,D,0
-17.1279,140.9753,310.4,3.3,1.7,2014-03-28,0346,Aqua,MODIS,26,6.2,291.8,36.5,D,0
-38.0535,142.9741,312.3,3.8,1.8,2014-03-28,0518,Aqua,MODIS,53,6.2,292.2,45.5,D,0
-38.059,142.9852,314.9,3.8,1.8,2014-03-28,0518,Aqua,MODIS,62,6.2,292.1,59.3,D,0
-37.7919,143.327,310.6,4,1.9,2014-03-28,0518,Aqua,MODIS,41,6.2,293.3,37.8,D,0
-37.6685,144.2292,320.3,4.6,2,2014-03-28,0518,Aqua,MODIS,72,6.2,292.1,143.2,D,0
-37.6711,144.227,320.3,4.6,2,2014-03-28,0518,Aqua,MODIS,72,6.2,292.2,131.7,D,0
-36.7137,141.5384,313.1,3.4,1.7,2014-03-28,0519,Aqua,MODIS,62,6.2,295.5,29.8,D,0
-36.7556,141.434,319,3.3,1.7,2014-03-28,0519,Aqua,MODIS,73,6.2,295.5,62,D,0
-35.2455,141.0461,316,3.5,1.8,2014-03-28,0519,Aqua,MODIS,65,6.2,297.7,36.1,D,0
-36.7503,141.4403,322.7,3.3,1.7,2014-03-28,0519,Aqua,MODIS,77,6.2,295.5,84.1,D,0
-36.8209,140.9591,310,3.1,1.7,2014-03-28,0519,Aqua,MODIS,52,6.2,292.4,22.6,D,0
-36.7467,141.4706,314.1,3.4,1.7,2014-03-28,0519,Aqua,MODIS,65,6.2,295.5,35.6,D,0
-36.7078,141.5445,312.4,3.4,1.7,2014-03-28,0519,Aqua,MODIS,60,6.2,295.6,27.1,D,0
-33.8216,120.2541,342.1,2.7,1.6,2014-03-28,0520,Aqua,MODIS,90,6.2,297,164.9,D,0
-34.0382,117.9844,326.5,3.9,1.8,2014-03-28,0520,Aqua,MODIS,76,6.2,302,87.6,D,0
-34.0265,117.991,326.9,3.9,1.8,2014-03-28,0520,Aqua,MODIS,77,6.2,303.3,88.6,D,0
-34.0433,117.9923,319.2,3.9,1.8,2014-03-28,0520,Aqua,MODIS,54,6.2,301.3,32.4,D,0
-33.8505,120.2569,332.8,2.7,1.6,2014-03-28,0520,Aqua,MODIS,83,6.2,297.1,104.7,D,0
-33.8201,120.2492,322.3,2.7,1.6,2014-03-28,0520,Aqua,MODIS,66,6.2,296.6,46.6,D,0
-33.8361,120.2554,367.6,2.7,1.6,2014-03-28,0520,Aqua,MODIS,100,6.2,296.7,434.3,D,0
-33.8345,120.2505,368.8,2.7,1.6,2014-03-28,0520,Aqua,MODIS,100,6.2,296.6,448.9,D,0
-33.8323,120.2806,323.2,2.7,1.6,2014-03-28,0520,Aqua,MODIS,58,6.2,297.3,48.7,D,0
-34.1689,118.5413,321.9,3.6,1.8,2014-03-28,0520,Aqua,MODIS,71,6.2,302.6,52.7,D,0
-33.8381,120.2255,321.5,2.8,1.6,2014-03-28,0520,Aqua,MODIS,68,6.2,294.7,48.6,D,0
-33.849,120.2519,336,2.7,1.6,2014-03-28,0520,Aqua,MODIS,85,6.2,297.2,120.6,D,0
-33.5421,119.7395,322,2.9,1.6,2014-03-28,0520,Aqua,MODIS,55,6.2,302.3,39.7,D,0
-34.6283,117.98,321.6,3.9,1.8,2014-03-28,0520,Aqua,MODIS,70,6.2,302.3,60,D,0
-34.6262,118.0229,320.4,3.9,1.8,2014-03-28,0520,Aqua,MODIS,72,6.2,301.7,45.7,D,0
-30.749,116.2554,340.8,4.7,2,2014-03-28,0521,Aqua,MODIS,87,6.2,305.6,271.4,D,0
-30.7691,116.2485,333.5,4.7,2,2014-03-28,0521,Aqua,MODIS,80,6.2,305.1,178,D,0
-30.751,116.2476,350.2,4.7,2,2014-03-28,0521,Aqua,MODIS,94,6.2,306.1,446,D,0
-30.9169,116.4667,331.4,4.6,2,2014-03-28,0521,Aqua,MODIS,77,6.2,306.5,135.1,D,0
-30.7332,116.2045,325.5,4.7,2,2014-03-28,0521,Aqua,MODIS,52,6.2,305.5,77.8,D,0
-31.1827,116.4586,322.2,4.6,2,2014-03-28,0521,Aqua,MODIS,44,6.2,304.7,45.9,D,0
-32.7734,117.3275,319.9,4.2,1.9,2014-03-28,0521,Aqua,MODIS,60,6.2,303.3,45.9,D,0
-32.775,117.3316,320.3,4.2,1.9,2014-03-28,0521,Aqua,MODIS,61,6.2,303.2,49.6,D,0
-31.5281,117.9221,324,3.7,1.8,2014-03-28,0521,Aqua,MODIS,65,6.2,309.3,42.4,D,0
-30.5583,116.5253,327.5,4.5,2,2014-03-28,0521,Aqua,MODIS,70,6.2,306.5,86.7,D,0
-31.1848,116.4545,327.6,4.6,2,2014-03-28,0521,Aqua,MODIS,71,6.2,304.7,101.3,D,0
-32.4144,119.1973,328.8,3.1,1.7,2014-03-28,0521,Aqua,MODIS,77,6.2,307.7,66.9,D,0
-32.3991,119.1963,327.2,3.1,1.7,2014-03-28,0521,Aqua,MODIS,73,6.2,307.9,59.1,D,0
-32.3773,119.2948,327.5,3.1,1.7,2014-03-28,0521,Aqua,MODIS,45,6.2,305.1,63.7,D,0
-32.4015,119.1894,326.5,3.1,1.7,2014-03-28,0521,Aqua,MODIS,54,6.2,307.8,52.3,D,0
-30.7719,116.1981,323.7,4.7,2,2014-03-28,0521,Aqua,MODIS,42,6.2,301.6,68.6,D,0
-30.7672,116.2566,337.4,4.7,2,2014-03-28,0521,Aqua,MODIS,84,6.2,305.6,226.9,D,0
-32.1009,118.1202,322.7,3.6,1.8,2014-03-28,0521,Aqua,MODIS,66,6.2,307,44.6,D,0
-30.2607,116.1307,333,4.7,2,2014-03-28,0521,Aqua,MODIS,81,6.2,305.9,168,D,0
-30.2585,116.1393,335.5,4.7,2,2014-03-28,0521,Aqua,MODIS,83,6.2,306.3,204,D,0
-32.8096,121.7482,336.7,2.1,1.4,2014-03-28,0521,Aqua,MODIS,85,6.2,304.8,77.8,D,0
-31.6703,118.7332,323.5,3.3,1.7,2014-03-28,0521,Aqua,MODIS,56,6.2,308.8,35.2,D,0
-31.6571,118.6966,327.4,3.3,1.7,2014-03-28,0521,Aqua,MODIS,73,6.2,308.8,64.1,D,0
-32.8093,121.7663,318.9,2.1,1.4,2014-03-28,0521,Aqua,MODIS,32,6.2,303.7,14.4,D,0
-32.8113,121.7436,333.2,2.1,1.4,2014-03-28,0521,Aqua,MODIS,82,6.2,304.5,63.1,D,0
-31.3958,116.82,323,4.4,1.9,2014-03-28,0521,Aqua,MODIS,60,6.2,306.5,52.4,D,0
-30.7355,116.1963,328.1,4.7,2,2014-03-28,0521,Aqua,MODIS,62,6.2,305.9,107.2,D,0
-30.7536,116.1975,338.7,4.7,2,2014-03-28,0521,Aqua,MODIS,85,6.2,304.6,250.1,D,0
-30.9161,116.4744,331.1,4.6,2,2014-03-28,0521,Aqua,MODIS,77,6.2,306.5,130.6,D,0
-32.248,118.601,323.1,3.4,1.7,2014-03-28,0521,Aqua,MODIS,68,6.2,307.1,37.1,D,0
-30.7514,116.2057,343.4,4.7,2,2014-03-28,0521,Aqua,MODIS,89,6.2,305,320.2,D,0
-30.7696,116.2064,332.7,4.7,2,2014-03-28,0521,Aqua,MODIS,78,6.2,302.5,165.7,D,0
-32.0419,116.7157,324.9,4.5,2,2014-03-28,0521,Aqua,MODIS,70,6.2,305,91.5,D,0
-30.5585,116.5171,325.5,4.5,2,2014-03-28,0521,Aqua,MODIS,66,6.2,306.5,67.2,D,0
-32.0405,116.7185,325.2,4.5,2,2014-03-28,0521,Aqua,MODIS,71,6.2,305,87.8,D,0
-33.113,119.2663,328.5,3.1,1.7,2014-03-28,0521,Aqua,MODIS,77,6.2,304.4,70.2,D,0
-33.1103,119.2735,333.1,3.1,1.7,2014-03-28,0521,Aqua,MODIS,82,6.2,304.5,104.5,D,0
-33.2397,117.2471,322.9,4.3,1.9,2014-03-28,0521,Aqua,MODIS,59,6.2,302.7,66.9,D,0
-33.2413,117.2553,322.6,4.3,1.9,2014-03-28,0521,Aqua,MODIS,67,6.2,302.5,71.8,D,0
-33.1421,121.6418,324,2.2,1.4,2014-03-28,0521,Aqua,MODIS,71,6.2,306.7,24.4,D,0
-24.7468,126.3564,336,1,1,2014-03-28,0523,Aqua,MODIS,79,6.2,318.5,13.7,D,0
-22.0671,123.5766,337.3,1.2,1.1,2014-03-28,0523,Aqua,MODIS,68,6.2,318.1,21.4,D,0
-22.0481,123.6385,332.1,1.2,1.1,2014-03-28,0523,Aqua,MODIS,42,6.2,315.1,11.3,D,0
-22.0471,123.568,345.1,1.2,1.1,2014-03-28,0523,Aqua,MODIS,88,6.2,320.1,38.3,D,0
-18.228,125.54,331.2,1,1,2014-03-28,0524,Aqua,MODIS,27,6.2,317.5,9.3,D,0
-18.4178,127.6668,340.4,1.1,1.1,2014-03-28,0524,Aqua,MODIS,84,6.2,317.7,27.3,D,0
-18.029,127.2021,333.2,1.1,1,2014-03-28,0524,Aqua,MODIS,76,6.2,305,18.8,D,0
-18.0305,127.1921,342.6,1.1,1,2014-03-28,0524,Aqua,MODIS,87,6.2,308.2,35.6,D,0
-18.0182,127.2106,332.2,1.1,1,2014-03-28,0524,Aqua,MODIS,75,6.2,303.2,17.5,D,0
-18.0197,127.2005,354.6,1.1,1,2014-03-28,0524,Aqua,MODIS,96,6.2,311.7,63.8,D,0
-18.0212,127.1904,369.6,1.1,1,2014-03-28,0524,Aqua,MODIS,100,6.2,314.6,111.5,D,0
-18.0228,127.1804,334.7,1.1,1,2014-03-28,0524,Aqua,MODIS,78,6.2,309.6,23.2,D,0
-18.0104,127.1989,343.4,1.1,1,2014-03-28,0524,Aqua,MODIS,88,6.2,308.1,39.2,D,0
-18.012,127.1889,347.6,1.1,1,2014-03-28,0524,Aqua,MODIS,92,6.2,306.7,48.8,D,0
-18.4557,127.3569,351.1,1.1,1,2014-03-28,0524,Aqua,MODIS,94,6.2,320.3,48.6,D,0
-18.4573,127.3468,333.7,1.1,1,2014-03-28,0524,Aqua,MODIS,74,6.2,318.1,13.6,D,0
-17.8684,127.2352,348.1,1.1,1,2014-03-28,0524,Aqua,MODIS,93,6.2,293,52.3,D,0
-17.9055,127.2161,323.9,1.1,1,2014-03-28,0524,Aqua,MODIS,56,6.2,285.1,15.3,D,0
-17.8654,127.2554,323.7,1.1,1,2014-03-28,0524,Aqua,MODIS,36,6.2,292.8,12.6,D,0
-14.8735,130.4731,327.7,1.9,1.3,2014-03-28,0525,Aqua,MODIS,53,6.2,310.3,26.4,D,0
-17.1826,124.7385,332,1,1,2014-03-28,0525,Aqua,MODIS,75,6.2,311.8,13.6,D,0
-17.054,125.5131,335.8,1,1,2014-03-28,0525,Aqua,MODIS,84,6.2,313,20.3,D,0
-17.1701,125.4137,323.1,1,1,2014-03-28,0525,Aqua,MODIS,68,6.2,286.2,17.5,D,0
-15.7684,130.9174,325.6,1.9,1.4,2014-03-28,0525,Aqua,MODIS,69,6.2,311.5,22.5,D,0
-14.8706,130.4901,334.3,1.9,1.3,2014-03-28,0525,Aqua,MODIS,82,6.2,311.4,48.7,D,0
-14.8653,130.4824,331.8,1.9,1.3,2014-03-28,0525,Aqua,MODIS,75,6.2,309.6,41.9,D,0
-17.0423,125.5304,337.7,1,1,2014-03-28,0525,Aqua,MODIS,86,6.2,314.5,21.8,D,0
-17.0527,125.5225,333.4,1,1,2014-03-28,0525,Aqua,MODIS,77,6.2,314.1,16,D,0
-17.8431,123.4804,325.1,1.1,1,2014-03-28,0525,Aqua,MODIS,52,6.2,312.8,9.2,D,0
-18.0411,125.2993,365.7,1,1,2014-03-28,0525,Aqua,MODIS,100,6.2,320,80.4,D,0
-18.0424,125.2899,339.1,1,1,2014-03-28,0525,Aqua,MODIS,82,6.2,316.2,19.8,D,0
-31.0852,116.781,322.6,4.8,2,2014-03-28,0659,Aqua,MODIS,75,6.2,304.8,69.5,D,0
-30.764,116.27,333,4.5,2,2014-03-28,0659,Aqua,MODIS,85,6.2,304.1,180.7,D,0
-31.1542,116.5905,334.2,4.6,2,2014-03-28,0659,Aqua,MODIS,58,6.2,304,200,D,0
-30.9512,116.7212,319.2,4.8,2,2014-03-28,0659,Aqua,MODIS,13,6.2,300.4,49,D,0
-31.0891,116.7786,322.7,4.8,2,2014-03-28,0659,Aqua,MODIS,76,6.2,305,69.5,D,0
-31.1514,116.5933,330.8,4.6,2,2014-03-28,0659,Aqua,MODIS,56,6.2,303.7,159.3,D,0
-30.7638,116.2784,325.6,4.5,2,2014-03-28,0659,Aqua,MODIS,74,6.2,303.7,103.6,D,0
-27.123,150.6918,304,1.8,1.3,2014-03-28,1307,Terra,MODIS,58,6.2,290.9,13.5,N,0
-25.492,151.5253,304,2.2,1.4,2014-03-28,1308,Terra,MODIS,58,6.2,292.5,15.7,N,0
-25.4963,151.5026,307.1,2.2,1.4,2014-03-28,1308,Terra,MODIS,70,6.2,292.1,22,N,0
-25.4933,151.5088,312.4,2.2,1.4,2014-03-28,1308,Terra,MODIS,85,6.2,292.2,34.2,N,0
-25.4826,151.5269,306.3,2.7,1.6,2014-03-28,1441,Aqua,MODIS,67,6.2,291.3,28.7,N,0
-25.495,151.5315,303.1,2.7,1.6,2014-03-28,1441,Aqua,MODIS,53,6.2,291.3,20.8,N,0
-33.048,119.775,315.1,1.1,1,2014-03-28,1445,Terra,MODIS,91,6.2,280.4,17.4,N,0
-33.0388,119.7733,311.7,1.1,1,2014-03-28,1445,Terra,MODIS,83,6.2,280.3,14.5,N,0
-33.0547,119.7705,302.7,1.1,1,2014-03-28,1445,Terra,MODIS,13,6.2,279.2,7,N,0
-33.0495,119.7637,305.1,1.1,1,2014-03-28,1445,Terra,MODIS,59,6.2,279.7,9.6,N,0
-33.2959,120.0307,303.1,1,1,2014-03-28,1445,Terra,MODIS,49,6.2,278.8,7.7,N,0
-32.887,119.6049,301.6,1.1,1,2014-03-28,1445,Terra,MODIS,42,6.2,275.7,8.1,N,0
-33.2974,120.0195,307.1,1,1,2014-03-28,1445,Terra,MODIS,70,6.2,278.3,10.5,N,0
-30.8621,121.4929,304,1,1,2014-03-28,1446,Terra,MODIS,58,6.2,290.6,6.5,N,2
-30.4484,117.1527,302.2,1.3,1.1,2014-03-28,1446,Terra,MODIS,48,6.2,290.2,7,N,0
-30.7652,116.0954,300,1.5,1.2,2014-03-28,1446,Terra,MODIS,11,6.2,289.4,7.7,N,0
-21.2771,119.8998,311,1,1,2014-03-28,1448,Terra,MODIS,81,6.2,280.3,12.3,N,0
-21.2342,119.8864,304.6,1,1,2014-03-28,1448,Terra,MODIS,44,6.2,277.8,7.3,N,0
-21.2694,119.9029,316.2,1,1,2014-03-28,1448,Terra,MODIS,93,6.2,282.9,15.9,N,0
-21.2756,119.9098,308.6,1,1,2014-03-28,1448,Terra,MODIS,66,6.2,283.8,10,N,0
-20.428,118.6806,337.4,1,1,2014-03-28,1448,Terra,MODIS,100,6.2,268.4,0,N,0
-18.0525,125.3114,302.1,2.5,1.5,2014-03-28,1449,Terra,MODIS,47,6.2,290.3,18.1,N,0
-18.0599,125.3064,302.3,2.5,1.5,2014-03-28,1449,Terra,MODIS,48,6.2,290.4,18.6,N,0
-17.8631,127.2335,303.3,3.5,1.8,2014-03-28,1449,Terra,MODIS,54,6.2,292.3,31.8,N,0
-17.1545,125.4121,307.2,2.7,1.6,2014-03-28,1449,Terra,MODIS,71,6.2,293.5,29,N,0
-18.0894,125.418,308.9,2.5,1.5,2014-03-28,1449,Terra,MODIS,76,6.2,287.4,36.3,N,0
-19.6367,134.5105,301.5,1.1,1,2014-03-28,1618,Aqua,MODIS,42,6.2,290.8,5.9,N,0
-21.3263,117.6305,307.2,2,1.4,2014-03-28,1757,Aqua,MODIS,71,6.2,292.5,16.8,N,0
-21.3284,117.6231,302.7,2,1.4,2014-03-28,1757,Aqua,MODIS,29,6.2,292.2,8.6,N,0
-26.7937,150.2063,313.3,1.1,1,2014-03-29,0005,Terra,MODIS,55,6.2,298,4.8,D,2
-12.4747,130.9187,318.4,1,1,2014-03-29,0140,Terra,MODIS,0,6.2,302.3,7.6,D,0
-12.5432,131.0716,318.2,1,1,2014-03-29,0140,Terra,MODIS,64,6.2,300.1,6.3,D,0
-12.5418,131.0624,318.4,1,1,2014-03-29,0140,Terra,MODIS,64,6.2,301.3,6.2,D,0
-15.7663,130.9035,325.5,1,1,2014-03-29,0141,Terra,MODIS,70,6.2,307,10.4,D,0
-15.7677,130.9131,327.7,1,1,2014-03-29,0141,Terra,MODIS,74,6.2,308.6,12.7,D,0
-15.2931,131.005,323.6,1,1,2014-03-29,0141,Terra,MODIS,62,6.2,308,7.8,D,0
-15.7691,130.9228,327.6,1,1,2014-03-29,0141,Terra,MODIS,65,6.2,307.4,12.1,D,0
-14.8616,130.4984,329.7,1,1,2014-03-29,0141,Terra,MODIS,77,6.2,308.7,15,D,0
-17.952,127.2498,340.8,1.1,1,2014-03-29,0142,Terra,MODIS,87,6.2,312.3,33.3,D,0
-17.1616,125.4414,329.8,1.4,1.2,2014-03-29,0142,Terra,MODIS,52,6.2,306.3,26.5,D,0
-17.1698,125.426,330.8,1.4,1.2,2014-03-29,0142,Terra,MODIS,79,6.2,306.5,30.8,D,0
-17.941,127.2412,334.6,1.1,1,2014-03-29,0142,Terra,MODIS,81,6.2,312.8,20.6,D,0
-17.9316,127.2426,338.5,1.1,1,2014-03-29,0142,Terra,MODIS,85,6.2,314.1,28.8,D,0
-17.1654,125.4332,327.9,1.4,1.2,2014-03-29,0142,Terra,MODIS,51,6.2,306.5,22.3,D,0
-17.8944,127.2236,328.2,1.1,1,2014-03-29,0142,Terra,MODIS,71,6.2,313.8,11.3,D,0
-17.8711,127.2596,332.8,1.1,1,2014-03-29,0142,Terra,MODIS,73,6.2,311.1,20.3,D,0
-17.8617,127.2613,324.7,1.1,1,2014-03-29,0142,Terra,MODIS,28,6.2,310.2,9.8,D,0
-18.07,125.3258,336.9,1.4,1.2,2014-03-29,0142,Terra,MODIS,81,6.2,311.8,30.9,D,0
-19.6352,134.4845,333.5,1.8,1.3,2014-03-29,0142,Terra,MODIS,79,6.2,309.7,46,D,0
-19.6372,134.5016,330.5,1.8,1.3,2014-03-29,0142,Terra,MODIS,75,6.2,309.5,36.8,D,0
-19.643,134.4945,330.6,1.8,1.3,2014-03-29,0142,Terra,MODIS,74,6.2,309.2,35.5,D,0
-19.6411,134.4773,328.6,1.8,1.3,2014-03-29,0142,Terra,MODIS,65,6.2,308.4,28.2,D,0
-19.6449,134.5117,325.3,1.8,1.3,2014-03-29,0142,Terra,MODIS,62,6.2,310,20.7,D,0
-20.4891,118.8034,327,3.6,1.8,2014-03-29,0143,Terra,MODIS,81,6.2,305.5,97.4,D,0
-42.9594,146.8636,301.9,1,1,2014-03-29,0422,Aqua,MODIS,37,6.2,288.1,5.3,D,0
-37.8915,143.8996,320.4,1,1,2014-03-29,0423,Aqua,MODIS,70,6.2,301.9,9.4,D,0
-37.8809,143.9091,319.2,1,1,2014-03-29,0423,Aqua,MODIS,68,6.2,301.8,8.4,D,0
-37.8899,143.9111,362.3,1,1,2014-03-29,0423,Aqua,MODIS,100,6.2,303.5,84.9,D,0
-38.0565,143.1532,367.5,1,1,2014-03-29,0423,Aqua,MODIS,100,6.2,300.5,103.7,D,0
-38.058,143.1413,329.6,1,1,2014-03-29,0423,Aqua,MODIS,82,6.2,300,19.6,D,0
-38.0473,143.1512,349.7,1,1,2014-03-29,0423,Aqua,MODIS,95,6.2,301.5,55,D,0
-38.0489,143.1394,370,1,1,2014-03-29,0423,Aqua,MODIS,100,6.2,303.8,112.5,D,0
-38.0504,143.1276,319.7,1,1,2014-03-29,0423,Aqua,MODIS,70,6.2,300.9,8.1,D,0
-35.35,145.2745,322.8,1,1,2014-03-29,0424,Aqua,MODIS,70,6.2,302.9,10.1,D,0
-35.7127,143.1936,332.4,1,1,2014-03-29,0424,Aqua,MODIS,82,6.2,306.9,18.1,D,0
-35.7143,143.1825,326.5,1,1,2014-03-29,0424,Aqua,MODIS,76,6.2,307.9,10.6,D,0
-36.8744,141.3754,322.1,1.1,1.1,2014-03-29,0424,Aqua,MODIS,36,6.2,298.2,13.3,D,0
-37.7181,141.9493,318.1,1.1,1,2014-03-29,0424,Aqua,MODIS,66,6.2,303.4,7.1,D,0
-35.411,142.6457,324.7,1,1,2014-03-29,0424,Aqua,MODIS,68,6.2,306.7,6.7,D,0
-36.8729,141.3883,330,1.1,1.1,2014-03-29,0424,Aqua,MODIS,68,6.2,303.4,24.1,D,0
-35.4125,142.6344,325.4,1,1,2014-03-29,0424,Aqua,MODIS,67,6.2,307.6,7.9,D,0
-31.7989,133.3633,325.8,2.9,1.6,2014-03-29,0425,Aqua,MODIS,66,6.2,306.7,57.8,D,0
-32.2746,134.2213,338.6,2.6,1.6,2014-03-29,0425,Aqua,MODIS,85,6.2,309.8,108,D,0
-32.2724,134.2493,335.1,2.6,1.5,2014-03-29,0425,Aqua,MODIS,81,6.2,308.6,85.3,D,0
-33.6439,136.6229,317.5,1.9,1.3,2014-03-29,0425,Aqua,MODIS,46,6.2,301.2,20.9,D,0
-26.5311,147.0918,324.6,1.7,1.3,2014-03-29,0426,Aqua,MODIS,50,6.2,298.2,29.1,D,0
-20.7354,139.4785,336.3,1,1,2014-03-29,0428,Aqua,MODIS,73,6.2,317.8,15.1,D,2
-19.6414,134.5046,330.8,1.7,1.3,2014-03-29,0429,Aqua,MODIS,61,6.2,313.4,22.1,D,0
-19.6451,134.4719,330.4,1.7,1.3,2014-03-29,0429,Aqua,MODIS,51,6.2,311.2,20.7,D,0
-19.6317,134.4867,336.1,1.7,1.3,2014-03-29,0429,Aqua,MODIS,75,6.2,312.3,37.4,D,0
-19.6337,134.4986,333.3,1.7,1.3,2014-03-29,0429,Aqua,MODIS,52,6.2,311.9,28.4,D,0
-19.6432,134.4882,357.9,1.7,1.3,2014-03-29,0429,Aqua,MODIS,98,6.2,314.8,134.7,D,0
-19.6357,134.4823,352.3,1.7,1.3,2014-03-29,0429,Aqua,MODIS,95,6.2,314.4,103.6,D,0
-14.1156,130.2705,326.5,3,1.6,2014-03-29,0430,Aqua,MODIS,78,6.2,299.5,77.1,D,0
-14.1151,130.2754,325.7,3,1.6,2014-03-29,0430,Aqua,MODIS,77,6.2,299.5,74.1,D,0
-15.3036,130.9745,321.7,2.7,1.6,2014-03-29,0430,Aqua,MODIS,70,6.2,300.7,33.1,D,0
-12.3095,132.3934,317.3,1.9,1.4,2014-03-29,0431,Aqua,MODIS,55,6.2,297.2,21.3,D,0
-22.0916,123.613,344.4,2.6,1.6,2014-03-29,0606,Aqua,MODIS,80,6.2,310.7,133.4,D,0
-22.0678,123.6263,338.3,2.6,1.6,2014-03-29,0606,Aqua,MODIS,45,6.2,315.1,88.1,D,0
-22.0726,123.601,344.1,2.6,1.6,2014-03-29,0606,Aqua,MODIS,85,6.2,316.6,125.7,D,0
-22.0778,123.6099,348.5,2.6,1.6,2014-03-29,0606,Aqua,MODIS,91,6.2,316,160.7,D,0
-22.0865,123.6041,348.8,2.6,1.6,2014-03-29,0606,Aqua,MODIS,93,6.2,313.6,172.1,D,0
-21.29,119.8964,338.1,1.5,1.2,2014-03-29,0607,Aqua,MODIS,82,6.2,319.8,32.4,D,0
-21.2876,119.9107,333.5,1.5,1.2,2014-03-29,0607,Aqua,MODIS,75,6.2,317.9,19.8,D,0
-21.2849,119.9034,337.2,1.5,1.2,2014-03-29,0607,Aqua,MODIS,74,6.2,319.1,26.6,D,0
-20.5268,118.7772,352.7,1.3,1.1,2014-03-29,0607,Aqua,MODIS,82,6.2,292.2,78.3,D,0
-20.5288,118.7648,343,1.3,1.1,2014-03-29,0607,Aqua,MODIS,87,6.2,304.9,50.4,D,0
-20.5166,118.7753,434,1.3,1.1,2014-03-29,0607,Aqua,MODIS,94,6.2,321.5,748.3,D,0
-20.5186,118.7629,426.4,1.3,1.1,2014-03-29,0607,Aqua,MODIS,100,6.2,322.7,639,D,0
-20.5044,118.7859,345.6,1.3,1.1,2014-03-29,0607,Aqua,MODIS,65,6.2,312.4,47.1,D,0
-20.5064,118.7734,352.3,1.3,1.1,2014-03-29,0607,Aqua,MODIS,95,6.2,314.1,66.2,D,0
-20.5085,118.761,349.1,1.3,1.1,2014-03-29,0607,Aqua,MODIS,92,6.2,312.6,58.2,D,0
-20.6191,116.7714,344.8,1.1,1,2014-03-29,0607,Aqua,MODIS,87,6.2,310,40.1,D,2
-20.6206,116.7613,335.9,1.1,1,2014-03-29,0607,Aqua,MODIS,0,6.2,310.6,24,D,0
-21.3508,117.5941,341.1,1.1,1.1,2014-03-29,0607,Aqua,MODIS,84,6.2,315.8,29.5,D,0
-21.3347,117.6354,334.8,1.1,1.1,2014-03-29,0607,Aqua,MODIS,64,6.2,314.2,16.5,D,0
-21.3253,117.6336,333.6,1.1,1.1,2014-03-29,0607,Aqua,MODIS,62,6.2,316,13.6,D,0
-17.1916,125.4821,326.8,4.6,2,2014-03-29,0607,Aqua,MODIS,78,6.2,301.4,130,D,0
-17.1829,125.4359,326,4.5,2,2014-03-29,0608,Aqua,MODIS,76,6.2,302.4,124,D,0
-17.1933,125.4774,323.1,4.6,2,2014-03-29,0608,Aqua,MODIS,65,6.2,301.1,93.9,D,0
-17.1742,125.4778,330.4,4.6,2,2014-03-29,0608,Aqua,MODIS,82,6.2,302.7,163.5,D,0
-17.1759,125.4732,332.4,4.6,2,2014-03-29,0608,Aqua,MODIS,83,6.2,302.8,188.5,D,0
-17.1843,125.4311,325.1,4.5,2,2014-03-29,0608,Aqua,MODIS,59,6.2,302.4,111.5,D,0
-28.3238,151.9291,300.3,2.1,1.4,2014-03-29,1212,Terra,MODIS,24,6.2,285.8,14.4,N,0
-33.0029,137.5849,306.3,1.1,1,2014-03-29,1349,Terra,MODIS,54,6.2,291.3,8.1,N,0
-32.9971,137.5894,304.2,1.1,1,2014-03-29,1349,Terra,MODIS,59,6.2,291.1,7.4,N,2
-15.5345,128.1556,318.1,1.2,1.1,2014-03-29,1354,Terra,MODIS,96,6.2,298.7,17.7,N,0
-15.533,128.167,327.4,1.2,1.1,2014-03-29,1354,Terra,MODIS,100,6.2,299.4,30.7,N,0
-17.9443,127.2504,306.9,1.5,1.2,2014-03-29,1354,Terra,MODIS,66,6.2,294.4,11,N,0
-17.8845,127.2648,306,1.5,1.2,2014-03-29,1354,Terra,MODIS,63,6.2,294,9.8,N,0
-28.3275,151.9399,301,1.3,1.1,2014-03-29,1524,Aqua,MODIS,36,6.2,288.8,6.8,N,0
-28.326,151.9271,307.3,1.3,1.1,2014-03-29,1524,Aqua,MODIS,71,6.2,288.8,12.1,N,0
-26.7931,150.2045,303.8,1,1,2014-03-29,1524,Aqua,MODIS,57,6.2,292.5,5.3,N,0
-21.347,117.6093,306.3,3.6,1.8,2014-03-29,1531,Terra,MODIS,67,6.2,293.9,30.5,N,0
-21.3392,117.6024,306,3.6,1.8,2014-03-29,1531,Terra,MODIS,66,6.2,293.9,29.3,N,0
-17.8555,127.2655,304.9,1,1,2014-03-29,1700,Aqua,MODIS,59,6.2,294.7,5,N,0
-17.9375,127.2574,305.1,1,1,2014-03-29,1700,Aqua,MODIS,63,6.2,292.1,5.8,N,0
-17.9466,127.256,313.9,1,1,2014-03-29,1700,Aqua,MODIS,88,6.2,293.9,11.8,N,0
-25.3915,127.6772,309,1.2,1.1,2014-03-29,1702,Aqua,MODIS,74,6.2,290,13.3,N,0
-21.3383,117.6241,306.8,2.5,1.5,2014-03-29,1702,Aqua,MODIS,69,6.2,295.4,20.9,N,0
-22.0767,123.5885,304,1.1,1,2014-03-29,1702,Aqua,MODIS,58,6.2,291.9,6.3,N,0
-37.7712,145.9497,304.5,2.1,1.4,2014-03-30,0051,Terra,MODIS,49,6.2,288.7,19.5,D,0
-15.1448,128.1714,317.3,3.4,1.7,2014-03-30,0224,Terra,MODIS,0,6.2,294.3,44.8,D,0
-15.1507,128.1776,318.1,3.4,1.7,2014-03-30,0224,Terra,MODIS,0,6.2,294.4,47.2,D,0
-20.6122,116.7717,332.3,1,1,2014-03-30,0226,Terra,MODIS,67,6.2,306,18.9,D,0
-21.2784,119.725,330.7,1.1,1,2014-03-30,0226,Terra,MODIS,74,6.2,310.8,16.9,D,0
-21.3228,117.638,324.9,1,1,2014-03-30,0226,Terra,MODIS,58,6.2,309.6,8,D,0
-21.3243,117.6475,328.2,1,1,2014-03-30,0226,Terra,MODIS,69,6.2,309.5,12.3,D,0
-21.3635,117.6018,342.2,1,1,2014-03-30,0226,Terra,MODIS,88,6.2,311.7,32.2,D,0
-21.3725,117.6003,337.8,1,1,2014-03-30,0226,Terra,MODIS,83,6.2,308.9,25.2,D,0
-22.0969,123.6754,347.8,2,1.4,2014-03-30,0226,Terra,MODIS,92,6.2,307.5,118.2,D,0
-22.0799,123.1558,345.4,1.8,1.3,2014-03-30,0226,Terra,MODIS,90,6.2,312.3,87.6,D,0
-22.0818,123.1731,335.9,1.8,1.3,2014-03-30,0226,Terra,MODIS,81,6.2,310.8,50.1,D,0
-22.0862,123.581,334.7,1.9,1.4,2014-03-30,0226,Terra,MODIS,66,6.2,312.2,41.3,D,0
-22.0893,123.5739,330.6,1.9,1.4,2014-03-30,0226,Terra,MODIS,66,6.2,311.6,31.8,D,0
-22.0455,123.6622,343.2,2,1.4,2014-03-30,0226,Terra,MODIS,88,6.2,312.5,77.9,D,0
-22.0476,123.6812,338.3,2,1.4,2014-03-30,0226,Terra,MODIS,83,6.2,310.1,58.3,D,0
-22.0578,123.6608,346.4,2,1.4,2014-03-30,0226,Terra,MODIS,91,6.2,312.6,93.9,D,0
-22.0599,123.6796,335.1,2,1.4,2014-03-30,0226,Terra,MODIS,72,6.2,309,47.6,D,0
-22.068,123.6405,341.7,1.9,1.4,2014-03-30,0226,Terra,MODIS,87,6.2,313.1,65.1,D,0
-22.0701,123.6594,353.1,2,1.4,2014-03-30,0226,Terra,MODIS,95,6.2,313.8,133.1,D,0
-22.0722,123.6783,356.1,2,1.4,2014-03-30,0226,Terra,MODIS,97,6.2,312.7,161.2,D,0
-22.0744,123.6973,359.4,2,1.4,2014-03-30,0226,Terra,MODIS,99,6.2,310.7,189.2,D,0
-22.0803,123.639,351.7,1.9,1.4,2014-03-30,0226,Terra,MODIS,95,6.2,314.8,116.3,D,0
-22.0825,123.6579,373.4,2,1.4,2014-03-30,0226,Terra,MODIS,100,6.2,314.1,290.4,D,0
-22.0846,123.6768,386.6,2,1.4,2014-03-30,0226,Terra,MODIS,100,6.2,313.4,445.9,D,0
-22.0867,123.6958,364.7,2,1.4,2014-03-30,0226,Terra,MODIS,100,6.2,308,229,D,0
-22.0926,123.6375,370,1.9,1.4,2014-03-30,0226,Terra,MODIS,100,6.2,316.4,252.4,D,0
-22.0948,123.6565,373.3,2,1.4,2014-03-30,0226,Terra,MODIS,100,6.2,315.2,294.1,D,0
-22.0708,123.6336,340.3,1.9,1.4,2014-03-30,0226,Terra,MODIS,85,6.2,313.4,54.2,D,0
-22.0727,123.6525,352.8,2,1.4,2014-03-30,0226,Terra,MODIS,95,6.2,314,124.9,D,0
-22.0747,123.6714,357.1,2,1.4,2014-03-30,0226,Terra,MODIS,98,6.2,313.3,161.5,D,0
-22.0767,123.6904,365.5,2,1.4,2014-03-30,0226,Terra,MODIS,100,6.2,312.1,234.2,D,0
-22.0787,123.7095,332,2,1.4,2014-03-30,0226,Terra,MODIS,75,6.2,307.9,44.8,D,0
-22.0831,123.632,333.7,1.9,1.4,2014-03-30,0226,Terra,MODIS,66,6.2,314.1,33.5,D,0
-22.0851,123.651,368.8,2,1.4,2014-03-30,0226,Terra,MODIS,100,6.2,314.7,253,D,0
-22.0871,123.67,375.1,2,1.4,2014-03-30,0226,Terra,MODIS,100,6.2,312.3,315.6,D,0
-22.0891,123.6889,369.6,2,1.4,2014-03-30,0226,Terra,MODIS,100,6.2,308.6,272.1,D,0
-22.0953,123.6305,360.8,1.9,1.4,2014-03-30,0226,Terra,MODIS,100,6.2,313.7,181.6,D,0
-22.0974,123.6495,390.1,2,1.4,2014-03-30,0226,Terra,MODIS,100,6.2,317.2,482.7,D,0
-22.0994,123.6685,363.4,2,1.4,2014-03-30,0226,Terra,MODIS,100,6.2,310,218.1,D,0
-22.1076,123.629,370,1.9,1.4,2014-03-30,0226,Terra,MODIS,100,6.2,314.6,261.1,D,0
-22.1097,123.6479,345.2,2,1.4,2014-03-30,0226,Terra,MODIS,90,6.2,309.4,98.3,D,0
-22.1199,123.6275,354.3,1.9,1.4,2014-03-30,0226,Terra,MODIS,96,6.2,309.4,149.4,D,0
-22.122,123.6465,358.5,2,1.4,2014-03-30,0226,Terra,MODIS,99,6.2,308.4,182.5,D,0
-35.0611,147.862,321.2,2.9,1.6,2014-03-30,0329,Aqua,MODIS,68,6.2,291.6,69,D,0
-35.0631,147.83,312.9,2.9,1.6,2014-03-30,0329,Aqua,MODIS,50,6.2,292.5,34.4,D,0
-35.0611,147.8544,326,2.9,1.6,2014-03-30,0329,Aqua,MODIS,82,6.2,293,94.6,D,0
-34.4594,150.8777,312,1.8,1.3,2014-03-30,0329,Aqua,MODIS,40,6.2,296.2,12.4,D,0
-24.2999,151.2887,315.4,1.3,1.1,2014-03-30,0332,Aqua,MODIS,38,6.2,297.6,9.1,D,0
-24.3015,151.2762,315,1.3,1.1,2014-03-30,0332,Aqua,MODIS,48,6.2,296.5,8.5,D,0
-37.7986,145.7894,385.9,3.7,1.8,2014-03-30,0506,Aqua,MODIS,94,6.2,292.7,1192.1,D,0
-37.8758,145.6895,354.3,3.6,1.8,2014-03-30,0506,Aqua,MODIS,92,6.2,289.8,462.2,D,0
-37.8832,145.699,352,3.6,1.8,2014-03-30,0506,Aqua,MODIS,73,6.2,290.9,427.7,D,0
-37.8084,145.751,338.8,3.7,1.8,2014-03-30,0506,Aqua,MODIS,86,6.2,290.5,269.1,D,0
-37.8855,145.6508,307.2,3.6,1.8,2014-03-30,0506,Aqua,MODIS,40,6.2,287.6,40.3,D,0
-37.0842,140.971,325.4,2,1.4,2014-03-30,0506,Aqua,MODIS,77,6.2,302.5,40,D,0
-37.1723,141.0531,332.6,2,1.4,2014-03-30,0506,Aqua,MODIS,84,6.2,303.8,65.3,D,0
-37.1675,141.0754,362.9,2,1.4,2014-03-30,0506,Aqua,MODIS,100,6.2,305.4,240.2,D,0
-37.1679,141.0702,367.6,2,1.4,2014-03-30,0506,Aqua,MODIS,100,6.2,306.2,279.2,D,0
-37.0794,140.993,328.4,2,1.4,2014-03-30,0506,Aqua,MODIS,80,6.2,300.7,51.1,D,0
-37.9341,142.477,334.3,2.3,1.5,2014-03-30,0506,Aqua,MODIS,89,6.2,289.1,102.9,D,0
-37.9282,142.5032,344.1,2.3,1.5,2014-03-30,0506,Aqua,MODIS,93,6.2,288.6,159.1,D,0
-37.9193,141.005,322.7,1.9,1.4,2014-03-30,0506,Aqua,MODIS,78,6.2,293.1,42.6,D,0
-37.9177,140.9993,320.9,1.9,1.4,2014-03-30,0506,Aqua,MODIS,77,6.2,292.7,39.4,D,0
-37.8099,141.0013,321.5,1.9,1.4,2014-03-30,0506,Aqua,MODIS,62,6.2,292.8,38,D,0
-37.7979,140.9973,322.6,1.9,1.4,2014-03-30,0506,Aqua,MODIS,58,6.2,295.4,39.2,D,0
-37.1335,141.855,321,2.3,1.5,2014-03-30,0506,Aqua,MODIS,73,6.2,303.5,29.4,D,0
-37.0091,142.2249,319.6,2.4,1.5,2014-03-30,0506,Aqua,MODIS,71,6.2,302.4,25.2,D,0
-37.0015,142.2148,318.6,2.4,1.5,2014-03-30,0506,Aqua,MODIS,68,6.2,302.2,23,D,0
-36.9398,141.8833,327,2.3,1.5,2014-03-30,0506,Aqua,MODIS,69,6.2,304.2,47.6,D,0
-37.078,140.9853,342.2,2,1.4,2014-03-30,0507,Aqua,MODIS,91,6.2,302.1,107.4,D,0
-37.0826,140.9633,318,2,1.4,2014-03-30,0507,Aqua,MODIS,65,6.2,302.8,20,D,0
-36.6859,142.5295,321.5,2.5,1.5,2014-03-30,0507,Aqua,MODIS,72,6.2,298.9,38.7,D,0
-22.1112,123.604,338.3,1.9,1.3,2014-03-30,0511,Aqua,MODIS,66,6.2,317.8,37.6,D,0
-22.1395,123.6804,349.1,1.9,1.3,2014-03-30,0511,Aqua,MODIS,61,6.2,312.5,82.1,D,0
-22.1375,123.6983,398.1,1.8,1.3,2014-03-30,0511,Aqua,MODIS,100,6.2,315.4,527.7,D,0
-22.1355,123.7162,346.2,1.8,1.3,2014-03-30,0511,Aqua,MODIS,41,6.2,310.4,76.8,D,0
-22.1335,123.734,345.2,1.8,1.3,2014-03-30,0511,Aqua,MODIS,49,6.2,308.6,77.6,D,0
-22.1576,123.6279,343,1.9,1.3,2014-03-30,0511,Aqua,MODIS,75,6.2,307.8,70.6,D,0
-22.1555,123.6459,343,1.9,1.3,2014-03-30,0511,Aqua,MODIS,62,6.2,312,69.4,D,0
-22.1455,123.7355,335.3,1.8,1.3,2014-03-30,0511,Aqua,MODIS,0,6.2,304.6,50.2,D,0
-22.1656,123.6654,351.8,1.9,1.3,2014-03-30,0511,Aqua,MODIS,94,6.2,307.5,126,D,0
-22.1635,123.6834,350.8,1.9,1.3,2014-03-30,0511,Aqua,MODIS,88,6.2,299,123.7,D,0
-22.1495,123.6319,406.3,1.9,1.3,2014-03-30,0511,Aqua,MODIS,100,6.2,327,676.6,D,0
-22.1476,123.6499,345.5,1.9,1.3,2014-03-30,0511,Aqua,MODIS,66,6.2,316.8,77.3,D,0
-22.1439,123.6859,349.6,1.9,1.3,2014-03-30,0511,Aqua,MODIS,54,6.2,309.9,99.8,D,0
-22.142,123.7039,365.3,1.8,1.3,2014-03-30,0511,Aqua,MODIS,90,6.2,309.5,197.5,D,0
-22.1401,123.7217,355,1.8,1.3,2014-03-30,0511,Aqua,MODIS,76,6.2,310.1,134.8,D,0
-22.1382,123.7396,337.4,1.8,1.3,2014-03-30,0511,Aqua,MODIS,0,6.2,306,58.7,D,0
-22.1578,123.6694,367.4,1.9,1.3,2014-03-30,0511,Aqua,MODIS,100,6.2,313,229,D,0
-22.1559,123.6874,348.6,1.9,1.3,2014-03-30,0511,Aqua,MODIS,81,6.2,306.2,110.8,D,0
-22.1699,123.671,341.1,1.9,1.3,2014-03-30,0511,Aqua,MODIS,80,6.2,303,79.1,D,0
-22.1334,123.625,395.4,1.9,1.3,2014-03-30,0511,Aqua,MODIS,100,6.2,325.8,495.7,D,0
-22.1233,123.6055,364.5,1.9,1.3,2014-03-30,0511,Aqua,MODIS,100,6.2,319.5,183.4,D,0
-22.1354,123.607,376.5,1.9,1.3,2014-03-30,0511,Aqua,MODIS,100,6.2,320.4,287.4,D,0
-22.1475,123.6084,356.6,1.9,1.3,2014-03-30,0511,Aqua,MODIS,97,6.2,315.2,142,D,0
-22.1455,123.6265,427.6,1.9,1.3,2014-03-30,0511,Aqua,MODIS,100,6.2,332.6,1093.6,D,0
-22.1215,123.7325,341.6,1.8,1.3,2014-03-30,0511,Aqua,MODIS,41,6.2,308.7,55.8,D,0
-22.1235,123.7147,358.1,1.8,1.3,2014-03-30,0511,Aqua,MODIS,94,6.2,312.2,136.6,D,0
-22.1255,123.6969,374.9,1.8,1.3,2014-03-30,0511,Aqua,MODIS,100,6.2,317.8,256.2,D,0
-22.1274,123.6789,354.6,1.9,1.3,2014-03-30,0511,Aqua,MODIS,96,6.2,317.3,103.9,D,0
-22.1154,123.6774,341.2,1.9,1.3,2014-03-30,0511,Aqua,MODIS,62,6.2,317,39.5,D,0
-22.0976,123.7295,340.6,1.8,1.3,2014-03-30,0511,Aqua,MODIS,51,6.2,310.8,51.7,D,0
-22.0875,123.7102,342.3,1.8,1.3,2014-03-30,0511,Aqua,MODIS,39,6.2,317.6,53.7,D,0
-22.0755,123.7087,341.9,1.8,1.3,2014-03-30,0511,Aqua,MODIS,55,6.2,316.8,54.5,D,0
-22.0515,123.7057,338.5,1.8,1.3,2014-03-30,0511,Aqua,MODIS,28,6.2,312.4,42,D,0
-22.0534,123.688,353.1,1.8,1.3,2014-03-30,0511,Aqua,MODIS,95,6.2,317.1,106.9,D,0
-22.058,123.6996,356.6,1.8,1.3,2014-03-30,0511,Aqua,MODIS,97,6.2,315.9,130,D,0
-22.06,123.6818,338.5,1.8,1.3,2014-03-30,0511,Aqua,MODIS,45,6.2,318.5,37.7,D,0
-22.1514,123.6138,366.6,1.9,1.3,2014-03-30,0511,Aqua,MODIS,100,6.2,314,215.4,D,0
-22.1435,123.6445,349.8,1.9,1.3,2014-03-30,0511,Aqua,MODIS,68,6.2,318.7,92,D,0
-20.5573,118.7828,332.6,4.1,1.9,2014-03-30,0512,Aqua,MODIS,81,6.2,305.3,135.7,D,0
-20.5531,118.7748,332.5,4.1,1.9,2014-03-30,0512,Aqua,MODIS,81,6.2,305.7,134.5,D,0
-21.008,119.8096,347.7,3.4,1.7,2014-03-30,0512,Aqua,MODIS,93,6.2,303.1,266.2,D,0
-20.9921,119.8078,365.2,3.4,1.7,2014-03-30,0512,Aqua,MODIS,100,6.2,300.7,527.8,D,0
-21.014,119.8024,346.2,3.4,1.7,2014-03-30,0512,Aqua,MODIS,92,6.2,302.4,243.4,D,0
-20.995,119.834,329.5,3.4,1.7,2014-03-30,0512,Aqua,MODIS,75,6.2,303.4,87.5,D,0
-20.9982,119.8006,358.2,3.4,1.7,2014-03-30,0512,Aqua,MODIS,99,6.2,303.2,410.3,D,0
-21.0268,119.7773,333.2,3.5,1.8,2014-03-30,0512,Aqua,MODIS,81,6.2,299.8,122.3,D,0
-21.011,119.7755,346.7,3.5,1.8,2014-03-30,0512,Aqua,MODIS,92,6.2,302.9,258.2,D,0
-20.9951,119.7738,327.2,3.5,1.8,2014-03-30,0512,Aqua,MODIS,72,6.2,300.9,71.4,D,0
-21.0331,119.7701,326.3,3.5,1.8,2014-03-30,0512,Aqua,MODIS,68,6.2,295.7,66.8,D,0
-21.0172,119.7684,337,3.5,1.8,2014-03-30,0512,Aqua,MODIS,85,6.2,301.4,150.9,D,0
-17.9705,127.2528,356.9,1,1,2014-03-30,0512,Aqua,MODIS,98,6.2,309.5,65.3,D,0
-17.953,127.2537,328.7,1,1,2014-03-30,0512,Aqua,MODIS,46,6.2,308.8,10.4,D,0
-17.9424,127.2621,333.5,1,1,2014-03-30,0512,Aqua,MODIS,65,6.2,309.7,16.1,D,0
-17.9621,127.2551,333.4,1,1,2014-03-30,0512,Aqua,MODIS,57,6.2,308.9,16.5,D,0
-17.8497,127.2725,335.2,1,1,2014-03-30,0512,Aqua,MODIS,76,6.2,310.9,19.6,D,0
-17.9692,127.2626,334.6,1,1,2014-03-30,0512,Aqua,MODIS,80,6.2,307.5,18.6,D,0
-17.025,125.5247,325.4,1.2,1.1,2014-03-30,0513,Aqua,MODIS,44,6.2,301.1,13.7,D,0
-17.0264,125.5135,327,1.2,1.1,2014-03-30,0513,Aqua,MODIS,34,6.2,303.6,16.7,D,0
-17.0348,125.5261,332.1,1.2,1.1,2014-03-30,0513,Aqua,MODIS,46,6.2,300.1,28.4,D,0
-16.8745,125.503,328.8,1.2,1.1,2014-03-30,0513,Aqua,MODIS,77,6.2,297.6,19.8,D,0
-14.5735,132.5358,329,1.6,1.2,2014-03-30,0513,Aqua,MODIS,58,6.2,297.6,34,D,0
-14.1471,132.1216,328.1,1.5,1.2,2014-03-30,0513,Aqua,MODIS,77,6.2,303.3,27.4,D,0
-14.1494,132.1075,327.1,1.5,1.2,2014-03-30,0513,Aqua,MODIS,77,6.2,304.9,24.1,D,0
-37.8078,140.9927,301.9,2.8,1.6,2014-03-30,1253,Terra,MODIS,45,6.2,278.9,34.2,N,0
-37.8164,146.1922,300.1,1.3,1.2,2014-03-30,1253,Terra,MODIS,14,6.2,286.3,8.9,N,0
-37.8665,146.1207,313.3,1.4,1.2,2014-03-30,1253,Terra,MODIS,87,6.2,287.6,22,N,0
-37.8004,145.7796,302.4,1.4,1.2,2014-03-30,1253,Terra,MODIS,49,6.2,287.2,10.9,N,0
-37.7715,145.9553,319.1,1.4,1.2,2014-03-30,1253,Terra,MODIS,98,6.2,288.2,29.5,N,0
-37.7731,145.9397,316.2,1.4,1.2,2014-03-30,1253,Terra,MODIS,93,6.2,287.9,25.5,N,0
-37.7625,145.9379,301.7,1.4,1.2,2014-03-30,1253,Terra,MODIS,43,6.2,286.9,9.9,N,0
-37.8146,146.2089,309.9,1.3,1.1,2014-03-30,1253,Terra,MODIS,79,6.2,286.4,18.4,N,0
-25.622,146.9322,302.6,1,1,2014-03-30,1256,Terra,MODIS,50,6.2,291.7,4.7,N,0
-30.8672,121.4821,317.9,1.1,1.1,2014-03-30,1433,Terra,MODIS,96,6.2,288.3,20.8,N,0
-30.8657,121.494,330.8,1.1,1.1,2014-03-30,1433,Terra,MODIS,100,6.2,288.9,37.5,N,2
-34.3368,117.4196,305.3,2.1,1.4,2014-03-30,1433,Terra,MODIS,64,6.2,282.7,29.7,N,0
-34.3382,117.4142,308.1,2.1,1.4,2014-03-30,1433,Terra,MODIS,73,6.2,282.6,34.8,N,0
-25.3915,127.6638,310,1.6,1.2,2014-03-30,1435,Terra,MODIS,79,6.2,279.6,23.2,N,0
-20.6126,116.7591,304.6,1.6,1.2,2014-03-30,1436,Terra,MODIS,61,6.2,292.2,7.1,N,0
-21.1021,119.8059,313.3,1.1,1,2014-03-30,1436,Terra,MODIS,81,6.2,297.5,9,N,0
-21.0302,119.799,328.6,1.1,1,2014-03-30,1436,Terra,MODIS,100,6.2,297.9,27,N,0
-21.0396,119.8004,312,1.1,1,2014-03-30,1436,Terra,MODIS,82,6.2,297.8,8.5,N,0
-21.0409,119.79,316.2,1.1,1,2014-03-30,1436,Terra,MODIS,92,6.2,297.7,11.7,N,0
-21.0423,119.7797,313.5,1.1,1,2014-03-30,1436,Terra,MODIS,82,6.2,297.2,9.3,N,0
-21.0875,119.7719,308.9,1.1,1,2014-03-30,1436,Terra,MODIS,26,6.2,297.3,5.5,N,0
-21.0661,119.7897,318.7,1.1,1,2014-03-30,1436,Terra,MODIS,97,6.2,297.9,13.8,N,0
-21.0596,119.7929,344.2,1.1,1,2014-03-30,1436,Terra,MODIS,100,6.2,299.5,53.3,N,0
-21.061,119.7825,327.3,1.1,1,2014-03-30,1436,Terra,MODIS,100,6.2,298.3,25.3,N,0
-21.0503,119.7915,320.1,1.1,1,2014-03-30,1436,Terra,MODIS,100,6.2,297.7,16.2,N,0
-21.0517,119.7811,342.3,1.1,1,2014-03-30,1436,Terra,MODIS,100,6.2,299,49.6,N,0
-21.053,119.7708,307.9,1.1,1,2014-03-30,1436,Terra,MODIS,58,6.2,296.8,5.6,N,0
-21.1259,119.8411,314.8,1.1,1,2014-03-30,1436,Terra,MODIS,89,6.2,297.6,12,N,0
-21.1273,119.8308,322.4,1.1,1,2014-03-30,1436,Terra,MODIS,100,6.2,298,19.6,N,0
-21.1166,119.8396,326,1.1,1,2014-03-30,1436,Terra,MODIS,100,6.2,298.2,23.8,N,0
-21.118,119.8294,362,1.1,1,2014-03-30,1436,Terra,MODIS,100,6.2,301.7,98.8,N,0
-21.1193,119.819,310.3,1.1,1,2014-03-30,1436,Terra,MODIS,62,6.2,297.7,7.3,N,0
-21.11,119.8176,317,1.1,1,2014-03-30,1436,Terra,MODIS,93,6.2,297.5,12.9,N,0
-21.3528,117.6463,306.5,1.4,1.2,2014-03-30,1436,Terra,MODIS,62,6.2,295.4,7.3,N,0
-32.9956,137.5908,300.8,1,1,2014-03-30,1609,Aqua,MODIS,33,6.2,290.6,4.9,N,0
-21.0402,119.7834,311.8,1.7,1.3,2014-03-30,1744,Aqua,MODIS,83,6.2,294.7,18.8,N,0
-21.0516,119.7927,307.1,1.7,1.3,2014-03-30,1744,Aqua,MODIS,52,6.2,295,11.5,N,0
-20.4643,118.7958,312.4,1.4,1.2,2014-03-30,1744,Aqua,MODIS,85,6.2,295.7,16.6,N,0
-20.4715,118.7676,310,1.4,1.2,2014-03-30,1744,Aqua,MODIS,79,6.2,295.5,13.5,N,0
-20.4773,118.7736,308.7,1.4,1.2,2014-03-30,1744,Aqua,MODIS,75,6.2,295.3,12,N,0
-22.1629,123.723,306.4,3.3,1.7,2014-03-30,1744,Aqua,MODIS,33,6.2,285.1,58.6,N,0
-22.1586,123.7191,304,3.3,1.7,2014-03-30,1745,Aqua,MODIS,24,6.2,285.5,53.8,N,0
-26.802,150.2018,310.6,1.5,1.2,2014-03-30,2353,Terra,MODIS,56,6.2,295.7,8.4,D,2
-31.5931,151.1068,332.7,1.1,1.1,2014-03-30,2354,Terra,MODIS,82,6.2,293.4,35.5,D,0
-33.8035,147.5225,319.1,1.6,1.2,2014-03-30,2355,Terra,MODIS,74,6.2,297.2,21.9,D,0
-33.4366,147.4314,310.6,1.6,1.3,2014-03-30,2355,Terra,MODIS,57,6.2,295.7,10.3,D,0
-33.805,147.5281,319.1,1.6,1.2,2014-03-30,2355,Terra,MODIS,74,6.2,297,20.9,D,0
-33.8676,143.207,318.7,3,1.6,2014-03-30,2355,Terra,MODIS,69,6.2,301.5,43,D,0
-37.1541,149.1567,313.9,1.2,1.1,2014-03-30,2356,Terra,MODIS,74,6.2,289.1,16,D,0
-37.1518,149.1437,304.2,1.2,1.1,2014-03-30,2356,Terra,MODIS,55,6.2,290.5,7.7,D,0
-37.8595,146.1061,334.9,1.6,1.2,2014-03-30,2356,Terra,MODIS,88,6.2,292.2,68.2,D,0
-37.1636,149.1541,303.6,1.2,1.1,2014-03-30,2356,Terra,MODIS,16,6.2,287.9,6.7,D,0
-37.7682,145.9449,304.2,1.6,1.3,2014-03-30,2356,Terra,MODIS,38,6.2,292,10.3,D,0
-37.1068,149.1153,313.1,1.2,1.1,2014-03-30,2356,Terra,MODIS,73,6.2,287.7,14.6,D,0
-37.1164,149.1127,303.4,1.2,1.1,2014-03-30,2356,Terra,MODIS,31,6.2,285.6,6.3,D,0
-37.109,149.128,364.8,1.2,1.1,2014-03-30,2356,Terra,MODIS,100,6.2,292.5,124.4,D,0
-37.1186,149.1255,331.8,1.2,1.1,2014-03-30,2356,Terra,MODIS,88,6.2,286.7,38.8,D,0
-12.2858,131.4205,317.3,1.1,1.1,2014-03-31,0128,Terra,MODIS,48,6.2,298.6,7.6,D,0
-15.4658,136.2064,323.5,1.3,1.1,2014-03-31,0129,Terra,MODIS,69,6.2,304.6,13.6,D,0
-19.6245,134.4756,333,1.2,1.1,2014-03-31,0130,Terra,MODIS,61,6.2,298,32.2,D,0
-19.6259,134.4866,361.2,1.2,1.1,2014-03-31,0130,Terra,MODIS,100,6.2,305.7,100.9,D,0
-19.6274,134.4975,339.9,1.2,1.1,2014-03-31,0130,Terra,MODIS,76,6.2,304.1,44.6,D,0
-19.6163,134.488,346.1,1.2,1.1,2014-03-31,0130,Terra,MODIS,84,6.2,297.5,59.7,D,0
-30.8735,121.4934,307.7,2.2,1.5,2014-03-31,0133,Terra,MODIS,43,6.2,292.5,13.5,D,2
-33.725,122.3047,313.6,1.7,1.3,2014-03-31,0134,Terra,MODIS,47,6.2,296.9,11.9,D,0
-33.7136,122.308,325,1.7,1.3,2014-03-31,0134,Terra,MODIS,80,6.2,298.5,34.8,D,0
-29.4166,115.8399,319.5,3.9,1.8,2014-03-31,0311,Terra,MODIS,71,6.2,303.5,46.7,D,0
-28.4659,114.8878,321.3,3.3,1.7,2014-03-31,0311,Terra,MODIS,63,6.2,305.2,34.9,D,0
-28.471,114.8947,320,3.3,1.7,2014-03-31,0311,Terra,MODIS,59,6.2,304.8,28.8,D,0
-28.2096,114.6039,320,3.1,1.7,2014-03-31,0311,Terra,MODIS,61,6.2,303.1,34.9,D,0
-30.9803,116.7007,315.5,4.6,2,2014-03-31,0312,Terra,MODIS,56,6.2,295.6,58.4,D,0
-30.9819,116.7054,315.4,4.6,2,2014-03-31,0312,Terra,MODIS,64,6.2,295.6,59.9,D,0
-41.0195,145.4105,316.3,1.2,1.1,2014-03-31,0410,Aqua,MODIS,0,6.2,284.1,16.8,D,0
-43.4134,146.8713,407.7,1.1,1,2014-03-31,0410,Aqua,MODIS,100,6.2,302.9,338.6,D,0
-43.3322,147.2915,337.7,1.1,1,2014-03-31,0410,Aqua,MODIS,88,6.2,288,42,D,0
-41.0275,145.4263,394.5,1.2,1.1,2014-03-31,0410,Aqua,MODIS,87,6.2,292.1,268.1,D,0
-41.0292,145.4126,351.1,1.2,1.1,2014-03-31,0410,Aqua,MODIS,0,6.2,288.4,74.9,D,0
-43.1198,146.7849,325.8,1.1,1,2014-03-31,0410,Aqua,MODIS,84,6.2,272.6,29.3,D,0
-43.1103,146.7832,343.2,1.1,1,2014-03-31,0410,Aqua,MODIS,93,6.2,273.4,58.1,D,0
-43.1182,146.7982,351,1.1,1,2014-03-31,0410,Aqua,MODIS,96,6.2,274.1,75.1,D,0
-43.1087,146.7963,367.6,1.1,1,2014-03-31,0410,Aqua,MODIS,100,6.2,274.8,125.2,D,0
-37.9099,143.1566,353.1,1.3,1.1,2014-03-31,0411,Aqua,MODIS,91,6.2,303.3,88.9,D,0
-37.9761,143.0955,329.4,1.4,1.2,2014-03-31,0411,Aqua,MODIS,67,6.2,303.2,28.5,D,0
-37.1364,143.9229,322.1,1.2,1.1,2014-03-31,0411,Aqua,MODIS,77,6.2,304.2,13.5,D,0
-37.1265,143.9211,347.5,1.2,1.1,2014-03-31,0411,Aqua,MODIS,94,6.2,306.7,61.9,D,0
-37.128,143.9075,339.5,1.2,1.1,2014-03-31,0411,Aqua,MODIS,90,6.2,306.1,42.5,D,0
-36.7675,143.6012,347.2,1.2,1.1,2014-03-31,0411,Aqua,MODIS,93,6.2,306,64.9,D,0
-37.9203,143.1583,347.4,1.3,1.1,2014-03-31,0411,Aqua,MODIS,71,6.2,306.5,69.4,D,0
-37.9083,143.1718,356,1.3,1.1,2014-03-31,0411,Aqua,MODIS,92,6.2,303.7,99.7,D,0
-37.1173,149.1206,359,1.1,1,2014-03-31,0411,Aqua,MODIS,94,6.2,290.2,87.5,D,0
-38.0458,143.1912,325.7,1.3,1.1,2014-03-31,0411,Aqua,MODIS,61,6.2,307.1,21.5,D,0
-38.0338,143.2048,346.5,1.3,1.1,2014-03-31,0411,Aqua,MODIS,94,6.2,307.7,68.2,D,0
-38.0396,143.904,320.1,1.2,1.1,2014-03-31,0411,Aqua,MODIS,49,6.2,297.8,15.6,D,0
-38.0412,143.8898,322.1,1.2,1.1,2014-03-31,0411,Aqua,MODIS,60,6.2,294.8,18.8,D,0
-38.2651,143.8838,318.5,1.2,1.1,2014-03-31,0411,Aqua,MODIS,58,6.2,292.7,16.9,D,0
-38.0354,143.1894,333.5,1.3,1.1,2014-03-31,0411,Aqua,MODIS,86,6.2,306.6,34.7,D,0
-37.842,146.0219,308.4,1,1,2014-03-31,0411,Aqua,MODIS,67,6.2,292.4,7.2,D,0
-37.864,146.1171,323.6,1,1,2014-03-31,0411,Aqua,MODIS,82,6.2,292.4,22.2,D,0
-37.9318,145.8865,356.1,1,1,2014-03-31,0411,Aqua,MODIS,93,6.2,285.6,81,D,0
-37.6386,146.1736,419,1,1,2014-03-31,0411,Aqua,MODIS,94,6.2,303,402.4,D,0
-36.5578,145.4712,372,1.1,1,2014-03-31,0411,Aqua,MODIS,75,6.2,292.6,128.3,D,0
-37.9225,145.8849,328.7,1,1,2014-03-31,0411,Aqua,MODIS,86,6.2,287.8,27.5,D,0
-36.5563,145.483,375.9,1.1,1,2014-03-31,0411,Aqua,MODIS,75,6.2,290.7,143.1,D,0
-37.7236,146.149,422,1,1,2014-03-31,0411,Aqua,MODIS,100,6.2,307.3,428.1,D,0
-37.6294,146.1718,319,1,1,2014-03-31,0411,Aqua,MODIS,74,6.2,289,16.4,D,0
-37.7129,146.1586,368,1,1,2014-03-31,0411,Aqua,MODIS,94,6.2,295.4,111.7,D,0
-36.8422,145.2535,327.7,1.1,1,2014-03-31,0411,Aqua,MODIS,83,6.2,295.4,24.5,D,0
-37.9334,145.8744,320.6,1.1,1,2014-03-31,0411,Aqua,MODIS,69,6.2,289.7,18.4,D,0
-37.7312,146.1626,326.1,1,1,2014-03-31,0411,Aqua,MODIS,47,6.2,280.4,21.9,D,0
-37.6401,146.162,333.7,1,1,2014-03-31,0411,Aqua,MODIS,88,6.2,290.5,33.2,D,0
-36.8407,145.2655,318.9,1.1,1,2014-03-31,0411,Aqua,MODIS,60,6.2,291.3,14.2,D,0
-37.8405,146.0338,338.2,1,1,2014-03-31,0411,Aqua,MODIS,91,6.2,294.7,41.7,D,0
-37.1579,149.1498,394.2,1.1,1,2014-03-31,0411,Aqua,MODIS,100,6.2,299.6,234.6,D,0
-37.1599,149.1378,383,1.1,1,2014-03-31,0411,Aqua,MODIS,100,6.2,300.1,176,D,0
-36.5635,145.4792,321.4,1.1,1,2014-03-31,0411,Aqua,MODIS,52,6.2,278.8,16.8,D,0
-34.8328,147.3038,321.1,1,1,2014-03-31,0412,Aqua,MODIS,61,6.2,301.4,10.5,D,0
-35.1146,147.0789,327.4,1,1,2014-03-31,0412,Aqua,MODIS,79,6.2,305.8,14.7,D,0
-36.2767,145.7845,319.9,1,1,2014-03-31,0412,Aqua,MODIS,74,6.2,300.9,9.7,D,0
-34.0214,147.4267,321.1,1,1,2014-03-31,0412,Aqua,MODIS,32,6.2,298.3,10.5,D,0
-34.8339,146.8519,358.7,1,1,2014-03-31,0412,Aqua,MODIS,99,6.2,299.3,72.7,D,0
-35.2149,147.2088,324.6,1,1,2014-03-31,0412,Aqua,MODIS,76,6.2,304.7,12.4,D,0
-34.0305,147.4288,323.7,1,1,2014-03-31,0412,Aqua,MODIS,60,6.2,301.4,13.3,D,0
-33.7276,146.5591,323,1,1,2014-03-31,0412,Aqua,MODIS,52,6.2,299.9,12,D,0
-34.4996,147.3143,335.2,1,1,2014-03-31,0412,Aqua,MODIS,86,6.2,302.7,25.7,D,0
-34.0386,147.4988,322.9,1,1,2014-03-31,0412,Aqua,MODIS,52,6.2,300.7,10.9,D,0
-34.5798,147.1511,339.4,1,1,2014-03-31,0412,Aqua,MODIS,89,6.2,305.2,33.9,D,0
-35.523,146.1387,326.6,1,1,2014-03-31,0412,Aqua,MODIS,70,6.2,296.7,18.3,D,0
-34.9674,147.3232,320.3,1,1,2014-03-31,0412,Aqua,MODIS,40,6.2,302.6,8.5,D,0
-34.0296,147.4968,385.3,1,1,2014-03-31,0412,Aqua,MODIS,94,6.2,305.9,170.6,D,0
-33.3987,146.9155,322.2,1,1,2014-03-31,0412,Aqua,MODIS,72,6.2,301.2,11.2,D,0
-34.9667,147.6954,314.8,1,1,2014-03-31,0412,Aqua,MODIS,59,6.2,300.9,6,D,0
-35.3332,146.9689,329.1,1,1,2014-03-31,0412,Aqua,MODIS,81,6.2,303.3,16.7,D,0
-35.4861,145.311,372.5,1,1,2014-03-31,0412,Aqua,MODIS,100,6.2,309.3,120.6,D,0
-35.4268,147.0178,326.2,1,1,2014-03-31,0412,Aqua,MODIS,52,6.2,300.3,12.8,D,0
-34.5864,147.1579,354.1,1,1,2014-03-31,0412,Aqua,MODIS,97,6.2,303,61.2,D,0
-35.5226,147.1763,319.1,1,1,2014-03-31,0412,Aqua,MODIS,64,6.2,298,11.3,D,0
-34.5444,147.0756,327.6,1,1,2014-03-31,0412,Aqua,MODIS,77,6.2,303.1,18.4,D,0
-35.029,147.4691,361.4,1,1,2014-03-31,0412,Aqua,MODIS,100,6.2,301.1,82.8,D,0
-35.4532,147.2806,366.5,1,1,2014-03-31,0412,Aqua,MODIS,100,6.2,305.2,96.7,D,0
-35.4178,147.0158,322.5,1,1,2014-03-31,0412,Aqua,MODIS,72,6.2,299.3,9.9,D,0
-36.033,145.6935,335.2,1,1,2014-03-31,0412,Aqua,MODIS,87,6.2,299.8,28.1,D,0
-36.24,146.059,361.9,1,1,2014-03-31,0412,Aqua,MODIS,100,6.2,301.8,88.3,D,0
-34.1143,147.4882,327.2,1,1,2014-03-31,0412,Aqua,MODIS,79,6.2,302.5,16.1,D,0
-34.8344,147.2928,328.3,1,1,2014-03-31,0412,Aqua,MODIS,80,6.2,302.6,18.5,D,0
-35.4042,145.1878,332.9,1.1,1,2014-03-31,0412,Aqua,MODIS,82,6.2,304.9,22.1,D,0
-34.7108,146.8806,324.5,1,1,2014-03-31,0412,Aqua,MODIS,63,6.2,304.7,12.2,D,0
-35.1098,146.6638,376.9,1,1,2014-03-31,0412,Aqua,MODIS,100,6.2,309.2,128.9,D,0
-34.7145,147.1703,326.4,1,1,2014-03-31,0412,Aqua,MODIS,70,6.2,300.3,16.2,D,0
-34.6753,146.8054,322.1,1,1,2014-03-31,0412,Aqua,MODIS,71,6.2,306,8.2,D,0
-34.9579,147.6982,333.6,1,1,2014-03-31,0412,Aqua,MODIS,85,6.2,302.7,27,D,0
-34.0312,147.4858,330.2,1,1,2014-03-31,0412,Aqua,MODIS,66,6.2,302.9,19.4,D,0
-35.1008,146.6618,323.8,1,1,2014-03-31,0412,Aqua,MODIS,73,6.2,301.7,10.4,D,0
-35.1083,146.6748,345.1,1,1,2014-03-31,0412,Aqua,MODIS,92,6.2,302.3,39.9,D,0
-35.4938,145.3244,393.8,1,1,2014-03-31,0412,Aqua,MODIS,100,6.2,313.1,219.7,D,0
-35.5084,146.5078,323.2,1,1,2014-03-31,0412,Aqua,MODIS,73,6.2,306,8.8,D,0
-35.5246,146.591,329.3,1,1,2014-03-31,0412,Aqua,MODIS,81,6.2,305.2,16.7,D,0
-36.1613,145.8261,316,1,1,2014-03-31,0412,Aqua,MODIS,68,6.2,299.6,4.5,D,0
-35.123,146.7639,315.4,1,1,2014-03-31,0412,Aqua,MODIS,33,6.2,295,8.2,D,0
-34.8155,147.4774,321.9,1,1,2014-03-31,0412,Aqua,MODIS,73,6.2,301.7,11.4,D,0
-34.5344,147.5665,320.9,1,1,2014-03-31,0412,Aqua,MODIS,23,6.2,300.8,10.1,D,0
-34.554,147.0101,322.3,1,1,2014-03-31,0412,Aqua,MODIS,44,6.2,303.5,10.4,D,0
-35.5706,146.3955,325.4,1,1,2014-03-31,0412,Aqua,MODIS,72,6.2,301.1,13.2,D,0
-35.4231,146.9148,335.5,1,1,2014-03-31,0412,Aqua,MODIS,86,6.2,302.6,27.2,D,0
-36.1597,145.8375,317.2,1,1,2014-03-31,0412,Aqua,MODIS,70,6.2,300.6,5.6,D,0
-35.4057,145.1762,337.7,1.1,1,2014-03-31,0412,Aqua,MODIS,86,6.2,307.1,29.1,D,0
-34.1365,147.5273,326.7,1,1,2014-03-31,0412,Aqua,MODIS,78,6.2,303.4,15.8,D,0
-35.0892,147.062,327.9,1,1,2014-03-31,0412,Aqua,MODIS,79,6.2,306.3,14.8,D,0
-34.1873,147.0632,321.7,1,1,2014-03-31,0412,Aqua,MODIS,70,6.2,302.3,10.5,D,0
-34.2335,146.748,321.9,1,1,2014-03-31,0412,Aqua,MODIS,58,6.2,304.4,8.5,D,0
-34.318,147.1717,323.8,1,1,2014-03-31,0412,Aqua,MODIS,74,6.2,301.1,12.6,D,0
-35.5099,146.4967,324,1,1,2014-03-31,0412,Aqua,MODIS,75,6.2,306,9.6,D,0
-34.1348,147.5384,328.2,1,1,2014-03-31,0412,Aqua,MODIS,80,6.2,302.3,17.5,D,0
-33.3125,146.4366,320.7,1,1,2014-03-31,0412,Aqua,MODIS,60,6.2,306.1,6.9,D,0
-34.6609,146.7123,323.9,1,1,2014-03-31,0412,Aqua,MODIS,73,6.2,304.4,9.9,D,0
-35.4711,146.966,321.9,1,1,2014-03-31,0412,Aqua,MODIS,73,6.2,300.3,11.1,D,0
-35.4105,145.1828,340.2,1.1,1,2014-03-31,0412,Aqua,MODIS,89,6.2,302.9,36,D,0
-36.2299,145.8048,321.2,1,1,2014-03-31,0412,Aqua,MODIS,57,6.2,300.6,10.3,D,0
-34.3767,147.5761,318.2,1,1,2014-03-31,0412,Aqua,MODIS,52,6.2,300.9,8,D,0
-35.4638,147.2716,328.5,1,1,2014-03-31,0412,Aqua,MODIS,81,6.2,301.5,18.8,D,0
-34.5013,147.3033,336.8,1,1,2014-03-31,0412,Aqua,MODIS,87,6.2,305.3,28.1,D,0
-36.3637,144.8802,364.6,1.1,1,2014-03-31,0412,Aqua,MODIS,100,6.2,275.8,108.2,D,0
-34.588,147.147,324,1,1,2014-03-31,0412,Aqua,MODIS,68,6.2,306.1,10.6,D,0
-34.5428,147.0865,319.9,1,1,2014-03-31,0412,Aqua,MODIS,38,6.2,302.8,9.5,D,0
-34.8246,147.4794,319.8,1,1,2014-03-31,0412,Aqua,MODIS,69,6.2,300.1,9,D,0
-35.4846,145.3226,379.6,1,1,2014-03-31,0412,Aqua,MODIS,100,6.2,309.9,149,D,0
-35.4935,146.4183,346.4,1,1,2014-03-31,0412,Aqua,MODIS,93,6.2,308.3,43.2,D,0
-35.104,147.0879,341.9,1,1,2014-03-31,0412,Aqua,MODIS,90,6.2,305.3,35.3,D,0
-36.0346,145.6821,319.8,1,1,2014-03-31,0412,Aqua,MODIS,71,6.2,301.1,9.1,D,0
-35.4742,147.1372,337.7,1,1,2014-03-31,0412,Aqua,MODIS,88,6.2,303,31.8,D,0
-34.6769,146.7945,336.4,1,1,2014-03-31,0412,Aqua,MODIS,86,6.2,306.5,26.1,D,0
-36.0708,145.9533,318,1,1,2014-03-31,0412,Aqua,MODIS,65,6.2,277.2,13.1,D,0
-35.9968,145.1174,318.3,1.1,1,2014-03-31,0412,Aqua,MODIS,45,6.2,293.3,9.3,D,0
-33.3955,146.9371,326.4,1,1,2014-03-31,0412,Aqua,MODIS,78,6.2,302.3,16,D,0
-33.3971,146.9263,339.3,1,1,2014-03-31,0412,Aqua,MODIS,89,6.2,299.8,34.3,D,0
-35.113,147.0899,359.4,1,1,2014-03-31,0412,Aqua,MODIS,99,6.2,307.1,73.3,D,0
-35.5747,145.0657,334.9,1.1,1,2014-03-31,0412,Aqua,MODIS,84,6.2,288.9,30,D,0
-36.161,146.1766,352.2,1,1,2014-03-31,0412,Aqua,MODIS,96,6.2,290,62.7,D,0
-33.557,146.4667,316.9,1,1,2014-03-31,0412,Aqua,MODIS,26,6.2,297.6,8.4,D,0
-34.1105,145.8643,322.2,1,1,2014-03-31,0412,Aqua,MODIS,52,6.2,306.9,7,D,0
-34.9583,147.3212,321.8,1,1,2014-03-31,0412,Aqua,MODIS,70,6.2,301.7,10.5,D,0
-36.2812,145.8916,348.3,1,1,2014-03-31,0412,Aqua,MODIS,95,6.2,296.1,52.3,D,0
-35.4948,146.8007,315.7,1,1,2014-03-31,0412,Aqua,MODIS,43,6.2,298.2,7.6,D,0
-36.2797,145.903,324.5,1,1,2014-03-31,0412,Aqua,MODIS,79,6.2,292.9,14.3,D,0
-35.4933,146.8117,313.4,1,1,2014-03-31,0412,Aqua,MODIS,32,6.2,297.5,5.3,D,0
-35.5215,146.1498,328.7,1,1,2014-03-31,0412,Aqua,MODIS,79,6.2,295.1,20.7,D,0
-34.3735,145.8914,328.6,1,1,2014-03-31,0412,Aqua,MODIS,74,6.2,301.3,18.3,D,0
-36.2385,146.0703,375.7,1,1,2014-03-31,0412,Aqua,MODIS,100,6.2,301.3,134.5,D,0
-34.7713,147.4038,319.7,1,1,2014-03-31,0412,Aqua,MODIS,69,6.2,303.4,8.9,D,0
-35.0306,147.4581,321,1,1,2014-03-31,0412,Aqua,MODIS,58,6.2,299.4,10.4,D,0
-34.7689,146.9902,318.4,1,1,2014-03-31,0412,Aqua,MODIS,21,6.2,300.4,6.9,D,0
-36.1666,146.34,316.6,1,1,2014-03-31,0412,Aqua,MODIS,68,6.2,300.6,8.3,D,0
-35.492,146.4294,345.6,1,1,2014-03-31,0412,Aqua,MODIS,92,6.2,307.3,41.6,D,0
-35.4175,146.442,358,1,1,2014-03-31,0412,Aqua,MODIS,99,6.2,308.7,69.3,D,0
-36.2284,145.8163,366.8,1,1,2014-03-31,0412,Aqua,MODIS,94,6.2,301.8,101.3,D,0
-36.2614,145.8286,319.7,1,1,2014-03-31,0412,Aqua,MODIS,74,6.2,300.7,9.5,D,0
-35.3611,146.958,317.1,1,1,2014-03-31,0412,Aqua,MODIS,50,6.2,300.8,5.6,D,0
-35.4194,147.0048,322.7,1,1,2014-03-31,0412,Aqua,MODIS,69,6.2,302,10.2,D,0
-35.4191,146.431,324.5,1,1,2014-03-31,0412,Aqua,MODIS,61,6.2,306.6,10.7,D,0
-35.3114,147.0549,319.3,1,1,2014-03-31,0412,Aqua,MODIS,58,6.2,303.9,6.8,D,0
-35.0199,147.4671,331.9,1,1,2014-03-31,0412,Aqua,MODIS,84,6.2,298.1,23,D,0
-34.5561,147.4231,319.1,1,1,2014-03-31,0412,Aqua,MODIS,34,6.2,297.1,10.6,D,0
-35.569,146.4066,359.5,1,1,2014-03-31,0412,Aqua,MODIS,99,6.2,306.7,74.6,D,0
-36.3652,144.868,328.7,1.1,1,2014-03-31,0412,Aqua,MODIS,69,6.2,271.5,26,D,0
-35.523,146.602,331.2,1,1,2014-03-31,0412,Aqua,MODIS,82,6.2,305.1,19.1,D,0
-34.5103,147.3053,363.5,1,1,2014-03-31,0412,Aqua,MODIS,100,6.2,306.6,86.8,D,0
-36.165,146.3513,325.4,1,1,2014-03-31,0412,Aqua,MODIS,80,6.2,301.1,17.1,D,0
-34.7196,146.9457,346.8,1,1,2014-03-31,0412,Aqua,MODIS,93,6.2,300.1,48.2,D,0
-35.4215,146.9258,324.9,1,1,2014-03-31,0412,Aqua,MODIS,65,6.2,301.4,13,D,0
-34.5472,147.2456,320.2,1,1,2014-03-31,0412,Aqua,MODIS,69,6.2,304.4,7.9,D,0
-35.132,146.7658,335.5,1,1,2014-03-31,0412,Aqua,MODIS,81,6.2,302.3,30,D,0
-35.1336,146.7548,328.6,1,1,2014-03-31,0412,Aqua,MODIS,69,6.2,294.8,20.6,D,0
-36.0437,145.7546,326.5,1,1,2014-03-31,0412,Aqua,MODIS,80,6.2,305.6,13.8,D,0
-35.3347,146.9579,320.5,1,1,2014-03-31,0412,Aqua,MODIS,60,6.2,303.4,7.3,D,0
-35.5781,146.4085,319.2,1,1,2014-03-31,0412,Aqua,MODIS,49,6.2,304.4,6,D,0
-35.4953,145.3129,409,1,1,2014-03-31,0412,Aqua,MODIS,100,6.2,320.3,319.6,D,0
-33.7381,146.5502,329.2,1,1,2014-03-31,0412,Aqua,MODIS,59,6.2,301.9,18.2,D,0
-35.2133,147.2198,336.6,1,1,2014-03-31,0412,Aqua,MODIS,87,6.2,303.8,28,D,0
-35.4257,146.4381,326.3,1,1,2014-03-31,0412,Aqua,MODIS,77,6.2,305.9,11.4,D,0
-35.3297,147.11,324.2,1,1,2014-03-31,0412,Aqua,MODIS,72,6.2,302.4,14,D,0
-34.8324,146.8628,325,1,1,2014-03-31,0412,Aqua,MODIS,70,6.2,300.1,12.9,D,0
-34.5382,147.2436,330.7,1,1,2014-03-31,0412,Aqua,MODIS,82,6.2,304.2,19.6,D,0
-35.614,143.502,344,1.2,1.1,2014-03-31,0412,Aqua,MODIS,90,6.2,303.2,51,D,0
-36.6171,142.3917,369,1.4,1.2,2014-03-31,0412,Aqua,MODIS,100,6.2,310.4,165.6,D,0
-36.0078,143.2349,334.7,1.3,1.1,2014-03-31,0412,Aqua,MODIS,84,6.2,310.3,27.4,D,0
-36.4471,142.8298,379.4,1.3,1.1,2014-03-31,0412,Aqua,MODIS,100,6.2,309.1,210.7,D,0
-35.7699,142.116,334.5,1.4,1.2,2014-03-31,0412,Aqua,MODIS,73,6.2,311.9,29.2,D,0
-35.6125,143.5154,336.2,1.2,1.1,2014-03-31,0412,Aqua,MODIS,84,6.2,297.8,32.4,D,0
-35.6244,143.4956,330.3,1.2,1.1,2014-03-31,0412,Aqua,MODIS,34,6.2,297.8,26.5,D,0
-36.6188,142.3757,322.7,1.4,1.2,2014-03-31,0412,Aqua,MODIS,68,6.2,307.1,11.2,D,0
-35.6229,143.509,383.5,1.2,1.1,2014-03-31,0412,Aqua,MODIS,100,6.2,302.8,209.4,D,0
-36.417,143.3872,323.5,1.3,1.1,2014-03-31,0412,Aqua,MODIS,72,6.2,305.6,13.5,D,0
-35.6684,143.0088,332.2,1.3,1.1,2014-03-31,0412,Aqua,MODIS,80,6.2,312.3,20.4,D,0
-35.613,143.5073,355.2,1.2,1.1,2014-03-31,0412,Aqua,MODIS,97,6.2,301.5,83.4,D,0
-36.6278,142.3934,342.3,1.4,1.2,2014-03-31,0412,Aqua,MODIS,90,6.2,307.9,56.2,D,0
-36.6154,142.4077,328,1.4,1.2,2014-03-31,0412,Aqua,MODIS,77,6.2,307.1,20.9,D,0
-35.1097,142.7723,336.9,1.3,1.1,2014-03-31,0412,Aqua,MODIS,82,6.2,315,28.6,D,0
-35.1081,142.7866,357.8,1.3,1.1,2014-03-31,0412,Aqua,MODIS,98,6.2,315.4,90.6,D,0
-36.2416,142.7015,326.2,1.3,1.2,2014-03-31,0412,Aqua,MODIS,67,6.2,309.3,12.5,D,0
-35.1065,142.8009,331,1.3,1.1,2014-03-31,0412,Aqua,MODIS,65,6.2,310.4,17.8,D,0
-35.1183,142.7883,328.4,1.3,1.1,2014-03-31,0412,Aqua,MODIS,67,6.2,313,12.9,D,0
-36.4487,142.8148,388,1.3,1.1,2014-03-31,0412,Aqua,MODIS,100,6.2,312.1,269.9,D,0
-35.7616,142.1201,333.7,1.4,1.2,2014-03-31,0412,Aqua,MODIS,63,6.2,312.9,27.1,D,0
-36.2399,142.7166,325.9,1.3,1.1,2014-03-31,0412,Aqua,MODIS,57,6.2,309.8,12,D,0
-36.2463,142.7077,331.8,1.3,1.2,2014-03-31,0412,Aqua,MODIS,81,6.2,309.2,23.7,D,0
-36.0204,143.8347,328,1.2,1.1,2014-03-31,0412,Aqua,MODIS,76,6.2,299.7,20.5,D,0
-36.022,143.8214,364.9,1.2,1.1,2014-03-31,0412,Aqua,MODIS,100,6.2,308.4,115.1,D,0
-36.0318,143.8232,327.6,1.2,1.1,2014-03-31,0412,Aqua,MODIS,56,6.2,304.6,19.8,D,0
-35.9627,143.9848,314.8,1.2,1.1,2014-03-31,0412,Aqua,MODIS,21,6.2,295.9,6.3,D,0
-36.0007,143.5717,344,1.2,1.1,2014-03-31,0412,Aqua,MODIS,91,6.2,311.7,46.8,D,0
-34.547,148.026,318.9,1,1,2014-03-31,0412,Aqua,MODIS,69,6.2,300.3,10.5,D,0
-34.5389,148.0289,318.9,1,1,2014-03-31,0412,Aqua,MODIS,69,6.2,299.4,11.5,D,0
-34.5406,148.0176,312.8,1,1,2014-03-31,0412,Aqua,MODIS,51,6.2,300.1,6.1,D,0
-34.6444,148.1709,312.5,1,1,2014-03-31,0412,Aqua,MODIS,50,6.2,298.7,6.1,D,0
-34.4948,148.3124,315.8,1.1,1,2014-03-31,0412,Aqua,MODIS,65,6.2,298.7,9.2,D,0
-34.4966,148.301,311.4,1.1,1,2014-03-31,0412,Aqua,MODIS,49,6.2,298.6,5.5,D,0
-34.6433,148.3599,314.3,1.1,1,2014-03-31,0412,Aqua,MODIS,61,6.2,299.6,8.3,D,0
-34.5771,148.5953,309.7,1.1,1,2014-03-31,0412,Aqua,MODIS,44,6.2,298.5,5,D,0
-34.5789,148.5837,315.3,1.1,1,2014-03-31,0412,Aqua,MODIS,66,6.2,299.4,9.8,D,0
-33.9996,148.1675,319.7,1.1,1,2014-03-31,0412,Aqua,MODIS,67,6.2,302.7,9.9,D,0
-33.9904,148.1654,399.8,1.1,1,2014-03-31,0412,Aqua,MODIS,100,6.2,308.6,263,D,0
-34.005,148.1335,314.6,1.1,1,2014-03-31,0412,Aqua,MODIS,59,6.2,300.2,5.8,D,0
-33.9886,148.1767,337.7,1.1,1,2014-03-31,0412,Aqua,MODIS,88,6.2,301.2,33.8,D,0
-33.9922,148.154,328.4,1.1,1,2014-03-31,0412,Aqua,MODIS,81,6.2,302.7,19.2,D,0
-33.9329,148.1219,321.5,1.1,1,2014-03-31,0412,Aqua,MODIS,73,6.2,301.4,12.4,D,0
-33.5187,148.6791,342.6,1.1,1,2014-03-31,0412,Aqua,MODIS,92,6.2,302.3,46.9,D,0
-33.5206,148.6673,344,1.1,1,2014-03-31,0412,Aqua,MODIS,92,6.2,305.2,49.9,D,0
-33.5146,148.6718,327.6,1.1,1,2014-03-31,0412,Aqua,MODIS,82,6.2,302.7,21.5,D,0
-34.7904,147.8275,315.7,1,1,2014-03-31,0412,Aqua,MODIS,61,6.2,302.2,5.9,D,0
-34.0598,148.7271,317.7,1.1,1,2014-03-31,0412,Aqua,MODIS,70,6.2,299.4,11.4,D,0
-31.6933,148.274,320.1,1.1,1.1,2014-03-31,0413,Aqua,MODIS,59,6.2,306.5,8.4,D,0
-31.6094,146.0093,320.7,1,1,2014-03-31,0413,Aqua,MODIS,59,6.2,308.2,7.5,D,0
-25.7763,150.1317,319.5,1.8,1.3,2014-03-31,0414,Aqua,MODIS,64,6.2,298.1,20.2,D,0
-25.7816,150.1385,319.3,1.8,1.3,2014-03-31,0414,Aqua,MODIS,69,6.2,298.7,21.6,D,0
-25.7848,150.1212,315.3,1.8,1.3,2014-03-31,0414,Aqua,MODIS,60,6.2,296.3,14.4,D,0
-19.6193,134.4955,339.1,2.9,1.6,2014-03-31,0416,Aqua,MODIS,85,6.2,308.1,119.1,D,0
-34.3153,117.2034,306.9,1.4,1.2,2014-03-31,0551,Aqua,MODIS,0,6.2,286.6,5.8,D,0
-31.4765,117.3491,334.5,1.3,1.1,2014-03-31,0552,Aqua,MODIS,83,6.2,309,31.5,D,0
-31.5388,118.3724,337.6,1.1,1.1,2014-03-31,0552,Aqua,MODIS,86,6.2,309.8,33.8,D,0
-31.6082,117.613,322,1.2,1.1,2014-03-31,0552,Aqua,MODIS,68,6.2,305.7,13,D,0
-31.384,118.9647,318.7,1.1,1,2014-03-31,0552,Aqua,MODIS,56,6.2,303.4,6.3,D,0
-31.9572,117.8398,328.4,1.2,1.1,2014-03-31,0552,Aqua,MODIS,79,6.2,297.8,24,D,0
-31.61,117.6078,323,1.2,1.1,2014-03-31,0552,Aqua,MODIS,69,6.2,305.5,13.8,D,0
-31.477,116.8185,325.4,1.4,1.2,2014-03-31,0552,Aqua,MODIS,72,6.2,301.2,22.6,D,0
-31.4394,118.5216,323.7,1.1,1.1,2014-03-31,0552,Aqua,MODIS,70,6.2,304,11.9,D,0
-31.552,118.2629,322.3,1.2,1.1,2014-03-31,0552,Aqua,MODIS,68,6.2,308.3,8.8,D,0
-31.7004,117.2573,330.6,1.3,1.1,2014-03-31,0552,Aqua,MODIS,80,6.2,305.7,27.1,D,0
-31.444,116.8282,318.1,1.4,1.2,2014-03-31,0552,Aqua,MODIS,52,6.2,298.1,10.9,D,0
-28.5392,122.1003,335.2,1.1,1,2014-03-31,0552,Aqua,MODIS,50,6.2,310.4,24.2,D,0
-30.8727,121.4836,324.1,1,1,2014-03-31,0552,Aqua,MODIS,73,6.2,303.4,11,D,2
-30.8711,121.4941,326.3,1,1,2014-03-31,0552,Aqua,MODIS,76,6.2,305.6,13.6,D,2
-29.5237,115.3214,330.6,1.6,1.2,2014-03-31,0552,Aqua,MODIS,76,6.2,308.4,36,D,0
-30.8857,116.4948,347.9,1.4,1.2,2014-03-31,0552,Aqua,MODIS,93,6.2,299.1,83.3,D,0
-30.8735,116.5079,317.2,1.4,1.2,2014-03-31,0552,Aqua,MODIS,31,6.2,299.1,11.8,D,0
-30.8751,116.4932,327.7,1.4,1.2,2014-03-31,0552,Aqua,MODIS,75,6.2,297.6,31.4,D,0
-30.5113,116.4896,322.3,1.4,1.2,2014-03-31,0552,Aqua,MODIS,65,6.2,299,15.4,D,0
-30.7315,117.0554,326.2,1.3,1.1,2014-03-31,0552,Aqua,MODIS,73,6.2,311,14.4,D,0
-31.7583,118.6303,327,1.1,1.1,2014-03-31,0552,Aqua,MODIS,76,6.2,309,15.5,D,0
-31.8054,118.0896,316.3,1.2,1.1,2014-03-31,0552,Aqua,MODIS,37,6.2,295.2,7.7,D,0
-30.9273,117.9797,324.5,1.2,1.1,2014-03-31,0552,Aqua,MODIS,70,6.2,309.1,11.7,D,0
-31.4282,116.6264,356.4,1.4,1.2,2014-03-31,0552,Aqua,MODIS,98,6.2,293.7,116.6,D,0
-31.7568,118.6422,323.2,1.1,1.1,2014-03-31,0552,Aqua,MODIS,71,6.2,308.8,10.3,D,0
-30.937,117.9813,337.6,1.2,1.1,2014-03-31,0552,Aqua,MODIS,86,6.2,310.2,32.8,D,0
-31.7617,118.6374,332,1.1,1.1,2014-03-31,0552,Aqua,MODIS,82,6.2,308.9,21.9,D,0
-30.7703,117.0531,326.8,1.3,1.1,2014-03-31,0552,Aqua,MODIS,68,6.2,310.7,14.3,D,0
-30.7299,117.069,324.2,1.3,1.1,2014-03-31,0552,Aqua,MODIS,69,6.2,310.4,11.2,D,0
-31.702,117.2435,329.8,1.3,1.1,2014-03-31,0552,Aqua,MODIS,80,6.2,306.5,25.8,D,0
-30.8841,116.5095,339,1.4,1.2,2014-03-31,0552,Aqua,MODIS,87,6.2,298.5,54.8,D,0
-30.7606,117.0737,325.3,1.3,1.1,2014-03-31,0552,Aqua,MODIS,52,6.2,310.1,11.6,D,0
-31.1537,116.6427,336.4,1.4,1.2,2014-03-31,0552,Aqua,MODIS,85,6.2,302.5,45.3,D,0
-31.1432,116.6412,324.1,1.4,1.2,2014-03-31,0552,Aqua,MODIS,69,6.2,301.1,20.5,D,0
-31.0196,116.5416,334.8,1.4,1.2,2014-03-31,0552,Aqua,MODIS,83,6.2,299.7,44,D,0
-30.9843,116.6693,322.6,1.4,1.2,2014-03-31,0552,Aqua,MODIS,36,6.2,307,12.1,D,0
-30.9782,116.6778,329.2,1.4,1.2,2014-03-31,0552,Aqua,MODIS,77,6.2,306.7,23.7,D,0
-31.0627,116.7904,326.2,1.4,1.2,2014-03-31,0552,Aqua,MODIS,70,6.2,302.4,20.1,D,0
-31.1518,116.8471,322.7,1.3,1.1,2014-03-31,0552,Aqua,MODIS,0,6.2,302.8,12.3,D,0
-30.8741,117.6524,324.9,1.2,1.1,2014-03-31,0552,Aqua,MODIS,71,6.2,310.7,10.4,D,0
-32.3362,117.8055,325.3,1.2,1.1,2014-03-31,0552,Aqua,MODIS,77,6.2,302,19.3,D,0
-29.8762,115.9783,332.1,1.5,1.2,2014-03-31,0552,Aqua,MODIS,72,6.2,294.1,41.6,D,0
-29.8778,115.9631,357.3,1.5,1.2,2014-03-31,0552,Aqua,MODIS,98,6.2,297,123.8,D,0
-29.8733,115.971,355.7,1.5,1.2,2014-03-31,0552,Aqua,MODIS,97,6.2,295.6,118.3,D,0
-29.875,115.9558,338.5,1.5,1.2,2014-03-31,0552,Aqua,MODIS,86,6.2,296.5,57.2,D,0
-30.7688,117.0667,336.1,1.3,1.1,2014-03-31,0552,Aqua,MODIS,84,6.2,310.8,32.7,D,0
-32.186,118.0469,343.2,1.2,1.1,2014-03-31,0552,Aqua,MODIS,91,6.2,298.9,51.3,D,0
-29.2578,115.7806,322,1.5,1.2,2014-03-31,0552,Aqua,MODIS,42,6.2,302.7,12,D,0
-31.3898,117.667,321.9,1.2,1.1,2014-03-31,0552,Aqua,MODIS,64,6.2,307.6,7.7,D,0
-30.0155,116.4742,326.6,1.4,1.2,2014-03-31,0552,Aqua,MODIS,73,6.2,309.5,16.7,D,0
-32.1845,118.0597,343.2,1.2,1.1,2014-03-31,0552,Aqua,MODIS,91,6.2,298.6,50.8,D,0
-30.7622,117.0602,331.9,1.3,1.1,2014-03-31,0552,Aqua,MODIS,80,6.2,311,23.5,D,0
-31.2417,117.7152,334.7,1.2,1.1,2014-03-31,0552,Aqua,MODIS,83,6.2,310.8,26.5,D,0
-30.9355,117.9937,336.7,1.2,1.1,2014-03-31,0552,Aqua,MODIS,85,6.2,308.7,31,D,0
-31.196,118.2659,335.9,1.1,1.1,2014-03-31,0552,Aqua,MODIS,84,6.2,311.2,28.4,D,0
-31.2432,117.7024,340.7,1.2,1.1,2014-03-31,0552,Aqua,MODIS,88,6.2,311.6,39.7,D,0
-31.2447,117.6896,326.3,1.2,1.1,2014-03-31,0552,Aqua,MODIS,73,6.2,310.4,12.7,D,0
-29.3974,115.9653,323.1,1.4,1.2,2014-03-31,0552,Aqua,MODIS,56,6.2,307.9,11,D,0
-29.3596,116.1098,327.1,1.4,1.2,2014-03-31,0552,Aqua,MODIS,69,6.2,310.9,16.2,D,0
-32.1104,118.3424,314.8,1.2,1.1,2014-03-31,0552,Aqua,MODIS,40,6.2,290.8,7.6,D,0
-32.1089,118.3547,323.6,1.2,1.1,2014-03-31,0552,Aqua,MODIS,73,6.2,289.9,18.6,D,0
-32.1959,118.0485,323.2,1.2,1.1,2014-03-31,0552,Aqua,MODIS,65,6.2,299.1,15.3,D,0
-32.1964,118.0553,322.9,1.2,1.1,2014-03-31,0552,Aqua,MODIS,65,6.2,300.2,14.8,D,0
-29.4166,115.6904,329.2,1.5,1.2,2014-03-31,0552,Aqua,MODIS,73,6.2,312.1,23.3,D,0
-29.3667,115.6361,324,1.5,1.2,2014-03-31,0552,Aqua,MODIS,55,6.2,308.9,16.9,D,0
-29.3684,115.6202,366.7,1.5,1.2,2014-03-31,0552,Aqua,MODIS,100,6.2,313.3,171.1,D,0
-29.3652,115.6288,352,1.5,1.2,2014-03-31,0552,Aqua,MODIS,95,6.2,311,98.7,D,0
-29.3669,115.6131,350.2,1.5,1.2,2014-03-31,0552,Aqua,MODIS,94,6.2,313.1,91.2,D,0
-29.3355,115.7967,331.8,1.5,1.2,2014-03-31,0552,Aqua,MODIS,77,6.2,301.3,32.8,D,0
-30.799,118.0217,324.6,1.2,1.1,2014-03-31,0552,Aqua,MODIS,70,6.2,309.2,11.3,D,0
-31.1945,118.278,377.3,1.1,1.1,2014-03-31,0552,Aqua,MODIS,100,6.2,316.2,157.2,D,0
-29.4765,115.3435,323,1.6,1.2,2014-03-31,0552,Aqua,MODIS,57,6.2,306.7,17.3,D,0
-30.5097,116.5042,330.2,1.4,1.2,2014-03-31,0552,Aqua,MODIS,79,6.2,300.2,29.9,D,0
-28.639,114.87,331.3,1.6,1.3,2014-03-31,0553,Aqua,MODIS,73,6.2,308.2,32.5,D,0
-28.6422,114.865,336.6,1.6,1.3,2014-03-31,0553,Aqua,MODIS,81,6.2,309.1,47.9,D,0
-27.9633,114.7157,327.7,1.7,1.3,2014-03-31,0553,Aqua,MODIS,63,6.2,311.9,18.2,D,0
-28.7544,115.2943,327.3,1.6,1.2,2014-03-31,0553,Aqua,MODIS,42,6.2,310.1,15.6,D,0
-28.7562,115.2783,326.6,1.6,1.2,2014-03-31,0553,Aqua,MODIS,39,6.2,310.5,14.3,D,0
-28.4804,114.8722,332.4,1.6,1.3,2014-03-31,0553,Aqua,MODIS,75,6.2,310,31.5,D,0
-28.4673,114.8875,328.5,1.6,1.3,2014-03-31,0553,Aqua,MODIS,49,6.2,309.7,19.9,D,0
-28.469,114.8707,332.4,1.6,1.3,2014-03-31,0553,Aqua,MODIS,74,6.2,310.2,30.6,D,0
-28.4559,114.886,328,1.6,1.3,2014-03-31,0553,Aqua,MODIS,17,6.2,310.6,18,D,0
-28.2035,115.1344,326.2,1.6,1.2,2014-03-31,0553,Aqua,MODIS,54,6.2,311.1,19.3,D,0
-28.6523,114.8544,325.8,1.7,1.3,2014-03-31,0553,Aqua,MODIS,58,6.2,307.1,18.6,D,0
-28.7619,114.7889,332,1.7,1.3,2014-03-31,0553,Aqua,MODIS,75,6.2,307.8,37.4,D,0
-28.7637,114.7715,325.6,1.7,1.3,2014-03-31,0553,Aqua,MODIS,59,6.2,308.7,20.5,D,0
-28.287,114.5675,328.3,1.7,1.3,2014-03-31,0553,Aqua,MODIS,67,6.2,308.5,27.3,D,0
-28.6505,114.8714,336.7,1.6,1.3,2014-03-31,0553,Aqua,MODIS,81,6.2,310,48.6,D,0
-22.1236,123.5937,339.2,1.6,1.2,2014-03-31,0554,Aqua,MODIS,72,6.2,315.2,32.2,D,0
-17.8404,124.5484,329.3,2.2,1.4,2014-03-31,0555,Aqua,MODIS,74,6.2,303,33.9,D,0
-17.8499,124.5552,329.7,2.2,1.4,2014-03-31,0555,Aqua,MODIS,75,6.2,304,32.4,D,0
-17.8441,124.5276,325.6,2.2,1.4,2014-03-31,0555,Aqua,MODIS,60,6.2,303.1,19,D,0
-17.8497,124.5718,329.1,2.2,1.5,2014-03-31,0555,Aqua,MODIS,74,6.2,304.1,32,D,0
-20.5274,118.7529,334.9,1,1,2014-03-31,0555,Aqua,MODIS,69,6.2,307.8,20.4,D,0
-21.0706,119.8047,343,1,1,2014-03-31,0555,Aqua,MODIS,72,6.2,315.1,26.6,D,0
-21.0721,119.7948,345.7,1,1,2014-03-31,0555,Aqua,MODIS,86,6.2,315.6,31,D,0
-21.0615,119.8031,338.6,1,1,2014-03-31,0555,Aqua,MODIS,61,6.2,316.2,17.5,D,0
-21.063,119.7932,339.5,1,1,2014-03-31,0555,Aqua,MODIS,64,6.2,316.3,17.8,D,0
-21.0538,119.7916,334.4,1,1,2014-03-31,0555,Aqua,MODIS,55,6.2,315.7,10.4,D,0
-33.7047,146.2379,305.8,2.1,1.4,2014-03-31,1336,Terra,MODIS,66,6.2,289.9,21.9,N,0
-33.7059,146.2329,304.6,2.1,1.4,2014-03-31,1336,Terra,MODIS,61,6.2,290,19.8,N,0
-38.1781,141.3903,308.5,1,1,2014-03-31,1336,Terra,MODIS,75,6.2,289.7,9.8,N,0
-38.1872,141.3927,305.4,1,1,2014-03-31,1336,Terra,MODIS,30,6.2,289.6,7.4,N,0
-38.1763,141.4021,301.5,1,1,2014-03-31,1336,Terra,MODIS,9,6.2,289.1,5.1,N,0
-33.1511,134.7163,304.9,1.3,1.1,2014-03-31,1337,Terra,MODIS,21,6.2,284.6,11,N,0
-33.0088,137.5824,304.4,1,1,2014-03-31,1337,Terra,MODIS,50,6.2,293.5,4.8,N,0
-24.9811,128.3598,322.6,2.6,1.6,2014-03-31,1339,Terra,MODIS,100,6.2,293.4,72.2,N,0
-24.9766,128.4108,309.6,2.6,1.5,2014-03-31,1339,Terra,MODIS,49,6.2,292.5,31.5,N,0
-24.9788,128.3863,379.7,2.6,1.5,2014-03-31,1339,Terra,MODIS,100,6.2,297.4,604.7,N,0
-24.9928,128.3874,316.3,2.6,1.5,2014-03-31,1339,Terra,MODIS,93,6.2,293.1,52,N,0
-24.988,128.3808,337.3,2.6,1.5,2014-03-31,1340,Terra,MODIS,100,6.2,294.9,150.3,N,0
-24.974,128.3793,357.9,2.6,1.5,2014-03-31,1340,Terra,MODIS,100,6.2,294.7,319.1,N,0
-24.9716,128.4043,319.2,2.6,1.5,2014-03-31,1340,Terra,MODIS,98,6.2,293,63.3,N,0
-24.9997,128.4064,307.5,2.6,1.5,2014-03-31,1340,Terra,MODIS,68,6.2,292,28.5,N,0
-24.9857,128.4053,321.3,2.6,1.5,2014-03-31,1340,Terra,MODIS,100,6.2,293.3,70.8,N,0
-25.0021,128.3809,310.9,2.6,1.5,2014-03-31,1340,Terra,MODIS,81,6.2,292.6,35.9,N,0
-18.6823,127.1004,307.6,2.7,1.6,2014-03-31,1341,Terra,MODIS,72,6.2,291.2,20.6,N,0
-18.6723,127.1047,306.3,2.7,1.6,2014-03-31,1341,Terra,MODIS,67,6.2,289.4,16.5,N,0
-14.6659,125.4675,309.1,3.1,1.7,2014-03-31,1342,Terra,MODIS,76,6.2,289.6,33.7,N,0
-14.6804,133.5311,305.2,1,1,2014-03-31,1342,Terra,MODIS,63,6.2,288.9,4.8,N,0
-24.9208,148.5825,306.8,1.3,1.1,2014-03-31,1511,Aqua,MODIS,69,6.2,291.3,10.7,N,0
-24.9186,148.5695,302,1.3,1.1,2014-03-31,1511,Aqua,MODIS,46,6.2,290.8,6.8,N,0
-23.371,147.9014,303,1.6,1.2,2014-03-31,1511,Aqua,MODIS,53,6.2,291.8,8.7,N,0
-26.7938,150.2034,307.1,1.1,1,2014-03-31,1512,Aqua,MODIS,70,6.2,291.1,8.3,N,0
-37.1494,149.1478,333,1,1,2014-03-31,1514,Aqua,MODIS,100,6.2,285.2,35.5,N,0
-37.1019,149.1306,315.7,1,1,2014-03-31,1514,Aqua,MODIS,92,6.2,279.2,17.4,N,0
-33.6968,146.2434,308.1,1.3,1.1,2014-03-31,1514,Aqua,MODIS,73,6.2,289.1,12.4,N,0
-37.151,149.159,304.7,1,1,2014-03-31,1514,Aqua,MODIS,61,6.2,283.8,8.5,N,0
-35.7261,142.073,300.1,2,1.4,2014-03-31,1514,Aqua,MODIS,16,6.2,287,14.8,N,0
-30.7713,116.0968,305.9,1.2,1.1,2014-03-31,1516,Terra,MODIS,66,6.2,285.3,11.7,N,0
-14.6823,133.5382,313,1.3,1.1,2014-03-31,1647,Aqua,MODIS,86,6.2,284,17.7,N,0
-19.6088,134.5105,320.3,1.8,1.3,2014-03-31,1648,Aqua,MODIS,100,6.2,293.1,43,N,0
-19.6032,134.5059,316.3,1.8,1.3,2014-03-31,1648,Aqua,MODIS,93,6.2,293.4,34,N,0
-19.6052,134.5233,301.9,1.8,1.3,2014-03-31,1648,Aqua,MODIS,37,6.2,291.7,9.9,N,0
-24.9854,128.3882,313.1,1,1,2014-03-31,1650,Aqua,MODIS,86,6.2,294,10.2,N,0
-24.9764,128.3898,305.5,1,1,2014-03-31,1650,Aqua,MODIS,46,6.2,294.7,5,N,0
-24.9868,128.3983,304.8,1,1,2014-03-31,1650,Aqua,MODIS,15,6.2,293.9,4.6,N,0
-24.9778,128.3999,304.5,1,1,2014-03-31,1650,Aqua,MODIS,44,6.2,294.5,4.8,N,0
-35.3696,146.6563,323.5,1.4,1.2,2014-04-01,0038,Terra,MODIS,78,6.2,296.6,22.4,D,0
-32.2069,147.2583,310.4,1.4,1.2,2014-04-01,0038,Terra,MODIS,52,6.2,297.2,7.4,D,0
-33.7863,145.7469,321.2,1.2,1.1,2014-04-01,0038,Terra,MODIS,69,6.2,301.8,11.8,D,0
-33.8988,143.2278,339.7,1,1,2014-04-01,0038,Terra,MODIS,87,6.2,307.5,31.8,D,0
-33.7648,138.0329,319.2,1.3,1.1,2014-04-01,0038,Terra,MODIS,53,6.2,305.7,8.5,D,0
-33.9709,137.5868,317.6,1.4,1.2,2014-04-01,0038,Terra,MODIS,45,6.2,302.2,10.8,D,0
-33.7039,146.2436,329,1.3,1.1,2014-04-01,0038,Terra,MODIS,81,6.2,299.6,29.7,D,0
-35.1548,146.6541,318,1.4,1.2,2014-04-01,0038,Terra,MODIS,70,6.2,299.3,11.4,D,0
-33.7009,146.2384,326.8,1.3,1.1,2014-04-01,0038,Terra,MODIS,79,6.2,300.3,27.1,D,0
-33.8056,137.9616,318.5,1.4,1.2,2014-04-01,0038,Terra,MODIS,57,6.2,305.1,8.6,D,0
-33.6937,146.2454,320.5,1.3,1.1,2014-04-01,0038,Terra,MODIS,70,6.2,299.6,16.4,D,0
-33.7024,146.2521,322.8,1.3,1.1,2014-04-01,0038,Terra,MODIS,72,6.2,298,21.4,D,0
-34.5649,146.352,313.4,1.3,1.1,2014-04-01,0038,Terra,MODIS,52,6.2,297.2,9.6,D,0
-33.9064,143.215,320.6,1,1,2014-04-01,0038,Terra,MODIS,57,6.2,306.4,6,D,0
-33.9079,143.226,351.1,1,1,2014-04-01,0038,Terra,MODIS,95,6.2,307.4,54.2,D,0
-35.6407,147.06,345.6,1.5,1.2,2014-04-01,0039,Terra,MODIS,93,6.2,293.7,84.1,D,0
-35.9702,145.6992,318.7,1.3,1.1,2014-04-01,0039,Terra,MODIS,69,6.2,296.4,15.5,D,0
-35.6424,147.0766,322.2,1.5,1.2,2014-04-01,0039,Terra,MODIS,67,6.2,296.4,23.3,D,0
-36.2494,146.1856,311.7,1.4,1.2,2014-04-01,0039,Terra,MODIS,55,6.2,294.1,9.3,D,0
-36.254,146.1791,311.3,1.4,1.2,2014-04-01,0039,Terra,MODIS,55,6.2,295.4,9.2,D,0
-35.7462,145.1689,322.4,1.2,1.1,2014-04-01,0039,Terra,MODIS,74,6.2,303.3,12.9,D,0
-36.065,143.4984,321.4,1.1,1,2014-04-01,0039,Terra,MODIS,66,6.2,307,7.5,D,0
-36.1895,143.6019,319.6,1.1,1,2014-04-01,0039,Terra,MODIS,62,6.2,305.8,7,D,0
-36.7284,144.0491,329.8,1.1,1.1,2014-04-01,0039,Terra,MODIS,81,6.2,303.7,22.7,D,0
-36.354,143.1279,333.6,1,1,2014-04-01,0039,Terra,MODIS,83,6.2,305.5,25.1,D,0
-35.9023,141.8704,320.6,1,1,2014-04-01,0039,Terra,MODIS,60,6.2,307.1,6.7,D,0
-35.7311,142.0226,321.7,1,1,2014-04-01,0039,Terra,MODIS,63,6.2,308.8,6.6,D,0
-37.8419,143.5544,316.6,1.1,1,2014-04-01,0039,Terra,MODIS,52,6.2,301.4,6.5,D,0
-36.3525,143.1162,366,1,1,2014-04-01,0039,Terra,MODIS,100,6.2,308.5,99.2,D,0
-35.4559,143.6008,331.8,1.1,1,2014-04-01,0039,Terra,MODIS,0,6.2,304.2,20.8,D,0
-36.1911,143.6138,321.1,1.1,1,2014-04-01,0039,Terra,MODIS,66,6.2,306.1,8.9,D,0
-37.8023,141.0169,311.6,1,1,2014-04-01,0039,Terra,MODIS,45,6.2,291.3,6.6,D,0
-36.7239,144.0431,328.1,1.1,1.1,2014-04-01,0039,Terra,MODIS,80,6.2,303.3,20,D,0
-36.7255,144.0557,325.6,1.1,1.1,2014-04-01,0039,Terra,MODIS,77,6.2,303,16.5,D,0
-37.8435,143.567,323.1,1.1,1,2014-04-01,0039,Terra,MODIS,75,6.2,302.4,13.8,D,0
-35.4575,143.6125,334.3,1.1,1,2014-04-01,0039,Terra,MODIS,0,6.2,304.5,25.2,D,0
-40.9438,145.3118,349.1,1.4,1.2,2014-04-01,0040,Terra,MODIS,96,6.2,291.4,100.3,D,0
-42.785,146.5785,309,1.7,1.3,2014-04-01,0040,Terra,MODIS,68,6.2,290.2,20.3,D,0
-42.0543,147.4002,304.7,1.9,1.3,2014-04-01,0040,Terra,MODIS,37,6.2,292.3,9.4,D,0
-40.9589,144.9969,310.1,1.4,1.2,2014-04-01,0040,Terra,MODIS,59,6.2,289.4,13.1,D,0
-40.9455,145.3286,305.6,1.4,1.2,2014-04-01,0040,Terra,MODIS,61,6.2,289.6,10.3,D,0
-16.3146,125.4637,324.4,1.3,1.1,2014-04-01,0212,Terra,MODIS,38,6.2,306.6,14.3,D,0
-15.6361,125.9521,318.4,1.4,1.2,2014-04-01,0212,Terra,MODIS,58,6.2,299.1,9.6,D,0
-16.3404,125.441,323,1.3,1.1,2014-04-01,0212,Terra,MODIS,38,6.2,303.9,13.3,D,0
-16.2577,125.5092,321.1,1.3,1.1,2014-04-01,0212,Terra,MODIS,58,6.2,303.7,11.5,D,0
-17.7249,124.8201,325,1.3,1.1,2014-04-01,0212,Terra,MODIS,56,6.2,304,12.1,D,0
-17.5898,126.4743,327.9,1.6,1.3,2014-04-01,0212,Terra,MODIS,74,6.2,300.7,26.7,D,0
-17.9164,127.2643,323.8,1.9,1.3,2014-04-01,0212,Terra,MODIS,45,6.2,299.3,19.3,D,0
-18.6922,127.0959,326.5,1.9,1.3,2014-04-01,0213,Terra,MODIS,64,6.2,302.5,23.1,D,0
-18.6822,127.1148,327.3,1.9,1.3,2014-04-01,0213,Terra,MODIS,65,6.2,300.3,24.9,D,0
-20.4625,118.7644,371.3,1.1,1.1,2014-04-01,0213,Terra,MODIS,100,6.2,309.4,122.1,D,0
-20.4642,118.7751,366.5,1.1,1.1,2014-04-01,0213,Terra,MODIS,100,6.2,310.2,102.2,D,0
-17.859,124.5979,327.7,1.2,1.1,2014-04-01,0213,Terra,MODIS,51,6.2,307.5,12.7,D,0
-17.8605,124.6095,326.7,1.2,1.1,2014-04-01,0213,Terra,MODIS,56,6.2,305.6,12,D,0
-17.7916,124.8657,329.4,1.3,1.1,2014-04-01,0213,Terra,MODIS,73,6.2,305.2,18.6,D,0
-17.7933,124.8714,346.2,1.3,1.1,2014-04-01,0213,Terra,MODIS,91,6.2,305.1,56,D,0
-17.7932,124.8777,325.6,1.3,1.1,2014-04-01,0213,Terra,MODIS,59,6.2,304.9,11.7,D,0
-17.8218,124.5508,332.1,1.2,1.1,2014-04-01,0213,Terra,MODIS,77,6.2,306.2,18.9,D,0
-17.8033,124.8763,326.8,1.3,1.1,2014-04-01,0213,Terra,MODIS,65,6.2,305.3,14.1,D,0
-17.8119,124.5521,331.7,1.2,1.1,2014-04-01,0213,Terra,MODIS,77,6.2,305.4,19.6,D,0
-17.8017,124.8643,332.3,1.3,1.1,2014-04-01,0213,Terra,MODIS,77,6.2,304.7,24.2,D,0
-22.6838,122.5908,331.8,1.1,1.1,2014-04-01,0214,Terra,MODIS,74,6.2,308.3,16.9,D,0
-22.6824,122.5801,376.2,1.1,1,2014-04-01,0214,Terra,MODIS,100,6.2,311.6,142.5,D,0
-21.3346,117.6323,326.8,1.2,1.1,2014-04-01,0214,Terra,MODIS,65,6.2,306,11.6,D,0
-21.3366,117.6441,324.6,1.2,1.1,2014-04-01,0214,Terra,MODIS,47,6.2,307.3,9.3,D,0
-27.8745,129.7272,328.1,3.8,1.8,2014-04-01,0215,Terra,MODIS,75,6.2,302.8,93.3,D,0
-27.878,129.6827,330.7,3.8,1.8,2014-04-01,0215,Terra,MODIS,79,6.2,302.8,115.5,D,0
-27.8717,129.6884,333.6,3.8,1.8,2014-04-01,0215,Terra,MODIS,82,6.2,302.7,140.2,D,0
-27.8806,129.7215,330.4,3.8,1.8,2014-04-01,0215,Terra,MODIS,78,6.2,302.6,114.8,D,0
-30.8649,121.4947,333.9,1.2,1.1,2014-04-01,0216,Terra,MODIS,88,6.2,292,39.8,D,2
-30.8633,121.4821,314.6,1.2,1.1,2014-04-01,0216,Terra,MODIS,74,6.2,290.7,12.2,D,2
-33.0821,116.959,316.3,1,1,2014-04-01,0217,Terra,MODIS,76,6.2,294.4,10.5,D,0
-32.9078,116.9642,305.9,1,1,2014-04-01,0217,Terra,MODIS,34,6.2,281.9,6.9,D,0
-32.8987,116.9662,307.9,1,1,2014-04-01,0217,Terra,MODIS,50,6.2,279.6,8.9,D,0
-33.0837,116.9699,307.7,1,1,2014-04-01,0217,Terra,MODIS,54,6.2,293.1,3.8,D,0
-33.4343,117.2104,320.3,1,1,2014-04-01,0217,Terra,MODIS,78,6.2,298.5,12.9,D,0
-34.4878,117.2351,341.8,1,1,2014-04-01,0217,Terra,MODIS,87,6.2,288.5,42.6,D,0
-34.4772,117.2262,322.7,1,1,2014-04-01,0217,Terra,MODIS,62,6.2,288.5,16.6,D,0
-34.4788,117.2371,356.6,1,1,2014-04-01,0217,Terra,MODIS,98,6.2,295.7,73.7,D,0
-33.8591,116.8581,307.8,1,1,2014-04-01,0217,Terra,MODIS,55,6.2,296.7,3.9,D,0
-34.7601,147.7023,334.6,4.7,2,2014-04-01,0317,Aqua,MODIS,86,6.2,294.3,267.1,D,0
-34.9386,147.6718,320.2,4.7,2,2014-04-01,0317,Aqua,MODIS,67,6.2,292.2,124,D,0
-33.7177,147.6249,315.7,4.6,2,2014-04-01,0317,Aqua,MODIS,44,6.2,295.2,55.2,D,0
-34.7602,147.658,333.4,4.7,2,2014-04-01,0317,Aqua,MODIS,85,6.2,293,252.5,D,0
-34.9365,147.6796,321.4,4.7,2,2014-04-01,0317,Aqua,MODIS,67,6.2,292.1,136.8,D,0
-33.7162,147.6326,313.2,4.6,2,2014-04-01,0317,Aqua,MODIS,27,6.2,294.6,39.5,D,0
-33.7003,147.5803,331.2,4.7,2,2014-04-01,0317,Aqua,MODIS,84,6.2,296.7,211.1,D,0
-34.7582,147.7101,329,4.7,2,2014-04-01,0317,Aqua,MODIS,82,6.2,294.1,198.1,D,0
-33.7021,147.5726,331.5,4.7,2,2014-04-01,0317,Aqua,MODIS,84,6.2,296.8,207.8,D,0
-33.7184,147.5814,328.6,4.7,2,2014-04-01,0317,Aqua,MODIS,82,6.2,297,183.3,D,0
-33.7202,147.5737,321.7,4.7,2,2014-04-01,0317,Aqua,MODIS,74,6.2,296.8,109,D,0
-34.7624,147.6501,327.6,4.7,2,2014-04-01,0317,Aqua,MODIS,81,6.2,292.7,181.3,D,0
-32.0625,152.1083,306.1,2.3,1.5,2014-04-01,0317,Aqua,MODIS,63,6.2,278.9,22.6,D,0
-26.9181,153.0498,311.8,1.7,1.3,2014-04-01,0319,Aqua,MODIS,53,6.2,294.7,15.1,D,0
-26.9199,153.0328,320.1,1.7,1.3,2014-04-01,0319,Aqua,MODIS,75,6.2,295.8,30.4,D,0
-26.346,147.3344,320.3,4.2,1.9,2014-04-01,0319,Aqua,MODIS,56,6.2,287.4,113.3,D,0
-26.3439,147.3294,319.4,4.2,1.9,2014-04-01,0319,Aqua,MODIS,38,6.2,287.3,95.1,D,0
-25.5877,152.4026,309.8,1.8,1.3,2014-04-01,0319,Aqua,MODIS,29,6.2,294,10.6,D,0
-43.4042,146.9008,367.9,2,1.4,2014-04-01,0452,Aqua,MODIS,100,6.2,292.4,296.8,D,0
-43.3993,146.9196,358,2,1.4,2014-04-01,0452,Aqua,MODIS,99,6.2,291.3,219.7,D,0
-42.7913,146.5693,314,2,1.4,2014-04-01,0452,Aqua,MODIS,41,6.2,289.9,27,D,0
-43.3991,146.9239,357.7,2,1.4,2014-04-01,0452,Aqua,MODIS,93,6.2,290.4,217.9,D,0
-43.1384,146.8142,357.2,2,1.4,2014-04-01,0452,Aqua,MODIS,98,6.2,291.6,201.7,D,0
-43.1325,146.7931,353,2,1.4,2014-04-01,0452,Aqua,MODIS,97,6.2,293.1,176,D,0
-43.1446,146.7983,444.2,2,1.4,2014-04-01,0452,Aqua,MODIS,100,6.2,303.7,1750.1,D,0
-43.1437,146.7901,430,2,1.4,2014-04-01,0452,Aqua,MODIS,100,6.2,306.8,1324.9,D,0
-43.1505,146.772,373.1,2,1.4,2014-04-01,0452,Aqua,MODIS,100,6.2,297.1,334.1,D,0
-42.7899,146.5618,312.9,2,1.4,2014-04-01,0452,Aqua,MODIS,62,6.2,291,26.7,D,0
-43.411,146.93,312.6,2,1.4,2014-04-01,0452,Aqua,MODIS,45,6.2,288.2,30.3,D,0
-43.4162,146.9064,313.2,2,1.4,2014-04-01,0452,Aqua,MODIS,50,6.2,290.1,30.7,D,0
-43.1316,146.7848,327.7,2,1.4,2014-04-01,0452,Aqua,MODIS,78,6.2,293.1,58,D,0
-43.4045,146.896,343.4,2,1.4,2014-04-01,0452,Aqua,MODIS,92,6.2,291.7,131,D,0
-43.5873,146.8027,324.1,2,1.4,2014-04-01,0452,Aqua,MODIS,61,6.2,288.4,53.1,D,0
-41.192,144.9153,331.5,1.8,1.3,2014-04-01,0453,Aqua,MODIS,84,6.2,293.6,67.1,D,0
-41.1848,144.9178,333.7,1.8,1.3,2014-04-01,0453,Aqua,MODIS,86,6.2,292.6,74.3,D,0
-41.0795,147.736,304.3,2.6,1.5,2014-04-01,0453,Aqua,MODIS,57,6.2,289.9,17.5,D,0
-40.8921,144.9733,348.1,1.8,1.3,2014-04-01,0453,Aqua,MODIS,0,6.2,275.3,144.8,D,0
-41.1964,144.9221,315.9,1.8,1.3,2014-04-01,0453,Aqua,MODIS,65,6.2,292.4,29.5,D,0
-37.8784,141.0061,327.9,1.3,1.1,2014-04-01,0454,Aqua,MODIS,80,6.2,304.6,26.8,D,0
-36.6492,144.0746,322.7,2.1,1.4,2014-04-01,0454,Aqua,MODIS,73,6.2,304.4,26.9,D,0
-36.6539,144.0521,319.6,2,1.4,2014-04-01,0454,Aqua,MODIS,67,6.2,304.8,17.9,D,0
-38.2194,141.6832,326.6,1.4,1.2,2014-04-01,0454,Aqua,MODIS,79,6.2,302.4,26.2,D,0
-38.2061,141.6957,319.3,1.4,1.2,2014-04-01,0454,Aqua,MODIS,62,6.2,300.7,13.5,D,0
-38.2091,141.6801,351.1,1.4,1.2,2014-04-01,0454,Aqua,MODIS,96,6.2,302.8,90.4,D,0
-38.1957,141.6927,361,1.4,1.2,2014-04-01,0454,Aqua,MODIS,100,6.2,304,127.5,D,0
-38.1987,141.677,482.1,1.4,1.2,2014-04-01,0454,Aqua,MODIS,100,6.2,332.8,1957.8,D,0
-38.2016,141.6614,370.5,1.4,1.2,2014-04-01,0454,Aqua,MODIS,100,6.2,308.8,173.3,D,0
-38.1883,141.674,397.5,1.4,1.2,2014-04-01,0454,Aqua,MODIS,100,6.2,310.8,367,D,0
-38.1912,141.6583,356.8,1.4,1.2,2014-04-01,0454,Aqua,MODIS,98,6.2,305.9,107.4,D,0
-38.1808,141.6551,326.5,1.4,1.2,2014-04-01,0454,Aqua,MODIS,79,6.2,303.2,22.6,D,0
-38.1837,141.6655,336.5,1.4,1.2,2014-04-01,0454,Aqua,MODIS,87,6.2,304.9,44.7,D,0
-38.1866,141.6499,322.5,1.4,1.2,2014-04-01,0454,Aqua,MODIS,75,6.2,302.8,16.1,D,0
-36.4507,143.1662,326.8,1.8,1.3,2014-04-01,0454,Aqua,MODIS,75,6.2,307.6,30.8,D,0
-37.2883,143.8351,317.2,1.9,1.4,2014-04-01,0454,Aqua,MODIS,68,6.2,302.8,14.8,D,0
-36.5724,143.0828,326.7,1.8,1.3,2014-04-01,0454,Aqua,MODIS,75,6.2,307.5,29.3,D,0
-35.9293,143.1209,320.8,1.9,1.3,2014-04-01,0454,Aqua,MODIS,24,6.2,305.2,9.3,D,0
-35.9223,143.1356,324.7,1.9,1.3,2014-04-01,0454,Aqua,MODIS,70,6.2,306.1,19.1,D,0
-35.8902,143.1692,332.1,1.9,1.3,2014-04-01,0454,Aqua,MODIS,80,6.2,307,42.9,D,0
-36.5815,143.5772,328.2,1.9,1.4,2014-04-01,0454,Aqua,MODIS,78,6.2,306.7,36.4,D,0
-36.5859,143.5563,338.6,1.9,1.4,2014-04-01,0454,Aqua,MODIS,88,6.2,307.3,73.7,D,0
-37.9087,141.0151,341.1,1.3,1.1,2014-04-01,0454,Aqua,MODIS,90,6.2,304,54.1,D,0
-37.9113,141.0004,329.5,1.3,1.1,2014-04-01,0454,Aqua,MODIS,81,6.2,301.8,28.6,D,0
-36.58,143.5712,328.9,1.9,1.4,2014-04-01,0454,Aqua,MODIS,79,6.2,306.8,37.7,D,0
-36.5843,143.5503,328.2,1.9,1.4,2014-04-01,0454,Aqua,MODIS,78,6.2,306.8,35.3,D,0
-37.8986,141.0121,368.3,1.3,1.1,2014-04-01,0454,Aqua,MODIS,100,6.2,308.6,149,D,0
-37.8858,141.0238,328.2,1.3,1.1,2014-04-01,0454,Aqua,MODIS,71,6.2,304.3,26.5,D,0
-37.8885,141.0091,350.6,1.3,1.1,2014-04-01,0454,Aqua,MODIS,95,6.2,306.4,80.1,D,0
-38.1833,141.3721,320.3,1.3,1.1,2014-04-01,0454,Aqua,MODIS,47,6.2,298.6,17.9,D,0
-38.1805,141.3873,351.9,1.3,1.1,2014-04-01,0454,Aqua,MODIS,96,6.2,303,91.9,D,0
-38.1777,141.4026,326.9,1.3,1.1,2014-04-01,0454,Aqua,MODIS,76,6.2,300.5,26.8,D,0
-38.1907,141.3905,352.6,1.3,1.1,2014-04-01,0454,Aqua,MODIS,96,6.2,302.9,94.5,D,0
-38.1879,141.4057,335.2,1.3,1.1,2014-04-01,0454,Aqua,MODIS,87,6.2,299.9,44.1,D,0
-37.8911,140.9944,329.4,1.3,1.1,2014-04-01,0454,Aqua,MODIS,81,6.2,304.6,27.3,D,0
-37.0633,143.8815,341.5,2,1.4,2014-04-01,0454,Aqua,MODIS,91,6.2,305.1,97.1,D,0
-35.8944,143.1486,327.1,1.9,1.3,2014-04-01,0454,Aqua,MODIS,74,6.2,308.1,25.5,D,0
-36.0402,143.1629,328.3,1.9,1.3,2014-04-01,0454,Aqua,MODIS,76,6.2,309,32.1,D,0
-36.0284,143.1592,324.5,1.9,1.3,2014-04-01,0454,Aqua,MODIS,70,6.2,309.2,20.3,D,0
-36.036,143.1545,327.2,1.9,1.3,2014-04-01,0454,Aqua,MODIS,74,6.2,309.8,27.8,D,0
-35.7699,145.6664,323.2,2.7,1.6,2014-04-01,0454,Aqua,MODIS,72,6.2,301.4,50.1,D,0
-35.9679,146.5026,328.8,3,1.6,2014-04-01,0454,Aqua,MODIS,80,6.2,294,98.3,D,0
-35.7349,147.031,314.6,3.3,1.7,2014-04-01,0454,Aqua,MODIS,51,6.2,295.4,25.3,D,0
-37.7576,146.3029,323.7,2.6,1.6,2014-04-01,0454,Aqua,MODIS,71,6.2,292.2,75.8,D,0
-35.5246,146.5989,314.9,3.1,1.7,2014-04-01,0454,Aqua,MODIS,29,6.2,293.4,28.2,D,0
-37.642,146.1182,321.5,2.6,1.5,2014-04-01,0454,Aqua,MODIS,77,6.2,292.6,70.9,D,0
-35.7492,146.4411,322.2,3,1.7,2014-04-01,0454,Aqua,MODIS,64,6.2,296.8,54.9,D,0
-35.6178,146.7933,321.6,3.2,1.7,2014-04-01,0454,Aqua,MODIS,70,6.2,296.8,64.3,D,0
-35.4082,147.0878,319.2,3.4,1.7,2014-04-01,0454,Aqua,MODIS,65,6.2,295.1,55.9,D,0
-35.9636,146.4609,320.8,3,1.6,2014-04-01,0454,Aqua,MODIS,46,6.2,297.4,48.1,D,0
-35.5945,145.8222,321.7,2.8,1.6,2014-04-01,0454,Aqua,MODIS,70,6.2,301,43.2,D,0
-36.2263,145.7392,317.4,2.7,1.6,2014-04-01,0454,Aqua,MODIS,47,6.2,300.4,20.8,D,0
-37.5979,145.6784,365.3,2.4,1.5,2014-04-01,0454,Aqua,MODIS,100,6.2,296.8,354.8,D,0
-36.1858,146.1766,324.2,2.8,1.6,2014-04-01,0454,Aqua,MODIS,76,6.2,298,70.4,D,0
-35.2104,146.004,316.7,2.9,1.6,2014-04-01,0454,Aqua,MODIS,52,6.2,297,33,D,0
-37.3291,145.6166,387.7,2.4,1.5,2014-04-01,0454,Aqua,MODIS,94,6.2,296.4,673.9,D,0
-35.4513,145.6947,319.5,2.8,1.6,2014-04-01,0454,Aqua,MODIS,64,6.2,299.5,32.3,D,0
-35.6529,146.6507,318.1,3.1,1.7,2014-04-01,0454,Aqua,MODIS,61,6.2,297.2,38,D,0
-35.5109,145.214,331.5,2.6,1.5,2014-04-01,0454,Aqua,MODIS,81,6.2,302.4,76.5,D,0
-35.9414,145.8034,318.9,2.7,1.6,2014-04-01,0454,Aqua,MODIS,59,6.2,301.1,30.7,D,0
-35.4615,145.1078,332.1,2.5,1.5,2014-04-01,0454,Aqua,MODIS,82,6.2,304.1,80.1,D,0
-35.922,145.9631,332.2,2.8,1.6,2014-04-01,0454,Aqua,MODIS,83,6.2,299.8,99.1,D,0
-35.7347,146.4358,320.2,3,1.7,2014-04-01,0454,Aqua,MODIS,33,6.2,297.1,45,D,0
-36.0548,145.6041,315.2,2.6,1.6,2014-04-01,0454,Aqua,MODIS,56,6.2,299.3,18.1,D,0
-35.2178,145.9726,320.6,2.9,1.6,2014-04-01,0454,Aqua,MODIS,66,6.2,299.7,47.9,D,0
-35.8094,146.6471,319.4,3.1,1.7,2014-04-01,0454,Aqua,MODIS,63,6.2,294.8,48,D,0
-35.7845,146.8212,317.6,3.2,1.7,2014-04-01,0454,Aqua,MODIS,62,6.2,296.5,39.3,D,0
-36.1855,146.1814,321.6,2.8,1.6,2014-04-01,0454,Aqua,MODIS,73,6.2,297.9,54.2,D,0
-35.9289,145.9328,349.4,2.8,1.6,2014-04-01,0454,Aqua,MODIS,95,6.2,301.1,230.4,D,0
-36.1928,146.1504,316.7,2.8,1.6,2014-04-01,0454,Aqua,MODIS,43,6.2,297.5,31.7,D,0
-36.3243,145.716,327.2,2.6,1.6,2014-04-01,0454,Aqua,MODIS,79,6.2,300.2,62.9,D,0
-36.3972,145.812,319.9,2.7,1.6,2014-04-01,0454,Aqua,MODIS,70,6.2,298.9,38.2,D,0
-36.1151,146.1514,315.6,2.8,1.6,2014-04-01,0454,Aqua,MODIS,57,6.2,297.6,30.3,D,0
-36.3421,145.6861,363,2.6,1.6,2014-04-01,0454,Aqua,MODIS,100,6.2,301.5,339.6,D,0
-36.3284,145.6816,321.4,2.6,1.6,2014-04-01,0454,Aqua,MODIS,72,6.2,302.3,34.3,D,0
-35.4077,146.6229,329.7,3.2,1.7,2014-04-01,0454,Aqua,MODIS,80,6.2,297.2,102.6,D,0
-37.3351,145.5897,422.7,2.4,1.5,2014-04-01,0454,Aqua,MODIS,100,6.2,304.7,1515.8,D,0
-35.7925,146.7873,321.9,3.2,1.7,2014-04-01,0454,Aqua,MODIS,71,6.2,297,61,D,0
-35.0874,146.791,322.2,3.3,1.7,2014-04-01,0454,Aqua,MODIS,69,6.2,295.2,60,D,0
-35.8157,146.2218,319.7,2.9,1.6,2014-04-01,0454,Aqua,MODIS,67,6.2,297.4,46.2,D,0
-37.7726,146.0816,358.3,2.5,1.5,2014-04-01,0454,Aqua,MODIS,99,6.2,290.8,312.9,D,0
-35.8349,146.3367,326.3,3,1.6,2014-04-01,0454,Aqua,MODIS,77,6.2,299.7,72.3,D,0
-35.3244,146.9718,314,3.3,1.7,2014-04-01,0454,Aqua,MODIS,29,6.2,294.2,28.9,D,0
-36.7955,145.1693,324,2.4,1.5,2014-04-01,0454,Aqua,MODIS,77,6.2,300.6,44.5,D,0
-35.6523,146.1847,322.4,2.9,1.6,2014-04-01,0454,Aqua,MODIS,49,6.2,299.4,58.3,D,0
-36.1279,146.0818,316.9,2.8,1.6,2014-04-01,0454,Aqua,MODIS,62,6.2,298.5,29.9,D,0
-35.6506,146.1893,328.9,2.9,1.6,2014-04-01,0454,Aqua,MODIS,75,6.2,299.1,94.2,D,0
-36.0491,145.7583,317.6,2.7,1.6,2014-04-01,0454,Aqua,MODIS,40,6.2,301,23.9,D,0
-35.6095,146.8279,335.1,3.2,1.7,2014-04-01,0454,Aqua,MODIS,85,6.2,296.6,152.7,D,0
-36.6206,145.657,316,2.6,1.5,2014-04-01,0454,Aqua,MODIS,53,6.2,299.1,22.1,D,0
-36.3871,145.8322,327.1,2.7,1.6,2014-04-01,0454,Aqua,MODIS,79,6.2,297.7,69.3,D,0
-37.779,146.0537,354.6,2.5,1.5,2014-04-01,0454,Aqua,MODIS,74,6.2,291,274,D,0
-37.7462,146.3253,311,2.6,1.6,2014-04-01,0454,Aqua,MODIS,0,6.2,292.7,29.5,D,0
-35.7804,146.1073,327.9,2.9,1.6,2014-04-01,0454,Aqua,MODIS,79,6.2,299.9,80,D,0
-35.9868,146.1598,331.3,2.9,1.6,2014-04-01,0454,Aqua,MODIS,72,6.2,298.2,98.8,D,0
-35.5735,146.047,318.8,2.9,1.6,2014-04-01,0454,Aqua,MODIS,63,6.2,299.8,30.9,D,0
-35.6142,146.9435,317.5,3.3,1.7,2014-04-01,0454,Aqua,MODIS,56,6.2,295.3,41,D,0
-35.5463,144.7904,321.4,2.4,1.5,2014-04-01,0454,Aqua,MODIS,67,6.2,301.1,27.3,D,0
-35.8655,146.0088,316.6,2.8,1.6,2014-04-01,0454,Aqua,MODIS,59,6.2,298.5,25.2,D,0
-36.403,145.5002,319.1,2.5,1.5,2014-04-01,0454,Aqua,MODIS,64,6.2,300.2,33,D,0
-35.7574,145.6673,320.9,2.7,1.6,2014-04-01,0454,Aqua,MODIS,69,6.2,301.4,39.5,D,0
-35.7464,146.4449,325.9,3,1.7,2014-04-01,0454,Aqua,MODIS,52,6.2,297.1,72.3,D,0
-37.637,146.1098,321.9,2.6,1.5,2014-04-01,0454,Aqua,MODIS,77,6.2,293.5,73.4,D,0
-35.7662,146.1023,317.2,2.9,1.6,2014-04-01,0454,Aqua,MODIS,50,6.2,299.5,28.4,D,0
-36.622,145.6196,323.8,2.5,1.5,2014-04-01,0454,Aqua,MODIS,76,6.2,299.6,50.3,D,0
-36.3194,146.0645,315,2.8,1.6,2014-04-01,0454,Aqua,MODIS,59,6.2,297.9,26.8,D,0
-35.4179,146.7085,318.7,3.2,1.7,2014-04-01,0454,Aqua,MODIS,63,6.2,296.6,43.7,D,0
-36.0525,145.7204,320.1,2.7,1.6,2014-04-01,0454,Aqua,MODIS,68,6.2,300.5,35,D,0
-35.4604,145.6736,321.3,2.8,1.6,2014-04-01,0454,Aqua,MODIS,68,6.2,300,38.7,D,0
-36.7191,145.2227,320.5,2.4,1.5,2014-04-01,0454,Aqua,MODIS,63,6.2,301.9,33.3,D,0
-35.5814,146.0238,328.7,2.9,1.6,2014-04-01,0454,Aqua,MODIS,79,6.2,299.7,80.9,D,0
-37.7957,146.238,315.2,2.6,1.5,2014-04-01,0454,Aqua,MODIS,57,6.2,289.1,46.4,D,0
-37.6039,145.6514,335.5,2.4,1.5,2014-04-01,0454,Aqua,MODIS,88,6.2,295.4,117.1,D,0
-36.2837,145.8271,325.9,2.7,1.6,2014-04-01,0454,Aqua,MODIS,78,6.2,298.8,61.3,D,0
-36.2401,145.744,318.4,2.7,1.6,2014-04-01,0454,Aqua,MODIS,58,6.2,300.1,25.7,D,0
-35.517,145.1862,322.3,2.6,1.5,2014-04-01,0454,Aqua,MODIS,69,6.2,302.9,33.4,D,0
-36.7892,145.1624,317.6,2.4,1.5,2014-04-01,0454,Aqua,MODIS,45,6.2,299.9,23,D,0
-37.3483,145.5947,392.5,2.4,1.5,2014-04-01,0454,Aqua,MODIS,100,6.2,299.9,756.2,D,0
-35.7156,146.1102,316.5,2.9,1.6,2014-04-01,0454,Aqua,MODIS,50,6.2,299.1,24.8,D,0
-36.282,145.8217,328.9,2.7,1.6,2014-04-01,0454,Aqua,MODIS,81,6.2,299.2,77.9,D,0
-35.553,146.6829,317.4,3.2,1.7,2014-04-01,0454,Aqua,MODIS,12,6.2,296.9,38.4,D,0
-35.6226,146.9083,320,3.2,1.7,2014-04-01,0454,Aqua,MODIS,67,6.2,296,53.7,D,0
-35.7895,146.794,319.3,3.2,1.7,2014-04-01,0454,Aqua,MODIS,55,6.2,297.1,46,D,0
-36.4009,145.8371,316.5,2.7,1.6,2014-04-01,0454,Aqua,MODIS,63,6.2,299,24.8,D,0
-36.2638,146.1736,328.8,2.8,1.6,2014-04-01,0454,Aqua,MODIS,81,6.2,297.3,93.1,D,0
-35.7797,146.0994,326.6,2.9,1.6,2014-04-01,0454,Aqua,MODIS,77,6.2,300,73.4,D,0
-37.7866,146.2425,332.5,2.6,1.5,2014-04-01,0454,Aqua,MODIS,86,6.2,290,120.3,D,0
-35.9361,146.034,318.4,2.8,1.6,2014-04-01,0454,Aqua,MODIS,51,6.2,295.9,34.9,D,0
-36.2682,145.8168,318.9,2.7,1.6,2014-04-01,0454,Aqua,MODIS,68,6.2,299.2,32.7,D,0
-35.9561,146.4935,333.1,3,1.6,2014-04-01,0454,Aqua,MODIS,84,6.2,296.7,119.3,D,0
-36.2699,145.8222,318.7,2.7,1.6,2014-04-01,0454,Aqua,MODIS,57,6.2,299.2,30.2,D,0
-35.7134,147.1077,317,3.3,1.7,2014-04-01,0454,Aqua,MODIS,62,6.2,296.9,40.4,D,0
-36.0459,145.7496,331.3,2.7,1.6,2014-04-01,0454,Aqua,MODIS,82,6.2,301.2,88.9,D,0
-35.5807,146.0159,326.6,2.9,1.6,2014-04-01,0454,Aqua,MODIS,77,6.2,299.6,69.5,D,0
-35.8342,146.4063,317.4,3,1.6,2014-04-01,0454,Aqua,MODIS,35,6.2,297.9,33.1,D,0
-36.6157,145.6476,324.5,2.6,1.5,2014-04-01,0454,Aqua,MODIS,77,6.2,299.7,54.5,D,0
-36.2495,146.1695,316.6,2.8,1.6,2014-04-01,0454,Aqua,MODIS,63,6.2,297.1,37.1,D,0
-36.042,145.7243,324.8,2.7,1.6,2014-04-01,0454,Aqua,MODIS,76,6.2,300.3,56.5,D,0
-37.6993,146.1449,323.2,2.6,1.5,2014-04-01,0454,Aqua,MODIS,79,6.2,291.9,74.5,D,0
-35.5144,145.2193,328.8,2.6,1.5,2014-04-01,0454,Aqua,MODIS,79,6.2,302.2,65.3,D,0
-35.922,146.0954,327.1,2.8,1.6,2014-04-01,0454,Aqua,MODIS,74,6.2,298.2,78.2,D,0
-36.0353,145.7534,325.4,2.7,1.6,2014-04-01,0454,Aqua,MODIS,77,6.2,300.6,60,D,0
-36.1295,146.0901,315.8,2.8,1.6,2014-04-01,0454,Aqua,MODIS,60,6.2,298.4,25.7,D,0
-36.3357,145.7149,342.6,2.6,1.6,2014-04-01,0454,Aqua,MODIS,91,6.2,300.9,152.8,D,0
-37.7891,146.2672,342.3,2.6,1.6,2014-04-01,0454,Aqua,MODIS,92,6.2,290.5,181.4,D,0
-37.6894,146.1684,307.5,2.6,1.5,2014-04-01,0454,Aqua,MODIS,45,6.2,292.2,25.8,D,0
-35.8143,146.226,321.6,2.9,1.6,2014-04-01,0454,Aqua,MODIS,71,6.2,297.2,55.1,D,0
-36.627,145.6291,328.7,2.5,1.5,2014-04-01,0454,Aqua,MODIS,82,6.2,299.6,72.6,D,0
-35.5779,146.6967,328.2,3.2,1.7,2014-04-01,0454,Aqua,MODIS,79,6.2,296.4,99,D,0
-36.3215,146.0728,313.3,2.8,1.6,2014-04-01,0454,Aqua,MODIS,53,6.2,297.4,21.1,D,0
-35.0722,146.7859,320.9,3.3,1.7,2014-04-01,0454,Aqua,MODIS,58,6.2,295.1,51.7,D,0
-35.613,146.8215,332.7,3.2,1.7,2014-04-01,0454,Aqua,MODIS,83,6.2,296.9,134.9,D,0
-37.5435,145.5606,332.8,2.4,1.5,2014-04-01,0454,Aqua,MODIS,86,6.2,295.7,106.7,D,0
-36.8024,145.167,320.1,2.4,1.5,2014-04-01,0454,Aqua,MODIS,72,6.2,300.6,32.9,D,0
-35.9425,145.8085,320,2.7,1.6,2014-04-01,0454,Aqua,MODIS,67,6.2,301.1,39.9,D,0
-35.6047,147.2977,314.2,3.4,1.7,2014-04-01,0454,Aqua,MODIS,43,6.2,294.9,39.8,D,0
-35.4581,145.6649,317.6,2.8,1.6,2014-04-01,0454,Aqua,MODIS,59,6.2,300.5,25.4,D,0
-35.9726,146.1548,324.7,2.9,1.6,2014-04-01,0454,Aqua,MODIS,71,6.2,298.8,65.6,D,0
-37.5376,145.5873,323.8,2.4,1.5,2014-04-01,0454,Aqua,MODIS,79,6.2,294,66.1,D,0
-36.2364,145.7351,319.6,2.7,1.6,2014-04-01,0454,Aqua,MODIS,51,6.2,300.8,28.2,D,0
-35.9798,146.1238,334.6,2.8,1.6,2014-04-01,0454,Aqua,MODIS,64,6.2,299,122.1,D,0
-36.3309,145.6873,382.2,2.6,1.6,2014-04-01,0454,Aqua,MODIS,100,6.2,303.3,618.2,D,0
-35.4685,147.1532,319,3.4,1.7,2014-04-01,0454,Aqua,MODIS,65,6.2,292.3,62.3,D,0
-35.5207,145.1915,324.5,2.6,1.5,2014-04-01,0454,Aqua,MODIS,73,6.2,303.3,44.4,D,0
-37.6171,145.6566,318.3,2.4,1.5,2014-04-01,0454,Aqua,MODIS,72,6.2,294.4,46.9,D,0
-37.7793,146.2737,339.1,2.6,1.6,2014-04-01,0454,Aqua,MODIS,90,6.2,291.1,157,D,0
-35.7306,147.037,314.1,3.3,1.7,2014-04-01,0454,Aqua,MODIS,46,6.2,294.9,22.5,D,0
-35.4676,145.0803,326.7,2.5,1.5,2014-04-01,0454,Aqua,MODIS,76,6.2,302,54.2,D,0
-36.3905,145.841,326.7,2.7,1.6,2014-04-01,0454,Aqua,MODIS,79,6.2,298.1,68.2,D,0
-35.4659,147.2809,316.4,3.4,1.7,2014-04-01,0454,Aqua,MODIS,54,6.2,292.1,55.3,D,0
-35.5631,146.6916,320.1,3.2,1.7,2014-04-01,0454,Aqua,MODIS,67,6.2,297,53.4,D,0
-36.5999,145.6196,318.7,2.5,1.5,2014-04-01,0454,Aqua,MODIS,70,6.2,299.4,29.7,D,0
-35.5405,144.8167,332.8,2.4,1.5,2014-04-01,0454,Aqua,MODIS,83,6.2,303.7,77.5,D,0
-35.7726,146.1306,320.5,2.9,1.6,2014-04-01,0454,Aqua,MODIS,68,6.2,298.5,41.3,D,0
-37.6311,146.1359,307.8,2.6,1.5,2014-04-01,0454,Aqua,MODIS,44,6.2,291.2,26.9,D,0
-37.6963,146.138,317.4,2.6,1.5,2014-04-01,0454,Aqua,MODIS,72,6.2,291.5,56.2,D,0
-35.9756,146.4702,322.2,3,1.6,2014-04-01,0454,Aqua,MODIS,69,6.2,296,60.7,D,0
-36.359,145.7592,316.2,2.6,1.6,2014-04-01,0454,Aqua,MODIS,60,6.2,298.9,20.9,D,0
-37.6286,146.1129,308.8,2.6,1.5,2014-04-01,0454,Aqua,MODIS,37,6.2,292.1,26.7,D,0
-35.3093,146.9662,337.9,3.3,1.7,2014-04-01,0454,Aqua,MODIS,87,6.2,294.4,185.9,D,0
-35.8297,144.5408,329.1,2.3,1.5,2014-04-01,0454,Aqua,MODIS,79,6.2,305.1,53.9,D,0
-36.3035,144.1311,324.7,2.1,1.4,2014-04-01,0454,Aqua,MODIS,75,6.2,304.3,34.3,D,0
-35.7883,143.852,322.5,2.1,1.4,2014-04-01,0454,Aqua,MODIS,68,6.2,306.6,22.6,D,0
-35.7916,143.8335,321.9,2.1,1.4,2014-04-01,0454,Aqua,MODIS,67,6.2,306.6,20.7,D,0
-36.1342,143.4645,325.9,1.9,1.4,2014-04-01,0454,Aqua,MODIS,74,6.2,308.6,26.9,D,0
-35.8242,144.5437,328.8,2.3,1.5,2014-04-01,0454,Aqua,MODIS,79,6.2,304.7,52.3,D,0
-36.3014,144.1356,327.9,2.1,1.4,2014-04-01,0454,Aqua,MODIS,79,6.2,304.3,45.4,D,0
-35.9752,143.6616,330,2,1.4,2014-04-01,0454,Aqua,MODIS,76,6.2,308,44.1,D,0
-38.0578,144.1009,321.5,1.9,1.3,2014-04-01,0454,Aqua,MODIS,76,6.2,303.3,26.3,D,0
-38.0611,144.1092,324.9,1.9,1.3,2014-04-01,0454,Aqua,MODIS,80,6.2,303.5,34,D,0
-34.5019,146.8156,316.8,3.4,1.7,2014-04-01,0455,Aqua,MODIS,35,6.2,290.7,63.5,D,0
-34.6393,147.6455,314.4,3.8,1.8,2014-04-01,0455,Aqua,MODIS,31,6.2,295.5,46.3,D,0
-34.2547,146.6677,324.6,3.4,1.7,2014-04-01,0455,Aqua,MODIS,72,6.2,298,74.5,D,0
-33.5484,147.6187,317.5,4.1,1.9,2014-04-01,0455,Aqua,MODIS,55,6.2,297.5,66.4,D,0
-34.6577,147.467,323.8,3.7,1.8,2014-04-01,0455,Aqua,MODIS,72,6.2,293.6,100.3,D,0
-34.2034,147.3645,315.9,3.8,1.8,2014-04-01,0455,Aqua,MODIS,40,6.2,297.8,45.1,D,0
-33.7057,147.5957,316.3,4,1.9,2014-04-01,0455,Aqua,MODIS,47,6.2,299.1,55.6,D,0
-35.1962,145.9903,381.9,2.9,1.6,2014-04-01,0455,Aqua,MODIS,100,6.2,301.1,729.5,D,0
-34.6337,147.3267,316.5,3.7,1.8,2014-04-01,0455,Aqua,MODIS,49,6.2,296.2,50.9,D,0
-35.2035,145.9676,371.6,2.9,1.6,2014-04-01,0455,Aqua,MODIS,75,6.2,301.4,531.2,D,0
-34.2872,146.6011,322,3.4,1.7,2014-04-01,0455,Aqua,MODIS,64,6.2,296.8,61.3,D,0
-33.6359,145.3104,328.7,2.9,1.6,2014-04-01,0455,Aqua,MODIS,77,6.2,301,76.7,D,0
-35.196,145.9989,375.1,2.9,1.6,2014-04-01,0455,Aqua,MODIS,75,6.2,300.2,596.5,D,0
-33.5517,147.6279,316.6,4.1,1.9,2014-04-01,0455,Aqua,MODIS,51,6.2,297.5,63.4,D,0
-34.664,147.4778,320.6,3.7,1.8,2014-04-01,0455,Aqua,MODIS,64,6.2,294.5,73.1,D,0
-34.5679,147.1768,320.5,3.6,1.8,2014-04-01,0455,Aqua,MODIS,65,6.2,296.3,66.3,D,0
-33.7404,146.606,319.4,3.5,1.8,2014-04-01,0455,Aqua,MODIS,62,6.2,298.9,58.3,D,0
-34.5603,147.166,325.3,3.6,1.8,2014-04-01,0455,Aqua,MODIS,73,6.2,296.3,95.9,D,0
-34.2996,139.1566,338.5,1.2,1.1,2014-04-01,0455,Aqua,MODIS,74,6.2,302.5,46.7,D,0
-34.3659,147.1238,319,3.6,1.8,2014-04-01,0455,Aqua,MODIS,59,6.2,294.4,62.2,D,0
-34.3497,146.5459,317.5,3.3,1.7,2014-04-01,0455,Aqua,MODIS,49,6.2,296,42,D,0
-33.7491,146.6169,315.8,3.5,1.8,2014-04-01,0455,Aqua,MODIS,16,6.2,297.3,35,D,0
-34.7902,147.5263,325.5,3.7,1.8,2014-04-01,0455,Aqua,MODIS,75,6.2,294.9,116.8,D,0
-34.3361,146.5874,319.5,3.4,1.7,2014-04-01,0455,Aqua,MODIS,60,6.2,296.9,53.3,D,0
-34.3446,146.5519,322.3,3.3,1.7,2014-04-01,0455,Aqua,MODIS,67,6.2,296.5,68.9,D,0
-35.2177,145.9639,328.7,2.9,1.6,2014-04-01,0455,Aqua,MODIS,78,6.2,300,88.2,D,0
-33.7096,147.6048,317,4,1.9,2014-04-01,0455,Aqua,MODIS,54,6.2,298.9,61.8,D,0
-34.4054,146.5729,317.9,3.3,1.7,2014-04-01,0455,Aqua,MODIS,52,6.2,295.2,44.6,D,0
-34.1097,147.4059,321.9,3.8,1.8,2014-04-01,0455,Aqua,MODIS,67,6.2,297.3,84.5,D,0
-34.6391,147.3328,315.3,3.7,1.8,2014-04-01,0455,Aqua,MODIS,35,6.2,295.8,44.5,D,0
-34.1992,147.3582,315.8,3.8,1.8,2014-04-01,0455,Aqua,MODIS,35,6.2,297.5,46.8,D,0
-34.1417,145.8959,316.4,3.1,1.7,2014-04-01,0455,Aqua,MODIS,8,6.2,298.6,32.7,D,0
-34.8826,146.001,317.5,3,1.6,2014-04-01,0455,Aqua,MODIS,51,6.2,297.5,38.1,D,0
-34.1153,147.4158,323.3,3.8,1.8,2014-04-01,0455,Aqua,MODIS,70,6.2,297.8,96.7,D,0
-34.3671,147.091,327,3.6,1.8,2014-04-01,0455,Aqua,MODIS,76,6.2,294.3,108.6,D,0
-34.5695,147.1277,327.9,3.6,1.8,2014-04-01,0455,Aqua,MODIS,77,6.2,292.4,115,D,0
-34.7792,147.5259,324.5,3.7,1.8,2014-04-01,0455,Aqua,MODIS,74,6.2,294.3,108.8,D,0
-35.2034,145.9589,338.1,2.9,1.6,2014-04-01,0455,Aqua,MODIS,87,6.2,300.2,149.6,D,0
-35.2105,145.9954,345.6,2.9,1.6,2014-04-01,0455,Aqua,MODIS,92,6.2,298.4,216,D,0
-34.3413,146.5815,323.9,3.4,1.7,2014-04-01,0455,Aqua,MODIS,70,6.2,297.1,78.6,D,0
-34.5773,147.1387,337.9,3.6,1.8,2014-04-01,0455,Aqua,MODIS,87,6.2,294.8,205,D,0
-34.3987,146.5753,318.7,3.3,1.7,2014-04-01,0455,Aqua,MODIS,49,6.2,294.7,45.9,D,0
-35.0605,144.317,323.4,2.3,1.5,2014-04-01,0455,Aqua,MODIS,68,6.2,305.7,26.5,D,0
-35.055,144.342,347.5,2.3,1.5,2014-04-01,0455,Aqua,MODIS,93,6.2,307.2,151.7,D,0
-35.8992,142.9062,325.7,1.8,1.3,2014-04-01,0455,Aqua,MODIS,53,6.2,309,21.5,D,0
-35.4473,143.819,319.5,2.1,1.4,2014-04-01,0455,Aqua,MODIS,43,6.2,303.8,14,D,0
-35.9243,141.9422,336.8,1.6,1.2,2014-04-01,0455,Aqua,MODIS,76,6.2,303.7,61.3,D,0
-35.4762,144.1884,322.2,2.2,1.4,2014-04-01,0455,Aqua,MODIS,67,6.2,304.2,29.2,D,0
-35.471,144.2126,323.6,2.2,1.4,2014-04-01,0455,Aqua,MODIS,70,6.2,304.6,33.6,D,0
-35.4424,143.842,329.7,2.1,1.4,2014-04-01,0455,Aqua,MODIS,78,6.2,306,46.7,D,0
-24.9976,128.3938,349.1,1.6,1.2,2014-04-01,0458,Aqua,MODIS,91,6.2,309.2,89.1,D,0
-24.9881,128.3774,336,1.6,1.2,2014-04-01,0458,Aqua,MODIS,45,6.2,308.1,43.7,D,0
-24.9864,128.3926,346.9,1.6,1.2,2014-04-01,0458,Aqua,MODIS,92,6.2,310,79.1,D,0
-22.1228,123.5754,328.6,3.2,1.7,2014-04-01,0459,Aqua,MODIS,26,6.2,303.7,53.5,D,0
-17.8454,124.6096,365.1,2.3,1.5,2014-04-01,0500,Aqua,MODIS,100,6.2,302.3,286.7,D,0
-17.773,124.4361,326.8,2.4,1.5,2014-04-01,0500,Aqua,MODIS,70,6.2,304,29.6,D,0
-17.8094,124.6938,324,2.3,1.5,2014-04-01,0500,Aqua,MODIS,62,6.2,302.3,23.6,D,0
-17.7595,124.4346,328.3,2.4,1.5,2014-04-01,0500,Aqua,MODIS,73,6.2,303.3,35.6,D,0
-17.8125,124.5383,343.1,2.4,1.5,2014-04-01,0500,Aqua,MODIS,89,6.2,304.5,110,D,0
-17.8587,124.6112,343.1,2.3,1.5,2014-04-01,0500,Aqua,MODIS,89,6.2,305.9,106.3,D,0
-17.8539,124.6551,329.7,2.3,1.5,2014-04-01,0500,Aqua,MODIS,75,6.2,305.1,40.3,D,0
-17.8563,124.6332,335.5,2.3,1.5,2014-04-01,0500,Aqua,MODIS,82,6.2,306.3,66.3,D,0
-17.8143,124.5543,334.5,2.3,1.5,2014-04-01,0500,Aqua,MODIS,82,6.2,304.4,64.3,D,0
-17.8169,124.532,332.1,2.4,1.5,2014-04-01,0500,Aqua,MODIS,79,6.2,304.3,51.6,D,0
-17.843,124.6316,326.1,2.3,1.5,2014-04-01,0500,Aqua,MODIS,47,6.2,302.7,25.2,D,0
-17.8478,124.5875,329.1,2.3,1.5,2014-04-01,0500,Aqua,MODIS,63,6.2,303.4,32.6,D,0
-16.2534,125.4991,326,1.9,1.3,2014-04-01,0500,Aqua,MODIS,74,6.2,301.3,28.2,D,0
-16.2609,125.493,328.2,1.9,1.3,2014-04-01,0500,Aqua,MODIS,76,6.2,304.1,33.7,D,0
-15.8067,129.6153,333.9,1.1,1,2014-04-01,0500,Aqua,MODIS,69,6.2,309.1,19.6,D,0
-17.5863,126.4786,330.1,1.7,1.3,2014-04-01,0500,Aqua,MODIS,50,6.2,304.1,36.7,D,0
-17.0139,123.9165,324.2,2.6,1.5,2014-04-01,0500,Aqua,MODIS,0,6.2,302.1,38,D,0
-17.5867,126.4876,327.3,1.7,1.3,2014-04-01,0500,Aqua,MODIS,60,6.2,304.8,26.2,D,0
-15.7988,129.604,328.6,1.1,1,2014-04-01,0500,Aqua,MODIS,58,6.2,307.8,11.4,D,0
-15.7974,129.6139,334.8,1.1,1,2014-04-01,0500,Aqua,MODIS,81,6.2,310.5,19.8,D,0
-15.808,129.6054,328.4,1.1,1,2014-04-01,0500,Aqua,MODIS,41,6.2,306.6,12.3,D,0
-16.3203,125.4535,331,1.9,1.4,2014-04-01,0500,Aqua,MODIS,81,6.2,304.6,45,D,0
-16.2554,125.4812,324.8,1.9,1.3,2014-04-01,0500,Aqua,MODIS,66,6.2,301.7,25.2,D,0
-16.3543,125.2965,321.4,2,1.4,2014-04-01,0500,Aqua,MODIS,69,6.2,300.7,21.5,D,0
-16.3521,125.2913,317.6,2,1.4,2014-04-01,0500,Aqua,MODIS,59,6.2,299.7,12.4,D,0
-16.3379,125.4425,321.8,1.9,1.4,2014-04-01,0500,Aqua,MODIS,44,6.2,302,18.4,D,0
-16.3325,125.4552,327.6,1.9,1.4,2014-04-01,0500,Aqua,MODIS,77,6.2,302.8,34.9,D,0
-19.778,121.4636,327.5,4.3,1.9,2014-04-01,0500,Aqua,MODIS,41,6.2,301.7,102.2,D,0
-15.343,133.5427,330.1,1.2,1.1,2014-04-01,0500,Aqua,MODIS,68,6.2,303.2,17.7,D,0
-15.3385,133.5461,327.9,1.2,1.1,2014-04-01,0500,Aqua,MODIS,59,6.2,302.6,18.4,D,0
-18.0444,124.9117,344.2,2.2,1.4,2014-04-01,0500,Aqua,MODIS,89,6.2,305.3,109.6,D,0
-18.0467,124.8906,347.3,2.2,1.4,2014-04-01,0500,Aqua,MODIS,91,6.2,305.3,128.5,D,0
-18.0336,124.889,330.1,2.2,1.4,2014-04-01,0500,Aqua,MODIS,71,6.2,303,39.7,D,0
-18.0472,124.9073,346.6,2.2,1.4,2014-04-01,0500,Aqua,MODIS,91,6.2,305.5,125.2,D,0
-18.0496,124.8862,333.9,2.2,1.4,2014-04-01,0500,Aqua,MODIS,79,6.2,304.6,55.5,D,0
-18.0342,124.9058,333.3,2.2,1.4,2014-04-01,0500,Aqua,MODIS,78,6.2,304.2,56.2,D,0
-18.0366,124.8847,330,2.2,1.4,2014-04-01,0500,Aqua,MODIS,73,6.2,303.9,39.8,D,0
-17.9717,124.7471,328.5,2.3,1.5,2014-04-01,0500,Aqua,MODIS,61,6.2,302.3,26.7,D,0
-18.6991,127.0987,326.8,1.6,1.2,2014-04-01,0500,Aqua,MODIS,25,6.2,300.4,18.6,D,0
-18.058,124.7841,330,2.3,1.5,2014-04-01,0500,Aqua,MODIS,65,6.2,306,33.4,D,0
-18.0448,124.7826,344.7,2.3,1.5,2014-04-01,0500,Aqua,MODIS,89,6.2,303.6,108.3,D,0
-18.0461,124.7997,328.9,2.3,1.5,2014-04-01,0500,Aqua,MODIS,51,6.2,304.9,30.3,D,0
-18.0485,124.7784,340.7,2.3,1.5,2014-04-01,0500,Aqua,MODIS,86,6.2,305.3,85.5,D,0
-17.9554,124.9109,328.8,2.2,1.4,2014-04-01,0500,Aqua,MODIS,31,6.2,304.1,37.9,D,0
-18.6843,127.127,354.3,1.6,1.2,2014-04-01,0500,Aqua,MODIS,96,6.2,308.3,107.8,D,0
-18.6861,127.1121,359.2,1.6,1.2,2014-04-01,0500,Aqua,MODIS,99,6.2,306,133.6,D,0
-14.6658,125.4669,320.2,1.8,1.3,2014-04-01,0501,Aqua,MODIS,55,6.2,299.1,18.5,D,0
-14.6796,133.5155,334.1,1.2,1.1,2014-04-01,0501,Aqua,MODIS,48,6.2,305.8,27.3,D,0
-14.6779,133.5263,352.6,1.2,1.1,2014-04-01,0501,Aqua,MODIS,96,6.2,308,68.5,D,0
-32.0678,116.7689,318.6,1.8,1.3,2014-04-01,0634,Aqua,MODIS,71,6.2,303.1,16.7,D,0
-33.4078,119.5896,323.5,2.5,1.5,2014-04-01,0634,Aqua,MODIS,79,6.2,300.5,57.6,D,0
-33.4162,119.5842,326.6,2.5,1.5,2014-04-01,0634,Aqua,MODIS,81,6.2,301.5,71,D,0
-33.5031,118.8498,324.7,2.3,1.5,2014-04-01,0634,Aqua,MODIS,80,6.2,299.7,57,D,0
-33.5082,118.8258,312.6,2.3,1.5,2014-04-01,0634,Aqua,MODIS,37,6.2,301.1,17.5,D,0
-32.1167,116.8708,344.7,1.8,1.3,2014-04-01,0634,Aqua,MODIS,93,6.2,304.5,101.3,D,0
-32.1116,116.862,358.4,1.8,1.3,2014-04-01,0634,Aqua,MODIS,99,6.2,304.8,176.6,D,0
-32.0531,116.9062,330,1.9,1.3,2014-04-01,0634,Aqua,MODIS,83,6.2,305.5,48.7,D,0
-32.643,117.2822,325.1,1.9,1.3,2014-04-01,0634,Aqua,MODIS,79,6.2,301.9,39.6,D,0
-32.631,117.2789,320.1,1.9,1.3,2014-04-01,0634,Aqua,MODIS,73,6.2,301.6,27.6,D,0
-32.635,117.259,333.5,1.9,1.3,2014-04-01,0634,Aqua,MODIS,86,6.2,303.1,67,D,0
-32.639,117.302,332.8,1.9,1.3,2014-04-01,0634,Aqua,MODIS,85,6.2,303,64.3,D,0
-32.0795,116.7724,317.4,1.8,1.3,2014-04-01,0634,Aqua,MODIS,51,6.2,304.6,13.7,D,0
-32.2649,118.8397,325,2.4,1.5,2014-04-01,0634,Aqua,MODIS,79,6.2,299.8,60.8,D,0
-32.843,117.357,331.3,1.9,1.3,2014-04-01,0634,Aqua,MODIS,84,6.2,302.8,59.7,D,0
-32.8406,117.3509,325.2,1.9,1.3,2014-04-01,0634,Aqua,MODIS,79,6.2,302.5,40.9,D,0
-33.1314,117.2235,317.8,1.8,1.3,2014-04-01,0634,Aqua,MODIS,70,6.2,302.2,21.3,D,0
-33.3419,118.0937,320.6,2.1,1.4,2014-04-01,0634,Aqua,MODIS,75,6.2,300.5,32.5,D,0
-33.347,118.0798,318.5,2.1,1.4,2014-04-01,0634,Aqua,MODIS,72,6.2,300.9,24.3,D,0
-33.3425,118.1013,314.5,2.1,1.4,2014-04-01,0634,Aqua,MODIS,48,6.2,300.3,14.5,D,0
-34.0108,117.0734,319.4,1.7,1.3,2014-04-01,0634,Aqua,MODIS,75,6.2,300.4,24.3,D,0
-33.3853,117.8795,318.8,2,1.4,2014-04-01,0634,Aqua,MODIS,73,6.2,302.6,24.5,D,0
-33.3872,117.8875,317,2,1.4,2014-04-01,0634,Aqua,MODIS,71,6.2,302.4,18.9,D,0
-34.309,117.2041,342.3,1.7,1.3,2014-04-01,0634,Aqua,MODIS,92,6.2,302.3,90.4,D,0
-34.3053,117.2227,322.2,1.7,1.3,2014-04-01,0634,Aqua,MODIS,79,6.2,300.1,29.3,D,0
-33.8109,116.7755,321.6,1.7,1.3,2014-04-01,0634,Aqua,MODIS,77,6.2,303,25.6,D,0
-33.8134,116.7691,325.6,1.7,1.3,2014-04-01,0634,Aqua,MODIS,80,6.2,303.3,32.9,D,0
-34.4682,118.4494,325.3,2,1.4,2014-04-01,0634,Aqua,MODIS,83,6.2,298.7,50.3,D,0
-33.05,116.7967,317.9,1.7,1.3,2014-04-01,0634,Aqua,MODIS,70,6.2,303.6,16.7,D,0
-32.9088,116.9403,330.2,1.8,1.3,2014-04-01,0634,Aqua,MODIS,83,6.2,302,51.4,D,0
-32.9052,116.9591,316.3,1.8,1.3,2014-04-01,0634,Aqua,MODIS,62,6.2,300.9,17.5,D,0
-33.2417,117.6046,323.9,1.9,1.4,2014-04-01,0634,Aqua,MODIS,78,6.2,304.3,36.9,D,0
-33.2458,117.5841,328.7,1.9,1.4,2014-04-01,0634,Aqua,MODIS,82,6.2,304,50.4,D,0
-33.2296,117.6009,325.1,1.9,1.4,2014-04-01,0634,Aqua,MODIS,79,6.2,300.3,39.4,D,0
-33.2338,117.5804,330.7,1.9,1.4,2014-04-01,0634,Aqua,MODIS,84,6.2,300.4,55.8,D,0
-33.246,117.1816,325.8,1.8,1.3,2014-04-01,0634,Aqua,MODIS,80,6.2,304,37.3,D,0
-33.0542,116.7909,314.6,1.7,1.3,2014-04-01,0634,Aqua,MODIS,63,6.2,302.9,11.5,D,0
-34.0168,117.0806,315.2,1.7,1.3,2014-04-01,0634,Aqua,MODIS,70,6.2,300.2,15,D,0
-33.2422,117.2011,322.9,1.8,1.3,2014-04-01,0634,Aqua,MODIS,77,6.2,303.1,29.7,D,0
-33.25,117.188,332.2,1.8,1.3,2014-04-01,0634,Aqua,MODIS,85,6.2,304.1,54.1,D,0
-33.3801,116.9657,317.8,1.7,1.3,2014-04-01,0634,Aqua,MODIS,70,6.2,304.1,15.5,D,0
-33.2461,117.2075,316.7,1.8,1.3,2014-04-01,0634,Aqua,MODIS,50,6.2,304.2,13.3,D,0
-33.3208,117.2694,314.2,1.8,1.3,2014-04-01,0634,Aqua,MODIS,64,6.2,300.1,10.4,D,0
-31.9434,116.9952,337,1.9,1.3,2014-04-01,0635,Aqua,MODIS,88,6.2,305.8,74.5,D,0
-30.2851,116.1016,351.3,1.8,1.3,2014-04-01,0635,Aqua,MODIS,96,6.2,302.3,131.9,D,0
-31.2743,116.8283,319.5,1.9,1.3,2014-04-01,0635,Aqua,MODIS,70,6.2,305,18.4,D,0
-31.2703,116.8479,317.9,1.9,1.3,2014-04-01,0635,Aqua,MODIS,67,6.2,305,14.9,D,0
-30.782,116.0963,323.7,1.8,1.3,2014-04-01,0635,Aqua,MODIS,73,6.2,300.7,24.6,D,0
-31.2951,117.7077,325.5,2.2,1.4,2014-04-01,0635,Aqua,MODIS,78,6.2,302.6,44.2,D,0
-31.2921,117.7122,319,2.2,1.4,2014-04-01,0635,Aqua,MODIS,68,6.2,301.3,24,D,0
-31.9387,116.8301,319.3,1.8,1.3,2014-04-01,0635,Aqua,MODIS,72,6.2,304.2,18.6,D,0
-32.0401,116.7215,327.7,1.8,1.3,2014-04-01,0635,Aqua,MODIS,61,6.2,304.8,41.6,D,0
-31.2854,116.3954,321.2,1.8,1.3,2014-04-01,0635,Aqua,MODIS,68,6.2,305.1,20.7,D,0
-31.836,116.9993,343.5,1.9,1.3,2014-04-01,0635,Aqua,MODIS,92,6.2,305,102,D,0
-31.6781,116.9856,352.2,1.9,1.3,2014-04-01,0635,Aqua,MODIS,96,6.2,307.4,147.8,D,0
-30.7831,116.1091,325.2,1.8,1.3,2014-04-01,0635,Aqua,MODIS,71,6.2,303.2,27.7,D,0
-30.2886,116.0834,355.7,1.8,1.3,2014-04-01,0635,Aqua,MODIS,98,6.2,300.5,154.3,D,0
-31.2361,116.8124,333.9,1.9,1.3,2014-04-01,0635,Aqua,MODIS,85,6.2,305.1,60.9,D,0
-30.5076,116.5449,325.9,1.9,1.3,2014-04-01,0635,Aqua,MODIS,70,6.2,295.3,47,D,0
-32.0474,116.7185,326.2,1.8,1.3,2014-04-01,0635,Aqua,MODIS,80,6.2,304.7,37.7,D,0
-30.9471,116.2227,324,1.8,1.3,2014-04-01,0635,Aqua,MODIS,75,6.2,304.2,27.2,D,0
-31.9505,116.8335,335,1.8,1.3,2014-04-01,0635,Aqua,MODIS,87,6.2,306.6,63.3,D,0
-30.9421,116.2285,318.4,1.8,1.3,2014-04-01,0635,Aqua,MODIS,60,6.2,303.5,15.9,D,0
-30.7936,116.0994,333.7,1.8,1.3,2014-04-01,0635,Aqua,MODIS,85,6.2,301.7,51.9,D,0
-31.1971,116.4701,326.6,1.8,1.3,2014-04-01,0635,Aqua,MODIS,79,6.2,305.3,36.1,D,0
-31.2008,116.4513,321,1.8,1.3,2014-04-01,0635,Aqua,MODIS,73,6.2,306.1,22.1,D,0
-30.8051,116.1025,319.5,1.8,1.3,2014-04-01,0635,Aqua,MODIS,36,6.2,302.9,14.2,D,0
-31.28,116.401,322.3,1.8,1.3,2014-04-01,0635,Aqua,MODIS,74,6.2,305,23.5,D,0
-31.028,116.5116,337.5,1.8,1.3,2014-04-01,0635,Aqua,MODIS,88,6.2,306.2,71.9,D,0
-30.7865,116.0907,323.5,1.8,1.3,2014-04-01,0635,Aqua,MODIS,65,6.2,300.7,24.3,D,0
-31.211,116.3363,321,1.8,1.3,2014-04-01,0635,Aqua,MODIS,65,6.2,304.8,24.3,D,0
-31.1994,116.3332,322.3,1.8,1.3,2014-04-01,0635,Aqua,MODIS,70,6.2,303.3,27.6,D,0
-31.2061,116.3295,328.4,1.8,1.3,2014-04-01,0635,Aqua,MODIS,80,6.2,304.1,42.2,D,0
-30.3902,116.0961,322.8,1.8,1.3,2014-04-01,0635,Aqua,MODIS,75,6.2,302.5,24.3,D,0
-28.9666,115.3346,328.4,1.7,1.3,2014-04-01,0635,Aqua,MODIS,80,6.2,298.1,38.1,D,0
-30.9196,116.6603,345.7,1.9,1.3,2014-04-01,0635,Aqua,MODIS,70,6.2,302.4,121.4,D,0
-31.2997,116.4259,316.8,1.8,1.3,2014-04-01,0635,Aqua,MODIS,23,6.2,303.9,11,D,0
-31.9456,116.8247,326.3,1.8,1.3,2014-04-01,0635,Aqua,MODIS,80,6.2,307,35.5,D,0
-31.9419,116.8437,325.2,1.8,1.3,2014-04-01,0635,Aqua,MODIS,79,6.2,304.8,32,D,0
-28.7109,114.7262,325.1,1.6,1.2,2014-04-01,0635,Aqua,MODIS,61,6.2,299.1,25,D,0
-28.7125,114.7213,322.2,1.6,1.2,2014-04-01,0635,Aqua,MODIS,73,6.2,296.9,19.5,D,0
-20.544,118.7518,332.2,4.5,2,2014-04-01,0637,Aqua,MODIS,77,6.2,300.3,166.3,D,0
-20.5266,118.7476,340.3,4.5,2,2014-04-01,0637,Aqua,MODIS,86,6.2,301.5,274.1,D,0
-20.5456,118.7473,325.5,4.5,2,2014-04-01,0637,Aqua,MODIS,66,6.2,300.1,90.2,D,0
-20.5282,118.743,339.2,4.5,2,2014-04-01,0637,Aqua,MODIS,86,6.2,301.3,256.6,D,0
-41.0688,147.7227,305.3,1.8,1.3,2014-04-01,1239,Terra,MODIS,62,6.2,288.7,16.3,N,0
-41.0755,147.7051,338.7,1.8,1.3,2014-04-01,1239,Terra,MODIS,100,6.2,290.4,99.9,N,0
-41.0736,147.7287,324,1.8,1.3,2014-04-01,1239,Terra,MODIS,100,6.2,289.5,53.2,N,0
-41.0875,147.7064,305.9,1.8,1.3,2014-04-01,1239,Terra,MODIS,66,6.2,289.7,19,N,0
-41.0809,147.723,333.2,1.8,1.3,2014-04-01,1239,Terra,MODIS,100,6.2,291.2,79.1,N,0
-41.0506,147.6512,319.4,1.8,1.3,2014-04-01,1239,Terra,MODIS,99,6.2,289.1,44.5,N,0
-41.0829,147.7001,327.3,1.8,1.3,2014-04-01,1239,Terra,MODIS,100,6.2,290,61.1,N,0
-37.7784,146.0741,315.1,2.1,1.4,2014-04-01,1240,Terra,MODIS,91,6.2,289,40.8,N,0
-37.7803,146.0508,308.1,2.1,1.4,2014-04-01,1240,Terra,MODIS,74,6.2,288.9,25.2,N,0
-37.7797,146.056,316.4,2.1,1.4,2014-04-01,1240,Terra,MODIS,93,6.2,289.1,43.1,N,0
-37.7779,146.0794,308.5,2.1,1.4,2014-04-01,1240,Terra,MODIS,75,6.2,288.8,26.1,N,0
-37.1808,149.0494,306.3,1.4,1.2,2014-04-01,1240,Terra,MODIS,67,6.2,284.9,14.8,N,0
-37.3637,145.6054,303.1,2.2,1.4,2014-04-01,1240,Terra,MODIS,53,6.2,289.1,17.9,N,0
-37.1033,149.124,310.5,1.3,1.1,2014-04-01,1240,Terra,MODIS,80,6.2,283.7,19.5,N,0
-35.1441,148.5323,300.4,1.4,1.2,2014-04-01,1241,Terra,MODIS,27,6.2,285,9.2,N,0
-35.1351,148.5158,300.3,1.4,1.2,2014-04-01,1241,Terra,MODIS,16,6.2,284.7,8.7,N,0
-35.6463,147.9634,300.7,1.5,1.2,2014-04-01,1241,Terra,MODIS,29,6.2,286.1,9.6,N,0
-35.6354,147.9612,303.7,1.5,1.2,2014-04-01,1241,Terra,MODIS,56,6.2,286.4,12.8,N,0
-34.4608,150.8746,302.1,1.1,1,2014-04-01,1241,Terra,MODIS,47,6.2,289.7,5.7,N,0
-36.2511,146.1696,304.6,2,1.4,2014-04-01,1241,Terra,MODIS,61,6.2,290.4,16.8,N,0
-34.4593,150.8863,307.1,1.1,1,2014-04-01,1241,Terra,MODIS,70,6.2,291.3,9.1,N,2
-36.2635,146.1718,301.6,2,1.4,2014-04-01,1241,Terra,MODIS,30,6.2,290.3,11.7,N,0
-36.2493,146.1915,300.6,1.9,1.4,2014-04-01,1241,Terra,MODIS,31,6.2,290.2,11.1,N,0
-36.2472,146.1846,304.5,1.9,1.4,2014-04-01,1241,Terra,MODIS,31,6.2,290.4,15.7,N,0
-31.457,150.067,304.2,1.1,1,2014-04-01,1242,Terra,MODIS,59,6.2,288.2,8.1,N,0
-31.3253,150.3793,300.1,1,1,2014-04-01,1242,Terra,MODIS,16,6.2,289.8,4.5,N,0
-26.2299,147.2955,303.8,1.2,1.1,2014-04-01,1243,Terra,MODIS,57,6.2,290,7.5,N,0
-26.6714,151.7919,300.2,1,1,2014-04-01,1243,Terra,MODIS,22,6.2,288.2,5,N,0
-26.0215,151.8264,312.4,1,1,2014-04-01,1243,Terra,MODIS,85,6.2,290.2,12.6,N,0
-26.3475,147.3323,303.8,1.2,1.1,2014-04-01,1243,Terra,MODIS,54,6.2,285.3,9.6,N,0
-27.1177,150.8845,306.9,1,1,2014-04-01,1243,Terra,MODIS,70,6.2,287.5,8,N,0
-23.379,147.8922,306.9,1.1,1,2014-04-01,1244,Terra,MODIS,61,6.2,293.6,6.7,N,0
-23.3695,147.8907,319.6,1.1,1,2014-04-01,1244,Terra,MODIS,99,6.2,294,18.1,N,0
-23.3601,147.8892,306.1,1.1,1,2014-04-01,1244,Terra,MODIS,59,6.2,292.6,6.3,N,0
-25.0315,148.6375,303.7,1.1,1,2014-04-01,1244,Terra,MODIS,56,6.2,292.7,5.9,N,0
-24.9727,152.3997,305.4,1.1,1,2014-04-01,1244,Terra,MODIS,64,6.2,291.5,7.4,N,0
-24.9633,152.3979,315.5,1.1,1,2014-04-01,1244,Terra,MODIS,91,6.2,291.7,15.4,N,0
-33.6042,118.1939,304.7,3,1.6,2014-04-01,1420,Terra,MODIS,61,6.2,279.9,48.5,N,0
-33.6042,117.9624,324.9,3.1,1.7,2014-04-01,1420,Terra,MODIS,100,6.2,282.3,133.2,N,0
-33.6063,117.9289,301.3,3.1,1.7,2014-04-01,1420,Terra,MODIS,30,6.2,280.4,37.9,N,0
-33.589,117.9613,302.7,3.1,1.7,2014-04-01,1420,Terra,MODIS,51,6.2,280.8,43.4,N,0
-33.5911,117.9276,302.3,3.1,1.7,2014-04-01,1420,Terra,MODIS,48,6.2,280.9,42.8,N,0
-33.3814,119.8168,300.8,2.3,1.5,2014-04-01,1420,Terra,MODIS,34,6.2,278.9,27.9,N,0
-33.5913,117.9561,312.5,3.1,1.7,2014-04-01,1420,Terra,MODIS,85,6.2,281.5,76,N,0
-33.6065,117.9571,326.2,3.1,1.7,2014-04-01,1420,Terra,MODIS,100,6.2,282.1,141.3,N,0
-33.4048,119.6929,300.1,2.3,1.5,2014-04-01,1420,Terra,MODIS,11,6.2,278.7,25,N,0
-32.93,119.6602,316,2.3,1.5,2014-04-01,1421,Terra,MODIS,92,6.2,281,62.8,N,0
-32.928,119.6854,301.2,2.3,1.5,2014-04-01,1421,Terra,MODIS,39,6.2,280.2,27.8,N,0
-32.9328,119.6807,300.1,2.3,1.5,2014-04-01,1421,Terra,MODIS,0,6.2,280.1,22.3,N,0
-27.8627,129.6968,308.8,1.2,1.1,2014-04-01,1422,Terra,MODIS,76,6.2,285.7,12,N,0
-17.864,124.8171,309.7,1,1,2014-04-01,1424,Terra,MODIS,70,6.2,296.9,6,N,0
-17.8217,124.5405,345.6,1,1,2014-04-01,1424,Terra,MODIS,100,6.2,298.1,51.9,N,0
-17.8654,124.8075,310.9,1,1,2014-04-01,1424,Terra,MODIS,74,6.2,297,6.9,N,0
-17.805,124.5281,311.8,1,1,2014-04-01,1424,Terra,MODIS,61,6.2,295.9,7.4,N,0
-17.8307,124.542,325.6,1,1,2014-04-01,1424,Terra,MODIS,96,6.2,293.8,21.4,N,0
-17.8231,124.531,316.4,1,1,2014-04-01,1424,Terra,MODIS,36,6.2,292.2,13,N,0
-17.9801,124.8421,325.9,1,1,2014-04-01,1424,Terra,MODIS,100,6.2,298,21.2,N,0
-18.803,126.8573,324.3,1.2,1.1,2014-04-01,1424,Terra,MODIS,100,6.2,296.6,24.5,N,0
-17.4101,126.2778,306.1,1.2,1.1,2014-04-01,1425,Terra,MODIS,59,6.2,295.2,5.2,N,0
-16.2875,125.3626,301.3,2.2,1.4,2014-04-01,1731,Aqua,MODIS,40,6.2,284.7,11.6,N,0
-20.5892,116.7794,325.6,1,1,2014-04-01,1732,Aqua,MODIS,100,6.2,296.9,21,N,0
-20.5907,116.7892,324.6,1,1,2014-04-01,1732,Aqua,MODIS,100,6.2,297.6,19.9,N,2
-32.746,118.9134,310.3,1.3,1.1,2014-04-01,1735,Aqua,MODIS,80,6.2,281,21.4,N,0
-33.2369,120.0805,309,1.6,1.2,2014-04-01,1735,Aqua,MODIS,76,6.2,277.8,26.1,N,0
-33.6471,118.0292,302.9,1.2,1.1,2014-04-01,1735,Aqua,MODIS,52,6.2,279.1,12.6,N,0
-26.2297,148.5151,311.5,3.3,1.7,2014-04-01,2341,Terra,MODIS,59,6.2,293.7,29.5,D,0
-26.2249,148.5089,311.3,3.3,1.7,2014-04-01,2341,Terra,MODIS,58,6.2,293.9,27,D,0
-27.4302,149.2682,310,2.7,1.6,2014-04-01,2341,Terra,MODIS,54,6.2,293.1,23.5,D,0
-27.4273,149.2749,313.9,2.7,1.6,2014-04-01,2341,Terra,MODIS,65,6.2,293.4,36.3,D,0
-25.8393,150.4018,309.8,2.5,1.5,2014-04-01,2341,Terra,MODIS,56,6.2,295.3,14,D,0
-25.499,149.7439,310.4,2.8,1.6,2014-04-01,2341,Terra,MODIS,54,6.2,296.1,20.3,D,0
-27.8728,153.0502,313.6,1.5,1.2,2014-04-01,2341,Terra,MODIS,65,6.2,297.4,11.5,D,0
-29.2915,152.0737,308.9,1.6,1.2,2014-04-01,2342,Terra,MODIS,49,6.2,288.8,12.6,D,0
-34.0159,149.7153,316.8,1.8,1.3,2014-04-01,2343,Terra,MODIS,75,6.2,292,30,D,0
-34.5232,146.8053,313.7,2.6,1.6,2014-04-01,2343,Terra,MODIS,68,6.2,298.2,25.8,D,0
-34.0043,149.7187,348.3,1.8,1.3,2014-04-01,2343,Terra,MODIS,95,6.2,295.2,131.6,D,0
-34.0006,149.7004,344.1,1.8,1.3,2014-04-01,2343,Terra,MODIS,93,6.2,296.9,112.1,D,0
-34.0122,149.6964,308.7,1.8,1.3,2014-04-01,2343,Terra,MODIS,58,6.2,293.7,14.4,D,0
-34.3087,147.8671,312,2.3,1.5,2014-04-01,2343,Terra,MODIS,59,6.2,297.6,17.9,D,0
-35.6422,147.9708,360.2,2.1,1.4,2014-04-01,2343,Terra,MODIS,100,6.2,295.1,253.8,D,0
-35.6407,147.9635,366.6,2.1,1.4,2014-04-01,2343,Terra,MODIS,100,6.2,296.1,309,D,0
-37.0924,149.1265,338.6,1.7,1.3,2014-04-01,2344,Terra,MODIS,91,6.2,293.9,82.4,D,0
-37.096,149.1446,313.5,1.7,1.3,2014-04-01,2344,Terra,MODIS,65,6.2,292.5,21.7,D,0
-37.1036,149.123,316.8,1.7,1.3,2014-04-01,2344,Terra,MODIS,77,6.2,294.4,28.1,D,0
-37.1072,149.1412,305.3,1.7,1.3,2014-04-01,2344,Terra,MODIS,36,6.2,292.4,11,D,0
-37.1006,149.1183,327.7,1.7,1.3,2014-04-01,2344,Terra,MODIS,85,6.2,293.4,51.2,D,0
-37.1042,149.1362,330.8,1.7,1.3,2014-04-01,2344,Terra,MODIS,87,6.2,294,60.2,D,0
-37.1416,149.1442,304.4,1.6,1.3,2014-04-01,2344,Terra,MODIS,32,6.2,292.8,10.7,D,0
-35.5033,145.388,311.9,3,1.7,2014-04-01,2344,Terra,MODIS,66,6.2,295.3,25.2,D,0
-37.5141,148.0434,305.6,1.9,1.3,2014-04-01,2344,Terra,MODIS,61,6.2,294.5,10.8,D,0
-37.1566,149.1594,315,1.6,1.3,2014-04-01,2344,Terra,MODIS,75,6.2,291.5,27.1,D,0
-35.5054,145.3932,312.2,3,1.7,2014-04-01,2344,Terra,MODIS,68,6.2,295.5,26.8,D,0
-37.1529,149.1409,331.9,1.6,1.3,2014-04-01,2344,Terra,MODIS,88,6.2,293.4,65,D,0
-15.8158,129.6141,325.4,2.1,1.4,2014-04-02,0117,Terra,MODIS,73,6.2,303.4,37,D,0
-20.0484,125.4664,327,3.4,1.7,2014-04-02,0118,Terra,MODIS,70,6.2,298.7,72.4,D,0
-20.0393,125.476,321.7,3.4,1.7,2014-04-02,0118,Terra,MODIS,49,6.2,297.6,42.5,D,0
-20.4348,139.0162,338.1,1.4,1.2,2014-04-02,0118,Terra,MODIS,84,6.2,302.6,46.8,D,0
-22.9357,145.6888,321.4,4.7,2,2014-04-02,0118,Terra,MODIS,47,6.2,294.2,116.2,D,0
-20.4331,139.0026,328.3,1.4,1.2,2014-04-02,0118,Terra,MODIS,54,6.2,302.5,22.9,D,0
-20.4241,139.0176,323.7,1.4,1.2,2014-04-02,0118,Terra,MODIS,34,6.2,303.5,13.7,D,0
-20.4387,139.0092,331.5,1.4,1.2,2014-04-02,0118,Terra,MODIS,75,6.2,301.1,32.2,D,0
-20.4224,139.004,325.7,1.4,1.2,2014-04-02,0118,Terra,MODIS,53,6.2,304.9,17,D,0
-33.2202,118.8405,313.6,4.5,2,2014-04-02,0122,Terra,MODIS,59,6.2,293.4,89,D,0
-33.222,118.8477,316.4,4.5,2,2014-04-02,0122,Terra,MODIS,66,6.2,293.5,109,D,0
-20.4516,118.6587,326.2,3,1.6,2014-04-02,0256,Terra,MODIS,43,6.2,303.5,45.6,D,0
-20.4664,118.6571,326,3,1.6,2014-04-02,0256,Terra,MODIS,60,6.2,302.8,46.4,D,0
-20.4777,118.7714,325.6,3,1.7,2014-04-02,0256,Terra,MODIS,34,6.2,301.6,41.8,D,0
-21.342,117.6137,324.8,2.5,1.5,2014-04-02,0257,Terra,MODIS,68,6.2,304.1,34.9,D,0
-21.3445,117.6385,324.8,2.5,1.5,2014-04-02,0257,Terra,MODIS,68,6.2,304,35.1,D,0
-28.0732,114.6894,328.4,1.9,1.4,2014-04-02,0259,Terra,MODIS,78,6.2,309,36.5,D,0
-28.0762,114.6824,328.5,1.9,1.4,2014-04-02,0259,Terra,MODIS,78,6.2,308.5,35.9,D,0
-29.4237,115.6785,319.2,2.3,1.5,2014-04-02,0259,Terra,MODIS,64,6.2,306.2,22.4,D,0
-30.7863,116.118,319.2,2.6,1.6,2014-04-02,0259,Terra,MODIS,70,6.2,301.9,40.7,D,0
-31.0106,115.7286,312.6,2.5,1.5,2014-04-02,0259,Terra,MODIS,52,6.2,302.4,19.9,D,0
-31.0085,115.7031,314.3,2.5,1.5,2014-04-02,0259,Terra,MODIS,60,6.2,301.4,26,D,0
-29.8506,116.033,318.2,2.5,1.5,2014-04-02,0259,Terra,MODIS,69,6.2,303.9,26.1,D,0
-29.8484,116.0072,334.1,2.5,1.5,2014-04-02,0259,Terra,MODIS,86,6.2,304.7,96,D,0
-31.1447,116.6762,314.9,2.9,1.6,2014-04-02,0259,Terra,MODIS,62,6.2,302,25.7,D,0
-31.145,116.6691,313.3,2.9,1.6,2014-04-02,0259,Terra,MODIS,57,6.2,301.9,20.3,D,0
-30.9231,116.7092,314.4,2.9,1.6,2014-04-02,0259,Terra,MODIS,41,6.2,302.1,21.3,D,0
-30.7646,116.2035,315.7,2.6,1.6,2014-04-02,0259,Terra,MODIS,63,6.2,302.5,25.9,D,0
-31.4932,116.52,311.2,2.8,1.6,2014-04-02,0259,Terra,MODIS,54,6.2,300.2,20.8,D,0
-31.4954,116.5497,319.1,2.8,1.6,2014-04-02,0259,Terra,MODIS,72,6.2,300,50.3,D,0
-31.4923,116.5269,314.4,2.8,1.6,2014-04-02,0259,Terra,MODIS,63,6.2,300.2,31.4,D,0
-29.5158,115.7556,319.9,2.4,1.5,2014-04-02,0259,Terra,MODIS,70,6.2,304.9,25.8,D,0
-29.5078,115.7617,323,2.4,1.5,2014-04-02,0259,Terra,MODIS,75,6.2,305.4,37.6,D,0
-28.6269,115.0404,322.7,2.1,1.4,2014-04-02,0259,Terra,MODIS,70,6.2,308,19.8,D,0
-28.6396,115.039,323.2,2.1,1.4,2014-04-02,0259,Terra,MODIS,70,6.2,308.1,21.4,D,0
-30.9254,116.7393,318.3,2.9,1.6,2014-04-02,0259,Terra,MODIS,68,6.2,303.2,37.9,D,0
-28.6397,115.0323,323.9,2.1,1.4,2014-04-02,0259,Terra,MODIS,51,6.2,308,22.5,D,0
-29.5207,115.3457,318.6,2.2,1.4,2014-04-02,0259,Terra,MODIS,68,6.2,304.4,23,D,0
-31.3338,117.8941,315.7,3.5,1.8,2014-04-02,0259,Terra,MODIS,65,6.2,301.5,39.4,D,0
-31.3252,117.9003,318.9,3.5,1.8,2014-04-02,0259,Terra,MODIS,70,6.2,302,55.6,D,0
-31.1898,117.6979,313.7,3.4,1.7,2014-04-02,0259,Terra,MODIS,58,6.2,301.1,26.9,D,0
-31.4946,116.5565,313.2,2.8,1.6,2014-04-02,0259,Terra,MODIS,60,6.2,299.7,26.2,D,0
-30.6383,115.9233,314.9,2.5,1.5,2014-04-02,0259,Terra,MODIS,57,6.2,302.3,23.5,D,0
-31.7027,117.1319,312.8,3.1,1.7,2014-04-02,0259,Terra,MODIS,60,6.2,300.3,25.5,D,0
-29.4147,115.7293,320.1,2.4,1.5,2014-04-02,0259,Terra,MODIS,55,6.2,306.8,23.5,D,0
-31.154,116.3982,314.7,2.8,1.6,2014-04-02,0259,Terra,MODIS,61,6.2,301.2,25.2,D,0
-31.1708,116.426,314.3,2.8,1.6,2014-04-02,0259,Terra,MODIS,36,6.2,301.6,22.4,D,0
-31.1563,116.4273,318.2,2.8,1.6,2014-04-02,0259,Terra,MODIS,69,6.2,302,38.4,D,0
-28.899,115.32,320.2,2.2,1.4,2014-04-02,0259,Terra,MODIS,68,6.2,306.5,18,D,0
-30.8095,116.2272,315,2.7,1.6,2014-04-02,0259,Terra,MODIS,61,6.2,300.6,25.7,D,0
-30.8132,116.2214,312.7,2.7,1.6,2014-04-02,0259,Terra,MODIS,49,6.2,300.7,18.2,D,0
-30.4667,115.6916,314.4,2.4,1.5,2014-04-02,0259,Terra,MODIS,59,6.2,303.7,17.6,D,0
-30.1301,116.3725,316.5,2.7,1.6,2014-04-02,0259,Terra,MODIS,61,6.2,303.4,22.5,D,0
-30.3616,116.0839,315.1,2.6,1.5,2014-04-02,0259,Terra,MODIS,62,6.2,303.2,22.3,D,0
-30.3664,116.0764,322.4,2.6,1.5,2014-04-02,0259,Terra,MODIS,75,6.2,303,49.8,D,0
-30.8213,115.7866,318.6,2.5,1.5,2014-04-02,0259,Terra,MODIS,69,6.2,302.1,32.8,D,0
-31.6465,116.7797,314.3,3,1.6,2014-04-02,0259,Terra,MODIS,64,6.2,302.2,26.7,D,0
-33.225,117.6132,321.4,3.5,1.8,2014-04-02,0300,Terra,MODIS,77,6.2,297.2,82.7,D,0
-33.0029,116.7222,309.5,3,1.7,2014-04-02,0300,Terra,MODIS,49,6.2,297.6,17.5,D,0
-33.2319,118.005,312.7,3.7,1.8,2014-04-02,0300,Terra,MODIS,64,6.2,295,38.3,D,0
-33.0977,117.2605,311.7,3.3,1.7,2014-04-02,0300,Terra,MODIS,61,6.2,297.6,30.7,D,0
-31.8849,116.7702,311.6,3,1.6,2014-04-02,0300,Terra,MODIS,58,6.2,298.7,21.9,D,0
-31.8837,116.7452,316.1,3,1.6,2014-04-02,0300,Terra,MODIS,68,6.2,300.4,37.9,D,0
-31.8827,116.7382,312.8,3,1.6,2014-04-02,0300,Terra,MODIS,62,6.2,300.3,27.2,D,0
-32.1259,117.9642,339.9,3.6,1.8,2014-04-02,0300,Terra,MODIS,90,6.2,300.5,233.2,D,0
-32.1421,117.9631,318.1,3.6,1.8,2014-04-02,0300,Terra,MODIS,73,6.2,298.9,56.5,D,0
-32.1323,118.3638,320.7,3.8,1.8,2014-04-02,0300,Terra,MODIS,71,6.2,300.8,83.5,D,0
-32.1345,118.4046,313.8,3.8,1.8,2014-04-02,0300,Terra,MODIS,66,6.2,300.4,41.1,D,0
-32.4091,119.261,311,4.4,1.9,2014-04-02,0300,Terra,MODIS,59,6.2,299,38.1,D,0
-32.4115,119.3094,321.9,4.4,1.9,2014-04-02,0300,Terra,MODIS,77,6.2,299.7,123.4,D,0
-32.5613,118.0593,321.9,3.7,1.8,2014-04-02,0300,Terra,MODIS,77,6.2,300.7,85.7,D,0
-33.296,118.5489,314.8,4,1.9,2014-04-02,0300,Terra,MODIS,68,6.2,297,51.2,D,0
-33.2824,118.5449,311.6,4,1.9,2014-04-02,0300,Terra,MODIS,59,6.2,296.4,31.4,D,0
-32.1601,117.7333,317.1,3.5,1.8,2014-04-02,0300,Terra,MODIS,71,6.2,299.8,53.3,D,0
-32.1689,117.7275,314.1,3.5,1.8,2014-04-02,0300,Terra,MODIS,66,6.2,299.4,35,D,0
-32.4901,119.4498,317.2,4.5,2,2014-04-02,0300,Terra,MODIS,62,6.2,299.8,95.4,D,0
-32.4892,119.4445,317.1,4.5,2,2014-04-02,0300,Terra,MODIS,65,6.2,299.9,97.5,D,0
-32.3576,117.6259,314,3.4,1.7,2014-04-02,0300,Terra,MODIS,66,6.2,299,36.6,D,0
-32.3484,117.6325,314,3.4,1.7,2014-04-02,0300,Terra,MODIS,66,6.2,299.3,37,D,0
-32.5709,118.0638,324.6,3.7,1.8,2014-04-02,0300,Terra,MODIS,80,6.2,301.4,105.9,D,0
-32.5777,118.0582,315.3,3.7,1.8,2014-04-02,0300,Terra,MODIS,43,6.2,301.4,42.5,D,0
-32.5684,118.0239,317.5,3.7,1.8,2014-04-02,0300,Terra,MODIS,72,6.2,299.7,59.5,D,0
-32.4091,119.268,314.8,4.4,1.9,2014-04-02,0300,Terra,MODIS,42,6.2,299,54.9,D,0
-32.4118,119.3165,319.7,4.4,1.9,2014-04-02,0300,Terra,MODIS,71,6.2,299.5,96,D,0
-32.1099,118.0909,315.1,3.7,1.8,2014-04-02,0300,Terra,MODIS,67,6.2,299.6,46.5,D,0
-32.1323,117.9322,339.2,3.6,1.8,2014-04-02,0300,Terra,MODIS,90,6.2,299.4,226.3,D,0
-32.1349,117.971,339.4,3.6,1.8,2014-04-02,0300,Terra,MODIS,90,6.2,299.8,230.7,D,0
-32.1236,117.9257,322.8,3.6,1.8,2014-04-02,0300,Terra,MODIS,78,6.2,298.9,86.8,D,0
-35.1532,148.5098,318.2,1,1,2014-04-02,0359,Aqua,MODIS,30,6.2,297.2,11.3,D,0
-35.1547,148.4985,318.8,1,1,2014-04-02,0359,Aqua,MODIS,65,6.2,297.8,12.7,D,0
-35.1344,148.5231,316.9,1,1,2014-04-02,0359,Aqua,MODIS,60,6.2,299.7,11.9,D,0
-35.136,148.5117,314.1,1,1,2014-04-02,0359,Aqua,MODIS,34,6.2,299.5,9.5,D,0
-35.0796,147.805,323.5,1.1,1,2014-04-02,0359,Aqua,MODIS,76,6.2,304.4,13.8,D,0
-37.15,147.9061,359.8,1.1,1.1,2014-04-02,0359,Aqua,MODIS,87,6.2,284.3,97.4,D,0
-37.0974,148.0689,336.9,1.1,1,2014-04-02,0359,Aqua,MODIS,90,6.2,291.5,42.5,D,0
-37.0989,148.0568,312,1.1,1,2014-04-02,0359,Aqua,MODIS,71,6.2,292.1,10.9,D,0
-37.1426,149.1435,315.8,1,1,2014-04-02,0359,Aqua,MODIS,47,6.2,291.9,13.2,D,0
-36.1097,147.9945,311.7,1.1,1,2014-04-02,0359,Aqua,MODIS,63,6.2,298.7,6.2,D,0
-36.1112,147.9824,314.3,1.1,1,2014-04-02,0359,Aqua,MODIS,72,6.2,300.2,8.6,D,0
-35.6657,147.9667,310.3,1.1,1,2014-04-02,0359,Aqua,MODIS,24,6.2,292.7,6.7,D,0
-35.6579,147.9527,320,1.1,1,2014-04-02,0359,Aqua,MODIS,35,6.2,293.8,13.7,D,0
-35.6377,147.9611,324.2,1.1,1,2014-04-02,0359,Aqua,MODIS,80,6.2,299.1,20.4,D,0
-35.6392,147.949,320.7,1.1,1,2014-04-02,0359,Aqua,MODIS,77,6.2,298.3,15.9,D,0
-35.356,146.8698,349,1.2,1.1,2014-04-02,0359,Aqua,MODIS,94,6.2,295.6,64.3,D,0
-35.6199,147.1187,330.8,1.2,1.1,2014-04-02,0359,Aqua,MODIS,85,6.2,303.7,24.1,D,0
-35.257,147.0156,319.1,1.2,1.1,2014-04-02,0359,Aqua,MODIS,69,6.2,301.7,9.4,D,0
-37.7566,148.4206,320.6,1.1,1,2014-04-02,0359,Aqua,MODIS,80,6.2,279.7,20.3,D,0
-35.4471,146.6039,345.4,1.2,1.1,2014-04-02,0359,Aqua,MODIS,92,6.2,300.6,54.2,D,0
-37.1595,147.908,405.4,1.1,1.1,2014-04-02,0359,Aqua,MODIS,87,6.2,291.8,333.8,D,0
-35.1942,147.1922,355.2,1.1,1.1,2014-04-02,0359,Aqua,MODIS,97,6.2,299,78.1,D,0
-35.5312,146.7459,324,1.2,1.1,2014-04-02,0359,Aqua,MODIS,76,6.2,301.5,12.8,D,0
-35.9376,146.2986,338.7,1.3,1.1,2014-04-02,0359,Aqua,MODIS,85,6.2,272.3,57.2,D,0
-35.2576,147.0936,322.3,1.1,1.1,2014-04-02,0359,Aqua,MODIS,74,6.2,297.2,16.1,D,0
-35.4555,147.3726,324.1,1.1,1.1,2014-04-02,0359,Aqua,MODIS,77,6.2,304.5,12,D,0
-35.454,147.385,319.1,1.1,1.1,2014-04-02,0359,Aqua,MODIS,70,6.2,304.3,6.5,D,0
-35.7156,145.9383,313.8,1.3,1.1,2014-04-02,0359,Aqua,MODIS,46,6.2,283.9,13.3,D,0
-35.5489,147.0351,321.5,1.2,1.1,2014-04-02,0359,Aqua,MODIS,75,6.2,305.8,9.9,D,0
-35.1965,147.4382,344.2,1.1,1.1,2014-04-02,0359,Aqua,MODIS,92,6.2,304.3,48.6,D,0
-35.7309,147.0404,323.6,1.2,1.1,2014-04-02,0359,Aqua,MODIS,80,6.2,302,13.7,D,0
-35.5943,146.202,323.9,1.3,1.1,2014-04-02,0359,Aqua,MODIS,74,6.2,304.4,14.4,D,0
-35.4486,146.5905,336.5,1.2,1.1,2014-04-02,0359,Aqua,MODIS,87,6.2,304.5,34.5,D,0
-35.2878,147.3295,326.7,1.1,1.1,2014-04-02,0359,Aqua,MODIS,79,6.2,304,18.7,D,0
-35.6671,147.2182,332.7,1.1,1.1,2014-04-02,0359,Aqua,MODIS,86,6.2,302.9,28.3,D,0
-35.6454,146.1023,325.1,1.3,1.1,2014-04-02,0359,Aqua,MODIS,77,6.2,285.5,24.9,D,0
-35.3788,146.4892,331.5,1.2,1.1,2014-04-02,0359,Aqua,MODIS,83,6.2,303.9,25.6,D,0
-35.9286,146.4675,373.9,1.2,1.1,2014-04-02,0359,Aqua,MODIS,100,6.2,295.1,169.1,D,0
-35.1987,146.9086,322.5,1.2,1.1,2014-04-02,0359,Aqua,MODIS,70,6.2,298.5,13.9,D,0
-35.6282,146.7022,325,1.2,1.1,2014-04-02,0359,Aqua,MODIS,78,6.2,299.3,18.6,D,0
-35.5485,146.7828,321,1.2,1.1,2014-04-02,0359,Aqua,MODIS,66,6.2,304.6,9.6,D,0
-35.8036,146.9395,312.8,1.2,1.1,2014-04-02,0359,Aqua,MODIS,53,6.2,294.6,7.3,D,0
-35.3575,146.8569,335.9,1.2,1.1,2014-04-02,0359,Aqua,MODIS,87,6.2,295.9,35,D,0
-35.5927,146.2159,331.1,1.3,1.1,2014-04-02,0359,Aqua,MODIS,82,6.2,304.6,25.7,D,0
-35.2413,147.0647,331.8,1.1,1.1,2014-04-02,0359,Aqua,MODIS,83,6.2,301.5,25.5,D,0
-35.2862,147.342,325.2,1.1,1.1,2014-04-02,0359,Aqua,MODIS,78,6.2,303,17,D,0
-35.6627,147.0081,363.7,1.2,1.1,2014-04-02,0359,Aqua,MODIS,100,6.2,305.2,107.9,D,0
-35.6145,145.9295,315.1,1.3,1.1,2014-04-02,0359,Aqua,MODIS,51,6.2,276.3,15.6,D,0
-35.2428,147.052,320,1.1,1.1,2014-04-02,0359,Aqua,MODIS,59,6.2,303.7,10.2,D,0
-35.1958,147.1798,355.4,1.1,1.1,2014-04-02,0359,Aqua,MODIS,98,6.2,299.5,79.4,D,0
-35.6571,146.0898,312.1,1.3,1.1,2014-04-02,0359,Aqua,MODIS,26,6.2,281.2,9.8,D,0
-35.4107,147.0764,390.3,1.1,1.1,2014-04-02,0359,Aqua,MODIS,100,6.2,310.8,231.2,D,0
-35.6079,146.8738,320.3,1.2,1.1,2014-04-02,0359,Aqua,MODIS,69,6.2,302.3,10,D,0
-35.2471,147.1817,319.6,1.1,1.1,2014-04-02,0359,Aqua,MODIS,70,6.2,298.7,12.7,D,0
-35.5981,146.8721,317.8,1.2,1.1,2014-04-02,0359,Aqua,MODIS,46,6.2,300.7,6.9,D,0
-35.664,146.7409,316.7,1.2,1.1,2014-04-02,0359,Aqua,MODIS,35,6.2,299,7.3,D,0
-35.4092,147.0892,340.5,1.1,1.1,2014-04-02,0359,Aqua,MODIS,90,6.2,306.1,39.8,D,0
-35.5965,146.8852,351.6,1.2,1.1,2014-04-02,0359,Aqua,MODIS,96,6.2,301.1,70.9,D,0
-35.7063,146.9762,317.8,1.2,1.1,2014-04-02,0359,Aqua,MODIS,72,6.2,301.9,7.3,D,0
-37.3762,145.8708,346.7,1.4,1.2,2014-04-02,0359,Aqua,MODIS,71,6.2,276.1,80.3,D,0
-35.6317,146.7572,336.3,1.2,1.1,2014-04-02,0359,Aqua,MODIS,87,6.2,301.8,37.2,D,0
-35.5461,146.7889,321.8,1.2,1.1,2014-04-02,0359,Aqua,MODIS,73,6.2,303.5,11.5,D,0
-35.5837,146.9096,316.1,1.2,1.1,2014-04-02,0359,Aqua,MODIS,64,6.2,299.7,6.9,D,0
-35.7294,147.0533,343.2,1.2,1.1,2014-04-02,0359,Aqua,MODIS,92,6.2,301.9,48.4,D,0
-35.4014,145.9261,320.6,1.3,1.1,2014-04-02,0359,Aqua,MODIS,67,6.2,303,11.3,D,0
-35.2038,147.194,360,1.1,1.1,2014-04-02,0359,Aqua,MODIS,100,6.2,298.7,93.4,D,0
-35.6063,146.8869,339.1,1.2,1.1,2014-04-02,0359,Aqua,MODIS,89,6.2,301.6,40.6,D,0
-35.6994,147.1397,322.5,1.2,1.1,2014-04-02,0359,Aqua,MODIS,79,6.2,303.1,10.9,D,0
-35.2567,147.1835,360,1.1,1.1,2014-04-02,0359,Aqua,MODIS,99,6.2,300.4,94.4,D,0
-35.5296,146.7591,326,1.2,1.1,2014-04-02,0359,Aqua,MODIS,78,6.2,303.2,15.6,D,0
-37.3938,145.9077,331.9,1.4,1.2,2014-04-02,0359,Aqua,MODIS,80,6.2,275.6,47.1,D,0
-35.547,146.796,323.4,1.2,1.1,2014-04-02,0359,Aqua,MODIS,77,6.2,303.4,12.8,D,0
-35.3657,146.8716,396.3,1.2,1.1,2014-04-02,0359,Aqua,MODIS,100,6.2,306.1,280.2,D,0
-35.5442,147.3195,321,1.1,1.1,2014-04-02,0359,Aqua,MODIS,74,6.2,305.3,9.7,D,0
-35.2585,147.0029,328.4,1.2,1.1,2014-04-02,0359,Aqua,MODIS,81,6.2,300.1,22.3,D,0
-35.6333,146.744,330.4,1.2,1.1,2014-04-02,0359,Aqua,MODIS,80,6.2,301.4,26.9,D,0
-35.7009,147.1269,327.6,1.2,1.1,2014-04-02,0359,Aqua,MODIS,83,6.2,304,17.9,D,0
-36.481,145.4938,312.5,1.4,1.2,2014-04-02,0359,Aqua,MODIS,47,6.2,286.5,15.2,D,0
-35.24,147.0591,326.6,1.1,1.1,2014-04-02,0359,Aqua,MODIS,36,6.2,302.8,17.9,D,0
-35.714,145.9528,322.1,1.3,1.1,2014-04-02,0359,Aqua,MODIS,72,6.2,283.7,24.4,D,0
-35.5863,146.2718,320.7,1.3,1.1,2014-04-02,0359,Aqua,MODIS,70,6.2,302.6,8.6,D,0
-35.1995,147.4137,315.2,1.1,1.1,2014-04-02,0359,Aqua,MODIS,43,6.2,298.5,5.4,D,0
-35.3772,146.5027,337.6,1.2,1.1,2014-04-02,0359,Aqua,MODIS,88,6.2,305.2,37.1,D,0
-35.6161,145.915,314.5,1.3,1.1,2014-04-02,0359,Aqua,MODIS,47,6.2,278.2,14.9,D,0
-35.2273,147.0827,322.1,1.1,1.1,2014-04-02,0359,Aqua,MODIS,69,6.2,299.5,13,D,0
-35.29,146.9039,319.1,1.2,1.1,2014-04-02,0359,Aqua,MODIS,65,6.2,304.1,9.1,D,0
-35.7126,147.1943,321.8,1.1,1.1,2014-04-02,0359,Aqua,MODIS,78,6.2,302.5,12.3,D,0
-35.6656,147.2307,325.4,1.1,1.1,2014-04-02,0359,Aqua,MODIS,80,6.2,303.7,16.7,D,0
-35.6118,147.0069,317.5,1.2,1.1,2014-04-02,0359,Aqua,MODIS,69,6.2,301.4,6.1,D,0
-35.198,147.426,403.7,1.1,1.1,2014-04-02,0359,Aqua,MODIS,100,6.2,309.4,311.9,D,0
-35.3468,146.4147,315.4,1.2,1.1,2014-04-02,0359,Aqua,MODIS,55,6.2,297.7,6.4,D,0
-35.647,146.088,344.2,1.3,1.1,2014-04-02,0359,Aqua,MODIS,92,6.2,284.9,66.6,D,0
-35.189,146.9069,339.5,1.2,1.1,2014-04-02,0359,Aqua,MODIS,89,6.2,299.6,42.4,D,0
-35.3346,147.4582,341.2,1.1,1.1,2014-04-02,0359,Aqua,MODIS,90,6.2,305.8,40.7,D,0
-35.3672,146.8586,365.6,1.2,1.1,2014-04-02,0359,Aqua,MODIS,100,6.2,303.9,116.7,D,0
-35.2054,147.1815,339,1.1,1.1,2014-04-02,0359,Aqua,MODIS,89,6.2,296.9,40.3,D,0
-35.1938,147.4323,372.9,1.1,1.1,2014-04-02,0359,Aqua,MODIS,100,6.2,308.2,136.7,D,0
-35.6021,147.0051,333.7,1.2,1.1,2014-04-02,0359,Aqua,MODIS,86,6.2,304.6,29,D,0
-35.7337,149.9068,312,1,1,2014-04-02,0359,Aqua,MODIS,68,6.2,299.5,6.7,D,0
-35.7243,145.9545,313.5,1.3,1.1,2014-04-02,0359,Aqua,MODIS,30,6.2,281.1,12.5,D,0
-37.1786,147.9113,357.9,1.1,1.1,2014-04-02,0359,Aqua,MODIS,93,6.2,288,91.9,D,0
-37.3828,145.8665,344.1,1.4,1.2,2014-04-02,0359,Aqua,MODIS,61,6.2,280.4,72.2,D,0
-35.9302,146.4537,346.5,1.2,1.1,2014-04-02,0359,Aqua,MODIS,94,6.2,291,67.9,D,0
-35.1973,147.1673,316.6,1.1,1.1,2014-04-02,0359,Aqua,MODIS,53,6.2,298.6,8,D,0
-35.1954,147.4201,363.3,1.1,1.1,2014-04-02,0359,Aqua,MODIS,100,6.2,306.2,101.4,D,0
-35.5852,146.8965,328.2,1.2,1.1,2014-04-02,0359,Aqua,MODIS,81,6.2,299.6,21.3,D,0
-35.4204,147.0781,319.1,1.1,1.1,2014-04-02,0359,Aqua,MODIS,57,6.2,302.7,6.5,D,0
-35.7122,146.8438,339.5,1.2,1.1,2014-04-02,0359,Aqua,MODIS,90,6.2,297.4,46.6,D,0
-35.5474,147.048,351.9,1.2,1.1,2014-04-02,0359,Aqua,MODIS,96,6.2,306.3,68.3,D,0
-35.6402,146.5121,317.9,1.2,1.1,2014-04-02,0359,Aqua,MODIS,67,6.2,276.9,19.4,D,0
-35.2551,147.196,336.7,1.1,1.1,2014-04-02,0359,Aqua,MODIS,87,6.2,299.2,36.2,D,0
-37.3867,145.8726,353.6,1.4,1.2,2014-04-02,0359,Aqua,MODIS,97,6.2,279.3,104.9,D,0
-35.3361,147.4459,328.3,1.1,1.1,2014-04-02,0359,Aqua,MODIS,81,6.2,304.9,18.7,D,0
-35.6643,146.9951,326.8,1.2,1.1,2014-04-02,0359,Aqua,MODIS,81,6.2,300.9,18.3,D,0
-34.9226,147.5192,318,1.1,1,2014-04-02,0400,Aqua,MODIS,68,6.2,299.6,9.1,D,0
-33.1289,147.9418,375,1,1,2014-04-02,0400,Aqua,MODIS,100,6.2,308.6,132.4,D,0
-34.7782,147.7481,327.1,1.1,1,2014-04-02,0400,Aqua,MODIS,79,6.2,300.2,17.5,D,0
-34.2884,146.6354,334,1.2,1.1,2014-04-02,0400,Aqua,MODIS,82,6.2,307.8,25.9,D,0
-34.251,147.1126,321.7,1.1,1.1,2014-04-02,0400,Aqua,MODIS,65,6.2,307.1,8.9,D,0
-34.1752,147.4477,342.6,1.1,1,2014-04-02,0400,Aqua,MODIS,90,6.2,308.2,41.7,D,0
-34.792,146.5681,345.4,1.2,1.1,2014-04-02,0400,Aqua,MODIS,92,6.2,305.1,54.3,D,0
-34.7396,146.9258,319.4,1.1,1.1,2014-04-02,0400,Aqua,MODIS,59,6.2,302.6,6.3,D,0
-34.3049,146.6643,321.7,1.2,1.1,2014-04-02,0400,Aqua,MODIS,44,6.2,307,7.6,D,0
-33.8358,145.9888,325.9,1.2,1.1,2014-04-02,0400,Aqua,MODIS,69,6.2,303.8,16.2,D,0
-33.0482,148.6779,322.5,1,1,2014-04-02,0400,Aqua,MODIS,76,6.2,300.4,15.1,D,0
-34.7291,147.0136,326.7,1.1,1.1,2014-04-02,0400,Aqua,MODIS,77,6.2,307.8,15.5,D,0
-33.1184,146.7324,327.6,1.1,1.1,2014-04-02,0400,Aqua,MODIS,75,6.2,310.3,13.4,D,0
-33.128,146.7341,326.6,1.1,1.1,2014-04-02,0400,Aqua,MODIS,63,6.2,310.4,12.8,D,0
-33.7685,146.6505,331.1,1.2,1.1,2014-04-02,0400,Aqua,MODIS,80,6.2,308.6,21.5,D,0
-33.532,147.1675,323.6,1.1,1,2014-04-02,0400,Aqua,MODIS,34,6.2,305.3,11.4,D,0
-33.7048,146.4137,363.4,1.2,1.1,2014-04-02,0400,Aqua,MODIS,100,6.2,311.4,104.8,D,0
-34.0137,149.7142,325.2,1,1,2014-04-02,0400,Aqua,MODIS,79,6.2,299.4,18.3,D,0
-34.2403,146.6851,341.6,1.2,1.1,2014-04-02,0400,Aqua,MODIS,89,6.2,310.3,39.6,D,0
-34.7688,147.7464,346.8,1.1,1,2014-04-02,0400,Aqua,MODIS,93,6.2,305.8,51.5,D,0
-34.7703,147.7346,323.7,1.1,1,2014-04-02,0400,Aqua,MODIS,75,6.2,303.8,13,D,0
-34.3807,147.7689,319.1,1.1,1,2014-04-02,0400,Aqua,MODIS,45,6.2,301.7,6.9,D,0
-34.5601,147.4158,347.4,1.1,1,2014-04-02,0400,Aqua,MODIS,93,6.2,304.8,54.3,D,0
-34.7797,147.7363,324.9,1.1,1,2014-04-02,0400,Aqua,MODIS,58,6.2,302.3,13.7,D,0
-34.7557,147.6228,318.9,1.1,1,2014-04-02,0400,Aqua,MODIS,68,6.2,299.7,9.2,D,0
-33.0099,148.1513,378.2,1,1,2014-04-02,0400,Aqua,MODIS,100,6.2,307.3,142.2,D,0
-34.2829,147.5885,317.9,1.1,1,2014-04-02,0400,Aqua,MODIS,44,6.2,304.3,7.4,D,0
-33.7063,146.401,331.7,1.2,1.1,2014-04-02,0400,Aqua,MODIS,80,6.2,308.6,23.6,D,0
-33.0651,148.2967,311.9,1,1,2014-04-02,0400,Aqua,MODIS,37,6.2,295.3,5.3,D,0
-34.4508,147.6319,337.6,1.1,1,2014-04-02,0400,Aqua,MODIS,87,6.2,306.5,32.9,D,0
-34.2418,146.6725,345.9,1.2,1.1,2014-04-02,0400,Aqua,MODIS,92,6.2,311,50.1,D,0
-34.4652,150.8863,318.9,1,1,2014-04-02,0400,Aqua,MODIS,0,6.2,301.1,9.3,D,2
-32.2788,149.5008,343.9,1,1,2014-04-02,0400,Aqua,MODIS,92,6.2,296.9,45.6,D,0
-35.1289,147.1354,373.5,1.1,1.1,2014-04-02,0400,Aqua,MODIS,100,6.2,301.9,143,D,0
-34.0065,147.5314,334.2,1.1,1,2014-04-02,0400,Aqua,MODIS,84,6.2,307.2,24.4,D,0
-34.3115,147.4366,327.7,1.1,1,2014-04-02,0400,Aqua,MODIS,77,6.2,302.7,18.6,D,0
-33.7633,147.7278,337.9,1.1,1,2014-04-02,0400,Aqua,MODIS,88,6.2,306,34.4,D,0
-34.0152,149.7034,318.6,1,1,2014-04-02,0400,Aqua,MODIS,67,6.2,298.6,10.9,D,0
-34.556,147.4084,359.8,1.1,1,2014-04-02,0400,Aqua,MODIS,99,6.2,308.5,87.9,D,0
-35.0717,147.4405,315.9,1.1,1,2014-04-02,0400,Aqua,MODIS,63,6.2,300.2,6.9,D,0
-33.4198,146.7545,323.2,1.1,1.1,2014-04-02,0400,Aqua,MODIS,60,6.2,308.3,9.6,D,0
-34.9075,147.2105,321.2,1.1,1.1,2014-04-02,0400,Aqua,MODIS,71,6.2,298.8,14.1,D,0
-34.4274,146.9738,327.8,1.1,1.1,2014-04-02,0400,Aqua,MODIS,76,6.2,305.8,16.7,D,0
-34.042,147.478,322.1,1.1,1,2014-04-02,0400,Aqua,MODIS,59,6.2,306.3,7.7,D,0
-34.451,147.2109,359.4,1.1,1.1,2014-04-02,0400,Aqua,MODIS,99,6.2,307.4,87.1,D,0
-34.0435,147.4662,319.9,1.1,1,2014-04-02,0400,Aqua,MODIS,41,6.2,305.7,5.6,D,0
-34.4301,146.9811,333.2,1.1,1.1,2014-04-02,0400,Aqua,MODIS,83,6.2,304,26.7,D,0
-34.8414,146.1398,328.5,1.2,1.1,2014-04-02,0400,Aqua,MODIS,78,6.2,306.1,20.4,D,0
-33.8378,146.4039,326.5,1.2,1.1,2014-04-02,0400,Aqua,MODIS,73,6.2,308.6,14.4,D,0
-34.1186,147.1757,318.5,1.1,1,2014-04-02,0400,Aqua,MODIS,52,6.2,303.4,6.9,D,0
-34.8802,147.7367,324.5,1.1,1,2014-04-02,0400,Aqua,MODIS,77,6.2,303.6,13.3,D,0
-34.2922,147.5903,322.8,1.1,1,2014-04-02,0400,Aqua,MODIS,71,6.2,303.7,12.9,D,0
-34.1789,147.2659,321.3,1.1,1,2014-04-02,0400,Aqua,MODIS,64,6.2,308.5,8.7,D,0
-34.8663,147.7703,323.1,1.1,1,2014-04-02,0400,Aqua,MODIS,75,6.2,302.7,12.7,D,0
-34.3372,147.0711,325.5,1.1,1.1,2014-04-02,0400,Aqua,MODIS,73,6.2,307.5,13.3,D,0
-34.5545,147.4203,331.9,1.1,1,2014-04-02,0400,Aqua,MODIS,82,6.2,304.2,25.3,D,0
-34.1248,147.39,328.5,1.1,1,2014-04-02,0400,Aqua,MODIS,77,6.2,307.2,17.5,D,0
-34.9274,147.3647,313.7,1.1,1.1,2014-04-02,0400,Aqua,MODIS,51,6.2,297,4.6,D,0
-34.1342,147.3917,318.9,1.1,1,2014-04-02,0400,Aqua,MODIS,25,6.2,306.1,6.1,D,0
-34.3975,146.8152,327.6,1.2,1.1,2014-04-02,0400,Aqua,MODIS,76,6.2,305.6,17.5,D,0
-34.7326,147.3044,320.6,1.1,1.1,2014-04-02,0400,Aqua,MODIS,68,6.2,298.2,9.5,D,0
-34.1868,147.2795,342,1.1,1,2014-04-02,0400,Aqua,MODIS,89,6.2,307.2,40.5,D,0
-34.8622,146.6666,319.6,1.2,1.1,2014-04-02,0400,Aqua,MODIS,54,6.2,294.8,10.8,D,0
-34.9091,147.5099,325.4,1.1,1,2014-04-02,0400,Aqua,MODIS,78,6.2,296.3,18.9,D,0
-34.7542,147.6348,316.5,1.1,1,2014-04-02,0400,Aqua,MODIS,62,6.2,298.3,6.6,D,0
-34.2853,146.6411,341.7,1.2,1.1,2014-04-02,0400,Aqua,MODIS,89,6.2,307.6,42,D,0
-34.4602,147.6336,316.9,1.1,1,2014-04-02,0400,Aqua,MODIS,44,6.2,302.9,5.8,D,0
-33.6515,146.5154,328.2,1.2,1.1,2014-04-02,0400,Aqua,MODIS,76,6.2,310.6,17.1,D,0
-33.5265,146.4614,326.7,1.2,1.1,2014-04-02,0400,Aqua,MODIS,69,6.2,309.6,13.2,D,0
-34.2886,147.7687,352.6,1.1,1,2014-04-02,0400,Aqua,MODIS,96,6.2,306,62.9,D,0
-33.0114,148.1403,342.5,1,1,2014-04-02,0400,Aqua,MODIS,91,6.2,305.3,41.4,D,0
-33.1274,147.9529,329,1,1,2014-04-02,0400,Aqua,MODIS,81,6.2,304.4,19.9,D,0
-33.6395,147.6875,320,1.1,1,2014-04-02,0400,Aqua,MODIS,43,6.2,299.1,9.8,D,0
-35.1304,147.1229,392.4,1.1,1.1,2014-04-02,0400,Aqua,MODIS,100,6.2,306.1,243.5,D,0
-34.5115,146.7128,348.4,1.2,1.1,2014-04-02,0400,Aqua,MODIS,93,6.2,304.5,60.8,D,0
-33.77,146.638,329.1,1.2,1.1,2014-04-02,0400,Aqua,MODIS,77,6.2,309.7,18.2,D,0
-34.1737,147.4596,323.3,1.1,1,2014-04-02,0400,Aqua,MODIS,63,6.2,304.8,11.1,D,0
-33.7769,147.3983,321.7,1.1,1,2014-04-02,0400,Aqua,MODIS,45,6.2,305.5,8.3,D,0
-34.5616,147.4038,343.1,1.1,1,2014-04-02,0400,Aqua,MODIS,91,6.2,303.6,44.9,D,0
-33.319,147.6267,327.1,1.1,1,2014-04-02,0400,Aqua,MODIS,78,6.2,304.8,17.8,D,0
-34.4454,146.7463,328,1.2,1.1,2014-04-02,0400,Aqua,MODIS,76,6.2,307.6,17.3,D,0
-34.2901,147.7571,337.8,1.1,1,2014-04-02,0400,Aqua,MODIS,87,6.2,305.6,32,D,0
-33.0023,148.1385,318.6,1,1,2014-04-02,0400,Aqua,MODIS,59,6.2,301.9,9.8,D,0
-33.6236,145.3421,326.8,1.3,1.1,2014-04-02,0400,Aqua,MODIS,48,6.2,305.6,17,D,0
-33.0008,148.1495,325.9,1,1,2014-04-02,0400,Aqua,MODIS,78,6.2,304,17,D,0
-34.9052,147.7361,323.1,1.1,1,2014-04-02,0400,Aqua,MODIS,55,6.2,302.6,13.1,D,0
-33.9907,147.5337,324.4,1.1,1,2014-04-02,0400,Aqua,MODIS,73,6.2,308.5,10.3,D,0
-34.7865,147.5309,339.4,1.1,1,2014-04-02,0400,Aqua,MODIS,89,6.2,295.5,40.4,D,0
-34.0354,147.6797,340.8,1.1,1,2014-04-02,0400,Aqua,MODIS,89,6.2,308.9,37.1,D,0
-34.7301,146.7554,328.8,1.2,1.1,2014-04-02,0400,Aqua,MODIS,79,6.2,309.7,16.5,D,0
-34.2869,146.6482,323.4,1.2,1.1,2014-04-02,0400,Aqua,MODIS,66,6.2,307,9.8,D,0
-33.7661,147.4083,322.4,1.1,1,2014-04-02,0400,Aqua,MODIS,37,6.2,307.8,9,D,0
-34.0597,145.9831,326.4,1.2,1.1,2014-04-02,0400,Aqua,MODIS,71,6.2,311.3,13.1,D,0
-34.7987,146.5959,318.4,1.2,1.1,2014-04-02,0400,Aqua,MODIS,34,6.2,298.3,7.5,D,0
-34.7904,146.5813,332.5,1.2,1.1,2014-04-02,0400,Aqua,MODIS,83,6.2,302.9,27.5,D,0
-34.8772,147.7603,329.5,1.1,1,2014-04-02,0400,Aqua,MODIS,61,6.2,303.4,18.1,D,0
-34.008,147.5197,328.1,1.1,1,2014-04-02,0400,Aqua,MODIS,62,6.2,309,15.1,D,0
-34.1376,147.4408,324.8,1.1,1,2014-04-02,0400,Aqua,MODIS,72,6.2,304.8,13.1,D,0
-34.5131,146.7001,328,1.2,1.1,2014-04-02,0400,Aqua,MODIS,76,6.2,301.9,21,D,0
-34.0063,149.7014,383.8,1,1,2014-04-02,0400,Aqua,MODIS,100,6.2,308.6,163.1,D,0
-34.8678,147.7585,319.1,1.1,1,2014-04-02,0400,Aqua,MODIS,10,6.2,304.2,7.3,D,0
-33.1303,147.9306,335.9,1,1,2014-04-02,0400,Aqua,MODIS,86,6.2,302.7,29.6,D,0
-34.0697,147.4107,322.1,1.1,1,2014-04-02,0400,Aqua,MODIS,66,6.2,308.7,8.5,D,0
-34.4258,146.9862,321.9,1.1,1.1,2014-04-02,0400,Aqua,MODIS,66,6.2,305.9,8.8,D,0
-34.885,147.7443,344.1,1.1,1,2014-04-02,0400,Aqua,MODIS,92,6.2,301.4,45.1,D,0
-33.8374,145.9753,321.4,1.2,1.1,2014-04-02,0400,Aqua,MODIS,48,6.2,304.2,9.6,D,0
-34.9211,147.5314,318.7,1.1,1,2014-04-02,0400,Aqua,MODIS,69,6.2,298.1,10.2,D,0
-34.8787,147.7485,339.5,1.1,1,2014-04-02,0400,Aqua,MODIS,89,6.2,304.2,34.9,D,0
-34.3729,147.7556,318.3,1.1,1,2014-04-02,0400,Aqua,MODIS,44,6.2,304.1,6.7,D,0
-33.7755,147.41,338.7,1.1,1,2014-04-02,0400,Aqua,MODIS,88,6.2,305,32.7,D,0
-35.14,147.1245,317.9,1.1,1.1,2014-04-02,0400,Aqua,MODIS,44,6.2,298,8.2,D,0
-33.2329,146.5463,329.1,1.1,1.1,2014-04-02,0400,Aqua,MODIS,78,6.2,309.4,16,D,0
-34.1658,147.446,351.7,1.1,1,2014-04-02,0400,Aqua,MODIS,95,6.2,310.1,61.6,D,0
-34.6628,146.7251,322,1.2,1.1,2014-04-02,0400,Aqua,MODIS,65,6.2,308,8,D,0
-34.8217,147.3273,327.6,1.1,1.1,2014-04-02,0400,Aqua,MODIS,79,6.2,298,19,D,0
-34.3359,147.3189,324.2,1.1,1,2014-04-02,0400,Aqua,MODIS,67,6.2,302.8,12.1,D,0
-34.1643,147.4578,348.3,1.1,1,2014-04-02,0400,Aqua,MODIS,94,6.2,308.3,53.4,D,0
-32.2804,149.4901,312.8,1,1,2014-04-02,0400,Aqua,MODIS,39,6.2,296.1,6.7,D,0
-34.0047,149.7122,388.8,1,1,2014-04-02,0400,Aqua,MODIS,100,6.2,304.8,186.8,D,0
-34.7306,147.0012,325.8,1.1,1.1,2014-04-02,0400,Aqua,MODIS,76,6.2,305.4,14.3,D,0
-35.1551,146.669,321.7,1.2,1.1,2014-04-02,0400,Aqua,MODIS,65,6.2,303.8,10.3,D,0
-34.1774,147.2779,333.6,1.1,1,2014-04-02,0400,Aqua,MODIS,83,6.2,308.1,25.5,D,0
-34.5492,147.3086,345.1,1.1,1,2014-04-02,0400,Aqua,MODIS,92,6.2,302.1,49,D,0
-34.788,147.5189,326.5,1.1,1,2014-04-02,0400,Aqua,MODIS,78,6.2,294.2,20.4,D,0
-35.0018,147.6136,318.5,1.1,1,2014-04-02,0400,Aqua,MODIS,69,6.2,301.3,10.4,D,0
-34.5394,147.5827,323,1.1,1,2014-04-02,0400,Aqua,MODIS,72,6.2,304.8,11.1,D,0
-35.0622,147.4388,356.5,1.1,1,2014-04-02,0400,Aqua,MODIS,98,6.2,302.5,80.2,D,0
-35.0607,147.4509,325.9,1.1,1,2014-04-02,0400,Aqua,MODIS,79,6.2,302.6,17.8,D,0
-34.5825,146.7954,327.7,1.2,1.1,2014-04-02,0400,Aqua,MODIS,76,6.2,307.7,18,D,0
-34.6306,146.7258,326.2,1.2,1.1,2014-04-02,0400,Aqua,MODIS,74,6.2,307.3,14.8,D,0
-34.5656,147.527,324.1,1.1,1,2014-04-02,0400,Aqua,MODIS,73,6.2,306.6,13.4,D,0
-33.7648,147.7163,325.5,1.1,1,2014-04-02,0400,Aqua,MODIS,76,6.2,304.2,16.2,D,0
-34.8429,146.126,326.9,1.2,1.1,2014-04-02,0400,Aqua,MODIS,76,6.2,305.9,17.5,D,0
-33.9892,147.5453,322,1.1,1,2014-04-02,0400,Aqua,MODIS,69,6.2,307.4,7.1,D,0
-34.3386,147.0588,328,1.1,1.1,2014-04-02,0400,Aqua,MODIS,77,6.2,307.2,16.7,D,0
-34.7286,146.7682,358.9,1.2,1.1,2014-04-02,0400,Aqua,MODIS,99,6.2,311.3,86.8,D,0
-33.5032,146.4057,341.1,1.2,1.1,2014-04-02,0400,Aqua,MODIS,89,6.2,309,40.9,D,0
-34.0765,147.5084,321.3,1.1,1,2014-04-02,0400,Aqua,MODIS,57,6.2,306.4,8,D,0
-34.872,146.6684,322,1.2,1.1,2014-04-02,0400,Aqua,MODIS,71,6.2,295.8,13.6,D,0
-34.5641,147.5388,330.3,1.1,1,2014-04-02,0400,Aqua,MODIS,81,6.2,304.5,21.6,D,0
-34.5476,147.3206,321.5,1.1,1,2014-04-02,0400,Aqua,MODIS,68,6.2,300.9,10.2,D,0
-34.2869,146.6284,328.7,1.2,1.1,2014-04-02,0400,Aqua,MODIS,75,6.2,307.4,18,D,0
-34.2515,146.6741,324.2,1.2,1.1,2014-04-02,0400,Aqua,MODIS,67,6.2,309.2,10.6,D,0
-34.1201,147.1637,325.5,1.1,1.1,2014-04-02,0400,Aqua,MODIS,72,6.2,303.8,15.3,D,0
-34.853,146.1277,322.5,1.2,1.1,2014-04-02,0400,Aqua,MODIS,70,6.2,304.3,11.4,D,0
-34.1558,148.0901,347.8,1,1,2014-04-02,0400,Aqua,MODIS,94,6.2,305.2,51.1,D,0
-34.0634,148.0192,324.7,1,1,2014-04-02,0400,Aqua,MODIS,75,6.2,306.7,11.9,D,0
-34.0649,148.0078,322.4,1,1,2014-04-02,0400,Aqua,MODIS,71,6.2,306.3,8.9,D,0
-34.652,147.7902,315.4,1.1,1,2014-04-02,0400,Aqua,MODIS,49,6.2,300.1,5,D,0
-34.0732,148.1601,321.1,1,1,2014-04-02,0400,Aqua,MODIS,59,6.2,298.9,10.8,D,0
-34.6505,148.2224,311.3,1,1,2014-04-02,0400,Aqua,MODIS,44,6.2,294.6,6,D,0
-34.6519,148.211,311.3,1,1,2014-04-02,0400,Aqua,MODIS,38,6.2,296.9,6.4,D,0
-34.0211,147.9357,332,1,1,2014-04-02,0400,Aqua,MODIS,83,6.2,305.9,21.8,D,0
-34.0226,147.9243,349.6,1,1,2014-04-02,0400,Aqua,MODIS,95,6.2,306.7,54,D,0
-34.0241,147.9129,328.4,1.1,1,2014-04-02,0400,Aqua,MODIS,79,6.2,305.6,17.7,D,0
-34.1766,147.9308,322.6,1.1,1,2014-04-02,0400,Aqua,MODIS,63,6.2,306.1,9.1,D,0
-34.1674,147.929,325.3,1.1,1,2014-04-02,0400,Aqua,MODIS,75,6.2,306.3,12,D,0
-34.117,147.9711,320.1,1,1,2014-04-02,0400,Aqua,MODIS,67,6.2,306.2,7.1,D,0
-34.2526,147.9743,317,1.1,1,2014-04-02,0400,Aqua,MODIS,60,6.2,301.9,7.3,D,0
-34.254,147.9628,315.2,1.1,1,2014-04-02,0400,Aqua,MODIS,48,6.2,302.1,5.5,D,0
-34.2385,147.9364,329.7,1.1,1,2014-04-02,0400,Aqua,MODIS,81,6.2,304.5,20.4,D,0
-34.2775,148.0728,375.1,1,1,2014-04-02,0400,Aqua,MODIS,100,6.2,303.1,135.2,D,0
-34.2683,148.071,314.8,1,1,2014-04-02,0400,Aqua,MODIS,24,6.2,300.4,6.1,D,0
-33.8429,148.23,321.9,1,1,2014-04-02,0400,Aqua,MODIS,72,6.2,300.4,12.9,D,0
-33.8338,148.2282,334.5,1,1,2014-04-02,0400,Aqua,MODIS,85,6.2,298.8,28.8,D,0
-34.3075,147.8434,326.9,1.1,1,2014-04-02,0400,Aqua,MODIS,77,6.2,307.4,15,D,0
-34.309,147.8318,328.8,1.1,1,2014-04-02,0400,Aqua,MODIS,79,6.2,306.1,18,D,0
-34.4515,148.0717,322.4,1,1,2014-04-02,0400,Aqua,MODIS,70,6.2,303.5,11.5,D,0
-34.5213,148.313,326.4,1,1,2014-04-02,0400,Aqua,MODIS,78,6.2,301.1,18.8,D,0
-34.5228,148.3017,322.8,1,1,2014-04-02,0400,Aqua,MODIS,74,6.2,302.9,14.9,D,0
-34.4986,148.4126,318.6,1,1,2014-04-02,0400,Aqua,MODIS,68,6.2,300.1,10.3,D,0
-34.5001,148.4014,334.3,1,1,2014-04-02,0400,Aqua,MODIS,85,6.2,301.6,29.6,D,0
-33.9601,148.5157,317.4,1,1,2014-04-02,0400,Aqua,MODIS,42,6.2,302.2,7.9,D,0
-33.9524,148.52,314,1,1,2014-04-02,0400,Aqua,MODIS,56,6.2,300.7,6,D,0
-33.9539,148.5089,324.3,1,1,2014-04-02,0400,Aqua,MODIS,76,6.2,302,15.9,D,0
-33.437,148.7239,317.6,1,1,2014-04-02,0400,Aqua,MODIS,65,6.2,299.8,9,D,0
-33.4385,148.713,322.1,1,1,2014-04-02,0400,Aqua,MODIS,77,6.2,301.5,13.3,D,0
-33.2752,148.8305,318.6,1,1,2014-04-02,0400,Aqua,MODIS,73,6.2,298.7,11.1,D,0
-33.6715,148.957,324.9,1,1,2014-04-02,0400,Aqua,MODIS,79,6.2,297.9,16.7,D,0
-34.008,148.297,328.2,1,1,2014-04-02,0400,Aqua,MODIS,80,6.2,301,20.4,D,0
-34.653,148.5588,317.1,1,1,2014-04-02,0400,Aqua,MODIS,68,6.2,300.5,10.4,D,0
-34.5032,148.4481,313.7,1,1,2014-04-02,0400,Aqua,MODIS,54,6.2,301.4,5.9,D,0
-34.6439,148.557,335.4,1,1,2014-04-02,0400,Aqua,MODIS,87,6.2,303.6,31.9,D,0
-33.6956,148.8502,353.1,1,1,2014-04-02,0400,Aqua,MODIS,97,6.2,299.2,64.1,D,0
-33.5031,148.4456,317.5,1,1,2014-04-02,0400,Aqua,MODIS,70,6.2,294.7,10.8,D,0
-33.5046,148.4347,327.2,1,1,2014-04-02,0400,Aqua,MODIS,81,6.2,298.1,21.2,D,0
-33.494,148.4438,326.8,1,1,2014-04-02,0400,Aqua,MODIS,81,6.2,296.1,20.7,D,0
-33.4955,148.4329,349.8,1,1,2014-04-02,0400,Aqua,MODIS,95,6.2,296.5,59,D,0
-33.7055,148.2367,328,1,1,2014-04-02,0400,Aqua,MODIS,65,6.2,303.6,20.9,D,0
-33.6796,148.2203,320.1,1,1,2014-04-02,0400,Aqua,MODIS,43,6.2,302.2,10.1,D,0
-33.669,148.2296,315,1,1,2014-04-02,0400,Aqua,MODIS,24,6.2,298.5,6.4,D,0
-33.9162,147.8156,369,1.1,1,2014-04-02,0400,Aqua,MODIS,100,6.2,306.8,110.9,D,0
-33.9177,147.8042,329,1.1,1,2014-04-02,0400,Aqua,MODIS,78,6.2,306.2,18.3,D,0
-33.9069,147.8139,326.4,1.1,1,2014-04-02,0400,Aqua,MODIS,77,6.2,304.1,15.2,D,0
-33.9084,147.8024,322.7,1.1,1,2014-04-02,0400,Aqua,MODIS,65,6.2,304.3,10.9,D,0
-34.4977,148.1341,315.9,1,1,2014-04-02,0400,Aqua,MODIS,59,6.2,302.1,8.1,D,0
-34.5535,147.8496,341.3,1.1,1,2014-04-02,0400,Aqua,MODIS,90,6.2,304.8,42,D,0
-34.552,147.8612,346.7,1.1,1,2014-04-02,0400,Aqua,MODIS,93,6.2,306.3,53.1,D,0
-33.7865,148.1104,329.6,1,1,2014-04-02,0400,Aqua,MODIS,74,6.2,301.1,22.4,D,0
-33.788,148.0992,350.5,1,1,2014-04-02,0400,Aqua,MODIS,95,6.2,303.2,59.4,D,0
-33.8348,148.569,326.1,1,1,2014-04-02,0400,Aqua,MODIS,79,6.2,293.8,18.3,D,0
-33.7957,148.7189,314.2,1,1,2014-04-02,0400,Aqua,MODIS,61,6.2,301.7,6.2,D,0
-34.0254,148.716,330.2,1,1,2014-04-02,0400,Aqua,MODIS,83,6.2,302,21.8,D,0
-34.0165,148.7189,327.4,1,1,2014-04-02,0400,Aqua,MODIS,71,6.2,303.6,17.7,D,0
-34.0074,148.7171,321.6,1,1,2014-04-02,0400,Aqua,MODIS,72,6.2,302.3,12,D,0
-34.0089,148.7061,315.8,1,1,2014-04-02,0400,Aqua,MODIS,32,6.2,302.6,6.7,D,0
-33.95,148.7281,318.3,1,1,2014-04-02,0400,Aqua,MODIS,69,6.2,299,10.5,D,0
-33.9515,148.7171,328.7,1,1,2014-04-02,0400,Aqua,MODIS,81,6.2,301,21.6,D,0
-34.5352,147.9173,322.6,1.1,1,2014-04-02,0400,Aqua,MODIS,72,6.2,302.8,13.1,D,0
-34.5367,147.9057,321.8,1.1,1,2014-04-02,0400,Aqua,MODIS,71,6.2,302.9,12.3,D,0
-27.4401,149.2748,321.9,1,1,2014-04-02,0401,Aqua,MODIS,53,6.2,298.2,12.1,D,0
-27.4309,149.2731,324.3,1,1,2014-04-02,0401,Aqua,MODIS,65,6.2,300.9,14.8,D,0
-27.4084,152.382,322.5,1.5,1.2,2014-04-02,0401,Aqua,MODIS,74,6.2,300.5,21.3,D,0
-27.3977,152.3796,315.6,1.5,1.2,2014-04-02,0401,Aqua,MODIS,31,6.2,300.4,9.7,D,0
-27.4293,149.2836,319.8,1,1,2014-04-02,0401,Aqua,MODIS,51,6.2,298.6,9.7,D,0
-29.9289,150.5233,327,1.1,1,2014-04-02,0401,Aqua,MODIS,79,6.2,294.3,23.2,D,0
-29.1406,150.4982,323.2,1.1,1,2014-04-02,0401,Aqua,MODIS,20,6.2,297.1,13.7,D,0
-25.5568,152.8342,325.3,1.7,1.3,2014-04-02,0402,Aqua,MODIS,77,6.2,298.6,34.6,D,0
-25.9915,150.2636,335,1.2,1.1,2014-04-02,0402,Aqua,MODIS,84,6.2,302.8,34.1,D,0
-24.1787,148.8497,319.2,1.1,1,2014-04-02,0402,Aqua,MODIS,48,6.2,304.8,6.1,D,0
-25.9896,150.2752,317.5,1.2,1.1,2014-04-02,0402,Aqua,MODIS,53,6.2,301.5,8.5,D,0
-24.2086,149.9407,315.9,1.2,1.1,2014-04-02,0402,Aqua,MODIS,32,6.2,298.9,7,D,0
-26.3354,149.9153,319.8,1.1,1.1,2014-04-02,0402,Aqua,MODIS,63,6.2,303,8.3,D,0
-25.8246,152.8276,320.5,1.7,1.3,2014-04-02,0402,Aqua,MODIS,36,6.2,295.5,25,D,0
-25.8133,152.825,324.5,1.7,1.3,2014-04-02,0402,Aqua,MODIS,77,6.2,295.4,35.6,D,0
-25.8103,152.8416,318.2,1.7,1.3,2014-04-02,0402,Aqua,MODIS,63,6.2,290.7,23.1,D,0
-25.8366,150.3895,318.4,1.2,1.1,2014-04-02,0402,Aqua,MODIS,53,6.2,303.4,7.4,D,0
-25.5885,152.4048,317.7,1.6,1.2,2014-04-02,0402,Aqua,MODIS,55,6.2,293,19.1,D,0
-25.074,148.5493,333,1,1,2014-04-02,0402,Aqua,MODIS,83,6.2,304.2,24,D,0
-25.5899,152.3993,314.8,1.6,1.2,2014-04-02,0402,Aqua,MODIS,47,6.2,291.9,16.6,D,0
-24.7227,151.8175,332,1.5,1.2,2014-04-02,0402,Aqua,MODIS,78,6.2,296.5,45.2,D,0
-22.9328,145.6721,337.5,1,1,2014-04-02,0403,Aqua,MODIS,84,6.2,306.4,27.4,D,0
-22.9315,145.6821,354.2,1,1,2014-04-02,0403,Aqua,MODIS,96,6.2,309.1,61,D,0
-22.9301,145.6921,321.9,1,1,2014-04-02,0403,Aqua,MODIS,43,6.2,305.3,6.9,D,0
-18.3605,144.662,317.7,1,1,2014-04-02,0404,Aqua,MODIS,57,6.2,300,9.7,D,0
-19.5077,143.9993,324.5,1.1,1,2014-04-02,0404,Aqua,MODIS,62,6.2,295.7,14.2,D,0
-34.1818,135.8185,322.7,3.4,1.7,2014-04-02,0538,Aqua,MODIS,76,6.2,295.2,83,D,0
-34.174,135.8115,325.9,3.4,1.7,2014-04-02,0538,Aqua,MODIS,79,6.2,296.7,107.8,D,0
-33.9999,135.8965,315.9,3.5,1.8,2014-04-02,0538,Aqua,MODIS,34,6.2,296.1,54.3,D,0
-33.0798,121.5272,351.9,1.2,1.1,2014-04-02,0539,Aqua,MODIS,96,6.2,300.5,73.2,D,0
-33.0911,121.5162,372.8,1.2,1.1,2014-04-02,0539,Aqua,MODIS,100,6.2,307.8,148.6,D,0
-33.0896,121.5289,380.7,1.2,1.1,2014-04-02,0539,Aqua,MODIS,100,6.2,304.5,187.3,D,0
-33.1009,121.5178,317.4,1.2,1.1,2014-04-02,0539,Aqua,MODIS,65,6.2,295.6,8.6,D,0
-32.6455,117.2309,316.2,2.1,1.4,2014-04-02,0539,Aqua,MODIS,58,6.2,304.3,16.7,D,0
-31.7585,118.5501,318.6,1.7,1.3,2014-04-02,0539,Aqua,MODIS,62,6.2,306.2,11.2,D,0
-33.5019,119.587,324.9,1.5,1.2,2014-04-02,0539,Aqua,MODIS,77,6.2,305.2,24.3,D,0
-33.5001,119.6034,318.1,1.5,1.2,2014-04-02,0539,Aqua,MODIS,44,6.2,304.6,12.8,D,0
-32.1604,117.7227,328.8,1.9,1.3,2014-04-02,0539,Aqua,MODIS,80,6.2,306.1,40.2,D,0
-32.7401,119.4935,318.2,1.5,1.2,2014-04-02,0539,Aqua,MODIS,64,6.2,306.3,10.1,D,0
-32.1651,117.7072,323,1.9,1.3,2014-04-02,0539,Aqua,MODIS,73,6.2,306.4,26.1,D,0
-32.1632,117.7278,325.3,1.9,1.3,2014-04-02,0539,Aqua,MODIS,76,6.2,306.1,32.3,D,0
-32.0533,116.919,318.2,2.1,1.4,2014-04-02,0539,Aqua,MODIS,63,6.2,305.4,18.9,D,0
-32.1068,118.0796,319.8,1.8,1.3,2014-04-02,0539,Aqua,MODIS,67,6.2,306.8,16.7,D,0
-31.569,118.9682,322.9,1.6,1.2,2014-04-02,0539,Aqua,MODIS,71,6.2,307.4,19.4,D,0
-31.5707,118.9517,327.2,1.6,1.2,2014-04-02,0539,Aqua,MODIS,77,6.2,307.8,29.2,D,0
-31.5688,118.9612,330.6,1.6,1.2,2014-04-02,0539,Aqua,MODIS,80,6.2,307.9,37.2,D,0
-32.1337,118.4246,327.7,1.7,1.3,2014-04-02,0539,Aqua,MODIS,79,6.2,307.9,34.2,D,0
-32.0444,118.2961,323.2,1.7,1.3,2014-04-02,0539,Aqua,MODIS,73,6.2,306.3,25.3,D,0
-32.7333,117.4048,316.4,2,1.4,2014-04-02,0539,Aqua,MODIS,59,6.2,304,14.3,D,0
-32.7334,117.4101,315.8,2,1.4,2014-04-02,0539,Aqua,MODIS,58,6.2,304,14.3,D,0
-32.7404,117.4764,324.8,2,1.4,2014-04-02,0539,Aqua,MODIS,76,6.2,304.4,37.1,D,0
-32.7712,117.415,320.2,2,1.4,2014-04-02,0539,Aqua,MODIS,69,6.2,304.6,25.6,D,0
-32.0308,118.3129,320.1,1.7,1.3,2014-04-02,0539,Aqua,MODIS,67,6.2,304.4,17.8,D,0
-32.0326,118.2944,370.7,1.7,1.3,2014-04-02,0539,Aqua,MODIS,100,6.2,306.5,244.8,D,0
-32.5138,117.7128,328,1.9,1.4,2014-04-02,0539,Aqua,MODIS,79,6.2,306.6,42.9,D,0
-32.5156,117.6922,317.3,1.9,1.4,2014-04-02,0539,Aqua,MODIS,63,6.2,305.1,14.3,D,0
-32.5114,117.7077,330.8,1.9,1.4,2014-04-02,0539,Aqua,MODIS,82,6.2,306.6,52.5,D,0
-32.3643,117.6404,322.7,1.9,1.4,2014-04-02,0539,Aqua,MODIS,64,6.2,306.6,24.8,D,0
-32.3376,117.6322,325.9,1.9,1.4,2014-04-02,0539,Aqua,MODIS,77,6.2,304.8,34.5,D,0
-32.3499,117.6338,329.4,1.9,1.4,2014-04-02,0539,Aqua,MODIS,81,6.2,306.6,44,D,0
-32.3397,117.6371,335.2,1.9,1.4,2014-04-02,0539,Aqua,MODIS,86,6.2,305.8,65.5,D,0
-32.352,117.6387,323.9,1.9,1.4,2014-04-02,0539,Aqua,MODIS,71,6.2,306.2,28.2,D,0
-32.123,118.5328,328.8,1.7,1.3,2014-04-02,0539,Aqua,MODIS,80,6.2,307.2,36.5,D,0
-32.1248,118.5149,324.5,1.7,1.3,2014-04-02,0539,Aqua,MODIS,75,6.2,305.8,25.8,D,0
-32.1132,118.5133,330.9,1.7,1.3,2014-04-02,0539,Aqua,MODIS,82,6.2,306,41.7,D,0
-32.0319,118.6595,329.5,1.6,1.3,2014-04-02,0539,Aqua,MODIS,80,6.2,306.7,37.2,D,0
-33.7263,119.4019,314.9,1.6,1.2,2014-04-02,0539,Aqua,MODIS,36,6.2,302.4,8.2,D,0
-32.2447,118.2206,328.2,1.8,1.3,2014-04-02,0539,Aqua,MODIS,80,6.2,306.5,37.7,D,0
-32.2565,118.2222,339.6,1.8,1.3,2014-04-02,0539,Aqua,MODIS,89,6.2,307.2,74.5,D,0
-32.3513,118.2972,318,1.8,1.3,2014-04-02,0539,Aqua,MODIS,65,6.2,305.7,14.1,D,0
-32.095,117.0383,328.8,2.1,1.4,2014-04-02,0539,Aqua,MODIS,79,6.2,305.6,52.7,D,0
-32.7866,117.5257,320.7,2,1.4,2014-04-02,0539,Aqua,MODIS,70,6.2,303.8,26.5,D,0
-32.7846,117.5471,320.1,2,1.4,2014-04-02,0539,Aqua,MODIS,69,6.2,304,24.1,D,0
-32.7884,117.5328,327.2,2,1.4,2014-04-02,0539,Aqua,MODIS,79,6.2,304,43.1,D,0
-33.0813,121.5145,345.9,1.2,1.1,2014-04-02,0539,Aqua,MODIS,93,6.2,303.1,57.4,D,0
-33.0058,121.4704,320.5,1.2,1.1,2014-04-02,0539,Aqua,MODIS,70,6.2,305.9,10.6,D,0
-31.8903,116.7426,321.6,2.2,1.4,2014-04-02,0539,Aqua,MODIS,63,6.2,305.6,30.2,D,0
-31.8873,116.747,320.3,2.2,1.4,2014-04-02,0539,Aqua,MODIS,57,6.2,305.7,26.5,D,0
-31.865,116.6979,323.2,2.2,1.4,2014-04-02,0539,Aqua,MODIS,71,6.2,305,36.2,D,0
-31.8669,116.6746,317.5,2.2,1.4,2014-04-02,0539,Aqua,MODIS,57,6.2,304.8,20.2,D,0
-31.8682,116.6935,326.2,2.2,1.4,2014-04-02,0539,Aqua,MODIS,75,6.2,305.5,47.7,D,0
-33.0334,116.7417,316.6,2.3,1.5,2014-04-02,0539,Aqua,MODIS,27,6.2,302.8,19.4,D,0
-33.3176,117.827,318.2,1.9,1.4,2014-04-02,0539,Aqua,MODIS,65,6.2,303.8,17.6,D,0
-33.048,116.7608,318.3,2.3,1.5,2014-04-02,0539,Aqua,MODIS,64,6.2,303.8,25.6,D,0
-33.3147,117.8196,316.4,1.9,1.4,2014-04-02,0539,Aqua,MODIS,60,6.2,303.9,14.3,D,0
-33.9084,117.6987,319.3,2,1.4,2014-04-02,0539,Aqua,MODIS,70,6.2,303.7,24.2,D,0
-34.0131,117.2105,322.2,2.2,1.4,2014-04-02,0539,Aqua,MODIS,75,6.2,302.5,34.5,D,0
-33.4218,117.0525,317.3,2.2,1.4,2014-04-02,0539,Aqua,MODIS,63,6.2,305.3,18.2,D,0
-34.0158,117.206,325.5,2.2,1.4,2014-04-02,0539,Aqua,MODIS,78,6.2,303,43.3,D,0
-33.5675,118.7143,316,1.7,1.3,2014-04-02,0539,Aqua,MODIS,64,6.2,303.6,10,D,0
-32.8575,117.3208,323.3,2.1,1.4,2014-04-02,0539,Aqua,MODIS,74,6.2,304.5,35.5,D,0
-32.9251,116.9639,333.3,2.2,1.4,2014-04-02,0539,Aqua,MODIS,84,6.2,304.7,74.7,D,0
-33.5567,118.825,322.7,1.7,1.3,2014-04-02,0539,Aqua,MODIS,63,6.2,305.7,26.6,D,0
-33.5549,118.8432,339.4,1.7,1.3,2014-04-02,0539,Aqua,MODIS,89,6.2,304.4,75.4,D,0
-31.6732,118.0642,320.4,1.8,1.3,2014-04-02,0539,Aqua,MODIS,64,6.2,307.6,16.5,D,0
-32.9453,118.0862,325.7,1.8,1.3,2014-04-02,0539,Aqua,MODIS,77,6.2,304.6,34.8,D,0
-32.9471,118.0665,342.4,1.8,1.3,2014-04-02,0539,Aqua,MODIS,91,6.2,307,93,D,0
-31.5308,118.6656,328,1.6,1.3,2014-04-02,0539,Aqua,MODIS,77,6.2,308.9,30.1,D,0
-31.5177,118.6813,322.9,1.6,1.3,2014-04-02,0539,Aqua,MODIS,52,6.2,307.8,16.3,D,0
-31.5194,118.6641,328.7,1.6,1.3,2014-04-02,0539,Aqua,MODIS,78,6.2,308.2,30,D,0
-33.2673,117.1923,327.4,2.1,1.4,2014-04-02,0539,Aqua,MODIS,78,6.2,305.3,45.7,D,0
-33.2655,117.2153,354.6,2.1,1.4,2014-04-02,0539,Aqua,MODIS,97,6.2,307.9,186,D,0
-31.6889,116.8052,317.8,2.2,1.4,2014-04-02,0539,Aqua,MODIS,54,6.2,305.6,15,D,0
-31.5318,118.4175,336.4,1.7,1.3,2014-04-02,0539,Aqua,MODIS,86,6.2,309,53.8,D,0
-31.52,118.6766,331.7,1.6,1.3,2014-04-02,0539,Aqua,MODIS,81,6.2,308.5,36.5,D,0
-31.5218,118.6593,327.9,1.6,1.3,2014-04-02,0539,Aqua,MODIS,61,6.2,308.7,27,D,0
-33.0447,116.7674,321.1,2.3,1.5,2014-04-02,0539,Aqua,MODIS,70,6.2,303.7,32.6,D,0
-33.1388,118.0825,326.7,1.9,1.3,2014-04-02,0539,Aqua,MODIS,78,6.2,304.7,37.8,D,0
-32.9279,116.9593,325.9,2.2,1.4,2014-04-02,0539,Aqua,MODIS,77,6.2,304.4,48.2,D,0
-32.5414,119.2214,321.7,1.5,1.2,2014-04-02,0539,Aqua,MODIS,69,6.2,307.7,17.4,D,0
-32.9149,116.9578,319.6,2.2,1.4,2014-04-02,0539,Aqua,MODIS,62,6.2,303.9,30.7,D,0
-32.9288,117.5331,352,2,1.4,2014-04-02,0539,Aqua,MODIS,96,6.2,301.5,158.7,D,0
-32.9307,117.5116,328.9,2,1.4,2014-04-02,0539,Aqua,MODIS,80,6.2,302.9,51.9,D,0
-32.8856,117.5928,320.5,2,1.4,2014-04-02,0539,Aqua,MODIS,69,6.2,304.6,26.6,D,0
-32.8875,117.5714,325.4,2,1.4,2014-04-02,0539,Aqua,MODIS,77,6.2,305.3,41.1,D,0
-31.5339,118.4309,326.3,1.7,1.3,2014-04-02,0539,Aqua,MODIS,75,6.2,308.5,28.7,D,0
-32.9394,117.556,317,2,1.4,2014-04-02,0539,Aqua,MODIS,59,6.2,303,17.2,D,0
-31.5358,118.4131,327.8,1.7,1.3,2014-04-02,0539,Aqua,MODIS,77,6.2,309,31.2,D,0
-32.2402,118.8295,323.3,1.6,1.3,2014-04-02,0539,Aqua,MODIS,74,6.2,305.2,21.1,D,0
-32.2515,118.8311,322.1,1.6,1.3,2014-04-02,0539,Aqua,MODIS,31,6.2,306,18.3,D,0
-32.8845,117.5876,325.3,2,1.4,2014-04-02,0539,Aqua,MODIS,76,6.2,304.7,40.2,D,0
-32.8865,117.5663,320.1,2,1.4,2014-04-02,0539,Aqua,MODIS,69,6.2,305.2,25.7,D,0
-33.7133,116.5211,312.8,2.4,1.5,2014-04-02,0539,Aqua,MODIS,26,6.2,299,17.9,D,0
-32.5419,119.2161,321.3,1.5,1.2,2014-04-02,0539,Aqua,MODIS,71,6.2,308.3,17.3,D,0
-33.7086,116.4994,313.1,2.4,1.5,2014-04-02,0539,Aqua,MODIS,37,6.2,299,21.7,D,0
-31.6912,116.8007,320.7,2.2,1.4,2014-04-02,0539,Aqua,MODIS,64,6.2,305.7,23.6,D,0
-33.2543,117.209,327.4,2.1,1.4,2014-04-02,0539,Aqua,MODIS,78,6.2,306.3,46.1,D,0
-32.9413,117.5345,340.7,2,1.4,2014-04-02,0539,Aqua,MODIS,90,6.2,305.5,99,D,0
-33.2189,117.6095,338.1,2,1.4,2014-04-02,0539,Aqua,MODIS,88,6.2,300.9,88.2,D,0
-33.2315,117.6108,342,2,1.4,2014-04-02,0539,Aqua,MODIS,90,6.2,305.5,105.5,D,0
-33.2341,117.5942,320,2,1.4,2014-04-02,0539,Aqua,MODIS,68,6.2,304.5,23.1,D,0
-31.6154,116.7685,322,2.2,1.4,2014-04-02,0539,Aqua,MODIS,67,6.2,305.9,29.5,D,0
-33.2323,117.6158,335.4,2,1.4,2014-04-02,0539,Aqua,MODIS,86,6.2,304.7,74.7,D,0
-32.2419,118.8121,323.4,1.6,1.3,2014-04-02,0539,Aqua,MODIS,71,6.2,304,21.2,D,0
-33.2692,117.1877,318.7,2.1,1.4,2014-04-02,0539,Aqua,MODIS,55,6.2,304.9,19,D,0
-33.2671,117.2107,351.9,2.1,1.4,2014-04-02,0539,Aqua,MODIS,96,6.2,307.2,169.2,D,0
-33.2651,117.2337,319.9,2.1,1.4,2014-04-02,0539,Aqua,MODIS,64,6.2,306.2,22.1,D,0
-34.0151,117.1865,317,2.2,1.4,2014-04-02,0539,Aqua,MODIS,67,6.2,302.9,19.8,D,0
-31.617,116.7616,320.9,2.2,1.4,2014-04-02,0540,Aqua,MODIS,48,6.2,306.1,26.9,D,0
-31.6149,116.7848,318.1,2.2,1.4,2014-04-02,0540,Aqua,MODIS,41,6.2,306,18.9,D,0
-31.4654,117.7136,320.4,1.9,1.3,2014-04-02,0540,Aqua,MODIS,63,6.2,308.2,17.7,D,0
-28.8241,114.7172,328.7,2.8,1.6,2014-04-02,0540,Aqua,MODIS,72,6.2,307,70.4,D,0
-28.8226,114.7124,327.4,2.8,1.6,2014-04-02,0540,Aqua,MODIS,69,6.2,306.8,61,D,0
-28.6592,114.8888,329.3,2.7,1.6,2014-04-02,0540,Aqua,MODIS,73,6.2,311.8,56.2,D,0
-30.8723,121.4835,317.6,1.1,1.1,2014-04-02,0540,Aqua,MODIS,61,6.2,305.5,7.4,D,2
-31.1679,116.4462,325.3,2.2,1.5,2014-04-02,0540,Aqua,MODIS,73,6.2,305.7,44.5,D,0
-31.1639,116.4507,321.8,2.2,1.5,2014-04-02,0540,Aqua,MODIS,62,6.2,305.9,29.5,D,0
-29.1315,115.1937,324.7,2.6,1.5,2014-04-02,0540,Aqua,MODIS,65,6.2,310.2,32.3,D,0
-29.1414,115.1901,325.5,2.6,1.5,2014-04-02,0540,Aqua,MODIS,55,6.2,310.7,34.8,D,0
-30.1425,116.357,324,2.2,1.4,2014-04-02,0540,Aqua,MODIS,52,6.2,308.9,27.7,D,0
-31.1622,116.6575,318.8,2.2,1.4,2014-04-02,0540,Aqua,MODIS,57,6.2,306.8,20,D,0
-30.2102,117.1624,324.3,2,1.4,2014-04-02,0540,Aqua,MODIS,71,6.2,308,26.2,D,0
-28.908,115.3147,329.9,2.5,1.5,2014-04-02,0540,Aqua,MODIS,75,6.2,312.4,49.9,D,0
-30.6564,116.5218,320.4,2.2,1.4,2014-04-02,0540,Aqua,MODIS,63,6.2,307.3,21.1,D,0
-29.5006,115.753,320.3,2.4,1.5,2014-04-02,0540,Aqua,MODIS,50,6.2,308.4,17.8,D,0
-30.8119,116.2369,318.8,2.3,1.5,2014-04-02,0540,Aqua,MODIS,46,6.2,306.9,21.9,D,0
-31.1577,117.5298,335.4,1.9,1.3,2014-04-02,0540,Aqua,MODIS,84,6.2,309.8,63,D,0
-31.1558,117.5498,320.8,1.9,1.3,2014-04-02,0540,Aqua,MODIS,64,6.2,307.8,17.5,D,0
-31.1615,117.5371,334.3,1.9,1.3,2014-04-02,0540,Aqua,MODIS,83,6.2,309.1,58.1,D,0
-31.1601,116.6802,321.1,2.2,1.4,2014-04-02,0540,Aqua,MODIS,64,6.2,306.3,25.6,D,0
-29.5085,115.7607,327.9,2.4,1.5,2014-04-02,0540,Aqua,MODIS,74,6.2,309.2,46.3,D,0
-30.7985,116.2356,326,2.3,1.5,2014-04-02,0540,Aqua,MODIS,74,6.2,307.6,46.7,D,0
-29.3453,115.6226,323,2.4,1.5,2014-04-02,0540,Aqua,MODIS,62,6.2,311.6,26.9,D,0
-30.9795,117.0983,324.8,2,1.4,2014-04-02,0540,Aqua,MODIS,72,6.2,307.8,31.3,D,0
-30.965,117.1184,319.8,2,1.4,2014-04-02,0540,Aqua,MODIS,34,6.2,307.3,15.9,D,0
-30.3759,116.0581,320,2.3,1.5,2014-04-02,0540,Aqua,MODIS,61,6.2,307.4,24.6,D,0
-30.9669,117.0969,341.4,2,1.4,2014-04-02,0540,Aqua,MODIS,89,6.2,308.9,95.8,D,0
-30.9597,116.4582,329,2.2,1.4,2014-04-02,0540,Aqua,MODIS,78,6.2,306.7,54.6,D,0
-30.9577,116.4818,333.3,2.2,1.4,2014-04-02,0540,Aqua,MODIS,83,6.2,307.4,73.3,D,0
-30.2106,116.4649,321.2,2.2,1.4,2014-04-02,0540,Aqua,MODIS,64,6.2,308,21.8,D,0
-30.7579,116.1251,317.5,2.3,1.5,2014-04-02,0540,Aqua,MODIS,38,6.2,303.3,20.5,D,0
-30.9556,116.5052,319.6,2.2,1.4,2014-04-02,0540,Aqua,MODIS,61,6.2,306.4,21.8,D,0
-30.7842,116.0855,319.9,2.3,1.5,2014-04-02,0540,Aqua,MODIS,38,6.2,305,27.5,D,0
-30.7821,116.1099,340,2.3,1.5,2014-04-02,0540,Aqua,MODIS,88,6.2,308.5,117.9,D,0
-30.7601,116.0999,318.9,2.3,1.5,2014-04-02,0540,Aqua,MODIS,57,6.2,303.6,26.3,D,0
-30.7736,116.1016,333.5,2.3,1.5,2014-04-02,0540,Aqua,MODIS,78,6.2,307.5,80.7,D,0
-30.7687,116.1083,343.9,2.3,1.5,2014-04-02,0540,Aqua,MODIS,91,6.2,306.6,141.9,D,0
-30.3846,116.0665,323.1,2.3,1.5,2014-04-02,0540,Aqua,MODIS,69,6.2,307.4,33.4,D,0
-31.1659,116.4267,318.1,2.3,1.5,2014-04-02,0540,Aqua,MODIS,28,6.2,305.1,17.4,D,0
-30.5963,116.1755,333.9,2.3,1.5,2014-04-02,0540,Aqua,MODIS,83,6.2,308.4,80,D,0
-30.1413,116.1139,325.8,2.3,1.5,2014-04-02,0540,Aqua,MODIS,73,6.2,308.7,40.4,D,0
-31.3152,116.5218,316.7,2.2,1.4,2014-04-02,0540,Aqua,MODIS,40,6.2,304.7,17.5,D,0
-30.2207,116.3494,322.5,2.2,1.4,2014-04-02,0540,Aqua,MODIS,67,6.2,307.8,29.2,D,0
-30.5943,116.1999,319.7,2.3,1.5,2014-04-02,0540,Aqua,MODIS,61,6.2,307.6,23,D,0
-30.6584,116.4986,319.9,2.2,1.4,2014-04-02,0540,Aqua,MODIS,61,6.2,308.6,19.4,D,0
-29.5141,115.7543,322.9,2.4,1.5,2014-04-02,0540,Aqua,MODIS,63,6.2,309.3,28,D,0
-30.8526,118.1105,320.6,1.7,1.3,2014-04-02,0540,Aqua,MODIS,63,6.2,306.2,16.3,D,0
-31.1596,116.6621,322.1,2.2,1.4,2014-04-02,0540,Aqua,MODIS,66,6.2,306.7,29.4,D,0
-31.3162,116.3544,318.2,2.3,1.5,2014-04-02,0540,Aqua,MODIS,32,6.2,302.9,30.5,D,0
-29.2406,115.4781,323.2,2.5,1.5,2014-04-02,0540,Aqua,MODIS,62,6.2,309.9,28,D,0
-30.3,116.6168,332.4,2.1,1.4,2014-04-02,0540,Aqua,MODIS,81,6.2,309.6,61.9,D,0
-28.9111,115.3457,332.6,2.5,1.5,2014-04-02,0540,Aqua,MODIS,79,6.2,312.3,61.5,D,0
-28.9132,115.3196,328.1,2.5,1.5,2014-04-02,0540,Aqua,MODIS,30,6.2,312.6,38.5,D,0
-29.1455,115.1951,326.4,2.6,1.5,2014-04-02,0540,Aqua,MODIS,69,6.2,310.8,40.2,D,0
-30.7714,116.1262,327.1,2.3,1.5,2014-04-02,0540,Aqua,MODIS,52,6.2,304.9,51.2,D,0
-28.9035,115.3666,326.4,2.5,1.5,2014-04-02,0540,Aqua,MODIS,58,6.2,311.3,32.5,D,0
-28.9058,115.3408,333.6,2.5,1.5,2014-04-02,0540,Aqua,MODIS,80,6.2,312,69.6,D,0
-30.1363,116.1184,324.2,2.3,1.5,2014-04-02,0540,Aqua,MODIS,70,6.2,308.1,36.3,D,0
-30.1997,117.1659,325.6,2,1.4,2014-04-02,0540,Aqua,MODIS,73,6.2,308.1,29.4,D,0
-30.861,118.0982,320.7,1.7,1.3,2014-04-02,0540,Aqua,MODIS,65,6.2,307.3,18.5,D,0
-22.6538,122.5405,354,1,1,2014-04-02,0542,Aqua,MODIS,96,6.2,302.7,58.4,D,0
-19.7078,127.4238,335.3,2,1.4,2014-04-02,0542,Aqua,MODIS,63,6.2,311.2,38.6,D,0
-22.6523,122.5503,342.5,1,1,2014-04-02,0542,Aqua,MODIS,74,6.2,301.8,33.8,D,0
-22.6628,122.5421,341.3,1,1,2014-04-02,0542,Aqua,MODIS,84,6.2,303.2,32.7,D,0
-20.5501,118.7579,354.8,1.2,1.1,2014-04-02,0542,Aqua,MODIS,94,6.2,306.4,70.4,D,0
-20.5516,118.7467,336.7,1.2,1.1,2014-04-02,0542,Aqua,MODIS,44,6.2,306.8,27.1,D,0
-20.5404,118.7565,338.8,1.2,1.1,2014-04-02,0542,Aqua,MODIS,70,6.2,308.4,25.2,D,0
-20.5419,118.7452,338.5,1.2,1.1,2014-04-02,0542,Aqua,MODIS,78,6.2,308.2,26,D,0
-20.5321,118.7438,344.9,1.2,1.1,2014-04-02,0542,Aqua,MODIS,88,6.2,309.4,37.8,D,0
-21.3605,117.6289,335.1,1.4,1.2,2014-04-02,0542,Aqua,MODIS,75,6.2,310.1,24.1,D,0
-16.4047,125.345,323.3,1.6,1.3,2014-04-02,0543,Aqua,MODIS,59,6.2,302,23,D,0
-18.0363,124.7591,334.2,1.4,1.2,2014-04-02,0543,Aqua,MODIS,39,6.2,308.8,21.9,D,0
-18.0258,124.7571,334,1.4,1.2,2014-04-02,0543,Aqua,MODIS,29,6.2,309.7,21.6,D,0
-18.0299,124.7657,343.5,1.4,1.2,2014-04-02,0543,Aqua,MODIS,79,6.2,307.8,47.8,D,0
-17.1552,126.9465,334.3,2.1,1.4,2014-04-02,0543,Aqua,MODIS,80,6.2,300.3,71.7,D,0
-15.7962,124.5006,322.3,1.5,1.2,2014-04-02,0543,Aqua,MODIS,59,6.2,301.4,14.6,D,0
-15.9123,124.846,324.4,1.5,1.2,2014-04-02,0543,Aqua,MODIS,71,6.2,296.5,20.3,D,0
-17.8441,124.3797,344.8,1.3,1.1,2014-04-02,0543,Aqua,MODIS,89,6.2,308.6,48.1,D,0
-15.8215,124.7656,318.9,1.5,1.2,2014-04-02,0543,Aqua,MODIS,44,6.2,298.5,9.6,D,0
-17.844,124.3161,331,1.3,1.1,2014-04-02,0543,Aqua,MODIS,71,6.2,309.4,15.5,D,0
-15.8021,124.5993,326.2,1.5,1.2,2014-04-02,0543,Aqua,MODIS,57,6.2,302,20.6,D,0
-17.4194,126.7786,328,2,1.4,2014-04-02,0543,Aqua,MODIS,37,6.2,306,28.6,D,0
-17.355,126.7854,328.4,2,1.4,2014-04-02,0543,Aqua,MODIS,50,6.2,304,33.2,D,0
-17.3447,126.4641,327.8,1.9,1.3,2014-04-02,0543,Aqua,MODIS,32,6.2,304.9,33.1,D,0
-17.3396,126.8007,340.3,2,1.4,2014-04-02,0543,Aqua,MODIS,86,6.2,303.8,80.3,D,0
-15.7124,124.6479,320.2,1.5,1.2,2014-04-02,0543,Aqua,MODIS,61,6.2,298.4,12.2,D,0
-17.3328,126.4616,332.2,1.9,1.3,2014-04-02,0543,Aqua,MODIS,71,6.2,303.2,46.9,D,0
-17.4163,126.7969,336.2,2,1.4,2014-04-02,0543,Aqua,MODIS,82,6.2,305.1,57.9,D,0
-17.4105,126.7838,326.9,2,1.4,2014-04-02,0543,Aqua,MODIS,45,6.2,305.8,25.3,D,0
-17.3358,126.4443,332.6,1.9,1.3,2014-04-02,0543,Aqua,MODIS,77,6.2,303.9,45.4,D,0
-17.4227,126.7862,338.4,2,1.4,2014-04-02,0543,Aqua,MODIS,84,6.2,305.6,67.2,D,0
-17.1622,125.6989,326.8,1.7,1.3,2014-04-02,0543,Aqua,MODIS,52,6.2,300.9,20.6,D,0
-25.4656,146.5801,308,2.1,1.4,2014-04-02,1326,Terra,MODIS,73,6.2,291.1,25,N,0
-25.4697,146.5593,306.1,2.1,1.4,2014-04-02,1326,Terra,MODIS,67,6.2,290.9,21.3,N,0
-25.4668,146.5749,312.4,2.1,1.4,2014-04-02,1326,Terra,MODIS,85,6.2,291.3,34.8,N,0
-34.4592,150.8819,301.6,1.1,1,2014-04-02,1501,Aqua,MODIS,42,6.2,291.4,5.5,N,2
-33.0755,119.9146,318.3,1.2,1.1,2014-04-02,1503,Terra,MODIS,97,6.2,282.8,24.5,N,0
-33.527,120.8783,312.2,1.3,1.1,2014-04-02,1503,Terra,MODIS,84,6.2,280.5,20.9,N,0
-33.4055,119.7353,319.6,1.1,1.1,2014-04-02,1503,Terra,MODIS,99,6.2,280.8,24.4,N,0
-33.4171,119.7253,341.5,1.1,1.1,2014-04-02,1503,Terra,MODIS,100,6.2,283.6,59.4,N,0
-33.4151,119.7376,347.6,1.1,1.1,2014-04-02,1503,Terra,MODIS,100,6.2,283.8,73.4,N,0
-33.4267,119.7276,304.7,1.1,1.1,2014-04-02,1503,Terra,MODIS,61,6.2,280.5,11.9,N,0
-33.4246,119.7399,304.4,1.1,1.1,2014-04-02,1503,Terra,MODIS,60,6.2,281.1,11.6,N,0
-33.507,118.786,304,1.1,1,2014-04-02,1503,Terra,MODIS,58,6.2,282.8,9.6,N,0
-33.5088,118.7746,303,1.1,1,2014-04-02,1503,Terra,MODIS,53,6.2,282.7,9,N,0
-33.0713,119.9397,305.5,1.2,1.1,2014-04-02,1503,Terra,MODIS,65,6.2,280.9,12.9,N,0
-33.0734,119.9271,358.1,1.2,1.1,2014-04-02,1503,Terra,MODIS,100,6.2,286.8,108.3,N,0
-33.5356,118.6048,311.2,1,1,2014-04-02,1503,Terra,MODIS,82,6.2,282.6,14.9,N,0
-33.5373,118.5936,305.2,1,1,2014-04-02,1503,Terra,MODIS,63,6.2,282.5,10.1,N,0
-33.0831,119.9295,311.9,1.2,1.1,2014-04-02,1503,Terra,MODIS,84,6.2,283.7,18.1,N,0
-33.5334,118.5577,300.6,1,1,2014-04-02,1503,Terra,MODIS,31,6.2,282.3,7.7,N,0
-33.6517,118.6962,321.5,1.1,1,2014-04-02,1503,Terra,MODIS,100,6.2,283.1,24,N,0
-33.7446,118.2028,324.3,1,1,2014-04-02,1503,Terra,MODIS,100,6.2,284,26.6,N,0
-33.6499,118.7076,325.5,1.1,1,2014-04-02,1503,Terra,MODIS,100,6.2,283.7,28.7,N,0
-34.0824,117.7976,315.2,1,1,2014-04-02,1503,Terra,MODIS,91,6.2,282,17.2,N,0
-33.5656,116.7357,309.2,1,1,2014-04-02,1503,Terra,MODIS,77,6.2,283.6,12.1,N,0
-33.2937,117.7166,352.8,1,1,2014-04-02,1503,Terra,MODIS,100,6.2,288,72,N,0
-33.2921,117.7274,314.8,1,1,2014-04-02,1503,Terra,MODIS,67,6.2,283.1,15.2,N,0
-33.3044,117.7077,303.5,1,1,2014-04-02,1503,Terra,MODIS,53,6.2,283.6,7.9,N,0
-33.3027,117.7186,305.4,1,1,2014-04-02,1503,Terra,MODIS,64,6.2,283.3,9.2,N,0
-33.7216,118.4734,321.3,1,1,2014-04-02,1503,Terra,MODIS,100,6.2,282.6,22.7,N,0
-33.7107,118.4825,306.3,1,1,2014-04-02,1503,Terra,MODIS,68,6.2,282.1,11.1,N,0
-33.7124,118.4714,307.3,1,1,2014-04-02,1503,Terra,MODIS,71,6.2,282.8,11.6,N,0
-33.5671,116.7249,302.5,1,1,2014-04-02,1503,Terra,MODIS,49,6.2,282.8,8,N,0
-33.7429,118.2138,372.9,1,1,2014-04-02,1503,Terra,MODIS,100,6.2,289.6,134.8,N,0
-33.7412,118.2249,347.9,1,1,2014-04-02,1503,Terra,MODIS,100,6.2,284.6,63.8,N,0
-33.2953,117.7057,309.7,1,1,2014-04-02,1503,Terra,MODIS,77,6.2,284.1,11.7,N,0
-33.7399,118.1845,312.5,1,1,2014-04-02,1503,Terra,MODIS,85,6.2,282.9,15.5,N,0
-34.1359,117.877,305.9,1,1,2014-04-02,1503,Terra,MODIS,66,6.2,283.7,10.5,N,0
-34.1342,117.888,339.9,1,1,2014-04-02,1503,Terra,MODIS,100,6.2,285.9,47.6,N,0
-33.7198,118.4846,310.4,1,1,2014-04-02,1503,Terra,MODIS,62,6.2,281.7,13,N,0
-33.6425,118.6941,307.4,1.1,1,2014-04-02,1503,Terra,MODIS,71,6.2,282.1,12.3,N,0
-33.6407,118.7054,300.8,1.1,1,2014-04-02,1503,Terra,MODIS,33,6.2,280.2,8.1,N,0
-34.1326,117.8989,318.2,1,1,2014-04-02,1503,Terra,MODIS,96,6.2,283.5,19.6,N,0
-33.7366,118.2066,326,1,1,2014-04-02,1503,Terra,MODIS,100,6.2,283.4,28.6,N,0
-33.7349,118.2177,336.8,1,1,2014-04-02,1503,Terra,MODIS,100,6.2,283.4,43.6,N,0
-33.7463,118.1918,314.4,1,1,2014-04-02,1503,Terra,MODIS,89,6.2,282.6,17.3,N,0
-33.7383,118.1955,325.4,1,1,2014-04-02,1503,Terra,MODIS,100,6.2,283.9,28,N,0
-33.0221,121.7449,310.2,1.5,1.2,2014-04-02,1503,Terra,MODIS,80,6.2,281.2,23.6,N,0
-31.195,116.1466,307.5,1,1,2014-04-02,1504,Terra,MODIS,72,6.2,284.6,10.3,N,0
-32.5817,117.3095,311.7,1,1,2014-04-02,1504,Terra,MODIS,83,6.2,282.1,14.3,N,0
-30.0827,116.0868,305.2,1,1,2014-04-02,1504,Terra,MODIS,63,6.2,287,8.3,N,0
-28.8694,115.2432,312.9,1,1,2014-04-02,1505,Terra,MODIS,86,6.2,288.3,13.2,N,0
-29.2398,115.7439,301.9,1,1,2014-04-02,1505,Terra,MODIS,45,6.2,288.7,6,N,0
-28.868,115.2535,309.8,1,1,2014-04-02,1505,Terra,MODIS,78,6.2,288.2,11.1,N,0
-18.4094,126.8536,305,1.8,1.3,2014-04-02,1636,Aqua,MODIS,24,6.2,293.7,13.6,N,0
-33.3748,119.7517,315.5,2.5,1.5,2014-04-02,1640,Aqua,MODIS,91,6.2,281.1,67.6,N,0
-33.3781,119.7429,307.5,2.5,1.5,2014-04-02,1640,Aqua,MODIS,72,6.2,280.7,46.4,N,0
-33.3841,119.7696,317.7,2.5,1.5,2014-04-02,1640,Aqua,MODIS,96,6.2,280,76.9,N,0
-33.3806,119.7785,303.3,2.5,1.5,2014-04-02,1640,Aqua,MODIS,51,6.2,279.2,34.4,N,0
-33.7304,118.1423,304.2,3.1,1.7,2014-04-02,1641,Aqua,MODIS,59,6.2,281.5,51.4,N,0
-33.7253,118.1356,304.9,3.1,1.7,2014-04-02,1641,Aqua,MODIS,62,6.2,281.6,50.5,N,0
-24.9287,148.6371,316.6,1,1,2014-04-03,0023,Terra,MODIS,42,6.2,302.1,6.2,D,0
-24.9273,148.6271,327.2,1,1,2014-04-03,0023,Terra,MODIS,80,6.2,301.2,16.9,D,0
-25.5802,147.1747,337.5,1,1,2014-04-03,0024,Terra,MODIS,86,6.2,302.1,31.1,D,0
-28.0061,147.4639,319.5,1,1,2014-04-03,0024,Terra,MODIS,56,6.2,302,6.7,D,0
-26.3988,148.3739,340.3,1,1,2014-04-03,0024,Terra,MODIS,89,6.2,301.9,35.7,D,0
-26.4003,148.3841,315.1,1,1,2014-04-03,0024,Terra,MODIS,26,6.2,300.4,4.5,D,0
-26.7981,150.1987,317.1,1.2,1.1,2014-04-03,0024,Terra,MODIS,62,6.2,300.8,8,D,2
-30.7185,147.0172,319,1,1,2014-04-03,0025,Terra,MODIS,46,6.2,300.6,6.9,D,0
-31.6031,146.0165,317.3,1,1,2014-04-03,0025,Terra,MODIS,55,6.2,299.4,5.9,D,0
-30.7095,147.0189,322.7,1,1,2014-04-03,0025,Terra,MODIS,62,6.2,299.9,11,D,0
-32.2307,147.3929,319.2,1,1,2014-04-03,0025,Terra,MODIS,51,6.2,299.4,9.4,D,0
-30.4523,150.1068,316.1,1.3,1.1,2014-04-03,0025,Terra,MODIS,60,6.2,299.9,9.6,D,0
-32.1544,147.2482,320.5,1,1,2014-04-03,0025,Terra,MODIS,73,6.2,294.9,11.1,D,0
-30.72,147.0277,318.2,1,1,2014-04-03,0025,Terra,MODIS,37,6.2,301.6,5.8,D,0
-31.6121,146.0147,314.8,1,1,2014-04-03,0025,Terra,MODIS,42,6.2,298,4.5,D,0
-29.7778,150.157,327.9,1.3,1.1,2014-04-03,0025,Terra,MODIS,81,6.2,299.1,28.7,D,0
-31.6161,148.5854,314.7,1.1,1.1,2014-04-03,0025,Terra,MODIS,63,6.2,298.6,7.5,D,0
-29.7879,150.1554,333.5,1.3,1.1,2014-04-03,0025,Terra,MODIS,85,6.2,297.9,39.4,D,0
-31.6827,146.6305,318.7,1,1,2014-04-03,0025,Terra,MODIS,66,6.2,289.9,12.3,D,0
-29.7793,150.1701,328,1.3,1.1,2014-04-03,0025,Terra,MODIS,81,6.2,299.5,29.5,D,0
-31.4259,146.7636,315.2,1,1,2014-04-03,0025,Terra,MODIS,55,6.2,299.6,5.5,D,0
-29.7895,150.1687,338.9,1.3,1.1,2014-04-03,0025,Terra,MODIS,89,6.2,298.3,51.4,D,0
-34.0005,149.7131,377.9,1.4,1.2,2014-04-03,0026,Terra,MODIS,94,6.2,291,224.5,D,0
-33.9954,149.7199,353.1,1.4,1.2,2014-04-03,0026,Terra,MODIS,97,6.2,288.3,104.1,D,0
-33.3332,146.6637,315.6,1,1,2014-04-03,0026,Terra,MODIS,71,6.2,297.9,5.9,D,0
-33.9899,149.7145,321.8,1.4,1.2,2014-04-03,0026,Terra,MODIS,81,6.2,289.4,27.1,D,0
-33.9936,149.7047,379.3,1.4,1.2,2014-04-03,0026,Terra,MODIS,100,6.2,293.9,232,D,0
-33.9988,149.6978,355.6,1.4,1.2,2014-04-03,0026,Terra,MODIS,85,6.2,289.7,112.2,D,0
-42.0979,147.2664,302.9,1.3,1.1,2014-04-03,0028,Terra,MODIS,52,6.2,283.4,9.6,D,0
-16.4008,125.3489,325.7,1,1,2014-04-03,0200,Terra,MODIS,72,6.2,306.3,12.1,D,0
-16.4022,125.3582,319.7,1,1,2014-04-03,0200,Terra,MODIS,56,6.2,304.5,5.7,D,0
-17.9488,124.9846,354.1,1,1,2014-04-03,0200,Terra,MODIS,96,6.2,307.9,57.1,D,0
-17.9502,124.994,336.6,1,1,2014-04-03,0200,Terra,MODIS,82,6.2,306.9,22.6,D,0
-17.9578,124.9832,330.9,1,1,2014-04-03,0200,Terra,MODIS,67,6.2,307.4,14.6,D,0
-18.5078,127.2325,343.9,1.2,1.1,2014-04-03,0200,Terra,MODIS,89,6.2,308.7,43.8,D,0
-18.5175,127.2311,338.6,1.2,1.1,2014-04-03,0200,Terra,MODIS,84,6.2,308.2,30.9,D,0
-15.8997,124.5154,329.6,1,1,2014-04-03,0200,Terra,MODIS,79,6.2,301.4,18.5,D,0
-15.8013,124.8424,325.3,1,1,2014-04-03,0200,Terra,MODIS,74,6.2,303.5,12.4,D,0
-15.8205,124.4799,321.5,1,1,2014-04-03,0200,Terra,MODIS,56,6.2,301.5,8,D,0
-15.8115,124.4814,322.5,1,1,2014-04-03,0200,Terra,MODIS,68,6.2,303.2,9.3,D,0
-15.8037,124.4892,349.6,1,1,2014-04-03,0200,Terra,MODIS,94,6.2,304.5,50.2,D,0
-15.8907,124.5167,322.2,1,1,2014-04-03,0200,Terra,MODIS,68,6.2,301.6,9.9,D,0
-15.8023,124.4798,336.2,1,1,2014-04-03,0200,Terra,MODIS,77,6.2,301.6,25.8,D,0
-15.8129,124.4907,320.3,1,1,2014-04-03,0200,Terra,MODIS,51,6.2,303.6,7.3,D,0
-15.787,124.5014,320.4,1,1,2014-04-03,0200,Terra,MODIS,56,6.2,304.1,7.4,D,0
-15.7861,124.8638,319.9,1,1,2014-04-03,0200,Terra,MODIS,63,6.2,302.8,7.5,D,0
-18.3225,126.1169,326.4,1.1,1,2014-04-03,0200,Terra,MODIS,64,6.2,307.9,7.2,D,0
-18.2303,125.7284,341.5,1,1,2014-04-03,0200,Terra,MODIS,78,6.2,311.3,23.8,D,0
-17.9331,127.2892,325.8,1.2,1.1,2014-04-03,0200,Terra,MODIS,34,6.2,307.7,9.5,D,0
-18.2902,125.4372,345.7,1,1,2014-04-03,0200,Terra,MODIS,90,6.2,308.6,32.6,D,0
-17.9316,127.2781,328.4,1.2,1.1,2014-04-03,0200,Terra,MODIS,35,6.2,309.1,11.6,D,0
-15.7935,124.6056,323,1,1,2014-04-03,0200,Terra,MODIS,61,6.2,304.2,9.5,D,0
-17.3792,126.5295,323,1.1,1,2014-04-03,0200,Terra,MODIS,58,6.2,305.2,9.6,D,0
-16.9341,126.5169,320.5,1.1,1,2014-04-03,0200,Terra,MODIS,50,6.2,303.7,7.1,D,0
-18.2208,126.0469,329.6,1.1,1,2014-04-03,0200,Terra,MODIS,72,6.2,304.5,13.5,D,0
-18.2811,125.4386,333.3,1,1,2014-04-03,0200,Terra,MODIS,37,6.2,311.1,10.9,D,0
-17.3806,126.5395,321.8,1.1,1,2014-04-03,0200,Terra,MODIS,53,6.2,306.8,8.1,D,0
-18.2421,126.0641,348.3,1.1,1,2014-04-03,0200,Terra,MODIS,92,6.2,307.9,44.2,D,0
-18.2435,126.074,329.2,1.1,1,2014-04-03,0200,Terra,MODIS,71,6.2,309.2,10.9,D,0
-18.2494,126.0667,338.8,1.1,1,2014-04-03,0200,Terra,MODIS,84,6.2,307.8,27.4,D,0
-18.2477,125.4594,334.9,1,1,2014-04-03,0200,Terra,MODIS,64,6.2,308.9,15.1,D,0
-18.2508,126.0766,334.1,1.1,1,2014-04-03,0200,Terra,MODIS,79,6.2,308.3,19.5,D,0
-18.2679,125.4113,346.2,1,1,2014-04-03,0200,Terra,MODIS,91,6.2,311.3,34.9,D,0
-18.2756,125.4003,336.6,1,1,2014-04-03,0200,Terra,MODIS,81,6.2,305.8,19.6,D,0
-18.277,125.4099,387.9,1,1,2014-04-03,0200,Terra,MODIS,100,6.2,310.4,172.7,D,0
-18.2784,125.4195,377.6,1,1,2014-04-03,0200,Terra,MODIS,100,6.2,313.1,125,D,0
-18.2888,125.4277,351.8,1,1,2014-04-03,0200,Terra,MODIS,95,6.2,308.7,45.8,D,0
-17.3501,126.9807,348.3,1.1,1.1,2014-04-03,0200,Terra,MODIS,93,6.2,310.1,50.4,D,0
-17.3215,126.4557,325.8,1.1,1,2014-04-03,0200,Terra,MODIS,56,6.2,308.5,9.2,D,0
-17.3516,126.9912,338.6,1.1,1.1,2014-04-03,0200,Terra,MODIS,85,6.2,310.7,28.1,D,0
-18.238,125.7173,355.1,1,1,2014-04-03,0200,Terra,MODIS,97,6.2,312.1,56.1,D,0
-17.3611,126.9899,327.5,1.1,1.1,2014-04-03,0200,Terra,MODIS,54,6.2,310.6,11.2,D,0
-18.2666,125.4017,355.6,1,1,2014-04-03,0200,Terra,MODIS,97,6.2,308.9,57.7,D,0
-18.3012,126.0997,335.6,1.1,1,2014-04-03,0200,Terra,MODIS,81,6.2,308.3,20,D,0
-18.2394,125.727,343.2,1,1,2014-04-03,0200,Terra,MODIS,84,6.2,313,28.8,D,0
-18.2797,125.429,360.1,1,1,2014-04-03,0200,Terra,MODIS,100,6.2,312.6,65.4,D,0
-18.7383,125.7404,340.5,1,1,2014-04-03,0201,Terra,MODIS,74,6.2,301.3,30,D,0
-18.7369,125.7306,328.8,1,1,2014-04-03,0201,Terra,MODIS,49,6.2,295.8,13.4,D,0
-20.5088,118.7223,352.7,1.7,1.3,2014-04-03,0201,Terra,MODIS,95,6.2,306.3,121.8,D,0
-20.5118,118.7385,334.2,1.7,1.3,2014-04-03,0201,Terra,MODIS,68,6.2,306.3,44.6,D,0
-20.5203,118.7201,345.6,1.7,1.3,2014-04-03,0201,Terra,MODIS,90,6.2,304.7,89.8,D,0
-20.5232,118.7362,328.4,1.7,1.3,2014-04-03,0201,Terra,MODIS,54,6.2,305.5,28.9,D,0
-20.4779,118.7344,353.4,1.7,1.3,2014-04-03,0201,Terra,MODIS,96,6.2,308.2,121.2,D,0
-20.4808,118.7506,344.4,1.7,1.3,2014-04-03,0201,Terra,MODIS,89,6.2,308.7,76.1,D,0
-20.4894,118.7321,358,1.7,1.3,2014-04-03,0201,Terra,MODIS,98,6.2,305.3,146.9,D,0
-20.4859,118.7268,355.6,1.7,1.3,2014-04-03,0201,Terra,MODIS,97,6.2,305.2,133.1,D,0
-20.4888,118.743,337.2,1.7,1.3,2014-04-03,0201,Terra,MODIS,72,6.2,306.2,50,D,0
-22.649,122.5514,324.6,1,1,2014-04-03,0202,Terra,MODIS,52,6.2,307.5,9,D,0
-22.6506,122.5613,325.1,1,1,2014-04-03,0202,Terra,MODIS,56,6.2,304.9,9.3,D,0
-31.7502,116.7572,319,1.4,1.2,2014-04-03,0204,Terra,MODIS,72,6.2,298.9,18.3,D,0
-31.7475,116.7425,314.4,1.4,1.2,2014-04-03,0204,Terra,MODIS,62,6.2,295.2,12.4,D,0
-31.8692,117.4728,327,1.3,1.1,2014-04-03,0204,Terra,MODIS,81,6.2,295.6,28,D,0
-28.8297,114.7632,319.3,2.1,1.4,2014-04-03,0204,Terra,MODIS,69,6.2,304.9,21.3,D,0
-28.8283,114.7579,320.6,2.1,1.4,2014-04-03,0204,Terra,MODIS,72,6.2,305,27.1,D,0
-28.4175,114.76,320.3,2.2,1.4,2014-04-03,0204,Terra,MODIS,69,6.2,305.5,26.7,D,0
-30.8707,121.4935,314.4,1,1,2014-04-03,0204,Terra,MODIS,65,6.2,299.4,7,D,2
-31.0513,116.8125,311.3,1.4,1.2,2014-04-03,0204,Terra,MODIS,41,6.2,296.3,6.4,D,0
-31.8511,117.7177,315.3,1.2,1.1,2014-04-03,0204,Terra,MODIS,68,6.2,300.3,8.9,D,0
-29.0133,115.0826,318,2,1.4,2014-04-03,0204,Terra,MODIS,67,6.2,303.8,19.6,D,0
-32.1327,117.7396,322,1.2,1.1,2014-04-03,0204,Terra,MODIS,77,6.2,301,17.5,D,0
-31.154,116.6644,317.8,1.5,1.2,2014-04-03,0204,Terra,MODIS,72,6.2,302.2,14.3,D,0
-33.1215,121.5355,328.5,1,1,2014-04-03,0204,Terra,MODIS,79,6.2,297.8,19.7,D,0
-33.1124,121.5373,332.4,1,1,2014-04-03,0204,Terra,MODIS,87,6.2,303.9,25.5,D,0
-33.1109,121.5265,319.9,1,1,2014-04-03,0204,Terra,MODIS,77,6.2,303.1,11,D,0
-28.8757,115.2592,317,2,1.4,2014-04-03,0204,Terra,MODIS,64,6.2,303.8,14.7,D,0
-28.8717,115.239,317.9,2,1.4,2014-04-03,0204,Terra,MODIS,66,6.2,303.4,17.8,D,0
-32.7523,119.5236,321.8,1,1,2014-04-03,0204,Terra,MODIS,77,6.2,301,13.1,D,0
-32.1228,117.742,319.8,1.2,1.1,2014-04-03,0204,Terra,MODIS,69,6.2,301.6,14.4,D,0
-30.3735,116.0957,314.2,1.6,1.3,2014-04-03,0204,Terra,MODIS,58,6.2,302.2,10,D,0
-30.1473,116.3729,316.5,1.6,1.2,2014-04-03,0204,Terra,MODIS,54,6.2,302.3,11.4,D,0
-31.7849,118.0466,326.5,1.2,1.1,2014-04-03,0204,Terra,MODIS,82,6.2,301.7,21.9,D,0
-31.3621,117.8654,308.1,1.2,1.1,2014-04-03,0204,Terra,MODIS,46,6.2,292.8,6.9,D,0
-30.3747,116.107,315.1,1.6,1.3,2014-04-03,0204,Terra,MODIS,57,6.2,302.3,11.2,D,0
-30.9486,116.4389,317,1.5,1.2,2014-04-03,0204,Terra,MODIS,68,6.2,301.2,13.8,D,0
-30.1374,116.3824,316.2,1.6,1.2,2014-04-03,0204,Terra,MODIS,59,6.2,302.4,11.7,D,0
-30.1454,116.3633,326.5,1.6,1.2,2014-04-03,0204,Terra,MODIS,79,6.2,303.1,31.3,D,0
-30.7834,116.1173,318.7,1.6,1.2,2014-04-03,0204,Terra,MODIS,70,6.2,303.3,18.6,D,0
-30.9378,116.4417,328.9,1.5,1.2,2014-04-03,0204,Terra,MODIS,82,6.2,302.1,36.1,D,0
-30.9447,116.7362,324.8,1.5,1.2,2014-04-03,0204,Terra,MODIS,78,6.2,302,24.7,D,0
-31.0483,117.4885,318.2,1.3,1.1,2014-04-03,0204,Terra,MODIS,70,6.2,301.9,12.9,D,0
-30.9526,116.7185,341.1,1.5,1.2,2014-04-03,0204,Terra,MODIS,91,6.2,302.3,62,D,0
-30.9553,116.7335,338.6,1.5,1.2,2014-04-03,0204,Terra,MODIS,89,6.2,302.6,55.2,D,0
-30.9576,116.7261,338.3,1.5,1.2,2014-04-03,0204,Terra,MODIS,89,6.2,303.2,55,D,0
-29.6284,115.6226,315.8,1.8,1.3,2014-04-03,0204,Terra,MODIS,59,6.2,302.7,13,D,0
-32.1478,118.3666,316.4,1.1,1.1,2014-04-03,0204,Terra,MODIS,70,6.2,299.7,8.8,D,0
-32.1499,118.3787,335.9,1.1,1.1,2014-04-03,0204,Terra,MODIS,88,6.2,302.3,36.5,D,0
-28.6423,114.8881,324.2,2.1,1.4,2014-04-03,0204,Terra,MODIS,76,6.2,305.5,37.2,D,0
-28.6434,114.894,327.1,2.1,1.4,2014-04-03,0204,Terra,MODIS,79,6.2,305.5,47.9,D,0
-31.773,118.0362,322.3,1.2,1.1,2014-04-03,0204,Terra,MODIS,78,6.2,302.1,17.4,D,0
-30.5866,115.7649,322,1.7,1.3,2014-04-03,0204,Terra,MODIS,74,6.2,300.7,27.2,D,0
-30.5907,115.7707,318.4,1.7,1.3,2014-04-03,0204,Terra,MODIS,68,6.2,300.3,21.1,D,0
-29.6352,115.6275,315.3,1.8,1.3,2014-04-03,0204,Terra,MODIS,60,6.2,302.4,12.8,D,0
-30.9419,116.7211,348.6,1.5,1.2,2014-04-03,0204,Terra,MODIS,95,6.2,303.2,88.1,D,0
-30.5874,115.7533,313.8,1.7,1.3,2014-04-03,0204,Terra,MODIS,56,6.2,300.4,12.3,D,0
-31.9002,118.8369,313.5,1.1,1.1,2014-04-03,0204,Terra,MODIS,66,6.2,299.6,6.9,D,0
-30.5389,117.0537,314.5,1.4,1.2,2014-04-03,0204,Terra,MODIS,61,6.2,301.6,9.5,D,0
-31.1798,117.6475,315.7,1.3,1.1,2014-04-03,0204,Terra,MODIS,59,6.2,299.8,10.3,D,0
-33.2878,118.5457,328.4,1.1,1,2014-04-03,0205,Terra,MODIS,84,6.2,296.4,25.9,D,0
-33.5951,119.6577,317.3,1,1,2014-04-03,0205,Terra,MODIS,72,6.2,299.2,11.5,D,0
-33.2971,118.5435,312.2,1.1,1,2014-04-03,0205,Terra,MODIS,64,6.2,290.7,7.9,D,0
-33.5194,120.9198,321.2,1,1,2014-04-03,0205,Terra,MODIS,66,6.2,300.5,11,D,0
-33.5088,120.9109,340.2,1,1,2014-04-03,0205,Terra,MODIS,90,6.2,304.3,36,D,0
-33.7802,120.6255,337.4,1,1,2014-04-03,0205,Terra,MODIS,89,6.2,302.5,32.2,D,0
-33.7892,120.6237,341.9,1,1,2014-04-03,0205,Terra,MODIS,91,6.2,303.6,38.7,D,0
-33.5968,119.6687,314.7,1,1,2014-04-03,0205,Terra,MODIS,68,6.2,299.1,9.1,D,0
-33.7234,122.3112,311,1,1,2014-04-03,0205,Terra,MODIS,45,6.2,289.2,8.8,D,0
-33.5376,118.6139,309.2,1.1,1,2014-04-03,0205,Terra,MODIS,47,6.2,294.9,5.2,D,0
-33.3113,121.7761,329.1,1,1,2014-04-03,0205,Terra,MODIS,73,6.2,300.6,22,D,0
-33.5337,118.5906,310.6,1.1,1,2014-04-03,0205,Terra,MODIS,45,6.2,296.4,6,D,0
-33.7817,120.6363,317,1,1,2014-04-03,0205,Terra,MODIS,52,6.2,300.5,7.4,D,0
-33.5104,120.9216,321.9,1,1,2014-04-03,0205,Terra,MODIS,61,6.2,300.1,11.4,D,0
-33.7876,120.6129,346,1,1,2014-04-03,0205,Terra,MODIS,94,6.2,302.5,46.1,D,0
-33.2858,118.5339,315.1,1.1,1,2014-04-03,0205,Terra,MODIS,61,6.2,295.7,10.1,D,0
-33.5178,120.909,327.5,1,1,2014-04-03,0205,Terra,MODIS,82,6.2,301.6,18,D,0
-34.1689,118.6691,337.3,1.1,1,2014-04-03,0205,Terra,MODIS,89,6.2,301.2,37,D,0
-34.1596,118.6713,334.6,1.1,1,2014-04-03,0205,Terra,MODIS,87,6.2,301.9,31.8,D,0
-32.8587,117.5946,327.5,1.2,1.1,2014-04-03,0205,Terra,MODIS,84,6.2,285.9,35,D,0
-34.1578,118.6598,348.2,1.1,1,2014-04-03,0205,Terra,MODIS,95,6.2,303.9,58.2,D,0
-33.7786,120.6148,320,1,1,2014-04-03,0205,Terra,MODIS,75,6.2,300.3,10.5,D,0
-34.1652,118.6461,336.9,1.1,1,2014-04-03,0205,Terra,MODIS,88,6.2,300,36.3,D,0
-34.167,118.6576,364.2,1.1,1,2014-04-03,0205,Terra,MODIS,100,6.2,302.6,101.8,D,0
-34.0027,117.0721,313.7,1.2,1.1,2014-04-03,0205,Terra,MODIS,68,6.2,296.9,10.4,D,0
-33.0561,119.6322,319.1,1,1,2014-04-03,0205,Terra,MODIS,74,6.2,298.8,11,D,0
-34.1559,118.6482,318.8,1.1,1,2014-04-03,0205,Terra,MODIS,73,6.2,301.3,12.3,D,0
-33.8185,122.1254,314.3,1,1,2014-04-03,0205,Terra,MODIS,65,6.2,291.9,11.3,D,0
-33.3031,117.7207,311,1.2,1.1,2014-04-03,0205,Terra,MODIS,67,6.2,295,8.1,D,0
-40.983,145.6204,313.2,1.4,1.2,2014-04-03,0441,Aqua,MODIS,57,6.2,280.1,21.9,D,0
-36.7363,142.5906,349.1,1.2,1.1,2014-04-03,0442,Aqua,MODIS,95,6.2,298.8,70.3,D,0
-36.313,142.3008,326.2,1.1,1.1,2014-04-03,0442,Aqua,MODIS,83,6.2,291,24.6,D,0
-36.3152,142.2881,324.1,1.1,1.1,2014-04-03,0442,Aqua,MODIS,81,6.2,290.1,21.9,D,0
-36.7985,142.3394,323.3,1.1,1.1,2014-04-03,0442,Aqua,MODIS,76,6.2,300.2,17.8,D,0
-36.7385,142.5776,312.9,1.2,1.1,2014-04-03,0442,Aqua,MODIS,42,6.2,292.5,8.8,D,0
-35.9346,142.1121,324.3,1.1,1.1,2014-04-03,0442,Aqua,MODIS,80,6.2,297,19.1,D,0
-36.5914,142.1154,325.1,1.1,1.1,2014-04-03,0442,Aqua,MODIS,82,6.2,296.3,21.8,D,0
-36.582,142.113,315,1.1,1.1,2014-04-03,0442,Aqua,MODIS,72,6.2,291.1,11.1,D,0
-36.0433,143.5546,311.7,1.3,1.1,2014-04-03,0442,Aqua,MODIS,56,6.2,281.7,17.3,D,0
-36.0459,143.5401,308.8,1.3,1.1,2014-04-03,0442,Aqua,MODIS,49,6.2,279.1,14.1,D,0
-33.522,138.4674,321.3,1,1,2014-04-03,0443,Aqua,MODIS,77,6.2,273.1,17.2,D,0
-34.1522,135.7673,315,1.2,1.1,2014-04-03,0443,Aqua,MODIS,33,6.2,296.2,10.7,D,0
-33.961,137.9565,313.7,1,1,2014-04-03,0443,Aqua,MODIS,46,6.2,296.7,7.4,D,0
-33.5204,138.4782,335.4,1,1,2014-04-03,0443,Aqua,MODIS,82,6.2,276.6,34.5,D,0
-33.71,137.9725,332.7,1,1,2014-04-03,0443,Aqua,MODIS,85,6.2,302.6,24.7,D,0
-33.513,138.4656,323.4,1,1,2014-04-03,0443,Aqua,MODIS,79,6.2,277.7,19.5,D,0
-34.2774,136.1597,312.6,1.1,1.1,2014-04-03,0443,Aqua,MODIS,47,6.2,300.3,6.3,D,0
-33.5114,138.4763,354.1,1,1,2014-04-03,0443,Aqua,MODIS,97,6.2,283.1,70.1,D,0
-14.6796,133.5483,326.3,1,1,2014-04-03,0448,Aqua,MODIS,35,6.2,304,10,D,0
-17.046,127.3029,338,2.4,1.5,2014-04-03,0448,Aqua,MODIS,85,6.2,305.9,100.8,D,0
-17.495,126.7651,344.6,2.7,1.6,2014-04-03,0448,Aqua,MODIS,90,6.2,305,147.8,D,0
-18.0627,125.8046,325.4,3.3,1.7,2014-04-03,0448,Aqua,MODIS,26,6.2,300,40.4,D,0
-17.6915,126.4819,321.8,2.9,1.6,2014-04-03,0448,Aqua,MODIS,26,6.2,302.6,26.3,D,0
-17.3319,126.766,323.5,2.7,1.6,2014-04-03,0448,Aqua,MODIS,43,6.2,304,28.4,D,0
-17.4071,126.3174,327.2,2.9,1.6,2014-04-03,0448,Aqua,MODIS,69,6.2,303.4,52.9,D,0
-17.5006,126.7442,341.6,2.7,1.6,2014-04-03,0448,Aqua,MODIS,87,6.2,304.5,125.6,D,0
-17.3042,124.8005,321.4,3.8,1.8,2014-04-03,0448,Aqua,MODIS,52,6.2,299.2,44.4,D,0
-17.2975,124.7923,323.4,3.8,1.8,2014-04-03,0448,Aqua,MODIS,56,6.2,299.1,55.1,D,0
-17.404,126.3407,323.2,2.9,1.6,2014-04-03,0448,Aqua,MODIS,56,6.2,302.9,31.4,D,0
-17.4071,126.3131,324.7,2.9,1.6,2014-04-03,0448,Aqua,MODIS,62,6.2,303.4,38.3,D,0
-17.4978,126.7394,335.2,2.7,1.6,2014-04-03,0448,Aqua,MODIS,81,6.2,303.7,82.1,D,0
-17.498,126.7699,343.1,2.7,1.6,2014-04-03,0448,Aqua,MODIS,89,6.2,305.5,136,D,0
-17.0596,127.3041,335.6,2.4,1.5,2014-04-03,0448,Aqua,MODIS,83,6.2,303.8,84.7,D,0
-17.0709,127.4005,326.5,2.4,1.5,2014-04-03,0448,Aqua,MODIS,54,6.2,304,38,D,0
-17.4813,126.8919,330.7,2.7,1.6,2014-04-03,0448,Aqua,MODIS,75,6.2,306.5,52.9,D,0
-18.038,125.8709,339.8,3.2,1.7,2014-04-03,0448,Aqua,MODIS,85,6.2,302.4,150.4,D,0
-17.9989,125.8547,334.9,3.2,1.7,2014-04-03,0448,Aqua,MODIS,80,6.2,301.5,110,D,0
-17.995,125.8591,336.7,3.2,1.7,2014-04-03,0448,Aqua,MODIS,82,6.2,301.9,126.4,D,0
-18.1269,126.063,327,3.1,1.7,2014-04-03,0448,Aqua,MODIS,48,6.2,302.6,54.8,D,0
-18.1242,126.0675,329.2,3.1,1.7,2014-04-03,0448,Aqua,MODIS,66,6.2,302.3,64.9,D,0
-18.0876,126.1482,327.3,3.1,1.7,2014-04-03,0448,Aqua,MODIS,58,6.2,302.8,54.8,D,0
-18.0473,125.8029,325.5,3.3,1.7,2014-04-03,0448,Aqua,MODIS,46,6.2,298.5,45,D,0
-18.041,125.8641,342.8,3.2,1.7,2014-04-03,0448,Aqua,MODIS,88,6.2,302.7,181.7,D,0
-18.3719,126.8971,333.2,2.7,1.6,2014-04-03,0448,Aqua,MODIS,78,6.2,303.5,74.6,D,0
-14.2725,132.3913,369.9,1.1,1,2014-04-03,0449,Aqua,MODIS,87,6.2,279.2,120.5,D,0
-14.2646,132.3803,327.7,1.1,1,2014-04-03,0449,Aqua,MODIS,60,6.2,276.9,21.8,D,0
-14.254,132.3885,329.8,1.1,1,2014-04-03,0449,Aqua,MODIS,74,6.2,276.8,24,D,0
-14.2633,132.3899,349.5,1.1,1,2014-04-03,0449,Aqua,MODIS,89,6.2,279.1,60.1,D,0
-12.9198,131.8625,325.4,1.1,1,2014-04-03,0449,Aqua,MODIS,71,6.2,305.2,12.6,D,0
-12.9291,131.8638,324.6,1.1,1,2014-04-03,0449,Aqua,MODIS,74,6.2,304.1,12.1,D,0
-34.8697,117.3847,321.6,1.2,1.1,2014-04-03,0621,Aqua,MODIS,77,6.2,292.7,20.7,D,0
-31.8521,116.8794,324.9,1.2,1.1,2014-04-03,0622,Aqua,MODIS,56,6.2,312.5,12.8,D,0
-34.0082,117.2587,333.1,1.2,1.1,2014-04-03,0622,Aqua,MODIS,84,6.2,307.5,28.2,D,0
-34.0104,117.2458,320,1.2,1.1,2014-04-03,0622,Aqua,MODIS,70,6.2,307.2,8.6,D,0
-33.9985,117.2561,328.9,1.2,1.1,2014-04-03,0622,Aqua,MODIS,81,6.2,306.9,20.6,D,0
-33.0556,116.6235,322.7,1.2,1.1,2014-04-03,0622,Aqua,MODIS,72,6.2,306.8,11.9,D,0
-33.0577,116.6112,321.5,1.2,1.1,2014-04-03,0622,Aqua,MODIS,70,6.2,308.5,10.3,D,0
-34.5093,118.3381,332.2,1.3,1.1,2014-04-03,0622,Aqua,MODIS,85,6.2,304.6,32.8,D,0
-34.5118,118.3238,321,1.3,1.1,2014-04-03,0622,Aqua,MODIS,75,6.2,304,13.3,D,0
-34.5288,118.0484,335.5,1.3,1.1,2014-04-03,0622,Aqua,MODIS,83,6.2,304.5,36.8,D,0
-32.8931,116.7978,340.9,1.2,1.1,2014-04-03,0622,Aqua,MODIS,90,6.2,307.8,42.8,D,0
-32.9028,116.8001,322.1,1.2,1.1,2014-04-03,0622,Aqua,MODIS,64,6.2,306.2,10.7,D,0
-33.8861,116.3859,321.4,1.1,1,2014-04-03,0622,Aqua,MODIS,72,6.2,307.7,9.8,D,0
-33.0275,116.7325,331.4,1.2,1.1,2014-04-03,0622,Aqua,MODIS,82,6.2,304.4,26.1,D,0
-33.8842,116.3978,323.5,1.1,1.1,2014-04-03,0622,Aqua,MODIS,75,6.2,307.6,12.3,D,0
-31.457,118.3083,319.7,1.5,1.2,2014-04-03,0622,Aqua,MODIS,57,6.2,307.2,13.3,D,0
-33.3539,117.8238,321.6,1.3,1.1,2014-04-03,0622,Aqua,MODIS,68,6.2,307,11.6,D,0
-33.3438,117.8212,319.3,1.3,1.1,2014-04-03,0622,Aqua,MODIS,62,6.2,306.4,8.1,D,0
-32.8883,118.1343,323.1,1.4,1.2,2014-04-03,0622,Aqua,MODIS,72,6.2,307.7,14.8,D,0
-33.0711,119.6673,317.3,1.7,1.3,2014-04-03,0622,Aqua,MODIS,61,6.2,304.6,9.9,D,0
-32.9452,117.6305,317.7,1.3,1.1,2014-04-03,0622,Aqua,MODIS,61,6.2,305.7,8.2,D,0
-33.009,116.6635,321.6,1.2,1.1,2014-04-03,0622,Aqua,MODIS,70,6.2,306.8,11,D,0
-32.9684,116.6666,322.1,1.2,1.1,2014-04-03,0622,Aqua,MODIS,70,6.2,309.6,11,D,0
-31.8764,116.738,340.3,1.2,1.1,2014-04-03,0622,Aqua,MODIS,88,6.2,311.4,42.5,D,0
-31.8786,116.7251,328.9,1.2,1.1,2014-04-03,0622,Aqua,MODIS,78,6.2,309.2,20.1,D,0
-31.858,116.667,330.1,1.2,1.1,2014-04-03,0622,Aqua,MODIS,79,6.2,309.2,20.9,D,0
-31.8554,116.6727,326.7,1.2,1.1,2014-04-03,0622,Aqua,MODIS,74,6.2,309.5,16.3,D,0
-34.4653,117.5267,325.8,1.2,1.1,2014-04-03,0622,Aqua,MODIS,80,6.2,307.2,17.4,D,0
-31.8576,116.6599,325,1.2,1.1,2014-04-03,0622,Aqua,MODIS,72,6.2,309.3,14,D,0
-31.7694,116.6393,321.9,1.2,1.1,2014-04-03,0622,Aqua,MODIS,57,6.2,309.1,9.3,D,0
-34.463,117.5398,327.9,1.2,1.1,2014-04-03,0622,Aqua,MODIS,82,6.2,305.5,20.3,D,0
-32.922,116.9968,318,1.2,1.1,2014-04-03,0622,Aqua,MODIS,49,6.2,301.8,6.8,D,0
-32.9862,117.0982,321.9,1.2,1.1,2014-04-03,0622,Aqua,MODIS,70,6.2,305.7,12.1,D,0
-32.9873,117.0931,318.6,1.2,1.1,2014-04-03,0622,Aqua,MODIS,58,6.2,305.8,8,D,0
-33.4192,117.149,321.3,1.2,1.1,2014-04-03,0622,Aqua,MODIS,68,6.2,307.7,10.2,D,0
-33.4214,117.1361,320.2,1.2,1.1,2014-04-03,0622,Aqua,MODIS,65,6.2,307.7,8.7,D,0
-32.8467,117.3114,324.2,1.3,1.1,2014-04-03,0622,Aqua,MODIS,74,6.2,308,14.8,D,0
-33.0015,117.3069,326.5,1.2,1.1,2014-04-03,0622,Aqua,MODIS,76,6.2,305.4,20.2,D,0
-33.3181,116.7689,323.8,1.2,1.1,2014-04-03,0622,Aqua,MODIS,73,6.2,308.3,14.2,D,0
-31.7671,116.7718,346.9,1.2,1.1,2014-04-03,0622,Aqua,MODIS,93,6.2,312.4,56.2,D,0
-31.7496,116.7543,330.8,1.2,1.1,2014-04-03,0622,Aqua,MODIS,76,6.2,312.9,20.7,D,0
-31.751,116.7492,328.4,1.2,1.1,2014-04-03,0622,Aqua,MODIS,75,6.2,312.1,16.5,D,0
-33.5309,115.6692,319.1,1.1,1,2014-04-03,0622,Aqua,MODIS,66,6.2,306.6,7.5,D,0
-33.5327,115.6578,323.4,1.1,1,2014-04-03,0622,Aqua,MODIS,74,6.2,306.7,11.9,D,0
-33.3445,118.0571,317.1,1.3,1.1,2014-04-03,0622,Aqua,MODIS,53,6.2,304.7,7.4,D,0
-33.347,118.0428,322.5,1.3,1.1,2014-04-03,0622,Aqua,MODIS,69,6.2,305.6,15.2,D,0
-33.1792,118.0973,322.8,1.4,1.2,2014-04-03,0622,Aqua,MODIS,70,6.2,304.8,16,D,0
-33.1825,118.108,320,1.4,1.2,2014-04-03,0622,Aqua,MODIS,57,6.2,304.1,11.2,D,0
-33.1592,118.057,327.3,1.4,1.2,2014-04-03,0622,Aqua,MODIS,77,6.2,306.1,23.4,D,0
-33.1618,118.0427,322.6,1.3,1.2,2014-04-03,0622,Aqua,MODIS,70,6.2,307,15.2,D,0
-33.2164,117.0734,325.7,1.2,1.1,2014-04-03,0622,Aqua,MODIS,75,6.2,307.2,17.2,D,0
-33.8991,118.458,321.3,1.4,1.2,2014-04-03,0622,Aqua,MODIS,69,6.2,303.7,15.8,D,0
-33.3161,116.7815,321.3,1.2,1.1,2014-04-03,0622,Aqua,MODIS,68,6.2,307.7,11,D,0
-33.3199,116.7764,327.2,1.2,1.1,2014-04-03,0622,Aqua,MODIS,77,6.2,308.4,17,D,0
-32.8943,116.8506,324.8,1.2,1.1,2014-04-03,0622,Aqua,MODIS,72,6.2,304.7,14.8,D,0
-33.746,116.3523,317.8,1.1,1.1,2014-04-03,0622,Aqua,MODIS,52,6.2,306.8,8.5,D,0
-33.1955,117.6126,319.4,1.3,1.1,2014-04-03,0622,Aqua,MODIS,55,6.2,305.1,9.2,D,0
-33.1931,117.6264,331,1.3,1.1,2014-04-03,0622,Aqua,MODIS,81,6.2,306.1,28.1,D,0
-33.2031,117.629,323.1,1.3,1.1,2014-04-03,0622,Aqua,MODIS,71,6.2,306.1,14.8,D,0
-33.0095,118.5789,320.9,1.5,1.2,2014-04-03,0622,Aqua,MODIS,67,6.2,307.7,12.5,D,0
-33.335,117.2224,321.1,1.2,1.1,2014-04-03,0622,Aqua,MODIS,46,6.2,306.7,9.9,D,0
-33.3373,117.2094,334,1.2,1.1,2014-04-03,0622,Aqua,MODIS,84,6.2,308.1,30.2,D,0
-33.3363,117.2175,328.5,1.2,1.1,2014-04-03,0622,Aqua,MODIS,78,6.2,306.3,20.3,D,0
-33.5411,117.754,321.4,1.3,1.1,2014-04-03,0622,Aqua,MODIS,67,6.2,306.9,12.5,D,0
-33.3385,117.2044,323.8,1.2,1.1,2014-04-03,0622,Aqua,MODIS,68,6.2,307.7,12.9,D,0
-31.9839,117.9498,328.9,1.4,1.2,2014-04-03,0622,Aqua,MODIS,77,6.2,309.3,24.7,D,0
-33.3265,117.215,341.2,1.2,1.1,2014-04-03,0622,Aqua,MODIS,89,6.2,309.3,44.3,D,0
-31.831,116.9421,341.8,1.2,1.1,2014-04-03,0622,Aqua,MODIS,89,6.2,311.3,43.5,D,0
-33.2599,117.1852,328,1.2,1.1,2014-04-03,0622,Aqua,MODIS,65,6.2,308.5,18,D,0
-33.2501,117.1827,357.1,1.2,1.1,2014-04-03,0622,Aqua,MODIS,98,6.2,312.2,87.1,D,0
-31.8531,116.9337,326.1,1.2,1.1,2014-04-03,0622,Aqua,MODIS,74,6.2,311,14,D,0
-31.9153,117.881,325.8,1.4,1.2,2014-04-03,0622,Aqua,MODIS,65,6.2,308.9,19.2,D,0
-33.7301,116.5108,318.8,1.1,1.1,2014-04-03,0622,Aqua,MODIS,62,6.2,307.4,8.3,D,0
-31.6975,117.5969,320.2,1.4,1.2,2014-04-03,0622,Aqua,MODIS,49,6.2,306.4,9.1,D,0
-33.2479,117.1888,341.7,1.2,1.1,2014-04-03,0622,Aqua,MODIS,90,6.2,311.3,43.9,D,0
-33.2501,117.1757,328.7,1.2,1.1,2014-04-03,0622,Aqua,MODIS,55,6.2,310.2,17.9,D,0
-31.6831,116.7865,338.2,1.2,1.1,2014-04-03,0622,Aqua,MODIS,86,6.2,311.9,36,D,0
-33.0667,119.6715,320.7,1.7,1.3,2014-04-03,0622,Aqua,MODIS,59,6.2,305.6,16.4,D,0
-33.0755,117.7624,320.6,1.3,1.1,2014-04-03,0622,Aqua,MODIS,67,6.2,307.9,11.5,D,0
-33.1093,117.1627,318.2,1.2,1.1,2014-04-03,0622,Aqua,MODIS,42,6.2,305.6,9.3,D,0
-33.7522,119.2515,330.5,1.5,1.2,2014-04-03,0622,Aqua,MODIS,81,6.2,305.4,37.5,D,0
-31.862,116.8818,325.8,1.2,1.1,2014-04-03,0622,Aqua,MODIS,68,6.2,312.9,14.5,D,0
-31.8731,116.8173,322.9,1.2,1.1,2014-04-03,0622,Aqua,MODIS,69,6.2,310,11.4,D,0
-33.9457,117.7393,324.7,1.3,1.1,2014-04-03,0622,Aqua,MODIS,75,6.2,305.9,16.2,D,0
-31.8544,116.8664,337.2,1.2,1.1,2014-04-03,0622,Aqua,MODIS,86,6.2,311.6,35.2,D,0
-33.4385,116.9148,325.6,1.2,1.1,2014-04-03,0622,Aqua,MODIS,75,6.2,308.7,15,D,0
-34.0097,117.0728,318.7,1.2,1.1,2014-04-03,0622,Aqua,MODIS,67,6.2,306.8,7.9,D,0
-34.1471,116.9818,318.8,1.2,1.1,2014-04-03,0622,Aqua,MODIS,67,6.2,306.9,7,D,0
-34.1566,116.9843,358.3,1.2,1.1,2014-04-03,0622,Aqua,MODIS,99,6.2,309.9,88.3,D,0
-34.1545,116.9968,350.9,1.2,1.1,2014-04-03,0622,Aqua,MODIS,95,6.2,310.2,66.4,D,0
-32.8952,116.7853,324.7,1.2,1.1,2014-04-03,0622,Aqua,MODIS,56,6.2,307,13.6,D,0
-33.8179,116.7985,318.7,1.2,1.1,2014-04-03,0622,Aqua,MODIS,66,6.2,307,6.8,D,0
-32.7272,117.4725,326,1.3,1.1,2014-04-03,0622,Aqua,MODIS,77,6.2,307,18.9,D,0
-31.6803,117.0444,322.2,1.3,1.1,2014-04-03,0622,Aqua,MODIS,64,6.2,309.9,8.8,D,0
-31.5855,116.9322,324.2,1.3,1.1,2014-04-03,0622,Aqua,MODIS,69,6.2,310.5,13.4,D,0
-31.2083,116.9133,326.7,1.3,1.1,2014-04-03,0622,Aqua,MODIS,72,6.2,313.3,16.2,D,0
-31.3273,116.7042,333.5,1.2,1.1,2014-04-03,0622,Aqua,MODIS,81,6.2,311.1,27.3,D,0
-34.627,118.6572,317.1,1.4,1.2,2014-04-03,0622,Aqua,MODIS,67,6.2,299.9,15.6,D,0
-31.2206,116.9024,343.8,1.3,1.1,2014-04-03,0622,Aqua,MODIS,90,6.2,311.9,50.7,D,0
-31.2496,116.8547,329.2,1.3,1.1,2014-04-03,0622,Aqua,MODIS,76,6.2,311.2,20.5,D,0
-31.3295,116.6913,323.3,1.2,1.1,2014-04-03,0622,Aqua,MODIS,62,6.2,310,10.5,D,0
-31.2043,117.7763,325.7,1.4,1.2,2014-04-03,0622,Aqua,MODIS,72,6.2,310.8,17.1,D,0
-32.1696,118.2822,331.2,1.4,1.2,2014-04-03,0622,Aqua,MODIS,83,6.2,306.9,35.1,D,0
-32.1724,118.2669,326.4,1.4,1.2,2014-04-03,0622,Aqua,MODIS,78,6.2,308.5,24.8,D,0
-31.8435,117.11,326.9,1.3,1.1,2014-04-03,0622,Aqua,MODIS,61,6.2,312.1,16,D,0
-31.8358,117.0943,336,1.3,1.1,2014-04-03,0622,Aqua,MODIS,85,6.2,311.2,32.9,D,0
-31.8335,117.1076,325.3,1.3,1.1,2014-04-03,0622,Aqua,MODIS,73,6.2,309.8,13.5,D,0
-33.092,119.8495,320.5,1.7,1.3,2014-04-03,0622,Aqua,MODIS,70,6.2,303.2,18.1,D,0
-31.9891,119.0004,331.5,1.6,1.2,2014-04-03,0622,Aqua,MODIS,83,6.2,307.3,42,D,0
-31.9912,118.9901,324,1.6,1.2,2014-04-03,0622,Aqua,MODIS,74,6.2,303.3,22.4,D,0
-32.0071,117.7581,332.1,1.4,1.2,2014-04-03,0622,Aqua,MODIS,82,6.2,308.8,30.8,D,0
-31.2183,116.9157,343.5,1.3,1.1,2014-04-03,0622,Aqua,MODIS,90,6.2,312.6,49.8,D,0
-32.7978,117.6456,322.6,1.3,1.1,2014-04-03,0622,Aqua,MODIS,66,6.2,301.2,14.1,D,0
-32.7881,117.6506,328.7,1.3,1.1,2014-04-03,0622,Aqua,MODIS,72,6.2,305.7,22.5,D,0
-32.7905,117.6367,342.5,1.3,1.1,2014-04-03,0622,Aqua,MODIS,91,6.2,307.3,53.1,D,0
-31.5283,117.8512,322.5,1.4,1.2,2014-04-03,0622,Aqua,MODIS,69,6.2,309.4,11.7,D,0
-31.5388,117.8538,324,1.4,1.2,2014-04-03,0622,Aqua,MODIS,68,6.2,309.5,13.7,D,0
-32.5179,117.5511,328.3,1.3,1.1,2014-04-03,0622,Aqua,MODIS,80,6.2,308.1,22.5,D,0
-32.5803,117.311,322.3,1.3,1.1,2014-04-03,0622,Aqua,MODIS,65,6.2,310,12.6,D,0
-33.5163,118.8484,329.7,1.5,1.2,2014-04-03,0622,Aqua,MODIS,72,6.2,306.7,34.4,D,0
-31.819,119.1652,318.4,1.7,1.3,2014-04-03,0622,Aqua,MODIS,37,6.2,305.4,15.2,D,0
-31.8458,117.0966,340.8,1.3,1.1,2014-04-03,0622,Aqua,MODIS,89,6.2,310.6,43.7,D,0
-32.4303,117.987,321.5,1.4,1.2,2014-04-03,0622,Aqua,MODIS,72,6.2,309,11.5,D,0
-32.4276,117.8207,341.2,1.4,1.2,2014-04-03,0622,Aqua,MODIS,90,6.2,310.6,51.1,D,0
-32.4302,117.8065,323,1.3,1.2,2014-04-03,0622,Aqua,MODIS,72,6.2,310.6,12.4,D,0
-33.5192,118.8327,323,1.5,1.2,2014-04-03,0622,Aqua,MODIS,50,6.2,306.6,18.4,D,0
-33.5138,118.8409,325,1.5,1.2,2014-04-03,0622,Aqua,MODIS,44,6.2,308,23.2,D,0
-32.7524,119.5598,319.9,1.7,1.3,2014-04-03,0622,Aqua,MODIS,58,6.2,306.4,13.9,D,0
-33.274,118.8301,319.8,1.5,1.2,2014-04-03,0622,Aqua,MODIS,64,6.2,306.4,10.7,D,0
-32.6619,117.8475,329.4,1.3,1.1,2014-04-03,0622,Aqua,MODIS,81,6.2,307.8,26.3,D,0
-32.6991,117.2142,319.4,1.2,1.1,2014-04-03,0622,Aqua,MODIS,63,6.2,305.7,9.1,D,0
-34.6145,117.8561,322,1.2,1.1,2014-04-03,0622,Aqua,MODIS,76,6.2,306.9,12.9,D,0
-31.7539,118.7109,321.1,1.6,1.2,2014-04-03,0622,Aqua,MODIS,66,6.2,307.5,12.5,D,0
-31.7569,118.6947,320.2,1.6,1.2,2014-04-03,0622,Aqua,MODIS,60,6.2,308.2,10.9,D,0
-31.7082,118.6475,320.4,1.6,1.2,2014-04-03,0622,Aqua,MODIS,67,6.2,308.6,11.6,D,0
-31.6728,117.2103,327.6,1.3,1.1,2014-04-03,0622,Aqua,MODIS,76,6.2,311,18.3,D,0
-32.6608,117.0752,334.4,1.2,1.1,2014-04-03,0622,Aqua,MODIS,85,6.2,309.1,31.7,D,0
-33.7492,119.2678,321.2,1.5,1.2,2014-04-03,0622,Aqua,MODIS,69,6.2,305.1,17.4,D,0
-32.6586,117.0884,323.6,1.2,1.1,2014-04-03,0622,Aqua,MODIS,74,6.2,308.2,13.9,D,0
-33.7928,120.6106,323.8,1.9,1.3,2014-04-03,0622,Aqua,MODIS,77,6.2,300.4,38.5,D,0
-31.4592,116.5284,337.3,1.2,1.1,2014-04-03,0622,Aqua,MODIS,85,6.2,311.3,34.1,D,0
-32.568,117.3696,342.6,1.3,1.1,2014-04-03,0622,Aqua,MODIS,91,6.2,308.3,52.8,D,0
-31.1938,117.7736,324,1.4,1.2,2014-04-03,0622,Aqua,MODIS,69,6.2,310.3,14.1,D,0
-31.4788,116.533,322.7,1.2,1.1,2014-04-03,0622,Aqua,MODIS,64,6.2,309.3,10.1,D,0
-32.5712,117.3646,327.6,1.3,1.1,2014-04-03,0622,Aqua,MODIS,79,6.2,307.8,21.8,D,0
-33.7889,120.6304,319,1.9,1.3,2014-04-03,0622,Aqua,MODIS,70,6.2,300.1,25.8,D,0
-32.3905,117.7452,329.3,1.3,1.1,2014-04-03,0622,Aqua,MODIS,77,6.2,307.9,26.3,D,0
-34.1086,118.8993,317.9,1.4,1.2,2014-04-03,0622,Aqua,MODIS,65,6.2,304.3,12.2,D,0
-31.988,119.007,331.4,1.6,1.2,2014-04-03,0622,Aqua,MODIS,83,6.2,308.8,40,D,0
-32.5688,117.3783,336.4,1.3,1.1,2014-04-03,0622,Aqua,MODIS,86,6.2,307.3,38.2,D,0
-31.1993,117.765,323.3,1.4,1.2,2014-04-03,0622,Aqua,MODIS,68,6.2,310,12.4,D,0
-32.485,117.323,329.2,1.3,1.1,2014-04-03,0622,Aqua,MODIS,80,6.2,305.8,25.2,D,0
-32.4827,117.3363,329.5,1.3,1.1,2014-04-03,0622,Aqua,MODIS,81,6.2,304.3,25.4,D,0
-33.8813,118.737,321.6,1.4,1.2,2014-04-03,0622,Aqua,MODIS,69,6.2,305.5,16.3,D,0
-34.6297,118.6423,327.7,1.4,1.2,2014-04-03,0622,Aqua,MODIS,82,6.2,298.9,33.4,D,0
-32.393,117.7311,329.3,1.3,1.1,2014-04-03,0622,Aqua,MODIS,66,6.2,309.4,26,D,0
-32.4832,117.3294,345.4,1.3,1.1,2014-04-03,0622,Aqua,MODIS,92,6.2,306.2,61.7,D,0
-34.6134,117.8628,328,1.2,1.1,2014-04-03,0622,Aqua,MODIS,82,6.2,307.8,21.3,D,0
-34.6122,117.8697,321.9,1.3,1.1,2014-04-03,0622,Aqua,MODIS,75,6.2,307.9,13.3,D,0
-32.3446,117.8226,331,1.4,1.2,2014-04-03,0622,Aqua,MODIS,83,6.2,305.9,30.3,D,0
-32.3471,117.8084,339.9,1.4,1.2,2014-04-03,0622,Aqua,MODIS,89,6.2,309.5,50.2,D,0
-33.0955,119.8312,330.7,1.7,1.3,2014-04-03,0622,Aqua,MODIS,82,6.2,304.1,43.3,D,0
-31.9115,118.799,324.9,1.6,1.2,2014-04-03,0622,Aqua,MODIS,66,6.2,307.7,19.1,D,0
-34.3033,118.5144,325.4,1.4,1.2,2014-04-03,0622,Aqua,MODIS,78,6.2,302.4,22.7,D,0
-34.3007,118.529,320.5,1.4,1.2,2014-04-03,0622,Aqua,MODIS,72,6.2,304.9,14,D,0
-31.6704,117.2238,331.1,1.3,1.1,2014-04-03,0622,Aqua,MODIS,80,6.2,310.6,24.7,D,0
-31.9084,118.8156,328.9,1.6,1.2,2014-04-03,0622,Aqua,MODIS,80,6.2,309.6,28.1,D,0
-31.29,117.4427,323.7,1.3,1.2,2014-04-03,0622,Aqua,MODIS,68,6.2,311,12.6,D,0
-31.669,117.2147,331.2,1.3,1.1,2014-04-03,0622,Aqua,MODIS,80,6.2,310.6,23.8,D,0
-31.6791,117.217,334.3,1.3,1.1,2014-04-03,0622,Aqua,MODIS,83,6.2,311.6,29.9,D,0
-31.9811,118.9805,319.4,1.6,1.2,2014-04-03,0622,Aqua,MODIS,54,6.2,304.7,15.6,D,0
-31.978,118.9974,347,1.6,1.2,2014-04-03,0622,Aqua,MODIS,93,6.2,309.4,95.4,D,0
-34.3087,118.5228,317.4,1.4,1.2,2014-04-03,0622,Aqua,MODIS,48,6.2,303.9,9.6,D,0
-32.7652,118.006,315.4,1.4,1.2,2014-04-03,0622,Aqua,MODIS,39,6.2,302.1,8,D,0
-33.4338,119.5888,320.8,1.6,1.3,2014-04-03,0622,Aqua,MODIS,70,6.2,307.6,16.1,D,0
-31.1966,117.7798,327.1,1.4,1.2,2014-04-03,0622,Aqua,MODIS,75,6.2,310.2,19.8,D,0
-31.1159,118.0841,322.5,1.5,1.2,2014-04-03,0622,Aqua,MODIS,68,6.2,310.2,13.1,D,0
-31.126,116.7385,335.4,1.2,1.1,2014-04-03,0623,Aqua,MODIS,83,6.2,312.9,29,D,0
-29.2577,115.3812,349.8,1.1,1.1,2014-04-03,0623,Aqua,MODIS,94,6.2,307.8,56.6,D,0
-29.2558,115.3928,359.6,1.1,1.1,2014-04-03,0623,Aqua,MODIS,99,6.2,312.7,84.7,D,0
-30.0639,116.7021,324.2,1.3,1.1,2014-04-03,0623,Aqua,MODIS,68,6.2,307.9,12,D,0
-30.9426,116.4236,334.6,1.2,1.1,2014-04-03,0623,Aqua,MODIS,81,6.2,310.9,27.3,D,0
-30.6016,115.8192,336,1.2,1.1,2014-04-03,0623,Aqua,MODIS,83,6.2,312.6,28.1,D,0
-30.5997,115.8312,330,1.2,1.1,2014-04-03,0623,Aqua,MODIS,75,6.2,312.8,17.9,D,0
-29.3827,115.3062,319.4,1.1,1.1,2014-04-03,0623,Aqua,MODIS,18,6.2,301.3,7,D,0
-30.421,116.4107,328.3,1.2,1.1,2014-04-03,0623,Aqua,MODIS,74,6.2,311.1,18.2,D,0
-30.4228,116.4048,323.1,1.2,1.1,2014-04-03,0623,Aqua,MODIS,38,6.2,309.1,9.6,D,0
-30.4206,116.4175,333.9,1.2,1.1,2014-04-03,0623,Aqua,MODIS,81,6.2,311.1,27.2,D,0
-30.5723,116.3657,322.8,1.2,1.1,2014-04-03,0623,Aqua,MODIS,58,6.2,310.7,9,D,0
-28.9011,115.3036,337,1.1,1.1,2014-04-03,0623,Aqua,MODIS,84,6.2,316.5,22.4,D,0
-30.5697,116.5641,324.8,1.2,1.1,2014-04-03,0623,Aqua,MODIS,66,6.2,311,10.1,D,0
-30.5675,116.577,326.6,1.2,1.1,2014-04-03,0623,Aqua,MODIS,70,6.2,311.5,13.6,D,0
-30.497,116.1482,324.3,1.2,1.1,2014-04-03,0623,Aqua,MODIS,61,6.2,307.6,12.9,D,0
-28.8991,115.3153,345.9,1.1,1.1,2014-04-03,0623,Aqua,MODIS,91,6.2,317.3,41.4,D,0
-30.9626,117.0794,322,1.3,1.1,2014-04-03,0623,Aqua,MODIS,60,6.2,310.8,8.8,D,0
-30.9486,117.2186,326,1.3,1.1,2014-04-03,0623,Aqua,MODIS,71,6.2,310.9,15.7,D,0
-30.4617,115.6824,342.4,1.1,1.1,2014-04-03,0623,Aqua,MODIS,89,6.2,311.1,40.4,D,0
-30.4597,115.6943,353.7,1.1,1.1,2014-04-03,0623,Aqua,MODIS,96,6.2,313.5,68.1,D,0
-30.4693,115.6964,323.2,1.1,1.1,2014-04-03,0623,Aqua,MODIS,61,6.2,311.2,8,D,0
-30.5018,115.6184,322.6,1.1,1.1,2014-04-03,0623,Aqua,MODIS,59,6.2,307.9,7.4,D,0
-30.682,116.807,326.3,1.3,1.1,2014-04-03,0623,Aqua,MODIS,69,6.2,311.1,14.2,D,0
-30.5113,115.6204,335.3,1.1,1.1,2014-04-03,0623,Aqua,MODIS,82,6.2,310.3,26.1,D,0
-30.5094,115.6321,323.4,1.1,1.1,2014-04-03,0623,Aqua,MODIS,54,6.2,310.2,7.9,D,0
-28.9221,115.296,333.7,1.1,1.1,2014-04-03,0623,Aqua,MODIS,81,6.2,313.3,17.8,D,0
-29.2673,115.3832,329.9,1.1,1.1,2014-04-03,0623,Aqua,MODIS,76,6.2,306.3,16.5,D,0
-30.9349,116.4087,324.4,1.2,1.1,2014-04-03,0623,Aqua,MODIS,50,6.2,309.8,10.5,D,0
-30.8858,116.3974,326.4,1.2,1.1,2014-04-03,0623,Aqua,MODIS,69,6.2,313,12.9,D,0
-30.7052,117.0285,325.3,1.3,1.1,2014-04-03,0623,Aqua,MODIS,68,6.2,310.6,13.6,D,0
-30.766,116.861,337,1.3,1.1,2014-04-03,0623,Aqua,MODIS,84,6.2,311.9,34.3,D,0
-28.9107,115.3663,327.2,1.2,1.1,2014-04-03,0623,Aqua,MODIS,52,6.2,309.6,11.3,D,0
-30.4873,116.1461,369,1.2,1.1,2014-04-03,0623,Aqua,MODIS,100,6.2,311.1,130,D,0
-30.7262,117.0901,322.5,1.3,1.1,2014-04-03,0623,Aqua,MODIS,60,6.2,311.4,8.8,D,0
-30.4893,116.1337,365.2,1.2,1.1,2014-04-03,0623,Aqua,MODIS,100,6.2,312.1,114.3,D,0
-30.6018,116.1907,332.8,1.2,1.1,2014-04-03,0623,Aqua,MODIS,79,6.2,312.1,23.1,D,0
-30.5997,116.2031,333.8,1.2,1.1,2014-04-03,0623,Aqua,MODIS,80,6.2,312.5,24.5,D,0
-29.0982,115.166,326.5,1.1,1.1,2014-04-03,0623,Aqua,MODIS,72,6.2,304.2,13.4,D,0
-29.125,115.2436,324.8,1.1,1.1,2014-04-03,0623,Aqua,MODIS,63,6.2,305.8,10,D,0
-29.1396,115.2414,341.6,1.1,1.1,2014-04-03,0623,Aqua,MODIS,88,6.2,307.1,38.2,D,0
-29.1377,115.253,331,1.1,1.1,2014-04-03,0623,Aqua,MODIS,78,6.2,307.4,18,D,0
-30.6085,116.09,326.6,1.2,1.1,2014-04-03,0623,Aqua,MODIS,69,6.2,312.1,14.1,D,0
-30.6038,116.1784,326.7,1.2,1.1,2014-04-03,0623,Aqua,MODIS,65,6.2,310.9,12.9,D,0
-29.6,116.1686,328.8,1.2,1.1,2014-04-03,0623,Aqua,MODIS,75,6.2,301.8,19.7,D,0
-29.9851,116.1369,318.5,1.2,1.1,2014-04-03,0623,Aqua,MODIS,49,6.2,299,8.2,D,0
-30.0134,116.0274,320.1,1.2,1.1,2014-04-03,0623,Aqua,MODIS,43,6.2,299.3,11.1,D,0
-30.0115,116.1614,327,1.2,1.1,2014-04-03,0623,Aqua,MODIS,73,6.2,304.6,17.8,D,0
-30.0094,116.1739,320.9,1.2,1.1,2014-04-03,0623,Aqua,MODIS,59,6.2,305.2,8.7,D,0
-30.0214,116.1636,328.2,1.2,1.1,2014-04-03,0623,Aqua,MODIS,75,6.2,306.1,19.4,D,0
-30.9727,116.3653,334.3,1.2,1.1,2014-04-03,0623,Aqua,MODIS,81,6.2,309.5,28.8,D,0
-30.9706,116.3777,339.4,1.2,1.1,2014-04-03,0623,Aqua,MODIS,86,6.2,311.5,39.1,D,0
-30.6136,116.1805,326.2,1.2,1.1,2014-04-03,0623,Aqua,MODIS,64,6.2,312.5,12.2,D,0
-31.1018,116.3944,328.6,1.2,1.1,2014-04-03,0623,Aqua,MODIS,74,6.2,311.6,17.3,D,0
-30.888,116.3849,325.4,1.2,1.1,2014-04-03,0623,Aqua,MODIS,67,6.2,310.7,11.4,D,0
-30.8867,116.3921,326.8,1.2,1.1,2014-04-03,0623,Aqua,MODIS,68,6.2,312.7,13.6,D,0
-31.1666,116.4423,343.9,1.2,1.1,2014-04-03,0623,Aqua,MODIS,90,6.2,311.7,46.8,D,0
-31.1568,116.44,325.6,1.2,1.1,2014-04-03,0623,Aqua,MODIS,63,6.2,309.2,11.7,D,0
-31.159,116.4275,322.4,1.2,1.1,2014-04-03,0623,Aqua,MODIS,37,6.2,308.9,7.8,D,0
-31.0183,116.5268,372.1,1.2,1.1,2014-04-03,0623,Aqua,MODIS,100,6.2,315.5,145.4,D,0
-31.0063,116.5373,329.8,1.2,1.1,2014-04-03,0623,Aqua,MODIS,67,6.2,312,17.8,D,0
-31.0085,116.5245,355.3,1.2,1.1,2014-04-03,0623,Aqua,MODIS,97,6.2,315.1,79.7,D,0
-29.3521,115.617,330.2,1.2,1.1,2014-04-03,0623,Aqua,MODIS,76,6.2,311.8,16.5,D,0
-29.3502,115.6289,336.1,1.2,1.1,2014-04-03,0623,Aqua,MODIS,83,6.2,311.4,26.4,D,0
-29.3527,115.6229,343.6,1.2,1.1,2014-04-03,0623,Aqua,MODIS,90,6.2,312.1,41.6,D,0
-29.3508,115.6347,326.8,1.2,1.1,2014-04-03,0623,Aqua,MODIS,35,6.2,311.2,9.5,D,0
-29.1184,115.3699,333.6,1.1,1.1,2014-04-03,0623,Aqua,MODIS,81,6.2,312.9,19.5,D,0
-30.8031,116.5843,337,1.2,1.1,2014-04-03,0623,Aqua,MODIS,73,6.2,314.6,31.8,D,0
-30.8009,116.5971,333.4,1.2,1.1,2014-04-03,0623,Aqua,MODIS,76,6.2,315.4,24.4,D,0
-30.7637,116.8744,340.6,1.3,1.1,2014-04-03,0623,Aqua,MODIS,87,6.2,312.6,43.3,D,0
-30.6389,115.9078,326.8,1.2,1.1,2014-04-03,0623,Aqua,MODIS,69,6.2,311.1,13.7,D,0
-30.813,116.5865,361.7,1.2,1.1,2014-04-03,0623,Aqua,MODIS,100,6.2,315,102.3,D,0
-30.8108,116.5994,365.1,1.2,1.1,2014-04-03,0623,Aqua,MODIS,100,6.2,317.8,116.2,D,0
-30.8241,116.6425,323.1,1.2,1.1,2014-04-03,0623,Aqua,MODIS,48,6.2,312.1,9.6,D,0
-30.8131,116.7078,326.9,1.3,1.1,2014-04-03,0623,Aqua,MODIS,71,6.2,312.7,14.2,D,0
-30.823,116.71,327.3,1.3,1.1,2014-04-03,0623,Aqua,MODIS,71,6.2,313.7,15.2,D,0
-30.0364,115.7056,323.5,1.2,1.1,2014-04-03,0623,Aqua,MODIS,69,6.2,306.1,11.4,D,0
-27.9548,114.8214,330.1,1.1,1.1,2014-04-03,0623,Aqua,MODIS,72,6.2,311.2,12.5,D,0
-27.9529,114.8328,327.8,1.1,1.1,2014-04-03,0623,Aqua,MODIS,66,6.2,311,9.1,D,0
-30.3196,116.6422,326.8,1.3,1.1,2014-04-03,0623,Aqua,MODIS,72,6.2,311.7,15.2,D,0
-30.3173,116.6553,334,1.3,1.1,2014-04-03,0623,Aqua,MODIS,82,6.2,313.3,28.3,D,0
-30.4188,116.4235,323,1.2,1.1,2014-04-03,0623,Aqua,MODIS,56,6.2,310.8,9.7,D,0
-31.0594,116.8243,341.1,1.3,1.1,2014-04-03,0623,Aqua,MODIS,88,6.2,313.6,44.6,D,0
-29.4571,115.4734,326.7,1.1,1.1,2014-04-03,0623,Aqua,MODIS,70,6.2,308.3,13.6,D,0
-29.459,115.4616,323.2,1.1,1.1,2014-04-03,0623,Aqua,MODIS,62,6.2,307.6,8.4,D,0
-29.4475,115.4104,333.6,1.1,1.1,2014-04-03,0623,Aqua,MODIS,80,6.2,310.3,23.7,D,0
-29.3808,115.3178,345.2,1.1,1.1,2014-04-03,0623,Aqua,MODIS,91,6.2,303.7,49.2,D,0
-29.3712,115.3159,331.7,1.1,1.1,2014-04-03,0623,Aqua,MODIS,78,6.2,305.4,22.1,D,0
-30.8741,116.2853,323.8,1.2,1.1,2014-04-03,0623,Aqua,MODIS,56,6.2,312.2,9.7,D,0
-29.2463,115.3908,333.5,1.1,1.1,2014-04-03,0623,Aqua,MODIS,81,6.2,312.5,21.6,D,0
-29.2482,115.3792,327.9,1.1,1.1,2014-04-03,0623,Aqua,MODIS,73,6.2,310.4,13.4,D,0
-29.2135,115.4694,332.7,1.2,1.1,2014-04-03,0623,Aqua,MODIS,63,6.2,313.9,17.9,D,0
-28.6857,114.9887,333.2,1.1,1.1,2014-04-03,0623,Aqua,MODIS,81,6.2,315,18,D,0
-30.8501,116.4886,326.5,1.2,1.1,2014-04-03,0623,Aqua,MODIS,69,6.2,312.6,13.1,D,0
-30.732,116.1499,331,1.2,1.1,2014-04-03,0623,Aqua,MODIS,76,6.2,313.5,20.4,D,0
-29.7986,116.1474,323.2,1.2,1.1,2014-04-03,0623,Aqua,MODIS,43,6.2,299.2,12,D,0
-29.6791,116.0614,324.6,1.2,1.1,2014-04-03,0623,Aqua,MODIS,69,6.2,308.5,9.2,D,0
-30.9855,116.72,324.5,1.3,1.1,2014-04-03,0623,Aqua,MODIS,51,6.2,311.5,9.5,D,0
-30.9833,116.733,332,1.3,1.1,2014-04-03,0623,Aqua,MODIS,79,6.2,313.7,22.4,D,0
-30.1836,116.3569,325.1,1.2,1.1,2014-04-03,0623,Aqua,MODIS,65,6.2,302.5,16.6,D,0
-30.1393,116.3809,320,1.2,1.1,2014-04-03,0623,Aqua,MODIS,50,6.2,301.1,9,D,0
-30.5884,116.697,327.8,1.3,1.1,2014-04-03,0623,Aqua,MODIS,72,6.2,314.6,14.6,D,0
-30.9745,116.6634,328.9,1.2,1.1,2014-04-03,0623,Aqua,MODIS,66,6.2,312.8,17.2,D,0
-30.9844,116.6657,325.8,1.2,1.1,2014-04-03,0623,Aqua,MODIS,41,6.2,312.2,12,D,0
-31.1941,116.5805,330.7,1.2,1.1,2014-04-03,0623,Aqua,MODIS,77,6.2,313,20.3,D,0
-30.1935,116.3592,338.3,1.2,1.1,2014-04-03,0623,Aqua,MODIS,81,6.2,303.4,40.9,D,0
-30.1913,116.3719,325.1,1.2,1.1,2014-04-03,0623,Aqua,MODIS,69,6.2,303.2,16.3,D,0
-30.5984,116.6992,337.7,1.3,1.1,2014-04-03,0623,Aqua,MODIS,85,6.2,314.9,33,D,0
-30.644,116.7371,324.1,1.3,1.1,2014-04-03,0623,Aqua,MODIS,40,6.2,312.3,8.9,D,0
-30.6411,116.7422,328.2,1.3,1.1,2014-04-03,0623,Aqua,MODIS,73,6.2,312.9,16.1,D,0
-30.6797,116.8203,357.4,1.3,1.1,2014-04-03,0623,Aqua,MODIS,98,6.2,313.2,94.2,D,0
-30.9404,116.4362,327.5,1.2,1.1,2014-04-03,0623,Aqua,MODIS,61,6.2,312.1,14,D,0
-28.6748,114.7532,353.5,1.1,1,2014-04-03,0623,Aqua,MODIS,96,6.2,318.7,58.8,D,0
-28.6766,114.742,347.4,1.1,1,2014-04-03,0623,Aqua,MODIS,93,6.2,317.6,43.5,D,0
-28.8259,114.7445,353.9,1.1,1,2014-04-03,0623,Aqua,MODIS,96,6.2,317.8,59.1,D,0
-28.8277,114.7333,361.6,1.1,1,2014-04-03,0623,Aqua,MODIS,100,6.2,317.6,82.3,D,0
-28.3273,114.679,332.9,1.1,1,2014-04-03,0623,Aqua,MODIS,79,6.2,309.3,18.2,D,0
-28.2994,114.5749,333.9,1.1,1,2014-04-03,0623,Aqua,MODIS,80,6.2,314.2,20.4,D,0
-21.6325,118.5013,330.7,2.5,1.5,2014-04-03,0625,Aqua,MODIS,68,6.2,306.3,41.1,D,0
-21.6405,118.4976,331.3,2.5,1.5,2014-04-03,0625,Aqua,MODIS,68,6.2,309,42.6,D,0
-20.5388,118.7236,339.9,2.7,1.6,2014-04-03,0625,Aqua,MODIS,58,6.2,298.9,128.2,D,0
-20.5247,118.7206,362.6,2.7,1.6,2014-04-03,0625,Aqua,MODIS,100,6.2,306.6,327.3,D,0
-20.5296,118.6949,340.9,2.7,1.6,2014-04-03,0625,Aqua,MODIS,74,6.2,305.6,125.4,D,0
-20.5106,118.7175,346,2.7,1.6,2014-04-03,0625,Aqua,MODIS,90,6.2,308.4,155,D,0
-20.5156,118.6919,330.4,2.7,1.6,2014-04-03,0625,Aqua,MODIS,54,6.2,306.3,53.1,D,0
-21.6371,118.4777,333.9,2.5,1.5,2014-04-03,0625,Aqua,MODIS,75,6.2,310.3,61,D,0
-25.5756,149.586,301,1.4,1.2,2014-04-03,1231,Terra,MODIS,36,6.2,290.5,6.8,N,0
-25.5771,149.5724,303.1,1.4,1.2,2014-04-03,1231,Terra,MODIS,53,6.2,290.4,8.5,N,0
-26.8012,150.2005,303.9,1.3,1.1,2014-04-03,1231,Terra,MODIS,57,6.2,292.4,7.7,N,2
-26.791,150.1991,302.1,1.3,1.1,2014-04-03,1231,Terra,MODIS,47,6.2,292,6.2,N,0
-24.9244,148.6179,303.9,1.5,1.2,2014-04-03,1231,Terra,MODIS,57,6.2,289.5,11.1,N,0
-24.7087,151.8167,306.3,1.1,1,2014-04-03,1231,Terra,MODIS,68,6.2,291.6,7.9,N,0
-24.9227,148.633,301.6,1.5,1.2,2014-04-03,1231,Terra,MODIS,43,6.2,289.5,8.3,N,0
-33.5296,120.8673,308,3.1,1.7,2014-04-03,1408,Terra,MODIS,73,6.2,283.4,59.4,N,0
-33.5333,120.8626,303,3.1,1.7,2014-04-03,1408,Terra,MODIS,53,6.2,283.3,42.7,N,0
-33.3546,119.8354,309.8,3.7,1.8,2014-04-03,1408,Terra,MODIS,78,6.2,283.2,84.2,N,0
-17.4245,126.2317,329,1,1,2014-04-03,1412,Terra,MODIS,100,6.2,297.7,24.5,N,0
-17.4232,126.2412,320.7,1,1,2014-04-03,1412,Terra,MODIS,100,6.2,298,15.5,N,0
-17.4909,126.0865,310.4,1,1,2014-04-03,1412,Terra,MODIS,75,6.2,298.6,5.6,N,0
-17.4818,126.0851,318,1,1,2014-04-03,1412,Terra,MODIS,96,6.2,297.8,12.5,N,0
-17.4896,126.096,312.4,1,1,2014-04-03,1412,Terra,MODIS,85,6.2,297.4,6.8,N,0
-17.4336,126.2331,309.2,1,1,2014-04-03,1412,Terra,MODIS,61,6.2,296.2,6.2,N,0
-17.5298,126.073,313.3,1,1,2014-04-03,1412,Terra,MODIS,87,6.2,298.1,7.9,N,0
-17.4805,126.0946,309.6,1,1,2014-04-03,1412,Terra,MODIS,78,6.2,297.9,5,N,0
-15.8373,124.822,309.2,1.1,1,2014-04-03,1413,Terra,MODIS,68,6.2,295.6,6.2,N,0
-15.8123,124.4699,310,1.1,1.1,2014-04-03,1413,Terra,MODIS,48,6.2,296.1,6.8,N,0
-15.8028,124.4686,307.8,1.1,1.1,2014-04-03,1413,Terra,MODIS,44,6.2,296,5.2,N,0
-15.7761,124.8537,311.5,1.1,1,2014-04-03,1413,Terra,MODIS,78,6.2,295.9,8.2,N,0
-14.7292,131.3613,311,1.7,1.3,2014-04-03,1413,Terra,MODIS,80,6.2,295.2,17,N,0
-14.7266,131.3767,320.6,1.7,1.3,2014-04-03,1413,Terra,MODIS,100,6.2,295.9,34.6,N,0
-14.7152,131.3745,328.4,1.7,1.3,2014-04-03,1413,Terra,MODIS,100,6.2,296,53.7,N,0
-14.7178,131.3592,306.1,1.7,1.3,2014-04-03,1413,Terra,MODIS,64,6.2,294.8,10.2,N,0
-24.9228,148.6363,305.1,1.4,1.2,2014-04-03,1542,Aqua,MODIS,63,6.2,289.8,11,N,0
-26.7919,150.2101,300.9,1.8,1.3,2014-04-03,1542,Aqua,MODIS,35,6.2,290.5,11.4,N,2
-18.4079,126.8917,305.8,1.8,1.3,2014-04-03,1719,Aqua,MODIS,37,6.2,295.3,9.2,N,0
-18.4058,126.832,326.7,1.8,1.3,2014-04-03,1719,Aqua,MODIS,100,6.2,294.7,50.9,N,0
-18.4195,126.8471,304.8,1.8,1.3,2014-04-03,1719,Aqua,MODIS,37,6.2,294.2,7.6,N,0
-18.4122,126.8241,311,1.8,1.3,2014-04-03,1719,Aqua,MODIS,81,6.2,294.2,17.7,N,0
-18.4141,126.8407,332.6,1.8,1.3,2014-04-03,1719,Aqua,MODIS,100,6.2,295.4,68.2,N,0
-18.4078,126.8486,318.6,1.8,1.3,2014-04-03,1719,Aqua,MODIS,97,6.2,294.5,31.4,N,0
-18.4277,126.8557,311,1.8,1.3,2014-04-03,1719,Aqua,MODIS,82,6.2,294.6,17.8,N,0
-17.3722,126.9773,325.3,1.7,1.3,2014-04-03,1719,Aqua,MODIS,100,6.2,295.1,47.4,N,0
-17.3605,126.9787,305.6,1.7,1.3,2014-04-03,1719,Aqua,MODIS,65,6.2,293.9,10.7,N,0
-17.4948,125.9086,308.3,1.5,1.2,2014-04-03,1719,Aqua,MODIS,23,6.2,293.3,13.6,N,0
-17.3703,126.9611,328.2,1.7,1.3,2014-04-03,1719,Aqua,MODIS,100,6.2,294.3,55.5,N,0
-32.7075,119.2465,300.3,1,1,2014-04-03,1723,Aqua,MODIS,25,6.2,282.5,7.6,N,0
-33.1354,117.7868,306.5,1,1,2014-04-03,1723,Aqua,MODIS,68,6.2,282.4,10.6,N,0
-33.137,117.7975,301.3,1,1,2014-04-03,1723,Aqua,MODIS,40,6.2,281.6,7.6,N,0
-33.2025,117.8105,303,1,1,2014-04-03,1723,Aqua,MODIS,53,6.2,282.3,8.3,N,0
-33.2041,117.8212,303.5,1,1,2014-04-03,1723,Aqua,MODIS,56,6.2,282.5,8.6,N,0
-33.2498,121.1716,304.3,1.2,1.1,2014-04-03,1723,Aqua,MODIS,38,6.2,281.8,11.8,N,0
-33.2483,121.1649,305.5,1.2,1.1,2014-04-03,1723,Aqua,MODIS,40,6.2,282.9,12.7,N,0
-33.4089,119.6874,306.2,1.1,1,2014-04-03,1723,Aqua,MODIS,67,6.2,282,11.1,N,0
-33.3996,119.6891,304.1,1.1,1,2014-04-03,1723,Aqua,MODIS,55,6.2,281.1,9.6,N,0
-14.2448,132.6131,313.4,2.3,1.5,2014-04-04,0104,Terra,MODIS,44,6.2,273.9,32.6,D,0
-14.2577,132.6106,314.6,2.3,1.5,2014-04-04,0104,Terra,MODIS,43,6.2,277.1,35.3,D,0
-14.8978,131.5195,315.2,2.7,1.6,2014-04-04,0104,Terra,MODIS,53,6.2,296.1,19.1,D,0
-14.7464,131.3831,315.5,2.7,1.6,2014-04-04,0104,Terra,MODIS,57,6.2,296.4,23.5,D,0
-20.7378,139.4748,326.5,1.1,1,2014-04-04,0105,Terra,MODIS,62,6.2,309.2,10.8,D,2
-34.0783,135.4205,315.9,1,1,2014-04-04,0109,Terra,MODIS,59,6.2,297.4,11.4,D,0
-34.1977,138.518,326.8,1.3,1.1,2014-04-04,0109,Terra,MODIS,81,6.2,299.4,27.6,D,0
-34.0813,137.954,333,1.2,1.1,2014-04-04,0109,Terra,MODIS,86,6.2,298.7,35.9,D,0
-33.9118,138.8362,320.6,1.4,1.2,2014-04-04,0109,Terra,MODIS,69,6.2,295.7,19.4,D,0
-33.9518,138.854,312.3,1.4,1.2,2014-04-04,0109,Terra,MODIS,60,6.2,296.4,8.8,D,0
-34.0767,135.4095,315.9,1,1,2014-04-04,0109,Terra,MODIS,64,6.2,295.1,11,D,0
-34.1961,138.5039,322.1,1.3,1.1,2014-04-04,0109,Terra,MODIS,61,6.2,300,19.7,D,0
-34.5618,137.6468,318,1.2,1.1,2014-04-04,0109,Terra,MODIS,66,6.2,285.6,18.1,D,0
-33.9733,138.7618,325.7,1.3,1.1,2014-04-04,0109,Terra,MODIS,80,6.2,294.1,28.1,D,0
-34.5634,137.6599,307.1,1.2,1.1,2014-04-04,0109,Terra,MODIS,48,6.2,282.4,6.7,D,0
-33.6909,138.3458,314.5,1.3,1.1,2014-04-04,0109,Terra,MODIS,65,6.2,301.3,6.8,D,0
-33.9068,138.8312,318.2,1.4,1.2,2014-04-04,0109,Terra,MODIS,57,6.2,294.6,15.4,D,0
-33.3067,138.2668,316,1.2,1.1,2014-04-04,0109,Terra,MODIS,61,6.2,295.7,14.6,D,0
-33.7497,138.6772,320.8,1.3,1.1,2014-04-04,0109,Terra,MODIS,0,6.2,292.3,19.2,D,0
-34.0803,137.9474,313.4,1.2,1.1,2014-04-04,0109,Terra,MODIS,38,6.2,298.4,6.7,D,0
-34.0819,137.9608,328.4,1.2,1.1,2014-04-04,0109,Terra,MODIS,83,6.2,298.8,27.1,D,0
-34.0829,137.9673,320.8,1.2,1.1,2014-04-04,0109,Terra,MODIS,76,6.2,298,16.7,D,0
-33.9535,138.8688,311.2,1.4,1.2,2014-04-04,0109,Terra,MODIS,55,6.2,296.4,7.4,D,0
-36.0525,141.5476,315.9,2.1,1.4,2014-04-04,0109,Terra,MODIS,70,6.2,298.3,27.2,D,0
-36.0505,141.5241,322.7,2.1,1.4,2014-04-04,0109,Terra,MODIS,78,6.2,298.8,46.7,D,0
-20.513,118.7014,341.1,1.8,1.3,2014-04-04,0244,Terra,MODIS,80,6.2,310.6,63.6,D,0
-20.5247,118.6999,352.5,1.8,1.3,2014-04-04,0244,Terra,MODIS,95,6.2,310.8,115.8,D,0
-20.5365,118.6984,338,1.8,1.3,2014-04-04,0244,Terra,MODIS,62,6.2,308,51.5,D,0
-20.5385,118.7153,360.1,1.8,1.3,2014-04-04,0244,Terra,MODIS,100,6.2,312.6,154,D,0
-20.5199,118.6947,339.8,1.8,1.3,2014-04-04,0244,Terra,MODIS,70,6.2,309.2,58,D,0
-20.5335,118.7101,339.3,1.8,1.3,2014-04-04,0244,Terra,MODIS,62,6.2,312.7,54.9,D,0
-20.5453,118.7086,354.7,1.8,1.3,2014-04-04,0244,Terra,MODIS,96,6.2,308.2,130.7,D,0
-20.8646,115.3615,372.3,1.1,1.1,2014-04-04,0244,Terra,MODIS,100,6.2,313.1,137.8,D,3
-20.8674,115.383,364.9,1.1,1.1,2014-04-04,0244,Terra,MODIS,0,6.2,308.9,102.1,D,0
-20.4679,118.7243,350.4,1.8,1.3,2014-04-04,0244,Terra,MODIS,94,6.2,310.7,105.2,D,0
-20.4797,118.7228,338.2,1.8,1.3,2014-04-04,0244,Terra,MODIS,73,6.2,310,50.9,D,0
-28.8276,114.7384,333.3,1.3,1.1,2014-04-04,0246,Terra,MODIS,83,6.2,311.5,24.6,D,0
-28.0914,114.5246,316.6,1.2,1.1,2014-04-04,0246,Terra,MODIS,40,6.2,290.5,14,D,0
-28.6702,115.1033,323.5,1.3,1.1,2014-04-04,0246,Terra,MODIS,61,6.2,306.4,10.4,D,0
-28.8607,115.2582,326.3,1.4,1.2,2014-04-04,0246,Terra,MODIS,63,6.2,306.1,16.7,D,0
-30.2246,116.359,338.8,1.6,1.3,2014-04-04,0247,Terra,MODIS,89,6.2,307.9,62.6,D,0
-30.5329,116.2761,330,1.6,1.3,2014-04-04,0247,Terra,MODIS,82,6.2,307.1,35.5,D,0
-30.5355,116.2821,326.6,1.6,1.3,2014-04-04,0247,Terra,MODIS,79,6.2,306.6,28.4,D,0
-32.1517,118.6153,318.3,2.5,1.5,2014-04-04,0247,Terra,MODIS,71,6.2,299,32.6,D,0
-32.2367,116.9096,326.6,1.9,1.3,2014-04-04,0247,Terra,MODIS,81,6.2,301.1,45.3,D,0
-32.2336,116.9166,319.3,1.9,1.3,2014-04-04,0247,Terra,MODIS,55,6.2,302.1,24.7,D,0
-32.2316,116.8962,318.8,1.9,1.3,2014-04-04,0247,Terra,MODIS,49,6.2,300.9,23.3,D,0
-31.2237,116.9086,326.6,1.8,1.3,2014-04-04,0247,Terra,MODIS,59,6.2,304.9,41.2,D,0
-32.4484,118.433,320.1,2.4,1.5,2014-04-04,0247,Terra,MODIS,76,6.2,299.8,36.6,D,0
-32.4506,118.4588,314.8,2.4,1.5,2014-04-04,0247,Terra,MODIS,68,6.2,300.2,19.7,D,0
-32.4419,118.4281,317.1,2.4,1.5,2014-04-04,0247,Terra,MODIS,62,6.2,299.5,23.5,D,0
-32.4439,118.4539,318.2,2.4,1.5,2014-04-04,0247,Terra,MODIS,66,6.2,300.6,27.6,D,0
-30.7106,117.0439,315.2,1.9,1.3,2014-04-04,0247,Terra,MODIS,46,6.2,296.1,11,D,0
-30.4919,115.6636,320.2,1.5,1.2,2014-04-04,0247,Terra,MODIS,41,6.2,303,18.4,D,0
-30.8075,116.7354,320.4,1.8,1.3,2014-04-04,0247,Terra,MODIS,69,6.2,305.3,17.4,D,0
-30.6267,116.6224,323.8,1.7,1.3,2014-04-04,0247,Terra,MODIS,75,6.2,301.9,25.2,D,0
-30.9783,116.1741,319.4,1.6,1.3,2014-04-04,0247,Terra,MODIS,63,6.2,305.1,16,D,0
-30.9802,116.1915,327.9,1.6,1.3,2014-04-04,0247,Terra,MODIS,78,6.2,307,35.2,D,0
-30.9776,116.1859,327.9,1.6,1.3,2014-04-04,0247,Terra,MODIS,78,6.2,306.6,33.5,D,0
-30.1487,116.069,332.4,1.6,1.2,2014-04-04,0247,Terra,MODIS,85,6.2,306.6,41.4,D,0
-30.1479,116.0626,330.1,1.6,1.2,2014-04-04,0247,Terra,MODIS,83,6.2,306.2,34.9,D,0
-30.6057,116.1969,345.3,1.6,1.3,2014-04-04,0247,Terra,MODIS,92,6.2,308.9,84.4,D,0
-29.1238,114.9928,328.2,1.3,1.1,2014-04-04,0247,Terra,MODIS,79,6.2,309.2,18,D,0
-29.1216,115.0005,324.6,1.3,1.1,2014-04-04,0247,Terra,MODIS,75,6.2,309.3,11.9,D,0
-31.7671,118.7384,319.3,2.5,1.5,2014-04-04,0247,Terra,MODIS,70,6.2,302,34.3,D,0
-30.2361,116.3574,334.1,1.6,1.3,2014-04-04,0247,Terra,MODIS,86,6.2,308,47.6,D,0
-31.7594,118.7337,315.5,2.5,1.5,2014-04-04,0247,Terra,MODIS,64,6.2,301.9,21.2,D,0
-30.2379,116.3745,341.4,1.7,1.3,2014-04-04,0247,Terra,MODIS,91,6.2,307.9,71.7,D,0
-30.5861,116.5724,323.7,1.7,1.3,2014-04-04,0247,Terra,MODIS,75,6.2,303.4,28.7,D,0
-31.7614,118.7602,316.3,2.5,1.5,2014-04-04,0247,Terra,MODIS,66,6.2,301.7,25.6,D,0
-30.7062,117.0503,315.5,1.9,1.3,2014-04-04,0247,Terra,MODIS,60,6.2,295.4,12.3,D,0
-31.5151,116.5573,316.7,1.8,1.3,2014-04-04,0247,Terra,MODIS,63,6.2,303.3,11.9,D,0
-31.7717,116.7051,321.5,1.8,1.3,2014-04-04,0247,Terra,MODIS,70,6.2,304.9,22,D,0
-31.6785,116.8015,319.8,1.8,1.3,2014-04-04,0247,Terra,MODIS,63,6.2,304.4,15.2,D,0
-31.6849,116.814,323.9,1.8,1.3,2014-04-04,0247,Terra,MODIS,77,6.2,304.3,26,D,0
-31.7737,116.7244,342.8,1.8,1.3,2014-04-04,0247,Terra,MODIS,91,6.2,304.9,91.7,D,0
-31.7666,116.7197,333.3,1.8,1.3,2014-04-04,0247,Terra,MODIS,86,6.2,304.6,55.1,D,0
-31.7786,116.7181,331.1,1.8,1.3,2014-04-04,0247,Terra,MODIS,84,6.2,304.9,49.1,D,0
-32.9041,117.0141,306.8,2,1.4,2014-04-04,0248,Terra,MODIS,45,6.2,286.2,10.3,D,0
-33.4682,117.2637,317,2.1,1.4,2014-04-04,0248,Terra,MODIS,68,6.2,298,25.4,D,0
-33.7862,119.0178,338.4,2.7,1.6,2014-04-04,0248,Terra,MODIS,90,6.2,300,142.6,D,0
-33.7718,119.019,351.9,2.7,1.6,2014-04-04,0248,Terra,MODIS,96,6.2,304.5,255.8,D,0
-33.7816,118.9935,317,2.7,1.6,2014-04-04,0248,Terra,MODIS,70,6.2,300,29.7,D,0
-33.7695,119.0245,345.8,2.7,1.6,2014-04-04,0248,Terra,MODIS,94,6.2,303.8,197.7,D,0
-33.7672,118.9947,316.8,2.7,1.6,2014-04-04,0248,Terra,MODIS,28,6.2,301.7,28.4,D,0
-33.7839,119.0233,346.9,2.7,1.6,2014-04-04,0248,Terra,MODIS,94,6.2,301.3,208.1,D,0
-36.4431,141.3448,313.5,3.9,1.8,2014-04-04,0347,Aqua,MODIS,56,6.2,300.5,40.1,D,0
-36.44,141.5304,318.2,3.8,1.8,2014-04-04,0347,Aqua,MODIS,31,6.2,302.4,56.4,D,0
-36.0315,142.1365,328.2,3.5,1.8,2014-04-04,0347,Aqua,MODIS,81,6.2,301.6,111.3,D,0
-36.0294,142.1759,329.4,3.5,1.8,2014-04-04,0347,Aqua,MODIS,82,6.2,301.9,123.1,D,0
-36.3659,141.4704,316.3,3.9,1.8,2014-04-04,0347,Aqua,MODIS,54,6.2,302.1,48.6,D,0
-36.0215,142.1709,315.5,3.5,1.8,2014-04-04,0347,Aqua,MODIS,63,6.2,300.8,35.3,D,0
-36.611,142.4899,327.5,3.4,1.7,2014-04-04,0347,Aqua,MODIS,81,6.2,298.9,114.4,D,0
-36.6088,142.5279,315.1,3.3,1.7,2014-04-04,0347,Aqua,MODIS,66,6.2,298.3,42.8,D,0
-36.6051,142.4969,334.3,3.4,1.7,2014-04-04,0347,Aqua,MODIS,87,6.2,298.7,166.1,D,0
-36.0518,142.0586,318.1,3.5,1.8,2014-04-04,0347,Aqua,MODIS,68,6.2,300.8,50.2,D,0
-37.7029,142.0795,331,3.6,1.8,2014-04-04,0347,Aqua,MODIS,87,6.2,297.5,169.8,D,0
-36.3783,141.5583,316.9,3.8,1.8,2014-04-04,0347,Aqua,MODIS,66,6.2,302.1,52.4,D,0
-35.8284,141.9889,318.5,3.6,1.8,2014-04-04,0347,Aqua,MODIS,69,6.2,300.5,55.1,D,0
-36.0454,142.1771,316.7,3.5,1.8,2014-04-04,0347,Aqua,MODIS,65,6.2,301.1,44.5,D,0
-36.202,143.563,329.1,2.8,1.6,2014-04-04,0347,Aqua,MODIS,82,6.2,301.1,88.8,D,0
-36.4286,141.6526,330,3.8,1.8,2014-04-04,0347,Aqua,MODIS,83,6.2,302.1,152.4,D,0
-36.4348,141.523,323.3,3.8,1.8,2014-04-04,0347,Aqua,MODIS,76,6.2,302.3,97.1,D,0
-36.2011,143.556,326.8,2.8,1.6,2014-04-04,0347,Aqua,MODIS,79,6.2,301.3,75.5,D,0
-36.3697,141.4747,318.5,3.9,1.8,2014-04-04,0347,Aqua,MODIS,70,6.2,302.1,64.4,D,0
-36.3826,141.5627,315.8,3.8,1.8,2014-04-04,0347,Aqua,MODIS,51,6.2,302.4,44.1,D,0
-37.71,142.0883,316.7,3.6,1.8,2014-04-04,0347,Aqua,MODIS,77,6.2,296.7,65.1,D,0
-37.6936,142.0873,320.3,3.6,1.8,2014-04-04,0347,Aqua,MODIS,80,6.2,297.2,86.8,D,0
-35.8304,141.9487,328.5,3.6,1.8,2014-04-04,0347,Aqua,MODIS,81,6.2,301.2,124.6,D,0
-37.5326,140.2313,304.1,4.7,2,2014-04-04,0347,Aqua,MODIS,41,6.2,288.5,32.5,D,0
-37.5361,140.2282,304.3,4.7,2,2014-04-04,0347,Aqua,MODIS,24,6.2,288.5,29.4,D,0
-35.2483,140.2405,313.2,4.5,2,2014-04-04,0347,Aqua,MODIS,51,6.2,299.6,44.3,D,0
-35.8214,141.9845,319.5,3.6,1.8,2014-04-04,0347,Aqua,MODIS,71,6.2,300.3,60.1,D,0
-36.6967,140.8061,317.6,4.3,1.9,2014-04-04,0347,Aqua,MODIS,70,6.2,299.3,87.7,D,0
-36.6979,140.8142,318,4.3,1.9,2014-04-04,0347,Aqua,MODIS,71,6.2,299.4,91.7,D,0
-35.3361,139.8223,312.9,4.8,2,2014-04-04,0347,Aqua,MODIS,49,6.2,299.2,54.1,D,0
-36.3572,142.2598,315.7,3.4,1.7,2014-04-04,0347,Aqua,MODIS,63,6.2,301,38.1,D,0
-36.3527,142.3375,328.4,3.4,1.7,2014-04-04,0347,Aqua,MODIS,81,6.2,300.9,113.3,D,0
-36.3977,140.7775,311.5,4.3,1.9,2014-04-04,0347,Aqua,MODIS,50,6.2,298.7,37.7,D,0
-35.8236,141.9443,324.9,3.6,1.8,2014-04-04,0347,Aqua,MODIS,78,6.2,300.6,96.6,D,0
-36.0605,141.4696,318.8,3.8,1.8,2014-04-04,0347,Aqua,MODIS,57,6.2,300.8,61.4,D,0
-36.0667,141.4304,317.2,3.9,1.8,2014-04-04,0347,Aqua,MODIS,62,6.2,302.3,54,D,0
-36.0647,141.4739,334.2,3.8,1.8,2014-04-04,0347,Aqua,MODIS,86,6.2,301.5,189.2,D,0
-36.0793,141.5187,317.1,3.8,1.8,2014-04-04,0347,Aqua,MODIS,66,6.2,301,51.2,D,0
-36.4344,141.6601,321,3.8,1.8,2014-04-04,0347,Aqua,MODIS,74,6.2,301.5,82.1,D,0
-36.3505,142.376,344.1,3.4,1.7,2014-04-04,0347,Aqua,MODIS,92,6.2,300.9,257.1,D,0
-36.3491,142.2635,314,3.4,1.7,2014-04-04,0347,Aqua,MODIS,60,6.2,300.2,29.8,D,0
-36.3611,142.3426,331.2,3.4,1.7,2014-04-04,0347,Aqua,MODIS,84,6.2,301.4,136.2,D,0
-36.3591,142.3811,339.6,3.4,1.7,2014-04-04,0347,Aqua,MODIS,90,6.2,300.7,211.9,D,0
-36.4265,141.6954,317.7,3.8,1.8,2014-04-04,0347,Aqua,MODIS,69,6.2,301.7,62.2,D,0
-29.9281,150.5279,343.3,1,1,2014-04-04,0349,Aqua,MODIS,70,6.2,283.8,44.6,D,0
-28.6431,151.9892,328.6,1,1,2014-04-04,0349,Aqua,MODIS,82,6.2,299.7,21.8,D,0
-29.0479,150.319,328.3,1,1,2014-04-04,0349,Aqua,MODIS,70,6.2,305.1,13.5,D,0
-28.672,153.3052,315.7,1.1,1,2014-04-04,0349,Aqua,MODIS,68,6.2,295.9,11,D,0
-24.9264,148.6288,328.2,1.1,1,2014-04-04,0350,Aqua,MODIS,78,6.2,311.2,16.3,D,0
-24.9277,148.6183,325.8,1.1,1,2014-04-04,0350,Aqua,MODIS,76,6.2,310.7,12.2,D,0
-24.9171,148.6273,329.8,1.1,1,2014-04-04,0350,Aqua,MODIS,76,6.2,309.5,17.1,D,0
-25.719,148.6607,321.1,1.1,1,2014-04-04,0350,Aqua,MODIS,62,6.2,306.4,8.1,D,0
-23.7241,150.8452,313.5,1,1,2014-04-04,0350,Aqua,MODIS,42,6.2,299.9,4.9,D,0
-36.4155,142.4623,335.2,4.8,2,2014-04-04,0525,Aqua,MODIS,87,6.2,296.9,290.1,D,0
-36.3531,142.1381,310.7,4.6,2,2014-04-04,0525,Aqua,MODIS,42,6.2,296.8,43.9,D,0
-36.3545,142.1303,312.5,4.6,2,2014-04-04,0525,Aqua,MODIS,55,6.2,296.9,56.5,D,0
-36.4183,142.4552,336.9,4.8,2,2014-04-04,0525,Aqua,MODIS,88,6.2,297,326.4,D,0
-36.235,142.3038,312.2,4.8,2,2014-04-04,0525,Aqua,MODIS,53,6.2,296.7,57.9,D,0
-36.2308,142.3057,313.4,4.8,2,2014-04-04,0525,Aqua,MODIS,58,6.2,296.8,66.9,D,0
-36.4323,142.4031,322.2,4.8,2,2014-04-04,0525,Aqua,MODIS,75,6.2,297,146.5,D,0
-36.6904,142.3616,312.2,4.7,2,2014-04-04,0525,Aqua,MODIS,45,6.2,295.9,55.9,D,0
-36.0535,142.0489,311.5,4.7,2,2014-04-04,0525,Aqua,MODIS,49,6.2,298.2,43.7,D,0
-36.7111,140.8142,315.2,3.8,1.8,2014-04-04,0525,Aqua,MODIS,63,6.2,297.1,66.9,D,0
-36.7008,140.818,313.7,3.8,1.8,2014-04-04,0525,Aqua,MODIS,59,6.2,297.1,58.3,D,0
-36.4025,141.6639,330.1,4.3,1.9,2014-04-04,0525,Aqua,MODIS,83,6.2,298.6,198.4,D,0
-36.415,141.6168,327.8,4.3,1.9,2014-04-04,0525,Aqua,MODIS,81,6.2,300.5,168.5,D,0
-36.4396,141.5233,321.9,4.3,1.9,2014-04-04,0525,Aqua,MODIS,75,6.2,299.7,110.8,D,0
-36.4034,141.6603,332.1,4.3,1.9,2014-04-04,0525,Aqua,MODIS,84,6.2,298.9,217.7,D,0
-36.4276,141.5663,311.2,4.3,1.9,2014-04-04,0525,Aqua,MODIS,39,6.2,299.2,36,D,0
-36.4397,141.5193,320.4,4.3,1.9,2014-04-04,0525,Aqua,MODIS,43,6.2,299.7,91.3,D,0
-36.057,142.0462,310.9,4.7,2,2014-04-04,0525,Aqua,MODIS,42,6.2,298.2,43.2,D,0
-36.2023,141.5655,312.9,4.3,1.9,2014-04-04,0525,Aqua,MODIS,56,6.2,299.6,48.4,D,0
-36.7005,142.2537,320.9,4.6,2,2014-04-04,0525,Aqua,MODIS,73,6.2,296.6,123.5,D,0
-37.0888,141.0042,313.2,3.8,1.8,2014-04-04,0525,Aqua,MODIS,57,6.2,295.2,58.7,D,0
-36.9171,142.0745,310.7,4.4,1.9,2014-04-04,0525,Aqua,MODIS,41,6.2,297.7,43.7,D,0
-36.4298,142.4103,328.5,4.8,2,2014-04-04,0525,Aqua,MODIS,81,6.2,297.2,204.9,D,0
-36.4323,141.8345,322.2,4.4,1.9,2014-04-04,0525,Aqua,MODIS,75,6.2,297.8,135.6,D,0
-36.4324,141.8428,319.5,4.4,1.9,2014-04-04,0525,Aqua,MODIS,71,6.2,297.8,113.2,D,0
-35.207,140.8814,310.8,4.2,1.9,2014-04-04,0525,Aqua,MODIS,61,6.2,298.5,34.1,D,0
-37.1731,140.813,314.8,3.7,1.8,2014-04-04,0525,Aqua,MODIS,62,6.2,294.6,67.3,D,0
-37.1881,140.6868,319.7,3.6,1.8,2014-04-04,0525,Aqua,MODIS,72,6.2,294.9,92.2,D,0
-37.1827,140.6799,317.8,3.6,1.8,2014-04-04,0525,Aqua,MODIS,69,6.2,294.6,80.7,D,0
-36.934,142.0816,310.7,4.4,1.9,2014-04-04,0525,Aqua,MODIS,32,6.2,298.3,43.9,D,0
-36.4576,141.0737,318.8,4,1.9,2014-04-04,0525,Aqua,MODIS,70,6.2,298.2,89.5,D,0
-36.4563,141.0339,336.7,4,1.9,2014-04-04,0525,Aqua,MODIS,88,6.2,298,250.8,D,0
-36.4451,141.0771,312.2,4,1.9,2014-04-04,0525,Aqua,MODIS,53,6.2,298.2,49.6,D,0
-36.2032,141.7775,314.2,4.5,1.9,2014-04-04,0525,Aqua,MODIS,45,6.2,299.3,54.5,D,0
-36.4686,141.0304,328.6,4,1.9,2014-04-04,0525,Aqua,MODIS,82,6.2,297.5,166.5,D,0
-36.2184,141.7877,311.4,4.5,1.9,2014-04-04,0525,Aqua,MODIS,48,6.2,299.2,40.7,D,0
-36.2015,141.5693,313.7,4.3,1.9,2014-04-04,0525,Aqua,MODIS,59,6.2,299.5,53.9,D,0
-36.4351,141.4707,313.5,4.2,1.9,2014-04-04,0525,Aqua,MODIS,35,6.2,299.1,48.9,D,0
-36.7016,142.2465,319,4.6,2,2014-04-04,0525,Aqua,MODIS,70,6.2,296.7,106.8,D,0
-36.4471,141.4253,318.7,4.2,1.9,2014-04-04,0525,Aqua,MODIS,66,6.2,299.2,88.6,D,0
-36.4349,141.4666,315.8,4.2,1.9,2014-04-04,0525,Aqua,MODIS,57,6.2,299.2,64.9,D,0
-36.4467,141.4211,317.2,4.2,1.9,2014-04-04,0525,Aqua,MODIS,60,6.2,299.3,78.6,D,0
-36.9302,142.0345,318,4.4,1.9,2014-04-04,0525,Aqua,MODIS,69,6.2,297,97.3,D,0
-36.9173,142.0827,312.6,4.4,1.9,2014-04-04,0525,Aqua,MODIS,55,6.2,298,59.4,D,0
-35.4395,139.6595,313,3.5,1.8,2014-04-04,0525,Aqua,MODIS,66,6.2,297.3,40.8,D,0
-36.4055,142.4455,322.2,4.8,2,2014-04-04,0525,Aqua,MODIS,75,6.2,296.1,134,D,0
-34.4441,137.5745,321.2,2.8,1.6,2014-04-04,0526,Aqua,MODIS,73,6.2,295.4,66.3,D,0
-34.1397,137.7523,376.2,2.9,1.6,2014-04-04,0526,Aqua,MODIS,100,6.2,300.3,626.7,D,0
-34.1552,137.7525,312.5,2.9,1.6,2014-04-04,0526,Aqua,MODIS,63,6.2,296.2,31.9,D,0
-33.7599,138.0439,323,3.1,1.7,2014-04-04,0526,Aqua,MODIS,78,6.2,298.2,76.2,D,0
-34.1483,137.7833,309.5,2.9,1.6,2014-04-04,0526,Aqua,MODIS,54,6.2,296,21.6,D,0
-34.4507,137.5451,317.7,2.8,1.6,2014-04-04,0526,Aqua,MODIS,63,6.2,289.3,50.6,D,0
-34.0477,137.8168,342.2,2.9,1.6,2014-04-04,0526,Aqua,MODIS,92,6.2,298.1,204.4,D,0
-34.155,138.5022,310.7,3.2,1.7,2014-04-04,0526,Aqua,MODIS,59,6.2,296,28.1,D,0
-34.0407,137.8406,359,3,1.6,2014-04-04,0526,Aqua,MODIS,99,6.2,298.2,379.8,D,0
-33.5246,138.9008,311.2,3.6,1.8,2014-04-04,0526,Aqua,MODIS,58,6.2,295.9,35.5,D,0
-34.1339,137.7785,357.1,2.9,1.6,2014-04-04,0526,Aqua,MODIS,98,6.2,297.1,349.6,D,0
-34.2618,138.7767,314,3.3,1.7,2014-04-04,0526,Aqua,MODIS,67,6.2,297.4,43.6,D,0
-34.2636,138.744,314.8,3.3,1.7,2014-04-04,0526,Aqua,MODIS,45,6.2,295,40.6,D,0
-34.453,137.5535,326.2,2.8,1.6,2014-04-04,0526,Aqua,MODIS,67,6.2,292.7,82.3,D,0
-34.1409,137.7477,366.8,2.9,1.6,2014-04-04,0526,Aqua,MODIS,100,6.2,299.9,476,D,0
-34.1325,137.783,344,2.9,1.6,2014-04-04,0526,Aqua,MODIS,93,6.2,296.4,214.2,D,0
-33.5336,138.8997,311.8,3.6,1.8,2014-04-04,0526,Aqua,MODIS,59,6.2,296.3,38.4,D,0
-33.7886,138.6517,307.4,3.4,1.7,2014-04-04,0526,Aqua,MODIS,33,6.2,293.2,17.2,D,0
-34.2701,138.7414,316.5,3.3,1.7,2014-04-04,0526,Aqua,MODIS,71,6.2,296.1,54,D,0
-33.0742,134.6259,311.6,2,1.4,2014-04-04,0526,Aqua,MODIS,52,6.2,298.5,12.9,D,0
-32.5858,134.4049,330.2,1.9,1.4,2014-04-04,0526,Aqua,MODIS,82,6.2,300.7,57.7,D,0
-34.0477,137.8093,328.9,2.9,1.6,2014-04-04,0526,Aqua,MODIS,83,6.2,297.5,108.2,D,0
-34.0404,137.848,351.4,3,1.6,2014-04-04,0526,Aqua,MODIS,96,6.2,297.7,293,D,0
-34.154,137.757,314.6,2.9,1.6,2014-04-04,0526,Aqua,MODIS,68,6.2,296.6,39.8,D,0
-34.8679,117.3975,385.9,3.4,1.7,2014-04-04,0526,Aqua,MODIS,100,6.2,301.7,1048.6,D,0
-34.8701,117.3595,327.2,3.4,1.7,2014-04-04,0526,Aqua,MODIS,75,6.2,296.4,137.8,D,0
-34.8774,117.4057,395.6,3.4,1.7,2014-04-04,0526,Aqua,MODIS,100,6.2,301.2,1329.4,D,0
-34.8614,117.4047,315.5,3.4,1.7,2014-04-04,0526,Aqua,MODIS,54,6.2,296.4,65.4,D,0
-34.8794,117.3679,368.8,3.4,1.7,2014-04-04,0526,Aqua,MODIS,100,6.2,299.6,649.8,D,0
-34.8933,117.407,340.1,3.4,1.7,2014-04-04,0526,Aqua,MODIS,90,6.2,291.5,234.5,D,0
-34.8861,117.3602,338.8,3.4,1.7,2014-04-04,0526,Aqua,MODIS,77,6.2,297.3,235.7,D,0
-34.8838,117.3983,380.5,3.4,1.7,2014-04-04,0526,Aqua,MODIS,87,6.2,297,909.9,D,0
-32.9494,118.6487,320.1,2.7,1.6,2014-04-04,0527,Aqua,MODIS,75,6.2,296.7,51.3,D,0
-31.7716,117.9649,324,2.9,1.6,2014-04-04,0527,Aqua,MODIS,74,6.2,307.2,46.7,D,0
-31.9173,118.0201,327.9,2.9,1.6,2014-04-04,0527,Aqua,MODIS,79,6.2,306.6,68.3,D,0
-31.2803,117.7309,321.3,3,1.6,2014-04-04,0527,Aqua,MODIS,69,6.2,307.8,27.9,D,0
-31.8458,119.1564,323.2,2.4,1.5,2014-04-04,0527,Aqua,MODIS,73,6.2,303.8,37.8,D,0
-32.0251,117.7763,322.4,3,1.7,2014-04-04,0527,Aqua,MODIS,72,6.2,305.8,38.9,D,0
-31.9179,118.0154,324.1,2.9,1.6,2014-04-04,0527,Aqua,MODIS,74,6.2,306.3,47.2,D,0
-32.9472,118.644,324,2.7,1.6,2014-04-04,0527,Aqua,MODIS,79,6.2,296.6,64.4,D,0
-31.9151,118.0511,330.3,2.9,1.6,2014-04-04,0527,Aqua,MODIS,82,6.2,307,84.7,D,0
-31.9155,118.0464,331.2,2.9,1.6,2014-04-04,0527,Aqua,MODIS,82,6.2,307.3,89.3,D,0
-33.3544,118.6605,310.9,2.7,1.6,2014-04-04,0527,Aqua,MODIS,22,6.2,290.7,20.7,D,0
-33.7869,120.6052,326.5,2.1,1.4,2014-04-04,0527,Aqua,MODIS,78,6.2,307.3,38,D,0
-32.024,117.7831,319.8,3,1.7,2014-04-04,0527,Aqua,MODIS,68,6.2,305.7,29,D,0
-33.4386,118.7333,323.5,2.7,1.6,2014-04-04,0527,Aqua,MODIS,70,6.2,295.8,67.1,D,0
-31.9369,118.5984,330.6,2.7,1.6,2014-04-04,0527,Aqua,MODIS,82,6.2,306.3,72.6,D,0
-31.939,118.5698,328.2,2.7,1.6,2014-04-04,0527,Aqua,MODIS,80,6.2,306.4,61,D,0
-31.933,118.5912,334,2.7,1.6,2014-04-04,0527,Aqua,MODIS,85,6.2,306.3,92.3,D,0
-33.9067,118.4423,324.1,2.9,1.6,2014-04-04,0527,Aqua,MODIS,76,6.2,300.8,63.4,D,0
-31.9353,118.5627,320.2,2.7,1.6,2014-04-04,0527,Aqua,MODIS,69,6.2,306,24.6,D,0
-33.9047,118.4736,337,2.8,1.6,2014-04-04,0527,Aqua,MODIS,88,6.2,303.1,140.5,D,0
-33.9036,118.4666,340.3,2.8,1.6,2014-04-04,0527,Aqua,MODIS,90,6.2,303.9,164.7,D,0
-31.8736,117.355,316,3.2,1.7,2014-04-04,0527,Aqua,MODIS,35,6.2,302.6,29.8,D,0
-25.7102,126.6334,329.6,1,1,2014-04-04,0528,Aqua,MODIS,53,6.2,314.9,5.9,D,0
-20.4856,118.7041,337.2,1.9,1.3,2014-04-04,0530,Aqua,MODIS,44,6.2,316.3,37.7,D,0
-18.9377,128.3812,336.1,1.5,1.2,2014-04-04,0530,Aqua,MODIS,78,6.2,292.3,51.2,D,0
-18.0942,125.8454,336.9,1.1,1,2014-04-04,0531,Aqua,MODIS,82,6.2,302.3,28.1,D,0
-17.3839,126.3402,332.1,1.2,1.1,2014-04-04,0531,Aqua,MODIS,60,6.2,301.6,26,D,0
-16.4369,124.6182,322.2,1,1,2014-04-04,0531,Aqua,MODIS,65,6.2,302.4,8.8,D,0
-18.0817,125.8643,337.7,1.1,1,2014-04-04,0531,Aqua,MODIS,82,6.2,301.8,31.4,D,0
-17.3986,126.9626,325.3,1.3,1.1,2014-04-04,0531,Aqua,MODIS,22,6.2,298.8,18.4,D,0
-18.0833,125.8541,347.4,1.1,1,2014-04-04,0531,Aqua,MODIS,92,6.2,303.4,50.6,D,0
-17.3856,126.3294,346.2,1.2,1.1,2014-04-04,0531,Aqua,MODIS,69,6.2,302.7,55.2,D,0
-18.0926,125.8557,352.5,1.1,1,2014-04-04,0531,Aqua,MODIS,95,6.2,301.8,61.5,D,0
-16.7073,124.6611,325.7,1,1,2014-04-04,0531,Aqua,MODIS,70,6.2,304.1,10.5,D,0
-13.9667,132.5907,318.2,3.7,1.8,2014-04-04,0531,Aqua,MODIS,51,6.2,291,60,D,0
-14.1056,132.5608,314.5,3.7,1.8,2014-04-04,0531,Aqua,MODIS,51,6.2,291.5,40.1,D,0
-13.9631,132.5593,324.8,3.7,1.8,2014-04-04,0531,Aqua,MODIS,71,6.2,293.2,100.5,D,0
-42.8282,146.875,319.2,1,1,2014-04-04,1310,Terra,MODIS,98,6.2,281,21.6,N,0
-43.0547,147.9422,304.2,1,1,2014-04-04,1310,Terra,MODIS,59,6.2,285.4,8.8,N,0
-20.7322,139.481,309.7,1.1,1,2014-04-04,1316,Terra,MODIS,74,6.2,296.6,7.8,N,2
-20.7336,139.4706,312,1.1,1,2014-04-04,1316,Terra,MODIS,82,6.2,296.7,9.8,N,2
-14.257,132.5675,306.3,2.6,1.6,2014-04-04,1318,Terra,MODIS,56,6.2,294.1,15.9,N,0
-20.6027,120.6224,308.4,1.4,1.2,2014-04-04,1454,Terra,MODIS,75,6.2,295.9,7.7,N,0
-20.613,120.6244,308.7,1.4,1.2,2014-04-04,1454,Terra,MODIS,75,6.2,295.7,8.1,N,0
-20.8652,115.3843,307.5,1.1,1,2014-04-04,1455,Terra,MODIS,55,6.2,296.1,6.9,N,0
-20.8665,115.3742,311,1.1,1,2014-04-04,1455,Terra,MODIS,73,6.2,295.7,9.4,N,0
-20.6178,116.77,332,1,1,2014-04-04,1455,Terra,MODIS,100,6.2,299.8,27.9,N,2
-20.6192,116.7604,312.2,1,1,2014-04-04,1455,Terra,MODIS,78,6.2,299,7.5,N,0
-20.4677,118.7142,309.4,1.1,1,2014-04-04,1455,Terra,MODIS,76,6.2,296.4,8.8,N,0
-20.4567,118.7229,312.3,1.1,1,2014-04-04,1455,Terra,MODIS,84,6.2,296.5,10.7,N,0
-20.4583,118.7125,329.9,1.1,1,2014-04-04,1455,Terra,MODIS,100,6.2,296.8,30.7,N,0
-15.763,124.4924,306.5,3.2,1.7,2014-04-04,1456,Terra,MODIS,9,6.2,292.5,27.2,N,0
-15.7479,124.4893,306.1,3.2,1.7,2014-04-04,1456,Terra,MODIS,25,6.2,292.5,26.9,N,0
-14.2637,132.5733,312.3,1.4,1.2,2014-04-04,1622,Aqua,MODIS,84,6.2,295.4,12,N,0
-14.2534,132.5751,306.7,1.4,1.2,2014-04-04,1622,Aqua,MODIS,46,6.2,295.5,6.2,N,0
-20.34,123.5049,325.3,4.7,2,2014-04-04,1624,Aqua,MODIS,95,6.2,286.7,207.2,N,0
-20.3576,123.5006,357.9,4.7,2,2014-04-04,1624,Aqua,MODIS,100,6.2,290.5,746.2,N,0
-20.3303,123.4652,344.4,4.7,2,2014-04-04,1624,Aqua,MODIS,100,6.2,290,468.6,N,0
-20.3479,123.4608,380.1,4.7,2,2014-04-04,1624,Aqua,MODIS,100,6.2,291.6,1430.8,N,0
-20.3302,123.4603,332.7,4.7,2,2014-04-04,1624,Aqua,MODIS,100,6.2,289.9,293.7,N,0
-20.3478,123.456,372.5,4.7,2,2014-04-04,1624,Aqua,MODIS,100,6.2,290.9,1163.7,N,0
-20.3399,123.5099,326.6,4.7,2,2014-04-04,1624,Aqua,MODIS,100,6.2,284,221.4,N,0
-20.3575,123.5055,350.4,4.7,2,2014-04-04,1624,Aqua,MODIS,100,6.2,289.3,580.2,N,0
-20.6061,120.6176,314,4.1,1.9,2014-04-04,1803,Aqua,MODIS,59,6.2,291.2,97.8,N,0
-20.6232,120.6162,309.2,4.1,1.9,2014-04-04,1803,Aqua,MODIS,21,6.2,290.9,73.4,N,0
-20.6193,120.6205,310.6,4.1,1.9,2014-04-04,1803,Aqua,MODIS,43,6.2,290.7,82.2,N,0
-20.6022,120.6219,315.4,4.1,1.9,2014-04-04,1803,Aqua,MODIS,80,6.2,291,112.1,N,0
-21.201,116.1903,311.9,2,1.4,2014-04-04,1803,Aqua,MODIS,84,6.2,295.9,26.3,N,0
-21.2045,116.2022,310.6,2,1.4,2014-04-04,1803,Aqua,MODIS,81,6.2,296.4,23.8,N,0
-26.433,149.7221,319.5,1,1,2014-04-05,0011,Terra,MODIS,68,6.2,299.8,9.5,D,0
-26.4405,149.7104,396,1,1,2014-04-05,0011,Terra,MODIS,100,6.2,305.5,225.4,D,0
-26.4315,149.7121,316.3,1,1,2014-04-05,0011,Terra,MODIS,57,6.2,299.8,6.8,D,0
-26.4421,149.7205,367.5,1,1,2014-04-05,0011,Terra,MODIS,100,6.2,301.8,101,D,0
-23.5271,149.945,312.8,1,1,2014-04-05,0011,Terra,MODIS,25,6.2,299.8,5.3,D,0
-25.3403,152.8946,316.6,1.1,1.1,2014-04-05,0011,Terra,MODIS,54,6.2,299.3,8.9,D,0
-25.0925,149.7518,320.1,1,1,2014-04-05,0011,Terra,MODIS,71,6.2,299.6,10.8,D,0
-28.6998,152.9291,316.8,1.2,1.1,2014-04-05,0012,Terra,MODIS,70,6.2,297.4,10.7,D,0
-28.7014,152.9412,321.9,1.2,1.1,2014-04-05,0012,Terra,MODIS,77,6.2,297.3,17.1,D,0
-28.2335,149.9978,320.8,1,1,2014-04-05,0012,Terra,MODIS,71,6.2,298.9,9.3,D,0
-28.4477,149.215,330.6,1,1,2014-04-05,0012,Terra,MODIS,81,6.2,298.5,22.5,D,0
-28.6263,150.812,316.8,1,1,2014-04-05,0012,Terra,MODIS,51,6.2,298.3,7.3,D,0
-28.6354,150.8104,316.4,1,1,2014-04-05,0012,Terra,MODIS,55,6.2,297.6,7.5,D,0
-27.4243,152.0199,312.5,1.1,1,2014-04-05,0012,Terra,MODIS,43,6.2,297,7.4,D,0
-26.8006,150.2039,319,1,1,2014-04-05,0012,Terra,MODIS,63,6.2,301.1,7.2,D,2
-36.2098,141.4482,327.6,1.7,1.3,2014-04-05,0014,Terra,MODIS,83,6.2,293.8,49.2,D,0
-36.1984,141.4517,307.4,1.7,1.3,2014-04-05,0014,Terra,MODIS,44,6.2,295.5,9.4,D,0
-36.6273,143.6617,314.7,1.3,1.1,2014-04-05,0014,Terra,MODIS,69,6.2,296.3,13.3,D,0
-36.206,141.4293,334.4,1.7,1.3,2014-04-05,0014,Terra,MODIS,87,6.2,295,69.3,D,0
-40.7863,145.0173,328.7,1,1,2014-04-05,0015,Terra,MODIS,82,6.2,292.6,27.9,D,0
-41.3772,146.8485,307.5,1,1,2014-04-05,0016,Terra,MODIS,65,6.2,286.3,9.1,D,0
-41.5239,146.5878,302.4,1,1,2014-04-05,0016,Terra,MODIS,52,6.2,291.1,4.4,D,0
-40.974,144.915,329.3,1,1,2014-04-05,0016,Terra,MODIS,86,6.2,291.3,29.6,D,0
-14.6052,132.1588,327.1,1.4,1.2,2014-04-05,0147,Terra,MODIS,77,6.2,297.2,23.8,D,0
-14.6129,132.1646,319.5,1.4,1.2,2014-04-05,0147,Terra,MODIS,66,6.2,296.1,12.4,D,0
-13.9189,131.2359,319.8,1.2,1.1,2014-04-05,0147,Terra,MODIS,50,6.2,302,13.2,D,0
-13.9672,132.5869,327.8,1.4,1.2,2014-04-05,0147,Terra,MODIS,65,6.2,302.5,23.6,D,0
-13.9443,132.577,326.1,1.4,1.2,2014-04-05,0147,Terra,MODIS,48,6.2,302.8,19.3,D,0
-13.9549,132.5752,324.9,1.4,1.2,2014-04-05,0147,Terra,MODIS,42,6.2,304.9,18.7,D,0
-14.6751,133.5664,321.9,1.7,1.3,2014-04-05,0147,Terra,MODIS,66,6.2,303.8,16,D,0
-18.9548,122.0311,331.6,1.8,1.3,2014-04-05,0148,Terra,MODIS,79,6.2,302.9,40.3,D,0
-18.8463,121.9377,324.6,1.8,1.3,2014-04-05,0148,Terra,MODIS,70,6.2,300.2,27.9,D,0
-18.8403,121.9319,329.7,1.8,1.3,2014-04-05,0148,Terra,MODIS,77,6.2,302,41.8,D,0
-18.8434,121.9488,323.9,1.8,1.3,2014-04-05,0148,Terra,MODIS,62,6.2,300,26.3,D,0
-18.8345,121.94,331.1,1.8,1.3,2014-04-05,0148,Terra,MODIS,79,6.2,302.1,45.3,D,0
-19.3704,128.3156,328.8,1,1,2014-04-05,0148,Terra,MODIS,63,6.2,305.7,13.2,D,0
-19.3986,128.1281,325.1,1,1,2014-04-05,0148,Terra,MODIS,45,6.2,306.2,7.2,D,0
-16.4465,123.818,319.4,1.5,1.2,2014-04-05,0148,Terra,MODIS,63,6.2,294,16.6,D,0
-15.7464,124.4708,337.3,1.4,1.2,2014-04-05,0148,Terra,MODIS,89,6.2,293.9,46.6,D,0
-16.4441,123.8041,319.8,1.5,1.2,2014-04-05,0148,Terra,MODIS,68,6.2,297.7,17.2,D,0
-16.7077,124.6457,336.4,1.3,1.1,2014-04-05,0148,Terra,MODIS,86,6.2,300.5,38.8,D,0
-16.7098,124.6582,328.7,1.3,1.1,2014-04-05,0148,Terra,MODIS,79,6.2,301.4,23.8,D,0
-16.7178,124.6439,321.5,1.3,1.1,2014-04-05,0148,Terra,MODIS,70,6.2,298.6,13.6,D,0
-16.7199,124.6565,323.6,1.3,1.1,2014-04-05,0148,Terra,MODIS,73,6.2,299,16.9,D,0
-16.2702,124.6104,322.6,1.3,1.1,2014-04-05,0148,Terra,MODIS,73,6.2,299.7,15.7,D,0
-16.2723,124.6225,328.4,1.3,1.1,2014-04-05,0148,Terra,MODIS,80,6.2,300.6,25.4,D,0
-16.2825,124.6208,319.5,1.3,1.1,2014-04-05,0148,Terra,MODIS,67,6.2,298.8,11.5,D,0
-15.7339,124.4597,323.7,1.4,1.2,2014-04-05,0148,Terra,MODIS,71,6.2,294.6,20.4,D,0
-15.7361,124.4727,330.7,1.4,1.2,2014-04-05,0148,Terra,MODIS,85,6.2,294.3,33.1,D,0
-19.598,123.9581,327.4,1.3,1.1,2014-04-05,0149,Terra,MODIS,63,6.2,304.9,17.6,D,0
-20.6306,120.6289,332,2.1,1.4,2014-04-05,0149,Terra,MODIS,74,6.2,305.4,44.1,D,0
-20.4947,120.3236,345.9,2.2,1.4,2014-04-05,0149,Terra,MODIS,91,6.2,303.7,125.8,D,0
-20.4986,120.3444,329.6,2.2,1.4,2014-04-05,0149,Terra,MODIS,76,6.2,302.5,47.6,D,0
-20.6308,120.6219,335.5,2.1,1.4,2014-04-05,0149,Terra,MODIS,83,6.2,305.3,59.8,D,0
-20.627,120.6092,333,2.1,1.4,2014-04-05,0149,Terra,MODIS,75,6.2,305.8,48.3,D,0
-20.6271,120.6023,327.9,2.1,1.4,2014-04-05,0149,Terra,MODIS,58,6.2,305.2,31.8,D,0
-20.6394,120.6066,331.1,2.1,1.4,2014-04-05,0149,Terra,MODIS,76,6.2,303.2,45.4,D,0
-20.4962,120.3294,355.6,2.2,1.4,2014-04-05,0149,Terra,MODIS,97,6.2,303.4,192.1,D,0
-20.3547,123.4538,361.5,1.3,1.1,2014-04-05,0149,Terra,MODIS,100,6.2,306.8,116.5,D,0
-20.3525,123.441,345.4,1.3,1.1,2014-04-05,0149,Terra,MODIS,90,6.2,302.5,62.4,D,0
-20.3444,123.4557,340.3,1.3,1.1,2014-04-05,0149,Terra,MODIS,78,6.2,307.3,44.7,D,0
-20.3423,123.443,356.6,1.3,1.1,2014-04-05,0149,Terra,MODIS,98,6.2,304.5,99.8,D,0
-20.3342,123.4576,343.1,1.3,1.1,2014-04-05,0149,Terra,MODIS,85,6.2,307.1,50.6,D,0
-20.332,123.4449,357.7,1.3,1.1,2014-04-05,0149,Terra,MODIS,98,6.2,303.9,102.7,D,0
-20.3239,123.4595,330.5,1.3,1.1,2014-04-05,0149,Terra,MODIS,44,6.2,306.1,20.1,D,0
-20.3217,123.4468,356.2,1.3,1.1,2014-04-05,0149,Terra,MODIS,97,6.2,303.4,95.8,D,0
-20.3154,123.4542,333.9,1.3,1.1,2014-04-05,0149,Terra,MODIS,62,6.2,304.3,30.3,D,0
-20.3693,123.4773,339.4,1.3,1.1,2014-04-05,0149,Terra,MODIS,80,6.2,308.3,37.8,D,0
-20.3718,123.555,326.6,1.3,1.1,2014-04-05,0149,Terra,MODIS,47,6.2,306.4,12,D,0
-20.3412,123.5607,328.8,1.3,1.1,2014-04-05,0149,Terra,MODIS,60,6.2,304.8,16,D,0
-20.3391,123.5481,342.2,1.3,1.1,2014-04-05,0149,Terra,MODIS,88,6.2,304.9,45,D,0
-20.3795,123.4753,415.2,1.3,1.1,2014-04-05,0149,Terra,MODIS,100,6.2,312,520,D,0
-20.3919,123.486,389.5,1.3,1.1,2014-04-05,0149,Terra,MODIS,100,6.2,306.3,273.4,D,0
-20.3922,123.5511,380.3,1.3,1.1,2014-04-05,0149,Terra,MODIS,100,6.2,306.7,206.6,D,0
-20.3901,123.5385,351.4,1.3,1.1,2014-04-05,0149,Terra,MODIS,95,6.2,307,71.1,D,0
-20.3817,123.488,349.7,1.3,1.1,2014-04-05,0149,Terra,MODIS,93,6.2,308.8,66.6,D,0
-20.382,123.553,340.2,1.3,1.1,2014-04-05,0149,Terra,MODIS,86,6.2,308.4,40.7,D,0
-20.3697,123.5424,333.6,1.3,1.1,2014-04-05,0149,Terra,MODIS,70,6.2,307.2,23.8,D,0
-20.2931,123.5107,354.7,1.3,1.1,2014-04-05,0149,Terra,MODIS,97,6.2,306.8,86.8,D,0
-20.3671,123.4645,415.7,1.3,1.1,2014-04-05,0149,Terra,MODIS,100,6.2,312.8,527.8,D,0
-20.365,123.4518,381.3,1.3,1.1,2014-04-05,0149,Terra,MODIS,100,6.2,304.6,222.7,D,0
-20.3569,123.4665,333,1.3,1.1,2014-04-05,0149,Terra,MODIS,64,6.2,306.6,23.2,D,0
-20.394,123.4987,356,1.3,1.1,2014-04-05,0149,Terra,MODIS,97,6.2,306,88.9,D,0
-20.3322,123.5555,346.5,1.3,1.1,2014-04-05,0149,Terra,MODIS,91,6.2,307.2,54.2,D,0
-20.3774,123.4626,361.5,1.3,1.1,2014-04-05,0149,Terra,MODIS,100,6.2,303,116.8,D,0
-30.7792,116.3748,324.6,2.4,1.5,2014-04-05,0152,Terra,MODIS,77,6.2,300.8,48.3,D,0
-34.2041,116.635,320.7,1.9,1.4,2014-04-05,0153,Terra,MODIS,48,6.2,296.7,36.7,D,0
-34.1998,116.6142,321.5,1.9,1.4,2014-04-05,0153,Terra,MODIS,58,6.2,295.5,40,D,0
-41.3115,146.5666,324.1,1.1,1,2014-04-05,0428,Aqua,MODIS,83,6.2,293.7,23.9,D,0
-41.7766,147.0499,328.5,1.1,1.1,2014-04-05,0428,Aqua,MODIS,73,6.2,297.5,25.6,D,0
-41.7715,147.0557,315.4,1.1,1.1,2014-04-05,0428,Aqua,MODIS,76,6.2,296.2,13.1,D,0
-41.7743,147.0632,400.5,1.1,1.1,2014-04-05,0428,Aqua,MODIS,100,6.2,301.4,297.8,D,0
-41.772,147.0766,328.6,1.1,1.1,2014-04-05,0428,Aqua,MODIS,78,6.2,295.2,25.6,D,0
-41.7692,147.0691,323.6,1.1,1.1,2014-04-05,0428,Aqua,MODIS,83,6.2,295.2,22.3,D,0
-41.7837,147.0661,318.8,1.1,1.1,2014-04-05,0428,Aqua,MODIS,57,6.2,296,14.1,D,0
-41.0107,147.2382,305.9,1.2,1.1,2014-04-05,0429,Aqua,MODIS,62,6.2,295.3,6.1,D,0
-36.2257,141.4698,318.8,1,1,2014-04-05,0430,Aqua,MODIS,63,6.2,304.3,7.8,D,0
-35.2985,141.1253,319.8,1,1,2014-04-05,0430,Aqua,MODIS,63,6.2,307.8,6.5,D,0
-35.3,141.1141,323.4,1,1,2014-04-05,0430,Aqua,MODIS,71,6.2,308.5,10.2,D,0
-37.081,141.0229,337.2,1,1,2014-04-05,0430,Aqua,MODIS,88,6.2,293,38.7,D,0
-36.6294,143.6477,328.5,1,1,2014-04-05,0430,Aqua,MODIS,80,6.2,301.6,19.9,D,0
-36.6276,143.6591,343.2,1,1,2014-04-05,0430,Aqua,MODIS,91,6.2,300.8,43.2,D,0
-35.9373,141.8935,343.5,1,1,2014-04-05,0430,Aqua,MODIS,86,6.2,309.4,39.4,D,0
-36.6402,143.6385,373.9,1,1,2014-04-05,0430,Aqua,MODIS,100,6.2,308.8,127.1,D,0
-36.6384,143.6499,382.3,1,1,2014-04-05,0430,Aqua,MODIS,100,6.2,308.1,160.6,D,0
-36.6367,143.6613,344.6,1,1,2014-04-05,0430,Aqua,MODIS,92,6.2,298.1,46.7,D,0
-36.6349,143.6728,313.9,1,1,2014-04-05,0430,Aqua,MODIS,42,6.2,292.9,7.1,D,0
-36.6475,143.6521,338.7,1,1,2014-04-05,0430,Aqua,MODIS,88,6.2,300.5,35.7,D,0
-36.9566,142.6171,317.7,1,1,2014-04-05,0430,Aqua,MODIS,65,6.2,301.8,5.9,D,0
-36.955,142.6283,316.9,1,1,2014-04-05,0430,Aqua,MODIS,63,6.2,302.3,5.2,D,0
-36.6458,143.6635,328.5,1,1,2014-04-05,0430,Aqua,MODIS,80,6.2,298.2,21.1,D,0
-36.7092,143.6015,324.1,1,1,2014-04-05,0430,Aqua,MODIS,75,6.2,307.9,14.2,D,0
-36.9656,142.6191,351.3,1,1,2014-04-05,0430,Aqua,MODIS,96,6.2,309.3,54.8,D,0
-36.964,142.6304,378.3,1,1,2014-04-05,0430,Aqua,MODIS,100,6.2,310,136.1,D,0
-37.764,143.5205,323.8,1,1,2014-04-05,0430,Aqua,MODIS,80,6.2,300.2,15.4,D,0
-37.7657,143.5091,335.2,1,1,2014-04-05,0430,Aqua,MODIS,88,6.2,300.8,29.9,D,0
-36.9337,143.5848,328.5,1,1,2014-04-05,0430,Aqua,MODIS,81,6.2,303.7,17.1,D,0
-36.3685,140.8664,323.4,1,1,2014-04-05,0430,Aqua,MODIS,64,6.2,304.6,14.2,D,0
-36.3778,140.8683,327.6,1,1,2014-04-05,0430,Aqua,MODIS,70,6.2,306.1,18.1,D,0
-36.4009,140.9808,325.9,1,1,2014-04-05,0430,Aqua,MODIS,76,6.2,302,17.2,D,0
-37.5953,142.5821,318,1,1,2014-04-05,0430,Aqua,MODIS,59,6.2,303.8,7.9,D,0
-37.5969,142.5708,319,1,1,2014-04-05,0430,Aqua,MODIS,69,6.2,303,9.2,D,0
-36.9246,143.5826,353.4,1,1,2014-04-05,0430,Aqua,MODIS,97,6.2,308.5,60.5,D,0
-36.3825,141.191,319.9,1,1,2014-04-05,0430,Aqua,MODIS,67,6.2,304.7,9.5,D,0
-36.9263,143.5712,357.5,1,1,2014-04-05,0430,Aqua,MODIS,98,6.2,310.2,70.2,D,0
-36.8535,141.5025,324.9,1,1,2014-04-05,0430,Aqua,MODIS,77,6.2,304.2,15.7,D,0
-36.8063,141.5044,316.8,1,1,2014-04-05,0430,Aqua,MODIS,42,6.2,302.6,8,D,0
-37.8789,143.2352,314.4,1,1,2014-04-05,0430,Aqua,MODIS,70,6.2,295.1,7.1,D,0
-35.9358,141.9046,355,1,1,2014-04-05,0430,Aqua,MODIS,97,6.2,309.7,63.4,D,0
-37.8805,143.2238,316.1,1,1,2014-04-05,0430,Aqua,MODIS,72,6.2,298.7,8.5,D,0
-37.8675,143.1854,311.1,1,1,2014-04-05,0430,Aqua,MODIS,42,6.2,298.5,5.5,D,0
-36.6625,141.6968,315.1,1,1,2014-04-05,0430,Aqua,MODIS,55,6.2,303.6,5.1,D,0
-36.4409,141.1621,336.3,1,1,2014-04-05,0430,Aqua,MODIS,86,6.2,304.5,30.1,D,0
-36.9496,142.342,320.6,1,1,2014-04-05,0430,Aqua,MODIS,70,6.2,307.1,8.1,D,0
-37.7842,143.3838,316.2,1,1,2014-04-05,0430,Aqua,MODIS,71,6.2,299.5,9.4,D,0
-37.7859,143.3724,314.5,1,1,2014-04-05,0430,Aqua,MODIS,69,6.2,295.3,7.6,D,0
-37.6601,143.4066,312.7,1,1,2014-04-05,0430,Aqua,MODIS,53,6.2,299,4.8,D,0
-36.0497,141.8082,321.7,1,1,2014-04-05,0430,Aqua,MODIS,68,6.2,307.9,8.4,D,0
-36.0588,141.8102,419.7,1,1,2014-04-05,0430,Aqua,MODIS,100,6.2,325.5,385.1,D,0
-36.0572,141.8213,385.1,1,1,2014-04-05,0430,Aqua,MODIS,100,6.2,311.1,164.7,D,0
-36.7656,142.0107,321.5,1,1,2014-04-05,0430,Aqua,MODIS,72,6.2,303.1,10.4,D,0
-36.836,140.8704,318.2,1.1,1,2014-04-05,0430,Aqua,MODIS,43,6.2,299.2,11.2,D,0
-36.4302,141.1005,332.1,1,1,2014-04-05,0430,Aqua,MODIS,83,6.2,306.1,23.4,D,0
-36.704,141.8639,316.2,1,1,2014-04-05,0430,Aqua,MODIS,52,6.2,303.8,5.8,D,0
-36.7355,141.9056,326.1,1,1,2014-04-05,0430,Aqua,MODIS,77,6.2,306.6,15.2,D,0
-36.734,141.9169,331.3,1,1,2014-04-05,0430,Aqua,MODIS,83,6.2,305.9,22,D,0
-36.7704,142.2438,355.1,1,1,2014-04-05,0430,Aqua,MODIS,97,6.2,307.2,63.9,D,0
-36.7688,142.255,358.8,1,1,2014-04-05,0430,Aqua,MODIS,99,6.2,307.8,73.4,D,0
-36.7794,142.2458,409.4,1,1,2014-04-05,0430,Aqua,MODIS,100,6.2,320.6,305.1,D,0
-36.7778,142.257,390.5,1,1,2014-04-05,0430,Aqua,MODIS,100,6.2,309.4,191.8,D,0
-36.7884,142.2478,370.5,1,1,2014-04-05,0430,Aqua,MODIS,100,6.2,313.1,108.5,D,0
-36.4134,141.1564,325.4,1,1,2014-04-05,0430,Aqua,MODIS,76,6.2,304.2,15.2,D,0
-36.4149,141.1449,358.7,1,1,2014-04-05,0430,Aqua,MODIS,99,6.2,308.7,76.9,D,0
-36.3902,141.0621,333.1,1,1,2014-04-05,0430,Aqua,MODIS,84,6.2,305.5,26.1,D,0
-36.3981,141.1296,326.2,1,1,2014-04-05,0430,Aqua,MODIS,77,6.2,303.9,15.6,D,0
-36.3996,141.118,322.2,1,1,2014-04-05,0430,Aqua,MODIS,72,6.2,304.1,10.9,D,0
-36.7868,142.259,377.1,1,1,2014-04-05,0430,Aqua,MODIS,100,6.2,308.6,132.3,D,0
-36.8124,142.2715,318.6,1,1,2014-04-05,0430,Aqua,MODIS,51,6.2,306.7,6.5,D,0
-36.8336,142.253,319.4,1,1,2014-04-05,0430,Aqua,MODIS,64,6.2,306,6.8,D,0
-36.8427,142.255,328.8,1,1,2014-04-05,0430,Aqua,MODIS,80,6.2,306.3,17.4,D,0
-36.8411,142.2662,325.9,1,1,2014-04-05,0430,Aqua,MODIS,77,6.2,304.4,13.9,D,0
-36.8332,142.3224,325,1,1,2014-04-05,0430,Aqua,MODIS,76,6.2,306,13.2,D,0
-36.2976,141.8156,323.7,1,1,2014-04-05,0430,Aqua,MODIS,72,6.2,305.8,11.9,D,0
-36.3577,141.8465,341.4,1,1,2014-04-05,0430,Aqua,MODIS,90,6.2,308.3,35.1,D,0
-36.3917,141.1218,327,1,1,2014-04-05,0430,Aqua,MODIS,78,6.2,303.8,17.2,D,0
-37.6618,143.3952,416.7,1,1,2014-04-05,0430,Aqua,MODIS,100,6.2,309.6,364.1,D,0
-37.6635,143.3838,353.9,1,1,2014-04-05,0430,Aqua,MODIS,97,6.2,301,64.5,D,0
-36.3562,141.8578,408.7,1,1,2014-04-05,0430,Aqua,MODIS,100,6.2,315.3,301.8,D,0
-36.3546,141.869,324.4,1,1,2014-04-05,0430,Aqua,MODIS,74,6.2,305,12.3,D,0
-37.6528,143.393,354,1,1,2014-04-05,0430,Aqua,MODIS,97,6.2,303.3,65,D,0
-37.6545,143.3817,334.6,1,1,2014-04-05,0430,Aqua,MODIS,88,6.2,300.2,28.3,D,0
-36.4425,141.1505,329.9,1,1,2014-04-05,0430,Aqua,MODIS,81,6.2,305,20.7,D,0
-36.3991,141.6814,316,1,1,2014-04-05,0430,Aqua,MODIS,35,6.2,303.7,5,D,0
-35.8085,142.7919,333.1,1,1,2014-04-05,0430,Aqua,MODIS,83,6.2,307.7,22.2,D,0
-35.8176,142.794,336,1,1,2014-04-05,0430,Aqua,MODIS,86,6.2,307.7,26.4,D,0
-36.9455,143.0789,324.6,1,1,2014-04-05,0430,Aqua,MODIS,76,6.2,306,13,D,0
-36.9439,143.0902,332.2,1,1,2014-04-05,0430,Aqua,MODIS,83,6.2,306.3,22.1,D,0
-36.3068,143.4061,323.1,1,1,2014-04-05,0430,Aqua,MODIS,73,6.2,305.3,10.8,D,0
-36.3085,143.3948,353.9,1,1,2014-04-05,0430,Aqua,MODIS,97,6.2,308.6,62.3,D,0
-36.7067,143.8022,316.6,1,1,2014-04-05,0430,Aqua,MODIS,44,6.2,303.5,4.7,D,0
-36.7118,143.3504,335.1,1,1,2014-04-05,0430,Aqua,MODIS,85,6.2,308.3,25.8,D,0
-36.7283,141.8225,326.7,1,1,2014-04-05,0430,Aqua,MODIS,64,6.2,304,17.5,D,0
-36.7299,141.8111,317.8,1,1,2014-04-05,0430,Aqua,MODIS,60,6.2,303.1,7.8,D,0
-35.8266,142.796,319.3,1,1,2014-04-05,0430,Aqua,MODIS,62,6.2,306.4,6.3,D,0
-36.3886,141.0737,325.3,1,1,2014-04-05,0430,Aqua,MODIS,75,6.2,305,15.3,D,0
-36.7208,143.3526,327.9,1,1,2014-04-05,0430,Aqua,MODIS,79,6.2,308.1,17.1,D,0
-36.1328,142.3379,319.7,1,1,2014-04-05,0430,Aqua,MODIS,63,6.2,308,7.6,D,0
-36.2558,142.3083,318.5,1,1,2014-04-05,0430,Aqua,MODIS,61,6.2,305.8,6.6,D,0
-36.3094,142.3891,338.3,1,1,2014-04-05,0430,Aqua,MODIS,87,6.2,310.4,30.8,D,0
-36.3078,142.4002,341,1,1,2014-04-05,0430,Aqua,MODIS,89,6.2,306.5,35.5,D,0
-36.3161,142.3961,321.9,1,1,2014-04-05,0430,Aqua,MODIS,70,6.2,307.5,9.8,D,0
-36.3632,142.3261,319.9,1,1,2014-04-05,0430,Aqua,MODIS,66,6.2,304.9,8,D,0
-36.3617,142.3372,325.6,1,1,2014-04-05,0430,Aqua,MODIS,75,6.2,305.6,13.7,D,0
-36.0838,141.3698,325.9,1,1,2014-04-05,0430,Aqua,MODIS,75,6.2,307.6,14.7,D,0
-36.0913,141.3654,320.4,1,1,2014-04-05,0430,Aqua,MODIS,51,6.2,306.9,8,D,0
-36.0898,141.3768,325.3,1,1,2014-04-05,0430,Aqua,MODIS,75,6.2,307.3,12.7,D,0
-36.1474,141.4353,315.7,1,1,2014-04-05,0430,Aqua,MODIS,48,6.2,304.2,5.3,D,0
-37.8451,142.7046,331.6,1,1,2014-04-05,0430,Aqua,MODIS,86,6.2,297.2,27.7,D,0
-37.8467,142.6932,320.1,1,1,2014-04-05,0430,Aqua,MODIS,73,6.2,293.6,14.6,D,0
-37.5914,143.8636,317.2,1,1,2014-04-05,0430,Aqua,MODIS,73,6.2,296.2,11.6,D,0
-36.6984,141.6994,396,1,1,2014-04-05,0430,Aqua,MODIS,100,6.2,310.6,226.9,D,0
-36.6999,141.688,346.9,1,1,2014-04-05,0430,Aqua,MODIS,93,6.2,307.8,48.2,D,0
-36.4573,142.2498,331.7,1,1,2014-04-05,0430,Aqua,MODIS,82,6.2,308.8,20.1,D,0
-36.4588,142.2386,326.4,1,1,2014-04-05,0430,Aqua,MODIS,75,6.2,307.8,13.5,D,0
-36.4498,142.2366,320.4,1,1,2014-04-05,0430,Aqua,MODIS,25,6.2,305.8,7.1,D,0
-36.4514,142.2254,324.4,1,1,2014-04-05,0430,Aqua,MODIS,69,6.2,307.7,11.1,D,0
-37.7947,143.0569,310,1,1,2014-04-05,0430,Aqua,MODIS,53,6.2,293.2,6.5,D,0
-37.8791,143.1058,318.1,1,1,2014-04-05,0430,Aqua,MODIS,72,6.2,298.6,10.2,D,0
-36.2272,141.4584,328.5,1,1,2014-04-05,0430,Aqua,MODIS,79,6.2,305,18.6,D,0
-35.9267,141.9027,321.8,1,1,2014-04-05,0430,Aqua,MODIS,67,6.2,307.9,9.6,D,0
-36.207,141.6749,321.5,1,1,2014-04-05,0430,Aqua,MODIS,68,6.2,305.9,9.7,D,0
-36.2236,141.69,328.3,1,1,2014-04-05,0430,Aqua,MODIS,78,6.2,306.7,16.7,D,0
-36.2221,141.7013,327,1,1,2014-04-05,0430,Aqua,MODIS,77,6.2,305.6,15.1,D,0
-36.2299,141.6971,368.7,1,1,2014-04-05,0430,Aqua,MODIS,100,6.2,309.5,103.9,D,0
-36.7448,143.7995,361.6,1,1,2014-04-05,0430,Aqua,MODIS,100,6.2,308.5,84.5,D,0
-36.491,142.1418,325.3,1,1,2014-04-05,0430,Aqua,MODIS,76,6.2,309,12.4,D,0
-36.4895,142.153,318.1,1,1,2014-04-05,0430,Aqua,MODIS,51,6.2,306.5,5.3,D,0
-36.1909,141.3107,343.1,1,1,2014-04-05,0430,Aqua,MODIS,91,6.2,305.6,41,D,0
-36.3427,141.3477,323.2,1,1,2014-04-05,0430,Aqua,MODIS,51,6.2,305.2,11.1,D,0
-36.1734,144.0253,336.1,1,1,2014-04-05,0430,Aqua,MODIS,87,6.2,303.1,31.1,D,0
-35.947,144.7065,333.7,1.1,1,2014-04-05,0430,Aqua,MODIS,75,6.2,304.5,30.7,D,0
-35.949,144.6944,332.7,1.1,1,2014-04-05,0430,Aqua,MODIS,80,6.2,302.9,29.6,D,0
-36.7533,143.7963,360.3,1,1,2014-04-05,0430,Aqua,MODIS,100,6.2,310.1,80.6,D,0
-36.7515,143.8078,326.1,1,1,2014-04-05,0430,Aqua,MODIS,78,6.2,305,15.4,D,0
-36.3503,141.3611,323.3,1,1,2014-04-05,0430,Aqua,MODIS,62,6.2,305.5,12.1,D,0
-36.7466,143.788,339.9,1,1,2014-04-05,0430,Aqua,MODIS,89,6.2,309.1,35.4,D,0
-36.3758,141.9716,316.7,1,1,2014-04-05,0430,Aqua,MODIS,58,6.2,305.6,6,D,0
-36.3411,141.3592,327.3,1,1,2014-04-05,0430,Aqua,MODIS,76,6.2,305.5,16.1,D,0
-36.482,142.1398,321.7,1,1,2014-04-05,0430,Aqua,MODIS,63,6.2,307.5,8.3,D,0
-36.6077,144.7716,335.8,1.1,1,2014-04-05,0430,Aqua,MODIS,87,6.2,298.3,35,D,0
-34.015,135.4524,314.9,1.8,1.3,2014-04-05,0431,Aqua,MODIS,48,6.2,301.7,11.3,D,0
-34.1275,135.6128,318.4,1.8,1.3,2014-04-05,0431,Aqua,MODIS,65,6.2,301.9,18.5,D,0
-34.5168,138.7496,322.1,1.2,1.1,2014-04-05,0431,Aqua,MODIS,71,6.2,304.6,12.4,D,0
-32.9711,135.5143,343.1,1.7,1.3,2014-04-05,0431,Aqua,MODIS,91,6.2,307.8,84.4,D,0
-33.0296,134.4601,323.4,2,1.4,2014-04-05,0431,Aqua,MODIS,72,6.2,304.9,37.7,D,0
-34.2907,135.6003,318.6,1.8,1.3,2014-04-05,0431,Aqua,MODIS,36,6.2,302.4,17.3,D,0
-32.1225,133.7606,324.3,2.2,1.4,2014-04-05,0431,Aqua,MODIS,70,6.2,307.1,38.6,D,0
-34.1293,135.5934,328.3,1.8,1.3,2014-04-05,0431,Aqua,MODIS,80,6.2,303.2,42.9,D,0
-33.017,134.4583,351.6,2,1.4,2014-04-05,0431,Aqua,MODIS,96,6.2,305.4,158.9,D,0
-34.2969,135.6082,315.9,1.8,1.3,2014-04-05,0431,Aqua,MODIS,36,6.2,302.5,13.1,D,0
-34.2987,135.5888,338.2,1.8,1.3,2014-04-05,0431,Aqua,MODIS,83,6.2,303.5,75.5,D,0
-33.0314,134.4381,327.1,2,1.4,2014-04-05,0431,Aqua,MODIS,77,6.2,304.7,49.7,D,0
-32.9729,135.4957,319.4,1.7,1.3,2014-04-05,0431,Aqua,MODIS,52,6.2,306.3,13.8,D,0
-32.1205,133.784,347.4,2.2,1.4,2014-04-05,0431,Aqua,MODIS,93,6.2,309.3,146.6,D,0
-34.0519,135.5758,335.1,1.8,1.3,2014-04-05,0431,Aqua,MODIS,86,6.2,305.2,64.1,D,0
-33.6763,142.3337,318.3,1,1,2014-04-05,0431,Aqua,MODIS,57,6.2,305.4,7.1,D,0
-32.9594,135.5127,325.1,1.7,1.3,2014-04-05,0431,Aqua,MODIS,74,6.2,307.7,27.4,D,0
-33.0188,134.4313,343.3,2,1.4,2014-04-05,0431,Aqua,MODIS,91,6.2,305.3,114.6,D,0
-33.0168,134.4534,357.9,2,1.4,2014-04-05,0431,Aqua,MODIS,99,6.2,306.1,202.9,D,0
-33.0294,134.4552,337.3,2,1.4,2014-04-05,0431,Aqua,MODIS,87,6.2,305.4,86.8,D,0
-33.0188,134.4362,362,2,1.4,2014-04-05,0431,Aqua,MODIS,100,6.2,305.9,233.8,D,0
-34.2925,135.581,327.4,1.8,1.3,2014-04-05,0431,Aqua,MODIS,79,6.2,303.9,39.7,D,0
-32.8241,135.4063,317.5,1.7,1.3,2014-04-05,0431,Aqua,MODIS,48,6.2,306.1,15.7,D,0
-33.0314,134.4332,327.6,2,1.4,2014-04-05,0431,Aqua,MODIS,78,6.2,304,49.9,D,0
-34.3004,135.5693,321.2,1.8,1.3,2014-04-05,0431,Aqua,MODIS,72,6.2,303.9,25,D,0
-34.0537,135.5565,320.3,1.8,1.3,2014-04-05,0431,Aqua,MODIS,69,6.2,301.8,23.5,D,0
-28.2699,147.2465,322.6,2.1,1.4,2014-04-05,0432,Aqua,MODIS,58,6.2,294.7,30.8,D,0
-28.2691,147.2516,322.6,2.1,1.4,2014-04-05,0432,Aqua,MODIS,68,6.2,294,29,D,0
-27.6539,150.7877,320.3,3.7,1.8,2014-04-05,0432,Aqua,MODIS,65,6.2,294,75.9,D,0
-26.4476,149.7191,329.8,3.4,1.7,2014-04-05,0432,Aqua,MODIS,81,6.2,294.9,117.4,D,0
-26.4387,149.7119,332,3.4,1.7,2014-04-05,0432,Aqua,MODIS,83,6.2,292.5,140.2,D,0
-26.4549,149.6861,326.1,3.3,1.7,2014-04-05,0432,Aqua,MODIS,77,6.2,294.5,87.9,D,0
-26.4457,149.6793,321.3,3.3,1.7,2014-04-05,0432,Aqua,MODIS,70,6.2,292.2,63.4,D,0
-25.103,149.7339,313.4,3.6,1.8,2014-04-05,0433,Aqua,MODIS,50,6.2,295.5,43.2,D,0
-20.7347,139.479,330.7,1,1,2014-04-05,0434,Aqua,MODIS,55,6.2,316.5,10,D,2
-17.044,139.1094,321.6,1.1,1,2014-04-05,0435,Aqua,MODIS,0,6.2,305.3,10.6,D,0
-14.2529,133.6297,320.5,1.3,1.1,2014-04-05,0436,Aqua,MODIS,46,6.2,299.8,10.2,D,0
-14.2446,132.5545,325.2,1.5,1.2,2014-04-05,0436,Aqua,MODIS,42,6.2,294.5,19.4,D,0
-15.1491,128.1635,313.4,3.4,1.7,2014-04-05,0436,Aqua,MODIS,0,6.2,286.2,32.8,D,0
-13.9454,132.6652,322.7,1.5,1.2,2014-04-05,0436,Aqua,MODIS,29,6.2,304.4,11.7,D,0
-14.2429,132.5686,330.7,1.5,1.2,2014-04-05,0436,Aqua,MODIS,65,6.2,291.2,29.3,D,0
-13.9525,132.6747,325.8,1.5,1.2,2014-04-05,0436,Aqua,MODIS,62,6.2,305.4,17,D,0
-13.9681,132.5703,333.6,1.5,1.2,2014-04-05,0436,Aqua,MODIS,63,6.2,308,35.8,D,0
-14.0957,132.5514,333.1,1.5,1.2,2014-04-05,0436,Aqua,MODIS,83,6.2,303.3,39.9,D,0
-14.6777,131.5256,334.6,1.8,1.3,2014-04-05,0436,Aqua,MODIS,84,6.2,302.3,62.4,D,0
-13.9432,132.5755,327,1.5,1.2,2014-04-05,0436,Aqua,MODIS,48,6.2,305.3,19.6,D,0
-13.9541,132.5773,332.3,1.5,1.2,2014-04-05,0436,Aqua,MODIS,64,6.2,308.1,29.9,D,0
-13.9562,132.6666,334.6,1.5,1.2,2014-04-05,0436,Aqua,MODIS,84,6.2,306.4,37.9,D,0
-15.0103,131.3794,327.2,1.9,1.4,2014-04-05,0436,Aqua,MODIS,69,6.2,293.6,40.2,D,0
-14.1067,132.5528,325.7,1.5,1.2,2014-04-05,0436,Aqua,MODIS,74,6.2,299.6,22.7,D,0
-13.9802,132.4718,322.5,1.5,1.2,2014-04-05,0436,Aqua,MODIS,52,6.2,305.9,16.3,D,0
-14.1079,132.3642,331.1,1.6,1.2,2014-04-05,0436,Aqua,MODIS,81,6.2,303.3,33.8,D,0
-14.2759,132.5725,351.9,1.5,1.2,2014-04-05,0436,Aqua,MODIS,96,6.2,304.4,94.9,D,0
-14.1097,132.3497,330.7,1.6,1.2,2014-04-05,0436,Aqua,MODIS,81,6.2,303.9,33.2,D,0
-14.2776,132.5583,359,1.5,1.2,2014-04-05,0436,Aqua,MODIS,99,6.2,299.6,129.1,D,0
-14.2666,132.5571,347.4,1.5,1.2,2014-04-05,0436,Aqua,MODIS,93,6.2,298.8,80.5,D,0
-14.2684,132.5431,329.1,1.5,1.2,2014-04-05,0436,Aqua,MODIS,58,6.2,298,28.1,D,0
-14.2539,132.5699,336,1.5,1.2,2014-04-05,0436,Aqua,MODIS,85,6.2,298.4,42.3,D,0
-13.9542,132.6611,332.3,1.5,1.2,2014-04-05,0436,Aqua,MODIS,82,6.2,305.8,32.1,D,0
-14.2556,132.5558,324.6,1.5,1.2,2014-04-05,0436,Aqua,MODIS,55,6.2,295.3,18.7,D,0
-34.8654,117.4174,370.3,1,1,2014-04-05,0609,Aqua,MODIS,100,6.2,300.9,106.3,D,0
-34.19,116.6023,335.6,1,1,2014-04-05,0609,Aqua,MODIS,66,6.2,291.7,31.6,D,0
-34.8744,117.4193,454.9,1,1,2014-04-05,0609,Aqua,MODIS,100,6.2,318.9,763.5,D,0
-34.1915,116.5914,333.2,1,1,2014-04-05,0609,Aqua,MODIS,33,6.2,297.1,29.1,D,0
-34.867,117.4064,404.2,1,1,2014-04-05,0609,Aqua,MODIS,100,6.2,304.8,268.9,D,0
-34.1035,116.5006,327.9,1,1,2014-04-05,0609,Aqua,MODIS,81,6.2,285.1,22.8,D,0
-34.8729,117.4302,378.9,1,1,2014-04-05,0609,Aqua,MODIS,100,6.2,302.6,139.7,D,0
-34.876,117.4083,432.5,1,1,2014-04-05,0609,Aqua,MODIS,100,6.2,314.2,497.8,D,0
-34.8835,117.4212,366.2,1,1,2014-04-05,0609,Aqua,MODIS,100,6.2,301.8,91.6,D,0
-34.6265,118.6468,328.5,1,1,2014-04-05,0609,Aqua,MODIS,83,6.2,303.5,19.9,D,0
-34.8803,117.4431,409.2,1,1,2014-04-05,0609,Aqua,MODIS,100,6.2,314.1,304.6,D,0
-34.8909,117.4341,351.6,1,1,2014-04-05,0609,Aqua,MODIS,96,6.2,299.2,57.2,D,0
-34.8893,117.4451,376.8,1,1,2014-04-05,0609,Aqua,MODIS,100,6.2,305.3,132.8,D,0
-34.8819,117.4322,430.5,1,1,2014-04-05,0609,Aqua,MODIS,100,6.2,316.8,480.7,D,0
-34.885,117.4103,336.4,1,1,2014-04-05,0609,Aqua,MODIS,85,6.2,295.7,25.2,D,0
-32.4413,117.3158,337.9,1,1,2014-04-05,0610,Aqua,MODIS,89,6.2,307.8,28,D,0
-32.4397,117.3265,333.9,1,1,2014-04-05,0610,Aqua,MODIS,86,6.2,306.6,22.4,D,0
-30.7723,116.0754,328.5,1,1,2014-04-05,0610,Aqua,MODIS,73,6.2,311.8,11,D,0
-30.1738,115.5656,335.4,1,1,2014-04-05,0611,Aqua,MODIS,84,6.2,310.7,21.1,D,0
-28.7697,115.5507,329,1,1,2014-04-05,0611,Aqua,MODIS,67,6.2,312.8,8.4,D,0
-28.6587,115.2973,329.1,1,1,2014-04-05,0611,Aqua,MODIS,71,6.2,310.9,10.7,D,0
-29.0499,115.193,325.4,1,1,2014-04-05,0611,Aqua,MODIS,63,6.2,310.1,8.4,D,0
-29.0408,115.1913,332,1,1,2014-04-05,0611,Aqua,MODIS,77,6.2,310.8,15.8,D,0
-29.0394,115.2017,330.9,1,1,2014-04-05,0611,Aqua,MODIS,75,6.2,310,14.2,D,0
-29.7672,116.1663,327.1,1,1,2014-04-05,0611,Aqua,MODIS,65,6.2,308.3,13,D,0
-29.1087,115.1677,328.7,1,1,2014-04-05,0611,Aqua,MODIS,72,6.2,310.7,12,D,0
-29.0484,115.2033,327.5,1,1,2014-04-05,0611,Aqua,MODIS,69,6.2,309.5,10.7,D,0
-29.1239,114.9893,341,1,1,2014-04-05,0611,Aqua,MODIS,87,6.2,309.2,32.3,D,0
-21.7153,122.8308,349.1,3,1.7,2014-04-05,0612,Aqua,MODIS,93,6.2,306.7,224.5,D,0
-21.7094,122.8599,339.4,3,1.7,2014-04-05,0612,Aqua,MODIS,87,6.2,303.4,138.9,D,0
-21.71,122.8524,343.4,3,1.7,2014-04-05,0613,Aqua,MODIS,90,6.2,304.3,169.4,D,0
-20.6297,120.6013,332.5,2.2,1.4,2014-04-05,0613,Aqua,MODIS,29,6.2,308,37.8,D,0
-21.7156,122.8233,333.5,3,1.7,2014-04-05,0613,Aqua,MODIS,74,6.2,306.7,85.9,D,0
-20.3025,123.5008,333.7,3.6,1.8,2014-04-05,0613,Aqua,MODIS,66,6.2,302.1,115.5,D,0
-20.4022,123.4579,353.8,3.6,1.8,2014-04-05,0613,Aqua,MODIS,96,6.2,301,353.4,D,0
-20.3864,123.4542,329.4,3.6,1.8,2014-04-05,0613,Aqua,MODIS,44,6.2,302,68.2,D,0
-20.3955,123.4513,348.7,3.6,1.8,2014-04-05,0613,Aqua,MODIS,93,6.2,301.7,268.4,D,0
-18.9763,122.0488,327.4,3,1.7,2014-04-05,0613,Aqua,MODIS,58,6.2,297.6,64.4,D,0
-18.9616,122.0456,329.8,3,1.7,2014-04-05,0613,Aqua,MODIS,67,6.2,299.8,77.8,D,0
-18.9639,122.041,336.2,3,1.7,2014-04-05,0613,Aqua,MODIS,84,6.2,299.8,119.7,D,0
-18.8569,121.9516,331.6,3,1.7,2014-04-05,0613,Aqua,MODIS,80,6.2,298.3,98.8,D,0
-18.8624,121.9235,324.9,3,1.6,2014-04-05,0613,Aqua,MODIS,71,6.2,298.3,57.9,D,0
-19.4963,121.9903,349.6,2.9,1.6,2014-04-05,0613,Aqua,MODIS,94,6.2,302.7,235.5,D,0
-19.5016,121.9626,324.8,2.9,1.6,2014-04-05,0613,Aqua,MODIS,31,6.2,302.2,47.5,D,0
-19.4817,121.9871,334.9,2.9,1.6,2014-04-05,0613,Aqua,MODIS,64,6.2,305.8,102.1,D,0
-20.6184,116.7759,324.4,1.2,1.1,2014-04-05,0613,Aqua,MODIS,60,6.2,307.5,10.4,D,2
-20.6202,116.7643,335.7,1.2,1.1,2014-04-05,0613,Aqua,MODIS,0,6.2,309.6,29.8,D,0
-19.6227,123.9485,338.5,4.1,1.9,2014-04-05,0613,Aqua,MODIS,84,6.2,299.1,211.7,D,0
-19.6102,123.9779,325.7,4.1,1.9,2014-04-05,0613,Aqua,MODIS,30,6.2,297.4,85.3,D,0
-19.618,123.9397,328,4.1,1.9,2014-04-05,0613,Aqua,MODIS,44,6.2,299.3,97.5,D,0
-19.239,122.1267,329.4,3,1.7,2014-04-05,0613,Aqua,MODIS,71,6.2,301.3,66.2,D,0
-19.2481,122.1588,330.1,3.1,1.7,2014-04-05,0613,Aqua,MODIS,76,6.2,297.2,77.4,D,0
-19.2334,122.1554,339.6,3.1,1.7,2014-04-05,0613,Aqua,MODIS,87,6.2,299.7,146.8,D,0
-18.9501,122.1031,353,3.1,1.7,2014-04-05,0613,Aqua,MODIS,96,6.2,298.1,291.8,D,0
-18.9528,122.0986,347.2,3.1,1.7,2014-04-05,0613,Aqua,MODIS,93,6.2,297.7,222.5,D,0
-18.938,122.0953,347.3,3.1,1.7,2014-04-05,0613,Aqua,MODIS,93,6.2,299.5,222.4,D,0
-19.2488,122.1511,335,3.1,1.7,2014-04-05,0613,Aqua,MODIS,83,6.2,298.1,109.6,D,0
-19.2341,122.1477,340.5,3.1,1.7,2014-04-05,0613,Aqua,MODIS,88,6.2,300.4,152.5,D,0
-25.5457,152.4617,310.1,1.4,1.2,2014-04-05,1219,Terra,MODIS,79,6.2,291.5,15.7,N,0
-25.5396,152.4686,312,1.4,1.2,2014-04-05,1219,Terra,MODIS,84,6.2,291.7,17.5,N,0
-25.5441,152.4756,302,1.4,1.2,2014-04-05,1219,Terra,MODIS,46,6.2,291.6,7.3,N,0
-26.4366,149.7178,306.7,2.2,1.4,2014-04-05,1219,Terra,MODIS,69,6.2,289.7,24.3,N,0
-26.3673,148.3507,305.6,2.8,1.6,2014-04-05,1219,Terra,MODIS,65,6.2,288.9,28,N,0
-26.3697,148.3227,313.8,2.8,1.6,2014-04-05,1219,Terra,MODIS,88,6.2,289.2,53.6,N,0
-26.4494,149.702,302.1,2.2,1.4,2014-04-05,1219,Terra,MODIS,46,6.2,289.7,14.1,N,0
-26.4388,149.6954,314.6,2.2,1.4,2014-04-05,1219,Terra,MODIS,90,6.2,289.9,42.9,N,0
-26.1474,151.7472,301.8,1.6,1.2,2014-04-05,1219,Terra,MODIS,45,6.2,290.3,9.7,N,0
-20.3029,123.5345,326.3,2.3,1.5,2014-04-05,1359,Terra,MODIS,100,6.2,295,74.7,N,0
-20.4161,123.5769,325.5,2.3,1.5,2014-04-05,1359,Terra,MODIS,100,6.2,295,69.6,N,0
-20.4139,123.5991,373.1,2.3,1.5,2014-04-05,1359,Terra,MODIS,100,6.2,297.7,420.9,N,0
-20.3873,123.5962,342.2,2.3,1.5,2014-04-05,1359,Terra,MODIS,100,6.2,295.6,149.7,N,0
-20.3895,123.574,360.3,2.3,1.5,2014-04-05,1359,Terra,MODIS,100,6.2,296.4,287.5,N,0
-20.329,123.5772,316,2.3,1.5,2014-04-05,1359,Terra,MODIS,92,6.2,294.6,38.2,N,0
-20.4024,123.6137,326.7,2.3,1.5,2014-04-05,1359,Terra,MODIS,100,6.2,295.6,74,N,0
-20.4181,123.593,331.4,2.3,1.5,2014-04-05,1359,Terra,MODIS,100,6.2,295.2,93.2,N,0
-20.4157,123.6151,311,2.3,1.5,2014-04-05,1359,Terra,MODIS,81,6.2,295.3,24,N,0
-20.3266,123.5992,338.7,2.3,1.5,2014-04-05,1359,Terra,MODIS,100,6.2,295.3,130.5,N,0
-20.3251,123.5821,320.2,2.3,1.5,2014-04-05,1359,Terra,MODIS,100,6.2,294.6,51,N,0
-19.3845,128.2634,310.3,1.1,1.1,2014-04-05,1359,Terra,MODIS,80,6.2,295.3,8.7,N,0
-20.3228,123.6041,313.7,2.3,1.5,2014-04-05,1359,Terra,MODIS,88,6.2,294.6,31.6,N,0
-20.3383,123.5838,330.7,2.3,1.5,2014-04-05,1359,Terra,MODIS,100,6.2,295.1,91.4,N,0
-20.3361,123.6057,363.8,2.3,1.5,2014-04-05,1359,Terra,MODIS,100,6.2,296.5,318.2,N,0
-20.4048,123.5916,398.2,2.3,1.5,2014-04-05,1359,Terra,MODIS,100,6.2,300.4,813.9,N,0
-20.4072,123.5694,312.1,2.3,1.5,2014-04-05,1359,Terra,MODIS,73,6.2,295.2,27.2,N,0
-20.3915,123.5902,368.8,2.3,1.5,2014-04-05,1359,Terra,MODIS,100,6.2,297.3,372.6,N,0
-20.4028,123.5755,356.4,2.3,1.5,2014-04-05,1359,Terra,MODIS,100,6.2,296.6,252.8,N,0
-20.3939,123.5679,337.4,2.3,1.5,2014-04-05,1359,Terra,MODIS,100,6.2,295.5,124.6,N,0
-20.3782,123.5885,319.1,2.3,1.5,2014-04-05,1359,Terra,MODIS,98,6.2,295,46.7,N,0
-20.3805,123.5664,334.8,2.3,1.5,2014-04-05,1359,Terra,MODIS,100,6.2,295.2,110.6,N,0
-20.6072,124.231,313.3,2.1,1.4,2014-04-05,1359,Terra,MODIS,82,6.2,293.6,34,N,0
-20.6093,124.2163,307.5,2.1,1.4,2014-04-05,1359,Terra,MODIS,69,6.2,291.8,19.2,N,0
-20.6073,124.2365,310,2.1,1.4,2014-04-05,1359,Terra,MODIS,79,6.2,293.8,25,N,0
-20.3516,123.5854,306.3,2.3,1.5,2014-04-05,1359,Terra,MODIS,68,6.2,294.8,14.3,N,0
-20.3493,123.6073,337,2.3,1.5,2014-04-05,1359,Terra,MODIS,100,6.2,295.6,121.8,N,0
-20.4006,123.5977,390.7,2.3,1.5,2014-04-05,1359,Terra,MODIS,100,6.2,298.8,676.5,N,0
-20.3048,123.5519,305.3,2.3,1.5,2014-04-05,1359,Terra,MODIS,64,6.2,294.6,12.7,N,0
-20.3072,123.5296,317.2,2.3,1.5,2014-04-05,1359,Terra,MODIS,95,6.2,295,43.7,N,0
-20.2939,123.528,311.1,2.3,1.5,2014-04-05,1359,Terra,MODIS,82,6.2,294.6,26.3,N,0
-21.7332,122.9062,306.4,2.7,1.6,2014-04-05,1359,Terra,MODIS,26,6.2,283.6,32.3,N,0
-21.7302,122.8992,307.3,2.7,1.6,2014-04-05,1359,Terra,MODIS,63,6.2,280,36.5,N,0
-19.6477,123.8699,311.3,2.2,1.4,2014-04-05,1400,Terra,MODIS,81,6.2,293.9,23,N,0
-19.6358,123.8622,305.7,2.2,1.4,2014-04-05,1400,Terra,MODIS,52,6.2,293.9,11.4,N,0
-19.6487,123.8638,308.2,2.2,1.4,2014-04-05,1400,Terra,MODIS,73,6.2,293.9,16.4,N,0
-16.7246,124.634,317.2,1.7,1.3,2014-04-05,1400,Terra,MODIS,95,6.2,292.8,26.1,N,0
-16.7326,124.6409,307.4,1.7,1.3,2014-04-05,1400,Terra,MODIS,51,6.2,292.8,9.1,N,0
-19.4662,123.0468,309,2.5,1.5,2014-04-05,1400,Terra,MODIS,23,6.2,293.8,20.3,N,0
-19.4844,123.0781,307.9,2.5,1.5,2014-04-05,1400,Terra,MODIS,43,6.2,294.2,18.5,N,0
-16.7131,124.6325,306.8,1.7,1.3,2014-04-05,1400,Terra,MODIS,34,6.2,292.5,8.9,N,0
-19.4637,123.0702,314,2.5,1.5,2014-04-05,1400,Terra,MODIS,87,6.2,294,34.5,N,0
-19.4731,123.053,310.9,2.5,1.5,2014-04-05,1400,Terra,MODIS,44,6.2,293.9,25,N,0
-19.4707,123.0764,310,2.5,1.5,2014-04-05,1400,Terra,MODIS,49,6.2,294.2,23.1,N,0
-15.7427,124.4564,311.7,1.7,1.3,2014-04-05,1401,Terra,MODIS,61,6.2,291.6,20.6,N,0
-14.2797,132.5448,314.8,1.3,1.1,2014-04-05,1401,Terra,MODIS,74,6.2,295.8,13.3,N,0
-26.435,149.705,301.8,1.1,1.1,2014-04-05,1530,Aqua,MODIS,33,6.2,286,6.2,N,0
-26.4445,149.7035,303.7,1.1,1.1,2014-04-05,1530,Aqua,MODIS,32,6.2,289.3,7.4,N,0
-36.6356,143.6639,300.2,1,1,2014-04-05,1533,Aqua,MODIS,21,6.2,285.8,6.3,N,0
-36.6338,143.6527,303.2,1,1,2014-04-05,1533,Aqua,MODIS,54,6.2,285.9,7.9,N,0
-34.0936,116.5068,302.4,2,1.4,2014-04-05,1534,Terra,MODIS,49,6.2,286.1,17.5,N,0
-34.1794,116.6055,320.1,2,1.4,2014-04-05,1534,Terra,MODIS,50,6.2,287.9,48.8,N,0
-34.0979,116.4858,319,2,1.4,2014-04-05,1534,Terra,MODIS,98,6.2,286.9,49.8,N,0
-34.1673,116.6017,309.9,2,1.4,2014-04-05,1534,Terra,MODIS,29,6.2,286.6,27.9,N,0
-34.2217,116.6028,309.8,2,1.4,2014-04-05,1534,Terra,MODIS,27,6.2,285.7,27,N,0
-14.6889,131.543,305.9,2.1,1.4,2014-04-05,1705,Aqua,MODIS,66,6.2,290,16,N,0
-17.133,126.9251,305.9,1.1,1.1,2014-04-05,1706,Aqua,MODIS,66,6.2,292.5,6.9,N,0
-16.7394,124.6682,309.9,1,1,2014-04-05,1706,Aqua,MODIS,78,6.2,293.4,6.4,N,0
-18.9639,122.0729,310.7,1.1,1.1,2014-04-05,1707,Aqua,MODIS,80,6.2,293.4,9.8,N,0
-18.9657,122.0836,308.1,1.1,1.1,2014-04-05,1707,Aqua,MODIS,72,6.2,294.3,7.7,N,0
-21.4059,128.8041,305.7,1.6,1.2,2014-04-05,1707,Aqua,MODIS,65,6.2,292.2,11.2,N,0
-21.4077,128.8197,304.3,1.6,1.3,2014-04-05,1707,Aqua,MODIS,59,6.2,292.2,9.8,N,0
-20.4363,118.7342,314.2,1.7,1.3,2014-04-05,1707,Aqua,MODIS,74,6.2,293.9,24.2,N,0
-20.4393,118.7504,319.1,1.7,1.3,2014-04-05,1707,Aqua,MODIS,98,6.2,291.3,34,N,0
-20.4422,118.7665,303.1,1.7,1.3,2014-04-05,1707,Aqua,MODIS,21,6.2,289.8,8.6,N,0
-19.64,123.8728,309.6,1,1,2014-04-05,1707,Aqua,MODIS,78,6.2,295.8,7,N,0
-19.6414,123.8823,315.7,1,1,2014-04-05,1707,Aqua,MODIS,92,6.2,296.1,11.7,N,0
-19.649,123.8713,310.5,1,1,2014-04-05,1707,Aqua,MODIS,80,6.2,295.6,7.3,N,0
-19.6504,123.8808,329.3,1,1,2014-04-05,1707,Aqua,MODIS,100,6.2,296.2,25.6,N,0
-20.4058,123.6328,306.1,1,1,2014-04-05,1707,Aqua,MODIS,55,6.2,295.8,4.4,N,0
-20.2884,123.5304,318,1,1,2014-04-05,1707,Aqua,MODIS,96,6.2,295.2,14,N,0
-20.5974,124.2499,319.6,1,1,2014-04-05,1707,Aqua,MODIS,99,6.2,296.2,14.7,N,0
-20.3811,123.5936,315.8,1,1,2014-04-05,1707,Aqua,MODIS,91,6.2,296.1,12.4,N,0
-20.3796,123.584,307.4,1,1,2014-04-05,1707,Aqua,MODIS,69,6.2,295.6,6.1,N,0
-21.7195,122.76,311.3,1,1,2014-04-05,1708,Aqua,MODIS,59,6.2,296.5,8,N,0
-21.721,122.7698,316.7,1,1,2014-04-05,1708,Aqua,MODIS,94,6.2,296.9,12.4,N,0
-21.7301,122.7682,319.4,1,1,2014-04-05,1708,Aqua,MODIS,98,6.2,296.1,14.8,N,0
-21.7119,122.7714,310.8,1,1,2014-04-05,1708,Aqua,MODIS,59,6.2,296.4,7.6,N,0
-30.866,121.497,300.9,1,1,2014-04-05,1710,Aqua,MODIS,35,6.2,285.1,6.7,N,2
-34.1715,116.6042,327.2,1.3,1.1,2014-04-05,1711,Aqua,MODIS,99,6.2,288.5,37.9,N,0
-34.0926,116.4992,321.6,1.3,1.1,2014-04-05,1711,Aqua,MODIS,100,6.2,288.4,30.6,N,0
-34.0877,116.4937,304.1,1.3,1.1,2014-04-05,1711,Aqua,MODIS,58,6.2,286,11,N,0
-34.0902,116.5078,304,1.3,1.1,2014-04-05,1711,Aqua,MODIS,58,6.2,286.8,10.9,N,0
-34.0978,116.4911,315.4,1.3,1.1,2014-04-05,1711,Aqua,MODIS,91,6.2,286.9,22.4,N,0
-34.1004,116.5052,312.2,1.3,1.1,2014-04-05,1711,Aqua,MODIS,71,6.2,287.3,18.4,N,0
-34.2144,116.6167,317.5,1.3,1.1,2014-04-05,1711,Aqua,MODIS,53,6.2,287.5,22.9,N,0
-20.6792,139.4922,331.1,1.1,1,2014-04-06,0053,Terra,MODIS,75,6.2,309.9,16,D,0
-26.4445,149.7316,325.7,3.6,1.8,2014-04-06,0054,Terra,MODIS,75,6.2,294.9,98.7,D,0
-26.4363,149.7265,323,3.6,1.8,2014-04-06,0054,Terra,MODIS,73,6.2,294.7,84.4,D,0
-26.4415,149.6955,324.3,3.6,1.8,2014-04-06,0054,Terra,MODIS,68,6.2,295.2,84,D,0
-30.4479,136.8614,311,1.1,1,2014-04-06,0056,Terra,MODIS,49,6.2,293.4,5.8,D,0
-36.1917,142.3056,319.1,1.5,1.2,2014-04-06,0057,Terra,MODIS,68,6.2,305.4,14.8,D,0
-37.0442,143.7786,309.4,1.9,1.3,2014-04-06,0057,Terra,MODIS,46,6.2,297,10.9,D,0
-36.2027,142.3039,320.7,1.5,1.2,2014-04-06,0057,Terra,MODIS,71,6.2,303,17.7,D,0
-18.1867,125.5566,320.5,3.1,1.7,2014-04-06,0231,Terra,MODIS,38,6.2,295.5,44,D,0
-19.4574,123.0394,337.2,2.1,1.4,2014-04-06,0231,Terra,MODIS,85,6.2,299.8,74.8,D,0
-19.4552,123.0195,326.2,2.1,1.4,2014-04-06,0231,Terra,MODIS,72,6.2,298.1,31.6,D,0
-21.7225,122.9983,362,2.2,1.5,2014-04-06,0232,Terra,MODIS,0,6.2,269.4,282.4,D,0
-20.6005,124.2273,363.9,2.7,1.6,2014-04-06,0232,Terra,MODIS,100,6.2,299.5,357.8,D,0
-20.4012,123.6242,323.7,2.4,1.5,2014-04-06,0232,Terra,MODIS,33,6.2,290.9,38.3,D,0
-20.2918,123.5345,357.4,2.3,1.5,2014-04-06,0232,Terra,MODIS,98,6.2,292.1,242.5,D,0
-20.5968,124.2344,384.7,2.7,1.6,2014-04-06,0232,Terra,MODIS,100,6.2,299.5,677.5,D,0
-20.5994,124.2598,359.7,2.7,1.6,2014-04-06,0232,Terra,MODIS,99,6.2,295.2,308.6,D,0
-20.603,124.2527,369.1,2.7,1.6,2014-04-06,0232,Terra,MODIS,100,6.2,294.3,427.2,D,0
-32.5177,117.1403,319.4,1.3,1.1,2014-04-06,0235,Terra,MODIS,71,6.2,300.1,12.2,D,0
-32.1004,115.8055,309.4,1.1,1.1,2014-04-06,0235,Terra,MODIS,29,6.2,293.8,4,D,0
-32.6945,119.5673,319.3,1.8,1.3,2014-04-06,0235,Terra,MODIS,70,6.2,301.9,15.3,D,0
-31.8396,116.7244,326.9,1.2,1.1,2014-04-06,0235,Terra,MODIS,80,6.2,297.6,24.3,D,0
-32.9833,116.8683,316,1.3,1.1,2014-04-06,0235,Terra,MODIS,63,6.2,298.8,8.2,D,0
-31.838,116.7114,331.4,1.2,1.1,2014-04-06,0235,Terra,MODIS,84,6.2,298,30.8,D,0
-34.095,116.4967,311.5,1.2,1.1,2014-04-06,0236,Terra,MODIS,42,6.2,290.3,10.7,D,0
-34.1779,116.6022,320.3,1.3,1.1,2014-04-06,0236,Terra,MODIS,41,6.2,292.6,18.3,D,0
-41.6019,146.1271,313.5,3.4,1.7,2014-04-06,0333,Aqua,MODIS,40,6.2,283.8,71.7,D,0
-41.6108,146.1347,317,3.4,1.7,2014-04-06,0333,Aqua,MODIS,66,6.2,285.7,95.8,D,0
-37.7592,143.8412,305.5,4.4,1.9,2014-04-06,0334,Aqua,MODIS,40,6.2,291.3,38.7,D,0
-36.8334,143.464,315.1,4.6,2,2014-04-06,0335,Aqua,MODIS,67,6.2,300.1,57.7,D,0
-35.7063,147.1346,311.7,2.6,1.6,2014-04-06,0335,Aqua,MODIS,57,6.2,295.3,26.1,D,0
-35.7031,147.1294,314.6,2.6,1.6,2014-04-06,0335,Aqua,MODIS,70,6.2,295.4,34.8,D,0
-36.5851,145.4255,327.4,3.4,1.7,2014-04-06,0335,Aqua,MODIS,84,6.2,297.2,109.2,D,0
-36.0964,146.1671,339.8,3,1.7,2014-04-06,0335,Aqua,MODIS,91,6.2,296.1,189.7,D,0
-36.3442,145.702,358.2,3.3,1.7,2014-04-06,0335,Aqua,MODIS,99,6.2,299.6,426.1,D,0
-36.0943,146.2014,311.5,3,1.7,2014-04-06,0335,Aqua,MODIS,40,6.2,294.8,26.1,D,0
-36.1087,146.1724,347.2,3,1.7,2014-04-06,0335,Aqua,MODIS,95,6.2,296.9,255.9,D,0
-36.3631,145.924,321.2,3.2,1.7,2014-04-06,0335,Aqua,MODIS,79,6.2,297.9,67.1,D,0
-36.5872,145.3862,325.3,3.4,1.7,2014-04-06,0335,Aqua,MODIS,83,6.2,297.5,97.1,D,0
-36.361,145.9604,313.9,3.2,1.7,2014-04-06,0335,Aqua,MODIS,72,6.2,297.5,34.1,D,0
-36.3343,145.6967,329.5,3.3,1.7,2014-04-06,0335,Aqua,MODIS,85,6.2,297.7,124.4,D,0
-36.3499,145.699,346,3.3,1.7,2014-04-06,0335,Aqua,MODIS,94,6.2,295.6,269.4,D,0
-31.348,149.3001,309.3,1.7,1.3,2014-04-06,0336,Aqua,MODIS,52,6.2,297.5,11,D,0
-25.4896,152.8761,315.3,1,1,2014-04-06,0337,Aqua,MODIS,44,6.2,300.2,6,D,0
-25.2629,152.5937,318.9,1,1,2014-04-06,0337,Aqua,MODIS,61,6.2,301.8,6.1,D,0
-23.1599,150.6947,315.5,1.1,1.1,2014-04-06,0338,Aqua,MODIS,58,6.2,298.8,9.2,D,0
-23.4684,147.2434,324.4,1.8,1.3,2014-04-06,0338,Aqua,MODIS,68,6.2,299.8,32.5,D,0
-17.1593,145.2218,316,2.1,1.4,2014-04-06,0340,Aqua,MODIS,53,6.2,294.9,23.4,D,0
-43.0904,146.7423,345.2,3.6,1.8,2014-04-06,0511,Aqua,MODIS,93,6.2,287.8,336.6,D,0
-43.0967,146.7475,357,3.6,1.8,2014-04-06,0511,Aqua,MODIS,98,6.2,289.1,501.4,D,0
-41.6157,146.1447,320.2,3.7,1.8,2014-04-06,0511,Aqua,MODIS,0,6.2,281,129.6,D,0
-37.7822,143.4153,318.5,3.3,1.7,2014-04-06,0512,Aqua,MODIS,77,6.2,291.6,71.6,D,0
-37.787,143.4097,353.3,3.3,1.7,2014-04-06,0512,Aqua,MODIS,97,6.2,294.3,373.2,D,0
-37.382,143.6391,330.9,3.5,1.8,2014-04-06,0512,Aqua,MODIS,86,6.2,295.1,166.7,D,0
-36.8822,143.5408,314.2,3.6,1.8,2014-04-06,0512,Aqua,MODIS,68,6.2,299.6,37.9,D,0
-38.0257,143.5285,312.1,3.3,1.7,2014-04-06,0512,Aqua,MODIS,58,6.2,291.7,42,D,0
-36.9012,143.5016,325.3,3.6,1.8,2014-04-06,0512,Aqua,MODIS,81,6.2,300.7,101.7,D,0
-37.9759,143.6355,335.1,3.4,1.7,2014-04-06,0512,Aqua,MODIS,89,6.2,291.9,177.3,D,0
-37.0055,143.8658,311.3,3.7,1.8,2014-04-06,0512,Aqua,MODIS,50,6.2,296,35.5,D,0
-37.9831,143.6339,319.7,3.4,1.7,2014-04-06,0512,Aqua,MODIS,61,6.2,292.2,73.3,D,0
-36.8917,143.5403,350.7,3.6,1.8,2014-04-06,0512,Aqua,MODIS,96,6.2,299.6,361,D,0
-37.968,143.6276,324.3,3.4,1.7,2014-04-06,0512,Aqua,MODIS,82,6.2,292.2,104.4,D,0
-36.9075,143.5081,333,3.6,1.8,2014-04-06,0512,Aqua,MODIS,87,6.2,300.8,158.2,D,0
-37.0165,143.866,312.6,3.7,1.8,2014-04-06,0512,Aqua,MODIS,62,6.2,295.1,42.7,D,0
-36.8978,143.5467,346.4,3.6,1.8,2014-04-06,0512,Aqua,MODIS,94,6.2,298.9,301.5,D,0
-37.7972,143.4216,355.5,3.3,1.7,2014-04-06,0512,Aqua,MODIS,98,6.2,294.4,404.7,D,0
-38.0248,143.5736,311.7,3.3,1.7,2014-04-06,0512,Aqua,MODIS,49,6.2,292.9,38.6,D,0
-36.7477,144.5515,311.9,4.1,1.9,2014-04-06,0512,Aqua,MODIS,48,6.2,293,56.2,D,0
-36.7502,144.5612,311.5,4.1,1.9,2014-04-06,0512,Aqua,MODIS,55,6.2,291.1,53.3,D,0
-37.9767,144.2387,308,3.7,1.8,2014-04-06,0512,Aqua,MODIS,53,6.2,288.6,34.7,D,0
-38.122,144.004,312,3.5,1.8,2014-04-06,0512,Aqua,MODIS,52,6.2,286.5,51.9,D,0
-38.1406,143.9642,325,3.5,1.8,2014-04-06,0512,Aqua,MODIS,60,6.2,290.3,116.4,D,0
-38.0341,143.5365,320.4,3.3,1.7,2014-04-06,0512,Aqua,MODIS,79,6.2,292.5,82.7,D,0
-36.309,142.3774,321.1,3.2,1.7,2014-04-06,0513,Aqua,MODIS,73,6.2,300.2,61.2,D,0
-36.2893,142.2584,316.6,3.1,1.7,2014-04-06,0513,Aqua,MODIS,66,6.2,303.2,33.2,D,0
-36.1431,141.6825,315.9,2.9,1.6,2014-04-06,0513,Aqua,MODIS,61,6.2,302.1,27.8,D,0
-36.8331,142.2796,324.1,3,1.7,2014-04-06,0513,Aqua,MODIS,79,6.2,302.7,69.3,D,0
-36.841,142.2467,328.4,3,1.6,2014-04-06,0513,Aqua,MODIS,83,6.2,302.9,92.6,D,0
-36.8359,142.2762,327.3,3,1.7,2014-04-06,0513,Aqua,MODIS,81,6.2,302.7,86.5,D,0
-36.1434,141.6905,317,2.9,1.6,2014-04-06,0513,Aqua,MODIS,64,6.2,301.9,34.2,D,0
-36.3819,141.1272,318.6,2.6,1.6,2014-04-06,0513,Aqua,MODIS,38,6.2,302.1,31.9,D,0
-36.9077,142.1647,321.4,3,1.6,2014-04-06,0513,Aqua,MODIS,76,6.2,301.9,54.3,D,0
-36.8436,142.2432,325.1,3,1.6,2014-04-06,0513,Aqua,MODIS,79,6.2,303,72,D,0
-36.1346,141.861,323.3,3,1.6,2014-04-06,0513,Aqua,MODIS,71,6.2,304.5,63.4,D,0
-36.0487,141.8217,318.5,3,1.6,2014-04-06,0513,Aqua,MODIS,41,6.2,300.2,36.2,D,0
-36.4264,141.8795,317.3,2.9,1.6,2014-04-06,0513,Aqua,MODIS,68,6.2,302.9,37.3,D,0
-36.3633,141.8864,318,2.9,1.6,2014-04-06,0513,Aqua,MODIS,68,6.2,301.5,40,D,0
-36.3605,142.2925,317.1,3.1,1.7,2014-04-06,0513,Aqua,MODIS,68,6.2,300.4,35.5,D,0
-36.3686,142.2587,322.2,3.1,1.7,2014-04-06,0513,Aqua,MODIS,75,6.2,303,60.5,D,0
-36.0342,141.8165,316.9,3,1.6,2014-04-06,0513,Aqua,MODIS,40,6.2,299.8,29.8,D,0
-36.7973,141.499,314.7,2.7,1.6,2014-04-06,0513,Aqua,MODIS,55,6.2,301.5,30,D,0
-36.6629,141.8149,350.6,2.9,1.6,2014-04-06,0513,Aqua,MODIS,83,6.2,304.4,259.7,D,0
-36.306,142.3841,323,3.2,1.7,2014-04-06,0513,Aqua,MODIS,76,6.2,300.4,67.4,D,0
-36.2722,141.4066,316,2.8,1.6,2014-04-06,0513,Aqua,MODIS,62,6.2,302.3,25.5,D,0
-36.1258,142.2224,327.7,3.1,1.7,2014-04-06,0513,Aqua,MODIS,80,6.2,304.6,88.5,D,0
-36.3628,142.2857,324.5,3.1,1.7,2014-04-06,0513,Aqua,MODIS,78,6.2,301.2,73.2,D,0
-36.1994,141.7152,317.5,2.9,1.6,2014-04-06,0513,Aqua,MODIS,66,6.2,301.9,34.6,D,0
-36.3707,142.2518,320.3,3.1,1.7,2014-04-06,0513,Aqua,MODIS,72,6.2,303.3,50.2,D,0
-36.3007,142.4119,314.2,3.2,1.7,2014-04-06,0513,Aqua,MODIS,60,6.2,300.7,28.6,D,0
-36.6702,141.7836,322.5,2.8,1.6,2014-04-06,0513,Aqua,MODIS,72,6.2,300.3,61.7,D,0
-36.6619,141.8072,351.4,2.9,1.6,2014-04-06,0513,Aqua,MODIS,96,6.2,304,267.4,D,0
-36.1933,141.743,317,2.9,1.6,2014-04-06,0513,Aqua,MODIS,64,6.2,302.7,33.6,D,0
-36.6744,142.0965,315.7,3,1.6,2014-04-06,0513,Aqua,MODIS,66,6.2,302.7,28.4,D,0
-36.8521,142.1397,327.1,3,1.6,2014-04-06,0513,Aqua,MODIS,81,6.2,302.5,85.7,D,0
-36.8501,142.1435,328.5,3,1.6,2014-04-06,0513,Aqua,MODIS,83,6.2,302.3,93,D,0
-36.9,142.1973,316.6,3,1.6,2014-04-06,0513,Aqua,MODIS,70,6.2,300.9,32.8,D,0
-36.1111,142.217,360.8,3.1,1.7,2014-04-06,0513,Aqua,MODIS,100,6.2,306.6,421.5,D,0
-36.1153,142.214,355.2,3.1,1.7,2014-04-06,0513,Aqua,MODIS,97,6.2,307.6,344.1,D,0
-36.1073,142.2481,321.8,3.1,1.7,2014-04-06,0513,Aqua,MODIS,73,6.2,302.9,56.2,D,0
-35.8126,142.0901,322.5,3.1,1.7,2014-04-06,0513,Aqua,MODIS,74,6.2,305.3,52.1,D,0
-35.8152,142.0829,320,3.1,1.7,2014-04-06,0513,Aqua,MODIS,71,6.2,305.5,41.6,D,0
-36.3614,141.8907,327.6,2.9,1.6,2014-04-06,0513,Aqua,MODIS,81,6.2,301.9,88.1,D,0
-36.4223,141.0795,318.7,2.6,1.6,2014-04-06,0513,Aqua,MODIS,38,6.2,300.8,35.5,D,0
-36.2006,141.7111,315.2,2.9,1.6,2014-04-06,0513,Aqua,MODIS,59,6.2,301.6,25.7,D,0
-36.307,141.3221,316.4,2.7,1.6,2014-04-06,0513,Aqua,MODIS,63,6.2,303.3,26.6,D,0
-36.3059,141.3171,318.7,2.7,1.6,2014-04-06,0513,Aqua,MODIS,68,6.2,303.2,35.7,D,0
-36.3488,141.337,317.5,2.7,1.6,2014-04-06,0513,Aqua,MODIS,66,6.2,303.8,30.9,D,0
-36.3139,141.2925,320.2,2.7,1.6,2014-04-06,0513,Aqua,MODIS,71,6.2,303.5,40.5,D,0
-36.3536,141.9232,345.7,3,1.6,2014-04-06,0513,Aqua,MODIS,93,6.2,303.1,224.2,D,0
-36.4783,142.1231,315.3,3,1.7,2014-04-06,0513,Aqua,MODIS,60,6.2,301.8,29.6,D,0
-36.3557,141.919,348.8,3,1.6,2014-04-06,0513,Aqua,MODIS,94,6.2,303.2,254.5,D,0
-36.3126,141.2875,317.7,2.7,1.6,2014-04-06,0513,Aqua,MODIS,66,6.2,303.3,30.7,D,0
-33.0329,134.5013,331.1,1.3,1.1,2014-04-06,0514,Aqua,MODIS,76,6.2,292.5,36,D,0
-30.8712,121.4825,316.2,2.7,1.6,2014-04-06,0515,Aqua,MODIS,38,6.2,298.7,17.4,D,2
-15.6173,129.9343,327.8,1.3,1.1,2014-04-06,0519,Aqua,MODIS,77,6.2,285.6,25.4,D,0
-15.6333,129.8996,323.1,1.3,1.1,2014-04-06,0519,Aqua,MODIS,55,6.2,289.7,16.6,D,0
-12.9443,131.6212,328.1,1.9,1.3,2014-04-06,0519,Aqua,MODIS,70,6.2,289.9,48.5,D,0
-16.4303,124.9711,343,1.1,1,2014-04-06,0519,Aqua,MODIS,92,6.2,304.1,38.8,D,0
-16.429,124.9812,324,1.1,1,2014-04-06,0519,Aqua,MODIS,77,6.2,301.7,9.3,D,0
-15.5871,129.9916,337.7,1.3,1.1,2014-04-06,0519,Aqua,MODIS,87,6.2,299.1,40.5,D,0
-15.4981,130.0325,330.8,1.3,1.1,2014-04-06,0519,Aqua,MODIS,79,6.2,299.5,25.9,D,0
-15.5083,130.0342,363,1.3,1.1,2014-04-06,0519,Aqua,MODIS,100,6.2,301.4,124,D,0
-15.5185,130.0363,353.2,1.3,1.1,2014-04-06,0519,Aqua,MODIS,96,6.2,302.4,84.3,D,0
-15.7972,129.7018,330.2,1.3,1.1,2014-04-06,0519,Aqua,MODIS,80,6.2,305.2,21,D,0
-15.7945,129.6537,331.9,1.3,1.1,2014-04-06,0519,Aqua,MODIS,78,6.2,305.7,24.6,D,0
-15.449,130.032,327.6,1.3,1.1,2014-04-06,0519,Aqua,MODIS,75,6.2,299.4,20.8,D,0
-15.4387,130.0302,330,1.3,1.1,2014-04-06,0519,Aqua,MODIS,81,6.2,297.5,25.1,D,0
-15.5513,130.0291,333.6,1.3,1.1,2014-04-06,0519,Aqua,MODIS,84,6.2,302.8,29,D,0
-15.4285,130.0285,332.7,1.3,1.1,2014-04-06,0519,Aqua,MODIS,79,6.2,297.4,31.6,D,0
-15.4858,130.0432,338.1,1.3,1.1,2014-04-06,0519,Aqua,MODIS,87,6.2,302.4,42.2,D,0
-15.5064,130.0464,328.9,1.3,1.1,2014-04-06,0519,Aqua,MODIS,54,6.2,301.3,21.1,D,0
-15.4162,130.0391,329,1.3,1.1,2014-04-06,0519,Aqua,MODIS,56,6.2,300.1,23.4,D,0
-15.4878,130.031,330.3,1.3,1.1,2014-04-06,0519,Aqua,MODIS,79,6.2,301.6,24.9,D,0
-15.4696,130.0351,325.6,1.3,1.1,2014-04-06,0519,Aqua,MODIS,71,6.2,300.5,17.1,D,0
-15.5993,129.9813,329.6,1.3,1.1,2014-04-06,0519,Aqua,MODIS,79,6.2,296.7,25.5,D,0
-15.5494,130.0412,325.1,1.3,1.1,2014-04-06,0519,Aqua,MODIS,44,6.2,301.5,13.4,D,0
-15.5891,129.9796,328.7,1.3,1.1,2014-04-06,0519,Aqua,MODIS,72,6.2,296.3,22.6,D,0
-15.4265,130.0408,324.4,1.3,1.1,2014-04-06,0519,Aqua,MODIS,58,6.2,299.9,16.1,D,0
-15.7963,129.6422,327.7,1.3,1.1,2014-04-06,0519,Aqua,MODIS,50,6.2,304.5,17.1,D,0
-15.5974,129.9934,323.8,1.3,1.1,2014-04-06,0519,Aqua,MODIS,59,6.2,298.7,13.9,D,0
-14.9996,131.3815,315.5,1.7,1.3,2014-04-06,0519,Aqua,MODIS,0,6.2,289.3,12.7,D,0
-14.2829,132.5649,321.4,2.1,1.4,2014-04-06,0519,Aqua,MODIS,31,6.2,293.7,27.1,D,0
-34.1941,116.5968,316,3.1,1.7,2014-04-06,0652,Aqua,MODIS,0,6.2,288.2,54.3,D,0
-31.9049,116.9799,316.8,3.8,1.8,2014-04-06,0653,Aqua,MODIS,33,6.2,297,61.4,D,0
-43.1532,146.7118,301,1.2,1.1,2014-04-06,1257,Terra,MODIS,31,6.2,281.7,9.6,N,0
-43.0861,146.7615,301,1.2,1.1,2014-04-06,1257,Terra,MODIS,37,6.2,281.8,10.4,N,0
-42.9859,146.7507,300.8,1.2,1.1,2014-04-06,1257,Terra,MODIS,34,6.2,281.4,10.2,N,0
-42.7974,146.539,314.7,1.3,1.1,2014-04-06,1257,Terra,MODIS,90,6.2,281.2,23.8,N,0
-42.4434,146.4451,334,1.3,1.1,2014-04-06,1257,Terra,MODIS,100,6.2,280.4,53.5,N,0
-42.4535,146.4467,322.2,1.3,1.1,2014-04-06,1257,Terra,MODIS,100,6.2,280.3,33.7,N,0
-42.445,146.4302,323.6,1.3,1.1,2014-04-06,1257,Terra,MODIS,100,6.2,279.9,35.7,N,0
-42.1682,145.2852,307.6,1.4,1.2,2014-04-06,1258,Terra,MODIS,72,6.2,279.3,19.6,N,0
-37.3468,143.4556,301.1,1.5,1.2,2014-04-06,1259,Terra,MODIS,38,6.2,282.6,15.5,N,0
-34.4579,150.8759,300.4,1.1,1.1,2014-04-06,1259,Terra,MODIS,26,6.2,287.8,6.6,N,0
-31.6124,148.5797,304.6,1,1,2014-04-06,1300,Terra,MODIS,61,6.2,288.4,7.7,N,0
-27.5653,148.3991,306.2,1.1,1,2014-04-06,1301,Terra,MODIS,67,6.2,290,8.6,N,0
-27.5559,148.3972,302.5,1.1,1,2014-04-06,1301,Terra,MODIS,34,6.2,290.2,5.8,N,0
-27.5635,148.4101,301.3,1.1,1,2014-04-06,1301,Terra,MODIS,40,6.2,290,5.4,N,0
-26.3678,148.3282,308.2,1.1,1.1,2014-04-06,1302,Terra,MODIS,74,6.2,290.9,9.7,N,0
-26.7935,150.2026,304.6,1.4,1.2,2014-04-06,1302,Terra,MODIS,61,6.2,291,10.1,N,0
-23.5091,147.2243,302.7,1.1,1,2014-04-06,1303,Terra,MODIS,51,6.2,291.2,5.2,N,0
-19.7396,147.1634,308.5,1.2,1.1,2014-04-06,1304,Terra,MODIS,75,6.2,292.7,10.5,N,0
-42.4463,146.4597,308.1,2.6,1.5,2014-04-06,1439,Aqua,MODIS,73,6.2,279.3,50.1,N,0
-42.451,146.4522,309.6,2.6,1.5,2014-04-06,1439,Aqua,MODIS,78,6.2,279.1,51.1,N,0
-34.1906,116.597,306.7,1.9,1.3,2014-04-06,1439,Terra,MODIS,20,6.2,285.3,23.6,N,0
-34.1925,116.5761,317.7,1.9,1.3,2014-04-06,1439,Terra,MODIS,94,6.2,285.8,44.8,N,0
-34.2048,116.5778,311.9,1.9,1.3,2014-04-06,1439,Terra,MODIS,48,6.2,285.5,30.9,N,0
-34.2078,116.5848,313.4,1.9,1.3,2014-04-06,1439,Terra,MODIS,66,6.2,285.9,33.6,N,0
-20.7362,139.4777,305.4,1.1,1,2014-04-06,1612,Aqua,MODIS,64,6.2,287.7,6.4,N,2
-26.6337,150.2257,312.3,1.2,1.1,2014-04-06,2359,Terra,MODIS,55,6.2,297.9,7.1,D,0
-25.7083,152.2946,317.8,1,1,2014-04-06,2359,Terra,MODIS,71,6.2,298.3,10.5,D,0
-26.7945,150.2046,317.2,1.2,1.1,2014-04-06,2359,Terra,MODIS,68,6.2,301.5,9.6,D,0
-31.0031,151.5436,308.3,1,1,2014-04-07,0000,Terra,MODIS,63,6.2,288.8,7.2,D,0
-30.1845,149.2366,327.4,1.2,1.1,2014-04-07,0000,Terra,MODIS,81,6.2,298.4,26.5,D,0
-30.1823,149.2239,318.7,1.2,1.1,2014-04-07,0000,Terra,MODIS,68,6.2,298.8,13.9,D,0
-31.7115,148.152,308.4,1.3,1.1,2014-04-07,0001,Terra,MODIS,62,6.2,295.9,7.5,D,0
-32.2123,146.1823,322.4,1.7,1.3,2014-04-07,0001,Terra,MODIS,79,6.2,295.1,37,D,0
-15.4697,131.3987,320.7,1,1,2014-04-07,0135,Terra,MODIS,59,6.2,301.9,7.5,D,0
-15.4711,131.4079,324.9,1,1,2014-04-07,0135,Terra,MODIS,70,6.2,302,11.6,D,0
-14.9885,131.3811,327.7,1,1,2014-04-07,0135,Terra,MODIS,72,6.2,302.5,11.9,D,0
-15.7168,129.6243,321.9,1.1,1,2014-04-07,0135,Terra,MODIS,67,6.2,291.6,11.8,D,0
-15.7184,129.6343,328.8,1.1,1,2014-04-07,0135,Terra,MODIS,78,6.2,293.5,20.7,D,0
-15.7276,129.6328,318.7,1.1,1,2014-04-07,0135,Terra,MODIS,37,6.2,291.9,7.9,D,0
-33.5902,119.4942,325.2,2.1,1.4,2014-04-07,0140,Terra,MODIS,83,6.2,291.8,59.1,D,0
-42.8469,146.8318,370.3,1,1,2014-04-07,0416,Aqua,MODIS,87,6.2,281.9,111.6,D,0
-43.3777,146.9141,458.1,1,1,2014-04-07,0416,Aqua,MODIS,94,6.2,331.5,827.8,D,0
-43.3794,146.9017,330.1,1,1,2014-04-07,0416,Aqua,MODIS,33,6.2,289.7,26,D,0
-42.7489,146.615,351.8,1,1,2014-04-07,0416,Aqua,MODIS,0,6.2,270.3,67.7,D,0
-42.7539,146.5777,373.4,1,1,2014-04-07,0416,Aqua,MODIS,0,6.2,274.5,133.4,D,0
-43.3652,146.9368,337,1,1,2014-04-07,0416,Aqua,MODIS,41,6.2,279.8,30.2,D,0
-43.3669,146.9243,352,1,1,2014-04-07,0416,Aqua,MODIS,72,6.2,284.6,59.4,D,0
-43.376,146.9266,434.1,1,1,2014-04-07,0416,Aqua,MODIS,87,6.2,306.5,522.1,D,0
-42.7415,146.6003,357.4,1,1,2014-04-07,0416,Aqua,MODIS,0,6.2,269.3,83.6,D,0
-43.3686,146.9118,346.3,1,1,2014-04-07,0416,Aqua,MODIS,93,6.2,287.3,51.5,D,0
-41.1633,146.7047,323.5,1,1,2014-04-07,0416,Aqua,MODIS,82,6.2,285.6,21.1,D,0
-41.165,146.6928,346.7,1,1,2014-04-07,0416,Aqua,MODIS,82,6.2,288,55.4,D,0
-41.156,146.6906,345.7,1,1,2014-04-07,0416,Aqua,MODIS,89,6.2,288.3,51.8,D,0
-41.1576,146.6786,345.7,1,1,2014-04-07,0416,Aqua,MODIS,82,6.2,289.7,51.4,D,0
-43.3743,146.9392,341.8,1,1,2014-04-07,0416,Aqua,MODIS,52,6.2,273.3,34,D,0
-43.3885,146.9039,332.2,1,1,2014-04-07,0416,Aqua,MODIS,62,6.2,287.1,29.4,D,0
-43.3975,146.9062,320.1,1,1,2014-04-07,0416,Aqua,MODIS,54,6.2,286.6,17.5,D,0
-42.8576,146.8218,347.8,1,1,2014-04-07,0416,Aqua,MODIS,72,6.2,273.8,54.9,D,0
-42.8593,146.8095,325,1,1,2014-04-07,0416,Aqua,MODIS,26,6.2,270.8,19.6,D,0
-42.8485,146.8195,475.8,1,1,2014-04-07,0416,Aqua,MODIS,100,6.2,307.9,1114.8,D,0
-42.8502,146.8073,363.4,1,1,2014-04-07,0416,Aqua,MODIS,82,6.2,281.6,89.7,D,0
-42.8395,146.8172,437,1,1,2014-04-07,0416,Aqua,MODIS,100,6.2,296.4,559.8,D,0
-42.8412,146.8048,358.8,1,1,2014-04-07,0416,Aqua,MODIS,92,6.2,280.6,78.5,D,0
-41.1469,146.6883,314.1,1,1,2014-04-07,0416,Aqua,MODIS,56,6.2,285.5,11.5,D,0
-41.1486,146.6763,349.8,1,1,2014-04-07,0416,Aqua,MODIS,96,6.2,288.7,61.1,D,0
-42.4487,146.4445,317.9,1,1,2014-04-07,0416,Aqua,MODIS,68,6.2,281.2,17.8,D,0
-42.5141,146.5061,335.7,1,1,2014-04-07,0416,Aqua,MODIS,75,6.2,279.6,36.1,D,0
-42.5124,146.5183,351.3,1,1,2014-04-07,0416,Aqua,MODIS,96,6.2,281.1,65,D,0
-42.5215,146.5207,440.9,1,1,2014-04-07,0416,Aqua,MODIS,100,6.2,299.7,611,D,0
-42.5232,146.5084,407.5,1,1,2014-04-07,0416,Aqua,MODIS,100,6.2,292.7,305.7,D,0
-37.0651,146.0247,302.5,1,1,2014-04-07,0417,Aqua,MODIS,53,6.2,275.6,5.9,D,0
-37.6114,145.6778,308.2,1,1,2014-04-07,0417,Aqua,MODIS,67,6.2,274.3,10.6,D,0
-37.613,145.6665,310.4,1,1,2014-04-07,0417,Aqua,MODIS,70,6.2,275.1,12.1,D,0
-37.3401,140.1723,363.7,1.6,1.2,2014-04-07,0417,Aqua,MODIS,100,6.2,281.1,182.6,D,0
-37.3418,140.1543,377.2,1.6,1.2,2014-04-07,0417,Aqua,MODIS,75,6.2,279.2,271.9,D,0
-36.1394,141.3592,317.8,1.3,1.1,2014-04-07,0418,Aqua,MODIS,68,6.2,278.3,24.9,D,0
-34.9778,147.8239,352,1.1,1.1,2014-04-07,0418,Aqua,MODIS,97,6.2,298.4,73.9,D,0
-34.9799,147.8116,312.4,1.1,1.1,2014-04-07,0418,Aqua,MODIS,49,6.2,296.3,7.5,D,0
-34.8226,147.8238,314.4,1.1,1.1,2014-04-07,0418,Aqua,MODIS,75,6.2,295.7,11.9,D,0
-34.1099,148.1516,316.5,1.2,1.1,2014-04-07,0418,Aqua,MODIS,74,6.2,300.6,11,D,0
-34.1001,148.1491,312.8,1.2,1.1,2014-04-07,0418,Aqua,MODIS,54,6.2,299.2,7.1,D,0
-35.1367,148.5248,323.2,1.2,1.1,2014-04-07,0418,Aqua,MODIS,82,6.2,288.7,27,D,0
-35.139,148.5119,322.8,1.2,1.1,2014-04-07,0418,Aqua,MODIS,82,6.2,288.5,26.5,D,0
-34.7814,148.0726,313.6,1.2,1.1,2014-04-07,0418,Aqua,MODIS,63,6.2,294.7,12.1,D,0
-34.4723,148.3274,325.8,1.2,1.1,2014-04-07,0418,Aqua,MODIS,84,6.2,295.9,26.6,D,0
-34.4694,148.3337,324.7,1.2,1.1,2014-04-07,0418,Aqua,MODIS,83,6.2,296,27.1,D,0
-34.4716,148.3206,309.1,1.2,1.1,2014-04-07,0418,Aqua,MODIS,40,6.2,294.1,9.4,D,0
-34.6143,148.451,315.2,1.2,1.1,2014-04-07,0418,Aqua,MODIS,76,6.2,289.8,17,D,0
-33.9699,148.7239,311.6,1.3,1.1,2014-04-07,0418,Aqua,MODIS,68,6.2,295.6,8.9,D,0
-34.8558,148.37,305.5,1.2,1.1,2014-04-07,0418,Aqua,MODIS,62,6.2,291.6,7.2,D,0
-37.1069,140.2464,311.7,1.6,1.2,2014-04-07,0418,Aqua,MODIS,50,6.2,277.9,17.9,D,0
-37.1059,140.2514,319.2,1.6,1.2,2014-04-07,0418,Aqua,MODIS,71,6.2,279.5,28,D,0
-35.68,146.8424,311.8,1,1,2014-04-07,0418,Aqua,MODIS,70,6.2,296.6,6.4,D,0
-34.4324,147.5887,310.9,1.1,1.1,2014-04-07,0418,Aqua,MODIS,68,6.2,297.5,6.1,D,0
-35.6227,146.8576,414.5,1,1,2014-04-07,0418,Aqua,MODIS,100,6.2,307.5,362.7,D,0
-34.8752,147.7023,321.2,1.1,1.1,2014-04-07,0418,Aqua,MODIS,81,6.2,295.4,18.2,D,0
-36.3036,146.0725,311.8,1,1,2014-04-07,0418,Aqua,MODIS,54,6.2,289.5,7.7,D,0
-35.6703,146.722,323.8,1,1,2014-04-07,0418,Aqua,MODIS,82,6.2,296.7,17,D,0
-35.5779,146.4305,314.1,1,1,2014-04-07,0418,Aqua,MODIS,64,6.2,290,8.8,D,0
-33.4507,150.0466,308.4,1.5,1.2,2014-04-07,0418,Aqua,MODIS,67,6.2,290.9,15.2,D,0
-34.2212,147.1223,311.7,1.1,1,2014-04-07,0418,Aqua,MODIS,54,6.2,296.5,5.2,D,0
-35.5759,146.6287,331.9,1,1,2014-04-07,0418,Aqua,MODIS,87,6.2,297.1,27.6,D,0
-36.3628,145.9195,337.2,1,1,2014-04-07,0418,Aqua,MODIS,85,6.2,283.3,36.1,D,0
-33.4476,150.063,309.4,1.5,1.2,2014-04-07,0418,Aqua,MODIS,69,6.2,289.9,16.4,D,0
-34.6052,147.0326,334.5,1.1,1,2014-04-07,0418,Aqua,MODIS,89,6.2,299.5,31.5,D,0
-34.6034,147.0442,350.7,1.1,1,2014-04-07,0418,Aqua,MODIS,96,6.2,299.3,63.7,D,0
-36.329,145.8361,400.9,1,1,2014-04-07,0418,Aqua,MODIS,100,6.2,294.4,255.9,D,0
-35.85,146.7529,316.5,1,1,2014-04-07,0418,Aqua,MODIS,76,6.2,292.5,10.4,D,0
-36.0957,146.5999,323.9,1,1,2014-04-07,0418,Aqua,MODIS,83,6.2,286.5,19.4,D,0
-34.8712,147.7268,359.9,1.1,1.1,2014-04-07,0418,Aqua,MODIS,99,6.2,298.5,96.3,D,0
-34.8732,147.7145,414.6,1.1,1.1,2014-04-07,0418,Aqua,MODIS,100,6.2,310.7,411.2,D,0
-34.6145,147.0348,336.3,1.1,1,2014-04-07,0418,Aqua,MODIS,90,6.2,298.3,34.9,D,0
-33.3974,146.2831,308.4,1,1,2014-04-07,0418,Aqua,MODIS,25,6.2,284.8,5.6,D,0
-34.9461,147.7777,361.7,1.1,1.1,2014-04-07,0418,Aqua,MODIS,100,6.2,299.6,102.8,D,0
-34.5947,146.7024,311.8,1,1,2014-04-07,0418,Aqua,MODIS,69,6.2,293.3,8.3,D,0
-36.3306,145.825,344.2,1,1,2014-04-07,0418,Aqua,MODIS,94,6.2,284.7,47.9,D,0
-35.6407,146.8026,311.9,1,1,2014-04-07,0418,Aqua,MODIS,70,6.2,297,5.5,D,0
-35.3482,147.0063,318.7,1.1,1,2014-04-07,0418,Aqua,MODIS,74,6.2,285.6,17,D,0
-36.3751,145.8993,310.3,1,1,2014-04-07,0418,Aqua,MODIS,39,6.2,283.4,7.2,D,0
-34.2193,147.1341,315.4,1.1,1,2014-04-07,0418,Aqua,MODIS,71,6.2,297.4,8.5,D,0
-33.9067,137.719,342.3,2,1.4,2014-04-07,0418,Aqua,MODIS,91,6.2,300.4,108.9,D,0
-34.9481,147.7654,339.2,1.1,1.1,2014-04-07,0418,Aqua,MODIS,91,6.2,297.4,44.6,D,0
-35.6319,146.8598,324.9,1,1,2014-04-07,0418,Aqua,MODIS,12,6.2,292.2,15.3,D,0
-35.5742,146.64,355,1,1,2014-04-07,0418,Aqua,MODIS,98,6.2,298.8,71.6,D,0
-34.5123,146.8783,308.7,1.1,1,2014-04-07,0418,Aqua,MODIS,33,6.2,294.4,4.4,D,0
-35.5806,146.5361,308.2,1,1,2014-04-07,0418,Aqua,MODIS,50,6.2,291.6,4,D,0
-35.5864,146.3744,309.3,1,1,2014-04-07,0418,Aqua,MODIS,54,6.2,283.5,7.5,D,0
-34.2828,146.8595,311.6,1.1,1,2014-04-07,0418,Aqua,MODIS,37,6.2,294.8,5.6,D,0
-34.6126,147.0464,357.6,1.1,1,2014-04-07,0418,Aqua,MODIS,99,6.2,298.8,82.1,D,0
-34.5386,147.6204,318.4,1.1,1.1,2014-04-07,0418,Aqua,MODIS,65,6.2,293.1,16.4,D,0
-35.5752,146.8581,311.6,1,1,2014-04-07,0418,Aqua,MODIS,58,6.2,294.7,6.2,D,0
-34.2846,146.848,335,1.1,1,2014-04-07,0418,Aqua,MODIS,88,6.2,296.3,33.2,D,0
-35.4992,146.5755,309.6,1,1,2014-04-07,0418,Aqua,MODIS,67,6.2,284.3,8.2,D,0
-34.3731,147.6817,311.9,1.1,1.1,2014-04-07,0418,Aqua,MODIS,68,6.2,292.5,7.9,D,0
-35.5796,146.4193,352.7,1,1,2014-04-07,0418,Aqua,MODIS,97,6.2,292,66.7,D,0
-35.5938,146.3877,333.5,1,1,2014-04-07,0418,Aqua,MODIS,88,6.2,290.5,31.7,D,0
-33.9728,147.6868,317.7,1.1,1.1,2014-04-07,0418,Aqua,MODIS,73,6.2,300.4,9.3,D,0
-34.3055,137.7259,347.6,2,1.4,2014-04-07,0418,Aqua,MODIS,82,6.2,293.9,149.4,D,0
-35.5955,146.3765,308.7,1,1,2014-04-07,0418,Aqua,MODIS,50,6.2,285.7,6.7,D,0
-35.6686,146.7333,310.3,1,1,2014-04-07,0418,Aqua,MODIS,54,6.2,295.4,4.2,D,0
-35.5104,146.625,315.9,1,1,2014-04-07,0418,Aqua,MODIS,75,6.2,287.9,11.6,D,0
-35.4639,146.6308,309.6,1,1,2014-04-07,0418,Aqua,MODIS,68,6.2,284.9,7.6,D,0
-34.4859,147.1436,309.6,1.1,1,2014-04-07,0418,Aqua,MODIS,65,6.2,294.6,4.3,D,0
-33.9085,137.6967,334.3,2,1.4,2014-04-07,0418,Aqua,MODIS,86,6.2,300.5,71.7,D,0
-36.302,146.0837,325,1,1,2014-04-07,0418,Aqua,MODIS,63,6.2,289,19.7,D,0
-35.7249,146.2496,325.2,1,1,2014-04-07,0418,Aqua,MODIS,77,6.2,278.8,23.8,D,0
-34.2483,146.6799,313.3,1.1,1,2014-04-07,0418,Aqua,MODIS,68,6.2,296.8,6.2,D,0
-35.5122,146.6137,312.8,1,1,2014-04-07,0418,Aqua,MODIS,71,6.2,287.7,9,D,0
-33.9085,137.6918,326.9,2,1.4,2014-04-07,0418,Aqua,MODIS,80,6.2,300.3,43.6,D,0
-34.6682,147.4578,326.3,1.1,1,2014-04-07,0418,Aqua,MODIS,84,6.2,294.6,25.6,D,0
-35.4974,146.5868,305.9,1,1,2014-04-07,0418,Aqua,MODIS,31,6.2,285,4.8,D,0
-35.5847,146.3856,325.3,1,1,2014-04-07,0418,Aqua,MODIS,83,6.2,288.2,21.5,D,0
-34.6701,147.4458,326,1.1,1,2014-04-07,0418,Aqua,MODIS,84,6.2,294.4,25.2,D,0
-35.6223,146.493,314.1,1,1,2014-04-07,0418,Aqua,MODIS,72,6.2,293.3,7.5,D,0
-35.8482,146.7643,315.7,1,1,2014-04-07,0418,Aqua,MODIS,75,6.2,292.4,9.4,D,0
-34.225,147.099,312.1,1.1,1,2014-04-07,0418,Aqua,MODIS,66,6.2,296.8,6,D,0
-35.4621,146.6421,308.2,1,1,2014-04-07,0418,Aqua,MODIS,66,6.2,284.5,6.5,D,0
-35.6209,146.869,366.8,1,1,2014-04-07,0418,Aqua,MODIS,100,6.2,294.1,102.7,D,0
-33.9823,147.6891,314.1,1.1,1.1,2014-04-07,0418,Aqua,MODIS,45,6.2,299.6,5.9,D,0
-33.9065,137.714,345.7,2,1.4,2014-04-07,0418,Aqua,MODIS,93,6.2,300.7,126.4,D,0
-36.1578,145.999,304.5,1,1,2014-04-07,0418,Aqua,MODIS,54,6.2,276.4,7.7,D,0
-35.6425,146.7912,322.1,1,1,2014-04-07,0418,Aqua,MODIS,81,6.2,297.7,14.8,D,0
-34.7746,147.4273,336.9,1.1,1,2014-04-07,0418,Aqua,MODIS,90,6.2,295.8,41.2,D,0
-36.3273,145.8473,328.7,1,1,2014-04-07,0418,Aqua,MODIS,71,6.2,283.4,24.2,D,0
-32.929,134.7201,321.7,3.1,1.7,2014-04-07,0419,Aqua,MODIS,75,6.2,291.9,68.4,D,0
-32.9267,134.7539,336.7,3.1,1.7,2014-04-07,0419,Aqua,MODIS,88,6.2,291.7,164.7,D,0
-32.9848,138.3407,311.2,1.8,1.3,2014-04-07,0419,Aqua,MODIS,0,6.2,287.4,16,D,0
-31.1268,151.2539,315.7,2.1,1.4,2014-04-07,0419,Aqua,MODIS,71,6.2,291,32.5,D,0
-31.1313,151.2315,321.8,2,1.4,2014-04-07,0419,Aqua,MODIS,78,6.2,290.7,48.1,D,0
-31.1189,151.2281,347.9,2,1.4,2014-04-07,0419,Aqua,MODIS,95,6.2,294.3,154.1,D,0
-30.1888,149.2449,325.9,1.6,1.2,2014-04-07,0419,Aqua,MODIS,78,6.2,302.4,28.4,D,0
-31.4008,148.76,340,1.4,1.2,2014-04-07,0419,Aqua,MODIS,90,6.2,302.1,61.1,D,0
-29.937,150.0914,339.6,1.8,1.3,2014-04-07,0419,Aqua,MODIS,89,6.2,302.9,85.1,D,0
-30.2042,150.889,310.3,2,1.4,2014-04-07,0419,Aqua,MODIS,58,6.2,296.5,15.2,D,0
-30.204,150.8942,313.4,2,1.4,2014-04-07,0419,Aqua,MODIS,67,6.2,296.5,23.3,D,0
-30.1919,149.2285,350.2,1.6,1.2,2014-04-07,0419,Aqua,MODIS,95,6.2,303.7,105.3,D,0
-27.6512,150.786,325.7,2.3,1.5,2014-04-07,0420,Aqua,MODIS,74,6.2,299.2,57,D,0
-27.6466,150.8091,322.6,2.3,1.5,2014-04-07,0420,Aqua,MODIS,71,6.2,299.7,44.9,D,0
-25.5651,151.6878,322.8,2.9,1.6,2014-04-07,0420,Aqua,MODIS,72,6.2,297.8,75.5,D,0
-25.5662,151.6839,327,2.9,1.6,2014-04-07,0420,Aqua,MODIS,76,6.2,297.8,95.8,D,0
-23.508,147.2307,317.4,1.6,1.2,2014-04-07,0421,Aqua,MODIS,33,6.2,300.1,14.9,D,0
-17.1894,145.0627,315.2,1.5,1.2,2014-04-07,0423,Aqua,MODIS,19,6.2,296.9,7.5,D,0
-17.1876,145.0567,317.2,1.5,1.2,2014-04-07,0423,Aqua,MODIS,60,6.2,296.7,11.6,D,0
-14.3849,132.7794,316.7,2.5,1.5,2014-04-07,0424,Aqua,MODIS,35,6.2,286.8,21.6,D,0
-14.3783,132.7719,316.6,2.5,1.5,2014-04-07,0424,Aqua,MODIS,62,6.2,287.1,24.6,D,0
-15.4672,133.5658,322.3,2.3,1.5,2014-04-07,0424,Aqua,MODIS,0,6.2,292.1,43.6,D,0
-15.4635,133.5704,320.6,2.3,1.5,2014-04-07,0424,Aqua,MODIS,32,6.2,291.7,36,D,0
-33.1071,117.1222,326.8,1.2,1.1,2014-04-07,0557,Aqua,MODIS,79,6.2,304.4,18.7,D,0
-33.0572,121.7791,327.8,1.1,1,2014-04-07,0557,Aqua,MODIS,82,6.2,303.5,19.1,D,0
-34.1948,116.575,370.5,1.3,1.1,2014-04-07,0557,Aqua,MODIS,75,6.2,296.7,158.6,D,0
-33.6899,121.9618,313.7,1.1,1,2014-04-07,0557,Aqua,MODIS,37,6.2,299.2,5.6,D,0
-32.8515,121.7908,318.3,1.1,1,2014-04-07,0557,Aqua,MODIS,52,6.2,299.7,8.9,D,0
-30.4069,116.3558,326.4,1.2,1.1,2014-04-07,0558,Aqua,MODIS,74,6.2,307.7,14.3,D,0
-29.9495,115.4302,335.6,1.3,1.1,2014-04-07,0558,Aqua,MODIS,84,6.2,305.6,34.8,D,0
-29.948,115.4437,348,1.3,1.1,2014-04-07,0558,Aqua,MODIS,93,6.2,307.5,66.8,D,0
-31.7622,116.987,375.2,1.1,1.1,2014-04-07,0558,Aqua,MODIS,100,6.2,299.4,152.2,D,0
-30.7502,116.2091,329.6,1.2,1.1,2014-04-07,0558,Aqua,MODIS,75,6.2,305.1,19.4,D,0
-30.7379,116.1429,326.4,1.2,1.1,2014-04-07,0558,Aqua,MODIS,75,6.2,305.4,16,D,0
-30.9184,116.4132,356.9,1.2,1.1,2014-04-07,0558,Aqua,MODIS,98,6.2,307.5,84.5,D,0
-30.9364,116.4288,334.8,1.2,1.1,2014-04-07,0558,Aqua,MODIS,84,6.2,307.9,28,D,0
-30.3569,116.1032,325.2,1.2,1.1,2014-04-07,0558,Aqua,MODIS,69,6.2,308.4,13.7,D,0
-30.5921,116.3358,327.2,1.2,1.1,2014-04-07,0558,Aqua,MODIS,75,6.2,307.8,16.4,D,0
-30.5824,116.3343,320.3,1.2,1.1,2014-04-07,0558,Aqua,MODIS,26,6.2,305.2,6.3,D,0
-30.9266,116.4272,362.6,1.2,1.1,2014-04-07,0558,Aqua,MODIS,100,6.2,310,102.1,D,0
-30.8665,116.678,335.2,1.1,1.1,2014-04-07,0558,Aqua,MODIS,85,6.2,303.2,30.2,D,0
-30.4257,116.2839,327.9,1.2,1.1,2014-04-07,0558,Aqua,MODIS,65,6.2,308.6,15.9,D,0
-30.7911,116.2027,321.2,1.2,1.1,2014-04-07,0558,Aqua,MODIS,50,6.2,305.9,9.9,D,0
-30.8324,116.0278,323.9,1.2,1.1,2014-04-07,0558,Aqua,MODIS,62,6.2,308.4,11.1,D,0
-30.8337,116.0218,328.4,1.2,1.1,2014-04-07,0558,Aqua,MODIS,77,6.2,308.7,17.8,D,0
-30.7478,116.1445,320.4,1.2,1.1,2014-04-07,0558,Aqua,MODIS,58,6.2,305.6,7.6,D,0
-30.7699,116.2121,327,1.2,1.1,2014-04-07,0558,Aqua,MODIS,72,6.2,304.2,15.9,D,0
-30.7463,116.157,328.4,1.2,1.1,2014-04-07,0558,Aqua,MODIS,77,6.2,307.1,18.9,D,0
-31.0555,116.4605,327.5,1.2,1.1,2014-04-07,0558,Aqua,MODIS,78,6.2,307.1,17.2,D,0
-31.0534,116.4673,323.6,1.2,1.1,2014-04-07,0558,Aqua,MODIS,72,6.2,308,12.6,D,0
-30.9461,116.4303,321.2,1.2,1.1,2014-04-07,0558,Aqua,MODIS,65,6.2,306.1,7.7,D,0
-30.9476,116.418,368.1,1.2,1.1,2014-04-07,0558,Aqua,MODIS,100,6.2,311.8,123.3,D,0
-30.6278,116.1257,319.2,1.2,1.1,2014-04-07,0558,Aqua,MODIS,44,6.2,302.1,7.7,D,0
-30.9491,116.4056,330.2,1.2,1.1,2014-04-07,0558,Aqua,MODIS,80,6.2,308.5,20.8,D,0
-31.7732,116.9766,343.6,1.1,1.1,2014-04-07,0558,Aqua,MODIS,92,6.2,299.5,50.5,D,0
-30.7939,115.8369,323.4,1.2,1.1,2014-04-07,0558,Aqua,MODIS,70,6.2,309.3,10.8,D,0
-31.3083,116.5393,323.7,1.2,1.1,2014-04-07,0558,Aqua,MODIS,60,6.2,306,14.2,D,0
-31.7607,116.9991,329.5,1.1,1.1,2014-04-07,0558,Aqua,MODIS,66,6.2,299.3,24.7,D,0
-30.79,116.7208,343,1.1,1.1,2014-04-07,0558,Aqua,MODIS,90,6.2,310.2,42.3,D,0
-30.1258,116.4159,331.9,1.2,1.1,2014-04-07,0558,Aqua,MODIS,71,6.2,308.2,22.3,D,0
-29.5245,115.8517,324.6,1.2,1.1,2014-04-07,0558,Aqua,MODIS,68,6.2,306.9,13,D,0
-30.9857,116.3678,322.6,1.2,1.1,2014-04-07,0558,Aqua,MODIS,70,6.2,308,10.5,D,0
-30.9545,116.2795,320.5,1.2,1.1,2014-04-07,0558,Aqua,MODIS,65,6.2,306.9,8.4,D,0
-30.9394,116.404,337.1,1.2,1.1,2014-04-07,0558,Aqua,MODIS,86,6.2,303.9,33.2,D,0
-30.7812,116.792,320.2,1.1,1.1,2014-04-07,0558,Aqua,MODIS,19,6.2,304.2,8.7,D,0
-30.9379,116.4164,388.8,1.2,1.1,2014-04-07,0558,Aqua,MODIS,100,6.2,307.7,228,D,0
-30.7714,116.1995,332,1.2,1.1,2014-04-07,0558,Aqua,MODIS,81,6.2,305.9,24.5,D,0
-30.1161,116.4143,344.5,1.2,1.1,2014-04-07,0558,Aqua,MODIS,91,6.2,306,46.9,D,0
-30.4159,116.2824,344.2,1.2,1.1,2014-04-07,0558,Aqua,MODIS,91,6.2,309.4,45.6,D,0
-31.2641,116.8174,331,1.1,1.1,2014-04-07,0558,Aqua,MODIS,82,6.2,305.6,22.1,D,0
-29.4109,115.7902,325,1.2,1.1,2014-04-07,0558,Aqua,MODIS,47,6.2,303.3,15.5,D,0
-31.7636,116.9749,339.7,1.1,1.1,2014-04-07,0558,Aqua,MODIS,89,6.2,293.2,42.5,D,0
-30.453,116.0598,322.2,1.2,1.1,2014-04-07,0558,Aqua,MODIS,65,6.2,307.5,9.5,D,0
-30.4515,116.0724,328.9,1.2,1.1,2014-04-07,0558,Aqua,MODIS,77,6.2,308,19.5,D,0
-30.4144,116.2947,331.2,1.2,1.1,2014-04-07,0558,Aqua,MODIS,47,6.2,307.9,19.1,D,0
-30.9169,116.4255,344,1.2,1.1,2014-04-07,0558,Aqua,MODIS,91,6.2,308,48.3,D,0
-30.9281,116.4148,386,1.2,1.1,2014-04-07,0558,Aqua,MODIS,100,6.2,309.4,212,D,0
-30.7418,116.1949,321,1.2,1.1,2014-04-07,0558,Aqua,MODIS,37,6.2,303.8,8,D,0
-30.3064,116.2719,328.1,1.2,1.1,2014-04-07,0558,Aqua,MODIS,76,6.2,308.2,16.4,D,0
-30.4054,116.3681,330,1.2,1.1,2014-04-07,0558,Aqua,MODIS,79,6.2,308.4,19.9,D,0
-30.4272,116.2716,328.8,1.2,1.1,2014-04-07,0558,Aqua,MODIS,69,6.2,308.8,17.9,D,0
-31.305,116.6705,319.3,1.2,1.1,2014-04-07,0558,Aqua,MODIS,41,6.2,304,9.6,D,0
-30.1147,116.4263,347.1,1.2,1.1,2014-04-07,0558,Aqua,MODIS,88,6.2,308.3,53.5,D,0
-30.1243,116.4279,344.7,1.2,1.1,2014-04-07,0558,Aqua,MODIS,69,6.2,306.7,48.3,D,0
-32.8513,117.2101,348.3,1.1,1.1,2014-04-07,0558,Aqua,MODIS,94,6.2,306.2,60.5,D,0
-32.885,117.0149,324.7,1.2,1.1,2014-04-07,0558,Aqua,MODIS,77,6.2,305.3,15.9,D,0
-31.8097,116.7594,325.6,1.2,1.1,2014-04-07,0558,Aqua,MODIS,78,6.2,303.9,17.2,D,0
-32.8835,117.0272,320.5,1.2,1.1,2014-04-07,0558,Aqua,MODIS,72,6.2,307.2,10.2,D,0
-32.8498,117.2223,346.1,1.1,1.1,2014-04-07,0558,Aqua,MODIS,93,6.2,301.8,55.4,D,0
-21.8054,116.0589,327.6,1,1,2014-04-07,0601,Aqua,MODIS,71,6.2,303.9,12.6,D,0
-21.8068,116.049,324.3,1,1,2014-04-07,0601,Aqua,MODIS,64,6.2,301.8,8.9,D,0
-21.7963,116.0575,349.3,1,1,2014-04-07,0601,Aqua,MODIS,93,6.2,304.5,49.2,D,0
-21.7976,116.0476,334.2,1,1,2014-04-07,0601,Aqua,MODIS,81,6.2,303.8,21.9,D,0
-21.7872,116.056,395,1,1,2014-04-07,0601,Aqua,MODIS,100,6.2,305.6,219.5,D,0
-21.7885,116.0461,348.5,1,1,2014-04-07,0601,Aqua,MODIS,93,6.2,303.4,48,D,0
-30.1782,149.2272,301.6,4.3,1.9,2014-04-07,1205,Terra,MODIS,43,6.2,287.7,46,N,0
-27.6558,149.5842,301.9,3.8,1.8,2014-04-07,1206,Terra,MODIS,45,6.2,288.9,40.3,N,0
-27.6637,149.5506,302.9,3.9,1.8,2014-04-07,1206,Terra,MODIS,52,6.2,288.5,41.4,N,0
-15.5798,129.9805,309.1,1.2,1.1,2014-04-07,1348,Terra,MODIS,72,6.2,288.8,9.1,N,0
-15.5336,130.0299,305.4,1.2,1.1,2014-04-07,1348,Terra,MODIS,56,6.2,290.8,5.5,N,0
-22.149,148.9341,304.4,1.2,1.1,2014-04-07,1517,Aqua,MODIS,60,6.2,292.6,7,N,0
-27.6605,149.5706,308.8,1,1,2014-04-07,1518,Aqua,MODIS,76,6.2,290.6,9.6,N,0
-27.6515,149.5723,314.3,1,1,2014-04-07,1518,Aqua,MODIS,89,6.2,290.6,13,N,0
-25.9875,148.706,300.3,1.1,1,2014-04-07,1518,Aqua,MODIS,23,6.2,290.2,5.3,N,0
-26.7896,150.2046,310.7,1,1,2014-04-07,1518,Aqua,MODIS,81,6.2,289.7,11.1,N,2
-31.3273,150.3785,309.7,1,1,2014-04-07,1519,Aqua,MODIS,78,6.2,283.7,13,N,0
-31.3258,150.3677,306.2,1,1,2014-04-07,1519,Aqua,MODIS,67,6.2,282.9,10.5,N,0
-30.1805,149.2427,310.8,1,1,2014-04-07,1519,Aqua,MODIS,81,6.2,287.2,12.2,N,0
-30.179,149.2323,300.6,1,1,2014-04-07,1519,Aqua,MODIS,30,6.2,287.1,5.9,N,0
-34.0574,116.4438,310,1.3,1.1,2014-04-07,1522,Terra,MODIS,38,6.2,285.5,16.1,N,0
-34.0598,116.4299,312,1.3,1.1,2014-04-07,1522,Terra,MODIS,37,6.2,285.9,17.9,N,0
-33.7237,118.1555,320.4,1.6,1.3,2014-04-07,1522,Terra,MODIS,100,6.2,284.1,42.7,N,0
-34.082,116.4705,320.1,1.3,1.1,2014-04-07,1522,Terra,MODIS,0,6.2,287.3,24.5,N,0
-33.2627,117.1413,309.4,1.5,1.2,2014-04-07,1522,Terra,MODIS,77,6.2,285.3,20.3,N,0
-32.9146,119.6966,309.3,2.1,1.4,2014-04-07,1522,Terra,MODIS,77,6.2,284,36.3,N,0
-33.7125,118.1524,309.9,1.6,1.3,2014-04-07,1522,Terra,MODIS,79,6.2,283.6,26.3,N,0
-34.0643,116.4514,323.9,1.3,1.1,2014-04-07,1522,Terra,MODIS,44,6.2,287.9,30.7,N,0
-34.0668,116.4376,324.6,1.3,1.1,2014-04-07,1522,Terra,MODIS,73,6.2,288.1,33.1,N,0
-33.7158,118.1351,301,1.6,1.3,2014-04-07,1522,Terra,MODIS,37,6.2,283.1,15,N,0
-33.2655,117.1259,317.3,1.4,1.2,2014-04-07,1522,Terra,MODIS,95,6.2,285.3,30.9,N,0
-34.1976,116.5807,301.7,1.3,1.1,2014-04-07,1522,Terra,MODIS,9,6.2,284.8,8.5,N,0
-33.727,118.1382,312.7,1.6,1.3,2014-04-07,1522,Terra,MODIS,86,6.2,282.5,28.8,N,0
-32.557,119.496,305.4,2.1,1.4,2014-04-07,1522,Terra,MODIS,64,6.2,284.3,26,N,0
-32.6317,116.6783,314.1,1.4,1.2,2014-04-07,1522,Terra,MODIS,89,6.2,285.1,24.9,N,0
-33.5551,119.5545,304.4,2,1.4,2014-04-07,1522,Terra,MODIS,60,6.2,283.1,25.4,N,0
-33.0673,119.9235,300.8,2.2,1.4,2014-04-07,1522,Terra,MODIS,33,6.2,283.3,21.2,N,0
-33.5559,119.5614,301,2,1.4,2014-04-07,1522,Terra,MODIS,36,6.2,283.3,19.9,N,0
-32.5615,119.4741,302.4,2.1,1.4,2014-04-07,1522,Terra,MODIS,22,6.2,283.6,19.3,N,0
-33.0625,119.9464,319.8,2.2,1.4,2014-04-07,1522,Terra,MODIS,99,6.2,284.4,64.2,N,0
-32.6281,116.6709,316.6,1.4,1.2,2014-04-07,1522,Terra,MODIS,94,6.2,285.2,28.5,N,0
-32.5524,119.5178,306.8,2.1,1.4,2014-04-07,1522,Terra,MODIS,69,6.2,284.6,27.9,N,0
-21.7863,116.0576,304.1,2.1,1.4,2014-04-07,1525,Terra,MODIS,51,6.2,291.3,15.9,N,0
-21.7737,116.0549,303.5,2.1,1.4,2014-04-07,1525,Terra,MODIS,30,6.2,291,14,N,0
-21.7692,116.0416,321.7,4.2,1.9,2014-04-07,1656,Aqua,MODIS,100,6.2,291.1,157.3,N,0
-21.7734,116.0365,317.6,4.2,1.9,2014-04-07,1656,Aqua,MODIS,95,6.2,291.1,127.6,N,0
-21.7822,116.0761,319.7,4.1,1.9,2014-04-07,1656,Aqua,MODIS,99,6.2,291.4,141.2,N,0
-21.7778,116.0813,325.3,4.1,1.9,2014-04-07,1656,Aqua,MODIS,100,6.2,291.2,185.4,N,0
-33.0676,119.953,302.8,1.3,1.1,2014-04-07,1658,Aqua,MODIS,52,6.2,282.8,11.8,N,0
-32.9126,119.7084,305.8,1.4,1.2,2014-04-07,1658,Aqua,MODIS,66,6.2,283.8,15.8,N,0
-34.0669,116.4618,312.3,2,1.4,2014-04-07,1659,Aqua,MODIS,43,6.2,281.8,35.8,N,0
-34.0709,116.4759,311,2,1.4,2014-04-07,1659,Aqua,MODIS,36,6.2,282.6,32.7,N,0
-34.0625,116.4404,306.2,2,1.4,2014-04-07,1659,Aqua,MODIS,32,6.2,279.7,26.3,N,0
-33.7241,118.1454,311.6,1.6,1.2,2014-04-07,1659,Aqua,MODIS,83,6.2,283.1,29,N,0
-33.7274,118.1628,316.4,1.6,1.2,2014-04-07,1659,Aqua,MODIS,93,6.2,283.1,36.7,N,0
-34.0664,116.4545,312.1,2,1.4,2014-04-07,1659,Aqua,MODIS,45,6.2,281.2,35.1,N,0
-33.5469,119.562,306.2,1.4,1.2,2014-04-07,1659,Aqua,MODIS,67,6.2,284,15.1,N,0
-33.5539,119.5683,310.3,1.3,1.2,2014-04-07,1659,Aqua,MODIS,80,6.2,283.9,19.2,N,0
-33.5572,119.5592,313.5,1.4,1.2,2014-04-07,1659,Aqua,MODIS,74,6.2,282.9,22.2,N,0
-33.2064,120.0857,317.5,1.3,1.1,2014-04-07,1659,Aqua,MODIS,95,6.2,284.3,26.7,N,0
-33.5512,119.5539,307.1,1.4,1.2,2014-04-07,1659,Aqua,MODIS,69,6.2,282.7,15.8,N,0
-26.3579,148.3511,316.7,1.7,1.3,2014-04-08,0042,Terra,MODIS,63,6.2,300.5,17.3,D,0
-26.3677,148.3324,333.2,1.7,1.3,2014-04-08,0042,Terra,MODIS,85,6.2,300.8,55.6,D,0
-26.3696,148.3497,331.1,1.7,1.3,2014-04-08,0042,Terra,MODIS,83,6.2,300.6,50.3,D,0
-26.6527,150.5338,310.9,2.5,1.5,2014-04-08,0042,Terra,MODIS,49,6.2,296.9,18.8,D,0
-26.0043,148.2286,315.8,1.7,1.3,2014-04-08,0042,Terra,MODIS,61,6.2,300.9,13.8,D,0
-27.5672,148.3904,314.6,1.8,1.3,2014-04-08,0042,Terra,MODIS,58,6.2,298.4,17.6,D,0
-27.5691,148.4089,321.7,1.8,1.3,2014-04-08,0042,Terra,MODIS,73,6.2,298.4,32.9,D,0
-28.23,150.2372,313.4,2.5,1.5,2014-04-08,0043,Terra,MODIS,48,6.2,297.8,17.4,D,0
-30.1852,149.2372,317.8,2.2,1.4,2014-04-08,0043,Terra,MODIS,71,6.2,295.2,29.6,D,0
-28.2362,150.2298,328.3,2.5,1.5,2014-04-08,0043,Terra,MODIS,82,6.2,297.9,72.3,D,0
-30.3248,147.7888,315.5,1.8,1.3,2014-04-08,0043,Terra,MODIS,59,6.2,297.7,13.8,D,0
-30.3191,147.796,315,1.8,1.3,2014-04-08,0043,Terra,MODIS,65,6.2,298,13.2,D,0
-28.2276,150.2119,330.1,2.5,1.5,2014-04-08,0043,Terra,MODIS,84,6.2,298.6,80.4,D,0
-28.234,150.2045,339.8,2.5,1.5,2014-04-08,0043,Terra,MODIS,90,6.2,298.4,133.3,D,0
-30.1882,149.2422,316.4,2.2,1.4,2014-04-08,0043,Terra,MODIS,69,6.2,294.9,28.1,D,0
-32.3164,147.7001,333.6,1.9,1.3,2014-04-08,0044,Terra,MODIS,88,6.2,295.2,72.1,D,0
-32.2192,146.0112,322.4,1.5,1.2,2014-04-08,0044,Terra,MODIS,77,6.2,297.8,23.7,D,0
-32.3144,147.6801,323.3,1.9,1.3,2014-04-08,0044,Terra,MODIS,81,6.2,292.8,41.7,D,0
-34.8343,146.9546,303.9,1.8,1.3,2014-04-08,0044,Terra,MODIS,54,6.2,284.8,8.7,D,0
-34.4014,145.7846,303.2,1.5,1.2,2014-04-08,0044,Terra,MODIS,54,6.2,278,7.3,D,0
-31.6075,146.0121,308.6,1.4,1.2,2014-04-08,0044,Terra,MODIS,12,6.2,292.9,7.5,D,0
-32.3201,147.6929,343.6,1.9,1.3,2014-04-08,0044,Terra,MODIS,93,6.2,295,113.6,D,0
-32.2084,146.0128,314.4,1.5,1.2,2014-04-08,0044,Terra,MODIS,35,6.2,297.5,10.3,D,0
-36.2712,145.5405,361,1.5,1.2,2014-04-08,0045,Terra,MODIS,100,6.2,294.6,160.3,D,0
-36.2708,145.5339,321.7,1.5,1.2,2014-04-08,0045,Terra,MODIS,80,6.2,293,28.3,D,0
-35.8254,146.776,311,1.8,1.3,2014-04-08,0045,Terra,MODIS,68,6.2,293.3,14.8,D,0
-35.7308,146.0337,311.9,1.6,1.3,2014-04-08,0045,Terra,MODIS,68,6.2,293.9,12.6,D,0
-35.5665,146.3311,319.5,1.7,1.3,2014-04-08,0045,Terra,MODIS,79,6.2,295.4,25.9,D,0
-36.2815,146.1053,305.5,1.7,1.3,2014-04-08,0045,Terra,MODIS,48,6.2,280.1,9.1,D,0
-35.7326,146.0519,315,1.6,1.3,2014-04-08,0045,Terra,MODIS,73,6.2,294.4,17.7,D,0
-36.273,145.5578,354,1.6,1.2,2014-04-08,0045,Terra,MODIS,97,6.2,293.8,126.5,D,0
-36.2725,145.5513,361.5,1.6,1.2,2014-04-08,0045,Terra,MODIS,100,6.2,295.5,163,D,0
-15.1457,128.1695,319.8,2.6,1.6,2014-04-08,0218,Terra,MODIS,0,6.2,298.5,32.8,D,0
-15.1509,128.1635,318.3,2.6,1.6,2014-04-08,0218,Terra,MODIS,0,6.2,298.3,31.6,D,0
-20.3318,123.4062,340,1.4,1.2,2014-04-08,0219,Terra,MODIS,84,6.2,308.8,43.9,D,0
-20.2772,123.5287,339.4,1.4,1.2,2014-04-08,0219,Terra,MODIS,79,6.2,306.9,45.6,D,0
-20.2788,123.5422,338,1.4,1.2,2014-04-08,0219,Terra,MODIS,79,6.2,308,41.9,D,0
-20.2822,123.5694,344.8,1.4,1.2,2014-04-08,0219,Terra,MODIS,90,6.2,311.2,59.8,D,0
-20.5997,124.2071,330.7,1.6,1.2,2014-04-08,0219,Terra,MODIS,46,6.2,308,29.5,D,0
-21.7069,122.9578,328.2,1.4,1.2,2014-04-08,0220,Terra,MODIS,39,6.2,310.3,11.4,D,0
-21.711,122.904,331.7,1.3,1.2,2014-04-08,0220,Terra,MODIS,50,6.2,307.6,22.4,D,0
-21.6996,122.952,337.5,1.4,1.2,2014-04-08,0220,Terra,MODIS,72,6.2,310.4,35.4,D,0
-21.705,122.9113,342.7,1.3,1.2,2014-04-08,0220,Terra,MODIS,72,6.2,307.7,51.2,D,0
-21.699,122.8924,340.5,1.3,1.1,2014-04-08,0220,Terra,MODIS,79,6.2,302.1,46.4,D,0
-21.6979,122.9389,340.9,1.4,1.2,2014-04-08,0220,Terra,MODIS,80,6.2,310.7,44.3,D,0
-21.6946,122.9128,350,1.3,1.2,2014-04-08,0220,Terra,MODIS,94,6.2,306.9,76.3,D,0
-21.7053,122.9446,343.5,1.4,1.2,2014-04-08,0220,Terra,MODIS,89,6.2,309.7,45.6,D,0
-21.693,122.8997,337.7,1.3,1.1,2014-04-08,0220,Terra,MODIS,79,6.2,302.1,44.4,D,0
-21.7033,122.8984,347.7,1.3,1.1,2014-04-08,0220,Terra,MODIS,92,6.2,305.1,70.4,D,0
-21.7782,116.0506,331.3,1.2,1.1,2014-04-08,0220,Terra,MODIS,50,6.2,315.6,18.2,D,0
-21.788,116.0488,334.4,1.2,1.1,2014-04-08,0220,Terra,MODIS,71,6.2,315.1,23.4,D,0
-21.7979,116.0469,337.9,1.2,1.1,2014-04-08,0220,Terra,MODIS,80,6.2,313.7,29.7,D,0
-21.5422,116.8061,323.1,1.1,1.1,2014-04-08,0220,Terra,MODIS,64,6.2,308.3,9.7,D,0
-21.5309,116.797,330,1.1,1.1,2014-04-08,0220,Terra,MODIS,77,6.2,309.8,19.7,D,0
-21.5404,116.7952,331.5,1.1,1.1,2014-04-08,0220,Terra,MODIS,79,6.2,309.5,22,D,0
-21.682,122.7318,361.3,1.3,1.1,2014-04-08,0220,Terra,MODIS,100,6.2,311.7,110.2,D,0
-21.6717,122.7332,375.4,1.3,1.1,2014-04-08,0220,Terra,MODIS,100,6.2,311.9,180.5,D,0
-21.6701,122.7205,364.8,1.3,1.1,2014-04-08,0220,Terra,MODIS,100,6.2,307.6,129.5,D,0
-21.6803,122.7383,376,1.3,1.1,2014-04-08,0220,Terra,MODIS,100,6.2,315.3,179.8,D,0
-21.6818,122.751,330.5,1.3,1.1,2014-04-08,0220,Terra,MODIS,76,6.2,312,17.4,D,0
-21.6836,122.7444,365.5,1.3,1.1,2014-04-08,0220,Terra,MODIS,100,6.2,313.7,127.9,D,0
-21.6772,122.713,327.1,1.3,1.1,2014-04-08,0220,Terra,MODIS,55,6.2,304.7,15.3,D,0
-21.6787,122.7256,355.8,1.3,1.1,2014-04-08,0220,Terra,MODIS,97,6.2,308.5,86.8,D,0
-21.6787,122.7065,333.6,1.3,1.1,2014-04-08,0220,Terra,MODIS,80,6.2,305.8,30.4,D,0
-30.4014,116.3156,318.9,1,1,2014-04-08,0222,Terra,MODIS,65,6.2,303.3,6.9,D,0
-29.4961,115.649,318.3,1.1,1,2014-04-08,0222,Terra,MODIS,60,6.2,304.1,7,D,0
-31.015,116.9093,316.1,1,1,2014-04-08,0222,Terra,MODIS,61,6.2,301,6.3,D,0
-30.5928,115.8233,347.4,1,1,2014-04-08,0222,Terra,MODIS,93,6.2,303.6,50.4,D,0
-30.5944,115.834,321.5,1,1,2014-04-08,0222,Terra,MODIS,70,6.2,302.3,11,D,0
-30.6414,115.785,333,1,1,2014-04-08,0222,Terra,MODIS,84,6.2,304.2,25.4,D,0
-30.6397,115.7743,332.6,1,1,2014-04-08,0222,Terra,MODIS,83,6.2,303.8,24.8,D,0
-30.0061,115.6729,323.1,1,1,2014-04-08,0222,Terra,MODIS,72,6.2,303.9,12,D,0
-29.3301,115.2486,320,1.1,1,2014-04-08,0222,Terra,MODIS,62,6.2,305.7,6.8,D,0
-28.2932,114.8,329,1.2,1.1,2014-04-08,0222,Terra,MODIS,78,6.2,307.2,20.8,D,0
-29.4051,115.556,331.9,1.1,1,2014-04-08,0222,Terra,MODIS,82,6.2,306.9,22.2,D,0
-29.4069,115.5668,320.9,1.1,1,2014-04-08,0222,Terra,MODIS,67,6.2,306.4,8.4,D,0
-30.8397,116.6553,321.7,1,1,2014-04-08,0222,Terra,MODIS,72,6.2,301.7,11.8,D,0
-30.3908,116.307,326.1,1,1,2014-04-08,0222,Terra,MODIS,77,6.2,305.4,14.4,D,0
-30.3998,116.3052,330,1,1,2014-04-08,0222,Terra,MODIS,81,6.2,304.4,19.1,D,0
-29.0846,115.2897,323.7,1.1,1,2014-04-08,0222,Terra,MODIS,70,6.2,306.2,11.2,D,0
-29.0864,115.3008,320,1.1,1,2014-04-08,0222,Terra,MODIS,62,6.2,306.6,6.9,D,0
-30.8849,116.105,317.3,1,1,2014-04-08,0222,Terra,MODIS,63,6.2,303.4,7.3,D,0
-30.8307,116.6571,329.1,1,1,2014-04-08,0222,Terra,MODIS,81,6.2,303.6,19.4,D,0
-30.8291,116.6467,325.6,1,1,2014-04-08,0222,Terra,MODIS,77,6.2,303.6,15.6,D,0
-30.6244,116.2091,321.9,1,1,2014-04-08,0222,Terra,MODIS,71,6.2,304.6,10.6,D,0
-30.626,116.2196,325.8,1,1,2014-04-08,0222,Terra,MODIS,77,6.2,303.8,15.1,D,0
-30.7903,115.8471,317.3,1,1,2014-04-08,0222,Terra,MODIS,62,6.2,304,6.9,D,0
-28.4855,114.9032,323.5,1.1,1.1,2014-04-08,0222,Terra,MODIS,69,6.2,305.7,11.5,D,0
-28.4874,114.9148,325.1,1.1,1.1,2014-04-08,0222,Terra,MODIS,72,6.2,305.6,13.7,D,0
-28.4931,114.8897,348.1,1.1,1.1,2014-04-08,0222,Terra,MODIS,93,6.2,306.1,55.8,D,0
-28.495,114.9012,344.7,1.1,1.1,2014-04-08,0222,Terra,MODIS,91,6.2,305.9,48.1,D,0
-28.497,114.9128,324.5,1.1,1.1,2014-04-08,0222,Terra,MODIS,61,6.2,305.3,12.2,D,0
-28.6633,114.6833,322.6,1.2,1.1,2014-04-08,0222,Terra,MODIS,67,6.2,306.6,11.2,D,0
-28.6652,114.6949,321.7,1.2,1.1,2014-04-08,0222,Terra,MODIS,65,6.2,306.4,9.8,D,0
-28.2101,114.5469,317.7,1.2,1.1,2014-04-08,0222,Terra,MODIS,51,6.2,304.9,6.8,D,0
-34.2914,118.2545,320.4,1.1,1,2014-04-08,0223,Terra,MODIS,78,6.2,284.1,18.2,D,0
-33.1929,118.1082,309.9,1.1,1,2014-04-08,0223,Terra,MODIS,43,6.2,287.6,6.7,D,0
-33.1914,118.0968,310.3,1.1,1,2014-04-08,0223,Terra,MODIS,35,6.2,289.5,7,D,0
-32.5941,118.6929,313.7,1.1,1,2014-04-08,0223,Terra,MODIS,63,6.2,299.4,6,D,0
-33.0308,117.3764,328.7,1,1,2014-04-08,0223,Terra,MODIS,84,6.2,297,23.6,D,0
-33.5682,118.3248,310.9,1.1,1,2014-04-08,0223,Terra,MODIS,56,6.2,293.2,7.3,D,0
-33.5628,118.3203,310,1.1,1,2014-04-08,0223,Terra,MODIS,33,6.2,292.9,6.4,D,0
-34.2899,118.2425,318.3,1.1,1,2014-04-08,0223,Terra,MODIS,76,6.2,281.4,15.5,D,0
-32.916,119.7159,319.8,1.2,1.1,2014-04-08,0223,Terra,MODIS,59,6.2,298.8,13.3,D,0
-31.7833,116.6272,336.5,1,1,2014-04-08,0223,Terra,MODIS,88,6.2,301.5,30,D,0
-32.0183,116.7854,319.1,1,1,2014-04-08,0223,Terra,MODIS,73,6.2,299.5,9.9,D,0
-32.5568,118.221,314.8,1.1,1,2014-04-08,0223,Terra,MODIS,64,6.2,300.4,7,D,0
-31.5827,118.9605,322.5,1.1,1,2014-04-08,0223,Terra,MODIS,76,6.2,300.9,15.3,D,0
-31.0221,116.2772,316.8,1,1,2014-04-08,0223,Terra,MODIS,44,6.2,303.7,6.2,D,0
-31.0236,116.2877,322.1,1,1,2014-04-08,0223,Terra,MODIS,73,6.2,304,11.3,D,0
-32.7498,118.1502,324.2,1.1,1,2014-04-08,0223,Terra,MODIS,78,6.2,299,17.3,D,0
-31.0311,116.2754,318.9,1,1,2014-04-08,0223,Terra,MODIS,56,6.2,303.4,7.6,D,0
-32.0168,116.7748,318,1,1,2014-04-08,0223,Terra,MODIS,72,6.2,299.4,8.9,D,0
-31.9372,116.7965,316.6,1,1,2014-04-08,0223,Terra,MODIS,40,6.2,301.5,6.6,D,0
-31.9282,116.7983,315.5,1,1,2014-04-08,0223,Terra,MODIS,47,6.2,300.3,5.9,D,0
-31.3513,116.8188,355,1,1,2014-04-08,0223,Terra,MODIS,97,6.2,303.8,65.3,D,0
-31.3498,116.8083,326.8,1,1,2014-04-08,0223,Terra,MODIS,79,6.2,302.6,16.3,D,0
-31.3423,116.8206,326.4,1,1,2014-04-08,0223,Terra,MODIS,79,6.2,303.3,15.8,D,0
-31.4536,116.5119,333.9,1,1,2014-04-08,0223,Terra,MODIS,86,6.2,303.3,26,D,0
-31.4521,116.5014,332.3,1,1,2014-04-08,0223,Terra,MODIS,84,6.2,302.8,24,D,0
-31.1942,116.625,328.4,1,1,2014-04-08,0223,Terra,MODIS,81,6.2,302.5,18.1,D,0
-31.1926,116.6146,364.7,1,1,2014-04-08,0223,Terra,MODIS,100,6.2,305.4,90.7,D,0
-31.1644,116.674,324.4,1,1,2014-04-08,0223,Terra,MODIS,76,6.2,303.9,13,D,0
-32.534,116.915,316.5,1,1,2014-04-08,0223,Terra,MODIS,70,6.2,298.6,8.1,D,0
-32.5356,116.9257,316.6,1,1,2014-04-08,0223,Terra,MODIS,70,6.2,299.3,8.4,D,0
-35.6209,146.7652,317.7,4.3,1.9,2014-04-08,0322,Aqua,MODIS,78,6.2,291.4,81.3,D,0
-35.9452,146.6644,306.5,4.4,1.9,2014-04-08,0322,Aqua,MODIS,49,6.2,286.6,33.3,D,0
-35.8081,146.9353,317,4.3,1.9,2014-04-08,0322,Aqua,MODIS,77,6.2,290.2,88.7,D,0
-36.4352,146.8261,314.1,4.4,1.9,2014-04-08,0322,Aqua,MODIS,74,6.2,278.5,108.3,D,0
-35.6385,146.7656,329.5,4.3,1.9,2014-04-08,0322,Aqua,MODIS,86,6.2,292,187.3,D,0
-35.4248,147.2245,347.5,4.1,1.9,2014-04-08,0322,Aqua,MODIS,95,6.2,288.6,412.2,D,0
-35.5847,146.8203,311.2,4.3,1.9,2014-04-08,0322,Aqua,MODIS,71,6.2,291.7,47.6,D,0
-35.8709,146.2371,312.2,4.7,2,2014-04-08,0322,Aqua,MODIS,62,6.2,283,65.6,D,0
-35.6588,147.4766,306.5,3.9,1.8,2014-04-08,0322,Aqua,MODIS,53,6.2,285.2,36.2,D,0
-35.6474,147.4347,310.3,3.9,1.8,2014-04-08,0322,Aqua,MODIS,70,6.2,285.3,53.5,D,0
-35.4227,147.2697,347,4,1.9,2014-04-08,0322,Aqua,MODIS,95,6.2,285.5,402.2,D,0
-36.4348,146.8295,312.7,4.4,1.9,2014-04-08,0322,Aqua,MODIS,73,6.2,278.4,104.4,D,0
-35.6252,146.2092,321.5,4.7,2,2014-04-08,0322,Aqua,MODIS,81,6.2,290.1,125.7,D,0
-35.6092,146.1998,316.4,4.7,2,2014-04-08,0322,Aqua,MODIS,77,6.2,290.5,76.4,D,0
-35.8554,147.0908,307.2,4.2,1.9,2014-04-08,0322,Aqua,MODIS,51,6.2,289,39,D,0
-35.884,146.8497,312.8,4.3,1.9,2014-04-08,0322,Aqua,MODIS,73,6.2,288.4,65.3,D,0
-35.6274,146.2006,312.4,4.7,2,2014-04-08,0322,Aqua,MODIS,60,6.2,290.2,48.1,D,0
-35.5745,146.6204,329,4.4,1.9,2014-04-08,0322,Aqua,MODIS,86,6.2,293.9,184.8,D,0
-35.5745,146.6118,327.9,4.4,1.9,2014-04-08,0322,Aqua,MODIS,85,6.2,293.9,173.7,D,0
-35.5814,146.8605,310.1,4.3,1.9,2014-04-08,0322,Aqua,MODIS,48,6.2,291.1,37.6,D,0
-35.4398,147.271,302.9,4,1.9,2014-04-08,0322,Aqua,MODIS,14,6.2,283.6,18.2,D,0
-35.8665,146.8531,308.7,4.3,1.9,2014-04-08,0322,Aqua,MODIS,40,6.2,289,37.6,D,0
-35.8097,146.943,311.1,4.3,1.9,2014-04-08,0322,Aqua,MODIS,68,6.2,289.7,54,D,0
-35.884,146.8539,314.3,4.3,1.9,2014-04-08,0322,Aqua,MODIS,75,6.2,288.3,76.9,D,0
-35.5689,146.3035,312.6,4.6,2,2014-04-08,0322,Aqua,MODIS,56,6.2,291.1,45.6,D,0
-35.8664,146.8489,309.2,4.3,1.9,2014-04-08,0322,Aqua,MODIS,43,6.2,289.3,39.9,D,0
-35.9452,146.6567,306.8,4.4,1.9,2014-04-08,0322,Aqua,MODIS,46,6.2,287,34.8,D,0
-35.6217,146.7737,327.7,4.3,1.9,2014-04-08,0322,Aqua,MODIS,85,6.2,291.5,170.5,D,0
-35.5715,146.3008,312,4.6,2,2014-04-08,0322,Aqua,MODIS,60,6.2,291.1,41.5,D,0
-35.6394,146.7743,331.8,4.3,1.9,2014-04-08,0322,Aqua,MODIS,88,6.2,292,219.5,D,0
-35.8567,147.0949,308.2,4.2,1.9,2014-04-08,0322,Aqua,MODIS,62,6.2,288.9,44.3,D,0
-35.2261,146.8632,309.1,4.3,1.9,2014-04-08,0323,Aqua,MODIS,60,6.2,288,43.6,D,0
-34.2476,147.6296,321.8,3.7,1.8,2014-04-08,0323,Aqua,MODIS,81,6.2,281.6,118,D,0
-32.3234,147.6772,309.9,3.6,1.8,2014-04-08,0323,Aqua,MODIS,60,6.2,286.2,36,D,0
-34.811,147.3158,312,3.9,1.8,2014-04-08,0323,Aqua,MODIS,69,6.2,281.4,63,D,0
-34.5426,147.0087,302.3,4.1,1.9,2014-04-08,0323,Aqua,MODIS,52,6.2,273.5,28.7,D,0
-35.4119,146.6992,319.2,4.4,1.9,2014-04-08,0323,Aqua,MODIS,79,6.2,292.3,95.5,D,0
-32.2117,145.997,308.9,4.6,2,2014-04-08,0323,Aqua,MODIS,59,6.2,285.4,41.9,D,0
-35.4362,147.2624,317.4,4,1.9,2014-04-08,0323,Aqua,MODIS,78,6.2,285,94.7,D,0
-35.0799,146.9918,323.4,4.2,1.9,2014-04-08,0323,Aqua,MODIS,82,6.2,287.2,147.6,D,0
-34.551,147.588,305.3,3.8,1.8,2014-04-08,0323,Aqua,MODIS,13,6.2,283.1,23.6,D,0
-35.4114,146.6908,318.3,4.4,1.9,2014-04-08,0323,Aqua,MODIS,78,6.2,292.2,91.2,D,0
-34.5457,147.0161,301.4,4.1,1.9,2014-04-08,0323,Aqua,MODIS,46,6.2,273.2,24.3,D,0
-34.5599,147.4187,309,3.9,1.8,2014-04-08,0323,Aqua,MODIS,68,6.2,284.8,48.5,D,0
-34.5345,147.5866,305,3.8,1.8,2014-04-08,0323,Aqua,MODIS,23,6.2,283.1,22.5,D,0
-35.0774,146.9839,324.1,4.2,1.9,2014-04-08,0323,Aqua,MODIS,83,6.2,287.3,153.2,D,0
-34.2421,147.6241,321.5,3.7,1.8,2014-04-08,0323,Aqua,MODIS,81,6.2,280.5,115.6,D,0
-34.5488,147.6296,309.2,3.8,1.8,2014-04-08,0323,Aqua,MODIS,52,6.2,284.8,43.1,D,0
-34.3641,147.4359,302.1,3.8,1.8,2014-04-08,0323,Aqua,MODIS,31,6.2,274.8,24.2,D,0
-35.4192,147.2612,352.8,4,1.9,2014-04-08,0323,Aqua,MODIS,97,6.2,287.2,487.6,D,0
-34.8144,147.3203,313.2,3.9,1.8,2014-04-08,0323,Aqua,MODIS,73,6.2,282.1,73.9,D,0
-34.5366,147.5452,306.7,3.8,1.8,2014-04-08,0323,Aqua,MODIS,27,6.2,283.6,27.6,D,0
-34.6697,147.4382,304.8,3.9,1.8,2014-04-08,0323,Aqua,MODIS,60,6.2,281.8,30.6,D,0
-32.2136,145.9937,308.4,4.6,2,2014-04-08,0323,Aqua,MODIS,45,6.2,285.4,37.8,D,0
-35.2441,147.2907,309.9,4,1.9,2014-04-08,0323,Aqua,MODIS,68,6.2,286.2,49.7,D,0
-35.2402,147.282,320.2,4,1.9,2014-04-08,0323,Aqua,MODIS,80,6.2,286.5,116.6,D,0
-35.4214,147.2161,331.7,4.1,1.9,2014-04-08,0323,Aqua,MODIS,88,6.2,287.2,206.8,D,0
-34.6646,147.4305,304.4,3.9,1.8,2014-04-08,0323,Aqua,MODIS,59,6.2,281.9,27.9,D,0
-35.2271,147.2896,307.7,4,1.9,2014-04-08,0323,Aqua,MODIS,58,6.2,285.4,38.5,D,0
-35.4385,147.2173,310.2,4.1,1.9,2014-04-08,0323,Aqua,MODIS,68,6.2,286.7,50.3,D,0
-34.3093,147.1694,301,4,1.9,2014-04-08,0323,Aqua,MODIS,40,6.2,273.3,21.5,D,0
-34.0582,147.4313,302,3.8,1.8,2014-04-08,0323,Aqua,MODIS,30,6.2,273.7,20.4,D,0
-35.3895,146.7886,316.2,4.3,1.9,2014-04-08,0323,Aqua,MODIS,44,6.2,290.9,78.8,D,0
-34.3297,147.9195,304.9,3.6,1.8,2014-04-08,0323,Aqua,MODIS,44,6.2,283.9,21.7,D,0
-34.2694,147.8347,310.5,3.6,1.8,2014-04-08,0323,Aqua,MODIS,67,6.2,287.5,40.5,D,0
-34.3812,147.8551,311.9,3.6,1.8,2014-04-08,0323,Aqua,MODIS,53,6.2,284.2,47.6,D,0
-34.3747,147.8499,323.1,3.6,1.8,2014-04-08,0323,Aqua,MODIS,82,6.2,284.9,118,D,0
-34.365,147.8538,319.3,3.6,1.8,2014-04-08,0323,Aqua,MODIS,79,6.2,283.8,90.5,D,0
-34.3629,147.8939,308.7,3.6,1.8,2014-04-08,0323,Aqua,MODIS,55,6.2,284.3,35.3,D,0
-34.3724,147.8899,317.8,3.6,1.8,2014-04-08,0323,Aqua,MODIS,78,6.2,285.2,84.4,D,0
-28.3093,150.137,332.7,2.2,1.4,2014-04-08,0324,Aqua,MODIS,84,6.2,298.1,78.5,D,0
-28.3113,150.1146,313.1,2.2,1.4,2014-04-08,0324,Aqua,MODIS,39,6.2,298.5,16.7,D,0
-30.1847,149.2313,314.4,2.6,1.6,2014-04-08,0324,Aqua,MODIS,62,6.2,294.7,22.2,D,0
-28.3116,150.1325,325.5,2.2,1.4,2014-04-08,0324,Aqua,MODIS,78,6.2,298.3,50.3,D,0
-28.2986,150.131,314.4,2.2,1.4,2014-04-08,0324,Aqua,MODIS,34,6.2,299,17.5,D,0
-30.1879,149.2362,313.2,2.6,1.6,2014-04-08,0324,Aqua,MODIS,60,6.2,294.1,18.7,D,0
-29.9648,149.9387,321.4,2.3,1.5,2014-04-08,0324,Aqua,MODIS,65,6.2,297.5,33.7,D,0
-26.6999,151.8657,313.2,1.6,1.2,2014-04-08,0325,Aqua,MODIS,41,6.2,294.8,14,D,0
-25.8893,148.7656,316.2,2.5,1.5,2014-04-08,0325,Aqua,MODIS,52,6.2,297.3,24.5,D,0
-25.2129,149.119,325.2,2.3,1.5,2014-04-08,0325,Aqua,MODIS,60,6.2,294.3,59.3,D,0
-25.2173,149.1122,319.8,2.3,1.5,2014-04-08,0325,Aqua,MODIS,43,6.2,295.2,43.1,D,0
-25.2039,149.1109,312.9,2.3,1.5,2014-04-08,0325,Aqua,MODIS,21,6.2,291.2,22.4,D,0
-35.6419,147.4715,321.2,4.3,1.9,2014-04-08,0500,Aqua,MODIS,70,6.2,285.5,134.5,D,0
-33.6583,146.0311,311.6,4,1.9,2014-04-08,0501,Aqua,MODIS,50,6.2,279.8,59.4,D,0
-34.5259,147.0592,320.7,4.4,1.9,2014-04-08,0501,Aqua,MODIS,69,6.2,280,126.3,D,0
-34.5246,147.0634,317.5,4.4,1.9,2014-04-08,0501,Aqua,MODIS,68,6.2,280,113.9,D,0
-35.0105,146.6349,319,4,1.9,2014-04-08,0501,Aqua,MODIS,70,6.2,284.2,110.3,D,0
-34.5376,147.0128,320.1,4.4,1.9,2014-04-08,0501,Aqua,MODIS,65,6.2,280.6,120.2,D,0
-34.5366,147.017,322.8,4.4,1.9,2014-04-08,0501,Aqua,MODIS,76,6.2,280.7,155.8,D,0
-33.204,121.1975,324.3,4.7,2,2014-04-08,0502,Aqua,MODIS,80,6.2,300.3,143.1,D,0
-33.2061,121.1461,322,4.7,2,2014-04-08,0502,Aqua,MODIS,70,6.2,300,128.5,D,0
-33.2085,121.1379,316.1,4.7,2,2014-04-08,0502,Aqua,MODIS,37,6.2,299.1,77.4,D,0
-33.2061,121.1891,327.5,4.7,2,2014-04-08,0502,Aqua,MODIS,82,6.2,300.1,179.2,D,0
-20.6126,124.2054,332.1,2.1,1.4,2014-04-08,0505,Aqua,MODIS,55,6.2,313,34.2,D,0
-23.4945,126.5434,318.1,1.6,1.2,2014-04-08,0505,Aqua,MODIS,64,6.2,296.7,17,D,0
-21.7175,122.9375,333.3,2.7,1.6,2014-04-08,0505,Aqua,MODIS,40,6.2,305.3,87,D,0
-21.7085,122.8838,338.7,2.7,1.6,2014-04-08,0505,Aqua,MODIS,75,6.2,296.6,125.6,D,0
-21.6942,122.8823,344.6,2.7,1.6,2014-04-08,0505,Aqua,MODIS,79,6.2,297.6,172.4,D,0
-20.324,123.4037,346.3,2.4,1.5,2014-04-08,0506,Aqua,MODIS,92,6.2,314.9,125.3,D,0
-20.2778,123.5802,330.9,2.3,1.5,2014-04-08,0506,Aqua,MODIS,74,6.2,309.9,47.8,D,0
-20.3214,123.3871,331.7,2.4,1.5,2014-04-08,0506,Aqua,MODIS,49,6.2,311.3,45.2,D,0
-20.2826,123.5359,333.4,2.3,1.5,2014-04-08,0506,Aqua,MODIS,70,6.2,313.2,54.8,D,0
-20.281,123.5199,332.4,2.3,1.5,2014-04-08,0506,Aqua,MODIS,53,6.2,312.3,45.5,D,0
-20.2765,123.5644,347.7,2.3,1.5,2014-04-08,0506,Aqua,MODIS,92,6.2,311.4,135.9,D,0
-20.2787,123.5422,335.6,2.3,1.5,2014-04-08,0506,Aqua,MODIS,75,6.2,311.8,60.1,D,0
-16.3225,127.8373,317.9,1.1,1,2014-04-08,0506,Aqua,MODIS,50,6.2,294.9,7.2,D,0
-20.2802,123.558,345.1,2.3,1.5,2014-04-08,0506,Aqua,MODIS,91,6.2,312.5,119.9,D,0
-20.3191,123.41,349.4,2.4,1.5,2014-04-08,0506,Aqua,MODIS,94,6.2,313.8,148.7,D,0
-14.7284,131.1026,328.9,1.1,1,2014-04-08,0507,Aqua,MODIS,75,6.2,292.9,19.4,D,0
-14.1035,133.9521,325.9,1.6,1.2,2014-04-08,0507,Aqua,MODIS,72,6.2,301.9,23.1,D,0
-14.1011,133.9669,328.6,1.6,1.2,2014-04-08,0507,Aqua,MODIS,80,6.2,302,31.4,D,0
-14.1037,133.9591,337.5,1.6,1.2,2014-04-08,0507,Aqua,MODIS,87,6.2,302.4,54.9,D,0
-14.2463,133.6523,325.6,1.5,1.2,2014-04-08,0507,Aqua,MODIS,63,6.2,304,18.5,D,0
-32.4331,117.7767,327.5,2.6,1.5,2014-04-08,0640,Aqua,MODIS,81,6.2,301.7,67.9,D,0
-32.1168,117.0495,317.4,2.4,1.5,2014-04-08,0640,Aqua,MODIS,61,6.2,301.5,23.6,D,0
-32.2146,116.6625,317,2.2,1.4,2014-04-08,0640,Aqua,MODIS,65,6.2,301,22.2,D,0
-32.2121,116.669,316.4,2.2,1.4,2014-04-08,0640,Aqua,MODIS,58,6.2,301.3,20.3,D,0
-32.5573,117.259,315.4,2.4,1.5,2014-04-08,0640,Aqua,MODIS,50,6.2,301.9,18.8,D,0
-32.2339,117.0638,317.8,2.4,1.5,2014-04-08,0640,Aqua,MODIS,68,6.2,300.5,22.8,D,0
-32.4226,117.7781,330.8,2.6,1.5,2014-04-08,0640,Aqua,MODIS,83,6.2,300.9,84,D,0
-32.4287,117.7509,318.7,2.6,1.5,2014-04-08,0640,Aqua,MODIS,69,6.2,300.4,30.3,D,0
-32.5521,117.2837,318.4,2.4,1.5,2014-04-08,0640,Aqua,MODIS,67,6.2,300.3,30.5,D,0
-32.4117,117.7409,329.7,2.6,1.5,2014-04-08,0640,Aqua,MODIS,82,6.2,299.4,76.2,D,0
-32.5504,117.2615,316.3,2.4,1.5,2014-04-08,0640,Aqua,MODIS,51,6.2,301.8,22.2,D,0
-32.4195,117.7723,316.3,2.6,1.5,2014-04-08,0640,Aqua,MODIS,36,6.2,300.7,22.3,D,0
-32.5485,117.5337,320.2,2.5,1.5,2014-04-08,0640,Aqua,MODIS,72,6.2,301.8,33.6,D,0
-33.2615,117.0014,318.8,2.2,1.4,2014-04-08,0640,Aqua,MODIS,38,6.2,303.9,20.9,D,0
-33.277,116.9885,318.6,2.2,1.4,2014-04-08,0640,Aqua,MODIS,70,6.2,303.6,22.4,D,0
-33.272,117.012,316.2,2.2,1.4,2014-04-08,0640,Aqua,MODIS,65,6.2,302.3,15,D,0
-33.7568,116.3335,315.5,2,1.4,2014-04-08,0640,Aqua,MODIS,56,6.2,301.7,16.3,D,0
-33.0889,116.9356,320.2,2.2,1.4,2014-04-08,0640,Aqua,MODIS,72,6.2,303.7,27.3,D,0
-32.8814,117.2237,335.2,2.3,1.5,2014-04-08,0640,Aqua,MODIS,87,6.2,300.7,93.6,D,0
-34.1036,116.4611,327.1,2,1.4,2014-04-08,0640,Aqua,MODIS,73,6.2,296.2,53.1,D,0
-33.084,116.9592,317.9,2.2,1.4,2014-04-08,0640,Aqua,MODIS,69,6.2,303.3,21,D,0
-33.0866,116.9426,324.5,2.2,1.4,2014-04-08,0640,Aqua,MODIS,78,6.2,304,39.9,D,0
-34.0994,116.4819,337,2,1.4,2014-04-08,0640,Aqua,MODIS,89,6.2,297.3,89.3,D,0
-32.8945,117.5266,318.6,2.4,1.5,2014-04-08,0640,Aqua,MODIS,67,6.2,300.9,31.2,D,0
-32.889,117.5201,319.1,2.4,1.5,2014-04-08,0640,Aqua,MODIS,63,6.2,300.3,31.9,D,0
-33.1122,116.9502,320.6,2.2,1.4,2014-04-08,0640,Aqua,MODIS,72,6.2,303.3,25.9,D,0
-32.9072,116.4614,324.9,2.1,1.4,2014-04-08,0640,Aqua,MODIS,78,6.2,301.3,42.8,D,0
-34.4567,117.3334,324.3,2.2,1.4,2014-04-08,0640,Aqua,MODIS,76,6.2,302,46,D,0
-34.2238,117.4232,319,2.2,1.4,2014-04-08,0640,Aqua,MODIS,74,6.2,302.4,28.1,D,0
-34.0673,116.4503,324.3,2,1.4,2014-04-08,0640,Aqua,MODIS,64,6.2,299,40.2,D,0
-34.0836,116.4333,325.4,1.9,1.4,2014-04-08,0640,Aqua,MODIS,44,6.2,296.9,43.8,D,0
-34.0715,116.4296,325.7,1.9,1.4,2014-04-08,0640,Aqua,MODIS,73,6.2,298.5,47.3,D,0
-34.1063,116.4691,328.6,2,1.4,2014-04-08,0640,Aqua,MODIS,83,6.2,295.8,60.3,D,0
-34.1019,116.49,317.4,2,1.4,2014-04-08,0640,Aqua,MODIS,55,6.2,296.4,28.9,D,0
-34.0794,116.454,326.7,2,1.4,2014-04-08,0640,Aqua,MODIS,55,6.2,297.9,45.1,D,0
-32.4261,118.5222,325.7,2.9,1.6,2014-04-08,0640,Aqua,MODIS,79,6.2,300.7,70.4,D,0
-32.8962,116.4528,327.2,2.1,1.4,2014-04-08,0640,Aqua,MODIS,80,6.2,301.1,48.7,D,0
-32.8948,116.4576,328.3,2.1,1.4,2014-04-08,0640,Aqua,MODIS,80,6.2,302,50.9,D,0
-34.0873,116.4783,333,2,1.4,2014-04-08,0640,Aqua,MODIS,81,6.2,298.5,69.2,D,0
-33.0168,117.3494,321.3,2.4,1.5,2014-04-08,0640,Aqua,MODIS,59,6.2,302.6,33.5,D,0
-31.6242,116.7377,323.8,2.3,1.5,2014-04-08,0641,Aqua,MODIS,74,6.2,303.8,35.9,D,0
-31.8963,117.2311,319.2,2.5,1.5,2014-04-08,0641,Aqua,MODIS,68,6.2,299,30,D,0
-31.8951,117.2115,321,2.5,1.5,2014-04-08,0641,Aqua,MODIS,71,6.2,300.8,33.6,D,0
-31.9016,117.2058,316.8,2.5,1.5,2014-04-08,0641,Aqua,MODIS,63,6.2,301.3,21.6,D,0
-31.8371,117.2407,316.8,2.5,1.5,2014-04-08,0641,Aqua,MODIS,63,6.2,302.1,22.2,D,0
-31.883,116.8307,322.1,2.3,1.5,2014-04-08,0641,Aqua,MODIS,72,6.2,304.3,33.2,D,0
-31.8237,117.2368,334.3,2.5,1.5,2014-04-08,0641,Aqua,MODIS,85,6.2,301,95.3,D,0
-31.8322,117.2344,332.6,2.5,1.5,2014-04-08,0641,Aqua,MODIS,84,6.2,302.6,86.3,D,0
-31.6284,116.7315,325.3,2.3,1.5,2014-04-08,0641,Aqua,MODIS,76,6.2,304.1,41.8,D,0
-31.6293,116.7139,319.5,2.3,1.5,2014-04-08,0641,Aqua,MODIS,67,6.2,304.1,21.7,D,0
-31.8206,116.7563,357.1,2.3,1.5,2014-04-08,0641,Aqua,MODIS,98,6.2,304.8,232.3,D,0
-31.8257,116.7322,323.7,2.3,1.5,2014-04-08,0641,Aqua,MODIS,75,6.2,300.4,38,D,0
-31.7549,116.8843,321.3,2.4,1.5,2014-04-08,0641,Aqua,MODIS,70,6.2,301.6,30.5,D,0
-31.8195,116.7741,322.3,2.3,1.5,2014-04-08,0641,Aqua,MODIS,73,6.2,303.6,33.7,D,0
-31.475,116.7592,338.9,2.3,1.5,2014-04-08,0641,Aqua,MODIS,88,6.2,305,105,D,0
-31.8246,116.7496,356.2,2.3,1.5,2014-04-08,0641,Aqua,MODIS,98,6.2,304.7,224.5,D,0
-31.6626,117.756,317,2.7,1.6,2014-04-08,0641,Aqua,MODIS,63,6.2,302,25.2,D,0
-30.8185,116.674,320.7,2.4,1.5,2014-04-08,0641,Aqua,MODIS,30,6.2,305.2,19.6,D,0
-30.8326,116.7091,323.4,2.4,1.5,2014-04-08,0641,Aqua,MODIS,70,6.2,306.2,32.3,D,0
-29.2811,115.0807,321.7,2,1.4,2014-04-08,0641,Aqua,MODIS,37,6.2,306.7,16,D,0
-29.0212,115.7119,323.1,2.3,1.5,2014-04-08,0641,Aqua,MODIS,69,6.2,309.3,23.4,D,0
-29.2815,115.0759,322,2,1.4,2014-04-08,0641,Aqua,MODIS,37,6.2,306.8,17,D,0
-30.977,116.4163,325.4,2.3,1.5,2014-04-08,0641,Aqua,MODIS,76,6.2,306.3,38.4,D,0
-30.7887,116.226,356.2,2.3,1.5,2014-04-08,0641,Aqua,MODIS,98,6.2,309.3,209.9,D,0
-29.4372,115.6881,325.3,2.2,1.4,2014-04-08,0641,Aqua,MODIS,74,6.2,309.5,25.9,D,0
-29.4351,115.704,327.5,2.2,1.4,2014-04-08,0641,Aqua,MODIS,77,6.2,310.8,33.9,D,0
-29.2706,115.7266,324.1,2.3,1.5,2014-04-08,0641,Aqua,MODIS,72,6.2,309.9,23.4,D,0
-31.4679,117.0251,351.7,2.4,1.5,2014-04-08,0641,Aqua,MODIS,96,6.2,303.7,204.9,D,0
-30.476,116.3961,320.5,2.3,1.5,2014-04-08,0641,Aqua,MODIS,66,6.2,304.7,20.3,D,0
-29.5015,115.7056,323.7,2.2,1.4,2014-04-08,0641,Aqua,MODIS,72,6.2,309.2,25.3,D,0
-30.7883,115.841,322.4,2.1,1.4,2014-04-08,0641,Aqua,MODIS,61,6.2,306.7,25.2,D,0
-29.0691,115.2104,325.7,2.1,1.4,2014-04-08,0641,Aqua,MODIS,73,6.2,310.2,24.1,D,0
-29.0735,115.1888,337.5,2.1,1.4,2014-04-08,0641,Aqua,MODIS,86,6.2,311.3,70.6,D,0
-29.0707,115.2056,331.6,2.1,1.4,2014-04-08,0641,Aqua,MODIS,80,6.2,310.4,46.2,D,0
-29.0749,115.1841,332.3,2.1,1.4,2014-04-08,0641,Aqua,MODIS,81,6.2,311.3,48.1,D,0
-30.784,116.2491,332.2,2.3,1.5,2014-04-08,0641,Aqua,MODIS,83,6.2,308.7,63.2,D,0
-30.874,116.1364,329.4,2.2,1.4,2014-04-08,0641,Aqua,MODIS,80,6.2,303.5,54.7,D,0
-30.7987,116.2363,326.4,2.3,1.5,2014-04-08,0641,Aqua,MODIS,71,6.2,307.2,41.6,D,0
-29.9863,115.7327,331.6,2.2,1.4,2014-04-08,0641,Aqua,MODIS,82,6.2,305.5,54.9,D,0
-29.9909,115.7104,338.3,2.2,1.4,2014-04-08,0641,Aqua,MODIS,88,6.2,309.8,84.7,D,0
-29.9877,115.7257,340.6,2.2,1.4,2014-04-08,0641,Aqua,MODIS,89,6.2,306.8,96.3,D,0
-29.9922,115.7033,327.4,2.2,1.4,2014-04-08,0641,Aqua,MODIS,78,6.2,309.5,37.2,D,0
-31.3072,116.6714,319.7,2.3,1.5,2014-04-08,0641,Aqua,MODIS,56,6.2,302.1,25.3,D,0
-29.902,116.0722,326.5,2.3,1.5,2014-04-08,0641,Aqua,MODIS,77,6.2,308,39.6,D,0
-29.9069,116.0489,322.9,2.3,1.5,2014-04-08,0641,Aqua,MODIS,72,6.2,307.2,26.7,D,0
-29.9057,116.0659,328.4,2.3,1.5,2014-04-08,0641,Aqua,MODIS,79,6.2,308.2,47.3,D,0
-29.9116,115.4469,321.3,2.1,1.4,2014-04-08,0641,Aqua,MODIS,61,6.2,307.8,17.2,D,0
-30.4911,115.079,327.5,1.9,1.4,2014-04-08,0641,Aqua,MODIS,0,6.2,299.9,49.6,D,0
-30.5032,115.0822,315.6,1.9,1.4,2014-04-08,0641,Aqua,MODIS,0,6.2,300.2,20.6,D,0
-30.1423,116.3846,321.5,2.4,1.5,2014-04-08,0641,Aqua,MODIS,40,6.2,304.6,18.6,D,0
-30.0187,116.2861,323,2.4,1.5,2014-04-08,0641,Aqua,MODIS,73,6.2,305.8,29.8,D,0
-29.9158,115.426,323,2.1,1.4,2014-04-08,0641,Aqua,MODIS,71,6.2,308.7,21.5,D,0
-29.2233,115.5638,330.3,2.2,1.4,2014-04-08,0641,Aqua,MODIS,80,6.2,309.9,41,D,0
-29.2105,115.5605,328,2.2,1.4,2014-04-08,0641,Aqua,MODIS,77,6.2,311,31.8,D,0
-31.3114,116.5205,320.3,2.3,1.5,2014-04-08,0641,Aqua,MODIS,67,6.2,304.4,26.5,D,0
-30.4961,115.5086,323.5,2.1,1.4,2014-04-08,0641,Aqua,MODIS,73,6.2,307.9,25.5,D,0
-28.2735,114.8736,327.8,2.1,1.4,2014-04-08,0642,Aqua,MODIS,74,6.2,311.6,27.2,D,0
-28.2776,114.8526,325.9,2.1,1.4,2014-04-08,0642,Aqua,MODIS,71,6.2,311.5,20.9,D,0
-28.2061,114.55,326.4,2,1.4,2014-04-08,0642,Aqua,MODIS,71,6.2,310.6,24.5,D,0
-21.7912,116.0305,328.1,3.5,1.8,2014-04-08,0643,Aqua,MODIS,65,6.2,312,57.3,D,0
-21.7818,116.0208,326.5,3.5,1.8,2014-04-08,0643,Aqua,MODIS,37,6.2,311.8,41.9,D,0
-26.3668,148.3341,312,1,1,2014-04-08,1249,Terra,MODIS,84,6.2,289.4,12.5,N,0
-26.3577,148.3326,316.2,1,1,2014-04-08,1249,Terra,MODIS,93,6.2,288.9,15.8,N,0
-26.7972,150.1974,311.8,1,1,2014-04-08,1249,Terra,MODIS,83,6.2,290.1,12.2,N,2
-26.9897,150.6248,327.9,1,1,2014-04-08,1249,Terra,MODIS,100,6.2,290.8,28.8,N,0
-26.9881,150.6352,301.9,1,1,2014-04-08,1249,Terra,MODIS,45,6.2,290.3,5.5,N,0
-26.7956,150.2077,303.8,1,1,2014-04-08,1249,Terra,MODIS,57,6.2,289.8,6.8,N,0
-28.3074,150.1317,312.2,1,1,2014-04-08,1249,Terra,MODIS,84,6.2,289.9,11.9,N,0
-28.3059,150.1419,303.8,1,1,2014-04-08,1249,Terra,MODIS,57,6.2,289.6,6.3,N,0
-28.2984,150.1299,301.9,1,1,2014-04-08,1249,Terra,MODIS,45,6.2,289.2,5.3,N,0
-25.8816,148.7802,310.8,1,1,2014-04-08,1250,Terra,MODIS,81,6.2,289.2,11.4,N,0
-25.8587,148.7493,302.1,1,1,2014-04-08,1250,Terra,MODIS,47,6.2,287.9,6.1,N,0
-25.4538,149.8218,307.5,1,1,2014-04-08,1250,Terra,MODIS,72,6.2,290.4,9,N,0
-32.7556,119.5982,301.5,1.8,1.3,2014-04-08,1427,Terra,MODIS,42,6.2,286.5,15.8,N,0
-32.7574,119.5782,321.1,1.9,1.3,2014-04-08,1427,Terra,MODIS,100,6.2,287,52.5,N,0
-32.7512,119.5919,305.5,1.8,1.3,2014-04-08,1427,Terra,MODIS,65,6.2,286.5,20.7,N,0
-32.7531,119.5721,303.4,1.9,1.3,2014-04-08,1427,Terra,MODIS,55,6.2,286,18,N,0
-33.4196,118.1981,315.9,2.3,1.5,2014-04-08,1427,Terra,MODIS,92,6.2,287,55.6,N,0
-32.7502,119.6577,306.4,1.8,1.3,2014-04-08,1427,Terra,MODIS,68,6.2,285.9,22.2,N,0
-33.4174,118.2234,313.7,2.3,1.5,2014-04-08,1427,Terra,MODIS,88,6.2,287.1,49.4,N,0
-33.401,118.2017,309.1,2.3,1.5,2014-04-08,1427,Terra,MODIS,76,6.2,286.3,37.6,N,0
-33.4145,118.203,340.2,2.3,1.5,2014-04-08,1427,Terra,MODIS,100,6.2,289.2,156,N,0
-33.4125,118.2282,317.1,2.3,1.5,2014-04-08,1427,Terra,MODIS,94,6.2,287,57.1,N,0
-33.4041,118.2219,326,2.3,1.5,2014-04-08,1427,Terra,MODIS,100,6.2,287.1,89.7,N,0
-33.4061,118.1969,327.3,2.3,1.5,2014-04-08,1427,Terra,MODIS,100,6.2,287.4,95.3,N,0
-29.2252,115.7498,302.8,3,1.7,2014-04-08,1428,Terra,MODIS,51,6.2,287.6,35.3,N,0
-20.2748,123.5612,302.2,1,1,2014-04-08,1430,Terra,MODIS,48,6.2,292,4.9,N,0
-20.2832,123.5035,304.2,1,1,2014-04-08,1430,Terra,MODIS,59,6.2,292,6.3,N,0
-20.2686,123.5405,301.5,1,1,2014-04-08,1430,Terra,MODIS,36,6.2,291,4.5,N,0
-20.3062,123.4091,302.8,1,1,2014-04-08,1430,Terra,MODIS,51,6.2,292.7,5.5,N,0
-20.581,124.2236,306.2,1,1,2014-04-08,1430,Terra,MODIS,67,6.2,294.7,6.4,N,0
-20.3259,123.3989,317,1,1,2014-04-08,1430,Terra,MODIS,94,6.2,293,14.7,N,0
-20.3155,123.407,308.4,1,1,2014-04-08,1430,Terra,MODIS,74,6.2,293.3,8.4,N,0
-20.3048,123.4186,311.9,1,1,2014-04-08,1430,Terra,MODIS,84,6.2,293.4,11.6,N,0
-21.6815,122.8544,325.2,1,1,2014-04-08,1430,Terra,MODIS,100,6.2,294.6,22.6,N,0
-21.6802,122.8641,317.9,1,1,2014-04-08,1430,Terra,MODIS,96,6.2,293.9,15.1,N,0
-21.6697,122.6776,325.1,1,1,2014-04-08,1430,Terra,MODIS,100,6.2,294.2,22.8,N,0
-21.6723,122.8564,307.1,1,1,2014-04-08,1430,Terra,MODIS,70,6.2,294.1,7.1,N,0
-21.6684,122.6873,359.3,1,1,2014-04-08,1430,Terra,MODIS,100,6.2,298.9,84.9,N,0
-21.6774,122.6888,315.5,1,1,2014-04-08,1430,Terra,MODIS,91,6.2,293.9,13.6,N,0
-21.6593,122.6859,325.2,1,1,2014-04-08,1430,Terra,MODIS,100,6.2,295.2,23,N,0
-20.7359,139.4753,308.2,1.1,1,2014-04-08,1559,Aqua,MODIS,72,6.2,295.7,6.8,N,2
-21.6624,122.685,334.8,2.1,1.4,2014-04-08,1738,Aqua,MODIS,100,6.2,293.8,107.2,N,0
-21.6636,122.6919,325.8,2.1,1.4,2014-04-08,1738,Aqua,MODIS,100,6.2,292.9,71.5,N,0
-21.7849,116.0394,307.4,1,1,2014-04-08,1738,Aqua,MODIS,71,6.2,291.9,8,N,0
-21.6644,122.8314,312.2,2.2,1.4,2014-04-08,1738,Aqua,MODIS,34,6.2,291.9,31.7,N,0
-21.6613,122.6716,330.6,2.1,1.4,2014-04-08,1738,Aqua,MODIS,100,6.2,292.9,88.9,N,0
-21.6665,122.8524,340.5,2.2,1.4,2014-04-08,1738,Aqua,MODIS,100,6.2,294.2,135.9,N,0
-21.6514,122.8329,307.7,2.2,1.4,2014-04-08,1738,Aqua,MODIS,66,6.2,292.1,23.9,N,0
-21.6603,122.6647,311.8,2.1,1.4,2014-04-08,1738,Aqua,MODIS,83,6.2,291.9,33,N,0
-21.6536,122.8396,323.8,2.2,1.4,2014-04-08,1738,Aqua,MODIS,100,6.2,292.9,68.4,N,0
-21.6559,122.8606,304.7,2.2,1.4,2014-04-08,1738,Aqua,MODIS,61,6.2,291.7,20.2,N,0
-21.6535,122.8539,308.3,2.2,1.4,2014-04-08,1738,Aqua,MODIS,72,6.2,291.9,25.4,N,0
-21.6666,122.8381,323.7,2.2,1.4,2014-04-08,1738,Aqua,MODIS,100,6.2,292.5,66.2,N,0
-21.6688,122.8591,330.9,2.2,1.4,2014-04-08,1738,Aqua,MODIS,100,6.2,293,93.3,N,0
-27.8713,153.0465,309.8,1.2,1.1,2014-04-08,2347,Terra,MODIS,35,6.2,296,7.8,D,0
-27.4613,151.2323,311.9,1.6,1.2,2014-04-08,2347,Terra,MODIS,39,6.2,297,9,D,0
-27.4608,151.2265,315.8,1.6,1.2,2014-04-08,2347,Terra,MODIS,69,6.2,297.3,15.6,D,0
-26.794,150.1964,312.7,1.9,1.3,2014-04-08,2347,Terra,MODIS,62,6.2,297.4,13.8,D,0
-26.8008,150.2074,314.9,1.9,1.3,2014-04-08,2347,Terra,MODIS,67,6.2,297.4,18.6,D,2
-31.3669,148.4705,308.2,2,1.4,2014-04-08,2348,Terra,MODIS,47,6.2,294.4,12.2,D,0
-30.8245,149.9965,314.2,1.6,1.3,2014-04-08,2348,Terra,MODIS,65,6.2,299,12.7,D,0
-14.7047,131.5544,324.3,1.2,1.1,2014-04-09,0122,Terra,MODIS,66,6.2,299.2,15.1,D,0
-21.6732,122.8507,331.3,3.8,1.8,2014-04-09,0125,Terra,MODIS,83,6.2,303.5,139,D,0
-21.6793,122.8436,328,3.8,1.8,2014-04-09,0125,Terra,MODIS,80,6.2,301.9,113.7,D,0
-21.6715,122.8073,320.5,3.8,1.8,2014-04-09,0125,Terra,MODIS,53,6.2,300.1,60.5,D,0
-21.6631,122.8473,326.8,3.8,1.8,2014-04-09,0125,Terra,MODIS,77,6.2,303,109,D,0
-21.6553,122.8112,350.3,3.8,1.8,2014-04-09,0125,Terra,MODIS,95,6.2,302.2,375.4,D,0
-21.6656,122.8145,354.2,3.8,1.8,2014-04-09,0125,Terra,MODIS,97,6.2,301.8,426.1,D,0
-21.6494,122.8184,324.9,3.8,1.8,2014-04-09,0125,Terra,MODIS,76,6.2,301.1,101.4,D,0
-21.7838,116.0206,343.3,2.5,1.5,2014-04-09,0303,Terra,MODIS,89,6.2,312.7,123.3,D,0
-21.7863,116.0454,340.5,2.6,1.5,2014-04-09,0303,Terra,MODIS,87,6.2,315.4,106.9,D,0
-21.7977,116.0191,338.6,2.5,1.5,2014-04-09,0303,Terra,MODIS,86,6.2,310.4,93.9,D,0
-21.8002,116.0438,357.5,2.6,1.5,2014-04-09,0303,Terra,MODIS,98,6.2,314.4,247.4,D,0
-21.8141,116.0423,392.9,2.6,1.5,2014-04-09,0303,Terra,MODIS,100,6.2,313.5,781.1,D,0
-21.8056,116.0377,382.6,2.6,1.5,2014-04-09,0303,Terra,MODIS,100,6.2,315.1,585.5,D,0
-21.808,116.0625,344.5,2.6,1.5,2014-04-09,0303,Terra,MODIS,90,6.2,313.4,139.6,D,0
-21.8195,116.0361,339.1,2.6,1.5,2014-04-09,0303,Terra,MODIS,86,6.2,308.8,106.5,D,0
-28.1859,114.5515,320.9,2.4,1.5,2014-04-09,0305,Terra,MODIS,68,6.2,305.3,26.4,D,0
-29.2881,115.2027,322,2.8,1.6,2014-04-09,0305,Terra,MODIS,72,6.2,303.6,40.4,D,0
-31.632,149.805,325.6,1.1,1.1,2014-04-09,0406,Aqua,MODIS,83,6.2,285.5,24.2,D,0
-31.6295,149.7987,306.5,1.1,1.1,2014-04-09,0406,Aqua,MODIS,26,6.2,285.1,7.8,D,0
-31.6276,149.8105,321.6,1.1,1.1,2014-04-09,0406,Aqua,MODIS,79,6.2,280.5,22.2,D,0
-32.9754,147.9877,304.1,1,1,2014-04-09,0406,Aqua,MODIS,29,6.2,287.1,4.6,D,0
-33.1435,148.8986,313.5,1,1,2014-04-09,0406,Aqua,MODIS,74,6.2,286.1,12.6,D,0
-33.4332,147.421,320.2,1,1,2014-04-09,0406,Aqua,MODIS,80,6.2,281.7,18,D,0
-33.1331,148.2317,337.7,1,1,2014-04-09,0406,Aqua,MODIS,91,6.2,286,39.5,D,0
-33.1315,148.2425,306.4,1,1,2014-04-09,0406,Aqua,MODIS,36,6.2,281.9,7.4,D,0
-33.4317,147.4318,328.5,1,1,2014-04-09,0406,Aqua,MODIS,86,6.2,285.5,26.5,D,0
-30.7408,147.0323,321,1,1,2014-04-09,0407,Aqua,MODIS,72,6.2,293.8,9.7,D,0
-28.7607,149.9654,323.3,1.2,1.1,2014-04-09,0407,Aqua,MODIS,61,6.2,298.9,15.5,D,0
-30.0906,149.8111,321.8,1.2,1.1,2014-04-09,0407,Aqua,MODIS,65,6.2,290.1,16.4,D,0
-30.0886,149.8232,316.2,1.2,1.1,2014-04-09,0407,Aqua,MODIS,48,6.2,290.1,9.8,D,0
-28.7235,146.5458,325.6,1,1,2014-04-09,0407,Aqua,MODIS,67,6.2,307.9,9.9,D,0
-28.7139,146.5479,325.3,1,1,2014-04-09,0407,Aqua,MODIS,71,6.2,308.2,8.6,D,0
-30.0189,151.1788,333.1,1.4,1.2,2014-04-09,0407,Aqua,MODIS,87,6.2,298.4,42,D,0
-30.0133,151.1707,323.8,1.4,1.2,2014-04-09,0407,Aqua,MODIS,80,6.2,297.2,25.3,D,0
-30.0109,151.1848,314.9,1.4,1.2,2014-04-09,0407,Aqua,MODIS,69,6.2,296.4,11.8,D,0
-27.8468,150.0871,329.8,1.3,1.1,2014-04-09,0407,Aqua,MODIS,82,6.2,297.2,33,D,0
-26.5756,149.8316,337.4,1.3,1.1,2014-04-09,0408,Aqua,MODIS,88,6.2,298.9,45.3,D,0
-26.281,148.7688,335.5,1.2,1.1,2014-04-09,0408,Aqua,MODIS,85,6.2,303.7,36.9,D,0
-26.7266,145.6625,326.4,1,1,2014-04-09,0408,Aqua,MODIS,60,6.2,310.6,7.2,D,0
-26.7251,145.6726,340.5,1,1,2014-04-09,0408,Aqua,MODIS,85,6.2,311.2,27.1,D,0
-26.2839,149.5574,323.6,1.3,1.1,2014-04-09,0408,Aqua,MODIS,55,6.2,300.4,21.9,D,0
-26.2738,149.5554,320.6,1.3,1.1,2014-04-09,0408,Aqua,MODIS,18,6.2,299,17.2,D,0
-23.0373,147.3816,320.1,1.1,1.1,2014-04-09,0409,Aqua,MODIS,53,6.2,298.7,12.2,D,0
-23.5211,147.2386,319.1,1.1,1,2014-04-09,0409,Aqua,MODIS,56,6.2,304.7,8.9,D,0
-32.1279,117.9552,323.4,1.5,1.2,2014-04-09,0545,Aqua,MODIS,68,6.2,300.6,27.3,D,0
-33.8387,116.74,331.5,1.8,1.3,2014-04-09,0545,Aqua,MODIS,79,6.2,299.1,61.9,D,0
-33.9652,118.321,318.2,1.5,1.2,2014-04-09,0545,Aqua,MODIS,51,6.2,296.6,14.8,D,0
-30.4686,116.4246,333.3,1.7,1.3,2014-04-09,0546,Aqua,MODIS,83,6.2,308.7,45.8,D,0
-29.7155,115.6581,323.6,1.9,1.4,2014-04-09,0546,Aqua,MODIS,61,6.2,311.3,20.2,D,0
-28.6153,114.835,327.2,2.1,1.4,2014-04-09,0546,Aqua,MODIS,66,6.2,311.3,26.6,D,0
-28.6133,114.8564,326.4,2.1,1.4,2014-04-09,0546,Aqua,MODIS,63,6.2,312.2,23.3,D,0
-29.1127,115.1894,347.4,2,1.4,2014-04-09,0546,Aqua,MODIS,92,6.2,312.7,113.7,D,0
-29.1146,115.1687,328.5,2,1.4,2014-04-09,0546,Aqua,MODIS,72,6.2,310.9,29.5,D,0
-30.3135,116.2807,328.9,1.8,1.3,2014-04-09,0546,Aqua,MODIS,77,6.2,309.4,30.6,D,0
-29.1001,115.188,337.9,2,1.4,2014-04-09,0546,Aqua,MODIS,84,6.2,311.8,65.1,D,0
-29.1019,115.1672,328,2,1.4,2014-04-09,0546,Aqua,MODIS,71,6.2,312.1,26.7,D,0
-29.1122,115.1841,344.1,2,1.4,2014-04-09,0546,Aqua,MODIS,90,6.2,312.9,94.1,D,0
-29.0996,115.1828,338.4,2,1.4,2014-04-09,0546,Aqua,MODIS,85,6.2,312.1,65.6,D,0
-30.8059,118.1052,319.6,1.4,1.2,2014-04-09,0546,Aqua,MODIS,65,6.2,304.9,10.2,D,0
-28.6509,115.0199,329,2.1,1.4,2014-04-09,0546,Aqua,MODIS,71,6.2,312.9,27.2,D,0
-28.65,115.0128,329.6,2.1,1.4,2014-04-09,0546,Aqua,MODIS,71,6.2,312.9,31.2,D,0
-28.8072,115.1287,330.5,2,1.4,2014-04-09,0546,Aqua,MODIS,74,6.2,312.8,35.1,D,0
-30.8707,121.4863,318.2,1,1,2014-04-09,0546,Aqua,MODIS,54,6.2,293.8,10.9,D,0
-20.9106,117.1364,330.8,1.2,1.1,2014-04-09,0548,Aqua,MODIS,60,6.2,315.1,11.8,D,0
-20.9008,117.1349,339.4,1.2,1.1,2014-04-09,0548,Aqua,MODIS,81,6.2,316.1,27,D,0
-21.821,116.0277,339.4,1.4,1.2,2014-04-09,0548,Aqua,MODIS,70,6.2,310.5,38,D,0
-21.8087,116.04,341.6,1.4,1.2,2014-04-09,0548,Aqua,MODIS,82,6.2,317.3,40.3,D,0
-21.8103,116.0262,368.3,1.4,1.2,2014-04-09,0548,Aqua,MODIS,100,6.2,317.4,150.6,D,0
-21.798,116.0385,344.9,1.4,1.2,2014-04-09,0548,Aqua,MODIS,88,6.2,318.7,49.1,D,0
-21.7997,116.0248,345.1,1.4,1.2,2014-04-09,0548,Aqua,MODIS,88,6.2,319.3,50.4,D,0
-20.4728,123.6307,341.3,1.3,1.1,2014-04-09,0548,Aqua,MODIS,54,6.2,311,49.8,D,0
-20.2719,123.5618,340.6,1.3,1.1,2014-04-09,0548,Aqua,MODIS,72,6.2,316.5,33.3,D,0
-20.2761,123.5363,335,1.3,1.1,2014-04-09,0548,Aqua,MODIS,57,6.2,315.9,20,D,0
-22.6903,120.7919,333.4,1,1,2014-04-09,0548,Aqua,MODIS,73,6.2,309,17.1,D,0
-23.4218,121.138,332.6,1,1,2014-04-09,0548,Aqua,MODIS,57,6.2,313.8,15.8,D,0
-21.6468,122.6446,328.1,1.1,1.1,2014-04-09,0548,Aqua,MODIS,39,6.2,311.3,10.5,D,0
-21.6451,122.6556,329.9,1.2,1.1,2014-04-09,0548,Aqua,MODIS,60,6.2,312.6,14.5,D,0
-21.669,122.6553,330.4,1.1,1.1,2014-04-09,0548,Aqua,MODIS,61,6.2,309.2,15.5,D,0
-21.648,122.6629,332.7,1.2,1.1,2014-04-09,0548,Aqua,MODIS,51,6.2,310.4,17.6,D,0
-21.6676,122.8501,333.8,1.2,1.1,2014-04-09,0548,Aqua,MODIS,66,6.2,310.2,22.4,D,0
-21.6712,122.8276,346.8,1.2,1.1,2014-04-09,0548,Aqua,MODIS,90,6.2,308,47,D,0
-21.673,122.8164,371.3,1.2,1.1,2014-04-09,0548,Aqua,MODIS,100,6.2,310.7,128.8,D,0
-21.658,122.8483,352.9,1.2,1.1,2014-04-09,0548,Aqua,MODIS,89,6.2,305.7,66.7,D,0
-21.6598,122.8371,336.3,1.2,1.1,2014-04-09,0548,Aqua,MODIS,77,6.2,313.3,25.6,D,0
-21.6494,122.7774,343.7,1.2,1.1,2014-04-09,0548,Aqua,MODIS,87,6.2,308.9,41.8,D,0
-41.0638,147.3014,305.2,1.4,1.2,2014-04-09,1328,Terra,MODIS,63,6.2,283.1,14.5,N,0
-20.736,139.4731,324.7,1.2,1.1,2014-04-09,1334,Terra,MODIS,100,6.2,296.6,25.1,N,2
-33.4072,118.2459,301.4,1.2,1.1,2014-04-09,1510,Terra,MODIS,38,6.2,285.2,7.7,N,0
-33.4168,118.2482,308.6,1.2,1.1,2014-04-09,1510,Terra,MODIS,75,6.2,285.5,13.1,N,0
-33.4189,118.2359,312.3,1.1,1.1,2014-04-09,1510,Terra,MODIS,85,6.2,285.6,16.5,N,0
-33.2577,117.1348,309.8,1.1,1,2014-04-09,1510,Terra,MODIS,78,6.2,281.6,13,N,0
-32.5035,119.0194,303.3,1.3,1.1,2014-04-09,1510,Terra,MODIS,54,6.2,286.9,10.7,N,0
-33.1628,118.7132,313.4,1.2,1.1,2014-04-09,1510,Terra,MODIS,87,6.2,285.4,19.4,N,0
-29.5599,115.8924,306,1,1,2014-04-09,1511,Terra,MODIS,67,6.2,288.7,8.3,N,0
-21.6255,122.5945,303.9,3.8,1.8,2014-04-09,1512,Terra,MODIS,24,6.2,292.2,35.1,N,0
-21.6603,122.6358,305,3.8,1.8,2014-04-09,1512,Terra,MODIS,62,6.2,292.2,44,N,0
-21.6442,122.6318,336.6,3.8,1.8,2014-04-09,1512,Terra,MODIS,100,6.2,294.2,260.1,N,0
-21.6516,122.5959,316.9,3.8,1.8,2014-04-09,1512,Terra,MODIS,94,6.2,293.1,100.5,N,0
-21.6281,122.6277,352.3,3.8,1.8,2014-04-09,1512,Terra,MODIS,100,6.2,293.5,462.2,N,0
-21.6355,122.5919,342.3,3.8,1.8,2014-04-09,1512,Terra,MODIS,100,6.2,293.7,323.2,N,0
-21.6416,122.5986,354.7,3.8,1.8,2014-04-09,1512,Terra,MODIS,100,6.2,295.4,492,N,0
-21.634,122.6344,351,3.8,1.8,2014-04-09,1512,Terra,MODIS,100,6.2,293.2,437,N,0
-21.6577,122.6025,308,3.8,1.8,2014-04-09,1512,Terra,MODIS,54,6.2,292.5,52.3,N,0
-21.6502,122.6384,320.2,3.8,1.8,2014-04-09,1512,Terra,MODIS,100,6.2,293.2,120.1,N,0
-21.652,122.7916,309.3,3.9,1.8,2014-04-09,1512,Terra,MODIS,77,6.2,292,63.5,N,0
-21.6683,122.7958,307.5,3.9,1.8,2014-04-09,1512,Terra,MODIS,72,6.2,291.7,54.7,N,0
-21.657,122.7999,315.5,3.9,1.8,2014-04-09,1512,Terra,MODIS,91,6.2,292.2,96,N,0
-21.665,122.7631,302.3,3.8,1.8,2014-04-09,1512,Terra,MODIS,36,6.2,291.6,30.9,N,0
-20.6,116.7732,315.2,1.5,1.2,2014-04-09,1513,Terra,MODIS,88,6.2,297.4,19.7,N,2
-21.8297,116.0333,308.3,1.3,1.1,2014-04-09,1513,Terra,MODIS,74,6.2,293.4,12.2,N,0
-21.8318,116.0207,306.2,1.3,1.1,2014-04-09,1513,Terra,MODIS,67,6.2,292.6,10.3,N,0
-20.5976,116.7875,316,1.5,1.2,2014-04-09,1513,Terra,MODIS,90,6.2,297.4,21.1,N,2
-20.2654,123.5861,317.5,2.1,1.4,2014-04-09,1643,Aqua,MODIS,95,6.2,294.9,44.9,N,0
-20.612,124.1795,304.6,1.9,1.4,2014-04-09,1643,Aqua,MODIS,44,6.2,292.2,14.7,N,0
-20.2565,123.5315,335.6,2.2,1.4,2014-04-09,1643,Aqua,MODIS,100,6.2,295,111.2,N,0
-20.2602,123.552,386.5,2.2,1.4,2014-04-09,1643,Aqua,MODIS,100,6.2,301.1,557.9,N,0
-20.264,123.5724,352.5,2.2,1.4,2014-04-09,1643,Aqua,MODIS,100,6.2,297.2,205.4,N,0
-20.2677,123.5929,314.1,2.1,1.4,2014-04-09,1643,Aqua,MODIS,88,6.2,294.6,35.9,N,0
-20.2615,123.5657,374.1,2.2,1.4,2014-04-09,1643,Aqua,MODIS,100,6.2,300.1,398.4,N,0
-20.2576,123.5453,373.3,2.2,1.4,2014-04-09,1643,Aqua,MODIS,100,6.2,298.3,392.1,N,0
-20.6153,124.1978,306.1,1.9,1.3,2014-04-09,1643,Aqua,MODIS,61,6.2,292.2,17,N,0
-20.2538,123.5249,314.4,2.2,1.4,2014-04-09,1643,Aqua,MODIS,89,6.2,293.5,37.5,N,0
-21.6406,122.6281,309.2,2.4,1.5,2014-04-09,1643,Aqua,MODIS,63,6.2,293,29.9,N,0
-21.627,122.613,306.6,2.4,1.5,2014-04-09,1643,Aqua,MODIS,69,6.2,292.9,26,N,0
-21.6445,122.6325,302.8,2.4,1.5,2014-04-09,1643,Aqua,MODIS,48,6.2,292.8,17.4,N,0
-26.6511,150.5356,324.2,1.5,1.2,2014-04-10,0030,Terra,MODIS,78,6.2,300.2,29.3,D,0
-26.7952,150.1996,320.1,1.5,1.2,2014-04-10,0030,Terra,MODIS,72,6.2,301.6,16.5,D,0
-24.6036,145.4741,327.6,1,1,2014-04-10,0030,Terra,MODIS,75,6.2,307.9,13,D,0
-24.6052,145.4841,324.4,1,1,2014-04-10,0030,Terra,MODIS,69,6.2,307,9,D,0
-26.7642,149.6598,318.9,1.3,1.2,2014-04-10,0030,Terra,MODIS,66,6.2,298.2,17.8,D,0
-25.2036,149.1922,318.8,1.2,1.1,2014-04-10,0030,Terra,MODIS,72,6.2,297.8,16,D,0
-29.0163,150.4276,316.7,1.6,1.2,2014-04-10,0031,Terra,MODIS,74,6.2,295.6,16.4,D,0
-13.327,131.2661,315.9,2.5,1.5,2014-04-10,0205,Terra,MODIS,66,6.2,291,32.8,D,0
-14.1929,127.5195,322.7,1.3,1.1,2014-04-10,0205,Terra,MODIS,76,6.2,293,18.4,D,0
-14.2005,127.6592,314,1.4,1.2,2014-04-10,0205,Terra,MODIS,0,6.2,274.9,12.9,D,0
-16.9439,125.5993,320.6,1.1,1.1,2014-04-10,0206,Terra,MODIS,50,6.2,304.2,13,D,0
-15.2103,127.8884,319.3,1.5,1.2,2014-04-10,0206,Terra,MODIS,50,6.2,298.9,12.7,D,0
-15.6544,128.7749,314.8,1.7,1.3,2014-04-10,0206,Terra,MODIS,35,6.2,295,14,D,0
-15.6227,128.0567,319.8,1.5,1.2,2014-04-10,0206,Terra,MODIS,64,6.2,298,16,D,0
-20.2634,123.5639,348.1,1,1,2014-04-10,0207,Terra,MODIS,92,6.2,300.8,43,D,0
-20.2592,123.5347,340,1,1,2014-04-10,0207,Terra,MODIS,86,6.2,304.1,28.6,D,0
-20.2606,123.5444,358,1,1,2014-04-10,0207,Terra,MODIS,98,6.2,308.2,66.4,D,0
-20.2689,123.603,335.4,1,1,2014-04-10,0207,Terra,MODIS,70,6.2,307.6,19.4,D,0
-20.2556,123.5751,347.4,1,1,2014-04-10,0207,Terra,MODIS,92,6.2,304.6,43.1,D,0
-20.2611,123.6141,347.1,1,1,2014-04-10,0207,Terra,MODIS,92,6.2,307.1,41.9,D,0
-20.262,123.5542,411.1,1,1,2014-04-10,0207,Terra,MODIS,100,6.2,312.1,320.5,D,0
-20.5981,124.1719,327.7,1.1,1,2014-04-10,0207,Terra,MODIS,45,6.2,306.3,12.6,D,0
-20.2529,123.5556,358.1,1,1,2014-04-10,0207,Terra,MODIS,98,6.2,309.2,68.4,D,0
-20.2543,123.5653,369.8,1,1,2014-04-10,0207,Terra,MODIS,100,6.2,307.6,104,D,0
-19.9648,120.2585,326.5,1.1,1.1,2014-04-10,0207,Terra,MODIS,64,6.2,308.2,12,D,0
-18.474,123.6511,331.7,1,1,2014-04-10,0207,Terra,MODIS,79,6.2,303.7,17.1,D,0
-22.6887,120.8043,327,1,1,2014-04-10,0208,Terra,MODIS,69,6.2,308.3,13.7,D,0
-21.6398,122.5816,332.2,1,1,2014-04-10,0208,Terra,MODIS,74,6.2,313.5,15.1,D,0
-21.6384,122.5719,361.9,1,1,2014-04-10,0208,Terra,MODIS,100,6.2,314.2,76.6,D,0
-21.637,122.5623,364.7,1,1,2014-04-10,0208,Terra,MODIS,100,6.2,309.9,85.4,D,0
-21.6322,122.5927,333.6,1,1,2014-04-10,0208,Terra,MODIS,64,6.2,312.4,14.8,D,0
-21.6308,122.583,341.4,1,1,2014-04-10,0208,Terra,MODIS,87,6.2,312.9,27.3,D,0
-21.6294,122.5734,384.2,1,1,2014-04-10,0208,Terra,MODIS,100,6.2,316.5,155.1,D,0
-21.628,122.5638,379.9,1,1,2014-04-10,0208,Terra,MODIS,100,6.2,308.4,138.5,D,0
-21.6798,122.6678,328.7,1,1,2014-04-10,0208,Terra,MODIS,70,6.2,309.8,11.8,D,0
-21.6412,122.5912,329.3,1,1,2014-04-10,0208,Terra,MODIS,64,6.2,314.2,10.8,D,0
-31.6938,117.3257,327.1,1.1,1.1,2014-04-10,0210,Terra,MODIS,75,6.2,297.9,20.7,D,0
-31.7033,117.3236,321.7,1.1,1.1,2014-04-10,0210,Terra,MODIS,74,6.2,293.2,14.2,D,0
-31.746,118.8633,326.8,1,1,2014-04-10,0210,Terra,MODIS,81,6.2,289.2,19.7,D,0
-31.012,115.7102,319,1.4,1.2,2014-04-10,0210,Terra,MODIS,61,6.2,280.7,19.7,D,0
-28.9257,115.2778,321.8,1.6,1.2,2014-04-10,0210,Terra,MODIS,72,6.2,304,16.1,D,0
-31.7444,118.8526,343.3,1,1,2014-04-10,0210,Terra,MODIS,92,6.2,291.3,44.5,D,0
-31.7353,118.8545,311.1,1,1,2014-04-10,0210,Terra,MODIS,27,6.2,288.1,4.7,D,0
-33.1899,121.1696,342,1.1,1,2014-04-10,0211,Terra,MODIS,92,6.2,301.4,42.5,D,0
-33.1992,121.1679,347.9,1.1,1,2014-04-10,0211,Terra,MODIS,94,6.2,299.8,55.7,D,0
-33.1977,121.1565,319.8,1.1,1,2014-04-10,0211,Terra,MODIS,29,6.2,299.8,10.8,D,0
-32.9728,116.6778,329.9,1.1,1.1,2014-04-10,0211,Terra,MODIS,83,6.2,299.7,26.3,D,0
-34.0402,118.0739,326.5,1,1,2014-04-10,0211,Terra,MODIS,76,6.2,303.8,14.2,D,0
-33.2809,117.362,327.3,1.1,1,2014-04-10,0211,Terra,MODIS,81,6.2,301.6,18.9,D,0
-33.6642,118.5036,322.1,1,1,2014-04-10,0211,Terra,MODIS,52,6.2,302.4,10.7,D,0
-33.6659,118.5144,338.8,1,1,2014-04-10,0211,Terra,MODIS,89,6.2,302.7,33.2,D,0
-33.6745,118.5174,323.9,1,1,2014-04-10,0211,Terra,MODIS,74,6.2,301.1,14,D,0
-33.097,117.1592,319,1.1,1,2014-04-10,0211,Terra,MODIS,70,6.2,302.1,10.2,D,0
-33.0034,117.4202,324.3,1.1,1,2014-04-10,0211,Terra,MODIS,78,6.2,301.6,16,D,0
-32.9272,117.0168,328.3,1.1,1,2014-04-10,0211,Terra,MODIS,81,6.2,303.3,21.6,D,0
-33.6728,118.5065,335.7,1,1,2014-04-10,0211,Terra,MODIS,77,6.2,302.6,29.1,D,0
-33.1064,117.1571,326.9,1.1,1,2014-04-10,0211,Terra,MODIS,80,6.2,301.8,19.3,D,0
-25.2115,149.1951,312.6,3.8,1.8,2014-04-10,0313,Aqua,MODIS,48,6.2,292.2,48.4,D,0
-25.2193,149.1614,313.9,3.9,1.8,2014-04-10,0313,Aqua,MODIS,60,6.2,292.4,57.3,D,0
-25.6601,152.256,316.9,2.3,1.5,2014-04-10,0313,Aqua,MODIS,65,6.2,297.9,29.4,D,0
-25.2146,149.1566,312,3.9,1.8,2014-04-10,0313,Aqua,MODIS,31,6.2,293.4,47.2,D,0
-43.1006,146.9245,369.5,1.7,1.3,2014-04-10,0446,Aqua,MODIS,87,6.2,285.2,245.4,D,0
-43.0965,146.9442,345.7,1.7,1.3,2014-04-10,0446,Aqua,MODIS,88,6.2,282.7,114.4,D,0
-37.475,140.2892,335.9,1.1,1,2014-04-10,0448,Aqua,MODIS,87,6.2,292.2,37.6,D,0
-37.4733,140.2704,338,1.1,1,2014-04-10,0448,Aqua,MODIS,84,6.2,293.3,40.9,D,0
-37.4713,140.2825,360.4,1.1,1,2014-04-10,0448,Aqua,MODIS,100,6.2,294.9,93.8,D,0
-37.5331,140.2287,319.1,1.1,1,2014-04-10,0448,Aqua,MODIS,71,6.2,296.4,14,D,0
-37.477,140.2771,375.1,1.1,1,2014-04-10,0448,Aqua,MODIS,100,6.2,296.2,145.7,D,0
-37.5219,140.2384,313,1.1,1,2014-04-10,0448,Aqua,MODIS,48,6.2,294.5,7.6,D,0
-37.5238,140.2263,335.3,1.1,1,2014-04-10,0448,Aqua,MODIS,87,6.2,297.1,34.9,D,0
-20.2675,123.6091,320.1,3.9,1.8,2014-04-10,0453,Aqua,MODIS,41,6.2,297.6,52.4,D,0
-15.0608,127.8805,321.4,1.6,1.2,2014-04-10,0454,Aqua,MODIS,60,6.2,294.1,19.5,D,0
-16.5602,135.3323,360.3,1.2,1.1,2014-04-10,0454,Aqua,MODIS,94,6.2,299.6,91.4,D,0
-16.5586,135.343,337.4,1.2,1.1,2014-04-10,0454,Aqua,MODIS,75,6.2,295.5,31.1,D,0
-14.2102,127.6487,317.4,1.6,1.2,2014-04-10,0455,Aqua,MODIS,59,6.2,286.2,17.7,D,0
-14.1689,127.6132,329.9,1.6,1.2,2014-04-10,0455,Aqua,MODIS,78,6.2,282.4,47.8,D,0
-14.4127,127.6728,324.1,1.6,1.2,2014-04-10,0455,Aqua,MODIS,79,6.2,278.1,35.2,D,0
-14.1692,127.6066,316.7,1.6,1.2,2014-04-10,0455,Aqua,MODIS,33,6.2,281.1,19.1,D,0
-14.1671,127.6278,314.6,1.6,1.2,2014-04-10,0455,Aqua,MODIS,0,6.2,283,14.7,D,0
-14.1674,127.6212,322.7,1.6,1.2,2014-04-10,0455,Aqua,MODIS,0,6.2,282.8,29.1,D,0
-14.3398,131.0597,337.4,1,1,2014-04-10,0455,Aqua,MODIS,88,6.2,298.8,31,D,0
-13.997,131.0687,328.1,1,1,2014-04-10,0455,Aqua,MODIS,82,6.2,292.8,24.2,D,0
-32.9134,117.6932,324.8,1.6,1.2,2014-04-10,0628,Aqua,MODIS,75,6.2,305.5,22.3,D,0
-32.9102,117.7099,361,1.6,1.2,2014-04-10,0628,Aqua,MODIS,100,6.2,306.5,154.9,D,0
-32.9213,117.713,343,1.6,1.2,2014-04-10,0628,Aqua,MODIS,91,6.2,307.4,73.3,D,0
-33.3448,117.9326,320.7,1.6,1.2,2014-04-10,0628,Aqua,MODIS,70,6.2,303.2,16.5,D,0
-33.511,116.713,320.4,1.4,1.2,2014-04-10,0628,Aqua,MODIS,68,6.2,306.5,9.2,D,0
-33.5137,116.6983,320.9,1.4,1.2,2014-04-10,0628,Aqua,MODIS,67,6.2,304.3,10.7,D,0
-31.6458,117.6456,321.5,1.7,1.3,2014-04-10,0628,Aqua,MODIS,71,6.2,305.4,18.4,D,0
-31.6558,117.593,319.1,1.7,1.3,2014-04-10,0628,Aqua,MODIS,65,6.2,302.7,11.9,D,0
-31.6592,117.5755,338.4,1.7,1.3,2014-04-10,0628,Aqua,MODIS,88,6.2,305.3,62.6,D,0
-34.0995,116.4709,317.9,1.3,1.1,2014-04-10,0628,Aqua,MODIS,34,6.2,301.1,11.1,D,0
-33.2982,116.9874,339.8,1.4,1.2,2014-04-10,0628,Aqua,MODIS,89,6.2,307,52.2,D,0
-33.3048,116.98,320.7,1.4,1.2,2014-04-10,0628,Aqua,MODIS,69,6.2,306.4,9.8,D,0
-33.302,116.9952,328.1,1.4,1.2,2014-04-10,0628,Aqua,MODIS,79,6.2,306.3,23.5,D,0
-31.9659,118.1439,337,1.8,1.3,2014-04-10,0628,Aqua,MODIS,87,6.2,304.9,64.2,D,0
-31.9696,118.1254,355.1,1.8,1.3,2014-04-10,0628,Aqua,MODIS,97,6.2,307.3,147.3,D,0
-31.7597,116.7885,325.5,1.5,1.2,2014-04-10,0628,Aqua,MODIS,63,6.2,303.7,24.8,D,0
-31.7605,116.7943,327.2,1.5,1.2,2014-04-10,0628,Aqua,MODIS,75,6.2,303.8,27.3,D,0
-32.0021,117.9607,322.3,1.7,1.3,2014-04-10,0628,Aqua,MODIS,46,6.2,305.2,19.1,D,0
-33.0702,116.978,333.2,1.4,1.2,2014-04-10,0628,Aqua,MODIS,84,6.2,304.7,37.1,D,0
-31.9712,118.138,356.1,1.8,1.3,2014-04-10,0628,Aqua,MODIS,98,6.2,306.2,152.1,D,0
-31.9748,118.1195,332.3,1.8,1.3,2014-04-10,0628,Aqua,MODIS,84,6.2,305.3,50.7,D,0
-31.9913,117.9696,320.3,1.7,1.3,2014-04-10,0628,Aqua,MODIS,70,6.2,304.5,16.7,D,0
-31.9947,117.9515,320.6,1.7,1.3,2014-04-10,0628,Aqua,MODIS,70,6.2,305.5,16.9,D,0
-33.0036,117.3378,332.5,1.5,1.2,2014-04-10,0628,Aqua,MODIS,83,6.2,302.7,41.1,D,0
-31.7848,116.6492,363.2,1.5,1.2,2014-04-10,0628,Aqua,MODIS,100,6.2,308.5,144.7,D,0
-31.782,116.6647,328.4,1.5,1.2,2014-04-10,0628,Aqua,MODIS,79,6.2,308.3,25.4,D,0
-31.7892,116.6401,333.1,1.5,1.2,2014-04-10,0628,Aqua,MODIS,83,6.2,305.2,36.9,D,0
-31.7864,116.6553,363.5,1.5,1.2,2014-04-10,0628,Aqua,MODIS,100,6.2,308.1,145.8,D,0
-33.7296,117.5496,331.2,1.5,1.2,2014-04-10,0628,Aqua,MODIS,82,6.2,305.4,34.6,D,0
-33.8968,117.271,339.5,1.4,1.2,2014-04-10,0628,Aqua,MODIS,89,6.2,306.4,53.3,D,0
-33.9017,117.2613,327.7,1.4,1.2,2014-04-10,0628,Aqua,MODIS,79,6.2,304.4,24.9,D,0
-33.8988,117.2767,336.3,1.4,1.2,2014-04-10,0628,Aqua,MODIS,86,6.2,306.7,44.6,D,0
-32.8282,116.7236,331.8,1.4,1.2,2014-04-10,0628,Aqua,MODIS,82,6.2,308.1,31.9,D,0
-32.831,116.7085,331.1,1.4,1.2,2014-04-10,0628,Aqua,MODIS,81,6.2,307.2,30.6,D,0
-33.774,115.2473,332.6,1.2,1.1,2014-04-10,0628,Aqua,MODIS,83,6.2,306.5,26,D,0
-33.772,115.2597,329.6,1.2,1.1,2014-04-10,0628,Aqua,MODIS,81,6.2,306.7,20.6,D,0
-33.6364,117.2539,319.4,1.5,1.2,2014-04-10,0628,Aqua,MODIS,66,6.2,305,10.5,D,0
-31.8883,117.2239,333.7,1.6,1.2,2014-04-10,0628,Aqua,MODIS,84,6.2,305.7,42.9,D,0
-32.9375,117.0179,323.2,1.5,1.2,2014-04-10,0628,Aqua,MODIS,72,6.2,307.2,15.2,D,0
-33.9148,118.4692,319.5,1.7,1.3,2014-04-10,0628,Aqua,MODIS,51,6.2,303.1,14.8,D,0
-33.9262,118.4725,323.7,1.7,1.3,2014-04-10,0628,Aqua,MODIS,74,6.2,302.5,24.5,D,0
-32.9312,118.0871,330.6,1.7,1.3,2014-04-10,0628,Aqua,MODIS,82,6.2,304.5,41,D,0
-32.98,118.0817,320.1,1.7,1.3,2014-04-10,0628,Aqua,MODIS,70,6.2,305,15.1,D,0
-34.2551,116.1752,330,1.2,1.1,2014-04-10,0628,Aqua,MODIS,81,6.2,301.3,28,D,0
-34.2428,116.1862,324.5,1.2,1.1,2014-04-10,0628,Aqua,MODIS,74,6.2,303.1,18.9,D,0
-33.1911,117.2671,322.2,1.5,1.2,2014-04-10,0628,Aqua,MODIS,72,6.2,306.4,15.2,D,0
-33.7265,117.5658,333,1.5,1.2,2014-04-10,0628,Aqua,MODIS,83,6.2,304.5,39.3,D,0
-33.2636,117.2602,349.8,1.5,1.2,2014-04-10,0628,Aqua,MODIS,95,6.2,309.1,87.8,D,0
-33.2666,117.2443,324.8,1.5,1.2,2014-04-10,0628,Aqua,MODIS,72,6.2,308,17.8,D,0
-32.8909,118.1825,318.7,1.7,1.3,2014-04-10,0628,Aqua,MODIS,66,6.2,304.5,12.7,D,0
-34.2572,116.6871,316.6,1.3,1.1,2014-04-10,0628,Aqua,MODIS,42,6.2,303.6,10.1,D,0
-32.8908,118.1705,322.2,1.7,1.3,2014-04-10,0628,Aqua,MODIS,73,6.2,304.6,19.2,D,0
-33.3859,117.0811,323.1,1.4,1.2,2014-04-10,0628,Aqua,MODIS,73,6.2,307.2,13.7,D,0
-33.388,117.0872,322.4,1.4,1.2,2014-04-10,0628,Aqua,MODIS,72,6.2,307.3,13.6,D,0
-33.9852,116.5979,335.4,1.3,1.1,2014-04-10,0628,Aqua,MODIS,85,6.2,305.8,38,D,0
-32.8816,118.2947,324.8,1.7,1.3,2014-04-10,0628,Aqua,MODIS,76,6.2,305.4,24.2,D,0
-32.8781,118.3133,324.5,1.7,1.3,2014-04-10,0628,Aqua,MODIS,75,6.2,305.3,23.4,D,0
-32.8773,118.3005,327.5,1.7,1.3,2014-04-10,0628,Aqua,MODIS,79,6.2,305.4,32.8,D,0
-32.2782,117.0638,328.8,1.5,1.2,2014-04-10,0628,Aqua,MODIS,79,6.2,308,27.8,D,0
-32.1845,117.1339,322.5,1.5,1.2,2014-04-10,0628,Aqua,MODIS,71,6.2,307.2,15.6,D,0
-31.438,117.0866,329,1.6,1.2,2014-04-10,0628,Aqua,MODIS,80,6.2,304.4,29.3,D,0
-32.6423,117.781,327.3,1.6,1.3,2014-04-10,0628,Aqua,MODIS,65,6.2,303.6,33.8,D,0
-31.8065,118.0098,320.1,1.8,1.3,2014-04-10,0628,Aqua,MODIS,61,6.2,304.8,14.6,D,0
-31.8077,118.0224,321.4,1.8,1.3,2014-04-10,0628,Aqua,MODIS,72,6.2,305.5,18.5,D,0
-32.1816,117.1498,319,1.5,1.2,2014-04-10,0628,Aqua,MODIS,49,6.2,305.1,10.1,D,0
-32.1924,117.1528,346.2,1.5,1.2,2014-04-10,0628,Aqua,MODIS,93,6.2,306.2,79.1,D,0
-34.5731,117.5706,346,1.5,1.2,2014-04-10,0628,Aqua,MODIS,93,6.2,307.1,73.6,D,0
-32.1954,117.1368,352.2,1.5,1.2,2014-04-10,0628,Aqua,MODIS,96,6.2,308.5,101.5,D,0
-31.83,118.8632,319.6,2,1.4,2014-04-10,0628,Aqua,MODIS,50,6.2,302,24.4,D,0
-31.3632,116.744,324.1,1.5,1.2,2014-04-10,0628,Aqua,MODIS,73,6.2,307.6,13.4,D,0
-31.5912,117.7423,322.6,1.7,1.3,2014-04-10,0628,Aqua,MODIS,73,6.2,304.8,21.3,D,0
-32.2014,116.9231,321.2,1.5,1.2,2014-04-10,0628,Aqua,MODIS,68,6.2,306.2,13.5,D,0
-31.5962,117.7383,326.4,1.7,1.3,2014-04-10,0628,Aqua,MODIS,78,6.2,305.4,29.2,D,0
-31.6026,117.7456,327.7,1.7,1.3,2014-04-10,0628,Aqua,MODIS,79,6.2,304.6,32.9,D,0
-32.3075,117.775,328.4,1.7,1.3,2014-04-10,0628,Aqua,MODIS,80,6.2,304,33.9,D,0
-32.3043,117.7923,333,1.7,1.3,2014-04-10,0628,Aqua,MODIS,84,6.2,303.2,47.1,D,0
-32.315,117.7823,319.2,1.7,1.3,2014-04-10,0628,Aqua,MODIS,53,6.2,303.2,13.3,D,0
-32.0326,117.015,324.7,1.5,1.2,2014-04-10,0628,Aqua,MODIS,55,6.2,305.4,22.7,D,0
-32.594,117.0497,324.9,1.5,1.2,2014-04-10,0628,Aqua,MODIS,74,6.2,306.2,19.4,D,0
-32.5911,117.0653,332.4,1.5,1.2,2014-04-10,0628,Aqua,MODIS,83,6.2,306.4,36,D,0
-32.6284,117.1078,332.3,1.5,1.2,2014-04-10,0628,Aqua,MODIS,83,6.2,308.6,35.1,D,0
-32.6255,117.1237,371,1.5,1.2,2014-04-10,0628,Aqua,MODIS,100,6.2,309.2,193.8,D,0
-32.6362,117.1266,341.8,1.5,1.2,2014-04-10,0628,Aqua,MODIS,90,6.2,307.2,61.9,D,0
-32.6289,117.1138,362.9,1.5,1.2,2014-04-10,0628,Aqua,MODIS,100,6.2,310.3,147.8,D,0
-32.6259,117.1297,362.9,1.5,1.2,2014-04-10,0628,Aqua,MODIS,100,6.2,308,148.3,D,0
-32.6397,117.1167,324.1,1.5,1.2,2014-04-10,0628,Aqua,MODIS,73,6.2,304.2,18.4,D,0
-32.6367,117.1325,332.8,1.5,1.2,2014-04-10,0628,Aqua,MODIS,83,6.2,306.7,37.9,D,0
-32.7261,118.2467,324.9,1.7,1.3,2014-04-10,0628,Aqua,MODIS,76,6.2,305.7,26.6,D,0
-34.6,117.3029,319.5,1.4,1.2,2014-04-10,0628,Aqua,MODIS,62,6.2,307.9,15.1,D,0
-31.5259,116.9301,334.1,1.5,1.2,2014-04-10,0628,Aqua,MODIS,85,6.2,308,41.7,D,0
-32.2891,117.0665,319.6,1.5,1.2,2014-04-10,0628,Aqua,MODIS,59,6.2,306,9.8,D,0
-31.5229,116.9461,339.5,1.5,1.2,2014-04-10,0628,Aqua,MODIS,89,6.2,306.2,57.2,D,0
-32.3216,117.9326,317.1,1.7,1.3,2014-04-10,0628,Aqua,MODIS,39,6.2,301.5,14.3,D,0
-32.278,117.0583,324,1.5,1.2,2014-04-10,0628,Aqua,MODIS,73,6.2,307.9,17.1,D,0
-32.0286,116.9146,323.7,1.5,1.2,2014-04-10,0628,Aqua,MODIS,73,6.2,308.1,15.1,D,0
-31.4269,117.0838,335.4,1.6,1.2,2014-04-10,0628,Aqua,MODIS,85,6.2,307.6,45.7,D,0
-31.6516,117.7403,322.3,1.7,1.3,2014-04-10,0628,Aqua,MODIS,73,6.2,304.7,20.3,D,0
-31.5928,117.756,320.9,1.7,1.3,2014-04-10,0628,Aqua,MODIS,71,6.2,304.4,16.9,D,0
-31.427,117.0906,344.7,1.6,1.2,2014-04-10,0628,Aqua,MODIS,92,6.2,307.7,75.9,D,0
-31.438,117.0935,324.5,1.6,1.2,2014-04-10,0628,Aqua,MODIS,75,6.2,304.9,19.2,D,0
-34.9127,117.383,315.3,1.4,1.2,2014-04-10,0628,Aqua,MODIS,31,6.2,303.8,7.5,D,0
-32.5991,116.8408,320.2,1.4,1.2,2014-04-10,0628,Aqua,MODIS,66,6.2,306.4,10,D,0
-32.138,117.0643,318.1,1.5,1.2,2014-04-10,0628,Aqua,MODIS,47,6.2,303.4,11.2,D,0
-33.5228,118.8243,350.6,1.8,1.3,2014-04-10,0628,Aqua,MODIS,95,6.2,304.3,128.1,D,0
-33.5165,118.8298,321.2,1.8,1.3,2014-04-10,0628,Aqua,MODIS,41,6.2,303.3,22.3,D,0
-32.7434,116.9803,324.4,1.5,1.2,2014-04-10,0628,Aqua,MODIS,73,6.2,306.1,20.3,D,0
-34.576,117.555,328.4,1.4,1.2,2014-04-10,0628,Aqua,MODIS,80,6.2,307.6,25.9,D,0
-32.2704,117.3495,368.7,1.6,1.2,2014-04-10,0628,Aqua,MODIS,100,6.2,305.7,194,D,0
-33.5321,118.8138,328.9,1.8,1.3,2014-04-10,0628,Aqua,MODIS,80,6.2,302.8,40.4,D,0
-32.4708,117.027,320.2,1.5,1.2,2014-04-10,0628,Aqua,MODIS,67,6.2,304.8,10.2,D,0
-31.0222,116.8309,327.9,1.5,1.2,2014-04-10,0629,Aqua,MODIS,79,6.2,305.4,24.3,D,0
-31.0214,116.8363,329.4,1.5,1.2,2014-04-10,0629,Aqua,MODIS,81,6.2,305.5,28.1,D,0
-30.7445,116.3142,326.1,1.5,1.2,2014-04-10,0629,Aqua,MODIS,55,6.2,307.5,17.6,D,0
-30.7231,116.3721,340.6,1.5,1.2,2014-04-10,0629,Aqua,MODIS,89,6.2,305.7,50.1,D,0
-30.7258,116.3568,341.2,1.5,1.2,2014-04-10,0629,Aqua,MODIS,89,6.2,305.8,52.1,D,0
-30.7356,116.3173,323.6,1.5,1.2,2014-04-10,0629,Aqua,MODIS,43,6.2,304.4,12.8,D,0
-20.7127,119.3072,324.8,3.8,1.8,2014-04-10,0631,Aqua,MODIS,53,6.2,305.3,51.3,D,0
-20.7083,119.301,327.3,3.8,1.8,2014-04-10,0631,Aqua,MODIS,65,6.2,306.3,73.8,D,0
-28.9661,151.724,301.5,1,1,2014-04-10,1236,Terra,MODIS,42,6.2,282,7.7,N,0
-29.2857,152.0744,300.7,1,1,2014-04-10,1236,Terra,MODIS,32,6.2,284.5,7,N,0
-26.248,148.4956,304.6,1.3,1.1,2014-04-10,1237,Terra,MODIS,61,6.2,289.1,9.9,N,0
-25.8485,146.7475,308.6,1.7,1.3,2014-04-10,1237,Terra,MODIS,47,6.2,291.2,17.4,N,0
-25.8388,146.7294,309,1.7,1.3,2014-04-10,1237,Terra,MODIS,53,6.2,290.9,18.1,N,0
-25.8406,146.7127,305.2,1.7,1.3,2014-04-10,1237,Terra,MODIS,28,6.2,290.4,13.2,N,0
-27.1534,152.0275,306,1,1,2014-04-10,1237,Terra,MODIS,66,6.2,286.7,8.9,N,0
-27.1017,149.0865,303.9,1.2,1.1,2014-04-10,1237,Terra,MODIS,20,6.2,290.4,7.9,N,0
-27.0917,149.085,304.4,1.2,1.1,2014-04-10,1237,Terra,MODIS,9,6.2,290.3,8,N,0
-26.7925,150.1971,306.9,1.1,1,2014-04-10,1237,Terra,MODIS,70,6.2,289.9,9.2,N,0
-26.1626,150.6721,300.6,1,1,2014-04-10,1237,Terra,MODIS,31,6.2,289.2,5,N,0
-26.7461,149.6582,300.2,1.2,1.1,2014-04-10,1237,Terra,MODIS,19,6.2,289,6.1,N,0
-27.639,150.8095,307,1.1,1,2014-04-10,1237,Terra,MODIS,70,6.2,288.8,10.1,N,0
-22.0302,148.1254,305.9,1.2,1.1,2014-04-10,1238,Terra,MODIS,66,6.2,289.8,9.3,N,0
-33.8707,117.9956,305.9,3.9,1.8,2014-04-10,1414,Terra,MODIS,66,6.2,285.3,63.8,N,0
-20.4691,123.5964,308.3,1.1,1.1,2014-04-10,1418,Terra,MODIS,74,6.2,296,7.7,N,0
-20.6041,124.1209,322.9,1.1,1,2014-04-10,1418,Terra,MODIS,100,6.2,296.6,20.7,N,0
-20.6028,124.1313,335.2,1.1,1,2014-04-10,1418,Terra,MODIS,100,6.2,297.1,37.9,N,0
-20.5934,124.1299,327.5,1.1,1,2014-04-10,1418,Terra,MODIS,100,6.2,297.2,25.5,N,0
-20.6122,124.1328,313.8,1.1,1,2014-04-10,1418,Terra,MODIS,88,6.2,294.2,12,N,0
-20.2335,123.5213,389.7,1.2,1.1,2014-04-10,1418,Terra,MODIS,100,6.2,299.8,241.1,N,0
-20.5947,124.1194,339.8,1.1,1,2014-04-10,1418,Terra,MODIS,100,6.2,297.6,45.7,N,0
-20.5826,124.139,334.2,1.1,1,2014-04-10,1418,Terra,MODIS,100,6.2,297.5,35.6,N,0
-20.5781,124.1325,307.3,1.1,1,2014-04-10,1418,Terra,MODIS,47,6.2,296.5,6.2,N,0
-20.5673,124.1415,307.1,1.1,1,2014-04-10,1418,Terra,MODIS,22,6.2,296.3,5.6,N,0
-20.4666,123.5903,312,1.1,1.1,2014-04-10,1418,Terra,MODIS,84,6.2,296.2,11.3,N,0
-20.2321,123.5323,389.3,1.2,1.1,2014-04-10,1418,Terra,MODIS,100,6.2,299.9,238.1,N,0
-20.2585,123.48,318.5,1.2,1.1,2014-04-10,1418,Terra,MODIS,97,6.2,295.5,18.2,N,0
-20.4705,123.5854,315.9,1.2,1.1,2014-04-10,1418,Terra,MODIS,92,6.2,296.3,14.6,N,0
-20.257,123.491,308.6,1.2,1.1,2014-04-10,1418,Terra,MODIS,75,6.2,295.4,8.3,N,0
-15.4747,124.7122,305.5,1,1,2014-04-10,1419,Terra,MODIS,31,6.2,291.1,4.6,N,0
-25.8365,146.7251,302,1.3,1.1,2014-04-10,1548,Aqua,MODIS,46,6.2,289.1,8.1,N,0
-25.8381,146.7384,300.4,1.3,1.1,2014-04-10,1548,Aqua,MODIS,26,6.2,289.4,6.7,N,0
-14.1727,127.6309,305.7,2.3,1.5,2014-04-10,1724,Aqua,MODIS,28,6.2,290.1,18.2,N,0
-15.4749,124.7285,300.1,1.5,1.2,2014-04-10,1724,Aqua,MODIS,18,6.2,285.1,4.8,N,0
-15.4732,124.7152,302.4,1.5,1.2,2014-04-10,1724,Aqua,MODIS,49,6.2,286,6.6,N,0
-15.4668,124.723,302.9,1.5,1.2,2014-04-10,1724,Aqua,MODIS,52,6.2,285.7,7.4,N,0
-20.2274,123.5278,310.3,1.4,1.2,2014-04-10,1725,Aqua,MODIS,80,6.2,294.6,14.5,N,0
-20.4755,123.5855,315.9,1.4,1.2,2014-04-10,1726,Aqua,MODIS,92,6.2,294.9,21.2,N,0
-20.4632,123.5733,339.9,1.4,1.2,2014-04-10,1726,Aqua,MODIS,100,6.2,296.9,70.6,N,0
-20.4616,123.5596,306.1,1.4,1.2,2014-04-10,1726,Aqua,MODIS,67,6.2,295.4,9.3,N,0
-20.4649,123.587,343.8,1.4,1.2,2014-04-10,1726,Aqua,MODIS,100,6.2,297.2,82.4,N,0
-22.7033,120.8038,303.7,1.1,1,2014-04-10,1726,Aqua,MODIS,53,6.2,293.5,5,N,0
-20.4772,123.5992,315.7,1.4,1.2,2014-04-10,1726,Aqua,MODIS,92,6.2,294.3,21.8,N,0
-20.5921,116.7792,313.2,1.2,1.1,2014-04-10,1726,Aqua,MODIS,87,6.2,297.6,12.1,N,0
-20.5939,116.7903,309.2,1.2,1.1,2014-04-10,1726,Aqua,MODIS,77,6.2,297.1,8.3,N,2
-30.8633,121.4931,303.3,1.4,1.2,2014-04-10,1728,Aqua,MODIS,54,6.2,287,12.6,N,2
-30.5113,116.6321,302.4,1,1,2014-04-10,1728,Aqua,MODIS,49,6.2,288.9,5.8,N,0
-32.5265,116.7582,314,1,1,2014-04-10,1729,Aqua,MODIS,88,6.2,287.7,13.4,N,0
-32.537,116.7671,305.1,1,1,2014-04-10,1729,Aqua,MODIS,63,6.2,288.7,7.8,N,0
-32.528,116.7689,364.6,1,1,2014-04-10,1729,Aqua,MODIS,100,6.2,292.8,100.6,N,0
-32.5295,116.7795,329.7,1,1,2014-04-10,1729,Aqua,MODIS,100,6.2,288.9,29.4,N,0
-32.5385,116.7778,305.9,1,1,2014-04-10,1729,Aqua,MODIS,66,6.2,288.1,8.4,N,0
-33.8947,117.2747,314.4,1,1,2014-04-10,1729,Aqua,MODIS,89,6.2,284.2,16.6,N,0
-34.2555,116.185,307.6,1,1,2014-04-10,1730,Aqua,MODIS,35,6.2,288,9,N,0
-28.9683,153.2109,318.8,1.7,1.3,2014-04-10,2335,Terra,MODIS,77,6.2,295.5,27.8,D,0
-28.9732,153.2167,316.7,1.7,1.3,2014-04-10,2335,Terra,MODIS,74,6.2,295.4,24.5,D,0
-21.5684,141.0155,342.7,1.6,1.2,2014-04-11,0112,Terra,MODIS,89,6.2,300.8,68,D,0
-21.5666,141.0003,333.3,1.6,1.2,2014-04-11,0112,Terra,MODIS,81,6.2,299.6,39.3,D,0
-22.7001,120.8033,319.6,3.5,1.8,2014-04-11,0251,Terra,MODIS,51,6.2,304.2,38.1,D,0
-28.1203,114.4966,328.8,1.5,1.2,2014-04-11,0252,Terra,MODIS,79,6.2,310.5,21.6,D,0
-28.6656,114.706,323.3,1.5,1.2,2014-04-11,0253,Terra,MODIS,66,6.2,308.5,12.4,D,0
-30.8246,115.7305,321,1.9,1.4,2014-04-11,0253,Terra,MODIS,66,6.2,304.8,18,D,0
-32.0694,118.4243,318.6,3,1.7,2014-04-11,0253,Terra,MODIS,68,6.2,299.4,38.4,D,0
-29.028,115.1165,322.8,1.7,1.3,2014-04-11,0253,Terra,MODIS,67,6.2,307.1,15.6,D,0
-30.8216,116.684,323.8,2.2,1.4,2014-04-11,0253,Terra,MODIS,73,6.2,303.2,35.8,D,0
-30.8265,115.751,334.7,1.9,1.4,2014-04-11,0253,Terra,MODIS,84,6.2,306,61.9,D,0
-28.5417,114.9234,323,1.6,1.2,2014-04-11,0253,Terra,MODIS,66,6.2,307,15,D,0
-30.8326,116.6586,332,2.2,1.4,2014-04-11,0253,Terra,MODIS,83,6.2,303,67.2,D,0
-30.8569,115.64,319.9,1.9,1.3,2014-04-11,0253,Terra,MODIS,62,6.2,304.5,15.7,D,0
-29.1252,115.4797,328.4,1.8,1.3,2014-04-11,0253,Terra,MODIS,78,6.2,306.9,29.9,D,0
-31.6951,116.9263,319.5,2.4,1.5,2014-04-11,0253,Terra,MODIS,68,6.2,300.9,27.1,D,0
-30.8347,116.6824,324.2,2.2,1.4,2014-04-11,0253,Terra,MODIS,67,6.2,301.4,37.4,D,0
-29.1315,115.4722,321.5,1.8,1.3,2014-04-11,0253,Terra,MODIS,67,6.2,306,12.3,D,0
-32.1493,117.048,316.2,2.5,1.5,2014-04-11,0253,Terra,MODIS,64,6.2,300,18.7,D,0
-31.6894,116.9215,320,2.4,1.5,2014-04-11,0253,Terra,MODIS,69,6.2,301.2,27.8,D,0
-30.246,116.1784,324.7,2,1.4,2014-04-11,0253,Terra,MODIS,75,6.2,302.9,32.5,D,0
-29.0795,115.1618,324.6,1.7,1.3,2014-04-11,0253,Terra,MODIS,71,6.2,306.7,19.9,D,0
-32.0718,118.4567,317.2,3,1.7,2014-04-11,0253,Terra,MODIS,65,6.2,299.8,31.9,D,0
-30.3364,116.3129,319.3,2.1,1.4,2014-04-11,0253,Terra,MODIS,65,6.2,303.3,18.1,D,0
-30.576,115.8409,320.6,1.9,1.4,2014-04-11,0253,Terra,MODIS,66,6.2,303.8,19.1,D,0
-29.1333,115.4904,330.6,1.8,1.3,2014-04-11,0253,Terra,MODIS,80,6.2,307.1,36.3,D,0
-30.5883,115.8394,319.4,1.9,1.4,2014-04-11,0253,Terra,MODIS,63,6.2,303.6,16.1,D,0
-31.1525,116.3424,328.4,2.1,1.4,2014-04-11,0253,Terra,MODIS,79,6.2,303.8,50.1,D,0
-29.1271,115.4978,323.2,1.8,1.3,2014-04-11,0253,Terra,MODIS,70,6.2,306.6,16.5,D,0
-31.6652,117.3033,329.4,2.5,1.5,2014-04-11,0253,Terra,MODIS,81,6.2,301.1,69.4,D,0
-31.6629,117.2765,342.4,2.5,1.5,2014-04-11,0253,Terra,MODIS,91,6.2,301.1,144.3,D,0
-31.6566,117.2975,337.8,2.5,1.5,2014-04-11,0253,Terra,MODIS,88,6.2,301.2,115.8,D,0
-31.9222,117.1492,328.6,2.5,1.5,2014-04-11,0253,Terra,MODIS,81,6.2,301.8,66,D,0
-31.9283,117.143,326.7,2.5,1.5,2014-04-11,0253,Terra,MODIS,79,6.2,301.4,58.5,D,0
-31.9304,117.1695,346.6,2.5,1.5,2014-04-11,0253,Terra,MODIS,93,6.2,301.7,174.2,D,0
-31.6545,117.2707,331.3,2.5,1.5,2014-04-11,0253,Terra,MODIS,83,6.2,300.7,79.6,D,0
-31.9244,117.1756,332.3,2.5,1.5,2014-04-11,0253,Terra,MODIS,84,6.2,301.1,83.6,D,0
-32.8982,117.69,335,2.8,1.6,2014-04-11,0254,Terra,MODIS,86,6.2,300.2,118.2,D,0
-32.8837,117.6915,321.8,2.8,1.6,2014-04-11,0254,Terra,MODIS,73,6.2,300.6,50.1,D,0
-33.0877,117.5918,314.8,2.7,1.6,2014-04-11,0254,Terra,MODIS,60,6.2,299.6,23.6,D,0
-32.9004,117.7198,346.5,2.8,1.6,2014-04-11,0254,Terra,MODIS,93,6.2,300.9,205.5,D,0
-32.8859,117.7213,330.6,2.8,1.6,2014-04-11,0254,Terra,MODIS,83,6.2,300.9,95.2,D,0
-32.6054,117.3859,313.6,2.6,1.6,2014-04-11,0254,Terra,MODIS,56,6.2,298.3,17.9,D,0
-32.7818,117.5285,318.6,2.7,1.6,2014-04-11,0254,Terra,MODIS,68,6.2,299.9,34.5,D,0
-33.2141,121.1617,312.8,4.7,2,2014-04-11,0254,Terra,MODIS,22,6.2,298.9,57.1,D,0
-31.2413,145.8694,301.5,1.4,1.2,2014-04-11,0354,Aqua,MODIS,20,6.2,285.9,2.8,D,0
-27.9887,148.1423,358.1,1,1,2014-04-11,0355,Aqua,MODIS,99,6.2,305.5,75.9,D,0
-28.6634,148.3725,317.5,1,1,2014-04-11,0355,Aqua,MODIS,38,6.2,290.8,10.6,D,0
-27.9901,148.1317,324.2,1,1,2014-04-11,0355,Aqua,MODIS,45,6.2,305.2,13,D,0
-30.1869,150.907,330.9,1,1,2014-04-11,0355,Aqua,MODIS,65,6.2,298,25.7,D,0
-29.9773,150.3373,321.3,1,1,2014-04-11,0355,Aqua,MODIS,74,6.2,299.2,13,D,0
-29.9788,150.3269,325.8,1,1,2014-04-11,0355,Aqua,MODIS,79,6.2,299.6,18.5,D,0
-30.1885,150.8966,324.4,1,1,2014-04-11,0355,Aqua,MODIS,61,6.2,297.7,17.4,D,0
-29.9698,150.3252,334.8,1,1,2014-04-11,0355,Aqua,MODIS,86,6.2,298.4,29,D,0
-29.9683,150.3356,331.2,1,1,2014-04-11,0355,Aqua,MODIS,84,6.2,299.6,23.3,D,0
-28.8971,149.608,328.6,1,1,2014-04-11,0355,Aqua,MODIS,78,6.2,304,14.2,D,0
-27.1792,150.0906,333.1,1,1,2014-04-11,0355,Aqua,MODIS,83,6.2,303.9,22.1,D,0
-27.1071,149.0745,320.7,1,1,2014-04-11,0355,Aqua,MODIS,62,6.2,303.6,6.9,D,0
-27.0848,149.1015,332.5,1,1,2014-04-11,0355,Aqua,MODIS,81,6.2,304.6,21,D,0
-27.0862,149.0914,335.6,1,1,2014-04-11,0355,Aqua,MODIS,84,6.2,305.3,24.7,D,0
-27.0952,149.0931,328.1,1,1,2014-04-11,0355,Aqua,MODIS,76,6.2,305.3,14.8,D,0
-23.4833,148.3782,326.8,1,1,2014-04-11,0356,Aqua,MODIS,56,6.2,311.9,8.3,D,0
-24.2582,149.9778,338.7,1,1,2014-04-11,0356,Aqua,MODIS,88,6.2,305.5,33.3,D,0
-26.3588,149.9169,318.1,1,1,2014-04-11,0356,Aqua,MODIS,32,6.2,300.2,9.1,D,0
-26.3603,149.9067,321.6,1,1,2014-04-11,0356,Aqua,MODIS,62,6.2,297.8,13.1,D,0
-24.2597,149.9676,320.4,1,1,2014-04-11,0356,Aqua,MODIS,66,6.2,306.6,8.6,D,0
-26.1699,150.6659,342.1,1.1,1,2014-04-11,0356,Aqua,MODIS,68,6.2,294.4,44.2,D,0
-24.2434,151.864,315.1,1.2,1.1,2014-04-11,0356,Aqua,MODIS,62,6.2,299,11.2,D,0
-23.5951,148.4928,335.6,1,1,2014-04-11,0356,Aqua,MODIS,83,6.2,307.5,24.5,D,0
-20.0331,138.5137,322.4,3.3,1.7,2014-04-11,0358,Aqua,MODIS,61,6.2,294.9,44.7,D,0
-32.1845,116.921,320.8,2.7,1.6,2014-04-11,0533,Aqua,MODIS,64,6.2,303.4,29.1,D,0
-32.1437,118,319.7,2.3,1.5,2014-04-11,0533,Aqua,MODIS,61,6.2,303.5,21.9,D,0
-32.1827,116.9163,319.3,2.7,1.6,2014-04-11,0533,Aqua,MODIS,58,6.2,303.4,23.2,D,0
-31.2894,117.2505,325.1,2.5,1.5,2014-04-11,0533,Aqua,MODIS,60,6.2,305.3,38.8,D,0
-32.2088,118.3068,332.8,2.2,1.4,2014-04-11,0533,Aqua,MODIS,82,6.2,306.6,66.4,D,0
-33.6741,121.9084,320.7,1.4,1.2,2014-04-11,0533,Aqua,MODIS,67,6.2,307.4,9.4,D,0
-31.2847,117.245,326.5,2.5,1.5,2014-04-11,0533,Aqua,MODIS,71,6.2,305.5,42.9,D,0
-32.4141,117.736,318.8,2.4,1.5,2014-04-11,0533,Aqua,MODIS,51,6.2,303.1,16.3,D,0
-32.4214,117.7445,321.3,2.4,1.5,2014-04-11,0533,Aqua,MODIS,66,6.2,303.3,26.6,D,0
-31.5613,116.4185,320,2.9,1.6,2014-04-11,0533,Aqua,MODIS,53,6.2,303.6,29.5,D,0
-32.6986,117.572,327.8,2.5,1.5,2014-04-11,0533,Aqua,MODIS,77,6.2,304.3,55.2,D,0
-32.248,118.3114,324.9,2.2,1.4,2014-04-11,0533,Aqua,MODIS,73,6.2,304.6,36.2,D,0
-32.7037,117.5773,321.1,2.5,1.5,2014-04-11,0533,Aqua,MODIS,64,6.2,303.6,27,D,0
-30.9002,116.0554,322.7,3,1.7,2014-04-11,0533,Aqua,MODIS,62,6.2,305.1,34.6,D,0
-30.8991,116.0629,323.9,3,1.7,2014-04-11,0533,Aqua,MODIS,65,6.2,305.3,39.9,D,0
-32.2578,118.3172,324,2.2,1.4,2014-04-11,0533,Aqua,MODIS,72,6.2,304.7,32.1,D,0
-32.5822,118.4688,319.5,2.2,1.4,2014-04-11,0533,Aqua,MODIS,61,6.2,304.8,19,D,0
-32.5842,118.4453,324.4,2.2,1.4,2014-04-11,0533,Aqua,MODIS,68,6.2,305.1,34.9,D,0
-32.1957,118.3053,326,2.2,1.4,2014-04-11,0533,Aqua,MODIS,74,6.2,304.8,38.4,D,0
-31.6887,117.2887,329.7,2.5,1.5,2014-04-11,0533,Aqua,MODIS,77,6.2,305.1,58.9,D,0
-31.9246,116.9954,322.9,2.7,1.6,2014-04-11,0533,Aqua,MODIS,67,6.2,304.8,35.5,D,0
-31.6962,117.2691,337.8,2.5,1.5,2014-04-11,0533,Aqua,MODIS,86,6.2,305.3,106,D,0
-33.0686,119.6775,322.6,1.8,1.3,2014-04-11,0533,Aqua,MODIS,68,6.2,308.8,19,D,0
-31.9354,116.9894,325.6,2.7,1.6,2014-04-11,0533,Aqua,MODIS,72,6.2,304.8,46.9,D,0
-33.7426,117.6708,321.1,2.5,1.5,2014-04-11,0533,Aqua,MODIS,66,6.2,304.9,30.4,D,0
-32.0144,117.1811,318.4,2.6,1.6,2014-04-11,0533,Aqua,MODIS,53,6.2,303,20.8,D,0
-32.8421,118.2753,322.6,2.3,1.5,2014-04-11,0533,Aqua,MODIS,69,6.2,306,27,D,0
-31.6942,117.2962,323.1,2.5,1.5,2014-04-11,0533,Aqua,MODIS,67,6.2,304.6,30.2,D,0
-33.1347,117.5647,320.9,2.5,1.5,2014-04-11,0533,Aqua,MODIS,64,6.2,303.7,30.1,D,0
-32.7338,119.2148,322.7,1.9,1.4,2014-04-11,0533,Aqua,MODIS,65,6.2,307.2,19.3,D,0
-31.992,118.2867,321.7,2.2,1.4,2014-04-11,0533,Aqua,MODIS,65,6.2,305.6,22,D,0
-31.5164,116.6288,326.1,2.8,1.6,2014-04-11,0533,Aqua,MODIS,71,6.2,305,51.6,D,0
-31.5156,116.6236,323.4,2.8,1.6,2014-04-11,0533,Aqua,MODIS,65,6.2,304.8,37.7,D,0
-31.6909,117.2616,328.9,2.5,1.5,2014-04-11,0533,Aqua,MODIS,76,6.2,305,56.4,D,0
-30.6306,117.0873,324.9,2.5,1.5,2014-04-11,0534,Aqua,MODIS,69,6.2,305.1,37.9,D,0
-30.6392,117.0809,321.3,2.5,1.5,2014-04-11,0534,Aqua,MODIS,60,6.2,305.2,23.2,D,0
-29.0233,115.1258,326,3.3,1.7,2014-04-11,0534,Aqua,MODIS,67,6.2,308,45.1,D,0
-29.0257,115.0913,325.6,3.4,1.7,2014-04-11,0534,Aqua,MODIS,65,6.2,308.2,42.6,D,0
-29.0284,115.1186,328,3.3,1.7,2014-04-11,0534,Aqua,MODIS,71,6.2,307.9,53.5,D,0
-29.8044,116.1085,325.6,2.9,1.6,2014-04-11,0534,Aqua,MODIS,72,6.2,306,42.2,D,0
-30.7455,116.126,326.3,3,1.6,2014-04-11,0534,Aqua,MODIS,71,6.2,306.3,47,D,0
-30.745,116.1335,326,3,1.6,2014-04-11,0534,Aqua,MODIS,70,6.2,306.5,47.9,D,0
-29.804,116.1015,323.4,2.9,1.6,2014-04-11,0534,Aqua,MODIS,67,6.2,306,31.3,D,0
-20.5599,124.1726,372.6,1,1,2014-04-11,0536,Aqua,MODIS,100,6.2,316.3,106.3,D,0
-20.5478,124.1907,427.5,1,1,2014-04-11,0536,Aqua,MODIS,87,6.2,320.4,467.1,D,0
-20.5463,124.2006,382.1,1,1,2014-04-11,0536,Aqua,MODIS,94,6.2,310.7,150.8,D,0
-20.5416,124.1694,419,1,1,2014-04-11,0536,Aqua,MODIS,94,6.2,314.6,385.4,D,0
-22.6987,120.8068,347.4,1.2,1.1,2014-04-11,0536,Aqua,MODIS,91,6.2,313.5,47.5,D,0
-22.7099,120.7968,328.8,1.2,1.1,2014-04-11,0536,Aqua,MODIS,45,6.2,313.2,10.2,D,0
-22.7084,120.8082,330.7,1.2,1.1,2014-04-11,0536,Aqua,MODIS,60,6.2,312.9,13.3,D,0
-20.5507,124.171,425.2,1,1,2014-04-11,0536,Aqua,MODIS,94,6.2,327.2,439.8,D,0
-20.5493,124.1809,363.8,1,1,2014-04-11,0536,Aqua,MODIS,87,6.2,307.9,80.9,D,0
-20.4809,123.5878,333.3,1,1,2014-04-11,0536,Aqua,MODIS,52,6.2,311.4,18.5,D,0
-20.4837,123.5685,330,1,1,2014-04-11,0536,Aqua,MODIS,61,6.2,305.4,14.5,D,0
-20.5584,124.1824,364.2,1,1,2014-04-11,0536,Aqua,MODIS,100,6.2,313.3,79.8,D,0
-20.4851,123.5589,338.9,1,1,2014-04-11,0536,Aqua,MODIS,83,6.2,309,27.3,D,0
-19.2065,121.8179,330.3,1,1,2014-04-11,0536,Aqua,MODIS,48,6.2,309.2,12,D,0
-19.2078,121.8083,341.4,1,1,2014-04-11,0536,Aqua,MODIS,87,6.2,309.4,30.3,D,0
-18.2002,124.0077,347.3,1.1,1,2014-04-11,0537,Aqua,MODIS,92,6.2,305.6,46.3,D,0
-18.3498,123.7447,346.3,1,1,2014-04-11,0537,Aqua,MODIS,85,6.2,307.4,44.1,D,0
-18.3406,123.7432,367.1,1,1,2014-04-11,0537,Aqua,MODIS,100,6.2,303.3,97.8,D,0
-18.2542,123.7732,348.3,1,1,2014-04-11,0537,Aqua,MODIS,93,6.2,302.2,48.8,D,0
-18.2017,123.9977,335.4,1.1,1,2014-04-11,0537,Aqua,MODIS,83,6.2,305.9,24,D,0
-18.3897,123.9093,338.1,1.1,1,2014-04-11,0537,Aqua,MODIS,0,6.2,288,40.9,D,0
-18.3835,123.888,334.6,1,1,2014-04-11,0537,Aqua,MODIS,49,6.2,293.3,32.7,D,0
-17.9567,126.2163,330.9,1.4,1.2,2014-04-11,0537,Aqua,MODIS,42,6.2,300.1,31,D,0
-17.9546,126.2294,354.3,1.4,1.2,2014-04-11,0537,Aqua,MODIS,73,6.2,295,98.6,D,0
-17.9483,126.2682,335.4,1.4,1.2,2014-04-11,0537,Aqua,MODIS,0,6.2,291.7,43.1,D,0
-17.7258,126.1091,339.1,1.4,1.2,2014-04-11,0537,Aqua,MODIS,82,6.2,302.8,44.6,D,0
-18.0065,126.2191,335.8,1.4,1.2,2014-04-11,0537,Aqua,MODIS,71,6.2,304.9,37.2,D,0
-18.2824,125.7217,356,1.3,1.1,2014-04-11,0537,Aqua,MODIS,85,6.2,305,83.7,D,0
-17.9958,126.2838,349,1.4,1.2,2014-04-11,0537,Aqua,MODIS,93,6.2,304.9,76.1,D,0
-17.9109,126.2346,343.4,1.4,1.2,2014-04-11,0537,Aqua,MODIS,78,6.2,295.7,64.7,D,0
-18.0272,126.223,329.7,1.4,1.2,2014-04-11,0537,Aqua,MODIS,56,6.2,308,16.7,D,0
-18.0603,126.085,351.4,1.3,1.1,2014-04-11,0537,Aqua,MODIS,95,6.2,306.8,75.5,D,0
-18.0293,126.2101,339.6,1.4,1.2,2014-04-11,0537,Aqua,MODIS,87,6.2,309.3,38.3,D,0
-18.0168,126.221,353.7,1.4,1.2,2014-04-11,0537,Aqua,MODIS,96,6.2,307.8,87,D,0
-18.0251,126.2358,328.6,1.4,1.2,2014-04-11,0537,Aqua,MODIS,26,6.2,307.7,16,D,0
-18.0149,126.1679,330.4,1.4,1.2,2014-04-11,0537,Aqua,MODIS,47,6.2,309.4,17.9,D,0
-18.0189,126.2082,339.3,1.4,1.2,2014-04-11,0537,Aqua,MODIS,83,6.2,307.1,40.2,D,0
-28.988,147.269,301.3,1.6,1.2,2014-04-11,1319,Terra,MODIS,40,6.2,288.9,9.2,N,0
-25.9065,146.7154,303.7,1.7,1.3,2014-04-11,1320,Terra,MODIS,34,6.2,285.8,11.8,N,0
-25.8436,146.7356,307.8,1.7,1.3,2014-04-11,1320,Terra,MODIS,73,6.2,291.4,15.6,N,0
-25.8469,146.7307,310.6,1.7,1.3,2014-04-11,1320,Terra,MODIS,80,6.2,291.5,19.8,N,0
-20.0211,138.5372,303,1,1,2014-04-11,1322,Terra,MODIS,50,6.2,290.6,4,N,0
-20.7368,139.4733,307,1,1,2014-04-11,1322,Terra,MODIS,66,6.2,295.1,5.5,N,2
-24.6383,151.8734,306.1,1.6,1.3,2014-04-11,1453,Aqua,MODIS,67,6.2,290.7,15.3,N,0
-33.4738,117.8826,309.3,1,1,2014-04-11,1457,Terra,MODIS,77,6.2,287.9,10.4,N,0
-33.4878,118.5025,307.8,1,1,2014-04-11,1457,Terra,MODIS,72,6.2,289.1,9.4,N,0
-33.9384,118.6889,301,1,1,2014-04-11,1457,Terra,MODIS,37,6.2,287.1,6.1,N,0
-33.3818,118.275,315.6,1,1,2014-04-11,1457,Terra,MODIS,92,6.2,287.7,15.9,N,0
-33.3802,118.2857,302.7,1,1,2014-04-11,1457,Terra,MODIS,51,6.2,286.7,6.8,N,0
-33.4648,117.8808,303.8,1,1,2014-04-11,1457,Terra,MODIS,57,6.2,287.1,6.9,N,0
-33.592,117.952,311.4,1,1,2014-04-11,1457,Terra,MODIS,82,6.2,288.4,11.8,N,0
-33.6011,117.9538,302.9,1,1,2014-04-11,1457,Terra,MODIS,52,6.2,288.8,6.4,N,0
-33.3772,118.3072,314.2,1,1,2014-04-11,1457,Terra,MODIS,89,6.2,288.3,14.5,N,0
-33.7038,118.4655,328.2,1,1,2014-04-11,1457,Terra,MODIS,100,6.2,288,29.1,N,0
-33.4966,118.4991,311.1,1,1,2014-04-11,1457,Terra,MODIS,60,6.2,289.2,10.8,N,0
-33.3757,118.318,303.6,1,1,2014-04-11,1457,Terra,MODIS,56,6.2,286.6,7.6,N,0
-32.6647,118.2122,306.9,1,1,2014-04-11,1457,Terra,MODIS,69,6.2,288.5,9.1,N,0
-33.4862,118.5132,305.2,1,1,2014-04-11,1457,Terra,MODIS,64,6.2,288.5,7.8,N,0
-32.8273,117.3673,301,1,1,2014-04-11,1457,Terra,MODIS,36,6.2,289.1,5,N,0
-32.7665,119.5831,305,1,1,2014-04-11,1457,Terra,MODIS,63,6.2,289.3,8,N,0
-33.4951,118.5099,323.7,1,1,2014-04-11,1457,Terra,MODIS,100,6.2,289.7,22.1,N,0
-32.6632,118.2229,339.8,1,1,2014-04-11,1457,Terra,MODIS,100,6.2,289.4,45.1,N,0
-31.1993,116.9309,310.8,1,1,2014-04-11,1458,Terra,MODIS,81,6.2,291.4,11.5,N,0
-31.2008,116.9202,300.9,1,1,2014-04-11,1458,Terra,MODIS,35,6.2,290.5,5.4,N,0
-30.3214,115.2347,303.1,1.1,1.1,2014-04-11,1458,Terra,MODIS,53,6.2,289.2,7.7,N,0
-32.2807,118.8282,316,1,1,2014-04-11,1458,Terra,MODIS,92,6.2,290.2,15.6,N,0
-32.2717,118.8263,316,1,1,2014-04-11,1458,Terra,MODIS,92,6.2,290.1,15.6,N,0
-32.2701,118.837,301,1,1,2014-04-11,1458,Terra,MODIS,37,6.2,289.1,5.3,N,0
-20.5573,124.2139,303.9,3.1,1.7,2014-04-11,1500,Terra,MODIS,57,6.2,293.5,25.2,N,0
-20.2253,123.5508,306.1,2.8,1.6,2014-04-11,1501,Terra,MODIS,30,6.2,290.2,27.3,N,0
-20.211,123.5474,334.1,2.8,1.6,2014-04-11,1501,Terra,MODIS,100,6.2,290.7,151,N,0
-20.2201,123.5776,311.8,2.8,1.6,2014-04-11,1501,Terra,MODIS,83,6.2,288.2,46.5,N,0
-20.2058,123.5743,323.3,2.8,1.6,2014-04-11,1501,Terra,MODIS,100,6.2,289.6,92.1,N,0
-20.6009,116.7795,313.2,1.1,1,2014-04-11,1501,Terra,MODIS,81,6.2,297.7,9,N,2
-20.5917,116.7779,312.2,1.1,1,2014-04-11,1501,Terra,MODIS,78,6.2,298,7.9,N,0
-20.1945,123.5516,361.5,3.6,1.8,2014-04-11,1630,Aqua,MODIS,100,6.2,296.3,581,N,0
-17.994,126.2113,302.9,2.6,1.5,2014-04-11,1630,Aqua,MODIS,52,6.2,286.7,17,N,0
-20.2333,123.609,309.8,3.6,1.8,2014-04-11,1630,Aqua,MODIS,78,6.2,292.8,55.1,N,0
-17.9986,126.2351,321.9,2.6,1.5,2014-04-11,1630,Aqua,MODIS,100,6.2,291,76.3,N,0
-20.2263,123.5748,327.3,3.6,1.8,2014-04-11,1630,Aqua,MODIS,100,6.2,292.5,159.7,N,0
-20.2104,123.5786,372,3.6,1.8,2014-04-11,1630,Aqua,MODIS,100,6.2,297.1,785.4,N,0
-17.9948,126.2434,322.6,2.6,1.5,2014-04-11,1630,Aqua,MODIS,100,6.2,292.8,79.5,N,0
-17.9904,126.2197,317.4,2.6,1.5,2014-04-11,1630,Aqua,MODIS,95,6.2,287.4,58.7,N,0
-20.2013,123.5856,315.6,3.6,1.8,2014-04-11,1630,Aqua,MODIS,92,6.2,293.6,81,N,0
-20.2035,123.5446,367.7,3.6,1.8,2014-04-11,1630,Aqua,MODIS,100,6.2,295.3,699.3,N,0
-20.1876,123.5484,327.2,3.6,1.8,2014-04-11,1630,Aqua,MODIS,100,6.2,293.9,156.7,N,0
-23.4575,147.2338,322,1.1,1.1,2014-04-12,0017,Terra,MODIS,68,6.2,301.5,11.8,D,0
-24.7,151.8612,314.7,1.1,1.1,2014-04-12,0017,Terra,MODIS,61,6.2,301.6,7.5,D,0
-29.288,152.7751,307.7,1.5,1.2,2014-04-12,0018,Terra,MODIS,56,6.2,295.3,8,D,0
-28.9607,153.2058,323.6,1.5,1.2,2014-04-12,0018,Terra,MODIS,80,6.2,298.6,30.4,D,0
-26.4492,148.2468,320,1,1,2014-04-12,0018,Terra,MODIS,70,6.2,300.5,7.2,D,0
-26.2871,148.7583,318.2,1,1,2014-04-12,0018,Terra,MODIS,64,6.2,298.9,7.3,D,0
-26.2886,148.7682,317.2,1,1,2014-04-12,0018,Terra,MODIS,56,6.2,299.5,6.6,D,0
-30.1334,150.686,309.6,1.2,1.1,2014-04-12,0019,Terra,MODIS,54,6.2,297.9,6,D,0
-30.3035,148.9298,312.5,1,1,2014-04-12,0019,Terra,MODIS,25,6.2,299.9,5.3,D,0
-38.2188,145.2151,303.6,1,1,2014-04-12,0021,Terra,MODIS,38,6.2,289.6,4.4,D,0
-41.463,146.8461,301.8,1.1,1,2014-04-12,0022,Terra,MODIS,49,6.2,288.3,6,D,0
-14.2061,127.649,327.4,1,1,2014-04-12,0153,Terra,MODIS,26,6.2,303.4,8.6,D,0
-14.2264,127.5985,325.3,1,1,2014-04-12,0153,Terra,MODIS,58,6.2,300.9,10.8,D,0
-14.2187,127.6091,324.5,1,1,2014-04-12,0153,Terra,MODIS,53,6.2,299.4,9.5,D,0
-14.2047,127.6397,332.4,1,1,2014-04-12,0153,Terra,MODIS,62,6.2,302.2,14.6,D,0
-14.198,127.6561,325.4,1,1,2014-04-12,0153,Terra,MODIS,43,6.2,301.6,8.2,D,0
-14.1511,127.5873,392,1,1,2014-04-12,0153,Terra,MODIS,94,6.2,304.4,198,D,0
-14.1719,127.6031,326.5,1,1,2014-04-12,0153,Terra,MODIS,37,6.2,301.3,10.7,D,0
-14.1525,127.5965,353.9,1,1,2014-04-12,0153,Terra,MODIS,91,6.2,302.9,57.2,D,0
-14.1822,127.611,335.7,1,1,2014-04-12,0153,Terra,MODIS,86,6.2,300.8,23.2,D,0
-14.1809,127.6018,338.6,1,1,2014-04-12,0153,Terra,MODIS,88,6.2,300.3,28.2,D,0
-13.9951,127.4,327.1,1,1,2014-04-12,0153,Terra,MODIS,78,6.2,300.8,13.2,D,0
-13.9964,127.4092,323.3,1,1,2014-04-12,0153,Terra,MODIS,66,6.2,300.9,7.9,D,0
-18.0018,126.2278,328,1,1,2014-04-12,0154,Terra,MODIS,72,6.2,311.6,9.8,D,0
-17.9639,126.3458,333.6,1,1,2014-04-12,0154,Terra,MODIS,81,6.2,310.6,19,D,0
-17.9569,126.2349,324.1,1,1,2014-04-12,0154,Terra,MODIS,59,6.2,310.7,6.8,D,0
-17.9852,126.24,334.6,1,1,2014-04-12,0154,Terra,MODIS,82,6.2,311.6,17.9,D,0
-18.0032,126.2372,327.1,1,1,2014-04-12,0154,Terra,MODIS,72,6.2,311.8,8.6,D,0
-18.3784,123.8768,344.2,1.1,1.1,2014-04-12,0154,Terra,MODIS,90,6.2,310.1,41.6,D,0
-15.5631,124.4885,316.3,1.1,1.1,2014-04-12,0154,Terra,MODIS,62,6.2,300.1,7.1,D,0
-20.2362,123.5624,328,1.1,1,2014-04-12,0155,Terra,MODIS,32,6.2,311.2,7.8,D,0
-20.2016,123.4987,380.8,1.1,1.1,2014-04-12,0155,Terra,MODIS,100,6.2,307.8,167.6,D,0
-20.2033,123.5092,431,1.1,1.1,2014-04-12,0155,Terra,MODIS,100,6.2,320.2,563.8,D,0
-20.2049,123.5198,373.3,1.1,1.1,2014-04-12,0155,Terra,MODIS,100,6.2,313.7,129.2,D,0
-20.2066,123.5304,337.5,1.1,1.1,2014-04-12,0155,Terra,MODIS,79,6.2,312.4,25.3,D,0
-20.2037,123.4814,329.4,1.1,1.1,2014-04-12,0155,Terra,MODIS,72,6.2,306.4,17.2,D,0
-20.202,123.4708,325.6,1.1,1.1,2014-04-12,0155,Terra,MODIS,63,6.2,306.5,12,D,0
-20.2071,123.5026,366.9,1.1,1.1,2014-04-12,0155,Terra,MODIS,100,6.2,309,107.4,D,0
-20.2088,123.5131,377.6,1.1,1.1,2014-04-12,0155,Terra,MODIS,100,6.2,313.5,150.7,D,0
-20.2105,123.5237,340.4,1.1,1.1,2014-04-12,0155,Terra,MODIS,86,6.2,312,33.2,D,0
-20.2123,123.5342,336.6,1.1,1.1,2014-04-12,0155,Terra,MODIS,82,6.2,313.5,25.3,D,0
-20.2148,123.4903,324.1,1.1,1.1,2014-04-12,0155,Terra,MODIS,36,6.2,307.7,9.1,D,0
-20.2166,123.5009,344.5,1.1,1.1,2014-04-12,0155,Terra,MODIS,90,6.2,307.9,43.8,D,0
-20.22,123.522,337.5,1.1,1.1,2014-04-12,0155,Terra,MODIS,83,6.2,307.8,27.5,D,0
-20.2217,123.5325,362.5,1.1,1.1,2014-04-12,0155,Terra,MODIS,100,6.2,311.6,88.9,D,0
-20.2234,123.5431,379.2,1.1,1.1,2014-04-12,0155,Terra,MODIS,100,6.2,315.6,153.5,D,0
-20.2251,123.5536,342.9,1.1,1,2014-04-12,0155,Terra,MODIS,88,6.2,312.8,34.2,D,0
-32.1649,117.1954,318.8,1.6,1.2,2014-04-12,0158,Terra,MODIS,65,6.2,300.9,15.2,D,0
-30.9299,116.7518,323.4,1.8,1.3,2014-04-12,0158,Terra,MODIS,72,6.2,303.5,27.2,D,0
-30.9384,116.7624,321.3,1.8,1.3,2014-04-12,0158,Terra,MODIS,30,6.2,303.2,19,D,0
-30.6438,116.1142,326,2,1.4,2014-04-12,0158,Terra,MODIS,71,6.2,303.5,35.1,D,0
-29.0236,115.1395,321,2.5,1.5,2014-04-12,0158,Terra,MODIS,66,6.2,304.4,28.3,D,0
-30.9464,116.7405,319.3,1.8,1.3,2014-04-12,0158,Terra,MODIS,56,6.2,303,15.2,D,0
-30.9416,116.7488,333.7,1.8,1.3,2014-04-12,0158,Terra,MODIS,84,6.2,303.4,54,D,0
-30.6321,116.1105,326.4,2,1.4,2014-04-12,0158,Terra,MODIS,76,6.2,304.9,38.1,D,0
-30.6445,116.1073,324.3,2,1.4,2014-04-12,0158,Terra,MODIS,73,6.2,303.6,32.9,D,0
-31.6879,117.0121,338,1.7,1.3,2014-04-12,0158,Terra,MODIS,87,6.2,303.2,64.4,D,0
-31.2922,116.4216,326.5,1.9,1.3,2014-04-12,0158,Terra,MODIS,77,6.2,302.9,36,D,0
-31.3041,116.4184,317.1,1.9,1.3,2014-04-12,0158,Terra,MODIS,53,6.2,302.1,12.9,D,0
-31.572,117.7436,326.3,1.5,1.2,2014-04-12,0158,Terra,MODIS,77,6.2,302,27.9,D,0
-32.9349,121.665,314.7,1,1,2014-04-12,0158,Terra,MODIS,64,6.2,301.3,6.6,D,0
-31.6844,116.9945,384.1,1.7,1.3,2014-04-12,0158,Terra,MODIS,100,6.2,306.9,344.5,D,0
-32.1554,117.2048,327.3,1.6,1.2,2014-04-12,0158,Terra,MODIS,79,6.2,301.6,32.3,D,0
-32.1538,117.1983,324.5,1.6,1.2,2014-04-12,0158,Terra,MODIS,76,6.2,302,27.5,D,0
-30.9346,116.7434,328.1,1.8,1.3,2014-04-12,0158,Terra,MODIS,78,6.2,304,36.2,D,0
-32.7521,117.4649,325.7,1.5,1.2,2014-04-12,0158,Terra,MODIS,77,6.2,302.3,26.3,D,0
-31.8074,116.8565,328.2,1.7,1.3,2014-04-12,0158,Terra,MODIS,79,6.2,301.9,38,D,0
-31.7966,116.8466,327.2,1.7,1.3,2014-04-12,0158,Terra,MODIS,78,6.2,303.1,33.6,D,0
-31.808,116.8434,331.8,1.7,1.3,2014-04-12,0158,Terra,MODIS,83,6.2,302,47.2,D,0
-31.8038,116.8384,333.8,1.7,1.3,2014-04-12,0158,Terra,MODIS,84,6.2,303,53.9,D,0
-30.8678,121.4928,326.2,1,1,2014-04-12,0158,Terra,MODIS,79,6.2,302.4,18.6,D,2
-34.5797,116.3364,311.3,1.6,1.2,2014-04-12,0159,Terra,MODIS,62,6.2,294.9,16,D,0
-34.5763,116.3193,306.4,1.6,1.2,2014-04-12,0159,Terra,MODIS,24,6.2,294.1,9.4,D,0
-33.5217,117.9196,318.2,1.4,1.2,2014-04-12,0159,Terra,MODIS,67,6.2,300.8,12.9,D,0
-41.5374,147.2541,303.7,1.3,1.1,2014-04-12,0434,Aqua,MODIS,57,6.2,293.2,6,D,0
-40.9641,145.6618,305.3,1.2,1.1,2014-04-12,0435,Aqua,MODIS,61,6.2,291.6,7.2,D,0
-40.9617,145.6754,302.6,1.2,1.1,2014-04-12,0435,Aqua,MODIS,53,6.2,291.5,5.1,D,0
-36.1807,141.3599,323.1,1,1,2014-04-12,0436,Aqua,MODIS,68,6.2,293.2,18.7,D,0
-36.1791,141.371,328.8,1,1,2014-04-12,0436,Aqua,MODIS,63,6.2,289.7,25.5,D,0
-36.716,141.9158,323.4,1,1,2014-04-12,0436,Aqua,MODIS,64,6.2,298.1,16.5,D,0
-35.6172,145.3681,325.2,1.4,1.2,2014-04-12,0436,Aqua,MODIS,81,6.2,294.6,30.8,D,0
-35.6248,145.3862,312.5,1.4,1.2,2014-04-12,0436,Aqua,MODIS,66,6.2,294.5,11.8,D,0
-35.6276,145.371,338.1,1.4,1.2,2014-04-12,0436,Aqua,MODIS,90,6.2,297.2,58.9,D,0
-35.6144,145.3833,307.9,1.4,1.2,2014-04-12,0436,Aqua,MODIS,44,6.2,292.5,6.2,D,0
-17.9865,126.2354,327.1,3.9,1.8,2014-04-12,0441,Aqua,MODIS,63,6.2,306.7,65.2,D,0
-18.0063,126.3233,330,3.9,1.8,2014-04-12,0441,Aqua,MODIS,76,6.2,307.5,95.4,D,0
-17.9753,126.3464,327.9,3.9,1.8,2014-04-12,0441,Aqua,MODIS,76,6.2,305.7,78.3,D,0
-17.9638,126.3493,328.5,3.9,1.8,2014-04-12,0441,Aqua,MODIS,76,6.2,306.3,85.6,D,0
-17.997,126.352,328.5,3.9,1.8,2014-04-12,0441,Aqua,MODIS,76,6.2,306.8,86.9,D,0
-18.003,126.3601,325.9,3.9,1.8,2014-04-12,0441,Aqua,MODIS,73,6.2,307.3,64.4,D,0
-18.0006,126.3152,326,3.9,1.8,2014-04-12,0441,Aqua,MODIS,47,6.2,307.3,60.4,D,0
-14.2211,127.6036,327.1,2.8,1.6,2014-04-12,0442,Aqua,MODIS,58,6.2,288.2,71.4,D,0
-14.2235,127.6083,321.6,2.8,1.6,2014-04-12,0442,Aqua,MODIS,53,6.2,286.9,50.6,D,0
-14.181,127.5731,324.4,2.8,1.6,2014-04-12,0442,Aqua,MODIS,45,6.2,288.4,55.1,D,0
-14.1667,127.5714,335.2,2.8,1.6,2014-04-12,0442,Aqua,MODIS,82,6.2,288.2,117.3,D,0
-14.1832,127.5777,328.5,2.8,1.6,2014-04-12,0442,Aqua,MODIS,50,6.2,289.4,73.8,D,0
-14.1781,127.5984,331.2,2.8,1.6,2014-04-12,0442,Aqua,MODIS,74,6.2,292.1,86.6,D,0
-16.0175,127.0616,313.4,3.2,1.7,2014-04-12,0442,Aqua,MODIS,44,6.2,293.6,31.1,D,0
-14.2263,127.5831,319.7,2.8,1.6,2014-04-12,0442,Aqua,MODIS,52,6.2,288.6,42.4,D,0
-14.8524,133.2599,326.2,1.1,1.1,2014-04-12,0442,Aqua,MODIS,68,6.2,305.3,11.9,D,0
-14.8428,133.2585,328.1,1.1,1.1,2014-04-12,0442,Aqua,MODIS,72,6.2,306.4,13.7,D,0
-14.0069,127.3824,317.5,2.9,1.6,2014-04-12,0443,Aqua,MODIS,27,6.2,290.3,29,D,0
-34.5729,116.3356,313.4,1,1,2014-04-12,0615,Aqua,MODIS,56,6.2,299.6,7.9,D,0
-34.5745,116.3247,326.3,1,1,2014-04-12,0615,Aqua,MODIS,79,6.2,299.3,20.5,D,0
-34.5845,117.9268,339.6,1.1,1,2014-04-12,0615,Aqua,MODIS,90,6.2,305.5,38.3,D,0
-34.5835,116.3267,320.9,1,1,2014-04-12,0615,Aqua,MODIS,73,6.2,299.1,15.2,D,0
-34.271,117.2328,331,1,1,2014-04-12,0615,Aqua,MODIS,81,6.2,310.2,17,D,0
-31.4731,116.6592,332.2,1.1,1,2014-04-12,0616,Aqua,MODIS,76,6.2,311.7,15.7,D,0
-31.8674,116.6201,329.9,1.1,1,2014-04-12,0616,Aqua,MODIS,73,6.2,310.9,14.2,D,0
-33.1392,118.2778,325.8,1.2,1.1,2014-04-12,0616,Aqua,MODIS,67,6.2,308.9,10.5,D,0
-31.4748,116.6481,338.3,1.1,1,2014-04-12,0616,Aqua,MODIS,84,6.2,313.5,25.5,D,0
-33.0199,118.185,324.8,1.2,1.1,2014-04-12,0616,Aqua,MODIS,65,6.2,307.1,11.1,D,0
-32.9133,117.5242,376.1,1.1,1,2014-04-12,0616,Aqua,MODIS,100,6.2,314.9,141,D,0
-32.9152,117.5125,345.5,1.1,1,2014-04-12,0616,Aqua,MODIS,91,6.2,311.8,44.1,D,0
-32.5673,118.8596,333.2,1.3,1.1,2014-04-12,0616,Aqua,MODIS,80,6.2,310.2,25.1,D,0
-31.6768,116.8145,326.4,1.1,1,2014-04-12,0616,Aqua,MODIS,65,6.2,310.4,8.6,D,0
-32.565,118.8731,324.8,1.3,1.1,2014-04-12,0616,Aqua,MODIS,67,6.2,309.2,10.5,D,0
-31.892,117.4416,325.6,1.1,1.1,2014-04-12,0616,Aqua,MODIS,65,6.2,310.7,8.9,D,0
-33.1509,118.2678,328.2,1.2,1.1,2014-04-12,0616,Aqua,MODIS,72,6.2,308.9,14.4,D,0
-32.9227,117.5264,331.2,1.1,1,2014-04-12,0616,Aqua,MODIS,78,6.2,310.5,17.8,D,0
-33.1488,118.2802,333.8,1.2,1.1,2014-04-12,0616,Aqua,MODIS,80,6.2,309.1,23.5,D,0
-33.0556,118.409,326.2,1.2,1.1,2014-04-12,0616,Aqua,MODIS,0,6.2,309.3,13.1,D,0
-31.4905,116.548,371.3,1.1,1,2014-04-12,0616,Aqua,MODIS,100,6.2,315.5,113.2,D,0
-32.2782,118.3302,340.9,1.2,1.1,2014-04-12,0616,Aqua,MODIS,87,6.2,306.9,40.3,D,0
-32.276,118.343,350.6,1.2,1.1,2014-04-12,0616,Aqua,MODIS,94,6.2,309.7,65.8,D,0
-32.288,118.3325,341,1.2,1.1,2014-04-12,0616,Aqua,MODIS,87,6.2,307.1,40.3,D,0
-32.2858,118.3453,346.7,1.2,1.1,2014-04-12,0616,Aqua,MODIS,92,6.2,308,54.8,D,0
-32.5774,117.1354,324.3,1.1,1,2014-04-12,0616,Aqua,MODIS,65,6.2,309.6,8.2,D,0
-32.5681,117.1332,324.4,1.1,1,2014-04-12,0616,Aqua,MODIS,65,6.2,309.4,8.4,D,0
-32.2369,117.8938,323.5,1.2,1.1,2014-04-12,0616,Aqua,MODIS,61,6.2,306,11.3,D,0
-31.0222,116.1839,326.6,1,1,2014-04-12,0616,Aqua,MODIS,60,6.2,312.2,7.6,D,0
-32.7239,119.5403,327.9,1.4,1.2,2014-04-12,0616,Aqua,MODIS,74,6.2,309.9,17.4,D,0
-32.2644,116.5998,325.2,1,1,2014-04-12,0616,Aqua,MODIS,66,6.2,309.9,8.7,D,0
-30.8085,116.7727,329.3,1.1,1,2014-04-12,0616,Aqua,MODIS,68,6.2,312.7,10,D,0
-30.8104,116.7613,331.5,1.1,1,2014-04-12,0616,Aqua,MODIS,73,6.2,314.2,13,D,0
-32.2661,116.5888,325.1,1,1,2014-04-12,0616,Aqua,MODIS,66,6.2,310.5,9.1,D,0
-31.6757,117.0019,333,1.1,1,2014-04-12,0616,Aqua,MODIS,78,6.2,310.5,17.1,D,0
-32.6813,118.2547,337.8,1.2,1.1,2014-04-12,0616,Aqua,MODIS,85,6.2,309.6,30.9,D,0
-32.6834,118.2422,332.1,1.2,1.1,2014-04-12,0616,Aqua,MODIS,78,6.2,309.6,20.3,D,0
-32.0958,118.1235,326.7,1.2,1.1,2014-04-12,0616,Aqua,MODIS,68,6.2,309.7,13,D,0
-32.0937,118.136,322.7,1.2,1.1,2014-04-12,0616,Aqua,MODIS,47,6.2,307.5,7.5,D,0
-32.0626,118.9719,346.2,1.3,1.1,2014-04-12,0616,Aqua,MODIS,92,6.2,312,56.6,D,0
-30.9919,116.3806,327,1.1,1,2014-04-12,0616,Aqua,MODIS,61,6.2,312.2,7.3,D,0
-32.0728,118.9743,332.5,1.3,1.1,2014-04-12,0616,Aqua,MODIS,79,6.2,309.7,23.6,D,0
-32.3192,117.0829,325.9,1.1,1,2014-04-12,0616,Aqua,MODIS,68,6.2,309.9,9.4,D,0
-33.1958,122.0064,337.8,1.9,1.3,2014-04-12,0616,Aqua,MODIS,87,6.2,305.5,75.7,D,0
-33.1919,122.0262,325.1,1.9,1.3,2014-04-12,0616,Aqua,MODIS,67,6.2,302.5,35.9,D,0
-32.659,117.5691,327.3,1.1,1.1,2014-04-12,0616,Aqua,MODIS,72,6.2,309.5,14.1,D,0
-32.6571,117.5809,323.7,1.1,1.1,2014-04-12,0616,Aqua,MODIS,63,6.2,308.4,9.4,D,0
-32.6616,117.5756,324.5,1.1,1.1,2014-04-12,0616,Aqua,MODIS,51,6.2,309,9,D,0
-33.2077,122.0098,333.4,1.9,1.3,2014-04-12,0616,Aqua,MODIS,84,6.2,306.9,57.7,D,0
-32.1246,117.1451,329.5,1.1,1,2014-04-12,0616,Aqua,MODIS,74,6.2,310.6,15.2,D,0
-31.4888,116.559,339.8,1.1,1,2014-04-12,0616,Aqua,MODIS,85,6.2,311,30.1,D,0
-32.7271,118.7663,326.6,1.2,1.1,2014-04-12,0616,Aqua,MODIS,70,6.2,309.7,12.5,D,0
-32.7195,118.7506,325.2,1.2,1.1,2014-04-12,0616,Aqua,MODIS,58,6.2,310.1,10.1,D,0
-32.3854,117.7523,340.7,1.1,1.1,2014-04-12,0616,Aqua,MODIS,87,6.2,313.4,35.4,D,0
-32.3834,117.7643,328.5,1.1,1.1,2014-04-12,0616,Aqua,MODIS,70,6.2,310.2,14.8,D,0
-32.3949,117.7545,337.8,1.1,1.1,2014-04-12,0616,Aqua,MODIS,85,6.2,310.6,28.8,D,0
-32.5161,117.9586,344.4,1.2,1.1,2014-04-12,0616,Aqua,MODIS,90,6.2,309.1,44.8,D,0
-32.514,117.9709,396.2,1.2,1.1,2014-04-12,0616,Aqua,MODIS,100,6.2,315.6,267.5,D,0
-32.512,117.983,324.9,1.2,1.1,2014-04-12,0616,Aqua,MODIS,60,6.2,309.1,9.6,D,0
-32.5236,117.9732,325.5,1.2,1.1,2014-04-12,0616,Aqua,MODIS,67,6.2,308,11.2,D,0
-30.8682,121.4868,320.1,2,1.4,2014-04-12,0616,Aqua,MODIS,62,6.2,307.7,18.1,D,0
-28.8455,114.736,326.2,1,1,2014-04-12,0617,Aqua,MODIS,51,6.2,309.5,9.5,D,0
-28.847,114.7257,326.5,1,1,2014-04-12,0617,Aqua,MODIS,53,6.2,309.4,10.4,D,0
-28.2913,114.561,326.1,1,1,2014-04-12,0617,Aqua,MODIS,62,6.2,310.7,8.2,D,0
-29.0331,115.0774,342,1,1,2014-04-12,0617,Aqua,MODIS,86,6.2,314.7,29.2,D,0
-29.3546,115.6977,341.2,1,1,2014-04-12,0617,Aqua,MODIS,85,6.2,317.2,24.4,D,0
-29.3454,115.6958,344.8,1,1,2014-04-12,0617,Aqua,MODIS,89,6.2,317.4,31.8,D,0
-29.8703,116.1713,328.4,1.1,1,2014-04-12,0617,Aqua,MODIS,66,6.2,313.7,7.2,D,0
-30.4229,116.5424,335.2,1.1,1,2014-04-12,0617,Aqua,MODIS,79,6.2,314.7,17.5,D,0
-30.374,116.0151,336.2,1,1,2014-04-12,0617,Aqua,MODIS,64,6.2,306.3,27.1,D,0
-29.1115,115.1102,346.4,1,1,2014-04-12,0617,Aqua,MODIS,90,6.2,314.7,37.4,D,0
-29.247,114.9397,329.3,1,1,2014-04-12,0617,Aqua,MODIS,62,6.2,309.4,14.3,D,0
-29.0222,115.1503,340,1,1,2014-04-12,0617,Aqua,MODIS,84,6.2,314.3,24.1,D,0
-29.4941,115.4976,329.5,1,1,2014-04-12,0617,Aqua,MODIS,63,6.2,315.4,8.7,D,0
-29.0238,115.1399,336.6,1,1,2014-04-12,0617,Aqua,MODIS,80,6.2,315.1,19.4,D,0
-29.0316,115.0878,333.9,1,1,2014-04-12,0617,Aqua,MODIS,75,6.2,314.4,15.9,D,0
-29.4678,115.5629,336,1,1,2014-04-12,0617,Aqua,MODIS,78,6.2,315.1,17.3,D,0
-29.0347,115.067,328.6,1,1,2014-04-12,0617,Aqua,MODIS,58,6.2,313.1,8.4,D,0
-30.4007,116.0878,329.1,1,1,2014-04-12,0617,Aqua,MODIS,38,6.2,311,12.2,D,0
-29.693,115.4631,328.4,1,1,2014-04-12,0617,Aqua,MODIS,61,6.2,313.7,9.7,D,0
-30.399,116.0986,327.1,1,1,2014-04-12,0617,Aqua,MODIS,38,6.2,310,9.4,D,0
-29.471,115.5417,341.6,1,1,2014-04-12,0617,Aqua,MODIS,85,6.2,317,27,D,0
-29.4694,115.5523,370.5,1,1,2014-04-12,0617,Aqua,MODIS,100,6.2,320.6,102.1,D,0
-29.4753,115.5592,361,1,1,2014-04-12,0617,Aqua,MODIS,100,6.2,317.5,71.5,D,0
-29.4769,115.5487,379.9,1,1,2014-04-12,0617,Aqua,MODIS,100,6.2,319.8,138.4,D,0
-20.237,123.5655,337.1,4.7,2,2014-04-12,0619,Aqua,MODIS,80,6.2,309.3,220.4,D,0
-20.2225,123.5579,340.5,4.7,2,2014-04-12,0619,Aqua,MODIS,86,6.2,309.3,277.9,D,0
-20.2402,123.5624,328.9,4.7,2,2014-04-12,0619,Aqua,MODIS,16,6.2,309.3,111.7,D,0
-20.2062,123.4598,328,4.7,2,2014-04-12,0619,Aqua,MODIS,68,6.2,307.9,127.2,D,0
-20.2194,123.5611,340.2,4.7,2,2014-04-12,0619,Aqua,MODIS,86,6.2,308.8,275.8,D,0
-20.2274,123.6102,339.6,4.8,2,2014-04-12,0619,Aqua,MODIS,84,6.2,306.6,254.4,D,0
-20.2096,123.6059,336.1,4.8,2,2014-04-12,0619,Aqua,MODIS,72,6.2,305.9,214.5,D,0
-20.2308,123.6072,336,4.8,2,2014-04-12,0619,Aqua,MODIS,71,6.2,306.7,197.6,D,0
-20.2131,123.6028,345.4,4.8,2,2014-04-12,0619,Aqua,MODIS,90,6.2,306.2,360.1,D,0
-20.2036,123.4633,327.7,4.7,2,2014-04-12,0619,Aqua,MODIS,66,6.2,307.4,120.3,D,0
-21.0963,118.462,328.9,2,1.4,2014-04-12,0619,Aqua,MODIS,64,6.2,313.7,20.9,D,0
-21.0997,118.4435,328.5,1.9,1.4,2014-04-12,0619,Aqua,MODIS,63,6.2,313.2,18.2,D,0
-28.4737,150.7399,301.4,1.6,1.2,2014-04-12,1224,Terra,MODIS,41,6.2,289.4,11,N,0
-30.3742,149.6943,302.1,1.9,1.4,2014-04-12,1224,Terra,MODIS,46,6.2,289,14.9,N,0
-29.2767,152.9682,305.1,1.2,1.1,2014-04-12,1224,Terra,MODIS,63,6.2,284,12,N,0
-29.2752,152.9805,310.9,1.2,1.1,2014-04-12,1224,Terra,MODIS,81,6.2,281.1,17,N,0
-27.0626,148.903,327.8,2,1.4,2014-04-12,1225,Terra,MODIS,100,6.2,289.3,73.9,N,0
-27.0606,148.9232,346.1,2,1.4,2014-04-12,1225,Terra,MODIS,100,6.2,290.3,150.7,N,0
-27.0482,148.9216,300.9,2,1.4,2014-04-12,1225,Terra,MODIS,35,6.2,288.8,13.1,N,0
-27.0835,152.878,304.3,1.1,1.1,2014-04-12,1225,Terra,MODIS,60,6.2,291.2,6.7,N,0
-33.6308,120.4707,302.6,4.2,1.9,2014-04-12,1402,Terra,MODIS,21,6.2,285.7,60.2,N,0
-17.9745,126.3435,323,1.1,1.1,2014-04-12,1406,Terra,MODIS,100,6.2,297.7,21.8,N,0
-15.554,124.5043,306.3,1.3,1.1,2014-04-12,1407,Terra,MODIS,67,6.2,295,6.7,N,0
-20.7288,139.4911,301.7,2.5,1.5,2014-04-12,1535,Aqua,MODIS,43,6.2,291.6,13.8,N,2
-26.7945,150.2134,301.3,1.5,1.2,2014-04-12,1536,Aqua,MODIS,36,6.2,287.1,12.4,N,2
-29.2741,152.9782,306.1,2.4,1.5,2014-04-12,1537,Aqua,MODIS,67,6.2,287,28.5,N,0
-29.2675,152.9857,308.9,2.4,1.5,2014-04-12,1537,Aqua,MODIS,76,6.2,287.3,37,N,0
-33.7995,118.4719,301.7,3.3,1.7,2014-04-12,1540,Terra,MODIS,43,6.2,285.4,40.4,N,0
-33.805,118.4669,304.9,3.3,1.7,2014-04-12,1540,Terra,MODIS,62,6.2,285.5,52.4,N,0
-20.2113,123.48,309.2,1,1,2014-04-12,1713,Aqua,MODIS,77,6.2,293.8,8.6,N,0
-20.21,123.4703,318.8,1,1,2014-04-12,1713,Aqua,MODIS,98,6.2,294.4,16.5,N,0
-20.1995,123.462,304.4,1,1,2014-04-12,1713,Aqua,MODIS,49,6.2,294.1,5.2,N,0
-20.2009,123.4717,305.3,1,1,2014-04-12,1713,Aqua,MODIS,61,6.2,293.8,5.9,N,0
-22.699,120.8203,304,1,1,2014-04-12,1714,Aqua,MODIS,58,6.2,293.1,5.6,N,0
-30.8607,121.4937,300.2,1,1,2014-04-12,1716,Aqua,MODIS,22,6.2,288.1,6,N,2
-41.6732,147.4029,300.8,2.9,1.6,2014-04-12,2327,Terra,MODIS,42,6.2,287,25.2,D,0
-17.435,135.6999,314.3,1.5,1.2,2014-04-13,0059,Terra,MODIS,45,6.2,300.4,8.7,D,0
-28.4198,149.2615,312.5,4.5,1.9,2014-04-13,0101,Terra,MODIS,29,6.2,293.3,47.5,D,0
-33.0036,137.5813,308,1,1,2014-04-13,0103,Terra,MODIS,60,6.2,295.2,5.9,D,0
-36.1645,143.6062,311.3,2.3,1.5,2014-04-13,0103,Terra,MODIS,65,6.2,294.1,24.1,D,0
-36.1605,143.6011,309.1,2.3,1.5,2014-04-13,0103,Terra,MODIS,53,6.2,294.5,19.1,D,0
-15.5778,124.4873,314.5,3.1,1.7,2014-04-13,0236,Terra,MODIS,61,6.2,301.2,30,D,0
-29.4209,115.6094,324.6,1.2,1.1,2014-04-13,0240,Terra,MODIS,65,6.2,309.7,9.4,D,0
-28.5614,114.8589,339,1.1,1,2014-04-13,0240,Terra,MODIS,85,6.2,308.7,31,D,0
-29.1167,115.124,325.2,1.1,1.1,2014-04-13,0240,Terra,MODIS,65,6.2,308.5,9.8,D,0
-29.1152,115.1125,331.1,1.1,1.1,2014-04-13,0240,Terra,MODIS,76,6.2,308.3,18.2,D,0
-29.4557,115.6356,331,1.2,1.1,2014-04-13,0240,Terra,MODIS,78,6.2,309.1,19.6,D,0
-29.4217,115.6034,326.2,1.2,1.1,2014-04-13,0240,Terra,MODIS,70,6.2,310.2,11,D,0
-29.4034,115.5496,332,1.2,1.1,2014-04-13,0240,Terra,MODIS,78,6.2,310.3,20.9,D,0
-29.8059,115.4303,329.1,1.2,1.1,2014-04-13,0241,Terra,MODIS,75,6.2,303.7,18.8,D,0
-31.0354,116.3728,324.8,1.4,1.2,2014-04-13,0241,Terra,MODIS,68,6.2,306.3,15.2,D,0
-32.1304,116.8918,318.4,1.5,1.2,2014-04-13,0241,Terra,MODIS,64,6.2,303.4,11.5,D,0
-32.1292,116.898,319.7,1.5,1.2,2014-04-13,0241,Terra,MODIS,67,6.2,303.3,12.7,D,0
-31.8274,117.0418,338.3,1.5,1.2,2014-04-13,0241,Terra,MODIS,87,6.2,305.2,52.3,D,0
-30.9293,116.0675,321.7,1.3,1.1,2014-04-13,0241,Terra,MODIS,59,6.2,306.5,9.5,D,0
-30.9864,116.743,335.1,1.4,1.2,2014-04-13,0241,Terra,MODIS,83,6.2,307.7,36.9,D,0
-31.8502,116.6163,319.5,1.4,1.2,2014-04-13,0241,Terra,MODIS,63,6.2,303.9,12.6,D,0
-33.4419,120.758,317,2.8,1.6,2014-04-13,0241,Terra,MODIS,26,6.2,297.1,32.8,D,0
-31.8316,117.5051,322.6,1.6,1.3,2014-04-13,0241,Terra,MODIS,62,6.2,301.1,21.8,D,0
-31.7246,116.9325,322.2,1.5,1.2,2014-04-13,0241,Terra,MODIS,69,6.2,304.1,13.3,D,0
-31.7229,116.9166,341.7,1.5,1.2,2014-04-13,0241,Terra,MODIS,90,6.2,304.3,61.4,D,0
-31.8518,116.6315,328.6,1.4,1.2,2014-04-13,0241,Terra,MODIS,78,6.2,303.1,29,D,0
-41.6341,146.8982,304.1,2.5,1.5,2014-04-13,0339,Aqua,MODIS,49,6.2,290.5,19.8,D,0
-41.6358,146.8691,316,2.5,1.5,2014-04-13,0339,Aqua,MODIS,76,6.2,289.8,55.4,D,0
-41.5859,146.9188,304.9,2.5,1.5,2014-04-13,0339,Aqua,MODIS,60,6.2,292.8,19.1,D,0
-41.3306,147.4452,313.6,2.3,1.5,2014-04-13,0339,Aqua,MODIS,74,6.2,287.8,48.2,D,0
-41.6777,147.4176,319.8,2.3,1.5,2014-04-13,0339,Aqua,MODIS,80,6.2,294.5,58.5,D,0
-41.6795,147.3886,327.4,2.3,1.5,2014-04-13,0339,Aqua,MODIS,85,6.2,294.1,85.7,D,0
-31.5115,150.8325,308.6,1.1,1.1,2014-04-13,0342,Aqua,MODIS,63,6.2,296,5,D,0
-31.513,150.8201,309.8,1.1,1.1,2014-04-13,0342,Aqua,MODIS,65,6.2,298,6.2,D,0
-31.7181,152.0098,303.4,1,1,2014-04-13,0342,Aqua,MODIS,56,6.2,289.4,4.6,D,0
-30.4555,150.1723,323.3,1.2,1.1,2014-04-13,0342,Aqua,MODIS,77,6.2,303.7,17.5,D,0
-28.8973,148.9428,319.8,1.3,1.1,2014-04-13,0343,Aqua,MODIS,57,6.2,304.5,12.8,D,0
-28.4172,149.2305,327,1.3,1.1,2014-04-13,0343,Aqua,MODIS,77,6.2,304,22,D,0
-28.4156,149.2433,331.3,1.3,1.1,2014-04-13,0343,Aqua,MODIS,82,6.2,303.7,29.3,D,0
-32.1763,118.7686,323.4,3.3,1.7,2014-04-13,0521,Aqua,MODIS,71,6.2,303.7,45.3,D,0
-30.9989,116.7089,325,4.4,1.9,2014-04-13,0521,Aqua,MODIS,70,6.2,298.8,88.7,D,0
-30.9994,116.7162,326.6,4.4,1.9,2014-04-13,0521,Aqua,MODIS,73,6.2,299.6,105.6,D,0
-32.1727,118.7371,327.2,3.3,1.7,2014-04-13,0521,Aqua,MODIS,77,6.2,304.9,64.5,D,0
-32.1787,118.7329,326.6,3.3,1.7,2014-04-13,0521,Aqua,MODIS,76,6.2,305.2,62.6,D,0
-22.6997,120.8061,328,1.8,1.3,2014-04-13,0523,Aqua,MODIS,68,6.2,314.1,27,D,0
-22.5847,124.973,328.5,1.1,1,2014-04-13,0523,Aqua,MODIS,63,6.2,316.7,8.5,D,0
-20.2489,123.6377,339.1,1.1,1.1,2014-04-13,0524,Aqua,MODIS,81,6.2,317.5,25.5,D,0
-20.565,124.2384,336.2,1.1,1,2014-04-13,0524,Aqua,MODIS,77,6.2,316.4,17.5,D,0
-20.5571,124.2266,340.1,1.1,1,2014-04-13,0524,Aqua,MODIS,80,6.2,317.9,23.7,D,0
-20.5557,124.237,336.1,1.1,1,2014-04-13,0524,Aqua,MODIS,64,6.2,316.4,17.2,D,0
-20.223,123.6118,335.4,1.1,1.1,2014-04-13,0524,Aqua,MODIS,68,6.2,315.6,18.5,D,0
-17.7249,126.1464,328.9,1,1,2014-04-13,0524,Aqua,MODIS,69,6.2,312.3,11.8,D,0
-20.5664,124.228,333.9,1.1,1,2014-04-13,0524,Aqua,MODIS,56,6.2,319.9,13,D,0
-21.0514,118.3851,361.4,2.6,1.5,2014-04-13,0524,Aqua,MODIS,100,6.2,316.3,288.5,D,0
-16.7512,133.1066,316.4,2.7,1.6,2014-04-13,0524,Aqua,MODIS,49,6.2,298.6,29.2,D,0
-17.1469,135.8553,329.5,4.3,1.9,2014-04-13,0524,Aqua,MODIS,80,6.2,300.1,149,D,0
-17.146,135.8505,329,4.3,1.9,2014-04-13,0524,Aqua,MODIS,79,6.2,299.9,148.9,D,0
-17.0693,135.7922,323.8,4.2,1.9,2014-04-13,0524,Aqua,MODIS,73,6.2,299.3,103.4,D,0
-17.0523,135.7887,319.5,4.2,1.9,2014-04-13,0524,Aqua,MODIS,45,6.2,298.5,66.5,D,0
-17.0661,135.7834,321.9,4.2,1.9,2014-04-13,0524,Aqua,MODIS,70,6.2,299.1,90.5,D,0
-16.8865,135.7002,327.9,4.2,1.9,2014-04-13,0524,Aqua,MODIS,78,6.2,299,126.3,D,0
-16.8753,135.7302,320.9,4.2,1.9,2014-04-13,0524,Aqua,MODIS,69,6.2,298.4,72.4,D,0
-16.9,135.6944,321.1,4.2,1.9,2014-04-13,0524,Aqua,MODIS,51,6.2,299.3,70.6,D,0
-16.8831,135.6908,320.8,4.2,1.9,2014-04-13,0524,Aqua,MODIS,69,6.2,298.6,70.7,D,0
-16.0137,125.5715,316.7,1,1,2014-04-13,0525,Aqua,MODIS,44,6.2,301,5.4,D,0
-16.0716,125.6832,328.8,1,1,2014-04-13,0525,Aqua,MODIS,75,6.2,303.4,17.5,D,0
-16.0623,125.6176,336.8,1,1,2014-04-13,0525,Aqua,MODIS,86,6.2,305,29.8,D,0
-16.0438,125.6818,317.7,1,1,2014-04-13,0525,Aqua,MODIS,44,6.2,303.7,5.4,D,0
-16.0637,125.6082,325.7,1,1,2014-04-13,0525,Aqua,MODIS,61,6.2,302.7,15.3,D,0
-16.1344,125.5686,324.6,1,1,2014-04-13,0525,Aqua,MODIS,15,6.2,304.7,12.6,D,0
-16.1254,125.5671,325.4,1,1,2014-04-13,0525,Aqua,MODIS,56,6.2,303,13.5,D,0
-16.1079,125.814,318.4,1,1,2014-04-13,0525,Aqua,MODIS,4,6.2,302.6,7.3,D,0
-16.0582,125.6457,317.9,1,1,2014-04-13,0525,Aqua,MODIS,46,6.2,304,6,D,0
-16.0451,125.6724,325.8,1,1,2014-04-13,0525,Aqua,MODIS,74,6.2,305.1,13.7,D,0
-16.0596,125.6363,322.9,1,1,2014-04-13,0525,Aqua,MODIS,69,6.2,304.9,11.8,D,0
-16.2558,125.6192,344.2,1,1,2014-04-13,0525,Aqua,MODIS,91,6.2,310.4,37.2,D,0
-15.9744,125.0836,334.9,1,1,2014-04-13,0525,Aqua,MODIS,84,6.2,308.4,23.5,D,0
-15.5844,124.4643,326.1,1,1,2014-04-13,0525,Aqua,MODIS,72,6.2,309.8,12.2,D,0
-15.583,124.4736,324.8,1,1,2014-04-13,0525,Aqua,MODIS,62,6.2,311.2,10.5,D,0
-17.9095,123.7765,339.6,1.1,1,2014-04-13,0525,Aqua,MODIS,85,6.2,314.7,28.8,D,0
-17.9108,123.7664,338.4,1.1,1,2014-04-13,0525,Aqua,MODIS,84,6.2,313.5,27.5,D,0
-15.9654,125.0822,337.7,1,1,2014-04-13,0525,Aqua,MODIS,87,6.2,304.7,27.3,D,0
-17.6603,124.7306,328,1,1,2014-04-13,0525,Aqua,MODIS,67,6.2,312.4,9.9,D,0
-17.8309,123.4929,325.6,1.1,1,2014-04-13,0525,Aqua,MODIS,62,6.2,311.9,9.4,D,0
-15.5521,124.4974,321.9,1,1,2014-04-13,0525,Aqua,MODIS,56,6.2,305.1,8.6,D,0
-16.2572,125.6098,347.6,1,1,2014-04-13,0525,Aqua,MODIS,93,6.2,310.6,43.5,D,0
-15.9807,125.1036,321.1,1,1,2014-04-13,0525,Aqua,MODIS,57,6.2,308,7.8,D,0
-17.8359,123.5003,346.7,1.1,1,2014-04-13,0525,Aqua,MODIS,91,6.2,313.7,42.4,D,0
-16.245,125.5631,323,1,1,2014-04-13,0525,Aqua,MODIS,63,6.2,302.5,8.8,D,0
-16.2459,125.6207,326.4,1,1,2014-04-13,0525,Aqua,MODIS,73,6.2,307.1,12,D,0
-16.2527,125.5739,322.5,1,1,2014-04-13,0525,Aqua,MODIS,43,6.2,304.4,7.7,D,0
-17.8453,123.5017,336,1.1,1,2014-04-13,0525,Aqua,MODIS,68,6.2,316.5,21.2,D,0
-16.2355,125.6287,330.7,1,1,2014-04-13,0525,Aqua,MODIS,79,6.2,306.6,16.7,D,0
-15.9757,125.0743,326.8,1,1,2014-04-13,0525,Aqua,MODIS,56,6.2,308.8,13.5,D,0
-14.3352,131.0552,315.4,2.1,1.4,2014-04-13,0525,Aqua,MODIS,55,6.2,293.2,22.8,D,0
-14.1688,127.5575,329.4,1.2,1.1,2014-04-13,0525,Aqua,MODIS,61,6.2,305.2,17.1,D,0
-14.1589,127.5559,338.7,1.2,1.1,2014-04-13,0525,Aqua,MODIS,87,6.2,306.7,35.9,D,0
-17.0004,125.6238,329.9,1,1,2014-04-13,0525,Aqua,MODIS,68,6.2,312.4,12.4,D,0
-16.1774,125.6481,333.4,1,1,2014-04-13,0525,Aqua,MODIS,82,6.2,303.8,23.7,D,0
-16.945,125.685,348.8,1,1,2014-04-13,0525,Aqua,MODIS,93,6.2,310.6,45.2,D,0
-17.6498,126.1536,340.2,1,1,2014-04-13,0525,Aqua,MODIS,65,6.2,312.1,29.3,D,0
-14.2175,127.5714,331.1,1.2,1.1,2014-04-13,0525,Aqua,MODIS,57,6.2,306.8,20.1,D,0
-14.2048,127.5869,328.4,1.2,1.1,2014-04-13,0525,Aqua,MODIS,45,6.2,305.4,14.1,D,0
-14.2066,127.5755,339.1,1.2,1.1,2014-04-13,0525,Aqua,MODIS,88,6.2,306.5,36.2,D,0
-14.2157,127.5827,334.9,1.2,1.1,2014-04-13,0525,Aqua,MODIS,81,6.2,308,25.5,D,0
-14.1671,127.5689,332.5,1.2,1.1,2014-04-13,0525,Aqua,MODIS,71,6.2,306.8,21,D,0
-14.2292,127.5616,328.7,1.2,1.1,2014-04-13,0525,Aqua,MODIS,78,6.2,305.5,19.2,D,0
-16.9991,125.6332,333.6,1,1,2014-04-13,0525,Aqua,MODIS,80,6.2,309.6,17,D,0
-13.9807,127.3878,326.8,1.2,1.1,2014-04-13,0525,Aqua,MODIS,61,6.2,301.2,15.4,D,0
-14.2193,127.5601,328.5,1.2,1.1,2014-04-13,0525,Aqua,MODIS,77,6.2,305.1,19,D,0
-17.6512,126.1441,324.9,1,1,2014-04-13,0525,Aqua,MODIS,37,6.2,310.5,7.7,D,0
-14.2274,127.573,330.1,1.2,1.1,2014-04-13,0525,Aqua,MODIS,56,6.2,308.2,18.6,D,0
-16.176,125.6575,319.2,1,1,2014-04-13,0525,Aqua,MODIS,41,6.2,302.6,6.7,D,0
-16.954,125.6865,335.2,1,1,2014-04-13,0525,Aqua,MODIS,82,6.2,310.8,20.8,D,0
-16.9436,125.6944,331.6,1,1,2014-04-13,0525,Aqua,MODIS,78,6.2,308.9,16.5,D,0
-16.9464,125.6757,326.1,1,1,2014-04-13,0525,Aqua,MODIS,63,6.2,311.1,9,D,0
-14.2076,127.5698,332.3,1.2,1.1,2014-04-13,0525,Aqua,MODIS,74,6.2,304.7,23.3,D,0
-14.2059,127.5811,343.8,1.2,1.1,2014-04-13,0525,Aqua,MODIS,91,6.2,306.4,46,D,0
-33.1804,117.6309,315.6,4.7,2,2014-04-13,0658,Aqua,MODIS,64,6.2,298.6,49.7,D,0
-33.1716,117.6785,316.4,4.8,2,2014-04-13,0658,Aqua,MODIS,66,6.2,298.7,56.2,D,0
-33.1674,117.681,316.6,4.8,2,2014-04-13,0658,Aqua,MODIS,66,6.2,298.7,58.1,D,0
-29.4971,115.609,321.7,4.4,1.9,2014-04-13,0700,Aqua,MODIS,31,6.2,300.1,78.3,D,0
-28.4073,149.2345,304.7,1.4,1.2,2014-04-13,1307,Terra,MODIS,61,6.2,290.2,11.6,N,0
-28.4098,149.2206,304.3,1.4,1.2,2014-04-13,1307,Terra,MODIS,59,6.2,289.5,11.1,N,0
-27.0404,148.8995,315.6,1.4,1.2,2014-04-13,1308,Terra,MODIS,92,6.2,289.3,23.9,N,0
-26.4941,146.0461,309.5,1.1,1,2014-04-13,1308,Terra,MODIS,77,6.2,292.4,9.1,N,0
-26.4924,146.0566,309.6,1.1,1,2014-04-13,1308,Terra,MODIS,71,6.2,292.4,9,N,0
-26.4957,146.0356,302.7,1.1,1,2014-04-13,1308,Terra,MODIS,20,6.2,292,4.5,N,0
-26.4851,146.0602,305.7,1.1,1,2014-04-13,1308,Terra,MODIS,65,6.2,292.4,7.2,N,0
-26.4867,146.0496,303.1,1.1,1,2014-04-13,1308,Terra,MODIS,53,6.2,292.2,5.4,N,0
-27.0527,148.9232,302,1.4,1.2,2014-04-13,1308,Terra,MODIS,34,6.2,289,8.1,N,0
-27.0447,148.9068,323.8,1.4,1.2,2014-04-13,1308,Terra,MODIS,100,6.2,289.8,35.5,N,0
-27.038,148.9135,303.3,1.4,1.2,2014-04-13,1308,Terra,MODIS,54,6.2,288.9,9.8,N,0
-27.0551,148.9092,302.7,1.4,1.2,2014-04-13,1308,Terra,MODIS,49,6.2,288.9,8.7,N,0
-33.4218,121.873,302.4,1,1,2014-04-13,1445,Terra,MODIS,49,6.2,287.1,6.6,N,0
-32.5124,116.7714,305,1.4,1.2,2014-04-13,1445,Terra,MODIS,63,6.2,290.4,11.5,N,0
-33.4234,121.8623,300.6,1,1,2014-04-13,1445,Terra,MODIS,30,6.2,287.3,5.3,N,0
-32.514,116.7563,315.7,1.4,1.2,2014-04-13,1445,Terra,MODIS,92,6.2,290.4,24.3,N,0
-33.0734,119.9495,300.8,1,1,2014-04-13,1445,Terra,MODIS,33,6.2,283.2,7,N,0
-33.0804,119.9457,310.3,1,1,2014-04-13,1445,Terra,MODIS,80,6.2,286.6,12.5,N,0
-33.0748,119.9382,307,1,1,2014-04-13,1445,Terra,MODIS,70,6.2,285.6,10.8,N,0
-33.1119,119.6545,308.5,1.1,1,2014-04-13,1445,Terra,MODIS,75,6.2,287.6,11.5,N,0
-33.1066,119.7419,309.6,1.1,1,2014-04-13,1445,Terra,MODIS,78,6.2,286.2,12,N,0
-32.8983,117.2092,339.9,1.4,1.2,2014-04-13,1445,Terra,MODIS,100,6.2,290.5,70.2,N,0
-33.1051,119.7533,300.1,1.1,1,2014-04-13,1445,Terra,MODIS,7,6.2,285.8,5.5,N,0
-32.8998,117.1946,329.2,1.4,1.2,2014-04-13,1445,Terra,MODIS,100,6.2,289.6,46.2,N,0
-30.8646,121.4913,317.3,1,1,2014-04-13,1446,Terra,MODIS,95,6.2,291.7,15.9,N,2
-30.8661,121.4808,301.3,1,1,2014-04-13,1446,Terra,MODIS,39,6.2,291.1,4.6,N,0
-17.9084,123.764,308.6,1.9,1.4,2014-04-13,1449,Terra,MODIS,75,6.2,293.7,21.8,N,0
-17.05,135.7949,306.6,1.1,1,2014-04-13,1617,Aqua,MODIS,45,6.2,293.4,6.5,N,0
-32.8889,117.2121,305.3,2.6,1.5,2014-04-13,1800,Aqua,MODIS,64,6.2,287,34.5,N,0
-32.8943,117.2065,303.9,2.6,1.5,2014-04-13,1800,Aqua,MODIS,58,6.2,287,29.7,N,0
-29.2854,152.0837,333.6,1,1,2014-04-14,0006,Terra,MODIS,88,6.2,288.2,34.6,D,0
-28.455,150.6419,313.6,1,1,2014-04-14,0006,Terra,MODIS,62,6.2,300,5.3,D,0
-33.4019,148.1886,305.9,1.1,1,2014-04-14,0007,Terra,MODIS,62,6.2,293,6.2,D,0
-31.6092,151.1062,308.6,1,1,2014-04-14,0007,Terra,MODIS,66,6.2,289,8.2,D,0
-33.4354,147.5698,306.1,1.1,1.1,2014-04-14,0007,Terra,MODIS,59,6.2,294.8,4.5,D,0
-36.8616,145.8867,335.8,1.2,1.1,2014-04-14,0008,Terra,MODIS,90,6.2,289.7,49.4,D,0
-35.4741,147.6458,339.4,1.1,1,2014-04-14,0008,Terra,MODIS,91,6.2,294.8,44.8,D,0
-35.1073,147.1712,378.9,1.1,1.1,2014-04-14,0008,Terra,MODIS,100,6.2,299.1,171.6,D,0
-35.1094,147.1833,306.7,1.1,1.1,2014-04-14,0008,Terra,MODIS,16,6.2,293,5.6,D,0
-34.5826,146.4674,307.1,1.2,1.1,2014-04-14,0008,Terra,MODIS,61,6.2,290.8,7.6,D,0
-35.4834,147.6437,307.2,1.1,1,2014-04-14,0008,Terra,MODIS,59,6.2,291,7,D,0
-34.4668,146.3935,305.5,1.2,1.1,2014-04-14,0008,Terra,MODIS,56,6.2,291.3,6.8,D,0
-36.8713,145.8844,328.5,1.2,1.1,2014-04-14,0008,Terra,MODIS,86,6.2,287.3,36.8,D,0
-35.4722,147.6341,305.1,1.1,1,2014-04-14,0008,Terra,MODIS,55,6.2,292.1,4.9,D,0
-36.4152,146.8324,310.9,1.1,1,2014-04-14,0008,Terra,MODIS,71,6.2,287.7,12.9,D,0
-36.4171,146.8441,301,1.1,1,2014-04-14,0008,Terra,MODIS,37,6.2,288.7,5.4,D,0
-34.4691,146.4067,303.4,1.2,1.1,2014-04-14,0008,Terra,MODIS,45,6.2,291,5,D,0
-35.1052,147.159,349.2,1.1,1.1,2014-04-14,0008,Terra,MODIS,96,6.2,294.8,67.7,D,0
-35.1168,147.1689,330.7,1.1,1.1,2014-04-14,0008,Terra,MODIS,87,6.2,294.1,32.5,D,0
-34.6022,146.4625,305.1,1.2,1.1,2014-04-14,0008,Terra,MODIS,22,6.2,291.2,5.9,D,0
-35.1147,147.1567,317.8,1.1,1.1,2014-04-14,0008,Terra,MODIS,78,6.2,292.4,15.5,D,0
-41.3402,147.4636,324,1,1,2014-04-14,0009,Terra,MODIS,83,6.2,285.3,23.4,D,0
-41.3316,147.4599,323.8,1,1,2014-04-14,0009,Terra,MODIS,83,6.2,288.6,22.1,D,0
-41.3384,147.4517,341.1,1,1,2014-04-14,0009,Terra,MODIS,92,6.2,288.6,47,D,0
-42.6831,147.8742,309.2,1,1,2014-04-14,0010,Terra,MODIS,68,6.2,286.6,9.5,D,0
-16.1654,124.9177,334.3,1.6,1.2,2014-04-14,0141,Terra,MODIS,85,6.2,301.6,51.8,D,0
-16.168,124.9327,343.3,1.6,1.2,2014-04-14,0141,Terra,MODIS,91,6.2,303.1,80.5,D,0
-16.1766,124.916,314.8,1.6,1.2,2014-04-14,0141,Terra,MODIS,26,6.2,300.8,10.1,D,0
-15.9754,125.0919,324.1,1.6,1.2,2014-04-14,0141,Terra,MODIS,76,6.2,303.8,27.3,D,0
-16.2386,124.8752,320.1,1.6,1.2,2014-04-14,0141,Terra,MODIS,69,6.2,300.5,20.7,D,0
-16.238,124.8693,314.3,1.6,1.2,2014-04-14,0141,Terra,MODIS,50,6.2,300.1,11.1,D,0
-16.1647,124.9794,323,1.6,1.2,2014-04-14,0141,Terra,MODIS,45,6.2,301.4,20.5,D,0
-16.1792,124.9309,318.7,1.6,1.2,2014-04-14,0141,Terra,MODIS,64,6.2,301.9,16.5,D,0
-16.2406,124.884,314,1.6,1.2,2014-04-14,0141,Terra,MODIS,48,6.2,300.1,10.7,D,0
-13.9742,127.3966,326.9,1.2,1.1,2014-04-14,0141,Terra,MODIS,60,6.2,304,16.8,D,0
-14.2469,127.5742,325.7,1.2,1.1,2014-04-14,0141,Terra,MODIS,73,6.2,304.5,15.1,D,0
-13.9549,127.3494,355.2,1.2,1.1,2014-04-14,0141,Terra,MODIS,74,6.2,301.1,85.3,D,0
-13.9566,127.3607,354.3,1.2,1.1,2014-04-14,0141,Terra,MODIS,97,6.2,302.3,82.5,D,0
-13.9647,127.3479,335.9,1.2,1.1,2014-04-14,0141,Terra,MODIS,0,6.2,302,36.2,D,0
-13.9665,127.3591,326.9,1.2,1.1,2014-04-14,0141,Terra,MODIS,75,6.2,302.1,19.1,D,0
-13.9682,127.3702,345.9,1.2,1.1,2014-04-14,0141,Terra,MODIS,93,6.2,302.2,57.1,D,0
-13.9699,127.3812,344.7,1.2,1.1,2014-04-14,0141,Terra,MODIS,92,6.2,302.3,53.1,D,0
-13.9717,127.3923,338.1,1.2,1.1,2014-04-14,0141,Terra,MODIS,89,6.2,303.3,37.4,D,0
-13.967,127.3524,329.7,1.2,1.1,2014-04-14,0141,Terra,MODIS,0,6.2,302.5,24.4,D,0
-13.9688,127.3635,327.3,1.2,1.1,2014-04-14,0141,Terra,MODIS,70,6.2,302.2,19.7,D,0
-13.9706,127.3745,348.5,1.2,1.1,2014-04-14,0141,Terra,MODIS,82,6.2,303,63.1,D,0
-13.9724,127.3856,338,1.2,1.1,2014-04-14,0141,Terra,MODIS,77,6.2,303.3,36.4,D,0
-14.1903,127.6118,326,1.2,1.1,2014-04-14,0141,Terra,MODIS,51,6.2,304.9,10.8,D,0
-14.2116,127.6018,328.7,1.2,1.1,2014-04-14,0141,Terra,MODIS,71,6.2,307.7,15,D,0
-14.3856,127.6593,320.7,1.2,1.1,2014-04-14,0141,Terra,MODIS,61,6.2,305.1,9.2,D,0
-16.538,137.3726,318.4,2.7,1.6,2014-04-14,0141,Terra,MODIS,63,6.2,301.7,30.7,D,0
-16.5279,137.3683,319.2,2.7,1.6,2014-04-14,0141,Terra,MODIS,64,6.2,301.2,34.7,D,0
-17.1088,135.8175,321.8,2.1,1.4,2014-04-14,0141,Terra,MODIS,52,6.2,302.4,27.8,D,0
-17.1111,135.8371,321.9,2.1,1.4,2014-04-14,0141,Terra,MODIS,39,6.2,302.8,26.5,D,0
-17.1238,135.8356,336.3,2.1,1.4,2014-04-14,0141,Terra,MODIS,83,6.2,304.8,76.7,D,0
-17.1515,135.8522,323,2.1,1.4,2014-04-14,0141,Terra,MODIS,50,6.2,304.9,29.3,D,0
-17.0301,135.8129,318.6,2.1,1.4,2014-04-14,0141,Terra,MODIS,65,6.2,303.1,21.5,D,0
-17.6496,124.6952,343.6,1.6,1.2,2014-04-14,0142,Terra,MODIS,91,6.2,308.4,71.5,D,0
-16.3618,124.8529,316.5,1.6,1.2,2014-04-14,0142,Terra,MODIS,60,6.2,301.8,13.9,D,0
-17.6472,124.6806,337.3,1.6,1.2,2014-04-14,0142,Terra,MODIS,86,6.2,308.1,50.4,D,0
-17.6521,124.7097,324,1.6,1.2,2014-04-14,0142,Terra,MODIS,69,6.2,306.6,18.9,D,0
-17.6453,126.1465,327.6,1.3,1.1,2014-04-14,0142,Terra,MODIS,76,6.2,306.8,20,D,0
-16.2526,124.8201,328.6,1.6,1.3,2014-04-14,0142,Terra,MODIS,80,6.2,300.6,38.7,D,0
-17.6336,124.6681,327.5,1.6,1.2,2014-04-14,0142,Terra,MODIS,76,6.2,307.5,26.5,D,0
-17.6361,124.6826,324.3,1.6,1.2,2014-04-14,0142,Terra,MODIS,68,6.2,307.8,19.1,D,0
-16.2414,124.8221,317.2,1.6,1.3,2014-04-14,0142,Terra,MODIS,56,6.2,300,15.3,D,0
-17.6466,126.1528,327.1,1.3,1.1,2014-04-14,0142,Terra,MODIS,76,6.2,307.2,19.5,D,0
-17.6447,126.141,321.3,1.3,1.1,2014-04-14,0142,Terra,MODIS,47,6.2,305.4,10.1,D,0
-16.2585,124.7873,321.8,1.6,1.3,2014-04-14,0142,Terra,MODIS,72,6.2,300.9,23.9,D,0
-20.5589,124.2387,323.7,1.5,1.2,2014-04-14,0143,Terra,MODIS,61,6.2,308.4,15.3,D,0
-20.5638,124.2465,321.8,1.5,1.2,2014-04-14,0143,Terra,MODIS,60,6.2,307.4,12.6,D,0
-20.7606,117.15,317.5,4.7,2,2014-04-14,0143,Terra,MODIS,60,6.2,305.3,57.9,D,0
-20.7582,117.1427,316.6,4.7,2,2014-04-14,0143,Terra,MODIS,56,6.2,305.4,52.7,D,0
-20.7511,117.1054,316.4,4.7,2,2014-04-14,0143,Terra,MODIS,55,6.2,305.2,50.5,D,0
-32.0957,133.8309,311.4,2.4,1.5,2014-04-14,0145,Terra,MODIS,56,6.2,297.1,21.1,D,0
-34.0613,137.9054,313.7,4.6,2,2014-04-14,0146,Terra,MODIS,59,6.2,293.2,76,D,0
-30.8634,121.4935,312.3,1.4,1.2,2014-04-14,0146,Terra,MODIS,58,6.2,299.7,8.6,D,2
-33.7189,122.3237,317.3,1.2,1.1,2014-04-14,0146,Terra,MODIS,68,6.2,302,9.5,D,0
-30.857,116.2942,319.1,3.1,1.7,2014-04-14,0146,Terra,MODIS,69,6.2,300.1,46.5,D,0
-30.8595,116.2989,318.4,3.1,1.7,2014-04-14,0146,Terra,MODIS,67,6.2,300.3,42.3,D,0
-33.1149,118.6449,312.9,1.9,1.4,2014-04-14,0146,Terra,MODIS,59,6.2,299.5,12.7,D,0
-30.7415,116.3356,317.7,3.1,1.7,2014-04-14,0146,Terra,MODIS,66,6.2,300.7,37,D,0
-32.2577,117.0543,350.5,2.5,1.5,2014-04-14,0146,Terra,MODIS,95,6.2,301.7,219.5,D,0
-32.0588,117.9727,327.7,2.3,1.5,2014-04-14,0146,Terra,MODIS,81,6.2,300.1,62.5,D,0
-33.721,122.3363,318.5,1.2,1.1,2014-04-14,0146,Terra,MODIS,70,6.2,301.7,11,D,0
-33.8002,122.1322,313.8,1.2,1.1,2014-04-14,0146,Terra,MODIS,41,6.2,299.7,6.7,D,0
-33.5362,118.0358,331.1,2.1,1.4,2014-04-14,0146,Terra,MODIS,84,6.2,298.9,70.1,D,0
-33.8024,122.145,330.7,1.2,1.1,2014-04-14,0146,Terra,MODIS,83,6.2,300.4,30,D,0
-33.8122,122.1425,316.5,1.2,1.1,2014-04-14,0146,Terra,MODIS,59,6.2,299,11.1,D,0
-31.7934,116.7282,314.6,2.8,1.6,2014-04-14,0146,Terra,MODIS,63,6.2,300.8,22.1,D,0
-33.5407,118.0574,322.4,2.1,1.4,2014-04-14,0146,Terra,MODIS,77,6.2,298.6,40.3,D,0
-41.3335,147.4565,309.1,1.1,1,2014-04-14,0422,Aqua,MODIS,62,6.2,288.1,10.7,D,0
-42.5983,147.0543,318.1,1,1,2014-04-14,0422,Aqua,MODIS,78,6.2,292,15.8,D,0
-40.9643,144.9376,336.5,1,1,2014-04-14,0422,Aqua,MODIS,66,6.2,289.3,38.6,D,0
-41.3243,147.4539,307.5,1.1,1,2014-04-14,0422,Aqua,MODIS,54,6.2,285.5,9.1,D,0
-42.3855,147.6591,302.3,1,1,2014-04-14,0422,Aqua,MODIS,41,6.2,287.9,6.4,D,0
-41.0758,146.8697,309.1,1,1,2014-04-14,0422,Aqua,MODIS,68,6.2,294.1,8.6,D,0
-40.9626,144.9496,320.7,1,1,2014-04-14,0422,Aqua,MODIS,63,6.2,287.7,18.7,D,0
-41.0739,146.8819,325.4,1,1,2014-04-14,0422,Aqua,MODIS,84,6.2,293.9,23.8,D,0
-37.5357,142.8756,352,1,1,2014-04-14,0423,Aqua,MODIS,97,6.2,295.3,65.2,D,0
-37.8644,142.0767,314.5,1.1,1,2014-04-14,0423,Aqua,MODIS,54,6.2,293.5,13.1,D,0
-37.5449,142.8775,319.7,1,1,2014-04-14,0423,Aqua,MODIS,68,6.2,292.7,15.1,D,0
-37.8294,142.7354,345,1.1,1,2014-04-14,0423,Aqua,MODIS,89,6.2,294.2,50.1,D,0
-37.6536,143.2974,314.3,1,1,2014-04-14,0423,Aqua,MODIS,74,6.2,294.8,10.5,D,0
-37.5464,142.8657,320.1,1,1,2014-04-14,0423,Aqua,MODIS,51,6.2,297,15.5,D,0
-37.7923,141.9136,309.1,1.1,1.1,2014-04-14,0423,Aqua,MODIS,36,6.2,288.8,6.9,D,0
-37.7843,141.899,331.8,1.1,1.1,2014-04-14,0423,Aqua,MODIS,82,6.2,294.1,33.3,D,0
-37.3012,143.5939,316.6,1,1,2014-04-14,0423,Aqua,MODIS,75,6.2,294.2,11.3,D,0
-37.8144,143.535,314.4,1,1,2014-04-14,0423,Aqua,MODIS,73,6.2,293.1,11,D,0
-37.9883,143.5374,311.8,1,1,2014-04-14,0423,Aqua,MODIS,45,6.2,290,9.3,D,0
-37.3103,143.5959,307.9,1,1,2014-04-14,0423,Aqua,MODIS,36,6.2,294.7,4.5,D,0
-37.816,143.5234,305.8,1,1,2014-04-14,0423,Aqua,MODIS,29,6.2,292.1,5,D,0
-37.6858,143.4657,305.6,1,1,2014-04-14,0423,Aqua,MODIS,60,6.2,290.6,5.1,D,0
-37.6341,143.1616,315.5,1,1,2014-04-14,0423,Aqua,MODIS,40,6.2,290.1,10.7,D,0
-37.6705,143.2412,310.2,1,1,2014-04-14,0423,Aqua,MODIS,51,6.2,290.9,7.2,D,0
-37.8582,143.2094,328.8,1,1,2014-04-14,0423,Aqua,MODIS,65,6.2,291.8,25.4,D,0
-37.8598,143.1977,318.8,1,1,2014-04-14,0423,Aqua,MODIS,53,6.2,290.4,14.3,D,0
-37.3879,142.9477,337,1,1,2014-04-14,0423,Aqua,MODIS,90,6.2,296.4,36.9,D,0
-37.5496,142.5484,391.6,1.1,1,2014-04-14,0423,Aqua,MODIS,87,6.2,301.8,221.4,D,0
-37.5511,142.5363,337.3,1.1,1,2014-04-14,0423,Aqua,MODIS,78,6.2,296.3,38.7,D,0
-37.7347,143.381,371,1,1,2014-04-14,0423,Aqua,MODIS,87,6.2,297.1,120.7,D,0
-37.7331,143.3926,323.9,1,1,2014-04-14,0423,Aqua,MODIS,82,6.2,294.3,19.9,D,0
-37.6742,142.7825,329.5,1,1,2014-04-14,0423,Aqua,MODIS,0,6.2,285.8,27.9,D,0
-37.3087,143.6073,308.7,1,1,2014-04-14,0423,Aqua,MODIS,44,6.2,294.8,5,D,0
-37.5372,142.8638,374.1,1,1,2014-04-14,0423,Aqua,MODIS,100,6.2,300.9,132.3,D,0
-38.4945,145.2209,307.6,1,1,2014-04-14,0423,Aqua,MODIS,66,6.2,293.9,5.6,D,0
-38.1898,143.6719,314.3,1,1,2014-04-14,0423,Aqua,MODIS,69,6.2,289.1,12.6,D,0
-34.5135,148.1537,327.4,1.4,1.2,2014-04-14,0424,Aqua,MODIS,84,6.2,293.7,39.2,D,0
-34.2665,147.8918,316.7,1.4,1.2,2014-04-14,0424,Aqua,MODIS,75,6.2,298.4,15.5,D,0
-34.2116,147.9546,317.2,1.4,1.2,2014-04-14,0424,Aqua,MODIS,75,6.2,297,18.9,D,0
-34.2144,147.9397,307.3,1.4,1.2,2014-04-14,0424,Aqua,MODIS,55,6.2,296.4,6.9,D,0
-34.1212,148.2644,354.2,1.4,1.2,2014-04-14,0424,Aqua,MODIS,97,6.2,297.1,115.5,D,0
-34.1241,148.249,330.1,1.4,1.2,2014-04-14,0424,Aqua,MODIS,86,6.2,295.8,42.7,D,0
-34.1258,148.2746,316.8,1.4,1.2,2014-04-14,0424,Aqua,MODIS,75,6.2,296.3,18.2,D,0
-34.1286,148.2592,340.7,1.4,1.2,2014-04-14,0424,Aqua,MODIS,92,6.2,297.6,69.4,D,0
-34.118,148.2564,321.1,1.4,1.2,2014-04-14,0424,Aqua,MODIS,79,6.2,295.8,26,D,0
-34.509,148.2965,311.5,1.4,1.2,2014-04-14,0424,Aqua,MODIS,70,6.2,293.8,14.9,D,0
-33.2524,148.1818,342.4,1.5,1.2,2014-04-14,0424,Aqua,MODIS,92,6.2,299.4,77,D,0
-33.2553,148.1662,319.4,1.5,1.2,2014-04-14,0424,Aqua,MODIS,77,6.2,298.4,22.6,D,0
-33.225,148.2075,310.1,1.5,1.2,2014-04-14,0424,Aqua,MODIS,65,6.2,296.9,10.5,D,0
-33.4923,148.6979,333.8,1.6,1.2,2014-04-14,0424,Aqua,MODIS,88,6.2,296.4,58,D,0
-33.4925,148.6914,332.1,1.6,1.2,2014-04-14,0424,Aqua,MODIS,87,6.2,297.6,52.6,D,0
-33.4955,148.6813,321.9,1.6,1.2,2014-04-14,0424,Aqua,MODIS,80,6.2,297,29.7,D,0
-36.2068,141.1598,317.3,1.1,1.1,2014-04-14,0424,Aqua,MODIS,67,6.2,301.3,10.6,D,0
-35.623,142.9178,321.1,1,1,2014-04-14,0424,Aqua,MODIS,77,6.2,299.8,12.8,D,0
-35.6214,142.929,312.2,1,1,2014-04-14,0424,Aqua,MODIS,64,6.2,299.5,4.6,D,0
-36.5119,144.6742,313,1,1,2014-04-14,0424,Aqua,MODIS,61,6.2,297.5,7.4,D,0
-36.5136,144.6629,322.7,1,1,2014-04-14,0424,Aqua,MODIS,79,6.2,299.5,16,D,0
-37.1362,140.7667,322,1.2,1.1,2014-04-14,0424,Aqua,MODIS,78,6.2,296.1,19.6,D,0
-36.8732,141.9542,312.1,1.1,1,2014-04-14,0424,Aqua,MODIS,62,6.2,298.8,6.4,D,0
-36.8747,141.9419,321.5,1.1,1,2014-04-14,0424,Aqua,MODIS,77,6.2,300.4,15.6,D,0
-36.7027,142.0086,355.1,1.1,1,2014-04-14,0424,Aqua,MODIS,98,6.2,301.4,76.4,D,0
-36.7012,142.0207,319.1,1.1,1,2014-04-14,0424,Aqua,MODIS,73,6.2,299.1,12.3,D,0
-36.7542,141.9813,319,1.1,1,2014-04-14,0424,Aqua,MODIS,73,6.2,300,12.4,D,0
-36.7527,141.9934,325.7,1.1,1,2014-04-14,0424,Aqua,MODIS,80,6.2,300.3,20.2,D,0
-36.7588,141.9889,334.8,1.1,1,2014-04-14,0424,Aqua,MODIS,87,6.2,300.5,32.8,D,0
-36.7573,142.001,310.9,1.1,1,2014-04-14,0424,Aqua,MODIS,32,6.2,299,4.3,D,0
-36.7902,142.0448,314.8,1.1,1,2014-04-14,0424,Aqua,MODIS,67,6.2,298.9,8.8,D,0
-36.9155,142.717,335.4,1,1,2014-04-14,0424,Aqua,MODIS,88,6.2,299.2,32.5,D,0
-34.7632,137.4985,312.2,1.7,1.3,2014-04-14,0424,Aqua,MODIS,58,6.2,298.7,10.6,D,0
-36.9139,142.7287,342.7,1,1,2014-04-14,0424,Aqua,MODIS,92,6.2,299.9,45,D,0
-36.3375,141.1828,325.4,1.1,1.1,2014-04-14,0424,Aqua,MODIS,79,6.2,301.2,20.8,D,0
-36.336,141.1956,326.6,1.1,1.1,2014-04-14,0424,Aqua,MODIS,80,6.2,300.1,22.2,D,0
-36.3776,141.1771,323.8,1.1,1.1,2014-04-14,0424,Aqua,MODIS,77,6.2,299.8,18.4,D,0
-35.3781,139.4672,317,1.3,1.1,2014-04-14,0424,Aqua,MODIS,72,6.2,303.1,12.2,D,0
-36.9437,142.0499,319,1.1,1,2014-04-14,0424,Aqua,MODIS,74,6.2,300.2,12.9,D,0
-36.9549,142.1144,309.6,1.1,1,2014-04-14,0424,Aqua,MODIS,56,6.2,298.1,4.6,D,0
-36.9534,142.1265,308.6,1.1,1,2014-04-14,0424,Aqua,MODIS,52,6.2,297.8,3.6,D,0
-34.6922,137.7515,309.4,1.6,1.3,2014-04-14,0424,Aqua,MODIS,59,6.2,297.3,8.8,D,0
-37.0621,143.926,320.7,1,1,2014-04-14,0424,Aqua,MODIS,79,6.2,297.2,14.4,D,0
-36.7714,142.824,309.8,1,1,2014-04-14,0424,Aqua,MODIS,55,6.2,298.1,4.8,D,0
-36.7699,142.8356,330,1,1,2014-04-14,0424,Aqua,MODIS,84,6.2,299,25.2,D,0
-36.9293,141.8135,311.7,1.1,1,2014-04-14,0424,Aqua,MODIS,48,6.2,300,6.4,D,0
-35.8418,137.3229,308.2,1.8,1.3,2014-04-14,0424,Aqua,MODIS,34,6.2,289.4,15.7,D,0
-35.84,137.343,307.2,1.8,1.3,2014-04-14,0424,Aqua,MODIS,36,6.2,287.9,14,D,0
-36.3171,142.456,369.8,1,1,2014-04-14,0424,Aqua,MODIS,100,6.2,303.7,116.6,D,0
-36.3186,142.4444,341.6,1,1,2014-04-14,0424,Aqua,MODIS,91,6.2,302,43,D,0
-35.0024,137.1955,312.5,1.8,1.3,2014-04-14,0424,Aqua,MODIS,67,6.2,298.4,14.3,D,0
-35.0096,137.1914,310.6,1.8,1.3,2014-04-14,0424,Aqua,MODIS,63,6.2,298.1,11,D,0
-34.9385,137.0392,327.7,1.8,1.3,2014-04-14,0424,Aqua,MODIS,83,6.2,299.7,49.5,D,0
-34.9403,137.0192,331.1,1.8,1.3,2014-04-14,0424,Aqua,MODIS,81,6.2,300.2,59.8,D,0
-34.9336,137.0317,324.4,1.8,1.3,2014-04-14,0424,Aqua,MODIS,76,6.2,300,40.1,D,0
-34.9355,137.0114,316.6,1.8,1.3,2014-04-14,0424,Aqua,MODIS,63,6.2,299.2,20.8,D,0
-36.7969,141.7572,363.4,1.1,1,2014-04-14,0424,Aqua,MODIS,100,6.2,303.1,104.6,D,0
-36.7954,141.7696,332.9,1.1,1,2014-04-14,0424,Aqua,MODIS,86,6.2,300.6,31.3,D,0
-36.8971,142.7132,421.7,1,1,2014-04-14,0424,Aqua,MODIS,100,6.2,311.6,425.5,D,0
-36.8986,142.7015,419.5,1,1,2014-04-14,0424,Aqua,MODIS,100,6.2,316.5,406.5,D,0
-36.8879,142.7113,313.9,1,1,2014-04-14,0424,Aqua,MODIS,60,6.2,297.7,6.9,D,0
-36.8894,142.6996,314.3,1,1,2014-04-14,0424,Aqua,MODIS,67,6.2,297.1,7.1,D,0
-36.2214,143.634,324.8,1,1,2014-04-14,0424,Aqua,MODIS,80,6.2,301.7,16.9,D,0
-36.2199,143.6451,323.6,1,1,2014-04-14,0424,Aqua,MODIS,78,6.2,302.5,15.5,D,0
-36.6754,143.8673,316,1,1,2014-04-14,0424,Aqua,MODIS,59,6.2,298.8,9.1,D,0
-36.6844,143.8693,324.7,1,1,2014-04-14,0424,Aqua,MODIS,80,6.2,297.8,17.7,D,0
-36.7026,144.0649,324.2,1,1,2014-04-14,0424,Aqua,MODIS,80,6.2,298.2,18.2,D,0
-36.701,144.0761,314,1,1,2014-04-14,0424,Aqua,MODIS,68,6.2,297.1,8.6,D,0
-37.0615,142.9986,309.3,1,1,2014-04-14,0424,Aqua,MODIS,59,6.2,298,4.5,D,0
-36.8131,141.5099,329.4,1.1,1.1,2014-04-14,0424,Aqua,MODIS,83,6.2,300.7,26.9,D,0
-36.8176,141.5047,328.8,1.1,1.1,2014-04-14,0424,Aqua,MODIS,83,6.2,300,25.7,D,0
-36.8161,141.5174,335.5,1.1,1.1,2014-04-14,0424,Aqua,MODIS,88,6.2,300.8,36.8,D,0
-36.6714,141.6064,312.5,1.1,1.1,2014-04-14,0424,Aqua,MODIS,60,6.2,300.3,6.3,D,0
-35.2074,141.0257,309.3,1.1,1.1,2014-04-14,0424,Aqua,MODIS,45,6.2,295.5,6.1,D,0
-36.2208,141.0442,318.2,1.2,1.1,2014-04-14,0424,Aqua,MODIS,69,6.2,300.5,12.1,D,0
-37.5584,140.3442,309.6,1.3,1.1,2014-04-14,0424,Aqua,MODIS,56,6.2,289.1,12.2,D,0
-36.6806,140.9299,312.2,1.2,1.1,2014-04-14,0424,Aqua,MODIS,59,6.2,300.5,6.4,D,0
-36.3411,143.2265,313.3,1,1,2014-04-14,0424,Aqua,MODIS,63,6.2,298.9,6.9,D,0
-36.9476,143.8304,308.1,1,1,2014-04-14,0424,Aqua,MODIS,57,6.2,297.6,4.4,D,0
-36.9492,143.8192,313.9,1,1,2014-04-14,0424,Aqua,MODIS,69,6.2,297.5,8.8,D,0
-36.9569,143.4947,336,1,1,2014-04-14,0424,Aqua,MODIS,89,6.2,299.5,31.6,D,0
-36.9585,143.4834,331.5,1,1,2014-04-14,0424,Aqua,MODIS,86,6.2,298.4,25.1,D,0
-36.9479,143.4927,336.9,1,1,2014-04-14,0424,Aqua,MODIS,85,6.2,300.1,31.6,D,0
-36.9494,143.4814,337.9,1,1,2014-04-14,0424,Aqua,MODIS,89,6.2,298.5,33.3,D,0
-36.9297,143.4888,321.9,1,1,2014-04-14,0424,Aqua,MODIS,72,6.2,297.3,13.7,D,0
-34.7368,147.4341,306,1.3,1.1,2014-04-14,0424,Aqua,MODIS,54,6.2,294.5,5.7,D,0
-34.6491,147.3555,315.4,1.3,1.1,2014-04-14,0424,Aqua,MODIS,73,6.2,293.6,13.7,D,0
-35.48,146.9612,312.2,1.2,1.1,2014-04-14,0424,Aqua,MODIS,60,6.2,295,11.5,D,0
-36.4018,146.7881,327.1,1.1,1.1,2014-04-14,0424,Aqua,MODIS,85,6.2,285.9,29.7,D,0
-36.0434,146.1577,307.9,1.1,1,2014-04-14,0424,Aqua,MODIS,48,6.2,295.4,6.1,D,0
-36.4134,146.778,345.4,1.1,1.1,2014-04-14,0424,Aqua,MODIS,94,6.2,291.9,62.1,D,0
-34.6515,147.3419,333.2,1.3,1.1,2014-04-14,0424,Aqua,MODIS,87,6.2,296.4,41.2,D,0
-36.7189,145.9727,312.4,1.1,1,2014-04-14,0424,Aqua,MODIS,72,6.2,295,10.4,D,0
-36.7375,145.2027,332.7,1,1,2014-04-14,0424,Aqua,MODIS,82,6.2,297.4,28.7,D,0
-36.4237,146.8003,314.1,1.1,1.1,2014-04-14,0424,Aqua,MODIS,48,6.2,287.8,14,D,0
-33.105,149.1469,306.6,1.7,1.3,2014-04-14,0424,Aqua,MODIS,40,6.2,289.6,15.5,D,0
-34.6126,137.7518,311.4,1.6,1.3,2014-04-14,0424,Aqua,MODIS,64,6.2,297.6,11.3,D,0
-35.3667,147.0144,307.5,1.2,1.1,2014-04-14,0424,Aqua,MODIS,42,6.2,295.5,5.9,D,0
-36.8695,145.8866,323.8,1,1,2014-04-14,0424,Aqua,MODIS,83,6.2,288.7,23.1,D,0
-34.5978,138.8118,312.7,1.4,1.2,2014-04-14,0424,Aqua,MODIS,64,6.2,297.7,13.1,D,0
-34.3571,137.8254,337.5,1.6,1.2,2014-04-14,0424,Aqua,MODIS,89,6.2,299.7,69.1,D,0
-34.4108,137.6005,324.4,1.7,1.3,2014-04-14,0424,Aqua,MODIS,31,6.2,298.4,30.4,D,0
-35.6233,146.4066,311.2,1.1,1.1,2014-04-14,0424,Aqua,MODIS,70,6.2,295,7.1,D,0
-36.3775,146.756,307.2,1.1,1.1,2014-04-14,0424,Aqua,MODIS,59,6.2,287.1,9.4,D,0
-36.7267,145.2119,306.5,1,1,2014-04-14,0424,Aqua,MODIS,55,6.2,294.6,3.7,D,0
-34.5897,147.4552,323.5,1.3,1.1,2014-04-14,0424,Aqua,MODIS,81,6.2,295.4,25.9,D,0
-35.2229,146.8353,312.3,1.2,1.1,2014-04-14,0424,Aqua,MODIS,68,6.2,296.3,9.2,D,0
-36.4166,146.8182,315.5,1.1,1.1,2014-04-14,0424,Aqua,MODIS,65,6.2,286.1,14.6,D,0
-35.2207,146.8482,318.1,1.2,1.1,2014-04-14,0424,Aqua,MODIS,75,6.2,296.8,15.5,D,0
-34.4012,137.6131,328.9,1.7,1.3,2014-04-14,0424,Aqua,MODIS,84,6.2,298.3,44.2,D,0
-36.3754,146.7686,312.2,1.1,1.1,2014-04-14,0424,Aqua,MODIS,72,6.2,286.3,13.8,D,0
-36.4092,146.803,359.3,1.1,1.1,2014-04-14,0424,Aqua,MODIS,99,6.2,287.4,98.7,D,0
-35.3486,147.1797,307.4,1.2,1.1,2014-04-14,0424,Aqua,MODIS,62,6.2,294.7,6.6,D,0
-36.0454,146.1457,310.4,1.1,1,2014-04-14,0424,Aqua,MODIS,66,6.2,296.3,7.6,D,0
-36.4113,146.7904,368.3,1.1,1.1,2014-04-14,0424,Aqua,MODIS,100,6.2,291.2,130.4,D,0
-36.4335,146.2987,313.1,1.1,1,2014-04-14,0424,Aqua,MODIS,72,6.2,295.4,10.6,D,0
-34.6651,147.2034,312.8,1.2,1.1,2014-04-14,0424,Aqua,MODIS,42,6.2,296.8,9.4,D,0
-34.6551,147.2008,324.3,1.2,1.1,2014-04-14,0424,Aqua,MODIS,81,6.2,296.8,24.7,D,0
-35.5791,146.8524,308.6,1.2,1.1,2014-04-14,0424,Aqua,MODIS,59,6.2,290.2,8.5,D,0
-35.5812,146.8396,316.1,1.2,1.1,2014-04-14,0424,Aqua,MODIS,76,6.2,292.3,15.7,D,0
-34.4091,137.6516,327,1.7,1.3,2014-04-14,0424,Aqua,MODIS,82,6.2,299.3,39.2,D,0
-36.8511,145.8823,314.5,1,1,2014-04-14,0424,Aqua,MODIS,32,6.2,285.6,12.1,D,0
-34.4109,137.6332,322.1,1.7,1.3,2014-04-14,0424,Aqua,MODIS,78,6.2,298.5,27.8,D,0
-36.8713,145.875,313.3,1,1,2014-04-14,0424,Aqua,MODIS,60,6.2,289.4,12.5,D,0
-36.4187,146.8055,333.8,1.1,1.1,2014-04-14,0424,Aqua,MODIS,89,6.2,288.4,38.2,D,0
-36.4171,146.8393,311.4,1.1,1.1,2014-04-14,0424,Aqua,MODIS,40,6.2,290.4,10.5,D,0
-35.4822,146.9482,319.9,1.2,1.1,2014-04-14,0424,Aqua,MODIS,79,6.2,295.1,20.2,D,0
-34.2698,147.5744,311.1,1.3,1.1,2014-04-14,0424,Aqua,MODIS,67,6.2,295.1,10.7,D,0
-34.5921,147.4414,307.5,1.3,1.1,2014-04-14,0424,Aqua,MODIS,52,6.2,295.2,6,D,0
-35.3705,146.6939,313.3,1.2,1.1,2014-04-14,0424,Aqua,MODIS,70,6.2,297.9,9.9,D,0
-36.8621,145.8727,342.2,1,1,2014-04-14,0424,Aqua,MODIS,90,6.2,291.5,48.4,D,0
-34.3554,137.843,339.1,1.6,1.2,2014-04-14,0424,Aqua,MODIS,90,6.2,299.3,73.8,D,0
-36.7284,145.2005,314.3,1,1,2014-04-14,0424,Aqua,MODIS,62,6.2,296.9,9.3,D,0
-35.8522,146.7553,307.7,1.1,1.1,2014-04-14,0424,Aqua,MODIS,64,6.2,294.4,5.5,D,0
-35.5817,146.8454,315.1,1.2,1.1,2014-04-14,0424,Aqua,MODIS,73,6.2,292.5,13.5,D,0
-34.4091,137.619,326.7,1.7,1.3,2014-04-14,0424,Aqua,MODIS,59,6.2,298.5,35.8,D,0
-35.3601,147.0535,307.9,1.2,1.1,2014-04-14,0424,Aqua,MODIS,51,6.2,296.5,7,D,0
-34.6562,147.3146,308.9,1.3,1.1,2014-04-14,0424,Aqua,MODIS,62,6.2,296,7,D,0
-36.4215,146.8131,328.3,1.1,1.1,2014-04-14,0424,Aqua,MODIS,83,6.2,287.1,30.3,D,0
-35.5116,147.5442,325.4,1.3,1.1,2014-04-14,0424,Aqua,MODIS,84,6.2,293.1,29.8,D,0
-34.1276,147.4509,318.3,1.3,1.1,2014-04-14,0424,Aqua,MODIS,72,6.2,294.9,18.6,D,0
-36.8603,145.8846,355.2,1,1,2014-04-14,0424,Aqua,MODIS,98,6.2,291.3,77.4,D,0
-35.4672,146.7244,314,1.2,1.1,2014-04-14,0424,Aqua,MODIS,73,6.2,297.3,10.7,D,0
-35.514,147.5307,314.9,1.3,1.1,2014-04-14,0424,Aqua,MODIS,75,6.2,294.1,15.8,D,0
-36.4354,146.2866,314.4,1.1,1,2014-04-14,0424,Aqua,MODIS,73,6.2,295.5,11.8,D,0
-34.9348,147.1947,310.9,1.2,1.1,2014-04-14,0424,Aqua,MODIS,67,6.2,296.2,9.2,D,0
-36.7358,145.2141,326.2,1,1,2014-04-14,0424,Aqua,MODIS,83,6.2,295.4,20.4,D,0
-36.3349,141.2867,322.2,1.1,1.1,2014-04-14,0424,Aqua,MODIS,75,6.2,300.8,16.3,D,0
-36.1526,144.6131,326.5,1,1,2014-04-14,0424,Aqua,MODIS,82,6.2,299.8,20.4,D,0
-36.3672,141.9187,319.5,1.1,1,2014-04-14,0424,Aqua,MODIS,72,6.2,299.1,13.5,D,0
-36.3611,141.9669,329.8,1.1,1,2014-04-14,0424,Aqua,MODIS,83,6.2,299,25.2,D,0
-36.3596,141.979,317.8,1.1,1,2014-04-14,0424,Aqua,MODIS,60,6.2,297.5,10.5,D,0
-36.3705,141.9688,324.7,1.1,1,2014-04-14,0424,Aqua,MODIS,78,6.2,298.4,19,D,0
-36.4341,144.0092,314.3,1,1,2014-04-14,0424,Aqua,MODIS,67,6.2,297.4,8.1,D,0
-36.3689,141.9808,311.2,1.1,1,2014-04-14,0424,Aqua,MODIS,39,6.2,297.6,5.3,D,0
-36.8712,143.9759,323.4,1,1,2014-04-14,0424,Aqua,MODIS,80,6.2,296.3,17.4,D,0
-36.3333,141.2994,312.1,1.1,1.1,2014-04-14,0424,Aqua,MODIS,53,6.2,299.8,5.4,D,0
-34.1344,138.0105,311.8,1.6,1.2,2014-04-14,0425,Aqua,MODIS,62,6.2,297,11.8,D,0
-34.0261,137.9532,314.7,1.6,1.2,2014-04-14,0425,Aqua,MODIS,68,6.2,298.7,12.3,D,0
-33.9139,138.7078,308.8,1.4,1.2,2014-04-14,0425,Aqua,MODIS,51,6.2,295.4,9.7,D,0
-34.2127,137.6847,312.5,1.6,1.3,2014-04-14,0425,Aqua,MODIS,64,6.2,297.5,11.8,D,0
-34.2145,137.6668,312.4,1.6,1.3,2014-04-14,0425,Aqua,MODIS,64,6.2,298.9,11.3,D,0
-34.1635,137.7139,315.9,1.6,1.3,2014-04-14,0425,Aqua,MODIS,70,6.2,299.2,16.1,D,0
-33.8681,137.8307,310.2,1.6,1.2,2014-04-14,0425,Aqua,MODIS,27,6.2,295.8,6.2,D,0
-34.0278,137.936,318.2,1.6,1.2,2014-04-14,0425,Aqua,MODIS,73,6.2,299.8,18,D,0
-33.8698,137.8133,322.7,1.6,1.2,2014-04-14,0425,Aqua,MODIS,78,6.2,297.4,27.3,D,0
-34.0274,137.9482,320.4,1.6,1.2,2014-04-14,0425,Aqua,MODIS,76,6.2,299,20.7,D,0
-25.8596,146.7984,326.9,1.7,1.3,2014-04-14,0426,Aqua,MODIS,79,6.2,301.4,37.1,D,0
-25.8597,146.8089,325.2,1.7,1.3,2014-04-14,0426,Aqua,MODIS,77,6.2,300.1,34.5,D,0
-25.8564,146.8152,328.1,1.7,1.3,2014-04-14,0426,Aqua,MODIS,70,6.2,298.2,42.4,D,0
-25.8482,146.8062,335.4,1.7,1.3,2014-04-14,0426,Aqua,MODIS,86,6.2,301.6,65.6,D,0
-16.5591,137.3445,326.5,1.1,1,2014-04-14,0429,Aqua,MODIS,44,6.2,308.7,9.9,D,0
-16.5498,137.3432,331.7,1.1,1,2014-04-14,0429,Aqua,MODIS,66,6.2,308.7,16.8,D,0
-16.5364,137.3718,379,1.1,1,2014-04-14,0429,Aqua,MODIS,100,6.2,312.9,148.8,D,0
-16.5378,137.3618,333.9,1.1,1,2014-04-14,0429,Aqua,MODIS,81,6.2,310.4,20,D,0
-16.5272,137.3705,339.5,1.1,1,2014-04-14,0429,Aqua,MODIS,86,6.2,310.6,30.7,D,0
-16.5957,137.4675,322.7,1.1,1,2014-04-14,0429,Aqua,MODIS,59,6.2,307.8,8.4,D,0
-16.5351,137.3818,326.1,1.1,1,2014-04-14,0429,Aqua,MODIS,65,6.2,307.4,10.2,D,0
-16.8947,131.974,324.8,2.4,1.5,2014-04-14,0429,Aqua,MODIS,74,6.2,300.4,51.4,D,0
-16.8422,132.0811,316.1,2.4,1.5,2014-04-14,0429,Aqua,MODIS,52,6.2,300.6,22.2,D,0
-16.9082,131.9756,320.3,2.4,1.5,2014-04-14,0429,Aqua,MODIS,64,6.2,300.4,34.7,D,0
-17.1259,135.8331,333.1,1.3,1.1,2014-04-14,0429,Aqua,MODIS,65,6.2,310.9,26.2,D,0
-17.1169,135.8385,330.8,1.3,1.1,2014-04-14,0429,Aqua,MODIS,59,6.2,303,24.3,D,0
-17.1184,135.8264,336.9,1.3,1.1,2014-04-14,0429,Aqua,MODIS,67,6.2,309.7,37.1,D,0
-14.2991,133.7343,319.2,1.6,1.3,2014-04-14,0430,Aqua,MODIS,60,6.2,298.6,14.4,D,0
-33.0389,119.3507,332.3,1,1,2014-04-14,0603,Aqua,MODIS,81,6.2,307.5,21.5,D,0
-34.0529,117.0424,322.1,1,1,2014-04-14,0603,Aqua,MODIS,69,6.2,308.4,8.1,D,0
-33.2852,121.3883,326.4,1.2,1.1,2014-04-14,0603,Aqua,MODIS,62,6.2,307.5,14.2,D,0
-33.2927,121.4031,325.8,1.2,1.1,2014-04-14,0603,Aqua,MODIS,70,6.2,307.5,13.5,D,0
-32.9975,119.8643,324.8,1,1,2014-04-14,0603,Aqua,MODIS,47,6.2,308.6,10.2,D,0
-33.281,121.4133,323.3,1.2,1.1,2014-04-14,0603,Aqua,MODIS,24,6.2,306.6,9.7,D,0
-33.2831,121.4008,349.8,1.2,1.1,2014-04-14,0603,Aqua,MODIS,95,6.2,309,61.4,D,0
-30.8038,116.4485,326.7,1,1,2014-04-14,0604,Aqua,MODIS,66,6.2,313.1,8.3,D,0
-30.7408,116.1635,333.9,1.1,1,2014-04-14,0604,Aqua,MODIS,79,6.2,312.8,16.7,D,0
-30.8961,116.106,346.7,1.1,1,2014-04-14,0604,Aqua,MODIS,91,6.2,315.5,44.8,D,0
-30.9153,115.6597,326.8,1.1,1,2014-04-14,0604,Aqua,MODIS,66,6.2,309.3,10.8,D,0
-30.5447,117.0766,327.8,1,1,2014-04-14,0604,Aqua,MODIS,68,6.2,312.1,9.8,D,0
-31.8647,117.6265,330.3,1,1,2014-04-14,0604,Aqua,MODIS,76,6.2,308,15.9,D,0
-29.7426,116.0865,328.8,1,1,2014-04-14,0604,Aqua,MODIS,45,6.2,315.7,7.4,D,0
-29.7539,116.1436,343.5,1,1,2014-04-14,0604,Aqua,MODIS,88,6.2,315.4,31.9,D,0
-29.7631,116.1452,328.7,1,1,2014-04-14,0604,Aqua,MODIS,67,6.2,316,8.7,D,0
-30.6955,116.7859,335.1,1,1,2014-04-14,0604,Aqua,MODIS,80,6.2,313.8,19.1,D,0
-31.8662,117.6159,325.7,1,1,2014-04-14,0604,Aqua,MODIS,68,6.2,308.2,10.4,D,0
-31.7921,117.5513,336.8,1,1,2014-04-14,0604,Aqua,MODIS,84,6.2,310.9,24.6,D,0
-29.8007,116.0747,339.2,1,1,2014-04-14,0604,Aqua,MODIS,84,6.2,317.5,24.7,D,0
-29.7993,116.0855,332.3,1,1,2014-04-14,0604,Aqua,MODIS,75,6.2,316.3,13,D,0
-29.8099,116.0763,340.8,1,1,2014-04-14,0604,Aqua,MODIS,86,6.2,316.6,26.9,D,0
-29.8085,116.0871,341.6,1,1,2014-04-14,0604,Aqua,MODIS,86,6.2,316.2,27.8,D,0
-30.5561,118.0393,333.7,1,1,2014-04-14,0604,Aqua,MODIS,79,6.2,312.1,19,D,0
-31.7816,117.5602,323.2,1,1,2014-04-14,0604,Aqua,MODIS,61,6.2,309.9,7.1,D,0
-30.5545,118.0498,331.2,1,1,2014-04-14,0604,Aqua,MODIS,76,6.2,311.8,15.5,D,0
-32.0945,116.7474,328.6,1,1,2014-04-14,0604,Aqua,MODIS,74,6.2,312.3,11.5,D,0
-32.3693,117.0142,333.9,1,1,2014-04-14,0604,Aqua,MODIS,82,6.2,309.5,19.8,D,0
-32.3678,117.0251,324.8,1,1,2014-04-14,0604,Aqua,MODIS,69,6.2,309.9,7.8,D,0
-31.7831,117.5496,335,1,1,2014-04-14,0604,Aqua,MODIS,82,6.2,311.2,22,D,0
-32.2404,118.7204,328.4,1,1,2014-04-14,0604,Aqua,MODIS,75,6.2,305.6,14.8,D,0
-32.145,116.7068,325,1,1,2014-04-14,0604,Aqua,MODIS,68,6.2,311.7,8.2,D,0
-32.6759,118.385,323.9,1,1,2014-04-14,0604,Aqua,MODIS,57,6.2,306.5,9.7,D,0
-31.7792,117.05,331.3,1,1,2014-04-14,0604,Aqua,MODIS,77,6.2,312.8,15.3,D,0
-31.7778,117.0607,331.6,1,1,2014-04-14,0604,Aqua,MODIS,78,6.2,311.5,15.8,D,0
-31.7654,117.9374,326.4,1,1,2014-04-14,0604,Aqua,MODIS,68,6.2,310.8,9.9,D,0
-30.9715,116.4241,348.8,1,1,2014-04-14,0604,Aqua,MODIS,93,6.2,315.1,45,D,0
-30.9701,116.435,367.5,1,1,2014-04-14,0604,Aqua,MODIS,100,6.2,316.1,96.4,D,0
-31.0483,116.6115,332.2,1,1,2014-04-14,0604,Aqua,MODIS,77,6.2,312.7,16.2,D,0
-29.8552,116.1461,329.2,1,1,2014-04-14,0604,Aqua,MODIS,69,6.2,315.7,9.5,D,0
-29.8574,116.0581,334.4,1,1,2014-04-14,0604,Aqua,MODIS,78,6.2,314.9,16.9,D,0
-31.8462,118.1394,324.5,1,1,2014-04-14,0604,Aqua,MODIS,64,6.2,310.2,8,D,0
-31.8477,118.1288,326.1,1,1,2014-04-14,0604,Aqua,MODIS,68,6.2,310.8,9.8,D,0
-30.95,116.3253,325.5,1,1,2014-04-14,0604,Aqua,MODIS,59,6.2,309.9,7.3,D,0
-31.8372,118.1376,332.4,1,1,2014-04-14,0604,Aqua,MODIS,79,6.2,311.4,17,D,0
-30.486,116.2226,328.9,1,1,2014-04-14,0604,Aqua,MODIS,70,6.2,314.6,10.2,D,0
-30.0349,116.1016,337.8,1,1,2014-04-14,0604,Aqua,MODIS,83,6.2,315.4,23.8,D,0
-31.8387,118.127,333.8,1,1,2014-04-14,0604,Aqua,MODIS,80,6.2,311.1,19,D,0
-31.3193,116.7785,340.8,1,1,2014-04-14,0604,Aqua,MODIS,87,6.2,314.4,29.8,D,0
-32.1456,117.0547,325.6,1,1,2014-04-14,0604,Aqua,MODIS,69,6.2,310.4,9.7,D,0
-32.147,117.0438,323.4,1,1,2014-04-14,0604,Aqua,MODIS,61,6.2,308.9,7,D,0
-30.8767,116.5237,336.3,1,1,2014-04-14,0604,Aqua,MODIS,82,6.2,314.2,21.1,D,0
-29.9955,115.4366,329.3,1.1,1,2014-04-14,0604,Aqua,MODIS,69,6.2,313.3,12.9,D,0
-30.5462,117.0661,335.9,1,1,2014-04-14,0604,Aqua,MODIS,81,6.2,313.9,20.7,D,0
-30.5594,115.6563,328.7,1.1,1,2014-04-14,0604,Aqua,MODIS,69,6.2,312.5,12.7,D,0
-30.8724,121.4898,326.4,1.3,1.1,2014-04-14,0604,Aqua,MODIS,74,6.2,307.8,18.5,D,2
-31.9517,118.1781,327,1,1,2014-04-14,0604,Aqua,MODIS,70,6.2,310.2,10.9,D,0
-31.4121,118.7781,341.4,1,1,2014-04-14,0604,Aqua,MODIS,88,6.2,311.7,33.2,D,0
-31.4137,118.7674,345.2,1,1,2014-04-14,0604,Aqua,MODIS,91,6.2,310.3,40.3,D,0
-31.7487,117.6626,324.6,1,1,2014-04-14,0604,Aqua,MODIS,65,6.2,309.8,8.4,D,0
-31.9063,118.2995,329,1,1,2014-04-14,0604,Aqua,MODIS,65,6.2,309.5,13.6,D,0
-31.4228,118.7693,323.5,1,1,2014-04-14,0604,Aqua,MODIS,54,6.2,308.7,8.7,D,0
-31.8341,116.8327,339.1,1,1,2014-04-14,0604,Aqua,MODIS,86,6.2,311.9,26.4,D,0
-31.7906,116.4705,323.1,1,1,2014-04-14,0604,Aqua,MODIS,59,6.2,310,7.3,D,0
-33.1067,117.4728,321.7,1,1,2014-04-14,0604,Aqua,MODIS,63,6.2,308.2,6.2,D,0
-32.0184,116.7053,325.8,1,1,2014-04-14,0604,Aqua,MODIS,68,6.2,311.1,9.1,D,0
-31.7472,117.6732,333.2,1,1,2014-04-14,0604,Aqua,MODIS,80,6.2,310.5,19.1,D,0
-31.976,117.3476,323.6,1,1,2014-04-14,0604,Aqua,MODIS,64,6.2,310.6,7.5,D,0
-31.8433,116.8344,327.1,1,1,2014-04-14,0604,Aqua,MODIS,71,6.2,312.2,9,D,0
-31.6807,116.4155,326.4,1.1,1,2014-04-14,0604,Aqua,MODIS,68,6.2,311,9.4,D,0
-31.6793,116.4267,333.7,1,1,2014-04-14,0604,Aqua,MODIS,80,6.2,311.2,19.5,D,0
-33.0228,117,333.4,1,1,2014-04-14,0604,Aqua,MODIS,82,6.2,308.7,20.7,D,0
-33.0243,116.9889,344.9,1,1,2014-04-14,0604,Aqua,MODIS,91,6.2,309.9,40.5,D,0
-31.687,116.558,336.3,1,1,2014-04-14,0604,Aqua,MODIS,83,6.2,313.3,23.6,D,0
-31.9048,118.31,329.6,1,1,2014-04-14,0604,Aqua,MODIS,62,6.2,308.8,14.7,D,0
-32.9014,117.2193,341.7,1,1,2014-04-14,0604,Aqua,MODIS,89,6.2,308.1,34.5,D,0
-31.792,116.4594,324.2,1,1,2014-04-14,0604,Aqua,MODIS,63,6.2,309.8,8.5,D,0
-32.9029,117.2084,360.4,1,1,2014-04-14,0604,Aqua,MODIS,100,6.2,310.1,77.5,D,0
-33.1082,117.4619,321.2,1,1,2014-04-14,0604,Aqua,MODIS,61,6.2,308.6,5.8,D,0
-29.5548,115.4182,346,1.1,1,2014-04-14,0605,Aqua,MODIS,90,6.2,319.3,39.7,D,0
-29.5534,115.4294,343.1,1.1,1,2014-04-14,0605,Aqua,MODIS,87,6.2,315.9,33.5,D,0
-29.3923,115.6284,340.4,1.1,1,2014-04-14,0605,Aqua,MODIS,84,6.2,315.8,27.4,D,0
-28.7241,115.3928,330.8,1.1,1,2014-04-14,0605,Aqua,MODIS,68,6.2,317.3,10.3,D,0
-29.1802,115.2895,336.3,1.1,1,2014-04-14,0605,Aqua,MODIS,79,6.2,317.6,19.9,D,0
-29.7334,116.0849,330.6,1,1,2014-04-14,0605,Aqua,MODIS,35,6.2,317.3,9.5,D,0
-29.2527,115.0648,327.7,1.1,1.1,2014-04-14,0605,Aqua,MODIS,57,6.2,313.7,10.9,D,0
-29.0075,115.2831,331.2,1.1,1,2014-04-14,0605,Aqua,MODIS,69,6.2,317.7,11,D,0
-29.1817,115.2783,329.2,1.1,1,2014-04-14,0605,Aqua,MODIS,64,6.2,316.3,8.6,D,0
-29.1592,115.2288,330.2,1.1,1,2014-04-14,0605,Aqua,MODIS,67,6.2,317.4,10,D,0
-29.2674,115.2533,338,1.1,1,2014-04-14,0605,Aqua,MODIS,81,6.2,317.8,23.3,D,0
-29.0874,115.1536,329.8,1.1,1,2014-04-14,0605,Aqua,MODIS,66,6.2,317.4,9.4,D,0
-28.8641,114.8997,332.5,1.1,1.1,2014-04-14,0605,Aqua,MODIS,71,6.2,313.5,18.4,D,0
-28.2578,114.8924,332.7,1.1,1,2014-04-14,0605,Aqua,MODIS,72,6.2,317.7,13.1,D,0
-17.6321,124.6595,325.9,3.9,1.8,2014-04-14,0607,Aqua,MODIS,73,6.2,305.3,84.9,D,0
-17.8436,123.331,321.7,3.1,1.7,2014-04-14,0607,Aqua,MODIS,43,6.2,307.4,38.4,D,0
-17.8462,123.3269,323.1,3.1,1.7,2014-04-14,0607,Aqua,MODIS,60,6.2,307.7,46.8,D,0
-17.8492,123.3024,321.9,3.1,1.7,2014-04-14,0607,Aqua,MODIS,47,6.2,306.8,40.1,D,0
-27.0411,148.8793,311.4,3.3,1.7,2014-04-14,1212,Terra,MODIS,82,6.2,286.2,68.8,N,0
-27.0386,148.9128,301.1,3.3,1.7,2014-04-14,1212,Terra,MODIS,38,6.2,286.7,31.6,N,0
-25.8452,146.8125,303.3,1.1,1.1,2014-04-14,1524,Aqua,MODIS,55,6.2,289.3,7.8,N,0
-28.7708,149.981,302,1.1,1,2014-04-14,1524,Aqua,MODIS,46,6.2,286.3,7.5,N,0
-36.8493,145.8866,312.8,1,1,2014-04-14,1527,Aqua,MODIS,86,6.2,279.7,15.3,N,0
-36.851,145.8978,304.5,1,1,2014-04-14,1527,Aqua,MODIS,60,6.2,279.9,9.4,N,0
-32.5309,116.7482,306.6,1.8,1.3,2014-04-14,1528,Terra,MODIS,69,6.2,288.6,20.6,N,0
-40.9725,145.4458,305,1,1,2014-04-14,1528,Aqua,MODIS,63,6.2,281.9,9.9,N,0
-40.9258,145.3651,307.3,1,1,2014-04-14,1528,Aqua,MODIS,71,6.2,282.5,11.4,N,0
-40.9565,144.9438,303.4,1,1,2014-04-14,1528,Aqua,MODIS,55,6.2,282.4,9.1,N,0
-40.9742,145.4579,303.4,1,1,2014-04-14,1528,Aqua,MODIS,55,6.2,282.1,8.9,N,0
-17.5696,126.3618,305.5,1,1,2014-04-14,1700,Aqua,MODIS,64,6.2,295,5.3,N,0
-16.9306,124.4489,305.6,1.1,1,2014-04-14,1700,Aqua,MODIS,65,6.2,294.6,6,N,0
-18.3651,125.7023,323,1,1,2014-04-14,1700,Aqua,MODIS,100,6.2,296.1,19.2,N,0
-18.3414,125.6674,327.3,1,1,2014-04-14,1700,Aqua,MODIS,100,6.2,297.2,24.5,N,0
-18.3428,125.6769,315,1,1,2014-04-14,1700,Aqua,MODIS,90,6.2,296.4,12.2,N,0
-18.3518,125.6754,324,1,1,2014-04-14,1700,Aqua,MODIS,100,6.2,296.4,20.8,N,0
-18.3533,125.6849,327.9,1,1,2014-04-14,1700,Aqua,MODIS,100,6.2,296.9,25.2,N,0
-18.3547,125.6943,314.1,1,1,2014-04-14,1700,Aqua,MODIS,88,6.2,295.7,10.8,N,0
-18.3637,125.6929,314.3,1,1,2014-04-14,1700,Aqua,MODIS,89,6.2,295.7,11,N,0
-30.8599,121.4919,318.2,1,1,2014-04-14,1704,Aqua,MODIS,96,6.2,288.7,19,N,2
-30.8617,121.5028,302.3,1,1,2014-04-14,1704,Aqua,MODIS,48,6.2,287.8,6.7,N,2
-16.535,137.3703,321.5,2,1.4,2014-04-15,0046,Terra,MODIS,71,6.2,303.5,26.2,D,0
-16.5227,137.3727,319.1,2,1.4,2014-04-15,0046,Terra,MODIS,60,6.2,302.7,19.9,D,0
-20.7327,139.4749,322.1,1.2,1.1,2014-04-15,0047,Terra,MODIS,55,6.2,305.6,9.1,D,2
-20.1451,138.6121,335.5,1.4,1.2,2014-04-15,0047,Terra,MODIS,83,6.2,303.4,41.4,D,0
-20.1579,138.6235,337.6,1.4,1.2,2014-04-15,0047,Terra,MODIS,85,6.2,303.8,46.7,D,0
-20.1474,138.6255,342.2,1.4,1.2,2014-04-15,0047,Terra,MODIS,89,6.2,304.9,58.9,D,0
-20.1556,138.6101,332.8,1.4,1.2,2014-04-15,0047,Terra,MODIS,80,6.2,303.4,35.1,D,0
-29.3854,148.4284,314.8,2.4,1.5,2014-04-15,0049,Terra,MODIS,64,6.2,294.2,26,D,0
-28.9378,145.5733,324.3,1.6,1.2,2014-04-15,0049,Terra,MODIS,76,6.2,300,27.4,D,0
-34.4188,146.9154,327.4,2.2,1.4,2014-04-15,0050,Terra,MODIS,84,6.2,293.3,74.1,D,0
-33.0059,137.5879,307.4,1.1,1,2014-04-15,0050,Terra,MODIS,45,6.2,296.9,4.8,D,2
-34.4169,146.8913,306.2,2.2,1.4,2014-04-15,0050,Terra,MODIS,54,6.2,292,13.5,D,0
-34.4037,146.8928,308.7,2.2,1.4,2014-04-15,0050,Terra,MODIS,61,6.2,293,19.5,D,0
-32.0979,133.823,311.4,1.7,1.3,2014-04-15,0050,Terra,MODIS,66,6.2,295.8,14.9,D,0
-34.4068,146.898,333.7,2.2,1.4,2014-04-15,0050,Terra,MODIS,88,6.2,293.8,99.2,D,0
-34.4089,146.922,336.4,2.2,1.4,2014-04-15,0050,Terra,MODIS,89,6.2,293.3,112.6,D,0
-34.4057,146.9169,329.1,2.2,1.4,2014-04-15,0050,Terra,MODIS,85,6.2,293.4,81.4,D,0
-35.5123,147.652,319.9,2.6,1.5,2014-04-15,0051,Terra,MODIS,79,6.2,291.4,64.9,D,0
-36.8473,145.8995,307.6,2.1,1.4,2014-04-15,0051,Terra,MODIS,66,6.2,287.6,24,D,0
-34.1906,139.9868,316.1,1,1,2014-04-15,0051,Terra,MODIS,73,6.2,294.2,12,D,0
-36.4492,146.7403,301.4,2.3,1.5,2014-04-15,0051,Terra,MODIS,47,6.2,286,18.6,D,0
-35.5074,147.658,305.5,2.6,1.5,2014-04-15,0051,Terra,MODIS,59,6.2,290.9,20.5,D,0
-34.3855,138.7325,314.3,1,1,2014-04-15,0051,Terra,MODIS,70,6.2,295.1,9.7,D,0
-34.3838,138.7216,325.3,1,1,2014-04-15,0051,Terra,MODIS,82,6.2,295.7,20.4,D,0
-34.189,139.9758,305.1,1,1,2014-04-15,0051,Terra,MODIS,42,6.2,293.5,3.9,D,0
-36.4179,146.8024,311,2.3,1.5,2014-04-15,0051,Terra,MODIS,71,6.2,287.1,38.2,D,0
-34.0823,141.006,308.2,1.1,1,2014-04-15,0051,Terra,MODIS,59,6.2,292.6,6.5,D,0
-36.454,146.7475,305.1,2.3,1.5,2014-04-15,0051,Terra,MODIS,60,6.2,285.9,26.1,D,0
-36.8599,145.8972,302.5,2.1,1.4,2014-04-15,0051,Terra,MODIS,30,6.2,287.2,15.4,D,0
-35.5103,147.6228,340.1,2.5,1.5,2014-04-15,0051,Terra,MODIS,92,6.2,291.9,166.9,D,0
-35.5053,147.629,348.6,2.5,1.5,2014-04-15,0051,Terra,MODIS,95,6.2,292.1,229,D,0
-35.287,147.3054,306.8,2.4,1.5,2014-04-15,0051,Terra,MODIS,61,6.2,293,19.7,D,0
-34.1133,141.0238,310.6,1.1,1,2014-04-15,0051,Terra,MODIS,64,6.2,294.3,7.9,D,0
-35.0518,148.4007,336.5,2.8,1.6,2014-04-15,0051,Terra,MODIS,85,6.2,281.8,174.7,D,0
-35.0528,148.3955,326.6,2.8,1.6,2014-04-15,0051,Terra,MODIS,84,6.2,281.9,115.9,D,0
-35.9753,139.9362,315.8,1,1,2014-04-15,0051,Terra,MODIS,69,6.2,298,8.7,D,0
-15.4005,125.7653,337,2.3,1.5,2014-04-15,0224,Terra,MODIS,88,6.2,300.7,102,D,0
-15.403,125.7861,315.2,2.3,1.5,2014-04-15,0224,Terra,MODIS,61,6.2,300.1,20,D,0
-15.3978,125.7593,329.2,2.3,1.5,2014-04-15,0224,Terra,MODIS,82,6.2,300.2,65.1,D,0
-15.4001,125.7801,323.5,2.3,1.5,2014-04-15,0224,Terra,MODIS,76,6.2,300.4,44.1,D,0
-15.4166,125.6918,322.1,2.2,1.4,2014-04-15,0224,Terra,MODIS,68,6.2,299,40.2,D,0
-15.4297,125.6905,321.9,2.2,1.4,2014-04-15,0224,Terra,MODIS,45,6.2,299.3,38.2,D,0
-15.5993,125.6852,313.4,2.2,1.4,2014-04-15,0224,Terra,MODIS,53,6.2,300.2,15.3,D,0
-15.6957,125.7295,312.1,2.3,1.5,2014-04-15,0224,Terra,MODIS,46,6.2,299.4,14.3,D,0
-15.6931,125.7241,311.4,2.3,1.5,2014-04-15,0224,Terra,MODIS,39,6.2,299.4,14.2,D,0
-13.9557,127.3741,327.6,2.9,1.6,2014-04-15,0224,Terra,MODIS,0,6.2,298.9,77.9,D,0
-14.1909,127.5799,327.9,3,1.6,2014-04-15,0224,Terra,MODIS,75,6.2,300.2,73.4,D,0
-16.6529,126.3258,314.3,2.6,1.5,2014-04-15,0224,Terra,MODIS,56,6.2,301.9,21.1,D,0
-13.9412,127.3762,331.6,2.9,1.6,2014-04-15,0224,Terra,MODIS,0,6.2,297.3,102.7,D,0
-14.1938,127.6008,321.2,3,1.6,2014-04-15,0224,Terra,MODIS,65,6.2,300.1,39.3,D,0
-13.9427,127.369,336,2.9,1.6,2014-04-15,0224,Terra,MODIS,0,6.2,297.9,122.8,D,0
-14.1907,127.5728,324.5,3,1.6,2014-04-15,0224,Terra,MODIS,78,6.2,299.9,58.9,D,0
-13.9571,127.367,320.9,2.9,1.6,2014-04-15,0224,Terra,MODIS,0,6.2,298.6,47.2,D,0
-14.3954,127.6498,317.8,3,1.7,2014-04-15,0224,Terra,MODIS,67,6.2,300.8,39.2,D,0
-16.13,125.0176,315.5,2,1.4,2014-04-15,0224,Terra,MODIS,41,6.2,301.9,15.1,D,0
-16.3468,124.862,318.2,2,1.4,2014-04-15,0224,Terra,MODIS,66,6.2,302.7,23.5,D,0
-16.1605,124.9329,315.3,2,1.4,2014-04-15,0224,Terra,MODIS,52,6.2,302.1,15.4,D,0
-16.3446,124.8431,316.8,2,1.4,2014-04-15,0224,Terra,MODIS,63,6.2,302,20.3,D,0
-16.1175,125.0193,315.8,2,1.4,2014-04-15,0224,Terra,MODIS,50,6.2,301.3,16.7,D,0
-16.1317,125.0116,316.6,2,1.4,2014-04-15,0224,Terra,MODIS,14,6.2,302,16,D,0
-16.2841,125.1041,319.4,2.1,1.4,2014-04-15,0224,Terra,MODIS,69,6.2,302.9,26.6,D,0
-17.78,123.9879,331.6,1.8,1.3,2014-04-15,0225,Terra,MODIS,81,6.2,307.1,49.8,D,0
-17.7682,123.9893,324.2,1.8,1.3,2014-04-15,0225,Terra,MODIS,71,6.2,307.3,29.7,D,0
-18.3889,125.6792,334.2,2.4,1.5,2014-04-15,0225,Terra,MODIS,71,6.2,308.7,70.7,D,0
-18.3826,125.6743,339.8,2.4,1.5,2014-04-15,0225,Terra,MODIS,84,6.2,311.5,103.7,D,0
-17.782,124.0047,321.2,1.8,1.3,2014-04-15,0225,Terra,MODIS,65,6.2,307.3,21.8,D,0
-18.3752,125.6806,328.2,2.4,1.5,2014-04-15,0225,Terra,MODIS,39,6.2,314.7,43.1,D,0
-17.5765,126.3599,325.3,2.7,1.6,2014-04-15,0225,Terra,MODIS,75,6.2,303.5,65.4,D,0
-17.5725,126.3658,321.2,2.7,1.6,2014-04-15,0225,Terra,MODIS,69,6.2,302.7,47.9,D,0
-17.4463,124.461,316.6,1.9,1.4,2014-04-15,0225,Terra,MODIS,54,6.2,304.3,15.3,D,0
-17.4443,124.443,321.1,1.9,1.4,2014-04-15,0225,Terra,MODIS,68,6.2,304.1,26.2,D,0
-17.4405,124.4499,326.7,1.9,1.4,2014-04-15,0225,Terra,MODIS,77,6.2,304.8,41,D,0
-17.5698,126.3411,316,2.7,1.6,2014-04-15,0225,Terra,MODIS,54,6.2,301.4,25.1,D,0
-29.5796,115.66,323.8,1,1,2014-04-15,0228,Terra,MODIS,68,6.2,307.4,10.1,D,0
-30.4753,116.189,320.2,1,1,2014-04-15,0228,Terra,MODIS,60,6.2,305.3,7,D,0
-30.3794,117.2328,331.1,1.1,1,2014-04-15,0228,Terra,MODIS,80,6.2,306.6,21.1,D,0
-30.3809,117.2439,325.4,1.1,1,2014-04-15,0228,Terra,MODIS,72,6.2,306.6,13.5,D,0
-30.6828,116.7621,323.6,1,1,2014-04-15,0228,Terra,MODIS,68,6.2,306.4,9.9,D,0
-29.3199,115.3367,322.9,1,1,2014-04-15,0228,Terra,MODIS,63,6.2,307.7,8.2,D,0
-29.362,115.3119,325.4,1,1,2014-04-15,0228,Terra,MODIS,70,6.2,309,11.4,D,0
-29.3075,115.2543,325.2,1,1,2014-04-15,0228,Terra,MODIS,69,6.2,309.3,9,D,0
-29.6803,116.0331,322.9,1,1,2014-04-15,0228,Terra,MODIS,66,6.2,309.3,7.6,D,0
-30.6819,117.014,320.4,1.1,1,2014-04-15,0228,Terra,MODIS,60,6.2,306.4,6.3,D,0
-29.5876,115.3408,326.6,1,1,2014-04-15,0228,Terra,MODIS,73,6.2,310.5,11,D,0
-29.5719,115.6675,336.6,1,1,2014-04-15,0228,Terra,MODIS,85,6.2,308.6,25.6,D,0
-29.5704,115.6572,364.4,1,1,2014-04-15,0228,Terra,MODIS,100,6.2,311.3,86.3,D,0
-29.3215,115.347,321.7,1,1,2014-04-15,0228,Terra,MODIS,60,6.2,308.2,7.3,D,0
-29.6713,116.0985,322.6,1,1,2014-04-15,0228,Terra,MODIS,66,6.2,308.6,7.6,D,0
-29.323,115.3573,320.6,1,1,2014-04-15,0228,Terra,MODIS,46,6.2,307.1,6.1,D,0
-28.496,114.9513,322.5,1,1,2014-04-15,0228,Terra,MODIS,52,6.2,308.8,6.3,D,0
-28.5034,114.9392,323.2,1,1,2014-04-15,0228,Terra,MODIS,59,6.2,309.2,6.5,D,0
-28.4944,114.941,359.2,1,1,2014-04-15,0228,Terra,MODIS,99,6.2,311.9,71.8,D,0
-28.9371,114.8227,322.4,1,1,2014-04-15,0228,Terra,MODIS,60,6.2,306.6,9.2,D,0
-28.5428,114.8397,322.6,1,1,2014-04-15,0228,Terra,MODIS,56,6.2,309.9,5.8,D,0
-31.5318,116.5866,329.9,1,1,2014-04-15,0229,Terra,MODIS,80,6.2,300.9,19.5,D,0
-30.5926,115.8534,331.6,1,1,2014-04-15,0229,Terra,MODIS,80,6.2,305.7,20.2,D,0
-30.6016,115.8518,339.3,1,1,2014-04-15,0229,Terra,MODIS,87,6.2,305.4,31.8,D,0
-30.6031,115.8622,322.4,1,1,2014-04-15,0229,Terra,MODIS,67,6.2,304.4,9.5,D,0
-32.355,117.9757,315.3,1.2,1.1,2014-04-15,0229,Terra,MODIS,58,6.2,302.2,7.2,D,0
-31.4786,116.4731,334.1,1,1,2014-04-15,0229,Terra,MODIS,84,6.2,303.8,25.9,D,0
-30.8986,116.3296,331.2,1,1,2014-04-15,0229,Terra,MODIS,81,6.2,305.9,19.9,D,0
-30.8374,116.2818,319.4,1,1,2014-04-15,0229,Terra,MODIS,56,6.2,305.3,6.1,D,0
-31.8761,117.7032,324.3,1.1,1.1,2014-04-15,0229,Terra,MODIS,74,6.2,304.1,14.9,D,0
-32.4257,117.9701,328.7,1.2,1.1,2014-04-15,0229,Terra,MODIS,80,6.2,303.7,23.8,D,0
-31.4801,116.4841,327.4,1,1,2014-04-15,0229,Terra,MODIS,77,6.2,303.3,16.4,D,0
-31.5288,116.5647,320.8,1,1,2014-04-15,0229,Terra,MODIS,67,6.2,303.7,9.3,D,0
-30.7197,116.3639,340.1,1,1,2014-04-15,0229,Terra,MODIS,88,6.2,306.8,32.9,D,0
-32.2471,117.0598,343.3,1.1,1,2014-04-15,0229,Terra,MODIS,91,6.2,301.5,45.6,D,0
-32.2527,117.0642,319.2,1.1,1,2014-04-15,0229,Terra,MODIS,68,6.2,299.6,9.5,D,0
-31.4563,117.1312,329.6,1.1,1,2014-04-15,0229,Terra,MODIS,80,6.2,304.8,19.8,D,0
-31.4642,117.1183,318.4,1.1,1,2014-04-15,0229,Terra,MODIS,60,6.2,304.1,6.6,D,0
-31.4325,116.5999,326.1,1,1,2014-04-15,0229,Terra,MODIS,76,6.2,304.6,14.9,D,0
-31.431,116.5889,361.6,1,1,2014-04-15,0229,Terra,MODIS,100,6.2,307.7,85.2,D,0
-30.8234,116.775,322.6,1,1,2014-04-15,0229,Terra,MODIS,61,6.2,305.1,8.5,D,0
-30.8142,116.7766,325.2,1,1,2014-04-15,0229,Terra,MODIS,72,6.2,305.3,11.7,D,0
-31.4656,117.1296,336.7,1.1,1,2014-04-15,0229,Terra,MODIS,86,6.2,304.9,31.4,D,0
-31.5211,116.5772,325.1,1,1,2014-04-15,0229,Terra,MODIS,74,6.2,304.6,14.2,D,0
-31.5303,116.5756,378.4,1,1,2014-04-15,0229,Terra,MODIS,100,6.2,308.5,145.6,D,0
-32.5071,117.3186,330.7,1.1,1.1,2014-04-15,0229,Terra,MODIS,83,6.2,303.1,26,D,0
-31.5395,116.5739,330.9,1,1,2014-04-15,0229,Terra,MODIS,81,6.2,302.9,21.2,D,0
-33.3001,120.1525,314.8,1.6,1.2,2014-04-15,0229,Terra,MODIS,58,6.2,301,11.6,D,0
-32.1913,117.4836,321.3,1.1,1.1,2014-04-15,0229,Terra,MODIS,71,6.2,303.5,11.6,D,0
-32.0162,116.7753,320.2,1.1,1,2014-04-15,0229,Terra,MODIS,69,6.2,305,8.8,D,0
-32.0147,116.7641,325,1.1,1,2014-04-15,0229,Terra,MODIS,76,6.2,304.3,14.3,D,0
-31.0521,117.0375,320.3,1.1,1,2014-04-15,0229,Terra,MODIS,61,6.2,305.4,6.8,D,0
-31.0428,117.0391,323.2,1.1,1,2014-04-15,0229,Terra,MODIS,68,6.2,306,10,D,0
-32.1787,116.9778,313.9,1.1,1,2014-04-15,0229,Terra,MODIS,47,6.2,301,4.7,D,0
-31.8369,118.1301,328.2,1.2,1.1,2014-04-15,0229,Terra,MODIS,78,6.2,304.7,21,D,0
-31.8364,118.1367,320.8,1.2,1.1,2014-04-15,0229,Terra,MODIS,65,6.2,304.5,10.1,D,0
-31.8348,118.1241,326.1,1.2,1.1,2014-04-15,0229,Terra,MODIS,76,6.2,304.5,17.1,D,0
-31.3205,116.6597,325,1,1,2014-04-15,0229,Terra,MODIS,74,6.2,303.3,13.7,D,0
-31.7715,118.5996,330.8,1.2,1.1,2014-04-15,0229,Terra,MODIS,81,6.2,305.6,27.1,D,0
-32.3969,117.2476,315.1,1.1,1,2014-04-15,0229,Terra,MODIS,59,6.2,302.8,5.5,D,0
-31.7699,118.5864,320.8,1.2,1.1,2014-04-15,0229,Terra,MODIS,64,6.2,304.6,11.2,D,0
-32.2692,118.0215,315.9,1.2,1.1,2014-04-15,0229,Terra,MODIS,59,6.2,302.2,7.8,D,0
-32.2372,117.9243,319,1.2,1.1,2014-04-15,0229,Terra,MODIS,67,6.2,301.6,11.5,D,0
-31.0579,116.2222,334.5,1,1,2014-04-15,0229,Terra,MODIS,84,6.2,305.6,26,D,0
-31.0489,116.2239,326.3,1,1,2014-04-15,0229,Terra,MODIS,75,6.2,304.7,14.6,D,0
-31.7439,117.8737,319.3,1.2,1.1,2014-04-15,0229,Terra,MODIS,63,6.2,305.6,7.6,D,0
-31.1408,116.4819,351.5,1,1,2014-04-15,0229,Terra,MODIS,95,6.2,308.4,57.1,D,0
-31.1423,116.4927,387.4,1,1,2014-04-15,0229,Terra,MODIS,100,6.2,311.1,183.1,D,0
-31.1438,116.5035,325.5,1,1,2014-04-15,0229,Terra,MODIS,74,6.2,305.1,12.9,D,0
-32.7112,117.6427,317.2,1.2,1.1,2014-04-15,0229,Terra,MODIS,66,6.2,303.1,9,D,0
-32.7127,117.655,317,1.2,1.1,2014-04-15,0229,Terra,MODIS,65,6.2,302.4,8.5,D,0
-32.7888,117.6108,314.1,1.2,1.1,2014-04-15,0229,Terra,MODIS,57,6.2,302.1,5.3,D,0
-31.7941,117.0589,316.2,1.1,1,2014-04-15,0229,Terra,MODIS,55,6.2,302.8,5,D,0
-32.7904,117.6232,354.2,1.2,1.1,2014-04-15,0229,Terra,MODIS,97,6.2,305,78.5,D,0
-32.7919,117.6356,328.9,1.2,1.1,2014-04-15,0229,Terra,MODIS,81,6.2,302.8,23.7,D,0
-31.4333,116.348,317.6,1,1,2014-04-15,0229,Terra,MODIS,54,6.2,301.9,9,D,0
-32.7665,118.098,323.3,1.2,1.1,2014-04-15,0229,Terra,MODIS,75,6.2,303.4,16.4,D,0
-32.8198,117.5427,323.3,1.1,1.1,2014-04-15,0229,Terra,MODIS,75,6.2,301.6,16.1,D,0
-32.8183,117.5305,319.8,1.1,1.1,2014-04-15,0229,Terra,MODIS,71,6.2,301.6,11.7,D,0
-32.8102,117.5443,347.7,1.1,1.1,2014-04-15,0229,Terra,MODIS,94,6.2,304.2,59.6,D,0
-32.8086,117.532,340.8,1.1,1.1,2014-04-15,0229,Terra,MODIS,90,6.2,303.5,43.7,D,0
-30.586,115.4948,319.3,1,1,2014-04-15,0229,Terra,MODIS,54,6.2,304.9,6.6,D,0
-32.2456,117.0483,344.6,1.1,1,2014-04-15,0229,Terra,MODIS,92,6.2,301.5,48.1,D,0
-32.2512,117.0527,352.2,1.1,1,2014-04-15,0229,Terra,MODIS,96,6.2,300.5,66.5,D,0
-31.5435,118.6481,329.5,1.2,1.1,2014-04-15,0229,Terra,MODIS,80,6.2,306.1,25,D,0
-31.4508,118.5496,323.9,1.2,1.1,2014-04-15,0229,Terra,MODIS,72,6.2,305,15.3,D,0
-31.7989,116.7353,324.3,1.1,1,2014-04-15,0229,Terra,MODIS,74,6.2,305.5,12.3,D,0
-31.8526,116.8516,321.4,1.1,1,2014-04-15,0229,Terra,MODIS,69,6.2,304,9.3,D,0
-31.7991,117.3583,323.2,1.1,1,2014-04-15,0229,Terra,MODIS,72,6.2,304.1,12.7,D,0
-31.7976,117.3465,333.9,1.1,1,2014-04-15,0229,Terra,MODIS,84,6.2,303.2,28,D,0
-33.0465,117.3975,314.7,1.1,1.1,2014-04-15,0229,Terra,MODIS,62,6.2,299.8,7.7,D,0
-31.4968,117.6271,319.7,1.1,1.1,2014-04-15,0229,Terra,MODIS,60,6.2,302.8,7.9,D,0
-31.6805,116.4014,316.6,1,1,2014-04-15,0229,Terra,MODIS,57,6.2,304.2,5.9,D,0
-31.679,116.3905,315.3,1,1,2014-04-15,0229,Terra,MODIS,51,6.2,303,4.9,D,0
-31.6243,116.3337,321.4,1,1,2014-04-15,0229,Terra,MODIS,70,6.2,303.3,11.9,D,0
-31.4873,117.6287,318,1.1,1.1,2014-04-15,0229,Terra,MODIS,45,6.2,302.8,6.2,D,0
-32.8751,119.5725,326.7,1.5,1.2,2014-04-15,0229,Terra,MODIS,78,6.2,302.4,27.9,D,0
-32.8768,119.5882,360.2,1.5,1.2,2014-04-15,0229,Terra,MODIS,100,6.2,305.4,136.6,D,0
-31.545,118.6613,323.6,1.3,1.1,2014-04-15,0229,Terra,MODIS,72,6.2,305.9,15.7,D,0
-32.8876,119.5866,330.9,1.5,1.2,2014-04-15,0229,Terra,MODIS,83,6.2,302.2,38,D,0
-32.8943,117.7262,327.6,1.2,1.1,2014-04-15,0229,Terra,MODIS,80,6.2,302.4,22,D,0
-32.8958,117.7388,375,1.2,1.1,2014-04-15,0229,Terra,MODIS,100,6.2,306.1,158.3,D,0
-33.0135,117.7901,319.5,1.2,1.1,2014-04-15,0229,Terra,MODIS,71,6.2,302,12.4,D,0
-31.7181,116.6761,326.6,1,1,2014-04-15,0229,Terra,MODIS,77,6.2,304.4,15.5,D,0
-32.97,116.6504,315.5,1.1,1,2014-04-15,0229,Terra,MODIS,65,6.2,300.9,7,D,0
-33.3152,118.3574,348.7,1.3,1.1,2014-04-15,0229,Terra,MODIS,94,6.2,301.8,72.7,D,0
-33.3135,118.3437,383.1,1.3,1.1,2014-04-15,0229,Terra,MODIS,100,6.2,308.3,223.2,D,0
-33.3051,118.3591,349.1,1.3,1.1,2014-04-15,0229,Terra,MODIS,89,6.2,304.4,74.4,D,0
-31.5174,116.36,319.7,1,1,2014-04-15,0229,Terra,MODIS,66,6.2,304.9,10,D,0
-33.3034,118.3454,368.3,1.3,1.1,2014-04-15,0229,Terra,MODIS,100,6.2,309.1,144.4,D,0
-31.8006,117.37,318.9,1.1,1,2014-04-15,0229,Terra,MODIS,63,6.2,304.3,7.7,D,0
-31.8252,116.719,318.9,1.1,1,2014-04-15,0229,Terra,MODIS,64,6.2,304.9,7.4,D,0
-31.8247,116.8566,333.5,1.1,1,2014-04-15,0229,Terra,MODIS,84,6.2,304.1,25.9,D,0
-42.7547,146.5705,333.6,4.1,1.9,2014-04-15,0327,Aqua,MODIS,0,6.2,284.5,255.8,D,0
-36.4612,146.766,318.1,3.5,1.8,2014-04-15,0328,Aqua,MODIS,78,6.2,287.1,98.6,D,0
-36.4469,146.7262,303.2,3.6,1.8,2014-04-15,0328,Aqua,MODIS,27,6.2,287.2,28.7,D,0
-35.9816,146.3158,312.1,3.7,1.8,2014-04-15,0328,Aqua,MODIS,72,6.2,294.3,60.1,D,0
-35.9763,146.3112,310.3,3.7,1.8,2014-04-15,0328,Aqua,MODIS,66,6.2,294.1,49.5,D,0
-36.4538,146.7635,325.2,3.5,1.8,2014-04-15,0328,Aqua,MODIS,84,6.2,287.4,145.6,D,0
-36.456,146.7229,338.1,3.6,1.8,2014-04-15,0328,Aqua,MODIS,91,6.2,288.4,256.3,D,0
-35.9795,146.3579,308.9,3.7,1.8,2014-04-15,0328,Aqua,MODIS,68,6.2,293.6,44.1,D,0
-35.974,146.3533,310.4,3.7,1.8,2014-04-15,0328,Aqua,MODIS,61,6.2,293.7,50.3,D,0
-36.4631,146.7266,338.1,3.6,1.8,2014-04-15,0328,Aqua,MODIS,91,6.2,288.1,254.5,D,0
-36.835,145.9055,304.2,4,1.9,2014-04-15,0328,Aqua,MODIS,47,6.2,287.7,42.9,D,0
-34.4316,146.9627,306.2,3.3,1.7,2014-04-15,0329,Aqua,MODIS,48,6.2,292.7,16.7,D,0
-34.443,147.2847,305.6,3.1,1.7,2014-04-15,0329,Aqua,MODIS,33,6.2,291.4,14.5,D,0
-35.6166,147.2899,311.1,3.2,1.7,2014-04-15,0329,Aqua,MODIS,70,6.2,294.5,42,D,0
-34.3703,147.7067,334.8,2.9,1.6,2014-04-15,0329,Aqua,MODIS,89,6.2,295.1,149,D,0
-35.6146,147.3261,323.6,3.2,1.7,2014-04-15,0329,Aqua,MODIS,82,6.2,294.3,101.3,D,0
-35.5405,146.8622,326.3,3.4,1.7,2014-04-15,0329,Aqua,MODIS,84,6.2,295.5,126.7,D,0
-34.2912,147.5641,313.5,3,1.6,2014-04-15,0329,Aqua,MODIS,72,6.2,293.8,44.3,D,0
-35.5276,147.5941,315.1,3.1,1.7,2014-04-15,0329,Aqua,MODIS,70,6.2,292,56.3,D,0
-35.5076,147.6301,340.9,3,1.7,2014-04-15,0329,Aqua,MODIS,92,6.2,288.5,213.6,D,0
-33.0498,149.147,333,2.3,1.5,2014-04-15,0329,Aqua,MODIS,77,6.2,283.1,109.9,D,0
-34.8162,147.7462,309.8,2.9,1.6,2014-04-15,0329,Aqua,MODIS,68,6.2,294.6,32.3,D,0
-35.8463,146.7456,305.9,3.5,1.8,2014-04-15,0329,Aqua,MODIS,56,6.2,294.8,24,D,0
-34.8139,147.7787,313.1,2.9,1.6,2014-04-15,0329,Aqua,MODIS,72,6.2,292.4,44.4,D,0
-35.8389,146.7529,307.1,3.5,1.8,2014-04-15,0329,Aqua,MODIS,65,6.2,295,28.5,D,0
-35.6351,145.6927,317.3,4.1,1.9,2014-04-15,0329,Aqua,MODIS,77,6.2,292.2,95.9,D,0
-35.7498,147.0471,305.5,3.3,1.7,2014-04-15,0329,Aqua,MODIS,61,6.2,294.6,25.7,D,0
-34.7604,147.4401,313.4,3.1,1.7,2014-04-15,0329,Aqua,MODIS,67,6.2,287.6,49.5,D,0
-35.5103,147.626,348.2,3,1.7,2014-04-15,0329,Aqua,MODIS,95,6.2,289.8,282.4,D,0
-35.6183,147.3194,333.7,3.2,1.7,2014-04-15,0329,Aqua,MODIS,89,6.2,295.1,172.4,D,0
-34.8149,147.7507,312.7,2.9,1.6,2014-04-15,0329,Aqua,MODIS,72,6.2,294.6,42.1,D,0
-35.5096,147.5967,315.2,3.1,1.7,2014-04-15,0329,Aqua,MODIS,69,6.2,289.4,54.9,D,0
-35.5255,147.6271,349.4,3,1.7,2014-04-15,0329,Aqua,MODIS,96,6.2,294.3,296.2,D,0
-34.6136,147.4154,308.2,3.1,1.7,2014-04-15,0329,Aqua,MODIS,47,6.2,287.7,30,D,0
-34.7583,147.4743,315.1,3.1,1.7,2014-04-15,0329,Aqua,MODIS,74,6.2,287.4,55.5,D,0
-35.5427,146.8232,319.2,3.4,1.7,2014-04-15,0329,Aqua,MODIS,79,6.2,295.3,81.9,D,0
-34.3701,147.7143,318.8,2.9,1.6,2014-04-15,0329,Aqua,MODIS,78,6.2,294.6,59.8,D,0
-35.5228,147.6313,353.1,3,1.7,2014-04-15,0329,Aqua,MODIS,97,6.2,293.8,334,D,0
-34.5256,147.609,307.7,3,1.6,2014-04-15,0329,Aqua,MODIS,56,6.2,290.1,21.9,D,0
-35.7563,147.0434,305.8,3.3,1.7,2014-04-15,0329,Aqua,MODIS,62,6.2,294.8,26.6,D,0
-35.0658,146.792,312.5,3.4,1.7,2014-04-15,0329,Aqua,MODIS,71,6.2,296.1,44.4,D,0
-35.0731,146.7884,314.4,3.4,1.7,2014-04-15,0329,Aqua,MODIS,73,6.2,296.1,50.2,D,0
-35.5247,147.5983,327.1,3.1,1.7,2014-04-15,0329,Aqua,MODIS,82,6.2,291.9,113.1,D,0
-34.7602,147.4668,320.6,3.1,1.7,2014-04-15,0329,Aqua,MODIS,71,6.2,288.3,76.5,D,0
-34.3726,147.6742,340.7,2.9,1.6,2014-04-15,0329,Aqua,MODIS,92,6.2,296.5,195.2,D,0
-34.3722,147.6816,350.9,2.9,1.6,2014-04-15,0329,Aqua,MODIS,96,6.2,296.9,289.9,D,0
-34.8128,147.7833,310.4,2.9,1.6,2014-04-15,0329,Aqua,MODIS,69,6.2,292.2,34.6,D,0
-35.6375,145.6967,318.1,4.1,1.9,2014-04-15,0329,Aqua,MODIS,78,6.2,292.2,101.7,D,0
-34.2893,147.5683,312.6,3,1.6,2014-04-15,0329,Aqua,MODIS,71,6.2,293.9,40.6,D,0
-34.5265,147.602,305.6,3,1.6,2014-04-15,0329,Aqua,MODIS,46,6.2,290.3,18.2,D,0
-34.644,148.0757,310.3,2.8,1.6,2014-04-15,0329,Aqua,MODIS,48,6.2,292.7,31.3,D,0
-34.6295,148.0742,319.7,2.8,1.6,2014-04-15,0329,Aqua,MODIS,79,6.2,291.4,67.6,D,0
-34.6287,148.0696,312.9,2.8,1.6,2014-04-15,0329,Aqua,MODIS,48,6.2,291.5,38.4,D,0
-34.2833,147.8905,318.5,2.8,1.6,2014-04-15,0329,Aqua,MODIS,78,6.2,297.4,54.1,D,0
-34.2832,147.8861,321.1,2.8,1.6,2014-04-15,0329,Aqua,MODIS,69,6.2,297.5,60.3,D,0
-34.2854,147.859,317,2.9,1.6,2014-04-15,0329,Aqua,MODIS,76,6.2,298.3,47.5,D,0
-34.4312,147.9168,313.7,2.8,1.6,2014-04-15,0329,Aqua,MODIS,73,6.2,293.1,42.8,D,0
-34.4312,147.9124,311.4,2.8,1.6,2014-04-15,0329,Aqua,MODIS,70,6.2,293,34.5,D,0
-29.2942,152.069,308.5,1.3,1.1,2014-04-15,0330,Aqua,MODIS,48,6.2,284.4,14.4,D,0
-29.2926,152.0831,316.1,1.3,1.1,2014-04-15,0330,Aqua,MODIS,75,6.2,287.2,23.1,D,0
-29.4972,151.1471,313.6,1.5,1.2,2014-04-15,0330,Aqua,MODIS,59,6.2,300.4,12.6,D,0
-28.7703,149.9765,325.4,1.8,1.3,2014-04-15,0330,Aqua,MODIS,44,6.2,305,27.9,D,0
-26.4298,147.4601,321.4,2.5,1.5,2014-04-15,0331,Aqua,MODIS,71,6.2,297.6,45.3,D,0
-27.0205,153.1504,310,1.1,1.1,2014-04-15,0331,Aqua,MODIS,65,6.2,295.7,7.2,D,0
-42.7459,146.5575,310.3,2.9,1.6,2014-04-15,0505,Aqua,MODIS,36,6.2,284.1,57.4,D,0
-37.5899,142.8219,352,2.5,1.5,2014-04-15,0506,Aqua,MODIS,84,6.2,290.6,245.4,D,0
-37.5765,142.817,383.8,2.5,1.5,2014-04-15,0506,Aqua,MODIS,75,6.2,287.3,635.6,D,0
-37.0869,140.9609,329.2,2,1.4,2014-04-15,0506,Aqua,MODIS,85,6.2,297,64.2,D,0
-36.9239,143.2009,301.6,2.8,1.6,2014-04-15,0506,Aqua,MODIS,25,6.2,286.5,15,D,0
-37.4078,142.9255,315,2.6,1.5,2014-04-15,0506,Aqua,MODIS,57,6.2,287,47.4,D,0
-37.4141,142.8974,316.1,2.6,1.5,2014-04-15,0506,Aqua,MODIS,72,6.2,288.7,50.1,D,0
-36.9232,143.196,304.1,2.8,1.6,2014-04-15,0506,Aqua,MODIS,0,6.2,287.1,19.5,D,0
-36.338,144.5382,305,3.4,1.7,2014-04-15,0506,Aqua,MODIS,52,6.2,292.5,21,D,0
-37.2459,140.7257,312.8,1.9,1.4,2014-04-15,0506,Aqua,MODIS,50,6.2,291.8,21.7,D,0
-37.7801,141.9079,313.6,2.2,1.4,2014-04-15,0506,Aqua,MODIS,56,6.2,287.7,30.6,D,0
-36.9276,143.9781,302.5,3.1,1.7,2014-04-15,0506,Aqua,MODIS,12,6.2,286.9,15.1,D,0
-36.6456,141.5928,338.3,2.2,1.4,2014-04-15,0506,Aqua,MODIS,90,6.2,293.4,120.7,D,0
-36.9659,143.4931,306.8,2.9,1.6,2014-04-15,0506,Aqua,MODIS,20,6.2,289.1,24.6,D,0
-36.9842,142.1773,306.5,2.4,1.5,2014-04-15,0506,Aqua,MODIS,49,6.2,293.5,14.6,D,0
-38.0262,142.4279,318.7,2.3,1.5,2014-04-15,0506,Aqua,MODIS,79,6.2,290.3,55,D,0
-38.0204,142.4538,304.1,2.3,1.5,2014-04-15,0506,Aqua,MODIS,45,6.2,287.4,18,D,0
-37.8201,142.9891,336.3,2.5,1.5,2014-04-15,0506,Aqua,MODIS,0,6.2,288,140.9,D,0
-37.5822,142.6366,303.5,2.4,1.5,2014-04-15,0506,Aqua,MODIS,15,6.2,288.4,15.4,D,0
-36.8229,142.6127,315.4,2.5,1.5,2014-04-15,0506,Aqua,MODIS,74,6.2,294.1,41.4,D,0
-36.9041,143.8208,310.9,3,1.6,2014-04-15,0506,Aqua,MODIS,0,6.2,289.1,42.6,D,0
-36.8019,140.6174,323.7,1.9,1.4,2014-04-15,0506,Aqua,MODIS,80,6.2,299.4,40.8,D,0
-36.9654,141.2834,313.1,2.1,1.4,2014-04-15,0506,Aqua,MODIS,66,6.2,294.2,25.2,D,0
-36.3021,145.7861,310,4.1,1.9,2014-04-15,0506,Aqua,MODIS,67,6.2,293.2,50.2,D,0
-36.4655,146.7559,323.8,4.6,2,2014-04-15,0506,Aqua,MODIS,78,6.2,285.7,199.7,D,0
-35.8081,146.6759,310.1,4.7,2,2014-04-15,0506,Aqua,MODIS,66,6.2,292.5,69.5,D,0
-35.9331,145.6137,304.1,4.1,1.9,2014-04-15,0506,Aqua,MODIS,25,6.2,289.4,33.5,D,0
-36.3645,145.623,313.3,4,1.9,2014-04-15,0506,Aqua,MODIS,73,6.2,292.5,71.1,D,0
-36.4785,146.7068,302,4.6,2,2014-04-15,0506,Aqua,MODIS,48,6.2,287.2,43.1,D,0
-35.8039,146.6794,311.6,4.7,2,2014-04-15,0506,Aqua,MODIS,69,6.2,292.5,79.8,D,0
-36.4776,146.7147,309.5,4.6,2,2014-04-15,0506,Aqua,MODIS,65,6.2,287,83.4,D,0
-36.3148,145.7469,350.2,4.1,1.9,2014-04-15,0506,Aqua,MODIS,96,6.2,295.6,457,D,0
-36.4642,146.7641,320.9,4.6,2,2014-04-15,0506,Aqua,MODIS,76,6.2,285.7,170.9,D,0
-36.3132,145.7419,339,4.1,1.9,2014-04-15,0506,Aqua,MODIS,91,6.2,295.4,296.8,D,0
-36.703,145.2726,316,3.7,1.8,2014-04-15,0506,Aqua,MODIS,76,6.2,293.2,78.1,D,0
-36.3686,145.6324,310.3,4,1.9,2014-04-15,0506,Aqua,MODIS,55,6.2,293.5,48.9,D,0
-34.5317,137.6238,313.9,1.4,1.2,2014-04-15,0507,Aqua,MODIS,66,6.2,301.6,8.9,D,0
-34.1498,135.8458,322.6,1.2,1.1,2014-04-15,0507,Aqua,MODIS,44,6.2,302,16.6,D,0
-34.2846,135.7796,323.9,1.2,1.1,2014-04-15,0507,Aqua,MODIS,76,6.2,302.3,18.6,D,0
-34.3545,135.9092,315.5,1.2,1.1,2014-04-15,0507,Aqua,MODIS,62,6.2,299.5,11.1,D,0
-34.3033,137.8499,324.3,1.5,1.2,2014-04-15,0507,Aqua,MODIS,79,6.2,300.9,29,D,0
-34.0909,137.622,329.8,1.5,1.2,2014-04-15,0507,Aqua,MODIS,83,6.2,302.9,36.8,D,0
-34.1401,135.8434,322.6,1.2,1.1,2014-04-15,0507,Aqua,MODIS,57,6.2,302,17.2,D,0
-34.1204,135.2966,314.4,1.1,1.1,2014-04-15,0507,Aqua,MODIS,58,6.2,299.7,7.9,D,0
-34.5267,135.686,322.7,1.2,1.1,2014-04-15,0507,Aqua,MODIS,76,6.2,301.7,16.7,D,0
-34.0735,137.8367,315.1,1.5,1.2,2014-04-15,0507,Aqua,MODIS,66,6.2,300.6,11.5,D,0
-34.1895,136.0395,312.8,1.2,1.1,2014-04-15,0507,Aqua,MODIS,38,6.2,297.6,7.7,D,0
-34.1016,137.625,341.9,1.5,1.2,2014-04-15,0507,Aqua,MODIS,91,6.2,303.3,67.8,D,0
-34.5771,137.6199,316.7,1.4,1.2,2014-04-15,0507,Aqua,MODIS,70,6.2,301.5,13.7,D,0
-34.0414,135.4503,322.7,1.2,1.1,2014-04-15,0507,Aqua,MODIS,74,6.2,301.2,16.1,D,0
-34.249,135.6911,322.7,1.2,1.1,2014-04-15,0507,Aqua,MODIS,74,6.2,301.5,15.6,D,0
-34.3064,137.8335,323.3,1.5,1.2,2014-04-15,0507,Aqua,MODIS,78,6.2,301.5,26.3,D,0
-34.0869,135.378,315.4,1.1,1.1,2014-04-15,0507,Aqua,MODIS,49,6.2,301.6,8.3,D,0
-33.9704,139.0448,315.2,1.8,1.3,2014-04-15,0507,Aqua,MODIS,67,6.2,295.4,24.1,D,0
-34.0704,137.8531,313,1.5,1.2,2014-04-15,0507,Aqua,MODIS,61,6.2,300.2,8.3,D,0
-34.3232,135.7946,332.2,1.2,1.1,2014-04-15,0507,Aqua,MODIS,84,6.2,303.4,30.4,D,0
-34.2469,135.7038,329,1.2,1.1,2014-04-15,0507,Aqua,MODIS,81,6.2,303.3,24.8,D,0
-34.4635,137.616,313,1.5,1.2,2014-04-15,0507,Aqua,MODIS,63,6.2,300.3,8.4,D,0
-33.9513,137.7454,346.8,1.5,1.2,2014-04-15,0507,Aqua,MODIS,94,6.2,303.7,88,D,0
-34.2596,137.7135,316.8,1.5,1.2,2014-04-15,0507,Aqua,MODIS,69,6.2,301.9,13.7,D,0
-33.9872,135.4758,313.2,1.2,1.1,2014-04-15,0507,Aqua,MODIS,20,6.2,298.8,6.2,D,0
-34.2625,137.6977,329.7,1.5,1.2,2014-04-15,0507,Aqua,MODIS,83,6.2,303.7,38,D,0
-34.3574,135.9033,320.9,1.2,1.1,2014-04-15,0507,Aqua,MODIS,73,6.2,300.2,16.8,D,0
-34.0879,137.6379,321,1.5,1.2,2014-04-15,0507,Aqua,MODIS,75,6.2,302.5,19,D,0
-34.2844,135.785,321.5,1.2,1.1,2014-04-15,0507,Aqua,MODIS,65,6.2,302.3,12.9,D,0
-34.6203,137.7712,338.9,1.5,1.2,2014-04-15,0507,Aqua,MODIS,90,6.2,300.8,63.3,D,0
-34.1114,138.063,347,1.6,1.2,2014-04-15,0507,Aqua,MODIS,94,6.2,300.6,98.5,D,0
-34.3254,135.7819,316.9,1.2,1.1,2014-04-15,0507,Aqua,MODIS,66,6.2,303.2,8.9,D,0
-34.1146,138.0459,328.9,1.6,1.2,2014-04-15,0507,Aqua,MODIS,83,6.2,300.7,42,D,0
-34.3567,135.8963,312.9,1.2,1.1,2014-04-15,0507,Aqua,MODIS,53,6.2,300.2,8.2,D,0
-34.3814,136.0599,315.6,1.2,1.1,2014-04-15,0507,Aqua,MODIS,64,6.2,301.4,9.7,D,0
-33.8129,138.4024,314.3,1.7,1.3,2014-04-15,0507,Aqua,MODIS,65,6.2,299.6,12,D,0
-34.1965,137.9874,313.8,1.5,1.2,2014-04-15,0507,Aqua,MODIS,64,6.2,298.5,13.5,D,0
-34.0816,139.0485,310.4,1.8,1.3,2014-04-15,0507,Aqua,MODIS,55,6.2,295,14.9,D,0
-34.3836,136.0468,334.1,1.2,1.1,2014-04-15,0507,Aqua,MODIS,86,6.2,301.7,36.9,D,0
-33.7409,138.5447,336.1,1.7,1.3,2014-04-15,0507,Aqua,MODIS,88,6.2,298.3,71.5,D,0
-34.1628,135.8894,330.5,1.2,1.1,2014-04-15,0507,Aqua,MODIS,82,6.2,301.4,29.8,D,0
-34.0435,135.4379,315.1,1.2,1.1,2014-04-15,0507,Aqua,MODIS,57,6.2,301.1,8.2,D,0
-34.4606,137.6315,318,1.5,1.2,2014-04-15,0507,Aqua,MODIS,72,6.2,301,15.9,D,0
-34.2902,135.9881,319,1.2,1.1,2014-04-15,0507,Aqua,MODIS,70,6.2,300.2,14.5,D,0
-34.5177,145.8427,314.4,4.6,2,2014-04-15,0507,Aqua,MODIS,41,6.2,292.4,94.3,D,0
-33.9643,139.05,307.8,1.8,1.3,2014-04-15,0507,Aqua,MODIS,30,6.2,294.9,11.7,D,0
-34.3404,135.5748,318.5,1.2,1.1,2014-04-15,0507,Aqua,MODIS,50,6.2,303.4,11.2,D,0
-34.1004,138.0598,326,1.6,1.2,2014-04-15,0507,Aqua,MODIS,80,6.2,297.9,37.3,D,0
-34.5246,135.6985,317.5,1.2,1.1,2014-04-15,0507,Aqua,MODIS,68,6.2,302.5,10.5,D,0
-34.146,137.8796,326.3,1.5,1.2,2014-04-15,0507,Aqua,MODIS,81,6.2,300.2,33.4,D,0
-33.9482,137.7616,325,1.5,1.2,2014-04-15,0507,Aqua,MODIS,79,6.2,302.9,27.1,D,0
-34.0986,137.6409,331.5,1.5,1.2,2014-04-15,0507,Aqua,MODIS,85,6.2,302.3,39.6,D,0
-34.1037,138.0426,316.9,1.6,1.2,2014-04-15,0507,Aqua,MODIS,70,6.2,298.5,18.6,D,0
-34.1429,137.896,312.5,1.5,1.2,2014-04-15,0507,Aqua,MODIS,61,6.2,299.9,9.4,D,0
-34.2866,135.7723,318.8,1.2,1.1,2014-04-15,0507,Aqua,MODIS,45,6.2,301.9,9.5,D,0
-34.4566,137.7134,321.1,1.5,1.2,2014-04-15,0507,Aqua,MODIS,76,6.2,301.5,20.9,D,0
-34.165,135.8764,315.7,1.2,1.1,2014-04-15,0507,Aqua,MODIS,19,6.2,297.1,8.2,D,0
-34.2924,135.975,328,1.2,1.1,2014-04-15,0507,Aqua,MODIS,81,6.2,300.3,27.5,D,0
-34.6345,137.8769,316.2,1.5,1.2,2014-04-15,0507,Aqua,MODIS,53,6.2,299.1,16.1,D,0
-35.7316,137.9094,312.3,1.4,1.2,2014-04-15,0507,Aqua,MODIS,0,6.2,298.3,11.9,D,0
-36.1089,143.4687,308.1,3,1.6,2014-04-15,0507,Aqua,MODIS,58,6.2,296,18.8,D,0
-36.0307,140.328,311.7,1.9,1.4,2014-04-15,0507,Aqua,MODIS,59,6.2,300.3,10.7,D,0
-36.0319,140.3336,311.6,1.9,1.4,2014-04-15,0507,Aqua,MODIS,59,6.2,300.2,9.8,D,0
-36.7991,140.6093,320.3,1.9,1.4,2014-04-15,0507,Aqua,MODIS,77,6.2,299.6,34.1,D,0
-36.7947,140.6307,311,1.9,1.4,2014-04-15,0507,Aqua,MODIS,53,6.2,298.3,13.7,D,0
-36.351,141.287,333,2.2,1.4,2014-04-15,0507,Aqua,MODIS,86,6.2,293.5,89.1,D,0
-34.6691,140.9613,309.1,2.3,1.5,2014-04-15,0507,Aqua,MODIS,43,6.2,297.1,13,D,0
-35.8371,139.9888,316.2,1.9,1.3,2014-04-15,0507,Aqua,MODIS,69,6.2,299.9,19.3,D,0
-36.0889,141.8613,335.3,2.4,1.5,2014-04-15,0507,Aqua,MODIS,0,6.2,295.8,112.9,D,0
-36.0947,141.8351,312.5,2.4,1.5,2014-04-15,0507,Aqua,MODIS,56,6.2,295.2,23.5,D,0
-36.0829,141.8548,336.3,2.4,1.5,2014-04-15,0507,Aqua,MODIS,0,6.2,296.8,116.7,D,0
-36.3511,141.0359,322.5,2.1,1.4,2014-04-15,0507,Aqua,MODIS,62,6.2,299.4,40.6,D,0
-34.9841,137.6342,318.9,1.4,1.2,2014-04-15,0507,Aqua,MODIS,70,6.2,300.5,16.8,D,0
-35.1528,137.6379,311.9,1.4,1.2,2014-04-15,0507,Aqua,MODIS,0,6.2,300.8,7.6,D,0
-35.53,139.3207,312.3,1.7,1.3,2014-04-15,0507,Aqua,MODIS,62,6.2,298.2,13.4,D,0
-35.0301,137.2903,317.2,1.4,1.2,2014-04-15,0507,Aqua,MODIS,72,6.2,300.7,13.7,D,0
-34.639,137.611,329.1,1.4,1.2,2014-04-15,0507,Aqua,MODIS,83,6.2,301.5,36.2,D,0
-34.8259,137.5455,324.1,1.4,1.2,2014-04-15,0507,Aqua,MODIS,79,6.2,302.3,25,D,0
-36.2957,140.792,327.2,2,1.4,2014-04-15,0507,Aqua,MODIS,82,6.2,301.3,53.4,D,0
-36.2964,140.7874,320.2,2,1.4,2014-04-15,0507,Aqua,MODIS,75,6.2,301,33.3,D,0
-36.45,140.9464,337.8,2.1,1.4,2014-04-15,0507,Aqua,MODIS,89,6.2,297.5,97.9,D,0
-36.4488,140.9508,344.5,2.1,1.4,2014-04-15,0507,Aqua,MODIS,93,6.2,296.4,131.5,D,0
-36.3935,141.0253,316.8,2.1,1.4,2014-04-15,0507,Aqua,MODIS,47,6.2,299.8,26.1,D,0
-34.6361,137.6266,316.4,1.4,1.2,2014-04-15,0507,Aqua,MODIS,70,6.2,299.8,13.4,D,0
-34.9805,137.6262,328,1.4,1.2,2014-04-15,0507,Aqua,MODIS,78,6.2,300.8,32.8,D,0
-34.6233,137.7551,324.5,1.5,1.2,2014-04-15,0507,Aqua,MODIS,79,6.2,299.6,28.8,D,0
-34.6553,137.7642,315.4,1.5,1.2,2014-04-15,0507,Aqua,MODIS,68,6.2,299.5,13,D,0
-34.6524,137.7802,317.6,1.5,1.2,2014-04-15,0507,Aqua,MODIS,72,6.2,301.2,16.3,D,0
-34.8481,137.6652,322.8,1.4,1.2,2014-04-15,0507,Aqua,MODIS,78,6.2,300.5,25.8,D,0
-35.3765,139.4645,315.9,1.8,1.3,2014-04-15,0507,Aqua,MODIS,67,6.2,300.2,15.7,D,0
-35.3864,139.4539,315.8,1.8,1.3,2014-04-15,0507,Aqua,MODIS,69,6.2,300.6,18,D,0
-35.3825,139.4733,312.5,1.8,1.3,2014-04-15,0507,Aqua,MODIS,63,6.2,300.4,10.9,D,0
-34.7462,138.9285,310,1.7,1.3,2014-04-15,0507,Aqua,MODIS,56,6.2,291.7,18.7,D,0
-35.9114,142.0746,309.7,2.5,1.5,2014-04-15,0507,Aqua,MODIS,46,6.2,296.4,14.1,D,0
-35.9248,142.0793,327.5,2.5,1.5,2014-04-15,0507,Aqua,MODIS,82,6.2,297.5,77.5,D,0
-34.9736,137.6313,318.4,1.4,1.2,2014-04-15,0507,Aqua,MODIS,68,6.2,299.5,15.6,D,0
-35.9188,142.1066,312.2,2.5,1.5,2014-04-15,0507,Aqua,MODIS,63,6.2,297.6,20.9,D,0
-35.9171,142.0848,336,2.5,1.5,2014-04-15,0507,Aqua,MODIS,88,6.2,297.8,119.6,D,0
-35.9129,142.2313,313.2,2.5,1.5,2014-04-15,0507,Aqua,MODIS,65,6.2,299,24.6,D,0
-36.2396,140.4811,316.6,2,1.4,2014-04-15,0507,Aqua,MODIS,50,6.2,298.6,19.8,D,0
-35.8289,140.001,312.5,1.9,1.3,2014-04-15,0507,Aqua,MODIS,23,6.2,299.7,9.5,D,0
-35.7338,139.9712,314.6,1.9,1.3,2014-04-15,0507,Aqua,MODIS,67,6.2,300,17.4,D,0
-36.2275,140.4771,315.6,2,1.4,2014-04-15,0507,Aqua,MODIS,46,6.2,297.4,17.9,D,0
-36.1959,141.9342,319.9,2.4,1.5,2014-04-15,0507,Aqua,MODIS,76,6.2,297.6,47.3,D,0
-36.1901,141.9605,316.6,2.4,1.5,2014-04-15,0507,Aqua,MODIS,72,6.2,294.7,36.8,D,0
-35.8329,140.0092,315,1.9,1.3,2014-04-15,0507,Aqua,MODIS,67,6.2,299.7,16.3,D,0
-36.2736,141.9372,308.9,2.4,1.5,2014-04-15,0507,Aqua,MODIS,55,6.2,295.7,16,D,0
-36.2678,141.9634,306.2,2.4,1.5,2014-04-15,0507,Aqua,MODIS,35,6.2,293.3,10.3,D,0
-35.9791,139.9309,316.4,1.8,1.3,2014-04-15,0507,Aqua,MODIS,69,6.2,301.9,16.6,D,0
-36.2119,141.493,309.2,2.3,1.5,2014-04-15,0507,Aqua,MODIS,40,6.2,294.9,10.6,D,0
-36.2917,140.8098,330.7,2,1.4,2014-04-15,0507,Aqua,MODIS,84,6.2,299.1,66.6,D,0
-36.2909,140.8143,326.7,2,1.4,2014-04-15,0507,Aqua,MODIS,82,6.2,297.9,51.2,D,0
-36.2248,141.4973,315,2.3,1.5,2014-04-15,0507,Aqua,MODIS,69,6.2,295.9,26.6,D,0
-36.3517,141.0284,319.6,2.1,1.4,2014-04-15,0507,Aqua,MODIS,70,6.2,298.6,34.2,D,0
-36.3386,141.0318,320.6,2.1,1.4,2014-04-15,0507,Aqua,MODIS,62,6.2,296.5,34.7,D,0
-34.9899,137.0953,314.4,1.3,1.1,2014-04-15,0507,Aqua,MODIS,68,6.2,302.4,9,D,0
-34.9873,137.1096,331.3,1.3,1.1,2014-04-15,0507,Aqua,MODIS,85,6.2,302.5,36.1,D,0
-35.7313,139.9648,315.7,1.9,1.3,2014-04-15,0507,Aqua,MODIS,68,6.2,299.9,19.3,D,0
-32.8725,119.6076,314.9,4.7,2,2014-04-15,0508,Aqua,MODIS,22,6.2,300.4,44.9,D,0
-32.8757,119.6036,315.5,4.7,2,2014-04-15,0508,Aqua,MODIS,58,6.2,300.5,55.4,D,0
-33.3339,135.8722,329.7,1.2,1.1,2014-04-15,0508,Aqua,MODIS,82,6.2,302.5,28.5,D,0
-33.5133,136.0178,317.8,1.2,1.1,2014-04-15,0508,Aqua,MODIS,69,6.2,304.2,9.8,D,0
-33.324,135.8697,325.9,1.2,1.1,2014-04-15,0508,Aqua,MODIS,79,6.2,303.8,21.2,D,0
-33.3262,135.8566,316.5,1.2,1.1,2014-04-15,0508,Aqua,MODIS,47,6.2,302.9,8.6,D,0
-33.2677,135.713,318,1.2,1.1,2014-04-15,0508,Aqua,MODIS,56,6.2,302.4,8.5,D,0
-33.3361,135.8591,317.3,1.2,1.1,2014-04-15,0508,Aqua,MODIS,53,6.2,301.6,10.7,D,0
-33.1602,135.9185,323,1.2,1.1,2014-04-15,0508,Aqua,MODIS,76,6.2,304.3,16.3,D,0
-33.1625,135.9052,323.1,1.2,1.1,2014-04-15,0508,Aqua,MODIS,76,6.2,303,16.5,D,0
-33.3866,135.7411,315.8,1.2,1.1,2014-04-15,0508,Aqua,MODIS,64,6.2,303.4,7.9,D,0
-33.2699,135.7,323.8,1.2,1.1,2014-04-15,0508,Aqua,MODIS,76,6.2,305,16.5,D,0
-20.0859,138.5615,322.6,3.4,1.7,2014-04-15,0511,Aqua,MODIS,51,6.2,301.2,43.4,D,0
-19.9909,134.0695,340.1,1.6,1.3,2014-04-15,0511,Aqua,MODIS,86,6.2,308.9,62.2,D,0
-19.9765,134.0189,348.4,1.6,1.3,2014-04-15,0511,Aqua,MODIS,92,6.2,307.3,85.5,D,0
-19.9793,134.0036,336.2,1.6,1.3,2014-04-15,0511,Aqua,MODIS,81,6.2,308.8,40.6,D,0
-21.3139,132.5023,322.5,1.2,1.1,2014-04-15,0511,Aqua,MODIS,39,6.2,310.3,8.6,D,0
-19.9936,134.054,322.8,1.6,1.3,2014-04-15,0511,Aqua,MODIS,35,6.2,309.3,12.8,D,0
-19.9822,134.0621,336.9,1.6,1.3,2014-04-15,0511,Aqua,MODIS,82,6.2,308.8,50.1,D,0
-21.3811,120.0601,323.5,3.3,1.7,2014-04-15,0511,Aqua,MODIS,63,6.2,309,55.4,D,0
-21.3765,120.0666,321.6,3.3,1.7,2014-04-15,0511,Aqua,MODIS,54,6.2,309,46.7,D,0
-19.9797,134.0672,334.9,1.6,1.3,2014-04-15,0511,Aqua,MODIS,80,6.2,308.1,44.2,D,0
-19.9788,134.0136,351.3,1.6,1.3,2014-04-15,0511,Aqua,MODIS,94,6.2,308.5,99.2,D,0
-19.9824,134.0518,328.7,1.6,1.3,2014-04-15,0511,Aqua,MODIS,65,6.2,307.7,25.6,D,0
-19.9745,134.1631,331.2,1.7,1.3,2014-04-15,0511,Aqua,MODIS,75,6.2,310,32.5,D,0
-19.9773,134.1473,342.7,1.7,1.3,2014-04-15,0511,Aqua,MODIS,88,6.2,310.1,70.5,D,0
-16.7135,135.0787,319.9,2.2,1.5,2014-04-15,0512,Aqua,MODIS,61,6.2,304.3,20.5,D,0
-16.7334,133.0957,325.7,1.6,1.2,2014-04-15,0512,Aqua,MODIS,72,6.2,305.6,26.8,D,0
-16.741,133.0511,319.4,1.6,1.2,2014-04-15,0512,Aqua,MODIS,52,6.2,305.8,13.9,D,0
-16.7335,133.0889,324.1,1.6,1.2,2014-04-15,0512,Aqua,MODIS,69,6.2,305.6,22,D,0
-16.691,135.2051,320.8,2.3,1.5,2014-04-15,0512,Aqua,MODIS,64,6.2,303.7,24.2,D,0
-15.7786,135.5986,329.8,2.6,1.5,2014-04-15,0512,Aqua,MODIS,77,6.2,302.4,69.5,D,0
-15.7965,135.5779,320.7,2.5,1.5,2014-04-15,0512,Aqua,MODIS,58,6.2,302.9,31.6,D,0
-15.7828,135.5751,334.5,2.5,1.5,2014-04-15,0512,Aqua,MODIS,83,6.2,303,93.3,D,0
-15.7923,135.6013,320.2,2.6,1.5,2014-04-15,0512,Aqua,MODIS,57,6.2,302.7,30.8,D,0
-17.3996,124.3783,323.2,1.4,1.2,2014-04-15,0512,Aqua,MODIS,62,6.2,308.5,14.3,D,0
-17.5739,126.3632,323.6,1.1,1.1,2014-04-15,0512,Aqua,MODIS,30,6.2,311.8,8.2,D,0
-16.8863,126.9789,326.8,1,1,2014-04-15,0512,Aqua,MODIS,71,6.2,308.5,12.4,D,0
-16.663,126.3171,322.2,1.1,1,2014-04-15,0512,Aqua,MODIS,59,6.2,308.6,8.7,D,0
-17.505,126.7396,334.8,1.1,1,2014-04-15,0512,Aqua,MODIS,81,6.2,312.9,22.1,D,0
-17.676,126.4261,328.4,1.1,1,2014-04-15,0512,Aqua,MODIS,71,6.2,310.9,14.3,D,0
-17.7782,127.8394,350.3,1,1,2014-04-15,0512,Aqua,MODIS,94,6.2,314.1,48.3,D,0
-17.7692,127.8381,328.9,1,1,2014-04-15,0512,Aqua,MODIS,71,6.2,311.9,12.7,D,0
-17.3533,125.6238,322.2,1.2,1.1,2014-04-15,0512,Aqua,MODIS,42,6.2,307.5,10.7,D,0
-17.3127,125.6292,329.9,1.2,1.1,2014-04-15,0512,Aqua,MODIS,53,6.2,308.5,18.7,D,0
-17.6435,123.2224,324.4,1.7,1.3,2014-04-15,0512,Aqua,MODIS,65,6.2,307.8,24,D,0
-17.3972,124.7357,327,1.4,1.2,2014-04-15,0512,Aqua,MODIS,42,6.2,314,14.2,D,0
-17.2544,125.5223,332.9,1.2,1.1,2014-04-15,0512,Aqua,MODIS,47,6.2,305.4,23.3,D,0
-17.3801,125.7355,328.8,1.2,1.1,2014-04-15,0512,Aqua,MODIS,36,6.2,310.4,16.2,D,0
-17.3787,125.7464,331.1,1.2,1.1,2014-04-15,0512,Aqua,MODIS,43,6.2,309.3,18.7,D,0
-17.5848,126.3542,323.3,1.1,1.1,2014-04-15,0512,Aqua,MODIS,42,6.2,311.6,7.8,D,0
-17.2559,125.511,336.6,1.2,1.1,2014-04-15,0512,Aqua,MODIS,83,6.2,306,32.6,D,0
-17.2205,125.5522,323.9,1.2,1.1,2014-04-15,0512,Aqua,MODIS,62,6.2,307.9,12,D,0
-17.2219,125.5409,330.4,1.2,1.1,2014-04-15,0512,Aqua,MODIS,76,6.2,308.6,22.1,D,0
-17.255,125.6707,349.2,1.2,1.1,2014-04-15,0512,Aqua,MODIS,93,6.2,310.7,59.9,D,0
-17.4484,126.827,334.2,1.1,1,2014-04-15,0512,Aqua,MODIS,81,6.2,313.2,20.3,D,0
-17.2678,125.7469,334.1,1.2,1.1,2014-04-15,0512,Aqua,MODIS,80,6.2,312.6,22.9,D,0
-17.2642,125.7512,326.8,1.2,1.1,2014-04-15,0512,Aqua,MODIS,70,6.2,312.1,13.5,D,0
-17.2657,125.74,327.9,1.2,1.1,2014-04-15,0512,Aqua,MODIS,52,6.2,311.9,14.2,D,0
-17.2721,125.6167,323.1,1.2,1.1,2014-04-15,0512,Aqua,MODIS,40,6.2,306.5,11.5,D,0
-17.2188,125.6431,323.5,1.2,1.1,2014-04-15,0512,Aqua,MODIS,30,6.2,311.2,8.1,D,0
-17.3704,125.7338,352.5,1.2,1.1,2014-04-15,0512,Aqua,MODIS,95,6.2,311.3,64.1,D,0
-17.3606,125.7326,338.5,1.2,1.1,2014-04-15,0512,Aqua,MODIS,58,6.2,308.5,30.2,D,0
-17.3597,125.7268,328.3,1.2,1.1,2014-04-15,0512,Aqua,MODIS,21,6.2,308.4,14.7,D,0
-17.2998,125.7291,323.5,1.2,1.1,2014-04-15,0512,Aqua,MODIS,43,6.2,310,9.2,D,0
-17.3829,124.6819,326.2,1.4,1.2,2014-04-15,0512,Aqua,MODIS,69,6.2,312.3,16,D,0
-16.8457,126.1768,327.8,1.1,1.1,2014-04-15,0512,Aqua,MODIS,63,6.2,310.7,13.7,D,0
-17.4497,126.817,323.8,1.1,1,2014-04-15,0512,Aqua,MODIS,49,6.2,311,6.7,D,0
-17.2405,125.4739,344.2,1.2,1.1,2014-04-15,0512,Aqua,MODIS,90,6.2,304.4,48,D,0
-17.4377,126.8356,352.1,1.1,1,2014-04-15,0512,Aqua,MODIS,95,6.2,314.4,55.6,D,0
-17.2306,125.4729,331.9,1.2,1.1,2014-04-15,0512,Aqua,MODIS,53,6.2,304.7,20.5,D,0
-17.2081,125.4869,326.6,1.2,1.1,2014-04-15,0512,Aqua,MODIS,31,6.2,307,15.3,D,0
-17.2435,125.4509,334.1,1.2,1.1,2014-04-15,0512,Aqua,MODIS,81,6.2,306.9,29.3,D,0
-17.2167,125.4236,324.1,1.2,1.1,2014-04-15,0512,Aqua,MODIS,26,6.2,306,12.7,D,0
-17.2058,125.4282,328.7,1.2,1.1,2014-04-15,0512,Aqua,MODIS,35,6.2,305.6,16.6,D,0
-17.1943,125.4387,332.6,1.2,1.1,2014-04-15,0512,Aqua,MODIS,79,6.2,306.1,25.4,D,0
-17.1875,125.4139,335.7,1.2,1.1,2014-04-15,0512,Aqua,MODIS,83,6.2,306.7,30.1,D,0
-17.189,125.4024,326,1.2,1.1,2014-04-15,0512,Aqua,MODIS,51,6.2,306.1,13.4,D,0
-17.1905,125.3908,364.4,1.2,1.1,2014-04-15,0512,Aqua,MODIS,100,6.2,311.3,115.1,D,0
-17.4033,126.8813,324.7,1.1,1,2014-04-15,0512,Aqua,MODIS,64,6.2,310.2,9.7,D,0
-17.192,125.3793,329.7,1.2,1.1,2014-04-15,0512,Aqua,MODIS,50,6.2,309.1,20,D,0
-17.1806,125.3894,338.7,1.2,1.1,2014-04-15,0512,Aqua,MODIS,86,6.2,305.8,37.4,D,0
-17.182,125.3779,327.8,1.2,1.1,2014-04-15,0512,Aqua,MODIS,49,6.2,306.7,17.4,D,0
-17.3012,125.7182,323.6,1.2,1.1,2014-04-15,0512,Aqua,MODIS,48,6.2,309.3,10,D,0
-17.4312,124.4298,336.8,1.4,1.2,2014-04-15,0512,Aqua,MODIS,84,6.2,310.7,40.3,D,0
-17.4371,124.424,322.9,1.4,1.2,2014-04-15,0512,Aqua,MODIS,17,6.2,309.6,10.8,D,0
-17.4265,124.4226,330.6,1.4,1.2,2014-04-15,0512,Aqua,MODIS,63,6.2,309.8,25.2,D,0
-17.4036,124.433,347.8,1.4,1.2,2014-04-15,0512,Aqua,MODIS,93,6.2,310.4,74.6,D,0
-17.4053,124.4197,326.6,1.4,1.2,2014-04-15,0512,Aqua,MODIS,70,6.2,309.3,19.9,D,0
-17.398,124.3916,371.7,1.4,1.2,2014-04-15,0512,Aqua,MODIS,100,6.2,312,183.8,D,0
-17.1853,126.74,331.7,1.1,1,2014-04-15,0512,Aqua,MODIS,78,6.2,310.3,17.4,D,0
-17.184,126.75,328.9,1.1,1,2014-04-15,0512,Aqua,MODIS,52,6.2,312.3,12.7,D,0
-17.1946,126.7413,327.6,1.1,1,2014-04-15,0512,Aqua,MODIS,57,6.2,310.9,11,D,0
-17.1933,126.7513,335.4,1.1,1,2014-04-15,0512,Aqua,MODIS,82,6.2,312.1,21.7,D,0
-17.3026,125.7071,329.9,1.2,1.1,2014-04-15,0512,Aqua,MODIS,73,6.2,308.7,19.4,D,0
-17.3098,125.6514,331.8,1.2,1.1,2014-04-15,0512,Aqua,MODIS,78,6.2,309.5,22.8,D,0
-17.286,125.6818,332.9,1.2,1.1,2014-04-15,0512,Aqua,MODIS,73,6.2,310.8,22.6,D,0
-17.3813,124.6947,334.3,1.4,1.2,2014-04-15,0512,Aqua,MODIS,81,6.2,312.1,32.3,D,0
-17.2874,125.6708,334.3,1.2,1.1,2014-04-15,0512,Aqua,MODIS,81,6.2,310.1,25.5,D,0
-20.2381,123.628,330,1.8,1.3,2014-04-15,0512,Aqua,MODIS,58,6.2,316.5,25.4,D,0
-20.2362,123.6448,330,1.8,1.3,2014-04-15,0512,Aqua,MODIS,62,6.2,313.3,27.3,D,0
-16.8617,126.2744,326.3,1.1,1,2014-04-15,0512,Aqua,MODIS,70,6.2,309.6,12.9,D,0
-17.7795,127.8299,323.7,1,1,2014-04-15,0512,Aqua,MODIS,38,6.2,310.2,6.4,D,0
-17.7244,126.2071,331.3,1.1,1.1,2014-04-15,0512,Aqua,MODIS,75,6.2,313.9,17.8,D,0
-17.5753,126.3527,334.3,1.1,1.1,2014-04-15,0512,Aqua,MODIS,80,6.2,311.1,24.2,D,0
-16.9539,126.4814,326.3,1.1,1,2014-04-15,0512,Aqua,MODIS,70,6.2,311.3,11.2,D,0
-17.2777,125.6693,328.4,1.2,1.1,2014-04-15,0512,Aqua,MODIS,72,6.2,309.1,16.7,D,0
-17.2535,125.6818,324.1,1.2,1.1,2014-04-15,0512,Aqua,MODIS,60,6.2,311.6,10.1,D,0
-16.8427,126.1591,328.6,1.1,1.1,2014-04-15,0512,Aqua,MODIS,74,6.2,311.4,16.3,D,0
-17.237,124.9491,336.8,1.3,1.1,2014-04-15,0512,Aqua,MODIS,80,6.2,315.1,32.2,D,0
-18.3352,125.6648,333.8,1.2,1.1,2014-04-15,0512,Aqua,MODIS,71,6.2,317.6,18.8,D,0
-17.2472,124.9505,332,1.3,1.1,2014-04-15,0512,Aqua,MODIS,76,6.2,315.7,21.6,D,0
-18.3604,125.7037,332.5,1.2,1.1,2014-04-15,0512,Aqua,MODIS,52,6.2,319.4,13.3,D,0
-17.2942,126.6797,323.9,1.1,1,2014-04-15,0512,Aqua,MODIS,63,6.2,311.6,9.2,D,0
-17.3104,126.9631,322.6,1.1,1,2014-04-15,0512,Aqua,MODIS,48,6.2,307.3,8.5,D,0
-17.3236,126.9348,357.8,1.1,1,2014-04-15,0512,Aqua,MODIS,98,6.2,307.9,73.5,D,0
-17.3223,126.9447,387.6,1.1,1,2014-04-15,0512,Aqua,MODIS,100,6.2,312.3,188.4,D,0
-17.321,126.9546,323.9,1.1,1,2014-04-15,0512,Aqua,MODIS,63,6.2,306.8,10,D,0
-17.7778,124.0021,328.2,1.5,1.2,2014-04-15,0512,Aqua,MODIS,66,6.2,313.3,24.9,D,0
-17.3373,126.5722,323.9,1.1,1,2014-04-15,0512,Aqua,MODIS,59,6.2,311.2,7.8,D,0
-17.3342,126.9263,325.1,1.1,1,2014-04-15,0512,Aqua,MODIS,55,6.2,306.3,11.3,D,0
-17.3329,126.9362,373.3,1.1,1,2014-04-15,0512,Aqua,MODIS,100,6.2,311.5,124.1,D,0
-17.6455,123.2062,349.9,1.7,1.3,2014-04-15,0512,Aqua,MODIS,94,6.2,310.1,112.3,D,0
-17.3315,126.9461,364.9,1.1,1,2014-04-15,0512,Aqua,MODIS,100,6.2,311.1,93.2,D,0
-17.3434,126.9277,341.4,1.1,1,2014-04-15,0512,Aqua,MODIS,88,6.2,310.8,34.4,D,0
-17.354,126.9191,339.7,1.1,1,2014-04-15,0512,Aqua,MODIS,86,6.2,310.7,31.6,D,0
-17.3421,126.9375,334.8,1.1,1,2014-04-15,0512,Aqua,MODIS,73,6.2,309.6,22.9,D,0
-17.7795,123.9877,326.6,1.5,1.2,2014-04-15,0512,Aqua,MODIS,51,6.2,314.5,21.8,D,0
-15.602,124.4581,326.1,1.3,1.1,2014-04-15,0513,Aqua,MODIS,29,6.2,306.1,17.9,D,0
-16.1212,125.0026,326.5,1.3,1.1,2014-04-15,0513,Aqua,MODIS,64,6.2,307.3,18.4,D,0
-16.152,124.9225,351.7,1.3,1.1,2014-04-15,0513,Aqua,MODIS,95,6.2,305.9,76.7,D,0
-15.5989,124.4643,324.5,1.3,1.1,2014-04-15,0513,Aqua,MODIS,53,6.2,307.5,17.4,D,0
-16.162,124.9241,328.5,1.3,1.1,2014-04-15,0513,Aqua,MODIS,77,6.2,309.3,21.4,D,0
-16.1535,124.9107,339.4,1.3,1.1,2014-04-15,0513,Aqua,MODIS,88,6.2,305.1,43.9,D,0
-16.3444,124.8513,327.5,1.3,1.1,2014-04-15,0513,Aqua,MODIS,76,6.2,307.9,22.5,D,0
-13.8743,131.5662,320.7,1.4,1.2,2014-04-15,0513,Aqua,MODIS,60,6.2,303.1,14.2,D,0
-15.8195,130.1107,325,1.1,1,2014-04-15,0513,Aqua,MODIS,38,6.2,312,8.8,D,0
-14.2133,127.6254,327.7,1,1,2014-04-15,0513,Aqua,MODIS,53,6.2,309.5,7.4,D,0
-15.8231,130.1169,327.4,1.1,1,2014-04-15,0513,Aqua,MODIS,53,6.2,312,12.1,D,0
-14.2006,127.5858,338.4,1,1,2014-04-15,0513,Aqua,MODIS,86,6.2,310.2,21.6,D,0
-13.9394,131.5641,327.6,1.4,1.2,2014-04-15,0513,Aqua,MODIS,67,6.2,304.8,23.5,D,0
-14.2341,127.5438,326.8,1,1,2014-04-15,0513,Aqua,MODIS,74,6.2,306.6,11.7,D,0
-14.1943,127.566,327.5,1,1,2014-04-15,0513,Aqua,MODIS,44,6.2,309.5,9.3,D,0
-13.9289,131.5623,326,1.4,1.2,2014-04-15,0513,Aqua,MODIS,30,6.2,304,19.8,D,0
-14.2328,127.553,345.8,1,1,2014-04-15,0513,Aqua,MODIS,92,6.2,308.7,39.7,D,0
-13.9636,127.3814,328.6,1,1,2014-04-15,0513,Aqua,MODIS,47,6.2,308.4,10.9,D,0
-13.9546,127.38,333.2,1,1,2014-04-15,0513,Aqua,MODIS,66,6.2,308.9,17.7,D,0
-13.9414,131.5512,322,1.4,1.2,2014-04-15,0513,Aqua,MODIS,30,6.2,302.8,12.9,D,0
-14.2057,127.6148,333,1,1,2014-04-15,0513,Aqua,MODIS,79,6.2,309.7,13.7,D,0
-14.1967,127.6134,328,1,1,2014-04-15,0513,Aqua,MODIS,59,6.2,308.2,7.5,D,0
-13.9456,127.3786,334.3,1,1,2014-04-15,0513,Aqua,MODIS,58,6.2,306.9,19.4,D,0
-13.9469,127.3694,334,1,1,2014-04-15,0513,Aqua,MODIS,69,6.2,309.2,18.6,D,0
-14.1956,127.5568,328,1,1,2014-04-15,0513,Aqua,MODIS,56,6.2,307.6,10.6,D,0
-13.9392,127.3588,349.1,1,1,2014-04-15,0513,Aqua,MODIS,85,6.2,309.6,44.9,D,0
-14.4033,127.6478,328.3,1,1,2014-04-15,0513,Aqua,MODIS,76,6.2,310.5,13.5,D,0
-13.9315,127.3483,358.3,1,1,2014-04-15,0513,Aqua,MODIS,0,6.2,307.8,68.3,D,0
-16.6508,126.3364,322.3,1.1,1,2014-04-15,0513,Aqua,MODIS,48,6.2,307.5,8.6,D,0
-13.9349,131.5557,330.8,1.4,1.2,2014-04-15,0513,Aqua,MODIS,80,6.2,303.7,29.6,D,0
-13.9454,131.5575,332.9,1.4,1.2,2014-04-15,0513,Aqua,MODIS,82,6.2,304.2,33.7,D,0
-13.9559,131.5593,338,1.4,1.2,2014-04-15,0513,Aqua,MODIS,87,6.2,305.9,45.5,D,0
-16.6522,126.3261,333.8,1.1,1,2014-04-15,0513,Aqua,MODIS,81,6.2,310.8,24.7,D,0
-13.8763,131.5534,327,1.4,1.2,2014-04-15,0513,Aqua,MODIS,76,6.2,302.2,26,D,0
-16.6536,126.3158,331.7,1.1,1,2014-04-15,0513,Aqua,MODIS,79,6.2,309.4,21,D,0
-13.9079,131.5587,335.4,1.4,1.2,2014-04-15,0513,Aqua,MODIS,85,6.2,305.5,41,D,0
-13.979,131.55,323.4,1.4,1.2,2014-04-15,0513,Aqua,MODIS,66,6.2,304,16.2,D,0
-15.9638,125.8002,317.7,1.1,1.1,2014-04-15,0513,Aqua,MODIS,46,6.2,305,6.5,D,0
-13.8974,131.5569,344.6,1.4,1.2,2014-04-15,0513,Aqua,MODIS,91,6.2,306.6,65.7,D,0
-13.8869,131.5551,352.4,1.4,1.2,2014-04-15,0513,Aqua,MODIS,96,6.2,305.2,94.2,D,0
-14.2019,127.5766,334.8,1,1,2014-04-15,0513,Aqua,MODIS,83,6.2,309.3,16.2,D,0
-15.4162,125.7064,333.9,1.1,1.1,2014-04-15,0513,Aqua,MODIS,83,6.2,305.6,27.8,D,0
-15.5539,125.6842,326.2,1.1,1.1,2014-04-15,0513,Aqua,MODIS,74,6.2,305.8,17.7,D,0
-15.5443,125.6827,320.1,1.1,1.1,2014-04-15,0513,Aqua,MODIS,61,6.2,305.7,10.7,D,0
-15.4542,125.6754,329.1,1.1,1.1,2014-04-15,0513,Aqua,MODIS,78,6.2,306.5,21.6,D,0
-16.0451,125.9843,322.4,1.1,1.1,2014-04-15,0513,Aqua,MODIS,27,6.2,305.8,10.4,D,0
-16.035,125.9562,324,1.1,1.1,2014-04-15,0513,Aqua,MODIS,63,6.2,305.6,12.4,D,0
-15.6449,125.6933,321.3,1.1,1.1,2014-04-15,0513,Aqua,MODIS,24,6.2,302.5,11.3,D,0
-15.4556,125.6647,325.7,1.1,1.1,2014-04-15,0513,Aqua,MODIS,74,6.2,304.8,17.1,D,0
-15.8151,125.7192,327.1,1.1,1.1,2014-04-15,0513,Aqua,MODIS,75,6.2,304.2,19.9,D,0
-15.8165,125.7088,326.9,1.1,1.1,2014-04-15,0513,Aqua,MODIS,75,6.2,304.4,19.5,D,0
-16.2262,125.6045,334.6,1.2,1.1,2014-04-15,0513,Aqua,MODIS,83,6.2,308.3,28.2,D,0
-16.2165,125.6032,331.2,1.2,1.1,2014-04-15,0513,Aqua,MODIS,63,6.2,304.1,22.2,D,0
-16.0026,125.9089,317.6,1.1,1.1,2014-04-15,0513,Aqua,MODIS,33,6.2,303.3,7.3,D,0
-16.004,125.8984,328.1,1.1,1.1,2014-04-15,0513,Aqua,MODIS,76,6.2,304.2,20.9,D,0
-15.6198,125.9563,329.8,1.1,1.1,2014-04-15,0513,Aqua,MODIS,56,6.2,305.4,18.5,D,0
-15.6239,125.9253,333.6,1.1,1.1,2014-04-15,0513,Aqua,MODIS,82,6.2,305.7,26,D,0
-15.6023,125.9431,321.2,1.1,1.1,2014-04-15,0513,Aqua,MODIS,39,6.2,304.6,9.7,D,0
-15.5921,125.69,335,1.1,1.1,2014-04-15,0513,Aqua,MODIS,84,6.2,306.7,31.8,D,0
-15.5936,125.6793,334.7,1.1,1.1,2014-04-15,0513,Aqua,MODIS,84,6.2,305.5,30.8,D,0
-15.6017,125.6913,316.9,1.1,1.1,2014-04-15,0513,Aqua,MODIS,26,6.2,303.7,6.6,D,0
-15.9404,125.8292,319.4,1.1,1.1,2014-04-15,0513,Aqua,MODIS,50,6.2,304.8,9.7,D,0
-15.8859,125.8,321.4,1.1,1.1,2014-04-15,0513,Aqua,MODIS,65,6.2,305.6,10.8,D,0
-15.8736,125.7926,349.4,1.1,1.1,2014-04-15,0513,Aqua,MODIS,94,6.2,307,60.2,D,0
-15.875,125.782,325.2,1.1,1.1,2014-04-15,0513,Aqua,MODIS,48,6.2,304.6,14.3,D,0
-15.8655,125.7805,327.6,1.1,1.1,2014-04-15,0513,Aqua,MODIS,65,6.2,304.8,18.1,D,0
-15.8545,125.7897,320.1,1.1,1.1,2014-04-15,0513,Aqua,MODIS,29,6.2,305.5,9.9,D,0
-15.8559,125.7791,322,1.1,1.1,2014-04-15,0513,Aqua,MODIS,51,6.2,303.5,11.8,D,0
-15.9394,125.7635,329.4,1.1,1.1,2014-04-15,0513,Aqua,MODIS,78,6.2,305.1,21.9,D,0
-15.9422,125.7428,336.9,1.1,1.1,2014-04-15,0513,Aqua,MODIS,86,6.2,304.8,33.9,D,0
-15.9326,125.7413,319.8,1.1,1.1,2014-04-15,0513,Aqua,MODIS,60,6.2,304.6,9,D,0
-15.934,125.7308,318.2,1.1,1.1,2014-04-15,0513,Aqua,MODIS,54,6.2,304,7.3,D,0
-15.9244,125.7293,325.8,1.1,1.1,2014-04-15,0513,Aqua,MODIS,73,6.2,305.1,16.2,D,0
-15.9492,125.6896,337.5,1.2,1.1,2014-04-15,0513,Aqua,MODIS,86,6.2,306.5,36.5,D,0
-15.9506,125.679,321.7,1.2,1.1,2014-04-15,0513,Aqua,MODIS,52,6.2,303.6,11.6,D,0
-15.9396,125.6883,320.3,1.2,1.1,2014-04-15,0513,Aqua,MODIS,37,6.2,303.6,9.4,D,0
-15.8999,125.6929,319.6,1.1,1.1,2014-04-15,0513,Aqua,MODIS,12,6.2,303.8,8.6,D,0
-15.9012,125.6823,351.6,1.2,1.1,2014-04-15,0513,Aqua,MODIS,95,6.2,306.9,68.6,D,0
-15.9026,125.6716,320,1.2,1.1,2014-04-15,0513,Aqua,MODIS,21,6.2,304.3,9.1,D,0
-15.8976,125.6869,339.6,1.1,1.1,2014-04-15,0513,Aqua,MODIS,88,6.2,305.6,40.4,D,0
-15.899,125.6763,333.2,1.2,1.1,2014-04-15,0513,Aqua,MODIS,82,6.2,305.9,28.4,D,0
-15.8866,125.6961,332.8,1.1,1.1,2014-04-15,0513,Aqua,MODIS,82,6.2,304.3,28,D,0
-15.888,125.6855,364.1,1.1,1.1,2014-04-15,0513,Aqua,MODIS,100,6.2,307.6,108.4,D,0
-15.8784,125.6841,316.7,1.1,1.1,2014-04-15,0513,Aqua,MODIS,43,6.2,304,6.9,D,0
-15.7483,125.8216,326.1,1.1,1.1,2014-04-15,0513,Aqua,MODIS,48,6.2,304.9,16.3,D,0
-16.2071,125.5237,320.3,1.2,1.1,2014-04-15,0513,Aqua,MODIS,61,6.2,306.8,8.4,D,0
-15.6184,125.9666,334.3,1.1,1.1,2014-04-15,0513,Aqua,MODIS,72,6.2,306.4,25.9,D,0
-15.6641,125.6961,324.5,1.1,1.1,2014-04-15,0513,Aqua,MODIS,63,6.2,303.7,15.8,D,0
-15.6531,125.7052,325.7,1.1,1.1,2014-04-15,0513,Aqua,MODIS,40,6.2,304.8,16.9,D,0
-15.6435,125.7038,334.3,1.1,1.1,2014-04-15,0513,Aqua,MODIS,83,6.2,303.6,30.3,D,0
-15.5907,125.7006,317.4,1.1,1.1,2014-04-15,0513,Aqua,MODIS,27,6.2,304.6,7.1,D,0
-15.6885,125.732,322.1,1.1,1.1,2014-04-15,0513,Aqua,MODIS,63,6.2,304,12.9,D,0
-15.6775,125.7412,331.1,1.1,1.1,2014-04-15,0513,Aqua,MODIS,75,6.2,303.8,24.7,D,0
-15.679,125.7306,328,1.1,1.1,2014-04-15,0513,Aqua,MODIS,66,6.2,303.3,19.8,D,0
-15.6186,125.8928,324,1.1,1.1,2014-04-15,0513,Aqua,MODIS,70,6.2,304.7,13.9,D,0
-15.62,125.8824,317.6,1.1,1.1,2014-04-15,0513,Aqua,MODIS,33,6.2,304,6.9,D,0
-16.0054,125.8879,317.6,1.1,1.1,2014-04-15,0513,Aqua,MODIS,36,6.2,304.1,7.8,D,0
-16.0096,125.8564,320,1.1,1.1,2014-04-15,0513,Aqua,MODIS,60,6.2,304.1,11,D,0
-16.011,125.8459,322.7,1.1,1.1,2014-04-15,0513,Aqua,MODIS,67,6.2,304.2,13.7,D,0
-15.9933,125.8326,326.6,1.1,1.1,2014-04-15,0513,Aqua,MODIS,67,6.2,305.8,17.1,D,0
-16.0886,125.9482,329.2,1.1,1.1,2014-04-15,0513,Aqua,MODIS,77,6.2,307,20.3,D,0
-16.09,125.9379,326.5,1.1,1.1,2014-04-15,0513,Aqua,MODIS,74,6.2,306.8,16.5,D,0
-16.0792,125.8722,319,1.1,1.1,2014-04-15,0513,Aqua,MODIS,53,6.2,306,7.7,D,0
-15.6624,125.782,317.5,1.1,1.1,2014-04-15,0513,Aqua,MODIS,44,6.2,305.4,7.3,D,0
-15.6638,125.7716,318.8,1.1,1.1,2014-04-15,0513,Aqua,MODIS,55,6.2,304.2,9.1,D,0
-15.6651,125.7611,318.6,1.1,1.1,2014-04-15,0513,Aqua,MODIS,38,6.2,303.3,8.7,D,0
-15.7387,125.8203,331.8,1.1,1.1,2014-04-15,0513,Aqua,MODIS,81,6.2,306,24.9,D,0
-15.7102,125.8161,325.7,1.1,1.1,2014-04-15,0513,Aqua,MODIS,73,6.2,306,16.3,D,0
-15.7115,125.8056,321,1.1,1.1,2014-04-15,0513,Aqua,MODIS,45,6.2,304.5,10.4,D,0
-15.6978,125.91,320.8,1.1,1.1,2014-04-15,0513,Aqua,MODIS,58,6.2,305.5,8.7,D,0
-15.6992,125.8996,319.7,1.1,1.1,2014-04-15,0513,Aqua,MODIS,52,6.2,305.4,7.8,D,0
-15.7005,125.8893,324.4,1.1,1.1,2014-04-15,0513,Aqua,MODIS,70,6.2,306.6,13.4,D,0
-15.7733,125.7069,326.2,1.1,1.1,2014-04-15,0513,Aqua,MODIS,72,6.2,304.6,17.3,D,0
-15.7623,125.7161,322.9,1.1,1.1,2014-04-15,0513,Aqua,MODIS,68,6.2,304.8,13.7,D,0
-15.7637,125.7056,321,1.1,1.1,2014-04-15,0513,Aqua,MODIS,64,6.2,304.4,11.6,D,0
-15.7336,125.712,324.9,1.1,1.1,2014-04-15,0513,Aqua,MODIS,72,6.2,304.1,16.5,D,0
-15.7673,125.8244,323.3,1.1,1.1,2014-04-15,0513,Aqua,MODIS,60,6.2,304.1,13.9,D,0
-15.7782,125.8153,328.4,1.1,1.1,2014-04-15,0513,Aqua,MODIS,77,6.2,303.3,21.2,D,0
-14.5433,132.3371,324.8,1.6,1.2,2014-04-15,0513,Aqua,MODIS,65,6.2,309.1,17.8,D,0
-14.5435,132.3312,324.8,1.6,1.2,2014-04-15,0513,Aqua,MODIS,69,6.2,308.7,19.3,D,0
-15.0886,132.5889,340.2,1.6,1.2,2014-04-15,0513,Aqua,MODIS,87,6.2,306.5,64.1,D,0
-15.1021,132.5763,336,1.6,1.2,2014-04-15,0513,Aqua,MODIS,84,6.2,308.7,50.1,D,0
-15.091,132.5743,328,1.6,1.2,2014-04-15,0513,Aqua,MODIS,74,6.2,306.9,29.8,D,0
-15.0997,132.5909,362.9,1.6,1.2,2014-04-15,0513,Aqua,MODIS,100,6.2,310.7,162.5,D,0
-13.2358,131.1489,339.7,1.4,1.2,2014-04-15,0513,Aqua,MODIS,89,6.2,307.8,46.5,D,0
-13.2339,131.1613,325.9,1.4,1.2,2014-04-15,0513,Aqua,MODIS,65,6.2,305,17,D,0
-13.8994,131.5441,350.9,1.4,1.2,2014-04-15,0513,Aqua,MODIS,95,6.2,304.7,86.6,D,0
-13.9345,131.458,323.2,1.4,1.2,2014-04-15,0513,Aqua,MODIS,55,6.2,306.3,14,D,0
-13.9221,131.469,337,1.4,1.2,2014-04-15,0513,Aqua,MODIS,86,6.2,307.2,41.8,D,0
-13.9241,131.4563,337.3,1.4,1.2,2014-04-15,0513,Aqua,MODIS,86,6.2,305.5,42.3,D,0
-13.9281,131.4308,318.9,1.4,1.2,2014-04-15,0513,Aqua,MODIS,36,6.2,304,8.4,D,0
-14.0457,133.1326,343.1,1.8,1.3,2014-04-15,0513,Aqua,MODIS,90,6.2,306.8,83.2,D,0
-14.0429,133.1494,327.2,1.8,1.3,2014-04-15,0513,Aqua,MODIS,75,6.2,307.2,28.2,D,0
-14.0158,131.3866,321.2,1.4,1.2,2014-04-15,0513,Aqua,MODIS,64,6.2,305.8,10.7,D,0
-14.0178,131.374,335.2,1.4,1.2,2014-04-15,0513,Aqua,MODIS,84,6.2,307.7,37.9,D,0
-13.9099,131.5458,321.5,1.4,1.2,2014-04-15,0513,Aqua,MODIS,30,6.2,303,12.8,D,0
-13.8889,131.5423,341.3,1.4,1.2,2014-04-15,0513,Aqua,MODIS,89,6.2,301.9,57.6,D,0
-13.2565,131.1523,323,1.4,1.2,2014-04-15,0513,Aqua,MODIS,64,6.2,305.6,11.7,D,0
-14.0391,133.137,347.9,1.8,1.3,2014-04-15,0513,Aqua,MODIS,93,6.2,306.7,105.5,D,0
-14.0932,133.8054,323.2,2,1.4,2014-04-15,0513,Aqua,MODIS,66,6.2,305.7,26.4,D,0
-33.0356,117.3852,319.5,3,1.6,2014-04-15,0646,Aqua,MODIS,72,6.2,301.5,49.8,D,0
-32.9256,117.6576,314.3,3.1,1.7,2014-04-15,0646,Aqua,MODIS,54,6.2,301.3,26.4,D,0
-34.0931,118.5444,317.4,3.3,1.7,2014-04-15,0646,Aqua,MODIS,58,6.2,296.6,56,D,0
-32.969,116.6515,314,2.7,1.6,2014-04-15,0646,Aqua,MODIS,57,6.2,300.4,23.8,D,0
-32.9914,116.5915,314.3,2.7,1.6,2014-04-15,0646,Aqua,MODIS,59,6.2,297.3,28.6,D,0
-32.9954,116.5999,318.2,2.7,1.6,2014-04-15,0646,Aqua,MODIS,70,6.2,297.7,41,D,0
-32.9205,117.5436,313.6,3.1,1.7,2014-04-15,0646,Aqua,MODIS,48,6.2,301.3,23.3,D,0
-32.9058,117.5386,318.2,3.1,1.7,2014-04-15,0646,Aqua,MODIS,70,6.2,301.9,44.5,D,0
-32.9129,117.6459,313.9,3.1,1.7,2014-04-15,0646,Aqua,MODIS,61,6.2,301.4,26,D,0
-32.7373,117.9847,323.2,3.3,1.7,2014-04-15,0646,Aqua,MODIS,77,6.2,301.6,74.8,D,0
-32.7435,117.9819,328.1,3.3,1.7,2014-04-15,0646,Aqua,MODIS,81,6.2,301.8,107.9,D,0
-32.3001,117.8022,313,3.3,1.7,2014-04-15,0646,Aqua,MODIS,57,6.2,300.5,25.8,D,0
-29.7031,116.01,323.9,2.9,1.6,2014-04-15,0647,Aqua,MODIS,70,6.2,307,40,D,0
-31.0285,116.3436,323.4,2.9,1.6,2014-04-15,0647,Aqua,MODIS,73,6.2,301.4,60.6,D,0
-29.0556,115.7176,322.5,2.9,1.6,2014-04-15,0647,Aqua,MODIS,64,6.2,306.9,35.6,D,0
-29.8174,115.9885,330.4,2.9,1.6,2014-04-15,0647,Aqua,MODIS,79,6.2,305.7,78.6,D,0
-30.2829,115.6939,317.2,2.7,1.6,2014-04-15,0647,Aqua,MODIS,55,6.2,302.8,24.9,D,0
-30.2848,115.6988,319.4,2.7,1.6,2014-04-15,0647,Aqua,MODIS,63,6.2,302.7,33.8,D,0
-31.6959,117.2433,319.3,3.1,1.7,2014-04-15,0647,Aqua,MODIS,68,6.2,301.8,44.1,D,0
-32.1772,116.973,316,2.9,1.6,2014-04-15,0647,Aqua,MODIS,63,6.2,303,26.6,D,0
-30.7945,115.913,315.9,2.7,1.6,2014-04-15,0647,Aqua,MODIS,52,6.2,300.7,24.4,D,0
-31.022,116.3729,316.1,2.9,1.6,2014-04-15,0647,Aqua,MODIS,55,6.2,300.8,28,D,0
-30.7324,116.6951,321.2,3.1,1.7,2014-04-15,0647,Aqua,MODIS,69,6.2,303.8,44.1,D,0
-29.7175,116.0144,328.5,2.9,1.6,2014-04-15,0647,Aqua,MODIS,77,6.2,307,61.8,D,0
-31.2756,116.701,316,3,1.6,2014-04-15,0647,Aqua,MODIS,58,6.2,299.9,26.6,D,0
-30.7337,116.688,318.4,3.1,1.7,2014-04-15,0647,Aqua,MODIS,62,6.2,303.9,30.5,D,0
-30.6686,116.7689,318,3.1,1.7,2014-04-15,0647,Aqua,MODIS,61,6.2,303.7,28.1,D,0
-31.2347,116.8794,317.7,3.1,1.7,2014-04-15,0647,Aqua,MODIS,63,6.2,300.8,34,D,0
-30.3455,115.2607,317,2.5,1.5,2014-04-15,0647,Aqua,MODIS,54,6.2,300.4,27.3,D,0
-31.4149,116.4922,321.1,2.9,1.6,2014-04-15,0647,Aqua,MODIS,70,6.2,301.1,51.7,D,0
-31.2237,116.1676,322,2.8,1.6,2014-04-15,0647,Aqua,MODIS,71,6.2,300.1,54.5,D,0
-29.5185,115.4178,318.5,2.7,1.6,2014-04-15,0647,Aqua,MODIS,50,6.2,304.1,24,D,0
-30.3508,115.2352,317.6,2.5,1.5,2014-04-15,0647,Aqua,MODIS,57,6.2,300.4,31.4,D,0
-30.7821,115.9141,321,2.7,1.6,2014-04-15,0647,Aqua,MODIS,68,6.2,301,44.8,D,0
-31.6986,117.2355,317.5,3.1,1.7,2014-04-15,0647,Aqua,MODIS,64,6.2,301.8,36.5,D,0
-31.2333,116.8866,317.5,3.1,1.7,2014-04-15,0647,Aqua,MODIS,63,6.2,300.2,32.6,D,0
-29.1886,115.4537,325,2.8,1.6,2014-04-15,0647,Aqua,MODIS,70,6.2,304.9,48.3,D,0
-31.9589,116.6325,315.2,2.8,1.6,2014-04-15,0647,Aqua,MODIS,25,6.2,300.6,28.6,D,0
-31.8404,116.8176,321.1,2.9,1.6,2014-04-15,0647,Aqua,MODIS,71,6.2,304.4,45.3,D,0
-31.5316,116.5983,328.1,2.9,1.6,2014-04-15,0647,Aqua,MODIS,79,6.2,301.8,85.9,D,0
-31.5248,116.6289,326,2.9,1.6,2014-04-15,0647,Aqua,MODIS,77,6.2,302,74.5,D,0
-31.9731,116.6368,316.7,2.8,1.6,2014-04-15,0647,Aqua,MODIS,45,6.2,301.6,34.8,D,0
-31.9523,116.6619,319.3,2.8,1.6,2014-04-15,0647,Aqua,MODIS,62,6.2,302.3,43.2,D,0
-31.7176,116.67,331.2,2.9,1.6,2014-04-15,0647,Aqua,MODIS,82,6.2,303.5,100.7,D,0
-31.8327,116.7733,327.8,2.9,1.6,2014-04-15,0647,Aqua,MODIS,79,6.2,303.8,76.1,D,0
-31.8153,116.5754,322.2,2.8,1.6,2014-04-15,0647,Aqua,MODIS,73,6.2,301.4,57.5,D,0
-31.833,116.7823,326.9,2.9,1.6,2014-04-15,0647,Aqua,MODIS,79,6.2,303.9,73.6,D,0
-31.84,116.751,316.4,2.9,1.6,2014-04-15,0647,Aqua,MODIS,42,6.2,303.6,24.2,D,0
-31.8403,116.8093,323.8,2.9,1.6,2014-04-15,0647,Aqua,MODIS,75,6.2,304.5,57.6,D,0
-28.4935,114.947,323.1,2.7,1.6,2014-04-15,0648,Aqua,MODIS,63,6.2,305.3,38.1,D,0
-28.4992,114.9202,327.7,2.6,1.6,2014-04-15,0648,Aqua,MODIS,73,6.2,305.9,59.9,D,0
-28.5032,114.942,328.9,2.7,1.6,2014-04-15,0648,Aqua,MODIS,75,6.2,305.5,65.7,D,0
-28.5087,114.9153,320.8,2.6,1.6,2014-04-15,0648,Aqua,MODIS,52,6.2,305.6,29.2,D,0
-28.2302,114.7099,322.1,2.6,1.5,2014-04-15,0648,Aqua,MODIS,59,6.2,306.4,33.3,D,0
-41.7208,147.2541,301,1.3,1.1,2014-04-15,1251,Terra,MODIS,36,6.2,280,12.4,N,0
-42.7835,146.7567,302.9,1.5,1.2,2014-04-15,1251,Terra,MODIS,52,6.2,278.7,15.3,N,0
-42.7816,146.7504,301.4,1.5,1.2,2014-04-15,1251,Terra,MODIS,40,6.2,278.6,13.9,N,0
-36.8236,145.8631,301.8,1.4,1.2,2014-04-15,1253,Terra,MODIS,44,6.2,282.2,12.1,N,0
-35.6236,147.6777,317.7,1.1,1,2014-04-15,1253,Terra,MODIS,96,6.2,283.4,21.4,N,0
-36.4546,146.7448,315.8,1.2,1.1,2014-04-15,1253,Terra,MODIS,92,6.2,282.8,23.4,N,0
-33.053,149.1554,303.2,1,1,2014-04-15,1254,Terra,MODIS,54,6.2,278.6,8.5,N,0
-33.044,149.1535,312.5,1,1,2014-04-15,1254,Terra,MODIS,85,6.2,277,14.5,N,0
-28.3862,149.2365,301.9,1,1,2014-04-15,1255,Terra,MODIS,45,6.2,288.5,6,N,0
-28.6115,148.9614,302.2,1,1,2014-04-15,1255,Terra,MODIS,48,6.2,287.8,5.7,N,0
-25.9644,152.425,302.9,1.6,1.2,2014-04-15,1255,Terra,MODIS,52,6.2,287.8,11.7,N,0
-28.7684,149.9769,306.3,1.1,1,2014-04-15,1255,Terra,MODIS,68,6.2,286.1,9.5,N,0
-28.7777,149.9788,302,1.1,1,2014-04-15,1255,Terra,MODIS,16,6.2,285.8,6.5,N,0
-24.3311,148.5881,306.6,1.1,1,2014-04-15,1256,Terra,MODIS,69,6.2,287.3,9,N,0
-26.421,147.708,312.1,1,1,2014-04-15,1256,Terra,MODIS,84,6.2,287.8,13.1,N,0
-26.4225,147.698,308.7,1,1,2014-04-15,1256,Terra,MODIS,75,6.2,286.4,10.6,N,0
-25.9614,146.9953,300.2,1,1,2014-04-15,1256,Terra,MODIS,22,6.2,289.2,4.7,N,0
-24.7344,150.5102,301.2,1.3,1.1,2014-04-15,1256,Terra,MODIS,38,6.2,287.7,8.1,N,0
-30.8624,121.4833,305.4,1.1,1.1,2014-04-15,1433,Terra,MODIS,64,6.2,290.9,8.6,N,2
-30.8609,121.4952,304.5,1.1,1.1,2014-04-15,1433,Terra,MODIS,61,6.2,291.2,7.8,N,2
-33.259,118.904,301.4,1.7,1.3,2014-04-15,1433,Terra,MODIS,41,6.2,286.4,14.1,N,0
-33.1583,118.0285,301.2,1.9,1.3,2014-04-15,1433,Terra,MODIS,39,6.2,286.9,14.8,N,0
-32.9019,117.549,300.6,2,1.4,2014-04-15,1433,Terra,MODIS,11,6.2,284.1,17.5,N,0
-33.1649,118.0444,309.5,1.9,1.3,2014-04-15,1433,Terra,MODIS,78,6.2,287.8,27,N,0
-33.1565,118.0489,300.8,1.9,1.3,2014-04-15,1433,Terra,MODIS,33,6.2,287.5,14,N,0
-31.8712,117.2478,303.9,2,1.4,2014-04-15,1433,Terra,MODIS,57,6.2,288,21.6,N,0
-32.9039,117.5273,301.3,2,1.4,2014-04-15,1433,Terra,MODIS,36,6.2,276.1,19.1,N,0
-31.8708,117.2412,308.1,2,1.4,2014-04-15,1433,Terra,MODIS,74,6.2,288.1,29.4,N,0
-17.2413,125.7087,309.6,1.6,1.3,2014-04-15,1437,Terra,MODIS,78,6.2,295.5,17.9,N,0
-17.1958,125.429,305.2,1.6,1.2,2014-04-15,1437,Terra,MODIS,63,6.2,293.5,11.7,N,0
-17.1935,125.4433,305.6,1.6,1.2,2014-04-15,1437,Terra,MODIS,65,6.2,293.7,11.9,N,0
-17.3297,125.7305,327.2,1.6,1.3,2014-04-15,1437,Terra,MODIS,100,6.2,295.3,49.7,N,0
-17.3044,125.7422,305.4,1.7,1.3,2014-04-15,1437,Terra,MODIS,52,6.2,294.9,10.1,N,0
-20.7292,139.4799,308.9,1,1,2014-04-15,1605,Aqua,MODIS,76,6.2,293.5,7.5,N,2
-18.8732,133.9559,307.3,1.9,1.3,2014-04-15,1605,Aqua,MODIS,71,6.2,293.9,18.4,N,0
-18.8764,133.9736,306.5,1.9,1.3,2014-04-15,1605,Aqua,MODIS,68,6.2,293.8,16.8,N,0
-28.1156,151.4614,319.4,1.2,1.1,2014-04-15,2353,Terra,MODIS,76,6.2,296.2,17.3,D,0
-30.3454,149.0068,313.5,1.5,1.2,2014-04-15,2354,Terra,MODIS,62,6.2,296.4,14.2,D,0
-28.8919,149.6125,313.9,1.5,1.2,2014-04-15,2354,Terra,MODIS,60,6.2,299.2,8.8,D,0
-30.3455,149,312.6,1.5,1.2,2014-04-15,2354,Terra,MODIS,63,6.2,296.4,11.3,D,0
-29.8643,148.2494,314.3,1.7,1.3,2014-04-15,2354,Terra,MODIS,66,6.2,299,13.4,D,0
-29.2883,153.0142,306.6,1,1,2014-04-15,2354,Terra,MODIS,62,6.2,292.1,6.2,D,0
-31.3915,150.0781,313.2,1.3,1.1,2014-04-15,2354,Terra,MODIS,71,6.2,293.7,13.5,D,0
-28.7726,149.9795,313.9,1.4,1.2,2014-04-15,2354,Terra,MODIS,59,6.2,299.5,8.5,D,0
-33.8277,146.199,310.9,1.9,1.4,2014-04-15,2355,Terra,MODIS,64,6.2,291.2,21.6,D,0
-33.8398,146.1954,318.7,1.9,1.4,2014-04-15,2355,Terra,MODIS,78,6.2,291.3,38.4,D,0
-35.5999,150.2398,308.4,1.1,1,2014-04-15,2355,Terra,MODIS,54,6.2,289.8,9.1,D,0
-35.6052,150.2135,316.6,1.1,1,2014-04-15,2355,Terra,MODIS,77,6.2,289.3,16.6,D,0
-35.5978,150.2278,309.5,1.1,1,2014-04-15,2355,Terra,MODIS,67,6.2,290.5,10.2,D,0
-31.5472,147.823,315.1,1.7,1.3,2014-04-15,2355,Terra,MODIS,70,6.2,293.9,23.3,D,0
-35.2737,148.5575,311.8,1.3,1.1,2014-04-15,2355,Terra,MODIS,72,6.2,287.6,17.8,D,0
-38.3329,145.0584,300.8,1.8,1.3,2014-04-15,2356,Terra,MODIS,41,6.2,287.9,9.4,D,0
-34.0926,141.0089,303.1,4,1.9,2014-04-15,2356,Terra,MODIS,55,6.2,290.9,28.2,D,0
-35.6663,146.9897,302.1,1.6,1.2,2014-04-15,2356,Terra,MODIS,46,6.2,291,6.1,D,0
-35.6697,147.0068,311.9,1.6,1.2,2014-04-15,2356,Terra,MODIS,72,6.2,291.1,18.7,D,0
-41.5429,146.8945,300.5,1.2,1.1,2014-04-15,2357,Terra,MODIS,38,6.2,289.1,5.4,D,0
-42.2048,147.6984,302.7,1.1,1.1,2014-04-15,2357,Terra,MODIS,53,6.2,288.9,7.1,D,0
-13.2374,135.89,319.2,1.2,1.1,2014-04-16,0128,Terra,MODIS,0,6.2,303.9,12.2,D,0
-17.3389,126.8393,363.5,1.8,1.3,2014-04-16,0129,Terra,MODIS,100,6.2,307.7,206.4,D,0
-17.3419,126.8569,355.8,1.8,1.3,2014-04-16,0129,Terra,MODIS,98,6.2,308.2,156.9,D,0
-17.3473,126.8498,352.5,1.8,1.3,2014-04-16,0129,Terra,MODIS,96,6.2,306.1,141.1,D,0
-17.2655,127.1552,315.4,1.8,1.3,2014-04-16,0129,Terra,MODIS,54,6.2,303.8,12,D,0
-16.9283,127.4739,342.9,1.7,1.3,2014-04-16,0129,Terra,MODIS,91,6.2,300.9,85.4,D,0
-16.9659,127.4181,320.8,1.7,1.3,2014-04-16,0129,Terra,MODIS,70,6.2,304.1,21.2,D,0
-17.324,126.8247,323.2,1.9,1.3,2014-04-16,0129,Terra,MODIS,57,6.2,305.7,25.1,D,0
-16.2311,125.6298,316.3,2.4,1.5,2014-04-16,0129,Terra,MODIS,46,6.2,303.6,21.4,D,0
-17.3441,126.8323,345.8,1.8,1.3,2014-04-16,0129,Terra,MODIS,92,6.2,304.8,106.4,D,0
-17.3449,126.8742,322,1.8,1.3,2014-04-16,0129,Terra,MODIS,69,6.2,304.8,23.2,D,0
-13.9606,127.3887,319.5,1.9,1.4,2014-04-16,0129,Terra,MODIS,60,6.2,303.5,14.3,D,0
-16.9558,126.6597,315.9,1.9,1.4,2014-04-16,0129,Terra,MODIS,60,6.2,302.8,16.2,D,0
-13.9484,127.3907,330.5,1.9,1.4,2014-04-16,0129,Terra,MODIS,0,6.2,303.7,45.1,D,0
-16.9615,126.6464,319.8,1.9,1.4,2014-04-16,0129,Terra,MODIS,69,6.2,302.9,25,D,0
-15.8422,130.101,324.4,1.2,1.1,2014-04-16,0129,Terra,MODIS,72,6.2,305.3,16.4,D,0
-15.9446,130.6244,331.5,1.1,1.1,2014-04-16,0129,Terra,MODIS,81,6.2,306.9,23.5,D,0
-17.2743,127.1368,326,1.8,1.3,2014-04-16,0129,Terra,MODIS,77,6.2,303.2,35.3,D,0
-15.5895,130.3757,320.4,1.2,1.1,2014-04-16,0129,Terra,MODIS,49,6.2,305,9.3,D,0
-15.5992,130.3741,322.2,1.2,1.1,2014-04-16,0129,Terra,MODIS,66,6.2,305.2,11.5,D,0
-17.143,127.3068,314.1,1.7,1.3,2014-04-16,0129,Terra,MODIS,33,6.2,299.8,9.9,D,0
-17.2304,125.713,322.8,2.2,1.5,2014-04-16,0129,Terra,MODIS,72,6.2,304.2,33.8,D,0
-17.2334,125.7194,318,2.2,1.5,2014-04-16,0129,Terra,MODIS,59,6.2,303.9,20.3,D,0
-17.3269,125.6524,314.8,2.3,1.5,2014-04-16,0129,Terra,MODIS,48,6.2,302.2,14.9,D,0
-17.0697,126.4989,314.1,2,1.4,2014-04-16,0129,Terra,MODIS,34,6.2,298.3,12.9,D,0
-16.2261,125.6251,317.8,2.4,1.5,2014-04-16,0129,Terra,MODIS,66,6.2,303.7,27.4,D,0
-13.9575,127.3951,321.4,1.9,1.4,2014-04-16,0129,Terra,MODIS,32,6.2,302.6,16.6,D,0
-15.9507,125.6828,311.8,2.4,1.5,2014-04-16,0129,Terra,MODIS,55,6.2,299.3,17.7,D,0
-15.9489,125.6982,314.9,2.4,1.5,2014-04-16,0129,Terra,MODIS,63,6.2,300.9,26.3,D,0
-16.7067,131.9252,317.5,1,1,2014-04-16,0129,Terra,MODIS,52,6.2,305.4,5.1,D,0
-17.0845,135.7891,319.9,1.3,1.1,2014-04-16,0129,Terra,MODIS,39,6.2,304.6,8.9,D,0
-15.9561,130.6058,322,1.1,1.1,2014-04-16,0129,Terra,MODIS,67,6.2,305,10.9,D,0
-15.9578,130.6162,328.4,1.1,1.1,2014-04-16,0129,Terra,MODIS,77,6.2,307.2,19.4,D,0
-15.9672,130.6147,321.8,1.1,1.1,2014-04-16,0129,Terra,MODIS,67,6.2,305.3,11.1,D,0
-15.0903,132.5702,318,1,1,2014-04-16,0129,Terra,MODIS,49,6.2,305.6,5.2,D,0
-15.0916,132.5795,328.7,1,1,2014-04-16,0129,Terra,MODIS,77,6.2,307.6,16.6,D,0
-16.0723,130.4503,316.2,1.1,1.1,2014-04-16,0129,Terra,MODIS,40,6.2,303.5,6.6,D,0
-19.1388,133.7889,324.6,1.1,1,2014-04-16,0130,Terra,MODIS,53,6.2,306.3,11.5,D,0
-19.1923,133.8326,340.8,1.1,1,2014-04-16,0130,Terra,MODIS,88,6.2,308.1,35.8,D,0
-19.1937,133.8427,325.2,1.1,1,2014-04-16,0130,Terra,MODIS,31,6.2,306.9,11,D,0
-19.1978,133.8258,321.1,1.1,1,2014-04-16,0130,Terra,MODIS,60,6.2,305,9.4,D,0
-19.1992,133.836,329.2,1.1,1,2014-04-16,0130,Terra,MODIS,77,6.2,305.6,19.3,D,0
-19.1402,133.799,328.9,1.1,1,2014-04-16,0130,Terra,MODIS,76,6.2,307.2,17.3,D,0
-19.1495,133.7976,332,1.1,1,2014-04-16,0130,Terra,MODIS,80,6.2,306.7,21.8,D,0
-18.8762,133.9504,321.2,1.1,1,2014-04-16,0130,Terra,MODIS,62,6.2,305.7,9.9,D,0
-18.879,133.9708,335.6,1.1,1,2014-04-16,0130,Terra,MODIS,84,6.2,307.1,29.2,D,0
-18.8855,133.949,332,1.1,1,2014-04-16,0130,Terra,MODIS,81,6.2,305,22.6,D,0
-18.8883,133.9695,320.9,1.1,1,2014-04-16,0130,Terra,MODIS,55,6.2,305.1,8.9,D,0
-18.8748,133.9402,323.2,1.1,1,2014-04-16,0130,Terra,MODIS,68,6.2,305.1,12.7,D,0
-18.8869,133.9592,328.9,1.1,1,2014-04-16,0130,Terra,MODIS,77,6.2,306.1,18.3,D,0
-18.3893,125.7008,352.7,2.1,1.4,2014-04-16,0130,Terra,MODIS,96,6.2,310.7,166.7,D,0
-18.3929,125.7207,330.1,2.1,1.4,2014-04-16,0130,Terra,MODIS,80,6.2,308.4,48.4,D,0
-17.8574,123.4513,316.5,3.2,1.7,2014-04-16,0130,Terra,MODIS,48,6.2,303.2,31.8,D,0
-19.9814,134.0515,334.5,1.1,1.1,2014-04-16,0130,Terra,MODIS,81,6.2,309.8,25.1,D,0
-19.98,134.041,326.1,1.1,1.1,2014-04-16,0130,Terra,MODIS,66,6.2,307.4,13.2,D,0
-19.9748,134.0741,328.1,1.1,1.1,2014-04-16,0130,Terra,MODIS,20,6.2,307.8,15.3,D,0
-19.9937,134.0713,325.2,1.1,1.1,2014-04-16,0130,Terra,MODIS,36,6.2,306.9,12.2,D,0
-20.7333,139.4742,321.5,2.6,1.5,2014-04-16,0130,Terra,MODIS,54,6.2,303.9,27.7,D,2
-17.3245,125.3559,314.5,2.4,1.5,2014-04-16,0130,Terra,MODIS,49,6.2,302.4,19.8,D,0
-33.3634,135.7631,310.5,2.1,1.4,2014-04-16,0133,Terra,MODIS,48,6.2,298.3,13.4,D,0
-33.0463,134.7215,312.3,1.7,1.3,2014-04-16,0133,Terra,MODIS,61,6.2,299.2,12.6,D,0
-33.3634,135.7564,312.3,2.1,1.4,2014-04-16,0133,Terra,MODIS,59,6.2,298.3,16.9,D,0
-34.2818,135.792,311.4,2.1,1.4,2014-04-16,0134,Terra,MODIS,63,6.2,298,13.6,D,0
-34.618,137.7014,321.8,2.8,1.6,2014-04-16,0134,Terra,MODIS,72,6.2,297.2,60,D,0
-34.6185,137.6945,324.5,2.8,1.6,2014-04-16,0134,Terra,MODIS,81,6.2,297.5,77.4,D,0
-34.6458,137.6609,325.3,2.8,1.6,2014-04-16,0134,Terra,MODIS,81,6.2,297.1,77.2,D,0
-34.6332,137.693,349.4,2.8,1.6,2014-04-16,0134,Terra,MODIS,95,6.2,299.6,250.7,D,0
-34.6311,137.6622,336.5,2.8,1.6,2014-04-16,0134,Terra,MODIS,89,6.2,298.4,143.8,D,0
-34.722,137.6798,322.6,2.8,1.6,2014-04-16,0134,Terra,MODIS,56,6.2,298.2,63.7,D,0
-34.7095,137.7128,323.1,2.9,1.6,2014-04-16,0134,Terra,MODIS,68,6.2,298,68.6,D,0
-34.6479,137.6917,337.4,2.8,1.6,2014-04-16,0134,Terra,MODIS,89,6.2,297.8,151.1,D,0
-29.816,115.6808,320.5,3.8,1.8,2014-04-16,0311,Terra,MODIS,73,6.2,305.1,63.9,D,0
-29.8947,115.4255,315.6,3.7,1.8,2014-04-16,0311,Terra,MODIS,59,6.2,304.3,39.8,D,0
-29.8212,115.6754,322.8,3.8,1.8,2014-04-16,0311,Terra,MODIS,76,6.2,304.7,82.3,D,0
-31.15,116.1281,313.4,4.3,1.9,2014-04-16,0312,Terra,MODIS,58,6.2,299.2,39,D,0
-31.4573,116.5657,318.9,4.6,2,2014-04-16,0312,Terra,MODIS,70,6.2,298.4,78.5,D,0
-31.4562,116.5608,318.9,4.6,2,2014-04-16,0312,Terra,MODIS,70,6.2,298.5,78.3,D,0
-31.1039,116.2745,313.8,4.3,1.9,2014-04-16,0312,Terra,MODIS,59,6.2,300.1,37.8,D,0
-31.1487,116.135,316,4.3,1.9,2014-04-16,0312,Terra,MODIS,65,6.2,299.4,55.9,D,0
-31.1512,116.1797,312.9,4.3,1.9,2014-04-16,0312,Terra,MODIS,55,6.2,299.7,38.4,D,0
-31.2572,116.4895,313.2,4.5,2,2014-04-16,0312,Terra,MODIS,57,6.2,300.1,38.1,D,0
-31.1523,116.1726,314.6,4.3,1.9,2014-04-16,0312,Terra,MODIS,62,6.2,299.6,48.5,D,0
-31.4547,116.518,315.5,4.5,2,2014-04-16,0312,Terra,MODIS,59,6.2,300.1,55.6,D,0
-30.8354,116.2718,324,4.3,1.9,2014-04-16,0312,Terra,MODIS,77,6.2,302.8,107.5,D,0
-30.8364,116.2642,323.5,4.3,1.9,2014-04-16,0312,Terra,MODIS,76,6.2,302.4,103.6,D,0
-31.2577,116.4946,313.9,4.5,2,2014-04-16,0312,Terra,MODIS,59,6.2,300,41.4,D,0
-42.766,146.7569,340.5,1.1,1,2014-04-16,0410,Aqua,MODIS,92,6.2,285.9,47.6,D,0
-42.7644,146.7697,340.8,1.1,1,2014-04-16,0410,Aqua,MODIS,92,6.2,284.8,48,D,0
-42.2244,147,314.8,1.1,1,2014-04-16,0410,Aqua,MODIS,57,6.2,287.3,15.4,D,0
-42.2261,146.9872,306.9,1.1,1,2014-04-16,0410,Aqua,MODIS,48,6.2,288.4,8.9,D,0
-42.8824,146.8718,307.1,1.1,1,2014-04-16,0410,Aqua,MODIS,65,6.2,287.3,10.7,D,0
-42.884,146.8587,312.2,1.1,1,2014-04-16,0410,Aqua,MODIS,72,6.2,287.2,14.7,D,0
-42.8875,146.8646,321,1.1,1,2014-04-16,0410,Aqua,MODIS,81,6.2,287.5,22.1,D,0
-37.3031,143.8831,317.7,1.2,1.1,2014-04-16,0411,Aqua,MODIS,64,6.2,292.6,19,D,0
-37.3015,143.8969,327.1,1.2,1.1,2014-04-16,0411,Aqua,MODIS,85,6.2,291.5,32.4,D,0
-37.3028,143.8898,336.4,1.2,1.1,2014-04-16,0411,Aqua,MODIS,90,6.2,293.9,48.1,D,0
-37.3013,143.9036,311.9,1.2,1.1,2014-04-16,0411,Aqua,MODIS,53,6.2,288.9,12.3,D,0
-36.9869,143.451,308.1,1.3,1.1,2014-04-16,0411,Aqua,MODIS,40,6.2,288,7.8,D,0
-37.3142,143.4238,304.9,1.3,1.1,2014-04-16,0411,Aqua,MODIS,46,6.2,281.2,7.9,D,0
-36.9754,143.1918,309.9,1.3,1.1,2014-04-16,0411,Aqua,MODIS,65,6.2,292,10.7,D,0
-37.6887,142.0084,327.4,1.5,1.2,2014-04-16,0411,Aqua,MODIS,82,6.2,290.2,43.1,D,0
-37.6908,141.9976,325.1,1.5,1.2,2014-04-16,0411,Aqua,MODIS,84,6.2,291.6,37.7,D,0
-37.8585,142.8987,304.2,1.4,1.2,2014-04-16,0411,Aqua,MODIS,58,6.2,275.7,12.7,D,0
-37.0429,140.8192,308.1,1.8,1.3,2014-04-16,0411,Aqua,MODIS,39,6.2,285,14.8,D,0
-37.0886,140.6469,315.3,1.8,1.3,2014-04-16,0411,Aqua,MODIS,69,6.2,294.9,22.6,D,0
-37.2729,140.7465,333.3,1.8,1.3,2014-04-16,0411,Aqua,MODIS,83,6.2,280.7,75.5,D,0
-37.4953,143.2415,322.3,1.3,1.1,2014-04-16,0411,Aqua,MODIS,59,6.2,291.3,25.7,D,0
-37.8379,142.9912,306.6,1.4,1.2,2014-04-16,0411,Aqua,MODIS,64,6.2,284.3,15.6,D,0
-36.7631,142.8337,337.5,1.3,1.1,2014-04-16,0411,Aqua,MODIS,90,6.2,296.7,58.3,D,0
-36.836,142.8976,315.9,1.3,1.1,2014-04-16,0411,Aqua,MODIS,55,6.2,298.8,15.2,D,0
-36.8344,142.9127,345.3,1.3,1.1,2014-04-16,0411,Aqua,MODIS,94,6.2,300.8,74.3,D,0
-37.8519,142.4354,314.5,1.5,1.2,2014-04-16,0411,Aqua,MODIS,63,6.2,279.6,20.7,D,0
-37.8536,142.4186,321.8,1.5,1.2,2014-04-16,0411,Aqua,MODIS,81,6.2,286.1,32.9,D,0
-37.7593,142.4482,364.4,1.5,1.2,2014-04-16,0411,Aqua,MODIS,0,6.2,285.6,165,D,0
-37.7485,142.4466,312.5,1.5,1.2,2014-04-16,0411,Aqua,MODIS,68,6.2,281.6,14.4,D,0
-37.5956,142.9008,317.2,1.4,1.2,2014-04-16,0411,Aqua,MODIS,75,6.2,282.3,23.8,D,0
-37.6007,142.9082,313.6,1.4,1.2,2014-04-16,0411,Aqua,MODIS,42,6.2,285,17.8,D,0
-37.5146,140.3178,335.2,1.9,1.4,2014-04-16,0411,Aqua,MODIS,89,6.2,295.5,81.2,D,0
-37.4986,140.3602,312.3,1.9,1.3,2014-04-16,0411,Aqua,MODIS,68,6.2,291.4,19.7,D,0
-37.5127,140.3398,326.1,1.9,1.4,2014-04-16,0411,Aqua,MODIS,84,6.2,294.1,51.2,D,0
-36.7326,141.8188,321.9,1.5,1.2,2014-04-16,0411,Aqua,MODIS,39,6.2,299.2,25.3,D,0
-36.8091,141.855,323.6,1.5,1.2,2014-04-16,0411,Aqua,MODIS,82,6.2,299.6,27.8,D,0
-36.8074,141.8723,352.9,1.5,1.2,2014-04-16,0411,Aqua,MODIS,97,6.2,299.4,115.1,D,0
-36.9018,141.9441,340.7,1.5,1.2,2014-04-16,0411,Aqua,MODIS,87,6.2,299.2,71.5,D,0
-36.4878,144.4272,332.2,1.1,1.1,2014-04-16,0411,Aqua,MODIS,76,6.2,295.1,34.1,D,0
-37.6257,143.2704,360.2,1.3,1.1,2014-04-16,0411,Aqua,MODIS,100,6.2,293.5,124.7,D,0
-37.5059,142.1505,309.4,1.5,1.2,2014-04-16,0411,Aqua,MODIS,65,6.2,286.4,17.5,D,0
-37.9243,143.3909,316.8,1.3,1.1,2014-04-16,0411,Aqua,MODIS,44,6.2,287.5,18.2,D,0
-37.6928,143.1951,308.9,1.3,1.1,2014-04-16,0411,Aqua,MODIS,51,6.2,281.9,12.4,D,0
-37.9524,143.0222,305.9,1.4,1.2,2014-04-16,0411,Aqua,MODIS,0,6.2,274.8,12.7,D,0
-36.8558,143.546,355.5,1.2,1.1,2014-04-16,0411,Aqua,MODIS,92,6.2,290.7,99,D,0
-36.8574,143.532,329.3,1.2,1.1,2014-04-16,0411,Aqua,MODIS,86,6.2,295.9,34.8,D,0
-37.7815,143.4153,313.2,1.3,1.1,2014-04-16,0411,Aqua,MODIS,73,6.2,293.1,15.8,D,0
-37.6241,143.2854,333.9,1.3,1.1,2014-04-16,0411,Aqua,MODIS,89,6.2,288.3,45.7,D,0
-37.6175,143.345,315.1,1.3,1.1,2014-04-16,0411,Aqua,MODIS,53,6.2,288.6,14.8,D,0
-37.6245,143.3764,316.8,1.3,1.1,2014-04-16,0411,Aqua,MODIS,45,6.2,288.8,15.7,D,0
-36.6373,144.6994,333,1.1,1.1,2014-04-16,0411,Aqua,MODIS,88,6.2,293.9,34.1,D,0
-36.6357,144.712,320.2,1.1,1.1,2014-04-16,0411,Aqua,MODIS,80,6.2,294,17,D,0
-36.6468,144.7013,345.3,1.1,1.1,2014-04-16,0411,Aqua,MODIS,94,6.2,295.6,56.9,D,0
-36.6452,144.7138,329.8,1.1,1.1,2014-04-16,0411,Aqua,MODIS,86,6.2,292.6,29.1,D,0
-36.5396,144.6755,302.1,1.1,1.1,2014-04-16,0411,Aqua,MODIS,48,6.2,283.1,5.3,D,0
-36.2004,145.3338,308.5,1.1,1,2014-04-16,0411,Aqua,MODIS,45,6.2,294.2,4.8,D,0
-37.4282,146.2418,332.3,1,1,2014-04-16,0411,Aqua,MODIS,57,6.2,287.9,31,D,0
-37.4084,146.2496,320.3,1,1,2014-04-16,0411,Aqua,MODIS,76,6.2,284,18.3,D,0
-35.798,146.9363,328.9,1,1,2014-04-16,0411,Aqua,MODIS,86,6.2,297.8,24.6,D,0
-36.2019,145.3221,339.1,1.1,1,2014-04-16,0411,Aqua,MODIS,79,6.2,295.8,41.2,D,0
-36.7278,145.1318,304.6,1.1,1,2014-04-16,0411,Aqua,MODIS,42,6.2,288,5.3,D,0
-37.007,146.0979,310.8,1,1,2014-04-16,0411,Aqua,MODIS,70,6.2,286.6,9.8,D,0
-36.8118,145.9029,323.5,1,1,2014-04-16,0411,Aqua,MODIS,82,6.2,280.1,23.9,D,0
-36.6853,144.7409,353,1.1,1,2014-04-16,0411,Aqua,MODIS,97,6.2,294.1,76.8,D,0
-36.548,146.701,302.8,1,1,2014-04-16,0411,Aqua,MODIS,35,6.2,290.1,5,D,0
-36.2238,147.5492,316.6,1,1,2014-04-16,0411,Aqua,MODIS,77,6.2,287,15.3,D,0
-36.2007,145.7464,317.8,1,1,2014-04-16,0411,Aqua,MODIS,74,6.2,296.7,11.5,D,0
-36.2419,145.7193,325,1,1,2014-04-16,0411,Aqua,MODIS,83,6.2,297.5,18.7,D,0
-36.0356,146.1501,323.5,1,1,2014-04-16,0411,Aqua,MODIS,78,6.2,292.7,19.9,D,0
-36.5485,144.9475,311.5,1.1,1,2014-04-16,0411,Aqua,MODIS,71,6.2,290.4,10.1,D,0
-36.1926,145.3202,313.1,1.1,1,2014-04-16,0411,Aqua,MODIS,67,6.2,297.8,8.6,D,0
-36.2978,145.6292,323.7,1,1,2014-04-16,0411,Aqua,MODIS,82,6.2,299.3,17.3,D,0
-36.0341,146.1613,317.8,1,1,2014-04-16,0411,Aqua,MODIS,68,6.2,292.3,14.3,D,0
-36.042,145.8429,309.3,1,1,2014-04-16,0411,Aqua,MODIS,43,6.2,287.4,7.1,D,0
-36.4474,145.8145,329.7,1,1,2014-04-16,0411,Aqua,MODIS,86,6.2,289.5,27.4,D,0
-36.1278,146.5574,304.8,1,1,2014-04-16,0411,Aqua,MODIS,48,6.2,287.1,5.4,D,0
-36.3223,145.5864,315.1,1,1,2014-04-16,0411,Aqua,MODIS,75,6.2,299.3,8.6,D,0
-36.3315,145.5883,310.8,1,1,2014-04-16,0411,Aqua,MODIS,35,6.2,297.6,4.7,D,0
-36.3207,145.5981,313.9,1,1,2014-04-16,0411,Aqua,MODIS,74,6.2,298.3,7.5,D,0
-37.0161,146.0999,309.2,1,1,2014-04-16,0411,Aqua,MODIS,68,6.2,286.1,8.2,D,0
-36.1732,145.7408,318.5,1,1,2014-04-16,0411,Aqua,MODIS,78,6.2,295.7,11.8,D,0
-36.547,144.9597,318.8,1.1,1,2014-04-16,0411,Aqua,MODIS,79,6.2,293.1,17.6,D,0
-35.8786,146.5605,307.3,1,1,2014-04-16,0411,Aqua,MODIS,65,6.2,285.1,7.6,D,0
-35.9653,146.3377,306.8,1,1,2014-04-16,0411,Aqua,MODIS,57,6.2,292.2,5.9,D,0
-36.0204,146.1932,315.9,1,1,2014-04-16,0411,Aqua,MODIS,72,6.2,290.1,12.4,D,0
-35.9248,146.2254,312.9,1,1,2014-04-16,0411,Aqua,MODIS,64,6.2,290.6,10.3,D,0
-36.0189,146.2045,334.3,1,1,2014-04-16,0411,Aqua,MODIS,89,6.2,292.1,33.4,D,0
-36.2435,145.7078,328,1,1,2014-04-16,0411,Aqua,MODIS,85,6.2,298.7,22.4,D,0
-35.601,150.2284,326.2,1.2,1.1,2014-04-16,0411,Aqua,MODIS,84,6.2,292.3,29.9,D,0
-38.4716,145.6663,301.9,1.1,1,2014-04-16,0411,Aqua,MODIS,50,6.2,289.4,4.4,D,0
-38.1897,144.0167,304.6,1.2,1.1,2014-04-16,0411,Aqua,MODIS,56,6.2,282.3,8.9,D,0
-38.1585,144.1114,309.5,1.2,1.1,2014-04-16,0411,Aqua,MODIS,60,6.2,286.2,12.8,D,0
-38.1445,143.9653,306.8,1.2,1.1,2014-04-16,0411,Aqua,MODIS,64,6.2,284.1,11.1,D,0
-35.629,148.1395,337.6,1,1,2014-04-16,0411,Aqua,MODIS,79,6.2,286,41.4,D,0
-35.6308,148.1283,341,1,1,2014-04-16,0411,Aqua,MODIS,92,6.2,294.6,47.5,D,0
-36.7582,144.0446,302.6,1.2,1.1,2014-04-16,0411,Aqua,MODIS,42,6.2,282.8,8.1,D,0
-36.7567,144.0579,308.2,1.2,1.1,2014-04-16,0411,Aqua,MODIS,45,6.2,287,11.9,D,0
-34.731,140.9596,317,1.6,1.3,2014-04-16,0412,Aqua,MODIS,69,6.2,298,17.8,D,0
-36.0005,142.4583,306.3,1.4,1.2,2014-04-16,0412,Aqua,MODIS,32,6.2,289.7,8.3,D,0
-34.6494,137.7966,323.1,2.6,1.5,2014-04-16,0412,Aqua,MODIS,77,6.2,298.9,58.4,D,0
-33.6229,135.6845,315.6,3.4,1.7,2014-04-16,0412,Aqua,MODIS,66,6.2,298.6,40.4,D,0
-33.3669,135.7604,312.8,3.4,1.7,2014-04-16,0412,Aqua,MODIS,59,6.2,298,31.7,D,0
-35.5247,147.1033,324.1,1,1,2014-04-16,0412,Aqua,MODIS,83,6.2,294,19.6,D,0
-34.0124,138.0764,313.7,2.4,1.5,2014-04-16,0412,Aqua,MODIS,62,6.2,298.7,20.9,D,0
-34.589,137.5792,311.1,2.7,1.6,2014-04-16,0412,Aqua,MODIS,56,6.2,298.4,17.6,D,0
-34.3759,146.9093,339.6,1,1,2014-04-16,0412,Aqua,MODIS,90,6.2,296,38.6,D,0
-35.6172,146.52,327.7,1,1,2014-04-16,0412,Aqua,MODIS,64,6.2,287.4,22.6,D,0
-34.59,147.5742,330.7,1,1,2014-04-16,0412,Aqua,MODIS,86,6.2,291.6,28.9,D,0
-33.6148,135.6797,318,3.4,1.7,2014-04-16,0412,Aqua,MODIS,71,6.2,298.6,50,D,0
-35.1249,147.0762,325.9,1,1,2014-04-16,0412,Aqua,MODIS,83,6.2,284.8,21.2,D,0
-32.9299,147.2108,323.9,1,1,2014-04-16,0412,Aqua,MODIS,79,6.2,301.1,16.6,D,0
-34.1189,137.6776,313.8,2.6,1.5,2014-04-16,0412,Aqua,MODIS,62,6.2,301.3,18.7,D,0
-35.3857,147.0492,313.2,1,1,2014-04-16,0412,Aqua,MODIS,71,6.2,294.6,9.6,D,0
-33.833,146.204,312.4,1,1,2014-04-16,0412,Aqua,MODIS,48,6.2,296.4,7.5,D,0
-35.3006,146.8775,308.5,1,1,2014-04-16,0412,Aqua,MODIS,52,6.2,290.3,5.2,D,0
-33.3066,146.5415,313.5,1,1,2014-04-16,0412,Aqua,MODIS,62,6.2,297.9,6.4,D,0
-35.1233,147.0872,371.6,1,1,2014-04-16,0412,Aqua,MODIS,94,6.2,287.5,118.9,D,0
-35.7377,146.1213,310,1,1,2014-04-16,0412,Aqua,MODIS,38,6.2,281.4,8.5,D,0
-35.0549,147.2992,323.1,1,1,2014-04-16,0412,Aqua,MODIS,81,6.2,295.7,17.7,D,0
-35.3217,146.8594,313.5,1,1,2014-04-16,0412,Aqua,MODIS,45,6.2,296.4,8.8,D,0
-34.4246,135.7259,311.2,3.5,1.8,2014-04-16,0412,Aqua,MODIS,56,6.2,296,32.2,D,0
-35.9439,145.6044,317.1,1,1,2014-04-16,0412,Aqua,MODIS,77,6.2,298.8,12.1,D,0
-34.4273,135.9551,313.2,3.4,1.7,2014-04-16,0412,Aqua,MODIS,44,6.2,296.3,40.1,D,0
-35.2558,147.1854,345.9,1,1,2014-04-16,0412,Aqua,MODIS,89,6.2,293.9,51,D,0
-35.8405,145.5545,311.5,1,1,2014-04-16,0412,Aqua,MODIS,71,6.2,295.2,8.7,D,0
-34.8101,147.2713,340.3,1,1,2014-04-16,0412,Aqua,MODIS,91,6.2,299.1,40.6,D,0
-34.5272,138.735,317.8,2.2,1.4,2014-04-16,0412,Aqua,MODIS,71,6.2,298.7,32.3,D,0
-35.7271,146.1306,332.9,1,1,2014-04-16,0412,Aqua,MODIS,76,6.2,281.5,31.1,D,0
-34.5242,138.7414,314.9,2.2,1.4,2014-04-16,0412,Aqua,MODIS,65,6.2,298.8,22.8,D,0
-34.3775,146.8984,333.3,1,1,2014-04-16,0412,Aqua,MODIS,87,6.2,295.8,29,D,0
-35.0565,147.2881,311.3,1,1,2014-04-16,0412,Aqua,MODIS,68,6.2,295.5,7.2,D,0
-35.6188,146.5089,314.8,1,1,2014-04-16,0412,Aqua,MODIS,36,6.2,285.3,9.5,D,0
-34.5883,147.5853,316.1,1,1,2014-04-16,0412,Aqua,MODIS,55,6.2,287.9,12.7,D,0
-35.4735,147.0183,328.7,1,1,2014-04-16,0412,Aqua,MODIS,85,6.2,296,25.7,D,0
-34.5313,146.4654,323.7,1,1,2014-04-16,0412,Aqua,MODIS,79,6.2,294.4,17.6,D,0
-35.3217,147.4221,306.4,1,1,2014-04-16,0412,Aqua,MODIS,42,6.2,294,5.4,D,0
-34.3849,146.9112,308.4,1,1,2014-04-16,0412,Aqua,MODIS,36,6.2,295.1,4.2,D,0
-35.372,146.8873,331.8,1,1,2014-04-16,0412,Aqua,MODIS,87,6.2,293.9,27.9,D,0
-34.1841,138.4781,315.6,2.3,1.5,2014-04-16,0412,Aqua,MODIS,66,6.2,300.5,22.9,D,0
-35.1323,147.0892,311.6,1,1,2014-04-16,0412,Aqua,MODIS,39,6.2,284.3,8.2,D,0
-35.8674,146.3104,328.4,1,1,2014-04-16,0412,Aqua,MODIS,86,6.2,279.4,28.5,D,0
-33.8345,146.1932,333,1,1,2014-04-16,0412,Aqua,MODIS,86,6.2,299.7,28.9,D,0
-35.7301,146.1082,327.2,1,1,2014-04-16,0412,Aqua,MODIS,80,6.2,285,24,D,0
-35.9454,145.5929,310.8,1,1,2014-04-16,0412,Aqua,MODIS,70,6.2,296.9,6.8,D,0
-34.1669,137.6585,324.4,2.6,1.5,2014-04-16,0412,Aqua,MODIS,78,6.2,301.4,59.7,D,0
-35.6142,146.8042,347.3,1,1,2014-04-16,0412,Aqua,MODIS,95,6.2,298.8,53.5,D,0
-34.6278,147.1961,312.3,1,1,2014-04-16,0412,Aqua,MODIS,51,6.2,290.8,7.9,D,0
-35.1042,146.5108,316,1,1,2014-04-16,0412,Aqua,MODIS,73,6.2,295.6,10.3,D,0
-33.6252,135.6463,314.9,3.5,1.8,2014-04-16,0412,Aqua,MODIS,65,6.2,298.2,39.2,D,0
-35.6244,147.6754,325.6,1,1,2014-04-16,0412,Aqua,MODIS,84,6.2,294.3,23.1,D,0
-33.7416,135.893,320.6,3.4,1.7,2014-04-16,0412,Aqua,MODIS,54,6.2,299.4,61.4,D,0
-35.7927,146.3924,301.5,1,1,2014-04-16,0412,Aqua,MODIS,48,6.2,275.1,6.2,D,0
-33.4848,146.8357,314,1,1,2014-04-16,0412,Aqua,MODIS,57,6.2,298.2,5.7,D,0
-33.7301,135.9252,315.6,3.3,1.7,2014-04-16,0412,Aqua,MODIS,66,6.2,298.9,41.4,D,0
-34.4251,135.9916,319.4,3.4,1.7,2014-04-16,0412,Aqua,MODIS,73,6.2,296.7,69.6,D,0
-33.2201,138.3048,310.2,2.3,1.5,2014-04-16,0412,Aqua,MODIS,37,6.2,297.9,15.1,D,0
-34.5974,147.5873,325,1,1,2014-04-16,0412,Aqua,MODIS,72,6.2,288.3,21.4,D,0
-33.8255,146.1913,311.7,1,1,2014-04-16,0412,Aqua,MODIS,41,6.2,296,6.7,D,0
-35.839,145.566,307.9,1,1,2014-04-16,0412,Aqua,MODIS,64,6.2,292.9,5.8,D,0
-35.4485,147.1265,312.7,1,1,2014-04-16,0412,Aqua,MODIS,71,6.2,294.3,9.8,D,0
-34.5239,146.9649,320.8,1,1,2014-04-16,0412,Aqua,MODIS,67,6.2,297.6,14.5,D,0
-33.2795,135.1629,308.5,3.7,1.8,2014-04-16,0412,Aqua,MODIS,18,6.2,296.2,27.3,D,0
-34.1774,137.655,324.6,2.6,1.5,2014-04-16,0412,Aqua,MODIS,78,6.2,301,61.7,D,0
-35.0916,145.877,311.7,1,1,2014-04-16,0412,Aqua,MODIS,58,6.2,296,7.1,D,0
-34.1862,138.4967,328.4,2.3,1.5,2014-04-16,0412,Aqua,MODIS,82,6.2,300.6,67.3,D,0
-34.9632,146.5994,321,1,1,2014-04-16,0412,Aqua,MODIS,78,6.2,296.5,13.6,D,0
-33.3082,146.5307,309.9,1,1,2014-04-16,0412,Aqua,MODIS,44,6.2,296.9,3.9,D,0
-34.1822,138.5034,327.6,2.3,1.5,2014-04-16,0412,Aqua,MODIS,81,6.2,300.5,64.1,D,0
-35.2574,147.1744,316.4,1,1,2014-04-16,0412,Aqua,MODIS,63,6.2,295.1,11.1,D,0
-35.7286,146.1194,388.9,1,1,2014-04-16,0412,Aqua,MODIS,94,6.2,295.6,194.6,D,0
-34.21,147.2153,318.4,1,1,2014-04-16,0412,Aqua,MODIS,72,6.2,294.5,11.8,D,0
-33.8233,146.4022,316.1,1,1,2014-04-16,0412,Aqua,MODIS,69,6.2,302.8,7.4,D,0
-33.6912,138.3878,312.5,2.3,1.5,2014-04-16,0412,Aqua,MODIS,57,6.2,299.8,17.7,D,0
-35.4751,147.0073,324.7,1,1,2014-04-16,0412,Aqua,MODIS,78,6.2,295.7,20.7,D,0
-33.7324,135.8886,322.8,3.4,1.7,2014-04-16,0412,Aqua,MODIS,77,6.2,299.4,79.9,D,0
-35.3735,146.8763,348.5,1,1,2014-04-16,0412,Aqua,MODIS,95,6.2,298.2,55.7,D,0
-35.6158,146.7932,329.7,1,1,2014-04-16,0412,Aqua,MODIS,86,6.2,299,25.1,D,0
-32.9316,147.1999,317.2,1,1,2014-04-16,0412,Aqua,MODIS,72,6.2,300,10.1,D,0
-34.9528,147.6118,336.3,1,1,2014-04-16,0412,Aqua,MODIS,84,6.2,290.7,36.3,D,0
-35.5231,147.1143,333.6,1,1,2014-04-16,0412,Aqua,MODIS,88,6.2,294.8,31.7,D,0
-35.7585,146.6368,302,1,1,2014-04-16,0412,Aqua,MODIS,30,6.2,287,3.3,D,0
-34.2035,147.2085,330.9,1,1,2014-04-16,0412,Aqua,MODIS,85,6.2,296.8,25.5,D,0
-34.1869,137.7753,312.7,2.5,1.5,2014-04-16,0412,Aqua,MODIS,59,6.2,298.9,19.5,D,0
-35.385,146.7312,313.1,1,1,2014-04-16,0412,Aqua,MODIS,60,6.2,296.3,7.8,D,0
-35.8659,146.3216,303.1,1,1,2014-04-16,0412,Aqua,MODIS,55,6.2,274.8,6.5,D,0
-35.6228,147.6865,320.8,1,1,2014-04-16,0412,Aqua,MODIS,80,6.2,293.3,18,D,0
-34.1752,137.684,319.9,2.6,1.5,2014-04-16,0412,Aqua,MODIS,73,6.2,298.9,41.7,D,0
-35.6263,146.522,315.5,1,1,2014-04-16,0412,Aqua,MODIS,56,6.2,286.9,11.1,D,0
-34.9185,146.7816,314.7,1,1,2014-04-16,0412,Aqua,MODIS,21,6.2,299.2,7.1,D,0
-34.3885,145.9741,313.1,1,1,2014-04-16,0412,Aqua,MODIS,32,6.2,301.2,5,D,0
-33.6172,135.6415,314.3,3.5,1.8,2014-04-16,0412,Aqua,MODIS,39,6.2,298.6,33.5,D,0
-34.181,137.6601,315.6,2.6,1.5,2014-04-16,0412,Aqua,MODIS,32,6.2,300.4,23.6,D,0
-34.6427,147.7764,318.4,1,1,2014-04-16,0412,Aqua,MODIS,77,6.2,280.3,16.9,D,0
-34.6336,147.7744,305.3,1,1,2014-04-16,0412,Aqua,MODIS,33,6.2,277.1,6.3,D,0
-36.1157,141.7535,376.8,1.5,1.2,2014-04-16,0412,Aqua,MODIS,100,6.2,292.2,243.2,D,0
-35.7813,142.036,371.9,1.4,1.2,2014-04-16,0412,Aqua,MODIS,100,6.2,302,200.8,D,0
-36.1567,141.7993,337,1.5,1.2,2014-04-16,0412,Aqua,MODIS,64,6.2,292.4,60.1,D,0
-35.781,142.0142,319.2,1.4,1.2,2014-04-16,0412,Aqua,MODIS,53,6.2,301,20.5,D,0
-35.6141,139.6069,324.2,2,1.4,2014-04-16,0412,Aqua,MODIS,80,6.2,302.8,43.4,D,0
-36.3508,140.4716,318.1,1.8,1.3,2014-04-16,0412,Aqua,MODIS,27,6.2,298.6,18.4,D,0
-36.1174,141.7365,366.7,1.5,1.2,2014-04-16,0412,Aqua,MODIS,100,6.2,297.4,178.8,D,0
-36.1268,141.7552,315.9,1.5,1.2,2014-04-16,0412,Aqua,MODIS,33,6.2,280.3,10.8,D,0
-35.1214,138.6968,319.9,2.3,1.5,2014-04-16,0412,Aqua,MODIS,74,6.2,291.8,51,D,0
-35.7829,142.0199,354.2,1.4,1.2,2014-04-16,0412,Aqua,MODIS,97,6.2,302.2,114.3,D,0
-35.7721,142.0182,327.4,1.4,1.2,2014-04-16,0412,Aqua,MODIS,82,6.2,299.4,35.5,D,0
-35.7776,142.0464,328.5,1.4,1.2,2014-04-16,0412,Aqua,MODIS,83,6.2,297.4,34.1,D,0
-35.7793,142.0303,375.9,1.4,1.2,2014-04-16,0412,Aqua,MODIS,100,6.2,305.9,226.3,D,0
-35.7705,142.0344,343,1.4,1.2,2014-04-16,0412,Aqua,MODIS,92,6.2,300.8,73.9,D,0
-35.6121,139.6297,328.2,2,1.4,2014-04-16,0412,Aqua,MODIS,83,6.2,303.4,55,D,0
-34.0537,148.2873,314.2,1.1,1,2014-04-16,0412,Aqua,MODIS,60,6.2,294.2,9.7,D,0
-35.0038,147.8259,326.9,1,1,2014-04-16,0412,Aqua,MODIS,84,6.2,298.1,21.9,D,0
-34.5416,148.1249,345.4,1,1,2014-04-16,0412,Aqua,MODIS,94,6.2,295.3,53.6,D,0
-34.4318,148.3524,309.2,1.1,1,2014-04-16,0412,Aqua,MODIS,67,6.2,295.1,7.5,D,0
-34.6544,148.11,321.9,1,1,2014-04-16,0412,Aqua,MODIS,80,6.2,297.7,17.3,D,0
-34.5433,148.1136,305.9,1,1,2014-04-16,0412,Aqua,MODIS,26,6.2,292.1,4,D,0
-34.7071,148.0756,322.8,1,1,2014-04-16,0412,Aqua,MODIS,81,6.2,296.2,19.2,D,0
-33.8343,148.2306,308.6,1.1,1,2014-04-16,0412,Aqua,MODIS,61,6.2,295.3,6.3,D,0
-34.0628,148.2302,310.9,1.1,1,2014-04-16,0412,Aqua,MODIS,45,6.2,297.9,5.9,D,0
-33.2226,148.1295,322.2,1.1,1,2014-04-16,0412,Aqua,MODIS,79,6.2,299.7,16.8,D,0
-34.0011,148.2223,329.4,1.1,1,2014-04-16,0412,Aqua,MODIS,83,6.2,297.5,24.2,D,0
-34.0029,148.2109,348.3,1.1,1,2014-04-16,0412,Aqua,MODIS,95,6.2,300.7,57.2,D,0
-33.9918,148.2201,335.3,1.1,1,2014-04-16,0412,Aqua,MODIS,88,6.2,296.6,33.9,D,0
-33.9937,148.2087,321,1.1,1,2014-04-16,0412,Aqua,MODIS,73,6.2,295.4,14.7,D,0
-33.6988,147.9175,325.8,1,1,2014-04-16,0412,Aqua,MODIS,82,6.2,299.3,21.6,D,0
-33.7006,147.9062,311.4,1,1,2014-04-16,0412,Aqua,MODIS,66,6.2,298.6,7.3,D,0
-33.632,148.6703,315.2,1.1,1,2014-04-16,0412,Aqua,MODIS,69,6.2,298.4,10.2,D,0
-33.6339,148.6586,320.6,1.1,1,2014-04-16,0412,Aqua,MODIS,79,6.2,298.6,15.4,D,0
-33.6245,148.6564,313.5,1.1,1,2014-04-16,0412,Aqua,MODIS,43,6.2,296.4,7.4,D,0
-33.9872,147.8383,317.5,1,1,2014-04-16,0412,Aqua,MODIS,72,6.2,296.6,11.5,D,0
-33.9889,147.8271,327.6,1,1,2014-04-16,0412,Aqua,MODIS,83,6.2,295.1,22.3,D,0
-34.4866,147.9425,302.7,1,1,2014-04-16,0412,Aqua,MODIS,37,6.2,288.9,4.1,D,0
-35.269,148.5574,363.3,1.1,1,2014-04-16,0412,Aqua,MODIS,100,6.2,294.4,103.3,D,0
-35.2709,148.5458,357.6,1.1,1,2014-04-16,0412,Aqua,MODIS,99,6.2,295.7,86.5,D,0
-33.6208,148.1104,329.1,1.1,1,2014-04-16,0412,Aqua,MODIS,85,6.2,297.9,24.5,D,0
-33.7523,148.7426,310.4,1.1,1,2014-04-16,0412,Aqua,MODIS,67,6.2,295.8,7.7,D,0
-33.9476,148.6176,315.1,1.1,1,2014-04-16,0412,Aqua,MODIS,72,6.2,296.8,10.8,D,0
-33.9494,148.6059,309.6,1.1,1,2014-04-16,0412,Aqua,MODIS,64,6.2,296.6,5.9,D,0
-33.0641,136.2871,313.1,3.1,1.7,2014-04-16,0413,Aqua,MODIS,58,6.2,298.4,26.7,D,0
-29.8363,148.2108,324.3,1.2,1.1,2014-04-16,0413,Aqua,MODIS,32,6.2,305.3,12.3,D,0
-33.0664,136.2526,320.9,3.1,1.7,2014-04-16,0413,Aqua,MODIS,74,6.2,300.6,61.7,D,0
-27.7328,153.2251,312.9,2.6,1.6,2014-04-16,0413,Aqua,MODIS,63,6.2,298.1,26.4,D,0
-31.5528,147.82,312.1,1.1,1,2014-04-16,0413,Aqua,MODIS,55,6.2,296,8.6,D,0
-29.1646,150.3303,318.2,1.6,1.2,2014-04-16,0413,Aqua,MODIS,71,6.2,304.7,11.9,D,0
-29.3949,145.2265,318.8,1,1,2014-04-16,0413,Aqua,MODIS,51,6.2,305.4,6.5,D,0
-28.1143,151.4496,353.7,1.9,1.4,2014-04-16,0413,Aqua,MODIS,84,6.2,291.6,178.8,D,0
-26.4297,147.4683,326,1.2,1.1,2014-04-16,0414,Aqua,MODIS,70,6.2,301.6,17.9,D,0
-26.42,147.4662,323.1,1.2,1.1,2014-04-16,0414,Aqua,MODIS,67,6.2,300.5,15.7,D,0
-26.4182,147.4724,316.1,1.2,1.1,2014-04-16,0414,Aqua,MODIS,27,6.2,300.5,7.8,D,0
-25.8177,145.2878,321.8,1,1,2014-04-16,0414,Aqua,MODIS,54,6.2,310,5.9,D,0
-27.0557,149.0493,345.7,1.4,1.2,2014-04-16,0414,Aqua,MODIS,93,6.2,300.3,79.8,D,0
-26.4209,147.7042,330.5,1.2,1.1,2014-04-16,0414,Aqua,MODIS,82,6.2,305.4,27.4,D,0
-27.0689,149.0577,322.3,1.4,1.2,2014-04-16,0414,Aqua,MODIS,75,6.2,299.9,22.3,D,0
-19.1463,133.7871,319.4,3.2,1.7,2014-04-16,0416,Aqua,MODIS,54,6.2,304.7,32.6,D,0
-18.8905,133.9319,318.2,3.1,1.7,2014-04-16,0416,Aqua,MODIS,23,6.2,302.7,28.3,D,0
-18.8893,133.9543,318.5,3.1,1.7,2014-04-16,0416,Aqua,MODIS,50,6.2,303.7,32,D,0
-18.8742,133.9528,340.2,3.1,1.7,2014-04-16,0416,Aqua,MODIS,88,6.2,303.4,176.6,D,0
-20.7355,139.4766,329.5,1.3,1.1,2014-04-16,0416,Aqua,MODIS,65,6.2,312.4,16.5,D,2
-16.5098,137.3526,330.6,1.6,1.2,2014-04-16,0417,Aqua,MODIS,79,6.2,304.4,31.8,D,0
-16.521,137.3539,323.1,1.6,1.2,2014-04-16,0417,Aqua,MODIS,56,6.2,305.5,13.9,D,0
-13.9286,131.5285,320.3,4.1,1.9,2014-04-16,0418,Aqua,MODIS,72,6.2,301.1,76.2,D,0
-13.9329,131.5367,320.9,4.1,1.9,2014-04-16,0418,Aqua,MODIS,73,6.2,301.1,79.7,D,0
-32.7775,117.5797,321.7,1.3,1.1,2014-04-16,0551,Aqua,MODIS,67,6.2,305.2,12.3,D,0
-34.5108,118.7162,336.7,1.2,1.1,2014-04-16,0551,Aqua,MODIS,88,6.2,306.2,40.2,D,0
-34.5093,118.7292,348.1,1.2,1.1,2014-04-16,0551,Aqua,MODIS,94,6.2,303.7,66.7,D,0
-32.6331,117.4318,322.4,1.3,1.1,2014-04-16,0551,Aqua,MODIS,53,6.2,306.1,13.1,D,0
-32.6315,117.4241,323.2,1.3,1.1,2014-04-16,0551,Aqua,MODIS,62,6.2,306.3,14.3,D,0
-32.319,117.7709,325.9,1.2,1.1,2014-04-16,0551,Aqua,MODIS,70,6.2,307.7,15.5,D,0
-32.514,119.4262,322.1,1.1,1,2014-04-16,0551,Aqua,MODIS,68,6.2,308.1,9.1,D,0
-32.5126,119.4377,319.2,1.1,1,2014-04-16,0551,Aqua,MODIS,61,6.2,307.1,5.7,D,0
-32.6745,117.1258,331.7,1.4,1.2,2014-04-16,0551,Aqua,MODIS,82,6.2,305.5,33.2,D,0
-32.6031,118.0368,324.4,1.2,1.1,2014-04-16,0551,Aqua,MODIS,73,6.2,306.3,14.1,D,0
-32.6016,118.0498,346.9,1.2,1.1,2014-04-16,0551,Aqua,MODIS,93,6.2,308.9,58.6,D,0
-32.7351,119.5018,340.6,1.1,1,2014-04-16,0551,Aqua,MODIS,89,6.2,311.6,35.7,D,0
-32.7337,119.5133,350.1,1.1,1,2014-04-16,0551,Aqua,MODIS,95,6.2,312.8,55.1,D,0
-32.7445,119.5035,344.4,1.1,1,2014-04-16,0551,Aqua,MODIS,91,6.2,312.2,42.9,D,0
-32.6245,118.0271,326.7,1.2,1.1,2014-04-16,0551,Aqua,MODIS,76,6.2,306.4,17.6,D,0
-32.3354,117.4655,322.9,1.3,1.1,2014-04-16,0551,Aqua,MODIS,69,6.2,307.8,13.2,D,0
-32.743,119.515,345.9,1.1,1,2014-04-16,0551,Aqua,MODIS,92,6.2,310.1,45.8,D,0
-32.3537,118.082,326.4,1.2,1.1,2014-04-16,0551,Aqua,MODIS,0,6.2,307.5,18.1,D,0
-32.3522,118.0948,330.8,1.2,1.1,2014-04-16,0551,Aqua,MODIS,0,6.2,307.7,24.7,D,0
-32.4485,116.983,320.3,1.4,1.2,2014-04-16,0551,Aqua,MODIS,64,6.2,306.8,11.3,D,0
-32.7511,119.4997,324.3,1.1,1,2014-04-16,0551,Aqua,MODIS,73,6.2,309.6,11.3,D,0
-32.7497,119.5111,337,1.1,1,2014-04-16,0551,Aqua,MODIS,86,6.2,308.5,29.9,D,0
-32.7673,117.578,320.8,1.3,1.1,2014-04-16,0551,Aqua,MODIS,41,6.2,305.8,10.5,D,0
-32.2325,117.9122,320.3,1.2,1.1,2014-04-16,0551,Aqua,MODIS,64,6.2,306.1,10.8,D,0
-32.231,117.9251,319.1,1.2,1.1,2014-04-16,0551,Aqua,MODIS,61,6.2,305.8,9,D,0
-34.5512,118.4544,316,1.2,1.1,2014-04-16,0551,Aqua,MODIS,40,6.2,303.3,9.1,D,0
-34.5497,118.4678,325.5,1.2,1.1,2014-04-16,0551,Aqua,MODIS,79,6.2,303.5,21.5,D,0
-32.7791,117.5659,324.4,1.3,1.1,2014-04-16,0551,Aqua,MODIS,73,6.2,306.4,16.1,D,0
-32.3209,117.7658,324.3,1.2,1.1,2014-04-16,0551,Aqua,MODIS,65,6.2,307.7,12.7,D,0
-32.776,117.4095,318.1,1.3,1.1,2014-04-16,0551,Aqua,MODIS,59,6.2,305.7,9,D,0
-32.8946,117.5114,323.5,1.3,1.1,2014-04-16,0551,Aqua,MODIS,59,6.2,304.1,14,D,0
-33.1029,117.5567,322.3,1.3,1.1,2014-04-16,0551,Aqua,MODIS,71,6.2,303,16.3,D,0
-33.1014,117.5708,322.2,1.3,1.1,2014-04-16,0551,Aqua,MODIS,71,6.2,302.6,16,D,0
-33.1006,117.67,314.7,1.3,1.1,2014-04-16,0551,Aqua,MODIS,36,6.2,303,7.4,D,0
-34.1863,117.397,319.8,1.4,1.2,2014-04-16,0551,Aqua,MODIS,70,6.2,300.6,15.2,D,0
-34.1801,117.4013,314.6,1.4,1.2,2014-04-16,0551,Aqua,MODIS,57,6.2,300.5,7.9,D,0
-33.429,119.9992,318.1,1,1,2014-04-16,0551,Aqua,MODIS,61,6.2,304.9,6.7,D,0
-33.4197,119.9975,320.8,1,1,2014-04-16,0551,Aqua,MODIS,71,6.2,305.2,9.6,D,0
-34.2401,117.7234,318.2,1.3,1.1,2014-04-16,0551,Aqua,MODIS,0,6.2,303.3,10.5,D,0
-32.9757,118.2289,333.5,1.2,1.1,2014-04-16,0551,Aqua,MODIS,84,6.2,306,31.7,D,0
-32.9772,118.2159,325.5,1.2,1.1,2014-04-16,0551,Aqua,MODIS,75,6.2,305.7,18.1,D,0
-33.291,116.7652,324.5,1.4,1.2,2014-04-16,0551,Aqua,MODIS,76,6.2,301.1,24.4,D,0
-34.1925,117.7744,316.9,1.3,1.1,2014-04-16,0551,Aqua,MODIS,64,6.2,304.3,8.5,D,0
-34.1822,117.7727,319.1,1.3,1.1,2014-04-16,0551,Aqua,MODIS,69,6.2,304.7,11.5,D,0
-33.019,116.955,320.1,1.4,1.2,2014-04-16,0551,Aqua,MODIS,67,6.2,303.7,13.8,D,0
-33.9356,117.2399,314.9,1.4,1.2,2014-04-16,0551,Aqua,MODIS,59,6.2,297,9.5,D,0
-33.0813,117.316,322,1.3,1.1,2014-04-16,0551,Aqua,MODIS,71,6.2,305,15.4,D,0
-34.2678,117.1836,316.3,1.4,1.2,2014-04-16,0551,Aqua,MODIS,62,6.2,302.1,11.3,D,0
-32.8961,117.4975,320.7,1.3,1.1,2014-04-16,0551,Aqua,MODIS,23,6.2,304.9,11.2,D,0
-32.93,117.4743,318.9,1.3,1.1,2014-04-16,0551,Aqua,MODIS,64,6.2,305.2,10.5,D,0
-33.8393,120.1699,328,1,1,2014-04-16,0551,Aqua,MODIS,80,6.2,302.5,20.9,D,0
-33.8408,120.1586,340,1,1,2014-04-16,0551,Aqua,MODIS,90,6.2,304.2,39.4,D,0
-33.7306,116.796,322.3,1.5,1.2,2014-04-16,0551,Aqua,MODIS,74,6.2,303.5,21.5,D,0
-33.5342,118.0487,319.1,1.2,1.1,2014-04-16,0551,Aqua,MODIS,67,6.2,305.5,10.5,D,0
-33.2752,117.7377,333.5,1.3,1.1,2014-04-16,0551,Aqua,MODIS,84,6.2,306.3,33.4,D,0
-33.2736,117.7515,319.4,1.3,1.1,2014-04-16,0551,Aqua,MODIS,67,6.2,305.4,10.2,D,0
-33.3066,118.3476,333.4,1.2,1.1,2014-04-16,0551,Aqua,MODIS,84,6.2,305.8,31.2,D,0
-33.3081,118.3347,329.7,1.2,1.1,2014-04-16,0551,Aqua,MODIS,80,6.2,306.3,24.4,D,0
-33.2982,118.1602,322.9,1.2,1.1,2014-04-16,0551,Aqua,MODIS,73,6.2,304.5,14.8,D,0
-32.8787,119.5868,323.9,1.1,1,2014-04-16,0551,Aqua,MODIS,66,6.2,308.4,10.3,D,0
-32.8772,119.5982,321.6,1.1,1,2014-04-16,0551,Aqua,MODIS,44,6.2,308,8.2,D,0
-33.2998,118.1469,320.8,1.2,1.1,2014-04-16,0551,Aqua,MODIS,69,6.2,305.8,12,D,0
-33.279,117.9741,342,1.2,1.1,2014-04-16,0551,Aqua,MODIS,90,6.2,306.8,51.1,D,0
-33.2805,117.9608,343.6,1.2,1.1,2014-04-16,0551,Aqua,MODIS,91,6.2,307.7,55.1,D,0
-31.6639,116.3688,318.9,1.5,1.2,2014-04-16,0552,Aqua,MODIS,44,6.2,306.5,10.2,D,0
-31.4966,116.6382,344.3,1.4,1.2,2014-04-16,0552,Aqua,MODIS,90,6.2,309,61.7,D,0
-32.0248,118.7196,321.8,1.1,1.1,2014-04-16,0552,Aqua,MODIS,62,6.2,309.3,6.9,D,0
-32.0145,117.9496,326.7,1.2,1.1,2014-04-16,0552,Aqua,MODIS,74,6.2,310.9,14.6,D,0
-32.0259,117.9384,334.5,1.2,1.1,2014-04-16,0552,Aqua,MODIS,83,6.2,310.5,27.4,D,0
-32.0244,117.9512,357.9,1.2,1.1,2014-04-16,0552,Aqua,MODIS,99,6.2,312.1,87.6,D,0
-32.0028,118.1293,328.6,1.2,1.1,2014-04-16,0552,Aqua,MODIS,77,6.2,311.2,18.5,D,0
-31.6623,116.3843,321.1,1.5,1.2,2014-04-16,0552,Aqua,MODIS,58,6.2,308.3,12.7,D,0
-31.9395,117.0305,320.8,1.3,1.1,2014-04-16,0552,Aqua,MODIS,60,6.2,308.1,9.3,D,0
-31.8763,116.8833,331.7,1.4,1.2,2014-04-16,0552,Aqua,MODIS,80,6.2,308.9,26.8,D,0
-32.016,117.9368,323,1.2,1.1,2014-04-16,0552,Aqua,MODIS,68,6.2,310.5,9.4,D,0
-32.0246,117.958,337,1.2,1.1,2014-04-16,0552,Aqua,MODIS,86,6.2,310,32.6,D,0
-31.8779,116.8689,333,1.4,1.2,2014-04-16,0552,Aqua,MODIS,81,6.2,309.1,30,D,0
-31.4983,116.6233,334,1.4,1.2,2014-04-16,0552,Aqua,MODIS,82,6.2,310.5,35.3,D,0
-31.8823,116.875,325.5,1.4,1.2,2014-04-16,0552,Aqua,MODIS,72,6.2,308.3,16.4,D,0
-31.7418,116.8858,324.9,1.4,1.2,2014-04-16,0552,Aqua,MODIS,69,6.2,309.3,15.1,D,0
-31.4574,116.6023,322.9,1.4,1.2,2014-04-16,0552,Aqua,MODIS,63,6.2,307.7,13.3,D,0
-31.7162,116.3927,318.3,1.5,1.2,2014-04-16,0552,Aqua,MODIS,32,6.2,304.6,13.4,D,0
-32.0223,118.7139,323.7,1.1,1.1,2014-04-16,0552,Aqua,MODIS,67,6.2,309.4,9.9,D,0
-32.0261,117.9451,367,1.2,1.1,2014-04-16,0552,Aqua,MODIS,100,6.2,312.9,122.9,D,0
-31.457,117.6921,328.2,1.2,1.1,2014-04-16,0552,Aqua,MODIS,48,6.2,311,16,D,0
-31.5615,116.773,322.3,1.4,1.2,2014-04-16,0552,Aqua,MODIS,61,6.2,308.1,11,D,0
-31.9527,116.7214,325,1.4,1.2,2014-04-16,0552,Aqua,MODIS,43,6.2,308.2,17.2,D,0
-31.9511,116.7363,346.3,1.4,1.2,2014-04-16,0552,Aqua,MODIS,92,6.2,308.4,70,D,0
-31.8718,116.8734,340.5,1.4,1.2,2014-04-16,0552,Aqua,MODIS,88,6.2,309.5,48.1,D,0
-31.512,116.7891,328.4,1.4,1.2,2014-04-16,0552,Aqua,MODIS,74,6.2,311.5,19.5,D,0
-31.5103,116.8037,356.5,1.4,1.2,2014-04-16,0552,Aqua,MODIS,98,6.2,311.8,99.6,D,0
-31.5164,116.7954,328.9,1.4,1.2,2014-04-16,0552,Aqua,MODIS,75,6.2,310.9,20.3,D,0
-32.0038,118.1361,326,1.2,1.1,2014-04-16,0552,Aqua,MODIS,73,6.2,310.5,12.8,D,0
-31.7667,116.5599,325,1.4,1.2,2014-04-16,0552,Aqua,MODIS,69,6.2,306.2,20.5,D,0
-31.7651,116.5749,322,1.4,1.2,2014-04-16,0552,Aqua,MODIS,62,6.2,306.1,14.3,D,0
-31.4389,117.5096,324.7,1.3,1.1,2014-04-16,0552,Aqua,MODIS,40,6.2,309.5,10.8,D,0
-31.0299,116.8317,324.2,1.3,1.1,2014-04-16,0552,Aqua,MODIS,63,6.2,310.7,11.3,D,0
-31.0315,116.8176,333.6,1.3,1.1,2014-04-16,0552,Aqua,MODIS,80,6.2,312.4,29.6,D,0
-29.9786,115.4265,326.2,1.6,1.2,2014-04-16,0552,Aqua,MODIS,67,6.2,313.5,17.7,D,0
-29.9768,115.4431,324,1.6,1.2,2014-04-16,0552,Aqua,MODIS,58,6.2,311.7,12.8,D,0
-32.0339,117.0573,320.1,1.3,1.1,2014-04-16,0552,Aqua,MODIS,54,6.2,306.2,9.7,D,0
-31.0144,116.3852,323.1,1.4,1.2,2014-04-16,0552,Aqua,MODIS,59,6.2,308.1,10.9,D,0
-31.016,116.37,328.9,1.4,1.2,2014-04-16,0552,Aqua,MODIS,73,6.2,309.5,22.5,D,0
-31.0116,116.3794,329.6,1.4,1.2,2014-04-16,0552,Aqua,MODIS,74,6.2,308.9,23.8,D,0
-31.0133,116.3642,321.1,1.4,1.2,2014-04-16,0552,Aqua,MODIS,38,6.2,309.2,8.1,D,0
-29.2738,115.2142,329,1.6,1.2,2014-04-16,0552,Aqua,MODIS,70,6.2,313.2,21.7,D,0
-31.0786,116.9317,324.2,1.3,1.1,2014-04-16,0552,Aqua,MODIS,63,6.2,311.9,12.3,D,0
-31.2504,116.7751,347.8,1.4,1.2,2014-04-16,0552,Aqua,MODIS,93,6.2,311.8,66.6,D,0
-31.2858,116.8019,325,1.4,1.2,2014-04-16,0552,Aqua,MODIS,67,6.2,311.7,14.4,D,0
-31.2842,116.8163,330.1,1.4,1.2,2014-04-16,0552,Aqua,MODIS,76,6.2,309.7,23.2,D,0
-30.4558,116.1705,324.9,1.4,1.2,2014-04-16,0552,Aqua,MODIS,44,6.2,311.6,12.7,D,0
-30.4665,116.1722,323.6,1.4,1.2,2014-04-16,0552,Aqua,MODIS,47,6.2,310.3,10.6,D,0
-30.4649,116.1872,326,1.4,1.2,2014-04-16,0552,Aqua,MODIS,66,6.2,309.7,15.7,D,0
-30.5136,116.169,324.2,1.4,1.2,2014-04-16,0552,Aqua,MODIS,61,6.2,309.6,15.1,D,0
-29.1123,115.1311,328.5,1.6,1.2,2014-04-16,0552,Aqua,MODIS,68,6.2,312.4,22.2,D,0
-31.1304,116.1222,326.2,1.5,1.2,2014-04-16,0552,Aqua,MODIS,69,6.2,308.5,21.3,D,0
-31.1287,116.138,338.5,1.5,1.2,2014-04-16,0552,Aqua,MODIS,85,6.2,309,51.6,D,0
-31.1326,116.1293,343.6,1.5,1.2,2014-04-16,0552,Aqua,MODIS,90,6.2,309.8,65.2,D,0
-31.131,116.145,326,1.5,1.2,2014-04-16,0552,Aqua,MODIS,55,6.2,307.7,19.7,D,0
-31.1544,116.1325,322,1.5,1.2,2014-04-16,0552,Aqua,MODIS,46,6.2,308.3,13.2,D,0
-32.0329,117.2583,322.5,1.3,1.1,2014-04-16,0552,Aqua,MODIS,67,6.2,309.6,11.5,D,0
-29.7972,115.423,329,1.6,1.2,2014-04-16,0552,Aqua,MODIS,72,6.2,312,25.3,D,0
-31.2521,116.7607,347.1,1.4,1.2,2014-04-16,0552,Aqua,MODIS,92,6.2,312.8,64.8,D,0
-31.247,116.7667,372.7,1.4,1.2,2014-04-16,0552,Aqua,MODIS,100,6.2,314.4,175.3,D,0
-31.2575,116.7682,323.3,1.4,1.2,2014-04-16,0552,Aqua,MODIS,55,6.2,309.5,10.5,D,0
-29.7075,116.2541,330.9,1.4,1.2,2014-04-16,0552,Aqua,MODIS,75,6.2,316.1,20.9,D,0
-32.242,117.0129,321.1,1.4,1.2,2014-04-16,0552,Aqua,MODIS,65,6.2,305.6,11.7,D,0
-32.2822,117.0341,329.3,1.4,1.2,2014-04-16,0552,Aqua,MODIS,78,6.2,307.6,23.6,D,0
-32.2806,117.0485,365.8,1.4,1.2,2014-04-16,0552,Aqua,MODIS,100,6.2,309.1,140.1,D,0
-32.2926,117.0357,321.7,1.4,1.2,2014-04-16,0552,Aqua,MODIS,56,6.2,305.2,10.7,D,0
-32.291,117.0503,345.5,1.4,1.2,2014-04-16,0552,Aqua,MODIS,92,6.2,306,63.3,D,0
-29.9898,115.428,337.7,1.6,1.2,2014-04-16,0552,Aqua,MODIS,84,6.2,313.4,46.7,D,0
-29.9881,115.4446,337.7,1.6,1.2,2014-04-16,0552,Aqua,MODIS,84,6.2,309.9,46.9,D,0
-31.2409,116.4762,328.8,1.4,1.2,2014-04-16,0552,Aqua,MODIS,74,6.2,309.8,23.8,D,0
-28.8957,115.032,331.1,1.6,1.3,2014-04-16,0552,Aqua,MODIS,72,6.2,311.2,29.1,D,0
-28.8959,115.0219,323.5,1.6,1.3,2014-04-16,0552,Aqua,MODIS,36,6.2,310.4,13.4,D,0
-28.8942,115.0387,338.1,1.6,1.3,2014-04-16,0552,Aqua,MODIS,83,6.2,310.8,50.4,D,0
-28.8293,115.2236,334.8,1.6,1.2,2014-04-16,0552,Aqua,MODIS,79,6.2,315.8,32.6,D,0
-29.8268,115.672,345.9,1.5,1.2,2014-04-16,0552,Aqua,MODIS,91,6.2,315.7,67.7,D,0
-29.825,115.6879,335.4,1.5,1.2,2014-04-16,0552,Aqua,MODIS,81,6.2,312.8,34.7,D,0
-29.8288,115.6614,328,1.5,1.2,2014-04-16,0552,Aqua,MODIS,60,6.2,313.3,17.9,D,0
-29.8271,115.6773,358,1.5,1.2,2014-04-16,0552,Aqua,MODIS,98,6.2,315.4,119.5,D,0
-29.8398,115.6629,330.1,1.5,1.2,2014-04-16,0552,Aqua,MODIS,74,6.2,311.3,23.7,D,0
-29.8382,115.6788,351,1.5,1.2,2014-04-16,0552,Aqua,MODIS,94,6.2,310,89.7,D,0
-30.6742,116.7539,344.5,1.3,1.1,2014-04-16,0552,Aqua,MODIS,90,6.2,313.1,56.1,D,0
-30.6678,116.8098,330.4,1.3,1.1,2014-04-16,0552,Aqua,MODIS,76,6.2,309.3,21.4,D,0
-30.6798,116.7973,324.6,1.3,1.1,2014-04-16,0552,Aqua,MODIS,64,6.2,308.7,11.9,D,0
-32.1231,116.9236,333.7,1.4,1.2,2014-04-16,0552,Aqua,MODIS,83,6.2,307.2,35,D,0
-30.4795,115.6322,322.2,1.6,1.2,2014-04-16,0552,Aqua,MODIS,48,6.2,306.8,12.3,D,0
-30.4907,115.6339,338.5,1.6,1.2,2014-04-16,0552,Aqua,MODIS,85,6.2,309,52.7,D,0
-32.1252,118.0453,322.2,1.2,1.1,2014-04-16,0552,Aqua,MODIS,67,6.2,308.7,9.9,D,0
-31.2197,117.2042,323.8,1.3,1.1,2014-04-16,0552,Aqua,MODIS,63,6.2,311.7,10.7,D,0
-31.8651,116.5968,340.5,1.4,1.2,2014-04-16,0552,Aqua,MODIS,88,6.2,306.6,55.9,D,0
-31.8667,116.5814,328.6,1.4,1.2,2014-04-16,0552,Aqua,MODIS,76,6.2,306.3,27.8,D,0
-31.3223,117.6314,335.5,1.2,1.1,2014-04-16,0552,Aqua,MODIS,82,6.2,310.8,30,D,0
-31.2619,117.7138,322.5,1.2,1.1,2014-04-16,0552,Aqua,MODIS,37,6.2,310.4,7.3,D,0
-31.2634,117.7009,326.2,1.2,1.1,2014-04-16,0552,Aqua,MODIS,68,6.2,310.9,12.6,D,0
-31.2519,117.7123,323.6,1.2,1.1,2014-04-16,0552,Aqua,MODIS,44,6.2,311.4,9,D,0
-32.1865,116.9844,325.1,1.4,1.2,2014-04-16,0552,Aqua,MODIS,72,6.2,307.6,17.8,D,0
-31.2534,117.6994,325.3,1.2,1.1,2014-04-16,0552,Aqua,MODIS,61,6.2,311.7,11.4,D,0
-31.4122,117.8157,337.5,1.2,1.1,2014-04-16,0552,Aqua,MODIS,85,6.2,311.1,31.8,D,0
-31.4137,117.803,332.8,1.2,1.1,2014-04-16,0552,Aqua,MODIS,75,6.2,311.6,23.8,D,0
-31.4009,117.8267,328.7,1.2,1.1,2014-04-16,0552,Aqua,MODIS,74,6.2,312.3,16.1,D,0
-31.4023,117.8141,341.7,1.2,1.1,2014-04-16,0552,Aqua,MODIS,88,6.2,312.8,41.3,D,0
-31.4015,117.8212,337.4,1.2,1.1,2014-04-16,0552,Aqua,MODIS,84,6.2,313.1,31.9,D,0
-31.403,117.8085,328.7,1.2,1.1,2014-04-16,0552,Aqua,MODIS,74,6.2,312.3,15.7,D,0
-31.4981,116.4249,320.6,1.4,1.2,2014-04-16,0552,Aqua,MODIS,46,6.2,306.2,13.4,D,0
-32.1247,116.9092,330.4,1.4,1.2,2014-04-16,0552,Aqua,MODIS,79,6.2,307,28.3,D,0
-31.4367,117.515,328.8,1.3,1.1,2014-04-16,0552,Aqua,MODIS,68,6.2,309.8,17.3,D,0
-31.4373,117.5228,324.9,1.2,1.1,2014-04-16,0552,Aqua,MODIS,41,6.2,309.7,11.2,D,0
-31.5901,116.9594,332.9,1.3,1.1,2014-04-16,0552,Aqua,MODIS,80,6.2,310.6,27.5,D,0
-31.5945,116.9535,326.8,1.3,1.1,2014-04-16,0552,Aqua,MODIS,72,6.2,311.2,16.6,D,0
-31.8197,118.7156,326.9,1.1,1.1,2014-04-16,0552,Aqua,MODIS,70,6.2,310.9,12.7,D,0
-31.8087,118.7257,337.2,1.1,1.1,2014-04-16,0552,Aqua,MODIS,85,6.2,312.6,28.5,D,0
-31.8102,118.7139,335,1.1,1.1,2014-04-16,0552,Aqua,MODIS,83,6.2,314.1,24.2,D,0
-31.807,118.0723,327.9,1.2,1.1,2014-04-16,0552,Aqua,MODIS,62,6.2,310.4,15.2,D,0
-31.8086,118.0596,340,1.2,1.1,2014-04-16,0552,Aqua,MODIS,88,6.2,309.6,37.9,D,0
-31.7987,118.058,329.6,1.2,1.1,2014-04-16,0552,Aqua,MODIS,77,6.2,309.9,18.4,D,0
-30.1721,116.2624,326.7,1.4,1.2,2014-04-16,0552,Aqua,MODIS,69,6.2,314.1,15,D,0
-31.9764,116.8513,324,1.4,1.2,2014-04-16,0552,Aqua,MODIS,69,6.2,309.9,12.8,D,0
-31.9494,116.751,323.9,1.4,1.2,2014-04-16,0552,Aqua,MODIS,45,6.2,305.3,14.7,D,0
-31.9389,116.7492,323,1.4,1.2,2014-04-16,0552,Aqua,MODIS,30,6.2,308.3,14.1,D,0
-31.6563,117.212,323.9,1.3,1.1,2014-04-16,0552,Aqua,MODIS,66,6.2,308.8,12.2,D,0
-30.786,116.7628,328.3,1.3,1.1,2014-04-16,0552,Aqua,MODIS,72,6.2,312.3,16.9,D,0
-31.449,118.8303,331.9,1.1,1,2014-04-16,0552,Aqua,MODIS,78,6.2,313.8,19.6,D,0
-31.7764,117.6548,328.1,1.2,1.1,2014-04-16,0552,Aqua,MODIS,74,6.2,309.1,19.5,D,0
-31.7663,117.6533,323,1.2,1.1,2014-04-16,0552,Aqua,MODIS,40,6.2,309.3,10.1,D,0
-30.6262,116.1764,332,1.4,1.2,2014-04-16,0552,Aqua,MODIS,78,6.2,312.4,27.5,D,0
-30.6882,116.2372,322,1.4,1.2,2014-04-16,0552,Aqua,MODIS,44,6.2,309.8,9.3,D,0
-24.7916,126.4667,332.1,2.2,1.4,2014-04-16,0553,Aqua,MODIS,51,6.2,313.5,45.7,D,0
-24.7932,126.4598,327.2,2.2,1.4,2014-04-16,0553,Aqua,MODIS,43,6.2,313,28.1,D,0
-24.7763,126.4783,333.6,2.2,1.4,2014-04-16,0553,Aqua,MODIS,80,6.2,314.6,53.9,D,0
-24.7804,126.4567,326.9,2.2,1.4,2014-04-16,0553,Aqua,MODIS,47,6.2,312.7,27.5,D,0
-24.7788,126.4637,336,2.2,1.4,2014-04-16,0553,Aqua,MODIS,64,6.2,313.4,62,D,0
-24.7891,126.4813,331.3,2.2,1.4,2014-04-16,0553,Aqua,MODIS,73,6.2,313.5,43,D,0
-28.4943,114.9541,365.6,1.6,1.3,2014-04-16,0553,Aqua,MODIS,100,6.2,314.9,170.9,D,0
-28.4961,114.9375,368.1,1.6,1.3,2014-04-16,0553,Aqua,MODIS,100,6.2,316.9,187.4,D,0
-28.6539,114.8326,330.9,1.7,1.3,2014-04-16,0553,Aqua,MODIS,71,6.2,310.4,30.7,D,0
-28.1858,114.5433,326.4,1.7,1.3,2014-04-16,0553,Aqua,MODIS,58,6.2,309.9,22.7,D,0
-28.3019,114.4204,328,1.7,1.3,2014-04-16,0553,Aqua,MODIS,61,6.2,305.1,36.1,D,0
-20.5096,123.5788,327.2,1.7,1.3,2014-04-16,0554,Aqua,MODIS,61,6.2,311.6,18.5,D,0
-20.4891,123.5678,341.8,1.7,1.3,2014-04-16,0554,Aqua,MODIS,86,6.2,318.6,61.9,D,0
-20.4978,123.5861,369.4,1.7,1.3,2014-04-16,0554,Aqua,MODIS,100,6.2,319.6,207,D,0
-20.5006,123.57,371.9,1.7,1.3,2014-04-16,0554,Aqua,MODIS,100,6.2,317.3,224.8,D,0
-20.5067,123.5949,337.3,1.7,1.3,2014-04-16,0554,Aqua,MODIS,81,6.2,314.3,48.3,D,0
-16.8698,124.3062,322.5,2.2,1.5,2014-04-16,0555,Aqua,MODIS,30,6.2,305.3,25.9,D,0
-17.1583,124.4528,320.4,2.3,1.5,2014-04-16,0555,Aqua,MODIS,57,6.2,306,26.2,D,0
-17.1494,124.4459,321.6,2.3,1.5,2014-04-16,0555,Aqua,MODIS,45,6.2,305.2,26.8,D,0
-17.0909,124.823,323.4,2.4,1.5,2014-04-16,0555,Aqua,MODIS,69,6.2,307.7,31,D,0
-16.3368,124.8043,320.9,2.5,1.5,2014-04-16,0555,Aqua,MODIS,70,6.2,294.9,44.6,D,0
-16.9233,124.4546,323.6,2.3,1.5,2014-04-16,0555,Aqua,MODIS,54,6.2,307.1,27.1,D,0
-16.9733,124.3822,336.5,2.3,1.5,2014-04-16,0555,Aqua,MODIS,86,6.2,308.2,82.6,D,0
-16.9773,124.3778,330.8,2.3,1.5,2014-04-16,0555,Aqua,MODIS,80,6.2,309.2,55.6,D,0
-17.4236,124.9802,340.3,2.5,1.5,2014-04-16,0555,Aqua,MODIS,88,6.2,308.4,113.6,D,0
-17.4194,125.0036,331.9,2.5,1.5,2014-04-16,0555,Aqua,MODIS,80,6.2,308.5,65.4,D,0
-17.4296,124.9862,354.7,2.5,1.5,2014-04-16,0555,Aqua,MODIS,97,6.2,309.8,222.3,D,0
-17.4253,125.0095,324.6,2.5,1.5,2014-04-16,0555,Aqua,MODIS,32,6.2,309.2,32.2,D,0
-16.9951,124.5628,317.5,2.3,1.5,2014-04-16,0555,Aqua,MODIS,43,6.2,304.5,14.7,D,0
-17.2828,124.7813,346.4,2.4,1.5,2014-04-16,0555,Aqua,MODIS,92,6.2,308.4,146.8,D,0
-17.2881,125.494,325.7,2.7,1.6,2014-04-16,0555,Aqua,MODIS,72,6.2,305.7,60.3,D,0
-17.2739,125.4922,328.7,2.7,1.6,2014-04-16,0555,Aqua,MODIS,76,6.2,306.2,70.8,D,0
-16.2466,124.8349,318.8,2.5,1.5,2014-04-16,0555,Aqua,MODIS,66,6.2,300.7,34.2,D,0
-16.9589,124.4836,320.6,2.3,1.5,2014-04-16,0555,Aqua,MODIS,63,6.2,307.8,20.1,D,0
-16.9196,124.4756,330.8,2.3,1.5,2014-04-16,0555,Aqua,MODIS,80,6.2,306.8,55.7,D,0
-17.4431,124.9892,325.4,2.5,1.5,2014-04-16,0555,Aqua,MODIS,19,6.2,308.1,39.3,D,0
-16.8885,124.3529,331.8,2.3,1.5,2014-04-16,0555,Aqua,MODIS,46,6.2,306.7,55.5,D,0
-16.9756,124.6719,326.2,2.4,1.5,2014-04-16,0555,Aqua,MODIS,65,6.2,307.3,43.3,D,0
-16.9716,124.694,325.8,2.4,1.5,2014-04-16,0555,Aqua,MODIS,69,6.2,305.9,43.2,D,0
-17.2909,124.7372,331,2.4,1.5,2014-04-16,0555,Aqua,MODIS,50,6.2,306.2,59.7,D,0
-16.8644,124.4138,346.7,2.3,1.5,2014-04-16,0555,Aqua,MODIS,93,6.2,310.4,133.8,D,0
-16.8792,124.3294,323.6,2.3,1.5,2014-04-16,0555,Aqua,MODIS,54,6.2,305.8,29.6,D,0
-17.0728,124.4968,330.4,2.3,1.5,2014-04-16,0555,Aqua,MODIS,80,6.2,306.1,60.4,D,0
-17.2949,124.7152,323.2,2.4,1.5,2014-04-16,0555,Aqua,MODIS,35,6.2,303.6,31.1,D,0
-17.1084,124.8032,339.8,2.4,1.5,2014-04-16,0555,Aqua,MODIS,88,6.2,308.7,105.8,D,0
-17.1043,124.8257,328.9,2.4,1.5,2014-04-16,0555,Aqua,MODIS,78,6.2,308.9,51,D,0
-17.1259,124.7836,339.2,2.4,1.5,2014-04-16,0555,Aqua,MODIS,87,6.2,310.3,98.2,D,0
-17.1218,124.8061,337.4,2.4,1.5,2014-04-16,0555,Aqua,MODIS,86,6.2,310.2,88,D,0
-17.3095,124.7864,326.8,2.4,1.5,2014-04-16,0555,Aqua,MODIS,57,6.2,307,43.2,D,0
-17.3541,124.8264,330.7,2.4,1.5,2014-04-16,0555,Aqua,MODIS,79,6.2,306.6,63.3,D,0
-17.3588,124.8196,325.3,2.4,1.5,2014-04-16,0555,Aqua,MODIS,72,6.2,306,41.8,D,0
-16.8655,124.3995,332,2.3,1.5,2014-04-16,0555,Aqua,MODIS,62,6.2,308.5,55,D,0
-17.3455,124.8169,327.9,2.4,1.5,2014-04-16,0555,Aqua,MODIS,69,6.2,305.9,48.9,D,0
-17.3228,124.7892,332.1,2.4,1.5,2014-04-16,0555,Aqua,MODIS,66,6.2,306.9,65.8,D,0
-16.8345,124.43,326.7,2.3,1.5,2014-04-16,0555,Aqua,MODIS,61,6.2,307.2,39.3,D,0
-16.8617,124.4206,342.1,2.3,1.5,2014-04-16,0555,Aqua,MODIS,90,6.2,310.5,107.9,D,0
-16.8901,124.3389,328.9,2.3,1.5,2014-04-16,0555,Aqua,MODIS,37,6.2,305.6,45.4,D,0
-16.8786,124.402,325.4,2.3,1.5,2014-04-16,0555,Aqua,MODIS,40,6.2,307.6,30.6,D,0
-17.2732,127.1229,323.2,3.6,1.8,2014-04-16,0555,Aqua,MODIS,66,6.2,305.2,72,D,0
-17.2665,127.1293,323.2,3.6,1.8,2014-04-16,0555,Aqua,MODIS,66,6.2,305.2,70.9,D,0
-17.4018,124.9106,333.4,2.4,1.5,2014-04-16,0555,Aqua,MODIS,82,6.2,306.8,75.2,D,0
-17.1565,124.7667,327.7,2.4,1.5,2014-04-16,0555,Aqua,MODIS,76,6.2,310.6,46.8,D,0
-17.1738,124.7472,331.9,2.4,1.5,2014-04-16,0555,Aqua,MODIS,81,6.2,308.7,64.6,D,0
-16.342,124.8109,319.6,2.5,1.5,2014-04-16,0555,Aqua,MODIS,67,6.2,293.1,41.6,D,0
-16.9795,124.65,325.5,2.4,1.5,2014-04-16,0555,Aqua,MODIS,35,6.2,306,36.9,D,0
-17.1692,124.754,330.2,2.4,1.5,2014-04-16,0555,Aqua,MODIS,76,6.2,309.2,56.1,D,0
-16.9993,124.3872,329,2.3,1.5,2014-04-16,0555,Aqua,MODIS,77,6.2,307.7,45.6,D,0
-16.9102,124.452,324,2.3,1.5,2014-04-16,0555,Aqua,MODIS,52,6.2,306.8,28.5,D,0
-16.9123,124.3649,322.4,2.3,1.5,2014-04-16,0555,Aqua,MODIS,42,6.2,306.5,24.5,D,0
-17.057,124.4423,320.5,2.3,1.5,2014-04-16,0555,Aqua,MODIS,38,6.2,307.2,19.2,D,0
-17.1011,124.4143,320,2.3,1.5,2014-04-16,0555,Aqua,MODIS,37,6.2,305.5,21.5,D,0
-17.3443,125.1083,334.7,2.5,1.5,2014-04-16,0555,Aqua,MODIS,82,6.2,308,77.2,D,0
-16.8748,124.4229,326.8,2.3,1.5,2014-04-16,0555,Aqua,MODIS,75,6.2,308.3,38,D,0
-17.3307,125.1053,330,2.5,1.5,2014-04-16,0555,Aqua,MODIS,75,6.2,305.9,55.6,D,0
-16.9948,124.7747,325.7,2.4,1.5,2014-04-16,0555,Aqua,MODIS,42,6.2,304.9,42.9,D,0
-16.9999,124.7682,325.3,2.4,1.5,2014-04-16,0555,Aqua,MODIS,26,6.2,305,41.6,D,0
-16.8993,124.3624,335.6,2.3,1.5,2014-04-16,0555,Aqua,MODIS,85,6.2,306.4,74.5,D,0
-16.9608,124.601,337.7,2.3,1.5,2014-04-16,0555,Aqua,MODIS,87,6.2,308.7,96.6,D,0
-17.3339,125.4017,320.1,2.7,1.6,2014-04-16,0555,Aqua,MODIS,58,6.2,305.8,36.7,D,0
-17.335,125.0819,324,2.5,1.5,2014-04-16,0555,Aqua,MODIS,63,6.2,304.9,33,D,0
-16.0348,125.9694,316.1,3.1,1.7,2014-04-16,0555,Aqua,MODIS,58,6.2,303,33.3,D,0
-16.3031,125.3657,321.4,2.8,1.6,2014-04-16,0555,Aqua,MODIS,71,6.2,305.5,44.7,D,0
-16.3139,125.3603,320.7,2.8,1.6,2014-04-16,0555,Aqua,MODIS,69,6.2,302.9,41,D,0
-16.3315,125.2928,317.3,2.7,1.6,2014-04-16,0555,Aqua,MODIS,31,6.2,304,24.9,D,0
-16.3362,125.2678,317.4,2.7,1.6,2014-04-16,0555,Aqua,MODIS,48,6.2,304.1,25.7,D,0
-16.0903,125.9207,313.7,3.1,1.7,2014-04-16,0555,Aqua,MODIS,45,6.2,301,21.6,D,0
-16.3694,125.4051,328.1,2.8,1.6,2014-04-16,0555,Aqua,MODIS,51,6.2,304.1,65.8,D,0
-16.3693,125.3259,341.2,2.7,1.6,2014-04-16,0555,Aqua,MODIS,90,6.2,304.2,154,D,0
-16.4838,125.2767,318.5,2.7,1.6,2014-04-16,0555,Aqua,MODIS,26,6.2,302.7,29.2,D,0
-16.5747,125.4634,327.3,2.8,1.6,2014-04-16,0555,Aqua,MODIS,77,6.2,305,66.8,D,0
-16.5795,125.4377,326.6,2.8,1.6,2014-04-16,0555,Aqua,MODIS,27,6.2,304.1,59.2,D,0
-16.5654,125.4347,341.2,2.8,1.6,2014-04-16,0555,Aqua,MODIS,89,6.2,303.8,149.7,D,0
-16.5732,125.4578,333.9,2.8,1.6,2014-04-16,0555,Aqua,MODIS,84,6.2,304.9,105,D,0
-16.5591,125.4547,323.4,2.8,1.6,2014-04-16,0555,Aqua,MODIS,66,6.2,303.2,49.2,D,0
-16.5638,125.429,338.4,2.8,1.6,2014-04-16,0555,Aqua,MODIS,88,6.2,303.6,132.2,D,0
-16.5684,125.4034,341.1,2.8,1.6,2014-04-16,0555,Aqua,MODIS,89,6.2,303.7,149.8,D,0
-16.4326,125.4749,330.5,2.8,1.6,2014-04-16,0555,Aqua,MODIS,67,6.2,303.8,83,D,0
-16.4183,125.4721,326.4,2.8,1.6,2014-04-16,0555,Aqua,MODIS,50,6.2,304.3,61.3,D,0
-16.404,125.4694,324.1,2.8,1.6,2014-04-16,0555,Aqua,MODIS,70,6.2,304.9,53.3,D,0
-16.4173,125.4668,325.2,2.8,1.6,2014-04-16,0555,Aqua,MODIS,73,6.2,304.4,57.2,D,0
-16.403,125.4641,322.7,2.8,1.6,2014-04-16,0555,Aqua,MODIS,48,6.2,304.9,45.9,D,0
-16.4277,125.5013,330.5,2.8,1.6,2014-04-16,0555,Aqua,MODIS,67,6.2,304.2,83,D,0
-16.573,125.3781,322.9,2.7,1.6,2014-04-16,0555,Aqua,MODIS,12,6.2,302.5,46.4,D,0
-16.5213,125.4199,328.8,2.8,1.6,2014-04-16,0555,Aqua,MODIS,79,6.2,304.1,78.2,D,0
-16.5071,125.417,337.2,2.8,1.6,2014-04-16,0555,Aqua,MODIS,87,6.2,304.2,129.2,D,0
-16.5119,125.3913,337.2,2.8,1.6,2014-04-16,0555,Aqua,MODIS,87,6.2,302.5,125.4,D,0
-16.4929,125.414,333.1,2.8,1.6,2014-04-16,0555,Aqua,MODIS,59,6.2,304.6,98.7,D,0
-16.4977,125.3885,355.7,2.8,1.6,2014-04-16,0555,Aqua,MODIS,98,6.2,304.6,278.7,D,0
-16.4788,125.4111,322.2,2.8,1.6,2014-04-16,0555,Aqua,MODIS,16,6.2,304.3,45.8,D,0
-16.4835,125.386,342.2,2.8,1.6,2014-04-16,0555,Aqua,MODIS,90,6.2,303.4,162.7,D,0
-16.5178,125.4119,331.2,2.8,1.6,2014-04-16,0555,Aqua,MODIS,82,6.2,304.4,91.9,D,0
-16.5037,125.4088,350.9,2.8,1.6,2014-04-16,0555,Aqua,MODIS,95,6.2,305.2,235.9,D,0
-16.5083,125.3834,332.7,2.8,1.6,2014-04-16,0555,Aqua,MODIS,45,6.2,301.9,88.2,D,0
-16.4895,125.406,345.7,2.8,1.6,2014-04-16,0555,Aqua,MODIS,92,6.2,305.3,191.2,D,0
-16.4941,125.3807,342.5,2.8,1.6,2014-04-16,0555,Aqua,MODIS,91,6.2,302.9,158.7,D,0
-16.4753,125.4032,323.2,2.8,1.6,2014-04-16,0555,Aqua,MODIS,73,6.2,304.1,54.6,D,0
-16.4799,125.3781,318.5,2.8,1.6,2014-04-16,0555,Aqua,MODIS,24,6.2,302.6,30.7,D,0
-16.4592,125.5145,342.2,2.8,1.6,2014-04-16,0555,Aqua,MODIS,90,6.2,303.4,163.3,D,0
-16.4802,125.5391,324.4,2.8,1.6,2014-04-16,0555,Aqua,MODIS,39,6.2,304.8,51.6,D,0
-16.4659,125.5363,324.3,2.8,1.6,2014-04-16,0555,Aqua,MODIS,33,6.2,304.7,50.1,D,0
-16.4564,125.5065,333.2,2.8,1.6,2014-04-16,0555,Aqua,MODIS,71,6.2,303.1,98.2,D,0
-16.5213,125.3412,326.1,2.7,1.6,2014-04-16,0555,Aqua,MODIS,71,6.2,302.4,62,D,0
-18.8664,121.6379,331.5,1.3,1.1,2014-04-16,0555,Aqua,MODIS,71,6.2,313.3,25.6,D,0
-18.8685,121.6253,325.3,1.3,1.1,2014-04-16,0555,Aqua,MODIS,52,6.2,312.5,13.2,D,0
-17.9769,124.0032,339.4,2,1.4,2014-04-16,0555,Aqua,MODIS,86,6.2,312.5,78.9,D,0
-17.9645,124.0009,331.1,2,1.4,2014-04-16,0555,Aqua,MODIS,42,6.2,312.5,44.8,D,0
-16.3275,125.2847,321.4,2.7,1.6,2014-04-16,0555,Aqua,MODIS,71,6.2,304.3,43.5,D,0
-17.7781,124.0055,323.6,2,1.4,2014-04-16,0555,Aqua,MODIS,43,6.2,309.7,23.6,D,0
-16.3361,125.1566,322.9,2.7,1.6,2014-04-16,0555,Aqua,MODIS,73,6.2,303.5,45.8,D,0
-16.4479,125.2137,319.6,2.7,1.6,2014-04-16,0555,Aqua,MODIS,39,6.2,302.3,32.4,D,0
-16.4244,125.1833,325.6,2.7,1.6,2014-04-16,0555,Aqua,MODIS,23,6.2,301.3,54.5,D,0
-16.8158,124.2476,335.8,2.2,1.4,2014-04-16,0555,Aqua,MODIS,86,6.2,306.8,78.5,D,0
-16.8029,124.245,322,2.2,1.4,2014-04-16,0555,Aqua,MODIS,45,6.2,305.5,24.3,D,0
-16.1997,124.8922,321.4,2.6,1.5,2014-04-16,0555,Aqua,MODIS,71,6.2,301.8,43.1,D,0
-17.7782,124.0106,324.3,2,1.4,2014-04-16,0555,Aqua,MODIS,67,6.2,309.1,27.9,D,0
-16.8383,124.2573,332.8,2.2,1.4,2014-04-16,0555,Aqua,MODIS,83,6.2,306.2,66.2,D,0
-16.8104,124.3379,335.3,2.3,1.5,2014-04-16,0555,Aqua,MODIS,85,6.2,307.5,77.4,D,0
-17.2399,124.9783,322,2.5,1.5,2014-04-16,0555,Aqua,MODIS,19,6.2,307.3,23,D,0
-17.256,124.8874,325.5,2.4,1.5,2014-04-16,0555,Aqua,MODIS,72,6.2,307.5,39.5,D,0
-16.8254,124.2548,334.6,2.2,1.4,2014-04-16,0555,Aqua,MODIS,84,6.2,307,72.4,D,0
-16.5945,125.1019,316.9,2.6,1.6,2014-04-16,0555,Aqua,MODIS,27,6.2,302.7,22,D,0
-16.6042,125.1274,325.8,2.6,1.6,2014-04-16,0555,Aqua,MODIS,70,6.2,304.7,55.3,D,0
-16.6172,125.1605,322.2,2.6,1.6,2014-04-16,0555,Aqua,MODIS,49,6.2,305.4,39.6,D,0
-16.4105,125.1802,323.1,2.7,1.6,2014-04-16,0555,Aqua,MODIS,73,6.2,301.1,48.8,D,0
-16.4151,125.155,316.7,2.7,1.6,2014-04-16,0555,Aqua,MODIS,41,6.2,298.3,23.9,D,0
-16.6636,125.221,318.2,2.7,1.6,2014-04-16,0555,Aqua,MODIS,29,6.2,304.7,25.9,D,0
-16.6543,125.1933,319.5,2.6,1.6,2014-04-16,0555,Aqua,MODIS,46,6.2,304,29.7,D,0
-17.2456,124.984,322,2.5,1.5,2014-04-16,0555,Aqua,MODIS,39,6.2,307,25.3,D,0
-16.8291,124.2341,329.1,2.2,1.4,2014-04-16,0555,Aqua,MODIS,79,6.2,306.4,49.6,D,0
-16.2483,125.0599,321.2,2.6,1.6,2014-04-16,0555,Aqua,MODIS,68,6.2,302,42,D,0
-16.2344,125.0571,335.1,2.6,1.6,2014-04-16,0555,Aqua,MODIS,86,6.2,304.4,108.7,D,0
-16.8125,124.2522,337,2.2,1.4,2014-04-16,0555,Aqua,MODIS,86,6.2,306.3,85.6,D,0
-16.2388,125.033,325.9,2.6,1.6,2014-04-16,0555,Aqua,MODIS,61,6.2,299.8,59.6,D,0
-17.8664,123.4463,333.2,1.9,1.3,2014-04-16,0555,Aqua,MODIS,80,6.2,313.5,48.3,D,0
-16.8162,124.2317,324.4,2.2,1.4,2014-04-16,0555,Aqua,MODIS,73,6.2,304.7,34.2,D,0
-17.8946,123.3225,327.5,1.8,1.3,2014-04-16,0555,Aqua,MODIS,43,6.2,310.9,25.3,D,0
-17.9024,123.3118,329.6,1.8,1.3,2014-04-16,0555,Aqua,MODIS,76,6.2,310.9,34.2,D,0
-17.8995,123.3287,340.3,1.8,1.3,2014-04-16,0555,Aqua,MODIS,87,6.2,312.5,71.9,D,0
-17.8743,123.4425,328.8,1.9,1.3,2014-04-16,0555,Aqua,MODIS,75,6.2,312,33.2,D,0
-16.4435,125.2386,321.2,2.7,1.6,2014-04-16,0555,Aqua,MODIS,52,6.2,302.8,38.2,D,0
-16.2206,125.0537,332,2.6,1.6,2014-04-16,0555,Aqua,MODIS,66,6.2,303.3,87.8,D,0
-17.2623,124.8933,330.2,2.4,1.5,2014-04-16,0555,Aqua,MODIS,79,6.2,308.4,62.2,D,0
-16.805,124.3099,322,2.3,1.5,2014-04-16,0555,Aqua,MODIS,23,6.2,307.3,23,D,0
-16.0729,125.0118,322.5,2.6,1.6,2014-04-16,0556,Aqua,MODIS,73,6.2,296.6,55.1,D,0
-15.4474,125.6609,315.6,3,1.7,2014-04-16,0556,Aqua,MODIS,46,6.2,303.3,28.3,D,0
-15.5852,125.6679,321.5,3,1.7,2014-04-16,0556,Aqua,MODIS,71,6.2,303.8,54,D,0
-15.667,125.7167,314.9,3,1.7,2014-04-16,0556,Aqua,MODIS,54,6.2,302.8,27.9,D,0
-15.6738,125.9316,315.5,3.1,1.7,2014-04-16,0556,Aqua,MODIS,57,6.2,303.2,29,D,0
-15.5826,126.3436,318.5,3.4,1.7,2014-04-16,0556,Aqua,MODIS,65,6.2,303.3,48.6,D,0
-14.5621,127.0295,316.9,4,1.9,2014-04-16,0556,Aqua,MODIS,62,6.2,300.7,54.2,D,0
-14.5497,127.0582,314,4,1.9,2014-04-16,0556,Aqua,MODIS,40,6.2,300.1,34.5,D,0
-14.5549,127.0666,314.7,4,1.9,2014-04-16,0556,Aqua,MODIS,53,6.2,300.5,40.2,D,0
-13.9582,127.3808,314.7,4.4,1.9,2014-04-16,0556,Aqua,MODIS,0,6.2,300.1,42,D,0
-14.9897,127.1838,322.7,4,1.9,2014-04-16,0556,Aqua,MODIS,73,6.2,302.8,89.2,D,0
-15.0033,127.1819,319.1,4,1.9,2014-04-16,0556,Aqua,MODIS,53,6.2,302.7,58.6,D,0
-14.9866,127.1786,319.9,4,1.9,2014-04-16,0556,Aqua,MODIS,66,6.2,302.5,66.5,D,0
-15.6302,126.3294,317.6,3.4,1.7,2014-04-16,0556,Aqua,MODIS,63,6.2,302.1,43,D,0
-15.584,126.3196,314.3,3.4,1.7,2014-04-16,0556,Aqua,MODIS,24,6.2,301.9,26.6,D,0
-15.6244,126.3604,316,3.4,1.7,2014-04-16,0556,Aqua,MODIS,56,6.2,302.9,34.7,D,0
-42.7667,146.7732,301.3,1.4,1.2,2014-04-16,1334,Terra,MODIS,40,6.2,279.8,13.3,N,0
-42.8434,146.8596,301.6,1.4,1.2,2014-04-16,1334,Terra,MODIS,43,6.2,278.7,14.1,N,0
-35.9377,136.816,304.6,1.1,1.1,2014-04-16,1336,Terra,MODIS,61,6.2,286,9.9,N,0
-18.859,133.9263,313,1,1,2014-04-16,1341,Terra,MODIS,86,6.2,294.9,10.4,N,0
-18.8603,133.9165,305.2,1,1,2014-04-16,1341,Terra,MODIS,63,6.2,294.4,5.4,N,0
-18.8745,133.9485,307.5,1,1,2014-04-16,1341,Terra,MODIS,72,6.2,295.1,6,N,0
-16.1462,129.5342,309.1,1.6,1.3,2014-04-16,1342,Terra,MODIS,37,6.2,297,12,N,0
-16.1593,129.5205,310.2,1.6,1.3,2014-04-16,1342,Terra,MODIS,36,6.2,297.2,12,N,0
-16.148,129.5188,319.3,1.6,1.3,2014-04-16,1342,Terra,MODIS,98,6.2,297.8,27.9,N,0
-16.192,129.5314,313.1,1.6,1.3,2014-04-16,1342,Terra,MODIS,86,6.2,296.5,18.8,N,0
-16.1931,129.5254,314.6,1.6,1.3,2014-04-16,1342,Terra,MODIS,89,6.2,296.6,20.4,N,0
-16.1758,129.2881,318.9,1.7,1.3,2014-04-16,1342,Terra,MODIS,98,6.2,296.4,32.4,N,0
-16.1718,129.2232,319.5,1.7,1.3,2014-04-16,1342,Terra,MODIS,99,6.2,295.4,34.8,N,0
-22.6167,148.179,313.9,1.5,1.2,2014-04-16,1511,Aqua,MODIS,88,6.2,290.8,25,N,0
-28.7656,147.7201,300.1,1.3,1.1,2014-04-16,1512,Aqua,MODIS,16,6.2,285.4,8.9,N,0
-27.0512,149.0641,305.1,1.2,1.1,2014-04-16,1512,Aqua,MODIS,63,6.2,287.6,10.7,N,0
-26.7939,150.2029,300.5,1.1,1,2014-04-16,1512,Aqua,MODIS,30,6.2,287.8,6.1,N,0
-28.1087,151.4604,310.6,1,1,2014-04-16,1512,Aqua,MODIS,80,6.2,285.2,12.3,N,0
-28.1072,151.4502,307.6,1,1,2014-04-16,1512,Aqua,MODIS,72,6.2,285.3,10.2,N,0
-28.7688,149.9811,305.7,1,1,2014-04-16,1512,Aqua,MODIS,65,6.2,284.6,10.2,N,0
-35.6352,148.1192,300.1,1,1,2014-04-16,1514,Aqua,MODIS,10,6.2,277.2,7.6,N,0
-35.6279,148.1328,306.2,1,1,2014-04-16,1514,Aqua,MODIS,67,6.2,277.3,11.3,N,0
-35.2619,148.5636,300.8,1,1,2014-04-16,1514,Aqua,MODIS,34,6.2,277.4,8.7,N,0
-34.4612,150.8841,305.5,1,1,2014-04-16,1514,Aqua,MODIS,64,6.2,286.6,9.1,N,2
-37.6137,145.6829,301,1.2,1.1,2014-04-16,1515,Aqua,MODIS,36,6.2,281.8,9.6,N,0
-34.0479,117.8425,310.3,1.3,1.1,2014-04-16,1515,Terra,MODIS,80,6.2,273.9,19,N,0
-33.7811,118.4722,301.4,1.4,1.2,2014-04-16,1515,Terra,MODIS,40,6.2,280.3,12.4,N,0
-33.7838,118.4574,303.2,1.4,1.2,2014-04-16,1515,Terra,MODIS,54,6.2,279.7,14.1,N,0
-34.0503,117.8289,303.8,1.3,1.1,2014-04-16,1515,Terra,MODIS,57,6.2,272.7,13,N,0
-33.696,118.4896,316.8,1.4,1.2,2014-04-16,1515,Terra,MODIS,94,6.2,284.2,29,N,0
-34.0503,117.8368,320.7,1.3,1.1,2014-04-16,1515,Terra,MODIS,100,6.2,274.4,30.9,N,0
-33.7064,118.4924,332.3,1.4,1.2,2014-04-16,1515,Terra,MODIS,100,6.2,285.4,56.7,N,0
-33.4212,118.0144,311.6,1.3,1.1,2014-04-16,1516,Terra,MODIS,83,6.2,278.1,21.8,N,0
-32.926,117.491,311.1,1.3,1.1,2014-04-16,1516,Terra,MODIS,82,6.2,285.1,17.9,N,0
-33.6118,118.1053,303.6,1.3,1.1,2014-04-16,1516,Terra,MODIS,43,6.2,278.6,12.2,N,0
-33.5913,118.1001,301.4,1.3,1.1,2014-04-16,1516,Terra,MODIS,18,6.2,280.4,10,N,0
-33.6016,118.1028,311.2,1.3,1.1,2014-04-16,1516,Terra,MODIS,82,6.2,280.2,19.5,N,0
-33.6609,118.0505,317.3,1.3,1.1,2014-04-16,1516,Terra,MODIS,95,6.2,279,27,N,0
-33.4151,117.7512,315.6,1.3,1.1,2014-04-16,1516,Terra,MODIS,91,6.2,272.9,25,N,0
-33.6093,118.1196,318.7,1.3,1.1,2014-04-16,1516,Terra,MODIS,97,6.2,280.8,29.3,N,0
-33.4156,117.7598,302.9,1.3,1.1,2014-04-16,1516,Terra,MODIS,52,6.2,272.9,13.2,N,0
-33.599,118.1169,302.3,1.3,1.1,2014-04-16,1516,Terra,MODIS,22,6.2,281.2,10.9,N,0
-33.6507,118.0479,308.4,1.3,1.1,2014-04-16,1516,Terra,MODIS,57,6.2,278.3,16.6,N,0
-33.418,117.746,301.1,1.3,1.1,2014-04-16,1516,Terra,MODIS,38,6.2,271.8,11.9,N,0
-33.0103,119.8987,313.5,1.7,1.3,2014-04-16,1516,Terra,MODIS,87,6.2,285.6,32.2,N,0
-33.0153,119.8945,301.6,1.7,1.3,2014-04-16,1516,Terra,MODIS,42,6.2,284.9,15.7,N,0
-31.2938,117.0032,300.3,1.3,1.1,2014-04-16,1516,Terra,MODIS,24,6.2,286.7,8.6,N,0
-33.014,119.8806,302,1.7,1.3,2014-04-16,1516,Terra,MODIS,27,6.2,284.4,15,N,0
-33.0038,119.8913,314.6,1.7,1.3,2014-04-16,1516,Terra,MODIS,89,6.2,285.4,35,N,0
-42.767,146.7716,306,1,1,2014-04-16,1516,Aqua,MODIS,66,6.2,280.4,10.9,N,0
-42.8451,146.8595,302.5,1,1,2014-04-16,1516,Aqua,MODIS,49,6.2,278.5,9.3,N,0
-16.1771,129.507,307,1,1,2014-04-16,1647,Aqua,MODIS,33,6.2,296.8,4.7,N,0
-16.1515,129.5205,309.6,1,1,2014-04-16,1647,Aqua,MODIS,19,6.2,296.9,5.7,N,0
-16.1425,129.5219,313.2,1,1,2014-04-16,1647,Aqua,MODIS,54,6.2,297.4,8.6,N,0
-16.0202,129.6294,308.6,1,1,2014-04-16,1647,Aqua,MODIS,31,6.2,296.8,5.4,N,0
-16.0306,129.6373,313.8,1,1,2014-04-16,1647,Aqua,MODIS,79,6.2,296.2,9.6,N,0
-15.9111,129.6339,314.6,1,1,2014-04-16,1647,Aqua,MODIS,89,6.2,296.9,11.8,N,0
-13.9506,127.3915,307.8,1.2,1.1,2014-04-16,1647,Aqua,MODIS,50,6.2,295,7.8,N,0
-17.2811,125.0894,306.9,1.5,1.2,2014-04-16,1648,Aqua,MODIS,70,6.2,296.6,11,N,0
-17.3549,126.8379,305.8,1.2,1.1,2014-04-16,1648,Aqua,MODIS,66,6.2,294.3,7.8,N,0
-20.4939,123.5787,301.7,1.6,1.3,2014-04-16,1649,Aqua,MODIS,44,6.2,290.7,11.5,N,0
-20.4911,123.563,306.4,1.7,1.3,2014-04-16,1649,Aqua,MODIS,68,6.2,291.7,16.7,N,0
-20.502,123.5703,305,1.6,1.3,2014-04-16,1649,Aqua,MODIS,30,6.2,290.7,13.5,N,0
-33.001,119.8985,308.3,1.6,1.3,2014-04-16,1652,Aqua,MODIS,74,6.2,284.6,23.4,N,0
-33.1138,119.7527,303.7,1.6,1.3,2014-04-16,1652,Aqua,MODIS,57,6.2,284,18.4,N,0
-33.7176,118.177,310.7,2,1.4,2014-04-16,1653,Aqua,MODIS,81,6.2,271.3,40.9,N,0
-33.4706,118.6685,320.5,1.9,1.3,2014-04-16,1653,Aqua,MODIS,100,6.2,275.4,57.5,N,0
-33.4728,118.6609,318,1.9,1.3,2014-04-16,1653,Aqua,MODIS,96,6.2,273.9,51.1,N,0
-23.1244,142.7363,325.7,1.1,1.1,2014-04-17,0035,Terra,MODIS,69,6.2,308.3,14.1,D,0
-28.445,147.9199,316,1.4,1.2,2014-04-17,0037,Terra,MODIS,42,6.2,301.2,11.7,D,0
-32.1498,148.093,307.6,1.6,1.2,2014-04-17,0037,Terra,MODIS,29,6.2,294.2,8.1,D,0
-33.9717,136.267,313.5,1.7,1.3,2014-04-17,0038,Terra,MODIS,63,6.2,297.5,13.9,D,0
-33.9792,136.2589,312.5,1.7,1.3,2014-04-17,0038,Terra,MODIS,53,6.2,297.4,12.2,D,0
-33.1643,136.2572,319.4,1.8,1.3,2014-04-17,0038,Terra,MODIS,75,6.2,297.6,29.3,D,0
-35.5987,150.2114,312.5,2.4,1.5,2014-04-17,0038,Terra,MODIS,73,6.2,290,38.1,D,0
-35.0895,145.877,316.7,1.3,1.1,2014-04-17,0038,Terra,MODIS,74,6.2,293.8,17.3,D,0
-33.9678,136.2621,312.1,1.7,1.3,2014-04-17,0038,Terra,MODIS,43,6.2,297.4,11.3,D,0
-35.6048,150.2177,317.7,2.4,1.5,2014-04-17,0038,Terra,MODIS,78,6.2,290.2,56.8,D,0
-34.0653,138.7254,307.1,1.2,1.1,2014-04-17,0038,Terra,MODIS,42,6.2,292.8,6.4,D,0
-34.0664,138.7311,307.1,1.2,1.1,2014-04-17,0038,Terra,MODIS,46,6.2,292.5,6.3,D,0
-32.3636,148.3973,302.3,1.6,1.3,2014-04-17,0038,Terra,MODIS,39,6.2,292,6.7,D,0
-35.0461,148.3782,311.9,1.8,1.3,2014-04-17,0038,Terra,MODIS,72,6.2,289.4,25.7,D,0
-35.0479,148.3978,302.6,1.8,1.3,2014-04-17,0038,Terra,MODIS,52,6.2,290.6,11.9,D,0
-35.6328,148.1309,309,1.8,1.3,2014-04-17,0038,Terra,MODIS,68,6.2,286.2,22.7,D,0
-35.2679,148.5551,300.9,1.8,1.3,2014-04-17,0038,Terra,MODIS,40,6.2,281.8,12.9,D,0
-36.3943,144.654,308.7,1.2,1.1,2014-04-17,0039,Terra,MODIS,62,6.2,293.5,7.4,D,0
-37.7959,143.6559,308.7,1.1,1,2014-04-17,0039,Terra,MODIS,64,6.2,293.9,7.4,D,0
-35.5903,139.7005,312.1,1.1,1,2014-04-17,0039,Terra,MODIS,65,6.2,296.2,7.8,D,0
-36.8914,141.4044,312.9,1,1,2014-04-17,0039,Terra,MODIS,63,6.2,298.9,7.1,D,0
-13.9935,127.4234,323.7,1.7,1.3,2014-04-17,0211,Terra,MODIS,56,6.2,305.1,18.7,D,0
-14.4093,127.6601,324.3,1.8,1.3,2014-04-17,0211,Terra,MODIS,74,6.2,304.9,28.6,D,0
-16.9792,124.7625,321.2,1.2,1.1,2014-04-17,0212,Terra,MODIS,63,6.2,306.6,12,D,0
-15.829,129.582,318.6,2.6,1.5,2014-04-17,0212,Terra,MODIS,47,6.2,303.5,28.3,D,0
-17.1569,127.2586,317.6,1.8,1.3,2014-04-17,0212,Terra,MODIS,58,6.2,305.4,14.6,D,0
-17.0127,124.3979,325.8,1.2,1.1,2014-04-17,0212,Terra,MODIS,32,6.2,309.5,10.9,D,0
-17.2619,125.2056,326.1,1.3,1.1,2014-04-17,0212,Terra,MODIS,73,6.2,306.8,17.9,D,0
-17.1503,124.5189,330,1.2,1.1,2014-04-17,0212,Terra,MODIS,78,6.2,308.3,23.9,D,0
-17.0882,124.4433,330.8,1.2,1.1,2014-04-17,0212,Terra,MODIS,74,6.2,309.5,21.3,D,0
-17.3532,125.7866,321.7,1.4,1.2,2014-04-17,0212,Terra,MODIS,43,6.2,307.2,11.6,D,0
-16.9755,124.6588,339.3,1.2,1.1,2014-04-17,0212,Terra,MODIS,87,6.2,311.8,37.6,D,0
-17.2875,124.7839,326.9,1.2,1.1,2014-04-17,0212,Terra,MODIS,71,6.2,311.3,13.1,D,0
-17.0897,124.4366,325.1,1.2,1.1,2014-04-17,0212,Terra,MODIS,69,6.2,309.8,13.2,D,0
-17.5066,125.055,330,1.3,1.1,2014-04-17,0212,Terra,MODIS,78,6.2,309.6,23.1,D,0
-17.0911,124.4478,321.3,1.2,1.1,2014-04-17,0212,Terra,MODIS,45,6.2,308,8.3,D,0
-15.4864,130.0568,317.5,2.8,1.6,2014-04-17,0212,Terra,MODIS,62,6.2,302.5,29.8,D,0
-17.3037,125.3637,336.8,1.3,1.1,2014-04-17,0212,Terra,MODIS,85,6.2,304.9,43.2,D,0
-17.1384,124.4297,318.9,1.2,1.1,2014-04-17,0212,Terra,MODIS,34,6.2,307.6,7.7,D,0
-17.2999,125.3583,338.1,1.3,1.1,2014-04-17,0212,Terra,MODIS,86,6.2,306.1,46.9,D,0
-17.3728,125.516,318.1,1.4,1.2,2014-04-17,0212,Terra,MODIS,37,6.2,304.6,10.1,D,0
-16.9035,124.3413,351.2,1.2,1.1,2014-04-17,0212,Terra,MODIS,95,6.2,312.5,63.7,D,0
-16.902,124.3305,334.6,1.2,1.1,2014-04-17,0212,Terra,MODIS,80,6.2,308,26.7,D,0
-16.8791,124.329,328.9,1.2,1.1,2014-04-17,0212,Terra,MODIS,43,6.2,310.8,16.5,D,0
-17.0112,124.3869,342.2,1.2,1.1,2014-04-17,0212,Terra,MODIS,89,6.2,310.9,41.2,D,0
-17,124.3772,327.4,1.2,1.1,2014-04-17,0212,Terra,MODIS,56,6.2,310.3,14.7,D,0
-17.3196,125.1055,330.4,1.3,1.1,2014-04-17,0212,Terra,MODIS,72,6.2,308.2,22.1,D,0
-17.214,124.4585,320.8,1.2,1.1,2014-04-17,0212,Terra,MODIS,39,6.2,308.8,9.3,D,0
-17.3924,125.7535,318.2,1.4,1.2,2014-04-17,0212,Terra,MODIS,30,6.2,305.6,8.4,D,0
-17.2155,124.4697,324.8,1.2,1.1,2014-04-17,0212,Terra,MODIS,69,6.2,308.7,14.7,D,0
-17.2637,124.6816,326.9,1.2,1.1,2014-04-17,0212,Terra,MODIS,57,6.2,308.7,14.8,D,0
-17.2622,124.6701,399.9,1.2,1.1,2014-04-17,0212,Terra,MODIS,100,6.2,317.3,320.9,D,0
-17.3148,125.0688,325.1,1.3,1.1,2014-04-17,0212,Terra,MODIS,57,6.2,306.9,12.8,D,0
-17.2607,124.6587,378.1,1.2,1.1,2014-04-17,0212,Terra,MODIS,100,6.2,311.6,176,D,0
-17.0051,124.8057,319.7,1.2,1.1,2014-04-17,0212,Terra,MODIS,58,6.2,306.4,10.4,D,0
-15.8263,129.5576,317.9,2.6,1.5,2014-04-17,0212,Terra,MODIS,39,6.2,304.1,25.3,D,0
-16.3232,124.8043,322.1,1.2,1.1,2014-04-17,0212,Terra,MODIS,10,6.2,306.6,12.7,D,0
-15.8237,129.5881,320.9,2.6,1.5,2014-04-17,0212,Terra,MODIS,56,6.2,304.6,36,D,0
-15.8209,129.5638,325.6,2.6,1.5,2014-04-17,0212,Terra,MODIS,76,6.2,304.2,55.7,D,0
-17.2489,125.3459,318.2,1.3,1.1,2014-04-17,0212,Terra,MODIS,50,6.2,304.9,11,D,0
-16.2011,129.2212,325.8,2.5,1.5,2014-04-17,0212,Terra,MODIS,31,6.2,303.8,47.3,D,0
-16.3414,124.7902,332,1.2,1.1,2014-04-17,0212,Terra,MODIS,82,6.2,305.7,28,D,0
-17.2714,125.2779,320.3,1.3,1.1,2014-04-17,0212,Terra,MODIS,60,6.2,304.5,12.6,D,0
-15.7902,129.6658,317.5,2.6,1.6,2014-04-17,0212,Terra,MODIS,60,6.2,304.1,26,D,0
-17.3021,125.3511,325.3,1.3,1.1,2014-04-17,0212,Terra,MODIS,72,6.2,305.1,20.2,D,0
-16.8583,124.321,330,1.2,1.1,2014-04-17,0212,Terra,MODIS,74,6.2,309.7,18.8,D,0
-17.3573,124.8508,332.1,1.3,1.1,2014-04-17,0212,Terra,MODIS,80,6.2,310.4,26.7,D,0
-17.2934,125.3653,319.2,1.3,1.1,2014-04-17,0212,Terra,MODIS,52,6.2,305.8,11.1,D,0
-17.2493,124.6486,347.1,1.2,1.1,2014-04-17,0212,Terra,MODIS,93,6.2,309.7,59.3,D,0
-17.2992,125.1076,321.1,1.3,1.1,2014-04-17,0212,Terra,MODIS,55,6.2,306.4,10,D,0
-17.3015,125.371,323,1.3,1.1,2014-04-17,0212,Terra,MODIS,67,6.2,305.3,16.4,D,0
-17.505,125.043,324.3,1.3,1.1,2014-04-17,0212,Terra,MODIS,69,6.2,309.4,13.1,D,0
-17.3475,125.7794,326.3,1.4,1.2,2014-04-17,0212,Terra,MODIS,74,6.2,307.1,20.7,D,0
-17.3352,125.0665,340.4,1.3,1.1,2014-04-17,0212,Terra,MODIS,88,6.2,310.2,41.9,D,0
-16.8761,124.4517,327.1,1.2,1.1,2014-04-17,0212,Terra,MODIS,65,6.2,308.8,14.5,D,0
-17.3558,124.8391,324.5,1.3,1.1,2014-04-17,0212,Terra,MODIS,70,6.2,310.3,14.1,D,0
-17.3368,125.0785,332.7,1.3,1.1,2014-04-17,0212,Terra,MODIS,76,6.2,310.7,24.7,D,0
-16.98,124.6928,331.4,1.2,1.1,2014-04-17,0212,Terra,MODIS,75,6.2,309.1,24.6,D,0
-15.793,129.6898,317.9,2.6,1.6,2014-04-17,0212,Terra,MODIS,62,6.2,302.8,27.7,D,0
-16.5841,125.0854,333.4,1.3,1.1,2014-04-17,0212,Terra,MODIS,84,6.2,305.1,34.6,D,0
-16.6482,125.1902,322.2,1.3,1.1,2014-04-17,0212,Terra,MODIS,70,6.2,306.4,14.6,D,0
-16.6631,125.2252,317,1.3,1.1,2014-04-17,0212,Terra,MODIS,53,6.2,304.8,8.4,D,0
-16.574,125.0866,319.7,1.3,1.1,2014-04-17,0212,Terra,MODIS,65,6.2,305.8,12.3,D,0
-16.45,125.0737,322.8,1.3,1.1,2014-04-17,0212,Terra,MODIS,65,6.2,306.1,14.5,D,0
-16.2118,125.0423,322.5,1.2,1.1,2014-04-17,0212,Terra,MODIS,58,6.2,304.6,13.6,D,0
-16.2218,125.0413,327.6,1.2,1.1,2014-04-17,0212,Terra,MODIS,73,6.2,304.9,21,D,0
-16.338,125.1491,316.8,1.3,1.1,2014-04-17,0212,Terra,MODIS,47,6.2,304,7.6,D,0
-17.7487,124.1209,323.7,1.2,1.1,2014-04-17,0212,Terra,MODIS,65,6.2,308.8,11,D,0
-16.1623,125.0546,321.9,1.2,1.1,2014-04-17,0212,Terra,MODIS,43,6.2,306.1,12.4,D,0
-16.4035,125.1827,328.9,1.3,1.1,2014-04-17,0212,Terra,MODIS,79,6.2,305.6,26.3,D,0
-17.2678,127.1643,317.8,1.8,1.3,2014-04-17,0212,Terra,MODIS,57,6.2,304.9,14.2,D,0
-16.9109,127.4838,320.1,1.9,1.3,2014-04-17,0212,Terra,MODIS,66,6.2,306.2,18.7,D,0
-16.8989,127.4855,328.2,1.9,1.3,2014-04-17,0212,Terra,MODIS,78,6.2,305.5,40.1,D,0
-16.5856,125.0967,317.1,1.3,1.1,2014-04-17,0212,Terra,MODIS,54,6.2,304.3,8.5,D,0
-16.182,124.8945,353.3,1.2,1.1,2014-04-17,0212,Terra,MODIS,96,6.2,308.8,80.6,D,0
-16.1805,124.8833,338.4,1.2,1.1,2014-04-17,0212,Terra,MODIS,88,6.2,306,42.7,D,0
-17.7972,124.0193,323.1,1.1,1.1,2014-04-17,0212,Terra,MODIS,55,6.2,307.7,10.8,D,0
-16.2079,125.5485,323.7,1.3,1.1,2014-04-17,0212,Terra,MODIS,57,6.2,306.1,14.3,D,0
-16.2182,125.5471,332.6,1.3,1.1,2014-04-17,0212,Terra,MODIS,83,6.2,305.6,30.9,D,0
-16.3384,125.3071,326.2,1.3,1.1,2014-04-17,0212,Terra,MODIS,76,6.2,306.6,21.8,D,0
-16.1769,125.5527,323.8,1.3,1.1,2014-04-17,0212,Terra,MODIS,67,6.2,306.2,16.8,D,0
-16.0269,125.9743,315.2,1.4,1.2,2014-04-17,0212,Terra,MODIS,46,6.2,303,8.5,D,0
-16.1054,125.958,319.6,1.4,1.2,2014-04-17,0212,Terra,MODIS,66,6.2,305.2,13.7,D,0
-16.7316,132.2393,316.4,4.3,1.9,2014-04-17,0212,Terra,MODIS,59,6.2,296.7,66,D,0
-16.5667,125.4119,360.2,1.3,1.1,2014-04-17,0212,Terra,MODIS,100,6.2,308.8,112.5,D,0
-16.5803,125.4353,324,1.3,1.1,2014-04-17,0212,Terra,MODIS,66,6.2,305.6,16.5,D,0
-16.5786,125.4423,326.2,1.3,1.1,2014-04-17,0212,Terra,MODIS,68,6.2,306,20.3,D,0
-16.4074,125.4525,324.6,1.3,1.1,2014-04-17,0212,Terra,MODIS,72,6.2,306,18.1,D,0
-16.4089,125.4647,327.4,1.3,1.1,2014-04-17,0212,Terra,MODIS,77,6.2,307.6,22.8,D,0
-16.4105,125.4772,320.6,1.3,1.1,2014-04-17,0212,Terra,MODIS,38,6.2,306.4,10.8,D,0
-16.5531,125.3886,324.9,1.3,1.1,2014-04-17,0212,Terra,MODIS,74,6.2,305.2,19.4,D,0
-16.5548,125.4009,323.4,1.3,1.1,2014-04-17,0212,Terra,MODIS,50,6.2,307.4,15.9,D,0
-16.442,125.3977,315.7,1.3,1.1,2014-04-17,0212,Terra,MODIS,48,6.2,304.3,7.1,D,0
-16.206,129.2674,328.4,2.5,1.5,2014-04-17,0212,Terra,MODIS,59,6.2,304.3,57.9,D,0
-16.1508,129.2111,323.5,2.5,1.5,2014-04-17,0212,Terra,MODIS,57,6.2,303.7,41.3,D,0
-16.1644,129.2094,336.1,2.5,1.5,2014-04-17,0212,Terra,MODIS,86,6.2,305.1,97.1,D,0
-16.0149,129.6225,318.5,2.6,1.6,2014-04-17,0212,Terra,MODIS,28,6.2,303.6,24.2,D,0
-16.0287,129.6194,321.3,2.6,1.6,2014-04-17,0212,Terra,MODIS,69,6.2,303.7,36.7,D,0
-19.2191,121.8305,324.4,1,1,2014-04-17,0213,Terra,MODIS,61,6.2,312.1,7.7,D,0
-18.8499,121.6322,334,1,1,2014-04-17,0213,Terra,MODIS,57,6.2,310.6,21.5,D,0
-18.8589,121.6308,324.9,1,1,2014-04-17,0213,Terra,MODIS,56,6.2,312.4,10.2,D,0
-19.2177,121.821,336.8,1,1,2014-04-17,0213,Terra,MODIS,83,6.2,312.4,24.2,D,0
-17.9033,123.3118,325.9,1.1,1,2014-04-17,0213,Terra,MODIS,61,6.2,312.2,11.8,D,0
-17.9062,123.332,331.3,1.1,1,2014-04-17,0213,Terra,MODIS,78,6.2,311.3,18.3,D,0
-17.9076,123.3422,321.2,1.1,1,2014-04-17,0213,Terra,MODIS,42,6.2,309.2,6.3,D,0
-17.9048,123.3219,345.6,1.1,1,2014-04-17,0213,Terra,MODIS,91,6.2,313.1,44.2,D,0
-20.5017,123.5993,334.1,1.2,1.1,2014-04-17,0213,Terra,MODIS,76,6.2,313.1,22.7,D,0
-20.5002,123.5881,329.7,1.2,1.1,2014-04-17,0213,Terra,MODIS,48,6.2,314.3,14.1,D,0
-20.4973,123.5658,363,1.2,1.1,2014-04-17,0213,Terra,MODIS,100,6.2,317.7,96.2,D,0
-20.4958,123.5547,338.7,1.2,1.1,2014-04-17,0213,Terra,MODIS,85,6.2,314.2,31.9,D,0
-20.4987,123.5769,343.6,1.2,1.1,2014-04-17,0213,Terra,MODIS,89,6.2,316.2,40.1,D,0
-20.5084,123.5755,337.1,1.2,1.1,2014-04-17,0213,Terra,MODIS,79,6.2,309.6,27.7,D,0
-20.5055,123.5533,326.3,1.2,1.1,2014-04-17,0213,Terra,MODIS,65,6.2,308.2,12.1,D,0
-20.5069,123.5644,363,1.2,1.1,2014-04-17,0213,Terra,MODIS,100,6.2,309.9,98.1,D,0
-30.3199,116.3397,331.6,1.1,1,2014-04-17,0216,Terra,MODIS,84,6.2,300.6,28,D,0
-29.2463,115.3349,324.8,1.3,1.1,2014-04-17,0216,Terra,MODIS,78,6.2,301.1,21.9,D,0
-31.5553,116.4326,332.7,1.1,1,2014-04-17,0216,Terra,MODIS,86,6.2,298.2,29.9,D,0
-30.3312,116.349,334.1,1.1,1,2014-04-17,0216,Terra,MODIS,86,6.2,300.3,31.2,D,0
-31.562,116.4362,316.5,1.1,1,2014-04-17,0216,Terra,MODIS,71,6.2,298.5,11,D,0
-30.6458,116.817,324.1,1.1,1,2014-04-17,0216,Terra,MODIS,27,6.2,299,13.5,D,0
-31.4535,116.5531,310.2,1.1,1,2014-04-17,0216,Terra,MODIS,54,6.2,286.5,6.3,D,0
-31.0603,117.0415,339.8,1,1,2014-04-17,0216,Terra,MODIS,85,6.2,300.5,39.1,D,0
-31.7502,117.8061,316.9,1,1,2014-04-17,0216,Terra,MODIS,70,6.2,300.3,8.5,D,0
-30.3293,116.3376,342.6,1.1,1,2014-04-17,0216,Terra,MODIS,91,6.2,301.3,46.8,D,0
-30.655,116.815,339.5,1.1,1,2014-04-17,0216,Terra,MODIS,90,6.2,301.9,36.6,D,0
-31.4443,116.5551,334.4,1.1,1,2014-04-17,0216,Terra,MODIS,87,6.2,290.7,32.9,D,0
-31.4425,116.5439,347,1.1,1,2014-04-17,0216,Terra,MODIS,94,6.2,289.6,56.5,D,0
-31.0586,117.0307,321.9,1,1,2014-04-17,0216,Terra,MODIS,75,6.2,296.4,14.3,D,0
-31.4029,117.5249,312,1,1,2014-04-17,0216,Terra,MODIS,57,6.2,297.3,5.2,D,0
-31.1084,116.2529,316.2,1.1,1,2014-04-17,0216,Terra,MODIS,58,6.2,301.1,7.9,D,0
-29.7714,115.3964,316.5,1.2,1.1,2014-04-17,0216,Terra,MODIS,67,6.2,298.6,10.5,D,0
-31.1065,116.2414,332.8,1.1,1,2014-04-17,0216,Terra,MODIS,86,6.2,303.6,28.8,D,0
-31.5504,117.8264,333.7,1,1,2014-04-17,0216,Terra,MODIS,86,6.2,300.8,27,D,0
-31.0972,116.2435,318.6,1.1,1,2014-04-17,0216,Terra,MODIS,72,6.2,301.7,10.6,D,0
-31.5488,117.8158,327.2,1,1,2014-04-17,0216,Terra,MODIS,82,6.2,299.9,18.8,D,0
-29.7813,115.3941,335.7,1.2,1.1,2014-04-17,0216,Terra,MODIS,87,6.2,298.7,40,D,0
-31.4517,116.5419,317.1,1.1,1,2014-04-17,0216,Terra,MODIS,72,6.2,288.3,12.6,D,0
-30.3218,116.351,322.5,1.1,1,2014-04-17,0216,Terra,MODIS,76,6.2,299.9,15.8,D,0
-29.2457,115.3277,326.5,1.3,1.1,2014-04-17,0216,Terra,MODIS,79,6.2,301.6,23.1,D,0
-30.2817,115.9885,317.5,1.1,1.1,2014-04-17,0216,Terra,MODIS,68,6.2,300.1,11.1,D,0
-29.3395,115.2804,319.9,1.3,1.1,2014-04-17,0216,Terra,MODIS,72,6.2,300.9,12.9,D,0
-29.2479,115.3408,319,1.3,1.1,2014-04-17,0216,Terra,MODIS,59,6.2,299.8,12.4,D,0
-31.5242,116.7139,339.4,1,1,2014-04-17,0216,Terra,MODIS,90,6.2,287.1,42.6,D,0
-33.3635,118.3293,312.8,1,1,2014-04-17,0217,Terra,MODIS,53,6.2,300.4,5.3,D,0
-33.0778,116.8431,315.7,1,1,2014-04-17,0217,Terra,MODIS,67,6.2,294,10.5,D,0
-33.0161,117.7119,322.4,1,1,2014-04-17,0217,Terra,MODIS,77,6.2,301.4,13.9,D,0
-33.0177,117.7225,328.3,1,1,2014-04-17,0217,Terra,MODIS,82,6.2,300.7,20.4,D,0
-31.9563,117.828,327.9,1,1,2014-04-17,0217,Terra,MODIS,83,6.2,287.7,22.8,D,0
-33.4733,118.3239,318.8,1,1,2014-04-17,0217,Terra,MODIS,74,6.2,299.1,10.2,D,0
-31.9473,117.8298,314.5,1,1,2014-04-17,0217,Terra,MODIS,68,6.2,285.3,9.7,D,0
-33.4193,118.0129,315.8,1,1,2014-04-17,0217,Terra,MODIS,50,6.2,299.5,6.7,D,0
-33.5794,117.5403,314.5,1,1,2014-04-17,0217,Terra,MODIS,42,6.2,297.6,9,D,0
-33.0267,117.7207,312.6,1,1,2014-04-17,0217,Terra,MODIS,27,6.2,300.1,4.8,D,0
-31.8924,117.3533,325.6,1,1,2014-04-17,0217,Terra,MODIS,81,6.2,292.7,18.2,D,0
-33.4283,118.0111,315.3,1,1,2014-04-17,0217,Terra,MODIS,36,6.2,299.5,6.2,D,0
-32.9145,118.0245,317.5,1,1,2014-04-17,0217,Terra,MODIS,70,6.2,298.8,10.1,D,0
-31.9015,117.3514,321.6,1,1,2014-04-17,0217,Terra,MODIS,77,6.2,292.9,14.9,D,0
-33.3604,118.3077,315.4,1,1,2014-04-17,0217,Terra,MODIS,67,6.2,300.3,7.4,D,0
-33.362,118.3185,330.2,1,1,2014-04-17,0217,Terra,MODIS,84,6.2,301,23.4,D,0
-33.4718,118.313,326.8,1,1,2014-04-17,0217,Terra,MODIS,82,6.2,301.1,18.6,D,0
-31.8998,117.3407,307.6,1,1,2014-04-17,0217,Terra,MODIS,41,6.2,290.4,3.4,D,0
-32.1928,118.6949,309.3,1,1,2014-04-17,0217,Terra,MODIS,59,6.2,295.1,4.1,D,0
-33.4181,121.7716,306.3,1.3,1.1,2014-04-17,0217,Terra,MODIS,37,6.2,285.7,7.1,D,0
-33.4165,121.7573,305,1.3,1.1,2014-04-17,0217,Terra,MODIS,29,6.2,284.7,6.2,D,0
-33.5445,121.8042,311.8,1.3,1.1,2014-04-17,0217,Terra,MODIS,65,6.2,291.4,9.6,D,0
-33.5428,121.7899,324.1,1.3,1.1,2014-04-17,0217,Terra,MODIS,80,6.2,292.9,26.8,D,0
-33.5325,121.7915,331.7,1.3,1.1,2014-04-17,0217,Terra,MODIS,86,6.2,289.6,39.6,D,0
-32.3978,116.8647,329.6,1,1,2014-04-17,0217,Terra,MODIS,84,6.2,300.2,23.3,D,0
-32.8044,117.4048,325,1,1,2014-04-17,0217,Terra,MODIS,80,6.2,299,16.8,D,0
-32.8028,117.3941,318.3,1,1,2014-04-17,0217,Terra,MODIS,72,6.2,298.8,9.8,D,0
-32.7938,117.396,328.3,1,1,2014-04-17,0217,Terra,MODIS,83,6.2,298.8,19.6,D,0
-33.1677,121.1838,306.3,1.2,1.1,2014-04-17,0217,Terra,MODIS,47,6.2,281.7,7.4,D,0
-33.1577,121.1855,306.4,1.2,1.1,2014-04-17,0217,Terra,MODIS,59,6.2,280.8,8,D,0
-31.9736,117.7634,310.2,1,1,2014-04-17,0217,Terra,MODIS,60,6.2,285.9,7.4,D,0
-31.9646,117.7653,328.9,1,1,2014-04-17,0217,Terra,MODIS,84,6.2,286.9,25.2,D,0
-33.6396,119.6763,308.2,1.1,1,2014-04-17,0217,Terra,MODIS,38,6.2,289.1,4.5,D,0
-32.1079,117.2518,324.7,1,1,2014-04-17,0217,Terra,MODIS,80,6.2,299,17.7,D,0
-32.2546,117.0084,323.9,1,1,2014-04-17,0217,Terra,MODIS,79,6.2,290.2,18.1,D,0
-32.2562,117.0191,327.5,1,1,2014-04-17,0217,Terra,MODIS,83,6.2,290.1,22.1,D,0
-32.4069,116.8628,319.7,1,1,2014-04-17,0217,Terra,MODIS,75,6.2,298.5,12.5,D,0
-35.6091,150.2221,310.1,3.3,1.7,2014-04-17,0316,Aqua,MODIS,25,6.2,290.8,51.5,D,0
-34.3586,147.6488,321.9,4.7,2,2014-04-17,0317,Aqua,MODIS,81,6.2,292.4,151.1,D,0
-34.4153,147.5557,308.3,4.7,2,2014-04-17,0317,Aqua,MODIS,55,6.2,293.7,48.3,D,0
-34.1729,147.4155,325.2,4.8,2,2014-04-17,0317,Aqua,MODIS,73,6.2,294.5,169.1,D,0
-34.1321,147.5194,313.6,4.7,2,2014-04-17,0317,Aqua,MODIS,74,6.2,293.8,73.2,D,0
-34.4654,147.6634,307,4.7,2,2014-04-17,0317,Aqua,MODIS,45,6.2,290.6,40.6,D,0
-34.1356,147.5166,315.1,4.7,2,2014-04-17,0317,Aqua,MODIS,75,6.2,294.1,84.5,D,0
-34.1342,147.4666,317.4,4.8,2,2014-04-17,0317,Aqua,MODIS,77,6.2,293.6,104.7,D,0
-34.3567,147.6568,321.5,4.7,2,2014-04-17,0317,Aqua,MODIS,81,6.2,292,146.5,D,0
-34.1699,147.4236,315,4.8,2,2014-04-17,0317,Aqua,MODIS,49,6.2,294,84.6,D,0
-34.138,147.4639,316.3,4.8,2,2014-04-17,0317,Aqua,MODIS,76,6.2,292.6,93.8,D,0
-34.3564,147.7008,309.9,4.6,2,2014-04-17,0317,Aqua,MODIS,69,6.2,288.6,54.5,D,0
-34.4623,147.6674,307.9,4.7,2,2014-04-17,0317,Aqua,MODIS,58,6.2,290.4,46.4,D,0
-34.032,148.2116,313.4,4.3,1.9,2014-04-17,0317,Aqua,MODIS,73,6.2,290.7,73.6,D,0
-34.0307,148.2029,310.2,4.3,1.9,2014-04-17,0317,Aqua,MODIS,43,6.2,290.5,52.2,D,0
-34.464,148.4577,308.2,4.2,1.9,2014-04-17,0317,Aqua,MODIS,67,6.2,292.7,55.9,D,0
-34.4626,148.4532,308.5,4.2,1.9,2014-04-17,0317,Aqua,MODIS,61,6.2,292.7,54.9,D,0
-25.7621,152.9178,345.4,1.6,1.3,2014-04-17,0319,Aqua,MODIS,62,6.2,292.5,102.4,D,0
-22.1644,147.3526,312.3,3.7,1.8,2014-04-17,0320,Aqua,MODIS,23,6.2,294.6,40.9,D,0
-43.1179,146.8516,344.4,2,1.4,2014-04-17,0452,Aqua,MODIS,87,6.2,286.3,146.4,D,0
-42.9838,146.7355,346.9,2,1.4,2014-04-17,0452,Aqua,MODIS,89,6.2,281.8,158.2,D,0
-42.9901,146.7073,336.5,2,1.4,2014-04-17,0452,Aqua,MODIS,90,6.2,283.8,107.7,D,0
-42.3378,147.5564,301,2.3,1.5,2014-04-17,0452,Aqua,MODIS,38,6.2,279.7,18.9,D,0
-43.1185,146.859,367.2,2,1.4,2014-04-17,0452,Aqua,MODIS,87,6.2,286.5,304.6,D,0
-42.8533,146.7731,322.5,2,1.4,2014-04-17,0452,Aqua,MODIS,77,6.2,283.2,60.9,D,0
-37.9903,143.9359,332.4,1.9,1.3,2014-04-17,0454,Aqua,MODIS,88,6.2,291.9,72.5,D,0
-36.0563,142.2135,322.5,1.6,1.3,2014-04-17,0454,Aqua,MODIS,78,6.2,287.7,32,D,0
-35.9078,141.8398,307,1.6,1.2,2014-04-17,0454,Aqua,MODIS,14,6.2,290.8,7.1,D,0
-35.7956,141.873,318.9,1.6,1.2,2014-04-17,0454,Aqua,MODIS,61,6.2,296.7,22.1,D,0
-35.7945,141.8858,313.5,1.6,1.2,2014-04-17,0454,Aqua,MODIS,47,6.2,296.9,13.3,D,0
-35.7868,141.865,312.1,1.6,1.2,2014-04-17,0454,Aqua,MODIS,28,6.2,295.5,11.5,D,0
-37.4184,143.1736,315.2,1.7,1.3,2014-04-17,0454,Aqua,MODIS,75,6.2,293.5,21.3,D,0
-37.4123,143.1768,313.1,1.7,1.3,2014-04-17,0454,Aqua,MODIS,73,6.2,293,18.7,D,0
-37.5266,143.139,321.4,1.7,1.3,2014-04-17,0454,Aqua,MODIS,81,6.2,291.3,33.9,D,0
-37.5227,143.1583,319.3,1.7,1.3,2014-04-17,0454,Aqua,MODIS,79,6.2,290.9,29.9,D,0
-37.8479,143.4564,321.9,1.8,1.3,2014-04-17,0454,Aqua,MODIS,81,6.2,288.3,40.9,D,0
-36.6844,144.7254,309,2.2,1.5,2014-04-17,0454,Aqua,MODIS,49,6.2,293.7,17.1,D,0
-36.6896,144.7011,314.6,2.2,1.4,2014-04-17,0454,Aqua,MODIS,74,6.2,293.1,31,D,0
-36.6768,144.6969,310.8,2.2,1.4,2014-04-17,0454,Aqua,MODIS,57,6.2,292.7,20.2,D,0
-37.6284,143.434,318,1.8,1.3,2014-04-17,0454,Aqua,MODIS,78,6.2,291.1,32.3,D,0
-37.6325,143.414,339.6,1.8,1.3,2014-04-17,0454,Aqua,MODIS,92,6.2,291.5,94.2,D,0
-37.6341,143.4288,332.5,1.8,1.3,2014-04-17,0454,Aqua,MODIS,88,6.2,291,70.2,D,0
-37.6381,143.4089,325.5,1.8,1.3,2014-04-17,0454,Aqua,MODIS,84,6.2,290.7,49.6,D,0
-38.0265,143.2723,331.3,1.7,1.3,2014-04-17,0454,Aqua,MODIS,87,6.2,288,61.2,D,0
-38.0304,143.2531,335.5,1.7,1.3,2014-04-17,0454,Aqua,MODIS,90,6.2,292.7,73.6,D,0
-38.0151,143.2686,308.7,1.7,1.3,2014-04-17,0454,Aqua,MODIS,62,6.2,287.4,14.5,D,0
-37.5796,143.4532,317.5,1.8,1.3,2014-04-17,0454,Aqua,MODIS,62,6.2,292.3,28,D,0
-37.572,143.4297,367.3,1.8,1.3,2014-04-17,0454,Aqua,MODIS,100,6.2,296.4,241.4,D,0
-37.5761,143.4099,344.4,1.8,1.3,2014-04-17,0454,Aqua,MODIS,94,6.2,294.8,108.7,D,0
-37.5563,143.4459,314,1.8,1.3,2014-04-17,0454,Aqua,MODIS,62,6.2,292.3,20.7,D,0
-37.5604,143.4259,319,1.8,1.3,2014-04-17,0454,Aqua,MODIS,79,6.2,293.6,30.6,D,0
-38.019,143.2493,313.6,1.7,1.3,2014-04-17,0454,Aqua,MODIS,74,6.2,291.2,21.9,D,0
-37.8723,143.2769,315,1.7,1.3,2014-04-17,0454,Aqua,MODIS,75,6.2,282.5,25.4,D,0
-37.5489,143.3319,310.4,1.8,1.3,2014-04-17,0454,Aqua,MODIS,70,6.2,293.1,16.7,D,0
-37.5528,143.3121,305.4,1.8,1.3,2014-04-17,0454,Aqua,MODIS,61,6.2,291.7,9,D,0
-36.3524,140.7045,319.3,1.3,1.1,2014-04-17,0454,Aqua,MODIS,73,6.2,296.7,21.4,D,0
-37.8845,143.0982,308.3,1.7,1.3,2014-04-17,0454,Aqua,MODIS,67,6.2,291.2,11.4,D,0
-37.8883,143.0794,313.1,1.7,1.3,2014-04-17,0454,Aqua,MODIS,73,6.2,288.6,19.1,D,0
-37.8764,143.0887,365.1,1.7,1.3,2014-04-17,0454,Aqua,MODIS,94,6.2,295.4,209.1,D,0
-37.8801,143.0699,328.8,1.7,1.3,2014-04-17,0454,Aqua,MODIS,75,6.2,292.6,52.3,D,0
-37.8574,142.9431,307,1.6,1.3,2014-04-17,0454,Aqua,MODIS,65,6.2,290.2,11,D,0
-37.7832,143.0928,310.6,1.7,1.3,2014-04-17,0454,Aqua,MODIS,66,6.2,291.8,14.9,D,0
-37.7869,143.0739,306.9,1.7,1.3,2014-04-17,0454,Aqua,MODIS,64,6.2,292.3,9.3,D,0
-36.8037,142.7323,310.3,1.7,1.3,2014-04-17,0454,Aqua,MODIS,65,6.2,285.4,17.3,D,0
-36.2466,140.6523,316.4,1.3,1.1,2014-04-17,0454,Aqua,MODIS,57,6.2,298.2,15.4,D,0
-36.8904,141.2527,318.7,1.4,1.2,2014-04-17,0454,Aqua,MODIS,76,6.2,296.5,20.9,D,0
-36.8875,141.2682,316.2,1.4,1.2,2014-04-17,0454,Aqua,MODIS,66,6.2,292.6,17.9,D,0
-38.0272,143.6146,330,1.8,1.3,2014-04-17,0454,Aqua,MODIS,87,6.2,277,65.7,D,0
-37.865,142.556,315,1.6,1.2,2014-04-17,0454,Aqua,MODIS,67,6.2,290,19.8,D,0
-37.8321,142.5455,322.3,1.6,1.2,2014-04-17,0454,Aqua,MODIS,82,6.2,288.2,33.2,D,0
-37.839,142.5103,330,1.6,1.2,2014-04-17,0454,Aqua,MODIS,87,6.2,287.4,49.3,D,0
-36.1472,141.4899,336.8,1.5,1.2,2014-04-17,0454,Aqua,MODIS,89,6.2,294.6,61.2,D,0
-36.0842,141.5232,312.9,1.5,1.2,2014-04-17,0454,Aqua,MODIS,65,6.2,295,12.4,D,0
-36.0998,141.4413,363.9,1.5,1.2,2014-04-17,0454,Aqua,MODIS,100,6.2,300.7,164.9,D,0
-36.0734,141.52,364.7,1.5,1.2,2014-04-17,0454,Aqua,MODIS,100,6.2,296.8,171,D,0
-36.0765,141.5037,345.9,1.5,1.2,2014-04-17,0454,Aqua,MODIS,94,6.2,295,88.9,D,0
-36.8074,142.7136,304.6,1.7,1.3,2014-04-17,0454,Aqua,MODIS,42,6.2,283.3,9.7,D,0
-36.962,142.9963,335,1.7,1.3,2014-04-17,0454,Aqua,MODIS,89,6.2,292.3,72,D,0
-36.9658,142.9771,308.3,1.7,1.3,2014-04-17,0454,Aqua,MODIS,22,6.2,291.1,10.4,D,0
-36.9115,143.1252,332.4,1.8,1.3,2014-04-17,0454,Aqua,MODIS,87,6.2,293.1,66.1,D,0
-37.845,143.3506,325.2,1.7,1.3,2014-04-17,0454,Aqua,MODIS,84,6.2,287.3,48.2,D,0
-37.8497,143.3453,322.7,1.7,1.3,2014-04-17,0454,Aqua,MODIS,82,6.2,286.8,41.4,D,0
-36.9155,143.1056,309.6,1.8,1.3,2014-04-17,0454,Aqua,MODIS,56,6.2,292,12.1,D,0
-36.9234,143.0666,328.2,1.8,1.3,2014-04-17,0454,Aqua,MODIS,85,6.2,289.8,51.2,D,0
-37.9599,143.1428,317.8,1.7,1.3,2014-04-17,0454,Aqua,MODIS,78,6.2,292.9,25.9,D,0
-37.9523,143.1201,350.1,1.7,1.3,2014-04-17,0454,Aqua,MODIS,91,6.2,293.2,123.5,D,0
-37.941,143.1164,385.6,1.7,1.3,2014-04-17,0454,Aqua,MODIS,100,6.2,295.6,369,D,0
-36.9273,143.0471,360.8,1.8,1.3,2014-04-17,0454,Aqua,MODIS,100,6.2,293.4,193,D,0
-35.6906,143.045,311.4,1.9,1.3,2014-04-17,0454,Aqua,MODIS,62,6.2,296.1,11.8,D,0
-37.5296,143.9046,309.5,1.9,1.3,2014-04-17,0454,Aqua,MODIS,69,6.2,278.5,23.8,D,0
-37.5264,143.8963,305.1,1.9,1.3,2014-04-17,0454,Aqua,MODIS,57,6.2,278.4,17.4,D,0
-37.8439,143.4761,313.7,1.8,1.3,2014-04-17,0454,Aqua,MODIS,74,6.2,288.2,23.1,D,0
-37.886,143.5118,314,1.8,1.3,2014-04-17,0454,Aqua,MODIS,74,6.2,291.9,22.4,D,0
-37.9524,143.5184,307.8,1.8,1.3,2014-04-17,0454,Aqua,MODIS,64,6.2,293.1,11.3,D,0
-37.2515,143.5371,313.9,1.8,1.3,2014-04-17,0454,Aqua,MODIS,61,6.2,291.9,21.8,D,0
-37.6142,143.1265,322.2,1.7,1.3,2014-04-17,0454,Aqua,MODIS,62,6.2,291.2,37.3,D,0
-37.6087,143.1302,312.6,1.7,1.3,2014-04-17,0454,Aqua,MODIS,60,6.2,291.3,19.8,D,0
-37.2485,143.5219,311.6,1.8,1.3,2014-04-17,0454,Aqua,MODIS,71,6.2,292.5,19.7,D,0
-37.2443,143.5421,313.2,1.8,1.3,2014-04-17,0454,Aqua,MODIS,73,6.2,292.9,22.5,D,0
-37.3049,143.4308,318.8,1.8,1.3,2014-04-17,0454,Aqua,MODIS,79,6.2,287,36.8,D,0
-37.2757,144.0786,304.8,2,1.4,2014-04-17,0454,Aqua,MODIS,57,6.2,279.3,15.9,D,0
-37.1248,143.3369,332.5,1.8,1.3,2014-04-17,0454,Aqua,MODIS,88,6.2,290.6,69.1,D,0
-37.1133,143.3324,322.5,1.8,1.3,2014-04-17,0454,Aqua,MODIS,82,6.2,289.8,43.2,D,0
-37.0975,143.3485,318.2,1.8,1.3,2014-04-17,0454,Aqua,MODIS,58,6.2,290.9,32.4,D,0
-37.3656,144.7895,311.5,2.2,1.4,2014-04-17,0454,Aqua,MODIS,38,6.2,289.2,25.3,D,0
-37.0658,143.1033,311,1.8,1.3,2014-04-17,0454,Aqua,MODIS,70,6.2,292.8,16.8,D,0
-37.369,144.7719,324.9,2.2,1.4,2014-04-17,0454,Aqua,MODIS,83,6.2,292.2,67,D,0
-37.3708,144.7651,318.6,2.2,1.4,2014-04-17,0454,Aqua,MODIS,75,6.2,292.2,44.7,D,0
-36.9022,143.3563,307,1.8,1.3,2014-04-17,0454,Aqua,MODIS,54,6.2,294.5,10.1,D,0
-36.6225,143.3192,321,1.9,1.3,2014-04-17,0454,Aqua,MODIS,76,6.2,287.2,37.2,D,0
-37.7432,142.7575,334.4,1.6,1.3,2014-04-17,0454,Aqua,MODIS,89,6.2,288.7,65.3,D,0
-37.7579,142.743,313,1.6,1.3,2014-04-17,0454,Aqua,MODIS,73,6.2,287,19.8,D,0
-37.7543,142.7611,362,1.6,1.3,2014-04-17,0454,Aqua,MODIS,100,6.2,289.7,182.1,D,0
-37.8487,142.7596,304.2,1.6,1.2,2014-04-17,0454,Aqua,MODIS,58,6.2,285.4,9.1,D,0
-37.8452,142.7775,301.6,1.6,1.3,2014-04-17,0454,Aqua,MODIS,48,6.2,285.6,6.4,D,0
-37.8237,142.8873,307.6,1.6,1.3,2014-04-17,0454,Aqua,MODIS,53,6.2,287.4,12.3,D,0
-37.8866,142.7965,304.9,1.6,1.3,2014-04-17,0454,Aqua,MODIS,60,6.2,286.4,9.9,D,0
-37.9329,143.4009,306.7,1.7,1.3,2014-04-17,0454,Aqua,MODIS,64,6.2,285.6,12.3,D,0
-36.5409,144.696,336.5,2.3,1.5,2014-04-17,0454,Aqua,MODIS,90,6.2,296.1,114.1,D,0
-36.5457,144.693,320.2,2.3,1.5,2014-04-17,0454,Aqua,MODIS,79,6.2,294.8,44.8,D,0
-36.5328,144.6887,320.6,2.3,1.5,2014-04-17,0454,Aqua,MODIS,79,6.2,295,45.4,D,0
-37.2443,140.7892,328.7,1.3,1.1,2014-04-17,0454,Aqua,MODIS,85,6.2,298.2,34.4,D,0
-37.2417,140.8038,325.1,1.3,1.1,2014-04-17,0454,Aqua,MODIS,83,6.2,297.3,28.6,D,0
-37.9759,143.9256,328,1.9,1.3,2014-04-17,0454,Aqua,MODIS,85,6.2,292.8,58.3,D,0
-37.9716,143.9466,307.8,1.9,1.3,2014-04-17,0454,Aqua,MODIS,45,6.2,292.1,13,D,0
-37.9878,143.9297,337.2,1.9,1.3,2014-04-17,0454,Aqua,MODIS,90,6.2,293.1,90.5,D,0
-37.9834,143.9508,307.7,1.9,1.3,2014-04-17,0454,Aqua,MODIS,45,6.2,291.4,13.1,D,0
-37.6427,142.7391,347.4,1.6,1.3,2014-04-17,0454,Aqua,MODIS,95,6.2,290.9,105.4,D,0
-37.6937,142.6591,322.7,1.6,1.2,2014-04-17,0454,Aqua,MODIS,82,6.2,290.8,34.7,D,0
-37.6901,142.6774,314.3,1.6,1.2,2014-04-17,0454,Aqua,MODIS,67,6.2,290.5,18.3,D,0
-37.6909,142.6637,323.7,1.6,1.2,2014-04-17,0454,Aqua,MODIS,56,6.2,290.8,33.4,D,0
-37.6878,142.7979,316.4,1.6,1.3,2014-04-17,0454,Aqua,MODIS,72,6.2,292.3,21,D,0
-37.6841,142.8161,330.3,1.6,1.3,2014-04-17,0454,Aqua,MODIS,75,6.2,293.5,51.2,D,0
-37.6945,142.6458,327.2,1.6,1.2,2014-04-17,0454,Aqua,MODIS,61,6.2,290.5,40.1,D,0
-37.6971,142.6412,318.7,1.6,1.2,2014-04-17,0454,Aqua,MODIS,79,6.2,290.5,25.8,D,0
-37.6635,142.573,306.2,1.6,1.2,2014-04-17,0454,Aqua,MODIS,63,6.2,288.7,9.4,D,0
-37.605,142.6311,307.4,1.6,1.2,2014-04-17,0454,Aqua,MODIS,53,6.2,293.6,7.9,D,0
-37.6029,142.6425,308.1,1.6,1.2,2014-04-17,0454,Aqua,MODIS,66,6.2,293.1,9.8,D,0
-37.6202,142.553,308.1,1.6,1.2,2014-04-17,0454,Aqua,MODIS,21,6.2,293.1,9.5,D,0
-36.2612,142.5866,327.9,1.7,1.3,2014-04-17,0454,Aqua,MODIS,83,6.2,290.5,46.2,D,0
-36.2575,142.6054,322,1.7,1.3,2014-04-17,0454,Aqua,MODIS,78,6.2,290.5,31.7,D,0
-36.2726,142.5901,317.4,1.7,1.3,2014-04-17,0454,Aqua,MODIS,61,6.2,291.6,22.1,D,0
-36.2689,142.609,313.9,1.7,1.3,2014-04-17,0454,Aqua,MODIS,50,6.2,288.9,15.8,D,0
-37.6057,142.5673,323,1.6,1.2,2014-04-17,0454,Aqua,MODIS,82,6.2,293.2,35.6,D,0
-37.6091,142.5495,335.7,1.6,1.2,2014-04-17,0454,Aqua,MODIS,90,6.2,294.5,67.6,D,0
-37.4725,142.5959,304.3,1.6,1.2,2014-04-17,0454,Aqua,MODIS,51,6.2,286.8,10.1,D,0
-37.3761,143.3528,305.6,1.8,1.3,2014-04-17,0454,Aqua,MODIS,49,6.2,288.9,10.5,D,0
-37.5105,142.7039,319,1.6,1.3,2014-04-17,0454,Aqua,MODIS,77,6.2,293.3,27.7,D,0
-37.507,142.7222,319,1.6,1.3,2014-04-17,0454,Aqua,MODIS,77,6.2,292.2,28.3,D,0
-37.5072,142.7082,311.7,1.6,1.3,2014-04-17,0454,Aqua,MODIS,70,6.2,292.7,16.1,D,0
-37.5183,142.7117,333,1.6,1.3,2014-04-17,0454,Aqua,MODIS,88,6.2,294.8,61.3,D,0
-37.5147,142.73,311,1.6,1.3,2014-04-17,0454,Aqua,MODIS,67,6.2,290.9,15.1,D,0
-36.4502,142.225,317.3,1.6,1.2,2014-04-17,0454,Aqua,MODIS,71,6.2,293.4,20.9,D,0
-36.6389,140.0798,307.2,1.2,1.1,2014-04-17,0454,Aqua,MODIS,53,6.2,285.4,7.9,D,0
-36.6413,140.0661,304.8,1.2,1.1,2014-04-17,0454,Aqua,MODIS,24,6.2,283.7,6,D,0
-36.2262,143.0707,321.6,1.8,1.3,2014-04-17,0454,Aqua,MODIS,76,6.2,295.7,32.8,D,0
-36.2353,143.0592,310.1,1.8,1.3,2014-04-17,0454,Aqua,MODIS,50,6.2,291.1,12.4,D,0
-36.7305,141.1124,348.9,1.4,1.2,2014-04-17,0454,Aqua,MODIS,90,6.2,295.9,91.7,D,0
-36.756,141.1522,312.5,1.4,1.2,2014-04-17,0454,Aqua,MODIS,47,6.2,292.6,11.9,D,0
-37.072,143.9019,305.4,2,1.4,2014-04-17,0454,Aqua,MODIS,50,6.2,288,10.9,D,0
-36.2312,143.0792,317.4,1.8,1.3,2014-04-17,0454,Aqua,MODIS,73,6.2,294.5,25.8,D,0
-36.4511,143.161,318.4,1.8,1.3,2014-04-17,0454,Aqua,MODIS,75,6.2,299.2,26.7,D,0
-36.5798,142.3339,334.3,1.6,1.3,2014-04-17,0454,Aqua,MODIS,88,6.2,292.4,63.9,D,0
-36.5834,142.316,320.4,1.6,1.3,2014-04-17,0454,Aqua,MODIS,77,6.2,291.6,29.8,D,0
-36.9112,143.3448,308.7,1.8,1.3,2014-04-17,0454,Aqua,MODIS,64,6.2,294,12.2,D,0
-36.9475,143.2898,307.1,1.8,1.3,2014-04-17,0454,Aqua,MODIS,24,6.2,292.2,11.1,D,0
-36.9667,143.318,309.8,1.8,1.3,2014-04-17,0454,Aqua,MODIS,66,6.2,291.7,15.3,D,0
-37.5081,143.0645,336.3,1.7,1.3,2014-04-17,0454,Aqua,MODIS,90,6.2,293.5,74.1,D,0
-37.5043,143.0836,330.8,1.7,1.3,2014-04-17,0454,Aqua,MODIS,87,6.2,292.1,57.1,D,0
-37.5194,143.0683,307.9,1.7,1.3,2014-04-17,0454,Aqua,MODIS,59,6.2,291,9.6,D,0
-37.5157,143.0874,306.5,1.7,1.3,2014-04-17,0454,Aqua,MODIS,64,6.2,290.6,8.6,D,0
-36.9773,142.9807,313.1,1.7,1.3,2014-04-17,0454,Aqua,MODIS,37,6.2,291.8,17.1,D,0
-36.9726,142.9865,315.8,1.7,1.3,2014-04-17,0454,Aqua,MODIS,39,6.2,292.1,21.2,D,0
-36.9687,143.0057,320,1.7,1.3,2014-04-17,0454,Aqua,MODIS,69,6.2,292,29.5,D,0
-37.5119,143.1066,313.6,1.7,1.3,2014-04-17,0454,Aqua,MODIS,74,6.2,291.8,19.6,D,0
-37.5155,143.0741,323.4,1.7,1.3,2014-04-17,0454,Aqua,MODIS,82,6.2,291.6,36.8,D,0
-37.618,143.1074,319.4,1.7,1.3,2014-04-17,0454,Aqua,MODIS,75,6.2,291.3,31.7,D,0
-37.6126,143.111,327.9,1.7,1.3,2014-04-17,0454,Aqua,MODIS,85,6.2,292.4,52.8,D,0
-36.5617,144.1134,312,2.1,1.4,2014-04-17,0454,Aqua,MODIS,70,6.2,295.4,20.3,D,0
-37.8666,143.8143,308.7,1.9,1.3,2014-04-17,0454,Aqua,MODIS,68,6.2,291.1,16.5,D,0
-38.0061,143.4172,308.6,1.7,1.3,2014-04-17,0454,Aqua,MODIS,59,6.2,286.5,13.9,D,0
-38.0069,143.4315,304.3,1.7,1.3,2014-04-17,0454,Aqua,MODIS,38,6.2,286.6,7.9,D,0
-36.9755,142.2174,306.4,1.6,1.2,2014-04-17,0454,Aqua,MODIS,21,6.2,286.5,7.3,D,0
-36.9789,142.2,322.4,1.6,1.2,2014-04-17,0454,Aqua,MODIS,76,6.2,287.5,32.7,D,0
-36.9815,142.1274,312.5,1.6,1.2,2014-04-17,0454,Aqua,MODIS,61,6.2,287.9,17.2,D,0
-37.8623,143.8349,308.6,1.9,1.3,2014-04-17,0454,Aqua,MODIS,67,6.2,289.3,16.5,D,0
-37.9448,143.0977,325.2,1.7,1.3,2014-04-17,0454,Aqua,MODIS,78,6.2,290.8,39.1,D,0
-37.9561,143.1014,312.5,1.7,1.3,2014-04-17,0454,Aqua,MODIS,36,6.2,290,14.1,D,0
-38.0266,143.0308,352,1.7,1.3,2014-04-17,0454,Aqua,MODIS,97,6.2,294,133.7,D,0
-38.0229,143.0494,373.2,1.7,1.3,2014-04-17,0454,Aqua,MODIS,100,6.2,294.1,261,D,0
-36.9679,142.1966,313.6,1.6,1.2,2014-04-17,0454,Aqua,MODIS,42,6.2,288.8,16.1,D,0
-36.9167,142.1557,318.2,1.6,1.2,2014-04-17,0454,Aqua,MODIS,76,6.2,293.3,22.8,D,0
-36.92,142.1384,334.8,1.6,1.2,2014-04-17,0454,Aqua,MODIS,88,6.2,292.8,59.6,D,0
-37.9918,143.3847,303.8,1.7,1.3,2014-04-17,0454,Aqua,MODIS,20,6.2,285.9,7.7,D,0
-36.9333,142.0695,318.8,1.5,1.2,2014-04-17,0454,Aqua,MODIS,72,6.2,289.2,22.2,D,0
-36.9224,142.0661,350.8,1.5,1.2,2014-04-17,0454,Aqua,MODIS,91,6.2,289.4,111.7,D,0
-37.8524,143.9432,307.4,1.9,1.3,2014-04-17,0454,Aqua,MODIS,65,6.2,286.8,17.4,D,0
-37.9265,143.4045,301.8,1.7,1.3,2014-04-17,0454,Aqua,MODIS,38,6.2,285.6,6.1,D,0
-37.9685,143.4395,328.8,1.8,1.3,2014-04-17,0454,Aqua,MODIS,86,6.2,289.3,57.3,D,0
-37.1323,141.6953,306.1,1.5,1.2,2014-04-17,0454,Aqua,MODIS,46,6.2,280,9.5,D,0
-37.504,142.9031,312.6,1.7,1.3,2014-04-17,0454,Aqua,MODIS,73,6.2,292.1,17.4,D,0
-37.5077,142.8844,317.7,1.7,1.3,2014-04-17,0454,Aqua,MODIS,78,6.2,292.9,26.6,D,0
-37.4927,142.8996,336.3,1.7,1.3,2014-04-17,0454,Aqua,MODIS,90,6.2,293.6,71.4,D,0
-37.4964,142.881,352.4,1.7,1.3,2014-04-17,0454,Aqua,MODIS,97,6.2,295.3,134.8,D,0
-37.4514,142.9258,310.8,1.7,1.3,2014-04-17,0454,Aqua,MODIS,27,6.2,293.6,12.9,D,0
-37.4551,142.9072,319.3,1.7,1.3,2014-04-17,0454,Aqua,MODIS,79,6.2,294,27.7,D,0
-37.456,142.922,315.9,1.7,1.3,2014-04-17,0454,Aqua,MODIS,76,6.2,293.3,23.6,D,0
-37.4596,142.9034,311.8,1.7,1.3,2014-04-17,0454,Aqua,MODIS,72,6.2,293.1,16.4,D,0
-36.3922,141.4947,312.6,1.5,1.2,2014-04-17,0454,Aqua,MODIS,55,6.2,293.9,13.3,D,0
-36.8343,142.2788,309.6,1.6,1.2,2014-04-17,0454,Aqua,MODIS,41,6.2,288,11.2,D,0
-36.8377,142.2612,315.7,1.6,1.2,2014-04-17,0454,Aqua,MODIS,73,6.2,288.2,20.5,D,0
-36.8366,142.274,313.5,1.6,1.2,2014-04-17,0454,Aqua,MODIS,70,6.2,288,18.3,D,0
-36.84,142.2563,306.8,1.6,1.2,2014-04-17,0454,Aqua,MODIS,56,6.2,287.8,8.8,D,0
-36.7756,142.4064,304,1.6,1.3,2014-04-17,0454,Aqua,MODIS,0,6.2,285.8,7.4,D,0
-36.7381,142.3569,311.7,1.6,1.3,2014-04-17,0454,Aqua,MODIS,67,6.2,288.4,16.6,D,0
-36.7417,142.3391,311.1,1.6,1.2,2014-04-17,0454,Aqua,MODIS,66,6.2,289.4,16,D,0
-36.7557,142.2681,305.8,1.6,1.2,2014-04-17,0454,Aqua,MODIS,51,6.2,285.9,9.4,D,0
-36.7397,142.3507,315.6,1.6,1.3,2014-04-17,0454,Aqua,MODIS,72,6.2,289.1,21.9,D,0
-36.7567,142.2617,304.9,1.6,1.2,2014-04-17,0454,Aqua,MODIS,41,6.2,286,7.8,D,0
-37.745,143.2844,343.1,1.7,1.3,2014-04-17,0454,Aqua,MODIS,93,6.2,292.5,103.7,D,0
-37.7411,143.3038,337,1.7,1.3,2014-04-17,0454,Aqua,MODIS,90,6.2,291.6,81.6,D,0
-37.7504,143.2917,305.3,1.7,1.3,2014-04-17,0454,Aqua,MODIS,61,6.2,290.2,9,D,0
-37.9645,143.4592,306.1,1.8,1.3,2014-04-17,0454,Aqua,MODIS,63,6.2,287.3,10.1,D,0
-37.9957,143.3652,316.2,1.7,1.3,2014-04-17,0454,Aqua,MODIS,76,6.2,284.2,28.6,D,0
-36.2738,141.5047,319.4,1.5,1.2,2014-04-17,0454,Aqua,MODIS,66,6.2,293.7,26,D,0
-36.2707,141.5211,320.9,1.5,1.2,2014-04-17,0454,Aqua,MODIS,77,6.2,294.7,28.7,D,0
-36.3104,141.6722,323.9,1.5,1.2,2014-04-17,0454,Aqua,MODIS,80,6.2,293.7,32.1,D,0
-36.286,141.0672,309.5,1.4,1.2,2014-04-17,0454,Aqua,MODIS,45,6.2,286,12.5,D,0
-36.3201,141.0609,329.8,1.4,1.2,2014-04-17,0454,Aqua,MODIS,73,6.2,289.1,42.9,D,0
-36.323,141.0674,317.7,1.4,1.2,2014-04-17,0454,Aqua,MODIS,53,6.2,287.6,22.7,D,0
-36.9024,142.1697,311.9,1.6,1.2,2014-04-17,0454,Aqua,MODIS,53,6.2,292.5,12.6,D,0
-36.8458,142.1654,316.4,1.6,1.2,2014-04-17,0454,Aqua,MODIS,74,6.2,290.3,21.9,D,0
-36.7218,140.8342,312.7,1.3,1.1,2014-04-17,0454,Aqua,MODIS,65,6.2,292.3,13.1,D,0
-36.4227,141.0635,320,1.4,1.2,2014-04-17,0454,Aqua,MODIS,58,6.2,288.5,23.5,D,0
-36.7543,142.5152,307.6,1.6,1.3,2014-04-17,0454,Aqua,MODIS,54,6.2,284.2,14.5,D,0
-36.197,143.5548,312,2,1.4,2014-04-17,0454,Aqua,MODIS,65,6.2,300,12.7,D,0
-37.784,143.428,304.4,1.8,1.3,2014-04-17,0454,Aqua,MODIS,44,6.2,288.8,8.1,D,0
-36.813,141.4286,318.7,1.4,1.2,2014-04-17,0454,Aqua,MODIS,0,6.2,284.9,25,D,0
-36.81,141.4445,318.8,1.4,1.2,2014-04-17,0454,Aqua,MODIS,58,6.2,291.5,24.9,D,0
-36.8932,141.5365,347.5,1.4,1.2,2014-04-17,0454,Aqua,MODIS,82,6.2,288.2,93.4,D,0
-36.8902,141.5526,328.1,1.4,1.2,2014-04-17,0454,Aqua,MODIS,0,6.2,283.5,40.7,D,0
-36.8992,141.5281,329.5,1.4,1.2,2014-04-17,0454,Aqua,MODIS,67,6.2,289.6,42.8,D,0
-36.8962,141.5441,368.6,1.4,1.2,2014-04-17,0454,Aqua,MODIS,94,6.2,290.5,186.8,D,0
-36.1236,141.8073,314.6,1.6,1.2,2014-04-17,0454,Aqua,MODIS,69,6.2,298,13.4,D,0
-36.1269,141.7903,347.7,1.5,1.2,2014-04-17,0454,Aqua,MODIS,94,6.2,300.6,98.5,D,0
-37.78,143.4478,316.6,1.8,1.3,2014-04-17,0454,Aqua,MODIS,77,6.2,288.9,28.3,D,0
-37.2563,142.8062,309.7,1.7,1.3,2014-04-17,0454,Aqua,MODIS,69,6.2,286.5,16.6,D,0
-37.3389,143.0382,311.3,1.7,1.3,2014-04-17,0454,Aqua,MODIS,71,6.2,295.1,16.1,D,0
-37.4952,140.7213,315.1,1.3,1.1,2014-04-17,0454,Aqua,MODIS,75,6.2,292.4,16.4,D,0
-37.3386,143.0251,308,1.7,1.3,2014-04-17,0454,Aqua,MODIS,66,6.2,294.3,9.7,D,0
-37.3347,143.044,307.5,1.7,1.3,2014-04-17,0454,Aqua,MODIS,62,6.2,295.1,9.3,D,0
-38.1894,146.7285,308.9,2.7,1.6,2014-04-17,0454,Aqua,MODIS,68,6.2,292,31,D,0
-36.6797,141.7612,323.7,1.5,1.2,2014-04-17,0454,Aqua,MODIS,70,6.2,288.7,31.9,D,0
-37.3833,143.35,306.8,1.8,1.3,2014-04-17,0454,Aqua,MODIS,60,6.2,289.2,12.5,D,0
-36.7586,143.5464,320.4,1.9,1.3,2014-04-17,0454,Aqua,MODIS,79,6.2,295.1,38.9,D,0
-36.7607,143.5523,317.6,1.9,1.3,2014-04-17,0454,Aqua,MODIS,76,6.2,295.2,30.1,D,0
-36.8815,143.4588,316.1,1.9,1.3,2014-04-17,0454,Aqua,MODIS,75,6.2,294.2,25.1,D,0
-36.8773,143.4796,307.6,1.9,1.3,2014-04-17,0454,Aqua,MODIS,37,6.2,293.4,8.9,D,0
-36.8933,143.4627,313.8,1.9,1.3,2014-04-17,0454,Aqua,MODIS,69,6.2,294.3,19.5,D,0
-36.8856,143.4677,328.1,1.9,1.3,2014-04-17,0454,Aqua,MODIS,85,6.2,295.1,56.7,D,0
-37.6403,142.9939,322.7,1.7,1.3,2014-04-17,0454,Aqua,MODIS,82,6.2,290.7,35.8,D,0
-37.6394,142.979,305.2,1.7,1.3,2014-04-17,0454,Aqua,MODIS,39,6.2,289.8,6.8,D,0
-37.6356,142.9978,321.7,1.7,1.3,2014-04-17,0454,Aqua,MODIS,81,6.2,290.3,35.2,D,0
-37.6469,143.0014,311.4,1.7,1.3,2014-04-17,0454,Aqua,MODIS,48,6.2,291,14.8,D,0
-36.2944,142.4196,313.2,1.7,1.3,2014-04-17,0454,Aqua,MODIS,63,6.2,298.9,15.5,D,0
-37.5924,142.6965,321,1.6,1.3,2014-04-17,0454,Aqua,MODIS,81,6.2,293.3,32.1,D,0
-37.5888,142.7149,304.7,1.6,1.3,2014-04-17,0454,Aqua,MODIS,53,6.2,291.2,6.3,D,0
-37.5906,142.7031,320.5,1.6,1.3,2014-04-17,0454,Aqua,MODIS,80,6.2,292.4,29.1,D,0
-37.6462,142.7211,315.4,1.6,1.3,2014-04-17,0454,Aqua,MODIS,29,6.2,288.6,17.5,D,0
-37.193,146.0132,302.8,2.6,1.6,2014-04-17,0454,Aqua,MODIS,33,6.2,290,15.7,D,0
-35.6,146.4816,310.3,3.1,1.7,2014-04-17,0454,Aqua,MODIS,62,6.2,294.8,26.9,D,0
-35.7197,147.0286,309.9,3.3,1.7,2014-04-17,0454,Aqua,MODIS,66,6.2,292.6,41.8,D,0
-34.5618,147.3848,309.6,3.7,1.8,2014-04-17,0454,Aqua,MODIS,61,6.2,294.6,44.4,D,0
-35.3844,146.8727,320.4,3.3,1.7,2014-04-17,0454,Aqua,MODIS,77,6.2,293.8,88.1,D,0
-35.8064,146.6048,309.5,3.1,1.7,2014-04-17,0454,Aqua,MODIS,64,6.2,293.9,30.1,D,0
-34.81,147.4893,334.2,3.7,1.8,2014-04-17,0454,Aqua,MODIS,88,6.2,295,213.6,D,0
-35.4875,146.5008,316.7,3.1,1.7,2014-04-17,0454,Aqua,MODIS,74,6.2,294.8,52.9,D,0
-35.864,146.5616,323.6,3,1.7,2014-04-17,0454,Aqua,MODIS,81,6.2,293.8,92.7,D,0
-35.6078,146.4486,311.9,3,1.7,2014-04-17,0454,Aqua,MODIS,67,6.2,295.4,32.4,D,0
-34.9806,147.3912,314,3.6,1.8,2014-04-17,0454,Aqua,MODIS,70,6.2,293.6,64.1,D,0
-35.576,147.1177,305.4,3.4,1.7,2014-04-17,0454,Aqua,MODIS,31,6.2,294,26.4,D,0
-35.5481,146.1694,311.7,2.9,1.6,2014-04-17,0454,Aqua,MODIS,66,6.2,295,30.9,D,0
-34.7505,147.2435,314.8,3.6,1.8,2014-04-17,0454,Aqua,MODIS,70,6.2,294.8,62,D,0
-36.7032,147.3703,345.6,3.2,1.7,2014-04-17,0454,Aqua,MODIS,89,6.2,286.2,300.2,D,0
-34.8766,147.4276,307.6,3.7,1.8,2014-04-17,0454,Aqua,MODIS,36,6.2,293.1,32.5,D,0
-35.968,146.3184,320.5,2.9,1.6,2014-04-17,0454,Aqua,MODIS,74,6.2,293.6,76.6,D,0
-34.9149,147.4503,310.4,3.7,1.8,2014-04-17,0454,Aqua,MODIS,63,6.2,293.6,48.5,D,0
-36.2384,145.6682,327.8,2.6,1.6,2014-04-17,0454,Aqua,MODIS,85,6.2,292.7,89.6,D,0
-35.7836,146.8991,305.3,3.2,1.7,2014-04-17,0454,Aqua,MODIS,51,6.2,293.3,21.5,D,0
-36.8804,146.1685,302.6,2.7,1.6,2014-04-17,0454,Aqua,MODIS,53,6.2,287.3,24.6,D,0
-35.8562,146.5948,315.3,3.1,1.7,2014-04-17,0454,Aqua,MODIS,73,6.2,293.1,52.8,D,0
-34.7424,147.2487,312,3.6,1.8,2014-04-17,0454,Aqua,MODIS,66,6.2,294.1,51.1,D,0
-35.2919,146.8727,312.4,3.3,1.7,2014-04-17,0454,Aqua,MODIS,67,6.2,292.6,47.8,D,0
-35.4933,146.4744,314.2,3.1,1.7,2014-04-17,0454,Aqua,MODIS,70,6.2,295.3,45.1,D,0
-36.6884,147.3639,312.3,3.2,1.7,2014-04-17,0454,Aqua,MODIS,68,6.2,284.6,65.3,D,0
-35.8938,146.9527,320.8,3.2,1.7,2014-04-17,0454,Aqua,MODIS,79,6.2,290.7,93.3,D,0
-36.8711,146.1882,300.1,2.7,1.6,2014-04-17,0454,Aqua,MODIS,14,6.2,286.4,17.3,D,0
-36.3638,145.9447,337.2,2.7,1.6,2014-04-17,0454,Aqua,MODIS,90,6.2,293.8,151.5,D,0
-35.9192,146.5865,312.3,3,1.7,2014-04-17,0454,Aqua,MODIS,70,6.2,292.1,44.1,D,0
-35.7883,146.6786,306.2,3.1,1.7,2014-04-17,0454,Aqua,MODIS,57,6.2,293.1,21.5,D,0
-35.9179,146.2584,322.3,2.9,1.6,2014-04-17,0454,Aqua,MODIS,80,6.2,292.5,79.2,D,0
-34.7518,147.2106,306.2,3.6,1.8,2014-04-17,0454,Aqua,MODIS,48,6.2,294.8,24.8,D,0
-36.7124,147.3323,314.4,3.2,1.7,2014-04-17,0454,Aqua,MODIS,75,6.2,285.8,74.4,D,0
-34.9706,147.3922,312.1,3.6,1.8,2014-04-17,0454,Aqua,MODIS,67,6.2,293.4,52.3,D,0
-35.4854,146.5076,312.5,3.1,1.7,2014-04-17,0454,Aqua,MODIS,68,6.2,294.5,38.6,D,0
-34.92,147.4576,309.3,3.7,1.8,2014-04-17,0454,Aqua,MODIS,44,6.2,293.7,38.5,D,0
-36.1514,145.9219,303.8,2.7,1.6,2014-04-17,0454,Aqua,MODIS,48,6.2,289.6,11.8,D,0
-35.4869,145.4802,313.5,2.7,1.6,2014-04-17,0454,Aqua,MODIS,68,6.2,295,34.1,D,0
-36.422,145.9739,312,2.7,1.6,2014-04-17,0454,Aqua,MODIS,71,6.2,291.7,38.6,D,0
-36.6941,147.361,336.2,3.2,1.7,2014-04-17,0454,Aqua,MODIS,78,6.2,286.1,206.7,D,0
-36.4079,144.7533,316.2,2.3,1.5,2014-04-17,0454,Aqua,MODIS,75,6.2,292.6,32.4,D,0
-35.8975,146.9458,325.1,3.2,1.7,2014-04-17,0454,Aqua,MODIS,83,6.2,291.7,118.4,D,0
-35.1689,146.9059,305.5,3.3,1.7,2014-04-17,0454,Aqua,MODIS,43,6.2,293.6,19.2,D,0
-35.4902,145.4893,310.9,2.7,1.6,2014-04-17,0454,Aqua,MODIS,61,6.2,293.9,24.4,D,0
-36.3732,145.9247,322.5,2.7,1.6,2014-04-17,0454,Aqua,MODIS,81,6.2,293.2,73.9,D,0
-34.9801,147.3538,308.1,3.6,1.8,2014-04-17,0454,Aqua,MODIS,57,6.2,294,35.6,D,0
-36.6297,145.6249,308.9,2.5,1.5,2014-04-17,0454,Aqua,MODIS,68,6.2,292.9,25.9,D,0
-35.6188,146.9839,304.7,3.3,1.7,2014-04-17,0454,Aqua,MODIS,49,6.2,292.4,21.4,D,0
-34.8679,147.4325,306.2,3.7,1.8,2014-04-17,0454,Aqua,MODIS,50,6.2,292.7,28.6,D,0
-35.8125,146.5783,319,3.1,1.7,2014-04-17,0454,Aqua,MODIS,77,6.2,295.1,68.4,D,0
-35.9037,146.2609,313.5,2.9,1.6,2014-04-17,0454,Aqua,MODIS,71,6.2,292,42.9,D,0
-34.8484,147.3327,336.5,3.6,1.8,2014-04-17,0454,Aqua,MODIS,89,6.2,295.5,223.3,D,0
-36.4233,145.9789,308.9,2.7,1.6,2014-04-17,0454,Aqua,MODIS,67,6.2,291.6,28.9,D,0
-36.1538,145.9309,307.4,2.7,1.6,2014-04-17,0454,Aqua,MODIS,62,6.2,290.3,21.5,D,0
-35.8142,146.5711,313.5,3.1,1.7,2014-04-17,0454,Aqua,MODIS,71,6.2,294.9,45.6,D,0
-36.4287,145.9446,314.1,2.7,1.6,2014-04-17,0454,Aqua,MODIS,74,6.2,293.1,44.9,D,0
-35.5479,146.1769,309.2,2.9,1.6,2014-04-17,0454,Aqua,MODIS,61,6.2,294.8,22.1,D,0
-36.4118,144.7468,319.3,2.3,1.5,2014-04-17,0454,Aqua,MODIS,78,6.2,292.7,44.2,D,0
-35.6283,146.5639,306.4,3.1,1.7,2014-04-17,0454,Aqua,MODIS,51,6.2,293.8,19.2,D,0
-36.4301,145.9497,317.5,2.7,1.6,2014-04-17,0454,Aqua,MODIS,77,6.2,293.1,57.4,D,0
-35.9181,146.266,313.3,2.9,1.6,2014-04-17,0454,Aqua,MODIS,67,6.2,292.2,42.5,D,0
-36.2182,145.6921,329.1,2.6,1.6,2014-04-17,0454,Aqua,MODIS,85,6.2,294,99.3,D,0
-34.5716,147.3458,315.3,3.7,1.8,2014-04-17,0454,Aqua,MODIS,71,6.2,294.6,70.3,D,0
-35.6828,146.1957,307.8,2.9,1.6,2014-04-17,0454,Aqua,MODIS,59,6.2,294,21.1,D,0
-35.927,146.5536,347.7,3,1.7,2014-04-17,0454,Aqua,MODIS,95,6.2,295.2,278.1,D,0
-34.5822,147.3458,313.3,3.7,1.8,2014-04-17,0454,Aqua,MODIS,68,6.2,294.7,59.2,D,0
-37.1958,146.0187,304,2.6,1.6,2014-04-17,0454,Aqua,MODIS,0,6.2,289.7,20.1,D,0
-35.9223,146.5831,321.7,3,1.7,2014-04-17,0454,Aqua,MODIS,80,6.2,292.1,85.3,D,0
-36.222,145.7015,335,2.6,1.6,2014-04-17,0454,Aqua,MODIS,89,6.2,294.3,131.4,D,0
-34.8559,147.3433,341.3,3.6,1.8,2014-04-17,0454,Aqua,MODIS,92,6.2,294.1,274.3,D,0
-36.0979,145.5526,312.1,2.6,1.6,2014-04-17,0454,Aqua,MODIS,69,6.2,293.9,31.3,D,0
-35.2768,146.8672,310.2,3.3,1.7,2014-04-17,0454,Aqua,MODIS,63,6.2,293.5,37.7,D,0
-35.0707,147.0151,309.8,3.4,1.7,2014-04-17,0454,Aqua,MODIS,61,6.2,292.5,42.2,D,0
-34.5726,147.385,310.7,3.7,1.8,2014-04-17,0454,Aqua,MODIS,63,6.2,294.4,49.6,D,0
-36.35,145.5926,313.9,2.6,1.5,2014-04-17,0454,Aqua,MODIS,73,6.2,293.5,32.8,D,0
-36.3531,145.598,314.6,2.6,1.5,2014-04-17,0454,Aqua,MODIS,74,6.2,293.5,36.7,D,0
-35.9664,146.3223,326.6,2.9,1.6,2014-04-17,0454,Aqua,MODIS,79,6.2,293.6,108,D,0
-36.232,145.697,329.6,2.6,1.6,2014-04-17,0454,Aqua,MODIS,86,6.2,294,98.2,D,0
-35.376,146.9084,305.2,3.3,1.7,2014-04-17,0454,Aqua,MODIS,44,6.2,292.5,22.1,D,0
-35.625,146.9812,304.9,3.3,1.7,2014-04-17,0454,Aqua,MODIS,48,6.2,292.4,22.3,D,0
-36.0915,145.5811,306.2,2.6,1.6,2014-04-17,0454,Aqua,MODIS,57,6.2,293.7,15,D,0
-35.93,146.5501,340.6,3,1.7,2014-04-17,0454,Aqua,MODIS,92,6.2,294.9,211,D,0
-36.1949,145.7543,308.7,2.7,1.6,2014-04-17,0454,Aqua,MODIS,65,6.2,292.1,22.5,D,0
-35.7241,147.0225,310.5,3.3,1.7,2014-04-17,0454,Aqua,MODIS,66,6.2,292.7,43.7,D,0
-35.5689,147.1201,308.4,3.4,1.7,2014-04-17,0454,Aqua,MODIS,55,6.2,293.9,35.8,D,0
-35.3801,146.8787,322.7,3.3,1.7,2014-04-17,0454,Aqua,MODIS,80,6.2,293.9,101.2,D,0
-36.2286,145.6727,352.2,2.6,1.6,2014-04-17,0454,Aqua,MODIS,97,6.2,293.9,261,D,0
-38.0539,143.6665,323,1.8,1.3,2014-04-17,0454,Aqua,MODIS,82,6.2,272.9,47.2,D,0
-38.0463,143.6694,337.2,1.8,1.3,2014-04-17,0454,Aqua,MODIS,90,6.2,272.7,90.5,D,0
-38.0798,143.2354,313,1.7,1.3,2014-04-17,0454,Aqua,MODIS,73,6.2,289.7,20.6,D,0
-38.0424,144.113,305.3,1.9,1.3,2014-04-17,0454,Aqua,MODIS,61,6.2,278.3,16.9,D,0
-38.0612,143.9604,319.4,1.9,1.3,2014-04-17,0454,Aqua,MODIS,79,6.2,281.1,37,D,0
-38.0655,143.9395,341.8,1.9,1.3,2014-04-17,0454,Aqua,MODIS,93,6.2,282.1,110.7,D,0
-38.0494,143.9564,317.8,1.9,1.3,2014-04-17,0454,Aqua,MODIS,66,6.2,282.9,32.8,D,0
-38.0537,143.9354,339,1.9,1.3,2014-04-17,0454,Aqua,MODIS,91,6.2,282,98.5,D,0
-38.1512,144.0435,316.5,1.9,1.3,2014-04-17,0454,Aqua,MODIS,77,6.2,293.6,32.2,D,0
-38.1673,143.7822,303.7,1.8,1.3,2014-04-17,0454,Aqua,MODIS,57,6.2,278.5,16.4,D,0
-38.3355,143.8734,305.2,1.8,1.3,2014-04-17,0454,Aqua,MODIS,57,6.2,288.3,13.6,D,0
-38.0505,143.6494,319.1,1.8,1.3,2014-04-17,0454,Aqua,MODIS,79,6.2,273.6,37.3,D,0
-38.1535,144.0495,318.7,1.9,1.3,2014-04-17,0454,Aqua,MODIS,79,6.2,293.1,34.6,D,0
-35.6361,148.1213,342.3,3.8,1.8,2014-04-17,0454,Aqua,MODIS,93,6.2,288.9,345.3,D,0
-35.6304,148.1126,342.7,3.8,1.8,2014-04-17,0454,Aqua,MODIS,93,6.2,288.9,347.7,D,0
-35.6457,148.0835,315.6,3.8,1.8,2014-04-17,0454,Aqua,MODIS,75,6.2,287.7,107.1,D,0
-36.6071,140.4379,323.9,1.3,1.1,2014-04-17,0454,Aqua,MODIS,80,6.2,295.2,25.5,D,0
-36.5271,142.1232,319.1,1.6,1.2,2014-04-17,0454,Aqua,MODIS,76,6.2,298.3,22.6,D,0
-36.013,142.433,353.5,1.7,1.3,2014-04-17,0454,Aqua,MODIS,97,6.2,287.9,143.7,D,0
-37.0333,140.2337,321.5,1.2,1.1,2014-04-17,0454,Aqua,MODIS,79,6.2,287.7,21.8,D,0
-37.0356,140.2286,322.8,1.2,1.1,2014-04-17,0454,Aqua,MODIS,80,6.2,290,23.3,D,0
-36.9565,140.2647,310.8,1.2,1.1,2014-04-17,0454,Aqua,MODIS,65,6.2,293.5,9.5,D,0
-36.7672,143.828,315,2,1.4,2014-04-17,0454,Aqua,MODIS,74,6.2,296.9,26.2,D,0
-36.0167,142.4145,355.1,1.7,1.3,2014-04-17,0454,Aqua,MODIS,98,6.2,282.2,152.1,D,0
-36.5347,142.1441,313.1,1.6,1.2,2014-04-17,0454,Aqua,MODIS,57,6.2,296.7,13.1,D,0
-36.0016,142.4296,332.2,1.7,1.3,2014-04-17,0454,Aqua,MODIS,63,6.2,292.3,58.7,D,0
-36.0053,142.411,356.4,1.7,1.3,2014-04-17,0454,Aqua,MODIS,98,6.2,291.2,157.8,D,0
-36.3585,142.1528,339.3,1.6,1.2,2014-04-17,0454,Aqua,MODIS,90,6.2,297.4,71.4,D,0
-36.3619,142.1351,315.6,1.6,1.2,2014-04-17,0454,Aqua,MODIS,71,6.2,297.9,15,D,0
-36.3405,142.1849,321.4,1.6,1.2,2014-04-17,0454,Aqua,MODIS,78,6.2,297.4,27.5,D,0
-36.009,142.3925,321.5,1.7,1.3,2014-04-17,0454,Aqua,MODIS,54,6.2,285.9,32.9,D,0
-37.6846,143.0538,307.6,1.7,1.3,2014-04-17,0454,Aqua,MODIS,66,6.2,290,11,D,0
-36.0856,143.512,346.5,2,1.4,2014-04-17,0454,Aqua,MODIS,94,6.2,300,132,D,0
-36.5237,142.1407,328.9,1.6,1.2,2014-04-17,0454,Aqua,MODIS,84,6.2,299.7,43.5,D,0
-36.5373,142.0709,319.2,1.6,1.2,2014-04-17,0454,Aqua,MODIS,75,6.2,298.4,23,D,0
-36.4051,142.155,338.4,1.6,1.2,2014-04-17,0454,Aqua,MODIS,90,6.2,292.4,71.6,D,0
-36.5483,142.0742,322.3,1.6,1.2,2014-04-17,0454,Aqua,MODIS,79,6.2,297.9,29,D,0
-36.6046,140.4522,355.6,1.3,1.1,2014-04-17,0454,Aqua,MODIS,98,6.2,298.7,103.4,D,0
-36.0901,143.4906,316.6,2,1.4,2014-04-17,0454,Aqua,MODIS,72,6.2,298.6,23.2,D,0
-36.4029,142.1663,328.5,1.6,1.2,2014-04-17,0454,Aqua,MODIS,84,6.2,293.5,43.2,D,0
-36.147,140.3531,312.7,1.3,1.1,2014-04-17,0454,Aqua,MODIS,58,6.2,296.4,8.9,D,0
-36.3015,140.4082,317.4,1.3,1.1,2014-04-17,0454,Aqua,MODIS,69,6.2,299,14.3,D,0
-36.4063,142.1485,324,1.6,1.2,2014-04-17,0454,Aqua,MODIS,80,6.2,290.8,32.8,D,0
-33.9807,138.7235,310.7,1.2,1.1,2014-04-17,0455,Aqua,MODIS,31,6.2,296.2,6.9,D,0
-34.4077,135.9576,313.6,1,1,2014-04-17,0455,Aqua,MODIS,62,6.2,296.3,7.3,D,0
-33.2283,136.1622,320.5,1,1,2014-04-17,0455,Aqua,MODIS,73,6.2,302.1,10.7,D,0
-34.1003,138.8661,326.2,1.2,1.1,2014-04-17,0455,Aqua,MODIS,81,6.2,298.9,24.7,D,0
-34.1078,138.8816,313.3,1.2,1.1,2014-04-17,0455,Aqua,MODIS,64,6.2,297.5,8.9,D,0
-34.11,138.8686,337.7,1.2,1.1,2014-04-17,0455,Aqua,MODIS,89,6.2,299.9,45.1,D,0
-33.8903,138.7748,313.8,1.2,1.1,2014-04-17,0455,Aqua,MODIS,66,6.2,297.2,10,D,0
-33.6294,138.7311,319.4,1.2,1.1,2014-04-17,0455,Aqua,MODIS,75,6.2,292,17.8,D,0
-34.6102,137.6562,333.8,1.1,1,2014-04-17,0455,Aqua,MODIS,87,6.2,298.8,31.2,D,0
-33.7695,138.3943,307.8,1.1,1.1,2014-04-17,0455,Aqua,MODIS,45,6.2,289.8,4.6,D,0
-34.0194,138.0014,317.1,1.1,1,2014-04-17,0455,Aqua,MODIS,71,6.2,299.4,9.3,D,0
-34.0958,137.976,317.9,1.1,1,2014-04-17,0455,Aqua,MODIS,72,6.2,298,10.1,D,0
-34.0938,137.9878,318,1.1,1,2014-04-17,0455,Aqua,MODIS,72,6.2,298.4,10.3,D,0
-34.2694,135.7703,322.8,1,1,2014-04-17,0455,Aqua,MODIS,69,6.2,292.8,16.8,D,0
-34.1724,147.4367,309.1,3.8,1.8,2014-04-17,0455,Aqua,MODIS,32,6.2,295,34.3,D,0
-33.5234,136.4639,324.1,1,1,2014-04-17,0455,Aqua,MODIS,78,6.2,298.4,15.8,D,0
-34.5534,147.2836,306.5,3.7,1.8,2014-04-17,0455,Aqua,MODIS,31,6.2,294.1,31.3,D,0
-34.5071,135.6534,325,1,1,2014-04-17,0455,Aqua,MODIS,78,6.2,301.8,15.5,D,0
-34.4378,147.2377,307.5,3.7,1.8,2014-04-17,0455,Aqua,MODIS,48,6.2,293.3,31.6,D,0
-34.1385,138.6386,310.4,1.2,1.1,2014-04-17,0455,Aqua,MODIS,42,6.2,294.7,5.7,D,0
-34.6053,138.8056,312,1.2,1.1,2014-04-17,0455,Aqua,MODIS,60,6.2,298.9,7.2,D,0
-34.2913,146.0702,311.4,3.1,1.7,2014-04-17,0455,Aqua,MODIS,59,6.2,293.5,40.8,D,0
-33.3009,136.0383,326.8,1,1,2014-04-17,0455,Aqua,MODIS,80,6.2,303.3,17,D,0
-33.7791,138.3967,308.8,1.1,1.1,2014-04-17,0455,Aqua,MODIS,54,6.2,289.7,5.4,D,0
-33.2438,135.1618,332.7,1,1,2014-04-17,0455,Aqua,MODIS,84,6.2,300.7,23.4,D,0
-34.2433,136.0784,317.5,1,1,2014-04-17,0455,Aqua,MODIS,60,6.2,293.6,11.2,D,0
-34.1686,147.431,310.1,3.8,1.8,2014-04-17,0455,Aqua,MODIS,57,6.2,295,41.1,D,0
-33.3092,135.5467,320.8,1,1,2014-04-17,0455,Aqua,MODIS,69,6.2,277.9,16.2,D,0
-33.2497,135.9552,321.3,1,1,2014-04-17,0455,Aqua,MODIS,74,6.2,302,10.9,D,0
-34.612,137.6446,317.4,1.1,1,2014-04-17,0455,Aqua,MODIS,71,6.2,297.9,10.6,D,0
-33.2587,135.9572,332.3,1,1,2014-04-17,0455,Aqua,MODIS,85,6.2,303.4,23.1,D,0
-33.3025,136.0275,315.5,1,1,2014-04-17,0455,Aqua,MODIS,64,6.2,302.5,5.6,D,0
-33.1417,135.87,314.6,1,1,2014-04-17,0455,Aqua,MODIS,61,6.2,300,5.5,D,0
-34.3724,138.715,312.8,1.2,1.1,2014-04-17,0455,Aqua,MODIS,60,6.2,300,6.2,D,0
-34.1712,137.5697,325.8,1.1,1,2014-04-17,0455,Aqua,MODIS,80,6.2,301.7,18,D,0
-34.0022,138.7157,323,1.2,1.1,2014-04-17,0455,Aqua,MODIS,78,6.2,297.4,20.5,D,0
-33.6273,138.7439,315.8,1.2,1.1,2014-04-17,0455,Aqua,MODIS,70,6.2,291.1,13.6,D,0
-33.2267,136.173,314.9,1,1,2014-04-17,0455,Aqua,MODIS,63,6.2,301,5.6,D,0
-34.1406,138.6263,314.6,1.2,1.1,2014-04-17,0455,Aqua,MODIS,67,6.2,297.9,9.5,D,0
-34.1229,138.7922,316.7,1.2,1.1,2014-04-17,0455,Aqua,MODIS,70,6.2,299.5,12,D,0
-33.8924,138.762,317.4,1.2,1.1,2014-04-17,0455,Aqua,MODIS,72,6.2,298.1,14.2,D,0
-34.3135,136.1676,312.4,1,1,2014-04-17,0455,Aqua,MODIS,42,6.2,292.8,7.4,D,0
-33.2357,136.175,333.4,1,1,2014-04-17,0455,Aqua,MODIS,85,6.2,301.5,25.6,D,0
-33.2373,136.1642,353.4,1,1,2014-04-17,0455,Aqua,MODIS,97,6.2,305.6,62.8,D,0
-33.7493,135.9356,314.2,1,1,2014-04-17,0455,Aqua,MODIS,54,6.2,297.8,5.5,D,0
-34.3151,136.1567,328.7,1,1,2014-04-17,0455,Aqua,MODIS,82,6.2,295,23.1,D,0
-33.6163,135.6462,344.8,1,1,2014-04-17,0455,Aqua,MODIS,93,6.2,303.4,43.5,D,0
-33.6215,135.8028,313.9,1,1,2014-04-17,0455,Aqua,MODIS,61,6.2,294.3,5.3,D,0
-33.8779,137.7354,325.5,1.1,1,2014-04-17,0455,Aqua,MODIS,81,6.2,302.4,17.1,D,0
-33.2528,135.1636,321.6,1,1,2014-04-17,0455,Aqua,MODIS,67,6.2,300,10.9,D,0
-34.3471,138.4962,316.2,1.1,1.1,2014-04-17,0455,Aqua,MODIS,68,6.2,300.5,8.4,D,0
-34.2035,138.4411,322.1,1.1,1.1,2014-04-17,0455,Aqua,MODIS,77,6.2,301.2,15,D,0
-34.205,137.9966,312.6,1.1,1,2014-04-17,0455,Aqua,MODIS,62,6.2,296.3,6.4,D,0
-34.2604,135.7684,328.4,1,1,2014-04-17,0455,Aqua,MODIS,65,6.2,293.4,22.3,D,0
-34.2056,138.4289,313.3,1.1,1.1,2014-04-17,0455,Aqua,MODIS,63,6.2,300.7,5.6,D,0
-33.663,138.7125,321.2,1.2,1.1,2014-04-17,0455,Aqua,MODIS,77,6.2,290,21.7,D,0
-34,138.7283,325.5,1.2,1.1,2014-04-17,0455,Aqua,MODIS,80,6.2,296.5,23.5,D,0
-33.8306,135.1734,319.6,1,1,2014-04-17,0455,Aqua,MODIS,72,6.2,294,12.3,D,0
-34.0288,138.0036,316.5,1.1,1,2014-04-17,0455,Aqua,MODIS,70,6.2,299.6,8.6,D,0
-33.2513,135.1743,323.4,1,1,2014-04-17,0455,Aqua,MODIS,76,6.2,299.2,13.2,D,0
-34.0981,138.8791,313.8,1.2,1.1,2014-04-17,0455,Aqua,MODIS,65,6.2,297.7,9.4,D,0
-33.9746,137.764,314.8,1.1,1,2014-04-17,0455,Aqua,MODIS,67,6.2,300.5,6.1,D,0
-34.1518,138.9246,310.7,1.2,1.1,2014-04-17,0455,Aqua,MODIS,54,6.2,297.5,7.3,D,0
-33.8798,137.7238,326.5,1.1,1,2014-04-17,0455,Aqua,MODIS,82,6.2,303,17.9,D,0
-32.9649,136.0089,314.8,1,1,2014-04-17,0455,Aqua,MODIS,57,6.2,298.7,5.9,D,0
-33.5324,136.4658,325.7,1,1,2014-04-17,0455,Aqua,MODIS,73,6.2,299.7,16.3,D,0
-34.3356,135.3698,319.9,1,1,2014-04-17,0455,Aqua,MODIS,0,6.2,298.8,12.7,D,0
-33.199,136.4814,313.3,1,1,2014-04-17,0455,Aqua,MODIS,58,6.2,299.4,4.9,D,0
-33.7315,137.8591,308.6,1.1,1,2014-04-17,0455,Aqua,MODIS,51,6.2,292,3.3,D,0
-34.1539,138.9118,317.9,1.2,1.1,2014-04-17,0455,Aqua,MODIS,71,6.2,298,15,D,0
-34.1207,138.8049,326.7,1.2,1.1,2014-04-17,0455,Aqua,MODIS,81,6.2,300,24.9,D,0
-33.525,136.4529,324.7,1,1,2014-04-17,0455,Aqua,MODIS,78,6.2,298.5,16.5,D,0
-33.6179,135.6354,326.8,1,1,2014-04-17,0455,Aqua,MODIS,80,6.2,302.1,16.6,D,0
-34.3236,147.3166,310,3.7,1.8,2014-04-17,0455,Aqua,MODIS,58,6.2,294.2,42.3,D,0
-34.5087,135.6425,338,1,1,2014-04-17,0455,Aqua,MODIS,89,6.2,302.9,32.9,D,0
-34.2449,136.0675,315.9,1,1,2014-04-17,0455,Aqua,MODIS,53,6.2,293.9,9.9,D,0
-34.4358,137.8924,318.1,1.1,1,2014-04-17,0455,Aqua,MODIS,57,6.2,295.5,11.6,D,0
-34.2414,147.0211,309.9,3.6,1.8,2014-04-17,0455,Aqua,MODIS,55,6.2,294.4,36.1,D,0
-34.8681,137.7112,312.9,1.1,1,2014-04-17,0455,Aqua,MODIS,65,6.2,277.4,11.1,D,0
-34.738,137.5488,309.3,1.1,1,2014-04-17,0455,Aqua,MODIS,45,6.2,294.2,3.6,D,0
-35.4754,139.4277,316.5,1.2,1.1,2014-04-17,0455,Aqua,MODIS,73,6.2,297.2,9.9,D,0
-35.0871,137.2723,360.8,1,1,2014-04-17,0455,Aqua,MODIS,100,6.2,302.3,84.8,D,0
-35.7873,139.9935,315.9,1.3,1.1,2014-04-17,0455,Aqua,MODIS,36,6.2,299.8,13.9,D,0
-35.7273,139.8136,323.2,1.2,1.1,2014-04-17,0455,Aqua,MODIS,68,6.2,303.8,21.2,D,0
-34.3391,147.8735,308.6,4,1.9,2014-04-17,0455,Aqua,MODIS,56,6.2,292.7,46.7,D,0
-33.0554,134.7409,317.9,1,1,2014-04-17,0456,Aqua,MODIS,61,6.2,303.7,7.5,D,0
-33.0085,134.6808,317.1,1,1,2014-04-17,0456,Aqua,MODIS,63,6.2,302.2,7.2,D,0
-33.01,134.67,320.1,1,1,2014-04-17,0456,Aqua,MODIS,69,6.2,302.4,10.1,D,0
-33.0371,134.6707,315.1,1,1,2014-04-17,0456,Aqua,MODIS,56,6.2,301.3,5.3,D,0
-32.3223,134.4603,323,1,1,2014-04-17,0456,Aqua,MODIS,67,6.2,306.5,10.2,D,0
-32.3314,134.462,321.1,1,1,2014-04-17,0456,Aqua,MODIS,61,6.2,305,8.2,D,0
-32.4678,134.472,317.7,1,1,2014-04-17,0456,Aqua,MODIS,62,6.2,304.9,6.1,D,0
-24.749,126.4738,335.7,2.1,1.4,2014-04-17,0458,Aqua,MODIS,81,6.2,314,59.2,D,0
-24.7864,126.4834,325.8,2.1,1.4,2014-04-17,0458,Aqua,MODIS,62,6.2,314.2,22.2,D,0
-24.748,126.4786,338.5,2.1,1.4,2014-04-17,0458,Aqua,MODIS,84,6.2,314.1,71.4,D,0
-24.75,126.4577,325.8,2.1,1.4,2014-04-17,0458,Aqua,MODIS,60,6.2,313.1,22.2,D,0
-19.6557,134.4909,328.9,1.1,1.1,2014-04-17,0459,Aqua,MODIS,66,6.2,314.8,11.6,D,0
-19.6574,134.48,328.5,1.1,1.1,2014-04-17,0459,Aqua,MODIS,65,6.2,314.3,11.2,D,0
-15.9298,125.716,319.9,1.8,1.3,2014-04-17,0500,Aqua,MODIS,43,6.2,305.7,17.5,D,0
-15.936,125.7118,319.6,1.8,1.3,2014-04-17,0500,Aqua,MODIS,59,6.2,305.2,18.1,D,0
-15.9242,125.7099,317.6,1.8,1.3,2014-04-17,0500,Aqua,MODIS,47,6.2,304.9,14.1,D,0
-16.2249,125.5278,335.5,1.9,1.3,2014-04-17,0500,Aqua,MODIS,73,6.2,307.8,59.4,D,0
-16.2202,125.5201,334.4,1.9,1.3,2014-04-17,0500,Aqua,MODIS,72,6.2,308.4,56.1,D,0
-16.2059,125.5366,331.3,1.9,1.3,2014-04-17,0500,Aqua,MODIS,36,6.2,309.3,40.8,D,0
-16.1917,125.5528,343.7,1.9,1.3,2014-04-17,0500,Aqua,MODIS,91,6.2,308.5,90.5,D,0
-16.1083,125.954,320.6,1.7,1.3,2014-04-17,0500,Aqua,MODIS,55,6.2,307,17.1,D,0
-16.0985,125.9363,321.9,1.8,1.3,2014-04-17,0500,Aqua,MODIS,45,6.2,308,18.5,D,0
-16.6718,131.8612,331.4,1,1,2014-04-17,0500,Aqua,MODIS,76,6.2,310.6,14.7,D,0
-16.6628,131.8597,327,1,1,2014-04-17,0500,Aqua,MODIS,68,6.2,310.4,9.2,D,0
-16.4094,125.3571,318.2,2,1.4,2014-04-17,0500,Aqua,MODIS,51,6.2,305.9,16.9,D,0
-16.7552,132.2343,341.7,1,1,2014-04-17,0500,Aqua,MODIS,88,6.2,308.8,33.5,D,0
-16.7461,132.2328,335.5,1,1,2014-04-17,0500,Aqua,MODIS,82,6.2,306.6,22.5,D,0
-16.7266,132.2394,332.3,1,1,2014-04-17,0500,Aqua,MODIS,56,6.2,310.3,16.4,D,0
-16.7196,132.2327,327.7,1,1,2014-04-17,0500,Aqua,MODIS,70,6.2,308.6,13.7,D,0
-16.5833,125.4273,329.8,1.9,1.4,2014-04-17,0500,Aqua,MODIS,79,6.2,308,44.1,D,0
-16.5854,125.4092,329.8,1.9,1.4,2014-04-17,0500,Aqua,MODIS,73,6.2,306.7,43.9,D,0
-16.5732,125.4077,336.6,1.9,1.4,2014-04-17,0500,Aqua,MODIS,85,6.2,308.7,68.1,D,0
-16.7062,125.5102,331.6,1.9,1.4,2014-04-17,0500,Aqua,MODIS,80,6.2,308.3,48.8,D,0
-16.7008,125.5224,326.3,1.9,1.4,2014-04-17,0500,Aqua,MODIS,74,6.2,308.5,29.9,D,0
-16.7029,125.5045,325,1.9,1.4,2014-04-17,0500,Aqua,MODIS,67,6.2,306.9,27.5,D,0
-16.4374,125.4773,323.2,1.9,1.4,2014-04-17,0500,Aqua,MODIS,33,6.2,307.6,23.5,D,0
-16.4151,125.4563,324.6,1.9,1.4,2014-04-17,0500,Aqua,MODIS,35,6.2,308.9,26.5,D,0
-16.5528,125.3681,328,2,1.4,2014-04-17,0500,Aqua,MODIS,27,6.2,305.4,37.2,D,0
-16.5261,125.3835,326.2,2,1.4,2014-04-17,0500,Aqua,MODIS,62,6.2,306.7,30,D,0
-16.4597,125.4983,329.5,1.9,1.3,2014-04-17,0500,Aqua,MODIS,79,6.2,306.6,43.5,D,0
-16.7566,132.2248,345.5,1,1,2014-04-17,0500,Aqua,MODIS,91,6.2,308.6,40.8,D,0
-16.7475,132.2233,370.6,1,1,2014-04-17,0500,Aqua,MODIS,100,6.2,309.3,107.1,D,0
-16.721,132.2232,323.6,1,1,2014-04-17,0500,Aqua,MODIS,59,6.2,306.3,9.2,D,0
-16.8503,135.6803,332,1.5,1.2,2014-04-17,0500,Aqua,MODIS,72,6.2,302.1,33.2,D,0
-16.8419,135.6648,325,1.5,1.2,2014-04-17,0500,Aqua,MODIS,50,6.2,297.1,17.4,D,0
-16.8588,135.696,336.3,1.5,1.2,2014-04-17,0500,Aqua,MODIS,84,6.2,302.5,43.9,D,0
-17.4611,132.6931,328.1,1,1,2014-04-17,0500,Aqua,MODIS,71,6.2,309.9,13.3,D,0
-19.2179,121.8085,334.2,3.9,1.8,2014-04-17,0500,Aqua,MODIS,79,6.2,310.1,160.1,D,0
-19.2211,121.7704,345.2,4,1.9,2014-04-17,0500,Aqua,MODIS,90,6.2,308.7,299.4,D,0
-19.2136,121.8039,336.8,3.9,1.8,2014-04-17,0500,Aqua,MODIS,83,6.2,309.8,188.4,D,0
-19.2171,121.7658,339,4,1.9,2014-04-17,0500,Aqua,MODIS,85,6.2,308.2,218.9,D,0
-15.7048,129.8563,325.8,1,1,2014-04-17,0500,Aqua,MODIS,69,6.2,306.8,11.9,D,0
-16.1785,129.208,332.1,1.1,1,2014-04-17,0500,Aqua,MODIS,63,6.2,311.4,15.6,D,0
-16.136,129.1952,323.9,1.1,1,2014-04-17,0500,Aqua,MODIS,63,6.2,309,10.5,D,0
-16.1917,129.506,340.4,1.1,1,2014-04-17,0500,Aqua,MODIS,81,6.2,308.5,32.8,D,0
-16.1855,129.5096,336.2,1.1,1,2014-04-17,0500,Aqua,MODIS,69,6.2,306,25.5,D,0
-16.1903,129.5161,333.1,1.1,1,2014-04-17,0500,Aqua,MODIS,66,6.2,304.5,20.5,D,0
-16.7106,125.2483,321.2,2,1.4,2014-04-17,0500,Aqua,MODIS,33,6.2,307.2,20.5,D,0
-17.7082,123.4956,325,2.8,1.6,2014-04-17,0500,Aqua,MODIS,69,6.2,308.5,48.7,D,0
-17.7731,124.0538,332.3,2.6,1.5,2014-04-17,0500,Aqua,MODIS,73,6.2,312.9,74.1,D,0
-17.7756,124.0296,333.4,2.6,1.5,2014-04-17,0500,Aqua,MODIS,76,6.2,309.1,81.6,D,0
-17.768,124.0485,336.1,2.6,1.5,2014-04-17,0500,Aqua,MODIS,83,6.2,311.6,93.3,D,0
-17.7592,124.0522,336,2.6,1.5,2014-04-17,0500,Aqua,MODIS,78,6.2,309.4,91.8,D,0
-17.7453,124.0507,348.5,2.6,1.5,2014-04-17,0500,Aqua,MODIS,93,6.2,310,181.5,D,0
-17.754,123.5079,321.4,2.8,1.6,2014-04-17,0500,Aqua,MODIS,27,6.2,307.9,28.6,D,0
-16.4523,125.236,321.3,2,1.4,2014-04-17,0500,Aqua,MODIS,65,6.2,306.2,24.6,D,0
-16.345,125.1353,327.5,2,1.4,2014-04-17,0500,Aqua,MODIS,76,6.2,304.6,41.1,D,0
-17.7105,123.5029,326.2,2.8,1.6,2014-04-17,0500,Aqua,MODIS,47,6.2,308.7,49.5,D,0
-17.7516,123.5006,328.7,2.8,1.6,2014-04-17,0500,Aqua,MODIS,72,6.2,308,65.6,D,0
-16.4497,125.2289,321.7,2,1.4,2014-04-17,0500,Aqua,MODIS,67,6.2,306.4,25.9,D,0
-15.6027,131.2381,334.5,1,1,2014-04-17,0500,Aqua,MODIS,77,6.2,308.3,18.7,D,0
-15.6054,131.2196,328.2,1,1,2014-04-17,0500,Aqua,MODIS,52,6.2,305.5,12.5,D,0
-15.6004,131.1904,345,1,1,2014-04-17,0500,Aqua,MODIS,91,6.2,308.1,38.3,D,0
-15.6017,131.1811,331.1,1,1,2014-04-17,0500,Aqua,MODIS,37,6.2,306.6,15.7,D,0
-15.5914,131.189,348.7,1,1,2014-04-17,0500,Aqua,MODIS,93,6.2,305,46.4,D,0
-15.5928,131.1797,342.1,1,1,2014-04-17,0500,Aqua,MODIS,84,6.2,301.1,33,D,0
-17.7054,123.522,322.1,2.8,1.6,2014-04-17,0500,Aqua,MODIS,60,6.2,308.6,32.6,D,0
-17.7631,124.1497,320.7,2.5,1.5,2014-04-17,0500,Aqua,MODIS,48,6.2,308.1,21.2,D,0
-17.7567,123.4814,329.1,2.8,1.6,2014-04-17,0500,Aqua,MODIS,75,6.2,306.5,71.8,D,0
-17.3532,125.0668,333,2.1,1.4,2014-04-17,0500,Aqua,MODIS,81,6.2,309.7,52.4,D,0
-17.3509,125.0867,352.8,2.1,1.4,2014-04-17,0500,Aqua,MODIS,96,6.2,311.5,157.4,D,0
-17.7376,124.0694,334.7,2.5,1.5,2014-04-17,0500,Aqua,MODIS,81,6.2,310.9,87,D,0
-16.6533,125.1791,320.1,2,1.4,2014-04-17,0500,Aqua,MODIS,34,6.2,307.3,19.2,D,0
-16.6636,125.1997,323.2,2,1.4,2014-04-17,0500,Aqua,MODIS,69,6.2,306.3,29.2,D,0
-16.6615,125.2185,319.7,2,1.4,2014-04-17,0500,Aqua,MODIS,55,6.2,307.3,19.7,D,0
-16.2792,124.8047,318.5,2.1,1.4,2014-04-17,0500,Aqua,MODIS,39,6.2,305.7,18.3,D,0
-16.7047,125.2811,319.5,2,1.4,2014-04-17,0500,Aqua,MODIS,58,6.2,306.4,18.8,D,0
-17.3612,126.8358,326.8,1.6,1.2,2014-04-17,0500,Aqua,MODIS,64,6.2,310.9,19.9,D,0
-17.7545,123.474,322,2.8,1.6,2014-04-17,0500,Aqua,MODIS,32,6.2,305.5,36.3,D,0
-16.3325,125.134,323.7,2,1.4,2014-04-17,0500,Aqua,MODIS,71,6.2,306.3,30.1,D,0
-17.7907,124.1528,320.2,2.5,1.5,2014-04-17,0500,Aqua,MODIS,37,6.2,307.9,20.7,D,0
-17.7541,124.0469,331.2,2.6,1.5,2014-04-17,0500,Aqua,MODIS,65,6.2,307.6,67.1,D,0
-17.7402,124.0453,345,2.6,1.5,2014-04-17,0500,Aqua,MODIS,91,6.2,309.4,155.9,D,0
-16.7092,125.2429,327.3,2,1.4,2014-04-17,0500,Aqua,MODIS,75,6.2,307,40.9,D,0
-16.1792,124.8874,320.3,2.1,1.4,2014-04-17,0500,Aqua,MODIS,48,6.2,306.4,22.4,D,0
-16.0888,124.9877,322.7,2.1,1.4,2014-04-17,0500,Aqua,MODIS,69,6.2,305.7,30.7,D,0
-17.2815,125.4707,335,2,1.4,2014-04-17,0500,Aqua,MODIS,83,6.2,307.4,65.4,D,0
-17.2836,125.4527,337.6,2,1.4,2014-04-17,0500,Aqua,MODIS,85,6.2,305,77.9,D,0
-17.35,125.778,331.2,1.9,1.3,2014-04-17,0500,Aqua,MODIS,79,6.2,310.4,39.7,D,0
-17.1522,124.5248,320.5,2.3,1.5,2014-04-17,0500,Aqua,MODIS,35,6.2,306.9,24.8,D,0
-17.1545,124.503,323.5,2.3,1.5,2014-04-17,0500,Aqua,MODIS,65,6.2,305.6,35.3,D,0
-16.2118,129.4267,327.3,1.1,1,2014-04-17,0500,Aqua,MODIS,71,6.2,309.5,10.4,D,0
-17.1567,124.5202,320.9,2.3,1.5,2014-04-17,0500,Aqua,MODIS,62,6.2,307.1,27.9,D,0
-16.9799,124.6873,327.4,2.2,1.4,2014-04-17,0500,Aqua,MODIS,71,6.2,310.4,44.7,D,0
-16.9822,124.6662,326.2,2.2,1.5,2014-04-17,0500,Aqua,MODIS,56,6.2,310,37.7,D,0
-15.8227,129.6605,324.3,1.1,1,2014-04-17,0500,Aqua,MODIS,65,6.2,307.2,10.9,D,0
-17.1685,126.3402,341.7,1.7,1.3,2014-04-17,0500,Aqua,MODIS,88,6.2,313.2,68.2,D,0
-17.1704,126.3242,367.9,1.7,1.3,2014-04-17,0500,Aqua,MODIS,100,6.2,314.5,205.7,D,0
-17.1551,126.3546,324.6,1.7,1.3,2014-04-17,0500,Aqua,MODIS,67,6.2,308.8,15.7,D,0
-17.157,126.3387,340.2,1.7,1.3,2014-04-17,0500,Aqua,MODIS,87,6.2,309.7,62.4,D,0
-17.1588,126.3227,333.7,1.7,1.3,2014-04-17,0500,Aqua,MODIS,81,6.2,309.6,41.4,D,0
-16.6395,126.2855,320.9,1.7,1.3,2014-04-17,0500,Aqua,MODIS,55,6.2,306.6,15.9,D,0
-16.6377,126.3011,326.6,1.7,1.3,2014-04-17,0500,Aqua,MODIS,73,6.2,308.1,27.3,D,0
-16.2664,124.803,326.9,2.1,1.4,2014-04-17,0500,Aqua,MODIS,76,6.2,306.9,43.3,D,0
-17.2373,125.6068,328.6,1.9,1.4,2014-04-17,0500,Aqua,MODIS,74,6.2,307.3,34,D,0
-16.8935,124.3142,338.6,2.4,1.5,2014-04-17,0500,Aqua,MODIS,87,6.2,308.7,96.7,D,0
-17.2603,125.3087,328.9,2,1.4,2014-04-17,0500,Aqua,MODIS,76,6.2,306.5,42.5,D,0
-17.2614,125.314,329.8,2,1.4,2014-04-17,0500,Aqua,MODIS,77,6.2,306.8,47.6,D,0
-17.2352,125.6245,326.5,1.9,1.4,2014-04-17,0500,Aqua,MODIS,70,6.2,308.1,25.7,D,0
-15.6375,126.3683,326.5,1.6,1.2,2014-04-17,0500,Aqua,MODIS,74,6.2,308.7,27.5,D,0
-16.043,126.1347,324.7,1.7,1.3,2014-04-17,0500,Aqua,MODIS,53,6.2,305.5,24.3,D,0
-16.0663,126.1111,320.1,1.7,1.3,2014-04-17,0500,Aqua,MODIS,58,6.2,305.3,16.3,D,0
-16.1961,130.4255,322,1,1,2014-04-17,0500,Aqua,MODIS,45,6.2,307.1,6.5,D,0
-15.8747,129.4863,325.8,1.1,1,2014-04-17,0500,Aqua,MODIS,46,6.2,309.4,11.2,D,0
-15.8799,129.5175,326,1.1,1,2014-04-17,0500,Aqua,MODIS,35,6.2,306.9,9.6,D,0
-16.3428,124.8201,326.4,2.1,1.4,2014-04-17,0500,Aqua,MODIS,32,6.2,306.6,39,D,0
-17.1939,125.2226,341.4,2.1,1.4,2014-04-17,0500,Aqua,MODIS,88,6.2,308.1,96.4,D,0
-17.2742,125.1977,326.4,2.1,1.4,2014-04-17,0500,Aqua,MODIS,69,6.2,307.9,29,D,0
-17.274,125.1925,324.9,2.1,1.4,2014-04-17,0500,Aqua,MODIS,51,6.2,307.7,23.8,D,0
-17.2627,124.7183,327.2,2.2,1.5,2014-04-17,0500,Aqua,MODIS,66,6.2,308.5,35.6,D,0
-17.265,124.6971,324,2.3,1.5,2014-04-17,0500,Aqua,MODIS,46,6.2,307.6,23.7,D,0
-17.3962,125.7357,325.8,1.9,1.3,2014-04-17,0500,Aqua,MODIS,70,6.2,307.8,27.9,D,0
-17.3923,125.7306,323.7,1.9,1.3,2014-04-17,0500,Aqua,MODIS,62,6.2,308.2,22.2,D,0
-17.3074,125.6749,343.5,1.9,1.3,2014-04-17,0500,Aqua,MODIS,90,6.2,309.7,87.3,D,0
-17.4409,125.6677,320.4,1.9,1.4,2014-04-17,0500,Aqua,MODIS,54,6.2,307.7,18,D,0
-16.1488,129.2142,330.7,1.1,1,2014-04-17,0500,Aqua,MODIS,45,6.2,310.9,15.4,D,0
-15.7867,129.6697,328.2,1.1,1,2014-04-17,0500,Aqua,MODIS,64,6.2,309.4,12.5,D,0
-16.9869,124.6238,328.7,2.3,1.5,2014-04-17,0500,Aqua,MODIS,62,6.2,307.6,45.4,D,0
-16.8666,124.3109,323.3,2.4,1.5,2014-04-17,0500,Aqua,MODIS,60,6.2,309.2,30.6,D,0
-16.88,124.3126,331.4,2.4,1.5,2014-04-17,0500,Aqua,MODIS,60,6.2,310.1,59,D,0
-16.9845,124.645,333.4,2.3,1.5,2014-04-17,0500,Aqua,MODIS,76,6.2,310.6,63.8,D,0
-15.4936,130.0578,332.2,1,1,2014-04-17,0500,Aqua,MODIS,62,6.2,309.4,15.7,D,0
-17.2063,125.2255,323,2.1,1.4,2014-04-17,0500,Aqua,MODIS,65,6.2,308.1,24.5,D,0
-16.9069,124.3158,326.4,2.4,1.5,2014-04-17,0500,Aqua,MODIS,59,6.2,308,42.7,D,0
-17.2967,125.3377,322.3,2,1.4,2014-04-17,0500,Aqua,MODIS,53,6.2,304.6,23.6,D,0
-16.0181,126.1473,319.6,1.7,1.3,2014-04-17,0500,Aqua,MODIS,42,6.2,304.6,14.4,D,0
-17.2938,125.4731,349.3,2,1.4,2014-04-17,0500,Aqua,MODIS,94,6.2,308.1,135.7,D,0
-17.2917,125.4906,323.4,2,1.4,2014-04-17,0500,Aqua,MODIS,60,6.2,306.5,27,D,0
-17.296,125.4538,325.4,2,1.4,2014-04-17,0500,Aqua,MODIS,68,6.2,304.4,34.3,D,0
-15.6087,131.0684,358.7,1,1,2014-04-17,0500,Aqua,MODIS,99,6.2,302.1,71.6,D,0
-17.2996,125.6809,339.2,1.9,1.3,2014-04-17,0500,Aqua,MODIS,87,6.2,311.5,68.2,D,0
-17.1924,125.2154,327.4,2.1,1.4,2014-04-17,0500,Aqua,MODIS,74,6.2,307.6,38.7,D,0
-17.3016,125.6629,332.5,1.9,1.3,2014-04-17,0500,Aqua,MODIS,80,6.2,310.4,43.6,D,0
-17.2405,125.6124,334.1,1.9,1.4,2014-04-17,0500,Aqua,MODIS,82,6.2,307.9,54.5,D,0
-17.2385,125.6299,324.3,1.9,1.4,2014-04-17,0500,Aqua,MODIS,67,6.2,308.3,20.7,D,0
-15.9323,126.0974,317.9,1.7,1.3,2014-04-17,0500,Aqua,MODIS,45,6.2,304.4,13.3,D,0
-17.1902,125.2343,324.5,2,1.4,2014-04-17,0500,Aqua,MODIS,63,6.2,306.6,29.2,D,0
-15.6009,131.0616,326.8,1,1,2014-04-17,0500,Aqua,MODIS,55,6.2,297.7,16.1,D,0
-15.9178,129.6407,323.4,1.1,1,2014-04-17,0500,Aqua,MODIS,56,6.2,306.5,8.4,D,0
-15.5911,131.2553,325.7,1,1,2014-04-17,0500,Aqua,MODIS,56,6.2,308.6,6.4,D,0
-15.5071,131.3315,329.6,1,1,2014-04-17,0500,Aqua,MODIS,71,6.2,303.9,16,D,0
-15.5304,131.2971,326.3,1,1,2014-04-17,0500,Aqua,MODIS,65,6.2,308.1,9.8,D,0
-15.5317,131.2879,326.1,1,1,2014-04-17,0500,Aqua,MODIS,54,6.2,308.8,9.4,D,0
-15.5988,131.2659,330.9,1,1,2014-04-17,0500,Aqua,MODIS,77,6.2,309.7,11.7,D,0
-15.6001,131.2567,333.1,1,1,2014-04-17,0500,Aqua,MODIS,80,6.2,308.8,15,D,0
-15.5898,131.2646,332.2,1,1,2014-04-17,0500,Aqua,MODIS,79,6.2,309.7,14.1,D,0
-13.1692,131.5849,328.4,1,1,2014-04-17,0501,Aqua,MODIS,80,6.2,300.2,19,D,0
-13.5702,131.9898,320.4,1,1,2014-04-17,0501,Aqua,MODIS,44,6.2,294.2,10.6,D,0
-13.1511,131.5821,341.7,1,1,2014-04-17,0501,Aqua,MODIS,90,6.2,298.5,40.9,D,0
-13.1601,131.5835,339.1,1,1,2014-04-17,0501,Aqua,MODIS,89,6.2,300.8,36.1,D,0
-15.669,125.9174,325.1,1.7,1.3,2014-04-17,0501,Aqua,MODIS,68,6.2,307.3,25.7,D,0
-15.671,125.9011,338.4,1.7,1.3,2014-04-17,0501,Aqua,MODIS,87,6.2,306.4,66.7,D,0
-15.0093,127.1742,322.6,1.4,1.2,2014-04-17,0501,Aqua,MODIS,62,6.2,309.1,11,D,0
-14.1895,127.5265,325.9,1.3,1.1,2014-04-17,0501,Aqua,MODIS,73,6.2,308.3,13.5,D,0
-14.7933,126.4527,316.8,1.5,1.2,2014-04-17,0501,Aqua,MODIS,28,6.2,304.3,12,D,0
-15.5498,126.3351,323.3,1.6,1.2,2014-04-17,0501,Aqua,MODIS,68,6.2,308.7,19.4,D,0
-14.8097,126.4113,330.2,1.6,1.2,2014-04-17,0501,Aqua,MODIS,79,6.2,300.7,39.2,D,0
-14.1981,127.5398,332.9,1.3,1.1,2014-04-17,0501,Aqua,MODIS,82,6.2,309.1,25.9,D,0
-14.188,127.5384,362,1.3,1.1,2014-04-17,0501,Aqua,MODIS,100,6.2,311.3,111.4,D,0
-13.9899,127.4139,329.7,1.3,1.1,2014-04-17,0501,Aqua,MODIS,62,6.2,309.8,19.1,D,0
-15.011,127.1614,327.5,1.4,1.2,2014-04-17,0501,Aqua,MODIS,75,6.2,308.7,20.5,D,0
-14.4077,127.6526,324.9,1.3,1.1,2014-04-17,0501,Aqua,MODIS,47,6.2,309.9,12.4,D,0
-14.5791,127.1235,323.7,1.4,1.2,2014-04-17,0501,Aqua,MODIS,69,6.2,306.9,14.1,D,0
-14.1966,127.5515,337.2,1.3,1.1,2014-04-17,0501,Aqua,MODIS,86,6.2,310.2,34.2,D,0
-14.2386,127.5452,323,1.3,1.1,2014-04-17,0501,Aqua,MODIS,52,6.2,308.1,10.1,D,0
-31.5483,117.2396,315,2,1.4,2014-04-17,0634,Aqua,MODIS,57,6.2,291.2,30.3,D,0
-32.4199,116.8669,344.1,1.8,1.3,2014-04-17,0634,Aqua,MODIS,92,6.2,304.7,100.1,D,0
-31.5487,117.2447,321.9,2,1.4,2014-04-17,0634,Aqua,MODIS,62,6.2,291.8,43.5,D,0
-32.4958,117.9472,321.9,2.1,1.4,2014-04-17,0634,Aqua,MODIS,77,6.2,290.5,51.6,D,0
-31.6856,117.2249,330.2,2,1.4,2014-04-17,0634,Aqua,MODIS,82,6.2,302.2,60.4,D,0
-32.5004,117.9249,319.7,2.1,1.4,2014-04-17,0634,Aqua,MODIS,64,6.2,290.1,45,D,0
-31.9845,117.7156,340.1,2.1,1.4,2014-04-17,0634,Aqua,MODIS,90,6.2,304,103.4,D,0
-31.8363,118.8656,314.3,2.5,1.5,2014-04-17,0634,Aqua,MODIS,60,6.2,297.6,28.4,D,0
-33.4254,118.5326,316.8,2.2,1.4,2014-04-17,0634,Aqua,MODIS,72,6.2,296.2,27.2,D,0
-32.134,117.7014,315.2,2.1,1.4,2014-04-17,0634,Aqua,MODIS,64,6.2,303.8,14.8,D,0
-32.2454,118.3229,324.8,2.3,1.5,2014-04-17,0634,Aqua,MODIS,79,6.2,301.2,52,D,0
-32.2305,117.8736,325.6,2.1,1.4,2014-04-17,0634,Aqua,MODIS,79,6.2,298.8,51.4,D,0
-32.2405,118.3465,322.9,2.3,1.5,2014-04-17,0634,Aqua,MODIS,77,6.2,301.3,45.5,D,0
-31.98,117.7374,325.4,2.1,1.4,2014-04-17,0634,Aqua,MODIS,78,6.2,302.2,44,D,0
-33.4236,118.5394,313,2.2,1.4,2014-04-17,0634,Aqua,MODIS,49,6.2,295.7,15.8,D,0
-33.3383,117.4014,316.6,1.9,1.3,2014-04-17,0634,Aqua,MODIS,71,6.2,301.9,18.3,D,0
-33.1687,117.445,324.2,1.9,1.3,2014-04-17,0634,Aqua,MODIS,80,6.2,301.7,36,D,0
-31.8595,117.2854,318.7,2,1.4,2014-04-17,0634,Aqua,MODIS,69,6.2,304,21.8,D,0
-32.975,119.2136,320.2,2.5,1.5,2014-04-17,0634,Aqua,MODIS,75,6.2,296.9,44,D,0
-32.9806,119.1877,329.2,2.5,1.5,2014-04-17,0634,Aqua,MODIS,83,6.2,298.5,80.8,D,0
-31.6544,117.5733,312.6,2.1,1.4,2014-04-17,0634,Aqua,MODIS,34,6.2,296.3,17,D,0
-31.6374,117.5917,312.1,2.1,1.4,2014-04-17,0634,Aqua,MODIS,18,6.2,295.8,15.9,D,0
-31.6419,117.5699,333.7,2.1,1.4,2014-04-17,0634,Aqua,MODIS,85,6.2,297.3,83.2,D,0
-31.9493,117.8224,319.8,2.1,1.4,2014-04-17,0634,Aqua,MODIS,71,6.2,304.3,28.7,D,0
-33.1426,117.9031,317.6,2,1.4,2014-04-17,0634,Aqua,MODIS,72,6.2,300.3,23.3,D,0
-31.9866,117.1753,317.5,1.9,1.4,2014-04-17,0634,Aqua,MODIS,67,6.2,302.3,20,D,0
-33.2146,117.549,312.7,1.9,1.4,2014-04-17,0634,Aqua,MODIS,63,6.2,297.9,11.1,D,0
-31.6818,116.8369,311.6,1.9,1.3,2014-04-17,0634,Aqua,MODIS,34,6.2,299.5,10.7,D,0
-31.5444,117.2657,317,2,1.4,2014-04-17,0634,Aqua,MODIS,42,6.2,290.1,29.9,D,0
-31.5442,117.2607,323.2,2,1.4,2014-04-17,0634,Aqua,MODIS,75,6.2,290.1,50.7,D,0
-31.2208,116.8871,328.4,1.9,1.4,2014-04-17,0635,Aqua,MODIS,81,6.2,301.6,46.5,D,0
-31.2168,116.9073,321.5,1.9,1.4,2014-04-17,0635,Aqua,MODIS,73,6.2,301.8,25.7,D,0
-31.1496,116.9666,321,2,1.4,2014-04-17,0635,Aqua,MODIS,72,6.2,305.5,25.6,D,0
-31.0724,117.0317,317.2,2,1.4,2014-04-17,0635,Aqua,MODIS,0,6.2,303.4,19,D,0
-31.1085,116.5763,325.3,1.9,1.3,2014-04-17,0635,Aqua,MODIS,79,6.2,298.1,40.7,D,0
-30.6245,116.1342,317.9,1.8,1.3,2014-04-17,0635,Aqua,MODIS,72,6.2,297.5,26.1,D,0
-29.7342,115.7466,325.4,1.8,1.3,2014-04-17,0635,Aqua,MODIS,73,6.2,303,31.1,D,0
-29.7238,115.7558,320,1.8,1.3,2014-04-17,0635,Aqua,MODIS,38,6.2,299.2,17.1,D,0
-29.7272,115.7377,320.3,1.8,1.3,2014-04-17,0635,Aqua,MODIS,46,6.2,301.5,18.8,D,0
-28.6433,114.8352,324.3,1.6,1.2,2014-04-17,0635,Aqua,MODIS,68,6.2,307.8,18.9,D,0
-29.9658,115.6323,320.2,1.7,1.3,2014-04-17,0635,Aqua,MODIS,61,6.2,306.6,15.1,D,0
-31.5595,116.4508,314.4,1.8,1.3,2014-04-17,0635,Aqua,MODIS,57,6.2,293.1,18.5,D,0
-30.7284,116.0716,323.7,1.8,1.3,2014-04-17,0635,Aqua,MODIS,78,6.2,291.9,39.8,D,0
-30.7318,116.0537,334.1,1.7,1.3,2014-04-17,0635,Aqua,MODIS,87,6.2,289,68.1,D,0
-30.6279,116.1161,325.6,1.8,1.3,2014-04-17,0635,Aqua,MODIS,80,6.2,295.2,43.4,D,0
-31.3652,116.6839,319.7,1.9,1.3,2014-04-17,0635,Aqua,MODIS,71,6.2,302,21.5,D,0
-29.1847,115.4717,331.8,1.7,1.3,2014-04-17,0635,Aqua,MODIS,82,6.2,310,41.8,D,0
-28.7973,115.0049,322.9,1.6,1.3,2014-04-17,0635,Aqua,MODIS,45,6.2,309.1,15.9,D,0
-30.0865,115.4169,325.2,1.6,1.3,2014-04-17,0635,Aqua,MODIS,74,6.2,304.1,27.5,D,0
-30.0833,115.4339,323.6,1.6,1.3,2014-04-17,0635,Aqua,MODIS,72,6.2,304.6,23.8,D,0
-30.0977,115.4196,328.4,1.6,1.3,2014-04-17,0635,Aqua,MODIS,78,6.2,307.6,34.1,D,0
-31.1298,116.4028,349.3,1.8,1.3,2014-04-17,0635,Aqua,MODIS,95,6.2,302.2,127,D,0
-30.0945,115.4367,323.1,1.6,1.3,2014-04-17,0635,Aqua,MODIS,64,6.2,306.4,22.3,D,0
-30.1302,115.4987,319,1.7,1.3,2014-04-17,0635,Aqua,MODIS,63,6.2,306.3,14.1,D,0
-30.1271,115.5155,320,1.7,1.3,2014-04-17,0635,Aqua,MODIS,64,6.2,306.5,17.2,D,0
-30.128,115.505,323.2,1.7,1.3,2014-04-17,0635,Aqua,MODIS,70,6.2,306.2,21.3,D,0
-29.7248,116.0515,316.8,1.8,1.3,2014-04-17,0635,Aqua,MODIS,50,6.2,298.7,12.9,D,0
-29.7212,116.0703,315.4,1.8,1.3,2014-04-17,0635,Aqua,MODIS,21,6.2,298.5,10.2,D,0
-29.8123,116.1385,317.4,1.9,1.3,2014-04-17,0635,Aqua,MODIS,54,6.2,301.5,12.9,D,0
-29.8172,116.147,319.7,1.9,1.3,2014-04-17,0635,Aqua,MODIS,62,6.2,302.2,16.9,D,0
-28.6545,114.838,325.6,1.6,1.2,2014-04-17,0635,Aqua,MODIS,71,6.2,307.1,21.6,D,0
-29.9164,149.1203,304.6,1.1,1.1,2014-04-17,1242,Terra,MODIS,61,6.2,286.2,9.9,N,0
-29.2508,150.1714,312,1,1,2014-04-17,1242,Terra,MODIS,84,6.2,283.4,14.7,N,0
-29.2494,150.1821,301.7,1,1,2014-04-17,1242,Terra,MODIS,43,6.2,283.9,7.7,N,0
-28.7738,149.9749,307.3,1,1,2014-04-17,1243,Terra,MODIS,71,6.2,285.6,10.6,N,0
-26.5671,148.9036,313.2,1.1,1,2014-04-17,1243,Terra,MODIS,87,6.2,286.5,15.8,N,0
-26.5685,148.8929,307.4,1.1,1,2014-04-17,1243,Terra,MODIS,71,6.2,286.2,11.2,N,0
-27.4465,150.0847,302.6,1,1,2014-04-17,1243,Terra,MODIS,50,6.2,286.8,7.1,N,0
-26.7971,150.1991,304.8,1,1,2014-04-17,1243,Terra,MODIS,62,6.2,287.1,8.1,N,2
-26.5417,150.188,311.3,1,1,2014-04-17,1243,Terra,MODIS,82,6.2,288,12.5,N,0
-28.3031,151.3097,305.4,1,1,2014-04-17,1243,Terra,MODIS,64,6.2,284.5,9.1,N,0
-28.6375,149.6713,301.3,1.1,1,2014-04-17,1243,Terra,MODIS,40,6.2,285.7,6.9,N,0
-28.2956,151.2978,318.2,1,1,2014-04-17,1243,Terra,MODIS,96,6.2,285.4,18,N,0
-28.134,151.4601,309.7,1,1,2014-04-17,1243,Terra,MODIS,78,6.2,284.2,11.5,N,0
-27.8933,149.7562,301.3,1,1,2014-04-17,1243,Terra,MODIS,40,6.2,285.3,7,N,0
-28.3046,151.2995,306.8,1,1,2014-04-17,1243,Terra,MODIS,69,6.2,284.3,10,N,0
-27.8856,149.7599,313.3,1,1,2014-04-17,1243,Terra,MODIS,87,6.2,285.6,15.4,N,0
-28.2941,151.308,316.3,1,1,2014-04-17,1243,Terra,MODIS,93,6.2,285.4,16.3,N,0
-27.887,149.7494,317.3,1,1,2014-04-17,1243,Terra,MODIS,95,6.2,286.1,19,N,0
-24.8108,152.184,305.3,1.1,1,2014-04-17,1244,Terra,MODIS,64,6.2,290.1,7.9,N,0
-23.2366,149.2559,306.1,1,1,2014-04-17,1244,Terra,MODIS,67,6.2,290.7,7.4,N,0
-33.2092,120.0576,300.8,2.2,1.4,2014-04-17,1420,Terra,MODIS,34,6.2,284,21.5,N,0
-33.2062,120.0627,308,2.2,1.4,2014-04-17,1420,Terra,MODIS,73,6.2,284.7,35.2,N,0
-33.2071,120.0816,305,2.2,1.4,2014-04-17,1420,Terra,MODIS,62,6.2,284.8,28.9,N,0
-17.4609,125.6107,305.3,1.1,1,2014-04-17,1424,Terra,MODIS,55,6.2,295.2,4.8,N,0
-19.1977,121.7729,308.3,1.2,1.1,2014-04-17,1424,Terra,MODIS,74,6.2,294.9,9,N,0
-19.1895,121.7606,305.3,1.2,1.1,2014-04-17,1424,Terra,MODIS,31,6.2,293.6,6.6,N,0
-16.1693,129.5213,304.6,1.9,1.4,2014-04-17,1425,Terra,MODIS,31,6.2,292.4,8.8,N,0
-16.3536,124.8233,333.5,1,1,2014-04-17,1425,Terra,MODIS,100,6.2,297.8,33.4,N,0
-17.2362,125.3767,307.6,1.1,1,2014-04-17,1425,Terra,MODIS,72,6.2,296,6.6,N,0
-15.471,130.0631,307.2,2.2,1.4,2014-04-17,1425,Terra,MODIS,70,6.2,293.5,17.6,N,0
-16.3627,124.8251,318.1,1,1,2014-04-17,1425,Terra,MODIS,96,6.2,297.4,15.1,N,0
-16.3522,124.8331,313.1,1,1,2014-04-17,1425,Terra,MODIS,86,6.2,297.1,10.4,N,0
-16.0719,124.9881,304.2,1.1,1,2014-04-17,1425,Terra,MODIS,59,6.2,292.1,5,N,0
-17.2004,125.0038,309.2,1,1,2014-04-17,1425,Terra,MODIS,75,6.2,297.9,6.4,N,0
-17.2216,124.9875,308.5,1,1,2014-04-17,1425,Terra,MODIS,69,6.2,297.1,5.8,N,0
-20.1599,138.6148,304.1,1.4,1.2,2014-04-17,1553,Aqua,MODIS,59,6.2,293.5,8.8,N,0
-20.1576,138.6014,304.1,1.4,1.2,2014-04-17,1553,Aqua,MODIS,58,6.2,293.4,8.8,N,0
-19.1907,121.7615,321.8,1.3,1.1,2014-04-17,1731,Aqua,MODIS,100,6.2,293.6,30.2,N,0
-19.1923,121.7741,357.2,1.3,1.1,2014-04-17,1731,Aqua,MODIS,100,6.2,297.4,119.5,N,0
-19.1938,121.7867,369.6,1.3,1.1,2014-04-17,1731,Aqua,MODIS,100,6.2,300.1,174.5,N,0
-19.1954,121.7993,329.8,1.3,1.1,2014-04-17,1731,Aqua,MODIS,100,6.2,295.3,43.5,N,0
-19.2057,121.7979,307.6,1.3,1.1,2014-04-17,1731,Aqua,MODIS,72,6.2,292.5,12.2,N,0
-19.2073,121.8105,316.4,1.3,1.1,2014-04-17,1731,Aqua,MODIS,93,6.2,293,22.8,N,0
-30.8619,121.4955,303.1,1.8,1.3,2014-04-17,1735,Aqua,MODIS,53,6.2,288.1,16.7,N,2
-27.0822,152.8845,309.8,1.6,1.2,2014-04-17,2341,Terra,MODIS,63,6.2,295.8,11.5,D,0
-28.0409,152.4929,324.9,1.6,1.2,2014-04-17,2341,Terra,MODIS,81,6.2,296.2,39.4,D,0
-28.0656,151.8933,311.9,1.8,1.3,2014-04-17,2341,Terra,MODIS,67,6.2,296.9,16.8,D,0
-29.9179,151.2645,306.6,1.8,1.3,2014-04-17,2342,Terra,MODIS,58,6.2,291.2,14.8,D,0
-29.9214,151.2825,309.6,1.8,1.3,2014-04-17,2342,Terra,MODIS,65,6.2,291.7,19,D,0
-30.0096,148.2433,311.4,2.8,1.6,2014-04-17,2342,Terra,MODIS,51,6.2,299.4,19.5,D,0
-33.3082,150.1237,301.2,1.8,1.3,2014-04-17,2343,Terra,MODIS,45,6.2,287.1,12.6,D,0
-14.174,127.509,312.6,3.2,1.7,2014-04-18,0116,Terra,MODIS,52,6.2,287.9,28.8,D,0
-14.1794,127.5384,311.9,3.2,1.7,2014-04-18,0116,Terra,MODIS,36,6.2,286.8,23,D,0
-16.3181,124.8052,315.6,4.6,2,2014-04-18,0117,Terra,MODIS,62,6.2,293.7,81.8,D,0
-16.3194,124.8124,313,4.6,2,2014-04-18,0117,Terra,MODIS,49,6.2,292.7,61.7,D,0
-16.3109,124.7701,313.5,4.7,2,2014-04-18,0117,Terra,MODIS,33,6.2,295.9,67.3,D,0
-16.2056,129.2185,321.4,2.2,1.4,2014-04-18,0117,Terra,MODIS,74,6.2,294.4,37,D,0
-16.1707,129.2456,312.5,2.2,1.4,2014-04-18,0117,Terra,MODIS,27,6.2,289.5,12.4,D,0
-17.3467,125.5618,312.4,3.9,1.8,2014-04-18,0117,Terra,MODIS,29,6.2,298.7,33.3,D,0
-20.1665,138.6039,328.8,1.3,1.1,2014-04-18,0117,Terra,MODIS,72,6.2,310,21,D,0
-16.0323,125.9779,311.3,3.9,1.8,2014-04-18,0117,Terra,MODIS,39,6.2,296.6,37.5,D,0
-16.0389,126.0125,311.2,3.8,1.8,2014-04-18,0117,Terra,MODIS,36,6.2,296.3,35.4,D,0
-16.0441,126.004,314.2,3.8,1.8,2014-04-18,0117,Terra,MODIS,57,6.2,296.4,52.6,D,0
-16.8441,135.6325,318.6,1,1,2014-04-18,0117,Terra,MODIS,46,6.2,304.8,6.3,D,0
-16.6783,135.4454,330.9,1,1,2014-04-18,0117,Terra,MODIS,80,6.2,305.8,18,D,0
-16.6797,135.4548,320,1,1,2014-04-18,0117,Terra,MODIS,60,6.2,305.2,6,D,0
-20.7326,139.4804,322.9,1.5,1.2,2014-04-18,0118,Terra,MODIS,53,6.2,309.4,15.2,D,2
-33.3835,121.4972,309.6,3.1,1.7,2014-04-18,0122,Terra,MODIS,66,6.2,292.6,32.7,D,0
-33.3724,121.4582,310.4,3.1,1.7,2014-04-18,0122,Terra,MODIS,41,6.2,292.7,33.5,D,0
-33.3802,121.4909,314.2,3.1,1.7,2014-04-18,0122,Terra,MODIS,72,6.2,292.8,47,D,0
-33.3759,121.4643,315.3,3.1,1.7,2014-04-18,0122,Terra,MODIS,74,6.2,293.1,56.7,D,0
-18.8541,121.6754,317.2,4.7,2,2014-04-18,0256,Terra,MODIS,51,6.2,304.6,50,D,0
-36.4755,145.0966,302.5,1.5,1.2,2014-04-18,0359,Aqua,MODIS,40,6.2,289.3,5.6,D,0
-36.2146,146.3849,319,1.3,1.1,2014-04-18,0359,Aqua,MODIS,79,6.2,291.9,19.7,D,0
-35.8799,146.3032,361.5,1.3,1.1,2014-04-18,0359,Aqua,MODIS,100,6.2,294.5,120,D,0
-35.4467,147.2503,323.8,1.1,1.1,2014-04-18,0359,Aqua,MODIS,54,6.2,291.7,22.6,D,0
-35.4735,147.0016,312.2,1.2,1.1,2014-04-18,0359,Aqua,MODIS,68,6.2,295.2,11.8,D,0
-35.4563,147.2522,343.8,1.1,1.1,2014-04-18,0359,Aqua,MODIS,59,6.2,296.5,54.3,D,0
-36.2161,146.3708,330.6,1.3,1.1,2014-04-18,0359,Aqua,MODIS,87,6.2,294.3,37.8,D,0
-35.8815,146.2892,398.9,1.3,1.1,2014-04-18,0359,Aqua,MODIS,100,6.2,302.8,341.1,D,0
-34.9023,147.3795,326.2,1.1,1,2014-04-18,0359,Aqua,MODIS,64,6.2,290.1,26.1,D,0
-35.4578,147.2396,351.1,1.1,1.1,2014-04-18,0359,Aqua,MODIS,79,6.2,293.3,71.8,D,0
-36.1513,146.3252,328.8,1.3,1.1,2014-04-18,0359,Aqua,MODIS,86,6.2,294.6,35.6,D,0
-36.1725,142.9429,326,2,1.4,2014-04-18,0359,Aqua,MODIS,83,6.2,296,55.2,D,0
-36.16,142.9414,314.4,2,1.4,2014-04-18,0359,Aqua,MODIS,73,6.2,295.3,26,D,0
-36.1733,142.9479,325.2,2,1.4,2014-04-18,0359,Aqua,MODIS,83,6.2,295.9,52.9,D,0
-36.1608,142.9463,317.3,2,1.4,2014-04-18,0359,Aqua,MODIS,76,6.2,295.4,33.1,D,0
-31.2171,148.5572,316.7,1,1,2014-04-18,0400,Aqua,MODIS,67,6.2,303.9,7.7,D,0
-31.8239,148.5562,312.9,1,1,2014-04-18,0400,Aqua,MODIS,64,6.2,298.7,7.4,D,0
-31.4931,150.0542,325.3,1,1,2014-04-18,0400,Aqua,MODIS,81,6.2,300.5,17.9,D,0
-33.6731,147.617,332.8,1.1,1,2014-04-18,0400,Aqua,MODIS,77,6.2,293.2,29.9,D,0
-34.5331,147.4844,323.1,1.1,1,2014-04-18,0400,Aqua,MODIS,61,6.2,290.5,21.1,D,0
-34.5681,147.5882,315.4,1.1,1,2014-04-18,0400,Aqua,MODIS,75,6.2,293,12.5,D,0
-31.9148,148.4923,308.9,1,1,2014-04-18,0400,Aqua,MODIS,53,6.2,298,4.4,D,0
-32.5475,148.7691,328.1,1,1,2014-04-18,0400,Aqua,MODIS,84,6.2,296.9,23.3,D,0
-34.5602,147.5746,327.6,1.1,1,2014-04-18,0400,Aqua,MODIS,85,6.2,289.5,26.1,D,0
-34.5587,147.5864,346.7,1.1,1,2014-04-18,0400,Aqua,MODIS,95,6.2,294.5,59.3,D,0
-32.546,148.7798,317.8,1,1,2014-04-18,0400,Aqua,MODIS,74,6.2,296.8,12.2,D,0
-33.6838,147.6072,335.7,1.1,1,2014-04-18,0400,Aqua,MODIS,76,6.2,296.7,32.9,D,0
-33.6824,147.6188,336.4,1.1,1,2014-04-18,0400,Aqua,MODIS,80,6.2,297.1,34.9,D,0
-34.2836,148.1506,307.4,1,1,2014-04-18,0400,Aqua,MODIS,48,6.2,287.5,7,D,0
-30.3493,151.7299,310.4,1.2,1.1,2014-04-18,0400,Aqua,MODIS,64,6.2,293.9,10.2,D,0
-32.3991,151.8922,328.5,1.1,1.1,2014-04-18,0400,Aqua,MODIS,85,6.2,294.8,31.1,D,0
-32.4011,151.8799,305.5,1.1,1.1,2014-04-18,0400,Aqua,MODIS,55,6.2,294.2,5.9,D,0
-34.302,147.7898,343.7,1.1,1,2014-04-18,0400,Aqua,MODIS,93,6.2,295.8,50.3,D,0
-33.6466,148.1114,324.7,1,1,2014-04-18,0400,Aqua,MODIS,82,6.2,299,18.7,D,0
-31.8385,151.6658,307.6,1.1,1.1,2014-04-18,0400,Aqua,MODIS,56,6.2,297.3,7.5,D,0
-27.2131,152.2338,311.4,1.4,1.2,2014-04-18,0401,Aqua,MODIS,42,6.2,297.7,11.3,D,0
-29.85,148.0231,326.6,1,1,2014-04-18,0401,Aqua,MODIS,74,6.2,310.6,12,D,0
-29.36,148.4293,323.6,1,1,2014-04-18,0401,Aqua,MODIS,69,6.2,306.9,11.2,D,0
-28.7076,149.2334,316.7,1,1,2014-04-18,0401,Aqua,MODIS,51,6.2,305.1,6.6,D,0
-27.9823,151.705,327.5,1.3,1.1,2014-04-18,0401,Aqua,MODIS,80,6.2,306,24.5,D,0
-29.8486,148.0335,321.3,1,1,2014-04-18,0401,Aqua,MODIS,63,6.2,309.6,6.4,D,0
-28.4413,147.9167,322.4,1,1,2014-04-18,0401,Aqua,MODIS,55,6.2,308.5,9,D,0
-29.7684,148.4682,319.2,1,1,2014-04-18,0401,Aqua,MODIS,53,6.2,307.3,6.2,D,0
-27.982,151.6982,322.8,1.3,1.1,2014-04-18,0401,Aqua,MODIS,75,6.2,304.9,18.1,D,0
-28.9813,152.2254,316.2,1.3,1.1,2014-04-18,0401,Aqua,MODIS,70,6.2,295.9,18.1,D,0
-28.7685,149.9726,331.7,1.1,1,2014-04-18,0401,Aqua,MODIS,82,6.2,308.4,22.6,D,0
-29.6814,149.7871,314,1,1,2014-04-18,0401,Aqua,MODIS,34,6.2,303.6,5,D,0
-28.0723,151.8888,339.5,1.3,1.1,2014-04-18,0401,Aqua,MODIS,89,6.2,303.4,55.6,D,0
-27.8725,150.1135,328.4,1.1,1,2014-04-18,0401,Aqua,MODIS,80,6.2,306.8,21.2,D,0
-27.8769,150.1211,323.2,1.1,1,2014-04-18,0401,Aqua,MODIS,67,6.2,306.8,13,D,0
-27.8631,150.1115,321.9,1.1,1,2014-04-18,0401,Aqua,MODIS,72,6.2,304.5,14,D,0
-29.9138,151.2743,321.1,1.2,1.1,2014-04-18,0401,Aqua,MODIS,77,6.2,297.9,19.5,D,0
-30.2217,148.9554,315.8,1,1,2014-04-18,0401,Aqua,MODIS,33,6.2,303.3,5.7,D,0
-27.8787,150.1099,321.6,1.1,1,2014-04-18,0401,Aqua,MODIS,64,6.2,307.3,10.5,D,0
-29.9158,151.2623,315.4,1.2,1.1,2014-04-18,0401,Aqua,MODIS,70,6.2,298.1,12.9,D,0
-28.0699,151.9023,324.9,1.3,1.1,2014-04-18,0401,Aqua,MODIS,78,6.2,300.6,25,D,0
-29.9214,149.1247,316.2,1,1,2014-04-18,0401,Aqua,MODIS,45,6.2,303.3,6.1,D,0
-23.5001,148.7673,319.1,1.1,1,2014-04-18,0402,Aqua,MODIS,28,6.2,304.4,11.3,D,0
-26.2133,151.2316,313.3,1.3,1.1,2014-04-18,0402,Aqua,MODIS,58,6.2,301.4,8.4,D,0
-26.2159,151.2251,312.8,1.3,1.1,2014-04-18,0402,Aqua,MODIS,57,6.2,301.4,8,D,0
-26.3338,148.3056,327,1,1,2014-04-18,0402,Aqua,MODIS,76,6.2,309.1,13.2,D,0
-26.3353,148.2955,334.3,1,1,2014-04-18,0402,Aqua,MODIS,84,6.2,310.1,22.8,D,0
-26.5752,148.9057,332.8,1,1,2014-04-18,0402,Aqua,MODIS,83,6.2,307.5,23.1,D,0
-26.5768,148.8954,333.8,1,1,2014-04-18,0402,Aqua,MODIS,84,6.2,307.3,24.7,D,0
-26.5661,148.904,340.4,1,1,2014-04-18,0402,Aqua,MODIS,89,6.2,308.1,35.5,D,0
-26.5677,148.8936,322,1,1,2014-04-18,0402,Aqua,MODIS,69,6.2,308.5,9.6,D,0
-25.9883,149.4814,317.3,1.1,1,2014-04-18,0402,Aqua,MODIS,63,6.2,304,8.5,D,0
-25.8245,145.2761,320.1,1.1,1,2014-04-18,0402,Aqua,MODIS,43,6.2,309.9,6.3,D,0
-26.7962,150.198,318.3,1.1,1.1,2014-04-18,0402,Aqua,MODIS,67,6.2,305.4,9.5,D,2
-24.2694,150.9602,312.2,1.4,1.2,2014-04-18,0402,Aqua,MODIS,50,6.2,299.6,9.7,D,0
-23.6501,146.6476,324.7,1,1,2014-04-18,0402,Aqua,MODIS,73,6.2,304.5,12.4,D,0
-23.6487,146.6574,320.5,1,1,2014-04-18,0402,Aqua,MODIS,65,6.2,306,8.2,D,0
-25.3723,149.8129,319.7,1.1,1.1,2014-04-18,0402,Aqua,MODIS,70,6.2,305.4,11.2,D,0
-25.5363,150.8084,321.5,1.3,1.1,2014-04-18,0402,Aqua,MODIS,73,6.2,303.4,17.2,D,0
-22.7574,147.476,322,1,1,2014-04-18,0403,Aqua,MODIS,68,6.2,301.2,13.4,D,0
-16.873,135.6579,319.2,3.7,1.8,2014-04-18,0405,Aqua,MODIS,67,6.2,294.8,51.8,D,0
-16.8783,135.6869,319.5,3.7,1.8,2014-04-18,0405,Aqua,MODIS,68,6.2,294.3,54.4,D,0
-16.8819,135.6521,321.2,3.7,1.8,2014-04-18,0405,Aqua,MODIS,71,6.2,295.5,67.2,D,0
-33.3922,121.4601,329.2,1.2,1.1,2014-04-18,0539,Aqua,MODIS,82,6.2,304.7,24.8,D,0
-19.3387,130.0664,320.1,3.1,1.7,2014-04-18,0542,Aqua,MODIS,49,6.2,306.2,43.2,D,0
-20.2524,123.6555,351.9,1.1,1.1,2014-04-18,0542,Aqua,MODIS,94,6.2,321.7,52.9,D,0
-20.2429,123.6538,337.8,1.1,1.1,2014-04-18,0542,Aqua,MODIS,79,6.2,318.9,22,D,0
-19.3404,130.0588,321.1,3.1,1.7,2014-04-18,0542,Aqua,MODIS,55,6.2,306.1,48,D,0
-20.665,119.584,333.7,1.1,1,2014-04-18,0542,Aqua,MODIS,72,6.2,318.4,15.2,D,0
-20.6664,119.5736,364.6,1.1,1,2014-04-18,0542,Aqua,MODIS,100,6.2,321.2,88.7,D,0
-20.6571,119.5722,346.5,1.1,1,2014-04-18,0542,Aqua,MODIS,89,6.2,320.1,38.2,D,0
-20.6584,119.5618,331.4,1.1,1,2014-04-18,0542,Aqua,MODIS,56,6.2,318.9,9.9,D,0
-21.9892,123.1391,328.7,1,1,2014-04-18,0542,Aqua,MODIS,25,6.2,317.9,7.3,D,0
-17.6677,124.8435,335.3,1.4,1.2,2014-04-18,0543,Aqua,MODIS,50,6.2,312.3,28.2,D,0
-17.1796,126.3022,326.9,1.8,1.3,2014-04-18,0543,Aqua,MODIS,70,6.2,308.8,24.1,D,0
-17.7608,124.0707,330.9,1.3,1.1,2014-04-18,0543,Aqua,MODIS,56,6.2,317.2,14.5,D,0
-17.7589,124.0826,338.9,1.3,1.1,2014-04-18,0543,Aqua,MODIS,84,6.2,316.1,32.7,D,0
-17.6804,124.8322,342.4,1.4,1.2,2014-04-18,0543,Aqua,MODIS,58,6.2,313.9,44.8,D,0
-17.2055,124.9939,327.8,1.5,1.2,2014-04-18,0543,Aqua,MODIS,68,6.2,309.5,17.7,D,0
-17.2071,124.9999,325.4,1.5,1.2,2014-04-18,0543,Aqua,MODIS,56,6.2,309.5,13.5,D,0
-17.88,123.4453,331.2,1.2,1.1,2014-04-18,0543,Aqua,MODIS,66,6.2,314.4,15,D,0
-17.6873,124.8265,339.2,1.4,1.2,2014-04-18,0543,Aqua,MODIS,59,6.2,314.1,34.7,D,0
-17.6655,124.8568,335,1.4,1.2,2014-04-18,0543,Aqua,MODIS,68,6.2,313.4,29.1,D,0
-17.6782,124.8455,342.1,1.4,1.2,2014-04-18,0543,Aqua,MODIS,59,6.2,315.3,44.5,D,0
-17.1766,126.3192,327.9,1.8,1.3,2014-04-18,0543,Aqua,MODIS,72,6.2,311.1,27.4,D,0
-17.3869,125.7107,329.8,1.6,1.3,2014-04-18,0543,Aqua,MODIS,62,6.2,311,27.3,D,0
-17.0178,124.3692,327.5,1.4,1.2,2014-04-18,0543,Aqua,MODIS,64,6.2,310.4,15.3,D,0
-17.2716,124.679,326.3,1.4,1.2,2014-04-18,0543,Aqua,MODIS,50,6.2,311.6,13.2,D,0
-16.3161,124.7479,343.5,1.5,1.2,2014-04-18,0543,Aqua,MODIS,91,6.2,307,66.2,D,0
-16.9051,124.3697,328.4,1.4,1.2,2014-04-18,0543,Aqua,MODIS,59,6.2,311.8,16.3,D,0
-16.9153,124.3064,329,1.4,1.2,2014-04-18,0543,Aqua,MODIS,40,6.2,309.5,18.7,D,0
-16.8947,124.3679,326.3,1.4,1.2,2014-04-18,0543,Aqua,MODIS,40,6.2,310.4,11.2,D,0
-16.3138,124.7615,331.2,1.5,1.2,2014-04-18,0543,Aqua,MODIS,74,6.2,308.3,30.5,D,0
-16.3714,124.8157,328.6,1.5,1.2,2014-04-18,0543,Aqua,MODIS,64,6.2,304.8,27,D,0
-16.3115,124.775,326.8,1.5,1.2,2014-04-18,0543,Aqua,MODIS,54,6.2,305.4,20.3,D,0
-16.9049,124.3046,337.7,1.4,1.2,2014-04-18,0543,Aqua,MODIS,82,6.2,312.1,33.6,D,0
-16.907,124.292,333.7,1.4,1.2,2014-04-18,0543,Aqua,MODIS,27,6.2,309.5,26.3,D,0
-17.0313,124.7958,327.2,1.4,1.2,2014-04-18,0543,Aqua,MODIS,71,6.2,308.8,19.9,D,0
-16.6289,126.2594,333,1.9,1.3,2014-04-18,0543,Aqua,MODIS,82,6.2,305.6,52.2,D,0
-16.6317,126.2422,321.2,1.9,1.3,2014-04-18,0543,Aqua,MODIS,25,6.2,302.7,17.4,D,0
-16.9888,124.7876,323.6,1.4,1.2,2014-04-18,0543,Aqua,MODIS,45,6.2,308.7,13.4,D,0
-16.9719,124.7572,324.3,1.4,1.2,2014-04-18,0543,Aqua,MODIS,66,6.2,308.2,15.3,D,0
-16.6327,126.2654,327.4,1.9,1.3,2014-04-18,0543,Aqua,MODIS,71,6.2,305.9,33.6,D,0
-17.0002,124.6527,332.8,1.4,1.2,2014-04-18,0543,Aqua,MODIS,55,6.2,307.7,26.6,D,0
-16.998,124.6659,344.2,1.4,1.2,2014-04-18,0543,Aqua,MODIS,90,6.2,309.5,56.3,D,0
-17.2623,125.426,332.7,1.6,1.2,2014-04-18,0543,Aqua,MODIS,79,6.2,308.1,39.1,D,0
-17.2646,125.4122,321.8,1.6,1.2,2014-04-18,0543,Aqua,MODIS,35,6.2,304.5,13.4,D,0
-16.6238,126.2457,324,1.9,1.3,2014-04-18,0543,Aqua,MODIS,65,6.2,303.2,25.3,D,0
-16.6207,126.2632,322.2,1.9,1.3,2014-04-18,0543,Aqua,MODIS,47,6.2,303.9,19.9,D,0
-17.4434,124.8873,339,1.4,1.2,2014-04-18,0543,Aqua,MODIS,85,6.2,309.8,41.1,D,0
-17.4266,124.8565,323.6,1.4,1.2,2014-04-18,0543,Aqua,MODIS,17,6.2,309.3,10.1,D,0
-17.251,125.4249,336.2,1.6,1.2,2014-04-18,0543,Aqua,MODIS,83,6.2,307.6,47.8,D,0
-17.2573,125.1679,327,1.5,1.2,2014-04-18,0543,Aqua,MODIS,62,6.2,309.6,17.4,D,0
-17.2618,125.161,327,1.5,1.2,2014-04-18,0543,Aqua,MODIS,57,6.2,309.3,16.5,D,0
-16.9256,124.3082,334.7,1.4,1.2,2014-04-18,0543,Aqua,MODIS,73,6.2,309.6,31.2,D,0
-17.2291,125.6228,326.9,1.6,1.3,2014-04-18,0543,Aqua,MODIS,69,6.2,309,20,D,0
-17.117,125.3285,325.2,1.6,1.2,2014-04-18,0543,Aqua,MODIS,42,6.2,309.8,17.5,D,0
-16.3013,124.7537,329.2,1.5,1.2,2014-04-18,0543,Aqua,MODIS,79,6.2,305.8,28.2,D,0
-16.312,124.7555,347,1.5,1.2,2014-04-18,0543,Aqua,MODIS,93,6.2,308.5,76.2,D,0
-16.3228,124.7576,327.6,1.5,1.2,2014-04-18,0543,Aqua,MODIS,40,6.2,307.2,22.1,D,0
-15.9416,125.5365,318.3,1.7,1.3,2014-04-18,0543,Aqua,MODIS,42,6.2,301.4,12.9,D,0
-15.6359,126.0298,321.6,1.9,1.3,2014-04-18,0543,Aqua,MODIS,59,6.2,304.2,20,D,0
-15.9679,125.5908,330.3,1.7,1.3,2014-04-18,0543,Aqua,MODIS,81,6.2,303.7,41,D,0
-15.6388,125.8997,335.3,1.8,1.3,2014-04-18,0543,Aqua,MODIS,85,6.2,299.9,61.5,D,0
-15.6416,125.8829,339.1,1.8,1.3,2014-04-18,0543,Aqua,MODIS,88,6.2,302,76,D,0
-16.7378,131.8138,327.9,4.8,2,2014-04-18,0543,Aqua,MODIS,70,6.2,290.9,170.8,D,0
-16.747,131.7697,332.1,4.7,2,2014-04-18,0543,Aqua,MODIS,75,6.2,290.4,220,D,0
-16.739,131.8062,328.5,4.8,2,2014-04-18,0543,Aqua,MODIS,78,6.2,291.3,183.3,D,0
-16.7479,131.762,328.9,4.7,2,2014-04-18,0543,Aqua,MODIS,64,6.2,290.1,187.9,D,0
-15.6534,125.8852,319.2,1.8,1.3,2014-04-18,0543,Aqua,MODIS,26,6.2,302.1,15.3,D,0
-16.7479,131.8544,315.8,4.8,2,2014-04-18,0543,Aqua,MODIS,17,6.2,287.7,61.4,D,0
-18.8581,121.6625,336.6,1,1,2014-04-18,0543,Aqua,MODIS,80,6.2,315.5,22.3,D,0
-19.2131,121.8141,337.2,1,1,2014-04-18,0543,Aqua,MODIS,80,6.2,317.9,17,D,0
-14.1731,127.5054,326.2,2.6,1.5,2014-04-18,0544,Aqua,MODIS,38,6.2,297.6,47.4,D,0
-20.7365,139.4809,308.2,1,1,2014-04-18,1328,Terra,MODIS,74,6.2,294.1,7.6,N,2
-20.738,139.4711,308.1,1,1,2014-04-18,1328,Terra,MODIS,73,6.2,294.1,7.5,N,2
-15.5716,131.2389,317.8,2,1.4,2014-04-18,1330,Terra,MODIS,96,6.2,295.3,34.8,N,0
-15.5677,131.251,307,2,1.4,2014-04-18,1330,Terra,MODIS,70,6.2,295.1,12,N,0
-15.5824,131.2335,307.7,2,1.4,2014-04-18,1330,Terra,MODIS,72,6.2,295.3,13.5,N,0
-15.57,131.232,310.7,2,1.4,2014-04-18,1330,Terra,MODIS,81,6.2,294.8,19.1,N,0
-26.5534,151.7527,303.4,1.2,1.1,2014-04-18,1459,Aqua,MODIS,55,6.2,284.3,10.9,N,0
-28.4341,152.4275,301.3,1.1,1,2014-04-18,1500,Aqua,MODIS,40,6.2,284.6,8.1,N,0
-21.1696,116.932,306.8,1.2,1.1,2014-04-18,1507,Terra,MODIS,69,6.2,295.6,7.2,N,0
-16.2268,129.2716,301.2,1.3,1.1,2014-04-18,1635,Aqua,MODIS,39,6.2,291.1,4.5,N,0
-15.4328,129.5523,315.8,1.3,1.1,2014-04-18,1635,Aqua,MODIS,92,6.2,288.6,18.9,N,0
-15.6137,129.5942,307.2,1.3,1.1,2014-04-18,1635,Aqua,MODIS,71,6.2,295.8,8.1,N,0
-24.4514,149.2289,316.3,1,1,2014-04-19,0023,Terra,MODIS,65,6.2,301.7,9.1,D,0
-25.5264,150.8129,315.3,1.2,1.1,2014-04-19,0023,Terra,MODIS,62,6.2,301.5,10.3,D,0
-24.7652,152.2176,311.1,1.5,1.2,2014-04-19,0023,Terra,MODIS,62,6.2,299.2,9.9,D,0
-24.7635,152.2032,319.9,1.5,1.2,2014-04-19,0023,Terra,MODIS,76,6.2,300,22.7,D,0
-25.527,150.8187,317.8,1.2,1.1,2014-04-19,0023,Terra,MODIS,71,6.2,302.5,13.3,D,0
-28.439,147.9204,321,1,1,2014-04-19,0024,Terra,MODIS,54,6.2,304.9,9.7,D,0
-28.4459,147.9132,316.7,1,1,2014-04-19,0024,Terra,MODIS,60,6.2,305,7.3,D,0
-28.6911,149.2423,318.5,1.1,1.1,2014-04-19,0024,Terra,MODIS,66,6.2,301.1,10.5,D,0
-26.0109,149.5089,315.3,1.1,1,2014-04-19,0024,Terra,MODIS,65,6.2,301.4,9,D,0
-26.5872,150.3564,322,1.2,1.1,2014-04-19,0024,Terra,MODIS,76,6.2,300,19.8,D,0
-26.5887,150.3685,322.1,1.2,1.1,2014-04-19,0024,Terra,MODIS,76,6.2,300.9,19.7,D,0
-28.0767,151.5903,318.9,1.5,1.2,2014-04-19,0024,Terra,MODIS,74,6.2,299.6,20.6,D,0
-28.0784,151.6052,314.6,1.5,1.2,2014-04-19,0024,Terra,MODIS,67,6.2,298.8,14.5,D,0
-31.7042,149.111,312.2,1.2,1.1,2014-04-19,0025,Terra,MODIS,69,6.2,295.1,11.1,D,0
-35.6584,146.4832,308.4,1,1,2014-04-19,0026,Terra,MODIS,67,6.2,292.6,6.5,D,0
-34.6194,147.7176,312.4,1.1,1.1,2014-04-19,0026,Terra,MODIS,72,6.2,292.7,11.1,D,0
-34.4567,150.8813,308.4,1.6,1.2,2014-04-19,0026,Terra,MODIS,0,6.2,295.5,10.9,D,2
-35.1062,150.1131,300.6,1.5,1.2,2014-04-19,0026,Terra,MODIS,31,6.2,290.5,7.5,D,0
-35.0855,145.8632,316.3,1,1,2014-04-19,0026,Terra,MODIS,76,6.2,291.7,13.5,D,0
-33.4543,147.5772,304.9,1.1,1,2014-04-19,0026,Terra,MODIS,48,6.2,294.6,4.2,D,0
-35.0871,145.8743,327.3,1,1,2014-04-19,0026,Terra,MODIS,84,6.2,292.3,25,D,0
-35.6568,146.4717,305.5,1,1,2014-04-19,0026,Terra,MODIS,62,6.2,292.8,4.4,D,0
-35.25,143.4783,306.8,1,1,2014-04-19,0026,Terra,MODIS,60,6.2,290.5,6.1,D,0
-13.5884,131.9797,315.8,2.1,1.4,2014-04-19,0159,Terra,MODIS,62,6.2,295.3,19.8,D,0
-15.5713,131.2665,319.4,2,1.4,2014-04-19,0159,Terra,MODIS,37,6.2,301.6,16.7,D,0
-15.4091,131.4317,323.6,2.1,1.4,2014-04-19,0159,Terra,MODIS,77,6.2,302.1,32.9,D,0
-13.5908,131.9941,316.2,2.1,1.4,2014-04-19,0159,Terra,MODIS,49,6.2,296.2,18.5,D,0
-14.0014,127.4283,320.8,1.1,1,2014-04-19,0159,Terra,MODIS,47,6.2,302,7,D,0
-14.8471,127.1114,322.6,1.1,1,2014-04-19,0159,Terra,MODIS,70,6.2,304.7,9.9,D,0
-14.8485,127.1214,328.6,1.1,1,2014-04-19,0159,Terra,MODIS,78,6.2,306.6,17.2,D,0
-14.2012,127.5419,324.5,1.1,1,2014-04-19,0159,Terra,MODIS,55,6.2,302.8,10.3,D,0
-15.4377,129.5435,333.5,1.5,1.2,2014-04-19,0159,Terra,MODIS,84,6.2,295.6,47.1,D,0
-15.4826,130.0821,317.3,1.6,1.3,2014-04-19,0159,Terra,MODIS,54,6.2,295.4,16.5,D,0
-15.5691,131.2475,322.4,2,1.4,2014-04-19,0159,Terra,MODIS,69,6.2,300.7,25.3,D,0
-15.5566,131.2489,328.8,2,1.4,2014-04-19,0159,Terra,MODIS,82,6.2,300.9,44.9,D,0
-15.5544,131.2304,323.1,2,1.4,2014-04-19,0159,Terra,MODIS,60,6.2,302.1,27.1,D,0
-15.5252,129.5127,318.5,1.5,1.2,2014-04-19,0159,Terra,MODIS,45,6.2,300,14.3,D,0
-13.9141,130.4125,320.7,1.6,1.3,2014-04-19,0159,Terra,MODIS,71,6.2,300.5,20.2,D,0
-17.6785,124.7979,330,1,1,2014-04-19,0200,Terra,MODIS,71,6.2,311,13.3,D,0
-16.2786,124.7957,340.6,1,1,2014-04-19,0200,Terra,MODIS,89,6.2,308.9,32.5,D,0
-16.6918,125.2872,322.7,1,1,2014-04-19,0200,Terra,MODIS,43,6.2,307.2,8.8,D,0
-16.6382,125.2353,323.9,1,1,2014-04-19,0200,Terra,MODIS,65,6.2,306.1,10.4,D,0
-16.28,124.805,320.2,1,1,2014-04-19,0200,Terra,MODIS,48,6.2,307,6.6,D,0
-16.1895,125.0632,323.6,1,1,2014-04-19,0200,Terra,MODIS,39,6.2,307.1,9.4,D,0
-17.2524,127.1699,333,1.1,1.1,2014-04-19,0200,Terra,MODIS,82,6.2,308.5,24.9,D,0
-17.5514,124.7474,321.7,1,1,2014-04-19,0200,Terra,MODIS,57,6.2,309.4,6.7,D,0
-16.2924,124.765,320.9,1,1,2014-04-19,0200,Terra,MODIS,44,6.2,306.6,6.9,D,0
-16.0969,124.9981,324.3,1,1,2014-04-19,0200,Terra,MODIS,62,6.2,305.4,10.2,D,0
-16.0956,124.9889,323.3,1,1,2014-04-19,0200,Terra,MODIS,57,6.2,305.4,9.6,D,0
-16.2,124.9477,319.8,1,1,2014-04-19,0200,Terra,MODIS,20,6.2,305.8,6.3,D,0
-16.6477,125.2368,322.6,1,1,2014-04-19,0200,Terra,MODIS,62,6.2,306.4,10.1,D,0
-17.6949,124.8464,323,1,1,2014-04-19,0200,Terra,MODIS,55,6.2,310.6,6.9,D,0
-17.6908,124.8183,328.7,1,1,2014-04-19,0200,Terra,MODIS,67,6.2,312.1,11.8,D,0
-17.6772,124.7885,337.6,1,1,2014-04-19,0200,Terra,MODIS,85,6.2,310.3,24.4,D,0
-16.2772,124.7864,341.4,1,1,2014-04-19,0200,Terra,MODIS,89,6.2,306.8,33.4,D,0
-17.2634,127.1792,319.9,1.1,1.1,2014-04-19,0200,Terra,MODIS,47,6.2,306.6,7.5,D,0
-16.3699,124.8515,326.2,1,1,2014-04-19,0200,Terra,MODIS,54,6.2,308.4,11.3,D,0
-16.3685,124.8422,325.5,1,1,2014-04-19,0200,Terra,MODIS,40,6.2,308.8,9.5,D,0
-15.991,125.5302,318,1,1,2014-04-19,0200,Terra,MODIS,60,6.2,305.4,7.7,D,0
-16.0005,125.5954,317.8,1,1,2014-04-19,0200,Terra,MODIS,45,6.2,305.3,6.2,D,0
-15.6583,125.7104,320.2,1,1,2014-04-19,0200,Terra,MODIS,61,6.2,306.2,8.3,D,0
-15.666,125.6997,318.4,1,1,2014-04-19,0200,Terra,MODIS,42,6.2,303.9,6.4,D,0
-15.6673,125.709,325.3,1,1,2014-04-19,0200,Terra,MODIS,75,6.2,304,13.3,D,0
-15.9537,125.5899,322.5,1,1,2014-04-19,0200,Terra,MODIS,57,6.2,308.5,9.7,D,0
-15.9551,125.5993,331.4,1,1,2014-04-19,0200,Terra,MODIS,82,6.2,307.2,20.7,D,0
-15.9591,125.5636,320.3,1,1,2014-04-19,0200,Terra,MODIS,66,6.2,305.1,9.3,D,0
-15.6298,125.893,327.8,1,1,2014-04-19,0200,Terra,MODIS,69,6.2,305.2,14.8,D,0
-15.6312,125.9024,322,1,1,2014-04-19,0200,Terra,MODIS,23,6.2,306.7,7.4,D,0
-16.0317,126.0033,324.4,1,1,2014-04-19,0200,Terra,MODIS,73,6.2,305.5,13.4,D,0
-15.6862,125.6491,317.2,1,1,2014-04-19,0200,Terra,MODIS,58,6.2,303.7,6.2,D,0
-16.3389,125.3283,322.4,1,1,2014-04-19,0200,Terra,MODIS,47,6.2,306.6,9.4,D,0
-15.6466,125.8841,317.8,1,1,2014-04-19,0200,Terra,MODIS,48,6.2,305.1,6.1,D,0
-15.648,125.8934,317.9,1,1,2014-04-19,0200,Terra,MODIS,35,6.2,304.8,5.6,D,0
-15.7697,125.716,323.6,1,1,2014-04-19,0200,Terra,MODIS,72,6.2,304.5,12.9,D,0
-15.771,125.7254,319.7,1,1,2014-04-19,0200,Terra,MODIS,65,6.2,303.9,9,D,0
-15.8708,129.4421,315.2,1.5,1.2,2014-04-19,0200,Terra,MODIS,39,6.2,299.9,8.5,D,0
-15.8726,129.4559,322.3,1.5,1.2,2014-04-19,0200,Terra,MODIS,70,6.2,300.8,19.7,D,0
-16.2367,129.2705,329.3,1.5,1.2,2014-04-19,0200,Terra,MODIS,79,6.2,307.4,30.6,D,0
-17.295,125.5122,320.6,1,1,2014-04-19,0200,Terra,MODIS,31,6.2,307.2,7.1,D,0
-17.301,125.2361,326.3,1,1,2014-04-19,0200,Terra,MODIS,71,6.2,308.4,10.8,D,0
-16.9747,124.7701,320.8,1,1,2014-04-19,0200,Terra,MODIS,32,6.2,308.1,6.1,D,0
-16.9644,124.7622,334.1,1,1,2014-04-19,0200,Terra,MODIS,82,6.2,308.9,22.6,D,0
-16.963,124.7529,325.7,1,1,2014-04-19,0200,Terra,MODIS,71,6.2,307.4,11.4,D,0
-16.0797,126.2102,338.6,1,1,2014-04-19,0200,Terra,MODIS,87,6.2,305.8,33.4,D,0
-16.1107,126.1664,321,1,1,2014-04-19,0200,Terra,MODIS,67,6.2,303.5,10.4,D,0
-16.112,126.1759,333.5,1,1,2014-04-19,0200,Terra,MODIS,83,6.2,305.5,25.9,D,0
-16.1134,126.1855,317.8,1,1,2014-04-19,0200,Terra,MODIS,40,6.2,305,6.2,D,0
-16.0224,126.1276,322.7,1,1,2014-04-19,0200,Terra,MODIS,70,6.2,306,10.7,D,0
-17.2606,126.4289,327.1,1.1,1,2014-04-19,0200,Terra,MODIS,74,6.2,310,13.2,D,0
-17.1915,124.9911,322.2,1,1,2014-04-19,0200,Terra,MODIS,58,6.2,309.4,7.1,D,0
-16.2144,129.4432,320.4,1.5,1.2,2014-04-19,0200,Terra,MODIS,55,6.2,306.4,12.1,D,0
-16.2126,129.4292,323.5,1.5,1.2,2014-04-19,0200,Terra,MODIS,70,6.2,307,17.7,D,0
-16.2106,129.4354,329.5,1.5,1.2,2014-04-19,0200,Terra,MODIS,79,6.2,307.8,29.5,D,0
-16.2357,124.7548,326.1,1,1,2014-04-19,0200,Terra,MODIS,75,6.2,305.4,14.4,D,0
-16.2371,124.7641,395.8,1,1,2014-04-19,0200,Terra,MODIS,100,6.2,315,218.5,D,0
-16.2385,124.7734,337.9,1,1,2014-04-19,0200,Terra,MODIS,87,6.2,309.3,27.7,D,0
-16.2191,129.2178,338.6,1.5,1.2,2014-04-19,0200,Terra,MODIS,87,6.2,310.2,51.2,D,0
-16.2174,129.2045,346.4,1.5,1.2,2014-04-19,0200,Terra,MODIS,92,6.2,308.6,74.3,D,0
-16.2157,129.191,332.7,1.4,1.2,2014-04-19,0200,Terra,MODIS,82,6.2,306.6,36.9,D,0
-16.214,129.1776,330.9,1.4,1.2,2014-04-19,0200,Terra,MODIS,80,6.2,305.9,33.5,D,0
-16.2033,129.179,333.2,1.4,1.2,2014-04-19,0200,Terra,MODIS,82,6.2,307.6,38.2,D,0
-16.2461,124.7627,342.4,1,1,2014-04-19,0200,Terra,MODIS,90,6.2,306.2,36.6,D,0
-16.2475,124.772,326.6,1,1,2014-04-19,0200,Terra,MODIS,70,6.2,306.4,12.6,D,0
-15.8923,129.5241,320.9,1.5,1.2,2014-04-19,0200,Terra,MODIS,56,6.2,303.1,15.3,D,0
-15.8905,129.5099,354,1.5,1.2,2014-04-19,0200,Terra,MODIS,97,6.2,305.4,110.7,D,0
-15.8887,129.496,357.3,1.5,1.2,2014-04-19,0200,Terra,MODIS,98,6.2,305.2,124.3,D,0
-16.338,124.7613,318.8,1,1,2014-04-19,0200,Terra,MODIS,42,6.2,305.2,6.5,D,0
-16.6246,126.2294,335.3,1,1,2014-04-19,0200,Terra,MODIS,84,6.2,306.2,27.1,D,0
-16.3049,124.7856,326.2,1,1,2014-04-19,0200,Terra,MODIS,63,6.2,306.9,12.7,D,0
-16.3705,124.7943,335.9,1,1,2014-04-19,0200,Terra,MODIS,80,6.2,305.8,23.7,D,0
-16.5543,126.1185,317.2,1,1,2014-04-19,0200,Terra,MODIS,46,6.2,305.5,5.9,D,0
-17.304,125.1302,336.2,1,1,2014-04-19,0200,Terra,MODIS,84,6.2,309.5,23.1,D,0
-17.3151,125.0806,324.4,1,1,2014-04-19,0200,Terra,MODIS,51,6.2,309.5,7.1,D,0
-17.3165,125.09,331.2,1,1,2014-04-19,0200,Terra,MODIS,79,6.2,309.7,15.4,D,0
-17.2503,125.3939,341.9,1,1,2014-04-19,0200,Terra,MODIS,89,6.2,306.9,35.3,D,0
-17.2516,125.4033,326.7,1,1,2014-04-19,0200,Terra,MODIS,22,6.2,306.8,12.3,D,0
-17.2937,125.5028,328.7,1,1,2014-04-19,0200,Terra,MODIS,74,6.2,306.7,15.8,D,0
-16.898,124.3802,331.9,1,1,2014-04-19,0200,Terra,MODIS,80,6.2,310.8,17.9,D,0
-17.5168,125.0752,330.4,1,1,2014-04-19,0200,Terra,MODIS,77,6.2,309.4,15.4,D,0
-16.6155,126.2308,321.2,1,1,2014-04-19,0200,Terra,MODIS,64,6.2,306,9.4,D,0
-17.5154,125.0659,345.4,1,1,2014-04-19,0200,Terra,MODIS,91,6.2,311.5,38.9,D,0
-17.0086,124.6884,325.9,1,1,2014-04-19,0200,Terra,MODIS,53,6.2,307.8,10.4,D,0
-17.0072,124.6791,346.3,1,1,2014-04-19,0200,Terra,MODIS,92,6.2,308.5,41,D,0
-17.0058,124.6697,328.4,1,1,2014-04-19,0200,Terra,MODIS,55,6.2,307.3,12.5,D,0
-17.001,124.6992,336.9,1,1,2014-04-19,0200,Terra,MODIS,82,6.2,309,24.6,D,0
-16.6169,126.2405,334.1,1,1,2014-04-19,0200,Terra,MODIS,83,6.2,307.7,25.9,D,0
-16.626,126.2391,326.6,1,1,2014-04-19,0200,Terra,MODIS,75,6.2,306.2,15,D,0
-21.1796,116.9315,321.8,2.2,1.4,2014-04-19,0201,Terra,MODIS,60,6.2,307,24.8,D,0
-21.1767,116.9253,321.8,2.2,1.4,2014-04-19,0201,Terra,MODIS,60,6.2,306.8,26.3,D,0
-30.8674,121.4919,317.3,1,1,2014-04-19,0204,Terra,MODIS,65,6.2,303.9,7.1,D,2
-32.1762,117.7105,317.6,1.2,1.1,2014-04-19,0204,Terra,MODIS,68,6.2,299.7,11.1,D,0
-32.3123,118.6982,313.5,1.1,1.1,2014-04-19,0204,Terra,MODIS,47,6.2,299.5,6.8,D,0
-32.1785,117.7235,339.5,1.2,1.1,2014-04-19,0204,Terra,MODIS,90,6.2,301.7,48.1,D,0
-32.1663,117.7129,314.4,1.2,1.1,2014-04-19,0204,Terra,MODIS,55,6.2,300.8,6.8,D,0
-32.1686,117.7259,326.4,1.2,1.1,2014-04-19,0204,Terra,MODIS,80,6.2,301.3,22.8,D,0
-30.932,116.3021,359.3,1.6,1.2,2014-04-19,0204,Terra,MODIS,99,6.2,304.1,144.6,D,0
-30.935,116.3181,345.3,1.5,1.2,2014-04-19,0204,Terra,MODIS,92,6.2,306.5,84,D,0
-30.943,116.2994,314.2,1.6,1.2,2014-04-19,0204,Terra,MODIS,53,6.2,301.6,9.4,D,0
-32.6548,119.5697,314.3,1,1,2014-04-19,0204,Terra,MODIS,49,6.2,301.9,5.8,D,0
-30.946,116.3155,323,1.5,1.2,2014-04-19,0204,Terra,MODIS,74,6.2,302.4,24.9,D,0
-30.6977,116.8983,317.4,1.4,1.2,2014-04-19,0204,Terra,MODIS,61,6.2,303.4,10.3,D,0
-30.6948,116.9052,315.6,1.4,1.2,2014-04-19,0204,Terra,MODIS,53,6.2,303.3,8,D,0
-32.3143,118.7101,319,1.1,1.1,2014-04-19,0204,Terra,MODIS,70,6.2,298.5,12.6,D,0
-33.0953,117.6671,306.6,1.2,1.1,2014-04-19,0205,Terra,MODIS,37,6.2,295,5.2,D,0
-27.5418,150.6777,320.3,4.1,1.9,2014-04-19,0306,Aqua,MODIS,75,6.2,298.1,108,D,0
-27.5448,150.6353,322.5,4.1,1.9,2014-04-19,0306,Aqua,MODIS,77,6.2,298.8,122.1,D,0
-27.5471,150.6394,330.2,4.1,1.9,2014-04-19,0306,Aqua,MODIS,84,6.2,299,196.4,D,0
-27.5442,150.6819,317.8,4.1,1.9,2014-04-19,0306,Aqua,MODIS,71,6.2,298.1,94.9,D,0
-24.7693,152.2036,318.9,3,1.6,2014-04-19,0307,Aqua,MODIS,74,6.2,300.5,55.8,D,0
-24.7696,152.1967,320.4,3,1.6,2014-04-19,0307,Aqua,MODIS,76,6.2,300.6,66.5,D,0
-34.1552,147.5188,310.8,2.5,1.5,2014-04-19,0442,Aqua,MODIS,68,6.2,294.3,29.7,D,0
-34.1612,147.4919,309.9,2.5,1.5,2014-04-19,0442,Aqua,MODIS,67,6.2,294.2,25.7,D,0
-34.7632,147.6974,337.3,2.5,1.5,2014-04-19,0442,Aqua,MODIS,84,6.2,294.2,130.1,D,0
-34.4756,147.7621,313.2,2.5,1.5,2014-04-19,0442,Aqua,MODIS,73,6.2,292.6,40.3,D,0
-36.3461,145.8179,314.7,1.7,1.3,2014-04-19,0442,Aqua,MODIS,73,6.2,291.4,23.8,D,0
-36.352,145.8144,319.5,1.7,1.3,2014-04-19,0442,Aqua,MODIS,79,6.2,291.3,35.2,D,0
-35.4475,146.856,327.2,2.1,1.4,2014-04-19,0442,Aqua,MODIS,85,6.2,292.6,69.4,D,0
-35.4427,146.8788,324.6,2.1,1.4,2014-04-19,0442,Aqua,MODIS,83,6.2,292.5,61.3,D,0
-34.7622,147.676,318.2,2.5,1.5,2014-04-19,0442,Aqua,MODIS,77,6.2,292.3,48.8,D,0
-35.7095,146.6975,316.7,2,1.4,2014-04-19,0442,Aqua,MODIS,77,6.2,293.5,35.9,D,0
-34.6828,147.1225,316.9,2.3,1.5,2014-04-19,0442,Aqua,MODIS,76,6.2,293.8,42.4,D,0
-33.8503,147.6342,305.8,2.6,1.5,2014-04-19,0442,Aqua,MODIS,56,6.2,295.5,16.3,D,0
-36.4261,145.7223,314.1,1.7,1.3,2014-04-19,0442,Aqua,MODIS,74,6.2,290.8,25,D,0
-34.7684,147.4755,303,2.4,1.5,2014-04-19,0442,Aqua,MODIS,51,6.2,292.2,12.2,D,0
-34.6864,147.1165,315.3,2.3,1.5,2014-04-19,0442,Aqua,MODIS,75,6.2,293.8,37.5,D,0
-35.0922,145.8648,313.5,1.9,1.3,2014-04-19,0442,Aqua,MODIS,72,6.2,292.1,25.7,D,0
-34.4657,147.7835,325.5,2.5,1.5,2014-04-19,0442,Aqua,MODIS,83,6.2,293.3,80.4,D,0
-35.704,146.7115,309.1,2,1.4,2014-04-19,0442,Aqua,MODIS,63,6.2,291.9,18,D,0
-35.7783,146.7474,316.5,2,1.4,2014-04-19,0442,Aqua,MODIS,77,6.2,292.4,34.3,D,0
-34.7629,147.2007,315.7,2.3,1.5,2014-04-19,0442,Aqua,MODIS,75,6.2,295.7,37.9,D,0
-35.3185,147.1577,304.6,2.2,1.4,2014-04-19,0442,Aqua,MODIS,24,6.2,293,13.6,D,0
-34.8329,147.0466,363.6,2.2,1.4,2014-04-19,0442,Aqua,MODIS,100,6.2,297.2,304.3,D,0
-34.209,147.5358,307.3,2.5,1.5,2014-04-19,0442,Aqua,MODIS,61,6.2,293.5,23,D,0
-35.4872,146.9251,315.5,2.1,1.4,2014-04-19,0442,Aqua,MODIS,76,6.2,291.8,37.1,D,0
-34.981,146.5985,305.2,2.1,1.4,2014-04-19,0442,Aqua,MODIS,49,6.2,293.2,11.2,D,0
-35.7788,146.7428,319.4,2,1.4,2014-04-19,0442,Aqua,MODIS,79,6.2,292.5,44,D,0
-35.7049,146.7195,304.2,2,1.4,2014-04-19,0442,Aqua,MODIS,58,6.2,291.3,10.8,D,0
-34.9288,146.0263,308.3,1.9,1.4,2014-04-19,0442,Aqua,MODIS,64,6.2,294.6,16.3,D,0
-34.6734,146.9832,324.5,2.2,1.4,2014-04-19,0442,Aqua,MODIS,83,6.2,294.1,64.4,D,0
-35.783,146.7253,306,2,1.4,2014-04-19,0442,Aqua,MODIS,29,6.2,292.5,12.6,D,0
-34.1506,147.5126,313.4,2.5,1.5,2014-04-19,0442,Aqua,MODIS,72,6.2,294.7,33.9,D,0
-34.1563,147.4856,307.4,2.5,1.5,2014-04-19,0442,Aqua,MODIS,13,6.2,294.6,16.3,D,0
-36.4021,145.4361,307.4,1.6,1.3,2014-04-19,0442,Aqua,MODIS,53,6.2,290.3,13.6,D,0
-35.7085,146.6895,306.8,2,1.4,2014-04-19,0442,Aqua,MODIS,36,6.2,293.7,13.5,D,0
-33.8395,147.6522,306.1,2.6,1.5,2014-04-19,0442,Aqua,MODIS,44,6.2,294.9,15.5,D,0
-34.8278,147.0706,320.1,2.2,1.5,2014-04-19,0442,Aqua,MODIS,79,6.2,293.3,50.5,D,0
-36.3558,145.7953,307.3,1.7,1.3,2014-04-19,0442,Aqua,MODIS,65,6.2,291.7,13.1,D,0
-36.0928,146.4478,316.2,1.9,1.4,2014-04-19,0442,Aqua,MODIS,76,6.2,288.4,36.3,D,0
-34.6656,146.9552,308.4,2.2,1.4,2014-04-19,0442,Aqua,MODIS,23,6.2,293,16.5,D,0
-34.7574,147.2044,313.6,2.3,1.5,2014-04-19,0442,Aqua,MODIS,73,6.2,295.5,32.3,D,0
-34.7697,147.7069,319.6,2.5,1.5,2014-04-19,0442,Aqua,MODIS,57,6.2,292.9,52.6,D,0
-34.7564,147.7025,324.7,2.5,1.5,2014-04-19,0442,Aqua,MODIS,83,6.2,292.4,74.1,D,0
-36.35,145.7989,316.2,1.7,1.3,2014-04-19,0442,Aqua,MODIS,77,6.2,291.6,26.1,D,0
-34.9812,146.6055,309.3,2.1,1.4,2014-04-19,0442,Aqua,MODIS,67,6.2,292.9,19.6,D,0
-33.6484,148.0452,311.4,2.8,1.6,2014-04-19,0442,Aqua,MODIS,69,6.2,293.5,35.1,D,0
-34.3126,147.7846,326.3,2.6,1.5,2014-04-19,0442,Aqua,MODIS,84,6.2,295,85.8,D,0
-34.4696,147.7894,321.1,2.5,1.5,2014-04-19,0442,Aqua,MODIS,80,6.2,292.9,67.3,D,0
-33.6476,148.0406,306.9,2.8,1.6,2014-04-19,0443,Aqua,MODIS,60,6.2,293.3,21.2,D,0
-33.6021,146.6231,308.6,2.3,1.5,2014-04-19,0443,Aqua,MODIS,61,6.2,295,20,D,0
-33.287,146.6631,311.1,2.3,1.5,2014-04-19,0443,Aqua,MODIS,63,6.2,298.5,18.8,D,0
-33.2728,146.6772,310.3,2.3,1.5,2014-04-19,0443,Aqua,MODIS,60,6.2,297.8,16.7,D,0
-33.0595,148.2339,327.2,2.9,1.6,2014-04-19,0443,Aqua,MODIS,84,6.2,294.3,111.5,D,0
-33.038,148.2599,333.6,3,1.6,2014-04-19,0443,Aqua,MODIS,88,6.2,294.1,153.4,D,0
-33.2818,146.6873,313.7,2.3,1.5,2014-04-19,0443,Aqua,MODIS,71,6.2,298.3,26.1,D,0
-33.5971,146.6469,328.9,2.3,1.5,2014-04-19,0443,Aqua,MODIS,85,6.2,296,83.9,D,0
-33.0524,148.2648,334.9,3,1.6,2014-04-19,0443,Aqua,MODIS,89,6.2,295.5,163.1,D,0
-33.2859,146.6812,314,2.3,1.5,2014-04-19,0443,Aqua,MODIS,71,6.2,298.3,27.3,D,0
-28.4426,147.918,313.8,3.7,1.8,2014-04-19,0444,Aqua,MODIS,41,6.2,302.4,36.3,D,0
-20.9017,135.1009,333.5,1,1,2014-04-19,0447,Aqua,MODIS,75,6.2,312.3,18.8,D,0
-19.7553,127.4072,325.2,2.6,1.6,2014-04-19,0447,Aqua,MODIS,67,6.2,305.4,46.6,D,0
-17.9701,130.6928,323.3,1.4,1.2,2014-04-19,0447,Aqua,MODIS,61,6.2,311.6,11.4,D,0
-17.9656,130.6855,322.4,1.4,1.2,2014-04-19,0447,Aqua,MODIS,46,6.2,311,9.9,D,0
-15.3757,129.7227,327.9,1.5,1.2,2014-04-19,0448,Aqua,MODIS,76,6.2,307.7,27.4,D,0
-14.8514,127.1014,316.6,2.3,1.5,2014-04-19,0448,Aqua,MODIS,47,6.2,298.1,21,D,0
-15.432,129.5403,324.8,1.6,1.2,2014-04-19,0448,Aqua,MODIS,29,6.2,307.6,18,D,0
-15.443,129.5427,331.8,1.6,1.2,2014-04-19,0448,Aqua,MODIS,58,6.2,310.3,32.6,D,0
-16.3905,124.8242,325.3,3.7,1.8,2014-04-19,0448,Aqua,MODIS,0,6.2,303.6,80,D,0
-16.6352,126.2407,321.2,2.9,1.6,2014-04-19,0448,Aqua,MODIS,64,6.2,305.7,41.6,D,0
-15.8975,129.4654,331.3,1.6,1.3,2014-04-19,0448,Aqua,MODIS,64,6.2,309.1,31.3,D,0
-15.5464,126.1266,315.8,2.9,1.6,2014-04-19,0448,Aqua,MODIS,46,6.2,300.5,26.3,D,0
-15.3596,129.7631,320.3,1.5,1.2,2014-04-19,0448,Aqua,MODIS,41,6.2,306.2,12,D,0
-15.374,129.7366,327.2,1.5,1.2,2014-04-19,0448,Aqua,MODIS,75,6.2,308,25.8,D,0
-15.6231,131.0708,334.4,1.3,1.1,2014-04-19,0448,Aqua,MODIS,83,6.2,299.7,30.2,D,0
-17.2882,125.4891,319.4,3.4,1.7,2014-04-19,0448,Aqua,MODIS,25,6.2,303.9,36.4,D,0
-17.299,125.4989,321,3.4,1.7,2014-04-19,0448,Aqua,MODIS,56,6.2,302.3,52.3,D,0
-15.6215,131.0826,321.3,1.3,1.1,2014-04-19,0448,Aqua,MODIS,55,6.2,297.3,8.2,D,0
-15.4769,130.0785,326.3,1.4,1.2,2014-04-19,0448,Aqua,MODIS,57,6.2,308.1,20,D,0
-15.9031,129.5123,331.6,1.6,1.2,2014-04-19,0448,Aqua,MODIS,67,6.2,309.7,31.7,D,0
-16.2437,129.2374,334.7,1.7,1.3,2014-04-19,0448,Aqua,MODIS,82,6.2,310.2,45.7,D,0
-15.6115,131.0809,322.6,1.3,1.1,2014-04-19,0448,Aqua,MODIS,60,6.2,299.3,10.8,D,0
-16.6233,126.2126,325.7,2.9,1.6,2014-04-19,0448,Aqua,MODIS,73,6.2,305.1,65.1,D,0
-15.4449,129.5277,364.2,1.6,1.2,2014-04-19,0448,Aqua,MODIS,100,6.2,310.5,164.2,D,0
-16.2321,129.2358,329.9,1.7,1.3,2014-04-19,0448,Aqua,MODIS,64,6.2,308.8,29.9,D,0
-16.3835,124.8189,328.1,3.7,1.8,2014-04-19,0448,Aqua,MODIS,59,6.2,303.8,105.7,D,0
-15.4247,129.5987,322.1,1.6,1.2,2014-04-19,0448,Aqua,MODIS,66,6.2,307.1,15.8,D,0
-16.0117,125.583,316.1,3.2,1.7,2014-04-19,0448,Aqua,MODIS,41,6.2,301.7,33.1,D,0
-16.0109,125.6061,316.2,3.2,1.7,2014-04-19,0448,Aqua,MODIS,43,6.2,302.4,31.9,D,0
-15.6327,125.8959,319.2,3,1.6,2014-04-19,0448,Aqua,MODIS,61,6.2,302.7,37.6,D,0
-15.6325,125.8884,318.3,3,1.6,2014-04-19,0448,Aqua,MODIS,39,6.2,302.3,31.6,D,0
-16.8536,131.9329,322.8,1.2,1.1,2014-04-19,0448,Aqua,MODIS,61,6.2,309.6,11.9,D,0
-15.0693,132.574,319.7,1.1,1,2014-04-19,0448,Aqua,MODIS,47,6.2,295.4,11.7,D,0
-15.068,132.5838,318.2,1.1,1,2014-04-19,0448,Aqua,MODIS,38,6.2,295.2,9.6,D,0
-16.2399,129.2689,325.6,1.7,1.3,2014-04-19,0448,Aqua,MODIS,55,6.2,312.3,20.8,D,0
-16.2418,129.2533,342.1,1.7,1.3,2014-04-19,0448,Aqua,MODIS,89,6.2,313.7,71,D,0
-16.2303,129.2515,343.1,1.7,1.3,2014-04-19,0448,Aqua,MODIS,90,6.2,311.8,71.3,D,0
-16.2318,129.2627,329,1.7,1.3,2014-04-19,0448,Aqua,MODIS,33,6.2,313.1,23,D,0
-16.2337,129.247,338.3,1.7,1.3,2014-04-19,0448,Aqua,MODIS,86,6.2,312.3,51.9,D,0
-14.2117,132.8069,323.1,1,1,2014-04-19,0448,Aqua,MODIS,67,6.2,300.3,10.6,D,0
-14.6658,131.2247,318,1.2,1.1,2014-04-19,0448,Aqua,MODIS,29,6.2,290.4,14.3,D,0
-15.6656,131.6851,326.6,1.2,1.1,2014-04-19,0448,Aqua,MODIS,73,6.2,301.8,17.2,D,0
-15.4164,131.4071,326.8,1.2,1.1,2014-04-19,0448,Aqua,MODIS,74,6.2,308.4,12.8,D,0
-15.4149,131.4182,325.9,1.2,1.1,2014-04-19,0448,Aqua,MODIS,73,6.2,309.3,11.4,D,0
-15.4066,131.4057,328.9,1.2,1.1,2014-04-19,0448,Aqua,MODIS,69,6.2,307.5,15.5,D,0
-15.5506,131.2372,332.4,1.2,1.1,2014-04-19,0448,Aqua,MODIS,81,6.2,306.1,23.6,D,0
-15.5803,131.2413,325.9,1.2,1.1,2014-04-19,0448,Aqua,MODIS,44,6.2,304.1,11.6,D,0
-16.6944,125.2861,317.3,3.4,1.7,2014-04-19,0448,Aqua,MODIS,40,6.2,303.2,36.7,D,0
-15.5819,131.2297,326.8,1.2,1.1,2014-04-19,0448,Aqua,MODIS,62,6.2,302,13.9,D,0
-15.5689,131.2514,324.5,1.2,1.1,2014-04-19,0448,Aqua,MODIS,34,6.2,304.2,8.8,D,0
-15.5704,131.2399,328.1,1.2,1.1,2014-04-19,0448,Aqua,MODIS,68,6.2,304.7,15,D,0
-15.5605,131.2385,340.5,1.2,1.1,2014-04-19,0448,Aqua,MODIS,88,6.2,306.8,39.5,D,0
-15.552,131.2258,331.4,1.2,1.1,2014-04-19,0448,Aqua,MODIS,80,6.2,305.7,21.9,D,0
-16.1486,125.0257,318.2,3.5,1.8,2014-04-19,0448,Aqua,MODIS,44,6.2,303.4,41.9,D,0
-16.9716,127.4281,323.9,2.4,1.5,2014-04-19,0448,Aqua,MODIS,66,6.2,308.2,34.6,D,0
-16.9661,127.432,325,2.4,1.5,2014-04-19,0448,Aqua,MODIS,69,6.2,307.6,37,D,0
-15.5262,129.5133,325,1.6,1.2,2014-04-19,0448,Aqua,MODIS,67,6.2,309.4,17.9,D,0
-15.4574,129.5201,325.3,1.6,1.2,2014-04-19,0448,Aqua,MODIS,25,6.2,307.1,17.9,D,0
-15.456,129.5295,327.9,1.6,1.2,2014-04-19,0448,Aqua,MODIS,57,6.2,309.2,24.4,D,0
-14.1282,130.1037,317.3,1.4,1.2,2014-04-19,0449,Aqua,MODIS,62,6.2,298,11,D,0
-14.1266,130.1165,318,1.4,1.2,2014-04-19,0449,Aqua,MODIS,64,6.2,299.2,11.5,D,0
-13.1915,131.0546,319.4,1.2,1.1,2014-04-19,0449,Aqua,MODIS,67,6.2,295.7,12,D,0
-14.1552,127.5118,326.8,2.1,1.4,2014-04-19,0449,Aqua,MODIS,75,6.2,300.2,37.7,D,0
-14.1553,127.5185,329.1,2.1,1.4,2014-04-19,0449,Aqua,MODIS,80,6.2,300.3,44.9,D,0
-14.2063,127.5252,321.1,2.1,1.4,2014-04-19,0449,Aqua,MODIS,31,6.2,301.1,18.8,D,0
-13.5834,131.9762,327.5,1.1,1,2014-04-19,0449,Aqua,MODIS,80,6.2,298.7,19.5,D,0
-13.4792,131.1792,320.5,1.2,1.1,2014-04-19,0449,Aqua,MODIS,71,6.2,300.1,14.3,D,0
-13.5821,131.9859,322.6,1.1,1,2014-04-19,0449,Aqua,MODIS,42,6.2,301,12.7,D,0
-13.5784,132.1331,316.2,1.1,1,2014-04-19,0449,Aqua,MODIS,45,6.2,296.3,7.5,D,0
-13.6514,131.5887,320.9,1.1,1.1,2014-04-19,0449,Aqua,MODIS,49,6.2,299.6,13.6,D,0
-13.6419,131.5873,319.6,1.1,1.1,2014-04-19,0449,Aqua,MODIS,43,6.2,298.2,10.7,D,0
-33.1742,117.642,335.7,1.3,1.1,2014-04-19,0622,Aqua,MODIS,86,6.2,302.7,39.6,D,0
-33.1666,118.087,326.6,1.4,1.2,2014-04-19,0622,Aqua,MODIS,50,6.2,304.3,21.5,D,0
-33.1686,118.0957,324,1.4,1.2,2014-04-19,0622,Aqua,MODIS,73,6.2,304.6,18.1,D,0
-32.9881,116.8732,326.2,1.2,1.1,2014-04-19,0622,Aqua,MODIS,78,6.2,304.4,18.9,D,0
-33.1718,117.6558,320.4,1.3,1.1,2014-04-19,0622,Aqua,MODIS,70,6.2,303.5,13.1,D,0
-33.1711,118.0813,324.3,1.4,1.2,2014-04-19,0622,Aqua,MODIS,75,6.2,303.8,18.4,D,0
-31.6951,116.7423,327.3,1.2,1.1,2014-04-19,0622,Aqua,MODIS,74,6.2,309.7,17.3,D,0
-32.6514,118.039,324.9,1.4,1.2,2014-04-19,0622,Aqua,MODIS,75,6.2,304.3,21,D,0
-30.6806,117.2583,327,1.3,1.2,2014-04-19,0622,Aqua,MODIS,72,6.2,311.2,17.7,D,0
-30.6884,117.2749,323,1.4,1.2,2014-04-19,0622,Aqua,MODIS,43,6.2,311.2,10.6,D,0
-30.8154,116.6603,323.6,1.2,1.1,2014-04-19,0622,Aqua,MODIS,65,6.2,311.1,11.4,D,0
-32.7488,118.0689,317,1.4,1.2,2014-04-19,0622,Aqua,MODIS,60,6.2,303.5,8.4,D,0
-32.7384,118.0662,316.2,1.4,1.2,2014-04-19,0622,Aqua,MODIS,57,6.2,303.5,7.3,D,0
-32.162,117.7278,318.4,1.3,1.2,2014-04-19,0622,Aqua,MODIS,60,6.2,306.1,9.6,D,0
-32.654,118.0244,325.5,1.4,1.2,2014-04-19,0622,Aqua,MODIS,76,6.2,304.8,22,D,0
-30.6521,116.835,329.3,1.3,1.1,2014-04-19,0623,Aqua,MODIS,65,6.2,312,18,D,0
-29.4926,115.5428,325,1.2,1.1,2014-04-19,0623,Aqua,MODIS,30,6.2,310.5,8.3,D,0
-29.4614,115.6716,331.5,1.2,1.1,2014-04-19,0623,Aqua,MODIS,76,6.2,313,19,D,0
-29.4885,115.6281,328.1,1.2,1.1,2014-04-19,0623,Aqua,MODIS,70,6.2,312.6,13.9,D,0
-29.4866,115.6401,328.3,1.2,1.1,2014-04-19,0623,Aqua,MODIS,71,6.2,312.7,14.2,D,0
-29.4884,115.6901,327.4,1.2,1.1,2014-04-19,0623,Aqua,MODIS,65,6.2,313.9,12,D,0
-29.8703,116.1767,327.6,1.2,1.1,2014-04-19,0623,Aqua,MODIS,72,6.2,313.1,14.8,D,0
-29.5041,115.5329,333.3,1.2,1.1,2014-04-19,0623,Aqua,MODIS,79,6.2,312,21.3,D,0
-29.0906,115.3645,328,1.1,1.1,2014-04-19,0623,Aqua,MODIS,70,6.2,310.4,15.1,D,0
-30.7985,116.1528,321.2,1.2,1.1,2014-04-19,0623,Aqua,MODIS,57,6.2,308.3,7.9,D,0
-30.8005,116.1406,325.6,1.2,1.1,2014-04-19,0623,Aqua,MODIS,70,6.2,309,14.2,D,0
-29.4946,115.5308,349,1.2,1.1,2014-04-19,0623,Aqua,MODIS,93,6.2,313.3,54.9,D,0
-30.6421,116.8326,343.4,1.3,1.1,2014-04-19,0623,Aqua,MODIS,90,6.2,312.2,49.8,D,0
-30.6398,116.8459,326,1.3,1.1,2014-04-19,0623,Aqua,MODIS,58,6.2,309.6,12.9,D,0
-30.5543,116.5681,324,1.2,1.1,2014-04-19,0623,Aqua,MODIS,67,6.2,310,11.7,D,0
-29.4965,115.5189,328.9,1.2,1.1,2014-04-19,0623,Aqua,MODIS,68,6.2,313,14.2,D,0
-28.3533,114.656,321.7,1.1,1,2014-04-19,0623,Aqua,MODIS,42,6.2,306.6,9.7,D,0
-28.3515,114.6672,335.3,1.1,1,2014-04-19,0623,Aqua,MODIS,81,6.2,306.2,28.9,D,0
-28.7276,151.1012,303.1,1.2,1.1,2014-04-19,1230,Terra,MODIS,53,6.2,285.6,10.4,N,0
-28.3083,151.3014,302.7,1.2,1.1,2014-04-19,1230,Terra,MODIS,15,6.2,285,8.6,N,0
-28.2985,151.2999,318.7,1.2,1.1,2014-04-19,1230,Terra,MODIS,97,6.2,284.5,23.6,N,0
-28.2977,151.2935,306.1,1.2,1.1,2014-04-19,1230,Terra,MODIS,67,6.2,284.8,12.6,N,0
-28.6101,152.4344,302.6,1.1,1,2014-04-19,1230,Terra,MODIS,50,6.2,284,8.5,N,0
-28.6162,152.4298,309.6,1.1,1,2014-04-19,1230,Terra,MODIS,78,6.2,284,12.6,N,0
-24.9646,151.9896,304.8,1,1,2014-04-19,1231,Terra,MODIS,62,6.2,288.7,8.2,N,0
-26.1777,151.6011,304,1.1,1,2014-04-19,1231,Terra,MODIS,58,6.2,285.6,9.2,N,0
-27.5418,150.6673,302.7,1.3,1.1,2014-04-19,1231,Terra,MODIS,51,6.2,285,10.2,N,0
-21.0395,119.8073,312.7,2.7,1.6,2014-04-19,1411,Terra,MODIS,85,6.2,294.4,45.2,N,0
-21.0421,119.781,311.4,2.7,1.6,2014-04-19,1411,Terra,MODIS,82,6.2,292.7,40,N,0
-16.2466,129.2724,304.8,1.2,1.1,2014-04-19,1412,Terra,MODIS,62,6.2,294.1,6.1,N,0
-16.2484,129.2612,308.1,1.2,1.1,2014-04-19,1412,Terra,MODIS,73,6.2,294.2,9,N,0
-17.3309,125.5572,311,1,1,2014-04-19,1412,Terra,MODIS,82,6.2,295,9.1,N,0
-16.2094,129.2374,309,1.2,1.1,2014-04-19,1412,Terra,MODIS,76,6.2,294.8,9.8,N,0
-16.2131,129.2332,314.6,1.2,1.1,2014-04-19,1412,Terra,MODIS,89,6.2,295.4,13.5,N,0
-17.238,125.426,306.2,1.1,1,2014-04-19,1412,Terra,MODIS,67,6.2,296,6.4,N,0
-17.3322,125.5474,309.4,1,1,2014-04-19,1412,Terra,MODIS,77,6.2,295.7,7.7,N,0
-17.3558,125.5809,310.8,1,1,2014-04-19,1412,Terra,MODIS,81,6.2,296.1,8.9,N,0
-15.624,131.0666,306.4,1.5,1.2,2014-04-19,1412,Terra,MODIS,68,6.2,296.2,8.1,N,0
-15.4518,129.5115,304.8,1.2,1.1,2014-04-19,1413,Terra,MODIS,62,6.2,293.4,6.2,N,0
-14.1446,127.5347,314.5,1,1,2014-04-19,1413,Terra,MODIS,89,6.2,296.4,10.4,N,0
-14.1277,127.5223,318.7,1,1,2014-04-19,1413,Terra,MODIS,97,6.2,297.7,14,N,0
-14.1291,127.5126,310.8,1,1,2014-04-19,1413,Terra,MODIS,69,6.2,296.7,7.1,N,0
-14.1369,127.5237,310.8,1,1,2014-04-19,1413,Terra,MODIS,46,6.2,297.5,7.1,N,0
-14.146,127.5251,308,1,1,2014-04-19,1413,Terra,MODIS,63,6.2,296.4,5.4,N,0
-16.3894,124.8399,307.8,1.1,1,2014-04-19,1413,Terra,MODIS,49,6.2,291.7,7.6,N,0
-16.3832,124.8435,312.6,1.1,1,2014-04-19,1413,Terra,MODIS,85,6.2,294,11.2,N,0
-16.3848,124.8496,316.2,1.2,1.1,2014-04-19,1718,Aqua,MODIS,93,6.2,293,18.1,N,0
-15.4465,129.5242,301.5,2.5,1.5,2014-04-19,1718,Aqua,MODIS,41,6.2,288.9,14,N,0
-14.1275,127.5266,306.1,1.7,1.3,2014-04-19,1718,Aqua,MODIS,33,6.2,292,10.6,N,0
-14.141,127.5409,305.2,1.7,1.3,2014-04-19,1718,Aqua,MODIS,35,6.2,291.5,10,N,0
-17.3018,125.5016,311.3,1.4,1.2,2014-04-19,1718,Aqua,MODIS,82,6.2,295.6,14.5,N,0
-30.8648,121.4991,311.2,1.2,1.1,2014-04-19,1722,Aqua,MODIS,82,6.2,288.7,15.5,N,2
-30.8635,121.4935,313.8,1.2,1.1,2014-04-19,1722,Aqua,MODIS,88,6.2,288.7,18,N,2
-27.0788,152.8882,311.6,2.6,1.5,2014-04-19,2329,Terra,MODIS,68,6.2,295.5,30.4,D,0
-28.0702,151.5814,306.7,3,1.6,2014-04-19,2329,Terra,MODIS,57,6.2,295.7,24.9,D,0
-28.0753,151.6046,312.6,3,1.6,2014-04-19,2329,Terra,MODIS,70,6.2,295.2,43.4,D,0
-28.0766,151.6116,309,3,1.6,2014-04-19,2329,Terra,MODIS,63,6.2,294.9,30.5,D,0
-16.9036,135.7177,355,1.2,1.1,2014-04-20,0104,Terra,MODIS,97,6.2,309.1,85.9,D,0
-15.45,129.4947,316.9,3.7,1.8,2014-04-20,0104,Terra,MODIS,65,6.2,296.5,51.8,D,0
-15.4637,129.521,313.4,3.7,1.8,2014-04-20,0104,Terra,MODIS,54,6.2,297,33.3,D,0
-15.5897,131.2281,316.9,2.7,1.6,2014-04-20,0104,Terra,MODIS,59,6.2,298.3,21.2,D,0
-15.5823,131.2103,319.4,2.7,1.6,2014-04-20,0104,Terra,MODIS,69,6.2,297.7,31.5,D,0
-20.7398,139.4794,329.6,1.1,1,2014-04-20,0105,Terra,MODIS,75,6.2,309.9,17.3,D,2
-32.8333,146.5129,304.4,4.1,1.9,2014-04-20,0108,Terra,MODIS,33,6.2,293.2,35.2,D,0
-32.8366,146.5073,305.9,4.1,1.9,2014-04-20,0108,Terra,MODIS,50,6.2,293,42.9,D,0
-33.1769,138.5934,310,1.3,1.1,2014-04-20,0109,Terra,MODIS,59,6.2,296.9,7.6,D,0
-33.0035,137.5865,308.5,1.1,1.1,2014-04-20,0109,Terra,MODIS,41,6.2,297.2,5.8,D,0
-33.1753,138.5797,309.7,1.3,1.1,2014-04-20,0109,Terra,MODIS,58,6.2,296.7,6.8,D,0
-17.0192,124.685,312,4.4,1.9,2014-04-20,0243,Terra,MODIS,41,6.2,289.2,36.6,D,0
-21.3619,119.0466,323.5,1.9,1.3,2014-04-20,0244,Terra,MODIS,62,6.2,308.9,20.5,D,0
-21.1801,116.9477,332.7,1.4,1.2,2014-04-20,0244,Terra,MODIS,77,6.2,311.7,26.1,D,0
-21.2097,116.9303,328,1.4,1.2,2014-04-20,0244,Terra,MODIS,69,6.2,312,16.2,D,0
-31.5191,116.8146,321.4,1.8,1.3,2014-04-20,0247,Terra,MODIS,75,6.2,300.8,25.1,D,0
-33.5938,148.1941,317.5,1.4,1.2,2014-04-20,0347,Aqua,MODIS,76,6.2,296.3,19.6,D,0
-33.5954,148.1792,308.5,1.4,1.2,2014-04-20,0347,Aqua,MODIS,50,6.2,295.1,8.7,D,0
-36.2787,142.0658,324.9,3.6,1.8,2014-04-20,0347,Aqua,MODIS,81,6.2,293,112.2,D,0
-36.2706,142.0578,319.9,3.6,1.8,2014-04-20,0347,Aqua,MODIS,77,6.2,294.7,83.3,D,0
-36.2685,142.0981,313.5,3.5,1.8,2014-04-20,0347,Aqua,MODIS,56,6.2,295.6,46.9,D,0
-33.9478,147.3209,319,1.5,1.2,2014-04-20,0347,Aqua,MODIS,77,6.2,296.1,22.1,D,0
-34.196,147.4428,324.6,1.5,1.2,2014-04-20,0347,Aqua,MODIS,82,6.2,294.9,33.5,D,0
-34.463,150.8768,312.4,1.1,1,2014-04-20,0347,Aqua,MODIS,62,6.2,298.8,8.1,D,2
-34.1977,147.4259,312.5,1.5,1.2,2014-04-20,0347,Aqua,MODIS,39,6.2,297.4,12,D,0
-33.6454,147.6078,316,1.5,1.2,2014-04-20,0347,Aqua,MODIS,73,6.2,301.6,14.9,D,0
-33.7582,147.615,312.9,1.5,1.2,2014-04-20,0347,Aqua,MODIS,61,6.2,299,11.8,D,0
-35.7474,150.1803,303,1.2,1.1,2014-04-20,0347,Aqua,MODIS,52,6.2,292.5,4.9,D,0
-33.7599,147.5989,327.2,1.5,1.2,2014-04-20,0347,Aqua,MODIS,84,6.2,300.6,36.5,D,0
-33.6438,147.6238,319.6,1.5,1.2,2014-04-20,0347,Aqua,MODIS,77,6.2,300.4,20.7,D,0
-33.749,147.5973,311.7,1.5,1.2,2014-04-20,0347,Aqua,MODIS,34,6.2,298.1,9.9,D,0
-33.9461,147.3378,308.8,1.5,1.2,2014-04-20,0347,Aqua,MODIS,61,6.2,296.5,6.6,D,0
-35.4217,146.5638,318.2,1.8,1.3,2014-04-20,0347,Aqua,MODIS,52,6.2,289.4,31.5,D,0
-31.6767,148.8397,319.9,1.2,1.1,2014-04-20,0348,Aqua,MODIS,75,6.2,299.1,19.1,D,0
-32.8393,146.4836,313.6,1.7,1.3,2014-04-20,0348,Aqua,MODIS,68,6.2,297.4,17.7,D,0
-32.1842,147.3596,309.3,1.5,1.2,2014-04-20,0348,Aqua,MODIS,38,6.2,298.9,6.4,D,0
-29.6276,152.7309,311.6,1,1,2014-04-20,0348,Aqua,MODIS,64,6.2,299.1,6.9,D,0
-31.8311,148.9932,313.1,1.2,1.1,2014-04-20,0348,Aqua,MODIS,68,6.2,296.9,11.8,D,0
-33.4963,146.8533,312.3,1.6,1.3,2014-04-20,0348,Aqua,MODIS,66,6.2,299.7,12.6,D,0
-31.7276,148.8349,310.6,1.2,1.1,2014-04-20,0348,Aqua,MODIS,59,6.2,300.3,8.7,D,0
-33.0973,148.3825,311.5,1.3,1.1,2014-04-20,0348,Aqua,MODIS,67,6.2,292.4,13.9,D,0
-32.6049,146.5799,309.6,1.6,1.3,2014-04-20,0348,Aqua,MODIS,49,6.2,298.6,9.4,D,0
-32.8335,147.8574,310.5,1.4,1.2,2014-04-20,0348,Aqua,MODIS,65,6.2,296.3,11.4,D,0
-30.4895,151.6916,308.7,1,1,2014-04-20,0348,Aqua,MODIS,57,6.2,298.2,4.3,D,0
-30.2071,153.0921,309.9,1,1,2014-04-20,0348,Aqua,MODIS,66,6.2,296.7,7.3,D,0
-30.2088,153.0812,308.5,1,1,2014-04-20,0348,Aqua,MODIS,63,6.2,295.8,6.6,D,0
-30.2074,150.6854,310.8,1,1,2014-04-20,0348,Aqua,MODIS,59,6.2,300.5,5.1,D,0
-29.9799,150.0562,314.2,1,1,2014-04-20,0348,Aqua,MODIS,39,6.2,302.8,5.9,D,0
-30.0569,152.0736,324.7,1,1,2014-04-20,0348,Aqua,MODIS,81,6.2,296.4,19.6,D,0
-30.0479,152.0718,311.5,1,1,2014-04-20,0348,Aqua,MODIS,45,6.2,295,6.8,D,0
-31.2968,148.709,330.6,1.2,1.1,2014-04-20,0348,Aqua,MODIS,84,6.2,303.9,29.5,D,0
-31.2978,148.7015,328.1,1.2,1.1,2014-04-20,0348,Aqua,MODIS,82,6.2,304.1,24.5,D,0
-29.5992,150.1629,326.3,1,1,2014-04-20,0348,Aqua,MODIS,77,6.2,308.4,13.6,D,0
-31.2963,148.7142,328.8,1.2,1.1,2014-04-20,0348,Aqua,MODIS,83,6.2,302.7,25.3,D,0
-31.3076,148.7031,319.6,1.2,1.1,2014-04-20,0348,Aqua,MODIS,74,6.2,305.7,12.5,D,0
-28.0752,151.5976,320.5,1,1,2014-04-20,0349,Aqua,MODIS,71,6.2,304.8,10.5,D,0
-28.0688,151.8912,314.4,1,1,2014-04-20,0349,Aqua,MODIS,53,6.2,304.2,5.6,D,0
-28.0767,151.5874,316,1,1,2014-04-20,0349,Aqua,MODIS,61,6.2,304.2,6.1,D,0
-28.7708,152.1835,310.6,1,1,2014-04-20,0349,Aqua,MODIS,48,6.2,300.3,5.5,D,0
-28.4504,147.9101,321.5,1.2,1.1,2014-04-20,0349,Aqua,MODIS,24,6.2,308.4,10.7,D,0
-28.5394,152.1296,317.4,1,1,2014-04-20,0349,Aqua,MODIS,70,6.2,302.9,10.9,D,0
-28.5378,152.14,325.7,1,1,2014-04-20,0349,Aqua,MODIS,80,6.2,302.6,19.2,D,0
-26.5687,149.7174,326.5,1,1,2014-04-20,0349,Aqua,MODIS,76,6.2,310,11.1,D,0
-26.5701,149.7071,321.3,1,1,2014-04-20,0349,Aqua,MODIS,65,6.2,309.4,5.8,D,0
-26.561,149.7056,321.8,1,1,2014-04-20,0349,Aqua,MODIS,35,6.2,310.5,6.1,D,0
-26.0508,152.2501,320.2,1.1,1,2014-04-20,0349,Aqua,MODIS,71,6.2,303.7,11.2,D,0
-26.0524,152.2396,319.9,1.1,1,2014-04-20,0349,Aqua,MODIS,71,6.2,304.4,10.8,D,0
-26.0415,152.2484,318.2,1.1,1,2014-04-20,0349,Aqua,MODIS,51,6.2,302.7,9.4,D,0
-26.5615,151.7514,313.6,1,1,2014-04-20,0349,Aqua,MODIS,49,6.2,301.6,5.2,D,0
-26.5524,151.7497,318.1,1,1,2014-04-20,0349,Aqua,MODIS,68,6.2,301.7,9.2,D,0
-26.0919,151.9238,320.5,1,1,2014-04-20,0349,Aqua,MODIS,72,6.2,302.4,11.8,D,0
-27.3516,151.1977,326.8,1,1,2014-04-20,0349,Aqua,MODIS,74,6.2,309.5,11.4,D,0
-27.3426,151.196,327.7,1,1,2014-04-20,0349,Aqua,MODIS,73,6.2,310.5,12.8,D,0
-27.5489,150.6603,321.6,1,1,2014-04-20,0349,Aqua,MODIS,70,6.2,304.5,12.1,D,0
-27.1695,152.5979,314.3,1.1,1,2014-04-20,0349,Aqua,MODIS,58,6.2,302.2,7.8,D,0
-26.7952,150.2011,323.4,1,1,2014-04-20,0349,Aqua,MODIS,68,6.2,309,10.5,D,0
-25.6878,152.3967,313.8,1.1,1,2014-04-20,0349,Aqua,MODIS,54,6.2,301.3,6.8,D,0
-25.8152,149.7889,320.8,1,1,2014-04-20,0350,Aqua,MODIS,68,6.2,305.7,9.9,D,0
-25.5323,150.8047,315.4,1,1,2014-04-20,0350,Aqua,MODIS,41,6.2,304.4,4.8,D,0
-25.5309,150.8147,317.3,1,1,2014-04-20,0350,Aqua,MODIS,61,6.2,307,6.3,D,0
-25.3536,152.1757,321,1.1,1,2014-04-20,0350,Aqua,MODIS,71,6.2,301.7,12.9,D,0
-25.5399,150.8163,328.1,1,1,2014-04-20,0350,Aqua,MODIS,79,6.2,307,16.9,D,0
-25.5413,150.8064,325.8,1,1,2014-04-20,0350,Aqua,MODIS,76,6.2,305,14.3,D,0
-24.9544,151.8429,320.3,1.1,1,2014-04-20,0350,Aqua,MODIS,70,6.2,301.8,12.2,D,0
-23.3504,150.3171,316.3,1,1,2014-04-20,0350,Aqua,MODIS,64,6.2,305,7.5,D,0
-36.7109,142.5032,312,4.7,2,2014-04-20,0525,Aqua,MODIS,52,6.2,291.4,77.9,D,0
-30.8667,121.4867,326.3,1.7,1.3,2014-04-20,0527,Aqua,MODIS,74,6.2,307.9,27.1,D,2
-22.8388,120.1421,325.9,1.6,1.2,2014-04-20,0529,Aqua,MODIS,40,6.2,306.7,19.1,D,0
-22.8301,122.4548,327.2,1.2,1.1,2014-04-20,0529,Aqua,MODIS,65,6.2,315.2,10,D,0
-22.1851,130.1557,332.5,1.7,1.3,2014-04-20,0529,Aqua,MODIS,79,6.2,311.8,40.5,D,0
-22.8286,122.4661,335,1.2,1.1,2014-04-20,0529,Aqua,MODIS,80,6.2,315.7,23.3,D,0
-22.1822,130.1717,323.2,1.7,1.3,2014-04-20,0529,Aqua,MODIS,62,6.2,312.3,16.4,D,0
-21.1936,116.9547,326.1,2.6,1.5,2014-04-20,0530,Aqua,MODIS,61,6.2,311,30.7,D,0
-21.2027,116.9508,326.1,2.6,1.5,2014-04-20,0530,Aqua,MODIS,57,6.2,311.1,30.3,D,0
-21.196,116.93,326.9,2.6,1.5,2014-04-20,0530,Aqua,MODIS,64,6.2,311.8,34.9,D,0
-18.5544,127.2503,330,1.3,1.1,2014-04-20,0530,Aqua,MODIS,78,6.2,302.1,22.9,D,0
-18.5445,127.2486,323.6,1.3,1.1,2014-04-20,0530,Aqua,MODIS,68,6.2,301.8,12.8,D,0
-18.5526,127.2621,334.3,1.3,1.1,2014-04-20,0530,Aqua,MODIS,83,6.2,300.6,31.2,D,0
-14.8751,125.8443,324.6,1.2,1.1,2014-04-20,0531,Aqua,MODIS,70,6.2,305.9,16.8,D,0
-14.8768,125.8335,324.6,1.2,1.1,2014-04-20,0531,Aqua,MODIS,70,6.2,304,16.8,D,0
-15.9542,125.5381,319.9,1.1,1.1,2014-04-20,0531,Aqua,MODIS,48,6.2,306.6,7.1,D,0
-16.006,125.6172,325.7,1.1,1.1,2014-04-20,0531,Aqua,MODIS,71,6.2,310.2,13,D,0
-15.9965,125.6156,328.5,1.1,1.1,2014-04-20,0531,Aqua,MODIS,68,6.2,308,16.3,D,0
-15.6723,125.7078,320.6,1.1,1.1,2014-04-20,0531,Aqua,MODIS,38,6.2,307.8,7.7,D,0
-15.9762,125.5844,327.5,1.1,1.1,2014-04-20,0531,Aqua,MODIS,65,6.2,308.4,12.9,D,0
-15.9448,125.6003,327.2,1.1,1.1,2014-04-20,0531,Aqua,MODIS,62,6.2,308,14.7,D,0
-16.7835,131.2949,323.2,2.6,1.5,2014-04-20,0531,Aqua,MODIS,73,6.2,293.2,45.3,D,0
-16.5387,131.7787,316.6,2.8,1.6,2014-04-20,0531,Aqua,MODIS,20,6.2,296.3,21.3,D,0
-16.5148,131.7471,336.1,2.8,1.6,2014-04-20,0531,Aqua,MODIS,86,6.2,299,116.5,D,0
-16.5198,131.7209,339.6,2.8,1.6,2014-04-20,0531,Aqua,MODIS,88,6.2,296.4,140.7,D,0
-16.5054,131.7182,351.1,2.8,1.6,2014-04-20,0531,Aqua,MODIS,95,6.2,299.3,242.3,D,0
-16.4911,131.7153,345.2,2.8,1.6,2014-04-20,0531,Aqua,MODIS,92,6.2,299.6,186.1,D,0
-16.5141,131.7422,340.4,2.8,1.6,2014-04-20,0531,Aqua,MODIS,89,6.2,299.3,148.9,D,0
-16.5189,131.716,332.8,2.8,1.6,2014-04-20,0531,Aqua,MODIS,82,6.2,296.3,96.4,D,0
-16.4998,131.7393,330.8,2.8,1.6,2014-04-20,0531,Aqua,MODIS,74,6.2,300.2,82.7,D,0
-16.5045,131.7132,351.7,2.8,1.6,2014-04-20,0531,Aqua,MODIS,95,6.2,299.3,246.5,D,0
-16.4902,131.7103,336.6,2.8,1.6,2014-04-20,0531,Aqua,MODIS,86,6.2,299.5,122.3,D,0
-16.4759,131.7073,323,2.8,1.6,2014-04-20,0531,Aqua,MODIS,51,6.2,299.2,44.6,D,0
-16.4616,131.7044,325.5,2.8,1.6,2014-04-20,0531,Aqua,MODIS,37,6.2,300,54,D,0
-16.857,125.531,327.9,1.1,1,2014-04-20,0531,Aqua,MODIS,42,6.2,308.8,11.9,D,0
-16.8477,125.5294,330,1.1,1,2014-04-20,0531,Aqua,MODIS,34,6.2,309.8,15.2,D,0
-16.8337,125.496,326.5,1.1,1,2014-04-20,0531,Aqua,MODIS,51,6.2,307.5,11.9,D,0
-16.8121,125.4762,325.4,1.1,1,2014-04-20,0531,Aqua,MODIS,70,6.2,308.1,11.1,D,0
-16.8136,125.4661,329.6,1.1,1,2014-04-20,0531,Aqua,MODIS,77,6.2,308.1,17.1,D,0
-16.8043,125.4645,347.6,1.1,1,2014-04-20,0531,Aqua,MODIS,93,6.2,310.7,49.5,D,0
-16.795,125.4629,329.7,1.1,1,2014-04-20,0531,Aqua,MODIS,68,6.2,308.9,16.5,D,0
-16.7857,125.4614,341.7,1.1,1,2014-04-20,0531,Aqua,MODIS,89,6.2,309.8,37.2,D,0
-16.7764,125.4598,340.3,1.1,1,2014-04-20,0531,Aqua,MODIS,88,6.2,309.4,34.7,D,0
-16.7671,125.4583,327.8,1.1,1,2014-04-20,0531,Aqua,MODIS,74,6.2,307.2,15,D,0
-16.7686,125.4482,320.2,1.1,1,2014-04-20,0531,Aqua,MODIS,16,6.2,305.4,6.1,D,0
-16.7578,125.4567,330.4,1.1,1,2014-04-20,0531,Aqua,MODIS,78,6.2,307.5,19,D,0
-16.4807,131.6813,327.6,2.8,1.6,2014-04-20,0531,Aqua,MODIS,77,6.2,297.3,69.3,D,0
-16.4664,131.6784,337.8,2.8,1.6,2014-04-20,0531,Aqua,MODIS,87,6.2,299,127.4,D,0
-16.4475,131.6211,323.7,2.8,1.6,2014-04-20,0531,Aqua,MODIS,66,6.2,297.9,52.8,D,0
-16.4333,131.6183,319.5,2.8,1.6,2014-04-20,0531,Aqua,MODIS,34,6.2,296.9,33.4,D,0
-16.4396,131.6389,320.3,2.8,1.6,2014-04-20,0531,Aqua,MODIS,63,6.2,298.2,38.3,D,0
-16.4443,131.6129,327.1,2.8,1.6,2014-04-20,0531,Aqua,MODIS,76,6.2,297.6,71.8,D,0
-16.8723,125.4302,329.2,1.1,1,2014-04-20,0531,Aqua,MODIS,77,6.2,309.7,15.9,D,0
-15.063,132.5611,312.8,3.5,1.8,2014-04-20,0531,Aqua,MODIS,25,6.2,290.4,35.5,D,0
-15.3638,125.5316,324.6,1.1,1.1,2014-04-20,0531,Aqua,MODIS,70,6.2,305,13.6,D,0
-15.1975,126.2059,322.8,1.2,1.1,2014-04-20,0531,Aqua,MODIS,65,6.2,305.5,13.6,D,0
-14.0115,127.43,322,1.5,1.2,2014-04-20,0531,Aqua,MODIS,64,6.2,301.3,12.5,D,0
-16.2455,129.2269,327.5,1.9,1.3,2014-04-20,0531,Aqua,MODIS,54,6.2,301.2,37.3,D,0
-15.168,126.2009,330.4,1.2,1.1,2014-04-20,0531,Aqua,MODIS,78,6.2,305.8,26.3,D,0
-15.2189,126.198,328.7,1.2,1.1,2014-04-20,0531,Aqua,MODIS,76,6.2,307.9,20.3,D,0
-16.2467,124.7546,337.7,1,1,2014-04-20,0531,Aqua,MODIS,77,6.2,308.2,27.5,D,0
-15.2402,126.1901,328.9,1.2,1.1,2014-04-20,0531,Aqua,MODIS,56,6.2,307.3,20,D,0
-15.2418,126.1847,326.7,1.2,1.1,2014-04-20,0531,Aqua,MODIS,73,6.2,306.7,18.1,D,0
-16.2558,124.7561,353.4,1,1,2014-04-20,0531,Aqua,MODIS,96,6.2,308.5,59,D,0
-16.2544,124.7657,327.1,1,1,2014-04-20,0531,Aqua,MODIS,56,6.2,308.3,9.2,D,0
-16.265,124.7575,352.4,1,1,2014-04-20,0531,Aqua,MODIS,96,6.2,309.7,55.4,D,0
-15.24,126.1959,325.7,1.2,1.1,2014-04-20,0531,Aqua,MODIS,71,6.2,307.1,16.5,D,0
-15.4462,130.0391,321.3,2.2,1.4,2014-04-20,0531,Aqua,MODIS,48,6.2,301.6,25.6,D,0
-15.3042,126.1722,318.7,1.2,1.1,2014-04-20,0531,Aqua,MODIS,48,6.2,304.9,8.6,D,0
-15.3024,126.1834,322,1.2,1.1,2014-04-20,0531,Aqua,MODIS,63,6.2,304.3,12.7,D,0
-15.1992,126.1947,327.7,1.2,1.1,2014-04-20,0531,Aqua,MODIS,75,6.2,305.9,20.2,D,0
-15.1778,126.2026,339.8,1.2,1.1,2014-04-20,0531,Aqua,MODIS,87,6.2,307.3,44.2,D,0
-15.2206,126.1869,328.9,1.2,1.1,2014-04-20,0531,Aqua,MODIS,76,6.2,307.8,20.4,D,0
-15.1581,126.1993,326.5,1.2,1.1,2014-04-20,0531,Aqua,MODIS,73,6.2,305.2,20.1,D,0
-16.1909,124.8145,323.8,1,1,2014-04-20,0531,Aqua,MODIS,66,6.2,307.1,11.2,D,0
-16.9924,124.8166,320.7,1,1,2014-04-20,0531,Aqua,MODIS,34,6.2,294.8,8,D,0
-14.883,126.2505,322.2,1.2,1.1,2014-04-20,0531,Aqua,MODIS,64,6.2,304.9,13.6,D,0
-14.8812,126.2618,325.2,1.2,1.1,2014-04-20,0531,Aqua,MODIS,71,6.2,305.4,18.3,D,0
-17.5078,123.8026,326.1,1,1,2014-04-20,0531,Aqua,MODIS,61,6.2,308.1,9.9,D,0
-17.5141,123.8228,324.4,1,1,2014-04-20,0531,Aqua,MODIS,46,6.2,305.8,8.2,D,0
-17.5204,123.8429,327.2,1,1,2014-04-20,0531,Aqua,MODIS,65,6.2,306.2,11.2,D,0
-17.5318,123.8321,330.4,1,1,2014-04-20,0531,Aqua,MODIS,71,6.2,301.7,15.9,D,0
-17.5484,123.8443,327.4,1,1,2014-04-20,0531,Aqua,MODIS,74,6.2,304.6,13.2,D,0
-17.2915,123.8999,332.4,1,1,2014-04-20,0531,Aqua,MODIS,82,6.2,302.8,21.2,D,0
-15.3571,129.7216,328.4,2.1,1.4,2014-04-20,0531,Aqua,MODIS,78,6.2,299.2,48.9,D,0
-15.4623,129.4918,321.4,2,1.4,2014-04-20,0531,Aqua,MODIS,31,6.2,303.4,18.8,D,0
-15.4655,129.4737,321.8,2,1.4,2014-04-20,0531,Aqua,MODIS,53,6.2,302.3,20.7,D,0
-15.4499,129.49,328.4,2,1.4,2014-04-20,0531,Aqua,MODIS,66,6.2,302.1,38.9,D,0
-15.4532,129.4711,327.5,2,1.4,2014-04-20,0531,Aqua,MODIS,68,6.2,299.8,37,D,0
-15.4489,129.4845,327.3,2,1.4,2014-04-20,0531,Aqua,MODIS,57,6.2,301.7,36,D,0
-16.1239,126.1736,323.5,1.2,1.1,2014-04-20,0531,Aqua,MODIS,40,6.2,310.6,10.2,D,0
-15.3608,126.2111,324.6,1.2,1.1,2014-04-20,0531,Aqua,MODIS,69,6.2,306.8,16.6,D,0
-16.6228,126.1764,326.5,1.2,1.1,2014-04-20,0531,Aqua,MODIS,64,6.2,304.6,15.1,D,0
-16.6131,126.1748,327.6,1.2,1.1,2014-04-20,0531,Aqua,MODIS,73,6.2,306.9,17.5,D,0
-16.6211,126.1873,327.5,1.2,1.1,2014-04-20,0531,Aqua,MODIS,66,6.2,307.5,16,D,0
-16.6255,126.1836,330.9,1.2,1.1,2014-04-20,0531,Aqua,MODIS,72,6.2,304.1,21.6,D,0
-16.6237,126.1944,326.8,1.2,1.1,2014-04-20,0531,Aqua,MODIS,31,6.2,305.8,12.6,D,0
-17.0086,124.77,318.5,1,1,2014-04-20,0531,Aqua,MODIS,49,6.2,295.3,5.9,D,0
-17.01,124.7604,318.8,1,1,2014-04-20,0531,Aqua,MODIS,48,6.2,294.5,6.5,D,0
-16.9631,124.7627,325.4,1,1,2014-04-20,0531,Aqua,MODIS,47,6.2,297.6,12,D,0
-14.1952,127.5024,326.4,1.5,1.2,2014-04-20,0531,Aqua,MODIS,65,6.2,305.2,16.9,D,0
-14.4065,127.6312,322.6,1.5,1.2,2014-04-20,0531,Aqua,MODIS,68,6.2,305.7,15.4,D,0
-17.519,123.8523,328.4,1,1,2014-04-20,0531,Aqua,MODIS,75,6.2,309.3,13.8,D,0
-17.5277,123.8602,335.5,1,1,2014-04-20,0531,Aqua,MODIS,80,6.2,308.6,21.9,D,0
-17.5381,123.8523,328.1,1,1,2014-04-20,0531,Aqua,MODIS,17,6.2,305.7,12.1,D,0
-15.4467,129.5084,327.2,2,1.4,2014-04-20,0531,Aqua,MODIS,65,6.2,302.6,34.4,D,0
-14.1997,127.4957,325.9,1.5,1.2,2014-04-20,0531,Aqua,MODIS,53,6.2,304.3,17.3,D,0
-16.2481,124.745,327.6,1,1,2014-04-20,0531,Aqua,MODIS,37,6.2,304,14.4,D,0
-16.2808,131.9314,319.3,3,1.6,2014-04-20,0531,Aqua,MODIS,39,6.2,297.6,37.1,D,0
-16.2662,131.9284,320.9,3,1.6,2014-04-20,0531,Aqua,MODIS,58,6.2,296.8,44.3,D,0
-16.2758,131.9587,319.7,3,1.6,2014-04-20,0531,Aqua,MODIS,15,6.2,298.8,40.1,D,0
-16.2086,124.9469,324.4,1.1,1,2014-04-20,0531,Aqua,MODIS,60,6.2,310,9.6,D,0
-16.2116,124.9273,338.7,1,1,2014-04-20,0531,Aqua,MODIS,87,6.2,311.1,29.5,D,0
-17.8947,124.6239,325.1,1,1,2014-04-20,0531,Aqua,MODIS,71,6.2,304.1,7.8,D,0
-14.2749,130.0383,325.5,2.3,1.5,2014-04-20,0531,Aqua,MODIS,77,6.2,296.2,53.3,D,0
-16.1099,124.9954,327.2,1.1,1,2014-04-20,0531,Aqua,MODIS,61,6.2,309.9,11.2,D,0
-16.2755,124.7494,338.9,1,1,2014-04-20,0531,Aqua,MODIS,77,6.2,306.4,29.7,D,0
-16.2847,124.7508,331.5,1,1,2014-04-20,0531,Aqua,MODIS,49,6.2,306.9,18.7,D,0
-16.2832,124.7605,332.1,1,1,2014-04-20,0531,Aqua,MODIS,49,6.2,307.8,17.2,D,0
-16.2818,124.7701,336.5,1,1,2014-04-20,0531,Aqua,MODIS,80,6.2,309.7,23.1,D,0
-16.2804,124.7797,324.7,1,1,2014-04-20,0531,Aqua,MODIS,27,6.2,309.1,7,D,0
-16.3489,125.1131,322.2,1.1,1,2014-04-20,0531,Aqua,MODIS,65,6.2,305.3,8.3,D,0
-16.1395,125.0504,331.3,1.1,1,2014-04-20,0531,Aqua,MODIS,80,6.2,310,18.4,D,0
-16.1409,125.0406,324,1.1,1,2014-04-20,0531,Aqua,MODIS,29,6.2,311,8.1,D,0
-16.3847,125.1898,326.6,1.1,1,2014-04-20,0531,Aqua,MODIS,73,6.2,307.9,13.5,D,0
-16.2038,124.9161,328.6,1,1,2014-04-20,0531,Aqua,MODIS,76,6.2,306.6,14.2,D,0
-16.4237,125.055,322,1.1,1,2014-04-20,0531,Aqua,MODIS,6,6.2,306.6,7.9,D,0
-16.413,125.0633,342.4,1.1,1,2014-04-20,0531,Aqua,MODIS,89,6.2,309.1,37.9,D,0
-16.4145,125.0535,332,1.1,1,2014-04-20,0531,Aqua,MODIS,78,6.2,306.7,20.2,D,0
-16.1969,125.0251,327.8,1.1,1,2014-04-20,0531,Aqua,MODIS,57,6.2,310.1,11.9,D,0
-16.3885,124.8497,333.6,1,1,2014-04-20,0531,Aqua,MODIS,82,6.2,304.7,19.2,D,0
-16.39,124.84,325.8,1,1,2014-04-20,0531,Aqua,MODIS,56,6.2,307.7,7.8,D,0
-15.589,131.2053,331.3,2.7,1.6,2014-04-20,0531,Aqua,MODIS,0,6.2,290.7,81.8,D,0
-16.2024,124.9259,323.9,1,1,2014-04-20,0531,Aqua,MODIS,33,6.2,306.9,7.6,D,0
-16.6804,125.2935,323.7,1.1,1,2014-04-20,0531,Aqua,MODIS,37,6.2,308.9,9.6,D,0
-16.6819,125.2836,324.9,1.1,1,2014-04-20,0531,Aqua,MODIS,46,6.2,310.2,10.8,D,0
-16.6609,125.1932,328.6,1.1,1,2014-04-20,0531,Aqua,MODIS,76,6.2,311,12.8,D,0
-16.4352,125.0933,324.3,1.1,1,2014-04-20,0531,Aqua,MODIS,31,6.2,309.2,7.6,D,0
-16.4116,125.073,327.3,1.1,1,2014-04-20,0531,Aqua,MODIS,69,6.2,308,14,D,0
-16.2101,124.9371,322.9,1.1,1,2014-04-20,0531,Aqua,MODIS,46,6.2,309.4,7.5,D,0
-16.3504,125.1034,322.3,1.1,1,2014-04-20,0531,Aqua,MODIS,65,6.2,307.6,8.4,D,0
-17.8961,124.6144,334.8,1,1,2014-04-20,0531,Aqua,MODIS,83,6.2,304.4,20.8,D,0
-16.213,124.9176,345.2,1,1,2014-04-20,0531,Aqua,MODIS,91,6.2,309.9,42,D,0
-34.4596,150.8756,301.4,1.6,1.3,2014-04-20,1312,Terra,MODIS,40,6.2,286.6,13.2,N,0
-31.6886,146.7527,312.2,1.1,1.1,2014-04-20,1312,Terra,MODIS,84,6.2,281.8,17.4,N,0
-27.8403,149.2703,311.3,1.8,1.3,2014-04-20,1313,Terra,MODIS,70,6.2,285.9,27.5,N,0
-27.8347,149.2754,309.8,1.8,1.3,2014-04-20,1313,Terra,MODIS,24,6.2,285.2,23.6,N,0
-31.2192,146.9409,322.2,1.1,1.1,2014-04-20,1313,Terra,MODIS,100,6.2,281.5,28,N,0
-27.8381,149.2575,313.3,1.8,1.3,2014-04-20,1313,Terra,MODIS,49,6.2,286.9,29.8,N,0
-31.2288,146.9431,340,1.1,1.1,2014-04-20,1313,Terra,MODIS,100,6.2,283.1,57.1,N,0
-27.837,149.2883,330.8,1.8,1.3,2014-04-20,1313,Terra,MODIS,100,6.2,286.3,72.7,N,0
-27.8436,149.2525,305.6,1.8,1.3,2014-04-20,1313,Terra,MODIS,37,6.2,286.1,18.6,N,0
-28.7287,147.7442,301.2,1.4,1.2,2014-04-20,1313,Terra,MODIS,28,6.2,284.3,9.8,N,0
-27.8312,149.2934,324.9,1.8,1.3,2014-04-20,1313,Terra,MODIS,99,6.2,285.9,55.2,N,0
-28.7183,147.7418,305.4,1.4,1.2,2014-04-20,1313,Terra,MODIS,64,6.2,284.9,13.8,N,0
-27.8348,149.2758,301.3,2.7,1.6,2014-04-20,1447,Aqua,MODIS,39,6.2,285,29.2,N,0
-27.8404,149.3022,302.9,2.7,1.6,2014-04-20,1447,Aqua,MODIS,52,6.2,284.5,32.8,N,0
-31.2233,146.9642,301.8,3.1,1.7,2014-04-20,1448,Aqua,MODIS,45,6.2,280.4,45.1,N,0
-30.1059,116.55,306.5,1.1,1.1,2014-04-20,1452,Terra,MODIS,68,6.2,286.8,11,N,0
-30.8688,121.4919,307.3,1.1,1,2014-04-20,1452,Terra,MODIS,71,6.2,284.7,11,N,2
-22.8316,120.1494,306.7,1.2,1.1,2014-04-20,1454,Terra,MODIS,69,6.2,291.3,10.2,N,0
-22.8347,120.144,310.5,1.2,1.1,2014-04-20,1454,Terra,MODIS,80,6.2,291.5,12.8,N,0
-20.7337,139.4796,305.2,1.5,1.2,2014-04-20,1624,Aqua,MODIS,63,6.2,291.9,11.7,N,2
-25.1407,152.1805,315.7,1,1,2014-04-21,0011,Terra,MODIS,69,6.2,298.6,9.9,D,0
-25.1392,152.1702,316.2,1,1,2014-04-21,0011,Terra,MODIS,69,6.2,298.9,10.4,D,0
-25.8651,150.129,341.7,1,1,2014-04-21,0011,Terra,MODIS,91,6.2,300.7,41.4,D,0
-23.9185,149.9333,327.8,1,1,2014-04-21,0011,Terra,MODIS,81,6.2,301.9,18.2,D,0
-23.9383,149.94,319.7,1,1,2014-04-21,0011,Terra,MODIS,73,6.2,302.3,9.4,D,0
-26.6364,147.0926,318.4,1.2,1.1,2014-04-21,0011,Terra,MODIS,65,6.2,303.8,10.6,D,0
-26.7974,150.2057,318.1,1,1,2014-04-21,0011,Terra,MODIS,68,6.2,301.7,8.8,D,2
-26.6386,147.105,317.5,1.2,1.1,2014-04-21,0011,Terra,MODIS,62,6.2,303.7,9.4,D,0
-27.4282,149.625,323.9,1,1,2014-04-21,0012,Terra,MODIS,77,6.2,299.8,16.8,D,0
-27.4297,149.6351,310.6,1,1,2014-04-21,0012,Terra,MODIS,34,6.2,299.5,5,D,0
-30.5129,151.2768,320.7,1.1,1,2014-04-21,0012,Terra,MODIS,79,6.2,295.9,17.6,D,0
-27.5714,152.3803,312.9,1.1,1,2014-04-21,0012,Terra,MODIS,61,6.2,299.1,7,D,0
-28.4401,147.9173,319.2,1.1,1,2014-04-21,0012,Terra,MODIS,70,6.2,302.9,11.6,D,0
-27.8384,149.2953,321.2,1,1,2014-04-21,0012,Terra,MODIS,73,6.2,300.8,12.9,D,0
-30.0597,151.7928,316.8,1.1,1,2014-04-21,0012,Terra,MODIS,75,6.2,293.8,15.5,D,0
-30.0612,151.8043,304.6,1.1,1,2014-04-21,0012,Terra,MODIS,52,6.2,294,5.3,D,0
-28.3283,151.9388,313.8,1.1,1,2014-04-21,0012,Terra,MODIS,67,6.2,298.3,8.4,D,0
-28.3268,151.9279,319.1,1.1,1,2014-04-21,0012,Terra,MODIS,75,6.2,300.2,13.3,D,0
-31.4722,148.3497,308.4,1,1,2014-04-21,0013,Terra,MODIS,53,6.2,294.4,5.3,D,0
-31.4738,148.3604,311,1,1,2014-04-21,0013,Terra,MODIS,66,6.2,294.1,7.6,D,0
-32.2187,146.013,352.2,1.2,1.1,2014-04-21,0013,Terra,MODIS,97,6.2,296.4,79.6,D,0
-33.8163,150.8005,302.7,1.1,1,2014-04-21,0013,Terra,MODIS,35,6.2,290.8,2.8,D,0
-31.227,146.946,314.9,1.1,1,2014-04-21,0013,Terra,MODIS,71,6.2,296.2,10.6,D,0
-31.3018,149.806,310.2,1,1,2014-04-21,0013,Terra,MODIS,45,6.2,298.9,5.3,D,0
-32.2166,146.0007,340.2,1.2,1.1,2014-04-21,0013,Terra,MODIS,91,6.2,293.1,50.3,D,0
-31.2234,146.9527,308.6,1.1,1,2014-04-21,0013,Terra,MODIS,29,6.2,295.8,5.2,D,0
-32.209,146.0153,309.9,1.2,1.1,2014-04-21,0013,Terra,MODIS,64,6.2,294.2,7.1,D,0
-35.562,146.4765,307.1,1,1,2014-04-21,0014,Terra,MODIS,62,6.2,290.8,5.4,D,0
-34.7161,147.2036,303.7,1,1,2014-04-21,0014,Terra,MODIS,57,6.2,290.2,4.4,D,0
-34.7179,147.2148,300.4,1,1,2014-04-21,0014,Terra,MODIS,30,6.2,288.8,2.3,D,0
-35.5602,146.465,306,1,1,2014-04-21,0014,Terra,MODIS,55,6.2,291.2,4.8,D,0
-34.3886,147.8876,303.8,1,1,2014-04-21,0014,Terra,MODIS,41,6.2,291,4.1,D,0
-13.1676,131.442,318.8,1.2,1.1,2014-04-21,0146,Terra,MODIS,69,6.2,300,9.5,D,0
-13.1008,130.9584,312.6,1.1,1.1,2014-04-21,0146,Terra,MODIS,45,6.2,293.2,6.3,D,0
-16.5539,132.1003,324.5,1.4,1.2,2014-04-21,0147,Terra,MODIS,74,6.2,301.6,19.4,D,0
-16.5556,132.1135,337,1.4,1.2,2014-04-21,0147,Terra,MODIS,86,6.2,302.9,48,D,0
-16.5573,132.1267,323.7,1.4,1.2,2014-04-21,0147,Terra,MODIS,72,6.2,301.8,18.4,D,0
-16.3681,131.9125,318.4,1.4,1.2,2014-04-21,0147,Terra,MODIS,53,6.2,301.2,10.1,D,0
-15.9321,125.6003,331.2,1.2,1.1,2014-04-21,0147,Terra,MODIS,82,6.2,305.3,27.1,D,0
-15.9339,125.6112,320.9,1.2,1.1,2014-04-21,0147,Terra,MODIS,65,6.2,303.3,11.8,D,0
-16.3849,132.3821,343.6,1.5,1.2,2014-04-21,0147,Terra,MODIS,91,6.2,302.3,73,D,0
-16.3866,132.3958,327,1.5,1.2,2014-04-21,0147,Terra,MODIS,77,6.2,301.6,29.1,D,0
-16.3957,132.3806,316.1,1.5,1.2,2014-04-21,0147,Terra,MODIS,53,6.2,301.4,9.8,D,0
-16.4047,132.3654,325.7,1.5,1.2,2014-04-21,0147,Terra,MODIS,75,6.2,300.3,24.7,D,0
-16.4065,132.3791,359.2,1.5,1.2,2014-04-21,0147,Terra,MODIS,99,6.2,303.3,131.9,D,0
-16.4263,132.3625,321.9,1.5,1.2,2014-04-21,0147,Terra,MODIS,70,6.2,301.1,18.7,D,0
-16.5163,131.7259,327,1.3,1.1,2014-04-21,0147,Terra,MODIS,77,6.2,301.4,21.7,D,0
-16.5179,131.7384,330.1,1.3,1.1,2014-04-21,0147,Terra,MODIS,80,6.2,301,27.5,D,0
-16.4094,131.6083,321.7,1.3,1.1,2014-04-21,0147,Terra,MODIS,69,6.2,300.4,12.9,D,0
-16.411,131.6205,321.2,1.3,1.1,2014-04-21,0147,Terra,MODIS,68,6.2,300.3,12.5,D,0
-17.19,135.8408,328.8,2.7,1.6,2014-04-21,0147,Terra,MODIS,80,6.2,303.6,78.1,D,0
-15.0604,132.5819,319.1,1.5,1.2,2014-04-21,0147,Terra,MODIS,71,6.2,293.9,15.9,D,0
-15.0622,132.5955,316.3,1.5,1.2,2014-04-21,0147,Terra,MODIS,66,6.2,292.7,11.5,D,0
-16.2706,129.2527,325.9,1,1,2014-04-21,0147,Terra,MODIS,75,6.2,304.8,13.4,D,0
-14.2685,130.0445,322.8,1.1,1,2014-04-21,0147,Terra,MODIS,76,6.2,296.3,14.7,D,0
-14.0042,127.4349,324.3,1,1,2014-04-21,0147,Terra,MODIS,69,6.2,305.1,9.4,D,0
-16.1373,126.2238,315,1.1,1,2014-04-21,0147,Terra,MODIS,40,6.2,302.3,5.3,D,0
-16.2692,129.243,319.6,1,1,2014-04-21,0147,Terra,MODIS,32,6.2,303.6,6.4,D,0
-14.1224,127.546,330,1,1,2014-04-21,0147,Terra,MODIS,61,6.2,303.8,15.2,D,0
-13.995,127.4363,328.9,1,1,2014-04-21,0147,Terra,MODIS,76,6.2,305,14.7,D,0
-16.279,131.9313,328.2,1.4,1.2,2014-04-21,0147,Terra,MODIS,78,6.2,304.8,23.7,D,0
-13.8683,131.8732,316.8,1.3,1.1,2014-04-21,0147,Terra,MODIS,66,6.2,290.1,12.5,D,0
-16.2774,131.9185,324.8,1.4,1.2,2014-04-21,0147,Terra,MODIS,74,6.2,304.4,18.1,D,0
-16.0825,132.0747,315.6,1.4,1.2,2014-04-21,0147,Terra,MODIS,43,6.2,300.2,8.8,D,0
-16.3664,131.8998,323.6,1.4,1.2,2014-04-21,0147,Terra,MODIS,72,6.2,301.5,18.1,D,0
-16.2526,131.9739,325.2,1.4,1.2,2014-04-21,0147,Terra,MODIS,54,6.2,303.9,18,D,0
-16.3174,132.3977,314.6,1.5,1.2,2014-04-21,0147,Terra,MODIS,34,6.2,300.3,9.8,D,0
-16.2631,131.9725,322.3,1.4,1.2,2014-04-21,0147,Terra,MODIS,50,6.2,306.6,13.9,D,0
-13.6495,132.1388,313.3,1.3,1.1,2014-04-21,0147,Terra,MODIS,55,6.2,289.8,6.9,D,0
-18.3684,126.1542,340.4,1.1,1,2014-04-21,0148,Terra,MODIS,87,6.2,311.2,31.6,D,0
-16.6301,123.9778,319.5,1.4,1.2,2014-04-21,0148,Terra,MODIS,64,6.2,302.9,14.6,D,0
-18.3668,126.1443,326.3,1.1,1,2014-04-21,0148,Terra,MODIS,69,6.2,309.5,10.4,D,0
-16.8659,125.4061,316.6,1.2,1.1,2014-04-21,0148,Terra,MODIS,42,6.2,304.1,5.6,D,0
-19.0153,127.6243,321.6,1,1,2014-04-21,0148,Terra,MODIS,61,6.2,307.6,7.4,D,0
-19.0167,127.6337,320.3,1,1,2014-04-21,0148,Terra,MODIS,54,6.2,308.2,5.7,D,0
-19.0248,127.6259,322.2,1,1,2014-04-21,0148,Terra,MODIS,63,6.2,308.4,8.7,D,0
-19.0338,127.6245,330.1,1,1,2014-04-21,0148,Terra,MODIS,78,6.2,308.3,17.2,D,0
-19.0482,127.5353,326,1,1,2014-04-21,0148,Terra,MODIS,71,6.2,309,10.2,D,0
-19.0496,127.5447,342.4,1,1,2014-04-21,0148,Terra,MODIS,89,6.2,310.6,34.4,D,0
-19.0586,127.5433,332.2,1,1,2014-04-21,0148,Terra,MODIS,80,6.2,309.4,17.1,D,0
-16.9583,125.4067,327.4,1.2,1.1,2014-04-21,0148,Terra,MODIS,41,6.2,305.1,15.6,D,0
-16.9283,125.344,321.6,1.2,1.1,2014-04-21,0148,Terra,MODIS,65,6.2,306.1,11.4,D,0
-16.9398,125.3535,326,1.2,1.1,2014-04-21,0148,Terra,MODIS,63,6.2,305.2,15.7,D,0
-17.1744,124.9712,322.1,1.2,1.1,2014-04-21,0148,Terra,MODIS,64,6.2,308.1,9.7,D,0
-16.6227,126.1952,321.8,1.1,1,2014-04-21,0148,Terra,MODIS,56,6.2,307.5,8.7,D,0
-16.9618,125.4284,322.6,1.2,1.1,2014-04-21,0148,Terra,MODIS,59,6.2,305.7,10.1,D,0
-16.6634,126.3328,322.2,1.1,1,2014-04-21,0148,Terra,MODIS,64,6.2,308.4,8.2,D,0
-16.9469,125.3975,327.8,1.2,1.1,2014-04-21,0148,Terra,MODIS,55,6.2,307.9,17.2,D,0
-16.9566,125.3958,328.8,1.2,1.1,2014-04-21,0148,Terra,MODIS,51,6.2,303.9,17.8,D,0
-17.3636,125.8147,324.9,1.1,1.1,2014-04-21,0148,Terra,MODIS,70,6.2,308.2,13,D,0
-17.3889,126.8519,324.3,1,1,2014-04-21,0148,Terra,MODIS,63,6.2,309,9.8,D,0
-17.3874,126.8423,323.3,1,1,2014-04-21,0148,Terra,MODIS,59,6.2,308.2,8.3,D,0
-16.9416,125.3645,329.9,1.2,1.1,2014-04-21,0148,Terra,MODIS,77,6.2,306.5,21.3,D,0
-16.6257,126.153,323.6,1.1,1,2014-04-21,0148,Terra,MODIS,70,6.2,305.9,13.2,D,0
-16.9989,125.0261,319.1,1.2,1.1,2014-04-21,0148,Terra,MODIS,55,6.2,304.7,10,D,0
-16.9591,124.7826,321.1,1.3,1.1,2014-04-21,0148,Terra,MODIS,40,6.2,306.1,11.4,D,0
-17.1726,124.9595,320.8,1.2,1.1,2014-04-21,0148,Terra,MODIS,57,6.2,306.8,8.2,D,0
-16.7405,124.0203,323.5,1.4,1.2,2014-04-21,0148,Terra,MODIS,71,6.2,303.8,20.3,D,0
-32.712,116.85,309.4,2.1,1.4,2014-04-21,0152,Terra,MODIS,66,6.2,294,16.5,D,0
-37.3924,143.6734,313.9,1,1,2014-04-21,0429,Aqua,MODIS,56,6.2,272.8,16.1,D,0
-36.2186,143.1474,300.8,1,1,2014-04-21,0430,Aqua,MODIS,41,6.2,273.5,4.1,D,0
-36.2169,143.1586,304,1,1,2014-04-21,0430,Aqua,MODIS,58,6.2,274.1,5.9,D,0
-35.9217,144.6507,306.4,1.1,1,2014-04-21,0430,Aqua,MODIS,63,6.2,283.2,7.2,D,0
-36.3207,146.0154,317.4,1.2,1.1,2014-04-21,0430,Aqua,MODIS,78,6.2,272.8,23.1,D,0
-34.7989,147.6254,314.5,1.6,1.2,2014-04-21,0430,Aqua,MODIS,75,6.2,292.2,21.6,D,0
-33.5014,146.8012,316.4,1.5,1.2,2014-04-21,0430,Aqua,MODIS,76,6.2,286.6,21.6,D,0
-33.5003,146.8741,304.3,1.5,1.2,2014-04-21,0430,Aqua,MODIS,40,6.2,285.6,6.2,D,0
-33.5121,146.8041,312.9,1.5,1.2,2014-04-21,0430,Aqua,MODIS,70,6.2,287.6,16.5,D,0
-33.5003,146.8686,308.2,1.5,1.2,2014-04-21,0430,Aqua,MODIS,64,6.2,286.6,11.3,D,0
-34.619,147.4719,346.4,1.6,1.2,2014-04-21,0430,Aqua,MODIS,94,6.2,290.4,101.2,D,0
-34.9176,147.3659,309,1.5,1.2,2014-04-21,0430,Aqua,MODIS,68,6.2,280.7,13.9,D,0
-34.349,147.36,304.4,1.6,1.2,2014-04-21,0430,Aqua,MODIS,39,6.2,286.3,7.4,D,0
-34.5205,147.6167,304.5,1.6,1.2,2014-04-21,0430,Aqua,MODIS,59,6.2,288.5,8.2,D,0
-34.5005,146.7952,318.2,1.4,1.2,2014-04-21,0430,Aqua,MODIS,78,6.2,290.6,22.6,D,0
-34.3342,147.6793,308,1.6,1.3,2014-04-21,0430,Aqua,MODIS,66,6.2,291.3,10.9,D,0
-34.7869,147.7488,309.1,1.6,1.2,2014-04-21,0430,Aqua,MODIS,68,6.2,293.4,13.7,D,0
-35.0084,147.5026,328.3,1.5,1.2,2014-04-21,0430,Aqua,MODIS,86,6.2,284,48.2,D,0
-34.7214,147.4191,311.2,1.5,1.2,2014-04-21,0430,Aqua,MODIS,71,6.2,292.4,15.6,D,0
-35.871,146.286,309.8,1.3,1.1,2014-04-21,0430,Aqua,MODIS,69,6.2,276.4,13.9,D,0
-34.63,147.475,308.9,1.6,1.2,2014-04-21,0430,Aqua,MODIS,63,6.2,288.6,12.7,D,0
-35.3308,145.671,304.6,1.2,1.1,2014-04-21,0430,Aqua,MODIS,59,6.2,287.7,5.3,D,0
-35.676,146.2794,314.2,1.3,1.1,2014-04-21,0430,Aqua,MODIS,74,6.2,286,15.2,D,0
-34.8951,147.1167,329.1,1.5,1.2,2014-04-21,0430,Aqua,MODIS,86,6.2,284,48,D,0
-34.0697,146.3781,306.5,1.4,1.2,2014-04-21,0430,Aqua,MODIS,53,6.2,290,7.8,D,0
-35.3704,146.936,308.1,1.4,1.2,2014-04-21,0430,Aqua,MODIS,54,6.2,278.7,12.9,D,0
-35.5313,146.3462,318.3,1.3,1.1,2014-04-21,0430,Aqua,MODIS,56,6.2,284,19.9,D,0
-35.5187,146.3577,318.7,1.3,1.1,2014-04-21,0430,Aqua,MODIS,57,6.2,283.9,21.1,D,0
-35.4164,147.0456,302.8,1.4,1.2,2014-04-21,0430,Aqua,MODIS,48,6.2,279,9.4,D,0
-34.254,146.807,308.6,1.4,1.2,2014-04-21,0430,Aqua,MODIS,65,6.2,293.2,9.1,D,0
-34.8981,147.1008,317.4,1.5,1.2,2014-04-21,0430,Aqua,MODIS,78,6.2,285.1,27.1,D,0
-36.323,146.002,315.3,1.2,1.1,2014-04-21,0430,Aqua,MODIS,76,6.2,274.7,20.5,D,0
-36.8331,145.1149,354,1.1,1,2014-04-21,0430,Aqua,MODIS,92,6.2,275.6,82.9,D,0
-34.8249,146.4296,304.9,1.3,1.2,2014-04-21,0430,Aqua,MODIS,46,6.2,282.5,9.4,D,0
-35.8685,146.3,301.4,1.3,1.1,2014-04-21,0430,Aqua,MODIS,47,6.2,273.7,7.1,D,0
-34.7504,147.1985,307.5,1.5,1.2,2014-04-21,0430,Aqua,MODIS,52,6.2,289.4,8.2,D,0
-34.754,147.188,307.9,1.5,1.2,2014-04-21,0430,Aqua,MODIS,66,6.2,289.1,9.6,D,0
-35.5635,146.452,304.7,1.3,1.1,2014-04-21,0430,Aqua,MODIS,60,6.2,282.7,9.8,D,0
-34.7273,147.5087,311.7,1.6,1.2,2014-04-21,0430,Aqua,MODIS,72,6.2,292.5,15.4,D,0
-34.5172,147.6339,304.3,1.6,1.2,2014-04-21,0430,Aqua,MODIS,55,6.2,287.8,8.6,D,0
-35.0133,146.7749,300.7,1.4,1.2,2014-04-21,0430,Aqua,MODIS,41,6.2,275.4,7.4,D,0
-35.3385,146.6688,306.3,1.4,1.2,2014-04-21,0430,Aqua,MODIS,63,6.2,284.4,9,D,0
-35.4135,147.0611,306.1,1.4,1.2,2014-04-21,0430,Aqua,MODIS,63,6.2,276.5,12.9,D,0
-35.3628,146.9178,300.7,1.4,1.2,2014-04-21,0430,Aqua,MODIS,30,6.2,277.2,6.4,D,0
-35.6835,146.2962,308.8,1.3,1.1,2014-04-21,0430,Aqua,MODIS,31,6.2,283.5,9,D,0
-36.8237,145.1125,330,1.1,1,2014-04-21,0430,Aqua,MODIS,75,6.2,274.8,33.2,D,0
-36.4556,145.1604,317.4,1.1,1.1,2014-04-21,0430,Aqua,MODIS,76,6.2,283.1,18.8,D,0
-35.0156,146.845,316.2,1.4,1.2,2014-04-21,0430,Aqua,MODIS,76,6.2,280.9,25,D,0
-34.9406,147.5469,307,1.5,1.2,2014-04-21,0430,Aqua,MODIS,62,6.2,286.9,11.3,D,0
-36.8311,145.1273,316.8,1.1,1,2014-04-21,0430,Aqua,MODIS,73,6.2,273.4,17.2,D,0
-35.6735,146.2935,316.8,1.3,1.1,2014-04-21,0430,Aqua,MODIS,77,6.2,285.6,18.4,D,0
-34.9207,147.3497,330.4,1.5,1.2,2014-04-21,0430,Aqua,MODIS,87,6.2,282.4,51.2,D,0
-35.4162,146.5973,307.3,1.3,1.1,2014-04-21,0430,Aqua,MODIS,65,6.2,285.7,9.7,D,0
-34.8021,147.6085,308.8,1.6,1.2,2014-04-21,0430,Aqua,MODIS,68,6.2,291,13.3,D,0
-35.686,146.2821,309.3,1.3,1.1,2014-04-21,0430,Aqua,MODIS,35,6.2,283.7,9.5,D,0
-35.0184,146.8297,301.6,1.4,1.2,2014-04-21,0430,Aqua,MODIS,48,6.2,277.4,8.6,D,0
-35.2818,147.2168,302.1,1.5,1.2,2014-04-21,0430,Aqua,MODIS,44,6.2,269.3,12.7,D,0
-34.1455,147.6318,313.3,1.6,1.3,2014-04-21,0430,Aqua,MODIS,73,6.2,291.9,19.3,D,0
-35.8355,146.0251,301.8,1.2,1.1,2014-04-21,0430,Aqua,MODIS,49,6.2,275.5,8,D,0
-34.5078,144.7516,318.6,1.1,1.1,2014-04-21,0430,Aqua,MODIS,72,6.2,291.9,16.4,D,0
-35.36,146.933,317.3,1.4,1.2,2014-04-21,0430,Aqua,MODIS,77,6.2,277.3,25.5,D,0
-34.6245,148.1634,308.6,1.7,1.3,2014-04-21,0430,Aqua,MODIS,67,6.2,281.5,18.4,D,0
-34.2338,147.9502,306.6,1.7,1.3,2014-04-21,0430,Aqua,MODIS,47,6.2,287.9,10.8,D,0
-34.2271,147.9426,309.8,1.7,1.3,2014-04-21,0430,Aqua,MODIS,69,6.2,289,15.7,D,0
-34.1518,148.3946,306.7,1.8,1.3,2014-04-21,0430,Aqua,MODIS,61,6.2,286.6,15.6,D,0
-33.939,147.8602,304.4,1.7,1.3,2014-04-21,0430,Aqua,MODIS,58,6.2,287.2,9.1,D,0
-33.9425,147.8421,311.6,1.7,1.3,2014-04-21,0430,Aqua,MODIS,71,6.2,286.6,18.9,D,0
-30.4206,144.6125,320.4,1.3,1.1,2014-04-21,0431,Aqua,MODIS,69,6.2,296.9,14.7,D,0
-29.0227,148.7418,323.6,2.5,1.5,2014-04-21,0431,Aqua,MODIS,74,6.2,303.8,51,D,0
-30.4229,144.5992,315,1.3,1.1,2014-04-21,0431,Aqua,MODIS,55,6.2,297.2,7.4,D,0
-30.0871,152.7436,319.9,4.3,1.9,2014-04-21,0431,Aqua,MODIS,77,6.2,294,132,D,0
-30.0852,152.736,318.6,4.3,1.9,2014-04-21,0431,Aqua,MODIS,75,6.2,293.9,120.7,D,0
-29.0274,148.7484,323.4,2.5,1.5,2014-04-21,0431,Aqua,MODIS,58,6.2,303.4,47,D,0
-32.2226,145.9983,308.6,1.4,1.2,2014-04-21,0431,Aqua,MODIS,56,6.2,292.7,8,D,0
-30.1023,152.7404,307.4,4.3,1.9,2014-04-21,0431,Aqua,MODIS,41,6.2,293,46,D,0
-29.0092,148.738,329.3,2.5,1.5,2014-04-21,0431,Aqua,MODIS,80,6.2,304.7,72.8,D,0
-27.84,149.2888,312.8,2.9,1.6,2014-04-21,0432,Aqua,MODIS,33,6.2,301.2,22.4,D,0
-26.8181,148.6332,317.3,2.8,1.6,2014-04-21,0432,Aqua,MODIS,42,6.2,303.2,21.6,D,0
-23.5801,148.5358,316,3.2,1.7,2014-04-21,0433,Aqua,MODIS,56,6.2,303.4,36.3,D,0
-24.3402,148.5901,321.4,3.1,1.7,2014-04-21,0433,Aqua,MODIS,60,6.2,304.3,58.3,D,0
-24.3551,148.5939,321.1,3.1,1.7,2014-04-21,0433,Aqua,MODIS,50,6.2,303.4,53.6,D,0
-24.3569,148.5865,318.2,3.1,1.7,2014-04-21,0433,Aqua,MODIS,41,6.2,303.8,43.4,D,0
-23.5866,148.5047,328.9,3.2,1.7,2014-04-21,0433,Aqua,MODIS,80,6.2,304.5,108.1,D,0
-19.0145,127.6542,319,4.2,1.9,2014-04-21,0435,Aqua,MODIS,57,6.2,301.2,56.9,D,0
-16.465,132.3132,320.5,1.7,1.3,2014-04-21,0435,Aqua,MODIS,65,6.2,299.3,18.7,D,0
-16.5511,131.9416,319.4,1.8,1.3,2014-04-21,0435,Aqua,MODIS,36,6.2,301,14.3,D,0
-16.5531,131.9243,325.3,1.8,1.3,2014-04-21,0435,Aqua,MODIS,73,6.2,301.9,29.2,D,0
-16.5461,131.9358,323.7,1.8,1.3,2014-04-21,0435,Aqua,MODIS,71,6.2,301.1,27.1,D,0
-16.5482,131.9185,320.7,1.8,1.3,2014-04-21,0435,Aqua,MODIS,65,6.2,301.8,19.5,D,0
-16.5553,132.1141,328.8,1.8,1.3,2014-04-21,0435,Aqua,MODIS,78,6.2,304.5,35.7,D,0
-16.5492,132.1081,323.2,1.8,1.3,2014-04-21,0435,Aqua,MODIS,70,6.2,302.9,19.8,D,0
-16.5573,132.0973,321.8,1.8,1.3,2014-04-21,0435,Aqua,MODIS,67,6.2,304,16.7,D,0
-16.5453,131.9928,320.4,1.8,1.3,2014-04-21,0435,Aqua,MODIS,64,6.2,303.3,17,D,0
-18.5049,127.5301,317.6,4.2,1.9,2014-04-21,0435,Aqua,MODIS,45,6.2,302.7,38.7,D,0
-19.0205,127.6188,328.3,4.2,1.9,2014-04-21,0435,Aqua,MODIS,77,6.2,301.1,126.8,D,0
-19.0034,127.6171,322.8,4.2,1.9,2014-04-21,0435,Aqua,MODIS,69,6.2,301.3,83.7,D,0
-19.0183,127.6146,330.7,4.2,1.9,2014-04-21,0435,Aqua,MODIS,80,6.2,301.1,157.3,D,0
-19.0068,127.5774,336,4.2,1.9,2014-04-21,0435,Aqua,MODIS,85,6.2,300.2,217.7,D,0
-19.0048,127.5733,335.1,4.2,1.9,2014-04-21,0435,Aqua,MODIS,84,6.2,300.3,205,D,0
-19.0086,127.5326,317.3,4.3,1.9,2014-04-21,0435,Aqua,MODIS,19,6.2,299.4,37.4,D,0
-18.9705,127.5696,317.4,4.2,1.9,2014-04-21,0435,Aqua,MODIS,15,6.2,298.4,39.3,D,0
-16.4246,132.3567,325.7,1.7,1.3,2014-04-21,0436,Aqua,MODIS,75,6.2,302.6,28.2,D,0
-16.4005,132.3789,326.6,1.7,1.3,2014-04-21,0436,Aqua,MODIS,59,6.2,302.3,27.8,D,0
-16.4024,132.3631,336.1,1.7,1.3,2014-04-21,0436,Aqua,MODIS,85,6.2,302.7,55.8,D,0
-16.3794,132.36,329.7,1.7,1.3,2014-04-21,0436,Aqua,MODIS,80,6.2,300.2,40.3,D,0
-16.4275,132.3502,326.3,1.7,1.3,2014-04-21,0436,Aqua,MODIS,75,6.2,302.8,28.1,D,0
-16.5226,131.7201,327.5,1.9,1.3,2014-04-21,0436,Aqua,MODIS,49,6.2,292.8,40.3,D,0
-14.5443,132.1584,319.3,1.7,1.3,2014-04-21,0436,Aqua,MODIS,48,6.2,295.4,18.9,D,0
-15.0538,132.5651,324.5,1.6,1.2,2014-04-21,0436,Aqua,MODIS,72,6.2,297.6,26.5,D,0
-13.8727,131.3278,347,1.9,1.3,2014-04-21,0436,Aqua,MODIS,93,6.2,293.8,118.8,D,0
-13.875,131.8504,331.1,1.7,1.3,2014-04-21,0436,Aqua,MODIS,83,6.2,294.2,48.9,D,0
-16.2563,131.9668,322.6,1.8,1.3,2014-04-21,0436,Aqua,MODIS,43,6.2,300.6,19.9,D,0
-13.5682,132.0271,328.2,1.6,1.3,2014-04-21,0436,Aqua,MODIS,80,6.2,297.8,30.9,D,0
-14.0209,132.1466,317.4,1.6,1.3,2014-04-21,0436,Aqua,MODIS,66,6.2,292.6,16.7,D,0
-13.7679,131.5294,315.5,1.8,1.3,2014-04-21,0436,Aqua,MODIS,57,6.2,294.5,13.6,D,0
-16.0855,132.0684,331.3,1.8,1.3,2014-04-21,0436,Aqua,MODIS,82,6.2,297.9,50.7,D,0
-16.3214,132.3792,319.3,1.7,1.3,2014-04-21,0436,Aqua,MODIS,62,6.2,300.6,17.4,D,0
-13.6494,131.5605,318.6,1.8,1.3,2014-04-21,0436,Aqua,MODIS,45,6.2,295.4,15.1,D,0
-16.3181,132.384,321.5,1.7,1.3,2014-04-21,0436,Aqua,MODIS,60,6.2,301.3,21.2,D,0
-13.6474,131.5768,319.6,1.8,1.3,2014-04-21,0436,Aqua,MODIS,66,6.2,297.2,18.2,D,0
-13.6591,131.5784,320.5,1.8,1.3,2014-04-21,0436,Aqua,MODIS,60,6.2,297.8,19.3,D,0
-16.2804,131.9248,322.9,1.8,1.3,2014-04-21,0436,Aqua,MODIS,35,6.2,299.4,21.7,D,0
-13.6416,131.5264,316.2,1.8,1.3,2014-04-21,0436,Aqua,MODIS,55,6.2,294.9,12.8,D,0
-13.5833,131.9984,325,1.6,1.3,2014-04-21,0436,Aqua,MODIS,65,6.2,298.8,23.2,D,0
-16.2862,131.9188,322.4,1.8,1.3,2014-04-21,0436,Aqua,MODIS,51,6.2,298,21.1,D,0
-13.8731,131.8661,322,1.7,1.3,2014-04-21,0436,Aqua,MODIS,73,6.2,293,25.8,D,0
-13.5719,131.997,333,1.6,1.3,2014-04-21,0436,Aqua,MODIS,84,6.2,297.5,43.9,D,0
-13.5701,132.0121,355,1.6,1.3,2014-04-21,0436,Aqua,MODIS,97,6.2,298.2,127.4,D,0
-16.083,132.058,324.1,1.8,1.3,2014-04-21,0436,Aqua,MODIS,70,6.2,299.5,29.9,D,0
-16.0811,132.0746,324.1,1.8,1.3,2014-04-21,0436,Aqua,MODIS,69,6.2,297.5,30.1,D,0
-15.5393,131.2344,327,2,1.4,2014-04-21,0436,Aqua,MODIS,79,6.2,298.1,33.3,D,0
-15.5378,131.2292,326.2,2,1.4,2014-04-21,0436,Aqua,MODIS,77,6.2,298.7,32.6,D,0
-14.1264,130.2996,314.1,2.3,1.5,2014-04-21,0436,Aqua,MODIS,56,6.2,294.5,16,D,0
-33.3104,118.1441,328.4,1,1,2014-04-21,0609,Aqua,MODIS,82,6.2,303.6,19.6,D,0
-33.5966,118.1295,320.1,1,1,2014-04-21,0609,Aqua,MODIS,36,6.2,303,10.1,D,0
-33.5896,118.1212,324.8,1,1,2014-04-21,0609,Aqua,MODIS,79,6.2,301.9,16,D,0
-33.5034,120.0298,345.2,1.2,1.1,2014-04-21,0609,Aqua,MODIS,71,6.2,290.4,62.8,D,0
-33.3013,118.1421,335.2,1,1,2014-04-21,0609,Aqua,MODIS,87,6.2,304.2,29.4,D,0
-33.3029,118.1311,322.2,1,1,2014-04-21,0609,Aqua,MODIS,76,6.2,304,12.7,D,0
-33.5013,120.0424,354.8,1.2,1.1,2014-04-21,0609,Aqua,MODIS,92,6.2,296.8,89.8,D,0
-33.0968,117.6613,319.5,1,1,2014-04-21,0610,Aqua,MODIS,68,6.2,298.7,11.9,D,0
-31.7657,116.638,319.3,1,1,2014-04-21,0610,Aqua,MODIS,66,6.2,306.2,7.2,D,0
-33.1288,118.1258,325.2,1,1,2014-04-21,0610,Aqua,MODIS,78,6.2,303.7,15.6,D,0
-31.5915,116.6992,319.4,1,1,2014-04-21,0610,Aqua,MODIS,65,6.2,304.9,7.7,D,0
-31.9154,116.8108,321.7,1,1,2014-04-21,0610,Aqua,MODIS,72,6.2,306.3,10.2,D,0
-31.9502,116.6981,317.3,1,1,2014-04-21,0610,Aqua,MODIS,63,6.2,304,6.5,D,0
-33.1305,118.1148,315.6,1,1,2014-04-21,0610,Aqua,MODIS,48,6.2,301,5.5,D,0
-32.8546,117.7984,316.1,1,1,2014-04-21,0610,Aqua,MODIS,65,6.2,303.7,6,D,0
-32.8562,117.7875,316.7,1,1,2014-04-21,0610,Aqua,MODIS,66,6.2,303.1,6.5,D,0
-32.0045,118.5239,326.1,1.1,1,2014-04-21,0610,Aqua,MODIS,77,6.2,304.8,16.9,D,0
-33.1197,118.1238,317.2,1,1,2014-04-21,0610,Aqua,MODIS,60,6.2,303.1,7.7,D,0
-31.9517,116.6875,317.2,1,1,2014-04-21,0610,Aqua,MODIS,63,6.2,304.9,6.2,D,0
-31.9169,116.8002,317.2,1,1,2014-04-21,0610,Aqua,MODIS,61,6.2,304.8,5.9,D,0
-31.6056,116.6653,330,1,1,2014-04-21,0610,Aqua,MODIS,81,6.2,306,18.9,D,0
-31.604,116.6759,321,1,1,2014-04-21,0610,Aqua,MODIS,69,6.2,303.8,8.7,D,0
-32.0063,118.5125,321.2,1.1,1,2014-04-21,0610,Aqua,MODIS,71,6.2,304.6,11,D,0
-30.528,116.2963,320.9,1,1,2014-04-21,0610,Aqua,MODIS,64,6.2,305,7.9,D,0
-30.8897,116.338,322.4,1,1,2014-04-21,0610,Aqua,MODIS,69,6.2,306.6,8.7,D,0
-32.6421,119.5928,321.6,1.2,1.1,2014-04-21,0610,Aqua,MODIS,75,6.2,302,14.7,D,0
-32.6441,119.5806,322.3,1.2,1.1,2014-04-21,0610,Aqua,MODIS,76,6.2,303.3,15.4,D,0
-30.1588,116.5592,324.8,1,1,2014-04-21,0610,Aqua,MODIS,72,6.2,304.2,12,D,0
-31.1692,118.0935,325.9,1.1,1,2014-04-21,0610,Aqua,MODIS,75,6.2,307.8,15.8,D,0
-31.129,117.8855,323.8,1,1,2014-04-21,0610,Aqua,MODIS,72,6.2,304.6,12.9,D,0
-30.0523,116.5365,327.2,1,1,2014-04-21,0610,Aqua,MODIS,77,6.2,307.6,14.9,D,0
-32.6068,117.4267,318.2,1,1,2014-04-21,0610,Aqua,MODIS,57,6.2,302.3,7.7,D,0
-32.6548,118.317,344.2,1,1,2014-04-21,0610,Aqua,MODIS,92,6.2,305,45.3,D,0
-31.1579,115.5379,348.7,1,1,2014-04-21,0610,Aqua,MODIS,94,6.2,304.2,53.7,D,0
-32.7643,117.4212,313.7,1,1,2014-04-21,0610,Aqua,MODIS,47,6.2,301.2,4.3,D,0
-31.8511,117.0595,327.5,1,1,2014-04-21,0610,Aqua,MODIS,79,6.2,306.5,15.3,D,0
-32.7537,117.43,331,1,1,2014-04-21,0610,Aqua,MODIS,84,6.2,301.4,21.8,D,0
-32.6566,118.3059,358.8,1,1,2014-04-21,0610,Aqua,MODIS,99,6.2,307.8,79.9,D,0
-32.7553,117.4193,339.9,1,1,2014-04-21,0610,Aqua,MODIS,90,6.2,303.4,35.2,D,0
-31.0386,116.0725,318.8,1,1,2014-04-21,0610,Aqua,MODIS,60,6.2,306.8,6.8,D,0
-32.6052,117.4374,324.2,1,1,2014-04-21,0610,Aqua,MODIS,77,6.2,301.2,13.4,D,0
-32.0438,116.6911,329.9,1,1,2014-04-21,0610,Aqua,MODIS,82,6.2,305.1,18.9,D,0
-32.0423,116.7017,318,1,1,2014-04-21,0610,Aqua,MODIS,40,6.2,303.1,5.8,D,0
-30.1004,116.0765,323,1,1,2014-04-21,0610,Aqua,MODIS,70,6.2,306.8,10.2,D,0
-32.8133,117.527,313.2,1,1,2014-04-21,0610,Aqua,MODIS,44,6.2,301.6,3.9,D,0
-31.8421,117.0576,323.1,1,1,2014-04-21,0610,Aqua,MODIS,74,6.2,305.3,11,D,0
-30.0646,116.1973,325.4,1,1,2014-04-21,0610,Aqua,MODIS,74,6.2,306.3,12.8,D,0
-30.5817,115.9855,326.9,1,1,2014-04-21,0610,Aqua,MODIS,76,6.2,307.9,14.6,D,0
-30.7732,116.7561,320.5,1,1,2014-04-21,0610,Aqua,MODIS,65,6.2,307.2,6.9,D,0
-30.0631,116.2077,321.3,1,1,2014-04-21,0610,Aqua,MODIS,67,6.2,305.8,8.5,D,0
-32.7357,117.0565,315,1,1,2014-04-21,0610,Aqua,MODIS,63,6.2,300.9,6.3,D,0
-30.1988,115.5673,321.1,1,1,2014-04-21,0610,Aqua,MODIS,66,6.2,305.8,8.9,D,0
-30.7716,116.7666,321,1,1,2014-04-21,0610,Aqua,MODIS,66,6.2,306.6,7.7,D,0
-31.1307,117.8746,327.6,1,1,2014-04-21,0610,Aqua,MODIS,77,6.2,306.3,17.5,D,0
-30.6968,116.8432,324.8,1,1,2014-04-21,0610,Aqua,MODIS,73,6.2,307.2,12,D,0
-30.8435,116.9067,328.2,1,1,2014-04-21,0610,Aqua,MODIS,77,6.2,307.2,16.1,D,0
-31.1565,115.5485,315.5,1,1,2014-04-21,0610,Aqua,MODIS,47,6.2,301.9,6.4,D,0
-30.6304,116.0981,327.3,1,1,2014-04-21,0610,Aqua,MODIS,76,6.2,306.9,13.3,D,0
-30.6319,116.0877,332.9,1,1,2014-04-21,0610,Aqua,MODIS,82,6.2,308.2,20.5,D,0
-32.7605,116.8858,319,1,1,2014-04-21,0610,Aqua,MODIS,68,6.2,303.9,9.6,D,0
-32.6143,117.4393,325.1,1,1,2014-04-21,0610,Aqua,MODIS,70,6.2,303.2,13.9,D,0
-32.7515,116.8839,317.2,1,1,2014-04-21,0610,Aqua,MODIS,60,6.2,302.8,8.2,D,0
-30.5265,116.3067,321.9,1,1,2014-04-21,0610,Aqua,MODIS,67,6.2,306.2,9.1,D,0
-30.5802,115.996,335.3,1,1,2014-04-21,0610,Aqua,MODIS,85,6.2,309.4,25.6,D,0
-29.4991,115.5158,321.3,1,1,2014-04-21,0611,Aqua,MODIS,66,6.2,306.1,8.3,D,0
-29.1105,115.9885,325.8,1,1,2014-04-21,0611,Aqua,MODIS,73,6.2,302.3,14.3,D,0
-29.109,115.9988,328.9,1,1,2014-04-21,0611,Aqua,MODIS,77,6.2,303.5,17.8,D,0
-28.5327,114.8742,331.5,1,1,2014-04-21,0611,Aqua,MODIS,82,6.2,305.9,20.3,D,0
-28.8144,115.0233,321.5,1,1,2014-04-21,0611,Aqua,MODIS,62,6.2,304.3,8.2,D,0
-29.1927,115.0093,320,1,1,2014-04-21,0611,Aqua,MODIS,60,6.2,304.9,7.8,D,0
-28.5341,114.8639,327.3,1,1,2014-04-21,0611,Aqua,MODIS,78,6.2,305.4,15,D,0
-29.1913,115.0197,326.5,1,1,2014-04-21,0611,Aqua,MODIS,74,6.2,305.4,14.6,D,0
-28.7165,114.9405,326.7,1,1,2014-04-21,0611,Aqua,MODIS,74,6.2,304.7,14,D,0
-28.718,114.9301,320.1,1,1,2014-04-21,0611,Aqua,MODIS,56,6.2,304.2,7.1,D,0
-28.7075,114.9389,330.9,1,1,2014-04-21,0611,Aqua,MODIS,80,6.2,305.1,19.6,D,0
-28.7089,114.9285,322.6,1,1,2014-04-21,0611,Aqua,MODIS,67,6.2,303.8,9.9,D,0
-21.8191,119.6605,332.7,1.8,1.3,2014-04-21,0612,Aqua,MODIS,76,6.2,311.5,37.8,D,0
-23.5976,116.1596,333.4,1.1,1,2014-04-21,0612,Aqua,MODIS,72,6.2,315.7,15.5,D,0
-22.822,120.1098,324.4,1.8,1.3,2014-04-21,0612,Aqua,MODIS,52,6.2,310.5,13.8,D,0
-16.7904,123.9254,314.3,4.6,2,2014-04-21,0614,Aqua,MODIS,35,6.2,297.5,56.4,D,0
-16.7901,123.9344,315.3,4.6,2,2014-04-21,0614,Aqua,MODIS,38,6.2,297.1,60,D,0
-30.0859,152.7392,302,1.6,1.2,2014-04-21,1218,Terra,MODIS,46,6.2,284.4,12.1,N,0
-26.3798,149.527,301.5,2.3,1.5,2014-04-21,1219,Terra,MODIS,41,6.2,289.6,18.3,N,0
-32.9955,137.5861,301.1,1.3,1.1,2014-04-21,1355,Terra,MODIS,38,6.2,289.1,6.5,N,0
-21.1035,119.7727,319.2,4.6,2,2014-04-21,1359,Terra,MODIS,98,6.2,294.1,143.5,N,0
-21.107,119.7283,306.3,4.6,2,2014-04-21,1359,Terra,MODIS,68,6.2,294.6,51,N,0
-21.1041,119.7659,322.2,4.6,2,2014-04-21,1359,Terra,MODIS,100,6.2,294.2,170,N,0
-18.8696,127.5442,300.9,1.2,1.1,2014-04-21,1359,Terra,MODIS,36,6.2,289.7,6.3,N,0
-15.7243,125.6535,317.9,1.4,1.2,2014-04-21,1400,Terra,MODIS,96,6.2,295.8,23.8,N,0
-15.726,125.6401,309.9,1.4,1.2,2014-04-21,1400,Terra,MODIS,79,6.2,294.9,12.4,N,0
-15.6761,125.6057,308,1.4,1.2,2014-04-21,1400,Terra,MODIS,44,6.2,294.4,10.3,N,0
-15.6722,125.5997,309.8,1.4,1.2,2014-04-21,1400,Terra,MODIS,78,6.2,294.9,12.8,N,0
-15.6779,130.8299,306.7,1,1,2014-04-21,1400,Terra,MODIS,65,6.2,294.6,5.4,N,0
-15.5282,131.2177,306.5,1.1,1,2014-04-21,1400,Terra,MODIS,65,6.2,292.9,5.3,N,0
-16.6378,126.135,305.3,1.4,1.2,2014-04-21,1400,Terra,MODIS,62,6.2,293.8,9.3,N,0
-16.9801,124.8076,308.8,1.7,1.3,2014-04-21,1400,Terra,MODIS,76,6.2,296,13.7,N,0
-16.6394,126.1222,306.4,1.4,1.2,2014-04-21,1400,Terra,MODIS,68,6.2,294.4,10.7,N,0
-16.2523,131.9754,301.4,1.1,1.1,2014-04-21,1400,Terra,MODIS,41,6.2,290.2,4.5,N,0
-15.5267,131.2275,304.2,1.1,1,2014-04-21,1400,Terra,MODIS,54,6.2,292.8,3.6,N,0
-16.2552,127.8391,306.8,1.1,1,2014-04-21,1400,Terra,MODIS,69,6.2,295.7,6.2,N,0
-16.3688,125.151,307.6,1.6,1.2,2014-04-21,1400,Terra,MODIS,72,6.2,295.9,10.4,N,0
-16.3688,125.1576,310.6,1.6,1.2,2014-04-21,1400,Terra,MODIS,80,6.2,296,13.8,N,0
-14.1409,127.5392,305,1.1,1,2014-04-21,1401,Terra,MODIS,62,6.2,291.2,5.2,N,0
-14.1396,127.549,303.9,1.1,1,2014-04-21,1401,Terra,MODIS,57,6.2,291.4,4.3,N,0
-26.7941,150.2041,303.6,1.2,1.1,2014-04-21,1530,Aqua,MODIS,56,6.2,288.7,9.1,N,0
-26.3842,149.5258,303.9,1.1,1,2014-04-21,1530,Aqua,MODIS,58,6.2,289.1,8.3,N,0
-14.1443,127.5445,301.4,1.1,1.1,2014-04-21,1705,Aqua,MODIS,41,6.2,290.1,3.4,N,0
-15.7264,125.6584,307,1,1,2014-04-21,1706,Aqua,MODIS,31,6.2,294.6,5.8,N,0
-15.69,125.5974,309.6,1,1,2014-04-21,1706,Aqua,MODIS,78,6.2,294.7,8,N,0
-15.7341,125.6478,311.8,1,1,2014-04-21,1706,Aqua,MODIS,77,6.2,294.9,8.5,N,0
-15.8629,125.5207,304.7,1,1,2014-04-21,1706,Aqua,MODIS,61,6.2,294,4.5,N,0
-16.6827,124.6468,307.3,1,1,2014-04-21,1706,Aqua,MODIS,71,6.2,295.5,5.8,N,0
-16.7965,123.9314,305.5,1,1,2014-04-21,1706,Aqua,MODIS,64,6.2,294.8,6.1,N,0
-16.6744,124.0358,305.5,1,1,2014-04-21,1706,Aqua,MODIS,65,6.2,294.3,6.5,N,0
-30.8602,121.4948,313.2,1,1,2014-04-21,1710,Aqua,MODIS,87,6.2,284.4,15,N,2
-34.0944,118.0138,307.3,1.1,1.1,2014-04-21,1711,Aqua,MODIS,71,6.2,278.4,13.9,N,0
-34.0924,118.0017,327.3,1.1,1.1,2014-04-21,1711,Aqua,MODIS,100,6.2,279.9,35.4,N,0
-34.1019,117.9994,302.4,1.1,1.1,2014-04-21,1711,Aqua,MODIS,49,6.2,279.1,10.5,N,0
-33.1911,119.968,303.9,1,1,2014-04-21,1711,Aqua,MODIS,58,6.2,278.4,9.9,N,0
-33.7424,119.6521,338,1,1,2014-04-21,1711,Aqua,MODIS,100,6.2,282.1,45.8,N,0
-33.7441,119.663,315.3,1,1,2014-04-21,1711,Aqua,MODIS,91,6.2,280.6,18.1,N,0
-33.7333,119.6541,315.8,1,1,2014-04-21,1711,Aqua,MODIS,92,6.2,279,18.8,N,0
-33.4499,121.2165,303,1,1,2014-04-21,1711,Aqua,MODIS,47,6.2,278.1,9,N,0
-33.4323,121.7396,307.9,1,1,2014-04-21,1711,Aqua,MODIS,73,6.2,278.8,12.8,N,0
-33.4338,121.7505,309.4,1,1,2014-04-21,1711,Aqua,MODIS,77,6.2,280.8,13.9,N,0
-15.5224,131.2005,314.2,4.7,2,2014-04-22,0052,Terra,MODIS,60,6.2,283.2,71.3,D,0
-15.5212,131.1955,312.7,4.7,2,2014-04-22,0052,Terra,MODIS,54,6.2,283.3,60.1,D,0
-17.1834,135.847,319.8,2,1.4,2014-04-22,0052,Terra,MODIS,69,6.2,302.6,21.4,D,0
-26.5703,148.9083,321.4,3.1,1.7,2014-04-22,0054,Terra,MODIS,74,6.2,298.5,72.7,D,0
-34.2048,147.3906,308.3,3,1.6,2014-04-22,0056,Terra,MODIS,59,6.2,292.9,31.5,D,0
-34.2037,147.3853,309.8,3,1.6,2014-04-22,0056,Terra,MODIS,65,6.2,293.1,36.3,D,0
-34.2551,146.8054,310.7,2.7,1.6,2014-04-22,0056,Terra,MODIS,66,6.2,293.6,28.3,D,0
-34.2531,146.8123,309.7,2.7,1.6,2014-04-22,0056,Terra,MODIS,64,6.2,293.2,25.7,D,0
-34.1118,141.0232,316.7,1.2,1.1,2014-04-22,0057,Terra,MODIS,60,6.2,295.5,13,D,0
-34.4567,137.6235,308,1,1,2014-04-22,0057,Terra,MODIS,62,6.2,291.6,6.5,D,0
-34.1293,138.0246,309.9,1,1,2014-04-22,0057,Terra,MODIS,43,6.2,293.2,5,D,0
-34.0888,141.0002,317,1.2,1.1,2014-04-22,0057,Terra,MODIS,72,6.2,294.8,14.3,D,0
-34.0904,141.0134,318.4,1.2,1.1,2014-04-22,0057,Terra,MODIS,74,6.2,295.1,16.1,D,0
-34.1367,138.017,318.2,1,1,2014-04-22,0057,Terra,MODIS,76,6.2,293.2,12.6,D,0
-15.9551,125.6323,317.7,2.9,1.6,2014-04-22,0230,Terra,MODIS,49,6.2,299.1,38.5,D,0
-15.9556,125.6257,317.1,2.9,1.6,2014-04-22,0230,Terra,MODIS,54,6.2,298.7,37.1,D,0
-15.7158,125.6432,315,2.9,1.6,2014-04-22,0230,Terra,MODIS,54,6.2,294.5,30.7,D,0
-15.7188,125.6706,313.5,2.9,1.6,2014-04-22,0230,Terra,MODIS,29,6.2,297.1,24.9,D,0
-15.7304,125.6412,316.5,2.9,1.6,2014-04-22,0230,Terra,MODIS,59,6.2,295.8,37.4,D,0
-16.8487,125.3908,315.9,2.9,1.6,2014-04-22,0230,Terra,MODIS,39,6.2,302.3,23,D,0
-16.8525,125.4102,317,2.9,1.6,2014-04-22,0230,Terra,MODIS,59,6.2,303.5,29.2,D,0
-16.6387,126.118,317.6,3.3,1.7,2014-04-22,0230,Terra,MODIS,66,6.2,301.1,45.1,D,0
-16.6422,126.1231,315.3,3.3,1.7,2014-04-22,0230,Terra,MODIS,55,6.2,300.9,33.2,D,0
-16.6262,124.3976,314.4,2.4,1.5,2014-04-22,0230,Terra,MODIS,36,6.2,301.1,18.9,D,0
-16.3468,125.1797,324.1,2.7,1.6,2014-04-22,0230,Terra,MODIS,75,6.2,301,58,D,0
-16.3407,125.1604,316.9,2.7,1.6,2014-04-22,0230,Terra,MODIS,63,6.2,300.9,30.6,D,0
-16.3435,125.1853,322.5,2.7,1.6,2014-04-22,0230,Terra,MODIS,73,6.2,301.5,54.2,D,0
-17.0511,124.0082,339.5,2.3,1.5,2014-04-22,0231,Terra,MODIS,83,6.2,305,102.2,D,0
-17.3791,125.8396,320,3.2,1.7,2014-04-22,0231,Terra,MODIS,65,6.2,302.7,43.3,D,0
-17.1433,123.9974,323,2.3,1.5,2014-04-22,0231,Terra,MODIS,70,6.2,305,34.5,D,0
-17.1402,123.9922,325.1,2.3,1.5,2014-04-22,0231,Terra,MODIS,74,6.2,305,41.7,D,0
-17.0545,124.0146,344.9,2.3,1.5,2014-04-22,0231,Terra,MODIS,92,6.2,305.1,133.3,D,0
-17.1248,123.9725,328.7,2.3,1.5,2014-04-22,0231,Terra,MODIS,79,6.2,304.3,52.1,D,0
-17.0535,124.0296,326.4,2.3,1.5,2014-04-22,0231,Terra,MODIS,70,6.2,304.5,43,D,0
-17.0667,124.028,322.8,2.3,1.5,2014-04-22,0231,Terra,MODIS,65,6.2,304.6,32,D,0
-17.057,124.0359,325,2.3,1.5,2014-04-22,0231,Terra,MODIS,44,6.2,304.5,36.8,D,0
-17.069,124.0495,319.3,2.3,1.5,2014-04-22,0231,Terra,MODIS,64,6.2,304.6,23.2,D,0
-17.376,125.8093,322.1,3.2,1.7,2014-04-22,0231,Terra,MODIS,69,6.2,302.8,53.1,D,0
-17.1277,123.9776,328.3,2.3,1.5,2014-04-22,0231,Terra,MODIS,68,6.2,304.9,49.9,D,0
-29.2705,115.223,317.3,1,1,2014-04-22,0234,Terra,MODIS,71,6.2,301.2,8.7,D,0
-30.1601,115.5448,320.6,1,1,2014-04-22,0234,Terra,MODIS,68,6.2,304.6,10.5,D,0
-29.8644,116.072,322.3,1.1,1,2014-04-22,0234,Terra,MODIS,51,6.2,304.7,11.4,D,0
-29.8769,116.0524,318.3,1.1,1,2014-04-22,0234,Terra,MODIS,66,6.2,302.5,8,D,0
-29.8723,116.0592,343.2,1.1,1,2014-04-22,0234,Terra,MODIS,91,6.2,304.2,43.7,D,0
-30.1762,116.577,334.3,1.1,1.1,2014-04-22,0234,Terra,MODIS,85,6.2,301.4,31.6,D,0
-29.5711,115.9365,316.4,1.1,1,2014-04-22,0234,Terra,MODIS,66,6.2,303.2,6.5,D,0
-30.1666,116.5785,327.4,1.1,1.1,2014-04-22,0234,Terra,MODIS,79,6.2,301.7,20,D,0
-30.5176,115.6145,325.3,1.1,1,2014-04-22,0234,Terra,MODIS,77,6.2,302.3,16.3,D,0
-29.0618,115.1121,324.4,1,1,2014-04-22,0234,Terra,MODIS,72,6.2,286.5,19.1,D,0
-29.9742,115.9496,314.5,1.1,1,2014-04-22,0234,Terra,MODIS,48,6.2,302.5,6.2,D,0
-30.1777,116.5888,323.9,1.1,1.1,2014-04-22,0234,Terra,MODIS,75,6.2,301.3,15.5,D,0
-28.846,114.8878,337.7,1,1,2014-04-22,0234,Terra,MODIS,89,6.2,304.1,32.5,D,0
-32.2427,117.0267,333.5,1.3,1.1,2014-04-22,0235,Terra,MODIS,86,6.2,301.3,36.2,D,0
-32.2198,117.6128,317,1.3,1.1,2014-04-22,0235,Terra,MODIS,71,6.2,300.8,12,D,0
-30.9029,115.6817,315.2,1.1,1,2014-04-22,0235,Terra,MODIS,60,6.2,302.2,5.7,D,0
-32.2311,117.0149,321.9,1.3,1.1,2014-04-22,0235,Terra,MODIS,76,6.2,302.6,18,D,0
-32.2411,117.0133,365.7,1.3,1.1,2014-04-22,0235,Terra,MODIS,100,6.2,304.6,133,D,0
-32.2214,117.6271,346.2,1.3,1.2,2014-04-22,0235,Terra,MODIS,94,6.2,304.4,74.1,D,0
-31.0656,117.0279,322.8,1.2,1.1,2014-04-22,0235,Terra,MODIS,70,6.2,302.9,16.4,D,0
-31.0672,117.0406,331.6,1.2,1.1,2014-04-22,0235,Terra,MODIS,63,6.2,304.1,30.4,D,0
-31.2407,116.8836,318.3,1.2,1.1,2014-04-22,0235,Terra,MODIS,68,6.2,302.8,10.4,D,0
-30.7175,115.7377,316.3,1.1,1,2014-04-22,0235,Terra,MODIS,62,6.2,299.7,8.1,D,0
-31.1168,116.1353,327,1.1,1.1,2014-04-22,0235,Terra,MODIS,79,6.2,303.8,20.3,D,0
-31.297,116.189,313.9,1.1,1.1,2014-04-22,0235,Terra,MODIS,42,6.2,302.6,7.8,D,0
-31.2081,116.622,321.2,1.2,1.1,2014-04-22,0235,Terra,MODIS,72,6.2,303.9,14.6,D,0
-33.0484,121.9949,308.1,2.6,1.6,2014-04-22,0235,Terra,MODIS,29,6.2,296.2,21.5,D,0
-33.0441,122.0008,308.2,2.6,1.6,2014-04-22,0235,Terra,MODIS,7,6.2,296.7,19.4,D,0
-32.0244,116.8986,317,1.2,1.1,2014-04-22,0235,Terra,MODIS,68,6.2,301.2,10,D,0
-32.026,116.9117,350.4,1.2,1.1,2014-04-22,0235,Terra,MODIS,95,6.2,303.8,75.2,D,0
-31.8188,117.0436,315.2,1.2,1.1,2014-04-22,0235,Terra,MODIS,63,6.2,303.7,7.3,D,0
-31.8172,117.0305,316.8,1.2,1.1,2014-04-22,0235,Terra,MODIS,67,6.2,303.4,9.1,D,0
-32.0554,117.9616,319.2,1.4,1.2,2014-04-22,0235,Terra,MODIS,73,6.2,301.3,17,D,0
-32.155,117.9409,318.1,1.4,1.2,2014-04-22,0235,Terra,MODIS,72,6.2,299.8,16,D,0
-32.1395,116.9275,332.8,1.2,1.1,2014-04-22,0235,Terra,MODIS,86,6.2,302.8,35.3,D,0
-32.1411,116.9407,316.4,1.2,1.1,2014-04-22,0235,Terra,MODIS,69,6.2,301.5,10.3,D,0
-32.4721,117.6141,313.7,1.4,1.2,2014-04-22,0235,Terra,MODIS,65,6.2,300.2,9.1,D,0
-32.4826,117.6125,312.1,1.4,1.2,2014-04-22,0235,Terra,MODIS,53,6.2,299.8,6.9,D,0
-32.2318,117.6256,334.7,1.3,1.2,2014-04-22,0235,Terra,MODIS,87,6.2,300.2,43.9,D,0
-31.7109,116.4136,313.4,1.2,1.1,2014-04-22,0235,Terra,MODIS,52,6.2,298,8.4,D,0
-31.5459,117.3086,340.8,1.3,1.1,2014-04-22,0235,Terra,MODIS,90,6.2,303.8,52.5,D,0
-33.9406,118.2679,339.9,1.5,1.2,2014-04-22,0235,Terra,MODIS,85,6.2,298.9,72.5,D,0
-33.9436,118.4053,338,1.6,1.2,2014-04-22,0235,Terra,MODIS,89,6.2,297,68.5,D,0
-31.828,117.2043,349.9,1.3,1.1,2014-04-22,0235,Terra,MODIS,95,6.2,304.8,77,D,0
-33.9577,117.4836,316.8,1.4,1.2,2014-04-22,0235,Terra,MODIS,73,6.2,294,16.6,D,0
-32.8449,117.7879,314.7,1.4,1.2,2014-04-22,0235,Terra,MODIS,68,6.2,298.9,12.2,D,0
-31.6489,116.5696,320.3,1.2,1.1,2014-04-22,0235,Terra,MODIS,72,6.2,301.3,14,D,0
-31.6505,116.582,342.3,1.2,1.1,2014-04-22,0235,Terra,MODIS,91,6.2,304.1,51.4,D,0
-31.6587,116.5679,337.3,1.2,1.1,2014-04-22,0235,Terra,MODIS,88,6.2,301,40.2,D,0
-31.6602,116.5804,367,1.2,1.1,2014-04-22,0235,Terra,MODIS,100,6.2,306.2,125.9,D,0
-31.5981,117.6641,322.1,1.3,1.1,2014-04-22,0235,Terra,MODIS,75,6.2,303,18,D,0
-33.0857,117.2138,312.2,1.3,1.1,2014-04-22,0235,Terra,MODIS,41,6.2,299.9,8.4,D,0
-33.084,117.1997,311.9,1.3,1.1,2014-04-22,0235,Terra,MODIS,43,6.2,297.9,8.2,D,0
-31.9722,117.1418,313.8,1.3,1.1,2014-04-22,0235,Terra,MODIS,62,6.2,302.2,8.5,D,0
-31.9614,117.2257,312.8,1.3,1.1,2014-04-22,0235,Terra,MODIS,45,6.2,302,7.2,D,0
-31.9583,117.3794,315.7,1.3,1.1,2014-04-22,0235,Terra,MODIS,67,6.2,300.8,10.2,D,0
-33.7962,117.5289,312.3,1.4,1.2,2014-04-22,0235,Terra,MODIS,65,6.2,296.9,9.7,D,0
-33.7922,117.5362,327,1.4,1.2,2014-04-22,0235,Terra,MODIS,82,6.2,297.6,32.9,D,0
-33.0737,117.2013,311.8,1.3,1.1,2014-04-22,0235,Terra,MODIS,36,6.2,297.9,7.6,D,0
-33.7904,117.5211,314,1.4,1.2,2014-04-22,0235,Terra,MODIS,68,6.2,297.4,12.2,D,0
-31.5577,117.3205,339.9,1.3,1.1,2014-04-22,0235,Terra,MODIS,90,6.2,301.7,50.7,D,0
-31.7636,116.8406,335.7,1.2,1.1,2014-04-22,0235,Terra,MODIS,87,6.2,308.2,35.8,D,0
-31.7735,116.8389,408.8,1.2,1.1,2014-04-22,0235,Terra,MODIS,100,6.2,313.3,399.5,D,0
-31.7751,116.8517,346.1,1.2,1.1,2014-04-22,0235,Terra,MODIS,93,6.2,307.9,59.8,D,0
-31.5491,117.3355,316.6,1.3,1.1,2014-04-22,0235,Terra,MODIS,66,6.2,302.5,10,D,0
-31.5475,117.3221,384.8,1.3,1.1,2014-04-22,0235,Terra,MODIS,100,6.2,308.8,237.9,D,0
-31.8696,116.7129,327.6,1.2,1.1,2014-04-22,0235,Terra,MODIS,81,6.2,300.6,24.7,D,0
-31.8598,116.7145,320.2,1.2,1.1,2014-04-22,0235,Terra,MODIS,72,6.2,302.2,15,D,0
-33.8281,120.1658,313.3,2,1.4,2014-04-22,0235,Terra,MODIS,66,6.2,297.3,23.2,D,0
-32.9676,117.442,310.8,1.3,1.1,2014-04-22,0235,Terra,MODIS,59,6.2,298.7,6.9,D,0
-34.2198,118.3309,314.1,1.6,1.2,2014-04-22,0235,Terra,MODIS,69,6.2,297.1,16.4,D,0
-34.239,118.1905,328.3,1.5,1.2,2014-04-22,0235,Terra,MODIS,84,6.2,299.5,39.6,D,0
-34.2408,118.2074,316.1,1.5,1.2,2014-04-22,0235,Terra,MODIS,72,6.2,297.1,15.5,D,0
-34.2389,118.1841,317.5,1.5,1.2,2014-04-22,0235,Terra,MODIS,75,6.2,298.8,19.7,D,0
-34.2406,118.201,327.4,1.5,1.2,2014-04-22,0235,Terra,MODIS,84,6.2,298.4,38.7,D,0
-33.4499,117.831,310.3,1.4,1.2,2014-04-22,0235,Terra,MODIS,61,6.2,298.7,7.5,D,0
-33.3215,118.0957,314.5,1.5,1.2,2014-04-22,0235,Terra,MODIS,69,6.2,298.6,13.6,D,0
-33.3181,118.0865,314.2,1.5,1.2,2014-04-22,0235,Terra,MODIS,68,6.2,298.7,12.1,D,0
-31.8628,117.3227,322.4,1.3,1.1,2014-04-22,0235,Terra,MODIS,76,6.2,303.2,17.8,D,0
-31.8296,117.2178,336.1,1.3,1.1,2014-04-22,0235,Terra,MODIS,87,6.2,302.9,42.4,D,0
-31.5964,117.6499,322.4,1.3,1.1,2014-04-22,0235,Terra,MODIS,75,6.2,302.1,18.5,D,0
-33.4482,117.8155,321.9,1.4,1.2,2014-04-22,0235,Terra,MODIS,78,6.2,298.1,24.3,D,0
-33.4949,147.3553,306,2.4,1.5,2014-04-22,0335,Aqua,MODIS,61,6.2,284.1,20.3,D,0
-35.8213,146.8986,315.4,2.7,1.6,2014-04-22,0335,Aqua,MODIS,76,6.2,294,44.8,D,0
-34.8374,147.4587,306.9,2.4,1.5,2014-04-22,0335,Aqua,MODIS,33,6.2,283.1,24.6,D,0
-35.8197,146.8936,313.3,2.7,1.6,2014-04-22,0335,Aqua,MODIS,74,6.2,293.9,37.8,D,0
-36.0502,146.5822,318,2.9,1.6,2014-04-22,0335,Aqua,MODIS,66,6.2,288.1,65.5,D,0
-33.5106,147.331,305,2.4,1.5,2014-04-22,0335,Aqua,MODIS,56,6.2,284.1,18.8,D,0
-34.601,147.662,316.7,2.4,1.5,2014-04-22,0335,Aqua,MODIS,75,6.2,285,46.3,D,0
-33.5085,147.3568,336.7,2.4,1.5,2014-04-22,0335,Aqua,MODIS,90,6.2,283.4,133.3,D,0
-29.297,152.0725,316.8,1.1,1.1,2014-04-22,0336,Aqua,MODIS,77,6.2,277,19.5,D,0
-29.4346,152.7662,306.6,1.1,1,2014-04-22,0336,Aqua,MODIS,64,6.2,289,5.7,D,0
-28.7394,147.8872,322,1.9,1.4,2014-04-22,0336,Aqua,MODIS,55,6.2,294.4,35.7,D,0
-28.7497,147.9086,336.3,1.9,1.4,2014-04-22,0336,Aqua,MODIS,79,6.2,294.4,77.9,D,0
-28.7375,147.907,320.9,1.9,1.4,2014-04-22,0336,Aqua,MODIS,50,6.2,293.5,30,D,0
-29.0272,148.7597,340.7,1.7,1.3,2014-04-22,0336,Aqua,MODIS,90,6.2,301.9,78.4,D,0
-28.9896,153.1002,311,1,1,2014-04-22,0336,Aqua,MODIS,71,6.2,277.3,9.4,D,0
-29.021,148.7053,316.7,1.7,1.3,2014-04-22,0336,Aqua,MODIS,57,6.2,300.9,11.5,D,0
-29.0174,148.7406,347.6,1.7,1.3,2014-04-22,0336,Aqua,MODIS,94,6.2,304.8,105.5,D,0
-29.029,148.7421,356.3,1.7,1.3,2014-04-22,0336,Aqua,MODIS,98,6.2,304.1,149,D,0
-28.7271,147.8857,325,1.9,1.4,2014-04-22,0336,Aqua,MODIS,50,6.2,294.1,41.8,D,0
-29.0192,148.7229,354,1.7,1.3,2014-04-22,0336,Aqua,MODIS,97,6.2,304.8,135.7,D,0
-31.1364,152.5643,311.2,1.1,1.1,2014-04-22,0336,Aqua,MODIS,71,6.2,292,9.3,D,0
-31.1036,152.0916,302.6,1.2,1.1,2014-04-22,0336,Aqua,MODIS,23,6.2,285.4,7.1,D,0
-28.8925,149.3951,331,1.5,1.2,2014-04-22,0336,Aqua,MODIS,83,6.2,303.6,37.5,D,0
-28.8942,149.3792,326.1,1.5,1.2,2014-04-22,0336,Aqua,MODIS,78,6.2,302.6,26.8,D,0
-27.634,152.1896,314.5,1.1,1,2014-04-22,0337,Aqua,MODIS,66,6.2,300.1,7.5,D,0
-25.532,149.5413,319.4,1.4,1.2,2014-04-22,0337,Aqua,MODIS,74,6.2,295.5,18.4,D,0
-25.5246,149.5475,326,1.4,1.2,2014-04-22,0337,Aqua,MODIS,81,6.2,297.6,28.3,D,0
-28.0185,152.3854,313.3,1.1,1,2014-04-22,0337,Aqua,MODIS,68,6.2,289.9,12.1,D,0
-28.0348,151.0228,322.9,1.2,1.1,2014-04-22,0337,Aqua,MODIS,38,6.2,285,22.3,D,0
-28.0279,150.9964,312.1,1.2,1.1,2014-04-22,0337,Aqua,MODIS,21,6.2,280.7,10.9,D,0
-28.0531,151.0384,333.9,1.2,1.1,2014-04-22,0337,Aqua,MODIS,86,6.2,284.6,40.9,D,0
-25.8589,150.1348,314.6,1.3,1.1,2014-04-22,0337,Aqua,MODIS,65,6.2,291,12.8,D,0
-25.5305,149.5548,326.3,1.4,1.2,2014-04-22,0337,Aqua,MODIS,81,6.2,297.2,29.3,D,0
-26.5691,148.9058,329.1,1.5,1.2,2014-04-22,0337,Aqua,MODIS,81,6.2,303.5,35.1,D,0
-26.6352,150.5098,318.3,1.2,1.1,2014-04-22,0337,Aqua,MODIS,69,6.2,295.9,13.2,D,0
-26.4687,147.6926,323.9,1.9,1.3,2014-04-22,0337,Aqua,MODIS,71,6.2,307,24.9,D,0
-26.4434,147.6452,328.6,1.9,1.3,2014-04-22,0337,Aqua,MODIS,80,6.2,304.4,42.5,D,0
-24.4253,151.2109,311.8,1.1,1,2014-04-22,0338,Aqua,MODIS,48,6.2,287.3,10,D,0
-24.609,145.5112,325.9,2.5,1.5,2014-04-22,0338,Aqua,MODIS,75,6.2,308.6,40.6,D,0
-24.6112,145.4862,325,2.5,1.5,2014-04-22,0338,Aqua,MODIS,74,6.2,308.9,36.6,D,0
-38.1224,141.2921,346.6,2.4,1.5,2014-04-22,0512,Aqua,MODIS,93,6.2,281.6,208.8,D,0
-38.1163,141.319,322,2.4,1.5,2014-04-22,0512,Aqua,MODIS,71,6.2,279.5,79.3,D,0
-36.348,140.7068,322.9,2.5,1.5,2014-04-22,0513,Aqua,MODIS,76,6.2,289.8,75.5,D,0
-36.3436,140.7003,313,2.5,1.5,2014-04-22,0513,Aqua,MODIS,46,6.2,288.7,39.4,D,0
-34.3659,137.647,350.2,1.8,1.3,2014-04-22,0513,Aqua,MODIS,96,6.2,300.2,137.1,D,0
-34.0756,135.4898,341.3,1.4,1.2,2014-04-22,0513,Aqua,MODIS,91,6.2,296.7,65.6,D,0
-34.2781,136.091,353.5,1.5,1.2,2014-04-22,0513,Aqua,MODIS,97,6.2,298.8,116,D,0
-34.2811,136.0751,318.2,1.5,1.2,2014-04-22,0513,Aqua,MODIS,76,6.2,296.9,21.1,D,0
-33.7305,138.5584,340.1,2.1,1.4,2014-04-22,0513,Aqua,MODIS,91,6.2,290.6,125.3,D,0
-34.1461,135.4383,314.5,1.4,1.2,2014-04-22,0513,Aqua,MODIS,70,6.2,292.3,14.6,D,0
-34.2344,135.94,318.9,1.4,1.2,2014-04-22,0513,Aqua,MODIS,65,6.2,296.2,21.2,D,0
-34.0782,135.4752,310.3,1.4,1.2,2014-04-22,0513,Aqua,MODIS,61,6.2,293.6,8.7,D,0
-34.3702,137.6534,324.6,1.8,1.3,2014-04-22,0513,Aqua,MODIS,83,6.2,299,42.1,D,0
-33.7265,138.5741,313.9,2.1,1.4,2014-04-22,0513,Aqua,MODIS,70,6.2,288.7,30.3,D,0
-34.2307,136.0446,311.8,1.5,1.2,2014-04-22,0513,Aqua,MODIS,68,6.2,296.2,11.6,D,0
-34.2271,135.9449,328.2,1.4,1.2,2014-04-22,0513,Aqua,MODIS,84,6.2,296.2,37.9,D,0
-34.6095,137.6355,314.1,1.8,1.3,2014-04-22,0513,Aqua,MODIS,74,6.2,297.4,18.9,D,0
-34.3546,137.6691,328,1.8,1.3,2014-04-22,0513,Aqua,MODIS,85,6.2,297.8,48.3,D,0
-34.3622,137.6662,347.9,1.8,1.3,2014-04-22,0513,Aqua,MODIS,95,6.2,299,125.6,D,0
-33.7312,138.5511,326.4,2.1,1.4,2014-04-22,0513,Aqua,MODIS,83,6.2,289.8,66.6,D,0
-34.3585,137.6499,356.4,1.8,1.3,2014-04-22,0513,Aqua,MODIS,98,6.2,299.2,168.7,D,0
-33.7352,138.5361,304.8,2.1,1.4,2014-04-22,0513,Aqua,MODIS,28,6.2,287.3,11.7,D,0
-34.1404,135.43,315,1.4,1.2,2014-04-22,0513,Aqua,MODIS,70,6.2,291.7,15.1,D,0
-33.2827,138.6573,325.1,2.2,1.4,2014-04-22,0514,Aqua,MODIS,81,6.2,287.6,70.3,D,0
-33.0788,134.7239,323.7,1.3,1.1,2014-04-22,0514,Aqua,MODIS,79,6.2,299.5,23.7,D,0
-33.2351,135.7675,316.7,1.5,1.2,2014-04-22,0514,Aqua,MODIS,72,6.2,301.1,13.6,D,0
-33.0763,134.7378,315.9,1.3,1.1,2014-04-22,0514,Aqua,MODIS,69,6.2,298.9,13.2,D,0
-33.2809,136.3362,313.1,1.6,1.2,2014-04-22,0514,Aqua,MODIS,69,6.2,296.3,15.6,D,0
-33.0889,134.7266,328.1,1.3,1.1,2014-04-22,0514,Aqua,MODIS,83,6.2,298.6,29.7,D,0
-33.2876,138.6335,307.7,2.2,1.4,2014-04-22,0514,Aqua,MODIS,54,6.2,285.1,21.4,D,0
-33.2362,135.7732,319.7,1.5,1.2,2014-04-22,0514,Aqua,MODIS,69,6.2,301.3,17.8,D,0
-34.0895,118.3788,310.3,4.6,2,2014-04-22,0514,Aqua,MODIS,54,6.2,296.1,38.3,D,0
-33.5739,118.3699,331.5,4.6,2,2014-04-22,0514,Aqua,MODIS,85,6.2,299.2,228.8,D,0
-33.951,118.2614,313.6,4.7,2,2014-04-22,0514,Aqua,MODIS,63,6.2,298.4,58.1,D,0
-33.5104,120.0067,312.5,3.6,1.8,2014-04-22,0514,Aqua,MODIS,54,6.2,298.5,43.5,D,0
-33.5081,120.0464,324.3,3.6,1.8,2014-04-22,0514,Aqua,MODIS,79,6.2,296.7,114.7,D,0
-33.9539,118.2575,313.8,4.7,2,2014-04-22,0514,Aqua,MODIS,62,6.2,298.4,58.4,D,0
-33.5759,118.3664,328.8,4.6,2,2014-04-22,0514,Aqua,MODIS,83,6.2,299.2,198,D,0
-34.0871,118.3828,309.2,4.6,2,2014-04-22,0514,Aqua,MODIS,52,6.2,295.9,32.2,D,0
-33.3932,121.2051,345.7,3,1.6,2014-04-22,0514,Aqua,MODIS,93,6.2,302.1,228.3,D,0
-33.3909,121.2374,323.6,3,1.6,2014-04-22,0514,Aqua,MODIS,79,6.2,300,70.8,D,0
-33.3895,121.2417,314.9,3,1.6,2014-04-22,0514,Aqua,MODIS,24,6.2,299.4,28.1,D,0
-33.1603,118.8981,316.3,4.2,1.9,2014-04-22,0514,Aqua,MODIS,52,6.2,301.1,57.8,D,0
-33.3915,121.2094,352,3,1.6,2014-04-22,0514,Aqua,MODIS,96,6.2,301.9,288,D,0
-33.5171,120.0427,324.9,3.6,1.8,2014-04-22,0514,Aqua,MODIS,80,6.2,296.1,118.1,D,0
-33.1591,118.8948,314.2,4.2,1.9,2014-04-22,0514,Aqua,MODIS,52,6.2,301.1,47.2,D,0
-32.1737,117.9401,313.7,4.7,2,2014-04-22,0515,Aqua,MODIS,65,6.2,301.6,46.7,D,0
-32.1589,117.9355,316.1,4.7,2,2014-04-22,0515,Aqua,MODIS,69,6.2,302,64.4,D,0
-21.8281,119.6396,326,2.8,1.6,2014-04-22,0517,Aqua,MODIS,60,6.2,309,42.2,D,0
-21.811,119.6648,327.4,2.8,1.6,2014-04-22,0517,Aqua,MODIS,68,6.2,309.9,47.1,D,0
-21.8136,119.6382,323.8,2.8,1.6,2014-04-22,0517,Aqua,MODIS,45,6.2,309.2,30.3,D,0
-16.5398,132.1051,320.2,1.8,1.3,2014-04-22,0518,Aqua,MODIS,59,6.2,297.7,17,D,0
-16.5282,132.103,328.8,1.8,1.3,2014-04-22,0518,Aqua,MODIS,77,6.2,296.5,38.7,D,0
-16.531,132.0867,325.1,1.8,1.3,2014-04-22,0518,Aqua,MODIS,71,6.2,297.1,28,D,0
-16.5284,131.7054,322.2,1.7,1.3,2014-04-22,0518,Aqua,MODIS,45,6.2,302.6,15.4,D,0
-17.1834,135.8275,327,3.2,1.7,2014-04-22,0518,Aqua,MODIS,77,6.2,303,74.9,D,0
-16.9159,125.4022,330.6,1,1,2014-04-22,0518,Aqua,MODIS,60,6.2,312.5,14.7,D,0
-16.8736,125.3793,332.6,1.1,1,2014-04-22,0518,Aqua,MODIS,63,6.2,312.1,17.4,D,0
-16.8484,125.4257,326.7,1,1,2014-04-22,0518,Aqua,MODIS,50,6.2,309.9,10.4,D,0
-16.8498,125.4159,332,1,1,2014-04-22,0518,Aqua,MODIS,76,6.2,312.5,16.9,D,0
-18.9303,127.4832,334,1,1,2014-04-22,0518,Aqua,MODIS,77,6.2,315.1,16.1,D,0
-18.8862,127.5382,326.5,1,1,2014-04-22,0518,Aqua,MODIS,47,6.2,313.8,7.4,D,0
-18.8876,127.5288,326.9,1,1,2014-04-22,0518,Aqua,MODIS,50,6.2,314.3,7.6,D,0
-17.1445,123.9717,361.4,1.2,1.1,2014-04-22,0518,Aqua,MODIS,100,6.2,310.3,99.6,D,0
-17.3779,124.2845,331.5,1.2,1.1,2014-04-22,0518,Aqua,MODIS,76,6.2,313,21.2,D,0
-17.3793,124.2735,335,1.2,1.1,2014-04-22,0518,Aqua,MODIS,80,6.2,313.5,27.3,D,0
-17.3719,125.8282,328.5,1,1,2014-04-22,0518,Aqua,MODIS,53,6.2,314.2,10.9,D,0
-16.9601,124.6702,337.6,1.1,1.1,2014-04-22,0518,Aqua,MODIS,77,6.2,310.1,24.7,D,0
-16.933,124.6558,338.3,1.1,1.1,2014-04-22,0518,Aqua,MODIS,70,6.2,310.8,29.5,D,0
-17.2583,125.3198,324.4,1.1,1,2014-04-22,0518,Aqua,MODIS,47,6.2,311.4,8.4,D,0
-17.274,123.8319,330.9,1.2,1.1,2014-04-22,0518,Aqua,MODIS,75,6.2,313,18.2,D,0
-17.2481,123.8754,327.4,1.2,1.1,2014-04-22,0518,Aqua,MODIS,69,6.2,309.7,14.4,D,0
-17.3808,123.953,345.4,1.2,1.1,2014-04-22,0518,Aqua,MODIS,90,6.2,312,50.5,D,0
-17.3683,123.8927,331.5,1.2,1.1,2014-04-22,0518,Aqua,MODIS,74,6.2,311,20.7,D,0
-17.1331,124.2096,333.3,1.2,1.1,2014-04-22,0518,Aqua,MODIS,80,6.2,309.5,23.8,D,0
-17.1427,124.2277,327.5,1.2,1.1,2014-04-22,0518,Aqua,MODIS,70,6.2,309.7,13.8,D,0
-16.9172,125.3923,331,1.1,1,2014-04-22,0518,Aqua,MODIS,55,6.2,310,14.3,D,0
-16.9264,125.3937,334.5,1.1,1,2014-04-22,0518,Aqua,MODIS,70,6.2,313.5,18.5,D,0
-16.9437,125.3358,336.4,1.1,1,2014-04-22,0518,Aqua,MODIS,82,6.2,310.7,23.1,D,0
-16.9515,125.3471,325,1.1,1,2014-04-22,0518,Aqua,MODIS,46,6.2,311.3,7.5,D,0
-16.9882,124.0808,335.3,1.2,1.1,2014-04-22,0518,Aqua,MODIS,82,6.2,309.3,28.4,D,0
-16.9966,124.0934,327.2,1.2,1.1,2014-04-22,0518,Aqua,MODIS,22,6.2,308.4,12.6,D,0
-16.9951,124.1045,328.7,1.2,1.1,2014-04-22,0518,Aqua,MODIS,50,6.2,307.9,14.2,D,0
-17.0064,124.0947,338,1.2,1.1,2014-04-22,0518,Aqua,MODIS,62,6.2,311.8,30,D,0
-17.3639,123.9273,340.3,1.2,1.1,2014-04-22,0518,Aqua,MODIS,69,6.2,311.7,34.6,D,0
-17.3102,125.5465,347.9,1,1,2014-04-22,0518,Aqua,MODIS,92,6.2,308.1,47.3,D,0
-17.3194,125.5478,333.7,1,1,2014-04-22,0518,Aqua,MODIS,76,6.2,307.4,21,D,0
-17.3089,125.5559,337.8,1,1,2014-04-22,0518,Aqua,MODIS,83,6.2,310.2,28.5,D,0
-17.3076,125.5656,329.1,1,1,2014-04-22,0518,Aqua,MODIS,69,6.2,309.7,14.5,D,0
-17.318,125.5577,325.5,1,1,2014-04-22,0518,Aqua,MODIS,40,6.2,311.2,10,D,0
-17.3399,125.5859,332,1,1,2014-04-22,0518,Aqua,MODIS,75,6.2,310.6,17.7,D,0
-17.2762,124.365,337.9,1.2,1.1,2014-04-22,0518,Aqua,MODIS,84,6.2,311.2,31.5,D,0
-17.2858,124.3664,338,1.2,1.1,2014-04-22,0518,Aqua,MODIS,84,6.2,310.6,31.7,D,0
-17.3008,124.4017,327.8,1.2,1.1,2014-04-22,0518,Aqua,MODIS,69,6.2,313.1,14.8,D,0
-17.3027,124.4074,328.2,1.2,1.1,2014-04-22,0518,Aqua,MODIS,52,6.2,312.2,14.1,D,0
-17.0469,124.2644,323.1,1.2,1.1,2014-04-22,0518,Aqua,MODIS,54,6.2,308.1,9.1,D,0
-17.3178,124.4427,323.8,1.2,1.1,2014-04-22,0518,Aqua,MODIS,37,6.2,310,8,D,0
-17.3164,124.4535,327.6,1.2,1.1,2014-04-22,0518,Aqua,MODIS,59,6.2,311.5,12.4,D,0
-17.3907,123.9545,334.6,1.2,1.1,2014-04-22,0518,Aqua,MODIS,80,6.2,310.9,27.7,D,0
-17.3892,123.9659,338.6,1.2,1.1,2014-04-22,0518,Aqua,MODIS,85,6.2,311.5,35.4,D,0
-17.3566,123.8266,328.3,1.2,1.1,2014-04-22,0518,Aqua,MODIS,54,6.2,311.4,15.4,D,0
-17.3451,123.8369,328,1.2,1.1,2014-04-22,0518,Aqua,MODIS,53,6.2,311.3,14.7,D,0
-17.3668,123.9042,339.4,1.2,1.1,2014-04-22,0518,Aqua,MODIS,85,6.2,311,35.8,D,0
-17.353,123.932,336,1.2,1.1,2014-04-22,0518,Aqua,MODIS,66,6.2,311.2,27,D,0
-17.3446,123.9191,339,1.2,1.1,2014-04-22,0518,Aqua,MODIS,68,6.2,310,32.5,D,0
-17.1248,123.9689,340.1,1.2,1.1,2014-04-22,0518,Aqua,MODIS,60,6.2,309.6,33.6,D,0
-17.1262,123.9575,337,1.2,1.1,2014-04-22,0518,Aqua,MODIS,55,6.2,309.6,28.8,D,0
-17.3362,123.9062,364.7,1.2,1.1,2014-04-22,0518,Aqua,MODIS,100,6.2,314.5,112.8,D,0
-17.3347,123.9177,378.6,1.2,1.1,2014-04-22,0518,Aqua,MODIS,100,6.2,315.8,176.9,D,0
-17.3461,123.9076,344.6,1.2,1.1,2014-04-22,0518,Aqua,MODIS,90,6.2,309.8,46.8,D,0
-17.1079,123.9434,327.2,1.2,1.1,2014-04-22,0518,Aqua,MODIS,44,6.2,311.3,12.3,D,0
-17.1346,123.9703,388.3,1.2,1.1,2014-04-22,0518,Aqua,MODIS,94,6.2,317.1,230.2,D,0
-17.1331,123.9816,346.6,1.2,1.1,2014-04-22,0518,Aqua,MODIS,80,6.2,314.2,49.9,D,0
-17.143,123.983,362.1,1.2,1.1,2014-04-22,0518,Aqua,MODIS,100,6.2,315,101.2,D,0
-17.3064,123.902,329.8,1.2,1.1,2014-04-22,0518,Aqua,MODIS,47,6.2,311.6,16.7,D,0
-17.3262,123.9048,331.2,1.2,1.1,2014-04-22,0518,Aqua,MODIS,37,6.2,311.9,18.8,D,0
-17.3248,123.9163,368.8,1.2,1.1,2014-04-22,0518,Aqua,MODIS,100,6.2,316.2,129.1,D,0
-17.3233,123.9278,333,1.2,1.1,2014-04-22,0518,Aqua,MODIS,40,6.2,310.4,21.3,D,0
-17.3246,124.4657,339.5,1.1,1.1,2014-04-22,0518,Aqua,MODIS,85,6.2,313.2,30.7,D,0
-17.3342,124.4671,343.8,1.1,1.1,2014-04-22,0518,Aqua,MODIS,89,6.2,311.2,40.3,D,0
-17.3328,124.4779,338.7,1.1,1.1,2014-04-22,0518,Aqua,MODIS,84,6.2,313.9,29.9,D,0
-17.3314,124.4886,327.6,1.1,1.1,2014-04-22,0518,Aqua,MODIS,29,6.2,313.6,11.5,D,0
-17.341,124.49,325.3,1.1,1.1,2014-04-22,0518,Aqua,MODIS,26,6.2,311.8,9.2,D,0
-17.0671,124.0119,329.4,1.2,1.1,2014-04-22,0518,Aqua,MODIS,41,6.2,307.9,14.1,D,0
-17.0656,124.0231,342.3,1.2,1.1,2014-04-22,0518,Aqua,MODIS,89,6.2,312.3,40.2,D,0
-17.0753,124.0424,330.6,1.2,1.1,2014-04-22,0518,Aqua,MODIS,32,6.2,312.6,14.9,D,0
-17.0851,124.0438,348.8,1.2,1.1,2014-04-22,0518,Aqua,MODIS,93,6.2,314.6,55.4,D,0
-16.9622,124.7976,331.3,1.1,1,2014-04-22,0518,Aqua,MODIS,52,6.2,309.6,17.7,D,0
-16.9528,124.7964,347.1,1.1,1,2014-04-22,0518,Aqua,MODIS,92,6.2,308.3,48.8,D,0
-16.9433,124.7951,332.6,1.1,1,2014-04-22,0518,Aqua,MODIS,38,6.2,305.7,20.8,D,0
-16.9325,124.8039,339.1,1.1,1,2014-04-22,0518,Aqua,MODIS,67,6.2,308.3,31.2,D,0
-16.9339,124.7937,348,1.1,1,2014-04-22,0518,Aqua,MODIS,93,6.2,307.7,50.5,D,0
-16.9231,124.8026,330.2,1.1,1,2014-04-22,0518,Aqua,MODIS,63,6.2,308,17.8,D,0
-16.9245,124.7923,344.1,1.1,1,2014-04-22,0518,Aqua,MODIS,90,6.2,310.5,43.6,D,0
-16.9151,124.7909,355.4,1.1,1,2014-04-22,0518,Aqua,MODIS,97,6.2,310.7,71,D,0
-17.2776,124.3541,328.4,1.2,1.1,2014-04-22,0518,Aqua,MODIS,71,6.2,310.2,15.5,D,0
-17.2583,124.3514,337.1,1.2,1.1,2014-04-22,0518,Aqua,MODIS,83,6.2,311,28.4,D,0
-17.2432,124.3158,324.5,1.2,1.1,2014-04-22,0518,Aqua,MODIS,40,6.2,310.8,8.8,D,0
-17.2349,124.3035,330.2,1.2,1.1,2014-04-22,0518,Aqua,MODIS,55,6.2,309.4,16.8,D,0
-17.2363,124.2925,335.6,1.2,1.1,2014-04-22,0518,Aqua,MODIS,78,6.2,310.8,27.9,D,0
-17.0259,124.0975,327.5,1.2,1.1,2014-04-22,0518,Aqua,MODIS,72,6.2,311,14.3,D,0
-17.0793,124.0887,325.5,1.2,1.1,2014-04-22,0518,Aqua,MODIS,59,6.2,309.9,12.1,D,0
-21.1071,119.9076,324.4,2.6,1.6,2014-04-22,0518,Aqua,MODIS,17,6.2,310.7,22.8,D,0
-21.0931,119.906,331,2.6,1.6,2014-04-22,0518,Aqua,MODIS,73,6.2,311.4,56.3,D,0
-16.2414,131.9744,323.7,1.8,1.3,2014-04-22,0518,Aqua,MODIS,29,6.2,300.5,21.7,D,0
-16.2441,131.9582,330.6,1.7,1.3,2014-04-22,0518,Aqua,MODIS,78,6.2,300.8,39.8,D,0
-21.0995,119.8858,328.9,2.6,1.6,2014-04-22,0518,Aqua,MODIS,69,6.2,311,47.5,D,0
-16.253,131.9765,330.4,1.8,1.3,2014-04-22,0518,Aqua,MODIS,71,6.2,301.6,38.2,D,0
-16.2492,131.983,332.4,1.8,1.3,2014-04-22,0518,Aqua,MODIS,78,6.2,300.5,43.7,D,0
-21.0971,119.9112,335.9,2.6,1.6,2014-04-22,0518,Aqua,MODIS,80,6.2,311.4,85.9,D,0
-17.2881,124.1987,345.4,1.2,1.1,2014-04-22,0518,Aqua,MODIS,91,6.2,311.9,47.8,D,0
-17.2588,124.1947,341.5,1.2,1.1,2014-04-22,0518,Aqua,MODIS,87,6.2,313.9,39,D,0
-17.2603,124.1835,335,1.2,1.1,2014-04-22,0518,Aqua,MODIS,79,6.2,310.2,25.7,D,0
-17.1747,124.2097,327.4,1.2,1.1,2014-04-22,0518,Aqua,MODIS,70,6.2,309.9,14.7,D,0
-17.1761,124.1987,332.9,1.2,1.1,2014-04-22,0518,Aqua,MODIS,79,6.2,309.9,23.9,D,0
-17.2866,124.2098,333,1.2,1.1,2014-04-22,0518,Aqua,MODIS,62,6.2,311.9,21.1,D,0
-17.2453,127.1832,326.5,1,1,2014-04-22,0518,Aqua,MODIS,38,6.2,311.2,7.6,D,0
-16.8003,124.4195,334.8,1.1,1.1,2014-04-22,0519,Aqua,MODIS,82,6.2,310.4,21.4,D,0
-16.7877,124.5151,343.3,1.1,1.1,2014-04-22,0519,Aqua,MODIS,89,6.2,307.9,42.2,D,0
-16.7863,124.5257,325.5,1.1,1.1,2014-04-22,0519,Aqua,MODIS,63,6.2,309,13,D,0
-15.058,126.0177,322.8,1,1,2014-04-22,0519,Aqua,MODIS,67,6.2,307.6,10,D,0
-16.6973,124.5821,341.9,1.1,1.1,2014-04-22,0519,Aqua,MODIS,73,6.2,308.4,39.9,D,0
-15.0186,125.8409,320.3,1,1,2014-04-22,0519,Aqua,MODIS,57,6.2,303,8.2,D,0
-16.6752,124.6748,338.6,1.1,1.1,2014-04-22,0519,Aqua,MODIS,86,6.2,309.3,31.4,D,0
-16.6766,124.6643,333.3,1.1,1.1,2014-04-22,0519,Aqua,MODIS,66,6.2,308.5,21.9,D,0
-16.7553,123.9157,337,1.2,1.1,2014-04-22,0519,Aqua,MODIS,85,6.2,308.9,35.1,D,0
-16.7559,124.6814,328.5,1.1,1.1,2014-04-22,0519,Aqua,MODIS,67,6.2,310.2,13.1,D,0
-16.7464,124.68,326.1,1.1,1.1,2014-04-22,0519,Aqua,MODIS,41,6.2,310.1,10.7,D,0
-16.729,124.5924,350.6,1.1,1.1,2014-04-22,0519,Aqua,MODIS,94,6.2,307.7,54.9,D,0
-14.8979,125.9111,327.6,1,1,2014-04-22,0519,Aqua,MODIS,76,6.2,308,16,D,0
-16.7277,124.6028,344.8,1.1,1.1,2014-04-22,0519,Aqua,MODIS,91,6.2,310.8,39.7,D,0
-14.8992,125.9018,322,1,1,2014-04-22,0519,Aqua,MODIS,59,6.2,304.9,10,D,0
-14.8889,125.9135,328.9,1,1,2014-04-22,0519,Aqua,MODIS,76,6.2,306.3,16.6,D,0
-14.8902,125.9042,353.1,1,1,2014-04-22,0519,Aqua,MODIS,96,6.2,307.4,59.3,D,0
-16.7399,124.5833,335.9,1.1,1.1,2014-04-22,0519,Aqua,MODIS,70,6.2,306.8,28.1,D,0
-16.7494,124.5846,323.1,1.1,1.1,2014-04-22,0519,Aqua,MODIS,20,6.2,306.8,10.1,D,0
-16.7466,124.6056,338,1.1,1.1,2014-04-22,0519,Aqua,MODIS,85,6.2,309.6,29.3,D,0
-16.8263,124.1471,333.8,1.2,1.1,2014-04-22,0519,Aqua,MODIS,81,6.2,311.5,25.3,D,0
-16.8277,124.1361,331.7,1.2,1.1,2014-04-22,0519,Aqua,MODIS,79,6.2,309.6,22.1,D,0
-16.2746,127.834,330.3,1,1,2014-04-22,0519,Aqua,MODIS,35,6.2,310.6,14.3,D,0
-16.3824,125.2059,329.8,1.1,1,2014-04-22,0519,Aqua,MODIS,73,6.2,307.2,17.1,D,0
-16.4022,125.1987,323.6,1.1,1,2014-04-22,0519,Aqua,MODIS,50,6.2,307.4,8.6,D,0
-14.8799,125.9121,333.7,1,1,2014-04-22,0519,Aqua,MODIS,83,6.2,305.8,23.2,D,0
-14.8812,125.9028,330.4,1,1,2014-04-22,0519,Aqua,MODIS,79,6.2,305.1,19.3,D,0
-14.8709,125.9108,324.6,1,1,2014-04-22,0519,Aqua,MODIS,71,6.2,306,12.6,D,0
-14.9069,125.9124,331.3,1,1,2014-04-22,0519,Aqua,MODIS,80,6.2,305.3,19.3,D,0
-16.804,124.1662,337,1.2,1.1,2014-04-22,0519,Aqua,MODIS,70,6.2,311,29.6,D,0
-16.8054,124.1552,336,1.2,1.1,2014-04-22,0519,Aqua,MODIS,51,6.2,311.2,27.9,D,0
-16.7104,123.9376,319.2,1.2,1.1,2014-04-22,0519,Aqua,MODIS,45,6.2,306.1,6.8,D,0
-16.7016,124.0042,327.8,1.2,1.1,2014-04-22,0519,Aqua,MODIS,65,6.2,308.7,16.9,D,0
-16.7001,124.0153,328.6,1.2,1.1,2014-04-22,0519,Aqua,MODIS,64,6.2,307.5,17.5,D,0
-15.0054,126.0003,327.2,1,1,2014-04-22,0519,Aqua,MODIS,75,6.2,306.2,15.4,D,0
-16.7471,124.428,333.6,1.1,1.1,2014-04-22,0519,Aqua,MODIS,79,6.2,308.5,23.8,D,0
-16.7456,124.4387,353.1,1.1,1.1,2014-04-22,0519,Aqua,MODIS,96,6.2,308.7,68,D,0
-16.2486,127.8339,333.8,1,1,2014-04-22,0519,Aqua,MODIS,76,6.2,308.8,19.5,D,0
-16.5633,123.7492,331,1.2,1.1,2014-04-22,0519,Aqua,MODIS,80,6.2,305.8,25.8,D,0
-16.2472,127.8435,327.8,1,1,2014-04-22,0519,Aqua,MODIS,13,6.2,309.5,10.9,D,0
-16.2578,127.8354,330.9,1,1,2014-04-22,0519,Aqua,MODIS,63,6.2,311.1,16.1,D,0
-16.2196,124.9307,322.4,1.1,1,2014-04-22,0519,Aqua,MODIS,37,6.2,306.5,8.3,D,0
-15.0069,125.9246,328.5,1,1,2014-04-22,0519,Aqua,MODIS,77,6.2,303.7,16.9,D,0
-16.2669,127.8368,334.1,1,1,2014-04-22,0519,Aqua,MODIS,47,6.2,311.9,19.6,D,0
-16.7508,124.5741,338.3,1.1,1.1,2014-04-22,0519,Aqua,MODIS,85,6.2,307.8,34.8,D,0
-16.6007,124.6147,336.3,1.1,1.1,2014-04-22,0519,Aqua,MODIS,58,6.2,307.3,30.2,D,0
-16.6101,124.6162,350.1,1.1,1.1,2014-04-22,0519,Aqua,MODIS,93,6.2,305.4,57.2,D,0
-16.6087,124.6266,339.4,1.1,1.1,2014-04-22,0519,Aqua,MODIS,62,6.2,308.1,32.6,D,0
-15.0082,125.9153,320.3,1,1,2014-04-22,0519,Aqua,MODIS,44,6.2,303.4,7.8,D,0
-16.5966,123.8813,320.3,1.2,1.1,2014-04-22,0519,Aqua,MODIS,58,6.2,306.4,8.8,D,0
-15.2089,125.6623,324,1,1,2014-04-22,0519,Aqua,MODIS,70,6.2,305.7,11.5,D,0
-16.3798,125.1552,325.3,1.1,1,2014-04-22,0519,Aqua,MODIS,70,6.2,306.1,12.5,D,0
-16.7834,123.931,324.6,1.2,1.1,2014-04-22,0519,Aqua,MODIS,69,6.2,305.5,14.8,D,0
-15.6091,128.4836,322.8,1.1,1,2014-04-22,0519,Aqua,MODIS,58,6.2,307.3,8.7,D,0
-15.0067,125.991,320,1,1,2014-04-22,0519,Aqua,MODIS,58,6.2,305.9,7.6,D,0
-16.6182,124.6281,337.3,1.1,1.1,2014-04-22,0519,Aqua,MODIS,59,6.2,308.4,27.6,D,0
-16.629,124.6191,337.9,1.1,1.1,2014-04-22,0519,Aqua,MODIS,65,6.2,306,29.8,D,0
-16.6672,124.663,330.8,1.1,1.1,2014-04-22,0519,Aqua,MODIS,78,6.2,308.2,21.5,D,0
-15.0106,125.9632,328.9,1,1,2014-04-22,0519,Aqua,MODIS,77,6.2,306.5,17.9,D,0
-15.5359,131.2334,326.2,1.6,1.2,2014-04-22,0519,Aqua,MODIS,53,6.2,299.3,19.8,D,0
-16.7718,124.3389,343.6,1.2,1.1,2014-04-22,0519,Aqua,MODIS,90,6.2,309.7,42.3,D,0
-16.7732,124.3281,338.1,1.2,1.1,2014-04-22,0519,Aqua,MODIS,85,6.2,309.5,29.9,D,0
-16.5559,124.4853,322.5,1.1,1.1,2014-04-22,0519,Aqua,MODIS,65,6.2,301.9,14.5,D,0
-16.5614,123.7542,328.1,1.2,1.1,2014-04-22,0519,Aqua,MODIS,76,6.2,305.8,21.3,D,0
-15.0119,125.9539,319.7,1,1,2014-04-22,0519,Aqua,MODIS,57,6.2,304.5,7.8,D,0
-16.5521,124.5439,339.4,1.1,1.1,2014-04-22,0519,Aqua,MODIS,74,6.2,303.3,37.3,D,0
-16.5603,124.4808,322.9,1.1,1.1,2014-04-22,0519,Aqua,MODIS,65,6.2,302.4,13.7,D,0
-16.6971,124.0376,326.3,1.2,1.1,2014-04-22,0519,Aqua,MODIS,61,6.2,308,14.6,D,0
-15.0661,125.8956,322.8,1,1,2014-04-22,0519,Aqua,MODIS,65,6.2,305.3,9.2,D,0
-15.0198,125.8981,339.5,1,1,2014-04-22,0519,Aqua,MODIS,87,6.2,306.7,32.1,D,0
-15.0263,125.8516,324.7,1,1,2014-04-22,0519,Aqua,MODIS,71,6.2,304.5,12.8,D,0
-16.7163,124.5848,328.6,1.1,1.1,2014-04-22,0519,Aqua,MODIS,36,6.2,306.9,16.4,D,0
-16.7078,124.6476,337.3,1.1,1.1,2014-04-22,0519,Aqua,MODIS,78,6.2,309.8,26.8,D,0
-16.5764,124.5793,351.1,1.1,1.1,2014-04-22,0519,Aqua,MODIS,95,6.2,304.8,63.7,D,0
-16.6986,124.0265,337,1.2,1.1,2014-04-22,0519,Aqua,MODIS,85,6.2,308.8,32,D,0
-16.7243,124.5967,345.1,1.1,1.1,2014-04-22,0519,Aqua,MODIS,91,6.2,311,44.1,D,0
-16.6546,124.4298,327.7,1.1,1.1,2014-04-22,0519,Aqua,MODIS,40,6.2,305.8,16.1,D,0
-16.6984,124.6461,361.8,1.1,1.1,2014-04-22,0519,Aqua,MODIS,100,6.2,307.7,89.7,D,0
-16.6014,123.7667,318.7,1.2,1.1,2014-04-22,0519,Aqua,MODIS,41,6.2,305.7,8.1,D,0
-16.7578,124.4461,336.5,1.1,1.1,2014-04-22,0519,Aqua,MODIS,60,6.2,305.7,29.6,D,0
-16.6,123.778,323,1.2,1.1,2014-04-22,0519,Aqua,MODIS,68,6.2,304.7,13.8,D,0
-16.78,124.351,325.7,1.1,1.1,2014-04-22,0519,Aqua,MODIS,43,6.2,307.9,10.6,D,0
-16.5915,123.7652,321.4,1.2,1.1,2014-04-22,0519,Aqua,MODIS,31,6.2,305.6,10.8,D,0
-16.7868,124.3739,329.9,1.1,1.1,2014-04-22,0519,Aqua,MODIS,47,6.2,307.5,14.8,D,0
-16.7786,124.3617,334.4,1.1,1.1,2014-04-22,0519,Aqua,MODIS,82,6.2,308.4,24.6,D,0
-16.6898,123.8652,318.8,1.2,1.1,2014-04-22,0519,Aqua,MODIS,41,6.2,304.6,7.8,D,0
-16.6967,123.8893,321.1,1.2,1.1,2014-04-22,0519,Aqua,MODIS,61,6.2,304.6,10.4,D,0
-16.6952,123.9006,318.2,1.2,1.1,2014-04-22,0519,Aqua,MODIS,45,6.2,304.7,6.7,D,0
-16.7497,124.4339,367.8,1.1,1.1,2014-04-22,0519,Aqua,MODIS,100,6.2,310.2,113.8,D,0
-16.7854,124.3846,331.8,1.1,1.1,2014-04-22,0519,Aqua,MODIS,75,6.2,308.3,19,D,0
-16.6861,124.6657,357.9,1.1,1.1,2014-04-22,0519,Aqua,MODIS,98,6.2,309.3,76.8,D,0
-16.7936,124.3967,341.3,1.1,1.1,2014-04-22,0519,Aqua,MODIS,88,6.2,312.6,35.4,D,0
-16.6875,124.6553,329.9,1.1,1.1,2014-04-22,0519,Aqua,MODIS,29,6.2,306.5,16.1,D,0
-16.7922,124.4074,341.3,1.1,1.1,2014-04-22,0519,Aqua,MODIS,88,6.2,311.8,35.4,D,0
-15.0173,125.8502,344.8,1,1,2014-04-22,0519,Aqua,MODIS,91,6.2,303.3,42.4,D,0
-16.5488,124.5378,328.3,1.1,1.1,2014-04-22,0519,Aqua,MODIS,64,6.2,302.5,19.1,D,0
-16.8032,124.3981,327.4,1.1,1.1,2014-04-22,0519,Aqua,MODIS,56,6.2,310,10.5,D,0
-16.8018,124.4088,345.2,1.1,1.1,2014-04-22,0519,Aqua,MODIS,91,6.2,313.2,43.6,D,0
-16.7483,124.4446,345.6,1.1,1.1,2014-04-22,0519,Aqua,MODIS,91,6.2,306.6,48.3,D,0
-15.4401,129.4582,322.5,1.2,1.1,2014-04-22,0519,Aqua,MODIS,64,6.2,304.3,9,D,0
-14.8793,131.9405,321.8,1.8,1.3,2014-04-22,0519,Aqua,MODIS,28,6.2,300.7,17,D,0
-15.37,129.7085,330.1,1.3,1.1,2014-04-22,0519,Aqua,MODIS,78,6.2,306.5,21.4,D,0
-14.9634,126.9936,321.9,1,1,2014-04-22,0519,Aqua,MODIS,60,6.2,305.8,7.1,D,0
-14.8541,126.99,322.4,1,1,2014-04-22,0519,Aqua,MODIS,48,6.2,302.7,9,D,0
-14.8527,126.9993,327.3,1,1,2014-04-22,0519,Aqua,MODIS,71,6.2,304.1,14.5,D,0
-14.5992,127.0939,330.3,1,1,2014-04-22,0519,Aqua,MODIS,63,6.2,306,18.2,D,0
-14.1462,127.5425,329.5,1,1,2014-04-22,0519,Aqua,MODIS,79,6.2,302,14.1,D,0
-14.1448,127.5522,325.2,1,1,2014-04-22,0519,Aqua,MODIS,41,6.2,301.3,9,D,0
-14.5657,127.0695,324.3,1,1,2014-04-22,0519,Aqua,MODIS,41,6.2,304.9,10.3,D,0
-14.8346,131.9151,332.3,1.8,1.3,2014-04-22,0519,Aqua,MODIS,82,6.2,302.1,45.8,D,0
-14.8227,131.913,322.1,1.8,1.3,2014-04-22,0519,Aqua,MODIS,50,6.2,301.6,18.1,D,0
-14.8847,127.033,320.9,1,1,2014-04-22,0519,Aqua,MODIS,56,6.2,303.6,6.9,D,0
-14.8924,127.0438,328.4,1,1,2014-04-22,0519,Aqua,MODIS,75,6.2,305.6,14,D,0
-14.891,127.0531,337.2,1,1,2014-04-22,0519,Aqua,MODIS,85,6.2,306.9,25.5,D,0
-14.9014,127.0452,336.7,1,1,2014-04-22,0519,Aqua,MODIS,84,6.2,308,23.7,D,0
-14.9001,127.0545,336.7,1,1,2014-04-22,0519,Aqua,MODIS,84,6.2,308.1,23.6,D,0
-16.8879,124.2297,331.1,1.2,1.1,2014-04-22,0519,Aqua,MODIS,78,6.2,307.3,21.8,D,0
-14.9118,127.0372,329.1,1,1,2014-04-22,0519,Aqua,MODIS,64,6.2,307.5,13.7,D,0
-14.9323,127.0174,324.2,1,1,2014-04-22,0519,Aqua,MODIS,67,6.2,305.8,9.3,D,0
-14.9309,127.0267,320.8,1,1,2014-04-22,0519,Aqua,MODIS,30,6.2,305.3,5.4,D,0
-14.953,127.0016,327.9,1,1,2014-04-22,0519,Aqua,MODIS,74,6.2,305.2,12.5,D,0
-14.1239,127.4405,336.2,1,1,2014-04-22,0519,Aqua,MODIS,85,6.2,301.8,25.7,D,0
-16.8658,124.2487,336.3,1.2,1.1,2014-04-22,0519,Aqua,MODIS,83,6.2,312,28.2,D,0
-14.7931,131.9426,349.9,1.9,1.3,2014-04-22,0519,Aqua,MODIS,95,6.2,303.4,122,D,0
-14.7992,131.9365,330.3,1.9,1.3,2014-04-22,0519,Aqua,MODIS,80,6.2,303,42,D,0
-15.8519,130.6458,322.3,1.4,1.2,2014-04-22,0519,Aqua,MODIS,62,6.2,300,15.3,D,0
-14.5567,127.0681,329.8,1,1,2014-04-22,0519,Aqua,MODIS,74,6.2,305.2,17.4,D,0
-16.6833,124.6868,330.2,1.1,1,2014-04-22,0519,Aqua,MODIS,59,6.2,307.8,17.9,D,0
-14.5287,127.0771,338.3,1,1,2014-04-22,0519,Aqua,MODIS,86,6.2,299.9,31.3,D,0
-16.8293,124.6776,331.8,1.1,1.1,2014-04-22,0519,Aqua,MODIS,78,6.2,310,19.5,D,0
-16.645,126.1031,323.7,1,1,2014-04-22,0519,Aqua,MODIS,49,6.2,311.2,8.8,D,0
-16.636,126.1017,350.4,1,1,2014-04-22,0519,Aqua,MODIS,94,6.2,310.9,51.5,D,0
-16.6373,126.0922,328.6,1,1,2014-04-22,0519,Aqua,MODIS,68,6.2,306.9,14.8,D,0
-14.5301,127.0678,325.6,1,1,2014-04-22,0519,Aqua,MODIS,72,6.2,299.3,14.3,D,0
-14.7905,127.1075,322.4,1,1,2014-04-22,0519,Aqua,MODIS,57,6.2,306.8,6.7,D,0
-14.8245,127.1289,328,1,1,2014-04-22,0519,Aqua,MODIS,47,6.2,308.3,10.3,D,0
-14.8231,127.1383,326.3,1,1,2014-04-22,0519,Aqua,MODIS,46,6.2,307.4,8.6,D,0
-15.4418,129.4469,324.3,1.2,1.1,2014-04-22,0519,Aqua,MODIS,68,6.2,305,11.5,D,0
-14.1569,127.5343,325.3,1,1,2014-04-22,0519,Aqua,MODIS,73,6.2,302.7,8.4,D,0
-14.8955,131.9489,332.9,1.8,1.3,2014-04-22,0519,Aqua,MODIS,83,6.2,301.5,50,D,0
-15.4693,130.0542,323,1.3,1.1,2014-04-22,0519,Aqua,MODIS,33,6.2,304,9.9,D,0
-14.8912,131.9427,328,1.8,1.3,2014-04-22,0519,Aqua,MODIS,78,6.2,299.5,34.8,D,0
-16.6927,124.6881,328.2,1.1,1,2014-04-22,0519,Aqua,MODIS,74,6.2,309.2,16.7,D,0
-16.575,124.5898,338.9,1.1,1.1,2014-04-22,0519,Aqua,MODIS,87,6.2,304.6,36.3,D,0
-16.5926,124.6029,338.9,1.1,1.1,2014-04-22,0519,Aqua,MODIS,86,6.2,305.9,36.3,D,0
-16.5912,124.6133,331.2,1.1,1.1,2014-04-22,0519,Aqua,MODIS,35,6.2,306.8,22.4,D,0
-16.7709,124.6411,355.6,1.1,1.1,2014-04-22,0519,Aqua,MODIS,97,6.2,309.6,72.2,D,0
-16.7695,124.6515,331.2,1.1,1.1,2014-04-22,0519,Aqua,MODIS,78,6.2,309.1,19.6,D,0
-16.0764,126.1612,323.6,1,1,2014-04-22,0519,Aqua,MODIS,64,6.2,306.8,9.3,D,0
-16.8672,124.2378,328.9,1.2,1.1,2014-04-22,0519,Aqua,MODIS,72,6.2,308.7,16.5,D,0
-15.5734,131.0026,322.7,1.5,1.2,2014-04-22,0519,Aqua,MODIS,67,6.2,299.2,15.5,D,0
-15.5271,131.2166,324.5,1.6,1.2,2014-04-22,0519,Aqua,MODIS,59,6.2,298.9,18.4,D,0
-16.3414,127.8249,326.6,1,1,2014-04-22,0519,Aqua,MODIS,68,6.2,310.4,11.5,D,0
-14.8946,127.0919,326.7,1,1,2014-04-22,0519,Aqua,MODIS,72,6.2,306.4,10.9,D,0
-16.3322,127.8235,323.7,1,1,2014-04-22,0519,Aqua,MODIS,49,6.2,310,7.7,D,0
-16.8632,124.2416,331.8,1.2,1.1,2014-04-22,0519,Aqua,MODIS,75,6.2,310.7,22.6,D,0
-16.8764,124.1431,323.4,1.2,1.1,2014-04-22,0519,Aqua,MODIS,20,6.2,307.3,10.5,D,0
-16.8976,124.2312,327.5,1.2,1.1,2014-04-22,0519,Aqua,MODIS,72,6.2,306.7,16,D,0
-13.8633,131.3284,323.3,1.7,1.3,2014-04-22,0519,Aqua,MODIS,75,6.2,298,26.2,D,0
-15.5711,131.0168,323.3,1.5,1.2,2014-04-22,0519,Aqua,MODIS,68,6.2,299.7,16.8,D,0
-14.8689,127.0784,322.3,1,1,2014-04-22,0519,Aqua,MODIS,54,6.2,304.7,6.7,D,0
-14.8897,127.0625,334.6,1,1,2014-04-22,0519,Aqua,MODIS,82,6.2,307.4,21.4,D,0
-15.1896,126.1921,324.7,1,1,2014-04-22,0519,Aqua,MODIS,59,6.2,308.9,9.9,D,0
-15.1807,126.1908,339.6,1,1,2014-04-22,0519,Aqua,MODIS,87,6.2,309.5,30.3,D,0
-14.905,126.1203,320.9,1,1,2014-04-22,0519,Aqua,MODIS,55,6.2,304.2,8.7,D,0
-16.1786,124.8117,317.9,1.1,1,2014-04-22,0519,Aqua,MODIS,38,6.2,304.3,6.1,D,0
-15.6948,129.5908,321.2,1.2,1.1,2014-04-22,0519,Aqua,MODIS,40,6.2,305,6.9,D,0
-15.8541,130.6325,326,1.4,1.2,2014-04-22,0519,Aqua,MODIS,71,6.2,299.7,22.1,D,0
-16.512,124.5962,319.9,1.1,1.1,2014-04-22,0519,Aqua,MODIS,56,6.2,307.7,8.6,D,0
-16.9073,124.2326,319.4,1.2,1.1,2014-04-22,0519,Aqua,MODIS,20,6.2,306.1,5.6,D,0
-14.8555,131.9362,323,1.8,1.3,2014-04-22,0519,Aqua,MODIS,36,6.2,302.4,19.4,D,0
-16.1867,127.8732,323.9,1,1,2014-04-22,0519,Aqua,MODIS,61,6.2,310.9,8.2,D,0
-16.1308,127.8774,323.6,1,1,2014-04-22,0519,Aqua,MODIS,58,6.2,308.6,7.4,D,0
-15.2258,125.6072,341,1,1,2014-04-22,0519,Aqua,MODIS,89,6.2,306.2,35.4,D,0
-13.7682,130.7081,314.1,1.6,1.2,2014-04-22,0519,Aqua,MODIS,47,6.2,291.7,11.9,D,0
-14.9927,127.046,325.6,1,1,2014-04-22,0519,Aqua,MODIS,70,6.2,307.4,9.5,D,0
-15.0004,127.0567,326.3,1,1,2014-04-22,0519,Aqua,MODIS,58,6.2,308.2,10,D,0
-15.0087,127.0648,331.8,1,1,2014-04-22,0519,Aqua,MODIS,77,6.2,308.7,15.6,D,0
-15.2271,125.5978,326.7,1,1,2014-04-22,0519,Aqua,MODIS,74,6.2,305.1,14.3,D,0
-15.0164,127.0756,332.4,1,1,2014-04-22,0519,Aqua,MODIS,80,6.2,309.3,17,D,0
-13.9796,127.4251,322,1,1,2014-04-22,0519,Aqua,MODIS,45,6.2,300.4,6.4,D,0
-13.9888,127.4265,328.8,1,1,2014-04-22,0519,Aqua,MODIS,77,6.2,302.8,13.9,D,0
-13.9874,127.4361,325.7,1,1,2014-04-22,0519,Aqua,MODIS,38,6.2,302,10.1,D,0
-15.1801,125.6032,321.7,1,1,2014-04-22,0519,Aqua,MODIS,53,6.2,306.2,7.5,D,0
-14.7847,127.0203,337,1,1,2014-04-22,0519,Aqua,MODIS,85,6.2,299.1,27.1,D,0
-14.7951,127.0124,331.1,1,1,2014-04-22,0519,Aqua,MODIS,64,6.2,303.4,18.7,D,0
-14.7937,127.0217,334.6,1,1,2014-04-22,0519,Aqua,MODIS,83,6.2,300.5,22.8,D,0
-14.8055,127.0044,327,1,1,2014-04-22,0519,Aqua,MODIS,63,6.2,302.3,14.4,D,0
-14.8041,127.0138,337.8,1,1,2014-04-22,0519,Aqua,MODIS,85,6.2,304.6,28.8,D,0
-14.8145,127.0059,326.6,1,1,2014-04-22,0519,Aqua,MODIS,33,6.2,303.9,14,D,0
-14.0057,127.4389,324,1,1,2014-04-22,0519,Aqua,MODIS,48,6.2,302.3,8.6,D,0
-13.2053,131.3344,323.1,1.8,1.3,2014-04-22,0519,Aqua,MODIS,73,6.2,295.3,27,D,0
-13.139,131.4416,317.7,1.8,1.3,2014-04-22,0519,Aqua,MODIS,68,6.2,282.9,24.7,D,0
-14.9791,125.8569,319,1,1,2014-04-22,0519,Aqua,MODIS,47,6.2,303.1,7,D,0
-14.9804,125.8477,323.7,1,1,2014-04-22,0519,Aqua,MODIS,69,6.2,304.3,12.2,D,0
-14.9326,125.9258,347.6,1,1,2014-04-22,0519,Aqua,MODIS,93,6.2,309.1,46.6,D,0
-14.9339,125.9165,349.7,1,1,2014-04-22,0519,Aqua,MODIS,94,6.2,307,51.2,D,0
-15.1343,125.864,335.8,1,1,2014-04-22,0519,Aqua,MODIS,84,6.2,311.3,23.8,D,0
-15.1253,125.8626,333.8,1,1,2014-04-22,0519,Aqua,MODIS,82,6.2,308.1,20.6,D,0
-15.133,125.8733,324.8,1,1,2014-04-22,0519,Aqua,MODIS,65,6.2,308.6,9,D,0
-15.6971,125.5829,323.7,1,1,2014-04-22,0519,Aqua,MODIS,46,6.2,303.3,11.2,D,0
-16.004,125.6283,359.2,1,1,2014-04-22,0519,Aqua,MODIS,99,6.2,311.3,73.9,D,0
-16.2338,125.4301,327.5,1,1,2014-04-22,0519,Aqua,MODIS,61,6.2,309.6,12.7,D,0
-16.0054,125.6188,329.9,1,1,2014-04-22,0519,Aqua,MODIS,78,6.2,312.2,16.2,D,0
-15.9233,125.6776,323.7,1,1,2014-04-22,0519,Aqua,MODIS,35,6.2,308.4,8.8,D,0
-15.6706,125.5829,320.4,1,1,2014-04-22,0519,Aqua,MODIS,57,6.2,303.6,7.9,D,0
-16.0273,125.6609,323.5,1,1,2014-04-22,0519,Aqua,MODIS,67,6.2,308.4,10,D,0
-16.0286,125.6514,328,1,1,2014-04-22,0519,Aqua,MODIS,75,6.2,308.1,14.7,D,0
-15.956,125.6405,325.3,1,1,2014-04-22,0519,Aqua,MODIS,24,6.2,310.6,9.3,D,0
-15.9573,125.631,334.2,1,1,2014-04-22,0519,Aqua,MODIS,82,6.2,310.5,20,D,0
-15.9887,125.4701,323.7,1,1,2014-04-22,0519,Aqua,MODIS,68,6.2,307.5,10.8,D,0
-15.7268,125.6358,340.3,1,1,2014-04-22,0519,Aqua,MODIS,77,6.2,310.2,30.5,D,0
-15.7282,125.6263,343.9,1,1,2014-04-22,0519,Aqua,MODIS,89,6.2,306.8,38.2,D,0
-14.7313,132.0484,330.3,1.9,1.3,2014-04-22,0519,Aqua,MODIS,80,6.2,300.9,44.7,D,0
-14.7193,132.0462,322.7,1.9,1.3,2014-04-22,0519,Aqua,MODIS,43,6.2,299.4,23.2,D,0
-16.1021,125.5124,328.5,1,1,2014-04-22,0519,Aqua,MODIS,72,6.2,307.2,14.4,D,0
-16.1007,125.5219,344.4,1,1,2014-04-22,0519,Aqua,MODIS,91,6.2,310,39.6,D,0
-16.056,125.7777,323.4,1,1,2014-04-22,0519,Aqua,MODIS,65,6.2,308.3,10.1,D,0
-16.0573,125.7682,328.1,1,1,2014-04-22,0519,Aqua,MODIS,75,6.2,307.3,15.7,D,0
-15.9586,125.6214,334.5,1,1,2014-04-22,0519,Aqua,MODIS,83,6.2,311.2,20.6,D,0
-15.9599,125.6119,330.1,1,1,2014-04-22,0519,Aqua,MODIS,73,6.2,311.3,14.5,D,0
-16.0936,125.9725,321.9,1,1,2014-04-22,0519,Aqua,MODIS,48,6.2,308.2,7,D,0
-16.0949,125.9631,336.8,1,1,2014-04-22,0519,Aqua,MODIS,84,6.2,308.5,24.8,D,0
-15.7138,125.6628,325.7,1,1,2014-04-22,0519,Aqua,MODIS,29,6.2,306.9,11,D,0
-15.7151,125.6533,355.5,1,1,2014-04-22,0519,Aqua,MODIS,97,6.2,311.2,62.8,D,0
-15.7178,125.6344,334.4,1,1,2014-04-22,0519,Aqua,MODIS,62,6.2,306.1,22.1,D,0
-15.7191,125.6249,337.4,1,1,2014-04-22,0519,Aqua,MODIS,85,6.2,305.3,28.1,D,0
-15.6853,125.6681,326.4,1,1,2014-04-22,0519,Aqua,MODIS,65,6.2,307.8,11.7,D,0
-15.6672,125.6654,324.9,1,1,2014-04-22,0519,Aqua,MODIS,46,6.2,308.7,10.2,D,0
-15.6693,125.5924,330,1,1,2014-04-22,0519,Aqua,MODIS,78,6.2,305.8,18.2,D,0
-15.9259,125.6586,327.4,1,1,2014-04-22,0519,Aqua,MODIS,39,6.2,308.3,12.3,D,0
-15.8808,125.5158,327,1,1,2014-04-22,0519,Aqua,MODIS,54,6.2,306.6,14.2,D,0
-15.8912,125.5076,321.7,1,1,2014-04-22,0519,Aqua,MODIS,41,6.2,305.2,9.2,D,0
-15.8821,125.5063,333.1,1,1,2014-04-22,0519,Aqua,MODIS,82,6.2,305.7,23.1,D,0
-15.8717,125.5144,356.1,1,1,2014-04-22,0519,Aqua,MODIS,98,6.2,308.7,68,D,0
-15.873,125.5048,327.5,1,1,2014-04-22,0519,Aqua,MODIS,63,6.2,304.3,15.3,D,0
-15.8636,125.5173,341.9,1,1,2014-04-22,0519,Aqua,MODIS,89,6.2,309.2,35.8,D,0
-15.8704,125.5239,326.3,1,1,2014-04-22,0519,Aqua,MODIS,63,6.2,306.5,13.3,D,0
-15.8519,125.5349,320.3,1,1,2014-04-22,0519,Aqua,MODIS,42,6.2,305.9,6.3,D,0
-15.8649,125.5077,341,1,1,2014-04-22,0519,Aqua,MODIS,88,6.2,307.9,35.7,D,0
-15.8441,125.5239,329.9,1,1,2014-04-22,0519,Aqua,MODIS,78,6.2,308.5,18,D,0
-15.8428,125.5336,323.6,1,1,2014-04-22,0519,Aqua,MODIS,68,6.2,308.3,10.3,D,0
-16.1814,125.4715,330.6,1,1,2014-04-22,0519,Aqua,MODIS,78,6.2,307.7,18.3,D,0
-16.1827,125.4618,330.2,1,1,2014-04-22,0519,Aqua,MODIS,78,6.2,309.5,17.9,D,0
-14.8928,133.2515,317.9,2.3,1.5,2014-04-22,0519,Aqua,MODIS,42,6.2,296.4,21.8,D,0
-15.0394,132.2556,330.1,1.9,1.4,2014-04-22,0519,Aqua,MODIS,80,6.2,300.3,44.8,D,0
-15.0304,132.2357,321.3,1.9,1.4,2014-04-22,0519,Aqua,MODIS,34,6.2,299.4,18.4,D,0
-15.0334,132.2179,320.9,1.9,1.4,2014-04-22,0519,Aqua,MODIS,35,6.2,300.6,17,D,0
-15.0244,132.1981,324.3,1.9,1.4,2014-04-22,0519,Aqua,MODIS,58,6.2,300.1,25.2,D,0
-15.0308,132.2119,327.4,1.9,1.4,2014-04-22,0519,Aqua,MODIS,66,6.2,301,34,D,0
-14.9074,131.951,333.1,1.8,1.3,2014-04-22,0519,Aqua,MODIS,83,6.2,301.6,49.3,D,0
-14.9363,125.9643,319.2,1,1,2014-04-22,0519,Aqua,MODIS,56,6.2,305,6.7,D,0
-14.9376,125.955,328.7,1,1,2014-04-22,0519,Aqua,MODIS,77,6.2,305.7,17.2,D,0
-14.9402,125.9365,319.4,1,1,2014-04-22,0519,Aqua,MODIS,57,6.2,305,7.4,D,0
-14.9416,125.9272,325.2,1,1,2014-04-22,0519,Aqua,MODIS,72,6.2,305.5,13.5,D,0
-14.7872,131.9766,322.8,1.9,1.3,2014-04-22,0519,Aqua,MODIS,70,6.2,302.3,22.1,D,0
-14.7902,131.9596,339.2,1.9,1.3,2014-04-22,0519,Aqua,MODIS,88,6.2,303,75,D,0
-14.7753,131.9745,368.9,1.9,1.3,2014-04-22,0519,Aqua,MODIS,100,6.2,305,250.4,D,0
-14.7782,131.9575,349.7,1.9,1.3,2014-04-22,0519,Aqua,MODIS,94,6.2,302.7,122.2,D,0
-14.7964,131.9535,335.6,1.9,1.3,2014-04-22,0519,Aqua,MODIS,85,6.2,302.5,60.2,D,0
-14.7788,131.9856,345.4,1.9,1.3,2014-04-22,0519,Aqua,MODIS,92,6.2,303.1,103.5,D,0
-14.7817,131.9684,370.2,1.9,1.3,2014-04-22,0519,Aqua,MODIS,100,6.2,306,262.6,D,0
-14.7845,131.9514,336.3,1.9,1.3,2014-04-22,0519,Aqua,MODIS,86,6.2,302.5,64.6,D,0
-14.9911,132.0783,350.1,1.9,1.3,2014-04-22,0519,Aqua,MODIS,95,6.2,302.1,128.7,D,0
-14.9791,132.0761,334.2,1.9,1.3,2014-04-22,0519,Aqua,MODIS,84,6.2,301.4,55.8,D,0
-14.9821,132.0589,351.8,1.9,1.3,2014-04-22,0519,Aqua,MODIS,96,6.2,302.9,134.9,D,0
-14.973,132.0397,326.8,1.9,1.3,2014-04-22,0519,Aqua,MODIS,77,6.2,302,31.3,D,0
-14.9732,131.9975,331.5,1.9,1.3,2014-04-22,0519,Aqua,MODIS,49,6.2,301.7,40.4,D,0
-14.9641,131.9785,363.2,1.9,1.3,2014-04-22,0519,Aqua,MODIS,100,6.2,302.9,199.6,D,0
-14.9699,131.9862,358.8,1.9,1.3,2014-04-22,0519,Aqua,MODIS,99,6.2,303.1,174.1,D,0
-14.9728,131.9694,344.5,1.8,1.3,2014-04-22,0519,Aqua,MODIS,92,6.2,302.4,96.5,D,0
-14.9609,131.9673,338.5,1.8,1.3,2014-04-22,0519,Aqua,MODIS,88,6.2,301,68.7,D,0
-14.9312,131.9552,346.1,1.8,1.3,2014-04-22,0519,Aqua,MODIS,92,6.2,300.7,100.8,D,0
-14.9193,131.9531,348.3,1.8,1.3,2014-04-22,0519,Aqua,MODIS,94,6.2,301.3,112.8,D,0
-14.9431,131.9574,329.6,1.8,1.3,2014-04-22,0519,Aqua,MODIS,29,6.2,300.5,34.9,D,0
-15.0479,132.5785,323.6,2,1.4,2014-04-22,0519,Aqua,MODIS,72,6.2,297.8,32.9,D,0
-15.0497,132.5858,321,2,1.4,2014-04-22,0519,Aqua,MODIS,67,6.2,297.8,26.3,D,0
-15.053,132.567,320.3,2,1.4,2014-04-22,0519,Aqua,MODIS,66,6.2,298.2,24.6,D,0
-15.1034,125.8879,323.9,1,1,2014-04-22,0519,Aqua,MODIS,63,6.2,308.1,9.5,D,0
-15.4041,125.6462,324.8,1,1,2014-04-22,0519,Aqua,MODIS,69,6.2,306.2,11.1,D,0
-13.9102,131.8619,324,1.9,1.3,2014-04-22,0519,Aqua,MODIS,71,6.2,288.6,33.6,D,0
-13.6574,131.4622,326.3,1.8,1.3,2014-04-22,0519,Aqua,MODIS,79,6.2,300.3,33.3,D,0
-13.6547,131.4785,324.8,1.8,1.3,2014-04-22,0519,Aqua,MODIS,60,6.2,300.1,28.1,D,0
-13.6629,131.469,342.6,1.8,1.3,2014-04-22,0519,Aqua,MODIS,91,6.2,301.7,85.1,D,0
-14.967,132.0033,332.3,1.9,1.3,2014-04-22,0519,Aqua,MODIS,82,6.2,301.7,46.2,D,0
-14.964,132.0204,326.5,1.9,1.3,2014-04-22,0519,Aqua,MODIS,48,6.2,302,28.3,D,0
-14.7669,131.9835,333.5,1.9,1.3,2014-04-22,0519,Aqua,MODIS,83,6.2,301.9,57,D,0
-14.764,132.0007,326.4,1.9,1.3,2014-04-22,0519,Aqua,MODIS,76,6.2,302.2,33.2,D,0
-14.7723,131.9917,345.2,1.9,1.3,2014-04-22,0519,Aqua,MODIS,92,6.2,303.1,101.6,D,0
-13.9011,131.8423,321.9,1.9,1.3,2014-04-22,0519,Aqua,MODIS,49,6.2,288.2,27.7,D,0
-13.8981,131.8597,327.7,1.9,1.3,2014-04-22,0519,Aqua,MODIS,80,6.2,289.1,43.6,D,0
-33.9066,117.8015,319.5,3.7,1.8,2014-04-22,0652,Aqua,MODIS,77,6.2,297.4,85.9,D,0
-33.2727,117.9277,311.4,3.9,1.8,2014-04-22,0652,Aqua,MODIS,64,6.2,299.7,36.5,D,0
-32.8386,116.3443,309.8,3.2,1.7,2014-04-22,0652,Aqua,MODIS,40,6.2,298.4,34.4,D,0
-32.8536,116.3494,308.4,3.2,1.7,2014-04-22,0652,Aqua,MODIS,28,6.2,297.6,27.6,D,0
-32.8499,116.3567,310.4,3.2,1.7,2014-04-22,0652,Aqua,MODIS,47,6.2,298.2,35.9,D,0
-34.2074,118.4827,311.5,4,1.9,2014-04-22,0652,Aqua,MODIS,69,6.2,295.3,51.7,D,0
-34.2036,118.4734,310,4,1.9,2014-04-22,0652,Aqua,MODIS,66,6.2,295.5,43.2,D,0
-33.7301,116.9845,309.2,3.4,1.7,2014-04-22,0652,Aqua,MODIS,58,6.2,297.4,23.3,D,0
-33.7066,116.7751,310.2,3.3,1.7,2014-04-22,0652,Aqua,MODIS,55,6.2,297.4,25.8,D,0
-33.6987,116.8093,310.5,3.3,1.7,2014-04-22,0652,Aqua,MODIS,61,6.2,296.9,26.2,D,0
-33.7025,116.7812,311.8,3.3,1.7,2014-04-22,0652,Aqua,MODIS,65,6.2,297.2,34.3,D,0
-33.9176,117.8016,317.9,3.7,1.8,2014-04-22,0652,Aqua,MODIS,75,6.2,297.2,75.5,D,0
-32.9227,117.4709,312.9,3.8,1.8,2014-04-22,0652,Aqua,MODIS,50,6.2,299.8,35.8,D,0
-32.9069,117.5009,312.2,3.8,1.8,2014-04-22,0652,Aqua,MODIS,63,6.2,300.3,35.1,D,0
-34.0817,118.3771,307.8,4,1.9,2014-04-22,0652,Aqua,MODIS,59,6.2,295.7,26.9,D,0
-34.0922,118.3349,308,4,1.9,2014-04-22,0652,Aqua,MODIS,59,6.2,296.4,28.6,D,0
-32.9166,117.4609,315.7,3.8,1.8,2014-04-22,0652,Aqua,MODIS,69,6.2,299.6,54.8,D,0
-32.9986,117.8046,312.9,3.9,1.8,2014-04-22,0652,Aqua,MODIS,65,6.2,298.9,42.8,D,0
-33.9337,118.2172,311.6,3.9,1.8,2014-04-22,0652,Aqua,MODIS,66,6.2,296.6,42.9,D,0
-33.0013,117.8105,313.3,3.9,1.8,2014-04-22,0652,Aqua,MODIS,66,6.2,299,47.3,D,0
-33.9021,116.5977,322.8,3.1,1.7,2014-04-22,0652,Aqua,MODIS,79,6.2,296.6,85.4,D,0
-33.8995,116.6046,316,3.1,1.7,2014-04-22,0652,Aqua,MODIS,72,6.2,296.5,50.8,D,0
-33.667,117.3526,326.5,3.6,1.8,2014-04-22,0652,Aqua,MODIS,82,6.2,299.4,119.1,D,0
-33.6583,117.3899,325.3,3.6,1.8,2014-04-22,0652,Aqua,MODIS,81,6.2,298.5,111.5,D,0
-33.6578,117.3539,328.9,3.6,1.8,2014-04-22,0652,Aqua,MODIS,84,6.2,298.9,138,D,0
-33.6734,117.3593,320.2,3.6,1.8,2014-04-22,0652,Aqua,MODIS,76,6.2,298.7,79.6,D,0
-33.6644,117.3965,312.2,3.6,1.8,2014-04-22,0652,Aqua,MODIS,65,6.2,298.3,36.9,D,0
-33.425,116.97,310,3.4,1.7,2014-04-22,0652,Aqua,MODIS,60,6.2,297.4,24.9,D,0
-33.1045,117.2464,318.5,3.6,1.8,2014-04-22,0652,Aqua,MODIS,74,6.2,299.9,70,D,0
-33.3255,118.0884,313.6,4,1.9,2014-04-22,0652,Aqua,MODIS,68,6.2,298.3,51.4,D,0
-33.047,118.1561,346.4,4.1,1.9,2014-04-22,0652,Aqua,MODIS,94,6.2,300.4,380,D,0
-33.0635,118.1621,323.5,4.1,1.9,2014-04-22,0652,Aqua,MODIS,79,6.2,299.3,123.1,D,0
-33.0479,118.1616,350.1,4.1,1.9,2014-04-22,0652,Aqua,MODIS,96,6.2,300.6,446.6,D,0
-33.863,117.5613,312.3,3.6,1.8,2014-04-22,0652,Aqua,MODIS,67,6.2,297.1,40.9,D,0
-33.0237,116.7627,327.3,3.4,1.7,2014-04-22,0652,Aqua,MODIS,82,6.2,299.2,120,D,0
-33.0154,116.7985,321.6,3.4,1.7,2014-04-22,0652,Aqua,MODIS,77,6.2,298.5,83,D,0
-33.0164,116.7649,319.8,3.4,1.7,2014-04-22,0652,Aqua,MODIS,75,6.2,299.4,67.4,D,0
-33.0316,116.7704,320.5,3.4,1.7,2014-04-22,0652,Aqua,MODIS,76,6.2,298.6,73.4,D,0
-33.8771,116.4428,309.7,3.1,1.7,2014-04-22,0652,Aqua,MODIS,60,6.2,296.9,23.7,D,0
-33.8736,116.4461,309.5,3.1,1.7,2014-04-22,0652,Aqua,MODIS,59,6.2,296.9,24.9,D,0
-33.9097,116.5648,317.8,3.1,1.7,2014-04-22,0652,Aqua,MODIS,74,6.2,297.6,60.1,D,0
-33.9072,116.5719,324,3.1,1.7,2014-04-22,0652,Aqua,MODIS,80,6.2,297.6,91.5,D,0
-33.7355,116.5733,309.9,3.2,1.7,2014-04-22,0652,Aqua,MODIS,60,6.2,297.3,28,D,0
-33.8797,117.5344,322.5,3.6,1.8,2014-04-22,0652,Aqua,MODIS,80,6.2,297.5,99.8,D,0
-33.7384,116.5665,310.6,3.2,1.7,2014-04-22,0652,Aqua,MODIS,63,6.2,297.1,30.6,D,0
-34.2051,117.3806,347.8,3.4,1.7,2014-04-22,0652,Aqua,MODIS,95,6.2,298.4,320.9,D,0
-34.1971,117.3815,353.6,3.4,1.7,2014-04-22,0652,Aqua,MODIS,97,6.2,299.6,397.8,D,0
-34.1964,117.4173,313.9,3.5,1.8,2014-04-22,0652,Aqua,MODIS,70,6.2,297.1,46.9,D,0
-33.1144,117.2449,315.2,3.6,1.8,2014-04-22,0652,Aqua,MODIS,69,6.2,299.1,51.1,D,0
-33.8672,117.6553,309.8,3.7,1.8,2014-04-22,0652,Aqua,MODIS,63,6.2,297.4,30.6,D,0
-33.4439,117.7803,310.5,3.8,1.8,2014-04-22,0652,Aqua,MODIS,62,6.2,298.8,32.8,D,0
-33.4383,117.7703,312.5,3.8,1.8,2014-04-22,0652,Aqua,MODIS,67,6.2,299.3,43.3,D,0
-32.5783,117.0271,314.5,3.6,1.8,2014-04-22,0652,Aqua,MODIS,67,6.2,300.7,45.3,D,0
-34.5594,117.3009,303.4,3.3,1.7,2014-04-22,0652,Aqua,MODIS,29,6.2,292.7,17.5,D,0
-32.6924,118.1484,318.5,4.2,1.9,2014-04-22,0652,Aqua,MODIS,73,6.2,300.7,83.1,D,0
-32.6258,118.1245,331.6,4.2,1.9,2014-04-22,0652,Aqua,MODIS,85,6.2,301.9,201.3,D,0
-32.6236,118.1155,334.3,4.2,1.9,2014-04-22,0652,Aqua,MODIS,87,6.2,301.9,229.2,D,0
-32.6815,118.1978,313.7,4.3,1.9,2014-04-22,0652,Aqua,MODIS,66,6.2,300.5,49.1,D,0
-32.6927,118.1533,320.5,4.2,1.9,2014-04-22,0652,Aqua,MODIS,76,6.2,300.8,97.8,D,0
-32.6814,118.1931,316.1,4.3,1.9,2014-04-22,0652,Aqua,MODIS,70,6.2,300.5,65,D,0
-30.0374,115.4684,328.9,3.3,1.7,2014-04-22,0653,Aqua,MODIS,81,6.2,280.6,134.6,D,0
-29.5701,115.6302,320.3,3.5,1.8,2014-04-22,0653,Aqua,MODIS,72,6.2,303.1,49,D,0
-29.5772,115.6365,318.8,3.5,1.8,2014-04-22,0653,Aqua,MODIS,70,6.2,303,42.6,D,0
-31.4252,116.7685,317.1,3.7,1.8,2014-04-22,0653,Aqua,MODIS,67,6.2,301.6,54.7,D,0
-30.6674,115.9758,319.1,3.5,1.8,2014-04-22,0653,Aqua,MODIS,68,6.2,302.8,50.9,D,0
-30.5476,116.245,333.3,3.6,1.8,2014-04-22,0653,Aqua,MODIS,85,6.2,303.3,158,D,0
-30.5461,116.2095,322.8,3.6,1.8,2014-04-22,0653,Aqua,MODIS,74,6.2,302.6,75.9,D,0
-30.5114,116.4771,318.3,3.8,1.8,2014-04-22,0653,Aqua,MODIS,46,6.2,302.8,42.7,D,0
-30.6428,116.1297,323.4,3.6,1.8,2014-04-22,0653,Aqua,MODIS,74,6.2,304.1,74.6,D,0
-32.0345,116.9244,314.7,3.7,1.8,2014-04-22,0653,Aqua,MODIS,65,6.2,302.2,41.8,D,0
-32.0397,116.9306,312.8,3.7,1.8,2014-04-22,0653,Aqua,MODIS,60,6.2,301.8,31.5,D,0
-30.642,116.1598,318.2,3.6,1.8,2014-04-22,0653,Aqua,MODIS,66,6.2,303,45.6,D,0
-28.9766,115.2187,313.1,3.4,1.7,2014-04-22,0653,Aqua,MODIS,40,6.2,296.7,28.9,D,0
-30.8295,116.1543,317.9,3.5,1.8,2014-04-22,0653,Aqua,MODIS,65,6.2,304.1,46.5,D,0
-32.0368,117.0136,314.1,3.7,1.8,2014-04-22,0653,Aqua,MODIS,64,6.2,302.4,40.2,D,0
-30.5026,116.5154,321.3,3.8,1.8,2014-04-22,0653,Aqua,MODIS,72,6.2,303.1,62.1,D,0
-30.8662,116.3326,320.4,3.6,1.8,2014-04-22,0653,Aqua,MODIS,70,6.2,304.5,61.5,D,0
-30.8722,116.3387,322.2,3.6,1.8,2014-04-22,0653,Aqua,MODIS,73,6.2,304.4,73.8,D,0
-30.5375,116.2463,333,3.6,1.8,2014-04-22,0653,Aqua,MODIS,84,6.2,303.2,155.4,D,0
-30.9281,116.3166,320.2,3.6,1.8,2014-04-22,0653,Aqua,MODIS,70,6.2,301.8,59.7,D,0
-30.5317,116.2402,317.6,3.6,1.8,2014-04-22,0653,Aqua,MODIS,64,6.2,302.7,44,D,0
-31.9959,116.8715,313.6,3.7,1.8,2014-04-22,0653,Aqua,MODIS,63,6.2,301.3,36.8,D,0
-30.0449,115.435,329.2,3.3,1.7,2014-04-22,0653,Aqua,MODIS,81,6.2,283.3,135,D,0
-30.5158,116.4829,319.2,3.8,1.8,2014-04-22,0653,Aqua,MODIS,68,6.2,302.8,53.3,D,0
-30.5068,116.5212,319.1,3.8,1.8,2014-04-22,0653,Aqua,MODIS,68,6.2,303.1,51.5,D,0
-30.556,116.2082,317.7,3.6,1.8,2014-04-22,0653,Aqua,MODIS,55,6.2,302.6,43.6,D,0
-32.0814,117.293,311.4,3.9,1.8,2014-04-22,0653,Aqua,MODIS,58,6.2,300.9,29.9,D,0
-30.38,115.2458,315,3.2,1.7,2014-04-22,0653,Aqua,MODIS,61,6.2,300.1,41.3,D,0
-31.9914,116.7482,331.6,3.6,1.8,2014-04-22,0653,Aqua,MODIS,85,6.2,301.5,154.2,D,0
-31.023,116.3161,317.8,3.6,1.8,2014-04-22,0653,Aqua,MODIS,67,6.2,302.9,49.4,D,0
-31.983,117.1636,315,3.8,1.8,2014-04-22,0653,Aqua,MODIS,64,6.2,301.3,45.6,D,0
-31.9837,116.7374,332.2,3.6,1.8,2014-04-22,0653,Aqua,MODIS,85,6.2,302.4,163.2,D,0
-31.9791,117.158,318.2,3.8,1.8,2014-04-22,0653,Aqua,MODIS,71,6.2,301.7,65.5,D,0
-31.5898,117.6801,316.7,4.2,1.9,2014-04-22,0653,Aqua,MODIS,67,6.2,301.5,57.7,D,0
-35.7496,137.3941,312.6,3.6,1.8,2014-04-22,1259,Terra,MODIS,85,6.2,279.1,100.2,N,0
-35.7423,137.3861,317.8,3.6,1.8,2014-04-22,1259,Terra,MODIS,96,6.2,278.3,128.6,N,0
-29.0164,148.7238,320.7,1.1,1,2014-04-22,1301,Terra,MODIS,100,6.2,291.4,20.6,N,0
-29.0222,148.7478,323.6,1.1,1,2014-04-22,1301,Terra,MODIS,100,6.2,291.8,23.9,N,0
-29.0239,148.7368,317.8,1.1,1,2014-04-22,1301,Terra,MODIS,96,6.2,291.5,17.3,N,0
-29.0129,148.7459,301.2,1.1,1,2014-04-22,1301,Terra,MODIS,26,6.2,290.3,4.5,N,0
-27.976,147.713,313.2,1,1,2014-04-22,1301,Terra,MODIS,87,6.2,290.9,12.6,N,0
-27.9744,147.7234,309,1,1,2014-04-22,1301,Terra,MODIS,76,6.2,290.3,9.5,N,0
-29.0146,148.7348,331.1,1.1,1,2014-04-22,1301,Terra,MODIS,100,6.2,291.4,33.9,N,0
-28.7795,147.7059,303.2,1,1,2014-04-22,1301,Terra,MODIS,54,6.2,291,5.7,N,0
-25.7511,151.1702,302.8,1.6,1.3,2014-04-22,1302,Terra,MODIS,52,6.2,271.4,15.1,N,0
-30.8665,121.4887,301.5,1,1,2014-04-22,1439,Terra,MODIS,42,6.2,285.6,7.4,N,2
-32.9944,118.4495,306.1,1.4,1.2,2014-04-22,1439,Terra,MODIS,67,6.2,280.9,18.1,N,0
-33.5563,118.6401,300.3,1.4,1.2,2014-04-22,1439,Terra,MODIS,24,6.2,281.9,11.6,N,0
-33.8739,117.521,314.4,1.7,1.3,2014-04-22,1439,Terra,MODIS,89,6.2,279.5,34.8,N,0
-34.3197,117.1503,307.7,1.8,1.3,2014-04-22,1439,Terra,MODIS,72,6.2,279.1,26.4,N,0
-33.8722,117.5391,327.8,1.7,1.3,2014-04-22,1439,Terra,MODIS,100,6.2,281.4,62.7,N,0
-33.567,118.6418,333.9,1.4,1.2,2014-04-22,1439,Terra,MODIS,100,6.2,285.3,62,N,0
-33.576,118.6585,312.1,1.4,1.2,2014-04-22,1439,Terra,MODIS,84,6.2,281.6,24.1,N,0
-33.4608,118.1329,307,1.5,1.2,2014-04-22,1439,Terra,MODIS,70,6.2,283,20,N,0
-33.218,121.6604,305.5,1,1,2014-04-22,1439,Terra,MODIS,65,6.2,282.8,10.6,N,0
-33.3682,120.0574,309.8,1.2,1.1,2014-04-22,1439,Terra,MODIS,78,6.2,282.7,16.1,N,0
-33.3662,120.0638,310.1,1.2,1.1,2014-04-22,1439,Terra,MODIS,79,6.2,282.1,17.2,N,0
-32.9961,118.4342,301.4,1.4,1.2,2014-04-22,1439,Terra,MODIS,41,6.2,281.2,13.5,N,0
-33.5654,118.657,319,1.4,1.2,2014-04-22,1439,Terra,MODIS,98,6.2,281.4,33,N,0
-33.2273,121.6622,310.4,1,1,2014-04-22,1439,Terra,MODIS,80,6.2,284.3,13.7,N,0
-33.6862,118.4766,309.1,1.4,1.2,2014-04-22,1439,Terra,MODIS,76,6.2,282.1,21.9,N,0
-33.7291,118.4095,326.9,1.5,1.2,2014-04-22,1439,Terra,MODIS,100,6.2,282.1,50.4,N,0
-33.7362,118.4202,303.2,1.5,1.2,2014-04-22,1439,Terra,MODIS,54,6.2,279.4,15.4,N,0
-33.7379,118.4043,305.8,1.5,1.2,2014-04-22,1439,Terra,MODIS,66,6.2,279.7,18.1,N,0
-33.727,118.4028,314.4,1.5,1.2,2014-04-22,1439,Terra,MODIS,75,6.2,281.5,27.6,N,0
-34.0637,118.0089,313.4,1.6,1.2,2014-04-22,1439,Terra,MODIS,87,6.2,281.8,30.8,N,0
-33.4226,117.7301,306.6,1.6,1.2,2014-04-22,1439,Terra,MODIS,69,6.2,283.1,19.6,N,0
-33.516,118.4705,309.8,1.4,1.2,2014-04-22,1439,Terra,MODIS,7,6.2,282.8,19.2,N,0
-33.4209,117.7472,321.4,1.6,1.2,2014-04-22,1439,Terra,MODIS,100,6.2,283.8,43.1,N,0
-33.4624,117.8978,332.8,1.6,1.2,2014-04-22,1439,Terra,MODIS,100,6.2,285.9,68.5,N,0
-33.4607,117.9146,312.6,1.6,1.2,2014-04-22,1439,Terra,MODIS,85,6.2,284.4,27.9,N,0
-33.9011,117.8172,301.9,1.6,1.2,2014-04-22,1439,Terra,MODIS,45,6.2,281,16.5,N,0
-33.9757,117.746,301.9,1.6,1.2,2014-04-22,1439,Terra,MODIS,45,6.2,280.7,16.1,N,0
-33.4321,117.7488,304.3,1.6,1.2,2014-04-22,1439,Terra,MODIS,59,6.2,282.6,16.9,N,0
-33.4327,117.7379,306.1,1.6,1.2,2014-04-22,1439,Terra,MODIS,37,6.2,283.1,17.9,N,0
-33.5101,118.7715,302.4,1.4,1.2,2014-04-22,1439,Terra,MODIS,49,6.2,281.1,13.4,N,0
-33.334,118.572,315.7,1.4,1.2,2014-04-22,1439,Terra,MODIS,92,6.2,282.3,28.4,N,0
-33.343,118.5891,343.9,1.4,1.2,2014-04-22,1439,Terra,MODIS,100,6.2,287.3,88.4,N,0
-33.3534,121.2491,303,1.1,1,2014-04-22,1439,Terra,MODIS,53,6.2,282.6,9.4,N,0
-33.3447,118.5737,364.3,1.4,1.2,2014-04-22,1439,Terra,MODIS,100,6.2,289.7,168.6,N,0
-33.5117,118.7565,306.7,1.4,1.2,2014-04-22,1439,Terra,MODIS,69,6.2,281,17.5,N,0
-33.5058,118.7645,304.6,1.4,1.2,2014-04-22,1439,Terra,MODIS,61,6.2,280.6,16.1,N,0
-33.5148,121.8329,313.3,1,1,2014-04-22,1439,Terra,MODIS,87,6.2,282.3,16.4,N,0
-33.6002,121.7571,312.4,1,1,2014-04-22,1439,Terra,MODIS,85,6.2,281.6,15.8,N,0
-33.6017,121.7458,323.3,1,1,2014-04-22,1439,Terra,MODIS,100,6.2,282.1,26.4,N,0
-33.3467,118.5962,306.6,1.4,1.2,2014-04-22,1439,Terra,MODIS,61,6.2,283.7,16.6,N,0
-33.3483,118.5808,318.9,1.4,1.2,2014-04-22,1439,Terra,MODIS,98,6.2,286.8,33,N,0
-33.435,121.7424,301.3,1,1,2014-04-22,1439,Terra,MODIS,40,6.2,282.4,7.9,N,0
-33.4364,121.7312,302.8,1,1,2014-04-22,1439,Terra,MODIS,52,6.2,283.5,8.7,N,0
-33.4292,121.7355,327.7,1,1,2014-04-22,1439,Terra,MODIS,100,6.2,284.6,31.8,N,0
-21.3341,119.7796,312.4,1,1,2014-04-22,1442,Terra,MODIS,85,6.2,292.8,10.8,N,0
-15.7055,125.6226,306.2,2.2,1.5,2014-04-22,1443,Terra,MODIS,49,6.2,293,17,N,0
-15.8738,125.4925,305.9,2.2,1.4,2014-04-22,1443,Terra,MODIS,55,6.2,293.9,16.5,N,0
-15.8723,125.4978,309.4,2.2,1.4,2014-04-22,1443,Terra,MODIS,47,6.2,294,22.3,N,0
-15.8703,125.5127,304.1,2.2,1.4,2014-04-22,1443,Terra,MODIS,31,6.2,293.7,13,N,0
-15.8573,125.511,306.1,2.2,1.4,2014-04-22,1443,Terra,MODIS,32,6.2,294,15.1,N,0
-17.061,123.9885,307.5,1.6,1.2,2014-04-22,1443,Terra,MODIS,28,6.2,295,11.8,N,0
-17.2907,124.2001,302.3,1.6,1.3,2014-04-22,1443,Terra,MODIS,48,6.2,292,9,N,0
-16.6459,124.6033,309,1.8,1.3,2014-04-22,1443,Terra,MODIS,66,6.2,295.5,16.7,N,0
-16.643,124.6202,314.7,1.8,1.3,2014-04-22,1443,Terra,MODIS,90,6.2,295,26.8,N,0
-16.6576,124.6063,305.8,1.8,1.3,2014-04-22,1443,Terra,MODIS,37,6.2,294.8,11.6,N,0
-14.9338,131.9422,307.5,2.5,1.5,2014-04-22,1610,Aqua,MODIS,50,6.2,289.6,25.8,N,0
-14.9379,131.965,309.2,2.5,1.5,2014-04-22,1610,Aqua,MODIS,71,6.2,289.3,29.8,N,0
-14.9514,131.9624,307.6,2.5,1.5,2014-04-22,1610,Aqua,MODIS,20,6.2,289.3,24.5,N,0
-20.7371,139.4804,302.8,1.1,1,2014-04-22,1611,Aqua,MODIS,51,6.2,290.9,4.5,N,2
-33.4297,121.0745,300.7,3.7,1.8,2014-04-22,1754,Aqua,MODIS,32,6.2,278.2,55.3,N,0
-33.8192,117.2917,317.8,2.1,1.4,2014-04-22,1754,Aqua,MODIS,96,6.2,277.6,60.6,N,0
-34.0568,118.0303,307.2,2.4,1.5,2014-04-22,1754,Aqua,MODIS,69,6.2,278.9,40.3,N,0
-33.8178,117.2846,313,2.1,1.4,2014-04-22,1754,Aqua,MODIS,86,6.2,277.1,48.8,N,0
-34.0477,118.0127,304.4,2.3,1.5,2014-04-22,1754,Aqua,MODIS,60,6.2,277.7,36.3,N,0
-24.1262,151.4887,317.3,1.2,1.1,2014-04-22,2358,Terra,MODIS,61,6.2,286.7,17.2,D,0
-26.7953,150.2057,317.8,1.2,1.1,2014-04-22,2359,Terra,MODIS,68,6.2,301.1,11.7,D,0
-28.0802,151.5617,311.1,1.1,1,2014-04-22,2359,Terra,MODIS,60,6.2,298.6,5.5,D,0
-28.2455,152.0219,311.1,1,1,2014-04-22,2359,Terra,MODIS,61,6.2,298.2,5.6,D,0
-28.0696,151.8969,329,1,1,2014-04-22,2359,Terra,MODIS,84,6.2,299.2,23.9,D,0
-29.2986,151.7893,312.2,1,1,2014-04-23,0000,Terra,MODIS,67,6.2,293.4,10.2,D,0
-28.8704,150.021,316.4,1.2,1.1,2014-04-23,0000,Terra,MODIS,67,6.2,301.6,7.3,D,0
-30.9955,151.5555,305.9,1,1,2014-04-23,0000,Terra,MODIS,52,6.2,294,4.2,D,0
-30.2247,151.5231,306.3,1,1,2014-04-23,0000,Terra,MODIS,56,6.2,293.2,4.9,D,0
-31.8186,152.6913,322.4,1,1,2014-04-23,0000,Terra,MODIS,81,6.2,294.8,17.6,D,0
-28.7456,152.8208,309.4,1,1,2014-04-23,0000,Terra,MODIS,60,6.2,296.6,5.6,D,0
-28.9998,153.1074,311.2,1,1,2014-04-23,0000,Terra,MODIS,67,6.2,297.8,7.3,D,0
-28.9611,152.2338,303.9,1,1,2014-04-23,0000,Terra,MODIS,19,6.2,293.6,3.3,D,0
-30.0711,152.7571,305.8,1,1,2014-04-23,0000,Terra,MODIS,59,6.2,293.1,5.3,D,0
-29.5798,152.7969,305.7,1,1,2014-04-23,0000,Terra,MODIS,56,6.2,295.1,3.9,D,0
-29.0164,148.7423,315.4,1.4,1.2,2014-04-23,0000,Terra,MODIS,62,6.2,301.2,12.2,D,0
-29.2968,152.0797,340.3,1,1,2014-04-23,0000,Terra,MODIS,91,6.2,291.9,43.9,D,0
-30.0695,152.7467,303.6,1,1,2014-04-23,0000,Terra,MODIS,50,6.2,292.8,3.9,D,0
-29.2952,152.0692,317.9,1,1,2014-04-23,0000,Terra,MODIS,75,6.2,292.8,14.4,D,0
-35.5962,150.2333,338.3,1,1,2014-04-23,0001,Terra,MODIS,91,6.2,288.4,40.4,D,0
-32.8315,146.4922,324.6,1.6,1.2,2014-04-23,0001,Terra,MODIS,81,6.2,295.2,37.9,D,0
-35.6052,150.2312,310.9,1,1,2014-04-23,0001,Terra,MODIS,46,6.2,282.3,9.5,D,0
-34.102,147.2419,308.1,1.3,1.2,2014-04-23,0001,Terra,MODIS,63,6.2,292.4,7.8,D,0
-32.6474,146.7436,311.4,1.5,1.2,2014-04-23,0001,Terra,MODIS,66,6.2,294,13.7,D,0
-32.8305,146.4856,322,1.6,1.2,2014-04-23,0001,Terra,MODIS,79,6.2,294.8,30.6,D,0
-36.4529,144.6552,303.8,1.7,1.3,2014-04-23,0002,Terra,MODIS,57,6.2,290.4,9.8,D,0
-14.3132,132.2583,314.7,1,1,2014-04-23,0134,Terra,MODIS,53,6.2,294.7,5.2,D,0
-14.3668,132.3738,328.3,1,1,2014-04-23,0134,Terra,MODIS,80,6.2,293.5,18.8,D,0
-14.2921,132.1763,319,1,1,2014-04-23,0134,Terra,MODIS,66,6.2,295.3,8.3,D,0
-14.2915,132.3624,322.4,1,1,2014-04-23,0134,Terra,MODIS,72,6.2,296.1,10.8,D,0
-14.3182,132.2291,316.9,1,1,2014-04-23,0134,Terra,MODIS,61,6.2,296.2,6.7,D,0
-14.2825,132.1742,322.9,1,1,2014-04-23,0134,Terra,MODIS,73,6.2,295.9,11.4,D,0
-14.3524,132.3379,320.4,1,1,2014-04-23,0134,Terra,MODIS,69,6.2,292.7,9.3,D,0
-14.3655,132.3645,323.8,1,1,2014-04-23,0134,Terra,MODIS,75,6.2,293.9,12.8,D,0
-14.2645,132.3664,318,1,1,2014-04-23,0134,Terra,MODIS,14,6.2,295.4,6.1,D,0
-14.3551,132.3565,328.9,1,1,2014-04-23,0134,Terra,MODIS,78,6.2,294.5,17.8,D,0
-13.6454,131.4747,323.4,1,1,2014-04-23,0134,Terra,MODIS,75,6.2,301.5,11.3,D,0
-13.1754,131.4738,317.6,1,1,2014-04-23,0134,Terra,MODIS,71,6.2,292.9,8.5,D,0
-13.174,131.4646,321.3,1,1,2014-04-23,0134,Terra,MODIS,75,6.2,293.3,12.1,D,0
-14.264,132.3,320.8,1,1,2014-04-23,0134,Terra,MODIS,38,6.2,294.5,9.1,D,0
-14.2627,132.2907,329,1,1,2014-04-23,0134,Terra,MODIS,80,6.2,294.9,18.4,D,0
-14.255,132.3013,327.5,1,1,2014-04-23,0134,Terra,MODIS,79,6.2,294.8,17,D,0
-14.2537,132.292,321.3,1,1,2014-04-23,0134,Terra,MODIS,60,6.2,294.6,10.2,D,0
-14.2527,132.3491,318.7,1,1,2014-04-23,0134,Terra,MODIS,46,6.2,294.5,7,D,0
-13.6129,130.3474,317.5,1.1,1,2014-04-23,0134,Terra,MODIS,67,6.2,293.8,10.5,D,0
-14.3136,132.3246,321.3,1,1,2014-04-23,0134,Terra,MODIS,49,6.2,296.6,9.6,D,0
-14.3123,132.3153,328,1,1,2014-04-23,0134,Terra,MODIS,79,6.2,296.4,17.4,D,0
-14.3109,132.306,318.5,1,1,2014-04-23,0134,Terra,MODIS,36,6.2,293.8,7.2,D,0
-11.2957,131.4095,316.9,1,1,2014-04-23,0134,Terra,MODIS,34,6.2,299.2,7.3,D,0
-13.6114,130.3377,311.8,1.1,1,2014-04-23,0134,Terra,MODIS,43,6.2,292.8,5.3,D,0
-16.5971,129.0375,322,1.1,1.1,2014-04-23,0135,Terra,MODIS,64,6.2,309.5,7.4,D,0
-16.3945,125.2124,315.3,2,1.4,2014-04-23,0135,Terra,MODIS,32,6.2,303.1,13.3,D,0
-16.596,129.0911,321.9,1.1,1.1,2014-04-23,0135,Terra,MODIS,54,6.2,308.7,8,D,0
-16.6352,124.6289,321.6,2.1,1.4,2014-04-23,0135,Terra,MODIS,62,6.2,305,29.3,D,0
-16.6847,124.6115,323.5,2.1,1.4,2014-04-23,0135,Terra,MODIS,70,6.2,305.9,32.2,D,0
-16.6957,124.6723,321.8,2.1,1.4,2014-04-23,0135,Terra,MODIS,61,6.2,305.3,28.6,D,0
-16.2136,124.9249,327.8,2.1,1.4,2014-04-23,0135,Terra,MODIS,78,6.2,304.8,49.2,D,0
-16.5943,129.0807,325,1.1,1.1,2014-04-23,0135,Terra,MODIS,70,6.2,310.5,11.7,D,0
-16.5849,129.0823,326.2,1.1,1.1,2014-04-23,0135,Terra,MODIS,66,6.2,309.4,12.5,D,0
-16.2261,124.9224,318.6,2.1,1.4,2014-04-23,0135,Terra,MODIS,48,6.2,302.3,22.1,D,0
-16.21,124.9051,322.2,2.1,1.4,2014-04-23,0135,Terra,MODIS,61,6.2,303.1,30.4,D,0
-16.3683,127.8126,318.4,1.3,1.1,2014-04-23,0135,Terra,MODIS,57,6.2,306,10.1,D,0
-15.3799,129.6668,325.5,1.1,1,2014-04-23,0135,Terra,MODIS,69,6.2,304.9,12.6,D,0
-15.6162,130.9191,321.1,1,1,2014-04-23,0135,Terra,MODIS,62,6.2,302.2,7.5,D,0
-15.6176,130.9284,321.9,1,1,2014-04-23,0135,Terra,MODIS,65,6.2,303.5,8.2,D,0
-14.1243,127.5501,328.4,1.5,1.2,2014-04-23,0135,Terra,MODIS,67,6.2,305.9,23.7,D,0
-16.9641,125.3793,319,1.9,1.3,2014-04-23,0135,Terra,MODIS,46,6.2,304.8,15.2,D,0
-16.3399,127.8303,318.4,1.3,1.1,2014-04-23,0135,Terra,MODIS,56,6.2,305.8,9.9,D,0
-15.5832,130.34,317.9,1,1,2014-04-23,0135,Terra,MODIS,44,6.2,302,6.2,D,0
-15.5847,130.3495,320.1,1,1,2014-04-23,0135,Terra,MODIS,60,6.2,302.8,8.5,D,0
-14.9477,131.9392,336.1,1,1,2014-04-23,0135,Terra,MODIS,86,6.2,299.1,26.1,D,0
-14.1296,127.5569,322.9,1.5,1.2,2014-04-23,0135,Terra,MODIS,50,6.2,305.4,10.9,D,0
-16.1217,127.8797,327.3,1.3,1.1,2014-04-23,0135,Terra,MODIS,76,6.2,305.9,22.9,D,0
-15.9264,129.4615,325.6,1.1,1,2014-04-23,0135,Terra,MODIS,72,6.2,305.6,12.8,D,0
-15.9248,129.4514,325.7,1.1,1,2014-04-23,0135,Terra,MODIS,73,6.2,305.8,13.2,D,0
-14.9117,131.9446,328.3,1,1,2014-04-23,0135,Terra,MODIS,78,6.2,297.2,17.2,D,0
-14.9373,131.9313,323.5,1,1,2014-04-23,0135,Terra,MODIS,28,6.2,298.8,10.3,D,0
-14.9463,131.93,332,1,1,2014-04-23,0135,Terra,MODIS,80,6.2,298.1,20.5,D,0
-16.6472,126.0912,317.2,1.7,1.3,2014-04-23,0135,Terra,MODIS,56,6.2,304.3,13.7,D,0
-16.3702,127.8249,318,1.3,1.1,2014-04-23,0135,Terra,MODIS,55,6.2,304.9,9.6,D,0
-16.257,124.51,314.9,2.2,1.4,2014-04-23,0135,Terra,MODIS,31,6.2,302.2,15.3,D,0
-16.2597,124.5166,314.5,2.2,1.4,2014-04-23,0135,Terra,MODIS,41,6.2,302.1,16.1,D,0
-15.3868,129.67,323.3,1.1,1,2014-04-23,0135,Terra,MODIS,63,6.2,305.7,12.2,D,0
-16.6496,126.0969,317.6,1.7,1.3,2014-04-23,0135,Terra,MODIS,46,6.2,304.3,13,D,0
-16.8125,124.6636,324.5,2.1,1.4,2014-04-23,0135,Terra,MODIS,73,6.2,306.2,36,D,0
-15.0996,125.7624,314.4,1.9,1.3,2014-04-23,0135,Terra,MODIS,43,6.2,301.2,13.3,D,0
-16.8125,131.2858,325,1,1,2014-04-23,0135,Terra,MODIS,69,6.2,307.8,9.2,D,0
-15.7017,125.6149,335.4,1.9,1.3,2014-04-23,0135,Terra,MODIS,86,6.2,302.6,68.7,D,0
-15.7048,125.6325,348.4,1.9,1.3,2014-04-23,0135,Terra,MODIS,94,6.2,305.6,125.6,D,0
-15.8913,125.5427,314.6,1.9,1.3,2014-04-23,0135,Terra,MODIS,23,6.2,302.2,12,D,0
-15.7328,125.6201,315.5,1.9,1.3,2014-04-23,0135,Terra,MODIS,37,6.2,302.8,13.3,D,0
-15.8359,125.5406,315.3,1.9,1.3,2014-04-23,0135,Terra,MODIS,53,6.2,302.8,15.4,D,0
-15.866,125.4991,319.9,1.9,1.4,2014-04-23,0135,Terra,MODIS,67,6.2,302.3,26.4,D,0
-16.4023,131.6278,323.1,1,1,2014-04-23,0135,Terra,MODIS,59,6.2,307.4,8.4,D,0
-15.0244,132.2126,321.2,1,1,2014-04-23,0135,Terra,MODIS,66,6.2,299.8,8.8,D,0
-15.0378,132.2428,320.2,1,1,2014-04-23,0135,Terra,MODIS,65,6.2,299.8,8.9,D,0
-15.0391,132.2522,325.2,1,1,2014-04-23,0135,Terra,MODIS,74,6.2,300.4,14.3,D,0
-14.786,131.9666,317.6,1,1,2014-04-23,0135,Terra,MODIS,47,6.2,296.2,6.3,D,0
-14.9594,131.9564,333.8,1,1,2014-04-23,0135,Terra,MODIS,84,6.2,298.8,23.1,D,0
-14.9607,131.9656,320.1,1,1,2014-04-23,0135,Terra,MODIS,21,6.2,298.6,7,D,0
-16.5748,129.1744,322.5,1.1,1,2014-04-23,0135,Terra,MODIS,54,6.2,307.8,9,D,0
-16.5842,129.1729,347,1.1,1,2014-04-23,0135,Terra,MODIS,92,6.2,309.7,49.7,D,0
-16.5858,129.1831,333.9,1.1,1,2014-04-23,0135,Terra,MODIS,82,6.2,309.2,23.6,D,0
-16.5997,129.1749,320.9,1.1,1,2014-04-23,0135,Terra,MODIS,59,6.2,308,7,D,0
-16.6577,129.1759,332.1,1.1,1,2014-04-23,0135,Terra,MODIS,80,6.2,308.5,21.6,D,0
-19.4439,127.7499,325.8,1.2,1.1,2014-04-23,0136,Terra,MODIS,71,6.2,308.1,14.6,D,0
-18.885,127.5337,322.6,1.2,1.1,2014-04-23,0136,Terra,MODIS,63,6.2,306.9,12,D,0
-17.2986,124.2155,322.2,2.2,1.4,2014-04-23,0136,Terra,MODIS,68,6.2,304.6,32.3,D,0
-17.2948,124.1946,331.2,2.2,1.5,2014-04-23,0136,Terra,MODIS,81,6.2,305.1,68.7,D,0
-17.291,124.1737,323.3,2.3,1.5,2014-04-23,0136,Terra,MODIS,70,6.2,303.8,37.3,D,0
-20.2851,123.6774,321.9,2.1,1.4,2014-04-23,0136,Terra,MODIS,30,6.2,306.9,20.1,D,0
-20.2845,123.6716,321.8,2.1,1.4,2014-04-23,0136,Terra,MODIS,48,6.2,307.4,21.1,D,0
-21.8358,119.6547,316.6,3.8,1.8,2014-04-23,0137,Terra,MODIS,56,6.2,302.4,40.6,D,0
-21.8521,119.6507,326.2,3.8,1.8,2014-04-23,0137,Terra,MODIS,76,6.2,302.1,108.2,D,0
-21.8414,119.6475,327.2,3.8,1.8,2014-04-23,0137,Terra,MODIS,77,6.2,302.5,117.1,D,0
-30.8672,121.504,312.7,1.8,1.3,2014-04-23,0139,Terra,MODIS,69,6.2,294.3,17.5,D,2
-30.8725,121.4961,318,1.8,1.3,2014-04-23,0139,Terra,MODIS,78,6.2,294.1,26.9,D,2
-33.1112,136.2223,323.4,2.8,1.6,2014-04-23,0139,Terra,MODIS,80,6.2,298.8,68.7,D,0
-33.1134,136.2519,312.5,2.8,1.6,2014-04-23,0139,Terra,MODIS,66,6.2,298.2,25.1,D,0
-31.1776,116.3019,305,3.8,1.8,2014-04-23,0140,Terra,MODIS,60,6.2,284.5,44.5,D,0
-33.5172,121.8147,319.3,1.5,1.2,2014-04-23,0140,Terra,MODIS,78,6.2,297.5,23.4,D,0
-31.176,116.339,324.5,3.8,1.8,2014-04-23,0140,Terra,MODIS,83,6.2,286.5,157.7,D,0
-33.5141,121.7985,310.9,1.5,1.2,2014-04-23,0140,Terra,MODIS,68,6.2,296.6,10.5,D,0
-33.3395,121.7319,309.6,1.5,1.2,2014-04-23,0140,Terra,MODIS,48,6.2,295.3,9.6,D,0
-31.1867,116.3408,322.2,3.8,1.8,2014-04-23,0140,Terra,MODIS,81,6.2,286.5,138.9,D,0
-34.1636,118.3934,309.5,2.4,1.5,2014-04-23,0140,Terra,MODIS,66,6.2,291.9,25.4,D,0
-34.1512,118.3772,312,2.4,1.5,2014-04-23,0140,Terra,MODIS,28,6.2,293.2,26.2,D,0
-34.158,118.3682,314.2,2.4,1.5,2014-04-23,0140,Terra,MODIS,73,6.2,292.7,37.1,D,0
-33.874,117.5404,305.7,2.7,1.6,2014-04-23,0140,Terra,MODIS,54,6.2,289.7,17,D,0
-33.7067,122.8978,313.9,1.3,1.1,2014-04-23,0140,Terra,MODIS,70,6.2,299.1,9.7,D,0
-33.8761,117.5338,305.2,2.7,1.6,2014-04-23,0140,Terra,MODIS,53,6.2,289.2,16.4,D,0
-35.7255,146.8907,384.5,1,1,2014-04-23,0417,Aqua,MODIS,100,6.2,297.4,179.1,D,0
-35.8755,145.707,314,1,1,2014-04-23,0417,Aqua,MODIS,19,6.2,283.1,10.8,D,0
-35.7977,146.7716,315.3,1,1,2014-04-23,0417,Aqua,MODIS,76,6.2,292.2,11.3,D,0
-35.8861,145.6979,320.9,1,1,2014-04-23,0417,Aqua,MODIS,68,6.2,283.4,17.5,D,0
-35.7798,146.8264,336.1,1,1,2014-04-23,0417,Aqua,MODIS,90,6.2,289.7,35.7,D,0
-36.2289,145.6153,320.3,1,1,2014-04-23,0417,Aqua,MODIS,80,6.2,289.1,16.4,D,0
-35.8845,145.709,319.5,1,1,2014-04-23,0417,Aqua,MODIS,58,6.2,282.7,16.1,D,0
-35.7995,146.7602,315.9,1,1,2014-04-23,0417,Aqua,MODIS,76,6.2,294.5,11.7,D,0
-35.8771,145.6959,316.9,1,1,2014-04-23,0417,Aqua,MODIS,41,6.2,284.6,13.4,D,0
-37.0835,146.0663,301.4,1,1,2014-04-23,0417,Aqua,MODIS,35,6.2,280.1,5.5,D,0
-35.7815,146.815,322.1,1,1,2014-04-23,0417,Aqua,MODIS,70,6.2,286.2,17.6,D,0
-35.8931,146.6948,313,1,1,2014-04-23,0417,Aqua,MODIS,73,6.2,287.6,9.4,D,0
-35.7273,146.8793,329.5,1,1,2014-04-23,0417,Aqua,MODIS,86,6.2,293.8,25.8,D,0
-35.7944,146.5655,308.6,1,1,2014-04-23,0417,Aqua,MODIS,64,6.2,286.6,6.4,D,0
-35.7238,146.9021,310.6,1,1,2014-04-23,0417,Aqua,MODIS,56,6.2,290.5,7.1,D,0
-36.4015,145.7582,310.3,1,1,2014-04-23,0417,Aqua,MODIS,70,6.2,290.7,8.2,D,0
-37.1612,140.7197,347.3,1.5,1.2,2014-04-23,0417,Aqua,MODIS,95,6.2,286.2,100.1,D,0
-36.7856,141.1964,309.4,1.4,1.2,2014-04-23,0417,Aqua,MODIS,67,6.2,292.1,9.5,D,0
-36.8187,142.375,309.3,1.2,1.1,2014-04-23,0417,Aqua,MODIS,30,6.2,293.4,7.9,D,0
-36.8169,142.3817,316.8,1.2,1.1,2014-04-23,0417,Aqua,MODIS,72,6.2,294.3,15.1,D,0
-36.8071,142.3799,327.8,1.2,1.1,2014-04-23,0417,Aqua,MODIS,85,6.2,291.9,29,D,0
-36.7281,142.3657,340,1.2,1.1,2014-04-23,0417,Aqua,MODIS,92,6.2,298.3,51.6,D,0
-36.7297,142.3522,335.5,1.2,1.1,2014-04-23,0417,Aqua,MODIS,90,6.2,296.2,42.8,D,0
-36.7287,142.3604,342.7,1.2,1.1,2014-04-23,0417,Aqua,MODIS,93,6.2,298.8,57.2,D,0
-36.7303,142.3469,311,1.2,1.1,2014-04-23,0417,Aqua,MODIS,42,6.2,295.4,7.8,D,0
-36.4002,141.4012,356.7,1.3,1.1,2014-04-23,0417,Aqua,MODIS,98,6.2,294.8,112.5,D,0
-36.4018,141.3863,319.4,1.3,1.1,2014-04-23,0417,Aqua,MODIS,78,6.2,292,21.3,D,0
-36.6442,142.482,311.2,1.2,1.1,2014-04-23,0417,Aqua,MODIS,70,6.2,292,10.1,D,0
-37.4934,143.0233,303.5,1.1,1.1,2014-04-23,0417,Aqua,MODIS,56,6.2,275.6,7.9,D,0
-36.9501,142.0086,324,1.3,1.1,2014-04-23,0417,Aqua,MODIS,72,6.2,294.8,26.2,D,0
-36.9517,141.9944,313.1,1.3,1.1,2014-04-23,0417,Aqua,MODIS,61,6.2,291.8,12.6,D,0
-36.9446,142.1507,310,1.2,1.1,2014-04-23,0417,Aqua,MODIS,69,6.2,293.3,7.8,D,0
-37.5781,142.991,319.1,1.2,1.1,2014-04-23,0417,Aqua,MODIS,79,6.2,275.7,24.3,D,0
-36.9329,142.0863,314.3,1.2,1.1,2014-04-23,0417,Aqua,MODIS,75,6.2,292.4,11.7,D,0
-37.0807,141.7446,303.7,1.3,1.1,2014-04-23,0417,Aqua,MODIS,38,6.2,284.6,5.8,D,0
-37.0791,141.7593,307.7,1.3,1.1,2014-04-23,0417,Aqua,MODIS,54,6.2,288.4,9.1,D,0
-36.8708,142.7966,346.9,1.2,1.1,2014-04-23,0417,Aqua,MODIS,95,6.2,295.9,65.7,D,0
-36.8693,142.8096,311.5,1.2,1.1,2014-04-23,0417,Aqua,MODIS,71,6.2,292.4,9.7,D,0
-37.7539,142.2491,304.4,1.2,1.1,2014-04-23,0417,Aqua,MODIS,51,6.2,288.3,8.1,D,0
-36.7104,141.7247,309.5,1.3,1.1,2014-04-23,0417,Aqua,MODIS,30,6.2,293.9,7.6,D,0
-36.7078,141.7307,312.5,1.3,1.1,2014-04-23,0417,Aqua,MODIS,67,6.2,294.8,10.8,D,0
-37.0262,142.9438,306.2,1.1,1.1,2014-04-23,0417,Aqua,MODIS,60,6.2,281.9,7,D,0
-37.0277,142.9309,311.9,1.1,1.1,2014-04-23,0417,Aqua,MODIS,72,6.2,282.3,11.5,D,0
-37.8276,142.5822,319.2,1.2,1.1,2014-04-23,0417,Aqua,MODIS,79,6.2,281.7,24.6,D,0
-37.8292,142.5685,326.9,1.2,1.1,2014-04-23,0417,Aqua,MODIS,85,6.2,282.5,35.1,D,0
-36.7185,142.0078,311.9,1.2,1.1,2014-04-23,0417,Aqua,MODIS,71,6.2,296.2,9.2,D,0
-37.1595,140.7363,346.8,1.5,1.2,2014-04-23,0417,Aqua,MODIS,95,6.2,288.5,97.2,D,0
-36.7873,143.4904,314.5,1.1,1,2014-04-23,0417,Aqua,MODIS,50,6.2,292.8,11.1,D,0
-36.8798,141.9187,336.2,1.3,1.1,2014-04-23,0417,Aqua,MODIS,90,6.2,291.4,44.5,D,0
-36.8813,141.9044,370.7,1.3,1.1,2014-04-23,0417,Aqua,MODIS,100,6.2,298.9,159,D,0
-36.8728,141.8883,317.5,1.3,1.1,2014-04-23,0417,Aqua,MODIS,28,6.2,292.4,14.5,D,0
-36.908,142.1247,313,1.2,1.1,2014-04-23,0417,Aqua,MODIS,73,6.2,296.9,10.3,D,0
-36.9526,142.0037,328.8,1.3,1.1,2014-04-23,0417,Aqua,MODIS,86,6.2,294.5,31.4,D,0
-36.6446,141.4086,322.2,1.3,1.1,2014-04-23,0417,Aqua,MODIS,80,6.2,295.8,26,D,0
-36.6463,141.3936,321.6,1.3,1.1,2014-04-23,0417,Aqua,MODIS,80,6.2,296.3,24.8,D,0
-36.8486,142.7203,310,1.2,1.1,2014-04-23,0417,Aqua,MODIS,69,6.2,292.7,9.6,D,0
-36.8748,141.8819,319.4,1.3,1.1,2014-04-23,0417,Aqua,MODIS,68,6.2,291.5,17.3,D,0
-36.3962,141.5352,342.7,1.3,1.1,2014-04-23,0417,Aqua,MODIS,93,6.2,284.3,67.4,D,0
-36.3946,141.5498,377.5,1.3,1.1,2014-04-23,0417,Aqua,MODIS,100,6.2,291.3,206.8,D,0
-36.8558,141.2393,311.3,1.4,1.2,2014-04-23,0417,Aqua,MODIS,70,6.2,295.9,9.3,D,0
-36.6035,140.4093,311.1,1.5,1.2,2014-04-23,0417,Aqua,MODIS,67,6.2,298.5,10,D,0
-37.7106,142.9821,345.2,1.2,1.1,2014-04-23,0417,Aqua,MODIS,89,6.2,274.5,68.6,D,0
-36.4082,141.3266,384.1,1.3,1.1,2014-04-23,0417,Aqua,MODIS,100,6.2,298.2,255,D,0
-36.4098,141.3116,317.3,1.3,1.1,2014-04-23,0417,Aqua,MODIS,76,6.2,293,17.8,D,0
-37.7121,142.9688,339.6,1.2,1.1,2014-04-23,0417,Aqua,MODIS,92,6.2,275.1,56.6,D,0
-36.2809,141.3088,336.7,1.3,1.1,2014-04-23,0418,Aqua,MODIS,90,6.2,290.4,55.3,D,0
-36.3978,141.3249,341.1,1.3,1.1,2014-04-23,0418,Aqua,MODIS,92,6.2,294.5,63.3,D,0
-36.2913,141.3105,319.9,1.3,1.1,2014-04-23,0418,Aqua,MODIS,79,6.2,290.6,24.8,D,0
-36.2826,141.2938,306.4,1.3,1.1,2014-04-23,0418,Aqua,MODIS,39,6.2,289.1,8.2,D,0
-35.7137,146.4236,334.1,1,1,2014-04-23,0418,Aqua,MODIS,89,6.2,287,31.4,D,0
-34.5249,145.8153,338.1,1,1,2014-04-23,0418,Aqua,MODIS,89,6.2,300,32.6,D,0
-34.2388,147.5863,316,1.1,1.1,2014-04-23,0418,Aqua,MODIS,70,6.2,299.1,10.7,D,0
-34.0221,146.0375,324.3,1,1,2014-04-23,0418,Aqua,MODIS,71,6.2,301.9,16.3,D,0
-34.7025,146.8777,380.5,1.1,1,2014-04-23,0418,Aqua,MODIS,100,6.2,304.2,161.1,D,0
-33.9264,147.6831,314.1,1.1,1.1,2014-04-23,0418,Aqua,MODIS,67,6.2,301.3,7.3,D,0
-35.6236,146.1658,326.5,1,1,2014-04-23,0418,Aqua,MODIS,84,6.2,293.6,20.9,D,0
-34.8401,147.6888,323.3,1.1,1.1,2014-04-23,0418,Aqua,MODIS,81,6.2,297.9,19.8,D,0
-35.2801,146.3569,325,1,1,2014-04-23,0418,Aqua,MODIS,74,6.2,294,18.6,D,0
-34.5724,147.5662,321.7,1.1,1.1,2014-04-23,0418,Aqua,MODIS,78,6.2,296.6,17.2,D,0
-33.7507,138.5998,317.6,1.8,1.3,2014-04-23,0418,Aqua,MODIS,73,6.2,292.6,29.2,D,0
-33.613,147.5373,379.2,1.1,1.1,2014-04-23,0418,Aqua,MODIS,100,6.2,308.2,171.5,D,0
-34.5158,145.8133,347,1,1,2014-04-23,0418,Aqua,MODIS,94,6.2,302.4,49.3,D,0
-31.7134,149.221,317.7,1.5,1.2,2014-04-23,0418,Aqua,MODIS,71,6.2,301,19.2,D,0
-33.5069,146.3858,316.2,1,1,2014-04-23,0418,Aqua,MODIS,55,6.2,298.2,9.4,D,0
-34.5142,145.8243,318.3,1,1,2014-04-23,0418,Aqua,MODIS,70,6.2,301.7,8.6,D,0
-33.6528,147.2776,317.4,1.1,1.1,2014-04-23,0418,Aqua,MODIS,70,6.2,300.8,10.2,D,0
-32.5612,147.6088,316,1.2,1.1,2014-04-23,0418,Aqua,MODIS,63,6.2,300,10.3,D,0
-34.6698,147.6599,313,1.1,1.1,2014-04-23,0418,Aqua,MODIS,69,6.2,297,8.2,D,0
-32.573,147.5986,332.1,1.2,1.1,2014-04-23,0418,Aqua,MODIS,85,6.2,300.4,32.8,D,0
-32.5709,147.6111,315.6,1.2,1.1,2014-04-23,0418,Aqua,MODIS,60,6.2,300.3,9.5,D,0
-34.745,147.76,328.6,1.1,1.1,2014-04-23,0418,Aqua,MODIS,85,6.2,296.4,27.7,D,0
-35.2783,146.3681,322.9,1,1,2014-04-23,0418,Aqua,MODIS,63,6.2,292.5,16.9,D,0
-33.7426,138.6115,325.3,1.8,1.3,2014-04-23,0418,Aqua,MODIS,80,6.2,297,42.6,D,0
-34.9737,147.5515,316.9,1.1,1,2014-04-23,0418,Aqua,MODIS,75,6.2,296.6,13.7,D,0
-33.6508,147.2895,318.1,1.1,1.1,2014-04-23,0418,Aqua,MODIS,71,6.2,301,10.6,D,0
-35.7293,144.8565,310.9,1,1,2014-04-23,0418,Aqua,MODIS,71,6.2,292.3,7.6,D,0
-34.5175,145.8024,333.4,1,1,2014-04-23,0418,Aqua,MODIS,86,6.2,301.6,25.7,D,0
-34.2058,147.4278,344.1,1.1,1.1,2014-04-23,0418,Aqua,MODIS,93,6.2,302.8,49.6,D,0
-32.1197,147.9713,318.6,1.2,1.1,2014-04-23,0418,Aqua,MODIS,67,6.2,303.1,14,D,0
-34.1614,138.0358,318,2,1.4,2014-04-23,0418,Aqua,MODIS,0,6.2,297.7,25.6,D,0
-34.1984,147.4136,316.2,1.1,1,2014-04-23,0418,Aqua,MODIS,65,6.2,300.9,7.4,D,0
-34.154,137.6498,319.2,2.1,1.4,2014-04-23,0418,Aqua,MODIS,40,6.2,298,29.1,D,0
-32.9534,148.2642,313.1,1.3,1.1,2014-04-23,0418,Aqua,MODIS,56,6.2,301.1,6.8,D,0
-33.0826,148.822,309.9,1.3,1.1,2014-04-23,0418,Aqua,MODIS,60,6.2,294.8,11.1,D,0
-33.6186,138.5893,310.5,1.8,1.3,2014-04-23,0418,Aqua,MODIS,56,6.2,297.5,11.3,D,0
-32.9557,148.2509,318.2,1.2,1.1,2014-04-23,0418,Aqua,MODIS,71,6.2,301.4,12.8,D,0
-33.7712,138.8921,310.4,1.7,1.3,2014-04-23,0418,Aqua,MODIS,49,6.2,295.8,13.8,D,0
-34.3016,147.7101,314.4,1.1,1.1,2014-04-23,0418,Aqua,MODIS,69,6.2,300.1,8.3,D,0
-34.5744,147.5541,319,1.1,1.1,2014-04-23,0418,Aqua,MODIS,76,6.2,297.5,14,D,0
-34.1994,146.6169,330.8,1,1,2014-04-23,0418,Aqua,MODIS,84,6.2,302.6,24.5,D,0
-34.7506,146.9196,318.1,1.1,1,2014-04-23,0418,Aqua,MODIS,75,6.2,296.8,11.2,D,0
-33.7445,138.5919,333.7,1.8,1.3,2014-04-23,0418,Aqua,MODIS,87,6.2,294.1,68.6,D,0
-33.6204,138.5704,318.9,1.8,1.3,2014-04-23,0418,Aqua,MODIS,73,6.2,300.8,28.6,D,0
-34.7524,146.9081,333.6,1.1,1,2014-04-23,0418,Aqua,MODIS,87,6.2,299,30.2,D,0
-34.9718,147.5635,336,1.1,1,2014-04-23,0418,Aqua,MODIS,89,6.2,293.9,39.4,D,0
-34.152,137.6726,319.5,2.1,1.4,2014-04-23,0418,Aqua,MODIS,53,6.2,299.4,28.2,D,0
-34.3211,146.8347,342.2,1.1,1,2014-04-23,0418,Aqua,MODIS,86,6.2,301.1,44.5,D,0
-34.2531,137.851,308.3,2,1.4,2014-04-23,0418,Aqua,MODIS,49,6.2,293.4,8.9,D,0
-35.6219,146.1769,332.8,1,1,2014-04-23,0418,Aqua,MODIS,88,6.2,297,28.8,D,0
-34.5125,145.8353,357,1,1,2014-04-23,0418,Aqua,MODIS,98,6.2,303.2,72,D,0
-34.7975,147.0802,313.1,1.1,1,2014-04-23,0418,Aqua,MODIS,70,6.2,293,8.8,D,0
-34.8143,147.6069,339.3,1.1,1,2014-04-23,0418,Aqua,MODIS,91,6.2,300.9,42.6,D,0
-33.611,147.5495,325.6,1.1,1.1,2014-04-23,0418,Aqua,MODIS,80,6.2,303.4,18.5,D,0
-34.3136,146.8211,321.5,1.1,1,2014-04-23,0418,Aqua,MODIS,53,6.2,298.9,14,D,0
-33.6115,147.5312,345,1.1,1.1,2014-04-23,0418,Aqua,MODIS,93,6.2,305.9,54.3,D,0
-33.4113,136.2028,317,2.5,1.5,2014-04-23,0418,Aqua,MODIS,69,6.2,301,32.4,D,0
-33.7308,138.6098,310.8,1.8,1.3,2014-04-23,0418,Aqua,MODIS,59,6.2,296.3,12.4,D,0
-34.5265,145.8044,328,1,1,2014-04-23,0418,Aqua,MODIS,83,6.2,302.4,18.3,D,0
-34.1589,138.0286,322.6,2,1.4,2014-04-23,0418,Aqua,MODIS,70,6.2,298.6,42.3,D,0
-35.5547,145.7539,340.4,1,1,2014-04-23,0418,Aqua,MODIS,92,6.2,278.8,43.1,D,0
-33.6095,147.5434,352.2,1.1,1.1,2014-04-23,0418,Aqua,MODIS,96,6.2,305,72.2,D,0
-34.1835,135.9364,317.1,2.7,1.6,2014-04-23,0418,Aqua,MODIS,55,6.2,298,46.9,D,0
-34.1802,135.9285,314.7,2.7,1.6,2014-04-23,0418,Aqua,MODIS,35,6.2,298.1,34.6,D,0
-35.7154,146.4124,342.6,1,1,2014-04-23,0418,Aqua,MODIS,93,6.2,289,45.2,D,0
-34.1964,147.4256,345.9,1.1,1.1,2014-04-23,0418,Aqua,MODIS,94,6.2,302.8,53.4,D,0
-34.2012,146.6056,327.9,1,1,2014-04-23,0418,Aqua,MODIS,81,6.2,302.2,21.3,D,0
-34.2218,147.5695,312.3,1.1,1.1,2014-04-23,0418,Aqua,MODIS,45,6.2,297.8,8.1,D,0
-34.6678,147.672,345.5,1.1,1.1,2014-04-23,0418,Aqua,MODIS,94,6.2,299,57.5,D,0
-34.2734,138.6166,315,1.8,1.3,2014-04-23,0418,Aqua,MODIS,73,6.2,295.7,21.3,D,0
-31.7162,149.2056,320.2,1.5,1.2,2014-04-23,0418,Aqua,MODIS,75,6.2,302.2,23.3,D,0
-33.4051,136.1814,317.5,2.5,1.5,2014-04-23,0418,Aqua,MODIS,70,6.2,301.5,32.1,D,0
-33.4031,136.2088,314.1,2.5,1.5,2014-04-23,0418,Aqua,MODIS,57,6.2,301.6,22.3,D,0
-34.3118,146.8326,341,1.1,1,2014-04-23,0418,Aqua,MODIS,91,6.2,300.2,42,D,0
-34.7043,146.8662,368.5,1.1,1,2014-04-23,0418,Aqua,MODIS,100,6.2,305.5,113.2,D,0
-34.743,147.7722,315.8,1.1,1.1,2014-04-23,0418,Aqua,MODIS,73,6.2,295.1,11.9,D,0
-35.5481,145.7467,317,1,1,2014-04-23,0418,Aqua,MODIS,77,6.2,280,14.2,D,0
-34.2996,147.7224,321.8,1.1,1.1,2014-04-23,0418,Aqua,MODIS,78,6.2,300.7,16.4,D,0
-33.9207,148.0248,308.4,1.2,1.1,2014-04-23,0418,Aqua,MODIS,45,6.2,296.4,6,D,0
-34.1911,148.0717,317.8,1.2,1.1,2014-04-23,0418,Aqua,MODIS,61,6.2,298.4,12.8,D,0
-34.1815,148.0693,320.8,1.2,1.1,2014-04-23,0418,Aqua,MODIS,78,6.2,298.1,16.6,D,0
-34.1836,148.0566,313.7,1.2,1.1,2014-04-23,0418,Aqua,MODIS,53,6.2,297.9,8.2,D,0
-34.6875,147.8093,310.3,1.1,1.1,2014-04-23,0418,Aqua,MODIS,66,6.2,294.5,7.5,D,0
-34.0885,148.1856,311.5,1.2,1.1,2014-04-23,0418,Aqua,MODIS,59,6.2,298.6,7.1,D,0
-34.7467,148.0116,314.4,1.1,1.1,2014-04-23,0418,Aqua,MODIS,73,6.2,294.1,12.1,D,0
-34.6088,148.1473,320.6,1.2,1.1,2014-04-23,0418,Aqua,MODIS,76,6.2,291.7,19.8,D,0
-34.6109,148.1348,375.3,1.2,1.1,2014-04-23,0418,Aqua,MODIS,100,6.2,299.3,166.8,D,0
-34.0136,147.8908,316.6,1.2,1.1,2014-04-23,0418,Aqua,MODIS,68,6.2,299.7,10.3,D,0
-34.0157,147.8783,325,1.2,1.1,2014-04-23,0418,Aqua,MODIS,81,6.2,299.6,20.3,D,0
-34.004,147.8884,312.1,1.2,1.1,2014-04-23,0418,Aqua,MODIS,49,6.2,299.8,5.9,D,0
-34.1755,147.9691,341.2,1.2,1.1,2014-04-23,0418,Aqua,MODIS,91,6.2,302,49,D,0
-34.6089,147.8484,307.7,1.1,1.1,2014-04-23,0418,Aqua,MODIS,58,6.2,294.8,5.8,D,0
-34.7488,147.9989,313.3,1.1,1.1,2014-04-23,0418,Aqua,MODIS,71,6.2,294.4,10.9,D,0
-34.204,147.9961,322.3,1.2,1.1,2014-04-23,0418,Aqua,MODIS,79,6.2,296.5,18.5,D,0
-33.8431,148.0004,315.6,1.2,1.1,2014-04-23,0418,Aqua,MODIS,70,6.2,297.9,11.8,D,0
-34.0904,148.2936,316,1.2,1.1,2014-04-23,0418,Aqua,MODIS,73,6.2,296.7,11.9,D,0
-34.0926,148.2807,316.1,1.2,1.1,2014-04-23,0418,Aqua,MODIS,43,6.2,297.3,10.8,D,0
-34.097,148.2546,336.5,1.2,1.1,2014-04-23,0418,Aqua,MODIS,89,6.2,298.8,40.8,D,0
-34.0873,148.2521,322.6,1.2,1.1,2014-04-23,0418,Aqua,MODIS,66,6.2,299.1,17.6,D,0
-33.2158,148.2385,315.5,1.2,1.1,2014-04-23,0418,Aqua,MODIS,59,6.2,299.9,9.9,D,0
-33.918,148.2787,313.4,1.2,1.1,2014-04-23,0418,Aqua,MODIS,68,6.2,295.9,11.2,D,0
-33.9202,148.2658,349.4,1.2,1.1,2014-04-23,0418,Aqua,MODIS,95,6.2,298.9,76.3,D,0
-33.7353,147.9672,313.2,1.2,1.1,2014-04-23,0418,Aqua,MODIS,66,6.2,297.8,10,D,0
-33.7307,147.8683,322.8,1.2,1.1,2014-04-23,0418,Aqua,MODIS,74,6.2,294.5,21.8,D,0
-34.4785,147.9514,330.7,1.2,1.1,2014-04-23,0418,Aqua,MODIS,86,6.2,296.3,32.1,D,0
-34.42,147.9315,320.8,1.2,1.1,2014-04-23,0418,Aqua,MODIS,78,6.2,297.3,17.8,D,0
-32.3122,151.8946,313.1,2.1,1.4,2014-04-23,0418,Aqua,MODIS,71,6.2,293.3,27.8,D,0
-36.3621,140.756,315.4,1.4,1.2,2014-04-23,0418,Aqua,MODIS,68,6.2,294.1,16.4,D,0
-34.7696,137.5326,313.6,2.1,1.4,2014-04-23,0418,Aqua,MODIS,74,6.2,294.5,22.8,D,0
-34.7709,137.5255,311.8,2.1,1.4,2014-04-23,0418,Aqua,MODIS,38,6.2,294.8,17,D,0
-36.2508,140.6337,302.8,1.4,1.2,2014-04-23,0418,Aqua,MODIS,49,6.2,282,8.4,D,0
-36.3181,141.4114,331.4,1.3,1.1,2014-04-23,0418,Aqua,MODIS,87,6.2,291.7,41.9,D,0
-35.9012,141.1615,308.3,1.3,1.1,2014-04-23,0418,Aqua,MODIS,33,6.2,292.2,9.6,D,0
-36.3165,141.4261,308.6,1.3,1.1,2014-04-23,0418,Aqua,MODIS,58,6.2,292.7,8.4,D,0
-36.1215,141.3513,305.6,1.3,1.1,2014-04-23,0418,Aqua,MODIS,37,6.2,284.8,8.3,D,0
-36.391,140.7172,312.1,1.4,1.2,2014-04-23,0418,Aqua,MODIS,56,6.2,297.5,10.9,D,0
-36.0545,141.0292,308.8,1.4,1.2,2014-04-23,0418,Aqua,MODIS,21,6.2,290.3,7.1,D,0
-36.2977,140.9548,308.5,1.4,1.2,2014-04-23,0418,Aqua,MODIS,65,6.2,290.4,12.4,D,0
-36.3663,140.7459,317.1,1.4,1.2,2014-04-23,0418,Aqua,MODIS,64,6.2,296.5,17.5,D,0
-31.6892,148.3188,320.1,1.3,1.1,2014-04-23,0418,Aqua,MODIS,72,6.2,305.9,13.7,D,0
-36.3284,141.4131,325.9,1.3,1.1,2014-04-23,0418,Aqua,MODIS,83,6.2,293.3,31.3,D,0
-36.3927,140.701,316.8,1.4,1.2,2014-04-23,0418,Aqua,MODIS,75,6.2,296.6,18.1,D,0
-36.4865,139.8641,329.1,1.6,1.2,2014-04-23,0418,Aqua,MODIS,85,6.2,297.9,47,D,0
-28.9034,149.3777,322,1.7,1.3,2014-04-23,0419,Aqua,MODIS,71,6.2,304.9,19.9,D,0
-30.5187,147.5349,320.9,1.3,1.1,2014-04-23,0419,Aqua,MODIS,66,6.2,310.4,9.1,D,0
-32.836,136.2963,316.4,2.4,1.5,2014-04-23,0419,Aqua,MODIS,67,6.2,299.3,33,D,0
-32.8497,136.2978,317.3,2.4,1.5,2014-04-23,0419,Aqua,MODIS,69,6.2,300.8,35,D,0
-28.6102,148.9603,335.5,1.6,1.3,2014-04-23,0419,Aqua,MODIS,86,6.2,304.9,57,D,0
-28.0656,151.0419,324.7,2.3,1.5,2014-04-23,0419,Aqua,MODIS,76,6.2,294,60.5,D,0
-28.0617,151.0483,328.7,2.3,1.5,2014-04-23,0419,Aqua,MODIS,81,6.2,292.9,77.8,D,0
-26.5737,148.8914,322.6,1.8,1.3,2014-04-23,0420,Aqua,MODIS,76,6.2,303.6,24.4,D,0
-26.4263,149.0576,332.9,1.8,1.3,2014-04-23,0420,Aqua,MODIS,85,6.2,296.5,64.3,D,0
-27.0006,150.6525,314.5,2.3,1.5,2014-04-23,0420,Aqua,MODIS,56,6.2,299.1,22.4,D,0
-27.0043,150.6456,312.4,2.3,1.5,2014-04-23,0420,Aqua,MODIS,52,6.2,298.6,17.4,D,0
-19.0585,134.1487,320.5,2.3,1.5,2014-04-23,0422,Aqua,MODIS,64,6.2,303.1,25.3,D,0
-15.8416,130.6086,329.9,3.9,1.8,2014-04-23,0423,Aqua,MODIS,82,6.2,299.5,135.8,D,0
-15.825,130.6071,328.1,3.9,1.8,2014-04-23,0423,Aqua,MODIS,80,6.2,299.9,116.8,D,0
-15.8329,130.6393,322.5,3.9,1.8,2014-04-23,0423,Aqua,MODIS,57,6.2,298.5,69.4,D,0
-15.8367,130.6033,327.8,3.9,1.8,2014-04-23,0423,Aqua,MODIS,80,6.2,299.5,112,D,0
-15.82,130.6019,324.6,3.9,1.8,2014-04-23,0423,Aqua,MODIS,58,6.2,299.6,86.1,D,0
-15.7665,130.6334,321.5,3.9,1.8,2014-04-23,0423,Aqua,MODIS,71,6.2,299.2,67.9,D,0
-15.75,130.6317,331,3.9,1.8,2014-04-23,0423,Aqua,MODIS,83,6.2,299,143.8,D,0
-15.7437,130.6245,323.1,3.9,1.8,2014-04-23,0423,Aqua,MODIS,67,6.2,298.4,76.4,D,0
-15.8381,130.6447,319.5,3.9,1.8,2014-04-23,0423,Aqua,MODIS,68,6.2,298.4,52.6,D,0
-15.9432,129.3903,329.6,4.8,2,2014-04-23,0423,Aqua,MODIS,81,6.2,293.8,191.3,D,0
-15.9403,129.3942,328.9,4.8,2,2014-04-23,0423,Aqua,MODIS,80,6.2,293.8,183.2,D,0
-14.0356,130.3317,311.3,3.9,1.8,2014-04-23,0424,Aqua,MODIS,60,6.2,288.9,34.4,D,0
-14.3485,131.535,316.4,3.2,1.7,2014-04-23,0424,Aqua,MODIS,67,6.2,297.9,30.3,D,0
-14.9668,131.9431,320.1,3,1.6,2014-04-23,0424,Aqua,MODIS,56,6.2,293.1,44,D,0
-14.9677,131.9386,318.2,3,1.6,2014-04-23,0424,Aqua,MODIS,35,6.2,293.2,34.3,D,0
-14.9082,131.9317,328.5,3,1.6,2014-04-23,0424,Aqua,MODIS,74,6.2,292.2,92.8,D,0
-14.8934,131.9299,328.5,3,1.6,2014-04-23,0424,Aqua,MODIS,74,6.2,287.7,96.7,D,0
-14.8935,131.9223,327.7,3,1.6,2014-04-23,0424,Aqua,MODIS,81,6.2,288.1,96.6,D,0
-14.0304,130.3268,311.1,3.9,1.8,2014-04-23,0424,Aqua,MODIS,60,6.2,289.2,33.4,D,0
-14.3226,132.3134,335.1,2.8,1.6,2014-04-23,0424,Aqua,MODIS,87,6.2,297.5,103.5,D,0
-14.3083,132.3117,336.7,2.8,1.6,2014-04-23,0424,Aqua,MODIS,88,6.2,297,113.8,D,0
-14.3111,132.2865,324.4,2.8,1.6,2014-04-23,0424,Aqua,MODIS,28,6.2,297.3,43.7,D,0
-14.2599,132.3578,320.2,2.7,1.6,2014-04-23,0424,Aqua,MODIS,32,6.2,292.1,29.5,D,0
-14.2626,132.3324,325,2.7,1.6,2014-04-23,0424,Aqua,MODIS,72,6.2,293.4,48.4,D,0
-14.3049,132.3043,328.5,2.8,1.6,2014-04-23,0424,Aqua,MODIS,54,6.2,297,58.8,D,0
-14.259,132.3251,329.7,2.7,1.6,2014-04-23,0424,Aqua,MODIS,82,6.2,294.2,76,D,0
-14.2448,132.1937,316.8,2.8,1.6,2014-04-23,0424,Aqua,MODIS,58,6.2,297.1,22.5,D,0
-14.2561,132.3504,325.1,2.7,1.6,2014-04-23,0424,Aqua,MODIS,71,6.2,291,53.5,D,0
-14.2304,132.192,317,2.8,1.6,2014-04-23,0424,Aqua,MODIS,60,6.2,296.8,24.6,D,0
-14.2846,131.5576,316.9,3.1,1.7,2014-04-23,0424,Aqua,MODIS,68,6.2,298.5,29.2,D,0
-14.3453,131.564,316.5,3.1,1.7,2014-04-23,0424,Aqua,MODIS,67,6.2,298.4,29.7,D,0
-14.3655,132.3478,326.3,2.7,1.6,2014-04-23,0424,Aqua,MODIS,76,6.2,298.7,54.9,D,0
-14.3511,132.3464,323.3,2.7,1.6,2014-04-23,0424,Aqua,MODIS,76,6.2,297.7,41.5,D,0
-14.374,132.3697,319,2.7,1.6,2014-04-23,0424,Aqua,MODIS,32,6.2,297.6,23.1,D,0
-14.3627,132.3428,326.3,2.7,1.6,2014-04-23,0424,Aqua,MODIS,80,6.2,298.6,56.5,D,0
-14.2852,132.2577,323.7,2.8,1.6,2014-04-23,0424,Aqua,MODIS,45,6.2,297.2,43.5,D,0
-14.3056,132.1739,319.9,2.8,1.6,2014-04-23,0424,Aqua,MODIS,73,6.2,299.2,32.8,D,0
-13.9049,131.8558,312.5,2.9,1.6,2014-04-23,0424,Aqua,MODIS,44,6.2,284.9,22.8,D,0
-13.9048,131.8607,312.9,2.9,1.6,2014-04-23,0424,Aqua,MODIS,60,6.2,284.4,25.1,D,0
-15.3163,131.2417,320.9,3.4,1.7,2014-04-23,0424,Aqua,MODIS,71,6.2,294.7,54.7,D,0
-15.3266,131.2501,327.8,3.4,1.7,2014-04-23,0424,Aqua,MODIS,81,6.2,294.8,104.2,D,0
-15.332,131.2435,323.6,3.4,1.7,2014-04-23,0424,Aqua,MODIS,78,6.2,295,71.1,D,0
-12.6453,133.4472,317.7,2.1,1.4,2014-04-23,0424,Aqua,MODIS,47,6.2,289.2,29,D,0
-12.8675,133.5529,308.2,2.1,1.4,2014-04-23,0424,Aqua,MODIS,53,6.2,286.1,15.5,D,0
-12.867,133.5455,311.9,2.1,1.4,2014-04-23,0424,Aqua,MODIS,51,6.2,286.8,23.3,D,0
-12.8694,133.5263,308.7,2.1,1.4,2014-04-23,0424,Aqua,MODIS,0,6.2,287.6,17.9,D,0
-12.8698,133.5335,315.9,2.1,1.4,2014-04-23,0424,Aqua,MODIS,0,6.2,287.4,31.4,D,0
-14.6517,132.2183,314.1,2.8,1.6,2014-04-23,0424,Aqua,MODIS,50,6.2,292.2,20.3,D,0
-14.6494,132.2108,315.4,2.8,1.6,2014-04-23,0424,Aqua,MODIS,64,6.2,293,25.8,D,0
-14.6349,132.2092,330.5,2.8,1.6,2014-04-23,0424,Aqua,MODIS,83,6.2,295.9,96.3,D,0
-14.6372,132.2168,332.5,2.8,1.6,2014-04-23,0424,Aqua,MODIS,85,6.2,295.5,109,D,0
-14.9814,132.0851,318.9,2.9,1.6,2014-04-23,0424,Aqua,MODIS,63,6.2,290.6,43.4,D,0
-14.9697,132.0559,319.4,2.9,1.6,2014-04-23,0424,Aqua,MODIS,68,6.2,291,45.8,D,0
-14.9667,132.0833,315.8,2.9,1.6,2014-04-23,0424,Aqua,MODIS,42,6.2,289.1,31.8,D,0
-14.9645,131.9667,316.7,3,1.6,2014-04-23,0424,Aqua,MODIS,13,6.2,292.4,28.2,D,0
-15.0757,132.5768,313.8,2.7,1.6,2014-04-23,0424,Aqua,MODIS,50,6.2,290,25.1,D,0
-32.905,117.7513,338.1,1.1,1,2014-04-23,0557,Aqua,MODIS,89,6.2,291.1,36.6,D,0
-33.7827,117.0602,310.2,1.2,1.1,2014-04-23,0557,Aqua,MODIS,59,6.2,285.7,8.6,D,0
-32.9869,117.7473,310.5,1.1,1,2014-04-23,0557,Aqua,MODIS,61,6.2,287.7,5.1,D,0
-33.5303,117.0516,312.4,1.2,1.1,2014-04-23,0557,Aqua,MODIS,64,6.2,292.3,6.5,D,0
-33.4304,117.1181,314.8,1.2,1.1,2014-04-23,0557,Aqua,MODIS,70,6.2,295.7,9.4,D,0
-32.9884,117.7356,331.4,1.1,1,2014-04-23,0557,Aqua,MODIS,86,6.2,288.7,28.9,D,0
-34.3718,115.982,303.1,1.4,1.2,2014-04-23,0557,Aqua,MODIS,49,6.2,277.1,10,D,0
-33.886,117.8731,328.5,1.1,1,2014-04-23,0557,Aqua,MODIS,83,6.2,300,21.9,D,0
-34.2964,117.2633,307.5,1.2,1.1,2014-04-23,0557,Aqua,MODIS,36,6.2,283.9,5.7,D,0
-34.2867,117.2616,309.6,1.2,1.1,2014-04-23,0557,Aqua,MODIS,55,6.2,286.7,7.9,D,0
-32.9245,117.784,339.4,1.1,1,2014-04-23,0557,Aqua,MODIS,90,6.2,290.8,40.2,D,0
-32.926,117.7724,343.5,1.1,1,2014-04-23,0557,Aqua,MODIS,93,6.2,293.2,47.9,D,0
-33.2616,117.1666,314.5,1.2,1.1,2014-04-23,0557,Aqua,MODIS,36,6.2,289.5,8.4,D,0
-33.2519,117.1649,316.8,1.2,1.1,2014-04-23,0557,Aqua,MODIS,71,6.2,289.3,10.8,D,0
-34.2615,116.1526,319.9,1.3,1.1,2014-04-23,0557,Aqua,MODIS,65,6.2,285.7,22.4,D,0
-32.9209,117.7781,339.6,1.1,1,2014-04-23,0557,Aqua,MODIS,90,6.2,293.5,41.9,D,0
-34.2598,116.1671,340.2,1.3,1.1,2014-04-23,0557,Aqua,MODIS,79,6.2,288.4,62.9,D,0
-33.2534,117.1524,317.6,1.2,1.1,2014-04-23,0557,Aqua,MODIS,75,6.2,289.6,12,D,0
-32.9224,117.7664,320.8,1.1,1,2014-04-23,0557,Aqua,MODIS,75,6.2,292.6,13.8,D,0
-33.1415,118.1194,317.7,1.1,1,2014-04-23,0557,Aqua,MODIS,74,6.2,296.5,10.9,D,0
-33.8978,118.0089,316.2,1.1,1,2014-04-23,0557,Aqua,MODIS,69,6.2,301.1,7.5,D,0
-33.9037,118.0045,330.4,1.1,1,2014-04-23,0557,Aqua,MODIS,84,6.2,303.1,23.8,D,0
-32.9144,117.753,331.8,1.1,1,2014-04-23,0557,Aqua,MODIS,85,6.2,292.1,26.5,D,0
-32.9159,117.7413,338.1,1.1,1,2014-04-23,0557,Aqua,MODIS,89,6.2,292.9,37.3,D,0
-32.9174,117.7297,318.8,1.1,1,2014-04-23,0557,Aqua,MODIS,69,6.2,293,10.7,D,0
-33.5784,118.36,311,1.1,1,2014-04-23,0557,Aqua,MODIS,58,6.2,294.3,5.6,D,0
-33.3999,120.8171,320.7,1,1,2014-04-23,0557,Aqua,MODIS,74,6.2,303,11.5,D,0
-33.4015,120.8062,314.7,1,1,2014-04-23,0557,Aqua,MODIS,48,6.2,302.2,6.4,D,0
-32.9065,117.7396,331.1,1.1,1,2014-04-23,0557,Aqua,MODIS,84,6.2,292.3,24.9,D,0
-33.3967,116.9832,322.2,1.2,1.1,2014-04-23,0557,Aqua,MODIS,78,6.2,294.6,18.3,D,0
-33.8875,117.8611,327.2,1.1,1,2014-04-23,0557,Aqua,MODIS,82,6.2,298.8,20,D,0
-33.897,117.8628,324.1,1.1,1,2014-04-23,0557,Aqua,MODIS,79,6.2,302.2,16.7,D,0
-33.3975,116.8862,312.7,1.2,1.1,2014-04-23,0557,Aqua,MODIS,68,6.2,296.1,8.4,D,0
-33.3287,116.8747,309.9,1.2,1.1,2014-04-23,0557,Aqua,MODIS,62,6.2,292.5,5.7,D,0
-33.7318,116.8075,313.2,1.2,1.1,2014-04-23,0557,Aqua,MODIS,60,6.2,293.3,9.6,D,0
-33.7333,116.7943,310.4,1.2,1.1,2014-04-23,0557,Aqua,MODIS,63,6.2,290.5,6.5,D,0
-33.2861,118.1229,323.2,1.1,1,2014-04-23,0557,Aqua,MODIS,79,6.2,303.3,14.9,D,0
-33.6837,116.7863,326.2,1.2,1.1,2014-04-23,0557,Aqua,MODIS,82,6.2,291.9,23.7,D,0
-33.6821,116.7928,316.1,1.2,1.1,2014-04-23,0557,Aqua,MODIS,72,6.2,291.6,11.2,D,0
-33.6837,116.7797,316.5,1.2,1.1,2014-04-23,0557,Aqua,MODIS,73,6.2,291.5,11.8,D,0
-33.2109,117.0939,311.1,1.2,1.1,2014-04-23,0557,Aqua,MODIS,66,6.2,288.8,7.4,D,0
-34.3231,116.3291,332.1,1.3,1.1,2014-04-23,0557,Aqua,MODIS,87,6.2,284.9,45.1,D,0
-33.325,117.3981,317.7,1.1,1.1,2014-04-23,0557,Aqua,MODIS,74,6.2,289.6,13.9,D,0
-33.5138,116.8519,315.1,1.2,1.1,2014-04-23,0557,Aqua,MODIS,43,6.2,294.4,8.5,D,0
-33.702,116.9752,319.2,1.2,1.1,2014-04-23,0557,Aqua,MODIS,76,6.2,287,15.7,D,0
-33.5123,116.8649,324.6,1.2,1.1,2014-04-23,0557,Aqua,MODIS,81,6.2,295.5,20.2,D,0
-33.5653,117.2685,309.5,1.2,1.1,2014-04-23,0557,Aqua,MODIS,59,6.2,284.6,6.5,D,0
-33.5675,117.3325,325.7,1.1,1.1,2014-04-23,0557,Aqua,MODIS,82,6.2,284.2,23.6,D,0
-33.566,117.3449,342.5,1.1,1.1,2014-04-23,0557,Aqua,MODIS,92,6.2,285.8,52.9,D,0
-34.3246,116.3148,308.2,1.3,1.1,2014-04-23,0557,Aqua,MODIS,57,6.2,283.2,11,D,0
-34.1895,118.5871,318.9,1.1,1,2014-04-23,0557,Aqua,MODIS,64,6.2,302,11.7,D,0
-34.0538,118.6379,324.4,1,1,2014-04-23,0557,Aqua,MODIS,79,6.2,303.9,16.6,D,0
-33.8492,118.6565,314.2,1,1,2014-04-23,0557,Aqua,MODIS,63,6.2,299.6,6.3,D,0
-33.8507,118.6452,334.1,1,1,2014-04-23,0557,Aqua,MODIS,86,6.2,300.3,29.3,D,0
-33.202,117.8407,330.6,1.1,1,2014-04-23,0557,Aqua,MODIS,85,6.2,294.3,27,D,0
-33.2006,117.8524,372.5,1.1,1,2014-04-23,0557,Aqua,MODIS,100,6.2,297.9,135.2,D,0
-33.5207,116.8796,322,1.2,1.1,2014-04-23,0557,Aqua,MODIS,72,6.2,296.4,15.8,D,0
-33.1991,117.8641,316.7,1.1,1,2014-04-23,0557,Aqua,MODIS,73,6.2,292.6,10.6,D,0
-33.1768,117.3781,328.7,1.1,1.1,2014-04-23,0557,Aqua,MODIS,84,6.2,286.3,28.7,D,0
-34.1431,117.4315,317.3,1.1,1.1,2014-04-23,0557,Aqua,MODIS,71,6.2,299.1,14.2,D,0
-34.1446,117.419,312.9,1.2,1.1,2014-04-23,0557,Aqua,MODIS,38,6.2,299.5,9.4,D,0
-34.3192,117.0693,304.1,1.2,1.1,2014-04-23,0557,Aqua,MODIS,40,6.2,286.9,6.3,D,0
-33.7567,117.678,315.8,1.1,1.1,2014-04-23,0557,Aqua,MODIS,71,6.2,299.4,7.8,D,0
-33.8043,117.8771,330.3,1.1,1,2014-04-23,0557,Aqua,MODIS,84,6.2,300,25.8,D,0
-33.8137,117.8788,321.8,1.1,1,2014-04-23,0557,Aqua,MODIS,77,6.2,300.1,15.1,D,0
-33.8825,117.8236,319,1.1,1,2014-04-23,0557,Aqua,MODIS,72,6.2,301.9,10.2,D,0
-33.3293,117.1211,313.9,1.2,1.1,2014-04-23,0557,Aqua,MODIS,69,6.2,295.1,9.6,D,0
-33.8955,117.8748,326.9,1.1,1,2014-04-23,0557,Aqua,MODIS,81,6.2,300.8,20.4,D,0
-33.7756,116.6936,307.1,1.2,1.1,2014-04-23,0557,Aqua,MODIS,37,6.2,286.2,5.9,D,0
-33.9362,118.4686,346.5,1.1,1,2014-04-23,0557,Aqua,MODIS,94,6.2,298.1,53,D,0
-33.9376,118.4571,313,1.1,1,2014-04-23,0557,Aqua,MODIS,61,6.2,297.5,5.5,D,0
-33.93,118.4736,330.1,1.1,1,2014-04-23,0557,Aqua,MODIS,83,6.2,296.6,24.9,D,0
-33.9315,118.4621,331.3,1.1,1,2014-04-23,0557,Aqua,MODIS,84,6.2,298.9,26.4,D,0
-33.6826,117.3846,317.9,1.1,1.1,2014-04-23,0557,Aqua,MODIS,74,6.2,293,12.7,D,0
-33.8851,118.4535,313.6,1.1,1,2014-04-23,0557,Aqua,MODIS,60,6.2,296.5,6.3,D,0
-33.8866,118.442,323.6,1.1,1,2014-04-23,0557,Aqua,MODIS,78,6.2,297.8,16.4,D,0
-33.888,118.4306,314.6,1.1,1,2014-04-23,0557,Aqua,MODIS,64,6.2,298.2,6.7,D,0
-32.6789,116.8775,315.5,1.2,1.1,2014-04-23,0557,Aqua,MODIS,61,6.2,303,9,D,0
-32.7445,118.208,317.2,1.1,1,2014-04-23,0557,Aqua,MODIS,66,6.2,294,8.8,D,0
-32.743,118.2193,316.9,1.1,1,2014-04-23,0557,Aqua,MODIS,66,6.2,293,8.7,D,0
-32.7273,117.0513,324.3,1.2,1.1,2014-04-23,0557,Aqua,MODIS,77,6.2,298.6,17.9,D,0
-33.2883,118.8107,316.6,1,1,2014-04-23,0557,Aqua,MODIS,70,6.2,291.4,10.1,D,0
-33.2898,118.7996,327.3,1,1,2014-04-23,0557,Aqua,MODIS,82,6.2,292,21.6,D,0
-32.2061,119.0697,314,1,1,2014-04-23,0557,Aqua,MODIS,62,6.2,295.2,6.8,D,0
-32.4439,117.209,343.2,1.1,1.1,2014-04-23,0557,Aqua,MODIS,92,6.2,291.8,49,D,0
-32.6118,117.512,315.5,1.1,1,2014-04-23,0557,Aqua,MODIS,64,6.2,303.6,6,D,0
-32.8708,121.7386,315.2,1.1,1,2014-04-23,0557,Aqua,MODIS,69,6.2,302.6,6,D,0
-32.4504,117.1788,381.2,1.1,1.1,2014-04-23,0557,Aqua,MODIS,100,6.2,289.3,182.3,D,0
-33.2935,118.6295,310.5,1,1,2014-04-23,0557,Aqua,MODIS,38,6.2,291.7,4.4,D,0
-32.2246,118.0532,320.3,1.1,1,2014-04-23,0557,Aqua,MODIS,70,6.2,304.1,11.3,D,0
-33.5142,121.8102,314.9,1.1,1,2014-04-23,0557,Aqua,MODIS,64,6.2,302.3,6.7,D,0
-32.448,117.9394,317.4,1.1,1,2014-04-23,0557,Aqua,MODIS,69,6.2,302.4,7.6,D,0
-32.4494,117.9281,319.6,1.1,1,2014-04-23,0557,Aqua,MODIS,72,6.2,303.1,9.8,D,0
-32.3283,116.921,322,1.2,1.1,2014-04-23,0557,Aqua,MODIS,75,6.2,306,11.9,D,0
-32.4489,117.1908,345.2,1.1,1.1,2014-04-23,0557,Aqua,MODIS,93,6.2,285.9,55,D,0
-32.6009,117.5221,359.6,1.1,1,2014-04-23,0557,Aqua,MODIS,99,6.2,306.4,88.2,D,0
-32.6023,117.5103,337.9,1.1,1,2014-04-23,0557,Aqua,MODIS,88,6.2,305.3,36.2,D,0
-32.843,121.7323,338.2,1.1,1,2014-04-23,0557,Aqua,MODIS,89,6.2,304.9,35.7,D,0
-32.8448,121.721,317.8,1.1,1,2014-04-23,0557,Aqua,MODIS,73,6.2,303.5,8.2,D,0
-32.8698,121.5633,346,1.1,1,2014-04-23,0557,Aqua,MODIS,94,6.2,303.4,48.8,D,0
-32.8716,121.5521,347.1,1.1,1,2014-04-23,0557,Aqua,MODIS,94,6.2,306,50.7,D,0
-32.3277,117.4015,325,1.1,1,2014-04-23,0557,Aqua,MODIS,76,6.2,303.5,17.3,D,0
-32.3292,117.3897,324,1.1,1.1,2014-04-23,0557,Aqua,MODIS,67,6.2,303.3,15.7,D,0
-32.8338,121.7302,332.8,1.1,1,2014-04-23,0557,Aqua,MODIS,86,6.2,302.9,27,D,0
-32.2869,117.1011,315.5,1.1,1.1,2014-04-23,0557,Aqua,MODIS,49,6.2,303.2,7,D,0
-32.3621,117.4745,329.9,1.1,1,2014-04-23,0557,Aqua,MODIS,83,6.2,303,23.5,D,0
-32.6166,117.7044,382.9,1.1,1,2014-04-23,0557,Aqua,MODIS,100,6.2,308.2,178,D,0
-32.6181,117.6928,339.1,1.1,1,2014-04-23,0557,Aqua,MODIS,89,6.2,305.4,37.6,D,0
-32.4389,117.1711,325.6,1.1,1.1,2014-04-23,0557,Aqua,MODIS,45,6.2,299.1,18.3,D,0
-32.4374,117.1832,364.3,1.1,1.1,2014-04-23,0557,Aqua,MODIS,100,6.2,303.7,108.4,D,0
-32.8428,121.6737,316.3,1.1,1,2014-04-23,0557,Aqua,MODIS,70,6.2,303.7,7,D,0
-32.8623,121.55,323.3,1.1,1,2014-04-23,0557,Aqua,MODIS,67,6.2,303.5,13,D,0
-32.4484,117.1728,352.3,1.1,1.1,2014-04-23,0557,Aqua,MODIS,96,6.2,292,71.3,D,0
-32.8808,121.5541,317.7,1.1,1,2014-04-23,0557,Aqua,MODIS,39,6.2,303.5,7.4,D,0
-32.3891,116.6631,317.9,1.2,1.1,2014-04-23,0557,Aqua,MODIS,69,6.2,304.4,9.3,D,0
-32.879,121.5653,321.7,1.1,1,2014-04-23,0557,Aqua,MODIS,71,6.2,302.8,11.9,D,0
-32.1324,118.1338,318.6,1,1,2014-04-23,0557,Aqua,MODIS,51,6.2,301.4,9.3,D,0
-32.1232,118.1321,324.8,1,1,2014-04-23,0557,Aqua,MODIS,69,6.2,301.1,16.6,D,0
-32.4469,117.1849,379.4,1.1,1.1,2014-04-23,0557,Aqua,MODIS,100,6.2,296.6,171.7,D,0
-31.7898,118.0243,323.5,1,1,2014-04-23,0558,Aqua,MODIS,75,6.2,305,12.3,D,0
-31.7791,118.0337,330.2,1,1,2014-04-23,0558,Aqua,MODIS,82,6.2,307,20.6,D,0
-31.6812,118.4865,318.9,1,1,2014-04-23,0558,Aqua,MODIS,67,6.2,302.3,6.7,D,0
-31.6917,118.4774,320.2,1,1,2014-04-23,0558,Aqua,MODIS,70,6.2,303.5,8.4,D,0
-31.7806,118.0226,328.7,1,1,2014-04-23,0558,Aqua,MODIS,81,6.2,304.8,18.4,D,0
-31.6903,118.4882,330.2,1,1,2014-04-23,0558,Aqua,MODIS,82,6.2,304.7,19.8,D,0
-31.8156,117.5319,345.8,1.1,1,2014-04-23,0558,Aqua,MODIS,93,6.2,307.5,49.3,D,0
-32.0833,116.8492,311.4,1.2,1.1,2014-04-23,0558,Aqua,MODIS,51,6.2,288.2,4.8,D,0
-32.1027,117.35,334.3,1.1,1,2014-04-23,0558,Aqua,MODIS,87,6.2,298.7,35.3,D,0
-32.1042,117.3383,323.7,1.1,1.1,2014-04-23,0558,Aqua,MODIS,79,6.2,296.1,19.7,D,0
-32.1111,116.702,318.9,1.2,1.1,2014-04-23,0558,Aqua,MODIS,54,6.2,296.1,13.2,D,0
-32.1977,117.0058,324,1.1,1.1,2014-04-23,0558,Aqua,MODIS,75,6.2,293.8,20.8,D,0
-31.825,117.5335,321.5,1.1,1,2014-04-23,0558,Aqua,MODIS,74,6.2,306,10.2,D,0
-30.1487,116.1462,328.8,1.2,1.1,2014-04-23,0558,Aqua,MODIS,80,6.2,302.4,25.9,D,0
-31.3486,116.5524,315.9,1.2,1.1,2014-04-23,0558,Aqua,MODIS,51,6.2,283,14.3,D,0
-31.6541,117.7759,324.4,1.1,1,2014-04-23,0558,Aqua,MODIS,78,6.2,303.6,16.3,D,0
-31.7752,118.8077,328.1,1,1,2014-04-23,0558,Aqua,MODIS,80,6.2,300,19.8,D,0
-31.8318,118.6598,320.5,1,1,2014-04-23,0558,Aqua,MODIS,60,6.2,303.8,8.6,D,0
-32.0225,116.7569,311.9,1.2,1.1,2014-04-23,0558,Aqua,MODIS,58,6.2,295.5,8.2,D,0
-31.7883,118.0354,327.8,1,1,2014-04-23,0558,Aqua,MODIS,80,6.2,306.9,17.5,D,0
-32.0173,117.3059,315.7,1.1,1.1,2014-04-23,0558,Aqua,MODIS,65,6.2,298.6,8.5,D,0
-31.599,116.6616,323.4,1.2,1.1,2014-04-23,0558,Aqua,MODIS,56,6.2,301.9,18.5,D,0
-31.6149,116.7772,321.4,1.2,1.1,2014-04-23,0558,Aqua,MODIS,76,6.2,299.5,16,D,0
-31.5968,116.6685,318,1.2,1.1,2014-04-23,0558,Aqua,MODIS,53,6.2,301,12.5,D,0
-31.6164,116.7649,328.8,1.2,1.1,2014-04-23,0558,Aqua,MODIS,83,6.2,300.8,26.6,D,0
-31.7974,118.3693,318,1,1,2014-04-23,0558,Aqua,MODIS,66,6.2,296.3,7.1,D,0
-31.719,118.2033,324.7,1,1,2014-04-23,0558,Aqua,MODIS,76,6.2,304,13.1,D,0
-31.7296,118.1941,318.6,1,1,2014-04-23,0558,Aqua,MODIS,25,6.2,304.4,6.9,D,0
-31.5727,116.7024,322.7,1.2,1.1,2014-04-23,0558,Aqua,MODIS,77,6.2,301.2,18.1,D,0
-31.7204,118.1924,327.5,1,1,2014-04-23,0558,Aqua,MODIS,79,6.2,304.2,16.5,D,0
-31.4525,117.2794,321.7,1.1,1,2014-04-23,0558,Aqua,MODIS,76,6.2,302.4,14.5,D,0
-21.1749,118.5912,330.4,1.1,1,2014-04-23,0600,Aqua,MODIS,66,6.2,316.6,9.9,D,0
-21.8367,119.6591,357.5,1.2,1.1,2014-04-23,0600,Aqua,MODIS,98,6.2,315.4,73.9,D,0
-21.8402,119.637,328.5,1.2,1.1,2014-04-23,0600,Aqua,MODIS,32,6.2,313.9,9.4,D,0
-21.8079,119.6538,332.8,1.2,1.1,2014-04-23,0600,Aqua,MODIS,66,6.2,313.8,16.2,D,0
-21.8063,119.6478,327.8,1.2,1.1,2014-04-23,0600,Aqua,MODIS,60,6.2,313.2,10.3,D,0
-21.0544,119.873,345.2,1.2,1.1,2014-04-23,0600,Aqua,MODIS,89,6.2,316.9,44,D,0
-21.0525,119.8846,335.5,1.2,1.1,2014-04-23,0600,Aqua,MODIS,77,6.2,316.9,22.5,D,0
-21.0899,119.9034,350.8,1.2,1.1,2014-04-23,0600,Aqua,MODIS,93,6.2,316.5,59.8,D,0
-18.6027,121.8211,328.2,1.8,1.3,2014-04-23,0601,Aqua,MODIS,61,6.2,309,33.8,D,0
-16.0498,125.76,315.5,3.9,1.8,2014-04-23,0601,Aqua,MODIS,54,6.2,301.8,38.6,D,0
-15.8833,125.5389,322.5,3.8,1.8,2014-04-23,0601,Aqua,MODIS,72,6.2,301.5,81.9,D,0
-15.8922,125.5324,321.7,3.8,1.8,2014-04-23,0601,Aqua,MODIS,71,6.2,301.8,76.6,D,0
-16.8943,125.3698,319.4,3.5,1.8,2014-04-23,0601,Aqua,MODIS,30,6.2,305.6,32.8,D,0
-16.9021,125.3662,320.3,3.5,1.8,2014-04-23,0601,Aqua,MODIS,53,6.2,306.9,39.7,D,0
-16.8332,125.4099,322.7,3.5,1.8,2014-04-23,0601,Aqua,MODIS,68,6.2,305.6,62.4,D,0
-18.0695,124.0722,328.8,2.6,1.6,2014-04-23,0601,Aqua,MODIS,73,6.2,310.6,52.2,D,0
-18.0663,124.0664,332.4,2.6,1.6,2014-04-23,0601,Aqua,MODIS,79,6.2,310.5,69.3,D,0
-18.0524,124.0632,340.7,2.6,1.6,2014-04-23,0601,Aqua,MODIS,87,6.2,310.6,124.1,D,0
-18.057,124.0384,325,2.6,1.6,2014-04-23,0601,Aqua,MODIS,61,6.2,309.7,34.3,D,0
-18.0385,124.0601,325.9,2.6,1.6,2014-04-23,0601,Aqua,MODIS,68,6.2,309.2,41,D,0
-16.9157,124.6364,320,3.1,1.7,2014-04-23,0601,Aqua,MODIS,58,6.2,306,34.1,D,0
-16.2637,124.5203,337.5,3.1,1.7,2014-04-23,0601,Aqua,MODIS,86,6.2,305.2,143.8,D,0
-17.1579,123.9985,323.3,2.7,1.6,2014-04-23,0601,Aqua,MODIS,69,6.2,308.7,41.5,D,0
-17.281,124.1691,334.2,2.8,1.6,2014-04-23,0601,Aqua,MODIS,83,6.2,308.9,98.7,D,0
-17.2667,124.1661,353.5,2.8,1.6,2014-04-23,0601,Aqua,MODIS,96,6.2,307.7,257.4,D,0
-17.2716,124.1404,356.2,2.8,1.6,2014-04-23,0601,Aqua,MODIS,98,6.2,308.5,285.4,D,0
-16.2992,124.4966,323.3,3.1,1.7,2014-04-23,0601,Aqua,MODIS,56,6.2,304.5,55.7,D,0
-16.5892,124.5823,327,3.1,1.7,2014-04-23,0601,Aqua,MODIS,72,6.2,305.8,75.2,D,0
-16.2583,124.5488,339.4,3.1,1.7,2014-04-23,0601,Aqua,MODIS,88,6.2,304.6,162.7,D,0
-16.2596,124.5413,346.4,3.1,1.7,2014-04-23,0601,Aqua,MODIS,93,6.2,305.1,230.4,D,0
-16.1412,124.693,315.2,3.2,1.7,2014-04-23,0601,Aqua,MODIS,51,6.2,302.6,24.6,D,0
-16.8196,124.5828,318.3,3.1,1.7,2014-04-23,0601,Aqua,MODIS,50,6.2,305,26.2,D,0
-17.2638,124.1582,354.9,2.8,1.6,2014-04-23,0601,Aqua,MODIS,97,6.2,307.7,274.7,D,0
-17.2684,124.1324,331.7,2.8,1.6,2014-04-23,0601,Aqua,MODIS,80,6.2,307,86.4,D,0
-17.1599,124.0041,322.2,2.7,1.6,2014-04-23,0601,Aqua,MODIS,58,6.2,308.4,36.3,D,0
-16.7346,124.2994,327.1,2.9,1.6,2014-04-23,0601,Aqua,MODIS,76,6.2,308.6,55.4,D,0
-16.2499,124.5099,325.6,3.1,1.7,2014-04-23,0601,Aqua,MODIS,53,6.2,303.3,70.3,D,0
-16.6933,124.6042,324.3,3.1,1.7,2014-04-23,0601,Aqua,MODIS,61,6.2,308,51.6,D,0
-16.6715,124.135,320.8,2.9,1.6,2014-04-23,0601,Aqua,MODIS,59,6.2,305,33.6,D,0
-16.7353,124.2944,325.9,2.9,1.6,2014-04-23,0601,Aqua,MODIS,75,6.2,308.4,52.4,D,0
-16.7232,124.61,328.1,3.1,1.7,2014-04-23,0601,Aqua,MODIS,56,6.2,307.3,65.6,D,0
-16.4085,125.1967,319.8,3.5,1.8,2014-04-23,0601,Aqua,MODIS,63,6.2,304.8,44.7,D,0
-16.5902,124.5748,323.7,3.1,1.7,2014-04-23,0601,Aqua,MODIS,71,6.2,305,58.9,D,0
-16.7202,124.6146,326.5,3.1,1.7,2014-04-23,0601,Aqua,MODIS,55,6.2,307.2,57.9,D,0
-16.2487,124.5176,324.7,3.1,1.7,2014-04-23,0601,Aqua,MODIS,59,6.2,302.8,65.6,D,0
-16.7714,124.5065,320.6,3,1.7,2014-04-23,0601,Aqua,MODIS,61,6.2,305.3,38.8,D,0
-15.6944,124.9998,315.1,3.5,1.8,2014-04-23,0602,Aqua,MODIS,63,6.2,300.4,29,D,0
-15.7019,124.9961,315.6,3.5,1.8,2014-04-23,0602,Aqua,MODIS,64,6.2,300.6,32.7,D,0
-15.762,124.5673,324.6,3.2,1.7,2014-04-23,0602,Aqua,MODIS,69,6.2,300.2,68.7,D,0
-15.7511,124.56,339.6,3.2,1.7,2014-04-23,0602,Aqua,MODIS,90,6.2,299.5,181.8,D,0
-14.9932,125.9457,323.6,4.2,1.9,2014-04-23,0602,Aqua,MODIS,77,6.2,293.5,123.8,D,0
-15.5596,124.6012,319.8,3.3,1.7,2014-04-23,0602,Aqua,MODIS,72,6.2,299.1,53.5,D,0
-14.9919,125.9404,320.9,4.2,1.9,2014-04-23,0602,Aqua,MODIS,73,6.2,293.4,97.9,D,0
-15.5043,124.8116,334.5,3.4,1.7,2014-04-23,0602,Aqua,MODIS,86,6.2,299,157.6,D,0
-15.51,124.7098,316.5,3.3,1.7,2014-04-23,0602,Aqua,MODIS,34,6.2,299.3,37.6,D,0
-15.7096,124.6136,325.6,3.2,1.7,2014-04-23,0602,Aqua,MODIS,48,6.2,299.4,77.1,D,0
-15.7039,124.6435,323.4,3.3,1.7,2014-04-23,0602,Aqua,MODIS,63,6.2,301.1,65.4,D,0
-15.4076,124.9162,322.5,3.5,1.8,2014-04-23,0602,Aqua,MODIS,57,6.2,300.2,78,D,0
-15.5196,124.8157,315.6,3.4,1.7,2014-04-23,0602,Aqua,MODIS,64,6.2,299.5,37.5,D,0
-15.5099,124.7815,339.6,3.4,1.7,2014-04-23,0602,Aqua,MODIS,90,6.2,299.8,200.6,D,0
-15.7069,124.6365,326,3.3,1.7,2014-04-23,0602,Aqua,MODIS,51,6.2,301.2,79.1,D,0
-15.1038,125.7332,314,4.1,1.9,2014-04-23,0602,Aqua,MODIS,60,6.2,298.3,44,D,0
-15.7046,125.5994,316.4,3.8,1.8,2014-04-23,0602,Aqua,MODIS,40,6.2,302.5,38.7,D,0
-35.9415,136.8383,304.1,1,1,2014-04-23,1342,Terra,MODIS,58,6.2,283.3,8.2,N,0
-35.94,136.8496,300.9,1,1,2014-04-23,1342,Terra,MODIS,34,6.2,284.1,6.2,N,0
-35.9335,136.8425,302.9,1,1,2014-04-23,1342,Terra,MODIS,52,6.2,283.9,8.2,N,0
-32.9964,137.5851,302.8,1,1,2014-04-23,1343,Terra,MODIS,48,6.2,284.4,7.4,N,0
-20.7372,139.4818,311.6,1.8,1.3,2014-04-23,1346,Terra,MODIS,83,6.2,291.5,23.3,N,2
-19.0494,134.1381,306.5,1,1,2014-04-23,1347,Terra,MODIS,35,6.2,295.4,5.4,N,0
-19.0431,134.1214,316.1,1,1,2014-04-23,1347,Terra,MODIS,93,6.2,295.4,13.6,N,0
-19.034,134.1199,317.1,1,1,2014-04-23,1347,Terra,MODIS,94,6.2,295.2,14.5,N,0
-14.3688,132.3475,304.5,1,1,2014-04-23,1348,Terra,MODIS,59,6.2,293.4,3.3,N,0
-14.446,126.7319,307.5,1.9,1.3,2014-04-23,1348,Terra,MODIS,71,6.2,293.9,17.4,N,0
-16.0532,125.7464,307.5,2.4,1.5,2014-04-23,1348,Terra,MODIS,72,6.2,293.5,25.4,N,0
-14.6431,132.2287,311.1,1,1,2014-04-23,1348,Terra,MODIS,80,6.2,294.2,8.1,N,0
-14.6457,132.2101,304.1,1,1,2014-04-23,1348,Terra,MODIS,54,6.2,293.6,3.8,N,0
-14.6367,132.2088,315.6,1,1,2014-04-23,1348,Terra,MODIS,91,6.2,294.2,11.9,N,0
-14.6444,132.2194,320.5,1,1,2014-04-23,1348,Terra,MODIS,100,6.2,294.4,16.4,N,0
-16.308,129.2753,314.1,1.3,1.1,2014-04-23,1348,Terra,MODIS,88,6.2,296.1,15.7,N,0
-16.3103,129.282,313.5,1.3,1.1,2014-04-23,1348,Terra,MODIS,87,6.2,296.1,15.3,N,0
-16.269,129.2762,306,1.3,1.1,2014-04-23,1348,Terra,MODIS,65,6.2,295.8,8.3,N,0
-13.9745,127.4307,307.9,1.7,1.3,2014-04-23,1348,Terra,MODIS,57,6.2,290.2,13.3,N,0
-15.7563,129.5464,307.3,1.3,1.1,2014-04-23,1348,Terra,MODIS,68,6.2,296.5,8.3,N,0
-13.9863,127.4416,312.9,1.7,1.3,2014-04-23,1348,Terra,MODIS,80,6.2,289.8,20.3,N,0
-16.1761,125.066,305.8,2.7,1.6,2014-04-23,1348,Terra,MODIS,66,6.2,294.1,24.5,N,0
-13.1851,130.7488,307,1.1,1,2014-04-23,1349,Terra,MODIS,70,6.2,294.2,5.5,N,0
-25.7464,151.1694,300.6,1,1,2014-04-23,1517,Aqua,MODIS,31,6.2,288.8,5.4,N,0
-26.7935,150.2076,305.1,1,1,2014-04-23,1517,Aqua,MODIS,63,6.2,287.8,8.4,N,2
-28.6029,148.9555,300.9,1,1,2014-04-23,1518,Aqua,MODIS,35,6.2,289,5.9,N,0
-36.5763,146.6723,302.2,1,1,2014-04-23,1520,Aqua,MODIS,48,6.2,281.7,8.5,N,0
-33.5218,120.8963,314,2.4,1.5,2014-04-23,1521,Terra,MODIS,72,6.2,277.4,56.6,N,0
-33.534,120.8785,300.5,2.4,1.5,2014-04-23,1521,Terra,MODIS,28,6.2,277.3,27.6,N,0
-33.5284,120.904,310,2.4,1.5,2014-04-23,1521,Terra,MODIS,79,6.2,277.1,49.1,N,0
-34.3272,116.3301,306.9,1.3,1.1,2014-04-23,1521,Terra,MODIS,69,6.2,272.1,16.7,N,0
-34.2632,116.1666,306.4,1.2,1.1,2014-04-23,1521,Terra,MODIS,68,6.2,273.2,15.7,N,0
-33.4587,117.8921,312.2,1.6,1.2,2014-04-23,1522,Terra,MODIS,84,6.2,278.9,29.6,N,0
-33.4824,118.0119,303.2,1.6,1.2,2014-04-23,1522,Terra,MODIS,54,6.2,278.7,18.1,N,0
-32.0304,116.7005,301.8,1.4,1.2,2014-04-23,1522,Terra,MODIS,44,6.2,278.3,13.3,N,0
-14.4278,126.7469,302.8,1.1,1,2014-04-23,1653,Aqua,MODIS,34,6.2,289.5,4.7,N,0
-14.4371,126.7453,302.6,1.1,1,2014-04-23,1653,Aqua,MODIS,8,6.2,289.3,4.4,N,0
-16.058,125.7534,311.3,1.2,1.1,2014-04-23,1653,Aqua,MODIS,82,6.2,294.4,12.6,N,0
-15.6687,130.8612,306.9,1.2,1.1,2014-04-23,1653,Aqua,MODIS,70,6.2,295.7,6.9,N,0
-16.2675,129.2892,305.4,1,1,2014-04-23,1653,Aqua,MODIS,64,6.2,295.1,5.9,N,0
-16.1324,125.5226,310,1.2,1.1,2014-04-23,1654,Aqua,MODIS,79,6.2,293,11.6,N,0
-16.9515,124.8194,306.9,1.3,1.1,2014-04-23,1654,Aqua,MODIS,70,6.2,295.6,8.1,N,0
-16.5969,124.4025,305.4,1.3,1.1,2014-04-23,1654,Aqua,MODIS,64,6.2,294.9,8.3,N,0
-33.5806,121.7348,339.6,1.1,1,2014-04-23,1658,Aqua,MODIS,100,6.2,279,52.6,N,0
-33.5899,121.7327,306.7,1.1,1,2014-04-23,1658,Aqua,MODIS,69,6.2,277.6,12.7,N,0
-33.5231,120.9042,304.3,1.2,1.1,2014-04-23,1658,Aqua,MODIS,59,6.2,278.9,11.9,N,0
-26.5755,148.9147,335.7,1.9,1.3,2014-04-24,0042,Terra,MODIS,87,6.2,303.7,71.8,D,0
-26.5736,148.8957,326.9,1.9,1.3,2014-04-24,0042,Terra,MODIS,79,6.2,302.8,41.5,D,0
-26.793,150.2078,313.1,2.3,1.5,2014-04-24,0042,Terra,MODIS,51,6.2,301.4,16,D,2
-28.5195,149.4737,328.3,2.2,1.4,2014-04-24,0042,Terra,MODIS,81,6.2,303.1,57.2,D,0
-28.6098,148.9346,355.5,2,1.4,2014-04-24,0042,Terra,MODIS,98,6.2,301.6,189.6,D,0
-28.5174,149.4513,320.7,2.2,1.4,2014-04-24,0042,Terra,MODIS,73,6.2,303.1,31,D,0
-28.6119,148.9552,318.5,2,1.4,2014-04-24,0042,Terra,MODIS,70,6.2,300.3,27.4,D,0
-28.6223,148.9331,333.4,2,1.4,2014-04-24,0043,Terra,MODIS,85,6.2,299.1,73,D,0
-28.6237,148.9272,321.2,2,1.4,2014-04-24,0043,Terra,MODIS,73,6.2,299,32.2,D,0
-28.6111,148.9287,349.1,2,1.4,2014-04-24,0043,Terra,MODIS,95,6.2,301.5,145.7,D,0
-31.1045,149.6648,310.1,2.4,1.5,2014-04-24,0043,Terra,MODIS,49,6.2,297.7,20.2,D,0
-28.6131,148.9494,326.3,2,1.4,2014-04-24,0043,Terra,MODIS,80,6.2,300.4,46.1,D,0
-30.9924,146.9662,310.9,1.6,1.2,2014-04-24,0043,Terra,MODIS,52,6.2,297.6,8.9,D,0
-30.9942,146.9831,314.4,1.6,1.2,2014-04-24,0043,Terra,MODIS,65,6.2,299.8,13.7,D,0
-34.2778,149.7808,304.2,2.7,1.6,2014-04-24,0044,Terra,MODIS,52,6.2,289.7,23,D,0
-33.7562,135.7775,306.3,1.5,1.2,2014-04-24,0044,Terra,MODIS,55,6.2,293.1,8.7,D,0
-33.097,147.844,313.4,1.9,1.4,2014-04-24,0044,Terra,MODIS,71,6.2,297.9,19.7,D,0
-35.568,146.4577,307.7,1.7,1.3,2014-04-24,0044,Terra,MODIS,65,6.2,296,10.1,D,0
-34.28,149.8096,327.2,2.7,1.6,2014-04-24,0044,Terra,MODIS,84,6.2,289.9,108.5,D,0
-35.5818,150.2471,301.9,3,1.6,2014-04-24,0044,Terra,MODIS,50,6.2,291.4,17.8,D,0
-33.6362,147.2869,318.5,1.8,1.3,2014-04-24,0044,Terra,MODIS,76,6.2,297,28.3,D,0
-34.2685,149.8057,312.3,2.7,1.6,2014-04-24,0044,Terra,MODIS,70,6.2,289.8,42.9,D,0
-34.2828,149.8041,323.5,2.7,1.6,2014-04-24,0044,Terra,MODIS,82,6.2,289.6,88.3,D,0
-33.1706,147.935,310.5,2,1.4,2014-04-24,0044,Terra,MODIS,66,6.2,298.6,14,D,0
-34.1119,141.0184,307,1,1,2014-04-24,0044,Terra,MODIS,58,6.2,287.8,6.5,D,0
-33.6412,147.2798,310.1,1.8,1.3,2014-04-24,0044,Terra,MODIS,57,6.2,297.2,11.9,D,0
-33.6292,147.2815,314.8,1.8,1.3,2014-04-24,0044,Terra,MODIS,71,6.2,297.4,20.7,D,0
-35.052,146.6227,306.5,1.7,1.3,2014-04-24,0044,Terra,MODIS,59,6.2,294,9.5,D,0
-34.4091,142.2833,307.9,1,1,2014-04-24,0044,Terra,MODIS,53,6.2,293.2,5.1,D,0
-33.0989,147.8649,311.1,1.9,1.4,2014-04-24,0044,Terra,MODIS,68,6.2,297.7,15.3,D,0
-34.2654,140.6836,309.5,1,1,2014-04-24,0044,Terra,MODIS,65,6.2,293.7,6,D,0
-33.0054,137.5809,306.9,1.2,1.1,2014-04-24,0044,Terra,MODIS,45,6.2,294.9,5.8,D,0
-33.6787,147.9956,306.7,2,1.4,2014-04-24,0044,Terra,MODIS,43,6.2,294.2,11.1,D,0
-33.6795,147.989,308.2,2,1.4,2014-04-24,0044,Terra,MODIS,54,6.2,294.3,13.9,D,0
-35.901,145.6897,301.8,1.5,1.2,2014-04-24,0045,Terra,MODIS,33,6.2,291.2,6.3,D,0
-36.1395,145.9226,330.3,1.6,1.2,2014-04-24,0045,Terra,MODIS,87,6.2,290.7,56.7,D,0
-36.5297,143.3492,304.5,1.2,1.1,2014-04-24,0045,Terra,MODIS,59,6.2,292.2,5.9,D,0
-37.0774,141.8775,302.2,1.1,1,2014-04-24,0045,Terra,MODIS,43,6.2,283.3,5.9,D,0
-14.2153,127.5237,322.7,2.2,1.4,2014-04-24,0217,Terra,MODIS,75,6.2,300.6,33.5,D,0
-14.2133,127.5183,328.3,2.2,1.4,2014-04-24,0217,Terra,MODIS,80,6.2,302.2,52.9,D,0
-14.2127,127.5029,345.7,2.2,1.4,2014-04-24,0217,Terra,MODIS,93,6.2,302.8,140.8,D,0
-14.1998,127.5046,330.1,2.2,1.4,2014-04-24,0217,Terra,MODIS,83,6.2,302.1,60,D,0
-14.211,127.4976,343.1,2.2,1.4,2014-04-24,0217,Terra,MODIS,91,6.2,303.2,124.4,D,0
-14.3228,127.0199,321.1,2,1.4,2014-04-24,0217,Terra,MODIS,71,6.2,302.3,28.4,D,0
-14.4125,126.7047,320.2,1.9,1.4,2014-04-24,0217,Terra,MODIS,68,6.2,302.6,25.1,D,0
-14.4157,126.6977,315.7,1.9,1.4,2014-04-24,0217,Terra,MODIS,16,6.2,301.9,13.7,D,0
-14.4424,126.7123,328,1.9,1.4,2014-04-24,0217,Terra,MODIS,79,6.2,301.4,45.9,D,0
-14.4547,126.7117,317.8,1.9,1.4,2014-04-24,0217,Terra,MODIS,55,6.2,301.7,19.4,D,0
-14.4569,126.7298,316.1,2,1.4,2014-04-24,0217,Terra,MODIS,34,6.2,302.6,15.5,D,0
-16.1408,125.4926,316.9,1.7,1.3,2014-04-24,0218,Terra,MODIS,44,6.2,304.8,10.9,D,0
-16.1427,125.5079,323.7,1.7,1.3,2014-04-24,0218,Terra,MODIS,73,6.2,306.2,25.4,D,0
-16.056,125.7343,319.1,1.7,1.3,2014-04-24,0218,Terra,MODIS,37,6.2,304.9,17.3,D,0
-16.0579,125.7498,324.7,1.7,1.3,2014-04-24,0218,Terra,MODIS,74,6.2,305.6,30.2,D,0
-16.0696,125.7488,321.7,1.7,1.3,2014-04-24,0218,Terra,MODIS,57,6.2,303.4,22.1,D,0
-15.6954,125.6755,318.7,1.7,1.3,2014-04-24,0218,Terra,MODIS,54,6.2,303.8,14.9,D,0
-15.8168,125.5443,318.5,1.7,1.3,2014-04-24,0218,Terra,MODIS,33,6.2,303.8,14,D,0
-15.8148,125.5289,322.1,1.7,1.3,2014-04-24,0218,Terra,MODIS,62,6.2,304.7,21.3,D,0
-15.8127,125.5235,318.6,1.7,1.3,2014-04-24,0218,Terra,MODIS,54,6.2,304.6,14.8,D,0
-15.8146,125.5388,321.3,1.7,1.3,2014-04-24,0218,Terra,MODIS,69,6.2,304.3,20.2,D,0
-15.8563,125.501,315.8,1.7,1.3,2014-04-24,0218,Terra,MODIS,36,6.2,303.7,10.9,D,0
-16.2477,129.2721,324.4,3.2,1.7,2014-04-24,0218,Terra,MODIS,60,6.2,305.5,59.6,D,0
-16.2631,129.2704,332.8,3.2,1.7,2014-04-24,0218,Terra,MODIS,83,6.2,304.9,117.9,D,0
-16.2596,129.2656,332.9,3.2,1.7,2014-04-24,0218,Terra,MODIS,83,6.2,305.3,124,D,0
-16.2627,129.2955,322.5,3.3,1.7,2014-04-24,0218,Terra,MODIS,69,6.2,303.4,54.3,D,0
-16.3057,129.2604,318.4,3.2,1.7,2014-04-24,0218,Terra,MODIS,34,6.2,303.9,34.6,D,0
-16.3089,129.2904,318.9,3.3,1.7,2014-04-24,0218,Terra,MODIS,44,6.2,304.1,36.5,D,0
-16.321,129.2587,319.4,3.2,1.7,2014-04-24,0218,Terra,MODIS,33,6.2,304.2,38.8,D,0
-14.6237,127.1388,321.2,2.1,1.4,2014-04-24,0218,Terra,MODIS,69,6.2,305,26.3,D,0
-15.4063,124.9208,318.6,1.5,1.2,2014-04-24,0218,Terra,MODIS,55,6.2,303.4,13.4,D,0
-16.9593,124.8248,319.4,1.5,1.2,2014-04-24,0218,Terra,MODIS,48,6.2,306.3,10.9,D,0
-14.6214,127.1125,324.8,2.1,1.4,2014-04-24,0218,Terra,MODIS,75,6.2,306.1,35.9,D,0
-16.6314,126.1748,319.3,1.9,1.3,2014-04-24,0218,Terra,MODIS,52,6.2,306.8,16.1,D,0
-16.2775,124.4951,322,1.4,1.2,2014-04-24,0218,Terra,MODIS,49,6.2,305.9,14.4,D,0
-17.3525,125.5992,318.5,1.8,1.3,2014-04-24,0218,Terra,MODIS,44,6.2,306.7,13.8,D,0
-15.408,124.9344,329,1.5,1.2,2014-04-24,0218,Terra,MODIS,75,6.2,304.7,33.7,D,0
-15.8377,124.8042,323.1,1.5,1.2,2014-04-24,0218,Terra,MODIS,72,6.2,305.1,21.1,D,0
-15.4226,124.8765,317.1,1.5,1.2,2014-04-24,0218,Terra,MODIS,59,6.2,304.5,12.5,D,0
-16.2987,124.4919,330,1.4,1.2,2014-04-24,0218,Terra,MODIS,57,6.2,308.7,29.9,D,0
-16.3094,124.4904,318.2,1.4,1.2,2014-04-24,0218,Terra,MODIS,35,6.2,305.3,11.1,D,0
-17.2846,126.338,321,2,1.4,2014-04-24,0218,Terra,MODIS,63,6.2,307.9,17.7,D,0
-16.76,124.6064,330.3,1.5,1.2,2014-04-24,0218,Terra,MODIS,79,6.2,308.9,29.9,D,0
-17.3546,125.6158,321.9,1.8,1.3,2014-04-24,0218,Terra,MODIS,64,6.2,305.8,21.8,D,0
-14.9391,127.0548,320.1,2.1,1.4,2014-04-24,0218,Terra,MODIS,68,6.2,304.2,23.6,D,0
-17.3815,125.8373,327,1.8,1.3,2014-04-24,0218,Terra,MODIS,74,6.2,307.7,31.7,D,0
-16.9671,125.3575,325.9,1.7,1.3,2014-04-24,0218,Terra,MODIS,72,6.2,307.5,25.6,D,0
-15.8008,129.5002,320.4,3.3,1.7,2014-04-24,0218,Terra,MODIS,67,6.2,301.5,52.3,D,0
-15.8058,129.5067,319,3.3,1.7,2014-04-24,0218,Terra,MODIS,62,6.2,301.3,43.7,D,0
-16.0468,124.6668,318.3,1.5,1.2,2014-04-24,0218,Terra,MODIS,61,6.2,303.4,15.2,D,0
-15.9824,124.6753,324.2,1.5,1.2,2014-04-24,0218,Terra,MODIS,38,6.2,304.6,22.2,D,0
-16.4347,124.7255,322.6,1.5,1.2,2014-04-24,0218,Terra,MODIS,62,6.2,307.4,17.7,D,0
-16.7861,124.6113,317.1,1.5,1.2,2014-04-24,0218,Terra,MODIS,29,6.2,305.9,7.3,D,0
-14.6213,127.1194,330.6,2.1,1.4,2014-04-24,0218,Terra,MODIS,81,6.2,306.1,58.1,D,0
-14.6236,127.132,326.6,2.1,1.4,2014-04-24,0218,Terra,MODIS,77,6.2,305.3,42,D,0
-16.7618,124.6202,321.4,1.5,1.2,2014-04-24,0218,Terra,MODIS,57,6.2,308.9,11.4,D,0
-16.9699,125.3637,323,1.7,1.3,2014-04-24,0218,Terra,MODIS,64,6.2,307.4,19.1,D,0
-15.5765,124.6522,321.2,1.4,1.2,2014-04-24,0218,Terra,MODIS,69,6.2,306.1,15.4,D,0
-14.9706,127.2106,322.7,2.2,1.4,2014-04-24,0218,Terra,MODIS,72,6.2,304.6,30,D,0
-16.6293,126.1568,318.6,1.9,1.3,2014-04-24,0218,Terra,MODIS,53,6.2,306.9,15.4,D,0
-15.4297,124.9312,315.8,1.5,1.2,2014-04-24,0218,Terra,MODIS,44,6.2,304.1,9.6,D,0
-16.4022,125.2095,322.4,1.6,1.2,2014-04-24,0218,Terra,MODIS,69,6.2,306.7,19.5,D,0
-16.2758,124.4819,323.8,1.4,1.2,2014-04-24,0218,Terra,MODIS,58,6.2,306.3,17.4,D,0
-16.5553,124.5216,320.3,1.4,1.2,2014-04-24,0218,Terra,MODIS,49,6.2,305.6,13.5,D,0
-14.5673,126.7835,321.1,2,1.4,2014-04-24,0218,Terra,MODIS,69,6.2,302.8,29.7,D,0
-15.8485,124.8025,317.5,1.5,1.2,2014-04-24,0218,Terra,MODIS,35,6.2,304.5,10.4,D,0
-15.8467,124.7889,340.9,1.5,1.2,2014-04-24,0218,Terra,MODIS,89,6.2,305.1,62.7,D,0
-16.297,124.4788,336.3,1.4,1.2,2014-04-24,0218,Terra,MODIS,85,6.2,308.4,44.6,D,0
-15.5505,124.5345,318.8,1.4,1.2,2014-04-24,0218,Terra,MODIS,64,6.2,304.5,13.8,D,0
-15.5061,124.9004,327.5,1.5,1.2,2014-04-24,0218,Terra,MODIS,78,6.2,304.5,30.7,D,0
-16.671,124.6251,324.9,1.5,1.2,2014-04-24,0218,Terra,MODIS,53,6.2,310.3,14.5,D,0
-15.5043,124.8862,346.8,1.5,1.2,2014-04-24,0218,Terra,MODIS,93,6.2,305.4,84.1,D,0
-16.557,124.5348,330.6,1.5,1.2,2014-04-24,0218,Terra,MODIS,81,6.2,307.9,33,D,0
-16.5695,124.547,326.6,1.5,1.2,2014-04-24,0218,Terra,MODIS,70,6.2,306.2,23.5,D,0
-16.2279,124.9115,319,1.5,1.2,2014-04-24,0218,Terra,MODIS,48,6.2,305.8,12.4,D,0
-15.7716,124.9173,341.2,1.5,1.2,2014-04-24,0218,Terra,MODIS,90,6.2,306.2,67.2,D,0
-15.7699,124.9035,344.6,1.5,1.2,2014-04-24,0218,Terra,MODIS,92,6.2,305.6,78.4,D,0
-16.4032,125.2184,321.3,1.6,1.2,2014-04-24,0218,Terra,MODIS,61,6.2,306,16.1,D,0
-18.0418,124.0683,327.4,1.4,1.2,2014-04-24,0219,Terra,MODIS,65,6.2,312.1,21.6,D,0
-20.2891,123.679,325.7,1.4,1.2,2014-04-24,0219,Terra,MODIS,48,6.2,307.9,14.3,D,0
-23.0021,123.3717,327.5,1.5,1.2,2014-04-24,0220,Terra,MODIS,63,6.2,305.4,22,D,0
-23.0129,123.3702,323.2,1.5,1.2,2014-04-24,0220,Terra,MODIS,60,6.2,306.4,15.5,D,0
-23.0112,123.3558,323.8,1.5,1.2,2014-04-24,0220,Terra,MODIS,57,6.2,305.5,16.6,D,0
-21.3493,120.0139,357.6,1,1,2014-04-24,0220,Terra,MODIS,98,6.2,306.6,67.9,D,0
-21.334,120.0363,327.1,1,1,2014-04-24,0220,Terra,MODIS,71,6.2,309.3,11.4,D,0
-21.3507,120.0236,336.5,1,1,2014-04-24,0220,Terra,MODIS,83,6.2,307.9,24.8,D,0
-21.3431,120.0348,342.1,1,1,2014-04-24,0220,Terra,MODIS,88,6.2,309.3,33,D,0
-21.3417,120.0251,392.6,1,1,2014-04-24,0220,Terra,MODIS,100,6.2,317,201.5,D,0
-21.3403,120.0154,371.2,1,1,2014-04-24,0220,Terra,MODIS,100,6.2,313.4,108.3,D,0
-21.3312,119.7596,327,1,1,2014-04-24,0220,Terra,MODIS,70,6.2,311.1,10.9,D,0
-21.3326,119.7692,326.5,1,1,2014-04-24,0220,Terra,MODIS,69,6.2,311,10.1,D,0
-31.8025,116.7479,304.5,1,1,2014-04-24,0222,Terra,MODIS,44,6.2,271.2,8.3,D,0
-31.7878,118.2677,321.2,1.1,1,2014-04-24,0222,Terra,MODIS,80,6.2,286.9,19,D,0
-31.8115,116.7461,302.8,1,1,2014-04-24,0222,Terra,MODIS,21,6.2,268.7,7,D,0
-31.7893,118.2788,311.1,1.1,1,2014-04-24,0222,Terra,MODIS,65,6.2,286.2,9.8,D,0
-30.0687,115.4223,336.4,1.1,1,2014-04-24,0222,Terra,MODIS,89,6.2,301.4,31.8,D,0
-31.7785,117.7367,303.3,1,1,2014-04-24,0222,Terra,MODIS,48,6.2,284,5.1,D,0
-33.8073,120.6373,309.4,1.4,1.2,2014-04-24,0223,Terra,MODIS,69,6.2,282.9,13.6,D,0
-32.066,116.9117,310.5,1,1,2014-04-24,0223,Terra,MODIS,70,6.2,277,10.2,D,0
-32.0645,116.9011,325.1,1,1,2014-04-24,0223,Terra,MODIS,83,6.2,275.6,23.9,D,0
-32.0629,116.8905,302.5,1,1,2014-04-24,0223,Terra,MODIS,35,6.2,275,5.4,D,0
-33.8077,122.1434,325.6,1.7,1.3,2014-04-24,0223,Terra,MODIS,84,6.2,293.2,44.7,D,0
-33.4089,117.9747,303.2,1.1,1,2014-04-24,0223,Terra,MODIS,46,6.2,277.4,6.5,D,0
-33.8033,122.138,319.8,1.7,1.3,2014-04-24,0223,Terra,MODIS,80,6.2,293.5,31.4,D,0
-33.805,122.1567,311.2,1.7,1.3,2014-04-24,0223,Terra,MODIS,61,6.2,291.2,17.1,D,0
-33.5623,118.745,313.1,1.1,1.1,2014-04-24,0223,Terra,MODIS,73,6.2,290.1,10.8,D,0
-33.5639,118.7572,310.5,1.1,1.1,2014-04-24,0223,Terra,MODIS,70,6.2,289.8,8.6,D,0
-35.8495,146.4148,302.7,4.6,2,2014-04-24,0322,Aqua,MODIS,37,6.2,288.8,25.5,D,0
-34.7272,146.0762,311.9,4.7,2,2014-04-24,0322,Aqua,MODIS,70,6.2,295,75.7,D,0
-35.5798,146.8855,311.9,4.3,1.9,2014-04-24,0322,Aqua,MODIS,72,6.2,293.2,69.7,D,0
-35.3945,147.1067,308.2,4.1,1.9,2014-04-24,0322,Aqua,MODIS,67,6.2,293.9,50.2,D,0
-35.6334,147.2724,309.5,4.1,1.9,2014-04-24,0322,Aqua,MODIS,69,6.2,291.8,63.2,D,0
-35.8872,146.7871,315.8,4.4,1.9,2014-04-24,0322,Aqua,MODIS,74,6.2,286.9,106.2,D,0
-35.0582,147.0065,308,4.2,1.9,2014-04-24,0322,Aqua,MODIS,63,6.2,294.5,43.1,D,0
-35.4305,146.6743,312.1,4.4,1.9,2014-04-24,0322,Aqua,MODIS,72,6.2,295.8,67.7,D,0
-35.0453,146.9662,312.2,4.2,1.9,2014-04-24,0322,Aqua,MODIS,72,6.2,295.1,66.9,D,0
-35.847,146.4177,307.7,4.6,2,2014-04-24,0322,Aqua,MODIS,62,6.2,288.6,55.2,D,0
-35.0606,146.9597,306.6,4.2,1.9,2014-04-24,0322,Aqua,MODIS,57,6.2,295.6,34.9,D,0
-35.5821,146.8365,310.5,4.3,1.9,2014-04-24,0322,Aqua,MODIS,70,6.2,293.9,61.5,D,0
-34.7293,146.0231,308.6,4.8,2,2014-04-24,0322,Aqua,MODIS,65,6.2,296.6,52.9,D,0
-35.4284,146.724,316.7,4.4,1.9,2014-04-24,0322,Aqua,MODIS,77,6.2,295.3,99.9,D,0
-35.8867,146.7786,315.2,4.4,1.9,2014-04-24,0322,Aqua,MODIS,71,6.2,286.8,107.5,D,0
-35.5812,146.8933,308,4.3,1.9,2014-04-24,0322,Aqua,MODIS,66,6.2,293,47.2,D,0
-35.59,150.2328,316.5,2.6,1.6,2014-04-24,0322,Aqua,MODIS,77,6.2,295.3,52.3,D,0
-35.0433,147.013,304.8,4.2,1.9,2014-04-24,0322,Aqua,MODIS,51,6.2,293.4,27.8,D,0
-35.3918,147.0989,309.1,4.1,1.9,2014-04-24,0322,Aqua,MODIS,68,6.2,294,54.3,D,0
-35.5832,146.8443,314.2,4.3,1.9,2014-04-24,0322,Aqua,MODIS,74,6.2,293.9,85,D,0
-35.4278,146.7161,320.4,4.4,1.9,2014-04-24,0322,Aqua,MODIS,80,6.2,295.5,120.8,D,0
-35.0153,147.7981,310,3.7,1.8,2014-04-24,0322,Aqua,MODIS,68,6.2,295.5,46.2,D,0
-35.022,147.8055,314,3.7,1.8,2014-04-24,0322,Aqua,MODIS,74,6.2,295.9,70.5,D,0
-33.9245,148.0166,309.4,3.5,1.8,2014-04-24,0323,Aqua,MODIS,64,6.2,293.6,36.9,D,0
-33.9158,148.0089,310.7,3.5,1.8,2014-04-24,0323,Aqua,MODIS,65,6.2,293.5,40.9,D,0
-32.024,152.2002,311.3,1.8,1.3,2014-04-24,0323,Aqua,MODIS,67,6.2,299.5,14.6,D,0
-34.2102,147.9737,328.2,3.6,1.8,2014-04-24,0323,Aqua,MODIS,85,6.2,295.2,142.3,D,0
-34.2124,147.9343,321.3,3.6,1.8,2014-04-24,0323,Aqua,MODIS,79,6.2,295.7,94.2,D,0
-34.203,147.9692,327.3,3.6,1.8,2014-04-24,0323,Aqua,MODIS,84,6.2,295.9,131.9,D,0
-34.2054,147.9301,317.6,3.6,1.8,2014-04-24,0323,Aqua,MODIS,73,6.2,295.8,68.5,D,0
-34.1744,148.3183,315.3,3.4,1.7,2014-04-24,0323,Aqua,MODIS,74,6.2,293.3,64.6,D,0
-34.1766,148.2803,315.3,3.4,1.7,2014-04-24,0323,Aqua,MODIS,74,6.2,293.6,64.7,D,0
-34.1291,148.276,331.6,3.4,1.7,2014-04-24,0323,Aqua,MODIS,87,6.2,294.9,162.2,D,0
-34.1812,148.3151,314.6,3.4,1.7,2014-04-24,0323,Aqua,MODIS,36,6.2,293.1,53,D,0
-34.1361,148.2728,331.6,3.4,1.7,2014-04-24,0323,Aqua,MODIS,87,6.2,295,161.7,D,0
-33.1823,147.9449,320.6,3.5,1.8,2014-04-24,0323,Aqua,MODIS,78,6.2,299.5,73.3,D,0
-33.1844,147.9067,318.4,3.5,1.8,2014-04-24,0323,Aqua,MODIS,65,6.2,300.6,62.3,D,0
-33.9865,148.4751,304.9,3.3,1.7,2014-04-24,0323,Aqua,MODIS,53,6.2,293.6,20.3,D,0
-33.7812,148.1103,308.3,3.4,1.7,2014-04-24,0323,Aqua,MODIS,20,6.2,294.8,29.4,D,0
-33.789,148.1061,313.6,3.4,1.7,2014-04-24,0323,Aqua,MODIS,72,6.2,295.4,56.1,D,0
-30.7428,152.3159,309.7,1.7,1.3,2014-04-24,0323,Aqua,MODIS,51,6.2,296.7,10.5,D,0
-33.047,147.8767,313.3,3.5,1.8,2014-04-24,0323,Aqua,MODIS,71,6.2,296.9,43.4,D,0
-32.6738,147.7539,312,3.6,1.8,2014-04-24,0323,Aqua,MODIS,68,6.2,299.3,36.4,D,0
-34.3584,146.8315,310,4.2,1.9,2014-04-24,0323,Aqua,MODIS,67,6.2,298.3,42.1,D,0
-34.409,146.0886,313.3,4.7,2,2014-04-24,0323,Aqua,MODIS,71,6.2,298.1,76.1,D,0
-34.2734,147.5377,308.2,3.8,1.8,2014-04-24,0323,Aqua,MODIS,63,6.2,295.7,28.4,D,0
-34.5483,147.3592,313.5,3.9,1.8,2014-04-24,0323,Aqua,MODIS,59,6.2,296.4,57.4,D,0
-34.4057,146.0913,316.5,4.7,2,2014-04-24,0323,Aqua,MODIS,75,6.2,298.2,96.7,D,0
-33.1735,147.9366,324.7,3.5,1.8,2014-04-24,0323,Aqua,MODIS,82,6.2,299.8,104.8,D,0
-34.2713,147.5797,309.6,3.8,1.8,2014-04-24,0323,Aqua,MODIS,65,6.2,295.7,33.3,D,0
-34.3566,146.8231,309.1,4.2,1.9,2014-04-24,0323,Aqua,MODIS,62,6.2,298.1,34.2,D,0
-34.3931,146.079,310,4.7,2,2014-04-24,0323,Aqua,MODIS,61,6.2,297.3,49.2,D,0
-34.2654,147.5711,309.3,3.8,1.8,2014-04-24,0323,Aqua,MODIS,65,6.2,295.9,34,D,0
-34.3447,147.5466,307,3.8,1.8,2014-04-24,0323,Aqua,MODIS,61,6.2,294.7,25.8,D,0
-34.7298,146.0675,315.8,4.7,2,2014-04-24,0323,Aqua,MODIS,75,6.2,295.5,104.6,D,0
-34.5504,147.3154,309.9,3.9,1.8,2014-04-24,0323,Aqua,MODIS,17,6.2,298.1,38.4,D,0
-34.5616,147.3559,319.4,3.9,1.8,2014-04-24,0323,Aqua,MODIS,78,6.2,298.9,97,D,0
-34.5639,147.3121,307.7,3.9,1.8,2014-04-24,0323,Aqua,MODIS,39,6.2,297.2,29,D,0
-28.5294,149.457,322.7,2.4,1.5,2014-04-24,0324,Aqua,MODIS,75,6.2,296.7,43.6,D,0
-28.9899,153.0964,312.3,1.4,1.2,2014-04-24,0324,Aqua,MODIS,61,6.2,299.5,9.8,D,0
-28.9914,152.2278,317.5,1.6,1.2,2014-04-24,0324,Aqua,MODIS,61,6.2,296,25.1,D,0
-29.0601,152.2249,312.7,1.6,1.2,2014-04-24,0324,Aqua,MODIS,48,6.2,298.1,16.9,D,0
-29.6254,153.3043,310.5,1.4,1.2,2014-04-24,0324,Aqua,MODIS,46,6.2,298.6,9.4,D,0
-28.6199,148.9427,315.9,2.7,1.6,2014-04-24,0324,Aqua,MODIS,14,6.2,302.6,19.3,D,0
-28.4641,148.9971,319.9,2.6,1.6,2014-04-24,0324,Aqua,MODIS,71,6.2,304.8,30,D,0
-29.636,153.3058,313.9,1.4,1.2,2014-04-24,0324,Aqua,MODIS,52,6.2,298.9,13.9,D,0
-28.616,148.9354,321.3,2.7,1.6,2014-04-24,0324,Aqua,MODIS,73,6.2,302.8,43.1,D,0
-28.5232,149.4512,323.6,2.4,1.5,2014-04-24,0324,Aqua,MODIS,76,6.2,295.9,46.3,D,0
-30.4669,151.9954,309.3,1.7,1.3,2014-04-24,0324,Aqua,MODIS,59,6.2,296.4,13.7,D,0
-28.0511,150.9999,332.8,1.9,1.3,2014-04-24,0324,Aqua,MODIS,51,6.2,297.2,64.4,D,0
-28.0632,151.0016,323.5,1.9,1.3,2014-04-24,0324,Aqua,MODIS,43,6.2,296.1,38.1,D,0
-30.0516,152.0903,310.8,1.7,1.3,2014-04-24,0324,Aqua,MODIS,61,6.2,293.5,18,D,0
-25.946,152.3284,323.2,1.4,1.2,2014-04-24,0325,Aqua,MODIS,78,6.2,296,26.7,D,0
-25.9515,152.337,315.8,1.4,1.2,2014-04-24,0325,Aqua,MODIS,59,6.2,295.5,15,D,0
-25.9532,152.3226,317.6,1.4,1.2,2014-04-24,0325,Aqua,MODIS,69,6.2,299.1,17.1,D,0
-23.4734,148.3127,323.3,2.5,1.5,2014-04-24,0326,Aqua,MODIS,76,6.2,304.6,42.7,D,0
-23.4711,148.3376,322.3,2.5,1.5,2014-04-24,0326,Aqua,MODIS,75,6.2,300.6,38.4,D,0
-23.465,148.3303,328.6,2.5,1.5,2014-04-24,0326,Aqua,MODIS,82,6.2,301.1,67.6,D,0
-36.3477,140.785,313.6,1.6,1.3,2014-04-24,0500,Aqua,MODIS,51,6.2,297.9,14.7,D,0
-37.3132,143.9204,332.5,2.4,1.5,2014-04-24,0500,Aqua,MODIS,88,6.2,291.2,113.2,D,0
-37.0727,141.5908,320.6,1.8,1.3,2014-04-24,0500,Aqua,MODIS,80,6.2,294.4,36.6,D,0
-36.3324,141.0993,326.6,1.7,1.3,2014-04-24,0500,Aqua,MODIS,82,6.2,297.8,44.8,D,0
-36.3792,140.8015,311.9,1.6,1.3,2014-04-24,0500,Aqua,MODIS,65,6.2,297.1,13.4,D,0
-36.3443,140.803,316.3,1.6,1.3,2014-04-24,0500,Aqua,MODIS,71,6.2,297.3,19.5,D,0
-36.3817,141.0947,321,1.7,1.3,2014-04-24,0500,Aqua,MODIS,78,6.2,297.8,31.1,D,0
-36.1667,142.3621,318.5,2.1,1.4,2014-04-24,0500,Aqua,MODIS,76,6.2,296.1,37.4,D,0
-36.1619,142.3847,312.9,2.1,1.4,2014-04-24,0500,Aqua,MODIS,69,6.2,296.1,23.6,D,0
-37.6811,142.6635,326.2,2,1.4,2014-04-24,0500,Aqua,MODIS,84,6.2,289.6,65.1,D,0
-36.302,141.13,328.1,1.7,1.3,2014-04-24,0500,Aqua,MODIS,84,6.2,298.4,48.8,D,0
-36.378,141.1135,324.4,1.7,1.3,2014-04-24,0500,Aqua,MODIS,81,6.2,296.4,38.8,D,0
-36.3765,141.0984,327.9,1.7,1.3,2014-04-24,0500,Aqua,MODIS,84,6.2,297.8,48.5,D,0
-36.7183,141.6199,308.9,1.8,1.3,2014-04-24,0500,Aqua,MODIS,64,6.2,296.1,12.8,D,0
-36.7143,141.6398,306.1,1.8,1.3,2014-04-24,0500,Aqua,MODIS,57,6.2,295.5,8.4,D,0
-37.6764,142.6857,314.1,2,1.4,2014-04-24,0500,Aqua,MODIS,74,6.2,287.9,33.2,D,0
-37.3728,143.7157,327.7,2.3,1.5,2014-04-24,0500,Aqua,MODIS,85,6.2,288.3,87.1,D,0
-36.9119,142.1894,304.2,1.9,1.4,2014-04-24,0500,Aqua,MODIS,57,6.2,293.8,8.9,D,0
-36.458,144.381,304.6,2.7,1.6,2014-04-24,0500,Aqua,MODIS,59,6.2,293.3,17.4,D,0
-36.0711,140.1624,322.6,1.5,1.2,2014-04-24,0500,Aqua,MODIS,79,6.2,298.6,28.6,D,0
-36.6371,141.3809,316.3,1.7,1.3,2014-04-24,0500,Aqua,MODIS,74,6.2,293.8,28.2,D,0
-36.2533,141.2699,317.9,1.8,1.3,2014-04-24,0500,Aqua,MODIS,74,6.2,297.6,25.4,D,0
-37.5297,142.7417,304.8,2,1.4,2014-04-24,0500,Aqua,MODIS,60,6.2,290.6,14.7,D,0
-37.5296,142.7466,304.8,2,1.4,2014-04-24,0500,Aqua,MODIS,60,6.2,290.6,14.9,D,0
-36.2497,143.4171,307.9,2.4,1.5,2014-04-24,0500,Aqua,MODIS,62,6.2,296,17.4,D,0
-36.2441,143.4431,307.7,2.4,1.5,2014-04-24,0500,Aqua,MODIS,62,6.2,295.2,17,D,0
-36.256,143.424,309.6,2.4,1.5,2014-04-24,0500,Aqua,MODIS,65,6.2,296.2,19.9,D,0
-36.2463,140.4684,309.3,1.6,1.2,2014-04-24,0500,Aqua,MODIS,45,6.2,297.8,6.6,D,0
-37.6998,143.1358,301.6,2.1,1.4,2014-04-24,0500,Aqua,MODIS,43,6.2,288.2,12.6,D,0
-36.2353,140.4651,311.2,1.6,1.2,2014-04-24,0500,Aqua,MODIS,62,6.2,298.1,9.6,D,0
-36.1851,140.4798,311.8,1.6,1.2,2014-04-24,0500,Aqua,MODIS,63,6.2,299.2,11.4,D,0
-36.1885,140.4623,315.6,1.6,1.2,2014-04-24,0500,Aqua,MODIS,70,6.2,299.6,17.3,D,0
-36.8952,143.141,312.2,2.2,1.4,2014-04-24,0500,Aqua,MODIS,45,6.2,293,26.7,D,0
-36.8825,143.1365,317.5,2.2,1.4,2014-04-24,0500,Aqua,MODIS,78,6.2,292.7,41.5,D,0
-36.8878,143.1125,316,2.2,1.4,2014-04-24,0500,Aqua,MODIS,76,6.2,292.6,36.5,D,0
-36.8862,143.1329,333.3,2.2,1.4,2014-04-24,0500,Aqua,MODIS,88,6.2,293.3,97.7,D,0
-36.8913,143.1089,313.7,2.2,1.4,2014-04-24,0500,Aqua,MODIS,45,6.2,292.6,29.7,D,0
-36.7199,143.1477,305.9,2.2,1.4,2014-04-24,0500,Aqua,MODIS,62,6.2,293.9,16.7,D,0
-36.743,141.1525,309.2,1.7,1.3,2014-04-24,0500,Aqua,MODIS,62,6.2,296.2,11.4,D,0
-36.7774,142.5119,306.6,2,1.4,2014-04-24,0500,Aqua,MODIS,62,6.2,293.7,13.6,D,0
-36.8388,142.5322,316.5,2,1.4,2014-04-24,0500,Aqua,MODIS,49,6.2,295,29.4,D,0
-36.8341,142.5546,314.8,2,1.4,2014-04-24,0500,Aqua,MODIS,37,6.2,294.7,25.7,D,0
-36.8382,142.5376,322.4,2,1.4,2014-04-24,0500,Aqua,MODIS,81,6.2,295.2,48,D,0
-36.8335,142.56,307.2,2,1.4,2014-04-24,0500,Aqua,MODIS,65,6.2,294.4,13.1,D,0
-36.8505,142.5417,329.4,2,1.4,2014-04-24,0500,Aqua,MODIS,86,6.2,295.5,69,D,0
-36.8458,142.5641,311.5,2,1.4,2014-04-24,0500,Aqua,MODIS,49,6.2,294.5,20,D,0
-36.4676,141.418,308.8,1.8,1.3,2014-04-24,0500,Aqua,MODIS,61,6.2,295.4,12.9,D,0
-36.7419,141.1379,309.9,1.7,1.3,2014-04-24,0500,Aqua,MODIS,65,6.2,295.3,13.4,D,0
-36.8483,141.1977,308.1,1.7,1.3,2014-04-24,0500,Aqua,MODIS,44,6.2,297.1,9.7,D,0
-36.8445,141.2164,336,1.7,1.3,2014-04-24,0500,Aqua,MODIS,89,6.2,297.8,71.6,D,0
-36.7913,141.3603,312.5,1.7,1.3,2014-04-24,0500,Aqua,MODIS,70,6.2,296.4,18.6,D,0
-36.7918,141.3738,306.9,1.7,1.3,2014-04-24,0500,Aqua,MODIS,42,6.2,294.6,8.6,D,0
-36.7956,141.3547,307.8,1.7,1.3,2014-04-24,0500,Aqua,MODIS,44,6.2,296.1,10.1,D,0
-36.7421,141.3786,308.2,1.7,1.3,2014-04-24,0500,Aqua,MODIS,62,6.2,295.9,10.7,D,0
-36.8521,141.2386,310.6,1.7,1.3,2014-04-24,0500,Aqua,MODIS,67,6.2,294.8,13.5,D,0
-36.7426,142.3517,308.4,2,1.4,2014-04-24,0500,Aqua,MODIS,65,6.2,295.6,13.9,D,0
-36.9061,142.2787,308.1,1.9,1.4,2014-04-24,0500,Aqua,MODIS,66,6.2,294,15,D,0
-36.9192,143.0414,304.1,2.2,1.4,2014-04-24,0500,Aqua,MODIS,31,6.2,292.5,11.5,D,0
-36.9161,143.0453,303.8,2.2,1.4,2014-04-24,0500,Aqua,MODIS,57,6.2,292.1,12,D,0
-36.6374,142.7257,331,2.1,1.4,2014-04-24,0500,Aqua,MODIS,87,6.2,296.5,80,D,0
-36.8664,142.7162,313.8,2.1,1.4,2014-04-24,0500,Aqua,MODIS,74,6.2,294.4,29.4,D,0
-36.8715,142.7007,308.8,2.1,1.4,2014-04-24,0500,Aqua,MODIS,65,6.2,294.5,16.8,D,0
-36.8666,142.7234,309.3,2.1,1.4,2014-04-24,0500,Aqua,MODIS,68,6.2,294,17.9,D,0
-36.3728,141.1171,313.9,1.7,1.3,2014-04-24,0500,Aqua,MODIS,70,6.2,295.8,18.1,D,0
-36.9987,140.8453,337.3,1.6,1.2,2014-04-24,0500,Aqua,MODIS,90,6.2,295,73.7,D,0
-36.4184,141.1312,317,1.7,1.3,2014-04-24,0500,Aqua,MODIS,74,6.2,298.9,23.7,D,0
-36.9952,140.863,307.9,1.6,1.2,2014-04-24,0500,Aqua,MODIS,63,6.2,289.8,11.6,D,0
-37.5574,142.925,300.7,2.1,1.4,2014-04-24,0500,Aqua,MODIS,35,6.2,287.5,10.1,D,0
-37.5525,142.9478,309.7,2.1,1.4,2014-04-24,0500,Aqua,MODIS,69,6.2,287.1,26.2,D,0
-37.0878,140.6872,308.8,1.6,1.2,2014-04-24,0500,Aqua,MODIS,65,6.2,295,13.2,D,0
-37.151,140.7871,309.6,1.6,1.2,2014-04-24,0500,Aqua,MODIS,67,6.2,292.1,14.3,D,0
-37.162,140.7905,328.5,1.6,1.2,2014-04-24,0500,Aqua,MODIS,85,6.2,294.7,48.4,D,0
-36.4146,141.1501,314.8,1.7,1.3,2014-04-24,0500,Aqua,MODIS,71,6.2,297.1,19.9,D,0
-37.2286,140.743,312.7,1.6,1.2,2014-04-24,0500,Aqua,MODIS,56,6.2,285.1,18.5,D,0
-36.1724,141.306,307.3,1.8,1.3,2014-04-24,0500,Aqua,MODIS,52,6.2,296.2,8.5,D,0
-36.1281,141.5235,312.3,1.8,1.3,2014-04-24,0500,Aqua,MODIS,66,6.2,297.1,17,D,0
-36.1241,141.5434,310.1,1.8,1.3,2014-04-24,0500,Aqua,MODIS,62,6.2,296.6,12.9,D,0
-36.048,142.0988,310.8,2,1.4,2014-04-24,0500,Aqua,MODIS,64,6.2,296.2,16.4,D,0
-36.0525,142.077,337.7,2,1.4,2014-04-24,0500,Aqua,MODIS,90,6.2,297.7,97.5,D,0
-36.8484,141.2575,308.8,1.7,1.3,2014-04-24,0500,Aqua,MODIS,59,6.2,295.7,12.1,D,0
-36.604,142.6357,311.4,2.1,1.4,2014-04-24,0500,Aqua,MODIS,69,6.2,295.5,22.8,D,0
-36.5991,142.6586,314.3,2.1,1.4,2014-04-24,0500,Aqua,MODIS,73,6.2,294.6,29.6,D,0
-36.6024,142.6403,316,2.1,1.4,2014-04-24,0500,Aqua,MODIS,75,6.2,295.2,30.8,D,0
-36.5974,142.6632,308.9,2.1,1.4,2014-04-24,0500,Aqua,MODIS,36,6.2,294.1,15.2,D,0
-36.6449,142.7531,312.2,2.1,1.4,2014-04-24,0500,Aqua,MODIS,71,6.2,294,24.5,D,0
-36.6498,142.7299,337.8,2.1,1.4,2014-04-24,0500,Aqua,MODIS,90,6.2,296,109.3,D,0
-36.6324,142.7489,311.4,2.1,1.4,2014-04-24,0500,Aqua,MODIS,70,6.2,294.2,22.3,D,0
-36.802,142.7686,313.4,2.1,1.4,2014-04-24,0500,Aqua,MODIS,74,6.2,293.7,29.7,D,0
-37.0856,141.7487,308.6,1.8,1.3,2014-04-24,0500,Aqua,MODIS,59,6.2,294.1,14.6,D,0
-37.0914,141.7438,311.8,1.8,1.3,2014-04-24,0500,Aqua,MODIS,60,6.2,294.4,18.2,D,0
-37.1253,142.0033,326,1.9,1.3,2014-04-24,0500,Aqua,MODIS,84,6.2,295.3,53.8,D,0
-37.1295,141.9829,326.6,1.8,1.3,2014-04-24,0500,Aqua,MODIS,84,6.2,295.4,54,D,0
-37.1135,141.9996,308.4,1.9,1.3,2014-04-24,0500,Aqua,MODIS,54,6.2,294.7,15,D,0
-37.1177,141.9792,313.2,1.8,1.3,2014-04-24,0500,Aqua,MODIS,73,6.2,295.1,22.4,D,0
-37.1223,141.997,339.7,1.9,1.3,2014-04-24,0500,Aqua,MODIS,92,6.2,296.6,100.4,D,0
-36.3456,140.7913,322.3,1.6,1.3,2014-04-24,0500,Aqua,MODIS,79,6.2,297.9,32.3,D,0
-37.1264,141.9766,320.1,1.8,1.3,2014-04-24,0500,Aqua,MODIS,80,6.2,295.7,37.1,D,0
-36.9903,142.0577,330,1.9,1.3,2014-04-24,0500,Aqua,MODIS,86,6.2,295.2,66.2,D,0
-36.9945,142.0369,306.4,1.9,1.3,2014-04-24,0500,Aqua,MODIS,63,6.2,294.8,10.5,D,0
-37.5301,143.4306,316.5,2.2,1.4,2014-04-24,0500,Aqua,MODIS,72,6.2,281.9,46.7,D,0
-37.5327,142.9164,341.4,2.1,1.4,2014-04-24,0500,Aqua,MODIS,92,6.2,291.1,128.1,D,0
-37.5278,142.9394,336.6,2.1,1.4,2014-04-24,0500,Aqua,MODIS,90,6.2,290,106.5,D,0
-36.3689,141.257,331.5,1.7,1.3,2014-04-24,0500,Aqua,MODIS,86,6.2,298.1,57.9,D,0
-36.3728,141.2377,332.2,1.7,1.3,2014-04-24,0500,Aqua,MODIS,87,6.2,298.2,59.9,D,0
-36.3574,141.2534,309.9,1.7,1.3,2014-04-24,0500,Aqua,MODIS,62,6.2,297.1,10.9,D,0
-36.3613,141.2342,316.5,1.7,1.3,2014-04-24,0500,Aqua,MODIS,73,6.2,296.9,22.6,D,0
-34.6679,147.3142,315.7,4.5,2,2014-04-24,0500,Aqua,MODIS,73,6.2,295.1,98.3,D,0
-34.3528,147.2292,323.5,4.5,2,2014-04-24,0500,Aqua,MODIS,80,6.2,296.3,160,D,0
-35.0794,146.7494,307.9,4.1,1.9,2014-04-24,0500,Aqua,MODIS,61,6.2,294.4,39.7,D,0
-34.651,147.5298,309.1,4.6,2,2014-04-24,0500,Aqua,MODIS,63,6.2,293.6,61.2,D,0
-35.6287,146.9524,319.7,4,1.9,2014-04-24,0500,Aqua,MODIS,79,6.2,291.2,120.6,D,0
-36.3051,145.6216,326.2,3.2,1.7,2014-04-24,0500,Aqua,MODIS,84,6.2,292.2,124.2,D,0
-36.3187,145.5839,305.2,3.2,1.7,2014-04-24,0500,Aqua,MODIS,61,6.2,293.1,26.7,D,0
-34.6525,147.5212,306.2,4.6,2,2014-04-24,0500,Aqua,MODIS,42,6.2,293.6,39.3,D,0
-34.5384,147.3118,331.1,4.5,2,2014-04-24,0500,Aqua,MODIS,86,6.2,295,240.6,D,0
-34.7817,147.3156,313.5,4.5,1.9,2014-04-24,0500,Aqua,MODIS,70,6.2,294.2,83.9,D,0
-34.3532,147.2214,318.5,4.5,2,2014-04-24,0500,Aqua,MODIS,75,6.2,296.3,107.8,D,0
-35.6269,146.9469,320.8,4,1.9,2014-04-24,0500,Aqua,MODIS,80,6.2,291.4,128,D,0
-35.6107,147.0834,309.7,4.1,1.9,2014-04-24,0500,Aqua,MODIS,52,6.2,289.8,57.1,D,0
-35.573,146.877,339.5,4,1.9,2014-04-24,0500,Aqua,MODIS,91,6.2,291.6,304.8,D,0
-34.5792,147.4385,322.6,4.6,2,2014-04-24,0500,Aqua,MODIS,80,6.2,293.7,152.7,D,0
-36.3104,145.6188,327.5,3.2,1.7,2014-04-24,0500,Aqua,MODIS,85,6.2,292.7,133.4,D,0
-34.7782,147.1125,309.6,4.3,1.9,2014-04-24,0500,Aqua,MODIS,64,6.2,295.4,51.9,D,0
-35.5691,146.8676,334.3,4,1.9,2014-04-24,0500,Aqua,MODIS,89,6.2,292.4,242,D,0
-34.8257,146.9309,312.7,4.2,1.9,2014-04-24,0500,Aqua,MODIS,69,6.2,295.6,69.7,D,0
-35.5838,146.8346,311.5,4,1.9,2014-04-24,0500,Aqua,MODIS,70,6.2,291.5,65.4,D,0
-35.0905,146.7064,317.6,4,1.9,2014-04-24,0500,Aqua,MODIS,76,6.2,294.5,95.2,D,0
-34.8254,146.927,313.3,4.2,1.9,2014-04-24,0500,Aqua,MODIS,70,6.2,295.6,77.7,D,0
-36.3137,145.5868,311,3.2,1.7,2014-04-24,0500,Aqua,MODIS,71,6.2,293.1,47.7,D,0
-35.6118,147.0885,317.5,4.1,1.9,2014-04-24,0500,Aqua,MODIS,77,6.2,290,111.6,D,0
-34.6675,147.323,316.7,4.5,2,2014-04-24,0500,Aqua,MODIS,74,6.2,295,106.4,D,0
-35.0777,146.7446,311.3,4.1,1.9,2014-04-24,0500,Aqua,MODIS,67,6.2,294.5,58,D,0
-34.5362,147.3147,328.9,4.5,2,2014-04-24,0500,Aqua,MODIS,85,6.2,294.8,211.6,D,0
-35.0885,146.7016,317.1,4,1.9,2014-04-24,0500,Aqua,MODIS,75,6.2,294.4,92.1,D,0
-35.4897,146.6017,324.6,3.9,1.8,2014-04-24,0500,Aqua,MODIS,82,6.2,293.6,140.7,D,0
-35.6649,146.9746,307.2,4,1.9,2014-04-24,0500,Aqua,MODIS,65,6.2,291.1,48.4,D,0
-35.6398,146.9091,304.1,4,1.9,2014-04-24,0500,Aqua,MODIS,56,6.2,290.7,31.5,D,0
-34.7925,147.2708,317,4.4,1.9,2014-04-24,0500,Aqua,MODIS,75,6.2,295.2,109,D,0
-36.3633,146.0431,302.7,3.4,1.7,2014-04-24,0500,Aqua,MODIS,46,6.2,289.7,26.9,D,0
-34.7788,147.1091,309.5,4.3,1.9,2014-04-24,0500,Aqua,MODIS,63,6.2,295.5,54.4,D,0
-34.8775,145.9672,305.9,3.7,1.8,2014-04-24,0500,Aqua,MODIS,48,6.2,293.9,28.1,D,0
-36.53,145.6044,303.2,3.2,1.7,2014-04-24,0500,Aqua,MODIS,55,6.2,289.4,25.7,D,0
-35.493,146.6073,321.4,3.9,1.8,2014-04-24,0500,Aqua,MODIS,80,6.2,293.8,117.5,D,0
-36.4163,145.8251,325.2,3.3,1.7,2014-04-24,0500,Aqua,MODIS,79,6.2,292.2,126.7,D,0
-34.7938,147.2679,315.5,4.4,1.9,2014-04-24,0500,Aqua,MODIS,73,6.2,295.1,97.3,D,0
-34.3677,147.239,312.4,4.5,2,2014-04-24,0500,Aqua,MODIS,49,6.2,297,62.5,D,0
-36.2495,141.2891,351.5,1.8,1.3,2014-04-24,0500,Aqua,MODIS,96,6.2,299.8,140.6,D,0
-36.2559,141.2982,368.5,1.8,1.3,2014-04-24,0500,Aqua,MODIS,100,6.2,300,245.6,D,0
-36.1546,144.4155,316.5,2.7,1.6,2014-04-24,0500,Aqua,MODIS,75,6.2,294.2,52.9,D,0
-36.5987,140.4533,327,1.5,1.2,2014-04-24,0500,Aqua,MODIS,83,6.2,297.1,41.5,D,0
-36.144,140.3344,324.3,1.6,1.2,2014-04-24,0500,Aqua,MODIS,80,6.2,299.1,33.5,D,0
-36.2598,141.279,370.1,1.8,1.3,2014-04-24,0500,Aqua,MODIS,100,6.2,301.8,256.7,D,0
-36.5952,140.4633,313.3,1.6,1.2,2014-04-24,0500,Aqua,MODIS,68,6.2,294.5,16.7,D,0
-36.9151,141.1454,335.5,1.7,1.3,2014-04-24,0500,Aqua,MODIS,89,6.2,296.8,67.7,D,0
-36.9159,141.1596,311.7,1.7,1.3,2014-04-24,0500,Aqua,MODIS,69,6.2,295.5,15.3,D,0
-36.5985,140.4462,319.8,1.5,1.2,2014-04-24,0500,Aqua,MODIS,76,6.2,297,27,D,0
-36.9195,141.1411,323.3,1.7,1.3,2014-04-24,0500,Aqua,MODIS,81,6.2,296.6,37.3,D,0
-36.1426,140.3394,328.3,1.6,1.2,2014-04-24,0500,Aqua,MODIS,83,6.2,299.4,40.3,D,0
-36.1407,140.3515,311.8,1.6,1.2,2014-04-24,0500,Aqua,MODIS,64,6.2,298.8,12,D,0
-36.1477,144.4454,314.7,2.8,1.6,2014-04-24,0500,Aqua,MODIS,73,6.2,293.4,46.6,D,0
-35.7618,137.6247,304.9,1.2,1.1,2014-04-24,0501,Aqua,MODIS,34,6.2,294.1,4.2,D,0
-34.6699,137.8185,311.1,1.2,1.1,2014-04-24,0501,Aqua,MODIS,68,6.2,295.9,8.8,D,0
-34.7844,137.6283,314.7,1.2,1.1,2014-04-24,0501,Aqua,MODIS,73,6.2,296.4,12.5,D,0
-34.7822,137.6413,314.1,1.2,1.1,2014-04-24,0501,Aqua,MODIS,72,6.2,295.2,11.6,D,0
-35.9361,136.8405,312.4,1.1,1,2014-04-24,0501,Aqua,MODIS,72,6.2,289.7,11.1,D,0
-35.7189,139.8772,390.2,1.5,1.2,2014-04-24,0501,Aqua,MODIS,100,6.2,308.7,352.5,D,0
-34.7838,137.6337,323.4,1.2,1.1,2014-04-24,0501,Aqua,MODIS,81,6.2,296.5,21.9,D,0
-35.1958,137.0222,314.7,1.1,1.1,2014-04-24,0501,Aqua,MODIS,62,6.2,296.4,12.2,D,0
-34.9483,137.2179,311.5,1.1,1.1,2014-04-24,0501,Aqua,MODIS,38,6.2,297.4,7.2,D,0
-35.7158,139.8936,349.1,1.5,1.2,2014-04-24,0501,Aqua,MODIS,95,6.2,298.7,101,D,0
-35.7267,139.7763,335.7,1.5,1.2,2014-04-24,0501,Aqua,MODIS,88,6.2,298.7,58,D,0
-35.7298,139.7601,324.3,1.5,1.2,2014-04-24,0501,Aqua,MODIS,80,6.2,298.5,32.4,D,0
-34.9504,137.2055,320.4,1.1,1.1,2014-04-24,0501,Aqua,MODIS,78,6.2,295.8,17,D,0
-34.946,137.2106,315.6,1.1,1.1,2014-04-24,0501,Aqua,MODIS,73,6.2,296.3,12.8,D,0
-34.948,137.1982,305.6,1.1,1.1,2014-04-24,0501,Aqua,MODIS,37,6.2,294.6,4.4,D,0
-35.6618,139.8723,314.1,1.5,1.2,2014-04-24,0501,Aqua,MODIS,68,6.2,299.3,14.4,D,0
-35.938,136.8286,305.8,1.1,1,2014-04-24,0501,Aqua,MODIS,32,6.2,292.1,5.8,D,0
-34.7229,137.572,321,1.2,1.1,2014-04-24,0501,Aqua,MODIS,75,6.2,295.5,19.7,D,0
-34.7326,137.5745,308.6,1.2,1.1,2014-04-24,0501,Aqua,MODIS,23,6.2,291.7,5.7,D,0
-35.9454,136.8429,317.8,1.1,1,2014-04-24,0501,Aqua,MODIS,78,6.2,291.1,15.8,D,0
-33.6307,146.1414,315.4,4.1,1.9,2014-04-24,0501,Aqua,MODIS,71,6.2,298.1,69,D,0
-33.4899,138.0318,320.1,1.3,1.1,2014-04-24,0501,Aqua,MODIS,42,6.2,298.2,16.8,D,0
-33.8719,137.9657,332.4,1.3,1.1,2014-04-24,0501,Aqua,MODIS,82,6.2,296,39.9,D,0
-34.1961,135.8928,328.5,1.1,1,2014-04-24,0501,Aqua,MODIS,85,6.2,296.7,23.2,D,0
-34.2066,137.9911,310.6,1.3,1.1,2014-04-24,0501,Aqua,MODIS,65,6.2,296.1,8.7,D,0
-34.2183,135.9333,318.3,1.1,1,2014-04-24,0501,Aqua,MODIS,65,6.2,295.6,13.3,D,0
-33.5389,146.8087,306.2,4.5,2,2014-04-24,0501,Aqua,MODIS,44,6.2,294.5,33,D,0
-34.2053,135.8949,318.9,1.1,1,2014-04-24,0501,Aqua,MODIS,77,6.2,296.1,12.9,D,0
-34.1985,137.688,314.8,1.2,1.1,2014-04-24,0501,Aqua,MODIS,63,6.2,293.2,13.5,D,0
-33.5409,146.805,306.1,4.5,2,2014-04-24,0501,Aqua,MODIS,42,6.2,294.5,33.4,D,0
-34.2092,137.7461,309.6,1.2,1.1,2014-04-24,0501,Aqua,MODIS,46,6.2,296.9,6.5,D,0
-33.7856,135.7562,312.2,1.1,1,2014-04-24,0501,Aqua,MODIS,24,6.2,296.3,6.4,D,0
-34.2071,135.8835,318.6,1.1,1,2014-04-24,0501,Aqua,MODIS,77,6.2,296.7,12.9,D,0
-33.9079,137.8185,322.1,1.3,1.1,2014-04-24,0501,Aqua,MODIS,50,6.2,291.7,23.3,D,0
-33.6174,146.1454,319.7,4.1,1.9,2014-04-24,0501,Aqua,MODIS,76,6.2,298.4,97.7,D,0
-34.5599,138.4372,309.8,1.3,1.1,2014-04-24,0501,Aqua,MODIS,67,6.2,297.1,7.7,D,0
-32.9507,135.9418,321.7,1.1,1,2014-04-24,0501,Aqua,MODIS,70,6.2,301.9,14,D,0
-34.1979,135.8814,327.9,1.1,1,2014-04-24,0501,Aqua,MODIS,84,6.2,296.3,22.3,D,0
-32.9525,135.9303,320.9,1.1,1,2014-04-24,0501,Aqua,MODIS,50,6.2,302.6,13.8,D,0
-34.2695,137.8089,338.6,1.2,1.1,2014-04-24,0501,Aqua,MODIS,90,6.2,296.5,51.6,D,0
-34.1572,135.8366,309,1.1,1,2014-04-24,0501,Aqua,MODIS,64,6.2,295.7,4.9,D,0
-34.3571,135.5157,312.3,1,1,2014-04-24,0501,Aqua,MODIS,50,6.2,290.1,9.9,D,0
-34.1477,138.0423,314.8,1.3,1.1,2014-04-24,0501,Aqua,MODIS,63,6.2,296.2,12.9,D,0
-34.1963,137.7013,323.4,1.2,1.1,2014-04-24,0501,Aqua,MODIS,81,6.2,294.8,23.5,D,0
-33.4822,138.0152,324.1,1.3,1.1,2014-04-24,0501,Aqua,MODIS,81,6.2,297.8,24.6,D,0
-34.2719,137.7955,320,1.2,1.1,2014-04-24,0501,Aqua,MODIS,78,6.2,295.7,19.4,D,0
-34.2095,137.738,312.1,1.2,1.1,2014-04-24,0501,Aqua,MODIS,50,6.2,295.9,8.1,D,0
-33.4924,138.0178,335.7,1.3,1.1,2014-04-24,0501,Aqua,MODIS,89,6.2,298.6,45.7,D,0
-33.843,138.1916,316.9,1.3,1.1,2014-04-24,0501,Aqua,MODIS,69,6.2,296.3,16.4,D,0
-33.5889,122.7093,316,3.8,1.8,2014-04-24,0502,Aqua,MODIS,61,6.2,281.8,89,D,0
-33.5946,122.7173,313.3,3.8,1.8,2014-04-24,0502,Aqua,MODIS,42,6.2,279.2,67.8,D,0
-19.3525,127.7283,330.6,1.2,1.1,2014-04-24,0505,Aqua,MODIS,74,6.2,311,17.3,D,0
-19.3539,127.7171,328.7,1.2,1.1,2014-04-24,0505,Aqua,MODIS,70,6.2,311.3,14.3,D,0
-21.363,119.9887,355.5,4.4,1.9,2014-04-24,0505,Aqua,MODIS,97,6.2,307,528.6,D,0
-21.3805,119.9905,339.1,4.4,1.9,2014-04-24,0505,Aqua,MODIS,85,6.2,303,257.6,D,0
-21.3807,119.9948,339.9,4.4,1.9,2014-04-24,0505,Aqua,MODIS,85,6.2,303.1,273.9,D,0
-21.3632,119.993,362.9,4.4,1.9,2014-04-24,0505,Aqua,MODIS,100,6.2,307.1,698.7,D,0
-21.3599,120.0355,358.5,4.4,1.9,2014-04-24,0505,Aqua,MODIS,99,6.2,307.1,585.4,D,0
-21.3595,120.0312,360.7,4.4,1.9,2014-04-24,0505,Aqua,MODIS,100,6.2,307.3,633.6,D,0
-15.8462,124.7727,326.9,1.6,1.3,2014-04-24,0506,Aqua,MODIS,74,6.2,305.3,29.1,D,0
-16.2571,124.581,320.9,1.7,1.3,2014-04-24,0506,Aqua,MODIS,60,6.2,307.4,16.6,D,0
-16.7515,126.5908,325.8,1.3,1.1,2014-04-24,0506,Aqua,MODIS,38,6.2,310.2,12.8,D,0
-16.2882,127.8153,324.1,1.1,1,2014-04-24,0506,Aqua,MODIS,60,6.2,307.7,9,D,0
-16.2868,127.8257,326.5,1.1,1,2014-04-24,0506,Aqua,MODIS,68,6.2,309.7,12.2,D,0
-16.3055,124.4723,326.4,1.7,1.3,2014-04-24,0506,Aqua,MODIS,66,6.2,308.8,30.2,D,0
-15.7749,124.8966,339.6,1.6,1.2,2014-04-24,0506,Aqua,MODIS,87,6.2,307.9,64.7,D,0
-16.7221,124.405,329.2,1.8,1.3,2014-04-24,0506,Aqua,MODIS,76,6.2,310.8,32.1,D,0
-16.2358,124.5893,320,1.7,1.3,2014-04-24,0506,Aqua,MODIS,59,6.2,306.4,16.9,D,0
-16.7202,124.422,337.6,1.8,1.3,2014-04-24,0506,Aqua,MODIS,85,6.2,309.1,60.1,D,0
-16.5617,124.5235,359.4,1.7,1.3,2014-04-24,0506,Aqua,MODIS,99,6.2,312.1,159,D,0
-16.5637,124.5068,345.2,1.8,1.3,2014-04-24,0506,Aqua,MODIS,91,6.2,307.5,88.5,D,0
-15.8482,124.7678,320.6,1.6,1.3,2014-04-24,0506,Aqua,MODIS,51,6.2,304.6,14.4,D,0
-16.2119,127.8391,325,1.1,1,2014-04-24,0506,Aqua,MODIS,65,6.2,310.2,10,D,0
-16.2455,124.5797,333.7,1.7,1.3,2014-04-24,0506,Aqua,MODIS,82,6.2,307.5,50.3,D,0
-15.7758,124.6014,320.6,1.7,1.3,2014-04-24,0506,Aqua,MODIS,60,6.2,307.5,15.2,D,0
-15.7781,124.5948,323.6,1.7,1.3,2014-04-24,0506,Aqua,MODIS,67,6.2,308.2,20.4,D,0
-16.55,124.5218,328.7,1.7,1.3,2014-04-24,0506,Aqua,MODIS,44,6.2,309.8,29.6,D,0
-16.552,124.5054,324.6,1.8,1.3,2014-04-24,0506,Aqua,MODIS,29,6.2,306.8,21.2,D,0
-16.2436,124.5957,327.8,1.7,1.3,2014-04-24,0506,Aqua,MODIS,75,6.2,307.7,33,D,0
-15.7752,124.9863,330.4,1.6,1.2,2014-04-24,0506,Aqua,MODIS,79,6.2,307.2,37.2,D,0
-16.0195,124.9453,331.3,1.6,1.2,2014-04-24,0506,Aqua,MODIS,80,6.2,306.6,38.9,D,0
-16.2918,124.5859,324.8,1.7,1.3,2014-04-24,0506,Aqua,MODIS,60,6.2,307.4,24.9,D,0
-17.2923,124.1971,326.2,1.9,1.3,2014-04-24,0506,Aqua,MODIS,68,6.2,311.9,25.5,D,0
-16.2669,124.6946,354.7,1.7,1.3,2014-04-24,0506,Aqua,MODIS,97,6.2,309.3,129.6,D,0
-16.2273,124.9253,327.5,1.6,1.3,2014-04-24,0506,Aqua,MODIS,75,6.2,309.5,27.3,D,0
-16.5834,129.0859,333,1,1,2014-04-24,0506,Aqua,MODIS,72,6.2,316.5,14.1,D,0
-15.8463,124.7831,344,1.6,1.3,2014-04-24,0506,Aqua,MODIS,91,6.2,308.4,79.6,D,0
-16.5149,124.518,326.1,1.7,1.3,2014-04-24,0506,Aqua,MODIS,72,6.2,308.4,28.6,D,0
-15.9726,126.9478,353.6,1.2,1.1,2014-04-24,0506,Aqua,MODIS,96,6.2,310.6,72.1,D,0
-15.9824,126.9492,352.4,1.2,1.1,2014-04-24,0506,Aqua,MODIS,95,6.2,312.6,69.2,D,0
-15.9809,126.9602,345.7,1.2,1.1,2014-04-24,0506,Aqua,MODIS,91,6.2,311.2,50.6,D,0
-15.9863,126.9948,324.3,1.2,1.1,2014-04-24,0506,Aqua,MODIS,64,6.2,310.4,9.8,D,0
-15.8443,124.7983,340.2,1.6,1.3,2014-04-24,0506,Aqua,MODIS,88,6.2,308.1,65.4,D,0
-16.5766,123.8342,319.3,2,1.4,2014-04-24,0506,Aqua,MODIS,55,6.2,306.5,19.4,D,0
-15.7731,124.9116,323.5,1.6,1.2,2014-04-24,0506,Aqua,MODIS,68,6.2,308.5,21.4,D,0
-15.8245,124.9543,319.5,1.6,1.2,2014-04-24,0506,Aqua,MODIS,55,6.2,307.1,13.3,D,0
-16.5168,124.528,327.6,1.7,1.3,2014-04-24,0506,Aqua,MODIS,74,6.2,309.2,31.9,D,0
-16.5053,124.5254,329.8,1.7,1.3,2014-04-24,0506,Aqua,MODIS,76,6.2,306.4,38.9,D,0
-16.265,124.7102,319.5,1.7,1.3,2014-04-24,0506,Aqua,MODIS,34,6.2,307.3,10.8,D,0
-16.6951,129.0804,331,1,1,2014-04-24,0506,Aqua,MODIS,74,6.2,314.5,11.9,D,0
-15.9903,127.0403,324,1.2,1.1,2014-04-24,0506,Aqua,MODIS,42,6.2,310.2,8.7,D,0
-15.8444,124.788,351.4,1.6,1.3,2014-04-24,0506,Aqua,MODIS,95,6.2,308.6,111.5,D,0
-16.4084,125.2148,321.4,1.6,1.2,2014-04-24,0506,Aqua,MODIS,47,6.2,307.9,12,D,0
-16.2688,124.6789,341.4,1.7,1.3,2014-04-24,0506,Aqua,MODIS,89,6.2,307.6,73.3,D,0
-15.8575,124.7743,323.6,1.6,1.3,2014-04-24,0506,Aqua,MODIS,68,6.2,304.4,22.4,D,0
-15.8557,124.7896,338,1.6,1.3,2014-04-24,0506,Aqua,MODIS,86,6.2,306.2,61.1,D,0
-16.7108,124.6042,332.1,1.7,1.3,2014-04-24,0506,Aqua,MODIS,80,6.2,311.9,31.3,D,0
-16.6266,124.3818,324.4,1.8,1.3,2014-04-24,0506,Aqua,MODIS,63,6.2,307.8,23,D,0
-16.345,123.8299,329.2,2,1.4,2014-04-24,0506,Aqua,MODIS,67,6.2,305.3,51.4,D,0
-16.513,124.5342,334.2,1.7,1.3,2014-04-24,0506,Aqua,MODIS,83,6.2,309,51.7,D,0
-15.9713,124.6866,322.6,1.7,1.3,2014-04-24,0506,Aqua,MODIS,67,6.2,306.4,20.7,D,0
-16.2292,124.91,332.1,1.6,1.3,2014-04-24,0506,Aqua,MODIS,80,6.2,309.7,39.5,D,0
-16.6345,124.3703,321.4,1.8,1.3,2014-04-24,0506,Aqua,MODIS,59,6.2,305.7,17.2,D,0
-16.6326,124.3874,323.6,1.8,1.3,2014-04-24,0506,Aqua,MODIS,67,6.2,307.6,22.2,D,0
-16.8045,129.0835,335.8,1,1,2014-04-24,0506,Aqua,MODIS,81,6.2,315,20.1,D,0
-15.9827,124.6883,328.5,1.7,1.3,2014-04-24,0506,Aqua,MODIS,77,6.2,305.8,33.9,D,0
-16.8044,126.4998,336.8,1.3,1.1,2014-04-24,0506,Aqua,MODIS,83,6.2,311.9,33.7,D,0
-16.271,126.8486,328.9,1.2,1.1,2014-04-24,0506,Aqua,MODIS,43,6.2,312.6,15,D,0
-17.8923,127.908,343.3,1.1,1.1,2014-04-24,0506,Aqua,MODIS,88,6.2,316,38.7,D,0
-16.2611,126.8473,333.6,1.2,1.1,2014-04-24,0506,Aqua,MODIS,62,6.2,311.7,22.3,D,0
-16.7794,126.5336,329.7,1.3,1.1,2014-04-24,0506,Aqua,MODIS,59,6.2,311.3,19.4,D,0
-16.7809,126.5215,330.9,1.3,1.1,2014-04-24,0506,Aqua,MODIS,73,6.2,311.4,21.7,D,0
-16.7692,126.5322,327.2,1.3,1.1,2014-04-24,0506,Aqua,MODIS,24,6.2,308.8,14.6,D,0
-15.9348,126.8464,355.6,1.2,1.1,2014-04-24,0506,Aqua,MODIS,97,6.2,310.6,80.1,D,0
-15.7669,129.5326,331.5,1,1,2014-04-24,0506,Aqua,MODIS,49,6.2,305.6,17.1,D,0
-15.8884,127.1204,321.4,1.2,1.1,2014-04-24,0506,Aqua,MODIS,38,6.2,308.6,6.9,D,0
-16.9587,124.8168,323.9,1.7,1.3,2014-04-24,0506,Aqua,MODIS,53,6.2,309.9,17.2,D,0
-16.3499,126.8651,332.9,1.2,1.1,2014-04-24,0506,Aqua,MODIS,52,6.2,312.5,22.3,D,0
-16.3385,126.875,331.5,1.2,1.1,2014-04-24,0506,Aqua,MODIS,22,6.2,312.5,19.8,D,0
-16.3287,126.8736,346.8,1.2,1.1,2014-04-24,0506,Aqua,MODIS,92,6.2,311.4,53.2,D,0
-16.9102,124.6593,325.9,1.7,1.3,2014-04-24,0506,Aqua,MODIS,70,6.2,310,23.5,D,0
-15.9416,126.8701,329.1,1.2,1.1,2014-04-24,0506,Aqua,MODIS,46,6.2,308,17.2,D,0
-16.3035,124.489,326.5,1.7,1.3,2014-04-24,0506,Aqua,MODIS,65,6.2,309.2,30.3,D,0
-16.3301,126.8622,352.6,1.2,1.1,2014-04-24,0506,Aqua,MODIS,96,6.2,311,69.9,D,0
-16.2992,126.864,327.9,1.2,1.1,2014-04-24,0506,Aqua,MODIS,58,6.2,310.1,14.5,D,0
-15.7603,130.7257,320.1,1,1,2014-04-24,0506,Aqua,MODIS,60,6.2,295.3,9,D,0
-15.9434,126.8644,333.1,1.2,1.1,2014-04-24,0506,Aqua,MODIS,72,6.2,307.5,25.2,D,0
-16.2977,126.8755,327.1,1.2,1.1,2014-04-24,0506,Aqua,MODIS,46,6.2,310.6,13.2,D,0
-16.1444,127.8757,324.4,1.1,1,2014-04-24,0506,Aqua,MODIS,61,6.2,310.7,9,D,0
-16.9985,126.4146,329.1,1.3,1.1,2014-04-24,0506,Aqua,MODIS,73,6.2,314,16,D,0
-15.9363,126.8351,372.9,1.2,1.1,2014-04-24,0506,Aqua,MODIS,100,6.2,314,149,D,0
-15.9377,126.8238,349.8,1.2,1.1,2014-04-24,0506,Aqua,MODIS,94,6.2,308.3,65.7,D,0
-15.9279,126.8225,326.3,1.2,1.1,2014-04-24,0506,Aqua,MODIS,60,6.2,307.7,16.6,D,0
-15.8899,127.1096,323.5,1.2,1.1,2014-04-24,0506,Aqua,MODIS,56,6.2,308.6,10.3,D,0
-15.9865,124.6571,330.6,1.7,1.3,2014-04-24,0506,Aqua,MODIS,60,6.2,304.3,41,D,0
-15.9846,124.6726,344.3,1.7,1.3,2014-04-24,0506,Aqua,MODIS,91,6.2,307.1,85.2,D,0
-15.9961,124.6741,330.8,1.7,1.3,2014-04-24,0506,Aqua,MODIS,69,6.2,305.6,40.9,D,0
-16,127.0417,325.4,1.2,1.1,2014-04-24,0506,Aqua,MODIS,54,6.2,312.4,10.7,D,0
-16.0409,124.669,318.5,1.7,1.3,2014-04-24,0506,Aqua,MODIS,52,6.2,305,14.8,D,0
-16.2527,126.8345,340.1,1.2,1.1,2014-04-24,0506,Aqua,MODIS,87,6.2,313.5,36.2,D,0
-17.0267,124.7182,322,1.7,1.3,2014-04-24,0506,Aqua,MODIS,54,6.2,309.6,12.9,D,0
-16.1174,126.6987,324.9,1.2,1.1,2014-04-24,0506,Aqua,MODIS,67,6.2,309.3,13,D,0
-16.0262,126.6909,340.4,1.2,1.1,2014-04-24,0506,Aqua,MODIS,87,6.2,307.8,41.4,D,0
-17.2918,126.3257,327.3,1.3,1.1,2014-04-24,0506,Aqua,MODIS,46,6.2,312.6,12.9,D,0
-15.9838,126.9381,323.6,1.2,1.1,2014-04-24,0506,Aqua,MODIS,62,6.2,308.5,9.2,D,0
-16.655,126.075,320.9,1.4,1.2,2014-04-24,0506,Aqua,MODIS,46,6.2,309.4,11.2,D,0
-16.2101,126.764,336,1.2,1.1,2014-04-24,0506,Aqua,MODIS,83,6.2,309.6,30.9,D,0
-15.9353,129.4513,328.1,1,1,2014-04-24,0506,Aqua,MODIS,27,6.2,312.1,9.1,D,0
-17.2933,126.313,328.3,1.3,1.2,2014-04-24,0506,Aqua,MODIS,58,6.2,312.3,15.1,D,0
-17.2859,126.3193,329.4,1.3,1.1,2014-04-24,0506,Aqua,MODIS,73,6.2,312.8,17.3,D,0
-17.2445,126.3138,330.2,1.3,1.1,2014-04-24,0506,Aqua,MODIS,52,6.2,313,17.8,D,0
-17.2222,126.3236,332.5,1.3,1.1,2014-04-24,0506,Aqua,MODIS,41,6.2,313.8,21.3,D,0
-15.9518,126.8769,333.2,1.2,1.1,2014-04-24,0506,Aqua,MODIS,80,6.2,308,25.2,D,0
-15.9573,126.9119,328.5,1.2,1.1,2014-04-24,0506,Aqua,MODIS,73,6.2,308.7,16.8,D,0
-15.3748,129.6407,327.6,1,1,2014-04-24,0506,Aqua,MODIS,77,6.2,291,19,D,0
-15.3734,129.6499,318.9,1,1,2014-04-24,0506,Aqua,MODIS,60,6.2,290,9.8,D,0
-15.3839,129.6383,321.7,1,1,2014-04-24,0506,Aqua,MODIS,66,6.2,290.8,11.1,D,0
-15.9559,126.923,323,1.2,1.1,2014-04-24,0506,Aqua,MODIS,48,6.2,308.3,8.7,D,0
-15.9657,126.9243,335.7,1.2,1.1,2014-04-24,0506,Aqua,MODIS,78,6.2,309.9,28.6,D,0
-15.9755,126.9256,345.7,1.2,1.1,2014-04-24,0506,Aqua,MODIS,91,6.2,309.1,49.9,D,0
-15.3826,129.6475,322,1,1,2014-04-24,0506,Aqua,MODIS,67,6.2,291.8,11.2,D,0
-15.9741,126.9367,356.4,1.2,1.1,2014-04-24,0506,Aqua,MODIS,98,6.2,310.3,80.4,D,0
-16.1535,126.7327,337.8,1.2,1.1,2014-04-24,0506,Aqua,MODIS,74,6.2,310.2,32.2,D,0
-16.155,126.7212,352.5,1.2,1.1,2014-04-24,0506,Aqua,MODIS,96,6.2,312.3,71,D,0
-17.9508,127.8693,324.9,1.1,1.1,2014-04-24,0506,Aqua,MODIS,49,6.2,311.1,7.8,D,0
-17.9494,127.88,325.3,1.1,1.1,2014-04-24,0506,Aqua,MODIS,54,6.2,312.7,8.4,D,0
-16.1442,126.7259,322.9,1.2,1.1,2014-04-24,0506,Aqua,MODIS,54,6.2,309.7,9.7,D,0
-16.8509,126.4513,345.4,1.3,1.1,2014-04-24,0506,Aqua,MODIS,91,6.2,311.7,54.3,D,0
-16.4827,126.7856,324.9,1.2,1.1,2014-04-24,0506,Aqua,MODIS,50,6.2,310.1,10.2,D,0
-16.0034,126.7112,324.5,1.2,1.1,2014-04-24,0506,Aqua,MODIS,51,6.2,308.1,12.8,D,0
-15.989,126.744,327.7,1.2,1.1,2014-04-24,0506,Aqua,MODIS,44,6.2,308.8,16.2,D,0
-16.2631,124.726,328.1,1.7,1.3,2014-04-24,0506,Aqua,MODIS,74,6.2,308.8,28.1,D,0
-16.8392,126.4621,331.5,1.3,1.1,2014-04-24,0506,Aqua,MODIS,72,6.2,311.9,22.3,D,0
-15.9905,126.7325,346.3,1.2,1.1,2014-04-24,0506,Aqua,MODIS,92,6.2,310.1,55.9,D,0
-15.9935,126.7097,338.3,1.2,1.1,2014-04-24,0506,Aqua,MODIS,85,6.2,311.1,37.8,D,0
-15.9776,126.7542,336.4,1.2,1.1,2014-04-24,0506,Aqua,MODIS,84,6.2,308.8,33.1,D,0
-15.9835,126.7084,330.4,1.2,1.1,2014-04-24,0506,Aqua,MODIS,73,6.2,307.1,23.9,D,0
-16.7533,124.643,322.8,1.7,1.3,2014-04-24,0506,Aqua,MODIS,35,6.2,309.5,11.2,D,0
-16.4842,126.7741,327,1.2,1.1,2014-04-24,0506,Aqua,MODIS,68,6.2,310.7,13.6,D,0
-16.1363,126.2303,321.4,1.3,1.1,2014-04-24,0506,Aqua,MODIS,39,6.2,307.4,9.9,D,0
-16.4727,126.7844,344,1.2,1.1,2014-04-24,0506,Aqua,MODIS,90,6.2,314.5,47.1,D,0
-16.4742,126.7729,335.4,1.2,1.1,2014-04-24,0506,Aqua,MODIS,82,6.2,311.6,27.7,D,0
-15.8425,124.8033,333.2,1.6,1.3,2014-04-24,0506,Aqua,MODIS,82,6.2,307.6,45.2,D,0
-16.4157,126.8346,330.6,1.2,1.1,2014-04-24,0506,Aqua,MODIS,49,6.2,310.5,19.4,D,0
-16.0439,124.6643,320,1.7,1.3,2014-04-24,0506,Aqua,MODIS,59,6.2,305.4,16.8,D,0
-16.4613,126.7944,335.7,1.2,1.1,2014-04-24,0506,Aqua,MODIS,83,6.2,312.6,29.4,D,0
-14.9516,131.9128,326,1.2,1.1,2014-04-24,0506,Aqua,MODIS,69,6.2,273.6,21.6,D,0
-14.9499,131.9235,324.8,1.2,1.1,2014-04-24,0506,Aqua,MODIS,72,6.2,272.6,20,D,0
-16.4627,126.783,330.4,1.2,1.1,2014-04-24,0506,Aqua,MODIS,73,6.2,312.4,19.2,D,0
-16.4778,124.6538,318.4,1.7,1.3,2014-04-24,0506,Aqua,MODIS,48,6.2,305.8,14.7,D,0
-16.9617,125.3541,326.1,1.5,1.2,2014-04-24,0506,Aqua,MODIS,26,6.2,312.2,14.3,D,0
-16.6332,126.163,335.5,1.4,1.2,2014-04-24,0506,Aqua,MODIS,82,6.2,312.3,33.6,D,0
-17.2961,125.5129,325.3,1.5,1.2,2014-04-24,0506,Aqua,MODIS,55,6.2,311,14.7,D,0
-16.6348,126.1504,342.5,1.4,1.2,2014-04-24,0506,Aqua,MODIS,89,6.2,312.1,52.4,D,0
-15.9294,126.8112,327,1.2,1.1,2014-04-24,0506,Aqua,MODIS,61,6.2,305.9,18.1,D,0
-15.9536,126.7801,326.3,1.2,1.1,2014-04-24,0506,Aqua,MODIS,32,6.2,306,16.6,D,0
-15.9521,126.7915,328.2,1.2,1.1,2014-04-24,0506,Aqua,MODIS,51,6.2,306,19.7,D,0
-15.9535,126.7857,336.3,1.2,1.1,2014-04-24,0506,Aqua,MODIS,83,6.2,306.9,33,D,0
-15.9648,126.7757,352.5,1.2,1.1,2014-04-24,0506,Aqua,MODIS,95,6.2,309.8,73.5,D,0
-17.2984,126.4421,324.3,1.3,1.1,2014-04-24,0506,Aqua,MODIS,39,6.2,311.6,9,D,0
-17.2944,125.5266,329.1,1.5,1.2,2014-04-24,0506,Aqua,MODIS,72,6.2,311.7,23.2,D,0
-17.298,125.5196,336.1,1.5,1.2,2014-04-24,0506,Aqua,MODIS,82,6.2,311.7,41.2,D,0
-17.355,125.599,324.7,1.5,1.2,2014-04-24,0506,Aqua,MODIS,61,6.2,310.2,16,D,0
-16.3445,127.8241,323.6,1.1,1,2014-04-24,0506,Aqua,MODIS,59,6.2,311.5,9.7,D,0
-16.4469,124.6172,320.6,1.7,1.3,2014-04-24,0506,Aqua,MODIS,60,6.2,305.8,18.4,D,0
-15.9214,125.6626,323.3,1.4,1.2,2014-04-24,0506,Aqua,MODIS,62,6.2,308.3,15.2,D,0
-16.1443,125.5127,327.3,1.5,1.2,2014-04-24,0506,Aqua,MODIS,73,6.2,310.6,22.7,D,0
-16.1478,125.4849,322.2,1.5,1.2,2014-04-24,0506,Aqua,MODIS,41,6.2,307.2,12.7,D,0
-16.0663,125.7563,324.6,1.4,1.2,2014-04-24,0506,Aqua,MODIS,68,6.2,307.3,18.3,D,0
-16.068,125.7429,338,1.4,1.2,2014-04-24,0506,Aqua,MODIS,86,6.2,307.6,47.8,D,0
-15.7007,125.6688,321,1.4,1.2,2014-04-24,0506,Aqua,MODIS,40,6.2,306.1,11.1,D,0
-15.8442,125.551,324.8,1.4,1.2,2014-04-24,0506,Aqua,MODIS,50,6.2,307.5,17.6,D,0
-15.8401,125.544,326.5,1.4,1.2,2014-04-24,0506,Aqua,MODIS,48,6.2,307.6,20.2,D,0
-15.8672,125.5406,324.1,1.4,1.2,2014-04-24,0506,Aqua,MODIS,58,6.2,305.6,16.2,D,0
-15.8615,125.4985,328.5,1.5,1.2,2014-04-24,0506,Aqua,MODIS,76,6.2,306.7,28.3,D,0
-15.8632,125.4848,327.9,1.5,1.2,2014-04-24,0506,Aqua,MODIS,75,6.2,305.7,28,D,0
-15.8099,125.5251,324.2,1.4,1.2,2014-04-24,0506,Aqua,MODIS,62,6.2,307.4,17,D,0
-16.1927,125.4766,324.9,1.5,1.2,2014-04-24,0506,Aqua,MODIS,69,6.2,308,19.5,D,0
-16.1945,125.4628,325.7,1.5,1.2,2014-04-24,0506,Aqua,MODIS,71,6.2,307.5,21.4,D,0
-14.9731,132.0929,322.5,1.2,1.1,2014-04-24,0506,Aqua,MODIS,25,6.2,284.6,14.4,D,0
-14.9411,132.0433,328.9,1.2,1.1,2014-04-24,0506,Aqua,MODIS,77,6.2,287.5,23.2,D,0
-15.7771,130.6113,322.1,1,1,2014-04-24,0506,Aqua,MODIS,62,6.2,299.4,7.8,D,0
-15.7666,130.6193,328.4,1,1,2014-04-24,0506,Aqua,MODIS,70,6.2,300.7,14.3,D,0
-15.768,130.6098,345.3,1,1,2014-04-24,0506,Aqua,MODIS,92,6.2,301.8,41.7,D,0
-15.7694,130.6003,328,1,1,2014-04-24,0506,Aqua,MODIS,70,6.2,300.6,14.8,D,0
-15.8031,129.4718,329.2,1,1,2014-04-24,0506,Aqua,MODIS,49,6.2,308.3,14.5,D,0
-15.7941,129.4704,331.2,1,1,2014-04-24,0506,Aqua,MODIS,60,6.2,308.5,17,D,0
-15.9048,129.342,326.4,1,1,2014-04-24,0506,Aqua,MODIS,43,6.2,308.3,9.1,D,0
-15.9138,129.3434,327.3,1,1,2014-04-24,0506,Aqua,MODIS,16,6.2,310.8,9.8,D,0
-18.0726,124.0649,326.8,2,1.4,2014-04-24,0506,Aqua,MODIS,48,6.2,312.7,25.2,D,0
-18.0747,124.0462,334.4,2,1.4,2014-04-24,0506,Aqua,MODIS,79,6.2,312.1,52.6,D,0
-16.3737,129.2722,327.5,1,1,2014-04-24,0506,Aqua,MODIS,68,6.2,312.4,9.1,D,0
-16.3647,129.2709,326.6,1,1,2014-04-24,0506,Aqua,MODIS,58,6.2,312.5,7.8,D,0
-16.3211,129.2585,330.1,1,1,2014-04-24,0506,Aqua,MODIS,28,6.2,314.2,9.6,D,0
-16.2708,129.289,334,1,1,2014-04-24,0506,Aqua,MODIS,68,6.2,311.5,16.7,D,0
-16.2532,129.2798,331.9,1,1,2014-04-24,0506,Aqua,MODIS,73,6.2,312.4,15.1,D,0
-16.5923,129.1547,336,1,1,2014-04-24,0506,Aqua,MODIS,82,6.2,314.5,18.9,D,0
-14.3989,126.7677,327.5,1.2,1.1,2014-04-24,0507,Aqua,MODIS,36,6.2,307,17,D,0
-14.3936,126.7823,330.1,1.2,1.1,2014-04-24,0507,Aqua,MODIS,79,6.2,307.4,22.4,D,0
-14.3951,126.7714,326.5,1.2,1.1,2014-04-24,0507,Aqua,MODIS,74,6.2,307.5,17.5,D,0
-14.3839,126.7809,321.5,1.2,1.1,2014-04-24,0507,Aqua,MODIS,58,6.2,304.2,10.1,D,0
-14.4114,126.7474,324.4,1.2,1.1,2014-04-24,0507,Aqua,MODIS,57,6.2,307.2,12.7,D,0
-14.4449,126.7189,348.6,1.2,1.1,2014-04-24,0507,Aqua,MODIS,94,6.2,308.2,56.3,D,0
-14.4463,126.7079,348.2,1.2,1.1,2014-04-24,0507,Aqua,MODIS,93,6.2,307.8,56.9,D,0
-14.4351,126.7178,339.6,1.2,1.1,2014-04-24,0507,Aqua,MODIS,80,6.2,308.3,33.3,D,0
-14.4366,126.7068,346.3,1.2,1.1,2014-04-24,0507,Aqua,MODIS,86,6.2,305.8,50.6,D,0
-14.4254,126.7164,334.3,1.2,1.1,2014-04-24,0507,Aqua,MODIS,50,6.2,306.7,23.3,D,0
-14.4129,126.7364,336.6,1.2,1.1,2014-04-24,0507,Aqua,MODIS,85,6.2,307.1,31.5,D,0
-14.4143,126.7257,338.4,1.2,1.1,2014-04-24,0507,Aqua,MODIS,86,6.2,306.6,33.8,D,0
-14.4185,126.6929,331.4,1.2,1.1,2014-04-24,0507,Aqua,MODIS,76,6.2,307,25,D,0
-14.9334,125.9418,322.2,1.3,1.1,2014-04-24,0507,Aqua,MODIS,46,6.2,307.2,13.9,D,0
-14.5755,126.7205,327.1,1.2,1.1,2014-04-24,0507,Aqua,MODIS,74,6.2,306.3,19,D,0
-14.7122,126.7737,322.9,1.2,1.1,2014-04-24,0507,Aqua,MODIS,63,6.2,307.8,10.8,D,0
-14.701,126.7833,332.3,1.2,1.1,2014-04-24,0507,Aqua,MODIS,80,6.2,307.6,23.7,D,0
-14.7024,126.7724,337.1,1.2,1.1,2014-04-24,0507,Aqua,MODIS,85,6.2,307.4,33.6,D,0
-14.5232,133.1263,317.8,1.4,1.2,2014-04-24,0507,Aqua,MODIS,68,6.2,288,14.9,D,0
-14.5252,133.1138,316.2,1.4,1.2,2014-04-24,0507,Aqua,MODIS,66,6.2,286.9,12,D,0
-14.9437,125.9432,326.4,1.3,1.1,2014-04-24,0507,Aqua,MODIS,72,6.2,306.6,21.7,D,0
-14.935,125.9296,332,1.3,1.1,2014-04-24,0507,Aqua,MODIS,80,6.2,308.6,31.9,D,0
-15.5558,124.5382,353.1,1.7,1.3,2014-04-24,0507,Aqua,MODIS,96,6.2,305.3,129,D,0
-14.5571,126.784,324.4,1.2,1.1,2014-04-24,0507,Aqua,MODIS,69,6.2,306.1,14.4,D,0
-15.5864,124.5737,322.7,1.7,1.3,2014-04-24,0507,Aqua,MODIS,48,6.2,305.4,20.8,D,0
-15.4869,124.9142,319.3,1.6,1.2,2014-04-24,0507,Aqua,MODIS,43,6.2,305,13.9,D,0
-14.6,126.6297,334,1.2,1.1,2014-04-24,0507,Aqua,MODIS,82,6.2,306.7,30.1,D,0
-14.5926,126.6671,325.3,1.2,1.1,2014-04-24,0507,Aqua,MODIS,60,6.2,307.5,14.8,D,0
-15.5596,124.5069,331.6,1.7,1.3,2014-04-24,0507,Aqua,MODIS,81,6.2,305.2,46.2,D,0
-14.6041,126.6755,352.5,1.2,1.1,2014-04-24,0507,Aqua,MODIS,96,6.2,309.6,69.7,D,0
-14.6055,126.6645,343.6,1.2,1.1,2014-04-24,0507,Aqua,MODIS,74,6.2,307.4,45.5,D,0
-15.0422,125.8864,326.9,1.3,1.1,2014-04-24,0507,Aqua,MODIS,73,6.2,307.8,22,D,0
-15.5462,124.521,327.4,1.7,1.3,2014-04-24,0507,Aqua,MODIS,76,6.2,306,35.9,D,0
-14.5956,126.6451,323.3,1.2,1.1,2014-04-24,0507,Aqua,MODIS,59,6.2,305.8,12.4,D,0
-14.5971,126.6339,331.6,1.2,1.1,2014-04-24,0507,Aqua,MODIS,80,6.2,306.7,25.6,D,0
-15.7061,124.9852,318.5,1.6,1.2,2014-04-24,0507,Aqua,MODIS,50,6.2,306.3,11.2,D,0
-15.5165,124.8581,318.3,1.6,1.2,2014-04-24,0507,Aqua,MODIS,51,6.2,304.2,12.2,D,0
-14.5911,126.678,328.5,1.2,1.1,2014-04-24,0507,Aqua,MODIS,76,6.2,308.8,20.5,D,0
-15.5128,124.8886,330.9,1.6,1.2,2014-04-24,0507,Aqua,MODIS,80,6.2,306.4,38,D,0
-15.5577,124.5225,359.5,1.7,1.3,2014-04-24,0507,Aqua,MODIS,99,6.2,308.4,163.2,D,0
-14.5986,126.6409,328.3,1.2,1.1,2014-04-24,0507,Aqua,MODIS,53,6.2,305.7,19,D,0
-15.5146,124.8734,327.7,1.6,1.2,2014-04-24,0507,Aqua,MODIS,76,6.2,305.2,31.1,D,0
-14.5943,126.674,342,1.2,1.1,2014-04-24,0507,Aqua,MODIS,89,6.2,309.2,43.6,D,0
-14.6142,126.5976,321.4,1.2,1.1,2014-04-24,0507,Aqua,MODIS,53,6.2,306.9,11.1,D,0
-15.6723,124.5276,319,1.7,1.3,2014-04-24,0507,Aqua,MODIS,55,6.2,305,15,D,0
-14.9843,125.9289,324.9,1.3,1.1,2014-04-24,0507,Aqua,MODIS,69,6.2,304.8,19.4,D,0
-14.9827,125.9412,326.8,1.3,1.1,2014-04-24,0507,Aqua,MODIS,73,6.2,306,22.6,D,0
-14.6251,126.6672,325.7,1.2,1.1,2014-04-24,0507,Aqua,MODIS,71,6.2,306.7,16.9,D,0
-14.6236,126.6781,328.2,1.2,1.1,2014-04-24,0507,Aqua,MODIS,75,6.2,307,20.6,D,0
-14.6015,126.6186,324.4,1.2,1.1,2014-04-24,0507,Aqua,MODIS,62,6.2,306.2,14.6,D,0
-14.6139,126.6769,343.5,1.2,1.1,2014-04-24,0507,Aqua,MODIS,90,6.2,308.6,48.4,D,0
-15.6342,124.9247,326,1.6,1.2,2014-04-24,0507,Aqua,MODIS,73,6.2,307.6,25.5,D,0
-14.5986,126.6227,328.4,1.2,1.1,2014-04-24,0507,Aqua,MODIS,64,6.2,306.5,19.1,D,0
-15.6336,124.93,331.3,1.6,1.2,2014-04-24,0507,Aqua,MODIS,80,6.2,308.2,35.8,D,0
-14.5835,126.5862,323.8,1.2,1.1,2014-04-24,0507,Aqua,MODIS,68,6.2,306,14.9,D,0
-14.6153,126.6659,348.3,1.2,1.1,2014-04-24,0507,Aqua,MODIS,93,6.2,308.6,60.5,D,0
-13.0762,130.6926,313,1.1,1,2014-04-24,0507,Aqua,MODIS,54,6.2,288.8,5.2,D,0
-13.1571,130.7722,336.3,1.1,1,2014-04-24,0507,Aqua,MODIS,88,6.2,296.3,33.1,D,0
-13.7057,131.8194,319.7,1.2,1.1,2014-04-24,0507,Aqua,MODIS,72,6.2,282,15.9,D,0
-13.7074,131.8084,315.3,1.2,1.1,2014-04-24,0507,Aqua,MODIS,63,6.2,283.9,10.8,D,0
-13.702,131.5595,310.9,1.1,1.1,2014-04-24,0507,Aqua,MODIS,27,6.2,281.3,6,D,0
-15.6645,124.6843,349.1,1.6,1.3,2014-04-24,0507,Aqua,MODIS,94,6.2,309.6,100,D,0
-14.5976,126.9505,327.2,1.2,1.1,2014-04-24,0507,Aqua,MODIS,74,6.2,309.7,14.7,D,0
-14.8812,127.0306,325.7,1.2,1.1,2014-04-24,0507,Aqua,MODIS,51,6.2,307.4,12.1,D,0
-14.5619,126.9232,324.4,1.2,1.1,2014-04-24,0507,Aqua,MODIS,49,6.2,306.5,11.9,D,0
-14.8798,127.0412,355.1,1.2,1.1,2014-04-24,0507,Aqua,MODIS,97,6.2,312.3,73.2,D,0
-14.599,126.9395,320.8,1.2,1.1,2014-04-24,0507,Aqua,MODIS,37,6.2,306.8,6.3,D,0
-15.0502,126.2155,325.5,1.3,1.1,2014-04-24,0507,Aqua,MODIS,70,6.2,305.7,18.7,D,0
-15.6664,124.6691,326.5,1.7,1.3,2014-04-24,0507,Aqua,MODIS,56,6.2,306.3,26.3,D,0
-15.1217,126.2067,322.9,1.3,1.1,2014-04-24,0507,Aqua,MODIS,60,6.2,304.8,14.5,D,0
-15.505,124.7653,326.8,1.6,1.3,2014-04-24,0507,Aqua,MODIS,75,6.2,305.7,29.3,D,0
-15.4168,124.9296,331.2,1.6,1.2,2014-04-24,0507,Aqua,MODIS,73,6.2,305.4,37.6,D,0
-14.259,127.2767,318.9,1.1,1,2014-04-24,0507,Aqua,MODIS,37,6.2,297.5,7.5,D,0
-14.58,126.8601,329.9,1.2,1.1,2014-04-24,0507,Aqua,MODIS,77,6.2,306.9,22.3,D,0
-15.4058,124.9278,330.2,1.6,1.2,2014-04-24,0507,Aqua,MODIS,61,6.2,309,35.9,D,0
-14.2482,127.2856,322.1,1.1,1,2014-04-24,0507,Aqua,MODIS,55,6.2,299.3,10,D,0
-14.4903,126.8407,332.2,1.2,1.1,2014-04-24,0507,Aqua,MODIS,80,6.2,306.6,26,D,0
-14.4409,126.9702,326.5,1.1,1.1,2014-04-24,0507,Aqua,MODIS,74,6.2,306.4,16,D,0
-14.3845,127.0269,350,1.1,1.1,2014-04-24,0507,Aqua,MODIS,94,6.2,301.9,62,D,0
-14.2307,127.3088,320.8,1.1,1,2014-04-24,0507,Aqua,MODIS,64,6.2,301.3,9,D,0
-14.1795,127.3323,317.4,1.1,1,2014-04-24,0507,Aqua,MODIS,51,6.2,296.7,7.3,D,0
-15.5014,124.7957,318.7,1.6,1.2,2014-04-24,0507,Aqua,MODIS,43,6.2,304.7,12.1,D,0
-14.8783,127.0518,331.6,1.1,1.1,2014-04-24,0507,Aqua,MODIS,68,6.2,310.5,19.1,D,0
-15.5884,124.6432,327.7,1.7,1.3,2014-04-24,0507,Aqua,MODIS,53,6.2,308.4,28.7,D,0
-14.3154,126.9991,327.8,1.1,1.1,2014-04-24,0507,Aqua,MODIS,76,6.2,300.8,19.1,D,0
-15.7379,124.6369,322.8,1.7,1.3,2014-04-24,0507,Aqua,MODIS,64,6.2,308.7,18.8,D,0
-15.7265,124.635,336.2,1.7,1.3,2014-04-24,0507,Aqua,MODIS,85,6.2,308.7,52.3,D,0
-15.7284,124.6195,327.5,1.7,1.3,2014-04-24,0507,Aqua,MODIS,65,6.2,307.2,27.9,D,0
-14.5575,126.9268,321.1,1.2,1.1,2014-04-24,0507,Aqua,MODIS,61,6.2,306.3,9.1,D,0
-14.325,127.0004,326.4,1.1,1.1,2014-04-24,0507,Aqua,MODIS,74,6.2,300.2,16.8,D,0
-14.277,127.0686,321.7,1.1,1.1,2014-04-24,0507,Aqua,MODIS,64,6.2,303.5,8.8,D,0
-14.609,126.8643,324.5,1.2,1.1,2014-04-24,0507,Aqua,MODIS,25,6.2,306.9,11.4,D,0
-14.6055,127.038,328.2,1.1,1.1,2014-04-24,0507,Aqua,MODIS,71,6.2,309.8,15.2,D,0
-14.5959,127.0368,323.6,1.1,1.1,2014-04-24,0507,Aqua,MODIS,34,6.2,308.3,8.3,D,0
-14.5973,127.0261,325.1,1.1,1.1,2014-04-24,0507,Aqua,MODIS,57,6.2,308.1,10.8,D,0
-15.1941,126.2048,324.6,1.3,1.1,2014-04-24,0507,Aqua,MODIS,31,6.2,307.5,15.1,D,0
-14.5633,126.9125,320.9,1.2,1.1,2014-04-24,0507,Aqua,MODIS,14,6.2,306,7.9,D,0
-15.6704,124.5433,319.6,1.7,1.3,2014-04-24,0507,Aqua,MODIS,47,6.2,305.5,14.8,D,0
-14.2184,127.5079,328.2,1.1,1,2014-04-24,0507,Aqua,MODIS,76,6.2,290.9,19.6,D,0
-15.1637,126.2005,320.7,1.3,1.1,2014-04-24,0507,Aqua,MODIS,38,6.2,307.3,10.9,D,0
-14.3679,127.1522,317.8,1.1,1.1,2014-04-24,0507,Aqua,MODIS,48,6.2,301.1,6.9,D,0
-14.3933,126.811,349.6,1.2,1.1,2014-04-24,0507,Aqua,MODIS,94,6.2,308,61,D,0
-15.6621,124.6893,341.3,1.6,1.3,2014-04-24,0507,Aqua,MODIS,89,6.2,309,68.7,D,0
-14.3946,126.8004,358.2,1.2,1.1,2014-04-24,0507,Aqua,MODIS,99,6.2,309.9,84.9,D,0
-14.6076,126.875,324.9,1.2,1.1,2014-04-24,0507,Aqua,MODIS,15,6.2,306.9,11.7,D,0
-14.8769,127.0624,332.3,1.1,1.1,2014-04-24,0507,Aqua,MODIS,79,6.2,311.8,20.7,D,0
-15.5768,124.6507,326.9,1.7,1.3,2014-04-24,0507,Aqua,MODIS,39,6.2,306.2,25.6,D,0
-14.931,127.0552,330.8,1.2,1.1,2014-04-24,0507,Aqua,MODIS,66,6.2,309.7,17.7,D,0
-15.592,124.6216,328.1,1.7,1.3,2014-04-24,0507,Aqua,MODIS,44,6.2,305.8,29.5,D,0
-15.0517,126.2036,319.3,1.3,1.1,2014-04-24,0507,Aqua,MODIS,46,6.2,305.3,9,D,0
-14.942,127.046,330.6,1.2,1.1,2014-04-24,0507,Aqua,MODIS,78,6.2,310.6,18.5,D,0
-14.3831,127.0374,361.1,1.1,1.1,2014-04-24,0507,Aqua,MODIS,100,6.2,302.9,95.7,D,0
-14.3892,126.8146,323.5,1.2,1.1,2014-04-24,0507,Aqua,MODIS,69,6.2,306,13.3,D,0
-14.3907,126.804,354,1.2,1.1,2014-04-24,0507,Aqua,MODIS,97,6.2,309.4,75.5,D,0
-14.3921,126.7932,340.9,1.2,1.1,2014-04-24,0507,Aqua,MODIS,89,6.2,308.1,40.7,D,0
-14.4238,127.0965,321.6,1.1,1.1,2014-04-24,0507,Aqua,MODIS,64,6.2,303.7,9.5,D,0
-14.4252,127.0861,322.3,1.1,1.1,2014-04-24,0507,Aqua,MODIS,66,6.2,304.9,10.7,D,0
-14.4143,127.0952,337,1.1,1.1,2014-04-24,0507,Aqua,MODIS,86,6.2,303.2,32.1,D,0
-14.4157,127.0847,340.4,1.1,1.1,2014-04-24,0507,Aqua,MODIS,88,6.2,303.6,38.8,D,0
-15.2159,126.1898,327.6,1.3,1.1,2014-04-24,0507,Aqua,MODIS,50,6.2,308.6,17.7,D,0
-14.391,127.1238,320.6,1.1,1.1,2014-04-24,0507,Aqua,MODIS,62,6.2,302.3,8.7,D,0
-14.4917,126.83,320.3,1.2,1.1,2014-04-24,0507,Aqua,MODIS,58,6.2,305.6,8.9,D,0
-14.6981,126.8051,322.3,1.2,1.1,2014-04-24,0507,Aqua,MODIS,55,6.2,307.4,9.2,D,0
-14.9406,127.0566,328,1.2,1.1,2014-04-24,0507,Aqua,MODIS,72,6.2,312.3,14.4,D,0
-15.1435,126.1977,337,1.3,1.1,2014-04-24,0507,Aqua,MODIS,85,6.2,306.7,39.4,D,0
-14.6996,126.7942,322.2,1.2,1.1,2014-04-24,0507,Aqua,MODIS,30,6.2,306.8,8.8,D,0
-15.2144,126.2019,326.8,1.3,1.1,2014-04-24,0507,Aqua,MODIS,42,6.2,308.3,16.9,D,0
-15.3179,126.1852,320.6,1.3,1.1,2014-04-24,0507,Aqua,MODIS,56,6.2,306.7,11.1,D,0
-15.6639,124.6741,342.4,1.7,1.3,2014-04-24,0507,Aqua,MODIS,90,6.2,307.6,74.4,D,0
-15.5903,124.6279,330.2,1.7,1.3,2014-04-24,0507,Aqua,MODIS,73,6.2,306.9,35.9,D,0
-14.3817,127.0479,323.2,1.1,1.1,2014-04-24,0507,Aqua,MODIS,68,6.2,298.8,12.7,D,0
-14.403,126.8121,323.5,1.2,1.1,2014-04-24,0507,Aqua,MODIS,69,6.2,306.2,11.7,D,0
-36.4803,146.8076,312.2,1.5,1.2,2014-04-24,1247,Terra,MODIS,84,6.2,280.1,27.2,N,0
-36.482,146.7908,315.5,1.5,1.2,2014-04-24,1247,Terra,MODIS,91,6.2,280,31.7,N,0
-32.7452,147.8145,304.4,1.2,1.1,2014-04-24,1248,Terra,MODIS,60,6.2,284.7,10.1,N,0
-32.7444,147.8086,303,1.2,1.1,2014-04-24,1248,Terra,MODIS,53,6.2,284.7,9.8,N,0
-31.6053,148.4877,307.4,1.1,1,2014-04-24,1248,Terra,MODIS,64,6.2,285.1,12,N,0
-26.2869,151.7629,305.2,1.1,1.1,2014-04-24,1249,Terra,MODIS,63,6.2,287.4,9.8,N,0
-26.2965,151.7649,307,1.1,1.1,2014-04-24,1249,Terra,MODIS,70,6.2,287.4,11.2,N,0
-25.6445,152.6122,317.1,1.3,1.1,2014-04-24,1249,Terra,MODIS,94,6.2,290,23.9,N,0
-26.7954,150.2033,309.4,1,1,2014-04-24,1249,Terra,MODIS,77,6.2,288.3,11.2,N,0
-28.5117,149.4654,306.1,1,1,2014-04-24,1249,Terra,MODIS,34,6.2,289.7,8.1,N,0
-28.5221,149.4569,304.1,1,1,2014-04-24,1249,Terra,MODIS,15,6.2,289.2,7.1,N,0
-21.4033,120.0281,306.2,1.3,1.1,2014-04-24,1430,Terra,MODIS,67,6.2,291.8,7.7,N,0
-21.4063,120.004,314.4,1.3,1.1,2014-04-24,1430,Terra,MODIS,89,6.2,292.7,15.7,N,0
-21.3832,120.0252,335.9,1.3,1.1,2014-04-24,1430,Terra,MODIS,100,6.2,292.8,49.9,N,0
-21.3847,120.0131,319.6,1.3,1.1,2014-04-24,1430,Terra,MODIS,99,6.2,291.1,22,N,0
-21.3947,120.0146,310.8,1.3,1.1,2014-04-24,1430,Terra,MODIS,79,6.2,291.5,11.6,N,0
-21.3933,120.0266,320.9,1.3,1.1,2014-04-24,1430,Terra,MODIS,100,6.2,292.3,23.8,N,0
-21.4078,119.9917,311.3,1.3,1.1,2014-04-24,1430,Terra,MODIS,82,6.2,291,13,N,0
-21.3458,120.0011,301,1.3,1.1,2014-04-24,1430,Terra,MODIS,36,6.2,288.8,5.9,N,0
-21.3791,119.9752,302.3,1.3,1.1,2014-04-24,1430,Terra,MODIS,30,6.2,289.8,5.1,N,0
-17.2046,126.5464,302.8,1.5,1.2,2014-04-24,1430,Terra,MODIS,51,6.2,292.1,8.5,N,0
-17.1669,126.6181,301.1,1.5,1.2,2014-04-24,1430,Terra,MODIS,37,6.2,290.4,7.4,N,0
-16.9518,124.8311,308.9,1.2,1.1,2014-04-24,1431,Terra,MODIS,69,6.2,295.8,7.9,N,0
-17.4083,124.1004,303.3,1.1,1,2014-04-24,1431,Terra,MODIS,54,6.2,292.5,5.5,N,0
-16.7219,126.5909,300.1,1.5,1.2,2014-04-24,1431,Terra,MODIS,18,6.2,287.4,7.2,N,0
-16.0342,124.6633,314.5,1.2,1.1,2014-04-24,1431,Terra,MODIS,89,6.2,296.9,12.8,N,0
-16.3066,124.4944,311.7,1.1,1.1,2014-04-24,1431,Terra,MODIS,83,6.2,296,10.7,N,0
-16.9615,124.8328,314.6,1.2,1.1,2014-04-24,1431,Terra,MODIS,90,6.2,296.5,13.1,N,0
-16.9632,124.8219,310.7,1.2,1.1,2014-04-24,1431,Terra,MODIS,81,6.2,295.7,8.8,N,0
-15.5,124.8148,306.3,1.2,1.1,2014-04-24,1431,Terra,MODIS,68,6.2,295.6,7.3,N,0
-15.415,124.8996,305.8,1.2,1.1,2014-04-24,1431,Terra,MODIS,8,6.2,295.3,5.4,N,0
-15.4032,124.9096,311.3,1.2,1.1,2014-04-24,1431,Terra,MODIS,50,6.2,295.6,10,N,0
-15.979,124.6987,309.3,1.2,1.1,2014-04-24,1431,Terra,MODIS,77,6.2,296.9,7.8,N,0
-16.4695,125.0952,307.8,1.2,1.1,2014-04-24,1431,Terra,MODIS,65,6.2,293.8,9.2,N,0
-15.9772,124.7096,308.8,1.2,1.1,2014-04-24,1431,Terra,MODIS,76,6.2,296.2,7.2,N,0
-15.9807,124.6877,307.8,1.2,1.1,2014-04-24,1431,Terra,MODIS,73,6.2,296.6,5.9,N,0
-15.8572,124.4875,306.5,1.2,1.1,2014-04-24,1431,Terra,MODIS,27,6.2,295.6,5.4,N,0
-15.9782,127.0498,300.9,1.7,1.3,2014-04-24,1431,Terra,MODIS,35,6.2,290.7,8.3,N,0
-16.4103,125.2093,304.1,1.2,1.1,2014-04-24,1431,Terra,MODIS,41,6.2,293.1,6.1,N,0
-15.8655,125.5488,307.3,1.3,1.1,2014-04-24,1431,Terra,MODIS,71,6.2,294.6,9,N,0
-15.8141,125.5411,307.2,1.3,1.1,2014-04-24,1431,Terra,MODIS,71,6.2,295.4,7.5,N,0
-15.8528,125.4968,308,1.3,1.1,2014-04-24,1431,Terra,MODIS,73,6.2,294.3,9.5,N,0
-15.7989,125.5196,307.9,1.3,1.1,2014-04-24,1431,Terra,MODIS,73,6.2,295.2,8.3,N,0
-15.8674,125.5369,311,1.3,1.1,2014-04-24,1431,Terra,MODIS,81,6.2,294.3,12.7,N,0
-20.7332,139.4743,308.1,1.1,1,2014-04-24,1559,Aqua,MODIS,74,6.2,293,9,N,2
-20.7371,139.4837,306.5,1.1,1,2014-04-24,1559,Aqua,MODIS,68,6.2,292.8,7.9,N,2
-20.7298,139.4788,311.3,1.1,1,2014-04-24,1559,Aqua,MODIS,82,6.2,293.3,9.8,N,2
-35.9355,136.8478,327,1,1,2014-04-24,1603,Aqua,MODIS,100,6.2,280.4,29.7,N,0
-35.9404,136.8434,327.7,1,1,2014-04-24,1603,Aqua,MODIS,100,6.2,280.6,30.7,N,0
-21.3811,120.0395,318.6,1.4,1.2,2014-04-24,1738,Aqua,MODIS,97,6.2,288.2,26.5,N,0
-21.3964,120.0307,308,1.4,1.2,2014-04-24,1738,Aqua,MODIS,59,6.2,283.2,12.2,N,0
-21.402,120.0366,308,1.4,1.2,2014-04-24,1738,Aqua,MODIS,21,6.2,285.7,11.6,N,0
-29.0832,153.2798,310,1.2,1.1,2014-04-24,2347,Terra,MODIS,65,6.2,297.2,8.1,D,0
-27.2326,150.8568,309.1,1.7,1.3,2014-04-24,2347,Terra,MODIS,42,6.2,297.1,12.7,D,0
-36.1941,144.5171,300,2.7,1.6,2014-04-24,2350,Terra,MODIS,23,6.2,288.8,16.7,D,0
-14.9325,132.0349,321,1.2,1.1,2014-04-25,0122,Terra,MODIS,58,6.2,291.4,13.2,D,0
-14.9639,132.09,321.6,1.2,1.1,2014-04-25,0122,Terra,MODIS,74,6.2,292,15.2,D,0
-15.0647,132.6004,314.5,1.1,1,2014-04-25,0122,Terra,MODIS,55,6.2,290.4,6.6,D,0
-14.9308,132.024,318.9,1.2,1.1,2014-04-25,0122,Terra,MODIS,53,6.2,290.8,11,D,0
-14.9194,132.0147,330.1,1.2,1.1,2014-04-25,0122,Terra,MODIS,84,6.2,290.3,26.5,D,0
-15.5105,131.4155,315.1,1.3,1.1,2014-04-25,0122,Terra,MODIS,50,6.2,291.8,8.3,D,0
-19.0681,134.1487,323,1,1,2014-04-25,0123,Terra,MODIS,65,6.2,305.9,9.5,D,0
-16.2588,132.0494,325.2,1.1,1.1,2014-04-25,0123,Terra,MODIS,75,6.2,302.9,16.8,D,0
-16.3151,131.9466,322.8,1.1,1.1,2014-04-25,0123,Terra,MODIS,71,6.2,300.5,13.9,D,0
-16.2493,132.051,327.1,1.1,1.1,2014-04-25,0123,Terra,MODIS,77,6.2,302.1,19,D,0
-19.055,134.1217,325.7,1,1,2014-04-25,0123,Terra,MODIS,71,6.2,305.2,12.3,D,0
-16.3122,131.9533,331.4,1.1,1.1,2014-04-25,0123,Terra,MODIS,82,6.2,300.9,24.7,D,0
-16.3168,131.9573,324,1.1,1.1,2014-04-25,0123,Terra,MODIS,73,6.2,300,15.5,D,0
-16.3246,131.945,327,1.1,1.1,2014-04-25,0123,Terra,MODIS,77,6.2,300.4,18.6,D,0
-16.2476,132.0404,331.9,1.1,1.1,2014-04-25,0123,Terra,MODIS,82,6.2,303.4,26.2,D,0
-19.0667,134.1392,328.2,1,1,2014-04-25,0123,Terra,MODIS,75,6.2,306.3,15.5,D,0
-15.7933,126.74,314.4,2.7,1.6,2014-04-25,0123,Terra,MODIS,51,6.2,300.3,26.9,D,0
-15.7835,126.736,314.9,2.7,1.6,2014-04-25,0123,Terra,MODIS,55,6.2,300.4,29,D,0
-15.5987,127.1169,315.8,2.5,1.5,2014-04-25,0123,Terra,MODIS,58,6.2,299.5,23,D,0
-15.8532,126.7221,324.1,2.7,1.6,2014-04-25,0123,Terra,MODIS,42,6.2,302.5,52.3,D,0
-15.8572,126.7146,328.2,2.7,1.6,2014-04-25,0123,Terra,MODIS,48,6.2,302.5,69.8,D,0
-15.7347,129.5907,319.6,1.6,1.3,2014-04-25,0123,Terra,MODIS,56,6.2,300.3,15.4,D,0
-16.7307,126.5622,317.3,2.6,1.6,2014-04-25,0123,Terra,MODIS,61,6.2,302.3,28.9,D,0
-15.7334,129.5848,321.9,1.6,1.3,2014-04-25,0123,Terra,MODIS,61,6.2,300,19.4,D,0
-16.7351,126.5864,327.7,2.6,1.6,2014-04-25,0123,Terra,MODIS,78,6.2,304,72.2,D,0
-15.8526,126.6901,321.5,2.7,1.6,2014-04-25,0123,Terra,MODIS,42,6.2,300.8,44.4,D,0
-15.8803,126.7602,321.1,2.6,1.6,2014-04-25,0123,Terra,MODIS,9,6.2,302.2,40.2,D,0
-15.8985,126.8135,321.9,2.6,1.6,2014-04-25,0123,Terra,MODIS,63,6.2,301.5,43.6,D,0
-15.8487,126.6979,331.8,2.7,1.6,2014-04-25,0123,Terra,MODIS,83,6.2,302.4,94.2,D,0
-15.8899,126.7656,323.4,2.6,1.6,2014-04-25,0123,Terra,MODIS,50,6.2,302.7,50.4,D,0
-16.4057,126.7993,322.8,2.5,1.5,2014-04-25,0123,Terra,MODIS,72,6.2,302.7,47.1,D,0
-16.0054,126.7051,317,2.6,1.6,2014-04-25,0123,Terra,MODIS,63,6.2,301.6,31.7,D,0
-16.0009,126.6807,329.4,2.7,1.6,2014-04-25,0123,Terra,MODIS,81,6.2,300.7,86.9,D,0
-15.8107,129.4926,320.9,1.7,1.3,2014-04-25,0123,Terra,MODIS,46,6.2,299.9,17.5,D,0
-15.7706,129.5312,318.8,1.6,1.3,2014-04-25,0123,Terra,MODIS,56,6.2,299.3,13.7,D,0
-15.9077,126.8302,319,2.6,1.5,2014-04-25,0123,Terra,MODIS,48,6.2,301.4,31.9,D,0
-15.6046,127.1087,320.3,2.5,1.5,2014-04-25,0123,Terra,MODIS,69,6.2,300.8,40.4,D,0
-15.8855,126.7416,323.5,2.6,1.6,2014-04-25,0123,Terra,MODIS,69,6.2,300.7,53,D,0
-16.2484,125.6295,319.7,3.1,1.7,2014-04-25,0123,Terra,MODIS,68,6.2,302.1,49.9,D,0
-38.7412,143.3543,311.7,1.6,1.3,2014-04-25,0404,Aqua,MODIS,38,6.2,279.3,27.8,D,0
-35.0057,147.8124,309.7,1,1,2014-04-25,0405,Aqua,MODIS,49,6.2,297.5,4.8,D,0
-34.9047,147.8075,310.7,1,1,2014-04-25,0405,Aqua,MODIS,65,6.2,296.5,5.9,D,0
-35.0504,148.4042,304.8,1,1,2014-04-25,0405,Aqua,MODIS,55,6.2,293.6,5.3,D,0
-35.0298,147.8401,317.4,1,1,2014-04-25,0405,Aqua,MODIS,75,6.2,296.9,11.5,D,0
-35.0313,147.8291,316.9,1,1,2014-04-25,0405,Aqua,MODIS,74,6.2,296.4,11.1,D,0
-34.462,148.0227,311,1,1,2014-04-25,0405,Aqua,MODIS,29,6.2,294.2,6.2,D,0
-38.1224,143.7889,302,1.5,1.2,2014-04-25,0405,Aqua,MODIS,40,6.2,289.1,6.3,D,0
-38.0463,143.1641,306.7,1.6,1.3,2014-04-25,0405,Aqua,MODIS,64,6.2,278,18.5,D,0
-38.0481,143.1452,310.8,1.6,1.3,2014-04-25,0405,Aqua,MODIS,70,6.2,279,24.6,D,0
-38.0784,144.1104,307.2,1.4,1.2,2014-04-25,0405,Aqua,MODIS,65,6.2,291.9,11.7,D,0
-38.0646,143.92,311.4,1.5,1.2,2014-04-25,0405,Aqua,MODIS,71,6.2,289.8,16.9,D,0
-38.0663,143.9028,306.4,1.5,1.2,2014-04-25,0405,Aqua,MODIS,63,6.2,290.4,11,D,0
-38.1058,143.9659,334.3,1.5,1.2,2014-04-25,0405,Aqua,MODIS,89,6.2,292.1,58.5,D,0
-38.1075,143.9488,343.1,1.5,1.2,2014-04-25,0405,Aqua,MODIS,93,6.2,292.3,85.3,D,0
-38.1091,143.9317,319.3,1.5,1.2,2014-04-25,0405,Aqua,MODIS,79,6.2,289.7,29,D,0
-38.1049,143.9607,340.3,1.5,1.2,2014-04-25,0405,Aqua,MODIS,92,6.2,292.7,73.8,D,0
-38.1066,143.9436,326.2,1.5,1.2,2014-04-25,0405,Aqua,MODIS,84,6.2,291,40.1,D,0
-38.1084,143.9266,311.5,1.5,1.2,2014-04-25,0405,Aqua,MODIS,66,6.2,289.4,15.9,D,0
-38.1224,143.7939,304.5,1.5,1.2,2014-04-25,0405,Aqua,MODIS,59,6.2,289,9,D,0
-38.0979,143.6962,300.6,1.5,1.2,2014-04-25,0405,Aqua,MODIS,34,6.2,287.9,6.1,D,0
-38.0894,143.5506,303.4,1.6,1.2,2014-04-25,0405,Aqua,MODIS,0,6.2,288.7,9.5,D,0
-38.2201,143.9563,368.4,1.5,1.2,2014-04-25,0405,Aqua,MODIS,100,6.2,295.6,196.5,D,0
-38.2218,143.9393,340.9,1.5,1.2,2014-04-25,0405,Aqua,MODIS,92,6.2,295,78.3,D,0
-38.0802,144.1157,306.8,1.4,1.2,2014-04-25,0405,Aqua,MODIS,64,6.2,291.5,10.7,D,0
-35.8296,145.3197,316.6,1.2,1.1,2014-04-25,0405,Aqua,MODIS,73,6.2,298.8,15.5,D,0
-35.0032,147.3611,314.7,1,1,2014-04-25,0405,Aqua,MODIS,42,6.2,297.1,9.8,D,0
-36.6039,144.9305,308,1.3,1.1,2014-04-25,0405,Aqua,MODIS,66,6.2,295.5,7.8,D,0
-36.3666,146.0152,310.5,1.1,1.1,2014-04-25,0405,Aqua,MODIS,55,6.2,294,7.9,D,0
-35.7966,146.6867,322.8,1.1,1,2014-04-25,0405,Aqua,MODIS,81,6.2,296.7,17.7,D,0
-35.6374,146.9424,320.2,1,1,2014-04-25,0405,Aqua,MODIS,78,6.2,299.4,14.3,D,0
-34.632,146.8537,315.3,1,1,2014-04-25,0405,Aqua,MODIS,66,6.2,300.3,7.9,D,0
-35.7526,145.9603,315.6,1.1,1.1,2014-04-25,0405,Aqua,MODIS,72,6.2,299.7,11.9,D,0
-36.3514,145.8954,322,1.1,1.1,2014-04-25,0405,Aqua,MODIS,81,6.2,296,19.5,D,0
-35.6165,146.5493,315.3,1.1,1,2014-04-25,0405,Aqua,MODIS,72,6.2,300.6,9.4,D,0
-36.3529,145.8827,338.9,1.1,1.1,2014-04-25,0405,Aqua,MODIS,91,6.2,297.1,46.4,D,0
-35.3643,146.788,310.1,1,1,2014-04-25,0405,Aqua,MODIS,26,6.2,296.7,4.3,D,0
-35.3889,147.2212,327.6,1,1,2014-04-25,0405,Aqua,MODIS,84,6.2,296.9,24.2,D,0
-36.1376,146.3911,334.6,1.1,1,2014-04-25,0405,Aqua,MODIS,89,6.2,295.4,37.5,D,0
-35.124,147.2193,309,1,1,2014-04-25,0405,Aqua,MODIS,52,6.2,297.1,5.4,D,0
-35.4139,146.8153,315.8,1,1,2014-04-25,0405,Aqua,MODIS,72,6.2,298.6,10.5,D,0
-36.1813,145.9556,317.2,1.1,1.1,2014-04-25,0405,Aqua,MODIS,75,6.2,297.6,13.6,D,0
-35.5593,146.6228,309,1.1,1,2014-04-25,0405,Aqua,MODIS,34,6.2,298.4,3.2,D,0
-35.0046,145.9368,325.1,1.1,1,2014-04-25,0405,Aqua,MODIS,79,6.2,301.6,20.6,D,0
-35.0696,146.9347,319,1,1,2014-04-25,0405,Aqua,MODIS,75,6.2,300.7,11.9,D,0
-35.6627,146.6,315.5,1.1,1,2014-04-25,0405,Aqua,MODIS,72,6.2,300,9.5,D,0
-36.1767,145.9935,309.7,1.1,1.1,2014-04-25,0405,Aqua,MODIS,65,6.2,296.9,6.2,D,0
-36.7321,146.5991,307.4,1.1,1,2014-04-25,0405,Aqua,MODIS,65,6.2,291,9.4,D,0
-35.828,145.3329,317.8,1.2,1.1,2014-04-25,0405,Aqua,MODIS,75,6.2,298.5,16.4,D,0
-34.678,147.3965,326.3,1,1,2014-04-25,0405,Aqua,MODIS,82,6.2,298.3,19.9,D,0
-35.7293,146.0698,345,1.1,1,2014-04-25,0405,Aqua,MODIS,93,6.2,299.7,55.9,D,0
-35.6206,146.5555,315.2,1.1,1,2014-04-25,0405,Aqua,MODIS,72,6.2,300.8,8.9,D,0
-35.4745,147.058,320.3,1,1,2014-04-25,0405,Aqua,MODIS,78,6.2,295.1,15,D,0
-35.9348,146.0445,313.3,1.1,1.1,2014-04-25,0405,Aqua,MODIS,70,6.2,295.9,10.3,D,0
-35.4638,147.0676,339.4,1,1,2014-04-25,0405,Aqua,MODIS,91,6.2,295.8,39.8,D,0
-36.0992,146.5448,308.3,1.1,1,2014-04-25,0405,Aqua,MODIS,64,6.2,294.5,7.2,D,0
-35.55,146.621,325.7,1.1,1,2014-04-25,0405,Aqua,MODIS,82,6.2,300.6,19.8,D,0
-36.0308,145.851,311.9,1.1,1.1,2014-04-25,0405,Aqua,MODIS,66,6.2,298.1,8.6,D,0
-35.7309,146.0575,312.3,1.1,1.1,2014-04-25,0405,Aqua,MODIS,67,6.2,297.8,7.9,D,0
-35.5617,146.4537,318.2,1.1,1,2014-04-25,0405,Aqua,MODIS,75,6.2,301.6,11.9,D,0
-35.0422,147.4785,309.7,1,1,2014-04-25,0405,Aqua,MODIS,56,6.2,297.1,5.7,D,0
-35.4482,147.058,333.2,1,1,2014-04-25,0405,Aqua,MODIS,87,6.2,298,30.3,D,0
-36.2908,146.1229,344.8,1.1,1.1,2014-04-25,0405,Aqua,MODIS,94,6.2,297.3,56.5,D,0
-35.531,146.5449,353,1.1,1,2014-04-25,0405,Aqua,MODIS,97,6.2,303.8,69.4,D,0
-34.4899,147.7591,314.9,1,1,2014-04-25,0405,Aqua,MODIS,70,6.2,294.3,8.9,D,0
-36.7144,146.4763,310,1.1,1,2014-04-25,0405,Aqua,MODIS,69,6.2,292.8,10.2,D,0
-35.6985,145.7399,381.6,1.1,1.1,2014-04-25,0405,Aqua,MODIS,100,6.2,304.7,189.6,D,0
-35.1025,147.0992,357.6,1,1,2014-04-25,0405,Aqua,MODIS,99,6.2,302.8,78.1,D,0
-36.0641,146.3203,342.4,1.1,1,2014-04-25,0405,Aqua,MODIS,92,6.2,297.8,52.3,D,0
-36.3777,146.0044,311.7,1.1,1.1,2014-04-25,0405,Aqua,MODIS,46,6.2,294.6,9.2,D,0
-36.1835,146.4428,318.9,1.1,1,2014-04-25,0405,Aqua,MODIS,78,6.2,295.7,15.6,D,0
-36.3004,146.1247,320.4,1.1,1.1,2014-04-25,0405,Aqua,MODIS,79,6.2,297.3,18.3,D,0
-35.1225,147.2305,318,1,1,2014-04-25,0405,Aqua,MODIS,74,6.2,297.5,12.6,D,0
-35.1101,147.1124,335.1,1,1,2014-04-25,0405,Aqua,MODIS,88,6.2,301,31.8,D,0
-35.3613,146.8111,326.8,1,1,2014-04-25,0405,Aqua,MODIS,83,6.2,299.7,21,D,0
-36.1531,146.3441,304.1,1.1,1,2014-04-25,0405,Aqua,MODIS,50,6.2,294.1,4.4,D,0
-34.8835,145.9461,325.7,1.1,1,2014-04-25,0405,Aqua,MODIS,80,6.2,301.7,21.5,D,0
-34.9592,147.358,323.8,1,1,2014-04-25,0405,Aqua,MODIS,80,6.2,298.8,18.5,D,0
-36.3757,145.9392,309.4,1.1,1.1,2014-04-25,0405,Aqua,MODIS,37,6.2,295.6,6.7,D,0
-35.0031,145.949,356.5,1.1,1,2014-04-25,0405,Aqua,MODIS,98,6.2,304.4,83.3,D,0
-36.6055,144.9162,310.8,1.3,1.1,2014-04-25,0405,Aqua,MODIS,70,6.2,295.1,11,D,0
-34.6853,147.4045,321.6,1,1,2014-04-25,0405,Aqua,MODIS,78,6.2,298.2,14.7,D,0
-34.9425,147.4119,315.4,1,1,2014-04-25,0405,Aqua,MODIS,64,6.2,296.4,10.4,D,0
-36.0126,145.7566,308.5,1.1,1.1,2014-04-25,0405,Aqua,MODIS,61,6.2,294.5,7.1,D,0
-35.101,147.1105,367.6,1,1,2014-04-25,0405,Aqua,MODIS,100,6.2,303.3,107.4,D,0
-35.7905,146.6196,310.7,1.1,1,2014-04-25,0405,Aqua,MODIS,62,6.2,298.5,5.4,D,0
-35.4653,147.0562,348.9,1,1,2014-04-25,0405,Aqua,MODIS,95,6.2,298.9,58.2,D,0
-36.1801,146.4366,314.5,1.1,1,2014-04-25,0405,Aqua,MODIS,73,6.2,296,12.6,D,0
-35.212,147.2427,319.1,1,1,2014-04-25,0405,Aqua,MODIS,76,6.2,296.1,14.1,D,0
-36.1975,145.737,349.7,1.2,1.1,2014-04-25,0405,Aqua,MODIS,96,6.2,301.3,70.4,D,0
-35.6099,147.008,306.5,1,1,2014-04-25,0405,Aqua,MODIS,56,6.2,294.8,4.2,D,0
-36.3681,146.0027,316.8,1.1,1.1,2014-04-25,0405,Aqua,MODIS,76,6.2,294.8,14.3,D,0
-36.3988,145.7463,306.5,1.2,1.1,2014-04-25,0405,Aqua,MODIS,39,6.2,296.2,5,D,0
-35.1316,147.2324,310.5,1,1,2014-04-25,0405,Aqua,MODIS,34,6.2,297,5.9,D,0
-35.3536,146.7977,312.8,1,1,2014-04-25,0405,Aqua,MODIS,30,6.2,298.4,6.3,D,0
-36.3282,146.0081,308.2,1.1,1.1,2014-04-25,0405,Aqua,MODIS,65,6.2,296.1,6,D,0
-35.7812,146.6178,333.9,1.1,1,2014-04-25,0405,Aqua,MODIS,88,6.2,299.9,32.2,D,0
-35.6604,146.9114,309.6,1,1,2014-04-25,0405,Aqua,MODIS,57,6.2,296.5,5.4,D,0
-36.2924,146.1104,342.6,1.1,1.1,2014-04-25,0405,Aqua,MODIS,93,6.2,297,51.7,D,0
-37.0256,146.011,310,1.1,1.1,2014-04-25,0405,Aqua,MODIS,69,6.2,293.3,10.1,D,0
-36.1392,146.3789,354,1.1,1,2014-04-25,0405,Aqua,MODIS,97,6.2,298.2,78.8,D,0
-34.744,147.1074,315.7,1,1,2014-04-25,0405,Aqua,MODIS,70,6.2,301.3,7.9,D,0
-35.1646,146.9132,313.2,1,1,2014-04-25,0405,Aqua,MODIS,66,6.2,299.6,6.7,D,0
-36.3433,145.8809,343.2,1.1,1.1,2014-04-25,0405,Aqua,MODIS,93,6.2,296.9,54.8,D,0
-36.3838,145.9539,323.1,1.1,1.1,2014-04-25,0405,Aqua,MODIS,81,6.2,295.8,22.1,D,0
-34.7403,146.0914,315.9,1.1,1,2014-04-25,0405,Aqua,MODIS,65,6.2,302.1,9.4,D,0
-34.7866,147.0698,318.5,1,1,2014-04-25,0405,Aqua,MODIS,73,6.2,301.3,10.9,D,0
-35.3116,147.1883,309.3,1,1,2014-04-25,0405,Aqua,MODIS,61,6.2,296.4,6,D,0
-35.5325,146.5331,330,1.1,1,2014-04-25,0405,Aqua,MODIS,85,6.2,301.4,25.2,D,0
-36.1752,146.0061,318.4,1.1,1.1,2014-04-25,0405,Aqua,MODIS,77,6.2,297.1,14.9,D,0
-35.5485,146.6328,309.8,1.1,1,2014-04-25,0405,Aqua,MODIS,51,6.2,298.7,3.9,D,0
-35.5259,146.5373,328.2,1.1,1,2014-04-25,0405,Aqua,MODIS,84,6.2,303,22.7,D,0
-34.6764,147.4075,316.2,1,1,2014-04-25,0405,Aqua,MODIS,71,6.2,297.8,9.8,D,0
-35.6534,146.5982,311.2,1.1,1,2014-04-25,0405,Aqua,MODIS,15,6.2,299.4,5.6,D,0
-36.3019,146.1122,316.3,1.1,1.1,2014-04-25,0405,Aqua,MODIS,75,6.2,297,13.7,D,0
-35.0711,146.9234,319.8,1,1,2014-04-25,0405,Aqua,MODIS,76,6.2,300,13,D,0
-36.5163,145.5181,319,1.2,1.1,2014-04-25,0405,Aqua,MODIS,79,6.2,295.3,19.2,D,0
-36.0068,146.4708,313.6,1.1,1,2014-04-25,0405,Aqua,MODIS,72,6.2,296,11.3,D,0
-36.2592,144.8468,309.5,1.3,1.1,2014-04-25,0405,Aqua,MODIS,66,6.2,296.7,9.1,D,0
-35.4204,146.4266,318.7,1.1,1,2014-04-25,0405,Aqua,MODIS,74,6.2,301.1,11.6,D,0
-35.6149,146.5611,310.7,1.1,1,2014-04-25,0405,Aqua,MODIS,64,6.2,299.7,5.5,D,0
-34.6335,146.8424,314.6,1,1,2014-04-25,0405,Aqua,MODIS,61,6.2,301.8,7.1,D,0
-36.4003,145.7333,309.1,1.2,1.1,2014-04-25,0405,Aqua,MODIS,63,6.2,296,7.3,D,0
-35.4279,146.0587,310.4,1.1,1,2014-04-25,0405,Aqua,MODIS,60,6.2,299.7,4,D,0
-36.6779,147.1767,305.4,1,1,2014-04-25,0405,Aqua,MODIS,61,6.2,290.9,7.2,D,0
-35.4219,146.4147,318.6,1.1,1,2014-04-25,0405,Aqua,MODIS,74,6.2,302.6,11.7,D,0
-35.4297,146.4284,343,1.1,1,2014-04-25,0405,Aqua,MODIS,92,6.2,303.1,46.3,D,0
-35.3628,146.7996,320.3,1,1,2014-04-25,0405,Aqua,MODIS,77,6.2,297.9,13.6,D,0
-35.2105,147.254,319,1,1,2014-04-25,0405,Aqua,MODIS,76,6.2,295.6,14.1,D,0
-35.4312,146.4165,336.1,1.1,1,2014-04-25,0405,Aqua,MODIS,89,6.2,302.4,34.2,D,0
-35.4154,146.8037,321.6,1,1,2014-04-25,0405,Aqua,MODIS,78,6.2,299.1,16.2,D,0
-36.0323,145.8383,321.8,1.1,1.1,2014-04-25,0405,Aqua,MODIS,79,6.2,299.4,19,D,0
-36.138,147.387,307.9,1,1,2014-04-25,0405,Aqua,MODIS,66,6.2,291.7,8.3,D,0
-37.7147,147.321,303.2,1.1,1,2014-04-25,0405,Aqua,MODIS,55,6.2,292.6,5.2,D,0
-35.4391,147.0561,315,1,1,2014-04-25,0405,Aqua,MODIS,71,6.2,296.2,9.4,D,0
-35.4671,147.1853,315,1,1,2014-04-25,0405,Aqua,MODIS,72,6.2,296.8,10.8,D,0
-34.9576,147.3692,319.2,1,1,2014-04-25,0405,Aqua,MODIS,76,6.2,296,14.3,D,0
-35.473,147.0694,332.6,1,1,2014-04-25,0405,Aqua,MODIS,87,6.2,294.4,30.4,D,0
-35.6389,146.9309,326.3,1,1,2014-04-25,0405,Aqua,MODIS,83,6.2,298.6,20.7,D,0
-36.3853,145.941,335.6,1.1,1.1,2014-04-25,0405,Aqua,MODIS,89,6.2,296.6,41,D,0
-36.1786,146.4487,312.7,1.1,1,2014-04-25,0405,Aqua,MODIS,71,6.2,294.6,10.8,D,0
-35.1013,146.7651,314.8,1,1,2014-04-25,0405,Aqua,MODIS,58,6.2,300.7,7.5,D,0
-35.1815,146.9283,328.6,1,1,2014-04-25,0405,Aqua,MODIS,84,6.2,299.7,22.4,D,0
-36.199,145.7241,340.4,1.2,1.1,2014-04-25,0405,Aqua,MODIS,91,6.2,301.2,48.7,D,0
-35.1116,147.101,325.1,1,1,2014-04-25,0405,Aqua,MODIS,81,6.2,299.4,18.6,D,0
-35.0963,145.8604,317.1,1.1,1.1,2014-04-25,0405,Aqua,MODIS,70,6.2,300.4,11.6,D,0
-35.1028,146.7535,319.6,1,1,2014-04-25,0405,Aqua,MODIS,75,6.2,300.8,12.1,D,0
-35.18,146.9397,312.1,1,1,2014-04-25,0405,Aqua,MODIS,59,6.2,299.5,6,D,0
-36.2572,145.7347,344.8,1.2,1.1,2014-04-25,0405,Aqua,MODIS,94,6.2,299.5,59.8,D,0
-36.0259,146.5483,309.4,1.1,1,2014-04-25,0405,Aqua,MODIS,66,6.2,297.1,6.8,D,0
-36.3922,144.8239,320,1.3,1.1,2014-04-25,0405,Aqua,MODIS,79,6.2,298.5,20.9,D,0
-35.6642,146.5882,313.9,1.1,1,2014-04-25,0405,Aqua,MODIS,64,6.2,298.3,8.2,D,0
-34.8821,145.9582,319.5,1.1,1,2014-04-25,0405,Aqua,MODIS,73,6.2,301,14.1,D,0
-35.1121,146.7553,314.7,1,1,2014-04-25,0405,Aqua,MODIS,46,6.2,299.8,7.1,D,0
-34.9546,147.2539,314.7,1,1,2014-04-25,0405,Aqua,MODIS,70,6.2,298.4,8.5,D,0
-35.3146,147.1657,308.9,1,1,2014-04-25,0405,Aqua,MODIS,60,6.2,297,5.6,D,0
-35.3551,146.7862,313.6,1,1,2014-04-25,0405,Aqua,MODIS,40,6.2,298.4,6.9,D,0
-36.3418,145.8936,318.5,1.1,1.1,2014-04-25,0405,Aqua,MODIS,78,6.2,295.8,14.8,D,0
-36.3925,146.6946,303.3,1.1,1,2014-04-25,0405,Aqua,MODIS,56,6.2,290.1,5.9,D,0
-36.3489,145.9991,332.7,1.1,1.1,2014-04-25,0405,Aqua,MODIS,88,6.2,295.5,34.5,D,0
-35.8459,146.5991,316.6,1.1,1,2014-04-25,0405,Aqua,MODIS,75,6.2,298.9,11.7,D,0
-35.8474,146.5873,314,1.1,1,2014-04-25,0405,Aqua,MODIS,72,6.2,298.1,9.3,D,0
-36.1547,146.3319,307.3,1.1,1,2014-04-25,0405,Aqua,MODIS,61,6.2,295.7,6.8,D,0
-35.3374,147.1354,337.1,1,1,2014-04-25,0405,Aqua,MODIS,89,6.2,297.8,37.5,D,0
-35.697,145.7525,352,1.1,1.1,2014-04-25,0405,Aqua,MODIS,96,6.2,299.3,76.1,D,0
-35.5244,146.5491,317.7,1.1,1,2014-04-25,0405,Aqua,MODIS,69,6.2,301.4,10.7,D,0
-36.2556,145.7476,323.1,1.2,1.1,2014-04-25,0405,Aqua,MODIS,81,6.2,297.3,21.1,D,0
-36.5148,145.5314,324.1,1.2,1.1,2014-04-25,0405,Aqua,MODIS,82,6.2,295.1,25.8,D,0
-34.8905,146.3495,315,1.1,1,2014-04-25,0405,Aqua,MODIS,66,6.2,300.8,8.3,D,0
-37.7221,143.3626,303.1,1.6,1.2,2014-04-25,0405,Aqua,MODIS,55,6.2,279.8,13.2,D,0
-35.7294,144.0198,310.3,1.4,1.2,2014-04-25,0405,Aqua,MODIS,65,6.2,298.9,9.3,D,0
-37.9571,143.5055,339,1.6,1.2,2014-04-25,0405,Aqua,MODIS,91,6.2,291.5,77.4,D,0
-37.5278,142.8999,321.7,1.7,1.3,2014-04-25,0405,Aqua,MODIS,81,6.2,274.3,44.7,D,0
-36.4751,144.046,309.9,1.4,1.2,2014-04-25,0405,Aqua,MODIS,69,6.2,297.3,9,D,0
-36.4871,143.8211,309.4,1.4,1.2,2014-04-25,0405,Aqua,MODIS,69,6.2,295.5,11.2,D,0
-36.4888,143.805,308.7,1.4,1.2,2014-04-25,0405,Aqua,MODIS,67,6.2,295.1,10.6,D,0
-35.7253,144.0137,310.5,1.4,1.2,2014-04-25,0405,Aqua,MODIS,67,6.2,298.5,9.7,D,0
-35.7122,144.5732,308.6,1.3,1.1,2014-04-25,0405,Aqua,MODIS,60,6.2,297.4,6.5,D,0
-37.8425,143.4034,310.6,1.6,1.2,2014-04-25,0405,Aqua,MODIS,70,6.2,285.1,20,D,0
-36.7506,143.5556,315.4,1.5,1.2,2014-04-25,0405,Aqua,MODIS,76,6.2,289,22.9,D,0
-36.681,142.8754,314.5,1.6,1.3,2014-04-25,0405,Aqua,MODIS,75,6.2,272.9,31.1,D,0
-37.9914,144.4276,303.6,1.4,1.2,2014-04-25,0405,Aqua,MODIS,56,6.2,292.7,5.5,D,0
-36.6827,142.8569,301.9,1.6,1.3,2014-04-25,0405,Aqua,MODIS,50,6.2,273.1,13.7,D,0
-36.6138,142.9889,311.2,1.6,1.2,2014-04-25,0405,Aqua,MODIS,71,6.2,276.8,24.5,D,0
-36.915,143.1499,306,1.6,1.2,2014-04-25,0405,Aqua,MODIS,63,6.2,281,14.1,D,0
-37.8443,143.3853,310.7,1.6,1.2,2014-04-25,0405,Aqua,MODIS,70,6.2,284.5,20.2,D,0
-36.7481,142.8716,338.6,1.6,1.3,2014-04-25,0405,Aqua,MODIS,91,6.2,273.7,88.9,D,0
-36.7498,142.853,301.6,1.6,1.3,2014-04-25,0405,Aqua,MODIS,33,6.2,272.6,12.5,D,0
-36.7496,142.8855,306.5,1.6,1.3,2014-04-25,0405,Aqua,MODIS,64,6.2,271.9,19.2,D,0
-36.7514,142.867,334.3,1.6,1.3,2014-04-25,0405,Aqua,MODIS,89,6.2,274,76.5,D,0
-37.7697,142.9729,302.9,1.7,1.3,2014-04-25,0405,Aqua,MODIS,54,6.2,268.6,16.7,D,0
-37.768,142.9921,302.9,1.7,1.3,2014-04-25,0405,Aqua,MODIS,54,6.2,269.7,16.5,D,0
-37.5376,142.9207,341.6,1.7,1.3,2014-04-25,0405,Aqua,MODIS,92,6.2,275.6,99.9,D,0
-37.4888,142.7322,301.7,1.7,1.3,2014-04-25,0405,Aqua,MODIS,32,6.2,272.9,13.4,D,0
-37.4954,142.7382,308.3,1.7,1.3,2014-04-25,0405,Aqua,MODIS,59,6.2,272.9,22.3,D,0
-37.6133,143.2047,311.2,1.6,1.2,2014-04-25,0405,Aqua,MODIS,71,6.2,272.7,26.1,D,0
-37.6205,143.1305,302.3,1.6,1.3,2014-04-25,0405,Aqua,MODIS,42,6.2,273.3,13.7,D,0
-37.5071,142.7398,304.6,1.7,1.3,2014-04-25,0405,Aqua,MODIS,56,6.2,272.5,18.2,D,0
-37.5481,143.0561,339,1.6,1.3,2014-04-25,0405,Aqua,MODIS,91,6.2,276.2,89.8,D,0
-37.9554,143.5234,312.3,1.6,1.2,2014-04-25,0405,Aqua,MODIS,54,6.2,289.3,17.4,D,0
-36.9232,142.1907,322.5,1.8,1.3,2014-04-25,0405,Aqua,MODIS,62,6.2,267.3,53.9,D,0
-36.7038,143.1192,314.1,1.6,1.2,2014-04-25,0405,Aqua,MODIS,74,6.2,286.5,24.9,D,0
-37.9317,143.4235,307,1.6,1.2,2014-04-25,0405,Aqua,MODIS,65,6.2,285.3,15,D,0
-37.673,142.7751,300.2,1.7,1.3,2014-04-25,0405,Aqua,MODIS,28,6.2,269.7,14.2,D,0
-36.796,142.3307,306.6,1.8,1.3,2014-04-25,0405,Aqua,MODIS,0,6.2,268.2,23.9,D,0
-36.5868,144.5525,316,1.3,1.1,2014-04-25,0405,Aqua,MODIS,76,6.2,295.4,16.9,D,0
-36.5852,144.5673,324.3,1.3,1.1,2014-04-25,0405,Aqua,MODIS,83,6.2,293.8,29,D,0
-36.5822,144.5572,327.1,1.3,1.1,2014-04-25,0405,Aqua,MODIS,85,6.2,296.1,32.4,D,0
-36.5806,144.572,312.7,1.3,1.1,2014-04-25,0405,Aqua,MODIS,24,6.2,293.9,11.5,D,0
-37.7908,143.4689,302.3,1.6,1.2,2014-04-25,0405,Aqua,MODIS,52,6.2,285.8,10.7,D,0
-36.6211,144.4878,323.3,1.3,1.1,2014-04-25,0405,Aqua,MODIS,82,6.2,294.2,28.3,D,0
-36.6195,144.5028,330,1.3,1.1,2014-04-25,0405,Aqua,MODIS,87,6.2,294.6,40.2,D,0
-36.7908,142.3249,368.1,1.8,1.3,2014-04-25,0405,Aqua,MODIS,0,6.2,272.1,261.3,D,0
-37.1278,143.8831,310,1.5,1.2,2014-04-25,0405,Aqua,MODIS,60,6.2,286.4,15.8,D,0
-37.5394,142.9016,313.2,1.7,1.3,2014-04-25,0405,Aqua,MODIS,66,6.2,274.2,27,D,0
-37.8233,142.2245,300.9,1.9,1.3,2014-04-25,0405,Aqua,MODIS,43,6.2,285.8,11.1,D,0
-37.8215,142.2458,301.4,1.8,1.3,2014-04-25,0405,Aqua,MODIS,47,6.2,285.1,11.9,D,0
-37.6781,142.7709,303.2,1.7,1.3,2014-04-25,0405,Aqua,MODIS,49,6.2,268.5,16.6,D,0
-37.9472,143.499,357.7,1.6,1.2,2014-04-25,0405,Aqua,MODIS,99,6.2,293.7,152.2,D,0
-37.5833,143.5114,363.9,1.5,1.2,2014-04-25,0405,Aqua,MODIS,100,6.2,283.9,187.1,D,0
-37.9335,143.4053,321.4,1.6,1.2,2014-04-25,0405,Aqua,MODIS,81,6.2,287.5,38.5,D,0
-36.676,143.4002,313,1.5,1.2,2014-04-25,0405,Aqua,MODIS,73,6.2,290.4,20.6,D,0
-37.5851,143.4937,314.3,1.5,1.2,2014-04-25,0405,Aqua,MODIS,75,6.2,280,27.2,D,0
-37.5123,143.4217,300.2,1.6,1.2,2014-04-25,0405,Aqua,MODIS,25,6.2,278,9.2,D,0
-37.5106,143.4396,303,1.6,1.2,2014-04-25,0405,Aqua,MODIS,50,6.2,277.9,11.8,D,0
-37.512,143.4286,306.5,1.6,1.2,2014-04-25,0405,Aqua,MODIS,40,6.2,278.3,15.1,D,0
-37.5558,142.9496,302.6,1.7,1.3,2014-04-25,0405,Aqua,MODIS,53,6.2,271.6,15.3,D,0
-37.6115,143.2231,310.1,1.6,1.2,2014-04-25,0405,Aqua,MODIS,70,6.2,271.8,23.9,D,0
-37.833,143.3836,339.4,1.6,1.2,2014-04-25,0405,Aqua,MODIS,91,6.2,286.6,82.5,D,0
-38.0233,143.6419,308.3,1.5,1.2,2014-04-25,0405,Aqua,MODIS,67,6.2,287.8,15,D,0
-37.5261,142.919,346.4,1.7,1.3,2014-04-25,0405,Aqua,MODIS,94,6.2,275.3,119.7,D,0
-37.4873,143.0853,300.2,1.6,1.3,2014-04-25,0405,Aqua,MODIS,31,6.2,274.5,10.8,D,0
-37.9455,143.5169,327.3,1.6,1.2,2014-04-25,0405,Aqua,MODIS,85,6.2,290.4,46.2,D,0
-37.8583,143.2384,303.8,1.6,1.2,2014-04-25,0405,Aqua,MODIS,57,6.2,277.6,14.4,D,0
-37.8313,143.4018,354.9,1.6,1.2,2014-04-25,0405,Aqua,MODIS,98,6.2,287.9,142.6,D,0
-37.5589,142.9431,301.2,1.7,1.3,2014-04-25,0405,Aqua,MODIS,38,6.2,271.5,12.8,D,0
-37.9584,143.5006,328.7,1.6,1.2,2014-04-25,0405,Aqua,MODIS,86,6.2,289.7,50.9,D,0
-36.9641,143.4614,321,1.5,1.2,2014-04-25,0405,Aqua,MODIS,81,6.2,291.6,30.4,D,0
-36.9623,143.4786,329.2,1.5,1.2,2014-04-25,0405,Aqua,MODIS,86,6.2,291.7,46.8,D,0
-37.4856,143.104,310.8,1.6,1.3,2014-04-25,0405,Aqua,MODIS,71,6.2,275.4,24.1,D,0
-37.5348,143.0734,302.8,1.6,1.3,2014-04-25,0405,Aqua,MODIS,54,6.2,274.1,14.4,D,0
-37.5462,143.0751,333.6,1.6,1.3,2014-04-25,0405,Aqua,MODIS,89,6.2,274.5,72.6,D,0
-37.5456,143.0629,353.6,1.6,1.3,2014-04-25,0405,Aqua,MODIS,97,6.2,277.1,149,D,0
-37.5439,143.0819,304.5,1.6,1.3,2014-04-25,0405,Aqua,MODIS,49,6.2,273.4,15.4,D,0
-37.5915,143.0693,305,1.6,1.3,2014-04-25,0405,Aqua,MODIS,60,6.2,276.1,17.2,D,0
-36.9689,143.0658,335,1.6,1.2,2014-04-25,0405,Aqua,MODIS,89,6.2,279.6,73.2,D,0
-37.9195,143.3107,306.1,1.6,1.2,2014-04-25,0405,Aqua,MODIS,63,6.2,282.9,16.1,D,0
-37.5422,143.6999,317.3,1.5,1.2,2014-04-25,0405,Aqua,MODIS,77,6.2,285.1,29,D,0
-36.9647,143.4683,323.1,1.5,1.2,2014-04-25,0405,Aqua,MODIS,82,6.2,291.7,33.4,D,0
-36.9767,143.104,301.8,1.6,1.2,2014-04-25,0405,Aqua,MODIS,6,6.2,281.4,10.9,D,0
-37.9567,143.5186,317.8,1.6,1.2,2014-04-25,0405,Aqua,MODIS,78,6.2,289.4,28.2,D,0
-37.5182,143.4836,348.8,1.5,1.2,2014-04-25,0405,Aqua,MODIS,95,6.2,280,115.9,D,0
-37.9457,144.2995,306.3,1.4,1.2,2014-04-25,0405,Aqua,MODIS,63,6.2,296.1,7,D,0
-37.9473,144.2833,317.7,1.4,1.2,2014-04-25,0405,Aqua,MODIS,78,6.2,295.5,21.7,D,0
-37.5182,143.4766,329.4,1.5,1.2,2014-04-25,0405,Aqua,MODIS,86,6.2,279.8,54.3,D,0
-37.5164,143.4944,323.5,1.5,1.2,2014-04-25,0405,Aqua,MODIS,82,6.2,277.8,41.9,D,0
-37.4667,143.5404,328.3,1.5,1.2,2014-04-25,0405,Aqua,MODIS,86,6.2,282.3,52.4,D,0
-36.127,143.553,324.6,1.5,1.2,2014-04-25,0405,Aqua,MODIS,83,6.2,293.7,36,D,0
-36.1253,143.5695,324.5,1.5,1.2,2014-04-25,0405,Aqua,MODIS,83,6.2,292.3,36.3,D,0
-37.465,143.5579,330.2,1.5,1.2,2014-04-25,0405,Aqua,MODIS,87,6.2,282.4,56.5,D,0
-38.0152,144.301,309.1,1.4,1.2,2014-04-25,0405,Aqua,MODIS,68,6.2,292.9,11,D,0
-33.7284,146.823,321.1,1,1,2014-04-25,0406,Aqua,MODIS,73,6.2,302.4,12.4,D,0
-32.5723,146.8836,328.4,1,1,2014-04-25,0406,Aqua,MODIS,81,6.2,303.8,19.6,D,0
-32.5237,148.7486,312.3,1,1,2014-04-25,0406,Aqua,MODIS,65,6.2,296.9,6.9,D,0
-34.5427,147.1012,325,1,1,2014-04-25,0406,Aqua,MODIS,80,6.2,302.2,16.6,D,0
-34.4083,145.8223,314.3,1.1,1,2014-04-25,0406,Aqua,MODIS,55,6.2,302.8,5.7,D,0
-34.5412,147.1123,312.2,1,1,2014-04-25,0406,Aqua,MODIS,62,6.2,301,4.4,D,0
-31.5277,149.9803,312.2,1.1,1.1,2014-04-25,0406,Aqua,MODIS,63,6.2,299.5,6.8,D,0
-32.9553,148.2637,336.8,1,1,2014-04-25,0406,Aqua,MODIS,89,6.2,300.6,32.6,D,0
-32.9569,148.253,320.2,1,1,2014-04-25,0406,Aqua,MODIS,75,6.2,297.8,12.1,D,0
-34.371,146.5278,317.7,1,1,2014-04-25,0406,Aqua,MODIS,66,6.2,302.3,8.8,D,0
-33.541,145.9343,313.9,1.1,1,2014-04-25,0406,Aqua,MODIS,48,6.2,303.5,6.4,D,0
-32.7292,148.1091,313.4,1,1,2014-04-25,0406,Aqua,MODIS,59,6.2,300.8,6.6,D,0
-34.151,147.7542,326.5,1,1,2014-04-25,0406,Aqua,MODIS,81,6.2,302,17.2,D,0
-33.8522,147.4507,321.5,1,1,2014-04-25,0406,Aqua,MODIS,75,6.2,302.8,11,D,0
-32.5738,146.8728,323.4,1,1,2014-04-25,0406,Aqua,MODIS,76,6.2,304.4,13.5,D,0
-34.2288,147.4504,364.9,1,1,2014-04-25,0406,Aqua,MODIS,100,6.2,304.5,93.7,D,0
-34.2133,147.4417,325.5,1,1,2014-04-25,0406,Aqua,MODIS,80,6.2,302.3,15.8,D,0
-34.2379,147.4523,393,1,1,2014-04-25,0406,Aqua,MODIS,100,6.2,309.2,209,D,0
-34.2134,147.7614,328.2,1,1,2014-04-25,0406,Aqua,MODIS,83,6.2,298.9,20.6,D,0
-32.7441,147.8152,314.4,1,1,2014-04-25,0406,Aqua,MODIS,42,6.2,301.5,5.6,D,0
-34.3028,147.2508,314.3,1,1,2014-04-25,0406,Aqua,MODIS,64,6.2,302.2,6.8,D,0
-33.8507,147.4615,314.7,1,1,2014-04-25,0406,Aqua,MODIS,65,6.2,302.4,4.5,D,0
-34.1495,147.765,324.5,1,1,2014-04-25,0406,Aqua,MODIS,79,6.2,301.6,15.1,D,0
-34.2119,147.7723,331.3,1,1,2014-04-25,0406,Aqua,MODIS,85,6.2,299.8,24.3,D,0
-32.8985,147.1819,314.6,1,1,2014-04-25,0406,Aqua,MODIS,61,6.2,303.6,5.9,D,0
-34.032,146.4621,314.9,1,1,2014-04-25,0406,Aqua,MODIS,53,6.2,302.1,6.3,D,0
-34.3802,146.5296,315.8,1,1,2014-04-25,0406,Aqua,MODIS,52,6.2,302.6,6.8,D,0
-34.2394,147.4413,328.1,1,1,2014-04-25,0406,Aqua,MODIS,82,6.2,302.6,18.9,D,0
-34.2273,147.4614,337.3,1,1,2014-04-25,0406,Aqua,MODIS,89,6.2,300,32.2,D,0
-34.2364,147.4632,314.5,1,1,2014-04-25,0406,Aqua,MODIS,42,6.2,300.4,6.3,D,0
-34.4148,147.5006,324.2,1,1,2014-04-25,0406,Aqua,MODIS,80,6.2,300.4,16.8,D,0
-34.4284,147.5372,319.8,1,1,2014-04-25,0406,Aqua,MODIS,75,6.2,299,11.8,D,0
-34.4163,147.4896,314,1,1,2014-04-25,0406,Aqua,MODIS,67,6.2,299.7,7.1,D,0
-34.0305,146.4735,313.9,1,1,2014-04-25,0406,Aqua,MODIS,44,6.2,303,5.2,D,0
-34.3432,146.8822,314.1,1,1,2014-04-25,0406,Aqua,MODIS,61,6.2,302.4,6.2,D,0
-33.9099,148.0265,323.7,1,1,2014-04-25,0406,Aqua,MODIS,79,6.2,299.2,17.1,D,0
-33.9114,148.0157,315.9,1,1,2014-04-25,0406,Aqua,MODIS,70,6.2,297.9,10.2,D,0
-33.8791,148.1759,311,1,1,2014-04-25,0406,Aqua,MODIS,55,6.2,297.2,6.4,D,0
-34.3278,148.055,341.2,1,1,2014-04-25,0406,Aqua,MODIS,91,6.2,298.5,41.4,D,0
-34.0264,148.3645,311.3,1,1,2014-04-25,0406,Aqua,MODIS,57,6.2,292.4,9,D,0
-33.3523,148.6233,350.1,1,1,2014-04-25,0406,Aqua,MODIS,96,6.2,300,58.6,D,0
-33.719,148.0744,332.4,1,1,2014-04-25,0406,Aqua,MODIS,86,6.2,299.7,27,D,0
-33.6497,148.0419,314.8,1,1,2014-04-25,0406,Aqua,MODIS,68,6.2,299.6,7.4,D,0
-33.9377,147.8318,312.5,1,1,2014-04-25,0406,Aqua,MODIS,57,6.2,299.8,4,D,0
-33.9392,147.821,318.7,1,1,2014-04-25,0406,Aqua,MODIS,73,6.2,300,9.1,D,0
-34.8468,143.2067,308.5,1.5,1.2,2014-04-25,0406,Aqua,MODIS,59,6.2,283.1,13.2,D,0
-34.8451,143.2231,322.1,1.5,1.2,2014-04-25,0406,Aqua,MODIS,79,6.2,285.1,33,D,0
-31.308,148.3821,316.8,1,1,2014-04-25,0406,Aqua,MODIS,63,6.2,303.2,8.6,D,0
-30.4018,148.2209,323.2,1,1,2014-04-25,0407,Aqua,MODIS,62,6.2,307.4,9.7,D,0
-30.3927,148.2191,321,1,1,2014-04-25,0407,Aqua,MODIS,57,6.2,306.2,6.7,D,0
-28.5147,149.4693,321.6,1.2,1.1,2014-04-25,0407,Aqua,MODIS,64,6.2,305.1,9.8,D,0
-29.0114,148.7425,328,1.1,1,2014-04-25,0407,Aqua,MODIS,70,6.2,307.7,17.3,D,0
-29.0038,148.7294,349.9,1.1,1,2014-04-25,0407,Aqua,MODIS,94,6.2,307,56.8,D,0
-29.6354,153.2963,322.3,1.9,1.3,2014-04-25,0407,Aqua,MODIS,65,6.2,288.7,44.7,D,0
-29.019,148.7556,344.8,1.1,1,2014-04-25,0407,Aqua,MODIS,91,6.2,306.3,46.4,D,0
-29.0242,148.7223,317.9,1.1,1,2014-04-25,0407,Aqua,MODIS,23,6.2,305.2,5.8,D,0
-28.4402,147.9176,327.4,1,1,2014-04-25,0407,Aqua,MODIS,75,6.2,310.5,13.4,D,0
-29.002,148.7405,357.2,1.1,1,2014-04-25,0407,Aqua,MODIS,98,6.2,306.8,76.9,D,0
-28.78,147.8579,335.5,1,1,2014-04-25,0407,Aqua,MODIS,84,6.2,309.5,24.2,D,0
-28.7784,147.8684,342.8,1,1,2014-04-25,0407,Aqua,MODIS,90,6.2,309.6,36.8,D,0
-28.5153,148.9558,323.9,1.1,1.1,2014-04-25,0407,Aqua,MODIS,70,6.2,309.4,9.8,D,0
-28.5186,149.4454,326.8,1.2,1.1,2014-04-25,0407,Aqua,MODIS,76,6.2,306.6,15.3,D,0
-28.5167,149.4574,336.3,1.2,1.1,2014-04-25,0407,Aqua,MODIS,86,6.2,306.9,32.3,D,0
-30.5462,145.158,321,1.1,1,2014-04-25,0407,Aqua,MODIS,57,6.2,310.3,6.9,D,0
-29.0207,148.7444,329.5,1.1,1,2014-04-25,0407,Aqua,MODIS,76,6.2,307.4,19.2,D,0
-28.7709,147.8561,331.8,1,1,2014-04-25,0407,Aqua,MODIS,81,6.2,309.4,19.5,D,0
-28.3667,148.3335,323,1.1,1,2014-04-25,0407,Aqua,MODIS,67,6.2,308.5,9.8,D,0
-28.9138,148.1264,323.4,1,1,2014-04-25,0407,Aqua,MODIS,67,6.2,307.8,11,D,0
-29.0003,148.7517,319.1,1.1,1,2014-04-25,0407,Aqua,MODIS,33,6.2,304.3,7.3,D,0
-29.6397,153.3049,334.3,1.9,1.3,2014-04-25,0407,Aqua,MODIS,65,6.2,292,81.6,D,0
-26.8778,149.9836,321.7,1.3,1.1,2014-04-25,0407,Aqua,MODIS,69,6.2,303.2,16.4,D,0
-26.8756,149.9968,320.1,1.3,1.1,2014-04-25,0407,Aqua,MODIS,67,6.2,303.9,14.4,D,0
-26.7974,150.2026,318.5,1.4,1.2,2014-04-25,0407,Aqua,MODIS,64,6.2,306.6,9.5,D,2
-25.2093,149.168,314.4,1.3,1.1,2014-04-25,0408,Aqua,MODIS,53,6.2,301,9.6,D,0
-25.9393,152.4282,310.1,2,1.4,2014-04-25,0408,Aqua,MODIS,49,6.2,295.2,15.3,D,0
-23.6483,146.6625,323.9,1,1,2014-04-25,0408,Aqua,MODIS,73,6.2,306.1,14.2,D,0
-25.2284,152.0439,313.2,1.9,1.4,2014-04-25,0408,Aqua,MODIS,51,6.2,295,20.7,D,0
-23.6392,146.6608,330.2,1,1,2014-04-25,0408,Aqua,MODIS,81,6.2,304,21.9,D,0
-34.3652,116.4263,313.8,2,1.4,2014-04-25,0545,Aqua,MODIS,59,6.2,292.4,27.4,D,0
-33.6851,116.5058,315.5,1.9,1.3,2014-04-25,0545,Aqua,MODIS,66,6.2,293.3,25.4,D,0
-32.8651,118.9925,347.2,1.3,1.1,2014-04-25,0545,Aqua,MODIS,94,6.2,287.2,81.6,D,0
-33.1939,118.041,316.9,1.5,1.2,2014-04-25,0545,Aqua,MODIS,72,6.2,299.2,16.7,D,0
-33.4895,118.158,322.7,1.5,1.2,2014-04-25,0545,Aqua,MODIS,75,6.2,299.3,25.6,D,0
-33.5703,116.8898,325.4,1.8,1.3,2014-04-25,0545,Aqua,MODIS,81,6.2,294.5,41.4,D,0
-32.8754,118.9943,352.8,1.3,1.1,2014-04-25,0545,Aqua,MODIS,97,6.2,291.7,98.8,D,0
-33.1945,118.0465,324,1.5,1.2,2014-04-25,0545,Aqua,MODIS,79,6.2,299.1,26.8,D,0
-33.6832,116.5267,308.2,1.9,1.3,2014-04-25,0545,Aqua,MODIS,26,6.2,291,11.1,D,0
-33.1972,116.6188,351,1.8,1.3,2014-04-25,0545,Aqua,MODIS,96,6.2,295.5,145.4,D,0
-33.1922,118.0571,320.5,1.5,1.2,2014-04-25,0545,Aqua,MODIS,76,6.2,298.3,21.5,D,0
-33.7771,117.0732,323.2,1.8,1.3,2014-04-25,0545,Aqua,MODIS,73,6.2,300,36.5,D,0
-31.6747,116.8163,313.1,1.7,1.3,2014-04-25,0545,Aqua,MODIS,53,6.2,292.2,10.7,D,0
-32.7397,117.9279,316.8,1.5,1.2,2014-04-25,0545,Aqua,MODIS,0,6.2,288.3,20.5,D,0
-18.2953,128.2104,332.3,3.1,1.7,2014-04-25,0548,Aqua,MODIS,79,6.2,305.4,99.6,D,0
-18.1707,128.3688,330.6,3.2,1.7,2014-04-25,0548,Aqua,MODIS,77,6.2,304.3,97.6,D,0
-18.2277,128.3189,320.9,3.2,1.7,2014-04-25,0548,Aqua,MODIS,32,6.2,304.8,35.7,D,0
-22.8206,122.4568,328.4,1.1,1,2014-04-25,0548,Aqua,MODIS,63,6.2,314.2,10.5,D,0
-22.8062,122.4475,328,1.1,1,2014-04-25,0548,Aqua,MODIS,63,6.2,314.4,10.3,D,0
-18.2939,128.2178,341.7,3.1,1.7,2014-04-25,0548,Aqua,MODIS,88,6.2,305.6,174.7,D,0
-18.2881,128.2471,324.3,3.1,1.7,2014-04-25,0548,Aqua,MODIS,66,6.2,304.4,50.9,D,0
-18.2823,128.2766,324,3.2,1.7,2014-04-25,0548,Aqua,MODIS,64,6.2,304,52.6,D,0
-18.1808,128.3352,320.7,3.2,1.7,2014-04-25,0548,Aqua,MODIS,34,6.2,303.3,33.2,D,0
-20.2952,123.6857,332.6,1.4,1.2,2014-04-25,0548,Aqua,MODIS,62,6.2,315.5,18.7,D,0
-20.3097,123.662,355.6,1.4,1.2,2014-04-25,0548,Aqua,MODIS,97,6.2,314.4,86.6,D,0
-22.8223,122.4462,330.3,1.1,1,2014-04-25,0548,Aqua,MODIS,70,6.2,313.8,12.9,D,0
-18.2241,128.2567,322.4,3.2,1.7,2014-04-25,0548,Aqua,MODIS,53,6.2,304.6,36.3,D,0
-18.1752,128.365,328.6,3.2,1.7,2014-04-25,0548,Aqua,MODIS,74,6.2,304,82.9,D,0
-18.2898,128.2396,332.3,3.1,1.7,2014-04-25,0548,Aqua,MODIS,79,6.2,305.1,101.8,D,0
-18.1765,128.339,326.4,3.2,1.7,2014-04-25,0548,Aqua,MODIS,70,6.2,304,66.7,D,0
-18.2842,128.2692,320.4,3.2,1.7,2014-04-25,0548,Aqua,MODIS,37,6.2,303.8,32.2,D,0
-18.2786,128.2988,319.6,3.2,1.7,2014-04-25,0548,Aqua,MODIS,20,6.2,304,30.6,D,0
-22.923,122.4487,333.2,1.1,1,2014-04-25,0548,Aqua,MODIS,76,6.2,310.3,18.9,D,0
-21.3604,119.9719,351.9,1,1,2014-04-25,0548,Aqua,MODIS,95,6.2,290.2,56.3,D,0
-21.3514,119.9705,331.4,1,1,2014-04-25,0548,Aqua,MODIS,52,6.2,286.2,20.8,D,0
-21.6681,118.6728,342.6,1.1,1,2014-04-25,0548,Aqua,MODIS,90,6.2,306.7,35.9,D,0
-21.6695,118.6626,331,1.1,1,2014-04-25,0548,Aqua,MODIS,79,6.2,306.9,16.3,D,0
-21.6589,118.6714,330.7,1.1,1,2014-04-25,0548,Aqua,MODIS,79,6.2,304.9,16.4,D,0
-21.6602,118.6612,327,1.1,1,2014-04-25,0548,Aqua,MODIS,74,6.2,305.8,11.1,D,0
-21.6643,118.6306,337.2,1.1,1,2014-04-25,0548,Aqua,MODIS,86,6.2,308,24.7,D,0
-21.6578,118.6088,333.7,1.1,1,2014-04-25,0548,Aqua,MODIS,82,6.2,309.8,18.1,D,0
-21.6458,118.6278,346.7,1.1,1,2014-04-25,0548,Aqua,MODIS,92,6.2,308.2,41,D,0
-21.6472,118.6176,351.2,1.1,1,2014-04-25,0548,Aqua,MODIS,95,6.2,310.5,51.3,D,0
-21.6379,118.6161,330.7,1.1,1,2014-04-25,0548,Aqua,MODIS,68,6.2,309.3,13.1,D,0
-18.2392,128.0204,334.5,3,1.7,2014-04-25,0548,Aqua,MODIS,81,6.2,304,109,D,0
-18.2412,128.016,330.1,3,1.7,2014-04-25,0548,Aqua,MODIS,76,6.2,304,82.9,D,0
-18.2112,128.1631,324.8,3.1,1.7,2014-04-25,0548,Aqua,MODIS,42,6.2,303.6,44.3,D,0
-18.1962,128.1602,341.7,3.1,1.7,2014-04-25,0548,Aqua,MODIS,88,6.2,304.1,166.7,D,0
-18.2251,128.1017,322.6,3.1,1.7,2014-04-25,0548,Aqua,MODIS,32,6.2,305.2,36.5,D,0
-18.1939,128.1842,322.5,3.1,1.7,2014-04-25,0548,Aqua,MODIS,43,6.2,304.3,36.7,D,0
-18.1993,128.1562,340.7,3.1,1.7,2014-04-25,0548,Aqua,MODIS,87,6.2,304.1,163.4,D,0
-18.35,128.1692,326.3,3.1,1.7,2014-04-25,0548,Aqua,MODIS,70,6.2,305.5,59,D,0
-18.3555,128.1405,321.4,3.1,1.7,2014-04-25,0548,Aqua,MODIS,55,6.2,305,29.7,D,0
-18.322,128.075,321.6,3,1.7,2014-04-25,0548,Aqua,MODIS,56,6.2,305.5,31.6,D,0
-18.3275,128.0468,322.6,3,1.7,2014-04-25,0548,Aqua,MODIS,60,6.2,304.7,38,D,0
-18.3224,128.0674,325.2,3,1.7,2014-04-25,0548,Aqua,MODIS,67,6.2,305.4,50.9,D,0
-18.2358,128.0446,325.8,3,1.7,2014-04-25,0548,Aqua,MODIS,60,6.2,303.4,54.4,D,0
-14.9876,125.6522,317.6,2.3,1.5,2014-04-25,0549,Aqua,MODIS,62,6.2,301.8,22.9,D,0
-15.8077,125.5385,322,2.2,1.4,2014-04-25,0549,Aqua,MODIS,69,6.2,307.7,27.4,D,0
-16.9157,125.3761,324.3,2.1,1.4,2014-04-25,0549,Aqua,MODIS,52,6.2,309.5,20.1,D,0
-18.2063,128.038,328.5,3,1.7,2014-04-25,0549,Aqua,MODIS,73,6.2,303.5,73.4,D,0
-18.2008,128.0667,328.4,3.1,1.7,2014-04-25,0549,Aqua,MODIS,70,6.2,304.4,71.4,D,0
-16.253,129.2775,320.6,4.1,1.9,2014-04-25,0549,Aqua,MODIS,54,6.2,298.4,64.3,D,0
-18.064,124.075,335.8,1.6,1.2,2014-04-25,0549,Aqua,MODIS,80,6.2,313.6,37.5,D,0
-16.4539,124.6133,322.9,1.8,1.3,2014-04-25,0549,Aqua,MODIS,68,6.2,305.1,26.4,D,0
-16.1321,126.5492,329.4,2.6,1.6,2014-04-25,0549,Aqua,MODIS,76,6.2,304.5,67,D,0
-15.8374,126.649,327.4,2.7,1.6,2014-04-25,0549,Aqua,MODIS,77,6.2,302.9,68.4,D,0
-17.8504,128.3037,324.4,3.2,1.7,2014-04-25,0549,Aqua,MODIS,57,6.2,305,46.2,D,0
-15.666,126.534,325.7,2.7,1.6,2014-04-25,0549,Aqua,MODIS,36,6.2,300.5,58.7,D,0
-15.68,126.5364,324.1,2.7,1.6,2014-04-25,0549,Aqua,MODIS,52,6.2,300.9,53.8,D,0
-17.8608,128.3107,320.6,3.2,1.7,2014-04-25,0549,Aqua,MODIS,29,6.2,304.2,25.7,D,0
-15.8406,124.8243,319.8,2,1.4,2014-04-25,0549,Aqua,MODIS,46,6.2,301.9,21.4,D,0
-18.0814,128.4402,319.8,3.3,1.7,2014-04-25,0549,Aqua,MODIS,30,6.2,304,32.6,D,0
-16.368,126.6453,338.7,2.6,1.6,2014-04-25,0549,Aqua,MODIS,87,6.2,305.6,122,D,0
-15.9572,126.7625,326,2.7,1.6,2014-04-25,0549,Aqua,MODIS,54,6.2,304,52.9,D,0
-15.9036,126.8,322.1,2.8,1.6,2014-04-25,0549,Aqua,MODIS,33,6.2,301.9,38.5,D,0
-16.1374,126.6001,328.6,2.6,1.6,2014-04-25,0549,Aqua,MODIS,78,6.2,304,66.9,D,0
-16.3632,126.6708,325.8,2.6,1.6,2014-04-25,0549,Aqua,MODIS,72,6.2,306.2,50.2,D,0
-16.1182,126.5465,328.5,2.6,1.6,2014-04-25,0549,Aqua,MODIS,77,6.2,303,63.8,D,0
-16.1331,126.6245,328,2.6,1.6,2014-04-25,0549,Aqua,MODIS,77,6.2,303.2,62.2,D,0
-16.1288,126.649,343.6,2.7,1.6,2014-04-25,0549,Aqua,MODIS,91,6.2,305.2,161.2,D,0
-16.136,126.5548,329.6,2.6,1.6,2014-04-25,0549,Aqua,MODIS,62,6.2,304.4,67.4,D,0
-16.1316,126.5786,351.1,2.6,1.6,2014-04-25,0549,Aqua,MODIS,95,6.2,305.9,217.8,D,0
-16.1271,126.6031,323.4,2.6,1.6,2014-04-25,0549,Aqua,MODIS,69,6.2,303,43.7,D,0
-16.141,126.6058,327.9,2.6,1.6,2014-04-25,0549,Aqua,MODIS,76,6.2,303.8,63.7,D,0
-16.1365,126.6302,333.7,2.6,1.6,2014-04-25,0549,Aqua,MODIS,83,6.2,303.7,94.5,D,0
-16.132,126.6547,353.8,2.7,1.6,2014-04-25,0549,Aqua,MODIS,96,6.2,305.9,247.5,D,0
-16.4612,126.7664,322.4,2.7,1.6,2014-04-25,0549,Aqua,MODIS,65,6.2,307,33.3,D,0
-16.45,126.6936,322.9,2.6,1.6,2014-04-25,0549,Aqua,MODIS,66,6.2,306,35.6,D,0
-16.4642,126.7724,322.4,2.7,1.6,2014-04-25,0549,Aqua,MODIS,65,6.2,307.7,35.2,D,0
-16.3771,126.6736,322,2.6,1.6,2014-04-25,0549,Aqua,MODIS,58,6.2,305.6,32.8,D,0
-16.409,126.5787,321.4,2.6,1.5,2014-04-25,0549,Aqua,MODIS,56,6.2,304.7,35.2,D,0
-16.1221,126.5523,332.2,2.6,1.6,2014-04-25,0549,Aqua,MODIS,76,6.2,303.6,81,D,0
-16.4007,126.78,325.8,2.7,1.6,2014-04-25,0549,Aqua,MODIS,72,6.2,305.9,45.9,D,0
-16.4465,126.6873,320.2,2.6,1.6,2014-04-25,0549,Aqua,MODIS,55,6.2,306,25.1,D,0
-17.2083,126.5476,326.8,2.5,1.5,2014-04-25,0549,Aqua,MODIS,64,6.2,308.8,43.5,D,0
-15.9894,126.6651,317.6,2.7,1.6,2014-04-25,0549,Aqua,MODIS,24,6.2,302.9,23.8,D,0
-15.9941,126.6734,323,2.7,1.6,2014-04-25,0549,Aqua,MODIS,63,6.2,303.9,44.1,D,0
-16.1929,126.7178,318.8,2.7,1.6,2014-04-25,0549,Aqua,MODIS,41,6.2,304.9,23.1,D,0
-15.6706,126.5524,332,2.7,1.6,2014-04-25,0549,Aqua,MODIS,57,6.2,303.4,88.3,D,0
-16.1884,126.7429,323.9,2.7,1.6,2014-04-25,0549,Aqua,MODIS,70,6.2,305.2,44.4,D,0
-16.1835,126.7236,326.3,2.7,1.6,2014-04-25,0549,Aqua,MODIS,74,6.2,307.5,55.7,D,0
-15.8373,126.682,319.7,2.7,1.6,2014-04-25,0549,Aqua,MODIS,26,6.2,302.9,32.5,D,0
-16.4547,126.5628,326,2.6,1.5,2014-04-25,0549,Aqua,MODIS,73,6.2,305.2,51.2,D,0
-16.4504,126.5867,325.2,2.6,1.5,2014-04-25,0549,Aqua,MODIS,71,6.2,306.3,47.4,D,0
-16.1789,126.7486,320.6,2.7,1.6,2014-04-25,0549,Aqua,MODIS,60,6.2,305.4,30.5,D,0
-16.6798,126.5722,320.8,2.5,1.5,2014-04-25,0549,Aqua,MODIS,59,6.2,307.1,26,D,0
-16.6845,126.5781,320.9,2.5,1.5,2014-04-25,0549,Aqua,MODIS,59,6.2,307.4,25.5,D,0
-18.0755,128.4706,320.9,3.3,1.7,2014-04-25,0549,Aqua,MODIS,51,6.2,302.2,40.7,D,0
-15.8375,124.7689,318.5,1.9,1.4,2014-04-25,0549,Aqua,MODIS,33,6.2,302.4,16.6,D,0
-17.2124,126.525,325.6,2.5,1.5,2014-04-25,0549,Aqua,MODIS,54,6.2,308.6,36.6,D,0
-17.1989,126.5218,339,2.5,1.5,2014-04-25,0549,Aqua,MODIS,86,6.2,310.1,102.6,D,0
-16.3006,124.5026,343.4,1.8,1.3,2014-04-25,0549,Aqua,MODIS,91,6.2,306.3,93.5,D,0
-18.079,128.4633,320.1,3.3,1.7,2014-04-25,0549,Aqua,MODIS,31,6.2,302.5,35.9,D,0
-16.3152,124.4881,327,1.8,1.3,2014-04-25,0549,Aqua,MODIS,76,6.2,305,35,D,0
-17.203,126.4992,332.7,2.5,1.5,2014-04-25,0549,Aqua,MODIS,63,6.2,307.6,64.2,D,0
-16.3124,124.5049,325.4,1.8,1.3,2014-04-25,0549,Aqua,MODIS,64,6.2,303.8,29.7,D,0
-15.7817,126.7156,328.7,2.7,1.6,2014-04-25,0549,Aqua,MODIS,78,6.2,301.2,81.4,D,0
-15.7862,126.6909,317.6,2.7,1.6,2014-04-25,0549,Aqua,MODIS,25,6.2,298.8,29.3,D,0
-16.2935,124.5069,317.8,1.8,1.3,2014-04-25,0549,Aqua,MODIS,32,6.2,304,12.7,D,0
-16.3083,124.4921,331.8,1.8,1.3,2014-04-25,0549,Aqua,MODIS,81,6.2,306.8,49.3,D,0
-16.3718,126.6651,328.6,2.6,1.6,2014-04-25,0549,Aqua,MODIS,77,6.2,305.7,66.5,D,0
-16.3579,126.6623,344,2.6,1.6,2014-04-25,0549,Aqua,MODIS,91,6.2,306.6,161.2,D,0
-16.2284,126.4818,316.5,2.6,1.5,2014-04-25,0549,Aqua,MODIS,32,6.2,302.6,18.9,D,0
-16.3626,126.6367,349.5,2.6,1.6,2014-04-25,0549,Aqua,MODIS,94,6.2,306.3,203.5,D,0
-16.344,126.6597,335.2,2.6,1.6,2014-04-25,0549,Aqua,MODIS,84,6.2,305.2,102.5,D,0
-16.3486,126.6345,356.6,2.6,1.6,2014-04-25,0549,Aqua,MODIS,98,6.2,306.9,270.8,D,0
-16.3302,126.6568,321.2,2.6,1.6,2014-04-25,0549,Aqua,MODIS,63,6.2,304.2,34.8,D,0
-16.3347,126.632,342.5,2.6,1.6,2014-04-25,0549,Aqua,MODIS,90,6.2,304.6,151.9,D,0
-16.3208,126.6293,334,2.6,1.6,2014-04-25,0549,Aqua,MODIS,83,6.2,304.3,96.3,D,0
-16.0257,126.5038,327.7,2.6,1.5,2014-04-25,0549,Aqua,MODIS,76,6.2,301.7,64.2,D,0
-16.0337,126.4981,319.2,2.6,1.5,2014-04-25,0549,Aqua,MODIS,60,6.2,301.2,33.1,D,0
-16.0294,126.5221,324,2.6,1.6,2014-04-25,0549,Aqua,MODIS,71,6.2,302.2,51.3,D,0
-16.3054,124.5091,344.9,1.8,1.3,2014-04-25,0549,Aqua,MODIS,91,6.2,305.2,100,D,0
-16.3962,126.8046,329.9,2.7,1.6,2014-04-25,0549,Aqua,MODIS,78,6.2,306.2,67.5,D,0
-15.7244,124.6674,322.6,1.9,1.4,2014-04-25,0549,Aqua,MODIS,54,6.2,303.1,25.1,D,0
-15.7216,124.6617,324.5,1.9,1.4,2014-04-25,0549,Aqua,MODIS,64,6.2,303.9,27.8,D,0
-16.1491,126.4834,324.1,2.6,1.5,2014-04-25,0549,Aqua,MODIS,32,6.2,303.7,42.2,D,0
-16.1447,126.4775,323,2.6,1.5,2014-04-25,0549,Aqua,MODIS,58,6.2,303.3,39.7,D,0
-15.4202,124.7585,337.7,2,1.4,2014-04-25,0549,Aqua,MODIS,87,6.2,298.8,84.1,D,0
-16.9722,126.7552,319.4,2.6,1.5,2014-04-25,0549,Aqua,MODIS,47,6.2,305.8,26.3,D,0
-16.9889,124.0943,321.5,1.6,1.3,2014-04-25,0549,Aqua,MODIS,42,6.2,308.4,10.7,D,0
-16.865,126.6757,327.4,2.6,1.5,2014-04-25,0549,Aqua,MODIS,73,6.2,306.7,56.7,D,0
-16.8606,126.6701,327.8,2.6,1.5,2014-04-25,0549,Aqua,MODIS,74,6.2,306.6,58.3,D,0
-15.4292,124.7528,352,2,1.4,2014-04-25,0549,Aqua,MODIS,96,6.2,299.6,156.3,D,0
-16.804,126.5123,322.6,2.5,1.5,2014-04-25,0549,Aqua,MODIS,64,6.2,308.3,30.2,D,0
-16.3151,126.4741,322.4,2.5,1.5,2014-04-25,0549,Aqua,MODIS,67,6.2,304.1,40.5,D,0
-15.8253,124.7671,318.1,1.9,1.4,2014-04-25,0549,Aqua,MODIS,9,6.2,303.2,17,D,0
-16.28,126.5906,324.1,2.6,1.6,2014-04-25,0549,Aqua,MODIS,56,6.2,304.5,44.5,D,0
-15.4906,124.716,324.4,2,1.4,2014-04-25,0549,Aqua,MODIS,61,6.2,300.4,30.8,D,0
-16.3033,126.6208,333.5,2.6,1.6,2014-04-25,0549,Aqua,MODIS,54,6.2,304.2,84.8,D,0
-16.2838,126.5967,332.7,2.6,1.6,2014-04-25,0549,Aqua,MODIS,81,6.2,304.2,87.2,D,0
-16.2977,126.5991,326.3,2.6,1.6,2014-04-25,0549,Aqua,MODIS,56,6.2,303.7,52.3,D,0
-16.293,126.6242,325.9,2.6,1.6,2014-04-25,0549,Aqua,MODIS,52,6.2,303.9,50.9,D,0
-16.3069,126.6269,329.6,2.6,1.6,2014-04-25,0549,Aqua,MODIS,78,6.2,304,71.2,D,0
-15.4321,124.7353,335.3,2,1.4,2014-04-25,0549,Aqua,MODIS,85,6.2,299.9,73.8,D,0
-15.4138,124.7689,328.6,2,1.4,2014-04-25,0549,Aqua,MODIS,79,6.2,298.6,49.3,D,0
-16.3335,126.4829,318.2,2.5,1.5,2014-04-25,0549,Aqua,MODIS,23,6.2,304.2,22.2,D,0
-16.3197,126.4803,318.3,2.5,1.5,2014-04-25,0549,Aqua,MODIS,43,6.2,304.3,24.2,D,0
-17.5289,123.8324,329.9,1.5,1.2,2014-04-25,0549,Aqua,MODIS,54,6.2,311.2,25.5,D,0
-17.5314,123.818,331.8,1.5,1.2,2014-04-25,0549,Aqua,MODIS,62,6.2,308.2,30.4,D,0
-15.3983,124.7856,336.9,2,1.4,2014-04-25,0549,Aqua,MODIS,84,6.2,302.7,74.9,D,0
-15.4168,124.751,319.3,2,1.4,2014-04-25,0549,Aqua,MODIS,30,6.2,298.3,22.8,D,0
-16.9567,124.8346,324.7,1.9,1.3,2014-04-25,0549,Aqua,MODIS,68,6.2,307.5,23.4,D,0
-17.5291,123.827,330.6,1.5,1.2,2014-04-25,0549,Aqua,MODIS,58,6.2,310.4,25.3,D,0
-15.4325,124.7603,330.2,2,1.4,2014-04-25,0549,Aqua,MODIS,68,6.2,298.4,53.1,D,0
-17.5166,123.7654,327.8,1.5,1.2,2014-04-25,0549,Aqua,MODIS,71,6.2,306.2,23.7,D,0
-17.5189,123.7512,332.3,1.5,1.2,2014-04-25,0549,Aqua,MODIS,78,6.2,306.5,35.5,D,0
-17.5056,123.7635,339.5,1.5,1.2,2014-04-25,0549,Aqua,MODIS,86,6.2,308.9,53.7,D,0
-17.508,123.7492,328.8,1.5,1.2,2014-04-25,0549,Aqua,MODIS,73,6.2,307.6,25.9,D,0
-15.4189,124.9106,334,2,1.4,2014-04-25,0549,Aqua,MODIS,84,6.2,304,64.5,D,0
-15.4221,124.8919,324.6,2,1.4,2014-04-25,0549,Aqua,MODIS,31,6.2,303.8,30.7,D,0
-15.4166,124.9029,333,2,1.4,2014-04-25,0549,Aqua,MODIS,74,6.2,304.6,59.4,D,0
-16.3288,126.4768,320.9,2.5,1.5,2014-04-25,0549,Aqua,MODIS,63,6.2,304.5,33.4,D,0
-15.4356,124.7427,351.4,2,1.4,2014-04-25,0549,Aqua,MODIS,95,6.2,300.5,150.5,D,0
-15.6475,126.5557,330.3,2.7,1.6,2014-04-25,0549,Aqua,MODIS,66,6.2,300.9,81.8,D,0
-17.3746,125.6129,319.6,2.1,1.4,2014-04-25,0549,Aqua,MODIS,16,6.2,306.7,14.4,D,0
-16.1279,126.5728,350.5,2.6,1.6,2014-04-25,0549,Aqua,MODIS,95,6.2,305.5,212.2,D,0
-15.8419,126.6572,329.5,2.7,1.6,2014-04-25,0549,Aqua,MODIS,79,6.2,303.4,80.1,D,0
-16.4419,124.6116,322.5,1.8,1.3,2014-04-25,0549,Aqua,MODIS,67,6.2,306.4,25.4,D,0
-15.5933,124.5755,317.9,1.9,1.3,2014-04-25,0549,Aqua,MODIS,58,6.2,301.9,16.8,D,0
-16.4622,124.4921,349.4,1.8,1.3,2014-04-25,0549,Aqua,MODIS,94,6.2,306.2,123.2,D,0
-15.9766,124.7073,322.7,1.9,1.3,2014-04-25,0549,Aqua,MODIS,69,6.2,304.3,25.3,D,0
-15.9843,124.6977,324,1.9,1.3,2014-04-25,0549,Aqua,MODIS,72,6.2,305.2,28.6,D,0
-15.9812,124.7152,318.3,1.9,1.3,2014-04-25,0549,Aqua,MODIS,29,6.2,303.5,13.4,D,0
-16.8,124.5304,324.3,1.8,1.3,2014-04-25,0549,Aqua,MODIS,68,6.2,307.7,23.9,D,0
-15.5039,124.873,323.3,2,1.4,2014-04-25,0549,Aqua,MODIS,64,6.2,302.6,31.6,D,0
-15.5087,124.9082,325.2,2,1.4,2014-04-25,0549,Aqua,MODIS,42,6.2,303.6,33.8,D,0
-16.4811,125.0883,321.2,2,1.4,2014-04-25,0549,Aqua,MODIS,56,6.2,307,22.2,D,0
-15.5006,124.8914,325.7,2,1.4,2014-04-25,0549,Aqua,MODIS,70,6.2,303.3,37.8,D,0
-16.3179,124.4717,320.6,1.8,1.3,2014-04-25,0549,Aqua,MODIS,49,6.2,305,19.1,D,0
-15.8375,124.842,329.7,2,1.4,2014-04-25,0549,Aqua,MODIS,79,6.2,300.9,52,D,0
-15.8465,124.9374,329.6,2,1.4,2014-04-25,0549,Aqua,MODIS,38,6.2,301.6,44.3,D,0
-16.3112,124.4758,327.1,1.8,1.3,2014-04-25,0549,Aqua,MODIS,75,6.2,306.1,35.2,D,0
-15.6578,124.9734,324.8,2,1.4,2014-04-25,0549,Aqua,MODIS,74,6.2,303.8,34.3,D,0
-16.465,124.4758,326.7,1.8,1.3,2014-04-25,0549,Aqua,MODIS,70,6.2,303.7,36.2,D,0
-15.8434,124.9559,342,2,1.4,2014-04-25,0549,Aqua,MODIS,90,6.2,302.4,97.8,D,0
-16.4385,124.4885,317.9,1.8,1.3,2014-04-25,0549,Aqua,MODIS,51,6.2,305.1,16.5,D,0
-15.8477,124.9426,342.9,2,1.4,2014-04-25,0549,Aqua,MODIS,90,6.2,302.1,102.9,D,0
-15.4997,124.8861,326.8,2,1.4,2014-04-25,0549,Aqua,MODIS,43,6.2,303.3,38.4,D,0
-15.6826,124.9779,326.6,2,1.4,2014-04-25,0549,Aqua,MODIS,76,6.2,303.2,38.9,D,0
-15.7694,124.9939,326.8,2,1.4,2014-04-25,0549,Aqua,MODIS,76,6.2,305.1,39.8,D,0
-15.7716,125.0019,319.7,2,1.4,2014-04-25,0549,Aqua,MODIS,63,6.2,304.7,20.5,D,0
-15.5161,124.8761,320.5,2,1.4,2014-04-25,0549,Aqua,MODIS,38,6.2,304,23.6,D,0
-15.7626,124.9805,319.3,2,1.4,2014-04-25,0549,Aqua,MODIS,52,6.2,304.1,18.9,D,0
-15.7749,124.9829,321.2,2,1.4,2014-04-25,0549,Aqua,MODIS,67,6.2,305.4,24.3,D,0
-15.8445,124.961,341.2,2,1.4,2014-04-25,0549,Aqua,MODIS,89,6.2,302.4,95.5,D,0
-15.4684,124.92,322.6,2,1.4,2014-04-25,0549,Aqua,MODIS,63,6.2,301.8,31.7,D,0
-16.5885,124.5475,330.3,1.8,1.3,2014-04-25,0549,Aqua,MODIS,74,6.2,305.1,38.9,D,0
-16.5791,124.5559,324.5,1.8,1.3,2014-04-25,0549,Aqua,MODIS,53,6.2,307,18.5,D,0
-16.5819,124.5394,327.5,1.8,1.3,2014-04-25,0549,Aqua,MODIS,66,6.2,307.6,27.7,D,0
-15.5095,124.9138,326.9,2,1.4,2014-04-25,0549,Aqua,MODIS,59,6.2,303.8,41,D,0
-15.8716,125.0245,323.3,2,1.4,2014-04-25,0549,Aqua,MODIS,71,6.2,302.6,30.1,D,0
-15.884,125.0265,322.4,2,1.4,2014-04-25,0549,Aqua,MODIS,59,6.2,302.6,26.6,D,0
-15.9841,127.0437,322.4,2.9,1.6,2014-04-25,0549,Aqua,MODIS,68,6.2,303.4,40.9,D,0
-15.456,124.9177,327,2,1.4,2014-04-25,0549,Aqua,MODIS,47,6.2,303.4,40.5,D,0
-15.6703,124.9755,325.1,2,1.4,2014-04-25,0549,Aqua,MODIS,61,6.2,302.6,33.2,D,0
-15.682,124.9724,322.5,2,1.4,2014-04-25,0549,Aqua,MODIS,35,6.2,302.9,24.9,D,0
-15.6696,124.97,322.4,2,1.4,2014-04-25,0549,Aqua,MODIS,32,6.2,302.5,24.8,D,0
-15.8439,124.5168,321.2,1.9,1.3,2014-04-25,0549,Aqua,MODIS,14,6.2,303.6,18.8,D,0
-15.8588,124.502,332.2,1.9,1.3,2014-04-25,0549,Aqua,MODIS,55,6.2,306.8,48.5,D,0
-15.8557,124.958,320.7,2,1.4,2014-04-25,0549,Aqua,MODIS,27,6.2,301.2,22.8,D,0
-15.8559,124.5189,342.9,1.9,1.3,2014-04-25,0549,Aqua,MODIS,90,6.2,306.1,91.1,D,0
-16.2329,124.685,319,1.9,1.3,2014-04-25,0549,Aqua,MODIS,56,6.2,303.2,17.8,D,0
-16.344,123.8223,317.6,1.6,1.3,2014-04-25,0549,Aqua,MODIS,54,6.2,304.7,13,D,0
-16.3414,123.8376,334.9,1.6,1.3,2014-04-25,0549,Aqua,MODIS,73,6.2,305.8,54.4,D,0
-15.8568,124.9632,319.5,2,1.4,2014-04-25,0549,Aqua,MODIS,48,6.2,301.3,20.7,D,0
-16.2597,124.6002,317.6,1.9,1.3,2014-04-25,0549,Aqua,MODIS,38,6.2,303.2,12.1,D,0
-16.2716,124.6024,327.4,1.9,1.3,2014-04-25,0549,Aqua,MODIS,76,6.2,303.3,36.8,D,0
-19.0579,134.1123,307.7,1.2,1.1,2014-04-25,1335,Terra,MODIS,72,6.2,294.5,7.8,N,0
-19.0616,134.108,307.5,1.2,1.1,2014-04-25,1335,Terra,MODIS,72,6.2,294.6,6.8,N,0
-13.6225,131.5194,301.1,1.4,1.2,2014-04-25,1336,Terra,MODIS,21,6.2,278.1,5.9,N,0
-13.6209,131.5322,300.1,1.4,1.2,2014-04-25,1336,Terra,MODIS,4,6.2,278.9,5.2,N,0
-13.616,131.526,302.3,1.4,1.2,2014-04-25,1336,Terra,MODIS,36,6.2,277.9,7.5,N,0
-12.8478,133.2635,300.9,1.1,1,2014-04-25,1336,Terra,MODIS,35,6.2,273.8,5.9,N,0
-26.7927,150.2068,303.6,1.2,1.1,2014-04-25,1505,Aqua,MODIS,56,6.2,287.4,10.2,N,2
-29.2979,149.4751,306.6,1.2,1.1,2014-04-25,1506,Aqua,MODIS,69,6.2,288,11.6,N,0
-25.8282,152.1807,311.8,1.9,1.3,2014-04-26,0029,Terra,MODIS,52,6.2,296,17.2,D,0
-23.7343,149.5812,315.2,1.2,1.1,2014-04-26,0029,Terra,MODIS,61,6.2,301.9,7.7,D,0
-30.5109,147.5464,338.1,1.2,1.1,2014-04-26,0031,Terra,MODIS,90,6.2,300,42.1,D,0
-35.1685,140.3199,305.5,1.2,1.1,2014-04-26,0032,Terra,MODIS,45,6.2,293.1,4.3,D,0
-35.1681,140.326,307,1.2,1.1,2014-04-26,0032,Terra,MODIS,58,6.2,292.9,5.7,D,0
-35.6889,142.554,309.1,1,1,2014-04-26,0032,Terra,MODIS,60,6.2,295.4,4.7,D,0
-14.5787,125.7883,319.4,1.1,1,2014-04-26,0205,Terra,MODIS,58,6.2,301.4,9.6,D,0
-12.9283,131.6269,309.4,2.5,1.5,2014-04-26,0205,Terra,MODIS,61,6.2,289.9,20.1,D,0
-12.9361,131.6316,309.2,2.5,1.5,2014-04-26,0205,Terra,MODIS,57,6.2,289.5,19,D,0
-15.379,125.6684,328.4,1.1,1,2014-04-26,0205,Terra,MODIS,78,6.2,304.9,20,D,0
-14.9418,132.0794,311.7,3,1.6,2014-04-26,0205,Terra,MODIS,40,6.2,292,25.2,D,0
-14.5801,125.7984,346.6,1.1,1,2014-04-26,0205,Terra,MODIS,93,6.2,303.8,52.9,D,0
-14.5614,125.801,319.4,1.1,1,2014-04-26,0205,Terra,MODIS,41,6.2,301,9.2,D,0
-14.6377,125.7999,319.3,1.1,1,2014-04-26,0205,Terra,MODIS,62,6.2,301.8,10.7,D,0
-15.8407,124.9574,324.8,1,1,2014-04-26,0206,Terra,MODIS,56,6.2,306,12.6,D,0
-15.8257,124.8513,319.2,1,1,2014-04-26,0206,Terra,MODIS,58,6.2,304,7.3,D,0
-15.5272,124.4974,322.1,1,1,2014-04-26,0206,Terra,MODIS,66,6.2,304.2,11.8,D,0
-15.8313,124.5003,363.3,1,1,2014-04-26,0206,Terra,MODIS,100,6.2,305.9,86.6,D,0
-15.8244,124.8417,317.4,1,1,2014-04-26,0206,Terra,MODIS,43,6.2,303.6,5.7,D,0
-15.818,124.8623,319.5,1,1,2014-04-26,0206,Terra,MODIS,42,6.2,304,7.2,D,0
-15.8048,124.8904,324.4,1,1,2014-04-26,0206,Terra,MODIS,71,6.2,304.9,12.4,D,0
-16.2703,127.8595,328.3,1.5,1.2,2014-04-26,0206,Terra,MODIS,77,6.2,304.8,29.2,D,0
-16.3101,124.6312,318.3,1,1,2014-04-26,0206,Terra,MODIS,48,6.2,303.3,8.8,D,0
-16.253,124.6885,333,1,1,2014-04-26,0206,Terra,MODIS,82,6.2,305.2,24.2,D,0
-15.8224,124.9602,326,1,1,2014-04-26,0206,Terra,MODIS,48,6.2,304.1,13.3,D,0
-15.8404,124.4989,340.7,1,1,2014-04-26,0206,Terra,MODIS,89,6.2,307.1,33.6,D,0
-16.2996,124.6229,326.1,1,1,2014-04-26,0206,Terra,MODIS,74,6.2,302.6,15.2,D,0
-16.455,124.4893,330.9,1,1,2014-04-26,0206,Terra,MODIS,81,6.2,305.8,21.2,D,0
-15.9722,124.7193,324.2,1,1,2014-04-26,0206,Terra,MODIS,73,6.2,303.8,14,D,0
-15.5764,124.522,319.4,1,1,2014-04-26,0206,Terra,MODIS,56,6.2,303.1,9,D,0
-15.8329,124.9685,348.9,1,1,2014-04-26,0206,Terra,MODIS,94,6.2,306.3,51.5,D,0
-15.8315,124.9588,336.5,1,1,2014-04-26,0206,Terra,MODIS,86,6.2,305.9,27.8,D,0
-15.8237,124.9699,326.2,1,1,2014-04-26,0206,Terra,MODIS,51,6.2,304.1,13.6,D,0
-16.3444,123.8522,323.1,1,1,2014-04-26,0206,Terra,MODIS,44,6.2,304.2,10.2,D,0
-16.4459,124.4907,372,1,1,2014-04-26,0206,Terra,MODIS,100,6.2,308.4,117.6,D,0
-16.8197,124.2737,326.7,1,1,2014-04-26,0206,Terra,MODIS,53,6.2,308.3,10.1,D,0
-15.8701,125.0326,323.6,1.1,1,2014-04-26,0206,Terra,MODIS,46,6.2,304.5,11.7,D,0
-16.2676,124.7256,324.9,1,1,2014-04-26,0206,Terra,MODIS,73,6.2,305.8,12.3,D,0
-15.8135,124.7653,323,1,1,2014-04-26,0206,Terra,MODIS,52,6.2,304,11.3,D,0
-15.9577,126.9465,332.2,1.3,1.1,2014-04-26,0206,Terra,MODIS,82,6.2,305.2,27.2,D,0
-15.7558,125.0065,321.7,1,1,2014-04-26,0206,Terra,MODIS,69,6.2,305,10.3,D,0
-16.3589,125.2424,322.5,1.1,1,2014-04-26,0206,Terra,MODIS,68,6.2,304.7,11.7,D,0
-15.4937,124.9058,324.6,1,1,2014-04-26,0206,Terra,MODIS,13,6.2,305.7,10.2,D,0
-15.5184,124.8826,317.7,1,1,2014-04-26,0206,Terra,MODIS,42,6.2,303.5,6.1,D,0
-16.3009,124.6325,329.5,1,1,2014-04-26,0206,Terra,MODIS,79,6.2,305.4,20,D,0
-15.8227,124.7639,322,1,1,2014-04-26,0206,Terra,MODIS,43,6.2,304.3,9.8,D,0
-16.9271,124.8422,331.7,1.1,1,2014-04-26,0206,Terra,MODIS,79,6.2,307.7,20.6,D,0
-15.9727,126.6745,328.6,1.2,1.1,2014-04-26,0206,Terra,MODIS,62,6.2,305.4,20.7,D,0
-16.84,126.2249,323.5,1.2,1.1,2014-04-26,0206,Terra,MODIS,69,6.2,306.8,13.4,D,0
-15.8148,126.9481,329.1,1.3,1.1,2014-04-26,0206,Terra,MODIS,78,6.2,305,23.8,D,0
-15.4355,124.7583,326.4,1,1,2014-04-26,0206,Terra,MODIS,76,6.2,303.7,15.6,D,0
-15.8181,126.6619,321.3,1.2,1.1,2014-04-26,0206,Terra,MODIS,35,6.2,306.8,9.7,D,0
-16.6588,126.0925,319.8,1.2,1.1,2014-04-26,0206,Terra,MODIS,55,6.2,305.4,8.7,D,0
-16.0223,126.5163,322.9,1.2,1.1,2014-04-26,0206,Terra,MODIS,40,6.2,305.4,12.9,D,0
-15.4341,124.7489,321.3,1,1,2014-04-26,0206,Terra,MODIS,65,6.2,303.9,9.8,D,0
-16.8485,126.6763,322.5,1.3,1.1,2014-04-26,0206,Terra,MODIS,58,6.2,305.8,11.5,D,0
-16.4441,124.6083,325,1,1,2014-04-26,0206,Terra,MODIS,69,6.2,305.6,13.3,D,0
-16.7421,126.5651,321.4,1.3,1.1,2014-04-26,0206,Terra,MODIS,57,6.2,306.7,9.5,D,0
-16.7406,126.5535,325.8,1.3,1.1,2014-04-26,0206,Terra,MODIS,73,6.2,306.1,16.6,D,0
-16.8586,126.6751,324.8,1.3,1.1,2014-04-26,0206,Terra,MODIS,71,6.2,308.3,15.1,D,0
-15.9133,126.8432,330,1.3,1.1,2014-04-26,0206,Terra,MODIS,79,6.2,306.5,23.1,D,0
-16.4028,126.7696,325.5,1.3,1.1,2014-04-26,0206,Terra,MODIS,73,6.2,306.4,15.4,D,0
-16.0306,126.5036,335.4,1.2,1.1,2014-04-26,0206,Terra,MODIS,85,6.2,304,33.2,D,0
-15.3742,124.8422,386.4,1,1,2014-04-26,0206,Terra,MODIS,100,6.2,306.8,178.3,D,0
-15.8688,126.7369,328.6,1.3,1.1,2014-04-26,0206,Terra,MODIS,69,6.2,307.5,17.9,D,0
-16.1123,126.5782,328.8,1.2,1.1,2014-04-26,0206,Terra,MODIS,57,6.2,306.9,19.4,D,0
-15.3846,124.8503,370.5,1,1,2014-04-26,0206,Terra,MODIS,100,6.2,309,109.6,D,0
-16.8602,126.687,321.7,1.3,1.1,2014-04-26,0206,Terra,MODIS,64,6.2,306.3,10.6,D,0
-16.2936,124.5163,328.4,1,1,2014-04-26,0206,Terra,MODIS,78,6.2,305.7,17,D,0
-15.4052,124.7985,319.8,1,1,2014-04-26,0206,Terra,MODIS,65,6.2,303.8,8.4,D,0
-15.4147,124.8654,336.9,1,1,2014-04-26,0206,Terra,MODIS,82,6.2,303.8,27.7,D,0
-16.184,126.046,332.2,1.2,1.1,2014-04-26,0206,Terra,MODIS,82,6.2,305.9,25.1,D,0
-15.7892,126.596,317.9,1.2,1.1,2014-04-26,0206,Terra,MODIS,54,6.2,303.6,7.8,D,0
-16.0309,126.497,321.1,1.2,1.1,2014-04-26,0206,Terra,MODIS,47,6.2,303.7,10.8,D,0
-17.3814,125.8634,325.1,1.2,1.1,2014-04-26,0206,Terra,MODIS,59,6.2,307.7,11.9,D,0
-16.4235,126.6945,323.3,1.3,1.1,2014-04-26,0206,Terra,MODIS,48,6.2,306.6,12.4,D,0
-15.9826,126.6731,330.1,1.2,1.1,2014-04-26,0206,Terra,MODIS,43,6.2,307.1,22.4,D,0
-16.0011,126.659,323.6,1.2,1.1,2014-04-26,0206,Terra,MODIS,25,6.2,303.2,14.2,D,0
-16.0026,126.6705,326.7,1.2,1.1,2014-04-26,0206,Terra,MODIS,46,6.2,304.2,18.2,D,0
-15.8331,124.772,338.3,1,1,2014-04-26,0206,Terra,MODIS,87,6.2,304.6,31.3,D,0
-16.0109,126.5063,323.5,1.2,1.1,2014-04-26,0206,Terra,MODIS,66,6.2,303.3,13.8,D,0
-18.2099,128.2164,322.1,1.7,1.3,2014-04-26,0206,Terra,MODIS,65,6.2,306.9,17.6,D,0
-18.208,128.2007,323,1.7,1.3,2014-04-26,0206,Terra,MODIS,67,6.2,307.1,20.2,D,0
-15.3755,124.8517,402.2,1,1,2014-04-26,0206,Terra,MODIS,100,6.2,312.6,267.3,D,0
-16.0324,126.5084,326.7,1.2,1.1,2014-04-26,0206,Terra,MODIS,75,6.2,303.4,18.9,D,0
-16.9562,124.848,331.5,1.1,1,2014-04-26,0206,Terra,MODIS,79,6.2,307.7,19,D,0
-16.4218,126.6825,337.6,1.3,1.1,2014-04-26,0206,Terra,MODIS,86,6.2,306.9,38.5,D,0
-16.8052,126.5031,322.3,1.2,1.1,2014-04-26,0206,Terra,MODIS,66,6.2,307.3,11.2,D,0
-16.8067,126.5145,320.9,1.2,1.1,2014-04-26,0206,Terra,MODIS,62,6.2,306,9.3,D,0
-15.9403,126.8155,323.6,1.3,1.1,2014-04-26,0206,Terra,MODIS,60,6.2,305.9,12.1,D,0
-16.4206,126.6761,323.3,1.3,1.1,2014-04-26,0206,Terra,MODIS,36,6.2,305.7,12,D,0
-16.3099,126.6087,344,1.2,1.1,2014-04-26,0206,Terra,MODIS,91,6.2,305.9,50.7,D,0
-15.7633,126.7104,332.9,1.2,1.1,2014-04-26,0206,Terra,MODIS,82,6.2,305.1,30.2,D,0
-15.815,126.9418,321.9,1.3,1.1,2014-04-26,0206,Terra,MODIS,66,6.2,304,12.8,D,0
-15.9388,126.8037,324.3,1.3,1.1,2014-04-26,0206,Terra,MODIS,66,6.2,304.6,13.2,D,0
-16.4427,124.5986,326.4,1,1,2014-04-26,0206,Terra,MODIS,75,6.2,303.5,15.4,D,0
-15.8657,126.7136,348.6,1.2,1.1,2014-04-26,0206,Terra,MODIS,94,6.2,307.6,62.3,D,0
-15.4865,124.7897,320.9,1,1,2014-04-26,0206,Terra,MODIS,36,6.2,303.3,8,D,0
-16.1884,126.0785,325.2,1.2,1.1,2014-04-26,0206,Terra,MODIS,52,6.2,305.5,14.8,D,0
-16.1981,126.0771,326,1.2,1.1,2014-04-26,0206,Terra,MODIS,53,6.2,303.1,15.9,D,0
-16.3,126.6102,329.8,1.2,1.1,2014-04-26,0206,Terra,MODIS,75,6.2,307.6,20.3,D,0
-16.2984,126.5985,330,1.2,1.1,2014-04-26,0206,Terra,MODIS,74,6.2,306.9,21.6,D,0
-16.2968,126.5869,352.5,1.2,1.1,2014-04-26,0206,Terra,MODIS,96,6.2,306.7,77.2,D,0
-16.3655,126.6423,332.1,1.3,1.1,2014-04-26,0206,Terra,MODIS,60,6.2,305.2,24,D,0
-16.2884,126.6,329.7,1.2,1.1,2014-04-26,0206,Terra,MODIS,79,6.2,306.4,20.9,D,0
-16.367,126.6543,341.9,1.3,1.1,2014-04-26,0206,Terra,MODIS,89,6.2,308,45.4,D,0
-15.8166,126.9537,328.4,1.3,1.1,2014-04-26,0206,Terra,MODIS,77,6.2,305.2,23.2,D,0
-16.4012,126.7577,326.2,1.3,1.1,2014-04-26,0206,Terra,MODIS,74,6.2,305.6,17.1,D,0
-15.4705,124.7435,318.6,1,1,2014-04-26,0206,Terra,MODIS,38,6.2,303.8,5.4,D,0
-16.1336,126.5811,330.3,1.2,1.1,2014-04-26,0206,Terra,MODIS,75,6.2,307.1,21.9,D,0
-16.4222,126.6881,330.6,1.3,1.1,2014-04-26,0206,Terra,MODIS,79,6.2,307.3,24,D,0
-16.1321,126.5696,331.1,1.2,1.1,2014-04-26,0206,Terra,MODIS,72,6.2,305.9,22.9,D,0
-16.9258,124.8323,326.5,1.1,1,2014-04-26,0206,Terra,MODIS,69,6.2,306.7,13.2,D,0
-15.3833,124.8408,392.4,1,1,2014-04-26,0206,Terra,MODIS,100,6.2,309.8,207.5,D,0
-16.4852,124.7004,319.4,1,1,2014-04-26,0206,Terra,MODIS,30,6.2,302.9,7.9,D,0
-16.4929,124.6893,319.4,1,1,2014-04-26,0206,Terra,MODIS,55,6.2,303.6,8.6,D,0
-16.4943,124.6991,319.6,1,1,2014-04-26,0206,Terra,MODIS,48,6.2,304.5,8.7,D,0
-15.8672,126.7252,343.1,1.2,1.1,2014-04-26,0206,Terra,MODIS,90,6.2,308.7,47.3,D,0
-15.3664,124.8531,322.4,1,1,2014-04-26,0206,Terra,MODIS,61,6.2,302.1,11.8,D,0
-16.1306,126.5583,333.3,1.2,1.1,2014-04-26,0206,Terra,MODIS,77,6.2,306.7,27.8,D,0
-16.2233,125.9744,326.2,1.2,1.1,2014-04-26,0206,Terra,MODIS,75,6.2,303.9,18.2,D,0
-16.1826,126.0352,320,1.2,1.1,2014-04-26,0206,Terra,MODIS,24,6.2,303.8,9.1,D,0
-16.1596,125.5162,324.3,1.1,1,2014-04-26,0206,Terra,MODIS,53,6.2,304.8,12,D,0
-16.1676,125.5046,321.8,1.1,1,2014-04-26,0206,Terra,MODIS,42,6.2,303.9,9.7,D,0
-16.169,125.5148,320.5,1.1,1,2014-04-26,0206,Terra,MODIS,21,6.2,303.8,8.2,D,0
-15.8237,125.5632,321.2,1.1,1,2014-04-26,0206,Terra,MODIS,63,6.2,303.8,10.8,D,0
-15.8504,125.5486,323.8,1.1,1,2014-04-26,0206,Terra,MODIS,72,6.2,304.4,12.5,D,0
-15.8942,125.6569,317.4,1.1,1,2014-04-26,0206,Terra,MODIS,44,6.2,303.6,6.8,D,0
-18.5443,127.5067,326.1,1.5,1.2,2014-04-26,0206,Terra,MODIS,71,6.2,308.5,19.9,D,0
-18.5458,127.4999,324.2,1.5,1.2,2014-04-26,0206,Terra,MODIS,67,6.2,308,17.6,D,0
-16.8346,125.4317,320.7,1.1,1,2014-04-26,0206,Terra,MODIS,33,6.2,306,7,D,0
-15.9166,129.3139,322.2,1.9,1.3,2014-04-26,0206,Terra,MODIS,68,6.2,304.1,21.4,D,0
-16.2428,129.3009,331.5,1.9,1.3,2014-04-26,0206,Terra,MODIS,81,6.2,306.2,44,D,0
-21.4413,120.0297,321.9,1.1,1.1,2014-04-26,0207,Terra,MODIS,42,6.2,301.7,10,D,0
-21.362,120.0499,323,1.1,1.1,2014-04-26,0207,Terra,MODIS,36,6.2,298.6,9,D,0
-20.2766,123.6982,333,1,1,2014-04-26,0207,Terra,MODIS,72,6.2,309.8,17.4,D,0
-20.2857,123.6968,327.6,1,1,2014-04-26,0207,Terra,MODIS,24,6.2,309,9.7,D,0
-23.008,123.3898,326.9,1,1,2014-04-26,0208,Terra,MODIS,69,6.2,308.1,12.1,D,0
-32.6918,117.5502,324.7,1.1,1,2014-04-26,0210,Terra,MODIS,79,6.2,289,21.2,D,0
-34.0489,117.9477,346.5,1,1,2014-04-26,0211,Terra,MODIS,89,6.2,290.4,53.3,D,0
-34.0472,117.9366,348.1,1,1,2014-04-26,0211,Terra,MODIS,95,6.2,290.7,56.7,D,0
-34.058,117.9457,324.8,1,1,2014-04-26,0211,Terra,MODIS,82,6.2,290.3,20.8,D,0
-34.0563,117.9346,334,1,1,2014-04-26,0211,Terra,MODIS,83,6.2,289,32.9,D,0
-34.0173,116.2729,308,1.2,1.1,2014-04-26,0211,Terra,MODIS,52,6.2,293.8,6.6,D,0
-34.0209,116.2785,304.6,1.2,1.1,2014-04-26,0211,Terra,MODIS,20,6.2,293.2,4.8,D,0
-37.2333,140.0241,300.5,1.1,1,2014-04-26,0448,Aqua,MODIS,19,6.2,287.7,4.1,D,0
-36.7786,140.6049,303.3,1.1,1.1,2014-04-26,0448,Aqua,MODIS,37,6.2,289.4,4,D,0
-36.7807,140.5924,311,1.1,1.1,2014-04-26,0448,Aqua,MODIS,71,6.2,293.6,9.8,D,0
-36.4388,144.8803,310.2,1.9,1.3,2014-04-26,0448,Aqua,MODIS,56,6.2,289,20,D,0
-36.0837,145.8704,325.9,2.2,1.4,2014-04-26,0448,Aqua,MODIS,74,6.2,292.1,64.2,D,0
-35.804,146.3705,314.5,2.4,1.5,2014-04-26,0448,Aqua,MODIS,61,6.2,290.8,37.9,D,0
-35.1202,146.8627,314.3,2.7,1.6,2014-04-26,0448,Aqua,MODIS,73,6.2,294.1,41.1,D,0
-36.2001,145.7616,309.5,2.1,1.4,2014-04-26,0448,Aqua,MODIS,62,6.2,295.1,16.7,D,0
-36.1015,145.8507,315.1,2.2,1.4,2014-04-26,0448,Aqua,MODIS,63,6.2,292,33.4,D,0
-35.1236,146.8719,308,2.7,1.6,2014-04-26,0448,Aqua,MODIS,64,6.2,293.8,21.2,D,0
-35.1266,146.8337,310.5,2.7,1.6,2014-04-26,0448,Aqua,MODIS,68,6.2,294.1,28.9,D,0
-35.7059,145.7639,326.5,2.2,1.4,2014-04-26,0448,Aqua,MODIS,84,6.2,294.3,69,D,0
-34.8638,147.519,309.3,3,1.6,2014-04-26,0448,Aqua,MODIS,45,6.2,290.5,38.5,D,0
-35.711,145.7401,307.3,2.2,1.4,2014-04-26,0448,Aqua,MODIS,65,6.2,294,15.8,D,0
-36.0857,145.8636,346.9,2.2,1.4,2014-04-26,0448,Aqua,MODIS,89,6.2,293.5,166.9,D,0
-36.2027,145.7575,311.1,2.1,1.4,2014-04-26,0448,Aqua,MODIS,71,6.2,295.1,21.2,D,0
-35.1302,146.843,316.2,2.7,1.6,2014-04-26,0448,Aqua,MODIS,76,6.2,294.2,47.6,D,0
-35.9116,145.8009,308.5,2.2,1.4,2014-04-26,0448,Aqua,MODIS,66,6.2,293.9,16.7,D,0
-35.6932,145.7598,307.1,2.2,1.4,2014-04-26,0448,Aqua,MODIS,64,6.2,293.3,15.2,D,0
-37.1122,142.1267,300.4,1.3,1.1,2014-04-26,0448,Aqua,MODIS,36,6.2,288.4,5.5,D,0
-36.2612,141.754,318.6,1.3,1.1,2014-04-26,0448,Aqua,MODIS,75,6.2,294.8,17.4,D,0
-35.3981,143.9143,308,1.7,1.3,2014-04-26,0448,Aqua,MODIS,59,6.2,289,12.3,D,0
-37.1708,142.6128,302.9,1.3,1.1,2014-04-26,0448,Aqua,MODIS,50,6.2,285,9.5,D,0
-37.032,143.037,309.9,1.4,1.2,2014-04-26,0448,Aqua,MODIS,65,6.2,281.4,16.7,D,0
-36.2519,141.7607,330.9,1.3,1.1,2014-04-26,0448,Aqua,MODIS,87,6.2,295.8,36.2,D,0
-36.2587,141.768,331.4,1.3,1.1,2014-04-26,0448,Aqua,MODIS,87,6.2,294.8,37.5,D,0
-34.187,135.8657,312,1,1,2014-04-26,0449,Aqua,MODIS,52,6.2,295.9,8.5,D,0
-34.0019,135.4448,309.2,1.1,1,2014-04-26,0449,Aqua,MODIS,44,6.2,291.9,7.5,D,0
-18.2112,128.2404,332.5,1.7,1.3,2014-04-26,0453,Aqua,MODIS,80,6.2,310.8,33.2,D,0
-18.4742,130.5303,325.8,1.2,1.1,2014-04-26,0453,Aqua,MODIS,62,6.2,309.1,12,D,0
-19.2962,127.5334,324.2,1.9,1.4,2014-04-26,0453,Aqua,MODIS,59,6.2,307.7,20.6,D,0
-18.2131,128.2245,335.6,1.7,1.3,2014-04-26,0453,Aqua,MODIS,83,6.2,309.2,43.1,D,0
-18.5592,127.5053,327.7,1.9,1.3,2014-04-26,0453,Aqua,MODIS,71,6.2,311.6,28.9,D,0
-18.5612,127.4874,366,1.9,1.3,2014-04-26,0453,Aqua,MODIS,100,6.2,311.6,229.4,D,0
-18.547,127.5037,326.9,1.9,1.3,2014-04-26,0453,Aqua,MODIS,69,6.2,311.3,25.8,D,0
-18.5491,127.4858,358,1.9,1.3,2014-04-26,0453,Aqua,MODIS,98,6.2,312.8,170.3,D,0
-16.2225,125.9897,318.3,2.3,1.5,2014-04-26,0454,Aqua,MODIS,47,6.2,300.1,20.5,D,0
-16.2247,125.9688,324.8,2.3,1.5,2014-04-26,0454,Aqua,MODIS,71,6.2,300.6,42.6,D,0
-16.2262,125.9854,319,2.3,1.5,2014-04-26,0454,Aqua,MODIS,50,6.2,300.7,23.4,D,0
-16.2287,125.9644,317.1,2.3,1.5,2014-04-26,0454,Aqua,MODIS,28,6.2,299.3,17.8,D,0
-16.1795,126.0438,322.3,2.3,1.5,2014-04-26,0454,Aqua,MODIS,57,6.2,304.1,31.5,D,0
-15.6562,125.6129,320.3,2.4,1.5,2014-04-26,0454,Aqua,MODIS,52,6.2,299.9,33.6,D,0
-16.1819,126.0228,318.6,2.3,1.5,2014-04-26,0454,Aqua,MODIS,22,6.2,301.5,19.2,D,0
-14.9035,132.0256,325.5,1,1,2014-04-26,0454,Aqua,MODIS,51,6.2,301.8,13.5,D,0
-14.9342,132.0644,327.8,1,1,2014-04-26,0454,Aqua,MODIS,73,6.2,299.6,16.3,D,0
-16.3448,130.6931,331.6,1.1,1.1,2014-04-26,0454,Aqua,MODIS,67,6.2,305.4,24.1,D,0
-16.3463,130.6824,330.1,1.1,1.1,2014-04-26,0454,Aqua,MODIS,58,6.2,305.6,22.1,D,0
-15.6207,130.8321,324.8,1.1,1,2014-04-26,0454,Aqua,MODIS,57,6.2,303.1,10.4,D,0
-15.6221,130.822,324.2,1.1,1,2014-04-26,0454,Aqua,MODIS,63,6.2,305.2,10.8,D,0
-15.6127,130.8207,327.9,1.1,1,2014-04-26,0454,Aqua,MODIS,73,6.2,303.3,14.6,D,0
-16.2309,129.3018,339.7,1.3,1.1,2014-04-26,0454,Aqua,MODIS,72,6.2,305,45.4,D,0
-15.6117,130.2473,327.4,1.2,1.1,2014-04-26,0454,Aqua,MODIS,74,6.2,305,15.4,D,0
-16.3339,130.7022,336.5,1.1,1.1,2014-04-26,0454,Aqua,MODIS,76,6.2,299.6,31.4,D,0
-16.3353,130.6918,344.4,1.1,1.1,2014-04-26,0454,Aqua,MODIS,91,6.2,306.4,47.4,D,0
-15.7711,130.1769,328.6,1.2,1.1,2014-04-26,0454,Aqua,MODIS,48,6.2,308,12.2,D,0
-14.7627,127.6183,348.2,1.6,1.3,2014-04-26,0454,Aqua,MODIS,94,6.2,306.3,95.4,D,0
-15.189,127.953,343.4,1.6,1.2,2014-04-26,0454,Aqua,MODIS,90,6.2,308.6,68.9,D,0
-15.1632,127.9794,332.7,1.6,1.2,2014-04-26,0454,Aqua,MODIS,81,6.2,306.2,36,D,0
-15.165,127.9648,341.7,1.6,1.2,2014-04-26,0454,Aqua,MODIS,89,6.2,307.1,61.7,D,0
-15.1626,127.9727,345.4,1.6,1.2,2014-04-26,0454,Aqua,MODIS,92,6.2,307.2,76.9,D,0
-15.1645,127.958,325.3,1.6,1.2,2014-04-26,0454,Aqua,MODIS,72,6.2,306.5,18.1,D,0
-15.2178,127.5347,332.9,1.7,1.3,2014-04-26,0454,Aqua,MODIS,82,6.2,305.6,40.3,D,0
-15.2159,127.5503,327.7,1.7,1.3,2014-04-26,0454,Aqua,MODIS,76,6.2,305.6,26.6,D,0
-15.2254,127.5673,327,1.7,1.3,2014-04-26,0454,Aqua,MODIS,55,6.2,306.3,22.8,D,0
-15.2172,127.5256,353.7,1.7,1.3,2014-04-26,0454,Aqua,MODIS,96,6.2,305.5,121.4,D,0
-15.2154,127.5412,333.7,1.7,1.3,2014-04-26,0454,Aqua,MODIS,82,6.2,305.6,41.7,D,0
-15.2135,127.5568,322.7,1.7,1.3,2014-04-26,0454,Aqua,MODIS,64,6.2,305.1,14.1,D,0
-15.225,127.5582,326.2,1.7,1.3,2014-04-26,0454,Aqua,MODIS,73,6.2,306.1,21.7,D,0
-15.2063,127.5335,334.5,1.7,1.3,2014-04-26,0454,Aqua,MODIS,83,6.2,304.8,46.4,D,0
-16.8486,126.6638,328.9,2.1,1.4,2014-04-26,0454,Aqua,MODIS,76,6.2,305.7,44.2,D,0
-16.8463,126.6836,321,2.1,1.4,2014-04-26,0454,Aqua,MODIS,56,6.2,304.9,18.8,D,0
-17.1779,126.6284,324.2,2.1,1.4,2014-04-26,0454,Aqua,MODIS,59,6.2,306.8,25,D,0
-15.2082,127.5179,340.5,1.7,1.3,2014-04-26,0454,Aqua,MODIS,88,6.2,304.8,66.5,D,0
-15.2346,127.5752,338.2,1.7,1.3,2014-04-26,0454,Aqua,MODIS,86,6.2,306,56.5,D,0
-16.3357,126.6092,327.3,2.1,1.4,2014-04-26,0454,Aqua,MODIS,60,6.2,304.4,36.1,D,0
-16.3712,126.6334,333.7,2.1,1.4,2014-04-26,0454,Aqua,MODIS,82,6.2,306,58.5,D,0
-16.3999,126.7391,324.4,2,1.4,2014-04-26,0454,Aqua,MODIS,67,6.2,304.9,25.9,D,0
-16.3979,126.7574,323.8,2,1.4,2014-04-26,0454,Aqua,MODIS,55,6.2,306.3,21.7,D,0
-15.2129,127.8506,324.5,1.6,1.2,2014-04-26,0454,Aqua,MODIS,62,6.2,306.6,16.2,D,0
-15.2111,127.8652,346.2,1.6,1.2,2014-04-26,0454,Aqua,MODIS,92,6.2,308.1,81.1,D,0
-15.0469,127.5339,326.4,1.7,1.3,2014-04-26,0454,Aqua,MODIS,45,6.2,303.4,23.7,D,0
-15.0164,127.4975,340.4,1.7,1.3,2014-04-26,0454,Aqua,MODIS,89,6.2,306.6,66.9,D,0
-15.0184,127.4818,332.3,1.7,1.3,2014-04-26,0454,Aqua,MODIS,82,6.2,305.2,41,D,0
-15.0031,127.5114,323.8,1.7,1.3,2014-04-26,0454,Aqua,MODIS,68,6.2,304.7,18,D,0
-15.005,127.4958,327.6,1.7,1.3,2014-04-26,0454,Aqua,MODIS,77,6.2,304.7,28.5,D,0
-14.9916,127.5099,326.7,1.7,1.3,2014-04-26,0454,Aqua,MODIS,75,6.2,304.5,25.3,D,0
-15.2198,127.5193,325.4,1.7,1.3,2014-04-26,0454,Aqua,MODIS,72,6.2,303.5,21.1,D,0
-15.0945,127.3205,322.3,1.7,1.3,2014-04-26,0454,Aqua,MODIS,61,6.2,302.2,16.9,D,0
-15.1179,127.3236,325.5,1.7,1.3,2014-04-26,0454,Aqua,MODIS,73,6.2,304.6,23.7,D,0
-15.1529,127.3283,325.3,1.7,1.3,2014-04-26,0454,Aqua,MODIS,73,6.2,305.5,23.1,D,0
-14.9475,127.2244,328.7,1.8,1.3,2014-04-26,0454,Aqua,MODIS,76,6.2,303.2,34.9,D,0
-14.9495,127.208,327.5,1.8,1.3,2014-04-26,0454,Aqua,MODIS,68,6.2,301.9,31.4,D,0
-15.1081,127.306,325.4,1.8,1.3,2014-04-26,0454,Aqua,MODIS,73,6.2,304.8,23.3,D,0
-14.9358,127.3205,328.9,1.7,1.3,2014-04-26,0454,Aqua,MODIS,79,6.2,303.8,34.2,D,0
-14.9571,127.3394,328.1,1.7,1.3,2014-04-26,0454,Aqua,MODIS,78,6.2,304.6,32,D,0
-14.9662,127.3299,327.2,1.7,1.3,2014-04-26,0454,Aqua,MODIS,76,6.2,304.4,29.6,D,0
-15.4681,130.0939,327.7,1.2,1.1,2014-04-26,0454,Aqua,MODIS,66,6.2,305.9,15.5,D,0
-15.4695,130.0833,330.4,1.2,1.1,2014-04-26,0454,Aqua,MODIS,76,6.2,308.3,19.5,D,0
-14.9643,127.3456,326.1,1.7,1.3,2014-04-26,0454,Aqua,MODIS,74,6.2,304.7,26.4,D,0
-15.2242,127.2931,359.8,1.8,1.3,2014-04-26,0454,Aqua,MODIS,99,6.2,305.9,166.8,D,0
-15.2262,127.2768,327.5,1.8,1.3,2014-04-26,0454,Aqua,MODIS,69,6.2,304,31.3,D,0
-16.858,126.2361,322,2.2,1.4,2014-04-26,0454,Aqua,MODIS,62,6.2,306.3,23.7,D,0
-15.9668,126.6548,320.7,2,1.4,2014-04-26,0454,Aqua,MODIS,51,6.2,303.3,20.5,D,0
-16.4711,126.6709,322.3,2,1.4,2014-04-26,0454,Aqua,MODIS,56,6.2,305.7,20.6,D,0
-16.4334,126.6666,325.7,2,1.4,2014-04-26,0454,Aqua,MODIS,41,6.2,306.4,30.1,D,0
-16.4209,126.6652,336.9,2,1.4,2014-04-26,0454,Aqua,MODIS,85,6.2,307.3,71.8,D,0
-16.4295,126.6786,328.1,2,1.4,2014-04-26,0454,Aqua,MODIS,42,6.2,308.3,37.3,D,0
-16.417,126.6769,331.1,2,1.4,2014-04-26,0454,Aqua,MODIS,53,6.2,307.7,46.6,D,0
-16.4192,126.6584,329.2,2,1.4,2014-04-26,0454,Aqua,MODIS,46,6.2,305.4,40.3,D,0
-15.203,127.7425,326.8,1.6,1.3,2014-04-26,0454,Aqua,MODIS,36,6.2,307.4,17.8,D,0
-15.2048,127.7274,344.7,1.6,1.3,2014-04-26,0454,Aqua,MODIS,91,6.2,308.8,74.9,D,0
-15.2085,127.697,328.8,1.6,1.3,2014-04-26,0454,Aqua,MODIS,54,6.2,308,24,D,0
-15.2041,127.7358,331.9,1.6,1.3,2014-04-26,0454,Aqua,MODIS,41,6.2,307.7,28.3,D,0
-15.206,127.7208,333.3,1.6,1.3,2014-04-26,0454,Aqua,MODIS,34,6.2,309.1,32.9,D,0
-14.2206,132.04,334.2,1,1,2014-04-26,0454,Aqua,MODIS,85,6.2,303.5,21.2,D,0
-14.2116,132.0386,321.8,1,1,2014-04-26,0454,Aqua,MODIS,56,6.2,303,7,D,0
-15.7726,130.166,331.7,1.2,1.1,2014-04-26,0454,Aqua,MODIS,64,6.2,309.4,16.1,D,0
-15.1332,128.0269,321.9,1.6,1.2,2014-04-26,0454,Aqua,MODIS,65,6.2,305.1,14.3,D,0
-15.8142,126.9381,324.1,1.9,1.3,2014-04-26,0454,Aqua,MODIS,69,6.2,305.7,25.1,D,0
-15.1586,127.6377,324.4,1.7,1.3,2014-04-26,0454,Aqua,MODIS,71,6.2,305.7,17.4,D,0
-15.48,124.7126,321.4,2.8,1.6,2014-04-26,0454,Aqua,MODIS,30,6.2,302,38.7,D,0
-15.4819,124.718,321.6,2.8,1.6,2014-04-26,0454,Aqua,MODIS,57,6.2,302,41,D,0
-15.2339,127.3109,327.7,1.8,1.3,2014-04-26,0454,Aqua,MODIS,70,6.2,305.2,27.5,D,0
-15.2182,127.3418,381.1,1.7,1.3,2014-04-26,0454,Aqua,MODIS,100,6.2,309.7,325.9,D,0
-15.2202,127.3256,363.3,1.8,1.3,2014-04-26,0454,Aqua,MODIS,100,6.2,308.7,184.5,D,0
-15.2222,127.3093,378.1,1.8,1.3,2014-04-26,0454,Aqua,MODIS,100,6.2,310.9,301.4,D,0
-15.2085,127.3243,324.9,1.8,1.3,2014-04-26,0454,Aqua,MODIS,63,6.2,305,21.6,D,0
-15.2105,127.308,333.8,1.8,1.3,2014-04-26,0454,Aqua,MODIS,83,6.2,304.4,48.5,D,0
-15.4252,124.9382,317,2.7,1.6,2014-04-26,0454,Aqua,MODIS,20,6.2,300.9,26.4,D,0
-16.3122,126.5821,329.8,2.1,1.4,2014-04-26,0454,Aqua,MODIS,52,6.2,303.3,44.8,D,0
-17.2125,126.5508,322.4,2.1,1.4,2014-04-26,0454,Aqua,MODIS,57,6.2,307,19.9,D,0
-15.2124,127.2917,326.1,1.8,1.3,2014-04-26,0454,Aqua,MODIS,44,6.2,301.5,26,D,0
-15.2144,127.2755,364.8,1.8,1.3,2014-04-26,0454,Aqua,MODIS,100,6.2,303.5,201.5,D,0
-16.3132,126.4631,319.4,2.1,1.4,2014-04-26,0454,Aqua,MODIS,55,6.2,304.2,22.8,D,0
-16.133,126.4485,317.8,2.1,1.4,2014-04-26,0454,Aqua,MODIS,42,6.2,302.5,16.6,D,0
-16.0115,126.4854,322.4,2.1,1.4,2014-04-26,0454,Aqua,MODIS,57,6.2,301.3,28.3,D,0
-16.3033,124.5066,318.8,3,1.6,2014-04-26,0454,Aqua,MODIS,57,6.2,304,36.2,D,0
-14.7624,127.6082,342.3,1.6,1.3,2014-04-26,0454,Aqua,MODIS,90,6.2,305.6,71.7,D,0
-15.2164,127.259,334.2,1.8,1.3,2014-04-26,0454,Aqua,MODIS,83,6.2,302.3,51.1,D,0
-15.2184,127.2428,373,1.8,1.3,2014-04-26,0454,Aqua,MODIS,100,6.2,309.3,264.4,D,0
-15.2204,127.2263,358.4,1.8,1.3,2014-04-26,0454,Aqua,MODIS,99,6.2,308.2,161,D,0
-14.7606,127.6234,347,1.6,1.3,2014-04-26,0454,Aqua,MODIS,93,6.2,303.1,88.6,D,0
-14.7719,127.6248,334,1.6,1.3,2014-04-26,0454,Aqua,MODIS,84,6.2,306.8,43.6,D,0
-14.7701,127.64,324.9,1.6,1.3,2014-04-26,0454,Aqua,MODIS,58,6.2,303.7,20.8,D,0
-16.8854,126.3445,323.5,2.2,1.4,2014-04-26,0454,Aqua,MODIS,66,6.2,306.8,29.6,D,0
-15.1968,127.2232,332.2,1.8,1.3,2014-04-26,0454,Aqua,MODIS,81,6.2,300.2,49.3,D,0
-15.2102,127.5023,336.8,1.7,1.3,2014-04-26,0454,Aqua,MODIS,85,6.2,304.4,54.6,D,0
-15.2121,127.4865,320.9,1.7,1.3,2014-04-26,0454,Aqua,MODIS,60,6.2,302.9,11.4,D,0
-15.1967,127.5166,331.3,1.7,1.3,2014-04-26,0454,Aqua,MODIS,80,6.2,304.6,38,D,0
-15.1986,127.501,380.3,1.7,1.3,2014-04-26,0454,Aqua,MODIS,100,6.2,310.9,308.3,D,0
-15.2006,127.4852,373.2,1.7,1.3,2014-04-26,0454,Aqua,MODIS,100,6.2,308.5,249.2,D,0
-16.5906,130.6176,333.5,1.1,1.1,2014-04-26,0454,Aqua,MODIS,82,6.2,303,25.2,D,0
-16.5988,130.6296,332.3,1.1,1.1,2014-04-26,0454,Aqua,MODIS,81,6.2,304.9,23.9,D,0
-16.6083,130.6312,334.7,1.1,1.1,2014-04-26,0454,Aqua,MODIS,84,6.2,304.5,27.4,D,0
-16.6179,130.6324,344,1.1,1.1,2014-04-26,0454,Aqua,MODIS,91,6.2,306.4,46,D,0
-16.6274,130.6338,335.9,1.1,1.1,2014-04-26,0454,Aqua,MODIS,85,6.2,305.4,30.6,D,0
-15.2025,127.4694,345.6,1.7,1.3,2014-04-26,0454,Aqua,MODIS,92,6.2,304.4,88.7,D,0
-15.1871,127.4996,343.4,1.7,1.3,2014-04-26,0454,Aqua,MODIS,90,6.2,304.9,81.5,D,0
-15.189,127.484,353.5,1.7,1.3,2014-04-26,0454,Aqua,MODIS,96,6.2,303.5,126.8,D,0
-15.1909,127.4681,360.8,1.7,1.3,2014-04-26,0454,Aqua,MODIS,100,6.2,304.7,167.4,D,0
-15.1852,127.4189,324.1,1.7,1.3,2014-04-26,0454,Aqua,MODIS,67,6.2,303.1,20.5,D,0
-15.1525,127.4258,319.8,1.7,1.3,2014-04-26,0454,Aqua,MODIS,58,6.2,302.9,14,D,0
-15.2272,127.6371,347.3,1.7,1.3,2014-04-26,0454,Aqua,MODIS,93,6.2,307.8,88.5,D,0
-15.229,127.6219,329.2,1.7,1.3,2014-04-26,0454,Aqua,MODIS,77,6.2,306.9,29,D,0
-15.2309,127.6065,327.2,1.7,1.3,2014-04-26,0454,Aqua,MODIS,75,6.2,307.9,24.6,D,0
-15.2328,127.5909,326.7,1.7,1.3,2014-04-26,0454,Aqua,MODIS,74,6.2,306,23.5,D,0
-15.2195,127.6048,328.3,1.7,1.3,2014-04-26,0454,Aqua,MODIS,72,6.2,304.8,25.3,D,0
-15.2215,127.5983,325.8,1.7,1.3,2014-04-26,0454,Aqua,MODIS,31,6.2,305.4,18,D,0
-16.4103,126.7591,330.7,2,1.4,2014-04-26,0454,Aqua,MODIS,78,6.2,308.1,43.1,D,0
-16.4124,126.7407,328.4,2,1.4,2014-04-26,0454,Aqua,MODIS,71,6.2,306,36.6,D,0
-16.408,126.7523,341.7,2,1.4,2014-04-26,0454,Aqua,MODIS,89,6.2,307.9,91.2,D,0
-16.4102,126.7339,323.7,2,1.4,2014-04-26,0454,Aqua,MODIS,64,6.2,305.2,22.9,D,0
-15.2066,127.2412,353,1.8,1.3,2014-04-26,0454,Aqua,MODIS,96,6.2,291.1,132.6,D,0
-15.2086,127.2248,352.4,1.8,1.3,2014-04-26,0454,Aqua,MODIS,96,6.2,300.7,129.5,D,0
-15.0964,127.5935,328.6,1.7,1.3,2014-04-26,0454,Aqua,MODIS,70,6.2,304.9,28.4,D,0
-15.7898,126.9355,320.2,1.9,1.3,2014-04-26,0454,Aqua,MODIS,48,6.2,304.7,15,D,0
-16.3036,124.5136,317.6,3,1.6,2014-04-26,0454,Aqua,MODIS,51,6.2,303.5,31,D,0
-16.6047,126.0585,317.9,2.3,1.5,2014-04-26,0454,Aqua,MODIS,38,6.2,302.4,19.4,D,0
-15.8677,126.7315,324.8,2,1.4,2014-04-26,0454,Aqua,MODIS,58,6.2,305.5,26.1,D,0
-15.9779,126.6514,324.5,2,1.4,2014-04-26,0454,Aqua,MODIS,64,6.2,304.3,30.3,D,0
-15.9756,126.67,331,2,1.4,2014-04-26,0454,Aqua,MODIS,79,6.2,305.6,51.4,D,0
-15.9792,126.6564,328.5,2,1.4,2014-04-26,0454,Aqua,MODIS,72,6.2,304.9,42.1,D,0
-15.9771,126.675,333.2,2,1.4,2014-04-26,0454,Aqua,MODIS,81,6.2,305.6,57.3,D,0
-15.9918,126.6576,325.5,2,1.4,2014-04-26,0454,Aqua,MODIS,62,6.2,303.8,33.3,D,0
-14.624,127.624,325.2,1.6,1.3,2014-04-26,0454,Aqua,MODIS,66,6.2,306.7,19.4,D,0
-15.6606,126.5917,322,2,1.4,2014-04-26,0454,Aqua,MODIS,33,6.2,303.3,23.1,D,0
-15.6628,126.5733,322.8,2,1.4,2014-04-26,0454,Aqua,MODIS,41,6.2,306.7,24.5,D,0
-15.6503,126.5715,326.8,2,1.4,2014-04-26,0454,Aqua,MODIS,59,6.2,305.5,36.4,D,0
-16.1401,126.6065,322.8,2,1.4,2014-04-26,0454,Aqua,MODIS,34,6.2,305.7,21.5,D,0
-16.1343,126.5473,324.2,2.1,1.4,2014-04-26,0454,Aqua,MODIS,52,6.2,305,29,D,0
-15.6073,130.251,325.3,1.2,1.1,2014-04-26,0454,Aqua,MODIS,66,6.2,303.8,13,D,0
-15.1872,127.9678,341.5,1.6,1.2,2014-04-26,0454,Aqua,MODIS,89,6.2,307.7,62.5,D,0
-15.7639,126.706,319.2,2,1.4,2014-04-26,0454,Aqua,MODIS,32,6.2,304.5,16.9,D,0
-15.373,124.8481,331.2,2.7,1.6,2014-04-26,0454,Aqua,MODIS,77,6.2,300.3,93.7,D,0
-15.3769,124.8557,335.4,2.7,1.6,2014-04-26,0454,Aqua,MODIS,80,6.2,300,118.2,D,0
-15.4381,128.8962,331.3,1.4,1.2,2014-04-26,0454,Aqua,MODIS,79,6.2,306.2,31.1,D,0
-15.1947,127.7192,339.1,1.6,1.3,2014-04-26,0454,Aqua,MODIS,80,6.2,306.9,51.1,D,0
-15.1983,127.781,325.4,1.6,1.3,2014-04-26,0454,Aqua,MODIS,39,6.2,306.9,14.7,D,0
-15.1953,127.7106,335.8,1.6,1.3,2014-04-26,0454,Aqua,MODIS,70,6.2,306.4,40.7,D,0
-15.1935,127.7258,328.4,1.6,1.3,2014-04-26,0454,Aqua,MODIS,35,6.2,306.3,21.1,D,0
-15.2012,127.7575,329.2,1.6,1.3,2014-04-26,0454,Aqua,MODIS,77,6.2,307.4,24.4,D,0
-16.3367,130.6811,355.3,1.1,1.1,2014-04-26,0454,Aqua,MODIS,97,6.2,306.6,76.1,D,0
-15.96,126.932,325.1,1.9,1.4,2014-04-26,0454,Aqua,MODIS,70,6.2,305.6,24.6,D,0
-15.2016,127.849,331.1,1.6,1.2,2014-04-26,0454,Aqua,MODIS,78,6.2,305.2,31.7,D,0
-15.4598,124.9217,317.4,2.7,1.6,2014-04-26,0454,Aqua,MODIS,22,6.2,301.2,29,D,0
-16.3599,125.2386,324.1,2.6,1.6,2014-04-26,0454,Aqua,MODIS,70,6.2,298.7,46.5,D,0
-15.8361,124.5121,324,2.9,1.6,2014-04-26,0454,Aqua,MODIS,67,6.2,300.8,59.4,D,0
-15.8389,124.485,323.8,2.9,1.6,2014-04-26,0454,Aqua,MODIS,0,6.2,300.6,59.4,D,0
-15.7691,124.9776,334.5,2.7,1.6,2014-04-26,0454,Aqua,MODIS,83,6.2,302.1,110.3,D,0
-15.7724,124.9825,324.4,2.7,1.6,2014-04-26,0454,Aqua,MODIS,65,6.2,301.9,53.9,D,0
-15.7583,129.0928,321.9,1.3,1.1,2014-04-26,0454,Aqua,MODIS,53,6.2,304.4,11.8,D,0
-15.4908,124.9009,325.5,2.7,1.6,2014-04-26,0454,Aqua,MODIS,73,6.2,301.8,61.1,D,0
-15.8361,124.5078,326.8,2.9,1.6,2014-04-26,0454,Aqua,MODIS,71,6.2,300.8,74.4,D,0
-15.8392,124.4802,320.2,2.9,1.6,2014-04-26,0454,Aqua,MODIS,27,6.2,300.6,40,D,0
-16.2733,127.8577,321.6,1.7,1.3,2014-04-26,0454,Aqua,MODIS,46,6.2,306.6,13.4,D,0
-16.9699,125.7886,332.6,2.4,1.5,2014-04-26,0454,Aqua,MODIS,80,6.2,305.8,73.9,D,0
-16.9723,125.7657,341.2,2.4,1.5,2014-04-26,0454,Aqua,MODIS,88,6.2,306.3,123.8,D,0
-16.9627,125.7826,338.8,2.4,1.5,2014-04-26,0454,Aqua,MODIS,87,6.2,305.9,107.8,D,0
-16.9653,125.7597,335.3,2.4,1.5,2014-04-26,0454,Aqua,MODIS,83,6.2,306.3,89.9,D,0
-15.6799,124.9594,320.5,2.7,1.6,2014-04-26,0454,Aqua,MODIS,63,6.2,301,37.6,D,0
-15.6772,124.9841,322.7,2.7,1.6,2014-04-26,0454,Aqua,MODIS,68,6.2,301.3,46.8,D,0
-15.6841,124.9669,324.4,2.7,1.6,2014-04-26,0454,Aqua,MODIS,67,6.2,301,51.3,D,0
-15.9579,126.95,325,1.9,1.4,2014-04-26,0454,Aqua,MODIS,70,6.2,305.5,24,D,0
-15.8255,124.7536,316,2.8,1.6,2014-04-26,0454,Aqua,MODIS,16,6.2,300.3,25.4,D,0
-15.9188,129.0434,329.9,1.4,1.2,2014-04-26,0454,Aqua,MODIS,76,6.2,306.5,23.4,D,0
-15.8487,124.9424,321.6,2.7,1.6,2014-04-26,0454,Aqua,MODIS,59,6.2,301.8,41.7,D,0
-15.9204,129.0308,324.8,1.4,1.2,2014-04-26,0454,Aqua,MODIS,51,6.2,306.8,13.3,D,0
-15.7718,124.9536,319.7,2.7,1.6,2014-04-26,0454,Aqua,MODIS,60,6.2,300.8,34.7,D,0
-15.4695,131.9819,329,1,1,2014-04-26,0454,Aqua,MODIS,75,6.2,302.4,15.4,D,0
-15.6308,131.3544,338.1,1,1,2014-04-26,0454,Aqua,MODIS,70,6.2,304.2,32.3,D,0
-15.5783,131.3269,320.9,1,1,2014-04-26,0454,Aqua,MODIS,44,6.2,298.4,11.2,D,0
-15.6137,131.342,341.6,1,1,2014-04-26,0454,Aqua,MODIS,89,6.2,303.9,36.4,D,0
-15.6229,131.3434,398.4,1,1,2014-04-26,0454,Aqua,MODIS,94,6.2,310.4,247.2,D,0
-15.5966,131.9981,325,1,1,2014-04-26,0454,Aqua,MODIS,38,6.2,304.3,9.2,D,0
-15.5605,131.9926,345.1,1,1,2014-04-26,0454,Aqua,MODIS,92,6.2,304.5,38.8,D,0
-15.5618,131.9832,332.7,1,1,2014-04-26,0454,Aqua,MODIS,80,6.2,301.4,18.6,D,0
-15.6151,131.3323,329.9,1,1,2014-04-26,0454,Aqua,MODIS,62,6.2,302.5,19.7,D,0
-15.7866,132.0198,337.8,1,1,2014-04-26,0454,Aqua,MODIS,75,6.2,290.4,31.5,D,0
-15.7516,131.8734,326.8,1,1,2014-04-26,0454,Aqua,MODIS,51,6.2,296.3,14.3,D,0
-15.6216,131.3531,335.9,1,1,2014-04-26,0454,Aqua,MODIS,73,6.2,305,27.1,D,0
-15.5237,131.9901,333.5,1,1,2014-04-26,0454,Aqua,MODIS,64,6.2,304.2,19.3,D,0
-15.4759,132.002,328.3,1,1,2014-04-26,0454,Aqua,MODIS,60,6.2,303.8,12.7,D,0
-15.4772,131.9927,333.2,1,1,2014-04-26,0454,Aqua,MODIS,78,6.2,304.3,19.4,D,0
-13.2722,131.9202,364.2,1,1,2014-04-26,0455,Aqua,MODIS,100,6.2,303.7,88.6,D,0
-13.2645,131.9135,349.5,1,1,2014-04-26,0455,Aqua,MODIS,95,6.2,303,52,D,0
-12.9983,131.5822,322.2,1,1,2014-04-26,0455,Aqua,MODIS,67,6.2,300.2,11.2,D,0
-13.2542,131.9213,332.1,1,1,2014-04-26,0455,Aqua,MODIS,84,6.2,303.2,23.1,D,0
-13.7466,131.6862,331.8,1,1,2014-04-26,0455,Aqua,MODIS,74,6.2,303.4,20.7,D,0
-12.9996,131.573,325.2,1,1,2014-04-26,0455,Aqua,MODIS,72,6.2,298,15,D,0
-13.6221,131.4624,318.9,1,1,2014-04-26,0455,Aqua,MODIS,43,6.2,296.2,9,D,0
-13.6208,131.4718,326.5,1,1,2014-04-26,0455,Aqua,MODIS,77,6.2,295.4,17.4,D,0
-13.2735,131.911,326.9,1,1,2014-04-26,0455,Aqua,MODIS,57,6.2,299.2,15.3,D,0
-13.6323,131.5212,327.9,1,1,2014-04-26,0455,Aqua,MODIS,74,6.2,302.2,16.9,D,0
-13.2632,131.9226,336.8,1,1,2014-04-26,0455,Aqua,MODIS,87,6.2,302.6,29,D,0
-12.9772,130.2015,315.5,1.1,1,2014-04-26,0455,Aqua,MODIS,46,6.2,294.1,9.6,D,0
-14.4192,127.0688,320.8,1.8,1.3,2014-04-26,0455,Aqua,MODIS,61,6.2,294.3,28.3,D,0
-12.6957,131.9689,317.7,1,1,2014-04-26,0455,Aqua,MODIS,67,6.2,297.2,7.9,D,0
-12.7367,131.1558,317.6,1,1,2014-04-26,0455,Aqua,MODIS,67,6.2,298.5,7,D,0
-13.0671,130.7032,316.1,1.1,1,2014-04-26,0455,Aqua,MODIS,46,6.2,296.1,7.4,D,0
-12.972,131.2504,318,1,1,2014-04-26,0455,Aqua,MODIS,28,6.2,298.7,7,D,0
-12.9733,131.2411,324.4,1,1,2014-04-26,0455,Aqua,MODIS,59,6.2,299.2,15.3,D,0
-13.0302,130.7665,317.9,1,1,2014-04-26,0455,Aqua,MODIS,68,6.2,296.1,8.6,D,0
-12.9643,131.2398,335.1,1,1,2014-04-26,0455,Aqua,MODIS,85,6.2,298.4,28.5,D,0
-34.306,115.3975,315.8,1.1,1.1,2014-04-26,0628,Aqua,MODIS,0,6.2,283.3,17.1,D,0
-33.7036,116.8438,328.7,1.4,1.2,2014-04-26,0628,Aqua,MODIS,0,6.2,289.2,42.4,D,0
-34.4595,150.8819,300.6,1.2,1.1,2014-04-26,1235,Terra,MODIS,30,6.2,278.4,8.1,N,2
-25.8312,152.1857,300.9,1,1,2014-04-26,1237,Terra,MODIS,35,6.2,289.6,5,N,0
-24.1876,150.2672,310.8,1,1,2014-04-26,1238,Terra,MODIS,81,6.2,289.9,12.2,N,0
-22.3049,121.1199,301.3,1.7,1.3,2014-04-26,1417,Terra,MODIS,9,6.2,288.2,10.2,N,0
-16.4493,126.6559,306.2,1.1,1,2014-04-26,1418,Terra,MODIS,44,6.2,294.4,5.4,N,0
-16.4478,126.6659,306.2,1.1,1,2014-04-26,1418,Terra,MODIS,34,6.2,294.4,5.2,N,0
-16.46,126.6476,316.8,1.1,1,2014-04-26,1418,Terra,MODIS,61,6.2,295.5,13.3,N,0
-16.9485,124.8585,306.3,1,1,2014-04-26,1418,Terra,MODIS,60,6.2,296.1,4.4,N,0
-16.615,130.635,306,1.8,1.3,2014-04-26,1418,Terra,MODIS,7,6.2,293.7,7.7,N,0
-16.9769,124.8533,308.5,1,1,2014-04-26,1418,Terra,MODIS,73,6.2,297,5.3,N,0
-16.4508,126.6461,308.7,1.1,1,2014-04-26,1418,Terra,MODIS,49,6.2,294.2,7.3,N,0
-18.5679,127.4928,307.3,1.1,1,2014-04-26,1418,Terra,MODIS,35,6.2,294.9,5.7,N,0
-18.5473,127.4626,307,1.1,1,2014-04-26,1418,Terra,MODIS,48,6.2,295.7,5.7,N,0
-18.0747,124.0854,325.3,1.1,1,2014-04-26,1418,Terra,MODIS,100,6.2,297.2,22.5,N,0
-16.6266,130.6373,309.7,1.8,1.3,2014-04-26,1418,Terra,MODIS,78,6.2,294.1,13.5,N,0
-18.538,127.461,306.9,1.1,1,2014-04-26,1418,Terra,MODIS,64,6.2,295.4,5.8,N,0
-14.5911,126.708,306,1.1,1,2014-04-26,1419,Terra,MODIS,60,6.2,295.2,5.8,N,0
-16.2082,125.9778,309.5,1,1,2014-04-26,1419,Terra,MODIS,77,6.2,295.3,7.5,N,0
-16.1863,125.4984,312.3,1,1,2014-04-26,1419,Terra,MODIS,84,6.2,294.2,9,N,0
-16.1759,125.5063,308,1,1,2014-04-26,1419,Terra,MODIS,72,6.2,293.7,6,N,0
-16.1773,125.497,305.3,1,1,2014-04-26,1419,Terra,MODIS,62,6.2,294,4.5,N,0
-16.4477,124.6296,307.5,1,1,2014-04-26,1419,Terra,MODIS,67,6.2,296.9,5.3,N,0
-14.4116,126.6771,306.3,1.1,1,2014-04-26,1419,Terra,MODIS,62,6.2,295.3,6.1,N,0
-15.8252,126.9446,305.7,1.1,1,2014-04-26,1419,Terra,MODIS,65,6.2,294.1,6,N,0
-15.3836,124.875,308.2,1,1,2014-04-26,1419,Terra,MODIS,32,6.2,296.4,4.7,N,0
-15.4029,124.8685,309.6,1,1,2014-04-26,1419,Terra,MODIS,47,6.2,296.2,5.7,N,0
-15.4119,124.8699,319.8,1,1,2014-04-26,1419,Terra,MODIS,99,6.2,296.4,14.3,N,0
-15.1351,127.9699,313.4,1.2,1.1,2014-04-26,1419,Terra,MODIS,87,6.2,296.3,12.2,N,0
-15.1969,127.3125,304.6,1.1,1.1,2014-04-26,1419,Terra,MODIS,61,6.2,293.5,6,N,0
-15.1324,128.0527,326.2,1.3,1.1,2014-04-26,1419,Terra,MODIS,100,6.2,296.5,30.3,N,0
-15.1424,128.0545,311.4,1.3,1.1,2014-04-26,1419,Terra,MODIS,43,6.2,296.2,10.3,N,0
-15.1431,128.0487,307.4,1.3,1.1,2014-04-26,1419,Terra,MODIS,71,6.2,295.4,6.7,N,0
-15.1413,128.0601,309.4,1.3,1.1,2014-04-26,1419,Terra,MODIS,77,6.2,296.5,8.6,N,0
-15.4193,124.9468,308.4,1,1,2014-04-26,1419,Terra,MODIS,71,6.2,296,5.5,N,0
-15.4143,124.9176,318.3,1,1,2014-04-26,1419,Terra,MODIS,96,6.2,296.3,13.3,N,0
-15.4251,124.7772,315.8,1,1,2014-04-26,1419,Terra,MODIS,91,6.2,296.5,10.7,N,0
-15.0663,127.5605,303.8,1.2,1.1,2014-04-26,1419,Terra,MODIS,35,6.2,293.8,5,N,0
-15.201,127.4782,311.7,1.2,1.1,2014-04-26,1419,Terra,MODIS,83,6.2,295.6,10.6,N,0
-15.4156,124.9083,312.2,1,1,2014-04-26,1419,Terra,MODIS,82,6.2,295.9,8.2,N,0
-15.0218,127.9092,308.9,1.2,1.1,2014-04-26,1419,Terra,MODIS,76,6.2,296.3,7.9,N,0
-15.3593,124.8523,346.7,1,1,2014-04-26,1419,Terra,MODIS,100,6.2,298.4,52.4,N,0
-15.3606,124.843,308.2,1,1,2014-04-26,1419,Terra,MODIS,70,6.2,296.7,5,N,0
-16.4826,124.7083,308,1,1,2014-04-26,1419,Terra,MODIS,49,6.2,295.3,4.7,N,0
-15.1947,127.7886,307.7,1.2,1.1,2014-04-26,1419,Terra,MODIS,72,6.2,296.9,6,N,0
-16.4929,124.7003,310.6,1,1,2014-04-26,1419,Terra,MODIS,65,6.2,295.6,6.7,N,0
-16.4916,124.7097,308,1,1,2014-04-26,1419,Terra,MODIS,45,6.2,295.2,4.9,N,0
-15.031,127.5151,305.3,1.2,1.1,2014-04-26,1419,Terra,MODIS,38,6.2,295.2,6,N,0
-15.1986,127.3019,307.2,1.1,1.1,2014-04-26,1419,Terra,MODIS,71,6.2,293.7,8,N,0
-15.189,127.3003,304.3,1.1,1.1,2014-04-26,1419,Terra,MODIS,12,6.2,293.5,5.1,N,0
-14.382,127.6194,310.5,1.2,1.1,2014-04-26,1419,Terra,MODIS,79,6.2,295,11.5,N,0
-15.358,124.8615,357.9,1,1,2014-04-26,1419,Terra,MODIS,100,6.2,299.4,76.9,N,0
-14.3838,127.6082,308.9,1.2,1.1,2014-04-26,1419,Terra,MODIS,74,6.2,294.2,10.1,N,0
-16.4233,124.6064,309,1,1,2014-04-26,1419,Terra,MODIS,72,6.2,297.1,6,N,0
-14.3816,127.6129,314.6,1.2,1.1,2014-04-26,1419,Terra,MODIS,89,6.2,294.8,15.4,N,0
-15.9745,124.7273,312.4,1,1,2014-04-26,1419,Terra,MODIS,83,6.2,296.9,8,N,0
-16.3281,123.8283,308.2,1,1,2014-04-26,1419,Terra,MODIS,69,6.2,297.8,5.2,N,0
-15.8534,124.9971,314.7,1,1,2014-04-26,1419,Terra,MODIS,89,6.2,295.7,10.5,N,0
-15.8548,124.9878,320.5,1,1,2014-04-26,1419,Terra,MODIS,100,6.2,296.4,15.8,N,0
-14.6063,125.7962,307.5,1,1,2014-04-26,1419,Terra,MODIS,66,6.2,294.7,5.5,N,0
-14.5585,125.812,307.2,1,1,2014-04-26,1419,Terra,MODIS,65,6.2,295.5,5.9,N,0
-20.7307,139.4887,307.6,1.5,1.2,2014-04-26,1547,Aqua,MODIS,72,6.2,292.1,13.6,N,2
-20.7282,139.4744,309.1,1.5,1.2,2014-04-26,1547,Aqua,MODIS,76,6.2,292.9,15.5,N,0
-16.3406,125.2395,305.1,1.6,1.3,2014-04-26,1724,Aqua,MODIS,63,6.2,294.3,10,N,0
-15.4124,124.9505,307.1,1.5,1.2,2014-04-26,1724,Aqua,MODIS,70,6.2,295.2,9.7,N,0
-15.0608,127.5806,303.5,2.3,1.5,2014-04-26,1724,Aqua,MODIS,28,6.2,292.3,13.3,N,0
-15.0425,127.5384,307.5,2.3,1.5,2014-04-26,1724,Aqua,MODIS,68,6.2,292.2,21.7,N,0
-15.1293,128.0547,302.7,2.5,1.5,2014-04-26,1724,Aqua,MODIS,51,6.2,292,12.4,N,0
-15.045,127.5601,315.5,2.3,1.5,2014-04-26,1724,Aqua,MODIS,91,6.2,292.8,41.8,N,0
-15.0293,127.5408,310.2,2.3,1.5,2014-04-26,1724,Aqua,MODIS,76,6.2,293,28.1,N,0
-15.1349,127.9818,302.8,2.5,1.5,2014-04-26,1724,Aqua,MODIS,51,6.2,292.1,13,N,0
-15.0317,127.5617,313.8,2.3,1.5,2014-04-26,1724,Aqua,MODIS,88,6.2,293.2,37.2,N,0
-16.4896,124.7062,304.5,1.5,1.2,2014-04-26,1724,Aqua,MODIS,15,6.2,294.5,6.1,N,0
-15.0487,127.5587,320.8,4.1,1.9,2014-04-27,0110,Terra,MODIS,75,6.2,295,82.8,D,0
-15.0521,127.5503,318.8,4.1,1.9,2014-04-27,0110,Terra,MODIS,53,6.2,295,64.6,D,0
-15.1373,127.978,316,3.8,1.8,2014-04-27,0110,Terra,MODIS,32,6.2,295.6,35.1,D,0
-15.1312,127.9866,317.2,3.8,1.8,2014-04-27,0110,Terra,MODIS,62,6.2,295.4,45.1,D,0
-15.0075,127.9086,312.9,3.8,1.8,2014-04-27,0110,Terra,MODIS,61,6.2,294.7,31.2,D,0
-14.3969,127.6232,316.2,4.1,1.9,2014-04-27,0110,Terra,MODIS,25,6.2,293.6,48.7,D,0
-15.213,127.5474,321,4,1.9,2014-04-27,0110,Terra,MODIS,62,6.2,295.5,73.6,D,0
-14.3561,127.592,319.6,4.2,1.9,2014-04-27,0110,Terra,MODIS,71,6.2,293.5,76.6,D,0
-15.7807,130.1376,316,2.5,1.5,2014-04-27,0110,Terra,MODIS,63,6.2,294.3,28.9,D,0
-14.3801,127.6265,318.9,4.1,1.9,2014-04-27,0110,Terra,MODIS,58,6.2,293.8,67.6,D,0
-15.1185,127.334,315.1,4.2,1.9,2014-04-27,0110,Terra,MODIS,65,6.2,294.7,56.9,D,0
-15.1155,127.3403,312.8,4.2,1.9,2014-04-27,0110,Terra,MODIS,60,6.2,294.7,40.5,D,0
-15.0246,127.5237,325.1,4.1,1.9,2014-04-27,0110,Terra,MODIS,79,6.2,295.2,116.8,D,0
-15.2018,127.5179,318.2,4.1,1.9,2014-04-27,0110,Terra,MODIS,39,6.2,295.8,54.8,D,0
-15.7851,130.1613,314.5,2.5,1.5,2014-04-27,0110,Terra,MODIS,41,6.2,293.8,25.5,D,0
-14.3586,127.584,315.4,4.2,1.9,2014-04-27,0110,Terra,MODIS,39,6.2,293.3,47.9,D,0
-14.3829,127.6186,324.6,4.1,1.9,2014-04-27,0110,Terra,MODIS,80,6.2,293.9,117.7,D,0
-15.2086,127.5541,324.1,4,1.9,2014-04-27,0110,Terra,MODIS,76,6.2,295.9,92.8,D,0
-15.1956,127.2783,318.7,4.2,1.9,2014-04-27,0110,Terra,MODIS,71,6.2,295,78.9,D,0
-15.1974,127.2703,320.5,4.2,1.9,2014-04-27,0110,Terra,MODIS,74,6.2,295.2,93.6,D,0
-15.2167,127.7776,316.3,3.9,1.8,2014-04-27,0110,Terra,MODIS,67,6.2,295,43.6,D,0
-16.3376,131.9386,333.6,1.8,1.3,2014-04-27,0110,Terra,MODIS,82,6.2,291.1,67,D,0
-16.469,126.6634,313.1,4.4,1.9,2014-04-27,0111,Terra,MODIS,58,6.2,295.4,44.9,D,0
-16.4702,126.6577,312.5,4.4,1.9,2014-04-27,0111,Terra,MODIS,55,6.2,295.2,41.9,D,0
-20.7332,139.478,325,1.2,1.1,2014-04-27,0111,Terra,MODIS,60,6.2,307.6,13.1,D,2
-34.1194,139.8838,311.9,1.9,1.4,2014-04-27,0115,Terra,MODIS,68,6.2,293,23.3,D,0
-37.4926,144.9666,300.6,4.4,1.9,2014-04-27,0116,Terra,MODIS,36,6.2,288.8,33.3,D,0
-22.9547,122.535,329.1,4.6,2,2014-04-27,0251,Terra,MODIS,79,6.2,297.9,177.4,D,0
-22.9717,122.5286,333.3,4.6,2,2014-04-27,0251,Terra,MODIS,83,6.2,297.1,231,D,0
-22.9726,122.5333,334.1,4.6,2,2014-04-27,0251,Terra,MODIS,84,6.2,296.9,238.1,D,0
-22.9513,122.4897,320.2,4.6,2,2014-04-27,0251,Terra,MODIS,32,6.2,295.9,81.9,D,0
-22.9335,122.4914,319.2,4.6,2,2014-04-27,0251,Terra,MODIS,34,6.2,295.3,73.3,D,0
-22.9562,122.5423,328.4,4.6,2,2014-04-27,0251,Terra,MODIS,61,6.2,297.9,161.2,D,0
-22.9347,122.4987,322.1,4.6,2,2014-04-27,0251,Terra,MODIS,57,6.2,295.3,98,D,0
-34.2118,117.4174,310.5,2.7,1.6,2014-04-27,0254,Terra,MODIS,70,6.2,288.9,36.5,D,0
-34.2095,117.4247,309.2,2.7,1.6,2014-04-27,0254,Terra,MODIS,68,6.2,289,30.3,D,0
-34.3152,116.3946,302.5,2.3,1.5,2014-04-27,0254,Terra,MODIS,42,6.2,290.1,11.9,D,0
-38.0154,143.1398,312.7,2.5,1.5,2014-04-27,0352,Aqua,MODIS,73,6.2,286.9,43.3,D,0
-38.1678,143.849,308.9,2.3,1.5,2014-04-27,0352,Aqua,MODIS,51,6.2,289.7,28.4,D,0
-38.0496,143.5509,316.6,2.4,1.5,2014-04-27,0352,Aqua,MODIS,58,6.2,289.9,49.4,D,0
-37.8206,144.3988,304,2.1,1.4,2014-04-27,0352,Aqua,MODIS,42,6.2,289.6,14,D,0
-36.8105,144.3062,302.1,2.1,1.4,2014-04-27,0353,Aqua,MODIS,41,6.2,290.1,9.8,D,0
-36.4435,141.3509,320.6,3.2,1.7,2014-04-27,0353,Aqua,MODIS,78,6.2,296.7,78.8,D,0
-36.4545,141.3564,315.9,3.2,1.7,2014-04-27,0353,Aqua,MODIS,69,6.2,296.6,51.6,D,0
-36.729,144.5232,307.9,2,1.4,2014-04-27,0353,Aqua,MODIS,64,6.2,294.4,16.8,D,0
-36.8096,144.3244,316.2,2.1,1.4,2014-04-27,0353,Aqua,MODIS,75,6.2,292,35.7,D,0
-36.8087,144.3293,313.2,2.1,1.4,2014-04-27,0353,Aqua,MODIS,73,6.2,292.3,30.6,D,0
-37.5328,143.4339,314.5,2.4,1.5,2014-04-27,0353,Aqua,MODIS,75,6.2,291.6,43.9,D,0
-37.1654,143.8995,312.7,2.2,1.4,2014-04-27,0353,Aqua,MODIS,73,6.2,295.3,29.6,D,0
-36.7607,142.6544,309.1,2.6,1.6,2014-04-27,0353,Aqua,MODIS,50,6.2,295.2,21.7,D,0
-36.7586,142.6842,311.5,2.6,1.6,2014-04-27,0353,Aqua,MODIS,67,6.2,295.4,28.4,D,0
-36.7636,142.6598,312.8,2.6,1.6,2014-04-27,0353,Aqua,MODIS,70,6.2,295.5,35,D,0
-37.0901,143.8391,309.3,2.2,1.4,2014-04-27,0353,Aqua,MODIS,51,6.2,295,22.1,D,0
-36.8373,141.5161,307,3.1,1.7,2014-04-27,0353,Aqua,MODIS,37,6.2,294.7,23.3,D,0
-36.8489,141.522,307.2,3.1,1.7,2014-04-27,0353,Aqua,MODIS,48,6.2,296,25.9,D,0
-36.7616,142.6896,308.3,2.6,1.6,2014-04-27,0353,Aqua,MODIS,62,6.2,295.4,21.5,D,0
-36.6646,141.4176,338.2,3.1,1.7,2014-04-27,0353,Aqua,MODIS,90,6.2,299.1,194.9,D,0
-37.0255,141.3631,320.5,3.2,1.7,2014-04-27,0353,Aqua,MODIS,79,6.2,295.4,79.6,D,0
-36.6624,141.4535,328,3.1,1.7,2014-04-27,0353,Aqua,MODIS,84,6.2,296.7,119.2,D,0
-36.6605,141.4222,351.4,3.1,1.7,2014-04-27,0353,Aqua,MODIS,96,6.2,298.6,331.2,D,0
-37.6586,142.9014,318.5,2.6,1.5,2014-04-27,0353,Aqua,MODIS,79,6.2,290.5,60.4,D,0
-36.6585,141.4581,319.9,3.1,1.7,2014-04-27,0353,Aqua,MODIS,78,6.2,295.4,77.8,D,0
-37.5902,142.5828,315.2,2.7,1.6,2014-04-27,0353,Aqua,MODIS,76,6.2,289.9,51.5,D,0
-37.1411,143.3889,302.9,2.4,1.5,2014-04-27,0353,Aqua,MODIS,38,6.2,287.3,18.7,D,0
-37.135,143.3957,302.6,2.4,1.5,2014-04-27,0353,Aqua,MODIS,36,6.2,287.9,17.6,D,0
-37.5882,142.6138,313.2,2.7,1.6,2014-04-27,0353,Aqua,MODIS,73,6.2,289.6,43.6,D,0
-37.3989,144.8116,305.1,2,1.4,2014-04-27,0353,Aqua,MODIS,59,6.2,290.1,15,D,0
-37.4011,144.819,301.9,2,1.4,2014-04-27,0353,Aqua,MODIS,49,6.2,290.4,10.7,D,0
-37.7673,144.4171,300.2,2.1,1.4,2014-04-27,0353,Aqua,MODIS,22,6.2,289.6,8.2,D,0
-37.7742,142.2486,311.2,2.9,1.6,2014-04-27,0353,Aqua,MODIS,40,6.2,285.7,40.7,D,0
-36.9457,141.8902,315.2,3,1.6,2014-04-27,0353,Aqua,MODIS,70,6.2,297.9,43.7,D,0
-37.3078,142.7826,317.2,2.6,1.6,2014-04-27,0353,Aqua,MODIS,77,6.2,292.7,56.7,D,0
-37.3058,142.8127,317.4,2.6,1.6,2014-04-27,0353,Aqua,MODIS,78,6.2,293.1,57.4,D,0
-37.3603,142.8488,310.6,2.6,1.5,2014-04-27,0353,Aqua,MODIS,59,6.2,291.5,31.5,D,0
-37.7767,142.223,307.3,2.9,1.6,2014-04-27,0353,Aqua,MODIS,48,6.2,288.1,31.4,D,0
-37.2142,143.9104,318.1,2.2,1.4,2014-04-27,0353,Aqua,MODIS,78,6.2,294,45.1,D,0
-37.8422,142.128,300.6,2.9,1.6,2014-04-27,0353,Aqua,MODIS,40,6.2,289.8,16.2,D,0
-37.8401,142.1617,305.3,2.9,1.6,2014-04-27,0353,Aqua,MODIS,61,6.2,289.5,28.2,D,0
-37.841,142.1326,303.2,2.9,1.6,2014-04-27,0353,Aqua,MODIS,55,6.2,289.8,22.9,D,0
-37.8391,142.1662,303.5,2.9,1.6,2014-04-27,0353,Aqua,MODIS,56,6.2,289.4,23.1,D,0
-35.7368,144.5098,317.5,2,1.4,2014-04-27,0353,Aqua,MODIS,74,6.2,295.6,30.2,D,0
-35.7349,144.5316,317.6,1.9,1.4,2014-04-27,0353,Aqua,MODIS,74,6.2,296.2,30.4,D,0
-37.523,143.0838,312.7,2.5,1.5,2014-04-27,0353,Aqua,MODIS,73,6.2,290.6,37.7,D,0
-37.5304,143.0626,312.4,2.5,1.5,2014-04-27,0353,Aqua,MODIS,72,6.2,290.2,38.4,D,0
-37.7869,143.6425,306.8,2.3,1.5,2014-04-27,0353,Aqua,MODIS,64,6.2,288.6,27.9,D,0
-37.5285,143.0917,308.4,2.5,1.5,2014-04-27,0353,Aqua,MODIS,65,6.2,290.5,25.6,D,0
-37.0206,141.3674,319.4,3.2,1.7,2014-04-27,0353,Aqua,MODIS,78,6.2,295.6,78.7,D,0
-35.9341,142.0849,314.4,2.8,1.6,2014-04-27,0353,Aqua,MODIS,70,6.2,299.4,38.5,D,0
-35.7492,144.5114,311,2,1.4,2014-04-27,0353,Aqua,MODIS,22,6.2,294.8,16,D,0
-37.7888,143.6152,302.3,2.3,1.5,2014-04-27,0353,Aqua,MODIS,51,6.2,288.3,17.4,D,0
-37.4235,143.1028,305.9,2.5,1.5,2014-04-27,0353,Aqua,MODIS,62,6.2,290.9,22.6,D,0
-37.4327,143.0994,307.1,2.5,1.5,2014-04-27,0353,Aqua,MODIS,65,6.2,290.9,25.7,D,0
-37.6055,142.088,307.5,2.9,1.6,2014-04-27,0353,Aqua,MODIS,40,6.2,290.3,30.8,D,0
-37.599,142.188,322.5,2.9,1.6,2014-04-27,0353,Aqua,MODIS,82,6.2,290.9,91.1,D,0
-37.5969,142.2207,300.3,2.9,1.6,2014-04-27,0353,Aqua,MODIS,29,6.2,289.7,13.5,D,0
-37.6074,142.0616,305.4,2.9,1.6,2014-04-27,0353,Aqua,MODIS,61,6.2,290.3,28,D,0
-37.6054,142.0955,303.2,2.9,1.6,2014-04-27,0353,Aqua,MODIS,49,6.2,290.1,20,D,0
-37.6014,142.1626,302.7,2.9,1.6,2014-04-27,0353,Aqua,MODIS,53,6.2,290,18.5,D,0
-37.5995,142.1954,330.7,2.9,1.6,2014-04-27,0353,Aqua,MODIS,87,6.2,290.9,136.1,D,0
-35.7473,144.5332,314.6,1.9,1.4,2014-04-27,0353,Aqua,MODIS,50,6.2,295.9,23.1,D,0
-37.0934,143.8324,306.2,2.2,1.4,2014-04-27,0353,Aqua,MODIS,49,6.2,295,16.2,D,0
-37.6223,142.063,301.1,2.9,1.6,2014-04-27,0353,Aqua,MODIS,19,6.2,289.6,14.4,D,0
-36.9475,141.8855,311.2,3,1.6,2014-04-27,0353,Aqua,MODIS,59,6.2,297.5,29.5,D,0
-36.9325,141.8841,314.6,3,1.6,2014-04-27,0353,Aqua,MODIS,63,6.2,298,42.6,D,0
-36.8045,141.7627,338.7,3,1.6,2014-04-27,0353,Aqua,MODIS,91,6.2,299.2,191.8,D,0
-36.8068,141.7581,335.7,3,1.6,2014-04-27,0353,Aqua,MODIS,89,6.2,299.3,168.7,D,0
-37.6303,142.8987,313.6,2.6,1.5,2014-04-27,0353,Aqua,MODIS,74,6.2,290.2,42.5,D,0
-36.2313,141.3935,314.1,3.1,1.7,2014-04-27,0353,Aqua,MODIS,69,6.2,296,42.9,D,0
-36.2467,141.395,317.7,3.1,1.7,2014-04-27,0353,Aqua,MODIS,74,6.2,297.2,60.1,D,0
-36.2446,141.4299,308.8,3.1,1.7,2014-04-27,0353,Aqua,MODIS,38,6.2,297.1,22.6,D,0
-36.2901,141.6772,316.2,3,1.6,2014-04-27,0353,Aqua,MODIS,73,6.2,296.8,48.1,D,0
-36.2878,141.6814,316.8,3,1.6,2014-04-27,0353,Aqua,MODIS,73,6.2,296.8,53.8,D,0
-37.6269,142.8938,313.4,2.6,1.5,2014-04-27,0353,Aqua,MODIS,74,6.2,290.1,45.3,D,0
-37.0226,141.8633,318.9,3,1.6,2014-04-27,0353,Aqua,MODIS,78,6.2,297,64.5,D,0
-37.4306,143.1279,302.4,2.5,1.5,2014-04-27,0353,Aqua,MODIS,52,6.2,291.1,14.1,D,0
-37.5029,143.1687,301.8,2.5,1.5,2014-04-27,0353,Aqua,MODIS,49,6.2,290.2,13.5,D,0
-37.4969,143.1467,302.9,2.5,1.5,2014-04-27,0353,Aqua,MODIS,50,6.2,290.4,14.5,D,0
-36.8862,141.6386,311,3.1,1.7,2014-04-27,0353,Aqua,MODIS,64,6.2,297.6,37.2,D,0
-36.8862,141.6668,311.7,3,1.7,2014-04-27,0353,Aqua,MODIS,68,6.2,295,40.6,D,0
-36.8883,141.6317,309.5,3.1,1.7,2014-04-27,0353,Aqua,MODIS,59,6.2,297.9,33.1,D,0
-37.6368,143.2233,306.3,2.5,1.5,2014-04-27,0353,Aqua,MODIS,63,6.2,289.9,23.9,D,0
-37.8015,143.1603,315.7,2.5,1.5,2014-04-27,0353,Aqua,MODIS,76,6.2,290.1,47.9,D,0
-37.7876,143.1588,309.6,2.5,1.5,2014-04-27,0353,Aqua,MODIS,45,6.2,290.4,28.8,D,0
-36.2966,140.6492,307.3,3.5,1.8,2014-04-27,0353,Aqua,MODIS,52,6.2,296.5,24.9,D,0
-36.3051,140.6462,306.6,3.5,1.8,2014-04-27,0353,Aqua,MODIS,48,6.2,295.9,22,D,0
-36.741,142.5665,308.2,2.7,1.6,2014-04-27,0353,Aqua,MODIS,62,6.2,294.8,22.4,D,0
-37.7994,143.1891,304.9,2.5,1.5,2014-04-27,0353,Aqua,MODIS,32,6.2,290.4,18.6,D,0
-37.5465,143.238,304.3,2.5,1.5,2014-04-27,0353,Aqua,MODIS,58,6.2,290.2,19.4,D,0
-37.5405,143.1218,307.2,2.5,1.5,2014-04-27,0353,Aqua,MODIS,36,6.2,290.5,22,D,0
-37.7923,143.1642,327.3,2.5,1.5,2014-04-27,0353,Aqua,MODIS,85,6.2,290.8,94.4,D,0
-37.1263,142.121,307.5,2.9,1.6,2014-04-27,0353,Aqua,MODIS,66,6.2,290.5,35.4,D,0
-36.8132,143.2528,304.5,2.4,1.5,2014-04-27,0353,Aqua,MODIS,32,6.2,290.9,14.6,D,0
-36.786,143.2488,303.7,2.4,1.5,2014-04-27,0353,Aqua,MODIS,17,6.2,290.9,13.1,D,0
-36.778,143.163,309.6,2.4,1.5,2014-04-27,0353,Aqua,MODIS,63,6.2,293.7,25.4,D,0
-36.7905,143.2697,305.3,2.4,1.5,2014-04-27,0353,Aqua,MODIS,34,6.2,291.5,17.2,D,0
-36.7851,143.157,307.5,2.4,1.5,2014-04-27,0353,Aqua,MODIS,58,6.2,293.8,20.7,D,0
-36.7007,143.1752,306.5,2.4,1.5,2014-04-27,0353,Aqua,MODIS,52,6.2,295.6,18,D,0
-37.1268,142.1162,308.8,2.9,1.6,2014-04-27,0353,Aqua,MODIS,67,6.2,290.3,39.2,D,0
-37.0907,141.9782,344.8,2.9,1.6,2014-04-27,0353,Aqua,MODIS,94,6.2,298.3,231.8,D,0
-37.0927,141.9446,314.4,2.9,1.6,2014-04-27,0353,Aqua,MODIS,74,6.2,297.5,42.6,D,0
-37.4615,142.8953,310.3,2.6,1.5,2014-04-27,0353,Aqua,MODIS,70,6.2,290.9,31.8,D,0
-36.7386,142.5612,313.8,2.7,1.6,2014-04-27,0353,Aqua,MODIS,71,6.2,294.9,39.8,D,0
-37.4593,142.9255,313.1,2.6,1.5,2014-04-27,0353,Aqua,MODIS,73,6.2,290.6,39.9,D,0
-37.4651,142.9001,309.3,2.6,1.5,2014-04-27,0353,Aqua,MODIS,68,6.2,290.6,29.7,D,0
-37.4631,142.9302,305.8,2.6,1.5,2014-04-27,0353,Aqua,MODIS,62,6.2,290.3,20.5,D,0
-37.5251,143.0548,304.1,2.5,1.5,2014-04-27,0353,Aqua,MODIS,54,6.2,289.6,16.4,D,0
-37.7165,141.9722,303,3,1.6,2014-04-27,0353,Aqua,MODIS,55,6.2,290.3,22.4,D,0
-37.8226,141.9547,303.9,3,1.6,2014-04-27,0353,Aqua,MODIS,57,6.2,289.5,26,D,0
-36.7343,141.1409,309.9,3.3,1.7,2014-04-27,0353,Aqua,MODIS,64,6.2,296.8,32.1,D,0
-36.7393,141.1341,311.5,3.3,1.7,2014-04-27,0353,Aqua,MODIS,67,6.2,297,38.9,D,0
-36.9036,142.3413,303.6,2.8,1.6,2014-04-27,0353,Aqua,MODIS,46,6.2,293.2,11,D,0
-37.5374,142.7328,308.2,2.7,1.6,2014-04-27,0353,Aqua,MODIS,67,6.2,288.1,28.3,D,0
-37.5319,142.7557,303.7,2.6,1.6,2014-04-27,0353,Aqua,MODIS,39,6.2,289.7,16.2,D,0
-37.5339,142.7253,303.3,2.7,1.6,2014-04-27,0353,Aqua,MODIS,38,6.2,287.9,15.4,D,0
-37.3666,142.8268,338.2,2.6,1.6,2014-04-27,0353,Aqua,MODIS,91,6.2,292.8,158.3,D,0
-37.3685,142.7964,316,2.6,1.6,2014-04-27,0353,Aqua,MODIS,76,6.2,290.3,51.3,D,0
-37.3624,142.819,335.2,2.6,1.6,2014-04-27,0353,Aqua,MODIS,89,6.2,292.9,138.5,D,0
-36.4064,145.6067,319.8,1.7,1.3,2014-04-27,0353,Aqua,MODIS,79,6.2,296.6,30,D,0
-35.755,146.848,342.5,1.4,1.2,2014-04-27,0353,Aqua,MODIS,93,6.2,297.7,72.7,D,0
-34.9722,146.6066,372.7,1.4,1.2,2014-04-27,0353,Aqua,MODIS,100,6.2,305,202.1,D,0
-33.9276,147.4865,362.5,1.2,1.1,2014-04-27,0353,Aqua,MODIS,100,6.2,305.3,116.9,D,0
-35.6094,146.8132,310.6,1.4,1.2,2014-04-27,0353,Aqua,MODIS,68,6.2,297.9,9.7,D,0
-36.142,146.4778,304,1.5,1.2,2014-04-27,0353,Aqua,MODIS,42,6.2,293.1,7.2,D,0
-33.9292,147.4729,357.2,1.2,1.1,2014-04-27,0353,Aqua,MODIS,98,6.2,303.1,97.4,D,0
-34.639,146.8285,316.9,1.4,1.2,2014-04-27,0353,Aqua,MODIS,72,6.2,299.8,14.8,D,0
-34.9657,147.0721,315.9,1.3,1.1,2014-04-27,0353,Aqua,MODIS,73,6.2,301.1,13.8,D,0
-36.5503,145.534,335.9,1.7,1.3,2014-04-27,0353,Aqua,MODIS,90,6.2,297.6,75.8,D,0
-35.3671,145.2663,314.5,1.7,1.3,2014-04-27,0353,Aqua,MODIS,69,6.2,299.4,17.4,D,0
-35.6391,146.7374,331.2,1.4,1.2,2014-04-27,0353,Aqua,MODIS,87,6.2,297.7,44.1,D,0
-35.5648,146.1301,312,1.5,1.2,2014-04-27,0353,Aqua,MODIS,68,6.2,300.1,10.3,D,0
-35.446,147.0428,327.9,1.4,1.2,2014-04-27,0353,Aqua,MODIS,84,6.2,296.8,35.5,D,0
-34.9714,147.7481,311.7,1.2,1.1,2014-04-27,0353,Aqua,MODIS,68,6.2,293,11.4,D,0
-36.145,146.4679,305,1.5,1.2,2014-04-27,0353,Aqua,MODIS,53,6.2,293.7,8.4,D,0
-35.375,147.1082,312.9,1.4,1.2,2014-04-27,0353,Aqua,MODIS,70,6.2,296.7,13,D,0
-36.0837,146.503,341.7,1.5,1.2,2014-04-27,0353,Aqua,MODIS,92,6.2,297.7,80.6,D,0
-36.3254,145.6272,311.4,1.7,1.3,2014-04-27,0353,Aqua,MODIS,69,6.2,297.2,13.3,D,0
-35.1337,146.4595,334,1.5,1.2,2014-04-27,0353,Aqua,MODIS,88,6.2,301.1,50.1,D,0
-34.4274,145.9369,335.9,1.5,1.2,2014-04-27,0353,Aqua,MODIS,88,6.2,302,56.2,D,0
-35.6855,146.8461,312.9,1.4,1.2,2014-04-27,0353,Aqua,MODIS,72,6.2,296.3,13.9,D,0
-34.858,147.4817,315.6,1.3,1.1,2014-04-27,0353,Aqua,MODIS,73,6.2,295.2,14.5,D,0
-35.2532,147.4842,315.6,1.3,1.1,2014-04-27,0353,Aqua,MODIS,74,6.2,292.6,16.7,D,0
-35.917,146.4654,309.6,1.5,1.2,2014-04-27,0353,Aqua,MODIS,67,6.2,296.9,10.2,D,0
-34.9667,146.7641,310.8,1.4,1.2,2014-04-27,0353,Aqua,MODIS,59,6.2,299.4,7.8,D,0
-34.4416,146.9675,314.1,1.3,1.1,2014-04-27,0353,Aqua,MODIS,41,6.2,300.2,8.5,D,0
-36.5356,145.367,330.3,1.8,1.3,2014-04-27,0353,Aqua,MODIS,86,6.2,297,59.3,D,0
-35.3766,147.093,326,1.4,1.2,2014-04-27,0353,Aqua,MODIS,83,6.2,296.3,32.1,D,0
-35.8702,146.3679,324.4,1.5,1.2,2014-04-27,0353,Aqua,MODIS,82,6.2,297.8,34,D,0
-35.6489,147.0927,305.8,1.4,1.2,2014-04-27,0353,Aqua,MODIS,30,6.2,291.8,6.8,D,0
-35.4682,146.6334,309.9,1.4,1.2,2014-04-27,0353,Aqua,MODIS,65,6.2,299.4,7.5,D,0
-36.0381,146.6086,306.6,1.5,1.2,2014-04-27,0353,Aqua,MODIS,57,6.2,294.8,8.6,D,0
-36.041,146.5977,314.4,1.5,1.2,2014-04-27,0353,Aqua,MODIS,74,6.2,296.2,16.9,D,0
-36.0727,146.5013,334.1,1.5,1.2,2014-04-27,0353,Aqua,MODIS,89,6.2,296.5,58.7,D,0
-34.7776,147.7588,313.2,1.2,1.1,2014-04-27,0353,Aqua,MODIS,70,6.2,295.7,11.4,D,0
-34.8938,147.1903,320.1,1.3,1.1,2014-04-27,0353,Aqua,MODIS,77,6.2,299.2,19.6,D,0
-34.8922,147.2049,318.2,1.3,1.1,2014-04-27,0353,Aqua,MODIS,60,6.2,298.2,16,D,0
-35.8685,146.3847,346.3,1.5,1.2,2014-04-27,0353,Aqua,MODIS,94,6.2,299.8,93.2,D,0
-33.9191,147.4713,321.9,1.2,1.1,2014-04-27,0353,Aqua,MODIS,45,6.2,304.6,17.1,D,0
-36.1183,146.4913,305.8,1.5,1.2,2014-04-27,0353,Aqua,MODIS,53,6.2,294,8.7,D,0
-36.1941,146.4238,310,1.5,1.2,2014-04-27,0353,Aqua,MODIS,67,6.2,294.2,14,D,0
-36.082,146.5198,335.2,1.5,1.2,2014-04-27,0353,Aqua,MODIS,89,6.2,296.1,61.4,D,0
-35.3464,147.3747,309.3,1.3,1.1,2014-04-27,0353,Aqua,MODIS,57,6.2,296.1,9.4,D,0
-36.172,146.4204,307.2,1.5,1.2,2014-04-27,0353,Aqua,MODIS,27,6.2,294.2,9.5,D,0
-35.7566,146.8323,324,1.4,1.2,2014-04-27,0353,Aqua,MODIS,83,6.2,298.2,29.7,D,0
-35.4502,147.0488,330.4,1.4,1.2,2014-04-27,0353,Aqua,MODIS,86,6.2,296.6,40.5,D,0
-36.3506,145.8592,309.8,1.6,1.3,2014-04-27,0353,Aqua,MODIS,67,6.2,296,12.7,D,0
-36.1065,146.3864,353.6,1.5,1.2,2014-04-27,0353,Aqua,MODIS,97,6.2,297,126.9,D,0
-34.8276,147.4998,314.8,1.3,1.1,2014-04-27,0353,Aqua,MODIS,59,6.2,295.1,13.8,D,0
-37.0015,146.0546,304.3,1.6,1.3,2014-04-27,0353,Aqua,MODIS,58,6.2,292.7,9,D,0
-34.8495,147.4892,358.1,1.3,1.1,2014-04-27,0353,Aqua,MODIS,99,6.2,297.2,110.9,D,0
-35.2443,146.8268,311.6,1.4,1.2,2014-04-27,0353,Aqua,MODIS,67,6.2,297.6,9.2,D,0
-36.1082,146.3693,308.2,1.5,1.2,2014-04-27,0353,Aqua,MODIS,65,6.2,293.5,12.2,D,0
-34.5411,147.334,314.2,1.3,1.1,2014-04-27,0353,Aqua,MODIS,49,6.2,294.6,10.9,D,0
-36.5409,145.3728,320.9,1.8,1.3,2014-04-27,0353,Aqua,MODIS,80,6.2,296.2,36,D,0
-34.5691,147.6282,311.6,1.2,1.1,2014-04-27,0353,Aqua,MODIS,40,6.2,296.1,7.5,D,0
-36.5386,145.5323,352.5,1.7,1.3,2014-04-27,0353,Aqua,MODIS,97,6.2,297.5,145.4,D,0
-34.8596,147.2145,339.2,1.3,1.1,2014-04-27,0353,Aqua,MODIS,91,6.2,299,55.2,D,0
-34.9729,147.7345,313.5,1.2,1.1,2014-04-27,0353,Aqua,MODIS,71,6.2,294.3,13.6,D,0
-34.9829,146.6082,316.6,1.4,1.2,2014-04-27,0353,Aqua,MODIS,61,6.2,299.5,14.4,D,0
-34.5529,146.8857,314.8,1.4,1.2,2014-04-27,0353,Aqua,MODIS,62,6.2,299.9,9.9,D,0
-35.4486,147.0641,308.9,1.4,1.2,2014-04-27,0353,Aqua,MODIS,57,6.2,295.6,7.9,D,0
-35.9354,146.0495,306.2,1.6,1.2,2014-04-27,0353,Aqua,MODIS,47,6.2,295.3,7.2,D,0
-35.9449,146.0688,306.7,1.6,1.2,2014-04-27,0353,Aqua,MODIS,28,6.2,295.3,7.5,D,0
-35.3625,145.2726,315.6,1.7,1.3,2014-04-27,0353,Aqua,MODIS,71,6.2,300,20,D,0
-34.5424,146.8841,342,1.4,1.2,2014-04-27,0353,Aqua,MODIS,92,6.2,302.4,63,D,0
-34.9706,146.6224,319.6,1.4,1.2,2014-04-27,0353,Aqua,MODIS,76,6.2,297.5,18.7,D,0
-36.0398,146.5921,309.1,1.5,1.2,2014-04-27,0353,Aqua,MODIS,67,6.2,296.1,10.8,D,0
-36.4891,145.4807,308.5,1.7,1.3,2014-04-27,0353,Aqua,MODIS,65,6.2,294.9,14.2,D,0
-36.5374,145.347,334.1,1.8,1.3,2014-04-27,0353,Aqua,MODIS,88,6.2,298.1,72.2,D,0
-36.4105,145.6004,312.4,1.7,1.3,2014-04-27,0353,Aqua,MODIS,70,6.2,295.8,17.6,D,0
-34.8579,147.229,323,1.3,1.1,2014-04-27,0353,Aqua,MODIS,78,6.2,296.8,23.1,D,0
-35.9337,146.0672,311.6,1.6,1.2,2014-04-27,0353,Aqua,MODIS,69,6.2,295.2,14.7,D,0
-34.6404,147.5421,313.7,1.3,1.1,2014-04-27,0353,Aqua,MODIS,50,6.2,295.2,12.8,D,0
-35.6838,146.8619,338.7,1.4,1.2,2014-04-27,0353,Aqua,MODIS,91,6.2,296.6,63.1,D,0
-35.677,146.4793,308.2,1.5,1.2,2014-04-27,0353,Aqua,MODIS,59,6.2,297.9,6.2,D,0
-35.3458,146.7205,321.3,1.4,1.2,2014-04-27,0353,Aqua,MODIS,79,6.2,297.3,23.3,D,0
-36.5485,145.5535,308,1.7,1.3,2014-04-27,0353,Aqua,MODIS,33,6.2,295.5,11.4,D,0
-34.7791,147.7452,316.2,1.2,1.1,2014-04-27,0353,Aqua,MODIS,64,6.2,295.3,14.6,D,0
-34.3785,146.8159,315.8,1.4,1.2,2014-04-27,0353,Aqua,MODIS,68,6.2,300.9,12.9,D,0
-35.0315,146.8124,312.8,1.4,1.2,2014-04-27,0353,Aqua,MODIS,68,6.2,299.4,10.3,D,0
-36.3301,145.6226,317.1,1.7,1.3,2014-04-27,0353,Aqua,MODIS,64,6.2,297.7,21,D,0
-35.0254,146.8203,312.9,1.4,1.2,2014-04-27,0353,Aqua,MODIS,68,6.2,299.9,10.1,D,0
-34.8564,147.4957,327.8,1.3,1.1,2014-04-27,0353,Aqua,MODIS,84,6.2,295.7,31.5,D,0
-36.4086,145.6196,311.7,1.7,1.3,2014-04-27,0353,Aqua,MODIS,69,6.2,296.6,16.4,D,0
-36.5427,145.3528,361.4,1.8,1.3,2014-04-27,0353,Aqua,MODIS,100,6.2,299.3,203,D,0
-35.6408,146.7213,311.3,1.4,1.2,2014-04-27,0353,Aqua,MODIS,69,6.2,297.2,10.6,D,0
-36.5368,145.5518,319.9,1.7,1.3,2014-04-27,0353,Aqua,MODIS,79,6.2,295.6,33.9,D,0
-34.8174,147.4983,328.8,1.3,1.1,2014-04-27,0353,Aqua,MODIS,85,6.2,298.6,35,D,0
-36.4909,145.4611,320.2,1.7,1.3,2014-04-27,0353,Aqua,MODIS,79,6.2,295.9,35.9,D,0
-34.4312,146.9658,317.8,1.3,1.1,2014-04-27,0353,Aqua,MODIS,72,6.2,302.3,13.5,D,0
-34.6406,146.8134,327.2,1.4,1.2,2014-04-27,0353,Aqua,MODIS,82,6.2,303.4,31.7,D,0
-35.6224,146.8951,309.2,1.4,1.2,2014-04-27,0353,Aqua,MODIS,65,6.2,297.3,8.2,D,0
-35.4444,147.0581,329.1,1.4,1.2,2014-04-27,0353,Aqua,MODIS,85,6.2,297.1,37.9,D,0
-36.3271,145.608,315.4,1.7,1.3,2014-04-27,0353,Aqua,MODIS,74,6.2,296.9,20.3,D,0
-35.1321,146.4756,325.7,1.5,1.2,2014-04-27,0353,Aqua,MODIS,82,6.2,301.9,31.7,D,0
-34.4291,145.9201,328.7,1.5,1.2,2014-04-27,0353,Aqua,MODIS,83,6.2,302.1,38.6,D,0
-36.0711,146.518,326,1.5,1.2,2014-04-27,0353,Aqua,MODIS,84,6.2,294.4,39.8,D,0
-35.6474,147.1077,317.1,1.4,1.2,2014-04-27,0353,Aqua,MODIS,77,6.2,295.5,20.5,D,0
-35.6732,146.8602,328.9,1.4,1.2,2014-04-27,0353,Aqua,MODIS,86,6.2,296.7,39.3,D,0
-35.6715,146.8759,327,1.4,1.2,2014-04-27,0353,Aqua,MODIS,84,6.2,297.2,35.6,D,0
-35.3361,147.3729,309.1,1.3,1.1,2014-04-27,0353,Aqua,MODIS,52,6.2,296.8,9,D,0
-34.418,145.9184,316.3,1.5,1.2,2014-04-27,0353,Aqua,MODIS,68,6.2,303.3,16.2,D,0
-35.7512,146.8405,314.3,1.4,1.2,2014-04-27,0353,Aqua,MODIS,68,6.2,296.9,13.2,D,0
-34.4163,145.9353,321.2,1.5,1.2,2014-04-27,0353,Aqua,MODIS,75,6.2,304.1,24.4,D,0
-35.9154,146.4821,322.9,1.5,1.2,2014-04-27,0353,Aqua,MODIS,81,6.2,297.3,30.4,D,0
-34.6389,147.8199,308.4,1.2,1.1,2014-04-27,0353,Aqua,MODIS,32,6.2,294.2,6.9,D,0
-34.5604,148.1433,304.4,1.2,1.1,2014-04-27,0353,Aqua,MODIS,34,6.2,293.9,4.9,D,0
-34.1221,148.1533,324.4,1.2,1.1,2014-04-27,0353,Aqua,MODIS,78,6.2,300.8,20.7,D,0
-34.1236,148.1405,354.3,1.2,1.1,2014-04-27,0353,Aqua,MODIS,97,6.2,303.8,83.4,D,0
-34.5914,148.1356,313.7,1.2,1.1,2014-04-27,0353,Aqua,MODIS,71,6.2,293.1,13,D,0
-34.5929,148.1225,325.3,1.2,1.1,2014-04-27,0353,Aqua,MODIS,82,6.2,297.1,27.1,D,0
-34.1104,147.9145,339.3,1.2,1.1,2014-04-27,0353,Aqua,MODIS,90,6.2,301.8,49.2,D,0
-34.1119,147.9014,324.1,1.2,1.1,2014-04-27,0353,Aqua,MODIS,64,6.2,300.5,22.4,D,0
-34.2328,147.9955,323.7,1.2,1.1,2014-04-27,0353,Aqua,MODIS,80,6.2,296.2,23,D,0
-33.8987,148.2442,329.8,1.2,1.1,2014-04-27,0353,Aqua,MODIS,84,6.2,296.3,31.3,D,0
-33.9002,148.2316,308.2,1.2,1.1,2014-04-27,0353,Aqua,MODIS,50,6.2,295.4,6.3,D,0
-34.0057,148.2823,322.1,1.2,1.1,2014-04-27,0353,Aqua,MODIS,78,6.2,298.8,19.4,D,0
-34.5462,147.8317,306.3,1.2,1.1,2014-04-27,0353,Aqua,MODIS,33,6.2,294.2,5.1,D,0
-35.4707,147.8985,301.5,1.2,1.1,2014-04-27,0353,Aqua,MODIS,41,6.2,291.2,4.5,D,0
-30.7467,152.3098,308.1,1.1,1,2014-04-27,0354,Aqua,MODIS,52,6.2,294.4,4.2,D,0
-31.5465,146.4097,318.1,1.3,1.1,2014-04-27,0354,Aqua,MODIS,70,6.2,300.2,14.6,D,0
-31.5449,146.4238,316.4,1.3,1.1,2014-04-27,0354,Aqua,MODIS,67,6.2,300.6,12.3,D,0
-33.5622,145.9513,314.2,1.5,1.2,2014-04-27,0354,Aqua,MODIS,44,6.2,300.9,11.1,D,0
-33.6449,138.7176,307.8,4.4,1.9,2014-04-27,0354,Aqua,MODIS,46,6.2,294,45.2,D,0
-32.3066,147.3006,316.9,1.2,1.1,2014-04-27,0354,Aqua,MODIS,70,6.2,298.8,11.1,D,0
-33.5482,146.8104,318.2,1.3,1.1,2014-04-27,0354,Aqua,MODIS,70,6.2,300,15.8,D,0
-33.5732,145.9529,315.4,1.5,1.2,2014-04-27,0354,Aqua,MODIS,62,6.2,301.1,12.7,D,0
-32.7419,147.826,314.1,1.2,1.1,2014-04-27,0354,Aqua,MODIS,58,6.2,301.1,8.1,D,0
-33.5631,145.9567,315,1.5,1.2,2014-04-27,0354,Aqua,MODIS,60,6.2,300.2,12.1,D,0
-32.5488,147.6461,322.5,1.2,1.1,2014-04-27,0354,Aqua,MODIS,78,6.2,301.3,18.1,D,0
-27.7231,152.4812,312,1.2,1.1,2014-04-27,0355,Aqua,MODIS,38,6.2,294.6,7.4,D,0
-26.9516,151.4807,332.2,1.1,1,2014-04-27,0355,Aqua,MODIS,86,6.2,298.2,28.8,D,0
-26.1928,151.751,312.5,1.2,1.1,2014-04-27,0355,Aqua,MODIS,35,6.2,283.8,10.7,D,0
-26.1916,151.7453,312.8,1.2,1.1,2014-04-27,0355,Aqua,MODIS,48,6.2,287.2,11.9,D,0
-24.9191,151.137,323.4,1.1,1.1,2014-04-27,0356,Aqua,MODIS,75,6.2,301.1,17.9,D,0
-36.9723,140.9782,315.3,4.7,2,2014-04-27,0531,Aqua,MODIS,63,6.2,292.9,110.6,D,0
-36.9706,140.9853,312.8,4.7,2,2014-04-27,0531,Aqua,MODIS,56,6.2,292.9,92.6,D,0
-34.2163,117.3941,304.8,2.7,1.6,2014-04-27,0532,Aqua,MODIS,40,6.2,291.2,11.5,D,0
-33.0224,117.5061,306.2,2.5,1.5,2014-04-27,0533,Aqua,MODIS,59,6.2,288,20,D,0
-22.9631,122.5278,344.5,1,1,2014-04-27,0535,Aqua,MODIS,83,6.2,314.2,32.3,D,0
-22.6774,120.6302,332.6,1.2,1.1,2014-04-27,0535,Aqua,MODIS,79,6.2,313.2,20.1,D,0
-22.9608,122.4764,343,1,1,2014-04-27,0535,Aqua,MODIS,88,6.2,312.1,33,D,0
-22.9617,122.5378,331.9,1,1,2014-04-27,0535,Aqua,MODIS,45,6.2,313.4,13.7,D,0
-22.9733,122.5157,334.5,1,1,2014-04-27,0535,Aqua,MODIS,46,6.2,311.7,17,D,0
-22.8446,121.7687,374.7,1.1,1,2014-04-27,0535,Aqua,MODIS,100,6.2,303.2,132.5,D,0
-22.9747,122.5057,329.6,1,1,2014-04-27,0535,Aqua,MODIS,33,6.2,312,11.2,D,0
-22.972,122.5256,381.4,1,1,2014-04-27,0535,Aqua,MODIS,100,6.2,314.4,142.5,D,0
-23.0462,122.5274,336.8,1,1,2014-04-27,0535,Aqua,MODIS,81,6.2,314.4,23.6,D,0
-22.9554,122.5164,351.3,1,1,2014-04-27,0535,Aqua,MODIS,94,6.2,315.7,46.1,D,0
-23.054,122.5388,333.7,1,1,2014-04-27,0535,Aqua,MODIS,77,6.2,310.8,18.8,D,0
-22.9706,122.5356,341.2,1,1,2014-04-27,0535,Aqua,MODIS,21,6.2,314.9,23.5,D,0
-22.9797,122.5371,340.1,1,1,2014-04-27,0535,Aqua,MODIS,56,6.2,311.7,25.2,D,0
-22.9567,122.5064,353.6,1,1,2014-04-27,0535,Aqua,MODIS,96,6.2,314.5,51.5,D,0
-22.9952,122.56,343.6,1,1,2014-04-27,0535,Aqua,MODIS,88,6.2,310.2,34.7,D,0
-22.8367,121.7568,323.4,1.1,1,2014-04-27,0535,Aqua,MODIS,43,6.2,300.4,8.3,D,0
-22.676,120.6418,344,1.2,1.1,2014-04-27,0535,Aqua,MODIS,90,6.2,312.8,44.1,D,0
-22.846,121.7583,327.3,1.1,1,2014-04-27,0535,Aqua,MODIS,65,6.2,299.7,13,D,0
-23.0448,122.5374,331.4,1,1,2014-04-27,0535,Aqua,MODIS,73,6.2,310.9,16,D,0
-23.0553,122.5289,336.7,1,1,2014-04-27,0535,Aqua,MODIS,81,6.2,312.7,23,D,0
-22.9645,122.5179,350.1,1,1,2014-04-27,0535,Aqua,MODIS,93,6.2,314.9,42.8,D,0
-20.2865,123.7056,395.8,1,1,2014-04-27,0536,Aqua,MODIS,100,6.2,324.2,211.8,D,0
-20.2774,123.7041,334.8,1,1,2014-04-27,0536,Aqua,MODIS,62,6.2,316,13.8,D,0
-20.2851,123.7153,348.7,1,1,2014-04-27,0536,Aqua,MODIS,91,6.2,314.2,39.4,D,0
-22.025,123.1304,351,1,1,2014-04-27,0536,Aqua,MODIS,94,6.2,314.3,44.1,D,0
-22.0174,123.1193,331.5,1,1,2014-04-27,0536,Aqua,MODIS,57,6.2,312.7,10.6,D,0
-22.016,123.1289,336.7,1,1,2014-04-27,0536,Aqua,MODIS,83,6.2,315.1,17.9,D,0
-22.0264,123.1208,337.7,1,1,2014-04-27,0536,Aqua,MODIS,63,6.2,314,19,D,0
-14.611,125.7998,323.6,1.5,1.2,2014-04-27,0537,Aqua,MODIS,47,6.2,302.2,19.6,D,0
-15.4719,124.8915,327.6,1.2,1.1,2014-04-27,0537,Aqua,MODIS,68,6.2,301.1,20.9,D,0
-16.6844,123.8482,321.8,1.1,1,2014-04-27,0537,Aqua,MODIS,61,6.2,306,9,D,0
-16.6859,123.8381,328.1,1.1,1,2014-04-27,0537,Aqua,MODIS,74,6.2,306.4,16.6,D,0
-15.5433,124.5008,329.9,1.2,1.1,2014-04-27,0537,Aqua,MODIS,75,6.2,304.9,20,D,0
-15.5353,124.4883,328.7,1.2,1.1,2014-04-27,0537,Aqua,MODIS,71,6.2,307,19,D,0
-16.6839,124.0834,335.6,1.1,1,2014-04-27,0537,Aqua,MODIS,83,6.2,309.4,25.4,D,0
-14.6003,125.798,323.8,1.5,1.2,2014-04-27,0537,Aqua,MODIS,32,6.2,302.3,19.3,D,0
-16.2824,124.7428,333.1,1.2,1.1,2014-04-27,0537,Aqua,MODIS,82,6.2,306.6,22.8,D,0
-15.752,124.9926,326.3,1.2,1.1,2014-04-27,0537,Aqua,MODIS,75,6.2,302.8,17.5,D,0
-16.4731,124.5078,328.6,1.2,1.1,2014-04-27,0537,Aqua,MODIS,76,6.2,302.7,20.4,D,0
-16.6855,124.0732,324.4,1.1,1,2014-04-27,0537,Aqua,MODIS,28,6.2,309.1,8.5,D,0
-15.48,124.9046,337.5,1.2,1.1,2014-04-27,0537,Aqua,MODIS,87,6.2,302.9,37.2,D,0
-16.7551,124.5301,328.8,1.1,1.1,2014-04-27,0537,Aqua,MODIS,71,6.2,307.7,16.3,D,0
-15.4819,124.8929,324.6,1.2,1.1,2014-04-27,0537,Aqua,MODIS,47,6.2,303.5,15.7,D,0
-15.4701,124.903,358,1.2,1.1,2014-04-27,0537,Aqua,MODIS,99,6.2,302.6,95.1,D,0
-16.235,124.5995,333.3,1.2,1.1,2014-04-27,0537,Aqua,MODIS,82,6.2,306.4,25.7,D,0
-16.2333,124.6104,321,1.2,1.1,2014-04-27,0537,Aqua,MODIS,27,6.2,304.4,7.9,D,0
-15.3584,126.297,325.9,1.5,1.2,2014-04-27,0537,Aqua,MODIS,74,6.2,302.7,27.7,D,0
-16.5035,124.708,334,1.2,1.1,2014-04-27,0537,Aqua,MODIS,82,6.2,304.8,28.9,D,0
-16.6178,126.0562,328,1.4,1.2,2014-04-27,0537,Aqua,MODIS,50,6.2,300.7,26.4,D,0
-16.4938,124.7064,320.4,1.2,1.1,2014-04-27,0537,Aqua,MODIS,20,6.2,302.1,7.7,D,0
-14.6737,127.9525,326.5,2.1,1.4,2014-04-27,0537,Aqua,MODIS,77,6.2,300.2,37.8,D,0
-15.0313,127.5624,327,1.9,1.4,2014-04-27,0537,Aqua,MODIS,77,6.2,302.7,31.6,D,0
-15.1615,128.1759,319.9,2.1,1.4,2014-04-27,0537,Aqua,MODIS,0,6.2,301.1,25.8,D,0
-16.4581,124.6049,334.2,1.2,1.1,2014-04-27,0537,Aqua,MODIS,83,6.2,304.5,28.7,D,0
-14.4244,127.6567,319.9,2,1.4,2014-04-27,0537,Aqua,MODIS,60,6.2,298.8,18,D,0
-15.8029,126.7435,323.5,1.6,1.3,2014-04-27,0537,Aqua,MODIS,68,6.2,302.4,24.4,D,0
-16.2967,124.521,325.1,1.2,1.1,2014-04-27,0537,Aqua,MODIS,33,6.2,307.7,11.3,D,0
-15.1313,128.0495,330.3,2.1,1.4,2014-04-27,0537,Aqua,MODIS,26,6.2,300.5,45.2,D,0
-14.8006,127.9813,324.4,2.1,1.4,2014-04-27,0537,Aqua,MODIS,70,6.2,298.1,37.2,D,0
-14.6771,127.933,336.1,2.1,1.4,2014-04-27,0537,Aqua,MODIS,86,6.2,299.6,74.5,D,0
-15.4345,130.0289,313.1,2.9,1.6,2014-04-27,0537,Aqua,MODIS,33,6.2,293.3,30.1,D,0
-14.9892,128.0307,324.9,2.1,1.4,2014-04-27,0537,Aqua,MODIS,40,6.2,299.7,29.3,D,0
-16.4784,126.637,338.6,1.5,1.2,2014-04-27,0537,Aqua,MODIS,79,6.2,302.7,57.4,D,0
-14.6932,127.6808,325.9,2,1.4,2014-04-27,0537,Aqua,MODIS,76,6.2,295.9,35.9,D,0
-15.1488,128.1736,319.7,2.1,1.4,2014-04-27,0537,Aqua,MODIS,0,6.2,301,27,D,0
-14.2635,127.5696,324.2,2,1.4,2014-04-27,0537,Aqua,MODIS,74,6.2,299.8,28,D,0
-14.2666,127.5772,321,2,1.4,2014-04-27,0537,Aqua,MODIS,61,6.2,299.6,18.9,D,0
-14.7025,127.7013,323.8,2,1.4,2014-04-27,0537,Aqua,MODIS,74,6.2,299.1,32.7,D,0
-15.0343,127.5449,359.9,1.9,1.3,2014-04-27,0537,Aqua,MODIS,99,6.2,304,191,D,0
-16.9215,124.8383,329,1.2,1.1,2014-04-27,0537,Aqua,MODIS,74,6.2,310.4,17.2,D,0
-14.3066,127.5654,319.7,2,1.4,2014-04-27,0537,Aqua,MODIS,64,6.2,299,17.6,D,0
-16.4433,124.6358,336.5,1.2,1.1,2014-04-27,0537,Aqua,MODIS,85,6.2,304.5,33.7,D,0
-15.1365,127.3378,322.6,1.8,1.3,2014-04-27,0537,Aqua,MODIS,56,6.2,301.4,21,D,0
-16.4597,124.5941,321.8,1.2,1.1,2014-04-27,0537,Aqua,MODIS,57,6.2,304.3,10.2,D,0
-15.424,124.8647,326.5,1.2,1.1,2014-04-27,0537,Aqua,MODIS,57,6.2,303.4,17.8,D,0
-14.7973,128.0006,321,2.1,1.4,2014-04-27,0537,Aqua,MODIS,53,6.2,298.9,27.5,D,0
-16.9198,124.8494,329.9,1.2,1.1,2014-04-27,0537,Aqua,MODIS,76,6.2,307.7,18.9,D,0
-14.6742,127.9473,330.6,2.1,1.4,2014-04-27,0537,Aqua,MODIS,82,6.2,300.5,51.6,D,0
-16.2253,124.5979,323.4,1.2,1.1,2014-04-27,0537,Aqua,MODIS,57,6.2,304.9,11.1,D,0
-15.0047,128.0189,327.6,2.1,1.4,2014-04-27,0537,Aqua,MODIS,57,6.2,299.2,37.6,D,0
-15.0051,128.0135,326.5,2.1,1.4,2014-04-27,0537,Aqua,MODIS,37,6.2,299.1,34.4,D,0
-14.4185,127.6674,318.6,2,1.4,2014-04-27,0537,Aqua,MODIS,63,6.2,299.5,16,D,0
-16.9235,124.8454,339.9,1.2,1.1,2014-04-27,0537,Aqua,MODIS,86,6.2,309.9,33.4,D,0
-16.0437,126.1216,322.7,1.5,1.2,2014-04-27,0537,Aqua,MODIS,29,6.2,303.7,16.7,D,0
-14.6863,127.9546,326.1,2.1,1.4,2014-04-27,0537,Aqua,MODIS,77,6.2,300,38.8,D,0
-14.3909,127.6056,323.2,2,1.4,2014-04-27,0537,Aqua,MODIS,44,6.2,300.6,24.8,D,0
-16.2791,124.5071,363.5,1.2,1.1,2014-04-27,0537,Aqua,MODIS,100,6.2,308.6,100.6,D,0
-15.0282,126.3531,322.5,1.6,1.2,2014-04-27,0537,Aqua,MODIS,48,6.2,300,21.4,D,0
-14.3526,127.5932,318.3,2,1.4,2014-04-27,0537,Aqua,MODIS,61,6.2,299.2,16.2,D,0
-14.3786,127.6034,324.2,2,1.4,2014-04-27,0537,Aqua,MODIS,48,6.2,299,27.4,D,0
-15.0374,126.7867,317.6,1.7,1.3,2014-04-27,0537,Aqua,MODIS,53,6.2,299.2,11.6,D,0
-14.6947,127.6861,324.3,2,1.4,2014-04-27,0537,Aqua,MODIS,63,6.2,297.9,30.9,D,0
-14.8131,127.9837,326.3,2.1,1.4,2014-04-27,0537,Aqua,MODIS,57,6.2,299.3,38.5,D,0
-16.445,124.6251,341.1,1.2,1.1,2014-04-27,0537,Aqua,MODIS,89,6.2,306.3,42.6,D,0
-15.4231,124.8054,349.8,1.2,1.1,2014-04-27,0537,Aqua,MODIS,94,6.2,302.7,69.1,D,0
-15.2196,127.685,324.4,1.9,1.4,2014-04-27,0537,Aqua,MODIS,67,6.2,302,32.6,D,0
-15.3843,124.8578,343.1,1.2,1.1,2014-04-27,0537,Aqua,MODIS,85,6.2,304.8,51.1,D,0
-15.2304,127.7851,327.6,2,1.4,2014-04-27,0537,Aqua,MODIS,75,6.2,299.6,39.7,D,0
-15.3825,124.8695,338.4,1.2,1.1,2014-04-27,0537,Aqua,MODIS,76,6.2,304,40.6,D,0
-15.1291,127.3485,320.4,1.8,1.3,2014-04-27,0537,Aqua,MODIS,41,6.2,301.2,15.5,D,0
-15.1319,127.3317,321,1.8,1.3,2014-04-27,0537,Aqua,MODIS,44,6.2,301.7,17.1,D,0
-15.4123,124.8745,322.3,1.2,1.1,2014-04-27,0537,Aqua,MODIS,26,6.2,303.1,11.2,D,0
-15.6889,126.5282,329.4,1.6,1.2,2014-04-27,0537,Aqua,MODIS,79,6.2,300.1,36,D,0
-15.2287,127.7796,326,2,1.4,2014-04-27,0537,Aqua,MODIS,67,6.2,298.8,33.5,D,0
-15.2443,126.6471,328.7,1.6,1.3,2014-04-27,0537,Aqua,MODIS,78,6.2,299.7,38.2,D,0
-16.2888,124.5087,336.8,1.2,1.1,2014-04-27,0537,Aqua,MODIS,86,6.2,308.9,28.3,D,0
-16.2775,124.518,325,1.2,1.1,2014-04-27,0537,Aqua,MODIS,28,6.2,306.5,10,D,0
-15.2421,126.6523,330.9,1.6,1.3,2014-04-27,0537,Aqua,MODIS,81,6.2,299.6,42.8,D,0
-16.4894,126.639,335.2,1.5,1.2,2014-04-27,0537,Aqua,MODIS,80,6.2,300.5,48.1,D,0
-15.3354,126.5766,320.4,1.6,1.2,2014-04-27,0537,Aqua,MODIS,46,6.2,301,18.1,D,0
-15.0366,127.9029,321.2,2,1.4,2014-04-27,0537,Aqua,MODIS,13,6.2,300,21.5,D,0
-15.6865,126.5427,321,1.6,1.2,2014-04-27,0537,Aqua,MODIS,13,6.2,302.4,16.6,D,0
-14.8024,127.0253,325.3,1.8,1.3,2014-04-27,0537,Aqua,MODIS,75,6.2,301.3,28.8,D,0
-14.0207,131.1298,325.8,3.7,1.8,2014-04-27,0537,Aqua,MODIS,59,6.2,287.4,107.3,D,0
-14.6774,127.9278,328.9,2.1,1.4,2014-04-27,0537,Aqua,MODIS,80,6.2,299,45,D,0
-15.3607,126.2828,319,1.5,1.2,2014-04-27,0537,Aqua,MODIS,28,6.2,302.1,13.9,D,0
-14.8163,127.965,330.1,2.1,1.4,2014-04-27,0537,Aqua,MODIS,72,6.2,299.3,47.9,D,0
-14.2782,127.4055,322.5,1.9,1.4,2014-04-27,0537,Aqua,MODIS,71,6.2,299.8,27.2,D,0
-14.8719,126.7449,330,1.7,1.3,2014-04-27,0537,Aqua,MODIS,0,6.2,293.7,43.6,D,0
-14.0291,131.1233,327.1,3.7,1.8,2014-04-27,0537,Aqua,MODIS,50,6.2,289.1,111.8,D,0
-14.1036,131.0415,322.4,3.7,1.8,2014-04-27,0537,Aqua,MODIS,74,6.2,290.3,82.4,D,0
-14.0274,130.9496,311.9,3.6,1.8,2014-04-27,0537,Aqua,MODIS,0,6.2,289.2,37.4,D,0
-13.9575,130.9703,312.5,3.6,1.8,2014-04-27,0537,Aqua,MODIS,37,6.2,290.6,36.4,D,0
-13.9098,131.1353,315.2,3.8,1.8,2014-04-27,0537,Aqua,MODIS,35,6.2,290.1,50.2,D,0
-14.0203,130.9563,312.8,3.6,1.8,2014-04-27,0537,Aqua,MODIS,22,6.2,289,43.1,D,0
-14.11,131.0474,327.3,3.7,1.8,2014-04-27,0537,Aqua,MODIS,80,6.2,290.8,118.6,D,0
-18.6127,121.8435,348.7,1,1,2014-04-27,0537,Aqua,MODIS,70,6.2,303.6,47.2,D,0
-18.614,121.8339,344.5,1,1,2014-04-27,0537,Aqua,MODIS,77,6.2,307,38.6,D,0
-18.5946,121.8407,328.5,1,1,2014-04-27,0537,Aqua,MODIS,50,6.2,306.3,14.2,D,0
-16.161,125.5219,325.6,1.3,1.1,2014-04-27,0537,Aqua,MODIS,45,6.2,305.4,19.2,D,0
-15.8665,125.5655,324.3,1.3,1.1,2014-04-27,0537,Aqua,MODIS,42,6.2,304.5,18.4,D,0
-15.8684,125.5531,323.8,1.3,1.1,2014-04-27,0537,Aqua,MODIS,56,6.2,304.8,16.6,D,0
-18.6218,121.8449,358.1,1,1,2014-04-27,0537,Aqua,MODIS,93,6.2,307.2,69.6,D,0
-18.6244,121.8258,330.1,1,1,2014-04-27,0537,Aqua,MODIS,66,6.2,307.8,15.8,D,0
-15.3708,125.6574,326.5,1.4,1.2,2014-04-27,0537,Aqua,MODIS,64,6.2,306,24,D,0
-20.7316,139.476,307.9,1,1,2014-04-27,1322,Terra,MODIS,73,6.2,294.8,6.8,N,2
-14.0664,130.9595,304.1,2.7,1.6,2014-04-27,1324,Terra,MODIS,39,6.2,285.6,31,N,0
-14.0622,130.9523,303.8,2.7,1.6,2014-04-27,1324,Terra,MODIS,36,6.2,285.6,29.8,N,0
-15.2336,127.6125,303.8,2.3,1.5,2014-04-27,1629,Aqua,MODIS,57,6.2,291.2,12.3,N,0
-15.2373,127.6333,309,2.3,1.5,2014-04-27,1629,Aqua,MODIS,76,6.2,291.5,23.6,N,0
-25.5492,152.2354,310.5,1.2,1.1,2014-04-28,0017,Terra,MODIS,57,6.2,294.2,8.7,D,0
-23.0227,147.369,312,1.1,1.1,2014-04-28,0017,Terra,MODIS,36,6.2,297.5,6,D,0
-26.801,150.2058,308.4,1,1,2014-04-28,0017,Terra,MODIS,60,6.2,294.2,5.5,D,2
-26.6775,145.7049,318.5,1.2,1.1,2014-04-28,0018,Terra,MODIS,66,6.2,302.2,10.3,D,0
-27.5295,146.8213,314.8,1.1,1,2014-04-28,0018,Terra,MODIS,55,6.2,299.8,5.5,D,0
-28.9954,145.5646,312,1.2,1.1,2014-04-28,0018,Terra,MODIS,53,6.2,297,6.2,D,0
-27.5371,146.8086,315.5,1.1,1,2014-04-28,0018,Terra,MODIS,61,6.2,299.7,6.2,D,0
-28.1965,149.4737,312,1,1,2014-04-28,0018,Terra,MODIS,64,6.2,295.5,7,D,0
-28.695,149.2317,313.9,1,1,2014-04-28,0018,Terra,MODIS,65,6.2,296.3,8,D,0
-32.7956,146.8201,314.6,1,1,2014-04-28,0019,Terra,MODIS,72,6.2,296.4,9.1,D,0
-33.3382,146.5685,308.5,1,1,2014-04-28,0019,Terra,MODIS,59,6.2,297,4.4,D,0
-32.2443,148.1429,308.9,1,1,2014-04-28,0019,Terra,MODIS,62,6.2,295.3,4.7,D,0
-33.4726,149.4777,304.1,1.1,1,2014-04-28,0019,Terra,MODIS,56,6.2,291.6,5.6,D,0
-33.1939,148.0968,310.8,1,1,2014-04-28,0019,Terra,MODIS,67,6.2,295.3,6.1,D,0
-33.1954,148.1077,317.9,1,1,2014-04-28,0019,Terra,MODIS,76,6.2,296.3,12.6,D,0
-31.5152,151.0393,303.6,1.2,1.1,2014-04-28,0019,Terra,MODIS,43,6.2,292.7,4.8,D,0
-31.6134,151.0964,340.8,1.2,1.1,2014-04-28,0019,Terra,MODIS,92,6.2,288.9,62.1,D,0
-33.7851,149.2868,303.3,1.1,1,2014-04-28,0019,Terra,MODIS,51,6.2,290,6.2,D,0
-33.7867,149.2985,312.5,1.1,1,2014-04-28,0019,Terra,MODIS,71,6.2,289.7,13.2,D,0
-30.4024,148.2507,321.4,1,1,2014-04-28,0019,Terra,MODIS,75,6.2,299.4,12.8,D,0
-31.7167,149.6544,304.2,1.1,1,2014-04-28,0019,Terra,MODIS,44,6.2,292,4.6,D,0
-31.5793,147.7386,310.8,1,1,2014-04-28,0019,Terra,MODIS,60,6.2,297.9,5.5,D,0
-36.4179,140.9362,348.2,1.5,1.2,2014-04-28,0020,Terra,MODIS,94,6.2,288,102.5,D,0
-36.4147,140.9196,335.1,1.5,1.2,2014-04-28,0020,Terra,MODIS,87,6.2,287.7,60.6,D,0
-36.4039,140.9228,314.5,1.5,1.2,2014-04-28,0020,Terra,MODIS,57,6.2,287.8,20.2,D,0
-36.4071,140.9394,328.1,1.5,1.2,2014-04-28,0020,Terra,MODIS,81,6.2,286.3,45.3,D,0
-34.7163,147.2982,312.1,1,1,2014-04-28,0020,Terra,MODIS,50,6.2,296.5,6.7,D,0
-34.7179,147.3092,312,1,1,2014-04-28,0020,Terra,MODIS,56,6.2,297.2,6.4,D,0
-34.727,147.3074,322.1,1,1,2014-04-28,0020,Terra,MODIS,81,6.2,297.2,15.1,D,0
-34.9582,146.7489,305.7,1,1,2014-04-28,0020,Terra,MODIS,62,6.2,294.6,4,D,0
-36.0961,147.5063,307.8,1,1,2014-04-28,0020,Terra,MODIS,66,6.2,286.1,8.6,D,0
-34.3824,146.8364,309.8,1,1,2014-04-28,0020,Terra,MODIS,67,6.2,295.3,5.7,D,0
-34.7254,147.2964,327.8,1,1,2014-04-28,0020,Terra,MODIS,85,6.2,296.8,21.9,D,0
-34.6945,146.5201,301.1,1,1,2014-04-28,0020,Terra,MODIS,34,6.2,283.7,3.8,D,0
-34.2273,147.1609,308.5,1,1,2014-04-28,0020,Terra,MODIS,64,6.2,296.3,4.6,D,0
-36.1411,150.0254,308.5,1.2,1.1,2014-04-28,0020,Terra,MODIS,67,6.2,289.9,11.8,D,0
-35.2294,146.8423,307.3,1,1,2014-04-28,0020,Terra,MODIS,65,6.2,293.4,5.3,D,0
-35.5966,150.226,338.3,1.3,1.1,2014-04-28,0020,Terra,MODIS,91,6.2,292.7,56.1,D,0
-35.595,150.212,325.3,1.3,1.1,2014-04-28,0020,Terra,MODIS,84,6.2,291.5,31.8,D,0
-35.605,150.2102,301.4,1.3,1.1,2014-04-28,0020,Terra,MODIS,47,6.2,289.8,6,D,0
-36.0977,147.5177,321.1,1,1,2014-04-28,0020,Terra,MODIS,81,6.2,288,19.6,D,0
-35.6066,150.2242,307.8,1.3,1.1,2014-04-28,0020,Terra,MODIS,66,6.2,290.2,11.2,D,0
-34.7231,150.2103,305.6,1.2,1.1,2014-04-28,0020,Terra,MODIS,58,6.2,284.2,9.1,D,0
-34.9174,147.551,308.6,1,1,2014-04-28,0020,Terra,MODIS,65,6.2,294.4,5.8,D,0
-35.5717,147.7673,349,1,1,2014-04-28,0020,Terra,MODIS,96,6.2,293,62.1,D,0
-35.5732,147.7787,315.3,1,1,2014-04-28,0020,Terra,MODIS,76,6.2,290.6,13.3,D,0
-35.5808,147.7655,310.7,1,1,2014-04-28,0020,Terra,MODIS,67,6.2,290.6,9.5,D,0
-36.9187,149.398,301,1.2,1.1,2014-04-28,0020,Terra,MODIS,44,6.2,287.5,6.7,D,0
-38.2922,145.8119,308.5,1,1,2014-04-28,0021,Terra,MODIS,67,6.2,284.6,10.7,D,0
-37.6493,142.9917,300.8,1.1,1.1,2014-04-28,0021,Terra,MODIS,41,6.2,283.5,5.9,D,0
-16.3204,131.959,316.6,1.8,1.3,2014-04-28,0153,Terra,MODIS,25,6.2,296.5,13.9,D,0
-16.2695,129.3063,327.9,1.2,1.1,2014-04-28,0153,Terra,MODIS,78,6.2,296,19,D,0
-15.8022,124.897,321.5,1.1,1,2014-04-28,0153,Terra,MODIS,62,6.2,302,9,D,0
-15.8038,124.9071,332,1.1,1,2014-04-28,0153,Terra,MODIS,83,6.2,301.6,22.7,D,0
-15.813,124.8435,328.8,1.1,1,2014-04-28,0153,Terra,MODIS,80,6.2,301.1,19.4,D,0
-16.2988,127.8464,319.9,1,1,2014-04-28,0153,Terra,MODIS,70,6.2,297.2,8.2,D,0
-15.4509,124.8863,334.4,1.1,1,2014-04-28,0153,Terra,MODIS,86,6.2,302,27.3,D,0
-15.5194,124.4878,356.5,1.1,1.1,2014-04-28,0153,Terra,MODIS,93,6.2,302.6,77.9,D,0
-15.5178,124.4771,328.1,1.1,1.1,2014-04-28,0153,Terra,MODIS,32,6.2,300.1,15.7,D,0
-15.1513,127.9935,318.8,1,1,2014-04-28,0153,Terra,MODIS,44,6.2,293.7,8.3,D,0
-15.4765,124.7084,319.7,1.1,1.1,2014-04-28,0153,Terra,MODIS,52,6.2,301.4,8.5,D,0
-15.4161,124.7875,335,1.1,1,2014-04-28,0153,Terra,MODIS,87,6.2,301.8,25.8,D,0
-15.4051,124.7787,324.7,1.1,1,2014-04-28,0153,Terra,MODIS,70,6.2,299.9,13.1,D,0
-15.4145,124.7773,336.3,1.1,1,2014-04-28,0153,Terra,MODIS,88,6.2,301.3,28.9,D,0
-15.7315,130.3861,318.1,1.3,1.2,2014-04-28,0153,Terra,MODIS,51,6.2,297.3,10.4,D,0
-15.0669,127.9155,324.1,1,1,2014-04-28,0153,Terra,MODIS,17,6.2,294.2,9.8,D,0
-15.3838,124.862,320.8,1.1,1,2014-04-28,0153,Terra,MODIS,36,6.2,300.2,7,D,0
-15.3963,124.8806,338.4,1.1,1,2014-04-28,0153,Terra,MODIS,89,6.2,301.1,31.2,D,0
-15.4067,124.7889,330.3,1.1,1,2014-04-28,0153,Terra,MODIS,83,6.2,301.1,20.1,D,0
-15.3964,124.9428,332.3,1.1,1,2014-04-28,0153,Terra,MODIS,0,6.2,300.4,23.4,D,0
-15.4057,124.9413,335,1.1,1,2014-04-28,0153,Terra,MODIS,82,6.2,301,27,D,0
-15.4073,124.9514,333.8,1.1,1,2014-04-28,0153,Terra,MODIS,0,6.2,301.1,24,D,0
-15.4417,124.9496,328.5,1.1,1,2014-04-28,0153,Terra,MODIS,82,6.2,301.6,16.2,D,0
-15.4447,124.908,319.6,1.1,1,2014-04-28,0153,Terra,MODIS,32,6.2,300.7,5.6,D,0
-15.6909,126.5165,328.7,1,1,2014-04-28,0153,Terra,MODIS,83,6.2,298.5,17.7,D,0
-15.6833,126.5272,318.2,1,1,2014-04-28,0153,Terra,MODIS,50,6.2,295.7,6.9,D,0
-15.9857,130.5532,323.1,1.4,1.2,2014-04-28,0153,Terra,MODIS,73,6.2,295.8,20.4,D,0
-15.9718,130.5287,332,1.4,1.2,2014-04-28,0153,Terra,MODIS,83,6.2,297.5,34.1,D,0
-15.9597,130.5172,328.2,1.4,1.2,2014-04-28,0153,Terra,MODIS,79,6.2,297.8,25.7,D,0
-15.6819,126.5179,319.8,1,1,2014-04-28,0153,Terra,MODIS,63,6.2,296.5,8.8,D,0
-15.9475,130.5057,318.1,1.4,1.2,2014-04-28,0153,Terra,MODIS,36,6.2,296.4,9.4,D,0
-15.9404,130.4996,319.7,1.4,1.2,2014-04-28,0153,Terra,MODIS,64,6.2,294.8,11.8,D,0
-15.9735,130.5417,322.1,1.4,1.2,2014-04-28,0153,Terra,MODIS,59,6.2,296.9,16.3,D,0
-15.8114,124.8333,318.9,1.1,1,2014-04-28,0153,Terra,MODIS,62,6.2,300.1,7.4,D,0
-16.4917,124.7124,319.4,1.1,1,2014-04-28,0154,Terra,MODIS,31,6.2,303,7.2,D,0
-16.4791,124.6692,318.8,1.1,1,2014-04-28,0154,Terra,MODIS,13,6.2,300.7,7.5,D,0
-16.4602,126.6132,337.7,1,1,2014-04-28,0154,Terra,MODIS,88,6.2,299.5,31.9,D,0
-16.4807,124.6794,322.9,1.1,1,2014-04-28,0154,Terra,MODIS,47,6.2,301.1,11.2,D,0
-16.297,124.5266,318.6,1.1,1.1,2014-04-28,0154,Terra,MODIS,36,6.2,302,7.3,D,0
-16.2876,124.5281,319.9,1.1,1.1,2014-04-28,0154,Terra,MODIS,47,6.2,301.7,8.4,D,0
-16.4243,124.6257,325.5,1.1,1,2014-04-28,0154,Terra,MODIS,68,6.2,301.4,15,D,0
-16.4227,124.6155,327.3,1.1,1,2014-04-28,0154,Terra,MODIS,68,6.2,301.2,17.2,D,0
-16.4963,124.6808,318.1,1.1,1,2014-04-28,0154,Terra,MODIS,43,6.2,302.1,7.4,D,0
-16.4864,126.6662,319.3,1,1,2014-04-28,0154,Terra,MODIS,41,6.2,297.5,6.8,D,0
-16.4947,124.6707,316.8,1.1,1,2014-04-28,0154,Terra,MODIS,53,6.2,300.9,6.6,D,0
-16.4853,124.672,327.2,1.1,1,2014-04-28,0154,Terra,MODIS,59,6.2,301.4,18,D,0
-16.3503,123.9098,320.3,1.2,1.1,2014-04-28,0154,Terra,MODIS,0,6.2,300.7,10.5,D,0
-16.3265,123.8228,320.1,1.2,1.1,2014-04-28,0154,Terra,MODIS,49,6.2,300.6,10.6,D,0
-16.3088,123.9622,342.8,1.2,1.1,2014-04-28,0154,Terra,MODIS,79,6.2,303.3,48.4,D,0
-16.2275,124.6081,318.7,1.1,1,2014-04-28,0154,Terra,MODIS,57,6.2,302.4,7.3,D,0
-16.3521,123.921,321.1,1.2,1.1,2014-04-28,0154,Terra,MODIS,0,6.2,301.6,11.6,D,0
-16.2857,124.7345,325.6,1.1,1,2014-04-28,0154,Terra,MODIS,73,6.2,302.3,12.3,D,0
-16.367,125.26,324.5,1,1,2014-04-28,0154,Terra,MODIS,58,6.2,301.8,11.1,D,0
-16.4205,124.4789,324.5,1.1,1.1,2014-04-28,0154,Terra,MODIS,30,6.2,302.1,13.9,D,0
-16.4221,124.4891,324.6,1.1,1.1,2014-04-28,0154,Terra,MODIS,59,6.2,303.2,14.5,D,0
-16.4237,124.4994,324,1.1,1.1,2014-04-28,0154,Terra,MODIS,37,6.2,301.7,13.1,D,0
-16.3203,123.9716,321.6,1.2,1.1,2014-04-28,0154,Terra,MODIS,46,6.2,302.9,11.8,D,0
-15.9891,124.729,317.6,1.1,1,2014-04-28,0154,Terra,MODIS,56,6.2,299.8,6.7,D,0
-16.1897,125.4893,329.5,1,1,2014-04-28,0154,Terra,MODIS,81,6.2,296,20.5,D,0
-16.1912,125.4989,320.6,1,1,2014-04-28,0154,Terra,MODIS,57,6.2,296.6,9.9,D,0
-16.8979,125.7217,336,1,1,2014-04-28,0154,Terra,MODIS,86,6.2,300.7,27.1,D,0
-20.2549,123.7125,330.3,1.1,1,2014-04-28,0155,Terra,MODIS,34,6.2,308.7,14.4,D,0
-20.2499,123.6811,338.2,1.1,1,2014-04-28,0155,Terra,MODIS,84,6.2,308.3,27.1,D,0
-34.161,117.2631,306.5,1.5,1.2,2014-04-28,0159,Terra,MODIS,64,6.2,285.4,14.1,D,0
-33.8343,118.012,304,1.3,1.1,2014-04-28,0159,Terra,MODIS,58,6.2,285.8,8.9,D,0
-41.6443,144.9627,328.3,1.1,1,2014-04-28,0434,Aqua,MODIS,57,6.2,287.1,28.4,D,0
-41.1937,144.7045,312.8,1.1,1,2014-04-28,0434,Aqua,MODIS,37,6.2,281,12.9,D,0
-41.6422,144.9755,347.5,1.1,1,2014-04-28,0434,Aqua,MODIS,94,6.2,287.8,65.3,D,0
-41.6401,144.9884,335.7,1.1,1,2014-04-28,0434,Aqua,MODIS,87,6.2,285.6,42.5,D,0
-41.6672,144.9425,319.2,1.1,1,2014-04-28,0434,Aqua,MODIS,62,6.2,286.4,19.2,D,0
-42.0934,147.344,306.8,1.3,1.1,2014-04-28,0434,Aqua,MODIS,64,6.2,282.2,14,D,0
-41.6651,144.9554,330.5,1.1,1,2014-04-28,0434,Aqua,MODIS,83,6.2,287.3,32.5,D,0
-41.6515,144.9783,360.1,1.1,1,2014-04-28,0434,Aqua,MODIS,100,6.2,288.2,98.8,D,0
-41.6579,144.9398,315.8,1.1,1,2014-04-28,0434,Aqua,MODIS,0,6.2,285.7,15,D,0
-41.6558,144.9526,338.9,1.1,1,2014-04-28,0434,Aqua,MODIS,84,6.2,288.1,46.6,D,0
-41.1916,144.7172,316.1,1.1,1,2014-04-28,0434,Aqua,MODIS,65,6.2,281.9,16.4,D,0
-41.6537,144.9654,338.9,1.1,1,2014-04-28,0434,Aqua,MODIS,89,6.2,288.5,45.3,D,0
-37.8021,142.3131,301.5,1,1,2014-04-28,0435,Aqua,MODIS,33,6.2,285.5,3.4,D,0
-41.0056,145.4546,342.6,1.1,1.1,2014-04-28,0435,Aqua,MODIS,0,6.2,286.3,60.4,D,0
-38.2225,143.9265,317.4,1.1,1,2014-04-28,0435,Aqua,MODIS,78,6.2,283.9,18.9,D,0
-38.1855,143.7355,303,1.1,1,2014-04-28,0435,Aqua,MODIS,39,6.2,283.9,5.3,D,0
-36.9258,149.385,336.5,2.2,1.4,2014-04-28,0435,Aqua,MODIS,90,6.2,290,122.5,D,0
-36.9172,149.3769,328.7,2.2,1.4,2014-04-28,0435,Aqua,MODIS,86,6.2,290.6,85.2,D,0
-36.8863,149.3932,347.9,2.2,1.4,2014-04-28,0435,Aqua,MODIS,95,6.2,291.7,186.4,D,0
-36.9202,149.4103,300.9,2.2,1.4,2014-04-28,0435,Aqua,MODIS,39,6.2,288.1,13.4,D,0
-36.9119,149.4019,310.2,2.2,1.4,2014-04-28,0435,Aqua,MODIS,62,6.2,287.9,28.8,D,0
-35.5121,148.0011,382.7,2,1.4,2014-04-28,0436,Aqua,MODIS,100,6.2,297.8,443.4,D,0
-35.5115,147.9955,370.1,2,1.4,2014-04-28,0436,Aqua,MODIS,100,6.2,297,312.6,D,0
-35.2741,148.5549,364.2,2.2,1.4,2014-04-28,0436,Aqua,MODIS,100,6.2,294.1,303.9,D,0
-35.2791,148.5312,322.3,2.2,1.4,2014-04-28,0436,Aqua,MODIS,82,6.2,289.7,59.8,D,0
-36.1333,142.0619,319.1,1,1,2014-04-28,0436,Aqua,MODIS,77,6.2,273.8,16.7,D,0
-36.4589,140.925,315.1,1,1,2014-04-28,0436,Aqua,MODIS,70,6.2,294.8,8.6,D,0
-36.4605,140.9138,313.5,1,1,2014-04-28,0436,Aqua,MODIS,67,6.2,296.1,7.1,D,0
-36.318,140.9456,322,1,1,2014-04-28,0436,Aqua,MODIS,78,6.2,294.4,14.1,D,0
-36.3196,140.9345,321.6,1,1,2014-04-28,0436,Aqua,MODIS,78,6.2,298.5,13.5,D,0
-36.6101,142.017,317.6,1,1,2014-04-28,0436,Aqua,MODIS,76,6.2,294.6,12.5,D,0
-35.8032,143.0954,315.2,1.1,1,2014-04-28,0436,Aqua,MODIS,75,6.2,295.5,11.5,D,0
-35.8052,143.0833,313.4,1.1,1,2014-04-28,0436,Aqua,MODIS,70,6.2,295.3,10.3,D,0
-36.3816,141.6416,312.7,1,1,2014-04-28,0436,Aqua,MODIS,68,6.2,296.4,6.7,D,0
-36.3538,141.5821,315.5,1,1,2014-04-28,0436,Aqua,MODIS,72,6.2,297.2,8.9,D,0
-37.2481,140.7381,312.7,1,1,2014-04-28,0436,Aqua,MODIS,69,6.2,296.8,7,D,0
-37.2949,140.7367,316.9,1,1,2014-04-28,0436,Aqua,MODIS,75,6.2,293.6,10.5,D,0
-34.8986,140.7751,307,1,1,2014-04-28,0436,Aqua,MODIS,59,6.2,286.5,5.3,D,0
-37.5,141.7431,305.4,1,1,2014-04-28,0436,Aqua,MODIS,61,6.2,291.2,5.2,D,0
-37.4199,141.53,313,1,1,2014-04-28,0436,Aqua,MODIS,73,6.2,292.1,10.2,D,0
-37.2017,141.5202,313.5,1,1,2014-04-28,0436,Aqua,MODIS,72,6.2,295.4,8.1,D,0
-37.0062,141.6608,311.9,1,1,2014-04-28,0436,Aqua,MODIS,69,6.2,293.2,8.5,D,0
-37.099,142.0233,318.1,1,1,2014-04-28,0436,Aqua,MODIS,78,6.2,295.6,12.1,D,0
-37.0973,142.0346,318.9,1,1,2014-04-28,0436,Aqua,MODIS,78,6.2,294.7,13,D,0
-37.1081,142.0254,355.3,1,1,2014-04-28,0436,Aqua,MODIS,98,6.2,297.1,70.8,D,0
-37.1063,142.0368,358.3,1,1,2014-04-28,0436,Aqua,MODIS,99,6.2,295.4,78.7,D,0
-37.076,141.8699,326,1,1,2014-04-28,0436,Aqua,MODIS,83,6.2,295,20.8,D,0
-36.8349,141.3182,318.3,1,1,2014-04-28,0436,Aqua,MODIS,76,6.2,297.4,11.9,D,0
-36.8333,141.3294,316.4,1,1,2014-04-28,0436,Aqua,MODIS,74,6.2,297.8,10,D,0
-37.7979,142.2168,320.6,1,1,2014-04-28,0436,Aqua,MODIS,77,6.2,284.6,17.7,D,0
-36.8571,141.358,315.3,1,1,2014-04-28,0436,Aqua,MODIS,73,6.2,298.2,8.3,D,0
-36.8661,141.3601,331.3,1,1,2014-04-28,0436,Aqua,MODIS,86,6.2,298,25.1,D,0
-36.2799,143.1826,328.8,1.1,1,2014-04-28,0436,Aqua,MODIS,86,6.2,296,26,D,0
-36.2819,143.1705,323.1,1.1,1,2014-04-28,0436,Aqua,MODIS,82,6.2,293.7,18.9,D,0
-36.7248,141.1823,313.2,1,1,2014-04-28,0436,Aqua,MODIS,69,6.2,297.1,7.1,D,0
-36.1389,142.9108,316.1,1.1,1,2014-04-28,0436,Aqua,MODIS,57,6.2,286.6,13.2,D,0
-36.2449,141.7604,312.3,1,1,2014-04-28,0436,Aqua,MODIS,66,6.2,296.1,6.3,D,0
-36.1619,141.7578,315.6,1,1,2014-04-28,0436,Aqua,MODIS,71,6.2,296.8,9,D,0
-36.0792,141.8084,339.4,1,1,2014-04-28,0436,Aqua,MODIS,91,6.2,295,39.7,D,0
-36.0715,141.8127,342.3,1,1,2014-04-28,0436,Aqua,MODIS,92,6.2,294.8,44.8,D,0
-36.1277,142.9204,319.9,1.1,1,2014-04-28,0436,Aqua,MODIS,45,6.2,289.2,16.2,D,0
-36.6084,142.0283,310.9,1,1,2014-04-28,0436,Aqua,MODIS,18,6.2,292.8,7,D,0
-37.3087,141.9794,308.4,1,1,2014-04-28,0436,Aqua,MODIS,55,6.2,293.2,5.6,D,0
-34.8057,145.9599,339.6,1.5,1.2,2014-04-28,0436,Aqua,MODIS,91,6.2,296.4,69.9,D,0
-36.4715,145.6991,355,1.4,1.2,2014-04-28,0436,Aqua,MODIS,98,6.2,296,113.4,D,0
-36.4744,145.6838,309.4,1.4,1.2,2014-04-28,0436,Aqua,MODIS,69,6.2,293.9,8.8,D,0
-33.9078,147.4407,326.8,2,1.4,2014-04-28,0436,Aqua,MODIS,83,6.2,300.1,49.4,D,0
-33.8956,147.437,314.9,2,1.4,2014-04-28,0436,Aqua,MODIS,71,6.2,300.1,18,D,0
-33.5604,147.1061,345,1.9,1.4,2014-04-28,0436,Aqua,MODIS,93,6.2,299.9,123.3,D,0
-36.4791,145.5026,317,1.4,1.2,2014-04-28,0436,Aqua,MODIS,77,6.2,295.5,17.7,D,0
-36.2914,145.4913,330.6,1.4,1.2,2014-04-28,0436,Aqua,MODIS,87,6.2,293.6,42.3,D,0
-34.0522,147.5193,336.7,2,1.4,2014-04-28,0436,Aqua,MODIS,89,6.2,296,87.3,D,0
-35.3525,146.9285,305.4,1.7,1.3,2014-04-28,0436,Aqua,MODIS,59,6.2,284.5,14.1,D,0
-34.8068,145.9547,329.7,1.5,1.2,2014-04-28,0436,Aqua,MODIS,86,6.2,295.5,41.2,D,0
-36.4006,145.5754,314.6,1.4,1.2,2014-04-28,0436,Aqua,MODIS,73,6.2,294.9,13,D,0
-34.0688,147.5017,315.7,2,1.4,2014-04-28,0436,Aqua,MODIS,73,6.2,299,22.7,D,0
-34.2605,145.8335,339.7,1.6,1.2,2014-04-28,0436,Aqua,MODIS,90,6.2,295.5,70.4,D,0
-33.6287,146.9185,332.9,1.9,1.3,2014-04-28,0436,Aqua,MODIS,87,6.2,296.9,68.6,D,0
-34.7817,145.9652,321.3,1.6,1.2,2014-04-28,0436,Aqua,MODIS,80,6.2,295.3,27.8,D,0
-34.799,145.9349,326.4,1.5,1.2,2014-04-28,0436,Aqua,MODIS,84,6.2,293,34.8,D,0
-33.2972,146.6521,319.2,1.8,1.3,2014-04-28,0436,Aqua,MODIS,76,6.2,299.1,25.5,D,0
-37.0175,146.0799,303.9,1.4,1.2,2014-04-28,0436,Aqua,MODIS,57,6.2,289.7,7.9,D,0
-36.3537,145.8875,326.5,1.4,1.2,2014-04-28,0436,Aqua,MODIS,84,6.2,295.7,35,D,0
-33.5514,147.1105,312.9,1.9,1.4,2014-04-28,0436,Aqua,MODIS,53,6.2,299.1,14.7,D,0
-36.3574,145.6903,312.3,1.4,1.2,2014-04-28,0436,Aqua,MODIS,72,6.2,296.4,11.5,D,0
-35.341,146.925,328.8,1.7,1.3,2014-04-28,0436,Aqua,MODIS,86,6.2,284.8,58.9,D,0
-34.0644,147.523,316.1,2,1.4,2014-04-28,0436,Aqua,MODIS,73,6.2,296.1,23.6,D,0
-36.5237,145.4751,342.7,1.3,1.2,2014-04-28,0436,Aqua,MODIS,93,6.2,296.7,70.4,D,0
-34.7958,145.9516,332.6,1.5,1.2,2014-04-28,0436,Aqua,MODIS,88,6.2,295.7,49.2,D,0
-33.5634,147.114,341.2,1.9,1.4,2014-04-28,0436,Aqua,MODIS,92,6.2,299.3,103.2,D,0
-34.9843,147.3091,317,1.8,1.3,2014-04-28,0436,Aqua,MODIS,77,6.2,290.9,31.5,D,0
-34.8089,145.9432,334,1.5,1.2,2014-04-28,0436,Aqua,MODIS,88,6.2,292.7,55.2,D,0
-36.379,145.6332,353.4,1.4,1.2,2014-04-28,0436,Aqua,MODIS,97,6.2,298.7,105.1,D,0
-36.4845,145.5112,315,1.4,1.2,2014-04-28,0436,Aqua,MODIS,75,6.2,295.2,14.9,D,0
-34.4709,144.7445,327.6,1.3,1.1,2014-04-28,0436,Aqua,MODIS,82,6.2,300,29.6,D,0
-35.3447,146.9063,337,1.7,1.3,2014-04-28,0436,Aqua,MODIS,90,6.2,287,83,D,0
-36.2801,145.5518,317.1,1.4,1.2,2014-04-28,0436,Aqua,MODIS,77,6.2,296.2,17.7,D,0
-35.7506,146.8579,317.9,1.7,1.3,2014-04-28,0436,Aqua,MODIS,51,6.2,294.3,24.4,D,0
-34.5897,147.292,331,1.9,1.3,2014-04-28,0436,Aqua,MODIS,87,6.2,291.3,67.2,D,0
-34.6016,147.2956,326.9,1.9,1.3,2014-04-28,0436,Aqua,MODIS,84,6.2,291,55.2,D,0
-34.8452,147.5416,327.6,1.9,1.4,2014-04-28,0436,Aqua,MODIS,85,6.2,296.6,57.5,D,0
-35.5994,146.5543,302.4,1.6,1.2,2014-04-28,0436,Aqua,MODIS,29,6.2,277.6,9.6,D,0
-34.4735,144.73,339.4,1.3,1.1,2014-04-28,0436,Aqua,MODIS,90,6.2,301.5,54.7,D,0
-35.2061,146.6015,316.7,1.7,1.3,2014-04-28,0436,Aqua,MODIS,77,6.2,282.1,33.8,D,0
-36.2751,145.5433,366.7,1.4,1.2,2014-04-28,0436,Aqua,MODIS,100,6.2,300.4,160.8,D,0
-34.5674,147.0696,320.2,1.8,1.3,2014-04-28,0436,Aqua,MODIS,59,6.2,297.3,29.4,D,0
-36.4956,145.4515,319.7,1.3,1.1,2014-04-28,0436,Aqua,MODIS,80,6.2,295.3,22.9,D,0
-33.6327,146.8985,329.1,1.9,1.3,2014-04-28,0436,Aqua,MODIS,84,6.2,298,55.9,D,0
-34.7866,145.8787,329.2,1.5,1.2,2014-04-28,0436,Aqua,MODIS,86,6.2,297.8,42.3,D,0
-33.5563,147.1267,311.9,1.9,1.4,2014-04-28,0436,Aqua,MODIS,67,6.2,298.1,13.8,D,0
-34.6257,147.2388,307.2,1.9,1.3,2014-04-28,0436,Aqua,MODIS,63,6.2,289.1,10.3,D,0
-36.3507,145.9032,344.1,1.4,1.2,2014-04-28,0436,Aqua,MODIS,94,6.2,297.3,78.9,D,0
-33.7452,147.7073,335.4,2.1,1.4,2014-04-28,0436,Aqua,MODIS,89,6.2,300.3,90.3,D,0
-34.8037,145.8487,322.3,1.5,1.2,2014-04-28,0436,Aqua,MODIS,81,6.2,294.5,28.5,D,0
-36.3544,145.7061,313.5,1.4,1.2,2014-04-28,0436,Aqua,MODIS,74,6.2,295.9,12.8,D,0
-36.3818,145.618,364.3,1.4,1.2,2014-04-28,0436,Aqua,MODIS,100,6.2,300.2,150.7,D,0
-36.3457,145.7528,322.1,1.4,1.2,2014-04-28,0436,Aqua,MODIS,81,6.2,297,25.1,D,0
-33.7406,147.7295,346,2.1,1.4,2014-04-28,0436,Aqua,MODIS,94,6.2,299.5,143.9,D,0
-35.5997,150.2102,311,2.7,1.6,2014-04-28,0436,Aqua,MODIS,71,6.2,291.2,41.5,D,0
-36.2724,145.5585,403.1,1.4,1.2,2014-04-28,0436,Aqua,MODIS,100,6.2,303.1,427.3,D,0
-35.6118,150.2102,306.4,2.7,1.6,2014-04-28,0436,Aqua,MODIS,60,6.2,290.6,27.6,D,0
-34.9641,147.4095,306.9,1.9,1.3,2014-04-28,0436,Aqua,MODIS,61,6.2,290.6,11.2,D,0
-34.9883,147.2891,335.4,1.8,1.3,2014-04-28,0436,Aqua,MODIS,89,6.2,289.2,84.1,D,0
-34.0566,147.498,329.2,2,1.4,2014-04-28,0436,Aqua,MODIS,85,6.2,300.1,59,D,0
-34.8006,145.8653,325.5,1.5,1.2,2014-04-28,0436,Aqua,MODIS,83,6.2,297.5,33.9,D,0
-34.6974,147.2257,348.3,1.9,1.3,2014-04-28,0436,Aqua,MODIS,95,6.2,291.9,134.3,D,0
-35.2026,146.6194,304.3,1.7,1.3,2014-04-28,0436,Aqua,MODIS,41,6.2,280.5,14.7,D,0
-34.7895,145.9852,332.6,1.6,1.2,2014-04-28,0436,Aqua,MODIS,88,6.2,295.3,51.1,D,0
-34.589,138.8161,367.3,1,1,2014-04-28,0436,Aqua,MODIS,0,6.2,277.5,116.1,D,0
-36.7225,145.4034,310.1,1.3,1.1,2014-04-28,0436,Aqua,MODIS,70,6.2,293.7,11,D,0
-34.5875,138.8275,317,1,1,2014-04-28,0436,Aqua,MODIS,0,6.2,275.4,16.6,D,0
-35.5131,147.2152,307.3,1.8,1.3,2014-04-28,0436,Aqua,MODIS,65,6.2,281.3,22.3,D,0
-35.3561,146.9098,304.6,1.7,1.3,2014-04-28,0436,Aqua,MODIS,51,6.2,286,12.3,D,0
-34.7927,145.9684,357.2,1.6,1.2,2014-04-28,0436,Aqua,MODIS,99,6.2,298.9,139.2,D,0
-36.1893,145.0938,300,1.3,1.1,2014-04-28,0436,Aqua,MODIS,16,6.2,282.4,6.8,D,0
-36.3428,145.7684,313.5,1.4,1.2,2014-04-28,0436,Aqua,MODIS,74,6.2,296.7,12.3,D,0
-36.3513,145.7001,316.8,1.4,1.2,2014-04-28,0436,Aqua,MODIS,77,6.2,296.8,16.1,D,0
-36.2937,145.5008,314.2,1.4,1.2,2014-04-28,0436,Aqua,MODIS,74,6.2,292.8,15.3,D,0
-36.2964,145.4857,328.2,1.4,1.2,2014-04-28,0436,Aqua,MODIS,86,6.2,293.6,38.8,D,0
-36.411,145.5784,323.6,1.4,1.2,2014-04-28,0436,Aqua,MODIS,82,6.2,296.2,27.4,D,0
-34.0505,147.5113,329,2,1.4,2014-04-28,0436,Aqua,MODIS,84,6.2,297.9,58.8,D,0
-33.538,138.1726,332.8,1.1,1,2014-04-28,0437,Aqua,MODIS,87,6.2,293.7,31.2,D,0
-33.7669,138.4584,312.8,1.1,1,2014-04-28,0437,Aqua,MODIS,66,6.2,285.4,9.2,D,0
-30.7627,149.0633,336.7,3,1.7,2014-04-28,0437,Aqua,MODIS,89,6.2,294.5,171.3,D,0
-33.5366,138.1841,321.9,1.1,1,2014-04-28,0437,Aqua,MODIS,77,6.2,296,16.7,D,0
-34.5762,138.5695,322.7,1.1,1,2014-04-28,0437,Aqua,MODIS,75,6.2,287.7,20.2,D,0
-30.7696,149.0325,317.3,3,1.6,2014-04-28,0437,Aqua,MODIS,73,6.2,295.1,55.6,D,0
-34.108,141.0163,319.1,1,1,2014-04-28,0437,Aqua,MODIS,75,6.2,283.4,15.1,D,0
-34.1955,138.5332,326,1.1,1,2014-04-28,0437,Aqua,MODIS,79,6.2,278.3,24.5,D,0
-33.992,138.1311,326.1,1.1,1,2014-04-28,0437,Aqua,MODIS,84,6.2,292.7,22.8,D,0
-33.8611,138.4343,306.3,1.1,1,2014-04-28,0437,Aqua,MODIS,48,6.2,283.4,5,D,0
-33.7684,138.4469,319.8,1.1,1,2014-04-28,0437,Aqua,MODIS,76,6.2,287.7,15.3,D,0
-34.1097,141.0054,307.2,1,1,2014-04-28,0437,Aqua,MODIS,45,6.2,283,6,D,0
-23.0296,147.3618,314.7,3.5,1.8,2014-04-28,0439,Aqua,MODIS,25,6.2,296.9,43.5,D,0
-15.1459,125.7642,312.5,3.9,1.8,2014-04-28,0442,Aqua,MODIS,54,6.2,287.5,41.8,D,0
-15.8827,131.0314,322.8,1.6,1.2,2014-04-28,0442,Aqua,MODIS,72,6.2,298.7,24.5,D,0
-15.8841,131.0264,322.3,1.6,1.2,2014-04-28,0442,Aqua,MODIS,36,6.2,297.9,20.8,D,0
-16.2759,129.3057,324.4,2.2,1.4,2014-04-28,0442,Aqua,MODIS,74,6.2,295.1,36.7,D,0
-16.2782,129.2856,321.7,2.2,1.4,2014-04-28,0442,Aqua,MODIS,55,6.2,296.5,29.4,D,0
-16.278,129.3011,328.4,2.2,1.4,2014-04-28,0442,Aqua,MODIS,81,6.2,296,46.7,D,0
-16.0433,130.746,316.1,1.7,1.3,2014-04-28,0442,Aqua,MODIS,40,6.2,293.7,11.5,D,0
-16.068,132.2799,327.7,1.3,1.1,2014-04-28,0442,Aqua,MODIS,80,6.2,300.3,25.6,D,0
-16.0744,132.23,334.8,1.3,1.1,2014-04-28,0442,Aqua,MODIS,86,6.2,300.8,40.8,D,0
-16.0728,132.2425,368,1.3,1.1,2014-04-28,0442,Aqua,MODIS,100,6.2,302.9,155,D,0
-16.0712,132.255,338,1.3,1.1,2014-04-28,0442,Aqua,MODIS,88,6.2,300.9,46.8,D,0
-16.0696,132.2675,336.4,1.3,1.1,2014-04-28,0442,Aqua,MODIS,87,6.2,300.6,42.9,D,0
-16.0832,132.2439,321.2,1.3,1.1,2014-04-28,0442,Aqua,MODIS,72,6.2,299.4,15.4,D,0
-15.4812,124.9265,311.7,4.6,2,2014-04-28,0442,Aqua,MODIS,40,6.2,287.8,57.2,D,0
-15.4802,124.9302,310.8,4.6,2,2014-04-28,0442,Aqua,MODIS,23,6.2,287.7,48.9,D,0
-15.5088,131.1027,319.5,1.6,1.2,2014-04-28,0442,Aqua,MODIS,56,6.2,283.5,19,D,0
-15.3858,131.0807,346.8,1.6,1.2,2014-04-28,0442,Aqua,MODIS,82,6.2,286.1,89.4,D,0
-15.5672,130.4516,317.7,1.8,1.3,2014-04-28,0442,Aqua,MODIS,26,6.2,280.1,22.2,D,0
-15.5652,130.468,341.8,1.8,1.3,2014-04-28,0442,Aqua,MODIS,92,6.2,281.3,92,D,0
-15.4532,131.0956,341.3,1.6,1.2,2014-04-28,0442,Aqua,MODIS,86,6.2,283.6,74.8,D,0
-15.5769,130.4697,316.6,1.8,1.3,2014-04-28,0442,Aqua,MODIS,41,6.2,278,17.7,D,0
-15.5739,130.4578,332.5,1.8,1.3,2014-04-28,0442,Aqua,MODIS,86,6.2,278.5,56.7,D,0
-15.572,130.4742,336,1.8,1.3,2014-04-28,0442,Aqua,MODIS,88,6.2,280.2,68.3,D,0
-15.9692,130.5001,323.1,1.8,1.3,2014-04-28,0442,Aqua,MODIS,49,6.2,297.8,27,D,0
-16.3003,130.6833,318.3,1.7,1.3,2014-04-28,0442,Aqua,MODIS,46,6.2,297.7,16.4,D,0
-15.4309,131.0928,318.9,1.6,1.2,2014-04-28,0442,Aqua,MODIS,38,6.2,278.3,16.5,D,0
-15.731,131.0601,324.4,1.6,1.2,2014-04-28,0442,Aqua,MODIS,63,6.2,293.3,26.3,D,0
-15.6012,130.4279,314.6,1.8,1.3,2014-04-28,0442,Aqua,MODIS,63,6.2,285,18.5,D,0
-15.5085,131.1082,317.4,1.6,1.2,2014-04-28,0442,Aqua,MODIS,44,6.2,282.7,15.7,D,0
-15.4977,131.1013,317.8,1.6,1.2,2014-04-28,0442,Aqua,MODIS,27,6.2,283.6,16.6,D,0
-15.4549,131.0814,336.5,1.6,1.2,2014-04-28,0442,Aqua,MODIS,77,6.2,283.3,61,D,0
-33.7421,122.4124,307.1,1.9,1.4,2014-04-28,0615,Aqua,MODIS,63,6.2,291.3,16.4,D,0
-34.1636,117.2584,307.5,1.1,1,2014-04-28,0615,Aqua,MODIS,65,6.2,287.6,8.8,D,0
-33.0047,117.5246,314.7,1.1,1,2014-04-28,0616,Aqua,MODIS,75,6.2,292.2,13.4,D,0
-33.5365,116.6041,301.7,1,1,2014-04-28,0616,Aqua,MODIS,46,6.2,288.9,4.1,D,0
-33.5382,116.593,312.2,1,1,2014-04-28,0616,Aqua,MODIS,68,6.2,289,11.4,D,0
-32.279,116.8085,325.1,1.1,1,2014-04-28,0616,Aqua,MODIS,84,6.2,292.9,22.5,D,0
-25.0472,114.0251,312.8,1,1,2014-04-28,0618,Aqua,MODIS,43,6.2,294.8,4.8,D,0
-22.0778,123.1915,324.9,4.1,1.9,2014-04-28,0618,Aqua,MODIS,67,6.2,298.9,76.3,D,0
-20.2777,123.6831,327.5,4.8,2,2014-04-28,0619,Aqua,MODIS,71,6.2,303.4,92.1,D,0
-20.2738,123.6869,329.9,4.8,2,2014-04-28,0619,Aqua,MODIS,75,6.2,303.3,120.8,D,0
-35.9336,147.2801,302.6,3.3,1.7,2014-04-28,1222,Terra,MODIS,50,6.2,277.3,44.6,N,0
-28.5253,149.4753,301.6,1.9,1.4,2014-04-28,1224,Terra,MODIS,43,6.2,289.2,14.1,N,0
-26.3783,152.6268,304.5,1.2,1.1,2014-04-28,1225,Terra,MODIS,60,6.2,287.7,9.3,N,0
-26.7959,150.2012,301.4,1.6,1.3,2014-04-28,1225,Terra,MODIS,41,6.2,287.1,11.9,N,2
-22.7912,150.1069,311,1.5,1.2,2014-04-28,1226,Terra,MODIS,81,6.2,290.1,17.6,N,0
-22.7867,150.1149,300.4,1.5,1.2,2014-04-28,1226,Terra,MODIS,27,6.2,289.9,6.5,N,0
-22.7884,150.1008,300.6,1.5,1.2,2014-04-28,1226,Terra,MODIS,31,6.2,290,6.9,N,0
-23.0321,122.5005,307.1,2.3,1.5,2014-04-28,1405,Terra,MODIS,70,6.2,293.1,17.9,N,0
-20.2489,123.693,306,1.8,1.3,2014-04-28,1405,Terra,MODIS,66,6.2,293.7,12.2,N,0
-23.0187,122.499,305.2,2.3,1.5,2014-04-28,1405,Terra,MODIS,52,6.2,292.8,13.2,N,0
-20.2353,123.7084,304.5,1.8,1.3,2014-04-28,1405,Terra,MODIS,60,6.2,293.5,10.2,N,0
-20.247,123.7099,312.6,1.8,1.3,2014-04-28,1405,Terra,MODIS,85,6.2,293.9,22.7,N,0
-23.0298,122.5233,304,2.3,1.5,2014-04-28,1405,Terra,MODIS,49,6.2,292.9,11.3,N,0
-17.0988,124.6118,308,1.4,1.2,2014-04-28,1406,Terra,MODIS,25,6.2,293.5,8.6,N,0
-15.5441,131.101,306.2,1.2,1.1,2014-04-28,1406,Terra,MODIS,14,6.2,285.3,5.6,N,0
-16.914,124.4089,301.6,1.4,1.2,2014-04-28,1406,Terra,MODIS,6,6.2,288.7,7.9,N,0
-15.5445,131.0947,307.2,1.2,1.1,2014-04-28,1406,Terra,MODIS,18,6.2,286.7,6.8,N,0
-15.7462,131.0538,305.4,1.2,1.1,2014-04-28,1406,Terra,MODIS,27,6.2,285.8,6,N,0
-16.9993,124.8503,312.2,1.3,1.1,2014-04-28,1406,Terra,MODIS,66,6.2,294.3,11.6,N,0
-15.1512,130.4634,301,1.2,1.1,2014-04-28,1406,Terra,MODIS,20,6.2,273.7,5.6,N,0
-15.1575,130.487,311,1.2,1.1,2014-04-28,1406,Terra,MODIS,82,6.2,270.2,13.9,N,0
-17.1004,124.5989,308.5,1.4,1.2,2014-04-28,1406,Terra,MODIS,27,6.2,292.8,9.4,N,0
-17.104,124.6067,312.3,1.4,1.2,2014-04-28,1406,Terra,MODIS,53,6.2,294,12.1,N,0
-15.9192,131.0614,303.2,1.2,1.1,2014-04-28,1406,Terra,MODIS,49,6.2,281.6,4.6,N,0
-15.9189,131.0549,305.7,1.2,1.1,2014-04-28,1406,Terra,MODIS,62,6.2,282,6.5,N,0
-16.193,125.5137,307.8,1.2,1.1,2014-04-28,1406,Terra,MODIS,27,6.2,293.4,5.6,N,0
-15.8289,125.5719,311.5,1.2,1.1,2014-04-28,1406,Terra,MODIS,77,6.2,294.9,7.9,N,0
-15.8884,130.9918,307.6,1.2,1.1,2014-04-28,1406,Terra,MODIS,61,6.2,284.8,7.2,N,0
-16.0423,130.7865,308.3,1.2,1.1,2014-04-28,1406,Terra,MODIS,71,6.2,289.2,7.7,N,0
-16.049,130.7428,305.7,1.2,1.1,2014-04-28,1406,Terra,MODIS,61,6.2,291.2,5.2,N,0
-14.9224,130.6243,300.4,1.2,1.1,2014-04-28,1407,Terra,MODIS,27,6.2,272.3,5.8,N,0
-26.7967,150.2037,303,1.5,1.2,2014-04-28,1536,Aqua,MODIS,53,6.2,286.9,12.1,N,2
-35.9301,147.2906,300,1.3,1.1,2014-04-28,1538,Aqua,MODIS,12,6.2,281.9,9.1,N,0
-35.9285,147.2763,302.9,1.3,1.1,2014-04-28,1538,Aqua,MODIS,52,6.2,282.1,11.1,N,0
-14.9167,130.6846,306.8,2.3,1.5,2014-04-28,1711,Aqua,MODIS,69,6.2,279.1,26.2,N,0
-14.9143,130.664,303.9,2.3,1.5,2014-04-28,1711,Aqua,MODIS,50,6.2,281.6,19,N,0
-15.7053,126.5152,309.4,1.2,1.1,2014-04-28,1712,Aqua,MODIS,77,6.2,292.2,11.2,N,0
-16.2002,125.5038,303.9,1.1,1,2014-04-28,1712,Aqua,MODIS,58,6.2,280.6,6.9,N,0
-15.8152,125.5843,315.8,1.1,1,2014-04-28,1712,Aqua,MODIS,66,6.2,279,14.6,N,0
-15.8246,125.5827,324.1,1.1,1,2014-04-28,1712,Aqua,MODIS,100,6.2,275.7,23.9,N,0
-15.8326,125.5711,300.6,1.1,1,2014-04-28,1712,Aqua,MODIS,23,6.2,270.4,4.4,N,0
-15.834,125.5813,309.6,1.1,1,2014-04-28,1712,Aqua,MODIS,75,6.2,274.2,10.4,N,0
-15.5143,124.4835,309.9,1,1,2014-04-28,1712,Aqua,MODIS,71,6.2,294.3,5.8,N,0
-15.5407,124.4825,310.2,1,1,2014-04-28,1712,Aqua,MODIS,42,6.2,293,7.6,N,0
-21.2238,125.9066,334.8,1.3,1.1,2014-04-28,1713,Aqua,MODIS,100,6.2,294.3,49.6,N,0
-21.2119,125.8953,344.4,1.3,1.1,2014-04-28,1713,Aqua,MODIS,100,6.2,294,73.1,N,0
-21.2221,125.894,324.5,1.3,1.1,2014-04-28,1713,Aqua,MODIS,100,6.2,293.4,30.3,N,0
-21.2135,125.9079,362.8,1.3,1.1,2014-04-28,1713,Aqua,MODIS,100,6.2,297,137.4,N,0
-21.2201,125.9003,349.9,1.3,1.1,2014-04-28,1713,Aqua,MODIS,100,6.2,296.4,90.2,N,0
-21.2216,125.9129,320.4,1.3,1.1,2014-04-28,1713,Aqua,MODIS,100,6.2,294.6,24.3,N,0
-20.2372,123.702,310.3,1,1,2014-04-28,1713,Aqua,MODIS,80,6.2,294.1,9.5,N,0
-20.4632,125.6891,303.3,1.2,1.1,2014-04-28,1713,Aqua,MODIS,55,6.2,290.7,6.2,N,0
-20.4617,125.6825,310.9,1.2,1.1,2014-04-28,1713,Aqua,MODIS,73,6.2,291.5,13.1,N,0
-20.4617,125.6772,305.8,1.2,1.1,2014-04-28,1713,Aqua,MODIS,66,6.2,291.8,8.4,N,0
-20.2386,123.7118,310.6,1,1,2014-04-28,1713,Aqua,MODIS,80,6.2,294.6,9.5,N,0
-23.0186,122.5098,307.8,1,1,2014-04-28,1714,Aqua,MODIS,73,6.2,293,7.2,N,0
-33.8527,118.7772,310.3,1,1,2014-04-28,1717,Aqua,MODIS,80,6.2,279.4,14,N,0
-12.5081,141.9292,330.9,1,1,2014-04-29,0057,Terra,MODIS,84,6.2,305.4,22.5,D,0
-12.5171,141.9279,318.3,1,1,2014-04-29,0057,Terra,MODIS,62,6.2,303.6,8,D,0
-16.3506,131.9647,315.6,3,1.7,2014-04-29,0058,Terra,MODIS,58,6.2,296.9,29.4,D,0
-16.3518,131.9714,318.2,3,1.7,2014-04-29,0058,Terra,MODIS,49,6.2,296.8,37.2,D,0
-14.9303,130.6264,312.5,4.1,1.9,2014-04-29,0058,Terra,MODIS,50,6.2,290.5,39.4,D,0
-15.6886,131.0531,315.6,3.7,1.8,2014-04-29,0058,Terra,MODIS,61,6.2,293.7,39.7,D,0
-15.4895,131.0999,316.9,3.7,1.8,2014-04-29,0058,Terra,MODIS,64,6.2,293.6,46.5,D,0
-15.4981,131.104,314.1,3.7,1.8,2014-04-29,0058,Terra,MODIS,56,6.2,293.6,31.1,D,0
-15.6801,131.0489,316.9,3.7,1.8,2014-04-29,0058,Terra,MODIS,64,6.2,293.9,46.5,D,0
-20.7352,139.4762,345.2,1,1,2014-04-29,0059,Terra,MODIS,85,6.2,312.2,37.8,D,2
-32.6858,147.1909,313.3,3.5,1.8,2014-04-29,0102,Terra,MODIS,73,6.2,293.7,51.8,D,0
-32.7405,147.414,310.8,3.7,1.8,2014-04-29,0102,Terra,MODIS,70,6.2,289.8,48.5,D,0
-32.731,147.4095,312.5,3.7,1.8,2014-04-29,0102,Terra,MODIS,71,6.2,289.6,57.2,D,0
-32.7288,147.3698,302.3,3.6,1.8,2014-04-29,0102,Terra,MODIS,35,6.2,287.4,14,D,0
-32.6777,147.1845,311.6,3.5,1.8,2014-04-29,0102,Terra,MODIS,71,6.2,293.7,46.7,D,0
-15.7194,126.5078,310.6,4.4,1.9,2014-04-29,0236,Terra,MODIS,40,6.2,288.8,41.7,D,0
-15.7201,126.5009,310.4,4.4,1.9,2014-04-29,0236,Terra,MODIS,41,6.2,288.7,41,D,0
-16.1982,125.5282,317.4,3.8,1.8,2014-04-29,0236,Terra,MODIS,58,6.2,292,53.6,D,0
-15.547,124.4801,316,3.1,1.7,2014-04-29,0236,Terra,MODIS,40,6.2,293.4,31.1,D,0
-16.7932,125.5744,315.7,3.9,1.8,2014-04-29,0237,Terra,MODIS,59,6.2,294.1,41.6,D,0
-17.0701,126.3667,316.3,4.5,2,2014-04-29,0237,Terra,MODIS,55,6.2,293.8,44.2,D,0
-17.0531,126.3628,318.8,4.5,2,2014-04-29,0237,Terra,MODIS,63,6.2,293.9,67.5,D,0
-17.0525,126.368,318.8,4.5,2,2014-04-29,0237,Terra,MODIS,64,6.2,293.8,66.4,D,0
-17.0707,126.3615,316.9,4.5,2,2014-04-29,0237,Terra,MODIS,56,6.2,293.7,49.2,D,0
-20.2419,123.7158,324.6,3.1,1.7,2014-04-29,0238,Terra,MODIS,51,6.2,300.6,49.4,D,0
-20.2399,123.7106,325.5,3.1,1.7,2014-04-29,0238,Terra,MODIS,57,6.2,301.1,54.5,D,0
-21.2195,125.881,322.4,4.6,2,2014-04-29,0238,Terra,MODIS,67,6.2,293.7,95.9,D,0
-21.2217,125.9186,317.7,4.7,2,2014-04-29,0238,Terra,MODIS,46,6.2,293.4,57.6,D,0
-21.2182,125.8737,320.5,4.6,2,2014-04-29,0238,Terra,MODIS,62,6.2,293.6,78.5,D,0
-33.6603,117.557,306.9,1.7,1.3,2014-04-29,0241,Terra,MODIS,64,6.2,290.6,12,D,0
-33.6535,117.5644,308.7,1.7,1.3,2014-04-29,0241,Terra,MODIS,67,6.2,291.3,13.5,D,0
-30.8552,116.1531,306.4,1.3,1.1,2014-04-29,0241,Terra,MODIS,48,6.2,292.2,6.8,D,0
-30.8586,116.1583,314.2,1.3,1.1,2014-04-29,0241,Terra,MODIS,71,6.2,292.6,15,D,0
-33.4644,119.2709,300.6,2.2,1.4,2014-04-29,0241,Terra,MODIS,19,6.2,287.9,10.2,D,0
-33.4776,119.2695,303.3,2.2,1.4,2014-04-29,0241,Terra,MODIS,49,6.2,286.1,15.8,D,0
-30.8568,116.1669,307.1,1.3,1.1,2014-04-29,0241,Terra,MODIS,52,6.2,292.7,7.6,D,0
-31.8608,115.9037,302.9,1.3,1.1,2014-04-29,0241,Terra,MODIS,44,6.2,289.2,2.8,D,0
-33.5486,119.5277,302.2,2.3,1.5,2014-04-29,0241,Terra,MODIS,51,6.2,288.2,12,D,0
-30.6532,115.9686,306.7,1.3,1.1,2014-04-29,0241,Terra,MODIS,55,6.2,293.2,5.8,D,0
-34.3312,117.4437,302.2,1.7,1.3,2014-04-29,0242,Terra,MODIS,51,6.2,288.7,8.9,D,0
-34.0308,118.3614,317.6,2,1.4,2014-04-29,0242,Terra,MODIS,78,6.2,289.4,37,D,0
-34.333,117.4625,306.1,1.7,1.3,2014-04-29,0242,Terra,MODIS,63,6.2,289.6,13.7,D,0
-33.6154,150.0169,330.8,1.3,1.1,2014-04-29,0341,Aqua,MODIS,87,6.2,283.6,43,D,0
-33.617,150.0026,322.4,1.3,1.1,2014-04-29,0341,Aqua,MODIS,75,6.2,282.2,28.1,D,0
-29.8711,150.7457,315.8,1.1,1.1,2014-04-29,0342,Aqua,MODIS,74,6.2,297.8,10.6,D,0
-29.8806,150.7473,330.2,1.1,1.1,2014-04-29,0342,Aqua,MODIS,86,6.2,298.9,28.2,D,0
-32.5432,148.7472,313,1.5,1.2,2014-04-29,0342,Aqua,MODIS,73,6.2,281.2,21.3,D,0
-32.5415,148.7634,313.5,1.5,1.2,2014-04-29,0342,Aqua,MODIS,74,6.2,281.2,21.7,D,0
-29.1454,153.0738,329.4,1,1,2014-04-29,0342,Aqua,MODIS,86,6.2,291.9,26.3,D,0
-29.8792,150.7589,325.7,1.1,1.1,2014-04-29,0342,Aqua,MODIS,83,6.2,298.3,21.2,D,0
-31.2063,151.4171,308.9,1.1,1,2014-04-29,0342,Aqua,MODIS,64,6.2,294.3,7.4,D,0
-31.9265,151.9322,306,1.1,1,2014-04-29,0342,Aqua,MODIS,55,6.2,295.3,4.7,D,0
-31.5052,148.5786,300.8,1.5,1.2,2014-04-29,0342,Aqua,MODIS,41,6.2,270.9,7.9,D,0
-28.072,151.8936,315.4,1,1,2014-04-29,0343,Aqua,MODIS,69,6.2,303.4,7.7,D,0
-28.5208,149.4805,317.1,1.2,1.1,2014-04-29,0343,Aqua,MODIS,71,6.2,280.3,16.1,D,0
-25.4136,150.5119,322.2,1,1,2014-04-29,0343,Aqua,MODIS,75,6.2,301.6,13.2,D,0
-25.408,150.5054,318.9,1,1,2014-04-29,0343,Aqua,MODIS,71,6.2,300.9,10.9,D,0
-25.4066,150.5157,312.3,1,1,2014-04-29,0343,Aqua,MODIS,55,6.2,300.7,5.1,D,0
-28.035,151.0836,329.9,1,1,2014-04-29,0343,Aqua,MODIS,83,6.2,297.4,23.9,D,0
-28.0271,151.0713,342.2,1.1,1,2014-04-29,0343,Aqua,MODIS,91,6.2,298.2,44.9,D,0
-28.0285,151.0606,322.7,1.1,1,2014-04-29,0343,Aqua,MODIS,73,6.2,296.8,16.7,D,0
-28.0335,151.0942,316,1,1,2014-04-29,0343,Aqua,MODIS,47,6.2,297.1,8.1,D,0
-26.1575,152.1789,341,1,1,2014-04-29,0343,Aqua,MODIS,91,6.2,301,39.1,D,0
-26.1589,152.1689,353.9,1,1,2014-04-29,0343,Aqua,MODIS,97,6.2,302,65.1,D,0
-26.3782,152.6278,315.7,1,1,2014-04-29,0343,Aqua,MODIS,70,6.2,288.8,10.5,D,0
-26.2966,152.6165,314.1,1,1,2014-04-29,0343,Aqua,MODIS,53,6.2,297.2,9.2,D,0
-26.5087,149.9888,330.7,1.1,1.1,2014-04-29,0343,Aqua,MODIS,83,6.2,299.8,28.1,D,0
-26.5101,149.9776,337.3,1.1,1.1,2014-04-29,0343,Aqua,MODIS,88,6.2,300.5,38,D,0
-26.5007,149.9761,327.5,1.1,1.1,2014-04-29,0343,Aqua,MODIS,80,6.2,300.1,23.2,D,0
-26.4992,149.9873,328.3,1.1,1.1,2014-04-29,0343,Aqua,MODIS,81,6.2,299.3,25.2,D,0
-27.251,151.3196,325.7,1,1,2014-04-29,0343,Aqua,MODIS,80,6.2,308.1,13.3,D,0
-27.2524,151.3092,344.5,1,1,2014-04-29,0343,Aqua,MODIS,93,6.2,308,42.3,D,0
-26.8039,150.2006,314.4,1.1,1,2014-04-29,0343,Aqua,MODIS,53,6.2,298.2,8.3,D,0
-26.7945,150.1991,312.6,1.1,1,2014-04-29,0343,Aqua,MODIS,45,6.2,296.7,6.7,D,0
-27.5234,149.9972,312.7,1.1,1.1,2014-04-29,0343,Aqua,MODIS,42,6.2,300,7.9,D,0
-23.6902,150.5106,326.4,1,1,2014-04-29,0344,Aqua,MODIS,77,6.2,294.3,22.4,D,0
-23.6811,150.509,317.1,1,1,2014-04-29,0344,Aqua,MODIS,62,6.2,291.8,12.9,D,0
-23.4014,150.3462,312.7,1,1,2014-04-29,0344,Aqua,MODIS,44,6.2,292.3,8.5,D,0
-12.5212,141.9276,320,2.4,1.5,2014-04-29,0347,Aqua,MODIS,56,6.2,300.3,37.7,D,0
-12.5077,141.926,324.8,2.4,1.5,2014-04-29,0347,Aqua,MODIS,79,6.2,300.2,58.1,D,0
-12.513,141.9198,325.6,2.4,1.5,2014-04-29,0347,Aqua,MODIS,69,6.2,302.1,58.1,D,0
-35.1704,137.0315,318.8,2,1.4,2014-04-29,0519,Aqua,MODIS,79,6.2,289.6,45,D,0
-35.1748,137.0103,310,2,1.4,2014-04-29,0519,Aqua,MODIS,69,6.2,289.1,25.4,D,0
-34.3518,135.6065,315.2,1.7,1.3,2014-04-29,0520,Aqua,MODIS,63,6.2,289.1,27.1,D,0
-30.5311,116.1689,305.5,4.7,2,2014-04-29,0521,Aqua,MODIS,57,6.2,292.9,33.9,D,0
-30.5317,116.2142,314.7,4.7,2,2014-04-29,0521,Aqua,MODIS,73,6.2,293.2,95.2,D,0
-30.5287,116.2184,313.1,4.7,2,2014-04-29,0521,Aqua,MODIS,71,6.2,293.1,82.9,D,0
-31.043,116.2824,315.3,4.7,2,2014-04-29,0521,Aqua,MODIS,73,6.2,293.2,98.6,D,0
-31.0401,116.2852,314.6,4.7,2,2014-04-29,0521,Aqua,MODIS,72,6.2,293.1,92.4,D,0
-21.2232,125.8807,330.2,1,1,2014-04-29,0523,Aqua,MODIS,72,6.2,308.4,9.6,D,0
-20.2439,123.7162,328.3,1.1,1.1,2014-04-29,0524,Aqua,MODIS,68,6.2,308.5,8.5,D,0
-17.2106,126.5912,326.3,1,1,2014-04-29,0524,Aqua,MODIS,57,6.2,304.4,15.4,D,0
-20.2344,123.7148,335.5,1.1,1.1,2014-04-29,0524,Aqua,MODIS,80,6.2,308.6,19.8,D,0
-20.2196,123.6796,330.2,1.1,1.1,2014-04-29,0524,Aqua,MODIS,72,6.2,307.9,13.1,D,0
-20.2482,123.7113,331.7,1.1,1.1,2014-04-29,0524,Aqua,MODIS,54,6.2,310,12.1,D,0
-15.6138,126.2497,343.6,1,1,2014-04-29,0525,Aqua,MODIS,91,6.2,301.9,42.5,D,0
-15.6857,131.0311,331.8,2,1.4,2014-04-29,0525,Aqua,MODIS,81,6.2,304.3,44.4,D,0
-15.5427,131.0883,326,2,1.4,2014-04-29,0525,Aqua,MODIS,74,6.2,303.4,28.3,D,0
-15.3771,130.2841,325.3,1.8,1.3,2014-04-29,0525,Aqua,MODIS,72,6.2,299,30.4,D,0
-15.6061,126.2386,329.3,1,1,2014-04-29,0525,Aqua,MODIS,70,6.2,303.4,18.4,D,0
-15.6046,126.2483,338.5,1,1,2014-04-29,0525,Aqua,MODIS,87,6.2,304.1,32.4,D,0
-15.1627,127.99,338.8,1.3,1.1,2014-04-29,0525,Aqua,MODIS,87,6.2,302.2,37.2,D,0
-17.0114,124.8562,326.6,1,1,2014-04-29,0525,Aqua,MODIS,73,6.2,303.5,9.8,D,0
-15.6973,126.4286,333.8,1.1,1,2014-04-29,0525,Aqua,MODIS,78,6.2,303,26.3,D,0
-15.6605,126.4226,329.8,1.1,1,2014-04-29,0525,Aqua,MODIS,79,6.2,300.8,19.5,D,0
-15.5199,130.4592,323.1,1.8,1.3,2014-04-29,0525,Aqua,MODIS,43,6.2,297.8,20.1,D,0
-15.5317,130.4613,329.7,1.8,1.3,2014-04-29,0525,Aqua,MODIS,71,6.2,300.6,35.2,D,0
-15.6465,126.3904,331.4,1.1,1,2014-04-29,0525,Aqua,MODIS,81,6.2,302.2,20.4,D,0
-17.0127,124.8468,323.2,1,1,2014-04-29,0525,Aqua,MODIS,42,6.2,301.3,5.5,D,0
-16.2615,130.2908,323.1,1.7,1.3,2014-04-29,0525,Aqua,MODIS,47,6.2,298.5,19.3,D,0
-15.1878,127.7019,328.2,1.2,1.1,2014-04-29,0525,Aqua,MODIS,68,6.2,303.1,13.3,D,0
-16.1104,130.2336,321.4,1.7,1.3,2014-04-29,0525,Aqua,MODIS,52,6.2,300.8,21.2,D,0
-15.8592,130.2085,326.2,1.7,1.3,2014-04-29,0525,Aqua,MODIS,26,6.2,300.3,25.9,D,0
-16.3086,130.0113,321.7,1.6,1.3,2014-04-29,0525,Aqua,MODIS,59,6.2,300.3,15.5,D,0
-16.2619,130.0111,321.1,1.6,1.3,2014-04-29,0525,Aqua,MODIS,59,6.2,301.7,14.5,D,0
-15.8619,130.1927,357.4,1.7,1.3,2014-04-29,0525,Aqua,MODIS,98,6.2,300.3,148.3,D,0
-15.8622,130.2021,335.9,1.7,1.3,2014-04-29,0525,Aqua,MODIS,84,6.2,299.3,54.5,D,0
-16.3022,130.6585,375,1.8,1.3,2014-04-29,0525,Aqua,MODIS,94,6.2,303.2,291.6,D,0
-15.799,126.2425,324.7,1,1,2014-04-29,0525,Aqua,MODIS,48,6.2,301.6,13.4,D,0
-16.25,130.2887,326.4,1.7,1.3,2014-04-29,0525,Aqua,MODIS,57,6.2,301.5,27.7,D,0
-15.5435,130.4633,330.2,1.8,1.3,2014-04-29,0525,Aqua,MODIS,70,6.2,302.2,35.6,D,0
-15.5366,130.4676,332,1.8,1.3,2014-04-29,0525,Aqua,MODIS,81,6.2,301.1,41.4,D,0
-15.8004,126.2329,333.3,1,1,2014-04-29,0525,Aqua,MODIS,81,6.2,303.1,23.6,D,0
-15.8019,126.2232,337.2,1,1,2014-04-29,0525,Aqua,MODIS,81,6.2,303.3,29,D,0
-15.1089,130.9376,331.5,2,1.4,2014-04-29,0525,Aqua,MODIS,81,6.2,301.9,50.3,D,0
-15.8033,126.2136,328,1,1,2014-04-29,0525,Aqua,MODIS,44,6.2,302,15.6,D,0
-15.4815,126.4514,325.3,1.1,1,2014-04-29,0525,Aqua,MODIS,44,6.2,296.5,16.3,D,0
-15.4803,126.522,337.6,1.1,1,2014-04-29,0525,Aqua,MODIS,87,6.2,300.8,32.4,D,0
-15.7899,126.4299,357.1,1.1,1,2014-04-29,0525,Aqua,MODIS,98,6.2,304.9,72.3,D,0
-16.2532,129.9941,332.3,1.6,1.3,2014-04-29,0525,Aqua,MODIS,80,6.2,301.2,41.2,D,0
-16.5104,130.2403,325,1.7,1.3,2014-04-29,0525,Aqua,MODIS,52,6.2,300.8,24.5,D,0
-15.1057,130.9565,325.8,2,1.4,2014-04-29,0525,Aqua,MODIS,69,6.2,302.9,30.9,D,0
-16.5139,130.2353,326.4,1.7,1.3,2014-04-29,0525,Aqua,MODIS,67,6.2,300.9,27.4,D,0
-16.2507,130.0091,331.9,1.6,1.3,2014-04-29,0525,Aqua,MODIS,80,6.2,301.8,40,D,0
-15.5716,126.0984,322.2,1,1,2014-04-29,0525,Aqua,MODIS,32,6.2,297.5,14.1,D,0
-15.7884,126.4397,331.4,1.1,1,2014-04-29,0525,Aqua,MODIS,81,6.2,303.6,19.1,D,0
-15.843,126.4343,358.5,1.1,1,2014-04-29,0525,Aqua,MODIS,99,6.2,303.3,75.7,D,0
-15.8445,126.4245,326.7,1.1,1,2014-04-29,0525,Aqua,MODIS,51,6.2,300.8,13.1,D,0
-15.8246,126.4313,333.2,1.1,1,2014-04-29,0525,Aqua,MODIS,79,6.2,298.9,22.5,D,0
-15.8175,126.4344,324.3,1.1,1,2014-04-29,0525,Aqua,MODIS,37,6.2,301.6,12.2,D,0
-15.4863,126.4825,321.3,1.1,1,2014-04-29,0525,Aqua,MODIS,34,6.2,296.8,10.4,D,0
-15.0975,130.9409,324,2,1.4,2014-04-29,0525,Aqua,MODIS,67,6.2,300.9,25.8,D,0
-15.4907,126.4529,334,1.1,1,2014-04-29,0525,Aqua,MODIS,82,6.2,299.8,27.8,D,0
-15.4788,126.5318,328.2,1.1,1,2014-04-29,0525,Aqua,MODIS,76,6.2,301.8,17.5,D,0
-15.1099,130.9432,334.1,2,1.4,2014-04-29,0525,Aqua,MODIS,83,6.2,302.5,61.4,D,0
-15.4151,130.3133,332.3,1.8,1.3,2014-04-29,0525,Aqua,MODIS,70,6.2,297.6,47.3,D,0
-14.8928,130.4218,327.3,1.9,1.3,2014-04-29,0525,Aqua,MODIS,47,6.2,297.9,34.8,D,0
-14.9075,130.4072,341,1.9,1.3,2014-04-29,0525,Aqua,MODIS,89,6.2,297.7,85.2,D,0
-14.9043,130.3961,328.9,1.8,1.3,2014-04-29,0525,Aqua,MODIS,75,6.2,295.2,43.6,D,0
-16.0565,130.6996,320.4,1.9,1.3,2014-04-29,0525,Aqua,MODIS,43,6.2,298.3,13.3,D,0
-14.9015,130.4126,345.1,1.9,1.3,2014-04-29,0525,Aqua,MODIS,92,6.2,297.9,104.7,D,0
-15.7991,126.4314,352,1.1,1,2014-04-29,0525,Aqua,MODIS,96,6.2,304.6,58.4,D,0
-15.1621,130.5432,326.2,1.9,1.3,2014-04-29,0525,Aqua,MODIS,65,6.2,300.4,30.3,D,0
-17.0525,126.3547,339.2,1,1,2014-04-29,0525,Aqua,MODIS,85,6.2,307.7,28,D,0
-14.8985,130.4296,326.1,1.9,1.3,2014-04-29,0525,Aqua,MODIS,69,6.2,296.5,33.9,D,0
-15.9085,126.5521,327.1,1.1,1,2014-04-29,0525,Aqua,MODIS,70,6.2,299.9,15.8,D,0
-15.1066,130.962,322.7,2,1.4,2014-04-29,0525,Aqua,MODIS,27,6.2,302.8,21.9,D,0
-14.8607,130.54,328.6,1.9,1.3,2014-04-29,0525,Aqua,MODIS,78,6.2,299.8,41,D,0
-14.8776,130.5496,332.8,1.9,1.3,2014-04-29,0525,Aqua,MODIS,82,6.2,296.8,50.6,D,0
-14.9165,130.1346,316,1.8,1.3,2014-04-29,0525,Aqua,MODIS,46,6.2,297,12.4,D,0
-15.5895,130.4425,326.3,1.8,1.3,2014-04-29,0525,Aqua,MODIS,69,6.2,301.1,24.5,D,0
-15.1215,128.0551,326.2,1.3,1.1,2014-04-29,0525,Aqua,MODIS,71,6.2,301.9,15.3,D,0
-15.1078,128.0097,321.6,1.3,1.1,2014-04-29,0525,Aqua,MODIS,57,6.2,300.9,9.2,D,0
-16.0249,126.3864,322.4,1,1,2014-04-29,0525,Aqua,MODIS,35,6.2,302.3,11.3,D,0
-15.1096,127.9981,324,1.3,1.1,2014-04-29,0525,Aqua,MODIS,68,6.2,301.4,12.2,D,0
-15.6889,131.0125,323.9,2,1.4,2014-04-29,0525,Aqua,MODIS,37,6.2,302.9,18.9,D,0
-15.5483,131.0769,326.9,2,1.4,2014-04-29,0525,Aqua,MODIS,74,6.2,302.6,30.3,D,0
-15.5459,131.0691,322.4,2,1.4,2014-04-29,0525,Aqua,MODIS,49,6.2,302.1,16.6,D,0
-15.4932,131.0785,331.4,2,1.4,2014-04-29,0525,Aqua,MODIS,80,6.2,303.3,45,D,0
-15.4647,126.2034,328.7,1,1,2014-04-29,0525,Aqua,MODIS,73,6.2,303.5,18.1,D,0
-14.8649,130.1867,324.1,1.8,1.3,2014-04-29,0525,Aqua,MODIS,73,6.2,298.7,27.9,D,0
-15.8119,126.1559,324.9,1,1,2014-04-29,0525,Aqua,MODIS,63,6.2,300.8,15.4,D,0
-15.6124,126.2594,362.8,1,1,2014-04-29,0525,Aqua,MODIS,100,6.2,302.7,88.2,D,0
-14.8587,130.1915,322.3,1.8,1.3,2014-04-29,0525,Aqua,MODIS,69,6.2,298.6,24.8,D,0
-14.8704,130.1936,330,1.8,1.3,2014-04-29,0525,Aqua,MODIS,80,6.2,298.8,44.6,D,0
-15.6109,126.2691,342,1,1,2014-04-29,0525,Aqua,MODIS,90,6.2,302.3,37,D,0
-16.468,124.6017,344.5,1,1,2014-04-29,0525,Aqua,MODIS,91,6.2,301.4,40.2,D,0
-16.4694,124.5923,322.2,1,1,2014-04-29,0525,Aqua,MODIS,55,6.2,298.4,8.7,D,0
-15.6424,126.3737,326.9,1.1,1,2014-04-29,0525,Aqua,MODIS,70,6.2,302.1,15.8,D,0
-15.6495,126.3709,368.2,1.1,1,2014-04-29,0525,Aqua,MODIS,100,6.2,301.4,106.3,D,0
-15.648,126.3806,337.7,1.1,1,2014-04-29,0525,Aqua,MODIS,87,6.2,299.9,30.1,D,0
-15.7394,126.3356,328.5,1,1,2014-04-29,0525,Aqua,MODIS,44,6.2,299.4,19.4,D,0
-15.7479,126.3334,337.2,1,1,2014-04-29,0525,Aqua,MODIS,86,6.2,302.1,30.7,D,0
-15.6172,126.29,331.7,1,1,2014-04-29,0525,Aqua,MODIS,78,6.2,303.8,20.9,D,0
-14.9953,130.5405,331.4,1.9,1.3,2014-04-29,0525,Aqua,MODIS,81,6.2,295.5,51.7,D,0
-16.4283,124.6281,327.4,1,1,2014-04-29,0525,Aqua,MODIS,66,6.2,302.7,13.9,D,0
-15.6249,126.3012,326.4,1,1,2014-04-29,0525,Aqua,MODIS,66,6.2,302,13.7,D,0
-15.6312,126.3221,325,1,1,2014-04-29,0525,Aqua,MODIS,67,6.2,300.6,13.5,D,0
-16.3167,130.225,333.4,1.7,1.3,2014-04-29,0525,Aqua,MODIS,79,6.2,300.8,47,D,0
-16.3065,130.2338,327.7,1.7,1.3,2014-04-29,0525,Aqua,MODIS,54,6.2,300.4,31.8,D,0
-16.3303,130.1466,330.4,1.7,1.3,2014-04-29,0525,Aqua,MODIS,73,6.2,300.8,37.3,D,0
-16.3329,130.1311,323.8,1.7,1.3,2014-04-29,0525,Aqua,MODIS,32,6.2,297.6,21,D,0
-16.3449,130.1432,330.7,1.7,1.3,2014-04-29,0525,Aqua,MODIS,72,6.2,301.3,38.1,D,0
-15.231,125.9118,319.2,1,1,2014-04-29,0525,Aqua,MODIS,38,6.2,298.4,8.4,D,0
-15.8125,126.2151,324.3,1,1,2014-04-29,0525,Aqua,MODIS,40,6.2,301.4,12.1,D,0
-15.4898,131.0981,328.1,2,1.4,2014-04-29,0525,Aqua,MODIS,77,6.2,303.5,32.4,D,0
-16.3475,130.1277,333.2,1.7,1.3,2014-04-29,0525,Aqua,MODIS,81,6.2,300.2,45.3,D,0
-15.5502,126.6107,333.5,1.1,1,2014-04-29,0525,Aqua,MODIS,83,6.2,300.8,27.1,D,0
-14.8433,130.0988,328.3,1.8,1.3,2014-04-29,0525,Aqua,MODIS,78,6.2,297.6,37.4,D,0
-14.8316,130.0968,319.9,1.8,1.3,2014-04-29,0525,Aqua,MODIS,38,6.2,298.3,17.3,D,0
-16.3335,130.1414,335.5,1.7,1.3,2014-04-29,0525,Aqua,MODIS,84,6.2,301.2,54.3,D,0
-16.1791,130.3681,322.7,1.7,1.3,2014-04-29,0525,Aqua,MODIS,52,6.2,300.9,19.7,D,0
-16.3221,130.1399,328.1,1.7,1.3,2014-04-29,0525,Aqua,MODIS,43,6.2,299.3,31.9,D,0
-16.3081,130.1535,338.3,1.7,1.3,2014-04-29,0525,Aqua,MODIS,86,6.2,300.3,59.9,D,0
-16.2967,130.1515,321.8,1.7,1.3,2014-04-29,0525,Aqua,MODIS,39,6.2,298,17.5,D,0
-15.5409,126.6092,332.3,1.1,1,2014-04-29,0525,Aqua,MODIS,82,6.2,301.4,26,D,0
-16.8706,124.3495,363.7,1,1,2014-04-29,0525,Aqua,MODIS,100,6.2,302.9,88.5,D,0
-16.4349,124.5812,328.5,1,1,2014-04-29,0525,Aqua,MODIS,72,6.2,302.1,15.9,D,0
-16.1352,126.1474,322.6,1,1,2014-04-29,0525,Aqua,MODIS,64,6.2,301.3,9.9,D,0
-16.0491,126.1628,321.9,1,1,2014-04-29,0525,Aqua,MODIS,31,6.2,303.9,8.5,D,0
-16.0412,126.1657,324.3,1,1,2014-04-29,0525,Aqua,MODIS,64,6.2,303.2,12.4,D,0
-15.8725,130.1394,319.9,1.7,1.3,2014-04-29,0525,Aqua,MODIS,29,6.2,298.8,12.4,D,0
-15.708,126.4203,341.9,1.1,1,2014-04-29,0525,Aqua,MODIS,90,6.2,301.1,37.5,D,0
-15.7065,126.4301,332,1.1,1,2014-04-29,0525,Aqua,MODIS,39,6.2,301.3,21.5,D,0
-15.7133,126.5116,325.8,1.1,1,2014-04-29,0525,Aqua,MODIS,48,6.2,305.5,12,D,0
-15.7213,126.5093,322.8,1.1,1,2014-04-29,0525,Aqua,MODIS,27,6.2,303.9,7.4,D,0
-15.7453,126.4127,337.9,1.1,1,2014-04-29,0525,Aqua,MODIS,83,6.2,300.3,32,D,0
-15.7439,126.4225,370.1,1.1,1,2014-04-29,0525,Aqua,MODIS,100,6.2,305,114,D,0
-15.1452,125.7471,333.8,1,1,2014-04-29,0525,Aqua,MODIS,84,6.2,296.8,24.3,D,0
-16.6973,123.8131,329.5,1,1,2014-04-29,0525,Aqua,MODIS,77,6.2,302.7,18.2,D,0
-16.1126,126.6078,323.3,1.1,1,2014-04-29,0525,Aqua,MODIS,59,6.2,302.4,10,D,0
-16.696,123.8229,318.7,1,1,2014-04-29,0525,Aqua,MODIS,45,6.2,299.3,5.9,D,0
-15.7531,126.424,322.4,1.1,1,2014-04-29,0525,Aqua,MODIS,36,6.2,301.8,9.7,D,0
-15.7516,126.4338,330.7,1.1,1,2014-04-29,0525,Aqua,MODIS,75,6.2,302.1,20.6,D,0
-16.7065,123.8145,340.6,1,1,2014-04-29,0525,Aqua,MODIS,88,6.2,302,36,D,0
-16.7052,123.8242,347.5,1,1,2014-04-29,0525,Aqua,MODIS,93,6.2,301.1,49.7,D,0
-16.5399,130.3436,323.6,1.7,1.3,2014-04-29,0525,Aqua,MODIS,56,6.2,298.8,20.9,D,0
-16.5515,130.3455,324.8,1.7,1.3,2014-04-29,0525,Aqua,MODIS,67,6.2,300,24.1,D,0
-15.3753,130.6907,327.8,1.9,1.3,2014-04-29,0525,Aqua,MODIS,76,6.2,301.5,31.9,D,0
-14.9021,130.1485,328.8,1.8,1.3,2014-04-29,0525,Aqua,MODIS,79,6.2,297.2,41.5,D,0
-15.7807,126.4284,335.2,1.1,1,2014-04-29,0525,Aqua,MODIS,84,6.2,303.7,25.7,D,0
-16.3983,130.1595,331.3,1.7,1.3,2014-04-29,0525,Aqua,MODIS,72,6.2,302.2,42,D,0
-15.7792,126.4382,325.3,1.1,1,2014-04-29,0525,Aqua,MODIS,65,6.2,303.8,11.2,D,0
-16.8719,124.3399,328,1,1,2014-04-29,0525,Aqua,MODIS,64,6.2,298.3,15.7,D,0
-15.8038,126.5688,345,1.1,1,2014-04-29,0525,Aqua,MODIS,91,6.2,297.6,44.9,D,0
-15.8023,126.5787,322.5,1.1,1,2014-04-29,0525,Aqua,MODIS,40,6.2,301.9,8.8,D,0
-15.813,126.5702,334.3,1.1,1,2014-04-29,0525,Aqua,MODIS,80,6.2,300.7,26.7,D,0
-16.8615,124.3481,328.8,1,1,2014-04-29,0525,Aqua,MODIS,66,6.2,300.2,17.8,D,0
-15.5227,130.4426,326.1,1.8,1.3,2014-04-29,0525,Aqua,MODIS,66,6.2,298.2,30.4,D,0
-15.4749,124.8675,320.9,1,1,2014-04-29,0525,Aqua,MODIS,47,6.2,298.8,7.4,D,0
-15.466,124.8661,345.4,1,1,2014-04-29,0525,Aqua,MODIS,92,6.2,301.5,41.7,D,0
-15.4504,124.911,324.2,1,1,2014-04-29,0525,Aqua,MODIS,47,6.2,302.8,7.5,D,0
-15.4763,124.8582,322.6,1,1,2014-04-29,0525,Aqua,MODIS,69,6.2,299.6,10.4,D,0
-16.3101,123.9586,322.3,1,1,2014-04-29,0525,Aqua,MODIS,0,6.2,301.5,9.3,D,0
-16.3455,123.9047,318.2,1,1,2014-04-29,0525,Aqua,MODIS,0,6.2,300.3,5.5,D,0
-15.4673,124.8568,353.5,1,1,2014-04-29,0525,Aqua,MODIS,97,6.2,300.6,59.8,D,0
-16.421,124.483,331.1,1,1,2014-04-29,0525,Aqua,MODIS,80,6.2,302.1,17.9,D,0
-15.5585,124.4683,326.5,1,1,2014-04-29,0525,Aqua,MODIS,53,6.2,300.7,12,D,0
-15.5572,124.4777,326.8,1,1,2014-04-29,0525,Aqua,MODIS,48,6.2,301.9,11.3,D,0
-15.0905,130.5287,323.4,1.9,1.3,2014-04-29,0525,Aqua,MODIS,56,6.2,298.5,29.7,D,0
-15.1024,130.5309,320,1.9,1.3,2014-04-29,0525,Aqua,MODIS,37,6.2,297.2,20,D,0
-16.4223,124.4736,323.7,1,1,2014-04-29,0525,Aqua,MODIS,47,6.2,302.3,8.8,D,0
-15.5213,124.4759,337.1,1,1,2014-04-29,0525,Aqua,MODIS,75,6.2,301.1,24.1,D,0
-15.1501,125.7769,323.8,1,1,2014-04-29,0525,Aqua,MODIS,44,6.2,296.5,11,D,0
-15.1515,125.7674,346.9,1,1,2014-04-29,0525,Aqua,MODIS,93,6.2,301.7,46.1,D,0
-15.1529,125.7579,348.1,1,1,2014-04-29,0525,Aqua,MODIS,94,6.2,300.1,47.6,D,0
-15.2602,125.7129,329.4,1,1,2014-04-29,0525,Aqua,MODIS,74,6.2,298.1,17.6,D,0
-15.2393,125.7289,323.2,1,1,2014-04-29,0525,Aqua,MODIS,59,6.2,297.8,11.4,D,0
-15.2407,125.7195,323.1,1,1,2014-04-29,0525,Aqua,MODIS,51,6.2,298.2,10.5,D,0
-15.2632,125.9431,327.7,1,1,2014-04-29,0525,Aqua,MODIS,45,6.2,300.8,14.2,D,0
-15.2618,125.9526,331.4,1,1,2014-04-29,0525,Aqua,MODIS,61,6.2,302.4,17.4,D,0
-15.2345,125.9514,325,1,1,2014-04-29,0525,Aqua,MODIS,52,6.2,300.8,13.6,D,0
-15.1897,125.8761,321.4,1,1,2014-04-29,0525,Aqua,MODIS,59,6.2,302.4,9.4,D,0
-15.1911,125.8666,321,1,1,2014-04-29,0525,Aqua,MODIS,30,6.2,302.4,9.4,D,0
-15.5647,126.0189,325.1,1,1,2014-04-29,0525,Aqua,MODIS,53,6.2,298,14.9,D,0
-16.0156,125.5168,325.4,1,1,2014-04-29,0525,Aqua,MODIS,59,6.2,303.1,13.8,D,0
-14.5618,132.4402,318.2,2.7,1.6,2014-04-29,0525,Aqua,MODIS,62,6.2,297.2,28.9,D,0
-15.6992,125.5447,319.5,1,1,2014-04-29,0525,Aqua,MODIS,34,6.2,301.4,9.3,D,0
-15.6039,126.0057,325.7,1,1,2014-04-29,0525,Aqua,MODIS,71,6.2,294.6,17.8,D,0
-15.6131,126.0039,330.6,1,1,2014-04-29,0525,Aqua,MODIS,72,6.2,299.7,21.1,D,0
-16.0766,125.7345,330.1,1,1,2014-04-29,0525,Aqua,MODIS,70,6.2,299.9,21.2,D,0
-15.8315,125.5809,328.2,1,1,2014-04-29,0525,Aqua,MODIS,55,6.2,301.8,13.3,D,0
-16.017,125.5075,321.5,1,1,2014-04-29,0525,Aqua,MODIS,32,6.2,301.7,10.3,D,0
-16.8006,125.5631,321.1,1,1,2014-04-29,0525,Aqua,MODIS,43,6.2,299.3,10.1,D,0
-14.9419,126.004,334.8,1,1,2014-04-29,0525,Aqua,MODIS,86,6.2,298.2,29.6,D,0
-15.8867,131.0064,325.8,2,1.4,2014-04-29,0525,Aqua,MODIS,47,6.2,300.7,24.7,D,0
-16.3588,130.6587,331.8,1.8,1.3,2014-04-29,0525,Aqua,MODIS,75,6.2,300.6,47.3,D,0
-16.2425,130.1259,326.1,1.7,1.3,2014-04-29,0525,Aqua,MODIS,61,6.2,298.6,25.6,D,0
-16.2442,130.1192,334.5,1.7,1.3,2014-04-29,0525,Aqua,MODIS,83,6.2,298.8,50,D,0
-16.2652,130.1299,333,1.7,1.3,2014-04-29,0525,Aqua,MODIS,81,6.2,301.4,44.2,D,0
-16.1156,130.3898,329.2,1.8,1.3,2014-04-29,0525,Aqua,MODIS,68,6.2,300.2,39.3,D,0
-16.1065,130.3998,327,1.8,1.3,2014-04-29,0525,Aqua,MODIS,60,6.2,300.4,32.4,D,0
-16.1884,130.5779,322.6,1.8,1.3,2014-04-29,0525,Aqua,MODIS,57,6.2,301.4,22.4,D,0
-16.1085,130.7139,325,1.9,1.3,2014-04-29,0525,Aqua,MODIS,71,6.2,299,25.9,D,0
-15.718,131.1605,322.8,2,1.4,2014-04-29,0525,Aqua,MODIS,59,6.2,302.9,17.4,D,0
-15.7057,131.158,325.9,2,1.4,2014-04-29,0525,Aqua,MODIS,71,6.2,302,26.5,D,0
-15.7159,131.1529,323.5,2,1.4,2014-04-29,0525,Aqua,MODIS,15,6.2,302.7,18.4,D,0
-16.2756,130.2771,329.7,1.7,1.3,2014-04-29,0525,Aqua,MODIS,67,6.2,300.5,35.5,D,0
-16.2024,130.159,339,1.7,1.3,2014-04-29,0525,Aqua,MODIS,87,6.2,301.4,63.7,D,0
-16.205,130.1435,326.9,1.7,1.3,2014-04-29,0525,Aqua,MODIS,65,6.2,297.9,28.1,D,0
-16.191,130.1566,322.2,1.7,1.3,2014-04-29,0525,Aqua,MODIS,57,6.2,300.8,19.5,D,0
-14.9168,130.6845,326.2,1.9,1.4,2014-04-29,0525,Aqua,MODIS,25,6.2,300.9,27.1,D,0
-15.0163,130.5623,349.1,1.9,1.3,2014-04-29,0525,Aqua,MODIS,94,6.2,298.1,122.3,D,0
-16.0719,132.2969,327.5,2.4,1.5,2014-04-29,0525,Aqua,MODIS,77,6.2,302.6,54.6,D,0
-16.068,132.3195,320.8,2.4,1.5,2014-04-29,0525,Aqua,MODIS,65,6.2,301.6,28.5,D,0
-16.08,132.3058,343.1,2.4,1.5,2014-04-29,0525,Aqua,MODIS,91,6.2,302.3,141.7,D,0
-14.9168,130.6111,330.3,1.9,1.4,2014-04-29,0525,Aqua,MODIS,79,6.2,298.7,42.1,D,0
-14.9138,130.6288,327.2,1.9,1.4,2014-04-29,0525,Aqua,MODIS,45,6.2,300.5,30.7,D,0
-16.0759,132.3284,336.2,2.4,1.5,2014-04-29,0525,Aqua,MODIS,86,6.2,301.7,100.3,D,0
-14.9554,130.6984,339.6,1.9,1.4,2014-04-29,0525,Aqua,MODIS,86,6.2,298.7,75.6,D,0
-14.8985,130.6451,343.4,1.9,1.4,2014-04-29,0525,Aqua,MODIS,91,6.2,301.9,95.5,D,0
-14.9017,130.6268,334.1,1.9,1.4,2014-04-29,0525,Aqua,MODIS,84,6.2,299.9,56,D,0
-14.0072,131.8532,317,2.5,1.5,2014-04-29,0525,Aqua,MODIS,67,6.2,294.7,28.3,D,0
-14.0131,131.8592,315.9,2.5,1.5,2014-04-29,0525,Aqua,MODIS,64,6.2,294.8,22.8,D,0
-14.9531,130.6923,343.5,1.9,1.4,2014-04-29,0525,Aqua,MODIS,91,6.2,298.4,95.4,D,0
-15.0071,130.7635,327.3,2,1.4,2014-04-29,0525,Aqua,MODIS,77,6.2,300.1,34.8,D,0
-14.9918,130.7793,329.5,2,1.4,2014-04-29,0525,Aqua,MODIS,53,6.2,301.9,37.1,D,0
-14.8578,130.5573,332.8,1.9,1.3,2014-04-29,0525,Aqua,MODIS,83,6.2,300,54.3,D,0
-14.9705,130.7566,333.5,2,1.4,2014-04-29,0525,Aqua,MODIS,75,6.2,298,50.4,D,0
-15.6425,131.3564,323.6,2.1,1.4,2014-04-29,0525,Aqua,MODIS,70,6.2,302.6,20.6,D,0
-16.0801,132.0923,320,2.3,1.5,2014-04-29,0525,Aqua,MODIS,63,6.2,302.6,27.6,D,0
-14.9703,130.8312,343.9,2,1.4,2014-04-29,0525,Aqua,MODIS,91,6.2,303.7,95,D,0
-14.9734,130.8131,327.2,2,1.4,2014-04-29,0525,Aqua,MODIS,35,6.2,299.2,23.1,D,0
-32.7712,117.5701,315.7,4.8,2,2014-04-29,0658,Aqua,MODIS,64,6.2,286,147.8,D,0
-33.6511,117.3725,304.2,4.4,1.9,2014-04-29,0658,Aqua,MODIS,58,6.2,283.8,64,D,0
-33.2569,117.5145,304.5,4.6,2,2014-04-29,0658,Aqua,MODIS,59,6.2,284.6,74.1,D,0
-33.6389,117.4106,310.6,4.5,1.9,2014-04-29,0658,Aqua,MODIS,70,6.2,284.7,101.3,D,0
-33.8447,117.0507,320.4,4.2,1.9,2014-04-29,0658,Aqua,MODIS,72,6.2,284.3,155.4,D,0
-33.639,117.419,308.8,4.5,1.9,2014-04-29,0658,Aqua,MODIS,68,6.2,284.9,90.8,D,0
-33.855,117.0025,302,4.2,1.9,2014-04-29,0658,Aqua,MODIS,50,6.2,283.9,47.8,D,0
-33.8442,117.0459,324.2,4.2,1.9,2014-04-29,0658,Aqua,MODIS,83,6.2,284.2,187.2,D,0
-28.6821,147.0647,306.9,1.1,1,2014-04-29,1307,Terra,MODIS,70,6.2,289.5,8.9,N,0
-28.6804,147.0757,307.5,1.1,1,2014-04-29,1307,Terra,MODIS,72,6.2,289.7,9.2,N,0
-20.7371,139.48,307.9,1.3,1.1,2014-04-29,1310,Terra,MODIS,73,6.2,294.6,10.4,N,2
-33.9011,119.005,302.7,1.1,1.1,2014-04-29,1445,Terra,MODIS,51,6.2,279.6,10.3,N,0
-33.8995,119.0174,336.2,1.1,1.1,2014-04-29,1445,Terra,MODIS,100,6.2,281.9,50.5,N,0
-30.8695,121.4865,325.5,1,1,2014-04-29,1445,Terra,MODIS,100,6.2,282.3,27.4,N,0
-30.868,121.497,328.3,1,1,2014-04-29,1445,Terra,MODIS,100,6.2,282.2,30.6,N,2
-20.6539,119.5043,312.5,1,1,2014-04-29,1448,Terra,MODIS,85,6.2,295.3,9.7,N,0
-20.6448,119.5028,305.6,1,1,2014-04-29,1448,Terra,MODIS,64,6.2,295,5,N,0
-19.4642,123.9993,327.6,1.9,1.3,2014-04-29,1448,Terra,MODIS,100,6.2,288.4,61.3,N,0
-19.4673,123.9816,305.6,1.9,1.3,2014-04-29,1448,Terra,MODIS,44,6.2,287,12.9,N,0
-19.4554,123.9793,305.2,1.9,1.3,2014-04-29,1448,Terra,MODIS,37,6.2,286.6,12.4,N,0
-23.2939,120.8503,323,1.1,1,2014-04-29,1448,Terra,MODIS,100,6.2,289,24,N,0
-23.2955,120.8398,336.6,1.1,1,2014-04-29,1448,Terra,MODIS,100,6.2,289.2,43.3,N,0
-15.9231,131.0582,305.7,2.1,1.4,2014-04-29,1617,Aqua,MODIS,65,6.2,295.1,11.9,N,0
-18.5283,138.096,311.4,1,1,2014-04-29,1617,Aqua,MODIS,82,6.2,296,9.1,N,0
-15.8831,130.991,309.4,2.1,1.4,2014-04-29,1617,Aqua,MODIS,77,6.2,294.8,20,N,0
-16.1999,130.5484,311.4,2.3,1.5,2014-04-29,1617,Aqua,MODIS,82,6.2,294.5,26.9,N,0
-16.2038,130.5701,314.1,2.3,1.5,2014-04-29,1617,Aqua,MODIS,88,6.2,294.3,34.2,N,0
-16.213,130.546,313.7,2.3,1.5,2014-04-29,1617,Aqua,MODIS,88,6.2,293.9,34.2,N,0
-16.2167,130.5675,308.5,2.3,1.5,2014-04-29,1617,Aqua,MODIS,75,6.2,294,21.9,N,0
-16.202,130.5656,313,2.3,1.5,2014-04-29,1617,Aqua,MODIS,86,6.2,294.4,32.9,N,0
-16.211,130.5413,312.1,2.3,1.5,2014-04-29,1617,Aqua,MODIS,84,6.2,293.8,29.7,N,0
-16.215,130.5629,317.4,2.3,1.5,2014-04-29,1617,Aqua,MODIS,95,6.2,294.5,44.7,N,0
-20.7358,139.4808,307,1.2,1.1,2014-04-29,1618,Aqua,MODIS,62,6.2,293.9,8.8,N,2
-20.7357,139.4752,304.5,1.2,1.1,2014-04-29,1618,Aqua,MODIS,34,6.2,294.3,6.9,N,2
-32.9997,137.5909,311.8,1.4,1.2,2014-04-29,1621,Aqua,MODIS,83,6.2,284.3,21.1,N,0
-20.6402,119.5062,302.8,2.6,1.6,2014-04-29,1756,Aqua,MODIS,52,6.2,289.6,19.3,N,0
-20.6452,119.5008,305.2,2.6,1.6,2014-04-29,1756,Aqua,MODIS,63,6.2,289.8,24.5,N,0
-23.2904,120.8565,301.7,3.6,1.8,2014-04-29,1757,Aqua,MODIS,43,6.2,284,42,N,0
-24.302,149.423,311.9,1.2,1.1,2014-04-30,0005,Terra,MODIS,58,6.2,296.3,7.7,D,0
-26.7924,150.2057,312.1,1.1,1,2014-04-30,0005,Terra,MODIS,70,6.2,294.6,8,D,2
-34.4658,150.8877,306.5,1,1,2014-04-30,0007,Terra,MODIS,0,6.2,293.9,5.1,D,2
-34.5424,150.3275,303.1,1,1,2014-04-30,0007,Terra,MODIS,55,6.2,287.8,6,D,0
-34.7454,150.138,327.6,1,1,2014-04-30,0007,Terra,MODIS,85,6.2,287.4,26.7,D,0
-35.5888,150.247,301.7,1,1,2014-04-30,0008,Terra,MODIS,27,6.2,283,4.8,D,0
-36.578,146.7702,307.2,1.1,1.1,2014-04-30,0008,Terra,MODIS,65,6.2,284,11,D,0
-35.2853,149.8625,302.3,1,1,2014-04-30,0008,Terra,MODIS,52,6.2,289.2,5.6,D,0
-35.2869,149.8735,302.5,1,1,2014-04-30,0008,Terra,MODIS,52,6.2,289,5.5,D,0
-36.8734,149.393,309.7,1,1,2014-04-30,0008,Terra,MODIS,69,6.2,281.8,10.8,D,0
-37.081,149.3052,311.4,1,1,2014-04-30,0008,Terra,MODIS,67,6.2,285,12.1,D,0
-37.0826,149.3164,314.9,1,1,2014-04-30,0008,Terra,MODIS,65,6.2,282.1,14.6,D,0
-36.875,149.4042,321.9,1,1,2014-04-30,0008,Terra,MODIS,81,6.2,283.4,21.4,D,0
-36.8823,149.3967,305.3,1,1,2014-04-30,0008,Terra,MODIS,61,6.2,282.2,8.9,D,0
-37.9406,140.9169,302.7,2.1,1.4,2014-04-30,0009,Terra,MODIS,16,6.2,284,17.9,D,0
-37.953,140.9125,308,2.1,1.4,2014-04-30,0009,Terra,MODIS,59,6.2,285.1,28.3,D,0
-37.952,140.9071,304.9,2.1,1.4,2014-04-30,0009,Terra,MODIS,60,6.2,285.4,24.5,D,0
-16.3524,131.9852,331.2,1.1,1.1,2014-04-30,0141,Terra,MODIS,80,6.2,308,22.3,D,0
-15.5487,132.0061,320.7,1.1,1.1,2014-04-30,0141,Terra,MODIS,51,6.2,304.9,8.1,D,0
-15.5473,131.9957,321.8,1.1,1.1,2014-04-30,0141,Terra,MODIS,61,6.2,307,9.2,D,0
-14.9554,130.66,335.7,1,1,2014-04-30,0141,Terra,MODIS,79,6.2,305.6,23.1,D,0
-15.6233,131.2856,323.1,1.1,1,2014-04-30,0141,Terra,MODIS,64,6.2,308.6,8.3,D,0
-15.6311,131.2745,334.1,1.1,1,2014-04-30,0141,Terra,MODIS,82,6.2,307.5,21.8,D,0
-15.008,130.9592,322.4,1,1,2014-04-30,0141,Terra,MODIS,55,6.2,306,6.8,D,0
-15.6325,131.2843,331.8,1.1,1,2014-04-30,0141,Terra,MODIS,80,6.2,307.9,18.5,D,0
-14.9541,130.6507,374.9,1,1,2014-04-30,0141,Terra,MODIS,100,6.2,308.5,121.4,D,0
-16.3619,131.9838,321.6,1.1,1.1,2014-04-30,0141,Terra,MODIS,54,6.2,305,9.3,D,0
-14.5548,132.4354,326.6,1.1,1.1,2014-04-30,0141,Terra,MODIS,76,6.2,305.5,16.6,D,0
-16.6437,132.0335,329.7,1.2,1.1,2014-04-30,0141,Terra,MODIS,78,6.2,305.1,20.8,D,0
-15.8934,130.98,326.6,1,1,2014-04-30,0141,Terra,MODIS,64,6.2,306.4,11.1,D,0
-15.8948,130.9896,335.8,1,1,2014-04-30,0141,Terra,MODIS,84,6.2,307.5,23.3,D,0
-14.5577,132.4565,340.2,1.1,1.1,2014-04-30,0141,Terra,MODIS,89,6.2,304.8,38.5,D,0
-14.5592,132.467,322,1.1,1.1,2014-04-30,0141,Terra,MODIS,54,6.2,305.5,8.8,D,0
-14.5562,132.4459,331.9,1.1,1.1,2014-04-30,0141,Terra,MODIS,82,6.2,304.8,23.6,D,0
-16.1062,130.7339,320.2,1,1,2014-04-30,0141,Terra,MODIS,49,6.2,305.5,6.5,D,0
-16.4388,130.5523,324.2,1,1,2014-04-30,0141,Terra,MODIS,65,6.2,308.2,9.2,D,0
-16.2177,130.5464,333.9,1,1,2014-04-30,0141,Terra,MODIS,81,6.2,307.2,21.8,D,0
-16.2267,130.545,356.1,1,1,2014-04-30,0141,Terra,MODIS,98,6.2,305.4,65.6,D,0
-16.2281,130.5545,330.5,1,1,2014-04-30,0141,Terra,MODIS,74,6.2,303.8,17.5,D,0
-16.1048,130.7243,325.5,1,1,2014-04-30,0141,Terra,MODIS,69,6.2,307.7,11.9,D,0
-15.7292,131.1846,324.9,1,1,2014-04-30,0141,Terra,MODIS,69,6.2,307.2,10.3,D,0
-14.4675,125.6278,318.3,1.5,1.2,2014-04-30,0141,Terra,MODIS,39,6.2,296.7,10.4,D,0
-14.4784,125.626,318.4,1.5,1.2,2014-04-30,0141,Terra,MODIS,49,6.2,296.6,11,D,0
-16.5054,130.2468,323.4,1,1,2014-04-30,0141,Terra,MODIS,63,6.2,307.1,9.4,D,0
-14.2735,125.6511,335,1.5,1.2,2014-04-30,0141,Terra,MODIS,66,6.2,296.9,44.6,D,0
-15.1785,130.5503,327.2,1,1,2014-04-30,0141,Terra,MODIS,75,6.2,307.7,13.1,D,0
-15.8632,130.1968,324.4,1,1,2014-04-30,0141,Terra,MODIS,51,6.2,306.5,9.6,D,0
-16.3518,130.139,335.8,1,1,2014-04-30,0141,Terra,MODIS,83,6.2,306.4,23.3,D,0
-15.04,127.931,320.3,1.1,1,2014-04-30,0141,Terra,MODIS,56,6.2,294.6,11.2,D,0
-15.35,130.2743,326,1,1,2014-04-30,0141,Terra,MODIS,69,6.2,304.8,14.4,D,0
-15.3061,130.8611,327.3,1,1,2014-04-30,0141,Terra,MODIS,75,6.2,307.3,11.6,D,0
-14.36,125.6156,329,1.5,1.2,2014-04-30,0141,Terra,MODIS,62,6.2,297.3,25.6,D,0
-14.3606,125.6087,326.6,1.5,1.2,2014-04-30,0141,Terra,MODIS,55,6.2,296.3,20.1,D,0
-15.6995,131.0408,324.9,1,1,2014-04-30,0141,Terra,MODIS,55,6.2,306,7.8,D,0
-14.8669,130.1804,321.4,1,1,2014-04-30,0141,Terra,MODIS,43,6.2,303.4,7.6,D,0
-16.0657,130.6396,324.3,1,1,2014-04-30,0141,Terra,MODIS,57,6.2,308.3,8.9,D,0
-15.1799,130.5596,319.9,1,1,2014-04-30,0141,Terra,MODIS,48,6.2,304.5,5.7,D,0
-15.1808,130.5022,324.8,1,1,2014-04-30,0141,Terra,MODIS,63,6.2,306,8.2,D,0
-16.3261,130.1525,341,1,1,2014-04-30,0141,Terra,MODIS,88,6.2,308,30.5,D,0
-16.3351,130.1511,325.2,1,1,2014-04-30,0141,Terra,MODIS,23,6.2,307.4,8.7,D,0
-14.4934,125.8012,332.5,1.5,1.2,2014-04-30,0141,Terra,MODIS,74,6.2,296.2,43.2,D,0
-16.3504,130.1297,325.1,1,1,2014-04-30,0141,Terra,MODIS,52,6.2,305.9,9.6,D,0
-16.2407,130.0095,323.3,1,1,2014-04-30,0141,Terra,MODIS,58,6.2,307.1,8,D,0
-14.4911,125.7872,315.5,1.5,1.2,2014-04-30,0141,Terra,MODIS,63,6.2,296,9.9,D,0
-16.2036,130.5774,332.5,1,1,2014-04-30,0141,Terra,MODIS,74,6.2,305.2,18.4,D,0
-14.2579,125.6248,327.8,1.5,1.2,2014-04-30,0141,Terra,MODIS,41,6.2,296.9,25.1,D,0
-15.1883,127.7032,330.6,1.1,1.1,2014-04-30,0141,Terra,MODIS,82,6.2,292.6,24.2,D,0
-16.5502,130.3651,331.9,1,1,2014-04-30,0141,Terra,MODIS,79,6.2,306,20.6,D,0
-15.3556,131.0772,324.5,1,1,2014-04-30,0141,Terra,MODIS,57,6.2,308,8.8,D,0
-15.357,131.0868,336.6,1,1,2014-04-30,0141,Terra,MODIS,85,6.2,308.3,25,D,0
-14.3122,125.6674,324.4,1.5,1.2,2014-04-30,0141,Terra,MODIS,68,6.2,296.7,22.2,D,0
-14.4957,125.7946,326.4,1.5,1.2,2014-04-30,0141,Terra,MODIS,79,6.2,296.2,29.2,D,0
-14.8579,130.1817,320.3,1,1,2014-04-30,0141,Terra,MODIS,30,6.2,304.2,6.9,D,0
-14.9582,129.006,320.2,1,1,2014-04-30,0141,Terra,MODIS,37,6.2,302.9,9.5,D,0
-15.1474,130.5261,330,1,1,2014-04-30,0141,Terra,MODIS,78,6.2,308.4,15.7,D,0
-16.0671,130.6491,326.9,1,1,2014-04-30,0141,Terra,MODIS,71,6.2,309.1,11.6,D,0
-15.5248,130.4637,324.6,1,1,2014-04-30,0141,Terra,MODIS,61,6.2,307.9,8.2,D,0
-14.2746,125.6449,327.7,1.5,1.2,2014-04-30,0141,Terra,MODIS,51,6.2,296.7,24.8,D,0
-15.4776,131.0921,324.3,1,1,2014-04-30,0141,Terra,MODIS,57,6.2,308.6,7.4,D,0
-14.4849,125.7963,317.5,1.5,1.2,2014-04-30,0141,Terra,MODIS,64,6.2,296.2,13.3,D,0
-15.817,130.2579,325.2,1,1,2014-04-30,0141,Terra,MODIS,60,6.2,306.2,10.1,D,0
-15.8184,130.2673,328.7,1,1,2014-04-30,0141,Terra,MODIS,76,6.2,304.8,14.8,D,0
-15.3856,130.1396,318.2,1,1,2014-04-30,0141,Terra,MODIS,49,6.2,302.2,6.6,D,0
-15.826,130.2565,327.2,1,1,2014-04-30,0141,Terra,MODIS,61,6.2,306.9,11.7,D,0
-15.8274,130.2659,333.4,1,1,2014-04-30,0141,Terra,MODIS,81,6.2,305.6,20.2,D,0
-15.8354,130.2582,347.2,1,1,2014-04-30,0141,Terra,MODIS,92,6.2,306.8,44.9,D,0
-15.7333,131.0161,323.1,1,1,2014-04-30,0141,Terra,MODIS,51,6.2,306.7,8,D,0
-15.7416,131.074,325.4,1,1,2014-04-30,0141,Terra,MODIS,67,6.2,307.7,10.5,D,0
-15.8834,130.1462,341.4,1,1,2014-04-30,0141,Terra,MODIS,88,6.2,306.9,31.8,D,0
-15.8821,130.1369,328.7,1,1,2014-04-30,0141,Terra,MODIS,75,6.2,306.8,12.7,D,0
-16.3248,130.1432,342.8,1,1,2014-04-30,0141,Terra,MODIS,89,6.2,307.9,33.2,D,0
-19.5323,124.284,325,1.5,1.2,2014-04-30,0142,Terra,MODIS,21,6.2,298.7,22.2,D,0
-19.5348,124.2987,324.8,1.5,1.2,2014-04-30,0142,Terra,MODIS,32,6.2,297.3,23.2,D,0
-19.5382,124.2527,326.1,1.6,1.2,2014-04-30,0142,Terra,MODIS,43,6.2,297.4,24.2,D,0
-19.4948,124.2,340.2,1.6,1.2,2014-04-30,0142,Terra,MODIS,88,6.2,296.3,64.3,D,0
-19.4974,124.2148,328.3,1.6,1.2,2014-04-30,0142,Terra,MODIS,45,6.2,296.2,29.4,D,0
-20.4655,125.6064,323.6,1.2,1.1,2014-04-30,0143,Terra,MODIS,73,6.2,299.4,13.6,D,0
-30.8664,121.4926,307.3,1.4,1.2,2014-04-30,0145,Terra,MODIS,65,6.2,291.4,11.5,D,2
-33.1675,121.9028,318.6,1.3,1.1,2014-04-30,0146,Terra,MODIS,74,6.2,290.8,18.7,D,0
-32.3573,119.2687,306.2,1.8,1.3,2014-04-30,0146,Terra,MODIS,63,6.2,292.6,12.4,D,0
-33.824,120.6816,305.6,1.4,1.2,2014-04-30,0146,Terra,MODIS,60,6.2,291.6,7.6,D,0
-33.438,121.8583,320.7,1.2,1.1,2014-04-30,0146,Terra,MODIS,80,6.2,290.6,22.6,D,0
-33.1699,121.9162,323,1.3,1.1,2014-04-30,0146,Terra,MODIS,82,6.2,290.4,24.8,D,0
-33.4411,120.1257,304.5,1.5,1.2,2014-04-30,0146,Terra,MODIS,59,6.2,289.9,9.2,D,0
-33.809,122.1549,331.5,1.2,1.1,2014-04-30,0146,Terra,MODIS,87,6.2,288.3,40,D,0
-33.0135,121.7855,308.4,1.3,1.1,2014-04-30,0146,Terra,MODIS,67,6.2,293.1,7.6,D,0
-33.8068,122.1421,320.3,1.2,1.1,2014-04-30,0146,Terra,MODIS,80,6.2,289.5,23.1,D,0
-37.222,141.3112,322.7,1.2,1.1,2014-04-30,0423,Aqua,MODIS,67,6.2,285.7,24.6,D,0
-37.2236,141.298,363.9,1.2,1.1,2014-04-30,0423,Aqua,MODIS,100,6.2,290.3,120.1,D,0
-38.1934,145.5879,301.1,1,1,2014-04-30,0423,Aqua,MODIS,44,6.2,288,5.1,D,0
-36.5748,146.7989,301.8,1.1,1.1,2014-04-30,0423,Aqua,MODIS,37,6.2,286,5.7,D,0
-36.5728,146.8113,361.2,1.1,1.1,2014-04-30,0423,Aqua,MODIS,100,6.2,290.3,107.8,D,0
-34.7513,150.1311,318.2,1.8,1.3,2014-04-30,0424,Aqua,MODIS,78,6.2,288.8,39.7,D,0
-33.0667,148.7062,307.3,1.6,1.2,2014-04-30,0424,Aqua,MODIS,65,6.2,287.9,15.6,D,0
-36.283,145.0435,301.6,1,1,2014-04-30,0424,Aqua,MODIS,48,6.2,289.2,4.9,D,0
-34.7474,150.1503,302.3,1.8,1.3,2014-04-30,0424,Aqua,MODIS,52,6.2,288.5,12.9,D,0
-35.1702,147.1335,344.8,1.2,1.1,2014-04-30,0424,Aqua,MODIS,82,6.2,291.6,68,D,0
-34.7629,150.1349,305.8,1.8,1.3,2014-04-30,0424,Aqua,MODIS,38,6.2,288.7,15.7,D,0
-35.223,150.1596,309.7,1.8,1.3,2014-04-30,0424,Aqua,MODIS,65,6.2,286.9,23.8,D,0
-35.1724,147.1203,349.2,1.2,1.1,2014-04-30,0424,Aqua,MODIS,90,6.2,294.6,79.4,D,0
-32.7006,147.4206,305.8,1.4,1.2,2014-04-30,0424,Aqua,MODIS,59,6.2,293.8,7.1,D,0
-35.275,149.3085,320.1,1.6,1.2,2014-04-30,0424,Aqua,MODIS,80,6.2,288.1,34.8,D,0
-35.2783,149.2918,346.2,1.6,1.2,2014-04-30,0424,Aqua,MODIS,89,6.2,288.8,105.9,D,0
-35.2752,149.3016,332.4,1.6,1.2,2014-04-30,0424,Aqua,MODIS,88,6.2,289.2,60.3,D,0
-35.2783,149.2849,327,1.6,1.2,2014-04-30,0424,Aqua,MODIS,85,6.2,286.5,46.8,D,0
-17.5282,138.4021,326.3,1,1,2014-04-30,0429,Aqua,MODIS,73,6.2,305.3,15.3,D,0
-17.5191,138.4007,343.2,1,1,2014-04-30,0429,Aqua,MODIS,90,6.2,305.9,40.8,D,0
-16.2159,130.086,320.9,3.3,1.7,2014-04-30,0429,Aqua,MODIS,66,6.2,301.9,42.7,D,0
-16.2117,130.5631,321.6,3,1.7,2014-04-30,0429,Aqua,MODIS,49,6.2,300.7,37.6,D,0
-16.1521,130.5565,359.5,3,1.7,2014-04-30,0429,Aqua,MODIS,99,6.2,302.8,363.9,D,0
-16.1491,130.585,393.2,3,1.6,2014-04-30,0429,Aqua,MODIS,100,6.2,305.9,1006.4,D,0
-16.0403,136.289,319.3,1.2,1.1,2014-04-30,0429,Aqua,MODIS,52,6.2,300.6,12.6,D,0
-16.5149,130.2369,325.9,3.2,1.7,2014-04-30,0429,Aqua,MODIS,75,6.2,300.5,72.7,D,0
-16.3203,130.1056,344.8,3.3,1.7,2014-04-30,0429,Aqua,MODIS,91,6.2,299.3,234,D,0
-16.5187,130.233,322.5,3.2,1.7,2014-04-30,0429,Aqua,MODIS,70,6.2,300.2,56.6,D,0
-16.3664,130.1132,322.9,3.3,1.7,2014-04-30,0429,Aqua,MODIS,68,6.2,300,59.6,D,0
-16.3085,130.0969,323.2,3.3,1.7,2014-04-30,0429,Aqua,MODIS,53,6.2,301.6,56.6,D,0
-16.2408,129.9964,327.4,3.3,1.7,2014-04-30,0429,Aqua,MODIS,77,6.2,300.5,82.8,D,0
-16.3619,130.1169,325.8,3.3,1.7,2014-04-30,0429,Aqua,MODIS,74,6.2,300.7,75.6,D,0
-18.4745,138.0615,322.1,1.1,1,2014-04-30,0429,Aqua,MODIS,53,6.2,308.1,7.8,D,0
-18.4732,138.0714,328.9,1.1,1,2014-04-30,0429,Aqua,MODIS,73,6.2,307.6,16.1,D,0
-14.3784,133.3465,325.6,1.7,1.3,2014-04-30,0430,Aqua,MODIS,74,6.2,305.9,22.5,D,0
-12.6514,132.8074,315.7,1.8,1.3,2014-04-30,0430,Aqua,MODIS,59,6.2,300.1,14,D,0
-14.0113,131.907,318.9,2.2,1.4,2014-04-30,0430,Aqua,MODIS,59,6.2,303,19.3,D,0
-14.0424,132.1788,326.3,2.1,1.4,2014-04-30,0430,Aqua,MODIS,76,6.2,304.3,39.3,D,0
-13.716,131.5325,330.5,2.3,1.5,2014-04-30,0430,Aqua,MODIS,81,6.2,303.1,66.3,D,0
-13.676,131.5278,319.9,2.3,1.5,2014-04-30,0430,Aqua,MODIS,66,6.2,302.2,23.7,D,0
-13.6785,131.5061,319.3,2.3,1.5,2014-04-30,0430,Aqua,MODIS,64,6.2,301.2,22.1,D,0
-13.6808,131.5231,324,2.3,1.5,2014-04-30,0430,Aqua,MODIS,73,6.2,302.3,38.5,D,0
-13.8855,131.5212,319.6,2.4,1.5,2014-04-30,0430,Aqua,MODIS,46,6.2,301.6,23.6,D,0
-13.9372,131.5126,326.9,2.4,1.5,2014-04-30,0430,Aqua,MODIS,75,6.2,303.1,45.2,D,0
-13.9282,131.5045,349.3,2.4,1.5,2014-04-30,0430,Aqua,MODIS,94,6.2,304.3,172.1,D,0
-13.9308,131.4826,320,2.4,1.5,2014-04-30,0430,Aqua,MODIS,24,6.2,301.7,22.3,D,0
-13.9148,131.5028,328.7,2.4,1.5,2014-04-30,0430,Aqua,MODIS,74,6.2,302.8,51.5,D,0
-14.0089,131.9115,317.6,2.2,1.4,2014-04-30,0430,Aqua,MODIS,58,6.2,302.8,17.1,D,0
-14.9683,130.6124,330.7,2.9,1.6,2014-04-30,0430,Aqua,MODIS,73,6.2,298.6,83.5,D,0
-15.6254,131.2608,324.8,2.6,1.6,2014-04-30,0430,Aqua,MODIS,65,6.2,306.5,38.5,D,0
-15.0104,130.914,324.8,2.7,1.6,2014-04-30,0430,Aqua,MODIS,72,6.2,304,44.7,D,0
-14.9379,130.6437,326.7,2.9,1.6,2014-04-30,0430,Aqua,MODIS,53,6.2,302.8,51.7,D,0
-14.936,130.6371,323.5,2.9,1.6,2014-04-30,0430,Aqua,MODIS,36,6.2,302.2,38.1,D,0
-14.0428,132.186,324.8,2.1,1.4,2014-04-30,0430,Aqua,MODIS,74,6.2,304.2,34.4,D,0
-14.3489,132.7952,319.3,1.9,1.4,2014-04-30,0430,Aqua,MODIS,60,6.2,305.1,14.2,D,0
-14.5476,132.7592,322.2,1.9,1.4,2014-04-30,0430,Aqua,MODIS,67,6.2,306.2,21.2,D,0
-16.0699,130.627,323.7,3,1.6,2014-04-30,0430,Aqua,MODIS,71,6.2,300.2,52.6,D,0
-16.2203,130.0821,322.1,3.3,1.7,2014-04-30,0430,Aqua,MODIS,52,6.2,301.7,50.7,D,0
-16.1532,130.5519,340.4,3,1.7,2014-04-30,0430,Aqua,MODIS,89,6.2,301.7,165,D,0
-16.15,130.5805,395.5,3,1.6,2014-04-30,0430,Aqua,MODIS,100,6.2,306.6,1067.9,D,0
-15.5435,130.4728,343.7,3,1.6,2014-04-30,0430,Aqua,MODIS,91,6.2,301.2,184.7,D,0
-15.2946,130.2565,319.6,3.1,1.7,2014-04-30,0430,Aqua,MODIS,56,6.2,300,40,D,0
-15.2435,130.0372,323.3,3.2,1.7,2014-04-30,0430,Aqua,MODIS,69,6.2,298.3,75.5,D,0
-15.2915,130.2853,326.2,3.1,1.7,2014-04-30,0430,Aqua,MODIS,75,6.2,299.7,74.4,D,0
-15.2935,130.2805,324.6,3.1,1.7,2014-04-30,0430,Aqua,MODIS,73,6.2,300,64.3,D,0
-15.0798,130.3004,321.9,3,1.7,2014-04-30,0430,Aqua,MODIS,43,6.2,299.5,50.5,D,0
-15.5346,131.0886,324.5,2.7,1.6,2014-04-30,0430,Aqua,MODIS,45,6.2,303.1,38.3,D,0
-15.5516,131.0655,334.3,2.7,1.6,2014-04-30,0430,Aqua,MODIS,76,6.2,304.7,93.5,D,0
-15.5577,131.0441,331.5,2.7,1.6,2014-04-30,0430,Aqua,MODIS,82,6.2,301.6,81.9,D,0
-15.5548,131.0706,336.7,2.7,1.6,2014-04-30,0430,Aqua,MODIS,86,6.2,304.2,112.5,D,0
-14.0089,132.1349,330.2,2.1,1.4,2014-04-30,0430,Aqua,MODIS,80,6.2,305.5,52.1,D,0
-13.9962,132.1332,320.9,2.1,1.4,2014-04-30,0430,Aqua,MODIS,47,6.2,305.4,20.4,D,0
-13.9834,132.1315,322.4,2.1,1.4,2014-04-30,0430,Aqua,MODIS,70,6.2,304.6,25.8,D,0
-13.9842,132.1267,323.6,2.1,1.4,2014-04-30,0430,Aqua,MODIS,71,6.2,304.6,28.8,D,0
-14.8669,130.1765,317.9,3.1,1.7,2014-04-30,0430,Aqua,MODIS,55,6.2,297.1,36.2,D,0
-15.5435,130.4659,326.4,3,1.6,2014-04-30,0430,Aqua,MODIS,34,6.2,299.6,60.6,D,0
-15.5912,130.4501,334.9,3,1.7,2014-04-30,0430,Aqua,MODIS,85,6.2,301.9,122.3,D,0
-15.59,130.4547,336.4,3,1.7,2014-04-30,0430,Aqua,MODIS,86,6.2,301.9,131.5,D,0
-15.5403,130.494,345.7,3,1.6,2014-04-30,0430,Aqua,MODIS,92,6.2,301.6,198.7,D,0
-15.5405,130.5009,345.3,3,1.6,2014-04-30,0430,Aqua,MODIS,92,6.2,300.7,195.3,D,0
-15.0783,130.3053,320.3,3,1.7,2014-04-30,0430,Aqua,MODIS,25,6.2,299.6,41.7,D,0
-15.8362,130.2636,320.1,3.1,1.7,2014-04-30,0430,Aqua,MODIS,53,6.2,301,38,D,0
-15.8393,130.2343,322.3,3.2,1.7,2014-04-30,0430,Aqua,MODIS,56,6.2,301.8,47,D,0
-15.8389,130.2592,324.8,3.1,1.7,2014-04-30,0430,Aqua,MODIS,60,6.2,301.3,57.4,D,0
-15.8422,130.2298,323.1,3.2,1.7,2014-04-30,0430,Aqua,MODIS,40,6.2,301.5,48.1,D,0
-15.4427,130.5608,320.9,2.9,1.6,2014-04-30,0430,Aqua,MODIS,38,6.2,297.9,38.9,D,0
-15.4425,130.566,321.5,2.9,1.6,2014-04-30,0430,Aqua,MODIS,50,6.2,298.5,42.9,D,0
-14.845,130.5125,325.6,2.9,1.6,2014-04-30,0430,Aqua,MODIS,66,6.2,300.5,58.5,D,0
-14.842,130.5398,331.4,2.9,1.6,2014-04-30,0430,Aqua,MODIS,81,6.2,299.5,91.3,D,0
-16.0669,130.6548,322.7,3,1.6,2014-04-30,0430,Aqua,MODIS,70,6.2,299.8,44.4,D,0
-16.0664,130.6475,327,3,1.6,2014-04-30,0430,Aqua,MODIS,66,6.2,300.5,63.7,D,0
-15.5881,130.4782,323.7,3,1.6,2014-04-30,0430,Aqua,MODIS,58,6.2,301.9,48.6,D,0
-15.1499,130.4902,322.5,3,1.6,2014-04-30,0430,Aqua,MODIS,60,6.2,299.7,48.9,D,0
-15.8826,130.1166,321,3.2,1.7,2014-04-30,0430,Aqua,MODIS,39,6.2,301,46.5,D,0
-15.1885,130.5474,318.9,2.9,1.6,2014-04-30,0430,Aqua,MODIS,48,6.2,298.1,28.3,D,0
-15.1915,130.5203,322.7,2.9,1.6,2014-04-30,0430,Aqua,MODIS,70,6.2,296.8,44,D,0
-15.147,130.5178,322.3,2.9,1.6,2014-04-30,0430,Aqua,MODIS,53,6.2,299.8,46.9,D,0
-15.1462,130.5106,325,2.9,1.6,2014-04-30,0430,Aqua,MODIS,73,6.2,300,60,D,0
-33.4704,119.6085,331.4,1,1,2014-04-30,0603,Aqua,MODIS,79,6.2,291.1,27.8,D,0
-33.7432,122.3422,328.8,1.3,1.1,2014-04-30,0603,Aqua,MODIS,86,6.2,292.8,38.2,D,0
-34.5851,116.325,305.1,1.1,1.1,2014-04-30,0603,Aqua,MODIS,61,6.2,288.3,8.2,D,0
-33.4687,119.6195,326.1,1,1,2014-04-30,0603,Aqua,MODIS,77,6.2,289,21.4,D,0
-34.4068,118.6186,321.6,1,1,2014-04-30,0603,Aqua,MODIS,58,6.2,295.5,15.6,D,0
-34.4158,118.6204,320.2,1,1,2014-04-30,0603,Aqua,MODIS,25,6.2,299.2,14,D,0
-33.1045,119.8168,328.3,1,1,2014-04-30,0603,Aqua,MODIS,55,6.2,291.5,21.9,D,0
-33.0958,119.8321,318.5,1,1,2014-04-30,0603,Aqua,MODIS,51,6.2,296.9,11.9,D,0
-33.0975,119.821,326.2,1,1,2014-04-30,0603,Aqua,MODIS,65,6.2,298.9,20.1,D,0
-33.5321,122.0728,314.8,1.2,1.1,2014-04-30,0603,Aqua,MODIS,57,6.2,294.8,12.2,D,0
-33.1027,119.828,345.3,1,1,2014-04-30,0603,Aqua,MODIS,84,6.2,298.6,49.2,D,0
-33.1119,119.83,317.4,1,1,2014-04-30,0603,Aqua,MODIS,58,6.2,289.6,12.5,D,0
-33.5038,118.8245,309.8,1,1,2014-04-30,0603,Aqua,MODIS,47,6.2,293.9,5.4,D,0
-33.5128,118.8264,313.2,1,1,2014-04-30,0603,Aqua,MODIS,71,6.2,296.3,8.2,D,0
-33.9141,118.3341,305,1,1,2014-04-30,0603,Aqua,MODIS,30,6.2,289.3,3.3,D,0
-33.829,117.6209,316.1,1,1,2014-04-30,0603,Aqua,MODIS,66,6.2,288.4,12.1,D,0
-33.8276,117.632,321.2,1,1,2014-04-30,0603,Aqua,MODIS,61,6.2,288.9,17.1,D,0
-33.4682,120.9799,312.6,1.1,1.1,2014-04-30,0603,Aqua,MODIS,47,6.2,290.2,11.4,D,0
-33.0928,118.035,326.1,1,1,2014-04-30,0603,Aqua,MODIS,83,6.2,295.3,20.6,D,0
-33.3855,116.9629,318.9,1,1,2014-04-30,0603,Aqua,MODIS,72,6.2,294.3,14.7,D,0
-33.0913,118.0457,308.5,1,1,2014-04-30,0603,Aqua,MODIS,42,6.2,292.2,4.6,D,0
-33.3545,116.911,316.5,1,1,2014-04-30,0603,Aqua,MODIS,49,6.2,295.9,9.2,D,0
-33.356,116.8997,327.9,1,1,2014-04-30,0603,Aqua,MODIS,85,6.2,299.2,21.7,D,0
-34.1654,117.9831,307.4,1,1,2014-04-30,0603,Aqua,MODIS,29,6.2,295.6,4,D,0
-33.3468,116.8979,319.7,1,1,2014-04-30,0603,Aqua,MODIS,64,6.2,298.5,12.9,D,0
-33.1329,117.012,317.7,1,1,2014-04-30,0603,Aqua,MODIS,76,6.2,295.8,13.8,D,0
-33.3273,116.9749,335.3,1,1,2014-04-30,0603,Aqua,MODIS,84,6.2,294.5,32.8,D,0
-34.3795,117.4803,341.4,1,1,2014-04-30,0603,Aqua,MODIS,92,6.2,295.1,46,D,0
-33.3172,116.6427,321.5,1.1,1,2014-04-30,0603,Aqua,MODIS,75,6.2,289.9,19.8,D,0
-33.7428,120.3549,306.8,1.1,1,2014-04-30,0603,Aqua,MODIS,34,6.2,290.4,5.7,D,0
-33.9898,118.1889,315.7,1,1,2014-04-30,0603,Aqua,MODIS,64,6.2,297.5,10,D,0
-33.0796,117.059,377.4,1,1,2014-04-30,0603,Aqua,MODIS,100,6.2,299.6,146.4,D,0
-33.0545,116.6918,359.1,1.1,1,2014-04-30,0603,Aqua,MODIS,94,6.2,297.8,88,D,0
-33.1952,117.0865,312.8,1,1,2014-04-30,0603,Aqua,MODIS,71,6.2,295.2,7.9,D,0
-33.3205,116.9795,350.6,1,1,2014-04-30,0603,Aqua,MODIS,96,6.2,296.2,61.5,D,0
-33.322,116.9683,325.6,1,1,2014-04-30,0603,Aqua,MODIS,82,6.2,298.3,18.8,D,0
-33.1665,116.875,316.3,1,1,2014-04-30,0603,Aqua,MODIS,75,6.2,297.7,11,D,0
-33.343,117.4216,312,1,1,2014-04-30,0603,Aqua,MODIS,31,6.2,292.5,6.3,D,0
-32.9125,117.9469,307.7,1,1,2014-04-30,0603,Aqua,MODIS,38,6.2,293.3,4.3,D,0
-33.4705,120.986,316.4,1.1,1.1,2014-04-30,0603,Aqua,MODIS,63,6.2,291.1,14,D,0
-33.4252,117.2174,339.7,1,1,2014-04-30,0603,Aqua,MODIS,91,6.2,293.1,41.5,D,0
-33.4237,117.2285,337.6,1,1,2014-04-30,0603,Aqua,MODIS,90,6.2,292.9,37.9,D,0
-33.6385,121.0082,308.8,1.1,1.1,2014-04-30,0603,Aqua,MODIS,59,6.2,288.7,7.2,D,0
-33.2787,118.2173,328,1,1,2014-04-30,0603,Aqua,MODIS,84,6.2,293.1,22.3,D,0
-32.9218,117.9444,326.2,1,1,2014-04-30,0603,Aqua,MODIS,83,6.2,297.2,19.4,D,0
-33.8213,116.7726,316.1,1.1,1,2014-04-30,0603,Aqua,MODIS,76,6.2,297.7,11.5,D,0
-34.0361,118.3884,310.4,1,1,2014-04-30,0603,Aqua,MODIS,43,6.2,294.7,6.4,D,0
-34.0686,118.3447,309.3,1,1,2014-04-30,0603,Aqua,MODIS,64,6.2,296.5,4.7,D,0
-34.0671,118.3556,310.8,1,1,2014-04-30,0603,Aqua,MODIS,67,6.2,297.3,5.8,D,0
-34.1016,118.3738,324.8,1,1,2014-04-30,0603,Aqua,MODIS,82,6.2,297.7,17.4,D,0
-34.1001,118.3847,344.3,1,1,2014-04-30,0603,Aqua,MODIS,93,6.2,299.3,46.6,D,0
-34.0986,118.3956,322,1,1,2014-04-30,0603,Aqua,MODIS,80,6.2,297.3,14.8,D,0
-33.8061,122.507,317,1.3,1.1,2014-04-30,0603,Aqua,MODIS,67,6.2,292,19.5,D,0
-33.7408,122.3558,313.6,1.3,1.1,2014-04-30,0603,Aqua,MODIS,74,6.2,290.3,16.6,D,0
-33.8905,117.3028,314.1,1,1,2014-04-30,0603,Aqua,MODIS,67,6.2,293,10.6,D,0
-33.9902,117.3171,314.8,1,1,2014-04-30,0603,Aqua,MODIS,56,6.2,289.4,11.7,D,0
-33.3339,117.4198,326.9,1,1,2014-04-30,0603,Aqua,MODIS,84,6.2,297.2,21.3,D,0
-33.9576,117.6981,315.7,1,1,2014-04-30,0603,Aqua,MODIS,61,6.2,293.1,12.5,D,0
-33.5411,117.3818,320.6,1,1,2014-04-30,0603,Aqua,MODIS,69,6.2,297.3,16.7,D,0
-33.8055,116.9689,335,1,1,2014-04-30,0603,Aqua,MODIS,89,6.2,293.6,35.4,D,0
-33.8912,116.8211,309.7,1.1,1,2014-04-30,0603,Aqua,MODIS,44,6.2,288.5,9.3,D,0
-31.4434,117.343,333.7,1,1,2014-04-30,0604,Aqua,MODIS,86,6.2,298.4,27.7,D,0
-31.4525,117.3448,315,1,1,2014-04-30,0604,Aqua,MODIS,67,6.2,298.7,7.7,D,0
-31.4818,116.6623,319.8,1,1,2014-04-30,0604,Aqua,MODIS,74,6.2,297.1,13.8,D,0
-31.454,117.3342,313.5,1,1,2014-04-30,0604,Aqua,MODIS,63,6.2,299.4,6.6,D,0
-31.4449,117.3325,335.7,1,1,2014-04-30,0604,Aqua,MODIS,88,6.2,299.7,31,D,0
-31.9916,117.1714,314.7,1,1,2014-04-30,0604,Aqua,MODIS,67,6.2,292.6,9.6,D,0
-32.8937,117.1476,315.4,1,1,2014-04-30,0604,Aqua,MODIS,69,6.2,285.2,10.3,D,0
-31.7239,117.579,308.9,1,1,2014-04-30,0604,Aqua,MODIS,46,6.2,295.8,3.2,D,0
-31.4833,116.6514,318.4,1,1,2014-04-30,0604,Aqua,MODIS,72,6.2,297.8,12,D,0
-32.8923,117.1586,310.7,1,1,2014-04-30,0604,Aqua,MODIS,44,6.2,289,6.5,D,0
-31.9902,117.1822,328.7,1,1,2014-04-30,0604,Aqua,MODIS,84,6.2,293.2,24.3,D,0
-31.9941,118.5823,316.3,1,1,2014-04-30,0604,Aqua,MODIS,56,6.2,299.8,10,D,0
-31.5749,116.7186,314.4,1,1,2014-04-30,0604,Aqua,MODIS,65,6.2,294.5,8.7,D,0
-30.9036,116.0303,310.8,1.1,1,2014-04-30,0604,Aqua,MODIS,44,6.2,298,5.4,D,0
-30.5804,116.0626,312.1,1.1,1,2014-04-30,0604,Aqua,MODIS,52,6.2,300.2,5.3,D,0
-30.5897,116.0642,312.5,1.1,1,2014-04-30,0604,Aqua,MODIS,51,6.2,300.1,5.5,D,0
-32.4174,117.2049,355,1,1,2014-04-30,0604,Aqua,MODIS,98,6.2,294.9,69.9,D,0
-32.4189,117.1941,351.6,1,1,2014-04-30,0604,Aqua,MODIS,96,6.2,294.6,61.8,D,0
-32.0445,117.1097,337.1,1,1,2014-04-30,0604,Aqua,MODIS,89,6.2,298.3,35.8,D,0
-31.6441,117.7524,326.6,1,1,2014-04-30,0604,Aqua,MODIS,81,6.2,301.1,18.1,D,0
-30.9491,116.3167,324.1,1,1,2014-04-30,0604,Aqua,MODIS,77,6.2,298.3,16.7,D,0
-30.9778,115.8248,329.5,1.1,1,2014-04-30,0604,Aqua,MODIS,83,6.2,298.7,25,D,0
-31.6426,117.7629,314.1,1,1,2014-04-30,0604,Aqua,MODIS,55,6.2,299.6,5.5,D,0
-30.3422,116.1206,325.8,1,1,2014-04-30,0604,Aqua,MODIS,79,6.2,299.6,18.8,D,0
-30.9764,115.8361,328.2,1.1,1,2014-04-30,0604,Aqua,MODIS,81,6.2,299.4,22.9,D,0
-31.6896,117.757,314,1,1,2014-04-30,0604,Aqua,MODIS,66,6.2,300.1,6,D,0
-29.7228,115.3159,321.1,1.1,1,2014-04-30,0604,Aqua,MODIS,74,6.2,301.1,13.8,D,0
-31.8703,118.6048,324,1,1,2014-04-30,0604,Aqua,MODIS,41,6.2,299.9,16.7,D,0
-31.7851,118.6254,316.2,1,1,2014-04-30,0604,Aqua,MODIS,68,6.2,298,8.6,D,0
-31.2866,116.6812,316.9,1,1,2014-04-30,0604,Aqua,MODIS,69,6.2,296.5,8.9,D,0
-31.2774,116.6795,325.1,1,1,2014-04-30,0604,Aqua,MODIS,79,6.2,298.3,16.2,D,0
-31.2538,116.7858,327.5,1,1,2014-04-30,0604,Aqua,MODIS,82,6.2,299.5,20.3,D,0
-32.5525,118.0878,313.9,1,1,2014-04-30,0604,Aqua,MODIS,49,6.2,296.7,9.3,D,0
-32.5701,118.3543,314,1,1,2014-04-30,0604,Aqua,MODIS,66,6.2,293.2,9.5,D,0
-32.5685,118.365,315.7,1,1,2014-04-30,0604,Aqua,MODIS,73,6.2,294,11,D,0
-32.7768,117.3986,318.4,1,1,2014-04-30,0604,Aqua,MODIS,49,6.2,297.6,13,D,0
-30.9699,115.8118,322.9,1.1,1,2014-04-30,0604,Aqua,MODIS,76,6.2,301.2,16.9,D,0
-31.8092,119.0766,318.3,1,1,2014-04-30,0604,Aqua,MODIS,74,6.2,300,10.9,D,0
-31.1421,116.8081,312.9,1,1,2014-04-30,0604,Aqua,MODIS,57,6.2,300.7,5.3,D,0
-30.7131,116.0868,311.5,1.1,1,2014-04-30,0604,Aqua,MODIS,48,6.2,300.4,4.9,D,0
-31.8076,119.0873,314.9,1,1,2014-04-30,0604,Aqua,MODIS,69,6.2,300.3,8.1,D,0
-32.5917,117.8763,313.1,1,1,2014-04-30,0604,Aqua,MODIS,63,6.2,296.3,7.7,D,0
-30.763,116.3382,311.4,1,1,2014-04-30,0604,Aqua,MODIS,46,6.2,298.3,4.9,D,0
-30.6137,116.366,316.6,1,1,2014-04-30,0604,Aqua,MODIS,67,6.2,302.5,7.5,D,0
-30.4919,116.3042,312.3,1,1,2014-04-30,0604,Aqua,MODIS,55,6.2,300.9,5.4,D,0
-30.6151,116.3551,313.3,1,1,2014-04-30,0604,Aqua,MODIS,59,6.2,300.6,4.9,D,0
-30.9506,116.3057,328.3,1,1,2014-04-30,0604,Aqua,MODIS,82,6.2,299.6,21.9,D,0
-31.2558,116.5017,315.9,1,1,2014-04-30,0604,Aqua,MODIS,67,6.2,298.3,9.5,D,0
-29.8817,115.9983,320,1,1,2014-04-30,0604,Aqua,MODIS,73,6.2,302.8,10.9,D,0
-29.8803,116.0092,317.4,1,1,2014-04-30,0604,Aqua,MODIS,70,6.2,303.9,8.5,D,0
-31.5064,116.9498,312.5,1,1,2014-04-30,0604,Aqua,MODIS,61,6.2,297.4,5.9,D,0
-30.2764,116.2146,327.8,1,1,2014-04-30,0604,Aqua,MODIS,81,6.2,301.8,19.5,D,0
-31.8727,117.7616,315.9,1,1,2014-04-30,0604,Aqua,MODIS,69,6.2,298.8,8.8,D,0
-32.0706,119.1177,315.1,1,1,2014-04-30,0604,Aqua,MODIS,54,6.2,290.5,10.8,D,0
-30.9598,116.3074,326.4,1,1,2014-04-30,0604,Aqua,MODIS,80,6.2,297.2,18.9,D,0
-32.429,116.8368,314.9,1,1,2014-04-30,0604,Aqua,MODIS,41,6.2,295.3,9.1,D,0
-32.3992,116.8709,327,1,1,2014-04-30,0604,Aqua,MODIS,0,6.2,288.6,23.7,D,0
-31.4178,116.521,343.2,1,1,2014-04-30,0604,Aqua,MODIS,92,6.2,299.4,47.1,D,0
-31.4163,116.532,324.7,1,1,2014-04-30,0604,Aqua,MODIS,79,6.2,295.4,19,D,0
-31.176,116.2002,318.1,1.1,1,2014-04-30,0604,Aqua,MODIS,71,6.2,297.1,11.9,D,0
-31.4368,117.3361,309.6,1,1,2014-04-30,0604,Aqua,MODIS,40,6.2,297.2,3,D,0
-31.8712,117.7722,312.9,1,1,2014-04-30,0604,Aqua,MODIS,49,6.2,297.5,6.5,D,0
-30.9685,115.8232,329.2,1.1,1,2014-04-30,0604,Aqua,MODIS,82,6.2,301.5,24.7,D,0
-30.9943,116.0416,315.4,1.1,1,2014-04-30,0604,Aqua,MODIS,65,6.2,299,9.1,D,0
-30.967,115.8346,325.2,1.1,1,2014-04-30,0604,Aqua,MODIS,79,6.2,298.9,18.3,D,0
-31.6806,117.7552,315.5,1,1,2014-04-30,0604,Aqua,MODIS,69,6.2,301.2,7.2,D,0
-30.9793,115.8134,313.6,1.1,1,2014-04-30,0604,Aqua,MODIS,34,6.2,298.9,6.8,D,0
-30.9489,116.4619,317,1,1,2014-04-30,0604,Aqua,MODIS,68,6.2,300.3,8.9,D,0
-31.265,116.5034,335,1,1,2014-04-30,0604,Aqua,MODIS,87,6.2,297.8,32.1,D,0
-30.9474,116.4728,315.6,1,1,2014-04-30,0604,Aqua,MODIS,65,6.2,299.8,7.5,D,0
-31.1592,116.4004,313.6,1,1,2014-04-30,0604,Aqua,MODIS,61,6.2,299.3,6.6,D,0
-30.9957,116.0303,317.1,1.1,1,2014-04-30,0604,Aqua,MODIS,68,6.2,300.5,10.8,D,0
-30.9583,116.3184,347.2,1,1,2014-04-30,0604,Aqua,MODIS,94,6.2,297.9,52.8,D,0
-31.288,116.6703,320.8,1,1,2014-04-30,0604,Aqua,MODIS,75,6.2,298.9,13.1,D,0
-31.2788,116.6687,338.6,1,1,2014-04-30,0604,Aqua,MODIS,89,6.2,298.5,35.3,D,0
-31.2669,116.5596,311.6,1,1,2014-04-30,0604,Aqua,MODIS,46,6.2,298.6,5.4,D,0
-30.5431,116.2019,314.6,1,1,2014-04-30,0604,Aqua,MODIS,62,6.2,298.6,8.2,D,0
-30.5417,116.2128,314.4,1,1,2014-04-30,0604,Aqua,MODIS,62,6.2,298.9,7.8,D,0
-30.5241,115.6473,314.4,1.1,1,2014-04-30,0604,Aqua,MODIS,61,6.2,301.8,6.7,D,0
-31.3264,117.7913,317.7,1,1,2014-04-30,0604,Aqua,MODIS,70,6.2,300,9.9,D,0
-30.9885,116.4468,324.5,1,1,2014-04-30,0604,Aqua,MODIS,77,6.2,298.1,15.2,D,0
-30.987,116.4577,325.3,1,1,2014-04-30,0604,Aqua,MODIS,78,6.2,300.4,16.2,D,0
-30.9977,116.4485,321.2,1,1,2014-04-30,0604,Aqua,MODIS,71,6.2,298.2,12.6,D,0
-30.9962,116.4594,323,1,1,2014-04-30,0604,Aqua,MODIS,76,6.2,298.2,14.4,D,0
-30.275,116.2254,339,1,1,2014-04-30,0604,Aqua,MODIS,89,6.2,303.7,36.3,D,0
-31.1209,116.4047,326.7,1,1,2014-04-30,0604,Aqua,MODIS,80,6.2,300.3,19.6,D,0
-31.1195,116.4156,315.1,1,1,2014-04-30,0604,Aqua,MODIS,65,6.2,298.6,7.4,D,0
-28.5934,115.072,317.2,1.1,1,2014-04-30,0605,Aqua,MODIS,68,6.2,302.7,7.9,D,0
-28.8802,114.739,315.7,1.1,1.1,2014-04-30,0605,Aqua,MODIS,66,6.2,301.5,8.3,D,0
-21.9732,117.6807,325.4,1.1,1,2014-04-30,0606,Aqua,MODIS,64,6.2,308.7,8.5,D,0
-21.9749,117.6701,330.7,1.1,1,2014-04-30,0606,Aqua,MODIS,75,6.2,309.8,15.6,D,0
-23.1003,122.7308,346.8,2.2,1.4,2014-04-30,0606,Aqua,MODIS,93,6.2,300,142.3,D,0
-23.1042,122.7101,349.3,2.1,1.4,2014-04-30,0606,Aqua,MODIS,94,6.2,299.7,157.8,D,0
-23.113,122.7338,326.9,2.2,1.4,2014-04-30,0606,Aqua,MODIS,64,6.2,299.2,48.7,D,0
-23.1169,122.713,324.4,2.1,1.4,2014-04-30,0606,Aqua,MODIS,73,6.2,297.8,40.6,D,0
-20.6553,119.4894,331.1,1.4,1.2,2014-04-30,0607,Aqua,MODIS,73,6.2,308.3,21.8,D,0
-20.6576,119.4757,328.9,1.4,1.2,2014-04-30,0607,Aqua,MODIS,68,6.2,307.2,18,D,0
-17.9365,123.0876,361.2,2.9,1.6,2014-04-30,0607,Aqua,MODIS,100,6.2,290.8,381.3,D,0
-17.9357,123.092,370.4,2.9,1.6,2014-04-30,0607,Aqua,MODIS,100,6.2,291.1,521.2,D,0
-24.6658,151.7911,302.3,1.9,1.4,2014-04-30,1213,Terra,MODIS,48,6.2,288.1,15.6,N,0
-15.8288,130.2647,307.2,1,1,2014-04-30,1354,Terra,MODIS,19,6.2,297.2,4.2,N,0
-16.0605,130.6464,307.4,1,1,2014-04-30,1354,Terra,MODIS,61,6.2,297.1,4.3,N,0
-15.8314,130.2457,307.9,1,1,2014-04-30,1354,Terra,MODIS,33,6.2,297.6,4.5,N,0
-14.8716,130.5384,308.4,1,1,2014-04-30,1354,Terra,MODIS,69,6.2,297.5,5.6,N,0
-15.5308,131.0769,308.5,1,1,2014-04-30,1354,Terra,MODIS,69,6.2,298.1,4.3,N,0
-15.5528,131.0519,310.1,1,1,2014-04-30,1354,Terra,MODIS,75,6.2,298.7,5.7,N,0
-15.1948,127.7005,306.2,1.3,1.1,2014-04-30,1354,Terra,MODIS,62,6.2,295,5.4,N,0
-15.5514,131.0612,312.3,1,1,2014-04-30,1354,Terra,MODIS,81,6.2,298.2,6.8,N,0
-15.1706,130.959,307.8,1,1,2014-04-30,1354,Terra,MODIS,67,6.2,296.8,4.8,N,0
-16.1977,130.5835,312.4,1,1,2014-04-30,1354,Terra,MODIS,81,6.2,296.3,8.7,N,0
-14.873,130.5291,307.3,1,1,2014-04-30,1354,Terra,MODIS,65,6.2,297.1,4.8,N,0
-15.2215,130.9258,310.7,1,1,2014-04-30,1354,Terra,MODIS,77,6.2,298.1,5.6,N,0
-15.5501,131.0704,312.2,1,1,2014-04-30,1354,Terra,MODIS,81,6.2,297.9,6.8,N,0
-15.3158,130.9083,315.3,1,1,2014-04-30,1354,Terra,MODIS,90,6.2,298.8,10.3,N,0
-15.4673,126.5738,305.1,1.6,1.2,2014-04-30,1354,Terra,MODIS,60,6.2,294,9.1,N,0
-16.4936,130.2418,308.7,1,1,2014-04-30,1354,Terra,MODIS,68,6.2,294.8,6.5,N,0
-15.7415,131.0175,308.5,1,1,2014-04-30,1354,Terra,MODIS,42,6.2,297.8,4.2,N,0
-14.9367,131.0525,309.6,1,1,2014-04-30,1354,Terra,MODIS,63,6.2,296.6,6.5,N,0
-14.933,131.0141,314.5,1,1,2014-04-30,1354,Terra,MODIS,88,6.2,297.1,10,N,0
-14.9261,130.9977,314.2,1,1,2014-04-30,1354,Terra,MODIS,87,6.2,297.3,10,N,0
-14.929,131.0419,307.4,1,1,2014-04-30,1354,Terra,MODIS,37,6.2,296.3,5,N,0
-15.9044,131.0358,309.4,1,1,2014-04-30,1354,Terra,MODIS,71,6.2,298.4,4.8,N,0
-15.902,130.9878,309.4,1,1,2014-04-30,1354,Terra,MODIS,71,6.2,298,4.7,N,0
-15.9034,130.9785,309.3,1,1,2014-04-30,1354,Terra,MODIS,70,6.2,297.8,5,N,0
-16.1343,130.5771,308.1,1,1,2014-04-30,1354,Terra,MODIS,65,6.2,296.8,4.9,N,0
-16.1043,130.7261,311,1,1,2014-04-30,1354,Terra,MODIS,77,6.2,297.1,6.8,N,0
-15.7363,131.1842,317.2,1,1,2014-04-30,1354,Terra,MODIS,93,6.2,298.4,11.4,N,0
-14.544,125.7182,310.1,1.7,1.3,2014-04-30,1355,Terra,MODIS,33,6.2,293.9,11.9,N,0
-14.4937,125.7714,307,1.7,1.3,2014-04-30,1355,Terra,MODIS,23,6.2,294.3,8.7,N,0
-14.4957,125.7553,309.7,1.7,1.3,2014-04-30,1355,Terra,MODIS,41,6.2,294.3,11.7,N,0
-14.5371,125.6129,308.4,1.8,1.3,2014-04-30,1355,Terra,MODIS,70,6.2,294.1,10.2,N,0
-13.6906,131.528,306.2,1,1,2014-04-30,1355,Terra,MODIS,61,6.2,295.9,4.2,N,0
-14.0074,132.1941,308.1,1,1,2014-04-30,1355,Terra,MODIS,71,6.2,296.8,6.1,N,0
-13.9721,132.1786,311.5,1,1,2014-04-30,1355,Terra,MODIS,82,6.2,295.6,8.8,N,0
-14.0088,132.1845,311.1,1,1,2014-04-30,1355,Terra,MODIS,80,6.2,297.1,8.3,N,0
-13.9706,132.1883,314.6,1,1,2014-04-30,1355,Terra,MODIS,89,6.2,296.2,11.5,N,0
-13.692,131.5187,318.7,1,1,2014-04-30,1355,Terra,MODIS,97,6.2,296.3,14.2,N,0
-33.9044,116.0264,302.9,1.5,1.2,2014-04-30,1528,Terra,MODIS,43,6.2,281.9,14.1,N,0
-33.898,116.0136,313.4,1.5,1.2,2014-04-30,1528,Terra,MODIS,87,6.2,280.4,27,N,0
-33.9118,116.0005,319.9,1.5,1.2,2014-04-30,1528,Terra,MODIS,99,6.2,281.4,36.7,N,0
-33.9087,116.0168,342.5,1.5,1.2,2014-04-30,1528,Terra,MODIS,100,6.2,283.8,90.7,N,0
-33.9073,116.0105,339.8,1.5,1.2,2014-04-30,1528,Terra,MODIS,100,6.2,283.7,82.5,N,0
-14.4374,125.6204,305.7,1,1,2014-04-30,1659,Aqua,MODIS,54,6.2,290.9,4.2,N,0
-14.3601,125.599,303.9,1.1,1,2014-04-30,1659,Aqua,MODIS,53,6.2,290.6,3.3,N,0
-14.2896,125.6299,312.5,1,1,2014-04-30,1659,Aqua,MODIS,84,6.2,293.1,10,N,0
-14.5096,125.7398,305.9,1,1,2014-04-30,1659,Aqua,MODIS,8,6.2,290.3,4.1,N,0
-15.1961,127.7069,307.8,1,1,2014-04-30,1659,Aqua,MODIS,71,6.2,295.7,5.9,N,0
-15.1628,127.5386,305.6,1,1,2014-04-30,1659,Aqua,MODIS,63,6.2,295.5,4.4,N,0
-15.8297,130.2501,317.6,1.3,1.1,2014-04-30,1659,Aqua,MODIS,95,6.2,293.8,20.3,N,0
-14.6507,125.4583,306.1,1.1,1,2014-04-30,1659,Aqua,MODIS,66,6.2,292.5,4.6,N,0
-14.5188,125.7384,306.1,1,1,2014-04-30,1659,Aqua,MODIS,29,6.2,289.9,4.4,N,0
-14.5639,125.4888,306.8,1.1,1,2014-04-30,1659,Aqua,MODIS,67,6.2,293.1,4.8,N,0
-14.6037,125.5025,305.6,1.1,1,2014-04-30,1659,Aqua,MODIS,63,6.2,292.6,4.3,N,0
-14.6051,125.5122,308.2,1.1,1,2014-04-30,1659,Aqua,MODIS,72,6.2,292.7,6.2,N,0
-14.9242,130.6528,308.8,1.4,1.2,2014-04-30,1659,Aqua,MODIS,75,6.2,293.9,11,N,0
-14.9224,130.6394,305.5,1.4,1.2,2014-04-30,1659,Aqua,MODIS,65,6.2,294.8,7.5,N,0
-16.1953,130.58,304.8,1.4,1.2,2014-04-30,1700,Aqua,MODIS,62,6.2,290.5,7.5,N,0
-16.1969,130.5932,302.2,1.4,1.2,2014-04-30,1700,Aqua,MODIS,48,6.2,289.9,5.2,N,0
-16.1009,130.7349,306.8,1.5,1.2,2014-04-30,1700,Aqua,MODIS,69,6.2,291.3,8.8,N,0
-19.5396,124.2896,306.7,1.1,1,2014-04-30,1701,Aqua,MODIS,60,6.2,281.4,7.7,N,0
-19.5472,124.278,305.9,1.1,1,2014-04-30,1701,Aqua,MODIS,58,6.2,280.4,7,N,0
-23.1028,122.7355,309.2,1.1,1.1,2014-04-30,1702,Aqua,MODIS,68,6.2,287.8,11.2,N,0
-28.8871,149.5998,307,2.9,1.6,2014-05-01,0049,Terra,MODIS,46,6.2,295.8,18.1,D,0
-28.8895,149.6298,307.8,2.9,1.6,2014-05-01,0049,Terra,MODIS,51,6.2,295.8,20.8,D,0
-29.0107,148.7561,309.7,2.5,1.5,2014-05-01,0049,Terra,MODIS,49,6.2,297.7,17.9,D,0
-29.0084,148.7299,317.3,2.5,1.5,2014-05-01,0049,Terra,MODIS,72,6.2,299.1,40.4,D,0
-33.9271,146.1799,310.5,2,1.4,2014-05-01,0050,Terra,MODIS,70,6.2,290.8,24.5,D,0
-33.9251,146.1588,321.5,2,1.4,2014-05-01,0050,Terra,MODIS,81,6.2,291.5,48.7,D,0
-33.5997,149.9934,309.6,3.5,1.8,2014-05-01,0050,Terra,MODIS,69,6.2,285,61.7,D,0
-31.424,146.7653,305.5,2,1.4,2014-05-01,0050,Terra,MODIS,60,6.2,294.4,11.5,D,0
-31.1585,145.6631,307.7,1.7,1.3,2014-05-01,0050,Terra,MODIS,54,6.2,293.9,12.8,D,0
-37.6622,141.3013,311.7,1.2,1.1,2014-05-01,0051,Terra,MODIS,61,6.2,275.5,15.1,D,0
-37.328,140.6588,304.6,1.1,1,2014-05-01,0051,Terra,MODIS,56,6.2,274.4,11.2,D,0
-37.6525,141.303,315.9,1.2,1.1,2014-05-01,0051,Terra,MODIS,76,6.2,276.4,19.6,D,0
-36.1728,140.3761,306.8,1.1,1,2014-05-01,0051,Terra,MODIS,64,6.2,284,7.6,D,0
-37.6509,141.2897,308.7,1.2,1.1,2014-05-01,0051,Terra,MODIS,53,6.2,277.3,12.6,D,0
-14.4997,125.7322,322,2.2,1.4,2014-05-01,0224,Terra,MODIS,38,6.2,292.7,35.8,D,0
-15.861,126.6503,316.6,2.7,1.6,2014-05-01,0224,Terra,MODIS,67,6.2,279,47.5,D,0
-14.502,125.7518,317.1,2.2,1.4,2014-05-01,0224,Terra,MODIS,55,6.2,291.3,23.8,D,0
-14.4474,125.6183,316,2.1,1.4,2014-05-01,0224,Terra,MODIS,22,6.2,292.8,12.7,D,0
-15.9061,124.7485,318.4,1.9,1.3,2014-05-01,0224,Terra,MODIS,72,6.2,296.5,21.7,D,0
-15.8295,125.0079,321.2,2,1.4,2014-05-01,0224,Terra,MODIS,75,6.2,294.3,31.4,D,0
-15.9021,124.7543,318.3,1.9,1.3,2014-05-01,0224,Terra,MODIS,72,6.2,296.7,20.4,D,0
-15.834,125.0196,317.1,2,1.4,2014-05-01,0224,Terra,MODIS,53,6.2,294.2,20.8,D,0
-22.0864,123.3401,322.3,1.8,1.3,2014-05-01,0226,Terra,MODIS,71,6.2,297.2,23.7,D,0
-22.0764,123.3594,326.9,1.8,1.3,2014-05-01,0226,Terra,MODIS,77,6.2,299.3,34.4,D,0
-22.0904,123.3758,321.5,1.9,1.3,2014-05-01,0226,Terra,MODIS,69,6.2,299.6,20.7,D,0
-22.0724,123.3238,348.5,1.8,1.3,2014-05-01,0226,Terra,MODIS,94,6.2,297.9,120.8,D,0
-22.0744,123.3416,333.1,1.8,1.3,2014-05-01,0226,Terra,MODIS,84,6.2,299.4,54.7,D,0
-22.0884,123.3579,334.1,1.8,1.3,2014-05-01,0226,Terra,MODIS,84,6.2,299,60,D,0
-23.0997,122.7523,333.7,1.7,1.3,2014-05-01,0226,Terra,MODIS,76,6.2,298.8,50,D,0
-23.1074,122.8203,333.5,1.7,1.3,2014-05-01,0226,Terra,MODIS,83,6.2,301.2,50.6,D,0
-23.0957,122.8218,322.8,1.7,1.3,2014-05-01,0226,Terra,MODIS,69,6.2,300.1,21.3,D,0
-20.5231,123.0122,335.3,1.7,1.3,2014-05-01,0226,Terra,MODIS,65,6.2,295.4,51.1,D,0
-20.5212,122.9963,340.9,1.7,1.3,2014-05-01,0226,Terra,MODIS,90,6.2,291.8,68.2,D,0
-20.5249,122.9319,359.7,1.6,1.3,2014-05-01,0226,Terra,MODIS,99,6.2,290,157.5,D,0
-20.5193,122.9805,341.7,1.6,1.3,2014-05-01,0226,Terra,MODIS,89,6.2,290.7,71.2,D,0
-20.5208,123.006,332.8,1.7,1.3,2014-05-01,0226,Terra,MODIS,58,6.2,294.1,42.9,D,0
-20.5174,122.9647,334.6,1.6,1.3,2014-05-01,0226,Terra,MODIS,68,6.2,290.5,48.4,D,0
-20.5269,122.9475,370.4,1.6,1.3,2014-05-01,0226,Terra,MODIS,100,6.2,289.2,220.1,D,0
-20.5119,122.9272,333.3,1.6,1.3,2014-05-01,0226,Terra,MODIS,74,6.2,292.3,49.6,D,0
-20.5341,123.0204,319,1.7,1.3,2014-05-01,0226,Terra,MODIS,47,6.2,295.3,13.4,D,0
-20.5098,122.9978,323.6,1.7,1.3,2014-05-01,0226,Terra,MODIS,50,6.2,291.7,25.4,D,0
-20.5232,122.9257,336.1,1.6,1.3,2014-05-01,0226,Terra,MODIS,86,6.2,289.2,59.2,D,0
-20.525,122.9413,386.1,1.6,1.3,2014-05-01,0226,Terra,MODIS,100,6.2,291.8,351.6,D,0
-20.5286,122.9728,318,1.6,1.3,2014-05-01,0226,Terra,MODIS,63,6.2,287.3,15,D,0
-20.5022,122.9348,330.6,1.6,1.3,2014-05-01,0226,Terra,MODIS,82,6.2,291.9,41.6,D,0
-20.5268,122.957,349.1,1.6,1.3,2014-05-01,0226,Terra,MODIS,94,6.2,288,107.7,D,0
-20.519,122.9901,342,1.7,1.3,2014-05-01,0226,Terra,MODIS,90,6.2,291.3,70.8,D,0
-20.5041,122.9505,335.1,1.6,1.3,2014-05-01,0226,Terra,MODIS,86,6.2,291.7,54,D,0
-20.5117,122.9177,323.7,1.6,1.3,2014-05-01,0226,Terra,MODIS,72,6.2,290.6,29.4,D,0
-20.5136,122.9334,344.8,1.6,1.3,2014-05-01,0226,Terra,MODIS,92,6.2,293.5,89,D,0
-20.5155,122.949,347.9,1.6,1.3,2014-05-01,0226,Terra,MODIS,94,6.2,292.1,96.1,D,0
-20.5172,122.9743,334.3,1.6,1.3,2014-05-01,0226,Terra,MODIS,60,6.2,290.9,46,D,0
-30.5171,115.6482,308.1,1,1,2014-05-01,0228,Terra,MODIS,58,6.2,294.8,4.4,D,0
-30.2355,116.4454,317.4,1,1,2014-05-01,0228,Terra,MODIS,75,6.2,295.7,11.6,D,0
-30.2678,116.2129,309.8,1,1,2014-05-01,0228,Terra,MODIS,63,6.2,296.6,5.1,D,0
-32.3631,117.2691,307.4,1.1,1,2014-05-01,0229,Terra,MODIS,53,6.2,288.5,7.1,D,0
-31.2471,116.3887,327.3,1,1,2014-05-01,0229,Terra,MODIS,84,6.2,290.7,24.3,D,0
-31.2486,116.3995,304.2,1,1,2014-05-01,0229,Terra,MODIS,45,6.2,291.1,3.7,D,0
-31.8592,115.9013,302.5,1,1,2014-05-01,0229,Terra,MODIS,50,6.2,289.4,1.5,D,0
-31.1023,116.6715,307.2,1,1,2014-05-01,0229,Terra,MODIS,59,6.2,293,5.4,D,0
-31.1038,116.6824,312.3,1,1,2014-05-01,0229,Terra,MODIS,69,6.2,292.3,9.3,D,0
-33.0844,117.0321,311.3,1.1,1,2014-05-01,0229,Terra,MODIS,62,6.2,288.5,11.7,D,0
-31.701,116.3518,306.5,1,1,2014-05-01,0229,Terra,MODIS,56,6.2,291.5,6.2,D,0
-34.2904,117.5804,300.8,1.2,1.1,2014-05-01,0229,Terra,MODIS,34,6.2,284.2,5.9,D,0
-33.3993,116.9695,300.8,1.1,1,2014-05-01,0229,Terra,MODIS,22,6.2,288,4.8,D,0
-36.3662,147.3585,317.1,3.2,1.7,2014-05-01,0328,Aqua,MODIS,77,6.2,285.3,83.5,D,0
-35.7423,146.1433,318.1,3.8,1.8,2014-05-01,0328,Aqua,MODIS,78,6.2,291.7,102.8,D,0
-35.7468,146.1475,322.5,3.8,1.8,2014-05-01,0328,Aqua,MODIS,82,6.2,291.6,133.9,D,0
-35.74,146.186,307.2,3.8,1.8,2014-05-01,0328,Aqua,MODIS,65,6.2,290.5,43.5,D,0
-36.4089,145.5921,302.8,4.2,1.9,2014-05-01,0328,Aqua,MODIS,54,6.2,289.6,36.6,D,0
-36.4112,145.6006,300.6,4.2,1.9,2014-05-01,0328,Aqua,MODIS,40,6.2,289.5,29.5,D,0
-35.7448,146.1902,306.2,3.8,1.8,2014-05-01,0328,Aqua,MODIS,63,6.2,290.4,40.5,D,0
-36.9453,149.3848,328.5,2.4,1.5,2014-05-01,0328,Aqua,MODIS,86,6.2,286.6,102.2,D,0
-36.9472,149.3571,320.9,2.4,1.5,2014-05-01,0328,Aqua,MODIS,80,6.2,286.5,71.5,D,0
-36.9531,149.3811,312.2,2.4,1.5,2014-05-01,0328,Aqua,MODIS,59,6.2,286.1,44.2,D,0
-36.9394,149.3797,324.8,2.4,1.5,2014-05-01,0328,Aqua,MODIS,83,6.2,286.7,89.1,D,0
-36.9414,149.3515,304.9,2.4,1.5,2014-05-01,0328,Aqua,MODIS,54,6.2,286.2,27.9,D,0
-37.0817,149.321,308.1,2.5,1.5,2014-05-01,0328,Aqua,MODIS,67,6.2,283.9,39.2,D,0
-37.0752,149.3138,315.9,2.5,1.5,2014-05-01,0328,Aqua,MODIS,76,6.2,285.1,58.9,D,0
-37.0773,149.2857,324.3,2.5,1.5,2014-05-01,0328,Aqua,MODIS,83,6.2,288.2,88.7,D,0
-37.0836,149.2932,344.5,2.5,1.5,2014-05-01,0328,Aqua,MODIS,94,6.2,288.8,201.2,D,0
-35.5514,148.2829,352.9,2.8,1.6,2014-05-01,0329,Aqua,MODIS,84,6.2,288.3,309.7,D,0
-35.539,148.2498,300.5,2.8,1.6,2014-05-01,0329,Aqua,MODIS,21,6.2,288.8,24.1,D,0
-31.9227,150.7516,302.7,1.7,1.3,2014-05-01,0329,Aqua,MODIS,45,6.2,288.7,8.8,D,0
-31.9209,150.7703,303.4,1.7,1.3,2014-05-01,0329,Aqua,MODIS,32,6.2,291.1,9.7,D,0
-31.7877,150.7621,323.1,1.7,1.3,2014-05-01,0329,Aqua,MODIS,77,6.2,286.9,41.9,D,0
-35.4211,146.517,320.5,3.6,1.8,2014-05-01,0329,Aqua,MODIS,80,6.2,291.4,102.1,D,0
-33.9266,146.1458,304.7,3.7,1.8,2014-05-01,0329,Aqua,MODIS,60,6.2,293.8,28.7,D,0
-35.1405,146.7556,304.6,3.4,1.7,2014-05-01,0329,Aqua,MODIS,59,6.2,292.8,23.1,D,0
-33.6071,150.0041,327.4,2,1.4,2014-05-01,0329,Aqua,MODIS,85,6.2,286.1,70.9,D,0
-35.1328,146.7602,305.9,3.4,1.7,2014-05-01,0329,Aqua,MODIS,44,6.2,292.6,25.1,D,0
-33.9327,146.1505,305.5,3.7,1.8,2014-05-01,0329,Aqua,MODIS,61,6.2,293.9,31.7,D,0
-35.1383,146.7939,305.8,3.4,1.7,2014-05-01,0329,Aqua,MODIS,51,6.2,292,28.5,D,0
-34.877,150.5204,319.3,1.9,1.4,2014-05-01,0329,Aqua,MODIS,75,6.2,291.1,46,D,0
-34.5695,147.2654,304.6,3.1,1.7,2014-05-01,0329,Aqua,MODIS,26,6.2,288.3,20.4,D,0
-34.8786,150.5259,312,1.9,1.4,2014-05-01,0329,Aqua,MODIS,51,6.2,290.7,25.7,D,0
-34.6086,147.126,303.8,3.2,1.7,2014-05-01,0329,Aqua,MODIS,33,6.2,286.4,20.4,D,0
-34.8789,150.4987,306,2,1.4,2014-05-01,0329,Aqua,MODIS,63,6.2,291.9,18.9,D,0
-35.4233,146.4765,310.2,3.6,1.8,2014-05-01,0329,Aqua,MODIS,51,6.2,291.6,48.2,D,0
-35.245,150.1474,313,2.1,1.4,2014-05-01,0329,Aqua,MODIS,73,6.2,287.4,38.9,D,0
-34.8804,150.5042,314.3,2,1.4,2014-05-01,0329,Aqua,MODIS,64,6.2,291.7,30.9,D,0
-31.4409,147.7699,322.7,2.7,1.6,2014-05-01,0330,Aqua,MODIS,80,6.2,297.8,69.3,D,0
-29.0089,148.7468,327.5,2.2,1.4,2014-05-01,0330,Aqua,MODIS,81,6.2,301.6,55.8,D,0
-28.526,149.465,317.1,1.9,1.3,2014-05-01,0330,Aqua,MODIS,64,6.2,301.6,20.8,D,0
-28.5402,149.447,327.7,1.9,1.3,2014-05-01,0330,Aqua,MODIS,82,6.2,302.7,48.2,D,0
-28.528,149.4454,316.3,1.9,1.3,2014-05-01,0330,Aqua,MODIS,56,6.2,302.3,18.5,D,0
-29.0096,148.7316,331.5,2.2,1.4,2014-05-01,0330,Aqua,MODIS,84,6.2,303.1,74.3,D,0
-29.011,148.7245,324.4,2.2,1.4,2014-05-01,0330,Aqua,MODIS,66,6.2,303,44.9,D,0
-28.5383,149.4665,323.6,1.9,1.3,2014-05-01,0330,Aqua,MODIS,78,6.2,300.9,36.1,D,0
-29.0225,148.7331,315.3,2.2,1.4,2014-05-01,0330,Aqua,MODIS,55,6.2,302,23.1,D,0
-28.4233,152.2774,310,1.3,1.1,2014-05-01,0330,Aqua,MODIS,65,6.2,295.2,10.5,D,0
-29.0205,148.7554,320.1,2.2,1.4,2014-05-01,0330,Aqua,MODIS,73,6.2,300.3,35.9,D,0
-29.0076,148.7539,318.5,2.2,1.4,2014-05-01,0330,Aqua,MODIS,64,6.2,300.5,29,D,0
-31.4443,147.7775,316.9,2.7,1.6,2014-05-01,0330,Aqua,MODIS,74,6.2,297,46.1,D,0
-31.43,147.776,312.6,2.7,1.6,2014-05-01,0330,Aqua,MODIS,69,6.2,297.8,31.4,D,0
-28.8862,149.6127,318.3,1.9,1.3,2014-05-01,0330,Aqua,MODIS,71,6.2,301.6,24.5,D,0
-26.1552,151.6423,315.3,1.3,1.1,2014-05-01,0331,Aqua,MODIS,71,6.2,297.6,12.7,D,0
-27.4865,150.517,316.3,1.6,1.2,2014-05-01,0331,Aqua,MODIS,71,6.2,296.7,20.7,D,0
-27.4848,150.5329,316.7,1.6,1.2,2014-05-01,0331,Aqua,MODIS,72,6.2,296.3,21.9,D,0
-34.3002,135.8669,311.3,1.2,1.1,2014-05-01,0507,Aqua,MODIS,35,6.2,285.2,11.3,D,0
-34.2995,135.86,327.2,1.2,1.1,2014-05-01,0507,Aqua,MODIS,76,6.2,286,32.2,D,0
-34.3024,135.8541,340.7,1.2,1.1,2014-05-01,0507,Aqua,MODIS,90,6.2,288.6,56.1,D,0
-33.9872,135.5921,310.9,1.2,1.1,2014-05-01,0507,Aqua,MODIS,59,6.2,288.2,13.2,D,0
-34.3016,135.8473,321.5,1.2,1.1,2014-05-01,0507,Aqua,MODIS,74,6.2,287.9,24.8,D,0
-20.5376,122.9921,328.3,2,1.4,2014-05-01,0511,Aqua,MODIS,77,6.2,289.5,43.4,D,0
-22.0593,123.3202,358.4,2,1.4,2014-05-01,0511,Aqua,MODIS,68,6.2,277.6,178.9,D,0
-22.047,123.3186,384.5,2,1.4,2014-05-01,0511,Aqua,MODIS,75,6.2,276.4,427.6,D,0
-22.044,123.3112,359.5,2,1.4,2014-05-01,0511,Aqua,MODIS,75,6.2,272.5,202.8,D,0
-22.0419,123.3301,324.8,2,1.4,2014-05-01,0511,Aqua,MODIS,54,6.2,283.7,36.4,D,0
-22.0317,123.3096,328.3,2,1.4,2014-05-01,0511,Aqua,MODIS,53,6.2,275.1,48.6,D,0
-22.0563,123.3128,375.2,2,1.4,2014-05-01,0511,Aqua,MODIS,75,6.2,274,323.7,D,0
-22.0542,123.3317,361.5,2,1.4,2014-05-01,0511,Aqua,MODIS,92,6.2,282.9,208.4,D,0
-23.1184,122.7233,343.5,2.2,1.4,2014-05-01,0511,Aqua,MODIS,90,6.2,304.7,123.1,D,0
-23.1008,122.7657,336.7,2.2,1.4,2014-05-01,0511,Aqua,MODIS,84,6.2,301.7,82.3,D,0
-20.4777,125.6007,320.7,1.3,1.1,2014-05-01,0511,Aqua,MODIS,42,6.2,296.5,12.3,D,0
-23.1172,122.7059,322.8,2.2,1.5,2014-05-01,0511,Aqua,MODIS,29,6.2,302.2,25.4,D,0
-23.1088,122.9394,327.2,2.2,1.4,2014-05-01,0511,Aqua,MODIS,72,6.2,303.3,39.9,D,0
-23.107,122.9442,330.4,2.2,1.4,2014-05-01,0511,Aqua,MODIS,77,6.2,303.1,52.4,D,0
-23.1041,122.7045,335,2.2,1.5,2014-05-01,0511,Aqua,MODIS,83,6.2,301.3,77.4,D,0
-23.1091,122.923,329.6,2.2,1.4,2014-05-01,0511,Aqua,MODIS,76,6.2,302.7,48.7,D,0
-23.0812,122.6975,323.4,2.2,1.5,2014-05-01,0511,Aqua,MODIS,65,6.2,299.1,39.4,D,0
-23.1116,122.7886,324.5,2.2,1.4,2014-05-01,0511,Aqua,MODIS,62,6.2,302.6,30,D,0
-23.1093,122.8102,325.6,2.2,1.4,2014-05-01,0511,Aqua,MODIS,51,6.2,304.1,30.9,D,0
-23.0985,122.7873,321.7,2.2,1.4,2014-05-01,0511,Aqua,MODIS,42,6.2,302.1,23.1,D,0
-23.079,122.7195,322.1,2.2,1.4,2014-05-01,0511,Aqua,MODIS,61,6.2,299.2,34,D,0
-23.1076,122.7,332.3,2.2,1.5,2014-05-01,0511,Aqua,MODIS,80,6.2,301.8,65.8,D,0
-23.1053,122.7219,349.4,2.2,1.4,2014-05-01,0511,Aqua,MODIS,94,6.2,303.6,159.5,D,0
-23.0941,122.8302,354.5,2.2,1.4,2014-05-01,0511,Aqua,MODIS,97,6.2,305,185.5,D,0
-23.1071,122.8316,328.7,2.2,1.4,2014-05-01,0511,Aqua,MODIS,75,6.2,303.8,42.4,D,0
-23.1048,122.8531,324.9,2.2,1.4,2014-05-01,0511,Aqua,MODIS,68,6.2,303,31.9,D,0
-23.102,122.7264,340.1,2.2,1.4,2014-05-01,0511,Aqua,MODIS,87,6.2,301.3,103.1,D,0
-23.1139,122.767,328.7,2.2,1.4,2014-05-01,0511,Aqua,MODIS,75,6.2,302.5,45.9,D,0
-23.103,122.7438,347.3,2.2,1.4,2014-05-01,0511,Aqua,MODIS,92,6.2,301.5,139.6,D,0
-23.1024,122.8577,320.9,2.2,1.4,2014-05-01,0511,Aqua,MODIS,47,6.2,303,17.5,D,0
-23.1045,122.8362,335.6,2.2,1.4,2014-05-01,0511,Aqua,MODIS,83,6.2,304,69.5,D,0
-23.1066,122.8148,331.8,2.2,1.4,2014-05-01,0511,Aqua,MODIS,77,6.2,304.4,51.9,D,0
-23.1109,122.7715,335.6,2.2,1.4,2014-05-01,0511,Aqua,MODIS,83,6.2,302.7,69.7,D,0
-23.113,122.7497,348.5,2.2,1.4,2014-05-01,0511,Aqua,MODIS,93,6.2,303.1,140.4,D,0
-23.1151,122.7279,366.7,2.2,1.4,2014-05-01,0511,Aqua,MODIS,100,6.2,306.7,299,D,0
-23.0915,122.8348,358.8,2.2,1.4,2014-05-01,0511,Aqua,MODIS,99,6.2,304.3,217.3,D,0
-20.4762,125.6132,324.4,1.3,1.1,2014-05-01,0511,Aqua,MODIS,72,6.2,295.9,18.9,D,0
-23.0978,122.7702,333.9,2.2,1.4,2014-05-01,0511,Aqua,MODIS,81,6.2,301,66.3,D,0
-23.0981,122.9168,320.3,2.2,1.4,2014-05-01,0511,Aqua,MODIS,52,6.2,302,17.7,D,0
-23.0959,122.938,326.3,2.2,1.4,2014-05-01,0511,Aqua,MODIS,71,6.2,302.1,37.4,D,0
-23.0919,122.8516,330,2.2,1.4,2014-05-01,0511,Aqua,MODIS,77,6.2,303.1,51.1,D,0
-23.1161,122.7452,347.3,2.2,1.4,2014-05-01,0511,Aqua,MODIS,92,6.2,303.4,140.4,D,0
-16.5545,130.3205,336.3,1.1,1.1,2014-05-01,0512,Aqua,MODIS,84,6.2,304.6,29.3,D,0
-15.7281,131.0507,336.3,1.2,1.1,2014-05-01,0512,Aqua,MODIS,84,6.2,305.1,28.2,D,0
-16.5591,130.3279,325.3,1.1,1.1,2014-05-01,0512,Aqua,MODIS,60,6.2,304.6,11.3,D,0
-16.556,130.3101,353.5,1.1,1.1,2014-05-01,0512,Aqua,MODIS,96,6.2,304.3,67.2,D,0
-16.5575,130.3383,325.3,1.1,1.1,2014-05-01,0512,Aqua,MODIS,62,6.2,303.9,11.2,D,0
-16.5526,130.3694,325.2,1.1,1.1,2014-05-01,0512,Aqua,MODIS,45,6.2,304.1,10.9,D,0
-16.498,130.2476,323.4,1.1,1,2014-05-01,0512,Aqua,MODIS,64,6.2,302.6,8,D,0
-16.2104,130.5788,332.3,1.2,1.1,2014-05-01,0512,Aqua,MODIS,79,6.2,300.7,22,D,0
-16.2389,130.6663,320.7,1.2,1.1,2014-05-01,0512,Aqua,MODIS,51,6.2,301.2,8.4,D,0
-16.5576,130.2998,340.3,1.1,1.1,2014-05-01,0512,Aqua,MODIS,87,6.2,302.7,37.3,D,0
-16.7932,126.5451,346.1,1.1,1,2014-05-01,0512,Aqua,MODIS,93,6.2,308.3,45.9,D,0
-16.5639,130.2968,329.7,1.1,1,2014-05-01,0512,Aqua,MODIS,76,6.2,301.7,18.7,D,0
-16.5623,130.3072,368.6,1.1,1.1,2014-05-01,0512,Aqua,MODIS,100,6.2,304.4,115.9,D,0
-16.3547,130.1063,326.5,1.1,1,2014-05-01,0512,Aqua,MODIS,71,6.2,302.7,12,D,0
-16.0578,130.6458,336.2,1.2,1.1,2014-05-01,0512,Aqua,MODIS,83,6.2,303.7,28,D,0
-16.0657,130.6582,323.2,1.2,1.1,2014-05-01,0512,Aqua,MODIS,24,6.2,303.2,7.7,D,0
-16.5607,130.3175,342.9,1.1,1.1,2014-05-01,0512,Aqua,MODIS,89,6.2,304.8,41.7,D,0
-16.7918,126.5553,344.3,1.1,1,2014-05-01,0512,Aqua,MODIS,92,6.2,305.9,42.5,D,0
-16.3342,132.1989,327.6,1.4,1.2,2014-05-01,0512,Aqua,MODIS,75,6.2,303.9,25.4,D,0
-16.3321,132.2121,327.6,1.4,1.2,2014-05-01,0512,Aqua,MODIS,75,6.2,301.3,25.4,D,0
-16.3426,132.214,322.8,1.4,1.2,2014-05-01,0512,Aqua,MODIS,67,6.2,303.9,18.1,D,0
-20.5068,122.9061,347.9,2,1.4,2014-05-01,0512,Aqua,MODIS,93,6.2,292.3,137.5,D,0
-20.5357,122.9869,337,2,1.4,2014-05-01,0512,Aqua,MODIS,86,6.2,288.7,78,D,0
-16.3635,132.0834,329.1,1.4,1.2,2014-05-01,0512,Aqua,MODIS,22,6.2,302,23.6,D,0
-20.5212,123.0041,332.3,2,1.4,2014-05-01,0512,Aqua,MODIS,81,6.2,291.1,58.6,D,0
-20.5336,123.0057,327.3,2,1.4,2014-05-01,0512,Aqua,MODIS,74,6.2,293.8,40,D,0
-16.4012,132.0825,330.4,1.4,1.2,2014-05-01,0512,Aqua,MODIS,73,6.2,303.7,24.3,D,0
-16.4033,132.0696,353,1.4,1.2,2014-05-01,0512,Aqua,MODIS,96,6.2,304.9,88.6,D,0
-16.3886,132.0935,325.5,1.4,1.2,2014-05-01,0512,Aqua,MODIS,31,6.2,304.2,16.4,D,0
-16.376,132.1046,323,1.4,1.2,2014-05-01,0512,Aqua,MODIS,38,6.2,304.3,14.3,D,0
-16.3803,132.0788,335.9,1.4,1.2,2014-05-01,0512,Aqua,MODIS,67,6.2,306.4,37.5,D,0
-16.3824,132.0659,329.1,1.4,1.2,2014-05-01,0512,Aqua,MODIS,47,6.2,301.4,22,D,0
-16.3698,132.0769,354.1,1.4,1.2,2014-05-01,0512,Aqua,MODIS,97,6.2,303.9,94.5,D,0
-16.3719,132.064,342.8,1.4,1.2,2014-05-01,0512,Aqua,MODIS,90,6.2,298.7,56.4,D,0
-16.376,132.0723,329.5,1.4,1.2,2014-05-01,0512,Aqua,MODIS,15,6.2,304.9,24.8,D,0
-16.0504,130.7562,326.2,1.2,1.1,2014-05-01,0512,Aqua,MODIS,69,6.2,305.2,12.2,D,0
-16.2759,130.2137,322.4,1.1,1,2014-05-01,0512,Aqua,MODIS,47,6.2,302.1,8.5,D,0
-16.2665,130.2121,330.1,1.1,1,2014-05-01,0512,Aqua,MODIS,74,6.2,303.8,18.5,D,0
-16.268,130.2018,346.6,1.1,1,2014-05-01,0512,Aqua,MODIS,92,6.2,302.4,49.5,D,0
-14.8943,125.7288,320.9,1.1,1.1,2014-05-01,0513,Aqua,MODIS,38,6.2,302.1,10.8,D,0
-15.0104,125.7262,319.1,1.1,1.1,2014-05-01,0513,Aqua,MODIS,49,6.2,297.8,9.1,D,0
-15.0049,125.7292,324.3,1.1,1.1,2014-05-01,0513,Aqua,MODIS,75,6.2,301,15.1,D,0
-15.031,125.6441,322.4,1.1,1.1,2014-05-01,0513,Aqua,MODIS,73,6.2,301.6,12,D,0
-15.0366,131.7775,334.1,1.4,1.2,2014-05-01,0513,Aqua,MODIS,83,6.2,302.8,34.5,D,0
-15.029,131.7824,350.6,1.4,1.2,2014-05-01,0513,Aqua,MODIS,95,6.2,302.5,78.8,D,0
-15.0121,131.7531,335.6,1.4,1.2,2014-05-01,0513,Aqua,MODIS,84,6.2,299.2,39.7,D,0
-14.4736,131.5972,340.3,1.4,1.2,2014-05-01,0513,Aqua,MODIS,89,6.2,301.7,54.7,D,0
-14.4631,131.5955,328.8,1.4,1.2,2014-05-01,0513,Aqua,MODIS,72,6.2,299.2,26.9,D,0
-14.4693,131.5569,333.9,1.4,1.2,2014-05-01,0513,Aqua,MODIS,84,6.2,295.5,39.1,D,0
-14.4922,131.5479,328,1.4,1.2,2014-05-01,0513,Aqua,MODIS,60,6.2,302.5,22.2,D,0
-14.4818,131.546,337.2,1.4,1.2,2014-05-01,0513,Aqua,MODIS,87,6.2,302,44.7,D,0
-14.686,131.6662,334.5,1.4,1.2,2014-05-01,0513,Aqua,MODIS,76,6.2,303.9,32.7,D,0
-14.6783,131.6713,334.3,1.4,1.2,2014-05-01,0513,Aqua,MODIS,77,6.2,303.8,34.4,D,0
-14.6658,131.6824,325.3,1.4,1.2,2014-05-01,0513,Aqua,MODIS,66,6.2,300,18.6,D,0
-14.6678,131.6695,341.3,1.4,1.2,2014-05-01,0513,Aqua,MODIS,89,6.2,302.1,54.1,D,0
-16.218,126.0433,350.9,1.1,1.1,2014-05-01,0513,Aqua,MODIS,95,6.2,305.3,64.9,D,0
-16.2194,126.0329,336.5,1.1,1.1,2014-05-01,0513,Aqua,MODIS,73,6.2,298.2,34.2,D,0
-14.9404,131.6306,337.1,1.4,1.2,2014-05-01,0513,Aqua,MODIS,73,6.2,302.2,41.4,D,0
-14.3981,131.5656,362.9,1.4,1.2,2014-05-01,0513,Aqua,MODIS,100,6.2,302.8,134.6,D,0
-14.6063,131.5482,319.3,1.4,1.2,2014-05-01,0513,Aqua,MODIS,33,6.2,296.3,14.2,D,0
-14.7132,131.6315,354.7,1.4,1.2,2014-05-01,0513,Aqua,MODIS,97,6.2,303,97.6,D,0
-14.7007,131.6424,330,1.4,1.2,2014-05-01,0513,Aqua,MODIS,66,6.2,296.6,26.4,D,0
-14.7027,131.6297,342.3,1.4,1.2,2014-05-01,0513,Aqua,MODIS,90,6.2,295.5,56.9,D,0
-14.6881,131.6534,365.9,1.4,1.2,2014-05-01,0513,Aqua,MODIS,100,6.2,302.4,144.6,D,0
-14.6907,131.6603,344.2,1.4,1.2,2014-05-01,0513,Aqua,MODIS,91,6.2,303.9,59.6,D,0
-14.6928,131.6474,348.6,1.4,1.2,2014-05-01,0513,Aqua,MODIS,94,6.2,300.3,74.1,D,0
-14.6803,131.6584,333.2,1.4,1.2,2014-05-01,0513,Aqua,MODIS,64,6.2,302.2,31.2,D,0
-14.6614,131.642,381.9,1.4,1.2,2014-05-01,0513,Aqua,MODIS,100,6.2,302.6,242.8,D,0
-14.6635,131.6292,382,1.4,1.2,2014-05-01,0513,Aqua,MODIS,100,6.2,304.1,241.4,D,0
-14.9351,131.8679,327.8,1.4,1.2,2014-05-01,0513,Aqua,MODIS,77,6.2,300.8,22.6,D,0
-14.3974,132.9291,323.6,1.7,1.3,2014-05-01,0513,Aqua,MODIS,28,6.2,298,20.7,D,0
-15.6515,130.7489,324.2,1.2,1.1,2014-05-01,0513,Aqua,MODIS,61,6.2,302.1,11.3,D,0
-14.4044,132.9361,325.1,1.7,1.3,2014-05-01,0513,Aqua,MODIS,58,6.2,298.6,23.6,D,0
-15.6532,130.738,335.8,1.2,1.1,2014-05-01,0513,Aqua,MODIS,84,6.2,303.4,29.9,D,0
-14.9193,125.6157,319.6,1.1,1.1,2014-05-01,0513,Aqua,MODIS,21,6.2,298.6,9.8,D,0
-14.6106,125.4987,315.7,1.1,1.1,2014-05-01,0513,Aqua,MODIS,57,6.2,295.2,5.6,D,0
-14.5612,125.7248,323.8,1.1,1.1,2014-05-01,0513,Aqua,MODIS,22,6.2,300.1,10.8,D,0
-15.3019,130.0793,337.4,1.1,1.1,2014-05-01,0513,Aqua,MODIS,75,6.2,300,35.6,D,0
-16.1009,126.4456,323.5,1.1,1,2014-05-01,0513,Aqua,MODIS,21,6.2,294.4,13.5,D,0
-16.0889,126.4642,318.2,1.1,1,2014-05-01,0513,Aqua,MODIS,22,6.2,292.2,8.7,D,0
-16.277,126.361,316.2,1.1,1,2014-05-01,0513,Aqua,MODIS,33,6.2,293.1,8.5,D,0
-15.2985,130.7843,329.5,1.2,1.1,2014-05-01,0513,Aqua,MODIS,69,6.2,298,25.3,D,0
-16.0902,126.4542,324,1.1,1,2014-05-01,0513,Aqua,MODIS,59,6.2,294.1,15.2,D,0
-15.0459,127.9365,324.6,1,1,2014-05-01,0513,Aqua,MODIS,63,6.2,304,8.4,D,0
-16.0732,126.3701,344.9,1.1,1,2014-05-01,0513,Aqua,MODIS,92,6.2,299.6,48.1,D,0
-15.5297,130.4874,330.7,1.2,1.1,2014-05-01,0513,Aqua,MODIS,71,6.2,306.6,12,D,0
-15.5183,130.4799,367.6,1.2,1.1,2014-05-01,0513,Aqua,MODIS,100,6.2,306.4,116.6,D,0
-15.308,130.0764,340.8,1.1,1.1,2014-05-01,0513,Aqua,MODIS,84,6.2,301,42.5,D,0
-15.4009,124.9071,324.9,1.2,1.1,2014-05-01,0513,Aqua,MODIS,61,6.2,293.2,20.1,D,0
-16.2854,126.6929,341.8,1.1,1,2014-05-01,0513,Aqua,MODIS,89,6.2,291.5,39.9,D,0
-15.3063,130.0868,325.1,1.1,1.1,2014-05-01,0513,Aqua,MODIS,72,6.2,297.8,16.3,D,0
-15.6996,126.6238,342.7,1.1,1,2014-05-01,0513,Aqua,MODIS,90,6.2,302.6,39.5,D,0
-15.701,126.614,334.9,1.1,1,2014-05-01,0513,Aqua,MODIS,85,6.2,301.9,25.3,D,0
-15.528,130.4981,332.1,1.2,1.1,2014-05-01,0513,Aqua,MODIS,67,6.2,306,15.3,D,0
-15.6918,126.6126,332.1,1.1,1,2014-05-01,0513,Aqua,MODIS,82,6.2,302.6,21.5,D,0
-16.2166,126.0537,337.5,1.1,1.1,2014-05-01,0513,Aqua,MODIS,71,6.2,301.7,35.9,D,0
-14.9038,125.7302,326.1,1.1,1.1,2014-05-01,0513,Aqua,MODIS,38,6.2,303.6,16.3,D,0
-15.257,130.8522,322.5,1.2,1.1,2014-05-01,0513,Aqua,MODIS,48,6.2,295.3,16.2,D,0
-14.7519,125.6695,322.6,1.1,1.1,2014-05-01,0513,Aqua,MODIS,72,6.2,302.4,11.9,D,0
-15.031,130.5215,328.4,1.2,1.1,2014-05-01,0513,Aqua,MODIS,69,6.2,298.6,21.4,D,0
-15.1647,130.2538,328.5,1.1,1.1,2014-05-01,0513,Aqua,MODIS,74,6.2,298.9,21.3,D,0
-15.1663,130.2435,326.6,1.1,1.1,2014-05-01,0513,Aqua,MODIS,65,6.2,298.2,18.5,D,0
-15.1552,130.2523,342.2,1.1,1.1,2014-05-01,0513,Aqua,MODIS,90,6.2,297.1,45.7,D,0
-16.0101,126.3644,322.7,1.1,1,2014-05-01,0513,Aqua,MODIS,66,6.2,298.8,12.9,D,0
-16.2988,126.2711,318.5,1.1,1,2014-05-01,0513,Aqua,MODIS,39,6.2,298.4,8.5,D,0
-16.3002,126.2609,318.4,1.1,1,2014-05-01,0513,Aqua,MODIS,33,6.2,297.4,8.4,D,0
-16.2757,126.371,335.7,1.1,1,2014-05-01,0513,Aqua,MODIS,86,6.2,297.7,33.7,D,0
-15.3909,124.9058,341.9,1.2,1.1,2014-05-01,0513,Aqua,MODIS,91,6.2,295,51.2,D,0
-15.5748,130.4509,326.1,1.2,1.1,2014-05-01,0513,Aqua,MODIS,52,6.2,304.5,7.8,D,0
-15.5764,130.4403,329.9,1.2,1.1,2014-05-01,0513,Aqua,MODIS,78,6.2,305.2,14.1,D,0
-14.5128,125.7646,327.1,1.1,1,2014-05-01,0513,Aqua,MODIS,51,6.2,301.2,14.4,D,0
-14.5141,125.7544,329.9,1.1,1,2014-05-01,0513,Aqua,MODIS,75,6.2,300.3,17.2,D,0
-14.4939,125.7618,327.2,1.1,1,2014-05-01,0513,Aqua,MODIS,43,6.2,301.1,14.9,D,0
-15.5797,130.419,326,1.1,1.1,2014-05-01,0513,Aqua,MODIS,70,6.2,304.5,10.1,D,0
-15.0294,130.5323,326,1.2,1.1,2014-05-01,0513,Aqua,MODIS,57,6.2,300.9,17.6,D,0
-15.3905,124.9116,327.1,1.2,1.1,2014-05-01,0513,Aqua,MODIS,44,6.2,291.3,20.6,D,0
-15.392,124.9003,337.7,1.2,1.1,2014-05-01,0513,Aqua,MODIS,88,6.2,298.1,42.1,D,0
-15.4088,130.1414,323.3,1.1,1.1,2014-05-01,0513,Aqua,MODIS,49,6.2,301.3,12.5,D,0
-15.5234,130.4644,363.2,1.2,1.1,2014-05-01,0513,Aqua,MODIS,100,6.2,305.2,97,D,0
-15.52,130.4692,364.7,1.2,1.1,2014-05-01,0513,Aqua,MODIS,100,6.2,306,106.3,D,0
-15.5216,130.4585,338.6,1.2,1.1,2014-05-01,0513,Aqua,MODIS,85,6.2,303.1,35.8,D,0
-15.1387,130.424,343.8,1.2,1.1,2014-05-01,0513,Aqua,MODIS,91,6.2,297.2,50.9,D,0
-15.6427,124.6884,322,1.3,1.1,2014-05-01,0513,Aqua,MODIS,38,6.2,302.6,14.6,D,0
-15.0747,125.6077,324.8,1.1,1.1,2014-05-01,0513,Aqua,MODIS,57,6.2,297,17.4,D,0
-15.8251,126.7736,327.3,1,1,2014-05-01,0513,Aqua,MODIS,76,6.2,302.7,15,D,0
-15.1567,130.2419,327.8,1.1,1.1,2014-05-01,0513,Aqua,MODIS,67,6.2,296.8,20.2,D,0
-13.9515,131.4052,331.7,1.4,1.2,2014-05-01,0513,Aqua,MODIS,83,6.2,301.9,32.6,D,0
-13.9535,131.3927,328.8,1.4,1.2,2014-05-01,0513,Aqua,MODIS,80,6.2,299.7,26.9,D,0
-16.2261,126.0551,326.7,1.1,1.1,2014-05-01,0513,Aqua,MODIS,27,6.2,294.9,18.8,D,0
-15.3742,130.215,322.6,1.1,1.1,2014-05-01,0513,Aqua,MODIS,63,6.2,301.4,11.3,D,0
-15.52,130.4858,361,1.2,1.1,2014-05-01,0513,Aqua,MODIS,100,6.2,305.7,86.4,D,0
-15.4673,126.5674,320.9,1.1,1,2014-05-01,0513,Aqua,MODIS,68,6.2,302.4,8.3,D,0
-14.363,125.6576,325,1.1,1.1,2014-05-01,0513,Aqua,MODIS,49,6.2,301.3,11.7,D,0
-15.0754,130.5133,371.6,1.2,1.1,2014-05-01,0513,Aqua,MODIS,100,6.2,302.8,140.6,D,0
-15.0737,130.5241,364.7,1.2,1.1,2014-05-01,0513,Aqua,MODIS,100,6.2,300.5,112,D,0
-15.7054,126.4441,333.2,1.1,1,2014-05-01,0513,Aqua,MODIS,84,6.2,302.5,25.4,D,0
-15.0817,130.5365,333.7,1.2,1.1,2014-05-01,0513,Aqua,MODIS,83,6.2,298.2,27.1,D,0
-14.3577,125.6253,324.6,1.1,1.1,2014-05-01,0513,Aqua,MODIS,32,6.2,301,10.3,D,0
-14.3591,125.6151,323.5,1.1,1.1,2014-05-01,0513,Aqua,MODIS,43,6.2,300.9,9.2,D,0
-15.7558,126.3963,317.2,1.1,1,2014-05-01,0513,Aqua,MODIS,37,6.2,296.9,6.7,D,0
-15.7544,126.4063,320.4,1.1,1,2014-05-01,0513,Aqua,MODIS,51,6.2,298.6,10.5,D,0
-14.3265,125.6418,326.7,1.1,1.1,2014-05-01,0513,Aqua,MODIS,53,6.2,302,13.2,D,0
-14.3279,125.6316,329.3,1.1,1.1,2014-05-01,0513,Aqua,MODIS,66,6.2,301.3,17.2,D,0
-15.2819,130.8218,321.6,1.2,1.1,2014-05-01,0513,Aqua,MODIS,29,6.2,294.7,15.2,D,0
-14.2967,125.6481,338.4,1.1,1.1,2014-05-01,0513,Aqua,MODIS,82,6.2,299.8,29.8,D,0
-14.1911,132.8479,318.3,1.7,1.3,2014-05-01,0513,Aqua,MODIS,48,6.2,297.7,15.1,D,0
-14.5815,125.7173,341.2,1.1,1.1,2014-05-01,0513,Aqua,MODIS,90,6.2,300.6,39.4,D,0
-16.0639,126.3687,324.8,1.1,1,2014-05-01,0513,Aqua,MODIS,68,6.2,295,15.4,D,0
-15.5217,130.4751,381,1.2,1.1,2014-05-01,0513,Aqua,MODIS,100,6.2,307.6,172.7,D,0
-14.2981,125.6378,376.2,1.1,1.1,2014-05-01,0513,Aqua,MODIS,100,6.2,303.5,145.3,D,0
-14.2872,125.6468,330.6,1.1,1.1,2014-05-01,0513,Aqua,MODIS,62,6.2,301.3,16.8,D,0
-14.2886,125.6365,332.1,1.1,1.1,2014-05-01,0513,Aqua,MODIS,69,6.2,302.5,18.3,D,0
-15.7182,131.0489,329.2,1.2,1.1,2014-05-01,0513,Aqua,MODIS,75,6.2,305.2,15.5,D,0
-14.9385,131.874,324.8,1.4,1.2,2014-05-01,0513,Aqua,MODIS,73,6.2,301.4,17.5,D,0
-15.1352,130.512,325.8,1.2,1.1,2014-05-01,0513,Aqua,MODIS,56,6.2,296.1,16.9,D,0
-15.1335,130.5229,326.3,1.2,1.1,2014-05-01,0513,Aqua,MODIS,63,6.2,298.8,17.8,D,0
-15.1415,130.5355,323.3,1.2,1.1,2014-05-01,0513,Aqua,MODIS,67,6.2,299.4,14.7,D,0
-14.9157,130.4194,325.5,1.2,1.1,2014-05-01,0513,Aqua,MODIS,58,6.2,299.9,17.5,D,0
-13.9958,131.848,317.6,1.5,1.2,2014-05-01,0513,Aqua,MODIS,11,6.2,296.5,11.8,D,0
-15.7914,130.1761,336.7,1.1,1.1,2014-05-01,0513,Aqua,MODIS,84,6.2,304.5,26.4,D,0
-14.9607,130.449,325.5,1.2,1.1,2014-05-01,0513,Aqua,MODIS,69,6.2,298.4,17.8,D,0
-14.9703,130.4506,320.4,1.2,1.1,2014-05-01,0513,Aqua,MODIS,56,6.2,299.9,11.4,D,0
-14.983,130.4471,336.7,1.2,1.1,2014-05-01,0513,Aqua,MODIS,86,6.2,300.6,32.5,D,0
-15.8746,126.4104,318.3,1.1,1,2014-05-01,0513,Aqua,MODIS,32,6.2,297.9,7.7,D,0
-15.1371,130.4348,323.7,1.2,1.1,2014-05-01,0513,Aqua,MODIS,66,6.2,296.2,13.9,D,0
-14.9813,130.4579,337,1.2,1.1,2014-05-01,0513,Aqua,MODIS,86,6.2,301.2,33,D,0
-14.1796,132.8457,332.4,1.7,1.3,2014-05-01,0513,Aqua,MODIS,84,6.2,296.6,49.8,D,0
-12.4974,130.633,317.2,1.3,1.1,2014-05-01,0513,Aqua,MODIS,67,6.2,293.2,12.8,D,0
-15.0834,130.5257,346.5,1.2,1.1,2014-05-01,0513,Aqua,MODIS,93,6.2,303.5,54,D,0
-15.7831,125.0203,314.9,1.2,1.1,2014-05-01,0513,Aqua,MODIS,13,6.2,293.1,7.4,D,0
-16.2844,126.1648,324.7,1.1,1,2014-05-01,0513,Aqua,MODIS,70,6.2,297,17.3,D,0
-16.2548,126.171,326.2,1.1,1,2014-05-01,0513,Aqua,MODIS,77,6.2,298.2,19.3,D,0
-16.2454,126.0961,318,1.1,1.1,2014-05-01,0513,Aqua,MODIS,34,6.2,297,11.3,D,0
-16.2468,126.0858,325.9,1.1,1.1,2014-05-01,0513,Aqua,MODIS,58,6.2,295,19.7,D,0
-15.0091,125.7366,318.6,1.1,1.1,2014-05-01,0513,Aqua,MODIS,42,6.2,299.3,8.3,D,0
-14.5404,125.6321,328.6,1.1,1.1,2014-05-01,0513,Aqua,MODIS,80,6.2,299.6,20.3,D,0
-14.8929,125.7392,339,1.1,1.1,2014-05-01,0513,Aqua,MODIS,89,6.2,303.7,37.5,D,0
-14.9024,125.7406,334.9,1.1,1.1,2014-05-01,0513,Aqua,MODIS,86,6.2,303.8,30.4,D,0
-14.901,125.751,323,1.1,1.1,2014-05-01,0513,Aqua,MODIS,63,6.2,303.1,13.7,D,0
-14.4915,125.6357,332.2,1.1,1.1,2014-05-01,0513,Aqua,MODIS,84,6.2,299.5,22.7,D,0
-14.4493,125.6228,317.4,1.1,1.1,2014-05-01,0513,Aqua,MODIS,46,6.2,296.5,5.6,D,0
-14.4507,125.6125,321.2,1.1,1.1,2014-05-01,0513,Aqua,MODIS,68,6.2,297.7,9.5,D,0
-14.8868,130.6049,347.7,1.2,1.1,2014-05-01,0513,Aqua,MODIS,81,6.2,299.6,59,D,0
-14.0855,133.2646,317.7,1.8,1.3,2014-05-01,0513,Aqua,MODIS,37,6.2,297,16.8,D,0
-14.1032,132.7454,332.1,1.7,1.3,2014-05-01,0513,Aqua,MODIS,83,6.2,297.6,45.8,D,0
-14.1147,132.7473,328.6,1.7,1.3,2014-05-01,0513,Aqua,MODIS,80,6.2,298.7,35.2,D,0
-13.6237,131.9419,327.7,1.5,1.2,2014-05-01,0513,Aqua,MODIS,77,6.2,295.9,30.7,D,0
-13.6216,131.9557,324,1.5,1.2,2014-05-01,0513,Aqua,MODIS,66,6.2,299.3,22.5,D,0
-14.9328,131.0246,324.5,1.3,1.1,2014-05-01,0513,Aqua,MODIS,65,6.2,289.7,19.5,D,0
-14.9346,131.0128,320.2,1.3,1.1,2014-05-01,0513,Aqua,MODIS,48,6.2,290.9,13,D,0
-14.9228,131.0229,326,1.3,1.1,2014-05-01,0513,Aqua,MODIS,29,6.2,289.1,20.9,D,0
-14.9246,131.0112,339.7,1.3,1.1,2014-05-01,0513,Aqua,MODIS,88,6.2,291.8,48,D,0
-14.1248,132.8296,321.8,1.7,1.3,2014-05-01,0513,Aqua,MODIS,72,6.2,298.4,20.6,D,0
-15.6401,131.2792,322.9,1.3,1.1,2014-05-01,0513,Aqua,MODIS,61,6.2,301.7,7.5,D,0
-14.1248,132.8201,321.5,1.7,1.3,2014-05-01,0513,Aqua,MODIS,36,6.2,298.4,17.4,D,0
-12.6357,133.0497,322.9,1.9,1.3,2014-05-01,0513,Aqua,MODIS,75,6.2,297.5,30.6,D,0
-14.0737,133.2625,321.7,1.8,1.3,2014-05-01,0513,Aqua,MODIS,72,6.2,296.5,26.7,D,0
-14.0649,133.2718,317.3,1.9,1.3,2014-05-01,0513,Aqua,MODIS,36,6.2,296.4,14.8,D,0
-13.9743,131.3961,325.6,1.4,1.2,2014-05-01,0513,Aqua,MODIS,71,6.2,300.6,21.3,D,0
-13.8752,132.1104,317.3,1.5,1.2,2014-05-01,0513,Aqua,MODIS,48,6.2,296.1,10,D,0
-13.8734,132.1033,326.7,1.5,1.2,2014-05-01,0513,Aqua,MODIS,78,6.2,297.3,28.1,D,0
-14.9574,131.0645,317.2,1.3,1.1,2014-05-01,0513,Aqua,MODIS,36,6.2,289.2,10,D,0
-14.9556,131.0762,320.1,1.3,1.1,2014-05-01,0513,Aqua,MODIS,58,6.2,290.4,14.3,D,0
-14.7969,131.5475,342.2,1.4,1.2,2014-05-01,0513,Aqua,MODIS,90,6.2,303,54.9,D,0
-14.7989,131.5349,355.4,1.4,1.2,2014-05-01,0513,Aqua,MODIS,97,6.2,299.6,97.3,D,0
-14.802,131.5428,327.5,1.4,1.2,2014-05-01,0513,Aqua,MODIS,70,6.2,300.3,20.7,D,0
-14.7917,131.541,355.4,1.4,1.2,2014-05-01,0513,Aqua,MODIS,97,6.2,302.7,98.4,D,0
-14.7936,131.5285,328.4,1.4,1.2,2014-05-01,0513,Aqua,MODIS,68,6.2,299.3,24.2,D,0
-14.765,131.5752,324.9,1.4,1.2,2014-05-01,0513,Aqua,MODIS,45,6.2,300.8,15,D,0
-14.7546,131.5734,368.2,1.4,1.2,2014-05-01,0513,Aqua,MODIS,100,6.2,303.1,154.2,D,0
-14.7566,131.5607,339.9,1.4,1.2,2014-05-01,0513,Aqua,MODIS,82,6.2,301.1,49.4,D,0
-14.7422,131.5843,357.2,1.4,1.2,2014-05-01,0513,Aqua,MODIS,98,6.2,299.8,103.7,D,0
-14.7442,131.5715,388.6,1.4,1.2,2014-05-01,0513,Aqua,MODIS,100,6.2,301.9,284.8,D,0
-14.7318,131.5825,336,1.4,1.2,2014-05-01,0513,Aqua,MODIS,78,6.2,297.5,40.9,D,0
-14.9029,131.5982,322.8,1.4,1.2,2014-05-01,0513,Aqua,MODIS,39,6.2,295.2,12,D,0
-14.932,131.6162,331.7,1.4,1.2,2014-05-01,0513,Aqua,MODIS,55,6.2,300.3,28.5,D,0
-14.5046,131.5371,326.2,1.4,1.2,2014-05-01,0513,Aqua,MODIS,57,6.2,302.3,21.5,D,0
-14.4942,131.5352,326.6,1.4,1.2,2014-05-01,0513,Aqua,MODIS,48,6.2,301.6,20.8,D,0
-14.4838,131.5334,334.9,1.4,1.2,2014-05-01,0513,Aqua,MODIS,85,6.2,302.4,39.6,D,0
-14.4734,131.5317,342,1.4,1.2,2014-05-01,0513,Aqua,MODIS,90,6.2,300.8,60.2,D,0
-14.4754,131.5191,321.8,1.4,1.2,2014-05-01,0513,Aqua,MODIS,70,6.2,300.6,17.6,D,0
-14.2516,132.9616,326.1,1.7,1.3,2014-05-01,0513,Aqua,MODIS,71,6.2,295.4,34,D,0
-14.2632,132.9637,332.8,1.7,1.3,2014-05-01,0513,Aqua,MODIS,84,6.2,295.3,52.7,D,0
-14.28,132.9339,321.4,1.7,1.3,2014-05-01,0513,Aqua,MODIS,58,6.2,294.3,23.5,D,0
-13.6133,131.4608,317,1.4,1.2,2014-05-01,0513,Aqua,MODIS,50,6.2,296.2,9.4,D,0
-15.536,132.0016,324.8,1.4,1.2,2014-05-01,0513,Aqua,MODIS,70,6.2,302.2,17.4,D,0
-14.8891,130.719,335.2,1.2,1.1,2014-05-01,0513,Aqua,MODIS,83,6.2,293.6,37.2,D,0
-14.4714,131.5442,327.5,1.4,1.2,2014-05-01,0513,Aqua,MODIS,74,6.2,297.7,25.2,D,0
-14.5357,131.523,335.6,1.4,1.2,2014-05-01,0513,Aqua,MODIS,85,6.2,298.6,43.5,D,0
-14.291,132.9264,322.2,1.7,1.3,2014-05-01,0513,Aqua,MODIS,56,6.2,295.2,22.5,D,0
-14.546,131.5248,345.8,1.4,1.2,2014-05-01,0513,Aqua,MODIS,92,6.2,300,70.1,D,0
-14.5585,131.5139,353.9,1.4,1.2,2014-05-01,0513,Aqua,MODIS,97,6.2,296.6,97,D,0
-14.5564,131.5266,328,1.4,1.2,2014-05-01,0513,Aqua,MODIS,21,6.2,299.1,25.7,D,0
-14.5688,131.5157,354.1,1.4,1.2,2014-05-01,0513,Aqua,MODIS,97,6.2,299,99.4,D,0
-14.5812,131.505,323.3,1.4,1.2,2014-05-01,0513,Aqua,MODIS,56,6.2,296.6,19.5,D,0
-14.5792,131.5175,327.3,1.4,1.2,2014-05-01,0513,Aqua,MODIS,73,6.2,297.8,26.5,D,0
-14.8961,130.6742,365,1.2,1.1,2014-05-01,0513,Aqua,MODIS,100,6.2,300.1,114.9,D,0
-14.8977,130.6633,363.7,1.2,1.1,2014-05-01,0513,Aqua,MODIS,100,6.2,303.4,108.1,D,0
-14.8822,131.5945,341.5,1.4,1.2,2014-05-01,0513,Aqua,MODIS,89,6.2,301.7,52.5,D,0
-14.8842,131.601,327.8,1.4,1.2,2014-05-01,0513,Aqua,MODIS,77,6.2,301.6,23.2,D,0
-14.8862,131.5884,325,1.4,1.2,2014-05-01,0513,Aqua,MODIS,66,6.2,301.8,17.7,D,0
-14.8738,131.5993,328.9,1.4,1.2,2014-05-01,0513,Aqua,MODIS,78,6.2,300.8,24.8,D,0
-14.3665,132.973,320.4,1.7,1.3,2014-05-01,0513,Aqua,MODIS,39,6.2,296.6,15.6,D,0
-14.0707,133.2796,318.8,1.9,1.3,2014-05-01,0513,Aqua,MODIS,66,6.2,296.5,19.3,D,0
-14.8758,131.5866,336.9,1.4,1.2,2014-05-01,0513,Aqua,MODIS,86,6.2,301.2,42.1,D,0
-14.8654,131.5849,338.8,1.4,1.2,2014-05-01,0513,Aqua,MODIS,87,6.2,298.3,46.6,D,0
-14.8551,131.5832,325.1,1.4,1.2,2014-05-01,0513,Aqua,MODIS,59,6.2,297.5,17.3,D,0
-14.8571,131.5706,325,1.4,1.2,2014-05-01,0513,Aqua,MODIS,57,6.2,298.3,16.3,D,0
-14.7152,131.6188,340.3,1.4,1.2,2014-05-01,0513,Aqua,MODIS,88,6.2,300.7,50.3,D,0
-14.7173,131.606,331.5,1.4,1.2,2014-05-01,0513,Aqua,MODIS,29,6.2,301,30.6,D,0
-13.8776,132.0964,324.4,1.5,1.2,2014-05-01,0513,Aqua,MODIS,75,6.2,300,23,D,0
-14.7048,131.6169,353.6,1.4,1.2,2014-05-01,0513,Aqua,MODIS,96,6.2,298.4,94.5,D,0
-14.7069,131.6042,337.3,1.4,1.2,2014-05-01,0513,Aqua,MODIS,84,6.2,298.7,45.3,D,0
-14.6655,131.6164,342.7,1.4,1.2,2014-05-01,0513,Aqua,MODIS,89,6.2,301.3,58,D,0
-14.6383,131.5854,337.5,1.4,1.2,2014-05-01,0513,Aqua,MODIS,76,6.2,298.3,45,D,0
-14.8467,131.5688,321.2,1.4,1.2,2014-05-01,0513,Aqua,MODIS,32,6.2,299,10.6,D,0
-14.2605,132.9796,334.8,1.7,1.3,2014-05-01,0513,Aqua,MODIS,85,6.2,295,60.3,D,0
-14.2463,132.9936,320.8,1.8,1.3,2014-05-01,0513,Aqua,MODIS,70,6.2,294.3,23.3,D,0
-14.2489,132.9775,348.7,1.7,1.3,2014-05-01,0513,Aqua,MODIS,94,6.2,296.6,117,D,0
-32.2478,118.3266,308.2,3.6,1.8,2014-05-01,0646,Aqua,MODIS,67,6.2,291.4,44,D,0
-32.3858,116.7614,306.2,2.8,1.6,2014-05-01,0646,Aqua,MODIS,63,6.2,294.1,20.7,D,0
-32.5161,116.8779,311.6,2.8,1.6,2014-05-01,0646,Aqua,MODIS,72,6.2,292.5,38.5,D,0
-32.4179,117.2415,318.3,3,1.7,2014-05-01,0646,Aqua,MODIS,78,6.2,294.7,66.2,D,0
-32.2563,116.7093,307.9,2.8,1.6,2014-05-01,0646,Aqua,MODIS,65,6.2,293.2,25.2,D,0
-32.809,117.499,309.8,3.1,1.7,2014-05-01,0646,Aqua,MODIS,50,6.2,286.9,41.1,D,0
-32.3362,117.5263,305.8,3.2,1.7,2014-05-01,0646,Aqua,MODIS,62,6.2,293.2,20.9,D,0
-32.2563,116.7138,307,2.8,1.6,2014-05-01,0646,Aqua,MODIS,64,6.2,293.3,22.4,D,0
-32.6736,117.6898,323.2,3.2,1.7,2014-05-01,0646,Aqua,MODIS,82,6.2,292.3,97.1,D,0
-32.733,117.4976,304.6,3.1,1.7,2014-05-01,0646,Aqua,MODIS,29,6.2,287.8,23.4,D,0
-32.2539,118.3338,305.8,3.6,1.8,2014-05-01,0646,Aqua,MODIS,62,6.2,291.8,33.8,D,0
-32.5147,116.8699,312,2.8,1.6,2014-05-01,0646,Aqua,MODIS,72,6.2,292.1,38.2,D,0
-32.1528,116.9002,314.5,2.9,1.6,2014-05-01,0646,Aqua,MODIS,74,6.2,294.8,46.7,D,0
-32.3237,117.1035,308.6,3,1.6,2014-05-01,0646,Aqua,MODIS,67,6.2,294,26.2,D,0
-32.4189,117.234,322.4,3,1.7,2014-05-01,0646,Aqua,MODIS,82,6.2,294.8,85.7,D,0
-32.4252,117.2101,309.5,3,1.6,2014-05-01,0646,Aqua,MODIS,69,6.2,294,30.6,D,0
-32.3258,117.0992,308.8,3,1.6,2014-05-01,0646,Aqua,MODIS,67,6.2,294.1,28.5,D,0
-33.9115,116.0098,322,2.3,1.5,2014-05-01,0646,Aqua,MODIS,71,6.2,290.9,68.1,D,0
-32.9237,117.7564,303,3.2,1.7,2014-05-01,0646,Aqua,MODIS,28,6.2,289.1,20.3,D,0
-32.9177,117.9026,308.2,3.2,1.7,2014-05-01,0646,Aqua,MODIS,64,6.2,291.4,38.3,D,0
-32.9152,117.9342,329.5,3.2,1.7,2014-05-01,0646,Aqua,MODIS,86,6.2,292.9,148.4,D,0
-32.9098,117.9365,327.5,3.2,1.7,2014-05-01,0646,Aqua,MODIS,85,6.2,291.9,135.2,D,0
-32.9193,117.7595,302.6,3.2,1.7,2014-05-01,0646,Aqua,MODIS,40,6.2,287.1,18,D,0
-33.2971,116.5951,307.3,2.6,1.6,2014-05-01,0646,Aqua,MODIS,57,6.2,288.7,28.6,D,0
-33.5419,116.598,317.9,2.6,1.5,2014-05-01,0646,Aqua,MODIS,54,6.2,285.1,57.3,D,0
-33.2926,116.586,304.9,2.6,1.6,2014-05-01,0646,Aqua,MODIS,36,6.2,288.5,23,D,0
-33.739,115.4888,301.8,2.2,1.4,2014-05-01,0646,Aqua,MODIS,36,6.2,284.1,18.5,D,0
-33.9058,116.0125,325.8,2.3,1.5,2014-05-01,0646,Aqua,MODIS,69,6.2,289.8,84.2,D,0
-31.8369,116.4205,304.2,2.8,1.6,2014-05-01,0647,Aqua,MODIS,52,6.2,292.2,19.7,D,0
-30.7353,116.4182,311.5,2.9,1.6,2014-05-01,0647,Aqua,MODIS,69,6.2,293.9,36,D,0
-29.7725,115.775,315.6,2.8,1.6,2014-05-01,0647,Aqua,MODIS,42,6.2,275.7,65.8,D,0
-31.3378,116.7842,306.8,3,1.6,2014-05-01,0647,Aqua,MODIS,58,6.2,293.8,20.2,D,0
-30.3882,116.1609,304.7,2.9,1.6,2014-05-01,0647,Aqua,MODIS,47,6.2,286.4,20.4,D,0
-30.7422,116.3954,325,2.9,1.6,2014-05-01,0647,Aqua,MODIS,83,6.2,294.2,94.4,D,0
-30.2454,115.5314,316.1,2.6,1.6,2014-05-01,0647,Aqua,MODIS,76,6.2,283.5,56.3,D,0
-30.3846,116.3267,309.1,3,1.6,2014-05-01,0647,Aqua,MODIS,47,6.2,287.2,38.9,D,0
-30.2592,115.5357,307.3,2.6,1.6,2014-05-01,0647,Aqua,MODIS,34,6.2,281,27.5,D,0
-31.1744,116.1086,308.5,2.7,1.6,2014-05-01,0647,Aqua,MODIS,65,6.2,293.9,25.3,D,0
-30.7091,116.1881,308.1,2.8,1.6,2014-05-01,0647,Aqua,MODIS,62,6.2,294.5,24.4,D,0
-31.271,116.5229,322.6,2.9,1.6,2014-05-01,0647,Aqua,MODIS,81,6.2,293.8,83.6,D,0
-31.1771,116.1172,308.7,2.7,1.6,2014-05-01,0647,Aqua,MODIS,65,6.2,293.9,26.3,D,0
-32.0584,116.831,318,2.9,1.6,2014-05-01,0647,Aqua,MODIS,78,6.2,292.8,62,D,0
-30.7375,115.9233,309.3,2.7,1.6,2014-05-01,0647,Aqua,MODIS,51,6.2,292.8,22.5,D,0
-30.7235,115.9192,310.6,2.7,1.6,2014-05-01,0647,Aqua,MODIS,41,6.2,293,26.4,D,0
-30.7222,115.9135,309.1,2.7,1.6,2014-05-01,0647,Aqua,MODIS,53,6.2,293,23.2,D,0
-30.674,115.9291,313.7,2.7,1.6,2014-05-01,0647,Aqua,MODIS,38,6.2,294.2,43.6,D,0
-31.1739,116.6174,325.4,3,1.6,2014-05-01,0647,Aqua,MODIS,83,6.2,292.5,94.2,D,0
-31.1721,116.6216,319.5,3,1.6,2014-05-01,0647,Aqua,MODIS,78,6.2,292.1,68.3,D,0
-31.6397,117.7687,305.6,3.4,1.7,2014-05-01,0647,Aqua,MODIS,56,6.2,289.2,26.4,D,0
-32.0653,116.8004,305.5,2.9,1.6,2014-05-01,0647,Aqua,MODIS,56,6.2,291.4,18.7,D,0
-30.6125,116.055,301.1,2.8,1.6,2014-05-01,0647,Aqua,MODIS,18,6.2,285.1,11,D,0
-30.6774,116.0511,310.1,2.8,1.6,2014-05-01,0647,Aqua,MODIS,66,6.2,290.2,34.1,D,0
-30.9855,116.1917,325.6,2.8,1.6,2014-05-01,0647,Aqua,MODIS,82,6.2,292,92.9,D,0
-31.2645,116.5528,307.4,2.9,1.6,2014-05-01,0647,Aqua,MODIS,62,6.2,293.2,23.3,D,0
-30.8231,116.1684,310.6,2.8,1.6,2014-05-01,0647,Aqua,MODIS,65,6.2,290,35,D,0
-31.2596,116.7222,305.6,3,1.6,2014-05-01,0647,Aqua,MODIS,58,6.2,293.6,18,D,0
-30.5983,116.0507,301.3,2.8,1.6,2014-05-01,0647,Aqua,MODIS,33,6.2,283.7,12.2,D,0
-31.2213,116.5396,307.5,2.9,1.6,2014-05-01,0647,Aqua,MODIS,63,6.2,293.5,22.4,D,0
-30.248,115.537,317.5,2.6,1.6,2014-05-01,0647,Aqua,MODIS,78,6.2,283.1,58.9,D,0
-30.6278,116.3481,314.1,2.9,1.6,2014-05-01,0647,Aqua,MODIS,73,6.2,294.4,45.2,D,0
-30.9732,116.1957,328.5,2.8,1.6,2014-05-01,0647,Aqua,MODIS,85,6.2,291.9,111.2,D,0
-31.2179,116.9778,317.8,3.1,1.7,2014-05-01,0647,Aqua,MODIS,77,6.2,293.9,66.7,D,0
-31.2759,116.8596,305.6,3,1.7,2014-05-01,0647,Aqua,MODIS,58,6.2,293.5,19.3,D,0
-31.4065,116.545,326.7,2.9,1.6,2014-05-01,0647,Aqua,MODIS,84,6.2,294,100,D,0
-30.6264,116.353,313.3,2.9,1.6,2014-05-01,0647,Aqua,MODIS,71,6.2,294.6,40.6,D,0
-31.3856,116.5702,319.1,2.9,1.6,2014-05-01,0647,Aqua,MODIS,78,6.2,293.5,65.3,D,0
-30.9874,116.1999,322.7,2.8,1.6,2014-05-01,0647,Aqua,MODIS,81,6.2,291,85.8,D,0
-31.2729,116.8632,309.1,3,1.7,2014-05-01,0647,Aqua,MODIS,66,6.2,293.7,30.6,D,0
-30.378,116.3494,308.5,3,1.6,2014-05-01,0647,Aqua,MODIS,55,6.2,287.5,35.4,D,0
-31.5939,117.0242,303.6,3.1,1.7,2014-05-01,0647,Aqua,MODIS,27,6.2,289.7,15.9,D,0
-32.0595,116.8267,320.7,2.9,1.6,2014-05-01,0647,Aqua,MODIS,80,6.2,293,70.6,D,0
-31.1866,116.6262,309.7,3,1.6,2014-05-01,0647,Aqua,MODIS,15,6.2,293,26.7,D,0
-30.7313,115.9514,309.5,2.7,1.6,2014-05-01,0647,Aqua,MODIS,34,6.2,294.4,24.3,D,0
-30.7302,115.9458,310.6,2.7,1.6,2014-05-01,0647,Aqua,MODIS,59,6.2,294.3,29,D,0
-29.7743,115.7835,326.3,2.8,1.6,2014-05-01,0647,Aqua,MODIS,60,6.2,275.5,113.7,D,0
-30.6651,115.9491,313.7,2.8,1.6,2014-05-01,0647,Aqua,MODIS,54,6.2,292.2,43.5,D,0
-36.9441,149.3806,319,1,1,2014-05-01,1253,Terra,MODIS,98,6.2,277.5,22,N,0
-36.9456,149.3691,303.6,1,1,2014-05-01,1253,Terra,MODIS,56,6.2,275.8,10.4,N,0
-28.5571,149.4483,304.2,1,1,2014-05-01,1255,Terra,MODIS,40,6.2,271.6,9.8,N,0
-28.548,149.4465,319.6,1,1,2014-05-01,1255,Terra,MODIS,99,6.2,273.1,21.8,N,0
-29.3267,149.1165,312.8,1,1,2014-05-01,1255,Terra,MODIS,86,6.2,278.9,16.1,N,0
-29.3338,149.1236,312.5,1,1,2014-05-01,1255,Terra,MODIS,85,6.2,276.8,15.5,N,0
-28.2276,149.6862,302.4,1.1,1,2014-05-01,1255,Terra,MODIS,49,6.2,281.7,8.6,N,0
-26.4148,148.3296,307,1,1,2014-05-01,1256,Terra,MODIS,70,6.2,287.4,8.4,N,0
-26.4163,148.3195,330.4,1,1,2014-05-01,1256,Terra,MODIS,100,6.2,288.8,30.9,N,0
-26.4074,148.3219,304.2,1,1,2014-05-01,1256,Terra,MODIS,59,6.2,287.9,7.5,N,0
-12.5151,141.931,309.6,1.2,1.1,2014-05-01,1300,Terra,MODIS,78,6.2,293.7,9.6,N,0
-12.5127,141.925,317,1.2,1.1,2014-05-01,1300,Terra,MODIS,94,6.2,293.8,16.4,N,0
-12.5113,141.9356,307.4,1.2,1.1,2014-05-01,1300,Terra,MODIS,71,6.2,293.5,7.2,N,0
-23.0924,122.7615,310.6,1,1,2014-05-01,1435,Terra,MODIS,47,6.2,279.9,11.4,N,0
-23.0834,122.7599,305.3,1,1,2014-05-01,1435,Terra,MODIS,64,6.2,275.3,8.5,N,0
-23.0848,122.75,306.2,1,1,2014-05-01,1435,Terra,MODIS,67,6.2,279,9.4,N,0
-22.0646,123.2948,302.3,1.1,1,2014-05-01,1436,Terra,MODIS,24,6.2,288.3,4.5,N,0
-22.0065,123.2578,321.6,1,1,2014-05-01,1436,Terra,MODIS,100,6.2,289.9,20.7,N,0
-22.0217,123.2664,347.9,1,1,2014-05-01,1436,Terra,MODIS,100,6.2,290.6,60.3,N,0
-22.0125,123.2647,317.4,1,1,2014-05-01,1436,Terra,MODIS,95,6.2,289.6,14.8,N,0
-22.0477,123.2814,333.3,1,1,2014-05-01,1436,Terra,MODIS,100,6.2,289.6,34.2,N,0
-22.0294,123.2781,325.1,1,1,2014-05-01,1436,Terra,MODIS,85,6.2,289.2,22.4,N,0
-22.0309,123.268,358,1,1,2014-05-01,1436,Terra,MODIS,100,6.2,291.8,84.7,N,0
-22.0141,123.2546,309.4,1,1,2014-05-01,1436,Terra,MODIS,37,6.2,288.8,8,N,0
-22.0569,123.283,318.3,1,1,2014-05-01,1436,Terra,MODIS,97,6.2,289,16,N,0
-19.5634,124.306,309.1,1.2,1.1,2014-05-01,1436,Terra,MODIS,76,6.2,292.5,9.4,N,0
-19.5653,124.2943,308,1.2,1.1,2014-05-01,1436,Terra,MODIS,73,6.2,292.3,8.6,N,0
-19.5671,124.2826,303.5,1.2,1.1,2014-05-01,1436,Terra,MODIS,34,6.2,291.4,4.7,N,0
-20.5325,122.9512,308,1.1,1,2014-05-01,1436,Terra,MODIS,73,6.2,293.1,6.5,N,0
-20.5294,122.9713,306.6,1.1,1,2014-05-01,1436,Terra,MODIS,18,6.2,292.8,5.3,N,0
-20.4896,122.9375,309.6,1.1,1,2014-05-01,1436,Terra,MODIS,78,6.2,292.6,8.1,N,0
-20.5341,123.0032,304.8,1.1,1,2014-05-01,1436,Terra,MODIS,62,6.2,292.9,4.9,N,0
-20.4881,122.9475,304.9,1.1,1,2014-05-01,1436,Terra,MODIS,53,6.2,292.6,4.6,N,0
-20.5018,122.9665,308.6,1.1,1,2014-05-01,1436,Terra,MODIS,43,6.2,293,6.8,N,0
-20.5325,123.0132,305.8,1.1,1,2014-05-01,1436,Terra,MODIS,66,6.2,292.9,5.3,N,0
-20.4957,122.9448,314.9,1.1,1,2014-05-01,1436,Terra,MODIS,59,6.2,293,11.5,N,0
-20.5371,122.983,317.1,1.1,1,2014-05-01,1436,Terra,MODIS,94,6.2,293.3,13.8,N,0
-21.0264,123.3358,305.7,1.1,1,2014-05-01,1436,Terra,MODIS,65,6.2,293.1,5.5,N,0
-20.5356,122.9931,309.5,1.1,1,2014-05-01,1436,Terra,MODIS,68,6.2,293,7.5,N,0
-20.2382,123.7285,304.7,1.1,1.1,2014-05-01,1436,Terra,MODIS,61,6.2,292.6,5.3,N,0
-15.716,126.6302,325.6,2.1,1.4,2014-05-01,1437,Terra,MODIS,100,6.2,285.4,67,N,0
-15.7035,126.6281,311.1,2.1,1.4,2014-05-01,1437,Terra,MODIS,82,6.2,285,29.1,N,0
-15.7192,126.6115,300.9,2,1.4,2014-05-01,1437,Terra,MODIS,12,6.2,283.4,11,N,0
-14.3088,125.6228,308.5,1.8,1.3,2014-05-01,1438,Terra,MODIS,34,6.2,291.9,18.2,N,0
-14.5087,125.713,309.7,1.8,1.3,2014-05-01,1438,Terra,MODIS,47,6.2,287.6,15.2,N,0
-14.5128,125.7246,308.1,1.9,1.3,2014-05-01,1438,Terra,MODIS,9,6.2,288.8,12.5,N,0
-12.507,141.9322,315.7,1,1,2014-05-01,1603,Aqua,MODIS,92,6.2,294.2,13.3,N,0
-21.9921,123.2351,326.6,3.1,1.7,2014-05-01,1744,Aqua,MODIS,100,6.2,285.5,132.2,N,0
-21.9948,123.2649,306.6,3.1,1.7,2014-05-01,1744,Aqua,MODIS,69,6.2,276.6,42.3,N,0
-22.0401,123.2605,303.1,3.1,1.7,2014-05-01,1744,Aqua,MODIS,46,6.2,286.1,29.2,N,0
-22.0071,123.2337,312.7,3.1,1.7,2014-05-01,1744,Aqua,MODIS,27,6.2,285.8,59.6,N,0
-22.0099,123.2636,330.2,3.1,1.7,2014-05-01,1744,Aqua,MODIS,100,6.2,285.4,150.7,N,0
-22.025,123.2621,319.3,3.1,1.7,2014-05-01,1744,Aqua,MODIS,96,6.2,286.2,88.8,N,0
-22.0428,123.2903,310.9,3.1,1.7,2014-05-01,1744,Aqua,MODIS,81,6.2,285.8,55.7,N,0
-22.0402,123.2835,314.1,3.1,1.7,2014-05-01,1744,Aqua,MODIS,89,6.2,286.2,66.9,N,0
-21.993,123.2402,332.6,3.1,1.7,2014-05-01,1744,Aqua,MODIS,100,6.2,284.6,170.2,N,0
-23.0601,122.7576,304.7,2.9,1.6,2014-05-01,1745,Aqua,MODIS,61,6.2,286.6,33.5,N,0
-30.4074,151.2814,302.3,1.2,1.1,2014-05-01,2354,Terra,MODIS,39,6.2,276.5,8.3,D,0
-31.7062,151.3261,302.1,1.1,1.1,2014-05-01,2354,Terra,MODIS,48,6.2,289.7,6.3,D,0
-31.2398,149.4702,303,1.4,1.2,2014-05-01,2354,Terra,MODIS,55,6.2,290.8,6.9,D,0
-31.2424,149.4849,303.5,1.4,1.2,2014-05-01,2354,Terra,MODIS,56,6.2,290.5,7.1,D,0
-33.3237,145.553,341.7,2.2,1.4,2014-05-01,2355,Terra,MODIS,92,6.2,291,142.7,D,0
-34.4594,150.879,312.9,1.1,1,2014-05-01,2355,Terra,MODIS,55,6.2,295.3,10.5,D,0
-33.3261,145.5583,345.1,2.2,1.4,2014-05-01,2355,Terra,MODIS,94,6.2,291.1,160.2,D,0
-33.3213,145.5351,302.7,2.2,1.4,2014-05-01,2355,Terra,MODIS,22,6.2,288.5,10.7,D,0
-33.3287,145.576,312.4,2.2,1.4,2014-05-01,2355,Terra,MODIS,72,6.2,290.1,33.2,D,0
-32.5351,151.3683,302.6,1.1,1,2014-05-01,2355,Terra,MODIS,53,6.2,290.3,4.9,D,0
-36.9426,149.3699,311.9,1.1,1.1,2014-05-01,2356,Terra,MODIS,51,6.2,276.2,17.8,D,0
-36.9448,149.3827,327.4,1.1,1.1,2014-05-01,2356,Terra,MODIS,80,6.2,275.2,35.8,D,0
-14.4762,131.5645,341.7,1.1,1,2014-05-02,0128,Terra,MODIS,90,6.2,303.3,38.3,D,0
-14.4777,131.5742,343.4,1.1,1,2014-05-02,0128,Terra,MODIS,91,6.2,302.4,41.5,D,0
-13.9694,132.2208,322.8,1,1,2014-05-02,0128,Terra,MODIS,56,6.2,301.7,9,D,0
-14.2098,131.0418,317.2,1.1,1.1,2014-05-02,0128,Terra,MODIS,56,6.2,301.8,6.5,D,0
-14.4793,131.5236,322.3,1.1,1,2014-05-02,0128,Terra,MODIS,69,6.2,302.5,10.5,D,0
-13.9709,132.2303,321.7,1,1,2014-05-02,0128,Terra,MODIS,55,6.2,302.8,8.5,D,0
-14.6786,131.6198,322.7,1.1,1,2014-05-02,0129,Terra,MODIS,53,6.2,303.4,8.4,D,0
-18.0637,133.2621,319.6,1,1,2014-05-02,0129,Terra,MODIS,69,6.2,291.1,11.2,D,0
-14.7954,131.5344,320.1,1.1,1,2014-05-02,0129,Terra,MODIS,47,6.2,302.6,6.5,D,0
-14.6374,131.5824,328.6,1.1,1,2014-05-02,0129,Terra,MODIS,53,6.2,303.7,16.5,D,0
-14.9042,130.707,326.6,1.1,1.1,2014-05-02,0129,Terra,MODIS,75,6.2,300.7,16.4,D,0
-16.3016,132.0477,321.8,1,1,2014-05-02,0129,Terra,MODIS,66,6.2,303.1,9.5,D,0
-14.9025,130.6964,319.7,1.1,1.1,2014-05-02,0129,Terra,MODIS,22,6.2,301.5,7.4,D,0
-14.8947,130.7086,348.4,1.1,1.1,2014-05-02,0129,Terra,MODIS,94,6.2,304,58.6,D,0
-18.0623,133.2525,312.9,1,1,2014-05-02,0129,Terra,MODIS,48,6.2,291.4,5.1,D,0
-14.6433,131.5754,318.3,1.1,1,2014-05-02,0129,Terra,MODIS,53,6.2,301.6,6.7,D,0
-14.6449,131.5852,324,1.1,1,2014-05-02,0129,Terra,MODIS,72,6.2,302.9,12.6,D,0
-15.0243,131.7642,318.7,1,1,2014-05-02,0129,Terra,MODIS,44,6.2,301.6,5.3,D,0
-14.6738,131.7102,327.3,1.1,1,2014-05-02,0129,Terra,MODIS,77,6.2,304.3,15.4,D,0
-14.6753,131.7199,318.8,1.1,1,2014-05-02,0129,Terra,MODIS,51,6.2,302.8,6,D,0
-15.1491,131.6824,318.9,1,1,2014-05-02,0129,Terra,MODIS,57,6.2,302,6.9,D,0
-14.6159,131.5658,331.9,1.1,1,2014-05-02,0129,Terra,MODIS,82,6.2,302.8,23.6,D,0
-14.6174,131.5756,325.4,1.1,1,2014-05-02,0129,Terra,MODIS,68,6.2,304.2,14.4,D,0
-16.3978,132.0746,323.9,1,1,2014-05-02,0129,Terra,MODIS,33,6.2,305.2,8.3,D,0
-15.1459,127.504,319.6,1.8,1.3,2014-05-02,0129,Terra,MODIS,50,6.2,292.9,18.4,D,0
-15.0783,130.9182,321.6,1.1,1.1,2014-05-02,0129,Terra,MODIS,62,6.2,302,9.8,D,0
-15.1146,130.4779,327.3,1.2,1.1,2014-05-02,0129,Terra,MODIS,76,6.2,303.6,17.5,D,0
-15.447,130.5789,334.8,1.1,1.1,2014-05-02,0129,Terra,MODIS,84,6.2,305.2,27.2,D,0
-15.143,127.4873,318.5,1.8,1.3,2014-05-02,0129,Terra,MODIS,32,6.2,293.6,16.6,D,0
-15.7528,126.5262,328.5,2.1,1.4,2014-05-02,0129,Terra,MODIS,80,6.2,292.9,55.6,D,0
-15.7528,126.5191,319.2,2.1,1.4,2014-05-02,0129,Terra,MODIS,67,6.2,292.6,28,D,0
-15.2611,130.9702,323.8,1.1,1,2014-05-02,0129,Terra,MODIS,69,6.2,303.1,11.3,D,0
-15.1128,130.4671,330.2,1.2,1.1,2014-05-02,0129,Terra,MODIS,80,6.2,302.3,22.4,D,0
-15.1127,130.4848,319.1,1.2,1.1,2014-05-02,0129,Terra,MODIS,48,6.2,302.1,7.6,D,0
-15.111,130.4739,337.1,1.2,1.1,2014-05-02,0129,Terra,MODIS,86,6.2,303.2,36,D,0
-15.1093,130.4631,318.9,1.2,1.1,2014-05-02,0129,Terra,MODIS,54,6.2,301.6,7.8,D,0
-15.2453,130.9308,323.7,1.1,1.1,2014-05-02,0129,Terra,MODIS,53,6.2,304.2,9.6,D,0
-15.6455,126.363,318.7,2.2,1.4,2014-05-02,0129,Terra,MODIS,66,6.2,291.6,27.2,D,0
-15.642,126.3431,338.4,2.2,1.4,2014-05-02,0129,Terra,MODIS,88,6.2,292.4,103.3,D,0
-16.5472,130.3529,319.1,1.1,1.1,2014-05-02,0129,Terra,MODIS,45,6.2,300.6,7.6,D,0
-16.2879,126.7184,315.9,2,1.4,2014-05-02,0129,Terra,MODIS,54,6.2,295.7,15.7,D,0
-15.7563,126.5388,317.5,2.1,1.4,2014-05-02,0129,Terra,MODIS,63,6.2,292.7,23.3,D,0
-15.716,126.6121,319.1,2.1,1.4,2014-05-02,0129,Terra,MODIS,66,6.2,290.6,25.5,D,0
-16.3432,126.7454,328,2,1.4,2014-05-02,0129,Terra,MODIS,79,6.2,297.4,42.1,D,0
-16.3456,126.7379,322.1,2,1.4,2014-05-02,0129,Terra,MODIS,71,6.2,297.6,25.3,D,0
-15.7034,126.6143,317.8,2.1,1.4,2014-05-02,0129,Terra,MODIS,50,6.2,291.5,21.4,D,0
-15.7194,126.6313,316.9,2.1,1.4,2014-05-02,0129,Terra,MODIS,58,6.2,291,20.1,D,0
-19.5647,124.3041,325.4,2.6,1.5,2014-05-02,0130,Terra,MODIS,80,6.2,295.9,58.1,D,0
-19.5694,124.296,325.1,2.6,1.5,2014-05-02,0130,Terra,MODIS,79,6.2,295.1,58,D,0
-19.5742,124.3201,318.5,2.5,1.5,2014-05-02,0130,Terra,MODIS,59,6.2,295.1,31,D,0
-23.0954,122.7383,335.4,2.8,1.6,2014-05-02,0131,Terra,MODIS,88,6.2,292.4,139.4,D,0
-23.0994,122.9035,311.1,2.7,1.6,2014-05-02,0131,Terra,MODIS,61,6.2,291.6,25.9,D,0
-23.1008,122.7651,322.1,2.8,1.6,2014-05-02,0131,Terra,MODIS,78,6.2,292,63.2,D,0
-23.0964,122.9102,335.9,2.7,1.6,2014-05-02,0131,Terra,MODIS,88,6.2,292.8,136.9,D,0
-23.1048,122.9296,307.8,2.7,1.6,2014-05-02,0131,Terra,MODIS,43,6.2,290.7,16.8,D,0
-20.5416,122.9895,325.9,3,1.7,2014-05-02,0131,Terra,MODIS,79,6.2,295.5,86,D,0
-20.5403,122.984,330.2,3,1.7,2014-05-02,0131,Terra,MODIS,83,6.2,296,111.2,D,0
-20.5359,122.9605,336.8,3.1,1.7,2014-05-02,0131,Terra,MODIS,88,6.2,295.3,159.1,D,0
-20.5345,122.955,334.1,3.1,1.7,2014-05-02,0131,Terra,MODIS,86,6.2,295.2,138.7,D,0
-20.5211,122.9638,333.9,3.1,1.7,2014-05-02,0131,Terra,MODIS,86,6.2,297.6,137.7,D,0
-22.0286,123.1739,327.1,2.7,1.6,2014-05-02,0131,Terra,MODIS,82,6.2,286.3,87.3,D,0
-22.0259,123.1807,353.4,2.7,1.6,2014-05-02,0131,Terra,MODIS,97,6.2,288.2,278.9,D,0
-23.0812,122.742,316.5,2.8,1.6,2014-05-02,0131,Terra,MODIS,31,6.2,292,41.9,D,0
-22.0199,123.2033,345.1,2.7,1.6,2014-05-02,0131,Terra,MODIS,93,6.2,289.8,197.4,D,0
-22.0145,123.1771,361.2,2.7,1.6,2014-05-02,0131,Terra,MODIS,100,6.2,289.2,362.8,D,0
-22.0413,123.2592,313.2,2.7,1.6,2014-05-02,0131,Terra,MODIS,29,6.2,288.3,24.6,D,0
-23.0771,122.8874,314.4,2.7,1.6,2014-05-02,0131,Terra,MODIS,67,6.2,291.7,35.2,D,0
-23.0823,122.9136,322.9,2.7,1.6,2014-05-02,0131,Terra,MODIS,79,6.2,292.9,69.6,D,0
-23.08,122.8807,310.9,2.7,1.6,2014-05-02,0131,Terra,MODIS,39,6.2,291.9,24.3,D,0
-23.0854,122.9068,343.2,2.7,1.6,2014-05-02,0131,Terra,MODIS,92,6.2,293.9,192.6,D,0
-22.0117,123.1839,365.8,2.7,1.6,2014-05-02,0131,Terra,MODIS,100,6.2,289.4,421.3,D,0
-22.0169,123.2103,326.4,2.7,1.6,2014-05-02,0131,Terra,MODIS,81,6.2,288.3,76.5,D,0
-22.0339,123.2001,333.6,2.7,1.6,2014-05-02,0131,Terra,MODIS,87,6.2,286.8,119.7,D,0
-22.031,123.2069,337.2,2.7,1.6,2014-05-02,0131,Terra,MODIS,89,6.2,288.6,140.8,D,0
-36.1399,150.0009,338.9,1.2,1.1,2014-05-02,0411,Aqua,MODIS,89,6.2,291.5,50.9,D,0
-36.1495,150.0033,314.9,1.2,1.1,2014-05-02,0411,Aqua,MODIS,62,6.2,288.6,16.7,D,0
-34.4589,150.8519,318.2,1.3,1.1,2014-05-02,0412,Aqua,MODIS,78,6.2,293.1,22.1,D,0
-34.4563,150.8665,319.6,1.3,1.1,2014-05-02,0412,Aqua,MODIS,75,6.2,293.3,23.7,D,0
-32.0285,149.8604,309.6,1.3,1.1,2014-05-02,0412,Aqua,MODIS,61,6.2,292.1,12.5,D,0
-34.4547,150.8577,330.2,1.3,1.1,2014-05-02,0412,Aqua,MODIS,84,6.2,292.7,38.9,D,0
-31.9164,150.7681,328.6,1.5,1.2,2014-05-02,0412,Aqua,MODIS,65,6.2,287.3,47.3,D,0
-31.219,149.1861,308.6,1.2,1.1,2014-05-02,0413,Aqua,MODIS,66,6.2,291.2,10.7,D,0
-30.4003,148.2524,313,1.2,1.1,2014-05-02,0413,Aqua,MODIS,71,6.2,298.2,8.6,D,0
-27.9509,149.1866,362.9,1.4,1.2,2014-05-02,0413,Aqua,MODIS,100,6.2,292.6,149.3,D,0
-28.7104,149.7202,310.3,1.5,1.2,2014-05-02,0413,Aqua,MODIS,64,6.2,294.4,12.4,D,0
-29.9288,148.2542,304.8,1.2,1.1,2014-05-02,0413,Aqua,MODIS,50,6.2,287,5.7,D,0
-20.7425,139.4796,320.1,1.3,1.1,2014-05-02,0416,Aqua,MODIS,55,6.2,304.5,10.4,D,2
-19.1566,146.0949,331.9,1.3,1.1,2014-05-02,0416,Aqua,MODIS,84,6.2,295.2,36,D,0
-19.1465,146.0931,316.2,1.3,1.1,2014-05-02,0416,Aqua,MODIS,52,6.2,292.4,11.9,D,0
-15.3715,131.5378,328.2,4.3,1.9,2014-05-02,0417,Aqua,MODIS,80,6.2,292.7,157.2,D,0
-15.3753,131.4978,314.5,4.3,1.9,2014-05-02,0417,Aqua,MODIS,52,6.2,292.3,43.7,D,0
-15.3688,131.5293,328.7,4.3,1.9,2014-05-02,0417,Aqua,MODIS,80,6.2,292.1,161,D,0
-16.3943,132.0576,319.1,4,1.9,2014-05-02,0417,Aqua,MODIS,63,6.2,292.5,68.2,D,0
-16.3824,132.0638,319.5,4,1.9,2014-05-02,0417,Aqua,MODIS,58,6.2,293.2,70.4,D,0
-14.6286,131.5607,326.4,4.1,1.9,2014-05-02,0418,Aqua,MODIS,78,6.2,294.9,129.2,D,0
-14.6116,131.5588,316,4.1,1.9,2014-05-02,0418,Aqua,MODIS,47,6.2,294.1,53,D,0
-14.4818,131.5722,319.4,4.1,1.9,2014-05-02,0418,Aqua,MODIS,68,6.2,294,70.1,D,0
-12.5071,141.931,325.1,1,1,2014-05-02,0418,Aqua,MODIS,71,6.2,299.4,14.2,D,0
-13.1659,133.3664,336.3,2.9,1.6,2014-05-02,0418,Aqua,MODIS,87,6.2,300.2,132,D,0
-14.9311,131.617,314.1,4.1,1.9,2014-05-02,0418,Aqua,MODIS,49,6.2,293.8,38.5,D,0
-14.4896,131.5423,322,4.1,1.9,2014-05-02,0418,Aqua,MODIS,72,6.2,293.6,92.4,D,0
-13.0746,133.3771,320,2.9,1.6,2014-05-02,0418,Aqua,MODIS,71,6.2,299.3,42,D,0
-12.4067,130.9754,311.6,4.3,1.9,2014-05-02,0418,Aqua,MODIS,48,6.2,294.5,42.9,D,0
-14.6494,131.5706,323.3,4.1,1.9,2014-05-02,0418,Aqua,MODIS,62,6.2,294.2,100.1,D,0
-14.6324,131.5685,330,4.1,1.9,2014-05-02,0418,Aqua,MODIS,81,6.2,294.9,157.9,D,0
-14.6456,131.5627,329.4,4.1,1.9,2014-05-02,0418,Aqua,MODIS,81,6.2,294.3,155.7,D,0
-14.636,131.5312,321.4,4.2,1.9,2014-05-02,0418,Aqua,MODIS,39,6.2,292.3,85.8,D,0
-13.0221,131.5793,314.3,3.9,1.8,2014-05-02,0418,Aqua,MODIS,61,6.2,294.6,44.1,D,0
-14.7963,131.512,315.8,4.2,1.9,2014-05-02,0418,Aqua,MODIS,45,6.2,293.1,41,D,0
-14.7768,131.5055,317.8,4.2,1.9,2014-05-02,0418,Aqua,MODIS,35,6.2,294.5,53.7,D,0
-14.4858,131.5343,319.8,4.1,1.9,2014-05-02,0418,Aqua,MODIS,69,6.2,293.5,77,D,0
-32.1775,117.0754,314,1.3,1.1,2014-05-02,0551,Aqua,MODIS,69,6.2,297.7,11.8,D,0
-32.1671,117.074,328.4,1.3,1.1,2014-05-02,0551,Aqua,MODIS,84,6.2,298.5,33.9,D,0
-32.3237,116.5597,318.9,1.4,1.2,2014-05-02,0551,Aqua,MODIS,75,6.2,296.5,22.3,D,0
-32.5482,117.1135,314.5,1.4,1.2,2014-05-02,0551,Aqua,MODIS,70,6.2,299.4,12.8,D,0
-32.5818,117.1918,330.6,1.3,1.1,2014-05-02,0551,Aqua,MODIS,85,6.2,298.5,37,D,0
-32.5887,117.1836,316.4,1.3,1.1,2014-05-02,0551,Aqua,MODIS,73,6.2,298.5,14.9,D,0
-32.7411,118.252,306.1,1.2,1.1,2014-05-02,0551,Aqua,MODIS,35,6.2,293.9,4.2,D,0
-32.5655,116.5128,315.1,1.5,1.2,2014-05-02,0551,Aqua,MODIS,45,6.2,294,17.8,D,0
-32.7426,118.2393,327.6,1.2,1.1,2014-05-02,0551,Aqua,MODIS,84,6.2,295.5,29.1,D,0
-32.7442,118.2266,311.3,1.2,1.1,2014-05-02,0551,Aqua,MODIS,66,6.2,295.9,8.7,D,0
-31.9483,119.3886,308.1,1.1,1,2014-05-02,0551,Aqua,MODIS,12,6.2,296.3,4.8,D,0
-32.5792,117.9096,314.1,1.2,1.1,2014-05-02,0551,Aqua,MODIS,70,6.2,296.8,10.8,D,0
-32.7074,117.7741,308.5,1.3,1.1,2014-05-02,0551,Aqua,MODIS,56,6.2,295.9,5.7,D,0
-32.7066,117.7659,309.1,1.3,1.1,2014-05-02,0551,Aqua,MODIS,61,6.2,297.3,6.3,D,0
-32.4127,119.1861,312.9,1.1,1,2014-05-02,0551,Aqua,MODIS,69,6.2,296.6,8.1,D,0
-32.5871,117.198,327.6,1.3,1.1,2014-05-02,0551,Aqua,MODIS,83,6.2,298.1,32.2,D,0
-32.6519,117.0903,313.5,1.4,1.2,2014-05-02,0551,Aqua,MODIS,69,6.2,299.8,11,D,0
-32.6503,117.1047,312.3,1.4,1.2,2014-05-02,0551,Aqua,MODIS,67,6.2,299.3,9.6,D,0
-32.6624,117.092,326.9,1.4,1.2,2014-05-02,0551,Aqua,MODIS,83,6.2,299.8,30.7,D,0
-32.6608,117.1065,331.6,1.4,1.2,2014-05-02,0551,Aqua,MODIS,86,6.2,299.7,39.9,D,0
-32.5617,117.2759,323.5,1.3,1.1,2014-05-02,0551,Aqua,MODIS,80,6.2,296.8,26,D,0
-32.2369,118.3177,326.3,1.2,1.1,2014-05-02,0551,Aqua,MODIS,82,6.2,298.2,24.9,D,0
-32.2384,118.3053,310.2,1.2,1.1,2014-05-02,0551,Aqua,MODIS,63,6.2,297.3,6,D,0
-32.4971,117.6597,313.3,1.3,1.1,2014-05-02,0551,Aqua,MODIS,69,6.2,298,11.1,D,0
-32.287,117.4479,325,1.3,1.1,2014-05-02,0551,Aqua,MODIS,81,6.2,296.9,23.8,D,0
-32.2855,117.4615,315.3,1.3,1.1,2014-05-02,0551,Aqua,MODIS,29,6.2,296.5,10.5,D,0
-32.533,116.5082,317.1,1.5,1.2,2014-05-02,0551,Aqua,MODIS,64,6.2,292.1,23,D,0
-32.722,116.7894,309.9,1.4,1.2,2014-05-02,0551,Aqua,MODIS,62,6.2,296.8,8,D,0
-32.3221,116.5751,324.7,1.4,1.2,2014-05-02,0551,Aqua,MODIS,81,6.2,299,32.1,D,0
-32.2271,116.6178,312.4,1.4,1.2,2014-05-02,0551,Aqua,MODIS,66,6.2,298,14.1,D,0
-32.3411,117.2433,312.7,1.3,1.1,2014-05-02,0551,Aqua,MODIS,67,6.2,298.3,9.8,D,0
-32.2412,116.7879,311.7,1.4,1.2,2014-05-02,0551,Aqua,MODIS,65,6.2,298,8.8,D,0
-32.6982,117.6765,332.7,1.3,1.1,2014-05-02,0551,Aqua,MODIS,87,6.2,299.1,39.4,D,0
-32.6966,117.69,314.3,1.3,1.1,2014-05-02,0551,Aqua,MODIS,70,6.2,295.8,11.5,D,0
-32.265,117.0061,314.6,1.4,1.2,2014-05-02,0551,Aqua,MODIS,69,6.2,298.1,11.2,D,0
-32.2518,116.7895,310.4,1.4,1.2,2014-05-02,0551,Aqua,MODIS,57,6.2,298.6,7.4,D,0
-32.3033,116.6495,339.9,1.4,1.2,2014-05-02,0551,Aqua,MODIS,91,6.2,297.4,65.3,D,0
-32.4904,117.3506,337.5,1.3,1.1,2014-05-02,0551,Aqua,MODIS,90,6.2,300.2,49.8,D,0
-32.556,117.4179,317.9,1.3,1.1,2014-05-02,0551,Aqua,MODIS,75,6.2,298.7,16,D,0
-32.3017,116.6647,337.1,1.4,1.2,2014-05-02,0551,Aqua,MODIS,89,6.2,298.3,57.3,D,0
-32.8325,117.4577,317.2,1.3,1.1,2014-05-02,0551,Aqua,MODIS,74,6.2,296.2,15.7,D,0
-32.1199,118.6036,311.7,1.1,1.1,2014-05-02,0551,Aqua,MODIS,41,6.2,296.2,6.2,D,0
-32.1295,118.6052,316.2,1.1,1.1,2014-05-02,0551,Aqua,MODIS,67,6.2,297.1,10.4,D,0
-32.2546,117.0044,314.1,1.4,1.2,2014-05-02,0551,Aqua,MODIS,69,6.2,298.4,10.7,D,0
-32.5378,118.0883,315,1.2,1.1,2014-05-02,0551,Aqua,MODIS,71,6.2,294.8,12.6,D,0
-32.1728,118.5207,322.3,1.1,1.1,2014-05-02,0551,Aqua,MODIS,79,6.2,296.8,18.7,D,0
-32.1714,118.5328,350.9,1.1,1.1,2014-05-02,0551,Aqua,MODIS,96,6.2,298.9,72.5,D,0
-32.1788,118.6329,310.7,1.1,1.1,2014-05-02,0551,Aqua,MODIS,63,6.2,297.5,5.5,D,0
-32.5393,118.0755,309.6,1.2,1.1,2014-05-02,0551,Aqua,MODIS,62,6.2,293.6,6.9,D,0
-32.5807,117.8963,320.3,1.2,1.1,2014-05-02,0551,Aqua,MODIS,77,6.2,297.4,18.4,D,0
-32.5188,118.1635,306.7,1.2,1.1,2014-05-02,0551,Aqua,MODIS,53,6.2,295.3,4.9,D,0
-32.4678,118.4249,316.8,1.2,1.1,2014-05-02,0551,Aqua,MODIS,74,6.2,295,14.3,D,0
-32.4693,118.4124,327,1.2,1.1,2014-05-02,0551,Aqua,MODIS,83,6.2,296.2,27.7,D,0
-32.5967,116.8664,309.8,1.4,1.2,2014-05-02,0551,Aqua,MODIS,62,6.2,299.2,7.3,D,0
-32.3548,116.8711,316.3,1.4,1.2,2014-05-02,0551,Aqua,MODIS,72,6.2,300.2,14.2,D,0
-32.3612,116.8639,311.5,1.4,1.2,2014-05-02,0551,Aqua,MODIS,52,6.2,299.8,7.5,D,0
-32.831,117.4715,316.4,1.3,1.1,2014-05-02,0551,Aqua,MODIS,73,6.2,296.3,14.4,D,0
-32.2908,117.1563,308.3,1.3,1.1,2014-05-02,0551,Aqua,MODIS,54,6.2,296.7,4.8,D,0
-32.3845,116.7461,317,1.4,1.2,2014-05-02,0551,Aqua,MODIS,73,6.2,296.4,18.3,D,0
-32.3829,116.7612,324,1.4,1.2,2014-05-02,0551,Aqua,MODIS,80,6.2,297.9,29.1,D,0
-32.2892,117.1705,308.7,1.3,1.1,2014-05-02,0551,Aqua,MODIS,44,6.2,296.3,4.8,D,0
-32.4755,117.3909,320.4,1.3,1.1,2014-05-02,0551,Aqua,MODIS,77,6.2,296.7,18.8,D,0
-32.477,117.377,332.7,1.3,1.1,2014-05-02,0551,Aqua,MODIS,87,6.2,299.4,39.6,D,0
-32.4785,117.3847,329.6,1.3,1.1,2014-05-02,0551,Aqua,MODIS,85,6.2,297.7,33.6,D,0
-32.4801,117.3709,314.9,1.3,1.1,2014-05-02,0551,Aqua,MODIS,56,6.2,298.5,10.7,D,0
-32.3067,117.2021,310.9,1.3,1.1,2014-05-02,0551,Aqua,MODIS,63,6.2,297.9,8.1,D,0
-32.7885,116.8768,304.7,1.4,1.2,2014-05-02,0551,Aqua,MODIS,33,6.2,294.1,7.5,D,0
-32.208,116.992,325.2,1.4,1.2,2014-05-02,0551,Aqua,MODIS,81,6.2,298.2,28.5,D,0
-32.2896,117.4414,328.9,1.3,1.1,2014-05-02,0551,Aqua,MODIS,65,6.2,299,29.4,D,0
-32.7655,116.6869,313.5,1.4,1.2,2014-05-02,0551,Aqua,MODIS,69,6.2,296.4,13.3,D,0
-32.7671,116.6714,315.4,1.4,1.2,2014-05-02,0551,Aqua,MODIS,72,6.2,298,16,D,0
-32.561,116.9967,308.8,1.4,1.2,2014-05-02,0551,Aqua,MODIS,55,6.2,297.9,5.8,D,0
-32.7547,116.6852,354.1,1.4,1.2,2014-05-02,0551,Aqua,MODIS,97,6.2,299.8,113.2,D,0
-32.7563,116.6698,353.5,1.4,1.2,2014-05-02,0551,Aqua,MODIS,97,6.2,299.7,111.3,D,0
-32.4894,117.0087,309.2,1.4,1.2,2014-05-02,0551,Aqua,MODIS,60,6.2,298,5.7,D,0
-32.7434,118.2459,323.6,1.2,1.1,2014-05-02,0551,Aqua,MODIS,81,6.2,294.3,22.5,D,0
-32.2064,117.0065,320.3,1.4,1.2,2014-05-02,0551,Aqua,MODIS,77,6.2,299.4,20,D,0
-32.288,117.455,329.3,1.3,1.1,2014-05-02,0551,Aqua,MODIS,65,6.2,296.9,30.1,D,0
-32.2885,117.4342,325.4,1.3,1.1,2014-05-02,0551,Aqua,MODIS,71,6.2,299.6,24,D,0
-32.7449,118.2332,330,1.2,1.1,2014-05-02,0551,Aqua,MODIS,85,6.2,296.5,32.2,D,0
-32.4113,119.1976,310.9,1.1,1,2014-05-02,0551,Aqua,MODIS,66,6.2,296.7,6.3,D,0
-32.492,117.3365,343.5,1.3,1.1,2014-05-02,0551,Aqua,MODIS,93,6.2,301.3,65.9,D,0
-32.6905,117.1258,326.3,1.4,1.2,2014-05-02,0551,Aqua,MODIS,63,6.2,300.3,27.8,D,0
-32.6978,117.119,317.9,1.4,1.2,2014-05-02,0551,Aqua,MODIS,67,6.2,299.9,16.4,D,0
-32.6962,117.1333,324.9,1.4,1.2,2014-05-02,0551,Aqua,MODIS,81,6.2,298.8,26.9,D,0
-33.5359,116.8981,346.2,1.4,1.2,2014-05-02,0551,Aqua,MODIS,94,6.2,296.2,84.1,D,0
-33.4417,117.7098,307.1,1.3,1.1,2014-05-02,0551,Aqua,MODIS,50,6.2,294.3,4.8,D,0
-32.9113,116.4748,311.2,1.5,1.2,2014-05-02,0551,Aqua,MODIS,47,6.2,297.5,12.2,D,0
-33.0663,116.8278,311.8,1.4,1.2,2014-05-02,0551,Aqua,MODIS,67,6.2,296.3,11.1,D,0
-32.1062,118.869,316.3,1.1,1,2014-05-02,0551,Aqua,MODIS,73,6.2,298.1,11.3,D,0
-33.9028,117.5917,311.1,1.3,1.1,2014-05-02,0551,Aqua,MODIS,61,6.2,289,11.7,D,0
-32.0441,118.822,336.3,1.1,1.1,2014-05-02,0551,Aqua,MODIS,89,6.2,297.9,37.2,D,0
-32.0456,118.8102,357.5,1.1,1.1,2014-05-02,0551,Aqua,MODIS,99,6.2,300.7,86.4,D,0
-32.047,118.7984,366.4,1.1,1.1,2014-05-02,0551,Aqua,MODIS,100,6.2,303,115.9,D,0
-32.0346,118.8204,344.1,1.1,1.1,2014-05-02,0551,Aqua,MODIS,93,6.2,298.7,52.9,D,0
-32.0361,118.8086,335.2,1.1,1.1,2014-05-02,0551,Aqua,MODIS,88,6.2,297,35.8,D,0
-32.0375,118.7967,357.8,1.1,1.1,2014-05-02,0551,Aqua,MODIS,99,6.2,299.1,87.9,D,0
-32.0333,118.8028,312.3,1.1,1.1,2014-05-02,0551,Aqua,MODIS,67,6.2,296.2,8.2,D,0
-32.0348,118.791,309.9,1.1,1.1,2014-05-02,0551,Aqua,MODIS,62,6.2,296.1,5.9,D,0
-33.5754,117.4193,309.4,1.3,1.1,2014-05-02,0551,Aqua,MODIS,64,6.2,294.7,7.4,D,0
-33.5501,117.394,320.3,1.3,1.1,2014-05-02,0551,Aqua,MODIS,78,6.2,298.3,20.2,D,0
-33.5397,117.3924,318.4,1.3,1.1,2014-05-02,0551,Aqua,MODIS,76,6.2,297.7,17,D,0
-33.0472,116.6998,309.8,1.4,1.2,2014-05-02,0551,Aqua,MODIS,63,6.2,298.1,9.3,D,0
-34.3495,115.9581,333.8,1.7,1.3,2014-05-02,0551,Aqua,MODIS,0,6.2,278.5,74.1,D,0
-34.3513,115.9399,343.7,1.7,1.3,2014-05-02,0551,Aqua,MODIS,0,6.2,282.2,109.1,D,0
-33.1324,118.1238,318,1.2,1.1,2014-05-02,0551,Aqua,MODIS,75,6.2,296.3,16.7,D,0
-33.2881,117.2017,315.6,1.4,1.2,2014-05-02,0551,Aqua,MODIS,72,6.2,296.3,14.9,D,0
-33.2865,117.2165,308.5,1.4,1.2,2014-05-02,0551,Aqua,MODIS,60,6.2,296.7,6.4,D,0
-33.1339,118.1107,315.9,1.2,1.1,2014-05-02,0551,Aqua,MODIS,73,6.2,296.1,13.9,D,0
-32.9862,118.0743,312.3,1.2,1.1,2014-05-02,0551,Aqua,MODIS,68,6.2,297.8,8.3,D,0
-32.9877,118.0611,315.1,1.2,1.1,2014-05-02,0551,Aqua,MODIS,72,6.2,297.6,11.3,D,0
-33.5335,117.8018,305.8,1.3,1.1,2014-05-02,0551,Aqua,MODIS,40,6.2,291.4,3.7,D,0
-32.9311,116.941,310,1.4,1.2,2014-05-02,0551,Aqua,MODIS,63,6.2,297.1,8.7,D,0
-32.9295,116.9561,312.5,1.4,1.2,2014-05-02,0551,Aqua,MODIS,68,6.2,297.5,11.5,D,0
-33.989,117.0509,310.6,1.4,1.2,2014-05-02,0551,Aqua,MODIS,35,6.2,291.2,11.7,D,0
-34.2323,115.1679,304.6,1.9,1.3,2014-05-02,0551,Aqua,MODIS,56,6.2,283.3,16.1,D,0
-34.2304,115.1882,303.9,1.9,1.3,2014-05-02,0551,Aqua,MODIS,55,6.2,282.9,15,D,0
-33.754,116.7893,336.5,1.5,1.2,2014-05-02,0551,Aqua,MODIS,78,6.2,295,60.9,D,0
-33.7432,116.7874,309.6,1.5,1.2,2014-05-02,0551,Aqua,MODIS,44,6.2,291.1,11,D,0
-33.6764,116.9787,304.8,1.4,1.2,2014-05-02,0551,Aqua,MODIS,14,6.2,291.7,4.3,D,0
-33.1193,117.7046,310.8,1.3,1.1,2014-05-02,0551,Aqua,MODIS,65,6.2,295.4,9.5,D,0
-33.4358,116.8766,312.8,1.4,1.2,2014-05-02,0551,Aqua,MODIS,68,6.2,298.7,12.4,D,0
-33.5251,116.8964,334.6,1.4,1.2,2014-05-02,0551,Aqua,MODIS,88,6.2,296.5,50.9,D,0
-33.5375,116.8827,316.1,1.4,1.2,2014-05-02,0551,Aqua,MODIS,40,6.2,295.2,15.2,D,0
-33.5294,116.8867,348.5,1.4,1.2,2014-05-02,0551,Aqua,MODIS,95,6.2,294,91.6,D,0
-33.5278,116.9022,353.4,1.4,1.2,2014-05-02,0551,Aqua,MODIS,97,6.2,295.5,109.7,D,0
-33.3016,117.8849,311.4,1.3,1.1,2014-05-02,0551,Aqua,MODIS,62,6.2,295.1,8.8,D,0
-33.2698,117.8936,322.3,1.3,1.1,2014-05-02,0551,Aqua,MODIS,80,6.2,294.9,22,D,0
-33.2714,117.88,352.9,1.3,1.1,2014-05-02,0551,Aqua,MODIS,97,6.2,298.7,90.4,D,0
-32.834,117.4656,325.6,1.3,1.1,2014-05-02,0551,Aqua,MODIS,82,6.2,297.1,27,D,0
-33.3652,117.3231,310,1.3,1.1,2014-05-02,0551,Aqua,MODIS,60,6.2,295.7,8.2,D,0
-33.5676,116.6198,311.8,1.5,1.2,2014-05-02,0551,Aqua,MODIS,50,6.2,288.7,13.3,D,0
-33.2527,117.5191,354,1.3,1.1,2014-05-02,0551,Aqua,MODIS,97,6.2,300.1,98.6,D,0
-33.2511,117.5332,310.2,1.3,1.1,2014-05-02,0551,Aqua,MODIS,28,6.2,294,6.4,D,0
-33.263,117.5208,334.3,1.3,1.1,2014-05-02,0551,Aqua,MODIS,88,6.2,298.1,44,D,0
-33.0935,117.219,340.8,1.4,1.2,2014-05-02,0551,Aqua,MODIS,91,6.2,299.1,64,D,0
-33.0919,117.2334,309.2,1.4,1.2,2014-05-02,0551,Aqua,MODIS,61,6.2,296.6,7,D,0
-32.8418,117.1171,320.8,1.4,1.2,2014-05-02,0551,Aqua,MODIS,78,6.2,297.7,22.7,D,0
-33.2851,116.5867,326,1.5,1.2,2014-05-02,0551,Aqua,MODIS,82,6.2,292,38.2,D,0
-33.2834,116.6028,359.3,1.5,1.2,2014-05-02,0551,Aqua,MODIS,99,6.2,293.5,143.9,D,0
-33.296,116.5883,308.3,1.5,1.2,2014-05-02,0551,Aqua,MODIS,48,6.2,295.6,11.2,D,0
-33.2943,116.6044,319.7,1.5,1.2,2014-05-02,0551,Aqua,MODIS,77,6.2,293.3,26.8,D,0
-33.2873,116.5938,359.7,1.5,1.2,2014-05-02,0551,Aqua,MODIS,99,6.2,296.3,148.3,D,0
-33.2856,116.6099,345.5,1.5,1.2,2014-05-02,0551,Aqua,MODIS,94,6.2,292.3,90.2,D,0
-33.471,117.4403,311,1.3,1.1,2014-05-02,0551,Aqua,MODIS,66,6.2,296.5,8.1,D,0
-33.4938,116.9854,320.8,1.4,1.2,2014-05-02,0551,Aqua,MODIS,78,6.2,294.1,24,D,0
-33.4954,116.9701,307.3,1.4,1.2,2014-05-02,0551,Aqua,MODIS,36,6.2,290.4,6,D,0
-33.4831,116.9838,340.2,1.4,1.2,2014-05-02,0551,Aqua,MODIS,91,6.2,297.2,64.5,D,0
-32.9096,116.4905,310.1,1.5,1.2,2014-05-02,0551,Aqua,MODIS,50,6.2,298.7,9.7,D,0
-33.0227,117.1272,307.5,1.4,1.2,2014-05-02,0551,Aqua,MODIS,57,6.2,295.7,6.3,D,0
-33.4872,117.0464,318,1.4,1.2,2014-05-02,0551,Aqua,MODIS,75,6.2,295,20,D,0
-33.036,118.7478,314.2,1.1,1.1,2014-05-02,0551,Aqua,MODIS,70,6.2,293.3,11.9,D,0
-33.0042,119.1184,321.2,1.1,1,2014-05-02,0551,Aqua,MODIS,79,6.2,294.1,18,D,0
-33.353,116.9058,309.4,1.4,1.2,2014-05-02,0551,Aqua,MODIS,62,6.2,296.9,7.8,D,0
-33.6141,117.8907,314.5,1.3,1.1,2014-05-02,0551,Aqua,MODIS,46,6.2,292.5,13.2,D,0
-31.6055,116.5738,310.8,1.4,1.2,2014-05-02,0552,Aqua,MODIS,65,6.2,286.4,15.2,D,0
-31.9732,116.9879,312.6,1.4,1.2,2014-05-02,0552,Aqua,MODIS,66,6.2,295,10,D,0
-31.784,118.3613,328.1,1.2,1.1,2014-05-02,0552,Aqua,MODIS,84,6.2,299.4,25.7,D,0
-31.7855,118.3491,337.1,1.2,1.1,2014-05-02,0552,Aqua,MODIS,89,6.2,300.5,41.2,D,0
-31.7744,118.3597,340.9,1.2,1.1,2014-05-02,0552,Aqua,MODIS,91,6.2,298.6,48.4,D,0
-31.7759,118.3475,337.8,1.2,1.1,2014-05-02,0552,Aqua,MODIS,90,6.2,299.6,42.5,D,0
-31.4739,116.6544,305.3,1.4,1.2,2014-05-02,0552,Aqua,MODIS,47,6.2,277.2,11,D,0
-31.9415,117.2075,320.5,1.3,1.1,2014-05-02,0552,Aqua,MODIS,77,6.2,297.2,19.5,D,0
-31.9399,117.2213,335.6,1.3,1.1,2014-05-02,0552,Aqua,MODIS,88,6.2,297.4,46.5,D,0
-31.9296,117.2197,313.1,1.3,1.1,2014-05-02,0552,Aqua,MODIS,65,6.2,296.5,9.5,D,0
-31.9312,117.2058,311.1,1.3,1.1,2014-05-02,0552,Aqua,MODIS,48,6.2,296.5,7.3,D,0
-31.9658,116.9948,312.5,1.3,1.2,2014-05-02,0552,Aqua,MODIS,27,6.2,295.6,9.6,D,0
-31.9717,117.0023,314.9,1.3,1.2,2014-05-02,0552,Aqua,MODIS,70,6.2,296.3,13,D,0
-31.8159,116.7083,315.5,1.4,1.2,2014-05-02,0552,Aqua,MODIS,62,6.2,296.6,14.4,D,0
-31.6145,116.5905,309.2,1.4,1.2,2014-05-02,0552,Aqua,MODIS,66,6.2,286.3,13.1,D,0
-31.8205,116.7157,319.1,1.4,1.2,2014-05-02,0552,Aqua,MODIS,75,6.2,296.6,20.1,D,0
-31.4638,116.4033,310.1,1.4,1.2,2014-05-02,0552,Aqua,MODIS,70,6.2,280.8,17.2,D,0
-31.6471,116.7369,304.2,1.4,1.2,2014-05-02,0552,Aqua,MODIS,34,6.2,291.7,7.1,D,0
-31.7639,116.7899,310.8,1.4,1.2,2014-05-02,0552,Aqua,MODIS,63,6.2,297.5,9.3,D,0
-31.8169,116.4016,313,1.5,1.2,2014-05-02,0552,Aqua,MODIS,67,6.2,297.7,15,D,0
-31.5253,116.6767,308.9,1.4,1.2,2014-05-02,0552,Aqua,MODIS,56,6.2,282.1,14.6,D,0
-31.5983,118.3056,309.4,1.2,1.1,2014-05-02,0552,Aqua,MODIS,61,6.2,298,5.2,D,0
-31.7575,116.8482,316.1,1.4,1.2,2014-05-02,0552,Aqua,MODIS,72,6.2,297.9,15.3,D,0
-31.7591,116.8336,316.6,1.4,1.2,2014-05-02,0552,Aqua,MODIS,73,6.2,297.7,15.7,D,0
-31.6746,116.6813,305.3,1.4,1.2,2014-05-02,0552,Aqua,MODIS,48,6.2,291.4,8.3,D,0
-31.6038,116.589,325.8,1.4,1.2,2014-05-02,0552,Aqua,MODIS,83,6.2,285.8,38,D,0
-31.8064,118.3401,308.8,1.2,1.1,2014-05-02,0552,Aqua,MODIS,38,6.2,293.5,5,D,0
-31.7967,118.3385,308.8,1.2,1.1,2014-05-02,0552,Aqua,MODIS,34,6.2,295.1,4.9,D,0
-30.0282,115.4899,308.8,1.6,1.2,2014-05-02,0552,Aqua,MODIS,40,6.2,278.5,15.2,D,0
-32.0659,116.8243,323.5,1.4,1.2,2014-05-02,0552,Aqua,MODIS,80,6.2,298.4,27.4,D,0
-32.0642,116.8393,338.8,1.4,1.2,2014-05-02,0552,Aqua,MODIS,90,6.2,298.2,59.9,D,0
-32.1162,116.8974,312.1,1.4,1.2,2014-05-02,0552,Aqua,MODIS,65,6.2,297.6,9.1,D,0
-32.1146,116.9118,311.6,1.4,1.2,2014-05-02,0552,Aqua,MODIS,64,6.2,298.8,8.9,D,0
-32.1559,116.8283,312,1.4,1.2,2014-05-02,0552,Aqua,MODIS,56,6.2,299.5,8.6,D,0
-29.7677,115.7011,309.3,1.5,1.2,2014-05-02,0552,Aqua,MODIS,68,6.2,291.6,13.6,D,0
-32.1543,116.8431,324.6,1.4,1.2,2014-05-02,0552,Aqua,MODIS,81,6.2,299,26.7,D,0
-29.2768,115.0682,301.3,1.6,1.3,2014-05-02,0552,Aqua,MODIS,46,6.2,279.4,9.6,D,0
-30.0394,115.4913,323.1,1.6,1.2,2014-05-02,0552,Aqua,MODIS,82,6.2,278.5,39.7,D,0
-32.0286,116.9673,308.6,1.4,1.2,2014-05-02,0552,Aqua,MODIS,56,6.2,296.5,6.7,D,0
-30.2649,116.4499,303.3,1.4,1.2,2014-05-02,0552,Aqua,MODIS,39,6.2,276.6,8.9,D,0
-30.2633,116.4642,300.5,1.4,1.2,2014-05-02,0552,Aqua,MODIS,39,6.2,276.4,7.2,D,0
-31.3295,116.1682,304.8,1.5,1.2,2014-05-02,0552,Aqua,MODIS,60,6.2,287.4,9.8,D,0
-31.1316,116.1116,331.6,1.5,1.2,2014-05-02,0552,Aqua,MODIS,87,6.2,278.3,57.4,D,0
-31.764,116.9809,310.8,1.3,1.1,2014-05-02,0552,Aqua,MODIS,63,6.2,297.9,7.7,D,0
-31.7623,116.9953,322,1.3,1.1,2014-05-02,0552,Aqua,MODIS,78,6.2,297.4,22.4,D,0
-30.8145,116.2209,304.3,1.4,1.2,2014-05-02,0552,Aqua,MODIS,55,6.2,269.6,14.1,D,0
-30.7409,116.356,325.1,1.4,1.2,2014-05-02,0552,Aqua,MODIS,0,6.2,267.4,42.6,D,0
-31.3374,118.1194,303.1,1.2,1.1,2014-05-02,0552,Aqua,MODIS,54,6.2,284.7,4.6,D,0
-32.0435,117.3621,333.4,1.3,1.1,2014-05-02,0552,Aqua,MODIS,87,6.2,297.5,42.7,D,0
-32.0451,117.3483,327.6,1.3,1.1,2014-05-02,0552,Aqua,MODIS,83,6.2,297.3,31.7,D,0
-31.8097,118.5821,335.2,1.1,1.1,2014-05-02,0552,Aqua,MODIS,88,6.2,297.9,37.7,D,0
-31.1874,116.8716,303.5,1.3,1.1,2014-05-02,0552,Aqua,MODIS,51,6.2,283.3,6.9,D,0
-31.1182,116.87,333.5,1.3,1.1,2014-05-02,0552,Aqua,MODIS,89,6.2,284.1,49.6,D,0
-31.1197,116.856,313.5,1.3,1.1,2014-05-02,0552,Aqua,MODIS,74,6.2,283.4,16.4,D,0
-31.1078,116.8684,308,1.3,1.1,2014-05-02,0552,Aqua,MODIS,63,6.2,281.6,10.4,D,0
-31.8111,118.5701,321.2,1.1,1.1,2014-05-02,0552,Aqua,MODIS,78,6.2,296.5,16.8,D,0
-32.0507,117.1076,330.4,1.3,1.1,2014-05-02,0552,Aqua,MODIS,85,6.2,298.1,36.4,D,0
-32.054,117.1172,313.4,1.3,1.1,2014-05-02,0552,Aqua,MODIS,68,6.2,298,10.9,D,0
-32.0557,117.103,323.7,1.3,1.1,2014-05-02,0552,Aqua,MODIS,80,6.2,297.1,25.5,D,0
-32.0278,117.0694,309,1.3,1.1,2014-05-02,0552,Aqua,MODIS,41,6.2,295.8,6.4,D,0
-31.9602,116.9501,307.7,1.4,1.2,2014-05-02,0552,Aqua,MODIS,49,6.2,295.3,5.7,D,0
-31.3613,116.6107,309.1,1.4,1.2,2014-05-02,0552,Aqua,MODIS,68,6.2,271.7,17,D,0
-31.2572,116.7219,318.6,1.4,1.2,2014-05-02,0552,Aqua,MODIS,79,6.2,268.9,27.6,D,0
-31.3629,116.596,318.5,1.4,1.2,2014-05-02,0552,Aqua,MODIS,79,6.2,273.3,29.6,D,0
-31.2556,116.7363,300.4,1.4,1.2,2014-05-02,0552,Aqua,MODIS,36,6.2,270.5,7.6,D,0
-30.8965,116.2992,305.5,1.4,1.2,2014-05-02,0552,Aqua,MODIS,62,6.2,270.8,13.6,D,0
-32.0856,116.9815,325.2,1.4,1.2,2014-05-02,0552,Aqua,MODIS,81,6.2,297.3,29.1,D,0
-32.0872,116.967,322.1,1.4,1.2,2014-05-02,0552,Aqua,MODIS,78,6.2,296.4,23.8,D,0
-30.0384,115.4965,324,1.6,1.2,2014-05-02,0552,Aqua,MODIS,80,6.2,278.6,39.4,D,0
-32.0684,116.7042,321.1,1.4,1.2,2014-05-02,0552,Aqua,MODIS,78,6.2,297.4,23.7,D,0
-30.2576,116.4196,305.7,1.4,1.2,2014-05-02,0552,Aqua,MODIS,56,6.2,278.1,11.7,D,0
-31.3515,116.5033,303.9,1.4,1.2,2014-05-02,0552,Aqua,MODIS,57,6.2,272.2,11.3,D,0
-23.0398,122.6898,346.7,1.3,1.1,2014-05-02,0554,Aqua,MODIS,93,6.2,301,73.5,D,0
-23.0377,122.7027,353.8,1.3,1.1,2014-05-02,0554,Aqua,MODIS,97,6.2,301.4,96.7,D,0
-20.2386,123.7329,322.4,1.8,1.3,2014-05-02,0554,Aqua,MODIS,63,6.2,299,18.8,D,0
-23.0935,122.7348,327.7,1.3,1.1,2014-05-02,0554,Aqua,MODIS,77,6.2,303,24.1,D,0
-20.5151,122.8844,331.6,1.5,1.2,2014-05-02,0554,Aqua,MODIS,80,6.2,298.5,36.9,D,0
-20.5067,122.8679,323,1.5,1.2,2014-05-02,0554,Aqua,MODIS,67,6.2,297.4,19.1,D,0
-20.4893,122.9694,320.1,1.5,1.2,2014-05-02,0554,Aqua,MODIS,39,6.2,294.7,16.3,D,0
-20.538,122.9487,323.7,1.5,1.2,2014-05-02,0554,Aqua,MODIS,64,6.2,298.3,18.9,D,0
-20.5002,122.9715,327.7,1.5,1.2,2014-05-02,0554,Aqua,MODIS,67,6.2,296.8,28.5,D,0
-20.5042,122.8823,327.9,1.5,1.2,2014-05-02,0554,Aqua,MODIS,76,6.2,298.5,29.4,D,0
-20.5027,122.9569,321.9,1.5,1.2,2014-05-02,0554,Aqua,MODIS,31,6.2,298.7,15.5,D,0
-20.4918,122.9548,320.1,1.5,1.2,2014-05-02,0554,Aqua,MODIS,34,6.2,295,15.1,D,0
-21.8163,119.219,321.5,1,1,2014-05-02,0554,Aqua,MODIS,75,6.2,300,9.8,D,0
-23.0722,122.7504,316.4,1.3,1.1,2014-05-02,0554,Aqua,MODIS,20,6.2,301.3,7.4,D,0
-23.0769,122.8947,335.7,1.4,1.2,2014-05-02,0554,Aqua,MODIS,85,6.2,304.2,38.8,D,0
-23.0792,122.8814,327.3,1.4,1.2,2014-05-02,0554,Aqua,MODIS,39,6.2,303.3,21.1,D,0
-23.0665,122.8926,324,1.4,1.2,2014-05-02,0554,Aqua,MODIS,48,6.2,302.6,17,D,0
-23.0688,122.8793,330.7,1.4,1.2,2014-05-02,0554,Aqua,MODIS,80,6.2,300.1,29.8,D,0
-23.0846,122.787,322.1,1.4,1.2,2014-05-02,0554,Aqua,MODIS,68,6.2,303.2,13.5,D,0
-22.0153,123.1538,321.7,1.5,1.2,2014-05-02,0554,Aqua,MODIS,66,6.2,304.6,14.2,D,0
-22.0261,123.1559,328.2,1.5,1.2,2014-05-02,0554,Aqua,MODIS,77,6.2,305.2,26,D,0
-22.0236,123.1702,327.3,1.5,1.2,2014-05-02,0554,Aqua,MODIS,76,6.2,305.4,23.7,D,0
-23.0782,122.7788,318.8,1.4,1.2,2014-05-02,0554,Aqua,MODIS,26,6.2,302.8,9.2,D,0
-23.0868,122.7739,325.9,1.3,1.2,2014-05-02,0554,Aqua,MODIS,74,6.2,304.6,19.7,D,0
-23.0873,122.8968,323.4,1.4,1.2,2014-05-02,0554,Aqua,MODIS,49,6.2,303.8,15.4,D,0
-16.2552,126.1401,315,3.2,1.7,2014-05-02,0555,Aqua,MODIS,0,6.2,289.9,39.7,D,0
-15.7321,126.6455,316.2,3.6,1.8,2014-05-02,0555,Aqua,MODIS,56,6.2,291.1,51.9,D,0
-15.7321,126.6189,319.5,3.5,1.8,2014-05-02,0555,Aqua,MODIS,62,6.2,288.4,64.5,D,0
-19.5707,124.2901,321.9,2,1.4,2014-05-02,0555,Aqua,MODIS,42,6.2,299,19.8,D,0
-19.5784,124.3056,322.7,2,1.4,2014-05-02,0555,Aqua,MODIS,57,6.2,298.5,22.5,D,0
-19.5727,124.2657,325.8,2,1.4,2014-05-02,0555,Aqua,MODIS,66,6.2,297.5,30.8,D,0
-18.0109,123.867,321.7,2,1.4,2014-05-02,0555,Aqua,MODIS,67,6.2,293.7,32.8,D,0
-18.0094,123.8615,325.7,2,1.4,2014-05-02,0555,Aqua,MODIS,75,6.2,293.6,43.2,D,0
-14.8149,126.037,318.8,3.3,1.7,2014-05-02,0556,Aqua,MODIS,54,6.2,293.2,44.7,D,0
-14.8207,126.0332,320.8,3.3,1.7,2014-05-02,0556,Aqua,MODIS,73,6.2,293.3,60.7,D,0
-14.4721,126.0742,311.7,3.4,1.7,2014-05-02,0556,Aqua,MODIS,38,6.2,292.9,25.3,D,0
-14.4633,126.0673,313.5,3.4,1.7,2014-05-02,0556,Aqua,MODIS,44,6.2,293.1,33.5,D,0
-14.7362,126.0737,313.2,3.4,1.7,2014-05-02,0556,Aqua,MODIS,57,6.2,291.7,25.7,D,0
-14.732,126.0803,313.2,3.4,1.7,2014-05-02,0556,Aqua,MODIS,57,6.2,291.1,26.3,D,0
-20.7363,139.4738,302.5,1.4,1.2,2014-05-02,1340,Terra,MODIS,49,6.2,288.4,9.7,N,2
-14.935,131.0657,304.6,1.2,1.1,2014-05-02,1342,Terra,MODIS,50,6.2,289.7,5.6,N,0
-13.7903,130.9425,307.3,1.2,1.1,2014-05-02,1342,Terra,MODIS,71,6.2,294.4,7.5,N,0
-13.7209,131.5302,304.6,1.1,1.1,2014-05-02,1342,Terra,MODIS,61,6.2,291.5,4.8,N,0
-15.0656,130.9245,306.2,1.3,1.1,2014-05-02,1342,Terra,MODIS,67,6.2,290.2,6.8,N,0
-13.3895,130.5877,309,1.3,1.1,2014-05-02,1343,Terra,MODIS,76,6.2,293.1,9.6,N,0
-13.3897,130.5823,321.6,1.3,1.1,2014-05-02,1343,Terra,MODIS,100,6.2,293.3,24.5,N,0
-13.3911,130.576,316.5,1.3,1.1,2014-05-02,1343,Terra,MODIS,93,6.2,293.3,17.9,N,0
-13.3912,130.5706,304.9,1.3,1.1,2014-05-02,1343,Terra,MODIS,62,6.2,293.1,5.7,N,0
-22.7818,150.1318,304,1.2,1.1,2014-05-02,1510,Aqua,MODIS,58,6.2,284.2,9.2,N,0
-27.3495,150.9465,307.4,1,1,2014-05-02,1512,Aqua,MODIS,71,6.2,280.3,11.4,N,0
-34.0688,118.0707,317.9,1.3,1.1,2014-05-02,1515,Terra,MODIS,96,6.2,281.1,28,N,0
-34.0712,118.0567,309.7,1.3,1.1,2014-05-02,1515,Terra,MODIS,78,6.2,280.9,18,N,0
-34.106,119.0219,301.5,1.5,1.2,2014-05-02,1515,Terra,MODIS,42,6.2,281.9,12.3,N,0
-32.6346,117.3866,325,1.3,1.1,2014-05-02,1516,Terra,MODIS,100,6.2,281,36.5,N,0
-32.6346,117.3783,302.2,1.3,1.1,2014-05-02,1516,Terra,MODIS,42,6.2,279.4,10.8,N,0
-32.6323,117.3917,310.7,1.3,1.1,2014-05-02,1516,Terra,MODIS,81,6.2,280.5,18.4,N,0
-15.0567,130.5177,315.4,1,1,2014-05-02,1647,Aqua,MODIS,91,6.2,292.7,11.8,N,0
-15.049,130.5284,310,1,1,2014-05-02,1647,Aqua,MODIS,79,6.2,292.2,7.6,N,0
-15.1065,130.4847,304.8,1,1,2014-05-02,1647,Aqua,MODIS,62,6.2,292,4.6,N,0
-15.058,130.527,312,1,1,2014-05-02,1647,Aqua,MODIS,84,6.2,292.4,9,N,0
-15.9034,130.9841,305.8,1,1,2014-05-02,1647,Aqua,MODIS,64,6.2,293.8,4.1,N,0
-16.0794,130.7297,306,1,1,2014-05-02,1647,Aqua,MODIS,43,6.2,294.9,4.1,N,0
-16.0807,130.7393,311.9,1,1,2014-05-02,1647,Aqua,MODIS,83,6.2,295.2,8.3,N,0
-16.0898,130.7379,310.9,1,1,2014-05-02,1647,Aqua,MODIS,81,6.2,294.7,7.4,N,0
-16.1003,130.7462,304.9,1,1,2014-05-02,1647,Aqua,MODIS,42,6.2,294.2,3.4,N,0
-20.5374,122.9625,302.7,1.8,1.3,2014-05-02,1649,Aqua,MODIS,43,6.2,283.8,18.2,N,0
-12.5117,141.9325,315.6,1.9,1.3,2014-05-03,0033,Terra,MODIS,67,6.2,298.7,20.2,D,0
-19.1457,146.1009,316.4,1,1,2014-05-03,0034,Terra,MODIS,70,6.2,293.5,11.9,D,0
-19.1471,146.1103,310,1,1,2014-05-03,0034,Terra,MODIS,34,6.2,292.7,6.8,D,0
-20.7336,139.4778,319.3,2,1.4,2014-05-03,0035,Terra,MODIS,63,6.2,295.1,31.9,D,2
-26.7798,148.2211,308.5,1.4,1.2,2014-05-03,0036,Terra,MODIS,36,6.2,291.7,11.3,D,0
-37.6279,143.5121,310.2,1.1,1,2014-05-03,0039,Terra,MODIS,47,6.2,284.8,11.1,D,0
-37.6373,143.5102,319.2,1.1,1,2014-05-03,0039,Terra,MODIS,79,6.2,285.7,20,D,0
-37.6389,143.5225,330.6,1.1,1,2014-05-03,0039,Terra,MODIS,87,6.2,286.2,34.5,D,0
-37.6295,143.5244,341.3,1.1,1,2014-05-03,0039,Terra,MODIS,92,6.2,286.7,52.3,D,0
-14.5297,132.3889,311.9,4.1,1.9,2014-05-03,0211,Terra,MODIS,66,6.2,286.1,39.3,D,0
-14.5337,132.3831,311.3,4.1,1.9,2014-05-03,0211,Terra,MODIS,65,6.2,285.4,37.3,D,0
-15.9888,130.6135,316.6,3.1,1.7,2014-05-03,0212,Terra,MODIS,58,6.2,296.2,30.2,D,0
-16.0319,130.728,316.9,3.2,1.7,2014-05-03,0212,Terra,MODIS,59,6.2,296,32.7,D,0
-16.0287,130.7212,317.3,3.2,1.7,2014-05-03,0212,Terra,MODIS,61,6.2,296,33.4,D,0
-16.5732,130.3007,313.2,3,1.7,2014-05-03,0212,Terra,MODIS,47,6.2,290.3,27,D,0
-17.2067,126.1068,345,1.5,1.2,2014-05-03,0212,Terra,MODIS,92,6.2,304.3,75.4,D,0
-15.5443,130.4021,328.6,3,1.6,2014-05-03,0212,Terra,MODIS,79,6.2,294.1,88.4,D,0
-16.0912,126.4187,316.7,1.5,1.2,2014-05-03,0212,Terra,MODIS,59,6.2,299.5,12,D,0
-15.2551,130.9268,321.6,3.2,1.7,2014-05-03,0212,Terra,MODIS,76,6.2,289.1,59.1,D,0
-15.541,130.3802,320,3,1.6,2014-05-03,0212,Terra,MODIS,67,6.2,292,47,D,0
-17.2085,126.1208,334.3,1.5,1.2,2014-05-03,0212,Terra,MODIS,85,6.2,304.2,43.3,D,0
-15.252,130.9217,320.1,3.2,1.7,2014-05-03,0212,Terra,MODIS,73,6.2,289.4,52.5,D,0
-15.5441,130.4076,325.6,3,1.6,2014-05-03,0212,Terra,MODIS,77,6.2,293.6,72.8,D,0
-17.3484,129.2086,313.8,2.5,1.5,2014-05-03,0212,Terra,MODIS,38,6.2,289.8,18.6,D,0
-17.2212,126.1335,320.1,1.5,1.2,2014-05-03,0212,Terra,MODIS,56,6.2,302.4,13.9,D,0
-17.2103,126.1349,326.6,1.5,1.2,2014-05-03,0212,Terra,MODIS,78,6.2,304.5,25.5,D,0
-17.3426,129.216,332.6,2.5,1.5,2014-05-03,0212,Terra,MODIS,85,6.2,290.7,97.7,D,0
-17.3453,129.2401,320.7,2.6,1.5,2014-05-03,0212,Terra,MODIS,74,6.2,292.3,43.9,D,0
-17.3371,129.2344,318.4,2.6,1.5,2014-05-03,0212,Terra,MODIS,63,6.2,291.9,32.4,D,0
-17.3509,129.2324,320,2.6,1.5,2014-05-03,0212,Terra,MODIS,73,6.2,291.4,39.8,D,0
-14.837,130.5625,316.2,3,1.6,2014-05-03,0212,Terra,MODIS,69,6.2,279.5,48.6,D,0
-14.837,130.5572,314.5,3,1.6,2014-05-03,0212,Terra,MODIS,59,6.2,279.9,38.5,D,0
-15.3408,131.5585,318.2,3.6,1.8,2014-05-03,0212,Terra,MODIS,64,6.2,293.4,53.4,D,0
-15.3568,131.5568,319.9,3.6,1.8,2014-05-03,0212,Terra,MODIS,72,6.2,292.4,63.6,D,0
-15.3491,131.5518,327.3,3.6,1.8,2014-05-03,0212,Terra,MODIS,81,6.2,293,119.8,D,0
-21.1797,123.703,336.6,1.2,1.1,2014-05-03,0213,Terra,MODIS,86,6.2,305.6,35.4,D,0
-21.191,123.7132,332.5,1.2,1.1,2014-05-03,0213,Terra,MODIS,83,6.2,305.9,27.1,D,0
-21.2008,123.7118,326,1.2,1.1,2014-05-03,0213,Terra,MODIS,72,6.2,304,16.8,D,0
-19.5708,124.3233,324.7,1.2,1.1,2014-05-03,0213,Terra,MODIS,74,6.2,304.7,15.3,D,0
-20.5426,122.9725,335.6,1.1,1,2014-05-03,0213,Terra,MODIS,85,6.2,305.7,29.5,D,0
-21.2092,123.6988,319.5,1.2,1.1,2014-05-03,0213,Terra,MODIS,45,6.2,303.4,8.9,D,0
-20.5412,122.9621,345.3,1.1,1,2014-05-03,0213,Terra,MODIS,92,6.2,306.6,48.7,D,0
-20.4623,122.9161,336.8,1.1,1,2014-05-03,0213,Terra,MODIS,86,6.2,303.4,33.5,D,0
-20.4637,122.9265,325.4,1.1,1,2014-05-03,0213,Terra,MODIS,75,6.2,304.6,16.6,D,0
-20.468,122.9578,327.1,1.1,1,2014-05-03,0213,Terra,MODIS,74,6.2,303.7,19,D,0
-20.4731,122.9251,319.1,1.1,1,2014-05-03,0213,Terra,MODIS,62,6.2,302.6,8.8,D,0
-20.4745,122.9355,325.5,1.1,1,2014-05-03,0213,Terra,MODIS,75,6.2,303.6,16,D,0
-20.4759,122.9459,329.1,1.1,1,2014-05-03,0213,Terra,MODIS,79,6.2,305,19.6,D,0
-20.4774,122.9564,328.5,1.1,1,2014-05-03,0213,Terra,MODIS,74,6.2,305.9,18.9,D,0
-20.5355,122.9203,324.2,1.1,1,2014-05-03,0213,Terra,MODIS,73,6.2,302.5,14.7,D,0
-20.4896,122.9759,339,1.1,1,2014-05-03,0213,Terra,MODIS,88,6.2,305.2,36.4,D,0
-21.0322,123.3513,317.5,1.2,1.1,2014-05-03,0213,Terra,MODIS,58,6.2,301.3,8.9,D,0
-20.5398,122.9516,332.8,1.1,1,2014-05-03,0213,Terra,MODIS,83,6.2,304.1,25.5,D,0
-20.5455,122.9935,320.2,1.1,1,2014-05-03,0213,Terra,MODIS,52,6.2,304.4,9.1,D,0
-20.5369,122.9307,337.2,1.1,1,2014-05-03,0213,Terra,MODIS,87,6.2,303.5,33.6,D,0
-20.5383,122.9412,330.5,1.1,1,2014-05-03,0213,Terra,MODIS,78,6.2,302.9,21.5,D,0
-20.4788,122.9668,329.8,1.1,1,2014-05-03,0213,Terra,MODIS,79,6.2,305,21.7,D,0
-21.1767,123.68,383.8,1.2,1.1,2014-05-03,0213,Terra,MODIS,100,6.2,307.4,209.1,D,0
-21.1782,123.6915,394.9,1.2,1.1,2014-05-03,0213,Terra,MODIS,100,6.2,312.6,280.1,D,0
-21.1895,123.7016,327.5,1.2,1.1,2014-05-03,0213,Terra,MODIS,77,6.2,304,18.2,D,0
-20.2385,123.7382,322.4,1.2,1.1,2014-05-03,0213,Terra,MODIS,62,6.2,306.5,12.5,D,0
-20.2369,123.7443,323,1.2,1.1,2014-05-03,0213,Terra,MODIS,47,6.2,305.2,12.2,D,0
-19.5485,124.2308,338.8,1.2,1.1,2014-05-03,0213,Terra,MODIS,88,6.2,305.9,40.7,D,0
-19.55,124.2425,336.1,1.2,1.1,2014-05-03,0213,Terra,MODIS,86,6.2,306.9,34,D,0
-19.5584,124.2294,328.6,1.2,1.1,2014-05-03,0213,Terra,MODIS,78,6.2,304.6,22.6,D,0
-19.5599,124.2411,344.2,1.2,1.1,2014-05-03,0213,Terra,MODIS,91,6.2,305.5,53.6,D,0
-19.5761,124.2865,323.2,1.2,1.1,2014-05-03,0213,Terra,MODIS,35,6.2,304.4,10.8,D,0
-17.8055,123.6221,324.5,1.1,1,2014-05-03,0213,Terra,MODIS,76,6.2,300.3,16.6,D,0
-17.8026,123.6014,320.3,1.1,1,2014-05-03,0213,Terra,MODIS,57,6.2,299.6,11.9,D,0
-17.8041,123.6117,342.2,1.1,1,2014-05-03,0213,Terra,MODIS,91,6.2,301.4,46.1,D,0
-22.0627,123.0752,321.9,1.1,1.1,2014-05-03,0214,Terra,MODIS,72,6.2,303.1,13.5,D,0
-22.0613,123.0641,374.9,1.1,1.1,2014-05-03,0214,Terra,MODIS,87,6.2,307.1,151.7,D,0
-23.0012,122.6974,318.6,1.1,1.1,2014-05-03,0214,Terra,MODIS,68,6.2,300.6,12.8,D,0
-31.324,116.1823,318.8,1.1,1,2014-05-03,0216,Terra,MODIS,79,6.2,272.1,21.5,D,0
-31.0505,117.0115,306.7,1,1,2014-05-03,0216,Terra,MODIS,63,6.2,280.8,7.3,D,0
-31.0596,117.0095,303.8,1,1,2014-05-03,0216,Terra,MODIS,29,6.2,281.6,5.1,D,0
-31.3221,116.1709,310.6,1.1,1,2014-05-03,0216,Terra,MODIS,70,6.2,271.7,13.9,D,0
-31.0522,117.0223,304.4,1,1,2014-05-03,0216,Terra,MODIS,46,6.2,282,5.7,D,0
-32.7029,117.6207,321.2,1,1,2014-05-03,0217,Terra,MODIS,81,6.2,291.9,16.4,D,0
-32.5056,117.7132,306,1,1,2014-05-03,0217,Terra,MODIS,53,6.2,290.2,4,D,0
-32.5713,118.094,308.7,1,1,2014-05-03,0217,Terra,MODIS,0,6.2,283.9,9.7,D,0
-33.1438,117.1214,326.8,1,1,2014-05-03,0217,Terra,MODIS,80,6.2,289.9,22.3,D,0
-33.1422,117.1106,311,1,1,2014-05-03,0217,Terra,MODIS,63,6.2,287.4,7.5,D,0
-33.0887,117.0663,303.8,1,1,2014-05-03,0217,Terra,MODIS,45,6.2,286.4,4.5,D,0
-33.0346,117.743,305.6,1,1,2014-05-03,0217,Terra,MODIS,0,6.2,283.6,7.8,D,0
-34.1173,117.9066,311.6,1,1,2014-05-03,0217,Terra,MODIS,67,6.2,287.6,10.1,D,0
-32.8201,116.637,315,1,1,2014-05-03,0217,Terra,MODIS,75,6.2,292,11.5,D,0
-32.8218,116.648,315.8,1,1,2014-05-03,0217,Terra,MODIS,76,6.2,292.5,12.1,D,0
-32.8282,116.6405,346.2,1,1,2014-05-03,0217,Terra,MODIS,94,6.2,293,54.2,D,0
-33.0355,116.6054,307.1,1,1,2014-05-03,0217,Terra,MODIS,61,6.2,286.1,6.2,D,0
-33.1528,117.1195,328.6,1,1,2014-05-03,0217,Terra,MODIS,86,6.2,291.8,24.1,D,0
-31.9801,117.2263,307.8,1,1,2014-05-03,0217,Terra,MODIS,63,6.2,290.6,5.9,D,0
-34.1189,117.9174,342.9,1,1,2014-05-03,0217,Terra,MODIS,93,6.2,287.8,48.3,D,0
-31.9784,117.2156,309.3,1,1,2014-05-03,0217,Terra,MODIS,66,6.2,290.9,7,D,0
-28.3331,150.1031,343.6,2.8,1.6,2014-05-03,0318,Aqua,MODIS,88,6.2,286.2,223.5,D,0
-28.3344,150.0696,315.7,2.8,1.6,2014-05-03,0318,Aqua,MODIS,66,6.2,287.8,65.1,D,0
-28.332,150.0984,347.3,2.8,1.6,2014-05-03,0318,Aqua,MODIS,95,6.2,287,255.2,D,0
-28.3354,150.0743,328.3,2.8,1.6,2014-05-03,0318,Aqua,MODIS,86,6.2,288.3,121.9,D,0
-20.5467,122.9313,324.7,3.4,1.7,2014-05-03,0459,Aqua,MODIS,69,6.2,303.4,72.4,D,0
-20.5437,122.9637,326.9,3.4,1.7,2014-05-03,0459,Aqua,MODIS,75,6.2,306.6,86.3,D,0
-20.4812,122.9569,323.5,3.4,1.7,2014-05-03,0459,Aqua,MODIS,57,6.2,303.4,64.6,D,0
-20.4869,122.953,322,3.4,1.7,2014-05-03,0459,Aqua,MODIS,55,6.2,304.1,58.6,D,0
-21.211,123.6999,320.6,3,1.7,2014-05-03,0459,Aqua,MODIS,30,6.2,305.9,29.3,D,0
-21.1811,123.6969,321.4,3,1.7,2014-05-03,0459,Aqua,MODIS,23,6.2,306.1,30.1,D,0
-22.2794,124.3124,320.8,2.8,1.6,2014-05-03,0459,Aqua,MODIS,66,6.2,304.4,46.4,D,0
-22.2696,124.2907,318.5,2.8,1.6,2014-05-03,0459,Aqua,MODIS,50,6.2,304.6,40.1,D,0
-22.2672,124.3179,318.4,2.8,1.6,2014-05-03,0459,Aqua,MODIS,61,6.2,304.4,35.8,D,0
-19.5468,124.2273,326,2.6,1.6,2014-05-03,0459,Aqua,MODIS,60,6.2,309.3,41.7,D,0
-19.5543,124.21,335.5,2.6,1.6,2014-05-03,0459,Aqua,MODIS,80,6.2,307.3,93.6,D,0
-19.5495,124.2023,325,2.6,1.6,2014-05-03,0459,Aqua,MODIS,54,6.2,306.8,40.6,D,0
-15.035,131.7734,331.2,1,1,2014-05-03,0500,Aqua,MODIS,80,6.2,295.3,22.1,D,0
-15.9115,130.9848,325.1,1,1,2014-05-03,0500,Aqua,MODIS,53,6.2,307.4,6.7,D,0
-16.2209,130.0813,330.6,1,1,2014-05-03,0500,Aqua,MODIS,76,6.2,305,17.6,D,0
-15.6314,130.7556,334.1,1,1,2014-05-03,0500,Aqua,MODIS,80,6.2,307.2,20.4,D,0
-15.6571,130.769,322.7,1,1,2014-05-03,0500,Aqua,MODIS,48,6.2,306.5,6.9,D,0
-16.0218,130.7255,323.3,1,1,2014-05-03,0500,Aqua,MODIS,41,6.2,306.2,6.4,D,0
-16.029,130.4775,353.1,1,1,2014-05-03,0500,Aqua,MODIS,96,6.2,306.9,56.8,D,0
-16.0303,130.468,332.8,1,1,2014-05-03,0500,Aqua,MODIS,78,6.2,305.6,20.3,D,0
-16.0199,130.4761,343.6,1,1,2014-05-03,0500,Aqua,MODIS,89,6.2,304.9,37.6,D,0
-16.0212,130.4667,323,1,1,2014-05-03,0500,Aqua,MODIS,40,6.2,303.1,8.7,D,0
-16.025,130.5057,328.5,1,1,2014-05-03,0500,Aqua,MODIS,33,6.2,306.9,11.3,D,0
-16.0276,130.4869,336.2,1,1,2014-05-03,0500,Aqua,MODIS,72,6.2,306.4,23.1,D,0
-16.016,130.5044,340.8,1,1,2014-05-03,0500,Aqua,MODIS,87,6.2,307.6,29.6,D,0
-16.0173,130.495,354.4,1,1,2014-05-03,0500,Aqua,MODIS,96,6.2,307.4,57.8,D,0
-16.0186,130.4855,388.6,1,1,2014-05-03,0500,Aqua,MODIS,100,6.2,311.2,180.3,D,0
-15.3516,131.5541,331.5,1,1,2014-05-03,0500,Aqua,MODIS,78,6.2,307.7,16.2,D,0
-15.3439,131.5433,325.1,1,1,2014-05-03,0500,Aqua,MODIS,68,6.2,307.2,8.7,D,0
-15.3529,131.5447,338.5,1,1,2014-05-03,0500,Aqua,MODIS,86,6.2,308.8,26.2,D,0
-15.3835,131.5276,330.3,1,1,2014-05-03,0500,Aqua,MODIS,75,6.2,309.2,14.8,D,0
-15.3542,131.5354,328.8,1,1,2014-05-03,0500,Aqua,MODIS,71,6.2,306.4,12.3,D,0
-14.9214,131.0964,320.9,1,1,2014-05-03,0500,Aqua,MODIS,56,6.2,297.5,8.2,D,0
-16.2974,132.0118,338.7,1,1,2014-05-03,0500,Aqua,MODIS,87,6.2,304.3,30.8,D,0
-16.296,132.0212,343,1,1,2014-05-03,0500,Aqua,MODIS,90,6.2,305.6,36.7,D,0
-15.3622,131.2895,350,1,1,2014-05-03,0500,Aqua,MODIS,94,6.2,304.7,47.4,D,0
-16.2869,132.0198,322.1,1,1,2014-05-03,0500,Aqua,MODIS,38,6.2,304.1,8.1,D,0
-15.3648,131.271,327.5,1,1,2014-05-03,0500,Aqua,MODIS,72,6.2,301.5,12.6,D,0
-15.2689,130.9125,328.1,1,1,2014-05-03,0500,Aqua,MODIS,44,6.2,308,9.6,D,0
-17.199,126.1137,353.2,1.8,1.3,2014-05-03,0500,Aqua,MODIS,96,6.2,304.7,127.3,D,0
-16.5472,130.3798,323,1,1,2014-05-03,0500,Aqua,MODIS,55,6.2,304.5,8.8,D,0
-16.0946,130.7336,324.3,1,1,2014-05-03,0500,Aqua,MODIS,54,6.2,307.6,7.8,D,0
-15.4549,130.5736,327.9,1,1,2014-05-03,0500,Aqua,MODIS,44,6.2,309.2,7.1,D,0
-16.5642,130.324,332.6,1,1,2014-05-03,0500,Aqua,MODIS,57,6.2,307.7,18,D,0
-15.7653,129.5892,327.8,1.1,1,2014-05-03,0500,Aqua,MODIS,64,6.2,305.1,13.2,D,0
-16.3054,130.6728,326.5,1,1,2014-05-03,0500,Aqua,MODIS,58,6.2,307.6,9.5,D,0
-15.9205,130.9862,323.7,1,1,2014-05-03,0500,Aqua,MODIS,50,6.2,306.9,5.8,D,0
-15.0609,130.4989,325.6,1,1,2014-05-03,0500,Aqua,MODIS,41,6.2,303.7,10.9,D,0
-15.5618,130.4052,333.7,1,1,2014-05-03,0500,Aqua,MODIS,43,6.2,309.4,14.1,D,0
-15.26,130.9111,327.9,1,1,2014-05-03,0500,Aqua,MODIS,18,6.2,308.7,9.2,D,0
-16.0082,130.4936,333.7,1,1,2014-05-03,0500,Aqua,MODIS,79,6.2,303.7,20.9,D,0
-15.4772,130.4146,325.9,1,1,2014-05-03,0500,Aqua,MODIS,68,6.2,304.4,12.3,D,0
-15.5631,130.3958,359.9,1,1,2014-05-03,0500,Aqua,MODIS,99,6.2,308.9,68.7,D,0
-15.5277,130.3839,326.2,1,1,2014-05-03,0500,Aqua,MODIS,69,6.2,306,12.4,D,0
-15.4226,130.6068,326,1,1,2014-05-03,0500,Aqua,MODIS,69,6.2,308.8,7.8,D,0
-17.3418,129.2087,332.5,1.1,1.1,2014-05-03,0500,Aqua,MODIS,81,6.2,306,22.4,D,0
-17.3404,129.2193,330.2,1.1,1.1,2014-05-03,0500,Aqua,MODIS,78,6.2,305.2,18.3,D,0
-17.3455,129.2159,326.6,1.1,1.1,2014-05-03,0500,Aqua,MODIS,73,6.2,306.5,13.9,D,0
-17.3442,129.2265,322.1,1.1,1.1,2014-05-03,0500,Aqua,MODIS,63,6.2,304.7,8.2,D,0
-14.088,130.5585,320.1,1,1,2014-05-03,0501,Aqua,MODIS,65,6.2,288.5,9.9,D,0
-14.0893,130.5493,317.7,1,1,2014-05-03,0501,Aqua,MODIS,50,6.2,286.7,8.5,D,0
-13.9391,131.5276,317.7,1,1,2014-05-03,0501,Aqua,MODIS,60,6.2,290.5,11.4,D,0
-14.1876,131.2741,317.3,1,1,2014-05-03,0501,Aqua,MODIS,32,6.2,276.1,10.3,D,0
-14.84,130.5708,349.6,1,1,2014-05-03,0501,Aqua,MODIS,94,6.2,303.6,49.3,D,0
-14.8987,130.7366,324.5,1,1,2014-05-03,0501,Aqua,MODIS,69,6.2,304.9,8,D,0
-14.8414,130.5615,349.9,1,1,2014-05-03,0501,Aqua,MODIS,95,6.2,305,50.4,D,0
-14.1836,131.3019,320.7,1,1,2014-05-03,0501,Aqua,MODIS,62,6.2,281.4,12.6,D,0
-14.1746,131.3005,318.5,1,1,2014-05-03,0501,Aqua,MODIS,15,6.2,282.7,10.1,D,0
-13.2293,131.0933,308.1,1,1,2014-05-03,0501,Aqua,MODIS,43,6.2,278.2,5.9,D,0
-12.3017,136.8109,313.7,2.2,1.4,2014-05-03,0501,Aqua,MODIS,63,6.2,294.4,19.2,D,0
-14.2682,126.1235,323.3,1.6,1.2,2014-05-03,0501,Aqua,MODIS,50,6.2,293.7,22.8,D,0
-14.4704,126.0563,319.1,1.6,1.3,2014-05-03,0501,Aqua,MODIS,30,6.2,298.2,15.7,D,0
-14.4962,131.556,314,1,1,2014-05-03,0501,Aqua,MODIS,43,6.2,283.2,6.9,D,0
-14.4872,131.5546,314.6,1,1,2014-05-03,0501,Aqua,MODIS,57,6.2,281.6,7.5,D,0
-14.6528,127.8416,328.6,1.2,1.1,2014-05-03,0501,Aqua,MODIS,78,6.2,305,19.7,D,0
-14.0011,130.4541,317.5,1,1,2014-05-03,0501,Aqua,MODIS,55,6.2,293.3,6.7,D,0
-14.0101,130.4554,319.2,1,1,2014-05-03,0501,Aqua,MODIS,62,6.2,293.9,8.8,D,0
-15.0369,127.9368,328.4,1.2,1.1,2014-05-03,0501,Aqua,MODIS,65,6.2,305.4,14.9,D,0
-15.0363,127.9431,324.1,1.2,1.1,2014-05-03,0501,Aqua,MODIS,48,6.2,305.2,10.5,D,0
-14.2598,126.2842,320.7,1.6,1.2,2014-05-03,0501,Aqua,MODIS,71,6.2,297.3,19.8,D,0
-14.8811,130.0812,337.5,1,1,2014-05-03,0501,Aqua,MODIS,86,6.2,304.9,27.4,D,0
-14.8721,130.0798,323,1,1,2014-05-03,0501,Aqua,MODIS,35,6.2,303.3,8.3,D,0
-14.6428,127.8402,323.9,1.2,1.1,2014-05-03,0501,Aqua,MODIS,72,6.2,303.2,13.1,D,0
-14.6543,127.8301,331.3,1.2,1.1,2014-05-03,0501,Aqua,MODIS,81,6.2,304.6,24.4,D,0
-14.6443,127.8288,332,1.2,1.1,2014-05-03,0501,Aqua,MODIS,82,6.2,302.4,26.7,D,0
-32.3298,116.5416,318.9,1.7,1.3,2014-05-03,0634,Aqua,MODIS,0,6.2,289.8,33,D,0
-31.8206,117.9562,310.4,2.2,1.4,2014-05-03,0634,Aqua,MODIS,37,6.2,293.6,18.4,D,0
-31.5845,116.9561,304.9,1.9,1.4,2014-05-03,0634,Aqua,MODIS,0,6.2,287.6,11.3,D,0
-33.4117,119.6587,307.2,2.6,1.5,2014-05-03,0634,Aqua,MODIS,61,6.2,287.7,29.1,D,0
-32.8012,117.72,335.2,2,1.4,2014-05-03,0634,Aqua,MODIS,89,6.2,293.5,87.8,D,0
-32.5567,117.9975,305,2.1,1.4,2014-05-03,0634,Aqua,MODIS,58,6.2,290,11.1,D,0
-32.5247,117.0305,312.2,1.8,1.3,2014-05-03,0634,Aqua,MODIS,0,6.2,287.1,21.6,D,0
-32.8056,117.6987,321.1,2,1.4,2014-05-03,0634,Aqua,MODIS,80,6.2,293.5,39.4,D,0
-32.3379,117.5769,323.4,2,1.4,2014-05-03,0634,Aqua,MODIS,25,6.2,288.9,48.4,D,0
-32.3333,116.5237,325.6,1.7,1.3,2014-05-03,0634,Aqua,MODIS,60,6.2,287.8,48.6,D,0
-33.4222,119.6568,307.2,2.6,1.5,2014-05-03,0634,Aqua,MODIS,65,6.2,289.4,29.2,D,0
-32.3337,117.5929,317.8,2,1.4,2014-05-03,0634,Aqua,MODIS,0,6.2,286.4,41,D,0
-32.556,118.0046,304.8,2.1,1.4,2014-05-03,0634,Aqua,MODIS,57,6.2,290,11.3,D,0
-32.7933,117.6952,308.8,2,1.4,2014-05-03,0634,Aqua,MODIS,32,6.2,292.2,11.7,D,0
-32.7889,117.7166,322.3,2,1.4,2014-05-03,0634,Aqua,MODIS,81,6.2,292.8,44.1,D,0
-32.7998,117.7119,338.3,2,1.4,2014-05-03,0634,Aqua,MODIS,91,6.2,294.6,100.3,D,0
-32.5207,117.4596,318.5,2,1.4,2014-05-03,0634,Aqua,MODIS,78,6.2,291.9,36.5,D,0
-33.0723,119.7027,314.7,2.7,1.6,2014-05-03,0634,Aqua,MODIS,71,6.2,289.1,54,D,0
-32.8405,116.1736,332.2,1.6,1.2,2014-05-03,0634,Aqua,MODIS,54,6.2,287.2,58.3,D,0
-32.8372,116.1909,328.5,1.6,1.2,2014-05-03,0634,Aqua,MODIS,0,6.2,287.6,48.1,D,0
-33.0376,117.0697,308.5,1.8,1.3,2014-05-03,0634,Aqua,MODIS,65,6.2,292.1,13.7,D,0
-32.9168,117.3396,306.3,1.9,1.3,2014-05-03,0634,Aqua,MODIS,48,6.2,291.6,12,D,0
-33.6105,116.9344,321.4,1.7,1.3,2014-05-03,0634,Aqua,MODIS,76,6.2,290.1,37.1,D,0
-33.2756,117.7995,309.9,2,1.4,2014-05-03,0634,Aqua,MODIS,52,6.2,293.9,15.5,D,0
-31.5728,116.7404,318.3,1.9,1.3,2014-05-03,0634,Aqua,MODIS,0,6.2,283,37.3,D,0
-33.7174,116.5692,307.1,1.6,1.3,2014-05-03,0634,Aqua,MODIS,51,6.2,293.5,10,D,0
-33.343,116.8335,308.1,1.7,1.3,2014-05-03,0634,Aqua,MODIS,33,6.2,292.1,12.1,D,0
-33.3503,116.8428,309,1.7,1.3,2014-05-03,0634,Aqua,MODIS,56,6.2,293.6,13,D,0
-33.2898,117.5418,317.6,1.9,1.3,2014-05-03,0634,Aqua,MODIS,78,6.2,291.8,31.1,D,0
-34.183,118.5643,304.4,2.1,1.4,2014-05-03,0634,Aqua,MODIS,0,6.2,288.3,15,D,0
-34.185,118.5598,305.4,2.1,1.4,2014-05-03,0634,Aqua,MODIS,46,6.2,288.1,17.7,D,0
-33.1486,117.1085,306.6,1.8,1.3,2014-05-03,0634,Aqua,MODIS,46,6.2,288.6,11,D,0
-33.0032,116.7777,313,1.7,1.3,2014-05-03,0634,Aqua,MODIS,62,6.2,288.5,21.2,D,0
-33.0068,116.7592,307.7,1.7,1.3,2014-05-03,0634,Aqua,MODIS,0,6.2,285.6,13.7,D,0
-32.9341,116.7128,313.1,1.7,1.3,2014-05-03,0634,Aqua,MODIS,0,6.2,286.4,22.6,D,0
-33.0662,119.7306,318,2.7,1.6,2014-05-03,0634,Aqua,MODIS,74,6.2,287.7,65.9,D,0
-33.5192,117.6425,327.2,1.9,1.4,2014-05-03,0634,Aqua,MODIS,85,6.2,291,58,D,0
-33.0081,116.8772,313,1.8,1.3,2014-05-03,0634,Aqua,MODIS,62,6.2,289.6,20.7,D,0
-33.7709,116.3494,315.5,1.6,1.2,2014-05-03,0634,Aqua,MODIS,76,6.2,291.8,21.8,D,0
-33.7677,116.3661,307,1.6,1.2,2014-05-03,0634,Aqua,MODIS,53,6.2,291.7,10,D,0
-32.9374,117.6313,303.2,2,1.4,2014-05-03,0634,Aqua,MODIS,31,6.2,286.7,7.9,D,0
-33.4432,117.1499,326.4,1.8,1.3,2014-05-03,0634,Aqua,MODIS,84,6.2,294.6,47.7,D,0
-33.0414,117.0507,314.5,1.8,1.3,2014-05-03,0634,Aqua,MODIS,74,6.2,293,24.6,D,0
-33.4395,117.1688,344.8,1.8,1.3,2014-05-03,0634,Aqua,MODIS,89,6.2,293.7,110.2,D,0
-21.826,115.9755,315.7,2.7,1.6,2014-05-03,0637,Aqua,MODIS,61,6.2,283.2,35,D,0
-26.7959,150.1988,300.3,1,1,2014-05-03,1243,Terra,MODIS,23,6.2,280.3,7.7,N,2
-29.186,148.8969,302.9,1.1,1.1,2014-05-03,1243,Terra,MODIS,52,6.2,278.1,11.6,N,0
-28.3333,150.1038,300.3,1,1,2014-05-03,1243,Terra,MODIS,24,6.2,280.4,7.8,N,0
-28.3256,150.0918,314.3,1,1,2014-05-03,1243,Terra,MODIS,89,6.2,280.4,16.9,N,0
-20.4677,122.9602,312.4,1.1,1,2014-05-03,1424,Terra,MODIS,53,6.2,288.4,12.4,N,0
-20.4276,122.9271,321.4,1.1,1,2014-05-03,1424,Terra,MODIS,100,6.2,290,21,N,0
-20.4619,122.9531,308.7,1.1,1,2014-05-03,1424,Terra,MODIS,31,6.2,288.1,9.2,N,0
-20.4355,122.9387,309.4,1.1,1,2014-05-03,1424,Terra,MODIS,57,6.2,289.1,10.3,N,0
-20.5445,122.9513,301.1,1.1,1,2014-05-03,1424,Terra,MODIS,10,6.2,287.2,5.3,N,0
-20.5394,122.9194,301.8,1.1,1,2014-05-03,1424,Terra,MODIS,34,6.2,288.1,5.7,N,0
-20.5473,122.931,309.7,1.1,1,2014-05-03,1424,Terra,MODIS,78,6.2,288.6,11,N,0
-20.4369,122.9285,325.5,1.1,1,2014-05-03,1424,Terra,MODIS,100,6.2,290.4,26.2,N,0
-20.4448,122.9401,326.3,1.1,1,2014-05-03,1424,Terra,MODIS,100,6.2,290,26.5,N,0
-20.429,122.9169,314.7,1.1,1,2014-05-03,1424,Terra,MODIS,90,6.2,289.9,14.6,N,0
-20.5459,122.9411,311.7,1.1,1,2014-05-03,1424,Terra,MODIS,83,6.2,288.3,12.8,N,0
-21.0315,123.3514,301.2,1,1,2014-05-03,1424,Terra,MODIS,38,6.2,288.7,5.7,N,0
-19.5725,124.3288,302,1,1,2014-05-03,1424,Terra,MODIS,46,6.2,288,6.2,N,0
-20.4606,122.9632,314.6,1.1,1,2014-05-03,1424,Terra,MODIS,89,6.2,288.6,14.3,N,0
-20.4849,122.9732,302.7,1.1,1,2014-05-03,1424,Terra,MODIS,51,6.2,287.5,6.5,N,0
-20.4527,122.9516,314.6,1.1,1,2014-05-03,1424,Terra,MODIS,31,6.2,288.9,13.5,N,0
-20.2435,123.7403,300.8,1,1,2014-05-03,1424,Terra,MODIS,34,6.2,288.1,5.4,N,0
-20.8847,119.7244,302.5,1.6,1.2,2014-05-03,1424,Terra,MODIS,49,6.2,289.9,9.4,N,0
-17.329,129.1951,308.4,1.8,1.3,2014-05-03,1424,Terra,MODIS,74,6.2,288.2,20.8,N,0
-14.2462,126.1435,307.2,1.2,1.1,2014-05-03,1425,Terra,MODIS,31,6.2,292.6,8,N,0
-15.596,128.5542,303.7,3.7,1.8,2014-05-03,1730,Aqua,MODIS,56,6.2,291,28.4,N,0
-20.4477,122.9578,300.3,1.7,1.3,2014-05-03,1732,Aqua,MODIS,11,6.2,286.4,10,N,0
-20.5477,122.9483,300.3,1.7,1.3,2014-05-03,1732,Aqua,MODIS,22,6.2,285.9,10.9,N,0
-20.5459,122.9325,303.3,1.7,1.3,2014-05-03,1732,Aqua,MODIS,54,6.2,286.6,14.5,N,0
-20.4448,122.951,302.4,1.7,1.3,2014-05-03,1732,Aqua,MODIS,37,6.2,286.5,12.6,N,0
-14.7308,131.4973,327.6,1.6,1.2,2014-05-04,0116,Terra,MODIS,81,6.2,294.6,34.9,D,0
-14.555,131.4805,329,1.6,1.2,2014-05-04,0116,Terra,MODIS,82,6.2,293.9,42,D,0
-14.7394,131.4804,318.7,1.6,1.2,2014-05-04,0116,Terra,MODIS,67,6.2,295.1,17.1,D,0
-14.7283,131.4824,328.1,1.6,1.2,2014-05-04,0116,Terra,MODIS,81,6.2,294.2,36.6,D,0
-14.5575,131.4952,315.6,1.6,1.2,2014-05-04,0116,Terra,MODIS,40,6.2,294.6,13,D,0
-14.5463,131.497,314.5,1.6,1.2,2014-05-04,0116,Terra,MODIS,35,6.2,293.2,11,D,0
-14.9264,131.088,315.1,1.7,1.3,2014-05-04,0116,Terra,MODIS,35,6.2,297.2,10.8,D,0
-14.4331,131.508,335.7,1.6,1.2,2014-05-04,0116,Terra,MODIS,87,6.2,293.5,58.9,D,0
-14.4356,131.5229,335.7,1.6,1.2,2014-05-04,0116,Terra,MODIS,87,6.2,293.7,58.6,D,0
-14.6608,131.5609,312.6,1.6,1.2,2014-05-04,0116,Terra,MODIS,48,6.2,292.1,7.4,D,0
-14.4468,131.5209,315.2,1.6,1.2,2014-05-04,0116,Terra,MODIS,63,6.2,292.8,12.9,D,0
-14.64,131.5051,312.7,1.6,1.2,2014-05-04,0116,Terra,MODIS,55,6.2,292.4,10.6,D,0
-14.6424,131.5197,315.8,1.6,1.2,2014-05-04,0116,Terra,MODIS,64,6.2,291.8,14.6,D,0
-15.0337,130.8988,320.1,1.7,1.3,2014-05-04,0116,Terra,MODIS,71,6.2,296.8,19.4,D,0
-14.9847,131.7772,329.2,1.5,1.2,2014-05-04,0116,Terra,MODIS,77,6.2,294.2,37.9,D,0
-15.2528,134.4867,321.8,1.1,1,2014-05-04,0116,Terra,MODIS,32,6.2,297.4,10.8,D,0
-15.2512,134.4769,329.7,1.1,1,2014-05-04,0116,Terra,MODIS,73,6.2,297.7,19.6,D,0
-15.2802,134.4964,312.3,1.1,1,2014-05-04,0116,Terra,MODIS,35,6.2,294.3,4.3,D,0
-15.2312,134.47,330.6,1.1,1,2014-05-04,0116,Terra,MODIS,74,6.2,298.3,22.7,D,0
-15.2482,134.4571,338.2,1.1,1,2014-05-04,0116,Terra,MODIS,89,6.2,294.8,35,D,0
-15.2786,134.4866,319.8,1.1,1,2014-05-04,0116,Terra,MODIS,73,6.2,295.2,11.3,D,0
-15.2497,134.467,373.3,1.1,1,2014-05-04,0116,Terra,MODIS,100,6.2,299.7,129.6,D,0
-15.2297,134.4601,319.9,1.1,1,2014-05-04,0116,Terra,MODIS,46,6.2,298.3,10.7,D,0
-15.6656,130.7668,314.4,1.7,1.3,2014-05-04,0117,Terra,MODIS,48,6.2,295.3,10.4,D,0
-16.5705,130.3212,311.9,1.8,1.3,2014-05-04,0117,Terra,MODIS,46,6.2,293.4,10.3,D,0
-15.7407,131.1963,324.3,1.6,1.2,2014-05-04,0117,Terra,MODIS,77,6.2,298.3,26.2,D,0
-15.7392,131.1884,331.1,1.6,1.2,2014-05-04,0117,Terra,MODIS,83,6.2,298.8,43.1,D,0
-15.7382,131.182,320.5,1.6,1.2,2014-05-04,0117,Terra,MODIS,72,6.2,298.4,18.6,D,0
-16.0905,130.7467,316,1.7,1.3,2014-05-04,0117,Terra,MODIS,63,6.2,295.4,15.2,D,0
-17.221,126.1223,316,3.6,1.8,2014-05-04,0117,Terra,MODIS,67,6.2,292.5,53.5,D,0
-15.9229,130.9814,316,1.6,1.3,2014-05-04,0117,Terra,MODIS,64,6.2,297.5,11.8,D,0
-15.2694,130.9364,317.3,1.7,1.3,2014-05-04,0117,Terra,MODIS,58,6.2,297.7,12.2,D,0
-16.2065,130.6062,316.9,1.7,1.3,2014-05-04,0117,Terra,MODIS,52,6.2,293.5,15.7,D,0
-15.4429,130.5927,316.1,1.8,1.3,2014-05-04,0117,Terra,MODIS,53,6.2,295.9,11.8,D,0
-15.0434,130.4834,313.3,1.9,1.3,2014-05-04,0117,Terra,MODIS,47,6.2,294.7,12.6,D,0
-16.2137,130.598,322.2,1.7,1.3,2014-05-04,0117,Terra,MODIS,74,6.2,293.7,29.4,D,0
-15.8498,130.2781,318.3,1.9,1.3,2014-05-04,0117,Terra,MODIS,64,6.2,296.9,20.3,D,0
-15.6013,128.4989,315.6,2.5,1.5,2014-05-04,0117,Terra,MODIS,31,6.2,297.4,21.3,D,0
-17.2288,126.1279,319.4,3.6,1.8,2014-05-04,0117,Terra,MODIS,72,6.2,292.2,71.3,D,0
-15.7672,131.8221,321.1,1.4,1.2,2014-05-04,0117,Terra,MODIS,73,6.2,296.8,20.6,D,0
-15.3933,131.5296,315,1.5,1.2,2014-05-04,0117,Terra,MODIS,43,6.2,296.4,9.3,D,0
-15.5153,132.0006,319.9,1.4,1.2,2014-05-04,0117,Terra,MODIS,59,6.2,297.7,16,D,0
-15.5214,132.0066,316.3,1.4,1.2,2014-05-04,0117,Terra,MODIS,61,6.2,297.5,11.5,D,0
-15.3909,131.5153,334.4,1.5,1.2,2014-05-04,0117,Terra,MODIS,86,6.2,298,50,D,0
-15.3885,131.501,332.7,1.5,1.2,2014-05-04,0117,Terra,MODIS,85,6.2,297.8,45.3,D,0
-15.7649,131.8087,317,1.5,1.2,2014-05-04,0117,Terra,MODIS,67,6.2,296.3,14.6,D,0
-20.7381,139.4759,315.5,1.5,1.2,2014-05-04,0118,Terra,MODIS,41,6.2,301,11.9,D,2
-34.468,150.8775,309.6,1,1,2014-05-04,0359,Aqua,MODIS,65,6.2,295,7.6,D,2
-34.4663,150.8887,311.4,1,1,2014-05-04,0359,Aqua,MODIS,0,6.2,294.5,8.9,D,2
-32.5191,151.7917,311,1.1,1.1,2014-05-04,0400,Aqua,MODIS,71,6.2,290.2,12,D,0
-32.5211,151.7796,309.2,1.1,1.1,2014-05-04,0400,Aqua,MODIS,68,6.2,291.7,10.4,D,0
-31.64,152.4938,300.5,1.3,1.1,2014-05-04,0400,Aqua,MODIS,38,6.2,282.3,8.8,D,0
-28.5194,149.4656,316.2,1,1,2014-05-04,0401,Aqua,MODIS,73,6.2,298.1,9.9,D,0
-28.3309,148.4499,320.3,1,1,2014-05-04,0401,Aqua,MODIS,75,6.2,299.4,12.2,D,0
-28.3294,148.4601,321.3,1,1,2014-05-04,0401,Aqua,MODIS,77,6.2,299.4,13.2,D,0
-28.5302,149.4569,313.1,1,1,2014-05-04,0401,Aqua,MODIS,53,6.2,297.3,7.2,D,0
-26.5125,149.9884,306.6,1.1,1.1,2014-05-04,0402,Aqua,MODIS,30,6.2,295.8,5,D,0
-26.503,149.9865,307.1,1.1,1.1,2014-05-04,0402,Aqua,MODIS,35,6.2,294,5.8,D,0
-26.6188,149.1248,313,1.1,1,2014-05-04,0402,Aqua,MODIS,66,6.2,299.7,6.8,D,0
-26.7982,150.2006,312.1,1.1,1.1,2014-05-04,0402,Aqua,MODIS,69,6.2,296.2,9.2,D,2
-22.7892,147.5307,312.6,1,1,2014-05-04,0403,Aqua,MODIS,43,6.2,301.8,5.1,D,0
-22.7802,147.5292,315.1,1,1,2014-05-04,0403,Aqua,MODIS,62,6.2,301.8,7.2,D,0
-19.1755,146.0104,316,1,1,2014-05-04,0404,Aqua,MODIS,64,6.2,300.9,8.4,D,0
-19.1466,146.0832,315.3,1,1,2014-05-04,0404,Aqua,MODIS,31,6.2,299,8.2,D,0
-19.1845,146.0119,316.2,1,1,2014-05-04,0404,Aqua,MODIS,64,6.2,301.7,8.2,D,0
-19.1556,146.0846,320.4,1,1,2014-05-04,0404,Aqua,MODIS,72,6.2,301.5,13.1,D,0
-15.4641,141.6683,311.3,1.3,1.1,2014-05-04,0405,Aqua,MODIS,57,6.2,299.1,7.8,D,0
-13.2007,142.6763,311.2,1.1,1,2014-05-04,0405,Aqua,MODIS,58,6.2,296.4,6.4,D,0
-15.2365,134.4608,316.8,4.3,1.9,2014-05-04,0405,Aqua,MODIS,67,6.2,289.2,78.7,D,0
-15.2384,134.4685,315.7,4.3,1.9,2014-05-04,0405,Aqua,MODIS,64,6.2,288.9,71.6,D,0
-13.2112,142.7386,310,1.1,1,2014-05-04,0405,Aqua,MODIS,53,6.2,296.3,5.3,D,0
-14.216,133.9068,332.2,4.6,2,2014-05-04,0405,Aqua,MODIS,85,6.2,289.4,234.9,D,0
-14.1982,133.9051,320.4,4.6,2,2014-05-04,0405,Aqua,MODIS,61,6.2,289.3,110.8,D,0
-14.22,133.8711,320.3,4.7,2,2014-05-04,0405,Aqua,MODIS,55,6.2,289,109.9,D,0
-14.2156,133.9144,327.8,4.6,2,2014-05-04,0405,Aqua,MODIS,81,6.2,289.4,184.2,D,0
-14.1978,133.9126,317.2,4.6,2,2014-05-04,0405,Aqua,MODIS,25,6.2,289.1,80,D,0
-20.5572,122.9947,326,1.1,1,2014-05-04,0542,Aqua,MODIS,42,6.2,309.6,9.2,D,0
-20.5572,122.9325,332.5,1.1,1,2014-05-04,0542,Aqua,MODIS,50,6.2,308.9,17.8,D,0
-20.5587,122.9224,338.7,1.1,1,2014-05-04,0542,Aqua,MODIS,83,6.2,308.4,29.8,D,0
-20.5526,122.9007,330.1,1.1,1,2014-05-04,0542,Aqua,MODIS,66,6.2,306.7,19,D,0
-20.4444,122.9485,325.8,1.1,1,2014-05-04,0542,Aqua,MODIS,56,6.2,307.1,11.8,D,0
-21.0353,123.3577,325.2,1.1,1,2014-05-04,0542,Aqua,MODIS,63,6.2,310.8,9.9,D,0
-20.5465,123.0032,327.5,1.1,1,2014-05-04,0542,Aqua,MODIS,44,6.2,311.5,10.3,D,0
-21.0369,123.3474,324.7,1.1,1,2014-05-04,0542,Aqua,MODIS,61,6.2,312.4,9.1,D,0
-19.5819,124.3306,326.8,1.2,1.1,2014-05-04,0542,Aqua,MODIS,67,6.2,310.8,12,D,0
-20.5618,122.9644,328.5,1.1,1,2014-05-04,0542,Aqua,MODIS,51,6.2,308.4,12.3,D,0
-20.661,119.4756,363.4,1.1,1,2014-05-04,0542,Aqua,MODIS,100,6.2,305.7,92,D,0
-20.6624,119.4651,355.1,1.1,1,2014-05-04,0542,Aqua,MODIS,97,6.2,301.7,67.5,D,0
-20.653,119.4637,330.4,1.1,1,2014-05-04,0542,Aqua,MODIS,69,6.2,302.2,15.8,D,0
-20.6436,119.4623,342.8,1.1,1,2014-05-04,0542,Aqua,MODIS,90,6.2,308.6,36.7,D,0
-20.645,119.4518,344.7,1.1,1,2014-05-04,0542,Aqua,MODIS,91,6.2,310.5,41.4,D,0
-20.6356,119.4503,389.9,1.1,1,2014-05-04,0542,Aqua,MODIS,100,6.2,309.3,208.5,D,0
-20.6369,119.4398,381.2,1.1,1,2014-05-04,0542,Aqua,MODIS,100,6.2,307.4,164,D,0
-20.6262,119.4489,320.9,1.1,1,2014-05-04,0542,Aqua,MODIS,37,6.2,301.3,3.5,D,0
-20.8932,119.7313,326.5,1.1,1,2014-05-04,0542,Aqua,MODIS,69,6.2,296.6,14.7,D,0
-20.8945,119.721,336,1.1,1,2014-05-04,0542,Aqua,MODIS,84,6.2,295.1,28.6,D,0
-20.2481,123.7441,331.7,1.1,1.1,2014-05-04,0542,Aqua,MODIS,77,6.2,313.1,18.9,D,0
-20.2464,123.755,324.6,1.1,1.1,2014-05-04,0542,Aqua,MODIS,55,6.2,310.3,9,D,0
-22.8672,122.5649,328.2,1,1,2014-05-04,0542,Aqua,MODIS,75,6.2,308.6,16.1,D,0
-22.8658,122.5747,322.9,1,1,2014-05-04,0542,Aqua,MODIS,65,6.2,309.3,9.8,D,0
-16.3853,130.5357,315.7,3.9,1.8,2014-05-04,0543,Aqua,MODIS,54,6.2,296.6,43.3,D,0
-16.3889,130.5415,315.1,3.9,1.8,2014-05-04,0543,Aqua,MODIS,51,6.2,296.5,38.9,D,0
-15.4404,130.5867,316.2,4.2,1.9,2014-05-04,0543,Aqua,MODIS,48,6.2,296,41.4,D,0
-18.6507,121.8292,334.5,1,1,2014-05-04,0543,Aqua,MODIS,81,6.2,307,23,D,0
-17.9979,123.8627,324.8,1.2,1.1,2014-05-04,0543,Aqua,MODIS,69,6.2,302.3,18.1,D,0
-14.6519,125.7912,317,1.9,1.3,2014-05-04,0544,Aqua,MODIS,49,6.2,298.4,17.4,D,0
-14.6279,125.7871,320.2,1.9,1.3,2014-05-04,0544,Aqua,MODIS,50,6.2,298.7,22.9,D,0
-28.3262,150.0875,323.9,3.2,1.7,2014-05-04,1326,Terra,MODIS,100,6.2,282.2,139,N,0
-28.3299,150.0598,305,3.2,1.7,2014-05-04,1326,Terra,MODIS,62,6.2,280.3,53.3,N,0
-28.3228,150.0916,320.2,3.2,1.7,2014-05-04,1326,Terra,MODIS,100,6.2,281.9,116.5,N,0
-20.737,139.4724,302.5,1,1,2014-05-04,1328,Terra,MODIS,49,6.2,284.1,7,N,0
-14.6481,131.5058,301.8,1.9,1.3,2014-05-04,1330,Terra,MODIS,44,6.2,291,8.7,N,0
-14.5422,131.4797,301.1,1.9,1.3,2014-05-04,1330,Terra,MODIS,20,6.2,290.5,8.1,N,0
-15.291,134.4763,300.4,1.2,1.1,2014-05-04,1330,Terra,MODIS,21,6.2,287.6,4.9,N,0
-28.3249,150.095,341.9,1.4,1.2,2014-05-04,1500,Aqua,MODIS,100,6.2,284.5,85.7,N,0
-28.3291,150.0886,328.6,1.4,1.2,2014-05-04,1500,Aqua,MODIS,100,6.2,282.9,52.5,N,0
-28.3224,150.0805,319.1,1.4,1.2,2014-05-04,1500,Aqua,MODIS,98,6.2,281.5,35,N,0
-20.4269,122.9291,300.2,3.3,1.7,2014-05-04,1507,Terra,MODIS,20,6.2,286.5,25.8,N,0
-15.5837,131.6957,302,1,1,2014-05-04,1635,Aqua,MODIS,46,6.2,288.6,5,N,0
-14.5427,131.4538,303.1,1.1,1,2014-05-04,1635,Aqua,MODIS,53,6.2,285.4,6.2,N,0
-15.5976,130.7522,301.5,1.1,1.1,2014-05-04,1635,Aqua,MODIS,42,6.2,291.2,3.8,N,0
-22.8513,148.6352,322.1,1,1,2014-05-05,0023,Terra,MODIS,81,6.2,284.6,19.3,D,0
-22.2464,145.1279,318.5,1.3,1.1,2014-05-05,0023,Terra,MODIS,75,6.2,296.3,15.3,D,0
-26.2347,151.9975,305,1.5,1.2,2014-05-05,0024,Terra,MODIS,60,6.2,294,8.7,D,0
-26.0658,149.9264,304.9,1.1,1.1,2014-05-05,0024,Terra,MODIS,52,6.2,294.9,2.9,D,0
-26.0673,149.9378,313.8,1.1,1.1,2014-05-05,0024,Terra,MODIS,73,6.2,295.9,10.6,D,0
-27.4724,150.5301,324.9,1.3,1.1,2014-05-05,0024,Terra,MODIS,83,6.2,292.7,30.3,D,0
-26.5098,149.996,315.1,1.2,1.1,2014-05-05,0024,Terra,MODIS,75,6.2,293.8,14.2,D,0
-27.0635,150.0293,318.7,1.2,1.1,2014-05-05,0024,Terra,MODIS,78,6.2,295.4,16.4,D,0
-28.194,149.4661,306.3,1.1,1.1,2014-05-05,0024,Terra,MODIS,44,6.2,286.1,9.6,D,0
-28.1954,149.4777,317.4,1.1,1.1,2014-05-05,0024,Terra,MODIS,78,6.2,282.8,20.6,D,0
-28.1914,149.4725,322.2,1.1,1.1,2014-05-05,0024,Terra,MODIS,81,6.2,285.5,24,D,0
-30.4366,148.5779,317,1.1,1,2014-05-05,0025,Terra,MODIS,77,6.2,294.8,13.7,D,0
-30.4381,148.5894,306.1,1.1,1,2014-05-05,0025,Terra,MODIS,57,6.2,293.2,4.1,D,0
-30.9366,152.5418,301.2,1.9,1.3,2014-05-05,0025,Terra,MODIS,45,6.2,289.9,9.9,D,0
-31.3941,150.087,301.4,1.3,1.1,2014-05-05,0025,Terra,MODIS,27,6.2,282.7,7.1,D,0
-30.3548,148.9556,311.4,1.1,1.1,2014-05-05,0025,Terra,MODIS,71,6.2,293,10.3,D,0
-36.0559,149.8767,320.5,1.5,1.2,2014-05-05,0026,Terra,MODIS,80,6.2,283.8,36.5,D,0
-35.7893,150.0391,327,1.5,1.2,2014-05-05,0026,Terra,MODIS,85,6.2,289.1,48.1,D,0
-36.0541,149.859,342.6,1.5,1.2,2014-05-05,0026,Terra,MODIS,93,6.2,284.8,88.8,D,0
-35.791,150.0555,308.7,1.5,1.2,2014-05-05,0026,Terra,MODIS,67,6.2,286.8,17.8,D,0
-37.8626,140.9812,310.2,1.2,1.1,2014-05-05,0027,Terra,MODIS,53,6.2,280.5,14.4,D,0
-37.7516,140.7579,313.8,1.2,1.1,2014-05-05,0027,Terra,MODIS,74,6.2,286.3,18.2,D,0
-13.5208,131.7222,312.2,2,1.4,2014-05-05,0159,Terra,MODIS,61,6.2,297.3,12.3,D,0
-13.5231,131.7409,320.3,2,1.4,2014-05-05,0159,Terra,MODIS,75,6.2,297.6,32.7,D,0
-15.0166,130.8873,335.7,1.8,1.3,2014-05-05,0159,Terra,MODIS,87,6.2,304.3,61.5,D,0
-14.6529,131.5,319.5,2,1.4,2014-05-05,0159,Terra,MODIS,71,6.2,298.9,28.4,D,0
-14.6552,131.5191,321.3,2,1.4,2014-05-05,0159,Terra,MODIS,74,6.2,299.1,31.5,D,0
-14.5304,131.4717,325.9,2,1.4,2014-05-05,0159,Terra,MODIS,62,6.2,300,40.7,D,0
-14.3227,130.9309,319.8,1.8,1.3,2014-05-05,0159,Terra,MODIS,66,6.2,300.3,22,D,0
-14.4337,131.5283,317.6,2,1.4,2014-05-05,0159,Terra,MODIS,37,6.2,301.3,18.7,D,0
-14.7154,131.4927,314.6,2,1.4,2014-05-05,0159,Terra,MODIS,44,6.2,300,15.3,D,0
-15.01,130.8822,320.6,1.8,1.3,2014-05-05,0159,Terra,MODIS,66,6.2,303,17.5,D,0
-14.5449,131.464,321.7,2,1.4,2014-05-05,0159,Terra,MODIS,68,6.2,301,31.9,D,0
-15.012,130.8992,343.2,1.9,1.3,2014-05-05,0159,Terra,MODIS,91,6.2,304.3,93.6,D,0
-14.5325,131.4657,330.2,2,1.4,2014-05-05,0159,Terra,MODIS,83,6.2,300.3,57.1,D,0
-15.584,131.6787,316.5,2.2,1.4,2014-05-05,0159,Terra,MODIS,60,6.2,299.4,21.6,D,0
-14.3108,130.9322,318.9,1.8,1.3,2014-05-05,0159,Terra,MODIS,55,6.2,301.6,19.7,D,0
-12.9739,131.6239,315.2,2,1.4,2014-05-05,0159,Terra,MODIS,66,6.2,296.8,18.8,D,0
-15.5863,131.6989,317.8,2.2,1.4,2014-05-05,0159,Terra,MODIS,52,6.2,300.5,24.4,D,0
-15.0188,130.9042,336.3,1.9,1.3,2014-05-05,0159,Terra,MODIS,87,6.2,304.7,64.1,D,0
-15.591,131.7392,315.8,2.2,1.4,2014-05-05,0159,Terra,MODIS,52,6.2,298.2,19.4,D,0
-14.4506,133.2712,314.4,2.8,1.6,2014-05-05,0159,Terra,MODIS,61,6.2,300.5,22.7,D,0
-15.0628,131.5611,319.7,2.1,1.4,2014-05-05,0159,Terra,MODIS,70,6.2,301.2,25.8,D,0
-15.0651,131.5804,316.4,2.1,1.4,2014-05-05,0159,Terra,MODIS,37,6.2,301.2,17,D,0
-14.492,131.5715,316,2,1.4,2014-05-05,0159,Terra,MODIS,60,6.2,301,15.6,D,0
-15.0649,130.4818,319.8,1.7,1.3,2014-05-05,0159,Terra,MODIS,66,6.2,300.4,18.9,D,0
-15.3324,131.0879,319,1.9,1.4,2014-05-05,0159,Terra,MODIS,68,6.2,302.8,19.4,D,0
-14.8674,130.0827,317.8,1.6,1.2,2014-05-05,0159,Terra,MODIS,62,6.2,300.4,14.3,D,0
-15.6758,124.5855,317.9,1,1,2014-05-05,0200,Terra,MODIS,34,6.2,299.5,10,D,0
-15.7535,130.5008,316.7,1.8,1.3,2014-05-05,0200,Terra,MODIS,61,6.2,299.8,15.9,D,0
-20.2479,123.7542,325.6,1,1,2014-05-05,0201,Terra,MODIS,74,6.2,299.2,13.2,D,0
-19.2648,121.8329,321.9,1.2,1.1,2014-05-05,0201,Terra,MODIS,67,6.2,303.6,10,D,0
-18.8674,127.3522,321.3,1.2,1.1,2014-05-05,0201,Terra,MODIS,68,6.2,299.1,12.7,D,0
-18.8742,127.3279,318.5,1.2,1.1,2014-05-05,0201,Terra,MODIS,53,6.2,300.2,8.9,D,0
-21.0361,123.3605,326.1,1,1,2014-05-05,0201,Terra,MODIS,78,6.2,303.7,12.9,D,0
-19.5802,124.341,322.9,1,1,2014-05-05,0201,Terra,MODIS,55,6.2,304.9,6.5,D,0
-19.5712,124.3425,324.3,1,1,2014-05-05,0201,Terra,MODIS,67,6.2,305.6,7.7,D,0
-22.9253,122.5781,310.8,1,1,2014-05-05,0202,Terra,MODIS,69,6.2,284.5,6,D,0
-24.6696,151.8115,316.3,3.2,1.7,2014-05-05,0307,Aqua,MODIS,75,6.2,297.5,65,D,0
-24.6758,151.7767,316.1,3.2,1.7,2014-05-05,0307,Aqua,MODIS,75,6.2,296.7,65.2,D,0
-24.6722,151.7805,322.8,3.2,1.7,2014-05-05,0307,Aqua,MODIS,81,6.2,297.1,100.7,D,0
-24.6731,151.8075,317.2,3.2,1.7,2014-05-05,0307,Aqua,MODIS,76,6.2,297.8,68.2,D,0
-25.441,152.6335,304.3,2.8,1.6,2014-05-05,0307,Aqua,MODIS,56,6.2,293.8,19.5,D,0
-41.2621,146.5189,301.6,1.5,1.2,2014-05-05,0441,Aqua,MODIS,45,6.2,286.1,10.8,D,0
-41.0729,147.2956,313.9,1.6,1.3,2014-05-05,0441,Aqua,MODIS,74,6.2,287.2,28.9,D,0
-37.2642,140.9403,348.6,1,1,2014-05-05,0442,Aqua,MODIS,90,6.2,289.7,61.2,D,0
-37.2734,140.9426,314.4,1,1,2014-05-05,0442,Aqua,MODIS,75,6.2,285.4,13.6,D,0
-37.9824,141.0711,302.8,1,1,2014-05-05,0442,Aqua,MODIS,54,6.2,285.2,7.2,D,0
-37.8791,140.9727,309,1,1,2014-05-05,0442,Aqua,MODIS,68,6.2,282.1,10.8,D,0
-37.2625,140.9519,333.7,1,1,2014-05-05,0442,Aqua,MODIS,89,6.2,286.5,34.5,D,0
-35.5331,149.5775,325.7,3.1,1.7,2014-05-05,0442,Aqua,MODIS,79,6.2,277.7,135.7,D,0
-35.5476,149.5838,314.8,3.1,1.7,2014-05-05,0442,Aqua,MODIS,62,6.2,277.5,83.9,D,0
-36.061,149.8607,311.6,3.1,1.7,2014-05-05,0442,Aqua,MODIS,47,6.2,277.6,68.4,D,0
-35.531,149.5852,319.7,3.1,1.7,2014-05-05,0442,Aqua,MODIS,56,6.2,276.5,97.8,D,0
-35.5454,149.5914,323.9,3.1,1.7,2014-05-05,0442,Aqua,MODIS,73,6.2,276.6,120.7,D,0
-36.0634,149.8536,316.4,3.1,1.7,2014-05-05,0442,Aqua,MODIS,62,6.2,277.9,88.4,D,0
-33.3885,138.3907,301.3,1,1,2014-05-05,0443,Aqua,MODIS,39,6.2,285.7,3,D,0
-33.0064,137.5786,301.4,1,1,2014-05-05,0443,Aqua,MODIS,25,6.2,284.5,3.5,D,0
-33.39,138.3799,301.1,1,1,2014-05-05,0443,Aqua,MODIS,32,6.2,287.6,3,D,0
-29.7114,149.9091,306.3,4.6,2,2014-05-05,0443,Aqua,MODIS,55,6.2,290.7,54.3,D,0
-29.7106,149.9175,305.1,4.6,2,2014-05-05,0443,Aqua,MODIS,60,6.2,290.5,49.4,D,0
-19.1033,133.6028,334.5,1,1,2014-05-05,0447,Aqua,MODIS,83,6.2,309.9,25.8,D,0
-19.102,133.6127,320.8,1,1,2014-05-05,0447,Aqua,MODIS,38,6.2,307.2,7.5,D,0
-19.1046,133.5928,322.7,1,1,2014-05-05,0447,Aqua,MODIS,63,6.2,305.2,9.9,D,0
-18.8852,127.3209,322.2,2.6,1.5,2014-05-05,0447,Aqua,MODIS,61,6.2,297.5,42.8,D,0
-14.4494,131.5822,326,1.1,1.1,2014-05-05,0448,Aqua,MODIS,69,6.2,305.8,13.7,D,0
-14.4508,131.5716,337.8,1.1,1.1,2014-05-05,0448,Aqua,MODIS,87,6.2,307,33.7,D,0
-14.9666,131.7574,331.5,1.1,1.1,2014-05-05,0448,Aqua,MODIS,80,6.2,304.8,22.6,D,0
-14.968,131.7467,321.6,1.1,1.1,2014-05-05,0448,Aqua,MODIS,55,6.2,304.3,9.3,D,0
-14.9543,131.7769,320.7,1.1,1.1,2014-05-05,0448,Aqua,MODIS,38,6.2,305,8.2,D,0
-14.9111,131.6361,326.8,1.1,1.1,2014-05-05,0448,Aqua,MODIS,68,6.2,305.8,16,D,0
-14.9015,131.6347,320.4,1.1,1.1,2014-05-05,0448,Aqua,MODIS,41,6.2,304.6,8.5,D,0
-15.0832,131.5744,323.1,1.2,1.1,2014-05-05,0448,Aqua,MODIS,49,6.2,305,10.6,D,0
-15.2997,133.5519,322.4,1,1,2014-05-05,0448,Aqua,MODIS,67,6.2,308.5,9.2,D,0
-14.6001,132.9661,323.2,1,1,2014-05-05,0448,Aqua,MODIS,47,6.2,309.8,7.5,D,0
-14.628,132.2329,324.2,1.1,1,2014-05-05,0448,Aqua,MODIS,36,6.2,305.1,10.7,D,0
-14.6,132.2287,321,1.1,1,2014-05-05,0448,Aqua,MODIS,33,6.2,304.4,7.5,D,0
-14.6014,132.2187,327,1.1,1,2014-05-05,0448,Aqua,MODIS,74,6.2,305.7,14.7,D,0
-14.6107,132.2201,324.8,1.1,1,2014-05-05,0448,Aqua,MODIS,38,6.2,306.8,11.2,D,0
-14.5356,133.172,328.1,1,1,2014-05-05,0448,Aqua,MODIS,75,6.2,310.9,13.5,D,0
-14.537,133.1626,323.9,1,1,2014-05-05,0448,Aqua,MODIS,50,6.2,310.4,8.5,D,0
-14.5383,133.1532,323.4,1,1,2014-05-05,0448,Aqua,MODIS,42,6.2,308.9,7.8,D,0
-15.6649,130.7795,320.7,1.3,1.1,2014-05-05,0448,Aqua,MODIS,52,6.2,304.2,10.1,D,0
-15.6358,130.7633,322.4,1.3,1.1,2014-05-05,0448,Aqua,MODIS,49,6.2,306.2,11.4,D,0
-15.292,133.5412,328.3,1,1,2014-05-05,0448,Aqua,MODIS,77,6.2,307.8,15.2,D,0
-15.301,133.5426,324,1,1,2014-05-05,0448,Aqua,MODIS,70,6.2,308.1,10.8,D,0
-16.2739,129.6749,322.6,1.6,1.2,2014-05-05,0448,Aqua,MODIS,67,6.2,304.4,15.9,D,0
-15.6005,131.6737,335.3,1.2,1.1,2014-05-05,0448,Aqua,MODIS,84,6.2,307.1,29.9,D,0
-14.5643,131.4863,328.5,1.2,1.1,2014-05-05,0448,Aqua,MODIS,70,6.2,305.5,17.8,D,0
-14.1469,132.1116,330.2,1.1,1,2014-05-05,0448,Aqua,MODIS,79,6.2,308,20.2,D,0
-15.5906,131.7491,320.9,1.2,1.1,2014-05-05,0448,Aqua,MODIS,38,6.2,307.5,8.3,D,0
-14.9006,131.0214,319.4,1.2,1.1,2014-05-05,0448,Aqua,MODIS,31,6.2,303.3,7.6,D,0
-14.9029,131.0799,337.8,1.2,1.1,2014-05-05,0448,Aqua,MODIS,86,6.2,304.5,37.6,D,0
-14.9144,131.0699,326.5,1.2,1.1,2014-05-05,0448,Aqua,MODIS,51,6.2,304.5,16.1,D,0
-14.9129,131.0813,325.7,1.2,1.1,2014-05-05,0448,Aqua,MODIS,50,6.2,305,14.7,D,0
-14.4405,133.2562,332.9,1,1,2014-05-05,0448,Aqua,MODIS,82,6.2,309.2,20.2,D,0
-14.4418,133.2469,334.9,1,1,2014-05-05,0448,Aqua,MODIS,84,6.2,308.9,23,D,0
-14.3033,130.9196,324.7,1.2,1.1,2014-05-05,0448,Aqua,MODIS,73,6.2,301.9,15.9,D,0
-14.1651,131.2842,340.3,1.2,1.1,2014-05-05,0448,Aqua,MODIS,89,6.2,305.3,42.2,D,0
-14.3017,130.9313,328.7,1.2,1.1,2014-05-05,0448,Aqua,MODIS,79,6.2,302.3,22.1,D,0
-14.1614,131.2882,320.2,1.2,1.1,2014-05-05,0448,Aqua,MODIS,65,6.2,303.5,11.4,D,0
-14.3026,130.9253,333.9,1.2,1.1,2014-05-05,0448,Aqua,MODIS,83,6.2,302,30.3,D,0
-14.5217,131.4364,327,1.2,1.1,2014-05-05,0448,Aqua,MODIS,75,6.2,302,19.2,D,0
-14.5328,131.4271,329.6,1.2,1.1,2014-05-05,0448,Aqua,MODIS,72,6.2,303.6,22.3,D,0
-14.5314,131.4378,379.6,1.2,1.1,2014-05-05,0448,Aqua,MODIS,100,6.2,309.5,175.7,D,0
-14.3125,130.9267,327.1,1.2,1.1,2014-05-05,0448,Aqua,MODIS,32,6.2,305.5,17,D,0
-14.3111,130.9382,339.7,1.2,1.1,2014-05-05,0448,Aqua,MODIS,88,6.2,306.1,41.2,D,0
-14.6309,131.5231,326.8,1.2,1.1,2014-05-05,0448,Aqua,MODIS,63,6.2,304.6,16.2,D,0
-14.6626,131.506,325.4,1.2,1.1,2014-05-05,0448,Aqua,MODIS,39,6.2,305.1,13.5,D,0
-14.6612,131.5165,324.7,1.2,1.1,2014-05-05,0448,Aqua,MODIS,45,6.2,304.1,11.3,D,0
-14.7166,131.4983,337.4,1.2,1.1,2014-05-05,0448,Aqua,MODIS,85,6.2,305.6,33,D,0
-14.1628,131.2774,341.2,1.2,1.1,2014-05-05,0448,Aqua,MODIS,89,6.2,305.1,47,D,0
-14.1665,131.2734,337.9,1.2,1.1,2014-05-05,0448,Aqua,MODIS,87,6.2,304.7,37.4,D,0
-14.53,131.4486,342.7,1.2,1.1,2014-05-05,0448,Aqua,MODIS,90,6.2,306.2,43.9,D,0
-15.0269,130.9162,325.4,1.3,1.1,2014-05-05,0448,Aqua,MODIS,63,6.2,307.7,10.1,D,0
-14.9757,131.0739,321.6,1.2,1.1,2014-05-05,0448,Aqua,MODIS,57,6.2,305.4,9.9,D,0
-14.5286,131.4593,344.6,1.2,1.1,2014-05-05,0448,Aqua,MODIS,91,6.2,305.3,48.8,D,0
-14.5532,133.2375,322.2,1,1,2014-05-05,0448,Aqua,MODIS,60,6.2,309.6,7.1,D,0
-14.5545,133.2282,322,1,1,2014-05-05,0448,Aqua,MODIS,13,6.2,309,6.5,D,0
-14.5394,133.2108,322.8,1,1,2014-05-05,0448,Aqua,MODIS,64,6.2,309.9,7.2,D,0
-14.5657,131.4756,324.5,1.2,1.1,2014-05-05,0448,Aqua,MODIS,36,6.2,304.9,12.5,D,0
-14.5407,133.2014,327.5,1,1,2014-05-05,0448,Aqua,MODIS,75,6.2,309.3,12.2,D,0
-14.5271,131.47,345.1,1.2,1.1,2014-05-05,0448,Aqua,MODIS,92,6.2,304,49.9,D,0
-14.545,131.4835,327.7,1.2,1.1,2014-05-05,0448,Aqua,MODIS,45,6.2,305.8,15,D,0
-14.5354,131.4821,327.5,1.2,1.1,2014-05-05,0448,Aqua,MODIS,56,6.2,303.5,16.5,D,0
-15.4261,131.6806,319.4,1.2,1.1,2014-05-05,0448,Aqua,MODIS,49,6.2,305.9,7.9,D,0
-14.1434,133.8602,331.9,1,1,2014-05-05,0448,Aqua,MODIS,82,6.2,310.4,16.9,D,0
-14.4476,133.2734,324.7,1,1,2014-05-05,0448,Aqua,MODIS,51,6.2,309.8,7.9,D,0
-14.4489,133.264,327.6,1,1,2014-05-05,0448,Aqua,MODIS,75,6.2,311.7,11.7,D,0
-14.7016,131.4631,328.6,1.2,1.1,2014-05-05,0448,Aqua,MODIS,53,6.2,302.6,19,D,0
-14.7001,131.4741,361.1,1.2,1.1,2014-05-05,0448,Aqua,MODIS,100,6.2,306.3,96.8,D,0
-14.3384,130.8833,325.2,1.2,1.1,2014-05-05,0448,Aqua,MODIS,67,6.2,305.8,15.2,D,0
-15.5963,131.7061,324.9,1.2,1.1,2014-05-05,0448,Aqua,MODIS,47,6.2,309,12.2,D,0
-15.5977,131.6953,331.5,1.2,1.1,2014-05-05,0448,Aqua,MODIS,80,6.2,308.9,22.7,D,0
-15.5991,131.6845,322.7,1.2,1.1,2014-05-05,0448,Aqua,MODIS,46,6.2,307.5,9.6,D,0
-14.9098,131.1043,320.5,1.2,1.1,2014-05-05,0448,Aqua,MODIS,43,6.2,305.1,7.9,D,0
-14.9113,131.0929,322.2,1.2,1.1,2014-05-05,0448,Aqua,MODIS,28,6.2,306.7,10.1,D,0
-14.9014,131.0915,340.8,1.2,1.1,2014-05-05,0448,Aqua,MODIS,88,6.2,305.6,44,D,0
-15.5136,132.0003,330.9,1.1,1.1,2014-05-05,0448,Aqua,MODIS,79,6.2,307.3,20.5,D,0
-15.5217,132.0121,320.5,1.1,1.1,2014-05-05,0448,Aqua,MODIS,22,6.2,306.8,7.3,D,0
-14.3285,130.8819,335.4,1.2,1.1,2014-05-05,0448,Aqua,MODIS,85,6.2,303.8,32.8,D,0
-15.7396,131.8301,325.7,1.1,1.1,2014-05-05,0448,Aqua,MODIS,72,6.2,307.2,15.5,D,0
-15.7381,131.8408,333.1,1.1,1.1,2014-05-05,0448,Aqua,MODIS,81,6.2,308.3,26.6,D,0
-15.7428,131.8372,343.2,1.1,1.1,2014-05-05,0448,Aqua,MODIS,90,6.2,309,42.8,D,0
-15.7648,131.8186,324.2,1.1,1.1,2014-05-05,0448,Aqua,MODIS,60,6.2,306.7,12.3,D,0
-15.6019,131.6629,339.1,1.2,1.1,2014-05-05,0448,Aqua,MODIS,87,6.2,306.9,37,D,0
-14.541,131.4392,336.1,1.2,1.1,2014-05-05,0448,Aqua,MODIS,85,6.2,304.8,31.6,D,0
-14.5396,131.45,342.5,1.2,1.1,2014-05-05,0448,Aqua,MODIS,90,6.2,306.8,42.4,D,0
-14.4502,133.2547,325.3,1,1,2014-05-05,0448,Aqua,MODIS,53,6.2,311.7,8.6,D,0
-14.5067,133.3773,326.6,1,1,2014-05-05,0448,Aqua,MODIS,74,6.2,309.8,12.9,D,0
-14.4899,133.4317,324.2,1,1,2014-05-05,0448,Aqua,MODIS,61,6.2,309,8.8,D,0
-14.5441,133.3029,325.5,1,1,2014-05-05,0448,Aqua,MODIS,72,6.2,309.5,11.3,D,0
-14.4732,133.4197,332.4,1,1,2014-05-05,0448,Aqua,MODIS,32,6.2,310.8,16.6,D,0
-14.4822,133.421,334.2,1,1,2014-05-05,0448,Aqua,MODIS,81,6.2,310.9,20.7,D,0
-14.4719,133.429,344.4,1,1,2014-05-05,0448,Aqua,MODIS,91,6.2,312.8,36.1,D,0
-14.5054,133.3866,321.1,1,1,2014-05-05,0448,Aqua,MODIS,64,6.2,308.5,6.9,D,0
-15.5736,130.3673,322.3,1.4,1.2,2014-05-05,0448,Aqua,MODIS,52,6.2,302.3,12,D,0
-15.1976,130.8562,330.9,1.3,1.1,2014-05-05,0448,Aqua,MODIS,79,6.2,308.1,21.8,D,0
-14.9633,130.4602,342.9,1.3,1.1,2014-05-05,0448,Aqua,MODIS,90,6.2,307.2,52.8,D,0
-14.8672,130.0788,337.6,1.4,1.2,2014-05-05,0448,Aqua,MODIS,86,6.2,304.1,44.9,D,0
-15.196,130.868,341.8,1.3,1.1,2014-05-05,0448,Aqua,MODIS,89,6.2,308,45.6,D,0
-14.972,130.4743,341.3,1.3,1.1,2014-05-05,0448,Aqua,MODIS,89,6.2,307.1,48,D,0
-15.7617,130.4963,325.7,1.4,1.2,2014-05-05,0448,Aqua,MODIS,71,6.2,305.6,20,D,0
-15.0778,131.5406,324,1.2,1.1,2014-05-05,0448,Aqua,MODIS,57,6.2,305.8,11.9,D,0
-14.8688,130.0663,339.5,1.4,1.2,2014-05-05,0448,Aqua,MODIS,88,6.2,302.9,51.3,D,0
-15.5679,130.3601,327.3,1.4,1.2,2014-05-05,0448,Aqua,MODIS,51,6.2,303.3,19.5,D,0
-15.5752,130.3545,320.9,1.4,1.2,2014-05-05,0448,Aqua,MODIS,61,6.2,303.5,11.4,D,0
-14.8623,130.0716,333,1.4,1.2,2014-05-05,0448,Aqua,MODIS,82,6.2,302.5,34.9,D,0
-14.8729,130.0729,328.6,1.4,1.2,2014-05-05,0448,Aqua,MODIS,74,6.2,304.6,24.7,D,0
-14.9736,130.4618,328.5,1.3,1.1,2014-05-05,0448,Aqua,MODIS,77,6.2,308.3,19.7,D,0
-14.9617,130.4727,342.6,1.3,1.1,2014-05-05,0448,Aqua,MODIS,90,6.2,305.4,51.9,D,0
-13.9747,130.3211,330.6,1.3,1.1,2014-05-05,0449,Aqua,MODIS,81,6.2,302.9,29.9,D,0
-12.3606,133.075,318.2,1,1,2014-05-05,0449,Aqua,MODIS,66,6.2,301.3,7.7,D,0
-13.8716,130.7995,329.8,1.2,1.1,2014-05-05,0449,Aqua,MODIS,70,6.2,304,22.6,D,0
-12.934,131.6471,330.8,1.1,1,2014-05-05,0449,Aqua,MODIS,83,6.2,294.2,26.9,D,0
-13.1036,133.3478,317.9,1,1,2014-05-05,0449,Aqua,MODIS,60,6.2,303.9,5.5,D,0
-13.7909,130.9431,323.6,1.2,1.1,2014-05-05,0449,Aqua,MODIS,73,6.2,304.9,13.5,D,0
-13.881,132.1162,325.5,1.1,1,2014-05-05,0449,Aqua,MODIS,74,6.2,306,13.5,D,0
-13.5098,131.7457,319.5,1.1,1,2014-05-05,0449,Aqua,MODIS,28,6.2,303.5,7.4,D,0
-12.9879,131.6034,321.9,1.1,1,2014-05-05,0449,Aqua,MODIS,44,6.2,293.2,13.1,D,0
-12.9771,131.6121,334.3,1.1,1,2014-05-05,0449,Aqua,MODIS,86,6.2,296.3,30.6,D,0
-13.873,132.105,329.9,1.1,1,2014-05-05,0449,Aqua,MODIS,79,6.2,305.4,18.1,D,0
-13.8717,132.1149,385.5,1.1,1,2014-05-05,0449,Aqua,MODIS,100,6.2,310.5,183,D,0
-13.8704,132.1248,345.8,1.1,1,2014-05-05,0449,Aqua,MODIS,92,6.2,305.8,46.5,D,0
-13.8338,130.6944,319,1.3,1.1,2014-05-05,0449,Aqua,MODIS,64,6.2,300.8,10.1,D,0
-13.5171,130.7841,316,1.2,1.1,2014-05-05,0449,Aqua,MODIS,25,6.2,299.3,8,D,0
-13.9771,131.6877,321,1.1,1.1,2014-05-05,0449,Aqua,MODIS,66,6.2,306.2,8.5,D,0
-13.5271,130.7855,323.7,1.2,1.1,2014-05-05,0449,Aqua,MODIS,75,6.2,299.9,18.1,D,0
-13.8644,132.1173,343.5,1.1,1,2014-05-05,0449,Aqua,MODIS,91,6.2,304.9,43.3,D,0
-13.8657,132.1074,327.6,1.1,1,2014-05-05,0449,Aqua,MODIS,77,6.2,303.6,17.1,D,0
-14.1247,130.4158,327,1.3,1.1,2014-05-05,0449,Aqua,MODIS,53,6.2,302.8,18.9,D,0
-14.1042,130.4129,335.6,1.3,1.1,2014-05-05,0449,Aqua,MODIS,84,6.2,302.3,37.3,D,0
-14.2203,129.8356,319.3,1.4,1.2,2014-05-05,0449,Aqua,MODIS,65,6.2,301.9,17.7,D,0
-13.3996,130.5928,340.4,1.3,1.1,2014-05-05,0449,Aqua,MODIS,90,6.2,299.9,52,D,0
-20.6273,119.4584,314.3,3.1,1.7,2014-05-05,0625,Aqua,MODIS,40,6.2,285.7,28.2,D,0
-20.6281,119.451,316.5,3.1,1.7,2014-05-05,0625,Aqua,MODIS,56,6.2,286.9,38,D,0
-28.3237,148.4596,300.2,1.7,1.3,2014-05-05,1231,Terra,MODIS,19,6.2,277,17.6,N,0
-28.3371,150.0783,304.4,1.4,1.2,2014-05-05,1231,Terra,MODIS,60,6.2,279.9,16.1,N,0
-28.3355,150.0924,300.2,1.4,1.2,2014-05-05,1231,Terra,MODIS,20,6.2,280.3,12.2,N,0
-28.3307,150.0859,318.3,1.4,1.2,2014-05-05,1231,Terra,MODIS,97,6.2,281.8,31.2,N,0
-14.5212,131.473,303.6,1.7,1.3,2014-05-05,1413,Terra,MODIS,17,6.2,290.5,10.8,N,0
-14.5123,131.455,305.4,1.7,1.3,2014-05-05,1413,Terra,MODIS,64,6.2,291.1,13.9,N,0
-14.6559,131.503,302.1,1.7,1.3,2014-05-05,1413,Terra,MODIS,26,6.2,292,8.3,N,0
-14.5096,131.4711,306.3,1.7,1.3,2014-05-05,1413,Terra,MODIS,67,6.2,290,15.4,N,0
-14.4347,131.5845,300.9,1.8,1.3,2014-05-05,1413,Terra,MODIS,34,6.2,290.8,10.1,N,0
-14.4373,131.5683,302.3,1.8,1.3,2014-05-05,1413,Terra,MODIS,48,6.2,290.5,10.9,N,0
-14.8661,130.0505,318,1.4,1.2,2014-05-05,1413,Terra,MODIS,96,6.2,295,20.8,N,0
-14.8745,130.0649,309.8,1.4,1.2,2014-05-05,1413,Terra,MODIS,57,6.2,294,10.5,N,0
-14.8823,130.0591,308.5,1.4,1.2,2014-05-05,1413,Terra,MODIS,60,6.2,293.9,9.4,N,0
-15.8721,130.2742,301.5,1.4,1.2,2014-05-05,1413,Terra,MODIS,42,6.2,291,6.5,N,0
-14.8765,130.052,308.6,1.4,1.2,2014-05-05,1413,Terra,MODIS,39,6.2,294.4,9.2,N,0
-12.5216,141.9468,300.3,1.8,1.3,2014-05-05,1539,Aqua,MODIS,23,6.2,289.6,8.1,N,0
-14.652,131.4982,300.9,3.5,1.8,2014-05-05,1718,Aqua,MODIS,28,6.2,290.4,26.6,N,0
-35.5329,149.6031,317.4,2.6,1.6,2014-05-05,2331,Terra,MODIS,68,6.2,283.6,74.1,D,0
-14.6962,131.4659,325.5,2.7,1.6,2014-05-06,0104,Terra,MODIS,80,6.2,299.3,76.4,D,0
-13.0071,131.6088,311.2,2.9,1.6,2014-05-06,0104,Terra,MODIS,60,6.2,294.4,26.3,D,0
-14.9464,131.2417,312.5,2.8,1.6,2014-05-06,0104,Terra,MODIS,57,6.2,298.2,26.8,D,0
-14.7042,131.4844,317.3,2.7,1.6,2014-05-06,0104,Terra,MODIS,69,6.2,299.8,38.5,D,0
-13.0059,131.616,310.1,2.9,1.6,2014-05-06,0104,Terra,MODIS,56,6.2,295.1,21.4,D,0
-14.7008,131.4914,313.2,2.7,1.6,2014-05-06,0104,Terra,MODIS,55,6.2,299.1,25.7,D,0
-16.1151,135.4314,314.4,1.3,1.1,2014-05-06,0104,Terra,MODIS,57,6.2,303.7,7.7,D,0
-14.951,131.2671,327.7,2.8,1.6,2014-05-06,0104,Terra,MODIS,81,6.2,299.4,91.9,D,0
-14.6631,131.5237,314,2.7,1.6,2014-05-06,0104,Terra,MODIS,32,6.2,300,24.5,D,0
-14.6586,131.4995,315.6,2.7,1.6,2014-05-06,0104,Terra,MODIS,45,6.2,299.8,31.9,D,0
-14.6399,131.4768,315.5,2.7,1.6,2014-05-06,0104,Terra,MODIS,59,6.2,299,33.9,D,0
-14.9531,131.2595,328.8,2.8,1.6,2014-05-06,0104,Terra,MODIS,82,6.2,298.8,96.9,D,0
-14.6994,131.4589,320.1,2.7,1.6,2014-05-06,0104,Terra,MODIS,73,6.2,299.1,49.7,D,0
-15.4012,131.5314,321.2,2.6,1.5,2014-05-06,0104,Terra,MODIS,74,6.2,300.6,49.9,D,0
-14.5333,133.1512,327.9,2,1.4,2014-05-06,0104,Terra,MODIS,81,6.2,303.5,53.4,D,0
-14.5365,133.1698,324.8,2,1.4,2014-05-06,0104,Terra,MODIS,78,6.2,303.2,42.9,D,0
-14.5458,133.149,317,2,1.4,2014-05-06,0104,Terra,MODIS,61,6.2,301.5,20.6,D,0
-14.549,133.1678,314.5,2,1.4,2014-05-06,0104,Terra,MODIS,38,6.2,301.1,15,D,0
-15.2487,134.308,314.3,1.6,1.3,2014-05-06,0104,Terra,MODIS,60,6.2,303.4,10.4,D,0
-15.3183,131.0837,320.5,2.8,1.6,2014-05-06,0104,Terra,MODIS,74,6.2,300.4,51.3,D,0
-15.3167,131.0909,316.8,2.8,1.6,2014-05-06,0104,Terra,MODIS,45,6.2,299.8,33.1,D,0
-15.3121,131.0651,315.9,2.8,1.6,2014-05-06,0104,Terra,MODIS,35,6.2,300,29.6,D,0
-20.7364,139.481,317.3,1.1,1,2014-05-06,0105,Terra,MODIS,56,6.2,303.8,7.3,D,2
-19.0751,133.5464,317.7,1.6,1.2,2014-05-06,0105,Terra,MODIS,66,6.2,300.3,16.5,D,0
-16.5228,131.6892,314,2.4,1.5,2014-05-06,0105,Terra,MODIS,56,6.2,300.4,20.8,D,0
-34.7402,138.9288,301.6,1.4,1.2,2014-05-06,0109,Terra,MODIS,36,6.2,275.9,11.1,D,0
-36.3651,145.3141,300.4,3.7,1.8,2014-05-06,0110,Terra,MODIS,36,6.2,284.7,34.1,D,0
-33.723,122.3584,301.6,4.5,2,2014-05-06,0248,Terra,MODIS,25,6.2,283.3,30.7,D,0
-41.3243,147.6799,307.9,1.8,1.3,2014-05-06,0345,Aqua,MODIS,66,6.2,284.2,26.2,D,0
-41.4761,147.6657,302.7,1.8,1.3,2014-05-06,0345,Aqua,MODIS,53,6.2,277.8,20,D,0
-41.3194,147.6714,305.8,1.8,1.3,2014-05-06,0345,Aqua,MODIS,62,6.2,284,24.1,D,0
-35.046,143.6906,306.3,2.7,1.6,2014-05-06,0347,Aqua,MODIS,42,6.2,285.4,28.5,D,0
-35.0419,143.716,319.7,2.7,1.6,2014-05-06,0347,Aqua,MODIS,80,6.2,286.1,77.2,D,0
-35.0441,143.7206,316.8,2.7,1.6,2014-05-06,0347,Aqua,MODIS,77,6.2,286,61.4,D,0
-35.0441,143.6861,300.3,2.7,1.6,2014-05-06,0347,Aqua,MODIS,35,6.2,285.3,18.5,D,0
-35.7738,146.1458,300.6,1.9,1.4,2014-05-06,0347,Aqua,MODIS,22,6.2,284.2,7.4,D,0
-36.0732,149.8748,314,1.2,1.1,2014-05-06,0347,Aqua,MODIS,70,6.2,287.9,18,D,0
-36.0648,149.8604,341,1.2,1.1,2014-05-06,0347,Aqua,MODIS,92,6.2,289.8,59.7,D,0
-35.5964,150.2109,311.3,1.1,1.1,2014-05-06,0347,Aqua,MODIS,71,6.2,289.8,13.5,D,0
-35.5948,150.2235,362.1,1.1,1.1,2014-05-06,0347,Aqua,MODIS,100,6.2,293.1,113.5,D,0
-35.5277,149.5955,334.3,1.2,1.1,2014-05-06,0347,Aqua,MODIS,89,6.2,285.4,47.3,D,0
-36.0633,149.8733,325.9,1.2,1.1,2014-05-06,0347,Aqua,MODIS,79,6.2,286.3,31.8,D,0
-35.5392,149.5835,309.4,1.2,1.1,2014-05-06,0347,Aqua,MODIS,69,6.2,288.6,13.8,D,0
-35.7777,146.1297,304.9,1.9,1.4,2014-05-06,0347,Aqua,MODIS,51,6.2,284.7,14.4,D,0
-35.5292,149.582,410.9,1.2,1.1,2014-05-06,0347,Aqua,MODIS,100,6.2,294.2,436,D,0
-35.5555,146.4227,300.1,1.8,1.3,2014-05-06,0347,Aqua,MODIS,17,6.2,287.7,6.6,D,0
-36.9218,149.7151,345.8,1.2,1.1,2014-05-06,0347,Aqua,MODIS,94,6.2,285.8,76.6,D,0
-36.0747,149.8618,310,1.2,1.1,2014-05-06,0347,Aqua,MODIS,69,6.2,288.7,14.2,D,0
-35.5308,149.5687,356,1.2,1.1,2014-05-06,0347,Aqua,MODIS,98,6.2,289.3,103.4,D,0
-34.0772,147.8614,308,1.4,1.2,2014-05-06,0347,Aqua,MODIS,0,6.2,284.2,14.9,D,0
-30.8102,152.5752,318.9,1,1,2014-05-06,0348,Aqua,MODIS,79,6.2,293.2,16.5,D,0
-31.5347,152.402,303.6,1,1,2014-05-06,0348,Aqua,MODIS,57,6.2,293.3,4.6,D,0
-30.8806,148.8495,303,1.2,1.1,2014-05-06,0348,Aqua,MODIS,55,6.2,284.9,6.2,D,0
-29.5481,151.5781,313.2,1,1,2014-05-06,0348,Aqua,MODIS,73,6.2,284.5,12.9,D,0
-30.5204,148.64,315.6,1.2,1.1,2014-05-06,0348,Aqua,MODIS,66,6.2,276.5,19.1,D,0
-30.5179,148.6457,311,1.2,1.1,2014-05-06,0348,Aqua,MODIS,67,6.2,277.5,15.4,D,0
-31.5569,147.7222,303,1.4,1.2,2014-05-06,0348,Aqua,MODIS,39,6.2,286.3,8.6,D,0
-29.0554,150.4485,311.1,1,1,2014-05-06,0349,Aqua,MODIS,70,6.2,297,5.9,D,0
-29.5616,150.5014,313.3,1,1,2014-05-06,0349,Aqua,MODIS,73,6.2,294.6,9.7,D,0
-29.5518,151.1075,310.1,1,1,2014-05-06,0349,Aqua,MODIS,60,6.2,295.3,5.6,D,0
-29.054,150.4589,315.6,1,1,2014-05-06,0349,Aqua,MODIS,75,6.2,299.2,9.5,D,0
-28.0792,152.4106,300.4,1,1,2014-05-06,0349,Aqua,MODIS,36,6.2,287.6,4.7,D,0
-29.3003,152.6938,306.2,1,1,2014-05-06,0349,Aqua,MODIS,63,6.2,292,6.4,D,0
-29.4548,150.2104,307.3,1,1,2014-05-06,0349,Aqua,MODIS,58,6.2,295,5.2,D,0
-26.1673,152.9582,307.9,1.1,1.1,2014-05-06,0349,Aqua,MODIS,63,6.2,272.2,11.7,D,0
-26.1691,152.947,308.3,1.1,1.1,2014-05-06,0349,Aqua,MODIS,60,6.2,276.4,11.4,D,0
-26.1596,152.9451,335.2,1.1,1.1,2014-05-06,0349,Aqua,MODIS,89,6.2,276.6,43.6,D,0
-26.1578,152.9563,362.9,1.1,1.1,2014-05-06,0349,Aqua,MODIS,87,6.2,274.6,113,D,0
-27.1067,152.7006,335.5,1.1,1,2014-05-06,0349,Aqua,MODIS,90,6.2,291.1,41.1,D,0
-26.5102,149.9955,309.3,1,1,2014-05-06,0349,Aqua,MODIS,55,6.2,294.8,7,D,0
-27.1108,152.7072,353.4,1.1,1,2014-05-06,0349,Aqua,MODIS,97,6.2,291.6,76,D,0
-27.1125,152.6963,386.7,1.1,1,2014-05-06,0349,Aqua,MODIS,100,6.2,296.3,203,D,0
-27.1142,152.6856,317.6,1.1,1,2014-05-06,0349,Aqua,MODIS,63,6.2,290.1,15.7,D,0
-27.1083,152.6898,323.1,1.1,1,2014-05-06,0349,Aqua,MODIS,82,6.2,290.4,23.8,D,0
-26.8201,150.539,310,1,1,2014-05-06,0349,Aqua,MODIS,53,6.2,293.5,7,D,0
-26.655,149.6719,321.9,1,1,2014-05-06,0349,Aqua,MODIS,81,6.2,297.1,16.3,D,0
-24.7289,148.8487,317.4,1,1,2014-05-06,0350,Aqua,MODIS,48,6.2,306.7,7,D,0
-17.8853,145.488,313.7,1.2,1.1,2014-05-06,0352,Aqua,MODIS,38,6.2,296.5,11.2,D,0
-17.9083,145.4671,319.3,1.3,1.1,2014-05-06,0352,Aqua,MODIS,71,6.2,296,17.1,D,0
-18.9075,126.3844,323.8,1.1,1.1,2014-05-06,0530,Aqua,MODIS,41,6.2,303.9,9.3,D,0
-20.4807,123.0155,332.2,1.1,1,2014-05-06,0530,Aqua,MODIS,80,6.2,303.7,21.4,D,0
-20.4821,123.0055,352.7,1.1,1,2014-05-06,0530,Aqua,MODIS,96,6.2,304.7,59.7,D,0
-20.4834,122.9954,327.1,1.1,1,2014-05-06,0530,Aqua,MODIS,43,6.2,304.6,11.8,D,0
-20.4729,123.0041,337.1,1.1,1,2014-05-06,0530,Aqua,MODIS,72,6.2,305.8,25.5,D,0
-20.543,123.0204,323.1,1.1,1,2014-05-06,0530,Aqua,MODIS,43,6.2,304.3,9.3,D,0
-20.4636,123.0026,336.2,1.1,1,2014-05-06,0530,Aqua,MODIS,66,6.2,306,21.4,D,0
-20.4742,122.994,340.2,1.1,1,2014-05-06,0530,Aqua,MODIS,87,6.2,305.9,29.4,D,0
-20.4243,122.9589,327.5,1.1,1,2014-05-06,0530,Aqua,MODIS,49,6.2,305.6,11,D,0
-20.4257,122.9489,330.1,1.1,1,2014-05-06,0530,Aqua,MODIS,68,6.2,308.2,14,D,0
-20.4492,122.9696,336.5,1.1,1,2014-05-06,0530,Aqua,MODIS,84,6.2,306.4,21.4,D,0
-20.4415,122.9719,355.4,1.1,1,2014-05-06,0530,Aqua,MODIS,97,6.2,307,63.4,D,0
-20.4428,122.9618,332.3,1.1,1,2014-05-06,0530,Aqua,MODIS,66,6.2,307,15.8,D,0
-19.5973,124.3501,317.5,1,1,2014-05-06,0530,Aqua,MODIS,28,6.2,286.8,6.8,D,0
-20.5417,123.0304,321.1,1.1,1,2014-05-06,0530,Aqua,MODIS,48,6.2,303.1,8.3,D,0
-20.4517,123.0213,335.6,1.1,1,2014-05-06,0530,Aqua,MODIS,77,6.2,306.1,24.1,D,0
-20.4442,122.9517,327.6,1.1,1,2014-05-06,0530,Aqua,MODIS,45,6.2,307.5,8.1,D,0
-14.627,131.4786,329.1,3,1.6,2014-05-06,0531,Aqua,MODIS,80,6.2,301.4,93.3,D,0
-14.3487,130.6598,318.2,2.6,1.6,2014-05-06,0531,Aqua,MODIS,67,6.2,300.2,39.7,D,0
-13.9718,132.2034,318.9,3.5,1.8,2014-05-06,0531,Aqua,MODIS,69,6.2,306,50.1,D,0
-14.353,130.6361,313.5,2.6,1.5,2014-05-06,0531,Aqua,MODIS,53,6.2,300.3,22.9,D,0
-14.3446,130.6543,316.6,2.6,1.6,2014-05-06,0531,Aqua,MODIS,64,6.2,300.1,33.2,D,0
-14.3552,130.8636,319.2,2.7,1.6,2014-05-06,0531,Aqua,MODIS,27,6.2,302.5,34.8,D,0
-14.3507,130.8888,328.7,2.7,1.6,2014-05-06,0531,Aqua,MODIS,81,6.2,303.1,75.9,D,0
-14.9485,131.2325,321.6,2.8,1.6,2014-05-06,0531,Aqua,MODIS,70,6.2,303.7,48.9,D,0
-14.9343,131.2292,325.3,2.8,1.6,2014-05-06,0531,Aqua,MODIS,76,6.2,302.4,65.2,D,0
-14.9533,131.2059,336.8,2.8,1.6,2014-05-06,0531,Aqua,MODIS,87,6.2,302.7,133,D,0
-14.8955,131.609,320,3,1.6,2014-05-06,0531,Aqua,MODIS,67,6.2,302.7,47.1,D,0
-13.8365,130.6779,320.5,2.7,1.6,2014-05-06,0531,Aqua,MODIS,72,6.2,302.9,43.2,D,0
-13.9948,131.6672,315.2,3.2,1.7,2014-05-06,0531,Aqua,MODIS,62,6.2,303.6,32,D,0
-14.1981,133.778,315,4.5,2,2014-05-06,0531,Aqua,MODIS,50,6.2,301.5,49.2,D,0
-14.894,131.6134,319.7,3,1.6,2014-05-06,0531,Aqua,MODIS,43,6.2,302.5,41.2,D,0
-14.2973,130.9243,319.1,2.7,1.6,2014-05-06,0531,Aqua,MODIS,70,6.2,300.9,41.1,D,0
-14.632,131.4508,333.2,3,1.6,2014-05-06,0531,Aqua,MODIS,84,6.2,301.1,119.2,D,0
-14.3597,130.8387,322,2.7,1.6,2014-05-06,0531,Aqua,MODIS,59,6.2,301,47.4,D,0
-13.9214,131.83,325.5,3.3,1.7,2014-05-06,0531,Aqua,MODIS,78,6.2,302.2,85.9,D,0
-13.9159,131.86,348.4,3.3,1.7,2014-05-06,0531,Aqua,MODIS,94,6.2,305.2,287.3,D,0
-13.9312,131.863,330.9,3.3,1.7,2014-05-06,0531,Aqua,MODIS,83,6.2,304.4,125.1,D,0
-13.9317,131.8369,332.4,3.3,1.7,2014-05-06,0531,Aqua,MODIS,84,6.2,303.6,133.4,D,0
-13.926,131.867,347.7,3.3,1.7,2014-05-06,0531,Aqua,MODIS,94,6.2,305.2,279.1,D,0
-13.8763,131.0596,314.7,2.9,1.6,2014-05-06,0531,Aqua,MODIS,51,6.2,299.9,27.5,D,0
-13.8907,131.0624,314.1,2.9,1.6,2014-05-06,0531,Aqua,MODIS,40,6.2,301.2,25.1,D,0
-13.8861,131.0884,315,2.9,1.6,2014-05-06,0531,Aqua,MODIS,50,6.2,301.5,28.3,D,0
-13.8912,131.0672,316.2,2.9,1.6,2014-05-06,0531,Aqua,MODIS,10,6.2,301.4,30,D,0
-14.7779,131.4936,317.8,3,1.6,2014-05-06,0531,Aqua,MODIS,61,6.2,303.8,34.5,D,0
-14.7788,131.489,318.9,3,1.6,2014-05-06,0531,Aqua,MODIS,56,6.2,303.4,36.8,D,0
-14.5683,131.4675,328.4,3,1.6,2014-05-06,0531,Aqua,MODIS,80,6.2,302.2,88,D,0
-14.5695,131.4625,331,3,1.6,2014-05-06,0531,Aqua,MODIS,82,6.2,302,105.9,D,0
-15.4029,131.522,325.6,2.9,1.6,2014-05-06,0531,Aqua,MODIS,76,6.2,304.2,67.5,D,0
-15.4011,131.514,323.7,2.9,1.6,2014-05-06,0531,Aqua,MODIS,73,6.2,304.4,56.4,D,0
-14.1961,132.0906,316.3,3.4,1.7,2014-05-06,0531,Aqua,MODIS,50,6.2,303.6,31.6,D,0
-14.2995,130.9293,321.1,2.7,1.6,2014-05-06,0531,Aqua,MODIS,72,6.2,300.8,47.2,D,0
-14.3462,130.9138,327.9,2.7,1.6,2014-05-06,0531,Aqua,MODIS,80,6.2,302.2,74.6,D,0
-14.983,131.2977,320.3,2.8,1.6,2014-05-06,0531,Aqua,MODIS,54,6.2,302.6,37.5,D,0
-14.3729,130.7645,314,2.7,1.6,2014-05-06,0531,Aqua,MODIS,34,6.2,299.2,22.8,D,0
-14.1862,132.0569,318.5,3.4,1.7,2014-05-06,0531,Aqua,MODIS,68,6.2,303.4,43.8,D,0
-14.2016,132.0598,317.5,3.4,1.7,2014-05-06,0531,Aqua,MODIS,62,6.2,304.2,37.6,D,0
-14.3283,131.0136,323.4,2.8,1.6,2014-05-06,0531,Aqua,MODIS,72,6.2,300.2,59,D,0
-14.8858,131.5786,316.8,3,1.6,2014-05-06,0531,Aqua,MODIS,43,6.2,300,30.9,D,0
-14.3426,131.0162,318.9,2.8,1.6,2014-05-06,0531,Aqua,MODIS,35,6.2,299.5,38.3,D,0
-13.5075,131.7487,320.1,3.3,1.7,2014-05-06,0531,Aqua,MODIS,72,6.2,303.7,61.1,D,0
-13.5099,131.7262,315.3,3.3,1.7,2014-05-06,0531,Aqua,MODIS,51,6.2,302.8,33.6,D,0
-13.5043,131.7564,317.5,3.3,1.7,2014-05-06,0531,Aqua,MODIS,65,6.2,303.2,45.2,D,0
-14.8808,131.606,334.8,3,1.6,2014-05-06,0531,Aqua,MODIS,85,6.2,301,135.4,D,0
-13.6414,131.8485,319,3.3,1.7,2014-05-06,0531,Aqua,MODIS,70,6.2,301,60.8,D,0
-14.5733,131.4405,325.5,3,1.6,2014-05-06,0531,Aqua,MODIS,77,6.2,300.2,75.1,D,0
-14.5744,131.4353,319.1,3,1.6,2014-05-06,0531,Aqua,MODIS,57,6.2,299.8,43.3,D,0
-14.1975,132.0666,324,3.4,1.7,2014-05-06,0531,Aqua,MODIS,76,6.2,304.3,77.1,D,0
-13.6358,131.8791,316.4,3.3,1.7,2014-05-06,0531,Aqua,MODIS,65,6.2,300.9,47.2,D,0
-14.5061,131.3947,321.7,2.9,1.6,2014-05-06,0531,Aqua,MODIS,72,6.2,299.8,59.2,D,0
-14.5002,131.4144,338.7,3,1.6,2014-05-06,0531,Aqua,MODIS,89,6.2,301.2,164.2,D,0
-14.5011,131.4217,335.3,3,1.6,2014-05-06,0531,Aqua,MODIS,86,6.2,301.1,139.4,D,0
-14.9966,131.295,324.9,2.8,1.6,2014-05-06,0531,Aqua,MODIS,65,6.2,304.7,56.8,D,0
-13.9773,132.1965,317.7,3.5,1.8,2014-05-06,0531,Aqua,MODIS,67,6.2,306.1,44.2,D,0
-14.8874,131.0546,336.2,2.7,1.6,2014-05-06,0531,Aqua,MODIS,86,6.2,302,121.5,D,0
-14.3236,131.0398,329.2,2.8,1.6,2014-05-06,0531,Aqua,MODIS,81,6.2,301.2,89.6,D,0
-14.3379,131.0424,329.4,2.8,1.6,2014-05-06,0531,Aqua,MODIS,82,6.2,301.2,90.4,D,0
-14.883,131.0791,340.5,2.7,1.6,2014-05-06,0531,Aqua,MODIS,89,6.2,302,154,D,0
-14.9974,131.2999,324.2,2.8,1.6,2014-05-06,0531,Aqua,MODIS,74,6.2,304.9,55.1,D,0
-14.9015,131.0576,319.9,2.7,1.6,2014-05-06,0531,Aqua,MODIS,57,6.2,301.6,33.5,D,0
-14.8971,131.0821,328.9,2.7,1.6,2014-05-06,0531,Aqua,MODIS,80,6.2,302.9,79.7,D,0
-14.9054,131.0661,320,2.7,1.6,2014-05-06,0531,Aqua,MODIS,52,6.2,302.4,30.7,D,0
-14.7544,125.7782,316.6,1.2,1.1,2014-05-06,0531,Aqua,MODIS,55,6.2,299.5,8,D,0
-14.7043,125.781,323.8,1.2,1.1,2014-05-06,0531,Aqua,MODIS,57,6.2,299.1,14.2,D,0
-14.7004,125.7847,317.1,1.2,1.1,2014-05-06,0531,Aqua,MODIS,55,6.2,298.6,7.8,D,0
-14.702,125.7739,318.9,1.2,1.1,2014-05-06,0531,Aqua,MODIS,25,6.2,299,8.3,D,0
-15.5144,133.8145,317.5,4.3,1.9,2014-05-06,0531,Aqua,MODIS,45,6.2,302.4,59.3,D,0
-14.6924,131.7065,318.2,3.1,1.7,2014-05-06,0531,Aqua,MODIS,31,6.2,303.6,33.7,D,0
-14.6949,131.7021,318,3.1,1.7,2014-05-06,0531,Aqua,MODIS,50,6.2,303.7,34.7,D,0
-15.6026,133.6327,322.1,4.1,1.9,2014-05-06,0531,Aqua,MODIS,72,6.2,300.7,99.4,D,0
-16.5219,131.685,323.3,2.8,1.6,2014-05-06,0531,Aqua,MODIS,70,6.2,304.3,50,D,0
-15.5742,133.7915,324,4.2,1.9,2014-05-06,0531,Aqua,MODIS,35,6.2,303.3,98,D,0
-14.588,132.2013,319.6,3.4,1.7,2014-05-06,0531,Aqua,MODIS,67,6.2,302.8,53.5,D,0
-14.5936,132.1705,330.9,3.4,1.7,2014-05-06,0531,Aqua,MODIS,82,6.2,303.2,125.4,D,0
-14.5038,133.1732,316.2,4,1.9,2014-05-06,0531,Aqua,MODIS,56,6.2,303.1,43.4,D,0
-14.4985,133.1641,316,4,1.9,2014-05-06,0531,Aqua,MODIS,57,6.2,302.9,43,D,0
-15.4804,133.8074,325.9,4.3,1.9,2014-05-06,0531,Aqua,MODIS,58,6.2,302.6,121.9,D,0
-15.3669,133.8113,317.1,4.3,1.9,2014-05-06,0531,Aqua,MODIS,61,6.2,302.4,62.7,D,0
-15.4696,133.8382,322.6,4.3,1.9,2014-05-06,0531,Aqua,MODIS,72,6.2,303.4,102.1,D,0
-15.3746,133.772,317.9,4.3,1.9,2014-05-06,0531,Aqua,MODIS,63,6.2,302.6,68.1,D,0
-15.6099,133.5951,323.4,4.1,1.9,2014-05-06,0531,Aqua,MODIS,74,6.2,300.3,112.2,D,0
-15.4772,133.7992,321.9,4.3,1.9,2014-05-06,0531,Aqua,MODIS,71,6.2,302.1,96.3,D,0
-14.6906,125.7832,328.8,1.2,1.1,2014-05-06,0531,Aqua,MODIS,79,6.2,299,23,D,0
-15.6571,133.7281,330.3,4.2,1.9,2014-05-06,0531,Aqua,MODIS,54,6.2,302.8,152.2,D,0
-15.5729,133.786,325.4,4.2,1.9,2014-05-06,0531,Aqua,MODIS,70,6.2,303.3,115.4,D,0
-16.2658,129.6691,324,2,1.4,2014-05-06,0531,Aqua,MODIS,72,6.2,304.4,30.7,D,0
-16.2601,129.6803,326.8,2,1.4,2014-05-06,0531,Aqua,MODIS,76,6.2,303.5,40.2,D,0
-16.2633,129.6615,319.2,2,1.4,2014-05-06,0531,Aqua,MODIS,62,6.2,303.9,18.2,D,0
-14.6371,133.4001,319.3,4.1,1.9,2014-05-06,0531,Aqua,MODIS,67,6.2,303.3,66.2,D,0
-14.5365,133.454,322.5,4.2,1.9,2014-05-06,0531,Aqua,MODIS,72,6.2,302.8,97,D,0
-14.641,133.4092,320.9,4.1,1.9,2014-05-06,0531,Aqua,MODIS,70,6.2,303.5,74.8,D,0
-14.5027,133.4472,318.1,4.2,1.9,2014-05-06,0531,Aqua,MODIS,40,6.2,303.2,59.1,D,0
-14.538,133.4592,326.4,4.2,1.9,2014-05-06,0531,Aqua,MODIS,77,6.2,303,129.4,D,0
-14.4917,133.4778,328.9,4.2,1.9,2014-05-06,0531,Aqua,MODIS,80,6.2,303.9,157.2,D,0
-14.4951,133.4862,325.1,4.2,1.9,2014-05-06,0531,Aqua,MODIS,76,6.2,304.1,117.1,D,0
-13.4036,131.3063,315,3,1.7,2014-05-06,0531,Aqua,MODIS,40,6.2,302.9,25,D,0
-13.4137,131.3291,314.8,3.1,1.7,2014-05-06,0531,Aqua,MODIS,45,6.2,302.7,24.9,D,0
-14.8648,130.0652,320.5,2.3,1.5,2014-05-06,0531,Aqua,MODIS,15,6.2,303.9,24,D,0
-14.1878,132.0334,314.7,3.3,1.7,2014-05-06,0531,Aqua,MODIS,16,6.2,302.8,23.2,D,0
-14.8571,130.1088,348.2,2.3,1.5,2014-05-06,0531,Aqua,MODIS,94,6.2,304.3,163.6,D,0
-14.861,130.0872,327.6,2.3,1.5,2014-05-06,0531,Aqua,MODIS,76,6.2,304.1,49.7,D,0
-16.2336,126.1414,322,1.2,1.1,2014-05-06,0531,Aqua,MODIS,66,6.2,304.6,11.6,D,0
-15.8062,130.1777,317.4,2.2,1.5,2014-05-06,0531,Aqua,MODIS,50,6.2,298.5,16.6,D,0
-15.0818,130.4853,318.1,2.4,1.5,2014-05-06,0531,Aqua,MODIS,40,6.2,301.3,20.3,D,0
-14.2101,130.6451,343.1,2.6,1.6,2014-05-06,0531,Aqua,MODIS,91,6.2,300.7,173,D,0
-14.2845,130.4646,334.5,2.5,1.5,2014-05-06,0531,Aqua,MODIS,86,6.2,300.1,105.9,D,0
-14.249,130.5062,339.1,2.5,1.5,2014-05-06,0531,Aqua,MODIS,89,6.2,301.1,134.2,D,0
-14.2885,130.4416,316.5,2.5,1.5,2014-05-06,0531,Aqua,MODIS,56,6.2,299.4,29.4,D,0
-14.2143,130.6214,323.2,2.6,1.6,2014-05-06,0531,Aqua,MODIS,75,6.2,300.1,55.3,D,0
-13.8069,130.4936,320.2,2.6,1.5,2014-05-06,0531,Aqua,MODIS,72,6.2,303.8,37.2,D,0
-14.2365,130.5771,321.9,2.6,1.5,2014-05-06,0531,Aqua,MODIS,74,6.2,299.9,49.4,D,0
-14.2777,130.4709,331.6,2.5,1.5,2014-05-06,0531,Aqua,MODIS,71,6.2,299.3,85.6,D,0
-15.6712,128.6626,320.3,1.7,1.3,2014-05-06,0531,Aqua,MODIS,29,6.2,301.8,16.3,D,0
-14.3269,130.4323,338.7,2.5,1.5,2014-05-06,0531,Aqua,MODIS,89,6.2,300,124.4,D,0
-15.6133,128.6521,320.2,1.7,1.3,2014-05-06,0531,Aqua,MODIS,37,6.2,301.8,14.1,D,0
-14.2955,130.4505,348.9,2.5,1.5,2014-05-06,0531,Aqua,MODIS,94,6.2,301.7,198.5,D,0
-14.2996,130.4275,355.2,2.5,1.5,2014-05-06,0531,Aqua,MODIS,97,6.2,301.2,252.2,D,0
-14.3022,130.4441,357.2,2.5,1.5,2014-05-06,0531,Aqua,MODIS,98,6.2,302,276.4,D,0
-14.3061,130.4212,339.6,2.5,1.5,2014-05-06,0531,Aqua,MODIS,89,6.2,300.2,136.9,D,0
-14.3502,130.4603,321.6,2.5,1.5,2014-05-06,0531,Aqua,MODIS,73,6.2,300.2,50.2,D,0
-14.3461,130.4835,320.5,2.5,1.5,2014-05-06,0531,Aqua,MODIS,71,6.2,299.6,47.3,D,0
-14.3365,130.4577,343.6,2.5,1.5,2014-05-06,0531,Aqua,MODIS,92,6.2,300.7,160.2,D,0
-14.3406,130.4348,329.9,2.5,1.5,2014-05-06,0531,Aqua,MODIS,79,6.2,301.7,79,D,0
-15.9239,129.0584,331.9,1.8,1.3,2014-05-06,0531,Aqua,MODIS,81,6.2,303.9,50.3,D,0
-15.8418,128.2681,319.6,1.6,1.3,2014-05-06,0531,Aqua,MODIS,59,6.2,303.7,11.4,D,0
-15.0381,130.9184,320.1,2.6,1.6,2014-05-06,0531,Aqua,MODIS,53,6.2,305.3,24.5,D,0
-14.2227,130.5741,325.2,2.6,1.5,2014-05-06,0531,Aqua,MODIS,73,6.2,300.2,60.5,D,0
-14.2805,130.4878,328,2.5,1.5,2014-05-06,0531,Aqua,MODIS,80,6.2,299.7,71.4,D,0
-16.2353,126.1305,326.6,1.2,1.1,2014-05-06,0531,Aqua,MODIS,74,6.2,302.4,18.1,D,0
-15.6158,128.6632,321.8,1.7,1.3,2014-05-06,0531,Aqua,MODIS,66,6.2,301.6,20.6,D,0
-15.6598,128.6598,322.7,1.7,1.3,2014-05-06,0531,Aqua,MODIS,68,6.2,301.8,22.3,D,0
-15.6569,128.6769,322.7,1.7,1.3,2014-05-06,0531,Aqua,MODIS,68,6.2,301.5,22.7,D,0
-15.9224,129.035,319.9,1.8,1.3,2014-05-06,0531,Aqua,MODIS,62,6.2,302.5,15.8,D,0
-15.9196,129.0522,332.5,1.8,1.3,2014-05-06,0531,Aqua,MODIS,82,6.2,302.5,51.9,D,0
-14.2627,130.5087,318.6,2.5,1.5,2014-05-06,0531,Aqua,MODIS,68,6.2,300.4,36.2,D,0
-14.2406,130.5535,329.8,2.6,1.5,2014-05-06,0531,Aqua,MODIS,82,6.2,300.6,84.7,D,0
-14.2448,130.5299,328,2.6,1.5,2014-05-06,0531,Aqua,MODIS,80,6.2,300.5,70.6,D,0
-15.9269,129.0413,328.6,1.8,1.3,2014-05-06,0531,Aqua,MODIS,78,6.2,303.8,39.3,D,0
-14.2186,130.5975,337.5,2.6,1.5,2014-05-06,0531,Aqua,MODIS,88,6.2,300.7,130.4,D,0
-14.2913,130.4734,322.2,2.5,1.5,2014-05-06,0531,Aqua,MODIS,38,6.2,299.9,45.3,D,0
-13.3978,130.5654,319.4,2.7,1.6,2014-05-06,0532,Aqua,MODIS,71,6.2,302.3,42.9,D,0
-12.5813,130.6669,314.7,2.8,1.6,2014-05-06,0532,Aqua,MODIS,40,6.2,297.5,29.8,D,0
-12.533,130.6797,313.7,2.8,1.6,2014-05-06,0532,Aqua,MODIS,59,6.2,298.2,28,D,0
-12.5768,130.6927,324.8,2.8,1.6,2014-05-06,0532,Aqua,MODIS,79,6.2,298.5,74.3,D,0
-12.5336,130.6849,312.9,2.8,1.6,2014-05-06,0532,Aqua,MODIS,62,6.2,298.5,25.7,D,0
-12.584,130.6748,320.7,2.8,1.6,2014-05-06,0532,Aqua,MODIS,37,6.2,298,49.8,D,0
-13.3791,131.2651,315.8,3,1.7,2014-05-06,0532,Aqua,MODIS,62,6.2,302.8,27.9,D,0
-13.3,131.2792,320,3,1.7,2014-05-06,0532,Aqua,MODIS,72,6.2,303.9,47,D,0
-13.3021,131.2746,325.2,3,1.7,2014-05-06,0532,Aqua,MODIS,78,6.2,304,74,D,0
-13.3052,131.2514,334.9,3,1.7,2014-05-06,0532,Aqua,MODIS,87,6.2,304.1,132.5,D,0
-13.3071,131.2468,327.4,3,1.7,2014-05-06,0532,Aqua,MODIS,81,6.2,304,81.8,D,0
-12.9994,131.5907,317.7,3.3,1.7,2014-05-06,0532,Aqua,MODIS,69,6.2,303,46,D,0
-13.2874,131.186,318.2,3,1.6,2014-05-06,0532,Aqua,MODIS,69,6.2,302.8,37.9,D,0
-13.3316,131.1942,315.1,3,1.6,2014-05-06,0532,Aqua,MODIS,29,6.2,302.6,25.5,D,0
-13.2923,131.1588,328.5,3,1.6,2014-05-06,0532,Aqua,MODIS,81,6.2,301.6,93.3,D,0
-13.0022,131.5838,319.9,3.3,1.7,2014-05-06,0532,Aqua,MODIS,73,6.2,302.8,56.4,D,0
-37.989,141.07,300.3,1.4,1.2,2014-05-06,1311,Terra,MODIS,25,6.2,280.2,12.2,N,0
-37.5436,140.9852,315.2,1.4,1.2,2014-05-06,1311,Terra,MODIS,91,6.2,279.6,30.4,N,0
-20.736,139.4844,301.7,1.1,1,2014-05-06,1316,Terra,MODIS,43,6.2,286.5,6.7,N,2
-20.7373,139.4739,326.7,1.1,1,2014-05-06,1316,Terra,MODIS,100,6.2,288.1,30.7,N,2
-14.6409,133.3018,302.9,2.3,1.5,2014-05-06,1318,Terra,MODIS,52,6.2,291.9,17.4,N,0
-14.6006,133.4426,302.2,2.3,1.5,2014-05-06,1318,Terra,MODIS,38,6.2,291.7,14.8,N,0
-14.5975,133.4477,306.2,2.3,1.5,2014-05-06,1318,Terra,MODIS,67,6.2,292.1,24.9,N,0
-14.0979,131.9483,309.2,2.9,1.6,2014-05-06,1318,Terra,MODIS,77,6.2,290.1,44,N,0
-14.0948,131.9754,322.4,2.9,1.6,2014-05-06,1318,Terra,MODIS,100,6.2,292,96.5,N,0
-14.0987,131.9551,319.8,2.9,1.6,2014-05-06,1318,Terra,MODIS,99,6.2,290.7,82.5,N,0
-14.9141,131.2135,306.1,3.4,1.7,2014-05-06,1318,Terra,MODIS,67,6.2,290.4,41.7,N,0
-14.0958,131.9823,316.3,2.9,1.6,2014-05-06,1318,Terra,MODIS,93,6.2,291.6,66.7,N,0
-14.8767,131.068,300.8,3.5,1.8,2014-05-06,1318,Terra,MODIS,24,6.2,290.7,23.6,N,0
-14.6504,131.4709,301.5,3.2,1.7,2014-05-06,1318,Terra,MODIS,27,6.2,290.9,21.6,N,0
-14.9195,131.2075,303.8,3.4,1.7,2014-05-06,1318,Terra,MODIS,57,6.2,290.2,33.9,N,0
-34.6852,117.2801,301.5,1.2,1.1,2014-05-06,1451,Terra,MODIS,42,6.2,286.3,8.3,N,0
-22.394,124.6507,302.3,2.4,1.5,2014-05-06,1454,Terra,MODIS,46,6.2,289.6,14.9,N,0
-22.3993,124.6462,305.4,2.4,1.5,2014-05-06,1454,Terra,MODIS,60,6.2,290.5,22,N,0
-18.9167,126.3259,304.5,3.7,1.8,2014-05-06,1455,Terra,MODIS,61,6.2,290.2,35.5,N,0
-18.91,126.3192,306.9,3.7,1.8,2014-05-06,1455,Terra,MODIS,70,6.2,290.6,46.3,N,0
-14.4284,131.5562,301.6,1.6,1.2,2014-05-06,1622,Aqua,MODIS,43,6.2,290.5,9.1,N,0
-14.4292,131.5502,304.5,1.6,1.2,2014-05-06,1622,Aqua,MODIS,60,6.2,291.2,11.2,N,0
-14.562,132.2062,303.1,1.4,1.2,2014-05-06,1622,Aqua,MODIS,53,6.2,289.4,9.7,N,0
-14.6769,131.4505,306.3,1.6,1.2,2014-05-06,1622,Aqua,MODIS,56,6.2,289.5,14.6,N,0
-14.6793,131.465,305.9,1.6,1.2,2014-05-06,1622,Aqua,MODIS,60,6.2,290.2,13.7,N,0
-14.646,131.4711,307.2,1.6,1.2,2014-05-06,1622,Aqua,MODIS,45,6.2,291.4,13.9,N,0
-14.6047,131.4382,314.5,1.6,1.2,2014-05-06,1622,Aqua,MODIS,79,6.2,290,24.5,N,0
-14.5936,131.4402,306.4,1.6,1.2,2014-05-06,1622,Aqua,MODIS,52,6.2,289.3,14.1,N,0
-14.2205,130.8808,307.2,1.8,1.3,2014-05-06,1622,Aqua,MODIS,47,6.2,292,16.9,N,0
-14.215,130.8882,307,1.8,1.3,2014-05-06,1622,Aqua,MODIS,70,6.2,292.1,18,N,0
-14.8662,131.0725,304.2,1.7,1.3,2014-05-06,1623,Aqua,MODIS,57,6.2,290.6,12.2,N,0
-14.8652,131.6116,308.5,1.5,1.2,2014-05-06,1623,Aqua,MODIS,75,6.2,291.6,15.1,N,0
-15.2809,131.0682,305.5,1.7,1.3,2014-05-06,1623,Aqua,MODIS,65,6.2,290.8,13.4,N,0
-20.7281,139.4751,305.3,1.6,1.2,2014-05-06,1624,Aqua,MODIS,64,6.2,284.7,16.4,N,0
-20.7309,139.4845,307.6,1.6,1.2,2014-05-06,1624,Aqua,MODIS,72,6.2,283.9,18.4,N,2
-18.9017,126.2926,305,3.2,1.7,2014-05-06,1624,Aqua,MODIS,62,6.2,291.1,29.6,N,0
-18.9075,126.3226,324.2,3.1,1.7,2014-05-06,1624,Aqua,MODIS,100,6.2,291.7,113.4,N,0
-18.9034,126.3155,310.9,3.1,1.7,2014-05-06,1624,Aqua,MODIS,81,6.2,291.4,48.3,N,0
-18.9184,126.3123,316.9,3.1,1.7,2014-05-06,1624,Aqua,MODIS,94,6.2,291.6,73.7,N,0
-18.9094,126.3452,301.8,3.1,1.7,2014-05-06,1624,Aqua,MODIS,11,6.2,290.7,17.9,N,0
-22.4053,124.6633,303.6,3.5,1.8,2014-05-06,1625,Aqua,MODIS,21,6.2,288.4,32.3,N,0
-22.4002,124.6599,307.9,3.5,1.8,2014-05-06,1625,Aqua,MODIS,73,6.2,288.2,52.2,N,0
-22.1226,149.5321,311.5,1.1,1,2014-05-07,0010,Terra,MODIS,0,6.2,293.9,10.4,D,0
-25.4237,150.9927,312.4,1,1,2014-05-07,0011,Terra,MODIS,71,6.2,296.2,8.4,D,0
-25.4252,151.0026,311.2,1,1,2014-05-07,0011,Terra,MODIS,70,6.2,298.2,7.2,D,0
-26.1287,149.9782,316.1,1,1,2014-05-07,0011,Terra,MODIS,75,6.2,295.7,10.7,D,0
-26.1272,149.9682,318.9,1,1,2014-05-07,0011,Terra,MODIS,78,6.2,296.5,13.2,D,0
-25.352,152.5048,305,1.1,1,2014-05-07,0011,Terra,MODIS,55,6.2,283.3,9.3,D,0
-26.7979,150.2037,311.8,1,1,2014-05-07,0012,Terra,MODIS,67,6.2,296.1,7.6,D,2
-27.9038,148.579,311.2,1,1,2014-05-07,0012,Terra,MODIS,49,6.2,297.7,6.5,D,0
-28.317,148.4549,310.7,1,1,2014-05-07,0012,Terra,MODIS,58,6.2,298.9,4.4,D,0
-28.1768,148.7347,308.1,1,1,2014-05-07,0012,Terra,MODIS,44,6.2,296.6,4.8,D,0
-28.3187,148.4655,316.7,1,1,2014-05-07,0012,Terra,MODIS,72,6.2,299.6,9.3,D,0
-32.2061,147.7807,308.3,1,1,2014-05-07,0013,Terra,MODIS,67,6.2,287.3,8.4,D,0
-32.2044,147.7698,301.5,1,1,2014-05-07,0013,Terra,MODIS,33,6.2,287.1,4.2,D,0
-31.3967,150.0832,306.6,1,1,2014-05-07,0013,Terra,MODIS,64,6.2,291.1,6.3,D,0
-31.543,150.0717,315,1,1,2014-05-07,0013,Terra,MODIS,75,6.2,286.1,12.8,D,0
-31.7994,147.0875,303.3,1.1,1,2014-05-07,0013,Terra,MODIS,56,6.2,289.2,5,D,0
-35.7856,150.055,309.8,1.1,1,2014-05-07,0014,Terra,MODIS,69,6.2,286.5,11.6,D,0
-35.781,145.5594,302.8,1.1,1,2014-05-07,0014,Terra,MODIS,54,6.2,287,6.8,D,0
-33.6363,146.3952,300.7,1.1,1,2014-05-07,0014,Terra,MODIS,35,6.2,287.9,4.3,D,0
-33.6383,146.4068,301.4,1.1,1,2014-05-07,0014,Terra,MODIS,47,6.2,287.5,4.7,D,0
-35.5252,149.5383,302.2,1,1,2014-05-07,0014,Terra,MODIS,30,6.2,279.8,7.1,D,0
-35.5267,149.5498,323.4,1,1,2014-05-07,0014,Terra,MODIS,82,6.2,282.2,24.4,D,0
-35.5359,149.5481,361.6,1,1,2014-05-07,0014,Terra,MODIS,100,6.2,285.9,98.2,D,0
-35.5375,149.5596,317.8,1,1,2014-05-07,0014,Terra,MODIS,61,6.2,284.4,17.8,D,0
-38.308,146.5006,312.3,1,1,2014-05-07,0015,Terra,MODIS,64,6.2,283.9,12.4,D,0
-38.3011,146.5083,376.4,1,1,2014-05-07,0015,Terra,MODIS,87,6.2,287.9,139.3,D,0
-38.3097,146.5121,336.1,1,1,2014-05-07,0015,Terra,MODIS,90,6.2,284.3,39.3,D,0
-37.2018,146.1525,300.6,1,1,2014-05-07,0015,Terra,MODIS,40,6.2,284.1,6.4,D,0
-41.3133,147.6662,317.7,1,1,2014-05-07,0016,Terra,MODIS,78,6.2,280.9,19.6,D,0
-41.315,147.6787,341.5,1,1,2014-05-07,0016,Terra,MODIS,92,6.2,283.8,51.6,D,0
-12.5592,130.7021,331,1.1,1,2014-05-07,0146,Terra,MODIS,84,6.2,302.4,26,D,0
-12.3688,132.1191,312.2,1.3,1.1,2014-05-07,0146,Terra,MODIS,62,6.2,299.2,8,D,0
-15.9364,130.9886,324.1,1.2,1.1,2014-05-07,0147,Terra,MODIS,43,6.2,305.8,14.7,D,0
-14.8999,127.6971,338.5,1,1,2014-05-07,0147,Terra,MODIS,88,6.2,304.9,30.5,D,0
-14.8985,127.6878,325.6,1,1,2014-05-07,0147,Terra,MODIS,76,6.2,304.7,13.2,D,0
-15.0838,130.4974,320,1.1,1.1,2014-05-07,0147,Terra,MODIS,47,6.2,305.4,7.9,D,0
-15.8044,130.188,318.8,1.1,1,2014-05-07,0147,Terra,MODIS,60,6.2,305,7.1,D,0
-15.3116,131.0405,332.7,1.2,1.1,2014-05-07,0147,Terra,MODIS,83,6.2,305.3,28.2,D,0
-14.8895,127.6892,319,1,1,2014-05-07,0147,Terra,MODIS,65,6.2,303.8,7,D,0
-15.9326,130.973,327.6,1.2,1.1,2014-05-07,0147,Terra,MODIS,70,6.2,305.1,18.3,D,0
-14.6429,127.6442,322.7,1,1,2014-05-07,0147,Terra,MODIS,72,6.2,305.4,10.5,D,0
-14.9223,127.7256,317.6,1,1,2014-05-07,0147,Terra,MODIS,20,6.2,303.7,5.2,D,0
-14.8793,127.8053,320,1,1,2014-05-07,0147,Terra,MODIS,34,6.2,303.6,7,D,0
-14.8659,130.0477,321.4,1.1,1,2014-05-07,0147,Terra,MODIS,57,6.2,304,9.6,D,0
-15.9349,130.9775,330.3,1.2,1.1,2014-05-07,0147,Terra,MODIS,81,6.2,305.8,23.7,D,0
-15.9356,130.9953,323.2,1.2,1.1,2014-05-07,0147,Terra,MODIS,52,6.2,304.6,13.2,D,0
-14.8807,127.8147,322.7,1,1,2014-05-07,0147,Terra,MODIS,61,6.2,303.2,9.8,D,0
-14.9035,127.7825,329,1,1,2014-05-07,0147,Terra,MODIS,54,6.2,306.1,15.3,D,0
-14.9209,127.7162,321.8,1,1,2014-05-07,0147,Terra,MODIS,61,6.2,303.5,9.2,D,0
-14.6652,127.6695,321.6,1,1,2014-05-07,0147,Terra,MODIS,70,6.2,305.2,8.8,D,0
-14.9104,127.7051,331.1,1,1,2014-05-07,0147,Terra,MODIS,73,6.2,304.1,18.6,D,0
-15.4699,128.6209,326.8,1,1,2014-05-07,0147,Terra,MODIS,76,6.2,307.3,13.9,D,0
-15.4685,128.6116,323.4,1,1,2014-05-07,0147,Terra,MODIS,71,6.2,306.8,10.7,D,0
-15.4649,128.6501,322.3,1,1,2014-05-07,0147,Terra,MODIS,30,6.2,305.6,9,D,0
-15.4505,128.6144,331.3,1,1,2014-05-07,0147,Terra,MODIS,75,6.2,305.2,19.4,D,0
-14.7915,127.8346,320.8,1,1,2014-05-07,0147,Terra,MODIS,68,6.2,303.5,8.9,D,0
-14.7825,127.836,319.1,1,1,2014-05-07,0147,Terra,MODIS,49,6.2,303.2,6.7,D,0
-14.7811,127.8267,334.6,1,1,2014-05-07,0147,Terra,MODIS,85,6.2,303.4,25.5,D,0
-14.7893,127.7587,321.5,1,1,2014-05-07,0147,Terra,MODIS,52,6.2,303,9.1,D,0
-14.8423,127.7443,321,1,1,2014-05-07,0147,Terra,MODIS,41,6.2,304.1,8.2,D,0
-14.7837,127.7214,318.2,1,1,2014-05-07,0147,Terra,MODIS,41,6.2,302.3,6.2,D,0
-14.8017,127.7186,318.8,1,1,2014-05-07,0147,Terra,MODIS,52,6.2,303.7,6.8,D,0
-14.8031,127.7279,319.5,1,1,2014-05-07,0147,Terra,MODIS,46,6.2,304,7.2,D,0
-14.8319,127.7364,324,1,1,2014-05-07,0147,Terra,MODIS,36,6.2,304.9,11,D,0
-14.2074,130.8004,344.4,1.1,1.1,2014-05-07,0147,Terra,MODIS,92,6.2,305,50.4,D,0
-14.206,130.7899,381.3,1.1,1.1,2014-05-07,0147,Terra,MODIS,100,6.2,307.1,178.6,D,0
-15.9447,130.9761,325.2,1.2,1.1,2014-05-07,0147,Terra,MODIS,30,6.2,304.5,15,D,0
-14.2066,130.8647,325.9,1.1,1.1,2014-05-07,0147,Terra,MODIS,77,6.2,306.2,16.6,D,0
-14.2051,130.8542,321.9,1.1,1.1,2014-05-07,0147,Terra,MODIS,67,6.2,305.9,12.3,D,0
-14.1993,130.8122,315,1.1,1.1,2014-05-07,0147,Terra,MODIS,33,6.2,302.7,6.5,D,0
-14.1979,130.8017,318.4,1.1,1.1,2014-05-07,0147,Terra,MODIS,66,6.2,303.3,10.5,D,0
-14.1965,130.7913,317.7,1.1,1.1,2014-05-07,0147,Terra,MODIS,61,6.2,303.4,9.7,D,0
-15.4656,126.2879,319.6,1.1,1,2014-05-07,0147,Terra,MODIS,59,6.2,301.9,10.3,D,0
-15.1231,130.5023,321.9,1.1,1.1,2014-05-07,0147,Terra,MODIS,58,6.2,305.9,8,D,0
-15.4672,126.2981,344.3,1.1,1,2014-05-07,0147,Terra,MODIS,92,6.2,303.7,49.5,D,0
-15.4689,126.3083,317.4,1.1,1,2014-05-07,0147,Terra,MODIS,34,6.2,301.8,7.7,D,0
-15.5064,126.3022,328.7,1.1,1,2014-05-07,0147,Terra,MODIS,80,6.2,302.3,21.3,D,0
-15.508,126.3125,326.7,1.1,1,2014-05-07,0147,Terra,MODIS,78,6.2,301.3,18.6,D,0
-14.0889,131.9573,328.4,1.3,1.1,2014-05-07,0147,Terra,MODIS,60,6.2,304.2,24.2,D,0
-14.0803,131.9707,324.1,1.3,1.1,2014-05-07,0147,Terra,MODIS,51,6.2,305,16.7,D,0
-14.868,127.7308,325.9,1,1,2014-05-07,0147,Terra,MODIS,58,6.2,305.1,13.1,D,0
-14.0905,131.9692,324.5,1.3,1.1,2014-05-07,0147,Terra,MODIS,27,6.2,305.8,17.2,D,0
-14.0991,131.9559,331.9,1.3,1.1,2014-05-07,0147,Terra,MODIS,61,6.2,304.1,30.5,D,0
-15.0743,130.4988,318.3,1.1,1.1,2014-05-07,0147,Terra,MODIS,31,6.2,303.8,5.6,D,0
-14.1007,131.9678,334.8,1.3,1.1,2014-05-07,0147,Terra,MODIS,85,6.2,305.3,36.9,D,0
-14.8771,127.7294,322.3,1,1,2014-05-07,0147,Terra,MODIS,61,6.2,303.9,9.6,D,0
-14.859,127.7322,328,1,1,2014-05-07,0147,Terra,MODIS,33,6.2,305.2,14.9,D,0
-14.8409,127.735,323.1,1,1,2014-05-07,0147,Terra,MODIS,56,6.2,304.7,10.5,D,0
-15.5267,126.3093,323.5,1.1,1,2014-05-07,0147,Terra,MODIS,74,6.2,302.1,15.2,D,0
-14.774,127.7801,322.4,1,1,2014-05-07,0147,Terra,MODIS,53,6.2,303,9.8,D,0
-14.7803,127.7601,322,1,1,2014-05-07,0147,Terra,MODIS,26,6.2,304.4,9.3,D,0
-15.4595,128.613,331.4,1,1,2014-05-07,0147,Terra,MODIS,79,6.2,305.6,19.4,D,0
-14.7817,127.7694,335.2,1,1,2014-05-07,0147,Terra,MODIS,85,6.2,303.5,25.7,D,0
-14.5663,134.0686,315.3,1.9,1.3,2014-05-07,0147,Terra,MODIS,57,6.2,300.2,15.9,D,0
-14.5953,133.4812,316.3,1.7,1.3,2014-05-07,0147,Terra,MODIS,59,6.2,303,10.5,D,0
-12.6638,130.7926,311.9,1.1,1,2014-05-07,0147,Terra,MODIS,52,6.2,300.9,5.6,D,0
-13.1035,130.9263,313.7,1.1,1.1,2014-05-07,0147,Terra,MODIS,55,6.2,300.8,6.6,D,0
-14.4982,133.4371,317.3,1.7,1.3,2014-05-07,0147,Terra,MODIS,54,6.2,303.2,12.3,D,0
-12.6624,130.7826,316.9,1.1,1,2014-05-07,0147,Terra,MODIS,67,6.2,301.4,10.2,D,0
-14.6422,133.4061,318.9,1.7,1.3,2014-05-07,0147,Terra,MODIS,66,6.2,302.8,15.3,D,0
-14.6975,125.7827,316.4,1.2,1.1,2014-05-07,0147,Terra,MODIS,61,6.2,300.3,9.1,D,0
-15.5692,133.7707,320.2,1.8,1.3,2014-05-07,0147,Terra,MODIS,56,6.2,304.5,17,D,0
-15.5983,133.6588,330.7,1.8,1.3,2014-05-07,0147,Terra,MODIS,83,6.2,303.8,47,D,0
-14.4438,132.6512,325.7,1.5,1.2,2014-05-07,0147,Terra,MODIS,77,6.2,303.6,24.1,D,0
-14.4529,131.5545,324,1.2,1.1,2014-05-07,0147,Terra,MODIS,51,6.2,305.6,12.3,D,0
-15.6003,133.6753,329,1.8,1.3,2014-05-07,0147,Terra,MODIS,81,6.2,303.6,40.7,D,0
-15.5631,133.765,328.1,1.8,1.3,2014-05-07,0147,Terra,MODIS,80,6.2,304.9,38.1,D,0
-14.4218,131.5533,326.2,1.2,1.1,2014-05-07,0147,Terra,MODIS,66,6.2,306.7,16.6,D,0
-15.6358,133.6709,321.9,1.8,1.3,2014-05-07,0147,Terra,MODIS,44,6.2,303.2,21.3,D,0
-14.499,131.5952,319.8,1.3,1.1,2014-05-07,0147,Terra,MODIS,68,6.2,304.8,10.9,D,0
-14.7178,131.7072,320.6,1.3,1.1,2014-05-07,0147,Terra,MODIS,43,6.2,304.5,11.3,D,0
-14.6326,132.2352,321.5,1.4,1.2,2014-05-07,0147,Terra,MODIS,53,6.2,305.7,15.4,D,0
-14.6507,132.6668,314.9,1.5,1.2,2014-05-07,0147,Terra,MODIS,48,6.2,303.1,7.4,D,0
-14.6524,132.6804,319.6,1.5,1.2,2014-05-07,0147,Terra,MODIS,67,6.2,304.1,15.1,D,0
-14.4838,133.1502,321.5,1.6,1.2,2014-05-07,0147,Terra,MODIS,71,6.2,302.4,18.7,D,0
-14.4858,133.1588,323.7,1.6,1.2,2014-05-07,0147,Terra,MODIS,74,6.2,302.9,25.4,D,0
-14.4857,133.1646,320.3,1.6,1.2,2014-05-07,0147,Terra,MODIS,64,6.2,302.8,16.9,D,0
-14.5821,132.2231,328.1,1.4,1.2,2014-05-07,0147,Terra,MODIS,73,6.2,306.8,24.5,D,0
-14.5684,132.1993,330.9,1.4,1.2,2014-05-07,0147,Terra,MODIS,82,6.2,306.9,29.5,D,0
-14.57,132.2119,322.3,1.4,1.2,2014-05-07,0147,Terra,MODIS,46,6.2,305,13.5,D,0
-15.1075,133.5707,316.7,1.7,1.3,2014-05-07,0147,Terra,MODIS,63,6.2,302.5,14.9,D,0
-15.6219,133.6558,326.6,1.8,1.3,2014-05-07,0147,Terra,MODIS,71,6.2,303.1,34,D,0
-15.0921,133.6384,317.7,1.8,1.3,2014-05-07,0147,Terra,MODIS,39,6.2,303.4,15.9,D,0
-15.0827,133.629,320.8,1.7,1.3,2014-05-07,0147,Terra,MODIS,71,6.2,303.3,23.7,D,0
-14.4049,132.6018,325,1.4,1.2,2014-05-07,0147,Terra,MODIS,76,6.2,304.4,24.2,D,0
-14.4314,132.6392,330.8,1.5,1.2,2014-05-07,0147,Terra,MODIS,82,6.2,304.9,35.6,D,0
-14.3418,130.9679,334.8,1.2,1.1,2014-05-07,0147,Terra,MODIS,86,6.2,304.2,32,D,0
-14.3403,130.9573,326.9,1.2,1.1,2014-05-07,0147,Terra,MODIS,78,6.2,302.9,18.8,D,0
-14.219,130.8845,328.9,1.1,1.1,2014-05-07,0147,Terra,MODIS,53,6.2,307,18.8,D,0
-14.6138,133.2715,322.1,1.6,1.3,2014-05-07,0147,Terra,MODIS,72,6.2,303.9,21.5,D,0
-15.5991,131.757,317.1,1.3,1.1,2014-05-07,0147,Terra,MODIS,49,6.2,303.1,8.8,D,0
-15.5976,131.7447,317.3,1.3,1.1,2014-05-07,0147,Terra,MODIS,54,6.2,304,9,D,0
-14.9982,131.2908,322.4,1.2,1.1,2014-05-07,0147,Terra,MODIS,71,6.2,307.1,12.8,D,0
-14.5993,131.4345,368.6,1.2,1.1,2014-05-07,0147,Terra,MODIS,100,6.2,308.3,137.8,D,0
-13.8089,132.0751,317.7,1.3,1.1,2014-05-07,0147,Terra,MODIS,65,6.2,303.9,10.6,D,0
-12.9885,131.5878,317.9,1.2,1.1,2014-05-07,0147,Terra,MODIS,43,6.2,303.8,9.2,D,0
-14.2617,130.9106,325.8,1.1,1.1,2014-05-07,0147,Terra,MODIS,67,6.2,305.2,15.4,D,0
-14.2784,130.9341,320.5,1.1,1.1,2014-05-07,0147,Terra,MODIS,28,6.2,306.1,9.3,D,0
-14.2894,130.9432,327.6,1.2,1.1,2014-05-07,0147,Terra,MODIS,79,6.2,305.2,19.2,D,0
-14.915,130.7471,330.4,1.1,1.1,2014-05-07,0147,Terra,MODIS,65,6.2,308.1,21.5,D,0
-14.9216,130.7244,338.6,1.1,1.1,2014-05-07,0147,Terra,MODIS,88,6.2,305.5,37.2,D,0
-14.9231,130.7349,326.3,1.1,1.1,2014-05-07,0147,Terra,MODIS,64,6.2,305.5,16.5,D,0
-14.9245,130.7455,344,1.1,1.1,2014-05-07,0147,Terra,MODIS,91,6.2,306.1,49,D,0
-14.6634,131.4541,344.1,1.2,1.1,2014-05-07,0147,Terra,MODIS,92,6.2,302.5,51.9,D,0
-14.6649,131.4655,364.3,1.2,1.1,2014-05-07,0147,Terra,MODIS,100,6.2,306.6,116.4,D,0
-14.6665,131.4769,358.4,1.2,1.1,2014-05-07,0147,Terra,MODIS,99,6.2,307.3,93.6,D,0
-14.668,131.4883,330.6,1.2,1.1,2014-05-07,0147,Terra,MODIS,75,6.2,305.4,22.5,D,0
-14.926,130.7562,320.4,1.1,1.1,2014-05-07,0147,Terra,MODIS,22,6.2,303.6,9.3,D,0
-14.6092,131.4331,341.8,1.2,1.1,2014-05-07,0147,Terra,MODIS,90,6.2,305.4,49.5,D,0
-15.6014,131.6946,326.5,1.3,1.1,2014-05-07,0147,Terra,MODIS,77,6.2,305,21.2,D,0
-15.603,131.7067,320.2,1.3,1.1,2014-05-07,0147,Terra,MODIS,42,6.2,304.5,10.8,D,0
-15.6101,131.681,319.7,1.3,1.1,2014-05-07,0147,Terra,MODIS,53,6.2,304.1,10.5,D,0
-14.1974,130.7279,334.2,1.1,1.1,2014-05-07,0147,Terra,MODIS,74,6.2,304.1,29.4,D,0
-14.6009,131.4459,332.9,1.2,1.1,2014-05-07,0147,Terra,MODIS,68,6.2,305.8,28.7,D,0
-14.2069,130.7264,333.5,1.1,1.1,2014-05-07,0147,Terra,MODIS,85,6.2,302.5,29.2,D,0
-14.2083,130.7368,323.9,1.1,1.1,2014-05-07,0147,Terra,MODIS,58,6.2,302.6,15.5,D,0
-14.9624,131.0244,322.5,1.2,1.1,2014-05-07,0147,Terra,MODIS,71,6.2,303.8,13.3,D,0
-14.9967,131.2795,326,1.2,1.1,2014-05-07,0147,Terra,MODIS,76,6.2,306.4,18.7,D,0
-14.9279,131.2263,319.9,1.2,1.1,2014-05-07,0147,Terra,MODIS,32,6.2,305.7,8.8,D,0
-14.9264,131.2151,331.1,1.2,1.1,2014-05-07,0147,Terra,MODIS,82,6.2,306,26.4,D,0
-13.9905,131.6784,315.9,1.2,1.1,2014-05-07,0147,Terra,MODIS,58,6.2,303.8,8.3,D,0
-14.8805,131.0975,319.2,1.2,1.1,2014-05-07,0147,Terra,MODIS,41,6.2,304.4,8.9,D,0
-14.2236,130.7768,325.7,1.1,1.1,2014-05-07,0147,Terra,MODIS,49,6.2,303.2,16.9,D,0
-14.2455,130.795,322.2,1.1,1.1,2014-05-07,0147,Terra,MODIS,51,6.2,303.4,13,D,0
-14.6703,131.4304,317.1,1.2,1.1,2014-05-07,0147,Terra,MODIS,56,6.2,301.6,9.9,D,0
-14.6719,131.4416,344.4,1.2,1.1,2014-05-07,0147,Terra,MODIS,92,6.2,303.9,57.3,D,0
-14.6734,131.4528,328.3,1.2,1.1,2014-05-07,0147,Terra,MODIS,45,6.2,304.1,20.8,D,0
-14.678,131.487,328.6,1.2,1.1,2014-05-07,0147,Terra,MODIS,66,6.2,303.9,19,D,0
-14.6803,131.4291,328.2,1.2,1.1,2014-05-07,0147,Terra,MODIS,79,6.2,303.5,24.1,D,0
-14.6818,131.4404,342.8,1.2,1.1,2014-05-07,0147,Terra,MODIS,91,6.2,305.4,53,D,0
-14.6139,131.4673,322.3,1.2,1.1,2014-05-07,0147,Terra,MODIS,56,6.2,305,12.9,D,0
-14.3522,130.9022,324.3,1.1,1.1,2014-05-07,0147,Terra,MODIS,73,6.2,304.7,13.7,D,0
-14.3324,130.8298,318,1.1,1.1,2014-05-07,0147,Terra,MODIS,48,6.2,304.9,7.5,D,0
-14.3309,130.8194,329,1.1,1.1,2014-05-07,0147,Terra,MODIS,81,6.2,305.5,22.6,D,0
-13.4455,131.9443,314.4,1.3,1.1,2014-05-07,0147,Terra,MODIS,57,6.2,301.6,7.1,D,0
-14.3537,130.9128,319.4,1.1,1.1,2014-05-07,0147,Terra,MODIS,59,6.2,304.7,8.6,D,0
-14.4613,131.5415,333.9,1.2,1.1,2014-05-07,0147,Terra,MODIS,85,6.2,304,28.5,D,0
-13.437,131.9574,314.4,1.3,1.1,2014-05-07,0147,Terra,MODIS,58,6.2,301.2,7.2,D,0
-14.2163,132.0695,321.7,1.3,1.1,2014-05-07,0147,Terra,MODIS,51,6.2,304.5,14.2,D,0
-14.2266,132.0681,322.3,1.3,1.1,2014-05-07,0147,Terra,MODIS,60,6.2,303.9,15.2,D,0
-14.2283,132.0803,333.9,1.3,1.1,2014-05-07,0147,Terra,MODIS,85,6.2,305.2,36.7,D,0
-14.5696,131.4388,325.7,1.2,1.1,2014-05-07,0147,Terra,MODIS,77,6.2,303.5,19.2,D,0
-14.5597,131.4401,332.9,1.2,1.1,2014-05-07,0147,Terra,MODIS,84,6.2,304.7,31.1,D,0
-14.6207,131.4429,346.1,1.2,1.1,2014-05-07,0147,Terra,MODIS,93,6.2,306.7,57.5,D,0
-14.5819,131.5301,322.8,1.2,1.1,2014-05-07,0147,Terra,MODIS,43,6.2,304.4,13.7,D,0
-14.5375,131.5012,325,1.2,1.1,2014-05-07,0147,Terra,MODIS,41,6.2,305.5,12.6,D,0
-14.8717,131.0322,319.6,1.2,1.1,2014-05-07,0147,Terra,MODIS,24,6.2,304.6,9.5,D,0
-14.8799,131.02,326.1,1.2,1.1,2014-05-07,0147,Terra,MODIS,71,6.2,303.1,17.5,D,0
-14.8814,131.0309,355.5,1.2,1.1,2014-05-07,0147,Terra,MODIS,97,6.2,306.9,81.1,D,0
-14.8829,131.0417,353.8,1.2,1.1,2014-05-07,0147,Terra,MODIS,97,6.2,308.1,76,D,0
-14.8844,131.0526,323.2,1.2,1.1,2014-05-07,0147,Terra,MODIS,22,6.2,306,12.2,D,0
-14.8911,131.0295,344.1,1.2,1.1,2014-05-07,0147,Terra,MODIS,91,6.2,303.2,49.8,D,0
-14.8926,131.0404,353.1,1.2,1.1,2014-05-07,0147,Terra,MODIS,96,6.2,304,73.3,D,0
-14.8941,131.0513,325.5,1.2,1.1,2014-05-07,0147,Terra,MODIS,62,6.2,302.8,15.2,D,0
-13.4471,131.9561,325.1,1.3,1.1,2014-05-07,0147,Terra,MODIS,78,6.2,302,21.8,D,0
-14.5248,131.4864,325,1.2,1.1,2014-05-07,0147,Terra,MODIS,38,6.2,305,15,D,0
-14.8958,130.75,324.5,1.1,1.1,2014-05-07,0147,Terra,MODIS,59,6.2,305.7,13.7,D,0
-14.6207,131.437,336.7,1.2,1.1,2014-05-07,0147,Terra,MODIS,71,6.2,304.7,35.9,D,0
-14.3993,132.5949,316.1,1.4,1.2,2014-05-07,0147,Terra,MODIS,59,6.2,303.6,9.5,D,0
-14.4011,132.6082,316.6,1.4,1.2,2014-05-07,0147,Terra,MODIS,60,6.2,303.7,10.2,D,0
-14.6222,131.4484,330.1,1.2,1.1,2014-05-07,0147,Terra,MODIS,38,6.2,306.8,21.8,D,0
-14.073,133.7763,318,1.7,1.3,2014-05-07,0147,Terra,MODIS,67,6.2,300.5,19.6,D,0
-14.4456,132.6648,330.9,1.5,1.2,2014-05-07,0147,Terra,MODIS,82,6.2,304.1,35.6,D,0
-14.7803,131.4906,328.3,1.2,1.1,2014-05-07,0147,Terra,MODIS,79,6.2,306.4,21.9,D,0
-14.4563,132.6634,321.6,1.5,1.2,2014-05-07,0147,Terra,MODIS,71,6.2,303.4,17.9,D,0
-14.7787,131.4791,331.3,1.2,1.1,2014-05-07,0147,Terra,MODIS,82,6.2,304.7,27.7,D,0
-14.3321,130.9692,336.9,1.2,1.1,2014-05-07,0147,Terra,MODIS,87,6.2,306.5,35.7,D,0
-13.7009,131.5746,317.3,1.2,1.1,2014-05-07,0147,Terra,MODIS,40,6.2,304.5,7.8,D,0
-15.4403,131.7044,320.9,1.3,1.1,2014-05-07,0147,Terra,MODIS,65,6.2,303.7,14,D,0
-14.3307,130.9586,334.2,1.2,1.1,2014-05-07,0147,Terra,MODIS,85,6.2,304.7,30.8,D,0
-14.3292,130.9481,320.1,1.2,1.1,2014-05-07,0147,Terra,MODIS,54,6.2,303.7,9.8,D,0
-14.5363,131.4963,329.9,1.2,1.1,2014-05-07,0147,Terra,MODIS,43,6.2,305.7,20.7,D,0
-13.0122,131.601,318.2,1.2,1.1,2014-05-07,0147,Terra,MODIS,47,6.2,304.1,8.4,D,0
-14.6024,131.4573,339,1.2,1.1,2014-05-07,0147,Terra,MODIS,88,6.2,306,41.5,D,0
-14.5977,131.423,369.2,1.2,1.1,2014-05-07,0147,Terra,MODIS,100,6.2,305.9,141.7,D,0
-14.9135,130.7364,326.8,1.1,1.1,2014-05-07,0147,Terra,MODIS,28,6.2,306.1,15,D,0
-15.4521,131.715,321.8,1.3,1.1,2014-05-07,0147,Terra,MODIS,67,6.2,304.3,15.6,D,0
-14.7126,131.5176,345.1,1.2,1.1,2014-05-07,0147,Terra,MODIS,92,6.2,304.6,56.5,D,0
-14.711,131.5059,337.5,1.2,1.1,2014-05-07,0147,Terra,MODIS,87,6.2,306.1,37.9,D,0
-14.1756,130.7098,326.9,1.1,1.1,2014-05-07,0147,Terra,MODIS,59,6.2,304.8,19.1,D,0
-14.701,131.5072,330.7,1.2,1.1,2014-05-07,0147,Terra,MODIS,82,6.2,305.3,25.6,D,0
-14.6895,131.497,324.5,1.2,1.1,2014-05-07,0147,Terra,MODIS,54,6.2,303.7,15.2,D,0
-14.6711,131.5113,334.7,1.2,1.1,2014-05-07,0147,Terra,MODIS,85,6.2,304.6,31.5,D,0
-14.6695,131.4998,345.4,1.2,1.1,2014-05-07,0147,Terra,MODIS,92,6.2,305,55.8,D,0
-14.2063,130.6528,321.9,1.1,1.1,2014-05-07,0147,Terra,MODIS,34,6.2,303.9,12.9,D,0
-14.2221,130.7665,321.9,1.1,1.1,2014-05-07,0147,Terra,MODIS,26,6.2,302.3,12.6,D,0
-14.6642,131.5361,322.4,1.2,1.1,2014-05-07,0147,Terra,MODIS,72,6.2,306.8,11.9,D,0
-14.208,130.8753,370.3,1.1,1.1,2014-05-07,0147,Terra,MODIS,100,6.2,309.9,129,D,0
-14.2095,130.886,337.7,1.1,1.1,2014-05-07,0147,Terra,MODIS,88,6.2,307.2,35,D,0
-14.2176,130.8739,339.7,1.1,1.1,2014-05-07,0147,Terra,MODIS,89,6.2,307.7,36.9,D,0
-14.6535,131.4555,346.3,1.2,1.1,2014-05-07,0147,Terra,MODIS,93,6.2,307,58.9,D,0
-14.8535,131.5807,369.8,1.3,1.1,2014-05-07,0147,Terra,MODIS,100,6.2,306.9,150.1,D,0
-14.855,131.5924,353.1,1.3,1.1,2014-05-07,0147,Terra,MODIS,96,6.2,307.3,84.4,D,0
-14.8566,131.604,325.9,1.3,1.1,2014-05-07,0147,Terra,MODIS,76,6.2,304.9,20.5,D,0
-14.652,131.4442,347.1,1.2,1.1,2014-05-07,0147,Terra,MODIS,93,6.2,303.8,63.5,D,0
-14.6436,131.4569,365.4,1.2,1.1,2014-05-07,0147,Terra,MODIS,100,6.2,309.1,124.7,D,0
-14.642,131.4454,357.1,1.2,1.1,2014-05-07,0147,Terra,MODIS,98,6.2,305.2,94.3,D,0
-14.6336,131.4583,332.6,1.2,1.1,2014-05-07,0147,Terra,MODIS,84,6.2,307.1,28.6,D,0
-14.8682,131.6143,335.9,1.3,1.1,2014-05-07,0147,Terra,MODIS,86,6.2,305.4,37.7,D,0
-14.6321,131.4468,345.6,1.2,1.1,2014-05-07,0147,Terra,MODIS,92,6.2,307.2,57.6,D,0
-14.6306,131.4354,341.4,1.2,1.1,2014-05-07,0147,Terra,MODIS,90,6.2,304.6,49.8,D,0
-14.8697,131.626,329.9,1.3,1.1,2014-05-07,0147,Terra,MODIS,76,6.2,304.5,26.2,D,0
-14.3123,130.4388,326.9,1.1,1,2014-05-07,0147,Terra,MODIS,64,6.2,303.2,18,D,0
-14.331,130.4361,330.1,1.1,1,2014-05-07,0147,Terra,MODIS,82,6.2,305.4,23.4,D,0
-14.3324,130.4461,320.1,1.1,1,2014-05-07,0147,Terra,MODIS,42,6.2,305,10.8,D,0
-14.2692,130.0616,318.5,1.1,1,2014-05-07,0147,Terra,MODIS,37,6.2,303.7,7.6,D,0
-15.8442,128.2861,319.7,1,1,2014-05-07,0147,Terra,MODIS,62,6.2,304.7,7.1,D,0
-15.8016,128.498,319.2,1,1,2014-05-07,0147,Terra,MODIS,54,6.2,304.5,6.2,D,0
-15.785,128.51,319.7,1,1,2014-05-07,0147,Terra,MODIS,60,6.2,304,7.1,D,0
-14.1921,130.551,332.1,1.1,1,2014-05-07,0147,Terra,MODIS,84,6.2,302.1,28.4,D,0
-14.1935,130.5611,337.1,1.1,1,2014-05-07,0147,Terra,MODIS,87,6.2,303.9,35.6,D,0
-14.2015,130.5496,342.1,1.1,1,2014-05-07,0147,Terra,MODIS,91,6.2,302.6,45.5,D,0
-14.2029,130.5597,361.7,1.1,1,2014-05-07,0147,Terra,MODIS,100,6.2,307.1,95,D,0
-14.2435,130.5373,317.4,1.1,1,2014-05-07,0147,Terra,MODIS,62,6.2,303,8.3,D,0
-14.2449,130.5475,317.8,1.1,1,2014-05-07,0147,Terra,MODIS,62,6.2,303.2,8.7,D,0
-14.2473,130.4953,315.9,1.1,1,2014-05-07,0147,Terra,MODIS,58,6.2,302.5,7.1,D,0
-13.3973,130.5771,320.6,1.1,1,2014-05-07,0147,Terra,MODIS,60,6.2,305.3,10.2,D,0
-13.4025,130.5704,318.1,1.1,1,2014-05-07,0147,Terra,MODIS,68,6.2,304,9,D,0
-15.6413,128.5348,322.5,1,1,2014-05-07,0147,Terra,MODIS,64,6.2,307.3,8,D,0
-15.6427,128.5441,333.7,1,1,2014-05-07,0147,Terra,MODIS,83,6.2,307.1,21.6,D,0
-14.2143,130.6412,320.7,1.1,1.1,2014-05-07,0147,Terra,MODIS,51,6.2,302.3,11.7,D,0
-14.2129,130.631,320.7,1.1,1.1,2014-05-07,0147,Terra,MODIS,43,6.2,302.6,11.4,D,0
-14.2043,130.5699,327.4,1.1,1,2014-05-07,0147,Terra,MODIS,43,6.2,304.7,17.7,D,0
-14.1963,130.5815,327.9,1.1,1,2014-05-07,0147,Terra,MODIS,45,6.2,302.9,19.4,D,0
-14.1949,130.5713,334.8,1.1,1,2014-05-07,0147,Terra,MODIS,71,6.2,303.6,29.9,D,0
-14.2201,129.9658,324.5,1.1,1,2014-05-07,0147,Terra,MODIS,76,6.2,301.5,16.8,D,0
-14.323,130.4475,329.6,1.1,1,2014-05-07,0147,Terra,MODIS,82,6.2,305.9,22.5,D,0
-14.3244,130.4576,321.7,1.1,1,2014-05-07,0147,Terra,MODIS,33,6.2,304.1,11.8,D,0
-15.6846,128.6422,321.3,1,1,2014-05-07,0147,Terra,MODIS,55,6.2,305.4,7.6,D,0
-15.6243,128.6704,332.4,1,1,2014-05-07,0147,Terra,MODIS,82,6.2,305.6,21.5,D,0
-15.623,128.661,345.8,1,1,2014-05-07,0147,Terra,MODIS,92,6.2,305.3,43.4,D,0
-14.2863,130.0492,319.3,1.1,1,2014-05-07,0147,Terra,MODIS,66,6.2,304.3,9,D,0
-14.2849,130.0395,318,1.1,1,2014-05-07,0147,Terra,MODIS,54,6.2,302.9,7.9,D,0
-18.9074,126.3024,346.9,1,1,2014-05-07,0148,Terra,MODIS,92,6.2,306.4,45.2,D,0
-18.9089,126.3122,337.3,1,1,2014-05-07,0148,Terra,MODIS,84,6.2,305.8,27.5,D,0
-18.915,126.2911,330.2,1,1,2014-05-07,0148,Terra,MODIS,69,6.2,304.7,17.4,D,0
-18.9211,126.3302,370.4,1,1,2014-05-07,0148,Terra,MODIS,100,6.2,307.9,110,D,0
-18.9227,126.2798,350,1,1,2014-05-07,0148,Terra,MODIS,94,6.2,305.7,53.4,D,0
-18.9242,126.2896,330.2,1,1,2014-05-07,0148,Terra,MODIS,59,6.2,305,17.6,D,0
-18.9287,126.319,331.6,1,1,2014-05-07,0148,Terra,MODIS,73,6.2,304,18.4,D,0
-18.9348,126.2978,345.5,1,1,2014-05-07,0148,Terra,MODIS,91,6.2,304.4,42.9,D,0
-18.9363,126.3076,328.6,1,1,2014-05-07,0148,Terra,MODIS,55,6.2,303.4,15.2,D,0
-18.9475,126.3294,325.9,1,1,2014-05-07,0148,Terra,MODIS,72,6.2,303.8,14.5,D,0
-19.0943,133.5226,316.6,2,1.4,2014-05-07,0148,Terra,MODIS,57,6.2,302.8,16.3,D,0
-18.9226,126.34,325.9,1,1,2014-05-07,0148,Terra,MODIS,66,6.2,304.3,11.3,D,0
-18.9408,126.337,335.4,1,1,2014-05-07,0148,Terra,MODIS,84,6.2,306,25.8,D,0
-18.949,126.3391,330.3,1,1,2014-05-07,0148,Terra,MODIS,78,6.2,305,20.4,D,0
-16.5054,131.686,325.5,1.3,1.1,2014-05-07,0148,Terra,MODIS,72,6.2,306.9,18.9,D,0
-18.9118,126.3917,324.5,1,1,2014-05-07,0148,Terra,MODIS,33,6.2,303.9,10.8,D,0
-18.9423,126.3467,325.6,1,1,2014-05-07,0148,Terra,MODIS,71,6.2,304.7,12.9,D,0
-16.2513,129.6459,327.7,1.1,1,2014-05-07,0148,Terra,MODIS,77,6.2,306.3,16.7,D,0
-16.2527,129.6557,330.6,1.1,1,2014-05-07,0148,Terra,MODIS,80,6.2,306.9,20.4,D,0
-16.254,129.6656,326.8,1.1,1,2014-05-07,0148,Terra,MODIS,76,6.2,308,14.9,D,0
-16.2633,129.6642,326.4,1.1,1,2014-05-07,0148,Terra,MODIS,67,6.2,305.9,13.6,D,0
-22.4036,124.6744,327.9,1.1,1,2014-05-07,0149,Terra,MODIS,57,6.2,304,15.4,D,0
-22.3891,124.9207,322.8,1.1,1,2014-05-07,0149,Terra,MODIS,67,6.2,304,10.5,D,0
-22.3875,124.9103,318.7,1.1,1,2014-05-07,0149,Terra,MODIS,47,6.2,303.1,6.1,D,0
-22.3968,124.9087,327.1,1.1,1,2014-05-07,0149,Terra,MODIS,74,6.2,303.6,15.9,D,0
-22.4454,124.6342,431.7,1.1,1,2014-05-07,0149,Terra,MODIS,100,6.2,316.5,564.2,D,0
-22.4377,124.6465,355,1.1,1,2014-05-07,0149,Terra,MODIS,97,6.2,305.2,69.5,D,0
-22.436,124.6359,390,1.1,1,2014-05-07,0149,Terra,MODIS,100,6.2,310.6,213.6,D,0
-22.413,124.6727,325.1,1.1,1,2014-05-07,0149,Terra,MODIS,33,6.2,303.4,11.9,D,0
-22.4471,124.6448,363.8,1.1,1,2014-05-07,0149,Terra,MODIS,100,6.2,304.8,98.1,D,0
-22.4548,124.6325,339.6,1.1,1,2014-05-07,0149,Terra,MODIS,88,6.2,301.2,37.2,D,0
-22.3984,124.919,322.8,1.1,1,2014-05-07,0149,Terra,MODIS,67,6.2,304.1,10.7,D,0
-20.2821,123.81,319.7,1.3,1.1,2014-05-07,0149,Terra,MODIS,43,6.2,301.6,8.3,D,0
-20.4374,122.9869,330,1.4,1.2,2014-05-07,0149,Terra,MODIS,74,6.2,302,27.7,D,0
-41.2015,147.2967,348.5,1.2,1.1,2014-05-07,0428,Aqua,MODIS,95,6.2,285,77.2,D,0
-41.1412,147.2881,309.7,1.2,1.1,2014-05-07,0428,Aqua,MODIS,69,6.2,284.5,14,D,0
-41.1991,147.3051,370.2,1.2,1.1,2014-05-07,0428,Aqua,MODIS,100,6.2,291.8,150,D,0
-41.1508,147.2912,305.9,1.2,1.1,2014-05-07,0428,Aqua,MODIS,62,6.2,284.6,10.6,D,0
-41.1966,147.3247,344.9,1.2,1.1,2014-05-07,0428,Aqua,MODIS,94,6.2,285.9,67.6,D,0
-41.2087,147.3131,354.4,1.2,1.1,2014-05-07,0428,Aqua,MODIS,98,6.2,286.4,93.3,D,0
-41.2112,147.2993,336,1.2,1.1,2014-05-07,0428,Aqua,MODIS,90,6.2,284.6,49.7,D,0
-41.1942,147.3334,304.7,1.2,1.1,2014-05-07,0428,Aqua,MODIS,59,6.2,284.2,10.6,D,0
-41.1967,147.3192,354.2,1.2,1.1,2014-05-07,0428,Aqua,MODIS,97,6.2,287.5,93.3,D,0
-40.9414,147.6601,309.3,1.2,1.1,2014-05-07,0428,Aqua,MODIS,68,6.2,287,14.5,D,0
-41.1991,147.3105,396.9,1.2,1.1,2014-05-07,0428,Aqua,MODIS,100,6.2,291.6,298.2,D,0
-38.4973,146.4179,310.4,1.2,1.1,2014-05-07,0429,Aqua,MODIS,69,6.2,283.1,14.6,D,0
-38.4996,146.4043,305,1.2,1.1,2014-05-07,0429,Aqua,MODIS,59,6.2,283.1,10.4,D,0
-38.49,146.4014,325.4,1.2,1.1,2014-05-07,0429,Aqua,MODIS,84,6.2,284.1,32,D,0
-38.4877,146.4149,308.3,1.2,1.1,2014-05-07,0429,Aqua,MODIS,48,6.2,282.5,12.5,D,0
-37.5075,145.6438,355.4,1.1,1.1,2014-05-07,0429,Aqua,MODIS,98,6.2,287.7,90.8,D,0
-37.5287,145.6362,316.3,1.1,1.1,2014-05-07,0429,Aqua,MODIS,77,6.2,286.5,19.9,D,0
-37.5053,145.6569,343.8,1.1,1.1,2014-05-07,0429,Aqua,MODIS,93,6.2,288.1,61.9,D,0
-37.5309,145.623,306.8,1.1,1.1,2014-05-07,0429,Aqua,MODIS,64,6.2,284.5,11.7,D,0
-34.4702,147.1653,309.4,1.5,1.2,2014-05-07,0430,Aqua,MODIS,69,6.2,291.3,13.8,D,0
-34.8297,147.4123,316.7,1.5,1.2,2014-05-07,0430,Aqua,MODIS,77,6.2,290.8,26.5,D,0
-34.3878,147.6571,303.4,1.6,1.3,2014-05-07,0430,Aqua,MODIS,56,6.2,291.4,8,D,0
-34.6404,147.7287,328.3,1.6,1.3,2014-05-07,0430,Aqua,MODIS,86,6.2,293,53,D,0
-35.8249,146.0204,301.2,1.2,1.1,2014-05-07,0430,Aqua,MODIS,45,6.2,290.5,4.9,D,0
-34.6429,147.4172,302.6,1.6,1.2,2014-05-07,0430,Aqua,MODIS,53,6.2,291.3,6.9,D,0
-33.6372,146.9593,323,1.5,1.2,2014-05-07,0430,Aqua,MODIS,82,6.2,292.3,34.7,D,0
-35.1205,147.1037,326.8,1.5,1.2,2014-05-07,0430,Aqua,MODIS,85,6.2,294.5,38.4,D,0
-35.9257,146.2633,301.2,1.3,1.1,2014-05-07,0430,Aqua,MODIS,42,6.2,290.7,5.1,D,0
-36.1229,145.7241,315.1,1.2,1.1,2014-05-07,0430,Aqua,MODIS,75,6.2,292.6,16.2,D,0
-36.432,145.7843,308.5,1.2,1.1,2014-05-07,0430,Aqua,MODIS,58,6.2,291,9.4,D,0
-34.7669,146.9473,319.7,1.4,1.2,2014-05-07,0430,Aqua,MODIS,79,6.2,288.6,28.3,D,0
-35.4046,147.0213,310.2,1.4,1.2,2014-05-07,0430,Aqua,MODIS,70,6.2,289,14.6,D,0
-34.4925,145.746,373.5,1.3,1.1,2014-05-07,0430,Aqua,MODIS,100,6.2,295.7,177.9,D,0
-36.4417,145.7869,321.1,1.2,1.1,2014-05-07,0430,Aqua,MODIS,81,6.2,290.4,23.8,D,0
-35.6027,146.6837,319.1,1.4,1.2,2014-05-07,0430,Aqua,MODIS,79,6.2,293.6,24.2,D,0
-35.3981,147.0291,306.1,1.4,1.2,2014-05-07,0430,Aqua,MODIS,40,6.2,287.7,9.5,D,0
-35.4653,146.2393,304.3,1.3,1.1,2014-05-07,0430,Aqua,MODIS,44,6.2,293.6,5.3,D,0
-36.1517,147.5534,308.3,1.5,1.2,2014-05-07,0430,Aqua,MODIS,67,6.2,285.1,18.7,D,0
-36.615,144.7412,303.5,1.1,1,2014-05-07,0430,Aqua,MODIS,56,6.2,288.7,6.4,D,0
-34.5309,147.6368,310,1.6,1.2,2014-05-07,0430,Aqua,MODIS,69,6.2,290.9,16.2,D,0
-36.7001,144.8765,307.4,1.1,1,2014-05-07,0430,Aqua,MODIS,65,6.2,289.8,9.4,D,0
-34.8499,147.5479,315.6,1.6,1.2,2014-05-07,0430,Aqua,MODIS,76,6.2,292.9,23.7,D,0
-34.4949,145.7322,349.7,1.3,1.1,2014-05-07,0430,Aqua,MODIS,96,6.2,294.3,83.4,D,0
-34.4562,146.0136,310,1.3,1.1,2014-05-07,0430,Aqua,MODIS,69,6.2,289.9,11.6,D,0
-35.5558,147.3247,300.4,1.5,1.2,2014-05-07,0430,Aqua,MODIS,25,6.2,289.7,7.2,D,0
-35.8241,146.6646,311.8,1.3,1.1,2014-05-07,0430,Aqua,MODIS,57,6.2,291.7,13.4,D,0
-33.6402,146.943,306.1,1.5,1.2,2014-05-07,0430,Aqua,MODIS,18,6.2,292.5,8.4,D,0
-36.1091,146.1005,320,1.2,1.1,2014-05-07,0430,Aqua,MODIS,80,6.2,291.6,23.1,D,0
-34.9033,147.5101,312.2,1.6,1.2,2014-05-07,0430,Aqua,MODIS,72,6.2,292.8,19.1,D,0
-35.6974,146.4414,311.7,1.3,1.1,2014-05-07,0430,Aqua,MODIS,72,6.2,291.8,14.4,D,0
-36.1549,147.5364,324.4,1.5,1.2,2014-05-07,0430,Aqua,MODIS,83,6.2,286.3,42.8,D,0
-36.4006,145.7897,301.5,1.2,1.1,2014-05-07,0430,Aqua,MODIS,47,6.2,290.9,4.7,D,0
-35.3339,146.8758,302.6,1.4,1.2,2014-05-07,0430,Aqua,MODIS,31,6.2,291.3,5.9,D,0
-35.8328,146.6587,324.4,1.3,1.1,2014-05-07,0430,Aqua,MODIS,77,6.2,291.6,29.7,D,0
-34.864,147.5342,312.2,1.6,1.2,2014-05-07,0430,Aqua,MODIS,68,6.2,294.1,18.5,D,0
-35.5058,145.3696,303.3,1.2,1.1,2014-05-07,0430,Aqua,MODIS,56,6.2,291.1,5.3,D,0
-33.6263,146.9563,320.3,1.5,1.2,2014-05-07,0430,Aqua,MODIS,80,6.2,293.7,29,D,0
-35.4146,146.6977,322.5,1.4,1.2,2014-05-07,0430,Aqua,MODIS,82,6.2,292.2,29.9,D,0
-33.7945,147.5375,303.8,1.6,1.3,2014-05-07,0430,Aqua,MODIS,49,6.2,293.8,6.5,D,0
-35.5046,145.3624,302.3,1.2,1.1,2014-05-07,0430,Aqua,MODIS,52,6.2,291,4.8,D,0
-35.0177,147.3402,307,1.5,1.2,2014-05-07,0430,Aqua,MODIS,65,6.2,293.2,11.4,D,0
-34.4849,145.7296,318.5,1.3,1.1,2014-05-07,0430,Aqua,MODIS,79,6.2,290.6,21.1,D,0
-34.7164,147.5151,309.5,1.6,1.2,2014-05-07,0430,Aqua,MODIS,69,6.2,292.2,14.7,D,0
-34.0762,147.2216,304.8,1.6,1.2,2014-05-07,0430,Aqua,MODIS,60,6.2,292.6,8.4,D,0
-34.4672,147.1816,363.9,1.5,1.2,2014-05-07,0430,Aqua,MODIS,100,6.2,294.8,176.2,D,0
-34.7653,146.9411,321.9,1.4,1.2,2014-05-07,0430,Aqua,MODIS,81,6.2,289.5,30.6,D,0
-34.6781,147.5941,303.9,1.6,1.2,2014-05-07,0430,Aqua,MODIS,56,6.2,291.8,8.3,D,0
-35.6474,146.8922,305.2,1.4,1.2,2014-05-07,0430,Aqua,MODIS,59,6.2,293.2,7.8,D,0
-34.532,147.6303,304.2,1.6,1.2,2014-05-07,0430,Aqua,MODIS,57,6.2,291.2,9.1,D,0
-35.8408,146.6149,331.2,1.3,1.1,2014-05-07,0430,Aqua,MODIS,87,6.2,292.7,42.1,D,0
-34.6838,146.8135,312.7,1.4,1.2,2014-05-07,0430,Aqua,MODIS,73,6.2,292.7,16.6,D,0
-34.3246,147.7433,327.8,1.6,1.3,2014-05-07,0430,Aqua,MODIS,85,6.2,292.7,50.8,D,0
-35.9282,146.2493,304.4,1.3,1.1,2014-05-07,0430,Aqua,MODIS,51,6.2,291,7.8,D,0
-34.3544,146.6729,303.3,1.4,1.2,2014-05-07,0430,Aqua,MODIS,56,6.2,291.9,6.5,D,0
-34.3225,147.7496,333.6,1.6,1.3,2014-05-07,0430,Aqua,MODIS,89,6.2,292.4,65.3,D,0
-35.7056,146.2872,320.5,1.3,1.1,2014-05-07,0430,Aqua,MODIS,80,6.2,291,25.4,D,0
-34.3844,147.6746,308,1.6,1.3,2014-05-07,0430,Aqua,MODIS,66,6.2,292,13.8,D,0
-35.6054,146.6689,307.6,1.4,1.2,2014-05-07,0430,Aqua,MODIS,66,6.2,291.7,9.9,D,0
-36.1252,145.7109,306,1.2,1.1,2014-05-07,0430,Aqua,MODIS,62,6.2,291.7,7.4,D,0
-35.8316,147.0202,326.7,1.4,1.2,2014-05-07,0430,Aqua,MODIS,85,6.2,291.4,40.8,D,0
-34.4825,145.7433,321.1,1.3,1.1,2014-05-07,0430,Aqua,MODIS,81,6.2,290.7,24.6,D,0
-36.1067,146.1142,309.5,1.2,1.1,2014-05-07,0430,Aqua,MODIS,69,6.2,291.7,11.3,D,0
-34.9001,147.5268,307.9,1.6,1.2,2014-05-07,0430,Aqua,MODIS,66,6.2,292.3,13.9,D,0
-35.8346,146.6061,323.5,1.3,1.1,2014-05-07,0430,Aqua,MODIS,82,6.2,292.2,29.5,D,0
-35.1311,147.1067,321.4,1.5,1.2,2014-05-07,0430,Aqua,MODIS,81,6.2,294.1,29.7,D,0
-34.4537,146.0278,304.4,1.3,1.1,2014-05-07,0430,Aqua,MODIS,26,6.2,292.5,6.2,D,0
-34.7232,147.2376,303.9,1.5,1.2,2014-05-07,0430,Aqua,MODIS,55,6.2,292.8,7.3,D,0
-35.8267,146.65,323,1.3,1.1,2014-05-07,0430,Aqua,MODIS,80,6.2,292.5,27.9,D,0
-36.3983,145.8029,306.2,1.2,1.1,2014-05-07,0430,Aqua,MODIS,63,6.2,291.2,8.1,D,0
-35.1216,146.9013,305.5,1.4,1.2,2014-05-07,0430,Aqua,MODIS,50,6.2,288.2,9.2,D,0
-36.0727,149.8685,302.8,2,1.4,2014-05-07,0430,Aqua,MODIS,54,6.2,285.5,20,D,0
-35.8007,146.1584,305.4,1.3,1.1,2014-05-07,0430,Aqua,MODIS,61,6.2,291.1,8.2,D,0
-35.7031,146.3013,306.9,1.3,1.1,2014-05-07,0430,Aqua,MODIS,64,6.2,290.5,9.7,D,0
-34.5287,147.6476,301.5,1.6,1.2,2014-05-07,0430,Aqua,MODIS,33,6.2,289.8,6.2,D,0
-35.0284,147.8295,304.5,1.6,1.2,2014-05-07,0430,Aqua,MODIS,59,6.2,291.8,10.9,D,0
-35.5378,149.5529,320.9,2,1.4,2014-05-07,0430,Aqua,MODIS,80,6.2,283.1,54.9,D,0
-34.4494,147.9998,305.9,1.7,1.3,2014-05-07,0430,Aqua,MODIS,62,6.2,290.4,14.4,D,0
-33.5659,147.8078,309.2,1.7,1.3,2014-05-07,0430,Aqua,MODIS,65,6.2,291.3,16.3,D,0
-33.57,147.8018,304.9,1.7,1.3,2014-05-07,0430,Aqua,MODIS,56,6.2,291.8,10.9,D,0
-33.5586,147.7985,302.9,1.7,1.3,2014-05-07,0430,Aqua,MODIS,44,6.2,292.6,8.4,D,0
-36.2261,142.8262,327.9,1,1,2014-05-07,0430,Aqua,MODIS,85,6.2,289.7,24.7,D,0
-36.6603,143.9255,302,1,1,2014-05-07,0430,Aqua,MODIS,50,6.2,287.5,4.3,D,0
-36.2138,142.8464,316.2,1,1,2014-05-07,0430,Aqua,MODIS,76,6.2,290.1,13,D,0
-36.2155,142.8353,352.2,1,1,2014-05-07,0430,Aqua,MODIS,97,6.2,291.6,66.5,D,0
-36.7738,143.544,317,1,1,2014-05-07,0430,Aqua,MODIS,77,6.2,290.6,13.9,D,0
-35.0227,137.278,312.6,1.4,1.2,2014-05-07,0430,Aqua,MODIS,69,6.2,290.5,16.9,D,0
-36.6425,142.1772,310.5,1,1,2014-05-07,0430,Aqua,MODIS,70,6.2,287.8,9.6,D,0
-37.5478,143.7845,303,1,1,2014-05-07,0430,Aqua,MODIS,55,6.2,283.5,6.6,D,0
-35.1743,137.011,303.7,1.5,1.2,2014-05-07,0430,Aqua,MODIS,57,6.2,291.2,8.8,D,0
-34.964,137.2782,304.1,1.4,1.2,2014-05-07,0430,Aqua,MODIS,52,6.2,291.2,6.8,D,0
-36.4308,144.5576,327.6,1.1,1,2014-05-07,0430,Aqua,MODIS,85,6.2,291,27.9,D,0
-37.6153,142.8998,301.5,1,1,2014-05-07,0430,Aqua,MODIS,37,6.2,281.4,5.8,D,0
-36.5782,142.873,324.1,1,1,2014-05-07,0430,Aqua,MODIS,83,6.2,292.7,20.7,D,0
-37.0887,141.932,302.3,1,1,2014-05-07,0430,Aqua,MODIS,46,6.2,280.4,6.2,D,0
-37.0903,141.9206,300.5,1,1,2014-05-07,0430,Aqua,MODIS,34,6.2,279.5,5.3,D,0
-35.6371,139.8651,312.2,1.1,1,2014-05-07,0430,Aqua,MODIS,55,6.2,288.5,10,D,0
-37.1713,143.8952,318.3,1,1,2014-05-07,0430,Aqua,MODIS,78,6.2,289.9,16.4,D,0
-37.1398,143.8104,301.9,1,1,2014-05-07,0430,Aqua,MODIS,49,6.2,288.4,5.2,D,0
-37.1416,143.7989,301.3,1,1,2014-05-07,0430,Aqua,MODIS,46,6.2,288.7,4.9,D,0
-36.2245,142.8373,328.7,1,1,2014-05-07,0430,Aqua,MODIS,86,6.2,290,25.4,D,0
-36.9976,142.9658,321.6,1,1,2014-05-07,0430,Aqua,MODIS,81,6.2,288.9,19.8,D,0
-36.7812,143.5575,326.2,1,1,2014-05-07,0430,Aqua,MODIS,84,6.2,291,23.7,D,0
-36.9884,142.9685,333.2,1,1,2014-05-07,0430,Aqua,MODIS,88,6.2,289.7,34,D,0
-35.5401,139.5878,323.8,1.1,1.1,2014-05-07,0430,Aqua,MODIS,83,6.2,290.9,25.5,D,0
-35.5386,139.6003,306.9,1.1,1.1,2014-05-07,0430,Aqua,MODIS,44,6.2,290.6,8.7,D,0
-36.99,142.9572,330.4,1,1,2014-05-07,0430,Aqua,MODIS,87,6.2,290.4,30.2,D,0
-36.5872,142.8751,314.2,1,1,2014-05-07,0430,Aqua,MODIS,68,6.2,289.2,11,D,0
-36.5856,142.8863,307.1,1,1,2014-05-07,0430,Aqua,MODIS,25,6.2,288.3,5.7,D,0
-37.5333,143.0799,319.2,1,1,2014-05-07,0430,Aqua,MODIS,79,6.2,281.8,18.1,D,0
-36.7829,143.5462,323.6,1,1,2014-05-07,0430,Aqua,MODIS,82,6.2,291.4,20.6,D,0
-35.007,137.3233,359.9,1.4,1.2,2014-05-07,0430,Aqua,MODIS,99,6.2,294.7,141.7,D,0
-36.2452,143.196,308.8,1,1,2014-05-07,0430,Aqua,MODIS,68,6.2,289.5,8.3,D,0
-35.4129,138.9498,303.4,1.2,1.1,2014-05-07,0430,Aqua,MODIS,34,6.2,281.1,8.1,D,0
-35.4132,138.9446,305.1,1.2,1.1,2014-05-07,0430,Aqua,MODIS,46,6.2,281.1,11.1,D,0
-36.4327,144.5456,324.5,1.1,1,2014-05-07,0430,Aqua,MODIS,83,6.2,291.5,23.9,D,0
-36.547,144.2843,324.2,1.1,1,2014-05-07,0430,Aqua,MODIS,83,6.2,292.4,23.5,D,0
-35.2053,144.6987,312,1.1,1.1,2014-05-07,0430,Aqua,MODIS,72,6.2,291.3,11.3,D,0
-36.5489,144.2726,312.7,1.1,1,2014-05-07,0430,Aqua,MODIS,73,6.2,290.7,11.9,D,0
-35.2033,144.7109,315.5,1.1,1.1,2014-05-07,0430,Aqua,MODIS,76,6.2,291.9,14.6,D,0
-36.1949,144.5734,301,1.1,1,2014-05-07,0430,Aqua,MODIS,43,6.2,290.9,4,D,0
-34.1318,137.9302,316.7,1.3,1.1,2014-05-07,0431,Aqua,MODIS,77,6.2,279,21,D,0
-34.4603,137.7248,320.7,1.3,1.1,2014-05-07,0431,Aqua,MODIS,80,6.2,292.5,24.5,D,0
-34.2953,137.9108,302.5,1.3,1.1,2014-05-07,0431,Aqua,MODIS,52,6.2,275,6.5,D,0
-34.4586,137.7395,311.6,1.3,1.1,2014-05-07,0431,Aqua,MODIS,71,6.2,292.4,12.7,D,0
-34.446,137.6628,305.9,1.3,1.1,2014-05-07,0431,Aqua,MODIS,62,6.2,292.2,7.3,D,0
-33.9242,138.151,321.8,1.2,1.1,2014-05-07,0431,Aqua,MODIS,71,6.2,289.6,27.3,D,0
-33.1006,134.4164,315.1,2,1.4,2014-05-07,0431,Aqua,MODIS,70,6.2,291.6,30.6,D,0
-33.6743,138.3833,303.1,1.2,1.1,2014-05-07,0431,Aqua,MODIS,55,6.2,286.6,7,D,0
-33.9468,138.7399,310.5,1.2,1.1,2014-05-07,0431,Aqua,MODIS,70,6.2,292,11.2,D,0
-32.9171,134.7283,305.8,1.9,1.4,2014-05-07,0431,Aqua,MODIS,0,6.2,288.7,10.9,D,0
-33.31,135.6033,312,1.7,1.3,2014-05-07,0431,Aqua,MODIS,58,6.2,288.3,17.6,D,0
-33.8443,138.9092,325.4,1.2,1.1,2014-05-07,0431,Aqua,MODIS,84,6.2,289.5,29.6,D,0
-33.8428,138.9217,315,1.2,1.1,2014-05-07,0431,Aqua,MODIS,75,6.2,289.2,16.7,D,0
-34.4656,137.7312,332.8,1.3,1.1,2014-05-07,0431,Aqua,MODIS,88,6.2,293.6,44.7,D,0
-34.1781,138.7576,315.7,1.2,1.1,2014-05-07,0431,Aqua,MODIS,76,6.2,289,15.8,D,0
-33.6758,138.37,305.8,1.2,1.1,2014-05-07,0431,Aqua,MODIS,62,6.2,289.4,8.8,D,0
-33.9565,138.7416,304.5,1.2,1.1,2014-05-07,0431,Aqua,MODIS,37,6.2,289.9,5.8,D,0
-28.5654,149.4449,328.9,2.9,1.6,2014-05-07,0432,Aqua,MODIS,83,6.2,299.5,102.1,D,0
-29.0213,148.7564,316.1,2.5,1.5,2014-05-07,0432,Aqua,MODIS,69,6.2,296.8,37.7,D,0
-28.5499,149.4327,311.7,2.9,1.6,2014-05-07,0432,Aqua,MODIS,50,6.2,299.7,23.4,D,0
-29.0169,148.7501,316.6,2.5,1.5,2014-05-07,0432,Aqua,MODIS,70,6.2,297.3,37.9,D,0
-28.5642,149.4367,330.4,2.9,1.6,2014-05-07,0432,Aqua,MODIS,85,6.2,300.1,111.3,D,0
-28.5718,149.4161,312.7,2.9,1.6,2014-05-07,0432,Aqua,MODIS,50,6.2,300.3,26.3,D,0
-28.1777,149.3642,308.9,2.9,1.6,2014-05-07,0432,Aqua,MODIS,56,6.2,295.7,27.1,D,0
-20.7365,139.4761,326.9,1,1,2014-05-07,0434,Aqua,MODIS,64,6.2,311.8,12.8,D,2
-17.4558,126.5877,315.1,4.7,2,2014-05-07,0435,Aqua,MODIS,48,6.2,301.2,47,D,0
-17.4581,126.5834,314.5,4.7,2,2014-05-07,0435,Aqua,MODIS,41,6.2,301,42.4,D,0
-17.5181,126.5032,323.9,4.8,2,2014-05-07,0435,Aqua,MODIS,73,6.2,301.5,126.5,D,0
-17.5161,126.5107,324.5,4.8,2,2014-05-07,0435,Aqua,MODIS,74,6.2,301.5,120.1,D,0
-19.0889,133.5051,322.1,1.5,1.2,2014-05-07,0435,Aqua,MODIS,64,6.2,307.1,15.8,D,0
-17.3259,132.8006,328.1,1.6,1.3,2014-05-07,0435,Aqua,MODIS,52,6.2,307.7,30.9,D,0
-17.3201,132.7534,327.6,1.6,1.3,2014-05-07,0435,Aqua,MODIS,77,6.2,306.6,32.1,D,0
-17.322,132.7382,326.6,1.6,1.3,2014-05-07,0435,Aqua,MODIS,76,6.2,307,30.4,D,0
-17.3317,133.0332,344.8,1.6,1.2,2014-05-07,0435,Aqua,MODIS,92,6.2,306.5,82.8,D,0
-17.3334,133.0186,360.1,1.6,1.2,2014-05-07,0435,Aqua,MODIS,100,6.2,310.9,149.5,D,0
-17.3223,133.0171,363.9,1.6,1.2,2014-05-07,0435,Aqua,MODIS,100,6.2,307,170.4,D,0
-17.3224,133.0122,365.5,1.6,1.2,2014-05-07,0435,Aqua,MODIS,100,6.2,308.6,180.7,D,0
-17.3286,132.8672,352.5,1.6,1.2,2014-05-07,0435,Aqua,MODIS,96,6.2,310.7,107.5,D,0
-17.3297,132.8625,335.4,1.6,1.2,2014-05-07,0435,Aqua,MODIS,55,6.2,309.2,46.5,D,0
-17.3185,132.861,330.8,1.6,1.2,2014-05-07,0435,Aqua,MODIS,70,6.2,305,37.2,D,0
-17.3222,132.8309,327.7,1.6,1.2,2014-05-07,0435,Aqua,MODIS,33,6.2,306,28.8,D,0
-17.324,132.8158,350.8,1.6,1.2,2014-05-07,0435,Aqua,MODIS,95,6.2,310,104.7,D,0
-17.3138,132.5152,333.6,1.7,1.3,2014-05-07,0435,Aqua,MODIS,84,6.2,307.1,49.3,D,0
-17.3157,132.4993,332.6,1.7,1.3,2014-05-07,0435,Aqua,MODIS,83,6.2,306.6,45.8,D,0
-17.3176,132.4833,321.7,1.7,1.3,2014-05-07,0435,Aqua,MODIS,52,6.2,306,19,D,0
-17.3116,132.4337,321,1.7,1.3,2014-05-07,0435,Aqua,MODIS,67,6.2,305.9,19.4,D,0
-17.3135,132.4176,324.4,1.7,1.3,2014-05-07,0435,Aqua,MODIS,73,6.2,306.5,28.6,D,0
-17.3268,132.8822,340.4,1.6,1.2,2014-05-07,0435,Aqua,MODIS,81,6.2,307.5,61.2,D,0
-17.3278,132.8775,347.2,1.6,1.2,2014-05-07,0435,Aqua,MODIS,93,6.2,309.2,86.5,D,0
-17.3166,132.876,339.1,1.6,1.2,2014-05-07,0435,Aqua,MODIS,86,6.2,305.8,60.6,D,0
-17.3141,132.6113,323.1,1.7,1.3,2014-05-07,0435,Aqua,MODIS,70,6.2,307.4,20.7,D,0
-17.316,132.5956,321.6,1.7,1.3,2014-05-07,0435,Aqua,MODIS,41,6.2,307.9,16.8,D,0
-17.3352,133.004,355.3,1.6,1.2,2014-05-07,0435,Aqua,MODIS,97,6.2,309.6,123.1,D,0
-17.3369,132.9893,328.5,1.6,1.2,2014-05-07,0435,Aqua,MODIS,77,6.2,307,32.1,D,0
-17.3387,132.9745,325.8,1.6,1.2,2014-05-07,0435,Aqua,MODIS,75,6.2,307.5,27.4,D,0
-17.324,133.0025,355.5,1.6,1.2,2014-05-07,0435,Aqua,MODIS,97,6.2,305.3,124.4,D,0
-17.3258,132.9878,346.7,1.6,1.2,2014-05-07,0435,Aqua,MODIS,93,6.2,305.9,86,D,0
-17.3275,132.973,336.3,1.6,1.2,2014-05-07,0435,Aqua,MODIS,79,6.2,304.8,50.6,D,0
-17.3293,132.9582,352.5,1.6,1.2,2014-05-07,0435,Aqua,MODIS,96,6.2,310.8,106.8,D,0
-17.331,132.9434,336.9,1.6,1.2,2014-05-07,0435,Aqua,MODIS,63,6.2,310.7,50.8,D,0
-17.3181,132.9568,380.8,1.6,1.2,2014-05-07,0435,Aqua,MODIS,100,6.2,308.6,281.6,D,0
-17.3198,132.9419,359.7,1.6,1.2,2014-05-07,0435,Aqua,MODIS,99,6.2,309,142.2,D,0
-17.3216,132.927,328.9,1.6,1.2,2014-05-07,0435,Aqua,MODIS,29,6.2,305.2,29.3,D,0
-17.3242,132.9976,335.2,1.6,1.2,2014-05-07,0435,Aqua,MODIS,85,6.2,304.6,50.6,D,0
-17.3261,132.9829,337.2,1.6,1.2,2014-05-07,0435,Aqua,MODIS,80,6.2,305.7,54.6,D,0
-17.3279,132.9681,342.6,1.6,1.2,2014-05-07,0435,Aqua,MODIS,75,6.2,306.6,68.9,D,0
-17.3298,132.9534,341.5,1.6,1.2,2014-05-07,0435,Aqua,MODIS,61,6.2,311.2,64.1,D,0
-17.3168,132.9667,346.8,1.6,1.2,2014-05-07,0435,Aqua,MODIS,93,6.2,303.4,90,D,0
-17.3186,132.9519,374,1.6,1.2,2014-05-07,0435,Aqua,MODIS,100,6.2,310,231.8,D,0
-17.3205,132.9371,351,1.6,1.2,2014-05-07,0435,Aqua,MODIS,95,6.2,308.9,103,D,0
-17.3179,132.5799,322.2,1.7,1.3,2014-05-07,0435,Aqua,MODIS,70,6.2,307.2,18.8,D,0
-17.3197,132.5642,327.2,1.7,1.3,2014-05-07,0435,Aqua,MODIS,77,6.2,307.6,30.7,D,0
-17.3216,132.5484,332.9,1.7,1.3,2014-05-07,0435,Aqua,MODIS,83,6.2,308.8,45.8,D,0
-17.3235,132.5326,335.6,1.7,1.3,2014-05-07,0435,Aqua,MODIS,85,6.2,308.1,54.3,D,0
-17.4358,133.0242,326.6,1.6,1.2,2014-05-07,0435,Aqua,MODIS,76,6.2,304.7,28.6,D,0
-17.4247,133.0227,322.9,1.6,1.2,2014-05-07,0435,Aqua,MODIS,71,6.2,304.2,21.4,D,0
-17.4135,133.0212,326.8,1.6,1.2,2014-05-07,0435,Aqua,MODIS,75,6.2,304.4,28.5,D,0
-17.4024,133.0198,325.7,1.6,1.2,2014-05-07,0435,Aqua,MODIS,75,6.2,304.8,26.5,D,0
-17.4111,133.0289,323.6,1.6,1.2,2014-05-07,0435,Aqua,MODIS,67,6.2,304.7,22.1,D,0
-17.4,133.0274,327.6,1.6,1.2,2014-05-07,0435,Aqua,MODIS,74,6.2,305.4,30.1,D,0
-17.4487,133.0109,338,1.6,1.2,2014-05-07,0435,Aqua,MODIS,87,6.2,306.5,59.2,D,0
-17.4375,133.0094,347.4,1.6,1.2,2014-05-07,0435,Aqua,MODIS,93,6.2,306.1,91.3,D,0
-17.2089,133.0052,320.4,1.6,1.2,2014-05-07,0435,Aqua,MODIS,66,6.2,306.2,16.5,D,0
-17.3239,132.7228,338.9,1.6,1.3,2014-05-07,0435,Aqua,MODIS,88,6.2,307.8,64.7,D,0
-17.2071,133.0198,318.8,1.6,1.2,2014-05-07,0435,Aqua,MODIS,62,6.2,305.8,13.8,D,0
-17.3257,132.7074,348,1.6,1.3,2014-05-07,0435,Aqua,MODIS,94,6.2,308.5,98.8,D,0
-17.3276,132.692,323.5,1.6,1.3,2014-05-07,0435,Aqua,MODIS,72,6.2,306.2,24,D,0
-17.5735,132.7253,336.9,1.6,1.3,2014-05-07,0435,Aqua,MODIS,86,6.2,305.9,59,D,0
-17.5144,132.9343,322.7,1.6,1.2,2014-05-07,0435,Aqua,MODIS,53,6.2,305.3,21.2,D,0
-17.5127,132.9492,319.5,1.6,1.2,2014-05-07,0435,Aqua,MODIS,26,6.2,303.7,14.6,D,0
-17.5042,132.9278,336.7,1.6,1.2,2014-05-07,0435,Aqua,MODIS,86,6.2,304.8,54.7,D,0
-17.5636,132.6127,333.5,1.7,1.3,2014-05-07,0435,Aqua,MODIS,84,6.2,305.5,50.7,D,0
-17.5327,132.8756,322.3,1.6,1.2,2014-05-07,0435,Aqua,MODIS,22,6.2,304.6,19.9,D,0
-17.5304,132.7979,327.9,1.6,1.3,2014-05-07,0435,Aqua,MODIS,53,6.2,305.2,30.4,D,0
-17.5067,132.9028,340,1.6,1.2,2014-05-07,0435,Aqua,MODIS,89,6.2,306,65.3,D,0
-17.5658,132.6927,326.9,1.7,1.3,2014-05-07,0435,Aqua,MODIS,77,6.2,304.3,33.7,D,0
-17.5191,132.7964,350.6,1.6,1.3,2014-05-07,0435,Aqua,MODIS,95,6.2,305.7,107.9,D,0
-17.5617,132.6285,322.7,1.7,1.3,2014-05-07,0435,Aqua,MODIS,38,6.2,304.4,22.4,D,0
-17.5079,132.8978,341.2,1.6,1.2,2014-05-07,0435,Aqua,MODIS,87,6.2,306.5,69.1,D,0
-17.5863,132.5185,319.5,1.7,1.3,2014-05-07,0435,Aqua,MODIS,64,6.2,305.3,18.9,D,0
-17.59,132.4863,316.2,1.7,1.3,2014-05-07,0435,Aqua,MODIS,48,6.2,304.5,11.7,D,0
-17.5032,132.9328,343.5,1.6,1.2,2014-05-07,0435,Aqua,MODIS,91,6.2,304.4,76.8,D,0
-17.5788,132.5825,321.1,1.7,1.3,2014-05-07,0435,Aqua,MODIS,68,6.2,304.5,20.9,D,0
-17.5208,132.7811,338.7,1.6,1.3,2014-05-07,0435,Aqua,MODIS,88,6.2,304.1,62.1,D,0
-17.521,132.7915,361.6,1.6,1.3,2014-05-07,0435,Aqua,MODIS,100,6.2,307.1,165.6,D,0
-17.505,132.9178,330.8,1.6,1.2,2014-05-07,0435,Aqua,MODIS,46,6.2,305,36.7,D,0
-17.5023,132.9427,338.6,1.6,1.2,2014-05-07,0435,Aqua,MODIS,88,6.2,304.3,61,D,0
-17.5197,132.8892,325.4,1.6,1.2,2014-05-07,0435,Aqua,MODIS,60,6.2,303.9,26.2,D,0
-17.4727,132.9991,317.8,1.6,1.2,2014-05-07,0435,Aqua,MODIS,29,6.2,304.2,12.9,D,0
-17.5085,132.8878,322.8,1.6,1.2,2014-05-07,0435,Aqua,MODIS,21,6.2,304.4,21,D,0
-17.521,132.8842,324.1,1.6,1.2,2014-05-07,0435,Aqua,MODIS,49,6.2,303.7,23.5,D,0
-17.5015,132.9478,327.1,1.6,1.2,2014-05-07,0435,Aqua,MODIS,56,6.2,303.6,29.4,D,0
-13.9554,133.8751,323.4,1.2,1.1,2014-05-07,0436,Aqua,MODIS,72,6.2,303.1,16.9,D,0
-13.8669,131.8802,318.2,1.7,1.3,2014-05-07,0436,Aqua,MODIS,31,6.2,304.3,11.7,D,0
-14.6284,131.4302,330.2,1.9,1.3,2014-05-07,0436,Aqua,MODIS,53,6.2,306.6,40.8,D,0
-14.6164,131.4284,342.4,1.9,1.3,2014-05-07,0436,Aqua,MODIS,90,6.2,307.9,87.1,D,0
-14.6024,131.4436,322.3,1.9,1.3,2014-05-07,0436,Aqua,MODIS,17,6.2,305.2,20.2,D,0
-14.6045,131.4265,326.4,1.9,1.3,2014-05-07,0436,Aqua,MODIS,47,6.2,305.8,32.3,D,0
-14.5924,131.4252,361,1.9,1.3,2014-05-07,0436,Aqua,MODIS,100,6.2,306.6,192.4,D,0
-14.5978,131.4378,332.3,1.9,1.3,2014-05-07,0436,Aqua,MODIS,65,6.2,305.3,47.1,D,0
-14.5999,131.4209,342.4,1.9,1.3,2014-05-07,0436,Aqua,MODIS,90,6.2,306.9,87.3,D,0
-14.5879,131.4194,350.1,1.9,1.3,2014-05-07,0436,Aqua,MODIS,95,6.2,305.1,128.3,D,0
-13.4478,131.9407,327.6,1.6,1.3,2014-05-07,0436,Aqua,MODIS,79,6.2,301.6,34.8,D,0
-14.5374,131.5334,328.8,1.8,1.3,2014-05-07,0436,Aqua,MODIS,66,6.2,305.6,35.9,D,0
-13.3338,133.0205,322.3,1.4,1.2,2014-05-07,0436,Aqua,MODIS,73,6.2,302.9,16.4,D,0
-13.3388,132.9821,330.3,1.4,1.2,2014-05-07,0436,Aqua,MODIS,82,6.2,302.5,30.2,D,0
-13.3404,132.9695,329.9,1.4,1.2,2014-05-07,0436,Aqua,MODIS,82,6.2,302.1,29.4,D,0
-13.3283,132.9807,316.8,1.4,1.2,2014-05-07,0436,Aqua,MODIS,38,6.2,301.4,8.1,D,0
-13.3033,132.9251,324.9,1.4,1.2,2014-05-07,0436,Aqua,MODIS,36,6.2,301.8,19.4,D,0
-13.4459,131.9557,326.7,1.6,1.3,2014-05-07,0436,Aqua,MODIS,78,6.2,302.7,32.4,D,0
-13.4346,131.9543,320.5,1.6,1.3,2014-05-07,0436,Aqua,MODIS,69,6.2,302.6,19.8,D,0
-13.4365,131.9493,327.7,1.6,1.3,2014-05-07,0436,Aqua,MODIS,79,6.2,302.6,34.6,D,0
-14.2145,130.8745,320.2,2,1.4,2014-05-07,0436,Aqua,MODIS,43,6.2,306.5,21.2,D,0
-13.526,131.7795,337.2,1.7,1.3,2014-05-07,0436,Aqua,MODIS,82,6.2,302.9,60.9,D,0
-13.5145,131.778,357.2,1.7,1.3,2014-05-07,0436,Aqua,MODIS,98,6.2,304.6,144.1,D,0
-13.954,133.8865,318.9,1.2,1.1,2014-05-07,0436,Aqua,MODIS,62,6.2,303.3,10.7,D,0
-13.503,131.7765,374.1,1.7,1.3,2014-05-07,0436,Aqua,MODIS,100,6.2,306.3,257.2,D,0
-13.4915,131.775,321.8,1.7,1.3,2014-05-07,0436,Aqua,MODIS,55,6.2,302.8,21.7,D,0
-13.2441,132.6714,325.8,1.4,1.2,2014-05-07,0436,Aqua,MODIS,77,6.2,301.3,26.3,D,0
-14.6185,131.4113,370.4,1.9,1.3,2014-05-07,0436,Aqua,MODIS,100,6.2,308.8,267.9,D,0
-14.6064,131.4097,354.8,1.9,1.3,2014-05-07,0436,Aqua,MODIS,97,6.2,306.6,157.7,D,0
-14.5945,131.4078,347,1.9,1.3,2014-05-07,0436,Aqua,MODIS,93,6.2,303.5,114.2,D,0
-13.2457,132.6585,337.1,1.5,1.2,2014-05-07,0436,Aqua,MODIS,87,6.2,301.6,53.1,D,0
-13.2507,132.6665,321.4,1.4,1.2,2014-05-07,0436,Aqua,MODIS,72,6.2,301.1,19,D,0
-14.6021,131.4038,332.6,1.9,1.3,2014-05-07,0436,Aqua,MODIS,48,6.2,303.9,53.5,D,0
-13.2401,132.664,331.4,1.4,1.2,2014-05-07,0436,Aqua,MODIS,83,6.2,301.6,38.1,D,0
-14.5038,131.4079,327,1.9,1.3,2014-05-07,0436,Aqua,MODIS,68,6.2,305.5,36.8,D,0
-14.0718,133.7685,322.1,1.3,1.1,2014-05-07,0436,Aqua,MODIS,69,6.2,305.5,14.5,D,0
-14.5901,131.4019,323.9,1.9,1.3,2014-05-07,0436,Aqua,MODIS,40,6.2,301.2,30.1,D,0
-13.3681,132.9211,323.3,1.4,1.2,2014-05-07,0436,Aqua,MODIS,57,6.2,302.4,18.3,D,0
-13.1307,132.8038,317.1,1.4,1.2,2014-05-07,0436,Aqua,MODIS,63,6.2,301.8,9.3,D,0
-14.5059,131.3906,344.4,1.9,1.3,2014-05-07,0436,Aqua,MODIS,91,6.2,303.8,102.9,D,0
-13.3525,132.9583,325.4,1.4,1.2,2014-05-07,0436,Aqua,MODIS,77,6.2,302.6,21.9,D,0
-15.6063,131.7431,322.2,1.8,1.3,2014-05-07,0436,Aqua,MODIS,41,6.2,305.8,19.9,D,0
-14.5106,131.4019,331.1,1.9,1.3,2014-05-07,0436,Aqua,MODIS,79,6.2,305.2,48.9,D,0
-14.2402,130.7642,335.3,2.1,1.4,2014-05-07,0436,Aqua,MODIS,73,6.2,301.9,74.4,D,0
-14.4985,131.4003,326.8,1.9,1.3,2014-05-07,0436,Aqua,MODIS,76,6.2,303.5,38.3,D,0
-14.6744,131.4533,353.4,1.9,1.3,2014-05-07,0436,Aqua,MODIS,96,6.2,305.2,136.9,D,0
-13.5279,131.764,332,1.7,1.3,2014-05-07,0436,Aqua,MODIS,53,6.2,302.6,42.7,D,0
-15.4639,131.7129,317.5,1.8,1.3,2014-05-07,0436,Aqua,MODIS,56,6.2,305.3,14.5,D,0
-14.5007,131.383,318.7,1.9,1.3,2014-05-07,0436,Aqua,MODIS,38,6.2,301.7,18.2,D,0
-14.868,131.617,341.5,1.8,1.3,2014-05-07,0436,Aqua,MODIS,89,6.2,306.3,84.4,D,0
-14.8561,131.6156,325.2,1.8,1.3,2014-05-07,0436,Aqua,MODIS,64,6.2,303.7,29,D,0
-14.8581,131.5984,326.7,1.8,1.3,2014-05-07,0436,Aqua,MODIS,68,6.2,305.3,33.6,D,0
-13.4411,132.8183,344.2,1.4,1.2,2014-05-07,0436,Aqua,MODIS,92,6.2,303.4,70.2,D,0
-13.4304,132.8168,322.9,1.4,1.2,2014-05-07,0436,Aqua,MODIS,74,6.2,301.7,20.3,D,0
-13.4321,132.8037,318.4,1.4,1.2,2014-05-07,0436,Aqua,MODIS,55,6.2,301.3,12.2,D,0
-13.8879,131.8986,332.1,1.7,1.3,2014-05-07,0436,Aqua,MODIS,73,6.2,305.5,41.5,D,0
-13.9013,131.8847,323.7,1.7,1.3,2014-05-07,0436,Aqua,MODIS,63,6.2,304.5,20.8,D,0
-13.8994,131.9001,337.3,1.7,1.3,2014-05-07,0436,Aqua,MODIS,87,6.2,307.8,59.8,D,0
-14.6788,131.4181,332.8,1.9,1.3,2014-05-07,0436,Aqua,MODIS,73,6.2,304.8,52.6,D,0
-13.8877,131.8898,358.1,1.7,1.3,2014-05-07,0436,Aqua,MODIS,99,6.2,308.1,149.8,D,0
-13.8991,131.8913,340.8,1.7,1.3,2014-05-07,0436,Aqua,MODIS,89,6.2,306.9,72.4,D,0
-13.8973,131.9066,328.6,1.7,1.3,2014-05-07,0436,Aqua,MODIS,79,6.2,305.9,35.8,D,0
-14.6646,131.4342,329,1.9,1.3,2014-05-07,0436,Aqua,MODIS,57,6.2,302.2,36.1,D,0
-13.5299,131.7485,337.2,1.7,1.3,2014-05-07,0436,Aqua,MODIS,86,6.2,304,61.2,D,0
-13.5164,131.7624,331,1.7,1.3,2014-05-07,0436,Aqua,MODIS,41,6.2,303.2,38.2,D,0
-14.6667,131.4168,364.3,1.9,1.3,2014-05-07,0436,Aqua,MODIS,100,6.2,304.8,216.4,D,0
-13.5049,131.7608,370.7,1.7,1.3,2014-05-07,0436,Aqua,MODIS,100,6.2,308,231.3,D,0
-13.4934,131.7593,321.5,1.7,1.3,2014-05-07,0436,Aqua,MODIS,56,6.2,303.7,20,D,0
-14.5159,131.4096,335.2,1.9,1.3,2014-05-07,0436,Aqua,MODIS,85,6.2,305.7,65.8,D,0
-13.2943,132.7048,323.5,1.4,1.2,2014-05-07,0436,Aqua,MODIS,52,6.2,299.9,20.5,D,0
-13.3016,132.7325,339.4,1.4,1.2,2014-05-07,0436,Aqua,MODIS,71,6.2,301.3,53.4,D,0
-13.1652,131.8329,319.9,1.7,1.3,2014-05-07,0436,Aqua,MODIS,56,6.2,302.4,16.6,D,0
-14.5138,131.4268,324.3,1.9,1.3,2014-05-07,0436,Aqua,MODIS,70,6.2,307,30.1,D,0
-13.3105,132.7475,331.5,1.4,1.2,2014-05-07,0436,Aqua,MODIS,50,6.2,301.8,34.1,D,0
-13.2381,131.6129,333.1,1.7,1.3,2014-05-07,0436,Aqua,MODIS,50,6.2,301.5,49.2,D,0
-13.2266,131.6114,336.9,1.7,1.3,2014-05-07,0436,Aqua,MODIS,82,6.2,303.5,61.2,D,0
-14.5618,131.433,332.6,1.9,1.3,2014-05-07,0436,Aqua,MODIS,82,6.2,306.3,51.6,D,0
-13.3914,130.6722,318.3,2,1.4,2014-05-07,0436,Aqua,MODIS,65,6.2,301.2,23.3,D,0
-13.4039,130.6737,321.6,2,1.4,2014-05-07,0436,Aqua,MODIS,71,6.2,301.7,33.2,D,0
-13.3923,130.6775,325.3,2,1.4,2014-05-07,0436,Aqua,MODIS,76,6.2,301.3,43.3,D,0
-14.8953,131.0389,322.3,2,1.4,2014-05-07,0436,Aqua,MODIS,40,6.2,305,21.5,D,0
-13.4048,130.679,317,2,1.4,2014-05-07,0436,Aqua,MODIS,62,6.2,301.8,20.3,D,0
-14.8828,131.0375,332.3,2,1.4,2014-05-07,0436,Aqua,MODIS,82,6.2,307.7,56,D,0
-14.3338,130.9521,320.4,2,1.4,2014-05-07,0436,Aqua,MODIS,56,6.2,304.6,20.9,D,0
-14.4352,132.6263,329.1,1.5,1.2,2014-05-07,0436,Aqua,MODIS,59,6.2,307.1,28.2,D,0
-13.9639,133.888,328.8,1.2,1.1,2014-05-07,0436,Aqua,MODIS,79,6.2,305.7,24.2,D,0
-13.9654,133.8765,344.7,1.2,1.1,2014-05-07,0436,Aqua,MODIS,92,6.2,305.7,57.8,D,0
-14.7395,131.5712,332.2,1.8,1.3,2014-05-07,0436,Aqua,MODIS,81,6.2,309.5,48.1,D,0
-14.7927,131.4792,340.1,1.9,1.3,2014-05-07,0436,Aqua,MODIS,88,6.2,305.8,80.8,D,0
-14.4023,132.6221,318,1.5,1.2,2014-05-07,0436,Aqua,MODIS,39,6.2,303.8,8.3,D,0
-14.7907,131.4964,346.8,1.9,1.3,2014-05-07,0436,Aqua,MODIS,93,6.2,307,108.4,D,0
-14.2281,133.8964,324,1.2,1.1,2014-05-07,0436,Aqua,MODIS,60,6.2,305.2,14,D,0
-14.2166,133.9066,323.5,1.2,1.1,2014-05-07,0436,Aqua,MODIS,49,6.2,307.6,11.9,D,0
-14.2181,133.895,341.5,1.2,1.1,2014-05-07,0436,Aqua,MODIS,89,6.2,307.8,46.5,D,0
-13.3108,132.8277,315.8,1.4,1.2,2014-05-07,0436,Aqua,MODIS,37,6.2,300.2,9.3,D,0
-13.9202,131.9096,333.5,1.7,1.3,2014-05-07,0436,Aqua,MODIS,84,6.2,305.5,49.9,D,0
-13.3125,132.8142,336.1,1.4,1.2,2014-05-07,0436,Aqua,MODIS,87,6.2,302,48.7,D,0
-13.9087,131.9081,354.9,1.7,1.3,2014-05-07,0436,Aqua,MODIS,97,6.2,308.3,134.7,D,0
-13.9106,131.8927,338.2,1.7,1.3,2014-05-07,0436,Aqua,MODIS,88,6.2,305.4,63.2,D,0
-13.7321,131.5935,322.8,1.8,1.3,2014-05-07,0436,Aqua,MODIS,64,6.2,304.5,23.1,D,0
-13.2916,132.8919,329.2,1.4,1.2,2014-05-07,0436,Aqua,MODIS,81,6.2,301.9,30.3,D,0
-13.7107,131.5747,321.9,1.8,1.3,2014-05-07,0436,Aqua,MODIS,34,6.2,305.1,17.8,D,0
-13.2285,131.5955,329.8,1.7,1.3,2014-05-07,0436,Aqua,MODIS,50,6.2,301,39.7,D,0
-14.6405,131.4316,338.1,1.9,1.3,2014-05-07,0436,Aqua,MODIS,86,6.2,307.3,68.5,D,0
-13.2418,132.651,317,1.5,1.2,2014-05-07,0436,Aqua,MODIS,54,6.2,300.7,11.8,D,0
-13.281,132.8904,340.6,1.4,1.2,2014-05-07,0436,Aqua,MODIS,90,6.2,303,57,D,0
-13.2827,132.8775,333.3,1.4,1.2,2014-05-07,0436,Aqua,MODIS,85,6.2,301.5,39.6,D,0
-13.4097,132.7672,326.9,1.4,1.2,2014-05-07,0436,Aqua,MODIS,59,6.2,302.3,25.4,D,0
-13.4141,132.7745,326.1,1.4,1.2,2014-05-07,0436,Aqua,MODIS,55,6.2,302.7,24.2,D,0
-15.4573,131.7169,317.6,1.8,1.3,2014-05-07,0436,Aqua,MODIS,54,6.2,304.9,14.6,D,0
-13.3164,132.8204,336.2,1.4,1.2,2014-05-07,0436,Aqua,MODIS,87,6.2,301.5,47.5,D,0
-14.8851,131.0187,323.3,2,1.4,2014-05-07,0436,Aqua,MODIS,41,6.2,305.5,26.8,D,0
-14.2068,130.7209,327.2,2.1,1.4,2014-05-07,0436,Aqua,MODIS,33,6.2,303.4,47.4,D,0
-14.209,130.7018,324.5,2.1,1.4,2014-05-07,0436,Aqua,MODIS,63,6.2,300.6,40.9,D,0
-13.7271,130.6997,344.6,2.1,1.4,2014-05-07,0436,Aqua,MODIS,92,6.2,303.3,125.6,D,0
-13.3358,132.8374,334.1,1.4,1.2,2014-05-07,0436,Aqua,MODIS,85,6.2,300.8,42.9,D,0
-13.7396,130.7012,331.5,2.1,1.4,2014-05-07,0436,Aqua,MODIS,83,6.2,304,65.8,D,0
-13.261,131.7114,359,1.7,1.3,2014-05-07,0436,Aqua,MODIS,99,6.2,301.9,155,D,0
-14.6689,131.3994,341.5,1.9,1.3,2014-05-07,0436,Aqua,MODIS,89,6.2,302.3,91.3,D,0
-14.2059,130.7134,332.7,2.1,1.4,2014-05-07,0436,Aqua,MODIS,83,6.2,303.2,69.7,D,0
-14.168,130.7085,319.2,2.1,1.4,2014-05-07,0436,Aqua,MODIS,56,6.2,302.4,27.5,D,0
-13.2475,131.726,322.5,1.7,1.3,2014-05-07,0436,Aqua,MODIS,50,6.2,301.1,20.8,D,0
-13.352,132.8794,324.6,1.4,1.2,2014-05-07,0436,Aqua,MODIS,42,6.2,302.1,20.4,D,0
-13.3342,132.8506,320.5,1.4,1.2,2014-05-07,0436,Aqua,MODIS,36,6.2,300.5,15.4,D,0
-14.6158,133.2649,331.9,1.4,1.2,2014-05-07,0436,Aqua,MODIS,81,6.2,308.2,29.4,D,0
-14.0879,132.6735,330.6,1.5,1.2,2014-05-07,0436,Aqua,MODIS,81,6.2,306.2,29.1,D,0
-13.8895,131.8743,331.4,1.7,1.3,2014-05-07,0436,Aqua,MODIS,82,6.2,306.3,40.1,D,0
-13.8899,131.8832,355.1,1.7,1.3,2014-05-07,0436,Aqua,MODIS,97,6.2,308.5,131.3,D,0
-13.8784,131.8817,324.5,1.7,1.3,2014-05-07,0436,Aqua,MODIS,55,6.2,305.8,23.6,D,0
-14.0862,132.6873,322.8,1.5,1.2,2014-05-07,0436,Aqua,MODIS,71,6.2,307.2,13.8,D,0
-13.2515,131.6943,345.7,1.7,1.3,2014-05-07,0436,Aqua,MODIS,93,6.2,303.1,87.3,D,0
-13.1885,131.7425,333.5,1.7,1.3,2014-05-07,0436,Aqua,MODIS,85,6.2,301.2,51.6,D,0
-14.1435,132.5834,320.8,1.5,1.2,2014-05-07,0436,Aqua,MODIS,67,6.2,304.5,15.7,D,0
-14.1418,132.5973,324.5,1.5,1.2,2014-05-07,0436,Aqua,MODIS,73,6.2,304.6,22.3,D,0
-14.2739,130.9247,326.8,2,1.4,2014-05-07,0436,Aqua,MODIS,55,6.2,306.6,37,D,0
-14.2724,130.9199,335.9,2,1.4,2014-05-07,0436,Aqua,MODIS,86,6.2,307.1,72.6,D,0
-13.2169,131.594,337.3,1.7,1.3,2014-05-07,0436,Aqua,MODIS,87,6.2,302.8,65,D,0
-13.2086,131.5864,326.2,1.7,1.3,2014-05-07,0436,Aqua,MODIS,61,6.2,301.6,31,D,0
-14.1022,132.6476,325.9,1.5,1.2,2014-05-07,0436,Aqua,MODIS,73,6.2,306.8,22.1,D,0
-13.1865,131.758,338,1.7,1.3,2014-05-07,0436,Aqua,MODIS,88,6.2,301.5,66.1,D,0
-14.2747,130.901,324.7,2,1.4,2014-05-07,0436,Aqua,MODIS,62,6.2,306,32.6,D,0
-14.26,130.918,324.7,2,1.4,2014-05-07,0436,Aqua,MODIS,65,6.2,304.6,32.9,D,0
-14.2622,130.8994,325.2,2,1.4,2014-05-07,0436,Aqua,MODIS,67,6.2,304.5,34.7,D,0
-15.6083,131.7261,328.5,1.8,1.3,2014-05-07,0436,Aqua,MODIS,73,6.2,306.2,35.7,D,0
-15.5964,131.7246,323.2,1.8,1.3,2014-05-07,0436,Aqua,MODIS,46,6.2,307.6,22.3,D,0
-14.9642,131.0171,330.9,2,1.4,2014-05-07,0436,Aqua,MODIS,80,6.2,305.5,52.8,D,0
-13.1863,131.7488,353.5,1.7,1.3,2014-05-07,0436,Aqua,MODIS,97,6.2,301.9,131,D,0
-13.1844,131.7644,322,1.7,1.3,2014-05-07,0436,Aqua,MODIS,73,6.2,300.5,22.9,D,0
-14.741,133.2157,322.8,1.4,1.2,2014-05-07,0436,Aqua,MODIS,68,6.2,304.9,15.8,D,0
-14.7426,133.2028,322.7,1.4,1.2,2014-05-07,0436,Aqua,MODIS,68,6.2,305.4,16.5,D,0
-14.1005,132.6613,338.4,1.5,1.2,2014-05-07,0436,Aqua,MODIS,87,6.2,306.7,50.2,D,0
-13.4248,132.7759,319.1,1.4,1.2,2014-05-07,0436,Aqua,MODIS,48,6.2,302,13.3,D,0
-13.2534,131.6787,330.8,1.7,1.3,2014-05-07,0436,Aqua,MODIS,49,6.2,297.2,36.3,D,0
-14.6779,131.4781,337.5,1.9,1.3,2014-05-07,0436,Aqua,MODIS,86,6.2,305,62.8,D,0
-14.6799,131.4608,340.5,1.9,1.3,2014-05-07,0436,Aqua,MODIS,88,6.2,305.3,74.5,D,0
-13.2574,131.6473,344.7,1.7,1.3,2014-05-07,0436,Aqua,MODIS,82,6.2,301.5,87.3,D,0
-14.2505,130.7848,321.4,2.1,1.4,2014-05-07,0436,Aqua,MODIS,9,6.2,302.4,28.5,D,0
-14.684,131.4256,322.2,1.9,1.3,2014-05-07,0436,Aqua,MODIS,49,6.2,305.1,21.9,D,0
-14.6679,131.4596,346.6,1.9,1.3,2014-05-07,0436,Aqua,MODIS,92,6.2,305.7,100.1,D,0
-14.6699,131.4418,335.4,1.9,1.3,2014-05-07,0436,Aqua,MODIS,73,6.2,302.8,55.3,D,0
-14.672,131.4242,345,1.9,1.3,2014-05-07,0436,Aqua,MODIS,92,6.2,304.4,100.3,D,0
-14.674,131.4068,361.2,1.9,1.3,2014-05-07,0436,Aqua,MODIS,100,6.2,305.1,198.5,D,0
-14.6843,131.472,328,1.9,1.3,2014-05-07,0436,Aqua,MODIS,40,6.2,305.7,28.9,D,0
-14.6723,131.4706,339.9,1.9,1.3,2014-05-07,0436,Aqua,MODIS,88,6.2,305.7,69.3,D,0
-14.2313,132.0678,324.8,1.6,1.3,2014-05-07,0436,Aqua,MODIS,41,6.2,307.9,21.8,D,0
-14.2327,132.0609,326.5,1.6,1.3,2014-05-07,0436,Aqua,MODIS,76,6.2,307.2,26.8,D,0
-15.9445,130.9691,330.7,2.1,1.4,2014-05-07,0436,Aqua,MODIS,81,6.2,307.8,52.6,D,0
-14.8976,127.7186,324.5,3.6,1.8,2014-05-07,0436,Aqua,MODIS,54,6.2,300.9,74.5,D,0
-14.7393,133.2287,319.3,1.4,1.2,2014-05-07,0436,Aqua,MODIS,37,6.2,305.3,8.9,D,0
-15.9296,130.9871,323.4,2.1,1.4,2014-05-07,0436,Aqua,MODIS,62,6.2,307.8,26.6,D,0
-15.1783,127.3104,322.3,3.9,1.8,2014-05-07,0436,Aqua,MODIS,69,6.2,300,79.5,D,0
-15.2283,127.3151,317.2,3.9,1.8,2014-05-07,0436,Aqua,MODIS,22,6.2,301.1,44.8,D,0
-15.2245,127.3513,318.6,3.9,1.8,2014-05-07,0436,Aqua,MODIS,62,6.2,300.2,56,D,0
-14.2403,132.5462,324.3,1.5,1.2,2014-05-07,0436,Aqua,MODIS,55,6.2,304,18.7,D,0
-14.242,132.5321,343.6,1.5,1.2,2014-05-07,0436,Aqua,MODIS,91,6.2,304.9,69.5,D,0
-14.2438,132.5179,344.7,1.5,1.2,2014-05-07,0436,Aqua,MODIS,92,6.2,305.2,73.2,D,0
-14.2456,132.5037,331.5,1.5,1.2,2014-05-07,0436,Aqua,MODIS,79,6.2,304.1,35.5,D,0
-15.2332,127.3201,316.6,3.9,1.8,2014-05-07,0436,Aqua,MODIS,42,6.2,300.4,42.9,D,0
-15.2295,127.3564,316.4,3.9,1.8,2014-05-07,0436,Aqua,MODIS,44,6.2,300.2,42.1,D,0
-15.1612,128.6194,316.3,3.1,1.7,2014-05-07,0436,Aqua,MODIS,53,6.2,301,38.1,D,0
-15.0526,127.3246,316.3,3.9,1.8,2014-05-07,0436,Aqua,MODIS,39,6.2,300,41.6,D,0
-14.2275,132.5588,325,1.5,1.2,2014-05-07,0436,Aqua,MODIS,36,6.2,303.6,19.4,D,0
-14.2293,132.5448,330,1.5,1.2,2014-05-07,0436,Aqua,MODIS,52,6.2,303.2,29.8,D,0
-14.2347,132.5022,351.4,1.5,1.2,2014-05-07,0436,Aqua,MODIS,95,6.2,306.8,102,D,0
-14.2237,132.5008,322.9,1.5,1.2,2014-05-07,0436,Aqua,MODIS,48,6.2,305.4,18.5,D,0
-14.2039,132.5698,322.3,1.5,1.2,2014-05-07,0436,Aqua,MODIS,58,6.2,304.9,17.3,D,0
-15.1821,127.2736,353.9,3.9,1.8,2014-05-07,0436,Aqua,MODIS,97,6.2,301.3,455.6,D,0
-15.1727,127.3018,319.6,3.9,1.8,2014-05-07,0436,Aqua,MODIS,28,6.2,299.9,57.9,D,0
-15.1767,127.2652,327.2,3.9,1.8,2014-05-07,0436,Aqua,MODIS,78,6.2,299.4,120.2,D,0
-14.8745,127.7831,327.8,3.6,1.8,2014-05-07,0436,Aqua,MODIS,71,6.2,301.3,98.5,D,0
-13.9959,130.3063,324.4,2.2,1.4,2014-05-07,0436,Aqua,MODIS,75,6.2,304,45.1,D,0
-15.1597,128.6261,315.7,3.1,1.7,2014-05-07,0436,Aqua,MODIS,35,6.2,300.9,32.1,D,0
-15.1748,128.628,315.7,3.1,1.7,2014-05-07,0436,Aqua,MODIS,35,6.2,300.9,31.7,D,0
-15.149,127.8342,330.4,3.6,1.8,2014-05-07,0436,Aqua,MODIS,81,6.2,302.8,117.1,D,0
-15.1569,127.8307,329.2,3.6,1.8,2014-05-07,0436,Aqua,MODIS,80,6.2,302.9,105.7,D,0
-15.4493,128.6122,317.6,3.1,1.7,2014-05-07,0436,Aqua,MODIS,38,6.2,301.4,33.9,D,0
-15.1409,127.8288,332.6,3.6,1.8,2014-05-07,0436,Aqua,MODIS,83,6.2,302.7,134.8,D,0
-15.0894,127.857,322.5,3.6,1.8,2014-05-07,0436,Aqua,MODIS,48,6.2,302.4,58.3,D,0
-15.0735,127.8553,331.7,3.6,1.8,2014-05-07,0436,Aqua,MODIS,82,6.2,304.2,125.6,D,0
-15.0575,127.8536,334.4,3.6,1.8,2014-05-07,0436,Aqua,MODIS,85,6.2,304,148.7,D,0
-13.9933,130.3108,321.8,2.2,1.4,2014-05-07,0436,Aqua,MODIS,72,6.2,303.9,35.8,D,0
-15.446,128.6419,317.4,3.1,1.7,2014-05-07,0436,Aqua,MODIS,32,6.2,301.5,33.6,D,0
-15.0606,127.8222,325.2,3.6,1.8,2014-05-07,0436,Aqua,MODIS,45,6.2,300.9,78.4,D,0
-15.0803,127.849,330.8,3.6,1.8,2014-05-07,0436,Aqua,MODIS,82,6.2,302.9,119.9,D,0
-15.1673,127.4179,317.2,3.8,1.8,2014-05-07,0436,Aqua,MODIS,46,6.2,301,42,D,0
-15.0643,127.8475,334.4,3.6,1.8,2014-05-07,0436,Aqua,MODIS,85,6.2,304.5,155.4,D,0
-15.93,130.9824,326.3,2.1,1.4,2014-05-07,0436,Aqua,MODIS,62,6.2,308,33.9,D,0
-15.0476,127.3196,319.8,3.9,1.8,2014-05-07,0436,Aqua,MODIS,69,6.2,300,65.3,D,0
-15.216,127.7361,319.3,3.6,1.8,2014-05-07,0436,Aqua,MODIS,65,6.2,303.3,43.8,D,0
-15.2108,127.7061,319.5,3.7,1.8,2014-05-07,0436,Aqua,MODIS,65,6.2,304.4,48.4,D,0
-14.839,127.8124,319.7,3.6,1.8,2014-05-07,0436,Aqua,MODIS,69,6.2,299.9,52.5,D,0
-14.8826,130.043,321.8,2.4,1.5,2014-05-07,0436,Aqua,MODIS,61,6.2,303.9,34,D,0
-14.8307,127.8071,320,3.6,1.8,2014-05-07,0436,Aqua,MODIS,70,6.2,300.1,53.9,D,0
-14.108,131.9617,338.6,1.7,1.3,2014-05-07,0436,Aqua,MODIS,88,6.2,308.4,61.9,D,0
-14.1061,131.9773,328.4,1.7,1.3,2014-05-07,0436,Aqua,MODIS,60,6.2,307.9,30,D,0
-15.2206,127.3874,318.7,3.9,1.8,2014-05-07,0436,Aqua,MODIS,62,6.2,300.1,55.1,D,0
-15.036,127.3225,319.6,3.9,1.8,2014-05-07,0436,Aqua,MODIS,67,6.2,299.9,63.2,D,0
-14.9941,127.3498,318.9,3.9,1.8,2014-05-07,0436,Aqua,MODIS,60,6.2,299.9,55.8,D,0
-14.988,127.3418,318.6,3.9,1.8,2014-05-07,0436,Aqua,MODIS,60,6.2,299.8,54.8,D,0
-15.5146,126.2685,322.3,4.7,2,2014-05-07,0436,Aqua,MODIS,72,6.2,297.6,120.7,D,0
-15.4966,126.2668,317.4,4.7,2,2014-05-07,0436,Aqua,MODIS,20,6.2,297.8,71.9,D,0
-15.1522,127.802,318.4,3.6,1.8,2014-05-07,0436,Aqua,MODIS,41,6.2,301.1,35.1,D,0
-14.1981,130.7971,325.1,2.1,1.4,2014-05-07,0436,Aqua,MODIS,25,6.2,303.1,37.4,D,0
-14.2002,130.7784,336.8,2.1,1.4,2014-05-07,0436,Aqua,MODIS,87,6.2,302.6,80.9,D,0
-15.5123,126.3084,313.9,4.7,2,2014-05-07,0436,Aqua,MODIS,13,6.2,298,46.3,D,0
-15.5167,126.2642,321.8,4.7,2,2014-05-07,0436,Aqua,MODIS,71,6.2,297.6,117.4,D,0
-14.1966,130.7897,327.9,2.1,1.4,2014-05-07,0436,Aqua,MODIS,64,6.2,303.1,48.5,D,0
-14.1989,130.7708,330.4,2.1,1.4,2014-05-07,0436,Aqua,MODIS,74,6.2,301.2,55.6,D,0
-14.9795,127.4914,315.9,3.8,1.8,2014-05-07,0436,Aqua,MODIS,44,6.2,299.6,35.8,D,0
-14.9758,127.5263,315.9,3.8,1.8,2014-05-07,0436,Aqua,MODIS,39,6.2,299.9,36.5,D,0
-14.8446,130.0531,320.5,2.4,1.5,2014-05-07,0436,Aqua,MODIS,51,6.2,303.8,26,D,0
-14.6098,132.7093,324,1.5,1.2,2014-05-07,0436,Aqua,MODIS,50,6.2,305.7,17,D,0
-14.6082,132.7036,335.1,1.5,1.2,2014-05-07,0436,Aqua,MODIS,84,6.2,306.2,42.6,D,0
-14.5829,132.7285,329.6,1.5,1.2,2014-05-07,0436,Aqua,MODIS,78,6.2,305.3,31.5,D,0
-13.9957,130.2903,314.9,2.2,1.4,2014-05-07,0436,Aqua,MODIS,53,6.2,302.8,16.3,D,0
-14.8241,127.6411,315.3,3.7,1.8,2014-05-07,0436,Aqua,MODIS,31,6.2,299.6,34.1,D,0
-14.9811,127.9357,316,3.5,1.8,2014-05-07,0436,Aqua,MODIS,55,6.2,299.8,37.1,D,0
-14.99,127.9412,317.2,3.5,1.8,2014-05-07,0436,Aqua,MODIS,59,6.2,299.9,42.4,D,0
-15.285,131.0619,326.7,2,1.4,2014-05-07,0436,Aqua,MODIS,56,6.2,306.8,34.4,D,0
-15.2807,131.0741,328.4,2,1.4,2014-05-07,0436,Aqua,MODIS,42,6.2,304.9,39.7,D,0
-15.9324,130.9626,330,2.1,1.4,2014-05-07,0436,Aqua,MODIS,80,6.2,307.4,48.1,D,0
-15.9318,130.9673,333,2.1,1.4,2014-05-07,0436,Aqua,MODIS,83,6.2,307.4,62.3,D,0
-15.3182,131.1039,325.6,2,1.4,2014-05-07,0436,Aqua,MODIS,55,6.2,308.5,27.5,D,0
-15.0483,127.8454,336.8,3.6,1.8,2014-05-07,0436,Aqua,MODIS,87,6.2,302.9,181.8,D,0
-14.22,129.9582,316.8,2.4,1.5,2014-05-07,0436,Aqua,MODIS,61,6.2,301.9,30,D,0
-14.2593,130.489,321.4,2.2,1.4,2014-05-07,0436,Aqua,MODIS,42,6.2,303.1,32.2,D,0
-14.2714,130.0577,324,2.3,1.5,2014-05-07,0436,Aqua,MODIS,53,6.2,303.6,43.9,D,0
-14.3181,130.4349,323.1,2.2,1.4,2014-05-07,0436,Aqua,MODIS,57,6.2,302.9,38.7,D,0
-14.2419,130.5269,329,2.2,1.4,2014-05-07,0436,Aqua,MODIS,38,6.2,302.4,51.6,D,0
-15.7008,128.6344,317.9,3.2,1.7,2014-05-07,0436,Aqua,MODIS,26,6.2,304.2,31.7,D,0
-15.6876,128.6274,321.8,3.2,1.7,2014-05-07,0436,Aqua,MODIS,69,6.2,303.1,54.2,D,0
-15.6238,128.65,323.2,3.1,1.7,2014-05-07,0436,Aqua,MODIS,72,6.2,304.4,61.2,D,0
-13.4055,130.5635,318.3,2.1,1.4,2014-05-07,0436,Aqua,MODIS,33,6.2,304.6,21.6,D,0
-13.4031,130.5774,323.8,2.1,1.4,2014-05-07,0436,Aqua,MODIS,74,6.2,305.7,39.7,D,0
-15.6266,128.6453,323.4,3.1,1.7,2014-05-07,0436,Aqua,MODIS,72,6.2,304,61.8,D,0
-13.4033,130.5827,321.4,2.1,1.4,2014-05-07,0436,Aqua,MODIS,62,6.2,305.5,29.4,D,0
-13.8375,130.6414,321.8,2.1,1.4,2014-05-07,0436,Aqua,MODIS,71,6.2,305,29.3,D,0
-14.2226,129.9361,316.9,2.4,1.5,2014-05-07,0436,Aqua,MODIS,61,6.2,300.9,30.4,D,0
-14.217,129.9402,318.8,2.4,1.5,2014-05-07,0436,Aqua,MODIS,66,6.2,300.6,36.9,D,0
-13.6395,134.4832,326,1.1,1.1,2014-05-07,0436,Aqua,MODIS,79,6.2,302.2,17.6,D,0
-14.6923,133.3849,323.9,1.4,1.2,2014-05-07,0436,Aqua,MODIS,70,6.2,306.8,16.2,D,0
-15.4773,135.395,324.6,1.1,1,2014-05-07,0436,Aqua,MODIS,71,6.2,305.5,14.9,D,0
-14.573,134.0616,318.3,1.2,1.1,2014-05-07,0436,Aqua,MODIS,58,6.2,305.1,8.8,D,0
-14.4928,133.5095,321.3,1.3,1.1,2014-05-07,0436,Aqua,MODIS,60,6.2,307.1,10.7,D,0
-14.9854,133.6257,320.3,1.3,1.1,2014-05-07,0436,Aqua,MODIS,65,6.2,305.6,12.5,D,0
-13.6409,134.4727,325.3,1.1,1.1,2014-05-07,0436,Aqua,MODIS,78,6.2,301.7,16.7,D,0
-14.6475,133.4043,327.6,1.4,1.2,2014-05-07,0436,Aqua,MODIS,76,6.2,308.1,18.9,D,0
-14.5041,133.4233,331.1,1.3,1.1,2014-05-07,0436,Aqua,MODIS,80,6.2,307,28,D,0
-16.1147,135.4265,331.2,1.1,1,2014-05-07,0436,Aqua,MODIS,80,6.2,309.7,20.9,D,0
-12.5315,141.9406,321.7,1.8,1.3,2014-05-07,0436,Aqua,MODIS,57,6.2,298.1,25.6,D,0
-14.6114,133.3802,319,1.4,1.2,2014-05-07,0436,Aqua,MODIS,46,6.2,305.5,6.8,D,0
-13.6529,134.4798,317.5,1.1,1.1,2014-05-07,0436,Aqua,MODIS,56,6.2,301.4,6.7,D,0
-14.6097,133.3928,321.3,1.4,1.2,2014-05-07,0436,Aqua,MODIS,64,6.2,305.7,10.3,D,0
-14.618,133.3875,331.5,1.4,1.2,2014-05-07,0436,Aqua,MODIS,77,6.2,307.3,26.1,D,0
-14.588,133.4784,321.6,1.3,1.1,2014-05-07,0436,Aqua,MODIS,64,6.2,306.6,9.9,D,0
-14.5631,134.0603,328.6,1.2,1.1,2014-05-07,0436,Aqua,MODIS,78,6.2,305,23.2,D,0
-14.6371,133.4028,325.3,1.4,1.2,2014-05-07,0436,Aqua,MODIS,53,6.2,309.4,14.3,D,0
-13.6491,134.4845,316.7,1.1,1.1,2014-05-07,0436,Aqua,MODIS,65,6.2,301.2,6.3,D,0
-12.535,141.9526,315.1,1.8,1.3,2014-05-07,0436,Aqua,MODIS,47,6.2,296.5,14.3,D,0
-14.4283,132.9633,326.6,1.4,1.2,2014-05-07,0436,Aqua,MODIS,75,6.2,307.3,21.5,D,0
-13.1178,133.3538,321.9,1.3,1.1,2014-05-07,0436,Aqua,MODIS,74,6.2,302.7,13.8,D,0
-15.6383,133.7701,325.2,1.3,1.1,2014-05-07,0436,Aqua,MODIS,49,6.2,307.2,13.2,D,0
-14.43,131.5634,324.5,1.8,1.3,2014-05-07,0436,Aqua,MODIS,40,6.2,308.5,23.5,D,0
-14.4997,131.5457,324.4,1.8,1.3,2014-05-07,0436,Aqua,MODIS,70,6.2,308.2,24.8,D,0
-15.6399,133.7578,327.6,1.3,1.1,2014-05-07,0436,Aqua,MODIS,65,6.2,308.6,16.9,D,0
-16.5016,131.6687,328.6,1.9,1.3,2014-05-07,0436,Aqua,MODIS,73,6.2,308.3,38.1,D,0
-14.9016,131.6386,320.9,1.8,1.3,2014-05-07,0436,Aqua,MODIS,29,6.2,305.8,17.3,D,0
-14.5056,131.5971,317.4,1.8,1.3,2014-05-07,0436,Aqua,MODIS,40,6.2,304.5,10.6,D,0
-14.7229,131.7047,322.3,1.8,1.3,2014-05-07,0436,Aqua,MODIS,46,6.2,305.8,20.2,D,0
-14.725,131.688,323.1,1.8,1.3,2014-05-07,0436,Aqua,MODIS,50,6.2,305.2,21.2,D,0
-15.0892,133.608,322.6,1.3,1.1,2014-05-07,0436,Aqua,MODIS,66,6.2,305.6,14,D,0
-14.6334,132.237,320.3,1.6,1.3,2014-05-07,0436,Aqua,MODIS,44,6.2,305.8,14.8,D,0
-14.6115,132.6954,335.5,1.5,1.2,2014-05-07,0436,Aqua,MODIS,84,6.2,307.4,43.8,D,0
-14.6209,132.6911,323.4,1.5,1.2,2014-05-07,0436,Aqua,MODIS,35,6.2,307,15.8,D,0
-14.61,132.6897,326.3,1.5,1.2,2014-05-07,0436,Aqua,MODIS,73,6.2,307.1,22,D,0
-14.5537,133.1654,320.7,1.4,1.2,2014-05-07,0436,Aqua,MODIS,40,6.2,305.9,10.7,D,0
-14.5492,133.1591,322.8,1.4,1.2,2014-05-07,0436,Aqua,MODIS,57,6.2,307,13.3,D,0
-12.5376,141.9362,319.7,1.8,1.3,2014-05-07,0436,Aqua,MODIS,69,6.2,299.3,22.5,D,0
-14.9,132.0074,321.8,1.7,1.3,2014-05-07,0436,Aqua,MODIS,56,6.2,309.3,18.9,D,0
-15.4906,133.8064,328.4,1.3,1.1,2014-05-07,0436,Aqua,MODIS,77,6.2,306.3,20.8,D,0
-15.4891,133.8186,323.6,1.3,1.1,2014-05-07,0436,Aqua,MODIS,58,6.2,306.4,12,D,0
-14.6053,133.2636,320.7,1.4,1.2,2014-05-07,0436,Aqua,MODIS,57,6.2,307,10.2,D,0
-14.607,133.2507,324.3,1.4,1.2,2014-05-07,0436,Aqua,MODIS,71,6.2,306.5,16.3,D,0
-14.5684,132.2058,332.2,1.6,1.3,2014-05-07,0436,Aqua,MODIS,81,6.2,305.9,38.2,D,0
-14.5703,132.1907,325.1,1.6,1.3,2014-05-07,0436,Aqua,MODIS,56,6.2,308,19.9,D,0
-14.4623,132.692,329.1,1.5,1.2,2014-05-07,0436,Aqua,MODIS,67,6.2,305.7,27.3,D,0
-15.5831,133.6563,327.4,1.3,1.1,2014-05-07,0436,Aqua,MODIS,38,6.2,307.2,19,D,0
-15.5847,133.6438,327.6,1.3,1.1,2014-05-07,0436,Aqua,MODIS,49,6.2,305,19.8,D,0
-15.6495,133.6836,330.9,1.3,1.1,2014-05-07,0436,Aqua,MODIS,28,6.2,308.1,21.4,D,0
-15.1058,133.56,323.2,1.3,1.1,2014-05-07,0436,Aqua,MODIS,71,6.2,306.9,15.8,D,0
-15.5907,133.65,341.2,1.3,1.1,2014-05-07,0436,Aqua,MODIS,88,6.2,307.3,47.8,D,0
-14.448,132.7183,324.8,1.5,1.2,2014-05-07,0436,Aqua,MODIS,47,6.2,306.7,19,D,0
-14.4605,132.7059,331.7,1.5,1.2,2014-05-07,0436,Aqua,MODIS,77,6.2,307.3,33.8,D,0
-14.4226,132.7236,321.9,1.5,1.2,2014-05-07,0436,Aqua,MODIS,40,6.2,306.3,14.3,D,0
-15.1074,133.5475,319.6,1.3,1.1,2014-05-07,0436,Aqua,MODIS,63,6.2,305.8,10.2,D,0
-15.0876,133.6204,341.1,1.3,1.1,2014-05-07,0436,Aqua,MODIS,89,6.2,307.9,52.3,D,0
-16.2581,129.6463,325,2.7,1.6,2014-05-07,0436,Aqua,MODIS,74,6.2,296.7,66.4,D,0
-16.2548,129.641,322.7,2.7,1.6,2014-05-07,0436,Aqua,MODIS,62,6.2,296.4,55.6,D,0
-12.551,130.6234,314,2,1.4,2014-05-07,0437,Aqua,MODIS,39,6.2,300.9,15.5,D,0
-12.9987,131.7901,348.6,1.7,1.3,2014-05-07,0437,Aqua,MODIS,94,6.2,299.2,104.4,D,0
-13.1234,131.7965,317.1,1.7,1.3,2014-05-07,0437,Aqua,MODIS,55,6.2,300.7,13.2,D,0
-13.1215,131.8117,320.7,1.7,1.3,2014-05-07,0437,Aqua,MODIS,72,6.2,300.3,19.9,D,0
-13.0966,131.6355,336.6,1.7,1.3,2014-05-07,0437,Aqua,MODIS,81,6.2,299.2,61.2,D,0
-13.0868,131.6447,333,1.7,1.3,2014-05-07,0437,Aqua,MODIS,85,6.2,299.4,52.7,D,0
-13.0752,131.6432,328.9,1.7,1.3,2014-05-07,0437,Aqua,MODIS,61,6.2,298.6,39.7,D,0
-13.0502,131.6558,316.9,1.7,1.3,2014-05-07,0437,Aqua,MODIS,58,6.2,294.8,16,D,0
-13.0521,131.6403,320.8,1.7,1.3,2014-05-07,0437,Aqua,MODIS,68,6.2,297.2,24.1,D,0
-13.0081,131.7134,336.9,1.7,1.3,2014-05-07,0437,Aqua,MODIS,87,6.2,301.6,60.8,D,0
-13.0062,131.7379,326.7,1.7,1.3,2014-05-07,0437,Aqua,MODIS,49,6.2,300.7,30.2,D,0
-13.131,131.8284,328.1,1.7,1.3,2014-05-07,0437,Aqua,MODIS,73,6.2,301.4,33.6,D,0
-13.071,131.7685,318.2,1.7,1.3,2014-05-07,0437,Aqua,MODIS,47,6.2,300,15.2,D,0
-13.0595,131.767,332.7,1.7,1.3,2014-05-07,0437,Aqua,MODIS,85,6.2,300.4,48,D,0
-13.0615,131.7517,374.6,1.7,1.3,2014-05-07,0437,Aqua,MODIS,100,6.2,303.1,262.2,D,0
-13.016,132.729,317.3,1.4,1.2,2014-05-07,0437,Aqua,MODIS,61,6.2,301,11.5,D,0
-13.1119,131.6321,334.5,1.7,1.3,2014-05-07,0437,Aqua,MODIS,69,6.2,299.6,53.9,D,0
-13.1003,131.6306,322.7,1.7,1.3,2014-05-07,0437,Aqua,MODIS,63,6.2,298.8,26.2,D,0
-13.1424,131.8299,330.1,1.7,1.3,2014-05-07,0437,Aqua,MODIS,68,6.2,302.5,37.8,D,0
-13.1351,131.6086,339,1.7,1.3,2014-05-07,0437,Aqua,MODIS,88,6.2,299.1,71,D,0
-13.137,131.5928,344.2,1.7,1.3,2014-05-07,0437,Aqua,MODIS,92,6.2,298.5,92.3,D,0
-13.1235,131.6071,364,1.7,1.3,2014-05-07,0437,Aqua,MODIS,100,6.2,300.3,196.5,D,0
-13.1255,131.5913,321.5,1.7,1.3,2014-05-07,0437,Aqua,MODIS,41,6.2,296.2,22.7,D,0
-13.11,131.6213,363.7,1.7,1.3,2014-05-07,0437,Aqua,MODIS,100,6.2,300.7,189.9,D,0
-13.1119,131.6055,337.8,1.7,1.3,2014-05-07,0437,Aqua,MODIS,79,6.2,297.9,64.9,D,0
-13.1139,131.6164,361.8,1.7,1.3,2014-05-07,0437,Aqua,MODIS,100,6.2,301.3,177.1,D,0
-13.0888,131.6291,338.6,1.7,1.3,2014-05-07,0437,Aqua,MODIS,89,6.2,298.4,70.9,D,0
-12.9662,131.6856,334.5,1.7,1.3,2014-05-07,0437,Aqua,MODIS,70,6.2,301.3,52.9,D,0
-12.9777,131.6871,352,1.7,1.3,2014-05-07,0437,Aqua,MODIS,96,6.2,301.8,120.2,D,0
-12.9719,131.7334,335.1,1.7,1.3,2014-05-07,0437,Aqua,MODIS,86,6.2,298.1,55.5,D,0
-12.9699,131.7487,377.2,1.7,1.3,2014-05-07,0437,Aqua,MODIS,100,6.2,304.1,281.7,D,0
-12.968,131.764,359.8,1.7,1.3,2014-05-07,0437,Aqua,MODIS,99,6.2,300.4,160.3,D,0
-12.9641,131.7945,323.3,1.7,1.3,2014-05-07,0437,Aqua,MODIS,76,6.2,299.5,23.4,D,0
-12.9621,131.8098,336.1,1.6,1.3,2014-05-07,0437,Aqua,MODIS,87,6.2,301.4,58.6,D,0
-12.9774,131.7807,328.1,1.7,1.3,2014-05-07,0437,Aqua,MODIS,75,6.2,299.1,34.1,D,0
-12.9755,131.796,335.1,1.7,1.3,2014-05-07,0437,Aqua,MODIS,86,6.2,299.2,51.8,D,0
-12.9888,131.7822,327.9,1.7,1.3,2014-05-07,0437,Aqua,MODIS,47,6.2,300.5,32.7,D,0
-12.9869,131.7975,341.8,1.7,1.3,2014-05-07,0437,Aqua,MODIS,91,6.2,300.6,73.4,D,0
-13.0002,131.7837,326.3,1.7,1.3,2014-05-07,0437,Aqua,MODIS,79,6.2,300.2,30.8,D,0
-12.9982,131.7989,333.8,1.7,1.3,2014-05-07,0437,Aqua,MODIS,85,6.2,296.7,50.2,D,0
-12.9873,131.7886,344,1.7,1.3,2014-05-07,0437,Aqua,MODIS,92,6.2,300.6,85.8,D,0
-12.9854,131.8038,323.3,1.7,1.3,2014-05-07,0437,Aqua,MODIS,71,6.2,300,23.3,D,0
-12.9968,131.8053,318.6,1.7,1.3,2014-05-07,0437,Aqua,MODIS,37,6.2,297.4,13.5,D,0
-13.0101,131.7916,334.7,1.7,1.3,2014-05-07,0437,Aqua,MODIS,86,6.2,301.3,53.1,D,0
-13.0339,132.7579,317,1.4,1.2,2014-05-07,0437,Aqua,MODIS,56,6.2,301.4,9.6,D,0
-12.6909,131.9684,319.5,1.6,1.2,2014-05-07,0437,Aqua,MODIS,70,6.2,300.2,17.7,D,0
-12.6665,130.7604,332.4,2,1.4,2014-05-07,0437,Aqua,MODIS,84,6.2,302.2,67.7,D,0
-12.5218,130.6565,340.8,2,1.4,2014-05-07,0437,Aqua,MODIS,90,6.2,301.7,98.1,D,0
-13.0158,131.3854,315.4,1.8,1.3,2014-05-07,0437,Aqua,MODIS,61,6.2,300.6,12.2,D,0
-13.1013,131.4364,328.2,1.8,1.3,2014-05-07,0437,Aqua,MODIS,23,6.2,301.2,33.1,D,0
-12.5095,130.6549,320.6,2,1.4,2014-05-07,0437,Aqua,MODIS,72,6.2,301.9,29.3,D,0
-12.6902,131.9734,322.2,1.6,1.2,2014-05-07,0437,Aqua,MODIS,74,6.2,300.2,22,D,0
-12.9527,131.7931,327.8,1.7,1.3,2014-05-07,0437,Aqua,MODIS,59,6.2,300.5,33.3,D,0
-13.0507,131.2624,320.7,1.8,1.3,2014-05-07,0437,Aqua,MODIS,47,6.2,301.1,22.2,D,0
-12.5196,130.6747,332.3,2,1.4,2014-05-07,0437,Aqua,MODIS,85,6.2,301.8,63.8,D,0
-13.1008,131.5344,324.1,1.7,1.3,2014-05-07,0437,Aqua,MODIS,75,6.2,298.9,30.8,D,0
-12.9602,131.8251,320.3,1.6,1.3,2014-05-07,0437,Aqua,MODIS,67,6.2,298.5,18.3,D,0
-12.9251,131.3851,316.9,1.8,1.3,2014-05-07,0437,Aqua,MODIS,22,6.2,300.7,12.8,D,0
-13.0952,131.4848,329.4,1.8,1.3,2014-05-07,0437,Aqua,MODIS,81,6.2,300.7,42.7,D,0
-12.9362,130.7956,317.4,2,1.4,2014-05-07,0437,Aqua,MODIS,65,6.2,301.2,23.5,D,0
-13.0276,131.387,314.6,1.8,1.3,2014-05-07,0437,Aqua,MODIS,47,6.2,300.3,10.3,D,0
-12.6687,130.7424,313.1,2,1.4,2014-05-07,0437,Aqua,MODIS,55,6.2,300.3,13.9,D,0
-13.0659,131.2748,319.5,1.8,1.3,2014-05-07,0437,Aqua,MODIS,31,6.2,301.7,19,D,0
-12.8549,131.4019,319.8,1.8,1.3,2014-05-07,0437,Aqua,MODIS,60,6.2,300.9,18.9,D,0
-12.9413,131.7915,325.7,1.7,1.3,2014-05-07,0437,Aqua,MODIS,48,6.2,300.7,29.1,D,0
-12.9122,131.1988,317.9,1.8,1.3,2014-05-07,0437,Aqua,MODIS,67,6.2,301,20.9,D,0
-12.9036,131.3657,328.5,1.8,1.3,2014-05-07,0437,Aqua,MODIS,64,6.2,300.5,37.8,D,0
-12.6639,130.7552,332.3,2,1.4,2014-05-07,0437,Aqua,MODIS,84,6.2,302.2,65.9,D,0
-13.1935,131.5195,324.7,1.7,1.3,2014-05-07,0437,Aqua,MODIS,48,6.2,300,27.4,D,0
-12.9785,131.3972,319,1.8,1.3,2014-05-07,0437,Aqua,MODIS,69,6.2,300.3,19.2,D,0
-13.0422,131.2717,331.5,1.8,1.3,2014-05-07,0437,Aqua,MODIS,83,6.2,301.5,51.8,D,0
-12.8411,131.4166,317.4,1.8,1.3,2014-05-07,0437,Aqua,MODIS,45,6.2,300.1,14.8,D,0
-12.9306,130.8063,314.5,2,1.4,2014-05-07,0437,Aqua,MODIS,58,6.2,301.4,16.8,D,0
-12.8959,131.3315,324.5,1.8,1.3,2014-05-07,0437,Aqua,MODIS,77,6.2,299.9,30.7,D,0
-12.8391,131.4327,328.5,1.8,1.3,2014-05-07,0437,Aqua,MODIS,81,6.2,300,42,D,0
-12.6739,130.7747,317.4,2,1.4,2014-05-07,0437,Aqua,MODIS,67,6.2,301.4,22.6,D,0
-12.6617,130.773,325,2,1.4,2014-05-07,0437,Aqua,MODIS,78,6.2,302.2,42.1,D,0
-13.0973,131.4686,322.9,1.8,1.3,2014-05-07,0437,Aqua,MODIS,65,6.2,300.8,24.4,D,0
-12.8507,131.4082,320.7,1.8,1.3,2014-05-07,0437,Aqua,MODIS,20,6.2,300.5,19.1,D,0
-12.9903,131.3987,325.7,1.8,1.3,2014-05-07,0437,Aqua,MODIS,78,6.2,300.9,33.7,D,0
-13.0993,131.4525,335.1,1.8,1.3,2014-05-07,0437,Aqua,MODIS,83,6.2,301.2,56,D,0
-12.9947,131.2655,319,1.8,1.3,2014-05-07,0437,Aqua,MODIS,69,6.2,301.4,21,D,0
-12.9668,131.3957,317,1.8,1.3,2014-05-07,0437,Aqua,MODIS,46,6.2,300.4,14.4,D,0
-13.1915,131.5355,325,1.7,1.3,2014-05-07,0437,Aqua,MODIS,50,6.2,299.1,28.5,D,0
-12.579,130.7007,318.3,2,1.4,2014-05-07,0437,Aqua,MODIS,69,6.2,301.4,25.4,D,0
-12.9585,131.7472,333.1,1.7,1.3,2014-05-07,0437,Aqua,MODIS,85,6.2,300.9,51.5,D,0
-12.9604,131.7319,332,1.7,1.3,2014-05-07,0437,Aqua,MODIS,84,6.2,300.3,47.5,D,0
-13.1028,131.5184,321.1,1.7,1.3,2014-05-07,0437,Aqua,MODIS,68,6.2,299.5,22.8,D,0
-12.6644,130.7783,330.6,2,1.4,2014-05-07,0437,Aqua,MODIS,83,6.2,302.2,60.4,D,0
-13.0443,131.255,325.5,1.8,1.3,2014-05-07,0437,Aqua,MODIS,77,6.2,301.2,34.6,D,0
-13.1528,131.465,328.8,1.8,1.3,2014-05-07,0437,Aqua,MODIS,49,6.2,304,34.4,D,0
-34.9481,117.1142,351.3,1,1,2014-05-07,0609,Aqua,MODIS,96,6.2,275.1,68.1,D,0
-34.9497,117.1032,310.3,1,1,2014-05-07,0609,Aqua,MODIS,34,6.2,273.5,12.5,D,0
-22.4877,124.6634,335.7,3.9,1.8,2014-05-07,0612,Aqua,MODIS,77,6.2,298.2,184.1,D,0
-22.4843,124.6581,330,3.9,1.8,2014-05-07,0612,Aqua,MODIS,47,6.2,298.9,124.6,D,0
-22.5041,124.6677,323.1,3.9,1.8,2014-05-07,0612,Aqua,MODIS,32,6.2,296.9,78.4,D,0
-17.6708,123.2523,317.2,4,1.9,2014-05-07,0613,Aqua,MODIS,67,6.2,295.9,49.8,D,0
-17.6616,123.2111,317.8,4,1.9,2014-05-07,0613,Aqua,MODIS,68,6.2,296.4,52.7,D,0
-17.6758,123.2617,319.5,4,1.9,2014-05-07,0613,Aqua,MODIS,71,6.2,296.1,64.3,D,0
-18.6984,128.9435,305.1,1,1,2014-05-07,1400,Terra,MODIS,63,6.2,289.8,7.8,N,0
-18.5003,128.9955,301,1,1,2014-05-07,1400,Terra,MODIS,36,6.2,289.3,5.6,N,0
-18.5266,128.9954,303.7,1,1,2014-05-07,1400,Terra,MODIS,29,6.2,289,6.3,N,0
-16.8213,126.616,303,1.3,1.1,2014-05-07,1400,Terra,MODIS,53,6.2,292.1,8.2,N,0
-15.9425,130.9959,305.4,1,1,2014-05-07,1400,Terra,MODIS,16,6.2,295.2,4.3,N,0
-15.944,130.9862,314.5,1,1,2014-05-07,1400,Terra,MODIS,89,6.2,295.8,11.4,N,0
-15.9334,130.9944,305.8,1,1,2014-05-07,1400,Terra,MODIS,21,6.2,295.2,4.6,N,0
-15.9377,130.9653,313.7,1,1,2014-05-07,1400,Terra,MODIS,88,6.2,296.3,10.7,N,0
-15.9454,130.9765,309,1,1,2014-05-07,1400,Terra,MODIS,61,6.2,295.9,6.8,N,0
-17.5009,126.4682,315.7,1.3,1.1,2014-05-07,1400,Terra,MODIS,92,6.2,296.3,18.1,N,0
-17.5987,126.5005,306.4,1.3,1.1,2014-05-07,1400,Terra,MODIS,1,6.2,295.6,7.8,N,0
-17.5885,126.4989,306.2,1.3,1.1,2014-05-07,1400,Terra,MODIS,39,6.2,295.3,8.1,N,0
-18.9013,126.3172,304,1.4,1.2,2014-05-07,1400,Terra,MODIS,14,6.2,293.9,7,N,0
-18.8907,126.3156,304.7,1.4,1.2,2014-05-07,1400,Terra,MODIS,61,6.2,293.9,8.3,N,0
-18.8923,126.3022,306,1.4,1.2,2014-05-07,1400,Terra,MODIS,36,6.2,294.1,9.1,N,0
-18.8956,126.2753,307.8,1.4,1.2,2014-05-07,1400,Terra,MODIS,73,6.2,293.5,12.1,N,0
-14.1917,130.7694,317.4,1.1,1,2014-05-07,1401,Terra,MODIS,92,6.2,294.8,15,N,0
-14.181,130.7778,315.6,1.1,1,2014-05-07,1401,Terra,MODIS,68,6.2,293.9,12.6,N,0
-14.1874,130.7988,307.3,1.1,1,2014-05-07,1401,Terra,MODIS,71,6.2,293.2,7.5,N,0
-14.2024,130.7612,304,1.1,1,2014-05-07,1401,Terra,MODIS,42,6.2,292,5.5,N,0
-14.9195,127.7045,305.8,1.1,1,2014-05-07,1401,Terra,MODIS,66,6.2,294.1,6.5,N,0
-15.2675,131.0727,303.9,1.1,1,2014-05-07,1401,Terra,MODIS,32,6.2,292.7,4.8,N,0
-14.7435,127.9976,304.1,1.1,1,2014-05-07,1401,Terra,MODIS,52,6.2,293.7,4.7,N,0
-14.8543,127.7192,304.2,1.1,1,2014-05-07,1401,Terra,MODIS,59,6.2,292.4,5.7,N,0
-14.1825,130.7681,330.3,1.1,1,2014-05-07,1401,Terra,MODIS,100,6.2,295.2,29.8,N,0
-14.7527,127.9988,305.1,1.1,1,2014-05-07,1401,Terra,MODIS,63,6.2,294.1,5.5,N,0
-14.8589,130.0466,304.6,1,1,2014-05-07,1401,Terra,MODIS,44,6.2,294.3,4.9,N,0
-14.1931,130.7598,314.6,1.1,1,2014-05-07,1401,Terra,MODIS,90,6.2,293.8,13,N,0
-15.6044,128.6174,310.1,1,1,2014-05-07,1401,Terra,MODIS,76,6.2,296.7,8.4,N,0
-14.1888,130.789,307.3,1.1,1,2014-05-07,1401,Terra,MODIS,45,6.2,293.5,7,N,0
-14.6939,127.9638,306.9,1.1,1,2014-05-07,1401,Terra,MODIS,21,6.2,294.8,6,N,0
-14.1839,130.7583,314.6,1.1,1,2014-05-07,1401,Terra,MODIS,90,6.2,293.9,12.7,N,0
-14.1903,130.7792,317.5,1.1,1,2014-05-07,1401,Terra,MODIS,93,6.2,294.4,14.9,N,0
-15.8,128.464,310.3,1,1,2014-05-07,1401,Terra,MODIS,80,6.2,296.9,8.2,N,0
-15.7752,128.5092,321.2,1,1,2014-05-07,1401,Terra,MODIS,100,6.2,297.5,18.4,N,0
-14.2546,130.4599,303.3,1,1,2014-05-07,1401,Terra,MODIS,54,6.2,292.2,4.5,N,0
-14.2532,130.4693,304.8,1,1,2014-05-07,1401,Terra,MODIS,62,6.2,292.9,5.4,N,0
-14.5672,131.4023,324.5,1.1,1.1,2014-05-07,1401,Terra,MODIS,100,6.2,294.5,25.6,N,0
-14.2162,130.7792,308.4,1.1,1,2014-05-07,1401,Terra,MODIS,48,6.2,292.7,7.6,N,0
-14.5729,131.3992,322.7,1.1,1,2014-05-07,1401,Terra,MODIS,100,6.2,293.5,22.1,N,0
-14.5714,131.4093,349,1.1,1.1,2014-05-07,1401,Terra,MODIS,100,6.2,296.4,69.1,N,0
-14.5808,131.4108,327.1,1.1,1.1,2014-05-07,1401,Terra,MODIS,100,6.2,295.1,27.6,N,0
-14.5949,131.4448,304,1.1,1.1,2014-05-07,1401,Terra,MODIS,58,6.2,292.3,5.7,N,0
-14.5855,131.4432,313.1,1.1,1.1,2014-05-07,1401,Terra,MODIS,86,6.2,292.4,12.8,N,0
-14.5871,131.4329,335.7,1.1,1.1,2014-05-07,1401,Terra,MODIS,100,6.2,295.2,41.6,N,0
-14.5965,131.3715,319.4,1.1,1,2014-05-07,1401,Terra,MODIS,99,6.2,294.1,17.9,N,0
-14.6028,131.3934,310.3,1.1,1,2014-05-07,1401,Terra,MODIS,22,6.2,293.7,8.2,N,0
-14.6216,131.3965,323.7,1.1,1,2014-05-07,1401,Terra,MODIS,100,6.2,292.7,22.6,N,0
-14.6201,131.4067,320.9,1.1,1,2014-05-07,1401,Terra,MODIS,100,6.2,293.8,19,N,0
-14.5887,131.4226,311.3,1.1,1.1,2014-05-07,1401,Terra,MODIS,82,6.2,293.8,10.1,N,0
-14.5792,131.4211,316.1,1.1,1.1,2014-05-07,1401,Terra,MODIS,93,6.2,294.5,14.8,N,0
-14.8459,131.6102,303.7,1.1,1.1,2014-05-07,1401,Terra,MODIS,57,6.2,292.3,5.2,N,0
-14.8929,130.7527,301.2,1,1,2014-05-07,1401,Terra,MODIS,37,6.2,290.8,4.1,N,0
-13.8895,131.904,305.7,1.2,1.1,2014-05-07,1401,Terra,MODIS,65,6.2,292.1,8,N,0
-14.2184,130.8902,306.4,1.1,1,2014-05-07,1401,Terra,MODIS,68,6.2,294,7,N,0
-13.7138,131.5698,305.5,1.2,1.1,2014-05-07,1401,Terra,MODIS,65,6.2,291.6,7,N,0
-13.7122,131.5804,306.2,1.2,1.1,2014-05-07,1401,Terra,MODIS,67,6.2,293,7.5,N,0
-13.7164,131.576,307.8,1.2,1.1,2014-05-07,1401,Terra,MODIS,39,6.2,293.2,8.5,N,0
-14.5657,131.4126,311.5,1.1,1.1,2014-05-07,1401,Terra,MODIS,83,6.2,292.2,11.6,N,0
-14.6295,131.4083,310.3,1.1,1,2014-05-07,1401,Terra,MODIS,37,6.2,292.6,9.1,N,0
-26.4112,148.3574,310.7,1,1,2014-05-07,1530,Aqua,MODIS,81,6.2,279.2,14.7,N,0
-30.5139,148.2451,300.7,1.1,1,2014-05-07,1531,Aqua,MODIS,33,6.2,280.3,7.7,N,0
-30.5232,148.2435,300.5,1.1,1,2014-05-07,1531,Aqua,MODIS,29,6.2,281.2,7.5,N,0
-14.5785,131.4481,312,2,1.4,2014-05-07,1705,Aqua,MODIS,22,6.2,291.1,26.9,N,0
-14.3087,130.8563,311.4,1.8,1.3,2014-05-07,1705,Aqua,MODIS,82,6.2,292.3,25.3,N,0
-14.5751,131.4363,313,2,1.4,2014-05-07,1705,Aqua,MODIS,68,6.2,291.8,29.8,N,0
-14.5763,131.4292,312.9,2,1.4,2014-05-07,1705,Aqua,MODIS,35,6.2,292.1,28.2,N,0
-14.5581,131.4006,315.4,2,1.4,2014-05-07,1705,Aqua,MODIS,91,6.2,291.5,36,N,0
-14.2085,130.7892,306.4,1.8,1.3,2014-05-07,1705,Aqua,MODIS,44,6.2,291.8,14.6,N,0
-14.181,130.76,317.4,1.8,1.3,2014-05-07,1705,Aqua,MODIS,95,6.2,292.5,32.8,N,0
-14.183,130.7761,311.6,1.8,1.3,2014-05-07,1705,Aqua,MODIS,77,6.2,293.1,22,N,0
-14.6917,127.9482,308,1.2,1.1,2014-05-07,1705,Aqua,MODIS,73,6.2,295.1,8.6,N,0
-17.5832,126.4896,305.4,1.1,1,2014-05-07,1706,Aqua,MODIS,48,6.2,294.4,6.3,N,0
-15.4966,126.2909,309.5,1,1,2014-05-07,1706,Aqua,MODIS,78,6.2,290.7,10.2,N,0
-15.5071,126.2992,307.5,1,1,2014-05-07,1706,Aqua,MODIS,72,6.2,290.4,8.7,N,0
-17.5939,126.4982,313.7,1.1,1,2014-05-07,1706,Aqua,MODIS,88,6.2,295.3,12.3,N,0
-17.5846,126.4997,305.8,1.1,1,2014-05-07,1706,Aqua,MODIS,57,6.2,294.4,6.6,N,0
-17.4986,126.4769,306.5,1.1,1,2014-05-07,1706,Aqua,MODIS,64,6.2,295.1,6.7,N,0
-15.5057,126.2896,301.1,1,1,2014-05-07,1706,Aqua,MODIS,17,6.2,289.9,4.8,N,0
-15.8005,128.4659,311.2,1.3,1.1,2014-05-07,1706,Aqua,MODIS,82,6.2,295.9,13.7,N,0
-22.3872,124.9165,307.1,1,1,2014-05-07,1708,Aqua,MODIS,70,6.2,291.4,7.5,N,0
-22.3858,124.9064,307,1,1,2014-05-07,1708,Aqua,MODIS,70,6.2,292.1,7.4,N,0
-22.4841,124.6802,302.6,1,1,2014-05-07,1708,Aqua,MODIS,15,6.2,292.3,3.7,N,0
-22.4645,124.6731,308.3,1,1,2014-05-07,1708,Aqua,MODIS,71,6.2,293.7,6.7,N,0
-21.7472,120.0968,320.8,1.3,1.1,2014-05-07,1708,Aqua,MODIS,100,6.2,293.3,26.1,N,0
-12.5328,141.9544,316.5,1,1,2014-05-08,0051,Terra,MODIS,68,6.2,298.4,7.8,D,0
-12.5314,141.9451,337.8,1,1,2014-05-08,0051,Terra,MODIS,89,6.2,301.1,33.6,D,0
-14.5672,131.4151,330.5,4.7,2,2014-05-08,0052,Terra,MODIS,84,6.2,297.6,220.9,D,0
-14.5586,131.3717,315.1,4.7,2,2014-05-08,0052,Terra,MODIS,29,6.2,295.7,72.3,D,0
-15.5999,131.7305,311.4,4.2,1.9,2014-05-08,0052,Terra,MODIS,55,6.2,299.7,46.1,D,0
-14.5606,131.3789,318.9,4.7,2,2014-05-08,0052,Terra,MODIS,53,6.2,296,104.5,D,0
-15.6024,131.7243,310.6,4.2,1.9,2014-05-08,0052,Terra,MODIS,51,6.2,299.6,42.3,D,0
-14.6204,131.4057,316.6,4.7,2,2014-05-08,0052,Terra,MODIS,26,6.2,298.1,79.2,D,0
-14.6193,131.4003,316.5,4.7,2,2014-05-08,0052,Terra,MODIS,26,6.2,297.9,79,D,0
-14.5688,131.4221,332.3,4.7,2,2014-05-08,0052,Terra,MODIS,85,6.2,297.5,242.1,D,0
-14.5055,131.5667,312.1,4.6,2,2014-05-08,0052,Terra,MODIS,58,6.2,296.6,54.6,D,0
-14.5056,131.5722,315.3,4.6,2,2014-05-08,0052,Terra,MODIS,63,6.2,296.6,73.4,D,0
-14.5136,131.608,311.8,4.5,2,2014-05-08,0052,Terra,MODIS,57,6.2,296.8,52.7,D,0
-17.2693,132.9288,342.9,3.2,1.7,2014-05-08,0053,Terra,MODIS,92,6.2,299.7,228.2,D,0
-17.2749,132.9582,323.1,3.2,1.7,2014-05-08,0053,Terra,MODIS,77,6.2,301.5,78.2,D,0
-16.3016,130.7319,325.8,4.8,2,2014-05-08,0053,Terra,MODIS,81,6.2,298.9,187.2,D,0
-16.2996,130.7272,331.7,4.8,2,2014-05-08,0053,Terra,MODIS,85,6.2,299.3,254.5,D,0
-31.6443,146.6572,306.3,2.5,1.5,2014-05-08,0056,Terra,MODIS,63,6.2,292.7,22.1,D,0
-31.6838,146.3806,300.9,2.4,1.5,2014-05-08,0056,Terra,MODIS,41,6.2,290.3,12.5,D,0
-35.2306,138.5544,311,1,1,2014-05-08,0057,Terra,MODIS,71,6.2,273.6,13.6,D,0
-34.2652,140.6776,305.6,1.2,1.1,2014-05-08,0057,Terra,MODIS,62,6.2,286.9,8.2,D,0
-34.4207,147.1435,322,2.9,1.6,2014-05-08,0057,Terra,MODIS,81,6.2,290.5,92.9,D,0
-34.6467,147.4008,310.4,3,1.7,2014-05-08,0057,Terra,MODIS,70,6.2,289.7,48.2,D,0
-34.6488,147.4342,311.5,3.1,1.7,2014-05-08,0057,Terra,MODIS,71,6.2,289.2,52.9,D,0
-34.423,147.1755,319.6,2.9,1.6,2014-05-08,0057,Terra,MODIS,79,6.2,290,81.4,D,0
-34.4203,147.1365,312.5,2.9,1.6,2014-05-08,0057,Terra,MODIS,73,6.2,290.1,53.3,D,0
-34.7596,146.8669,304.3,2.8,1.6,2014-05-08,0057,Terra,MODIS,59,6.2,290.6,24.8,D,0
-34.7573,146.8359,302.5,2.8,1.6,2014-05-08,0057,Terra,MODIS,53,6.2,290,19.7,D,0
-34.4224,147.1687,326.9,2.9,1.6,2014-05-08,0057,Terra,MODIS,85,6.2,290.4,118.9,D,0
-34.7605,146.8599,307.8,2.8,1.6,2014-05-08,0057,Terra,MODIS,66,6.2,290.6,35.1,D,0
-34.2637,140.6648,302,1.2,1.1,2014-05-08,0057,Terra,MODIS,50,6.2,286.6,5.6,D,0
-33.9708,138.0256,304.5,1,1,2014-05-08,0057,Terra,MODIS,59,6.2,282.8,6.6,D,0
-37.7781,140.6383,337.8,1.3,1.1,2014-05-08,0058,Terra,MODIS,91,6.2,286.7,61.5,D,0
-37.8352,141.913,309,1.5,1.2,2014-05-08,0058,Terra,MODIS,68,6.2,286.6,18.8,D,0
-37.8334,141.8958,303.8,1.5,1.2,2014-05-08,0058,Terra,MODIS,57,6.2,287,12.8,D,0
-37.7798,140.6531,311.8,1.3,1.1,2014-05-08,0058,Terra,MODIS,72,6.2,284.6,19.1,D,0
-38.2085,146.177,310.7,2.8,1.6,2014-05-08,0058,Terra,MODIS,70,6.2,288,47.2,D,0
-38.2105,146.2074,332.7,2.8,1.6,2014-05-08,0058,Terra,MODIS,88,6.2,287.3,147.1,D,0
-38.21,146.1716,301.1,2.8,1.6,2014-05-08,0058,Terra,MODIS,43,6.2,287.7,22.2,D,0
-38.2118,146.2018,338.4,2.8,1.6,2014-05-08,0058,Terra,MODIS,91,6.2,288,187.1,D,0
-38.2263,146.1985,338.9,2.8,1.6,2014-05-08,0058,Terra,MODIS,91,6.2,286.6,190.4,D,0
-38.2249,146.2041,345.9,2.8,1.6,2014-05-08,0058,Terra,MODIS,94,6.2,286.9,242.9,D,0
-36.9742,139.7588,308.7,1.2,1.1,2014-05-08,0058,Terra,MODIS,36,6.2,288,9.9,D,0
-36.9786,139.7781,305.6,1.2,1.1,2014-05-08,0058,Terra,MODIS,58,6.2,286.9,10.1,D,0
-36.977,139.7651,322.7,1.2,1.1,2014-05-08,0058,Terra,MODIS,71,6.2,287.6,27.1,D,0
-36.9758,139.7718,331.9,1.2,1.1,2014-05-08,0058,Terra,MODIS,88,6.2,288.1,38.4,D,0
-41.5517,147.9217,336.6,3.8,1.8,2014-05-08,0059,Terra,MODIS,90,6.2,281.3,282.1,D,0
-41.5567,147.9139,309.5,3.8,1.8,2014-05-08,0059,Terra,MODIS,69,6.2,279.9,82.7,D,0
-41.5583,147.9643,360.3,3.8,1.8,2014-05-08,0059,Terra,MODIS,100,6.2,284.7,623,D,0
-41.5536,147.9722,364.1,3.8,1.8,2014-05-08,0059,Terra,MODIS,100,6.2,285.2,696.7,D,0
-15.0926,128.5877,310.5,4.8,2,2014-05-08,0230,Terra,MODIS,37,6.2,298,49.6,D,0
-14.7444,127.6042,316,4,1.9,2014-05-08,0230,Terra,MODIS,20,6.2,302.6,42.7,D,0
-14.6308,127.5905,316.1,4,1.9,2014-05-08,0230,Terra,MODIS,65,6.2,300.3,47.5,D,0
-14.6354,127.5826,315.9,4,1.9,2014-05-08,0230,Terra,MODIS,60,6.2,300.4,45.7,D,0
-14.891,127.701,316.9,4.1,1.9,2014-05-08,0230,Terra,MODIS,34,6.2,302.5,47.8,D,0
-14.8824,127.7799,315.6,4.2,1.9,2014-05-08,0230,Terra,MODIS,15,6.2,302.3,42.8,D,0
-14.6475,127.5889,313.6,4,1.9,2014-05-08,0230,Terra,MODIS,56,6.2,300.6,31.7,D,0
-15.2223,127.7151,316.4,4.2,1.9,2014-05-08,0230,Terra,MODIS,61,6.2,304.3,47.7,D,0
-15.2152,127.6839,316.9,4.1,1.9,2014-05-08,0230,Terra,MODIS,63,6.2,304.6,49.8,D,0
-14.75,128.0378,324.5,4.3,1.9,2014-05-08,0230,Terra,MODIS,77,6.2,299.8,136.4,D,0
-14.7407,127.567,319.9,4,1.9,2014-05-08,0230,Terra,MODIS,65,6.2,301.6,68.2,D,0
-14.5453,127.4146,317.7,3.9,1.8,2014-05-08,0230,Terra,MODIS,68,6.2,300.3,64.3,D,0
-15.0754,127.701,314.3,4.1,1.9,2014-05-08,0230,Terra,MODIS,61,6.2,300.7,44,D,0
-14.6863,127.9245,313.1,4.3,1.9,2014-05-08,0230,Terra,MODIS,55,6.2,299.1,43.2,D,0
-14.6839,127.9322,314.2,4.3,1.9,2014-05-08,0230,Terra,MODIS,60,6.2,299.4,50.1,D,0
-15.5328,126.3029,313.5,3.3,1.7,2014-05-08,0230,Terra,MODIS,43,6.2,300.4,27.8,D,0
-14.5394,127.4203,317.9,3.9,1.8,2014-05-08,0230,Terra,MODIS,69,6.2,300.6,66.5,D,0
-15.5291,126.2977,315.2,3.3,1.7,2014-05-08,0230,Terra,MODIS,59,6.2,300.6,36.8,D,0
-14.736,127.573,320.4,4,1.9,2014-05-08,0230,Terra,MODIS,69,6.2,301.8,71.2,D,0
-14.7483,128.0453,323.8,4.3,1.9,2014-05-08,0230,Terra,MODIS,77,6.2,299.8,122.6,D,0
-14.6903,127.9655,313.8,4.3,1.9,2014-05-08,0230,Terra,MODIS,58,6.2,300.3,49.8,D,0
-15.072,127.7084,314.4,4.1,1.9,2014-05-08,0230,Terra,MODIS,52,6.2,300.7,43.5,D,0
-15.1071,127.3576,317.5,3.9,1.8,2014-05-08,0230,Terra,MODIS,44,6.2,302.5,53.5,D,0
-15.1294,127.3501,319.5,3.9,1.8,2014-05-08,0230,Terra,MODIS,71,6.2,302.7,69.5,D,0
-15.1046,127.8181,322,4.2,1.9,2014-05-08,0230,Terra,MODIS,73,6.2,302.9,87.3,D,0
-14.6522,127.5815,314.4,4,1.9,2014-05-08,0230,Terra,MODIS,32,6.2,300.7,36,D,0
-15.1075,127.8128,319.5,4.2,1.9,2014-05-08,0230,Terra,MODIS,59,6.2,302.8,62.5,D,0
-17.6425,126.4558,321.3,3.6,1.8,2014-05-08,0231,Terra,MODIS,60,6.2,302,66.7,D,0
-17.0922,127.3976,314.3,4.2,1.9,2014-05-08,0231,Terra,MODIS,57,6.2,303,48.1,D,0
-16.8326,126.6293,321.2,3.6,1.8,2014-05-08,0231,Terra,MODIS,73,6.2,304.1,73.9,D,0
-16.8249,126.6247,323.3,3.6,1.8,2014-05-08,0231,Terra,MODIS,76,6.2,304.1,88.3,D,0
-17.3027,126.9778,315.5,3.9,1.8,2014-05-08,0231,Terra,MODIS,57,6.2,303.5,39.5,D,0
-17.6346,126.45,318.3,3.6,1.8,2014-05-08,0231,Terra,MODIS,64,6.2,302.4,53.7,D,0
-17.6378,126.4832,318.5,3.6,1.8,2014-05-08,0231,Terra,MODIS,65,6.2,302.9,56.6,D,0
-17.0955,127.3919,315.4,4.2,1.9,2014-05-08,0231,Terra,MODIS,60,6.2,303,55.3,D,0
-17.2916,126.9725,316.9,3.9,1.8,2014-05-08,0231,Terra,MODIS,61,6.2,304.2,48.6,D,0
-17.229,127.138,314.6,4,1.9,2014-05-08,0231,Terra,MODIS,55,6.2,303.1,41.2,D,0
-16.829,126.5953,315.8,3.6,1.8,2014-05-08,0231,Terra,MODIS,63,6.2,302.7,39.9,D,0
-21.7556,120.0943,322.5,1.4,1.2,2014-05-08,0232,Terra,MODIS,74,6.2,299.4,18.9,D,0
-21.7695,120.1202,334.1,1.4,1.2,2014-05-08,0232,Terra,MODIS,85,6.2,299.7,41.7,D,0
-21.7573,120.1079,328.1,1.4,1.2,2014-05-08,0232,Terra,MODIS,80,6.2,299.8,29.4,D,0
-22.5183,124.7247,326.6,3.1,1.7,2014-05-08,0232,Terra,MODIS,47,6.2,300.2,63.4,D,0
-22.3967,124.7126,330.1,3.1,1.7,2014-05-08,0232,Terra,MODIS,81,6.2,301.2,91,D,0
-22.3939,124.6831,326,3,1.7,2014-05-08,0232,Terra,MODIS,76,6.2,302.2,66.4,D,0
-22.4816,124.8198,324,3.1,1.7,2014-05-08,0232,Terra,MODIS,74,6.2,300.5,61.2,D,0
-22.4794,124.8133,324.8,3.1,1.7,2014-05-08,0232,Terra,MODIS,75,6.2,300.7,63.5,D,0
-22.3951,124.7074,334,3.1,1.7,2014-05-08,0232,Terra,MODIS,84,6.2,301.5,116.3,D,0
-22.484,124.6911,372.8,3.1,1.7,2014-05-08,0232,Terra,MODIS,100,6.2,303.7,581,D,0
-22.4866,124.7211,343.3,3.1,1.7,2014-05-08,0232,Terra,MODIS,91,6.2,300.7,192.3,D,0
-22.5004,124.6964,360.8,3.1,1.7,2014-05-08,0232,Terra,MODIS,100,6.2,302.3,387.6,D,0
-22.4882,124.7278,323.5,3.1,1.7,2014-05-08,0232,Terra,MODIS,46,6.2,300.1,47.7,D,0
-22.4853,124.6978,376.2,3.1,1.7,2014-05-08,0232,Terra,MODIS,100,6.2,303.8,641.6,D,0
-22.4814,124.6614,333.7,3,1.7,2014-05-08,0232,Terra,MODIS,84,6.2,302.7,111.7,D,0
-22.5017,124.7195,332.8,3.1,1.7,2014-05-08,0232,Terra,MODIS,84,6.2,300.3,108.5,D,0
-22.4825,124.668,337,3,1.7,2014-05-08,0232,Terra,MODIS,87,6.2,302.5,131.1,D,0
-22.4703,124.6992,342.1,3.1,1.7,2014-05-08,0232,Terra,MODIS,90,6.2,301.4,174.7,D,0
-22.4675,124.6695,340.8,3,1.7,2014-05-08,0232,Terra,MODIS,89,6.2,302.9,162.8,D,0
-22.4552,124.7008,320.3,3.1,1.7,2014-05-08,0232,Terra,MODIS,37,6.2,300.6,30.7,D,0
-22.4101,124.7057,320.6,3.1,1.7,2014-05-08,0232,Terra,MODIS,62,6.2,300.5,35.6,D,0
-22.9812,123.3089,318.4,2.5,1.5,2014-05-08,0232,Terra,MODIS,66,6.2,297.6,24.2,D,0
-22.499,124.6897,355.2,3.1,1.7,2014-05-08,0232,Terra,MODIS,97,6.2,302.1,318.9,D,0
-22.5168,124.718,357.3,3.1,1.7,2014-05-08,0232,Terra,MODIS,98,6.2,301.3,353.2,D,0
-22.4689,124.6926,334.1,3.1,1.7,2014-05-08,0232,Terra,MODIS,85,6.2,301.5,114.6,D,0
-22.5154,124.6949,412.6,3.1,1.7,2014-05-08,0232,Terra,MODIS,100,6.2,307.9,1653.3,D,0
-22.4663,124.6629,332.9,3,1.7,2014-05-08,0232,Terra,MODIS,84,6.2,302.9,104.7,D,0
-22.5318,124.7165,340.3,3.1,1.7,2014-05-08,0232,Terra,MODIS,89,6.2,299.8,174.9,D,0
-22.5141,124.6881,398.5,3.1,1.7,2014-05-08,0232,Terra,MODIS,100,6.2,306.8,1191.4,D,0
-22.5291,124.6866,377.5,3.1,1.7,2014-05-08,0232,Terra,MODIS,100,6.2,301.8,680.6,D,0
-34.395,116.0188,302.3,1.2,1.1,2014-05-08,0236,Terra,MODIS,51,6.2,286,8.2,D,0
-34.5384,117.428,310.4,1.4,1.2,2014-05-08,0236,Terra,MODIS,66,6.2,286.3,18.2,D,0
-34.5367,117.4125,300.2,1.4,1.2,2014-05-08,0236,Terra,MODIS,31,6.2,286,7.7,D,0
-41.5653,147.953,304.4,2.7,1.6,2014-05-08,0333,Aqua,MODIS,0,6.2,282,36.3,D,0
-41.5631,147.9484,322.3,2.7,1.6,2014-05-08,0333,Aqua,MODIS,62,6.2,282.5,95.7,D,0
-37.8407,144.0062,304.7,4.3,1.9,2014-05-08,0334,Aqua,MODIS,60,6.2,288.5,56.7,D,0
-37.7647,143.1447,303,4.8,2,2014-05-08,0334,Aqua,MODIS,51,6.2,288.7,54.4,D,0
-37.783,143.644,322.8,4.5,2,2014-05-08,0334,Aqua,MODIS,82,6.2,287.9,193.5,D,0
-37.9319,143.4386,351.8,4.6,2,2014-05-08,0334,Aqua,MODIS,97,6.2,291.1,603.7,D,0
-37.8409,144.0099,307.2,4.3,1.9,2014-05-08,0334,Aqua,MODIS,65,6.2,288.5,69.7,D,0
-37.9316,143.3926,333.1,4.7,2,2014-05-08,0334,Aqua,MODIS,88,6.2,289.4,302.5,D,0
-37.7838,143.6355,319,4.5,2,2014-05-08,0334,Aqua,MODIS,79,6.2,288,159.8,D,0
-37.8391,144.0596,317.9,4.3,1.9,2014-05-08,0334,Aqua,MODIS,78,6.2,289.1,136.4,D,0
-37.93,143.4468,358.1,4.6,2,2014-05-08,0334,Aqua,MODIS,99,6.2,291.4,740.6,D,0
-37.7818,143.6886,301.8,4.5,1.9,2014-05-08,0334,Aqua,MODIS,49,6.2,286.3,51.7,D,0
-37.9155,143.384,307.6,4.7,2,2014-05-08,0334,Aqua,MODIS,66,6.2,288.3,69.6,D,0
-37.9138,143.438,336.1,4.6,2,2014-05-08,0334,Aqua,MODIS,90,6.2,290.5,339.1,D,0
-37.9337,143.3844,310.5,4.7,2,2014-05-08,0334,Aqua,MODIS,70,6.2,288.6,88.6,D,0
-37.3782,143.5522,300.4,4.5,2,2014-05-08,0334,Aqua,MODIS,36,6.2,286.5,42.3,D,0
-34.3604,145.7241,311.4,3.1,1.7,2014-05-08,0335,Aqua,MODIS,62,6.2,293.4,40.2,D,0
-36.0476,149.839,306.8,1.8,1.3,2014-05-08,0335,Aqua,MODIS,64,6.2,282.9,22.2,D,0
-35.7824,150.0373,302.5,1.7,1.3,2014-05-08,0335,Aqua,MODIS,53,6.2,288.7,11.8,D,0
-34.364,145.72,319.5,3.1,1.7,2014-05-08,0335,Aqua,MODIS,79,6.2,294,80,D,0
-33.0187,148.0081,304.3,2.1,1.4,2014-05-08,0335,Aqua,MODIS,58,6.2,292.7,12.3,D,0
-36.0494,149.8186,315.9,1.8,1.3,2014-05-08,0335,Aqua,MODIS,76,6.2,282.6,38.1,D,0
-35.4318,146.7123,306.5,2.8,1.6,2014-05-08,0335,Aqua,MODIS,64,6.2,292.4,25.2,D,0
-34.1441,147.6038,305.4,2.3,1.5,2014-05-08,0335,Aqua,MODIS,61,6.2,294.1,15.8,D,0
-34.3868,147.669,305.8,2.3,1.5,2014-05-08,0335,Aqua,MODIS,62,6.2,293.7,15.7,D,0
-34.3946,147.6746,314,2.3,1.5,2014-05-08,0335,Aqua,MODIS,74,6.2,294,34.8,D,0
-35.3756,145.7663,320.2,3.2,1.7,2014-05-08,0335,Aqua,MODIS,80,6.2,292.7,85.9,D,0
-35.5908,146.3516,308.9,2.9,1.6,2014-05-08,0335,Aqua,MODIS,68,6.2,293.3,32.2,D,0
-34.9343,146.7503,311.9,2.7,1.6,2014-05-08,0335,Aqua,MODIS,72,6.2,294.9,37.4,D,0
-34.3604,146.836,304.2,2.6,1.6,2014-05-08,0335,Aqua,MODIS,58,6.2,293.1,16.8,D,0
-35.871,146.4012,312.6,2.9,1.6,2014-05-08,0335,Aqua,MODIS,73,6.2,292.5,49.7,D,0
-35.3724,145.7732,325.6,3.2,1.7,2014-05-08,0335,Aqua,MODIS,84,6.2,292.9,117.9,D,0
-34.7608,146.022,307,3,1.6,2014-05-08,0335,Aqua,MODIS,65,6.2,293,29.6,D,0
-35.8711,146.3934,320.9,2.9,1.6,2014-05-08,0335,Aqua,MODIS,80,6.2,292.8,77.2,D,0
-34.3757,145.7255,314.2,3.1,1.7,2014-05-08,0335,Aqua,MODIS,74,6.2,292.6,52.9,D,0
-35.8734,146.3606,314.5,2.9,1.6,2014-05-08,0335,Aqua,MODIS,59,6.2,291.9,50.5,D,0
-35.8485,146.754,320.4,2.8,1.6,2014-05-08,0335,Aqua,MODIS,80,6.2,292,76.5,D,0
-35.5898,146.3558,308.6,2.9,1.6,2014-05-08,0335,Aqua,MODIS,67,6.2,293.4,31.6,D,0
-35.2254,146.8935,309.2,2.7,1.6,2014-05-08,0335,Aqua,MODIS,58,6.2,292.9,27.6,D,0
-34.3736,145.7598,309.1,3.1,1.7,2014-05-08,0335,Aqua,MODIS,66,6.2,292.7,33.4,D,0
-36.0422,149.8342,312.5,1.8,1.3,2014-05-08,0335,Aqua,MODIS,63,6.2,282.9,28.8,D,0
-35.9584,146.1782,301.7,3,1.7,2014-05-08,0335,Aqua,MODIS,49,6.2,290.9,20.9,D,0
-36.2882,145.6539,323,3.3,1.7,2014-05-08,0335,Aqua,MODIS,82,6.2,292.7,109.5,D,0
-34.1422,147.6293,313.9,2.3,1.5,2014-05-08,0335,Aqua,MODIS,74,6.2,294.8,36,D,0
-34.611,147.6284,315.8,2.3,1.5,2014-05-08,0335,Aqua,MODIS,76,6.2,293.3,40.3,D,0
-34.1824,147.6341,304.4,2.3,1.5,2014-05-08,0335,Aqua,MODIS,59,6.2,294,14.7,D,0
-34.4003,147.6705,307.2,2.3,1.5,2014-05-08,0335,Aqua,MODIS,65,6.2,293.3,19.1,D,0
-34.9373,146.7576,309.7,2.7,1.6,2014-05-08,0335,Aqua,MODIS,69,6.2,294.8,30.5,D,0
-34.5733,147.412,308.7,2.4,1.5,2014-05-08,0335,Aqua,MODIS,68,6.2,294.7,25.3,D,0
-35.8466,146.7463,313.2,2.8,1.6,2014-05-08,0335,Aqua,MODIS,62,6.2,291.9,43.3,D,0
-35.8444,146.7774,316.1,2.8,1.6,2014-05-08,0335,Aqua,MODIS,75,6.2,291,54.2,D,0
-34.2986,145.7829,305.5,3.1,1.7,2014-05-08,0335,Aqua,MODIS,61,6.2,293.3,23.5,D,0
-35.4708,146.7785,305.2,2.7,1.6,2014-05-08,0335,Aqua,MODIS,61,6.2,291.7,22.1,D,0
-35.8465,146.7851,307.8,2.8,1.6,2014-05-08,0335,Aqua,MODIS,66,6.2,290.6,31.9,D,0
-34.1469,147.6228,314.4,2.3,1.5,2014-05-08,0335,Aqua,MODIS,75,6.2,294.4,37.3,D,0
-35.7806,150.0571,311.6,1.7,1.3,2014-05-08,0335,Aqua,MODIS,72,6.2,287.8,24.6,D,0
-35.5382,147.0936,302.3,2.6,1.6,2014-05-08,0335,Aqua,MODIS,51,6.2,291.7,16.9,D,0
-34.8121,147.3676,305.2,2.5,1.5,2014-05-08,0335,Aqua,MODIS,61,6.2,292.6,18.5,D,0
-35.2111,146.8922,319.6,2.7,1.6,2014-05-08,0335,Aqua,MODIS,79,6.2,293.6,64.6,D,0
-35.3734,145.8016,318.4,3.1,1.7,2014-05-08,0335,Aqua,MODIS,78,6.2,293.3,76,D,0
-33.7732,147.4536,309.1,2.4,1.5,2014-05-08,0335,Aqua,MODIS,68,6.2,295.8,21.6,D,0
-34.3617,145.7543,319,3.1,1.7,2014-05-08,0335,Aqua,MODIS,79,6.2,293.2,77.3,D,0
-35.3703,145.8084,310.4,3.1,1.7,2014-05-08,0335,Aqua,MODIS,70,6.2,292.9,43.5,D,0
-33.5982,146.7927,303.8,2.6,1.5,2014-05-08,0335,Aqua,MODIS,54,6.2,293.4,15.4,D,0
-34.2031,146.7863,304.2,2.6,1.6,2014-05-08,0335,Aqua,MODIS,58,6.2,293.9,15.9,D,0
-35.7885,146.5165,319.4,2.9,1.6,2014-05-08,0335,Aqua,MODIS,79,6.2,292.6,72.9,D,0
-33.7711,147.4793,327.5,2.3,1.5,2014-05-08,0335,Aqua,MODIS,85,6.2,296.4,80.2,D,0
-34.7629,145.9886,303.3,3,1.7,2014-05-08,0335,Aqua,MODIS,56,6.2,291.8,18.1,D,0
-34.5759,147.1921,316.6,2.5,1.5,2014-05-08,0335,Aqua,MODIS,77,6.2,293.7,51.2,D,0
-34.9393,146.7275,303.8,2.7,1.6,2014-05-08,0335,Aqua,MODIS,57,6.2,293.1,14.8,D,0
-36.2861,145.6911,311.5,3.3,1.7,2014-05-08,0335,Aqua,MODIS,71,6.2,292.6,51.3,D,0
-34.5816,147.7604,346.7,2.3,1.5,2014-05-08,0335,Aqua,MODIS,95,6.2,292.7,180.1,D,0
-34.5713,147.4389,333,2.4,1.5,2014-05-08,0335,Aqua,MODIS,88,6.2,295.3,112.9,D,0
-34.804,147.3717,302.8,2.5,1.5,2014-05-08,0335,Aqua,MODIS,54,6.2,292,13.3,D,0
-35.7906,146.4843,313.9,2.9,1.6,2014-05-08,0335,Aqua,MODIS,74,6.2,292.1,51.9,D,0
-34.6183,147.6341,315.1,2.3,1.5,2014-05-08,0335,Aqua,MODIS,75,6.2,293.3,40.3,D,0
-35.8731,146.3683,322.1,2.9,1.6,2014-05-08,0335,Aqua,MODIS,81,6.2,292.3,90.5,D,0
-33.0178,148.015,304.2,2.1,1.4,2014-05-08,0335,Aqua,MODIS,58,6.2,293.2,11.9,D,0
-36.1326,145.7078,301.7,3.2,1.7,2014-05-08,0335,Aqua,MODIS,47,6.2,291.1,19.6,D,0
-34.1144,148.3112,308.1,2.1,1.4,2014-05-08,0335,Aqua,MODIS,66,6.2,292.9,21.1,D,0
-33.6691,148.9984,305.7,1.9,1.3,2014-05-08,0335,Aqua,MODIS,62,6.2,290.2,16.1,D,0
-33.6709,148.9781,308.3,1.9,1.3,2014-05-08,0335,Aqua,MODIS,67,6.2,290.5,20.2,D,0
-34.618,148.4543,302.6,2.1,1.4,2014-05-08,0335,Aqua,MODIS,46,6.2,290.3,13.3,D,0
-34.6181,148.4475,300.5,2.1,1.4,2014-05-08,0335,Aqua,MODIS,37,6.2,290.4,10.7,D,0
-34.2323,147.7969,312.9,2.3,1.5,2014-05-08,0335,Aqua,MODIS,73,6.2,293.9,32.2,D,0
-34.2236,147.7912,314,2.3,1.5,2014-05-08,0335,Aqua,MODIS,74,6.2,293.9,33.2,D,0
-33.8693,147.8311,304.8,2.2,1.4,2014-05-08,0335,Aqua,MODIS,60,6.2,294.4,13.8,D,0
-33.5764,148.1162,304,2.1,1.4,2014-05-08,0335,Aqua,MODIS,58,6.2,292.2,13.8,D,0
-33.5783,148.093,318.7,2.1,1.4,2014-05-08,0335,Aqua,MODIS,79,6.2,293.3,46.9,D,0
-33.5774,148.1094,313.3,2.1,1.4,2014-05-08,0335,Aqua,MODIS,70,6.2,292.8,30.6,D,0
-33.5795,148.0862,311.6,2.1,1.4,2014-05-08,0335,Aqua,MODIS,61,6.2,293.2,26.6,D,0
-30.6584,149.7896,305.2,1.5,1.2,2014-05-08,0336,Aqua,MODIS,58,6.2,293.1,8.7,D,0
-30.6601,149.7735,310,1.5,1.2,2014-05-08,0336,Aqua,MODIS,68,6.2,293,14.3,D,0
-32.5382,148.7706,303.4,1.9,1.3,2014-05-08,0336,Aqua,MODIS,56,6.2,292.4,10.6,D,0
-29.4226,148.9235,325.4,1.7,1.3,2014-05-08,0336,Aqua,MODIS,81,6.2,299.1,38.4,D,0
-29.4192,148.9282,328.3,1.7,1.3,2014-05-08,0336,Aqua,MODIS,83,6.2,298.8,46.3,D,0
-30.6849,149.7677,305.7,1.5,1.2,2014-05-08,0336,Aqua,MODIS,58,6.2,293.3,9.2,D,0
-32.54,148.7506,303.2,1.9,1.3,2014-05-08,0336,Aqua,MODIS,55,6.2,292.8,10.5,D,0
-30.5442,148.2381,315.6,1.9,1.3,2014-05-08,0336,Aqua,MODIS,60,6.2,301.5,16.6,D,0
-31.6509,146.6305,307.7,2.5,1.5,2014-05-08,0336,Aqua,MODIS,60,6.2,295.5,21.2,D,0
-30.5565,148.2396,317.5,1.9,1.3,2014-05-08,0336,Aqua,MODIS,74,6.2,299.8,21,D,0
-31.5607,147.716,309.5,2.1,1.4,2014-05-08,0336,Aqua,MODIS,64,6.2,295.8,17.2,D,0
-31.6488,146.6573,310,2.5,1.5,2014-05-08,0336,Aqua,MODIS,65,6.2,295.8,26.2,D,0
-28.3404,150.0787,327.8,1.4,1.2,2014-05-08,0337,Aqua,MODIS,84,6.2,297.1,35.2,D,0
-27.932,148.8333,306.6,1.6,1.2,2014-05-08,0337,Aqua,MODIS,21,6.2,292,8.3,D,0
-28.5593,149.4514,316.5,1.5,1.2,2014-05-08,0337,Aqua,MODIS,73,6.2,295.2,17.5,D,0
-28.5702,149.4529,332.8,1.5,1.2,2014-05-08,0337,Aqua,MODIS,87,6.2,295.6,50.6,D,0
-28.5719,149.4375,328.9,1.5,1.2,2014-05-08,0337,Aqua,MODIS,84,6.2,296.7,40.7,D,0
-26.6554,149.6644,316.7,1.4,1.2,2014-05-08,0337,Aqua,MODIS,62,6.2,293.9,18.1,D,0
-23.5635,148.2095,327.9,1.6,1.2,2014-05-08,0338,Aqua,MODIS,80,6.2,304.8,34.1,D,0
-23.5506,148.2231,319.1,1.5,1.2,2014-05-08,0338,Aqua,MODIS,70,6.2,301.9,16.5,D,0
-23.5524,148.208,325.3,1.6,1.2,2014-05-08,0338,Aqua,MODIS,78,6.2,303.9,28.7,D,0
-25.1247,149.9119,311.4,1.3,1.1,2014-05-08,0338,Aqua,MODIS,28,6.2,291.3,10.8,D,0
-19.1437,146.4678,310.8,1.8,1.3,2014-05-08,0339,Aqua,MODIS,38,6.2,295.9,14.2,D,0
-37.8442,142.8255,307,3.1,1.7,2014-05-08,0512,Aqua,MODIS,61,6.2,287.6,39.9,D,0
-37.7795,142.9072,369.7,3.1,1.7,2014-05-08,0512,Aqua,MODIS,100,6.2,290.9,600.6,D,0
-37.523,140.3299,300.1,2.2,1.4,2014-05-08,0512,Aqua,MODIS,26,6.2,287.3,15.1,D,0
-36.8569,142.2976,328.7,3,1.7,2014-05-08,0512,Aqua,MODIS,86,6.2,284.9,139.9,D,0
-37.4513,142.7584,300.1,3.1,1.7,2014-05-08,0512,Aqua,MODIS,22,6.2,287.7,21.9,D,0
-37.2466,140.7993,311.9,2.4,1.5,2014-05-08,0512,Aqua,MODIS,72,6.2,288.2,40.8,D,0
-37.8829,143.4349,308.4,3.3,1.7,2014-05-08,0512,Aqua,MODIS,67,6.2,287.4,51.5,D,0
-37.7941,142.9131,330.1,3.1,1.7,2014-05-08,0512,Aqua,MODIS,87,6.2,288.6,154.1,D,0
-37.7837,142.8763,364.2,3.1,1.7,2014-05-08,0512,Aqua,MODIS,100,6.2,290.6,505.2,D,0
-37.0764,141.6888,320,2.8,1.6,2014-05-08,0512,Aqua,MODIS,60,6.2,288.1,74,D,0
-37.2406,140.8051,314.5,2.4,1.5,2014-05-08,0512,Aqua,MODIS,75,6.2,288.2,46,D,0
-36.8714,142.303,308.9,3,1.7,2014-05-08,0512,Aqua,MODIS,64,6.2,286.2,48.2,D,0
-37.0786,141.6976,317.1,2.8,1.6,2014-05-08,0512,Aqua,MODIS,67,6.2,288.4,67.9,D,0
-37.7496,143.1652,322.5,3.2,1.7,2014-05-08,0512,Aqua,MODIS,77,6.2,288.3,109,D,0
-37.5112,142.0632,300.7,2.8,1.6,2014-05-08,0512,Aqua,MODIS,18,6.2,287.6,19.2,D,0
-37.744,143.1676,328.2,3.2,1.7,2014-05-08,0512,Aqua,MODIS,81,6.2,288.7,145.1,D,0
-37.7816,141.7813,301.6,2.7,1.6,2014-05-08,0512,Aqua,MODIS,48,6.2,288.1,23.3,D,0
-37.4849,142.8851,309,3.2,1.7,2014-05-08,0512,Aqua,MODIS,68,6.2,287.9,49.5,D,0
-37.7858,142.9476,307.9,3.1,1.7,2014-05-08,0512,Aqua,MODIS,66,6.2,287.4,44.7,D,0
-37.7753,142.9103,360.8,3.1,1.7,2014-05-08,0512,Aqua,MODIS,100,6.2,289.7,458.6,D,0
-37.5527,141.5484,303.6,2.6,1.6,2014-05-08,0512,Aqua,MODIS,56,6.2,288.4,24.8,D,0
-37.4686,141.574,301.8,2.6,1.6,2014-05-08,0512,Aqua,MODIS,49,6.2,286.3,25.3,D,0
-38.1242,141.3043,310,2.4,1.5,2014-05-08,0512,Aqua,MODIS,69,6.2,287.5,41.2,D,0
-37.0857,141.6673,301.3,2.7,1.6,2014-05-08,0512,Aqua,MODIS,46,6.2,285.1,19.8,D,0
-37.7984,142.882,309.6,3.1,1.7,2014-05-08,0512,Aqua,MODIS,62,6.2,287.5,45.8,D,0
-37.7877,142.8731,355.1,3.1,1.7,2014-05-08,0512,Aqua,MODIS,92,6.2,290.6,381.8,D,0
-37.79,142.9162,336.7,3.1,1.7,2014-05-08,0512,Aqua,MODIS,90,6.2,289.1,201,D,0
-36.2017,140.4805,300.8,2.4,1.5,2014-05-08,0513,Aqua,MODIS,41,6.2,290.5,11.2,D,0
-36.8267,141.2911,305.4,2.6,1.6,2014-05-08,0513,Aqua,MODIS,61,6.2,288.6,26.5,D,0
-36.8201,141.3201,301.1,2.7,1.6,2014-05-08,0513,Aqua,MODIS,44,6.2,288.9,16.8,D,0
-36.2662,141.0847,314.6,2.7,1.6,2014-05-08,0513,Aqua,MODIS,75,6.2,291.4,50.7,D,0
-36.3936,140.914,304,2.6,1.5,2014-05-08,0513,Aqua,MODIS,58,6.2,290.7,18.9,D,0
-36.3896,140.8872,304.1,2.6,1.5,2014-05-08,0513,Aqua,MODIS,58,6.2,290.5,18.6,D,0
-36.2763,141.0806,304.2,2.7,1.6,2014-05-08,0513,Aqua,MODIS,52,6.2,291,18.2,D,0
-36.4301,141.124,303.5,2.6,1.6,2014-05-08,0513,Aqua,MODIS,56,6.2,290,18.7,D,0
-36.2626,141.0756,310.8,2.7,1.6,2014-05-08,0513,Aqua,MODIS,70,6.2,291,37.9,D,0
-36.4198,141.1442,300.9,2.7,1.6,2014-05-08,0513,Aqua,MODIS,43,6.2,290.1,12.8,D,0
-36.4263,141.1152,301.4,2.6,1.6,2014-05-08,0513,Aqua,MODIS,47,6.2,290.3,14.1,D,0
-36.3436,140.7466,354.9,2.5,1.5,2014-05-08,0513,Aqua,MODIS,98,6.2,293.1,278.3,D,0
-36.2371,140.5796,303.3,2.5,1.5,2014-05-08,0513,Aqua,MODIS,56,6.2,291,16.5,D,0
-36.3319,140.7645,321.8,2.5,1.5,2014-05-08,0513,Aqua,MODIS,81,6.2,290.3,70.5,D,0
-36.338,140.737,346.4,2.5,1.5,2014-05-08,0513,Aqua,MODIS,94,6.2,292.9,207.4,D,0
-36.9769,140.7198,316.1,2.4,1.5,2014-05-08,0513,Aqua,MODIS,76,6.2,288.5,50.1,D,0
-36.3442,141.1488,302.9,2.7,1.6,2014-05-08,0513,Aqua,MODIS,54,6.2,290.9,17.3,D,0
-36.3423,141.1433,302.7,2.7,1.6,2014-05-08,0513,Aqua,MODIS,53,6.2,290.9,16.8,D,0
-36.8319,140.9784,300.3,2.5,1.5,2014-05-08,0513,Aqua,MODIS,34,6.2,288.9,13.6,D,0
-36.8301,140.9556,308.9,2.5,1.5,2014-05-08,0513,Aqua,MODIS,68,6.2,289.4,32,D,0
-36.4585,141.2603,307,2.7,1.6,2014-05-08,0513,Aqua,MODIS,45,6.2,289.3,26.5,D,0
-36.3942,141.3904,344.7,2.8,1.6,2014-05-08,0513,Aqua,MODIS,94,6.2,292.2,225.3,D,0
-36.6663,142.5091,304.4,3.2,1.7,2014-05-08,0513,Aqua,MODIS,59,6.2,286.7,33,D,0
-36.6631,142.5164,300.8,3.2,1.7,2014-05-08,0513,Aqua,MODIS,27,6.2,287.2,20.7,D,0
-36.6779,142.5219,304.2,3.2,1.7,2014-05-08,0513,Aqua,MODIS,57,6.2,289.6,31.4,D,0
-36.4523,141.6223,300.4,2.8,1.6,2014-05-08,0513,Aqua,MODIS,35,6.2,289.4,16.1,D,0
-36.196,140.2728,306.8,2.4,1.5,2014-05-08,0513,Aqua,MODIS,64,6.2,289.2,24.9,D,0
-36.2085,140.4752,304,2.4,1.5,2014-05-08,0513,Aqua,MODIS,58,6.2,290.6,18,D,0
-36.1941,142.7724,312.9,3.4,1.7,2014-05-08,0513,Aqua,MODIS,73,6.2,291.6,63.5,D,0
-36.3998,140.886,304.5,2.6,1.5,2014-05-08,0513,Aqua,MODIS,59,6.2,290.4,20.1,D,0
-36.8553,141.4281,305.6,2.7,1.6,2014-05-08,0513,Aqua,MODIS,58,6.2,289.6,26.8,D,0
-36.3964,141.3987,342.2,2.8,1.6,2014-05-08,0513,Aqua,MODIS,93,6.2,291.1,205.8,D,0
-36.4446,141.2553,310.1,2.7,1.6,2014-05-08,0513,Aqua,MODIS,69,6.2,289.3,35.9,D,0
-34.8573,141.8281,300.4,3.2,1.7,2014-05-08,0513,Aqua,MODIS,35,6.2,290.2,19.3,D,0
-36.4034,141.3686,343.6,2.7,1.6,2014-05-08,0513,Aqua,MODIS,93,6.2,291.5,214.7,D,0
-36.8709,141.5027,301.3,2.7,1.6,2014-05-08,0513,Aqua,MODIS,32,6.2,289.4,16.3,D,0
-34.852,141.8312,301.5,3.2,1.7,2014-05-08,0513,Aqua,MODIS,43,6.2,290.4,21.3,D,0
-36.8717,141.8431,306.7,2.8,1.6,2014-05-08,0513,Aqua,MODIS,56,6.2,289,34.6,D,0
-36.879,141.8117,304.2,2.8,1.6,2014-05-08,0513,Aqua,MODIS,55,6.2,288.8,28.5,D,0
-36.8381,140.9505,305.1,2.5,1.5,2014-05-08,0513,Aqua,MODIS,60,6.2,289.5,23.8,D,0
-36.6509,141.5033,300.2,2.8,1.6,2014-05-08,0513,Aqua,MODIS,29,6.2,289.3,16.4,D,0
-36.5598,140.4511,306.6,2.4,1.5,2014-05-08,0513,Aqua,MODIS,64,6.2,288.7,24.4,D,0
-37.0305,140.2004,303.5,2.2,1.5,2014-05-08,0513,Aqua,MODIS,42,6.2,286.7,18,D,0
-36.1523,140.3089,300.2,2.4,1.5,2014-05-08,0513,Aqua,MODIS,30,6.2,288.7,11.2,D,0
-36.401,141.3602,321.6,2.7,1.6,2014-05-08,0513,Aqua,MODIS,81,6.2,291.1,82.1,D,0
-36.2973,140.4043,301.3,2.4,1.5,2014-05-08,0513,Aqua,MODIS,46,6.2,290.3,12.4,D,0
-37.0346,140.2363,303.2,2.3,1.5,2014-05-08,0513,Aqua,MODIS,55,6.2,285.5,18.5,D,0
-36.5655,140.425,309,2.4,1.5,2014-05-08,0513,Aqua,MODIS,68,6.2,287.6,30.2,D,0
-36.1581,140.3159,302,2.4,1.5,2014-05-08,0513,Aqua,MODIS,43,6.2,288.9,13.9,D,0
-36.5392,140.4158,304.3,2.4,1.5,2014-05-08,0513,Aqua,MODIS,36,6.2,287.8,17.9,D,0
-37.0327,140.1822,300.6,2.2,1.4,2014-05-08,0513,Aqua,MODIS,31,6.2,288,13.7,D,0
-34.6951,118.2294,310.5,4.7,2,2014-05-08,0514,Aqua,MODIS,33,6.2,286.2,87,D,0
-34.6949,118.1842,317.7,4.7,2,2014-05-08,0514,Aqua,MODIS,68,6.2,286.9,154,D,0
-34.6974,118.1766,313.6,4.7,2,2014-05-08,0514,Aqua,MODIS,58,6.2,286.7,109.8,D,0
-33.4502,138.7737,311.6,2.2,1.5,2014-05-08,0514,Aqua,MODIS,72,6.2,275.7,45.7,D,0
-21.0303,132.3901,321.2,1.5,1.2,2014-05-08,0517,Aqua,MODIS,59,6.2,309.1,12.3,D,0
-21.0598,132.3503,362.9,1.5,1.2,2014-05-08,0517,Aqua,MODIS,100,6.2,309.7,151.9,D,0
-21.0648,132.3211,363.4,1.5,1.2,2014-05-08,0517,Aqua,MODIS,100,6.2,311.2,154.3,D,0
-21.0623,132.3357,434.4,1.5,1.2,2014-05-08,0517,Aqua,MODIS,100,6.2,326.5,963.2,D,0
-21.0488,132.3482,341.6,1.5,1.2,2014-05-08,0517,Aqua,MODIS,89,6.2,308.1,63.6,D,0
-21.0513,132.3336,320.4,1.5,1.2,2014-05-08,0517,Aqua,MODIS,48,6.2,306,10.2,D,0
-21.0757,132.3233,383.8,1.5,1.2,2014-05-08,0517,Aqua,MODIS,100,6.2,312.2,291.1,D,0
-21.0329,132.3754,349.5,1.5,1.2,2014-05-08,0517,Aqua,MODIS,94,6.2,310,91.9,D,0
-21.0732,132.3379,360.3,1.5,1.2,2014-05-08,0517,Aqua,MODIS,100,6.2,309.7,137.2,D,0
-22.5855,124.8392,358.7,1.2,1.1,2014-05-08,0517,Aqua,MODIS,99,6.2,287.4,106.6,D,0
-22.5049,124.7467,378.4,1.3,1.1,2014-05-08,0517,Aqua,MODIS,100,6.2,303.9,191,D,0
-22.5773,124.7386,399.3,1.3,1.1,2014-05-08,0517,Aqua,MODIS,100,6.2,314.7,330.1,D,0
-22.5209,124.6991,332,1.3,1.1,2014-05-08,0517,Aqua,MODIS,28,6.2,308.3,16.8,D,0
-22.5768,124.7444,428.5,1.3,1.1,2014-05-08,0517,Aqua,MODIS,100,6.2,325.9,642.9,D,0
-22.5668,124.743,427.4,1.3,1.1,2014-05-08,0517,Aqua,MODIS,100,6.2,318.1,627.4,D,0
-22.5194,124.7114,347.7,1.3,1.1,2014-05-08,0517,Aqua,MODIS,93,6.2,301.5,55.5,D,0
-22.5179,124.7237,335.6,1.3,1.1,2014-05-08,0517,Aqua,MODIS,56,6.2,302.2,28.8,D,0
-22.5164,124.7359,430.8,1.3,1.1,2014-05-08,0517,Aqua,MODIS,100,6.2,319.2,672.9,D,0
-22.5149,124.7481,436.8,1.3,1.1,2014-05-08,0517,Aqua,MODIS,100,6.2,310.7,763.4,D,0
-22.5295,124.7128,353.1,1.3,1.1,2014-05-08,0517,Aqua,MODIS,96,6.2,303.5,71.8,D,0
-22.5265,124.7374,358,1.3,1.1,2014-05-08,0517,Aqua,MODIS,99,6.2,305.3,95.1,D,0
-22.4827,124.6881,336.7,1.3,1.1,2014-05-08,0517,Aqua,MODIS,75,6.2,307.4,26.3,D,0
-22.5396,124.7143,364.4,1.3,1.1,2014-05-08,0517,Aqua,MODIS,100,6.2,310.4,114.3,D,0
-22.5381,124.7266,407.9,1.3,1.1,2014-05-08,0517,Aqua,MODIS,100,6.2,312.8,405.5,D,0
-22.5758,124.7509,455.8,1.3,1.1,2014-05-08,0517,Aqua,MODIS,100,6.2,322.1,1091.1,D,0
-22.4092,124.7024,381.3,1.3,1.1,2014-05-08,0517,Aqua,MODIS,100,6.2,312.8,198.2,D,0
-22.5567,124.7416,363.6,1.3,1.1,2014-05-08,0517,Aqua,MODIS,100,6.2,306.1,115.8,D,0
-22.5366,124.7388,367.2,1.3,1.1,2014-05-08,0517,Aqua,MODIS,100,6.2,307.6,132.5,D,0
-22.5451,124.7524,411.9,1.3,1.1,2014-05-08,0517,Aqua,MODIS,100,6.2,307.8,451.1,D,0
-22.4727,124.6866,334.6,1.3,1.1,2014-05-08,0517,Aqua,MODIS,60,6.2,308.7,21.7,D,0
-22.4742,124.6743,342.2,1.3,1.1,2014-05-08,0517,Aqua,MODIS,90,6.2,310.8,40.9,D,0
-22.4595,124.7097,343.6,1.3,1.1,2014-05-08,0517,Aqua,MODIS,91,6.2,310,46.2,D,0
-22.5497,124.7157,336.4,1.3,1.1,2014-05-08,0517,Aqua,MODIS,83,6.2,306.9,28.1,D,0
-22.4178,124.7161,353.9,1.3,1.1,2014-05-08,0517,Aqua,MODIS,97,6.2,308.8,77.8,D,0
-22.5482,124.728,387.7,1.3,1.1,2014-05-08,0517,Aqua,MODIS,100,6.2,310,242.5,D,0
-22.5466,124.7402,348.5,1.3,1.1,2014-05-08,0517,Aqua,MODIS,89,6.2,305,65,D,0
-22.5683,124.7308,350.1,1.3,1.1,2014-05-08,0517,Aqua,MODIS,95,6.2,309.1,65.1,D,0
-22.4125,124.9245,340,1.2,1.1,2014-05-08,0517,Aqua,MODIS,76,6.2,304.6,39.9,D,0
-22.5598,124.7171,335.6,1.3,1.1,2014-05-08,0517,Aqua,MODIS,78,6.2,306.1,28.1,D,0
-22.4759,124.8169,332.3,1.2,1.1,2014-05-08,0517,Aqua,MODIS,72,6.2,295.1,28.6,D,0
-22.5582,124.7293,353.9,1.3,1.1,2014-05-08,0517,Aqua,MODIS,97,6.2,307.4,74.6,D,0
-22.5941,124.8528,319.2,1.2,1.1,2014-05-08,0517,Aqua,MODIS,64,6.2,285.7,15.7,D,0
-22.5955,124.8407,334.5,1.2,1.1,2014-05-08,0517,Aqua,MODIS,84,6.2,287.6,40.4,D,0
-22.525,124.7496,326.2,1.3,1.1,2014-05-08,0517,Aqua,MODIS,44,6.2,288.9,20,D,0
-22.5351,124.751,383.2,1.3,1.1,2014-05-08,0517,Aqua,MODIS,100,6.2,298.8,219.6,D,0
-22.4495,124.7083,331.5,1.3,1.1,2014-05-08,0517,Aqua,MODIS,70,6.2,307.7,21,D,0
-22.4077,124.7147,392.2,1.3,1.1,2014-05-08,0517,Aqua,MODIS,100,6.2,314.6,270.3,D,0
-22.5753,124.7567,393.5,1.3,1.1,2014-05-08,0517,Aqua,MODIS,100,6.2,306,286.6,D,0
-22.5652,124.7552,349.2,1.3,1.1,2014-05-08,0517,Aqua,MODIS,94,6.2,302.4,68.4,D,0
-22.4781,124.7248,358.3,1.3,1.1,2014-05-08,0517,Aqua,MODIS,99,6.2,309.7,91,D,0
-22.4877,124.7193,337.2,1.3,1.1,2014-05-08,0517,Aqua,MODIS,57,6.2,309.6,28.8,D,0
-22.4963,124.733,345.2,1.3,1.1,2014-05-08,0517,Aqua,MODIS,90,6.2,302.9,51.9,D,0
-22.5109,124.6976,334,1.3,1.1,2014-05-08,0517,Aqua,MODIS,65,6.2,309.3,21.2,D,0
-22.5064,124.7345,400.2,1.3,1.1,2014-05-08,0517,Aqua,MODIS,100,6.2,315.3,336.7,D,0
-22.4681,124.7234,330.3,1.3,1.1,2014-05-08,0517,Aqua,MODIS,20,6.2,307.7,17.3,D,0
-22.4882,124.7263,334.4,1.3,1.1,2014-05-08,0517,Aqua,MODIS,54,6.2,306.3,24.6,D,0
-16.7724,130.3357,326.8,1.3,1.1,2014-05-08,0518,Aqua,MODIS,70,6.2,307.5,20,D,0
-17.0163,130.4111,330.5,1.3,1.1,2014-05-08,0518,Aqua,MODIS,78,6.2,309.5,23.6,D,0
-18.7965,128.6434,329.5,1.1,1,2014-05-08,0518,Aqua,MODIS,74,6.2,312.7,15.3,D,0
-18.065,123.2948,354,1.4,1.2,2014-05-08,0518,Aqua,MODIS,96,6.2,309.8,92,D,0
-16.8265,130.2504,325.4,1.3,1.1,2014-05-08,0518,Aqua,MODIS,62,6.2,311.1,13.6,D,0
-16.8245,130.2628,324.7,1.3,1.1,2014-05-08,0518,Aqua,MODIS,47,6.2,311.9,12.8,D,0
-16.8569,130.1927,324.4,1.3,1.1,2014-05-08,0518,Aqua,MODIS,41,6.2,309,12.5,D,0
-18.0666,123.2821,333.6,1.4,1.2,2014-05-08,0518,Aqua,MODIS,81,6.2,308.1,33,D,0
-17.0142,130.4238,352.7,1.3,1.1,2014-05-08,0518,Aqua,MODIS,96,6.2,312.1,84.7,D,0
-16.8549,130.205,329.5,1.3,1.1,2014-05-08,0518,Aqua,MODIS,76,6.2,309.7,21.7,D,0
-16.8047,130.265,326.8,1.3,1.1,2014-05-08,0518,Aqua,MODIS,60,6.2,309,17.5,D,0
-16.8529,130.2173,326.3,1.3,1.1,2014-05-08,0518,Aqua,MODIS,61,6.2,309.9,15,D,0
-16.7826,130.3376,325.2,1.3,1.1,2014-05-08,0518,Aqua,MODIS,51,6.2,308.4,16.3,D,0
-16.9478,130.4566,356.6,1.4,1.2,2014-05-08,0518,Aqua,MODIS,98,6.2,311.9,101.2,D,0
-17.0122,130.4363,327.1,1.3,1.1,2014-05-08,0518,Aqua,MODIS,73,6.2,311.4,18.1,D,0
-16.7744,130.3233,325.7,1.3,1.1,2014-05-08,0518,Aqua,MODIS,66,6.2,306.8,17.6,D,0
-17.006,130.4094,343.6,1.3,1.1,2014-05-08,0518,Aqua,MODIS,90,6.2,309.7,54.8,D,0
-16.7564,130.6346,322.6,1.4,1.2,2014-05-08,0518,Aqua,MODIS,45,6.2,308.6,14.3,D,0
-17.0039,130.4219,363.5,1.3,1.1,2014-05-08,0518,Aqua,MODIS,100,6.2,311.8,127,D,0
-16.9498,130.4442,371.8,1.4,1.2,2014-05-08,0518,Aqua,MODIS,100,6.2,313.7,171.2,D,0
-16.9306,130.0569,345.1,1.3,1.1,2014-05-08,0518,Aqua,MODIS,91,6.2,307.3,58.1,D,0
-16.7292,130.4058,325.3,1.4,1.2,2014-05-08,0518,Aqua,MODIS,28,6.2,306.6,17.1,D,0
-16.7271,130.4185,327.5,1.4,1.2,2014-05-08,0518,Aqua,MODIS,73,6.2,308,22.4,D,0
-16.7251,130.4311,324.5,1.4,1.2,2014-05-08,0518,Aqua,MODIS,67,6.2,306.8,17,D,0
-16.7416,130.395,354.9,1.4,1.2,2014-05-08,0518,Aqua,MODIS,97,6.2,308.8,94.4,D,0
-16.9641,130.0312,335.5,1.3,1.1,2014-05-08,0518,Aqua,MODIS,83,6.2,309.7,33,D,0
-16.9445,130.0348,351.3,1.3,1.1,2014-05-08,0518,Aqua,MODIS,95,6.2,310.3,75.1,D,0
-16.9426,130.0467,366.9,1.3,1.1,2014-05-08,0518,Aqua,MODIS,100,6.2,310.1,134.3,D,0
-16.9564,130.0245,319.8,1.3,1.1,2014-05-08,0518,Aqua,MODIS,26,6.2,307.5,7.5,D,0
-16.7271,130.4839,319.1,1.4,1.2,2014-05-08,0518,Aqua,MODIS,45,6.2,306.4,9.7,D,0
-17.6448,126.4452,335.6,1,1,2014-05-08,0518,Aqua,MODIS,77,6.2,310.7,22.3,D,0
-17.088,127.3785,335.1,1,1,2014-05-08,0518,Aqua,MODIS,81,6.2,312.3,20.4,D,0
-18.6924,128.9075,322.8,1.1,1,2014-05-08,0518,Aqua,MODIS,53,6.2,310,7.4,D,0
-17.1165,127.3734,328.7,1,1,2014-05-08,0518,Aqua,MODIS,30,6.2,310.6,12.3,D,0
-16.8664,130.0701,327.3,1.3,1.1,2014-05-08,0518,Aqua,MODIS,72,6.2,308.4,18.5,D,0
-16.7934,130.0747,324,1.3,1.1,2014-05-08,0518,Aqua,MODIS,65,6.2,307.1,14.6,D,0
-16.8035,130.0764,321,1.3,1.1,2014-05-08,0518,Aqua,MODIS,46,6.2,307.8,9.8,D,0
-16.6246,130.552,332.4,1.4,1.2,2014-05-08,0518,Aqua,MODIS,67,6.2,309.8,29.6,D,0
-16.6141,130.5501,333.2,1.4,1.2,2014-05-08,0518,Aqua,MODIS,22,6.2,310.8,29.3,D,0
-17.1421,130.1982,324.3,1.3,1.1,2014-05-08,0518,Aqua,MODIS,67,6.2,308.5,13.5,D,0
-17.1522,130.2,326,1.3,1.1,2014-05-08,0518,Aqua,MODIS,71,6.2,308.7,16.8,D,0
-16.6163,130.5371,337.5,1.4,1.2,2014-05-08,0518,Aqua,MODIS,65,6.2,309.7,40.5,D,0
-16.5932,130.5464,328.1,1.4,1.2,2014-05-08,0518,Aqua,MODIS,53,6.2,310.6,20,D,0
-17.2279,127.1084,322.5,1,1,2014-05-08,0518,Aqua,MODIS,45,6.2,311.3,6.3,D,0
-17.1503,130.2122,330.5,1.3,1.1,2014-05-08,0518,Aqua,MODIS,78,6.2,309.3,24.5,D,0
-17.0514,130.0658,330.1,1.3,1.1,2014-05-08,0518,Aqua,MODIS,77,6.2,308.2,23.4,D,0
-17.0413,130.0641,353.8,1.3,1.1,2014-05-08,0518,Aqua,MODIS,96,6.2,310,83.2,D,0
-17.0407,130.0692,342.3,1.3,1.1,2014-05-08,0518,Aqua,MODIS,89,6.2,308.6,50.2,D,0
-17.0426,130.0573,329.2,1.3,1.1,2014-05-08,0518,Aqua,MODIS,75,6.2,308.8,21.5,D,0
-17.0306,130.0674,328.1,1.3,1.1,2014-05-08,0518,Aqua,MODIS,73,6.2,307.9,20.2,D,0
-17.0325,130.0555,324.4,1.3,1.1,2014-05-08,0518,Aqua,MODIS,66,6.2,307.8,13.4,D,0
-17.0124,130.052,336.9,1.3,1.1,2014-05-08,0518,Aqua,MODIS,84,6.2,310.8,36.2,D,0
-17.0023,130.0503,323.6,1.3,1.1,2014-05-08,0518,Aqua,MODIS,44,6.2,310,12,D,0
-18.6998,128.905,355.2,1.1,1,2014-05-08,0518,Aqua,MODIS,97,6.2,311,66.4,D,0
-16.9545,130.0365,389,1.3,1.1,2014-05-08,0518,Aqua,MODIS,100,6.2,317,259.8,D,0
-16.754,130.384,330,1.3,1.2,2014-05-08,0518,Aqua,MODIS,77,6.2,307.9,27.2,D,0
-16.9325,130.0449,385.3,1.3,1.1,2014-05-08,0518,Aqua,MODIS,100,6.2,312.3,234.8,D,0
-16.9225,130.0431,319.6,1.3,1.1,2014-05-08,0518,Aqua,MODIS,41,6.2,308.2,8.1,D,0
-16.9527,130.0484,351.3,1.3,1.1,2014-05-08,0518,Aqua,MODIS,95,6.2,309.4,75.5,D,0
-18.2766,128.969,325.3,1.1,1,2014-05-08,0518,Aqua,MODIS,68,6.2,311.7,12,D,0
-16.954,130.0296,365.1,1.3,1.1,2014-05-08,0518,Aqua,MODIS,100,6.2,310,125,D,0
-18.275,128.9792,325.1,1.1,1,2014-05-08,0518,Aqua,MODIS,67,6.2,309.4,11.9,D,0
-17.4959,126.4538,344.6,1,1,2014-05-08,0518,Aqua,MODIS,90,6.2,312.2,36,D,0
-17.4946,126.4632,356.3,1,1,2014-05-08,0518,Aqua,MODIS,98,6.2,313.8,61.1,D,0
-17.1847,126.8375,326.3,1,1,2014-05-08,0518,Aqua,MODIS,41,6.2,311.4,9.2,D,0
-16.6608,130.0765,320.8,1.3,1.1,2014-05-08,0518,Aqua,MODIS,52,6.2,306.7,11.3,D,0
-16.976,130.0211,326.9,1.3,1.1,2014-05-08,0518,Aqua,MODIS,67,6.2,309,17.8,D,0
-17.2117,126.8418,334.3,1,1,2014-05-08,0518,Aqua,MODIS,71,6.2,315.9,19.2,D,0
-18.2672,128.9674,333.7,1.1,1,2014-05-08,0518,Aqua,MODIS,81,6.2,311.1,23.3,D,0
-17.4933,126.4726,335.5,1,1,2014-05-08,0518,Aqua,MODIS,79,6.2,311.6,19.6,D,0
-17.501,126.4835,327.2,1,1,2014-05-08,0518,Aqua,MODIS,33,6.2,313.2,8.8,D,0
-17.4996,126.4928,327,1,1,2014-05-08,0518,Aqua,MODIS,42,6.2,311.1,8.9,D,0
-16.7291,130.6034,320.5,1.4,1.2,2014-05-08,0518,Aqua,MODIS,50,6.2,306.8,11.8,D,0
-16.9521,130.0415,406.6,1.3,1.1,2014-05-08,0518,Aqua,MODIS,100,6.2,317.9,403.7,D,0
-16.7186,130.6014,320.4,1.4,1.2,2014-05-08,0518,Aqua,MODIS,52,6.2,307.6,11.6,D,0
-16.7082,130.5995,334.9,1.4,1.2,2014-05-08,0518,Aqua,MODIS,83,6.2,309.2,37.9,D,0
-16.6832,130.5552,336.7,1.4,1.2,2014-05-08,0518,Aqua,MODIS,63,6.2,308.2,37.5,D,0
-17.6435,126.4546,329.2,1,1,2014-05-08,0518,Aqua,MODIS,19,6.2,310.7,12.1,D,0
-16.6788,130.5488,332.7,1.4,1.2,2014-05-08,0518,Aqua,MODIS,69,6.2,307.3,29.5,D,0
-17.0913,130.2716,331.2,1.3,1.1,2014-05-08,0518,Aqua,MODIS,78,6.2,312.5,24.1,D,0
-17.0811,130.2697,323.4,1.3,1.1,2014-05-08,0518,Aqua,MODIS,22,6.2,311,10,D,0
-16.6589,130.0886,321.6,1.3,1.1,2014-05-08,0518,Aqua,MODIS,56,6.2,306.9,12.2,D,0
-16.9923,130.0486,329.7,1.3,1.1,2014-05-08,0518,Aqua,MODIS,57,6.2,308.9,20.7,D,0
-16.9002,130.5531,371.4,1.4,1.2,2014-05-08,0518,Aqua,MODIS,100,6.2,310.8,170.2,D,0
-16.9023,130.5402,350.3,1.4,1.2,2014-05-08,0518,Aqua,MODIS,94,6.2,308.8,80.1,D,0
-16.9841,130.0349,343.2,1.3,1.1,2014-05-08,0518,Aqua,MODIS,89,6.2,310.9,50.9,D,0
-16.9741,130.0331,359.3,1.3,1.1,2014-05-08,0518,Aqua,MODIS,99,6.2,311.5,102.6,D,0
-16.8981,130.5659,346.4,1.4,1.2,2014-05-08,0518,Aqua,MODIS,92,6.2,309.8,65.6,D,0
-16.9147,130.5293,325.4,1.4,1.2,2014-05-08,0518,Aqua,MODIS,70,6.2,307.4,18,D,0
-16.9127,130.5421,328,1.4,1.2,2014-05-08,0518,Aqua,MODIS,74,6.2,309.2,22.8,D,0
-16.7827,130.6463,349.6,1.4,1.2,2014-05-08,0518,Aqua,MODIS,94,6.2,307.4,80.5,D,0
-16.7932,130.6484,338.4,1.4,1.2,2014-05-08,0518,Aqua,MODIS,86,6.2,304.8,48.1,D,0
-18.6909,128.9176,330.7,1.1,1,2014-05-08,0518,Aqua,MODIS,76,6.2,311.1,18.2,D,0
-18.6982,128.9151,355.4,1.1,1,2014-05-08,0518,Aqua,MODIS,97,6.2,313.5,66.7,D,0
-16.9106,130.5549,349,1.4,1.2,2014-05-08,0518,Aqua,MODIS,94,6.2,310.5,73.9,D,0
-16.9085,130.5678,340.7,1.4,1.2,2014-05-08,0518,Aqua,MODIS,88,6.2,310,48.8,D,0
-17.0245,130.4256,333.7,1.3,1.1,2014-05-08,0518,Aqua,MODIS,81,6.2,309.7,30.5,D,0
-17.0224,130.4382,337.3,1.3,1.1,2014-05-08,0518,Aqua,MODIS,85,6.2,310.8,38.6,D,0
-18.6966,128.9253,333.8,1.1,1,2014-05-08,0518,Aqua,MODIS,80,6.2,312,21.3,D,0
-18.9672,126.3172,357.3,1,1,2014-05-08,0518,Aqua,MODIS,98,6.2,314,63.1,D,0
-18.9685,126.3076,331.3,1,1,2014-05-08,0518,Aqua,MODIS,65,6.2,312.8,12.9,D,0
-18.9581,126.3158,330.8,1,1,2014-05-08,0518,Aqua,MODIS,63,6.2,313.4,12.4,D,0
-18.9282,126.3309,328.6,1,1,2014-05-08,0518,Aqua,MODIS,67,6.2,315.2,8.5,D,0
-20.6672,119.3223,337.7,2.8,1.6,2014-05-08,0518,Aqua,MODIS,86,6.2,298,132.9,D,0
-18.9269,126.3405,326.9,1,1,2014-05-08,0518,Aqua,MODIS,52,6.2,313.6,5.9,D,0
-17.3792,133.0038,321,2,1.4,2014-05-08,0518,Aqua,MODIS,67,6.2,307.6,24.8,D,0
-16.5131,131.6989,325.2,1.7,1.3,2014-05-08,0518,Aqua,MODIS,50,6.2,311.7,17.4,D,0
-16.5157,131.6835,325.6,1.7,1.3,2014-05-08,0518,Aqua,MODIS,58,6.2,313.7,19.6,D,0
-17.262,132.9112,336.4,2,1.4,2014-05-08,0518,Aqua,MODIS,78,6.2,311,66.6,D,0
-17.2498,132.9088,339.1,2,1.4,2014-05-08,0518,Aqua,MODIS,67,6.2,307.1,75.9,D,0
-17.253,132.8905,361.3,2,1.4,2014-05-08,0518,Aqua,MODIS,100,6.2,309.4,207.5,D,0
-16.84,130.8527,380.8,1.4,1.2,2014-05-08,0518,Aqua,MODIS,100,6.2,316.3,242.8,D,0
-16.8422,130.8392,446.1,1.4,1.2,2014-05-08,0518,Aqua,MODIS,100,6.2,330.1,1104,D,0
-16.8444,130.8258,340.3,1.4,1.2,2014-05-08,0518,Aqua,MODIS,88,6.2,307.9,54.9,D,0
-16.7994,130.6762,344.2,1.4,1.2,2014-05-08,0518,Aqua,MODIS,91,6.2,306.8,63.7,D,0
-16.789,130.6742,333,1.4,1.2,2014-05-08,0518,Aqua,MODIS,49,6.2,308,31.2,D,0
-16.7911,130.6613,347.1,1.4,1.2,2014-05-08,0518,Aqua,MODIS,92,6.2,307.9,72.5,D,0
-16.7806,130.6594,354.1,1.4,1.2,2014-05-08,0518,Aqua,MODIS,96,6.2,309.3,96.7,D,0
-16.7701,130.6576,326.9,1.4,1.2,2014-05-08,0518,Aqua,MODIS,43,6.2,306.9,21.1,D,0
-16.8697,130.8717,340.1,1.4,1.2,2014-05-08,0518,Aqua,MODIS,88,6.2,312.2,50.6,D,0
-16.8568,130.8835,326.1,1.4,1.2,2014-05-08,0518,Aqua,MODIS,50,6.2,312,16.8,D,0
-16.859,130.8699,347.8,1.4,1.2,2014-05-08,0518,Aqua,MODIS,93,6.2,315.3,74.2,D,0
-16.8613,130.8563,339.2,1.4,1.2,2014-05-08,0518,Aqua,MODIS,87,6.2,310.1,46.4,D,0
-16.7925,130.8523,337.5,1.4,1.2,2014-05-08,0518,Aqua,MODIS,85,6.2,312.4,42.3,D,0
-16.7952,130.7022,330.9,1.4,1.2,2014-05-08,0518,Aqua,MODIS,61,6.2,308.1,28.9,D,0
-16.7973,130.6892,338.6,1.4,1.2,2014-05-08,0518,Aqua,MODIS,86,6.2,307.7,47.2,D,0
-16.7847,130.7002,325.2,1.4,1.2,2014-05-08,0518,Aqua,MODIS,21,6.2,307.3,18,D,0
-16.761,130.778,346.3,1.4,1.2,2014-05-08,0518,Aqua,MODIS,92,6.2,312.2,70.4,D,0
-16.7632,130.7645,341.4,1.4,1.2,2014-05-08,0518,Aqua,MODIS,89,6.2,312.8,54.4,D,0
-16.7654,130.7513,348.2,1.4,1.2,2014-05-08,0518,Aqua,MODIS,93,6.2,311.4,76.6,D,0
-16.772,130.7115,339.1,1.4,1.2,2014-05-08,0518,Aqua,MODIS,87,6.2,307.7,48,D,0
-16.7741,130.6984,328.5,1.4,1.2,2014-05-08,0518,Aqua,MODIS,42,6.2,307.2,22.9,D,0
-16.7548,130.7494,345.1,1.4,1.2,2014-05-08,0518,Aqua,MODIS,91,6.2,311.4,64.6,D,0
-16.7571,130.736,368.7,1.4,1.2,2014-05-08,0518,Aqua,MODIS,100,6.2,312.8,164.5,D,0
-16.7593,130.7228,333.5,1.4,1.2,2014-05-08,0518,Aqua,MODIS,69,6.2,306.6,32.4,D,0
-16.7614,130.7097,332.4,1.4,1.2,2014-05-08,0518,Aqua,MODIS,66,6.2,306.8,31.2,D,0
-16.7465,130.7341,327.4,1.4,1.2,2014-05-08,0518,Aqua,MODIS,65,6.2,310.1,20.7,D,0
-16.7501,130.7416,348.4,1.4,1.2,2014-05-08,0518,Aqua,MODIS,93,6.2,312.3,74.8,D,0
-16.7522,130.7283,338.6,1.4,1.2,2014-05-08,0518,Aqua,MODIS,86,6.2,310.1,45.4,D,0
-16.8506,130.8545,340,1.4,1.2,2014-05-08,0518,Aqua,MODIS,76,6.2,311.6,47.8,D,0
-16.8271,130.8643,359.8,1.4,1.2,2014-05-08,0518,Aqua,MODIS,99,6.2,313.2,120.7,D,0
-16.8142,130.8756,337.1,1.4,1.2,2014-05-08,0518,Aqua,MODIS,54,6.2,311.6,40.3,D,0
-16.8165,130.8623,348.9,1.4,1.2,2014-05-08,0518,Aqua,MODIS,94,6.2,310.9,75.1,D,0
-16.8223,130.8715,341.6,1.4,1.2,2014-05-08,0518,Aqua,MODIS,72,6.2,313.4,53.1,D,0
-16.8244,130.8583,343.7,1.4,1.2,2014-05-08,0518,Aqua,MODIS,88,6.2,311,57.8,D,0
-16.8116,130.8696,338.5,1.4,1.2,2014-05-08,0518,Aqua,MODIS,86,6.2,311.3,46,D,0
-18.9189,126.3983,325.6,1,1,2014-05-08,0518,Aqua,MODIS,22,6.2,312,6.5,D,0
-18.9098,126.3968,337.6,1,1,2014-05-08,0518,Aqua,MODIS,82,6.2,312.3,23,D,0
-16.575,130.5496,328.4,1.4,1.2,2014-05-08,0518,Aqua,MODIS,56,6.2,311.3,19.3,D,0
-16.5646,130.5478,330.3,1.4,1.2,2014-05-08,0518,Aqua,MODIS,49,6.2,312.1,23.4,D,0
-16.5457,130.5314,326.9,1.4,1.2,2014-05-08,0518,Aqua,MODIS,42,6.2,309.9,18.3,D,0
-16.5374,130.5166,330.2,1.4,1.2,2014-05-08,0518,Aqua,MODIS,77,6.2,309.2,26.6,D,0
-21.3859,120.079,327.5,2.5,1.5,2014-05-08,0518,Aqua,MODIS,76,6.2,299.8,57.2,D,0
-21.3911,120.0846,326,2.5,1.5,2014-05-08,0518,Aqua,MODIS,74,6.2,299.6,50,D,0
-21.3935,120.06,326.4,2.5,1.5,2014-05-08,0518,Aqua,MODIS,74,6.2,298.5,50,D,0
-21.3885,120.0544,322.2,2.5,1.5,2014-05-08,0518,Aqua,MODIS,67,6.2,298.9,31.9,D,0
-15.7444,135.446,316.1,3.3,1.7,2014-05-08,0518,Aqua,MODIS,57,6.2,303.9,35.6,D,0
-15.7422,135.469,315.8,3.3,1.7,2014-05-08,0518,Aqua,MODIS,57,6.2,304.3,33.5,D,0
-13.4202,131.9051,322.5,2,1.4,2014-05-08,0519,Aqua,MODIS,26,6.2,300.4,25.7,D,0
-13.408,131.9028,326.7,2,1.4,2014-05-08,0519,Aqua,MODIS,62,6.2,301.9,39.3,D,0
-13.6741,132.0443,318.7,2,1.4,2014-05-08,0519,Aqua,MODIS,17,6.2,302.4,15.2,D,0
-13.6709,131.9877,329.9,2,1.4,2014-05-08,0519,Aqua,MODIS,81,6.2,303.1,46,D,0
-14.2094,132.7665,317.8,2.2,1.4,2014-05-08,0519,Aqua,MODIS,21,6.2,301.1,19.7,D,0
-14.2223,132.7689,321.1,2.2,1.4,2014-05-08,0519,Aqua,MODIS,64,6.2,301.8,29.4,D,0
-13.405,131.921,342,2,1.4,2014-05-08,0519,Aqua,MODIS,90,6.2,302.5,97.3,D,0
-13.4082,131.9289,328.6,2,1.4,2014-05-08,0519,Aqua,MODIS,38,6.2,302,39.8,D,0
-13.6586,131.9855,320.2,2,1.4,2014-05-08,0519,Aqua,MODIS,34,6.2,303.7,18.5,D,0
-14.6336,131.3719,360,1.7,1.3,2014-05-08,0519,Aqua,MODIS,99,6.2,306,161.7,D,0
-14.6451,131.374,335.2,1.7,1.3,2014-05-08,0519,Aqua,MODIS,61,6.2,304,52,D,0
-13.8251,133.0129,328.1,2.3,1.5,2014-05-08,0519,Aqua,MODIS,79,6.2,298.2,63.6,D,0
-13.827,133.0808,322.5,2.4,1.5,2014-05-08,0519,Aqua,MODIS,58,6.2,298.9,39.1,D,0
-13.8232,133.1025,324.7,2.4,1.5,2014-05-08,0519,Aqua,MODIS,66,6.2,298.9,48.2,D,0
-13.8951,133.0542,323.1,2.4,1.5,2014-05-08,0519,Aqua,MODIS,61,6.2,300.4,38.7,D,0
-13.8914,133.0755,320.7,2.4,1.5,2014-05-08,0519,Aqua,MODIS,32,6.2,301.8,30,D,0
-13.9084,133.0565,325.8,2.4,1.5,2014-05-08,0519,Aqua,MODIS,43,6.2,300.9,46.3,D,0
-14.7229,131.5247,319.1,1.7,1.3,2014-05-08,0519,Aqua,MODIS,52,6.2,303.8,11.6,D,0
-14.7202,131.5411,323.4,1.8,1.3,2014-05-08,0519,Aqua,MODIS,68,6.2,305.4,21.2,D,0
-14.7318,131.5433,347.2,1.8,1.3,2014-05-08,0519,Aqua,MODIS,93,6.2,305.6,99.7,D,0
-14.7291,131.5595,334.1,1.8,1.3,2014-05-08,0519,Aqua,MODIS,83,6.2,306.9,48.9,D,0
-14.1734,132.9008,342.2,2.3,1.5,2014-05-08,0519,Aqua,MODIS,91,6.2,301.7,116.8,D,0
-14.1878,132.8892,335,2.3,1.5,2014-05-08,0519,Aqua,MODIS,78,6.2,302.8,77.9,D,0
-14.1841,132.9101,340.3,2.3,1.5,2014-05-08,0519,Aqua,MODIS,89,6.2,303.5,103.4,D,0
-14.2303,134.1772,315.2,2.8,1.6,2014-05-08,0519,Aqua,MODIS,49,6.2,296.8,28.2,D,0
-14.2311,134.1822,317.3,2.8,1.6,2014-05-08,0519,Aqua,MODIS,59,6.2,296.8,35.5,D,0
-13.842,132.9942,313.4,2.3,1.5,2014-05-08,0519,Aqua,MODIS,20,6.2,297,18.3,D,0
-13.2179,131.6383,344.8,1.9,1.3,2014-05-08,0519,Aqua,MODIS,92,6.2,304.7,101.2,D,0
-14.2517,130.7558,322.1,1.6,1.2,2014-05-08,0519,Aqua,MODIS,48,6.2,301.6,18.9,D,0
-14.093,131.983,323.7,1.9,1.4,2014-05-08,0519,Aqua,MODIS,74,6.2,304.3,25.9,D,0
-13.4671,131.6949,325.3,1.9,1.3,2014-05-08,0519,Aqua,MODIS,76,6.2,302.2,33.7,D,0
-13.4629,131.6835,323.6,1.9,1.3,2014-05-08,0519,Aqua,MODIS,74,6.2,301.8,30,D,0
-14.5215,133.2402,318,2.4,1.5,2014-05-08,0519,Aqua,MODIS,57,6.2,302.7,19.5,D,0
-14.1547,132.0199,318.3,1.9,1.4,2014-05-08,0519,Aqua,MODIS,64,6.2,303.7,14.6,D,0
-13.4599,131.7008,318.1,1.9,1.3,2014-05-08,0519,Aqua,MODIS,51,6.2,301.8,15.9,D,0
-14.2512,130.7614,325.6,1.6,1.2,2014-05-08,0519,Aqua,MODIS,55,6.2,302.3,26.5,D,0
-14.1553,132.543,337.2,2.1,1.4,2014-05-08,0519,Aqua,MODIS,87,6.2,300.1,89.4,D,0
-13.5818,131.9904,320.4,2,1.4,2014-05-08,0519,Aqua,MODIS,35,6.2,304.2,19.2,D,0
-13.5048,131.655,322.3,1.9,1.3,2014-05-08,0519,Aqua,MODIS,61,6.2,300.8,25.2,D,0
-14.9033,131.2101,319.9,1.6,1.3,2014-05-08,0519,Aqua,MODIS,51,6.2,305.9,14.2,D,0
-13.6502,132.1216,342.6,2,1.4,2014-05-08,0519,Aqua,MODIS,91,6.2,303.8,100.8,D,0
-13.3494,132.8888,316.7,2.3,1.5,2014-05-08,0519,Aqua,MODIS,56,6.2,301.5,20.5,D,0
-13.6534,132.103,339.6,2,1.4,2014-05-08,0519,Aqua,MODIS,89,6.2,303.5,86,D,0
-13.6464,132.1346,321.7,2,1.4,2014-05-08,0519,Aqua,MODIS,53,6.2,304.6,22.7,D,0
-15.0074,131.2725,327.4,1.7,1.3,2014-05-08,0519,Aqua,MODIS,75,6.2,311,26.8,D,0
-15.0099,131.2573,321.8,1.6,1.3,2014-05-08,0519,Aqua,MODIS,53,6.2,307.2,15,D,0
-15.0087,131.2658,327.7,1.7,1.3,2014-05-08,0519,Aqua,MODIS,41,6.2,309.7,25.3,D,0
-13.6495,132.116,345.7,2,1.4,2014-05-08,0519,Aqua,MODIS,93,6.2,303.8,118,D,0
-13.634,132.1324,325.6,2,1.4,2014-05-08,0519,Aqua,MODIS,77,6.2,303.4,34,D,0
-13.3478,132.8713,316,2.3,1.5,2014-05-08,0519,Aqua,MODIS,51,6.2,301.8,19.3,D,0
-13.6371,132.1137,323.3,2,1.4,2014-05-08,0519,Aqua,MODIS,71,6.2,303.1,26.2,D,0
-13.5788,131.9825,321.4,2,1.4,2014-05-08,0519,Aqua,MODIS,48,6.2,303.3,22.6,D,0
-13.402,131.9391,327.1,2,1.4,2014-05-08,0519,Aqua,MODIS,60,6.2,302.1,38.7,D,0
-13.3989,131.9573,326,2,1.4,2014-05-08,0519,Aqua,MODIS,77,6.2,302.2,37.2,D,0
-13.9792,132.7253,319.1,2.2,1.4,2014-05-08,0519,Aqua,MODIS,67,6.2,300.9,28.9,D,0
-13.2987,131.3737,325.1,1.8,1.3,2014-05-08,0519,Aqua,MODIS,71,6.2,300.3,33.5,D,0
-13.296,131.3902,333,1.8,1.3,2014-05-08,0519,Aqua,MODIS,81,6.2,302.4,53.3,D,0
-13.6092,132.128,326.3,2,1.4,2014-05-08,0519,Aqua,MODIS,53,6.2,303.6,34.7,D,0
-13.6123,132.1093,325.4,2,1.4,2014-05-08,0519,Aqua,MODIS,46,6.2,303.5,31.8,D,0
-13.5967,132.1258,321.3,2,1.4,2014-05-08,0519,Aqua,MODIS,65,6.2,303.2,22.6,D,0
-13.5999,132.1071,327.2,2,1.4,2014-05-08,0519,Aqua,MODIS,78,6.2,303.3,41.2,D,0
-14.1049,134.5428,314.6,3,1.7,2014-05-08,0519,Aqua,MODIS,44,6.2,298,25.3,D,0
-13.8444,130.6468,321.3,1.6,1.2,2014-05-08,0519,Aqua,MODIS,65,6.2,305.5,15.4,D,0
-13.5019,131.6723,322.1,1.9,1.3,2014-05-08,0519,Aqua,MODIS,62,6.2,302.3,24.4,D,0
-13.9667,133.2558,319.1,2.4,1.5,2014-05-08,0519,Aqua,MODIS,67,6.2,299.7,29.6,D,0
-13.5417,131.7561,319.7,1.9,1.3,2014-05-08,0519,Aqua,MODIS,46,6.2,303.1,18,D,0
-13.464,131.4152,321.2,1.8,1.3,2014-05-08,0519,Aqua,MODIS,70,6.2,302.5,23.8,D,0
-13.3024,131.4256,323.7,1.8,1.3,2014-05-08,0519,Aqua,MODIS,46,6.2,302.5,25.3,D,0
-14.1231,132.5775,323.1,2.1,1.4,2014-05-08,0519,Aqua,MODIS,26,6.2,302,34.4,D,0
-13.4879,131.9056,322.7,2,1.4,2014-05-08,0519,Aqua,MODIS,59,6.2,301.7,28.2,D,0
-13.5002,131.9077,322.2,2,1.4,2014-05-08,0519,Aqua,MODIS,33,6.2,301.1,26,D,0
-13.2906,131.4235,338.2,1.8,1.3,2014-05-08,0519,Aqua,MODIS,88,6.2,303.2,70.4,D,0
-13.8984,131.8752,328.6,1.9,1.4,2014-05-08,0519,Aqua,MODIS,63,6.2,305.1,36,D,0
-13.9041,131.8636,324.7,1.9,1.4,2014-05-08,0519,Aqua,MODIS,18,6.2,304.4,23.9,D,0
-13.4895,131.5996,316.2,1.9,1.3,2014-05-08,0519,Aqua,MODIS,38,6.2,301.1,12.5,D,0
-13.6566,132.0845,332.6,2,1.4,2014-05-08,0519,Aqua,MODIS,84,6.2,303.7,57.6,D,0
-13.3705,130.6518,316.9,1.6,1.2,2014-05-08,0519,Aqua,MODIS,48,6.2,300.6,11.5,D,0
-13.3792,130.6684,319.7,1.6,1.2,2014-05-08,0519,Aqua,MODIS,67,6.2,302.1,17.2,D,0
-14.8817,130.992,322.3,1.6,1.2,2014-05-08,0519,Aqua,MODIS,65,6.2,307.1,15.1,D,0
-14.8792,131.0067,327,1.6,1.2,2014-05-08,0519,Aqua,MODIS,74,6.2,308.2,25.3,D,0
-13.2964,132.8792,318.2,2.3,1.5,2014-05-08,0519,Aqua,MODIS,66,6.2,300.7,26.1,D,0
-13.6809,130.801,328.2,1.6,1.3,2014-05-08,0519,Aqua,MODIS,79,6.2,301,33.8,D,0
-13.6598,132.0661,329.5,2,1.4,2014-05-08,0519,Aqua,MODIS,81,6.2,303.4,47.4,D,0
-13.6526,132.0974,330.7,2,1.4,2014-05-08,0519,Aqua,MODIS,82,6.2,303.4,50.2,D,0
-13.6557,132.0789,329.6,2,1.4,2014-05-08,0519,Aqua,MODIS,81,6.2,303.6,47.5,D,0
-13.6588,132.0605,328,2,1.4,2014-05-08,0519,Aqua,MODIS,79,6.2,303.4,42.5,D,0
-15.401,131.5437,323,1.7,1.3,2014-05-08,0519,Aqua,MODIS,58,6.2,307.8,19.1,D,0
-14.0029,134.3407,316.5,2.9,1.6,2014-05-08,0519,Aqua,MODIS,58,6.2,299,33.3,D,0
-14.0022,134.3455,317.4,2.9,1.6,2014-05-08,0519,Aqua,MODIS,60,6.2,299,36.6,D,0
-13.6945,130.7878,316,1.6,1.2,2014-05-08,0519,Aqua,MODIS,28,6.2,299,9.4,D,0
-13.7057,130.7897,325.5,1.6,1.2,2014-05-08,0519,Aqua,MODIS,49,6.2,299.2,26.6,D,0
-13.704,130.7951,327.7,1.6,1.2,2014-05-08,0519,Aqua,MODIS,39,6.2,299.6,30.8,D,0
-14.3031,132.7621,339.6,2.2,1.4,2014-05-08,0519,Aqua,MODIS,81,6.2,302.6,98.4,D,0
-14.3004,132.7668,350.9,2.2,1.4,2014-05-08,0519,Aqua,MODIS,95,6.2,302.3,167.4,D,0
-14.1233,131.952,325.6,1.9,1.4,2014-05-08,0519,Aqua,MODIS,55,6.2,302.4,29.9,D,0
-14.0478,132.6333,316.8,2.2,1.4,2014-05-08,0519,Aqua,MODIS,61,6.2,298.8,23.5,D,0
-14.2997,132.7826,331.1,2.2,1.4,2014-05-08,0519,Aqua,MODIS,55,6.2,301.2,56.3,D,0
-14.2963,132.8029,327.5,2.2,1.4,2014-05-08,0519,Aqua,MODIS,27,6.2,301.7,43.6,D,0
-14.0444,132.6539,328.1,2.2,1.4,2014-05-08,0519,Aqua,MODIS,79,6.2,299.6,60.4,D,0
-14.0472,132.6406,326.9,2.2,1.4,2014-05-08,0519,Aqua,MODIS,78,6.2,299.2,55.6,D,0
-14.2932,132.8075,327.9,2.2,1.4,2014-05-08,0519,Aqua,MODIS,50,6.2,301.8,46.2,D,0
-14.0437,132.6611,326.8,2.2,1.4,2014-05-08,0519,Aqua,MODIS,78,6.2,299.3,55,D,0
-14.0565,132.6636,315.5,2.2,1.4,2014-05-08,0519,Aqua,MODIS,56,6.2,300,19.8,D,0
-14.1019,132.6298,328.3,2.2,1.4,2014-05-08,0519,Aqua,MODIS,80,6.2,301.3,56.7,D,0
-14.1568,132.9193,324.1,2.3,1.5,2014-05-08,0519,Aqua,MODIS,34,6.2,302.1,35.1,D,0
-13.5695,131.9621,336.3,2,1.4,2014-05-08,0519,Aqua,MODIS,87,6.2,302.9,72.2,D,0
-14.3097,132.7894,331.3,2.2,1.4,2014-05-08,0519,Aqua,MODIS,82,6.2,303.2,61.8,D,0
-14.0711,132.9464,335.5,2.3,1.5,2014-05-08,0519,Aqua,MODIS,76,6.2,299.9,84.8,D,0
-14.0756,132.942,331.3,2.3,1.5,2014-05-08,0519,Aqua,MODIS,46,6.2,300.5,65,D,0
-14.3062,132.8098,324.5,2.2,1.4,2014-05-08,0519,Aqua,MODIS,42,6.2,303.5,35.9,D,0
-13.2843,132.7922,316.8,2.3,1.5,2014-05-08,0519,Aqua,MODIS,28,6.2,301.9,19.7,D,0
-13.3948,131.6821,322.6,1.9,1.3,2014-05-08,0519,Aqua,MODIS,73,6.2,303.8,26.6,D,0
-13.9827,132.7049,333.4,2.2,1.4,2014-05-08,0519,Aqua,MODIS,84,6.2,300.2,81.3,D,0
-13.2557,131.4864,329.8,1.8,1.3,2014-05-08,0519,Aqua,MODIS,81,6.2,302.2,48.7,D,0
-13.6739,131.9696,333.6,2,1.4,2014-05-08,0519,Aqua,MODIS,84,6.2,303.2,60.7,D,0
-13.6756,131.9754,337.8,2,1.4,2014-05-08,0519,Aqua,MODIS,88,6.2,303.3,77.3,D,0
-14.2239,132.0746,322.3,2,1.4,2014-05-08,0519,Aqua,MODIS,72,6.2,306.6,22.9,D,0
-14.6818,131.511,343.6,1.7,1.3,2014-05-08,0519,Aqua,MODIS,91,6.2,308.2,84.2,D,0
-14.5036,131.4021,324.2,1.7,1.3,2014-05-08,0519,Aqua,MODIS,73,6.2,303.9,28.7,D,0
-14.5531,131.3674,325.4,1.7,1.3,2014-05-08,0519,Aqua,MODIS,58,6.2,302.9,31.9,D,0
-14.029,132.9764,324.6,2.3,1.5,2014-05-08,0519,Aqua,MODIS,58,6.2,298.4,44.2,D,0
-13.378,131.3107,325,1.8,1.3,2014-05-08,0519,Aqua,MODIS,76,6.2,301.9,30,D,0
-13.3636,131.3249,317.1,1.8,1.3,2014-05-08,0519,Aqua,MODIS,58,6.2,301.8,14.1,D,0
-14.6794,131.4995,321.5,1.7,1.3,2014-05-08,0519,Aqua,MODIS,45,6.2,306.4,14.7,D,0
-14.691,131.5017,329.7,1.7,1.3,2014-05-08,0519,Aqua,MODIS,79,6.2,304.8,34.4,D,0
-14.6882,131.5179,332.7,1.7,1.3,2014-05-08,0519,Aqua,MODIS,82,6.2,307.2,43.3,D,0
-14.8299,131.5847,326.8,1.8,1.3,2014-05-08,0519,Aqua,MODIS,70,6.2,306.1,31,D,0
-14.8389,131.6028,327.2,1.8,1.3,2014-05-08,0519,Aqua,MODIS,69,6.2,306.1,31.5,D,0
-14.8362,131.6189,323.6,1.8,1.3,2014-05-08,0519,Aqua,MODIS,52,6.2,304.1,23.5,D,0
-14.8479,131.6209,330.4,1.8,1.3,2014-05-08,0519,Aqua,MODIS,71,6.2,305.2,39.8,D,0
-14.845,131.6093,339.3,1.8,1.3,2014-05-08,0519,Aqua,MODIS,88,6.2,306.6,68.2,D,0
-14.8423,131.6252,325.9,1.8,1.3,2014-05-08,0519,Aqua,MODIS,50,6.2,304.2,26.8,D,0
-13.199,131.5765,321.1,1.9,1.3,2014-05-08,0519,Aqua,MODIS,43,6.2,302.9,19.2,D,0
-13.4612,131.4317,318.6,1.8,1.3,2014-05-08,0519,Aqua,MODIS,66,6.2,302.2,18.3,D,0
-13.2056,131.565,318.3,1.9,1.3,2014-05-08,0519,Aqua,MODIS,44,6.2,302.2,14.5,D,0
-14.6247,131.3635,355.6,1.7,1.3,2014-05-08,0519,Aqua,MODIS,97,6.2,304.9,135.8,D,0
-14.6222,131.3791,338.4,1.7,1.3,2014-05-08,0519,Aqua,MODIS,83,6.2,306.3,57,D,0
-14.6221,131.3697,359.9,1.7,1.3,2014-05-08,0519,Aqua,MODIS,99,6.2,305.2,160.7,D,0
-13.4805,131.5805,323.5,1.9,1.3,2014-05-08,0519,Aqua,MODIS,74,6.2,300.8,29.3,D,0
-13.4833,131.5636,328.6,1.9,1.3,2014-05-08,0519,Aqua,MODIS,80,6.2,302.2,43.3,D,0
-13.2027,131.5823,324.3,1.9,1.3,2014-05-08,0519,Aqua,MODIS,70,6.2,303.5,28.2,D,0
-14.1684,133.9991,322.5,2.8,1.6,2014-05-08,0519,Aqua,MODIS,54,6.2,297.4,50.4,D,0
-13.4747,131.5724,329.4,1.9,1.3,2014-05-08,0519,Aqua,MODIS,79,6.2,300.9,43.7,D,0
-14.1579,134.0049,318.9,2.8,1.6,2014-05-08,0519,Aqua,MODIS,29,6.2,297.3,35.6,D,0
-13.4418,131.5492,339.5,1.9,1.3,2014-05-08,0519,Aqua,MODIS,89,6.2,303.1,79.7,D,0
-14.1721,134.0075,327.9,2.8,1.6,2014-05-08,0519,Aqua,MODIS,78,6.2,297.4,77,D,0
-13.2975,132.7946,318.8,2.3,1.5,2014-05-08,0519,Aqua,MODIS,48,6.2,301.6,24.9,D,0
-13.2209,131.6208,333.9,1.9,1.3,2014-05-08,0519,Aqua,MODIS,85,6.2,304.2,52.7,D,0
-14.896,130.7517,322.4,1.5,1.2,2014-05-08,0519,Aqua,MODIS,55,6.2,309.2,13.7,D,0
-13.8834,131.8906,331.1,1.9,1.4,2014-05-08,0519,Aqua,MODIS,71,6.2,304.7,47.7,D,0
-13.3245,131.5583,326.2,1.9,1.3,2014-05-08,0519,Aqua,MODIS,77,6.2,301.6,39.1,D,0
-13.3216,131.5754,331.7,1.9,1.3,2014-05-08,0519,Aqua,MODIS,83,6.2,302.6,56.2,D,0
-14.2305,130.8881,322.4,1.6,1.2,2014-05-08,0519,Aqua,MODIS,60,6.2,305.5,17.6,D,0
-14.1058,131.0134,320,1.6,1.3,2014-05-08,0519,Aqua,MODIS,57,6.2,302.8,15.8,D,0
-14.1047,134.6286,316.4,3.1,1.7,2014-05-08,0519,Aqua,MODIS,38,6.2,298,32.1,D,0
-13.5246,131.1922,315.6,1.7,1.3,2014-05-08,0519,Aqua,MODIS,56,6.2,301.3,13.7,D,0
-15.6096,131.7305,324.3,1.7,1.3,2014-05-08,0519,Aqua,MODIS,38,6.2,309.8,21.3,D,0
-13.3191,131.6638,325,1.9,1.3,2014-05-08,0519,Aqua,MODIS,68,6.2,301.3,33.5,D,0
-14.1674,134.0333,321.1,2.8,1.6,2014-05-08,0519,Aqua,MODIS,25,6.2,296.8,42.4,D,0
-14.2704,132.7985,323.3,2.2,1.4,2014-05-08,0519,Aqua,MODIS,60,6.2,303.2,34.3,D,0
-14.2833,132.8006,333,2.2,1.4,2014-05-08,0519,Aqua,MODIS,82,6.2,303.3,69.1,D,0
-14.2803,132.8054,329.4,2.2,1.4,2014-05-08,0519,Aqua,MODIS,21,6.2,303.6,51.1,D,0
-15.6007,131.7123,325.8,1.7,1.3,2014-05-08,0519,Aqua,MODIS,41,6.2,310.2,24.4,D,0
-14.972,130.9977,325.3,1.6,1.2,2014-05-08,0519,Aqua,MODIS,57,6.2,309.5,20.5,D,0
-14.3838,132.3626,318.9,2,1.4,2014-05-08,0519,Aqua,MODIS,50,6.2,304.1,14.5,D,0
-15.4353,133.1265,318,2.2,1.4,2014-05-08,0519,Aqua,MODIS,56,6.2,304,23.1,D,0
-15.439,133.106,317,2.2,1.4,2014-05-08,0519,Aqua,MODIS,49,6.2,302.7,20.6,D,0
-14.6844,131.4949,322.9,1.7,1.3,2014-05-08,0519,Aqua,MODIS,69,6.2,305.6,18.6,D,0
-14.0202,131.8017,321,1.9,1.3,2014-05-08,0519,Aqua,MODIS,70,6.2,301.6,24.4,D,0
-14.1274,132.6347,317.7,2.2,1.4,2014-05-08,0519,Aqua,MODIS,56,6.2,301.2,19.1,D,0
-13.3432,131.668,321.4,1.9,1.3,2014-05-08,0519,Aqua,MODIS,36,6.2,301.8,21.6,D,0
-13.3312,131.6659,326.3,1.9,1.3,2014-05-08,0519,Aqua,MODIS,62,6.2,302.6,35.7,D,0
-13.8862,131.0881,319,1.7,1.3,2014-05-08,0519,Aqua,MODIS,64,6.2,302.4,16.5,D,0
-13.3078,131.3923,329,1.8,1.3,2014-05-08,0519,Aqua,MODIS,61,6.2,302.3,40.4,D,0
-13.8288,132.9915,336.7,2.3,1.5,2014-05-08,0519,Aqua,MODIS,87,6.2,298.3,107.4,D,0
-15.4369,133.1196,322.1,2.2,1.4,2014-05-08,0519,Aqua,MODIS,67,6.2,304.3,34.4,D,0
-13.7086,131.6853,319.6,1.9,1.3,2014-05-08,0519,Aqua,MODIS,67,6.2,301.1,21,D,0
-14.1439,134.0813,320.4,2.8,1.6,2014-05-08,0519,Aqua,MODIS,37,6.2,298,39.8,D,0
-14.1639,134.025,328.6,2.8,1.6,2014-05-08,0519,Aqua,MODIS,74,6.2,297.3,79.5,D,0
-13.3105,131.3758,327.2,1.8,1.3,2014-05-08,0519,Aqua,MODIS,78,6.2,300.5,38.9,D,0
-13.6785,132.0318,323.7,2,1.4,2014-05-08,0519,Aqua,MODIS,46,6.2,302.6,27.6,D,0
-13.663,132.0478,321.1,2,1.4,2014-05-08,0519,Aqua,MODIS,30,6.2,302.4,19.9,D,0
-13.9373,133.2896,318.8,2.5,1.5,2014-05-08,0519,Aqua,MODIS,62,6.2,300.5,28.2,D,0
-13.9492,133.2759,330.2,2.4,1.5,2014-05-08,0519,Aqua,MODIS,82,6.2,300.7,71.8,D,0
-13.9627,133.2783,322.7,2.4,1.5,2014-05-08,0519,Aqua,MODIS,73,6.2,300.5,42.8,D,0
-13.5139,131.6746,332.5,1.9,1.3,2014-05-08,0519,Aqua,MODIS,84,6.2,302.7,54.2,D,0
-14.0418,133.79,314.1,2.7,1.6,2014-05-08,0519,Aqua,MODIS,46,6.2,298.3,21.4,D,0
-14.1567,132.5379,336.4,2.1,1.4,2014-05-08,0519,Aqua,MODIS,64,6.2,300.6,80.8,D,0
-14.1535,132.5574,331.2,2.1,1.4,2014-05-08,0519,Aqua,MODIS,55,6.2,300.8,58.9,D,0
-14.1265,132.5579,330.2,2.1,1.4,2014-05-08,0519,Aqua,MODIS,81,6.2,300.7,61.6,D,0
-14.168,132.5453,316,2.1,1.4,2014-05-08,0519,Aqua,MODIS,25,6.2,300.3,16.3,D,0
-14.1248,132.5724,329.5,2.1,1.4,2014-05-08,0519,Aqua,MODIS,60,6.2,302.5,57.1,D,0
-14.1647,132.5648,329.8,2.1,1.4,2014-05-08,0519,Aqua,MODIS,81,6.2,303.6,60.4,D,0
-14.2288,134.0184,314.3,2.8,1.6,2014-05-08,0519,Aqua,MODIS,17,6.2,297.6,20.5,D,0
-16.0691,130.7001,331.2,1.4,1.2,2014-05-08,0519,Aqua,MODIS,60,6.2,313.2,26.8,D,0
-16.8794,126.2678,324.4,1,1,2014-05-08,0519,Aqua,MODIS,64,6.2,312.6,8.1,D,0
-14.9909,127.8102,334.2,1.1,1,2014-05-08,0519,Aqua,MODIS,63,6.2,309.8,22.3,D,0
-14.1111,131.9499,329.3,1.9,1.4,2014-05-08,0519,Aqua,MODIS,75,6.2,304.9,41.8,D,0
-14.1141,131.9323,322.9,1.9,1.4,2014-05-08,0519,Aqua,MODIS,57,6.2,301.7,24.3,D,0
-14.5295,127.3797,326.9,1,1,2014-05-08,0519,Aqua,MODIS,41,6.2,307,12.8,D,0
-14.7499,128.0015,321.5,1.1,1,2014-05-08,0519,Aqua,MODIS,46,6.2,309.6,8,D,0
-14.043,133.0281,327.1,2.3,1.5,2014-05-08,0519,Aqua,MODIS,52,6.2,301.2,44.8,D,0
-14.0276,133.0639,336,2.3,1.5,2014-05-08,0519,Aqua,MODIS,86,6.2,300.5,94.2,D,0
-14.7208,127.5206,333,1,1,2014-05-08,0519,Aqua,MODIS,82,6.2,309.1,20.6,D,0
-14.6996,127.5369,338.8,1,1,2014-05-08,0519,Aqua,MODIS,87,6.2,308.2,29.1,D,0
-15.7831,130.687,324.7,1.5,1.2,2014-05-08,0519,Aqua,MODIS,69,6.2,307.3,18.8,D,0
-14.6392,127.8764,327.5,1.1,1,2014-05-08,0519,Aqua,MODIS,75,6.2,307.8,16.5,D,0
-14.6333,127.916,342.2,1.1,1,2014-05-08,0519,Aqua,MODIS,89,6.2,308.9,40.3,D,0
-15.1362,128.0076,326.3,1.1,1,2014-05-08,0519,Aqua,MODIS,70,6.2,308.9,12.2,D,0
-15.1377,127.9975,326.3,1.1,1,2014-05-08,0519,Aqua,MODIS,67,6.2,309.8,11.6,D,0
-14.6318,127.9259,334.2,1.1,1,2014-05-08,0519,Aqua,MODIS,83,6.2,307.9,26.2,D,0
-14.6426,127.9175,336.9,1.1,1,2014-05-08,0519,Aqua,MODIS,85,6.2,306.7,30.7,D,0
-14.6411,127.9274,326.1,1.1,1,2014-05-08,0519,Aqua,MODIS,73,6.2,306.3,15,D,0
-14.689,127.9249,325.3,1.1,1,2014-05-08,0519,Aqua,MODIS,51,6.2,307.6,11.2,D,0
-14.6875,127.9349,328.6,1.1,1,2014-05-08,0519,Aqua,MODIS,77,6.2,309,15.5,D,0
-14.6983,127.9263,354.3,1.1,1,2014-05-08,0519,Aqua,MODIS,97,6.2,311.1,64.2,D,0
-14.6968,127.9363,339.2,1.1,1,2014-05-08,0519,Aqua,MODIS,80,6.2,311.1,30.7,D,0
-14.7046,127.923,338.7,1.1,1,2014-05-08,0519,Aqua,MODIS,87,6.2,307,31.6,D,0
-14.7031,127.9329,347.7,1.1,1,2014-05-08,0519,Aqua,MODIS,93,6.2,308.7,48,D,0
-14.7016,127.9429,331.5,1.1,1,2014-05-08,0519,Aqua,MODIS,37,6.2,309.1,17.3,D,0
-14.8575,127.7129,340.1,1.1,1,2014-05-08,0519,Aqua,MODIS,88,6.2,309.7,32.1,D,0
-14.8483,127.7113,327.6,1.1,1,2014-05-08,0519,Aqua,MODIS,50,6.2,308.5,13.2,D,0
-15.2322,127.3585,323.4,1,1,2014-05-08,0519,Aqua,MODIS,61,6.2,309.7,7.6,D,0
-15.2245,127.3476,325.7,1,1,2014-05-08,0519,Aqua,MODIS,72,6.2,310.8,10.7,D,0
-14.7428,127.3088,328.4,1,1,2014-05-08,0519,Aqua,MODIS,46,6.2,309.5,14,D,0
-14.6622,127.2895,330.2,1,1,2014-05-08,0519,Aqua,MODIS,67,6.2,307.8,16.8,D,0
-14.6993,127.8558,325.2,1.1,1,2014-05-08,0519,Aqua,MODIS,65,6.2,310.8,11.3,D,0
-14.6978,127.8656,326.3,1.1,1,2014-05-08,0519,Aqua,MODIS,66,6.2,309.5,12.4,D,0
-14.7644,127.3512,330.4,1,1,2014-05-08,0519,Aqua,MODIS,51,6.2,311,15.8,D,0
-14.7708,127.3717,329.1,1,1,2014-05-08,0519,Aqua,MODIS,45,6.2,308.9,13.6,D,0
-14.6636,127.28,350,1,1,2014-05-08,0519,Aqua,MODIS,94,6.2,310.6,51.7,D,0
-14.6727,127.2815,336.8,1,1,2014-05-08,0519,Aqua,MODIS,86,6.2,308.4,27.3,D,0
-14.7288,127.2774,332.1,1,1,2014-05-08,0519,Aqua,MODIS,57,6.2,308.4,18.7,D,0
-14.6212,127.5671,339.4,1,1,2014-05-08,0519,Aqua,MODIS,82,6.2,311.4,28.7,D,0
-14.6395,127.57,388,1,1,2014-05-08,0519,Aqua,MODIS,100,6.2,316.1,184.6,D,0
-14.6381,127.5797,355.1,1,1,2014-05-08,0519,Aqua,MODIS,97,6.2,312.6,62.1,D,0
-15.2504,130.9915,318.5,1.6,1.2,2014-05-08,0519,Aqua,MODIS,39,6.2,306.3,8.3,D,0
-15.237,131.0041,328.9,1.6,1.2,2014-05-08,0519,Aqua,MODIS,60,6.2,306.5,28.1,D,0
-15.2345,131.0186,329.7,1.6,1.2,2014-05-08,0519,Aqua,MODIS,46,6.2,307.1,29.8,D,0
-15.2337,131.0114,322.1,1.6,1.2,2014-05-08,0519,Aqua,MODIS,36,6.2,306.9,15.7,D,0
-16.6892,126.1144,320.4,1,1,2014-05-08,0519,Aqua,MODIS,50,6.2,309.7,6.3,D,0
-15.3833,126.3136,318.8,1,1,2014-05-08,0519,Aqua,MODIS,53,6.2,307.9,6.8,D,0
-16.6403,126.0684,327.5,1,1,2014-05-08,0519,Aqua,MODIS,67,6.2,308.1,13.1,D,0
-16.6416,126.059,329.1,1,1,2014-05-08,0519,Aqua,MODIS,75,6.2,309.1,15.5,D,0
-15.2189,127.3856,342.1,1,1,2014-05-08,0519,Aqua,MODIS,89,6.2,311.3,35.2,D,0
-15.2175,127.3951,359,1,1,2014-05-08,0519,Aqua,MODIS,99,6.2,311.5,73.1,D,0
-14.5796,127.7195,324.3,1.1,1,2014-05-08,0519,Aqua,MODIS,71,6.2,307.3,12.5,D,0
-15.5425,126.2935,335.1,1,1,2014-05-08,0519,Aqua,MODIS,75,6.2,310.3,21.4,D,0
-15.5438,126.2843,338.7,1,1,2014-05-08,0519,Aqua,MODIS,76,6.2,309.6,26.8,D,0
-15.5451,126.275,345.7,1,1,2014-05-08,0519,Aqua,MODIS,91,6.2,309.4,40.1,D,0
-15.2431,131.0352,326.8,1.6,1.2,2014-05-08,0519,Aqua,MODIS,36,6.2,307.6,23.3,D,0
-15.2456,131.0205,342,1.6,1.2,2014-05-08,0519,Aqua,MODIS,89,6.2,310.2,65.6,D,0
-15.248,131.0061,330.3,1.6,1.2,2014-05-08,0519,Aqua,MODIS,72,6.2,307.9,31.2,D,0
-16.2891,130.6825,326.1,1.4,1.2,2014-05-08,0519,Aqua,MODIS,37,6.2,313.3,15.4,D,0
-15.3321,131.1175,326.9,1.6,1.2,2014-05-08,0519,Aqua,MODIS,58,6.2,310.8,18.1,D,0
-15.9109,127.245,326.3,1,1,2014-05-08,0519,Aqua,MODIS,70,6.2,311.3,11.1,D,0
-15.9227,127.2277,335.2,1,1,2014-05-08,0519,Aqua,MODIS,83,6.2,311.8,22.6,D,0
-15.9213,127.237,323.6,1,1,2014-05-08,0519,Aqua,MODIS,30,6.2,310.9,7.4,D,0
-14.7497,127.2614,324.7,1,1,2014-05-08,0519,Aqua,MODIS,26,6.2,306.5,11,D,0
-14.7539,127.233,318.4,1,1,2014-05-08,0519,Aqua,MODIS,45,6.2,306.5,5.4,D,0
-14.9111,127.2895,328.9,1,1,2014-05-08,0519,Aqua,MODIS,72,6.2,309.7,14.9,D,0
-14.9034,127.2786,324.9,1,1,2014-05-08,0519,Aqua,MODIS,51,6.2,309,10.1,D,0
-14.9,127.2392,336.1,1,1,2014-05-08,0519,Aqua,MODIS,85,6.2,309.3,25.3,D,0
-15.5465,126.2657,350.1,1,1,2014-05-08,0519,Aqua,MODIS,94,6.2,308,50.5,D,0
-15.5478,126.2564,326.3,1,1,2014-05-08,0519,Aqua,MODIS,61,6.2,305.5,13.4,D,0
-15.5348,126.2829,326.7,1,1,2014-05-08,0519,Aqua,MODIS,25,6.2,313.1,10.7,D,0
-15.5375,126.2643,325,1,1,2014-05-08,0519,Aqua,MODIS,45,6.2,311.8,11.2,D,0
-15.5053,126.2973,332.4,1,1,2014-05-08,0519,Aqua,MODIS,74,6.2,309.5,18.6,D,0
-15.5066,126.288,326.1,1,1,2014-05-08,0519,Aqua,MODIS,57,6.2,312.9,9.8,D,0
-15.5015,126.2588,326,1,1,2014-05-08,0519,Aqua,MODIS,57,6.2,312.7,11,D,0
-13.834,130.7796,337,1.6,1.2,2014-05-08,0519,Aqua,MODIS,87,6.2,302.9,54.2,D,0
-13.8229,130.7776,342.4,1.6,1.2,2014-05-08,0519,Aqua,MODIS,90,6.2,302.6,73.3,D,0
-13.8253,130.763,336.3,1.6,1.2,2014-05-08,0519,Aqua,MODIS,86,6.2,301.4,53.3,D,0
-13.8166,130.7463,319.4,1.6,1.2,2014-05-08,0519,Aqua,MODIS,65,6.2,299.8,15.4,D,0
-13.819,130.7317,320.3,1.6,1.2,2014-05-08,0519,Aqua,MODIS,67,6.2,299.8,17.1,D,0
-15.0863,127.7923,319.4,1.1,1,2014-05-08,0519,Aqua,MODIS,35,6.2,307.3,5.2,D,0
-15.0849,127.802,324.6,1.1,1,2014-05-08,0519,Aqua,MODIS,69,6.2,308.9,11.1,D,0
-15.0918,127.799,345.9,1.1,1,2014-05-08,0519,Aqua,MODIS,92,6.2,310.6,41.7,D,0
-15.8168,130.1781,328.3,1.4,1.2,2014-05-08,0519,Aqua,MODIS,75,6.2,312.8,20.1,D,0
-15.1587,127.4149,323.1,1,1,2014-05-08,0519,Aqua,MODIS,65,6.2,309.6,8,D,0
-13.7535,130.7736,336.4,1.6,1.2,2014-05-08,0519,Aqua,MODIS,86,6.2,300.3,54.8,D,0
-14.8802,127.6868,325.1,1.1,1,2014-05-08,0519,Aqua,MODIS,42,6.2,306.3,11.3,D,0
-14.8894,127.6883,338.2,1.1,1,2014-05-08,0519,Aqua,MODIS,86,6.2,308.5,29.7,D,0
-14.9304,127.7106,325,1.1,1,2014-05-08,0519,Aqua,MODIS,43,6.2,309.1,10.1,D,0
-14.9275,127.7301,324,1.1,1,2014-05-08,0519,Aqua,MODIS,44,6.2,309.4,9.2,D,0
-15.1951,127.4207,326.8,1,1,2014-05-08,0519,Aqua,MODIS,72,6.2,309.8,11.9,D,0
-15.207,127.4031,321.8,1,1,2014-05-08,0519,Aqua,MODIS,37,6.2,308.5,6.3,D,0
-15.0344,127.8239,324.9,1.1,1,2014-05-08,0519,Aqua,MODIS,48,6.2,306.6,10,D,0
-15.033,127.8336,337.6,1.1,1,2014-05-08,0519,Aqua,MODIS,85,6.2,308.9,27.7,D,0
-15.0315,127.8436,334.3,1.1,1,2014-05-08,0519,Aqua,MODIS,78,6.2,309.3,21.6,D,0
-16.8767,126.0879,323.3,1,1,2014-05-08,0519,Aqua,MODIS,61,6.2,308.7,8.8,D,0
-16.8754,126.0973,322.8,1,1,2014-05-08,0519,Aqua,MODIS,60,6.2,308.4,8.8,D,0
-16.874,126.1068,331.2,1,1,2014-05-08,0519,Aqua,MODIS,73,6.2,308.8,17.3,D,0
-15.0926,128.591,327.3,1.1,1.1,2014-05-08,0519,Aqua,MODIS,64,6.2,305.5,17.2,D,0
-15.1021,128.5926,325.8,1.1,1.1,2014-05-08,0519,Aqua,MODIS,65,6.2,306.5,15.9,D,0
-16.8727,126.1162,332.2,1,1,2014-05-08,0519,Aqua,MODIS,73,6.2,309.9,18.8,D,0
-16.8714,126.1256,329.2,1,1,2014-05-08,0519,Aqua,MODIS,66,6.2,310.5,15.1,D,0
-16.8804,126.127,323.4,1,1,2014-05-08,0519,Aqua,MODIS,50,6.2,308.5,8.6,D,0
-16.8791,126.1364,329.3,1,1,2014-05-08,0519,Aqua,MODIS,75,6.2,310.2,15.5,D,0
-16.8725,126.1835,321.5,1,1,2014-05-08,0519,Aqua,MODIS,40,6.2,308.8,6.3,D,0
-16.8815,126.1849,322.7,1,1,2014-05-08,0519,Aqua,MODIS,43,6.2,310.3,7.7,D,0
-16.0798,130.7019,340,1.4,1.2,2014-05-08,0519,Aqua,MODIS,87,6.2,313,48.8,D,0
-15.4543,128.2791,335.3,1.1,1,2014-05-08,0519,Aqua,MODIS,63,6.2,302.7,30.9,D,0
-15.1051,127.7112,335.5,1,1,2014-05-08,0519,Aqua,MODIS,66,6.2,310,22.8,D,0
-15.1143,127.7126,326.7,1,1,2014-05-08,0519,Aqua,MODIS,46,6.2,310.3,11.5,D,0
-14.8049,127.5694,327,1,1,2014-05-08,0519,Aqua,MODIS,74,6.2,308.8,12.1,D,0
-14.8169,127.5516,330.8,1,1,2014-05-08,0519,Aqua,MODIS,56,6.2,311.3,16.4,D,0
-14.8155,127.5612,329.6,1,1,2014-05-08,0519,Aqua,MODIS,60,6.2,309.5,15.2,D,0
-14.8275,127.5433,327.7,1,1,2014-05-08,0519,Aqua,MODIS,49,6.2,310.1,12.6,D,0
-14.8409,127.516,328.7,1,1,2014-05-08,0519,Aqua,MODIS,75,6.2,308.5,14.8,D,0
-14.8395,127.5256,339.6,1,1,2014-05-08,0519,Aqua,MODIS,88,6.2,310.6,30.5,D,0
-14.8381,127.5352,336.5,1,1,2014-05-08,0519,Aqua,MODIS,74,6.2,310.4,24.6,D,0
-14.2146,130.7051,326.4,1.6,1.2,2014-05-08,0519,Aqua,MODIS,69,6.2,302.8,28,D,0
-14.8865,127.3927,330.6,1,1,2014-05-08,0519,Aqua,MODIS,79,6.2,308.8,17.6,D,0
-14.8851,127.4022,324.7,1,1,2014-05-08,0519,Aqua,MODIS,71,6.2,308.5,10.7,D,0
-14.8837,127.4117,326.4,1,1,2014-05-08,0519,Aqua,MODIS,73,6.2,308.7,12.6,D,0
-14.7799,127.3732,334.4,1,1,2014-05-08,0519,Aqua,MODIS,76,6.2,310.9,21.1,D,0
-14.7785,127.3827,328.2,1,1,2014-05-08,0519,Aqua,MODIS,53,6.2,309.4,12.9,D,0
-14.9434,127.8126,343.8,1.1,1,2014-05-08,0519,Aqua,MODIS,90,6.2,308.7,39.9,D,0
-14.9526,127.8141,331.9,1.1,1,2014-05-08,0519,Aqua,MODIS,56,6.2,308.6,19.9,D,0
-14.9618,127.8156,329.3,1.1,1,2014-05-08,0519,Aqua,MODIS,56,6.2,308.9,16.4,D,0
-14.8848,127.5294,322.1,1,1,2014-05-08,0519,Aqua,MODIS,65,6.2,307.5,9.3,D,0
-14.9495,127.218,336.1,1,1,2014-05-08,0519,Aqua,MODIS,85,6.2,310.1,25,D,0
-14.9858,127.2239,327,1,1,2014-05-08,0519,Aqua,MODIS,35,6.2,310,11.5,D,0
-14.9926,127.2308,328.3,1,1,2014-05-08,0519,Aqua,MODIS,63,6.2,309,13.9,D,0
-15.1165,127.8231,339.5,1.1,1,2014-05-08,0519,Aqua,MODIS,87,6.2,312.8,27.4,D,0
-14.2139,130.779,319.4,1.6,1.2,2014-05-08,0519,Aqua,MODIS,43,6.2,303.6,10.7,D,0
-14.1806,130.7736,322,1.6,1.2,2014-05-08,0519,Aqua,MODIS,51,6.2,303.5,18,D,0
-14.183,130.7592,320.1,1.6,1.2,2014-05-08,0519,Aqua,MODIS,38,6.2,303.2,13.7,D,0
-14.9656,127.2981,327.5,1,1,2014-05-08,0519,Aqua,MODIS,55,6.2,308.6,13.3,D,0
-14.9761,127.2901,325.1,1,1,2014-05-08,0519,Aqua,MODIS,22,6.2,307.7,10.2,D,0
-14.9747,127.2996,344.4,1,1,2014-05-08,0519,Aqua,MODIS,91,6.2,311.3,38.7,D,0
-14.9828,127.2971,357.5,1,1,2014-05-08,0519,Aqua,MODIS,98,6.2,312,67.7,D,0
-14.9996,127.3094,341.5,1,1,2014-05-08,0519,Aqua,MODIS,89,6.2,312.2,32.3,D,0
-15.0087,127.3109,334.3,1,1,2014-05-08,0519,Aqua,MODIS,83,6.2,310.3,21.5,D,0
-14.5893,127.7809,335.2,1.1,1,2014-05-08,0519,Aqua,MODIS,84,6.2,306.9,28.6,D,0
-15.1346,127.3372,344.6,1,1,2014-05-08,0519,Aqua,MODIS,91,6.2,312.8,35.9,D,0
-15.136,127.3278,332.1,1,1,2014-05-08,0519,Aqua,MODIS,67,6.2,310.3,16.7,D,0
-15.1046,127.3519,333,1,1,2014-05-08,0519,Aqua,MODIS,71,6.2,311.2,18.3,D,0
-15.106,127.3424,326.3,1,1,2014-05-08,0519,Aqua,MODIS,33,6.2,311.5,8.6,D,0
-15.1011,127.3126,329.8,1,1,2014-05-08,0519,Aqua,MODIS,71,6.2,310,14.2,D,0
-15.6285,124.6247,327.4,1.1,1,2014-05-08,0519,Aqua,MODIS,67,6.2,310.1,15.6,D,0
-16.9152,126.3405,324.3,1,1,2014-05-08,0519,Aqua,MODIS,45,6.2,310.9,8.2,D,0
-16.9139,126.3499,328.3,1,1,2014-05-08,0519,Aqua,MODIS,72,6.2,311.5,12.6,D,0
-15.6353,124.622,333.7,1.1,1,2014-05-08,0519,Aqua,MODIS,84,6.2,307.2,25.7,D,0
-15.634,124.632,326.6,1.1,1,2014-05-08,0519,Aqua,MODIS,66,6.2,310.4,15.6,D,0
-15.9241,127.2183,326,1,1,2014-05-08,0519,Aqua,MODIS,70,6.2,309.7,10.6,D,0
-14.6046,127.4267,323.4,1,1,2014-05-08,0519,Aqua,MODIS,43,6.2,307.5,9.6,D,0
-15.9498,130.9988,324.9,1.5,1.2,2014-05-08,0519,Aqua,MODIS,61,6.2,308.4,16.6,D,0
-15.9521,130.9845,324.7,1.5,1.2,2014-05-08,0519,Aqua,MODIS,67,6.2,309.9,16.5,D,0
-14.7243,127.8555,329.4,1.1,1,2014-05-08,0519,Aqua,MODIS,77,6.2,311.9,16.8,D,0
-14.7362,127.777,327.3,1.1,1,2014-05-08,0519,Aqua,MODIS,42,6.2,308.2,13.2,D,0
-14.727,127.7755,328.2,1.1,1,2014-05-08,0519,Aqua,MODIS,47,6.2,311.4,14.7,D,0
-16.8128,126.6049,328.5,1,1,2014-05-08,0519,Aqua,MODIS,70,6.2,312.5,13.3,D,0
-16.8244,126.5877,339.3,1,1,2014-05-08,0519,Aqua,MODIS,86,6.2,312.7,27.5,D,0
-16.8231,126.597,338.1,1,1,2014-05-08,0519,Aqua,MODIS,85,6.2,313.4,26.5,D,0
-16.8217,126.6063,333.1,1,1,2014-05-08,0519,Aqua,MODIS,80,6.2,313.4,19.5,D,0
-16.8329,126.6622,326.8,1,1,2014-05-08,0519,Aqua,MODIS,70,6.2,313.3,11.2,D,0
-15.9544,130.9702,323.4,1.5,1.2,2014-05-08,0519,Aqua,MODIS,42,6.2,311.3,12.3,D,0
-14.9209,127.3493,322.8,1,1,2014-05-08,0519,Aqua,MODIS,23,6.2,309.7,7.3,D,0
-14.9834,127.3555,325.1,1,1,2014-05-08,0519,Aqua,MODIS,38,6.2,310.4,8.8,D,0
-14.982,127.365,347.7,1,1,2014-05-08,0519,Aqua,MODIS,93,6.2,311.3,45.7,D,0
-15.0072,127.3204,327.1,1,1,2014-05-08,0519,Aqua,MODIS,42,6.2,311.3,10.6,D,0
-15.0226,127.3422,326.4,1,1,2014-05-08,0519,Aqua,MODIS,61,6.2,310,11,D,0
-14.9976,127.8177,345.5,1.1,1,2014-05-08,0519,Aqua,MODIS,91,6.2,309.5,43.9,D,0
-15.0068,127.8192,332.3,1.1,1,2014-05-08,0519,Aqua,MODIS,74,6.2,308.4,21.1,D,0
-15.0359,127.814,325.7,1.1,1,2014-05-08,0519,Aqua,MODIS,49,6.2,305,12.6,D,0
-15.0451,127.8154,328.8,1.1,1,2014-05-08,0519,Aqua,MODIS,55,6.2,308.1,15.4,D,0
-15.0543,127.817,335.3,1.1,1,2014-05-08,0519,Aqua,MODIS,83,6.2,308.4,24.5,D,0
-14.117,132.3135,319,2.1,1.4,2014-05-08,0519,Aqua,MODIS,66,6.2,302.4,22.9,D,0
-14.1202,132.2949,318.8,2,1.4,2014-05-08,0519,Aqua,MODIS,66,6.2,302.9,22.7,D,0
-15.0484,127.2299,333.7,1,1,2014-05-08,0519,Aqua,MODIS,82,6.2,311.5,21.9,D,0
-15.0742,127.2437,329.2,1,1,2014-05-08,0519,Aqua,MODIS,77,6.2,310.7,16.1,D,0
-15.0805,127.8314,325,1.1,1,2014-05-08,0519,Aqua,MODIS,49,6.2,308.4,9,D,0
-15.0859,127.8381,330.4,1.1,1,2014-05-08,0519,Aqua,MODIS,50,6.2,310.1,14.1,D,0
-15.115,127.8329,328.8,1.1,1,2014-05-08,0519,Aqua,MODIS,57,6.2,311.1,11.4,D,0
-14.5513,127.4222,349.8,1,1,2014-05-08,0519,Aqua,MODIS,94,6.2,308.4,48.6,D,0
-14.5604,127.4237,363.5,1,1,2014-05-08,0519,Aqua,MODIS,100,6.2,311.3,87,D,0
-14.559,127.4333,347.3,1,1,2014-05-08,0519,Aqua,MODIS,93,6.2,311.6,46,D,0
-14.5576,127.4429,324,1,1,2014-05-08,0519,Aqua,MODIS,35,6.2,308.7,9.9,D,0
-14.5695,127.4251,327.5,1,1,2014-05-08,0519,Aqua,MODIS,40,6.2,305.8,13.2,D,0
-14.5681,127.4346,356.4,1,1,2014-05-08,0519,Aqua,MODIS,98,6.2,309.9,67.9,D,0
-14.5667,127.4444,325,1,1,2014-05-08,0519,Aqua,MODIS,59,6.2,308.3,11.2,D,0
-14.5954,127.4253,325,1,1,2014-05-08,0519,Aqua,MODIS,63,6.2,307.2,11.8,D,0
-14.5435,127.4112,332.7,1,1,2014-05-08,0519,Aqua,MODIS,38,6.2,307.9,17.7,D,0
-14.5421,127.4208,334,1,1,2014-05-08,0519,Aqua,MODIS,43,6.2,308.6,19.3,D,0
-15.7143,129.1215,322.3,1.2,1.1,2014-05-08,0519,Aqua,MODIS,60,6.2,309.1,10.7,D,0
-14.7993,127.2401,325.4,1,1,2014-05-08,0519,Aqua,MODIS,59,6.2,308.1,11.1,D,0
-14.8529,127.2446,324.3,1,1,2014-05-08,0519,Aqua,MODIS,46,6.2,308.4,9.5,D,0
-14.2419,132.5061,326.3,2.1,1.4,2014-05-08,0519,Aqua,MODIS,77,6.2,303.1,45.1,D,0
-14.2452,132.487,325.6,2.1,1.4,2014-05-08,0519,Aqua,MODIS,76,6.2,301.3,43.4,D,0
-14.2412,132.4989,330.9,2.1,1.4,2014-05-08,0519,Aqua,MODIS,82,6.2,302.9,63.5,D,0
-14.2444,132.4797,315.4,2.1,1.4,2014-05-08,0519,Aqua,MODIS,52,6.2,300.8,14.7,D,0
-15.1602,127.9106,326.1,1.1,1,2014-05-08,0519,Aqua,MODIS,52,6.2,312.6,11.4,D,0
-15.1587,127.9204,324.6,1.1,1,2014-05-08,0519,Aqua,MODIS,15,6.2,311.6,9.3,D,0
-14.0172,131.8191,335.9,1.9,1.3,2014-05-08,0519,Aqua,MODIS,86,6.2,303.6,70.4,D,0
-13.8415,133.2015,321.3,2.4,1.5,2014-05-08,0519,Aqua,MODIS,71,6.2,297.7,39,D,0
-13.7906,133.2104,324.3,2.4,1.5,2014-05-08,0519,Aqua,MODIS,56,6.2,300,46.6,D,0
-13.7945,133.1882,330.8,2.4,1.5,2014-05-08,0519,Aqua,MODIS,82,6.2,300,75,D,0
-16.0953,126.6124,326.2,1,1,2014-05-08,0519,Aqua,MODIS,71,6.2,309.1,13.1,D,0
-15.0141,128.0227,323.4,1.1,1,2014-05-08,0519,Aqua,MODIS,54,6.2,309.3,9.4,D,0
-15.0204,128.0441,343.9,1.1,1,2014-05-08,0519,Aqua,MODIS,90,6.2,310,41.1,D,0
-15.0189,128.054,325.8,1.1,1,2014-05-08,0519,Aqua,MODIS,43,6.2,311.4,11.9,D,0
-15.0297,128.0456,328.7,1.1,1,2014-05-08,0519,Aqua,MODIS,55,6.2,306.9,15.1,D,0
-15.1931,127.7422,329.9,1,1,2014-05-08,0519,Aqua,MODIS,77,6.2,312.5,13.4,D,0
-15.1906,127.8216,323.7,1.1,1,2014-05-08,0519,Aqua,MODIS,67,6.2,308.7,7.4,D,0
-15.1891,127.8314,335.1,1.1,1,2014-05-08,0519,Aqua,MODIS,83,6.2,311.6,23.8,D,0
-14.5965,127.5435,332.1,1,1,2014-05-08,0519,Aqua,MODIS,71,6.2,309.4,17.9,D,0
-14.5321,127.488,320.9,1,1,2014-05-08,0519,Aqua,MODIS,65,6.2,306.9,8.2,D,0
-14.5307,127.4976,325.6,1,1,2014-05-08,0519,Aqua,MODIS,74,6.2,307.5,13.6,D,0
-14.5631,127.5324,324.6,1,1,2014-05-08,0519,Aqua,MODIS,43,6.2,308.3,9.9,D,0
-13.843,133.2713,324.6,2.5,1.5,2014-05-08,0519,Aqua,MODIS,75,6.2,299.7,50.9,D,0
-13.8503,133.2675,324.9,2.5,1.5,2014-05-08,0519,Aqua,MODIS,52,6.2,299.3,49.4,D,0
-14.5289,127.6361,323.8,1.1,1,2014-05-08,0519,Aqua,MODIS,71,6.2,311.7,9.2,D,0
-14.0239,133.0851,323.7,2.4,1.5,2014-05-08,0519,Aqua,MODIS,32,6.2,299.5,37.6,D,0
-14.9873,127.5811,323.9,1,1,2014-05-08,0519,Aqua,MODIS,36,6.2,307.5,9.2,D,0
-14.9859,127.5907,334.8,1,1,2014-05-08,0519,Aqua,MODIS,83,6.2,308.6,23.5,D,0
-14.8652,127.7241,329.4,1.1,1,2014-05-08,0519,Aqua,MODIS,64,6.2,308.9,14.7,D,0
-15.0661,130.4958,334.3,1.5,1.2,2014-05-08,0519,Aqua,MODIS,83,6.2,308.5,33,D,0
-15.0146,130.4537,324.2,1.5,1.2,2014-05-08,0519,Aqua,MODIS,61,6.2,307.1,16.4,D,0
-13.4068,131.2821,317.5,1.8,1.3,2014-05-08,0519,Aqua,MODIS,63,6.2,303,13.2,D,0
-13.3951,131.2801,334.7,1.8,1.3,2014-05-08,0519,Aqua,MODIS,85,6.2,305,56.9,D,0
-13.3978,131.2638,342.4,1.8,1.3,2014-05-08,0519,Aqua,MODIS,91,6.2,303.6,85.9,D,0
-15.016,127.8207,333.3,1.1,1,2014-05-08,0519,Aqua,MODIS,69,6.2,307.2,21.8,D,0
-15.0145,127.8306,331.9,1.1,1,2014-05-08,0519,Aqua,MODIS,55,6.2,308.2,19.4,D,0
-15.0731,127.6904,344.4,1,1,2014-05-08,0519,Aqua,MODIS,91,6.2,310.7,38.8,D,0
-15.0823,127.6919,344.9,1,1,2014-05-08,0519,Aqua,MODIS,88,6.2,308.1,38.9,D,0
-15.0809,127.7016,342.2,1,1,2014-05-08,0519,Aqua,MODIS,79,6.2,309.7,33.7,D,0
-15.0901,127.703,328.9,1,1,2014-05-08,0519,Aqua,MODIS,36,6.2,309.6,13.5,D,0
-15.0993,127.7045,327.4,1,1,2014-05-08,0519,Aqua,MODIS,48,6.2,309.2,11.9,D,0
-15.0408,127.6554,324.5,1,1,2014-05-08,0519,Aqua,MODIS,36,6.2,306.3,10.2,D,0
-15.0393,127.6651,336,1,1,2014-05-08,0519,Aqua,MODIS,84,6.2,309.9,26.2,D,0
-15.0485,127.6666,346.7,1,1,2014-05-08,0519,Aqua,MODIS,92,6.2,310.2,44.2,D,0
-14.8793,127.7563,339.4,1.1,1,2014-05-08,0519,Aqua,MODIS,87,6.2,309.7,30.2,D,0
-14.8778,127.7661,331.2,1.1,1,2014-05-08,0519,Aqua,MODIS,61,6.2,310.3,15.9,D,0
-14.8913,127.7384,349.1,1.1,1,2014-05-08,0519,Aqua,MODIS,94,6.2,307,51.2,D,0
-14.8899,127.7481,397.8,1.1,1,2014-05-08,0519,Aqua,MODIS,100,6.2,316.2,245.4,D,0
-14.8885,127.7579,355.6,1.1,1,2014-05-08,0519,Aqua,MODIS,97,6.2,311,66.2,D,0
-14.8991,127.7497,365.7,1.1,1,2014-05-08,0519,Aqua,MODIS,100,6.2,308.8,97.6,D,0
-14.8977,127.7594,336.1,1.1,1,2014-05-08,0519,Aqua,MODIS,81,6.2,308.1,25.7,D,0
-14.8962,127.7692,336.7,1.1,1,2014-05-08,0519,Aqua,MODIS,63,6.2,310.1,23.9,D,0
-14.9011,127.8,331.8,1.1,1,2014-05-08,0519,Aqua,MODIS,38,6.2,312.3,16.7,D,0
-14.908,127.797,344.5,1.1,1,2014-05-08,0519,Aqua,MODIS,62,6.2,313,36.2,D,0
-15.9388,130.5012,336.5,1.4,1.2,2014-05-08,0519,Aqua,MODIS,84,6.2,309.6,41.9,D,0
-15.9613,130.5244,326.4,1.4,1.2,2014-05-08,0519,Aqua,MODIS,47,6.2,311.7,16.9,D,0
-13.7811,133.1857,324.5,2.4,1.5,2014-05-08,0519,Aqua,MODIS,74,6.2,299.9,48.7,D,0
-13.7715,133.1613,325.4,2.4,1.5,2014-05-08,0519,Aqua,MODIS,53,6.2,299.7,48.5,D,0
-13.7727,133.1769,326.2,2.4,1.5,2014-05-08,0519,Aqua,MODIS,78,6.2,299.8,55.4,D,0
-13.7764,133.1552,319.7,2.4,1.5,2014-05-08,0519,Aqua,MODIS,37,6.2,298.8,28.5,D,0
-14.7021,127.6462,328.9,1.1,1,2014-05-08,0519,Aqua,MODIS,77,6.2,310.6,16.2,D,0
-15.0962,127.2827,337,1,1,2014-05-08,0519,Aqua,MODIS,85,6.2,309.7,25.9,D,0
-15.0976,127.2733,334,1,1,2014-05-08,0519,Aqua,MODIS,83,6.2,309.7,21.2,D,0
-14.5485,127.3145,331.6,1,1,2014-05-08,0519,Aqua,MODIS,81,6.2,307.2,20.5,D,0
-14.5801,127.2903,326.6,1,1,2014-05-08,0519,Aqua,MODIS,72,6.2,309.1,12.9,D,0
-14.5878,127.3012,323.7,1,1,2014-05-08,0519,Aqua,MODIS,34,6.2,307.6,8.6,D,0
-14.6244,127.2932,330.3,1,1,2014-05-08,0519,Aqua,MODIS,78,6.2,308.5,17.1,D,0
-14.623,127.3027,324.3,1,1,2014-05-08,0519,Aqua,MODIS,37,6.2,308.2,9.4,D,0
-14.6531,127.288,324.3,1,1,2014-05-08,0519,Aqua,MODIS,38,6.2,308.1,10.3,D,0
-15.9367,130.5143,329.4,1.4,1.2,2014-05-08,0519,Aqua,MODIS,72,6.2,308.3,24.7,D,0
-13.0302,130.908,316.5,1.7,1.3,2014-05-08,0519,Aqua,MODIS,61,6.2,302.2,12.7,D,0
-14.2733,134.0315,321.4,2.8,1.6,2014-05-08,0519,Aqua,MODIS,69,6.2,298.7,47.7,D,0
-12.8663,131.285,319.2,1.8,1.3,2014-05-08,0519,Aqua,MODIS,59,6.2,301.3,16.8,D,0
-12.9272,131.8061,317.9,2,1.4,2014-05-08,0519,Aqua,MODIS,58,6.2,302.2,17.3,D,0
-13.1561,131.4639,319.2,1.8,1.3,2014-05-08,0519,Aqua,MODIS,59,6.2,303.9,15.5,D,0
-12.869,131.2685,317.6,1.8,1.3,2014-05-08,0519,Aqua,MODIS,39,6.2,301.4,13,D,0
-14.2652,134.3243,318.5,2.9,1.6,2014-05-08,0519,Aqua,MODIS,58,6.2,296.4,39,D,0
-13.0269,131.2076,318.7,1.8,1.3,2014-05-08,0519,Aqua,MODIS,66,6.2,301,19.5,D,0
-14.2461,134.6024,316.6,3,1.7,2014-05-08,0519,Aqua,MODIS,57,6.2,298,35.7,D,0
-14.2713,134.0263,325.5,2.8,1.6,2014-05-08,0519,Aqua,MODIS,68,6.2,298.8,64,D,0
-14.2696,134.2162,319.6,2.8,1.6,2014-05-08,0519,Aqua,MODIS,65,6.2,297.6,42.3,D,0
-14.2552,134.2134,316.2,2.8,1.6,2014-05-08,0519,Aqua,MODIS,29,6.2,297.1,26.7,D,0
-13.1533,131.4807,327.9,1.9,1.3,2014-05-08,0519,Aqua,MODIS,79,6.2,302.2,38.6,D,0
-12.8494,130.951,325.7,1.7,1.3,2014-05-08,0519,Aqua,MODIS,67,6.2,301.2,35.7,D,0
-14.2458,134.6102,315.7,3,1.7,2014-05-08,0519,Aqua,MODIS,53,6.2,298.1,32.7,D,0
-13.0281,130.9145,326.3,1.7,1.3,2014-05-08,0519,Aqua,MODIS,77,6.2,302.3,31.9,D,0
-14.2649,134.2426,325.7,2.9,1.6,2014-05-08,0519,Aqua,MODIS,76,6.2,297.5,70.6,D,0
-12.8636,131.3016,319.3,1.8,1.3,2014-05-08,0519,Aqua,MODIS,49,6.2,301.1,16.7,D,0
-14.5277,134.076,314.3,2.7,1.6,2014-05-08,0519,Aqua,MODIS,39,6.2,299.9,20,D,0
-14.2604,134.4356,321.7,3,1.6,2014-05-08,0519,Aqua,MODIS,44,6.2,296.6,49.9,D,0
-14.3001,134.4798,323.8,3,1.6,2014-05-08,0519,Aqua,MODIS,73,6.2,297.2,64.8,D,0
-14.2637,134.0036,318,2.7,1.6,2014-05-08,0519,Aqua,MODIS,31,6.2,298.2,31.7,D,0
-13.0277,130.9235,324.4,1.7,1.3,2014-05-08,0519,Aqua,MODIS,75,6.2,301.9,29.2,D,0
-12.8381,131.3832,331.1,1.8,1.3,2014-05-08,0519,Aqua,MODIS,83,6.2,300.6,50.3,D,0
-13.0296,131.1914,316,1.8,1.3,2014-05-08,0519,Aqua,MODIS,55,6.2,300.9,14,D,0
-12.8521,130.9447,316.8,1.7,1.3,2014-05-08,0519,Aqua,MODIS,48,6.2,301,15.9,D,0
-12.8262,131.3811,339.4,1.8,1.3,2014-05-08,0519,Aqua,MODIS,89,6.2,300.4,80.5,D,0
-14.2668,134.3327,325.3,2.9,1.6,2014-05-08,0519,Aqua,MODIS,64,6.2,296.4,66.7,D,0
-12.542,132.3667,316.2,2.2,1.4,2014-05-08,0519,Aqua,MODIS,62,6.2,297.6,23.9,D,0
-12.8353,131.4001,323.9,1.9,1.3,2014-05-08,0519,Aqua,MODIS,75,6.2,300.9,29.6,D,0
-14.3331,130.4017,322.8,1.5,1.2,2014-05-08,0519,Aqua,MODIS,57,6.2,302.3,21.4,D,0
-14.3224,130.3998,351.4,1.5,1.2,2014-05-08,0519,Aqua,MODIS,95,6.2,302.2,100.3,D,0
-15.9787,128.0244,322.2,1.1,1,2014-05-08,0519,Aqua,MODIS,56,6.2,309.5,6.3,D,0
-15.6326,128.6104,332.5,1.1,1.1,2014-05-08,0519,Aqua,MODIS,68,6.2,311.9,19.7,D,0
-15.6247,128.5982,334.4,1.1,1.1,2014-05-08,0519,Aqua,MODIS,82,6.2,310.6,22.3,D,0
-14.2553,130.5238,317.1,1.5,1.2,2014-05-08,0519,Aqua,MODIS,55,6.2,303.7,11.3,D,0
-16.7636,126.0456,341.2,1,1,2014-05-08,0519,Aqua,MODIS,88,6.2,312.6,31.5,D,0
-15.7978,128.4431,329.2,1.1,1,2014-05-08,0519,Aqua,MODIS,75,6.2,308.9,16.7,D,0
-14.2579,130.4391,320.9,1.5,1.2,2014-05-08,0519,Aqua,MODIS,26,6.2,301.1,16.7,D,0
-15.77,129.104,331.2,1.2,1.1,2014-05-08,0519,Aqua,MODIS,78,6.2,308.9,23.9,D,0
-16.7817,126.0484,335.3,1,1,2014-05-08,0519,Aqua,MODIS,73,6.2,311.7,20.8,D,0
-15.7603,129.1024,352.2,1.2,1.1,2014-05-08,0519,Aqua,MODIS,95,6.2,311,70.4,D,0
-15.762,129.0914,330.6,1.2,1.1,2014-05-08,0519,Aqua,MODIS,77,6.2,309.5,22.9,D,0
-15.7963,128.4531,326.3,1.1,1,2014-05-08,0519,Aqua,MODIS,61,6.2,308.3,12.8,D,0
-16.7997,126.0512,337.7,1,1,2014-05-08,0519,Aqua,MODIS,69,6.2,310.4,24,D,0
-16.7984,126.0606,341.2,1,1,2014-05-08,0519,Aqua,MODIS,88,6.2,312.4,29.7,D,0
-16.8088,126.0526,328.7,1,1,2014-05-08,0519,Aqua,MODIS,23,6.2,309.3,11.9,D,0
-15.9256,128.0203,329.5,1.1,1,2014-05-08,0519,Aqua,MODIS,72,6.2,312.5,14.7,D,0
-16.8074,126.062,343.2,1,1,2014-05-08,0519,Aqua,MODIS,89,6.2,313.1,34.6,D,0
-15.6405,128.5589,326.9,1.1,1.1,2014-05-08,0519,Aqua,MODIS,46,6.2,313.4,9.6,D,0
-15.9102,127.9977,325.7,1.1,1,2014-05-08,0519,Aqua,MODIS,27,6.2,311.7,9.7,D,0
-14.2556,130.4531,327.6,1.5,1.2,2014-05-08,0519,Aqua,MODIS,59,6.2,301.9,27.9,D,0
-14.2512,130.4802,323,1.5,1.2,2014-05-08,0519,Aqua,MODIS,50,6.2,302.6,18.8,D,0
-15.9718,128.0276,323.8,1.1,1,2014-05-08,0519,Aqua,MODIS,52,6.2,311.3,9.6,D,0
-14.7841,125.8104,324.7,1,1,2014-05-08,0519,Aqua,MODIS,72,6.2,308.2,12.6,D,0
-14.2576,130.5098,318.6,1.5,1.2,2014-05-08,0519,Aqua,MODIS,19,6.2,303.4,12.1,D,0
-15.8222,128.2811,321.5,1.1,1,2014-05-08,0519,Aqua,MODIS,52,6.2,309.5,6.1,D,0
-15.6452,128.6546,329,1.1,1.1,2014-05-08,0519,Aqua,MODIS,57,6.2,312,14.7,D,0
-15.4373,130.6148,325.4,1.5,1.2,2014-05-08,0519,Aqua,MODIS,72,6.2,312,14.6,D,0
-15.9271,128.0105,325.4,1.1,1,2014-05-08,0519,Aqua,MODIS,56,6.2,311.5,9.4,D,0
-14.8333,125.7227,324.3,1,1,2014-05-08,0519,Aqua,MODIS,73,6.2,306.2,13.4,D,0
-14.832,125.732,324.7,1,1,2014-05-08,0519,Aqua,MODIS,73,6.2,304.8,14.3,D,0
-14.6521,125.7648,319.6,1,1,2014-05-08,0519,Aqua,MODIS,56,6.2,305.3,7.6,D,0
-14.6534,125.7555,342.1,1,1,2014-05-08,0519,Aqua,MODIS,90,6.2,307.6,36.9,D,0
-14.4292,132.9464,320.4,2.3,1.5,2014-05-08,0519,Aqua,MODIS,66,6.2,303.9,26.3,D,0
-15.3903,133.7688,356.3,2.5,1.5,2014-05-08,0519,Aqua,MODIS,98,6.2,306.7,253.3,D,0
-15.3862,133.7918,332.4,2.5,1.5,2014-05-08,0519,Aqua,MODIS,82,6.2,305.7,81.8,D,0
-15.3862,133.7498,331.1,2.5,1.5,2014-05-08,0519,Aqua,MODIS,81,6.2,303.2,72.7,D,0
-15.3956,133.7753,345.6,2.5,1.5,2014-05-08,0519,Aqua,MODIS,92,6.2,305.1,163.1,D,0
-15.3943,133.746,316.9,2.5,1.5,2014-05-08,0519,Aqua,MODIS,22,6.2,302.5,17.9,D,0
-14.7162,131.7088,321.4,1.8,1.3,2014-05-08,0519,Aqua,MODIS,31,6.2,307.1,17.1,D,0
-14.7142,132.9618,316.9,2.2,1.4,2014-05-08,0519,Aqua,MODIS,38,6.2,303.6,14.3,D,0
-14.7255,132.9778,319.6,2.2,1.5,2014-05-08,0519,Aqua,MODIS,60,6.2,305.7,21.6,D,0
-14.7106,132.9824,327.5,2.2,1.5,2014-05-08,0519,Aqua,MODIS,77,6.2,305.2,49.2,D,0
-14.7125,132.9753,328.6,2.2,1.5,2014-05-08,0519,Aqua,MODIS,78,6.2,305,52.1,D,0
-14.5083,133.2376,319.9,2.4,1.5,2014-05-08,0519,Aqua,MODIS,65,6.2,302.1,25.4,D,0
-14.7828,133.2404,327.7,2.3,1.5,2014-05-08,0519,Aqua,MODIS,78,6.2,304.3,56.6,D,0
-14.7696,133.2379,317.6,2.3,1.5,2014-05-08,0519,Aqua,MODIS,54,6.2,303.5,20.2,D,0
-14.7713,133.2555,318.5,2.3,1.5,2014-05-08,0519,Aqua,MODIS,33,6.2,304,19.9,D,0
-14.775,133.234,323.3,2.3,1.5,2014-05-08,0519,Aqua,MODIS,68,6.2,303.7,37.6,D,0
-14.4291,132.93,321.2,2.3,1.5,2014-05-08,0519,Aqua,MODIS,48,6.2,303.3,27.1,D,0
-14.4327,132.9256,318.5,2.3,1.5,2014-05-08,0519,Aqua,MODIS,59,6.2,302.8,20.6,D,0
-14.3999,132.7307,316.2,2.2,1.4,2014-05-08,0519,Aqua,MODIS,50,6.2,302.6,15,D,0
-16.7649,126.0362,371.4,1,1,2014-05-08,0519,Aqua,MODIS,100,6.2,315.6,109.7,D,0
-14.8682,131.9753,335.3,1.9,1.3,2014-05-08,0519,Aqua,MODIS,85,6.2,303.6,64,D,0
-14.7235,132.9849,318.4,2.2,1.5,2014-05-08,0519,Aqua,MODIS,60,6.2,305.6,19.1,D,0
-15.3914,133.7983,321.4,2.5,1.5,2014-05-08,0519,Aqua,MODIS,54,6.2,304,31.4,D,0
-14.4742,133.1347,318.7,2.3,1.5,2014-05-08,0519,Aqua,MODIS,62,6.2,302,22.8,D,0
-16.3386,130.6709,331.9,1.4,1.2,2014-05-08,0519,Aqua,MODIS,77,6.2,311.6,28.4,D,0
-16.3408,130.6577,331.3,1.4,1.2,2014-05-08,0519,Aqua,MODIS,77,6.2,311.5,28.1,D,0
-16.0776,130.7153,331.1,1.5,1.2,2014-05-08,0519,Aqua,MODIS,60,6.2,311.6,25.1,D,0
-15.3767,133.7661,323.6,2.5,1.5,2014-05-08,0519,Aqua,MODIS,72,6.2,305.3,44.4,D,0
-15.3821,133.7726,343.4,2.5,1.5,2014-05-08,0519,Aqua,MODIS,91,6.2,307.2,146.1,D,0
-14.6804,125.7596,326.5,1,1,2014-05-08,0519,Aqua,MODIS,70,6.2,310,11.9,D,0
-15.6731,133.7233,332.2,2.4,1.5,2014-05-08,0519,Aqua,MODIS,82,6.2,307.9,74.2,D,0
-16.125,130.716,321.9,1.4,1.2,2014-05-08,0519,Aqua,MODIS,58,6.2,310,11.6,D,0
-15.6691,133.7458,322.4,2.5,1.5,2014-05-08,0519,Aqua,MODIS,42,6.2,307.8,32.5,D,0
-15.681,133.7322,325.4,2.4,1.5,2014-05-08,0519,Aqua,MODIS,41,6.2,305.2,43.7,D,0
-12.4808,130.7448,315.3,1.7,1.3,2014-05-08,0520,Aqua,MODIS,48,6.2,299.5,14,D,0
-12.4107,130.9573,317.3,1.7,1.3,2014-05-08,0520,Aqua,MODIS,64,6.2,299.8,14.2,D,0
-12.6768,130.7437,316.7,1.7,1.3,2014-05-08,0520,Aqua,MODIS,66,6.2,301.3,13.7,D,0
-12.3668,130.9606,321.4,1.8,1.3,2014-05-08,0520,Aqua,MODIS,40,6.2,300.5,21.3,D,0
-12.6792,130.7285,314.8,1.7,1.3,2014-05-08,0520,Aqua,MODIS,61,6.2,300.7,11,D,0
-12.4833,130.7294,316.4,1.7,1.3,2014-05-08,0520,Aqua,MODIS,62,6.2,300,16,D,0
-12.3758,130.9785,323.3,1.8,1.3,2014-05-08,0520,Aqua,MODIS,65,6.2,300.6,27,D,0
-32.4817,116.1904,314.6,3.2,1.7,2014-05-08,0653,Aqua,MODIS,47,6.2,279.4,87.9,D,0
-42.0793,148.2831,301.7,1.1,1,2014-05-08,1258,Terra,MODIS,44,6.2,280.6,9,N,0
-28.1756,149.3459,305.1,1.2,1.1,2014-05-08,1301,Terra,MODIS,63,6.2,284.8,10.6,N,0
-28.6927,147.9509,307.2,1,1,2014-05-08,1301,Terra,MODIS,71,6.2,281.9,11.5,N,0
-28.6911,147.9615,312.5,1,1,2014-05-08,1301,Terra,MODIS,85,6.2,282.5,15.5,N,0
-28.9354,148.2941,304.8,1.1,1,2014-05-08,1301,Terra,MODIS,62,6.2,282.1,10.5,N,0
-28.1736,149.3578,320.2,1.2,1.1,2014-05-08,1301,Terra,MODIS,100,6.2,284.8,26,N,0
-28.1716,149.3697,301.2,1.2,1.1,2014-05-08,1301,Terra,MODIS,28,6.2,283.6,7.7,N,0
-26.6557,149.6618,301.5,1.3,1.1,2014-05-08,1302,Terra,MODIS,42,6.2,285.1,9.7,N,0
-22.4202,148.7283,320.5,1.3,1.1,2014-05-08,1303,Terra,MODIS,100,6.2,284.5,31.5,N,0
-20.7312,139.4786,304.6,1.7,1.3,2014-05-08,1304,Terra,MODIS,61,6.2,287.8,15.6,N,2
-15.6715,133.7032,317.7,3.9,1.8,2014-05-08,1305,Terra,MODIS,95,6.2,290,115.9,N,0
-15.6784,133.7352,329.1,3.8,1.8,2014-05-08,1305,Terra,MODIS,100,6.2,291.5,200.6,N,0
-15.6679,133.7392,325.4,3.8,1.8,2014-05-08,1305,Terra,MODIS,100,6.2,290.8,168.2,N,0
-15.6822,133.6991,308.2,3.9,1.8,2014-05-08,1305,Terra,MODIS,74,6.2,289.7,63.7,N,0
-12.5289,141.9483,310.1,1,1,2014-05-08,1306,Terra,MODIS,78,6.2,294.2,8.1,N,0
-32.4778,116.1746,301,1.9,1.4,2014-05-08,1439,Terra,MODIS,37,6.2,281.8,18.3,N,0
-21.7311,120.0889,329.6,1,1,2014-05-08,1442,Terra,MODIS,100,6.2,293.1,26.6,N,0
-21.7298,120.0986,304,1,1,2014-05-08,1442,Terra,MODIS,58,6.2,292.3,3.8,N,0
-22.4967,124.7512,303.3,1.5,1.2,2014-05-08,1442,Terra,MODIS,8,6.2,291.1,6.3,N,0
-22.5791,124.7454,304.9,1.5,1.2,2014-05-08,1442,Terra,MODIS,62,6.2,291.5,9.6,N,0
-22.5364,124.7365,303,1.5,1.2,2014-05-08,1442,Terra,MODIS,27,6.2,291.4,6.5,N,0
-22.5336,124.7294,306.3,1.5,1.2,2014-05-08,1442,Terra,MODIS,68,6.2,291.7,9.8,N,0
-22.4778,124.7327,304,1.5,1.2,2014-05-08,1442,Terra,MODIS,46,6.2,291.1,8,N,0
-22.5291,124.7788,304.5,1.5,1.2,2014-05-08,1442,Terra,MODIS,60,6.2,291.7,7.7,N,0
-22.5398,124.7811,305.4,1.5,1.2,2014-05-08,1442,Terra,MODIS,57,6.2,291.7,8.6,N,0
-22.6518,124.7949,302.1,1.5,1.2,2014-05-08,1442,Terra,MODIS,46,6.2,287,7.6,N,0
-17.6303,126.4323,304.5,2.4,1.5,2014-05-08,1443,Terra,MODIS,35,6.2,293.8,17.7,N,0
-16.6959,126.0468,307.6,2.3,1.5,2014-05-08,1443,Terra,MODIS,72,6.2,291.3,28.3,N,0
-17.6289,126.4158,304.3,2.4,1.5,2014-05-08,1443,Terra,MODIS,52,6.2,293.9,17.7,N,0
-16.764,125.9554,304.2,2.3,1.5,2014-05-08,1443,Terra,MODIS,38,6.2,292.5,19.7,N,0
-16.7675,125.9499,305.4,2.3,1.5,2014-05-08,1443,Terra,MODIS,64,6.2,292.6,23.1,N,0
-20.6438,116.7838,313.2,1.2,1.1,2014-05-08,1443,Terra,MODIS,81,6.2,290.5,14.1,N,0
-20.6453,116.7718,307,1.2,1.1,2014-05-08,1443,Terra,MODIS,47,6.2,287.9,8.3,N,0
-14.9641,130.9805,304.6,2.9,1.6,2014-05-08,1610,Aqua,MODIS,61,6.2,292.2,28.9,N,0
-14.9663,130.9751,303,2.9,1.6,2014-05-08,1610,Aqua,MODIS,53,6.2,292.3,24.6,N,0
-20.7338,139.4838,302.1,1.1,1,2014-05-08,1612,Aqua,MODIS,47,6.2,288.8,6.6,N,2
-20.7324,139.4735,301.3,1.1,1,2014-05-08,1612,Aqua,MODIS,39,6.2,289.5,5.8,N,2
-20.6514,116.7757,302.6,1.3,1.1,2014-05-08,1750,Aqua,MODIS,50,6.2,290.9,6.2,N,0
-26.495,150.0051,311.2,1.3,1.1,2014-05-08,2359,Terra,MODIS,52,6.2,287.9,12.3,D,0
-26.6271,149.134,309,1.4,1.2,2014-05-08,2359,Terra,MODIS,57,6.2,286.9,11.6,D,0
-26.6236,149.1416,313.2,1.4,1.2,2014-05-08,2359,Terra,MODIS,65,6.2,286.4,16,D,0
-26.5031,149.9973,328.2,1.3,1.1,2014-05-08,2359,Terra,MODIS,85,6.2,287.5,35.8,D,0
-26.5053,150.01,321.2,1.3,1.1,2014-05-08,2359,Terra,MODIS,81,6.2,286.3,24.9,D,0
-26.6841,150.5108,306.2,1.2,1.1,2014-05-08,2359,Terra,MODIS,63,6.2,280,10.7,D,0
-26.6862,150.5227,317.4,1.2,1.1,2014-05-08,2359,Terra,MODIS,78,6.2,281.6,21.1,D,0
-26.7961,150.2064,302.2,1.2,1.1,2014-05-08,2359,Terra,MODIS,51,6.2,282.4,5.3,D,2
-26.4318,149.8193,316.9,1.3,1.1,2014-05-08,2359,Terra,MODIS,77,6.2,282.4,20.6,D,0
-26.442,149.8171,306.5,1.3,1.1,2014-05-08,2359,Terra,MODIS,48,6.2,283.2,8.3,D,0
-25.1338,149.9223,315.8,1.3,1.2,2014-05-08,2359,Terra,MODIS,76,6.2,290.3,19.2,D,0
-28.4126,152.2834,314.9,1,1,2014-05-09,0000,Terra,MODIS,75,6.2,292.4,13.1,D,0
-29.3014,153.1229,300.8,1,1,2014-05-09,0000,Terra,MODIS,29,6.2,285.3,4.8,D,0
-29.5492,150.5052,305.7,1.1,1,2014-05-09,0000,Terra,MODIS,48,6.2,292.7,6.4,D,0
-30.6223,151.315,303.5,1,1,2014-05-09,0000,Terra,MODIS,56,6.2,288.1,6.3,D,0
-38.4694,146.6064,304.5,1.2,1.1,2014-05-09,0003,Terra,MODIS,56,6.2,284.1,10,D,0
-38.4718,146.6198,343.8,1.2,1.1,2014-05-09,0003,Terra,MODIS,93,6.2,285.9,68.8,D,0
-38.4791,146.6029,305.8,1.2,1.1,2014-05-09,0003,Terra,MODIS,62,6.2,284.2,10.9,D,0
-42.2806,146.9132,302.6,1.1,1,2014-05-09,0004,Terra,MODIS,53,6.2,283.1,8.8,D,0
-13.3199,132.8085,317.9,1,1,2014-05-09,0134,Terra,MODIS,39,6.2,304.3,7.5,D,0
-13.3149,132.8378,328.5,1,1,2014-05-09,0134,Terra,MODIS,80,6.2,304,19.2,D,0
-13.3003,131.3613,333.6,1,1,2014-05-09,0134,Terra,MODIS,80,6.2,305.4,24.6,D,0
-13.3367,132.8665,320.8,1,1,2014-05-09,0134,Terra,MODIS,70,6.2,305.1,10.1,D,0
-13.3162,132.8472,314.2,1,1,2014-05-09,0134,Terra,MODIS,25,6.2,301.7,4.6,D,0
-13.3417,132.837,317.8,1,1,2014-05-09,0134,Terra,MODIS,64,6.2,301.8,8.1,D,0
-13.3017,131.3705,325.6,1,1,2014-05-09,0134,Terra,MODIS,73,6.2,305.8,14.4,D,0
-13.0314,131.5963,333.7,1,1,2014-05-09,0134,Terra,MODIS,85,6.2,305.3,22.5,D,0
-13.03,131.5871,322,1,1,2014-05-09,0134,Terra,MODIS,44,6.2,304,9,D,0
-13.1999,131.6146,325.2,1,1,2014-05-09,0134,Terra,MODIS,59,6.2,306.7,11.4,D,0
-13.2922,131.3689,341.8,1,1,2014-05-09,0134,Terra,MODIS,90,6.2,308.4,35.7,D,0
-13.2908,131.3597,336.6,1,1,2014-05-09,0134,Terra,MODIS,87,6.2,305.6,27.5,D,0
-13.0237,131.6069,321.3,1,1,2014-05-09,0134,Terra,MODIS,27,6.2,306.7,6.7,D,0
-13.2089,131.6132,330.8,1,1,2014-05-09,0134,Terra,MODIS,74,6.2,308,16.7,D,0
-13.055,130.7145,335.6,1,1,2014-05-09,0134,Terra,MODIS,86,6.2,301.7,29.7,D,0
-12.926,131.8154,326.9,1,1,2014-05-09,0134,Terra,MODIS,79,6.2,305.3,16.1,D,0
-13.0565,130.724,317.3,1,1,2014-05-09,0134,Terra,MODIS,59,6.2,301.3,7.3,D,0
-13.0459,130.7159,319.4,1,1,2014-05-09,0134,Terra,MODIS,67,6.2,302.3,9.4,D,0
-13.1235,133.3605,320.2,1.1,1,2014-05-09,0134,Terra,MODIS,69,6.2,304.4,8.5,D,0
-16.5019,134.3176,316.7,1.3,1.1,2014-05-09,0135,Terra,MODIS,55,6.2,303.7,10.1,D,0
-14.4333,132.9394,324.2,1,1,2014-05-09,0135,Terra,MODIS,69,6.2,308.6,11.9,D,0
-14.4346,132.9491,328.1,1,1,2014-05-09,0135,Terra,MODIS,78,6.2,308.7,16.6,D,0
-14.7248,131.7155,322,1,1,2014-05-09,0135,Terra,MODIS,47,6.2,306.6,8.5,D,0
-16.8252,130.7896,324.8,1,1,2014-05-09,0135,Terra,MODIS,73,6.2,305.4,13,D,0
-16.8383,130.8161,329.7,1,1,2014-05-09,0135,Terra,MODIS,77,6.2,309.7,16.8,D,0
-16.8397,130.8255,323.7,1,1,2014-05-09,0135,Terra,MODIS,38,6.2,308.7,9.4,D,0
-16.7966,130.6601,324.2,1,1,2014-05-09,0135,Terra,MODIS,72,6.2,304.2,13.2,D,0
-16.798,130.6695,325.5,1,1,2014-05-09,0135,Terra,MODIS,74,6.2,305,14.2,D,0
-16.7994,130.6788,327.7,1,1,2014-05-09,0135,Terra,MODIS,77,6.2,305.6,15.7,D,0
-16.8646,130.8693,334.4,1,1,2014-05-09,0135,Terra,MODIS,84,6.2,310,23.7,D,0
-16.866,130.8786,333.7,1,1,2014-05-09,0135,Terra,MODIS,84,6.2,309,22.8,D,0
-16.7636,130.748,331.7,1,1,2014-05-09,0135,Terra,MODIS,82,6.2,310,19.6,D,0
-16.765,130.7574,337.8,1,1,2014-05-09,0135,Terra,MODIS,87,6.2,311.3,28,D,0
-16.7664,130.7667,331.9,1,1,2014-05-09,0135,Terra,MODIS,82,6.2,310.4,20,D,0
-16.7712,130.7372,325.1,1,1,2014-05-09,0135,Terra,MODIS,65,6.2,304.5,11.8,D,0
-16.7726,130.7466,329.2,1,1,2014-05-09,0135,Terra,MODIS,79,6.2,306,17,D,0
-16.774,130.7559,323,1,1,2014-05-09,0135,Terra,MODIS,57,6.2,305.1,9.7,D,0
-16.7822,130.6877,331.1,1,1,2014-05-09,0135,Terra,MODIS,81,6.2,306.3,18.7,D,0
-16.7836,130.697,320.7,1,1,2014-05-09,0135,Terra,MODIS,60,6.2,306.2,7.3,D,0
-16.8287,130.875,324.7,1,1,2014-05-09,0135,Terra,MODIS,67,6.2,307.3,11.2,D,0
-16.8301,130.8843,323.4,1,1,2014-05-09,0135,Terra,MODIS,62,6.2,306.1,10,D,0
-14.7319,131.6991,317.2,1,1,2014-05-09,0135,Terra,MODIS,58,6.2,306,6.3,D,0
-14.7332,131.7084,317.4,1,1,2014-05-09,0135,Terra,MODIS,59,6.2,305.5,6.4,D,0
-14.8321,131.6302,326.9,1,1,2014-05-09,0135,Terra,MODIS,71,6.2,306.2,14.2,D,0
-14.89,131.6497,320.2,1,1,2014-05-09,0135,Terra,MODIS,25,6.2,306.8,6.9,D,0
-14.5019,133.2418,322,1.1,1,2014-05-09,0135,Terra,MODIS,68,6.2,307.6,9.2,D,0
-14.5033,133.2517,327.2,1.1,1,2014-05-09,0135,Terra,MODIS,76,6.2,308.5,15.8,D,0
-14.7765,133.2345,324.4,1.1,1,2014-05-09,0135,Terra,MODIS,73,6.2,306.4,14.1,D,0
-14.8458,131.975,319,1,1,2014-05-09,0135,Terra,MODIS,40,6.2,307.3,6.1,D,0
-14.8785,132.0109,326.2,1,1,2014-05-09,0135,Terra,MODIS,65,6.2,306.9,12.9,D,0
-15.6735,133.7532,321.8,1.2,1.1,2014-05-09,0135,Terra,MODIS,19,6.2,309.6,9.1,D,0
-16.1165,130.7314,317.6,1,1,2014-05-09,0135,Terra,MODIS,36,6.2,306.8,5.3,D,0
-16.5504,130.5547,318.5,1,1,2014-05-09,0135,Terra,MODIS,45,6.2,305.7,5.9,D,0
-16.4619,134.2463,331.8,1.2,1.1,2014-05-09,0135,Terra,MODIS,82,6.2,304.6,33,D,0
-16.4635,134.2579,341.2,1.3,1.1,2014-05-09,0135,Terra,MODIS,90,6.2,305,51.7,D,0
-16.4651,134.2695,369.8,1.3,1.1,2014-05-09,0135,Terra,MODIS,100,6.2,312.1,149.9,D,0
-16.4667,134.2812,322.9,1.3,1.1,2014-05-09,0135,Terra,MODIS,72,6.2,307.3,18,D,0
-16.4627,134.2515,338.7,1.3,1.1,2014-05-09,0135,Terra,MODIS,88,6.2,305,46.5,D,0
-16.4642,134.2632,354.7,1.3,1.1,2014-05-09,0135,Terra,MODIS,97,6.2,308.1,89.5,D,0
-16.4657,134.2748,344.6,1.3,1.1,2014-05-09,0135,Terra,MODIS,92,6.2,309.6,60.7,D,0
-16.4742,134.2618,346.8,1.3,1.1,2014-05-09,0135,Terra,MODIS,93,6.2,303,66.9,D,0
-16.4757,134.2735,391.9,1.3,1.1,2014-05-09,0135,Terra,MODIS,100,6.2,312.4,279.9,D,0
-16.4772,134.2851,364.6,1.3,1.1,2014-05-09,0135,Terra,MODIS,100,6.2,311.1,126.6,D,0
-16.4787,134.2969,327.9,1.3,1.1,2014-05-09,0135,Terra,MODIS,39,6.2,306.9,23.8,D,0
-16.4888,134.2955,340.2,1.3,1.1,2014-05-09,0135,Terra,MODIS,89,6.2,304.7,48.9,D,0
-16.4903,134.3072,343,1.3,1.1,2014-05-09,0135,Terra,MODIS,91,6.2,306.1,56.1,D,0
-16.5003,134.3058,323.7,1.3,1.1,2014-05-09,0135,Terra,MODIS,73,6.2,303.6,19.2,D,0
-16.3064,130.4037,319.8,1,1,2014-05-09,0135,Terra,MODIS,61,6.2,306,9.7,D,0
-16.2496,130.698,318.5,1,1,2014-05-09,0135,Terra,MODIS,39,6.2,307.4,5.9,D,0
-16.296,130.7002,320.6,1,1,2014-05-09,0135,Terra,MODIS,31,6.2,308.9,6.6,D,0
-13.8157,131.9811,327.2,1,1,2014-05-09,0135,Terra,MODIS,78,6.2,305.6,15.2,D,0
-13.8144,131.9719,321.2,1,1,2014-05-09,0135,Terra,MODIS,69,6.2,304.7,8.9,D,0
-13.8184,131.9995,341.1,1,1,2014-05-09,0135,Terra,MODIS,90,6.2,306.5,34.4,D,0
-14.2918,132.7901,324.4,1,1,2014-05-09,0135,Terra,MODIS,73,6.2,306.9,10.8,D,0
-14.2634,130.7831,327.5,1,1,2014-05-09,0135,Terra,MODIS,69,6.2,302.5,16,D,0
-14.05,132.6448,319,1,1,2014-05-09,0135,Terra,MODIS,42,6.2,306.1,6.2,D,0
-13.6407,130.8082,346.1,1,1,2014-05-09,0135,Terra,MODIS,93,6.2,305.8,45.9,D,0
-13.6317,130.8096,320.8,1,1,2014-05-09,0135,Terra,MODIS,70,6.2,305.9,9.6,D,0
-14.2932,132.7996,321.2,1,1,2014-05-09,0135,Terra,MODIS,67,6.2,307.2,7.3,D,0
-14.162,132.5262,334.1,1,1,2014-05-09,0135,Terra,MODIS,84,6.2,306.2,25.2,D,0
-14.3645,130.9041,339,1,1,2014-05-09,0135,Terra,MODIS,88,6.2,308,31.9,D,0
-14.868,131.0044,324.2,1,1,2014-05-09,0135,Terra,MODIS,61,6.2,309.5,10.6,D,0
-14.8694,131.0137,323.6,1,1,2014-05-09,0135,Terra,MODIS,53,6.2,308.2,9.9,D,0
-14.8204,131.6132,337.3,1,1,2014-05-09,0135,Terra,MODIS,87,6.2,306.5,27.8,D,0
-13.8432,132.0428,322.3,1,1,2014-05-09,0135,Terra,MODIS,49,6.2,306.2,9.3,D,0
-15.0039,131.2989,323.4,1,1,2014-05-09,0135,Terra,MODIS,47,6.2,309.9,8.3,D,0
-13.8225,132.0271,324.4,1,1,2014-05-09,0135,Terra,MODIS,74,6.2,305.8,11.5,D,0
-13.8211,132.0179,323.3,1,1,2014-05-09,0135,Terra,MODIS,72,6.2,305.5,10.9,D,0
-13.8198,132.0087,323.8,1,1,2014-05-09,0135,Terra,MODIS,72,6.2,305.5,10.8,D,0
-13.9842,131.9996,326.4,1,1,2014-05-09,0135,Terra,MODIS,69,6.2,305.8,14,D,0
-13.9855,132.0088,346.5,1,1,2014-05-09,0135,Terra,MODIS,93,6.2,307.9,44,D,0
-13.9959,132.0167,345,1,1,2014-05-09,0135,Terra,MODIS,92,6.2,308.8,42.6,D,0
-13.9972,132.0259,324.4,1,1,2014-05-09,0135,Terra,MODIS,73,6.2,306.5,12.2,D,0
-14.0049,132.0154,367.1,1,1,2014-05-09,0135,Terra,MODIS,100,6.2,309.7,96.3,D,0
-14.0062,132.0246,361.8,1,1,2014-05-09,0135,Terra,MODIS,100,6.2,310.3,80.3,D,0
-14.0139,132.014,352,1,1,2014-05-09,0135,Terra,MODIS,96,6.2,307.9,55.6,D,0
-14.0152,132.0232,357.8,1,1,2014-05-09,0135,Terra,MODIS,98,6.2,311.4,69.5,D,0
-14.1634,132.5356,318.5,1,1,2014-05-09,0135,Terra,MODIS,43,6.2,305.3,6.6,D,0
-14.6564,131.3772,322.4,1,1,2014-05-09,0135,Terra,MODIS,49,6.2,304.5,10,D,0
-14.1813,133.6875,344.8,1.1,1,2014-05-09,0135,Terra,MODIS,92,6.2,306.8,47.9,D,0
-14.187,133.6906,325.1,1.1,1.1,2014-05-09,0135,Terra,MODIS,75,6.2,305.2,16,D,0
-14.3318,130.871,324.4,1,1,2014-05-09,0135,Terra,MODIS,56,6.2,311.1,8.5,D,0
-14.2547,130.9085,339.1,1,1,2014-05-09,0135,Terra,MODIS,88,6.2,308.4,29.6,D,0
-14.2561,130.9179,323.9,1,1,2014-05-09,0135,Terra,MODIS,60,6.2,308.9,8.9,D,0
-14.6254,131.3537,375,1,1,2014-05-09,0135,Terra,MODIS,100,6.2,309.2,122.9,D,0
-14.6164,131.3551,339,1,1,2014-05-09,0135,Terra,MODIS,88,6.2,307.6,29.8,D,0
-14.615,131.3458,359,1,1,2014-05-09,0135,Terra,MODIS,99,6.2,306.6,72.9,D,0
-14.606,131.3472,327.8,1,1,2014-05-09,0135,Terra,MODIS,69,6.2,306.8,15.6,D,0
-14.0217,132.6361,317.9,1,1,2014-05-09,0135,Terra,MODIS,33,6.2,304.8,6.3,D,0
-14.0231,132.6455,330.6,1,1,2014-05-09,0135,Terra,MODIS,81,6.2,307.4,19.9,D,0
-14.0308,132.6348,338.6,1,1,2014-05-09,0135,Terra,MODIS,88,6.2,305.8,32,D,0
-14.0321,132.6442,331.2,1,1,2014-05-09,0135,Terra,MODIS,81,6.2,307.1,20.1,D,0
-16.2483,131.7488,321,1,1,2014-05-09,0135,Terra,MODIS,67,6.2,310.2,8.4,D,0
-13.9387,132.0036,350.8,1,1,2014-05-09,0135,Terra,MODIS,95,6.2,309,51.7,D,0
-14.6267,131.3629,360.6,1,1,2014-05-09,0135,Terra,MODIS,100,6.2,309.9,75.8,D,0
-15.6129,131.7456,324.1,1,1,2014-05-09,0135,Terra,MODIS,63,6.2,307.1,11.1,D,0
-13.9662,132.0023,370.9,1,1,2014-05-09,0135,Terra,MODIS,100,6.2,311.1,108.7,D,0
-13.3823,130.7419,336.6,1,1,2014-05-09,0135,Terra,MODIS,87,6.2,306.5,30.7,D,0
-13.3809,130.7325,342,1,1,2014-05-09,0135,Terra,MODIS,90,6.2,305.2,39.7,D,0
-13.856,130.6498,321.4,1,1,2014-05-09,0135,Terra,MODIS,34,6.2,305,8.9,D,0
-13.8861,132.0209,331.7,1,1,2014-05-09,0135,Terra,MODIS,82,6.2,306.2,21.2,D,0
-13.8605,132.0341,326.6,1,1,2014-05-09,0135,Terra,MODIS,76,6.2,306.4,14.7,D,0
-13.8522,132.0414,318.3,1,1,2014-05-09,0135,Terra,MODIS,38,6.2,305.8,5.6,D,0
-14.8217,131.6224,334.1,1,1,2014-05-09,0135,Terra,MODIS,84,6.2,307.1,23.5,D,0
-14.8307,131.621,326.4,1,1,2014-05-09,0135,Terra,MODIS,66,6.2,308.1,13.3,D,0
-13.9221,132.0155,323.1,1,1,2014-05-09,0135,Terra,MODIS,59,6.2,306.1,10.1,D,0
-14.1856,133.6804,323.2,1.1,1,2014-05-09,0135,Terra,MODIS,72,6.2,304.7,13.8,D,0
-14.5709,131.3591,339.3,1,1,2014-05-09,0135,Terra,MODIS,88,6.2,306.9,31.7,D,0
-14.5785,131.3484,322.3,1,1,2014-05-09,0135,Terra,MODIS,49,6.2,304.8,9.7,D,0
-14.474,131.3893,318.1,1,1,2014-05-09,0135,Terra,MODIS,58,6.2,305.8,6.9,D,0
-14.6859,131.5141,322,1,1,2014-05-09,0135,Terra,MODIS,70,6.2,306.1,7.7,D,0
-14.9722,130.9628,316.5,1,1,2014-05-09,0135,Terra,MODIS,33,6.2,305.8,4.8,D,0
-14.5799,131.3577,323.9,1,1,2014-05-09,0135,Terra,MODIS,55,6.2,306.7,10.7,D,0
-14.5377,131.383,317.3,1,1,2014-05-09,0135,Terra,MODIS,28,6.2,306.1,5.5,D,0
-13.7574,131.5863,315.6,1,1,2014-05-09,0135,Terra,MODIS,55,6.2,304.9,5.1,D,0
-14.5391,131.3922,323.5,1,1,2014-05-09,0135,Terra,MODIS,68,6.2,306.3,11,D,0
-14.8576,130.9965,322.1,1,1,2014-05-09,0135,Terra,MODIS,36,6.2,307.8,8.6,D,0
-14.5404,131.4014,326.3,1,1,2014-05-09,0135,Terra,MODIS,72,6.2,306.1,13.6,D,0
-13.96,133.108,320.3,1.1,1,2014-05-09,0135,Terra,MODIS,49,6.2,308.6,7.6,D,0
-13.4309,131.0065,324.7,1,1,2014-05-09,0135,Terra,MODIS,76,6.2,304.7,15.4,D,0
-13.4295,130.9971,327.6,1,1,2014-05-09,0135,Terra,MODIS,79,6.2,304.9,18.5,D,0
-13.4219,131.0048,322.5,1,1,2014-05-09,0135,Terra,MODIS,73,6.2,304.7,11.8,D,0
-15.4444,131.7267,318.3,1,1,2014-05-09,0135,Terra,MODIS,28,6.2,307.1,6,D,0
-13.9752,132.001,349.2,1,1,2014-05-09,0135,Terra,MODIS,94,6.2,308.3,49.8,D,0
-13.9766,132.0102,333.8,1,1,2014-05-09,0135,Terra,MODIS,78,6.2,307.6,22.3,D,0
-13.9482,132.005,354,1,1,2014-05-09,0135,Terra,MODIS,97,6.2,310.7,60.2,D,0
-14.5508,131.4093,331.5,1,1,2014-05-09,0135,Terra,MODIS,82,6.2,307,18.5,D,0
-13.8796,133.0574,320.6,1,1,2014-05-09,0135,Terra,MODIS,50,6.2,307.7,9.2,D,0
-14.2511,132.5065,323.7,1,1,2014-05-09,0135,Terra,MODIS,69,6.2,305.7,11.6,D,0
-13.9774,131.9536,322.6,1,1,2014-05-09,0135,Terra,MODIS,70,6.2,305.3,10.8,D,0
-13.9644,131.9274,328.8,1,1,2014-05-09,0135,Terra,MODIS,79,6.2,306,16.6,D,0
-13.9631,131.9182,342.9,1,1,2014-05-09,0135,Terra,MODIS,91,6.2,307.6,37.7,D,0
-13.9541,131.9195,355.7,1,1,2014-05-09,0135,Terra,MODIS,98,6.2,308.6,63.6,D,0
-14.2498,132.4972,334.6,1,1,2014-05-09,0135,Terra,MODIS,84,6.2,305.7,25.6,D,0
-14.5957,131.3394,321.2,1,1,2014-05-09,0135,Terra,MODIS,58,6.2,306.1,9.4,D,0
-13.3387,130.7003,324.3,1,1,2014-05-09,0135,Terra,MODIS,72,6.2,305.8,13.2,D,0
-13.9121,131.8854,335.9,1,1,2014-05-09,0135,Terra,MODIS,86,6.2,306.8,23.8,D,0
-13.9253,131.8487,318.2,1,1,2014-05-09,0135,Terra,MODIS,60,6.2,307.4,7,D,0
-13.9267,131.8579,320.6,1,1,2014-05-09,0135,Terra,MODIS,66,6.2,307.9,9.4,D,0
-14.0228,132.0127,341.9,1,1,2014-05-09,0135,Terra,MODIS,90,6.2,306.5,34.8,D,0
-14.0242,132.0219,356.5,1,1,2014-05-09,0135,Terra,MODIS,98,6.2,309.9,66.2,D,0
-14.0332,132.0205,332.4,1,1,2014-05-09,0135,Terra,MODIS,82,6.2,307.7,20,D,0
-13.3512,130.6595,322,1,1,2014-05-09,0135,Terra,MODIS,32,6.2,307.4,9.9,D,0
-14.0389,131.9949,340.9,1,1,2014-05-09,0135,Terra,MODIS,89,6.2,306.8,32.3,D,0
-13.9265,131.9208,330.5,1,1,2014-05-09,0135,Terra,MODIS,74,6.2,306.6,17.4,D,0
-14.0567,133.0094,328.7,1,1,2014-05-09,0135,Terra,MODIS,72,6.2,308.9,14.9,D,0
-13.9334,131.9038,318,1,1,2014-05-09,0135,Terra,MODIS,33,6.2,305.5,5.5,D,0
-14.0402,132.0041,342,1,1,2014-05-09,0135,Terra,MODIS,90,6.2,307.7,34.3,D,0
-14.0416,132.0133,344.1,1,1,2014-05-09,0135,Terra,MODIS,91,6.2,309.1,39.4,D,0
-14.0429,132.0225,321.3,1,1,2014-05-09,0135,Terra,MODIS,51,6.2,306.7,8.1,D,0
-14.254,132.7859,351.7,1,1,2014-05-09,0135,Terra,MODIS,95,6.2,309.1,57.8,D,0
-13.9348,131.913,322.4,1,1,2014-05-09,0135,Terra,MODIS,68,6.2,306,9.9,D,0
-13.8171,131.9903,325.8,1,1,2014-05-09,0135,Terra,MODIS,61,6.2,305.2,12.5,D,0
-13.9527,131.9103,338.8,1,1,2014-05-09,0135,Terra,MODIS,88,6.2,307.7,29.7,D,0
-13.8843,132.1341,318.5,1,1,2014-05-09,0135,Terra,MODIS,37,6.2,305.6,6.1,D,0
-13.9424,131.9025,321.2,1,1,2014-05-09,0135,Terra,MODIS,34,6.2,306.2,8.3,D,0
-13.6422,130.8176,327.7,1,1,2014-05-09,0135,Terra,MODIS,79,6.2,307.6,16.8,D,0
-14.5949,131.4591,320.8,1,1,2014-05-09,0135,Terra,MODIS,39,6.2,306.5,7.2,D,0
-13.9437,131.9117,328.9,1,1,2014-05-09,0135,Terra,MODIS,79,6.2,306.3,16.7,D,0
-14.2396,130.7484,338,1,1,2014-05-09,0135,Terra,MODIS,88,6.2,305.3,32,D,0
-14.0071,131.968,319.8,1,1,2014-05-09,0135,Terra,MODIS,64,6.2,305.5,7.7,D,0
-14.2631,132.7846,338.6,1,1,2014-05-09,0135,Terra,MODIS,87,6.2,307.8,31.2,D,0
-14.2827,132.7914,345.2,1,1,2014-05-09,0135,Terra,MODIS,92,6.2,308.7,42,D,0
-14.2515,130.7657,324.4,1,1,2014-05-09,0135,Terra,MODIS,67,6.2,303.9,13.7,D,0
-13.8138,132.9886,318.2,1,1,2014-05-09,0135,Terra,MODIS,57,6.2,304.6,7.2,D,0
-13.8151,132.9981,332,1,1,2014-05-09,0135,Terra,MODIS,83,6.2,305.9,23.3,D,0
-16.3482,131.9964,330,1,1,2014-05-09,0135,Terra,MODIS,76,6.2,310.6,17.8,D,0
-14.5522,131.4185,328.6,1,1,2014-05-09,0135,Terra,MODIS,79,6.2,306.9,14.7,D,0
-14.5611,131.4171,333,1,1,2014-05-09,0135,Terra,MODIS,83,6.2,308.3,20.2,D,0
-14.3875,132.369,320.1,1,1,2014-05-09,0135,Terra,MODIS,63,6.2,308.5,7.3,D,0
-14.5182,131.499,326.9,1,1,2014-05-09,0135,Terra,MODIS,77,6.2,308.2,11.8,D,0
-14.9736,130.9721,321.8,1,1,2014-05-09,0135,Terra,MODIS,68,6.2,307.7,9.7,D,0
-14.2558,130.7938,319.7,1,1,2014-05-09,0135,Terra,MODIS,51,6.2,305.8,7.6,D,0
-15.6115,131.7363,323.9,1,1,2014-05-09,0135,Terra,MODIS,59,6.2,308.2,10.4,D,0
-14.2544,130.7845,334.8,1,1,2014-05-09,0135,Terra,MODIS,85,6.2,306.3,25.3,D,0
-14.3171,130.832,318.2,1,1,2014-05-09,0135,Terra,MODIS,34,6.2,306.1,5.9,D,0
-15.0088,131.2698,322.9,1,1,2014-05-09,0135,Terra,MODIS,63,6.2,308.8,9.7,D,0
-14.975,130.9814,322.1,1,1,2014-05-09,0135,Terra,MODIS,53,6.2,307,9.1,D,0
-14.9778,131,324.9,1,1,2014-05-09,0135,Terra,MODIS,69,6.2,309.1,11.8,D,0
-14.9791,131.0093,324.6,1,1,2014-05-09,0135,Terra,MODIS,69,6.2,307.9,11.6,D,0
-14.112,131.0003,329.3,1,1,2014-05-09,0135,Terra,MODIS,80,6.2,305.9,17.7,D,0
-14.1134,131.0096,321.7,1,1,2014-05-09,0135,Terra,MODIS,58,6.2,305.5,9.2,D,0
-13.597,131.9326,322.7,1,1,2014-05-09,0135,Terra,MODIS,40,6.2,303.3,10.6,D,0
-13.9572,132.0037,343.3,1,1,2014-05-09,0135,Terra,MODIS,91,6.2,307.5,37.5,D,0
-14.2518,130.8899,322.6,1,1,2014-05-09,0135,Terra,MODIS,39,6.2,305,10.1,D,0
-16.7572,130.6437,322.4,1,1,2014-05-09,0135,Terra,MODIS,69,6.2,308.4,9.9,D,0
-14.221,130.626,318.6,1,1,2014-05-09,0135,Terra,MODIS,53,6.2,302.5,8.2,D,0
-14.252,130.5242,317.4,1,1,2014-05-09,0135,Terra,MODIS,44,6.2,306,6.7,D,0
-14.2357,130.4781,320.9,1,1,2014-05-09,0135,Terra,MODIS,70,6.2,303.8,10.6,D,0
-14.2467,130.4274,333,1,1,2014-05-09,0135,Terra,MODIS,84,6.2,304.6,26.3,D,0
-16.092,128.2021,329.8,1.2,1.1,2014-05-09,0135,Terra,MODIS,80,6.2,306,23.9,D,0
-15.8174,128.2792,334.4,1.2,1.1,2014-05-09,0135,Terra,MODIS,84,6.2,308,32.9,D,0
-15.8155,128.2674,332.3,1.2,1.1,2014-05-09,0135,Terra,MODIS,83,6.2,305.7,29.8,D,0
-15.6991,128.5664,326.6,1.2,1.1,2014-05-09,0135,Terra,MODIS,76,6.2,305.8,18.8,D,0
-15.6531,128.6532,317.1,1.2,1.1,2014-05-09,0135,Terra,MODIS,25,6.2,305.5,6,D,0
-14.2224,130.6355,317.6,1,1,2014-05-09,0135,Terra,MODIS,25,6.2,302.7,7,D,0
-16.056,128.2313,326,1.2,1.1,2014-05-09,0135,Terra,MODIS,76,6.2,306.1,18.2,D,0
-14.267,130.4472,315.4,1,1,2014-05-09,0135,Terra,MODIS,56,6.2,304.7,5.6,D,0
-14.1643,130.5536,318,1,1,2014-05-09,0135,Terra,MODIS,64,6.2,305.4,7.4,D,0
-14.1628,130.5441,322.9,1,1,2014-05-09,0135,Terra,MODIS,73,6.2,305,12.3,D,0
-14.2481,130.437,324.5,1,1,2014-05-09,0135,Terra,MODIS,75,6.2,305,14.8,D,0
-15.6416,128.6438,321.3,1.2,1.1,2014-05-09,0135,Terra,MODIS,67,6.2,306.9,11.4,D,0
-13.8545,130.6403,325.3,1,1,2014-05-09,0135,Terra,MODIS,68,6.2,306.1,12.7,D,0
-15.7071,128.5532,316.3,1.2,1.1,2014-05-09,0135,Terra,MODIS,45,6.2,305.2,6.1,D,0
-15.7089,128.5645,320,1.2,1.1,2014-05-09,0135,Terra,MODIS,65,6.2,306.2,10.2,D,0
-16.082,128.2038,333.3,1.2,1.1,2014-05-09,0135,Terra,MODIS,84,6.2,305.1,30.5,D,0
-15.8037,128.444,319.7,1.2,1.1,2014-05-09,0135,Terra,MODIS,64,6.2,305.9,9.1,D,0
-14.2558,130.4261,317,1,1,2014-05-09,0135,Terra,MODIS,45,6.2,303.4,7.3,D,0
-15.8324,130.6797,338.3,1,1,2014-05-09,0135,Terra,MODIS,87,6.2,308.7,31,D,0
-15.8309,130.6703,319,1,1,2014-05-09,0135,Terra,MODIS,60,6.2,306.4,7.2,D,0
-15.8233,130.6811,328.7,1,1,2014-05-09,0135,Terra,MODIS,78,6.2,307.8,17.1,D,0
-14.6356,127.8815,333,1.4,1.2,2014-05-09,0135,Terra,MODIS,84,6.2,305.1,36.2,D,0
-15.1105,127.705,321.9,1.4,1.2,2014-05-09,0135,Terra,MODIS,63,6.2,306.1,14.7,D,0
-14.8327,130.1029,322.3,1.1,1,2014-05-09,0135,Terra,MODIS,53,6.2,308.8,9.1,D,0
-15.1126,127.7178,320.9,1.4,1.2,2014-05-09,0135,Terra,MODIS,55,6.2,306.1,13.2,D,0
-14.9309,127.8005,325.6,1.4,1.2,2014-05-09,0135,Terra,MODIS,71,6.2,304.8,20.3,D,0
-14.8791,127.7443,322.2,1.4,1.2,2014-05-09,0135,Terra,MODIS,72,6.2,305.8,13.6,D,0
-15.7949,130.676,334.4,1,1,2014-05-09,0135,Terra,MODIS,84,6.2,307.4,23.4,D,0
-15.1182,127.7102,326.9,1.4,1.2,2014-05-09,0135,Terra,MODIS,78,6.2,306.9,23.4,D,0
-14.954,127.3097,325,1.5,1.2,2014-05-09,0135,Terra,MODIS,45,6.2,306.2,19.9,D,0
-14.8838,130.0192,324.5,1.1,1,2014-05-09,0135,Terra,MODIS,72,6.2,305.4,13.5,D,0
-16.7544,130.625,319.8,1,1,2014-05-09,0135,Terra,MODIS,63,6.2,307.1,6.9,D,0
-13.7874,130.7439,317.1,1,1,2014-05-09,0135,Terra,MODIS,38,6.2,305,6.6,D,0
-15.8338,130.689,333.9,1,1,2014-05-09,0135,Terra,MODIS,83,6.2,309.4,23.5,D,0
-16.6829,130.5788,323.6,1,1,2014-05-09,0135,Terra,MODIS,71,6.2,306.2,12.2,D,0
-13.7602,130.7482,316,1,1,2014-05-09,0135,Terra,MODIS,56,6.2,303.6,6.9,D,0
-13.786,130.7344,319,1,1,2014-05-09,0135,Terra,MODIS,53,6.2,305.4,8.5,D,0
-15.0314,127.8522,323.6,1.3,1.1,2014-05-09,0135,Terra,MODIS,66,6.2,305.2,15.7,D,0
-15.073,127.8012,332.1,1.4,1.2,2014-05-09,0135,Terra,MODIS,83,6.2,306.7,34.2,D,0
-15.0152,127.8174,315.9,1.4,1.2,2014-05-09,0135,Terra,MODIS,38,6.2,303.9,7,D,0
-15.0334,127.8645,337.7,1.3,1.1,2014-05-09,0135,Terra,MODIS,87,6.2,306.2,44.6,D,0
-14.5246,127.4089,321.6,1.5,1.2,2014-05-09,0135,Terra,MODIS,65,6.2,305,16.8,D,0
-14.7385,128.0106,319.1,1.3,1.1,2014-05-09,0135,Terra,MODIS,64,6.2,304.6,11.6,D,0
-15.0315,127.6794,314.7,1.4,1.2,2014-05-09,0135,Terra,MODIS,48,6.2,304.2,7.5,D,0
-16.6655,130.0978,315.8,1,1,2014-05-09,0135,Terra,MODIS,42,6.2,304.6,4.7,D,0
-16.6641,130.0883,322.7,1,1,2014-05-09,0135,Terra,MODIS,69,6.2,305.1,11.5,D,0
-14.8937,127.7028,317.7,1.4,1.2,2014-05-09,0135,Terra,MODIS,48,6.2,305.6,8.8,D,0
-15.8247,130.6904,332.6,1,1,2014-05-09,0135,Terra,MODIS,82,6.2,309.9,21.9,D,0
-15.0057,130.4557,319.3,1,1,2014-05-09,0135,Terra,MODIS,54,6.2,307,7.4,D,0
-14.9022,127.2629,325.5,1.5,1.2,2014-05-09,0135,Terra,MODIS,77,6.2,306,24.8,D,0
-14.9,127.2498,323.3,1.5,1.2,2014-05-09,0135,Terra,MODIS,74,6.2,305.2,21.1,D,0
-15.7859,130.6774,326.4,1,1,2014-05-09,0135,Terra,MODIS,75,6.2,309.8,13.8,D,0
-14.6849,127.9243,318.4,1.3,1.1,2014-05-09,0135,Terra,MODIS,48,6.2,304.7,9.7,D,0
-15.2892,131.05,320.8,1,1,2014-05-09,0135,Terra,MODIS,31,6.2,309.4,6.9,D,0
-15.259,131.0327,320.4,1,1,2014-05-09,0135,Terra,MODIS,62,6.2,307.6,5.6,D,0
-15.2576,131.0234,324,1,1,2014-05-09,0135,Terra,MODIS,72,6.2,307.7,9.8,D,0
-16.7512,130.3597,319.5,1,1,2014-05-09,0135,Terra,MODIS,62,6.2,305.8,8.6,D,0
-14.0186,133.0051,322.1,1,1,2014-05-09,0135,Terra,MODIS,57,6.2,306.5,9.3,D,0
-14.7335,127.291,319.2,1.5,1.2,2014-05-09,0135,Terra,MODIS,67,6.2,304.9,14.9,D,0
-16.0839,130.6984,331.6,1,1,2014-05-09,0135,Terra,MODIS,81,6.2,307.9,20.1,D,0
-14.8598,127.9958,330.3,1.3,1.1,2014-05-09,0135,Terra,MODIS,78,6.2,305.2,29.9,D,0
-14.87,127.9942,324.7,1.3,1.1,2014-05-09,0135,Terra,MODIS,75,6.2,303.9,20.7,D,0
-15.2122,127.3966,321.7,1.4,1.2,2014-05-09,0135,Terra,MODIS,71,6.2,305.9,17.7,D,0
-16.0825,130.689,325.2,1,1,2014-05-09,0135,Terra,MODIS,59,6.2,305.4,12.1,D,0
-14.1804,130.7827,323.8,1,1,2014-05-09,0135,Terra,MODIS,70,6.2,306.4,11.8,D,0
-16.0569,130.7026,326,1,1,2014-05-09,0135,Terra,MODIS,61,6.2,307,12.1,D,0
-14.113,131.9367,324.5,1,1,2014-05-09,0135,Terra,MODIS,58,6.2,304.4,12.5,D,0
-14.9475,127.2695,368,1.5,1.2,2014-05-09,0135,Terra,MODIS,100,6.2,307.4,175.4,D,0
-14.9582,127.2675,345.3,1.5,1.2,2014-05-09,0135,Terra,MODIS,92,6.2,304.8,74.5,D,0
-14.9504,127.263,353,1.5,1.2,2014-05-09,0135,Terra,MODIS,96,6.2,305.3,101.6,D,0
-14.0173,132.9955,320.5,1,1,2014-05-09,0135,Terra,MODIS,50,6.2,308.5,7.9,D,0
-14.0176,133.0641,323.1,1,1,2014-05-09,0135,Terra,MODIS,71,6.2,306.1,11.4,D,0
-14.9057,127.9698,320,1.3,1.1,2014-05-09,0135,Terra,MODIS,68,6.2,304.9,14,D,0
-14.163,132.0262,319.1,1,1,2014-05-09,0135,Terra,MODIS,62,6.2,306.5,6.7,D,0
-14.872,128.0062,323.2,1.3,1.1,2014-05-09,0135,Terra,MODIS,73,6.2,305,18.3,D,0
-14.574,127.8731,317.6,1.4,1.2,2014-05-09,0135,Terra,MODIS,65,6.2,302.8,13,D,0
-15.0858,128.5687,323.9,1.2,1.1,2014-05-09,0135,Terra,MODIS,73,6.2,304,18,D,0
-16.8268,130.0691,327,1,1,2014-05-09,0135,Terra,MODIS,76,6.2,306.6,16.6,D,0
-16.3291,130.1867,317,1,1,2014-05-09,0135,Terra,MODIS,50,6.2,306.1,5.8,D,0
-14.518,127.8565,318.8,1.4,1.2,2014-05-09,0135,Terra,MODIS,68,6.2,302.8,15.2,D,0
-14.7487,128.0088,320,1.3,1.1,2014-05-09,0135,Terra,MODIS,66,6.2,306.1,12.7,D,0
-15.0876,128.5799,355,1.2,1.1,2014-05-09,0135,Terra,MODIS,97,6.2,309.6,87.1,D,0
-14.8065,128.0545,317.9,1.3,1.1,2014-05-09,0135,Terra,MODIS,45,6.2,303.9,11.1,D,0
-13.8132,130.7301,320.8,1,1,2014-05-09,0135,Terra,MODIS,66,6.2,304,10.3,D,0
-13.8146,130.7396,334.4,1,1,2014-05-09,0135,Terra,MODIS,85,6.2,306.5,27.1,D,0
-13.828,130.7663,348.3,1,1,2014-05-09,0135,Terra,MODIS,94,6.2,308.9,50.9,D,0
-13.8294,130.7757,326,1,1,2014-05-09,0135,Terra,MODIS,77,6.2,307.2,14.4,D,0
-14.7872,128.0521,327.8,1.3,1.1,2014-05-09,0135,Terra,MODIS,79,6.2,305.5,26,D,0
-15.0894,128.5911,320.6,1.2,1.1,2014-05-09,0135,Terra,MODIS,31,6.2,306.3,12,D,0
-16.9103,130.559,324.3,1,1,2014-05-09,0135,Terra,MODIS,72,6.2,306.7,11.7,D,0
-16.9089,130.5497,324.3,1,1,2014-05-09,0135,Terra,MODIS,73,6.2,308.6,11.8,D,0
-15.0975,128.5783,366.6,1.2,1.1,2014-05-09,0135,Terra,MODIS,100,6.2,306.9,128.3,D,0
-14.9527,127.2764,359.2,1.5,1.2,2014-05-09,0135,Terra,MODIS,99,6.2,308.8,126.3,D,0
-15.0993,128.5895,354.3,1.2,1.1,2014-05-09,0135,Terra,MODIS,97,6.2,308.5,83,D,0
-14.8253,130.0542,322.7,1.1,1,2014-05-09,0135,Terra,MODIS,70,6.2,306,11.7,D,0
-15.089,127.3425,349.1,1.4,1.2,2014-05-09,0135,Terra,MODIS,94,6.2,307.6,86.3,D,0
-15.0913,127.356,324.8,1.4,1.2,2014-05-09,0135,Terra,MODIS,69,6.2,305.6,21.4,D,0
-15.1019,127.3542,321.8,1.4,1.2,2014-05-09,0135,Terra,MODIS,46,6.2,306.5,15.2,D,0
-14.9871,127.284,337,1.5,1.2,2014-05-09,0135,Terra,MODIS,87,6.2,307.4,46.6,D,0
-15.0204,128.0426,320.7,1.3,1.1,2014-05-09,0135,Terra,MODIS,53,6.2,305.6,11.7,D,0
-14.8268,130.064,335.9,1.1,1,2014-05-09,0135,Terra,MODIS,85,6.2,307.2,29.6,D,0
-15.0833,127.7993,325.5,1.4,1.2,2014-05-09,0135,Terra,MODIS,76,6.2,306.2,21.8,D,0
-15.8044,130.1945,319.5,1,1,2014-05-09,0135,Terra,MODIS,60,6.2,307.5,7,D,0
-15.0497,130.4391,317,1,1,2014-05-09,0135,Terra,MODIS,45,6.2,306.7,5.5,D,0
-14.8312,130.0932,320.4,1.1,1,2014-05-09,0135,Terra,MODIS,38,6.2,306.5,7,D,0
-14.9519,127.2963,323.8,1.5,1.2,2014-05-09,0135,Terra,MODIS,36,6.2,304.1,17.8,D,0
-15.0884,130.5106,320.1,1,1,2014-05-09,0135,Terra,MODIS,46,6.2,308,5.5,D,0
-16.6215,130.5374,346,1,1,2014-05-09,0135,Terra,MODIS,92,6.2,307.1,45.3,D,0
-16.623,130.5468,323.5,1,1,2014-05-09,0135,Terra,MODIS,71,6.2,305.6,11.6,D,0
-14.6439,127.8673,323.8,1.4,1.2,2014-05-09,0135,Terra,MODIS,75,6.2,304.9,19.3,D,0
-14.6335,127.8691,335.4,1.4,1.2,2014-05-09,0135,Terra,MODIS,86,6.2,304.8,42.6,D,0
-14.6038,127.4226,317.4,1.5,1.2,2014-05-09,0135,Terra,MODIS,63,6.2,305.1,11.6,D,0
-15.9448,130.9995,326.9,1,1,2014-05-09,0135,Terra,MODIS,76,6.2,307.1,14.3,D,0
-15.9462,131.0087,321.6,1,1,2014-05-09,0135,Terra,MODIS,67,6.2,306.1,9.3,D,0
-14.6315,127.8566,322.7,1.4,1.2,2014-05-09,0135,Terra,MODIS,65,6.2,303.3,17.9,D,0
-14.9449,127.7139,318.9,1.4,1.2,2014-05-09,0135,Terra,MODIS,66,6.2,304.1,12.5,D,0
-14.2158,130.7136,324.9,1,1,2014-05-09,0135,Terra,MODIS,76,6.2,305,15.8,D,0
-14.2143,130.7042,322.3,1,1,2014-05-09,0135,Terra,MODIS,72,6.2,303.8,12.6,D,0
-14.2129,130.6948,315.8,1,1,2014-05-09,0135,Terra,MODIS,18,6.2,302.7,5.8,D,0
-14.5268,127.4221,327.4,1.5,1.2,2014-05-09,0135,Terra,MODIS,79,6.2,304.8,28,D,0
-14.5217,127.4161,327.5,1.5,1.2,2014-05-09,0135,Terra,MODIS,80,6.2,304.8,27.9,D,0
-14.2421,132.5079,324.5,1,1,2014-05-09,0135,Terra,MODIS,73,6.2,308.1,12.2,D,0
-14.1143,131.9459,324.2,1,1,2014-05-09,0135,Terra,MODIS,42,6.2,306.8,11.1,D,0
-15.2306,131.0276,322.6,1,1,2014-05-09,0135,Terra,MODIS,45,6.2,307.4,9.6,D,0
-14.7853,128.0401,319.6,1.3,1.1,2014-05-09,0135,Terra,MODIS,50,6.2,305.1,12.2,D,0
-14.9497,127.2829,337.3,1.5,1.2,2014-05-09,0135,Terra,MODIS,86,6.2,305.2,49.8,D,0
-14.2407,132.4985,332.7,1,1,2014-05-09,0135,Terra,MODIS,83,6.2,308.5,22.8,D,0
-13.7529,130.7559,325.4,1,1,2014-05-09,0135,Terra,MODIS,76,6.2,304.4,15.8,D,0
-13.7543,130.7652,316.5,1,1,2014-05-09,0135,Terra,MODIS,55,6.2,304.9,6.6,D,0
-15.5575,142.1816,310.9,4.6,2,2014-05-09,0135,Terra,MODIS,44,6.2,295.9,43.3,D,0
-14.5255,134.0836,320.3,1.2,1.1,2014-05-09,0135,Terra,MODIS,66,6.2,306.2,11.2,D,0
-14.5366,134.0929,318.3,1.2,1.1,2014-05-09,0135,Terra,MODIS,58,6.2,304.9,8.9,D,0
-14.2461,134.437,317.4,1.2,1.1,2014-05-09,0135,Terra,MODIS,16,6.2,303.3,6.6,D,0
-14.2544,134.4245,318.3,1.2,1.1,2014-05-09,0135,Terra,MODIS,25,6.2,304.5,8.4,D,0
-15.5585,142.1883,310.2,4.6,2,2014-05-09,0135,Terra,MODIS,31,6.2,296,37.5,D,0
-17.1803,127.3282,317.7,1.3,1.1,2014-05-09,0136,Terra,MODIS,61,6.2,305.1,9.3,D,0
-18.9773,126.3213,347.6,1.5,1.2,2014-05-09,0136,Terra,MODIS,93,6.2,306.5,78.8,D,0
-18.9796,126.335,353.6,1.5,1.2,2014-05-09,0136,Terra,MODIS,96,6.2,304.8,101.7,D,0
-18.9583,126.3389,323.8,1.5,1.2,2014-05-09,0136,Terra,MODIS,65,6.2,306.6,16,D,0
-18.969,126.337,378.7,1.5,1.2,2014-05-09,0136,Terra,MODIS,100,6.2,309.8,235.5,D,0
-18.9114,126.4107,322.5,1.4,1.2,2014-05-09,0136,Terra,MODIS,54,6.2,304.8,14.2,D,0
-18.9197,126.3952,326.7,1.4,1.2,2014-05-09,0136,Terra,MODIS,71,6.2,307.8,21.4,D,0
-18.9221,126.4088,348.6,1.4,1.2,2014-05-09,0136,Terra,MODIS,94,6.2,306.9,81.4,D,0
-18.9304,126.3932,333.9,1.4,1.2,2014-05-09,0136,Terra,MODIS,83,6.2,306.8,36.4,D,0
-18.9327,126.4068,349.8,1.4,1.2,2014-05-09,0136,Terra,MODIS,94,6.2,305.3,85,D,0
-18.9554,126.3462,324.9,1.5,1.2,2014-05-09,0136,Terra,MODIS,65,6.2,306.3,17,D,0
-18.9607,126.3526,334.6,1.4,1.2,2014-05-09,0136,Terra,MODIS,83,6.2,305.5,39.6,D,0
-18.9713,126.3506,340.5,1.4,1.2,2014-05-09,0136,Terra,MODIS,88,6.2,305.1,55.4,D,0
-16.7128,126.0406,316.3,1.7,1.3,2014-05-09,0136,Terra,MODIS,61,6.2,302.6,13.3,D,0
-16.7695,126.0302,322.9,1.7,1.3,2014-05-09,0136,Terra,MODIS,64,6.2,303.5,23.2,D,0
-16.7809,126.028,327.3,1.7,1.3,2014-05-09,0136,Terra,MODIS,75,6.2,302.4,32.3,D,0
-16.7834,126.0432,324.6,1.7,1.3,2014-05-09,0136,Terra,MODIS,56,6.2,304.9,25,D,0
-16.7813,126.0375,328.6,1.7,1.3,2014-05-09,0136,Terra,MODIS,74,6.2,304.4,34.3,D,0
-16.7927,126.0357,325.3,1.7,1.3,2014-05-09,0136,Terra,MODIS,72,6.2,303.2,28.7,D,0
-17.7102,132.7844,322.4,1.1,1,2014-05-09,0136,Terra,MODIS,67,6.2,307.1,10.7,D,0
-17.721,132.7933,328.6,1.1,1,2014-05-09,0136,Terra,MODIS,72,6.2,305.4,18.1,D,0
-20.8672,132.2387,325.8,1.1,1,2014-05-09,0136,Terra,MODIS,74,6.2,304.9,15.1,D,0
-20.8686,132.2493,319.4,1.1,1,2014-05-09,0136,Terra,MODIS,61,6.2,304.5,7.7,D,0
-18.1964,132.5924,322.8,1.1,1,2014-05-09,0136,Terra,MODIS,70,6.2,306.4,11.8,D,0
-18.1683,132.5965,319.4,1.1,1,2014-05-09,0136,Terra,MODIS,52,6.2,306.3,7.6,D,0
-18.1057,132.6011,319.8,1.1,1,2014-05-09,0136,Terra,MODIS,64,6.2,305.8,8.3,D,0
-17.9728,132.6228,322.9,1.1,1,2014-05-09,0136,Terra,MODIS,72,6.2,307.9,12.4,D,0
-17.9742,132.633,323.1,1.1,1,2014-05-09,0136,Terra,MODIS,72,6.2,305.7,12.8,D,0
-18.0922,132.572,322,1.1,1,2014-05-09,0136,Terra,MODIS,62,6.2,307.9,10,D,0
-17.7202,132.8564,327.3,1.1,1,2014-05-09,0136,Terra,MODIS,71,6.2,306.9,16.5,D,0
-17.7116,132.7946,330.4,1.1,1,2014-05-09,0136,Terra,MODIS,82,6.2,309.5,21.3,D,0
-17.6011,126.522,326.3,1.5,1.2,2014-05-09,0136,Terra,MODIS,72,6.2,304.2,24.4,D,0
-17.6035,126.5158,324.6,1.5,1.2,2014-05-09,0136,Terra,MODIS,73,6.2,304.6,21.2,D,0
-17.1515,130.2028,356,1,1,2014-05-09,0136,Terra,MODIS,98,6.2,307.4,68.5,D,0
-17.1529,130.2123,317.9,1,1,2014-05-09,0136,Terra,MODIS,56,6.2,305.1,6.7,D,0
-16.9896,130.0498,325.1,1,1,2014-05-09,0136,Terra,MODIS,73,6.2,305.8,14.2,D,0
-17.6466,126.5077,324,1.5,1.2,2014-05-09,0136,Terra,MODIS,60,6.2,301.9,21.3,D,0
-18.7047,128.9167,324.2,1.1,1,2014-05-09,0136,Terra,MODIS,71,6.2,306.8,12.6,D,0
-16.8525,126.3803,319.5,1.6,1.2,2014-05-09,0136,Terra,MODIS,68,6.2,303,16.8,D,0
-17.6443,126.4941,328.3,1.5,1.2,2014-05-09,0136,Terra,MODIS,74,6.2,303.9,28.8,D,0
-16.9881,130.0403,355.9,1,1,2014-05-09,0136,Terra,MODIS,98,6.2,307.4,69.1,D,0
-22.5793,124.7323,315.1,1.6,1.2,2014-05-09,0137,Terra,MODIS,62,6.2,291.6,13.3,D,0
-22.5821,124.7477,341,1.6,1.2,2014-05-09,0137,Terra,MODIS,90,6.2,295.2,76.7,D,0
-21.083,132.1553,318.1,1.1,1,2014-05-09,0137,Terra,MODIS,55,6.2,303.1,8.2,D,0
-21.1296,132.0345,318.8,1.1,1,2014-05-09,0137,Terra,MODIS,58,6.2,302.3,8.7,D,0
-21.0844,132.166,332.7,1.1,1,2014-05-09,0137,Terra,MODIS,82,6.2,304.9,26.9,D,0
-21.1462,132.2654,317.7,1.1,1.1,2014-05-09,0137,Terra,MODIS,42,6.2,303.4,6.3,D,0
-21.0953,132.1752,350.9,1.1,1,2014-05-09,0137,Terra,MODIS,95,6.2,304.7,63.8,D,0
-21.0774,132.3304,369.1,1.1,1.1,2014-05-09,0137,Terra,MODIS,100,6.2,306.9,122,D,0
-21.0967,132.1858,327.3,1.1,1,2014-05-09,0137,Terra,MODIS,76,6.2,303.1,19.1,D,0
-21.076,132.3197,322.3,1.1,1.1,2014-05-09,0137,Terra,MODIS,68,6.2,304.6,11.2,D,0
-21.1157,132.043,318.5,1.1,1,2014-05-09,0137,Terra,MODIS,54,6.2,303.5,7.8,D,0
-21.0858,132.1766,327.4,1.1,1,2014-05-09,0137,Terra,MODIS,76,6.2,305.3,18.7,D,0
-21.12,132.0745,318.6,1.1,1,2014-05-09,0137,Terra,MODIS,55,6.2,302.9,7.4,D,0
-21.0789,132.3412,319.1,1.1,1.1,2014-05-09,0137,Terra,MODIS,53,6.2,303.8,7.1,D,0
-21.1216,132.0465,326.3,1.1,1,2014-05-09,0137,Terra,MODIS,75,6.2,303.3,16.7,D,0
-21.1202,132.036,333.7,1.1,1,2014-05-09,0137,Terra,MODIS,83,6.2,303.9,27.6,D,0
-21.1381,132.2775,319.3,1.1,1.1,2014-05-09,0137,Terra,MODIS,59,6.2,304.5,8.2,D,0
-33.8405,122.5116,315.8,1.4,1.2,2014-05-09,0140,Terra,MODIS,76,6.2,290.5,21.2,D,0
-33.8302,122.5143,305,1.4,1.2,2014-05-09,0140,Terra,MODIS,49,6.2,289.6,8.6,D,0
-33.8329,122.5288,302.9,1.4,1.2,2014-05-09,0140,Terra,MODIS,33,6.2,288.8,6.8,D,0
-41.5514,147.955,301.5,1,1,2014-05-09,0416,Aqua,MODIS,47,6.2,281.3,6,D,0
-42.6555,147.4755,300.8,1,1,2014-05-09,0416,Aqua,MODIS,42,6.2,287.5,5.4,D,0
-37.7833,141.8027,318.3,1.3,1.1,2014-05-09,0417,Aqua,MODIS,69,6.2,280.6,26.8,D,0
-37.7849,141.7877,310.4,1.3,1.1,2014-05-09,0417,Aqua,MODIS,37,6.2,280.1,17.7,D,0
-36.2766,147.4916,315.4,1.1,1,2014-05-09,0417,Aqua,MODIS,76,6.2,271.2,18.9,D,0
-38.4785,146.6174,341,1,1,2014-05-09,0417,Aqua,MODIS,0,6.2,269.6,48,D,0
-34.4879,148.1197,300.7,1.2,1.1,2014-05-09,0418,Aqua,MODIS,37,6.2,284.8,8,D,0
-33.7511,148.7488,312.7,1.3,1.1,2014-05-09,0418,Aqua,MODIS,0,6.2,272.4,21.5,D,0
-33.5504,147.0911,311.3,1.1,1,2014-05-09,0418,Aqua,MODIS,48,6.2,291.3,11.1,D,0
-34.6473,147.4027,307.2,1.1,1,2014-05-09,0418,Aqua,MODIS,46,6.2,293.2,7.1,D,0
-34.6211,147.384,330.9,1.1,1,2014-05-09,0418,Aqua,MODIS,87,6.2,293.8,32.7,D,0
-34.6748,146.9336,306,1.1,1,2014-05-09,0418,Aqua,MODIS,54,6.2,269.9,10.9,D,0
-35.7768,146.5042,310.4,1,1,2014-05-09,0418,Aqua,MODIS,70,6.2,277.6,13.5,D,0
-34.9052,147.2868,300.4,1.1,1,2014-05-09,0418,Aqua,MODIS,37,6.2,281.5,7,D,0
-34.769,146.884,312.2,1.1,1,2014-05-09,0418,Aqua,MODIS,68,6.2,274.5,15.3,D,0
-35.7636,146.7124,335.1,1,1,2014-05-09,0418,Aqua,MODIS,89,6.2,281.7,39.8,D,0
-34.6192,147.3959,317.1,1.1,1,2014-05-09,0418,Aqua,MODIS,77,6.2,292.3,15.7,D,0
-34.4825,147.6079,308.1,1.1,1.1,2014-05-09,0418,Aqua,MODIS,67,6.2,280.5,11.7,D,0
-28.9424,148.302,328,1.5,1.2,2014-05-09,0419,Aqua,MODIS,84,6.2,299.3,37.1,D,0
-28.6981,147.9338,318.2,1.4,1.2,2014-05-09,0419,Aqua,MODIS,60,6.2,296.4,20.7,D,0
-29.6993,149.9187,300.5,1.8,1.3,2014-05-09,0419,Aqua,MODIS,27,6.2,280.1,12.3,D,0
-31.6492,146.6503,303.2,1.1,1.1,2014-05-09,0419,Aqua,MODIS,55,6.2,288.1,4.4,D,0
-20.9743,132.3215,326.2,3.3,1.7,2014-05-09,0422,Aqua,MODIS,71,6.2,302.4,81.8,D,0
-21.1657,132.0187,326.6,3.5,1.8,2014-05-09,0422,Aqua,MODIS,73,6.2,300.9,92.8,D,0
-21.1447,132.2528,320.7,3.4,1.7,2014-05-09,0422,Aqua,MODIS,58,6.2,302.5,48.4,D,0
-21.1032,132.1821,323.3,3.4,1.7,2014-05-09,0422,Aqua,MODIS,66,6.2,301.9,66.2,D,0
-21.1574,132.287,319.5,3.4,1.7,2014-05-09,0422,Aqua,MODIS,52,6.2,301.5,40.2,D,0
-21.0941,132.1762,325.6,3.4,1.7,2014-05-09,0422,Aqua,MODIS,71,6.2,302.5,83.6,D,0
-21.1384,132.0455,320.9,3.5,1.8,2014-05-09,0422,Aqua,MODIS,25,6.2,300.8,48,D,0
-21.1224,132.0439,321.1,3.5,1.8,2014-05-09,0422,Aqua,MODIS,25,6.2,301.5,50.8,D,0
-20.8438,132.1314,319.7,3.4,1.7,2014-05-09,0422,Aqua,MODIS,53,6.2,301.9,44.9,D,0
-20.9773,132.2893,331.3,3.4,1.7,2014-05-09,0422,Aqua,MODIS,79,6.2,302.9,119.8,D,0
-21.1307,132.0496,326.7,3.5,1.8,2014-05-09,0422,Aqua,MODIS,73,6.2,301.7,93,D,0
-20.7369,139.4753,326.8,1.1,1,2014-05-09,0422,Aqua,MODIS,61,6.2,312,12.5,D,2
-15.6022,142.1592,320.1,1.1,1,2014-05-09,0423,Aqua,MODIS,47,6.2,303.8,9.8,D,0
-15.5951,142.1617,318.8,1.1,1,2014-05-09,0423,Aqua,MODIS,68,6.2,301.1,9.3,D,0
-16.2514,131.7543,324.1,3.2,1.7,2014-05-09,0423,Aqua,MODIS,72,6.2,306.6,64.9,D,0
-18.0957,132.5486,331.7,2.9,1.6,2014-05-09,0423,Aqua,MODIS,82,6.2,308.9,101,D,0
-18.1105,132.5502,332.5,2.9,1.6,2014-05-09,0423,Aqua,MODIS,82,6.2,307.5,106.7,D,0
-18.1135,132.5224,328.8,3,1.6,2014-05-09,0423,Aqua,MODIS,79,6.2,304.4,85.3,D,0
-18.1139,132.5296,326.4,3,1.6,2014-05-09,0423,Aqua,MODIS,76,6.2,304.8,67.4,D,0
-16.2546,131.7245,324.3,3.2,1.7,2014-05-09,0423,Aqua,MODIS,73,6.2,307.1,66.9,D,0
-18.0987,132.5207,327.4,3,1.6,2014-05-09,0423,Aqua,MODIS,77,6.2,305.9,77.1,D,0
-15.7391,135.4461,323.2,1.6,1.3,2014-05-09,0423,Aqua,MODIS,69,6.2,309.2,21.6,D,0
-15.7277,135.4446,324.7,1.6,1.3,2014-05-09,0423,Aqua,MODIS,71,6.2,307.4,24.9,D,0
-17.5155,132.9387,322.3,2.7,1.6,2014-05-09,0423,Aqua,MODIS,61,6.2,307.3,43.5,D,0
-17.5115,132.9314,322.4,2.7,1.6,2014-05-09,0423,Aqua,MODIS,64,6.2,307.6,44.2,D,0
-18.0964,132.5558,328.1,2.9,1.6,2014-05-09,0423,Aqua,MODIS,78,6.2,308.7,76.7,D,0
-18.0991,132.5278,344.6,3,1.6,2014-05-09,0423,Aqua,MODIS,91,6.2,307.2,200.4,D,0
-16.9829,130.0278,320.6,4.4,1.9,2014-05-09,0423,Aqua,MODIS,68,6.2,303.3,85.8,D,0
-16.9835,130.0317,319.9,4.4,1.9,2014-05-09,0423,Aqua,MODIS,67,6.2,303.3,80.9,D,0
-16.8026,137.2571,321.2,1.3,1.1,2014-05-09,0423,Aqua,MODIS,62,6.2,307.8,10.1,D,0
-16.7765,137.4594,327.5,1.3,1.1,2014-05-09,0423,Aqua,MODIS,75,6.2,305.8,21.6,D,0
-16.7866,137.4607,317.1,1.3,1.1,2014-05-09,0423,Aqua,MODIS,28,6.2,305.3,6.5,D,0
-16.6133,137.1444,320.9,1.3,1.1,2014-05-09,0423,Aqua,MODIS,63,6.2,307.6,9.6,D,0
-16.7789,137.1171,322.2,1.3,1.1,2014-05-09,0423,Aqua,MODIS,67,6.2,307.6,12.6,D,0
-16.7661,137.3011,321,1.3,1.1,2014-05-09,0423,Aqua,MODIS,59,6.2,308.2,9.4,D,0
-16.7676,137.289,321.1,1.3,1.1,2014-05-09,0423,Aqua,MODIS,58,6.2,308.1,9.6,D,0
-16.762,137.2515,321.1,1.3,1.1,2014-05-09,0423,Aqua,MODIS,57,6.2,307.8,10,D,0
-17.3584,132.9853,332.3,2.7,1.6,2014-05-09,0423,Aqua,MODIS,78,6.2,309.3,84.1,D,0
-17.361,132.9601,339.3,2.7,1.6,2014-05-09,0423,Aqua,MODIS,88,6.2,306.9,128.6,D,0
-17.3469,132.9585,339.3,2.7,1.6,2014-05-09,0423,Aqua,MODIS,88,6.2,308.1,124.9,D,0
-17.3539,132.9779,346.5,2.7,1.6,2014-05-09,0423,Aqua,MODIS,93,6.2,310,181.5,D,0
-17.3567,132.9527,333.1,2.7,1.6,2014-05-09,0423,Aqua,MODIS,83,6.2,306.7,90.4,D,0
-16.7719,130.7408,317.8,3.9,1.8,2014-05-09,0423,Aqua,MODIS,61,6.2,305.5,44.5,D,0
-16.8511,130.7856,318.8,3.8,1.8,2014-05-09,0423,Aqua,MODIS,57,6.2,304.1,46.7,D,0
-16.8474,130.8215,319.8,3.8,1.8,2014-05-09,0423,Aqua,MODIS,66,6.2,306.7,52.9,D,0
-17.4659,141.456,321.2,1,1,2014-05-09,0423,Aqua,MODIS,69,6.2,305.2,9,D,0
-16.7781,137.4476,319,1.3,1.1,2014-05-09,0423,Aqua,MODIS,32,6.2,305.5,8.1,D,0
-16.7811,137.4241,329.2,1.3,1.1,2014-05-09,0423,Aqua,MODIS,78,6.2,308,22.4,D,0
-16.7711,137.4227,322.1,1.3,1.1,2014-05-09,0423,Aqua,MODIS,61,6.2,306.8,11.4,D,0
-16.7726,137.4109,329,1.3,1.1,2014-05-09,0423,Aqua,MODIS,77,6.2,308,22,D,0
-16.7655,137.386,319.2,1.3,1.1,2014-05-09,0423,Aqua,MODIS,57,6.2,307.4,8,D,0
-16.7891,137.1185,322.7,1.3,1.1,2014-05-09,0423,Aqua,MODIS,68,6.2,308.3,13.4,D,0
-16.5138,134.3022,327.1,2.1,1.4,2014-05-09,0423,Aqua,MODIS,69,6.2,306.9,46.3,D,0
-16.4908,134.2798,325,2.1,1.4,2014-05-09,0423,Aqua,MODIS,54,6.2,306.5,37.9,D,0
-16.493,134.2604,323.1,2.1,1.4,2014-05-09,0423,Aqua,MODIS,41,6.2,303.5,33.3,D,0
-16.4804,134.2588,332.6,2.1,1.4,2014-05-09,0423,Aqua,MODIS,81,6.2,308.3,65.7,D,0
-14.5848,131.5493,328.8,3.1,1.7,2014-05-09,0424,Aqua,MODIS,79,6.2,303.7,96.3,D,0
-15.3907,133.7846,324.8,2.2,1.4,2014-05-09,0424,Aqua,MODIS,73,6.2,309.7,35.3,D,0
-13.102,133.354,318.4,2.2,1.4,2014-05-09,0424,Aqua,MODIS,33,6.2,303.4,17.9,D,0
-15.3931,133.7643,325.6,2.2,1.4,2014-05-09,0424,Aqua,MODIS,75,6.2,308.6,38.9,D,0
-13.1277,133.3571,317.8,2.2,1.4,2014-05-09,0424,Aqua,MODIS,42,6.2,303.5,16.3,D,0
-13.1027,133.3472,320.2,2.2,1.4,2014-05-09,0424,Aqua,MODIS,69,6.2,303.8,24.7,D,0
-13.1285,133.3502,318.8,2.2,1.4,2014-05-09,0424,Aqua,MODIS,34,6.2,303.9,18.7,D,0
-14.5048,133.237,320.8,2.3,1.5,2014-05-09,0424,Aqua,MODIS,67,6.2,307.6,23.9,D,0
-14.5067,133.2538,322.2,2.3,1.5,2014-05-09,0424,Aqua,MODIS,62,6.2,307.7,27.8,D,0
-14.5708,133.1347,323.5,2.4,1.5,2014-05-09,0424,Aqua,MODIS,72,6.2,307.1,36.3,D,0
-14.435,132.9337,321.5,2.4,1.5,2014-05-09,0424,Aqua,MODIS,68,6.2,309.6,31.2,D,0
-14.4408,132.9275,324.3,2.4,1.5,2014-05-09,0424,Aqua,MODIS,74,6.2,308.7,42.3,D,0
-14.8834,132.0059,330.8,2.9,1.6,2014-05-09,0424,Aqua,MODIS,81,6.2,305.9,93,D,0
-14.8824,131.9988,328,2.9,1.6,2014-05-09,0424,Aqua,MODIS,71,6.2,306.3,75.3,D,0
-14.856,131.9679,319.7,2.9,1.6,2014-05-09,0424,Aqua,MODIS,41,6.2,307.1,37,D,0
-15.6746,133.6931,329.7,2.2,1.4,2014-05-09,0424,Aqua,MODIS,58,6.2,308,50.1,D,0
-15.6722,133.7138,331.3,2.2,1.4,2014-05-09,0424,Aqua,MODIS,71,6.2,311.6,53.8,D,0
-13.8134,131.9654,331.3,2.8,1.6,2014-05-09,0424,Aqua,MODIS,83,6.2,303.5,99.1,D,0
-15.3317,133.0301,326.2,2.5,1.5,2014-05-09,0424,Aqua,MODIS,76,6.2,304.5,60,D,0
-15.3342,133.0071,315,2.5,1.5,2014-05-09,0424,Aqua,MODIS,39,6.2,303.9,18.1,D,0
-15.3245,133.0221,325.7,2.5,1.5,2014-05-09,0424,Aqua,MODIS,75,6.2,304.1,58.3,D,0
-14.1601,132.5229,321.2,2.6,1.6,2014-05-09,0424,Aqua,MODIS,69,6.2,306,39.3,D,0
-14.1628,132.4987,317.6,2.6,1.6,2014-05-09,0424,Aqua,MODIS,61,6.2,304.2,28.4,D,0
-14.1461,132.5212,332.6,2.6,1.6,2014-05-09,0424,Aqua,MODIS,83,6.2,304.9,90.7,D,0
-14.1488,132.4969,329.6,2.6,1.6,2014-05-09,0424,Aqua,MODIS,80,6.2,303.6,77.4,D,0
-14.1407,132.5136,322.3,2.6,1.6,2014-05-09,0424,Aqua,MODIS,60,6.2,303.8,41.3,D,0
-14.0643,133.0009,324.3,2.4,1.5,2014-05-09,0424,Aqua,MODIS,53,6.2,308.1,33.2,D,0
-14.069,132.9946,324.6,2.4,1.5,2014-05-09,0424,Aqua,MODIS,54,6.2,306.6,35.3,D,0
-13.9975,133.1408,320.4,2.3,1.5,2014-05-09,0424,Aqua,MODIS,59,6.2,306.1,26,D,0
-14.1264,132.6322,325.1,2.5,1.5,2014-05-09,0424,Aqua,MODIS,66,6.2,306.4,44,D,0
-14.2222,132.889,333.5,2.4,1.5,2014-05-09,0424,Aqua,MODIS,84,6.2,306.7,82.5,D,0
-14.2086,132.8873,321.9,2.4,1.5,2014-05-09,0424,Aqua,MODIS,52,6.2,309.7,29,D,0
-13.9039,131.9878,329.1,2.8,1.6,2014-05-09,0424,Aqua,MODIS,55,6.2,304.3,77.5,D,0
-13.9141,132.0107,327,2.8,1.6,2014-05-09,0424,Aqua,MODIS,38,6.2,304.9,64.2,D,0
-13.8632,133.0537,317,2.3,1.5,2014-05-09,0424,Aqua,MODIS,29,6.2,303.3,17.4,D,0
-14.6494,131.378,320.9,3.2,1.7,2014-05-09,0424,Aqua,MODIS,50,6.2,305.9,46.7,D,0
-14.6525,131.3484,327.9,3.3,1.7,2014-05-09,0424,Aqua,MODIS,77,6.2,303.8,93.5,D,0
-15.4015,133.0898,336,2.5,1.5,2014-05-09,0424,Aqua,MODIS,85,6.2,305.8,104.4,D,0
-14.5898,131.5135,319,3.2,1.7,2014-05-09,0424,Aqua,MODIS,58,6.2,305.3,36.8,D,0
-14.5878,131.5202,323.5,3.2,1.7,2014-05-09,0424,Aqua,MODIS,72,6.2,305.6,62.6,D,0
-14.2836,132.7877,323.5,2.5,1.5,2014-05-09,0424,Aqua,MODIS,30,6.2,308.4,36,D,0
-13.8188,132.998,316,2.4,1.5,2014-05-09,0424,Aqua,MODIS,57,6.2,304.4,20.5,D,0
-13.8213,132.9761,316.2,2.4,1.5,2014-05-09,0424,Aqua,MODIS,58,6.2,303.5,21.7,D,0
-15.6205,131.732,330.3,3.1,1.7,2014-05-09,0424,Aqua,MODIS,80,6.2,306.4,100.2,D,0
-14.4376,132.9108,317.9,2.5,1.5,2014-05-09,0424,Aqua,MODIS,41,6.2,306.6,19.1,D,0
-14.5866,131.5425,329.8,3.1,1.7,2014-05-09,0424,Aqua,MODIS,80,6.2,303.9,102.8,D,0
-13.5778,131.9261,323.2,2.8,1.6,2014-05-09,0424,Aqua,MODIS,63,6.2,303,54.3,D,0
-14.2461,130.9227,317.8,3.5,1.8,2014-05-09,0424,Aqua,MODIS,42,6.2,304.2,40.5,D,0
-14.2495,130.8911,326.5,3.5,1.8,2014-05-09,0424,Aqua,MODIS,77,6.2,305.3,94.7,D,0
-14.237,130.9165,317.3,3.5,1.8,2014-05-09,0424,Aqua,MODIS,28,6.2,303.6,38.5,D,0
-14.2406,130.885,321.5,3.5,1.8,2014-05-09,0424,Aqua,MODIS,66,6.2,304.8,61.2,D,0
-12.971,131.9427,327.2,2.8,1.6,2014-05-09,0424,Aqua,MODIS,73,6.2,301.8,69.6,D,0
-14.0157,132.6196,341.7,2.5,1.5,2014-05-09,0424,Aqua,MODIS,90,6.2,306,141.4,D,0
-14.0241,132.6153,324.6,2.5,1.5,2014-05-09,0424,Aqua,MODIS,25,6.2,306.4,45,D,0
-14.0102,132.6138,343.7,2.5,1.5,2014-05-09,0424,Aqua,MODIS,91,6.2,304.6,154.1,D,0
-13.3796,130.733,320.6,3.5,1.8,2014-05-09,0424,Aqua,MODIS,46,6.2,302.3,59.9,D,0
-13.2055,131.613,322.8,3,1.6,2014-05-09,0424,Aqua,MODIS,61,6.2,305.1,45.1,D,0
-13.206,131.6081,322.2,3,1.6,2014-05-09,0424,Aqua,MODIS,66,6.2,305.3,46.4,D,0
-14.8776,131.6291,337.9,3.1,1.7,2014-05-09,0424,Aqua,MODIS,87,6.2,306.2,159.2,D,0
-14.8802,131.6246,325.5,3.1,1.7,2014-05-09,0424,Aqua,MODIS,66,6.2,306.6,69.7,D,0
-13.3395,132.8656,315.7,2.4,1.5,2014-05-09,0424,Aqua,MODIS,57,6.2,303.7,19.1,D,0
-14.865,131.623,325.1,3.1,1.7,2014-05-09,0424,Aqua,MODIS,60,6.2,305.4,66.7,D,0
-14.8196,131.6177,315.9,3.1,1.7,2014-05-09,0424,Aqua,MODIS,32,6.2,303.6,25.8,D,0
-14.8229,131.5881,316.2,3.1,1.7,2014-05-09,0424,Aqua,MODIS,34,6.2,303.3,26.6,D,0
-12.9884,131.9189,331.7,2.8,1.6,2014-05-09,0424,Aqua,MODIS,82,6.2,302.4,93.7,D,0
-12.9854,131.9444,334.6,2.8,1.6,2014-05-09,0424,Aqua,MODIS,85,6.2,302.5,110.6,D,0
-13.0028,131.9207,348.6,2.8,1.6,2014-05-09,0424,Aqua,MODIS,94,6.2,303.7,222,D,0
-14.5417,131.3884,327.3,3.2,1.7,2014-05-09,0424,Aqua,MODIS,62,6.2,303.5,82.4,D,0
-13.0202,131.8968,317.9,2.8,1.6,2014-05-09,0424,Aqua,MODIS,44,6.2,302.7,30,D,0
-13.0171,131.9225,316.7,2.8,1.6,2014-05-09,0424,Aqua,MODIS,25,6.2,302.6,24.2,D,0
-12.9904,131.924,347.5,2.8,1.6,2014-05-09,0424,Aqua,MODIS,94,6.2,303,210.2,D,0
-12.9875,131.9495,323.4,2.8,1.6,2014-05-09,0424,Aqua,MODIS,36,6.2,302.4,49,D,0
-13.0076,131.9002,321.5,2.8,1.6,2014-05-09,0424,Aqua,MODIS,39,6.2,302.4,42.3,D,0
-14.254,132.4897,324.5,2.6,1.6,2014-05-09,0424,Aqua,MODIS,74,6.2,305.1,52.3,D,0
-14.5455,131.384,326.8,3.2,1.7,2014-05-09,0424,Aqua,MODIS,75,6.2,304.1,86.4,D,0
-14.1818,133.6797,320.2,2.1,1.4,2014-05-09,0424,Aqua,MODIS,45,6.2,306.6,22.3,D,0
-14.1691,133.678,323.2,2.1,1.4,2014-05-09,0424,Aqua,MODIS,72,6.2,305,32.7,D,0
-13.0048,131.9258,341.7,2.8,1.6,2014-05-09,0424,Aqua,MODIS,90,6.2,303.5,162.4,D,0
-13.022,131.902,320.3,2.8,1.6,2014-05-09,0424,Aqua,MODIS,27,6.2,302.8,38.3,D,0
-13.8103,131.9917,337.2,2.8,1.6,2014-05-09,0424,Aqua,MODIS,87,6.2,304.2,131.7,D,0
-13.9931,132.005,337.1,2.8,1.6,2014-05-09,0424,Aqua,MODIS,46,6.2,306,112.8,D,0
-13.991,131.998,334.8,2.8,1.6,2014-05-09,0424,Aqua,MODIS,23,6.2,305.7,97.6,D,0
-15.3948,133.0842,328.7,2.5,1.5,2014-05-09,0424,Aqua,MODIS,79,6.2,304.8,68.6,D,0
-13.8155,131.9728,336.8,2.8,1.6,2014-05-09,0424,Aqua,MODIS,87,6.2,303.9,134.7,D,0
-15.3922,133.1071,329.5,2.4,1.5,2014-05-09,0424,Aqua,MODIS,80,6.2,306.9,71.8,D,0
-14.2973,132.7897,322.7,2.5,1.5,2014-05-09,0424,Aqua,MODIS,47,6.2,307.6,34.2,D,0
-15.399,133.1127,324.2,2.4,1.5,2014-05-09,0424,Aqua,MODIS,73,6.2,306.9,47.9,D,0
-14.87,131.004,319.4,3.5,1.8,2014-05-09,0424,Aqua,MODIS,53,6.2,306.9,42.9,D,0
-14.8603,130.9955,318.4,3.5,1.8,2014-05-09,0424,Aqua,MODIS,46,6.2,305.8,40.1,D,0
-13.93,131.8836,321.5,2.9,1.6,2014-05-09,0424,Aqua,MODIS,42,6.2,301.3,45.7,D,0
-13.877,131.8184,312.6,2.9,1.6,2014-05-09,0424,Aqua,MODIS,19,6.2,300.9,21.9,D,0
-13.3708,130.6669,322,3.5,1.8,2014-05-09,0424,Aqua,MODIS,30,6.2,301.4,66.4,D,0
-14.0396,131.9837,332.4,2.9,1.6,2014-05-09,0424,Aqua,MODIS,59,6.2,306.3,87.1,D,0
-13.311,130.6875,322.3,3.5,1.8,2014-05-09,0424,Aqua,MODIS,71,6.2,300.7,77.7,D,0
-14.0183,132.5959,348.4,2.6,1.5,2014-05-09,0424,Aqua,MODIS,94,6.2,304.6,192.8,D,0
-14.013,132.5901,334.1,2.6,1.5,2014-05-09,0424,Aqua,MODIS,78,6.2,302.9,94.5,D,0
-13.9564,133.2647,322.2,2.3,1.5,2014-05-09,0424,Aqua,MODIS,72,6.2,305.1,36,D,0
-13.3894,130.7411,316.2,3.5,1.8,2014-05-09,0424,Aqua,MODIS,27,6.2,302.2,37.9,D,0
-13.9598,133.2599,318.5,2.3,1.5,2014-05-09,0424,Aqua,MODIS,55,6.2,304.9,21.3,D,0
-13.6148,132.1124,318.7,2.8,1.6,2014-05-09,0424,Aqua,MODIS,65,6.2,306,29.7,D,0
-13.6119,132.1374,317.9,2.7,1.6,2014-05-09,0424,Aqua,MODIS,61,6.2,304.9,25.4,D,0
-13.6182,132.1199,319,2.8,1.6,2014-05-09,0424,Aqua,MODIS,49,6.2,305.9,29,D,0
-13.9504,131.9664,331,2.9,1.6,2014-05-09,0424,Aqua,MODIS,16,6.2,304,72.9,D,0
-14.579,131.3318,323.2,3.3,1.7,2014-05-09,0424,Aqua,MODIS,56,6.2,302.8,65.9,D,0
-13.9417,131.912,340.3,2.9,1.6,2014-05-09,0424,Aqua,MODIS,89,6.2,302.6,153.3,D,0
-13.941,131.9071,332.1,2.9,1.6,2014-05-09,0424,Aqua,MODIS,81,6.2,302.6,100.5,D,0
-14.5757,131.3622,321.5,3.2,1.7,2014-05-09,0424,Aqua,MODIS,49,6.2,304,50.7,D,0
-13.6411,132.1738,316.5,2.7,1.6,2014-05-09,0424,Aqua,MODIS,47,6.2,304.3,20.1,D,0
-13.901,132.014,331.7,2.8,1.6,2014-05-09,0424,Aqua,MODIS,71,6.2,305,90.7,D,0
-13.8996,132.0091,331.5,2.8,1.6,2014-05-09,0424,Aqua,MODIS,76,6.2,305.3,92.9,D,0
-13.0362,132.0326,318.9,2.7,1.6,2014-05-09,0424,Aqua,MODIS,66,6.2,302.5,37.1,D,0
-13.3927,130.7091,315.3,3.5,1.8,2014-05-09,0424,Aqua,MODIS,20,6.2,301.3,34.1,D,0
-13.8851,132.0074,333.5,2.8,1.6,2014-05-09,0424,Aqua,MODIS,68,6.2,306,103,D,0
-13.8387,132.0284,335.4,2.8,1.6,2014-05-09,0424,Aqua,MODIS,77,6.2,304.8,108.8,D,0
-13.8416,132.0022,350.6,2.8,1.6,2014-05-09,0424,Aqua,MODIS,95,6.2,305.5,235.6,D,0
-13.8126,131.999,334.2,2.8,1.6,2014-05-09,0424,Aqua,MODIS,85,6.2,304.1,110.8,D,0
-15.009,131.2806,321.5,3.3,1.7,2014-05-09,0424,Aqua,MODIS,42,6.2,309.7,45.4,D,0
-13.8362,132.0209,335.4,2.8,1.6,2014-05-09,0424,Aqua,MODIS,71,6.2,304.5,107.4,D,0
-13.8218,132.0193,324.8,2.8,1.6,2014-05-09,0424,Aqua,MODIS,75,6.2,304.3,57.1,D,0
-13.8248,131.9932,321.5,2.8,1.6,2014-05-09,0424,Aqua,MODIS,58,6.2,303.3,45.1,D,0
-13.453,131.8185,313.7,2.9,1.6,2014-05-09,0424,Aqua,MODIS,49,6.2,301.5,24.3,D,0
-14.2217,130.6182,313.3,3.7,1.8,2014-05-09,0424,Aqua,MODIS,28,6.2,301.4,33.1,D,0
-12.9403,131.8012,321,2.8,1.6,2014-05-09,0424,Aqua,MODIS,63,6.2,302.8,44,D,0
-15.21,135.2939,328.1,1.7,1.3,2014-05-09,0424,Aqua,MODIS,78,6.2,305.3,36.9,D,0
-12.9394,131.9647,320,2.8,1.6,2014-05-09,0424,Aqua,MODIS,37,6.2,302.3,38.5,D,0
-12.8763,131.8467,327.1,2.8,1.6,2014-05-09,0424,Aqua,MODIS,79,6.2,301.5,80.5,D,0
-12.5322,141.9432,328.2,1.1,1.1,2014-05-09,0424,Aqua,MODIS,82,6.2,301,23.4,D,0
-15.1757,135.2894,334.9,1.7,1.3,2014-05-09,0424,Aqua,MODIS,84,6.2,305.5,55.8,D,0
-12.8469,131.3159,315.6,3.1,1.7,2014-05-09,0424,Aqua,MODIS,60,6.2,302.2,29.5,D,0
-14.2594,134.3159,318.9,1.9,1.3,2014-05-09,0424,Aqua,MODIS,63,6.2,305.5,18.5,D,0
-12.9251,131.9629,338.3,2.8,1.6,2014-05-09,0424,Aqua,MODIS,88,6.2,302.2,141,D,0
-12.9361,131.9574,327.5,2.8,1.6,2014-05-09,0424,Aqua,MODIS,73,6.2,302.2,72.2,D,0
-12.9218,131.9557,322.3,2.8,1.6,2014-05-09,0424,Aqua,MODIS,67,6.2,301.7,50.2,D,0
-12.9454,131.782,320.1,2.9,1.6,2014-05-09,0424,Aqua,MODIS,58,6.2,305.1,39.9,D,0
-14.2639,134.3232,320.3,1.9,1.3,2014-05-09,0424,Aqua,MODIS,66,6.2,306,20.4,D,0
-14.346,131.3835,317.3,3.2,1.7,2014-05-09,0424,Aqua,MODIS,59,6.2,302.7,40.6,D,0
-13.067,130.4405,312.4,3.6,1.8,2014-05-09,0424,Aqua,MODIS,32,6.2,297.3,30.8,D,0
-15.8249,130.6491,321.8,3.8,1.8,2014-05-09,0424,Aqua,MODIS,68,6.2,306.1,70.8,D,0
-15.8305,130.6538,318.3,3.8,1.8,2014-05-09,0424,Aqua,MODIS,36,6.2,306.6,44.3,D,0
-13.8538,133.0462,322.4,2.3,1.5,2014-05-09,0424,Aqua,MODIS,72,6.2,303.4,37.9,D,0
-15.3251,131.115,322.5,3.5,1.8,2014-05-09,0424,Aqua,MODIS,55,6.2,307.8,50.5,D,0
-15.335,131.1233,323.4,3.5,1.8,2014-05-09,0424,Aqua,MODIS,51,6.2,308.2,52.8,D,0
-14,133.1196,317.6,2.3,1.5,2014-05-09,0424,Aqua,MODIS,34,6.2,305.3,15.2,D,0
-13.0708,130.4074,316.8,3.7,1.8,2014-05-09,0424,Aqua,MODIS,63,6.2,296.2,57,D,0
-14.3495,131.3791,315.3,3.2,1.7,2014-05-09,0424,Aqua,MODIS,51,6.2,302.7,33.3,D,0
-15.2277,131.0356,320.7,3.5,1.8,2014-05-09,0424,Aqua,MODIS,55,6.2,304.1,51.3,D,0
-14.021,133.0558,319.6,2.4,1.5,2014-05-09,0424,Aqua,MODIS,50,6.2,306.1,21.9,D,0
-34.6763,118.2335,350.1,1.1,1,2014-05-09,0557,Aqua,MODIS,96,6.2,295.8,66.9,D,0
-33.6596,121.3104,321.6,1,1,2014-05-09,0557,Aqua,MODIS,76,6.2,296.2,18.3,D,0
-34.6792,118.2098,324.7,1.1,1,2014-05-09,0557,Aqua,MODIS,83,6.2,294.9,22.7,D,0
-34.6778,118.2216,332.4,1.1,1,2014-05-09,0557,Aqua,MODIS,88,6.2,295.7,33.4,D,0
-34.4292,117.0889,326,1.2,1.1,2014-05-09,0557,Aqua,MODIS,84,6.2,292.2,29.9,D,0
-34.5442,117.3902,308.5,1.2,1.1,2014-05-09,0557,Aqua,MODIS,67,6.2,287.6,10.3,D,0
-34.5457,117.3775,309.9,1.2,1.1,2014-05-09,0557,Aqua,MODIS,69,6.2,289.4,11.3,D,0
-34.427,117.0953,332.6,1.2,1.1,2014-05-09,0557,Aqua,MODIS,88,6.2,293.6,41.8,D,0
-33.8542,117.8033,301.2,1.1,1,2014-05-09,0557,Aqua,MODIS,33,6.2,287.8,4.2,D,0
-34.4277,117.1019,338.7,1.2,1.1,2014-05-09,0557,Aqua,MODIS,91,6.2,290.3,52.8,D,0
-32.485,116.1957,321.4,1.2,1.1,2014-05-09,0558,Aqua,MODIS,66,6.2,288.6,25.7,D,0
-32.4765,116.1806,322,1.2,1.1,2014-05-09,0558,Aqua,MODIS,72,6.2,288.3,26.6,D,0
-32.4866,116.1822,316.5,1.2,1.1,2014-05-09,0558,Aqua,MODIS,44,6.2,288.9,19.3,D,0
-31.3251,116.7323,305.2,1.1,1.1,2014-05-09,0558,Aqua,MODIS,56,6.2,292,6.1,D,0
-30.8646,121.4923,310.8,1.1,1,2014-05-09,0558,Aqua,MODIS,66,6.2,286.8,11.1,D,2
-28.6505,122.4131,304.9,1.3,1.1,2014-05-09,0558,Aqua,MODIS,47,6.2,293.5,4.9,D,0
-18.9723,126.3445,320.6,3.8,1.8,2014-05-09,0601,Aqua,MODIS,42,6.2,302.8,48.6,D,0
-18.9671,126.338,320.2,3.8,1.8,2014-05-09,0601,Aqua,MODIS,37,6.2,303.1,43,D,0
-17.6579,126.4474,322.2,4.1,1.9,2014-05-09,0601,Aqua,MODIS,66,6.2,303.4,75.4,D,0
-16.3197,126.2658,314.2,4.2,1.9,2014-05-09,0601,Aqua,MODIS,54,6.2,299.6,43.2,D,0
-17.6604,126.4526,320.5,4.1,1.9,2014-05-09,0601,Aqua,MODIS,60,6.2,303.4,62.7,D,0
-17.5042,126.4871,331.9,4.1,1.9,2014-05-09,0601,Aqua,MODIS,81,6.2,303.6,163.5,D,0
-17.5023,126.4815,328.7,4.1,1.9,2014-05-09,0601,Aqua,MODIS,78,6.2,303.7,127.2,D,0
-15.966,126.4492,328.3,4.4,1.9,2014-05-09,0602,Aqua,MODIS,51,6.2,301.6,150.8,D,0
-15.9246,126.492,336.4,4.5,1.9,2014-05-09,0602,Aqua,MODIS,87,6.2,301.8,261.3,D,0
-15.9419,126.4958,319.9,4.5,1.9,2014-05-09,0602,Aqua,MODIS,70,6.2,301.6,89.9,D,0
-15.9756,126.4166,339.8,4.4,1.9,2014-05-09,0602,Aqua,MODIS,89,6.2,302,303.6,D,0
-15.9675,126.4576,325.8,4.4,1.9,2014-05-09,0602,Aqua,MODIS,78,6.2,301.7,135.7,D,0
-16.012,126.2082,315.4,4.3,1.9,2014-05-09,0602,Aqua,MODIS,25,6.2,300.9,46.4,D,0
-15.9233,126.4835,327.7,4.5,1.9,2014-05-09,0602,Aqua,MODIS,80,6.2,301.1,156.1,D,0
-15.514,126.2375,328.2,4.4,1.9,2014-05-09,0602,Aqua,MODIS,81,6.2,302.4,161.8,D,0
-15.9153,126.5251,319.5,4.5,2,2014-05-09,0602,Aqua,MODIS,42,6.2,302.5,77.7,D,0
-15.9406,126.4874,324.2,4.5,1.9,2014-05-09,0602,Aqua,MODIS,76,6.2,301.4,124.2,D,0
-16.0841,126.2358,318.8,4.3,1.9,2014-05-09,0602,Aqua,MODIS,64,6.2,301.6,68.5,D,0
-16.067,126.2326,317,4.3,1.9,2014-05-09,0602,Aqua,MODIS,39,6.2,301.1,52.2,D,0
-16.0831,126.2307,318.6,4.3,1.9,2014-05-09,0602,Aqua,MODIS,63,6.2,301.6,66.7,D,0
-15.1263,126.7187,316.8,4.8,2,2014-05-09,0602,Aqua,MODIS,67,6.2,302.1,74.9,D,0
-15.9738,126.4084,331.7,4.4,1.9,2014-05-09,0602,Aqua,MODIS,81,6.2,301.6,191.4,D,0
-15.5217,126.1972,313.8,4.3,1.9,2014-05-09,0602,Aqua,MODIS,55,6.2,301.6,39.5,D,0
-15.5219,126.2026,317.2,4.3,1.9,2014-05-09,0602,Aqua,MODIS,67,6.2,301.6,62.3,D,0
-15.5139,126.2429,325.2,4.4,1.9,2014-05-09,0602,Aqua,MODIS,78,6.2,302.5,131.4,D,0
-15.9836,126.3765,317.8,4.4,1.9,2014-05-09,0602,Aqua,MODIS,66,6.2,300.9,75.6,D,0
-15.9815,126.3682,315.8,4.4,1.9,2014-05-09,0602,Aqua,MODIS,38,6.2,300.8,55.5,D,0
-15.8133,126.5854,316.5,4.6,2,2014-05-09,0602,Aqua,MODIS,64,6.2,301.6,63.1,D,0
-15.8116,126.5901,314.9,4.6,2,2014-05-09,0602,Aqua,MODIS,59,6.2,301.6,50.1,D,0
-15.1277,126.7108,314.9,4.8,2,2014-05-09,0602,Aqua,MODIS,62,6.2,301.8,59,D,0
-16.0151,126.2168,317.3,4.3,1.9,2014-05-09,0602,Aqua,MODIS,63,6.2,300.6,62.3,D,0
-20.6133,132.4389,304.2,1,1,2014-05-09,1347,Terra,MODIS,59,6.2,288.1,7.7,N,0
-21.0321,132.3325,323,1.1,1,2014-05-09,1347,Terra,MODIS,100,6.2,288.7,24.6,N,0
-20.612,132.4489,312.4,1,1,2014-05-09,1347,Terra,MODIS,85,6.2,288.5,13.6,N,0
-21.1492,132.2838,306,1.1,1,2014-05-09,1347,Terra,MODIS,67,6.2,287.4,9.2,N,0
-20.4887,132.4889,301.8,1,1,2014-05-09,1347,Terra,MODIS,44,6.2,288.5,6.2,N,0
-20.4795,132.4875,316.6,1,1,2014-05-09,1347,Terra,MODIS,93,6.2,289.5,16.9,N,0
-18.0965,132.5241,352,1,1,2014-05-09,1348,Terra,MODIS,100,6.2,293.3,69.5,N,0
-18.0978,132.5146,311.1,1,1,2014-05-09,1348,Terra,MODIS,82,6.2,288.9,11.8,N,0
-18.0952,132.5336,301.2,1,1,2014-05-09,1348,Terra,MODIS,39,6.2,288.8,5.7,N,0
-15.9434,131.004,308,1.1,1,2014-05-09,1348,Terra,MODIS,73,6.2,295,7.1,N,0
-18.2768,128.9779,304.7,1.5,1.2,2014-05-09,1348,Terra,MODIS,61,6.2,290,11.8,N,0
-15.9527,131.0054,313.7,1.1,1,2014-05-09,1348,Terra,MODIS,88,6.2,295.3,11.5,N,0
-15.7171,128.5474,310.7,1.5,1.2,2014-05-09,1348,Terra,MODIS,78,6.2,295.6,14.1,N,0
-15.7137,128.5415,310.8,1.5,1.2,2014-05-09,1348,Terra,MODIS,81,6.2,295.7,14.3,N,0
-14.874,131.6486,304.6,1,1,2014-05-09,1348,Terra,MODIS,29,6.2,293.7,5.2,N,0
-15.6674,133.6855,306.1,1,1,2014-05-09,1348,Terra,MODIS,67,6.2,293.1,6.5,N,0
-14.5407,134.0845,306.1,1.1,1,2014-05-09,1348,Terra,MODIS,67,6.2,295.5,6.3,N,0
-13.9691,131.6811,315.5,1,1,2014-05-09,1349,Terra,MODIS,91,6.2,295.9,12.3,N,0
-14.5578,131.3451,304,1,1,2014-05-09,1349,Terra,MODIS,58,6.2,292.5,6.5,N,0
-13.6758,131.5427,309.5,1,1,2014-05-09,1349,Terra,MODIS,77,6.2,294.8,8.6,N,0
-14.1854,133.6832,304.5,1,1,2014-05-09,1349,Terra,MODIS,60,6.2,294.4,5.7,N,0
-13.5475,131.933,306,1,1,2014-05-09,1349,Terra,MODIS,15,6.2,295.4,5.6,N,0
-14.2148,132.7332,305.3,1,1,2014-05-09,1349,Terra,MODIS,64,6.2,295.1,6.2,N,0
-14.066,132.9977,305.6,1,1,2014-05-09,1349,Terra,MODIS,65,6.2,293.2,6.2,N,0
-13.9613,131.6704,322.5,1,1,2014-05-09,1349,Terra,MODIS,100,6.2,296,19.4,N,0
-14.0674,132.9884,304.4,1,1,2014-05-09,1349,Terra,MODIS,60,6.2,293.7,5.2,N,0
-13.0321,131.6118,309.4,1,1,2014-05-09,1349,Terra,MODIS,77,6.2,294.6,8,N,0
-13.0308,131.621,307.1,1,1,2014-05-09,1349,Terra,MODIS,70,6.2,293.9,6.4,N,0
-13.0411,131.6131,305.9,1,1,2014-05-09,1349,Terra,MODIS,24,6.2,294.1,5.5,N,0
-13.96,131.6797,308.2,1,1,2014-05-09,1349,Terra,MODIS,74,6.2,294.6,7.1,N,0
-13.9704,131.6718,317.1,1,1,2014-05-09,1349,Terra,MODIS,94,6.2,295.9,13.8,N,0
-14.1007,131.9214,316.2,1,1,2014-05-09,1349,Terra,MODIS,93,6.2,294.6,13.4,N,0
-15.0451,128.0502,310.3,1.5,1.2,2014-05-09,1349,Terra,MODIS,80,6.2,294.1,15.1,N,0
-15.0461,128.0563,310.4,1.5,1.2,2014-05-09,1349,Terra,MODIS,80,6.2,294.4,15.3,N,0
-14.7937,128.0629,303.5,1.5,1.2,2014-05-09,1349,Terra,MODIS,45,6.2,293.5,7.7,N,0
-15.0478,128.0418,304,1.5,1.2,2014-05-09,1349,Terra,MODIS,29,6.2,293.8,7.5,N,0
-32.4758,116.1912,318.3,1.3,1.1,2014-05-09,1522,Terra,MODIS,97,6.2,285.2,28.4,N,0
-32.4782,116.1775,301.9,1.3,1.1,2014-05-09,1522,Terra,MODIS,45,6.2,284.5,10.6,N,0
-15.0421,128.0545,307.2,1,1,2014-05-09,1653,Aqua,MODIS,48,6.2,294.7,6,N,0
-14.3477,126.8261,303.3,1.1,1,2014-05-09,1653,Aqua,MODIS,54,6.2,289.9,6.4,N,0
-14.8955,127.2636,303.6,1,1,2014-05-09,1653,Aqua,MODIS,56,6.2,292.7,6.1,N,0
-15.9477,131.0092,306.3,1.2,1.1,2014-05-09,1653,Aqua,MODIS,68,6.2,293.4,8.2,N,0
-14.5886,127.4242,312.1,1,1,2014-05-09,1653,Aqua,MODIS,84,6.2,292.6,11.7,N,0
-14.8135,128.0644,307.2,1,1,2014-05-09,1653,Aqua,MODIS,71,6.2,294.4,7.1,N,0
-13.969,131.674,344.8,1.3,1.1,2014-05-09,1653,Aqua,MODIS,100,6.2,298.2,71.2,N,0
-14.5571,131.3414,301.8,1.2,1.1,2014-05-09,1653,Aqua,MODIS,44,6.2,290.7,7.7,N,0
-13.9706,131.6855,320.5,1.3,1.1,2014-05-09,1653,Aqua,MODIS,100,6.2,295.9,24.2,N,0
-13.9575,131.6639,310.6,1.3,1.1,2014-05-09,1653,Aqua,MODIS,80,6.2,296.2,12.8,N,0
-13.959,131.6752,319.2,1.3,1.1,2014-05-09,1653,Aqua,MODIS,98,6.2,296.6,22.6,N,0
-13.9675,131.6627,349.6,1.3,1.1,2014-05-09,1653,Aqua,MODIS,100,6.2,296.7,85.1,N,0
-14.861,131.645,304.1,1.3,1.1,2014-05-09,1653,Aqua,MODIS,59,6.2,292.9,8,N,0
-17.6133,126.5304,304.3,1,1,2014-05-09,1654,Aqua,MODIS,31,6.2,292.6,4.8,N,0
-16.106,128.2195,304,1,1,2014-05-09,1654,Aqua,MODIS,58,6.2,293.1,4.6,N,0
-18.089,132.5255,314.9,1.6,1.3,2014-05-09,1654,Aqua,MODIS,90,6.2,288.3,31.1,N,0
-22.8348,122.8426,300.9,1.3,1.1,2014-05-09,1656,Aqua,MODIS,35,6.2,289.3,7.7,N,0
-30.8632,121.4972,309.4,1.2,1.1,2014-05-09,1658,Aqua,MODIS,77,6.2,283.8,15.8,N,2
-12.5303,141.9541,317.6,1.4,1.2,2014-05-10,0039,Terra,MODIS,71,6.2,298.2,16.1,D,0
-19.7858,139.0514,320.6,1.7,1.3,2014-05-10,0041,Terra,MODIS,65,6.2,302.6,22.2,D,0
-20.7398,139.4828,318.4,1.5,1.2,2014-05-10,0041,Terra,MODIS,54,6.2,303.6,13,D,2
-33.0104,137.5859,300.8,1.2,1.1,2014-05-10,0044,Terra,MODIS,31,6.2,290.2,4.5,D,0
-34.2523,140.6055,304,1,1,2014-05-10,0045,Terra,MODIS,58,6.2,289.1,5.2,D,0
-34.2613,140.6036,304.2,1,1,2014-05-10,0045,Terra,MODIS,58,6.2,289.2,5.3,D,0
-13.6563,131.5133,322.8,4.5,2,2014-05-10,0217,Terra,MODIS,76,6.2,301.9,116.8,D,0
-13.656,131.5204,320.2,4.5,2,2014-05-10,0217,Terra,MODIS,72,6.2,301.7,93.3,D,0
-13.0961,131.831,312.8,4.7,2,2014-05-10,0217,Terra,MODIS,56,6.2,300.3,40.4,D,0
-13.1006,131.8736,324.1,4.7,2,2014-05-10,0217,Terra,MODIS,77,6.2,301.3,137.7,D,0
-13.0996,131.8672,326.2,4.7,2,2014-05-10,0217,Terra,MODIS,79,6.2,301.3,151.8,D,0
-13.1051,131.5691,319.4,4.5,1.9,2014-05-10,0217,Terra,MODIS,71,6.2,299.9,84.5,D,0
-13.1093,131.6104,318.8,4.5,2,2014-05-10,0217,Terra,MODIS,70,6.2,302.7,82.1,D,0
-13.5715,131.9184,332.4,4.8,2,2014-05-10,0217,Terra,MODIS,85,6.2,300.6,251.1,D,0
-13.1087,131.6171,317.4,4.5,2,2014-05-10,0217,Terra,MODIS,68,6.2,302.9,69.8,D,0
-13.1042,131.5759,321.5,4.5,1.9,2014-05-10,0217,Terra,MODIS,74,6.2,300,101.5,D,0
-13.5734,131.923,335.4,4.8,2,2014-05-10,0217,Terra,MODIS,87,6.2,300.9,293.3,D,0
-13.5895,131.9162,312.4,4.8,2,2014-05-10,0217,Terra,MODIS,54,6.2,299.5,53.3,D,0
-13.5059,131.7984,312.6,4.7,2,2014-05-10,0217,Terra,MODIS,51,6.2,301.9,47.5,D,0
-14.6671,131.3837,315.7,4.5,2,2014-05-10,0218,Terra,MODIS,55,6.2,301.4,52.7,D,0
-13.9218,131.8185,318.1,4.8,2,2014-05-10,0218,Terra,MODIS,69,6.2,302.7,79.8,D,0
-13.92,131.8138,319,4.8,2,2014-05-10,0218,Terra,MODIS,71,6.2,302.5,86.7,D,0
-14.2557,130.8887,316,4.1,1.9,2014-05-10,0218,Terra,MODIS,57,6.2,302.1,44.8,D,0
-14.5919,131.3548,316.2,4.5,2,2014-05-10,0218,Terra,MODIS,44,6.2,302.9,51.4,D,0
-13.9775,131.6691,315.3,4.7,2,2014-05-10,0218,Terra,MODIS,63,6.2,302.6,57.8,D,0
-14.3713,131.4764,313.1,4.6,2,2014-05-10,0218,Terra,MODIS,51,6.2,301.2,42.9,D,0
-13.9785,131.6755,315.1,4.7,2,2014-05-10,0218,Terra,MODIS,63,6.2,302.6,58.6,D,0
-13.775,131.7956,315.3,4.7,2,2014-05-10,0218,Terra,MODIS,63,6.2,301.7,65.2,D,0
-14.5925,131.3494,317.2,4.5,2,2014-05-10,0218,Terra,MODIS,57,6.2,302.6,63.2,D,0
-14.667,131.3771,316.3,4.5,2,2014-05-10,0218,Terra,MODIS,54,6.2,301,57.2,D,0
-16.8547,130.8031,317.1,4.4,1.9,2014-05-10,0218,Terra,MODIS,57,6.2,302.5,52,D,0
-16.8562,130.7983,317.4,4.4,1.9,2014-05-10,0218,Terra,MODIS,41,6.2,302.3,50.4,D,0
-14.8874,127.985,341.1,2.5,1.5,2014-05-10,0218,Terra,MODIS,90,6.2,305.2,139.1,D,0
-14.9382,127.286,322.7,2.2,1.4,2014-05-10,0218,Terra,MODIS,60,6.2,306.2,25.6,D,0
-14.9407,127.307,321.2,2.2,1.4,2014-05-10,0218,Terra,MODIS,48,6.2,306.2,21.8,D,0
-15.0141,127.2706,325.4,2.2,1.4,2014-05-10,0218,Terra,MODIS,76,6.2,305.8,41.1,D,0
-15.0166,127.2914,319,2.2,1.4,2014-05-10,0218,Terra,MODIS,47,6.2,306,19.8,D,0
-16.9927,130.0386,333,3.8,1.8,2014-05-10,0218,Terra,MODIS,83,6.2,300.7,176.5,D,0
-14.9357,127.2654,320.9,2.2,1.4,2014-05-10,0218,Terra,MODIS,44,6.2,305.1,21.3,D,0
-14.96,127.9462,319.1,2.5,1.5,2014-05-10,0218,Terra,MODIS,66,6.2,303.6,33.9,D,0
-14.9532,127.9523,315.1,2.5,1.5,2014-05-10,0218,Terra,MODIS,52,6.2,303.3,21.1,D,0
-15.0892,127.3454,334.6,2.3,1.5,2014-05-10,0218,Terra,MODIS,85,6.2,307.2,79.2,D,0
-15.0918,127.3659,322.2,2.3,1.5,2014-05-10,0218,Terra,MODIS,54,6.2,305.5,29.8,D,0
-15.0868,127.3402,333.2,2.3,1.5,2014-05-10,0218,Terra,MODIS,84,6.2,306.7,74.4,D,0
-15.0892,127.3606,332.3,2.3,1.5,2014-05-10,0218,Terra,MODIS,83,6.2,306.2,70.9,D,0
-16.0984,126.2234,327.2,1.9,1.4,2014-05-10,0218,Terra,MODIS,75,6.2,304.5,38.9,D,0
-16.0884,126.2428,319.1,1.9,1.4,2014-05-10,0218,Terra,MODIS,36,6.2,304,18.6,D,0
-16.0862,126.2249,324.5,1.9,1.4,2014-05-10,0218,Terra,MODIS,71,6.2,304.1,33.1,D,0
-15.0633,127.8123,328.1,2.4,1.5,2014-05-10,0218,Terra,MODIS,79,6.2,304.2,60.8,D,0
-14.3544,126.7674,322.4,2,1.4,2014-05-10,0218,Terra,MODIS,40,6.2,304.7,30.1,D,0
-14.8617,127.7567,318.2,2.4,1.5,2014-05-10,0218,Terra,MODIS,29,6.2,306.6,18.7,D,0
-14.3499,126.7312,321.7,2,1.4,2014-05-10,0218,Terra,MODIS,49,6.2,302.5,30.1,D,0
-14.8275,127.5469,320.7,2.3,1.5,2014-05-10,0218,Terra,MODIS,69,6.2,306.3,28.4,D,0
-14.826,127.5619,317.5,2.3,1.5,2014-05-10,0218,Terra,MODIS,48,6.2,305.4,18.8,D,0
-15.4606,128.6712,318.8,2.9,1.6,2014-05-10,0218,Terra,MODIS,42,6.2,303.1,36.2,D,0
-14.3655,126.8351,316.9,2,1.4,2014-05-10,0218,Terra,MODIS,38,6.2,304.7,16.2,D,0
-14.9318,127.7716,326,2.4,1.5,2014-05-10,0218,Terra,MODIS,77,6.2,306.7,46.2,D,0
-14.9263,127.767,323.5,2.4,1.5,2014-05-10,0218,Terra,MODIS,63,6.2,307.3,34.8,D,0
-15.1286,127.7071,319.1,2.4,1.5,2014-05-10,0218,Terra,MODIS,57,6.2,306.6,24.8,D,0
-15.1311,127.7296,321.3,2.4,1.5,2014-05-10,0218,Terra,MODIS,71,6.2,305.5,32.1,D,0
-14.5767,127.4181,331.6,2.2,1.5,2014-05-10,0218,Terra,MODIS,83,6.2,306.6,67.7,D,0
-14.6299,127.8723,324.6,2.4,1.5,2014-05-10,0218,Terra,MODIS,75,6.2,305.5,50.3,D,0
-14.6273,127.8498,325.8,2.4,1.5,2014-05-10,0218,Terra,MODIS,77,6.2,304.1,55.6,D,0
-16.9987,130.0324,337.8,3.8,1.8,2014-05-10,0218,Terra,MODIS,87,6.2,300.3,227.4,D,0
-16.989,130.0024,342.9,3.8,1.8,2014-05-10,0218,Terra,MODIS,91,6.2,301.3,283.2,D,0
-16.9952,129.9962,337.8,3.8,1.8,2014-05-10,0218,Terra,MODIS,87,6.2,300.4,223.5,D,0
-13.7764,131.8006,317,4.7,2,2014-05-10,0218,Terra,MODIS,67,6.2,301.7,78.1,D,0
-15.0206,127.8709,323.7,2.5,1.5,2014-05-10,0218,Terra,MODIS,74,6.2,303.4,43.2,D,0
-14.7369,128.0145,317.3,2.5,1.5,2014-05-10,0218,Terra,MODIS,39,6.2,304.8,21.3,D,0
-14.367,131.441,323.2,4.5,2,2014-05-10,0218,Terra,MODIS,76,6.2,301.1,123.7,D,0
-14.367,131.4339,320.1,4.5,2,2014-05-10,0218,Terra,MODIS,72,6.2,301.1,99.3,D,0
-15.9388,126.5148,318.6,2,1.4,2014-05-10,0218,Terra,MODIS,65,6.2,303.1,20.6,D,0
-15.9366,126.4964,316.7,2,1.4,2014-05-10,0218,Terra,MODIS,54,6.2,303.4,16.1,D,0
-15.0762,127.3469,325.2,2.3,1.5,2014-05-10,0218,Terra,MODIS,76,6.2,305.8,43.8,D,0
-16.6931,126.0696,326.9,1.9,1.3,2014-05-10,0218,Terra,MODIS,76,6.2,303.7,37.6,D,0
-16.1062,126.1444,318.6,1.9,1.3,2014-05-10,0218,Terra,MODIS,41,6.2,302.3,17.8,D,0
-16.1019,126.1514,316.5,1.9,1.3,2014-05-10,0218,Terra,MODIS,42,6.2,302.7,13.8,D,0
-16.6952,126.0877,328.6,1.9,1.3,2014-05-10,0218,Terra,MODIS,80,6.2,305,43.1,D,0
-16.6164,130.5562,315.5,4.2,1.9,2014-05-10,0218,Terra,MODIS,52,6.2,302.6,46.6,D,0
-16.6974,126.1058,323.9,1.9,1.4,2014-05-10,0218,Terra,MODIS,73,6.2,305.5,30.2,D,0
-16.6995,126.1236,319.5,1.9,1.4,2014-05-10,0218,Terra,MODIS,50,6.2,305.1,18.7,D,0
-16.7096,126.1044,325.8,1.9,1.4,2014-05-10,0218,Terra,MODIS,74,6.2,303.3,34.2,D,0
-16.1096,126.1139,319.8,1.9,1.3,2014-05-10,0218,Terra,MODIS,62,6.2,302.8,21.6,D,0
-14.881,127.992,331.8,2.5,1.5,2014-05-10,0218,Terra,MODIS,83,6.2,305.8,83.6,D,0
-14.8948,127.9909,322.9,2.5,1.5,2014-05-10,0218,Terra,MODIS,72,6.2,303.8,44.3,D,0
-14.89,128.0081,316,2.5,1.5,2014-05-10,0218,Terra,MODIS,51,6.2,304.3,20.1,D,0
-15.7527,126.588,321.1,2,1.4,2014-05-10,0218,Terra,MODIS,70,6.2,302.4,29.5,D,0
-15.0454,128.0253,321.9,2.5,1.5,2014-05-10,0218,Terra,MODIS,58,6.2,303.7,39,D,0
-15.0395,128.0331,326.5,2.5,1.5,2014-05-10,0218,Terra,MODIS,72,6.2,305.1,56.8,D,0
-15.6466,128.5837,342.8,2.9,1.6,2014-05-10,0218,Terra,MODIS,91,6.2,307.3,162.5,D,0
-15.6509,128.6035,341.5,2.9,1.6,2014-05-10,0218,Terra,MODIS,90,6.2,305.5,156,D,0
-14.2984,126.7192,321.7,2,1.4,2014-05-10,0218,Terra,MODIS,72,6.2,303.2,31.8,D,0
-14.3006,126.7375,315.8,2,1.4,2014-05-10,0218,Terra,MODIS,54,6.2,303.2,17.5,D,0
-14.3107,126.7175,317.9,2,1.4,2014-05-10,0218,Terra,MODIS,31,6.2,302.2,20.8,D,0
-15.7032,128.5423,325.8,2.8,1.6,2014-05-10,0218,Terra,MODIS,49,6.2,305.2,59.3,D,0
-15.6859,128.5188,323.4,2.8,1.6,2014-05-10,0218,Terra,MODIS,24,6.2,303.8,46,D,0
-15.6481,128.5768,339.7,2.9,1.6,2014-05-10,0218,Terra,MODIS,89,6.2,307.3,140.1,D,0
-15.6611,128.5812,326.4,2.9,1.6,2014-05-10,0218,Terra,MODIS,51,6.2,303.9,54,D,0
-14.342,126.7689,324.3,2,1.4,2014-05-10,0218,Terra,MODIS,51,6.2,303.1,35.4,D,0
-15.6496,128.61,337.5,2.9,1.6,2014-05-10,0218,Terra,MODIS,87,6.2,304.7,124.5,D,0
-18.9763,126.3759,321,2.2,1.4,2014-05-10,0219,Terra,MODIS,45,6.2,305.1,19.5,D,0
-19.8016,127.3853,321.3,2.6,1.6,2014-05-10,0219,Terra,MODIS,61,6.2,301.6,35.3,D,0
-17.6171,126.5249,320.8,2.1,1.4,2014-05-10,0219,Terra,MODIS,46,6.2,303.6,22.9,D,0
-19.8088,127.4045,323.4,2.7,1.6,2014-05-10,0219,Terra,MODIS,67,6.2,301.5,45.2,D,0
-19.8043,127.4105,321.1,2.7,1.6,2014-05-10,0219,Terra,MODIS,60,6.2,301.7,35.1,D,0
-17.6636,126.4784,318.1,2.1,1.4,2014-05-10,0219,Terra,MODIS,51,6.2,303,18.4,D,0
-17.6659,126.4989,318.5,2.1,1.4,2014-05-10,0219,Terra,MODIS,57,6.2,301.9,20.6,D,0
-17.6569,126.4208,327.3,2.1,1.4,2014-05-10,0219,Terra,MODIS,77,6.2,303.9,45.9,D,0
-16.9069,126.2325,317,2,1.4,2014-05-10,0219,Terra,MODIS,56,6.2,303.1,15,D,0
-17.6177,126.5317,320.7,2.1,1.4,2014-05-10,0219,Terra,MODIS,47,6.2,303,23.5,D,0
-16.9091,126.251,320.6,2,1.4,2014-05-10,0219,Terra,MODIS,68,6.2,303.5,24.2,D,0
-22.8527,122.8368,315.5,1.4,1.2,2014-05-10,0220,Terra,MODIS,58,6.2,301.4,9.1,D,0
-22.8648,122.8488,316.4,1.4,1.2,2014-05-10,0220,Terra,MODIS,60,6.2,302.5,10.3,D,0
-22.824,122.9994,315.8,1.4,1.2,2014-05-10,0220,Terra,MODIS,55,6.2,301.9,9.3,D,0
-22.6552,124.7786,323.5,1.9,1.3,2014-05-10,0220,Terra,MODIS,73,6.2,298.7,31.6,D,0
-22.6572,124.7968,317,1.9,1.3,2014-05-10,0220,Terra,MODIS,50,6.2,298.6,15,D,0
-20.6205,119.3278,325.6,1,1,2014-05-10,0220,Terra,MODIS,74,6.2,303.5,12,D,0
-21.704,119.1238,327.5,1,1,2014-05-10,0220,Terra,MODIS,80,6.2,298.9,19.5,D,0
-21.4439,119.5459,322.1,1,1,2014-05-10,0220,Terra,MODIS,37,6.2,303.2,9.6,D,0
-21.4453,119.5555,324.4,1,1,2014-05-10,0220,Terra,MODIS,71,6.2,304,12,D,0
-21.4543,119.5541,328.3,1,1,2014-05-10,0220,Terra,MODIS,73,6.2,302.6,15.7,D,0
-21.4557,119.5637,322.7,1,1,2014-05-10,0220,Terra,MODIS,34,6.2,301.8,9.2,D,0
-30.8664,121.4952,307.8,1.4,1.2,2014-05-10,0222,Terra,MODIS,66,6.2,292.5,10.9,D,2
-32.4811,116.1931,300.8,1,1,2014-05-10,0223,Terra,MODIS,31,6.2,287.1,4.7,D,0
-33.4443,115.7418,303,1,1,2014-05-10,0223,Terra,MODIS,54,6.2,291.4,4.6,D,0
-33.8473,117.8055,302.6,1.1,1,2014-05-10,0223,Terra,MODIS,50,6.2,290,4.4,D,0
-33.8488,117.817,302.4,1.1,1,2014-05-10,0223,Terra,MODIS,47,6.2,291,4.2,D,0
-26.5559,149.0137,312.1,2.5,1.5,2014-05-10,0325,Aqua,MODIS,67,6.2,295.1,24.9,D,0
-26.5497,149.0083,312.7,2.5,1.5,2014-05-10,0325,Aqua,MODIS,67,6.2,294.9,26.8,D,0
-22.6637,124.7698,327.9,2,1.4,2014-05-10,0505,Aqua,MODIS,76,6.2,303.2,41,D,0
-22.6598,124.7821,329.5,2,1.4,2014-05-10,0505,Aqua,MODIS,78,6.2,304.1,46.1,D,0
-22.6617,124.7895,325.7,2,1.4,2014-05-10,0505,Aqua,MODIS,73,6.2,304.4,33.6,D,0
-19.7956,139.0618,323.8,3,1.6,2014-05-10,0505,Aqua,MODIS,63,6.2,303.5,53.2,D,0
-19.781,139.0584,320.6,3,1.6,2014-05-10,0505,Aqua,MODIS,38,6.2,303.6,35.1,D,0
-19.7871,139.0386,328.1,2.9,1.6,2014-05-10,0505,Aqua,MODIS,72,6.2,304.4,76.5,D,0
-21.1266,132.1474,329.7,1,1,2014-05-10,0505,Aqua,MODIS,63,6.2,307.6,14.5,D,0
-20.6326,132.4356,328.4,1.1,1,2014-05-10,0505,Aqua,MODIS,70,6.2,305.9,16.4,D,0
-20.6342,132.4254,358.5,1.1,1,2014-05-10,0505,Aqua,MODIS,99,6.2,305.6,78.6,D,0
-20.6233,132.434,358.3,1.1,1,2014-05-10,0505,Aqua,MODIS,99,6.2,311.8,77.5,D,0
-20.6249,132.4237,373.8,1.1,1,2014-05-10,0505,Aqua,MODIS,100,6.2,311.8,130.8,D,0
-20.9355,132.2565,328.3,1.1,1,2014-05-10,0505,Aqua,MODIS,70,6.2,310.8,12,D,0
-21.1281,132.1374,330.9,1,1,2014-05-10,0505,Aqua,MODIS,59,6.2,308.1,16.6,D,0
-21.122,132.1159,344.1,1,1,2014-05-10,0505,Aqua,MODIS,89,6.2,308.3,39.3,D,0
-21.0915,132.131,349.6,1,1,2014-05-10,0505,Aqua,MODIS,93,6.2,310.5,48.6,D,0
-21.093,132.1211,348.7,1,1,2014-05-10,0505,Aqua,MODIS,93,6.2,309.3,47.1,D,0
-20.4859,132.4138,324.3,1.1,1,2014-05-10,0505,Aqua,MODIS,60,6.2,303.5,12.8,D,0
-20.4843,132.424,363.7,1.1,1,2014-05-10,0505,Aqua,MODIS,100,6.2,307.6,94.7,D,0
-20.4952,132.4155,335.9,1.1,1,2014-05-10,0505,Aqua,MODIS,82,6.2,303.8,28.9,D,0
-20.4936,132.4257,372.8,1.1,1,2014-05-10,0505,Aqua,MODIS,100,6.2,308.6,127.6,D,0
-21.2446,132.2732,324.1,1.1,1,2014-05-10,0505,Aqua,MODIS,57,6.2,310.5,6.5,D,0
-21.1502,132.2924,323.4,1.1,1,2014-05-10,0505,Aqua,MODIS,53,6.2,310,6,D,0
-22.8348,122.9858,317,2.7,1.6,2014-05-10,0505,Aqua,MODIS,42,6.2,303.2,21,D,0
-17.4976,126.5098,329,1.3,1.1,2014-05-10,0506,Aqua,MODIS,74,6.2,310.2,16.4,D,0
-17.6662,126.4582,337.4,1.3,1.1,2014-05-10,0506,Aqua,MODIS,84,6.2,309.1,36.2,D,0
-16.6077,130.5347,324.7,1,1,2014-05-10,0506,Aqua,MODIS,31,6.2,311.9,7.8,D,0
-16.6063,130.5442,335,1,1,2014-05-10,0506,Aqua,MODIS,81,6.2,312.9,20.9,D,0
-16.6168,130.5362,325.5,1,1,2014-05-10,0506,Aqua,MODIS,55,6.2,313.2,9.2,D,0
-16.6882,130.5545,324.8,1,1,2014-05-10,0506,Aqua,MODIS,14,6.2,312.1,7.6,D,0
-16.6154,130.5457,328.5,1,1,2014-05-10,0506,Aqua,MODIS,70,6.2,314,12.4,D,0
-16.6249,130.5442,330.9,1,1,2014-05-10,0506,Aqua,MODIS,23,6.2,312.8,14.2,D,0
-16.6869,130.5639,329.4,1,1,2014-05-10,0506,Aqua,MODIS,67,6.2,313.3,13,D,0
-17.0074,129.9985,381,1,1,2014-05-10,0506,Aqua,MODIS,100,6.2,313.4,144.6,D,0
-16.6973,130.556,325.2,1,1,2014-05-10,0506,Aqua,MODIS,33,6.2,309.6,8,D,0
-16.6959,130.5654,328.4,1,1,2014-05-10,0506,Aqua,MODIS,61,6.2,311.8,11.9,D,0
-17.0554,127.0228,322.6,1.2,1.1,2014-05-10,0506,Aqua,MODIS,56,6.2,309.6,7.8,D,0
-16.3399,130.1661,326.3,1,1,2014-05-10,0506,Aqua,MODIS,58,6.2,313.3,9.4,D,0
-16.3385,130.1755,324.9,1,1,2014-05-10,0506,Aqua,MODIS,57,6.2,312.1,8.4,D,0
-17.644,126.411,337.9,1.3,1.1,2014-05-10,0506,Aqua,MODIS,85,6.2,308.1,40.9,D,0
-17.6503,126.4174,349.8,1.3,1.1,2014-05-10,0506,Aqua,MODIS,94,6.2,310.4,71.9,D,0
-17.663,126.4833,330.7,1.3,1.1,2014-05-10,0506,Aqua,MODIS,73,6.2,308.3,21.9,D,0
-17.002,130.0359,342,1,1,2014-05-10,0506,Aqua,MODIS,88,6.2,312.2,30.9,D,0
-15.9644,130.9627,325.1,1,1,2014-05-10,0506,Aqua,MODIS,55,6.2,311.9,7.4,D,0
-17.6749,126.4722,323.8,1.3,1.1,2014-05-10,0506,Aqua,MODIS,37,6.2,307.6,11,D,0
-18.2703,128.9906,331.3,1,1,2014-05-10,0506,Aqua,MODIS,77,6.2,308.6,17.1,D,0
-16.7061,126.0945,336.3,1.4,1.2,2014-05-10,0506,Aqua,MODIS,66,6.2,311.1,33.2,D,0
-17.0034,130.0266,356.3,1,1,2014-05-10,0506,Aqua,MODIS,98,6.2,313.9,60.6,D,0
-18.2716,128.9809,328.6,1,1,2014-05-10,0506,Aqua,MODIS,72,6.2,311.7,13.3,D,0
-16.9957,130.0158,340.2,1,1,2014-05-10,0506,Aqua,MODIS,86,6.2,313.8,27.8,D,0
-16.9984,129.9971,345.5,1,1,2014-05-10,0506,Aqua,MODIS,91,6.2,312.6,39.7,D,0
-16.9351,130.0579,323.8,1,1,2014-05-10,0506,Aqua,MODIS,57,6.2,307.8,8.3,D,0
-16.6989,126.068,328.8,1.4,1.2,2014-05-10,0506,Aqua,MODIS,31,6.2,310.2,20.2,D,0
-17.0011,129.9784,328.9,1,1,2014-05-10,0506,Aqua,MODIS,72,6.2,307,17.3,D,0
-17.6519,126.4048,360.2,1.3,1.1,2014-05-10,0506,Aqua,MODIS,100,6.2,311.7,111.2,D,0
-17.6622,126.4062,327.1,1.3,1.1,2014-05-10,0506,Aqua,MODIS,70,6.2,310.2,18.7,D,0
-17.6534,126.3924,329.9,1.3,1.1,2014-05-10,0506,Aqua,MODIS,75,6.2,306.1,23.3,D,0
-16.9998,129.9877,350.4,1,1,2014-05-10,0506,Aqua,MODIS,94,6.2,311.4,50.6,D,0
-16.9131,126.2377,340.1,1.3,1.1,2014-05-10,0506,Aqua,MODIS,87,6.2,311.6,45.7,D,0
-17.0087,129.9892,387.4,1,1,2014-05-10,0506,Aqua,MODIS,100,6.2,311,174.4,D,0
-16.7149,126.1085,358.7,1.4,1.2,2014-05-10,0506,Aqua,MODIS,99,6.2,312.6,105.5,D,0
-16.7165,126.0959,361.4,1.4,1.2,2014-05-10,0506,Aqua,MODIS,100,6.2,311.1,115.3,D,0
-15.9585,131.0017,323.5,1,1,2014-05-10,0506,Aqua,MODIS,36,6.2,309.6,6.1,D,0
-17.6733,126.4847,327.6,1.3,1.1,2014-05-10,0506,Aqua,MODIS,63,6.2,307.6,17.4,D,0
-16.9083,126.2748,327.1,1.3,1.1,2014-05-10,0506,Aqua,MODIS,68,6.2,309.5,16.2,D,0
-16.9364,130.0486,322.9,1,1,2014-05-10,0506,Aqua,MODIS,50,6.2,310.5,7,D,0
-17.0047,130.0172,347.8,1,1,2014-05-10,0506,Aqua,MODIS,92,6.2,313.2,42.1,D,0
-16.7046,126.1071,358,1.4,1.2,2014-05-10,0506,Aqua,MODIS,99,6.2,311.2,102.4,D,0
-16.1489,127.2468,328.3,1.1,1.1,2014-05-10,0506,Aqua,MODIS,74,6.2,312.2,16.7,D,0
-17.0061,130.0079,332.3,1,1,2014-05-10,0506,Aqua,MODIS,52,6.2,311.2,17.1,D,0
-16.6615,130.1009,327.7,1,1,2014-05-10,0506,Aqua,MODIS,69,6.2,311.6,11.3,D,0
-16.6786,130.0462,328.8,1,1,2014-05-10,0506,Aqua,MODIS,71,6.2,309.7,14.1,D,0
-16.6705,130.1023,325.6,1,1,2014-05-10,0506,Aqua,MODIS,63,6.2,309.9,8.8,D,0
-17.6646,126.4709,329.5,1.3,1.1,2014-05-10,0506,Aqua,MODIS,61,6.2,309.7,19.3,D,0
-16.9881,130.005,341.2,1,1,2014-05-10,0506,Aqua,MODIS,85,6.2,314,28.7,D,0
-16.9894,129.9957,334.3,1,1,2014-05-10,0506,Aqua,MODIS,56,6.2,312.4,19.7,D,0
-17.4802,126.4823,327.2,1.3,1.1,2014-05-10,0506,Aqua,MODIS,59,6.2,311.3,14.2,D,0
-16.9804,129.9942,330.6,1,1,2014-05-10,0506,Aqua,MODIS,68,6.2,310.3,15.6,D,0
-16.4204,137.5891,326.5,2.7,1.6,2014-05-10,0506,Aqua,MODIS,77,6.2,298.3,72.2,D,0
-16.4063,137.5863,316,2.7,1.6,2014-05-10,0506,Aqua,MODIS,51,6.2,297.4,28.1,D,0
-16.4021,137.578,317.5,2.7,1.6,2014-05-10,0506,Aqua,MODIS,54,6.2,297.5,32.9,D,0
-16.6186,137.5126,315.3,2.6,1.6,2014-05-10,0506,Aqua,MODIS,53,6.2,299,24.5,D,0
-18.3153,127.5034,328,1.2,1.1,2014-05-10,0506,Aqua,MODIS,69,6.2,309.6,15.8,D,0
-18.3167,127.4923,325,1.2,1.1,2014-05-10,0506,Aqua,MODIS,59,6.2,309.9,11,D,0
-15.6712,133.6777,334.6,1.4,1.2,2014-05-10,0506,Aqua,MODIS,84,6.2,309.8,36.7,D,0
-16.8003,125.983,321.6,1.4,1.2,2014-05-10,0506,Aqua,MODIS,57,6.2,307.2,11.4,D,0
-17.2728,131.14,323.9,1,1,2014-05-10,0506,Aqua,MODIS,63,6.2,311.1,8.1,D,0
-16.7833,130.7181,333.4,1,1,2014-05-10,0506,Aqua,MODIS,71,6.2,312.1,16.8,D,0
-16.8475,130.7871,336.1,1,1,2014-05-10,0506,Aqua,MODIS,66,6.2,313,21.3,D,0
-16.8489,130.7776,337.7,1,1,2014-05-10,0506,Aqua,MODIS,78,6.2,310.4,24.8,D,0
-16.8229,130.8911,324.4,1,1,2014-05-10,0506,Aqua,MODIS,47,6.2,310.7,7.2,D,0
-16.8243,130.8814,327.5,1,1,2014-05-10,0506,Aqua,MODIS,65,6.2,314.2,10.6,D,0
-16.8552,130.7982,332,1,1,2014-05-10,0506,Aqua,MODIS,61,6.2,314.5,14.7,D,0
-18.9888,126.3715,325.4,1.4,1.2,2014-05-10,0506,Aqua,MODIS,32,6.2,309.1,11.5,D,0
-18.9767,126.3833,331.4,1.4,1.2,2014-05-10,0506,Aqua,MODIS,73,6.2,311.3,22.1,D,0
-18.9783,126.37,339.7,1.4,1.2,2014-05-10,0506,Aqua,MODIS,85,6.2,312.5,41.9,D,0
-15.6685,133.6717,340.3,1.4,1.2,2014-05-10,0506,Aqua,MODIS,88,6.2,309.4,50.4,D,0
-15.6791,133.6736,327.2,1.4,1.2,2014-05-10,0506,Aqua,MODIS,61,6.2,308.6,20.5,D,0
-15.6734,133.6644,353.4,1.4,1.2,2014-05-10,0506,Aqua,MODIS,96,6.2,308.7,98.7,D,0
-15.6706,133.6584,337.3,1.4,1.2,2014-05-10,0506,Aqua,MODIS,86,6.2,307,44.4,D,0
-16.1286,128.1937,324.2,1.1,1,2014-05-10,0506,Aqua,MODIS,50,6.2,310.3,8.2,D,0
-16.0531,128.2165,328.3,1.1,1,2014-05-10,0506,Aqua,MODIS,69,6.2,312.2,11.8,D,0
-18.0855,132.5018,334.5,1.1,1.1,2014-05-10,0506,Aqua,MODIS,43,6.2,311.6,22.2,D,0
-18.0872,132.4911,350.7,1.1,1.1,2014-05-10,0506,Aqua,MODIS,94,6.2,311.6,59,D,0
-18.0889,132.4803,348.4,1.1,1.1,2014-05-10,0506,Aqua,MODIS,93,6.2,310.5,57,D,0
-15.549,132.0789,351.6,1.2,1.1,2014-05-10,0506,Aqua,MODIS,95,6.2,310.5,67.9,D,0
-15.4683,132.0877,338.4,1.2,1.1,2014-05-10,0506,Aqua,MODIS,86,6.2,310.4,35.4,D,0
-18.108,132.4837,369.8,1.1,1.1,2014-05-10,0506,Aqua,MODIS,100,6.2,311.5,127.2,D,0
-15.4659,132.0807,335.7,1.2,1.1,2014-05-10,0506,Aqua,MODIS,77,6.2,310.3,29.5,D,0
-15.5474,132.0898,346.3,1.2,1.1,2014-05-10,0506,Aqua,MODIS,92,6.2,312.5,53.8,D,0
-18.0934,132.5143,333.1,1.1,1.1,2014-05-10,0506,Aqua,MODIS,62,6.2,313.4,20.5,D,0
-18.1047,132.5052,355.6,1.1,1.1,2014-05-10,0506,Aqua,MODIS,97,6.2,315,71.4,D,0
-18.1063,132.4945,385.2,1.1,1.1,2014-05-10,0506,Aqua,MODIS,100,6.2,319,195.9,D,0
-16.362,131.9857,334.8,1.1,1.1,2014-05-10,0506,Aqua,MODIS,81,6.2,312.4,25.9,D,0
-16.3604,131.9963,332.4,1.1,1.1,2014-05-10,0506,Aqua,MODIS,79,6.2,311.5,22.2,D,0
-16.3588,132.0068,321.7,1.1,1.1,2014-05-10,0506,Aqua,MODIS,51,6.2,309.3,7.7,D,0
-16.2429,131.7503,325.9,1.1,1.1,2014-05-10,0506,Aqua,MODIS,67,6.2,313.1,10.9,D,0
-15.528,132.0865,344,1.2,1.1,2014-05-10,0506,Aqua,MODIS,90,6.2,312.4,48.1,D,0
-18.0951,132.5035,346.8,1.1,1.1,2014-05-10,0506,Aqua,MODIS,92,6.2,314.1,47.7,D,0
-15.615,131.709,330,1.1,1.1,2014-05-10,0506,Aqua,MODIS,66,6.2,312.6,13.6,D,0
-15.5377,132.0881,361.3,1.2,1.1,2014-05-10,0506,Aqua,MODIS,100,6.2,313.3,97.3,D,0
-15.6134,131.7194,331.7,1.1,1.1,2014-05-10,0506,Aqua,MODIS,75,6.2,314.8,16.1,D,0
-15.5394,132.0773,349.7,1.2,1.1,2014-05-10,0506,Aqua,MODIS,94,6.2,308.8,61.7,D,0
-17.541,132.8922,340.1,1.2,1.1,2014-05-10,0506,Aqua,MODIS,69,6.2,311.5,37.8,D,0
-15.4676,132.0698,336.5,1.2,1.1,2014-05-10,0506,Aqua,MODIS,70,6.2,306.5,30.5,D,0
-15.5793,132.0897,323.3,1.2,1.1,2014-05-10,0506,Aqua,MODIS,63,6.2,310.1,11.6,D,0
-15.5906,132.0805,330.7,1.2,1.1,2014-05-10,0506,Aqua,MODIS,77,6.2,309.4,22.2,D,0
-15.589,132.0913,331.8,1.2,1.1,2014-05-10,0506,Aqua,MODIS,79,6.2,311.2,23.9,D,0
-15.6003,132.0821,352.6,1.2,1.1,2014-05-10,0506,Aqua,MODIS,96,6.2,310.5,70.2,D,0
-15.5986,132.0929,363.2,1.2,1.1,2014-05-10,0506,Aqua,MODIS,100,6.2,313.3,104.8,D,0
-15.6099,132.0837,382.6,1.2,1.1,2014-05-10,0506,Aqua,MODIS,100,6.2,315,191.9,D,0
-15.6083,132.0945,376.2,1.2,1.1,2014-05-10,0506,Aqua,MODIS,100,6.2,312.9,160,D,0
-18.1935,132.5939,333.1,1.2,1.1,2014-05-10,0506,Aqua,MODIS,59,6.2,312.4,20.3,D,0
-18.1839,132.5922,331.4,1.2,1.1,2014-05-10,0506,Aqua,MODIS,54,6.2,311.3,17.1,D,0
-15.6196,132.0853,359.4,1.2,1.1,2014-05-10,0506,Aqua,MODIS,99,6.2,312.1,91.8,D,0
-17.5312,132.8904,336.1,1.2,1.1,2014-05-10,0506,Aqua,MODIS,61,6.2,310.9,29.6,D,0
-15.4562,132.0791,355.8,1.2,1.1,2014-05-10,0506,Aqua,MODIS,97,6.2,313.3,78.8,D,0
-15.4579,132.0682,367.9,1.2,1.1,2014-05-10,0506,Aqua,MODIS,100,6.2,311.5,121.5,D,0
-15.5297,132.0756,347.8,1.2,1.1,2014-05-10,0506,Aqua,MODIS,93,6.2,311.9,57.4,D,0
-15.6179,132.0961,347.4,1.2,1.1,2014-05-10,0506,Aqua,MODIS,92,6.2,309.3,57.2,D,0
-15.478,132.0893,326.7,1.2,1.1,2014-05-10,0506,Aqua,MODIS,69,6.2,308.7,15.7,D,0
-17.9733,132.6328,333.6,1.2,1.1,2014-05-10,0506,Aqua,MODIS,81,6.2,311.6,24.9,D,0
-17.5392,132.9035,333.5,1.2,1.1,2014-05-10,0506,Aqua,MODIS,27,6.2,313.9,22.3,D,0
-18.0968,132.4928,338.7,1.1,1.1,2014-05-10,0506,Aqua,MODIS,65,6.2,312.7,31.2,D,0
-18.0985,132.482,335.5,1.1,1.1,2014-05-10,0506,Aqua,MODIS,83,6.2,309.3,30,D,0
-18.2031,132.5956,328.4,1.2,1.1,2014-05-10,0506,Aqua,MODIS,66,6.2,312.1,14.5,D,0
-18.2048,132.5848,332,1.2,1.1,2014-05-10,0506,Aqua,MODIS,78,6.2,312.8,20.3,D,0
-14.2727,130.7729,328.3,1.1,1,2014-05-10,0507,Aqua,MODIS,55,6.2,307.6,15.3,D,0
-13.6853,131.5522,328.4,1.2,1.1,2014-05-10,0507,Aqua,MODIS,77,6.2,311.6,16.7,D,0
-13.6869,131.5418,323,1.2,1.1,2014-05-10,0507,Aqua,MODIS,56,6.2,310.2,8.7,D,0
-13.1817,132.5024,319.2,1.3,1.1,2014-05-10,0507,Aqua,MODIS,56,6.2,303.8,12.6,D,0
-13.5374,131.9238,329.9,1.2,1.1,2014-05-10,0507,Aqua,MODIS,79,6.2,309.3,21.9,D,0
-15.4146,132.0276,319.5,1.2,1.1,2014-05-10,0507,Aqua,MODIS,45,6.2,304.1,9.5,D,0
-13.465,131.7251,332.7,1.2,1.1,2014-05-10,0507,Aqua,MODIS,69,6.2,307.4,25.5,D,0
-13.6163,131.5352,321.8,1.2,1.1,2014-05-10,0507,Aqua,MODIS,47,6.2,306.9,9.4,D,0
-13.6197,131.5307,323,1.2,1.1,2014-05-10,0507,Aqua,MODIS,56,6.2,307.3,10.5,D,0
-13.6181,131.5413,321.1,1.2,1.1,2014-05-10,0507,Aqua,MODIS,43,6.2,307.8,8.2,D,0
-13.4223,131.8078,326.1,1.2,1.1,2014-05-10,0507,Aqua,MODIS,61,6.2,306.5,17.6,D,0
-14.2713,130.7827,325.6,1.1,1,2014-05-10,0507,Aqua,MODIS,41,6.2,308,11.2,D,0
-14.0046,133.1275,326.6,1.4,1.2,2014-05-10,0507,Aqua,MODIS,75,6.2,310.1,19,D,0
-13.2979,132.5339,342.8,1.3,1.1,2014-05-10,0507,Aqua,MODIS,90,6.2,307.7,55.6,D,0
-13.2998,132.5218,337.5,1.3,1.1,2014-05-10,0507,Aqua,MODIS,86,6.2,306.8,42,D,0
-13.2856,132.5445,327,1.3,1.1,2014-05-10,0507,Aqua,MODIS,76,6.2,306.5,21.8,D,0
-14.6109,131.3281,332.5,1.1,1,2014-05-10,0507,Aqua,MODIS,62,6.2,310.6,20,D,0
-13.2876,132.5323,319.5,1.3,1.1,2014-05-10,0507,Aqua,MODIS,62,6.2,305.9,8.9,D,0
-13.3438,132.4422,318.7,1.3,1.1,2014-05-10,0507,Aqua,MODIS,59,6.2,307.2,8.4,D,0
-13.053,132.0098,333.1,1.2,1.1,2014-05-10,0507,Aqua,MODIS,82,6.2,305.6,29.3,D,0
-13.9901,132.569,332.6,1.3,1.1,2014-05-10,0507,Aqua,MODIS,79,6.2,308.7,29.3,D,0
-13.0512,132.0212,340.1,1.2,1.1,2014-05-10,0507,Aqua,MODIS,88,6.2,306,42.8,D,0
-14.6297,131.331,346.6,1.1,1,2014-05-10,0507,Aqua,MODIS,92,6.2,310.3,47,D,0
-13.0611,132.0228,329.6,1.2,1.1,2014-05-10,0507,Aqua,MODIS,79,6.2,308.8,22.8,D,0
-14.2529,131.866,322.8,1.2,1.1,2014-05-10,0507,Aqua,MODIS,65,6.2,307.8,12.7,D,0
-14.308,131.8307,340.4,1.2,1.1,2014-05-10,0507,Aqua,MODIS,88,6.2,308.7,42.9,D,0
-14.3108,131.8256,339.4,1.2,1.1,2014-05-10,0507,Aqua,MODIS,87,6.2,307.6,40.4,D,0
-13.4826,131.8062,317.1,1.2,1.1,2014-05-10,0507,Aqua,MODIS,44,6.2,304.3,7.6,D,0
-13.0594,132.0342,324.3,1.3,1.1,2014-05-10,0507,Aqua,MODIS,32,6.2,308.3,13.4,D,0
-13.5571,131.9269,327,1.2,1.1,2014-05-10,0507,Aqua,MODIS,63,6.2,307.4,15.5,D,0
-13.5701,131.9122,346.5,1.2,1.1,2014-05-10,0507,Aqua,MODIS,83,6.2,307.7,54,D,0
-13.5684,131.9232,354,1.2,1.1,2014-05-10,0507,Aqua,MODIS,97,6.2,308.2,73.4,D,0
-13.1799,132.5141,320.5,1.3,1.1,2014-05-10,0507,Aqua,MODIS,64,6.2,304.8,15,D,0
-13.424,131.7967,349.5,1.2,1.1,2014-05-10,0507,Aqua,MODIS,94,6.2,308.1,66.5,D,0
-13.4142,131.7951,334.2,1.2,1.1,2014-05-10,0507,Aqua,MODIS,77,6.2,307.9,30.4,D,0
-13.9134,131.8072,344,1.2,1.1,2014-05-10,0507,Aqua,MODIS,91,6.2,313.2,44.5,D,0
-13.4282,130.9847,322.1,1.1,1,2014-05-10,0507,Aqua,MODIS,22,6.2,308.1,8.7,D,0
-13.9168,131.7854,325.1,1.2,1.1,2014-05-10,0507,Aqua,MODIS,45,6.2,310.2,12.6,D,0
-13.8303,132.02,325.7,1.2,1.1,2014-05-10,0507,Aqua,MODIS,22,6.2,309.3,9.3,D,0
-13.9037,131.8056,367.4,1.2,1.1,2014-05-10,0507,Aqua,MODIS,100,6.2,311.7,118.2,D,0
-13.8534,132.0009,333.3,1.2,1.1,2014-05-10,0507,Aqua,MODIS,18,6.2,311.1,20.2,D,0
-13.8633,132.0025,330.3,1.2,1.1,2014-05-10,0507,Aqua,MODIS,30,6.2,312.7,16.1,D,0
-13.8743,131.6501,326.2,1.2,1.1,2014-05-10,0507,Aqua,MODIS,66,6.2,307.8,15.5,D,0
-13.4828,131.7392,326.5,1.2,1.1,2014-05-10,0507,Aqua,MODIS,44,6.2,308.8,16.8,D,0
-13.9054,131.7947,365.8,1.2,1.1,2014-05-10,0507,Aqua,MODIS,100,6.2,313.1,113.3,D,0
-13.8973,131.7823,329.2,1.2,1.1,2014-05-10,0507,Aqua,MODIS,64,6.2,308.3,18.9,D,0
-13.4731,131.7376,327.7,1.2,1.1,2014-05-10,0507,Aqua,MODIS,34,6.2,306.6,16.8,D,0
-13.8731,132.0041,329.3,1.2,1.1,2014-05-10,0507,Aqua,MODIS,41,6.2,312,14.6,D,0
-13.0309,131.89,331.9,1.2,1.1,2014-05-10,0507,Aqua,MODIS,81,6.2,305.8,28.3,D,0
-13.4711,131.8157,385.1,1.2,1.1,2014-05-10,0507,Aqua,MODIS,100,6.2,314.4,217.4,D,0
-13.4695,131.8268,335.5,1.2,1.1,2014-05-10,0507,Aqua,MODIS,84,6.2,307.5,34.8,D,0
-14.3091,131.8364,339.1,1.2,1.1,2014-05-10,0507,Aqua,MODIS,87,6.2,308.2,39.8,D,0
-13.4809,131.8173,345.1,1.2,1.1,2014-05-10,0507,Aqua,MODIS,92,6.2,308.7,57.2,D,0
-13.1239,131.889,325.2,1.2,1.1,2014-05-10,0507,Aqua,MODIS,48,6.2,308.5,14.3,D,0
-14.8262,131.6045,342.6,1.1,1.1,2014-05-10,0507,Aqua,MODIS,89,6.2,312.9,37.7,D,0
-13.0922,131.82,324.5,1.2,1.1,2014-05-10,0507,Aqua,MODIS,47,6.2,304.4,14.5,D,0
-13.1268,131.9356,354.7,1.2,1.1,2014-05-10,0507,Aqua,MODIS,97,6.2,308.6,83.1,D,0
-13.125,131.9469,344,1.2,1.1,2014-05-10,0507,Aqua,MODIS,91,6.2,309.7,53.1,D,0
-14.9264,131.2634,327.7,1.1,1,2014-05-10,0507,Aqua,MODIS,55,6.2,312.2,13.2,D,0
-13.2117,132.5017,354.3,1.3,1.1,2014-05-10,0507,Aqua,MODIS,97,6.2,307.4,92.9,D,0
-13.2136,132.4897,328.1,1.3,1.1,2014-05-10,0507,Aqua,MODIS,32,6.2,303.4,23.4,D,0
-13.1995,132.5119,330.6,1.3,1.1,2014-05-10,0507,Aqua,MODIS,54,6.2,305.9,28.5,D,0
-13.2014,132.5001,355.4,1.3,1.1,2014-05-10,0507,Aqua,MODIS,97,6.2,308.4,96.8,D,0
-14.5477,131.3331,341.9,1.1,1,2014-05-10,0507,Aqua,MODIS,80,6.2,309.4,39.1,D,0
-13.2033,132.488,341,1.3,1.1,2014-05-10,0507,Aqua,MODIS,89,6.2,304.3,52.7,D,0
-13.1912,132.4984,335.4,1.3,1.1,2014-05-10,0507,Aqua,MODIS,85,6.2,304.2,40.1,D,0
-13.192,132.5041,328,1.3,1.1,2014-05-10,0507,Aqua,MODIS,62,6.2,305.4,25.5,D,0
-13.1938,132.4919,329.2,1.3,1.1,2014-05-10,0507,Aqua,MODIS,70,6.2,304.6,27.4,D,0
-13.1844,131.6278,324.5,1.2,1.1,2014-05-10,0507,Aqua,MODIS,52,6.2,309,11.7,D,0
-14.7369,131.5191,327.6,1.1,1.1,2014-05-10,0507,Aqua,MODIS,67,6.2,310.7,13.5,D,0
-13.3103,132.791,326,1.4,1.2,2014-05-10,0507,Aqua,MODIS,75,6.2,309.6,19.8,D,0
-13.615,130.7955,328.5,1.1,1,2014-05-10,0507,Aqua,MODIS,78,6.2,308.1,16.5,D,0
-14.1029,132.6251,326.5,1.3,1.1,2014-05-10,0507,Aqua,MODIS,65,6.2,310.6,16.7,D,0
-13.8656,130.6535,325.3,1.1,1,2014-05-10,0507,Aqua,MODIS,51,6.2,310.1,10.4,D,0
-13.9814,131.9594,341,1.2,1.1,2014-05-10,0507,Aqua,MODIS,88,6.2,312.1,37,D,0
-13.5234,131.3415,324.6,1.1,1.1,2014-05-10,0507,Aqua,MODIS,72,6.2,311.1,13.9,D,0
-15.4303,131.3309,324.6,1.1,1,2014-05-10,0507,Aqua,MODIS,64,6.2,309.8,9.6,D,0
-13.4901,131.1772,331.3,1.1,1.1,2014-05-10,0507,Aqua,MODIS,81,6.2,306.3,24.8,D,0
-13.4853,131.1811,331.7,1.1,1.1,2014-05-10,0507,Aqua,MODIS,81,6.2,307.3,26,D,0
-13.4774,131.1693,341.5,1.1,1.1,2014-05-10,0507,Aqua,MODIS,89,6.2,306.5,42.8,D,0
-13.4789,131.1591,348,1.1,1.1,2014-05-10,0507,Aqua,MODIS,93,6.2,307.8,56.7,D,0
-13.4182,132.7629,325.8,1.4,1.2,2014-05-10,0507,Aqua,MODIS,66,6.2,308.9,19.6,D,0
-13.1032,131.5526,331.1,1.2,1.1,2014-05-10,0507,Aqua,MODIS,80,6.2,306.1,24.3,D,0
-13.1112,131.5649,333.5,1.2,1.1,2014-05-10,0507,Aqua,MODIS,82,6.2,304.9,26.4,D,0
-13.1096,131.5758,333.1,1.2,1.1,2014-05-10,0507,Aqua,MODIS,83,6.2,307.2,25.7,D,0
-13.1193,131.5773,341.6,1.2,1.1,2014-05-10,0507,Aqua,MODIS,89,6.2,307.5,42.2,D,0
-15.4288,131.341,354.1,1.1,1,2014-05-10,0507,Aqua,MODIS,96,6.2,314.9,65.6,D,0
-13.3881,131.9621,322.5,1.2,1.1,2014-05-10,0507,Aqua,MODIS,68,6.2,306.9,11.7,D,0
-13.775,132.0383,327.9,1.2,1.1,2014-05-10,0507,Aqua,MODIS,58,6.2,310.4,16.8,D,0
-15.0117,131.3036,329.6,1.1,1,2014-05-10,0507,Aqua,MODIS,65,6.2,314.2,12.7,D,0
-14.2512,131.877,329.1,1.2,1.1,2014-05-10,0507,Aqua,MODIS,77,6.2,309,22,D,0
-13.129,131.5789,331.5,1.2,1.1,2014-05-10,0507,Aqua,MODIS,81,6.2,308.6,23.2,D,0
-13.1861,131.617,338.9,1.2,1.1,2014-05-10,0507,Aqua,MODIS,84,6.2,310.5,33.8,D,0
-14.5463,131.4064,330.1,1.1,1.1,2014-05-10,0507,Aqua,MODIS,59,6.2,310.7,15.7,D,0
-14.5321,131.3725,343.7,1.1,1.1,2014-05-10,0507,Aqua,MODIS,90,6.2,310.2,42.5,D,0
-13.2008,131.5862,338.3,1.2,1.1,2014-05-10,0507,Aqua,MODIS,87,6.2,310.8,30.8,D,0
-13.1991,131.597,328.7,1.2,1.1,2014-05-10,0507,Aqua,MODIS,69,6.2,312.3,13.5,D,0
-14.5336,131.3623,343.1,1.1,1.1,2014-05-10,0507,Aqua,MODIS,90,6.2,307.9,41.1,D,0
-13.4991,131.7819,323.7,1.2,1.1,2014-05-10,0507,Aqua,MODIS,39,6.2,306.5,11.4,D,0
-14.5212,131.5083,326.9,1.1,1.1,2014-05-10,0507,Aqua,MODIS,69,6.2,307.2,13.7,D,0
-14.1891,133.7824,326,1.6,1.2,2014-05-10,0507,Aqua,MODIS,74,6.2,306.1,22.9,D,0
-13.3073,132.3572,327.9,1.3,1.1,2014-05-10,0507,Aqua,MODIS,65,6.2,306.4,23,D,0
-13.3043,132.3625,318.5,1.3,1.1,2014-05-10,0507,Aqua,MODIS,27,6.2,304.9,8.3,D,0
-13.3144,132.3641,320.5,1.3,1.1,2014-05-10,0507,Aqua,MODIS,33,6.2,306.4,10.7,D,0
-14.6676,131.3752,348.8,1.1,1.1,2014-05-10,0507,Aqua,MODIS,93,6.2,310.1,53.1,D,0
-14.256,132.4974,329.3,1.3,1.1,2014-05-10,0507,Aqua,MODIS,77,6.2,310.6,21.4,D,0
-14.2579,132.4858,334.1,1.3,1.1,2014-05-10,0507,Aqua,MODIS,82,6.2,309,31.1,D,0
-13.7639,131.7871,355.5,1.2,1.1,2014-05-10,0507,Aqua,MODIS,97,6.2,309.2,80.1,D,0
-13.7615,131.7922,338.1,1.2,1.1,2014-05-10,0507,Aqua,MODIS,86,6.2,307.5,38.9,D,0
-14.6613,131.3531,336.8,1.1,1,2014-05-10,0507,Aqua,MODIS,62,6.2,311.2,27,D,0
-13.225,131.557,326.7,1.2,1.1,2014-05-10,0507,Aqua,MODIS,61,6.2,308.7,13.7,D,0
-14.5226,131.371,330,1.1,1.1,2014-05-10,0507,Aqua,MODIS,74,6.2,306.6,19.1,D,0
-14.3762,130.7552,318.2,1.1,1,2014-05-10,0507,Aqua,MODIS,31,6.2,306.5,5.2,D,0
-14.3747,130.765,323.9,1.1,1,2014-05-10,0507,Aqua,MODIS,68,6.2,308.2,11.5,D,0
-13.059,132.1713,324,1.3,1.1,2014-05-10,0507,Aqua,MODIS,42,6.2,304.2,16.2,D,0
-13.0352,132.1247,349.5,1.3,1.1,2014-05-10,0507,Aqua,MODIS,94,6.2,306.9,72.1,D,0
-13.0687,131.9077,336.5,1.2,1.1,2014-05-10,0507,Aqua,MODIS,86,6.2,304.2,37.1,D,0
-13.0553,131.9286,319.6,1.2,1.1,2014-05-10,0507,Aqua,MODIS,34,6.2,305.3,8.5,D,0
-13.0408,131.8916,326.3,1.2,1.1,2014-05-10,0507,Aqua,MODIS,71,6.2,303.8,18.7,D,0
-14.1073,131.8743,334.8,1.2,1.1,2014-05-10,0507,Aqua,MODIS,81,6.2,310.6,29,D,0
-14.1056,131.8852,327.9,1.2,1.1,2014-05-10,0507,Aqua,MODIS,57,6.2,310.5,16.7,D,0
-13.7632,131.7813,329.8,1.2,1.1,2014-05-10,0507,Aqua,MODIS,78,6.2,307.9,23.4,D,0
-13.4215,130.9873,324.9,1.1,1,2014-05-10,0507,Aqua,MODIS,56,6.2,310.4,12.3,D,0
-13.9831,131.9483,327.9,1.2,1.1,2014-05-10,0507,Aqua,MODIS,56,6.2,312,13,D,0
-14.1912,133.7737,320,1.6,1.2,2014-05-10,0507,Aqua,MODIS,61,6.2,306.2,11.6,D,0
-14.1153,131.8869,327.9,1.2,1.1,2014-05-10,0507,Aqua,MODIS,30,6.2,314.3,16.9,D,0
-13.0188,132.0983,339.4,1.3,1.1,2014-05-10,0507,Aqua,MODIS,88,6.2,305.4,45.7,D,0
-13.0088,132.0966,327.6,1.3,1.1,2014-05-10,0507,Aqua,MODIS,76,6.2,302.5,22.8,D,0
-13.655,131.4934,323,1.2,1.1,2014-05-10,0507,Aqua,MODIS,31,6.2,307.9,9,D,0
-13.6438,131.5024,325.2,1.2,1.1,2014-05-10,0507,Aqua,MODIS,69,6.2,309.2,12.7,D,0
-13.2234,131.5678,343.7,1.2,1.1,2014-05-10,0507,Aqua,MODIS,91,6.2,310.2,44.1,D,0
-13.2331,131.5694,341.3,1.2,1.1,2014-05-10,0507,Aqua,MODIS,89,6.2,310.7,39.7,D,0
-13.6454,131.4918,323.4,1.2,1.1,2014-05-10,0507,Aqua,MODIS,52,6.2,308.9,10,D,0
-13.4974,131.7928,332,1.2,1.1,2014-05-10,0507,Aqua,MODIS,75,6.2,305.4,23.9,D,0
-13.9766,131.6685,328.1,1.2,1.1,2014-05-10,0507,Aqua,MODIS,59,6.2,311.2,14.2,D,0
-14.1888,133.788,329.5,1.6,1.2,2014-05-10,0507,Aqua,MODIS,78,6.2,305,31,D,0
-14.5461,131.3433,338.4,1.1,1.1,2014-05-10,0507,Aqua,MODIS,71,6.2,309.5,31.2,D,0
-14.1137,131.8978,327.3,1.2,1.1,2014-05-10,0507,Aqua,MODIS,29,6.2,311.9,14.8,D,0
-14.3149,131.4624,324.7,1.1,1.1,2014-05-10,0507,Aqua,MODIS,69,6.2,310,12.7,D,0
-14.2246,130.7153,326.9,1.1,1,2014-05-10,0507,Aqua,MODIS,54,6.2,308.2,13.7,D,0
-14.8278,131.5941,338.2,1.1,1.1,2014-05-10,0507,Aqua,MODIS,85,6.2,311,29.7,D,0
-14.2016,132.7099,360.8,1.3,1.1,2014-05-10,0507,Aqua,MODIS,100,6.2,311,112.2,D,0
-14.43,131.4337,328.9,1.1,1.1,2014-05-10,0507,Aqua,MODIS,59,6.2,309.8,17.7,D,0
-14.8151,131.6133,339,1.1,1.1,2014-05-10,0507,Aqua,MODIS,86,6.2,311.2,32.6,D,0
-14.1997,132.7221,371.7,1.3,1.1,2014-05-10,0507,Aqua,MODIS,100,6.2,312.1,162.2,D,0
-13.0106,132.0851,321.5,1.3,1.1,2014-05-10,0507,Aqua,MODIS,44,6.2,303.3,12.7,D,0
-13.3862,131.7737,319,1.2,1.1,2014-05-10,0507,Aqua,MODIS,34,6.2,305.1,8.1,D,0
-13.3062,132.3507,322.1,1.3,1.1,2014-05-10,0507,Aqua,MODIS,61,6.2,305.8,13.9,D,0
-13.9783,131.658,329,1.2,1.1,2014-05-10,0507,Aqua,MODIS,54,6.2,311.6,16.5,D,0
-13.389,131.3035,330.6,1.1,1.1,2014-05-10,0507,Aqua,MODIS,80,6.2,308.6,19,D,0
-14.5276,131.5307,334.1,1.1,1.1,2014-05-10,0507,Aqua,MODIS,75,6.2,308.4,22.9,D,0
-14.2099,132.7238,334.9,1.3,1.1,2014-05-10,0507,Aqua,MODIS,83,6.2,313.6,31.4,D,0
-14.208,132.736,334.3,1.3,1.1,2014-05-10,0507,Aqua,MODIS,81,6.2,312.7,29.1,D,0
-13.4957,131.8037,334.5,1.2,1.1,2014-05-10,0507,Aqua,MODIS,75,6.2,304.6,28.7,D,0
-14.2221,132.7133,325.8,1.3,1.1,2014-05-10,0507,Aqua,MODIS,54,6.2,310.1,15.2,D,0
-13.5072,131.7943,326.9,1.2,1.1,2014-05-10,0507,Aqua,MODIS,20,6.2,306.1,15.6,D,0
-13.7634,132.048,330.7,1.2,1.1,2014-05-10,0507,Aqua,MODIS,52,6.2,310,20.9,D,0
-13.6241,131.3537,318.4,1.1,1.1,2014-05-10,0507,Aqua,MODIS,55,6.2,307.1,7.3,D,0
-13.1256,131.8779,357.1,1.2,1.1,2014-05-10,0507,Aqua,MODIS,98,6.2,307.4,88.8,D,0
-14.2202,132.7254,336.8,1.3,1.1,2014-05-10,0507,Aqua,MODIS,85,6.2,312.4,36.7,D,0
-14.2687,132.7401,329.6,1.3,1.1,2014-05-10,0507,Aqua,MODIS,69,6.2,309.5,21,D,0
-13.4078,132.7611,340.8,1.4,1.2,2014-05-10,0507,Aqua,MODIS,89,6.2,309.5,53,D,0
-13.7401,132.0672,320.6,1.2,1.1,2014-05-10,0507,Aqua,MODIS,27,6.2,306.4,9.1,D,0
-14.1967,133.6725,325.6,1.5,1.2,2014-05-10,0507,Aqua,MODIS,70,6.2,307.6,20.2,D,0
-13.2819,131.333,326.2,1.1,1.1,2014-05-10,0507,Aqua,MODIS,48,6.2,309.5,12.5,D,0
-13.0725,132.282,328.3,1.3,1.1,2014-05-10,0507,Aqua,MODIS,77,6.2,305.1,24.6,D,0
-13.2898,131.3449,333.6,1.1,1.1,2014-05-10,0507,Aqua,MODIS,81,6.2,311.3,23.4,D,0
-13.6256,131.3433,322.4,1.1,1.1,2014-05-10,0507,Aqua,MODIS,67,6.2,307.1,12.2,D,0
-13.1001,132.2381,317.4,1.3,1.1,2014-05-10,0507,Aqua,MODIS,43,6.2,303.3,9,D,0
-13.102,132.2264,317.2,1.3,1.1,2014-05-10,0507,Aqua,MODIS,39,6.2,302.6,8.9,D,0
-13.5621,131.8935,322.2,1.2,1.1,2014-05-10,0507,Aqua,MODIS,67,6.2,304.8,14.5,D,0
-14.194,133.6808,325.6,1.5,1.2,2014-05-10,0507,Aqua,MODIS,73,6.2,308.8,21.3,D,0
-13.5604,131.9048,334.9,1.2,1.1,2014-05-10,0507,Aqua,MODIS,73,6.2,305.8,31.6,D,0
-13.5621,131.8994,340.4,1.2,1.1,2014-05-10,0507,Aqua,MODIS,88,6.2,306.1,44.1,D,0
-13.1038,132.2146,338.7,1.3,1.1,2014-05-10,0507,Aqua,MODIS,87,6.2,303.6,46.3,D,0
-14.3794,131.3563,326.1,1.1,1.1,2014-05-10,0507,Aqua,MODIS,72,6.2,310,15.5,D,0
-14.5827,131.3235,335.6,1.1,1,2014-05-10,0507,Aqua,MODIS,81,6.2,310.3,24.9,D,0
-13.4842,131.8131,338,1.2,1.1,2014-05-10,0507,Aqua,MODIS,86,6.2,307.2,37,D,0
-13.1056,132.203,329.7,1.3,1.1,2014-05-10,0507,Aqua,MODIS,79,6.2,302.9,27.9,D,0
-13.4044,131.7935,333.8,1.2,1.1,2014-05-10,0507,Aqua,MODIS,69,6.2,308,29,D,0
-13.8787,131.6468,326.7,1.2,1.1,2014-05-10,0507,Aqua,MODIS,73,6.2,307.6,16.4,D,0
-14.5556,131.3447,329.7,1.1,1.1,2014-05-10,0507,Aqua,MODIS,34,6.2,311.8,15.8,D,0
-14.2155,131.6983,330.8,1.2,1.1,2014-05-10,0507,Aqua,MODIS,79,6.2,309.9,23.8,D,0
-13.0845,132.2718,329.8,1.3,1.1,2014-05-10,0507,Aqua,MODIS,79,6.2,305.3,27.8,D,0
-13.0744,132.2702,331.7,1.3,1.1,2014-05-10,0507,Aqua,MODIS,81,6.2,305.5,31.6,D,0
-13.0672,132.1846,324.9,1.3,1.1,2014-05-10,0507,Aqua,MODIS,48,6.2,303.7,18.2,D,0
-14.2139,131.709,323,1.2,1.1,2014-05-10,0507,Aqua,MODIS,66,6.2,310.3,11.9,D,0
-13.7767,132.0272,325.7,1.2,1.1,2014-05-10,0507,Aqua,MODIS,72,6.2,309.4,14.4,D,0
-13.7669,132.0256,329.1,1.2,1.1,2014-05-10,0507,Aqua,MODIS,71,6.2,307.5,19.7,D,0
-14.666,131.3855,338.7,1.1,1.1,2014-05-10,0507,Aqua,MODIS,86,6.2,309.8,31.2,D,0
-15.4417,131.7271,326.5,1.1,1.1,2014-05-10,0507,Aqua,MODIS,42,6.2,310.7,12.9,D,0
-14.3322,131.7519,356.6,1.2,1.1,2014-05-10,0507,Aqua,MODIS,98,6.2,311.7,78.8,D,0
-14.3192,131.7718,365.5,1.2,1.1,2014-05-10,0507,Aqua,MODIS,100,6.2,314,106.1,D,0
-14.3209,131.761,336.2,1.2,1.1,2014-05-10,0507,Aqua,MODIS,41,6.2,310.9,23.6,D,0
-14.3226,131.7503,346.5,1.2,1.1,2014-05-10,0507,Aqua,MODIS,91,6.2,312.9,48.2,D,0
-14.1304,131.9285,340.6,1.2,1.1,2014-05-10,0507,Aqua,MODIS,88,6.2,308.1,37.3,D,0
-14.1287,131.9395,346.3,1.2,1.1,2014-05-10,0507,Aqua,MODIS,92,6.2,311.9,50.7,D,0
-14.135,131.9632,325.7,1.2,1.1,2014-05-10,0507,Aqua,MODIS,56,6.2,309.2,10.9,D,0
-14.3161,131.7767,349.1,1.2,1.1,2014-05-10,0507,Aqua,MODIS,94,6.2,312.6,58,D,0
-14.3178,131.766,354,1.2,1.1,2014-05-10,0507,Aqua,MODIS,96,6.2,312.2,71.6,D,0
-14.3194,131.7552,330.4,1.2,1.1,2014-05-10,0507,Aqua,MODIS,63,6.2,310.8,18.6,D,0
-14.5571,131.3346,337.9,1.1,1,2014-05-10,0507,Aqua,MODIS,67,6.2,311,29.6,D,0
-14.5842,131.3134,329.9,1.1,1,2014-05-10,0507,Aqua,MODIS,60,6.2,309.5,17.7,D,0
-13.494,131.8147,325,1.2,1.1,2014-05-10,0507,Aqua,MODIS,35,6.2,305.2,15.2,D,0
-13.525,131.3311,326.1,1.1,1.1,2014-05-10,0507,Aqua,MODIS,72,6.2,307.2,16.3,D,0
-13.5139,131.34,333.5,1.1,1.1,2014-05-10,0507,Aqua,MODIS,83,6.2,311.4,25.2,D,0
-13.5154,131.3296,332.4,1.1,1.1,2014-05-10,0507,Aqua,MODIS,76,6.2,307.1,23.8,D,0
-15.4466,132.0774,366.6,1.2,1.1,2014-05-10,0507,Aqua,MODIS,100,6.2,312.9,116.7,D,0
-15.4272,132.0742,341.9,1.2,1.1,2014-05-10,0507,Aqua,MODIS,89,6.2,311.2,43.6,D,0
-14.1706,132.5261,323.1,1.3,1.1,2014-05-10,0507,Aqua,MODIS,61,6.2,307.7,12.9,D,0
-14.2036,132.6978,336.6,1.3,1.1,2014-05-10,0507,Aqua,MODIS,85,6.2,308.1,37.1,D,0
-15.4289,132.0633,328.2,1.2,1.1,2014-05-10,0507,Aqua,MODIS,35,6.2,306.6,18,D,0
-15.4176,132.0726,331,1.2,1.1,2014-05-10,0507,Aqua,MODIS,78,6.2,310.5,23.4,D,0
-15.4192,132.0617,369.2,1.2,1.1,2014-05-10,0507,Aqua,MODIS,100,6.2,313.4,129.1,D,0
-15.4209,132.0509,327.5,1.2,1.1,2014-05-10,0507,Aqua,MODIS,73,6.2,304.7,19.2,D,0
-14.1439,133.6431,331.7,1.5,1.2,2014-05-10,0507,Aqua,MODIS,81,6.2,307.4,36.4,D,0
-14.1417,133.6569,327.3,1.5,1.2,2014-05-10,0507,Aqua,MODIS,76,6.2,308.8,26.3,D,0
-13.4597,131.8252,340.9,1.2,1.1,2014-05-10,0507,Aqua,MODIS,89,6.2,308,45.2,D,0
-13.4614,131.8141,355.1,1.2,1.1,2014-05-10,0507,Aqua,MODIS,97,6.2,307.2,83.5,D,0
-13.4631,131.803,333.7,1.2,1.1,2014-05-10,0507,Aqua,MODIS,83,6.2,304.1,30.9,D,0
-13.1846,132.416,323,1.3,1.1,2014-05-10,0507,Aqua,MODIS,69,6.2,304,20,D,0
-13.1827,132.4281,320.4,1.3,1.1,2014-05-10,0507,Aqua,MODIS,63,6.2,304.3,15.8,D,0
-13.5996,131.9169,329,1.2,1.1,2014-05-10,0507,Aqua,MODIS,49,6.2,307.6,19.3,D,0
-14.2244,130.9065,327.4,1.1,1,2014-05-10,0507,Aqua,MODIS,46,6.2,312.5,11.2,D,0
-14.2151,130.9051,373.2,1.1,1,2014-05-10,0507,Aqua,MODIS,100,6.2,314.2,124.6,D,0
-14.1262,131.0062,326.6,1.1,1,2014-05-10,0507,Aqua,MODIS,50,6.2,309.2,12.6,D,0
-13.812,132.9763,321.8,1.4,1.2,2014-05-10,0507,Aqua,MODIS,56,6.2,307.9,12.8,D,0
-14.2166,130.8951,374.9,1.1,1,2014-05-10,0507,Aqua,MODIS,100,6.2,317.6,130.5,D,0
-14.526,131.5412,370.3,1.1,1.1,2014-05-10,0507,Aqua,MODIS,100,6.2,308.7,123.2,D,0
-13.4728,131.8046,354,1.2,1.1,2014-05-10,0507,Aqua,MODIS,97,6.2,307.8,80.7,D,0
-13.1279,131.9939,325.9,1.2,1.1,2014-05-10,0507,Aqua,MODIS,74,6.2,305.8,18.2,D,0
-13.4427,131.9364,322.8,1.2,1.1,2014-05-10,0507,Aqua,MODIS,59,6.2,308.8,11.1,D,0
-13.4738,130.7473,334.5,1.1,1,2014-05-10,0507,Aqua,MODIS,84,6.2,306.6,28.8,D,0
-13.5897,131.9153,329.5,1.2,1.1,2014-05-10,0507,Aqua,MODIS,40,6.2,307.5,20.3,D,0
-13.296,132.5458,337.5,1.3,1.1,2014-05-10,0507,Aqua,MODIS,86,6.2,307.8,42.9,D,0
-14.3985,131.4497,325.2,1.1,1.1,2014-05-10,0507,Aqua,MODIS,19,6.2,309.2,11.6,D,0
-13.5391,131.9128,328.3,1.2,1.1,2014-05-10,0507,Aqua,MODIS,58,6.2,306.3,19.1,D,0
-14.5952,131.3047,329.6,1.1,1,2014-05-10,0507,Aqua,MODIS,76,6.2,307.6,19.7,D,0
-14.5936,131.3149,339.8,1.1,1,2014-05-10,0507,Aqua,MODIS,87,6.2,310.9,34.4,D,0
-14.603,131.3164,328.6,1.1,1,2014-05-10,0507,Aqua,MODIS,33,6.2,307.9,15.6,D,0
-14.6015,131.3266,346.8,1.1,1,2014-05-10,0507,Aqua,MODIS,92,6.2,310.4,47.2,D,0
-13.4885,131.1874,324,1.1,1.1,2014-05-10,0507,Aqua,MODIS,71,6.2,306.1,14.8,D,0
-13.8099,132.9891,319,1.4,1.2,2014-05-10,0507,Aqua,MODIS,17,6.2,307.4,8.3,D,0
-14.4285,131.444,333.3,1.1,1.1,2014-05-10,0507,Aqua,MODIS,81,6.2,312.1,24.6,D,0
-14.2668,132.7523,329.6,1.3,1.1,2014-05-10,0507,Aqua,MODIS,66,6.2,310,19.4,D,0
-14.2751,132.7663,326.8,1.3,1.1,2014-05-10,0507,Aqua,MODIS,50,6.2,310.3,13.6,D,0
-14.5448,131.4167,328.3,1.1,1.1,2014-05-10,0507,Aqua,MODIS,59,6.2,309.8,13.2,D,0
-14.2635,130.7714,334.7,1.1,1,2014-05-10,0507,Aqua,MODIS,73,6.2,308.5,23.3,D,0
-14.3767,126.7854,345.6,1.2,1.1,2014-05-10,0507,Aqua,MODIS,92,6.2,307.7,50.2,D,0
-14.3781,126.7746,327.2,1.2,1.1,2014-05-10,0507,Aqua,MODIS,63,6.2,306.7,16.2,D,0
-14.3079,126.71,333.8,1.2,1.1,2014-05-10,0507,Aqua,MODIS,45,6.2,309.5,27.1,D,0
-14.3093,126.699,355.1,1.2,1.1,2014-05-10,0507,Aqua,MODIS,97,6.2,310.1,78.5,D,0
-14.3049,126.7149,330,1.2,1.1,2014-05-10,0507,Aqua,MODIS,67,6.2,309.8,21.7,D,0
-14.3063,126.704,340.2,1.2,1.1,2014-05-10,0507,Aqua,MODIS,81,6.2,310.3,38.8,D,0
-14.3078,126.693,345.2,1.2,1.1,2014-05-10,0507,Aqua,MODIS,92,6.2,310.2,50.7,D,0
-14.2967,126.7025,322.5,1.2,1.1,2014-05-10,0507,Aqua,MODIS,47,6.2,307.9,11.2,D,0
-14.2981,126.6916,330.6,1.2,1.1,2014-05-10,0507,Aqua,MODIS,80,6.2,310.8,23.8,D,0
-15.2755,125.7504,328.2,1.4,1.2,2014-05-10,0507,Aqua,MODIS,77,6.2,304.4,27.8,D,0
-14.7232,126.4097,318.5,1.2,1.1,2014-05-10,0507,Aqua,MODIS,54,6.2,304.8,9.9,D,0
-14.0664,126.0587,364.7,1.3,1.1,2014-05-10,0507,Aqua,MODIS,75,6.2,308.2,125.4,D,0
-14.0679,126.0471,344.4,1.3,1.1,2014-05-10,0507,Aqua,MODIS,80,6.2,306.8,56,D,0
-14.0695,126.0354,333.2,1.3,1.1,2014-05-10,0507,Aqua,MODIS,37,6.2,305.8,31.6,D,0
-14.0549,126.0689,323.2,1.3,1.1,2014-05-10,0507,Aqua,MODIS,73,6.2,305.3,18.3,D,0
-14.0564,126.0573,335,1.3,1.1,2014-05-10,0507,Aqua,MODIS,85,6.2,306.9,37.2,D,0
-14.5461,131.5608,331.4,1.1,1.1,2014-05-10,0507,Aqua,MODIS,62,6.2,307.6,18,D,0
-14.5366,131.5593,334.9,1.1,1.1,2014-05-10,0507,Aqua,MODIS,75,6.2,307.7,23.3,D,0
-14.5228,131.5621,337,1.1,1.1,2014-05-10,0507,Aqua,MODIS,74,6.2,310.2,26.4,D,0
-14.5244,131.5517,332.7,1.1,1.1,2014-05-10,0507,Aqua,MODIS,63,6.2,306.6,19,D,0
-14.5133,131.5605,349.1,1.1,1.1,2014-05-10,0507,Aqua,MODIS,94,6.2,312,51.9,D,0
-14.554,131.5728,325.3,1.1,1.1,2014-05-10,0507,Aqua,MODIS,24,6.2,307.8,11.1,D,0
-14.738,131.7017,325.2,1.1,1.1,2014-05-10,0507,Aqua,MODIS,38,6.2,311.7,11,D,0
-14.8595,131.6419,328.5,1.1,1.1,2014-05-10,0507,Aqua,MODIS,31,6.2,309.3,13,D,0
-14.7124,132.9731,322.9,1.3,1.2,2014-05-10,0507,Aqua,MODIS,66,6.2,310.2,10.6,D,0
-14.7144,132.9606,322.6,1.3,1.1,2014-05-10,0507,Aqua,MODIS,65,6.2,310.3,10.5,D,0
-14.4944,133.2498,328.6,1.4,1.2,2014-05-10,0507,Aqua,MODIS,77,6.2,309.6,21.5,D,0
-14.7609,133.2487,322.2,1.4,1.2,2014-05-10,0507,Aqua,MODIS,51,6.2,308.2,9.9,D,0
-14.5545,133.0755,333,1.4,1.2,2014-05-10,0507,Aqua,MODIS,81,6.2,309.8,30,D,0
-14.8743,132.0116,329.5,1.2,1.1,2014-05-10,0507,Aqua,MODIS,60,6.2,309.3,17.6,D,0
-14.8486,131.985,329.9,1.2,1.1,2014-05-10,0507,Aqua,MODIS,76,6.2,310.4,19,D,0
-13.8466,130.2219,320.3,1,1,2014-05-10,0507,Aqua,MODIS,52,6.2,307.7,7.8,D,0
-15.0857,126.2088,318.2,1.3,1.1,2014-05-10,0507,Aqua,MODIS,37,6.2,305.6,8.5,D,0
-15.0054,127.9593,322.7,1.1,1,2014-05-10,0507,Aqua,MODIS,54,6.2,311.3,8.5,D,0
-16.0157,126.1788,319.7,1.3,1.1,2014-05-10,0507,Aqua,MODIS,38,6.2,306.7,8.6,D,0
-15.0188,127.8611,329.1,1.1,1,2014-05-10,0507,Aqua,MODIS,74,6.2,309.3,15.7,D,0
-15.0002,127.9286,330.2,1.1,1,2014-05-10,0507,Aqua,MODIS,77,6.2,310.6,15.7,D,0
-14.5835,127.4012,345.3,1.1,1,2014-05-10,0507,Aqua,MODIS,92,6.2,310.3,43.9,D,0
-13.9756,126.1346,333.7,1.2,1.1,2014-05-10,0507,Aqua,MODIS,0,6.2,307.3,33.7,D,0
-14.5778,127.4051,325.5,1.1,1,2014-05-10,0507,Aqua,MODIS,65,6.2,310.6,10,D,0
-14.5684,127.4037,330.6,1.1,1,2014-05-10,0507,Aqua,MODIS,79,6.2,310.2,17,D,0
-15.9984,127.2521,327,1.1,1.1,2014-05-10,0507,Aqua,MODIS,72,6.2,313.5,14.6,D,0
-14.7593,126.518,319.3,1.2,1.1,2014-05-10,0507,Aqua,MODIS,58,6.2,304.1,10.5,D,0
-14.9387,127.7019,332.5,1.1,1,2014-05-10,0507,Aqua,MODIS,80,6.2,310.9,19.8,D,0
-16.0141,126.1911,324.6,1.3,1.1,2014-05-10,0507,Aqua,MODIS,67,6.2,308.5,15.7,D,0
-14.907,130.0237,349.8,1,1,2014-05-10,0507,Aqua,MODIS,94,6.2,312.3,48.4,D,0
-15.1927,126.4022,319.2,1.2,1.1,2014-05-10,0507,Aqua,MODIS,56,6.2,305.6,10.9,D,0
-14.94,127.6919,337,1.1,1,2014-05-10,0507,Aqua,MODIS,85,6.2,311.1,27.7,D,0
-14.9414,127.6819,321.5,1.1,1,2014-05-10,0507,Aqua,MODIS,33,6.2,308.4,6.9,D,0
-15.0599,128.0224,346.2,1.1,1,2014-05-10,0507,Aqua,MODIS,92,6.2,309.3,45.3,D,0
-15.0586,128.032,361.5,1,1,2014-05-10,0507,Aqua,MODIS,100,6.2,313.3,81.8,D,0
-14.3795,131.4466,325.1,1.1,1.1,2014-05-10,0507,Aqua,MODIS,33,6.2,310.1,11.3,D,0
-14.1822,130.8223,319.8,1.1,1,2014-05-10,0507,Aqua,MODIS,58,6.2,305.9,7.4,D,0
-14.1836,130.8124,321.9,1.1,1,2014-05-10,0507,Aqua,MODIS,64,6.2,305.7,9.4,D,0
-14.3716,131.4346,322,1.1,1.1,2014-05-10,0507,Aqua,MODIS,22,6.2,308.3,7.9,D,0
-14.2516,126.8915,318.9,1.1,1.1,2014-05-10,0507,Aqua,MODIS,58,6.2,307.4,7.5,D,0
-14.7813,127.7874,325.6,1.1,1,2014-05-10,0507,Aqua,MODIS,71,6.2,311.4,12,D,0
-14.8605,127.7455,327.7,1.1,1,2014-05-10,0507,Aqua,MODIS,74,6.2,311.4,12.1,D,0
-14.8591,127.7555,325,1.1,1,2014-05-10,0507,Aqua,MODIS,59,6.2,312.4,8.7,D,0
-15.8778,126.5279,333.5,1.2,1.1,2014-05-10,0507,Aqua,MODIS,82,6.2,309.9,30.1,D,0
-15.9557,126.4026,326.4,1.3,1.1,2014-05-10,0507,Aqua,MODIS,68,6.2,308.4,18.1,D,0
-15.9658,126.4039,331,1.3,1.1,2014-05-10,0507,Aqua,MODIS,59,6.2,310.1,24.1,D,0
-15.0573,128.0415,341.9,1,1,2014-05-10,0507,Aqua,MODIS,89,6.2,311.8,33.7,D,0
-15.056,128.0511,332.5,1,1,2014-05-10,0507,Aqua,MODIS,55,6.2,311,17.4,D,0
-14.8822,126.7496,327.6,1.2,1.1,2014-05-10,0507,Aqua,MODIS,75,6.2,308.4,18.1,D,0
-14.352,126.7492,332.1,1.2,1.1,2014-05-10,0507,Aqua,MODIS,81,6.2,307.2,25.5,D,0
-14.9308,126.7566,328.8,1.2,1.1,2014-05-10,0507,Aqua,MODIS,66,6.2,308.5,18.9,D,0
-13.9417,126.0826,319.7,1.3,1.1,2014-05-10,0507,Aqua,MODIS,48,6.2,301.9,13.7,D,0
-15.0825,127.7853,327.4,1.1,1,2014-05-10,0507,Aqua,MODIS,28,6.2,310,11.9,D,0
-15.0375,127.7937,321.8,1.1,1,2014-05-10,0507,Aqua,MODIS,14,6.2,308.2,7.5,D,0
-15.0282,127.7925,322.1,1.1,1,2014-05-10,0507,Aqua,MODIS,51,6.2,309,8.8,D,0
-14.6211,127.8088,322.5,1.1,1,2014-05-10,0507,Aqua,MODIS,64,6.2,309.9,10.2,D,0
-15.0547,128.0609,333.9,1,1,2014-05-10,0507,Aqua,MODIS,68,6.2,309.9,19.6,D,0
-15.0786,127.3477,325.5,1.1,1.1,2014-05-10,0507,Aqua,MODIS,48,6.2,311,10.2,D,0
-15.08,127.3373,329.4,1.1,1.1,2014-05-10,0507,Aqua,MODIS,71,6.2,312.3,15.3,D,0
-14.2502,126.902,320.1,1.1,1.1,2014-05-10,0507,Aqua,MODIS,62,6.2,307.7,8.9,D,0
-16.0808,126.2184,333.1,1.3,1.1,2014-05-10,0507,Aqua,MODIS,82,6.2,307.9,30.4,D,0
-14.9887,126.7162,326.5,1.2,1.1,2014-05-10,0507,Aqua,MODIS,74,6.2,306.6,16.9,D,0
-16.091,126.2199,322.1,1.3,1.1,2014-05-10,0507,Aqua,MODIS,39,6.2,308.1,9.9,D,0
-14.6198,127.8185,322.7,1.1,1,2014-05-10,0507,Aqua,MODIS,65,6.2,310.1,10.3,D,0
-16.0761,126.2547,324.3,1.3,1.1,2014-05-10,0507,Aqua,MODIS,60,6.2,307.7,14,D,0
-13.9586,126.1088,342.4,1.2,1.1,2014-05-10,0507,Aqua,MODIS,79,6.2,304.4,52.9,D,0
-13.9571,126.1202,349.4,1.2,1.1,2014-05-10,0507,Aqua,MODIS,72,6.2,304.7,72.7,D,0
-14.9058,126.3372,326.8,1.2,1.1,2014-05-10,0507,Aqua,MODIS,70,6.2,304.9,20,D,0
-14.6103,127.4154,327.8,1.1,1,2014-05-10,0507,Aqua,MODIS,70,6.2,310.9,14.3,D,0
-15.0016,127.9187,357.8,1.1,1,2014-05-10,0507,Aqua,MODIS,98,6.2,313.3,72,D,0
-15.0029,127.9088,366.9,1.1,1,2014-05-10,0507,Aqua,MODIS,100,6.2,312.8,100.2,D,0
-15.0622,126.0724,328.1,1.3,1.1,2014-05-10,0507,Aqua,MODIS,77,6.2,306,23.6,D,0
-15.0606,126.0844,335.3,1.3,1.1,2014-05-10,0507,Aqua,MODIS,84,6.2,306.9,37.3,D,0
-15.0708,126.0859,319.2,1.3,1.1,2014-05-10,0507,Aqua,MODIS,56,6.2,306.5,11.1,D,0
-14.9923,127.9175,339.4,1.1,1,2014-05-10,0507,Aqua,MODIS,87,6.2,311.2,30.8,D,0
-14.9937,127.9076,332.9,1.1,1,2014-05-10,0507,Aqua,MODIS,80,6.2,309.8,21.2,D,0
-15.0652,128.0525,324.4,1,1,2014-05-10,0507,Aqua,MODIS,56,6.2,308.2,9.1,D,0
-15.8798,127.0588,325.3,1.2,1.1,2014-05-10,0507,Aqua,MODIS,69,6.2,307.9,15,D,0
-14.1695,130.78,321.5,1.1,1,2014-05-10,0507,Aqua,MODIS,48,6.2,309,7.5,D,0
-14.8178,127.9889,328.2,1,1,2014-05-10,0507,Aqua,MODIS,74,6.2,308.7,15.3,D,0
-14.8165,127.9985,323,1,1,2014-05-10,0507,Aqua,MODIS,53,6.2,308.3,9.2,D,0
-14.7311,127.7401,343.4,1.1,1,2014-05-10,0507,Aqua,MODIS,90,6.2,310.7,37.3,D,0
-14.7218,127.7386,351,1.1,1,2014-05-10,0507,Aqua,MODIS,95,6.2,313.1,51.8,D,0
-14.9554,126.6663,330.8,1.2,1.1,2014-05-10,0507,Aqua,MODIS,67,6.2,308,23.1,D,0
-15.0665,130.5591,326.3,1,1,2014-05-10,0507,Aqua,MODIS,59,6.2,312.1,6.5,D,0
-15.1606,127.344,344.9,1.1,1.1,2014-05-10,0507,Aqua,MODIS,91,6.2,311.9,43.6,D,0
-14.7371,126.458,317,1.2,1.1,2014-05-10,0507,Aqua,MODIS,43,6.2,304.1,9.3,D,0
-13.8416,130.0129,318.1,1,1,2014-05-10,0507,Aqua,MODIS,55,6.2,305,6.9,D,0
-14.7385,126.4469,321.6,1.2,1.1,2014-05-10,0507,Aqua,MODIS,65,6.2,304,14.4,D,0
-14.7217,126.4211,321.4,1.2,1.1,2014-05-10,0507,Aqua,MODIS,64,6.2,304.9,13.2,D,0
-14.7231,127.7287,349.6,1.1,1,2014-05-10,0507,Aqua,MODIS,94,6.2,311.5,49.7,D,0
-14.8665,127.9761,320.6,1.1,1,2014-05-10,0507,Aqua,MODIS,54,6.2,308.3,7.8,D,0
-15.1592,127.3543,341,1.1,1.1,2014-05-10,0507,Aqua,MODIS,88,6.2,312.3,35.4,D,0
-14.7151,127.7421,332.3,1.1,1,2014-05-10,0507,Aqua,MODIS,72,6.2,312.7,18.2,D,0
-14.9042,126.3487,325.3,1.2,1.1,2014-05-10,0507,Aqua,MODIS,68,6.2,305.7,17.5,D,0
-14.9048,126.3425,332.5,1.2,1.1,2014-05-10,0507,Aqua,MODIS,81,6.2,305.5,29.9,D,0
-15.1256,125.9829,348.7,1.3,1.1,2014-05-10,0507,Aqua,MODIS,94,6.2,307.1,74.9,D,0
-14.7165,127.7322,338.3,1.1,1,2014-05-10,0507,Aqua,MODIS,86,6.2,313.8,28.4,D,0
-15.1909,127.6653,323,1.1,1,2014-05-10,0507,Aqua,MODIS,57,6.2,310.6,7.4,D,0
-14.9074,126.4014,318.7,1.2,1.1,2014-05-10,0507,Aqua,MODIS,34,6.2,306.1,8.3,D,0
-14.3242,131.7396,378.4,1.2,1.1,2014-05-10,0507,Aqua,MODIS,100,6.2,313.6,164.9,D,0
-14.3259,131.7289,320.7,1.2,1.1,2014-05-10,0507,Aqua,MODIS,51,6.2,307.1,8,D,0
-14.321,131.7445,356.5,1.2,1.1,2014-05-10,0507,Aqua,MODIS,98,6.2,313.2,79.9,D,0
-14.3226,131.7338,348.8,1.2,1.1,2014-05-10,0507,Aqua,MODIS,94,6.2,311,57.1,D,0
-14.3114,131.7429,340.1,1.2,1.1,2014-05-10,0507,Aqua,MODIS,88,6.2,308.9,37.9,D,0
-14.313,131.7322,342.9,1.2,1.1,2014-05-10,0507,Aqua,MODIS,90,6.2,307.9,43.9,D,0
-16.1084,126.0852,323.2,1.3,1.1,2014-05-10,0507,Aqua,MODIS,44,6.2,305,14.7,D,0
-16.1068,126.0976,332,1.3,1.1,2014-05-10,0507,Aqua,MODIS,79,6.2,306,29.1,D,0
-16.1171,126.0991,336,1.3,1.1,2014-05-10,0507,Aqua,MODIS,84,6.2,307.1,37.2,D,0
-15.0314,130.431,332.7,1,1,2014-05-10,0507,Aqua,MODIS,79,6.2,311.7,17.8,D,0
-15.1272,125.9707,323.9,1.3,1.1,2014-05-10,0507,Aqua,MODIS,70,6.2,304.8,17.8,D,0
-15.1154,125.9815,329.3,1.3,1.1,2014-05-10,0507,Aqua,MODIS,78,6.2,305.4,26.6,D,0
-14.9174,126.4028,318.7,1.2,1.1,2014-05-10,0507,Aqua,MODIS,39,6.2,305.7,8.5,D,0
-16.066,126.2532,322.7,1.3,1.1,2014-05-10,0507,Aqua,MODIS,35,6.2,309,11.7,D,0
-14.9663,127.7768,327.7,1.1,1,2014-05-10,0507,Aqua,MODIS,45,6.2,309.3,14.1,D,0
-13.8328,130.809,333.6,1.1,1,2014-05-10,0507,Aqua,MODIS,70,6.2,314.4,21,D,0
-15.2112,131.0114,328,1.1,1,2014-05-10,0507,Aqua,MODIS,36,6.2,311.8,11.4,D,0
-14.9619,127.9462,326.1,1.1,1,2014-05-10,0507,Aqua,MODIS,55,6.2,310,12.2,D,0
-14.9632,127.9364,326.3,1.1,1,2014-05-10,0507,Aqua,MODIS,54,6.2,311.4,11.9,D,0
-15.0746,126.7558,325.3,1.2,1.1,2014-05-10,0507,Aqua,MODIS,58,6.2,310.4,13.6,D,0
-15.0761,126.7446,323.7,1.2,1.1,2014-05-10,0507,Aqua,MODIS,48,6.2,308.3,11.3,D,0
-15.0342,126.7609,331.6,1.2,1.1,2014-05-10,0507,Aqua,MODIS,80,6.2,307.5,23.5,D,0
-15.0317,126.7664,328.9,1.2,1.1,2014-05-10,0507,Aqua,MODIS,77,6.2,308.3,20.9,D,0
-15.0331,126.7555,320,1.2,1.1,2014-05-10,0507,Aqua,MODIS,59,6.2,306.8,8.6,D,0
-15.5893,130.3921,331.5,1,1,2014-05-10,0507,Aqua,MODIS,77,6.2,315.4,15.9,D,0
-14.9221,127.2184,330.3,1.1,1.1,2014-05-10,0507,Aqua,MODIS,78,6.2,309.6,19.2,D,0
-14.9207,127.2288,324.7,1.1,1.1,2014-05-10,0507,Aqua,MODIS,49,6.2,309.9,10.3,D,0
-14.9601,127.2239,336.8,1.1,1.1,2014-05-10,0507,Aqua,MODIS,85,6.2,311.3,28,D,0
-14.8624,128.0051,319.5,1,1,2014-05-10,0507,Aqua,MODIS,47,6.2,308.8,6.8,D,0
-16.2116,126.0804,325.7,1.3,1.1,2014-05-10,0507,Aqua,MODIS,59,6.2,308.8,16.7,D,0
-15.9572,126.3908,325.9,1.3,1.1,2014-05-10,0507,Aqua,MODIS,71,6.2,307.5,17.8,D,0
-14.5867,127.8668,318.5,1.1,1,2014-05-10,0507,Aqua,MODIS,48,6.2,308,6.8,D,0
-14.9199,126.461,318.4,1.2,1.1,2014-05-10,0507,Aqua,MODIS,52,6.2,305.8,9.5,D,0
-14.827,126.7028,325,1.2,1.1,2014-05-10,0507,Aqua,MODIS,72,6.2,306.6,14.8,D,0
-14.5406,127.8599,327.7,1.1,1,2014-05-10,0507,Aqua,MODIS,75,6.2,307.9,16.8,D,0
-14.0444,126.1496,322.4,1.2,1.1,2014-05-10,0507,Aqua,MODIS,51,6.2,309.2,14.5,D,0
-14.8737,127.9726,340.3,1.1,1,2014-05-10,0507,Aqua,MODIS,87,6.2,309.7,32.1,D,0
-14.8723,127.9825,336.9,1.1,1,2014-05-10,0507,Aqua,MODIS,84,6.2,310.1,25.2,D,0
-14.9696,127.2252,323.2,1.1,1.1,2014-05-10,0507,Aqua,MODIS,56,6.2,311,8.1,D,0
-14.0429,126.1612,363.7,1.2,1.1,2014-05-10,0507,Aqua,MODIS,87,6.2,314.2,119.5,D,0
-14.0414,126.1727,352.4,1.2,1.1,2014-05-10,0507,Aqua,MODIS,0,6.2,313,77.3,D,0
-14.0773,126.131,323.6,1.2,1.1,2014-05-10,0507,Aqua,MODIS,59,6.2,305.2,17,D,0
-14.9682,127.2356,328.7,1.1,1.1,2014-05-10,0507,Aqua,MODIS,76,6.2,311.9,15.2,D,0
-14.9539,126.6592,325.3,1.2,1.1,2014-05-10,0507,Aqua,MODIS,72,6.2,307.9,16.4,D,0
-14.9523,126.6704,319.6,1.2,1.1,2014-05-10,0507,Aqua,MODIS,58,6.2,307,9,D,0
-14.9594,128.0217,320.5,1,1,2014-05-10,0507,Aqua,MODIS,46,6.2,309.1,7,D,0
-14.9301,128.0406,321.5,1,1,2014-05-10,0507,Aqua,MODIS,58,6.2,309.7,7.9,D,0
-14.8908,127.9851,327.9,1.1,1,2014-05-10,0507,Aqua,MODIS,63,6.2,311.5,12.3,D,0
-14.9729,127.231,329.3,1.1,1.1,2014-05-10,0507,Aqua,MODIS,51,6.2,311.8,13.3,D,0
-15.1943,127.3803,326.7,1.1,1.1,2014-05-10,0507,Aqua,MODIS,73,6.2,310.5,12.8,D,0
-15.1548,126.6952,337.3,1.2,1.1,2014-05-10,0507,Aqua,MODIS,86,6.2,309.1,36.3,D,0
-15.1562,126.6841,318.6,1.2,1.1,2014-05-10,0507,Aqua,MODIS,40,6.2,306.8,6.8,D,0
-15.1195,126.7171,326.6,1.2,1.1,2014-05-10,0507,Aqua,MODIS,74,6.2,309.4,17,D,0
-15.1068,126.7378,348.3,1.2,1.1,2014-05-10,0507,Aqua,MODIS,93,6.2,310.9,58.5,D,0
-15.1083,126.7267,332.6,1.2,1.1,2014-05-10,0507,Aqua,MODIS,81,6.2,308.4,24.4,D,0
-15.097,126.7363,331.6,1.2,1.1,2014-05-10,0507,Aqua,MODIS,65,6.2,308.9,21.8,D,0
-14.3109,127.5277,336.7,1.1,1,2014-05-10,0507,Aqua,MODIS,85,6.2,308.4,30.8,D,0
-14.3545,126.8041,325.6,1.2,1.1,2014-05-10,0507,Aqua,MODIS,45,6.2,306.3,14.1,D,0
-14.3531,126.8147,364.2,1.2,1.1,2014-05-10,0507,Aqua,MODIS,100,6.2,311.7,104.4,D,0
-14.3516,126.8253,336.2,1.2,1.1,2014-05-10,0507,Aqua,MODIS,84,6.2,309.4,29.7,D,0
-15.1291,127.7214,324.4,1.1,1,2014-05-10,0507,Aqua,MODIS,45,6.2,311.7,7.2,D,0
-14.3488,126.8463,331.7,1.2,1.1,2014-05-10,0507,Aqua,MODIS,71,6.2,307.6,21.6,D,0
-15.3144,126.4007,318.1,1.2,1.1,2014-05-10,0507,Aqua,MODIS,31,6.2,305.4,7.9,D,0
-15.3029,126.4109,334.3,1.2,1.1,2014-05-10,0507,Aqua,MODIS,83,6.2,306.3,34.1,D,0
-15.3044,126.3994,318.4,1.2,1.1,2014-05-10,0507,Aqua,MODIS,48,6.2,306,8.8,D,0
-15.5078,128.6476,327.9,1,1,2014-05-10,0507,Aqua,MODIS,48,6.2,310.4,10.8,D,0
-14.7366,127.3055,326.4,1.1,1,2014-05-10,0507,Aqua,MODIS,73,6.2,311.6,12.1,D,0
-14.8205,127.5706,322.3,1.1,1,2014-05-10,0507,Aqua,MODIS,29,6.2,310.9,6.8,D,0
-14.6752,127.29,325,1.1,1,2014-05-10,0507,Aqua,MODIS,72,6.2,310.9,10.9,D,0
-14.8408,127.5394,348.6,1.1,1,2014-05-10,0507,Aqua,MODIS,93,6.2,312.2,50.4,D,0
-14.8395,127.5494,344,1.1,1,2014-05-10,0507,Aqua,MODIS,90,6.2,312.1,40.6,D,0
-13.843,130.0035,327.5,1,1,2014-05-10,0507,Aqua,MODIS,76,6.2,305.6,16.7,D,0
-14.8528,127.5206,330.2,1.1,1,2014-05-10,0507,Aqua,MODIS,78,6.2,310.5,18.6,D,0
-14.625,127.8491,331.1,1.1,1,2014-05-10,0507,Aqua,MODIS,75,6.2,309,18.6,D,0
-14.5821,127.4114,336.7,1.1,1,2014-05-10,0507,Aqua,MODIS,85,6.2,312.2,26.3,D,0
-14.5915,127.4128,336.9,1.1,1,2014-05-10,0507,Aqua,MODIS,80,6.2,310.7,25.9,D,0
-14.9804,126.7038,330.7,1.2,1.1,2014-05-10,0507,Aqua,MODIS,79,6.2,305.4,23.1,D,0
-14.762,128.0628,327.9,1,1,2014-05-10,0507,Aqua,MODIS,46,6.2,309.9,12.7,D,0
-14.9661,126.8128,324.2,1.2,1.1,2014-05-10,0507,Aqua,MODIS,70,6.2,309,13.5,D,0
-14.6237,127.8588,329.2,1.1,1,2014-05-10,0507,Aqua,MODIS,71,6.2,308.5,16.4,D,0
-14.6514,127.8628,332.9,1.1,1,2014-05-10,0507,Aqua,MODIS,81,6.2,311.4,20.1,D,0
-14.924,126.7335,339.5,1.2,1.1,2014-05-10,0507,Aqua,MODIS,87,6.2,309.8,37.5,D,0
-14.9157,126.7212,345.8,1.2,1.1,2014-05-10,0507,Aqua,MODIS,92,6.2,311.1,51.3,D,0
-14.8836,126.7387,334.5,1.2,1.1,2014-05-10,0507,Aqua,MODIS,83,6.2,308.1,28.9,D,0
-14.8894,126.695,337.5,1.2,1.1,2014-05-10,0507,Aqua,MODIS,86,6.2,308.1,34.5,D,0
-14.0817,132.8226,350.6,1.3,1.2,2014-05-10,0507,Aqua,MODIS,92,6.2,309.4,74.8,D,0
-14.8796,126.6936,335.6,1.2,1.1,2014-05-10,0507,Aqua,MODIS,84,6.2,307.2,32.1,D,0
-14.9637,126.6788,331.4,1.2,1.1,2014-05-10,0507,Aqua,MODIS,72,6.2,307.4,23.8,D,0
-15.0964,127.64,326.3,1.1,1,2014-05-10,0507,Aqua,MODIS,70,6.2,309.9,11.1,D,0
-15.0978,127.63,345.7,1.1,1,2014-05-10,0507,Aqua,MODIS,91,6.2,311.9,44.6,D,0
-14.8627,126.7468,320.7,1.2,1.1,2014-05-10,0507,Aqua,MODIS,17,6.2,307.4,8.4,D,0
-14.845,126.7165,325.7,1.2,1.1,2014-05-10,0507,Aqua,MODIS,63,6.2,307.7,15.8,D,0
-15.0229,127.2907,329.3,1.1,1.1,2014-05-10,0507,Aqua,MODIS,70,6.2,311.6,15.9,D,0
-15.0276,128.0712,325.5,1,1,2014-05-10,0507,Aqua,MODIS,28,6.2,311.1,7.5,D,0
-14.7634,128.0531,334.8,1,1,2014-05-10,0507,Aqua,MODIS,78,6.2,310.1,21.8,D,0
-14.7647,128.0435,336.1,1,1,2014-05-10,0507,Aqua,MODIS,72,6.2,309.6,23.8,D,0
-14.7197,126.2046,320,1.3,1.1,2014-05-10,0507,Aqua,MODIS,61,6.2,307,11.5,D,0
-14.948,127.7033,325.3,1.1,1,2014-05-10,0507,Aqua,MODIS,62,6.2,310.1,11.1,D,0
-14.9493,127.6933,338.8,1.1,1,2014-05-10,0507,Aqua,MODIS,86,6.2,311,31.9,D,0
-15.1802,126.6535,328.6,1.2,1.1,2014-05-10,0507,Aqua,MODIS,76,6.2,307.7,21.6,D,0
-15.3294,126.6069,318.1,1.2,1.1,2014-05-10,0507,Aqua,MODIS,47,6.2,305.9,8.2,D,0
-13.772,131.7995,334.7,1.2,1.1,2014-05-10,0507,Aqua,MODIS,83,6.2,310.7,29.2,D,0
-13.7703,131.8105,325.4,1.2,1.1,2014-05-10,0507,Aqua,MODIS,29,6.2,308.2,13.6,D,0
-15.327,126.6114,317.6,1.2,1.1,2014-05-10,0507,Aqua,MODIS,41,6.2,306.3,7.3,D,0
-15.0435,128.0242,337.4,1,1,2014-05-10,0507,Aqua,MODIS,85,6.2,313,25.5,D,0
-15.0381,128.063,328.6,1,1,2014-05-10,0507,Aqua,MODIS,54,6.2,312.6,11.4,D,0
-13.78,131.812,327.3,1.2,1.1,2014-05-10,0507,Aqua,MODIS,58,6.2,310.2,17,D,0
-15.0507,128.021,375.4,1.1,1,2014-05-10,0507,Aqua,MODIS,100,6.2,315.2,131.2,D,0
-14.7661,128.0338,329.7,1,1,2014-05-10,0507,Aqua,MODIS,64,6.2,309.4,15.6,D,0
-14.0794,131.9258,324.2,1.2,1.1,2014-05-10,0507,Aqua,MODIS,65,6.2,309.8,11.5,D,0
-14.6294,127.2728,331.5,1.1,1.1,2014-05-10,0507,Aqua,MODIS,80,6.2,312.6,20,D,0
-14.9084,130.0144,339.3,1,1,2014-05-10,0507,Aqua,MODIS,86,6.2,308.3,28.1,D,0
-15.0494,128.0306,341.3,1,1,2014-05-10,0507,Aqua,MODIS,88,6.2,313.6,32.4,D,0
-14.62,127.2714,324.2,1.1,1.1,2014-05-10,0507,Aqua,MODIS,49,6.2,310.3,8.8,D,0
-15.2189,131.0228,343.6,1.1,1,2014-05-10,0507,Aqua,MODIS,90,6.2,312.5,35.8,D,0
-14.7347,127.9897,328.7,1,1,2014-05-10,0507,Aqua,MODIS,29,6.2,311,13.1,D,0
-15.0454,128.0597,331.7,1,1,2014-05-10,0507,Aqua,MODIS,47,6.2,311.6,15.2,D,0
-14.5928,127.4026,348.2,1.1,1,2014-05-10,0507,Aqua,MODIS,93,6.2,309.9,49.4,D,0
-15.0484,127.6432,322.9,1.1,1,2014-05-10,0507,Aqua,MODIS,64,6.2,309.4,8.9,D,0
-15.0337,127.6818,318.6,1.1,1,2014-05-10,0507,Aqua,MODIS,31,6.2,307.7,5.8,D,0
-15.035,127.6718,321.7,1.1,1,2014-05-10,0507,Aqua,MODIS,60,6.2,310.4,8.9,D,0
-14.8328,126.6589,323.7,1.2,1.1,2014-05-10,0507,Aqua,MODIS,52,6.2,306.7,13.3,D,0
-14.8698,130.152,329.1,1,1,2014-05-10,0507,Aqua,MODIS,74,6.2,307.6,15.6,D,0
-14.346,126.8675,321.4,1.1,1.1,2014-05-10,0507,Aqua,MODIS,36,6.2,309.7,9.2,D,0
-14.3559,126.7934,324.9,1.2,1.1,2014-05-10,0507,Aqua,MODIS,49,6.2,307.3,13.5,D,0
-14.8053,126.5648,327.4,1.2,1.1,2014-05-10,0507,Aqua,MODIS,75,6.2,305.5,21.1,D,0
-14.3202,127.529,323.7,1.1,1,2014-05-10,0507,Aqua,MODIS,70,6.2,307,12.3,D,0
-14.8921,127.9753,336.7,1.1,1,2014-05-10,0507,Aqua,MODIS,84,6.2,311.4,25.3,D,0
-14.8816,127.9838,333.2,1.1,1,2014-05-10,0507,Aqua,MODIS,74,6.2,312.5,18.3,D,0
-14.2627,127.4127,329.1,1.1,1,2014-05-10,0507,Aqua,MODIS,78,6.2,307.6,19.6,D,0
-15.2037,127.3816,326.1,1.1,1.1,2014-05-10,0507,Aqua,MODIS,64,6.2,311.3,11.3,D,0
-14.19,130.82,334.8,1.1,1,2014-05-10,0507,Aqua,MODIS,83,6.2,308.2,25.1,D,0
-14.9527,127.9448,325.2,1.1,1,2014-05-10,0507,Aqua,MODIS,49,6.2,310.3,11.1,D,0
-14.8829,127.974,351.2,1.1,1,2014-05-10,0507,Aqua,MODIS,95,6.2,312.9,53.4,D,0
-14.9339,127.3459,331.5,1.1,1,2014-05-10,0507,Aqua,MODIS,80,6.2,313.4,18.8,D,0
-14.613,127.3952,328.4,1.1,1,2014-05-10,0507,Aqua,MODIS,77,6.2,308.8,16,D,0
-14.0078,130.3763,339.3,1,1,2014-05-10,0507,Aqua,MODIS,87,6.2,310.1,31.8,D,0
-14.6116,127.4054,339.3,1.1,1,2014-05-10,0507,Aqua,MODIS,87,6.2,310.7,33.8,D,0
-15.8305,126.5798,324.9,1.2,1.1,2014-05-10,0507,Aqua,MODIS,70,6.2,310.3,14.3,D,0
-15.8763,126.5394,324.2,1.2,1.1,2014-05-10,0507,Aqua,MODIS,66,6.2,309.1,13.2,D,0
-13.9771,126.1231,333,1.2,1.1,2014-05-10,0507,Aqua,MODIS,0,6.2,307.7,33.1,D,0
-14.9341,127.2728,327.3,1.1,1.1,2014-05-10,0507,Aqua,MODIS,74,6.2,310.4,10.3,D,0
-14.0063,126.0565,320.7,1.3,1.1,2014-05-10,0507,Aqua,MODIS,0,6.2,303.7,13.7,D,0
-14.9008,130.0035,328,1,1,2014-05-10,0507,Aqua,MODIS,70,6.2,310.7,12.3,D,0
-13.9795,126.1816,363.9,1.2,1.1,2014-05-10,0507,Aqua,MODIS,93,6.2,307.9,0,D,0
-14.9327,127.2832,339.1,1.1,1.1,2014-05-10,0507,Aqua,MODIS,87,6.2,311.7,30,D,0
-14.9394,127.305,324.8,1.1,1.1,2014-05-10,0507,Aqua,MODIS,62,6.2,310.9,8.2,D,0
-14.954,127.935,323.7,1.1,1,2014-05-10,0507,Aqua,MODIS,33,6.2,311,8.8,D,0
-14.9131,127.9589,322.4,1.1,1,2014-05-10,0507,Aqua,MODIS,56,6.2,309.3,8.3,D,0
-15.9087,127.2328,325,1.1,1.1,2014-05-10,0507,Aqua,MODIS,61,6.2,313.2,11.2,D,0
-16.2132,126.068,324.8,1.3,1.1,2014-05-10,0507,Aqua,MODIS,43,6.2,307.4,13.8,D,0
-14.1709,130.7702,334,1.1,1,2014-05-10,0507,Aqua,MODIS,83,6.2,310.5,24.2,D,0
-15.1417,128.0308,326.8,1.1,1,2014-05-10,0507,Aqua,MODIS,59,6.2,309.1,11.4,D,0
-15.0842,127.2325,323.8,1.1,1.1,2014-05-10,0507,Aqua,MODIS,60,6.2,311,9.7,D,0
-15.0243,127.2804,326.6,1.1,1.1,2014-05-10,0507,Aqua,MODIS,56,6.2,309.8,12.2,D,0
-14.9386,127.7725,330.3,1.1,1,2014-05-10,0507,Aqua,MODIS,38,6.2,312.7,14.8,D,0
-15.0865,127.8261,325.8,1.1,1,2014-05-10,0507,Aqua,MODIS,34,6.2,310.8,7.6,D,0
-14.0664,132.8004,328.5,1.3,1.1,2014-05-10,0507,Aqua,MODIS,58,6.2,309.8,21,D,0
-14.0651,132.7945,327.4,1.3,1.1,2014-05-10,0507,Aqua,MODIS,45,6.2,309.1,19.5,D,0
-14.0837,132.8103,333.7,1.3,1.1,2014-05-10,0507,Aqua,MODIS,32,6.2,306.4,29.2,D,0
-14.9399,127.7625,338.5,1.1,1,2014-05-10,0507,Aqua,MODIS,86,6.2,311.2,28.9,D,0
-14.9306,127.7611,333.6,1.1,1,2014-05-10,0507,Aqua,MODIS,72,6.2,312.8,19.3,D,0
-14.8606,127.6747,329.5,1.1,1,2014-05-10,0507,Aqua,MODIS,77,6.2,310.3,18,D,0
-14.8685,130.1613,335.6,1,1,2014-05-10,0507,Aqua,MODIS,83,6.2,312.5,24.6,D,0
-15.0747,127.231,323.6,1.1,1.1,2014-05-10,0507,Aqua,MODIS,62,6.2,309.5,9.5,D,0
-15.0833,126.1482,316.2,1.3,1.1,2014-05-10,0507,Aqua,MODIS,11,6.2,304.8,7.9,D,0
-15.0763,126.1231,328.6,1.3,1.1,2014-05-10,0507,Aqua,MODIS,77,6.2,305.1,24.7,D,0
-13.8169,130.1824,318.6,1,1,2014-05-10,0507,Aqua,MODIS,58,6.2,305.5,7.7,D,0
-15.0778,126.1112,329.3,1.3,1.1,2014-05-10,0507,Aqua,MODIS,78,6.2,304.8,26.3,D,0
-12.3404,133.0357,320.1,1.5,1.2,2014-05-10,0507,Aqua,MODIS,69,6.2,302.6,16.1,D,0
-15.0872,126.197,321.6,1.3,1.1,2014-05-10,0507,Aqua,MODIS,65,6.2,306.2,13.2,D,0
-15.0888,126.1851,318.1,1.3,1.1,2014-05-10,0507,Aqua,MODIS,23,6.2,305.5,7.8,D,0
-14.8314,126.6699,324.9,1.2,1.1,2014-05-10,0507,Aqua,MODIS,64,6.2,306,14.6,D,0
-14.3474,126.8569,327.2,1.2,1.1,2014-05-10,0507,Aqua,MODIS,42,6.2,309.9,15.5,D,0
-12.9038,131.9147,326,1.2,1.1,2014-05-10,0507,Aqua,MODIS,76,6.2,307.5,16.9,D,0
-12.8961,131.8327,323.5,1.2,1.1,2014-05-10,0507,Aqua,MODIS,69,6.2,304.8,14.9,D,0
-12.9055,131.9034,325.9,1.2,1.1,2014-05-10,0507,Aqua,MODIS,63,6.2,308,16.5,D,0
-12.8944,131.8438,321.1,1.2,1.1,2014-05-10,0507,Aqua,MODIS,55,6.2,305.7,11.2,D,0
-13.2186,131.534,336.7,1.2,1.1,2014-05-10,0507,Aqua,MODIS,85,6.2,309.3,30.2,D,0
-12.7597,130.7878,353,1.1,1,2014-05-10,0507,Aqua,MODIS,96,6.2,303.5,69.4,D,0
-13.1176,130.9209,344.4,1.1,1,2014-05-10,0507,Aqua,MODIS,91,6.2,308,46.3,D,0
-13.0794,130.6835,317.6,1.1,1,2014-05-10,0507,Aqua,MODIS,59,6.2,303.5,6.5,D,0
-12.8956,131.9018,332.7,1.2,1.1,2014-05-10,0507,Aqua,MODIS,78,6.2,309.7,27.6,D,0
-14.2594,134.2019,325.5,1.7,1.3,2014-05-10,0507,Aqua,MODIS,48,6.2,303.9,31.3,D,0
-13.0301,131.0141,325.1,1.1,1.1,2014-05-10,0507,Aqua,MODIS,75,6.2,306.5,15.1,D,0
-12.9021,131.9261,321.6,1.2,1.1,2014-05-10,0507,Aqua,MODIS,39,6.2,307,10.2,D,0
-13.1191,130.9108,333,1.1,1,2014-05-10,0507,Aqua,MODIS,83,6.2,308.4,25.6,D,0
-12.9073,131.8921,326.5,1.2,1.1,2014-05-10,0507,Aqua,MODIS,66,6.2,305.6,17.1,D,0
-13.2219,131.5126,335,1.2,1.1,2014-05-10,0507,Aqua,MODIS,84,6.2,308.4,29.4,D,0
-12.9204,131.9476,337.5,1.2,1.1,2014-05-10,0507,Aqua,MODIS,87,6.2,308.7,39,D,0
-13.2203,131.5233,349.4,1.2,1.1,2014-05-10,0507,Aqua,MODIS,94,6.2,310.1,61,D,0
-13.041,131.0054,328.4,1.1,1.1,2014-05-10,0507,Aqua,MODIS,79,6.2,304.2,18.3,D,0
-12.7582,130.7978,331.7,1.1,1,2014-05-10,0507,Aqua,MODIS,83,6.2,301.4,26,D,0
-13.2315,131.5142,319.2,1.2,1.1,2014-05-10,0507,Aqua,MODIS,40,6.2,307.4,6.5,D,0
-13.1436,131.4822,325.3,1.2,1.1,2014-05-10,0507,Aqua,MODIS,55,6.2,309.4,12,D,0
-13.0935,131.551,321.4,1.2,1.1,2014-05-10,0507,Aqua,MODIS,38,6.2,305.2,10.4,D,0
-13.0395,131.0156,333.5,1.1,1.1,2014-05-10,0507,Aqua,MODIS,84,6.2,306.3,26.5,D,0
-14.8426,133.3759,335.9,1.4,1.2,2014-05-10,0507,Aqua,MODIS,85,6.2,307.8,40.4,D,0
-14.1456,130.1331,320.9,1,1,2014-05-10,0507,Aqua,MODIS,64,6.2,306.2,8.3,D,0
-14.1802,130.4551,317.4,1,1,2014-05-10,0507,Aqua,MODIS,25,6.2,305.1,4.6,D,0
-13.8249,130.1798,328.8,1,1,2014-05-10,0507,Aqua,MODIS,75,6.2,305.2,17.4,D,0
-13.8235,130.1893,350.9,1,1,2014-05-10,0507,Aqua,MODIS,95,6.2,308.8,55.8,D,0
-14.2894,126.7563,322.4,1.2,1.1,2014-05-10,0507,Aqua,MODIS,68,6.2,306.5,12.3,D,0
-14.3034,126.7256,323.7,1.2,1.1,2014-05-10,0507,Aqua,MODIS,69,6.2,308.3,13.9,D,0
-14.3065,126.7207,336.3,1.2,1.1,2014-05-10,0507,Aqua,MODIS,75,6.2,310,32.8,D,0
-16.2702,126.1697,322.3,1.3,1.1,2014-05-10,0507,Aqua,MODIS,37,6.2,306.8,12.1,D,0
-15.6714,128.2547,326.3,1,1,2014-05-10,0507,Aqua,MODIS,69,6.2,311,11.2,D,0
-16.2773,126.1955,325,1.3,1.1,2014-05-10,0507,Aqua,MODIS,43,6.2,307.7,14.8,D,0
-15.8362,128.2651,328.1,1,1,2014-05-10,0507,Aqua,MODIS,58,6.2,311.6,11.8,D,0
-15.827,128.2638,331.8,1,1,2014-05-10,0507,Aqua,MODIS,78,6.2,313,17,D,0
-14.3409,126.7586,321.3,1.2,1.1,2014-05-10,0507,Aqua,MODIS,52,6.2,306,11.3,D,0
-13.8326,130.1907,334.6,1,1,2014-05-10,0507,Aqua,MODIS,84,6.2,306.2,25.6,D,0
-13.5222,130.6144,321.7,1.1,1,2014-05-10,0507,Aqua,MODIS,67,6.2,306.9,9.8,D,0
-13.5237,130.6047,324.5,1.1,1,2014-05-10,0507,Aqua,MODIS,72,6.2,306.3,13.3,D,0
-13.8312,130.2001,325,1,1,2014-05-10,0507,Aqua,MODIS,58,6.2,307.5,12.2,D,0
-13.8671,130.644,329.5,1.1,1,2014-05-10,0507,Aqua,MODIS,74,6.2,309.8,15.3,D,0
-15.6697,128.5389,330.4,1,1,2014-05-10,0507,Aqua,MODIS,23,6.2,311.4,10.9,D,0
-15.667,128.5578,333.7,1,1,2014-05-10,0507,Aqua,MODIS,35,6.2,312.6,15,D,0
-15.6644,128.5769,328.1,1,1,2014-05-10,0507,Aqua,MODIS,52,6.2,311.9,10.1,D,0
-15.6854,128.4925,353,1,1,2014-05-10,0507,Aqua,MODIS,96,6.2,312,57.5,D,0
-15.6841,128.502,362.1,1,1,2014-05-10,0507,Aqua,MODIS,100,6.2,314.6,80.5,D,0
-15.6801,128.5306,337.1,1,1,2014-05-10,0507,Aqua,MODIS,43,6.2,310.8,20.1,D,0
-15.6945,128.4939,384.9,1,1,2014-05-10,0507,Aqua,MODIS,100,6.2,314.9,167.3,D,0
-15.6932,128.5034,353,1,1,2014-05-10,0507,Aqua,MODIS,96,6.2,314.5,55.9,D,0
-14.3108,126.6879,332,1.2,1.1,2014-05-10,0507,Aqua,MODIS,72,6.2,306.9,25.4,D,0
-15.7023,128.5048,363.4,1,1,2014-05-10,0507,Aqua,MODIS,100,6.2,314.5,82.7,D,0
-15.7009,128.5144,362.2,1,1,2014-05-10,0507,Aqua,MODIS,100,6.2,316.2,77.8,D,0
-15.6996,128.524,338.3,1,1,2014-05-10,0507,Aqua,MODIS,72,6.2,313.9,23.5,D,0
-15.7087,128.5255,333.1,1,1,2014-05-10,0507,Aqua,MODIS,80,6.2,312.3,17.2,D,0
-15.6578,128.6245,338.7,1,1,2014-05-10,0507,Aqua,MODIS,79,6.2,310.8,24.4,D,0
-15.6487,128.623,339.9,1,1,2014-05-10,0507,Aqua,MODIS,86,6.2,311,25.8,D,0
-15.8875,129.0809,327.1,1,1,2014-05-10,0507,Aqua,MODIS,70,6.2,311.7,10.7,D,0
-14.1794,130.5235,331.1,1,1,2014-05-10,0507,Aqua,MODIS,80,6.2,306.4,20.2,D,0
-14.2238,130.5403,324.2,1,1,2014-05-10,0507,Aqua,MODIS,70,6.2,307.3,11.1,D,0
-15.8888,129.0715,405.1,1,1,2014-05-10,0507,Aqua,MODIS,100,6.2,322.2,273.3,D,0
-15.8901,129.0621,352.8,1,1,2014-05-10,0507,Aqua,MODIS,96,6.2,313.3,54.3,D,0
-15.8784,129.0795,335.1,1,1,2014-05-10,0507,Aqua,MODIS,82,6.2,313,21.3,D,0
-15.8798,129.0701,391.8,1,1,2014-05-10,0507,Aqua,MODIS,100,6.2,320.2,195.4,D,0
-15.8811,129.0608,338.6,1,1,2014-05-10,0507,Aqua,MODIS,85,6.2,312.2,27.1,D,0
-14.2323,130.4826,319.2,1,1,2014-05-10,0507,Aqua,MODIS,56,6.2,307.9,7.9,D,0
-14.2642,130.5137,328,1,1,2014-05-10,0507,Aqua,MODIS,71,6.2,308.6,15.3,D,0
-14.2627,130.5234,331,1,1,2014-05-10,0507,Aqua,MODIS,79,6.2,309.5,19.7,D,0
-14.1163,130.4588,317.6,1,1,2014-05-10,0507,Aqua,MODIS,47,6.2,305.2,6.2,D,0
-14.1177,130.4492,327.7,1,1,2014-05-10,0507,Aqua,MODIS,76,6.2,306.7,16.7,D,0
-15.71,128.5159,329,1,1,2014-05-10,0507,Aqua,MODIS,54,6.2,309.3,11.2,D,0
-14.2587,130.4248,328.5,1,1,2014-05-10,0507,Aqua,MODIS,47,6.2,307.5,16.3,D,0
-14.2664,130.4357,326.2,1,1,2014-05-10,0507,Aqua,MODIS,56,6.2,306.5,13,D,0
-14.1773,130.4742,320.8,1,1,2014-05-10,0507,Aqua,MODIS,62,6.2,306.6,8.4,D,0
-14.1788,130.4646,332.6,1,1,2014-05-10,0507,Aqua,MODIS,81,6.2,307.7,23.2,D,0
-15.6474,128.6326,331,1,1,2014-05-10,0507,Aqua,MODIS,62,6.2,312.8,12.5,D,0
-15.6565,128.634,338.7,1,1,2014-05-10,0507,Aqua,MODIS,85,6.2,312.8,25.1,D,0
-14.1567,130.5494,321.6,1,1,2014-05-10,0507,Aqua,MODIS,32,6.2,308.4,7.9,D,0
-14.2353,130.0186,320.5,1,1,2014-05-10,0507,Aqua,MODIS,62,6.2,309,9.8,D,0
-13.8366,129.9833,328.2,1,1,2014-05-10,0507,Aqua,MODIS,77,6.2,303.8,17.5,D,0
-14.1442,130.1426,320.4,1,1,2014-05-10,0507,Aqua,MODIS,62,6.2,307.6,7.9,D,0
-14.2601,130.4153,319.9,1,1,2014-05-10,0507,Aqua,MODIS,33,6.2,304.5,7.9,D,0
-13.8353,129.9927,356.2,1,1,2014-05-10,0507,Aqua,MODIS,98,6.2,307,68.5,D,0
-13.8443,129.9941,327.9,1,1,2014-05-10,0507,Aqua,MODIS,77,6.2,303.9,16.8,D,0
-13.9125,129.9627,316.9,1,1,2014-05-10,0507,Aqua,MODIS,46,6.2,305.3,5.7,D,0
-13.9139,129.9534,316.7,1,1,2014-05-10,0507,Aqua,MODIS,44,6.2,305.4,5.8,D,0
-14.2597,130.0416,335.5,1,1,2014-05-10,0507,Aqua,MODIS,84,6.2,309.2,25.9,D,0
-14.2507,130.0401,342,1,1,2014-05-10,0507,Aqua,MODIS,89,6.2,307.4,36.6,D,0
-14.252,130.0308,348.5,1,1,2014-05-10,0507,Aqua,MODIS,94,6.2,307.8,49.4,D,0
-33.956,117.0341,304.7,2.1,1.4,2014-05-10,0640,Aqua,MODIS,60,6.2,292.1,13.4,D,0
-33.7715,117.0874,312.3,2.2,1.4,2014-05-10,0640,Aqua,MODIS,72,6.2,289.8,31.2,D,0
-33.7763,117.0645,308.9,2.2,1.4,2014-05-10,0640,Aqua,MODIS,64,6.2,288.9,23.9,D,0
-33.9368,116.8045,311.1,2.1,1.4,2014-05-10,0640,Aqua,MODIS,62,6.2,287.8,28.9,D,0
-33.9414,116.7824,305.2,2.1,1.4,2014-05-10,0640,Aqua,MODIS,53,6.2,286.5,17.7,D,0
-33.9609,117.0113,306.4,2.1,1.4,2014-05-10,0640,Aqua,MODIS,63,6.2,292,16.8,D,0
-33.9573,117.0268,309.3,2.1,1.4,2014-05-10,0640,Aqua,MODIS,68,6.2,292.2,22.9,D,0
-34.0424,117.1886,307.5,2.2,1.4,2014-05-10,0640,Aqua,MODIS,66,6.2,292.5,19.1,D,0
-34.0473,117.1658,309.3,2.2,1.4,2014-05-10,0640,Aqua,MODIS,68,6.2,293.4,22.8,D,0
-34.0332,117.181,308.5,2.2,1.4,2014-05-10,0640,Aqua,MODIS,55,6.2,292.8,19.3,D,0
-33.7733,117.0807,318.6,2.2,1.4,2014-05-10,0640,Aqua,MODIS,79,6.2,289.7,45.1,D,0
-33.8601,116.7298,306.2,2.1,1.4,2014-05-10,0640,Aqua,MODIS,63,6.2,292.5,17.2,D,0
-33.6975,121.4815,310.3,4.1,1.9,2014-05-10,0640,Aqua,MODIS,0,6.2,284.4,70.2,D,0
-26.6378,150.6707,302.3,1,1,2014-05-10,1249,Terra,MODIS,48,6.2,284.5,8,N,0
-26.6394,150.6602,312.4,1,1,2014-05-10,1249,Terra,MODIS,85,6.2,285.1,15.1,N,0
-28.1657,149.3627,302.1,1,1,2014-05-10,1249,Terra,MODIS,46,6.2,284.6,7.4,N,0
-28.6439,149.2298,303.7,1,1,2014-05-10,1249,Terra,MODIS,42,6.2,285.5,7.5,N,0
-28.1733,149.3705,309.7,1,1,2014-05-10,1249,Terra,MODIS,78,6.2,284.5,11.8,N,0
-33.7093,121.4511,303.6,1.5,1.2,2014-05-10,1427,Terra,MODIS,56,6.2,283.7,14.4,N,0
-23.0675,125.2739,303.3,1.1,1,2014-05-10,1429,Terra,MODIS,54,6.2,286.8,7.1,N,0
-23.0728,125.2807,300.1,1.1,1,2014-05-10,1429,Terra,MODIS,6,6.2,287.3,4.8,N,0
-20.6081,131.3123,300.1,2.8,1.6,2014-05-10,1430,Terra,MODIS,18,6.2,287.6,23,N,0
-20.6097,131.3192,301.7,2.8,1.6,2014-05-10,1430,Terra,MODIS,44,6.2,288,24.8,N,0
-15.7086,128.5188,305.8,2.2,1.4,2014-05-10,1431,Terra,MODIS,66,6.2,295.3,16.4,N,0
-15.0845,128.0269,306.9,2.1,1.4,2014-05-10,1431,Terra,MODIS,70,6.2,294.6,17.5,N,0
-15.4574,126.4456,317.3,1.6,1.2,2014-05-10,1431,Terra,MODIS,95,6.2,291.7,29.9,N,0
-17.6334,126.4015,313.5,1.4,1.2,2014-05-10,1431,Terra,MODIS,87,6.2,295,17.3,N,0
-15.0367,128.0728,305.2,2.1,1.4,2014-05-10,1431,Terra,MODIS,53,6.2,295.1,13.4,N,0
-15.1118,127.724,303.6,2,1.4,2014-05-10,1431,Terra,MODIS,56,6.2,293.4,11.4,N,0
-17.6379,126.4098,314.2,1.4,1.2,2014-05-10,1431,Terra,MODIS,89,6.2,295,18.3,N,0
-14.3311,126.8359,301.5,1.7,1.3,2014-05-10,1432,Terra,MODIS,28,6.2,291.1,8.9,N,0
-20.7307,139.4813,307.4,1.1,1,2014-05-10,1559,Aqua,MODIS,71,6.2,290.2,9.1,N,2
-33.001,137.5919,304.1,1,1,2014-05-10,1603,Aqua,MODIS,58,6.2,284.9,8.2,N,0
-21.4517,119.5157,329.3,1.3,1.1,2014-05-10,1738,Aqua,MODIS,100,6.2,293.3,40.2,N,0
-21.4533,119.5281,311.3,1.3,1.1,2014-05-10,1738,Aqua,MODIS,82,6.2,292.4,14.6,N,0
-21.4619,119.5143,304.6,1.3,1.1,2014-05-10,1738,Aqua,MODIS,61,6.2,292.3,8.7,N,0
-25.5086,151.5469,306.8,1.6,1.3,2014-05-10,2347,Terra,MODIS,59,6.2,294.2,8.2,D,0
-28.1079,151.5838,307.1,1.5,1.2,2014-05-10,2348,Terra,MODIS,60,6.2,291.9,8.9,D,0
-28.0973,151.5862,310.6,1.5,1.2,2014-05-10,2348,Terra,MODIS,69,6.2,292.6,13.2,D,0
-34.4589,150.8776,308.8,1.2,1.1,2014-05-10,2349,Terra,MODIS,51,6.2,293.7,9.3,D,0
-13.1356,131.9044,322.1,1.3,1.1,2014-05-11,0122,Terra,MODIS,22,6.2,300.4,13.2,D,0
-13.1392,131.9273,334.1,1.2,1.1,2014-05-11,0122,Terra,MODIS,79,6.2,300.4,31.6,D,0
-13.0762,132.0421,322.9,1.2,1.1,2014-05-11,0122,Terra,MODIS,74,6.2,301.8,15.2,D,0
-14.1328,131.9262,329.1,1.2,1.1,2014-05-11,0122,Terra,MODIS,81,6.2,297.5,22.6,D,0
-13.4993,131.8081,315.9,1.3,1.1,2014-05-11,0122,Terra,MODIS,26,6.2,296.5,7.9,D,0
-13.0744,132.0309,323.2,1.2,1.1,2014-05-11,0122,Terra,MODIS,74,6.2,301.8,15.8,D,0
-13.0368,132.055,320.8,1.2,1.1,2014-05-11,0122,Terra,MODIS,71,6.2,302,12.7,D,0
-13.1184,131.8602,325.3,1.3,1.1,2014-05-11,0122,Terra,MODIS,57,6.2,301.9,17.9,D,0
-14.2279,132.7157,316.3,1.1,1,2014-05-11,0122,Terra,MODIS,24,6.2,296.3,6.1,D,0
-14.1212,131.9167,318.2,1.2,1.1,2014-05-11,0122,Terra,MODIS,21,6.2,296.6,8.6,D,0
-13.1374,131.9158,352.3,1.2,1.1,2014-05-11,0122,Terra,MODIS,96,6.2,301.1,78.3,D,0
-13.1311,131.9403,324.7,1.2,1.1,2014-05-11,0122,Terra,MODIS,68,6.2,300.2,16.4,D,0
-13.1328,131.9517,347.3,1.2,1.1,2014-05-11,0122,Terra,MODIS,94,6.2,301.6,63.8,D,0
-13.1165,131.8485,361.5,1.3,1.1,2014-05-11,0122,Terra,MODIS,100,6.2,303.6,112.9,D,0
-13.0746,132.0374,329.4,1.2,1.1,2014-05-11,0122,Terra,MODIS,77,6.2,302.3,23.5,D,0
-14.1791,133.7735,317.7,1,1,2014-05-11,0122,Terra,MODIS,57,6.2,299.1,6.8,D,0
-14.2577,132.5049,318.3,1.1,1.1,2014-05-11,0122,Terra,MODIS,64,6.2,299.2,9.5,D,0
-13.5566,131.9095,321.5,1.2,1.1,2014-05-11,0122,Terra,MODIS,67,6.2,297.4,14.5,D,0
-13.1147,131.837,320.8,1.3,1.1,2014-05-11,0122,Terra,MODIS,48,6.2,301,12.5,D,0
-14.2526,132.5015,318.6,1.1,1.1,2014-05-11,0122,Terra,MODIS,43,6.2,300,8.2,D,0
-14.131,131.915,324.4,1.2,1.1,2014-05-11,0122,Terra,MODIS,56,6.2,298.5,16,D,0
-13.5585,131.921,327.9,1.2,1.1,2014-05-11,0122,Terra,MODIS,80,6.2,298.1,23.3,D,0
-14.1225,130.9801,322,1.4,1.2,2014-05-11,0123,Terra,MODIS,66,6.2,299.4,18.3,D,0
-17.9771,132.6393,334.6,1,1,2014-05-11,0123,Terra,MODIS,84,6.2,304.9,25.4,D,0
-14.6489,131.3129,325.4,1.3,1.1,2014-05-11,0123,Terra,MODIS,77,6.2,300.7,19.1,D,0
-15.6413,131.6819,328.1,1.2,1.1,2014-05-11,0123,Terra,MODIS,78,6.2,303.9,20.9,D,0
-17.7344,132.8571,325.4,1,1,2014-05-11,0123,Terra,MODIS,75,6.2,304.5,13.2,D,0
-14.607,131.302,362.3,1.3,1.1,2014-05-11,0123,Terra,MODIS,100,6.2,302.4,119.5,D,0
-14.605,131.2898,325.4,1.3,1.1,2014-05-11,0123,Terra,MODIS,48,6.2,298.7,20.8,D,0
-14.5968,131.3034,340.1,1.3,1.1,2014-05-11,0123,Terra,MODIS,89,6.2,303,48.8,D,0
-14.647,131.3009,325.3,1.3,1.1,2014-05-11,0123,Terra,MODIS,68,6.2,300.1,20,D,0
-17.9863,132.6378,333.7,1,1,2014-05-11,0123,Terra,MODIS,83,6.2,303.5,24.4,D,0
-14.4923,131.4842,328.4,1.3,1.1,2014-05-11,0123,Terra,MODIS,80,6.2,302,25,D,0
-17.742,132.846,333.9,1,1,2014-05-11,0123,Terra,MODIS,84,6.2,303.2,23.8,D,0
-14.6648,131.3469,324,1.3,1.1,2014-05-11,0123,Terra,MODIS,44,6.2,302.7,16,D,0
-17.7435,132.8556,328.4,1,1,2014-05-11,0123,Terra,MODIS,79,6.2,303.3,16.6,D,0
-14.2598,130.7607,321.3,1.4,1.2,2014-05-11,0123,Terra,MODIS,67,6.2,299.3,18.4,D,0
-14.4942,131.4959,322.1,1.3,1.1,2014-05-11,0123,Terra,MODIS,66,6.2,301.4,14.2,D,0
-15.0281,131.2481,326,1.3,1.1,2014-05-11,0123,Terra,MODIS,76,6.2,303.4,20.5,D,0
-17.7329,132.8475,324,1,1,2014-05-11,0123,Terra,MODIS,73,6.2,304.9,11.3,D,0
-14.9951,130.9803,322.5,1.3,1.1,2014-05-11,0123,Terra,MODIS,70,6.2,303.4,15.1,D,0
-15.0175,131.3102,319.7,1.3,1.1,2014-05-11,0123,Terra,MODIS,41,6.2,304,8.7,D,0
-15.03,131.2599,327.6,1.3,1.1,2014-05-11,0123,Terra,MODIS,78,6.2,303.2,22.9,D,0
-17.5518,132.9292,315.8,1,1,2014-05-11,0123,Terra,MODIS,50,6.2,302.2,5.2,D,0
-15.4115,131.3383,323.2,1.3,1.1,2014-05-11,0123,Terra,MODIS,71,6.2,303.7,15.4,D,0
-15.4097,131.3267,336.6,1.3,1.1,2014-05-11,0123,Terra,MODIS,86,6.2,304.3,39.5,D,0
-14.2725,130.772,316.6,1.4,1.2,2014-05-11,0123,Terra,MODIS,23,6.2,299.5,10.6,D,0
-14.1267,131.0054,328.1,1.4,1.2,2014-05-11,0123,Terra,MODIS,80,6.2,300.3,27.3,D,0
-14.1246,130.9928,334.6,1.4,1.2,2014-05-11,0123,Terra,MODIS,86,6.2,301.7,42.4,D,0
-14.9971,130.9928,324.7,1.3,1.1,2014-05-11,0123,Terra,MODIS,74,6.2,302.9,19,D,0
-16.5963,137.5157,320.6,1.3,1.1,2014-05-11,0123,Terra,MODIS,67,6.2,303.2,14.2,D,0
-16.7597,137.2877,317.1,1.3,1.1,2014-05-11,0123,Terra,MODIS,60,6.2,304.1,7.5,D,0
-14.7261,131.7261,323,1.2,1.1,2014-05-11,0123,Terra,MODIS,70,6.2,302.1,14.2,D,0
-16.8749,130.8833,321.6,1.3,1.1,2014-05-11,0123,Terra,MODIS,64,6.2,304.8,12.1,D,0
-16.8769,130.8951,320.1,1.3,1.1,2014-05-11,0123,Terra,MODIS,59,6.2,303.4,10.4,D,0
-16.857,130.8377,322.3,1.3,1.1,2014-05-11,0123,Terra,MODIS,37,6.2,303.5,11.6,D,0
-17.0186,129.9592,367.5,1.4,1.2,2014-05-11,0123,Terra,MODIS,100,6.2,307.8,167.6,D,0
-15.0488,127.8005,315,2.2,1.5,2014-05-11,0123,Terra,MODIS,48,6.2,297.8,18,D,0
-15.0514,127.806,314.3,2.2,1.5,2014-05-11,0123,Terra,MODIS,24,6.2,297.9,14.9,D,0
-15.0479,127.7857,313.5,2.3,1.5,2014-05-11,0123,Terra,MODIS,14,6.2,297.7,15.1,D,0
-15.0125,127.8133,314.8,2.2,1.5,2014-05-11,0123,Terra,MODIS,53,6.2,298.3,18.5,D,0
-16.6734,130.1014,322.1,1.4,1.2,2014-05-11,0123,Terra,MODIS,69,6.2,302.8,17.2,D,0
-14.9325,127.7283,334.2,2.3,1.5,2014-05-11,0123,Terra,MODIS,86,6.2,299.3,86.6,D,0
-14.9289,127.722,320.7,2.3,1.5,2014-05-11,0123,Terra,MODIS,72,6.2,299.6,32.5,D,0
-16.6309,130.5265,320.1,1.3,1.1,2014-05-11,0123,Terra,MODIS,64,6.2,304,13.1,D,0
-17.0148,130.0012,324.9,1.4,1.2,2014-05-11,0123,Terra,MODIS,50,6.2,305,17.7,D,0
-17.017,130.0145,324.6,1.4,1.2,2014-05-11,0123,Terra,MODIS,73,6.2,303.3,19,D,0
-17.0254,129.9993,343,1.4,1.2,2014-05-11,0123,Terra,MODIS,91,6.2,304.5,61.6,D,0
-16.3486,130.1704,318.6,1.4,1.2,2014-05-11,0123,Terra,MODIS,35,6.2,303.2,9.8,D,0
-15.3519,126.3623,314.5,2.8,1.6,2014-05-11,0123,Terra,MODIS,41,6.2,299.1,30.9,D,0
-15.3375,126.3653,319.7,2.8,1.6,2014-05-11,0123,Terra,MODIS,69,6.2,298.3,53,D,0
-15.3454,126.3425,319.4,2.9,1.6,2014-05-11,0123,Terra,MODIS,69,6.2,297.8,50.7,D,0
-14.8996,127.9937,319.7,2.2,1.4,2014-05-11,0123,Terra,MODIS,70,6.2,299.3,28.7,D,0
-14.8981,127.9877,316.1,2.2,1.4,2014-05-11,0123,Terra,MODIS,62,6.2,299.5,20.6,D,0
-15.0201,128.0804,318,2.1,1.4,2014-05-11,0123,Terra,MODIS,41,6.2,301.6,19,D,0
-16.9974,129.9631,317.5,1.4,1.2,2014-05-11,0123,Terra,MODIS,29,6.2,302,8.6,D,0
-17.008,129.9611,373.8,1.4,1.2,2014-05-11,0123,Terra,MODIS,100,6.2,307.4,202.4,D,0
-17.0125,129.9879,334.8,1.4,1.2,2014-05-11,0123,Terra,MODIS,80,6.2,305.1,36.9,D,0
-17.0164,129.9457,344.9,1.4,1.2,2014-05-11,0123,Terra,MODIS,92,6.2,303,73.1,D,0
-17.0209,129.9725,344.1,1.4,1.2,2014-05-11,0123,Terra,MODIS,91,6.2,305.2,65.8,D,0
-17.0231,129.9859,359.2,1.4,1.2,2014-05-11,0123,Terra,MODIS,99,6.2,306.5,121.1,D,0
-17.0293,129.9572,348.3,1.4,1.2,2014-05-11,0123,Terra,MODIS,94,6.2,302.3,87.7,D,0
-15.0802,127.6153,322.6,2.3,1.5,2014-05-11,0123,Terra,MODIS,73,6.2,300,37.9,D,0
-16.1013,126.1106,317.8,2.9,1.6,2014-05-11,0123,Terra,MODIS,66,6.2,299.5,40.7,D,0
-16.1022,126.1033,315.5,2.9,1.6,2014-05-11,0123,Terra,MODIS,59,6.2,299.2,30.9,D,0
-15.0377,130.4478,317.6,1.4,1.2,2014-05-11,0123,Terra,MODIS,48,6.2,303.7,9.7,D,0
-14.3841,131.4489,316.4,1.3,1.1,2014-05-11,0123,Terra,MODIS,61,6.2,300.6,9.2,D,0
-15.4586,126.4421,317.2,2.8,1.6,2014-05-11,0123,Terra,MODIS,58,6.2,300.4,35.3,D,0
-15.0841,127.6365,326.5,2.3,1.5,2014-05-11,0123,Terra,MODIS,79,6.2,301.6,52.8,D,0
-15.0844,127.6214,315.8,2.3,1.5,2014-05-11,0123,Terra,MODIS,57,6.2,300.5,18.7,D,0
-15.0749,127.6449,320.3,2.3,1.5,2014-05-11,0123,Terra,MODIS,71,6.2,301.2,32.9,D,0
-15.0712,127.6241,338.3,2.3,1.5,2014-05-11,0123,Terra,MODIS,88,6.2,301.5,109.9,D,0
-15.4444,126.4447,313.8,2.8,1.6,2014-05-11,0123,Terra,MODIS,30,6.2,299.2,23.8,D,0
-15.4567,126.4493,316.6,2.8,1.6,2014-05-11,0123,Terra,MODIS,45,6.2,299.8,31.9,D,0
-15.4425,126.4519,315.9,2.8,1.6,2014-05-11,0123,Terra,MODIS,44,6.2,299.2,31.3,D,0
-15.3501,126.3686,319.8,2.8,1.6,2014-05-11,0123,Terra,MODIS,69,6.2,299.3,51.9,D,0
-14.9327,127.7429,334.4,2.3,1.5,2014-05-11,0123,Terra,MODIS,86,6.2,299.3,86.7,D,0
-14.9361,127.7489,325.6,2.3,1.5,2014-05-11,0123,Terra,MODIS,78,6.2,298.2,49.7,D,0
-14.135,130.991,344.2,1.4,1.2,2014-05-11,0123,Terra,MODIS,92,6.2,298.7,67.4,D,0
-14.2578,130.4177,319.2,1.5,1.2,2014-05-11,0123,Terra,MODIS,67,6.2,299.4,17.6,D,0
-15.7097,128.4961,324.2,1.9,1.4,2014-05-11,0123,Terra,MODIS,57,6.2,304,28.3,D,0
-15.7922,128.5114,318.5,1.9,1.4,2014-05-11,0123,Terra,MODIS,61,6.2,304.7,15.6,D,0
-15.7985,128.5213,326.2,1.9,1.4,2014-05-11,0123,Terra,MODIS,77,6.2,304.5,34.7,D,0
-14.1842,130.4637,315.4,1.5,1.2,2014-05-11,0123,Terra,MODIS,59,6.2,299.3,11.1,D,0
-15.7951,128.5285,324.1,1.9,1.4,2014-05-11,0123,Terra,MODIS,75,6.2,304.6,30.2,D,0
-14.2686,130.416,318,1.5,1.2,2014-05-11,0123,Terra,MODIS,54,6.2,298,14.9,D,0
-16.2643,137.471,316.3,1.3,1.1,2014-05-11,0123,Terra,MODIS,58,6.2,301.4,9.5,D,0
-16.2642,137.4656,315.4,1.3,1.1,2014-05-11,0123,Terra,MODIS,14,6.2,301.2,7.5,D,0
-16.2456,137.4802,318.3,1.3,1.1,2014-05-11,0123,Terra,MODIS,64,6.2,301.3,12.1,D,0
-16.3923,137.5929,331.8,1.3,1.1,2014-05-11,0123,Terra,MODIS,82,6.2,304.5,32.3,D,0
-20.6023,131.3756,328.7,1.1,1,2014-05-11,0124,Terra,MODIS,78,6.2,306.6,19.2,D,0
-20.667,132.3869,395,1,1,2014-05-11,0124,Terra,MODIS,100,6.2,312.8,220.7,D,0
-20.6761,132.3854,317.2,1,1,2014-05-11,0124,Terra,MODIS,34,6.2,302.6,5.7,D,0
-20.6685,132.3966,328.6,1,1,2014-05-11,0124,Terra,MODIS,69,6.2,305.8,16.5,D,0
-20.6429,132.3511,326.4,1,1,2014-05-11,0124,Terra,MODIS,76,6.2,303.7,14.9,D,0
-20.6415,132.3414,318.4,1,1,2014-05-11,0124,Terra,MODIS,17,6.2,303.5,6.8,D,0
-20.6369,132.3721,332.9,1,1,2014-05-11,0124,Terra,MODIS,83,6.2,304.7,22.6,D,0
-20.6382,132.4416,334.5,1,1,2014-05-11,0124,Terra,MODIS,81,6.2,304.2,23.8,D,0
-20.6367,132.4319,348.7,1,1,2014-05-11,0124,Terra,MODIS,94,6.2,306.3,48.6,D,0
-20.3498,131.6498,335.5,1.1,1,2014-05-11,0124,Terra,MODIS,85,6.2,305,29.1,D,0
-20.3482,131.6396,321.9,1.1,1,2014-05-11,0124,Terra,MODIS,68,6.2,304.1,10.3,D,0
-20.6308,132.3931,327.1,1,1,2014-05-11,0124,Terra,MODIS,76,6.2,304.4,14.5,D,0
-20.6292,132.4431,321.6,1,1,2014-05-11,0124,Terra,MODIS,27,6.2,304.7,8.9,D,0
-20.6247,132.414,328.6,1,1,2014-05-11,0124,Terra,MODIS,78,6.2,305.8,15.5,D,0
-20.4667,132.4035,329.8,1,1,2014-05-11,0124,Terra,MODIS,79,6.2,306.8,16.2,D,0
-20.4635,132.4438,322.9,1,1,2014-05-11,0124,Terra,MODIS,32,6.2,306.3,9.6,D,0
-20.6232,132.4043,328.3,1,1,2014-05-11,0124,Terra,MODIS,78,6.2,304.9,15.4,D,0
-20.6217,132.3946,326.8,1,1,2014-05-11,0124,Terra,MODIS,75,6.2,304.8,14.3,D,0
-20.6202,132.3849,328.6,1,1,2014-05-11,0124,Terra,MODIS,78,6.2,305,17.1,D,0
-20.5946,131.3876,318.6,1.1,1,2014-05-11,0124,Terra,MODIS,59,6.2,304.6,7.9,D,0
-20.6609,132.4079,332.4,1,1,2014-05-11,0124,Terra,MODIS,82,6.2,305.6,21,D,0
-20.6187,132.3752,321,1,1,2014-05-11,0124,Terra,MODIS,56,6.2,305.2,8.6,D,0
-20.6171,132.4253,321.4,1,1,2014-05-11,0124,Terra,MODIS,30,6.2,305.8,7.9,D,0
-20.609,131.2613,333.1,1.1,1,2014-05-11,0124,Terra,MODIS,45,6.2,306.4,20.7,D,0
-20.6045,131.2681,336.1,1.1,1,2014-05-11,0124,Terra,MODIS,68,6.2,306.1,27.4,D,0
-20.6018,131.3115,326.1,1.1,1,2014-05-11,0124,Terra,MODIS,50,6.2,306.5,14.1,D,0
-20.511,131.259,320.6,1.1,1,2014-05-11,0124,Terra,MODIS,65,6.2,303.7,10.2,D,0
-20.5032,131.2712,317.5,1.1,1,2014-05-11,0124,Terra,MODIS,48,6.2,303.7,6.7,D,0
-20.6156,132.4155,366.8,1,1,2014-05-11,0124,Terra,MODIS,100,6.2,309.1,97.7,D,0
-20.6142,132.4058,340.5,1,1,2014-05-11,0124,Terra,MODIS,89,6.2,306.5,34.2,D,0
-20.5923,131.494,330,1.1,1,2014-05-11,0124,Terra,MODIS,80,6.2,304.8,22.8,D,0
-20.5939,131.5043,316.7,1.1,1,2014-05-11,0124,Terra,MODIS,50,6.2,304.1,6.8,D,0
-20.6006,131.3652,330.7,1.1,1,2014-05-11,0124,Terra,MODIS,80,6.2,306.4,21.8,D,0
-20.6624,132.4176,326.7,1,1,2014-05-11,0124,Terra,MODIS,74,6.2,303.9,14,D,0
-20.6347,131.1812,332,1.1,1,2014-05-11,0124,Terra,MODIS,77,6.2,303.6,24.5,D,0
-20.633,131.1706,366.6,1.1,1,2014-05-11,0124,Terra,MODIS,100,6.2,303.8,111.9,D,0
-20.6253,131.1828,349.6,1.1,1,2014-05-11,0124,Terra,MODIS,94,6.2,308,58.5,D,0
-20.6236,131.1723,361.9,1.1,1,2014-05-11,0124,Terra,MODIS,100,6.2,307.8,95.1,D,0
-20.5802,131.1751,319.9,1.1,1,2014-05-11,0124,Terra,MODIS,24,6.2,305.1,7.4,D,0
-20.6655,132.3772,317.3,1,1,2014-05-11,0124,Terra,MODIS,29,6.2,303.4,5.7,D,0
-20.5725,131.1874,320.6,1.1,1,2014-05-11,0124,Terra,MODIS,24,6.2,306.1,7.9,D,0
-20.5708,131.1768,329.7,1.1,1,2014-05-11,0124,Terra,MODIS,79,6.2,307.7,19.6,D,0
-20.5691,131.1662,330.2,1.1,1.1,2014-05-11,0124,Terra,MODIS,80,6.2,307.5,20.5,D,0
-20.9428,132.2612,320,1,1,2014-05-11,0124,Terra,MODIS,64,6.2,305.2,7.1,D,0
-21.0981,132.0714,317.2,1,1,2014-05-11,0124,Terra,MODIS,52,6.2,305,5.9,D,0
-21.1324,132.12,326.8,1,1,2014-05-11,0124,Terra,MODIS,76,6.2,304.5,15,D,0
-21.1339,132.1298,343.1,1,1,2014-05-11,0124,Terra,MODIS,90,6.2,305.3,40.4,D,0
-21.1354,132.1396,322,1,1,2014-05-11,0124,Terra,MODIS,68,6.2,304.5,10.1,D,0
-20.4815,132.5004,317.5,1,1,2014-05-11,0124,Terra,MODIS,30,6.2,303.7,5.3,D,0
-20.649,132.3301,319.4,1,1,2014-05-11,0124,Terra,MODIS,62,6.2,301.6,8.7,D,0
-20.6505,132.3398,327.2,1,1,2014-05-11,0124,Terra,MODIS,77,6.2,301.8,16.6,D,0
-20.6533,132.4191,324,1,1,2014-05-11,0124,Terra,MODIS,66,6.2,304.8,10.8,D,0
-18.9935,126.3798,320,2.4,1.5,2014-05-11,0124,Terra,MODIS,65,6.2,301.6,28,D,0
-22.8657,122.8596,310.2,3.5,1.8,2014-05-11,0125,Terra,MODIS,58,6.2,294.9,35.7,D,0
-36.2959,148.7396,307.5,1,1,2014-05-11,0405,Aqua,MODIS,66,6.2,288,8.2,D,0
-36.2976,148.7285,309.1,1,1,2014-05-11,0405,Aqua,MODIS,68,6.2,290.2,9.1,D,0
-38.3096,141.4385,308,2.1,1.4,2014-05-11,0405,Aqua,MODIS,66,6.2,286.2,27.3,D,0
-35.9346,150.0427,303.7,1,1,2014-05-11,0405,Aqua,MODIS,57,6.2,290.6,5.3,D,0
-36.6956,149.894,300.4,1,1,2014-05-11,0405,Aqua,MODIS,36,6.2,289.9,3.9,D,0
-35.9328,150.0541,311.4,1,1,2014-05-11,0405,Aqua,MODIS,71,6.2,291.3,10.4,D,0
-34.5944,144.4235,341.2,1.3,1.1,2014-05-11,0406,Aqua,MODIS,92,6.2,299.6,57.6,D,0
-34.4664,150.8836,311.7,1.1,1.1,2014-05-11,0406,Aqua,MODIS,52,6.2,291.3,13.2,D,2
-34.5843,144.4218,313.7,1.3,1.1,2014-05-11,0406,Aqua,MODIS,65,6.2,295.1,12,D,0
-34.5928,144.4373,386,1.3,1.1,2014-05-11,0406,Aqua,MODIS,94,6.2,297.4,245.3,D,0
-34.5828,144.4356,320.6,1.3,1.1,2014-05-11,0406,Aqua,MODIS,75,6.2,292.5,21.1,D,0
-28.2216,149.3489,309,1.2,1.1,2014-05-11,0407,Aqua,MODIS,33,6.2,292.6,6.6,D,0
-28.2197,149.3609,316,1.2,1.1,2014-05-11,0407,Aqua,MODIS,68,6.2,293.2,13,D,0
-28.2218,149.3547,329.4,1.2,1.1,2014-05-11,0407,Aqua,MODIS,83,6.2,293.9,29.6,D,0
-27.3437,150.9985,313,1.5,1.2,2014-05-11,0407,Aqua,MODIS,66,6.2,298.3,12.2,D,0
-26.6404,150.666,323.6,1.5,1.2,2014-05-11,0408,Aqua,MODIS,80,6.2,297.7,30.1,D,0
-26.003,152.8669,311.3,2.1,1.4,2014-05-11,0408,Aqua,MODIS,64,6.2,291.2,28.9,D,0
-26.0068,152.853,309.8,2.1,1.4,2014-05-11,0408,Aqua,MODIS,54,6.2,291.1,23.2,D,0
-20.7418,139.4749,322,1.7,1.3,2014-05-11,0410,Aqua,MODIS,45,6.2,304.3,16.1,D,2
-16.2532,137.4713,315.2,2,1.4,2014-05-11,0411,Aqua,MODIS,56,6.2,300.9,16.4,D,0
-14.8776,143.0781,314.6,1,1,2014-05-11,0411,Aqua,MODIS,54,6.2,299.9,5.1,D,0
-16.3976,137.5769,323.7,2,1.4,2014-05-11,0411,Aqua,MODIS,74,6.2,303.7,34.1,D,0
-15.4382,141.8315,317.2,1.1,1,2014-05-11,0411,Aqua,MODIS,58,6.2,304.9,6,D,0
-16.4275,137.429,318.5,2,1.4,2014-05-11,0411,Aqua,MODIS,65,6.2,302.3,19.8,D,0
-15.4459,141.8293,324.3,1.1,1,2014-05-11,0411,Aqua,MODIS,69,6.2,305.6,13.7,D,0
-16.3954,137.5956,334.4,2,1.4,2014-05-11,0411,Aqua,MODIS,85,6.2,304.3,71,D,0
-16.6147,137.5076,324.3,2,1.4,2014-05-11,0411,Aqua,MODIS,62,6.2,304.5,34.1,D,0
-16.6136,137.5023,328.1,2,1.4,2014-05-11,0411,Aqua,MODIS,79,6.2,304.1,46.9,D,0
-16.5989,137.5198,318.9,2,1.4,2014-05-11,0411,Aqua,MODIS,65,6.2,303,21,D,0
-16.6011,137.5007,324.2,2,1.4,2014-05-11,0411,Aqua,MODIS,74,6.2,302.9,36.1,D,0
-16.7629,137.4552,316.2,2.1,1.4,2014-05-11,0411,Aqua,MODIS,56,6.2,303.4,13.4,D,0
-16.6421,137.3749,320.7,2.1,1.4,2014-05-11,0411,Aqua,MODIS,69,6.2,304.5,25.4,D,0
-16.6168,137.3666,324.4,2.1,1.4,2014-05-11,0411,Aqua,MODIS,75,6.2,303.6,36,D,0
-16.642,137.3698,322.5,2.1,1.4,2014-05-11,0411,Aqua,MODIS,71,6.2,304.1,29.4,D,0
-14.1375,133.6208,308.4,3.7,1.8,2014-05-11,0412,Aqua,MODIS,35,6.2,283.6,39.7,D,0
-13.2565,132.2661,311.1,4.6,2,2014-05-11,0412,Aqua,MODIS,58,6.2,289.8,54.1,D,0
-13.1478,131.9363,315.1,4.8,2,2014-05-11,0412,Aqua,MODIS,67,6.2,291.6,85.9,D,0
-13.9011,132.1176,309.8,4.8,2,2014-05-11,0412,Aqua,MODIS,52,6.2,284.6,51.5,D,0
-13.146,131.9445,313.2,4.8,2,2014-05-11,0412,Aqua,MODIS,61,6.2,291.5,71.3,D,0
-12.537,141.9475,310.7,1,1,2014-05-11,0412,Aqua,MODIS,49,6.2,285.4,6.2,D,0
-32.6336,116.751,311.1,1.8,1.3,2014-05-11,0545,Aqua,MODIS,64,6.2,292.8,21,D,0
-33.7911,119.504,317.6,1.3,1.1,2014-05-11,0545,Aqua,MODIS,77,6.2,292.9,19.2,D,0
-33.7117,117.6729,308,1.6,1.2,2014-05-11,0545,Aqua,MODIS,55,6.2,291.1,13,D,0
-32.8734,117.7719,330,1.5,1.2,2014-05-11,0545,Aqua,MODIS,82,6.2,292.5,50.1,D,0
-32.8751,117.7553,315.5,1.5,1.2,2014-05-11,0545,Aqua,MODIS,72,6.2,294.2,21.3,D,0
-32.8736,117.7668,327.7,1.5,1.2,2014-05-11,0545,Aqua,MODIS,80,6.2,294.3,44,D,0
-34.0684,118.0742,303.7,1.5,1.2,2014-05-11,0545,Aqua,MODIS,12,6.2,290.7,6,D,0
-33.8546,117.2457,316.6,1.7,1.3,2014-05-11,0545,Aqua,MODIS,77,6.2,294,28.6,D,0
-34.0969,118.2283,317.7,1.5,1.2,2014-05-11,0545,Aqua,MODIS,78,6.2,295.1,21.5,D,0
-33.4969,116.6249,309.9,1.8,1.3,2014-05-11,0545,Aqua,MODIS,69,6.2,292.7,19.7,D,0
-33.4951,116.6445,338.3,1.8,1.3,2014-05-11,0545,Aqua,MODIS,86,6.2,291.1,94.5,D,0
-33.5786,117.1721,309.9,1.7,1.3,2014-05-11,0545,Aqua,MODIS,69,6.2,292.7,15.8,D,0
-34.0994,118.2176,312.9,1.5,1.2,2014-05-11,0545,Aqua,MODIS,73,6.2,295.8,16.8,D,0
-34.0977,118.2338,312.4,1.5,1.2,2014-05-11,0545,Aqua,MODIS,72,6.2,294.6,15.4,D,0
-33.3449,123.0004,325.2,1,1,2014-05-11,0545,Aqua,MODIS,83,6.2,294.4,21.8,D,0
-34.423,117.6971,307.8,1.6,1.3,2014-05-11,0545,Aqua,MODIS,65,6.2,291.2,12.4,D,0
-33.8357,116.8726,307.7,1.8,1.3,2014-05-11,0545,Aqua,MODIS,65,6.2,292.1,15.7,D,0
-33.5567,118.1786,324.5,1.5,1.2,2014-05-11,0545,Aqua,MODIS,63,6.2,289.2,38.3,D,0
-33.5206,122.9268,326.7,1,1,2014-05-11,0545,Aqua,MODIS,82,6.2,299.4,21,D,0
-33.1113,117.315,307.9,1.6,1.3,2014-05-11,0545,Aqua,MODIS,60,6.2,291.7,15,D,0
-33.5581,118.1841,333,1.5,1.2,2014-05-11,0545,Aqua,MODIS,77,6.2,290.5,56.9,D,0
-33.1096,117.3327,311.2,1.6,1.3,2014-05-11,0545,Aqua,MODIS,67,6.2,290.8,19.8,D,0
-33.555,118.1947,316.3,1.5,1.2,2014-05-11,0545,Aqua,MODIS,77,6.2,287.5,23.7,D,0
-31.7124,117.2521,310.5,1.6,1.2,2014-05-11,0546,Aqua,MODIS,60,6.2,294.7,13.6,D,0
-30.8662,121.4893,317.6,1,1,2014-05-11,0546,Aqua,MODIS,75,6.2,298.9,11.8,D,2
-30.5686,116.1904,319.8,1.8,1.3,2014-05-11,0546,Aqua,MODIS,49,6.2,294.8,30.9,D,0
-22.8701,122.8364,320.4,1.1,1.1,2014-05-11,0548,Aqua,MODIS,43,6.2,308.1,7.3,D,0
-20.1151,127.9136,324.3,2.8,1.6,2014-05-11,0548,Aqua,MODIS,65,6.2,306.2,36.7,D,0
-22.8797,122.8382,328,1.1,1.1,2014-05-11,0548,Aqua,MODIS,76,6.2,308.5,17.8,D,0
-20.1166,127.9191,324.1,2.8,1.6,2014-05-11,0548,Aqua,MODIS,64,6.2,306.2,36.3,D,0
-18.8382,128.6239,319.4,3.3,1.7,2014-05-11,0548,Aqua,MODIS,57,6.2,302.2,40.7,D,0
-18.8438,128.6203,319.4,3.3,1.7,2014-05-11,0548,Aqua,MODIS,57,6.2,302.1,42,D,0
-20.6399,131.2882,342.4,4.7,2,2014-05-11,0548,Aqua,MODIS,90,6.2,302.8,346.5,D,0
-20.5865,131.3601,319,4.7,2,2014-05-11,0548,Aqua,MODIS,45,6.2,301.3,74.6,D,0
-20.6312,131.3244,350.2,4.7,2,2014-05-11,0548,Aqua,MODIS,95,6.2,302.1,480.9,D,0
-20.6405,131.2803,332.9,4.7,2,2014-05-11,0548,Aqua,MODIS,82,6.2,302.6,196.5,D,0
-20.595,131.3236,325.1,4.7,2,2014-05-11,0548,Aqua,MODIS,72,6.2,301.3,128.9,D,0
-20.6303,131.3323,344.1,4.7,2,2014-05-11,0548,Aqua,MODIS,91,6.2,301.7,377.5,D,0
-20.5959,131.3156,321.9,4.7,2,2014-05-11,0548,Aqua,MODIS,57,6.2,301,97.1,D,0
-20.6427,131.434,320.7,4.8,2,2014-05-11,0548,Aqua,MODIS,38,6.2,301.5,87.9,D,0
-15.7619,128.4283,320.7,3.7,1.8,2014-05-11,0549,Aqua,MODIS,47,6.2,300.8,52,D,0
-16.2876,126.1757,317.9,2.5,1.5,2014-05-11,0549,Aqua,MODIS,50,6.2,302.1,23.5,D,0
-15.7719,128.426,326,3.7,1.8,2014-05-11,0549,Aqua,MODIS,75,6.2,301.1,90.5,D,0
-15.7269,128.487,319.5,3.8,1.8,2014-05-11,0549,Aqua,MODIS,41,6.2,301.8,40.8,D,0
-15.7954,129.0846,317,4.1,1.9,2014-05-11,0549,Aqua,MODIS,54,6.2,298.5,45.5,D,0
-15.7788,129.0803,318,4.1,1.9,2014-05-11,0549,Aqua,MODIS,59,6.2,299,53.6,D,0
-16.0263,126.1786,319.4,2.5,1.5,2014-05-11,0549,Aqua,MODIS,57,6.2,302.2,26.5,D,0
-15.9479,126.3815,320.6,2.6,1.5,2014-05-11,0549,Aqua,MODIS,67,6.2,302.2,36.6,D,0
-17.6424,126.5231,320.9,2.4,1.5,2014-05-11,0549,Aqua,MODIS,45,6.2,305.1,23.5,D,0
-15.9521,126.358,315.9,2.6,1.5,2014-05-11,0549,Aqua,MODIS,43,6.2,301.6,19.8,D,0
-16.9154,126.1649,319.8,2.4,1.5,2014-05-11,0549,Aqua,MODIS,30,6.2,304.7,20.7,D,0
-17.4905,124.4655,321.2,1.7,1.3,2014-05-11,0549,Aqua,MODIS,60,6.2,301.1,17.6,D,0
-17.502,124.4677,320.2,1.7,1.3,2014-05-11,0549,Aqua,MODIS,55,6.2,302.5,14.5,D,0
-15.9522,126.387,319.4,2.6,1.5,2014-05-11,0549,Aqua,MODIS,42,6.2,302.8,29.1,D,0
-15.9565,126.3637,320.8,2.6,1.5,2014-05-11,0549,Aqua,MODIS,58,6.2,302.3,34.9,D,0
-16.0235,126.2309,316.7,2.5,1.5,2014-05-11,0549,Aqua,MODIS,46,6.2,302.1,21.4,D,0
-17.4985,124.4738,324.8,1.7,1.3,2014-05-11,0549,Aqua,MODIS,69,6.2,302.5,23.8,D,0
-16.7988,125.9674,320.9,2.3,1.5,2014-05-11,0549,Aqua,MODIS,34,6.2,304.9,22.1,D,0
-19.0035,126.356,330,2.2,1.4,2014-05-11,0549,Aqua,MODIS,77,6.2,304.6,49,D,0
-19.0053,126.3489,328.1,2.2,1.4,2014-05-11,0549,Aqua,MODIS,72,6.2,304.7,39.5,D,0
-16.794,125.9711,320.9,2.3,1.5,2014-05-11,0549,Aqua,MODIS,55,6.2,305.2,24.1,D,0
-15.299,125.734,318.6,2.4,1.5,2014-05-11,0550,Aqua,MODIS,65,6.2,301,29.9,D,0
-14.3414,126.534,314.8,2.9,1.6,2014-05-11,0550,Aqua,MODIS,26,6.2,294.7,28.5,D,0
-14.356,126.5358,314.5,2.9,1.6,2014-05-11,0550,Aqua,MODIS,26,6.2,293.9,27.6,D,0
-14.3631,126.518,315.6,2.8,1.6,2014-05-11,0550,Aqua,MODIS,33,6.2,292.7,32.9,D,0
-15.0107,126.2369,332.2,2.6,1.6,2014-05-11,0550,Aqua,MODIS,81,6.2,298.2,94.9,D,0
-15.1917,127.3393,319.6,3.2,1.7,2014-05-11,0550,Aqua,MODIS,67,6.2,300.7,42.9,D,0
-14.2477,126.145,320.8,2.7,1.6,2014-05-11,0550,Aqua,MODIS,73,6.2,296.5,49.6,D,0
-14.2387,126.1609,319.8,2.7,1.6,2014-05-11,0550,Aqua,MODIS,68,6.2,295.8,49.6,D,0
-14.2431,126.136,328.3,2.7,1.6,2014-05-11,0550,Aqua,MODIS,71,6.2,296.7,87.1,D,0
-14.6006,127.3924,315.7,3.3,1.7,2014-05-11,0550,Aqua,MODIS,60,6.2,299.4,27.3,D,0
-14.9637,126.2204,325.1,2.6,1.6,2014-05-11,0550,Aqua,MODIS,44,6.2,298.5,58.8,D,0
-15.0369,127.2663,319.2,3.1,1.7,2014-05-11,0550,Aqua,MODIS,67,6.2,298.3,47.5,D,0
-15.0387,126.7459,322.1,2.9,1.6,2014-05-11,0550,Aqua,MODIS,72,6.2,300.8,54,D,0
-14.1968,126.4213,310.3,2.8,1.6,2014-05-11,0550,Aqua,MODIS,16,6.2,291,16.1,D,0
-15.0615,126.3783,338.5,2.7,1.6,2014-05-11,0550,Aqua,MODIS,88,6.2,299.6,137.5,D,0
-15.0425,126.3238,343.2,2.7,1.6,2014-05-11,0550,Aqua,MODIS,91,6.2,300.4,168.2,D,0
-15.0469,126.2997,320.7,2.7,1.6,2014-05-11,0550,Aqua,MODIS,30,6.2,297.9,41,D,0
-15.0545,126.3971,328.7,2.7,1.6,2014-05-11,0550,Aqua,MODIS,80,6.2,299.5,80.6,D,0
-15.0588,126.3726,337.4,2.7,1.6,2014-05-11,0550,Aqua,MODIS,88,6.2,299.9,129.8,D,0
-15.0395,126.3181,339.2,2.7,1.6,2014-05-11,0550,Aqua,MODIS,89,6.2,300.1,138,D,0
-15.0299,126.2909,330.2,2.7,1.6,2014-05-11,0550,Aqua,MODIS,69,6.2,299.3,81,D,0
-15.4296,126.2234,320,2.6,1.5,2014-05-11,0550,Aqua,MODIS,19,6.2,300.6,32.6,D,0
-15.4582,126.2733,321.3,2.6,1.5,2014-05-11,0550,Aqua,MODIS,19,6.2,300.4,36.5,D,0
-15.0935,127.9973,322.8,3.6,1.8,2014-05-11,0550,Aqua,MODIS,52,6.2,298.7,64.4,D,0
-15.0549,128.0114,320.6,3.6,1.8,2014-05-11,0550,Aqua,MODIS,15,6.2,300.6,45.7,D,0
-15.4572,126.2284,325.4,2.6,1.5,2014-05-11,0550,Aqua,MODIS,69,6.2,301.1,54.9,D,0
-14.968,126.1963,323.7,2.6,1.6,2014-05-11,0550,Aqua,MODIS,47,6.2,297.4,54.3,D,0
-14.6281,127.4054,323.1,3.3,1.7,2014-05-11,0550,Aqua,MODIS,75,6.2,300.1,66.9,D,0
-15.0851,126.4081,318.9,2.7,1.6,2014-05-11,0550,Aqua,MODIS,62,6.2,298.8,37.8,D,0
-15.0867,126.7282,316,2.9,1.6,2014-05-11,0550,Aqua,MODIS,53,6.2,300.5,26.4,D,0
-14.7824,128.0471,318,3.6,1.8,2014-05-11,0550,Aqua,MODIS,60,6.2,299.3,48,D,0
-15.0889,126.7361,315.8,2.9,1.6,2014-05-11,0550,Aqua,MODIS,54,6.2,300.7,25.8,D,0
-15.057,126.4028,327.8,2.7,1.6,2014-05-11,0550,Aqua,MODIS,74,6.2,299.5,74.2,D,0
-15.4614,126.205,319.9,2.6,1.5,2014-05-11,0550,Aqua,MODIS,28,6.2,300.5,33.1,D,0
-14.1942,126.4129,311.2,2.8,1.6,2014-05-11,0550,Aqua,MODIS,42,6.2,290.7,20.5,D,0
-15.316,126.389,318.3,2.7,1.6,2014-05-11,0550,Aqua,MODIS,42,6.2,300.6,30,D,0
-14.9226,126.1831,318,2.6,1.6,2014-05-11,0550,Aqua,MODIS,52,6.2,299,32.9,D,0
-15.172,126.2051,316.9,2.6,1.5,2014-05-11,0550,Aqua,MODIS,61,6.2,300.8,30.7,D,0
-15.4636,126.4305,328.1,2.7,1.6,2014-05-11,0550,Aqua,MODIS,79,6.2,303,68.4,D,0
-15.4496,126.4278,317.7,2.7,1.6,2014-05-11,0550,Aqua,MODIS,32,6.2,302.1,25.7,D,0
-15.3393,126.3756,330.7,2.7,1.6,2014-05-11,0550,Aqua,MODIS,82,6.2,301.2,84.6,D,0
-15.3208,126.3975,317,2.7,1.6,2014-05-11,0550,Aqua,MODIS,27,6.2,300.8,26.1,D,0
-15.3253,126.373,322.1,2.7,1.6,2014-05-11,0550,Aqua,MODIS,70,6.2,300,45.9,D,0
-15.1971,127.3104,328.7,3.1,1.7,2014-05-11,0550,Aqua,MODIS,80,6.2,300.2,95.1,D,0
-15.0343,126.2662,326.4,2.6,1.6,2014-05-11,0550,Aqua,MODIS,52,6.2,298.5,64.2,D,0
-14.8001,127.78,317.4,3.5,1.8,2014-05-11,0550,Aqua,MODIS,63,6.2,299.9,39.1,D,0
-15.4622,126.2792,315.7,2.6,1.5,2014-05-11,0550,Aqua,MODIS,19,6.2,300.8,19.5,D,0
-15.3386,126.3427,332.8,2.6,1.6,2014-05-11,0550,Aqua,MODIS,84,6.2,300.2,96.1,D,0
-15.3343,126.3671,336.8,2.7,1.6,2014-05-11,0550,Aqua,MODIS,87,6.2,301,120.5,D,0
-15.3438,126.3512,338.5,2.6,1.6,2014-05-11,0550,Aqua,MODIS,88,6.2,301.3,132.3,D,0
-14.8062,127.7483,321.3,3.4,1.7,2014-05-11,0550,Aqua,MODIS,71,6.2,299.1,63.2,D,0
-14.8076,127.7762,318.3,3.5,1.8,2014-05-11,0550,Aqua,MODIS,66,6.2,299.6,44.3,D,0
-14.8135,127.7443,318.8,3.4,1.7,2014-05-11,0550,Aqua,MODIS,67,6.2,298.8,48.1,D,0
-14.9377,126.7204,315.4,2.9,1.6,2014-05-11,0550,Aqua,MODIS,42,6.2,298.2,24.9,D,0
-14.928,126.6914,317.3,2.9,1.6,2014-05-11,0550,Aqua,MODIS,64,6.2,299.3,32,D,0
-31.3438,147.6986,300.1,2.4,1.5,2014-05-11,1331,Terra,MODIS,15,6.2,281,24.5,N,0
-18.2074,132.6064,304.1,1.4,1.2,2014-05-11,1335,Terra,MODIS,59,6.2,291.9,7.6,N,0
-20.6562,132.349,301.3,1.5,1.2,2014-05-11,1335,Terra,MODIS,40,6.2,289.5,8.6,N,0
-20.6719,132.3279,320.7,1.5,1.2,2014-05-11,1335,Terra,MODIS,100,6.2,290.4,34.8,N,0
-20.6736,132.3132,328.4,1.5,1.2,2014-05-11,1335,Terra,MODIS,100,6.2,290.9,51.7,N,0
-20.6707,132.3213,333.5,1.5,1.2,2014-05-11,1335,Terra,MODIS,100,6.2,291.8,62.7,N,0
-20.6725,132.3067,310.4,1.5,1.2,2014-05-11,1335,Terra,MODIS,80,6.2,290.2,19.4,N,0
-20.658,132.3344,301.5,1.5,1.2,2014-05-11,1335,Terra,MODIS,42,6.2,290.3,8.5,N,0
-20.6517,131.3006,308.9,1.8,1.3,2014-05-11,1335,Terra,MODIS,76,6.2,290.4,21.8,N,0
-20.4533,132.4271,302.1,1.5,1.2,2014-05-11,1335,Terra,MODIS,47,6.2,289.9,10.3,N,0
-20.6458,132.4358,301,1.5,1.2,2014-05-11,1335,Terra,MODIS,36,6.2,289.8,8.4,N,0
-18.2089,132.5935,304.1,1.4,1.2,2014-05-11,1335,Terra,MODIS,59,6.2,292.3,7.7,N,0
-14.0893,132.7556,308.9,1.2,1.1,2014-05-11,1336,Terra,MODIS,76,6.2,295,9.2,N,0
-14.0879,132.7666,307.3,1.2,1.1,2014-05-11,1336,Terra,MODIS,71,6.2,294.9,7.6,N,0
-15.0752,128.0411,305.3,2.6,1.6,2014-05-11,1336,Terra,MODIS,57,6.2,284.5,20.8,N,0
-15.08,128.0465,305.7,2.6,1.6,2014-05-11,1336,Terra,MODIS,46,6.2,286,22.4,N,0
-15.7728,129.069,307.5,2.2,1.5,2014-05-11,1336,Terra,MODIS,72,6.2,294,21.4,N,0
-15.7702,129.0752,306.4,2.2,1.5,2014-05-11,1336,Terra,MODIS,68,6.2,294,19.4,N,0
-12.529,141.9494,306.5,2.3,1.5,2014-05-11,1336,Terra,MODIS,46,6.2,292.1,21.2,N,0
-14.8565,132.0312,309.9,1.3,1.1,2014-05-11,1336,Terra,MODIS,78,6.2,293.9,12.6,N,0
-13.88,130.6504,311.3,1.6,1.2,2014-05-11,1337,Terra,MODIS,82,6.2,294.3,18.2,N,0
-13.0511,132.0561,304.1,1.3,1.1,2014-05-11,1337,Terra,MODIS,58,6.2,293.5,5.5,N,0
-31.3383,147.7048,304.2,1.4,1.2,2014-05-11,1507,Aqua,MODIS,59,6.2,282.2,15.3,N,0
-34.0803,118.0668,308.2,1.1,1.1,2014-05-11,1510,Terra,MODIS,74,6.2,281.2,13.4,N,0
-34.0898,118.0691,304.6,1.1,1.1,2014-05-11,1510,Terra,MODIS,61,6.2,280.9,10.6,N,0
-34.1027,118.1099,301.4,1.1,1.1,2014-05-11,1510,Terra,MODIS,41,6.2,282.1,8.7,N,0
-34.0933,118.1076,325.7,1.1,1.1,2014-05-11,1510,Terra,MODIS,100,6.2,283.1,31.6,N,0
-24.5766,121.7506,306.8,2.8,1.6,2014-05-11,1512,Terra,MODIS,69,6.2,282.8,47.7,N,0
-24.5753,121.7435,301.5,2.8,1.6,2014-05-11,1512,Terra,MODIS,41,6.2,282.9,33.4,N,0
-15.1939,131.0388,303.7,1,1,2014-05-11,1641,Aqua,MODIS,56,6.2,292.9,4.7,N,0
-15.0605,128.0791,305,1.3,1.1,2014-05-11,1641,Aqua,MODIS,36,6.2,294.5,6,N,0
-15.0736,128.0453,307,1.3,1.1,2014-05-11,1641,Aqua,MODIS,36,6.2,294.5,7.6,N,0
-15.0751,128.0397,309,1.3,1.1,2014-05-11,1641,Aqua,MODIS,76,6.2,294.7,9.8,N,0
-15.9358,126.5256,303.8,1.6,1.2,2014-05-11,1641,Aqua,MODIS,57,6.2,290.7,11.9,N,0
-14.1372,130.9924,301.7,1,1,2014-05-11,1641,Aqua,MODIS,37,6.2,288.5,4.6,N,0
-14.1386,131.0016,310.5,1,1,2014-05-11,1641,Aqua,MODIS,80,6.2,289.3,10.1,N,0
-15.8276,126.6403,303.9,1.6,1.2,2014-05-11,1641,Aqua,MODIS,57,6.2,290.3,12.5,N,0
-14.861,132.029,304.5,1,1,2014-05-11,1641,Aqua,MODIS,60,6.2,293.3,5.5,N,0
-14.1296,131.0031,315.9,1,1,2014-05-11,1641,Aqua,MODIS,92,6.2,288.1,14.9,N,0
-14.131,131.0123,301.8,1,1,2014-05-11,1641,Aqua,MODIS,29,6.2,289.3,4.7,N,0
-14.0936,132.7706,310.2,1,1,2014-05-11,1641,Aqua,MODIS,79,6.2,293.1,9.8,N,0
-14.0922,132.7611,312.1,1,1,2014-05-11,1641,Aqua,MODIS,84,6.2,293.3,11.1,N,0
-14.8417,131.0234,304.5,1,1,2014-05-11,1641,Aqua,MODIS,61,6.2,294.4,4.7,N,0
-20.6469,131.474,300.3,1,1,2014-05-11,1642,Aqua,MODIS,25,6.2,290.2,4.7,N,0
-20.6556,132.3399,310.9,1.1,1.1,2014-05-11,1642,Aqua,MODIS,81,6.2,289.8,13,N,0
-24.4906,121.8506,301.6,2.3,1.5,2014-05-11,1644,Aqua,MODIS,43,6.2,284.3,24.7,N,0
-24.4981,121.8413,308.3,2.3,1.5,2014-05-11,1644,Aqua,MODIS,74,6.2,284.8,37,N,0
-16.1692,144.623,312.2,1.3,1.1,2014-05-12,0027,Terra,MODIS,61,6.2,297,9,D,0
-16.1712,144.6356,310.9,1.3,1.1,2014-05-12,0027,Terra,MODIS,57,6.2,297.2,7.6,D,0
-12.5354,141.951,307.6,2.4,1.5,2014-05-12,0027,Terra,MODIS,53,6.2,282.9,18.3,D,0
-12.5297,141.9451,307.7,2.4,1.5,2014-05-12,0027,Terra,MODIS,59,6.2,282.8,20.3,D,0
-23.4528,148.9317,319.4,1.1,1.1,2014-05-12,0029,Terra,MODIS,73,6.2,299.9,12.4,D,0
-24.7964,147.6866,316.7,1.1,1,2014-05-12,0030,Terra,MODIS,58,6.2,294.6,12.4,D,0
-24.807,147.6955,323.2,1.1,1,2014-05-12,0030,Terra,MODIS,79,6.2,294.8,19,D,0
-24.8056,147.6852,314.1,1.1,1,2014-05-12,0030,Terra,MODIS,63,6.2,294.1,10,D,0
-27.4833,150.4932,316.2,1.6,1.2,2014-05-12,0030,Terra,MODIS,71,6.2,296.5,19.3,D,0
-26.715,145.7938,317.4,1,1,2014-05-12,0030,Terra,MODIS,44,6.2,299.3,8.9,D,0
-27.4851,150.5089,309.3,1.6,1.2,2014-05-12,0030,Terra,MODIS,57,6.2,296.5,9.3,D,0
-26.6774,150.516,309.1,1.5,1.2,2014-05-12,0030,Terra,MODIS,53,6.2,297.4,8.3,D,0
-26.68,150.5247,309.4,1.5,1.2,2014-05-12,0030,Terra,MODIS,52,6.2,297.1,9,D,0
-30.7758,152.474,301.5,2.3,1.5,2014-05-12,0031,Terra,MODIS,34,6.2,286.7,14.1,D,0
-28.7426,147.0951,314.9,1.1,1,2014-05-12,0031,Terra,MODIS,66,6.2,297.9,9.9,D,0
-28.6399,149.2231,321.3,1.3,1.1,2014-05-12,0031,Terra,MODIS,76,6.2,298.9,21,D,0
-28.6415,149.2369,308.7,1.3,1.2,2014-05-12,0031,Terra,MODIS,29,6.2,296.6,4.9,D,0
-29.1927,148.9099,311.4,1.3,1.1,2014-05-12,0031,Terra,MODIS,60,6.2,298.4,6.8,D,0
-29.3109,153.1174,303.5,2.5,1.5,2014-05-12,0031,Terra,MODIS,53,6.2,290.5,20.8,D,0
-31.5566,147.7273,334.6,1.2,1.1,2014-05-12,0031,Terra,MODIS,89,6.2,293.9,44.3,D,0
-31.557,147.7331,324.4,1.2,1.1,2014-05-12,0031,Terra,MODIS,83,6.2,292.6,27.7,D,0
-31.5554,147.7203,343.5,1.2,1.1,2014-05-12,0031,Terra,MODIS,93,6.2,294.1,63.8,D,0
-31.5551,147.7145,316.6,1.2,1.1,2014-05-12,0031,Terra,MODIS,77,6.2,293.3,16.8,D,0
-33.939,147.4624,304.7,1.3,1.1,2014-05-12,0032,Terra,MODIS,60,6.2,290.2,6.7,D,0
-37.8348,144.7923,303.2,1.1,1,2014-05-12,0033,Terra,MODIS,52,6.2,288.9,5.2,D,0
-36.5189,141.2271,301.2,1.1,1,2014-05-12,0033,Terra,MODIS,45,6.2,288.7,4.5,D,0
-36.3563,140.2849,301.3,1.1,1.1,2014-05-12,0033,Terra,MODIS,46,6.2,288.2,5.2,D,0
-36.3582,140.2784,300.1,1.1,1.1,2014-05-12,0033,Terra,MODIS,28,6.2,288.6,4.6,D,0
-37.9368,144.6523,301.1,1.1,1,2014-05-12,0033,Terra,MODIS,44,6.2,288.6,5,D,0
-38.3833,146.5561,315.5,1.3,1.1,2014-05-12,0033,Terra,MODIS,0,6.2,281.6,22.8,D,0
-38.3818,146.5422,310.4,1.3,1.1,2014-05-12,0033,Terra,MODIS,0,6.2,282,17,D,0
-38.2188,142.9716,305.9,1,1,2014-05-12,0033,Terra,MODIS,62,6.2,284.1,7.9,D,0
-14.5296,131.5738,320.7,2.7,1.6,2014-05-12,0205,Terra,MODIS,47,6.2,300.1,33.1,D,0
-14.415,132.8544,314.7,3.4,1.7,2014-05-12,0205,Terra,MODIS,56,6.2,299.6,31.7,D,0
-13.2598,131.326,315.2,2.5,1.5,2014-05-12,0205,Terra,MODIS,61,6.2,289.1,23.3,D,0
-13.2487,131.3503,315.6,2.5,1.5,2014-05-12,0205,Terra,MODIS,26,6.2,288.2,21,D,0
-13.2461,131.3277,333.9,2.5,1.5,2014-05-12,0205,Terra,MODIS,87,6.2,290.1,98.8,D,0
-13.2531,131.3338,328.8,2.5,1.5,2014-05-12,0205,Terra,MODIS,83,6.2,289.4,72.9,D,0
-13.8292,130.8404,328.4,2.3,1.5,2014-05-12,0205,Terra,MODIS,81,6.2,298.8,60.9,D,0
-13.828,130.8564,317.8,2.3,1.5,2014-05-12,0205,Terra,MODIS,51,6.2,297.5,23.6,D,0
-14.1831,131.8787,314.4,2.8,1.6,2014-05-12,0205,Terra,MODIS,50,6.2,297.8,22.7,D,0
-14.2492,130.4545,315.6,2.2,1.4,2014-05-12,0205,Terra,MODIS,28,6.2,300,16.4,D,0
-14.2362,130.4564,319.6,2.2,1.4,2014-05-12,0205,Terra,MODIS,67,6.2,299.4,27.4,D,0
-14.238,130.4627,316.8,2.2,1.4,2014-05-12,0205,Terra,MODIS,40,6.2,299.5,18.6,D,0
-14.2678,130.3908,316.2,2.2,1.4,2014-05-12,0205,Terra,MODIS,61,6.2,298.8,22.2,D,0
-13.2395,131.3354,322.4,2.5,1.5,2014-05-12,0205,Terra,MODIS,77,6.2,290.2,47.4,D,0
-13.0298,131.0292,308.8,2.3,1.5,2014-05-12,0205,Terra,MODIS,38,6.2,287.2,13.2,D,0
-13.0342,131.0353,310.6,2.3,1.5,2014-05-12,0205,Terra,MODIS,51,6.2,288.7,16.7,D,0
-14.1442,130.9985,328.7,2.4,1.5,2014-05-12,0205,Terra,MODIS,81,6.2,300.4,65.8,D,0
-13.8255,130.8352,324.3,2.3,1.5,2014-05-12,0205,Terra,MODIS,74,6.2,298.6,43.8,D,0
-14.1416,130.9764,360.5,2.4,1.5,2014-05-12,0205,Terra,MODIS,100,6.2,301.4,283.8,D,0
-14.1336,130.9841,337.8,2.4,1.5,2014-05-12,0205,Terra,MODIS,88,6.2,303,111.5,D,0
-12.3638,132.1166,313.5,2.8,1.6,2014-05-12,0205,Terra,MODIS,62,6.2,297.5,23.5,D,0
-14.2024,131.8962,315.1,2.8,1.6,2014-05-12,0205,Terra,MODIS,27,6.2,298.2,24.2,D,0
-14.2006,131.9032,314.5,2.8,1.6,2014-05-12,0205,Terra,MODIS,48,6.2,298.4,22.9,D,0
-14.8519,127.7465,322.2,1.4,1.2,2014-05-12,0206,Terra,MODIS,66,6.2,303.3,13.7,D,0
-15.7384,126.3594,339,1.2,1.1,2014-05-12,0206,Terra,MODIS,88,6.2,302.1,40.5,D,0
-14.9268,126.6953,318.7,1.2,1.1,2014-05-12,0206,Terra,MODIS,52,6.2,302.6,8.5,D,0
-15.7399,126.3705,318.4,1.2,1.1,2014-05-12,0206,Terra,MODIS,44,6.2,302.5,6.9,D,0
-14.9169,126.6968,329,1.2,1.1,2014-05-12,0206,Terra,MODIS,79,6.2,302.6,22.6,D,0
-15.8426,126.6108,364.4,1.2,1.1,2014-05-12,0206,Terra,MODIS,100,6.2,305.2,119.1,D,0
-15.8327,126.6122,361,1.2,1.1,2014-05-12,0206,Terra,MODIS,100,6.2,305.5,105.4,D,0
-15.9424,126.3638,334.6,1.2,1.1,2014-05-12,0206,Terra,MODIS,85,6.2,304,34.2,D,0
-15.8311,126.6006,359.4,1.2,1.1,2014-05-12,0206,Terra,MODIS,99,6.2,302,100.5,D,0
-15.8227,126.6136,386.8,1.2,1.1,2014-05-12,0206,Terra,MODIS,100,6.2,305.9,237,D,0
-15.0744,127.7174,322,1.4,1.2,2014-05-12,0206,Terra,MODIS,69,6.2,302.5,15.4,D,0
-14.9709,127.7912,320,1.4,1.2,2014-05-12,0206,Terra,MODIS,65,6.2,301.9,12.4,D,0
-15.8127,126.615,345.8,1.2,1.1,2014-05-12,0206,Terra,MODIS,92,6.2,303.9,58.4,D,0
-15.7761,126.0523,322,1.2,1.1,2014-05-12,0206,Terra,MODIS,70,6.2,302,12.8,D,0
-15.8143,126.6266,355,1.2,1.1,2014-05-12,0206,Terra,MODIS,97,6.2,304.9,85.6,D,0
-15.8242,126.6252,375.3,1.2,1.1,2014-05-12,0206,Terra,MODIS,100,6.2,308.5,168.9,D,0
-15.0555,128.0794,327.1,1.5,1.2,2014-05-12,0206,Terra,MODIS,56,6.2,301.7,20.2,D,0
-15.8258,126.6368,330.2,1.2,1.1,2014-05-12,0206,Terra,MODIS,80,6.2,304.6,23.4,D,0
-14.2526,126.1522,321.3,1.1,1.1,2014-05-12,0206,Terra,MODIS,69,6.2,301.4,11.8,D,0
-14.8388,127.5636,322.5,1.4,1.2,2014-05-12,0206,Terra,MODIS,58,6.2,303.8,14.9,D,0
-15.2243,127.4158,323,1.4,1.2,2014-05-12,0206,Terra,MODIS,46,6.2,303.3,14.4,D,0
-15.1412,128.0338,320.7,1.5,1.2,2014-05-12,0206,Terra,MODIS,57,6.2,301.6,12.5,D,0
-15.0688,127.632,321.3,1.4,1.2,2014-05-12,0206,Terra,MODIS,52,6.2,303.4,10.7,D,0
-15.0779,127.826,320.1,1.4,1.2,2014-05-12,0206,Terra,MODIS,57,6.2,302.6,8.6,D,0
-15.0442,127.2745,318.9,1.3,1.1,2014-05-12,0206,Terra,MODIS,25,6.2,302.4,7.6,D,0
-15.0425,127.2621,321.6,1.3,1.1,2014-05-12,0206,Terra,MODIS,62,6.2,303.2,11.9,D,0
-15.2079,127.424,322.6,1.4,1.2,2014-05-12,0206,Terra,MODIS,57,6.2,302.9,13.4,D,0
-14.8405,127.5765,319.2,1.4,1.2,2014-05-12,0206,Terra,MODIS,24,6.2,301.7,10.5,D,0
-14.7353,128.0055,323.7,1.5,1.2,2014-05-12,0206,Terra,MODIS,59,6.2,303.2,17.7,D,0
-14.7371,128.0192,324.9,1.5,1.2,2014-05-12,0206,Terra,MODIS,69,6.2,302.6,19.2,D,0
-14.2288,126.1514,322.8,1.1,1.1,2014-05-12,0206,Terra,MODIS,72,6.2,301.8,14.1,D,0
-15.0862,126.7424,325.6,1.2,1.1,2014-05-12,0206,Terra,MODIS,75,6.2,302.9,18.4,D,0
-16.0288,126.1757,322,1.2,1.1,2014-05-12,0206,Terra,MODIS,70,6.2,302.6,12.6,D,0
-16.0717,126.1071,317.7,1.2,1.1,2014-05-12,0206,Terra,MODIS,36,6.2,302.2,7.6,D,0
-15.4389,126.4146,328,1.2,1.1,2014-05-12,0206,Terra,MODIS,78,6.2,302.8,20.8,D,0
-15.3213,126.3699,336.4,1.2,1.1,2014-05-12,0206,Terra,MODIS,86,6.2,303.7,35.6,D,0
-15.1684,127.3648,354.5,1.4,1.2,2014-05-12,0206,Terra,MODIS,97,6.2,305.4,95,D,0
-15.1443,126.418,321,1.2,1.1,2014-05-12,0206,Terra,MODIS,68,6.2,301.6,13.9,D,0
-14.3182,127.5426,318.1,1.4,1.2,2014-05-12,0206,Terra,MODIS,62,6.2,300.7,11.3,D,0
-15.1701,127.3774,330,1.4,1.2,2014-05-12,0206,Terra,MODIS,80,6.2,304.5,26.7,D,0
-16.0731,126.118,330.3,1.2,1.1,2014-05-12,0206,Terra,MODIS,81,6.2,304.5,24.3,D,0
-15.1722,127.3135,320.6,1.3,1.1,2014-05-12,0206,Terra,MODIS,55,6.2,300.2,12.5,D,0
-15.1788,127.3634,358.6,1.4,1.2,2014-05-12,0206,Terra,MODIS,99,6.2,304.6,109.9,D,0
-15.1804,127.376,348.5,1.4,1.2,2014-05-12,0206,Terra,MODIS,94,6.2,304.8,73.5,D,0
-15.2283,127.3639,320.5,1.4,1.2,2014-05-12,0206,Terra,MODIS,37,6.2,302.7,9.7,D,0
-15.2893,126.2074,314.7,1.2,1.1,2014-05-12,0206,Terra,MODIS,40,6.2,300.8,6,D,0
-15.299,126.206,315.9,1.2,1.1,2014-05-12,0206,Terra,MODIS,49,6.2,301.3,7,D,0
-15.2299,127.3764,324.9,1.4,1.2,2014-05-12,0206,Terra,MODIS,62,6.2,303.5,16.8,D,0
-17.6354,126.5402,322.3,1.3,1.1,2014-05-12,0206,Terra,MODIS,66,6.2,302.5,13.9,D,0
-15.0575,128.0075,327.1,1.5,1.2,2014-05-12,0206,Terra,MODIS,72,6.2,301.5,25,D,0
-14.9521,127.6473,333.3,1.4,1.2,2014-05-12,0206,Terra,MODIS,83,6.2,301.8,38.6,D,0
-15.0727,127.7044,324.4,1.4,1.2,2014-05-12,0206,Terra,MODIS,73,6.2,302.6,19.1,D,0
-15.4322,126.5876,316.5,1.2,1.1,2014-05-12,0206,Terra,MODIS,53,6.2,301.3,8,D,0
-15.4337,126.599,316.4,1.2,1.1,2014-05-12,0206,Terra,MODIS,52,6.2,301.3,8.2,D,0
-16.6446,130.5063,320.1,2.4,1.5,2014-05-12,0206,Terra,MODIS,66,6.2,300.5,31.4,D,0
-15.0847,128.0477,321.3,1.5,1.2,2014-05-12,0206,Terra,MODIS,24,6.2,302.8,11.7,D,0
-16.6471,130.5287,328.4,2.4,1.5,2014-05-12,0206,Terra,MODIS,79,6.2,300.4,63.5,D,0
-15.9437,126.5257,319.1,1.2,1.1,2014-05-12,0206,Terra,MODIS,27,6.2,303.4,8.1,D,0
-15.9049,126.4677,336.2,1.2,1.1,2014-05-12,0206,Terra,MODIS,86,6.2,303,37.8,D,0
-14.865,128.0186,323.9,1.5,1.2,2014-05-12,0206,Terra,MODIS,66,6.2,300.7,20.8,D,0
-14.9411,127.7279,322.4,1.4,1.2,2014-05-12,0206,Terra,MODIS,70,6.2,302.6,12.8,D,0
-14.8974,128.0139,328.8,1.5,1.2,2014-05-12,0206,Terra,MODIS,79,6.2,301.5,28.9,D,0
-14.7593,128.0803,323.1,1.5,1.2,2014-05-12,0206,Terra,MODIS,39,6.2,302.3,17,D,0
-15.2315,127.389,326.6,1.4,1.2,2014-05-12,0206,Terra,MODIS,30,6.2,302.8,18.6,D,0
-14.6498,129.8843,315.4,2,1.4,2014-05-12,0206,Terra,MODIS,53,6.2,299.9,14.4,D,0
-15.8836,126.6109,334.9,1.2,1.1,2014-05-12,0206,Terra,MODIS,82,6.2,303.5,32.4,D,0
-15.6704,128.6195,331.6,1.7,1.3,2014-05-12,0206,Terra,MODIS,81,6.2,300.8,40.4,D,0
-15.6685,128.6043,323.5,1.7,1.3,2014-05-12,0206,Terra,MODIS,62,6.2,300.9,19.9,D,0
-15.6598,128.6124,326.1,1.7,1.3,2014-05-12,0206,Terra,MODIS,75,6.2,302.1,23.3,D,0
-16.0941,128.1663,321.5,1.6,1.2,2014-05-12,0206,Terra,MODIS,65,6.2,302.1,16.5,D,0
-15.678,128.5869,342.1,1.7,1.3,2014-05-12,0206,Terra,MODIS,90,6.2,301.5,73.6,D,0
-16.044,128.224,325.2,1.6,1.2,2014-05-12,0206,Terra,MODIS,73,6.2,304.1,22.5,D,0
-16.0459,128.2388,319.9,1.6,1.2,2014-05-12,0206,Terra,MODIS,51,6.2,303,11.2,D,0
-14.0992,126.4453,316.1,1.2,1.1,2014-05-12,0206,Terra,MODIS,52,6.2,300.8,6.8,D,0
-14.527,126.0736,324.3,1.1,1.1,2014-05-12,0206,Terra,MODIS,73,6.2,302,15.6,D,0
-14.3941,126.0204,324.3,1.1,1.1,2014-05-12,0206,Terra,MODIS,0,6.2,300.6,16.7,D,0
-14.3955,126.0305,317.1,1.1,1.1,2014-05-12,0206,Terra,MODIS,43,6.2,299.9,7.5,D,0
-14.3993,126.0237,315.3,1.1,1.1,2014-05-12,0206,Terra,MODIS,0,6.2,300.2,7.1,D,0
-15.546,125.9991,326.1,1.1,1.1,2014-05-12,0206,Terra,MODIS,76,6.2,302.7,18.6,D,0
-15.4591,125.9639,326.9,1.1,1.1,2014-05-12,0206,Terra,MODIS,77,6.2,300.4,19,D,0
-15.5225,125.97,324.6,1.1,1.1,2014-05-12,0206,Terra,MODIS,74,6.2,303.4,17.1,D,0
-15.6108,126.0165,323.5,1.2,1.1,2014-05-12,0206,Terra,MODIS,72,6.2,303.1,13.8,D,0
-15.4606,125.9744,320.3,1.1,1.1,2014-05-12,0206,Terra,MODIS,61,6.2,301.8,10.3,D,0
-15.4621,125.985,318.4,1.1,1.1,2014-05-12,0206,Terra,MODIS,53,6.2,302.7,8.3,D,0
-15.7786,126.0459,323.1,1.2,1.1,2014-05-12,0206,Terra,MODIS,72,6.2,303.5,15.1,D,0
-16.8749,130.8206,319.4,2.6,1.5,2014-05-12,0206,Terra,MODIS,51,6.2,300.6,24.9,D,0
-16.8776,130.8447,320.5,2.6,1.5,2014-05-12,0206,Terra,MODIS,55,6.2,300.2,28.5,D,0
-14.8969,132.0455,320.9,3,1.6,2014-05-12,0206,Terra,MODIS,51,6.2,299.2,46.8,D,0
-14.8642,132.0272,321.3,3,1.6,2014-05-12,0206,Terra,MODIS,61,6.2,299.2,49.4,D,0
-14.8643,132.0218,319.7,3,1.6,2014-05-12,0206,Terra,MODIS,52,6.2,299.3,40.9,D,0
-14.3714,126.5155,320.1,1.2,1.1,2014-05-12,0206,Terra,MODIS,61,6.2,299.6,11.7,D,0
-14.3729,126.5264,319.5,1.2,1.1,2014-05-12,0206,Terra,MODIS,58,6.2,300,10.9,D,0
-14.6831,131.3184,320,2.6,1.6,2014-05-12,0206,Terra,MODIS,34,6.2,299.3,33.8,D,0
-14.6781,131.3259,322.3,2.6,1.6,2014-05-12,0206,Terra,MODIS,73,6.2,299.6,44.5,D,0
-14.681,131.3502,316,2.6,1.6,2014-05-12,0206,Terra,MODIS,26,6.2,299.4,18.1,D,0
-20.5419,131.6197,319.2,3.3,1.7,2014-05-12,0207,Terra,MODIS,52,6.2,299.1,47.8,D,0
-20.6209,131.1759,321.5,3.1,1.7,2014-05-12,0207,Terra,MODIS,70,6.2,300.1,53.1,D,0
-20.583,131.2447,328.7,3.1,1.7,2014-05-12,0207,Terra,MODIS,54,6.2,301.7,85.4,D,0
-20.5981,131.2432,323.5,3.1,1.7,2014-05-12,0207,Terra,MODIS,43,6.2,300.4,53.8,D,0
-20.5814,131.2395,325.5,3.1,1.7,2014-05-12,0207,Terra,MODIS,64,6.2,301.8,68.9,D,0
-20.5841,131.2692,323.7,3.1,1.7,2014-05-12,0207,Terra,MODIS,51,6.2,299.4,62.6,D,0
-20.5964,131.238,327.7,3.1,1.7,2014-05-12,0207,Terra,MODIS,50,6.2,300.6,74.7,D,0
-20.6498,131.4763,316,3.2,1.7,2014-05-12,0207,Terra,MODIS,51,6.2,299.6,34.1,D,0
-20.6411,131.3848,316.1,3.2,1.7,2014-05-12,0207,Terra,MODIS,45,6.2,300.2,34.6,D,0
-20.531,131.6278,336.5,3.3,1.7,2014-05-12,0207,Terra,MODIS,87,6.2,300.6,167,D,0
-20.5264,131.6214,320.4,3.3,1.7,2014-05-12,0207,Terra,MODIS,69,6.2,300.2,55.6,D,0
-20.5293,131.6532,317,3.3,1.7,2014-05-12,0207,Terra,MODIS,46,6.2,299.7,37.4,D,0
-18.989,126.3885,322.8,1.3,1.1,2014-05-12,0207,Terra,MODIS,60,6.2,307,11,D,0
-18.9906,126.401,324.3,1.3,1.1,2014-05-12,0207,Terra,MODIS,59,6.2,305.4,14.4,D,0
-18.9993,126.3871,350.3,1.3,1.1,2014-05-12,0207,Terra,MODIS,82,6.2,308.7,74,D,0
-19.0095,126.3857,348.8,1.3,1.1,2014-05-12,0207,Terra,MODIS,81,6.2,305,69.8,D,0
-18.2516,128.9788,317.5,1.9,1.4,2014-05-12,0207,Terra,MODIS,53,6.2,300.6,15,D,0
-18.2609,128.9845,318.1,1.9,1.4,2014-05-12,0207,Terra,MODIS,57,6.2,301.4,16,D,0
-24.4602,121.8962,314.6,1,1,2014-05-12,0208,Terra,MODIS,48,6.2,301.9,5.1,D,0
-21.7949,119.1689,324,1.2,1.1,2014-05-12,0208,Terra,MODIS,75,6.2,300.5,17.6,D,0
-21.7969,119.1806,349.4,1.2,1.1,2014-05-12,0208,Terra,MODIS,95,6.2,303,69.3,D,0
-21.8007,119.204,324.9,1.2,1.1,2014-05-12,0208,Terra,MODIS,76,6.2,302.3,18.6,D,0
-21.4416,119.5086,318.2,1.2,1.1,2014-05-12,0208,Terra,MODIS,51,6.2,301.4,9.6,D,0
-21.4435,119.5199,323,1.2,1.1,2014-05-12,0208,Terra,MODIS,72,6.2,302.5,15,D,0
-21.4513,119.5068,325.1,1.2,1.1,2014-05-12,0208,Terra,MODIS,61,6.2,299.2,16.7,D,0
-21.4532,119.5181,361,1.2,1.1,2014-05-12,0208,Terra,MODIS,100,6.2,305.3,100.2,D,0
-21.4551,119.5295,331.9,1.2,1.1,2014-05-12,0208,Terra,MODIS,83,6.2,303.7,25.6,D,0
-24.5019,121.7415,315.3,1,1,2014-05-12,0209,Terra,MODIS,61,6.2,301.9,6.6,D,0
-24.5087,121.8512,314.9,1,1,2014-05-12,0209,Terra,MODIS,32,6.2,302.9,5.7,D,0
-24.6692,121.6902,316.1,1,1,2014-05-12,0209,Terra,MODIS,30,6.2,301.1,6.1,D,0
-24.6602,121.6918,315.2,1,1,2014-05-12,0209,Terra,MODIS,48,6.2,301.6,5.8,D,0
-24.5005,121.7316,319.3,1,1,2014-05-12,0209,Terra,MODIS,69,6.2,302.1,10.2,D,0
-24.6341,121.7633,317.5,1,1,2014-05-12,0209,Terra,MODIS,67,6.2,302.1,8.9,D,0
-24.6164,121.7058,313.9,1,1,2014-05-12,0209,Terra,MODIS,25,6.2,300.3,5.2,D,0
-24.615,121.6959,344.9,1,1,2014-05-12,0209,Terra,MODIS,92,6.2,301.5,45.3,D,0
-24.6135,121.6861,316.7,1,1,2014-05-12,0209,Terra,MODIS,65,6.2,299.7,7.9,D,0
-24.6089,121.7172,313,1,1,2014-05-12,0209,Terra,MODIS,44,6.2,300.6,4.8,D,0
-24.503,121.8118,319.4,1,1,2014-05-12,0209,Terra,MODIS,70,6.2,299.8,10.4,D,0
-24.6074,121.7073,337,1,1,2014-05-12,0209,Terra,MODIS,88,6.2,302.1,31.6,D,0
-24.5044,121.8217,318,1,1,2014-05-12,0209,Terra,MODIS,62,6.2,300.3,8.5,D,0
-33.1742,121.9341,301.6,1.1,1.1,2014-05-12,0211,Terra,MODIS,22,6.2,285.2,4.4,D,0
-33.1757,121.9463,306,1.1,1.1,2014-05-12,0211,Terra,MODIS,63,6.2,285.3,7.7,D,0
-33.1773,121.9585,305,1.1,1.1,2014-05-12,0211,Terra,MODIS,56,6.2,285.9,6.8,D,0
-33.8783,118.9194,318,1,1,2014-05-12,0211,Terra,MODIS,78,6.2,291.6,14.6,D,0
-34.6672,118.2263,322.9,1,1,2014-05-12,0211,Terra,MODIS,76,6.2,292.7,18.2,D,0
-34.6689,118.2373,396.1,1,1,2014-05-12,0211,Terra,MODIS,100,6.2,298.1,230.8,D,0
-34.6706,118.2483,325.8,1,1,2014-05-12,0211,Terra,MODIS,76,6.2,291.6,20.8,D,0
-34.6779,118.2353,338.7,1,1,2014-05-12,0211,Terra,MODIS,89,6.2,292.5,38.6,D,0
-34.0954,118.1065,322.9,1,1,2014-05-12,0211,Terra,MODIS,82,6.2,292.3,18.9,D,0
-33.8581,117.8295,320.2,1,1,2014-05-12,0211,Terra,MODIS,58,6.2,291.6,15.2,D,0
-34.0937,118.0956,306,1,1,2014-05-12,0211,Terra,MODIS,52,6.2,291.8,4.6,D,0
-33.8637,117.8053,322.8,1,1,2014-05-12,0211,Terra,MODIS,67,6.2,292.1,17.8,D,0
-33.8654,117.8163,320.7,1,1,2014-05-12,0211,Terra,MODIS,57,6.2,291.8,15.5,D,0
-34.0886,118.0626,305.1,1,1,2014-05-12,0211,Terra,MODIS,15,6.2,291,3.6,D,0
-34.0795,118.0646,309.8,1,1,2014-05-12,0211,Terra,MODIS,69,6.2,291.6,7.1,D,0
-33.8563,117.8184,323.9,1,1,2014-05-12,0211,Terra,MODIS,80,6.2,292.3,19.3,D,0
-36.9592,149.3638,317.5,4.7,2,2014-05-12,0310,Aqua,MODIS,68,6.2,285.4,159,D,0
-36.941,149.3626,313.1,4.7,2,2014-05-12,0310,Aqua,MODIS,57,6.2,285.9,121.8,D,0
-36.9446,149.3589,327.1,4.7,2,2014-05-12,0310,Aqua,MODIS,80,6.2,286.2,259,D,0
-28.7952,153.4471,304.5,2.1,1.4,2014-05-12,0312,Aqua,MODIS,59,6.2,288.8,16,D,0
-26.6623,151.0188,314.9,2.9,1.6,2014-05-12,0313,Aqua,MODIS,69,6.2,299.5,40.1,D,0
-26.6474,151.0175,326.6,2.9,1.6,2014-05-12,0313,Aqua,MODIS,83,6.2,295.8,95.1,D,0
-26.6472,151.0103,328.1,2.9,1.6,2014-05-12,0313,Aqua,MODIS,84,6.2,296,106.1,D,0
-26.6647,150.9889,313.7,3,1.6,2014-05-12,0313,Aqua,MODIS,59,6.2,298,34.3,D,0
-26.6499,150.9874,329.1,3,1.6,2014-05-12,0313,Aqua,MODIS,85,6.2,298.3,110.4,D,0
-26.6499,150.9803,321,3,1.6,2014-05-12,0313,Aqua,MODIS,77,6.2,298.5,68.9,D,0
-42.1429,147.3795,308.4,1.9,1.3,2014-05-12,0446,Aqua,MODIS,54,6.2,287.9,21.9,D,0
-42.1481,147.401,310.2,1.9,1.3,2014-05-12,0446,Aqua,MODIS,64,6.2,287.5,24.9,D,0
-42.153,147.3781,326.1,1.9,1.3,2014-05-12,0446,Aqua,MODIS,84,6.2,289,62.2,D,0
-41.8252,147.6613,357.7,2,1.4,2014-05-12,0447,Aqua,MODIS,99,6.2,291.9,224.4,D,0
-41.8377,147.6648,308.9,2,1.4,2014-05-12,0447,Aqua,MODIS,68,6.2,289.1,27.1,D,0
-41.8199,147.6854,304.2,2,1.4,2014-05-12,0447,Aqua,MODIS,52,6.2,288.8,17.2,D,0
-38.3914,146.5314,301.3,2.1,1.4,2014-05-12,0447,Aqua,MODIS,40,6.2,285.7,17.2,D,0
-38.4603,146.5886,325.5,2.1,1.4,2014-05-12,0447,Aqua,MODIS,74,6.2,285.2,75.5,D,0
-38.4613,146.5814,311.5,2.1,1.4,2014-05-12,0447,Aqua,MODIS,71,6.2,284.8,37.4,D,0
-36.9559,149.3706,335.6,3.4,1.7,2014-05-12,0448,Aqua,MODIS,90,6.2,287.9,228.2,D,0
-36.9636,149.3691,306,3.4,1.7,2014-05-12,0448,Aqua,MODIS,63,6.2,286.4,51.8,D,0
-36.9482,149.3637,328.7,3.4,1.7,2014-05-12,0448,Aqua,MODIS,86,6.2,287.7,171.4,D,0
-36.9098,140.8781,334.9,1.1,1.1,2014-05-12,0448,Aqua,MODIS,89,6.2,289.8,40.2,D,0
-38.0025,142.4142,302.8,1.3,1.1,2014-05-12,0448,Aqua,MODIS,49,6.2,289.6,6.4,D,0
-37.6083,140.3393,300.6,1.1,1,2014-05-12,0448,Aqua,MODIS,40,6.2,289,3.9,D,0
-37.8711,141.045,324.4,1.1,1.1,2014-05-12,0448,Aqua,MODIS,72,6.2,291.4,26.9,D,0
-36.783,141.7936,306,1.3,1.1,2014-05-12,0448,Aqua,MODIS,63,6.2,292.2,8.4,D,0
-36.9908,139.9435,319.8,1.1,1,2014-05-12,0448,Aqua,MODIS,69,6.2,291.1,18.8,D,0
-37.4374,143.5656,304.4,1.5,1.2,2014-05-12,0448,Aqua,MODIS,55,6.2,284.6,12.6,D,0
-35.5286,146.8798,337.1,2.6,1.6,2014-05-12,0448,Aqua,MODIS,85,6.2,292.6,158.2,D,0
-34.8438,147.0127,313.3,2.8,1.6,2014-05-12,0448,Aqua,MODIS,73,6.2,290.9,49,D,0
-34.3164,135.8038,320.3,1,1,2014-05-12,0449,Aqua,MODIS,79,6.2,293.6,16.4,D,0
-34.0891,136.2735,312,1,1,2014-05-12,0449,Aqua,MODIS,53,6.2,298.5,6.2,D,0
-34.0906,136.2625,310.8,1,1,2014-05-12,0449,Aqua,MODIS,51,6.2,298.2,5.3,D,0
-33.5628,135.6965,309.8,1,1,2014-05-12,0449,Aqua,MODIS,65,6.2,294.6,6.2,D,0
-33.9447,137.6206,303.7,1,1,2014-05-12,0449,Aqua,MODIS,54,6.2,293.1,3.7,D,0
-34.3149,135.8151,315.2,1,1,2014-05-12,0449,Aqua,MODIS,73,6.2,295.9,11.5,D,0
-34.9083,140.9735,301.2,1.2,1.1,2014-05-12,0449,Aqua,MODIS,33,6.2,289.4,4.8,D,0
-34.9182,140.9761,302,1.2,1.1,2014-05-12,0449,Aqua,MODIS,43,6.2,290.3,5.3,D,0
-20.4942,131.4242,330.7,1.1,1.1,2014-05-12,0453,Aqua,MODIS,78,6.2,307.7,20.3,D,0
-20.5037,131.4256,349.8,1.1,1.1,2014-05-12,0453,Aqua,MODIS,94,6.2,308.2,59.5,D,0
-20.5023,131.4365,334.3,1.1,1.1,2014-05-12,0453,Aqua,MODIS,82,6.2,309.2,26.5,D,0
-20.5578,131.2329,326.9,1.2,1.1,2014-05-12,0453,Aqua,MODIS,58,6.2,303.2,14.9,D,0
-20.5564,131.2439,343.8,1.2,1.1,2014-05-12,0453,Aqua,MODIS,90,6.2,306.3,44.3,D,0
-20.6812,132.3093,332.9,1.1,1,2014-05-12,0453,Aqua,MODIS,74,6.2,306.3,21.5,D,0
-20.4479,132.4191,321.3,1,1,2014-05-12,0453,Aqua,MODIS,53,6.2,305.9,7.1,D,0
-18.221,132.5811,334.2,1,1,2014-05-12,0453,Aqua,MODIS,81,6.2,308,19.4,D,0
-20.636,132.3174,322,1.1,1,2014-05-12,0453,Aqua,MODIS,36,6.2,306.7,6.7,D,0
-20.6374,132.3074,323.8,1.1,1,2014-05-12,0453,Aqua,MODIS,42,6.2,307.6,8.8,D,0
-18.2224,132.5715,342.5,1,1,2014-05-12,0453,Aqua,MODIS,89,6.2,307.8,33.8,D,0
-20.672,132.3079,335.3,1.1,1,2014-05-12,0453,Aqua,MODIS,69,6.2,310.2,24.1,D,0
-20.555,131.255,345.6,1.2,1.1,2014-05-12,0453,Aqua,MODIS,92,6.2,306.7,47.7,D,0
-20.6163,131.1622,330.7,1.2,1.1,2014-05-12,0453,Aqua,MODIS,79,6.2,306.7,23.5,D,0
-20.6148,131.1733,348.4,1.2,1.1,2014-05-12,0453,Aqua,MODIS,93,6.2,308,59.2,D,0
-20.6178,131.1679,357.2,1.2,1.1,2014-05-12,0453,Aqua,MODIS,98,6.2,308.5,81.3,D,0
-20.6164,131.179,338.7,1.2,1.1,2014-05-12,0453,Aqua,MODIS,87,6.2,308.9,31.9,D,0
-20.6303,131.1469,327.4,1.2,1.1,2014-05-12,0453,Aqua,MODIS,32,6.2,307,15.9,D,0
-20.5728,131.6705,350.3,1.1,1,2014-05-12,0453,Aqua,MODIS,94,6.2,309.9,59.2,D,0
-20.608,132.3848,325.5,1,1,2014-05-12,0453,Aqua,MODIS,53,6.2,310.4,9.9,D,0
-21.5241,134.2993,325.3,1,1,2014-05-12,0453,Aqua,MODIS,65,6.2,310.9,7.3,D,0
-19.0178,126.3721,322.4,2.3,1.5,2014-05-12,0453,Aqua,MODIS,32,6.2,302.7,22.1,D,0
-19.8157,127.396,323.3,2,1.4,2014-05-12,0453,Aqua,MODIS,35,6.2,303.8,27.3,D,0
-16.2793,126.3878,333.9,2.1,1.4,2014-05-12,0454,Aqua,MODIS,85,6.2,301.2,68.6,D,0
-15.9461,126.3472,325.8,2.1,1.4,2014-05-12,0454,Aqua,MODIS,67,6.2,299.2,46.3,D,0
-16.1644,126.3666,329,2.1,1.4,2014-05-12,0454,Aqua,MODIS,58,6.2,295.8,49,D,0
-15.9587,126.3489,318.9,2.1,1.4,2014-05-12,0454,Aqua,MODIS,45,6.2,297.4,24.9,D,0
-16.0805,126.3116,332.9,2.1,1.4,2014-05-12,0454,Aqua,MODIS,83,6.2,299.5,72.8,D,0
-16.2682,126.3716,324,2.1,1.4,2014-05-12,0454,Aqua,MODIS,46,6.2,298.7,34,D,0
-15.8265,126.5984,343.7,2,1.4,2014-05-12,0454,Aqua,MODIS,91,6.2,301.5,108.4,D,0
-16.0654,126.3296,325.7,2.1,1.4,2014-05-12,0454,Aqua,MODIS,74,6.2,299.3,41.8,D,0
-16.266,126.3913,360.7,2.1,1.4,2014-05-12,0454,Aqua,MODIS,100,6.2,302.2,230.7,D,0
-16.2538,126.3846,327.5,2.1,1.4,2014-05-12,0454,Aqua,MODIS,78,6.2,299,45.4,D,0
-15.8244,126.6169,333.8,2,1.4,2014-05-12,0454,Aqua,MODIS,84,6.2,297.8,61.9,D,0
-15.2129,127.359,328.6,1.7,1.3,2014-05-12,0454,Aqua,MODIS,31,6.2,301.9,34.9,D,0
-15.8171,130.1913,327.1,1.2,1.1,2014-05-12,0454,Aqua,MODIS,73,6.2,306.5,16.7,D,0
-16.2787,126.3928,337.3,2.1,1.4,2014-05-12,0454,Aqua,MODIS,87,6.2,301.2,85.1,D,0
-16.2642,126.4059,324.7,2.1,1.4,2014-05-12,0454,Aqua,MODIS,71,6.2,298.9,35.1,D,0
-15.9562,131.0251,320.5,1.1,1,2014-05-12,0454,Aqua,MODIS,47,6.2,305.4,4.7,D,0
-16.0631,126.3493,338.8,2.1,1.4,2014-05-12,0454,Aqua,MODIS,88,6.2,300.9,94.4,D,0
-15.8785,126.5858,334.8,2,1.4,2014-05-12,0454,Aqua,MODIS,77,6.2,300.9,72,D,0
-15.3226,126.3467,330.1,2.1,1.4,2014-05-12,0454,Aqua,MODIS,81,6.2,295.7,62.2,D,0
-16.632,130.4947,332.3,1.1,1.1,2014-05-12,0454,Aqua,MODIS,47,6.2,307.2,22.7,D,0
-16.6115,130.5026,324.8,1.1,1.1,2014-05-12,0454,Aqua,MODIS,37,6.2,301.6,11.8,D,0
-15.094,128.045,329.4,1.5,1.2,2014-05-12,0454,Aqua,MODIS,79,6.2,303.6,25.6,D,0
-16.2533,126.3896,325.6,2.1,1.4,2014-05-12,0454,Aqua,MODIS,52,6.2,298.7,38.6,D,0
-15.8924,126.5929,340.5,2,1.4,2014-05-12,0454,Aqua,MODIS,86,6.2,296,93.6,D,0
-15.8945,126.5738,331.2,2,1.4,2014-05-12,0454,Aqua,MODIS,49,6.2,295.5,55.7,D,0
-16.0797,126.3164,338.5,2.1,1.4,2014-05-12,0454,Aqua,MODIS,88,6.2,300,96.3,D,0
-15.2564,131.1019,324.4,1.1,1,2014-05-12,0454,Aqua,MODIS,70,6.2,302.9,11.3,D,0
-15.8799,126.5911,336.3,2,1.4,2014-05-12,0454,Aqua,MODIS,62,6.2,302.3,77.7,D,0
-16.2665,126.3863,358.6,2.1,1.4,2014-05-12,0454,Aqua,MODIS,99,6.2,302.3,215.5,D,0
-15.8909,126.5875,336,2,1.4,2014-05-12,0454,Aqua,MODIS,69,6.2,298.2,75.8,D,0
-14.6672,131.3127,321.7,1,1,2014-05-12,0454,Aqua,MODIS,17,6.2,294.4,7.7,D,0
-14.6685,131.3032,329.8,1,1,2014-05-12,0454,Aqua,MODIS,70,6.2,297,17.3,D,0
-15.435,131.7336,330.3,1,1,2014-05-12,0454,Aqua,MODIS,78,6.2,306.8,16.3,D,0
-15.4272,131.7227,353.4,1,1,2014-05-12,0454,Aqua,MODIS,96,6.2,309.2,58.9,D,0
-14.6698,131.2937,342.4,1,1,2014-05-12,0454,Aqua,MODIS,85,6.2,303.6,38.4,D,0
-15.929,132.2094,363.9,1,1,2014-05-12,0454,Aqua,MODIS,100,6.2,311.3,86.2,D,0
-15.5585,132.033,325,1,1,2014-05-12,0454,Aqua,MODIS,41,6.2,307.5,10.7,D,0
-15.5598,132.0237,338.3,1,1,2014-05-12,0454,Aqua,MODIS,86,6.2,307.4,29.3,D,0
-15.9277,132.2188,338.4,1,1,2014-05-12,0454,Aqua,MODIS,86,6.2,307.5,29.4,D,0
-14.6658,131.3223,342.4,1,1,2014-05-12,0454,Aqua,MODIS,90,6.2,303.7,38,D,0
-16.7866,126.6052,322.7,2.1,1.4,2014-05-12,0454,Aqua,MODIS,64,6.2,304,25.1,D,0
-15.6443,128.4975,324,1.5,1.2,2014-05-12,0454,Aqua,MODIS,39,6.2,301,17.6,D,0
-15.6427,128.511,348.8,1.4,1.2,2014-05-12,0454,Aqua,MODIS,94,6.2,304.7,82,D,0
-15.753,128.4164,323.5,1.5,1.2,2014-05-12,0454,Aqua,MODIS,58,6.2,304.7,17.2,D,0
-15.7562,128.4234,324.5,1.5,1.2,2014-05-12,0454,Aqua,MODIS,73,6.2,305.1,19,D,0
-16.787,126.61,321.9,2.1,1.4,2014-05-12,0454,Aqua,MODIS,67,6.2,303.4,23.4,D,0
-15.7903,128.4139,323.5,1.5,1.2,2014-05-12,0454,Aqua,MODIS,52,6.2,304.5,15.1,D,0
-15.9782,128.0021,323.2,1.6,1.2,2014-05-12,0454,Aqua,MODIS,23,6.2,303.8,19.8,D,0
-16.3102,126.1111,319.8,2.2,1.4,2014-05-12,0454,Aqua,MODIS,49,6.2,298.2,32.8,D,0
-15.638,128.5187,325.7,1.4,1.2,2014-05-12,0454,Aqua,MODIS,43,6.2,303.6,20.8,D,0
-15.6397,128.5052,341.2,1.4,1.2,2014-05-12,0454,Aqua,MODIS,89,6.2,302.6,58.8,D,0
-16.0449,135.5651,365.2,1.2,1.1,2014-05-12,0454,Aqua,MODIS,100,6.2,310.4,116,D,0
-14.449,134.1605,327.5,1.1,1,2014-05-12,0454,Aqua,MODIS,76,6.2,306.9,15.4,D,0
-16.2483,135.6354,326.2,1.2,1.1,2014-05-12,0454,Aqua,MODIS,73,6.2,306,16.8,D,0
-14.4475,134.1705,330.8,1.1,1,2014-05-12,0454,Aqua,MODIS,80,6.2,307.4,20.3,D,0
-16.0627,135.5797,346.6,1.2,1.1,2014-05-12,0454,Aqua,MODIS,92,6.2,307.7,57.4,D,0
-16.341,135.6917,323.4,1.2,1.1,2014-05-12,0454,Aqua,MODIS,56,6.2,306.3,11.2,D,0
-14.468,134.2251,320.9,1.1,1,2014-05-12,0454,Aqua,MODIS,63,6.2,306,8.4,D,0
-14.4382,134.1689,321.3,1.1,1,2014-05-12,0454,Aqua,MODIS,64,6.2,306.3,8.3,D,0
-14.4397,134.159,330.9,1.1,1,2014-05-12,0454,Aqua,MODIS,80,6.2,306.8,20.6,D,0
-16.3159,135.7223,321.9,1.2,1.1,2014-05-12,0454,Aqua,MODIS,36,6.2,306.5,9.5,D,0
-14.4695,134.2151,319.9,1.1,1,2014-05-12,0454,Aqua,MODIS,60,6.2,305.6,7.3,D,0
-16.2918,135.6832,322,1.2,1.1,2014-05-12,0454,Aqua,MODIS,55,6.2,307,10.3,D,0
-16.0547,135.5668,329,1.2,1.1,2014-05-12,0454,Aqua,MODIS,70,6.2,306.6,18.9,D,0
-16.1901,135.6072,347.5,1.2,1.1,2014-05-12,0454,Aqua,MODIS,93,6.2,304.8,57.4,D,0
-16.2189,135.6303,324.9,1.2,1.1,2014-05-12,0454,Aqua,MODIS,71,6.2,304.4,15.7,D,0
-16.3258,135.724,328.8,1.2,1.1,2014-05-12,0454,Aqua,MODIS,77,6.2,308.6,19.5,D,0
-16.0467,135.5539,352,1.2,1.1,2014-05-12,0454,Aqua,MODIS,95,6.2,305.3,70.9,D,0
-16.2922,135.6777,320.8,1.2,1.1,2014-05-12,0454,Aqua,MODIS,42,6.2,306.7,8.3,D,0
-14.5041,134.0471,328.6,1.1,1,2014-05-12,0454,Aqua,MODIS,77,6.2,307,17,D,0
-16.1883,135.6184,355.5,1.2,1.1,2014-05-12,0454,Aqua,MODIS,97,6.2,310.4,80.5,D,0
-16.262,135.8727,322.1,1.2,1.1,2014-05-12,0454,Aqua,MODIS,37,6.2,307,9.5,D,0
-16.2269,135.6432,342.9,1.2,1.1,2014-05-12,0454,Aqua,MODIS,90,6.2,307.8,47.7,D,0
-16.0369,135.5522,325.2,1.2,1.1,2014-05-12,0454,Aqua,MODIS,71,6.2,305.4,14.2,D,0
-16.2171,135.6416,356.8,1.2,1.1,2014-05-12,0454,Aqua,MODIS,98,6.2,308.7,88.8,D,0
-16.2705,135.8796,324,1.2,1.1,2014-05-12,0454,Aqua,MODIS,34,6.2,308.7,12.5,D,0
-16.2465,135.6467,327.6,1.2,1.1,2014-05-12,0454,Aqua,MODIS,75,6.2,307.7,19,D,0
-16.2287,135.632,335.3,1.2,1.1,2014-05-12,0454,Aqua,MODIS,84,6.2,305,31.6,D,0
-14.5056,134.0372,328.4,1.1,1,2014-05-12,0454,Aqua,MODIS,76,6.2,305.6,16.8,D,0
-16.0351,135.5635,331.4,1.2,1.1,2014-05-12,0454,Aqua,MODIS,80,6.2,306.9,23.9,D,0
-16.1785,135.6167,328.1,1.2,1.1,2014-05-12,0454,Aqua,MODIS,42,6.2,308.5,16.5,D,0
-16.0529,135.578,328,1.2,1.1,2014-05-12,0454,Aqua,MODIS,64,6.2,308,17.4,D,0
-17.2054,137.0623,329.8,1.4,1.2,2014-05-12,0454,Aqua,MODIS,79,6.2,303.6,28.9,D,0
-17.0315,137.1992,326.2,1.5,1.2,2014-05-12,0454,Aqua,MODIS,75,6.2,302.6,27.2,D,0
-17.1617,137.1932,319.3,1.5,1.2,2014-05-12,0454,Aqua,MODIS,50,6.2,303.4,12.3,D,0
-17.1442,137.2321,331.3,1.5,1.2,2014-05-12,0454,Aqua,MODIS,81,6.2,301.3,36.8,D,0
-17.1421,137.2259,330.1,1.5,1.2,2014-05-12,0454,Aqua,MODIS,78,6.2,302.4,34.1,D,0
-16.815,130.7163,321.5,1.1,1.1,2014-05-12,0454,Aqua,MODIS,39,6.2,305.4,7.3,D,0
-16.374,135.6741,328.2,1.2,1.1,2014-05-12,0454,Aqua,MODIS,76,6.2,308.1,18.9,D,0
-16.883,130.8169,336.6,1.1,1.1,2014-05-12,0454,Aqua,MODIS,84,6.2,309,26.5,D,0
-16.8736,130.8155,327.8,1.1,1.1,2014-05-12,0454,Aqua,MODIS,54,6.2,308.2,12.6,D,0
-14.5381,133.1238,324.6,1,1,2014-05-12,0454,Aqua,MODIS,68,6.2,310.6,7.8,D,0
-14.5159,133.149,329.7,1,1,2014-05-12,0454,Aqua,MODIS,77,6.2,310.3,14.5,D,0
-14.5173,133.1396,330.9,1,1,2014-05-12,0454,Aqua,MODIS,78,6.2,308.5,15.5,D,0
-14.9051,132.0437,327.2,1,1,2014-05-12,0454,Aqua,MODIS,40,6.2,306.7,10.7,D,0
-14.8835,132.0624,324.2,1,1,2014-05-12,0454,Aqua,MODIS,38,6.2,306.8,9.2,D,0
-14.8862,132.0439,333.5,1,1,2014-05-12,0454,Aqua,MODIS,81,6.2,308.1,18.9,D,0
-14.9064,132.0345,335.9,1,1,2014-05-12,0454,Aqua,MODIS,84,6.2,307.2,21.7,D,0
-14.8695,132.0318,329.4,1,1,2014-05-12,0454,Aqua,MODIS,75,6.2,308.7,15.2,D,0
-14.8708,132.0225,328.6,1,1,2014-05-12,0454,Aqua,MODIS,75,6.2,308.3,13.9,D,0
-14.8785,132.0332,330.1,1,1,2014-05-12,0454,Aqua,MODIS,77,6.2,308.7,14.2,D,0
-14.9154,132.0358,327.9,1,1,2014-05-12,0454,Aqua,MODIS,68,6.2,306.4,11.4,D,0
-14.3978,126.0247,317.3,2.1,1.4,2014-05-12,0455,Aqua,MODIS,0,6.2,299.2,21.4,D,0
-12.2207,132.2287,345.5,1,1,2014-05-12,0455,Aqua,MODIS,92,6.2,303.5,44.3,D,0
-12.231,132.2208,330.7,1,1,2014-05-12,0455,Aqua,MODIS,81,6.2,302.1,21.1,D,0
-14.5887,131.5455,328.3,1,1,2014-05-12,0455,Aqua,MODIS,59,6.2,307.3,14,D,0
-12.222,132.2195,348.7,1,1,2014-05-12,0455,Aqua,MODIS,94,6.2,303.8,51.1,D,0
-13.1343,133.3525,322.3,1,1,2014-05-12,0455,Aqua,MODIS,39,6.2,305.2,7.2,D,0
-12.323,132.2884,328.7,1,1,2014-05-12,0455,Aqua,MODIS,64,6.2,305.7,16.5,D,0
-13.1329,133.3621,328.6,1,1,2014-05-12,0455,Aqua,MODIS,78,6.2,305.9,15.1,D,0
-12.305,132.2857,343.4,1,1,2014-05-12,0455,Aqua,MODIS,86,6.2,307,37.5,D,0
-12.2297,132.23,335,1,1,2014-05-12,0455,Aqua,MODIS,80,6.2,302.9,26.7,D,0
-12.3154,132.2779,328.7,1,1,2014-05-12,0455,Aqua,MODIS,38,6.2,304.6,14.4,D,0
-12.213,132.2181,331.3,1,1,2014-05-12,0455,Aqua,MODIS,82,6.2,302.3,22.9,D,0
-12.2117,132.2273,332.8,1,1,2014-05-12,0455,Aqua,MODIS,83,6.2,303.4,24.5,D,0
-12.314,132.287,352,1,1,2014-05-12,0455,Aqua,MODIS,96,6.2,308.6,55.1,D,0
-12.24,132.2222,318.5,1,1,2014-05-12,0455,Aqua,MODIS,63,6.2,301.8,9,D,0
-12.2387,132.2314,319.2,1,1,2014-05-12,0455,Aqua,MODIS,56,6.2,302.3,9.6,D,0
-13.1026,133.3769,323,1,1,2014-05-12,0455,Aqua,MODIS,70,6.2,305.3,9.3,D,0
-12.3064,132.2765,324.8,1,1,2014-05-12,0455,Aqua,MODIS,14,6.2,305,10.3,D,0
-14.1589,130.1778,330.7,1.1,1.1,2014-05-12,0455,Aqua,MODIS,47,6.2,302.2,22.1,D,0
-14.2549,130.366,340.8,1.1,1,2014-05-12,0455,Aqua,MODIS,89,6.2,299.1,41.2,D,0
-14.2535,130.3761,379.6,1.1,1,2014-05-12,0455,Aqua,MODIS,100,6.2,303.2,163.9,D,0
-14.2522,130.3862,325.9,1.1,1,2014-05-12,0455,Aqua,MODIS,44,6.2,299.2,15.9,D,0
-14.1617,130.1571,332.1,1.1,1.1,2014-05-12,0455,Aqua,MODIS,65,6.2,302,24.5,D,0
-14.2345,129.9758,320.7,1.1,1.1,2014-05-12,0455,Aqua,MODIS,54,6.2,301.1,14.5,D,0
-14.2629,130.3774,336.7,1.1,1,2014-05-12,0455,Aqua,MODIS,86,6.2,301.5,33,D,0
-14.2616,130.3876,331.5,1.1,1,2014-05-12,0455,Aqua,MODIS,77,6.2,301.5,23.5,D,0
-14.2723,130.3788,323.6,1.1,1,2014-05-12,0455,Aqua,MODIS,72,6.2,303.3,13.9,D,0
-13.3619,130.5767,325.8,1.1,1,2014-05-12,0455,Aqua,MODIS,73,6.2,304.1,14.7,D,0
-13.3633,130.5669,320.8,1.1,1,2014-05-12,0455,Aqua,MODIS,64,6.2,304.1,8.9,D,0
-13.358,130.6059,326.7,1.1,1,2014-05-12,0455,Aqua,MODIS,75,6.2,304.3,16.3,D,0
-14.1508,130.1661,346.8,1.1,1.1,2014-05-12,0455,Aqua,MODIS,93,6.2,304.9,53.6,D,0
-14.1522,130.1557,320.6,1.1,1.1,2014-05-12,0455,Aqua,MODIS,20,6.2,297.5,9.3,D,0
-14.1603,130.1675,367,1.1,1.1,2014-05-12,0455,Aqua,MODIS,100,6.2,304.9,113.1,D,0
-14.3232,127.5327,327.3,1.6,1.3,2014-05-12,0455,Aqua,MODIS,78,6.2,300.8,33,D,0
-12.3983,132.0846,319.9,1,1,2014-05-12,0455,Aqua,MODIS,67,6.2,302.4,9.7,D,0
-12.4177,132.0744,322.3,1,1,2014-05-12,0455,Aqua,MODIS,32,6.2,303.2,10.2,D,0
-12.4164,132.0836,322.1,1,1,2014-05-12,0455,Aqua,MODIS,43,6.2,303.3,10.1,D,0
-15.0409,128.0028,324.4,1.5,1.2,2014-05-12,0455,Aqua,MODIS,60,6.2,302.4,18.6,D,0
-15.0757,127.9938,324.3,1.5,1.2,2014-05-12,0455,Aqua,MODIS,43,6.2,300.8,19.2,D,0
-12.4074,132.4007,336.2,1,1,2014-05-12,0455,Aqua,MODIS,0,6.2,304.4,27.5,D,0
-12.3428,132.151,328.2,1,1,2014-05-12,0455,Aqua,MODIS,79,6.2,302.3,18,D,0
-12.3415,132.1601,319.7,1,1,2014-05-12,0455,Aqua,MODIS,56,6.2,301.8,8.9,D,0
-12.3518,132.1523,324.2,1,1,2014-05-12,0455,Aqua,MODIS,74,6.2,302.4,13.9,D,0
-12.3439,132.2073,317.1,1,1,2014-05-12,0455,Aqua,MODIS,30,6.2,301.4,6.6,D,0
-12.3426,132.2164,321.7,1,1,2014-05-12,0455,Aqua,MODIS,55,6.2,301.9,10.4,D,0
-12.3735,132.1931,316.4,1,1,2014-05-12,0455,Aqua,MODIS,54,6.2,302.5,6,D,0
-14.8793,128.0124,328.1,1.5,1.2,2014-05-12,0455,Aqua,MODIS,61,6.2,304.4,25,D,0
-14.881,128.0193,333.5,1.5,1.2,2014-05-12,0455,Aqua,MODIS,83,6.2,304.5,37.8,D,0
-14.892,128.0208,324.5,1.5,1.2,2014-05-12,0455,Aqua,MODIS,36,6.2,303.8,17.6,D,0
-12.4293,132.0575,319.3,1,1,2014-05-12,0455,Aqua,MODIS,60,6.2,302.3,8.5,D,0
-12.428,132.0666,326.8,1,1,2014-05-12,0455,Aqua,MODIS,74,6.2,303.8,15.5,D,0
-12.3661,132.1171,319.7,1,1,2014-05-12,0455,Aqua,MODIS,56,6.2,302.3,8.4,D,0
-13.8704,132.1436,323.5,1,1,2014-05-12,0455,Aqua,MODIS,69,6.2,309.2,8.1,D,0
-13.8872,132.1517,329,1,1,2014-05-12,0455,Aqua,MODIS,62,6.2,309,13.2,D,0
-12.3648,132.1263,319.9,1,1,2014-05-12,0455,Aqua,MODIS,49,6.2,302.1,8.6,D,0
-12.397,132.0937,318.8,1,1,2014-05-12,0455,Aqua,MODIS,64,6.2,302.3,8.3,D,0
-14.7833,128.052,336.1,1.5,1.2,2014-05-12,0455,Aqua,MODIS,86,6.2,304.9,44.4,D,0
-14.7815,128.066,370.5,1.5,1.2,2014-05-12,0455,Aqua,MODIS,100,6.2,305,192.7,D,0
-14.7846,128.0573,362.7,1.5,1.2,2014-05-12,0455,Aqua,MODIS,100,6.2,305.2,149.9,D,0
-14.7828,128.0714,354.5,1.5,1.2,2014-05-12,0455,Aqua,MODIS,97,6.2,303.3,110.6,D,0
-15.0438,126.7449,318.6,1.9,1.3,2014-05-12,0455,Aqua,MODIS,33,6.2,298.9,20.9,D,0
-15.3,126.1995,326.7,2.1,1.4,2014-05-12,0455,Aqua,MODIS,58,6.2,298.5,55.5,D,0
-14.9492,127.6428,318.9,1.6,1.3,2014-05-12,0455,Aqua,MODIS,29,6.2,299.2,18.5,D,0
-14.9945,127.83,321.4,1.6,1.2,2014-05-12,0455,Aqua,MODIS,69,6.2,302.6,15.6,D,0
-14.994,127.835,321.9,1.6,1.2,2014-05-12,0455,Aqua,MODIS,68,6.2,302.2,15.2,D,0
-13.413,131.3488,329.2,1,1,2014-05-12,0455,Aqua,MODIS,79,6.2,307.7,15.4,D,0
-13.4143,131.3394,331.1,1,1,2014-05-12,0455,Aqua,MODIS,81,6.2,306.8,17.5,D,0
-13.4039,131.3474,339.5,1,1,2014-05-12,0455,Aqua,MODIS,88,6.2,308.4,28.9,D,0
-13.4052,131.3381,344,1,1,2014-05-12,0455,Aqua,MODIS,91,6.2,306.1,36.1,D,0
-13.3949,131.3461,348.9,1,1,2014-05-12,0455,Aqua,MODIS,94,6.2,311.1,46.9,D,0
-13.3962,131.3368,400.8,1,1,2014-05-12,0455,Aqua,MODIS,100,6.2,314.6,248.7,D,0
-13.3975,131.3274,341.6,1,1,2014-05-12,0455,Aqua,MODIS,89,6.2,303.7,33,D,0
-12.3566,132.2467,323.8,1,1,2014-05-12,0455,Aqua,MODIS,63,6.2,299.8,11.5,D,0
-14.7338,128.0029,323.3,1.5,1.2,2014-05-12,0455,Aqua,MODIS,60,6.2,303.9,15,D,0
-14.2357,126.1932,322.9,2,1.4,2014-05-12,0455,Aqua,MODIS,72,6.2,299.9,32.7,D,0
-14.8465,127.5559,314.6,1.6,1.3,2014-05-12,0455,Aqua,MODIS,18,6.2,295.2,8.9,D,0
-14.255,126.1386,318,2.1,1.4,2014-05-12,0455,Aqua,MODIS,62,6.2,300.9,20,D,0
-14.3696,126.2797,325.1,2,1.4,2014-05-12,0455,Aqua,MODIS,75,6.2,299.6,41.5,D,0
-14.3674,126.2727,323.5,2,1.4,2014-05-12,0455,Aqua,MODIS,67,6.2,299.6,37.4,D,0
-14.3449,126.8016,320.8,1.8,1.3,2014-05-12,0455,Aqua,MODIS,29,6.2,301.5,22.2,D,0
-12.372,132.2677,329.5,1,1,2014-05-12,0455,Aqua,MODIS,76,6.2,302.6,18.2,D,0
-12.3706,132.2769,336.1,1,1,2014-05-12,0455,Aqua,MODIS,75,6.2,305.2,28.5,D,0
-14.1113,132.3203,323.7,1,1,2014-05-12,0455,Aqua,MODIS,58,6.2,304.9,10.5,D,0
-14.9307,126.683,322.4,1.9,1.4,2014-05-12,0455,Aqua,MODIS,43,6.2,295.2,33.2,D,0
-12.3924,132.3139,317.8,1,1,2014-05-12,0455,Aqua,MODIS,60,6.2,303.7,7.8,D,0
-14.347,126.7845,333.2,1.8,1.3,2014-05-12,0455,Aqua,MODIS,84,6.2,300.9,59,D,0
-12.4151,132.4113,348.5,1,1,2014-05-12,0455,Aqua,MODIS,71,6.2,305.5,49.4,D,0
-15.0552,127.7986,325.5,1.6,1.2,2014-05-12,0455,Aqua,MODIS,70,6.2,302.2,26.2,D,0
-14.1414,130.9931,333.2,1,1,2014-05-12,0455,Aqua,MODIS,80,6.2,309.3,21.2,D,0
-14.1427,130.9835,329.9,1,1,2014-05-12,0455,Aqua,MODIS,45,6.2,308.6,15.1,D,0
-14.144,130.9738,333.2,1,1,2014-05-12,0455,Aqua,MODIS,83,6.2,308.1,20.9,D,0
-13.8175,130.8128,335,1.1,1,2014-05-12,0455,Aqua,MODIS,83,6.2,302.6,26.2,D,0
-13.8227,130.8432,337.2,1.1,1,2014-05-12,0455,Aqua,MODIS,76,6.2,302.9,26.6,D,0
-12.3934,132.3704,325.4,1,1,2014-05-12,0455,Aqua,MODIS,0,6.2,300.7,15.5,D,0
-12.4072,132.0859,327.6,1,1,2014-05-12,0455,Aqua,MODIS,78,6.2,303.8,17,D,0
-12.4086,132.0768,325,1,1,2014-05-12,0455,Aqua,MODIS,66,6.2,303.3,14.3,D,0
-14.2871,131.8596,343.9,1,1,2014-05-12,0455,Aqua,MODIS,91,6.2,306.1,39.3,D,0
-13.589,132.248,323.7,1,1,2014-05-12,0455,Aqua,MODIS,70,6.2,306.2,10.1,D,0
-13.2948,131.3343,328,1,1,2014-05-12,0455,Aqua,MODIS,72,6.2,304.8,13.3,D,0
-13.2935,131.3437,334.6,1,1,2014-05-12,0455,Aqua,MODIS,84,6.2,307.1,22.2,D,0
-13.5789,132.2494,318.2,1,1,2014-05-12,0455,Aqua,MODIS,40,6.2,304.5,5.3,D,0
-13.9643,132.1258,327.1,1,1,2014-05-12,0455,Aqua,MODIS,74,6.2,307.3,13.2,D,0
-13.963,132.135,322.5,1,1,2014-05-12,0455,Aqua,MODIS,65,6.2,305.3,7.4,D,0
-14.2576,131.8779,319.6,1,1,2014-05-12,0455,Aqua,MODIS,22,6.2,301.8,5.6,D,0
-13.544,132.3003,323.6,1,1,2014-05-12,0455,Aqua,MODIS,70,6.2,307.6,9.2,D,0
-13.2753,132.3822,318.9,1,1,2014-05-12,0455,Aqua,MODIS,57,6.2,300.3,8.2,D,0
-13.2856,132.3744,318.8,1,1,2014-05-12,0455,Aqua,MODIS,43,6.2,299,7.5,D,0
-13.2843,132.3836,325,1,1,2014-05-12,0455,Aqua,MODIS,72,6.2,301.9,13.9,D,0
-13.283,132.3928,327,1,1,2014-05-12,0455,Aqua,MODIS,71,6.2,301.6,15.6,D,0
-14.2621,132.4874,326.8,1,1,2014-05-12,0455,Aqua,MODIS,68,6.2,304.1,12.7,D,0
-13.6307,131.4945,325.1,1,1,2014-05-12,0455,Aqua,MODIS,65,6.2,306.2,10.3,D,0
-13.3858,131.3447,327.8,1,1,2014-05-12,0455,Aqua,MODIS,46,6.2,310.1,12.4,D,0
-13.3871,131.3354,357.1,1,1,2014-05-12,0455,Aqua,MODIS,98,6.2,310.3,64.6,D,0
-13.3677,131.3421,352.9,1,1,2014-05-12,0455,Aqua,MODIS,96,6.2,312.1,54.5,D,0
-13.369,131.3327,377.4,1,1,2014-05-12,0455,Aqua,MODIS,100,6.2,311.4,128.5,D,0
-13.3401,131.341,335.6,1,1,2014-05-12,0455,Aqua,MODIS,85,6.2,308.1,25.1,D,0
-13.3297,131.349,331.4,1,1,2014-05-12,0455,Aqua,MODIS,81,6.2,304.4,18.6,D,0
-13.331,131.3397,329.5,1,1,2014-05-12,0455,Aqua,MODIS,75,6.2,304.7,16,D,0
-13.3884,131.3261,333.5,1,1,2014-05-12,0455,Aqua,MODIS,80,6.2,305.9,19.6,D,0
-13.3716,131.3141,323,1,1,2014-05-12,0455,Aqua,MODIS,33,6.2,304.5,8.4,D,0
-13.3535,131.3114,337.2,1,1,2014-05-12,0455,Aqua,MODIS,86,6.2,303.5,27.3,D,0
-13.3548,131.302,328.9,1,1,2014-05-12,0455,Aqua,MODIS,70,6.2,302.3,16,D,0
-13.3259,131.3104,326.9,1,1,2014-05-12,0455,Aqua,MODIS,39,6.2,303.1,12.9,D,0
-13.3169,131.309,319.6,1,1,2014-05-12,0455,Aqua,MODIS,50,6.2,302.5,6.5,D,0
-13.3078,131.3077,334.9,1,1,2014-05-12,0455,Aqua,MODIS,84,6.2,303,24.9,D,0
-13.3091,131.2983,337.9,1,1,2014-05-12,0455,Aqua,MODIS,87,6.2,304.2,29.3,D,0
-13.3104,131.289,328.3,1,1,2014-05-12,0455,Aqua,MODIS,78,6.2,303,15.8,D,0
-13.4926,131.3664,320.3,1,1,2014-05-12,0455,Aqua,MODIS,49,6.2,306,5.8,D,0
-13.4939,131.3571,326.6,1,1,2014-05-12,0455,Aqua,MODIS,75,6.2,305.9,12.4,D,0
-13.9587,132.235,328.2,1,1,2014-05-12,0455,Aqua,MODIS,67,6.2,309.7,11,D,0
-14.2949,131.8039,363.5,1,1,2014-05-12,0455,Aqua,MODIS,100,6.2,304.2,86.9,D,0
-13.0365,132.0553,321.5,1,1,2014-05-12,0455,Aqua,MODIS,53,6.2,300.4,7.8,D,0
-14.3039,131.8053,359.7,1,1,2014-05-12,0455,Aqua,MODIS,99,6.2,307.1,74.9,D,0
-14.3026,131.8146,349.2,1,1,2014-05-12,0455,Aqua,MODIS,94,6.2,306.3,50,D,0
-14.1039,132.7595,326.2,1,1,2014-05-12,0455,Aqua,MODIS,47,6.2,308.4,8,D,0
-13.5012,132.4065,326.3,1,1,2014-05-12,0455,Aqua,MODIS,75,6.2,306.3,14.1,D,0
-13.5025,132.3973,320,1,1,2014-05-12,0455,Aqua,MODIS,62,6.2,304.9,7.9,D,0
-13.4936,132.396,325.7,1,1,2014-05-12,0455,Aqua,MODIS,69,6.2,304.4,12.5,D,0
-13.8888,131.0935,325.1,1,1,2014-05-12,0455,Aqua,MODIS,72,6.2,308.6,11.3,D,0
-13.2484,132.3781,317.7,1,1,2014-05-12,0455,Aqua,MODIS,51,6.2,300.3,7.6,D,0
-13.8741,131.6633,326,1,1,2014-05-12,0455,Aqua,MODIS,54,6.2,305.4,13.1,D,0
-13.8333,130.8349,332.3,1.1,1,2014-05-12,0455,Aqua,MODIS,31,6.2,307.2,16.8,D,0
-14.1833,131.879,324.4,1,1,2014-05-12,0455,Aqua,MODIS,70,6.2,307.6,11.3,D,0
-14.1287,133.6522,325.8,1,1,2014-05-12,0455,Aqua,MODIS,24,6.2,307.8,9.7,D,0
-13.8279,130.8736,337.1,1,1,2014-05-12,0455,Aqua,MODIS,86,6.2,304.4,28.9,D,0
-13.8293,130.8639,332,1,1,2014-05-12,0455,Aqua,MODIS,79,6.2,307.6,19.7,D,0
-14.2182,132.7923,332.7,1,1,2014-05-12,0455,Aqua,MODIS,65,6.2,309.6,17.1,D,0
-13.8201,130.8626,347.6,1,1,2014-05-12,0455,Aqua,MODIS,93,6.2,307.2,48.2,D,0
-13.8214,130.8529,369.6,1,1,2014-05-12,0455,Aqua,MODIS,100,6.2,308.3,109.2,D,0
-14.2511,132.8229,327.7,1,1,2014-05-12,0455,Aqua,MODIS,64,6.2,308.6,10.9,D,0
-14.2524,132.8137,332.1,1,1,2014-05-12,0455,Aqua,MODIS,80,6.2,309.6,16.3,D,0
-12.6244,132.4273,323.2,1,1,2014-05-12,0455,Aqua,MODIS,71,6.2,303.8,12.2,D,0
-12.642,132.4367,324.4,1,1,2014-05-12,0455,Aqua,MODIS,73,6.2,304,12.2,D,0
-13.297,132.4194,322.7,1,1,2014-05-12,0455,Aqua,MODIS,57,6.2,303.1,9.9,D,0
-14.1268,133.6026,321,1,1,2014-05-12,0455,Aqua,MODIS,24,6.2,304.4,5.7,D,0
-14.1282,133.593,329.7,1,1,2014-05-12,0455,Aqua,MODIS,78,6.2,307.7,16.5,D,0
-14.1139,133.6334,323.9,1,1,2014-05-12,0455,Aqua,MODIS,67,6.2,307.8,10.1,D,0
-14.1196,133.5949,321.6,1,1,2014-05-12,0455,Aqua,MODIS,38,6.2,306.4,7.4,D,0
-14.1062,133.6223,344.8,1,1,2014-05-12,0455,Aqua,MODIS,91,6.2,309.1,41.6,D,0
-14.1076,133.6126,350.1,1,1,2014-05-12,0455,Aqua,MODIS,95,6.2,309,52.2,D,0
-14.109,133.603,332.9,1,1,2014-05-12,0455,Aqua,MODIS,82,6.2,306.6,21.1,D,0
-14.0999,133.6015,330.9,1,1,2014-05-12,0455,Aqua,MODIS,79,6.2,306.1,18.6,D,0
-14.2258,132.8029,326.7,1,1,2014-05-12,0455,Aqua,MODIS,39,6.2,308.3,10.3,D,0
-12.651,132.438,318.2,1,1,2014-05-12,0455,Aqua,MODIS,41,6.2,304.5,6.6,D,0
-12.647,132.4657,336.3,1,1,2014-05-12,0455,Aqua,MODIS,0,6.2,304,28.5,D,0
-12.6457,132.4749,322,1,1,2014-05-12,0455,Aqua,MODIS,0,6.2,303,10.8,D,0
-12.6547,132.4762,336,1,1,2014-05-12,0455,Aqua,MODIS,74,6.2,305.9,27.2,D,0
-12.6727,132.479,316.1,1,1,2014-05-12,0455,Aqua,MODIS,44,6.2,302.7,5.6,D,0
-13.904,131.5158,325.1,1,1,2014-05-12,0455,Aqua,MODIS,35,6.2,308.1,8.8,D,0
-13.6019,132.2219,328,1,1,2014-05-12,0455,Aqua,MODIS,77,6.2,309.3,14.5,D,0
-14.3,131.8331,328.6,1,1,2014-05-12,0455,Aqua,MODIS,56,6.2,297.8,15.5,D,0
-14.3116,131.8159,334.2,1,1,2014-05-12,0455,Aqua,MODIS,75,6.2,305.3,23.7,D,0
-13.4922,132.4052,326.4,1,1,2014-05-12,0455,Aqua,MODIS,74,6.2,306.2,13.1,D,0
-13.5414,132.3187,325.6,1,1,2014-05-12,0455,Aqua,MODIS,74,6.2,304.3,11.6,D,0
-13.5401,132.3279,325.3,1,1,2014-05-12,0455,Aqua,MODIS,73,6.2,307,12.1,D,0
-13.6006,132.231,325.2,1,1,2014-05-12,0455,Aqua,MODIS,73,6.2,306.8,11,D,0
-12.7833,130.8483,337.9,1,1,2014-05-12,0455,Aqua,MODIS,66,6.2,303.3,27.9,D,0
-12.475,132.446,329.5,1,1,2014-05-12,0455,Aqua,MODIS,72,6.2,303.8,18,D,0
-12.6054,132.6224,323.6,1,1,2014-05-12,0455,Aqua,MODIS,72,6.2,304.3,12.8,D,0
-12.5616,132.6062,320.3,1,1,2014-05-12,0455,Aqua,MODIS,65,6.2,304.5,8.6,D,0
-12.4762,132.2423,318.8,1,1,2014-05-12,0455,Aqua,MODIS,64,6.2,304.7,6.8,D,0
-12.5238,132.491,317.6,1,1,2014-05-12,0455,Aqua,MODIS,58,6.2,303.4,6,D,0
-12.7272,130.7958,320,1,1,2014-05-12,0455,Aqua,MODIS,60,6.2,298.3,10.9,D,0
-12.7585,130.8391,332.4,1,1,2014-05-12,0455,Aqua,MODIS,84,6.2,302.4,23.3,D,0
-12.5328,132.4924,318.3,1,1,2014-05-12,0455,Aqua,MODIS,61,6.2,304.7,6.7,D,0
-12.527,131.9575,317.3,1,1,2014-05-12,0455,Aqua,MODIS,60,6.2,301.3,6.9,D,0
-12.8303,130.7776,320.8,1,1,2014-05-12,0455,Aqua,MODIS,60,6.2,293.2,11.8,D,0
-12.7872,130.8198,338.8,1,1,2014-05-12,0455,Aqua,MODIS,85,6.2,300.6,27.1,D,0
-12.7285,130.7863,317.6,1,1,2014-05-12,0455,Aqua,MODIS,45,6.2,297.3,9.1,D,0
-12.7885,130.8103,347,1,1,2014-05-12,0455,Aqua,MODIS,93,6.2,299.4,43,D,0
-12.6087,132.472,318.9,1,1,2014-05-12,0455,Aqua,MODIS,59,6.2,304.3,7.7,D,0
-12.4674,132.4354,317.5,1,1,2014-05-12,0455,Aqua,MODIS,38,6.2,301.3,5.7,D,0
-12.7741,130.847,332.9,1,1,2014-05-12,0455,Aqua,MODIS,55,6.2,303,20,D,0
-13.232,131.3287,328.8,1,1,2014-05-12,0455,Aqua,MODIS,47,6.2,308,12.6,D,0
-12.829,130.7871,338.2,1,1,2014-05-12,0455,Aqua,MODIS,83,6.2,298.1,33.9,D,0
-13.0697,130.8409,317.3,1,1,2014-05-12,0455,Aqua,MODIS,58,6.2,301.4,7.6,D,0
-12.8094,130.794,357.3,1,1,2014-05-12,0455,Aqua,MODIS,98,6.2,300.6,68.9,D,0
-12.4514,132.351,317,1,1,2014-05-12,0455,Aqua,MODIS,15,6.2,303.1,5.9,D,0
-12.7756,130.7835,320.6,1,1,2014-05-12,0455,Aqua,MODIS,31,6.2,297.9,11.2,D,0
-12.7611,130.8201,336.1,1,1,2014-05-12,0455,Aqua,MODIS,86,6.2,301.1,28.7,D,0
-12.5309,132.5637,330.6,1,1,2014-05-12,0455,Aqua,MODIS,81,6.2,304.7,19.9,D,0
-12.7621,131.921,320.8,1,1,2014-05-12,0455,Aqua,MODIS,67,6.2,305.3,7.3,D,0
-12.8107,130.7844,338.4,1,1,2014-05-12,0455,Aqua,MODIS,50,6.2,299.6,30.6,D,0
-12.5608,132.2338,318.4,1,1,2014-05-12,0455,Aqua,MODIS,51,6.2,304.2,6.5,D,0
-13.0344,131.0292,321,1,1,2014-05-12,0455,Aqua,MODIS,68,6.2,303.9,8.5,D,0
-12.8016,130.7831,341.1,1,1,2014-05-12,0455,Aqua,MODIS,90,6.2,299.8,37.5,D,0
-12.5221,132.5662,317.5,1,1,2014-05-12,0455,Aqua,MODIS,58,6.2,304.7,6.2,D,0
-12.7846,130.8388,339.4,1,1,2014-05-12,0455,Aqua,MODIS,83,6.2,302.5,28.6,D,0
-12.5295,132.573,320.1,1,1,2014-05-12,0455,Aqua,MODIS,60,6.2,304.7,7.8,D,0
-12.7571,130.8486,329.4,1,1,2014-05-12,0455,Aqua,MODIS,81,6.2,303.1,19.6,D,0
-12.7911,130.8591,320.7,1,1,2014-05-12,0455,Aqua,MODIS,23,6.2,301.7,9,D,0
-12.8003,130.7926,350.8,1,1,2014-05-12,0455,Aqua,MODIS,95,6.2,300.4,55.5,D,0
-12.8342,130.817,344.8,1,1,2014-05-12,0455,Aqua,MODIS,92,6.2,297.9,43.7,D,0
-12.7728,130.8564,332.9,1,1,2014-05-12,0455,Aqua,MODIS,66,6.2,303.3,22.4,D,0
-12.9522,132.5775,326.1,1,1,2014-05-12,0455,Aqua,MODIS,74,6.2,306.4,13.7,D,0
-12.7794,130.8089,345.8,1,1,2014-05-12,0455,Aqua,MODIS,86,6.2,303.1,41.5,D,0
-12.7742,130.793,324.1,1,1,2014-05-12,0455,Aqua,MODIS,41,6.2,299.3,13.9,D,0
-12.5326,132.2388,318.5,1,1,2014-05-12,0455,Aqua,MODIS,36,6.2,304.4,5.8,D,0
-12.4787,132.4842,326.2,1,1,2014-05-12,0455,Aqua,MODIS,76,6.2,304.7,15.3,D,0
-12.4877,132.4855,327,1,1,2014-05-12,0455,Aqua,MODIS,77,6.2,304.9,15.3,D,0
-12.6177,132.4733,350.5,1,1,2014-05-12,0455,Aqua,MODIS,72,6.2,305.8,54.4,D,0
-13.0331,131.0386,321.4,1,1,2014-05-12,0455,Aqua,MODIS,65,6.2,302,9,D,0
-12.5056,132.2348,335,1,1,2014-05-12,0455,Aqua,MODIS,85,6.2,306.2,25.4,D,0
-12.9535,132.5682,318.6,1,1,2014-05-12,0455,Aqua,MODIS,47,6.2,303.9,5.9,D,0
-12.7754,130.8375,338.3,1,1,2014-05-12,0455,Aqua,MODIS,73,6.2,302.6,29.2,D,0
-12.8251,130.8157,334.6,1,1,2014-05-12,0455,Aqua,MODIS,77,6.2,295.8,25.4,D,0
-12.8159,130.8143,331.5,1,1,2014-05-12,0455,Aqua,MODIS,43,6.2,293.2,17.6,D,0
-12.4774,132.4934,321.1,1,1,2014-05-12,0455,Aqua,MODIS,68,6.2,303.8,10,D,0
-12.8081,130.8035,350,1,1,2014-05-12,0455,Aqua,MODIS,95,6.2,296.5,50.3,D,0
-12.5235,132.557,332.8,1,1,2014-05-12,0455,Aqua,MODIS,83,6.2,305.9,23.8,D,0
-12.7649,130.8594,322.9,1,1,2014-05-12,0455,Aqua,MODIS,73,6.2,302.9,12,D,0
-12.4527,132.3418,321.1,1,1,2014-05-12,0455,Aqua,MODIS,57,6.2,304.3,9.3,D,0
-12.5997,132.4706,330.6,1,1,2014-05-12,0455,Aqua,MODIS,81,6.2,304,20.4,D,0
-12.4737,132.4552,325.1,1,1,2014-05-12,0455,Aqua,MODIS,62,6.2,302.9,13.2,D,0
-12.5043,132.2439,319.5,1,1,2014-05-12,0455,Aqua,MODIS,65,6.2,305.9,6.7,D,0
-12.7608,131.9301,320.3,1,1,2014-05-12,0455,Aqua,MODIS,66,6.2,305.1,6.6,D,0
-12.7624,130.8106,334.1,1,1,2014-05-12,0455,Aqua,MODIS,80,6.2,301.2,25.9,D,0
-12.5146,132.2361,336.6,1,1,2014-05-12,0455,Aqua,MODIS,86,6.2,305.6,27.3,D,0
-12.4604,132.3524,320.1,1,1,2014-05-12,0455,Aqua,MODIS,32,6.2,304.1,8.3,D,0
-12.466,132.4446,318.7,1,1,2014-05-12,0455,Aqua,MODIS,30,6.2,302.3,6.6,D,0
-32.4609,117.2681,303.7,1.5,1.2,2014-05-12,0628,Aqua,MODIS,0,6.2,288.1,6.1,D,0
-34.6944,118.2334,325.6,1.6,1.2,2014-05-12,0628,Aqua,MODIS,71,6.2,287.2,42.7,D,0
-32.1918,117.1624,308.1,1.5,1.2,2014-05-12,0628,Aqua,MODIS,66,6.2,293.8,10.3,D,0
-32.087,118.3608,305.7,1.8,1.3,2014-05-12,0628,Aqua,MODIS,62,6.2,292.8,10.2,D,0
-34.6813,118.2353,345.2,1.6,1.2,2014-05-12,0628,Aqua,MODIS,94,6.2,286.3,99.8,D,0
-34.6923,118.2385,339.4,1.6,1.2,2014-05-12,0628,Aqua,MODIS,91,6.2,286.7,80.3,D,0
-31.8282,119.1143,308.7,2.1,1.4,2014-05-12,0628,Aqua,MODIS,63,6.2,289.8,18.4,D,0
-31.962,116.8993,312.3,1.5,1.2,2014-05-12,0628,Aqua,MODIS,65,6.2,285.1,15.7,D,0
-32.0846,116.9874,310.3,1.5,1.2,2014-05-12,0628,Aqua,MODIS,69,6.2,290.7,14.5,D,0
-32.1396,117.1245,320.8,1.5,1.2,2014-05-12,0628,Aqua,MODIS,80,6.2,293.8,30.5,D,0
-31.4186,116.6353,316,1.5,1.2,2014-05-12,0628,Aqua,MODIS,43,6.2,292.4,17.4,D,0
-32.3979,117.2978,305.6,1.6,1.2,2014-05-12,0628,Aqua,MODIS,62,6.2,292.5,7.4,D,0
-32.139,116.6922,313.2,1.4,1.2,2014-05-12,0628,Aqua,MODIS,72,6.2,290.8,17.3,D,0
-32.0575,116.8095,309.7,1.5,1.2,2014-05-12,0628,Aqua,MODIS,53,6.2,294.6,11.9,D,0
-31.959,116.9151,376.1,1.5,1.2,2014-05-12,0628,Aqua,MODIS,94,6.2,292.5,247.3,D,0
-31.9588,116.9095,360.7,1.5,1.2,2014-05-12,0628,Aqua,MODIS,100,6.2,291.1,155.7,D,0
-32.0547,116.8251,330.1,1.5,1.2,2014-05-12,0628,Aqua,MODIS,86,6.2,295.4,47.2,D,0
-34.6834,118.2303,353.7,1.6,1.2,2014-05-12,0628,Aqua,MODIS,97,6.2,288.8,135.5,D,0
-32.3949,117.3141,313.3,1.6,1.2,2014-05-12,0628,Aqua,MODIS,73,6.2,293.7,17.7,D,0
-32.1366,117.1405,311.8,1.5,1.2,2014-05-12,0628,Aqua,MODIS,71,6.2,293.7,16.1,D,0
-34.0796,116.0905,303.2,1.2,1.1,2014-05-12,0628,Aqua,MODIS,55,6.2,288.9,8.8,D,0
-34.1991,115.9322,300.3,1.2,1.1,2014-05-12,0628,Aqua,MODIS,34,6.2,288.3,6.3,D,0
-31.4736,115.6867,344.7,1.3,1.1,2014-05-12,0629,Aqua,MODIS,94,6.2,295.5,69.1,D,0
-31.4712,115.7004,328.8,1.3,1.1,2014-05-12,0629,Aqua,MODIS,62,6.2,295.1,32.7,D,0
-31.4939,115.6917,324.1,1.3,1.1,2014-05-12,0629,Aqua,MODIS,82,6.2,292.9,28.1,D,0
-31.461,115.6979,324.7,1.3,1.1,2014-05-12,0629,Aqua,MODIS,83,6.2,294.1,28.9,D,0
-31.4634,115.6842,372.1,1.3,1.1,2014-05-12,0629,Aqua,MODIS,100,6.2,296.6,179.2,D,0
-30.5074,115.515,305.9,1.3,1.1,2014-05-12,0629,Aqua,MODIS,51,6.2,291.1,10.1,D,0
-28.7024,114.7157,308.6,1.3,1.1,2014-05-12,0629,Aqua,MODIS,44,6.2,297.2,5.9,D,0
-24.4885,121.7157,317.6,4.6,2,2014-05-12,0630,Aqua,MODIS,10,6.2,300.9,75.2,D,0
-24.503,121.815,317.4,4.7,2,2014-05-12,0630,Aqua,MODIS,28,6.2,301,77.4,D,0
-24.6354,121.7214,348.6,4.6,2,2014-05-12,0630,Aqua,MODIS,82,6.2,302.7,454.4,D,0
-24.6457,121.677,328.6,4.6,2,2014-05-12,0630,Aqua,MODIS,62,6.2,301.9,167.7,D,0
-24.618,121.7163,352.2,4.6,2,2014-05-12,0630,Aqua,MODIS,84,6.2,301.5,537.2,D,0
-24.6284,121.6719,319.5,4.6,2,2014-05-12,0630,Aqua,MODIS,54,6.2,300.9,84.2,D,0
-24.6449,121.7678,314.9,4.6,2,2014-05-12,0630,Aqua,MODIS,28,6.2,302.1,57.7,D,0
-24.6377,121.7177,347.5,4.6,2,2014-05-12,0630,Aqua,MODIS,71,6.2,302.4,442.8,D,0
-24.6203,121.7126,354.4,4.6,2,2014-05-12,0630,Aqua,MODIS,73,6.2,302.2,591.1,D,0
-24.6304,121.6681,313.3,4.6,2,2014-05-12,0630,Aqua,MODIS,22,6.2,300.9,41.6,D,0
-24.4886,121.8069,320.3,4.7,2,2014-05-12,0630,Aqua,MODIS,12,6.2,299.5,96.4,D,0
-21.4393,118.9654,318.9,3.5,1.8,2014-05-12,0631,Aqua,MODIS,66,6.2,299.3,43,D,0
-26.6575,151.0114,300.8,1,1,2014-05-12,1237,Terra,MODIS,29,6.2,285.3,6.2,N,0
-26.6483,151.0099,302.6,1,1,2014-05-12,1237,Terra,MODIS,50,6.2,286.4,7.2,N,0
-26.7223,151.8802,300.7,1,1,2014-05-12,1237,Terra,MODIS,33,6.2,284.3,7,N,0
-26.7237,151.8701,304.8,1,1,2014-05-12,1237,Terra,MODIS,62,6.2,283.6,9.2,N,0
-27.4764,150.5004,307.8,1.1,1,2014-05-12,1237,Terra,MODIS,73,6.2,287.1,11,N,0
-27.4459,149.4394,300.4,1.2,1.1,2014-05-12,1237,Terra,MODIS,26,6.2,284.3,8,N,0
-28.1761,149.3612,309.1,1.2,1.1,2014-05-12,1237,Terra,MODIS,77,6.2,285.9,14.5,N,0
-28.1876,149.3501,306.2,1.2,1.1,2014-05-12,1237,Terra,MODIS,67,6.2,285.6,12,N,0
-28.0709,151.8931,302.4,1,1,2014-05-12,1237,Terra,MODIS,49,6.2,283.4,8.2,N,0
-24.8052,147.6711,300.3,1.4,1.2,2014-05-12,1238,Terra,MODIS,11,6.2,286.2,9.5,N,0
-24.8036,147.6849,312.5,1.4,1.2,2014-05-12,1238,Terra,MODIS,85,6.2,287.9,22.7,N,0
-22.6323,124.7709,309.8,1.1,1,2014-05-12,1417,Terra,MODIS,78,6.2,291.9,10.3,N,0
-22.1655,123.006,302.8,1.3,1.1,2014-05-12,1417,Terra,MODIS,37,6.2,291.5,8.6,N,0
-22.1757,123.0075,324.4,1.3,1.1,2014-05-12,1417,Terra,MODIS,66,6.2,292.6,30.8,N,0
-22.1741,123.0199,330.1,1.3,1.1,2014-05-12,1417,Terra,MODIS,70,6.2,292.4,39.8,N,0
-22.1734,123.0129,343.7,1.3,1.1,2014-05-12,1417,Terra,MODIS,100,6.2,293.7,68.7,N,0
-22.1851,123.0019,321.4,1.3,1.1,2014-05-12,1417,Terra,MODIS,49,6.2,291.8,25.1,N,0
-22.1836,123.0144,330.6,1.3,1.1,2014-05-12,1417,Terra,MODIS,98,6.2,292.5,38.4,N,0
-22.1952,123.0034,329,1.3,1.1,2014-05-12,1417,Terra,MODIS,93,6.2,292.1,37.1,N,0
-22.6417,124.7723,302.7,1.1,1,2014-05-12,1417,Terra,MODIS,29,6.2,291.1,4.9,N,0
-19.783,127.429,303.9,1.1,1,2014-05-12,1418,Terra,MODIS,58,6.2,293.1,5.6,N,0
-16.6203,130.4756,309,1.7,1.3,2014-05-12,1419,Terra,MODIS,76,6.2,294.2,15,N,0
-15.4609,126.2334,305.3,1,1,2014-05-12,1419,Terra,MODIS,64,6.2,292.5,6.2,N,0
-16.1321,126.0501,304.6,1,1,2014-05-12,1419,Terra,MODIS,51,6.2,294.1,3.9,N,0
-15.1013,127.9889,305.6,1.3,1.1,2014-05-12,1419,Terra,MODIS,65,6.2,294.8,6.2,N,0
-15.0486,126.7569,305.1,1.1,1,2014-05-12,1419,Terra,MODIS,35,6.2,293,4.4,N,0
-15.0518,126.7364,305.4,1.1,1,2014-05-12,1419,Terra,MODIS,41,6.2,294.6,4.7,N,0
-16.6292,130.4939,306.9,1.7,1.3,2014-05-12,1419,Terra,MODIS,41,6.2,293.9,11,N,0
-15.5943,124.4833,305.1,1,1,2014-05-12,1419,Terra,MODIS,63,6.2,295,3.7,N,0
-15.5476,126.017,303.2,1,1,2014-05-12,1419,Terra,MODIS,54,6.2,292.8,4.3,N,0
-16.1426,126.0421,305.1,1,1,2014-05-12,1419,Terra,MODIS,63,6.2,294.2,4.3,N,0
-20.7333,139.4899,300.2,1.5,1.2,2014-05-12,1547,Aqua,MODIS,20,6.2,289.1,7.8,N,2
-20.7309,139.4757,308.8,1.5,1.2,2014-05-12,1547,Aqua,MODIS,75,6.2,290.4,17.2,N,2
-24.8029,147.699,300.3,1.5,1.2,2014-05-12,1548,Aqua,MODIS,15,6.2,285.6,10.3,N,0
-24.804,147.6922,300.8,1.5,1.2,2014-05-12,1548,Aqua,MODIS,34,6.2,286,11.6,N,0
-37.4427,143.2345,302,1.2,1.1,2014-05-12,1551,Aqua,MODIS,46,6.2,275,12.4,N,0
-37.4443,143.2484,308.6,1.2,1.1,2014-05-12,1551,Aqua,MODIS,75,6.2,276.4,17.7,N,0
-16.6142,130.494,300.9,4.1,1.9,2014-05-12,1724,Aqua,MODIS,31,6.2,290.9,30.3,N,0
-22.2043,122.9878,304.9,1.4,1.2,2014-05-12,1726,Aqua,MODIS,34,6.2,287.7,11.6,N,0
-22.2165,122.9999,308.5,1.4,1.2,2014-05-12,1726,Aqua,MODIS,75,6.2,288.3,15.7,N,0
-22.3895,124.8825,302.3,1.9,1.3,2014-05-12,1726,Aqua,MODIS,48,6.2,288.2,15.7,N,0
-22.2059,123.0013,320.9,1.4,1.2,2014-05-12,1726,Aqua,MODIS,100,6.2,289.5,31.8,N,0
-21.4339,119.5127,314.2,1,1,2014-05-12,1726,Aqua,MODIS,89,6.2,292.2,12.6,N,0
-32.8994,116.0671,302,1,1,2014-05-12,1729,Aqua,MODIS,46,6.2,281.4,8,N,0
-32.8438,116.4367,310.7,1,1,2014-05-12,1729,Aqua,MODIS,81,6.2,282.6,13.6,N,0
-32.901,116.0777,311.7,1,1,2014-05-12,1729,Aqua,MODIS,83,6.2,282,14.2,N,0
-34.5389,117.3951,316.2,1,1,2014-05-12,1730,Aqua,MODIS,93,6.2,278.1,19.9,N,0
-34.5312,117.4082,311.2,1,1,2014-05-12,1730,Aqua,MODIS,82,6.2,277.9,15.6,N,0
-25.6419,151.5095,312.4,2.7,1.6,2014-05-12,2335,Terra,MODIS,68,6.2,292.2,41.3,D,0
-25.6449,151.5017,310.4,2.7,1.6,2014-05-12,2335,Terra,MODIS,70,6.2,292.2,34.5,D,0
-31.593,150.6465,302.9,2.2,1.4,2014-05-12,2336,Terra,MODIS,54,6.2,289.7,13.2,D,0
-35.3777,149.9328,336.9,2,1.4,2014-05-12,2337,Terra,MODIS,90,6.2,284.4,112.6,D,0
-35.3728,149.9186,324.4,2,1.4,2014-05-12,2337,Terra,MODIS,83,6.2,284.6,67.6,D,0
-35.3732,149.9115,304.1,2,1.4,2014-05-12,2337,Terra,MODIS,58,6.2,284.4,21.2,D,0
-35.3772,149.9399,328.1,2,1.4,2014-05-12,2337,Terra,MODIS,85,6.2,283.6,79.6,D,0
-38.4582,146.61,309.8,2.7,1.6,2014-05-12,2338,Terra,MODIS,69,6.2,285.8,47.9,D,0
-12.5319,141.9358,315.7,1.4,1.2,2014-05-13,0109,Terra,MODIS,76,6.2,289.1,16,D,0
-12.5336,141.9485,314.8,1.4,1.2,2014-05-13,0109,Terra,MODIS,75,6.2,287.7,15.5,D,0
-14.5384,131.5887,317.7,2,1.4,2014-05-13,0110,Terra,MODIS,52,6.2,301.2,18.6,D,0
-14.6246,133.1008,317.7,1.6,1.2,2014-05-13,0110,Terra,MODIS,64,6.2,301.5,12.1,D,0
-14.627,133.1152,317,1.6,1.2,2014-05-13,0110,Terra,MODIS,62,6.2,300.8,11.4,D,0
-14.1745,130.2987,316.7,2.6,1.5,2014-05-13,0110,Terra,MODIS,64,6.2,300.3,30.3,D,0
-14.1789,130.3224,326.1,2.6,1.5,2014-05-13,0110,Terra,MODIS,78,6.2,300.8,68.5,D,0
-14.1733,130.3293,316.7,2.6,1.5,2014-05-13,0110,Terra,MODIS,50,6.2,301.2,27.8,D,0
-14.183,130.3031,318.2,2.6,1.5,2014-05-13,0110,Terra,MODIS,64,6.2,300.2,34.4,D,0
-13.8242,130.803,316.6,2.4,1.5,2014-05-13,0110,Terra,MODIS,26,6.2,301.9,22.1,D,0
-13.8185,130.7973,320.7,2.4,1.5,2014-05-13,0110,Terra,MODIS,70,6.2,301.9,38.4,D,0
-12.4041,132.4253,318.7,1.9,1.4,2014-05-13,0110,Terra,MODIS,66,6.2,299.9,24.8,D,0
-14.1425,130.9859,319,2.3,1.5,2014-05-13,0110,Terra,MODIS,64,6.2,302.1,29,D,0
-12.4162,132.4232,317.4,1.9,1.4,2014-05-13,0110,Terra,MODIS,52,6.2,299.5,20.5,D,0
-13.9348,132.115,316.6,1.9,1.3,2014-05-13,0110,Terra,MODIS,14,6.2,300.9,14.9,D,0
-13.9428,132.1195,318.1,1.9,1.3,2014-05-13,0110,Terra,MODIS,66,6.2,301.7,20.2,D,0
-13.9399,132.1019,320.3,1.9,1.3,2014-05-13,0110,Terra,MODIS,70,6.2,301.3,24.7,D,0
-14.2043,131.7133,313.2,2,1.4,2014-05-13,0110,Terra,MODIS,48,6.2,300.3,14.6,D,0
-14.3042,131.5339,318.6,2.1,1.4,2014-05-13,0110,Terra,MODIS,60,6.2,301.3,24.8,D,0
-13.9457,132.1367,320.3,1.9,1.3,2014-05-13,0110,Terra,MODIS,70,6.2,301.5,23.6,D,0
-14.668,131.277,318.3,2.1,1.4,2014-05-13,0110,Terra,MODIS,67,6.2,300.5,25.6,D,0
-13.9499,132.1298,318.2,1.9,1.3,2014-05-13,0110,Terra,MODIS,65,6.2,302.4,18.9,D,0
-14.6885,131.3934,318.3,2.1,1.4,2014-05-13,0110,Terra,MODIS,66,6.2,300.8,20.1,D,0
-14.2981,131.5742,319.6,2.1,1.4,2014-05-13,0110,Terra,MODIS,61,6.2,300.3,25,D,0
-14.6851,131.3743,327.3,2.1,1.4,2014-05-13,0110,Terra,MODIS,80,6.2,301.6,48.9,D,0
-14.6817,131.3547,316.8,2.1,1.4,2014-05-13,0110,Terra,MODIS,58,6.2,300.7,17.2,D,0
-13.9631,132.2404,316.5,1.9,1.3,2014-05-13,0110,Terra,MODIS,48,6.2,301.9,12.6,D,0
-14.3044,131.5269,317.8,2.1,1.4,2014-05-13,0110,Terra,MODIS,48,6.2,300.7,22.6,D,0
-15.5405,131.2887,317.3,2,1.4,2014-05-13,0111,Terra,MODIS,32,6.2,301.8,15.8,D,0
-14.864,131.0429,316.2,2.2,1.4,2014-05-13,0111,Terra,MODIS,45,6.2,301.4,14.9,D,0
-15.652,131.7008,315.2,1.9,1.3,2014-05-13,0111,Terra,MODIS,54,6.2,301.6,12.2,D,0
-15.6489,131.6832,316.1,1.9,1.3,2014-05-13,0111,Terra,MODIS,60,6.2,302.5,13.9,D,0
-15.5397,131.2958,321.1,2,1.4,2014-05-13,0111,Terra,MODIS,71,6.2,301.6,28.3,D,0
-14.8624,131.0372,318.2,2.2,1.4,2014-05-13,0111,Terra,MODIS,67,6.2,301.7,20.7,D,0
-15.9275,132.2218,320.6,1.7,1.3,2014-05-13,0111,Terra,MODIS,70,6.2,301.8,24.4,D,0
-17.1463,137.2208,316.5,1,1,2014-05-13,0111,Terra,MODIS,54,6.2,302.8,5.6,D,0
-17.1476,137.2301,322.5,1,1,2014-05-13,0111,Terra,MODIS,71,6.2,303.5,11.6,D,0
-17.4597,136.9746,320.6,1,1,2014-05-13,0111,Terra,MODIS,67,6.2,302.7,10.3,D,0
-15.0546,126.7582,311.8,4.6,2,2014-05-13,0111,Terra,MODIS,40,6.2,296.8,50.1,D,0
-15.0536,126.7509,313.9,4.6,2,2014-05-13,0111,Terra,MODIS,55,6.2,296.8,64.6,D,0
-15.2442,131.1116,315.1,2.1,1.4,2014-05-13,0111,Terra,MODIS,41,6.2,300.9,14.7,D,0
-15.2436,131.106,317,2.1,1.4,2014-05-13,0111,Terra,MODIS,55,6.2,301,19,D,0
-20.5822,131.2507,320.9,1.6,1.3,2014-05-13,0112,Terra,MODIS,65,6.2,303.7,18.3,D,0
-20.6448,131.4087,314.3,1.6,1.2,2014-05-13,0112,Terra,MODIS,22,6.2,301.8,8.9,D,0
-20.6532,131.3912,315.8,1.6,1.2,2014-05-13,0112,Terra,MODIS,45,6.2,302,11.8,D,0
-20.5765,131.2843,318.7,1.6,1.3,2014-05-13,0112,Terra,MODIS,48,6.2,302.3,15.8,D,0
-20.5342,131.2441,318.5,1.7,1.3,2014-05-13,0112,Terra,MODIS,63,6.2,302.6,16.7,D,0
-20.5995,131.149,327.1,1.7,1.3,2014-05-13,0112,Terra,MODIS,79,6.2,303.1,36.6,D,0
-20.6023,131.165,331.4,1.7,1.3,2014-05-13,0112,Terra,MODIS,83,6.2,303,46.7,D,0
-20.5997,131.1597,331.3,1.7,1.3,2014-05-13,0112,Terra,MODIS,83,6.2,303.4,46.8,D,0
-20.5313,131.2284,315.3,1.7,1.3,2014-05-13,0112,Terra,MODIS,49,6.2,302.2,11.8,D,0
-20.5338,131.2349,322.4,1.7,1.3,2014-05-13,0112,Terra,MODIS,73,6.2,302.6,25,D,0
-20.585,131.2664,361.1,1.6,1.3,2014-05-13,0112,Terra,MODIS,100,6.2,304.7,165.2,D,0
-20.6613,132.4238,316.8,1.4,1.2,2014-05-13,0112,Terra,MODIS,53,6.2,302.9,10,D,0
-20.7376,139.4736,317.2,1.2,1.1,2014-05-13,0112,Terra,MODIS,47,6.2,303.3,8.5,D,2
-19.0236,126.3893,312.6,4,1.9,2014-05-13,0112,Terra,MODIS,54,6.2,295.2,37.8,D,0
-24.0784,144.5252,316.3,3.1,1.7,2014-05-13,0113,Terra,MODIS,62,6.2,299.9,35,D,0
-24.0792,144.5502,315.2,3.1,1.7,2014-05-13,0113,Terra,MODIS,59,6.2,300.4,33.4,D,0
-36.5825,140.1347,300.9,2.2,1.4,2014-05-13,0116,Terra,MODIS,42,6.2,289.9,11.4,D,0
-36.9755,139.7597,302.8,2.1,1.4,2014-05-13,0116,Terra,MODIS,54,6.2,288.2,15.5,D,0
-36.9903,139.9516,300.4,2.1,1.4,2014-05-13,0116,Terra,MODIS,36,6.2,288.5,11.7,D,0
-36.9762,139.7652,300.1,2.1,1.4,2014-05-13,0116,Terra,MODIS,29,6.2,288,12.3,D,0
-23.5476,121.7865,320.5,4.2,1.9,2014-05-13,0251,Terra,MODIS,73,6.2,299,101.6,D,0
-23.5496,121.7792,324.6,4.2,1.9,2014-05-13,0251,Terra,MODIS,78,6.2,299,136.8,D,0
-23.5442,121.745,319.7,4.2,1.9,2014-05-13,0251,Terra,MODIS,72,6.2,297.9,95,D,0
-23.5465,121.7377,314.7,4.2,1.9,2014-05-13,0251,Terra,MODIS,61,6.2,297.9,60.8,D,0
-34.683,118.2285,343,3.1,1.7,2014-05-13,0254,Terra,MODIS,93,6.2,291.2,253.6,D,0
-34.6852,118.2634,302.6,3.2,1.7,2014-05-13,0254,Terra,MODIS,52,6.2,289.4,22.5,D,0
-34.1078,118.1076,304.6,3,1.7,2014-05-13,0254,Terra,MODIS,59,6.2,291.1,20.7,D,0
-34.538,117.3944,307.9,2.8,1.6,2014-05-13,0254,Terra,MODIS,62,6.2,288,37.4,D,0
-34.1777,118.482,303.2,3.2,1.7,2014-05-13,0254,Terra,MODIS,55,6.2,290.1,22.7,D,0
-33.8522,117.8513,303.3,2.9,1.6,2014-05-13,0254,Terra,MODIS,56,6.2,289.7,17,D,0
-43.3379,146.9036,315.2,1.7,1.3,2014-05-13,0351,Aqua,MODIS,59,6.2,282.2,32.8,D,0
-43.3681,146.9143,323.8,1.7,1.3,2014-05-13,0351,Aqua,MODIS,0,6.2,280.6,50.6,D,0
-43.3327,146.9093,330,1.7,1.3,2014-05-13,0351,Aqua,MODIS,73,6.2,285.2,62.6,D,0
-42.56,146.9949,323.7,1.7,1.3,2014-05-13,0351,Aqua,MODIS,83,6.2,283.8,50,D,0
-41.5474,147.9293,326.1,1.5,1.2,2014-05-13,0352,Aqua,MODIS,75,6.2,275.4,46.4,D,0
-41.549,147.9121,375.9,1.5,1.2,2014-05-13,0352,Aqua,MODIS,75,6.2,277.7,242.9,D,0
-38.5036,146.5879,323.4,1.6,1.2,2014-05-13,0352,Aqua,MODIS,82,6.2,286.3,41.6,D,0
-38.4923,146.5867,328.8,1.6,1.2,2014-05-13,0352,Aqua,MODIS,86,6.2,288.1,51.7,D,0
-38.4931,146.5803,320.6,1.6,1.2,2014-05-13,0352,Aqua,MODIS,72,6.2,289.1,33.9,D,0
-38.4558,146.6117,336.9,1.6,1.2,2014-05-13,0352,Aqua,MODIS,90,6.2,290.2,77.2,D,0
-38.3182,146.0265,350.7,1.7,1.3,2014-05-13,0352,Aqua,MODIS,96,6.2,289.5,138.7,D,0
-38.3199,146.007,310.3,1.7,1.3,2014-05-13,0352,Aqua,MODIS,70,6.2,287.3,22.1,D,0
-38.3065,146.0251,362.2,1.7,1.3,2014-05-13,0352,Aqua,MODIS,100,6.2,290.4,200.7,D,0
-38.3083,146.0058,311.4,1.7,1.3,2014-05-13,0352,Aqua,MODIS,71,6.2,287.8,24.3,D,0
-38.4575,146.5946,315.9,1.6,1.2,2014-05-13,0352,Aqua,MODIS,76,6.2,288.8,30.2,D,0
-34.7518,148.3329,315.1,1.2,1.1,2014-05-13,0353,Aqua,MODIS,75,6.2,294.3,14.2,D,0
-34.7494,148.34,308.9,1.2,1.1,2014-05-13,0353,Aqua,MODIS,68,6.2,293.8,9.4,D,0
-34.7509,148.3272,307.6,1.2,1.1,2014-05-13,0353,Aqua,MODIS,66,6.2,294.1,8.2,D,0
-36.9385,149.3919,306.1,1.1,1.1,2014-05-13,0353,Aqua,MODIS,52,6.2,289.1,8.3,D,0
-36.94,149.3795,322.2,1.1,1.1,2014-05-13,0353,Aqua,MODIS,81,6.2,290.7,23.5,D,0
-36.929,149.3902,311.4,1.1,1.1,2014-05-13,0353,Aqua,MODIS,50,6.2,287.9,11.8,D,0
-36.9305,149.3778,332.6,1.1,1.1,2014-05-13,0353,Aqua,MODIS,88,6.2,290.3,37.2,D,0
-37.9076,143.6838,307.8,2.3,1.5,2014-05-13,0353,Aqua,MODIS,50,6.2,285.2,26.8,D,0
-37.7499,141.7837,322.5,3,1.7,2014-05-13,0353,Aqua,MODIS,71,6.2,287.1,94,D,0
-37.4504,143.2188,322.1,2.4,1.5,2014-05-13,0353,Aqua,MODIS,81,6.2,291.1,68.7,D,0
-36.7158,144.1099,305.5,2.1,1.4,2014-05-13,0353,Aqua,MODIS,61,6.2,292.1,16.5,D,0
-37.7518,141.7766,316.8,3,1.7,2014-05-13,0353,Aqua,MODIS,77,6.2,287.9,72.9,D,0
-37.5674,143.036,304.8,2.5,1.5,2014-05-13,0353,Aqua,MODIS,60,6.2,290.3,21.2,D,0
-36.7917,141.8717,305.1,2.9,1.6,2014-05-13,0353,Aqua,MODIS,57,6.2,287.5,24,D,0
-36.793,141.8676,303.1,2.9,1.6,2014-05-13,0353,Aqua,MODIS,52,6.2,287.8,18.6,D,0
-36.7167,144.1029,302.8,2.1,1.4,2014-05-13,0353,Aqua,MODIS,54,6.2,292,11.9,D,0
-37.7546,142.7064,321.6,2.7,1.6,2014-05-13,0353,Aqua,MODIS,81,6.2,290.9,76.9,D,0
-37.8471,144.2944,306.6,2.1,1.4,2014-05-13,0353,Aqua,MODIS,64,6.2,289.7,22.1,D,0
-34.7337,146.8586,315,1.4,1.2,2014-05-13,0353,Aqua,MODIS,69,6.2,295.4,15.4,D,0
-34.7388,147.0108,302.6,1.3,1.1,2014-05-13,0353,Aqua,MODIS,45,6.2,291.3,4.5,D,0
-34.8955,147.0481,310.7,1.3,1.1,2014-05-13,0353,Aqua,MODIS,52,6.2,295,10.7,D,0
-34.7321,146.8736,311.5,1.4,1.2,2014-05-13,0353,Aqua,MODIS,53,6.2,293.3,11.2,D,0
-34.8888,147.0566,338,1.3,1.1,2014-05-13,0353,Aqua,MODIS,91,6.2,296.3,55.8,D,0
-35.1187,147.1564,314,1.3,1.1,2014-05-13,0353,Aqua,MODIS,74,6.2,295.6,15.8,D,0
-34.6017,147.4357,320.7,1.3,1.1,2014-05-13,0353,Aqua,MODIS,80,6.2,296.3,21,D,0
-35.4933,146.8573,306.8,1.4,1.2,2014-05-13,0353,Aqua,MODIS,62,6.2,293.6,9.7,D,0
-35.4917,146.8726,308.6,1.4,1.2,2014-05-13,0353,Aqua,MODIS,67,6.2,293.2,11.4,D,0
-34.9472,147.2497,320.1,1.3,1.1,2014-05-13,0353,Aqua,MODIS,75,6.2,292.7,24.9,D,0
-34.7293,147.0987,312.4,1.3,1.1,2014-05-13,0353,Aqua,MODIS,71,6.2,295.4,12.7,D,0
-34.6001,147.4496,331.7,1.3,1.1,2014-05-13,0353,Aqua,MODIS,87,6.2,296.7,38.4,D,0
-35.552,146.3949,306.3,1.5,1.2,2014-05-13,0353,Aqua,MODIS,63,6.2,293.1,9.9,D,0
-34.7276,146.8676,319.1,1.4,1.2,2014-05-13,0353,Aqua,MODIS,78,6.2,295.7,22.3,D,0
-34.7309,147.0841,324.1,1.3,1.1,2014-05-13,0353,Aqua,MODIS,82,6.2,296.6,29,D,0
-34.998,146.7891,309.9,1.4,1.2,2014-05-13,0353,Aqua,MODIS,68,6.2,294.7,11.2,D,0
-35.3775,149.9337,340.1,1,1,2014-05-13,0353,Aqua,MODIS,92,6.2,292.1,44.2,D,0
-35.1203,147.1418,338.8,1.3,1.1,2014-05-13,0353,Aqua,MODIS,86,6.2,297.2,59.4,D,0
-35.8032,146.1612,303,1.5,1.2,2014-05-13,0353,Aqua,MODIS,52,6.2,292.2,7,D,0
-35.379,149.9222,344.4,1,1,2014-05-13,0353,Aqua,MODIS,94,6.2,293.3,52.3,D,0
-35.4743,146.5924,309.7,1.4,1.2,2014-05-13,0353,Aqua,MODIS,69,6.2,293.4,12.7,D,0
-35.3621,149.9241,308.5,1,1,2014-05-13,0353,Aqua,MODIS,27,6.2,291.7,8,D,0
-35.8029,146.1543,305.9,1.5,1.2,2014-05-13,0353,Aqua,MODIS,62,6.2,292.4,10.7,D,0
-34.3666,147.5454,307.9,1.2,1.1,2014-05-13,0353,Aqua,MODIS,64,6.2,294.5,7.7,D,0
-34.9488,147.2354,312.3,1.3,1.1,2014-05-13,0353,Aqua,MODIS,54,6.2,291.7,14.2,D,0
-35.3698,149.9373,321.6,1,1,2014-05-13,0353,Aqua,MODIS,81,6.2,290.2,19.7,D,0
-35.2262,149.8327,300.1,1,1,2014-05-13,0353,Aqua,MODIS,25,6.2,289.4,3.7,D,0
-35.3713,149.9259,363.5,1,1,2014-05-13,0353,Aqua,MODIS,100,6.2,297.4,101.5,D,0
-34.8784,147.0548,315.3,1.3,1.1,2014-05-13,0353,Aqua,MODIS,73,6.2,296,16.1,D,0
-34.8904,147.0418,315.1,1.3,1.1,2014-05-13,0353,Aqua,MODIS,51,6.2,294.7,14.7,D,0
-35.4106,146.3279,304,1.5,1.2,2014-05-13,0353,Aqua,MODIS,56,6.2,293.9,7.2,D,0
-34.416,147.1127,314.3,1.3,1.1,2014-05-13,0353,Aqua,MODIS,72,6.2,295.9,14.7,D,0
-34.4598,150.8824,312.2,1,1,2014-05-13,0353,Aqua,MODIS,0,6.2,296.4,8.1,D,2
-34.4143,147.127,314.3,1.3,1.1,2014-05-13,0353,Aqua,MODIS,72,6.2,296.4,14.6,D,0
-33.6106,146.7984,307.6,1.3,1.1,2014-05-13,0354,Aqua,MODIS,57,6.2,296.7,7.6,D,0
-34.1134,147.6284,325.6,1.2,1.1,2014-05-13,0354,Aqua,MODIS,83,6.2,295.7,27.9,D,0
-33.6122,146.7839,308.6,1.3,1.1,2014-05-13,0354,Aqua,MODIS,60,6.2,297.3,8.8,D,0
-32.4959,148.8351,309.5,1.1,1,2014-05-13,0354,Aqua,MODIS,61,6.2,294.5,7.5,D,0
-32.4914,148.8289,306.9,1.1,1,2014-05-13,0354,Aqua,MODIS,26,6.2,295.4,6.2,D,0
-30.9287,149.0565,309.1,1,1,2014-05-13,0354,Aqua,MODIS,46,6.2,296.9,6.1,D,0
-33.7213,147.5194,309.7,1.2,1.1,2014-05-13,0354,Aqua,MODIS,66,6.2,297.9,7.5,D,0
-33.9521,145.722,307.7,1.5,1.2,2014-05-13,0354,Aqua,MODIS,55,6.2,296.3,8.1,D,0
-34.2023,146.1674,307.6,1.5,1.2,2014-05-13,0354,Aqua,MODIS,55,6.2,295.5,9.2,D,0
-34.1119,147.6417,318.5,1.2,1.1,2014-05-13,0354,Aqua,MODIS,77,6.2,293.2,18.2,D,0
-31.3863,150.7698,309,1,1,2014-05-13,0354,Aqua,MODIS,67,6.2,290.1,8.7,D,0
-31.5894,150.6389,313.8,1,1,2014-05-13,0354,Aqua,MODIS,74,6.2,295.6,9.1,D,0
-31.1937,151.1386,301.4,1,1,2014-05-13,0354,Aqua,MODIS,38,6.2,288.5,4,D,0
-33.8608,147.9678,312,1.2,1.1,2014-05-13,0354,Aqua,MODIS,71,6.2,295.4,10.4,D,0
-33.3741,148.6352,306.1,1.1,1,2014-05-13,0354,Aqua,MODIS,58,6.2,295.6,5.9,D,0
-33.6512,149.1879,326.9,1.1,1,2014-05-13,0354,Aqua,MODIS,74,6.2,287.3,27.2,D,0
-27.0348,150.7499,309.2,1.1,1,2014-05-13,0355,Aqua,MODIS,42,6.2,296.3,6.2,D,0
-30.3024,148.866,316.5,1,1,2014-05-13,0355,Aqua,MODIS,62,6.2,302.3,7.3,D,0
-30.3101,148.8783,314,1,1,2014-05-13,0355,Aqua,MODIS,58,6.2,301.7,5.2,D,0
-30.3087,148.889,316,1,1,2014-05-13,0355,Aqua,MODIS,64,6.2,302.6,7.1,D,0
-29.6883,151.4673,307.2,1.1,1,2014-05-13,0355,Aqua,MODIS,61,6.2,293,6.2,D,0
-28.8587,149.6213,316.8,1,1,2014-05-13,0355,Aqua,MODIS,64,6.2,305,7.3,D,0
-28.3411,150.0803,322.4,1,1,2014-05-13,0355,Aqua,MODIS,76,6.2,300.4,14.9,D,0
-28.8662,149.1102,327.6,1,1,2014-05-13,0355,Aqua,MODIS,79,6.2,303.8,17,D,0
-29.0288,149.7178,323.9,1,1,2014-05-13,0355,Aqua,MODIS,76,6.2,305.3,13.5,D,0
-29.6866,151.4781,310.6,1.1,1,2014-05-13,0355,Aqua,MODIS,67,6.2,293.8,8.5,D,0
-28.986,150.5085,316,1,1,2014-05-13,0355,Aqua,MODIS,67,6.2,303,7.7,D,0
-28.8752,149.1118,324.3,1,1,2014-05-13,0355,Aqua,MODIS,75,6.2,305.4,13.7,D,0
-28.9616,148.0585,326.4,1.1,1,2014-05-13,0355,Aqua,MODIS,78,6.2,306.8,15.5,D,0
-28.1093,148.7354,315.8,1,1,2014-05-13,0355,Aqua,MODIS,55,6.2,304.3,6.5,D,0
-29.8872,148.3466,315.3,1.1,1,2014-05-13,0355,Aqua,MODIS,60,6.2,303.5,6,D,0
-28.963,148.0476,333.4,1.1,1,2014-05-13,0355,Aqua,MODIS,84,6.2,307.1,25.2,D,0
-28.6476,149.2269,320.5,1,1,2014-05-13,0355,Aqua,MODIS,71,6.2,301.5,10.4,D,0
-29.3502,148.2498,327.8,1.1,1,2014-05-13,0355,Aqua,MODIS,79,6.2,305.4,18.7,D,0
-28.9537,148.046,319.5,1.1,1,2014-05-13,0355,Aqua,MODIS,64,6.2,305.7,7.1,D,0
-29.2578,151.9208,304.6,1.1,1,2014-05-13,0355,Aqua,MODIS,50,6.2,291.9,5.7,D,0
-28.8116,150.0121,324,1,1,2014-05-13,0355,Aqua,MODIS,55,6.2,302.4,13.5,D,0
-28.8011,150.0206,330.2,1,1,2014-05-13,0355,Aqua,MODIS,75,6.2,303.9,20.7,D,0
-29.2559,151.9324,305.4,1.1,1,2014-05-13,0355,Aqua,MODIS,56,6.2,291.9,6,D,0
-26.1623,152.1655,313.7,1.2,1.1,2014-05-13,0356,Aqua,MODIS,54,6.2,292.1,11.9,D,0
-24.0847,144.5282,326.6,1.4,1.2,2014-05-13,0356,Aqua,MODIS,71,6.2,304.4,27,D,0
-26.5279,149.7724,340.5,1,1,2014-05-13,0356,Aqua,MODIS,90,6.2,304,36.5,D,0
-26.5294,149.7623,333.1,1,1,2014-05-13,0356,Aqua,MODIS,86,6.2,303.9,25.3,D,0
-26.5188,149.7707,314.1,1,1,2014-05-13,0356,Aqua,MODIS,55,6.2,300.4,5.4,D,0
-26.5203,149.7606,315.9,1,1,2014-05-13,0356,Aqua,MODIS,67,6.2,303,7,D,0
-26.1791,149.642,325.9,1,1,2014-05-13,0356,Aqua,MODIS,80,6.2,301,17.5,D,0
-26.1806,149.6319,326.3,1,1,2014-05-13,0356,Aqua,MODIS,81,6.2,301.7,18.2,D,0
-26.1821,149.6219,310,1,1,2014-05-13,0356,Aqua,MODIS,41,6.2,299,3.2,D,0
-23.1237,145.4205,317,1.2,1.1,2014-05-13,0357,Aqua,MODIS,39,6.2,303.2,7.2,D,0
-17.1987,137.5575,321.6,3.5,1.8,2014-05-13,0358,Aqua,MODIS,74,6.2,298.7,71.7,D,0
-17.206,137.554,317.3,3.5,1.8,2014-05-13,0358,Aqua,MODIS,67,6.2,298.4,44.2,D,0
-17.1901,137.5522,316.7,3.5,1.8,2014-05-13,0358,Aqua,MODIS,66,6.2,298.5,40.8,D,0
-17.1074,137.5761,315.5,3.5,1.8,2014-05-13,0358,Aqua,MODIS,63,6.2,298.5,36,D,0
-17.1137,137.569,316.6,3.5,1.8,2014-05-13,0358,Aqua,MODIS,65,6.2,298.7,41.5,D,0
-18.2444,144.6004,326.1,1.2,1.1,2014-05-13,0358,Aqua,MODIS,72,6.2,291.7,25.4,D,0
-18.2555,144.5908,321.1,1.2,1.1,2014-05-13,0358,Aqua,MODIS,35,6.2,293.9,18.1,D,0
-18.254,144.6018,328.8,1.2,1.1,2014-05-13,0358,Aqua,MODIS,85,6.2,294.4,29.2,D,0
-15.8068,144.7187,308.5,1.1,1,2014-05-13,0359,Aqua,MODIS,26,6.2,289.5,5.3,D,0
-15.8161,144.72,325.4,1.1,1,2014-05-13,0359,Aqua,MODIS,83,6.2,296.1,21.5,D,0
-12.5334,141.9482,313.4,1.4,1.2,2014-05-13,0400,Aqua,MODIS,53,6.2,294.3,10.6,D,0
-12.535,141.9353,331.6,1.4,1.2,2014-05-13,0400,Aqua,MODIS,86,6.2,293.6,41.3,D,0
-34.3744,119.061,316.1,2.1,1.4,2014-05-13,0532,Aqua,MODIS,76,6.2,296.1,34.7,D,0
-34.3754,119.0564,317,2.1,1.4,2014-05-13,0532,Aqua,MODIS,77,6.2,296.2,34.4,D,0
-34.4061,119.291,306.8,2,1.4,2014-05-13,0532,Aqua,MODIS,64,6.2,295.3,14.1,D,0
-33.3601,121.9269,307.5,1.3,1.1,2014-05-13,0533,Aqua,MODIS,48,6.2,294.5,7.7,D,0
-31.9696,116.9826,305.4,2.7,1.6,2014-05-13,0533,Aqua,MODIS,51,6.2,289,17.2,D,0
-33.7451,117.5182,302.6,2.6,1.5,2014-05-13,0533,Aqua,MODIS,20,6.2,287.1,11.3,D,0
-34.0859,118.3287,355.8,2.3,1.5,2014-05-13,0533,Aqua,MODIS,98,6.2,296.9,244.2,D,0
-34.1653,118.471,305.3,2.3,1.5,2014-05-13,0533,Aqua,MODIS,61,6.2,293.3,13.1,D,0
-34.4718,116.2025,300.3,3.2,1.7,2014-05-13,0533,Aqua,MODIS,30,6.2,283.2,25.9,D,0
-33.931,118.3504,306.6,2.3,1.5,2014-05-13,0533,Aqua,MODIS,63,6.2,293.1,16.3,D,0
-33.8017,117.3224,308,2.7,1.6,2014-05-13,0533,Aqua,MODIS,0,6.2,287.8,28.5,D,0
-32.848,116.4196,307.6,3,1.6,2014-05-13,0533,Aqua,MODIS,0,6.2,282,41.8,D,0
-32.8473,116.427,307.3,3,1.6,2014-05-13,0533,Aqua,MODIS,0,6.2,282.3,41,D,0
-33.6485,117.3528,313.1,2.6,1.6,2014-05-13,0533,Aqua,MODIS,71,6.2,292.1,41.8,D,0
-33.6065,115.5473,317.9,3.4,1.7,2014-05-13,0533,Aqua,MODIS,74,6.2,288.7,88.7,D,0
-33.5977,117.4624,312.8,2.6,1.5,2014-05-13,0533,Aqua,MODIS,73,6.2,288.7,38.8,D,0
-33.6088,115.5092,316.6,3.5,1.8,2014-05-13,0533,Aqua,MODIS,72,6.2,290.2,82.4,D,0
-34.0777,118.3232,312.3,2.3,1.5,2014-05-13,0533,Aqua,MODIS,72,6.2,294.9,26.3,D,0
-33.6177,115.5172,326.7,3.5,1.8,2014-05-13,0533,Aqua,MODIS,83,6.2,290.7,137.5,D,0
-34.0879,118.3033,306.4,2.3,1.5,2014-05-13,0533,Aqua,MODIS,63,6.2,294.5,13.3,D,0
-23.5535,121.7524,330,1.1,1,2014-05-13,0535,Aqua,MODIS,79,6.2,306.9,19.9,D,0
-23.5414,121.7721,319.3,1.1,1,2014-05-13,0535,Aqua,MODIS,59,6.2,305.8,7.1,D,0
-24.49,121.818,323.3,1.1,1,2014-05-13,0535,Aqua,MODIS,68,6.2,308.8,11.2,D,0
-23.5427,121.7615,325.1,1.1,1,2014-05-13,0535,Aqua,MODIS,73,6.2,305.9,14.2,D,0
-24.6542,121.6664,321.1,1.1,1.1,2014-05-13,0535,Aqua,MODIS,48,6.2,306,10.1,D,0
-24.5037,121.787,322,1.1,1,2014-05-13,0535,Aqua,MODIS,47,6.2,308.1,9.7,D,0
-24.5051,121.7761,328.5,1.1,1,2014-05-13,0535,Aqua,MODIS,77,6.2,309.4,18,D,0
-23.5521,121.763,332.6,1.1,1,2014-05-13,0535,Aqua,MODIS,82,6.2,307.3,23.6,D,0
-24.4934,121.7186,326.5,1.1,1,2014-05-13,0535,Aqua,MODIS,74,6.2,308.6,15.8,D,0
-22.2359,123.0112,318.2,1,1,2014-05-13,0536,Aqua,MODIS,37,6.2,289.4,10.6,D,0
-22.2716,123.0129,344.5,1,1,2014-05-13,0536,Aqua,MODIS,87,6.2,287.4,46.1,D,0
-19.0379,126.3544,324.2,1.4,1.2,2014-05-13,0536,Aqua,MODIS,53,6.2,305.7,14.2,D,0
-21.7813,119.1904,325.3,1.4,1.2,2014-05-13,0536,Aqua,MODIS,71,6.2,306.9,15.4,D,0
-21.7707,119.1889,323.9,1.4,1.2,2014-05-13,0536,Aqua,MODIS,65,6.2,307.2,13.5,D,0
-18.2217,132.5626,316.8,3.9,1.8,2014-05-13,0536,Aqua,MODIS,53,6.2,302.1,44.9,D,0
-14.2173,131.61,339.9,4.1,1.9,2014-05-13,0537,Aqua,MODIS,68,6.2,300.5,233.8,D,0
-14.2408,131.5766,351.6,4,1.9,2014-05-13,0537,Aqua,MODIS,96,6.2,300,392.2,D,0
-14.1812,131.5974,367,4.1,1.9,2014-05-13,0537,Aqua,MODIS,100,6.2,298.8,739.8,D,0
-14.2545,131.5038,326.6,4,1.9,2014-05-13,0537,Aqua,MODIS,52,6.2,299.1,106,D,0
-14.26,131.5129,328.2,4,1.9,2014-05-13,0537,Aqua,MODIS,62,6.2,299,116.7,D,0
-14.2574,131.5801,327.5,4,1.9,2014-05-13,0537,Aqua,MODIS,36,6.2,299.3,93.8,D,0
-14.1979,131.601,333.7,4.1,1.9,2014-05-13,0537,Aqua,MODIS,57,6.2,299.9,175.8,D,0
-14.2221,131.619,350,4.1,1.9,2014-05-13,0537,Aqua,MODIS,89,6.2,301.6,369.2,D,0
-14.2047,131.5639,340.8,4,1.9,2014-05-13,0537,Aqua,MODIS,79,6.2,298,255.6,D,0
-14.188,131.5606,387,4,1.9,2014-05-13,0537,Aqua,MODIS,100,6.2,301.1,1321.2,D,0
-14.2339,131.6134,357.3,4.1,1.9,2014-05-13,0537,Aqua,MODIS,98,6.2,302.5,504.3,D,0
-14.2506,131.6169,331.6,4.1,1.9,2014-05-13,0537,Aqua,MODIS,46,6.2,300.9,139.8,D,0
-14.2435,131.5094,335,4,1.9,2014-05-13,0537,Aqua,MODIS,80,6.2,298.6,192.2,D,0
-13.9476,132.0657,319.4,4.4,1.9,2014-05-13,0537,Aqua,MODIS,68,6.2,299.1,72.9,D,0
-14.2293,131.5822,359.3,4,1.9,2014-05-13,0537,Aqua,MODIS,86,6.2,298.8,523.5,D,0
-13.9399,132.1058,321,4.5,1.9,2014-05-13,0537,Aqua,MODIS,71,6.2,299.6,92.4,D,0
-13.8383,131.8638,312.6,4.3,1.9,2014-05-13,0537,Aqua,MODIS,43,6.2,297.5,35.6,D,0
-14.191,131.5661,394.3,4,1.9,2014-05-13,0537,Aqua,MODIS,100,6.2,301.9,1588.1,D,0
-14.2625,131.589,333.1,4,1.9,2014-05-13,0537,Aqua,MODIS,69,6.2,300.5,156.5,D,0
-14.198,131.5297,322.8,4,1.9,2014-05-13,0537,Aqua,MODIS,44,6.2,295.2,93.1,D,0
-14.2477,131.5401,326,4,1.9,2014-05-13,0537,Aqua,MODIS,63,6.2,298,89.8,D,0
-14.2388,131.6224,333,4.1,1.9,2014-05-13,0537,Aqua,MODIS,40,6.2,301.5,153.2,D,0
-13.9493,132.0734,320.8,4.4,1.9,2014-05-13,0537,Aqua,MODIS,51,6.2,299.3,76.3,D,0
-13.9414,132.1136,319,4.5,1.9,2014-05-13,0537,Aqua,MODIS,36,6.2,299.4,66.8,D,0
-14.2006,131.6065,335.3,4.1,1.9,2014-05-13,0537,Aqua,MODIS,42,6.2,300.2,186.1,D,0
-14.2076,131.5695,340.3,4,1.9,2014-05-13,0537,Aqua,MODIS,50,6.2,297.9,233.6,D,0
-14.184,131.603,355.5,4.1,1.9,2014-05-13,0537,Aqua,MODIS,97,6.2,298.6,485.6,D,0
-14.1744,131.5629,335.2,4,1.9,2014-05-13,0537,Aqua,MODIS,85,6.2,295.8,212.3,D,0
-15.7851,125.4511,329.6,1.3,1.1,2014-05-13,0537,Aqua,MODIS,77,6.2,303.3,25.4,D,0
-15.7768,125.4372,323.9,1.3,1.1,2014-05-13,0537,Aqua,MODIS,71,6.2,302.8,17.8,D,0
-15.8786,125.8861,331.8,1.4,1.2,2014-05-13,0537,Aqua,MODIS,81,6.2,304,36.5,D,0
-15.8934,125.8617,318.1,1.4,1.2,2014-05-13,0537,Aqua,MODIS,54,6.2,303,12.4,D,0
-15.9578,126.0288,331,1.4,1.2,2014-05-13,0537,Aqua,MODIS,80,6.2,305,33.5,D,0
-15.96,126.0153,324.8,1.4,1.2,2014-05-13,0537,Aqua,MODIS,72,6.2,304.4,20.3,D,0
-15.9494,126.0135,344.7,1.4,1.2,2014-05-13,0537,Aqua,MODIS,91,6.2,307,70.5,D,0
-15.834,125.4521,318.3,1.3,1.1,2014-05-13,0537,Aqua,MODIS,37,6.2,301.4,9.2,D,0
-15.8361,125.4395,321.1,1.3,1.1,2014-05-13,0537,Aqua,MODIS,65,6.2,300.8,13.3,D,0
-15.8238,125.4504,328.8,1.3,1.1,2014-05-13,0537,Aqua,MODIS,76,6.2,303.3,24.9,D,0
-15.8135,125.4487,339.1,1.3,1.1,2014-05-13,0537,Aqua,MODIS,88,6.2,304,46,D,0
-15.8032,125.447,352.2,1.3,1.1,2014-05-13,0537,Aqua,MODIS,96,6.2,306.1,85.6,D,0
-15.8052,125.4346,333.1,1.3,1.1,2014-05-13,0537,Aqua,MODIS,83,6.2,303.6,33.4,D,0
-15.7929,125.4452,342.6,1.3,1.1,2014-05-13,0537,Aqua,MODIS,90,6.2,305.1,57.3,D,0
-15.7949,125.433,322,1.3,1.1,2014-05-13,0537,Aqua,MODIS,49,6.2,302.1,14.4,D,0
-15.7954,125.4529,330.7,1.3,1.1,2014-05-13,0537,Aqua,MODIS,77,6.2,303.2,27.1,D,0
-15.7973,125.4405,348.4,1.3,1.1,2014-05-13,0537,Aqua,MODIS,94,6.2,306.1,73,D,0
-15.7871,125.4388,333.9,1.3,1.1,2014-05-13,0537,Aqua,MODIS,83,6.2,303.6,35,D,0
-15.9222,125.9128,321.3,1.4,1.2,2014-05-13,0537,Aqua,MODIS,65,6.2,302.5,17.1,D,0
-15.9243,125.8996,319.4,1.4,1.2,2014-05-13,0537,Aqua,MODIS,59,6.2,300.7,14.5,D,0
-15.8765,125.8993,324,1.4,1.2,2014-05-13,0537,Aqua,MODIS,70,6.2,303.9,21.3,D,0
-15.9409,125.9979,328.6,1.4,1.2,2014-05-13,0537,Aqua,MODIS,77,6.2,303.6,29.3,D,0
-15.9472,126.0269,328.4,1.4,1.2,2014-05-13,0537,Aqua,MODIS,77,6.2,303.3,27.6,D,0
-15.9387,126.0115,337.9,1.4,1.2,2014-05-13,0537,Aqua,MODIS,86,6.2,303,50.8,D,0
-15.7826,126.0408,318.8,1.5,1.2,2014-05-13,0537,Aqua,MODIS,57,6.2,304.6,12.2,D,0
-15.7828,126.203,322.7,1.5,1.2,2014-05-13,0537,Aqua,MODIS,68,6.2,303.4,18.1,D,0
-15.8665,126.5911,327.4,1.6,1.2,2014-05-13,0537,Aqua,MODIS,76,6.2,306,24.5,D,0
-14.6354,127.3906,327.1,1.9,1.3,2014-05-13,0537,Aqua,MODIS,77,6.2,305.8,32.8,D,0
-14.6384,127.3732,321.5,1.9,1.3,2014-05-13,0537,Aqua,MODIS,64,6.2,304.4,17.8,D,0
-14.6308,127.3829,328.5,1.9,1.3,2014-05-13,0537,Aqua,MODIS,79,6.2,305.6,37.1,D,0
-14.9071,126.6836,320.4,1.7,1.3,2014-05-13,0537,Aqua,MODIS,34,6.2,305,11.3,D,0
-14.9528,126.6911,326.9,1.7,1.3,2014-05-13,0537,Aqua,MODIS,55,6.2,306.1,25.4,D,0
-15.5328,124.5776,322.1,1.2,1.1,2014-05-13,0537,Aqua,MODIS,64,6.2,295.1,16.6,D,0
-14.9413,126.6892,323.1,1.7,1.3,2014-05-13,0537,Aqua,MODIS,27,6.2,305.9,16,D,0
-14.792,130.0854,331.4,3,1.7,2014-05-13,0537,Aqua,MODIS,70,6.2,300.7,106.7,D,0
-15.7438,126.3697,321.9,1.5,1.2,2014-05-13,0537,Aqua,MODIS,66,6.2,306.5,13.1,D,0
-14.9535,126.6821,324.8,1.7,1.3,2014-05-13,0537,Aqua,MODIS,56,6.2,304.9,22.1,D,0
-15.9019,126.1025,324.1,1.5,1.2,2014-05-13,0537,Aqua,MODIS,62,6.2,303.6,20.5,D,0
-15.9148,126.0909,323.8,1.5,1.2,2014-05-13,0537,Aqua,MODIS,48,6.2,303,18.6,D,0
-16.322,128.0443,321.7,2,1.4,2014-05-13,0537,Aqua,MODIS,64,6.2,308,22.9,D,0
-15.2163,131.0431,320.9,3.5,1.8,2014-05-13,0537,Aqua,MODIS,33,6.2,302,49,D,0
-15.2084,131.046,322.1,3.5,1.8,2014-05-13,0537,Aqua,MODIS,62,6.2,301.6,61.2,D,0
-15.5345,124.5666,321.9,1.2,1.1,2014-05-13,0537,Aqua,MODIS,69,6.2,294.8,17.5,D,0
-14.2246,131.4552,323.7,3.9,1.8,2014-05-13,0537,Aqua,MODIS,64,6.2,299.3,101.6,D,0
-14.9536,127.7516,323.9,2,1.4,2014-05-13,0537,Aqua,MODIS,61,6.2,305.9,23.2,D,0
-14.9478,127.763,323.6,2,1.4,2014-05-13,0537,Aqua,MODIS,59,6.2,306.6,19.8,D,0
-16.207,126.3519,328.9,1.5,1.2,2014-05-13,0537,Aqua,MODIS,48,6.2,302.9,29.2,D,0
-14.218,131.4912,351,4,1.9,2014-05-13,0537,Aqua,MODIS,95,6.2,299,416.1,D,0
-15.0806,126.0577,319.3,1.5,1.2,2014-05-13,0537,Aqua,MODIS,59,6.2,302.8,13.6,D,0
-15.0783,126.0715,317.9,1.5,1.2,2014-05-13,0537,Aqua,MODIS,54,6.2,303.4,11.8,D,0
-14.2118,131.4576,331.9,3.9,1.8,2014-05-13,0537,Aqua,MODIS,83,6.2,298,173.5,D,0
-15.1121,128.6412,316.5,2.3,1.5,2014-05-13,0537,Aqua,MODIS,31,6.2,302.5,16.3,D,0
-14.2049,131.4936,333,4,1.9,2014-05-13,0537,Aqua,MODIS,84,6.2,295.9,188.9,D,0
-15.1252,128.6438,316.6,2.3,1.5,2014-05-13,0537,Aqua,MODIS,22,6.2,302.7,15.9,D,0
-14.2214,131.4968,343.6,4,1.9,2014-05-13,0537,Aqua,MODIS,91,6.2,298.5,297.8,D,0
-14.9602,127.6889,322.5,2,1.4,2014-05-13,0537,Aqua,MODIS,61,6.2,305.9,20.3,D,0
-14.0698,132.1029,319.2,4.4,1.9,2014-05-13,0537,Aqua,MODIS,67,6.2,297.9,73.3,D,0
-14.0703,132.098,317.4,4.4,1.9,2014-05-13,0537,Aqua,MODIS,63,6.2,297.9,58.6,D,0
-14.9195,126.191,318.1,1.5,1.2,2014-05-13,0537,Aqua,MODIS,56,6.2,303.3,12.2,D,0
-14.9172,126.2053,328.7,1.6,1.2,2014-05-13,0537,Aqua,MODIS,78,6.2,303,33.4,D,0
-15.5765,124.6252,326.1,1.2,1.1,2014-05-13,0537,Aqua,MODIS,62,6.2,301.5,19.6,D,0
-14.9664,127.6784,326.9,2,1.4,2014-05-13,0537,Aqua,MODIS,76,6.2,305.1,35.2,D,0
-14.9282,126.2071,320.5,1.6,1.2,2014-05-13,0537,Aqua,MODIS,64,6.2,304.3,16.7,D,0
-14.9304,126.1987,317.9,1.5,1.2,2014-05-13,0537,Aqua,MODIS,28,6.2,303.3,11.2,D,0
-14.9632,127.671,321.2,2,1.4,2014-05-13,0537,Aqua,MODIS,50,6.2,305.4,18,D,0
-14.2379,131.5003,327,4,1.9,2014-05-13,0537,Aqua,MODIS,41,6.2,298.2,111.4,D,0
-15.0499,126.7209,328.3,1.7,1.3,2014-05-13,0537,Aqua,MODIS,77,6.2,304.7,34.2,D,0
-15.4755,126.4505,322.5,1.6,1.2,2014-05-13,0537,Aqua,MODIS,44,6.2,305.2,14.4,D,0
-16.1386,126.3482,329,1.5,1.2,2014-05-13,0537,Aqua,MODIS,78,6.2,299.1,34.3,D,0
-14.7931,126.5404,318,1.6,1.3,2014-05-13,0537,Aqua,MODIS,22,6.2,303.3,10.9,D,0
-14.7946,126.5318,321.2,1.6,1.3,2014-05-13,0537,Aqua,MODIS,47,6.2,304,16.7,D,0
-15.7103,124.8165,317.1,1.2,1.1,2014-05-13,0537,Aqua,MODIS,54,6.2,302.1,7,D,0
-17.6273,126.5323,324.6,1.5,1.2,2014-05-13,0537,Aqua,MODIS,52,6.2,306.7,16.8,D,0
-14.9737,126.2797,322.6,1.6,1.2,2014-05-13,0537,Aqua,MODIS,69,6.2,302.2,20.4,D,0
-14.9509,126.6973,327.9,1.7,1.3,2014-05-13,0537,Aqua,MODIS,75,6.2,306.5,29.2,D,0
-16.2047,126.3659,337.3,1.5,1.2,2014-05-13,0537,Aqua,MODIS,86,6.2,302.1,50,D,0
-14.9013,126.3721,324.2,1.6,1.2,2014-05-13,0537,Aqua,MODIS,72,6.2,304.3,22.9,D,0
-17.6251,126.5456,327.6,1.5,1.2,2014-05-13,0537,Aqua,MODIS,74,6.2,306.5,24.4,D,0
-17.651,126.5223,335.7,1.5,1.2,2014-05-13,0537,Aqua,MODIS,84,6.2,308.1,41.7,D,0
-15.7948,129.9606,334,2.8,1.6,2014-05-13,0537,Aqua,MODIS,83,6.2,305.6,106.4,D,0
-15.7995,129.9346,322.8,2.8,1.6,2014-05-13,0537,Aqua,MODIS,68,6.2,305.7,44.4,D,0
-16.2093,126.3379,329,1.5,1.2,2014-05-13,0537,Aqua,MODIS,78,6.2,302.7,32.3,D,0
-17.6488,126.5358,323.1,1.5,1.2,2014-05-13,0537,Aqua,MODIS,34,6.2,306.7,14.3,D,0
-16.4946,124.7739,320.3,1.2,1.1,2014-05-13,0537,Aqua,MODIS,68,6.2,297.4,13,D,0
-14.9002,126.3811,322,1.6,1.2,2014-05-13,0537,Aqua,MODIS,68,6.2,304.8,20.3,D,0
-14.9025,126.3667,318.2,1.6,1.2,2014-05-13,0537,Aqua,MODIS,57,6.2,303.9,12.8,D,0
-17.6532,126.5281,341.8,1.5,1.2,2014-05-13,0537,Aqua,MODIS,89,6.2,307.7,60.6,D,0
-17.6554,126.5149,326.2,1.5,1.2,2014-05-13,0537,Aqua,MODIS,63,6.2,306.2,21.9,D,0
-15.8043,129.9087,320.7,2.8,1.6,2014-05-13,0537,Aqua,MODIS,59,6.2,305.9,36.1,D,0
-15.7805,126.0544,321.1,1.5,1.2,2014-05-13,0537,Aqua,MODIS,64,6.2,303.1,15.9,D,0
-14.7915,128.0693,330.6,2.1,1.4,2014-05-13,0537,Aqua,MODIS,80,6.2,303.6,56.2,D,0
-14.793,128.0643,328.1,2.1,1.4,2014-05-13,0537,Aqua,MODIS,78,6.2,303.5,45.8,D,0
-15.9365,126.3872,321.8,1.5,1.2,2014-05-13,0537,Aqua,MODIS,38,6.2,304.9,15.1,D,0
-15.8481,126.6335,332.6,1.6,1.2,2014-05-13,0537,Aqua,MODIS,82,6.2,306.8,33.8,D,0
-15.8593,126.6354,330.2,1.6,1.2,2014-05-13,0537,Aqua,MODIS,79,6.2,306.5,28.4,D,0
-15.8568,126.6503,324,1.6,1.2,2014-05-13,0537,Aqua,MODIS,64,6.2,305.5,14,D,0
-15.688,126.1312,326.1,1.5,1.2,2014-05-13,0537,Aqua,MODIS,74,6.2,303.2,24.4,D,0
-14.9061,128.0104,320.4,2.1,1.4,2014-05-13,0537,Aqua,MODIS,49,6.2,304.8,19,D,0
-14.9028,128.03,319.9,2.1,1.4,2014-05-13,0537,Aqua,MODIS,45,6.2,303,18,D,0
-15.79,129.9058,319.9,2.8,1.6,2014-05-13,0537,Aqua,MODIS,28,6.2,304.5,30.9,D,0
-15.7798,129.9524,324.4,2.8,1.6,2014-05-13,0537,Aqua,MODIS,40,6.2,303.1,49.4,D,0
-15.6858,126.145,321.5,1.5,1.2,2014-05-13,0537,Aqua,MODIS,65,6.2,303.1,16.3,D,0
-15.6896,126.1369,336.2,1.5,1.2,2014-05-13,0537,Aqua,MODIS,85,6.2,303.6,47.8,D,0
-15.8736,126.1398,316.9,1.5,1.2,2014-05-13,0537,Aqua,MODIS,39,6.2,300.2,8.6,D,0
-15.2022,126.3684,322.1,1.6,1.2,2014-05-13,0537,Aqua,MODIS,67,6.2,303,21.4,D,0
-14.9068,128.018,322.9,2.1,1.4,2014-05-13,0537,Aqua,MODIS,64,6.2,304.4,27.4,D,0
-16.2038,126.3601,333.4,1.5,1.2,2014-05-13,0537,Aqua,MODIS,77,6.2,302.3,38.8,D,0
-15.7804,129.9578,327.5,2.8,1.6,2014-05-13,0537,Aqua,MODIS,68,6.2,303.3,65.8,D,0
-14.2121,130.4805,317,3.3,1.7,2014-05-13,0537,Aqua,MODIS,32,6.2,300.7,30.3,D,0
-15.8705,125.1596,332.8,1.3,1.1,2014-05-13,0537,Aqua,MODIS,82,6.2,303,32.1,D,0
-16.3488,123.8097,328.3,1.1,1,2014-05-13,0537,Aqua,MODIS,79,6.2,302.4,18.3,D,0
-16.3581,123.8112,322.7,1.1,1,2014-05-13,0537,Aqua,MODIS,68,6.2,301.7,11.9,D,0
-16.341,123.7981,347.5,1.1,1,2014-05-13,0537,Aqua,MODIS,93,6.2,303.9,52.4,D,0
-16.3394,123.8083,332.3,1.1,1,2014-05-13,0537,Aqua,MODIS,83,6.2,303.5,23.8,D,0
-14.2502,130.3605,334,3.3,1.7,2014-05-13,0537,Aqua,MODIS,84,6.2,300.1,146.6,D,0
-14.2556,130.3311,319.3,3.2,1.7,2014-05-13,0537,Aqua,MODIS,62,6.2,299.2,54.8,D,0
-14.2399,130.3532,324.7,3.3,1.7,2014-05-13,0537,Aqua,MODIS,56,6.2,299,81.8,D,0
-14.7683,126.6935,317,1.7,1.3,2014-05-13,0537,Aqua,MODIS,53,6.2,303.8,11.5,D,0
-14.2452,130.3237,315,3.2,1.7,2014-05-13,0537,Aqua,MODIS,14,6.2,298,34.8,D,0
-15.9077,125.2519,324.4,1.3,1.1,2014-05-13,0537,Aqua,MODIS,66,6.2,303,19,D,0
-14.2849,129.8391,314.4,3,1.6,2014-05-13,0537,Aqua,MODIS,32,6.2,300.1,29,D,0
-14.2862,129.8338,316.1,3,1.6,2014-05-13,0537,Aqua,MODIS,54,6.2,300.1,38,D,0
-15.8409,125.1615,327.4,1.3,1.1,2014-05-13,0537,Aqua,MODIS,46,6.2,303.4,18.7,D,0
-16.316,123.9607,323,1.1,1,2014-05-13,0537,Aqua,MODIS,0,6.2,302.9,13.3,D,0
-15.8723,125.1478,329.3,1.3,1.1,2014-05-13,0537,Aqua,MODIS,59,6.2,299.3,24.8,D,0
-15.8667,125.1833,330.1,1.3,1.1,2014-05-13,0537,Aqua,MODIS,70,6.2,303.1,25.8,D,0
-15.688,124.5708,353.1,1.2,1.1,2014-05-13,0537,Aqua,MODIS,96,6.2,306.9,71.4,D,0
-15.6897,124.5598,347.3,1.2,1.1,2014-05-13,0537,Aqua,MODIS,93,6.2,306.9,54.8,D,0
-15.8144,125.1329,333.2,1.3,1.1,2014-05-13,0537,Aqua,MODIS,78,6.2,301.4,33.5,D,0
-15.8428,125.1497,325.6,1.3,1.1,2014-05-13,0537,Aqua,MODIS,33,6.2,303,17.3,D,0
-15.8062,125.1193,339.9,1.3,1.1,2014-05-13,0537,Aqua,MODIS,83,6.2,302,50.1,D,0
-15.5986,124.5487,328.9,1.2,1.1,2014-05-13,0537,Aqua,MODIS,65,6.2,299.1,24.7,D,0
-15.8077,125.2412,319.3,1.3,1.1,2014-05-13,0537,Aqua,MODIS,60,6.2,301.6,13,D,0
-15.8678,125.3068,317.2,1.3,1.1,2014-05-13,0537,Aqua,MODIS,51,6.2,302.2,8.5,D,0
-15.8659,125.3187,320.5,1.3,1.1,2014-05-13,0537,Aqua,MODIS,64,6.2,302.5,13.8,D,0
-15.5757,124.4938,316.8,1.2,1.1,2014-05-13,0537,Aqua,MODIS,48,6.2,293.4,12.1,D,0
-15.6743,125.2992,320.1,1.3,1.1,2014-05-13,0537,Aqua,MODIS,63,6.2,301.8,13.7,D,0
-16.3675,123.8127,327.2,1.1,1,2014-05-13,0537,Aqua,MODIS,71,6.2,301.3,17.4,D,0
-16.3659,123.8229,337.2,1.1,1,2014-05-13,0537,Aqua,MODIS,82,6.2,301.8,32.2,D,0
-14.2389,130.422,317.3,3.3,1.7,2014-05-13,0537,Aqua,MODIS,28,6.2,300.2,34.6,D,0
-15.6054,124.5049,324.7,1.2,1.1,2014-05-13,0537,Aqua,MODIS,54,6.2,299.2,17.8,D,0
-14.2333,130.452,317.2,3.3,1.7,2014-05-13,0537,Aqua,MODIS,35,6.2,301.2,34.5,D,0
-14.1407,130.1247,319.8,3.1,1.7,2014-05-13,0537,Aqua,MODIS,20,6.2,299.4,42.5,D,0
-14.137,130.1463,319.4,3.2,1.7,2014-05-13,0537,Aqua,MODIS,60,6.2,299.6,46.9,D,0
-15.681,125.1272,324.7,1.3,1.1,2014-05-13,0537,Aqua,MODIS,73,6.2,301.1,19,D,0
-15.6829,125.1155,320,1.3,1.1,2014-05-13,0537,Aqua,MODIS,63,6.2,299.2,12.4,D,0
-16.3696,124.3941,317,1.1,1.1,2014-05-13,0537,Aqua,MODIS,50,6.2,296.8,9.3,D,0
-16.3713,124.3834,314.4,1.1,1.1,2014-05-13,0537,Aqua,MODIS,39,6.2,298.9,6.4,D,0
-15.8081,125.1074,324,1.3,1.1,2014-05-13,0537,Aqua,MODIS,43,6.2,300.9,19.3,D,0
-14.1421,130.1176,318,3.1,1.7,2014-05-13,0537,Aqua,MODIS,53,6.2,299.5,41,D,0
-15.8661,125.1224,321.8,1.3,1.1,2014-05-13,0537,Aqua,MODIS,68,6.2,300.9,16.6,D,0
-16.2673,124.5926,316,1.2,1.1,2014-05-13,0537,Aqua,MODIS,49,6.2,299,7.5,D,0
-13.3775,130.6208,319.5,3.6,1.8,2014-05-13,0538,Aqua,MODIS,16,6.2,300.7,44.8,D,0
-13.3834,130.5885,331.5,3.5,1.8,2014-05-13,0538,Aqua,MODIS,83,6.2,301.4,134.2,D,0
-13.3676,130.5856,333.3,3.5,1.8,2014-05-13,0538,Aqua,MODIS,84,6.2,300.1,152,D,0
-13.3737,130.5789,332.1,3.5,1.8,2014-05-13,0538,Aqua,MODIS,78,6.2,300.5,137.7,D,0
-14.3307,127.5324,317,2,1.4,2014-05-13,0538,Aqua,MODIS,56,6.2,302.7,16,D,0
-14.3554,126.2641,320.3,1.6,1.2,2014-05-13,0538,Aqua,MODIS,55,6.2,300.5,16.5,D,0
-13.827,130.8413,318.7,3.6,1.8,2014-05-13,0538,Aqua,MODIS,64,6.2,299.6,54.1,D,0
-13.8262,130.8149,323.6,3.6,1.8,2014-05-13,0538,Aqua,MODIS,71,6.2,299.5,78.7,D,0
-14.3322,127.538,316.6,2,1.4,2014-05-13,0538,Aqua,MODIS,36,6.2,302.6,13.9,D,0
-14.353,126.2789,318.8,1.6,1.2,2014-05-13,0538,Aqua,MODIS,30,6.2,300.6,14.1,D,0
-14.3737,126.2884,322.2,1.6,1.2,2014-05-13,0538,Aqua,MODIS,47,6.2,303.5,20.2,D,0
-13.0565,132.0452,318.9,4.6,2,2014-05-13,0538,Aqua,MODIS,63,6.2,298.1,81.6,D,0
-13.1171,132.0139,319.4,4.6,2,2014-05-13,0538,Aqua,MODIS,66,6.2,297.4,85.5,D,0
-13.1164,132.0057,324.3,4.6,2,2014-05-13,0538,Aqua,MODIS,69,6.2,297.7,123.1,D,0
-13.021,132.03,322.2,4.6,2,2014-05-13,0538,Aqua,MODIS,52,6.2,297.4,104.3,D,0
-13.3328,131.3269,322.2,4,1.9,2014-05-13,0538,Aqua,MODIS,75,6.2,299.1,77.5,D,0
-12.9859,132.0232,327.5,4.6,2,2014-05-13,0538,Aqua,MODIS,81,6.2,297.5,160.6,D,0
-13.3358,131.3321,317.7,4,1.9,2014-05-13,0538,Aqua,MODIS,63,6.2,299.5,45.2,D,0
-13.2554,131.4659,317.8,4.1,1.9,2014-05-13,0538,Aqua,MODIS,65,6.2,300.8,51.5,D,0
-13.0227,132.0264,322.1,4.6,2,2014-05-13,0538,Aqua,MODIS,54,6.2,297.4,104,D,0
-12.9876,132.0195,326.7,4.6,2,2014-05-13,0538,Aqua,MODIS,80,6.2,297.5,151.9,D,0
-13.1249,131.9725,317.5,4.5,2,2014-05-13,0538,Aqua,MODIS,39,6.2,298,66.2,D,0
-13.0561,132.0369,322.6,4.6,2,2014-05-13,0538,Aqua,MODIS,69,6.2,298.4,111.4,D,0
-13.0646,132.0035,317.2,4.6,2,2014-05-13,0538,Aqua,MODIS,54,6.2,297.3,67,D,0
-13.82,130.8474,318.1,3.6,1.8,2014-05-13,0538,Aqua,MODIS,33,6.2,298.8,42.8,D,0
-13.0867,131.7963,319.9,4.4,1.9,2014-05-13,0538,Aqua,MODIS,41,6.2,295,76.2,D,0
-13.0081,131.8142,330,4.4,1.9,2014-05-13,0538,Aqua,MODIS,83,6.2,294.8,170,D,0
-13.0996,132.0104,328.6,4.6,2,2014-05-13,0538,Aqua,MODIS,74,6.2,295.8,163.3,D,0
-13.0989,132.0022,329.1,4.6,2,2014-05-13,0538,Aqua,MODIS,55,6.2,295.6,160.6,D,0
-13.0789,131.8364,326.9,4.4,1.9,2014-05-13,0538,Aqua,MODIS,79,6.2,295.4,142.6,D,0
-13.0773,131.828,330.7,4.4,1.9,2014-05-13,0538,Aqua,MODIS,81,6.2,295.3,179.1,D,0
-13.0085,131.8101,328.2,4.4,1.9,2014-05-13,0538,Aqua,MODIS,78,6.2,294.6,148.9,D,0
-14.261,126.4161,321,1.6,1.3,2014-05-13,0538,Aqua,MODIS,65,6.2,302.1,18.5,D,0
-14.2635,126.4014,324.4,1.6,1.3,2014-05-13,0538,Aqua,MODIS,72,6.2,302,25.3,D,0
-14.2621,126.4096,328.6,1.6,1.3,2014-05-13,0538,Aqua,MODIS,78,6.2,302.1,33.8,D,0
-14.2428,126.3143,332.1,1.6,1.3,2014-05-13,0538,Aqua,MODIS,82,6.2,302.9,44.9,D,0
-14.386,126.2145,344.8,1.6,1.2,2014-05-13,0538,Aqua,MODIS,91,6.2,304.7,84.5,D,0
-14.3885,126.1999,323.7,1.6,1.2,2014-05-13,0538,Aqua,MODIS,71,6.2,302,24.1,D,0
-14.3847,126.2238,325.7,1.6,1.2,2014-05-13,0538,Aqua,MODIS,74,6.2,303.6,27.8,D,0
-14.3871,126.209,337.2,1.6,1.2,2014-05-13,0538,Aqua,MODIS,86,6.2,304.5,57.7,D,0
-14.5062,126.0517,317.8,1.5,1.2,2014-05-13,0538,Aqua,MODIS,0,6.2,302.5,7.1,D,0
-14.2316,126.3123,318.3,1.6,1.3,2014-05-13,0538,Aqua,MODIS,51,6.2,303.2,13.9,D,0
-12.9742,131.122,312.9,3.9,1.8,2014-05-13,0538,Aqua,MODIS,56,6.2,297.9,36.2,D,0
-12.9809,131.0864,318.3,3.9,1.8,2014-05-13,0538,Aqua,MODIS,69,6.2,297.8,68.5,D,0
-12.8464,130.7899,317.9,3.8,1.8,2014-05-13,0538,Aqua,MODIS,69,6.2,298.7,57.3,D,0
-12.8364,130.7527,315.3,3.7,1.8,2014-05-13,0538,Aqua,MODIS,56,6.2,299.6,40.2,D,0
-12.8358,130.7927,320.9,3.8,1.8,2014-05-13,0538,Aqua,MODIS,73,6.2,299.4,76.9,D,0
-13.1666,130.7698,314.9,3.7,1.8,2014-05-13,0538,Aqua,MODIS,59,6.2,299.1,38.7,D,0
-12.9769,131.0809,314.6,3.9,1.8,2014-05-13,0538,Aqua,MODIS,62,6.2,297.8,43.8,D,0
-13.1727,130.7366,319.4,3.7,1.8,2014-05-13,0538,Aqua,MODIS,71,6.2,298.8,65.6,D,0
-38.2998,146.0284,305.6,1,1,2014-05-13,1317,Terra,MODIS,65,6.2,282.1,10.3,N,0
-33.645,149.1909,300.5,1.7,1.3,2014-05-13,1318,Terra,MODIS,29,6.2,279.5,17.5,N,0
-37.4452,143.2269,307.6,1,1,2014-05-13,1318,Terra,MODIS,72,6.2,277.3,12.6,N,0
-37.4321,141.753,300.9,1.1,1.1,2014-05-13,1318,Terra,MODIS,36,6.2,280.3,8.9,N,0
-37.4361,143.2249,314.3,1,1,2014-05-13,1318,Terra,MODIS,89,6.2,277.3,17.1,N,0
-37.4468,143.2153,329.1,1,1,2014-05-13,1318,Terra,MODIS,100,6.2,280.9,33.4,N,0
-37.4377,143.2133,355.1,1,1,2014-05-13,1318,Terra,MODIS,100,6.2,280.7,80.7,N,0
-25.851,147.4451,312.5,1.9,1.3,2014-05-13,1320,Terra,MODIS,85,6.2,284.2,36.6,N,0
-24.7997,147.7001,301.6,2.1,1.4,2014-05-13,1321,Terra,MODIS,13,6.2,284,18.7,N,0
-24.7995,147.6944,300.2,2.1,1.4,2014-05-13,1321,Terra,MODIS,22,6.2,284.6,18.7,N,0
-20.7392,139.4777,306.8,1,1,2014-05-13,1322,Terra,MODIS,69,6.2,291.5,7.3,N,2
-13.229,131.4745,302,2.3,1.5,2014-05-13,1324,Terra,MODIS,46,6.2,291.9,12.9,N,0
-12.9118,132.9022,307.1,1.8,1.3,2014-05-13,1324,Terra,MODIS,70,6.2,295.6,10.2,N,0
-12.9235,132.9041,315.3,1.8,1.3,2014-05-13,1324,Terra,MODIS,91,6.2,295.9,24.3,N,0
-13.9384,132.0542,305.4,2.1,1.4,2014-05-13,1324,Terra,MODIS,57,6.2,293.7,14.4,N,0
-13.9488,132.0757,305.4,2.1,1.4,2014-05-13,1324,Terra,MODIS,43,6.2,293.4,14.5,N,0
-13.8049,130.8654,309.4,2.6,1.6,2014-05-13,1324,Terra,MODIS,77,6.2,288.8,37.4,N,0
-13.936,132.0741,305,2.1,1.4,2014-05-13,1324,Terra,MODIS,48,6.2,294.3,13.5,N,0
-15.786,129.0562,304.4,3.9,1.8,2014-05-13,1324,Terra,MODIS,50,6.2,293.8,34.4,N,0
-12.532,141.937,309.6,1.4,1.2,2014-05-13,1324,Terra,MODIS,78,6.2,290.5,12.6,N,0
-12.5424,141.9388,308,1.4,1.2,2014-05-13,1324,Terra,MODIS,73,6.2,290.1,10.7,N,0
-12.8568,132.9614,308.1,1.8,1.3,2014-05-13,1325,Terra,MODIS,73,6.2,295.6,12.7,N,0
-37.4381,143.223,316.3,2.9,1.6,2014-05-13,1456,Aqua,MODIS,93,6.2,276.7,91.9,N,0
-37.4407,143.2299,316.5,2.9,1.6,2014-05-13,1456,Aqua,MODIS,93,6.2,277.1,93.3,N,0
-34.5375,117.4122,310.6,1,1,2014-05-13,1457,Terra,MODIS,80,6.2,283.8,13.5,N,0
-31.4743,115.7224,304.4,1.1,1,2014-05-13,1458,Terra,MODIS,60,6.2,282.4,9.4,N,0
-31.4757,115.7107,310.2,1.1,1,2014-05-13,1458,Terra,MODIS,79,6.2,281.7,13.4,N,0
-32.8491,116.4304,305.8,1.1,1,2014-05-13,1458,Terra,MODIS,66,6.2,282.5,10.9,N,0
-22.2526,122.9805,313.2,2.3,1.5,2014-05-13,1500,Terra,MODIS,86,6.2,290,46.3,N,0
-12.9054,132.9158,303,1.1,1.1,2014-05-13,1628,Aqua,MODIS,29,6.2,292.9,3.7,N,0
-14.1891,131.4966,307.8,1.3,1.1,2014-05-13,1628,Aqua,MODIS,73,6.2,293.3,10,N,0
-14.1791,131.4983,314.4,1.3,1.1,2014-05-13,1628,Aqua,MODIS,89,6.2,294.1,16.1,N,0
-14.191,131.5083,314.5,1.3,1.1,2014-05-13,1628,Aqua,MODIS,89,6.2,294,16.4,N,0
-14.2029,131.5184,306.9,1.3,1.1,2014-05-13,1628,Aqua,MODIS,47,6.2,293.1,9,N,0
-14.1772,131.4866,331,1.3,1.1,2014-05-13,1628,Aqua,MODIS,100,6.2,295.1,41.8,N,0
-13.9426,132.0728,310.2,1.2,1.1,2014-05-13,1628,Aqua,MODIS,79,6.2,295.5,11.1,N,0
-13.9443,132.0837,315.8,1.2,1.1,2014-05-13,1628,Aqua,MODIS,92,6.2,295.4,16.8,N,0
-14.1929,131.52,317.4,1.3,1.1,2014-05-13,1628,Aqua,MODIS,95,6.2,293.9,19.7,N,0
-14.2048,131.53,327.7,1.3,1.1,2014-05-13,1628,Aqua,MODIS,100,6.2,294.3,36.1,N,0
-13.9409,132.0618,310.5,1.2,1.1,2014-05-13,1628,Aqua,MODIS,80,6.2,295.1,12,N,0
-15.7911,129.0574,307.4,1.7,1.3,2014-05-13,1629,Aqua,MODIS,43,6.2,293.7,15,N,0
-14.7223,128.0344,302.8,2.2,1.4,2014-05-13,1629,Aqua,MODIS,10,6.2,288,15.3,N,0
-14.7189,128.0152,303.3,2.2,1.4,2014-05-13,1629,Aqua,MODIS,36,6.2,284.5,17.3,N,0
-14.8012,131.9244,311.1,1.2,1.1,2014-05-13,1629,Aqua,MODIS,82,6.2,292.3,13.2,N,0
-19.131,132.7204,307.5,1,1,2014-05-13,1630,Aqua,MODIS,72,6.2,291.3,8.7,N,0
-25.132,149.9457,306.8,1,1,2014-05-14,0017,Terra,MODIS,46,6.2,293.1,4.4,D,0
-22.6681,147.7395,312.2,1.1,1,2014-05-14,0017,Terra,MODIS,63,6.2,298.4,5.6,D,0
-25.8508,147.4447,315.2,1.1,1,2014-05-14,0018,Terra,MODIS,68,6.2,297.2,10.3,D,0
-26.1851,149.6614,327.5,1,1,2014-05-14,0018,Terra,MODIS,83,6.2,297.3,22.5,D,0
-26.1942,149.6599,334,1,1,2014-05-14,0018,Terra,MODIS,88,6.2,296.9,30.9,D,0
-27.1571,150.234,308.1,1.1,1,2014-05-14,0018,Terra,MODIS,55,6.2,296.6,4.3,D,0
-28.0858,151.5575,310.6,1.2,1.1,2014-05-14,0018,Terra,MODIS,67,6.2,294,10.4,D,0
-28.3328,152.0927,316.2,1.3,1.1,2014-05-14,0018,Terra,MODIS,75,6.2,291.9,19.8,D,0
-28.0758,151.0824,315.2,1.1,1.1,2014-05-14,0018,Terra,MODIS,73,6.2,295,13.6,D,0
-28.0773,151.0941,311.8,1.2,1.1,2014-05-14,0018,Terra,MODIS,64,6.2,296.6,9.6,D,0
-27.9608,148.6479,315.6,1,1,2014-05-14,0018,Terra,MODIS,69,6.2,298.8,9.7,D,0
-28.6003,151.7796,306.1,1.3,1.1,2014-05-14,0018,Terra,MODIS,60,6.2,289.1,10.3,D,0
-28.3312,152.0794,315.5,1.3,1.1,2014-05-14,0018,Terra,MODIS,74,6.2,291.2,18.9,D,0
-31.8869,149.0002,302.4,1,1,2014-05-14,0019,Terra,MODIS,52,6.2,290.3,5.4,D,0
-31.1812,149.9806,313.9,1.1,1.1,2014-05-14,0019,Terra,MODIS,74,6.2,295.4,11.5,D,0
-31.3958,150.0759,304.3,1.1,1.1,2014-05-14,0019,Terra,MODIS,59,6.2,292.8,5.5,D,0
-29.8861,148.3512,312.5,1,1,2014-05-14,0019,Terra,MODIS,65,6.2,297.4,7.2,D,0
-31.1797,149.969,313.5,1.1,1.1,2014-05-14,0019,Terra,MODIS,74,6.2,295.5,10.7,D,0
-32.545,149.6043,306.6,1.1,1,2014-05-14,0019,Terra,MODIS,64,6.2,290.1,8.6,D,0
-30.8094,151.3386,310.7,1.3,1.1,2014-05-14,0019,Terra,MODIS,70,6.2,289.7,14.3,D,0
-30.8109,151.3515,305.3,1.3,1.1,2014-05-14,0019,Terra,MODIS,61,6.2,289,9.2,D,0
-30.4925,150.8973,300.8,1.2,1.1,2014-05-14,0019,Terra,MODIS,42,6.2,288.4,6,D,0
-30.4827,150.8988,329.7,1.2,1.1,2014-05-14,0019,Terra,MODIS,86,6.2,290.6,37.7,D,0
-29.3176,150.5464,306.9,1.1,1.1,2014-05-14,0019,Terra,MODIS,56,6.2,295.5,4.2,D,0
-29.6798,151.4743,326.6,1.2,1.1,2014-05-14,0019,Terra,MODIS,84,6.2,292.2,33.3,D,0
-29.6813,151.4871,306.3,1.3,1.1,2014-05-14,0019,Terra,MODIS,62,6.2,291.5,8.8,D,0
-29.3389,149.1577,316.3,1,1,2014-05-14,0019,Terra,MODIS,71,6.2,298.7,10.7,D,0
-34.6551,139.6821,300.9,1.9,1.4,2014-05-14,0020,Terra,MODIS,40,6.2,288.2,11.4,D,0
-33.4849,146.7933,311.1,1,1,2014-05-14,0020,Terra,MODIS,71,6.2,290.9,9.2,D,0
-33.476,146.7905,304.2,1,1,2014-05-14,0020,Terra,MODIS,35,6.2,291.1,4.3,D,0
-33.4776,146.8012,303.7,1,1,2014-05-14,0020,Terra,MODIS,29,6.2,290,3.9,D,0
-37.0385,145.3058,301.3,1,1,2014-05-14,0021,Terra,MODIS,46,6.2,287.5,5.2,D,0
-37.4391,143.2271,320.3,1.1,1.1,2014-05-14,0021,Terra,MODIS,80,6.2,274.9,23.6,D,0
-37.4578,140.9335,311.4,1.4,1.2,2014-05-14,0021,Terra,MODIS,71,6.2,284.1,20.7,D,0
-37.4486,143.2246,305.2,1.1,1.1,2014-05-14,0021,Terra,MODIS,41,6.2,274.2,9.1,D,0
-38.4868,146.5782,371.5,1,1,2014-05-14,0021,Terra,MODIS,100,6.2,294.1,123.7,D,0
-38.4884,146.59,334.7,1,1,2014-05-14,0021,Terra,MODIS,89,6.2,291.3,35.1,D,0
-38.4959,146.5762,321.1,1,1,2014-05-14,0021,Terra,MODIS,81,6.2,287.9,19.5,D,0
-38.4975,146.5879,315.8,1,1,2014-05-14,0021,Terra,MODIS,76,6.2,288.9,14.5,D,0
-38.4017,146.1076,301.9,1,1,2014-05-14,0021,Terra,MODIS,49,6.2,287.9,5.5,D,0
-14.3665,126.5477,313.2,1,1,2014-05-14,0153,Terra,MODIS,41,6.2,287.4,7.1,D,0
-14.3887,126.2053,314.2,1,1,2014-05-14,0153,Terra,MODIS,66,6.2,285.9,9,D,0
-14.3573,131.7496,366.7,1.6,1.3,2014-05-14,0153,Terra,MODIS,100,6.2,304.6,192.5,D,0
-14.3592,131.7645,334.9,1.6,1.3,2014-05-14,0153,Terra,MODIS,85,6.2,303.2,49.2,D,0
-14.3499,131.781,327.4,1.6,1.3,2014-05-14,0153,Terra,MODIS,61,6.2,303,27.5,D,0
-14.3554,131.7347,354.9,1.6,1.3,2014-05-14,0153,Terra,MODIS,97,6.2,303.3,128.3,D,0
-14.5295,131.5794,332.8,1.6,1.2,2014-05-14,0153,Terra,MODIS,84,6.2,306.5,38.4,D,0
-14.5314,131.5941,322.9,1.6,1.2,2014-05-14,0153,Terra,MODIS,52,6.2,304.9,16.2,D,0
-14.5311,131.5875,328.2,1.6,1.2,2014-05-14,0153,Terra,MODIS,74,6.2,306.1,27.8,D,0
-14.346,131.7511,377.1,1.6,1.3,2014-05-14,0153,Terra,MODIS,100,6.2,307.4,263.9,D,0
-14.1504,131.565,326.7,1.6,1.2,2014-05-14,0153,Terra,MODIS,58,6.2,306.3,23,D,0
-13.8769,133.3066,320,2.1,1.4,2014-05-14,0153,Terra,MODIS,71,6.2,296.8,31.3,D,0
-13.6022,131.4864,317.8,1.5,1.2,2014-05-14,0153,Terra,MODIS,40,6.2,302.5,11.5,D,0
-13.7869,132.9778,314,2,1.4,2014-05-14,0153,Terra,MODIS,49,6.2,300.1,12.9,D,0
-13.2648,131.8757,319.2,1.6,1.2,2014-05-14,0153,Terra,MODIS,69,6.2,302,15.4,D,0
-13.8642,133.3082,314.6,2.1,1.4,2014-05-14,0153,Terra,MODIS,31,6.2,298.9,17.2,D,0
-14.3158,131.5169,330.3,1.6,1.2,2014-05-14,0153,Terra,MODIS,81,6.2,303.5,36.5,D,0
-14.314,131.5026,323.2,1.6,1.2,2014-05-14,0153,Terra,MODIS,72,6.2,301.9,21.4,D,0
-14.3122,131.8472,325.3,1.6,1.3,2014-05-14,0153,Terra,MODIS,76,6.2,302.7,28.7,D,0
-14.2913,131.8653,327.7,1.6,1.3,2014-05-14,0153,Terra,MODIS,75,6.2,302.9,33,D,0
-13.3612,131.8262,314.4,1.6,1.2,2014-05-14,0153,Terra,MODIS,57,6.2,300.8,10.2,D,0
-14.2911,131.8558,321,1.6,1.3,2014-05-14,0153,Terra,MODIS,53,6.2,302.4,18.2,D,0
-13.9747,132.2367,322,1.7,1.3,2014-05-14,0153,Terra,MODIS,60,6.2,304.2,19.8,D,0
-14.7522,131.5315,329.1,1.6,1.2,2014-05-14,0153,Terra,MODIS,80,6.2,304.6,30.6,D,0
-14.6989,131.3764,318.9,1.5,1.2,2014-05-14,0153,Terra,MODIS,49,6.2,304.3,10.3,D,0
-14.3177,131.5313,334.4,1.6,1.2,2014-05-14,0153,Terra,MODIS,85,6.2,306.8,46.2,D,0
-13.5208,131.8227,316.9,1.6,1.2,2014-05-14,0153,Terra,MODIS,53,6.2,301.1,13,D,0
-14.1098,131.5122,330.6,1.5,1.2,2014-05-14,0153,Terra,MODIS,63,6.2,305.8,34.2,D,0
-14.108,131.4981,334.2,1.5,1.2,2014-05-14,0153,Terra,MODIS,85,6.2,305,44.2,D,0
-13.7693,131.1697,325,1.4,1.2,2014-05-14,0153,Terra,MODIS,76,6.2,307.2,20.1,D,0
-14.1062,131.484,322.3,1.5,1.2,2014-05-14,0153,Terra,MODIS,57,6.2,303.7,18.8,D,0
-14.3292,131.7989,327.1,1.6,1.3,2014-05-14,0153,Terra,MODIS,63,6.2,304.6,28.4,D,0
-14.3366,131.7675,338.6,1.6,1.3,2014-05-14,0153,Terra,MODIS,88,6.2,305.9,56.7,D,0
-14.303,130.9663,318.6,1.4,1.2,2014-05-14,0153,Terra,MODIS,55,6.2,304.5,9.5,D,0
-14.3013,130.9531,321.5,1.4,1.2,2014-05-14,0153,Terra,MODIS,70,6.2,305.3,13.3,D,0
-14.3479,131.766,357.5,1.6,1.3,2014-05-14,0153,Terra,MODIS,98,6.2,304.7,136.5,D,0
-13.2808,131.1381,327.1,1.4,1.2,2014-05-14,0153,Terra,MODIS,76,6.2,304.4,24.2,D,0
-13.6131,131.4851,320.3,1.5,1.2,2014-05-14,0153,Terra,MODIS,70,6.2,303.3,15.9,D,0
-14.2589,131.8754,337.3,1.6,1.3,2014-05-14,0153,Terra,MODIS,87,6.2,303.8,62.1,D,0
-14.2609,131.8906,330.4,1.7,1.3,2014-05-14,0153,Terra,MODIS,81,6.2,302.4,41.6,D,0
-14.293,131.871,326.3,1.6,1.3,2014-05-14,0153,Terra,MODIS,77,6.2,302.1,30.3,D,0
-13.6039,131.4799,324.6,1.5,1.2,2014-05-14,0153,Terra,MODIS,76,6.2,302.6,24.1,D,0
-13.8981,130.6699,330.8,1.3,1.2,2014-05-14,0153,Terra,MODIS,81,6.2,304.7,30.9,D,0
-13.8964,130.6571,325.8,1.3,1.1,2014-05-14,0153,Terra,MODIS,58,6.2,305.1,19.7,D,0
-14.2192,131.5643,324.1,1.6,1.2,2014-05-14,0153,Terra,MODIS,38,6.2,307.1,15.8,D,0
-14.9214,131.2488,325,1.5,1.2,2014-05-14,0153,Terra,MODIS,71,6.2,305,20.9,D,0
-14.9195,131.2344,319.6,1.5,1.2,2014-05-14,0153,Terra,MODIS,41,6.2,305.5,10.5,D,0
-14.8942,131.1243,320.8,1.5,1.2,2014-05-14,0153,Terra,MODIS,68,6.2,304.2,13.9,D,0
-14.2137,131.5213,323.9,1.6,1.2,2014-05-14,0153,Terra,MODIS,24,6.2,304,13,D,0
-14.1356,131.5377,338.4,1.6,1.2,2014-05-14,0153,Terra,MODIS,88,6.2,304.9,53.2,D,0
-14.2026,131.5228,346.9,1.6,1.2,2014-05-14,0153,Terra,MODIS,93,6.2,308.3,77.8,D,0
-13.9543,132.0792,321.3,1.7,1.3,2014-05-14,0153,Terra,MODIS,61,6.2,302.7,18.8,D,0
-13.9517,132.0739,323.3,1.7,1.3,2014-05-14,0153,Terra,MODIS,26,6.2,303.5,21.9,D,0
-13.274,131.8593,338.6,1.6,1.2,2014-05-14,0153,Terra,MODIS,89,6.2,302.5,62.7,D,0
-14.1374,131.552,380.5,1.6,1.2,2014-05-14,0153,Terra,MODIS,100,6.2,310.5,273.9,D,0
-14.1393,131.5664,330.3,1.6,1.2,2014-05-14,0153,Terra,MODIS,70,6.2,305.6,34.7,D,0
-14.1485,131.5507,342,1.6,1.2,2014-05-14,0153,Terra,MODIS,90,6.2,306.9,63.8,D,0
-13.7934,130.8621,326.6,1.4,1.2,2014-05-14,0153,Terra,MODIS,77,6.2,305.1,24.3,D,0
-13.8056,130.8734,318.2,1.4,1.2,2014-05-14,0153,Terra,MODIS,33,6.2,304.8,9.8,D,0
-13.799,130.8556,325.1,1.4,1.2,2014-05-14,0153,Terra,MODIS,57,6.2,304.5,19.1,D,0
-13.8006,130.8682,321.5,1.4,1.2,2014-05-14,0153,Terra,MODIS,53,6.2,305,14,D,0
-13.276,131.8741,349.4,1.6,1.2,2014-05-14,0153,Terra,MODIS,95,6.2,303.5,102.2,D,0
-14.0949,132.3065,333.8,1.8,1.3,2014-05-14,0153,Terra,MODIS,85,6.2,302.6,59,D,0
-14.8016,131.9249,324.1,1.7,1.3,2014-05-14,0153,Terra,MODIS,69,6.2,304.1,25.2,D,0
-14.7997,131.9094,342.7,1.7,1.3,2014-05-14,0153,Terra,MODIS,91,6.2,303.4,82.7,D,0
-14.8493,128.024,310.9,1,1,2014-05-14,0153,Terra,MODIS,35,6.2,279.9,6.5,D,0
-14.7078,128.0024,320.4,1,1,2014-05-14,0153,Terra,MODIS,36,6.2,292.9,11.3,D,0
-14.3441,131.7361,336.1,1.6,1.3,2014-05-14,0153,Terra,MODIS,86,6.2,303.5,53.4,D,0
-14.3311,127.5557,310.7,1,1,2014-05-14,0153,Terra,MODIS,30,6.2,288.6,4.2,D,0
-14.3297,127.5464,327.7,1,1,2014-05-14,0153,Terra,MODIS,81,6.2,289.7,20.6,D,0
-14.3284,127.5371,312.2,1,1,2014-05-14,0153,Terra,MODIS,52,6.2,288.7,5.1,D,0
-12.4111,132.4324,329.2,1.7,1.3,2014-05-14,0153,Terra,MODIS,0,6.2,299.7,45.8,D,0
-13.8733,132.1595,320.3,1.7,1.3,2014-05-14,0153,Terra,MODIS,25,6.2,305.2,15.7,D,0
-13.8835,132.1674,327.2,1.7,1.3,2014-05-14,0153,Terra,MODIS,77,6.2,303.6,33.7,D,0
-14.2008,131.5086,377.7,1.6,1.2,2014-05-14,0153,Terra,MODIS,100,6.2,309.3,246.5,D,0
-14.199,131.4944,356.3,1.5,1.2,2014-05-14,0153,Terra,MODIS,98,6.2,306.4,119.4,D,0
-14.1879,131.4958,332,1.5,1.2,2014-05-14,0153,Terra,MODIS,83,6.2,308.1,34.1,D,0
-14.0929,132.2902,319.9,1.8,1.3,2014-05-14,0153,Terra,MODIS,68,6.2,301.8,21.7,D,0
-14.088,132.3139,319.9,1.8,1.3,2014-05-14,0153,Terra,MODIS,68,6.2,301.4,20.4,D,0
-14.0859,132.2977,327.7,1.8,1.3,2014-05-14,0153,Terra,MODIS,79,6.2,301.8,40,D,0
-14.7882,131.9108,320.9,1.7,1.3,2014-05-14,0153,Terra,MODIS,66,6.2,302.5,19.3,D,0
-13.8221,130.7884,321.9,1.4,1.2,2014-05-14,0153,Terra,MODIS,40,6.2,307.7,13.3,D,0
-13.8166,130.8276,325.6,1.4,1.2,2014-05-14,0153,Terra,MODIS,56,6.2,307.1,19.4,D,0
-15.2052,131.065,330.2,1.5,1.2,2014-05-14,0153,Terra,MODIS,81,6.2,305.7,32.1,D,0
-15.207,131.0789,320.1,1.5,1.2,2014-05-14,0153,Terra,MODIS,41,6.2,304.4,13.2,D,0
-15.2092,131.072,328.9,1.5,1.2,2014-05-14,0153,Terra,MODIS,80,6.2,306.1,29.8,D,0
-13.1596,130.7062,322.2,1.3,1.1,2014-05-14,0153,Terra,MODIS,72,6.2,302.9,17.6,D,0
-12.4145,130.9885,315.2,1.4,1.2,2014-05-14,0153,Terra,MODIS,62,6.2,300.4,8.7,D,0
-13.8726,130.6355,325.1,1.3,1.1,2014-05-14,0153,Terra,MODIS,74,6.2,307.3,17.5,D,0
-14.1157,130.3132,320.4,1.3,1.1,2014-05-14,0153,Terra,MODIS,65,6.2,305.4,11.8,D,0
-14.2532,130.3477,321.5,1.3,1.1,2014-05-14,0153,Terra,MODIS,63,6.2,304.2,15,D,0
-14.2312,130.3385,325.2,1.3,1.1,2014-05-14,0153,Terra,MODIS,62,6.2,305.2,20.9,D,0
-15.0452,131.2404,319.3,1.5,1.2,2014-05-14,0153,Terra,MODIS,42,6.2,305.4,12.1,D,0
-14.2166,130.464,324.5,1.3,1.1,2014-05-14,0153,Terra,MODIS,66,6.2,305.1,16.2,D,0
-14.2754,129.9826,322.9,1.2,1.1,2014-05-14,0153,Terra,MODIS,73,6.2,302.3,16.5,D,0
-14.2853,129.9813,328.9,1.2,1.1,2014-05-14,0153,Terra,MODIS,80,6.2,302,24.5,D,0
-14.2284,130.4743,334.8,1.3,1.1,2014-05-14,0153,Terra,MODIS,85,6.2,304.7,36.3,D,0
-14.2181,130.4761,352.2,1.3,1.1,2014-05-14,0153,Terra,MODIS,96,6.2,307,84.4,D,0
-14.2937,129.9685,323.5,1.2,1.1,2014-05-14,0153,Terra,MODIS,74,6.2,302.4,16.4,D,0
-14.2211,130.3399,336.2,1.3,1.1,2014-05-14,0153,Terra,MODIS,86,6.2,304.2,42.9,D,0
-14.0872,130.323,320.6,1.3,1.1,2014-05-14,0153,Terra,MODIS,68,6.2,305.1,13,D,0
-14.2953,129.9799,328.7,1.2,1.1,2014-05-14,0153,Terra,MODIS,80,6.2,302.2,23.9,D,0
-14.2322,130.4245,321.9,1.3,1.1,2014-05-14,0153,Terra,MODIS,58,6.2,304.3,14.9,D,0
-13.8644,130.6305,322.3,1.3,1.1,2014-05-14,0153,Terra,MODIS,56,6.2,306.6,12.1,D,0
-15.7826,125.0137,314.2,1.1,1,2014-05-14,0154,Terra,MODIS,59,6.2,287.3,9.2,D,0
-15.802,129.0613,325.9,1.2,1.1,2014-05-14,0154,Terra,MODIS,55,6.2,303.9,16.4,D,0
-16.253,124.4211,321.1,1.1,1.1,2014-05-14,0154,Terra,MODIS,42,6.2,299.2,11.8,D,0
-16.2851,124.4091,313.3,1.1,1.1,2014-05-14,0154,Terra,MODIS,28,6.2,293.6,5.9,D,0
-16.2774,124.4212,347.4,1.1,1.1,2014-05-14,0154,Terra,MODIS,94,6.2,301.3,58.4,D,0
-16.2757,124.4108,429.7,1.1,1.1,2014-05-14,0154,Terra,MODIS,87,6.2,313,558.2,D,0
-16.2735,124.4285,333.5,1.1,1.1,2014-05-14,0154,Terra,MODIS,70,6.2,301.1,27.3,D,0
-16.2719,124.4181,405.3,1.1,1.1,2014-05-14,0154,Terra,MODIS,94,6.2,311.2,322.8,D,0
-16.2703,124.4076,433.9,1.1,1.1,2014-05-14,0154,Terra,MODIS,0,6.2,312.5,605.3,D,0
-16.2625,124.4196,338.3,1.1,1.1,2014-05-14,0154,Terra,MODIS,81,6.2,302.1,35.8,D,0
-15.6503,124.9393,315.1,1.1,1,2014-05-14,0154,Terra,MODIS,63,6.2,297.8,7.1,D,0
-15.6019,124.5089,316.9,1.1,1.1,2014-05-14,0154,Terra,MODIS,60,6.2,300.2,7.4,D,0
-15.7895,129.0414,336.1,1.1,1.1,2014-05-14,0154,Terra,MODIS,86,6.2,302.4,34.8,D,0
-15.6273,128.2567,318.1,1.1,1,2014-05-14,0154,Terra,MODIS,40,6.2,302.3,6.7,D,0
-15.7659,128.4533,318.8,1.1,1,2014-05-14,0154,Terra,MODIS,54,6.2,301.8,7.7,D,0
-15.7991,129.0399,345.1,1.1,1.1,2014-05-14,0154,Terra,MODIS,92,6.2,300.6,52.7,D,0
-15.6923,128.5834,320.1,1.1,1,2014-05-14,0154,Terra,MODIS,69,6.2,300.7,9.6,D,0
-15.7813,129.0534,322.6,1.2,1.1,2014-05-14,0154,Terra,MODIS,46,6.2,301,13.2,D,0
-15.8005,129.0506,374.5,1.2,1.1,2014-05-14,0154,Terra,MODIS,100,6.2,305.1,149.2,D,0
-15.5356,124.6112,318.4,1.1,1.1,2014-05-14,0154,Terra,MODIS,50,6.2,300.5,8.4,D,0
-15.9099,126.0908,316.8,1,1,2014-05-14,0154,Terra,MODIS,61,6.2,301.9,6.8,D,0
-15.107,128.6131,309.9,1.1,1,2014-05-14,0154,Terra,MODIS,46,6.2,271.6,10,D,0
-15.5868,128.3738,322.8,1.1,1,2014-05-14,0154,Terra,MODIS,74,6.2,304,13,D,0
-15.5855,128.3639,323.4,1.1,1,2014-05-14,0154,Terra,MODIS,75,6.2,304,13,D,0
-15.0446,126.7112,341.7,1,1,2014-05-14,0154,Terra,MODIS,91,6.2,283.9,43.3,D,0
-15.9113,126.1002,315.3,1,1,2014-05-14,0154,Terra,MODIS,49,6.2,301,5.9,D,0
-15.0432,126.702,338.4,1,1,2014-05-14,0154,Terra,MODIS,90,6.2,283,37.8,D,0
-15.534,124.6009,323.1,1.1,1.1,2014-05-14,0154,Terra,MODIS,72,6.2,300,14.4,D,0
-15.6222,126.5694,322.6,1,1,2014-05-14,0154,Terra,MODIS,77,6.2,291.7,16.8,D,0
-15.9037,126.1109,318.5,1,1,2014-05-14,0154,Terra,MODIS,66,6.2,300.6,8.9,D,0
-15.8212,130.2094,317.6,1.3,1.1,2014-05-14,0154,Terra,MODIS,57,6.2,303.4,8.9,D,0
-15.1092,127.9771,313.4,1,1,2014-05-14,0154,Terra,MODIS,55,6.2,290.5,8.3,D,0
-16.2141,126.3387,316.5,1,1,2014-05-14,0154,Terra,MODIS,30,6.2,302.2,5.6,D,0
-16.2155,126.348,318.7,1,1,2014-05-14,0154,Terra,MODIS,54,6.2,302.1,7.5,D,0
-15.1069,128.0263,310.5,1,1,2014-05-14,0154,Terra,MODIS,62,6.2,285.1,5.8,D,0
-15.9365,126.3914,319.6,1,1,2014-05-14,0154,Terra,MODIS,40,6.2,304.4,7.9,D,0
-14.9631,126.2882,314.5,1,1,2014-05-14,0154,Terra,MODIS,68,6.2,291.2,7.3,D,0
-15.9352,126.3821,331.1,1,1,2014-05-14,0154,Terra,MODIS,83,6.2,303.4,20.3,D,0
-15.9268,126.3894,339.7,1,1,2014-05-14,0154,Terra,MODIS,89,6.2,303.6,33.8,D,0
-15.9254,126.3801,324.8,1,1,2014-05-14,0154,Terra,MODIS,78,6.2,302.4,13.9,D,0
-16.2079,126.3587,321.6,1,1,2014-05-14,0154,Terra,MODIS,44,6.2,304.3,10,D,0
-17.6261,126.5502,320.2,1,1,2014-05-14,0154,Terra,MODIS,63,6.2,305,8,D,0
-15.9572,126.5305,318.8,1,1,2014-05-14,0154,Terra,MODIS,68,6.2,303.4,8,D,0
-15.9583,126.045,317,1,1,2014-05-14,0154,Terra,MODIS,60,6.2,301.5,6.7,D,0
-15.9617,126.0062,322.5,1,1,2014-05-14,0154,Terra,MODIS,74,6.2,301.5,11.4,D,0
-15.9631,126.0156,328.2,1,1,2014-05-14,0154,Terra,MODIS,80,6.2,302.2,18,D,0
-15.4814,125.9978,328.6,1,1,2014-05-14,0154,Terra,MODIS,84,6.2,295,23,D,0
-15.4828,126.0072,313.7,1,1,2014-05-14,0154,Terra,MODIS,56,6.2,294.1,7.2,D,0
-16.8177,131.5148,332.5,1.7,1.3,2014-05-14,0154,Terra,MODIS,83,6.2,305.4,46,D,0
-16.8264,131.5079,323.6,1.7,1.3,2014-05-14,0154,Terra,MODIS,74,6.2,304.7,24,D,0
-16.8283,131.5237,320.9,1.7,1.3,2014-05-14,0154,Terra,MODIS,69,6.2,304.6,17.5,D,0
-16.8809,130.8407,327.9,1.5,1.2,2014-05-14,0154,Terra,MODIS,78,6.2,307,26.9,D,0
-16.8901,130.8252,327.1,1.5,1.2,2014-05-14,0154,Terra,MODIS,77,6.2,306.6,26.3,D,0
-16.8919,130.8393,320.3,1.5,1.2,2014-05-14,0154,Terra,MODIS,34,6.2,305.5,13.2,D,0
-15.573,131.3389,322.6,1.6,1.2,2014-05-14,0154,Terra,MODIS,59,6.2,304.5,18.5,D,0
-15.5712,131.3247,357.1,1.6,1.2,2014-05-14,0154,Terra,MODIS,98,6.2,306.7,132.6,D,0
-18.7771,131.0418,325.8,1.7,1.3,2014-05-14,0154,Terra,MODIS,76,6.2,304.6,31.1,D,0
-19.1373,132.7283,317.7,2.2,1.5,2014-05-14,0154,Terra,MODIS,62,6.2,302.9,23.1,D,0
-15.5601,131.3257,335.8,1.6,1.2,2014-05-14,0154,Terra,MODIS,87,6.2,305.4,50.8,D,0
-15.6531,131.6958,322.1,1.7,1.3,2014-05-14,0154,Terra,MODIS,64,6.2,304.3,19.8,D,0
-18.7752,131.026,319.8,1.7,1.3,2014-05-14,0154,Terra,MODIS,66,6.2,303.9,18.3,D,0
-19.1347,132.7229,318.9,2.2,1.5,2014-05-14,0154,Terra,MODIS,65,6.2,303.7,26.9,D,0
-16.1969,135.6237,315.5,3.4,1.7,2014-05-14,0154,Terra,MODIS,57,6.2,299.8,34.2,D,0
-16.2073,135.6167,314.5,3.4,1.7,2014-05-14,0154,Terra,MODIS,56,6.2,299.6,31,D,0
-18.9944,126.4073,322.3,1,1,2014-05-14,0155,Terra,MODIS,47,6.2,306.7,7.6,D,0
-21.9454,129.601,319.2,1.5,1.2,2014-05-14,0155,Terra,MODIS,70,6.2,302.4,16.6,D,0
-19.6853,127.6468,323,1.1,1,2014-05-14,0155,Terra,MODIS,71,6.2,305.2,11.4,D,0
-21.9471,129.6151,323.4,1.5,1.2,2014-05-14,0155,Terra,MODIS,76,6.2,302.6,25.1,D,0
-20.6495,132.4463,319.4,2.2,1.5,2014-05-14,0155,Terra,MODIS,47,6.2,305.1,24.6,D,0
-20.6467,132.44,317.5,2.2,1.5,2014-05-14,0155,Terra,MODIS,35,6.2,306,19.7,D,0
-21.4345,119.5131,317.4,1.8,1.3,2014-05-14,0156,Terra,MODIS,62,6.2,300.9,15.1,D,0
-22.4188,122.96,324.7,1.1,1.1,2014-05-14,0156,Terra,MODIS,74,6.2,301.4,16,D,0
-22.3925,124.8577,321.3,1,1,2014-05-14,0156,Terra,MODIS,37,6.2,297.3,9.9,D,0
-22.4205,122.9707,334.6,1.1,1,2014-05-14,0156,Terra,MODIS,85,6.2,303.8,30.6,D,0
-22.2007,122.9633,328.6,1.1,1.1,2014-05-14,0156,Terra,MODIS,79,6.2,302.5,21.7,D,0
-22.199,122.9526,320.1,1.1,1.1,2014-05-14,0156,Terra,MODIS,66,6.2,301.5,11.4,D,0
-24.6719,121.7012,317.2,1.2,1.1,2014-05-14,0156,Terra,MODIS,48,6.2,301.7,9.2,D,0
-23.6162,121.5858,313.2,1.2,1.1,2014-05-14,0156,Terra,MODIS,49,6.2,300.4,6.5,D,0
-23.6142,121.5738,319.1,1.2,1.1,2014-05-14,0156,Terra,MODIS,68,6.2,300.1,13.9,D,0
-34.3976,119.2923,388.5,1.1,1.1,2014-05-14,0159,Terra,MODIS,100,6.2,297.2,229.6,D,0
-33.6898,121.3599,304.6,1,1,2014-05-14,0159,Terra,MODIS,59,6.2,293.8,4.1,D,0
-34.3997,119.3046,363.5,1.1,1.1,2014-05-14,0159,Terra,MODIS,100,6.2,293.8,114.3,D,0
-33.549,121.2792,309.8,1,1,2014-05-14,0159,Terra,MODIS,69,6.2,292,7.5,D,0
-33.5507,121.2901,304.2,1,1,2014-05-14,0159,Terra,MODIS,58,6.2,291.8,4,D,0
-33.7379,122.3443,308.2,1,1,2014-05-14,0159,Terra,MODIS,57,6.2,292.7,6.7,D,0
-33.7591,120.6747,327.6,1,1,2014-05-14,0159,Terra,MODIS,85,6.2,293.9,23.6,D,0
-33.8098,122.1502,303.5,1,1,2014-05-14,0159,Terra,MODIS,56,6.2,291.9,4.8,D,0
-33.5728,122.6015,315.6,1,1,2014-05-14,0159,Terra,MODIS,75,6.2,292.4,11.7,D,0
-33.5638,122.6033,310,1,1,2014-05-14,0159,Terra,MODIS,63,6.2,293,7.1,D,0
-33.8082,122.1394,304.9,1,1,2014-05-14,0159,Terra,MODIS,60,6.2,292.3,5.3,D,0
-33.801,122.1474,306.6,1,1,2014-05-14,0159,Terra,MODIS,59,6.2,292.2,5.7,D,0
-33.6835,122.5443,308.6,1,1,2014-05-14,0159,Terra,MODIS,66,6.2,293.4,6.5,D,0
-34.0124,117.8658,309.6,1.3,1.1,2014-05-14,0159,Terra,MODIS,65,6.2,287.7,12.6,D,0
-33.7682,120.6895,321.4,1,1,2014-05-14,0159,Terra,MODIS,81,6.2,293.4,18.3,D,0
-33.7664,120.6783,312.2,1,1,2014-05-14,0159,Terra,MODIS,72,6.2,293.7,9.8,D,0
-33.7609,120.686,339.8,1,1,2014-05-14,0159,Terra,MODIS,92,6.2,294.7,42.3,D,0
-38.2203,144.5998,302.3,1.2,1.1,2014-05-14,0435,Aqua,MODIS,52,6.2,290.2,6,D,0
-38.12,143.7133,300.6,1.1,1,2014-05-14,0435,Aqua,MODIS,0,6.2,267.2,7.8,D,0
-36.9641,149.3823,363.4,2.2,1.4,2014-05-14,0435,Aqua,MODIS,100,6.2,291,311,D,0
-36.9695,149.3579,320.2,2.2,1.4,2014-05-14,0435,Aqua,MODIS,80,6.2,287.2,59,D,0
-36.9684,149.3786,309.6,2.2,1.4,2014-05-14,0435,Aqua,MODIS,69,6.2,287.9,33.4,D,0
-36.9556,149.3745,372.3,2.2,1.4,2014-05-14,0435,Aqua,MODIS,100,6.2,293.2,400.3,D,0
-36.9301,149.3657,303.7,2.2,1.4,2014-05-14,0435,Aqua,MODIS,42,6.2,287.5,20.5,D,0
-36.9247,149.3901,315.4,2.2,1.4,2014-05-14,0435,Aqua,MODIS,76,6.2,286.9,47.1,D,0
-40.8994,145.4954,325.5,1.2,1.1,2014-05-14,0435,Aqua,MODIS,18,6.2,283.4,26.4,D,0
-40.8779,145.5032,337,1.2,1.1,2014-05-14,0435,Aqua,MODIS,47,6.2,284.9,42.4,D,0
-36.2304,140.6168,318.4,1,1,2014-05-14,0436,Aqua,MODIS,77,6.2,297,12.6,D,0
-36.9319,141.9908,303.8,1,1,2014-05-14,0436,Aqua,MODIS,57,6.2,291,4.1,D,0
-36.7546,141.632,315,1,1,2014-05-14,0436,Aqua,MODIS,75,6.2,295.1,11.5,D,0
-36.7456,141.6299,306.3,1,1,2014-05-14,0436,Aqua,MODIS,47,6.2,295.3,4.5,D,0
-36.9336,141.9795,303.2,1,1,2014-05-14,0436,Aqua,MODIS,55,6.2,290.9,3.7,D,0
-37.5205,140.3233,316.8,1,1,2014-05-14,0436,Aqua,MODIS,77,6.2,276.9,16.4,D,0
-37.5296,140.3253,328.8,1,1,2014-05-14,0436,Aqua,MODIS,86,6.2,275.7,28.6,D,0
-37.471,143.152,306.1,1.1,1,2014-05-14,0436,Aqua,MODIS,63,6.2,277,10.2,D,0
-37.4503,143.2215,300.2,1.1,1,2014-05-14,0436,Aqua,MODIS,17,6.2,267.2,6.2,D,0
-37.441,143.2191,315.1,1.1,1,2014-05-14,0436,Aqua,MODIS,57,6.2,268.9,17.7,D,0
-36.718,141.1307,322.6,1,1,2014-05-14,0436,Aqua,MODIS,82,6.2,295.9,17.5,D,0
-37.5139,143.0636,302.5,1.1,1,2014-05-14,0436,Aqua,MODIS,52,6.2,279.1,7.2,D,0
-36.2213,142.4192,305.8,1,1,2014-05-14,0436,Aqua,MODIS,55,6.2,294.8,4.6,D,0
-37.6154,143.0097,324.7,1.1,1,2014-05-14,0436,Aqua,MODIS,72,6.2,283.9,25.9,D,0
-37.62,143.0164,339.1,1.1,1,2014-05-14,0436,Aqua,MODIS,91,6.2,286.6,44.4,D,0
-37.6135,143.0216,314.3,1.1,1,2014-05-14,0436,Aqua,MODIS,56,6.2,281.1,15.3,D,0
-36.2231,142.4076,312.9,1,1,2014-05-14,0436,Aqua,MODIS,70,6.2,295.2,9.9,D,0
-35.7648,141.789,310.5,1,1,2014-05-14,0436,Aqua,MODIS,66,6.2,293.7,8.2,D,0
-36.054,143.1645,309.6,1.1,1,2014-05-14,0436,Aqua,MODIS,66,6.2,296.3,6.4,D,0
-35.2497,143.9059,320.9,1.2,1.1,2014-05-14,0436,Aqua,MODIS,79,6.2,293.6,21.1,D,0
-35.2475,143.919,307.9,1.2,1.1,2014-05-14,0436,Aqua,MODIS,61,6.2,292.6,7.4,D,0
-35.3075,144.106,306.6,1.2,1.1,2014-05-14,0436,Aqua,MODIS,58,6.2,292.1,6.3,D,0
-37.5064,140.8919,307,1,1,2014-05-14,0436,Aqua,MODIS,33,6.2,288,7.4,D,0
-36.232,140.6056,317.2,1,1,2014-05-14,0436,Aqua,MODIS,76,6.2,297.1,11.7,D,0
-35.3581,144.0567,308.2,1.2,1.1,2014-05-14,0436,Aqua,MODIS,63,6.2,290.6,8.6,D,0
-36.8337,141.7857,307.1,1,1,2014-05-14,0436,Aqua,MODIS,65,6.2,292.3,6.1,D,0
-35.249,143.9112,321.5,1.2,1.1,2014-05-14,0436,Aqua,MODIS,80,6.2,292.9,19.9,D,0
-35.2611,143.9006,326.7,1.2,1.1,2014-05-14,0436,Aqua,MODIS,68,6.2,293.1,26.6,D,0
-35.2588,143.9137,343.6,1.2,1.1,2014-05-14,0436,Aqua,MODIS,93,6.2,293.3,59,D,0
-37.7932,142.0815,322.9,1,1,2014-05-14,0436,Aqua,MODIS,82,6.2,288.8,22,D,0
-37.4974,140.8899,306,1,1,2014-05-14,0436,Aqua,MODIS,49,6.2,286.5,6.9,D,0
-37.2446,140.7212,304.1,1,1,2014-05-14,0436,Aqua,MODIS,58,6.2,288.4,5.4,D,0
-37.7645,141.7853,312.8,1,1,2014-05-14,0436,Aqua,MODIS,73,6.2,283.5,13,D,0
-35.0959,144.0801,342.6,1.2,1.1,2014-05-14,0436,Aqua,MODIS,87,6.2,292,62.8,D,0
-37.7953,142.1295,304.1,1,1,2014-05-14,0436,Aqua,MODIS,58,6.2,287.8,6.9,D,0
-36.9794,142.6354,308.2,1,1,2014-05-14,0436,Aqua,MODIS,67,6.2,292.7,7.4,D,0
-36.9565,140.814,308.3,1,1,2014-05-14,0436,Aqua,MODIS,67,6.2,279.8,8.8,D,0
-36.2696,140.6023,308.9,1,1,2014-05-14,0436,Aqua,MODIS,64,6.2,295.9,5.5,D,0
-36.332,141.6318,313,1,1,2014-05-14,0436,Aqua,MODIS,71,6.2,295.9,9.3,D,0
-36.3671,141.6337,308.6,1,1,2014-05-14,0436,Aqua,MODIS,64,6.2,294.1,6.4,D,0
-36.2712,140.5912,309,1,1,2014-05-14,0436,Aqua,MODIS,64,6.2,296.6,5.5,D,0
-37.7173,142.1646,302.9,1,1,2014-05-14,0436,Aqua,MODIS,54,6.2,286.3,6.1,D,0
-36.7104,141.9259,306.4,1,1,2014-05-14,0436,Aqua,MODIS,62,6.2,294.2,5,D,0
-37.3875,141.5897,307.8,1,1,2014-05-14,0436,Aqua,MODIS,66,6.2,286.4,8.8,D,0
-37.7915,142.0929,333.1,1,1,2014-05-14,0436,Aqua,MODIS,88,6.2,289.5,34.4,D,0
-36.7197,141.1195,318.6,1,1,2014-05-14,0436,Aqua,MODIS,79,6.2,296,13.5,D,0
-36.6526,144.7222,325.8,1.2,1.1,2014-05-14,0436,Aqua,MODIS,84,6.2,286.6,31.8,D,0
-36.655,144.7085,336,1.2,1.1,2014-05-14,0436,Aqua,MODIS,90,6.2,291.3,49.9,D,0
-36.6547,144.651,302.9,1.2,1.1,2014-05-14,0436,Aqua,MODIS,54,6.2,286.7,7.1,D,0
-37.5213,143.0598,309.5,1.1,1,2014-05-14,0436,Aqua,MODIS,69,6.2,280.1,11.1,D,0
-36.8354,141.7744,318.4,1,1,2014-05-14,0436,Aqua,MODIS,78,6.2,293.9,15.1,D,0
-35.754,142.0265,305.5,1,1,2014-05-14,0436,Aqua,MODIS,48,6.2,294,4.2,D,0
-36.4036,141.5144,305.5,1,1,2014-05-14,0436,Aqua,MODIS,57,6.2,295.1,4.8,D,0
-37.6281,142.3265,356.4,1,1,2014-05-14,0436,Aqua,MODIS,98,6.2,283.1,78.3,D,0
-37.6172,142.3359,396.6,1,1,2014-05-14,0436,Aqua,MODIS,100,6.2,284.9,240.1,D,0
-37.619,142.3244,349.6,1,1,2014-05-14,0436,Aqua,MODIS,96,6.2,284.4,62.8,D,0
-36.865,141.9985,309.7,1,1,2014-05-14,0436,Aqua,MODIS,69,6.2,295,7.5,D,0
-37.6082,142.3337,303.4,1,1,2014-05-14,0436,Aqua,MODIS,26,6.2,280.6,5.5,D,0
-35.4778,144.1983,302.5,1.2,1.1,2014-05-14,0436,Aqua,MODIS,40,6.2,289.3,4.6,D,0
-35.5003,144.2464,311.1,1.2,1.1,2014-05-14,0436,Aqua,MODIS,69,6.2,292.2,11.5,D,0
-35.4979,144.2599,321.2,1.2,1.1,2014-05-14,0436,Aqua,MODIS,80,6.2,292.7,23.2,D,0
-36.314,140.997,306.5,1,1,2014-05-14,0436,Aqua,MODIS,59,6.2,292.8,4.3,D,0
-37.8314,143.2696,311.2,1.1,1,2014-05-14,0436,Aqua,MODIS,71,6.2,279.8,12.4,D,0
-37.4691,143.1639,302.1,1.1,1,2014-05-14,0436,Aqua,MODIS,51,6.2,275.5,7.6,D,0
-34.1692,148.0348,303.8,2.2,1.4,2014-05-14,0436,Aqua,MODIS,57,6.2,293.4,12,D,0
-35.62,148.1728,304.9,2,1.4,2014-05-14,0436,Aqua,MODIS,50,6.2,283.6,21.7,D,0
-35.6154,148.195,369.3,2,1.4,2014-05-14,0436,Aqua,MODIS,94,6.2,288.6,328.7,D,0
-34.9498,146.5922,308,1.7,1.3,2014-05-14,0436,Aqua,MODIS,37,6.2,293,12,D,0
-35.2756,145.3114,306.4,1.4,1.2,2014-05-14,0436,Aqua,MODIS,50,6.2,290.2,10.7,D,0
-34.6425,147.4824,363.4,1.9,1.4,2014-05-14,0436,Aqua,MODIS,0,6.2,288.7,247.4,D,0
-34.9769,147.0302,306.8,1.8,1.3,2014-05-14,0436,Aqua,MODIS,64,6.2,293.8,12.9,D,0
-36.0913,145.918,304.2,1.5,1.2,2014-05-14,0436,Aqua,MODIS,56,6.2,291.3,6.9,D,0
-35.5863,146.6577,305.8,1.6,1.3,2014-05-14,0436,Aqua,MODIS,62,6.2,292.5,9.7,D,0
-35.723,146.2557,321.3,1.6,1.2,2014-05-14,0436,Aqua,MODIS,81,6.2,293,31.5,D,0
-36.2339,145.9479,331.6,1.5,1.2,2014-05-14,0436,Aqua,MODIS,87,6.2,293,51.8,D,0
-35.0476,145.5725,309.5,1.5,1.2,2014-05-14,0436,Aqua,MODIS,68,6.2,291.8,11.5,D,0
-35.9371,146.409,303,1.6,1.2,2014-05-14,0436,Aqua,MODIS,54,6.2,286.7,8,D,0
-36.0886,145.9105,301.8,1.5,1.2,2014-05-14,0436,Aqua,MODIS,49,6.2,291.3,5.1,D,0
-35.7451,146.7368,323.5,1.6,1.3,2014-05-14,0436,Aqua,MODIS,82,6.2,291.4,39.8,D,0
-35.1115,146.5947,304.8,1.7,1.3,2014-05-14,0436,Aqua,MODIS,60,6.2,294.3,7.3,D,0
-34.6084,146.9082,306.8,1.8,1.3,2014-05-14,0436,Aqua,MODIS,61,6.2,291.4,11.1,D,0
-35.7088,146.2695,318.6,1.6,1.2,2014-05-14,0436,Aqua,MODIS,79,6.2,293.1,26.7,D,0
-36.0491,145.8821,321.6,1.5,1.2,2014-05-14,0436,Aqua,MODIS,81,6.2,292.7,30,D,0
-35.2791,145.3213,310.2,1.4,1.2,2014-05-14,0436,Aqua,MODIS,59,6.2,289.5,14.7,D,0
-34.39,146.0481,314.6,1.6,1.2,2014-05-14,0436,Aqua,MODIS,69,6.2,293.1,22.2,D,0
-35.7804,145.3865,303.1,1.4,1.2,2014-05-14,0436,Aqua,MODIS,51,6.2,292.5,6.1,D,0
-34.9415,146.6144,309.3,1.7,1.3,2014-05-14,0436,Aqua,MODIS,68,6.2,293.4,15.5,D,0
-35.4695,146.6679,302.9,1.7,1.3,2014-05-14,0436,Aqua,MODIS,50,6.2,292.2,7.3,D,0
-36.5832,144.8787,302.8,1.3,1.1,2014-05-14,0436,Aqua,MODIS,54,6.2,287.7,6.9,D,0
-35.2728,145.3267,304.3,1.4,1.2,2014-05-14,0436,Aqua,MODIS,42,6.2,288.8,8.1,D,0
-34.6143,146.9171,306,1.8,1.3,2014-05-14,0436,Aqua,MODIS,62,6.2,292.9,10.1,D,0
-35.6081,146.6074,306.4,1.6,1.3,2014-05-14,0436,Aqua,MODIS,63,6.2,291.8,11.4,D,0
-34.9452,146.5962,314.8,1.7,1.3,2014-05-14,0436,Aqua,MODIS,75,6.2,293.3,24.7,D,0
-35.7734,145.989,305.6,1.5,1.2,2014-05-14,0436,Aqua,MODIS,62,6.2,292.6,9.4,D,0
-35.6978,146.2663,335.7,1.6,1.2,2014-05-14,0436,Aqua,MODIS,90,6.2,293.8,63.6,D,0
-35.473,146.6497,303.6,1.7,1.3,2014-05-14,0436,Aqua,MODIS,56,6.2,293.5,7.9,D,0
-35.5886,146.6516,310.4,1.6,1.3,2014-05-14,0436,Aqua,MODIS,70,6.2,292.8,15.2,D,0
-35.3055,146.9639,301.9,1.7,1.3,2014-05-14,0436,Aqua,MODIS,25,6.2,290.5,8.1,D,0
-34.1202,147.6342,305.7,2,1.4,2014-05-14,0436,Aqua,MODIS,57,6.2,294.6,12.5,D,0
-36.0461,145.8981,308.9,1.5,1.2,2014-05-14,0436,Aqua,MODIS,68,6.2,292.6,11.8,D,0
-34.3392,147.667,303.2,2,1.4,2014-05-14,0436,Aqua,MODIS,40,6.2,292.1,6.5,D,0
-35.7011,146.2493,327.7,1.6,1.2,2014-05-14,0436,Aqua,MODIS,73,6.2,293.7,43.1,D,0
-35.4803,146.6574,306.7,1.7,1.3,2014-05-14,0436,Aqua,MODIS,64,6.2,293.3,10.3,D,0
-35.0531,145.5644,308.1,1.5,1.2,2014-05-14,0436,Aqua,MODIS,66,6.2,292.1,10.5,D,0
-36.2309,145.9639,307.3,1.5,1.2,2014-05-14,0436,Aqua,MODIS,65,6.2,290.6,11.5,D,0
-36.0857,145.9265,304.5,1.5,1.2,2014-05-14,0436,Aqua,MODIS,59,6.2,291.9,8,D,0
-35.2169,147.1608,319.1,1.8,1.3,2014-05-14,0436,Aqua,MODIS,79,6.2,292.6,36.2,D,0
-34.3888,146.0545,311.9,1.6,1.2,2014-05-14,0436,Aqua,MODIS,22,6.2,292.5,16.6,D,0
-34.9463,146.6105,316.3,1.7,1.3,2014-05-14,0436,Aqua,MODIS,77,6.2,293.7,25.5,D,0
-35.9982,143.7987,312.8,1.2,1.1,2014-05-14,0436,Aqua,MODIS,67,6.2,293.3,10.9,D,0
-35.9865,143.8089,312.8,1.2,1.1,2014-05-14,0436,Aqua,MODIS,62,6.2,291.9,11.1,D,0
-35.9961,143.8115,357,1.2,1.1,2014-05-14,0436,Aqua,MODIS,98,6.2,294.2,94.6,D,0
-36.9549,140.8253,339.4,1,1,2014-05-14,0436,Aqua,MODIS,91,6.2,284,42.8,D,0
-36.0319,144.0834,312.8,1.2,1.1,2014-05-14,0436,Aqua,MODIS,71,6.2,290.3,13.4,D,0
-35.8186,137.6303,309.5,1.2,1.1,2014-05-14,0436,Aqua,MODIS,69,6.2,292.5,10.2,D,0
-34.663,139.6673,308.4,1,1,2014-05-14,0437,Aqua,MODIS,57,6.2,294.8,6.5,D,0
-34.6637,137.7745,386.3,1.1,1.1,2014-05-14,0437,Aqua,MODIS,100,6.2,302.7,212.1,D,0
-34.6622,137.7869,361.5,1.1,1.1,2014-05-14,0437,Aqua,MODIS,100,6.2,297.2,103.5,D,0
-34.8001,137.6708,308.3,1.1,1.1,2014-05-14,0437,Aqua,MODIS,64,6.2,293,7,D,0
-34.6615,139.6784,307.1,1,1,2014-05-14,0437,Aqua,MODIS,55,6.2,295.2,5.4,D,0
-31.5179,150.4486,306,3.6,1.8,2014-05-14,0437,Aqua,MODIS,61,6.2,292.6,28.2,D,0
-33.5639,138.7687,323.7,1,1,2014-05-14,0437,Aqua,MODIS,81,6.2,291.5,21.4,D,0
-34.2026,138.7132,308.1,1,1,2014-05-14,0437,Aqua,MODIS,62,6.2,293.1,6.2,D,0
-34.1031,135.5197,307.9,1.4,1.2,2014-05-14,0437,Aqua,MODIS,51,6.2,296.8,6.6,D,0
-31.5266,150.4119,315.3,3.6,1.8,2014-05-14,0437,Aqua,MODIS,75,6.2,293.9,71.5,D,0
-34.273,139.0233,310.6,1,1,2014-05-14,0437,Aqua,MODIS,48,6.2,289.3,9.3,D,0
-33.8304,138.7571,305.7,1,1,2014-05-14,0437,Aqua,MODIS,55,6.2,289.3,6.5,D,0
-32.9438,138.0474,305.5,1.1,1,2014-05-14,0437,Aqua,MODIS,53,6.2,293.2,5.4,D,0
-33.5624,138.7799,333.9,1,1,2014-05-14,0437,Aqua,MODIS,88,6.2,292.3,34.6,D,0
-33.0659,148.211,304,2.3,1.5,2014-05-14,0437,Aqua,MODIS,40,6.2,293.3,11.2,D,0
-33.8506,138.5284,304.6,1.1,1,2014-05-14,0437,Aqua,MODIS,44,6.2,292.9,4.1,D,0
-34.2568,137.7904,307.5,1.1,1.1,2014-05-14,0437,Aqua,MODIS,61,6.2,294,5.9,D,0
-34.3884,135.7456,320.2,1.4,1.2,2014-05-14,0437,Aqua,MODIS,78,6.2,297.4,23.2,D,0
-34.1064,135.5269,309.4,1.4,1.2,2014-05-14,0437,Aqua,MODIS,57,6.2,297.2,8.2,D,0
-33.6204,138.8881,316.8,1,1,2014-05-14,0437,Aqua,MODIS,75,6.2,289.5,14,D,0
-33.1566,148.0882,314,2.3,1.5,2014-05-14,0437,Aqua,MODIS,74,6.2,295.3,33.1,D,0
-33.149,148.0811,313.5,2.3,1.5,2014-05-14,0437,Aqua,MODIS,67,6.2,294.4,28.7,D,0
-33.0712,148.1861,326.2,2.3,1.5,2014-05-14,0437,Aqua,MODIS,84,6.2,295.3,77,D,0
-31.5202,150.405,311.6,3.6,1.8,2014-05-14,0437,Aqua,MODIS,70,6.2,293.4,53.5,D,0
-34.2345,136.141,326.7,1.3,1.1,2014-05-14,0437,Aqua,MODIS,83,6.2,298.4,30.6,D,0
-34.2187,137.7835,318.9,1.1,1.1,2014-05-14,0437,Aqua,MODIS,77,6.2,295.5,15.4,D,0
-34.4104,142.2887,310.1,1.1,1,2014-05-14,0437,Aqua,MODIS,61,6.2,296.1,6.8,D,0
-34.2172,137.7957,312.8,1.1,1.1,2014-05-14,0437,Aqua,MODIS,71,6.2,294.5,9.4,D,0
-33.5547,138.767,335.6,1,1,2014-05-14,0437,Aqua,MODIS,89,6.2,287.4,36.2,D,0
-33.1618,148.0641,308.8,2.3,1.5,2014-05-14,0437,Aqua,MODIS,67,6.2,293.8,19.4,D,0
-33.5532,138.7782,332.5,1,1,2014-05-14,0437,Aqua,MODIS,87,6.2,291.4,31.6,D,0
-24.0629,132.8133,331.4,1.6,1.2,2014-05-14,0440,Aqua,MODIS,82,6.2,302.3,43.3,D,0
-24.0723,132.8302,324.7,1.6,1.2,2014-05-14,0440,Aqua,MODIS,75,6.2,302.3,28.7,D,0
-21.9471,129.6,323.2,2.5,1.5,2014-05-14,0440,Aqua,MODIS,72,6.2,305.4,39.4,D,0
-18.785,130.9944,343,1.8,1.3,2014-05-14,0441,Aqua,MODIS,90,6.2,307.4,85.4,D,0
-18.7922,131.0023,385.5,1.8,1.3,2014-05-14,0441,Aqua,MODIS,100,6.2,310.6,381.4,D,0
-18.783,131.0111,372.1,1.8,1.3,2014-05-14,0441,Aqua,MODIS,100,6.2,310.7,256.6,D,0
-19.1482,132.7203,327.6,1.4,1.2,2014-05-14,0441,Aqua,MODIS,74,6.2,305.6,22.4,D,0
-18.7903,131.0191,366.1,1.8,1.3,2014-05-14,0441,Aqua,MODIS,100,6.2,311,211.5,D,0
-13.7946,130.8464,340.7,1.5,1.2,2014-05-14,0442,Aqua,MODIS,90,6.2,299.2,65.9,D,0
-13.8979,130.6616,318.6,1.6,1.2,2014-05-14,0442,Aqua,MODIS,39,6.2,297,14,D,0
-13.8997,130.647,316.7,1.6,1.2,2014-05-14,0442,Aqua,MODIS,50,6.2,296.2,10.9,D,0
-14.3217,131.5323,323.7,1.4,1.2,2014-05-14,0442,Aqua,MODIS,53,6.2,301.4,18.7,D,0
-15.9303,132.2159,319,1.3,1.1,2014-05-14,0442,Aqua,MODIS,35,6.2,301.6,13.1,D,0
-14.3111,131.8342,322.8,1.3,1.1,2014-05-14,0442,Aqua,MODIS,64,6.2,305.6,16.8,D,0
-14.2413,131.5742,335.9,1.4,1.2,2014-05-14,0442,Aqua,MODIS,75,6.2,302.9,38.7,D,0
-14.1062,132.0056,337.6,1.3,1.1,2014-05-14,0442,Aqua,MODIS,87,6.2,305,43.2,D,0
-13.7865,132.9773,318.8,1.1,1.1,2014-05-14,0442,Aqua,MODIS,53,6.2,301,8.1,D,0
-13.7893,132.9564,328.3,1.1,1.1,2014-05-14,0442,Aqua,MODIS,74,6.2,300.8,21.5,D,0
-14.6949,131.393,316.3,1.5,1.2,2014-05-14,0442,Aqua,MODIS,46,6.2,296,12.6,D,0
-14.0995,131.5036,336.4,1.4,1.2,2014-05-14,0442,Aqua,MODIS,79,6.2,304.1,46.3,D,0
-13.953,132.0939,323.1,1.3,1.1,2014-05-14,0442,Aqua,MODIS,35,6.2,303.7,13.4,D,0
-14.2502,131.5885,331.8,1.4,1.2,2014-05-14,0442,Aqua,MODIS,78,6.2,304.9,29,D,0
-14.2397,131.5871,344.4,1.4,1.2,2014-05-14,0442,Aqua,MODIS,87,6.2,305.7,61.7,D,0
-13.7674,131.1522,335.3,1.5,1.2,2014-05-14,0442,Aqua,MODIS,86,6.2,305.6,44.1,D,0
-13.7879,132.9669,333,1.1,1.1,2014-05-14,0442,Aqua,MODIS,84,6.2,301.1,29,D,0
-14.26,131.5108,327.5,1.4,1.2,2014-05-14,0442,Aqua,MODIS,72,6.2,303.7,22.2,D,0
-14.3285,131.5264,322,1.4,1.2,2014-05-14,0442,Aqua,MODIS,62,6.2,299.2,17.4,D,0
-16.1641,136.2974,341.3,1,1,2014-05-14,0442,Aqua,MODIS,89,6.2,306.6,34.1,D,0
-16.1731,136.2988,324.7,1,1,2014-05-14,0442,Aqua,MODIS,58,6.2,305.4,11.7,D,0
-16.1436,136.3172,340.9,1,1,2014-05-14,0442,Aqua,MODIS,89,6.2,306.3,35,D,0
-16.2165,135.6807,320.3,1,1,2014-05-14,0442,Aqua,MODIS,44,6.2,306.4,6.8,D,0
-14.5503,134.0528,316.1,1.1,1,2014-05-14,0442,Aqua,MODIS,31,6.2,300.2,6.2,D,0
-16.1655,136.288,343,1,1,2014-05-14,0442,Aqua,MODIS,91,6.2,307,37.6,D,0
-16.2076,135.6794,328.8,1,1,2014-05-14,0442,Aqua,MODIS,79,6.2,305.1,16.4,D,0
-15.7908,129.054,319.1,2.2,1.4,2014-05-14,0442,Aqua,MODIS,50,6.2,281.6,39.7,D,0
-14.2472,130.3246,343.8,1.7,1.3,2014-05-14,0442,Aqua,MODIS,91,6.2,300.6,87.3,D,0
-14.226,130.3059,325,1.7,1.3,2014-05-14,0442,Aqua,MODIS,74,6.2,297.7,33.2,D,0
-14.0845,130.3533,324.7,1.7,1.3,2014-05-14,0442,Aqua,MODIS,76,6.2,300.7,26.5,D,0
-14.0769,130.3206,323.4,1.7,1.3,2014-05-14,0442,Aqua,MODIS,47,6.2,302.6,22.8,D,0
-14.2376,130.4026,324.4,1.7,1.3,2014-05-14,0442,Aqua,MODIS,65,6.2,300.9,25.4,D,0
-14.2499,129.9551,323.2,1.8,1.3,2014-05-14,0442,Aqua,MODIS,69,6.2,298,30.7,D,0
-14.3075,129.8303,312.4,1.9,1.3,2014-05-14,0442,Aqua,MODIS,40,6.2,291.4,14.2,D,0
-14.3095,129.8133,318.6,1.9,1.3,2014-05-14,0442,Aqua,MODIS,68,6.2,293.5,26.9,D,0
-14.2554,129.9611,324.3,1.8,1.3,2014-05-14,0442,Aqua,MODIS,37,6.2,297.2,31.4,D,0
-14.2812,129.9475,324.2,1.8,1.3,2014-05-14,0442,Aqua,MODIS,65,6.2,297.9,34.2,D,0
-14.2792,129.9643,320.1,1.8,1.3,2014-05-14,0442,Aqua,MODIS,48,6.2,298.5,23.5,D,0
-14.0884,130.3221,326.6,1.7,1.3,2014-05-14,0442,Aqua,MODIS,61,6.2,300.8,29.9,D,0
-14.0864,130.3378,348.6,1.7,1.3,2014-05-14,0442,Aqua,MODIS,94,6.2,303,105.2,D,0
-14.2241,130.3217,350.5,1.7,1.3,2014-05-14,0442,Aqua,MODIS,95,6.2,303,120.7,D,0
-14.2187,130.462,329.5,1.7,1.3,2014-05-14,0442,Aqua,MODIS,81,6.2,302.6,36.7,D,0
-13.9016,130.6319,317.8,1.6,1.2,2014-05-14,0442,Aqua,MODIS,50,6.2,296.2,13,D,0
-14.2358,130.4177,327.1,1.7,1.3,2014-05-14,0442,Aqua,MODIS,78,6.2,303.3,31.6,D,0
-14.2548,130.3577,320.3,1.7,1.3,2014-05-14,0442,Aqua,MODIS,33,6.2,303.4,18,D,0
-14.2568,130.3419,337.1,1.7,1.3,2014-05-14,0442,Aqua,MODIS,87,6.2,303.2,64.8,D,0
-14.2588,130.3261,329.7,1.7,1.3,2014-05-14,0442,Aqua,MODIS,79,6.2,299,43.3,D,0
-14.3477,129.8006,323.7,1.9,1.3,2014-05-14,0442,Aqua,MODIS,76,6.2,294.5,39.7,D,0
-15.9417,127.9815,319.9,2.7,1.6,2014-05-14,0442,Aqua,MODIS,71,6.2,300.5,35,D,0
-14.2357,130.3232,338.6,1.7,1.3,2014-05-14,0442,Aqua,MODIS,85,6.2,301.2,69.9,D,0
-15.9446,127.9862,322,2.7,1.6,2014-05-14,0442,Aqua,MODIS,74,6.2,301,42.8,D,0
-15.3682,125.8642,326.3,3.9,1.8,2014-05-14,0442,Aqua,MODIS,68,6.2,292.3,128.5,D,0
-15.2866,125.7747,311.9,3.9,1.8,2014-05-14,0442,Aqua,MODIS,52,6.2,285.3,60,D,0
-16.0672,125.7274,311.5,4.1,1.9,2014-05-14,0442,Aqua,MODIS,52,6.2,290.7,45.5,D,0
-15.7053,125.6962,319,4,1.9,2014-05-14,0442,Aqua,MODIS,74,6.2,297,71.1,D,0
-15.7137,125.6663,345.6,4.1,1.9,2014-05-14,0442,Aqua,MODIS,93,6.2,298.7,351.1,D,0
-15.7093,125.6578,341.8,4.1,1.9,2014-05-14,0442,Aqua,MODIS,91,6.2,299,296.7,D,0
-16.4337,136.8515,327.4,1,1,2014-05-14,0442,Aqua,MODIS,78,6.2,305.3,16.3,D,0
-16.4351,136.842,321.9,1,1,2014-05-14,0442,Aqua,MODIS,64,6.2,304.5,10.3,D,0
-16.818,131.5108,341.3,1.5,1.2,2014-05-14,0442,Aqua,MODIS,89,6.2,309.6,60.5,D,0
-16.8197,131.4964,339.2,1.5,1.2,2014-05-14,0442,Aqua,MODIS,88,6.2,309,54.7,D,0
-14.8691,131.6761,317.1,1.4,1.2,2014-05-14,0442,Aqua,MODIS,31,6.2,279.9,16.4,D,0
-14.8707,131.6632,338.7,1.4,1.2,2014-05-14,0442,Aqua,MODIS,84,6.2,283.5,60.4,D,0
-16.8908,130.7977,327.5,1.7,1.3,2014-05-14,0442,Aqua,MODIS,30,6.2,310.4,24,D,0
-16.8792,130.7962,328.9,1.7,1.3,2014-05-14,0442,Aqua,MODIS,47,6.2,309.2,26.1,D,0
-16.8833,130.7915,330.9,1.7,1.3,2014-05-14,0442,Aqua,MODIS,59,6.2,309.8,31.5,D,0
-14.7474,131.6997,334.9,1.4,1.2,2014-05-14,0442,Aqua,MODIS,86,6.2,296.7,45.9,D,0
-14.7491,131.6868,393.7,1.4,1.2,2014-05-14,0442,Aqua,MODIS,100,6.2,302.9,340.5,D,0
-14.7386,131.6853,357.8,1.4,1.2,2014-05-14,0442,Aqua,MODIS,99,6.2,297.4,117.9,D,0
-14.7402,131.6724,378.5,1.4,1.2,2014-05-14,0442,Aqua,MODIS,87,6.2,297.3,227.4,D,0
-14.5193,133.1296,333.5,1.1,1.1,2014-05-14,0442,Aqua,MODIS,80,6.2,305.7,27,D,0
-12.5421,141.9333,315.6,2.3,1.5,2014-05-14,0442,Aqua,MODIS,53,6.2,297.6,29,D,0
-14.3238,131.7342,328.8,1.4,1.2,2014-05-14,0442,Aqua,MODIS,53,6.2,302.2,23,D,0
-14.0462,130.3797,318.4,1.7,1.3,2014-05-14,0442,Aqua,MODIS,66,6.2,301.3,15.3,D,0
-14.0348,130.3782,343.3,1.7,1.3,2014-05-14,0442,Aqua,MODIS,91,6.2,301.1,84.2,D,0
-14.0366,130.3627,331.9,1.7,1.3,2014-05-14,0442,Aqua,MODIS,83,6.2,300.7,45.1,D,0
-16.221,126.3379,312.5,3.7,1.8,2014-05-14,0442,Aqua,MODIS,54,6.2,287.8,41.6,D,0
-14.8256,129.9678,318.7,1.8,1.3,2014-05-14,0442,Aqua,MODIS,69,6.2,279.9,33,D,0
-14.7907,131.9043,343.1,1.3,1.2,2014-05-14,0442,Aqua,MODIS,86,6.2,290.1,65.5,D,0
-14.235,132.9735,321.1,1.2,1.1,2014-05-14,0442,Aqua,MODIS,69,6.2,303.9,11.4,D,0
-15.3885,125.8297,321.9,3.9,1.8,2014-05-14,0442,Aqua,MODIS,62,6.2,288.9,95.2,D,0
-14.3254,131.7215,335.9,1.4,1.2,2014-05-14,0442,Aqua,MODIS,86,6.2,298.8,40.8,D,0
-14.3358,131.723,347.1,1.4,1.2,2014-05-14,0442,Aqua,MODIS,93,6.2,303.8,70.9,D,0
-14.3342,131.7356,356.9,1.4,1.2,2014-05-14,0442,Aqua,MODIS,98,6.2,305.2,102.2,D,0
-15.5632,124.6204,315.3,4.8,2,2014-05-14,0442,Aqua,MODIS,55,6.2,298.4,61.1,D,0
-16.6368,130.5327,321.7,1.8,1.3,2014-05-14,0442,Aqua,MODIS,53,6.2,308,16.3,D,0
-16.6278,130.5414,321.8,1.8,1.3,2014-05-14,0442,Aqua,MODIS,59,6.2,308.1,15.9,D,0
-14.7923,131.8917,328.1,1.4,1.2,2014-05-14,0442,Aqua,MODIS,80,6.2,290.5,31.6,D,0
-14.8011,131.9057,314.2,1.3,1.2,2014-05-14,0442,Aqua,MODIS,44,6.2,281.7,9.3,D,0
-14.0982,132.3046,321.5,1.3,1.1,2014-05-14,0442,Aqua,MODIS,47,6.2,304.9,13.8,D,0
-14.0997,132.293,327.3,1.3,1.1,2014-05-14,0442,Aqua,MODIS,78,6.2,304.8,23.9,D,0
-14.0882,132.3032,334.7,1.3,1.1,2014-05-14,0442,Aqua,MODIS,85,6.2,302.6,34.9,D,0
-14.0897,132.2917,338.6,1.3,1.1,2014-05-14,0442,Aqua,MODIS,88,6.2,305.2,44.9,D,0
-12.4124,132.4243,322.2,1.2,1.1,2014-05-14,0443,Aqua,MODIS,55,6.2,307.1,14.4,D,0
-13.4838,131.0563,322.4,1.5,1.2,2014-05-14,0443,Aqua,MODIS,69,6.2,305.5,19.4,D,0
-13.4806,131.049,328.4,1.5,1.2,2014-05-14,0443,Aqua,MODIS,80,6.2,305.9,32,D,0
-13.6021,131.4858,324.3,1.4,1.2,2014-05-14,0443,Aqua,MODIS,47,6.2,304.3,17.7,D,0
-13.343,131.3208,323.1,1.4,1.2,2014-05-14,0443,Aqua,MODIS,51,6.2,305.8,17.1,D,0
-13.2991,131.328,324.5,1.4,1.2,2014-05-14,0443,Aqua,MODIS,56,6.2,306.3,16.6,D,0
-13.3007,131.315,352.4,1.4,1.2,2014-05-14,0443,Aqua,MODIS,96,6.2,307.4,92.1,D,0
-13.2969,131.8877,332.1,1.3,1.1,2014-05-14,0443,Aqua,MODIS,83,6.2,304.1,30.6,D,0
-13.6069,131.4795,337.7,1.4,1.2,2014-05-14,0443,Aqua,MODIS,88,6.2,304.3,46,D,0
-13.6126,131.4872,326.6,1.4,1.2,2014-05-14,0443,Aqua,MODIS,75,6.2,304,21.2,D,0
-13.4754,131.1239,317.1,1.5,1.2,2014-05-14,0443,Aqua,MODIS,53,6.2,298.6,13.2,D,0
-13.2621,131.8532,350.1,1.3,1.1,2014-05-14,0443,Aqua,MODIS,95,6.2,302.3,78,D,0
-13.2605,131.8651,338.5,1.3,1.1,2014-05-14,0443,Aqua,MODIS,88,6.2,301.6,45.7,D,0
-13.6086,131.4664,326.9,1.4,1.2,2014-05-14,0443,Aqua,MODIS,43,6.2,303.3,22.7,D,0
-12.4184,130.9758,321.3,1.4,1.2,2014-05-14,0443,Aqua,MODIS,72,6.2,301.5,17.9,D,0
-13.6038,131.4728,337.1,1.4,1.2,2014-05-14,0443,Aqua,MODIS,87,6.2,303.4,45.7,D,0
-13.6143,131.4741,324.9,1.4,1.2,2014-05-14,0443,Aqua,MODIS,48,6.2,304.2,18.2,D,0
-13.4855,131.0427,327.6,1.5,1.2,2014-05-14,0443,Aqua,MODIS,79,6.2,302.7,29.4,D,0
-13.2002,131.4637,328.7,1.4,1.2,2014-05-14,0443,Aqua,MODIS,73,6.2,308.8,24.4,D,0
-12.8285,131.0556,316.1,1.4,1.2,2014-05-14,0443,Aqua,MODIS,55,6.2,302.5,9.5,D,0
-12.8874,131.6792,316.4,1.3,1.1,2014-05-14,0443,Aqua,MODIS,48,6.2,298.4,11.2,D,0
-13.0657,131.1718,323.5,1.4,1.2,2014-05-14,0443,Aqua,MODIS,64,6.2,300.5,20.7,D,0
-13.1897,131.4623,345.6,1.4,1.2,2014-05-14,0443,Aqua,MODIS,92,6.2,302.8,63.1,D,0
-13.1745,130.6941,326.8,1.5,1.2,2014-05-14,0443,Aqua,MODIS,77,6.2,301.5,28.9,D,0
-12.928,132.6102,326.4,1.2,1.1,2014-05-14,0443,Aqua,MODIS,77,6.2,300.6,20.4,D,0
-13.2089,131.4777,337.7,1.4,1.2,2014-05-14,0443,Aqua,MODIS,87,6.2,308.3,41.4,D,0
-13.1328,130.6524,325.2,1.6,1.2,2014-05-14,0443,Aqua,MODIS,76,6.2,303.3,27,D,0
-13.1913,131.4496,377,1.4,1.2,2014-05-14,0443,Aqua,MODIS,100,6.2,308.9,204.1,D,0
-13.0535,130.9257,318,1.5,1.2,2014-05-14,0443,Aqua,MODIS,63,6.2,304.9,12.1,D,0
-12.8858,131.6913,317.8,1.3,1.1,2014-05-14,0443,Aqua,MODIS,55,6.2,301.4,12.5,D,0
-13.064,131.1848,326.1,1.4,1.2,2014-05-14,0443,Aqua,MODIS,77,6.2,300.2,25,D,0
-12.9294,132.5994,315,1.2,1.1,2014-05-14,0443,Aqua,MODIS,34,6.2,298.9,6.4,D,0
-12.8366,132.6774,325.1,1.2,1.1,2014-05-14,0443,Aqua,MODIS,76,6.2,301.4,16.7,D,0
-12.844,130.7681,316.9,1.5,1.2,2014-05-14,0443,Aqua,MODIS,51,6.2,303.4,10.9,D,0
-12.8477,132.6682,323.2,1.2,1.1,2014-05-14,0443,Aqua,MODIS,73,6.2,298.9,15.1,D,0
-13.1635,130.6927,340.5,1.5,1.2,2014-05-14,0443,Aqua,MODIS,89,6.2,302.3,66.3,D,0
-12.7199,131.7176,317,1.3,1.1,2014-05-14,0443,Aqua,MODIS,63,6.2,297.3,12.2,D,0
-12.8301,132.9428,315.3,1.1,1.1,2014-05-14,0443,Aqua,MODIS,32,6.2,299.9,7.9,D,0
-13.2243,131.4413,326.4,1.4,1.2,2014-05-14,0443,Aqua,MODIS,58,6.2,306.2,16.6,D,0
-13.2106,131.4651,352.4,1.4,1.2,2014-05-14,0443,Aqua,MODIS,96,6.2,308.4,85.2,D,0
-13.1092,133.3789,326.6,1.1,1,2014-05-14,0443,Aqua,MODIS,78,6.2,300.9,15.4,D,0
-34.4224,115.9446,351,1,1,2014-05-14,0615,Aqua,MODIS,96,6.2,290.4,65.3,D,0
-34.4198,117.3518,326.7,1.1,1,2014-05-14,0615,Aqua,MODIS,85,6.2,289.7,27.5,D,0
-34.5368,117.373,303.7,1.1,1,2014-05-14,0615,Aqua,MODIS,57,6.2,286.4,6.6,D,0
-34.4208,115.9555,336.1,1,1,2014-05-14,0615,Aqua,MODIS,90,6.2,287.6,38.1,D,0
-34.5844,116.5308,353.2,1,1,2014-05-14,0615,Aqua,MODIS,92,6.2,281.6,70.5,D,0
-34.4035,119.2876,308.8,1.2,1.1,2014-05-14,0615,Aqua,MODIS,44,6.2,293.9,8.8,D,0
-34.4012,119.3011,311.9,1.2,1.1,2014-05-14,0615,Aqua,MODIS,58,6.2,292.7,12.7,D,0
-34.3754,119.0383,310.1,1.2,1.1,2014-05-14,0615,Aqua,MODIS,60,6.2,291.3,9.2,D,0
-34.5827,116.5419,386.2,1,1,2014-05-14,0615,Aqua,MODIS,87,6.2,288.7,183.3,D,0
-34.5736,116.5398,312.7,1,1,2014-05-14,0615,Aqua,MODIS,56,6.2,285.2,12.3,D,0
-32.229,117.0387,310,1.1,1,2014-05-14,0616,Aqua,MODIS,49,6.2,287.2,8.8,D,0
-30.73,116.3621,336.2,1.1,1,2014-05-14,0616,Aqua,MODIS,89,6.2,296.1,36.9,D,0
-32.2271,117.0501,330.2,1.1,1,2014-05-14,0616,Aqua,MODIS,82,6.2,289.4,30.8,D,0
-33.6518,119.8101,307.6,1.4,1.2,2014-05-14,0616,Aqua,MODIS,64,6.2,291.8,10.6,D,0
-31.8389,118.9018,305.2,1.3,1.1,2014-05-14,0616,Aqua,MODIS,33,6.2,292.7,6.4,D,0
-32.1414,117.0133,312.6,1.1,1,2014-05-14,0616,Aqua,MODIS,53,6.2,292.1,10.8,D,0
-31.2397,116.5779,328.5,1.1,1,2014-05-14,0616,Aqua,MODIS,0,6.2,291.6,28.2,D,0
-31.8225,117.7828,310.1,1.2,1.1,2014-05-14,0616,Aqua,MODIS,60,6.2,294.9,7.8,D,0
-31.8836,117.7266,316.9,1.2,1.1,2014-05-14,0616,Aqua,MODIS,72,6.2,290.2,15.2,D,0
-32.2052,116.7643,304.5,1.1,1,2014-05-14,0616,Aqua,MODIS,0,6.2,287.9,7.4,D,0
-32.2035,116.7755,305.6,1.1,1,2014-05-14,0616,Aqua,MODIS,47,6.2,290.8,7.9,D,0
-32.2196,117.0366,311,1.1,1,2014-05-14,0616,Aqua,MODIS,63,6.2,285.8,9.5,D,0
-33.6491,119.8248,301.7,1.4,1.2,2014-05-14,0616,Aqua,MODIS,38,6.2,290.4,5.3,D,0
-30.7392,116.3641,312.2,1.1,1,2014-05-14,0616,Aqua,MODIS,62,6.2,296,8.4,D,0
-31.8369,118.8924,306.2,1.3,1.1,2014-05-14,0616,Aqua,MODIS,34,6.2,293.3,7.1,D,0
-30.7282,116.3732,310.9,1.1,1,2014-05-14,0616,Aqua,MODIS,55,6.2,294.7,6.6,D,0
-32.2178,117.048,327.9,1.1,1,2014-05-14,0616,Aqua,MODIS,80,6.2,285.7,27.6,D,0
-33.4383,117.7107,305.6,1.1,1,2014-05-14,0616,Aqua,MODIS,62,6.2,285,7.5,D,0
-31.5852,116.6666,309.9,1.1,1,2014-05-14,0616,Aqua,MODIS,41,6.2,294.6,7.5,D,0
-33.2061,116.9167,304,1,1,2014-05-14,0616,Aqua,MODIS,58,6.2,292.4,4.3,D,0
-33.8952,117.2284,313.4,1.1,1,2014-05-14,0616,Aqua,MODIS,74,6.2,291.7,11.1,D,0
-33.8933,117.2397,311,1.1,1,2014-05-14,0616,Aqua,MODIS,71,6.2,292.2,9.1,D,0
-33.9569,117.0782,304.5,1,1,2014-05-14,0616,Aqua,MODIS,35,6.2,288.2,6.6,D,0
-33.7912,116.2881,301.1,1,1,2014-05-14,0616,Aqua,MODIS,0,6.2,285.8,3.7,D,0
-33.2872,117.1044,304.8,1.1,1,2014-05-14,0616,Aqua,MODIS,48,6.2,284.8,6.8,D,0
-33.0916,117.3558,304.5,1.1,1,2014-05-14,0616,Aqua,MODIS,40,6.2,291.3,4.7,D,0
-33.0897,117.3674,331.9,1.1,1,2014-05-14,0616,Aqua,MODIS,88,6.2,293.8,33.8,D,0
-33.1409,117.207,315.2,1.1,1,2014-05-14,0616,Aqua,MODIS,71,6.2,290,14.4,D,0
-33.2079,117.4794,316.8,1.1,1,2014-05-14,0616,Aqua,MODIS,67,6.2,292.1,14.9,D,0
-33.7416,116.4924,305.4,1,1,2014-05-14,0616,Aqua,MODIS,54,6.2,292,5.5,D,0
-33.8287,116.5298,307.4,1,1,2014-05-14,0616,Aqua,MODIS,62,6.2,293,6.6,D,0
-33.8653,115.9783,337.5,1,1,2014-05-14,0616,Aqua,MODIS,79,6.2,287.5,38.2,D,0
-33.8637,115.9892,319.4,1,1,2014-05-14,0616,Aqua,MODIS,76,6.2,287.5,16,D,0
-32.7862,116.5276,304.5,1,1,2014-05-14,0616,Aqua,MODIS,51,6.2,287.3,5.9,D,0
-33.3424,118.3448,301.5,1.2,1.1,2014-05-14,0616,Aqua,MODIS,44,6.2,285.5,4.1,D,0
-33.898,117.8995,307.6,1.1,1,2014-05-14,0616,Aqua,MODIS,66,6.2,293,6.5,D,0
-33.9,117.8876,308.8,1.1,1,2014-05-14,0616,Aqua,MODIS,68,6.2,293.3,7.2,D,0
-33.5407,118.1476,312.7,1.1,1.1,2014-05-14,0616,Aqua,MODIS,69,6.2,290.2,11.6,D,0
-33.5362,118.1524,312.1,1.1,1.1,2014-05-14,0616,Aqua,MODIS,68,6.2,288.5,12.7,D,0
-33.6579,116.8519,303.4,1,1,2014-05-14,0616,Aqua,MODIS,56,6.2,291,5.9,D,0
-33.8944,116.8828,306.5,1,1,2014-05-14,0616,Aqua,MODIS,64,6.2,289.4,7.9,D,0
-33.782,118.4173,318.8,1.2,1.1,2014-05-14,0616,Aqua,MODIS,75,6.2,291.5,17.2,D,0
-33.7917,118.4196,319.1,1.2,1.1,2014-05-14,0616,Aqua,MODIS,76,6.2,291.6,17.5,D,0
-33.7895,118.4321,316.8,1.2,1.1,2014-05-14,0616,Aqua,MODIS,62,6.2,292,14.8,D,0
-32.8438,116.4605,318.9,1,1,2014-05-14,0616,Aqua,MODIS,79,6.2,291.2,16.4,D,0
-32.8529,116.4625,331.9,1,1,2014-05-14,0616,Aqua,MODIS,88,6.2,291.6,30.4,D,0
-32.8512,116.4735,338,1,1,2014-05-14,0616,Aqua,MODIS,91,6.2,293.3,39.7,D,0
-32.8603,116.4756,340.7,1,1,2014-05-14,0616,Aqua,MODIS,92,6.2,295.1,44.2,D,0
-32.8495,116.4845,329.3,1,1,2014-05-14,0616,Aqua,MODIS,86,6.2,292.9,27,D,0
-32.8586,116.4865,338,1,1,2014-05-14,0616,Aqua,MODIS,91,6.2,293.4,39.7,D,0
-33.6084,117.8002,313.6,1.1,1,2014-05-14,0616,Aqua,MODIS,74,6.2,294.5,11.4,D,0
-33.1411,116.8605,304.4,1,1,2014-05-14,0616,Aqua,MODIS,59,6.2,291.7,4.4,D,0
-30.5108,115.5127,318.6,1,1,2014-05-14,0617,Aqua,MODIS,74,6.2,296.3,13.4,D,0
-29.0248,115.0447,314,1,1,2014-05-14,0617,Aqua,MODIS,59,6.2,301.2,6.3,D,0
-30.2823,115.252,307.1,1,1,2014-05-14,0617,Aqua,MODIS,41,6.2,294.1,5.3,D,0
-30.5092,115.5232,308.7,1,1,2014-05-14,0617,Aqua,MODIS,55,6.2,295.5,5.2,D,0
-27.9073,114.2018,313,1,1,2014-05-14,0617,Aqua,MODIS,56,6.2,300.6,7,D,0
-28.494,114.7764,318.2,1,1,2014-05-14,0617,Aqua,MODIS,70,6.2,299.9,11.1,D,0
-24.4944,121.8829,321.6,2.9,1.6,2014-05-14,0618,Aqua,MODIS,71,6.2,302.8,51.5,D,0
-23.6168,121.5744,319.7,2.9,1.6,2014-05-14,0618,Aqua,MODIS,66,6.2,300.9,42.4,D,0
-23.5521,121.4342,315.9,2.8,1.6,2014-05-14,0618,Aqua,MODIS,52,6.2,300.4,23.1,D,0
-23.6156,121.5665,317.1,2.9,1.6,2014-05-14,0618,Aqua,MODIS,60,6.2,300.8,32.5,D,0
-24.4935,121.8749,326.6,2.9,1.6,2014-05-14,0618,Aqua,MODIS,78,6.2,303.2,77.5,D,0
-22.4259,122.9773,327.9,3.9,1.8,2014-05-14,0618,Aqua,MODIS,74,6.2,300.6,124.2,D,0
-22.4813,122.7985,321.8,3.8,1.8,2014-05-14,0618,Aqua,MODIS,69,6.2,300.5,75.4,D,0
-22.4742,122.7888,317.9,3.8,1.8,2014-05-14,0618,Aqua,MODIS,36,6.2,300.5,44.9,D,0
-22.4362,122.972,326,3.9,1.8,2014-05-14,0618,Aqua,MODIS,71,6.2,300.4,107.4,D,0
-31.1964,149.5663,300.6,2,1.4,2014-05-14,1224,Terra,MODIS,30,6.2,281.7,20.7,N,0
-28.0741,151.8902,300.6,1.3,1.1,2014-05-14,1225,Terra,MODIS,30,6.2,283.6,10,N,0
-25.85,147.4323,306.7,2.4,1.5,2014-05-14,1225,Terra,MODIS,69,6.2,285.3,33.6,N,0
-25.8406,147.4493,300,2.4,1.5,2014-05-14,1225,Terra,MODIS,13,6.2,285.1,21.3,N,0
-22.1953,122.9615,303.4,2.1,1.4,2014-05-14,1405,Terra,MODIS,55,6.2,289.2,19.4,N,0
-16.8917,130.838,305.3,1.2,1.1,2014-05-14,1406,Terra,MODIS,64,6.2,293.2,6.5,N,0
-19.0148,126.4157,301.1,1.1,1.1,2014-05-14,1406,Terra,MODIS,29,6.2,290.8,4.4,N,0
-19.0052,126.4143,301.2,1.1,1.1,2014-05-14,1406,Terra,MODIS,38,6.2,290.6,4.7,N,0
-14.5701,126.1096,315,1.1,1,2014-05-14,1407,Terra,MODIS,90,6.2,296.7,12.3,N,0
-14.5608,126.1083,307.8,1.1,1,2014-05-14,1407,Terra,MODIS,73,6.2,296.2,7.1,N,0
-14.5757,126.1169,317.9,1.1,1,2014-05-14,1407,Terra,MODIS,96,6.2,296.4,14.9,N,0
-14.5688,126.1197,317.6,1.1,1,2014-05-14,1407,Terra,MODIS,93,6.2,296.3,15.2,N,0
-15.9274,125.7508,306.1,1.1,1.1,2014-05-14,1407,Terra,MODIS,57,6.2,294.4,5.5,N,0
-15.9239,125.9967,306.5,1.1,1.1,2014-05-14,1407,Terra,MODIS,68,6.2,292.8,7.7,N,0
-15.6701,128.6078,302.8,1,1,2014-05-14,1407,Terra,MODIS,47,6.2,292.5,3,N,0
-15.8085,129.0476,306.6,1,1,2014-05-14,1407,Terra,MODIS,68,6.2,289.9,7.3,N,0
-15.6758,125.098,300.7,1.2,1.1,2014-05-14,1407,Terra,MODIS,27,6.2,288,3.9,N,0
-15.6773,125.0867,304.1,1.2,1.1,2014-05-14,1407,Terra,MODIS,59,6.2,288.5,6.7,N,0
-15.9751,125.7584,305,1.1,1.1,2014-05-14,1407,Terra,MODIS,55,6.2,294.9,4.8,N,0
-15.1148,127.9934,305.3,1,1,2014-05-14,1407,Terra,MODIS,64,6.2,294.1,5.2,N,0
-14.7752,131.9235,305.1,1.4,1.2,2014-05-14,1407,Terra,MODIS,63,6.2,292.1,9.9,N,0
-16.9268,126.1131,307.7,1.1,1.1,2014-05-14,1407,Terra,MODIS,72,6.2,294.1,7.7,N,0
-14.7916,128.0666,308.6,1,1,2014-05-14,1407,Terra,MODIS,75,6.2,295.2,7,N,0
-16.4891,127.8323,308,1,1,2014-05-14,1407,Terra,MODIS,73,6.2,294.1,6.9,N,0
-14.7903,128.0759,308.6,1,1,2014-05-14,1407,Terra,MODIS,75,6.2,295.5,6.9,N,0
-15.9792,126.0529,305.1,1.1,1,2014-05-14,1407,Terra,MODIS,63,6.2,294.3,5.9,N,0
-15.0662,127.948,309.6,1,1,2014-05-14,1407,Terra,MODIS,78,6.2,295.3,7.1,N,0
-14.9067,128.0341,312.9,1,1,2014-05-14,1407,Terra,MODIS,86,6.2,296.4,9,N,0
-13.599,131.4853,304.8,1.4,1.2,2014-05-14,1407,Terra,MODIS,28,6.2,290.1,8.7,N,0
-13.5904,131.4709,313.4,1.4,1.2,2014-05-14,1407,Terra,MODIS,83,6.2,289.5,18.7,N,0
-13.5951,131.478,316.8,1.4,1.2,2014-05-14,1407,Terra,MODIS,94,6.2,290.8,22.2,N,0
-14.0723,132.2831,307.1,1.6,1.2,2014-05-14,1407,Terra,MODIS,70,6.2,292.6,12,N,0
-13.601,131.4726,304.4,1.4,1.2,2014-05-14,1407,Terra,MODIS,17,6.2,290.5,7.9,N,0
-26.7615,148.4473,304.8,1.2,1.1,2014-05-14,1536,Aqua,MODIS,61,6.2,286.3,10.5,N,0
-26.7713,148.4458,326.4,1.2,1.1,2014-05-14,1536,Aqua,MODIS,100,6.2,287,33.5,N,0
-25.8438,147.4405,314.4,1.1,1,2014-05-14,1536,Aqua,MODIS,89,6.2,285.5,17,N,0
-25.8453,147.4509,305.8,1.1,1,2014-05-14,1536,Aqua,MODIS,66,6.2,285.1,10.3,N,0
-24.7777,147.6972,301.3,1.1,1,2014-05-14,1536,Aqua,MODIS,20,6.2,285.9,5.8,N,0
-24.7762,147.6868,300.2,1.1,1,2014-05-14,1536,Aqua,MODIS,8,6.2,286,5.2,N,0
-29.1909,148.9075,301.3,1.3,1.1,2014-05-14,1537,Aqua,MODIS,40,6.2,282.7,10.7,N,0
-37.5493,141.8903,300.2,1,1,2014-05-14,1539,Aqua,MODIS,23,6.2,280.7,6.6,N,0
-38.0651,142.7459,317.8,1,1,2014-05-14,1539,Aqua,MODIS,96,6.2,284.2,18.7,N,0
-34.5823,116.5362,301.3,2.4,1.5,2014-05-14,1540,Terra,MODIS,40,6.2,281.2,25.9,N,0
-15.1166,127.9932,301.6,1.5,1.2,2014-05-14,1712,Aqua,MODIS,22,6.2,290.6,8,N,0
-15.3583,125.728,303.3,1.1,1.1,2014-05-14,1712,Aqua,MODIS,54,6.2,292.2,6.4,N,0
-14.5652,126.1097,312.7,1.1,1.1,2014-05-14,1712,Aqua,MODIS,86,6.2,288.9,13.2,N,0
-14.339,126.5536,302.6,1.2,1.1,2014-05-14,1712,Aqua,MODIS,50,6.2,289.4,6.2,N,0
-14.3487,126.5521,300.7,1.2,1.1,2014-05-14,1712,Aqua,MODIS,30,6.2,289.9,4.9,N,0
-14.5666,126.12,303.3,1.1,1.1,2014-05-14,1712,Aqua,MODIS,38,6.2,291.5,5.7,N,0
-15.9228,125.7589,303,1.1,1.1,2014-05-14,1712,Aqua,MODIS,52,6.2,292.8,5,N,0
-15.9269,126.0072,302.4,1.2,1.1,2014-05-14,1712,Aqua,MODIS,49,6.2,291.8,6.6,N,0
-23.5536,120.7011,318.1,1,1,2014-05-14,1714,Aqua,MODIS,96,6.2,286.7,18.9,N,0
-22.1844,122.9624,311,1,1,2014-05-14,1714,Aqua,MODIS,82,6.2,270.1,13.7,N,0
-22.1934,122.9609,305.9,1,1,2014-05-14,1714,Aqua,MODIS,66,6.2,270.8,10.1,N,0
-22.1858,122.9722,301.9,1,1,2014-05-14,1714,Aqua,MODIS,10,6.2,268.8,7.4,N,0
-12.5351,141.941,311.4,1,1,2014-05-15,0057,Terra,MODIS,40,6.2,294.2,5.8,D,0
-12.5414,141.9212,330.4,1,1,2014-05-15,0057,Terra,MODIS,80,6.2,295.9,22.4,D,0
-16.2961,137.1204,321.1,1.3,1.1,2014-05-15,0058,Terra,MODIS,72,6.2,299.2,17.2,D,0
-16.2963,137.1266,325.3,1.3,1.1,2014-05-15,0058,Terra,MODIS,77,6.2,299.4,22.6,D,0
-16.298,137.1323,313.9,1.3,1.1,2014-05-15,0058,Terra,MODIS,54,6.2,298.8,7.8,D,0
-14.7757,131.9185,318.1,3.2,1.7,2014-05-15,0058,Terra,MODIS,70,6.2,297.4,54.3,D,0
-14.1256,132.0366,315.6,3.3,1.7,2014-05-15,0058,Terra,MODIS,36,6.2,293.7,37.6,D,0
-14.1369,132.0281,314.6,3.3,1.7,2014-05-15,0058,Terra,MODIS,64,6.2,293.8,35.9,D,0
-14.2672,132.15,321.3,3.2,1.7,2014-05-15,0058,Terra,MODIS,75,6.2,295.8,63.6,D,0
-14.061,132.2723,315.4,3.2,1.7,2014-05-15,0058,Terra,MODIS,70,6.2,295.3,43.3,D,0
-14.0581,132.2659,312.2,3.2,1.7,2014-05-15,0058,Terra,MODIS,62,6.2,294.8,30.3,D,0
-14.1426,132.0584,315.6,3.3,1.7,2014-05-15,0058,Terra,MODIS,67,6.2,294.9,39.9,D,0
-14.2544,131.5037,313.1,3.6,1.8,2014-05-15,0058,Terra,MODIS,57,6.2,296.6,33.2,D,0
-14.201,132.1318,316.4,3.2,1.7,2014-05-15,0058,Terra,MODIS,54,6.2,296.4,38.8,D,0
-14.2046,132.1383,316.8,3.2,1.7,2014-05-15,0058,Terra,MODIS,70,6.2,296.3,43,D,0
-14.3369,132.2796,313.3,3.1,1.7,2014-05-15,0058,Terra,MODIS,60,6.2,295.7,26.9,D,0
-14.3388,132.2854,314.8,3.1,1.7,2014-05-15,0058,Terra,MODIS,65,6.2,296,33.3,D,0
-14.3302,132.1617,310.7,3.2,1.7,2014-05-15,0058,Terra,MODIS,48,6.2,295.4,20.2,D,0
-14.2823,132.1472,318.8,3.2,1.7,2014-05-15,0058,Terra,MODIS,72,6.2,296,52.2,D,0
-16.8156,131.5123,313.3,3.2,1.7,2014-05-15,0059,Terra,MODIS,60,6.2,298.9,27.9,D,0
-17.3222,136.189,341.1,1.4,1.2,2014-05-15,0059,Terra,MODIS,90,6.2,303.2,60.9,D,0
-17.3244,136.2023,324.5,1.4,1.2,2014-05-15,0059,Terra,MODIS,76,6.2,301.9,22.6,D,0
-17.3328,136.1871,316.4,1.4,1.2,2014-05-15,0059,Terra,MODIS,33,6.2,302.5,9.2,D,0
-24.8068,147.6989,308.6,3.2,1.7,2014-05-15,0100,Terra,MODIS,36,6.2,291.8,35.9,D,0
-20.7335,139.4769,325.7,1,1,2014-05-15,0100,Terra,MODIS,70,6.2,304.2,14.6,D,2
-33.6966,136.1421,306.5,1,1,2014-05-15,0103,Terra,MODIS,57,6.2,294.9,3.8,D,0
-34.1228,135.7873,312.7,1,1,2014-05-15,0103,Terra,MODIS,69,6.2,293.7,8.4,D,0
-33.695,136.1314,316.4,1,1,2014-05-15,0103,Terra,MODIS,74,6.2,295.5,11.4,D,0
-34.1244,135.7981,306.2,1,1,2014-05-15,0103,Terra,MODIS,55,6.2,293.9,3.9,D,0
-34.6259,137.7408,321,1.1,1,2014-05-15,0103,Terra,MODIS,81,6.2,293.5,17.7,D,0
-34.9289,137.7369,306.9,1.1,1,2014-05-15,0103,Terra,MODIS,64,6.2,293.8,5.3,D,0
-34.6244,137.7292,304,1.1,1,2014-05-15,0103,Terra,MODIS,58,6.2,292.7,3.3,D,0
-35.6603,142.2759,307.8,1.8,1.3,2014-05-15,0103,Terra,MODIS,66,6.2,292.7,15.2,D,0
-37.379,141.0638,308.5,1.6,1.3,2014-05-15,0104,Terra,MODIS,67,6.2,289.3,16.4,D,0
-37.3937,143.2605,302.3,2.2,1.4,2014-05-15,0104,Terra,MODIS,51,6.2,289.5,13.4,D,0
-37.3763,141.0584,305,1.6,1.3,2014-05-15,0104,Terra,MODIS,60,6.2,289.7,12.8,D,0
-37.3781,141.0771,300.1,1.6,1.3,2014-05-15,0104,Terra,MODIS,24,6.2,288.5,7.1,D,0
-37.3972,143.2657,305.6,2.2,1.4,2014-05-15,0104,Terra,MODIS,62,6.2,289.9,18.5,D,0
-37.2866,140.9461,300.9,1.6,1.2,2014-05-15,0104,Terra,MODIS,42,6.2,288.8,7.6,D,0
-36.2191,142.416,320.3,1.9,1.4,2014-05-15,0104,Terra,MODIS,79,6.2,290.9,41.6,D,0
-36.2209,142.4375,306.7,1.9,1.4,2014-05-15,0104,Terra,MODIS,29,6.2,289.6,13.9,D,0
-36.2162,142.4219,324.5,1.9,1.4,2014-05-15,0104,Terra,MODIS,83,6.2,290.9,55.9,D,0
-38.2719,146.5532,324.4,3.7,1.8,2014-05-15,0104,Terra,MODIS,72,6.2,284.9,147.5,D,0
-38.0708,143.9412,307.3,2.5,1.5,2014-05-15,0104,Terra,MODIS,65,6.2,290.5,27.1,D,0
-38.0796,143.9476,304.1,2.5,1.5,2014-05-15,0104,Terra,MODIS,58,6.2,290,18.7,D,0
-15.7993,125.7324,311.7,3.9,1.8,2014-05-15,0237,Terra,MODIS,33,6.2,297.7,36.7,D,0
-15.8046,125.7271,310.5,3.9,1.8,2014-05-15,0237,Terra,MODIS,27,6.2,297.6,32.2,D,0
-16.0167,125.9253,324.1,4.1,1.9,2014-05-15,0237,Terra,MODIS,77,6.2,298.3,124.2,D,0
-16.0204,125.9194,318.3,4.1,1.9,2014-05-15,0237,Terra,MODIS,69,6.2,298,77.5,D,0
-15.8622,125.7955,312.4,4,1.9,2014-05-15,0237,Terra,MODIS,54,6.2,298.1,43.1,D,0
-15.8667,125.7881,311.6,4,1.9,2014-05-15,0237,Terra,MODIS,48,6.2,298.1,38.5,D,0
-15.9508,125.7819,312.1,4,1.9,2014-05-15,0237,Terra,MODIS,52,6.2,298.3,38.1,D,0
-16.0822,125.9846,311.6,4.2,1.9,2014-05-15,0237,Terra,MODIS,48,6.2,298.2,34.8,D,0
-15.7774,125.8472,314.5,4,1.9,2014-05-15,0237,Terra,MODIS,50,6.2,297.8,51.6,D,0
-15.7819,125.8414,315.8,4,1.9,2014-05-15,0237,Terra,MODIS,23,6.2,297.9,57.6,D,0
-16.7124,125.999,314,4.3,1.9,2014-05-15,0237,Terra,MODIS,48,6.2,301,41,D,0
-16.205,124.4846,314.8,3.2,1.7,2014-05-15,0237,Terra,MODIS,54,6.2,297.8,37.3,D,0
-16.1926,124.4915,314.1,3.2,1.7,2014-05-15,0237,Terra,MODIS,52,6.2,298.3,36.9,D,0
-15.7959,125.0032,314.1,3.5,1.8,2014-05-15,0237,Terra,MODIS,60,6.2,299.5,36.4,D,0
-15.6083,124.532,317.1,3.2,1.7,2014-05-15,0237,Terra,MODIS,67,6.2,301,38.1,D,0
-15.7896,124.9972,315.6,3.5,1.8,2014-05-15,0237,Terra,MODIS,64,6.2,299.8,42.9,D,0
-15.8752,126.6457,318,4.6,2,2014-05-15,0237,Terra,MODIS,69,6.2,300.9,77.6,D,0
-15.407,125.9121,314.6,4,1.9,2014-05-15,0237,Terra,MODIS,59,6.2,295.2,52.3,D,0
-15.8758,126.6509,316.3,4.6,2,2014-05-15,0237,Terra,MODIS,61,6.2,300.8,61.5,D,0
-15.8715,126.6081,318.8,4.6,2,2014-05-15,0237,Terra,MODIS,68,6.2,299.5,86.6,D,0
-15.8712,126.603,316.8,4.6,2,2014-05-15,0237,Terra,MODIS,60,6.2,299.2,73,D,0
-15.9555,125.7756,311.7,4,1.9,2014-05-15,0237,Terra,MODIS,50,6.2,298.2,35.3,D,0
-15.4026,125.919,317.1,4,1.9,2014-05-15,0237,Terra,MODIS,65,6.2,295.5,67.4,D,0
-16.2211,126.3345,313.5,4.4,1.9,2014-05-15,0237,Terra,MODIS,58,6.2,297.9,52.5,D,0
-16.2222,126.3286,313.8,4.4,1.9,2014-05-15,0237,Terra,MODIS,59,6.2,297.7,55,D,0
-19.8269,125.1351,321.2,4,1.9,2014-05-15,0238,Terra,MODIS,56,6.2,306.1,58.9,D,0
-31.0443,115.4959,308.4,1.2,1.1,2014-05-15,0241,Terra,MODIS,59,6.2,290.5,7.9,D,0
-31.0458,115.5087,306.6,1.2,1.1,2014-05-15,0241,Terra,MODIS,48,6.2,287.9,6.1,D,0
-31.1462,115.4997,307.2,1.2,1.1,2014-05-15,0241,Terra,MODIS,62,6.2,292,9.1,D,0
-32.4724,116.1194,301,1.4,1.2,2014-05-15,0242,Terra,MODIS,43,6.2,289.3,6.7,D,0
-38.2768,146.5108,328.4,2.4,1.5,2014-05-15,0340,Aqua,MODIS,81,6.2,283,98.4,D,0
-36.9671,149.384,301.9,1.6,1.2,2014-05-15,0340,Aqua,MODIS,50,6.2,288,10.6,D,0
-36.9688,149.3659,308.1,1.6,1.2,2014-05-15,0340,Aqua,MODIS,67,6.2,288,17.9,D,0
-36.9559,149.382,352,1.6,1.2,2014-05-15,0340,Aqua,MODIS,97,6.2,292.5,129.1,D,0
-36.9576,149.3642,357.5,1.6,1.2,2014-05-15,0340,Aqua,MODIS,99,6.2,293.7,155,D,0
-37.6008,149.1413,304.5,1.6,1.3,2014-05-15,0340,Aqua,MODIS,59,6.2,291.5,11.3,D,0
-37.2624,147.8479,317.8,2,1.4,2014-05-15,0340,Aqua,MODIS,78,6.2,289.6,42.3,D,0
-37.6122,149.1434,308.5,1.6,1.3,2014-05-15,0340,Aqua,MODIS,67,6.2,291.3,17,D,0
-37.7859,141.7606,306.6,4.7,2,2014-05-15,0340,Aqua,MODIS,55,6.2,281.8,64.4,D,0
-37.7835,141.7689,311,4.7,2,2014-05-15,0340,Aqua,MODIS,71,6.2,281.7,93.3,D,0
-34.8378,144.2811,325.1,3.1,1.7,2014-05-15,0341,Aqua,MODIS,82,6.2,290.4,106.3,D,0
-34.8357,144.3154,327.9,3.1,1.7,2014-05-15,0341,Aqua,MODIS,84,6.2,290.8,121.8,D,0
-34.8226,144.3075,312.7,3.1,1.7,2014-05-15,0341,Aqua,MODIS,69,6.2,291.5,45,D,0
-34.7341,147.6964,317.7,1.9,1.3,2014-05-15,0341,Aqua,MODIS,78,6.2,294.9,32.4,D,0
-34.5464,146.8632,319.3,2.1,1.4,2014-05-15,0341,Aqua,MODIS,78,6.2,296.3,40.3,D,0
-34.4293,145.8907,313,2.4,1.5,2014-05-15,0341,Aqua,MODIS,70,6.2,295.4,29.3,D,0
-35.6973,146.1389,318.9,2.4,1.5,2014-05-15,0341,Aqua,MODIS,58,6.2,289.8,50.5,D,0
-34.2524,147.4302,314.8,1.9,1.3,2014-05-15,0341,Aqua,MODIS,74,6.2,296.2,25.5,D,0
-35.3964,146.8784,319.8,2.1,1.4,2014-05-15,0341,Aqua,MODIS,80,6.2,292.1,49.1,D,0
-34.724,146.8967,330.7,2.1,1.4,2014-05-15,0341,Aqua,MODIS,87,6.2,296,77,D,0
-34.3281,146.1039,321.1,2.3,1.5,2014-05-15,0341,Aqua,MODIS,74,6.2,295.2,50.9,D,0
-34.3233,146.1106,323.9,2.3,1.5,2014-05-15,0341,Aqua,MODIS,81,6.2,294.3,63.8,D,0
-35.3286,147.3788,305.3,2,1.4,2014-05-15,0341,Aqua,MODIS,53,6.2,290.8,15.4,D,0
-36.057,149.8693,300,1.4,1.2,2014-05-15,0341,Aqua,MODIS,16,6.2,289.6,6.7,D,0
-35.0894,146.5491,323.5,2.2,1.4,2014-05-15,0341,Aqua,MODIS,82,6.2,291.4,60.5,D,0
-34.2159,146.2141,315.5,2.3,1.5,2014-05-15,0341,Aqua,MODIS,56,6.2,295,33.8,D,0
-35.0856,146.5535,328.7,2.2,1.4,2014-05-15,0341,Aqua,MODIS,86,6.2,291.4,79.1,D,0
-34.7221,146.9198,308.2,2.1,1.4,2014-05-15,0341,Aqua,MODIS,64,6.2,293.9,13.6,D,0
-34.4365,145.8867,312.8,2.4,1.5,2014-05-15,0341,Aqua,MODIS,70,6.2,295,27.7,D,0
-34.0618,146.6524,334.8,2.1,1.4,2014-05-15,0341,Aqua,MODIS,88,6.2,298.2,93.6,D,0
-34.7559,147.4459,307.5,1.9,1.4,2014-05-15,0341,Aqua,MODIS,65,6.2,291.1,12.5,D,0
-34.2571,146.7814,309.8,2.1,1.4,2014-05-15,0341,Aqua,MODIS,65,6.2,296.9,16.4,D,0
-34.0638,146.629,308.6,2.1,1.4,2014-05-15,0341,Aqua,MODIS,63,6.2,297.2,12.7,D,0
-34.326,146.1294,315.9,2.3,1.5,2014-05-15,0341,Aqua,MODIS,59,6.2,292,34,D,0
-34.4313,145.8642,312.5,2.4,1.5,2014-05-15,0341,Aqua,MODIS,70,6.2,295.7,28.3,D,0
-35.1876,146.7449,311.2,2.2,1.4,2014-05-15,0341,Aqua,MODIS,71,6.2,293.8,23.9,D,0
-34.7454,147.4227,338.4,1.9,1.4,2014-05-15,0341,Aqua,MODIS,91,6.2,295.6,98.4,D,0
-34.7529,147.439,347.9,1.9,1.4,2014-05-15,0341,Aqua,MODIS,95,6.2,293.5,142.1,D,0
-34.1744,147.2859,308.7,1.9,1.4,2014-05-15,0341,Aqua,MODIS,65,6.2,295.9,11.7,D,0
-34.3214,146.1361,304.1,2.3,1.5,2014-05-15,0341,Aqua,MODIS,30,6.2,291.4,8.4,D,0
-34.462,150.8806,318.5,1.2,1.1,2014-05-15,0341,Aqua,MODIS,59,6.2,298.9,17.4,D,0
-34.2263,146.1947,315.1,2.3,1.5,2014-05-15,0341,Aqua,MODIS,72,6.2,295,35.7,D,0
-34.2243,146.2198,313.9,2.3,1.5,2014-05-15,0341,Aqua,MODIS,71,6.2,294.9,33.3,D,0
-34.7436,147.4442,341.9,1.9,1.4,2014-05-15,0341,Aqua,MODIS,93,6.2,294.1,113.2,D,0
-35.0873,146.5738,310.4,2.2,1.4,2014-05-15,0341,Aqua,MODIS,69,6.2,291.4,24,D,0
-36.0545,149.8643,301.1,1.4,1.2,2014-05-15,0341,Aqua,MODIS,44,6.2,289.8,7.8,D,0
-34.2567,146.7885,310.6,2.1,1.4,2014-05-15,0341,Aqua,MODIS,67,6.2,296.8,17.9,D,0
-34.5937,147.7898,314.9,1.8,1.3,2014-05-15,0341,Aqua,MODIS,75,6.2,292.8,27.6,D,0
-34.7542,148.3385,309,1.7,1.3,2014-05-15,0341,Aqua,MODIS,68,6.2,293.3,17.2,D,0
-34.7587,148.3339,309.1,1.7,1.3,2014-05-15,0341,Aqua,MODIS,66,6.2,293.3,16.1,D,0
-33.5966,148.0066,306.4,1.7,1.3,2014-05-15,0341,Aqua,MODIS,59,6.2,295.7,9.9,D,0
-30.373,151.4806,319.3,1.1,1,2014-05-15,0342,Aqua,MODIS,79,6.2,295.4,16,D,0
-30.3384,151.1136,319.4,1.1,1,2014-05-15,0342,Aqua,MODIS,79,6.2,297.3,15.8,D,0
-30.3432,151.1211,314.7,1.1,1,2014-05-15,0342,Aqua,MODIS,75,6.2,297.6,9.7,D,0
-30.3446,151.1098,311,1.1,1,2014-05-15,0342,Aqua,MODIS,53,6.2,297.5,6.8,D,0
-30.8111,151.3366,308,1.1,1,2014-05-15,0342,Aqua,MODIS,58,6.2,290.3,8,D,0
-33.139,147.6007,307.9,1.8,1.3,2014-05-15,0342,Aqua,MODIS,62,6.2,297.6,10.2,D,0
-33.0679,147.6436,321.6,1.8,1.3,2014-05-15,0342,Aqua,MODIS,80,6.2,298.9,37,D,0
-31.5129,150.258,309.5,1.2,1.1,2014-05-15,0342,Aqua,MODIS,51,6.2,298.1,5.5,D,0
-30.6864,149.7897,305.4,1.2,1.1,2014-05-15,0342,Aqua,MODIS,46,6.2,295.2,5.4,D,0
-30.7994,149.0621,316,1.4,1.2,2014-05-15,0342,Aqua,MODIS,72,6.2,297.3,17,D,0
-30.6594,149.7585,310.4,1.2,1.1,2014-05-15,0342,Aqua,MODIS,64,6.2,295.1,10.6,D,0
-30.6854,149.7962,306.2,1.2,1.1,2014-05-15,0342,Aqua,MODIS,50,6.2,295.1,6.1,D,0
-30.6578,149.7717,310.9,1.2,1.1,2014-05-15,0342,Aqua,MODIS,65,6.2,295.4,11.2,D,0
-29.5842,151.9626,306.4,1,1,2014-05-15,0342,Aqua,MODIS,61,6.2,291.4,7.2,D,0
-30.1384,149.3566,312.9,1.3,1.1,2014-05-15,0342,Aqua,MODIS,28,6.2,301.1,6.2,D,0
-30.4913,150.8958,306,1.1,1,2014-05-15,0342,Aqua,MODIS,61,6.2,292.2,7.2,D,0
-31.4406,150.5277,325,1.2,1.1,2014-05-15,0342,Aqua,MODIS,83,6.2,301.2,21.8,D,0
-29.5515,151.0896,315.3,1.1,1,2014-05-15,0342,Aqua,MODIS,70,6.2,301.3,8.7,D,0
-31.208,149.5687,307.4,1.3,1.1,2014-05-15,0342,Aqua,MODIS,49,6.2,295.3,9,D,0
-29.6848,151.4728,311.5,1,1,2014-05-15,0342,Aqua,MODIS,69,6.2,294,9.4,D,0
-31.768,145.3971,311,2.4,1.5,2014-05-15,0342,Aqua,MODIS,61,6.2,298.8,22.4,D,0
-31.7701,145.3712,312.1,2.4,1.5,2014-05-15,0342,Aqua,MODIS,63,6.2,299.4,25.9,D,0
-31.7616,145.3917,313.5,2.4,1.5,2014-05-15,0342,Aqua,MODIS,66,6.2,298.8,28.7,D,0
-29.1182,150.636,312.2,1.1,1,2014-05-15,0343,Aqua,MODIS,53,6.2,301,6.2,D,0
-29.1197,150.6247,311.3,1.1,1,2014-05-15,0343,Aqua,MODIS,41,6.2,299.3,5.7,D,0
-28.9856,150.7349,312,1.1,1,2014-05-15,0343,Aqua,MODIS,37,6.2,299.9,7.8,D,0
-27.8717,150.2878,314.9,1.1,1,2014-05-15,0343,Aqua,MODIS,56,6.2,297.4,9.7,D,0
-27.3788,153.0612,315.3,1,1,2014-05-15,0343,Aqua,MODIS,74,6.2,295.7,8.9,D,0
-24.5869,151.834,310,1,1,2014-05-15,0344,Aqua,MODIS,59,6.2,289.1,8.9,D,0
-24.8122,147.6877,351,1.4,1.2,2014-05-15,0344,Aqua,MODIS,91,6.2,296.5,95.1,D,0
-24.8106,147.7014,355.6,1.4,1.2,2014-05-15,0344,Aqua,MODIS,98,6.2,299.9,112.2,D,0
-24.8166,147.6936,351.9,1.4,1.2,2014-05-15,0344,Aqua,MODIS,84,6.2,295.5,100.6,D,0
-24.815,147.7073,323.5,1.4,1.2,2014-05-15,0344,Aqua,MODIS,75,6.2,297.8,27.8,D,0
-24.7894,147.6992,315.3,1.4,1.2,2014-05-15,0344,Aqua,MODIS,43,6.2,296.5,15.5,D,0
-24.7789,147.6977,311.2,1.4,1.2,2014-05-15,0344,Aqua,MODIS,24,6.2,295.5,10.7,D,0
-25.1503,149.9365,306.3,1.1,1,2014-05-15,0344,Aqua,MODIS,47,6.2,288,6.4,D,0
-24.4774,151.7017,306.9,1,1,2014-05-15,0344,Aqua,MODIS,56,6.2,293.5,5.3,D,0
-17.3528,145.3009,320.2,1.6,1.2,2014-05-15,0346,Aqua,MODIS,68,6.2,292.4,29.8,D,0
-17.3531,145.3075,316.1,1.6,1.2,2014-05-15,0346,Aqua,MODIS,70,6.2,291.4,24.7,D,0
-17.3549,145.2928,310.4,1.6,1.2,2014-05-15,0346,Aqua,MODIS,59,6.2,292.9,15.9,D,0
-12.5444,141.912,317.7,2.4,1.5,2014-05-15,0347,Aqua,MODIS,41,6.2,283.5,44.7,D,0
-12.5503,141.9079,316.9,2.4,1.5,2014-05-15,0347,Aqua,MODIS,48,6.2,284.6,43.9,D,0
-37.5042,141.1963,309.5,3.1,1.7,2014-05-15,0518,Aqua,MODIS,69,6.2,290.1,45.8,D,0
-37.5517,142.5964,300,3.7,1.8,2014-05-15,0518,Aqua,MODIS,22,6.2,286.8,22,D,0
-37.496,141.2302,307.1,3.1,1.7,2014-05-15,0518,Aqua,MODIS,65,6.2,289.5,37.7,D,0
-37.5072,143.1558,377.5,4,1.9,2014-05-15,0518,Aqua,MODIS,87,6.2,287.3,1071.9,D,0
-37.5054,143.1509,363.1,4,1.9,2014-05-15,0518,Aqua,MODIS,87,6.2,286.2,716.3,D,0
-37.5505,142.9764,313,3.9,1.8,2014-05-15,0518,Aqua,MODIS,64,6.2,282.1,88.5,D,0
-37.5532,142.9817,310.7,3.9,1.8,2014-05-15,0518,Aqua,MODIS,53,6.2,282,73.6,D,0
-37.5216,143.1582,361,4,1.9,2014-05-15,0518,Aqua,MODIS,75,6.2,285.3,673,D,0
-37.5233,143.1631,317.7,4,1.9,2014-05-15,0518,Aqua,MODIS,59,6.2,283.4,122.4,D,0
-34.7984,137.6503,306.2,2.2,1.4,2014-05-15,0519,Aqua,MODIS,59,6.2,292.9,14.3,D,0
-36.2215,142.3386,318.3,3.9,1.8,2014-05-15,0519,Aqua,MODIS,78,6.2,291.8,104.2,D,0
-36.2243,142.3437,317.5,3.9,1.8,2014-05-15,0519,Aqua,MODIS,78,6.2,291.7,99.4,D,0
-37.1388,141.5833,304.5,3.3,1.7,2014-05-15,0519,Aqua,MODIS,58,6.2,290.6,25.4,D,0
-37.1458,141.5809,305.6,3.3,1.7,2014-05-15,0519,Aqua,MODIS,62,6.2,290.4,31.5,D,0
-34.3512,137.6801,307.5,2.3,1.5,2014-05-15,0519,Aqua,MODIS,61,6.2,294.3,16.4,D,0
-35.868,138.0218,315.1,2.2,1.4,2014-05-15,0519,Aqua,MODIS,61,6.2,290.8,41.5,D,0
-32.988,121.8446,330.5,2.1,1.4,2014-05-15,0520,Aqua,MODIS,66,6.2,292.2,69.9,D,0
-32.9997,121.8506,327.1,2.1,1.4,2014-05-15,0520,Aqua,MODIS,77,6.2,292.3,61.4,D,0
-32.987,121.8491,324,2.1,1.4,2014-05-15,0520,Aqua,MODIS,82,6.2,290.9,53.2,D,0
-32.9889,121.8265,321.6,2.1,1.4,2014-05-15,0520,Aqua,MODIS,75,6.2,294.2,46.3,D,0
-34.1063,135.519,310.8,1.7,1.3,2014-05-15,0520,Aqua,MODIS,64,6.2,295.6,13.4,D,0
-34.1023,136.1231,308.3,1.8,1.3,2014-05-15,0520,Aqua,MODIS,60,6.2,295.5,10.7,D,0
-34.1097,135.5129,313.9,1.7,1.3,2014-05-15,0520,Aqua,MODIS,69,6.2,295.8,17.4,D,0
-32.1577,118.1278,306.8,3.6,1.8,2014-05-15,0521,Aqua,MODIS,48,6.2,288.8,35.6,D,0
-32.1512,118.1229,304.7,3.6,1.8,2014-05-15,0521,Aqua,MODIS,40,6.2,287.4,27.3,D,0
-32.8159,121.6044,315.9,2.2,1.4,2014-05-15,0521,Aqua,MODIS,74,6.2,293.7,33.1,D,0
-32.8135,121.6088,317.6,2.2,1.4,2014-05-15,0521,Aqua,MODIS,76,6.2,293.9,38.7,D,0
-32.9914,119.6045,311.3,2.9,1.6,2014-05-15,0521,Aqua,MODIS,66,6.2,290.8,41.2,D,0
-32.9936,119.5724,306.4,3,1.6,2014-05-15,0521,Aqua,MODIS,0,6.2,291.4,23,D,0
-24.4182,128.2463,337,1,1,2014-05-15,0523,Aqua,MODIS,86,6.2,306.7,27.3,D,0
-24.4197,128.2361,396.7,1,1,2014-05-15,0523,Aqua,MODIS,100,6.2,317.2,233.5,D,0
-24.4213,128.226,336.3,1,1,2014-05-15,0523,Aqua,MODIS,85,6.2,309.9,25.9,D,0
-24.4091,128.2446,333,1,1,2014-05-15,0523,Aqua,MODIS,82,6.2,307.1,21.2,D,0
-24.4106,128.2345,342.3,1,1,2014-05-15,0523,Aqua,MODIS,90,6.2,310.8,36.5,D,0
-24.3999,128.243,330.4,1,1,2014-05-15,0523,Aqua,MODIS,80,6.2,309.4,18.7,D,0
-24.4015,128.2328,324.6,1,1,2014-05-15,0523,Aqua,MODIS,65,6.2,310.1,11.1,D,0
-24.3584,128.3297,320.2,1,1,2014-05-15,0523,Aqua,MODIS,62,6.2,307,7.8,D,0
-24.3477,128.3383,320.7,1,1,2014-05-15,0523,Aqua,MODIS,64,6.2,307.5,8.6,D,0
-24.4275,128.1228,337,1,1,2014-05-15,0523,Aqua,MODIS,86,6.2,308.9,26.5,D,0
-20.4513,132.469,327.9,2.1,1.4,2014-05-15,0523,Aqua,MODIS,78,6.2,305.1,43,D,0
-20.4549,132.4494,336.3,2.1,1.4,2014-05-15,0523,Aqua,MODIS,86,6.2,308.4,73.1,D,0
-24.4427,128.1464,320.9,1,1,2014-05-15,0523,Aqua,MODIS,51,6.2,307.6,7.3,D,0
-24.4472,128.116,342.1,1,1,2014-05-15,0523,Aqua,MODIS,90,6.2,308.6,35.8,D,0
-24.4396,128.1042,325.1,1,1,2014-05-15,0523,Aqua,MODIS,73,6.2,308.3,11.4,D,0
-24.4259,128.1329,320.1,1,1,2014-05-15,0523,Aqua,MODIS,32,6.2,307.8,5.3,D,0
-21.9441,129.7806,318.5,1.3,1.1,2014-05-15,0523,Aqua,MODIS,55,6.2,306.2,8.2,D,0
-21.9361,129.7663,329.4,1.3,1.1,2014-05-15,0523,Aqua,MODIS,78,6.2,305.6,25.1,D,0
-21.934,129.7786,335.5,1.3,1.1,2014-05-15,0523,Aqua,MODIS,84,6.2,306.1,36.6,D,0
-20.2755,131.8355,321.8,1.9,1.3,2014-05-15,0524,Aqua,MODIS,68,6.2,305.8,23,D,0
-18.2308,127.7537,320.7,1.1,1.1,2014-05-15,0524,Aqua,MODIS,50,6.2,307.9,7.2,D,0
-16.8033,131.5014,321.8,2.1,1.4,2014-05-15,0524,Aqua,MODIS,74,6.2,293.1,35.4,D,0
-16.8067,131.4824,330.2,2.1,1.4,2014-05-15,0524,Aqua,MODIS,83,6.2,294.9,63.2,D,0
-16.8035,131.4961,331.2,2.1,1.4,2014-05-15,0524,Aqua,MODIS,84,6.2,293.8,66.5,D,0
-16.8068,131.477,325,2.1,1.4,2014-05-15,0524,Aqua,MODIS,78,6.2,294.8,44.6,D,0
-19.0213,126.4154,328.6,1,1,2014-05-15,0524,Aqua,MODIS,52,6.2,314.3,10.7,D,0
-19.0108,126.4235,332.2,1,1,2014-05-15,0524,Aqua,MODIS,58,6.2,311.8,15.5,D,0
-17.9933,123.9929,325.8,1.1,1,2014-05-15,0524,Aqua,MODIS,67,6.2,307.7,11.7,D,0
-19.8216,125.1295,328.3,1,1,2014-05-15,0524,Aqua,MODIS,67,6.2,315.3,9.3,D,0
-19.823,125.1199,345.5,1,1,2014-05-15,0524,Aqua,MODIS,90,6.2,316.9,36.4,D,0
-19.8243,125.1103,339.7,1,1,2014-05-15,0524,Aqua,MODIS,80,6.2,316.9,25.9,D,0
-19.827,125.091,351.4,1,1,2014-05-15,0524,Aqua,MODIS,71,6.2,314,50.1,D,0
-19.8256,125.1006,336.4,1,1,2014-05-15,0524,Aqua,MODIS,70,6.2,314.3,21.6,D,0
-18.8426,131.0727,380.7,1.8,1.3,2014-05-15,0524,Aqua,MODIS,100,6.2,311.8,329.4,D,0
-18.8397,131.0892,323.7,1.8,1.3,2014-05-15,0524,Aqua,MODIS,70,6.2,308.3,21.9,D,0
-18.8309,131.0705,322.3,1.8,1.3,2014-05-15,0524,Aqua,MODIS,67,6.2,307.2,18,D,0
-18.8455,131.0564,328.6,1.8,1.3,2014-05-15,0524,Aqua,MODIS,77,6.2,305.9,33.6,D,0
-13.1729,132.0414,340.2,2.7,1.6,2014-05-15,0525,Aqua,MODIS,90,6.2,294,141,D,0
-12.9902,131.8701,340,2.6,1.6,2014-05-15,0525,Aqua,MODIS,50,6.2,290.2,123.1,D,0
-13.1772,132.017,355.5,2.7,1.6,2014-05-15,0525,Aqua,MODIS,98,6.2,295.9,267.7,D,0
-13.1359,132.0525,334.7,2.7,1.6,2014-05-15,0525,Aqua,MODIS,86,6.2,296.5,111.6,D,0
-13.1662,131.9156,332,2.6,1.6,2014-05-15,0525,Aqua,MODIS,85,6.2,292.6,94.9,D,0
-13.1265,132.0582,324.5,2.7,1.6,2014-05-15,0525,Aqua,MODIS,74,6.2,295.2,56.6,D,0
-13.4586,130.7591,354.9,2.1,1.4,2014-05-15,0525,Aqua,MODIS,97,6.2,303.3,193.9,D,0
-13.4903,132.4101,313.7,2.8,1.6,2014-05-15,0525,Aqua,MODIS,52,6.2,291.9,29.4,D,0
-13.5537,130.8229,322.1,2.1,1.4,2014-05-15,0525,Aqua,MODIS,32,6.2,300.6,30.8,D,0
-13.1704,131.8917,321.5,2.6,1.6,2014-05-15,0525,Aqua,MODIS,75,6.2,286.6,49.4,D,0
-13.4619,130.7399,356.6,2.1,1.4,2014-05-15,0525,Aqua,MODIS,93,6.2,298.8,205.6,D,0
-13.9555,132.6428,320.7,2.9,1.6,2014-05-15,0525,Aqua,MODIS,69,6.2,292.4,61.6,D,0
-13.0619,131.7862,317.4,2.6,1.5,2014-05-15,0525,Aqua,MODIS,31,6.2,294.9,29.1,D,0
-13.0664,131.7923,319.2,2.6,1.5,2014-05-15,0525,Aqua,MODIS,36,6.2,295.1,36.1,D,0
-14.0927,132.1999,319.8,2.6,1.6,2014-05-15,0525,Aqua,MODIS,26,6.2,299.7,38.2,D,0
-13.0895,132.0692,319.1,2.7,1.6,2014-05-15,0525,Aqua,MODIS,39,6.2,294,34.2,D,0
-13.9535,132.6344,325.4,2.9,1.6,2014-05-15,0525,Aqua,MODIS,58,6.2,290.4,75.3,D,0
-13.0754,132.0667,330.4,2.7,1.6,2014-05-15,0525,Aqua,MODIS,83,6.2,293.6,86.6,D,0
-13.0613,132.0641,323.6,2.7,1.6,2014-05-15,0525,Aqua,MODIS,74,6.2,293.8,53,D,0
-13.0473,132.0615,332.4,2.7,1.6,2014-05-15,0525,Aqua,MODIS,85,6.2,295.4,98.5,D,0
-13.0447,132.0557,319,2.7,1.6,2014-05-15,0525,Aqua,MODIS,39,6.2,294.8,34.9,D,0
-13.9602,132.6164,319.5,2.9,1.6,2014-05-15,0525,Aqua,MODIS,66,6.2,288.1,54.9,D,0
-13.4217,130.7472,322.6,2.1,1.4,2014-05-15,0525,Aqua,MODIS,57,6.2,294.1,41.7,D,0
-13.4469,130.7517,348.7,2.1,1.4,2014-05-15,0525,Aqua,MODIS,82,6.2,301.4,155.8,D,0
-13.1814,131.9927,330.5,2.7,1.6,2014-05-15,0525,Aqua,MODIS,64,6.2,297.8,83.5,D,0
-13.1717,131.9662,331.7,2.6,1.6,2014-05-15,0525,Aqua,MODIS,84,6.2,294.2,95.2,D,0
-13.1759,131.9422,349.7,2.6,1.6,2014-05-15,0525,Aqua,MODIS,95,6.2,295.9,215.4,D,0
-13.1619,131.9397,339.4,2.6,1.6,2014-05-15,0525,Aqua,MODIS,90,6.2,290.9,132.5,D,0
-13.4459,130.7569,343.7,2.1,1.4,2014-05-15,0525,Aqua,MODIS,87,6.2,301.9,123.4,D,0
-14.1634,131.7121,319.9,2.4,1.5,2014-05-15,0525,Aqua,MODIS,74,6.2,299.6,37.3,D,0
-14.2417,132.6612,315.8,2.8,1.6,2014-05-15,0525,Aqua,MODIS,39,6.2,291.3,33.6,D,0
-14.1964,132.1263,325.9,2.6,1.5,2014-05-15,0525,Aqua,MODIS,66,6.2,297.6,58,D,0
-12.9841,132.0699,320.3,2.7,1.6,2014-05-15,0525,Aqua,MODIS,54,6.2,290.1,52,D,0
-13.1405,132.0608,348.8,2.7,1.6,2014-05-15,0525,Aqua,MODIS,95,6.2,297.4,214.9,D,0
-13.1686,132.0658,344.6,2.7,1.6,2014-05-15,0525,Aqua,MODIS,92,6.2,295.9,178.5,D,0
-13.1827,132.0685,323.8,2.7,1.6,2014-05-15,0525,Aqua,MODIS,77,6.2,291,58.4,D,0
-13.1009,131.9206,330.8,2.6,1.6,2014-05-15,0525,Aqua,MODIS,62,6.2,293.4,77,D,0
-13.7,131.2779,313.3,2.3,1.5,2014-05-15,0525,Aqua,MODIS,37,6.2,296,13.5,D,0
-12.9678,131.9157,340.9,2.6,1.6,2014-05-15,0525,Aqua,MODIS,56,6.2,288.8,133.4,D,0
-14.1254,131.6141,317.4,2.4,1.5,2014-05-15,0525,Aqua,MODIS,47,6.2,298.8,27.2,D,0
-15.6482,131.7147,314.6,2.3,1.5,2014-05-15,0525,Aqua,MODIS,56,6.2,275.8,32.7,D,0
-13.1317,132.0772,324.5,2.7,1.6,2014-05-15,0525,Aqua,MODIS,73,6.2,296.8,58.7,D,0
-13.1801,131.9181,327.3,2.6,1.6,2014-05-15,0525,Aqua,MODIS,66,6.2,292.8,70.7,D,0
-15.2868,128.3976,332,1.3,1.1,2014-05-15,0525,Aqua,MODIS,83,6.2,301.9,32.5,D,0
-14.9636,127.6525,328.2,1.2,1.1,2014-05-15,0525,Aqua,MODIS,68,6.2,306.2,19.7,D,0
-15.2989,128.3871,330.8,1.3,1.1,2014-05-15,0525,Aqua,MODIS,53,6.2,296.4,28.7,D,0
-15.9218,126.0953,315.1,1,1,2014-05-15,0525,Aqua,MODIS,51,6.2,287.9,7.8,D,0
-15.297,128.3994,335.9,1.3,1.1,2014-05-15,0525,Aqua,MODIS,67,6.2,300.4,38,D,0
-15.2947,128.3919,349.5,1.3,1.1,2014-05-15,0525,Aqua,MODIS,93,6.2,299.2,76.4,D,0
-14.7569,126.8016,324.7,1.1,1.1,2014-05-15,0525,Aqua,MODIS,76,6.2,304.4,13.9,D,0
-14.9808,127.7362,325.9,1.2,1.1,2014-05-15,0525,Aqua,MODIS,76,6.2,304.1,16.5,D,0
-14.9791,127.7474,323.7,1.2,1.1,2014-05-15,0525,Aqua,MODIS,71,6.2,303.7,13.8,D,0
-16.2212,126.3062,326.1,1,1,2014-05-15,0525,Aqua,MODIS,57,6.2,307.7,13.5,D,0
-13.9958,132.2575,317.9,2.7,1.6,2014-05-15,0525,Aqua,MODIS,62,6.2,294.4,35.5,D,0
-16.1309,126.4252,323.6,1.1,1,2014-05-15,0525,Aqua,MODIS,66,6.2,303.7,12.1,D,0
-14.9843,127.7137,331,1.2,1.1,2014-05-15,0525,Aqua,MODIS,82,6.2,305.3,25.5,D,0
-13.9754,126.1306,318.6,1.1,1,2014-05-15,0525,Aqua,MODIS,35,6.2,304.4,8.9,D,0
-14.3902,126.9189,323.3,1.1,1.1,2014-05-15,0525,Aqua,MODIS,73,6.2,303.6,13.4,D,0
-15.4533,126.1568,323,1,1,2014-05-15,0525,Aqua,MODIS,55,6.2,292,16.3,D,0
-14.15,131.7095,327.1,2.4,1.5,2014-05-15,0525,Aqua,MODIS,81,6.2,298.9,65,D,0
-16.3449,128.0377,325.5,1.2,1.1,2014-05-15,0525,Aqua,MODIS,66,6.2,307.9,15,D,0
-15.3787,128.844,320.7,1.4,1.2,2014-05-15,0525,Aqua,MODIS,73,6.2,295.2,16.3,D,0
-14.5664,126.8426,319.9,1.1,1.1,2014-05-15,0525,Aqua,MODIS,67,6.2,301.7,10.6,D,0
-14.9925,127.7265,321.4,1.2,1.1,2014-05-15,0525,Aqua,MODIS,50,6.2,302.7,11.5,D,0
-14.3334,126.2631,319,1.1,1,2014-05-15,0525,Aqua,MODIS,63,6.2,304,8.1,D,0
-14.8966,126.6732,325.8,1.1,1,2014-05-15,0525,Aqua,MODIS,69,6.2,307.3,12.9,D,0
-14.6203,127.2805,324.5,1.2,1.1,2014-05-15,0525,Aqua,MODIS,56,6.2,306.8,13.2,D,0
-15.1435,129.0239,322.1,1.5,1.2,2014-05-15,0525,Aqua,MODIS,26,6.2,282.6,24.1,D,0
-14.9184,126.6559,320.2,1.1,1,2014-05-15,0525,Aqua,MODIS,43,6.2,303.8,8.3,D,0
-14.9439,126.6564,323.5,1.1,1,2014-05-15,0525,Aqua,MODIS,53,6.2,302.4,11.1,D,0
-14.9423,126.6664,323.8,1.1,1,2014-05-15,0525,Aqua,MODIS,59,6.2,304.1,10.6,D,0
-14.3677,126.2642,321.1,1.1,1,2014-05-15,0525,Aqua,MODIS,59,6.2,303.4,9.1,D,0
-15.9925,126.0543,314,1,1,2014-05-15,0525,Aqua,MODIS,52,6.2,283.6,8,D,0
-14.3374,131.5337,318.9,2.3,1.5,2014-05-15,0525,Aqua,MODIS,70,6.2,295.3,33.5,D,0
-14.6237,127.2588,330.3,1.2,1.1,2014-05-15,0525,Aqua,MODIS,80,6.2,307.1,21.7,D,0
-14.622,127.2696,330.8,1.2,1.1,2014-05-15,0525,Aqua,MODIS,82,6.2,308.6,22.6,D,0
-16.9305,126.1208,323.7,1,1,2014-05-15,0525,Aqua,MODIS,64,6.2,310.3,8.9,D,0
-16.9319,126.1114,322.6,1,1,2014-05-15,0525,Aqua,MODIS,60,6.2,308.9,7.5,D,0
-14.291,132.3055,323.5,2.7,1.6,2014-05-15,0525,Aqua,MODIS,48,6.2,296.1,53.4,D,0
-14.2771,132.3027,320.9,2.7,1.6,2014-05-15,0525,Aqua,MODIS,34,6.2,296.3,41.7,D,0
-15.0489,127.8842,318.3,1.3,1.1,2014-05-15,0525,Aqua,MODIS,59,6.2,297.6,6.2,D,0
-15.3195,128.8739,327.4,1.4,1.2,2014-05-15,0525,Aqua,MODIS,76,6.2,303.5,25.2,D,0
-15.0893,127.9567,329.6,1.3,1.1,2014-05-15,0525,Aqua,MODIS,61,6.2,294.7,21.7,D,0
-15.0874,127.9684,335.5,1.3,1.1,2014-05-15,0525,Aqua,MODIS,72,6.2,300.7,32.3,D,0
-15.1163,128.0461,330.5,1.3,1.1,2014-05-15,0525,Aqua,MODIS,77,6.2,302.5,27,D,0
-15.1706,128.3453,327,1.3,1.1,2014-05-15,0525,Aqua,MODIS,70,6.2,301.8,21.3,D,0
-15.2116,128.3523,324.2,1.3,1.1,2014-05-15,0525,Aqua,MODIS,69,6.2,302.5,17.2,D,0
-15.2087,128.3588,328.6,1.3,1.1,2014-05-15,0525,Aqua,MODIS,75,6.2,303.2,24.4,D,0
-14.9664,127.828,322.9,1.2,1.1,2014-05-15,0525,Aqua,MODIS,66,6.2,303.2,12.5,D,0
-14.4468,126.8911,322.7,1.1,1.1,2014-05-15,0525,Aqua,MODIS,55,6.2,304.2,10.9,D,0
-15.2789,126.2015,318.8,1,1,2014-05-15,0525,Aqua,MODIS,26,6.2,301.6,9.5,D,0
-15.288,126.2029,327.2,1,1,2014-05-15,0525,Aqua,MODIS,79,6.2,302.7,18.3,D,0
-14.2926,126.9503,320.3,1.1,1.1,2014-05-15,0525,Aqua,MODIS,67,6.2,304.8,10,D,0
-15.2866,126.2126,320.5,1,1,2014-05-15,0525,Aqua,MODIS,54,6.2,301.7,10.5,D,0
-14.3349,126.2532,321.6,1.1,1,2014-05-15,0525,Aqua,MODIS,69,6.2,304.2,11,D,0
-14.9826,127.725,326.9,1.2,1.1,2014-05-15,0525,Aqua,MODIS,70,6.2,305.4,17.8,D,0
-15.2194,126.3659,315,1.1,1,2014-05-15,0525,Aqua,MODIS,44,6.2,284.7,9.7,D,0
-14.6453,126.7978,319.1,1.1,1.1,2014-05-15,0525,Aqua,MODIS,66,6.2,301.1,9.7,D,0
-15.0324,128.6386,323.7,1.4,1.2,2014-05-15,0525,Aqua,MODIS,76,6.2,295.8,22.9,D,0
-15.0429,128.6405,325.6,1.4,1.2,2014-05-15,0525,Aqua,MODIS,48,6.2,295.1,24.3,D,0
-15.0702,128.6375,330.5,1.4,1.2,2014-05-15,0525,Aqua,MODIS,61,6.2,297.9,31,D,0
-15.0806,128.6393,322.7,1.4,1.2,2014-05-15,0525,Aqua,MODIS,54,6.2,299.4,17.5,D,0
-16.1324,126.4155,326.1,1.1,1,2014-05-15,0525,Aqua,MODIS,76,6.2,305,15.2,D,0
-14.4579,126.8823,323.6,1.1,1.1,2014-05-15,0525,Aqua,MODIS,73,6.2,303.8,12.4,D,0
-14.4563,126.8927,325.3,1.1,1.1,2014-05-15,0525,Aqua,MODIS,75,6.2,306,14.7,D,0
-14.8951,126.6833,330.7,1.1,1,2014-05-15,0525,Aqua,MODIS,82,6.2,308.3,19.8,D,0
-16.2227,126.2965,335.2,1,1,2014-05-15,0525,Aqua,MODIS,85,6.2,306,26.7,D,0
-14.9735,127.6541,322.9,1.2,1.1,2014-05-15,0525,Aqua,MODIS,61,6.2,302,13,D,0
-16.6554,127.8211,324.8,1.2,1.1,2014-05-15,0525,Aqua,MODIS,51,6.2,299.8,16.9,D,0
-15.3148,128.8663,326.7,1.4,1.2,2014-05-15,0525,Aqua,MODIS,80,6.2,303.2,24.9,D,0
-15.1542,129.0258,322.4,1.5,1.2,2014-05-15,0525,Aqua,MODIS,57,6.2,282.1,24.9,D,0
-16.2261,126.3368,326.9,1,1,2014-05-15,0525,Aqua,MODIS,42,6.2,308,12.4,D,0
-15.1564,129.0122,321.1,1.5,1.2,2014-05-15,0525,Aqua,MODIS,61,6.2,279.5,23.1,D,0
-15.1804,128.7297,315.7,1.4,1.2,2014-05-15,0525,Aqua,MODIS,32,6.2,295.7,10.1,D,0
-15.9705,125.7626,319.2,1,1,2014-05-15,0525,Aqua,MODIS,41,6.2,297.4,8.1,D,0
-15.0057,126.7867,330.7,1.1,1,2014-05-15,0525,Aqua,MODIS,82,6.2,305.7,22.4,D,0
-12.9375,132.0538,313.6,2.7,1.6,2014-05-15,0525,Aqua,MODIS,59,6.2,281.7,36.2,D,0
-14.4071,133.8519,312.4,3.5,1.8,2014-05-15,0525,Aqua,MODIS,38,6.2,293,24.8,D,0
-13.2294,131.4773,320.5,2.4,1.5,2014-05-15,0525,Aqua,MODIS,73,6.2,299.8,29.7,D,0
-12.9569,131.8564,324.3,2.6,1.6,2014-05-15,0525,Aqua,MODIS,25,6.2,291.1,44.2,D,0
-16.1197,125.1806,320.4,1,1,2014-05-15,0525,Aqua,MODIS,68,6.2,305.2,8.4,D,0
-16.2615,124.436,343,1,1,2014-05-15,0525,Aqua,MODIS,90,6.2,304.3,38.4,D,0
-16.2628,124.4266,324.8,1,1,2014-05-15,0525,Aqua,MODIS,33,6.2,304.6,11.4,D,0
-15.8702,128.5796,319.3,1.3,1.1,2014-05-15,0525,Aqua,MODIS,40,6.2,293.3,14.3,D,0
-15.8682,128.592,334.5,1.3,1.1,2014-05-15,0525,Aqua,MODIS,87,6.2,294.3,41.3,D,0
-17.3269,123.1664,335.6,1.1,1.1,2014-05-15,0525,Aqua,MODIS,85,6.2,308,30.3,D,0
-14.243,126.4215,327.5,1.1,1,2014-05-15,0525,Aqua,MODIS,78,6.2,304,17.2,D,0
-15.4624,128.9595,325,1.4,1.2,2014-05-15,0525,Aqua,MODIS,58,6.2,301,22.4,D,0
-15.5263,128.9363,316.3,1.4,1.2,2014-05-15,0525,Aqua,MODIS,58,6.2,281.6,16.3,D,0
-15.4111,129.0057,318.3,1.5,1.2,2014-05-15,0525,Aqua,MODIS,58,6.2,293.2,15.5,D,0
-15.4089,129.0191,324.4,1.5,1.2,2014-05-15,0525,Aqua,MODIS,78,6.2,293.8,26.8,D,0
-15.4622,129.0981,316.3,1.5,1.2,2014-05-15,0525,Aqua,MODIS,66,6.2,287.3,14.6,D,0
-15.46,129.1117,316.7,1.5,1.2,2014-05-15,0525,Aqua,MODIS,66,6.2,287.7,15.2,D,0
-15.4549,129.1034,312.5,1.5,1.2,2014-05-15,0525,Aqua,MODIS,44,6.2,286.7,9.3,D,0
-15.4657,129.1053,319.1,1.5,1.2,2014-05-15,0525,Aqua,MODIS,72,6.2,287.3,19.5,D,0
-16.3729,123.8303,328.1,1,1,2014-05-15,0525,Aqua,MODIS,58,6.2,304.9,17,D,0
-14.2528,130.3237,317.7,1.9,1.3,2014-05-15,0525,Aqua,MODIS,27,6.2,292.6,23.5,D,0
-14.6446,126.6449,324.7,1.1,1,2014-05-15,0525,Aqua,MODIS,75,6.2,301.2,15.4,D,0
-14.65,126.6412,338.5,1.1,1,2014-05-15,0525,Aqua,MODIS,88,6.2,302.2,36,D,0
-14.6485,126.6513,335.9,1.1,1,2014-05-15,0525,Aqua,MODIS,86,6.2,302,31.2,D,0
-14.5286,126.6721,324.5,1.1,1,2014-05-15,0525,Aqua,MODIS,71,6.2,302.6,14.3,D,0
-14.538,126.6736,322,1.1,1,2014-05-15,0525,Aqua,MODIS,51,6.2,302,11.1,D,0
-14.5554,126.6619,324.5,1.1,1,2014-05-15,0525,Aqua,MODIS,54,6.2,301.9,13.8,D,0
-14.5539,126.6721,324.2,1.1,1,2014-05-15,0525,Aqua,MODIS,54,6.2,302.3,13.1,D,0
-14.5649,126.6633,323.6,1.1,1,2014-05-15,0525,Aqua,MODIS,19,6.2,302.3,12.1,D,0
-14.368,126.6442,321.8,1.1,1,2014-05-15,0525,Aqua,MODIS,70,6.2,303.2,11.5,D,0
-14.3744,126.6413,319.1,1.1,1,2014-05-15,0525,Aqua,MODIS,62,6.2,303,7.5,D,0
-14.3728,126.6514,318.5,1.1,1,2014-05-15,0525,Aqua,MODIS,55,6.2,302.7,7.4,D,0
-15.9103,128.4597,331.5,1.3,1.1,2014-05-15,0525,Aqua,MODIS,84,6.2,286.4,35.9,D,0
-15.9084,128.4718,330.3,1.3,1.1,2014-05-15,0525,Aqua,MODIS,83,6.2,288.3,34.6,D,0
-17.6992,123.8025,339.2,1.1,1,2014-05-15,0525,Aqua,MODIS,87,6.2,307.2,35.1,D,0
-16.2638,125.5207,321.2,1,1,2014-05-15,0525,Aqua,MODIS,54,6.2,306.6,7.5,D,0
-16.2624,125.53,325.9,1,1,2014-05-15,0525,Aqua,MODIS,75,6.2,306.3,12.7,D,0
-15.9467,128.485,338.7,1.3,1.1,2014-05-15,0525,Aqua,MODIS,89,6.2,287.6,52.5,D,0
-15.75,128.8264,332.6,1.4,1.2,2014-05-15,0525,Aqua,MODIS,74,6.2,275.9,48.4,D,0
-15.7625,128.8154,337.8,1.4,1.2,2014-05-15,0525,Aqua,MODIS,67,6.2,271.1,59.9,D,0
-15.7605,128.8283,347.4,1.4,1.2,2014-05-15,0525,Aqua,MODIS,82,6.2,280.8,87.4,D,0
-15.8797,128.454,320.8,1.3,1.1,2014-05-15,0525,Aqua,MODIS,74,6.2,282.4,18.6,D,0
-15.8777,128.4665,314.2,1.3,1.1,2014-05-15,0525,Aqua,MODIS,26,6.2,283,10.2,D,0
-15.8358,128.8605,335,1.4,1.2,2014-05-15,0525,Aqua,MODIS,50,6.2,283.5,47.8,D,0
-15.6435,127.8113,345.3,1.2,1.1,2014-05-15,0525,Aqua,MODIS,93,6.2,305.6,56.9,D,0
-15.6417,127.8227,330.1,1.2,1.1,2014-05-15,0525,Aqua,MODIS,83,6.2,302.8,24.8,D,0
-15.8359,128.9276,341.5,1.4,1.2,2014-05-15,0525,Aqua,MODIS,86,6.2,277.3,68.6,D,0
-15.8338,128.9406,316.4,1.4,1.2,2014-05-15,0525,Aqua,MODIS,0,6.2,272.4,17.2,D,0
-15.773,128.8173,349.3,1.4,1.2,2014-05-15,0525,Aqua,MODIS,83,6.2,283.9,90.1,D,0
-15.7709,128.8302,339.7,1.4,1.2,2014-05-15,0525,Aqua,MODIS,78,6.2,279.7,63.9,D,0
-15.7835,128.8192,336.1,1.4,1.2,2014-05-15,0525,Aqua,MODIS,76,6.2,287.2,53.6,D,0
-15.7814,128.8321,327.2,1.4,1.2,2014-05-15,0525,Aqua,MODIS,0,6.2,274.7,33.9,D,0
-15.7771,128.8237,363.5,1.4,1.2,2014-05-15,0525,Aqua,MODIS,87,6.2,288.5,149.2,D,0
-15.7897,128.8127,324,1.4,1.2,2014-05-15,0525,Aqua,MODIS,33,6.2,277.7,28.1,D,0
-15.7876,128.8256,347.4,1.4,1.2,2014-05-15,0525,Aqua,MODIS,82,6.2,283.6,85,D,0
-15.819,128.831,350,1.4,1.2,2014-05-15,0525,Aqua,MODIS,93,6.2,284,90.1,D,0
-15.8253,128.8587,321.6,1.4,1.2,2014-05-15,0525,Aqua,MODIS,66,6.2,273.1,23.9,D,0
-13.5128,130.5167,328.3,2,1.4,2014-05-15,0525,Aqua,MODIS,82,6.2,299.6,51.8,D,0
-13.5004,130.5145,321.6,2,1.4,2014-05-15,0525,Aqua,MODIS,75,6.2,296.7,31.2,D,0
-15.8145,124.5479,348.7,1,1,2014-05-15,0525,Aqua,MODIS,94,6.2,306.3,47.9,D,0
-15.8132,124.5573,358.7,1,1,2014-05-15,0525,Aqua,MODIS,99,6.2,308.8,71.2,D,0
-15.5568,124.5467,331,1,1,2014-05-15,0525,Aqua,MODIS,83,6.2,308.8,18.9,D,0
-15.5555,124.556,385.4,1,1,2014-05-15,0525,Aqua,MODIS,100,6.2,312.7,165.3,D,0
-15.5541,124.5653,355,1,1,2014-05-15,0525,Aqua,MODIS,97,6.2,309.2,61.3,D,0
-15.5658,124.548,355.6,1,1,2014-05-15,0525,Aqua,MODIS,98,6.2,307.2,63.5,D,0
-15.5645,124.5573,370.4,1,1,2014-05-15,0525,Aqua,MODIS,100,6.2,310.9,105.7,D,0
-15.5631,124.5666,363.5,1,1,2014-05-15,0525,Aqua,MODIS,100,6.2,311.5,83.6,D,0
-15.5618,124.5759,333.8,1,1,2014-05-15,0525,Aqua,MODIS,82,6.2,308.8,20.6,D,0
-15.5605,124.5852,331,1,1,2014-05-15,0525,Aqua,MODIS,76,6.2,309.9,16.2,D,0
-15.3019,128.9807,314.5,1.5,1.2,2014-05-15,0525,Aqua,MODIS,28,6.2,292.5,9.9,D,0
-14.4296,129.8566,349.2,1.7,1.3,2014-05-15,0525,Aqua,MODIS,89,6.2,296.5,120.4,D,0
-14.4553,129.8449,348.7,1.7,1.3,2014-05-15,0525,Aqua,MODIS,94,6.2,299.7,114.8,D,0
-14.4669,129.8469,320.1,1.7,1.3,2014-05-15,0525,Aqua,MODIS,47,6.2,300.4,22.8,D,0
-15.9619,127.9364,324.7,1.2,1.1,2014-05-15,0525,Aqua,MODIS,61,6.2,298.7,21,D,0
-16.3332,125.1025,333.4,1,1,2014-05-15,0525,Aqua,MODIS,83,6.2,307.6,21.9,D,0
-16.3661,124.9362,346.1,1,1,2014-05-15,0525,Aqua,MODIS,92,6.2,307.2,43.1,D,0
-16.3521,125.1588,324.5,1,1,2014-05-15,0525,Aqua,MODIS,72,6.2,306.7,9.9,D,0
-16.449,125.2567,325.4,1,1,2014-05-15,0525,Aqua,MODIS,73,6.2,307.1,11.5,D,0
-16.4607,125.2395,336.1,1,1,2014-05-15,0525,Aqua,MODIS,85,6.2,308.6,24.2,D,0
-16.4593,125.2488,334.4,1,1,2014-05-15,0525,Aqua,MODIS,83,6.2,308.9,21.8,D,0
-16.2333,125.0899,333.3,1,1,2014-05-15,0525,Aqua,MODIS,83,6.2,305.6,22.1,D,0
-16.232,125.0992,378.5,1,1,2014-05-15,0525,Aqua,MODIS,100,6.2,308.5,137.2,D,0
-16.2409,125.1006,320.6,1,1,2014-05-15,0525,Aqua,MODIS,64,6.2,305.6,8,D,0
-16.0022,125.0986,320,1,1,2014-05-15,0525,Aqua,MODIS,37,6.2,305.3,6.7,D,0
-16.1184,125.1899,333.7,1,1,2014-05-15,0525,Aqua,MODIS,84,6.2,306.3,24,D,0
-16.1211,125.1713,329.3,1,1,2014-05-15,0525,Aqua,MODIS,80,6.2,306,18.2,D,0
-15.9832,125.0425,325.4,1,1,2014-05-15,0525,Aqua,MODIS,77,6.2,303.2,13.5,D,0
-15.9818,125.0518,326.4,1,1,2014-05-15,0525,Aqua,MODIS,63,6.2,306.6,12.9,D,0
-15.9805,125.0611,330,1,1,2014-05-15,0525,Aqua,MODIS,82,6.2,308.7,17.2,D,0
-15.9792,125.0704,330,1,1,2014-05-15,0525,Aqua,MODIS,73,6.2,310.6,16.3,D,0
-15.9869,125.0772,332,1,1,2014-05-15,0525,Aqua,MODIS,23,6.2,307.8,16.7,D,0
-15.9959,125.0787,332.5,1,1,2014-05-15,0525,Aqua,MODIS,48,6.2,306.3,18.5,D,0
-16.2566,125.0555,323.8,1,1,2014-05-15,0525,Aqua,MODIS,64,6.2,305.6,9.5,D,0
-16.2553,125.0648,341.5,1,1,2014-05-15,0525,Aqua,MODIS,90,6.2,307.6,33.7,D,0
-16.2796,125.0275,338.4,1,1,2014-05-15,0525,Aqua,MODIS,76,6.2,300.3,30.2,D,0
-16.2783,125.0368,350.9,1,1,2014-05-15,0525,Aqua,MODIS,95,6.2,306.4,52.6,D,0
-16.2899,125.0196,346.1,1,1,2014-05-15,0525,Aqua,MODIS,87,6.2,302.5,44.1,D,0
-16.2886,125.0289,368.4,1,1,2014-05-15,0525,Aqua,MODIS,94,6.2,306.6,99.4,D,0
-16.2873,125.0382,349.1,1,1,2014-05-15,0525,Aqua,MODIS,94,6.2,306.2,47.7,D,0
-16.2859,125.0475,334.7,1,1,2014-05-15,0525,Aqua,MODIS,61,6.2,306.9,21.7,D,0
-15.6801,125.0997,326.3,1,1,2014-05-15,0525,Aqua,MODIS,78,6.2,304.5,14.1,D,0
-16.3002,125.0117,350.8,1,1,2014-05-15,0525,Aqua,MODIS,95,6.2,306,53.9,D,0
-16.2989,125.021,340.1,1,1,2014-05-15,0525,Aqua,MODIS,88,6.2,303.6,33.2,D,0
-16.2976,125.0303,340.3,1,1,2014-05-15,0525,Aqua,MODIS,89,6.2,303.3,33.1,D,0
-16.2949,125.0489,351.7,1,1,2014-05-15,0525,Aqua,MODIS,95,6.2,307.7,52.1,D,0
-16.2936,125.0582,345.9,1,1,2014-05-15,0525,Aqua,MODIS,92,6.2,309.8,40.8,D,0
-16.3092,125.0131,317.6,1,1,2014-05-15,0525,Aqua,MODIS,46,6.2,304.8,5.7,D,0
-16.3026,125.0596,330.5,1,1,2014-05-15,0525,Aqua,MODIS,68,6.2,308.7,17.2,D,0
-16.3013,125.069,326,1,1,2014-05-15,0525,Aqua,MODIS,54,6.2,307.8,11.3,D,0
-16.3242,125.1011,319.5,1,1,2014-05-15,0525,Aqua,MODIS,59,6.2,307.1,5.6,D,0
-16.2952,124.9823,328,1,1,2014-05-15,0525,Aqua,MODIS,54,6.2,305.6,16.3,D,0
-16.2939,124.9917,345.6,1,1,2014-05-15,0525,Aqua,MODIS,92,6.2,306.6,43,D,0
-16.2926,125.001,331.9,1,1,2014-05-15,0525,Aqua,MODIS,58,6.2,304.7,20.8,D,0
-16.3042,124.9837,322.6,1,1,2014-05-15,0525,Aqua,MODIS,50,6.2,306.6,10.3,D,0
-15.8493,125.1384,328.9,1,1,2014-05-15,0525,Aqua,MODIS,81,6.2,307.7,15.4,D,0
-16.3181,125.2715,327.3,1,1,2014-05-15,0525,Aqua,MODIS,62,6.2,307.6,13.2,D,0
-15.9742,125.0411,327,1,1,2014-05-15,0525,Aqua,MODIS,79,6.2,305.5,15,D,0
-17.3438,123.2168,325.8,1.1,1.1,2014-05-15,0525,Aqua,MODIS,74,6.2,308.5,13.5,D,0
-17.3255,123.1769,330.3,1.1,1.1,2014-05-15,0525,Aqua,MODIS,80,6.2,309,21.3,D,0
-15.7756,125.2069,320.7,1,1,2014-05-15,0525,Aqua,MODIS,71,6.2,303.2,8.9,D,0
-16.4737,125.2129,320.7,1,1,2014-05-15,0525,Aqua,MODIS,27,6.2,306.4,6.7,D,0
-16.484,125.205,320.5,1,1,2014-05-15,0525,Aqua,MODIS,28,6.2,306.1,6.6,D,0
-16.2011,124.4785,337.7,1,1,2014-05-15,0525,Aqua,MODIS,87,6.2,306.2,30.3,D,0
-16.2101,124.4799,324,1,1,2014-05-15,0525,Aqua,MODIS,46,6.2,302.9,12.4,D,0
-16.2088,124.4893,325.5,1,1,2014-05-15,0525,Aqua,MODIS,50,6.2,303.5,14.3,D,0
-16.2541,124.4291,324.6,1,1,2014-05-15,0525,Aqua,MODIS,69,6.2,303.6,14,D,0
-16.2992,124.9544,338.9,1,1,2014-05-15,0525,Aqua,MODIS,88,6.2,305.2,32.1,D,0
-16.2979,124.9637,332.3,1,1,2014-05-15,0525,Aqua,MODIS,79,6.2,305.3,21.7,D,0
-16.3082,124.9558,320.2,1,1,2014-05-15,0525,Aqua,MODIS,57,6.2,305.1,8.1,D,0
-16.3069,124.9651,321.5,1,1,2014-05-15,0525,Aqua,MODIS,48,6.2,306.6,9,D,0
-16.3365,124.9507,328.9,1,1,2014-05-15,0525,Aqua,MODIS,78,6.2,306.5,16.8,D,0
-16.3455,124.9521,323,1,1,2014-05-15,0525,Aqua,MODIS,66,6.2,305.7,10,D,0
-16.3571,124.9348,328.1,1,1,2014-05-15,0525,Aqua,MODIS,64,6.2,304.7,14.7,D,0
-16.3558,124.9442,329,1,1,2014-05-15,0525,Aqua,MODIS,63,6.2,305.8,15.4,D,0
-15.778,124.9984,326.5,1,1,2014-05-15,0525,Aqua,MODIS,78,6.2,306.7,11,D,0
-15.7883,124.9905,337.8,1,1,2014-05-15,0525,Aqua,MODIS,88,6.2,306.7,26.4,D,0
-15.787,124.9998,339.1,1,1,2014-05-15,0525,Aqua,MODIS,89,6.2,308.9,27.8,D,0
-15.7973,124.9919,330.1,1,1,2014-05-15,0525,Aqua,MODIS,68,6.2,306.6,16.3,D,0
-15.805,125.0026,323.6,1,1,2014-05-15,0525,Aqua,MODIS,18,6.2,306.1,8.5,D,0
-15.8036,125.0118,327.9,1,1,2014-05-15,0525,Aqua,MODIS,75,6.2,307.1,13.9,D,0
-17.0211,122.7842,321.5,1.2,1.1,2014-05-15,0525,Aqua,MODIS,28,6.2,297.6,16.1,D,0
-17.0424,122.7928,325.2,1.2,1.1,2014-05-15,0525,Aqua,MODIS,33,6.2,298.4,19.2,D,0
-16.1934,124.4678,321.9,1,1,2014-05-15,0525,Aqua,MODIS,49,6.2,302.7,11.3,D,0
-16.192,124.4772,357.2,1,1,2014-05-15,0525,Aqua,MODIS,98,6.2,306.1,71,D,0
-16.1907,124.4866,328.6,1,1,2014-05-15,0525,Aqua,MODIS,62,6.2,302.9,18.1,D,0
-16.3706,124.3821,317.8,1,1,2014-05-15,0525,Aqua,MODIS,52,6.2,304.1,7.2,D,0
-16.6001,125.2927,321.7,1,1,2014-05-15,0525,Aqua,MODIS,46,6.2,305.4,8.3,D,0
-16.5901,125.294,324.9,1,1,2014-05-15,0525,Aqua,MODIS,71,6.2,306.9,12.4,D,0
-16.5914,125.2847,321.6,1,1,2014-05-15,0525,Aqua,MODIS,64,6.2,306.3,8.6,D,0
-16.5631,125.2898,321.9,1,1,2014-05-15,0525,Aqua,MODIS,64,6.2,305.3,9.6,D,0
-16.2699,125.1592,323.5,1,1,2014-05-15,0525,Aqua,MODIS,71,6.2,309.6,9,D,0
-16.6284,125.2876,321.5,1,1,2014-05-15,0525,Aqua,MODIS,63,6.2,304.9,9.4,D,0
-16.6477,125.2811,332.3,1,1,2014-05-15,0525,Aqua,MODIS,81,6.2,305.2,21.4,D,0
-16.6464,125.2904,333,1,1,2014-05-15,0525,Aqua,MODIS,81,6.2,305.7,22.4,D,0
-16.6554,125.2919,318.6,1,1,2014-05-15,0525,Aqua,MODIS,45,6.2,305.2,6.2,D,0
-16.6747,125.2854,321.9,1,1,2014-05-15,0525,Aqua,MODIS,53,6.2,307.6,8.7,D,0
-15.837,125.0321,331.1,1,1,2014-05-15,0525,Aqua,MODIS,83,6.2,306.6,18.3,D,0
-15.8356,125.0414,324.9,1,1,2014-05-15,0525,Aqua,MODIS,58,6.2,306.9,10.6,D,0
-15.846,125.0335,343.6,1,1,2014-05-15,0525,Aqua,MODIS,92,6.2,307,37.7,D,0
-16.3195,125.2622,325.3,1,1,2014-05-15,0525,Aqua,MODIS,73,6.2,307.6,11.6,D,0
-15.4235,125.2849,319.9,1,1,2014-05-15,0525,Aqua,MODIS,71,6.2,298.8,9.7,D,0
-15.4221,125.2942,335.4,1,1,2014-05-15,0525,Aqua,MODIS,87,6.2,301.5,28.3,D,0
-14.5857,126.1012,324.5,1.1,1,2014-05-15,0525,Aqua,MODIS,71,6.2,303.7,12.6,D,0
-14.575,126.1094,320.6,1.1,1,2014-05-15,0525,Aqua,MODIS,42,6.2,303.5,7.3,D,0
-14.5765,126.0998,350.2,1.1,1,2014-05-15,0525,Aqua,MODIS,95,6.2,306.7,55.6,D,0
-14.5779,126.0901,334,1.1,1,2014-05-15,0525,Aqua,MODIS,84,6.2,305,25.1,D,0
-14.2445,126.4115,321.2,1.1,1,2014-05-15,0525,Aqua,MODIS,68,6.2,302.7,8.9,D,0
-14.2248,126.1787,324.6,1.1,1,2014-05-15,0525,Aqua,MODIS,74,6.2,303.2,14.3,D,0
-14.2263,126.1689,319.1,1.1,1,2014-05-15,0525,Aqua,MODIS,64,6.2,303.3,7.9,D,0
-14.458,126.7551,329,1.1,1.1,2014-05-15,0525,Aqua,MODIS,46,6.2,302.9,18.6,D,0
-14.4737,126.7155,328.5,1.1,1.1,2014-05-15,0525,Aqua,MODIS,65,6.2,302.3,17.4,D,0
-14.4611,126.7345,332.8,1.1,1.1,2014-05-15,0525,Aqua,MODIS,64,6.2,303.5,22.6,D,0
-14.3427,126.5567,323.4,1.1,1,2014-05-15,0525,Aqua,MODIS,40,6.2,304.6,10.8,D,0
-14.3442,126.5465,322.4,1.1,1,2014-05-15,0525,Aqua,MODIS,13,6.2,306.9,9.3,D,0
-14.3348,126.5451,328,1.1,1,2014-05-15,0525,Aqua,MODIS,65,6.2,305.8,15.6,D,0
-14.3832,126.5426,321.8,1.1,1,2014-05-15,0525,Aqua,MODIS,63,6.2,303.7,10.4,D,0
-14.363,126.5494,325.6,1.1,1,2014-05-15,0525,Aqua,MODIS,19,6.2,304.6,12.5,D,0
-15.394,125.8663,332.9,1,1,2014-05-15,0525,Aqua,MODIS,84,6.2,280.8,31.2,D,0
-15.3954,125.8568,326.8,1,1,2014-05-15,0525,Aqua,MODIS,79,6.2,279.2,23.5,D,0
-14.4927,126.7819,334.1,1.1,1.1,2014-05-15,0525,Aqua,MODIS,85,6.2,301.1,29.1,D,0
-14.4942,126.7716,338.1,1.1,1.1,2014-05-15,0525,Aqua,MODIS,88,6.2,301.3,35,D,0
-14.4848,126.77,331.7,1.1,1.1,2014-05-15,0525,Aqua,MODIS,56,6.2,301.2,22.8,D,0
-14.4863,126.7597,338.4,1.1,1.1,2014-05-15,0525,Aqua,MODIS,88,6.2,301.9,34.9,D,0
-14.4832,126.7171,320.2,1.1,1.1,2014-05-15,0525,Aqua,MODIS,19,6.2,302.1,8.6,D,0
-14.7301,126.7867,329.5,1.1,1.1,2014-05-15,0525,Aqua,MODIS,81,6.2,304.7,21.5,D,0
-14.7317,126.7765,328.9,1.1,1.1,2014-05-15,0525,Aqua,MODIS,80,6.2,305.5,20.7,D,0
-14.6736,126.7394,323.3,1.1,1.1,2014-05-15,0525,Aqua,MODIS,73,6.2,301.8,13.7,D,0
-16.1867,125.9222,320.2,1,1,2014-05-15,0525,Aqua,MODIS,40,6.2,301.3,7.7,D,0
-16.024,125.9034,327.8,1,1,2014-05-15,0525,Aqua,MODIS,53,6.2,301.9,16.7,D,0
-16.0149,125.902,327.8,1,1,2014-05-15,0525,Aqua,MODIS,62,6.2,303,16.7,D,0
-16.3337,125.6046,339.7,1,1,2014-05-15,0525,Aqua,MODIS,88,6.2,309.3,30.7,D,0
-16.3351,125.5952,353,1,1,2014-05-15,0525,Aqua,MODIS,96,6.2,310,57,D,0
-16.3247,125.6031,345.2,1,1,2014-05-15,0525,Aqua,MODIS,92,6.2,309.3,40.8,D,0
-16.3261,125.5938,339.3,1,1,2014-05-15,0525,Aqua,MODIS,88,6.2,308.2,30.6,D,0
-16.3053,125.6096,351.3,1,1,2014-05-15,0525,Aqua,MODIS,95,6.2,309.4,53.4,D,0
-16.3067,125.6003,359.4,1,1,2014-05-15,0525,Aqua,MODIS,99,6.2,308.9,73.3,D,0
-16.2963,125.6082,332.3,1,1,2014-05-15,0525,Aqua,MODIS,82,6.2,307.1,19.8,D,0
-16.2977,125.5988,340.5,1,1,2014-05-15,0525,Aqua,MODIS,89,6.2,306.1,32.5,D,0
-16.2873,125.6068,320.5,1,1,2014-05-15,0525,Aqua,MODIS,59,6.2,307.3,6.9,D,0
-16.372,125.598,356.8,1,1,2014-05-15,0525,Aqua,MODIS,98,6.2,310.6,66,D,0
-16.3608,125.6089,331,1,1,2014-05-15,0525,Aqua,MODIS,81,6.2,308.3,17.9,D,0
-16.3621,125.5995,364.8,1,1,2014-05-15,0525,Aqua,MODIS,100,6.2,312.5,88.8,D,0
-16.3531,125.598,335.8,1,1,2014-05-15,0525,Aqua,MODIS,85,6.2,309.3,25.3,D,0
-16.3706,125.6074,346.1,1,1,2014-05-15,0525,Aqua,MODIS,92,6.2,310.2,42.1,D,0
-16.2845,125.3139,324.9,1,1,2014-05-15,0525,Aqua,MODIS,58,6.2,306.5,11.2,D,0
-16.2728,125.3311,330,1,1,2014-05-15,0525,Aqua,MODIS,80,6.2,306.8,16.8,D,0
-16.2714,125.3404,323.6,1,1,2014-05-15,0525,Aqua,MODIS,64,6.2,307.1,9.4,D,0
-16.2624,125.339,330.1,1,1,2014-05-15,0525,Aqua,MODIS,80,6.2,307.5,16.8,D,0
-15.8556,125.7965,312.2,1,1,2014-05-15,0525,Aqua,MODIS,19,6.2,282.9,6.4,D,0
-15.9162,125.7541,336,1,1,2014-05-15,0525,Aqua,MODIS,87,6.2,298.1,29.9,D,0
-16.0051,125.4609,323.6,1,1,2014-05-15,0525,Aqua,MODIS,75,6.2,302.9,12.5,D,0
-16.0065,125.4516,328,1,1,2014-05-15,0525,Aqua,MODIS,80,6.2,301.9,17.5,D,0
-16.0888,125.5861,321.3,1,1,2014-05-15,0525,Aqua,MODIS,71,6.2,306,8.2,D,0
-15.711,125.7089,314.2,1,1,2014-05-15,0525,Aqua,MODIS,42,6.2,282.8,7.8,D,0
-15.9939,126.0446,315.7,1,1,2014-05-15,0525,Aqua,MODIS,59,6.2,285.4,9.2,D,0
-15.9777,125.3326,317.4,1,1,2014-05-15,0525,Aqua,MODIS,43,6.2,301.8,5.2,D,0
-16.1734,125.9493,319.1,1,1,2014-05-15,0525,Aqua,MODIS,23,6.2,301.6,7,D,0
-16.1748,125.9399,334.8,1,1,2014-05-15,0525,Aqua,MODIS,85,6.2,301.2,25.3,D,0
-16.1762,125.9303,326.6,1,1,2014-05-15,0525,Aqua,MODIS,61,6.2,301.8,13.8,D,0
-16.1776,125.9208,345.3,1,1,2014-05-15,0525,Aqua,MODIS,92,6.2,304.8,43.4,D,0
-16.179,125.9112,330.5,1,1,2014-05-15,0525,Aqua,MODIS,80,6.2,302.6,19.4,D,0
-15.7696,125.8148,373.6,1,1,2014-05-15,0525,Aqua,MODIS,100,6.2,293.6,126.9,D,0
-15.7709,125.8053,317.2,1,1,2014-05-15,0525,Aqua,MODIS,40,6.2,287.8,10,D,0
-15.7591,125.8228,327.6,1,1,2014-05-15,0525,Aqua,MODIS,68,6.2,289.3,20.1,D,0
-16.4477,125.266,327.8,1,1,2014-05-15,0525,Aqua,MODIS,76,6.2,307.2,14.7,D,0
-16.4026,125.3191,327.1,1,1,2014-05-15,0525,Aqua,MODIS,76,6.2,307.3,14,D,0
-16.2103,125.4453,330.8,1,1,2014-05-15,0525,Aqua,MODIS,75,6.2,306.1,18.3,D,0
-16.199,125.4561,323.8,1,1,2014-05-15,0525,Aqua,MODIS,40,6.2,306.4,9.1,D,0
-16.2003,125.4467,332.9,1,1,2014-05-15,0525,Aqua,MODIS,83,6.2,306.9,21.4,D,0
-16.19,125.4547,355.4,1,1,2014-05-15,0525,Aqua,MODIS,97,6.2,309.2,62.9,D,0
-16.1913,125.4453,380.6,1,1,2014-05-15,0525,Aqua,MODIS,100,6.2,310.8,145.4,D,0
-16.1927,125.436,323.3,1,1,2014-05-15,0525,Aqua,MODIS,62,6.2,303.6,10.4,D,0
-16.4477,125.4568,324.7,1,1,2014-05-15,0525,Aqua,MODIS,69,6.2,307.7,11.3,D,0
-16.4491,125.4475,324.7,1,1,2014-05-15,0525,Aqua,MODIS,59,6.2,306.4,11,D,0
-16.4387,125.4554,368,1,1,2014-05-15,0525,Aqua,MODIS,100,6.2,312.3,97.3,D,0
-16.4401,125.4461,356.7,1,1,2014-05-15,0525,Aqua,MODIS,98,6.2,308.4,64.7,D,0
-16.4414,125.4367,328.8,1,1,2014-05-15,0525,Aqua,MODIS,58,6.2,305.2,14.5,D,0
-16.4306,125.5115,325.3,1,1,2014-05-15,0525,Aqua,MODIS,72,6.2,305.7,11.3,D,0
-16.4162,125.5475,322.8,1,1,2014-05-15,0525,Aqua,MODIS,54,6.2,306.3,7.9,D,0
-16.4175,125.5381,326.4,1,1,2014-05-15,0525,Aqua,MODIS,68,6.2,306.1,12.1,D,0
-16.5694,125.3098,362.7,1,1,2014-05-15,0525,Aqua,MODIS,100,6.2,311.8,81.8,D,0
-16.5708,125.3005,342.3,1,1,2014-05-15,0525,Aqua,MODIS,90,6.2,308.7,34.7,D,0
-16.5591,125.3178,343.5,1,1,2014-05-15,0525,Aqua,MODIS,90,6.2,308.4,37.8,D,0
-16.5605,125.3084,367.8,1,1,2014-05-15,0525,Aqua,MODIS,100,6.2,311.7,96.5,D,0
-16.5618,125.2991,367.3,1,1,2014-05-15,0525,Aqua,MODIS,100,6.2,311,97,D,0
-16.4778,125.3756,338.2,1,1,2014-05-15,0525,Aqua,MODIS,87,6.2,309.1,28.8,D,0
-16.4518,125.4288,321.1,1,1,2014-05-15,0525,Aqua,MODIS,40,6.2,307.7,7.5,D,0
-16.4428,125.4274,326.3,1,1,2014-05-15,0525,Aqua,MODIS,62,6.2,306.2,12.4,D,0
-16.5488,125.3257,327.9,1,1,2014-05-15,0525,Aqua,MODIS,61,6.2,307.4,13.7,D,0
-16.5501,125.3163,379.8,1,1,2014-05-15,0525,Aqua,MODIS,100,6.2,313.7,140.3,D,0
-16.5515,125.307,383.7,1,1,2014-05-15,0525,Aqua,MODIS,100,6.2,311.4,155.9,D,0
-16.5528,125.2977,380.7,1,1,2014-05-15,0525,Aqua,MODIS,100,6.2,309.5,144.7,D,0
-16.5542,125.2884,330.1,1,1,2014-05-15,0525,Aqua,MODIS,79,6.2,304.5,18.5,D,0
-16.5398,125.3242,323.6,1,1,2014-05-15,0525,Aqua,MODIS,32,6.2,309.8,8.7,D,0
-16.5411,125.3149,374.9,1,1,2014-05-15,0525,Aqua,MODIS,100,6.2,312.9,121.3,D,0
-16.5425,125.3056,332.1,1,1,2014-05-15,0525,Aqua,MODIS,81,6.2,305.6,18.4,D,0
-16.5295,125.3322,345.7,1,1,2014-05-15,0525,Aqua,MODIS,92,6.2,308.7,41.1,D,0
-16.5308,125.3228,329.9,1,1,2014-05-15,0525,Aqua,MODIS,76,6.2,309.4,15.8,D,0
-16.7032,125.9745,343.7,1,1,2014-05-15,0525,Aqua,MODIS,86,6.2,307.3,35.4,D,0
-16.708,126.0044,334.2,1,1,2014-05-15,0525,Aqua,MODIS,76,6.2,308.9,19.5,D,0
-16.7094,125.9949,345.1,1,1,2014-05-15,0525,Aqua,MODIS,91,6.2,312.5,36.9,D,0
-16.7004,125.9934,341.5,1,1,2014-05-15,0525,Aqua,MODIS,82,6.2,309.5,31.6,D,0
-16.7018,125.9839,342,1,1,2014-05-15,0525,Aqua,MODIS,77,6.2,309.4,31.8,D,0
-14.3865,132.5368,323.6,2.8,1.6,2014-05-15,0525,Aqua,MODIS,53,6.2,300.1,54.3,D,0
-14.3928,132.5171,327.1,2.8,1.6,2014-05-15,0525,Aqua,MODIS,47,6.2,300.2,65.7,D,0
-14.3882,132.542,325.9,2.8,1.6,2014-05-15,0525,Aqua,MODIS,30,6.2,300.2,59.5,D,0
-15.1217,125.5925,317.3,1,1,2014-05-15,0525,Aqua,MODIS,67,6.2,278,13.7,D,0
-12.719,130.7782,338.3,2.2,1.4,2014-05-15,0526,Aqua,MODIS,89,6.2,299.5,98.1,D,0
-12.9018,131.6484,317.1,2.5,1.5,2014-05-15,0526,Aqua,MODIS,70,6.2,297.1,34.1,D,0
-12.6162,130.6934,319.3,2.2,1.4,2014-05-15,0526,Aqua,MODIS,70,6.2,300.4,28.7,D,0
-12.7086,130.7713,326.2,2.2,1.4,2014-05-15,0526,Aqua,MODIS,42,6.2,300,43.4,D,0
-12.6734,130.7445,321.4,2.2,1.4,2014-05-15,0526,Aqua,MODIS,35,6.2,300.6,29.6,D,0
-12.6933,130.7736,328.2,2.2,1.4,2014-05-15,0526,Aqua,MODIS,69,6.2,300.3,53.5,D,0
-12.6957,130.7691,332.6,2.2,1.4,2014-05-15,0526,Aqua,MODIS,68,6.2,300.2,66,D,0
-12.6196,130.6738,321.1,2.2,1.4,2014-05-15,0526,Aqua,MODIS,72,6.2,299,33.4,D,0
-12.9069,131.6543,316.4,2.5,1.5,2014-05-15,0526,Aqua,MODIS,68,6.2,297,30.5,D,0
-12.6165,130.686,324.3,2.2,1.4,2014-05-15,0526,Aqua,MODIS,70,6.2,300.2,44.9,D,0
-12.9014,131.8463,325.4,2.6,1.6,2014-05-15,0526,Aqua,MODIS,36,6.2,291,55.5,D,0
-12.7062,130.7759,329.6,2.2,1.4,2014-05-15,0526,Aqua,MODIS,67,6.2,300,58.5,D,0
-12.6767,130.7248,324.1,2.2,1.4,2014-05-15,0526,Aqua,MODIS,73,6.2,299.3,40.6,D,0
-31.153,115.4508,329.9,3.9,1.8,2014-05-15,0659,Aqua,MODIS,63,6.2,293,198.2,D,0
-31.1433,115.4914,350.9,4,1.9,2014-05-15,0659,Aqua,MODIS,96,6.2,293.2,462.3,D,0
-31.1557,115.4564,336,3.9,1.8,2014-05-15,0659,Aqua,MODIS,66,6.2,292.9,259.4,D,0
-31.0227,116.2934,310.7,4.5,2,2014-05-15,0659,Aqua,MODIS,39,6.2,289.4,67.1,D,0
-31.1458,115.497,346.8,4,1.9,2014-05-15,0659,Aqua,MODIS,94,6.2,293,399.9,D,0
-31.0208,116.2973,312.2,4.5,2,2014-05-15,0659,Aqua,MODIS,53,6.2,289.5,83.4,D,0
-41.043,147.6357,302.4,1,1,2014-05-15,1304,Terra,MODIS,49,6.2,283.4,7.8,N,0
-41.6828,147.0999,302.6,1,1,2014-05-15,1304,Terra,MODIS,50,6.2,281.1,8.5,N,0
-37.2602,147.8569,300.4,1,1,2014-05-15,1305,Terra,MODIS,23,6.2,283.9,6.8,N,0
-36.3576,147.3607,309.8,1,1,2014-05-15,1305,Terra,MODIS,78,6.2,281.1,13,N,0
-36.0485,149.8668,301.1,1.1,1.1,2014-05-15,1305,Terra,MODIS,37,6.2,286.5,7.6,N,0
-38.4858,146.5961,311,1,1,2014-05-15,1305,Terra,MODIS,81,6.2,284.3,12.2,N,0
-38.4767,146.5941,305.3,1,1,2014-05-15,1305,Terra,MODIS,64,6.2,284.7,8.6,N,0
-34.4616,150.8782,305.7,1.3,1.1,2014-05-15,1306,Terra,MODIS,65,6.2,287.1,14.1,N,0
-29.1933,148.897,306.3,1.3,1.1,2014-05-15,1307,Terra,MODIS,67,6.2,283.5,15.3,N,0
-29.191,148.9102,301.4,1.3,1.1,2014-05-15,1307,Terra,MODIS,41,6.2,283.6,11.2,N,0
-24.8049,147.706,309.8,1.3,1.1,2014-05-15,1309,Terra,MODIS,63,6.2,284.8,16,N,0
-24.8027,147.719,304.6,1.3,1.1,2014-05-15,1309,Terra,MODIS,11,6.2,283.7,10.9,N,0
-24.8059,147.7139,312.3,1.3,1.1,2014-05-15,1309,Terra,MODIS,36,6.2,283.2,17.7,N,0
-20.7317,139.4744,305.7,1.3,1.1,2014-05-15,1310,Terra,MODIS,65,6.2,291.8,10.3,N,2
-12.5435,141.9169,309.1,1,1,2014-05-15,1312,Terra,MODIS,77,6.2,294,7.2,N,0
-34.3918,119.3101,322.9,1.1,1.1,2014-05-15,1445,Terra,MODIS,100,6.2,279.6,28.2,N,0
-33.6013,121.6557,310.8,1,1,2014-05-15,1445,Terra,MODIS,81,6.2,282.1,13.2,N,0
-33.6119,121.6468,320.9,1,1,2014-05-15,1445,Terra,MODIS,100,6.2,282.7,21.3,N,0
-34.3934,119.2978,361,1.1,1.1,2014-05-15,1445,Terra,MODIS,100,6.2,280.6,109.6,N,0
-33.6194,121.6594,306.5,1,1,2014-05-15,1445,Terra,MODIS,68,6.2,282.7,10.3,N,0
-33.6029,121.6449,301,1,1,2014-05-15,1445,Terra,MODIS,36,6.2,281.6,7,N,0
-33.6104,121.6575,317.8,1,1,2014-05-15,1445,Terra,MODIS,96,6.2,282.8,18.4,N,0
-33.6209,121.6487,316.5,1,1,2014-05-15,1445,Terra,MODIS,93,6.2,282.7,17.7,N,0
-16.2136,124.5054,311.4,2.4,1.5,2014-05-15,1450,Terra,MODIS,82,6.2,292,33.3,N,0
-16.5911,125.1686,307,2.6,1.6,2014-05-15,1450,Terra,MODIS,70,6.2,290.6,30.8,N,0
-16.2175,124.4825,313,2.4,1.5,2014-05-15,1450,Terra,MODIS,86,6.2,292.2,37.9,N,0
-16.2121,124.4883,320.9,2.4,1.5,2014-05-15,1450,Terra,MODIS,100,6.2,292.4,63.6,N,0
-14.8169,131.6624,302.7,2,1.4,2014-05-15,1616,Aqua,MODIS,51,6.2,292.4,10.7,N,0
-14.8137,131.644,303.3,2,1.4,2014-05-15,1616,Aqua,MODIS,54,6.2,292.8,11.6,N,0
-14.1288,132.0939,317.2,1.9,1.3,2014-05-15,1616,Aqua,MODIS,95,6.2,293,34.2,N,0
-15.0875,128.9602,302.5,3.1,1.7,2014-05-15,1617,Aqua,MODIS,50,6.2,290.4,27.6,N,0
-15.0867,128.9552,304,3.1,1.7,2014-05-15,1617,Aqua,MODIS,58,6.2,290.5,31.6,N,0
-15.1016,128.9521,301.4,3.1,1.7,2014-05-15,1617,Aqua,MODIS,40,6.2,290.1,23.6,N,0
-15.8035,128.851,300.7,3.1,1.7,2014-05-15,1617,Aqua,MODIS,32,6.2,284.9,27.4,N,0
-15.8037,128.8554,302.5,3.1,1.7,2014-05-15,1617,Aqua,MODIS,49,6.2,285.4,32.2,N,0
-20.7359,139.4778,304.2,1.2,1.1,2014-05-15,1618,Aqua,MODIS,59,6.2,291.2,7.8,N,2
-20.7361,139.4831,302,1.2,1.1,2014-05-15,1618,Aqua,MODIS,46,6.2,291.2,6.1,N,2
-24.951,151.9298,311.1,1,1,2014-05-16,0005,Terra,MODIS,68,6.2,295.6,7.4,D,0
-25.7059,152.6223,305.1,1,1,2014-05-16,0005,Terra,MODIS,47,6.2,295,3.9,D,0
-24.8104,147.7103,318.7,1.5,1.2,2014-05-16,0005,Terra,MODIS,76,6.2,292.3,26.9,D,0
-24.8089,147.7175,325.2,1.5,1.2,2014-05-16,0005,Terra,MODIS,82,6.2,292.4,38.6,D,0
-24.813,147.725,310.9,1.5,1.2,2014-05-16,0005,Terra,MODIS,66,6.2,292.4,15.2,D,0
-25.1463,149.9448,312.1,1.1,1.1,2014-05-16,0005,Terra,MODIS,38,6.2,292.2,9,D,0
-24.3127,150.4361,307.7,1.1,1,2014-05-16,0005,Terra,MODIS,58,6.2,295.9,4.2,D,0
-26.7734,148.445,309.3,1.3,1.1,2014-05-16,0006,Terra,MODIS,58,6.2,297,6.1,D,0
-26.9176,152.9323,313.2,1,1,2014-05-16,0006,Terra,MODIS,73,6.2,292.6,11,D,0
-27.4928,150.5351,309.8,1,1,2014-05-16,0006,Terra,MODIS,48,6.2,295.7,5.8,D,0
-27.2935,152.3435,334.4,1,1,2014-05-16,0006,Terra,MODIS,88,6.2,293.4,33.8,D,0
-27.2949,152.3536,312.4,1,1,2014-05-16,0006,Terra,MODIS,70,6.2,291.6,9.6,D,0
-27.4837,150.5368,313.4,1,1,2014-05-16,0006,Terra,MODIS,69,6.2,296,8.6,D,0
-28.2552,149.0157,310.1,1.1,1.1,2014-05-16,0006,Terra,MODIS,50,6.2,296.5,6.2,D,0
-28.2571,149.0271,319.6,1.1,1.1,2014-05-16,0006,Terra,MODIS,76,6.2,297.1,15.5,D,0
-28.512,150.6308,333.1,1,1,2014-05-16,0006,Terra,MODIS,87,6.2,298.8,29,D,0
-29.1941,148.9024,313.4,1.1,1.1,2014-05-16,0006,Terra,MODIS,68,6.2,297.4,8.8,D,0
-28.2939,148.3838,311.1,1.2,1.1,2014-05-16,0006,Terra,MODIS,62,6.2,296.1,8.1,D,0
-28.2918,148.3716,312,1.2,1.1,2014-05-16,0006,Terra,MODIS,64,6.2,296.4,9.1,D,0
-29.196,148.9138,317.1,1.1,1.1,2014-05-16,0006,Terra,MODIS,73,6.2,298,12.5,D,0
-30.475,150.0341,316.2,1,1,2014-05-16,0007,Terra,MODIS,71,6.2,293.8,12.2,D,0
-30.2984,148.8724,308.1,1.1,1,2014-05-16,0007,Terra,MODIS,63,6.2,296.5,5.1,D,0
-33.4468,150.5059,304.8,1,1,2014-05-16,0007,Terra,MODIS,60,6.2,289.8,6.7,D,0
-33.4484,150.5167,300.5,1,1,2014-05-16,0007,Terra,MODIS,38,6.2,289,4.2,D,0
-30.3244,149.5438,304.5,1,1,2014-05-16,0007,Terra,MODIS,53,6.2,294.2,3.5,D,0
-36.0514,149.8763,304.6,1,1,2014-05-16,0008,Terra,MODIS,59,6.2,290,6.8,D,0
-34.465,150.8868,311.1,1,1,2014-05-16,0008,Terra,MODIS,54,6.2,296.1,8.4,D,2
-35.4864,145.381,302.7,1.3,1.1,2014-05-16,0008,Terra,MODIS,53,6.2,290.7,6,D,0
-34.3711,138.4593,305.5,3.6,1.8,2014-05-16,0008,Terra,MODIS,62,6.2,285,40,D,0
-34.4568,150.8829,310.6,1,1,2014-05-16,0008,Terra,MODIS,50,6.2,296.7,7.2,D,2
-37.2654,147.9039,300.8,1,1,2014-05-16,0009,Terra,MODIS,40,6.2,287.4,5.6,D,0
-37.2786,145.2501,309,1.2,1.1,2014-05-16,0009,Terra,MODIS,68,6.2,282.9,14.3,D,0
-38.3182,145.1169,301.5,1.2,1.1,2014-05-16,0009,Terra,MODIS,48,6.2,285.7,6.8,D,0
-37.5769,142.9756,303.6,1.6,1.2,2014-05-16,0009,Terra,MODIS,53,6.2,289.1,11,D,0
-37.3858,143.1868,300.2,1.6,1.2,2014-05-16,0009,Terra,MODIS,32,6.2,289.7,6.6,D,0
-37.9139,141.0269,320,2,1.4,2014-05-16,0009,Terra,MODIS,69,6.2,285.3,53.3,D,0
-37.9138,141.0208,308.7,2,1.4,2014-05-16,0009,Terra,MODIS,51,6.2,283.3,27.6,D,0
-14.1231,131.624,324.1,1.1,1,2014-05-16,0141,Terra,MODIS,77,6.2,300.1,14.5,D,0
-13.529,131.3942,320.5,1,1,2014-05-16,0141,Terra,MODIS,70,6.2,296.4,9.2,D,0
-14.1203,131.6045,338,1.1,1,2014-05-16,0141,Terra,MODIS,89,6.2,299.5,33,D,0
-13.7499,133.0368,310.2,1.2,1.1,2014-05-16,0141,Terra,MODIS,29,6.2,288.5,4.9,D,0
-13.2248,132.9157,315.8,1.2,1.1,2014-05-16,0141,Terra,MODIS,31,6.2,298.6,6,D,0
-13.2233,132.9048,355.6,1.2,1.1,2014-05-16,0141,Terra,MODIS,98,6.2,302.8,84.5,D,0
-13.2218,132.894,347.3,1.2,1.1,2014-05-16,0141,Terra,MODIS,94,6.2,300.9,61.1,D,0
-13.4796,132.4098,325.4,1.1,1.1,2014-05-16,0141,Terra,MODIS,80,6.2,298,18.4,D,0
-14.272,131.5107,320.3,1.1,1,2014-05-16,0141,Terra,MODIS,52,6.2,303.3,6.2,D,0
-15.9321,132.2181,317.5,1.2,1.1,2014-05-16,0141,Terra,MODIS,66,6.2,294.3,11.3,D,0
-14.086,132.2166,324.1,1.1,1.1,2014-05-16,0141,Terra,MODIS,68,6.2,295.7,16.3,D,0
-14.0765,132.2179,322.4,1.1,1.1,2014-05-16,0141,Terra,MODIS,54,6.2,296.9,14.4,D,0
-14.1217,131.6143,327.4,1.1,1,2014-05-16,0141,Terra,MODIS,81,6.2,298.9,17.7,D,0
-14.1259,131.6435,320.3,1.1,1,2014-05-16,0141,Terra,MODIS,54,6.2,299.7,11.1,D,0
-14.1245,131.6337,323.5,1.1,1,2014-05-16,0141,Terra,MODIS,77,6.2,300.2,14.8,D,0
-13.598,131.4943,324.7,1,1,2014-05-16,0141,Terra,MODIS,66,6.2,300.7,13.2,D,0
-13.0824,130.978,326.6,1,1,2014-05-16,0141,Terra,MODIS,81,6.2,298.7,16.4,D,0
-14.9047,126.8882,323.6,1.2,1.1,2014-05-16,0141,Terra,MODIS,35,6.2,303,12.2,D,0
-14.9227,126.8734,328.2,1.2,1.1,2014-05-16,0141,Terra,MODIS,52,6.2,302.6,21.5,D,0
-15.4052,126.0496,317.2,1.4,1.2,2014-05-16,0141,Terra,MODIS,62,6.2,301.1,12.1,D,0
-14.9425,126.8702,322.7,1.2,1.1,2014-05-16,0141,Terra,MODIS,76,6.2,302.7,15.8,D,0
-15.0978,126.8785,340,1.2,1.1,2014-05-16,0141,Terra,MODIS,90,6.2,301.8,46.4,D,0
-13.8077,130.8398,330.6,1,1,2014-05-16,0141,Terra,MODIS,82,6.2,302.6,16.9,D,0
-15.1132,126.9108,340.6,1.2,1.1,2014-05-16,0141,Terra,MODIS,88,6.2,304.3,41,D,0
-15.1194,126.8865,334.1,1.2,1.1,2014-05-16,0141,Terra,MODIS,76,6.2,303.1,30.2,D,0
-15.1275,126.8735,349.1,1.2,1.1,2014-05-16,0141,Terra,MODIS,95,6.2,304,66.5,D,0
-15.1293,126.8848,350.3,1.2,1.1,2014-05-16,0141,Terra,MODIS,95,6.2,305.5,71.1,D,0
-15.1338,126.8491,319.4,1.2,1.1,2014-05-16,0141,Terra,MODIS,45,6.2,302.3,10.8,D,0
-15.1392,126.8831,327.5,1.2,1.1,2014-05-16,0141,Terra,MODIS,64,6.2,303,19.2,D,0
-15.141,126.8944,325.7,1.2,1.1,2014-05-16,0141,Terra,MODIS,39,6.2,303.2,16.3,D,0
-15.1418,126.8358,328.3,1.2,1.1,2014-05-16,0141,Terra,MODIS,72,6.2,302.9,23.3,D,0
-15.0934,128.9551,325.1,1,1,2014-05-16,0141,Terra,MODIS,58,6.2,300.6,13.3,D,0
-15.1437,126.8475,324.7,1.2,1.1,2014-05-16,0141,Terra,MODIS,56,6.2,302.8,16.9,D,0
-15.1617,126.8326,328.1,1.2,1.1,2014-05-16,0141,Terra,MODIS,38,6.2,303.4,21.2,D,0
-15.1849,126.846,323.7,1.2,1.1,2014-05-16,0141,Terra,MODIS,40,6.2,302.6,15.4,D,0
-14.0799,132.3123,319.6,1.1,1.1,2014-05-16,0141,Terra,MODIS,57,6.2,296.1,12.2,D,0
-15.0996,128.9348,325.8,1,1,2014-05-16,0141,Terra,MODIS,39,6.2,301.4,11.7,D,0
-15.1229,129.0276,321.5,1,1,2014-05-16,0141,Terra,MODIS,69,6.2,301.6,9.6,D,0
-15.1419,128.9124,371.3,1,1,2014-05-16,0141,Terra,MODIS,100,6.2,296.1,113.7,D,0
-15.1434,128.9218,335.9,1,1,2014-05-16,0141,Terra,MODIS,88,6.2,294.7,27.9,D,0
-15.1448,128.9313,321.5,1,1,2014-05-16,0141,Terra,MODIS,45,6.2,292.7,10,D,0
-15.1114,126.8995,349.9,1.2,1.1,2014-05-16,0141,Terra,MODIS,95,6.2,302.8,65,D,0
-15.1463,128.9407,327.5,1,1,2014-05-16,0141,Terra,MODIS,81,6.2,292.5,17.6,D,0
-15.1477,128.9502,335.7,1,1,2014-05-16,0141,Terra,MODIS,88,6.2,293.8,29.1,D,0
-15.151,128.9109,346.1,1,1,2014-05-16,0141,Terra,MODIS,94,6.2,291.1,46.9,D,0
-14.322,126.2571,323.7,1.4,1.2,2014-05-16,0141,Terra,MODIS,78,6.2,301.2,22,D,0
-15.1096,126.8882,363.6,1.2,1.1,2014-05-16,0141,Terra,MODIS,100,6.2,302,114.6,D,0
-14.8494,126.927,330.6,1.2,1.1,2014-05-16,0141,Terra,MODIS,77,6.2,303.2,26.5,D,0
-14.8172,130.0653,326,1,1,2014-05-16,0141,Terra,MODIS,76,6.2,297,16,D,0
-14.8512,126.9385,328.7,1.2,1.1,2014-05-16,0141,Terra,MODIS,82,6.2,303.1,24.3,D,0
-14.853,126.9498,318.8,1.2,1.1,2014-05-16,0141,Terra,MODIS,59,6.2,301.9,10.8,D,0
-14.9436,126.9399,324.1,1.2,1.1,2014-05-16,0141,Terra,MODIS,78,6.2,302,17.3,D,0
-15.1496,128.9015,358,1,1,2014-05-16,0141,Terra,MODIS,99,6.2,289.3,74.7,D,0
-15.1405,128.9029,384.3,1,1,2014-05-16,0141,Terra,MODIS,100,6.2,296.7,167.5,D,0
-14.9712,128.7574,326.8,1,1,2014-05-16,0141,Terra,MODIS,50,6.2,296.7,15.3,D,0
-14.9727,128.767,337.4,1,1,2014-05-16,0141,Terra,MODIS,88,6.2,298.3,31.4,D,0
-14.9741,128.7765,319.6,1,1,2014-05-16,0141,Terra,MODIS,54,6.2,297.2,9.4,D,0
-15.0971,126.7482,320,1.3,1.1,2014-05-16,0141,Terra,MODIS,72,6.2,302.9,12.4,D,0
-15.1613,126.8264,329.6,1.2,1.1,2014-05-16,0141,Terra,MODIS,53,6.2,303,23.6,D,0
-15.1618,126.7674,323.4,1.3,1.1,2014-05-16,0141,Terra,MODIS,32,6.2,303,15,D,0
-15.226,126.7211,323.8,1.3,1.1,2014-05-16,0141,Terra,MODIS,47,6.2,301.3,15.6,D,0
-15.2411,126.6883,328.7,1.3,1.1,2014-05-16,0141,Terra,MODIS,81,6.2,302.2,25.6,D,0
-15.251,126.6866,316.8,1.3,1.1,2014-05-16,0141,Terra,MODIS,58,6.2,301.7,8.8,D,0
-15.3014,125.4103,325.1,1.5,1.2,2014-05-16,0141,Terra,MODIS,77,6.2,300.4,29.2,D,0
-15.2921,125.4058,313.9,1.5,1.2,2014-05-16,0141,Terra,MODIS,24,6.2,299.4,9.7,D,0
-15.303,125.404,316.1,1.5,1.2,2014-05-16,0141,Terra,MODIS,58,6.2,299.7,13.2,D,0
-15.3053,125.4178,314,1.5,1.2,2014-05-16,0141,Terra,MODIS,40,6.2,300.4,9.9,D,0
-15.0817,126.9043,348.7,1.2,1.1,2014-05-16,0141,Terra,MODIS,94,6.2,306.1,61.3,D,0
-15.0819,126.9107,339.5,1.2,1.1,2014-05-16,0141,Terra,MODIS,83,6.2,305.3,39.6,D,0
-14.9813,126.9221,358.2,1.2,1.1,2014-05-16,0141,Terra,MODIS,99,6.2,304.9,98,D,0
-14.9796,126.9108,360.1,1.2,1.1,2014-05-16,0141,Terra,MODIS,100,6.2,304.1,105.6,D,0
-14.9634,126.9367,330.3,1.2,1.1,2014-05-16,0141,Terra,MODIS,74,6.2,301.7,25.1,D,0
-15.0486,126.893,342.3,1.2,1.1,2014-05-16,0141,Terra,MODIS,91,6.2,305.7,48.9,D,0
-15.0586,126.8916,342.4,1.2,1.1,2014-05-16,0141,Terra,MODIS,88,6.2,305.6,48.4,D,0
-15.0801,126.8995,351.9,1.2,1.1,2014-05-16,0141,Terra,MODIS,96,6.2,305.3,74.3,D,0
-15.0799,126.8932,335.8,1.2,1.1,2014-05-16,0141,Terra,MODIS,55,6.2,303.4,33.3,D,0
-14.8556,126.9027,323.8,1.2,1.1,2014-05-16,0141,Terra,MODIS,33,6.2,303,14.7,D,0
-14.8638,126.8898,344.5,1.2,1.1,2014-05-16,0141,Terra,MODIS,92,6.2,303.7,54.2,D,0
-15.2624,126.756,319.8,1.2,1.1,2014-05-16,0141,Terra,MODIS,70,6.2,301.8,12.7,D,0
-15.2524,126.7575,331.6,1.2,1.1,2014-05-16,0141,Terra,MODIS,83,6.2,302.2,29.9,D,0
-15.2253,126.7806,335.5,1.2,1.1,2014-05-16,0141,Terra,MODIS,70,6.2,303.6,33.6,D,0
-15.2234,126.7692,341.5,1.2,1.1,2014-05-16,0141,Terra,MODIS,86,6.2,303,45.1,D,0
-15.2153,126.7823,342,1.2,1.1,2014-05-16,0141,Terra,MODIS,91,6.2,304.9,48.4,D,0
-15.2135,126.7707,366,1.2,1.1,2014-05-16,0141,Terra,MODIS,100,6.2,305.8,125.5,D,0
-15.2035,126.7721,330.3,1.2,1.1,2014-05-16,0141,Terra,MODIS,37,6.2,302.8,24,D,0
-15.1973,126.797,331.7,1.2,1.1,2014-05-16,0141,Terra,MODIS,84,6.2,304.2,28.7,D,0
-14.8656,126.9012,332.4,1.2,1.1,2014-05-16,0141,Terra,MODIS,85,6.2,302.9,28.1,D,0
-14.8674,126.9124,333.5,1.2,1.1,2014-05-16,0141,Terra,MODIS,86,6.2,302.3,30.5,D,0
-14.8781,126.8519,348.6,1.2,1.1,2014-05-16,0141,Terra,MODIS,95,6.2,305.1,68,D,0
-14.8881,126.8503,339,1.2,1.1,2014-05-16,0141,Terra,MODIS,85,6.2,303.1,42.2,D,0
-14.8872,126.8439,339.4,1.2,1.1,2014-05-16,0141,Terra,MODIS,90,6.2,303,43.6,D,0
-15.2895,126.2307,313.9,1.3,1.1,2014-05-16,0141,Terra,MODIS,51,6.2,299.3,8.8,D,0
-15.0258,128.6344,336.4,1,1,2014-05-16,0141,Terra,MODIS,88,6.2,300.5,31.2,D,0
-15.4786,128.521,321.2,1,1,2014-05-16,0141,Terra,MODIS,76,6.2,297.3,11.4,D,0
-14.8321,126.883,319.5,1.2,1.1,2014-05-16,0141,Terra,MODIS,43,6.2,302.4,11.4,D,0
-15.3375,126.7134,313.5,1.3,1.1,2014-05-16,0141,Terra,MODIS,47,6.2,300.9,6.9,D,0
-14.9683,128.7384,365.5,1,1,2014-05-16,0141,Terra,MODIS,100,6.2,299.9,97.3,D,0
-14.9698,128.7479,360.9,1,1,2014-05-16,0141,Terra,MODIS,100,6.2,300,82.4,D,0
-14.8083,128.0725,309.7,1.1,1,2014-05-16,0141,Terra,MODIS,34,6.2,288,5.2,D,0
-14.9753,127.6551,310.5,1.1,1.1,2014-05-16,0141,Terra,MODIS,38,6.2,286.9,6.2,D,0
-15.1015,126.9012,375.5,1.2,1.1,2014-05-16,0141,Terra,MODIS,100,6.2,309,165.3,D,0
-15.0997,126.8899,405.3,1.2,1.1,2014-05-16,0141,Terra,MODIS,100,6.2,312.9,374.7,D,0
-15.0873,126.9447,334.6,1.2,1.1,2014-05-16,0141,Terra,MODIS,86,6.2,303.2,33,D,0
-15.0891,126.9495,327.4,1.2,1.1,2014-05-16,0141,Terra,MODIS,55,6.2,303,20,D,0
-15.111,128.0557,316.8,1.1,1,2014-05-16,0141,Terra,MODIS,28,6.2,296.6,8.6,D,0
-15.3215,128.8812,314.2,1,1,2014-05-16,0141,Terra,MODIS,68,6.2,285.3,8,D,0
-13.9352,132.6682,350.7,1.2,1.1,2014-05-16,0141,Terra,MODIS,96,6.2,294.2,72.1,D,0
-13.9337,132.6575,355.5,1.2,1.1,2014-05-16,0141,Terra,MODIS,98,6.2,298.1,84.5,D,0
-13.9367,132.679,314.4,1.2,1.1,2014-05-16,0141,Terra,MODIS,46,6.2,289.9,9,D,0
-14.8413,126.94,334.2,1.2,1.1,2014-05-16,0141,Terra,MODIS,86,6.2,303.1,35.1,D,0
-15.5517,128.2134,316.5,1.1,1,2014-05-16,0141,Terra,MODIS,65,6.2,298.9,7.2,D,0
-15.194,131.0803,317.6,1,1,2014-05-16,0141,Terra,MODIS,58,6.2,300.4,6.8,D,0
-15.3323,126.6189,316.7,1.3,1.1,2014-05-16,0141,Terra,MODIS,37,6.2,299.5,9.6,D,0
-15.3242,126.6322,322.4,1.3,1.1,2014-05-16,0141,Terra,MODIS,73,6.2,300.1,17.5,D,0
-15.3222,126.6203,327.2,1.3,1.1,2014-05-16,0141,Terra,MODIS,79,6.2,299.8,24.7,D,0
-14.9065,126.8995,353.1,1.2,1.1,2014-05-16,0141,Terra,MODIS,97,6.2,305.2,78.1,D,0
-15.4777,128.9371,314.5,1,1,2014-05-16,0141,Terra,MODIS,49,6.2,287.3,7.7,D,0
-15.4415,128.9427,333.9,1,1,2014-05-16,0141,Terra,MODIS,87,6.2,281.6,30,D,0
-14.2067,130.4839,321.3,1,1,2014-05-16,0141,Terra,MODIS,62,6.2,303,8.4,D,0
-14.1401,130.1551,323.9,1,1,2014-05-16,0141,Terra,MODIS,74,6.2,304,10.5,D,0
-15.4401,128.9333,335.3,1,1,2014-05-16,0141,Terra,MODIS,88,6.2,284.2,31.9,D,0
-15.8262,129.0495,311.8,1,1,2014-05-16,0141,Terra,MODIS,43,6.2,289.8,4.3,D,0
-15.4429,128.9522,310.6,1,1,2014-05-16,0141,Terra,MODIS,29,6.2,280.7,5.5,D,0
-15.514,128.9349,312.4,1,1,2014-05-16,0141,Terra,MODIS,60,6.2,290.9,5.9,D,0
-15.8248,129.0402,323.9,1,1,2014-05-16,0141,Terra,MODIS,77,6.2,291.2,15.3,D,0
-15.8039,128.841,328.4,1,1,2014-05-16,0141,Terra,MODIS,81,6.2,302.2,17.2,D,0
-15.4139,129.0049,328.4,1,1,2014-05-16,0141,Terra,MODIS,81,6.2,284.4,22.1,D,0
-14.1725,130.3759,320,1,1,2014-05-16,0141,Terra,MODIS,56,6.2,301.1,8.2,D,0
-14.5522,126.6727,319.3,1.3,1.1,2014-05-16,0141,Terra,MODIS,72,6.2,301.1,14.7,D,0
-15.344,125.7388,316.4,1.4,1.2,2014-05-16,0141,Terra,MODIS,43,6.2,300.5,11.5,D,0
-15.3525,125.7238,316,1.4,1.2,2014-05-16,0141,Terra,MODIS,38,6.2,301.1,11.8,D,0
-15.3547,125.7371,315,1.4,1.2,2014-05-16,0141,Terra,MODIS,31,6.2,301,9.5,D,0
-15.3478,125.7321,322.3,1.4,1.2,2014-05-16,0141,Terra,MODIS,73,6.2,301,21.2,D,0
-14.5806,126.1089,317,1.4,1.2,2014-05-16,0141,Terra,MODIS,67,6.2,300.5,11.7,D,0
-15.4109,126.0425,313.5,1.4,1.2,2014-05-16,0141,Terra,MODIS,30,6.2,300.8,7.1,D,0
-14.3197,126.3092,332.8,1.4,1.2,2014-05-16,0141,Terra,MODIS,86,6.2,301.1,39.7,D,0
-14.3311,131.5455,325.4,1.1,1,2014-05-16,0141,Terra,MODIS,70,6.2,300.2,14.2,D,0
-14.5325,131.6036,321.9,1.1,1,2014-05-16,0141,Terra,MODIS,34,6.2,299.5,9.2,D,0
-14.6397,132.0279,321.5,1.1,1.1,2014-05-16,0141,Terra,MODIS,71,6.2,293.6,11.3,D,0
-14.6412,132.0381,319.3,1.1,1.1,2014-05-16,0141,Terra,MODIS,67,6.2,295.5,9.2,D,0
-16.0003,130.2887,315.9,1,1,2014-05-16,0141,Terra,MODIS,66,6.2,275.9,11.7,D,0
-15.4339,125.3004,314.7,1.5,1.2,2014-05-16,0142,Terra,MODIS,55,6.2,298.5,11.7,D,0
-15.3889,125.8471,319.6,1.4,1.2,2014-05-16,0142,Terra,MODIS,49,6.2,301.6,13,D,0
-15.3995,125.8454,332.1,1.4,1.2,2014-05-16,0142,Terra,MODIS,83,6.2,302,37.5,D,0
-15.4017,125.8586,328.6,1.4,1.2,2014-05-16,0142,Terra,MODIS,80,6.2,302.9,31,D,0
-15.4039,125.8717,317.2,1.4,1.2,2014-05-16,0142,Terra,MODIS,52,6.2,301,11.4,D,0
-16.1847,125.9361,316.1,1.4,1.2,2014-05-16,0142,Terra,MODIS,51,6.2,300.5,9.1,D,0
-16.1868,125.9488,325.2,1.4,1.2,2014-05-16,0142,Terra,MODIS,76,6.2,300.6,22.7,D,0
-15.8512,125.723,314.8,1.4,1.2,2014-05-16,0142,Terra,MODIS,55,6.2,299.3,12.3,D,0
-16.3192,125.5671,334.6,1.4,1.2,2014-05-16,0142,Terra,MODIS,86,6.2,303.7,42.4,D,0
-16.3298,125.5652,324.7,1.4,1.2,2014-05-16,0142,Terra,MODIS,76,6.2,303.7,22.5,D,0
-15.5029,125.8476,318.8,1.4,1.2,2014-05-16,0142,Terra,MODIS,66,6.2,301.7,15.7,D,0
-15.9122,125.7651,315.3,1.4,1.2,2014-05-16,0142,Terra,MODIS,57,6.2,300.6,11.3,D,0
-16.4104,125.4012,315.2,1.5,1.2,2014-05-16,0142,Terra,MODIS,57,6.2,300.8,10.2,D,0
-16.1589,125.5812,316.3,1.4,1.2,2014-05-16,0142,Terra,MODIS,26,6.2,301.6,9.7,D,0
-16.1627,125.5739,315.4,1.4,1.2,2014-05-16,0142,Terra,MODIS,32,6.2,302,8.3,D,0
-15.6333,125.7188,316,1.4,1.2,2014-05-16,0142,Terra,MODIS,44,6.2,302.6,10.4,D,0
-15.5942,125.9063,332.7,1.4,1.2,2014-05-16,0142,Terra,MODIS,84,6.2,302.1,39.1,D,0
-15.5963,125.9191,333.7,1.4,1.2,2014-05-16,0142,Terra,MODIS,85,6.2,302.5,40.8,D,0
-15.6047,125.9047,316.2,1.4,1.2,2014-05-16,0142,Terra,MODIS,42,6.2,303.2,9.5,D,0
-15.9971,126.0459,318.1,1.3,1.1,2014-05-16,0142,Terra,MODIS,65,6.2,300.1,13,D,0
-16.1249,125.9397,322.2,1.4,1.2,2014-05-16,0142,Terra,MODIS,57,6.2,302.7,16.6,D,0
-15.9206,126.0135,322.2,1.4,1.2,2014-05-16,0142,Terra,MODIS,72,6.2,300,18.9,D,0
-16.5668,125.325,321.9,1.5,1.2,2014-05-16,0142,Terra,MODIS,71,6.2,301.5,20.5,D,0
-16.5699,125.3184,318.6,1.5,1.2,2014-05-16,0142,Terra,MODIS,31,6.2,301.4,14.3,D,0
-19.0027,126.4293,326.3,1.2,1.1,2014-05-16,0142,Terra,MODIS,71,6.2,306.6,16,D,0
-19.0123,126.4276,331.1,1.2,1.1,2014-05-16,0142,Terra,MODIS,68,6.2,307.9,21.6,D,0
-19.0219,126.4259,327.9,1.2,1.1,2014-05-16,0142,Terra,MODIS,40,6.2,307,16.1,D,0
-19.0298,126.4132,335.3,1.2,1.1,2014-05-16,0142,Terra,MODIS,85,6.2,308,29.9,D,0
-15.9589,125.7506,326.8,1.4,1.2,2014-05-16,0142,Terra,MODIS,78,6.2,301,27.9,D,0
-15.9633,125.7772,315.1,1.4,1.2,2014-05-16,0142,Terra,MODIS,51,6.2,301.2,9.2,D,0
-15.6891,126.225,317.2,1.3,1.1,2014-05-16,0142,Terra,MODIS,62,6.2,300.8,12.5,D,0
-16.2085,126.2727,317.1,1.3,1.1,2014-05-16,0142,Terra,MODIS,35,6.2,300.5,10.1,D,0
-16.2206,126.2829,330.4,1.3,1.1,2014-05-16,0142,Terra,MODIS,82,6.2,302.8,29.7,D,0
-16.2365,126.3168,319.1,1.3,1.1,2014-05-16,0142,Terra,MODIS,52,6.2,300,11.3,D,0
-16.2105,126.2846,321.1,1.3,1.1,2014-05-16,0142,Terra,MODIS,69,6.2,302.5,15.4,D,0
-16.2384,126.3286,326.7,1.3,1.1,2014-05-16,0142,Terra,MODIS,78,6.2,300.7,23.4,D,0
-18.8513,131.0997,316.4,1.1,1,2014-05-16,0142,Terra,MODIS,39,6.2,303.5,5.8,D,0
-15.6871,126.2128,317.7,1.3,1.1,2014-05-16,0142,Terra,MODIS,63,6.2,301.4,13.2,D,0
-15.9611,125.7636,320.5,1.4,1.2,2014-05-16,0142,Terra,MODIS,70,6.2,301.6,17.1,D,0
-16.4322,126.5112,320.1,1.2,1.1,2014-05-16,0142,Terra,MODIS,67,6.2,302,13.5,D,0
-16.4303,126.4997,316.7,1.2,1.1,2014-05-16,0142,Terra,MODIS,45,6.2,302.8,8.4,D,0
-18.8419,131.1011,321.2,1.1,1,2014-05-16,0142,Terra,MODIS,60,6.2,306.3,10.8,D,0
-18.8499,131.0892,317.6,1.1,1,2014-05-16,0142,Terra,MODIS,48,6.2,302.9,6.9,D,0
-15.9428,127.9461,323.9,1.1,1,2014-05-16,0142,Terra,MODIS,73,6.2,304.1,12.5,D,0
-16.6003,125.1712,325.2,1.5,1.2,2014-05-16,0142,Terra,MODIS,77,6.2,301.3,26.7,D,0
-16.5979,125.1573,316.6,1.5,1.2,2014-05-16,0142,Terra,MODIS,34,6.2,300.2,11.3,D,0
-16.7216,125.0631,314.5,1.5,1.2,2014-05-16,0142,Terra,MODIS,55,6.2,299,10.8,D,0
-16.7434,125.059,314.3,1.5,1.2,2014-05-16,0142,Terra,MODIS,51,6.2,299.6,10,D,0
-15.8541,128.5048,366.4,1,1,2014-05-16,0142,Terra,MODIS,100,6.2,300.2,102.1,D,0
-15.8556,128.5145,336.4,1,1,2014-05-16,0142,Terra,MODIS,87,6.2,298.7,31.1,D,0
-15.9413,127.9361,318.8,1.1,1,2014-05-16,0142,Terra,MODIS,59,6.2,303.7,7.1,D,0
-15.845,128.5063,319.4,1,1,2014-05-16,0142,Terra,MODIS,68,6.2,297.6,10.2,D,0
-15.8191,128.5204,314.6,1,1,2014-05-16,0142,Terra,MODIS,40,6.2,292.5,5.1,D,0
-16.2984,125.1563,325,1.5,1.2,2014-05-16,0142,Terra,MODIS,77,6.2,302.1,27.2,D,0
-16.611,125.1691,317.2,1.5,1.2,2014-05-16,0142,Terra,MODIS,55,6.2,300.9,12.7,D,0
-15.7738,124.9912,316.3,1.6,1.2,2014-05-16,0142,Terra,MODIS,54,6.2,300.7,12.5,D,0
-16.296,125.1421,317.7,1.5,1.2,2014-05-16,0142,Terra,MODIS,61,6.2,300.2,13.4,D,0
-15.7761,125,318.7,1.6,1.2,2014-05-16,0142,Terra,MODIS,62,6.2,301,15.5,D,0
-15.8465,128.5159,317.3,1,1,2014-05-16,0142,Terra,MODIS,64,6.2,297.9,7.9,D,0
-16.2899,125.1724,315.4,1.5,1.2,2014-05-16,0142,Terra,MODIS,35,6.2,301.4,10,D,0
-21.9199,129.7697,315.8,1.1,1,2014-05-16,0143,Terra,MODIS,55,6.2,302.1,5.7,D,0
-21.932,129.7885,316.7,1.1,1,2014-05-16,0143,Terra,MODIS,68,6.2,301.8,6.9,D,0
-20.59,131.1722,321.1,1.2,1.1,2014-05-16,0143,Terra,MODIS,70,6.2,304.6,13.5,D,0
-20.5915,131.1833,318.2,1.2,1.1,2014-05-16,0143,Terra,MODIS,53,6.2,302.4,10.3,D,0
-20.5924,131.166,326.7,1.2,1.1,2014-05-16,0143,Terra,MODIS,78,6.2,304,21.9,D,0
-20.443,132.4631,316.3,1.4,1.2,2014-05-16,0143,Terra,MODIS,15,6.2,303.2,8.4,D,0
-20.5938,131.177,328.1,1.2,1.1,2014-05-16,0143,Terra,MODIS,80,6.2,304.1,23.8,D,0
-24.3947,128.2313,305.8,1,1,2014-05-16,0144,Terra,MODIS,62,6.2,270.7,7.7,D,0
-24.3962,128.2411,303.9,1,1,2014-05-16,0144,Terra,MODIS,57,6.2,270.6,6.6,D,0
-33.0275,134.6961,324.6,2.8,1.6,2014-05-16,0146,Terra,MODIS,78,6.2,288.3,94.6,D,0
-33.0288,134.6891,321.4,2.8,1.6,2014-05-16,0146,Terra,MODIS,74,6.2,288,80,D,0
-33.2594,121.9378,313.3,1.2,1.1,2014-05-16,0146,Terra,MODIS,73,6.2,286.9,15.6,D,0
-34.678,118.2596,310.5,1.9,1.3,2014-05-16,0147,Terra,MODIS,70,6.2,289.4,23.2,D,0
-34.398,119.3062,309.1,1.6,1.3,2014-05-16,0147,Terra,MODIS,68,6.2,292,16.2,D,0
-37.8124,144.2962,321.4,1,1,2014-05-16,0423,Aqua,MODIS,81,6.2,289.2,19.8,D,0
-38.0948,143.7171,302.9,1,1,2014-05-16,0423,Aqua,MODIS,54,6.2,289.4,4.3,D,0
-38.2297,143.9431,303.5,1,1,2014-05-16,0423,Aqua,MODIS,56,6.2,275.8,7.1,D,0
-36.8531,148.6956,302.4,1.4,1.2,2014-05-16,0423,Aqua,MODIS,16,6.2,277.7,7.5,D,0
-37.4865,143.5995,308.2,1,1,2014-05-16,0423,Aqua,MODIS,67,6.2,283.6,9.2,D,0
-37.4835,141.0399,309.9,1.2,1.1,2014-05-16,0423,Aqua,MODIS,41,6.2,292.4,8.2,D,0
-37.4851,141.0264,372.8,1.2,1.1,2014-05-16,0423,Aqua,MODIS,100,6.2,298.8,158.2,D,0
-37.9211,141.5524,301.3,1.1,1.1,2014-05-16,0423,Aqua,MODIS,33,6.2,285.3,4.6,D,0
-37.9114,141.5508,310,1.1,1.1,2014-05-16,0423,Aqua,MODIS,69,6.2,284.6,11.6,D,0
-37.7256,142.7094,312,1,1,2014-05-16,0423,Aqua,MODIS,72,6.2,284.6,13.4,D,0
-37.8374,141.9003,308.1,1.1,1.1,2014-05-16,0423,Aqua,MODIS,67,6.2,287.4,10,D,0
-37.4642,142.8193,302.5,1,1,2014-05-16,0423,Aqua,MODIS,32,6.2,282.5,5.3,D,0
-37.4626,142.8311,319.3,1,1,2014-05-16,0423,Aqua,MODIS,79,6.2,282.9,18.2,D,0
-37.4752,141.0246,315.8,1.2,1.1,2014-05-16,0423,Aqua,MODIS,76,6.2,293.6,14.6,D,0
-37.4866,141.0128,339.1,1.2,1.1,2014-05-16,0423,Aqua,MODIS,91,6.2,296.5,50.2,D,0
-38.354,147.0715,315,1.1,1,2014-05-16,0423,Aqua,MODIS,64,6.2,286.9,13.5,D,0
-38.3446,147.0689,318.2,1.1,1,2014-05-16,0423,Aqua,MODIS,78,6.2,287.2,16.8,D,0
-37.632,142.6468,305.7,1.1,1,2014-05-16,0423,Aqua,MODIS,62,6.2,280.1,8.9,D,0
-37.1726,143.9453,311.6,1,1,2014-05-16,0423,Aqua,MODIS,71,6.2,283.1,13.2,D,0
-38.3467,147.0564,313.4,1.1,1,2014-05-16,0423,Aqua,MODIS,68,6.2,287,12.1,D,0
-38.3456,147.0037,301.5,1.1,1,2014-05-16,0423,Aqua,MODIS,36,6.2,286.6,4.5,D,0
-37.839,141.8877,314,1.1,1.1,2014-05-16,0423,Aqua,MODIS,74,6.2,288.1,14.9,D,0
-37.5843,143.6275,307.3,1,1,2014-05-16,0423,Aqua,MODIS,65,6.2,287.5,8.5,D,0
-37.6305,142.6588,307,1.1,1,2014-05-16,0423,Aqua,MODIS,65,6.2,278.9,9.8,D,0
-36.4468,149.9141,303.3,1.6,1.2,2014-05-16,0423,Aqua,MODIS,56,6.2,292.7,8.8,D,0
-37.4736,141.0381,306.8,1.2,1.1,2014-05-16,0423,Aqua,MODIS,43,6.2,293.3,6.1,D,0
-37.488,143.5881,314,1,1,2014-05-16,0423,Aqua,MODIS,74,6.2,284.1,13.7,D,0
-37.5307,145.6243,340.7,1,1,2014-05-16,0423,Aqua,MODIS,87,6.2,279.2,47.9,D,0
-37.4003,149.5547,318.7,1.5,1.2,2014-05-16,0423,Aqua,MODIS,52,6.2,274.5,22.8,D,0
-37.5252,145.617,319,1,1,2014-05-16,0423,Aqua,MODIS,60,6.2,279.9,20.6,D,0
-37.4034,149.5384,327.3,1.5,1.2,2014-05-16,0423,Aqua,MODIS,70,6.2,278.2,38.7,D,0
-37.4043,149.5439,334.2,1.5,1.2,2014-05-16,0423,Aqua,MODIS,78,6.2,277.2,53.9,D,0
-37.5234,145.6289,326.4,1,1,2014-05-16,0423,Aqua,MODIS,64,6.2,278,28.6,D,0
-33.5408,147.5101,350.3,1.4,1.2,2014-05-16,0424,Aqua,MODIS,96,6.2,301.5,91.2,D,0
-34.7213,146.0988,344.5,1.1,1.1,2014-05-16,0424,Aqua,MODIS,93,6.2,291.8,59.3,D,0
-36.3676,147.3726,346.2,1.2,1.1,2014-05-16,0424,Aqua,MODIS,94,6.2,290.5,70,D,0
-34.8454,145.9099,317.8,1.1,1,2014-05-16,0424,Aqua,MODIS,75,6.2,284.1,17.4,D,0
-34.2046,147.7646,330.9,1.4,1.2,2014-05-16,0424,Aqua,MODIS,87,6.2,296,41.6,D,0
-35.2959,146.9621,341.2,1.2,1.1,2014-05-16,0424,Aqua,MODIS,92,6.2,296.5,55.9,D,0
-35.5657,146.7618,311.2,1.2,1.1,2014-05-16,0424,Aqua,MODIS,71,6.2,293.8,10.3,D,0
-34.9905,147.4815,312.9,1.3,1.1,2014-05-16,0424,Aqua,MODIS,73,6.2,294.6,11.8,D,0
-35.7674,146.8596,305.7,1.2,1.1,2014-05-16,0424,Aqua,MODIS,62,6.2,290.4,6.3,D,0
-35.7968,145.9815,309.8,1.1,1,2014-05-16,0424,Aqua,MODIS,68,6.2,285.3,9.2,D,0
-36.1993,145.6524,402.3,1.1,1,2014-05-16,0424,Aqua,MODIS,100,6.2,298.5,285.5,D,0
-33.5434,147.4957,374.5,1.3,1.2,2014-05-16,0424,Aqua,MODIS,100,6.2,304.8,197.9,D,0
-36.1053,145.7198,311.7,1.1,1,2014-05-16,0424,Aqua,MODIS,72,6.2,285.6,11.8,D,0
-34.374,146.1412,348.7,1.1,1.1,2014-05-16,0424,Aqua,MODIS,95,6.2,298.4,65.8,D,0
-35.6145,146.2303,303.9,1.1,1,2014-05-16,0424,Aqua,MODIS,57,6.2,291.7,4.9,D,0
-35.5678,146.7491,308.5,1.2,1.1,2014-05-16,0424,Aqua,MODIS,67,6.2,294.2,7.9,D,0
-35.4593,146.729,310.3,1.2,1.1,2014-05-16,0424,Aqua,MODIS,70,6.2,294.6,8.9,D,0
-35.3273,146.9567,308.9,1.2,1.1,2014-05-16,0424,Aqua,MODIS,68,6.2,294.1,7.9,D,0
-36.2536,145.5266,317.6,1,1,2014-05-16,0424,Aqua,MODIS,78,6.2,290.4,15.5,D,0
-34.3625,146.1512,316.7,1.1,1.1,2014-05-16,0424,Aqua,MODIS,72,6.2,298.2,13.3,D,0
-35.5354,146.9413,309.8,1.2,1.1,2014-05-16,0424,Aqua,MODIS,69,6.2,289.5,9.6,D,0
-34.1976,147.7727,327,1.4,1.2,2014-05-16,0424,Aqua,MODIS,84,6.2,296,33.3,D,0
-34.843,145.9843,305,1.1,1,2014-05-16,0424,Aqua,MODIS,43,6.2,273.5,9,D,0
-32.5841,148.8432,333.6,1.7,1.3,2014-05-16,0424,Aqua,MODIS,88,6.2,292.5,69.1,D,0
-34.6979,146.9706,311,1.2,1.1,2014-05-16,0424,Aqua,MODIS,68,6.2,296.6,9.3,D,0
-35.6056,146.5228,317.9,1.1,1.1,2014-05-16,0424,Aqua,MODIS,78,6.2,288.3,17.9,D,0
-34.6582,147.1412,344.1,1.2,1.1,2014-05-16,0424,Aqua,MODIS,93,6.2,297.7,65.2,D,0
-35.6035,146.5352,345.3,1.1,1.1,2014-05-16,0424,Aqua,MODIS,94,6.2,292.8,62.4,D,0
-36.1901,145.6502,311.4,1.1,1,2014-05-16,0424,Aqua,MODIS,71,6.2,290.1,9.8,D,0
-36.0513,145.8776,323.6,1.1,1,2014-05-16,0424,Aqua,MODIS,82,6.2,281.6,24.6,D,0
-33.4667,147.1237,308.7,1.3,1.1,2014-05-16,0424,Aqua,MODIS,54,6.2,297.3,6.1,D,0
-35.37,147.0154,355.6,1.2,1.1,2014-05-16,0424,Aqua,MODIS,98,6.2,293.6,94.4,D,0
-36.56,145.4642,370.3,1,1,2014-05-16,0424,Aqua,MODIS,100,6.2,294.6,122.3,D,0
-34.7103,147.5405,310.6,1.3,1.1,2014-05-16,0424,Aqua,MODIS,41,6.2,295.6,7.7,D,0
-35.8004,146.0197,316.3,1.1,1,2014-05-16,0424,Aqua,MODIS,73,6.2,285.1,14.8,D,0
-33.5637,146.983,308.9,1.3,1.1,2014-05-16,0424,Aqua,MODIS,60,6.2,297,6.9,D,0
-34.6449,147.6791,307.1,1.3,1.1,2014-05-16,0424,Aqua,MODIS,61,6.2,296.3,6.4,D,0
-35.4982,147.2193,305,1.2,1.1,2014-05-16,0424,Aqua,MODIS,60,6.2,294.6,6.2,D,0
-36.36,147.3574,313.6,1.2,1.1,2014-05-16,0424,Aqua,MODIS,74,6.2,290.9,15.3,D,0
-34.7229,147.5882,308.8,1.3,1.1,2014-05-16,0424,Aqua,MODIS,67,6.2,295.4,8.4,D,0
-34.489,145.9483,339.9,1.1,1.1,2014-05-16,0424,Aqua,MODIS,91,6.2,290.1,48.9,D,0
-36.2555,145.515,326.6,1,1,2014-05-16,0424,Aqua,MODIS,84,6.2,291.4,25.2,D,0
-35.9048,146.6499,303,1.1,1.1,2014-05-16,0424,Aqua,MODIS,54,6.2,291.4,4.3,D,0
-33.626,147.6762,311.3,1.4,1.2,2014-05-16,0424,Aqua,MODIS,68,6.2,298.1,9.5,D,0
-34.2019,147.7792,316.3,1.4,1.2,2014-05-16,0424,Aqua,MODIS,75,6.2,296.6,16.6,D,0
-34.5802,147.3483,309.5,1.3,1.1,2014-05-16,0424,Aqua,MODIS,59,6.2,298.8,7.8,D,0
-36.2628,145.5889,307.4,1,1,2014-05-16,0424,Aqua,MODIS,65,6.2,287.6,7.7,D,0
-34.372,146.1535,352.7,1.1,1.1,2014-05-16,0424,Aqua,MODIS,97,6.2,299.7,76.5,D,0
-35.2981,146.9491,329.9,1.2,1.1,2014-05-16,0424,Aqua,MODIS,87,6.2,296.5,34.5,D,0
-34.7531,147.5373,305.3,1.3,1.1,2014-05-16,0424,Aqua,MODIS,51,6.2,293.8,5.4,D,0
-35.9454,146.206,302.9,1.1,1,2014-05-16,0424,Aqua,MODIS,54,6.2,286,5.2,D,0
-35.311,145.0685,360.1,1,1,2014-05-16,0424,Aqua,MODIS,100,6.2,299.7,87.6,D,0
-35.9474,146.1939,302.1,1.1,1,2014-05-16,0424,Aqua,MODIS,46,6.2,286.8,4.6,D,0
-34.7233,146.0866,321.8,1.1,1.1,2014-05-16,0424,Aqua,MODIS,79,6.2,287.9,21.8,D,0
-34.9499,147.3556,317.4,1.3,1.1,2014-05-16,0424,Aqua,MODIS,78,6.2,297.5,16.6,D,0
-34.6605,147.1277,316.4,1.2,1.1,2014-05-16,0424,Aqua,MODIS,75,6.2,296.4,15,D,0
-36.1071,145.7081,308.9,1.1,1,2014-05-16,0424,Aqua,MODIS,68,6.2,285.4,9.6,D,0
-34.5826,147.3345,309.4,1.3,1.1,2014-05-16,0424,Aqua,MODIS,67,6.2,296.2,8.1,D,0
-34.3645,146.1389,319.3,1.1,1.1,2014-05-16,0424,Aqua,MODIS,75,6.2,298.4,15.9,D,0
-36.5582,145.4757,319.4,1,1,2014-05-16,0424,Aqua,MODIS,79,6.2,290.6,17.1,D,0
-34.491,145.9362,313.2,1.1,1.1,2014-05-16,0424,Aqua,MODIS,67,6.2,287.7,12.8,D,0
-36.1071,146.1085,303.6,1.1,1,2014-05-16,0424,Aqua,MODIS,56,6.2,282.1,6.8,D,0
-35.6848,146.369,302.3,1.1,1.1,2014-05-16,0424,Aqua,MODIS,52,6.2,289.2,4.2,D,0
-35.4883,145.7516,307.5,1.1,1,2014-05-16,0424,Aqua,MODIS,64,6.2,295.7,6.1,D,0
-34.993,147.4677,317.6,1.3,1.1,2014-05-16,0424,Aqua,MODIS,78,6.2,295.4,17.5,D,0
-34.908,147.5322,305.6,1.3,1.1,2014-05-16,0424,Aqua,MODIS,61,6.2,292.2,5.9,D,0
-34.7001,146.9574,309.7,1.2,1.1,2014-05-16,0424,Aqua,MODIS,66,6.2,297.4,8,D,0
-33.546,147.4813,309.9,1.3,1.1,2014-05-16,0424,Aqua,MODIS,65,6.2,299,7.7,D,0
-34.845,145.9722,304.4,1.1,1,2014-05-16,0424,Aqua,MODIS,33,6.2,275.3,8.1,D,0
-34.7004,147.5454,315.4,1.3,1.1,2014-05-16,0424,Aqua,MODIS,75,6.2,296.8,13.2,D,0
-34.2002,147.758,319.2,1.4,1.2,2014-05-16,0424,Aqua,MODIS,78,6.2,296.2,20.9,D,0
-35.8241,146.8209,305,1.2,1.1,2014-05-16,0424,Aqua,MODIS,60,6.2,291.4,6.1,D,0
-35.5332,146.9543,314.3,1.2,1.1,2014-05-16,0424,Aqua,MODIS,75,6.2,288.1,14.1,D,0
-33.6871,146.9214,307.4,1.3,1.1,2014-05-16,0424,Aqua,MODIS,55,6.2,295.9,6,D,0
-34.9877,146.777,305.6,1.2,1.1,2014-05-16,0424,Aqua,MODIS,53,6.2,294.4,4.6,D,0
-36.1975,145.6641,333.9,1.1,1,2014-05-16,0424,Aqua,MODIS,89,6.2,288.9,34.6,D,0
-34.7029,147.5314,308.8,1.3,1.1,2014-05-16,0424,Aqua,MODIS,59,6.2,296,6,D,0
-34.5708,147.6391,306.3,1.3,1.1,2014-05-16,0424,Aqua,MODIS,54,6.2,295.7,5.6,D,0
-34.5682,147.6534,307.5,1.3,1.1,2014-05-16,0424,Aqua,MODIS,64,6.2,296.5,7,D,0
-35.3127,145.0571,318.1,1,1,2014-05-16,0424,Aqua,MODIS,77,6.2,296.8,13,D,0
-35.9069,146.6374,305.8,1.1,1.1,2014-05-16,0424,Aqua,MODIS,62,6.2,291.7,6.6,D,0
-36.3578,147.3701,303.6,1.2,1.1,2014-05-16,0424,Aqua,MODIS,47,6.2,290.5,6.5,D,0
-35.0467,147.91,304.5,1.3,1.1,2014-05-16,0424,Aqua,MODIS,59,6.2,292,7.5,D,0
-34.7715,148.339,313.2,1.4,1.2,2014-05-16,0424,Aqua,MODIS,73,6.2,291.5,18.7,D,0
-33.8603,147.9749,307,1.4,1.2,2014-05-16,0424,Aqua,MODIS,61,6.2,295.5,7.7,D,0
-33.8903,148.0215,330.6,1.4,1.2,2014-05-16,0424,Aqua,MODIS,86,6.2,294.3,45.9,D,0
-33.8932,148.006,308.3,1.4,1.2,2014-05-16,0424,Aqua,MODIS,64,6.2,293.3,10.7,D,0
-33.8836,148.0289,311,1.4,1.2,2014-05-16,0424,Aqua,MODIS,69,6.2,293.9,12.2,D,0
-34.0035,148.2679,309.8,1.5,1.2,2014-05-16,0424,Aqua,MODIS,67,6.2,293.6,11.5,D,0
-34.0103,147.8701,308.2,1.4,1.2,2014-05-16,0424,Aqua,MODIS,63,6.2,294.7,7.6,D,0
-36.0512,140.6299,309,1.2,1.1,2014-05-16,0424,Aqua,MODIS,56,6.2,295.5,7.5,D,0
-36.0414,140.6281,309.2,1.2,1.1,2014-05-16,0424,Aqua,MODIS,57,6.2,295,8.3,D,0
-35.0928,143.7592,304.6,1,1,2014-05-16,0424,Aqua,MODIS,20,6.2,285.9,5.2,D,0
-36.6606,141.4006,309.7,1.1,1.1,2014-05-16,0424,Aqua,MODIS,60,6.2,296.4,6.9,D,0
-37.5065,140.6643,303.2,1.2,1.1,2014-05-16,0424,Aqua,MODIS,55,6.2,292,6,D,0
-37.2083,140.7074,310.3,1.2,1.1,2014-05-16,0424,Aqua,MODIS,70,6.2,295.3,9.8,D,0
-36.6621,141.3879,322.1,1.1,1.1,2014-05-16,0424,Aqua,MODIS,81,6.2,296.8,19.2,D,0
-36.6637,141.3752,328.2,1.1,1.1,2014-05-16,0424,Aqua,MODIS,85,6.2,297.6,27,D,0
-36.6155,141.3475,320.1,1.1,1.1,2014-05-16,0424,Aqua,MODIS,79,6.2,296,17.8,D,0
-36.617,141.3348,311,1.1,1.1,2014-05-16,0424,Aqua,MODIS,69,6.2,296.1,8.6,D,0
-36.084,141.4731,325.4,1.1,1,2014-05-16,0424,Aqua,MODIS,83,6.2,297.7,22.8,D,0
-36.0826,141.4854,333.6,1.1,1,2014-05-16,0424,Aqua,MODIS,88,6.2,296.8,34.7,D,0
-36.1171,141.4414,338.3,1.1,1.1,2014-05-16,0424,Aqua,MODIS,91,6.2,298.1,43.3,D,0
-36.1156,141.4538,308.9,1.1,1.1,2014-05-16,0424,Aqua,MODIS,65,6.2,296.3,5.6,D,0
-36.1495,141.649,311.8,1.1,1,2014-05-16,0424,Aqua,MODIS,70,6.2,296.3,8.8,D,0
-36.1552,141.6442,309.6,1.1,1,2014-05-16,0424,Aqua,MODIS,66,6.2,295.5,6.6,D,0
-36.1537,141.6564,309.9,1.1,1,2014-05-16,0424,Aqua,MODIS,66,6.2,296.6,6.9,D,0
-36.9678,141.8802,317.1,1.1,1,2014-05-16,0424,Aqua,MODIS,77,6.2,296.6,13,D,0
-35.3159,144.3165,328.1,1,1,2014-05-16,0424,Aqua,MODIS,85,6.2,297.5,23.2,D,0
-35.3176,144.3054,317.7,1,1,2014-05-16,0424,Aqua,MODIS,76,6.2,297.4,12.2,D,0
-35.2304,144.2676,310.2,1,1,2014-05-16,0424,Aqua,MODIS,65,6.2,297,5.9,D,0
-35.2321,144.2565,318.1,1,1,2014-05-16,0424,Aqua,MODIS,76,6.2,298.2,12.5,D,0
-36.9694,141.8678,309.5,1.1,1,2014-05-16,0424,Aqua,MODIS,68,6.2,296.2,6.1,D,0
-35.1007,144.0852,311.9,1,1,2014-05-16,0424,Aqua,MODIS,68,6.2,297.5,7.4,D,0
-35.1023,144.0742,318.7,1,1,2014-05-16,0424,Aqua,MODIS,76,6.2,297.9,13.3,D,0
-35.111,143.9513,305.3,1,1,2014-05-16,0424,Aqua,MODIS,51,6.2,294,3.9,D,0
-34.6599,144.2629,352.1,1,1,2014-05-16,0424,Aqua,MODIS,96,6.2,299.5,63.8,D,0
-34.6615,144.2519,316.6,1,1,2014-05-16,0424,Aqua,MODIS,73,6.2,297.4,10.6,D,0
-35.0838,143.7573,308.5,1,1,2014-05-16,0424,Aqua,MODIS,45,6.2,286.6,7.4,D,0
-35.0944,143.7483,308.3,1,1,2014-05-16,0424,Aqua,MODIS,56,6.2,288.7,7.1,D,0
-35.0854,143.7463,327.1,1,1,2014-05-16,0424,Aqua,MODIS,84,6.2,289.4,24,D,0
-32.5064,147.5907,307.2,1.4,1.2,2014-05-16,0425,Aqua,MODIS,40,6.2,291.6,11.9,D,0
-34.0909,137.9439,305.5,1.6,1.2,2014-05-16,0425,Aqua,MODIS,61,6.2,288.4,8.8,D,0
-30.4783,150.0248,307.5,2.2,1.4,2014-05-16,0425,Aqua,MODIS,57,6.2,296.7,11,D,0
-25.1355,151.0033,308,3.5,1.8,2014-05-16,0426,Aqua,MODIS,61,6.2,293.1,33.2,D,0
-26.6983,150.1244,307.3,2.8,1.6,2014-05-16,0426,Aqua,MODIS,35,6.2,292.5,22.3,D,0
-25.1662,149.9168,307,2.9,1.6,2014-05-16,0426,Aqua,MODIS,49,6.2,292.2,23.7,D,0
-25.1596,149.9368,307.7,2.9,1.6,2014-05-16,0426,Aqua,MODIS,54,6.2,292.5,25,D,0
-20.7408,139.4755,323.3,1,1,2014-05-16,0428,Aqua,MODIS,63,6.2,303.2,13.3,D,2
-16.4928,132.0813,328.4,2.3,1.5,2014-05-16,0429,Aqua,MODIS,78,6.2,291.5,66.3,D,0
-18.8582,131.0577,326.4,3,1.6,2014-05-16,0429,Aqua,MODIS,76,6.2,302.5,75.4,D,0
-18.8592,131.0527,321.2,3,1.6,2014-05-16,0429,Aqua,MODIS,68,6.2,302.3,48.4,D,0
-18.8554,131.0863,326.8,3,1.6,2014-05-16,0429,Aqua,MODIS,77,6.2,303.9,75.6,D,0
-18.8562,131.0813,329.7,3,1.6,2014-05-16,0429,Aqua,MODIS,80,6.2,303.6,93.1,D,0
-15.0251,128.6334,324.4,4.1,1.9,2014-05-16,0430,Aqua,MODIS,75,6.2,296.5,116.7,D,0
-15.0545,128.6284,316.7,4.1,1.9,2014-05-16,0430,Aqua,MODIS,39,6.2,296.4,58.8,D,0
-15.0376,128.6265,328.3,4.1,1.9,2014-05-16,0430,Aqua,MODIS,80,6.2,296.7,151.1,D,0
-15.0207,128.6247,319.4,4.1,1.9,2014-05-16,0430,Aqua,MODIS,68,6.2,296,82.4,D,0
-13.7859,130.8029,315.4,2.7,1.6,2014-05-16,0430,Aqua,MODIS,52,6.2,291,28,D,0
-15.0906,127.9546,317.5,4.6,2,2014-05-16,0430,Aqua,MODIS,52,6.2,299.1,52,D,0
-15.0949,127.9093,329.9,4.6,2,2014-05-16,0430,Aqua,MODIS,82,6.2,299.6,171.7,D,0
-15.0907,127.9457,322.7,4.6,2,2014-05-16,0430,Aqua,MODIS,74,6.2,299.3,96.8,D,0
-15.0952,127.901,326.8,4.6,2,2014-05-16,0430,Aqua,MODIS,79,6.2,299.4,137.6,D,0
-15.8802,130.2928,327.4,3.1,1.7,2014-05-16,0430,Aqua,MODIS,80,6.2,296.5,97.2,D,0
-15.8826,130.288,325.6,3.1,1.7,2014-05-16,0430,Aqua,MODIS,57,6.2,296.7,81.3,D,0
-13.9282,132.6541,318.2,1.9,1.4,2014-05-16,0430,Aqua,MODIS,54,6.2,298.2,22.9,D,0
-14.0556,132.2464,322.8,2.1,1.4,2014-05-16,0430,Aqua,MODIS,65,6.2,295.6,28.2,D,0
-14.8134,128.033,313,4.5,1.9,2014-05-16,0430,Aqua,MODIS,46,6.2,296,38.9,D,0
-15.0458,128.5968,318.6,4.1,1.9,2014-05-16,0430,Aqua,MODIS,34,6.2,294.8,71.4,D,0
-15.0288,128.595,317.1,4.1,1.9,2014-05-16,0430,Aqua,MODIS,26,6.2,295.6,65.8,D,0
-14.2578,132.3095,328.2,2.1,1.4,2014-05-16,0430,Aqua,MODIS,80,6.2,300.9,46.6,D,0
-15.5949,128.843,315.6,4,1.9,2014-05-16,0430,Aqua,MODIS,44,6.2,296.7,43.5,D,0
-14.8094,128.0745,325.1,4.4,1.9,2014-05-16,0430,Aqua,MODIS,77,6.2,296.4,138.6,D,0
-13.7697,133.1922,334.1,1.7,1.3,2014-05-16,0430,Aqua,MODIS,76,6.2,296.3,57.6,D,0
-13.7814,133.1938,331.2,1.7,1.3,2014-05-16,0430,Aqua,MODIS,83,6.2,293,50.1,D,0
-14.8091,128.0706,325.7,4.4,1.9,2014-05-16,0430,Aqua,MODIS,78,6.2,296.4,142.8,D,0
-15.042,128.6351,320.2,4.1,1.9,2014-05-16,0430,Aqua,MODIS,43,6.2,296.6,81,D,0
-14.9167,131.6584,323.9,2.4,1.5,2014-05-16,0430,Aqua,MODIS,71,6.2,294.5,47.7,D,0
-14.8717,131.6973,317.6,2.3,1.5,2014-05-16,0430,Aqua,MODIS,60,6.2,293,26.1,D,0
-14.8741,131.6752,336.9,2.4,1.5,2014-05-16,0430,Aqua,MODIS,87,6.2,292.5,105.6,D,0
-14.8758,131.6906,328.8,2.3,1.5,2014-05-16,0430,Aqua,MODIS,80,6.2,293.5,66.9,D,0
-14.8784,131.6685,326.9,2.4,1.5,2014-05-16,0430,Aqua,MODIS,78,6.2,292.6,57.9,D,0
-14.586,132.0464,316.3,2.2,1.4,2014-05-16,0430,Aqua,MODIS,44,6.2,294.4,22.1,D,0
-14.5855,132.0621,320.6,2.2,1.4,2014-05-16,0430,Aqua,MODIS,51,6.2,296.3,32.1,D,0
-14.5837,132.0666,318.2,2.2,1.4,2014-05-16,0430,Aqua,MODIS,61,6.2,296.6,26.9,D,0
-15.8232,129.0278,312.8,3.9,1.8,2014-05-16,0430,Aqua,MODIS,42,6.2,292.9,45.1,D,0
-15.6159,128.8497,321.1,4,1.9,2014-05-16,0430,Aqua,MODIS,66,6.2,296.7,83.9,D,0
-15.8283,129.0332,312.5,3.9,1.8,2014-05-16,0430,Aqua,MODIS,45,6.2,291.4,42.6,D,0
-15.6117,128.8446,328.3,4,1.9,2014-05-16,0430,Aqua,MODIS,81,6.2,296.5,140.3,D,0
-14.2647,130.3165,323.2,2.9,1.6,2014-05-16,0430,Aqua,MODIS,74,6.2,295.1,66.7,D,0
-14.2654,134.2476,326.7,1.5,1.2,2014-05-16,0430,Aqua,MODIS,79,6.2,299.7,27.7,D,0
-14.5476,134.0009,327.8,1.6,1.2,2014-05-16,0430,Aqua,MODIS,80,6.2,303.8,29.3,D,0
-14.4397,133.8631,318.9,1.6,1.2,2014-05-16,0430,Aqua,MODIS,25,6.2,300.3,12.7,D,0
-14.2545,134.2462,361.9,1.5,1.2,2014-05-16,0430,Aqua,MODIS,100,6.2,301.7,147.2,D,0
-14.4285,133.9437,317.9,1.6,1.2,2014-05-16,0430,Aqua,MODIS,50,6.2,300,11.2,D,0
-14.4378,133.8709,323.9,1.6,1.2,2014-05-16,0430,Aqua,MODIS,75,6.2,300.5,24.1,D,0
-14.5383,133.985,337.5,1.6,1.2,2014-05-16,0430,Aqua,MODIS,88,6.2,302.7,56.8,D,0
-14.4379,133.8779,321,1.6,1.2,2014-05-16,0430,Aqua,MODIS,58,6.2,300.3,16.9,D,0
-14.2563,134.2325,339.5,1.5,1.2,2014-05-16,0430,Aqua,MODIS,89,6.2,300.5,58.9,D,0
-14.4173,133.9422,338.5,1.6,1.2,2014-05-16,0430,Aqua,MODIS,88,6.2,301.5,60.4,D,0
-14.5494,133.9865,327.3,1.6,1.2,2014-05-16,0430,Aqua,MODIS,79,6.2,302.3,29,D,0
-14.5365,133.9994,322.2,1.6,1.2,2014-05-16,0430,Aqua,MODIS,73,6.2,302.2,18.4,D,0
-14.199,132.1369,321.4,2.1,1.4,2014-05-16,0430,Aqua,MODIS,53,6.2,301.5,22.2,D,0
-14.0754,132.3133,319.7,2.1,1.4,2014-05-16,0430,Aqua,MODIS,38,6.2,297.3,18.9,D,0
-14.0776,132.2945,332.8,2.1,1.4,2014-05-16,0430,Aqua,MODIS,84,6.2,298,63.3,D,0
-14.0739,132.3063,328.3,2.1,1.4,2014-05-16,0430,Aqua,MODIS,81,6.2,296.9,46.1,D,0
-14.0533,132.2656,320.8,2.1,1.4,2014-05-16,0430,Aqua,MODIS,55,6.2,297.9,23.9,D,0
-13.5522,133.0322,321,1.8,1.3,2014-05-16,0430,Aqua,MODIS,60,6.2,287.2,32.5,D,0
-13.65,133.1391,310.4,1.8,1.3,2014-05-16,0430,Aqua,MODIS,0,6.2,272.9,15.7,D,0
-13.4655,132.3992,323.1,2,1.4,2014-05-16,0430,Aqua,MODIS,77,6.2,299.3,31,D,0
-13.4778,132.4012,324.7,2,1.4,2014-05-16,0430,Aqua,MODIS,78,6.2,300.8,35.6,D,0
-13.4717,133.1046,333.1,1.8,1.3,2014-05-16,0430,Aqua,MODIS,73,6.2,286.8,57.5,D,0
-13.46,133.1032,333.3,1.8,1.3,2014-05-16,0430,Aqua,MODIS,44,6.2,289.2,53.1,D,0
-13.4447,133.0617,337.6,1.8,1.3,2014-05-16,0430,Aqua,MODIS,71,6.2,296.6,69.9,D,0
-13.9422,132.4366,326.8,2,1.4,2014-05-16,0430,Aqua,MODIS,49,6.2,296.5,41.1,D,0
-13.9692,132.4215,322.4,2,1.4,2014-05-16,0430,Aqua,MODIS,74,6.2,298.5,34.3,D,0
-15.6513,131.7052,327.9,2.4,1.5,2014-05-16,0430,Aqua,MODIS,80,6.2,300.8,65.5,D,0
-15.6488,131.7274,324.7,2.4,1.5,2014-05-16,0430,Aqua,MODIS,77,6.2,300,53,D,0
-13.9708,132.4268,326,2,1.4,2014-05-16,0430,Aqua,MODIS,78,6.2,296.9,43.4,D,0
-13.4851,131.0395,318.1,2.5,1.5,2014-05-16,0430,Aqua,MODIS,69,6.2,297.5,34.5,D,0
-13.4919,131.0471,316.6,2.5,1.5,2014-05-16,0430,Aqua,MODIS,34,6.2,296.4,27.6,D,0
-13.8261,133.2875,339.9,1.7,1.3,2014-05-16,0430,Aqua,MODIS,90,6.2,298.7,77.7,D,0
-13.8357,133.3047,315.8,1.7,1.3,2014-05-16,0430,Aqua,MODIS,34,6.2,295.6,14.3,D,0
-13.9399,132.455,364.7,2,1.4,2014-05-16,0430,Aqua,MODIS,100,6.2,300.1,245,D,0
-13.9523,132.4566,357.2,2,1.4,2014-05-16,0430,Aqua,MODIS,98,6.2,300.9,189.2,D,0
-13.4425,133.0517,334.1,1.8,1.3,2014-05-16,0430,Aqua,MODIS,61,6.2,294.4,57.6,D,0
-13.8168,132.1787,339.6,2.1,1.4,2014-05-16,0430,Aqua,MODIS,90,6.2,300.3,94.8,D,0
-13.6756,133.0269,326.2,1.8,1.3,2014-05-16,0430,Aqua,MODIS,54,6.2,295.5,38.7,D,0
-13.8145,132.1978,339.9,2.1,1.4,2014-05-16,0430,Aqua,MODIS,90,6.2,299.9,95.2,D,0
-13.7913,133.2832,319.9,1.7,1.3,2014-05-16,0430,Aqua,MODIS,55,6.2,293.5,23.7,D,0
-13.7944,133.2768,321,1.7,1.3,2014-05-16,0430,Aqua,MODIS,25,6.2,291.5,25.4,D,0
-13.8169,132.1837,353.2,2.1,1.4,2014-05-16,0430,Aqua,MODIS,97,6.2,300.6,172.8,D,0
-13.1453,132.0308,342.2,2.1,1.4,2014-05-16,0430,Aqua,MODIS,91,6.2,300.4,104.1,D,0
-13.143,132.05,331.8,2.1,1.4,2014-05-16,0430,Aqua,MODIS,85,6.2,301.3,59.5,D,0
-14.0051,132.2336,321,2.1,1.4,2014-05-16,0430,Aqua,MODIS,54,6.2,299.8,22,D,0
-14.0053,132.2387,322.8,2.1,1.4,2014-05-16,0430,Aqua,MODIS,69,6.2,300.1,27.6,D,0
-13.8147,132.2029,326.7,2.1,1.4,2014-05-16,0430,Aqua,MODIS,79,6.2,299.4,41.8,D,0
-13.5586,133.0382,316.5,1.8,1.3,2014-05-16,0430,Aqua,MODIS,32,6.2,285.3,21.5,D,0
-13.8346,132.3595,331.9,2,1.4,2014-05-16,0430,Aqua,MODIS,84,6.2,299,61.2,D,0
-13.8448,132.3799,325.5,2,1.4,2014-05-16,0430,Aqua,MODIS,78,6.2,299.9,40.1,D,0
-13.8324,132.3783,354.2,2,1.4,2014-05-16,0430,Aqua,MODIS,97,6.2,302.2,174.5,D,0
-13.1546,131.9533,324,2.1,1.4,2014-05-16,0430,Aqua,MODIS,63,6.2,299.1,28,D,0
-13.1522,131.9728,329.9,2.1,1.4,2014-05-16,0430,Aqua,MODIS,83,6.2,299.4,48.5,D,0
-13.1499,131.9922,345.2,2.1,1.4,2014-05-16,0430,Aqua,MODIS,93,6.2,300.9,119.6,D,0
-13.2241,132.8869,324.7,1.8,1.3,2014-05-16,0430,Aqua,MODIS,78,6.2,288.8,42.8,D,0
-13.2221,132.9035,313.4,1.8,1.3,2014-05-16,0430,Aqua,MODIS,27,6.2,289.8,16.9,D,0
-14.0523,132.1666,321.9,2.1,1.4,2014-05-16,0430,Aqua,MODIS,62,6.2,299,27.5,D,0
-14.1615,132.1271,326.3,2.1,1.4,2014-05-16,0430,Aqua,MODIS,75,6.2,299.9,37.9,D,0
-13.9479,132.4931,319,2,1.4,2014-05-16,0430,Aqua,MODIS,38,6.2,297.5,23.2,D,0
-13.9501,132.4749,322.9,2,1.4,2014-05-16,0430,Aqua,MODIS,69,6.2,295,32.7,D,0
-14.2565,132.3024,327,2.1,1.4,2014-05-16,0430,Aqua,MODIS,79,6.2,300.4,43.7,D,0
-13.4948,133.2044,360.2,1.7,1.3,2014-05-16,0430,Aqua,MODIS,87,6.2,295.2,178.8,D,0
-13.518,133.2073,320.2,1.7,1.3,2014-05-16,0430,Aqua,MODIS,37,6.2,287.9,29.2,D,0
-13.5506,133.2007,314.2,1.7,1.3,2014-05-16,0430,Aqua,MODIS,60,6.2,285.4,19.8,D,0
-14.1277,131.6394,316.4,2.3,1.5,2014-05-16,0430,Aqua,MODIS,39,6.2,297.9,19,D,0
-14.1302,131.6179,324,2.3,1.5,2014-05-16,0430,Aqua,MODIS,75,6.2,298.5,42.8,D,0
-14.1328,131.5963,324.6,2.3,1.5,2014-05-16,0430,Aqua,MODIS,65,6.2,299.7,41.2,D,0
-33.7387,115.173,309.3,1.2,1.1,2014-05-16,0603,Aqua,MODIS,68,6.2,292.5,11,D,0
-33.8135,117.3416,334.8,1,1,2014-05-16,0603,Aqua,MODIS,89,6.2,295.3,34.1,D,0
-33.8529,117.2577,309.2,1,1,2014-05-16,0603,Aqua,MODIS,68,6.2,294.7,6.3,D,0
-34.2131,117.2362,307.6,1,1,2014-05-16,0603,Aqua,MODIS,25,6.2,295.1,6,D,0
-33.5004,116.0615,317.4,1.1,1.1,2014-05-16,0603,Aqua,MODIS,59,6.2,282.4,18.3,D,0
-33.5241,117.7849,304.5,1,1,2014-05-16,0603,Aqua,MODIS,33,6.2,286.9,5.5,D,0
-33.4071,116.7259,304.2,1.1,1,2014-05-16,0603,Aqua,MODIS,42,6.2,291,5.2,D,0
-33.5477,117.4075,327.7,1,1,2014-05-16,0603,Aqua,MODIS,85,6.2,295.2,24,D,0
-34.1732,118.1998,327.6,1,1,2014-05-16,0603,Aqua,MODIS,85,6.2,293.1,22.3,D,0
-34.1748,118.1889,364.6,1,1,2014-05-16,0603,Aqua,MODIS,100,6.2,299.6,96.2,D,0
-34.1657,118.1871,372.3,1,1,2014-05-16,0603,Aqua,MODIS,100,6.2,300.9,121.2,D,0
-33.3491,117.3114,319.1,1,1,2014-05-16,0603,Aqua,MODIS,70,6.2,290.9,13.8,D,0
-33.3476,117.3225,340.8,1,1,2014-05-16,0603,Aqua,MODIS,92,6.2,291.1,43,D,0
-34.06,117.2695,321.8,1,1,2014-05-16,0603,Aqua,MODIS,77,6.2,296.1,17.4,D,0
-33.9601,117.0647,310.6,1,1,2014-05-16,0603,Aqua,MODIS,65,6.2,292.3,8,D,0
-33.9691,116.9966,327.1,1,1,2014-05-16,0603,Aqua,MODIS,85,6.2,295.6,24.3,D,0
-33.5462,117.4185,310.3,1,1,2014-05-16,0603,Aqua,MODIS,70,6.2,293,7.1,D,0
-34.0614,117.2583,327.6,1,1,2014-05-16,0603,Aqua,MODIS,74,6.2,296,24.1,D,0
-34.0545,117.2628,316.4,1,1,2014-05-16,0603,Aqua,MODIS,77,6.2,295.8,13.2,D,0
-33.9276,117.381,321.3,1,1,2014-05-16,0603,Aqua,MODIS,81,6.2,294.5,16.6,D,0
-33.9261,117.3921,308.4,1,1,2014-05-16,0603,Aqua,MODIS,60,6.2,290.3,5.6,D,0
-33.8121,117.3527,327,1,1,2014-05-16,0603,Aqua,MODIS,85,6.2,295.3,23.7,D,0
-33.882,115.9306,347,1.1,1.1,2014-05-16,0603,Aqua,MODIS,95,6.2,288.9,64.9,D,0
-34.3033,117.0257,300.5,1.1,1,2014-05-16,0603,Aqua,MODIS,31,6.2,286.1,4.8,D,0
-33.7107,116.8014,306.6,1.1,1,2014-05-16,0603,Aqua,MODIS,64,6.2,293.3,5.2,D,0
-33.5865,117.3876,312.7,1,1,2014-05-16,0603,Aqua,MODIS,73,6.2,294.2,8.9,D,0
-33.7122,116.7899,308.4,1.1,1,2014-05-16,0603,Aqua,MODIS,67,6.2,293.8,6.5,D,0
-34.535,118.039,308.5,1,1,2014-05-16,0603,Aqua,MODIS,67,6.2,296.1,5.2,D,0
-34.4195,116.0998,304.7,1.1,1.1,2014-05-16,0603,Aqua,MODIS,60,6.2,290.7,7.7,D,0
-33.543,117.0186,305.1,1,1,2014-05-16,0603,Aqua,MODIS,60,6.2,293.2,4.5,D,0
-33.9059,120.2436,312.5,1.1,1,2014-05-16,0603,Aqua,MODIS,36,6.2,290.9,11.2,D,0
-33.8983,120.2468,306.7,1.1,1,2014-05-16,0603,Aqua,MODIS,37,6.2,287.7,7.4,D,0
-33.9001,120.2355,303.8,1.1,1,2014-05-16,0603,Aqua,MODIS,32,6.2,287.3,5.8,D,0
-33.8697,117.3925,304,1,1,2014-05-16,0603,Aqua,MODIS,51,6.2,290.3,3.8,D,0
-33.9055,117.1931,308.9,1,1,2014-05-16,0603,Aqua,MODIS,50,6.2,294.3,7.3,D,0
-33.9586,117.0761,306.7,1,1,2014-05-16,0603,Aqua,MODIS,53,6.2,294.5,5,D,0
-33.8514,117.2688,309.4,1,1,2014-05-16,0603,Aqua,MODIS,69,6.2,294.3,6.4,D,0
-32.8026,121.7499,311.2,1.2,1.1,2014-05-16,0603,Aqua,MODIS,67,6.2,272.6,15.4,D,0
-33.7393,121.2651,314.2,1.1,1.1,2014-05-16,0603,Aqua,MODIS,66,6.2,290.7,13.2,D,0
-33.8201,120.6213,323.4,1.1,1,2014-05-16,0603,Aqua,MODIS,0,6.2,287.6,20.1,D,0
-33.3646,121.9457,300.3,1.2,1.1,2014-05-16,0603,Aqua,MODIS,26,6.2,281.7,5.9,D,0
-33.4425,119.5527,307,1,1,2014-05-16,0603,Aqua,MODIS,60,6.2,287.9,6.3,D,0
-32.7402,117.2086,310,1,1,2014-05-16,0604,Aqua,MODIS,69,6.2,294.2,5.9,D,0
-31.2303,116.4872,317.4,1,1,2014-05-16,0604,Aqua,MODIS,72,6.2,296,11.5,D,0
-31.2318,116.4763,319.8,1,1,2014-05-16,0604,Aqua,MODIS,76,6.2,296.3,13.8,D,0
-30.8564,116.6825,311.4,1,1,2014-05-16,0604,Aqua,MODIS,63,6.2,296.2,6.7,D,0
-30.855,116.6932,310.7,1,1,2014-05-16,0604,Aqua,MODIS,59,6.2,297.8,6.1,D,0
-32.7828,116.8896,309.3,1,1,2014-05-16,0604,Aqua,MODIS,59,6.2,292.9,8,D,0
-32.7814,116.9007,304.5,1,1,2014-05-16,0604,Aqua,MODIS,37,6.2,291.8,4.7,D,0
-32.3653,117.3346,318.9,1,1,2014-05-16,0604,Aqua,MODIS,78,6.2,295.4,12.7,D,0
-32.3744,117.3363,316.5,1,1,2014-05-16,0604,Aqua,MODIS,67,6.2,295.4,10.4,D,0
-31.7694,118.1046,311.1,1,1,2014-05-16,0604,Aqua,MODIS,46,6.2,296.6,5.1,D,0
-31.7784,118.1064,313.6,1,1,2014-05-16,0604,Aqua,MODIS,70,6.2,296.1,7.4,D,0
-31.7769,118.1169,310.1,1,1,2014-05-16,0604,Aqua,MODIS,48,6.2,297.2,4.5,D,0
-31.8131,117.9939,319.8,1,1,2014-05-16,0604,Aqua,MODIS,77,6.2,298.4,12.4,D,0
-31.8116,118.0044,317,1,1,2014-05-16,0604,Aqua,MODIS,74,6.2,296.6,9.6,D,0
-32.7791,117.4559,310.9,1,1,2014-05-16,0604,Aqua,MODIS,48,6.2,288.1,9,D,0
-32.7896,117.4469,330.6,1,1,2014-05-16,0604,Aqua,MODIS,87,6.2,291.7,29.5,D,0
-32.7881,117.4577,313.5,1,1,2014-05-16,0604,Aqua,MODIS,60,6.2,290.9,11.3,D,0
-31.5526,117.9567,310.4,1,1,2014-05-16,0604,Aqua,MODIS,62,6.2,298,4.9,D,0
-32.4871,117.5802,373.8,1,1,2014-05-16,0604,Aqua,MODIS,100,6.2,296.9,126.7,D,0
-32.4886,117.5695,339.2,1,1,2014-05-16,0604,Aqua,MODIS,91,6.2,296.5,38.5,D,0
-32.5952,117.2525,305,1,1,2014-05-16,0604,Aqua,MODIS,42,6.2,289.4,6,D,0
-32.5937,117.2633,311.3,1,1,2014-05-16,0604,Aqua,MODIS,70,6.2,287.2,10.9,D,0
-31.2059,116.6717,308.1,1,1,2014-05-16,0604,Aqua,MODIS,47,6.2,292,5.7,D,0
-31.2073,116.6609,327.2,1,1,2014-05-16,0604,Aqua,MODIS,83,6.2,292.8,24.1,D,0
-32.5,117.3507,321.9,1,1,2014-05-16,0604,Aqua,MODIS,78,6.2,296.3,15.6,D,0
-32.4985,117.3615,328.7,1,1,2014-05-16,0604,Aqua,MODIS,81,6.2,296.3,23.1,D,0
-32.7014,117.8165,330.2,1,1,2014-05-16,0604,Aqua,MODIS,86,6.2,295.3,25.5,D,0
-32.7104,117.8183,318.1,1,1,2014-05-16,0604,Aqua,MODIS,77,6.2,295.8,12.7,D,0
-30.4927,116.1885,310,1,1,2014-05-16,0604,Aqua,MODIS,54,6.2,298.2,4.7,D,0
-31.9155,116.5882,312.4,1,1,2014-05-16,0604,Aqua,MODIS,47,6.2,292.5,9.7,D,0
-32.4786,116.1145,324.6,1.1,1,2014-05-16,0604,Aqua,MODIS,63,6.2,290,26,D,0
-32.6055,116.8441,307.9,1,1,2014-05-16,0604,Aqua,MODIS,66,6.2,296.3,4.9,D,0
-33.1871,117.2906,312.5,1,1,2014-05-16,0604,Aqua,MODIS,73,6.2,289.5,10.8,D,0
-33.2234,116.6563,302,1.1,1,2014-05-16,0604,Aqua,MODIS,45,6.2,284.3,3.4,D,0
-31.9141,116.5993,321.2,1,1,2014-05-16,0604,Aqua,MODIS,75,6.2,290.7,17.9,D,0
-33.245,115.7506,312.8,1.1,1.1,2014-05-16,0604,Aqua,MODIS,70,6.2,287.9,12.4,D,0
-33.2336,116.7974,306.3,1,1,2014-05-16,0604,Aqua,MODIS,63,6.2,292.5,5.2,D,0
-33.2454,116.7069,338.7,1.1,1,2014-05-16,0604,Aqua,MODIS,91,6.2,291.6,42.9,D,0
-33.2469,116.6955,337.4,1.1,1,2014-05-16,0604,Aqua,MODIS,90,6.2,289.8,40.9,D,0
-32.1085,118.806,308.2,1,1,2014-05-16,0604,Aqua,MODIS,47,6.2,295.7,4.7,D,0
-31.6556,118.1955,309.4,1,1,2014-05-16,0604,Aqua,MODIS,62,6.2,297.9,4.2,D,0
-31.5394,116.7299,314.9,1,1,2014-05-16,0604,Aqua,MODIS,61,6.2,296.1,10,D,0
-31.5408,116.719,320.3,1,1,2014-05-16,0604,Aqua,MODIS,77,6.2,296.4,14.9,D,0
-32.7904,117.8408,324,1,1,2014-05-16,0604,Aqua,MODIS,82,6.2,294.5,19.2,D,0
-32.7812,117.8433,304.9,1,1,2014-05-16,0604,Aqua,MODIS,34,6.2,292.3,4.9,D,0
-33.2327,116.658,333.9,1.1,1,2014-05-16,0604,Aqua,MODIS,89,6.2,288.3,35.7,D,0
-33.2342,116.6466,354.9,1.1,1,2014-05-16,0604,Aqua,MODIS,98,6.2,293.3,78.3,D,0
-28.9536,115.1238,316.2,1.1,1,2014-05-16,0605,Aqua,MODIS,43,6.2,298.3,9.4,D,0
-28.9459,115.26,315,1.1,1,2014-05-16,0605,Aqua,MODIS,68,6.2,301.6,6.8,D,0
-28.9274,115.1359,321.1,1.1,1,2014-05-16,0605,Aqua,MODIS,77,6.2,299.3,14.9,D,0
-29.1575,115.2617,315.9,1.1,1,2014-05-16,0605,Aqua,MODIS,69,6.2,302.1,8.2,D,0
-28.9333,115.132,315.4,1.1,1,2014-05-16,0605,Aqua,MODIS,32,6.2,299,8.3,D,0
-28.963,115.1254,347.2,1.1,1,2014-05-16,0605,Aqua,MODIS,94,6.2,300.1,58.4,D,0
-29.1589,115.2505,314.1,1.1,1,2014-05-16,0605,Aqua,MODIS,60,6.2,302.4,6.2,D,0
-28.9616,115.1367,313,1.1,1,2014-05-16,0605,Aqua,MODIS,28,6.2,299.3,6.2,D,0
-29.5573,115.485,324.1,1.1,1,2014-05-16,0605,Aqua,MODIS,79,6.2,301.9,17,D,0
-20.7338,139.474,301.6,2.3,1.5,2014-05-16,1353,Terra,MODIS,42,6.2,289.2,16.1,N,2
-18.8495,131.0341,310,1,1,2014-05-16,1354,Terra,MODIS,79,6.2,292.4,9.7,N,0
-18.8468,131.0533,329.7,1,1,2014-05-16,1354,Terra,MODIS,100,6.2,294.5,28.7,N,0
-18.8481,131.0437,327.4,1,1,2014-05-16,1354,Terra,MODIS,100,6.2,294.2,26.2,N,0
-16.4769,132.1318,310.1,1,1,2014-05-16,1354,Terra,MODIS,55,6.2,292.1,8.3,N,0
-16.4692,132.1208,326,1,1,2014-05-16,1354,Terra,MODIS,100,6.2,291.5,23.3,N,0
-16.4616,132.1099,326.4,1,1,2014-05-16,1354,Terra,MODIS,100,6.2,287.7,23.3,N,0
-16.463,132.1004,320.6,1,1,2014-05-16,1354,Terra,MODIS,99,6.2,282.1,17.6,N,0
-16.4539,132.099,349.9,1,1,2014-05-16,1354,Terra,MODIS,100,6.2,286.8,62.6,N,0
-16.4553,132.0895,319.5,1,1,2014-05-16,1354,Terra,MODIS,99,6.2,282.6,17.1,N,0
-16.9001,130.8499,305.6,1,1,2014-05-16,1354,Terra,MODIS,65,6.2,292.2,5.4,N,0
-16.9014,130.8405,308,1,1,2014-05-16,1354,Terra,MODIS,73,6.2,291.9,6.8,N,0
-16.4464,132.0918,305.4,1,1,2014-05-16,1354,Terra,MODIS,64,6.2,287.7,6.5,N,0
-16.3283,126.8116,304.5,1.5,1.2,2014-05-16,1354,Terra,MODIS,55,6.2,292.1,10,N,0
-16.3298,126.818,305.2,1.5,1.2,2014-05-16,1354,Terra,MODIS,34,6.2,292.1,10.1,N,0
-15.8848,130.2262,304.4,1,1,2014-05-16,1354,Terra,MODIS,60,6.2,293.9,5.4,N,0
-16.3315,126.8038,302.1,1.5,1.2,2014-05-16,1354,Terra,MODIS,16,6.2,291.6,7,N,0
-15.8896,130.2526,303.7,1,1,2014-05-16,1354,Terra,MODIS,6,6.2,293.4,4.9,N,0
-14.8131,128.0738,310.4,1.2,1.1,2014-05-16,1355,Terra,MODIS,48,6.2,295.1,9,N,0
-14.823,128.075,309.2,1.2,1.1,2014-05-16,1355,Terra,MODIS,55,6.2,294.7,8.2,N,0
-15.5832,128.8674,308.5,1.1,1.1,2014-05-16,1355,Terra,MODIS,52,6.2,294.6,6.5,N,0
-15.874,126.8125,307.3,1.5,1.2,2014-05-16,1355,Terra,MODIS,24,6.2,292.2,12.1,N,0
-15.559,127.7358,307.5,1.3,1.1,2014-05-16,1355,Terra,MODIS,72,6.2,295.7,8.1,N,0
-15.5818,128.8777,307.4,1.1,1.1,2014-05-16,1355,Terra,MODIS,17,6.2,294.4,5.6,N,0
-14.8117,128.0849,308.4,1.2,1.1,2014-05-16,1355,Terra,MODIS,16,6.2,294.7,7.1,N,0
-14.7786,128.0978,307,1.2,1.1,2014-05-16,1355,Terra,MODIS,69,6.2,293.4,7.2,N,0
-15.8906,126.8578,304,1.5,1.2,2014-05-16,1355,Terra,MODIS,39,6.2,293.6,7.8,N,0
-15.9574,125.735,306.5,1.8,1.3,2014-05-16,1355,Terra,MODIS,66,6.2,293.1,12.3,N,0
-15.0839,128.9545,327.3,1.1,1,2014-05-16,1355,Terra,MODIS,100,6.2,294.1,28.6,N,0
-15.8702,126.8209,304.5,1.5,1.2,2014-05-16,1355,Terra,MODIS,29,6.2,293.1,9.3,N,0
-15.0826,128.9647,318.8,1.1,1,2014-05-16,1355,Terra,MODIS,98,6.2,293.3,18.2,N,0
-15.1092,128.0647,304.6,1.2,1.1,2014-05-16,1355,Terra,MODIS,52,6.2,294.4,5.5,N,0
-14.1257,131.6022,306.1,1,1,2014-05-16,1355,Terra,MODIS,67,6.2,293.6,5.7,N,0
-13.4588,133.0898,306.3,1.2,1.1,2014-05-16,1355,Terra,MODIS,68,6.2,291.8,6.7,N,0
-14.1243,131.6116,306.8,1,1,2014-05-16,1355,Terra,MODIS,69,6.2,293.3,6,N,0
-16.1806,124.475,313.8,2.3,1.5,2014-05-16,1355,Terra,MODIS,88,6.2,290.3,36.9,N,0
-15.725,128.8139,305.9,1.1,1.1,2014-05-16,1355,Terra,MODIS,54,6.2,295.2,6.3,N,0
-15.8259,129.0373,309.6,1.1,1.1,2014-05-16,1355,Terra,MODIS,78,6.2,295.5,8.4,N,0
-16.1783,124.4958,313.6,2.2,1.5,2014-05-16,1355,Terra,MODIS,87,6.2,291.6,36.4,N,0
-15.7264,128.8032,306.6,1.1,1.1,2014-05-16,1355,Terra,MODIS,53,6.2,293.9,6.7,N,0
-15.4245,129.007,307.4,1.1,1.1,2014-05-16,1355,Terra,MODIS,71,6.2,291.5,8.8,N,0
-16.0115,126.0458,309.2,1.7,1.3,2014-05-16,1355,Terra,MODIS,77,6.2,292.5,17.6,N,0
-14.8595,131.6769,305.5,1,1,2014-05-16,1355,Terra,MODIS,65,6.2,294.2,4.7,N,0
-14.8066,131.6625,311.3,1,1,2014-05-16,1355,Terra,MODIS,46,6.2,295.1,7.8,N,0
-14.5919,132.0616,303.7,1,1,2014-05-16,1355,Terra,MODIS,56,6.2,293.5,4.5,N,0
-14.5934,132.0521,304.2,1,1,2014-05-16,1355,Terra,MODIS,59,6.2,293.4,5.1,N,0
-25.1618,149.9314,301.2,1,1,2014-05-16,1523,Aqua,MODIS,39,6.2,286.7,6.6,N,0
-25.9638,148.3658,306,1,1,2014-05-16,1524,Aqua,MODIS,67,6.2,282.5,10.3,N,0
-37.351,147.7372,303.6,1.1,1,2014-05-16,1527,Aqua,MODIS,48,6.2,275.4,9.7,N,0
-34.4237,115.9478,301.9,1.4,1.2,2014-05-16,1528,Terra,MODIS,45,6.2,284.2,12.4,N,0
-14.8821,126.9435,303.5,1,1,2014-05-16,1659,Aqua,MODIS,55,6.2,292.9,4.9,N,0
-14.9471,126.8864,311.5,1,1,2014-05-16,1659,Aqua,MODIS,83,6.2,292.5,10.2,N,0
-14.9485,126.8956,303.8,1,1,2014-05-16,1659,Aqua,MODIS,57,6.2,292.5,5.1,N,0
-14.1245,131.6218,303.4,1.6,1.2,2014-05-16,1659,Aqua,MODIS,55,6.2,292.6,8.7,N,0
-14.1252,131.6161,304,1.6,1.2,2014-05-16,1659,Aqua,MODIS,34,6.2,292.8,8.2,N,0
-14.1226,131.6074,303.6,1.6,1.2,2014-05-16,1659,Aqua,MODIS,56,6.2,292.8,9,N,0
-15.9639,125.7922,306.8,1,1,2014-05-16,1700,Aqua,MODIS,69,6.2,292.8,6.3,N,0
-16.2415,126.3575,302.4,1,1,2014-05-16,1700,Aqua,MODIS,49,6.2,291.2,5.1,N,0
-15.9943,126.0562,308,1,1,2014-05-16,1700,Aqua,MODIS,73,6.2,292.5,7.2,N,0
-16.0033,126.0548,313.4,1,1,2014-05-16,1700,Aqua,MODIS,79,6.2,292.8,11.1,N,0
-16.0123,126.0534,305.1,1,1,2014-05-16,1700,Aqua,MODIS,18,6.2,290.8,5.5,N,0
-16.2401,126.3482,307,1,1,2014-05-16,1700,Aqua,MODIS,70,6.2,292.1,7.7,N,0
-15.9957,126.0655,305.8,1,1,2014-05-16,1700,Aqua,MODIS,64,6.2,292.2,5.8,N,0
-16.459,132.1179,301.7,1.9,1.3,2014-05-16,1700,Aqua,MODIS,24,6.2,288.8,11.1,N,0
-16.2505,124.4312,309,1.1,1.1,2014-05-16,1700,Aqua,MODIS,76,6.2,292.3,8.3,N,0
-16.2347,124.4289,310.4,1.1,1.1,2014-05-16,1700,Aqua,MODIS,63,6.2,292.5,10.1,N,0
-16.2394,124.4224,313.6,1.1,1.1,2014-05-16,1700,Aqua,MODIS,23,6.2,293.1,11.1,N,0
-16.241,124.4328,321,1.1,1.1,2014-05-16,1700,Aqua,MODIS,100,6.2,293,19.1,N,0
-16.1768,124.4916,303,1.1,1,2014-05-16,1700,Aqua,MODIS,45,6.2,286.2,5.4,N,0
-19.0052,126.4399,304.2,1,1,2014-05-16,1701,Aqua,MODIS,59,6.2,284.4,6.9,N,0
-17.1704,140.9614,319.4,1.1,1.1,2014-05-17,0046,Terra,MODIS,61,6.2,301,9.4,D,0
-17.0708,136.9391,316,2.1,1.4,2014-05-17,0046,Terra,MODIS,65,6.2,298.4,19.7,D,0
-17.0744,136.9586,314.2,2.1,1.4,2014-05-17,0046,Terra,MODIS,60,6.2,298.2,15,D,0
-16.8428,136.92,323.6,2.1,1.4,2014-05-17,0046,Terra,MODIS,77,6.2,298.3,42.2,D,0
-16.8554,136.9178,315.9,2.1,1.4,2014-05-17,0046,Terra,MODIS,57,6.2,298.7,18.5,D,0
-16.8425,136.914,320.7,2.1,1.4,2014-05-17,0046,Terra,MODIS,72,6.2,298.4,31.2,D,0
-17.0758,137.0377,316.5,2.1,1.4,2014-05-17,0046,Terra,MODIS,66,6.2,298.6,19.3,D,0
-14.5498,133.9972,307.7,3.9,1.8,2014-05-17,0046,Terra,MODIS,42,6.2,291.4,31.2,D,0
-15.3669,141.8092,316,1.1,1,2014-05-17,0046,Terra,MODIS,64,6.2,300.5,7.7,D,0
-14.5614,134.0025,307.8,3.9,1.8,2014-05-17,0046,Terra,MODIS,49,6.2,291.5,33,D,0
-20.7347,139.4733,317.3,1.2,1.1,2014-05-17,0047,Terra,MODIS,50,6.2,301.9,8.8,D,2
-25.6864,148.6632,311.9,2.3,1.5,2014-05-17,0048,Terra,MODIS,67,6.2,295.4,26,D,0
-25.1523,149.9456,305.1,2.8,1.6,2014-05-17,0048,Terra,MODIS,56,6.2,292.7,18.4,D,0
-25.1538,149.9386,303,2.8,1.6,2014-05-17,0048,Terra,MODIS,29,6.2,292.7,12.7,D,0
-25.6883,148.645,321,2.3,1.5,2014-05-17,0048,Terra,MODIS,78,6.2,294.3,53.3,D,0
-25.6842,148.6401,319.1,2.3,1.5,2014-05-17,0048,Terra,MODIS,76,6.2,293.7,46.3,D,0
-28.8034,150.0127,310,3.1,1.7,2014-05-17,0049,Terra,MODIS,64,6.2,297.2,25.4,D,0
-29.3078,148.3137,310.8,2.4,1.5,2014-05-17,0049,Terra,MODIS,65,6.2,293.2,24.1,D,0
-29.1934,148.9197,313.9,2.7,1.6,2014-05-17,0049,Terra,MODIS,70,6.2,294.4,35.3,D,0
-29.31,148.3388,316.4,2.4,1.5,2014-05-17,0049,Terra,MODIS,74,6.2,293.6,39.8,D,0
-34.6607,144.2602,327,1.5,1.2,2014-05-17,0051,Terra,MODIS,84,6.2,295.7,41.8,D,0
-38.2542,142.4522,313.5,1.4,1.2,2014-05-17,0052,Terra,MODIS,74,6.2,290,19.4,D,0
-37.598,140.969,320.1,1.1,1.1,2014-05-17,0052,Terra,MODIS,80,6.2,287,22,D,0
-37.5965,140.9561,302.2,1.1,1.1,2014-05-17,0052,Terra,MODIS,34,6.2,283.9,5.8,D,0
-37.5884,140.9709,332.9,1.1,1.1,2014-05-17,0052,Terra,MODIS,88,6.2,289.4,38.8,D,0
-15.2013,126.7751,319.8,2.7,1.6,2014-05-17,0224,Terra,MODIS,70,6.2,297.7,35.8,D,0
-15.5903,128.8568,316.9,3.9,1.8,2014-05-17,0224,Terra,MODIS,64,6.2,294,45.8,D,0
-15.5867,128.8214,319,3.9,1.8,2014-05-17,0224,Terra,MODIS,68,6.2,294.6,56.9,D,0
-14.7075,126.4271,317.3,2.5,1.5,2014-05-17,0224,Terra,MODIS,65,6.2,295.6,33.3,D,0
-14.9435,126.9011,321.8,2.7,1.6,2014-05-17,0224,Terra,MODIS,56,6.2,295.2,43.1,D,0
-14.9751,126.8902,330,2.7,1.6,2014-05-17,0224,Terra,MODIS,82,6.2,296.5,89.6,D,0
-14.972,126.8973,323,2.7,1.6,2014-05-17,0224,Terra,MODIS,59,6.2,296.6,49.9,D,0
-15.8891,126.8592,325.8,2.8,1.6,2014-05-17,0224,Terra,MODIS,78,6.2,297.2,64.3,D,0
-15.8912,126.8521,328.7,2.8,1.6,2014-05-17,0224,Terra,MODIS,81,6.2,297,80.2,D,0
-14.9779,126.9157,316.6,2.8,1.6,2014-05-17,0224,Terra,MODIS,50,6.2,295.8,28.2,D,0
-15.1027,128.0516,319.5,3.4,1.7,2014-05-17,0224,Terra,MODIS,53,6.2,294.2,46.7,D,0
-15.1961,126.4245,312.8,2.5,1.5,2014-05-17,0224,Terra,MODIS,47,6.2,295.9,18.4,D,0
-14.9515,127.6458,319.6,3.1,1.7,2014-05-17,0224,Terra,MODIS,63,6.2,292.8,49.2,D,0
-15.5767,127.7141,341.1,3.2,1.7,2014-05-17,0224,Terra,MODIS,90,6.2,295.5,198.9,D,0
-15.0975,128.0446,317,3.4,1.7,2014-05-17,0224,Terra,MODIS,49,6.2,294.2,33.5,D,0
-13.8292,130.2683,319.6,4.8,2,2014-05-17,0224,Terra,MODIS,55,6.2,294.2,97.2,D,0
-15.259,126.7374,314.8,2.7,1.6,2014-05-17,0224,Terra,MODIS,47,6.2,297.1,21.9,D,0
-15.8717,126.835,317.6,2.8,1.6,2014-05-17,0224,Terra,MODIS,26,6.2,297.2,25,D,0
-15.8861,126.8334,321.3,2.8,1.6,2014-05-17,0224,Terra,MODIS,69,6.2,296.2,41.9,D,0
-14.5826,127.0444,313.5,2.8,1.6,2014-05-17,0224,Terra,MODIS,41,6.2,288.4,22.6,D,0
-15.0687,126.7027,326.3,2.7,1.6,2014-05-17,0224,Terra,MODIS,78,6.2,296,65.8,D,0
-15.0717,126.728,317,2.7,1.6,2014-05-17,0224,Terra,MODIS,35,6.2,296.4,25.8,D,0
-15.0731,126.6965,316.5,2.7,1.6,2014-05-17,0224,Terra,MODIS,34,6.2,295.8,26.4,D,0
-15.0759,126.7219,317.5,2.7,1.6,2014-05-17,0224,Terra,MODIS,55,6.2,296.3,28.7,D,0
-14.8668,126.8593,324.6,2.7,1.6,2014-05-17,0224,Terra,MODIS,55,6.2,294.9,58,D,0
-14.863,126.8651,323.1,2.7,1.6,2014-05-17,0224,Terra,MODIS,54,6.2,295.8,53,D,0
-14.8601,126.8394,320.5,2.7,1.6,2014-05-17,0224,Terra,MODIS,35,6.2,295.7,41.8,D,0
-14.9498,127.6407,320.4,3.1,1.7,2014-05-17,0224,Terra,MODIS,35,6.2,293.8,50.2,D,0
-13.8277,130.2637,317.6,4.8,2,2014-05-17,0224,Terra,MODIS,39,6.2,294.2,81.7,D,0
-14.2734,130.0551,317.9,4.7,2,2014-05-17,0224,Terra,MODIS,69,6.2,294.6,86,D,0
-14.2746,130.0617,323,4.7,2,2014-05-17,0224,Terra,MODIS,75,6.2,294.7,126.9,D,0
-15.7485,128.9786,315.9,4.1,1.9,2014-05-17,0224,Terra,MODIS,59,6.2,294.8,48.9,D,0
-14.2776,130.0963,313.3,4.7,2,2014-05-17,0224,Terra,MODIS,36,6.2,293.8,54.9,D,0
-15.7521,129.0151,313.6,4.1,1.9,2014-05-17,0224,Terra,MODIS,35,6.2,294.8,33.3,D,0
-15.7784,127.7953,315.6,3.3,1.7,2014-05-17,0224,Terra,MODIS,59,6.2,296.4,29.2,D,0
-15.7442,128.9852,319.4,4.1,1.9,2014-05-17,0224,Terra,MODIS,69,6.2,295.3,72.1,D,0
-15.7992,124.9919,321.2,2,1.4,2014-05-17,0225,Terra,MODIS,72,6.2,297.4,30.2,D,0
-16.2369,124.4348,324.9,1.9,1.3,2014-05-17,0225,Terra,MODIS,73,6.2,297.1,37.5,D,0
-16.2681,124.442,316.1,1.9,1.3,2014-05-17,0225,Terra,MODIS,50,6.2,297.6,16.1,D,0
-16.169,124.4781,320.1,1.9,1.3,2014-05-17,0225,Terra,MODIS,54,6.2,296.7,28.2,D,0
-16.2421,124.4283,328.3,1.9,1.3,2014-05-17,0225,Terra,MODIS,70,6.2,297.6,46.5,D,0
-16.0202,125.1057,317.7,2.1,1.4,2014-05-17,0225,Terra,MODIS,66,6.2,296.5,23.8,D,0
-16.0225,125.1249,328,2.1,1.4,2014-05-17,0225,Terra,MODIS,80,6.2,298.6,56.2,D,0
-17.1736,126.4095,319.5,2.7,1.6,2014-05-17,0225,Terra,MODIS,56,6.2,300.7,30.4,D,0
-15.963,125.7322,317.1,2.3,1.5,2014-05-17,0225,Terra,MODIS,65,6.2,296.8,28.2,D,0
-15.9655,125.7543,315.9,2.3,1.5,2014-05-17,0225,Terra,MODIS,62,6.2,296.1,25,D,0
-17.184,126.4137,317.2,2.7,1.6,2014-05-17,0225,Terra,MODIS,39,6.2,299.3,21.3,D,0
-16.2065,126.2855,319.7,2.6,1.5,2014-05-17,0225,Terra,MODIS,70,6.2,297.5,40.5,D,0
-16.2038,126.2614,318,2.5,1.5,2014-05-17,0225,Terra,MODIS,67,6.2,296.2,35.6,D,0
-15.9535,125.7407,316.9,2.3,1.5,2014-05-17,0225,Terra,MODIS,41,6.2,296.9,24.5,D,0
-16.4254,125.455,312.4,2.2,1.4,2014-05-17,0225,Terra,MODIS,39,6.2,291.2,12.8,D,0
-20.4788,118.2067,319.7,1,1,2014-05-17,0226,Terra,MODIS,68,6.2,302.9,7.8,D,0
-20.4698,118.2081,320,1,1,2014-05-17,0226,Terra,MODIS,53,6.2,303.4,9,D,0
-20.5976,116.7816,311.9,1,1,2014-05-17,0226,Terra,MODIS,42,6.2,299.1,5.6,D,2
-20.4382,118.6922,321,1,1,2014-05-17,0226,Terra,MODIS,48,6.2,304.1,10.4,D,0
-20.4396,118.7019,324.4,1,1,2014-05-17,0226,Terra,MODIS,69,6.2,303.1,14,D,0
-20.4473,118.6908,325.9,1,1,2014-05-17,0226,Terra,MODIS,56,6.2,302.4,14.7,D,0
-32.649,118.446,306.2,1.3,1.1,2014-05-17,0229,Terra,MODIS,60,6.2,292.4,7,D,0
-30.5191,115.5193,310.8,1,1,2014-05-17,0229,Terra,MODIS,63,6.2,295.4,6.9,D,0
-33.9021,118.847,311.7,1.4,1.2,2014-05-17,0230,Terra,MODIS,72,6.2,292.1,14,D,0
-34.3992,119.3264,317.8,1.5,1.2,2014-05-17,0230,Terra,MODIS,78,6.2,291.8,25.5,D,0
-34.0342,117.9848,326.3,1.2,1.1,2014-05-17,0230,Terra,MODIS,84,6.2,293.2,29,D,0
-34.0443,117.9831,325.6,1.2,1.1,2014-05-17,0230,Terra,MODIS,84,6.2,292.4,27.5,D,0
-34.4187,115.9472,301.7,1.1,1,2014-05-17,0230,Terra,MODIS,48,6.2,285.9,5.8,D,0
-36.1834,149.6435,328.3,2.3,1.5,2014-05-17,0328,Aqua,MODIS,86,6.2,292.8,90,D,0
-36.2481,149.6775,315.6,2.3,1.5,2014-05-17,0328,Aqua,MODIS,45,6.2,289.1,39.8,D,0
-36.2327,149.7026,317.8,2.3,1.5,2014-05-17,0328,Aqua,MODIS,38,6.2,290.6,44.2,D,0
-36.1866,149.6641,314.7,2.3,1.5,2014-05-17,0328,Aqua,MODIS,75,6.2,292.1,40.3,D,0
-36.2439,149.6859,325.4,2.3,1.5,2014-05-17,0328,Aqua,MODIS,48,6.2,289.5,68.1,D,0
-36.1816,149.6683,305.3,2.3,1.5,2014-05-17,0328,Aqua,MODIS,56,6.2,291.8,19.4,D,0
-36.1885,149.64,325.3,2.3,1.5,2014-05-17,0328,Aqua,MODIS,84,6.2,292.8,76.6,D,0
-34.9269,150.2364,340.9,2,1.4,2014-05-17,0329,Aqua,MODIS,92,6.2,290.4,128,D,0
-34.9005,150.5387,301.6,1.9,1.4,2014-05-17,0329,Aqua,MODIS,44,6.2,288.4,10.9,D,0
-34.4596,150.8752,312.7,1.8,1.3,2014-05-17,0329,Aqua,MODIS,55,6.2,298.2,19.3,D,0
-34.171,150.8024,313.1,1.8,1.3,2014-05-17,0329,Aqua,MODIS,73,6.2,293.1,25.1,D,0
-34.1659,150.7945,312.7,1.8,1.3,2014-05-17,0329,Aqua,MODIS,73,6.2,293.4,25.5,D,0
-34.9142,150.2362,332.3,2,1.4,2014-05-17,0329,Aqua,MODIS,88,6.2,292.8,90.5,D,0
-29.3162,148.3287,315.9,2.3,1.5,2014-05-17,0330,Aqua,MODIS,68,6.2,301.3,24.6,D,0
-29.1989,148.9109,316.5,2.1,1.4,2014-05-17,0330,Aqua,MODIS,70,6.2,300.6,23.6,D,0
-29.1977,148.9154,314.4,2.1,1.4,2014-05-17,0330,Aqua,MODIS,66,6.2,300.1,17.9,D,0
-28.8031,150.0225,313.1,1.7,1.3,2014-05-17,0330,Aqua,MODIS,65,6.2,300.9,11.6,D,0
-28.812,150.0124,316.6,1.8,1.3,2014-05-17,0330,Aqua,MODIS,71,6.2,302.1,16.9,D,0
-28.4917,150.7092,310.5,1.6,1.2,2014-05-17,0330,Aqua,MODIS,61,6.2,299,9.1,D,0
-28.4934,150.6931,315.6,1.6,1.2,2014-05-17,0330,Aqua,MODIS,71,6.2,300.3,16.4,D,0
-30.791,152.9764,301.8,1.2,1.1,2014-05-17,0330,Aqua,MODIS,42,6.2,291,4.8,D,0
-24.8056,147.6666,308.9,2.3,1.5,2014-05-17,0331,Aqua,MODIS,60,6.2,294.4,21.2,D,0
-25.1648,149.9353,314.8,1.6,1.2,2014-05-17,0331,Aqua,MODIS,42,6.2,293.6,21.3,D,0
-27.2963,152.3391,323.6,1.2,1.1,2014-05-17,0331,Aqua,MODIS,82,6.2,294.1,25.5,D,0
-27.5499,150.6911,336,1.5,1.2,2014-05-17,0331,Aqua,MODIS,89,6.2,294.1,60.9,D,0
-27.5626,150.6771,308.9,1.5,1.2,2014-05-17,0331,Aqua,MODIS,43,6.2,287.7,9,D,0
-27.5516,150.6756,383.6,1.5,1.2,2014-05-17,0331,Aqua,MODIS,100,6.2,301.1,305.7,D,0
-27.5406,150.6741,325.3,1.5,1.2,2014-05-17,0331,Aqua,MODIS,81,6.2,298.3,36,D,0
-27.0423,152.8449,309.3,1.1,1.1,2014-05-17,0331,Aqua,MODIS,67,6.2,294,8.5,D,0
-25.6925,148.6367,312.3,2,1.4,2014-05-17,0331,Aqua,MODIS,45,6.2,296.8,22.3,D,0
-34.4854,144.7358,329.7,4,1.9,2014-05-17,0507,Aqua,MODIS,82,6.2,285.9,204.1,D,0
-34.3382,144.7148,304.2,4,1.9,2014-05-17,0507,Aqua,MODIS,51,6.2,278.4,50.9,D,0
-34.4994,144.7363,331.5,4,1.9,2014-05-17,0507,Aqua,MODIS,82,6.2,286.7,224.9,D,0
-34.5017,144.7419,306.6,4,1.9,2014-05-17,0507,Aqua,MODIS,52,6.2,285.9,49.8,D,0
-17.1186,136.8798,318.8,3,1.7,2014-05-17,0512,Aqua,MODIS,68,6.2,298.1,46,D,0
-17.1204,136.875,322.4,3,1.7,2014-05-17,0512,Aqua,MODIS,76,6.2,298.5,61.5,D,0
-16.915,130.8438,326.4,1.2,1.1,2014-05-17,0512,Aqua,MODIS,63,6.2,296.8,21.4,D,0
-17.124,136.8518,323.2,3,1.6,2014-05-17,0512,Aqua,MODIS,77,6.2,298.7,66.8,D,0
-17.1256,136.8469,319.5,3,1.6,2014-05-17,0512,Aqua,MODIS,72,6.2,298.7,47.4,D,0
-17.0791,137.014,326.9,3.1,1.7,2014-05-17,0512,Aqua,MODIS,81,6.2,297.3,91,D,0
-17.0763,137.0186,326.4,3.1,1.7,2014-05-17,0512,Aqua,MODIS,80,6.2,297,84.6,D,0
-17.5589,123.0735,327.7,1.8,1.3,2014-05-17,0512,Aqua,MODIS,80,6.2,288.5,48.4,D,0
-17.5641,123.069,326.1,1.8,1.3,2014-05-17,0512,Aqua,MODIS,79,6.2,287.6,45.7,D,0
-17.1664,126.4315,326.8,1.1,1,2014-05-17,0512,Aqua,MODIS,38,6.2,308.3,13.8,D,0
-16.4446,127.943,326.3,1,1,2014-05-17,0512,Aqua,MODIS,36,6.2,305.7,12.2,D,0
-17.1246,126.4198,324.6,1.1,1,2014-05-17,0512,Aqua,MODIS,31,6.2,305.3,11.6,D,0
-15.124,127.919,334.4,1,1,2014-05-17,0513,Aqua,MODIS,84,6.2,306,18.8,D,0
-15.8919,130.3116,326.5,1.1,1.1,2014-05-17,0513,Aqua,MODIS,74,6.2,306.8,14.1,D,0
-15.9783,125.7821,323.7,1.1,1.1,2014-05-17,0513,Aqua,MODIS,67,6.2,299.7,13.3,D,0
-14.9101,126.2964,344.9,1.1,1,2014-05-17,0513,Aqua,MODIS,87,6.2,301.5,45.9,D,0
-15.9662,125.7265,337.5,1.1,1.1,2014-05-17,0513,Aqua,MODIS,87,6.2,302.8,37.5,D,0
-14.6789,126.4391,347,1,1,2014-05-17,0513,Aqua,MODIS,93,6.2,295.5,50.8,D,0
-15.8385,130.1902,332.2,1.1,1.1,2014-05-17,0513,Aqua,MODIS,69,6.2,306.2,21.9,D,0
-15.837,130.2005,327.8,1.1,1.1,2014-05-17,0513,Aqua,MODIS,31,6.2,308.4,14.8,D,0
-16.3221,126.7824,337,1,1,2014-05-17,0513,Aqua,MODIS,82,6.2,308.1,26.5,D,0
-15.8464,130.2021,327.9,1.1,1.1,2014-05-17,0513,Aqua,MODIS,41,6.2,306,14.9,D,0
-15.8449,130.2124,325.4,1.1,1.1,2014-05-17,0513,Aqua,MODIS,31,6.2,305.9,10.3,D,0
-15.8779,130.2132,328.7,1.1,1.1,2014-05-17,0513,Aqua,MODIS,77,6.2,305.8,17.7,D,0
-16.3208,126.7921,368.5,1,1,2014-05-17,0513,Aqua,MODIS,100,6.2,311.4,103.9,D,0
-16.3884,126.8276,339.6,1,1,2014-05-17,0513,Aqua,MODIS,83,6.2,304.9,30.9,D,0
-16.3871,126.8374,327.3,1,1,2014-05-17,0513,Aqua,MODIS,44,6.2,306.2,12.9,D,0
-13.8079,130.8136,326.7,1.3,1.1,2014-05-17,0513,Aqua,MODIS,22,6.2,302,17.6,D,0
-14.2125,127.0889,324.3,1,1,2014-05-17,0513,Aqua,MODIS,75,6.2,302.5,12.3,D,0
-13.8445,130.7788,323.6,1.3,1.1,2014-05-17,0513,Aqua,MODIS,37,6.2,299.6,17,D,0
-16.155,126.3823,320,1.1,1,2014-05-17,0513,Aqua,MODIS,29,6.2,302.9,10,D,0
-15.1823,126.8539,323.1,1,1,2014-05-17,0513,Aqua,MODIS,42,6.2,299.9,13.7,D,0
-15.5892,127.7564,331,1,1,2014-05-17,0513,Aqua,MODIS,75,6.2,305.9,16.8,D,0
-14.7901,126.362,325.3,1.1,1,2014-05-17,0513,Aqua,MODIS,39,6.2,297.4,15.8,D,0
-15.0917,128.6528,323.6,1,1,2014-05-17,0513,Aqua,MODIS,29,6.2,301.1,9.1,D,0
-14.7795,126.3704,326.7,1.1,1,2014-05-17,0513,Aqua,MODIS,38,6.2,298.3,17,D,0
-14.7808,126.3607,335.7,1.1,1,2014-05-17,0513,Aqua,MODIS,84,6.2,297.4,30.1,D,0
-14.9701,126.8616,339.2,1,1,2014-05-17,0513,Aqua,MODIS,0,6.2,300.2,32,D,0
-13.7822,130.2594,328.2,1.2,1.1,2014-05-17,0513,Aqua,MODIS,47,6.2,293.5,19.3,D,0
-14.9948,126.8815,329.3,1,1,2014-05-17,0513,Aqua,MODIS,34,6.2,303.8,15.5,D,0
-15.0125,128.6242,334.3,1,1,2014-05-17,0513,Aqua,MODIS,84,6.2,304,23.5,D,0
-15.0112,128.6336,321.3,1,1,2014-05-17,0513,Aqua,MODIS,39,6.2,302.7,7.2,D,0
-15.2992,126.1349,315.4,1.1,1,2014-05-17,0513,Aqua,MODIS,47,6.2,298.9,6.3,D,0
-15.167,128.951,324.7,1,1,2014-05-17,0513,Aqua,MODIS,65,6.2,302,10.7,D,0
-15.0925,128.9626,351.7,1,1,2014-05-17,0513,Aqua,MODIS,95,6.2,304.3,55,D,0
-15.0591,128.6219,325.9,1,1,2014-05-17,0513,Aqua,MODIS,67,6.2,304,10.6,D,0
-15.0939,128.9531,330.1,1,1,2014-05-17,0513,Aqua,MODIS,54,6.2,306.2,15.1,D,0
-14.8214,128.4899,321.7,1,1,2014-05-17,0513,Aqua,MODIS,62,6.2,304.3,10.8,D,0
-14.9094,126.6425,320,1,1,2014-05-17,0513,Aqua,MODIS,45,6.2,296.4,11.4,D,0
-15.0745,128.6435,323.2,1,1,2014-05-17,0513,Aqua,MODIS,64,6.2,304.6,9.6,D,0
-15.0731,128.6529,322,1,1,2014-05-17,0513,Aqua,MODIS,55,6.2,303.4,8,D,0
-14.9935,126.891,332.7,1,1,2014-05-17,0513,Aqua,MODIS,57,6.2,306.5,20.6,D,0
-14.2403,126.1691,321.3,1.1,1,2014-05-17,0513,Aqua,MODIS,50,6.2,302.1,8.7,D,0
-14.8657,126.2229,318.9,1.1,1,2014-05-17,0513,Aqua,MODIS,45,6.2,299.5,9,D,0
-15.1174,127.9653,323.8,1,1,2014-05-17,0513,Aqua,MODIS,71,6.2,305.2,5.6,D,0
-14.8752,126.9439,327.9,1,1,2014-05-17,0513,Aqua,MODIS,44,6.2,306.1,13.4,D,0
-15.0361,128.5895,325,1,1,2014-05-17,0513,Aqua,MODIS,73,6.2,301.2,13.2,D,0
-14.8216,126.8724,330.8,1,1,2014-05-17,0513,Aqua,MODIS,69,6.2,301.2,19.5,D,0
-15.2477,126.7173,330.3,1,1,2014-05-17,0513,Aqua,MODIS,59,6.2,303.3,18.7,D,0
-14.8112,126.8805,327.6,1,1,2014-05-17,0513,Aqua,MODIS,39,6.2,301.9,16.1,D,0
-14.8125,126.8711,346.9,1,1,2014-05-17,0513,Aqua,MODIS,93,6.2,303.2,47.5,D,0
-15.2858,126.1635,323.2,1.1,1,2014-05-17,0513,Aqua,MODIS,56,6.2,298.2,16.3,D,0
-15.0348,128.5989,322.7,1,1,2014-05-17,0513,Aqua,MODIS,43,6.2,301.6,8.9,D,0
-15.0465,128.5816,332.8,1,1,2014-05-17,0513,Aqua,MODIS,82,6.2,303.2,22.8,D,0
-15.1227,127.9283,327.7,1,1,2014-05-17,0513,Aqua,MODIS,55,6.2,304.9,9.2,D,0
-15.0452,128.591,357.8,1,1,2014-05-17,0513,Aqua,MODIS,98,6.2,305.2,70.7,D,0
-15.1253,127.9098,324.8,1,1,2014-05-17,0513,Aqua,MODIS,29,6.2,305.1,7.5,D,0
-15.2938,126.1749,320.7,1.1,1,2014-05-17,0513,Aqua,MODIS,30,6.2,300.4,11,D,0
-15.0438,128.6003,331,1,1,2014-05-17,0513,Aqua,MODIS,75,6.2,302,18.1,D,0
-14.7512,126.9803,330.5,1,1,2014-05-17,0513,Aqua,MODIS,81,6.2,303.5,20.5,D,0
-14.7163,126.9655,322.4,1,1,2014-05-17,0513,Aqua,MODIS,58,6.2,301.6,10.2,D,0
-14.7176,126.956,343.2,1,1,2014-05-17,0513,Aqua,MODIS,91,6.2,304.7,39.4,D,0
-14.7856,128.0973,324.7,1,1,2014-05-17,0513,Aqua,MODIS,36,6.2,303.3,9.6,D,0
-14.7843,128.1066,327.4,1,1,2014-05-17,0513,Aqua,MODIS,63,6.2,303,12.8,D,0
-14.239,126.1789,338.1,1.1,1,2014-05-17,0513,Aqua,MODIS,66,6.2,303.3,32.2,D,0
-15.4135,126.5069,319.8,1.1,1,2014-05-17,0513,Aqua,MODIS,60,6.2,302.5,7.5,D,0
-14.8149,128.0896,324,1,1,2014-05-17,0513,Aqua,MODIS,30,6.2,304.9,8.5,D,0
-14.9945,128.7464,328.3,1,1,2014-05-17,0513,Aqua,MODIS,54,6.2,304.9,13.5,D,0
-14.9959,128.737,329.9,1,1,2014-05-17,0513,Aqua,MODIS,61,6.2,304.8,16.5,D,0
-14.2458,126.1755,341.3,1.1,1,2014-05-17,0513,Aqua,MODIS,90,6.2,301.7,38.9,D,0
-14.2445,126.1853,322.1,1.1,1,2014-05-17,0513,Aqua,MODIS,32,6.2,300.8,10.7,D,0
-14.8266,128.0726,331.2,1,1,2014-05-17,0513,Aqua,MODIS,66,6.2,303.2,18.2,D,0
-14.8253,128.0818,327.2,1,1,2014-05-17,0513,Aqua,MODIS,36,6.2,303.2,12.8,D,0
-15.6769,126.3366,350.5,1.1,1,2014-05-17,0513,Aqua,MODIS,72,6.2,298.6,60.8,D,0
-14.9472,128.7622,321.3,1,1,2014-05-17,0513,Aqua,MODIS,16,6.2,304.6,7.4,D,0
-14.2418,127.2734,322.3,1,1,2014-05-17,0513,Aqua,MODIS,45,6.2,299.4,10.7,D,0
-14.9556,127.6199,331.2,1,1,2014-05-17,0513,Aqua,MODIS,54,6.2,301.8,19.9,D,0
-14.9787,127.648,338.5,1,1,2014-05-17,0513,Aqua,MODIS,87,6.2,303,29.2,D,0
-13.0252,130.5217,313.8,1.3,1.1,2014-05-17,0513,Aqua,MODIS,22,6.2,295.7,8.1,D,0
-15.7299,128.5699,324.5,1,1,2014-05-17,0513,Aqua,MODIS,65,6.2,305.1,8.9,D,0
-14.2476,130.2875,323,1.2,1.1,2014-05-17,0513,Aqua,MODIS,69,6.2,291.7,17.9,D,0
-14.3562,129.8303,320.4,1.1,1.1,2014-05-17,0513,Aqua,MODIS,66,6.2,294.4,10.9,D,0
-16.1781,124.4785,325.4,1.3,1.1,2014-05-17,0513,Aqua,MODIS,68,6.2,294.6,25.9,D,0
-16.1661,124.49,353.8,1.3,1.1,2014-05-17,0513,Aqua,MODIS,97,6.2,297.7,96.3,D,0
-15.4361,129.003,324.5,1,1,2014-05-17,0513,Aqua,MODIS,67,6.2,304.3,12.6,D,0
-13.2031,131.3547,327.8,1.4,1.2,2014-05-17,0513,Aqua,MODIS,79,6.2,299.5,24.6,D,0
-13.1276,131.489,326.8,1.4,1.2,2014-05-17,0513,Aqua,MODIS,39,6.2,301.9,26,D,0
-13.1383,131.4908,333.1,1.4,1.2,2014-05-17,0513,Aqua,MODIS,84,6.2,302.6,38.6,D,0
-12.4465,132.8513,312.5,1.9,1.3,2014-05-17,0513,Aqua,MODIS,48,6.2,297.2,11.7,D,0
-12.8804,133.0781,318.9,1.9,1.3,2014-05-17,0513,Aqua,MODIS,58,6.2,293.5,24.1,D,0
-13.0037,130.6609,330.8,1.3,1.1,2014-05-17,0513,Aqua,MODIS,82,6.2,299.4,26.9,D,0
-12.4492,132.8345,313.1,1.8,1.3,2014-05-17,0513,Aqua,MODIS,46,6.2,297.5,12.7,D,0
-12.9817,130.6694,329.1,1.3,1.1,2014-05-17,0513,Aqua,MODIS,81,6.2,300.9,24.5,D,0
-12.9799,130.6811,326.5,1.3,1.1,2014-05-17,0513,Aqua,MODIS,78,6.2,300.2,20.5,D,0
-12.9918,130.671,323.1,1.3,1.1,2014-05-17,0513,Aqua,MODIS,70,6.2,300.6,15,D,0
-13.1489,131.4925,327.7,1.4,1.2,2014-05-17,0513,Aqua,MODIS,62,6.2,301.8,23.8,D,0
-13.234,131.4732,323.6,1.4,1.2,2014-05-17,0513,Aqua,MODIS,34,6.2,302,18.3,D,0
-13.1362,131.504,322.4,1.4,1.2,2014-05-17,0513,Aqua,MODIS,16,6.2,301.4,18,D,0
-13.0019,130.6727,341.8,1.3,1.1,2014-05-17,0513,Aqua,MODIS,90,6.2,299.5,51.4,D,0
-13.0119,130.9249,330.4,1.3,1.1,2014-05-17,0513,Aqua,MODIS,82,6.2,302.9,28.2,D,0
-13.18,131.364,320.1,1.4,1.2,2014-05-17,0513,Aqua,MODIS,39,6.2,300.2,10.1,D,0
-13.0138,130.9128,334.8,1.3,1.1,2014-05-17,0513,Aqua,MODIS,85,6.2,301.7,37.6,D,0
-13.1468,131.5057,337.3,1.4,1.2,2014-05-17,0513,Aqua,MODIS,87,6.2,302.7,48,D,0
-12.4598,130.7413,317.8,1.3,1.1,2014-05-17,0513,Aqua,MODIS,0,6.2,297.8,9.7,D,0
-13.2084,131.3622,334.3,1.4,1.2,2014-05-17,0513,Aqua,MODIS,85,6.2,299.9,39.7,D,0
-12.5996,130.6906,316.9,1.3,1.1,2014-05-17,0513,Aqua,MODIS,43,6.2,297,9.1,D,0
-14.2339,126.4013,322.9,1,1,2014-05-17,0513,Aqua,MODIS,50,6.2,302,9.3,D,0
-14.2352,126.3917,322.5,1,1,2014-05-17,0513,Aqua,MODIS,29,6.2,301.9,9,D,0
-15.4885,125.621,317.3,1.1,1.1,2014-05-17,0513,Aqua,MODIS,34,6.2,300.3,7.6,D,0
-16.1556,125.5848,319.2,1.2,1.1,2014-05-17,0513,Aqua,MODIS,11,6.2,301.2,8.5,D,0
-16.301,125.5732,321.8,1.2,1.1,2014-05-17,0513,Aqua,MODIS,45,6.2,302.9,9.5,D,0
-16.2971,125.5278,328.4,1.2,1.1,2014-05-17,0513,Aqua,MODIS,76,6.2,303.9,20.2,D,0
-14.3606,131.7728,341.1,1.4,1.2,2014-05-17,0513,Aqua,MODIS,90,6.2,301.6,58,D,0
-16.1795,125.5715,345.7,1.2,1.1,2014-05-17,0513,Aqua,MODIS,87,6.2,303.4,54.4,D,0
-15.5915,125.713,323.9,1.1,1.1,2014-05-17,0513,Aqua,MODIS,57,6.2,298.3,14.1,D,0
-15.6074,125.8857,326.6,1.1,1.1,2014-05-17,0513,Aqua,MODIS,76,6.2,300.4,15.3,D,0
-15.6088,125.8753,325,1.1,1.1,2014-05-17,0513,Aqua,MODIS,72,6.2,300,14.6,D,0
-15.5938,125.9153,340.3,1.1,1.1,2014-05-17,0513,Aqua,MODIS,84,6.2,301.7,39.5,D,0
-16.4281,125.451,322.2,1.2,1.1,2014-05-17,0513,Aqua,MODIS,56,6.2,296,14.4,D,0
-14.8098,131.6738,328.7,1.4,1.2,2014-05-17,0513,Aqua,MODIS,62,6.2,304.3,22.8,D,0
-14.6008,132.0686,318.9,1.5,1.2,2014-05-17,0513,Aqua,MODIS,9,6.2,297.6,14.6,D,0
-14.6053,132.0414,325.3,1.5,1.2,2014-05-17,0513,Aqua,MODIS,55,6.2,297.6,25.7,D,0
-13.8493,132.3695,357.6,1.6,1.2,2014-05-17,0513,Aqua,MODIS,98,6.2,299,144.6,D,0
-14.4192,131.5428,333.8,1.4,1.2,2014-05-17,0513,Aqua,MODIS,79,6.2,303.5,33.1,D,0
-13.133,132.0328,324.4,1.6,1.2,2014-05-17,0513,Aqua,MODIS,52,6.2,301,18.8,D,0
-13.4991,133.0901,317.5,1.8,1.3,2014-05-17,0513,Aqua,MODIS,38,6.2,297.6,18.8,D,0
-14.5088,132.4905,317.6,1.6,1.2,2014-05-17,0513,Aqua,MODIS,45,6.2,298.2,13.5,D,0
-12.7217,133.075,319.4,1.9,1.3,2014-05-17,0513,Aqua,MODIS,59,6.2,294.8,24.1,D,0
-13.1887,131.8967,329.2,1.5,1.2,2014-05-17,0513,Aqua,MODIS,76,6.2,296.7,35.9,D,0
-14.1355,131.5945,322.9,1.4,1.2,2014-05-17,0513,Aqua,MODIS,58,6.2,301.5,16.7,D,0
-14.2147,132.1767,323.3,1.5,1.2,2014-05-17,0513,Aqua,MODIS,51,6.2,301.2,20.8,D,0
-13.8516,132.3549,318.9,1.6,1.2,2014-05-17,0513,Aqua,MODIS,36,6.2,298.6,17.7,D,0
-13.6401,133.1279,320,1.8,1.3,2014-05-17,0513,Aqua,MODIS,35,6.2,299.7,24.4,D,0
-14.1334,131.6074,324.5,1.4,1.2,2014-05-17,0513,Aqua,MODIS,71,6.2,301,19.9,D,0
-13.191,131.8828,325,1.5,1.2,2014-05-17,0513,Aqua,MODIS,72,6.2,299.8,27.5,D,0
-14.3376,131.5495,327.5,1.4,1.2,2014-05-17,0513,Aqua,MODIS,74,6.2,302.6,23.9,D,0
-12.7265,133.0826,321.4,1.9,1.3,2014-05-17,0513,Aqua,MODIS,64,6.2,297.3,30.8,D,0
-14.1293,131.6333,325,1.4,1.2,2014-05-17,0513,Aqua,MODIS,76,6.2,298.5,22,D,0
-13.5019,133.0733,320.5,1.8,1.3,2014-05-17,0513,Aqua,MODIS,69,6.2,298,25.8,D,0
-12.994,131.8223,322.2,1.5,1.2,2014-05-17,0513,Aqua,MODIS,34,6.2,302.3,17.8,D,0
-32.2528,116.6899,308.4,2.8,1.6,2014-05-17,0646,Aqua,MODIS,66,6.2,290.3,29.8,D,0
-32.3131,119.2501,305.7,4.1,1.9,2014-05-17,0646,Aqua,MODIS,62,6.2,290.5,41.6,D,0
-32.3116,119.2449,306.8,4.1,1.9,2014-05-17,0646,Aqua,MODIS,64,6.2,290.8,46.4,D,0
-32.4002,117.2738,304.3,3,1.7,2014-05-17,0646,Aqua,MODIS,23,6.2,289.7,18.6,D,0
-32.6059,117.0514,304,2.9,1.6,2014-05-17,0646,Aqua,MODIS,45,6.2,290.4,22.3,D,0
-32.3971,117.2778,311.3,3,1.7,2014-05-17,0646,Aqua,MODIS,61,6.2,289.6,41.7,D,0
-33.9097,117.2143,323.3,2.8,1.6,2014-05-17,0646,Aqua,MODIS,0,6.2,284.2,87.9,D,0
-33.4501,116.9649,300.1,2.7,1.6,2014-05-17,0646,Aqua,MODIS,0,6.2,284.2,18.6,D,0
-33.909,117.2094,324.1,2.8,1.6,2014-05-17,0646,Aqua,MODIS,0,6.2,284.3,98.4,D,0
-33.3911,117.4368,300.9,2.9,1.6,2014-05-17,0646,Aqua,MODIS,0,6.2,284.3,16.3,D,0
-33.3892,117.9929,304.3,3.2,1.7,2014-05-17,0646,Aqua,MODIS,50,6.2,284.1,29,D,0
-33.3992,118.0006,301,3.2,1.7,2014-05-17,0646,Aqua,MODIS,31,6.2,284.4,18.9,D,0
-31.5472,116.7007,311.9,2.9,1.6,2014-05-17,0647,Aqua,MODIS,69,6.2,294,38.7,D,0
-31.5472,116.7086,314.6,2.9,1.6,2014-05-17,0647,Aqua,MODIS,73,6.2,294.2,51.2,D,0
-31.5168,116.2192,309.4,2.7,1.6,2014-05-17,0647,Aqua,MODIS,56,6.2,287.2,36.3,D,0
-31.9088,116.6116,307,2.8,1.6,2014-05-17,0647,Aqua,MODIS,60,6.2,290.5,28.5,D,0
-31.9101,116.6199,302.7,2.8,1.6,2014-05-17,0647,Aqua,MODIS,29,6.2,290.2,16.7,D,0
-32.2513,116.6812,304.2,2.8,1.6,2014-05-17,0647,Aqua,MODIS,56,6.2,290.2,19.8,D,0
-31.5839,117.0932,321.7,3.1,1.7,2014-05-17,0647,Aqua,MODIS,80,6.2,295,87,D,0
-29.5268,115.7295,310,2.8,1.6,2014-05-17,0647,Aqua,MODIS,64,6.2,297.4,20.4,D,0
-29.5253,115.7215,311,2.8,1.6,2014-05-17,0647,Aqua,MODIS,66,6.2,297.6,22.8,D,0
-30.5344,115.9398,315.4,2.8,1.6,2014-05-17,0647,Aqua,MODIS,73,6.2,295.6,46.4,D,0
-30.3606,116.037,314.6,2.8,1.6,2014-05-17,0647,Aqua,MODIS,71,6.2,296.4,39.8,D,0
-31.5766,117.1253,344.6,3.1,1.7,2014-05-17,0647,Aqua,MODIS,93,6.2,295.2,255.3,D,0
-31.9167,116.5908,307.5,2.8,1.6,2014-05-17,0647,Aqua,MODIS,63,6.2,290.2,30.2,D,0
-30.3593,116.0284,311.1,2.8,1.6,2014-05-17,0647,Aqua,MODIS,66,6.2,295.9,27.3,D,0
-36.0506,149.88,300.1,1,1,2014-05-17,1253,Terra,MODIS,17,6.2,279.1,6.2,N,0
-36.1703,149.6828,317.4,1,1,2014-05-17,1253,Terra,MODIS,65,6.2,280.9,17.3,N,0
-36.1781,149.6269,308.4,1,1,2014-05-17,1253,Terra,MODIS,46,6.2,280.2,10.1,N,0
-36.2421,149.6927,320.2,1,1,2014-05-17,1253,Terra,MODIS,13,6.2,280.5,18.2,N,0
-36.1796,149.6158,318.6,1,1,2014-05-17,1253,Terra,MODIS,97,6.2,281.3,18.4,N,0
-36.1825,149.6623,302.5,1,1,2014-05-17,1253,Terra,MODIS,2,6.2,277.4,6.8,N,0
-36.1612,149.6809,325.8,1,1,2014-05-17,1253,Terra,MODIS,100,6.2,282.1,25.9,N,0
-36.1871,149.6289,306.6,1,1,2014-05-17,1253,Terra,MODIS,66,6.2,280.1,9.4,N,0
-36.1522,149.6789,315.7,1,1,2014-05-17,1253,Terra,MODIS,73,6.2,281.7,16.2,N,0
-36.1538,149.6677,317.7,1,1,2014-05-17,1253,Terra,MODIS,93,6.2,281.4,17.6,N,0
-36.184,149.6511,310.1,1,1,2014-05-17,1253,Terra,MODIS,12,6.2,279.1,10.9,N,0
-36.1886,149.6178,306.6,1,1,2014-05-17,1253,Terra,MODIS,60,6.2,279.7,9.4,N,0
-36.4404,149.9208,304,1,1,2014-05-17,1253,Terra,MODIS,58,6.2,284.8,8.2,N,0
-36.442,149.9096,311.7,1,1,2014-05-17,1253,Terra,MODIS,83,6.2,285.7,13.2,N,0
-34.4589,150.8792,306.3,1,1,2014-05-17,1254,Terra,MODIS,68,6.2,282.7,10.4,N,2
-27.5435,150.6773,303.5,1.2,1.1,2014-05-17,1255,Terra,MODIS,55,6.2,283,10.5,N,0
-25.1622,149.9377,303.8,1.2,1.1,2014-05-17,1256,Terra,MODIS,44,6.2,286.9,8.2,N,0
-26.7679,148.4381,313,1,1,2014-05-17,1256,Terra,MODIS,86,6.2,286,14.3,N,0
-26.7694,148.4279,320.6,1,1,2014-05-17,1256,Terra,MODIS,100,6.2,285.5,21.1,N,0
-25.1507,149.9471,306.2,1.2,1.1,2014-05-17,1256,Terra,MODIS,67,6.2,287.2,10.2,N,0
-26.6526,149.6635,304.7,1.1,1,2014-05-17,1256,Terra,MODIS,61,6.2,286.6,9.6,N,0
-17.1766,140.961,304.3,1.5,1.2,2014-05-17,1259,Terra,MODIS,35,6.2,292.4,7.8,N,0
-17.1747,140.9551,304.6,1.5,1.2,2014-05-17,1259,Terra,MODIS,61,6.2,292.5,9.3,N,0
-12.4086,141.9312,304.2,1.1,1.1,2014-05-17,1300,Terra,MODIS,59,6.2,291.8,6,N,0
-12.41,141.9206,310.6,1.2,1.1,2014-05-17,1300,Terra,MODIS,81,6.2,291.1,11.3,N,0
-34.3959,119.3149,318,1.6,1.2,2014-05-17,1433,Terra,MODIS,96,6.2,283.5,39.3,N,0
-33.4852,120.8011,301.5,1.3,1.1,2014-05-17,1433,Terra,MODIS,33,6.2,274.3,12,N,0
-33.4837,120.7923,314.6,1.3,1.1,2014-05-17,1433,Terra,MODIS,90,6.2,273.5,24.8,N,0
-33.4868,120.7872,313.2,1.3,1.1,2014-05-17,1433,Terra,MODIS,87,6.2,272.7,23.4,N,0
-16.0245,126.0527,309.5,1.9,1.3,2014-05-17,1437,Terra,MODIS,78,6.2,289.8,20.2,N,0
-15.8044,126.8656,310,2.2,1.4,2014-05-17,1437,Terra,MODIS,44,6.2,291.2,25.5,N,0
-15.779,126.86,305.7,2.2,1.4,2014-05-17,1437,Terra,MODIS,48,6.2,289.9,17.8,N,0
-15.7917,126.8628,309.5,2.2,1.4,2014-05-17,1437,Terra,MODIS,78,6.2,291.1,25.6,N,0
-20.667,117.0535,300.8,1.5,1.2,2014-05-17,1437,Terra,MODIS,33,6.2,282.1,8.6,N,0
-16.0274,126.0355,303.5,1.9,1.3,2014-05-17,1437,Terra,MODIS,55,6.2,290.1,10.7,N,0
-20.463,118.6965,305.3,1.2,1.1,2014-05-17,1437,Terra,MODIS,64,6.2,291.5,8.3,N,0
-20.4533,118.6951,301.8,1.2,1.1,2014-05-17,1437,Terra,MODIS,27,6.2,291.5,5.6,N,0
-16.2138,124.5023,305.7,1.4,1.2,2014-05-17,1437,Terra,MODIS,43,6.2,281.7,14.2,N,0
-16.2636,124.9699,304.4,1.5,1.2,2014-05-17,1437,Terra,MODIS,60,6.2,291.4,8.2,N,0
-16.2643,124.9767,302.2,1.5,1.2,2014-05-17,1437,Terra,MODIS,48,6.2,291.3,6.3,N,0
-16.2117,124.5158,316.7,1.4,1.2,2014-05-17,1437,Terra,MODIS,91,6.2,289.5,27.5,N,0
-12.4038,141.9268,306.8,1,1,2014-05-17,1603,Aqua,MODIS,69,6.2,292.8,6.9,N,0
-12.8088,133.2304,310.2,2.8,1.6,2014-05-17,1604,Aqua,MODIS,79,6.2,291.3,37.6,N,0
-12.8092,133.2227,304.3,2.8,1.6,2014-05-17,1604,Aqua,MODIS,60,6.2,291.3,19.6,N,0
-12.814,133.2484,302.1,2.8,1.6,2014-05-17,1604,Aqua,MODIS,47,6.2,291.1,13.6,N,0
-20.7331,139.4772,327.3,1,1,2014-05-17,1605,Aqua,MODIS,100,6.2,292.5,25.5,N,2
-20.7345,139.4867,304,1,1,2014-05-17,1605,Aqua,MODIS,58,6.2,291.7,5.6,N,2
-29.6979,149.9075,307.7,1.4,1.2,2014-05-17,2354,Terra,MODIS,66,6.2,290.6,9.2,D,0
-13.1577,131.6879,371.6,1.1,1,2014-05-18,0128,Terra,MODIS,100,6.2,304.2,121.7,D,0
-13.1469,131.6795,332.3,1.1,1,2014-05-18,0128,Terra,MODIS,83,6.2,301.7,23.7,D,0
-13.1646,131.6904,324.8,1.1,1,2014-05-18,0128,Terra,MODIS,21,6.2,303.3,12.1,D,0
-13.2405,132.8458,331,1,1,2014-05-18,0128,Terra,MODIS,82,6.2,300.6,22,D,0
-13.1454,131.6696,321.8,1.1,1,2014-05-18,0128,Terra,MODIS,70,6.2,301.2,11.2,D,0
-13.1562,131.678,351.5,1.1,1,2014-05-18,0128,Terra,MODIS,96,6.2,302,59.8,D,0
-12.7751,133.1829,328.1,1,1,2014-05-18,0128,Terra,MODIS,81,6.2,301.6,18.1,D,0
-13.2391,132.8366,315.8,1,1,2014-05-18,0128,Terra,MODIS,57,6.2,300.5,5.5,D,0
-13.1724,131.6791,323.9,1.1,1,2014-05-18,0128,Terra,MODIS,48,6.2,301.9,12.1,D,0
-13.3165,132.5564,317.7,1,1,2014-05-18,0128,Terra,MODIS,61,6.2,301.2,6.4,D,0
-12.8457,133.1002,323.5,1,1,2014-05-18,0128,Terra,MODIS,76,6.2,302.3,12.9,D,0
-12.8062,133.2063,342.2,1,1,2014-05-18,0128,Terra,MODIS,91,6.2,300.9,37.7,D,0
-12.9633,133.522,320.5,1,1,2014-05-18,0128,Terra,MODIS,68,6.2,300.8,10.5,D,0
-12.6193,130.9694,320.7,1.2,1.1,2014-05-18,0128,Terra,MODIS,62,6.2,296.6,15.8,D,0
-12.9996,133.4544,322,1,1,2014-05-18,0128,Terra,MODIS,51,6.2,299.7,10.6,D,0
-12.9709,133.384,318,1,1,2014-05-18,0128,Terra,MODIS,43,6.2,301.6,6.4,D,0
-12.8165,133.2141,331.4,1,1,2014-05-18,0128,Terra,MODIS,84,6.2,301.2,21,D,0
-12.9798,133.3826,319.7,1,1,2014-05-18,0128,Terra,MODIS,70,6.2,301,7.8,D,0
-12.8263,133.1564,314.8,1,1,2014-05-18,0128,Terra,MODIS,60,6.2,300.5,5.2,D,0
-12.8075,133.2154,321.3,1,1,2014-05-18,0128,Terra,MODIS,54,6.2,300.7,9.6,D,0
-12.8007,133.1696,320.3,1,1,2014-05-18,0128,Terra,MODIS,72,6.2,300.6,9.7,D,0
-13.0081,133.3877,315.6,1,1,2014-05-18,0128,Terra,MODIS,62,6.2,299.7,5.3,D,0
-12.9969,133.4361,321.1,1,1,2014-05-18,0128,Terra,MODIS,45,6.2,298.2,9.3,D,0
-12.8277,133.1655,314.3,1,1,2014-05-18,0128,Terra,MODIS,58,6.2,300.3,4.8,D,0
-12.4123,141.9228,317.7,3.1,1.7,2014-05-18,0128,Terra,MODIS,68,6.2,293.1,59.9,D,0
-12.4134,141.9279,317.5,3.1,1.7,2014-05-18,0128,Terra,MODIS,68,6.2,292.6,62.2,D,0
-14.5432,132.3803,318.7,1,1,2014-05-18,0129,Terra,MODIS,40,6.2,301.3,7.3,D,0
-16.4574,132.1243,323.8,1,1,2014-05-18,0129,Terra,MODIS,42,6.2,305,10.5,D,0
-17.0937,136.8954,325,1.5,1.2,2014-05-18,0129,Terra,MODIS,77,6.2,296.9,30.7,D,0
-17.0955,136.9094,314.5,1.5,1.2,2014-05-18,0129,Terra,MODIS,57,6.2,298.2,12.4,D,0
-17.1084,136.6358,319.5,1.4,1.2,2014-05-18,0129,Terra,MODIS,70,6.2,300.6,13.9,D,0
-16.4347,132.0955,323.7,1,1,2014-05-18,0129,Terra,MODIS,72,6.2,304,10.8,D,0
-14.5522,132.3789,321.9,1,1,2014-05-18,0129,Terra,MODIS,69,6.2,301.1,10.7,D,0
-13.5327,132.338,317,1,1,2014-05-18,0129,Terra,MODIS,26,6.2,301.2,5.3,D,0
-14.2,132.1839,319,1,1,2014-05-18,0129,Terra,MODIS,42,6.2,303,5.8,D,0
-13.8441,132.3895,320,1,1,2014-05-18,0129,Terra,MODIS,40,6.2,300.8,7.6,D,0
-15.9188,132.2179,320,1,1,2014-05-18,0129,Terra,MODIS,65,6.2,302.8,8,D,0
-13.7945,130.883,317.6,1.1,1.1,2014-05-18,0129,Terra,MODIS,37,6.2,296.4,8.2,D,0
-13.8427,132.3801,326.8,1,1,2014-05-18,0129,Terra,MODIS,77,6.2,302.3,15.4,D,0
-14.0752,132.3314,323.9,1,1,2014-05-18,0129,Terra,MODIS,58,6.2,302.4,11,D,0
-13.5251,132.3488,315.8,1,1,2014-05-18,0129,Terra,MODIS,33,6.2,301,5.2,D,0
-13.5236,132.3394,319.2,1,1,2014-05-18,0129,Terra,MODIS,63,6.2,302.4,8.2,D,0
-14.767,131.5504,320.8,1.1,1,2014-05-18,0129,Terra,MODIS,62,6.2,301.5,6.9,D,0
-14.0633,132.314,323.8,1,1,2014-05-18,0129,Terra,MODIS,30,6.2,302.4,10.3,D,0
-14.1271,131.6463,318.3,1.1,1,2014-05-18,0129,Terra,MODIS,38,6.2,302.3,7.5,D,0
-14.1333,131.6253,321.5,1.1,1,2014-05-18,0129,Terra,MODIS,35,6.2,301.5,9.5,D,0
-14.1348,131.6351,327.2,1.1,1,2014-05-18,0129,Terra,MODIS,78,6.2,301.3,17.2,D,0
-14.3166,130.9605,321.3,1.1,1.1,2014-05-18,0129,Terra,MODIS,71,6.2,302.6,9.3,D,0
-14.3182,130.9709,320.3,1.1,1.1,2014-05-18,0129,Terra,MODIS,69,6.2,301.8,8.4,D,0
-15.9471,131.9154,315.3,1,1,2014-05-18,0129,Terra,MODIS,46,6.2,300.7,5.3,D,0
-14.9064,127.0563,320.4,2,1.4,2014-05-18,0129,Terra,MODIS,73,6.2,293.4,29.6,D,0
-14.0819,132.2571,320,1,1,2014-05-18,0129,Terra,MODIS,59,6.2,302.7,8.2,D,0
-14.7913,126.8553,331,2,1.4,2014-05-18,0129,Terra,MODIS,79,6.2,288.1,60.2,D,0
-15.829,126.9154,308.8,1.9,1.4,2014-05-18,0129,Terra,MODIS,31,6.2,282.6,15.3,D,0
-14.9003,127.0447,316.1,2,1.4,2014-05-18,0129,Terra,MODIS,55,6.2,291.9,17.9,D,0
-14.9943,128.7634,328.1,1.5,1.2,2014-05-18,0129,Terra,MODIS,81,6.2,298,30.8,D,0
-14.0834,132.2665,318.9,1,1,2014-05-18,0129,Terra,MODIS,61,6.2,301.5,7.3,D,0
-14.9891,128.7565,321.4,1.5,1.2,2014-05-18,0129,Terra,MODIS,72,6.2,298.8,17.5,D,0
-14.9914,128.77,327.2,1.5,1.2,2014-05-18,0129,Terra,MODIS,80,6.2,297.9,28.9,D,0
-15.0313,128.587,332.1,1.5,1.2,2014-05-18,0129,Terra,MODIS,84,6.2,296.4,44.1,D,0
-15.1445,126.7657,321.6,2,1.4,2014-05-18,0129,Terra,MODIS,76,6.2,295,34.9,D,0
-14.1834,130.368,317.6,1.2,1.1,2014-05-18,0129,Terra,MODIS,59,6.2,299.7,9.3,D,0
-14.5686,133.9899,322.1,1,1,2014-05-18,0129,Terra,MODIS,53,6.2,299.1,11,D,0
-14.5673,133.9805,336.8,1,1,2014-05-18,0129,Terra,MODIS,87,6.2,302.9,30.1,D,0
-14.514,133.3612,318.7,1,1,2014-05-18,0129,Terra,MODIS,63,6.2,302.5,6.5,D,0
-15.3411,141.7882,312,3.3,1.7,2014-05-18,0129,Terra,MODIS,52,6.2,295,30.5,D,0
-18.9239,130.9529,331.6,1,1,2014-05-18,0130,Terra,MODIS,80,6.2,292.5,25.2,D,0
-18.9148,130.9544,320.3,1,1,2014-05-18,0130,Terra,MODIS,44,6.2,293.4,11,D,0
-18.9163,130.9641,320.2,1,1,2014-05-18,0130,Terra,MODIS,54,6.2,294.8,10.1,D,0
-18.8965,131.0173,322.6,1,1,2014-05-18,0130,Terra,MODIS,55,6.2,299.5,10.3,D,0
-21.063,118.1868,315.1,4.7,2,2014-05-18,0309,Terra,MODIS,34,6.2,299.8,54.4,D,0
-21.0611,118.1796,312.9,4.7,2,2014-05-18,0309,Terra,MODIS,30,6.2,299.7,41.7,D,0
-21.0791,118.178,319,4.7,2,2014-05-18,0309,Terra,MODIS,70,6.2,299.5,92.8,D,0
-21.0776,118.1734,322.8,4.7,2,2014-05-18,0309,Terra,MODIS,76,6.2,299.5,123,D,0
-36.4367,141.0566,310.7,1.7,1.3,2014-05-18,0411,Aqua,MODIS,32,6.2,291.7,12.9,D,0
-37.7319,146.2958,322.5,1,1,2014-05-18,0411,Aqua,MODIS,71,6.2,279.1,22,D,0
-35.8765,146.1679,309.9,1,1,2014-05-18,0411,Aqua,MODIS,69,6.2,284.6,7.7,D,0
-37.7273,146.3302,367.8,1,1,2014-05-18,0411,Aqua,MODIS,87,6.2,292.5,110.4,D,0
-37.772,146.3347,307.8,1,1,2014-05-18,0411,Aqua,MODIS,59,6.2,286.8,9.5,D,0
-37.7304,146.3073,328.9,1,1,2014-05-18,0411,Aqua,MODIS,60,6.2,283.6,27.8,D,0
-37.7107,146.3146,319.5,1,1,2014-05-18,0411,Aqua,MODIS,47,6.2,282.1,17.6,D,0
-37.7198,146.3167,340,1,1,2014-05-18,0411,Aqua,MODIS,53,6.2,286.6,41.8,D,0
-37.7091,146.3262,316.8,1,1,2014-05-18,0411,Aqua,MODIS,73,6.2,284.3,16.5,D,0
-37.7182,146.3282,360.1,1,1,2014-05-18,0411,Aqua,MODIS,94,6.2,289.4,87.2,D,0
-37.7705,146.346,318,1,1,2014-05-18,0411,Aqua,MODIS,59,6.2,286.8,17.1,D,0
-37.7289,146.3188,348.5,1,1,2014-05-18,0411,Aqua,MODIS,75,6.2,289.3,58,D,0
-37.7563,146.3245,312.2,1,1,2014-05-18,0411,Aqua,MODIS,60,6.2,286.8,12.5,D,0
-37.7365,146.3322,351.3,1,1,2014-05-18,0411,Aqua,MODIS,91,6.2,290.7,66,D,0
-37.9461,145.9894,300.3,1,1,2014-05-18,0411,Aqua,MODIS,35,6.2,280.3,6.6,D,0
-35.7017,146.4406,304,1,1,2014-05-18,0412,Aqua,MODIS,44,6.2,279.4,7.3,D,0
-35.4786,145.7204,328,1,1,2014-05-18,0412,Aqua,MODIS,85,6.2,291,26.2,D,0
-35.7001,146.4517,323.3,1,1,2014-05-18,0412,Aqua,MODIS,72,6.2,280.9,22.7,D,0
-34.2442,146.1503,325.7,1,1,2014-05-18,0412,Aqua,MODIS,79,6.2,286.3,22.5,D,0
-34.4486,146.0024,317.5,1,1,2014-05-18,0412,Aqua,MODIS,68,6.2,276.7,17,D,0
-35.4771,145.7317,340,1,1,2014-05-18,0412,Aqua,MODIS,92,6.2,291.2,43.8,D,0
-34.2457,146.1394,352.3,1,1,2014-05-18,0412,Aqua,MODIS,96,6.2,289.3,66,D,0
-33.8208,138.527,312,2.2,1.5,2014-05-18,0412,Aqua,MODIS,63,6.2,295,26.1,D,0
-35.6065,145.324,326.7,1,1,2014-05-18,0412,Aqua,MODIS,80,6.2,289.6,24.4,D,0
-35.6116,145.3305,314,1,1,2014-05-18,0412,Aqua,MODIS,63,6.2,287.3,10.1,D,0
-33.0333,148.0221,301.8,1.1,1,2014-05-18,0412,Aqua,MODIS,47,6.2,280.1,4.3,D,0
-35.6131,145.319,324,1,1,2014-05-18,0412,Aqua,MODIS,83,6.2,291.2,19.9,D,0
-35.5245,144.3062,312.8,1.1,1.1,2014-05-18,0412,Aqua,MODIS,72,6.2,295.7,9.1,D,0
-35.5229,144.3186,337.6,1.1,1.1,2014-05-18,0412,Aqua,MODIS,90,6.2,298.3,42.1,D,0
-35.963,144.5314,311.8,1.1,1,2014-05-18,0412,Aqua,MODIS,72,6.2,297,9.1,D,0
-35.4668,144.459,385.6,1.1,1,2014-05-18,0412,Aqua,MODIS,100,6.2,304.3,201.4,D,0
-24.8112,147.6691,319.5,1.3,1.1,2014-05-18,0414,Aqua,MODIS,59,6.2,295.9,17.5,D,0
-24.7888,147.6774,334.7,1.3,1.1,2014-05-18,0414,Aqua,MODIS,87,6.2,297.6,45.4,D,0
-24.8133,147.6564,327.9,1.3,1.1,2014-05-18,0414,Aqua,MODIS,82,6.2,296.9,31.5,D,0
-26.5611,150.1939,327.7,1.7,1.3,2014-05-18,0414,Aqua,MODIS,83,6.2,295,49.3,D,0
-26.5496,150.1912,322.9,1.7,1.3,2014-05-18,0414,Aqua,MODIS,80,6.2,293.8,39.4,D,0
-24.791,147.6648,319,1.3,1.1,2014-05-18,0414,Aqua,MODIS,46,6.2,296.7,17.8,D,0
-23.0366,147.4954,321.3,1.4,1.2,2014-05-18,0415,Aqua,MODIS,45,6.2,292.3,22.1,D,0
-20.7425,139.4725,321.3,1.3,1.1,2014-05-18,0416,Aqua,MODIS,56,6.2,303.5,11.7,D,2
-15.8905,136.4657,315.1,1.8,1.3,2014-05-18,0417,Aqua,MODIS,57,6.2,298.1,15.7,D,0
-15.3449,141.7858,320.2,1,1,2014-05-18,0417,Aqua,MODIS,70,6.2,303.3,9.5,D,0
-15.8885,136.4826,317.8,1.8,1.3,2014-05-18,0417,Aqua,MODIS,66,6.2,297,22.6,D,0
-16.2163,144.6859,323.9,1.2,1.1,2014-05-18,0417,Aqua,MODIS,78,6.2,301,19.9,D,0
-15.0857,142.245,318,1,1,2014-05-18,0417,Aqua,MODIS,66,6.2,301.1,7.3,D,0
-15.2076,142.2289,322.8,1,1,2014-05-18,0417,Aqua,MODIS,75,6.2,302.1,11.3,D,0
-16.218,144.675,317.1,1.2,1.1,2014-05-18,0417,Aqua,MODIS,60,6.2,299.2,11.2,D,0
-15.2166,142.2303,326.8,1,1,2014-05-18,0417,Aqua,MODIS,79,6.2,301.5,15.6,D,0
-15.3753,141.5725,316.4,1,1,2014-05-18,0417,Aqua,MODIS,48,6.2,302.5,5,D,0
-17.3197,138.2362,331.5,1.4,1.2,2014-05-18,0417,Aqua,MODIS,84,6.2,301.2,41.1,D,0
-17.3214,138.2229,326.5,1.4,1.2,2014-05-18,0417,Aqua,MODIS,79,6.2,299.8,30.6,D,0
-12.4093,141.9175,329.1,1,1,2014-05-18,0418,Aqua,MODIS,83,6.2,293.9,22.8,D,0
-14.3928,133.1196,315.5,3.1,1.7,2014-05-18,0418,Aqua,MODIS,62,6.2,296.3,34,D,0
-12.4079,141.9267,331.4,1,1,2014-05-18,0418,Aqua,MODIS,85,6.2,295.2,25.9,D,0
-12.975,133.3591,316,2.8,1.6,2014-05-18,0418,Aqua,MODIS,48,6.2,296.1,36.6,D,0
-14.5901,133.9518,317.3,2.7,1.6,2014-05-18,0418,Aqua,MODIS,42,6.2,293.5,39.8,D,0
-12.9477,131.3214,314.7,4.1,1.9,2014-05-18,0418,Aqua,MODIS,58,6.2,293.7,51.1,D,0
-12.9268,131.3571,312.4,4.1,1.9,2014-05-18,0418,Aqua,MODIS,46,6.2,292.3,34.2,D,0
-14.5874,133.9767,316.9,2.7,1.6,2014-05-18,0418,Aqua,MODIS,49,6.2,294.4,40.1,D,0
-14.586,133.9445,325.3,2.7,1.6,2014-05-18,0418,Aqua,MODIS,72,6.2,294.5,70.5,D,0
-14.5832,133.9694,330.9,2.7,1.6,2014-05-18,0418,Aqua,MODIS,84,6.2,295.4,99.9,D,0
-12.9993,133.4199,314.2,2.8,1.6,2014-05-18,0418,Aqua,MODIS,40,6.2,293.9,28.4,D,0
-12.9763,133.3644,319.6,2.8,1.6,2014-05-18,0418,Aqua,MODIS,74,6.2,296.7,53.1,D,0
-12.7668,133.2214,318.4,2.9,1.6,2014-05-18,0418,Aqua,MODIS,46,6.2,295.1,40.4,D,0
-14.5718,133.9428,315.6,2.7,1.6,2014-05-18,0418,Aqua,MODIS,50,6.2,293.8,32.8,D,0
-13.1756,131.6554,327.5,3.9,1.8,2014-05-18,0418,Aqua,MODIS,78,6.2,292.6,115.5,D,0
-14.062,132.3062,318.6,3.6,1.8,2014-05-18,0418,Aqua,MODIS,71,6.2,293.3,56,D,0
-14.3896,133.1485,317,3.1,1.7,2014-05-18,0418,Aqua,MODIS,68,6.2,297.1,40.3,D,0
-13.181,131.6604,324.3,3.9,1.8,2014-05-18,0418,Aqua,MODIS,78,6.2,293,93.3,D,0
-13.8705,131.7463,319.7,3.9,1.8,2014-05-18,0418,Aqua,MODIS,73,6.2,294.3,68.9,D,0
-13.859,131.7497,316.2,3.9,1.8,2014-05-18,0418,Aqua,MODIS,63,6.2,293,47.1,D,0
-14.0552,132.3125,316.2,3.6,1.8,2014-05-18,0418,Aqua,MODIS,66,6.2,294.9,43,D,0
-33.3649,121.9734,304,1,1,2014-05-18,0551,Aqua,MODIS,58,6.2,281.1,5.5,D,0
-21.0767,118.1855,325.5,1,1,2014-05-18,0554,Aqua,MODIS,70,6.2,307.5,13,D,0
-21.078,118.1759,335.5,1,1,2014-05-18,0554,Aqua,MODIS,83,6.2,307.2,26.1,D,0
-21.0794,118.1663,325.7,1,1,2014-05-18,0554,Aqua,MODIS,65,6.2,304.8,13.1,D,0
-21.069,118.1744,336.7,1,1,2014-05-18,0554,Aqua,MODIS,84,6.2,307.4,27.2,D,0
-21.0704,118.1648,350.8,1,1,2014-05-18,0554,Aqua,MODIS,95,6.2,307.6,53.2,D,0
-21.0718,118.1552,337.6,1,1,2014-05-18,0554,Aqua,MODIS,85,6.2,306.3,29.8,D,0
-24.686,152.0148,306.2,3.1,1.7,2014-05-18,1201,Terra,MODIS,67,6.2,287.1,44.7,N,0
-24.6877,152.0083,304.6,3.1,1.7,2014-05-18,1201,Terra,MODIS,61,6.2,287.2,40.1,N,0
-20.7326,139.4791,308.4,1.4,1.2,2014-05-18,1341,Terra,MODIS,74,6.2,291,14.4,N,2
-12.9968,133.3885,304.4,1,1,2014-05-18,1343,Terra,MODIS,60,6.2,294.3,3.8,N,0
-13.0064,133.3865,307.6,1,1,2014-05-18,1343,Terra,MODIS,72,6.2,294.3,5.4,N,0
-14.0804,132.3312,304.8,1.1,1,2014-05-18,1343,Terra,MODIS,36,6.2,284.9,6.2,N,0
-12.7699,133.1734,317.9,1,1,2014-05-18,1343,Terra,MODIS,96,6.2,292.3,14.1,N,0
-14.0513,132.0081,307,1.1,1,2014-05-18,1343,Terra,MODIS,70,6.2,285.8,7.8,N,0
-14.0607,132.0094,315,1.1,1,2014-05-18,1343,Terra,MODIS,90,6.2,285.3,14.2,N,0
-13.5635,133.0202,302.9,1,1,2014-05-18,1343,Terra,MODIS,38,6.2,291.2,4.4,N,0
-13.8514,130.9782,340.8,1.2,1.1,2014-05-18,1343,Terra,MODIS,100,6.2,290.7,58.7,N,0
-13.8528,130.9671,318.1,1.2,1.1,2014-05-18,1343,Terra,MODIS,88,6.2,285.6,20.8,N,0
-13.8415,130.9769,320,1.2,1.1,2014-05-18,1343,Terra,MODIS,98,6.2,286.9,22.1,N,0
-12.7686,133.1826,305,1,1,2014-05-18,1343,Terra,MODIS,49,6.2,290.9,4.5,N,0
-13.6563,131.3107,301.4,1.2,1.1,2014-05-18,1343,Terra,MODIS,2,6.2,283.1,8,N,0
-24.6847,152.0262,306.1,1,1,2014-05-18,1511,Aqua,MODIS,67,6.2,288.4,8.4,N,0
-24.6832,152.0163,309.9,1,1,2014-05-18,1511,Aqua,MODIS,78,6.2,287.9,10.9,N,0
-36.5991,149.6922,308.3,1,1,2014-05-18,1514,Aqua,MODIS,38,6.2,279.4,10.5,N,0
-34.4602,150.8868,300.2,1,1,2014-05-18,1514,Aqua,MODIS,21,6.2,285.9,6.1,N,2
-37.7269,146.3338,316.8,1.1,1.1,2014-05-18,1515,Aqua,MODIS,91,6.2,281,20.6,N,0
-12.7701,133.1922,306.9,1.2,1.1,2014-05-18,1646,Aqua,MODIS,68,6.2,293.1,7.5,N,0
-12.7686,133.1811,305.3,1.2,1.1,2014-05-18,1646,Aqua,MODIS,64,6.2,293.4,7,N,0
-12.7671,133.1701,303.5,1.2,1.1,2014-05-18,1646,Aqua,MODIS,13,6.2,291,6.1,N,0
-14.0472,132.3108,304.1,1.1,1.1,2014-05-18,1647,Aqua,MODIS,58,6.2,292.9,5.3,N,0
-13.5167,132.3183,306.6,1.1,1.1,2014-05-18,1647,Aqua,MODIS,68,6.2,290.3,7.7,N,0
-13.5072,132.3197,303.4,1.1,1.1,2014-05-18,1647,Aqua,MODIS,18,6.2,289.5,4.9,N,0
-15.3933,141.5631,311.7,1.7,1.3,2014-05-19,0034,Terra,MODIS,54,6.2,299,10.8,D,0
-20.7374,139.4857,313.1,1.9,1.4,2014-05-19,0035,Terra,MODIS,60,6.2,289.6,18.4,D,2
-26.1999,149.6325,310.5,1.7,1.3,2014-05-19,0036,Terra,MODIS,63,6.2,296.9,12.3,D,0
-26.7885,150.6566,313,2,1.4,2014-05-19,0036,Terra,MODIS,68,6.2,293,23.4,D,0
-26.7901,150.6499,314.1,2,1.4,2014-05-19,0036,Terra,MODIS,66,6.2,292.7,26.1,D,0
-26.6621,150.6772,310.8,2,1.4,2014-05-19,0036,Terra,MODIS,65,6.2,294.1,20.1,D,0
-27.1046,150.6964,307.2,2,1.4,2014-05-19,0036,Terra,MODIS,57,6.2,289.6,16.8,D,0
-25.6782,148.6406,308.6,1.4,1.2,2014-05-19,0036,Terra,MODIS,36,6.2,296.6,8,D,0
-28.1059,148.7683,311.3,1.5,1.2,2014-05-19,0037,Terra,MODIS,66,6.2,296.9,10.4,D,0
-29.7051,149.9183,314,1.9,1.4,2014-05-19,0037,Terra,MODIS,74,6.2,291.1,25.2,D,0
-29.7098,149.9324,308.1,1.9,1.4,2014-05-19,0037,Terra,MODIS,48,6.2,290,13.1,D,0
-33.3934,147.2028,304.6,1.5,1.2,2014-05-19,0038,Terra,MODIS,57,6.2,286.5,5.7,D,0
-31.6145,146.0212,303.8,1.2,1.1,2014-05-19,0038,Terra,MODIS,43,6.2,289,5.5,D,0
-33.526,146.95,319.1,1.4,1.2,2014-05-19,0038,Terra,MODIS,78,6.2,292.1,24.7,D,0
-33.5277,146.9653,313.9,1.4,1.2,2014-05-19,0038,Terra,MODIS,73,6.2,291.9,17.3,D,0
-34.256,142.1553,310.3,1,1,2014-05-19,0039,Terra,MODIS,67,6.2,294.1,7.6,D,0
-34.2433,142.2534,310.1,1,1,2014-05-19,0039,Terra,MODIS,66,6.2,293.8,7.4,D,0
-36.6005,149.6816,308.6,2.3,1.5,2014-05-19,0039,Terra,MODIS,64,6.2,288.3,27.6,D,0
-36.6026,149.7078,302.3,2.3,1.5,2014-05-19,0039,Terra,MODIS,34,6.2,287.5,15.1,D,0
-38.0009,146.0732,301.1,1.4,1.2,2014-05-19,0039,Terra,MODIS,45,6.2,288.1,8.2,D,0
-36.1827,149.6257,304.1,2.2,1.4,2014-05-19,0039,Terra,MODIS,58,6.2,288.3,19.6,D,0
-35.1283,138.5557,301.6,1.2,1.1,2014-05-19,0039,Terra,MODIS,48,6.2,283.5,6.2,D,0
-35.9704,142.9613,309.2,1,1,2014-05-19,0039,Terra,MODIS,66,6.2,294.4,7.1,D,0
-37.6173,144.0531,301.3,1.1,1.1,2014-05-19,0039,Terra,MODIS,46,6.2,288.8,5.3,D,0
-35.9719,142.9728,307,1,1,2014-05-19,0039,Terra,MODIS,62,6.2,294.1,5.4,D,0
-37.6193,144.0468,306.4,1.1,1.1,2014-05-19,0039,Terra,MODIS,63,6.2,289,9.4,D,0
-37.9538,144.648,332.1,1.2,1.1,2014-05-19,0040,Terra,MODIS,88,6.2,294.2,40.1,D,0
-37.9555,144.6619,308.8,1.2,1.1,2014-05-19,0040,Terra,MODIS,64,6.2,293.3,9.8,D,0
-38.0927,144.1029,300.5,1.2,1.1,2014-05-19,0040,Terra,MODIS,19,6.2,284.5,6.5,D,0
-37.8459,144.3315,314,1.2,1.1,2014-05-19,0040,Terra,MODIS,55,6.2,292.2,13.1,D,0
-15.6913,126.2707,316.7,1.5,1.2,2014-05-19,0212,Terra,MODIS,64,6.2,300.3,10.8,D,0
-15.2223,125.633,317.5,1.3,1.1,2014-05-19,0212,Terra,MODIS,38,6.2,298.3,11.6,D,0
-15.2105,125.9218,321.4,1.4,1.2,2014-05-19,0212,Terra,MODIS,73,6.2,300,17.1,D,0
-16.1801,126.7984,343.3,1.6,1.3,2014-05-19,0212,Terra,MODIS,91,6.2,296.3,81.5,D,0
-16.1786,126.7928,328.7,1.6,1.3,2014-05-19,0212,Terra,MODIS,42,6.2,298.3,36,D,0
-16.19,126.7914,331.3,1.6,1.3,2014-05-19,0212,Terra,MODIS,65,6.2,301.9,42.3,D,0
-16.3314,126.4643,331.5,1.6,1.2,2014-05-19,0212,Terra,MODIS,83,6.2,300.4,40.9,D,0
-16.3321,126.4584,332.9,1.6,1.2,2014-05-19,0212,Terra,MODIS,84,6.2,300.3,44.5,D,0
-16.5823,126.1749,319.1,1.5,1.2,2014-05-19,0212,Terra,MODIS,66,6.2,299.3,14.8,D,0
-16.5845,126.1041,315.7,1.5,1.2,2014-05-19,0212,Terra,MODIS,42,6.2,300.2,9.2,D,0
-16.3431,126.4568,320.9,1.6,1.2,2014-05-19,0212,Terra,MODIS,71,6.2,300.4,18.8,D,0
-16.5897,126.1457,321,1.5,1.2,2014-05-19,0212,Terra,MODIS,70,6.2,299.2,18,D,0
-16.5914,126.1597,325.4,1.5,1.2,2014-05-19,0212,Terra,MODIS,77,6.2,299.8,26.4,D,0
-16.5928,126.2598,319.8,1.5,1.2,2014-05-19,0212,Terra,MODIS,69,6.2,299.6,17.6,D,0
-16.591,126.2456,320.8,1.5,1.2,2014-05-19,0212,Terra,MODIS,71,6.2,297.9,19.3,D,0
-16.4059,126.5076,326.2,1.6,1.2,2014-05-19,0212,Terra,MODIS,78,6.2,301.2,29.3,D,0
-16.404,126.4933,321.1,1.6,1.2,2014-05-19,0212,Terra,MODIS,62,6.2,300.4,18.1,D,0
-15.6861,126.2297,322.5,1.5,1.2,2014-05-19,0212,Terra,MODIS,74,6.2,299.5,22,D,0
-15.6679,126.2598,333.2,1.5,1.2,2014-05-19,0212,Terra,MODIS,80,6.2,299.8,41.9,D,0
-15.6588,126.2748,338.8,1.5,1.2,2014-05-19,0212,Terra,MODIS,89,6.2,301.5,57.6,D,0
-15.6571,126.2612,356.8,1.5,1.2,2014-05-19,0212,Terra,MODIS,98,6.2,298.5,122.5,D,0
-15.6652,126.2666,327.6,1.5,1.2,2014-05-19,0212,Terra,MODIS,80,6.2,299.7,30.2,D,0
-15.6562,126.2816,321.2,1.5,1.2,2014-05-19,0212,Terra,MODIS,59,6.2,300.4,17.4,D,0
-15.6544,126.2679,368.4,1.5,1.2,2014-05-19,0212,Terra,MODIS,100,6.2,302.7,181.9,D,0
-16.3948,126.4206,314.9,1.6,1.2,2014-05-19,0212,Terra,MODIS,55,6.2,298.7,11.1,D,0
-15.3713,125.6702,342.8,1.3,1.1,2014-05-19,0212,Terra,MODIS,91,6.2,300.8,62.2,D,0
-15.3729,125.6823,341.2,1.3,1.1,2014-05-19,0212,Terra,MODIS,90,6.2,300.2,58.4,D,0
-15.7301,125.5339,325.5,1.3,1.1,2014-05-19,0212,Terra,MODIS,78,6.2,296,25.6,D,0
-15.8564,125.6363,334,1.4,1.2,2014-05-19,0212,Terra,MODIS,79,6.2,294.3,39.4,D,0
-15.853,125.6109,327.1,1.3,1.1,2014-05-19,0212,Terra,MODIS,55,6.2,295.1,25.8,D,0
-15.8547,125.6236,332.6,1.3,1.2,2014-05-19,0212,Terra,MODIS,80,6.2,293,35.5,D,0
-15.8611,125.6165,328.8,1.3,1.2,2014-05-19,0212,Terra,MODIS,55,6.2,298,27.7,D,0
-15.3413,125.763,319.7,1.4,1.2,2014-05-19,0212,Terra,MODIS,70,6.2,301.2,13.3,D,0
-16.2158,124.449,322.6,1.2,1.1,2014-05-19,0212,Terra,MODIS,74,6.2,300.5,15.2,D,0
-16.2173,124.4599,322,1.2,1.1,2014-05-19,0212,Terra,MODIS,70,6.2,299.1,14.2,D,0
-16.9881,122.4239,321.7,1,1,2014-05-19,0213,Terra,MODIS,70,6.2,301.1,11.7,D,0
-16.9867,122.4144,328.5,1,1,2014-05-19,0213,Terra,MODIS,79,6.2,302.7,19.4,D,0
-17.6795,123.7429,324.2,1.1,1.1,2014-05-19,0213,Terra,MODIS,72,6.2,303.3,14.9,D,0
-17.689,123.7415,346.3,1.1,1.1,2014-05-19,0213,Terra,MODIS,92,6.2,304.7,52.7,D,0
-17.6905,123.752,330.5,1.1,1.1,2014-05-19,0213,Terra,MODIS,80,6.2,304.4,22.4,D,0
-16.935,126.1609,317.5,1.5,1.2,2014-05-19,0213,Terra,MODIS,60,6.2,301,11,D,0
-17.9557,128.0038,315.3,2.1,1.4,2014-05-19,0213,Terra,MODIS,42,6.2,297.3,22.5,D,0
-16.9002,126.3475,320.1,1.6,1.2,2014-05-19,0213,Terra,MODIS,69,6.2,302.4,14.4,D,0
-22.4343,124.9215,329.4,1.5,1.2,2014-05-19,0214,Terra,MODIS,80,6.2,303,28.9,D,0
-22.436,124.936,319.3,1.5,1.2,2014-05-19,0214,Terra,MODIS,52,6.2,302.3,9.8,D,0
-22.4321,124.9282,332.5,1.5,1.2,2014-05-19,0214,Terra,MODIS,83,6.2,303.2,35.7,D,0
-20.4527,118.2669,322.9,1.2,1.1,2014-05-19,0214,Terra,MODIS,69,6.2,304.4,14.1,D,0
-20.4545,118.278,341.3,1.2,1.1,2014-05-19,0214,Terra,MODIS,89,6.2,305.8,45.6,D,0
-20.4624,118.2651,340.5,1.2,1.1,2014-05-19,0214,Terra,MODIS,89,6.2,305.1,43.6,D,0
-20.4642,118.2763,322.3,1.2,1.1,2014-05-19,0214,Terra,MODIS,68,6.2,304.9,12.8,D,0
-20.7975,119.3331,373.2,1.1,1,2014-05-19,0214,Terra,MODIS,100,6.2,310.8,125.4,D,0
-20.5967,116.7815,322,1.4,1.2,2014-05-19,0214,Terra,MODIS,54,6.2,301.8,22.7,D,2
-20.8006,119.3533,320.7,1.1,1,2014-05-19,0214,Terra,MODIS,65,6.2,307.7,6.9,D,0
-20.7991,119.3432,391.6,1.1,1,2014-05-19,0214,Terra,MODIS,100,6.2,313.2,210.9,D,0
-33.6837,121.508,312.1,1.3,1.1,2014-05-19,0217,Terra,MODIS,69,6.2,294.8,11.3,D,0
-32.6534,118.4363,314.3,1,1,2014-05-19,0217,Terra,MODIS,74,6.2,290.8,11.1,D,0
-33.6143,121.0063,308.5,1.2,1.1,2014-05-19,0217,Terra,MODIS,62,6.2,291,7.7,D,0
-33.6159,121.0195,316.5,1.2,1.1,2014-05-19,0217,Terra,MODIS,75,6.2,289.4,16,D,0
-34.9359,147.4668,305,4.8,2,2014-05-19,0316,Aqua,MODIS,60,6.2,291.6,42.6,D,0
-34.7123,147.7106,310.3,4.6,2,2014-05-19,0316,Aqua,MODIS,70,6.2,291.6,68.3,D,0
-34.5628,147.4817,305.8,4.8,2,2014-05-19,0316,Aqua,MODIS,62,6.2,291.8,39.2,D,0
-34.6969,147.7057,314.9,4.6,2,2014-05-19,0316,Aqua,MODIS,70,6.2,291.5,94.7,D,0
-34.5784,147.49,306.6,4.8,2,2014-05-19,0316,Aqua,MODIS,64,6.2,291.5,42.7,D,0
-27.868,151.2146,313.8,2.3,1.5,2014-05-19,0318,Aqua,MODIS,61,6.2,293.9,28.6,D,0
-35.5983,144.3072,311.3,2.3,1.5,2014-05-19,0454,Aqua,MODIS,71,6.2,293.9,27,D,0
-35.2145,143.9202,308.5,2.2,1.4,2014-05-19,0454,Aqua,MODIS,65,6.2,295,16,D,0
-35.2161,143.9001,314.7,2.2,1.4,2014-05-19,0454,Aqua,MODIS,74,6.2,295.8,30.1,D,0
-35.5949,144.3137,308.4,2.3,1.5,2014-05-19,0454,Aqua,MODIS,67,6.2,293.7,20.1,D,0
-35.211,143.9237,307.3,2.2,1.4,2014-05-19,0454,Aqua,MODIS,63,6.2,294.8,13.2,D,0
-35.2194,143.8966,309,2.2,1.4,2014-05-19,0454,Aqua,MODIS,66,6.2,295.9,17.1,D,0
-35.4645,144.1799,334.1,2.2,1.4,2014-05-19,0454,Aqua,MODIS,89,6.2,295.7,103.6,D,0
-37.3921,142.5359,363.1,1.6,1.2,2014-05-19,0454,Aqua,MODIS,93,6.2,271.8,0,D,0
-36.2981,145.489,303.5,2.6,1.5,2014-05-19,0454,Aqua,MODIS,44,6.2,291.3,15.6,D,0
-35.3117,146.7038,325.2,3.2,1.7,2014-05-19,0454,Aqua,MODIS,83,6.2,292.5,113.1,D,0
-36.2725,145.6016,321.3,2.6,1.6,2014-05-19,0454,Aqua,MODIS,81,6.2,291.9,66.8,D,0
-35.5943,147.0667,318.2,3.3,1.7,2014-05-19,0454,Aqua,MODIS,78,6.2,291.4,84.3,D,0
-37.9213,146.1894,302.7,2.6,1.5,2014-05-19,0454,Aqua,MODIS,41,6.2,289,19.6,D,0
-35.3985,145.2279,306,2.6,1.6,2014-05-19,0454,Aqua,MODIS,61,6.2,293.2,18.1,D,0
-34.6483,147.2238,304.2,3.6,1.8,2014-05-19,0454,Aqua,MODIS,50,6.2,291.7,28.7,D,0
-35.3211,146.7121,329.1,3.2,1.7,2014-05-19,0454,Aqua,MODIS,86,6.2,292.9,134.6,D,0
-34.9379,145.8924,347.6,2.9,1.6,2014-05-19,0454,Aqua,MODIS,95,6.2,291.6,262.4,D,0
-35.3127,146.7467,317.4,3.2,1.7,2014-05-19,0454,Aqua,MODIS,78,6.2,293,66.4,D,0
-34.8257,146.8897,306.9,3.4,1.7,2014-05-19,0454,Aqua,MODIS,63,6.2,291.5,31.7,D,0
-35.5476,145.201,308.7,2.6,1.5,2014-05-19,0454,Aqua,MODIS,67,6.2,292.5,25,D,0
-36.1165,145.6583,315.4,2.7,1.6,2014-05-19,0454,Aqua,MODIS,76,6.2,292.7,50.4,D,0
-35.5414,145.2289,328.6,2.6,1.5,2014-05-19,0454,Aqua,MODIS,86,6.2,293.8,99.8,D,0
-34.6334,147.256,307.2,3.6,1.8,2014-05-19,0454,Aqua,MODIS,59,6.2,291.7,41.9,D,0
-34.6387,147.2625,306,3.6,1.8,2014-05-19,0454,Aqua,MODIS,57,6.2,291,35.6,D,0
-36.126,145.7606,304.2,2.7,1.6,2014-05-19,0454,Aqua,MODIS,58,6.2,291.7,16.7,D,0
-35.3564,145.153,308.2,2.6,1.5,2014-05-19,0454,Aqua,MODIS,66,6.2,293.4,21.6,D,0
-36.2682,145.592,333.8,2.6,1.6,2014-05-19,0454,Aqua,MODIS,89,6.2,293,126.5,D,0
-37.928,146.1604,334.4,2.5,1.5,2014-05-19,0454,Aqua,MODIS,89,6.2,289.3,137.3,D,0
-35.3501,145.181,310.9,2.6,1.5,2014-05-19,0454,Aqua,MODIS,70,6.2,291.2,28.9,D,0
-36.1178,145.7849,303.7,2.7,1.6,2014-05-19,0454,Aqua,MODIS,57,6.2,292.2,15.7,D,0
-34.8022,146.005,325.9,3,1.7,2014-05-19,0454,Aqua,MODIS,83,6.2,292,101.8,D,0
-35.3034,146.7386,322.2,3.2,1.7,2014-05-19,0454,Aqua,MODIS,81,6.2,292.9,95.7,D,0
-36.1185,145.6636,308.2,2.7,1.6,2014-05-19,0454,Aqua,MODIS,52,6.2,292.5,25.3,D,0
-37.9415,146.1658,310.1,2.5,1.5,2014-05-19,0454,Aqua,MODIS,70,6.2,288.5,38.7,D,0
-36.1244,145.7555,302.9,2.7,1.6,2014-05-19,0454,Aqua,MODIS,54,6.2,291.6,13.4,D,0
-34.9398,145.8884,341.8,2.9,1.6,2014-05-19,0454,Aqua,MODIS,87,6.2,291.6,213.6,D,0
-36.8872,149.3848,312.3,4.2,1.9,2014-05-19,0454,Aqua,MODIS,72,6.2,285.7,96.6,D,0
-35.4836,144.478,327,2.3,1.5,2014-05-19,0454,Aqua,MODIS,85,6.2,295.1,75.3,D,0
-34.2744,137.899,328.2,1.1,1,2014-05-19,0455,Aqua,MODIS,81,6.2,283.2,25.6,D,0
-34.5912,135.5587,315.6,1,1,2014-05-19,0455,Aqua,MODIS,64,6.2,290.1,13.7,D,0
-33.4423,145.6141,318.2,3.1,1.7,2014-05-19,0455,Aqua,MODIS,77,6.2,289.2,74.9,D,0
-34.1195,145.5821,311.8,3,1.6,2014-05-19,0455,Aqua,MODIS,67,6.2,294.2,36,D,0
-34.3231,146.2438,315.9,3.2,1.7,2014-05-19,0455,Aqua,MODIS,73,6.2,293.6,64.3,D,0
-33.4403,145.6211,319.2,3.1,1.7,2014-05-19,0455,Aqua,MODIS,78,6.2,289.4,79.9,D,0
-34.3282,146.2412,316.4,3.2,1.7,2014-05-19,0455,Aqua,MODIS,74,6.2,293.8,65.3,D,0
-34.1214,145.5782,312.2,3,1.6,2014-05-19,0455,Aqua,MODIS,68,6.2,294.3,35.6,D,0
-35.5911,138.2606,333.4,1.1,1,2014-05-19,0455,Aqua,MODIS,88,6.2,283.4,39.2,D,0
-34.6361,137.7662,314.2,1.1,1,2014-05-19,0455,Aqua,MODIS,54,6.2,290.3,12,D,0
-35.593,138.2487,312.1,1.1,1,2014-05-19,0455,Aqua,MODIS,72,6.2,281.6,14,D,0
-15.6092,136.3034,316.2,1.7,1.3,2014-05-19,0500,Aqua,MODIS,50,6.2,294,17.8,D,0
-16.3013,126.4961,321.1,1.6,1.2,2014-05-19,0500,Aqua,MODIS,72,6.2,299.2,23.2,D,0
-16.2583,126.4753,351.7,1.6,1.2,2014-05-19,0500,Aqua,MODIS,96,6.2,297,116.7,D,0
-16.3031,126.4812,322.5,1.6,1.2,2014-05-19,0500,Aqua,MODIS,74,6.2,295.7,25.2,D,0
-16.2601,126.4605,326.6,1.6,1.2,2014-05-19,0500,Aqua,MODIS,79,6.2,300.9,35.1,D,0
-16.1873,126.7709,326.4,1.5,1.2,2014-05-19,0500,Aqua,MODIS,79,6.2,301.6,23.4,D,0
-16.5954,126.2424,321.7,1.7,1.3,2014-05-19,0500,Aqua,MODIS,44,6.2,301.1,23.2,D,0
-16.5992,126.2109,318.1,1.7,1.3,2014-05-19,0500,Aqua,MODIS,30,6.2,298.8,18.2,D,0
-16.3419,126.4478,330.4,1.6,1.2,2014-05-19,0500,Aqua,MODIS,83,6.2,302,41.4,D,0
-16.5875,126.113,323.8,1.7,1.3,2014-05-19,0500,Aqua,MODIS,51,6.2,297.2,29,D,0
-15.6684,126.2648,327.1,1.6,1.3,2014-05-19,0500,Aqua,MODIS,55,6.2,300,33.9,D,0
-16.8719,126.1165,325.9,1.7,1.3,2014-05-19,0500,Aqua,MODIS,74,6.2,303.4,30.8,D,0
-16.1883,126.7764,327.5,1.5,1.2,2014-05-19,0500,Aqua,MODIS,80,6.2,303.3,23.4,D,0
-16.1855,126.7852,323.2,1.5,1.2,2014-05-19,0500,Aqua,MODIS,67,6.2,304.5,17.3,D,0
-16.5856,126.129,319.3,1.7,1.3,2014-05-19,0500,Aqua,MODIS,43,6.2,298.2,19.4,D,0
-16.3568,126.4194,327.1,1.6,1.3,2014-05-19,0500,Aqua,MODIS,56,6.2,294.7,38,D,0
-16.7234,123.9433,316.1,2.5,1.5,2014-05-19,0500,Aqua,MODIS,46,6.2,296.7,25.7,D,0
-16.5118,123.7124,311.2,2.6,1.5,2014-05-19,0500,Aqua,MODIS,20,6.2,294.3,23,D,0
-17.6878,123.7234,328.4,2.7,1.6,2014-05-19,0500,Aqua,MODIS,79,6.2,301.5,68.2,D,0
-17.9293,122.8439,319,3.2,1.7,2014-05-19,0500,Aqua,MODIS,51,6.2,298.2,51.5,D,0
-17.9323,122.8139,318.8,3.2,1.7,2014-05-19,0500,Aqua,MODIS,51,6.2,298.9,47.4,D,0
-17.9324,122.8397,321,3.2,1.7,2014-05-19,0500,Aqua,MODIS,38,6.2,298.4,56.9,D,0
-16.6372,123.8373,316.8,2.5,1.5,2014-05-19,0500,Aqua,MODIS,53,6.2,295.3,41.2,D,0
-17.7086,123.7074,351.1,2.7,1.6,2014-05-19,0500,Aqua,MODIS,95,6.2,299.8,236.7,D,0
-17.7061,123.7329,346.5,2.7,1.6,2014-05-19,0500,Aqua,MODIS,93,6.2,304.1,194.2,D,0
-15.7344,125.52,326.8,1.8,1.3,2014-05-19,0500,Aqua,MODIS,71,6.2,299.2,44.3,D,0
-15.7365,125.5021,324.6,1.9,1.3,2014-05-19,0500,Aqua,MODIS,59,6.2,299,37.3,D,0
-16.1455,125.9923,323.5,1.7,1.3,2014-05-19,0500,Aqua,MODIS,33,6.2,296.5,29.3,D,0
-16.1339,125.9907,337.5,1.7,1.3,2014-05-19,0500,Aqua,MODIS,74,6.2,301.1,69.5,D,0
-15.8705,125.6039,322.4,1.8,1.3,2014-05-19,0500,Aqua,MODIS,40,6.2,294.8,31.8,D,0
-15.8825,125.605,330.3,1.8,1.3,2014-05-19,0500,Aqua,MODIS,57,6.2,298.4,50.9,D,0
-16.6342,126.0197,320.9,1.7,1.3,2014-05-19,0500,Aqua,MODIS,62,6.2,301.7,22.6,D,0
-17.0991,136.8743,307.2,1.8,1.3,2014-05-19,0500,Aqua,MODIS,33,6.2,276.5,11.2,D,0
-14.5157,132.8667,329.6,1.1,1,2014-05-19,0501,Aqua,MODIS,79,6.2,296.6,23.1,D,0
-15.1581,126.146,322.1,1.6,1.3,2014-05-19,0501,Aqua,MODIS,75,6.2,300,24.9,D,0
-13.7711,133.2712,319.5,1.2,1.1,2014-05-19,0501,Aqua,MODIS,71,6.2,296.9,13.2,D,0
-13.5117,133.2209,318.2,1.2,1.1,2014-05-19,0501,Aqua,MODIS,68,6.2,300,8.3,D,0
-12.7625,133.1722,331.3,1.2,1.1,2014-05-19,0501,Aqua,MODIS,74,6.2,301.7,27.2,D,0
-12.7756,133.1519,333.4,1.2,1.1,2014-05-19,0501,Aqua,MODIS,79,6.2,302.2,30.8,D,0
-14.3773,133.114,334.7,1.1,1.1,2014-05-19,0501,Aqua,MODIS,83,6.2,292.4,33.2,D,0
-14.3757,133.1244,325.7,1.1,1.1,2014-05-19,0501,Aqua,MODIS,66,6.2,293.2,19.4,D,0
-13.8846,134.4425,314.9,1.4,1.2,2014-05-19,0501,Aqua,MODIS,36,6.2,291.5,12.9,D,0
-12.7739,133.1628,357.3,1.2,1.1,2014-05-19,0501,Aqua,MODIS,98,6.2,304.8,89.4,D,0
-12.7705,133.1847,339.8,1.2,1.1,2014-05-19,0501,Aqua,MODIS,89,6.2,304.3,42.8,D,0
-12.7786,133.1973,326,1.2,1.1,2014-05-19,0501,Aqua,MODIS,43,6.2,302.6,17.1,D,0
-13.5715,133.0226,323.2,1.2,1.1,2014-05-19,0501,Aqua,MODIS,75,6.2,303.2,14.5,D,0
-12.8574,133.0942,322.8,1.2,1.1,2014-05-19,0501,Aqua,MODIS,74,6.2,301.9,13,D,0
-12.8064,133.1459,325.6,1.2,1.1,2014-05-19,0501,Aqua,MODIS,77,6.2,302.8,17.2,D,0
-12.9475,132.0164,340.1,1.1,1,2014-05-19,0501,Aqua,MODIS,90,6.2,301.8,35.1,D,0
-12.8376,133.1577,344.7,1.2,1.1,2014-05-19,0501,Aqua,MODIS,92,6.2,303.6,53.8,D,0
-12.8277,132.8112,320.2,1.1,1.1,2014-05-19,0501,Aqua,MODIS,66,6.2,302.9,12.3,D,0
-12.8359,133.1686,342.2,1.2,1.1,2014-05-19,0501,Aqua,MODIS,91,6.2,303.3,48.9,D,0
-12.8048,133.1567,327.8,1.2,1.1,2014-05-19,0501,Aqua,MODIS,73,6.2,302.3,20.2,D,0
-12.9461,132.0261,336,1.1,1,2014-05-19,0501,Aqua,MODIS,81,6.2,299.1,27.5,D,0
-12.7965,133.2113,319.5,1.2,1.1,2014-05-19,0501,Aqua,MODIS,50,6.2,301.4,8.6,D,0
-12.8591,133.0834,318.3,1.2,1.1,2014-05-19,0501,Aqua,MODIS,48,6.2,302.4,7.2,D,0
-12.9567,132.0178,328,1.1,1,2014-05-19,0501,Aqua,MODIS,60,6.2,303.9,15.8,D,0
-12.8293,132.8007,320.3,1.1,1.1,2014-05-19,0501,Aqua,MODIS,70,6.2,303,11.9,D,0
-34.6948,118.2495,308.1,2,1.4,2014-05-19,0634,Aqua,MODIS,52,6.2,289.1,18.2,D,0
-31.9529,116.8843,307.6,1.9,1.3,2014-05-19,0634,Aqua,MODIS,0,6.2,286.1,17.3,D,0
-32.7623,117.8723,303,2.1,1.4,2014-05-19,0634,Aqua,MODIS,30,6.2,289.4,12.6,D,0
-33.4934,120.781,304.6,3,1.7,2014-05-19,0634,Aqua,MODIS,51,6.2,286.2,23.8,D,0
-33.4947,120.7735,305.2,3,1.7,2014-05-19,0634,Aqua,MODIS,53,6.2,287.8,26.8,D,0
-31.9143,119.2718,309.4,2.7,1.6,2014-05-19,0634,Aqua,MODIS,67,6.2,293.7,23.2,D,0
-31.9165,119.2774,308.5,2.7,1.6,2014-05-19,0634,Aqua,MODIS,66,6.2,293.7,21.9,D,0
-31.5565,117.7219,313.8,2.2,1.4,2014-05-19,0634,Aqua,MODIS,73,6.2,294.6,25.4,D,0
-31.5552,117.7291,315.9,2.2,1.4,2014-05-19,0634,Aqua,MODIS,75,6.2,294.3,28.9,D,0
-34.6827,118.2457,317.6,2,1.4,2014-05-19,0634,Aqua,MODIS,78,6.2,289.2,39.4,D,0
-33.1177,117.3541,309.9,1.9,1.3,2014-05-19,0634,Aqua,MODIS,69,6.2,289.5,22.5,D,0
-33.1217,117.3343,310.7,1.9,1.3,2014-05-19,0634,Aqua,MODIS,61,6.2,288.8,23.9,D,0
-34.2488,115.4122,325.4,1.4,1.2,2014-05-19,0634,Aqua,MODIS,84,6.2,290.3,34.8,D,0
-34.4936,118.4498,300.7,2,1.4,2014-05-19,0634,Aqua,MODIS,26,6.2,287.3,8.4,D,0
-34.4929,118.4544,303.6,2,1.4,2014-05-19,0634,Aqua,MODIS,53,6.2,287.9,13.4,D,0
-34.2515,115.3974,309.9,1.4,1.2,2014-05-19,0634,Aqua,MODIS,60,6.2,290.7,12.6,D,0
-33.8814,115.0313,300.1,1.3,1.1,2014-05-19,0634,Aqua,MODIS,25,6.2,285.4,5.7,D,0
-33.1259,117.3427,313.5,1.9,1.3,2014-05-19,0634,Aqua,MODIS,0,6.2,289.9,26.6,D,0
-29.8836,115.4099,308.5,1.7,1.3,2014-05-19,0635,Aqua,MODIS,48,6.2,284.1,15.5,D,0
-30.6346,116.3453,309.9,1.8,1.3,2014-05-19,0635,Aqua,MODIS,63,6.2,295.1,13.5,D,0
-30.6264,116.3485,309.6,1.8,1.3,2014-05-19,0635,Aqua,MODIS,54,6.2,295.5,12.8,D,0
-30.3799,116.0244,310.3,1.8,1.3,2014-05-19,0635,Aqua,MODIS,65,6.2,296.1,11.2,D,0
-29.8831,115.3972,314.9,1.7,1.3,2014-05-19,0635,Aqua,MODIS,61,6.2,286.7,25.3,D,0
-20.8185,119.1908,318.8,4.8,2,2014-05-19,0637,Aqua,MODIS,62,6.2,302.1,73.4,D,0
-20.8224,119.1873,319.8,4.8,2,2014-05-19,0637,Aqua,MODIS,43,6.2,302,73.2,D,0
-36.6052,149.6933,305.6,1.2,1.1,2014-05-19,1241,Terra,MODIS,32,6.2,288.1,11.1,N,0
-36.2294,149.7015,302.5,1.2,1.1,2014-05-19,1241,Terra,MODIS,21,6.2,287.3,8,N,0
-36.5937,149.7046,302.2,1.2,1.1,2014-05-19,1241,Terra,MODIS,20,6.2,286.9,7.9,N,0
-34.461,150.8838,301.8,1.1,1,2014-05-19,1241,Terra,MODIS,44,6.2,281.7,7.8,N,2
-36.5968,149.6772,310.3,1.2,1.1,2014-05-19,1241,Terra,MODIS,12,6.2,287.7,13.6,N,0
-36.5952,149.691,314.5,1.2,1.1,2014-05-19,1241,Terra,MODIS,76,6.2,288,18.7,N,0
-36.4394,149.9026,301.6,1.2,1.1,2014-05-19,1241,Terra,MODIS,35,6.2,287.1,8,N,0
-36.4389,149.9091,302.7,1.2,1.1,2014-05-19,1241,Terra,MODIS,48,6.2,287.3,8.6,N,0
-25.8308,148.5554,300.4,1.1,1,2014-05-19,1244,Terra,MODIS,26,6.2,284.9,6.7,N,0
-20.8621,119.1402,306.4,1.7,1.3,2014-05-19,1424,Terra,MODIS,68,6.2,291.5,16.6,N,0
-20.8693,119.1468,304.5,1.7,1.3,2014-05-19,1424,Terra,MODIS,24,6.2,291.3,13.1,N,0
-21.0507,119.9701,326.7,1.5,1.2,2014-05-19,1424,Terra,MODIS,100,6.2,293.3,46.5,N,0
-21.049,119.9849,312.8,1.5,1.2,2014-05-19,1424,Terra,MODIS,86,6.2,292.1,21.2,N,0
-20.981,120.0735,303.5,1.5,1.2,2014-05-19,1424,Terra,MODIS,55,6.2,290,11.1,N,0
-21.0397,119.9686,354.5,1.5,1.2,2014-05-19,1424,Terra,MODIS,100,6.2,295.4,136.7,N,0
-21.0115,120.0036,314.4,1.5,1.2,2014-05-19,1424,Terra,MODIS,89,6.2,292.5,23.9,N,0
-21.0388,119.9623,330.8,1.5,1.2,2014-05-19,1424,Terra,MODIS,100,6.2,293.1,56.6,N,0
-21.037,119.9771,335.7,1.5,1.2,2014-05-19,1424,Terra,MODIS,100,6.2,294,68.8,N,0
-21.0481,119.9785,330.4,1.5,1.2,2014-05-19,1424,Terra,MODIS,100,6.2,293.9,55.3,N,0
-21.0499,119.9637,318.1,1.5,1.2,2014-05-19,1424,Terra,MODIS,96,6.2,292.6,30.6,N,0
-21.038,119.9834,308.8,1.5,1.2,2014-05-19,1424,Terra,MODIS,76,6.2,292.4,16.2,N,0
-22.4563,124.9478,330.8,1,1,2014-05-19,1424,Terra,MODIS,100,6.2,292.6,29.5,N,0
-22.4577,124.9381,315.6,1,1,2014-05-19,1424,Terra,MODIS,92,6.2,292.2,13.5,N,0
-15.8574,125.6426,312.8,1.1,1.1,2014-05-19,1425,Terra,MODIS,86,6.2,295.5,10.4,N,0
-15.8495,125.6305,307.6,1.1,1.1,2014-05-19,1425,Terra,MODIS,39,6.2,295.1,5.6,N,0
-15.8527,125.6093,305.4,1.1,1.1,2014-05-19,1425,Terra,MODIS,15,6.2,294.3,4.3,N,0
-15.8847,125.6212,305.7,1.1,1.1,2014-05-19,1425,Terra,MODIS,65,6.2,294.6,5.1,N,0
-15.8863,125.6107,319,1.1,1.1,2014-05-19,1425,Terra,MODIS,98,6.2,294.8,17.7,N,0
-15.888,125.6002,306.5,1.1,1.1,2014-05-19,1425,Terra,MODIS,68,6.2,294.1,6,N,0
-15.7464,125.512,310.2,1.1,1.1,2014-05-19,1425,Terra,MODIS,79,6.2,295.4,7.6,N,0
-15.975,126.222,302.7,1.2,1.1,2014-05-19,1425,Terra,MODIS,38,6.2,292.2,5.8,N,0
-16.0204,126.0603,305.6,1.2,1.1,2014-05-19,1425,Terra,MODIS,65,6.2,292.2,7,N,0
-16.2118,126.206,307.2,1.2,1.1,2014-05-19,1425,Terra,MODIS,11,6.2,293.2,7.6,N,0
-16.3454,126.4017,302,1.2,1.1,2014-05-19,1425,Terra,MODIS,44,6.2,291.2,5.2,N,0
-12.4131,141.9228,301.7,1.2,1.1,2014-05-19,1551,Aqua,MODIS,44,6.2,290.5,5.7,N,0
-37.1268,141.258,317.4,1.2,1.1,2014-05-19,1557,Aqua,MODIS,95,6.2,275.8,24.8,N,0
-21.0428,119.9748,310.5,1.1,1.1,2014-05-19,1732,Aqua,MODIS,79,6.2,291,11.8,N,0
-21.0442,119.9856,310,1.1,1.1,2014-05-19,1732,Aqua,MODIS,51,6.2,290.8,10.9,N,0
-21.0482,119.9793,305.7,1.1,1.1,2014-05-19,1732,Aqua,MODIS,65,6.2,290.6,8.9,N,0
-20.978,120.0727,306.1,1.1,1.1,2014-05-19,1732,Aqua,MODIS,67,6.2,291.9,8,N,0
-20.9147,119.9894,309.6,1.1,1.1,2014-05-19,1732,Aqua,MODIS,78,6.2,290.9,11,N,0
-20.9243,119.988,302.6,1.1,1.1,2014-05-19,1732,Aqua,MODIS,28,6.2,289.6,5.6,N,0
-20.5918,116.7772,309.8,1,1,2014-05-19,1732,Aqua,MODIS,78,6.2,294.8,9,N,0
-34.4597,150.8755,301,1.5,1.2,2014-05-19,2343,Terra,MODIS,31,6.2,282.6,9,D,0
-15.3698,141.8439,318.4,1.9,1.4,2014-05-20,0116,Terra,MODIS,55,6.2,298.2,22.6,D,0
-15.3432,141.829,362.2,1.9,1.4,2014-05-20,0116,Terra,MODIS,100,6.2,300.3,219.5,D,0
-12.8108,133.1463,315,1.3,1.1,2014-05-20,0116,Terra,MODIS,66,6.2,299,8.2,D,0
-13.011,133.437,322,1.3,1.1,2014-05-20,0116,Terra,MODIS,76,6.2,294.9,18.3,D,0
-15.3554,141.8275,320.1,1.9,1.4,2014-05-20,0116,Terra,MODIS,76,6.2,298.3,27.5,D,0
-12.8267,133.1806,313.9,1.3,1.1,2014-05-20,0116,Terra,MODIS,57,6.2,298.4,7.2,D,0
-15.3188,141.832,312.2,1.9,1.4,2014-05-20,0116,Terra,MODIS,60,6.2,297.8,14.1,D,0
-15.3454,141.8469,326.4,1.9,1.4,2014-05-20,0116,Terra,MODIS,76,6.2,298.4,42.3,D,0
-15.3576,141.8454,317.8,1.9,1.4,2014-05-20,0116,Terra,MODIS,74,6.2,298.4,22,D,0
-13.8882,132.1964,319.3,1.5,1.2,2014-05-20,0116,Terra,MODIS,65,6.2,301.7,12.9,D,0
-14.0363,132.3079,323,1.4,1.2,2014-05-20,0116,Terra,MODIS,74,6.2,300.4,20.8,D,0
-13.9151,131.9328,320.3,1.5,1.2,2014-05-20,0116,Terra,MODIS,61,6.2,301.7,14.6,D,0
-14.0638,132.3436,322.3,1.4,1.2,2014-05-20,0116,Terra,MODIS,73,6.2,300.7,18.1,D,0
-13.4766,133.079,315.6,1.3,1.1,2014-05-20,0116,Terra,MODIS,34,6.2,297.9,8.1,D,0
-13.4862,133.083,316.4,1.3,1.1,2014-05-20,0116,Terra,MODIS,38,6.2,298.8,9.4,D,0
-13.8634,130.9946,314.7,1.8,1.3,2014-05-20,0116,Terra,MODIS,39,6.2,298.8,12.7,D,0
-13.6514,131.322,323.3,1.7,1.3,2014-05-20,0116,Terra,MODIS,75,6.2,301.9,27.6,D,0
-13.136,132.4413,343.3,1.4,1.2,2014-05-20,0116,Terra,MODIS,92,6.2,301.5,71.4,D,0
-13.6836,133.098,317.5,1.3,1.1,2014-05-20,0116,Terra,MODIS,67,6.2,299.6,12.3,D,0
-13.4998,131.8559,314,1.6,1.2,2014-05-20,0116,Terra,MODIS,55,6.2,300.2,9.3,D,0
-13.4888,133.2212,315.1,1.3,1.1,2014-05-20,0116,Terra,MODIS,63,6.2,300.3,8.3,D,0
-13.0217,131.6841,319.2,1.6,1.3,2014-05-20,0116,Terra,MODIS,69,6.2,301.4,16.8,D,0
-13.8607,130.9784,322.1,1.8,1.3,2014-05-20,0116,Terra,MODIS,72,6.2,299.5,27.9,D,0
-13.1488,132.4527,316.8,1.4,1.2,2014-05-20,0116,Terra,MODIS,66,6.2,300.1,12.9,D,0
-14.0617,132.3306,327.2,1.4,1.2,2014-05-20,0116,Terra,MODIS,79,6.2,302.3,26,D,0
-12.7526,133.1624,314.6,1.3,1.1,2014-05-20,0116,Terra,MODIS,55,6.2,298.2,8.4,D,0
-13.6516,131.3121,318.9,1.7,1.3,2014-05-20,0116,Terra,MODIS,68,6.2,301.6,19.4,D,0
-13.1382,132.4544,327.6,1.4,1.2,2014-05-20,0116,Terra,MODIS,80,6.2,300.7,31.1,D,0
-12.7564,133.1866,334.2,1.3,1.1,2014-05-20,0116,Terra,MODIS,87,6.2,299,39.1,D,0
-13.6541,131.3276,318.1,1.7,1.3,2014-05-20,0116,Terra,MODIS,67,6.2,300.4,18.2,D,0
-12.7658,133.1907,320.1,1.3,1.1,2014-05-20,0116,Terra,MODIS,33,6.2,299.7,13,D,0
-13.9174,131.9467,318.1,1.5,1.2,2014-05-20,0116,Terra,MODIS,52,6.2,301.9,11.8,D,0
-14.1098,130.7043,323.3,1.8,1.3,2014-05-20,0117,Terra,MODIS,74,6.2,299.7,34.7,D,0
-14.1128,130.7218,314.8,1.8,1.3,2014-05-20,0117,Terra,MODIS,54,6.2,299.3,15,D,0
-15.664,131.7559,315,1.5,1.2,2014-05-20,0117,Terra,MODIS,48,6.2,299.9,8.2,D,0
-15.661,131.7631,316,1.5,1.2,2014-05-20,0117,Terra,MODIS,59,6.2,299.6,10.1,D,0
-15.5919,136.3107,326.9,1,1,2014-05-20,0117,Terra,MODIS,60,6.2,283.3,18.2,D,0
-15.5906,136.3014,318,1,1,2014-05-20,0117,Terra,MODIS,64,6.2,282.6,8.9,D,0
-14.3836,133.1157,319.5,1.3,1.1,2014-05-20,0117,Terra,MODIS,68,6.2,302,9.6,D,0
-14.1162,130.7093,324.5,1.8,1.3,2014-05-20,0117,Terra,MODIS,74,6.2,299.4,35.5,D,0
-14.6817,133.3141,318.5,1.2,1.1,2014-05-20,0117,Terra,MODIS,64,6.2,302.3,8.2,D,0
-13.984,130.616,322.5,1.9,1.3,2014-05-20,0117,Terra,MODIS,37,6.2,299.6,26.1,D,0
-13.963,130.6376,339.7,1.9,1.3,2014-05-20,0117,Terra,MODIS,89,6.2,300.4,84.7,D,0
-13.975,130.6355,324.8,1.9,1.3,2014-05-20,0117,Terra,MODIS,52,6.2,300.3,32.5,D,0
-14.7396,132.9714,325.6,1.3,1.1,2014-05-20,0117,Terra,MODIS,76,6.2,301.2,19.7,D,0
-14.6445,132.8244,320.6,1.3,1.1,2014-05-20,0117,Terra,MODIS,57,6.2,302.5,11.6,D,0
-14.6974,132.7727,318.4,1.3,1.1,2014-05-20,0117,Terra,MODIS,46,6.2,300.8,10.1,D,0
-14.7075,132.771,323.8,1.3,1.1,2014-05-20,0117,Terra,MODIS,74,6.2,301.2,18.8,D,0
-14.4852,132.8582,323.7,1.3,1.1,2014-05-20,0117,Terra,MODIS,57,6.2,300.9,17.3,D,0
-14.4972,132.8684,322.9,1.3,1.1,2014-05-20,0117,Terra,MODIS,64,6.2,302,15.8,D,0
-14.4992,132.8802,324,1.3,1.1,2014-05-20,0117,Terra,MODIS,69,6.2,301.5,17.6,D,0
-16.6104,126.1065,312.3,3.6,1.8,2014-05-20,0117,Terra,MODIS,37,6.2,295.9,32.5,D,0
-14.945,128.6799,314,2.5,1.5,2014-05-20,0117,Terra,MODIS,58,6.2,298.8,25.1,D,0
-14.9489,128.6621,315.4,2.5,1.5,2014-05-20,0117,Terra,MODIS,62,6.2,298.4,28.9,D,0
-16.6025,126.1028,314.4,3.6,1.8,2014-05-20,0117,Terra,MODIS,61,6.2,296.2,47.7,D,0
-35.5682,138.2793,315.1,2,1.4,2014-05-20,0122,Terra,MODIS,75,6.2,286.6,36.7,D,0
-33.8127,136.31,310,1.5,1.2,2014-05-20,0122,Terra,MODIS,57,6.2,297.2,6.6,D,0
-33.665,135.6046,307,1.3,1.1,2014-05-20,0122,Terra,MODIS,46,6.2,295.8,5.7,D,0
-21.8047,119.1894,313.8,3.4,1.7,2014-05-20,0257,Terra,MODIS,49,6.2,301.4,28.1,D,0
-36.9091,149.3844,322,1,1,2014-05-20,0359,Aqua,MODIS,81,6.2,288.4,19.8,D,0
-36.8893,149.3919,354,1,1,2014-05-20,0359,Aqua,MODIS,97,6.2,291.8,71.7,D,0
-36.8802,149.39,322,1,1,2014-05-20,0359,Aqua,MODIS,81,6.2,289.7,19.8,D,0
-36.927,149.5103,307.6,1,1,2014-05-20,0359,Aqua,MODIS,66,6.2,291,7.6,D,0
-36.8878,149.4032,324.2,1,1,2014-05-20,0359,Aqua,MODIS,75,6.2,289,21.1,D,0
-35.5619,138.2435,314.8,3.9,1.8,2014-05-20,0359,Aqua,MODIS,73,6.2,284.4,89,D,0
-35.5638,138.2928,316.6,3.8,1.8,2014-05-20,0359,Aqua,MODIS,76,6.2,285.5,99.4,D,0
-37.8481,141.8974,308.5,2.4,1.5,2014-05-20,0359,Aqua,MODIS,66,6.2,286.9,30.1,D,0
-36.4079,144.5413,305.3,1.6,1.2,2014-05-20,0359,Aqua,MODIS,61,6.2,292.3,7.8,D,0
-35.5658,138.2487,318.2,3.9,1.8,2014-05-20,0359,Aqua,MODIS,77,6.2,285,110.7,D,0
-37.8081,141.575,308.2,2.5,1.5,2014-05-20,0359,Aqua,MODIS,0,6.2,285.5,32.1,D,0
-35.5596,138.2878,318.7,3.8,1.8,2014-05-20,0359,Aqua,MODIS,77,6.2,285.5,111.7,D,0
-37.8417,141.8922,311.4,2.4,1.5,2014-05-20,0359,Aqua,MODIS,71,6.2,287.1,39.8,D,0
-37.8026,141.5669,306.8,2.5,1.5,2014-05-20,0359,Aqua,MODIS,49,6.2,285.4,28.4,D,0
-34.8243,146.0782,329,1.3,1.1,2014-05-20,0359,Aqua,MODIS,85,6.2,291.7,36.9,D,0
-36.1872,149.6168,300.1,1,1,2014-05-20,0359,Aqua,MODIS,26,6.2,288.3,3.9,D,0
-36.1524,149.6666,303.1,1,1,2014-05-20,0359,Aqua,MODIS,55,6.2,291.3,4.9,D,0
-37.3959,149.2989,409.1,1,1,2014-05-20,0359,Aqua,MODIS,94,6.2,295.6,313.8,D,0
-34.8259,146.0644,326.9,1.3,1.1,2014-05-20,0359,Aqua,MODIS,83,6.2,292,32.6,D,0
-35.3962,146.74,313,1.2,1.1,2014-05-20,0359,Aqua,MODIS,68,6.2,294.9,10.4,D,0
-35.4044,146.7549,318.3,1.2,1.1,2014-05-20,0359,Aqua,MODIS,78,6.2,293.6,16.1,D,0
-35.3316,147.0317,311.2,1.1,1.1,2014-05-20,0359,Aqua,MODIS,71,6.2,293.5,10.5,D,0
-35.406,146.7417,332.4,1.2,1.1,2014-05-20,0359,Aqua,MODIS,88,6.2,297.1,36.4,D,0
-35.7918,146.4781,303.2,1.2,1.1,2014-05-20,0359,Aqua,MODIS,52,6.2,293,4.3,D,0
-36.1508,149.6779,307.5,1,1,2014-05-20,0359,Aqua,MODIS,66,6.2,291.1,7.8,D,0
-37.3883,149.2856,393,1,1,2014-05-20,0359,Aqua,MODIS,100,6.2,294.7,215.2,D,0
-36.2492,144.7718,305.5,1.5,1.2,2014-05-20,0359,Aqua,MODIS,61,6.2,292.8,9,D,0
-37.3868,149.297,435.2,1,1,2014-05-20,0359,Aqua,MODIS,100,6.2,305,548.8,D,0
-35.4393,146.6318,306.8,1.2,1.1,2014-05-20,0359,Aqua,MODIS,64,6.2,294.4,5.7,D,0
-35.7934,146.4644,328.8,1.2,1.1,2014-05-20,0359,Aqua,MODIS,86,6.2,295.2,34.6,D,0
-34.1945,138.7911,307.2,3.5,1.8,2014-05-20,0400,Aqua,MODIS,44,6.2,292.4,28.9,D,0
-34.0655,138.931,304.7,3.4,1.7,2014-05-20,0400,Aqua,MODIS,42,6.2,292.1,22,D,0
-34.1969,138.7518,307.4,3.5,1.8,2014-05-20,0400,Aqua,MODIS,49,6.2,292.5,28.9,D,0
-34.0678,138.8933,312.1,3.4,1.7,2014-05-20,0400,Aqua,MODIS,68,6.2,292.1,50.4,D,0
-34.2055,138.7599,310.3,3.5,1.8,2014-05-20,0400,Aqua,MODIS,56,6.2,292.6,38.2,D,0
-33.936,138.9098,304.4,3.4,1.7,2014-05-20,0400,Aqua,MODIS,25,6.2,291.4,22.6,D,0
-33.1694,148.0629,311,1,1,2014-05-20,0400,Aqua,MODIS,71,6.2,285.9,10.3,D,0
-34.5949,137.6605,307.9,4.1,1.9,2014-05-20,0400,Aqua,MODIS,55,6.2,293.2,28.5,D,0
-34.2268,146.1623,329.9,1.2,1.1,2014-05-20,0400,Aqua,MODIS,85,6.2,296.1,34,D,0
-33.4115,150.6734,304.6,1,1,2014-05-20,0400,Aqua,MODIS,44,6.2,270.3,8.2,D,0
-33.3932,150.6693,301.4,1,1,2014-05-20,0400,Aqua,MODIS,25,6.2,271.7,6.3,D,0
-28.8544,149.6163,320.6,1,1,2014-05-20,0401,Aqua,MODIS,80,6.2,275,19.9,D,0
-27.4767,150.5024,310.6,1.2,1.1,2014-05-20,0401,Aqua,MODIS,70,6.2,287.3,10.8,D,0
-27.4786,150.4908,318.7,1.2,1.1,2014-05-20,0401,Aqua,MODIS,79,6.2,287.3,19.1,D,0
-19.7577,147.2301,306.2,1,1,2014-05-20,0403,Aqua,MODIS,48,6.2,279.9,7,D,0
-15.3431,141.8186,322.6,1.3,1.1,2014-05-20,0405,Aqua,MODIS,47,6.2,302.6,15.2,D,0
-12.4142,141.9226,337.7,1.1,1.1,2014-05-20,0406,Aqua,MODIS,84,6.2,299.3,41.8,D,0
-12.4156,141.9121,323,1.2,1.1,2014-05-20,0406,Aqua,MODIS,74,6.2,299.4,18.2,D,0
-32.8208,121.5948,302.3,1.2,1.1,2014-05-20,0539,Aqua,MODIS,50,6.2,283,3.3,D,0
-21.8184,119.1988,357.2,1.1,1.1,2014-05-20,0542,Aqua,MODIS,98,6.2,309.2,79.6,D,0
-21.8198,119.1877,383.3,1.2,1.1,2014-05-20,0542,Aqua,MODIS,100,6.2,310.8,189.2,D,0
-21.8102,119.1862,356.9,1.2,1.1,2014-05-20,0542,Aqua,MODIS,98,6.2,311.6,80.1,D,0
-20.8347,119.3447,383.8,1.1,1.1,2014-05-20,0542,Aqua,MODIS,100,6.2,315.8,178.5,D,0
-20.8334,119.3554,362.6,1.1,1,2014-05-20,0542,Aqua,MODIS,100,6.2,312.7,89.5,D,0
-20.8253,119.3433,340.5,1.1,1.1,2014-05-20,0542,Aqua,MODIS,87,6.2,315.5,32.3,D,0
-20.9963,120.0638,374.4,1.1,1,2014-05-20,0542,Aqua,MODIS,94,6.2,314.9,126.6,D,0
-20.9844,120.0825,333.1,1,1,2014-05-20,0542,Aqua,MODIS,80,6.2,310.3,20.5,D,0
-21.0468,119.9683,348.2,1.1,1,2014-05-20,0542,Aqua,MODIS,93,6.2,311.2,47.8,D,0
-21.0482,119.9581,337.1,1.1,1,2014-05-20,0542,Aqua,MODIS,84,6.2,312.1,26.5,D,0
-21.0376,119.9669,323.4,1.1,1,2014-05-20,0542,Aqua,MODIS,62,6.2,311,8,D,0
-20.9857,120.0724,354.8,1,1,2014-05-20,0542,Aqua,MODIS,97,6.2,312.6,63.4,D,0
-20.9936,120.0839,334.6,1,1,2014-05-20,0542,Aqua,MODIS,68,6.2,307.5,23.7,D,0
-20.995,120.0738,411.1,1,1,2014-05-20,0542,Aqua,MODIS,87,6.2,317.4,335.7,D,0
-14.9516,125.6113,328.5,1.8,1.3,2014-05-20,0543,Aqua,MODIS,77,6.2,297.4,44.7,D,0
-15.2291,125.9316,317.4,1.9,1.3,2014-05-20,0543,Aqua,MODIS,58,6.2,302.1,17.3,D,0
-15.7249,125.5235,328.9,1.7,1.3,2014-05-20,0543,Aqua,MODIS,54,6.2,299,39.3,D,0
-15.5727,125.9781,317.3,1.9,1.3,2014-05-20,0543,Aqua,MODIS,25,6.2,298.7,18.6,D,0
-15.8479,125.6171,317.1,1.7,1.3,2014-05-20,0543,Aqua,MODIS,54,6.2,298.3,14.5,D,0
-16.6446,125.3331,321.1,1.6,1.2,2014-05-20,0543,Aqua,MODIS,60,6.2,303,21.8,D,0
-16.6471,125.3183,319.5,1.6,1.2,2014-05-20,0543,Aqua,MODIS,66,6.2,298.9,18.5,D,0
-16.6334,125.3311,331.4,1.6,1.2,2014-05-20,0543,Aqua,MODIS,81,6.2,300.3,42.7,D,0
-16.6136,125.3119,321,1.6,1.2,2014-05-20,0543,Aqua,MODIS,61,6.2,301.8,20.2,D,0
-16.6162,125.2969,326.5,1.6,1.2,2014-05-20,0543,Aqua,MODIS,77,6.2,299.6,31.9,D,0
-14.1367,130.5051,316.9,4.4,1.9,2014-05-20,0543,Aqua,MODIS,63,6.2,297.2,60.2,D,0
-17.4113,122.5397,345.5,1.1,1,2014-05-20,0543,Aqua,MODIS,92,6.2,296,51.3,D,0
-17.4425,122.524,315.7,1.1,1,2014-05-20,0543,Aqua,MODIS,32,6.2,300,6.1,D,0
-16.8541,124.1188,331.6,1.3,1.1,2014-05-20,0543,Aqua,MODIS,83,6.2,303.3,33.8,D,0
-16.8091,124.1363,320.3,1.3,1.1,2014-05-20,0543,Aqua,MODIS,25,6.2,303.9,11.9,D,0
-16.7723,124.1245,322.7,1.3,1.1,2014-05-20,0543,Aqua,MODIS,37,6.2,304.3,13.4,D,0
-16.2552,124.9763,317.5,1.5,1.2,2014-05-20,0543,Aqua,MODIS,63,6.2,302.8,12.9,D,0
-17.4518,122.5256,318.7,1.1,1,2014-05-20,0543,Aqua,MODIS,63,6.2,300.1,9.4,D,0
-16.7743,124.1121,340,1.3,1.1,2014-05-20,0543,Aqua,MODIS,89,6.2,304.5,49.4,D,0
-16.7641,124.1103,325.7,1.3,1.1,2014-05-20,0543,Aqua,MODIS,54,6.2,305.1,18.4,D,0
-16.6478,123.9944,341,1.3,1.1,2014-05-20,0543,Aqua,MODIS,90,6.2,304.4,48.8,D,0
-16.5583,123.7922,321.7,1.3,1.1,2014-05-20,0543,Aqua,MODIS,71,6.2,301.4,15.2,D,0
-16.766,124.098,331.9,1.3,1.1,2014-05-20,0543,Aqua,MODIS,74,6.2,304.3,31.4,D,0
-16.5601,123.7802,315.7,1.3,1.1,2014-05-20,0543,Aqua,MODIS,55,6.2,301.1,7.4,D,0
-16.7535,124.0451,330.6,1.3,1.1,2014-05-20,0543,Aqua,MODIS,82,6.2,301.8,30.5,D,0
-17.3184,122.5497,340.9,1.1,1,2014-05-20,0543,Aqua,MODIS,84,6.2,301.3,39.9,D,0
-18.0418,123.4118,320.4,1.2,1.1,2014-05-20,0543,Aqua,MODIS,63,6.2,305.2,8.6,D,0
-17.56,122.7399,316.7,1.1,1,2014-05-20,0543,Aqua,MODIS,53,6.2,302.6,7.3,D,0
-17.3199,122.5396,369.1,1.1,1,2014-05-20,0543,Aqua,MODIS,94,6.2,303,117.2,D,0
-17.313,122.5422,322.3,1.1,1,2014-05-20,0543,Aqua,MODIS,60,6.2,301,14.3,D,0
-17.3145,122.532,318.2,1.1,1,2014-05-20,0543,Aqua,MODIS,37,6.2,299.9,9.3,D,0
-16.5508,123.8399,317.7,1.3,1.1,2014-05-20,0543,Aqua,MODIS,63,6.2,301.5,10.2,D,0
-16.5564,123.8043,327.3,1.3,1.1,2014-05-20,0543,Aqua,MODIS,78,6.2,302,23.4,D,0
-16.5545,123.816,326.2,1.3,1.1,2014-05-20,0543,Aqua,MODIS,77,6.2,301.9,21,D,0
-16.5526,123.828,317.3,1.3,1.1,2014-05-20,0543,Aqua,MODIS,61,6.2,302,9,D,0
-16.6131,124.0331,322,1.3,1.1,2014-05-20,0543,Aqua,MODIS,41,6.2,304.4,13.4,D,0
-16.5613,123.7071,316.5,1.3,1.1,2014-05-20,0543,Aqua,MODIS,59,6.2,302,8.9,D,0
-16.5229,123.8844,326.1,1.3,1.1,2014-05-20,0543,Aqua,MODIS,77,6.2,300.3,21.9,D,0
-17.439,122.8621,320.5,1.1,1.1,2014-05-20,0543,Aqua,MODIS,46,6.2,296.9,12,D,0
-17.428,122.8709,340.7,1.1,1.1,2014-05-20,0543,Aqua,MODIS,89,6.2,296.2,44.6,D,0
-17.4296,122.8604,349.7,1.1,1.1,2014-05-20,0543,Aqua,MODIS,95,6.2,303.1,63.8,D,0
-17.3616,122.8597,330.9,1.1,1.1,2014-05-20,0543,Aqua,MODIS,62,6.2,300.1,24,D,0
-17.4201,122.8588,326.7,1.1,1.1,2014-05-20,0543,Aqua,MODIS,59,6.2,298.2,20.8,D,0
-16.5147,123.8705,318.7,1.3,1.1,2014-05-20,0543,Aqua,MODIS,63,6.2,301.4,11.1,D,0
-16.5128,123.8826,317.4,1.3,1.1,2014-05-20,0543,Aqua,MODIS,45,6.2,300.9,9.8,D,0
-14.1345,130.4965,314.6,4.4,1.9,2014-05-20,0543,Aqua,MODIS,33,6.2,296.8,39.7,D,0
-17.4813,122.5201,322.1,1.1,1,2014-05-20,0543,Aqua,MODIS,61,6.2,301.2,13.1,D,0
-17.4705,122.5287,335.1,1.1,1,2014-05-20,0543,Aqua,MODIS,71,6.2,301.2,29,D,0
-17.472,122.5185,338,1.1,1,2014-05-20,0543,Aqua,MODIS,84,6.2,302.3,34.2,D,0
-17.3745,122.6853,317,1.1,1,2014-05-20,0543,Aqua,MODIS,58,6.2,299.8,8.3,D,0
-16.5355,123.9371,326.1,1.3,1.1,2014-05-20,0543,Aqua,MODIS,77,6.2,303.9,21.2,D,0
-16.5335,123.9493,328.9,1.3,1.1,2014-05-20,0543,Aqua,MODIS,80,6.2,303.6,25.7,D,0
-16.5514,123.902,330.7,1.3,1.1,2014-05-20,0543,Aqua,MODIS,71,6.2,301.6,28.3,D,0
-16.5456,123.9388,326,1.3,1.1,2014-05-20,0543,Aqua,MODIS,77,6.2,303.5,20.9,D,0
-16.5514,123.8963,346.6,1.3,1.1,2014-05-20,0543,Aqua,MODIS,93,6.2,301.1,67.9,D,0
-16.5434,123.9453,334.8,1.3,1.1,2014-05-20,0543,Aqua,MODIS,85,6.2,303.9,37.8,D,0
-16.5943,123.9541,319.2,1.3,1.1,2014-05-20,0543,Aqua,MODIS,63,6.2,302.7,9.6,D,0
-16.7668,123.8978,315.4,1.3,1.1,2014-05-20,0543,Aqua,MODIS,37,6.2,300.3,7.1,D,0
-17.562,122.7566,339.2,1.1,1,2014-05-20,0543,Aqua,MODIS,88,6.2,304.5,37,D,0
-17.5569,122.7606,330.1,1.1,1,2014-05-20,0543,Aqua,MODIS,80,6.2,304.2,22.8,D,0
-17.5584,122.7503,325.7,1.1,1,2014-05-20,0543,Aqua,MODIS,75,6.2,303.6,16.9,D,0
-17.3683,122.7267,333,1.1,1,2014-05-20,0543,Aqua,MODIS,72,6.2,298.2,30.2,D,0
-17.3698,122.7163,343.1,1.1,1,2014-05-20,0543,Aqua,MODIS,79,6.2,301.2,48,D,0
-17.3714,122.7059,344.7,1.1,1,2014-05-20,0543,Aqua,MODIS,87,6.2,303.1,50.2,D,0
-17.373,122.6956,326.3,1.1,1,2014-05-20,0543,Aqua,MODIS,76,6.2,301,19,D,0
-17.2568,122.7225,340.7,1.1,1.1,2014-05-20,0543,Aqua,MODIS,84,6.2,299.9,42.5,D,0
-17.2473,122.7209,323.2,1.1,1.1,2014-05-20,0543,Aqua,MODIS,73,6.2,299.7,15.6,D,0
-16.6602,124.047,322.1,1.3,1.1,2014-05-20,0543,Aqua,MODIS,64,6.2,303.3,13.4,D,0
-16.6583,124.0593,327.2,1.3,1.1,2014-05-20,0543,Aqua,MODIS,78,6.2,303.4,22.7,D,0
-16.6368,123.9493,322.4,1.3,1.1,2014-05-20,0543,Aqua,MODIS,38,6.2,302.4,11.2,D,0
-16.6455,123.9439,328.4,1.3,1.1,2014-05-20,0543,Aqua,MODIS,58,6.2,302.4,21.9,D,0
-16.6435,123.956,335,1.3,1.1,2014-05-20,0543,Aqua,MODIS,85,6.2,303.2,33.8,D,0
-16.6416,123.9681,325.8,1.3,1.1,2014-05-20,0543,Aqua,MODIS,15,6.2,304.4,14.9,D,0
-16.6376,123.9926,328.8,1.3,1.1,2014-05-20,0543,Aqua,MODIS,80,6.2,304.7,21.5,D,0
-16.6537,123.9578,326.7,1.3,1.1,2014-05-20,0543,Aqua,MODIS,57,6.2,302.2,19.9,D,0
-16.6517,123.9699,327.8,1.3,1.1,2014-05-20,0543,Aqua,MODIS,51,6.2,304.3,21.1,D,0
-16.6662,124.0102,317.9,1.3,1.1,2014-05-20,0543,Aqua,MODIS,19,6.2,302.6,7.6,D,0
-16.7633,123.9842,326.9,1.3,1.1,2014-05-20,0543,Aqua,MODIS,78,6.2,302.9,20.7,D,0
-16.7817,123.9999,321.5,1.3,1.1,2014-05-20,0543,Aqua,MODIS,70,6.2,301.4,13.5,D,0
-17.3962,122.5419,322.8,1.1,1,2014-05-20,0543,Aqua,MODIS,39,6.2,295.1,15.2,D,0
-16.6336,125.1942,323.4,1.6,1.2,2014-05-20,0543,Aqua,MODIS,64,6.2,299.8,21.2,D,0
-17.3978,122.5317,323.5,1.1,1,2014-05-20,0543,Aqua,MODIS,49,6.2,295.7,15.5,D,0
-17.3667,122.5473,333.4,1.1,1,2014-05-20,0543,Aqua,MODIS,84,6.2,289.4,29.1,D,0
-14.2527,129.8542,312.2,3.9,1.8,2014-05-20,0543,Aqua,MODIS,27,6.2,296.1,39.1,D,0
-17.376,122.5489,332.7,1.1,1,2014-05-20,0543,Aqua,MODIS,42,6.2,297.8,25.8,D,0
-18.0668,123.3153,340.8,1.2,1.1,2014-05-20,0543,Aqua,MODIS,84,6.2,306.4,40,D,0
-17.5572,122.7877,324.9,1.1,1,2014-05-20,0543,Aqua,MODIS,72,6.2,302.6,15,D,0
-17.5604,122.767,331,1.1,1,2014-05-20,0543,Aqua,MODIS,75,6.2,303.8,22.2,D,0
-17.5521,122.7917,317.8,1.1,1.1,2014-05-20,0543,Aqua,MODIS,44,6.2,301.9,7.7,D,0
-17.5537,122.7814,315.7,1.1,1,2014-05-20,0543,Aqua,MODIS,33,6.2,301.6,5.9,D,0
-17.5553,122.771,318.5,1.1,1,2014-05-20,0543,Aqua,MODIS,36,6.2,301.6,8.1,D,0
-17.4071,122.5333,336.6,1.1,1,2014-05-20,0543,Aqua,MODIS,51,6.2,299.3,33,D,0
-17.1373,122.5909,318.6,1.1,1,2014-05-20,0543,Aqua,MODIS,62,6.2,300.6,7.4,D,0
-15.7609,128.9617,321.8,3.1,1.7,2014-05-20,0543,Aqua,MODIS,71,6.2,302,52.2,D,0
-15.7578,128.9658,320,3.1,1.7,2014-05-20,0543,Aqua,MODIS,62,6.2,302.5,40.6,D,0
-16.6752,123.825,325.4,1.3,1.1,2014-05-20,0543,Aqua,MODIS,75,6.2,302.8,19,D,0
-15.7075,126.1474,326.1,1.9,1.4,2014-05-20,0543,Aqua,MODIS,77,6.2,297.2,45.2,D,0
-16.0246,126.0631,329.6,1.9,1.3,2014-05-20,0543,Aqua,MODIS,81,6.2,298.6,49.8,D,0
-16.0186,126.0979,319,1.9,1.3,2014-05-20,0543,Aqua,MODIS,40,6.2,299.3,20.2,D,0
-15.7771,126.3529,319.5,2,1.4,2014-05-20,0543,Aqua,MODIS,55,6.2,297.7,25.5,D,0
-15.6126,126.1353,318.8,1.9,1.4,2014-05-20,0543,Aqua,MODIS,55,6.2,303,22.4,D,0
-15.1804,126.1414,315.6,2,1.4,2014-05-20,0543,Aqua,MODIS,42,6.2,298.7,17.3,D,0
-16.7433,124.0434,333.7,1.3,1.1,2014-05-20,0543,Aqua,MODIS,84,6.2,305.1,35.5,D,0
-16.6871,123.8151,317.3,1.3,1.1,2014-05-20,0543,Aqua,MODIS,30,6.2,300.9,9.5,D,0
-16.0931,126.4108,317.3,2,1.4,2014-05-20,0543,Aqua,MODIS,57,6.2,299.9,21,D,0
-16.2788,126.4017,337.2,2,1.4,2014-05-20,0543,Aqua,MODIS,82,6.2,294.4,84.5,D,0
-16.1981,126.1967,332.6,1.9,1.3,2014-05-20,0543,Aqua,MODIS,83,6.2,300.9,60,D,0
-15.62,126.1255,315.1,1.9,1.4,2014-05-20,0543,Aqua,MODIS,31,6.2,298.9,14,D,0
-15.6895,126.1568,315.3,1.9,1.4,2014-05-20,0543,Aqua,MODIS,48,6.2,296,17.6,D,0
-15.7016,126.1591,329.5,1.9,1.4,2014-05-20,0543,Aqua,MODIS,81,6.2,298.2,55,D,0
-14.5283,125.7914,317.9,1.9,1.3,2014-05-20,0544,Aqua,MODIS,23,6.2,300.6,13.8,D,0
-14.5582,125.7613,321.8,1.9,1.3,2014-05-20,0544,Aqua,MODIS,65,6.2,299.9,22.9,D,0
-13.0725,130.6035,318.5,4.7,2,2014-05-20,0544,Aqua,MODIS,70,6.2,297.3,85.5,D,0
-13.0901,130.6071,316.8,4.7,2,2014-05-20,0544,Aqua,MODIS,67,6.2,297.5,70.4,D,0
-13.0925,130.6026,315.7,4.7,2,2014-05-20,0544,Aqua,MODIS,61,6.2,297.3,62.8,D,0
-13.0749,130.5989,318.7,4.7,2,2014-05-20,0544,Aqua,MODIS,70,6.2,297.3,87.9,D,0
-13.8671,130.9508,316.1,4.8,2,2014-05-20,0544,Aqua,MODIS,50,6.2,297,60.5,D,0
-13.866,130.9589,317,4.8,2,2014-05-20,0544,Aqua,MODIS,64,6.2,297.1,77.2,D,0
-14.6355,125.7811,315.3,1.9,1.3,2014-05-20,0544,Aqua,MODIS,50,6.2,300.5,13.4,D,0
-20.734,139.4747,318.4,1,1,2014-05-20,1328,Terra,MODIS,97,6.2,287.2,18.5,N,2
-15.5898,136.2972,307,1,1,2014-05-20,1330,Terra,MODIS,70,6.2,293.8,6.8,N,0
-12.4077,141.9166,308,1.8,1.3,2014-05-20,1330,Terra,MODIS,73,6.2,290.6,18.1,N,0
-12.4129,141.9109,310.3,1.8,1.3,2014-05-20,1330,Terra,MODIS,80,6.2,290.5,20.6,N,0
-34.9773,150.4544,300.5,1.1,1,2014-05-20,1501,Aqua,MODIS,29,6.2,285.9,6.8,N,0
-15.1465,126.4651,302.5,2.2,1.4,2014-05-20,1635,Aqua,MODIS,50,6.2,291.7,14.3,N,0
-15.1444,126.4585,305.2,2.2,1.4,2014-05-20,1635,Aqua,MODIS,39,6.2,291.7,18.3,N,0
-15.1316,126.4606,307.7,2.2,1.4,2014-05-20,1635,Aqua,MODIS,53,6.2,292,22.6,N,0
-15.1352,126.4804,311.9,2.1,1.4,2014-05-20,1635,Aqua,MODIS,84,6.2,292,31.2,N,0
-15.1337,126.4674,318.9,2.2,1.4,2014-05-20,1635,Aqua,MODIS,98,6.2,292.5,51.2,N,0
-15.1371,126.487,303.8,2.1,1.4,2014-05-20,1635,Aqua,MODIS,57,6.2,291.5,16.4,N,0
-20.3282,124.1097,301.5,2.5,1.5,2014-05-20,1636,Aqua,MODIS,42,6.2,290.4,19.2,N,0
-20.3808,124.1183,300.2,2.5,1.5,2014-05-20,1636,Aqua,MODIS,15,6.2,289.5,17.9,N,0
-22.2785,148.9648,309.2,1,1,2014-05-21,0023,Terra,MODIS,56,6.2,296.5,5.4,D,0
-27.4437,152.3508,309.5,1.6,1.3,2014-05-21,0024,Terra,MODIS,61,6.2,293.7,15,D,0
-27.4419,152.3341,309.3,1.6,1.3,2014-05-21,0024,Terra,MODIS,60,6.2,293.2,15.3,D,0
-26.553,150.9322,316.2,1.3,1.1,2014-05-21,0024,Terra,MODIS,74,6.2,295.5,17.6,D,0
-26.5546,150.9451,324.2,1.3,1.1,2014-05-21,0024,Terra,MODIS,81,6.2,293.8,29.6,D,0
-24.9928,151.7158,337.3,1.4,1.2,2014-05-21,0024,Terra,MODIS,89,6.2,297.3,57.4,D,0
-24.9944,151.7296,314,1.4,1.2,2014-05-21,0024,Terra,MODIS,69,6.2,296.2,14.4,D,0
-27.8916,151.178,315.1,1.4,1.2,2014-05-21,0024,Terra,MODIS,71,6.2,297.8,15.9,D,0
-28.5507,149.5987,330.5,1.2,1.1,2014-05-21,0025,Terra,MODIS,84,6.2,298.2,28.9,D,0
-28.8601,149.6236,317.3,1.2,1.1,2014-05-21,0025,Terra,MODIS,71,6.2,299,11.8,D,0
-31.2082,149.5671,305.5,1.2,1.1,2014-05-21,0025,Terra,MODIS,50,6.2,293,7,D,0
-31.9219,150.7649,309.6,1.5,1.2,2014-05-21,0025,Terra,MODIS,69,6.2,292.1,15.7,D,0
-28.8586,149.6115,325.3,1.2,1.1,2014-05-21,0025,Terra,MODIS,80,6.2,299.1,21.7,D,0
-29.8716,150.0893,312.3,1.3,1.1,2014-05-21,0025,Terra,MODIS,68,6.2,297.2,10.7,D,0
-28.5444,151.8045,305.4,1.6,1.2,2014-05-21,0025,Terra,MODIS,55,6.2,290.9,11.7,D,0
-29.001,150.2702,311.4,1.3,1.1,2014-05-21,0025,Terra,MODIS,61,6.2,298.9,5.9,D,0
-29.0102,150.2756,313.4,1.3,1.1,2014-05-21,0025,Terra,MODIS,68,6.2,299.9,8.4,D,0
-29.8412,151.6052,303.2,1.6,1.2,2014-05-21,0025,Terra,MODIS,40,6.2,291.5,9.2,D,0
-29.9471,150.0438,309.4,1.3,1.1,2014-05-21,0025,Terra,MODIS,35,6.2,296.7,6.5,D,0
-29.3886,146.2536,308.6,1,1,2014-05-21,0025,Terra,MODIS,32,6.2,296.6,4,D,0
-29.9762,151.6959,302.5,1.6,1.2,2014-05-21,0025,Terra,MODIS,44,6.2,291,8.2,D,0
-28.5632,149.6025,318.9,1.2,1.1,2014-05-21,0025,Terra,MODIS,73,6.2,299.7,14.1,D,0
-28.5617,149.5905,313.1,1.2,1.1,2014-05-21,0025,Terra,MODIS,62,6.2,299,8.2,D,0
-28.5534,149.604,330,1.2,1.1,2014-05-21,0025,Terra,MODIS,84,6.2,299.9,27.8,D,0
-28.901,149.3781,314.6,1.2,1.1,2014-05-21,0025,Terra,MODIS,66,6.2,299.8,8.2,D,0
-28.9025,149.39,312.9,1.2,1.1,2014-05-21,0025,Terra,MODIS,59,6.2,299.2,6.8,D,0
-28.5522,149.6106,322.9,1.2,1.1,2014-05-21,0025,Terra,MODIS,78,6.2,299.7,17.3,D,0
-29.3901,146.2639,326.8,1,1,2014-05-21,0025,Terra,MODIS,81,6.2,297.5,20.6,D,0
-31.1347,152.8552,303.6,2,1.4,2014-05-21,0025,Terra,MODIS,56,6.2,290.5,13,D,0
-30.3732,151.4789,301.3,1.6,1.2,2014-05-21,0025,Terra,MODIS,38,6.2,289,6.9,D,0
-30.3749,151.495,308.1,1.6,1.2,2014-05-21,0025,Terra,MODIS,66,6.2,288.2,14.7,D,0
-29.4051,149.6763,321.5,1.2,1.1,2014-05-21,0025,Terra,MODIS,77,6.2,295.9,19.6,D,0
-29.4066,149.6888,315.8,1.2,1.1,2014-05-21,0025,Terra,MODIS,70,6.2,297.2,12.6,D,0
-29.3514,148.2475,317.1,1.1,1,2014-05-21,0025,Terra,MODIS,69,6.2,300.2,9.9,D,0
-29.8859,148.3446,314.2,1.1,1,2014-05-21,0025,Terra,MODIS,44,6.2,300.8,6.9,D,0
-33.0627,143.4437,307.4,1.1,1,2014-05-21,0026,Terra,MODIS,59,6.2,294.4,5.5,D,0
-33.6081,145.4679,317.7,1,1,2014-05-21,0026,Terra,MODIS,75,6.2,294.9,12.7,D,0
-32.9331,150.7649,306.6,1.5,1.2,2014-05-21,0026,Terra,MODIS,64,6.2,289.3,13.9,D,0
-32.9314,150.7487,301.6,1.5,1.2,2014-05-21,0026,Terra,MODIS,48,6.2,289.9,8.3,D,0
-37.7806,141.5109,323.8,1.1,1.1,2014-05-21,0027,Terra,MODIS,83,6.2,285.2,27.8,D,0
-35.4823,143.911,303.4,1,1,2014-05-21,0027,Terra,MODIS,55,6.2,291.3,4.7,D,0
-37.8325,141.2758,317.6,1.1,1.1,2014-05-21,0027,Terra,MODIS,78,6.2,286.2,21.3,D,0
-37.7784,141.4983,357,1.1,1.1,2014-05-21,0027,Terra,MODIS,98,6.2,287.2,95.7,D,0
-36.9988,145.5753,308.8,1,1,2014-05-21,0027,Terra,MODIS,68,6.2,287.3,9.4,D,0
-37.3524,145.422,346.8,1,1,2014-05-21,0027,Terra,MODIS,82,6.2,289.2,58.3,D,0
-37.0067,145.579,307.4,1,1,2014-05-21,0027,Terra,MODIS,65,6.2,287.4,8.7,D,0
-37.0005,145.587,301.8,1,1,2014-05-21,0027,Terra,MODIS,49,6.2,287.9,4.9,D,0
-38.5887,145.7922,300.3,1.1,1,2014-05-21,0027,Terra,MODIS,34,6.2,287.3,4.7,D,0
-38.5195,146.5659,303.3,1.1,1.1,2014-05-21,0027,Terra,MODIS,42,6.2,288.3,6.8,D,0
-38.529,146.564,309.7,1.1,1.1,2014-05-21,0027,Terra,MODIS,69,6.2,288.9,11.5,D,0
-36.7062,144.25,301,1,1,2014-05-21,0027,Terra,MODIS,44,6.2,288.4,3.9,D,0
-13.8173,130.1552,317,1.6,1.2,2014-05-21,0159,Terra,MODIS,59,6.2,299.8,15.6,D,0
-14.0284,132.3179,318.5,2.3,1.5,2014-05-21,0159,Terra,MODIS,35,6.2,301,22.9,D,0
-14.0389,130.6565,317.8,1.7,1.3,2014-05-21,0159,Terra,MODIS,49,6.2,302.1,16.1,D,0
-12.8154,130.9714,312.7,1.8,1.3,2014-05-21,0159,Terra,MODIS,50,6.2,297.2,9.4,D,0
-14.5455,133.3868,315.9,2.9,1.6,2014-05-21,0159,Terra,MODIS,59,6.2,299.1,26.8,D,0
-13.0814,130.6568,319.3,1.7,1.3,2014-05-21,0159,Terra,MODIS,64,6.2,300.7,17.2,D,0
-12.3823,130.9071,315.1,1.7,1.3,2014-05-21,0159,Terra,MODIS,48,6.2,298.2,11.1,D,0
-14.378,133.3574,314.8,2.8,1.6,2014-05-21,0159,Terra,MODIS,57,6.2,298,24.9,D,0
-14.3825,130.741,324,1.8,1.3,2014-05-21,0159,Terra,MODIS,71,6.2,298.6,30.6,D,0
-14.3866,130.7742,331.1,1.8,1.3,2014-05-21,0159,Terra,MODIS,79,6.2,300.6,49.5,D,0
-14.4199,130.7527,324.2,1.8,1.3,2014-05-21,0159,Terra,MODIS,51,6.2,299.1,32.3,D,0
-14.4359,130.7842,331.6,1.8,1.3,2014-05-21,0159,Terra,MODIS,35,6.2,300.2,48,D,0
-14.4932,132.5219,325.5,2.4,1.5,2014-05-21,0159,Terra,MODIS,77,6.2,301.4,54.3,D,0
-14.2589,132.7299,317,2.5,1.5,2014-05-21,0159,Terra,MODIS,56,6.2,301.1,20.6,D,0
-14.1284,130.7098,314.1,1.8,1.3,2014-05-21,0159,Terra,MODIS,47,6.2,299.9,12.1,D,0
-14.4265,130.7454,327.3,1.8,1.3,2014-05-21,0159,Terra,MODIS,39,6.2,299,38.5,D,0
-14.4854,130.7381,317.6,1.8,1.3,2014-05-21,0159,Terra,MODIS,49,6.2,299.7,17.8,D,0
-14.139,131.6201,320.7,2.1,1.4,2014-05-21,0159,Terra,MODIS,52,6.2,301,25.5,D,0
-14.1414,131.639,322.3,2.1,1.4,2014-05-21,0159,Terra,MODIS,73,6.2,300.2,33.3,D,0
-14.4305,130.7784,333.1,1.8,1.3,2014-05-21,0159,Terra,MODIS,53,6.2,300.4,53.4,D,0
-14.4325,130.7951,331.3,1.8,1.3,2014-05-21,0159,Terra,MODIS,60,6.2,300.5,48.3,D,0
-14.3846,130.7576,351,1.8,1.3,2014-05-21,0159,Terra,MODIS,95,6.2,301.4,131.1,D,0
-13.0503,132.9151,315.4,2.5,1.5,2014-05-21,0159,Terra,MODIS,35,6.2,298.2,22.1,D,0
-13.057,132.9077,314.8,2.5,1.5,2014-05-21,0159,Terra,MODIS,27,6.2,298.4,20.9,D,0
-14.0417,132.3165,320.1,2.3,1.5,2014-05-21,0159,Terra,MODIS,52,6.2,301.2,26.3,D,0
-12.9985,132.8301,316.4,2.5,1.5,2014-05-21,0159,Terra,MODIS,67,6.2,298.1,27.1,D,0
-14.411,130.8726,318.7,1.8,1.3,2014-05-21,0159,Terra,MODIS,48,6.2,300,20.7,D,0
-14.2826,130.5789,331.3,1.7,1.3,2014-05-21,0159,Terra,MODIS,82,6.2,301,52.1,D,0
-13.3555,130.3874,336.3,1.6,1.3,2014-05-21,0159,Terra,MODIS,87,6.2,299.8,63.4,D,0
-13.3575,130.4023,334.6,1.6,1.3,2014-05-21,0159,Terra,MODIS,85,6.2,301.4,57.5,D,0
-16.2737,124.4577,317.8,1,1,2014-05-21,0200,Terra,MODIS,60,6.2,301.2,7.1,D,0
-15.7708,128.9725,322.4,1.4,1.2,2014-05-21,0200,Terra,MODIS,57,6.2,301.6,15.9,D,0
-15.7603,128.9741,322.9,1.4,1.2,2014-05-21,0200,Terra,MODIS,45,6.2,304.7,16,D,0
-14.5992,125.8355,319.6,1,1,2014-05-21,0200,Terra,MODIS,41,6.2,302.9,7.8,D,0
-14.6186,125.8421,320,1,1,2014-05-21,0200,Terra,MODIS,36,6.2,303.6,8.7,D,0
-16.2751,124.467,325.9,1,1,2014-05-21,0200,Terra,MODIS,77,6.2,301,15.4,D,0
-14.5629,130.7233,315.5,1.8,1.3,2014-05-21,0200,Terra,MODIS,56,6.2,301.1,13,D,0
-14.5208,130.7339,332,1.8,1.3,2014-05-21,0200,Terra,MODIS,63,6.2,300,55,D,0
-14.5176,130.7451,318.5,1.8,1.3,2014-05-21,0200,Terra,MODIS,57,6.2,299.6,18.9,D,0
-16.1404,126.2577,318,1,1,2014-05-21,0200,Terra,MODIS,54,6.2,305.1,7.1,D,0
-15.898,127.3015,319.6,1.1,1.1,2014-05-21,0200,Terra,MODIS,63,6.2,304.4,9.5,D,0
-16.177,126.2522,322.7,1,1,2014-05-21,0200,Terra,MODIS,71,6.2,305,11,D,0
-16.2278,127.2033,328.8,1.1,1.1,2014-05-21,0200,Terra,MODIS,77,6.2,307.2,18.8,D,0
-16.2293,127.2138,354.9,1.1,1.1,2014-05-21,0200,Terra,MODIS,97,6.2,310.6,73.1,D,0
-16.2307,127.2243,333.3,1.1,1.1,2014-05-21,0200,Terra,MODIS,83,6.2,305.7,25,D,0
-16.2373,127.2019,377.4,1.1,1.1,2014-05-21,0200,Terra,MODIS,100,6.2,306,157,D,0
-16.2388,127.2124,383.1,1.1,1.1,2014-05-21,0200,Terra,MODIS,100,6.2,308.6,185.5,D,0
-15.1288,126.4426,318,1,1,2014-05-21,0200,Terra,MODIS,35,6.2,304.2,6,D,0
-15.1329,126.4714,327.6,1,1,2014-05-21,0200,Terra,MODIS,78,6.2,305,17.1,D,0
-16.1417,126.2674,323.2,1,1,2014-05-21,0200,Terra,MODIS,72,6.2,303.9,12.7,D,0
-16.0023,126.2513,316.2,1,1,2014-05-21,0200,Terra,MODIS,31,6.2,303.1,5.4,D,0
-15.141,126.4736,319.8,1,1,2014-05-21,0200,Terra,MODIS,65,6.2,305.1,9.5,D,0
-16.5851,126.22,325.1,1,1,2014-05-21,0200,Terra,MODIS,75,6.2,304.2,14.1,D,0
-16.2403,127.2229,323.3,1.1,1.1,2014-05-21,0200,Terra,MODIS,72,6.2,305.2,11.5,D,0
-16.2534,127.2151,326.8,1.1,1.1,2014-05-21,0200,Terra,MODIS,76,6.2,306.3,16.6,D,0
-16.5838,126.2102,324.1,1,1,2014-05-21,0200,Terra,MODIS,73,6.2,303.1,12.9,D,0
-15.1488,126.4626,326,1,1,2014-05-21,0200,Terra,MODIS,76,6.2,304.5,15.6,D,0
-16.0544,126.1683,327.4,1,1,2014-05-21,0200,Terra,MODIS,76,6.2,303.3,17,D,0
-16.0557,126.1779,321,1,1,2014-05-21,0200,Terra,MODIS,52,6.2,303.1,9.9,D,0
-14.8249,128.1184,318.2,1.2,1.1,2014-05-21,0200,Terra,MODIS,44,6.2,302.4,9.2,D,0
-14.2466,126.1948,323.2,1,1,2014-05-21,0200,Terra,MODIS,72,6.2,304.2,12,D,0
-14.2479,126.2042,318.4,1,1,2014-05-21,0200,Terra,MODIS,63,6.2,301.9,7.6,D,0
-17.0963,126.4561,318.6,1.1,1,2014-05-21,0200,Terra,MODIS,59,6.2,305.3,5.8,D,0
-15.2872,125.3787,314.6,1,1,2014-05-21,0200,Terra,MODIS,48,6.2,301.9,5.8,D,0
-16.0375,126.1808,338.7,1,1,2014-05-21,0200,Terra,MODIS,88,6.2,305.9,32.1,D,0
-16.5797,126.1811,321.5,1,1,2014-05-21,0200,Terra,MODIS,69,6.2,304.5,10.7,D,0
-15.3364,128.9052,318.6,1.4,1.2,2014-05-21,0200,Terra,MODIS,37,6.2,300.8,13,D,0
-14.5275,130.7275,327.6,1.8,1.3,2014-05-21,0200,Terra,MODIS,79,6.2,300.2,40.1,D,0
-16.3982,126.5165,321.6,1.1,1,2014-05-21,0200,Terra,MODIS,55,6.2,305.4,10.1,D,0
-16.3968,126.5067,320.7,1.1,1,2014-05-21,0200,Terra,MODIS,55,6.2,305.1,8.2,D,0
-14.6148,125.1285,322.1,1,1,2014-05-21,0200,Terra,MODIS,35,6.2,303.8,9.5,D,0
-15.6493,126.2894,334.8,1,1,2014-05-21,0200,Terra,MODIS,85,6.2,305.1,26.9,D,0
-15.6479,126.2798,326.5,1,1,2014-05-21,0200,Terra,MODIS,77,6.2,304.5,15.1,D,0
-15.6465,126.2702,341,1,1,2014-05-21,0200,Terra,MODIS,89,6.2,306.6,37.2,D,0
-15.6451,126.2606,363.4,1,1,2014-05-21,0200,Terra,MODIS,100,6.2,308,91,D,0
-16.4854,126.619,321.7,1.1,1,2014-05-21,0200,Terra,MODIS,69,6.2,305.9,8,D,0
-15.7023,126.1482,322.7,1,1,2014-05-21,0200,Terra,MODIS,71,6.2,304.3,12,D,0
-15.701,126.1386,316.9,1,1,2014-05-21,0200,Terra,MODIS,58,6.2,303.8,6.5,D,0
-14.956,128.6428,337.3,1.3,1.1,2014-05-21,0200,Terra,MODIS,87,6.2,304.4,42.6,D,0
-14.9577,128.6548,336.1,1.3,1.1,2014-05-21,0200,Terra,MODIS,86,6.2,305.2,39.8,D,0
-14.9662,128.6414,317.6,1.3,1.1,2014-05-21,0200,Terra,MODIS,47,6.2,301.3,9.5,D,0
-14.9678,128.6534,322.8,1.3,1.1,2014-05-21,0200,Terra,MODIS,71,6.2,301.9,16.9,D,0
-16.0114,127.2468,321.5,1.1,1.1,2014-05-21,0200,Terra,MODIS,51,6.2,305.1,9.5,D,0
-16.2345,126.2077,320.1,1,1,2014-05-21,0200,Terra,MODIS,62,6.2,302.1,9.1,D,0
-16.2057,126.2021,324.6,1,1,2014-05-21,0200,Terra,MODIS,74,6.2,302.7,13.3,D,0
-16.1948,126.1807,322.9,1,1,2014-05-21,0200,Terra,MODIS,72,6.2,302.2,12.6,D,0
-16.0129,127.2572,326.8,1.1,1.1,2014-05-21,0200,Terra,MODIS,76,6.2,305.1,16.3,D,0
-16.2212,127.2257,326.5,1.1,1.1,2014-05-21,0200,Terra,MODIS,72,6.2,305.2,15.3,D,0
-16.0224,127.2558,321.9,1.1,1.1,2014-05-21,0200,Terra,MODIS,65,6.2,304.5,10.5,D,0
-14.7104,125.4002,324.5,1,1,2014-05-21,0200,Terra,MODIS,70,6.2,304.2,13.3,D,0
-14.7091,125.3909,317.7,1,1,2014-05-21,0200,Terra,MODIS,62,6.2,302.7,6.6,D,0
-14.7997,125.2575,322.5,1,1,2014-05-21,0200,Terra,MODIS,72,6.2,302.7,12.3,D,0
-14.5707,125.1418,338.5,1,1,2014-05-21,0200,Terra,MODIS,76,6.2,303.2,32.1,D,0
-14.6044,125.1207,321.1,1,1,2014-05-21,0200,Terra,MODIS,39,6.2,305.9,8.8,D,0
-16.0135,126.0768,317.4,1,1,2014-05-21,0200,Terra,MODIS,53,6.2,303.5,5.5,D,0
-16.3227,126.4331,321.9,1.1,1,2014-05-21,0200,Terra,MODIS,64,6.2,306.1,9.9,D,0
-14.6523,125.8845,317.4,1,1,2014-05-21,0200,Terra,MODIS,36,6.2,301.3,7.2,D,0
-16.1337,126.014,319.3,1,1,2014-05-21,0200,Terra,MODIS,62,6.2,302.6,8.6,D,0
-15.7424,125.5342,323.5,1,1,2014-05-21,0200,Terra,MODIS,73,6.2,303,14.1,D,0
-15.6502,125.7225,326.1,1,1,2014-05-21,0200,Terra,MODIS,76,6.2,304.4,13.8,D,0
-15.6515,125.7318,326.8,1,1,2014-05-21,0200,Terra,MODIS,77,6.2,303.8,15.1,D,0
-16.1563,125.9134,318.8,1,1,2014-05-21,0200,Terra,MODIS,64,6.2,302.8,8.5,D,0
-15.7489,125.9608,314,1,1,2014-05-21,0200,Terra,MODIS,35,6.2,301.7,4.9,D,0
-16.6654,126.0047,316.3,1,1,2014-05-21,0200,Terra,MODIS,42,6.2,303.4,5,D,0
-15.1584,125.1304,318.9,1,1,2014-05-21,0200,Terra,MODIS,65,6.2,303.4,8.9,D,0
-15.2338,125.3929,315.6,1,1,2014-05-21,0200,Terra,MODIS,55,6.2,303,6,D,0
-18.9048,131.0312,319.7,2.2,1.4,2014-05-21,0201,Terra,MODIS,39,6.2,302.9,23,D,0
-17.5559,123.0768,315.2,1.1,1,2014-05-21,0201,Terra,MODIS,56,6.2,299.6,6.2,D,0
-17.3637,122.5611,325.3,1.1,1.1,2014-05-21,0201,Terra,MODIS,77,6.2,301.7,18.2,D,0
-17.3509,122.5418,322.4,1.1,1.1,2014-05-21,0201,Terra,MODIS,74,6.2,301.3,15.2,D,0
-17.5574,123.0867,320.2,1.1,1,2014-05-21,0201,Terra,MODIS,69,6.2,299.9,11.1,D,0
-20.3237,124.0786,325.7,1,1,2014-05-21,0201,Terra,MODIS,76,6.2,303.7,14.7,D,0
-20.1789,124.0951,324.2,1,1,2014-05-21,0201,Terra,MODIS,74,6.2,304.4,11.5,D,0
-20.3223,124.0691,362.7,1,1,2014-05-21,0201,Terra,MODIS,100,6.2,305.6,85.3,D,0
-20.9695,120.0887,352.6,1.4,1.2,2014-05-21,0202,Terra,MODIS,96,6.2,307.9,87.5,D,0
-20.9674,120.0758,437.1,1.4,1.2,2014-05-21,0202,Terra,MODIS,100,6.2,318,857,D,0
-20.9548,120.0647,320.3,1.4,1.2,2014-05-21,0202,Terra,MODIS,31,6.2,303.9,12.1,D,0
-21.0084,120.0881,324.7,1.4,1.2,2014-05-21,0202,Terra,MODIS,74,6.2,304.3,19.8,D,0
-21.0062,120.0752,317.4,1.4,1.2,2014-05-21,0202,Terra,MODIS,51,6.2,303.5,8.8,D,0
-20.957,120.0777,331.7,1.4,1.2,2014-05-21,0202,Terra,MODIS,82,6.2,305.8,32.1,D,0
-20.9752,120.081,371.6,1.4,1.2,2014-05-21,0202,Terra,MODIS,100,6.2,307.2,173.4,D,0
-20.973,120.0681,345,1.4,1.2,2014-05-21,0202,Terra,MODIS,92,6.2,302.8,66.2,D,0
-20.9649,120.083,386.5,1.4,1.2,2014-05-21,0202,Terra,MODIS,100,6.2,312.6,265.4,D,0
-20.9626,120.0701,390.7,1.4,1.2,2014-05-21,0202,Terra,MODIS,100,6.2,310.8,299.8,D,0
-21.9161,122.7856,335.6,1,1,2014-05-21,0202,Terra,MODIS,85,6.2,303.3,27.6,D,0
-21.9282,122.8036,323.2,1,1,2014-05-21,0202,Terra,MODIS,68,6.2,301.4,11.6,D,0
-21.9146,122.7758,333.9,1,1,2014-05-21,0202,Terra,MODIS,84,6.2,302.4,25.7,D,0
-21.9252,122.784,317.4,1,1,2014-05-21,0202,Terra,MODIS,28,6.2,300.9,6.2,D,0
-33.83,122.5217,312.7,1.1,1,2014-05-21,0205,Terra,MODIS,70,6.2,293.6,10.5,D,0
-33.6299,121.7237,317.5,1,1,2014-05-21,0205,Terra,MODIS,76,6.2,294.8,12,D,0
-33.8158,120.7118,309.4,1,1,2014-05-21,0205,Terra,MODIS,69,6.2,292.1,6.8,D,0
-33.639,121.7219,318,1,1,2014-05-21,0205,Terra,MODIS,76,6.2,294.3,12.6,D,0
-27.4538,152.3279,311.6,3.1,1.7,2014-05-21,0306,Aqua,MODIS,66,6.2,293.7,45.5,D,0
-27.4515,152.3349,314,3.1,1.7,2014-05-21,0306,Aqua,MODIS,69,6.2,294,51.6,D,0
-28.5551,151.7932,308.3,3.5,1.8,2014-05-21,0306,Aqua,MODIS,64,6.2,290.5,45.3,D,0
-28.082,152.5028,305.4,3.1,1.7,2014-05-21,0306,Aqua,MODIS,51,6.2,292.7,21.9,D,0
-28.1227,151.0209,308.4,3.9,1.8,2014-05-21,0306,Aqua,MODIS,23,6.2,292,38.8,D,0
-28.1641,150.9903,319.3,3.9,1.8,2014-05-21,0306,Aqua,MODIS,61,6.2,292.1,100.2,D,0
-28.1782,151.0324,316.9,3.9,1.8,2014-05-21,0306,Aqua,MODIS,51,6.2,292.9,84.1,D,0
-28.181,150.9916,327.2,3.9,1.8,2014-05-21,0306,Aqua,MODIS,83,6.2,293.6,161.9,D,0
-28.1679,150.9953,334.5,3.9,1.8,2014-05-21,0306,Aqua,MODIS,88,6.2,292.8,225.9,D,0
-25.0013,151.7076,316.8,3.2,1.7,2014-05-21,0307,Aqua,MODIS,75,6.2,291.9,63.6,D,0
-38.5813,143.5534,308.6,1.2,1.1,2014-05-21,0441,Aqua,MODIS,67,6.2,287.1,12.8,D,0
-38.5065,143.0286,303.2,1.1,1.1,2014-05-21,0441,Aqua,MODIS,55,6.2,288.9,6.8,D,0
-38.5716,143.5506,301.2,1.2,1.1,2014-05-21,0441,Aqua,MODIS,45,6.2,286.4,6.5,D,0
-35.5207,148.0115,319.2,2.5,1.5,2014-05-21,0442,Aqua,MODIS,75,6.2,285.1,68.7,D,0
-35.5294,148.0097,311.8,2.5,1.5,2014-05-21,0442,Aqua,MODIS,68,6.2,285.7,44.6,D,0
-36.8973,149.3757,303.3,2.8,1.6,2014-05-21,0442,Aqua,MODIS,55,6.2,287.5,29.3,D,0
-36.8967,149.3712,300.2,2.8,1.6,2014-05-21,0442,Aqua,MODIS,31,6.2,287.5,22,D,0
-36.8899,149.4074,302.3,2.8,1.6,2014-05-21,0442,Aqua,MODIS,51,6.2,287.6,27.3,D,0
-36.8895,149.4024,305.2,2.8,1.6,2014-05-21,0442,Aqua,MODIS,61,6.2,287.7,35,D,0
-34.2414,146.147,325.5,2,1.4,2014-05-21,0442,Aqua,MODIS,82,6.2,296.7,56.3,D,0
-34.2453,146.1301,309.8,2,1.4,2014-05-21,0442,Aqua,MODIS,64,6.2,295.7,17.3,D,0
-34.3481,145.7574,315.3,1.9,1.4,2014-05-21,0442,Aqua,MODIS,65,6.2,294,23.1,D,0
-34.8732,146.7576,301.7,2.1,1.4,2014-05-21,0442,Aqua,MODIS,20,6.2,290.2,12,D,0
-34.3176,145.9697,327.7,2,1.4,2014-05-21,0442,Aqua,MODIS,84,6.2,295.6,60.2,D,0
-35.4778,145.3001,308.1,1.7,1.3,2014-05-21,0442,Aqua,MODIS,63,6.2,294.7,12.2,D,0
-34.2408,146.1519,330.9,2,1.4,2014-05-21,0442,Aqua,MODIS,86,6.2,296.5,76.3,D,0
-35.9833,146.1556,311.4,1.9,1.3,2014-05-21,0442,Aqua,MODIS,62,6.2,291.3,23.1,D,0
-34.3523,145.7369,362.2,1.9,1.3,2014-05-21,0442,Aqua,MODIS,100,6.2,300.2,226.5,D,0
-35.9519,146.1241,303.1,1.9,1.3,2014-05-21,0442,Aqua,MODIS,55,6.2,291.5,9.2,D,0
-36.9631,139.9985,304.1,1,1,2014-05-21,0442,Aqua,MODIS,50,6.2,290.1,4.8,D,0
-36.3801,141.3336,317.5,1.1,1,2014-05-21,0442,Aqua,MODIS,74,6.2,296.3,13.1,D,0
-36.3782,141.3455,340.2,1.1,1,2014-05-21,0442,Aqua,MODIS,91,6.2,297.4,44.4,D,0
-36.7924,140.6441,306.5,1,1,2014-05-21,0442,Aqua,MODIS,57,6.2,294.8,4.6,D,0
-36.1082,143.4828,309.4,1.3,1.1,2014-05-21,0442,Aqua,MODIS,63,6.2,296.2,8.4,D,0
-36.7941,140.6327,315,1,1,2014-05-21,0442,Aqua,MODIS,73,6.2,294.6,11.1,D,0
-36.218,142.1437,343.7,1.1,1.1,2014-05-21,0442,Aqua,MODIS,93,6.2,300.5,54.6,D,0
-37.8165,141.4737,318.4,1,1,2014-05-21,0442,Aqua,MODIS,78,6.2,275.6,17.9,D,0
-35.2316,144.0949,307.3,1.5,1.2,2014-05-21,0442,Aqua,MODIS,50,6.2,295.6,6.8,D,0
-35.1026,143.6704,308.6,1.4,1.2,2014-05-21,0442,Aqua,MODIS,55,6.2,296,8.3,D,0
-35.3825,144.0276,313.2,1.4,1.2,2014-05-21,0442,Aqua,MODIS,68,6.2,295.9,14.7,D,0
-35.369,144.0404,331,1.4,1.2,2014-05-21,0442,Aqua,MODIS,86,6.2,296.8,44.3,D,0
-37.837,141.2827,318.7,1,1,2014-05-21,0442,Aqua,MODIS,79,6.2,281.7,17.7,D,0
-35.3719,144.0246,329.1,1.4,1.2,2014-05-21,0442,Aqua,MODIS,84,6.2,297.4,40.1,D,0
-37.7512,141.6428,303.7,1.1,1,2014-05-21,0442,Aqua,MODIS,57,6.2,282.6,6.5,D,0
-35.4953,143.6145,318.7,1.4,1.2,2014-05-21,0442,Aqua,MODIS,75,6.2,296.1,20.6,D,0
-36.7072,141.7785,316.9,1.1,1,2014-05-21,0442,Aqua,MODIS,65,6.2,296.1,13.8,D,0
-36.7052,141.7907,308.1,1.1,1,2014-05-21,0442,Aqua,MODIS,53,6.2,295.4,6.1,D,0
-36.7102,141.7847,319.1,1.1,1,2014-05-21,0442,Aqua,MODIS,71,6.2,296.2,14.6,D,0
-36.7609,141.7723,329.8,1.1,1,2014-05-21,0442,Aqua,MODIS,65,6.2,295.8,28.4,D,0
-36.7703,141.7747,319.8,1.1,1,2014-05-21,0442,Aqua,MODIS,68,6.2,295.2,16.8,D,0
-37.8388,141.271,342.6,1,1,2014-05-21,0442,Aqua,MODIS,93,6.2,284,50.8,D,0
-36.2791,140.6805,311.4,1,1,2014-05-21,0442,Aqua,MODIS,64,6.2,295.9,7.2,D,0
-36.2773,140.6919,308.4,1,1,2014-05-21,0442,Aqua,MODIS,56,6.2,296.6,4.8,D,0
-36.3265,140.68,324,1,1,2014-05-21,0442,Aqua,MODIS,80,6.2,296,19.4,D,0
-35.4907,144.2043,325,1.5,1.2,2014-05-21,0442,Aqua,MODIS,82,6.2,295,35.8,D,0
-35.7362,140.006,317.6,1,1,2014-05-21,0442,Aqua,MODIS,74,6.2,297,11.8,D,0
-35.4937,144.1883,309.8,1.5,1.2,2014-05-21,0442,Aqua,MODIS,62,6.2,293.9,12,D,0
-37.9169,141.0116,361,1,1,2014-05-21,0442,Aqua,MODIS,100,6.2,291.2,90.3,D,0
-37.9151,141.0232,408.9,1,1,2014-05-21,0442,Aqua,MODIS,100,6.2,298.7,319.8,D,0
-36.0037,142.7303,312.2,1.2,1.1,2014-05-21,0442,Aqua,MODIS,67,6.2,296.8,9.2,D,0
-37.9133,141.0348,316.7,1,1,2014-05-21,0442,Aqua,MODIS,69,6.2,284.9,14,D,0
-37.9242,141.0255,316.3,1,1,2014-05-21,0442,Aqua,MODIS,74,6.2,286.3,14,D,0
-37.9682,141.2117,303.2,1,1,2014-05-21,0442,Aqua,MODIS,55,6.2,289.4,6,D,0
-35.7379,139.9949,320.7,1,1,2014-05-21,0442,Aqua,MODIS,77,6.2,296.7,14.9,D,0
-37.9527,142.1049,302.8,1.1,1,2014-05-21,0442,Aqua,MODIS,54,6.2,286.5,5.6,D,0
-35.4898,143.9716,317.4,1.4,1.2,2014-05-21,0442,Aqua,MODIS,74,6.2,294.3,21,D,0
-35.4862,143.9638,311.9,1.4,1.2,2014-05-21,0442,Aqua,MODIS,66,6.2,294.5,13.6,D,0
-37.945,142.5066,321.1,1.1,1.1,2014-05-21,0442,Aqua,MODIS,81,6.2,290,21.8,D,0
-37.9471,142.4939,314.5,1.1,1.1,2014-05-21,0442,Aqua,MODIS,75,6.2,289.6,14.8,D,0
-35.8301,139.8727,325.6,1,1,2014-05-21,0442,Aqua,MODIS,82,6.2,296,19.7,D,0
-35.8318,139.8616,323.8,1,1,2014-05-21,0442,Aqua,MODIS,80,6.2,295.8,17.8,D,0
-37.4542,143.0964,308,1.2,1.1,2014-05-21,0442,Aqua,MODIS,66,6.2,293,9.2,D,0
-37.1638,140.7414,305.5,1,1,2014-05-21,0442,Aqua,MODIS,61,6.2,291.6,4.3,D,0
-37.962,142.1074,302.9,1.1,1,2014-05-21,0442,Aqua,MODIS,53,6.2,287.8,5.6,D,0
-36.6939,142.2982,311.1,1.1,1.1,2014-05-21,0442,Aqua,MODIS,67,6.2,295.1,9.1,D,0
-35.4277,144.2813,343.5,1.5,1.2,2014-05-21,0442,Aqua,MODIS,93,6.2,297.2,82.4,D,0
-36.9423,143.0171,330.2,1.2,1.1,2014-05-21,0442,Aqua,MODIS,87,6.2,293.8,33.7,D,0
-36.9446,143.0037,325.8,1.2,1.1,2014-05-21,0442,Aqua,MODIS,84,6.2,294.5,26.7,D,0
-36.9325,143.0145,315.4,1.2,1.1,2014-05-21,0442,Aqua,MODIS,75,6.2,293.6,14.9,D,0
-35.4247,144.2975,311.4,1.5,1.2,2014-05-21,0442,Aqua,MODIS,65,6.2,295,12.5,D,0
-36.9348,143.001,318.8,1.2,1.1,2014-05-21,0442,Aqua,MODIS,79,6.2,294.4,19,D,0
-35.5438,139.1257,311.5,1,1,2014-05-21,0442,Aqua,MODIS,66,6.2,296.9,6.3,D,0
-35.4327,144.2725,325.5,1.5,1.2,2014-05-21,0442,Aqua,MODIS,82,6.2,296.2,35.9,D,0
-37.8297,141.2687,314.9,1,1,2014-05-21,0442,Aqua,MODIS,75,6.2,281,14.1,D,0
-37.8048,143.3901,313.3,1.2,1.1,2014-05-21,0442,Aqua,MODIS,74,6.2,290.8,14.3,D,0
-36.8776,140.0766,316.9,1,1,2014-05-21,0442,Aqua,MODIS,75,6.2,293.2,12.8,D,0
-36.8759,140.0879,309.5,1,1,2014-05-21,0442,Aqua,MODIS,65,6.2,293.7,7.1,D,0
-36.928,140.2356,308.3,1,1,2014-05-21,0442,Aqua,MODIS,63,6.2,292,7,D,0
-35.4296,144.2887,346.8,1.5,1.2,2014-05-21,0442,Aqua,MODIS,94,6.2,297.5,93.4,D,0
-37.8004,143.534,304,1.2,1.1,2014-05-21,0442,Aqua,MODIS,58,6.2,291.7,5.6,D,0
-36.2254,142.1588,320.5,1.1,1.1,2014-05-21,0442,Aqua,MODIS,77,6.2,296.7,16,D,0
-36.2275,142.1462,392.7,1.1,1.1,2014-05-21,0442,Aqua,MODIS,100,6.2,304.9,250.7,D,0
-36.2296,142.1336,333.5,1.1,1.1,2014-05-21,0442,Aqua,MODIS,87,6.2,297.9,33.7,D,0
-36.2201,142.1311,324.5,1.1,1.1,2014-05-21,0442,Aqua,MODIS,81,6.2,298.5,21.3,D,0
-37.9191,144.5839,304.6,1.4,1.2,2014-05-21,0442,Aqua,MODIS,59,6.2,292.1,7.2,D,0
-37.9161,144.5995,323,1.4,1.2,2014-05-21,0442,Aqua,MODIS,82,6.2,291.9,30.8,D,0
-37.7779,141.4761,314.8,1,1,2014-05-21,0442,Aqua,MODIS,75,6.2,281.4,15.1,D,0
-37.776,141.4879,311.8,1,1,2014-05-21,0442,Aqua,MODIS,72,6.2,281.2,13,D,0
-37.7741,141.4998,306.1,1,1,2014-05-21,0442,Aqua,MODIS,48,6.2,280.3,8,D,0
-36.4458,141.1354,314.2,1.1,1,2014-05-21,0442,Aqua,MODIS,70,6.2,296.7,9.3,D,0
-36.4477,141.1237,328.4,1.1,1,2014-05-21,0442,Aqua,MODIS,84,6.2,298,24.5,D,0
-37.8238,141.4879,312.8,1,1,2014-05-21,0442,Aqua,MODIS,54,6.2,277.5,12.6,D,0
-37.8146,141.4855,372.7,1,1,2014-05-21,0442,Aqua,MODIS,100,6.2,280.5,135.5,D,0
-38.1202,141.2988,393.3,1,1,2014-05-21,0442,Aqua,MODIS,100,6.2,296,225.3,D,0
-38.1184,141.3106,379.3,1,1,2014-05-21,0442,Aqua,MODIS,100,6.2,291.9,157.8,D,0
-38.1294,141.3011,356.3,1,1,2014-05-21,0442,Aqua,MODIS,98,6.2,291.4,80.1,D,0
-38.1275,141.3129,337.2,1,1,2014-05-21,0442,Aqua,MODIS,90,6.2,289.4,40.8,D,0
-36.6372,144.6508,310.4,1.5,1.2,2014-05-21,0442,Aqua,MODIS,70,6.2,292.2,15,D,0
-37.069,141.1197,305.9,1,1,2014-05-21,0442,Aqua,MODIS,60,6.2,292.4,5,D,0
-34.9659,137.582,307.1,1,1,2014-05-21,0443,Aqua,MODIS,55,6.2,294,4.5,D,0
-34.033,138.2415,325,1,1,2014-05-21,0443,Aqua,MODIS,82,6.2,299.2,18,D,0
-33.7041,135.7258,313.2,1.2,1.1,2014-05-21,0443,Aqua,MODIS,67,6.2,298.4,7,D,0
-33.7057,135.7132,320.4,1.2,1.1,2014-05-21,0443,Aqua,MODIS,76,6.2,299.9,15.1,D,0
-33.7881,137.949,346.5,1,1,2014-05-21,0443,Aqua,MODIS,94,6.2,296.8,51.6,D,0
-34.0345,138.2306,316.4,1,1,2014-05-21,0443,Aqua,MODIS,62,6.2,298,9.4,D,0
-34.1205,137.9445,321,1,1,2014-05-21,0443,Aqua,MODIS,78,6.2,297.8,14.5,D,0
-34.1211,140.7184,320,1.1,1,2014-05-21,0443,Aqua,MODIS,72,6.2,296.7,15.2,D,0
-34.123,140.7069,315.6,1.1,1,2014-05-21,0443,Aqua,MODIS,71,6.2,296.9,10.9,D,0
-34.0402,137.6498,306.8,1,1,2014-05-21,0443,Aqua,MODIS,53,6.2,290.5,3.6,D,0
-34.6056,135.8321,310.4,1.2,1.1,2014-05-21,0443,Aqua,MODIS,21,6.2,293.8,7.9,D,0
-33.7065,135.7188,323.6,1.2,1.1,2014-05-21,0443,Aqua,MODIS,79,6.2,299.6,17.9,D,0
-34.1009,137.5475,323.4,1,1,2014-05-21,0443,Aqua,MODIS,70,6.2,297.4,17.8,D,0
-32.018,148.8003,311.7,3.4,1.7,2014-05-21,0443,Aqua,MODIS,69,6.2,291.3,59.3,D,0
-34.4503,137.6062,340.3,1,1,2014-05-21,0443,Aqua,MODIS,91,6.2,295.1,41.7,D,0
-34.4518,137.595,324,1,1,2014-05-21,0443,Aqua,MODIS,81,6.2,293.5,18.5,D,0
-33.7866,137.9599,352,1,1,2014-05-21,0443,Aqua,MODIS,97,6.2,297.7,63.3,D,0
-28.5733,149.5704,311.6,4.7,2,2014-05-21,0444,Aqua,MODIS,43,6.2,295.4,59,D,0
-29.3865,146.2576,316.3,2.7,1.6,2014-05-21,0444,Aqua,MODIS,67,6.2,297.9,40.6,D,0
-29.3847,146.2523,316,2.7,1.6,2014-05-21,0444,Aqua,MODIS,66,6.2,297.8,36.8,D,0
-16.9592,137.9293,316.6,1.3,1.1,2014-05-21,0447,Aqua,MODIS,22,6.2,302,8.4,D,0
-16.9611,137.9171,334.5,1.3,1.1,2014-05-21,0447,Aqua,MODIS,84,6.2,302.8,38.3,D,0
-16.9631,137.9048,348.4,1.3,1.1,2014-05-21,0447,Aqua,MODIS,94,6.2,302.3,73.1,D,0
-16.951,137.9153,329.9,1.3,1.1,2014-05-21,0447,Aqua,MODIS,80,6.2,300.7,29.3,D,0
-16.9308,137.9173,320.1,1.3,1.1,2014-05-21,0447,Aqua,MODIS,65,6.2,301.3,14.1,D,0
-20.3347,124.0522,330,4.7,2,2014-05-21,0447,Aqua,MODIS,79,6.2,297.8,187.1,D,0
-20.3366,124.0491,326.9,4.7,2,2014-05-21,0447,Aqua,MODIS,75,6.2,297.6,154.1,D,0
-15.6355,126.275,333.5,2.8,1.6,2014-05-21,0448,Aqua,MODIS,84,6.2,296.3,113.1,D,0
-14.5232,130.7317,322,1.3,1.1,2014-05-21,0448,Aqua,MODIS,40,6.2,304.3,13.3,D,0
-14.5635,130.7371,327.9,1.3,1.1,2014-05-21,0448,Aqua,MODIS,74,6.2,300.4,22.4,D,0
-14.6462,125.6449,326.1,3,1.6,2014-05-21,0448,Aqua,MODIS,54,6.2,299,68.9,D,0
-14.6345,125.6155,326.8,3,1.7,2014-05-21,0448,Aqua,MODIS,68,6.2,299.2,78,D,0
-14.0977,132.2656,321.7,1.1,1,2014-05-21,0448,Aqua,MODIS,51,6.2,306.7,7,D,0
-15.6363,126.2438,340.8,2.8,1.6,2014-05-21,0448,Aqua,MODIS,90,6.2,298,169.7,D,0
-15.6499,126.2768,321.3,2.8,1.6,2014-05-21,0448,Aqua,MODIS,57,6.2,301.6,52.4,D,0
-16.1804,126.238,319.7,2.8,1.6,2014-05-21,0448,Aqua,MODIS,69,6.2,297.6,48.7,D,0
-15.2996,126.6875,318.1,2.5,1.5,2014-05-21,0448,Aqua,MODIS,58,6.2,302.1,33.8,D,0
-14.0119,130.356,325.6,1.3,1.1,2014-05-21,0448,Aqua,MODIS,74,6.2,304,18.2,D,0
-14.6753,125.3897,319.9,3.1,1.7,2014-05-21,0448,Aqua,MODIS,33,6.2,300.2,44.5,D,0
-14.0279,132.3087,334.3,1.1,1,2014-05-21,0448,Aqua,MODIS,83,6.2,307.6,23.5,D,0
-16.2281,127.1905,332.9,2.4,1.5,2014-05-21,0448,Aqua,MODIS,84,6.2,300.7,93.5,D,0
-14.6568,125.4172,327.2,3.1,1.7,2014-05-21,0448,Aqua,MODIS,64,6.2,300.4,83.9,D,0
-14.7084,125.4874,328.4,3.1,1.7,2014-05-21,0448,Aqua,MODIS,80,6.2,302.3,85.4,D,0
-16.6758,126.4092,320.4,2.8,1.6,2014-05-21,0448,Aqua,MODIS,54,6.2,300.9,33.6,D,0
-14.6719,125.4193,320.5,3.1,1.7,2014-05-21,0448,Aqua,MODIS,32,6.2,301,44.8,D,0
-14.6543,125.4216,322.4,3.1,1.7,2014-05-21,0448,Aqua,MODIS,30,6.2,299.9,53.6,D,0
-16.0294,127.2224,333.7,2.4,1.5,2014-05-21,0448,Aqua,MODIS,84,6.2,299.6,94.8,D,0
-14.7313,125.5545,325.6,3.1,1.7,2014-05-21,0448,Aqua,MODIS,77,6.2,301,71,D,0
-14.7463,125.4114,318.3,3.1,1.7,2014-05-21,0448,Aqua,MODIS,47,6.2,301.3,36.7,D,0
-14.0103,130.3682,325.2,1.3,1.1,2014-05-21,0448,Aqua,MODIS,74,6.2,306.6,17.7,D,0
-16.6614,126.4076,321,2.8,1.6,2014-05-21,0448,Aqua,MODIS,66,6.2,300.8,37.9,D,0
-14.7958,125.236,320,3.2,1.7,2014-05-21,0448,Aqua,MODIS,52,6.2,298.2,53.9,D,0
-14.9898,127.6844,322,2.1,1.4,2014-05-21,0448,Aqua,MODIS,70,6.2,303.5,32.3,D,0
-15.7101,126.1244,319.4,2.9,1.6,2014-05-21,0448,Aqua,MODIS,67,6.2,298.1,49.6,D,0
-15.6955,126.1228,326.1,2.9,1.6,2014-05-21,0448,Aqua,MODIS,77,6.2,296.2,79.6,D,0
-14.7179,125.4006,333.6,3.1,1.7,2014-05-21,0448,Aqua,MODIS,82,6.2,300.5,120.1,D,0
-14.7495,125.3815,320.1,3.2,1.7,2014-05-21,0448,Aqua,MODIS,67,6.2,301.4,50.3,D,0
-15.6507,126.2454,321.2,2.8,1.6,2014-05-21,0448,Aqua,MODIS,62,6.2,300.1,56.3,D,0
-15.6478,126.2714,327.5,2.8,1.6,2014-05-21,0448,Aqua,MODIS,79,6.2,302.5,82.6,D,0
-14.6334,125.6202,327.9,3,1.7,2014-05-21,0448,Aqua,MODIS,53,6.2,298.8,79.9,D,0
-14.6494,125.6173,332.2,3,1.7,2014-05-21,0448,Aqua,MODIS,79,6.2,299.6,110.9,D,0
-15.6382,126.2491,354.7,2.8,1.6,2014-05-21,0448,Aqua,MODIS,97,6.2,298.8,294.3,D,0
-14.7321,125.5477,328.1,3.1,1.7,2014-05-21,0448,Aqua,MODIS,80,6.2,301,87.1,D,0
-14.6482,125.622,341.4,3,1.7,2014-05-21,0448,Aqua,MODIS,90,6.2,300.1,184.4,D,0
-15.9035,127.2898,318.3,2.3,1.5,2014-05-21,0448,Aqua,MODIS,53,6.2,301.5,32,D,0
-16.0679,126.1637,314.3,2.9,1.6,2014-05-21,0448,Aqua,MODIS,15,6.2,296.1,20.7,D,0
-14.4476,130.9153,323.8,1.2,1.1,2014-05-21,0448,Aqua,MODIS,71,6.2,302.5,18.2,D,0
-16.0318,127.2002,335.7,2.4,1.5,2014-05-21,0448,Aqua,MODIS,86,6.2,297.1,106.9,D,0
-15.1575,126.4641,319,2.6,1.6,2014-05-21,0448,Aqua,MODIS,58,6.2,296.5,39.2,D,0
-14.7343,125.5263,317.4,3.1,1.7,2014-05-21,0448,Aqua,MODIS,30,6.2,301.1,27.5,D,0
-14.4888,132.5062,329.9,1.1,1,2014-05-21,0448,Aqua,MODIS,79,6.2,305.3,17,D,0
-14.5888,130.7703,326.5,1.3,1.1,2014-05-21,0448,Aqua,MODIS,54,6.2,301.8,22.6,D,0
-14.498,132.5076,330.3,1.1,1,2014-05-21,0448,Aqua,MODIS,79,6.2,306.9,17.6,D,0
-13.9788,131.0713,322.7,1.2,1.1,2014-05-21,0448,Aqua,MODIS,69,6.2,305,13.2,D,0
-14.4784,130.7617,324.5,1.3,1.1,2014-05-21,0448,Aqua,MODIS,25,6.2,302.3,16.5,D,0
-13.7644,133.2816,325.3,1,1,2014-05-21,0448,Aqua,MODIS,66,6.2,301.1,16.4,D,0
-13.7631,133.2909,342.1,1,1,2014-05-21,0448,Aqua,MODIS,85,6.2,298,40.7,D,0
-14.0738,132.3851,326.8,1.1,1,2014-05-21,0448,Aqua,MODIS,75,6.2,306.8,14.3,D,0
-13.8229,134.5447,318.5,1,1,2014-05-21,0448,Aqua,MODIS,56,6.2,296.9,10.7,D,0
-14.0608,132.3434,328.5,1.1,1,2014-05-21,0448,Aqua,MODIS,65,6.2,307.6,12.3,D,0
-14.2666,132.717,322.5,1,1,2014-05-21,0448,Aqua,MODIS,52,6.2,306.6,6.5,D,0
-13.8686,130.9815,324.1,1.2,1.1,2014-05-21,0448,Aqua,MODIS,26,6.2,306.3,12.3,D,0
-13.8651,132.3622,325.9,1.1,1,2014-05-21,0448,Aqua,MODIS,59,6.2,306.3,10.8,D,0
-13.8518,132.39,327.8,1.1,1,2014-05-21,0448,Aqua,MODIS,62,6.2,305.8,13.8,D,0
-14.5247,130.7198,329.2,1.3,1.1,2014-05-21,0448,Aqua,MODIS,78,6.2,304.6,25.4,D,0
-15.6101,131.75,323.1,1.2,1.1,2014-05-21,0448,Aqua,MODIS,41,6.2,303.5,10.8,D,0
-14.149,131.6271,330.2,1.1,1.1,2014-05-21,0448,Aqua,MODIS,79,6.2,305.7,20.8,D,0
-14.5038,132.6523,323.2,1,1,2014-05-21,0448,Aqua,MODIS,69,6.2,306.7,9.1,D,0
-15.6087,131.7607,328.8,1.2,1.1,2014-05-21,0448,Aqua,MODIS,79,6.2,307.6,19.1,D,0
-13.9381,131.0768,319.2,1.2,1.1,2014-05-21,0448,Aqua,MODIS,24,6.2,303.2,9,D,0
-15.653,131.7519,327.3,1.2,1.1,2014-05-21,0448,Aqua,MODIS,77,6.2,306.3,16.1,D,0
-15.6516,131.7626,322.7,1.2,1.1,2014-05-21,0448,Aqua,MODIS,65,6.2,306.5,10.1,D,0
-13.9367,131.0879,323.4,1.2,1.1,2014-05-21,0448,Aqua,MODIS,47,6.2,304.1,12.8,D,0
-13.9479,131.0782,323.1,1.2,1.1,2014-05-21,0448,Aqua,MODIS,49,6.2,300.9,13.2,D,0
-13.9464,131.0893,326.8,1.2,1.1,2014-05-21,0448,Aqua,MODIS,57,6.2,303.7,17.3,D,0
-13.9435,131.1114,321.6,1.2,1.1,2014-05-21,0448,Aqua,MODIS,41,6.2,306.1,9,D,0
-13.942,131.1224,323,1.2,1.1,2014-05-21,0448,Aqua,MODIS,69,6.2,305.8,11,D,0
-13.9705,131.0589,348.1,1.2,1.1,2014-05-21,0448,Aqua,MODIS,93,6.2,304.5,61.9,D,0
-13.969,131.0699,360.1,1.2,1.1,2014-05-21,0448,Aqua,MODIS,100,6.2,304.8,98.9,D,0
-14.5717,130.7437,325.3,1.3,1.1,2014-05-21,0448,Aqua,MODIS,22,6.2,302.4,17.2,D,0
-14.4967,132.5173,328.4,1.1,1,2014-05-21,0448,Aqua,MODIS,77,6.2,306.3,15.2,D,0
-14.2339,132.7511,325,1,1,2014-05-21,0448,Aqua,MODIS,48,6.2,306.5,8.1,D,0
-14.0885,132.3342,325.1,1.1,1,2014-05-21,0448,Aqua,MODIS,33,6.2,308.1,8.8,D,0
-13.8952,131.9335,331.4,1.1,1,2014-05-21,0448,Aqua,MODIS,50,6.2,303.8,22.5,D,0
-14.518,130.8501,329.1,1.3,1.1,2014-05-21,0448,Aqua,MODIS,78,6.2,301.7,28.9,D,0
-14.0267,130.6381,328.5,1.3,1.1,2014-05-21,0448,Aqua,MODIS,67,6.2,306.4,16.8,D,0
-14.1172,130.4869,338.6,1.3,1.1,2014-05-21,0448,Aqua,MODIS,87,6.2,302.7,44.3,D,0
-14.1188,130.4749,326.5,1.3,1.1,2014-05-21,0448,Aqua,MODIS,53,6.2,302.8,20.1,D,0
-14.107,130.4855,323,1.3,1.1,2014-05-21,0448,Aqua,MODIS,65,6.2,301,15.3,D,0
-14.1086,130.4734,319.4,1.3,1.1,2014-05-21,0448,Aqua,MODIS,37,6.2,300.3,10.4,D,0
-14.2806,130.5589,323.2,1.3,1.1,2014-05-21,0448,Aqua,MODIS,70,6.2,303.2,17.7,D,0
-14.2791,130.5709,327.3,1.3,1.1,2014-05-21,0448,Aqua,MODIS,76,6.2,305.1,24.4,D,0
-15.7733,128.9613,323.2,1.7,1.3,2014-05-21,0448,Aqua,MODIS,49,6.2,301.6,24.2,D,0
-14.0198,130.6129,337.2,1.3,1.1,2014-05-21,0448,Aqua,MODIS,86,6.2,304.1,38.2,D,0
-14.0183,130.6247,369,1.3,1.1,2014-05-21,0448,Aqua,MODIS,100,6.2,309.7,141.9,D,0
-14.0283,130.6263,346.9,1.3,1.1,2014-05-21,0448,Aqua,MODIS,93,6.2,305.5,60.2,D,0
-14.3855,133.3802,325.2,1,1,2014-05-21,0448,Aqua,MODIS,72,6.2,302.1,13,D,0
-14.5537,133.3608,324.5,1,1,2014-05-21,0448,Aqua,MODIS,48,6.2,304.2,13,D,0
-14.3894,133.3524,324.4,1,1,2014-05-21,0448,Aqua,MODIS,49,6.2,303.7,12.5,D,0
-14.511,133.9176,381.4,1,1,2014-05-21,0448,Aqua,MODIS,94,6.2,300.9,148.1,D,0
-14.5416,133.96,334.4,1,1,2014-05-21,0448,Aqua,MODIS,85,6.2,303.5,21.5,D,0
-15.7155,125.5221,315.1,3.2,1.7,2014-05-21,0448,Aqua,MODIS,44,6.2,297.8,33.2,D,0
-15.6632,125.724,317.7,3.1,1.7,2014-05-21,0448,Aqua,MODIS,39,6.2,300.1,39.1,D,0
-15.649,125.715,316,3.1,1.7,2014-05-21,0448,Aqua,MODIS,24,6.2,295.8,32.1,D,0
-16.1564,125.9041,321.8,3,1.7,2014-05-21,0448,Aqua,MODIS,72,6.2,301,60.2,D,0
-16.1537,125.9238,317.2,3,1.6,2014-05-21,0448,Aqua,MODIS,63,6.2,301.3,36.3,D,0
-16.1566,125.8974,317.8,3,1.7,2014-05-21,0448,Aqua,MODIS,65,6.2,300.6,41,D,0
-16.6745,125.9885,317,3,1.7,2014-05-21,0448,Aqua,MODIS,58,6.2,302.1,32.6,D,0
-14.9214,131.664,327.4,1.1,1.1,2014-05-21,0448,Aqua,MODIS,52,6.2,304.9,15.3,D,0
-14.6691,132.7869,324.9,1,1,2014-05-21,0448,Aqua,MODIS,73,6.2,305.9,11.1,D,0
-14.4841,132.8642,330,1,1,2014-05-21,0448,Aqua,MODIS,79,6.2,307.7,17.1,D,0
-14.4922,132.6843,326.8,1,1,2014-05-21,0448,Aqua,MODIS,75,6.2,306.1,12.6,D,0
-16.6594,136.6398,321.2,1.1,1.1,2014-05-21,0448,Aqua,MODIS,48,6.2,303.7,9.4,D,0
-16.661,136.6294,322.3,1.1,1.1,2014-05-21,0448,Aqua,MODIS,51,6.2,303.7,10.1,D,0
-14.69,125.8043,329.9,2.9,1.6,2014-05-21,0448,Aqua,MODIS,82,6.2,299.9,99.8,D,0
-14.6889,125.7976,328.4,2.9,1.6,2014-05-21,0448,Aqua,MODIS,80,6.2,300.1,91.1,D,0
-15.1697,125.1163,316.9,3.4,1.7,2014-05-21,0448,Aqua,MODIS,58,6.2,297.5,50.2,D,0
-15.1742,125.1096,314.4,3.4,1.7,2014-05-21,0448,Aqua,MODIS,39,6.2,298.2,32.8,D,0
-16.0496,130.7997,364.6,1.3,1.1,2014-05-21,0448,Aqua,MODIS,100,6.2,304.6,134.5,D,0
-14.6202,125.4715,345.8,3.1,1.7,2014-05-21,0448,Aqua,MODIS,81,6.2,301.2,235.3,D,0
-13.0801,130.6342,328.5,1.2,1.1,2014-05-21,0449,Aqua,MODIS,78,6.2,305.9,21.6,D,0
-13.0901,130.6356,329.6,1.2,1.1,2014-05-21,0449,Aqua,MODIS,80,6.2,301.3,23.5,D,0
-13.3552,130.3941,320.7,1.3,1.1,2014-05-21,0449,Aqua,MODIS,55,6.2,304.2,15.6,D,0
-13.4044,131.269,330.4,1.2,1.1,2014-05-21,0449,Aqua,MODIS,80,6.2,306.7,21.7,D,0
-13.813,130.1725,315.5,1.3,1.2,2014-05-21,0449,Aqua,MODIS,41,6.2,301.4,7.3,D,0
-13.4023,131.2631,330.1,1.2,1.1,2014-05-21,0449,Aqua,MODIS,51,6.2,306.3,21.4,D,0
-12.342,133.0715,318.9,1,1,2014-05-21,0449,Aqua,MODIS,53,6.2,302.3,7.4,D,0
-13.8163,130.1477,332.3,1.4,1.2,2014-05-21,0449,Aqua,MODIS,82,6.2,300.9,36.5,D,0
-13.8147,130.1601,319.6,1.4,1.2,2014-05-21,0449,Aqua,MODIS,63,6.2,301.3,13.2,D,0
-13.428,130.7759,340.7,1.2,1.1,2014-05-21,0449,Aqua,MODIS,89,6.2,303,45.5,D,0
-13.526,130.8755,329.9,1.2,1.1,2014-05-21,0449,Aqua,MODIS,77,6.2,303.8,22.4,D,0
-13.4102,130.9106,344.2,1.2,1.1,2014-05-21,0449,Aqua,MODIS,91,6.2,305.4,52.3,D,0
-13.4295,130.7646,327.3,1.2,1.1,2014-05-21,0449,Aqua,MODIS,76,6.2,301.1,21.6,D,0
-13.378,130.7624,329.5,1.2,1.1,2014-05-21,0449,Aqua,MODIS,25,6.2,299.9,20.8,D,0
-13.4003,130.9092,336.6,1.2,1.1,2014-05-21,0449,Aqua,MODIS,80,6.2,303.3,34.8,D,0
-13.2651,131.0842,330.7,1.2,1.1,2014-05-21,0449,Aqua,MODIS,80,6.2,302.7,25.2,D,0
-13.2526,130.7163,330.6,1.2,1.1,2014-05-21,0449,Aqua,MODIS,76,6.2,300.3,26.1,D,0
-13.0462,132.8984,327.1,1,1,2014-05-21,0449,Aqua,MODIS,52,6.2,304.3,14.1,D,0
-13.0552,132.8997,370.9,1,1,2014-05-21,0449,Aqua,MODIS,100,6.2,307.3,109.4,D,0
-13.4757,130.7997,328.4,1.2,1.1,2014-05-21,0449,Aqua,MODIS,46,6.2,301.3,20.6,D,0
-12.6762,133.0454,341.8,1,1,2014-05-21,0449,Aqua,MODIS,90,6.2,303.4,33.7,D,0
-13.0894,132.9205,335.8,1,1,2014-05-21,0449,Aqua,MODIS,85,6.2,303.5,24.7,D,0
-12.6968,133.0297,328.4,1,1,2014-05-21,0449,Aqua,MODIS,40,6.2,299.2,14.8,D,0
-13.4856,130.8011,340.2,1.2,1.1,2014-05-21,0449,Aqua,MODIS,88,6.2,301.5,43,D,0
-13.0881,132.9298,334.4,1,1,2014-05-21,0449,Aqua,MODIS,84,6.2,305.5,21.5,D,0
-13.5153,130.8053,333.9,1.2,1.1,2014-05-21,0449,Aqua,MODIS,78,6.2,303,29.1,D,0
-13.5252,130.8067,325.2,1.2,1.1,2014-05-21,0449,Aqua,MODIS,54,6.2,301.7,15.4,D,0
-13.4296,131.7748,320.9,1.1,1,2014-05-21,0449,Aqua,MODIS,41,6.2,305.6,7.7,D,0
-13.0946,132.9497,324.7,1,1,2014-05-21,0449,Aqua,MODIS,56,6.2,304.9,10.3,D,0
-13.092,132.9683,324.2,1,1,2014-05-21,0449,Aqua,MODIS,46,6.2,304.4,10.3,D,0
-13.3821,130.8955,321.7,1.2,1.1,2014-05-21,0449,Aqua,MODIS,59,6.2,301.6,14.1,D,0
-13.6584,131.3278,328.7,1.2,1.1,2014-05-21,0449,Aqua,MODIS,71,6.2,304.1,20.4,D,0
-13.5048,130.8842,343.5,1.2,1.1,2014-05-21,0449,Aqua,MODIS,91,6.2,301.4,49.5,D,0
-12.7502,133.1758,323.3,1,1,2014-05-21,0449,Aqua,MODIS,59,6.2,301,9.3,D,0
-12.7489,133.185,323.6,1,1,2014-05-21,0449,Aqua,MODIS,40,6.2,302.3,9.8,D,0
-13.0907,132.9775,325.7,1,1,2014-05-21,0449,Aqua,MODIS,62,6.2,304,12.8,D,0
-13.5465,132.5425,321.6,1,1,2014-05-21,0449,Aqua,MODIS,67,6.2,306.9,8.1,D,0
-13.5477,132.5331,331.9,1,1,2014-05-21,0449,Aqua,MODIS,82,6.2,306,20.9,D,0
-13.6599,131.3172,322.9,1.2,1.1,2014-05-21,0449,Aqua,MODIS,51,6.2,302.2,12.4,D,0
-13.0016,132.8288,320,1,1,2014-05-21,0449,Aqua,MODIS,47,6.2,304,7,D,0
-13.2338,132.8051,319.4,1,1,2014-05-21,0449,Aqua,MODIS,52,6.2,303.7,6.3,D,0
-13.2247,132.8038,321,1,1,2014-05-21,0449,Aqua,MODIS,44,6.2,303.1,7.2,D,0
-13.4822,130.9037,321.9,1.2,1.1,2014-05-21,0449,Aqua,MODIS,52,6.2,302.5,11.7,D,0
-13.3765,130.7737,344.9,1.2,1.1,2014-05-21,0449,Aqua,MODIS,91,6.2,302.2,52.2,D,0
-13.2511,130.7277,327.6,1.2,1.1,2014-05-21,0449,Aqua,MODIS,71,6.2,299,20.4,D,0
-13.261,130.729,361,1.2,1.1,2014-05-21,0449,Aqua,MODIS,100,6.2,304.1,107.1,D,0
-13.2709,130.7304,339,1.2,1.1,2014-05-21,0449,Aqua,MODIS,87,6.2,302.9,42.8,D,0
-13.2793,130.743,332.6,1.2,1.1,2014-05-21,0449,Aqua,MODIS,64,6.2,302.2,28.9,D,0
-13.2892,130.7444,335.6,1.2,1.1,2014-05-21,0449,Aqua,MODIS,85,6.2,303.8,36.1,D,0
-13.2903,130.7386,333.8,1.2,1.1,2014-05-21,0449,Aqua,MODIS,83,6.2,302.1,32.1,D,0
-13.2888,130.7499,336.9,1.2,1.1,2014-05-21,0449,Aqua,MODIS,86,6.2,302.8,38.3,D,0
-13.2987,130.7513,330,1.2,1.1,2014-05-21,0449,Aqua,MODIS,66,6.2,301.9,25.7,D,0
-13.3087,130.7527,341.8,1.2,1.1,2014-05-21,0449,Aqua,MODIS,84,6.2,302.1,49.3,D,0
-13.32,130.7428,347,1.2,1.1,2014-05-21,0449,Aqua,MODIS,93,6.2,300.3,61.6,D,0
-13.3186,130.7541,334.3,1.2,1.1,2014-05-21,0449,Aqua,MODIS,59,6.2,300,32.9,D,0
-13.5607,131.9731,324.2,1.1,1,2014-05-21,0449,Aqua,MODIS,71,6.2,307.4,9.5,D,0
-13.3666,130.7723,358.5,1.2,1.1,2014-05-21,0449,Aqua,MODIS,99,6.2,303.2,94.6,D,0
-13.4181,130.7745,325.1,1.2,1.1,2014-05-21,0449,Aqua,MODIS,67,6.2,301.8,16,D,0
-13.4379,130.7773,329.6,1.2,1.1,2014-05-21,0449,Aqua,MODIS,59,6.2,302.5,23.3,D,0
-13.4364,130.7886,331.8,1.2,1.1,2014-05-21,0449,Aqua,MODIS,76,6.2,303.1,26.9,D,0
-13.4478,130.7787,337.5,1.2,1.1,2014-05-21,0449,Aqua,MODIS,85,6.2,301,37.6,D,0
-13.4463,130.7899,356.4,1.2,1.1,2014-05-21,0449,Aqua,MODIS,98,6.2,305.2,89.5,D,0
-13.4562,130.7913,345.7,1.2,1.1,2014-05-21,0449,Aqua,MODIS,92,6.2,303.5,57.7,D,0
-13.5786,133.0334,325.8,1,1,2014-05-21,0449,Aqua,MODIS,74,6.2,303.3,13.6,D,0
-13.5748,132.9948,328.8,1,1,2014-05-21,0449,Aqua,MODIS,77,6.2,302.9,18,D,0
-12.6737,132.4791,317.2,1,1,2014-05-21,0449,Aqua,MODIS,60,6.2,300.6,7.5,D,0
-12.6724,132.4885,318.1,1,1,2014-05-21,0449,Aqua,MODIS,63,6.2,301.7,8.2,D,0
-13.1412,132.8141,329.5,1,1,2014-05-21,0449,Aqua,MODIS,79,6.2,304.2,16.6,D,0
-13.1399,132.8236,320.4,1,1,2014-05-21,0449,Aqua,MODIS,52,6.2,304.8,6.1,D,0
-13.3884,130.7703,330.3,1.2,1.1,2014-05-21,0449,Aqua,MODIS,68,6.2,302.2,23.1,D,0
-13.3785,130.769,344,1.2,1.1,2014-05-21,0449,Aqua,MODIS,91,6.2,301.2,51.6,D,0
-13.3901,130.9862,327.3,1.2,1.1,2014-05-21,0449,Aqua,MODIS,64,6.2,302.4,19.2,D,0
-13.4547,130.8026,331.5,1.2,1.1,2014-05-21,0449,Aqua,MODIS,62,6.2,302.9,25.4,D,0
-13.3582,130.7596,326.3,1.2,1.1,2014-05-21,0449,Aqua,MODIS,27,6.2,295.7,19,D,0
-13.3681,130.761,370.7,1.2,1.1,2014-05-21,0449,Aqua,MODIS,100,6.2,302.8,144.6,D,0
-13.3552,130.7821,349,1.2,1.1,2014-05-21,0449,Aqua,MODIS,94,6.2,300.5,66.4,D,0
-13.5138,130.8166,338.9,1.2,1.1,2014-05-21,0449,Aqua,MODIS,87,6.2,303.7,37.9,D,0
-13.5024,130.8264,329.4,1.2,1.1,2014-05-21,0449,Aqua,MODIS,33,6.2,302.1,19.9,D,0
-13.386,131.2389,350.5,1.2,1.1,2014-05-21,0449,Aqua,MODIS,95,6.2,301.9,64.7,D,0
-13.4058,131.2584,324.3,1.2,1.1,2014-05-21,0449,Aqua,MODIS,55,6.2,303.7,13.5,D,0
-13.5039,130.8152,342.5,1.2,1.1,2014-05-21,0449,Aqua,MODIS,90,6.2,303,45.3,D,0
-13.0268,130.8098,342.4,1.2,1.1,2014-05-21,0449,Aqua,MODIS,90,6.2,301.4,50.1,D,0
-12.6544,132.2147,318.3,1,1,2014-05-21,0449,Aqua,MODIS,40,6.2,301.9,7,D,0
-13.0886,130.6469,338.5,1.2,1.1,2014-05-21,0449,Aqua,MODIS,87,6.2,301,41.4,D,0
-12.6131,132.2508,326,1,1,2014-05-21,0449,Aqua,MODIS,76,6.2,302.7,14.8,D,0
-12.8507,133.0461,323.4,1,1,2014-05-21,0449,Aqua,MODIS,65,6.2,304.2,9.8,D,0
-12.6737,132.998,323,1,1,2014-05-21,0449,Aqua,MODIS,68,6.2,299.8,11.3,D,0
-12.6236,132.2426,326.1,1,1,2014-05-21,0449,Aqua,MODIS,77,6.2,302.4,15.8,D,0
-12.6348,132.2216,318.4,1,1,2014-05-21,0449,Aqua,MODIS,51,6.2,301.5,7.7,D,0
-13.2427,130.715,334.3,1.2,1.1,2014-05-21,0449,Aqua,MODIS,83,6.2,298.6,33.9,D,0
-13.0326,130.7653,321.3,1.2,1.1,2014-05-21,0449,Aqua,MODIS,55,6.2,296.8,14.9,D,0
-12.6053,132.2399,326.8,1,1,2014-05-21,0449,Aqua,MODIS,78,6.2,302,16.6,D,0
-12.5673,132.2442,317.7,1,1,2014-05-21,0449,Aqua,MODIS,55,6.2,300.2,6.8,D,0
-13.0351,130.8223,323.6,1.2,1.1,2014-05-21,0449,Aqua,MODIS,72,6.2,301.4,16.4,D,0
-12.604,132.2495,318.6,1,1,2014-05-21,0449,Aqua,MODIS,55,6.2,301.9,7.1,D,0
-13.0786,130.6455,321.8,1.2,1.1,2014-05-21,0449,Aqua,MODIS,48,6.2,304.3,11.4,D,0
-12.6145,132.2413,325.2,1,1,2014-05-21,0449,Aqua,MODIS,76,6.2,301.7,14.3,D,0
-12.9172,133.1002,326.6,1,1,2014-05-21,0449,Aqua,MODIS,76,6.2,301.7,14.8,D,0
-12.6364,132.9359,318.9,1,1,2014-05-21,0449,Aqua,MODIS,28,6.2,301.1,6.1,D,0
-13.0366,130.8112,319.4,1.2,1.1,2014-05-21,0449,Aqua,MODIS,61,6.2,299.5,11,D,0
-12.8126,130.9687,316.6,1.2,1.1,2014-05-21,0449,Aqua,MODIS,50,6.2,301.1,7,D,0
-13.0249,130.8996,340.7,1.2,1.1,2014-05-21,0449,Aqua,MODIS,89,6.2,303.9,44.2,D,0
-12.4219,132.9614,323.3,1,1,2014-05-21,0449,Aqua,MODIS,73,6.2,300.9,12.1,D,0
-12.8368,132.817,321.6,1,1,2014-05-21,0449,Aqua,MODIS,68,6.2,303.1,9.5,D,0
-13.0282,130.7987,361.7,1.2,1.1,2014-05-21,0449,Aqua,MODIS,100,6.2,302.1,107.4,D,0
-12.7049,131.3768,317.3,1.1,1.1,2014-05-21,0449,Aqua,MODIS,61,6.2,302.5,7.4,D,0
-13.0264,130.8887,352.1,1.2,1.1,2014-05-21,0449,Aqua,MODIS,96,6.2,304.2,74.3,D,0
-12.8381,132.8077,318.1,1,1,2014-05-21,0449,Aqua,MODIS,56,6.2,302.4,6,D,0
-12.6506,132.7679,315.6,1,1,2014-05-21,0449,Aqua,MODIS,52,6.2,300.4,5.8,D,0
-13.0278,130.8776,323.5,1.2,1.1,2014-05-21,0449,Aqua,MODIS,58,6.2,302.3,14.7,D,0
-12.6532,132.8156,318,1,1,2014-05-21,0449,Aqua,MODIS,62,6.2,300.6,7.7,D,0
-12.9082,133.0989,320,1,1,2014-05-21,0449,Aqua,MODIS,65,6.2,302.9,8.2,D,0
-12.7098,132.9374,318.4,1,1,2014-05-21,0449,Aqua,MODIS,63,6.2,301,7.5,D,0
-12.7209,132.9267,321,1,1,2014-05-21,0449,Aqua,MODIS,63,6.2,301.5,8.6,D,0
-12.4129,132.9601,329.2,1,1,2014-05-21,0449,Aqua,MODIS,74,6.2,302.2,18.7,D,0
-13.0297,130.7875,358.2,1.2,1.1,2014-05-21,0449,Aqua,MODIS,93,6.2,300.1,96.4,D,0
-12.9185,133.091,326,1,1,2014-05-21,0449,Aqua,MODIS,75,6.2,301.1,14,D,0
-31.148,116.1154,310.8,1.2,1.1,2014-05-21,0622,Aqua,MODIS,59,6.2,293.3,10,D,0
-31.0837,115.8814,312.8,1.1,1.1,2014-05-21,0622,Aqua,MODIS,68,6.2,295.9,10.3,D,0
-31.0851,116.3703,308,1.2,1.1,2014-05-21,0622,Aqua,MODIS,36,6.2,294.3,6.8,D,0
-32.0474,118.8796,302.8,1.6,1.2,2014-05-21,0622,Aqua,MODIS,31,6.2,285.2,12,D,0
-31.083,116.3829,313.7,1.2,1.1,2014-05-21,0622,Aqua,MODIS,60,6.2,292,11.6,D,0
-31.1614,119.5015,311.4,1.8,1.3,2014-05-21,0622,Aqua,MODIS,67,6.2,295.9,17.4,D,0
-20.8867,119.6629,320.7,3.1,1.7,2014-05-21,0625,Aqua,MODIS,60,6.2,305.2,37.6,D,0
-31.208,149.5482,309,1.6,1.2,2014-05-21,1230,Terra,MODIS,76,6.2,284,23.9,N,0
-31.2064,149.5535,315.2,1.6,1.2,2014-05-21,1230,Terra,MODIS,91,6.2,283.6,31.9,N,0
-28.1582,150.9951,313,1.2,1.1,2014-05-21,1231,Terra,MODIS,60,6.2,288.6,15.9,N,0
-28.1355,151.017,318.9,1.2,1.1,2014-05-21,1231,Terra,MODIS,29,6.2,289.3,19.7,N,0
-28.1226,151.0345,318.3,1.2,1.1,2014-05-21,1231,Terra,MODIS,16,6.2,288.6,18.9,N,0
-28.1538,151.0324,307.5,1.2,1.1,2014-05-21,1231,Terra,MODIS,26,6.2,286.6,11.6,N,0
-28.1666,151.0091,311.8,1.2,1.1,2014-05-21,1231,Terra,MODIS,33,6.2,288.9,15.3,N,0
-28.1681,150.9967,307.7,1.2,1.1,2014-05-21,1231,Terra,MODIS,59,6.2,288.4,12.4,N,0
-28.1552,151.02,313.5,1.2,1.1,2014-05-21,1231,Terra,MODIS,15,6.2,288.4,15.3,N,0
-28.1637,151.0338,310.2,1.2,1.1,2014-05-21,1231,Terra,MODIS,44,6.2,286.9,14.6,N,0
-28.1241,151.0221,318.9,1.2,1.1,2014-05-21,1231,Terra,MODIS,32,6.2,289.5,18.2,N,0
-28.1651,151.0215,318.7,1.2,1.1,2014-05-21,1231,Terra,MODIS,56,6.2,288.8,22.4,N,0
-28.1567,151.0076,320.6,1.2,1.1,2014-05-21,1231,Terra,MODIS,54,6.2,289.6,23.4,N,0
-28.8066,150.0171,302.6,1.4,1.2,2014-05-21,1231,Terra,MODIS,50,6.2,284.7,12.8,N,0
-28.5583,149.459,310.6,1.5,1.2,2014-05-21,1231,Terra,MODIS,80,6.2,284.4,23.3,N,0
-28.5693,149.4606,318.6,1.5,1.2,2014-05-21,1231,Terra,MODIS,97,6.2,285.1,34.9,N,0
-24.6796,152.0209,305.3,1,1,2014-05-21,1232,Terra,MODIS,64,6.2,288.3,7.3,N,0
-24.6887,152.0224,305.7,1,1,2014-05-21,1232,Terra,MODIS,65,6.2,288.3,7.6,N,0
-24.7731,147.7617,303.7,1.7,1.3,2014-05-21,1232,Terra,MODIS,57,6.2,284.4,18.4,N,0
-24.7774,147.7559,309.1,1.7,1.3,2014-05-21,1232,Terra,MODIS,76,6.2,285.1,24.3,N,0
-24.7749,147.7442,301.6,1.7,1.3,2014-05-21,1232,Terra,MODIS,43,6.2,283.1,15.7,N,0
-38.1199,141.2918,308.6,2.4,1.5,2014-05-21,1406,Terra,MODIS,75,6.2,276.7,44.5,N,0
-38.1258,141.3002,306.8,2.4,1.5,2014-05-21,1406,Terra,MODIS,69,6.2,276.8,37.5,N,0
-23.9252,124.5281,309,1.3,1.2,2014-05-21,1411,Terra,MODIS,37,6.2,289,13.3,N,0
-23.9224,124.5207,315,1.4,1.2,2014-05-21,1411,Terra,MODIS,78,6.2,290.5,20.4,N,0
-21.3996,127.8751,303.8,1,1,2014-05-21,1411,Terra,MODIS,57,6.2,289,6.9,N,0
-23.918,124.5002,312.4,1.4,1.2,2014-05-21,1411,Terra,MODIS,80,6.2,288.9,17.2,N,0
-21.3982,127.8847,310.4,1,1,2014-05-21,1411,Terra,MODIS,80,6.2,289.6,11.2,N,0
-23.906,124.512,328.7,1.4,1.2,2014-05-21,1411,Terra,MODIS,100,6.2,291.4,43,N,0
-23.9148,124.5267,319.3,1.3,1.2,2014-05-21,1411,Terra,MODIS,98,6.2,292.2,26.5,N,0
-23.9164,124.5134,391.5,1.4,1.2,2014-05-21,1411,Terra,MODIS,100,6.2,299.2,320.3,N,0
-23.9312,124.5354,302.2,1.3,1.2,2014-05-21,1411,Terra,MODIS,15,6.2,288.9,7.8,N,0
-14.0285,130.6214,301.3,1.5,1.2,2014-05-21,1413,Terra,MODIS,31,6.2,290.8,6.2,N,0
-14.6323,125.6209,306.7,1,1,2014-05-21,1413,Terra,MODIS,29,6.2,296.7,4.1,N,0
-15.6046,125.4343,305.5,1,1,2014-05-21,1413,Terra,MODIS,64,6.2,295.1,4.4,N,0
-14.6921,125.3908,309.8,1,1,2014-05-21,1413,Terra,MODIS,76,6.2,295.9,6.1,N,0
-14.6519,125.4136,309.5,1,1,2014-05-21,1413,Terra,MODIS,75,6.2,296.1,5.9,N,0
-14.59,125.1955,319.8,1,1,2014-05-21,1413,Terra,MODIS,99,6.2,297,15.2,N,0
-14.6895,125.3423,310.6,1,1,2014-05-21,1413,Terra,MODIS,31,6.2,295.8,6,N,0
-14.5913,125.186,311.6,1,1,2014-05-21,1413,Terra,MODIS,81,6.2,296.1,8.2,N,0
-15.2831,125.3714,305.3,1,1,2014-05-21,1413,Terra,MODIS,64,6.2,295,4.6,N,0
-14.7168,125.3464,308.4,1,1,2014-05-21,1413,Terra,MODIS,24,6.2,295.8,4.9,N,0
-15.2844,125.3618,309.7,1,1,2014-05-21,1413,Terra,MODIS,78,6.2,295.1,7.6,N,0
-14.622,125.6288,313.6,1,1,2014-05-21,1413,Terra,MODIS,76,6.2,296.6,8.4,N,0
-14.631,125.6302,309.9,1,1,2014-05-21,1413,Terra,MODIS,77,6.2,296.4,6,N,0
-14.6812,125.6664,306.9,1,1,2014-05-21,1413,Terra,MODIS,41,6.2,296.4,4.1,N,0
-14.7944,125.2479,309.3,1,1,2014-05-21,1413,Terra,MODIS,75,6.2,295.5,6.6,N,0
-14.9211,125.3314,313.1,1,1,2014-05-21,1413,Terra,MODIS,86,6.2,295.2,8.5,N,0
-14.6542,125.6623,314.3,1,1,2014-05-21,1413,Terra,MODIS,88,6.2,296.6,9.6,N,0
-14.9289,125.3423,325.3,1,1,2014-05-21,1413,Terra,MODIS,100,6.2,296.1,20.3,N,0
-14.9413,125.5136,307.5,1,1,2014-05-21,1413,Terra,MODIS,28,6.2,295.8,4.6,N,0
-14.6882,125.3517,310.6,1,1,2014-05-21,1413,Terra,MODIS,59,6.2,295.1,6.3,N,0
-14.6973,125.3531,318.3,1,1,2014-05-21,1413,Terra,MODIS,96,6.2,295.8,12.2,N,0
-16.0102,126.0843,307.2,1,1,2014-05-21,1413,Terra,MODIS,71,6.2,294.1,7.4,N,0
-14.921,125.3991,315.8,1,1,2014-05-21,1413,Terra,MODIS,92,6.2,295.7,11.7,N,0
-14.949,125.5244,308.3,1,1,2014-05-21,1413,Terra,MODIS,28,6.2,294.9,5.1,N,0
-15.7543,125.5465,305.9,1,1,2014-05-21,1413,Terra,MODIS,30,6.2,294.5,5.4,N,0
-15.7452,125.5452,320,1,1,2014-05-21,1413,Terra,MODIS,100,6.2,294.9,16.6,N,0
-15.8446,125.6243,305.8,1,1,2014-05-21,1413,Terra,MODIS,32,6.2,295.2,4.2,N,0
-15.8355,125.6228,313.8,1,1,2014-05-21,1413,Terra,MODIS,88,6.2,295.4,10.1,N,0
-15.8368,125.6133,306.8,1,1,2014-05-21,1413,Terra,MODIS,43,6.2,295,4.9,N,0
-15.7556,125.5369,331.1,1,1,2014-05-21,1413,Terra,MODIS,100,6.2,296.9,29.3,N,0
-15.7465,125.5357,325.8,1,1,2014-05-21,1413,Terra,MODIS,100,6.2,296.5,22.4,N,0
-14.6092,125.4583,321.2,1,1,2014-05-21,1413,Terra,MODIS,100,6.2,296.7,15.5,N,0
-14.3702,130.9288,300.2,1.6,1.2,2014-05-21,1413,Terra,MODIS,12,6.2,280.4,10.6,N,0
-14.3726,130.9142,306.5,1.6,1.2,2014-05-21,1413,Terra,MODIS,48,6.2,284.7,17.1,N,0
-14.3719,130.9205,310.5,1.6,1.2,2014-05-21,1413,Terra,MODIS,80,6.2,285.3,22.2,N,0
-13.0465,132.895,305.7,2.4,1.5,2014-05-21,1414,Terra,MODIS,65,6.2,292.2,15.7,N,0
-24.7741,147.7734,303.4,1.2,1.1,2014-05-21,1542,Aqua,MODIS,55,6.2,284.2,11.2,N,0
-24.7726,147.7616,302.5,1.2,1.1,2014-05-21,1542,Aqua,MODIS,50,6.2,282.6,10.8,N,0
-28.5666,149.4671,301.4,1.7,1.3,2014-05-21,1543,Aqua,MODIS,28,6.2,283.1,15.6,N,0
-28.5603,149.4752,300.2,1.7,1.3,2014-05-21,1543,Aqua,MODIS,22,6.2,282.2,15.2,N,0
-15.7458,125.5515,305.5,1.3,1.1,2014-05-21,1718,Aqua,MODIS,65,6.2,294.3,7.2,N,0
-15.7431,125.5461,304.9,1.3,1.1,2014-05-21,1718,Aqua,MODIS,47,6.2,294.5,6.4,N,0
-15.8265,125.6237,305.8,1.3,1.1,2014-05-21,1718,Aqua,MODIS,66,6.2,293.9,8.5,N,0
-14.6033,125.4647,307,1.3,1.1,2014-05-21,1718,Aqua,MODIS,52,6.2,296.4,6.4,N,0
-14.6133,125.4631,308.2,1.3,1.1,2014-05-21,1718,Aqua,MODIS,26,6.2,296,7.1,N,0
-14.6017,125.453,308.4,1.3,1.1,2014-05-21,1718,Aqua,MODIS,49,6.2,296.6,7.5,N,0
-15.2261,125.3961,305.8,1.3,1.1,2014-05-21,1718,Aqua,MODIS,66,6.2,295.4,6.7,N,0
-14.5124,125.5439,306.7,1.3,1.1,2014-05-21,1718,Aqua,MODIS,69,6.2,296.4,7.1,N,0
-14.9213,125.4072,308.7,1.3,1.1,2014-05-21,1718,Aqua,MODIS,75,6.2,295.1,9.6,N,0
-16.0611,126.1895,304.6,1.5,1.2,2014-05-21,1718,Aqua,MODIS,60,6.2,292.9,10.5,N,0
-14.9367,125.5258,306.3,1.3,1.1,2014-05-21,1718,Aqua,MODIS,45,6.2,294.9,7.3,N,0
-14.9453,125.513,308.1,1.3,1.1,2014-05-21,1718,Aqua,MODIS,73,6.2,295.6,8.6,N,0
-16.1727,126.2663,302.3,1.5,1.2,2014-05-21,1718,Aqua,MODIS,48,6.2,292.1,9,N,0
-21.9154,122.7664,349.5,1.1,1.1,2014-05-21,1720,Aqua,MODIS,100,6.2,292.9,73.8,N,0
-21.9168,122.7771,314,1.1,1.1,2014-05-21,1720,Aqua,MODIS,88,6.2,289.1,16.8,N,0
-27.9865,151.5211,301.3,3,1.6,2014-05-21,2329,Terra,MODIS,44,6.2,283.9,21.3,D,0
-29.9268,150.4783,300.2,3.1,1.7,2014-05-21,2330,Terra,MODIS,31,6.2,289.8,17.2,D,0
-29.9002,151.9328,309.4,2.5,1.5,2014-05-21,2330,Terra,MODIS,69,6.2,287.3,36.3,D,0
-29.9053,151.9247,305.2,2.5,1.5,2014-05-21,2330,Terra,MODIS,61,6.2,286.7,27.8,D,0
-29.9303,150.4847,304.7,3.1,1.7,2014-05-21,2330,Terra,MODIS,60,6.2,289.9,30.8,D,0
-29.9377,150.5181,300.8,3.1,1.7,2014-05-21,2330,Terra,MODIS,42,6.2,289.8,17.9,D,0
-29.9343,150.511,302.3,3.1,1.7,2014-05-21,2330,Terra,MODIS,51,6.2,290,21.8,D,0
-30.386,151.4951,300,2.6,1.6,2014-05-21,2330,Terra,MODIS,18,6.2,289.5,14,D,0
-12.4177,141.922,322.3,1.1,1.1,2014-05-22,0103,Terra,MODIS,80,6.2,293.5,17.7,D,0
-12.4353,141.909,327.3,1.1,1.1,2014-05-22,0103,Terra,MODIS,84,6.2,295.3,22.7,D,0
-15.1937,134.4251,318.3,1.6,1.2,2014-05-22,0104,Terra,MODIS,58,6.2,300.5,13.4,D,0
-15.1961,134.4337,316.8,1.6,1.2,2014-05-22,0104,Terra,MODIS,24,6.2,300.1,10.3,D,0
-15.2207,134.4444,339.9,1.6,1.2,2014-05-22,0104,Terra,MODIS,89,6.2,301.6,63.5,D,0
-15.2343,134.457,323,1.6,1.2,2014-05-22,0104,Terra,MODIS,44,6.2,301.5,19.9,D,0
-13.7178,131.6653,325.7,2.7,1.6,2014-05-22,0104,Terra,MODIS,78,6.2,299.8,72.9,D,0
-13.7103,131.6481,313.8,2.7,1.6,2014-05-22,0104,Terra,MODIS,58,6.2,299.2,23,D,0
-13.9003,131.1625,311.7,2.9,1.6,2014-05-22,0104,Terra,MODIS,37,6.2,298.1,22.3,D,0
-12.7682,133.2047,312.9,2.2,1.4,2014-05-22,0104,Terra,MODIS,58,6.2,297.4,14.4,D,0
-13.7133,131.6404,313.5,2.7,1.6,2014-05-22,0104,Terra,MODIS,57,6.2,299.2,23.7,D,0
-13.9009,131.1565,312.4,2.9,1.6,2014-05-22,0104,Terra,MODIS,48,6.2,298.1,25.7,D,0
-13.7146,131.6731,313.6,2.7,1.6,2014-05-22,0104,Terra,MODIS,58,6.2,299.6,22.1,D,0
-14.033,130.6228,315.9,3.2,1.7,2014-05-22,0104,Terra,MODIS,61,6.2,300,36.8,D,0
-13.3786,130.3835,313.6,3.4,1.7,2014-05-22,0104,Terra,MODIS,58,6.2,296.8,39.6,D,0
-13.3726,130.3788,310.5,3.4,1.7,2014-05-22,0104,Terra,MODIS,30,6.2,296.5,26.9,D,0
-13.3882,130.3758,310.8,3.4,1.7,2014-05-22,0104,Terra,MODIS,40,6.2,297,29.1,D,0
-14.0294,130.6164,314.9,3.2,1.7,2014-05-22,0104,Terra,MODIS,30,6.2,300.2,30.5,D,0
-15.7795,128.9818,312.2,3.9,1.8,2014-05-22,0105,Terra,MODIS,46,6.2,299,31.5,D,0
-15.7837,128.973,313.8,3.9,1.8,2014-05-22,0105,Terra,MODIS,56,6.2,299.1,42.7,D,0
-15.425,130.6951,314.4,3,1.6,2014-05-22,0105,Terra,MODIS,59,6.2,298.5,26,D,0
-21.058,127.6795,310.8,3.8,1.8,2014-05-22,0106,Terra,MODIS,50,6.2,295.9,30,D,0
-21.0638,127.6706,309.7,3.8,1.8,2014-05-22,0106,Terra,MODIS,45,6.2,295.8,26.4,D,0
-18.9112,131.034,318.9,2.4,1.5,2014-05-22,0106,Terra,MODIS,66,6.2,299.5,30.9,D,0
-33.3262,138.6478,310.4,1.3,1.1,2014-05-22,0109,Terra,MODIS,70,6.2,282.3,14.6,D,0
-33.3278,138.6618,323.9,1.3,1.1,2014-05-22,0109,Terra,MODIS,83,6.2,281.1,32.9,D,0
-33.9645,138.2905,305.7,1.3,1.1,2014-05-22,0109,Terra,MODIS,55,6.2,287,6.4,D,0
-34.058,138.673,310.6,1.3,1.1,2014-05-22,0109,Terra,MODIS,70,6.2,289.2,13.9,D,0
-33.7924,137.9535,306.3,1.2,1.1,2014-05-22,0109,Terra,MODIS,58,6.2,290.7,6.4,D,0
-14.9173,125.3382,317.1,4.7,2,2014-05-22,0243,Terra,MODIS,51,6.2,296.1,85.7,D,0
-17.1106,124.0252,315.8,4,1.9,2014-05-22,0243,Terra,MODIS,35,6.2,299.1,41.1,D,0
-17.123,124.0305,318.4,4,1.9,2014-05-22,0243,Terra,MODIS,60,6.2,298.7,58.8,D,0
-14.7245,125.3778,312.7,4.7,2,2014-05-22,0243,Terra,MODIS,16,6.2,292.5,52.3,D,0
-14.9185,125.3449,317.1,4.7,2,2014-05-22,0243,Terra,MODIS,58,6.2,296.3,89.9,D,0
-17.9497,122.8702,314.7,3.4,1.7,2014-05-22,0244,Terra,MODIS,44,6.2,299,24.6,D,0
-21.9333,122.7816,317.7,3.7,1.8,2014-05-22,0245,Terra,MODIS,58,6.2,301.7,46.7,D,0
-21.014,120.0867,331.9,2.3,1.5,2014-05-22,0245,Terra,MODIS,82,6.2,305.3,72.8,D,0
-21.0117,120.0649,317.6,2.3,1.5,2014-05-22,0245,Terra,MODIS,56,6.2,304.1,19.2,D,0
-36.9302,149.3887,323.7,1.3,1.1,2014-05-22,0346,Aqua,MODIS,83,6.2,287,31.5,D,0
-36.9318,149.3741,364.6,1.3,1.1,2014-05-22,0346,Aqua,MODIS,100,6.2,292,146.1,D,0
-35.6741,147.7358,315.8,1.5,1.2,2014-05-22,0347,Aqua,MODIS,76,6.2,286.7,25.8,D,0
-34.2449,148.0471,305.1,1.4,1.2,2014-05-22,0347,Aqua,MODIS,58,6.2,292.7,7.6,D,0
-34.2326,148.061,351.3,1.4,1.2,2014-05-22,0347,Aqua,MODIS,96,6.2,294.4,104.4,D,0
-34.2342,148.0456,378.6,1.4,1.2,2014-05-22,0347,Aqua,MODIS,100,6.2,301.7,241.3,D,0
-33.8946,148.2657,307.8,1.4,1.2,2014-05-22,0347,Aqua,MODIS,49,6.2,294.5,9.5,D,0
-33.8883,148.2745,326.1,1.4,1.2,2014-05-22,0347,Aqua,MODIS,84,6.2,294.7,36.2,D,0
-34.4901,148.657,302.9,1.3,1.1,2014-05-22,0347,Aqua,MODIS,50,6.2,291.3,6.2,D,0
-33.7406,148.0004,311,1.4,1.2,2014-05-22,0347,Aqua,MODIS,63,6.2,297,11.7,D,0
-33.7355,148.0097,308.6,1.4,1.2,2014-05-22,0347,Aqua,MODIS,66,6.2,296.3,10.1,D,0
-33.7372,147.9945,311.7,1.4,1.2,2014-05-22,0347,Aqua,MODIS,71,6.2,297.2,13.7,D,0
-34.4042,147.8438,308.6,1.5,1.2,2014-05-22,0347,Aqua,MODIS,67,6.2,294.2,10.1,D,0
-34.007,147.817,307.1,1.4,1.2,2014-05-22,0347,Aqua,MODIS,64,6.2,295.3,7.3,D,0
-35.3985,147.8801,300.3,1.5,1.2,2014-05-22,0347,Aqua,MODIS,12,6.2,284.6,7.3,D,0
-35.41,143.9061,303.5,2.6,1.6,2014-05-22,0347,Aqua,MODIS,56,6.2,283.8,19.8,D,0
-35.4079,143.9356,302.3,2.6,1.6,2014-05-22,0347,Aqua,MODIS,52,6.2,282,16.9,D,0
-35.379,147.0463,330.9,1.7,1.3,2014-05-22,0347,Aqua,MODIS,87,6.2,289.3,61.1,D,0
-34.7139,146.0328,307.6,1.9,1.3,2014-05-22,0347,Aqua,MODIS,39,6.2,279.8,19.2,D,0
-34.3002,146.2031,306.1,1.8,1.3,2014-05-22,0347,Aqua,MODIS,60,6.2,273.9,17.8,D,0
-34.302,146.183,334.8,1.8,1.3,2014-05-22,0347,Aqua,MODIS,89,6.2,272.8,87.1,D,0
-35.0125,150.4624,302.1,1.1,1.1,2014-05-22,0347,Aqua,MODIS,46,6.2,292.1,4,D,0
-34.9655,147.5634,306,1.5,1.2,2014-05-22,0347,Aqua,MODIS,57,6.2,293.1,8.7,D,0
-35.2954,146.8587,314.2,1.7,1.3,2014-05-22,0347,Aqua,MODIS,74,6.2,292.5,23,D,0
-35.6862,145.8224,306.8,2,1.4,2014-05-22,0347,Aqua,MODIS,60,6.2,280.5,16.4,D,0
-33.6768,147.5002,322.7,1.5,1.2,2014-05-22,0347,Aqua,MODIS,61,6.2,297.2,29.5,D,0
-35.633,146.2753,300.4,1.9,1.3,2014-05-22,0347,Aqua,MODIS,37,6.2,283.1,5.3,D,0
-34.366,146.1506,320.9,1.8,1.3,2014-05-22,0347,Aqua,MODIS,80,6.2,276.7,46.1,D,0
-35.6882,145.7999,305.5,2,1.4,2014-05-22,0347,Aqua,MODIS,31,6.2,284,13.5,D,0
-35.5785,145.7358,304.3,2,1.4,2014-05-22,0347,Aqua,MODIS,58,6.2,283.4,13.2,D,0
-33.549,146.9771,304.9,1.6,1.2,2014-05-22,0347,Aqua,MODIS,56,6.2,288.7,8.3,D,0
-35.011,150.4745,320.5,1.1,1,2014-05-22,0347,Aqua,MODIS,80,6.2,293.2,19.9,D,0
-33.854,150.5245,323.5,1.1,1,2014-05-22,0347,Aqua,MODIS,82,6.2,294.3,21.9,D,0
-33.8555,150.5128,321.5,1.1,1,2014-05-22,0347,Aqua,MODIS,81,6.2,294.2,19.6,D,0
-34.3708,146.1582,308.9,1.8,1.3,2014-05-22,0347,Aqua,MODIS,53,6.2,276,20,D,0
-34.712,146.0536,325.1,1.9,1.3,2014-05-22,0347,Aqua,MODIS,83,6.2,284.4,57,D,0
-34.3633,150.5345,308.7,1.1,1,2014-05-22,0347,Aqua,MODIS,26,6.2,293.5,7.7,D,0
-34.3582,150.5403,311.1,1.1,1,2014-05-22,0347,Aqua,MODIS,71,6.2,293.3,9.8,D,0
-35.3876,145.0985,304.3,2.2,1.4,2014-05-22,0347,Aqua,MODIS,41,6.2,281,14.4,D,0
-34.2979,146.1777,323.9,1.8,1.3,2014-05-22,0347,Aqua,MODIS,82,6.2,272.5,53.4,D,0
-35.3848,145.1049,308,2.2,1.4,2014-05-22,0347,Aqua,MODIS,66,6.2,279.8,23.3,D,0
-34.3042,146.0187,303.6,1.9,1.3,2014-05-22,0347,Aqua,MODIS,49,6.2,272.1,16.1,D,0
-35.6874,145.8299,300.6,2,1.4,2014-05-22,0347,Aqua,MODIS,38,6.2,280.2,7.9,D,0
-36.196,149.6168,304.6,1.2,1.1,2014-05-22,0347,Aqua,MODIS,59,6.2,289.1,8.4,D,0
-35.3859,146.1887,307.9,1.9,1.3,2014-05-22,0347,Aqua,MODIS,66,6.2,288.8,13.3,D,0
-35.376,147.0529,344.6,1.7,1.3,2014-05-22,0347,Aqua,MODIS,94,6.2,289.9,104.7,D,0
-35.6727,145.6834,300.6,2,1.4,2014-05-22,0347,Aqua,MODIS,40,6.2,283,8,D,0
-34.6528,147.5108,307.5,1.5,1.2,2014-05-22,0347,Aqua,MODIS,66,6.2,295.1,8.8,D,0
-36.0914,149.6493,314.9,1.2,1.1,2014-05-22,0347,Aqua,MODIS,70,6.2,290.2,16.6,D,0
-35.5197,145.513,315.7,2.1,1.4,2014-05-22,0347,Aqua,MODIS,76,6.2,285,35,D,0
-36.1114,149.6432,316,1.2,1.1,2014-05-22,0347,Aqua,MODIS,55,6.2,290.3,16.9,D,0
-35.5212,145.4965,329.1,2.1,1.4,2014-05-22,0347,Aqua,MODIS,86,6.2,285.6,76.3,D,0
-34.3641,146.1708,326.3,1.8,1.3,2014-05-22,0347,Aqua,MODIS,84,6.2,279.8,59.9,D,0
-35.3719,145.7437,303.9,2,1.4,2014-05-22,0347,Aqua,MODIS,57,6.2,286.7,11.2,D,0
-34.7418,146.8408,304.2,1.7,1.3,2014-05-22,0347,Aqua,MODIS,57,6.2,290.4,6.8,D,0
-36.1481,149.6784,311.7,1.2,1.1,2014-05-22,0347,Aqua,MODIS,72,6.2,288.9,13.4,D,0
-34.3503,150.5267,310.7,1.1,1,2014-05-22,0347,Aqua,MODIS,70,6.2,293.7,9.6,D,0
-35.5785,145.7407,306.1,2,1.4,2014-05-22,0347,Aqua,MODIS,63,6.2,283.2,15.3,D,0
-34.296,146.1978,316.8,1.8,1.3,2014-05-22,0347,Aqua,MODIS,76,6.2,274.3,36.5,D,0
-35.5194,145.5199,303.6,2.1,1.4,2014-05-22,0347,Aqua,MODIS,56,6.2,284.8,10.4,D,0
-34.4331,147.3212,308.9,1.6,1.2,2014-05-22,0347,Aqua,MODIS,68,6.2,293.7,13.3,D,0
-34.3877,146.2419,302.6,1.8,1.3,2014-05-22,0347,Aqua,MODIS,41,6.2,280.1,12.1,D,0
-35.5217,145.4896,322.5,2.1,1.4,2014-05-22,0347,Aqua,MODIS,82,6.2,285.6,53.9,D,0
-34.3598,150.5285,303.4,1.1,1,2014-05-22,0347,Aqua,MODIS,19,6.2,293.1,4.3,D,0
-34.3011,146.0136,306.1,1.9,1.3,2014-05-22,0347,Aqua,MODIS,46,6.2,271.6,19.6,D,0
-35.2936,146.8775,305.9,1.7,1.3,2014-05-22,0347,Aqua,MODIS,62,6.2,291.8,10.1,D,0
-35.6893,145.8073,311.5,2,1.4,2014-05-22,0347,Aqua,MODIS,71,6.2,283.6,26.4,D,0
-35.3772,147.0649,324,1.7,1.3,2014-05-22,0347,Aqua,MODIS,83,6.2,288.5,43,D,0
-31.9245,145.8705,305.2,1.8,1.3,2014-05-22,0348,Aqua,MODIS,51,6.2,282.3,11,D,0
-30.0022,150.7569,311.5,1,1,2014-05-22,0348,Aqua,MODIS,55,6.2,299.1,6.1,D,0
-30.0036,150.7464,318,1,1,2014-05-22,0348,Aqua,MODIS,75,6.2,302,11.6,D,0
-29.9098,151.9287,305.2,1,1,2014-05-22,0348,Aqua,MODIS,43,6.2,288.5,5.8,D,0
-31.2032,149.5502,309.9,1.1,1,2014-05-22,0348,Aqua,MODIS,61,6.2,294.2,8.7,D,0
-30.8468,148.8112,311.5,1.2,1.1,2014-05-22,0348,Aqua,MODIS,60,6.2,300.2,5.4,D,0
-31.2127,149.5517,330.3,1.1,1,2014-05-22,0348,Aqua,MODIS,85,6.2,293.8,31.7,D,0
-31.2113,149.5633,306.1,1.1,1,2014-05-22,0348,Aqua,MODIS,33,6.2,294.4,5.3,D,0
-30.3971,148.0652,315.5,1.3,1.1,2014-05-22,0348,Aqua,MODIS,65,6.2,303.9,6.4,D,0
-30.4088,148.0536,314.9,1.3,1.1,2014-05-22,0348,Aqua,MODIS,56,6.2,303.3,6,D,0
-31.4168,152.6232,315.4,1,1,2014-05-22,0348,Aqua,MODIS,76,6.2,294.2,12.2,D,0
-32.8597,151.0555,310.7,1,1,2014-05-22,0348,Aqua,MODIS,70,6.2,293.4,9.1,D,0
-32.8612,151.0445,314.7,1,1,2014-05-22,0348,Aqua,MODIS,75,6.2,293.3,12.4,D,0
-30.3715,152.4763,303.6,1,1,2014-05-22,0348,Aqua,MODIS,55,6.2,290.6,5.5,D,0
-31.0162,153.0219,306.1,1,1,2014-05-22,0348,Aqua,MODIS,50,6.2,293.9,4.6,D,0
-31.0071,153.02,305.1,1,1,2014-05-22,0348,Aqua,MODIS,40,6.2,294,3.9,D,0
-30.4342,152.3051,305.7,1,1,2014-05-22,0348,Aqua,MODIS,60,6.2,290.9,7.2,D,0
-30.9372,152.9323,317.7,1,1,2014-05-22,0348,Aqua,MODIS,77,6.2,295.4,13.8,D,0
-30.9388,152.9215,307.7,1,1,2014-05-22,0348,Aqua,MODIS,64,6.2,295.9,5.6,D,0
-26.8017,150.2002,311.7,1,1,2014-05-22,0349,Aqua,MODIS,72,6.2,289.7,8.5,D,2
-26.092,153.0479,338.5,1.1,1.1,2014-05-22,0349,Aqua,MODIS,45,6.2,285.9,44.8,D,0
-26.0806,153.0572,345.1,1.1,1.1,2014-05-22,0349,Aqua,MODIS,38,6.2,283.6,55.9,D,0
-26.0824,153.0459,348.5,1.1,1.1,2014-05-22,0349,Aqua,MODIS,94,6.2,281.2,64.2,D,0
-26.0729,153.044,354.4,1.1,1.1,2014-05-22,0349,Aqua,MODIS,85,6.2,277.8,79.5,D,0
-26.0711,153.0553,340.8,1.1,1.1,2014-05-22,0349,Aqua,MODIS,50,6.2,283.2,47.4,D,0
-27.9848,151.5079,302.6,1,1,2014-05-22,0349,Aqua,MODIS,49,6.2,279.1,6.1,D,0
-28.1099,148.6916,326.4,1.1,1.1,2014-05-22,0349,Aqua,MODIS,81,6.2,300.5,22.1,D,0
-29.3509,148.2521,320.4,1.2,1.1,2014-05-22,0349,Aqua,MODIS,72,6.2,301.5,14.5,D,0
-28.2781,149.7345,313.8,1,1,2014-05-22,0349,Aqua,MODIS,28,6.2,294.2,8.1,D,0
-16.3603,142.8345,324.5,1.8,1.3,2014-05-22,0352,Aqua,MODIS,79,6.2,298.8,36,D,0
-15.5593,143.4141,311.6,1.6,1.2,2014-05-22,0352,Aqua,MODIS,55,6.2,296.6,11.8,D,0
-16.3035,142.754,316.3,1.8,1.3,2014-05-22,0352,Aqua,MODIS,69,6.2,298.6,16.2,D,0
-15.2439,144.8514,313.6,1.3,1.1,2014-05-22,0352,Aqua,MODIS,61,6.2,296.8,9.7,D,0
-15.2455,144.8395,310.4,1.3,1.1,2014-05-22,0352,Aqua,MODIS,47,6.2,293.3,5.9,D,0
-16.9551,137.891,316.7,4.3,1.9,2014-05-22,0352,Aqua,MODIS,65,6.2,292.5,86.3,D,0
-16.9379,137.8886,311.9,4.3,1.9,2014-05-22,0352,Aqua,MODIS,45,6.2,292,54,D,0
-16.9531,137.8824,321,4.3,1.9,2014-05-22,0352,Aqua,MODIS,73,6.2,292.6,117.6,D,0
-12.4352,141.914,311.9,1.8,1.3,2014-05-22,0353,Aqua,MODIS,17,6.2,293.1,12.1,D,0
-12.4373,141.8972,313.5,1.8,1.3,2014-05-22,0353,Aqua,MODIS,11,6.2,294.1,15.1,D,0
-12.4232,141.9124,313.2,1.8,1.3,2014-05-22,0353,Aqua,MODIS,52,6.2,292.5,15.2,D,0
-34.1147,118.0871,326.4,3,1.7,2014-05-22,0526,Aqua,MODIS,0,6.2,286.9,120.4,D,0
-21.9304,122.8031,331.1,1.1,1,2014-05-22,0529,Aqua,MODIS,67,6.2,310.1,18.3,D,0
-21.9412,122.7939,323.6,1.1,1,2014-05-22,0529,Aqua,MODIS,36,6.2,308.8,7.9,D,0
-21.9318,122.7925,325.4,1.1,1,2014-05-22,0529,Aqua,MODIS,64,6.2,311.4,10.6,D,0
-23.9173,124.5366,353.2,1,1,2014-05-22,0529,Aqua,MODIS,96,6.2,310.7,56,D,0
-23.7458,122.5178,320.8,1.2,1.1,2014-05-22,0529,Aqua,MODIS,61,6.2,307.4,10.4,D,0
-23.7443,122.5292,317.7,1.2,1.1,2014-05-22,0529,Aqua,MODIS,42,6.2,307.2,6.5,D,0
-23.9382,124.5197,331,1,1,2014-05-22,0529,Aqua,MODIS,59,6.2,308.1,16.4,D,0
-23.925,124.548,330.4,1,1,2014-05-22,0529,Aqua,MODIS,75,6.2,303.6,17.8,D,0
-23.9291,124.5182,361.4,1,1,2014-05-22,0529,Aqua,MODIS,100,6.2,311.2,75.3,D,0
-20.3073,124.012,339.6,1,1,2014-05-22,0530,Aqua,MODIS,49,6.2,299.3,31.6,D,0
-20.3366,124.0657,323.9,1,1,2014-05-22,0530,Aqua,MODIS,41,6.2,305.1,10.9,D,0
-20.3904,124.0704,323.8,1,1,2014-05-22,0530,Aqua,MODIS,48,6.2,306.6,9.9,D,0
-20.3859,124.1675,333.6,1,1,2014-05-22,0530,Aqua,MODIS,75,6.2,309.3,19.6,D,0
-21.0103,120.081,328.4,1.5,1.2,2014-05-22,0530,Aqua,MODIS,73,6.2,311.7,23.2,D,0
-21.0195,120.097,353,1.5,1.2,2014-05-22,0530,Aqua,MODIS,96,6.2,310.1,99.7,D,0
-21.0213,120.0825,347.6,1.5,1.2,2014-05-22,0530,Aqua,MODIS,92,6.2,311.2,78.7,D,0
-21.7821,119.1898,321.4,1.8,1.3,2014-05-22,0530,Aqua,MODIS,63,6.2,309.6,14.6,D,0
-21.7852,119.2007,321.4,1.8,1.3,2014-05-22,0530,Aqua,MODIS,48,6.2,309.8,14.6,D,0
-14.9894,125.6202,325.5,1.1,1.1,2014-05-22,0531,Aqua,MODIS,42,6.2,304.4,14.9,D,0
-14.9815,125.6082,325.7,1.1,1.1,2014-05-22,0531,Aqua,MODIS,40,6.2,306.7,15,D,0
-14.9538,125.5762,326.9,1.1,1.1,2014-05-22,0531,Aqua,MODIS,56,6.2,302.5,16.9,D,0
-14.7399,125.8368,318,1.2,1.1,2014-05-22,0531,Aqua,MODIS,52,6.2,303.7,9.2,D,0
-15.3734,125.7745,326.6,1.2,1.1,2014-05-22,0531,Aqua,MODIS,67,6.2,304.6,16,D,0
-14.8637,125.7144,329.7,1.2,1.1,2014-05-22,0531,Aqua,MODIS,59,6.2,302.6,25.4,D,0
-14.8789,125.8721,328.5,1.2,1.1,2014-05-22,0531,Aqua,MODIS,78,6.2,304.4,22.1,D,0
-14.8805,125.8613,347.2,1.2,1.1,2014-05-22,0531,Aqua,MODIS,93,6.2,305,60.2,D,0
-14.5099,126.2649,327.4,1.3,1.1,2014-05-22,0531,Aqua,MODIS,59,6.2,303.7,21.3,D,0
-14.5199,126.2666,322.4,1.3,1.1,2014-05-22,0531,Aqua,MODIS,31,6.2,304,14.1,D,0
-14.486,126.1606,330.8,1.2,1.1,2014-05-22,0531,Aqua,MODIS,80,6.2,303.1,27.9,D,0
-14.4878,126.1492,320.2,1.2,1.1,2014-05-22,0531,Aqua,MODIS,62,6.2,304.3,11.9,D,0
-14.4587,126.0746,326.6,1.2,1.1,2014-05-22,0531,Aqua,MODIS,75,6.2,305.1,20.5,D,0
-14.5181,126.2782,322.1,1.3,1.1,2014-05-22,0531,Aqua,MODIS,51,6.2,305.5,13.6,D,0
-14.4107,126.3145,331.1,1.3,1.1,2014-05-22,0531,Aqua,MODIS,80,6.2,305.8,28.4,D,0
-14.3736,126.4169,341.8,1.3,1.1,2014-05-22,0531,Aqua,MODIS,89,6.2,307.1,51.7,D,0
-14.3775,126.393,333.4,1.3,1.1,2014-05-22,0531,Aqua,MODIS,83,6.2,305.4,32,D,0
-14.3771,126.3981,326.8,1.3,1.1,2014-05-22,0531,Aqua,MODIS,75,6.2,304.8,20.6,D,0
-14.3789,126.3863,322.6,1.3,1.1,2014-05-22,0531,Aqua,MODIS,58,6.2,304.9,13.4,D,0
-14.3146,126.4,325.6,1.3,1.1,2014-05-22,0531,Aqua,MODIS,73,6.2,304.2,20.8,D,0
-14.4236,126.2329,329.5,1.3,1.1,2014-05-22,0531,Aqua,MODIS,78,6.2,303,25.5,D,0
-14.3074,126.3148,321.7,1.3,1.1,2014-05-22,0531,Aqua,MODIS,57,6.2,305.4,11.5,D,0
-14.2979,126.3199,322.3,1.3,1.1,2014-05-22,0531,Aqua,MODIS,53,6.2,304.1,13.6,D,0
-15.7564,125.5501,319.6,1.1,1.1,2014-05-22,0531,Aqua,MODIS,39,6.2,300.8,11,D,0
-15.6102,125.4287,324.7,1.1,1.1,2014-05-22,0531,Aqua,MODIS,73,6.2,302.1,16.6,D,0
-14.3494,126.4426,317.4,1.3,1.1,2014-05-22,0531,Aqua,MODIS,17,6.2,303.4,8,D,0
-15.5787,125.9825,322.8,1.2,1.1,2014-05-22,0531,Aqua,MODIS,68,6.2,303.1,12.3,D,0
-15.838,125.6233,329.3,1.1,1.1,2014-05-22,0531,Aqua,MODIS,70,6.2,306.6,19.8,D,0
-15.8301,125.6115,322.3,1.1,1.1,2014-05-22,0531,Aqua,MODIS,55,6.2,306,11.2,D,0
-15.8285,125.6219,324.2,1.1,1.1,2014-05-22,0531,Aqua,MODIS,71,6.2,305.6,14.2,D,0
-15.7393,125.9434,330.9,1.2,1.1,2014-05-22,0531,Aqua,MODIS,80,6.2,305.7,24.5,D,0
-14.3513,126.4306,328.9,1.3,1.1,2014-05-22,0531,Aqua,MODIS,78,6.2,302.6,25.2,D,0
-14.3718,126.4287,332,1.3,1.1,2014-05-22,0531,Aqua,MODIS,81,6.2,305.3,30.6,D,0
-14.6754,125.8036,325.2,1.2,1.1,2014-05-22,0531,Aqua,MODIS,63,6.2,306.3,15.8,D,0
-14.3438,126.4789,317.2,1.3,1.1,2014-05-22,0531,Aqua,MODIS,48,6.2,304.3,7.8,D,0
-14.3734,126.4221,336.8,1.3,1.1,2014-05-22,0531,Aqua,MODIS,86,6.2,307.1,40.3,D,0
-16.0145,130.4437,334.6,2.3,1.5,2014-05-22,0531,Aqua,MODIS,84,6.2,302.3,81.6,D,0
-14.6148,125.4694,327.5,1.1,1.1,2014-05-22,0531,Aqua,MODIS,72,6.2,306.4,17.2,D,0
-14.6164,125.4591,350.3,1.1,1.1,2014-05-22,0531,Aqua,MODIS,0,6.2,308.7,62.2,D,0
-14.6124,125.4635,333.7,1.1,1.1,2014-05-22,0531,Aqua,MODIS,72,6.2,307,27.9,D,0
-14.547,125.5069,322.5,1.1,1.1,2014-05-22,0531,Aqua,MODIS,58,6.2,305.9,11.4,D,0
-13.996,130.4489,317.5,2.5,1.5,2014-05-22,0531,Aqua,MODIS,37,6.2,303.1,21.6,D,0
-16.0723,126.1697,328.6,1.2,1.1,2014-05-22,0531,Aqua,MODIS,57,6.2,306.3,20.3,D,0
-15.1667,126.4547,339.2,1.3,1.1,2014-05-22,0531,Aqua,MODIS,87,6.2,305.2,44.5,D,0
-15.1649,126.4663,323.5,1.3,1.1,2014-05-22,0531,Aqua,MODIS,65,6.2,303.2,15.5,D,0
-14.9053,125.3479,327.3,1.1,1.1,2014-05-22,0531,Aqua,MODIS,58,6.2,301.3,21.6,D,0
-14.9068,125.3375,322.9,1.1,1.1,2014-05-22,0531,Aqua,MODIS,47,6.2,300.4,15.5,D,0
-15.6305,126.235,355.7,1.2,1.1,2014-05-22,0531,Aqua,MODIS,97,6.2,305.3,86.8,D,0
-15.6288,126.2462,364.4,1.2,1.1,2014-05-22,0531,Aqua,MODIS,100,6.2,308.7,117.6,D,0
-14.6891,127.2826,320.1,1.4,1.2,2014-05-22,0531,Aqua,MODIS,53,6.2,303.6,12.2,D,0
-14.6542,127.5723,323.3,1.5,1.2,2014-05-22,0531,Aqua,MODIS,70,6.2,307.2,15.3,D,0
-14.9538,125.5115,334.4,1.1,1.1,2014-05-22,0531,Aqua,MODIS,84,6.2,303.8,32.3,D,0
-14.3731,126.1586,321,1.2,1.1,2014-05-22,0531,Aqua,MODIS,37,6.2,305.5,10.9,D,0
-14.3632,126.1569,318.9,1.2,1.1,2014-05-22,0531,Aqua,MODIS,34,6.2,304.9,8.3,D,0
-17.1158,124.0221,324.9,1,1,2014-05-22,0531,Aqua,MODIS,45,6.2,303.3,13.3,D,0
-17.5488,123.8919,345.5,1,1,2014-05-22,0531,Aqua,MODIS,92,6.2,299.8,44.1,D,0
-17.5578,123.8933,343.7,1,1,2014-05-22,0531,Aqua,MODIS,91,6.2,296.9,40.7,D,0
-14.7332,125.3672,334.9,1.1,1.1,2014-05-22,0531,Aqua,MODIS,73,6.2,297.6,31.1,D,0
-14.4218,126.2445,325.3,1.3,1.1,2014-05-22,0531,Aqua,MODIS,63,6.2,304.1,17.8,D,0
-14.4125,126.3029,322.9,1.3,1.1,2014-05-22,0531,Aqua,MODIS,68,6.2,304.8,14.2,D,0
-14.7254,125.3552,351.7,1.1,1.1,2014-05-22,0531,Aqua,MODIS,83,6.2,295.1,67.1,D,0
-15.4123,126.5148,320.6,1.3,1.1,2014-05-22,0531,Aqua,MODIS,63,6.2,306.5,10.4,D,0
-14.0008,130.4547,320.6,2.5,1.5,2014-05-22,0531,Aqua,MODIS,71,6.2,305,35.1,D,0
-14.7211,125.7008,326.3,1.2,1.1,2014-05-22,0531,Aqua,MODIS,74,6.2,306.4,15.7,D,0
-14.7194,125.7116,346.5,1.2,1.1,2014-05-22,0531,Aqua,MODIS,92,6.2,308.5,54.8,D,0
-15.4504,126.2729,322.6,1.2,1.1,2014-05-22,0531,Aqua,MODIS,42,6.2,305.7,13,D,0
-15.7197,126.1311,321.6,1.2,1.1,2014-05-22,0531,Aqua,MODIS,48,6.2,304,11.5,D,0
-15.718,126.1422,321.6,1.2,1.1,2014-05-22,0531,Aqua,MODIS,49,6.2,305.8,11.1,D,0
-14.6107,127.5645,320.4,1.5,1.2,2014-05-22,0531,Aqua,MODIS,50,6.2,303.2,9.7,D,0
-14.9696,128.6648,320.1,1.8,1.3,2014-05-22,0531,Aqua,MODIS,58,6.2,301.2,20.2,D,0
-14.9579,128.6627,331.3,1.8,1.3,2014-05-22,0531,Aqua,MODIS,80,6.2,303.5,48.9,D,0
-15.6086,125.4388,318.4,1.1,1.1,2014-05-22,0531,Aqua,MODIS,54,6.2,302.2,8.9,D,0
-14.5453,127.532,322.2,1.5,1.2,2014-05-22,0531,Aqua,MODIS,58,6.2,304.3,14,D,0
-14.5929,127.6047,325.3,1.5,1.2,2014-05-22,0531,Aqua,MODIS,74,6.2,306.3,20.9,D,0
-14.6285,125.6351,328.2,1.2,1.1,2014-05-22,0531,Aqua,MODIS,55,6.2,307.5,18.3,D,0
-14.5258,127.5143,325.7,1.5,1.2,2014-05-22,0531,Aqua,MODIS,66,6.2,304.8,22.1,D,0
-14.7161,127.5458,322,1.5,1.2,2014-05-22,0531,Aqua,MODIS,50,6.2,303.9,14.2,D,0
-16.165,126.2249,322.2,1.2,1.1,2014-05-22,0531,Aqua,MODIS,17,6.2,305.9,10.9,D,0
-15.1836,126.1523,324.8,1.2,1.1,2014-05-22,0531,Aqua,MODIS,71,6.2,306.9,15.4,D,0
-14.6959,125.3863,329.8,1.1,1.1,2014-05-22,0531,Aqua,MODIS,67,6.2,302.2,22.4,D,0
-14.8299,127.4166,321.8,1.5,1.2,2014-05-22,0531,Aqua,MODIS,66,6.2,306.8,13.5,D,0
-16.0064,130.4367,322.1,2.3,1.5,2014-05-22,0531,Aqua,MODIS,29,6.2,303.5,28.9,D,0
-14.9491,125.3508,316.6,1.1,1.1,2014-05-22,0531,Aqua,MODIS,27,6.2,302.7,7.6,D,0
-14.968,125.3539,332.3,1.1,1.1,2014-05-22,0531,Aqua,MODIS,82,6.2,303.9,26.4,D,0
-15.4009,130.7015,322.3,2.5,1.5,2014-05-22,0531,Aqua,MODIS,59,6.2,302.7,27.2,D,0
-15.3873,130.6991,323.9,2.5,1.5,2014-05-22,0531,Aqua,MODIS,52,6.2,305.8,33.1,D,0
-15.0763,125.179,325,1.1,1,2014-05-22,0531,Aqua,MODIS,0,6.2,304.4,14.1,D,0
-15.0811,125.2107,322,1.1,1,2014-05-22,0531,Aqua,MODIS,28,6.2,304.1,11,D,0
-15.1029,125.1934,327.5,1.1,1,2014-05-22,0531,Aqua,MODIS,29,6.2,304.8,18.1,D,0
-15.437,126.294,327.9,1.2,1.1,2014-05-22,0531,Aqua,MODIS,67,6.2,305.6,21.6,D,0
-15.3955,130.6958,328.9,2.5,1.5,2014-05-22,0531,Aqua,MODIS,79,6.2,303.8,56.2,D,0
-15.4388,126.2826,345.9,1.2,1.1,2014-05-22,0531,Aqua,MODIS,92,6.2,307,58.7,D,0
-14.76,127.2051,322.4,1.4,1.2,2014-05-22,0531,Aqua,MODIS,68,6.2,304.4,17.5,D,0
-15.2859,125.3674,317.3,1.1,1.1,2014-05-22,0531,Aqua,MODIS,52,6.2,301,7.4,D,0
-17.6508,123.8178,320.4,1,1,2014-05-22,0531,Aqua,MODIS,64,6.2,305.8,7.3,D,0
-14.4083,126.1292,329.4,1.2,1.1,2014-05-22,0531,Aqua,MODIS,78,6.2,305.2,25.2,D,0
-14.0449,130.6095,326.9,2.6,1.6,2014-05-22,0531,Aqua,MODIS,66,6.2,304.6,52.9,D,0
-14.0548,130.6352,323,2.6,1.6,2014-05-22,0531,Aqua,MODIS,59,6.2,304.4,38.8,D,0
-14.41,126.1178,362.6,1.2,1.1,2014-05-22,0531,Aqua,MODIS,100,6.2,307,115.4,D,0
-14.4117,126.1065,326,1.2,1.1,2014-05-22,0531,Aqua,MODIS,69,6.2,302.1,21.3,D,0
-14.6424,125.8023,319.9,1.2,1.1,2014-05-22,0531,Aqua,MODIS,37,6.2,303.5,9.5,D,0
-13.3872,130.3704,327.2,2.6,1.5,2014-05-22,0531,Aqua,MODIS,79,6.2,300.8,68.8,D,0
-14.9053,125.7653,328.2,1.2,1.1,2014-05-22,0531,Aqua,MODIS,71,6.2,303.3,20.9,D,0
-14.4635,126.2395,320.5,1.3,1.1,2014-05-22,0531,Aqua,MODIS,61,6.2,302.6,11.8,D,0
-14.4436,126.2363,331.8,1.3,1.1,2014-05-22,0531,Aqua,MODIS,76,6.2,303.4,29.5,D,0
-14.4318,126.2462,323,1.3,1.1,2014-05-22,0531,Aqua,MODIS,68,6.2,302.3,15,D,0
-14.4336,126.2346,349.7,1.3,1.1,2014-05-22,0531,Aqua,MODIS,94,6.2,303.7,73.5,D,0
-13.3914,130.3468,320.6,2.6,1.5,2014-05-22,0531,Aqua,MODIS,54,6.2,300.3,39.1,D,0
-13.3734,130.3678,318.2,2.6,1.5,2014-05-22,0531,Aqua,MODIS,57,6.2,298.7,31.4,D,0
-14.4084,126.4594,321,1.3,1.1,2014-05-22,0531,Aqua,MODIS,16,6.2,304.6,11,D,0
-14.4186,126.461,323.8,1.3,1.1,2014-05-22,0531,Aqua,MODIS,32,6.2,305.6,14.5,D,0
-14.4388,126.4644,328.7,1.3,1.1,2014-05-22,0531,Aqua,MODIS,59,6.2,306.9,21.9,D,0
-14.4313,126.5128,322,1.3,1.1,2014-05-22,0531,Aqua,MODIS,66,6.2,306.8,11.5,D,0
-14.7383,125.8478,323.1,1.2,1.1,2014-05-22,0531,Aqua,MODIS,69,6.2,306.3,16.1,D,0
-14.7408,125.8426,327.3,1.2,1.1,2014-05-22,0531,Aqua,MODIS,58,6.2,305.3,19.5,D,0
-14.457,126.0859,322.1,1.2,1.1,2014-05-22,0531,Aqua,MODIS,67,6.2,304.7,13.8,D,0
-16.5355,125.2084,319.8,1.1,1,2014-05-22,0531,Aqua,MODIS,61,6.2,304.2,8.6,D,0
-17.6494,123.8272,320.7,1,1,2014-05-22,0531,Aqua,MODIS,64,6.2,305.3,7.7,D,0
-14.4001,126.1162,326.6,1.2,1.1,2014-05-22,0531,Aqua,MODIS,70,6.2,305.6,20.7,D,0
-14.8956,125.7637,321.6,1.2,1.1,2014-05-22,0531,Aqua,MODIS,48,6.2,303.2,11.9,D,0
-13.7906,133.2964,318,4.2,1.9,2014-05-22,0531,Aqua,MODIS,55,6.2,292.7,85.7,D,0
-13.2147,132.349,318,3.7,1.8,2014-05-22,0531,Aqua,MODIS,46,6.2,295.8,57.7,D,0
-14.3981,130.731,315.7,2.6,1.6,2014-05-22,0531,Aqua,MODIS,50,6.2,301.4,23.3,D,0
-13.7135,131.6294,320,3.2,1.7,2014-05-22,0531,Aqua,MODIS,70,6.2,298.5,46.5,D,0
-13.7083,131.6583,316.7,3.2,1.7,2014-05-22,0531,Aqua,MODIS,60,6.2,299.4,31.5,D,0
-13.2085,132.3826,315.5,3.7,1.8,2014-05-22,0531,Aqua,MODIS,40,6.2,294.1,42.4,D,0
-13.5324,130.8396,319.9,2.8,1.6,2014-05-22,0531,Aqua,MODIS,70,6.2,303.8,34.4,D,0
-13.5337,130.8447,320.6,2.8,1.6,2014-05-22,0531,Aqua,MODIS,71,6.2,303.9,36.6,D,0
-13.3989,131.2449,320.5,3,1.7,2014-05-22,0531,Aqua,MODIS,41,6.2,304.4,37.9,D,0
-13.3598,131.2171,319.8,3,1.6,2014-05-22,0531,Aqua,MODIS,40,6.2,301.8,35.6,D,0
-13.399,131.2527,321.9,3,1.7,2014-05-22,0531,Aqua,MODIS,73,6.2,304.2,47.7,D,0
-13.7894,133.2909,315.6,4.2,1.9,2014-05-22,0531,Aqua,MODIS,60,6.2,292.7,75,D,0
-13.5279,130.8652,321.6,2.8,1.6,2014-05-22,0531,Aqua,MODIS,73,6.2,304.2,42.6,D,0
-13.8745,130.9835,316.6,2.8,1.6,2014-05-22,0531,Aqua,MODIS,62,6.2,301.9,31.9,D,0
-13.5291,130.8703,319.6,2.8,1.6,2014-05-22,0531,Aqua,MODIS,68,6.2,304.1,32.7,D,0
-14.0171,131.3848,323,3,1.6,2014-05-22,0531,Aqua,MODIS,74,6.2,304,57.1,D,0
-14.0187,131.38,322.5,3,1.6,2014-05-22,0531,Aqua,MODIS,74,6.2,304,51.3,D,0
-13.8805,131.1193,327.7,2.9,1.6,2014-05-22,0531,Aqua,MODIS,78,6.2,302.4,78.6,D,0
-13.8806,131.124,332.8,2.9,1.6,2014-05-22,0531,Aqua,MODIS,82,6.2,302.6,105,D,0
-13.6612,131.32,317.3,3,1.7,2014-05-22,0531,Aqua,MODIS,65,6.2,302.7,33.8,D,0
-13.2668,130.6919,319,2.8,1.6,2014-05-22,0531,Aqua,MODIS,68,6.2,301.5,34.8,D,0
-13.6662,131.2926,318,3,1.6,2014-05-22,0531,Aqua,MODIS,67,6.2,301.9,36,D,0
-13.6629,131.3157,319.6,3,1.7,2014-05-22,0531,Aqua,MODIS,68,6.2,302.5,40.4,D,0
-13.6677,131.2882,315.7,3,1.6,2014-05-22,0531,Aqua,MODIS,33,6.2,301.5,22.3,D,0
-13.2526,130.6892,345.4,2.8,1.6,2014-05-22,0531,Aqua,MODIS,93,6.2,302.9,192.5,D,0
-13.257,130.6642,332.7,2.7,1.6,2014-05-22,0531,Aqua,MODIS,84,6.2,300.5,101.7,D,0
-14.0369,132.8578,325.7,3.9,1.8,2014-05-22,0531,Aqua,MODIS,64,6.2,291.2,121.3,D,0
-20.7339,139.4757,305.7,1.1,1,2014-05-22,1316,Terra,MODIS,65,6.2,291.1,8.2,N,2
-13.9755,132.8778,310.3,2.4,1.5,2014-05-22,1318,Terra,MODIS,80,6.2,293.5,26.3,N,0
-14.0556,133.2052,303.5,2.3,1.5,2014-05-22,1318,Terra,MODIS,46,6.2,291.6,14.2,N,0
-13.9839,132.9242,305.1,2.4,1.5,2014-05-22,1318,Terra,MODIS,62,6.2,292.7,14.7,N,0
-13.9781,132.855,305.4,2.4,1.5,2014-05-22,1318,Terra,MODIS,64,6.2,293.4,15.6,N,0
-14.0424,133.2038,302.5,2.3,1.5,2014-05-22,1318,Terra,MODIS,36,6.2,291.5,12.6,N,0
-12.4387,141.9035,303.9,1.1,1.1,2014-05-22,1318,Terra,MODIS,42,6.2,292.4,4.9,N,0
-12.4292,141.902,308.4,1.1,1.1,2014-05-22,1318,Terra,MODIS,75,6.2,292.7,8.4,N,0
-33.8997,115.8137,301.8,1.4,1.2,2014-05-22,1451,Terra,MODIS,44,6.2,283.9,10.6,N,0
-23.8987,124.4907,303.4,2.2,1.4,2014-05-22,1454,Terra,MODIS,55,6.2,288.8,20.9,N,0
-20.2863,123.9794,324.3,2.4,1.5,2014-05-22,1455,Terra,MODIS,100,6.2,291.8,78.6,N,0
-20.3574,124.166,302.5,2.4,1.5,2014-05-22,1455,Terra,MODIS,49,6.2,290.2,20.6,N,0
-20.2954,124.0046,304.2,2.4,1.5,2014-05-22,1455,Terra,MODIS,59,6.2,291.2,23,N,0
-20.2821,124.0017,333.8,2.4,1.5,2014-05-22,1455,Terra,MODIS,100,6.2,292.7,120.6,N,0
-21.0072,120.0793,307.5,1.2,1.1,2014-05-22,1455,Terra,MODIS,71,6.2,291.7,10.3,N,0
-21.0083,120.0737,305.5,1.2,1.1,2014-05-22,1455,Terra,MODIS,63,6.2,291.5,8.7,N,0
-20.5938,116.7809,308,1,1,2014-05-22,1455,Terra,MODIS,58,6.2,296.2,6.8,N,0
-20.9033,119.7104,322.4,1.2,1.1,2014-05-22,1455,Terra,MODIS,100,6.2,296.5,23.6,N,0
-20.9051,119.6989,328.4,1.2,1.1,2014-05-22,1455,Terra,MODIS,100,6.2,296.7,32.2,N,0
-20.8837,119.7068,312.1,1.2,1.1,2014-05-22,1455,Terra,MODIS,64,6.2,295,11.8,N,0
-20.8856,119.6954,318.1,1.2,1.1,2014-05-22,1455,Terra,MODIS,96,6.2,294.6,17.8,N,0
-20.8831,119.701,319.2,1.2,1.1,2014-05-22,1455,Terra,MODIS,98,6.2,294.8,21.5,N,0
-14.0488,132.8271,330.5,1.3,1.1,2014-05-22,1622,Aqua,MODIS,100,6.2,294.7,42.6,N,0
-14.0172,132.9494,310.9,1.3,1.1,2014-05-22,1622,Aqua,MODIS,33,6.2,294.3,11.3,N,0
-14.1556,132.7267,305,1.3,1.1,2014-05-22,1622,Aqua,MODIS,62,6.2,293.8,8.2,N,0
-14.0278,132.9544,325.5,1.3,1.1,2014-05-22,1622,Aqua,MODIS,100,6.2,294.8,31.3,N,0
-14.0238,132.9305,320.6,1.3,1.1,2014-05-22,1622,Aqua,MODIS,100,6.2,294.4,23.6,N,0
-14.0293,132.9596,308.9,1.3,1.1,2014-05-22,1622,Aqua,MODIS,55,6.2,294.2,9.6,N,0
-14.0191,132.9614,341.1,1.3,1.1,2014-05-22,1622,Aqua,MODIS,100,6.2,295.5,63.1,N,0
-14.0153,132.9375,307.6,1.3,1.1,2014-05-22,1622,Aqua,MODIS,21,6.2,294.1,8.7,N,0
-14.0527,132.8514,304.5,1.3,1.1,2014-05-22,1622,Aqua,MODIS,60,6.2,293.3,7.1,N,0
-14.0297,132.9663,304.1,1.3,1.1,2014-05-22,1622,Aqua,MODIS,43,6.2,294.1,5.9,N,0
-14.0274,132.9477,310.4,1.3,1.1,2014-05-22,1622,Aqua,MODIS,36,6.2,294.2,10.6,N,0
-14.0255,132.9357,317.2,1.3,1.1,2014-05-22,1622,Aqua,MODIS,95,6.2,294.3,19.2,N,0
-14.0236,132.9237,306.4,1.3,1.1,2014-05-22,1622,Aqua,MODIS,68,6.2,293.8,8.1,N,0
-14.021,132.9733,317.3,1.3,1.1,2014-05-22,1622,Aqua,MODIS,95,6.2,294.5,19.6,N,0
-14.0508,132.8393,326.2,1.3,1.1,2014-05-22,1622,Aqua,MODIS,100,6.2,294.3,34.9,N,0
-15.8326,128.9935,305.2,2.3,1.5,2014-05-22,1623,Aqua,MODIS,56,6.2,294.3,19,N,0
-20.2768,124.009,315.3,4.3,1.9,2014-05-22,1624,Aqua,MODIS,91,6.2,290.8,113,N,0
-20.2908,124.0106,313.1,4.3,1.9,2014-05-22,1624,Aqua,MODIS,86,6.2,290.5,101.9,N,0
-20.2738,124.0148,308.3,4.3,1.9,2014-05-22,1624,Aqua,MODIS,74,6.2,290.4,78.6,N,0
-20.2938,124.0049,309.5,4.3,1.9,2014-05-22,1624,Aqua,MODIS,77,6.2,290.2,79.1,N,0
-23.9035,124.5026,311.8,3.3,1.7,2014-05-22,1625,Aqua,MODIS,83,6.2,287.2,72.1,N,0
-23.9155,124.4948,314,3.3,1.7,2014-05-22,1625,Aqua,MODIS,88,6.2,286.9,80.9,N,0
-24.8032,147.7642,351.2,1.2,1.1,2014-05-23,0011,Terra,MODIS,96,6.2,296.2,81.9,D,0
-24.8012,147.7524,316,1.2,1.1,2014-05-23,0011,Terra,MODIS,62,6.2,293.1,13.7,D,0
-25.633,151.2608,306.5,1,1,2014-05-23,0012,Terra,MODIS,53,6.2,288.8,6.3,D,0
-28.1624,149.9964,309.7,1,1,2014-05-23,0012,Terra,MODIS,22,6.2,291.7,4.6,D,0
-28.1609,149.9863,318.4,1,1,2014-05-23,0012,Terra,MODIS,78,6.2,290.5,11.5,D,0
-28.572,149.4702,338.6,1,1,2014-05-23,0012,Terra,MODIS,90,6.2,294.4,37.7,D,0
-28.5735,149.4804,323.8,1,1,2014-05-23,0012,Terra,MODIS,80,6.2,294.8,17.9,D,0
-30.7525,148.6002,320.3,1,1,2014-05-23,0013,Terra,MODIS,78,6.2,296.5,14.2,D,0
-31.3979,149.1575,303.7,1,1,2014-05-23,0013,Terra,MODIS,48,6.2,292.3,4.1,D,0
-30.7541,148.6107,311.7,1,1,2014-05-23,0013,Terra,MODIS,67,6.2,296.4,6.5,D,0
-30.4018,148.2431,321.8,1,1,2014-05-23,0013,Terra,MODIS,78,6.2,298.8,14.9,D,0
-31.3964,149.147,307.1,1,1,2014-05-23,0013,Terra,MODIS,61,6.2,293.5,6.3,D,0
-30.4035,148.2537,317.3,1,1,2014-05-23,0013,Terra,MODIS,74,6.2,298.7,10.4,D,0
-30.4022,148.7817,307.8,1,1,2014-05-23,0013,Terra,MODIS,57,6.2,295.4,4.5,D,0
-31.9182,150.7637,307.3,1.1,1,2014-05-23,0013,Terra,MODIS,45,6.2,290.5,9,D,0
-32.3513,148.3907,302.9,1,1,2014-05-23,0013,Terra,MODIS,33,6.2,290.5,5,D,0
-30.1309,148.3394,310,1,1,2014-05-23,0013,Terra,MODIS,58,6.2,297.4,4.3,D,0
-31.93,145.8629,317.4,1.2,1.1,2014-05-23,0013,Terra,MODIS,77,6.2,293.7,17.4,D,0
-31.9322,145.8754,303.8,1.2,1.1,2014-05-23,0013,Terra,MODIS,53,6.2,293.4,4.5,D,0
-30.1292,148.3288,316.4,1,1,2014-05-23,0013,Terra,MODIS,71,6.2,297.9,9.6,D,0
-34.3976,147.8476,315.1,1,1,2014-05-23,0014,Terra,MODIS,75,6.2,290.7,12.5,D,0
-14.4375,126.2623,319.2,1.1,1.1,2014-05-23,0147,Terra,MODIS,62,6.2,304.3,8.9,D,0
-14.4391,126.2726,324.2,1.1,1.1,2014-05-23,0147,Terra,MODIS,72,6.2,306.2,15.4,D,0
-14.3007,126.3179,326.3,1.1,1.1,2014-05-23,0147,Terra,MODIS,75,6.2,307.2,17.3,D,0
-12.9312,131.8472,322.6,1.2,1.1,2014-05-23,0147,Terra,MODIS,53,6.2,304,11.8,D,0
-13.033,130.6736,322.6,1.1,1,2014-05-23,0147,Terra,MODIS,71,6.2,304.9,11.8,D,0
-12.9297,131.8358,352.4,1.2,1.1,2014-05-23,0147,Terra,MODIS,96,6.2,304.6,77.6,D,0
-13.7593,133.4054,321.9,1.6,1.3,2014-05-23,0147,Terra,MODIS,72,6.2,302.6,23.5,D,0
-13.7574,133.3905,326.2,1.6,1.3,2014-05-23,0147,Terra,MODIS,78,6.2,302,32.6,D,0
-12.6957,131.026,318.3,1.1,1.1,2014-05-23,0147,Terra,MODIS,66,6.2,301.6,9.7,D,0
-13.0344,130.6836,317.3,1.1,1,2014-05-23,0147,Terra,MODIS,31,6.2,303.1,6.3,D,0
-13.5965,130.3773,328.4,1.1,1,2014-05-23,0147,Terra,MODIS,79,6.2,304.9,21.2,D,0
-13.8183,133.1541,317.4,1.6,1.2,2014-05-23,0147,Terra,MODIS,63,6.2,303.8,11.6,D,0
-15.3166,130.7226,332.3,1.2,1.1,2014-05-23,0147,Terra,MODIS,82,6.2,304,25.1,D,0
-15.3248,130.7106,334.2,1.2,1.1,2014-05-23,0147,Terra,MODIS,83,6.2,305.7,28,D,0
-15.3262,130.7213,335.9,1.2,1.1,2014-05-23,0147,Terra,MODIS,85,6.2,307.8,30.3,D,0
-13.906,132.2157,321.8,1.4,1.2,2014-05-23,0147,Terra,MODIS,32,6.2,306.7,11.2,D,0
-14.6291,127.4315,320.2,1,1,2014-05-23,0147,Terra,MODIS,54,6.2,306.5,6.6,D,0
-14.7329,127.6301,323.5,1,1,2014-05-23,0147,Terra,MODIS,69,6.2,308.5,8.8,D,0
-14.8445,127.4527,322.9,1,1,2014-05-23,0147,Terra,MODIS,70,6.2,305.9,9.3,D,0
-14.844,127.5106,321.5,1,1,2014-05-23,0147,Terra,MODIS,65,6.2,306.7,7.2,D,0
-14.8056,128.113,321.2,1,1,2014-05-23,0147,Terra,MODIS,51,6.2,305.7,8.5,D,0
-14.843,127.4433,322.9,1,1,2014-05-23,0147,Terra,MODIS,70,6.2,306,9.1,D,0
-13.603,130.3562,321.3,1.1,1,2014-05-23,0147,Terra,MODIS,44,6.2,304.5,11.6,D,0
-13.6044,130.3661,327.4,1.1,1,2014-05-23,0147,Terra,MODIS,75,6.2,302.7,19.6,D,0
-13.7403,131.2754,319.5,1.2,1.1,2014-05-23,0147,Terra,MODIS,64,6.2,305.5,9.1,D,0
-13.7418,131.2863,319,1.2,1.1,2014-05-23,0147,Terra,MODIS,62,6.2,305.7,8.5,D,0
-13.4262,131.2821,342.9,1.2,1.1,2014-05-23,0147,Terra,MODIS,91,6.2,305,47.9,D,0
-14.832,127.6755,326.8,1,1,2014-05-23,0147,Terra,MODIS,76,6.2,306.8,14.8,D,0
-13.4277,131.293,350.7,1.2,1.1,2014-05-23,0147,Terra,MODIS,95,6.2,306.9,67.9,D,0
-13.4291,131.3039,321,1.2,1.1,2014-05-23,0147,Terra,MODIS,29,6.2,304.8,9.7,D,0
-13.4359,131.2807,321.5,1.2,1.1,2014-05-23,0147,Terra,MODIS,65,6.2,303.2,11.9,D,0
-13.4374,131.2917,336.8,1.2,1.1,2014-05-23,0147,Terra,MODIS,86,6.2,305.3,36.9,D,0
-13.4389,131.3025,319.8,1.2,1.1,2014-05-23,0147,Terra,MODIS,39,6.2,304.3,9.3,D,0
-14.2991,126.3075,327.3,1.1,1.1,2014-05-23,0147,Terra,MODIS,77,6.2,305.2,19.1,D,0
-14.0987,132.2598,317.3,1.4,1.2,2014-05-23,0147,Terra,MODIS,42,6.2,303.8,7.3,D,0
-14.0595,130.9974,359.7,1.2,1.1,2014-05-23,0147,Terra,MODIS,99,6.2,307.9,88.2,D,0
-13.9746,132.8646,326.1,1.5,1.2,2014-05-23,0147,Terra,MODIS,53,6.2,303.5,22.1,D,0
-14.0402,131.0001,323.8,1.2,1.1,2014-05-23,0147,Terra,MODIS,15,6.2,305.6,11,D,0
-14.0498,130.9988,332.7,1.2,1.1,2014-05-23,0147,Terra,MODIS,55,6.2,305.9,22.4,D,0
-14.1152,130.7359,315.2,1.1,1.1,2014-05-23,0147,Terra,MODIS,31,6.2,302.7,5.7,D,0
-13.8555,131.1366,327.6,1.2,1.1,2014-05-23,0147,Terra,MODIS,34,6.2,305.3,15,D,0
-14.0513,131.0094,332.5,1.2,1.1,2014-05-23,0147,Terra,MODIS,45,6.2,305.5,23.6,D,0
-14.0609,131.0081,339.8,1.2,1.1,2014-05-23,0147,Terra,MODIS,85,6.2,307.1,37.1,D,0
-13.9728,132.8509,329.9,1.5,1.2,2014-05-23,0147,Terra,MODIS,76,6.2,304.1,32.3,D,0
-13.971,132.8373,320.5,1.5,1.2,2014-05-23,0147,Terra,MODIS,43,6.2,303.1,14.7,D,0
-13.6964,131.6273,319.4,1.2,1.1,2014-05-23,0147,Terra,MODIS,40,6.2,305.8,9.3,D,0
-13.9691,132.9072,327.7,1.5,1.2,2014-05-23,0147,Terra,MODIS,76,6.2,304.2,27.1,D,0
-13.9673,132.8932,330.7,1.5,1.2,2014-05-23,0147,Terra,MODIS,78,6.2,303.5,33.6,D,0
-14.0592,130.6459,326.7,1.1,1.1,2014-05-23,0147,Terra,MODIS,67,6.2,304.4,15.5,D,0
-14.0646,130.6491,316.2,1.1,1.1,2014-05-23,0147,Terra,MODIS,48,6.2,303.3,6.2,D,0
-13.9873,132.8769,319.9,1.5,1.2,2014-05-23,0147,Terra,MODIS,50,6.2,305.1,10.3,D,0
-14.0308,132.9352,322.9,1.5,1.2,2014-05-23,0147,Terra,MODIS,61,6.2,305.2,16.9,D,0
-14.058,130.9868,325.2,1.2,1.1,2014-05-23,0147,Terra,MODIS,38,6.2,304.4,12.2,D,0
-14.0326,132.949,328.7,1.5,1.2,2014-05-23,0147,Terra,MODIS,79,6.2,304.3,29.3,D,0
-13.9854,132.8631,324.7,1.5,1.2,2014-05-23,0147,Terra,MODIS,67,6.2,305.6,19.3,D,0
-13.6193,133.5585,314.6,1.7,1.3,2014-05-23,0147,Terra,MODIS,56,6.2,300,12.1,D,0
-13.536,131.8732,317.5,1.3,1.1,2014-05-23,0147,Terra,MODIS,59,6.2,302.8,9.4,D,0
-14.404,130.7617,318.1,1.1,1.1,2014-05-23,0147,Terra,MODIS,55,6.2,303.4,7.3,D,0
-14.0522,133.1925,314.5,1.6,1.2,2014-05-23,0147,Terra,MODIS,40,6.2,300.9,9.6,D,0
-14.054,133.2072,319.5,1.6,1.2,2014-05-23,0147,Terra,MODIS,65,6.2,301.2,18.7,D,0
-13.7064,131.6259,321.2,1.2,1.1,2014-05-23,0147,Terra,MODIS,67,6.2,304.8,11.5,D,0
-13.5019,131.4724,326.3,1.2,1.1,2014-05-23,0147,Terra,MODIS,76,6.2,304.2,20.3,D,0
-13.5034,131.4834,323.6,1.2,1.1,2014-05-23,0147,Terra,MODIS,72,6.2,304.2,16.1,D,0
-13.5049,131.4945,328,1.2,1.1,2014-05-23,0147,Terra,MODIS,78,6.2,304.8,23,D,0
-14.1789,130.7424,322.2,1.1,1.1,2014-05-23,0147,Terra,MODIS,69,6.2,303.9,11.1,D,0
-13.275,130.5697,328.5,1.1,1,2014-05-23,0147,Terra,MODIS,79,6.2,305.4,19.9,D,0
-13.2736,130.5597,330.2,1.1,1,2014-05-23,0147,Terra,MODIS,80,6.2,307.2,21.7,D,0
-13.2722,130.5498,328.6,1.1,1,2014-05-23,0147,Terra,MODIS,79,6.2,308.5,19.3,D,0
-14.0563,130.6253,345.8,1.1,1.1,2014-05-23,0147,Terra,MODIS,92,6.2,304.9,48.4,D,0
-14.0632,130.6387,326.6,1.1,1.1,2014-05-23,0147,Terra,MODIS,76,6.2,304,17.4,D,0
-14.3999,126.1135,318.7,1.1,1.1,2014-05-23,0147,Terra,MODIS,56,6.2,306,8.7,D,0
-14.0577,130.6354,327.8,1.1,1.1,2014-05-23,0147,Terra,MODIS,56,6.2,304.7,15.1,D,0
-13.3926,130.3686,331.6,1.1,1,2014-05-23,0147,Terra,MODIS,82,6.2,306.5,24.9,D,0
-13.3939,130.3785,322.3,1.1,1,2014-05-23,0147,Terra,MODIS,60,6.2,304.2,13.2,D,0
-14.4029,126.107,315.3,1.1,1.1,2014-05-23,0147,Terra,MODIS,41,6.2,304.5,6.4,D,0
-14.0618,130.6283,335.4,1.1,1.1,2014-05-23,0147,Terra,MODIS,85,6.2,303.8,30.3,D,0
-16.6866,127.4506,327.5,1,1,2014-05-23,0148,Terra,MODIS,76,6.2,306.3,16,D,0
-14.6415,125.8079,330.9,1.2,1.1,2014-05-23,0148,Terra,MODIS,81,6.2,305.4,26.4,D,0
-15.7378,128.9458,327.2,1,1,2014-05-23,0148,Terra,MODIS,73,6.2,308.3,14.1,D,0
-16.6852,127.4412,318.1,1,1,2014-05-23,0148,Terra,MODIS,53,6.2,305.6,5.9,D,0
-14.6529,125.8171,321.6,1.2,1.1,2014-05-23,0148,Terra,MODIS,64,6.2,304.7,12.9,D,0
-16.3292,126.4409,329.6,1.1,1,2014-05-23,0148,Terra,MODIS,80,6.2,306.8,18.7,D,0
-16.6039,127.2677,361.5,1,1,2014-05-23,0148,Terra,MODIS,100,6.2,310.2,80.6,D,0
-16.6025,127.2583,372.4,1,1,2014-05-23,0148,Terra,MODIS,100,6.2,310.2,115.3,D,0
-16.5934,127.2597,326.6,1,1,2014-05-23,0148,Terra,MODIS,68,6.2,307.9,14.1,D,0
-16.3636,127.5074,334,1,1,2014-05-23,0148,Terra,MODIS,83,6.2,305.1,23.9,D,0
-16.4076,127.494,317.9,1,1,2014-05-23,0148,Terra,MODIS,53,6.2,306.3,5.7,D,0
-16.409,127.5033,322.7,1,1,2014-05-23,0148,Terra,MODIS,68,6.2,306.5,10.4,D,0
-16.2985,130.4491,317,1.1,1.1,2014-05-23,0148,Terra,MODIS,35,6.2,305.7,7.2,D,0
-16.334,127.3102,325.4,1,1,2014-05-23,0148,Terra,MODIS,74,6.2,306.6,12.4,D,0
-16.3555,127.2714,318.7,1,1,2014-05-23,0148,Terra,MODIS,58,6.2,306.1,6,D,0
-16.3569,127.2808,329.3,1,1,2014-05-23,0148,Terra,MODIS,79,6.2,306.5,17.6,D,0
-14.789,125.2641,320.4,1.3,1.1,2014-05-23,0148,Terra,MODIS,67,6.2,302.7,13.9,D,0
-16.3503,127.3592,317.4,1,1,2014-05-23,0148,Terra,MODIS,51,6.2,305.3,6,D,0
-14.9868,127.3598,326.6,1,1,2014-05-23,0148,Terra,MODIS,72,6.2,306.9,13,D,0
-14.9791,127.3707,326.2,1,1,2014-05-23,0148,Terra,MODIS,53,6.2,307.6,12.4,D,0
-17.069,127.7287,334.7,1,1,2014-05-23,0148,Terra,MODIS,84,6.2,306.8,25.3,D,0
-14.9578,127.4092,320.4,1,1,2014-05-23,0148,Terra,MODIS,36,6.2,306.1,6.8,D,0
-15.1663,126.487,319.2,1.1,1,2014-05-23,0148,Terra,MODIS,23,6.2,305,8.3,D,0
-15.1648,126.4769,322.8,1.1,1,2014-05-23,0148,Terra,MODIS,55,6.2,305.7,12,D,0
-16.6559,127.369,349.5,1,1,2014-05-23,0148,Terra,MODIS,94,6.2,308,51.3,D,0
-16.6573,127.3784,325.8,1,1,2014-05-23,0148,Terra,MODIS,74,6.2,306.1,13.2,D,0
-16.297,130.4385,318.7,1.1,1.1,2014-05-23,0148,Terra,MODIS,53,6.2,305.9,9.1,D,0
-16.6267,126.0476,327.8,1.1,1,2014-05-23,0148,Terra,MODIS,78,6.2,304.5,18.3,D,0
-14.8976,127.38,320.4,1,1,2014-05-23,0148,Terra,MODIS,33,6.2,307.6,6.6,D,0
-14.89,127.3908,321.2,1,1,2014-05-23,0148,Terra,MODIS,47,6.2,306.8,7.4,D,0
-15.5535,128.8805,318.9,1,1,2014-05-23,0148,Terra,MODIS,46,6.2,307.1,5.3,D,0
-14.8991,127.5692,319.8,1,1,2014-05-23,0148,Terra,MODIS,63,6.2,306.9,7.3,D,0
-14.8907,127.5129,322.5,1,1,2014-05-23,0148,Terra,MODIS,52,6.2,306.3,8.7,D,0
-14.883,127.5238,327,1,1,2014-05-23,0148,Terra,MODIS,76,6.2,307.8,14,D,0
-14.8816,127.5144,320.5,1,1,2014-05-23,0148,Terra,MODIS,54,6.2,306,6.5,D,0
-14.9667,127.5906,322.8,1,1,2014-05-23,0148,Terra,MODIS,60,6.2,307.9,8.4,D,0
-15.2975,125.3712,324.4,1.2,1.1,2014-05-23,0148,Terra,MODIS,74,6.2,302.9,18.5,D,0
-16.3199,126.4424,329.1,1.1,1,2014-05-23,0148,Terra,MODIS,79,6.2,307.5,18.4,D,0
-15.6189,126.2473,323.1,1.1,1,2014-05-23,0148,Terra,MODIS,71,6.2,305.5,12.8,D,0
-16.4526,127.1821,321.8,1,1,2014-05-23,0148,Terra,MODIS,67,6.2,306.3,9,D,0
-16.4207,127.2163,322.3,1,1,2014-05-23,0148,Terra,MODIS,41,6.2,305.6,8.5,D,0
-16.4011,127.2062,376.4,1,1,2014-05-23,0148,Terra,MODIS,100,6.2,309,130,D,0
-16.3935,127.2171,332.8,1,1,2014-05-23,0148,Terra,MODIS,77,6.2,308.8,20.5,D,0
-16.3921,127.2076,391.6,1,1,2014-05-23,0148,Terra,MODIS,100,6.2,315.3,199.8,D,0
-15.1794,126.1657,317.2,1.1,1.1,2014-05-23,0148,Terra,MODIS,35,6.2,304.9,6.3,D,0
-16.4116,127.2142,325.4,1,1,2014-05-23,0148,Terra,MODIS,50,6.2,306.1,11.8,D,0
-14.6796,125.3479,323.4,1.2,1.1,2014-05-23,0148,Terra,MODIS,72,6.2,306.2,15.8,D,0
-16.1278,126.2717,318,1.1,1,2014-05-23,0148,Terra,MODIS,45,6.2,305.3,6.9,D,0
-17.1704,127.6681,318.9,1,1,2014-05-23,0148,Terra,MODIS,23,6.2,303.1,7.3,D,0
-17.1642,127.6882,333.5,1,1,2014-05-23,0148,Terra,MODIS,72,6.2,305.9,21.6,D,0
-17.1628,127.6789,346.5,1,1,2014-05-23,0148,Terra,MODIS,92,6.2,306.9,43.2,D,0
-17.1614,127.6695,358,1,1,2014-05-23,0148,Terra,MODIS,99,6.2,306.8,71.2,D,0
-15.2518,126.8572,344.8,1.1,1,2014-05-23,0148,Terra,MODIS,92,6.2,308.2,44.2,D,0
-17.1538,127.6803,335.8,1,1,2014-05-23,0148,Terra,MODIS,78,6.2,306.9,25.3,D,0
-17.1524,127.6709,337.2,1,1,2014-05-23,0148,Terra,MODIS,86,6.2,305,28.9,D,0
-16.365,127.5167,336.8,1,1,2014-05-23,0148,Terra,MODIS,86,6.2,304.8,28.4,D,0
-16.347,127.5196,335.5,1,1,2014-05-23,0148,Terra,MODIS,85,6.2,306.4,26.2,D,0
-16.338,127.521,324.5,1,1,2014-05-23,0148,Terra,MODIS,72,6.2,306,12.2,D,0
-16.4026,127.2157,353.6,1,1,2014-05-23,0148,Terra,MODIS,96,6.2,309.3,59,D,0
-15.2977,125.3646,323.1,1.2,1.1,2014-05-23,0148,Terra,MODIS,72,6.2,302.5,16.6,D,0
-17.0157,127.7431,326.1,1,1,2014-05-23,0148,Terra,MODIS,74,6.2,305,14,D,0
-14.9882,127.3693,326.8,1,1,2014-05-23,0148,Terra,MODIS,61,6.2,306,13,D,0
-16.4769,127.1589,340.2,1,1,2014-05-23,0148,Terra,MODIS,88,6.2,307.3,32.7,D,0
-16.383,127.2091,322.5,1,1,2014-05-23,0148,Terra,MODIS,69,6.2,306.1,9.3,D,0
-15.2533,126.8669,341.1,1.1,1,2014-05-23,0148,Terra,MODIS,89,6.2,308.9,36.8,D,0
-15.1513,127.6545,321,1,1,2014-05-23,0148,Terra,MODIS,59,6.2,307.4,7.6,D,0
-15.2582,126.8501,323.2,1.1,1,2014-05-23,0148,Terra,MODIS,36,6.2,305.3,10.7,D,0
-14.7231,125.3644,323.8,1.2,1.1,2014-05-23,0148,Terra,MODIS,73,6.2,306.3,14.6,D,0
-17.1462,127.691,327,1,1,2014-05-23,0148,Terra,MODIS,58,6.2,306.5,14.6,D,0
-15.2597,126.8598,347.2,1.1,1,2014-05-23,0148,Terra,MODIS,81,6.2,309.5,50.1,D,0
-15.2612,126.8695,327.5,1.1,1,2014-05-23,0148,Terra,MODIS,62,6.2,307.8,16.2,D,0
-17.1448,127.6817,328.8,1,1,2014-05-23,0148,Terra,MODIS,46,6.2,306.4,16.3,D,0
-17.078,127.7273,332.6,1,1,2014-05-23,0148,Terra,MODIS,82,6.2,305.2,22.5,D,0
-15.9925,130.2968,320.4,1.1,1.1,2014-05-23,0148,Terra,MODIS,35,6.2,308.3,8.1,D,0
-14.8938,125.4057,321.5,1.2,1.1,2014-05-23,0148,Terra,MODIS,70,6.2,303,14.9,D,0
-16.1294,126.2818,318,1.1,1,2014-05-23,0148,Terra,MODIS,54,6.2,305,7.6,D,0
-15.5391,128.8445,324.2,1,1,2014-05-23,0148,Terra,MODIS,53,6.2,309.4,10.2,D,0
-17.0766,127.718,333.9,1,1,2014-05-23,0148,Terra,MODIS,83,6.2,305.4,24.6,D,0
-15.1461,126.4799,322.1,1.1,1,2014-05-23,0148,Terra,MODIS,38,6.2,307.2,9.7,D,0
-16.9227,126.9391,323,1,1,2014-05-23,0148,Terra,MODIS,69,6.2,306.4,9.4,D,0
-14.953,127.4389,322.9,1,1,2014-05-23,0148,Terra,MODIS,70,6.2,306.2,9.9,D,0
-16.4845,127.1479,373.3,1,1,2014-05-23,0148,Terra,MODIS,100,6.2,311.5,118.7,D,0
-16.4755,127.1494,336.7,1,1,2014-05-23,0148,Terra,MODIS,86,6.2,306.6,26.7,D,0
-16.5592,127.3999,318.4,1,1,2014-05-23,0148,Terra,MODIS,56,6.2,305.7,6.5,D,0
-16.5578,127.3906,317.3,1,1,2014-05-23,0148,Terra,MODIS,50,6.2,305.3,5.4,D,0
-17.2201,127.8799,318.3,1,1,2014-05-23,0148,Terra,MODIS,55,6.2,305.1,6.8,D,0
-16.5459,127.1898,328.8,1,1,2014-05-23,0148,Terra,MODIS,78,6.2,307.1,16.2,D,0
-16.5139,127.404,322.6,1,1,2014-05-23,0148,Terra,MODIS,52,6.2,306.3,9,D,0
-16.4973,127.4162,323.4,1,1,2014-05-23,0148,Terra,MODIS,70,6.2,306.6,9.7,D,0
-16.4792,127.419,327.6,1,1,2014-05-23,0148,Terra,MODIS,76,6.2,306.6,14.5,D,0
-16.4555,127.201,321.1,1,1,2014-05-23,0148,Terra,MODIS,35,6.2,306.8,7.3,D,0
-17.0337,127.7403,321.7,1,1,2014-05-23,0148,Terra,MODIS,44,6.2,305.5,8.7,D,0
-16.4859,127.1574,326.5,1,1,2014-05-23,0148,Terra,MODIS,62,6.2,306.9,12.7,D,0
-14.9516,127.4295,326.6,1,1,2014-05-23,0148,Terra,MODIS,75,6.2,306.5,13.9,D,0
-16.4388,127.2134,322.6,1,1,2014-05-23,0148,Terra,MODIS,24,6.2,306.3,8.6,D,0
-17.3658,124.3497,323.2,1.3,1.1,2014-05-23,0148,Terra,MODIS,72,6.2,303.5,19,D,0
-16.4936,127.1465,382.2,1,1,2014-05-23,0148,Terra,MODIS,100,6.2,310.5,154.1,D,0
-16.5296,127.144,323.9,1,1,2014-05-23,0148,Terra,MODIS,48,6.2,307.6,10.3,D,0
-16.4654,127.45,328.4,1,1,2014-05-23,0148,Terra,MODIS,77,6.2,306,16,D,0
-16.464,127.4406,317.9,1,1,2014-05-23,0148,Terra,MODIS,44,6.2,305.2,5.1,D,0
-16.4593,127.4702,324.4,1,1,2014-05-23,0148,Terra,MODIS,71,6.2,306.3,12.2,D,0
-16.5311,127.1534,327.1,1,1,2014-05-23,0148,Terra,MODIS,68,6.2,307.9,13.5,D,0
-14.998,127.6145,319.7,1,1,2014-05-23,0148,Terra,MODIS,62,6.2,307,6.4,D,0
-16.3456,127.5102,321.7,1,1,2014-05-23,0148,Terra,MODIS,43,6.2,305.8,8.7,D,0
-16.4298,127.2148,319.8,1,1,2014-05-23,0148,Terra,MODIS,17,6.2,306.2,6.2,D,0
-17.0427,127.7389,342.3,1,1,2014-05-23,0148,Terra,MODIS,90,6.2,306.4,36.5,D,0
-17.06,127.7301,318.7,1,1,2014-05-23,0148,Terra,MODIS,45,6.2,305.8,6.6,D,0
-16.3081,130.4477,326,1.1,1.1,2014-05-23,0148,Terra,MODIS,73,6.2,305.7,17.8,D,0
-16.6379,127.3719,328,1,1,2014-05-23,0148,Terra,MODIS,37,6.2,306.8,14.2,D,0
-16.6365,127.3625,327.8,1,1,2014-05-23,0148,Terra,MODIS,38,6.2,306.4,13.8,D,0
-16.6279,127.3061,327.9,1,1,2014-05-23,0148,Terra,MODIS,71,6.2,306.9,15.1,D,0
-16.6265,127.2967,325.2,1,1,2014-05-23,0148,Terra,MODIS,60,6.2,306.2,12.1,D,0
-16.6289,127.3733,325.7,1,1,2014-05-23,0148,Terra,MODIS,73,6.2,307,13.1,D,0
-16.6275,127.3639,324.1,1,1,2014-05-23,0148,Terra,MODIS,71,6.2,307.4,11.1,D,0
-16.6146,127.2793,332.3,1,1,2014-05-23,0148,Terra,MODIS,82,6.2,307.7,21.2,D,0
-16.6132,127.2699,354.4,1,1,2014-05-23,0148,Terra,MODIS,97,6.2,309.5,62.9,D,0
-16.3066,130.4371,353,1.1,1.1,2014-05-23,0148,Terra,MODIS,96,6.2,307.3,72.6,D,0
-15.0673,125.2103,322,1.3,1.1,2014-05-23,0148,Terra,MODIS,54,6.2,302.3,16.3,D,0
-16.6053,127.2772,322.3,1,1,2014-05-23,0148,Terra,MODIS,39,6.2,307.7,9.2,D,0
-15.7579,125.5572,315,1.2,1.1,2014-05-23,0148,Terra,MODIS,19,6.2,301.4,6.4,D,0
-15.7658,125.5445,316.9,1.2,1.1,2014-05-23,0148,Terra,MODIS,51,6.2,301.5,8.3,D,0
-16.1877,126.0049,319.1,1.1,1.1,2014-05-23,0148,Terra,MODIS,63,6.2,302.8,9.5,D,0
-16.6251,126.0374,337.8,1.1,1,2014-05-23,0148,Terra,MODIS,87,6.2,306.1,34.3,D,0
-16.6875,126.0059,322.1,1.1,1,2014-05-23,0148,Terra,MODIS,65,6.2,304.9,10.7,D,0
-16.0807,130.3416,317.6,1.1,1.1,2014-05-23,0148,Terra,MODIS,44,6.2,305.5,7.3,D,0
-16.0822,130.3521,322.9,1.1,1.1,2014-05-23,0148,Terra,MODIS,67,6.2,305.8,13.4,D,0
-15.6332,130.2153,320.9,1.1,1,2014-05-23,0148,Terra,MODIS,61,6.2,307.7,8.1,D,0
-15.6346,130.2255,321.6,1.1,1,2014-05-23,0148,Terra,MODIS,65,6.2,308.9,9.3,D,0
-20.9032,119.7156,317.4,2.3,1.5,2014-05-23,0149,Terra,MODIS,59,6.2,304.5,23.9,D,0
-20.3092,123.9762,332.5,1.2,1.1,2014-05-23,0149,Terra,MODIS,82,6.2,303.1,31.4,D,0
-20.3112,123.9881,330.6,1.2,1.1,2014-05-23,0149,Terra,MODIS,80,6.2,304.2,26.6,D,0
-20.3131,123.9999,334,1.2,1.1,2014-05-23,0149,Terra,MODIS,83,6.2,305.3,32.6,D,0
-20.3346,124.0686,321,1.2,1.1,2014-05-23,0149,Terra,MODIS,56,6.2,306.6,10.4,D,0
-20.2894,123.9799,383.6,1.2,1.1,2014-05-23,0149,Terra,MODIS,100,6.2,310.2,218.2,D,0
-20.2913,123.9918,338.2,1.2,1.1,2014-05-23,0149,Terra,MODIS,87,6.2,307.1,40.3,D,0
-20.3365,124.0803,318.3,1.2,1.1,2014-05-23,0149,Terra,MODIS,34,6.2,304.6,6.6,D,0
-20.2993,123.9781,346.4,1.2,1.1,2014-05-23,0149,Terra,MODIS,92,6.2,304.3,61.7,D,0
-21.0738,127.6804,323,1,1,2014-05-23,0149,Terra,MODIS,70,6.2,303.9,10.7,D,0
-20.3012,123.99,329.9,1.2,1.1,2014-05-23,0149,Terra,MODIS,79,6.2,306.2,24.5,D,0
-21.0752,127.6901,320.8,1,1,2014-05-23,0149,Terra,MODIS,65,6.2,303.2,8.5,D,0
-23.9297,124.5664,360.3,1.1,1,2014-05-23,0150,Terra,MODIS,100,6.2,305.8,85.4,D,0
-23.9165,124.4828,318.8,1.1,1,2014-05-23,0150,Terra,MODIS,68,6.2,303.9,8.6,D,0
-23.9182,124.4933,316.7,1.1,1,2014-05-23,0150,Terra,MODIS,58,6.2,303.5,6,D,0
-23.9281,124.556,369.7,1.1,1,2014-05-23,0150,Terra,MODIS,100,6.2,308.8,115.9,D,0
-23.9335,124.549,348.8,1.1,1,2014-05-23,0150,Terra,MODIS,94,6.2,306.7,56.7,D,0
-23.9351,124.5594,368.2,1.1,1,2014-05-23,0150,Terra,MODIS,100,6.2,308.3,112.9,D,0
-23.9427,124.5473,347.7,1.1,1,2014-05-23,0150,Terra,MODIS,94,6.2,306.1,54.4,D,0
-23.9444,124.5577,347.1,1.1,1,2014-05-23,0150,Terra,MODIS,94,6.2,303.9,53.3,D,0
-23.9003,124.5611,321.2,1.1,1,2014-05-23,0150,Terra,MODIS,69,6.2,304.1,10.4,D,0
-23.952,124.5456,370.8,1.1,1,2014-05-23,0150,Terra,MODIS,100,6.2,306.3,122.4,D,0
-23.9095,124.5594,337.4,1.1,1,2014-05-23,0150,Terra,MODIS,88,6.2,304.9,32.4,D,0
-23.9537,124.556,332.9,1.1,1,2014-05-23,0150,Terra,MODIS,85,6.2,302.8,27.7,D,0
-21.1684,118.3253,317.6,2.9,1.6,2014-05-23,0150,Terra,MODIS,65,6.2,301.9,38.5,D,0
-21.1688,118.3194,314.8,2.9,1.6,2014-05-23,0150,Terra,MODIS,58,6.2,302,28.1,D,0
-21.9364,122.7935,341.3,1.4,1.2,2014-05-23,0150,Terra,MODIS,85,6.2,305.2,56.9,D,0
-21.9468,122.7916,324.9,1.4,1.2,2014-05-23,0150,Terra,MODIS,71,6.2,301.6,22.5,D,0
-21.9491,122.8047,317.4,1.4,1.2,2014-05-23,0150,Terra,MODIS,36,6.2,301.3,10.5,D,0
-37.6958,143.3058,302,1,1,2014-05-23,0429,Aqua,MODIS,50,6.2,288.2,5,D,0
-33.9014,148.2157,306.5,1.8,1.3,2014-05-23,0430,Aqua,MODIS,50,6.2,291.6,12.8,D,0
-33.2009,148.218,312.8,1.9,1.3,2014-05-23,0430,Aqua,MODIS,72,6.2,293.6,22.7,D,0
-34.5685,137.8093,316,1.3,1.1,2014-05-23,0430,Aqua,MODIS,75,6.2,295.5,15.5,D,0
-34.5046,147.0745,327.7,1.5,1.2,2014-05-23,0430,Aqua,MODIS,85,6.2,294.2,40.9,D,0
-34.1957,145.8424,328.8,1.3,1.1,2014-05-23,0430,Aqua,MODIS,85,6.2,297.7,34.3,D,0
-34.5153,147.0775,310.6,1.5,1.2,2014-05-23,0430,Aqua,MODIS,47,6.2,294.9,12.1,D,0
-34.5974,146.0075,319.4,1.3,1.1,2014-05-23,0430,Aqua,MODIS,73,6.2,295.9,18.9,D,0
-34.1193,145.5802,314.3,1.3,1.1,2014-05-23,0430,Aqua,MODIS,40,6.2,296.4,10.2,D,0
-34.2922,145.7571,308,1.3,1.1,2014-05-23,0430,Aqua,MODIS,61,6.2,295.5,5.7,D,0
-34.814,146.8909,369.7,1.4,1.2,2014-05-23,0430,Aqua,MODIS,100,6.2,300.5,190.2,D,0
-34.2427,147.5302,311.4,1.6,1.2,2014-05-23,0430,Aqua,MODIS,70,6.2,293.9,14.9,D,0
-34.7506,147.7305,309.4,1.6,1.2,2014-05-23,0430,Aqua,MODIS,69,6.2,293.7,15.2,D,0
-34.3531,146.1786,314,1.3,1.1,2014-05-23,0430,Aqua,MODIS,71,6.2,296.6,13.3,D,0
-34.8807,146.0432,318.6,1.3,1.1,2014-05-23,0430,Aqua,MODIS,68,6.2,284.6,20.2,D,0
-34.6015,146.0032,322.7,1.3,1.1,2014-05-23,0430,Aqua,MODIS,81,6.2,296.4,24.3,D,0
-33.6025,146.6095,309.3,1.5,1.2,2014-05-23,0430,Aqua,MODIS,61,6.2,296.5,9.2,D,0
-34.2393,147.5476,309.8,1.6,1.2,2014-05-23,0430,Aqua,MODIS,68,6.2,294.3,12.7,D,0
-34.3544,150.5269,311.3,2.4,1.5,2014-05-23,0430,Aqua,MODIS,71,6.2,291.4,36.7,D,0
-34.3608,150.521,308.5,2.4,1.5,2014-05-23,0430,Aqua,MODIS,67,6.2,291,29.5,D,0
-34.3551,150.5476,301.8,2.4,1.5,2014-05-23,0430,Aqua,MODIS,46,6.2,290.9,14.1,D,0
-34.819,146.8814,347.9,1.4,1.2,2014-05-23,0430,Aqua,MODIS,95,6.2,296.8,92.8,D,0
-34.5698,146.5165,313.4,1.4,1.2,2014-05-23,0430,Aqua,MODIS,72,6.2,296.4,13.7,D,0
-34.8161,146.8969,374.6,1.4,1.2,2014-05-23,0430,Aqua,MODIS,100,6.2,299,219.1,D,0
-34.93,146.7897,309.2,1.4,1.2,2014-05-23,0430,Aqua,MODIS,68,6.2,294.2,9.7,D,0
-34.4812,146.3783,312.3,1.4,1.2,2014-05-23,0430,Aqua,MODIS,70,6.2,295.4,13.1,D,0
-34.8169,146.8754,314.7,1.4,1.2,2014-05-23,0430,Aqua,MODIS,75,6.2,295.2,15.4,D,0
-34.1189,145.5713,322.6,1.3,1.1,2014-05-23,0430,Aqua,MODIS,80,6.2,297.6,21.2,D,0
-34.1859,146.137,320.3,1.3,1.1,2014-05-23,0430,Aqua,MODIS,78,6.2,297.3,21.5,D,0
-34.9328,146.7744,308.3,1.4,1.2,2014-05-23,0430,Aqua,MODIS,56,6.2,295.3,8.5,D,0
-34.1885,146.1226,332.7,1.3,1.1,2014-05-23,0430,Aqua,MODIS,87,6.2,298,43.6,D,0
-34.1782,146.1199,311.6,1.3,1.1,2014-05-23,0430,Aqua,MODIS,60,6.2,297.1,9.9,D,0
-34.1932,145.8564,337.1,1.3,1.1,2014-05-23,0430,Aqua,MODIS,90,6.2,298,51.3,D,0
-34.3634,146.1814,315,1.3,1.1,2014-05-23,0430,Aqua,MODIS,73,6.2,296,14.6,D,0
-34.5326,137.6544,337,1.3,1.2,2014-05-23,0430,Aqua,MODIS,85,6.2,290.5,57.6,D,0
-34.8112,146.9064,318.1,1.4,1.2,2014-05-23,0430,Aqua,MODIS,78,6.2,294.1,20.9,D,0
-34.2898,145.7709,321.2,1.3,1.1,2014-05-23,0430,Aqua,MODIS,79,6.2,296,21.4,D,0
-34.1856,145.8398,309.5,1.3,1.1,2014-05-23,0430,Aqua,MODIS,54,6.2,297.3,8.3,D,0
-34.7516,147.7239,309.4,1.6,1.2,2014-05-23,0430,Aqua,MODIS,56,6.2,293.6,13.9,D,0
-34.5076,147.0584,319.3,1.5,1.2,2014-05-23,0430,Aqua,MODIS,79,6.2,295.4,24.8,D,0
-34.7539,147.7132,306.3,1.6,1.2,2014-05-23,0430,Aqua,MODIS,63,6.2,293.1,10.8,D,0
-33.5558,146.9824,307.9,1.5,1.2,2014-05-23,0430,Aqua,MODIS,59,6.2,297.1,7.8,D,0
-33.5449,146.9795,337.2,1.5,1.2,2014-05-23,0430,Aqua,MODIS,90,6.2,297.8,66.1,D,0
-34.5669,137.8239,315.4,1.3,1.1,2014-05-23,0430,Aqua,MODIS,74,6.2,295.4,14.8,D,0
-31.9264,145.8716,310.2,1.4,1.2,2014-05-23,0431,Aqua,MODIS,55,6.2,299.7,8,D,0
-32.6554,146.5203,306.9,1.5,1.2,2014-05-23,0431,Aqua,MODIS,45,6.2,295.5,7.7,D,0
-32.9398,145.7263,309.7,1.3,1.1,2014-05-23,0431,Aqua,MODIS,12,6.2,297.6,7.1,D,0
-30.8771,149.8904,308.4,2.7,1.6,2014-05-23,0431,Aqua,MODIS,47,6.2,293.9,25.1,D,0
-33.3343,138.6613,310.7,1.2,1.1,2014-05-23,0431,Aqua,MODIS,58,6.2,294.4,8,D,0
-31.9329,145.8647,319.8,1.4,1.2,2014-05-23,0431,Aqua,MODIS,75,6.2,299.5,20.9,D,0
-31.9291,145.8567,316.5,1.4,1.2,2014-05-23,0431,Aqua,MODIS,70,6.2,299.5,16.6,D,0
-32.6715,142.7713,318.5,1,1,2014-05-23,0431,Aqua,MODIS,72,6.2,290.5,11,D,0
-32.9448,145.6979,320.2,1.3,1.1,2014-05-23,0431,Aqua,MODIS,76,6.2,298,20.4,D,0
-31.5809,148.9899,306.1,2.3,1.5,2014-05-23,0431,Aqua,MODIS,55,6.2,292.5,16.4,D,0
-32.2923,148.1714,309,1.9,1.4,2014-05-23,0431,Aqua,MODIS,65,6.2,292.9,14.2,D,0
-32.9423,145.7121,321.7,1.3,1.1,2014-05-23,0431,Aqua,MODIS,78,6.2,298,23.1,D,0
-16.1206,136.2097,323.3,1,1,2014-05-23,0435,Aqua,MODIS,56,6.2,308.9,11.9,D,0
-15.5243,143.3489,312.6,2,1.4,2014-05-23,0435,Aqua,MODIS,47,6.2,296.4,14.9,D,0
-17.083,127.6915,338.2,3.9,1.8,2014-05-23,0435,Aqua,MODIS,86,6.2,304.5,227.3,D,0
-17.0498,127.6873,337.2,3.9,1.8,2014-05-23,0435,Aqua,MODIS,84,6.2,303.8,203.6,D,0
-17.1754,127.6723,327,3.9,1.8,2014-05-23,0435,Aqua,MODIS,75,6.2,302.9,121.6,D,0
-17.0414,128.1107,323.7,3.6,1.8,2014-05-23,0435,Aqua,MODIS,69,6.2,302.7,72.6,D,0
-17.1588,127.6702,326.9,3.9,1.8,2014-05-23,0435,Aqua,MODIS,75,6.2,304.5,120.4,D,0
-17.157,127.6246,321.6,3.9,1.8,2014-05-23,0435,Aqua,MODIS,41,6.2,302.6,75.7,D,0
-17.0616,127.6842,348.5,3.9,1.8,2014-05-23,0435,Aqua,MODIS,94,6.2,305.2,349,D,0
-16.9994,127.9656,318.6,3.7,1.8,2014-05-23,0435,Aqua,MODIS,50,6.2,303.2,46.5,D,0
-17.1328,127.6974,322.7,3.9,1.8,2014-05-23,0435,Aqua,MODIS,62,6.2,301.9,80.7,D,0
-17.3149,127.916,320.6,3.8,1.8,2014-05-23,0435,Aqua,MODIS,63,6.2,301.3,67.2,D,0
-17.3081,127.9073,317.5,3.8,1.8,2014-05-23,0435,Aqua,MODIS,50,6.2,301.3,44.2,D,0
-17.0888,127.6995,327.1,3.9,1.8,2014-05-23,0435,Aqua,MODIS,73,6.2,303.6,116.1,D,0
-17.0578,127.7203,348.7,3.9,1.8,2014-05-23,0435,Aqua,MODIS,94,6.2,306,342.3,D,0
-17.0515,128.0093,325.5,3.7,1.8,2014-05-23,0435,Aqua,MODIS,72,6.2,301.7,91.4,D,0
-17.0463,127.7239,337.2,3.9,1.8,2014-05-23,0435,Aqua,MODIS,84,6.2,305.7,197.4,D,0
-16.9254,126.9076,317.8,4.4,1.9,2014-05-23,0435,Aqua,MODIS,50,6.2,304.9,53.4,D,0
-17.0412,127.7187,337,3.9,1.8,2014-05-23,0435,Aqua,MODIS,85,6.2,305.4,198.7,D,0
-17.1624,127.6327,327.1,3.9,1.8,2014-05-23,0435,Aqua,MODIS,75,6.2,302.9,124.3,D,0
-17.0447,128.0778,318.6,3.6,1.8,2014-05-23,0435,Aqua,MODIS,35,6.2,302.5,40.7,D,0
-17.0529,128.0858,326.3,3.6,1.8,2014-05-23,0435,Aqua,MODIS,70,6.2,302.7,92.4,D,0
-16.9898,127.969,318,3.7,1.8,2014-05-23,0435,Aqua,MODIS,48,6.2,303.4,43.4,D,0
-16.7561,128.2639,319.7,3.5,1.8,2014-05-23,0435,Aqua,MODIS,27,6.2,303.9,39,D,0
-17.1421,127.6685,362.5,3.9,1.8,2014-05-23,0435,Aqua,MODIS,100,6.2,305.2,618.8,D,0
-17.0246,127.7172,321.5,3.9,1.8,2014-05-23,0435,Aqua,MODIS,52,6.2,304.1,70.4,D,0
-17.0498,128.1191,320.9,3.6,1.8,2014-05-23,0435,Aqua,MODIS,24,6.2,303.1,53.7,D,0
-17.0664,127.6895,365,3.9,1.8,2014-05-23,0435,Aqua,MODIS,100,6.2,306.1,654.5,D,0
-16.993,127.9346,317.5,3.7,1.8,2014-05-23,0435,Aqua,MODIS,45,6.2,302.8,42,D,0
-17.0297,127.7226,334.8,3.9,1.8,2014-05-23,0435,Aqua,MODIS,84,6.2,304.4,180.1,D,0
-17.0131,127.7208,319.9,3.9,1.8,2014-05-23,0435,Aqua,MODIS,57,6.2,303.4,62.5,D,0
-17.1802,127.6768,327.5,3.9,1.8,2014-05-23,0435,Aqua,MODIS,76,6.2,302.3,130.3,D,0
-17.0629,127.7256,341.5,3.9,1.8,2014-05-23,0435,Aqua,MODIS,89,6.2,305.2,252.4,D,0
-17.1532,127.6621,342,3.9,1.8,2014-05-23,0435,Aqua,MODIS,89,6.2,305.6,276.8,D,0
-17.1366,127.6601,341.6,3.9,1.8,2014-05-23,0435,Aqua,MODIS,89,6.2,303.4,270.4,D,0
-16.0676,127.4481,332.7,3.9,1.8,2014-05-23,0436,Aqua,MODIS,74,6.2,298.4,166.9,D,0
-13.2652,130.5322,340.1,2.1,1.4,2014-05-23,0436,Aqua,MODIS,89,6.2,304.4,99.3,D,0
-14.0727,130.6228,331.4,2.1,1.4,2014-05-23,0436,Aqua,MODIS,82,6.2,304.8,59.9,D,0
-13.2756,130.5531,326.1,2.1,1.4,2014-05-23,0436,Aqua,MODIS,53,6.2,306.3,41.2,D,0
-16.064,127.485,359.4,3.9,1.8,2014-05-23,0436,Aqua,MODIS,99,6.2,304,537.6,D,0
-16.6894,127.4722,317.3,4,1.9,2014-05-23,0436,Aqua,MODIS,47,6.2,302.1,45.1,D,0
-16.197,127.7169,319.8,3.8,1.8,2014-05-23,0436,Aqua,MODIS,36,6.2,304.3,48.6,D,0
-13.2762,130.6439,324.4,2,1.4,2014-05-23,0436,Aqua,MODIS,38,6.2,302,33.3,D,0
-15.9951,127.3872,322.5,4,1.9,2014-05-23,0436,Aqua,MODIS,37,6.2,301.5,72.6,D,0
-16.1819,127.5363,325.1,3.9,1.8,2014-05-23,0436,Aqua,MODIS,72,6.2,302.1,102.2,D,0
-16.0432,127.6977,365.8,3.8,1.8,2014-05-23,0436,Aqua,MODIS,100,6.2,305.2,633.4,D,0
-15.8991,127.6693,322.8,3.8,1.8,2014-05-23,0436,Aqua,MODIS,68,6.2,303.7,70.6,D,0
-16.1454,127.6717,331.3,3.8,1.8,2014-05-23,0436,Aqua,MODIS,80,6.2,304,141.7,D,0
-16.042,127.4726,333.9,3.9,1.8,2014-05-23,0436,Aqua,MODIS,68,6.2,305.1,169,D,0
-15.9646,127.6767,325.1,3.8,1.8,2014-05-23,0436,Aqua,MODIS,72,6.2,303.4,88.9,D,0
-15.981,127.6785,326.4,3.8,1.8,2014-05-23,0436,Aqua,MODIS,62,6.2,302.5,96.2,D,0
-15.9708,127.6815,341.6,3.8,1.8,2014-05-23,0436,Aqua,MODIS,89,6.2,304.1,243.8,D,0
-16.0363,127.6889,332.4,3.8,1.8,2014-05-23,0436,Aqua,MODIS,81,6.2,303.1,149.3,D,0
-16.0527,127.6908,358.4,3.8,1.8,2014-05-23,0436,Aqua,MODIS,99,6.2,304.6,491.8,D,0
-16.0104,127.6945,330.2,3.8,1.8,2014-05-23,0436,Aqua,MODIS,55,6.2,302.3,123.4,D,0
-13.2755,130.5477,325.8,2.1,1.4,2014-05-23,0436,Aqua,MODIS,76,6.2,307,42.3,D,0
-16.0584,127.4765,363.7,3.9,1.8,2014-05-23,0436,Aqua,MODIS,100,6.2,305.5,624,D,0
-15.8102,128.9577,323.7,3,1.6,2014-05-23,0436,Aqua,MODIS,68,6.2,305.3,52.9,D,0
-15.8251,128.959,321.7,3,1.6,2014-05-23,0436,Aqua,MODIS,17,6.2,305.1,37.8,D,0
-15.822,128.987,327.1,3,1.6,2014-05-23,0436,Aqua,MODIS,70,6.2,305.5,66.1,D,0
-15.8093,128.962,324.4,3,1.6,2014-05-23,0436,Aqua,MODIS,40,6.2,305.3,52.6,D,0
-15.8241,128.9639,325.1,3,1.6,2014-05-23,0436,Aqua,MODIS,66,6.2,305.1,57.5,D,0
-15.8212,128.9915,323.8,3,1.6,2014-05-23,0436,Aqua,MODIS,57,6.2,305.4,49.6,D,0
-13.2652,130.5269,337.1,2.1,1.4,2014-05-23,0436,Aqua,MODIS,87,6.2,304.3,87.1,D,0
-16.697,127.439,319.9,4,1.9,2014-05-23,0436,Aqua,MODIS,54,6.2,302.2,60.3,D,0
-16.0509,127.4459,334.9,3.9,1.8,2014-05-23,0436,Aqua,MODIS,83,6.2,302.3,187.3,D,0
-16.0475,127.4817,328.7,3.9,1.8,2014-05-23,0436,Aqua,MODIS,43,6.2,305.2,122,D,0
-16.6933,127.4345,320.4,4,1.9,2014-05-23,0436,Aqua,MODIS,55,6.2,302.4,64.1,D,0
-16.2006,127.682,318.7,3.8,1.8,2014-05-23,0436,Aqua,MODIS,26,6.2,303.1,41.1,D,0
-16.2074,127.69,323.3,3.8,1.8,2014-05-23,0436,Aqua,MODIS,44,6.2,303.4,67.8,D,0
-16.1289,127.6701,334.8,3.8,1.8,2014-05-23,0436,Aqua,MODIS,84,6.2,303.3,170.9,D,0
-16.1183,127.6741,330,3.8,1.8,2014-05-23,0436,Aqua,MODIS,79,6.2,302.9,131.5,D,0
-14.3487,129.8388,318.6,2.4,1.5,2014-05-23,0436,Aqua,MODIS,60,6.2,298.9,34.4,D,0
-14.0703,130.642,323,2.1,1.4,2014-05-23,0436,Aqua,MODIS,64,6.2,304,29.6,D,0
-14.0753,130.6098,322.6,2.1,1.4,2014-05-23,0436,Aqua,MODIS,47,6.2,303.8,28.5,D,0
-14.4048,126.084,314.4,4.7,2,2014-05-23,0436,Aqua,MODIS,48,6.2,300.8,53.3,D,0
-14.4034,126.0918,315.9,4.7,2,2014-05-23,0436,Aqua,MODIS,61,6.2,301,65.7,D,0
-16.1985,127.5378,318.9,3.9,1.8,2014-05-23,0436,Aqua,MODIS,35,6.2,302.3,56.6,D,0
-13.9092,130.47,318,2.2,1.4,2014-05-23,0436,Aqua,MODIS,59,6.2,304.7,20.6,D,0
-16.2281,127.5768,317.2,3.9,1.8,2014-05-23,0436,Aqua,MODIS,32,6.2,302.5,41.8,D,0
-15.9958,127.4288,330.6,3.9,1.8,2014-05-23,0436,Aqua,MODIS,78,6.2,302.7,139,D,0
-14.073,130.63,332.8,2.1,1.4,2014-05-23,0436,Aqua,MODIS,83,6.2,304.5,65.4,D,0
-15.8968,127.5256,321.3,3.9,1.8,2014-05-23,0436,Aqua,MODIS,64,6.2,301.1,66,D,0
-15.9005,127.4884,327.8,3.9,1.8,2014-05-23,0436,Aqua,MODIS,76,6.2,302.1,118.2,D,0
-15.9042,127.4511,329.3,3.9,1.8,2014-05-23,0436,Aqua,MODIS,78,6.2,303.1,127.6,D,0
-15.8908,127.5168,325.3,3.9,1.8,2014-05-23,0436,Aqua,MODIS,73,6.2,301.9,91.6,D,0
-13.8963,130.4685,336.8,2.2,1.4,2014-05-23,0436,Aqua,MODIS,86,6.2,304.3,89.2,D,0
-16.2335,127.6849,327.4,3.8,1.8,2014-05-23,0436,Aqua,MODIS,76,6.2,304.7,104.5,D,0
-15.8948,127.4796,328.1,3.9,1.8,2014-05-23,0436,Aqua,MODIS,77,6.2,302.8,120.7,D,0
-15.8987,127.4424,328.9,3.9,1.8,2014-05-23,0436,Aqua,MODIS,78,6.2,303.4,125.8,D,0
-16.1479,127.7112,319.4,3.8,1.8,2014-05-23,0436,Aqua,MODIS,37,6.2,303.4,47.7,D,0
-16.1417,127.7064,321.2,3.8,1.8,2014-05-23,0436,Aqua,MODIS,46,6.2,303.4,59.8,D,0
-16.0622,127.4392,326.1,3.9,1.8,2014-05-23,0436,Aqua,MODIS,20,6.2,298.7,102,D,0
-16.0491,127.7246,325.5,3.8,1.8,2014-05-23,0436,Aqua,MODIS,67,6.2,302.6,90.1,D,0
-15.8995,127.5922,322.9,3.8,1.8,2014-05-23,0436,Aqua,MODIS,57,6.2,302.3,71.2,D,0
-15.8957,127.6277,323.3,3.8,1.8,2014-05-23,0436,Aqua,MODIS,62,6.2,303.3,73.2,D,0
-15.9673,127.7165,337.6,3.8,1.8,2014-05-23,0436,Aqua,MODIS,86,6.2,304.5,195.9,D,0
-15.9994,127.3916,324.4,4,1.9,2014-05-23,0436,Aqua,MODIS,51,6.2,301.4,87.4,D,0
-15.9772,127.7138,335,3.8,1.8,2014-05-23,0436,Aqua,MODIS,84,6.2,303.8,169.9,D,0
-16.0079,127.4263,325.8,3.9,1.8,2014-05-23,0436,Aqua,MODIS,25,6.2,302.1,92.2,D,0
-15.9024,127.6362,327.2,3.8,1.8,2014-05-23,0436,Aqua,MODIS,75,6.2,303.3,106.9,D,0
-15.9912,127.4243,325.3,3.9,1.8,2014-05-23,0436,Aqua,MODIS,33,6.2,302.7,90.3,D,0
-15.961,127.7109,329.1,3.8,1.8,2014-05-23,0436,Aqua,MODIS,78,6.2,304.2,119,D,0
-16.1513,127.6763,336.6,3.8,1.8,2014-05-23,0436,Aqua,MODIS,85,6.2,304.1,194.6,D,0
-16.1349,127.6741,334.1,3.8,1.8,2014-05-23,0436,Aqua,MODIS,83,6.2,303.4,170.8,D,0
-16.1123,127.6701,325.4,3.8,1.8,2014-05-23,0436,Aqua,MODIS,43,6.2,302.3,86.1,D,0
-12.9389,131.8401,323.7,1.6,1.3,2014-05-23,0436,Aqua,MODIS,33,6.2,305.1,17.3,D,0
-12.6412,132.559,321.8,1.4,1.2,2014-05-23,0436,Aqua,MODIS,68,6.2,301.5,18.5,D,0
-12.9408,131.825,330.7,1.6,1.3,2014-05-23,0436,Aqua,MODIS,77,6.2,304.1,35.7,D,0
-14.3079,141.6087,326.8,1.6,1.2,2014-05-23,0436,Aqua,MODIS,52,6.2,301.1,28,D,0
-13.3245,133.5454,353.8,1.3,1.1,2014-05-23,0436,Aqua,MODIS,97,6.2,304.3,88.9,D,0
-13.7435,133.3837,320.8,1.3,1.1,2014-05-23,0436,Aqua,MODIS,30,6.2,304.6,13.1,D,0
-13.323,133.5571,337.8,1.3,1.1,2014-05-23,0436,Aqua,MODIS,87,6.2,302.6,44.8,D,0
-12.8202,131.4154,333.1,1.8,1.3,2014-05-23,0436,Aqua,MODIS,84,6.2,300.4,54.1,D,0
-12.9411,131.835,328.3,1.6,1.3,2014-05-23,0436,Aqua,MODIS,73,6.2,304,28.8,D,0
-13.7629,133.3804,335.4,1.3,1.1,2014-05-23,0436,Aqua,MODIS,85,6.2,304.3,38.7,D,0
-13.7598,133.4048,330.8,1.3,1.1,2014-05-23,0436,Aqua,MODIS,81,6.2,303,28.9,D,0
-13.7557,133.3547,329.2,1.3,1.1,2014-05-23,0436,Aqua,MODIS,79,6.2,302,28.5,D,0
-12.5594,134.5381,335.2,1.1,1.1,2014-05-23,0436,Aqua,MODIS,86,6.2,301.4,33.9,D,0
-12.9431,131.8198,323.6,1.6,1.3,2014-05-23,0436,Aqua,MODIS,22,6.2,302.4,18.4,D,0
-13.3129,133.5558,314.1,1.3,1.1,2014-05-23,0436,Aqua,MODIS,22,6.2,301.4,5.7,D,0
-14.9324,131.6942,327.4,1.8,1.3,2014-05-23,0436,Aqua,MODIS,76,6.2,305.4,34.4,D,0
-14.9345,131.6774,332.8,1.8,1.3,2014-05-23,0436,Aqua,MODIS,82,6.2,307.4,50.7,D,0
-15.6289,130.1967,318.9,2.4,1.5,2014-05-23,0436,Aqua,MODIS,38,6.2,303.4,19,D,0
-16.29,130.4148,324.1,2.4,1.5,2014-05-23,0436,Aqua,MODIS,57,6.2,303.6,39.5,D,0
-16.2943,130.4087,319.9,2.4,1.5,2014-05-23,0436,Aqua,MODIS,23,6.2,304,24.3,D,0
-12.4391,141.9128,315.3,1.8,1.3,2014-05-23,0436,Aqua,MODIS,52,6.2,294.4,17.6,D,0
-13.7491,131.2742,354.7,1.9,1.3,2014-05-23,0436,Aqua,MODIS,97,6.2,307.8,154.2,D,0
-14.0464,130.9706,351.4,2,1.4,2014-05-23,0436,Aqua,MODIS,95,6.2,306.6,144.1,D,0
-14.06,133.1983,319,1.4,1.2,2014-05-23,0436,Aqua,MODIS,49,6.2,301.6,11.8,D,0
-13.8553,131.1103,332.7,1.9,1.4,2014-05-23,0436,Aqua,MODIS,82,6.2,306.3,58.2,D,0
-13.8276,133.1231,326.1,1.4,1.2,2014-05-23,0436,Aqua,MODIS,68,6.2,305.7,19.4,D,0
-15.6384,135.4419,340.2,1.1,1,2014-05-23,0436,Aqua,MODIS,88,6.2,310.6,34.2,D,0
-13.7069,131.6244,322.2,1.8,1.3,2014-05-23,0436,Aqua,MODIS,55,6.2,307.6,19.3,D,0
-13.8756,130.9486,321.9,2,1.4,2014-05-23,0436,Aqua,MODIS,50,6.2,303.4,25,D,0
-14.0486,130.9523,340.8,2,1.4,2014-05-23,0436,Aqua,MODIS,89,6.2,303.9,90.2,D,0
-13.7512,131.257,339.8,1.9,1.3,2014-05-23,0436,Aqua,MODIS,88,6.2,305.6,81.2,D,0
-13.6663,131.3108,324.3,1.8,1.3,2014-05-23,0436,Aqua,MODIS,72,6.2,307.4,28.3,D,0
-13.2715,130.6813,325,2,1.4,2014-05-23,0436,Aqua,MODIS,40,6.2,302.5,33.3,D,0
-13.619,133.5566,323,1.3,1.1,2014-05-23,0436,Aqua,MODIS,71,6.2,302.8,17.6,D,0
-13.8139,133.1469,323,1.4,1.2,2014-05-23,0436,Aqua,MODIS,20,6.2,304.5,13.8,D,0
-14.1378,131.2775,319.3,1.9,1.3,2014-05-23,0436,Aqua,MODIS,46,6.2,303.3,18.7,D,0
-13.3909,131.2218,329.8,1.9,1.3,2014-05-23,0436,Aqua,MODIS,67,6.2,307.8,43.6,D,0
-13.277,130.6493,331.3,2,1.4,2014-05-23,0436,Aqua,MODIS,81,6.2,302.5,59.3,D,0
-14.0436,130.9633,340.8,2,1.4,2014-05-23,0436,Aqua,MODIS,83,6.2,306.8,87.3,D,0
-14.0285,134.3844,323.7,1.2,1.1,2014-05-23,0436,Aqua,MODIS,60,6.2,303.7,15.4,D,0
-13.8764,130.9743,334.4,2,1.4,2014-05-23,0436,Aqua,MODIS,84,6.2,306.7,67.8,D,0
-13.8786,130.956,336.4,2,1.4,2014-05-23,0436,Aqua,MODIS,86,6.2,304.7,75.7,D,0
-13.9693,132.897,367.5,1.4,1.2,2014-05-23,0436,Aqua,MODIS,100,6.2,308.5,162.1,D,0
-13.2895,130.651,325.6,2,1.4,2014-05-23,0436,Aqua,MODIS,73,6.2,304.1,38.4,D,0
-13.9587,132.8954,331.7,1.4,1.2,2014-05-23,0436,Aqua,MODIS,79,6.2,305.6,33,D,0
-13.2726,130.6868,321.1,2,1.4,2014-05-23,0436,Aqua,MODIS,56,6.2,302.5,25.2,D,0
-13.9159,131.1612,324.3,1.9,1.3,2014-05-23,0436,Aqua,MODIS,33,6.2,305.3,26.4,D,0
-14.0559,130.9649,339.9,2,1.4,2014-05-23,0436,Aqua,MODIS,77,6.2,303.9,82.7,D,0
-13.8733,130.9669,337.8,2,1.4,2014-05-23,0436,Aqua,MODIS,87,6.2,306.7,79.9,D,0
-14.0536,130.9832,327.6,2,1.4,2014-05-23,0436,Aqua,MODIS,19,6.2,300.3,34.4,D,0
-13.0896,132.921,321.7,1.4,1.2,2014-05-23,0436,Aqua,MODIS,61,6.2,304.7,13.2,D,0
-13.0524,132.9097,318.7,1.4,1.2,2014-05-23,0436,Aqua,MODIS,62,6.2,303.6,8.9,D,0
-13.9835,132.8716,334.3,1.4,1.2,2014-05-23,0436,Aqua,MODIS,71,6.2,308.2,34.9,D,0
-13.2748,130.6681,330.9,2,1.4,2014-05-23,0436,Aqua,MODIS,81,6.2,302.5,57.5,D,0
-13.8615,131.1,329.7,1.9,1.4,2014-05-23,0436,Aqua,MODIS,74,6.2,304.4,45.3,D,0
-14.0566,130.9906,324.8,2,1.4,2014-05-23,0436,Aqua,MODIS,59,6.2,297.4,30.4,D,0
-13.8594,131.1178,332,1.9,1.4,2014-05-23,0436,Aqua,MODIS,82,6.2,306.8,54.4,D,0
-12.6037,132.8445,340.5,1.4,1.2,2014-05-23,0436,Aqua,MODIS,89,6.2,303.9,59.1,D,0
-13.2739,130.6626,327.2,2,1.4,2014-05-23,0436,Aqua,MODIS,70,6.2,302.2,42.1,D,0
-13.9728,132.8702,342.5,1.4,1.2,2014-05-23,0436,Aqua,MODIS,90,6.2,305,58.7,D,0
-16.6236,127.2272,330.5,4.2,1.9,2014-05-23,0436,Aqua,MODIS,61,6.2,303,152.7,D,0
-14.9593,127.4,319.2,3.8,1.8,2014-05-23,0436,Aqua,MODIS,65,6.2,302.6,53.9,D,0
-16.003,127.3551,326.9,4,1.9,2014-05-23,0436,Aqua,MODIS,72,6.2,300.7,110.6,D,0
-14.9656,127.43,317.6,3.8,1.8,2014-05-23,0436,Aqua,MODIS,62,6.2,303,45.1,D,0
-14.9693,127.3945,316.8,3.8,1.8,2014-05-23,0436,Aqua,MODIS,60,6.2,302.4,38.6,D,0
-16.3789,127.1867,334.5,4.2,1.9,2014-05-23,0436,Aqua,MODIS,84,6.2,300.3,206.3,D,0
-16.0142,127.2409,321.9,4.1,1.9,2014-05-23,0436,Aqua,MODIS,66,6.2,302.7,83.5,D,0
-16.0157,127.3524,325.4,4,1.9,2014-05-23,0436,Aqua,MODIS,46,6.2,299.8,93.5,D,0
-16.6856,127.51,317.1,4,1.9,2014-05-23,0436,Aqua,MODIS,39,6.2,302.3,38.8,D,0
-16.6731,127.5127,318.8,4,1.9,2014-05-23,0436,Aqua,MODIS,47,6.2,302.5,48.9,D,0
-16.3434,127.3361,320.2,4.1,1.9,2014-05-23,0436,Aqua,MODIS,52,6.2,301.3,71.2,D,0
-16.2918,130.4306,323.4,2.3,1.5,2014-05-23,0436,Aqua,MODIS,54,6.2,304.9,35.9,D,0
-16.4715,127.164,317.7,4.2,1.9,2014-05-23,0436,Aqua,MODIS,20,6.2,301.6,49.6,D,0
-16.4507,127.2011,320.5,4.2,1.9,2014-05-23,0436,Aqua,MODIS,51,6.2,301.8,70.5,D,0
-16.0108,127.2366,319,4.1,1.9,2014-05-23,0436,Aqua,MODIS,50,6.2,302.9,58,D,0
-15.9281,127.3803,320.4,4,1.9,2014-05-23,0436,Aqua,MODIS,51,6.2,302.3,62.7,D,0
-16.4683,127.1559,319,4.2,1.9,2014-05-23,0436,Aqua,MODIS,39,6.2,301.5,59.9,D,0
-16.4473,127.1932,323.6,4.2,1.9,2014-05-23,0436,Aqua,MODIS,70,6.2,301.9,95.4,D,0
-16.4652,127.3531,336.1,4.1,1.9,2014-05-23,0436,Aqua,MODIS,85,6.2,302,213.1,D,0
-16.4696,127.3609,356.8,4.1,1.9,2014-05-23,0436,Aqua,MODIS,98,6.2,303.8,520.7,D,0
-16.4613,127.3903,349.3,4,1.9,2014-05-23,0436,Aqua,MODIS,94,6.2,304.9,378.3,D,0
-16.466,127.398,349.6,4,1.9,2014-05-23,0436,Aqua,MODIS,94,6.2,305.1,385.2,D,0
-16.442,127.4705,328.4,4,1.9,2014-05-23,0436,Aqua,MODIS,48,6.2,304.5,115.2,D,0
-16.4624,127.4349,322.6,4,1.9,2014-05-23,0436,Aqua,MODIS,26,6.2,303.9,70.9,D,0
-13.9896,130.3441,334.5,2.2,1.4,2014-05-23,0436,Aqua,MODIS,84,6.2,304.1,74.3,D,0
-13.992,130.3238,340.2,2.2,1.4,2014-05-23,0436,Aqua,MODIS,89,6.2,303.6,104,D,0
-15.9319,127.3428,319.5,4,1.9,2014-05-23,0436,Aqua,MODIS,39,6.2,302.6,55.8,D,0
-15.9231,127.3714,323.3,4,1.9,2014-05-23,0436,Aqua,MODIS,41,6.2,302.1,79.7,D,0
-16.6369,127.313,329.7,4.1,1.9,2014-05-23,0436,Aqua,MODIS,79,6.2,304,145.1,D,0
-16.3763,127.1821,333.6,4.2,1.9,2014-05-23,0436,Aqua,MODIS,83,6.2,300.2,196.4,D,0
-14.1889,130.9568,388.8,2,1.4,2014-05-23,0436,Aqua,MODIS,100,6.2,303.6,501.7,D,0
-15.939,127.2211,324.1,4.1,1.9,2014-05-23,0436,Aqua,MODIS,53,6.2,302.3,87.1,D,0
-15.1764,126.4428,314.7,4.6,2,2014-05-23,0436,Aqua,MODIS,42,6.2,300.5,51.8,D,0
-16.347,127.341,321.7,4.1,1.9,2014-05-23,0436,Aqua,MODIS,60,6.2,301.5,83.4,D,0
-16.0611,127.2845,318.6,4.1,1.9,2014-05-23,0436,Aqua,MODIS,18,6.2,300.8,54.4,D,0
-16.0572,127.3234,323.4,4,1.9,2014-05-23,0436,Aqua,MODIS,61,6.2,300.9,90.1,D,0
-16.078,127.2862,327.8,4.1,1.9,2014-05-23,0436,Aqua,MODIS,68,6.2,302.5,127,D,0
-15.1895,126.1347,328,4.8,2,2014-05-23,0436,Aqua,MODIS,78,6.2,301.2,190.9,D,0
-15.1867,126.139,328,4.8,2,2014-05-23,0436,Aqua,MODIS,78,6.2,301.3,188,D,0
-16.0655,127.2931,323.2,4.1,1.9,2014-05-23,0436,Aqua,MODIS,40,6.2,301.6,89,D,0
-15.5532,128.822,321.6,3,1.7,2014-05-23,0436,Aqua,MODIS,49,6.2,305.4,39.7,D,0
-15.55,128.8505,321,3,1.7,2014-05-23,0436,Aqua,MODIS,43,6.2,306.1,34.3,D,0
-15.5525,128.8292,325.6,3,1.7,2014-05-23,0436,Aqua,MODIS,65,6.2,305.9,58.5,D,0
-15.943,127.1832,350.4,4.1,1.9,2014-05-23,0436,Aqua,MODIS,95,6.2,304.2,407.8,D,0
-15.9506,127.1535,319.7,4.1,1.9,2014-05-23,0436,Aqua,MODIS,40,6.2,300.8,59.4,D,0
-15.9469,127.1915,361.6,4.1,1.9,2014-05-23,0436,Aqua,MODIS,100,6.2,304.1,624.2,D,0
-13.6089,130.3751,318,2.2,1.4,2014-05-23,0436,Aqua,MODIS,56,6.2,303.1,25.6,D,0
-13.6113,130.3551,320.2,2.2,1.4,2014-05-23,0436,Aqua,MODIS,66,6.2,305,31.8,D,0
-13.7371,131.2727,320.1,1.9,1.3,2014-05-23,0436,Aqua,MODIS,56,6.2,304.9,19.6,D,0
-13.7424,131.2859,323.6,1.9,1.3,2014-05-23,0436,Aqua,MODIS,71,6.2,306.4,27.6,D,0
-13.7446,131.2688,347.3,1.9,1.3,2014-05-23,0436,Aqua,MODIS,93,6.2,307.6,115.5,D,0
-13.7468,131.2515,325.7,1.9,1.3,2014-05-23,0436,Aqua,MODIS,71,6.2,304.7,32.9,D,0
-16.546,127.1364,328.9,4.2,1.9,2014-05-23,0436,Aqua,MODIS,74,6.2,302.6,142,D,0
-16.5741,127.1753,326.9,4.2,1.9,2014-05-23,0436,Aqua,MODIS,52,6.2,302.7,119.6,D,0
-16.5439,127.1314,328.2,4.2,1.9,2014-05-23,0436,Aqua,MODIS,77,6.2,302.5,140.3,D,0
-16.3508,127.3009,320.8,4.1,1.9,2014-05-23,0436,Aqua,MODIS,58,6.2,301.9,76.3,D,0
-16.1947,127.2331,328.9,4.1,1.9,2014-05-23,0436,Aqua,MODIS,78,6.2,303.7,135.9,D,0
-16.174,127.2707,317.1,4.1,1.9,2014-05-23,0436,Aqua,MODIS,43,6.2,302.7,46,D,0
-15.0202,128.5872,322.3,3.1,1.7,2014-05-23,0436,Aqua,MODIS,53,6.2,299.5,59.8,D,0
-15.0218,128.5806,324.9,3.1,1.7,2014-05-23,0436,Aqua,MODIS,74,6.2,299.7,78.6,D,0
-15.9299,127.1896,326.4,4.1,1.9,2014-05-23,0436,Aqua,MODIS,62,6.2,303.7,109.5,D,0
-15.9129,127.1879,323.1,4.1,1.9,2014-05-23,0436,Aqua,MODIS,66,6.2,303,86.8,D,0
-15.926,127.1813,328.2,4.1,1.9,2014-05-23,0436,Aqua,MODIS,71,6.2,303.5,125.6,D,0
-13.8987,130.4485,326.7,2.2,1.4,2014-05-23,0436,Aqua,MODIS,76,6.2,303.2,47.3,D,0
-14.2013,130.9583,334.3,2,1.4,2014-05-23,0436,Aqua,MODIS,84,6.2,298.4,69.1,D,0
-16.6272,127.2342,335,4.2,1.9,2014-05-23,0436,Aqua,MODIS,84,6.2,303.3,210.1,D,0
-16.631,127.194,321,4.2,1.9,2014-05-23,0436,Aqua,MODIS,47,6.2,300.3,78,D,0
-15.2804,126.8384,318.4,4.3,1.9,2014-05-23,0436,Aqua,MODIS,18,6.2,295.9,62.8,D,0
-15.2977,126.8399,326.7,4.3,1.9,2014-05-23,0436,Aqua,MODIS,59,6.2,297.8,130.4,D,0
-15.3149,126.8418,331.6,4.3,1.9,2014-05-23,0436,Aqua,MODIS,71,6.2,298,190.4,D,0
-15.282,126.8425,320.8,4.3,1.9,2014-05-23,0436,Aqua,MODIS,16,6.2,296.2,79.9,D,0
-15.2993,126.844,326.4,4.3,1.9,2014-05-23,0436,Aqua,MODIS,65,6.2,297.5,130.1,D,0
-15.3165,126.8459,333.8,4.3,1.9,2014-05-23,0436,Aqua,MODIS,84,6.2,297.5,216.2,D,0
-14.199,130.9769,327.1,2,1.4,2014-05-23,0436,Aqua,MODIS,77,6.2,296.9,42.8,D,0
-16.3475,127.2965,322.4,4.1,1.9,2014-05-23,0436,Aqua,MODIS,63,6.2,302,86.4,D,0
-16.667,127.3554,321.3,4.1,1.9,2014-05-23,0436,Aqua,MODIS,48,6.2,303,74.8,D,0
-15.1755,126.4475,316.1,4.6,2,2014-05-23,0436,Aqua,MODIS,53,6.2,300.7,62.4,D,0
-15.172,126.4854,315,4.5,2,2014-05-23,0436,Aqua,MODIS,47,6.2,300.3,53.3,D,0
-16.5764,127.1807,323.7,4.2,1.9,2014-05-23,0436,Aqua,MODIS,38,6.2,302.4,93.6,D,0
-14.0026,130.3457,321.7,2.2,1.4,2014-05-23,0436,Aqua,MODIS,61,6.2,303,27.3,D,0
-16.3449,127.4867,341.6,3.9,1.8,2014-05-23,0436,Aqua,MODIS,89,6.2,304.2,258.3,D,0
-16.3363,127.4528,331.3,4,1.9,2014-05-23,0436,Aqua,MODIS,75,6.2,302.1,152,D,0
-16.3328,127.4895,332.4,3.9,1.8,2014-05-23,0436,Aqua,MODIS,76,6.2,303.4,160.2,D,0
-16.353,127.4546,323.8,4,1.9,2014-05-23,0436,Aqua,MODIS,49,6.2,301.1,86.6,D,0
-16.3495,127.4912,336.2,3.9,1.8,2014-05-23,0436,Aqua,MODIS,85,6.2,304.1,203.6,D,0
-16.4033,127.4594,325.1,4,1.9,2014-05-23,0436,Aqua,MODIS,61,6.2,302.6,97.9,D,0
-16.3995,127.4967,328.3,3.9,1.8,2014-05-23,0436,Aqua,MODIS,76,6.2,304.4,122.6,D,0
-16.4369,127.4625,325.8,4,1.9,2014-05-23,0436,Aqua,MODIS,53,6.2,303.9,97.2,D,0
-16.3917,127.4658,321.3,4,1.9,2014-05-23,0436,Aqua,MODIS,33,6.2,302.6,68.5,D,0
-16.4085,127.467,325.3,4,1.9,2014-05-23,0436,Aqua,MODIS,57,6.2,302.9,97.1,D,0
-16.5051,127.5154,316.8,3.9,1.8,2014-05-23,0436,Aqua,MODIS,26,6.2,302.8,39,D,0
-16.1916,127.229,328.1,4.1,1.9,2014-05-23,0436,Aqua,MODIS,77,6.2,303.7,130.9,D,0
-16.1777,127.2314,323,4.1,1.9,2014-05-23,0436,Aqua,MODIS,68,6.2,302.5,91.2,D,0
-16.1706,127.2663,319.1,4.1,1.9,2014-05-23,0436,Aqua,MODIS,58,6.2,302.8,60.7,D,0
-16.1746,127.2274,321.7,4.1,1.9,2014-05-23,0436,Aqua,MODIS,66,6.2,302.2,81.7,D,0
-32.8519,116.4311,301.9,1,1,2014-05-23,0610,Aqua,MODIS,50,6.2,288.9,4.6,D,0
-21.9479,122.8277,347.5,3,1.6,2014-05-23,0612,Aqua,MODIS,81,6.2,305.2,232.1,D,0
-23.9592,124.5063,324.1,3.6,1.8,2014-05-23,0612,Aqua,MODIS,47,6.2,304.1,66.8,D,0
-23.9518,124.5409,326,3.6,1.8,2014-05-23,0612,Aqua,MODIS,56,6.2,305.1,82,D,0
-23.9661,124.513,324.7,3.6,1.8,2014-05-23,0612,Aqua,MODIS,13,6.2,304.3,71.3,D,0
-23.912,124.4942,320.7,3.6,1.8,2014-05-23,0612,Aqua,MODIS,42,6.2,305.1,47.3,D,0
-23.9189,124.488,323,3.6,1.8,2014-05-23,0612,Aqua,MODIS,73,6.2,305.1,65.3,D,0
-20.332,123.9893,334.6,3.9,1.8,2014-05-23,0613,Aqua,MODIS,83,6.2,302.1,179.8,D,0
-20.3956,124.0517,321.2,4,1.9,2014-05-23,0613,Aqua,MODIS,37,6.2,301.4,73.8,D,0
-20.3722,124.1659,352.2,4.1,1.9,2014-05-23,0613,Aqua,MODIS,96,6.2,306.5,423.1,D,0
-20.3988,124.057,322.5,4,1.9,2014-05-23,0613,Aqua,MODIS,48,6.2,301.1,84.9,D,0
-20.3156,123.9854,322.8,3.9,1.8,2014-05-23,0613,Aqua,MODIS,65,6.2,303.8,77.6,D,0
-20.3747,124.171,356.4,4.1,1.9,2014-05-23,0613,Aqua,MODIS,98,6.2,306,502.4,D,0
-20.3374,123.9986,330.9,3.9,1.8,2014-05-23,0613,Aqua,MODIS,76,6.2,300.8,141.2,D,0
-21.184,118.3313,322.2,1.5,1.2,2014-05-23,0613,Aqua,MODIS,64,6.2,308.1,14.2,D,0
-21.1732,118.3292,331.4,1.5,1.2,2014-05-23,0613,Aqua,MODIS,79,6.2,308.8,33.5,D,0
-20.8908,119.6693,321.2,1.9,1.3,2014-05-23,0613,Aqua,MODIS,40,6.2,308.8,14.9,D,0
-23.9697,124.497,303.2,2.2,1.4,2014-05-23,1359,Terra,MODIS,54,6.2,288.7,21,N,0
-16.8555,127.7944,312.6,1.1,1,2014-05-23,1400,Terra,MODIS,53,6.2,294.5,11.6,N,0
-16.8663,127.7855,330.9,1.1,1,2014-05-23,1400,Terra,MODIS,100,6.2,294,33.2,N,0
-16.9936,127.7,321.6,1.1,1.1,2014-05-23,1400,Terra,MODIS,100,6.2,293.8,21,N,0
-17.1263,127.6829,306.5,1.1,1.1,2014-05-23,1400,Terra,MODIS,68,6.2,292.2,8,N,0
-17.0262,127.6725,311,1.1,1.1,2014-05-23,1400,Terra,MODIS,81,6.2,292,11.6,N,0
-16.9922,127.7104,362.1,1.1,1.1,2014-05-23,1400,Terra,MODIS,100,6.2,295.9,106.6,N,0
-17.0017,127.7118,305.1,1.1,1.1,2014-05-23,1400,Terra,MODIS,14,6.2,292.2,6.1,N,0
-16.9884,127.7039,339.4,1.1,1.1,2014-05-23,1400,Terra,MODIS,100,6.2,294.3,49.1,N,0
-16.9898,127.6935,318.9,1.1,1.1,2014-05-23,1400,Terra,MODIS,98,6.2,294.2,18.9,N,0
-16.9912,127.683,308.5,1.1,1.1,2014-05-23,1400,Terra,MODIS,75,6.2,293.6,9.8,N,0
-16.9963,127.6789,313.7,1.1,1.1,2014-05-23,1400,Terra,MODIS,65,6.2,292.9,13,N,0
-20.3122,123.9265,303.8,2.2,1.4,2014-05-23,1400,Terra,MODIS,57,6.2,292.4,18.7,N,0
-16.9003,127.7861,323,1.1,1,2014-05-23,1400,Terra,MODIS,100,6.2,293.7,23.4,N,0
-16.9908,127.721,326.4,1.1,1.1,2014-05-23,1400,Terra,MODIS,100,6.2,294.1,27.8,N,0
-20.31,123.947,309.1,2.2,1.4,2014-05-23,1400,Terra,MODIS,76,6.2,292.8,28.7,N,0
-16.987,127.7144,341.2,1.1,1.1,2014-05-23,1400,Terra,MODIS,100,6.2,292.9,53.2,N,0
-16.8677,127.7751,306.6,1.1,1,2014-05-23,1400,Terra,MODIS,50,6.2,291.2,7.2,N,0
-20.3264,124.1539,304.2,2.1,1.4,2014-05-23,1400,Terra,MODIS,59,6.2,291.6,17.5,N,0
-17.303,127.8058,304.2,1.1,1.1,2014-05-23,1400,Terra,MODIS,59,6.2,292.8,6.1,N,0
-16.8758,127.7869,314.8,1.1,1,2014-05-23,1400,Terra,MODIS,77,6.2,293.5,13.6,N,0
-16.9926,127.6724,305.6,1.1,1.1,2014-05-23,1400,Terra,MODIS,65,6.2,292.2,7.6,N,0
-17.0003,127.7224,310.9,1.1,1.1,2014-05-23,1400,Terra,MODIS,81,6.2,293.7,11.1,N,0
-17.1304,127.6512,305.7,1.1,1.1,2014-05-23,1400,Terra,MODIS,65,6.2,292.5,7.6,N,0
-16.9989,127.7329,313.5,1.1,1.1,2014-05-23,1400,Terra,MODIS,87,6.2,292.9,13,N,0
-16.865,127.7958,310.1,1.1,1,2014-05-23,1400,Terra,MODIS,33,6.2,293.7,9.2,N,0
-20.8682,119.7178,303.1,4.5,2,2014-05-23,1400,Terra,MODIS,53,6.2,292.2,48.7,N,0
-17.067,127.6571,306.6,1.1,1.1,2014-05-23,1400,Terra,MODIS,69,6.2,291.3,8.1,N,0
-17.0684,127.6465,303,1.1,1.1,2014-05-23,1400,Terra,MODIS,51,6.2,291.8,5.6,N,0
-17.0276,127.662,303.7,1.1,1.1,2014-05-23,1400,Terra,MODIS,25,6.2,291.9,6,N,0
-17.0181,127.6605,320.9,1.1,1.1,2014-05-23,1400,Terra,MODIS,100,6.2,291.3,21.4,N,0
-16.1682,127.5194,319.1,1.1,1.1,2014-05-23,1401,Terra,MODIS,98,6.2,294.3,18.1,N,0
-16.0739,127.4679,311.2,1.1,1.1,2014-05-23,1401,Terra,MODIS,82,6.2,292.4,11.3,N,0
-16.1209,127.5123,305.8,1.1,1.1,2014-05-23,1401,Terra,MODIS,65,6.2,292.9,6.5,N,0
-16.1493,127.5166,304.9,1.1,1.1,2014-05-23,1401,Terra,MODIS,42,6.2,293.1,5.5,N,0
-16.1071,127.6887,308.6,1.1,1,2014-05-23,1401,Terra,MODIS,71,6.2,295,7.4,N,0
-16.0515,127.7059,320.3,1.1,1,2014-05-23,1401,Terra,MODIS,100,6.2,295.9,18.5,N,0
-16.0523,127.4113,305.1,1.1,1.1,2014-05-23,1401,Terra,MODIS,17,6.2,293.5,5.4,N,0
-15.8208,128.9796,313.4,1,1,2014-05-23,1401,Terra,MODIS,82,6.2,297.1,8.4,N,0
-16.1597,127.6546,308.7,1.1,1,2014-05-23,1401,Terra,MODIS,33,6.2,294.7,7.7,N,0
-16.1611,127.6444,306.4,1.1,1,2014-05-23,1401,Terra,MODIS,36,6.2,294,6.4,N,0
-16.2033,127.5094,305.9,1.1,1.1,2014-05-23,1401,Terra,MODIS,48,6.2,292.1,6.6,N,0
-16.2019,127.5198,305.4,1.1,1.1,2014-05-23,1401,Terra,MODIS,34,6.2,293.6,6.5,N,0
-15.8822,127.3848,311.7,1.1,1.1,2014-05-23,1401,Terra,MODIS,77,6.2,296.3,11.1,N,0
-16.1914,127.4907,303.6,1.1,1.1,2014-05-23,1401,Terra,MODIS,33,6.2,291.8,5.4,N,0
-14.0753,130.6236,307.1,1.1,1,2014-05-23,1401,Terra,MODIS,70,6.2,296.7,6.4,N,0
-16.1222,127.5019,308.9,1.1,1.1,2014-05-23,1401,Terra,MODIS,71,6.2,292.4,9,N,0
-15.9831,127.7167,307.4,1.1,1,2014-05-23,1401,Terra,MODIS,29,6.2,296.3,6.2,N,0
-16.1058,127.6988,307.8,1.1,1,2014-05-23,1401,Terra,MODIS,73,6.2,295.2,7,N,0
-16.2505,127.59,303.6,1.1,1.1,2014-05-23,1401,Terra,MODIS,51,6.2,293.5,5.6,N,0
-16.036,127.3874,342.6,1.1,1.1,2014-05-23,1401,Terra,MODIS,100,6.2,297.2,55.3,N,0
-15.9005,127.6467,312.3,1.1,1,2014-05-23,1401,Terra,MODIS,84,6.2,296.2,9.7,N,0
-16.0018,127.7195,318.1,1.1,1,2014-05-23,1401,Terra,MODIS,70,6.2,297.1,14.2,N,0
-15.3516,128.9192,306.3,1,1,2014-05-23,1401,Terra,MODIS,68,6.2,294,6.3,N,0
-15.9019,127.6365,311.7,1.1,1,2014-05-23,1401,Terra,MODIS,83,6.2,296.2,9.8,N,0
-15.903,127.589,305.8,1.1,1,2014-05-23,1401,Terra,MODIS,66,6.2,295.1,5.8,N,0
-15.9032,127.6263,306.2,1.1,1,2014-05-23,1401,Terra,MODIS,67,6.2,295.6,5.7,N,0
-16.0347,127.3979,379.2,1.1,1.1,2014-05-23,1401,Terra,MODIS,100,6.2,302.6,177.5,N,0
-16.0806,127.49,303.4,1.1,1.1,2014-05-23,1401,Terra,MODIS,48,6.2,293,5.4,N,0
-16.0725,127.4783,312.2,1.1,1.1,2014-05-23,1401,Terra,MODIS,84,6.2,293.4,11.9,N,0
-15.9582,127.7169,306.2,1.1,1,2014-05-23,1401,Terra,MODIS,67,6.2,295.8,5.5,N,0
-16.0442,127.3994,320.2,1.1,1.1,2014-05-23,1401,Terra,MODIS,100,6.2,296.1,18.9,N,0
-16.0428,127.4099,320.9,1.1,1.1,2014-05-23,1401,Terra,MODIS,100,6.2,296,19.8,N,0
-16.0537,127.4007,304.8,1.1,1.1,2014-05-23,1401,Terra,MODIS,8,6.2,293.5,5.2,N,0
-16.1788,127.695,304,1.1,1,2014-05-23,1401,Terra,MODIS,20,6.2,293.4,4.9,N,0
-14.4846,126.0804,314.6,1.3,1.1,2014-05-23,1401,Terra,MODIS,90,6.2,296.5,15.6,N,0
-15.7738,125.5487,307.5,1.4,1.2,2014-05-23,1401,Terra,MODIS,72,6.2,297,8,N,0
-15.6299,126.2712,305.8,1.3,1.1,2014-05-23,1401,Terra,MODIS,66,6.2,292,8.9,N,0
-15.5186,128.8421,312.6,1,1,2014-05-23,1401,Terra,MODIS,85,6.2,297.1,10,N,0
-16.4712,127.9938,309,1.1,1,2014-05-23,1401,Terra,MODIS,40,6.2,296,6.6,N,0
-16.4898,127.9968,313,1.1,1,2014-05-23,1401,Terra,MODIS,86,6.2,296.7,10.6,N,0
-16.4965,127.9938,312.4,1.1,1,2014-05-23,1401,Terra,MODIS,85,6.2,295.7,10.4,N,0
-16.6459,127.9184,304.9,1.1,1,2014-05-23,1401,Terra,MODIS,62,6.2,293,5.8,N,0
-14.1973,130.9771,304.6,1.1,1,2014-05-23,1401,Terra,MODIS,61,6.2,293.4,5.9,N,0
-16.6445,127.9286,316.8,1.1,1,2014-05-23,1401,Terra,MODIS,94,6.2,294.8,15.8,N,0
-16.4952,128.0037,313.9,1.1,1,2014-05-23,1401,Terra,MODIS,88,6.2,294.7,11.5,N,0
-16.3528,127.3651,304.4,1.1,1.1,2014-05-23,1401,Terra,MODIS,58,6.2,293.2,6.1,N,0
-16.4797,126.9445,309.4,1.2,1.1,2014-05-23,1401,Terra,MODIS,77,6.2,294,10.9,N,0
-16.2996,126.9971,302.7,1.2,1.1,2014-05-23,1401,Terra,MODIS,51,6.2,290.6,5.9,N,0
-16.3109,126.9875,308.2,1.2,1.1,2014-05-23,1401,Terra,MODIS,74,6.2,291.6,10.4,N,0
-16.6055,128.0772,313.2,1.1,1,2014-05-23,1401,Terra,MODIS,87,6.2,295.1,11.9,N,0
-16.3094,126.9986,314.8,1.2,1.1,2014-05-23,1401,Terra,MODIS,90,6.2,292.2,16.6,N,0
-15.1752,126.4854,305.2,1.2,1.1,2014-05-23,1401,Terra,MODIS,27,6.2,292.7,7.5,N,0
-16.4615,126.9307,327.9,1.2,1.1,2014-05-23,1401,Terra,MODIS,100,6.2,294.9,32.2,N,0
-15.6314,126.2593,307.9,1.3,1.1,2014-05-23,1401,Terra,MODIS,73,6.2,292.4,10.8,N,0
-16.4526,127.9911,307.9,1.1,1,2014-05-23,1401,Terra,MODIS,39,6.2,296,6,N,0
-16.5686,127.9529,306.4,1.1,1,2014-05-23,1401,Terra,MODIS,68,6.2,294.4,6.4,N,0
-16.4601,126.9418,324.9,1.2,1.1,2014-05-23,1401,Terra,MODIS,100,6.2,294.8,28.1,N,0
-16.4699,126.9432,311.7,1.2,1.1,2014-05-23,1401,Terra,MODIS,42,6.2,296,12.2,N,0
-16.0635,127.3266,306,1.1,1.1,2014-05-23,1401,Terra,MODIS,67,6.2,295.1,7.5,N,0
-16.4713,126.932,344.5,1.2,1.1,2014-05-23,1401,Terra,MODIS,100,6.2,298.5,65.7,N,0
-16.6279,127.2145,307.1,1.2,1.1,2014-05-23,1401,Terra,MODIS,70,6.2,294.4,8.3,N,0
-16.4727,126.9208,306.9,1.2,1.1,2014-05-23,1401,Terra,MODIS,52,6.2,294.9,7.7,N,0
-16.4529,126.9974,304.8,1.2,1.1,2014-05-23,1401,Terra,MODIS,62,6.2,294.2,7.6,N,0
-12.7587,133.2114,307.5,1.5,1.2,2014-05-23,1401,Terra,MODIS,72,6.2,293.9,11,N,0
-14.0434,131.0078,308.1,1.1,1,2014-05-23,1401,Terra,MODIS,73,6.2,293.5,8.2,N,0
-13.9551,132.8767,310,1.4,1.2,2014-05-23,1401,Terra,MODIS,79,6.2,297.2,11.3,N,0
-13.9674,132.866,320,1.4,1.2,2014-05-23,1401,Terra,MODIS,99,6.2,297.4,23.5,N,0
-13.9571,132.8643,308.3,1.4,1.2,2014-05-23,1401,Terra,MODIS,74,6.2,296.9,9.4,N,0
-14.0197,130.9975,307.4,1.1,1,2014-05-23,1401,Terra,MODIS,71,6.2,293.9,7.8,N,0
-31.059,148.407,303.3,1.1,1,2014-05-23,1531,Aqua,MODIS,55,6.2,282.7,10.4,N,0
-33.2462,115.7462,303.5,1.8,1.3,2014-05-23,1534,Terra,MODIS,55,6.2,285.6,18.4,N,0
-15.1558,126.4969,308.4,1,1,2014-05-23,1705,Aqua,MODIS,75,6.2,292.4,9.4,N,0
-14.7767,125.277,305.8,1,1,2014-05-23,1705,Aqua,MODIS,66,6.2,295.6,4.9,N,0
-14.0599,132.8232,303.1,2.5,1.5,2014-05-23,1705,Aqua,MODIS,53,6.2,292.7,21.5,N,0
-14.7781,125.2862,307.6,1,1,2014-05-23,1705,Aqua,MODIS,72,6.2,296,6,N,0
-16.4766,126.9457,321.5,1.1,1,2014-05-23,1706,Aqua,MODIS,100,6.2,294.5,21,N,0
-16.9904,127.7191,313.3,1.2,1.1,2014-05-23,1706,Aqua,MODIS,87,6.2,292.9,14.9,N,0
-16.2319,126.2477,308.5,1,1,2014-05-23,1706,Aqua,MODIS,75,6.2,293.9,8.6,N,0
-16.8591,127.8084,305.3,1.2,1.1,2014-05-23,1706,Aqua,MODIS,30,6.2,291.3,7.9,N,0
-16.9919,127.7303,308.5,1.2,1.1,2014-05-23,1706,Aqua,MODIS,75,6.2,292.6,11,N,0
-16.8675,127.7955,305.6,1.2,1.1,2014-05-23,1706,Aqua,MODIS,37,6.2,291.3,8,N,0
-16.986,127.6852,309.2,1.2,1.1,2014-05-23,1706,Aqua,MODIS,77,6.2,292.5,11.7,N,0
-16.4644,126.9264,319,1.1,1,2014-05-23,1706,Aqua,MODIS,98,6.2,295.3,18.3,N,0
-16.4474,127.013,315.8,1.1,1,2014-05-23,1706,Aqua,MODIS,92,6.2,293.1,16.2,N,0
-16.119,126.2868,307.1,1,1,2014-05-23,1706,Aqua,MODIS,70,6.2,293.8,7.6,N,0
-16.478,126.956,312.7,1.1,1,2014-05-23,1706,Aqua,MODIS,85,6.2,294.1,13,N,0
-16.2305,126.2381,309.6,1,1,2014-05-23,1706,Aqua,MODIS,78,6.2,294.1,9.3,N,0
-16.4554,127.0013,329.6,1.1,1,2014-05-23,1706,Aqua,MODIS,100,6.2,294.8,33.4,N,0
-16.3262,126.4526,314.6,1.1,1,2014-05-23,1706,Aqua,MODIS,90,6.2,293.1,14.3,N,0
-16.8971,127.7913,303.3,1.2,1.1,2014-05-23,1706,Aqua,MODIS,36,6.2,291.2,6.9,N,0
-16.8982,127.7962,303.5,1.2,1.1,2014-05-23,1706,Aqua,MODIS,38,6.2,291.8,7.1,N,0
-15.0912,125.5981,304.9,1,1,2014-05-23,1706,Aqua,MODIS,62,6.2,294,5.6,N,0
-16.4752,126.9354,332.5,1.1,1,2014-05-23,1706,Aqua,MODIS,100,6.2,295,35.7,N,0
-16.1176,126.2772,311.4,1,1,2014-05-23,1706,Aqua,MODIS,83,6.2,294,10.9,N,0
-16.9875,127.6965,306.9,1.2,1.1,2014-05-23,1706,Aqua,MODIS,70,6.2,292.2,9.5,N,0
-16.4568,127.0116,307.7,1.1,1,2014-05-23,1706,Aqua,MODIS,72,6.2,293.4,9.2,N,0
-16.002,127.7214,308.1,1.2,1.1,2014-05-23,1706,Aqua,MODIS,74,6.2,294.9,9,N,0
-16.1459,127.4991,306.9,1.2,1.1,2014-05-23,1706,Aqua,MODIS,31,6.2,292.3,8.3,N,0
-15.7969,128.9596,307,1.4,1.2,2014-05-23,1706,Aqua,MODIS,39,6.2,295.7,9.3,N,0
-16.1348,127.4898,307.7,1.2,1.1,2014-05-23,1706,Aqua,MODIS,67,6.2,291.1,9.3,N,0
-16.1488,127.5207,303.5,1.2,1.1,2014-05-23,1706,Aqua,MODIS,12,6.2,292.1,5.6,N,0
-15.8108,128.9841,307.5,1.4,1.2,2014-05-23,1706,Aqua,MODIS,36,6.2,295.8,9.4,N,0
-16.0416,127.4009,312.5,1.1,1.1,2014-05-23,1706,Aqua,MODIS,85,6.2,293.9,13.6,N,0
-16.1982,126.0079,308.1,1,1,2014-05-23,1706,Aqua,MODIS,74,6.2,293.4,8.3,N,0
-16.6518,126.0229,307.7,1,1,2014-05-23,1706,Aqua,MODIS,72,6.2,293.6,7.8,N,0
-20.3282,124.1632,328.3,1,1,2014-05-23,1707,Aqua,MODIS,100,6.2,293,27.6,N,0
-20.3254,124.1442,334.8,1,1,2014-05-23,1707,Aqua,MODIS,100,6.2,292,36.5,N,0
-20.3984,124.1364,347.8,1,1,2014-05-23,1707,Aqua,MODIS,100,6.2,292.8,59,N,0
-20.3268,124.1537,397.4,1,1,2014-05-23,1707,Aqua,MODIS,100,6.2,301.7,238.7,N,0
-20.3064,123.9522,303.8,1,1,2014-05-23,1707,Aqua,MODIS,57,6.2,291.2,6.5,N,0
-20.3049,123.9427,306.1,1,1,2014-05-23,1707,Aqua,MODIS,67,6.2,291.8,7.9,N,0
-34.6715,118.3277,300.8,1.1,1,2014-05-23,1711,Aqua,MODIS,34,6.2,282.2,7.9,N,0
-12.4192,141.9235,320.7,1,1,2014-05-24,0051,Terra,MODIS,48,6.2,281.6,14.2,D,0
-12.4345,141.902,323.3,1,1,2014-05-24,0051,Terra,MODIS,69,6.2,285.9,16,D,0
-12.4359,141.9114,320.2,1,1,2014-05-24,0051,Terra,MODIS,41,6.2,287.2,13.1,D,0
-15.4429,141.7541,315.5,1,1,2014-05-24,0052,Terra,MODIS,58,6.2,303,6.2,D,0
-12.7633,133.2228,313,3.7,1.8,2014-05-24,0052,Terra,MODIS,63,6.2,301.8,40.3,D,0
-15.5083,141.6993,318.5,1,1,2014-05-24,0052,Terra,MODIS,58,6.2,303,7.4,D,0
-13.9479,132.8659,314.4,3.7,1.8,2014-05-24,0052,Terra,MODIS,59,6.2,301,40.6,D,0
-13.9576,132.8718,320.2,3.7,1.8,2014-05-24,0052,Terra,MODIS,74,6.2,301.5,74.4,D,0
-16.6446,136.6511,315.5,1.7,1.3,2014-05-24,0053,Terra,MODIS,51,6.2,302.2,10.7,D,0
-30.7597,148.6213,308.3,3.4,1.7,2014-05-24,0056,Terra,MODIS,53,6.2,294.4,22.5,D,0
-30.744,148.6227,310.2,3.4,1.7,2014-05-24,0056,Terra,MODIS,62,6.2,294.8,31.4,D,0
-30.7473,148.5922,311.8,3.4,1.7,2014-05-24,0056,Terra,MODIS,59,6.2,294.6,35.8,D,0
-30.7499,148.6275,313.7,3.4,1.7,2014-05-24,0056,Terra,MODIS,68,6.2,294.9,43.6,D,0
-31.9231,145.8642,307.4,2.3,1.5,2014-05-24,0056,Terra,MODIS,55,6.2,293.6,14.5,D,0
-34.4388,136.0616,319.1,1,1,2014-05-24,0057,Terra,MODIS,78,6.2,295.6,14.4,D,0
-34.4406,136.0728,326.1,1,1,2014-05-24,0057,Terra,MODIS,84,6.2,295.1,22.1,D,0
-34.6234,138.6782,302.7,1,1,2014-05-24,0057,Terra,MODIS,49,6.2,292,3.3,D,0
-14.4743,126.0885,325.6,3.1,1.7,2014-05-24,0230,Terra,MODIS,79,6.2,302,85,D,0
-14.4731,126.0832,325.8,3.1,1.7,2014-05-24,0230,Terra,MODIS,67,6.2,302,85.8,D,0
-14.2897,126.3282,316.8,3.2,1.7,2014-05-24,0230,Terra,MODIS,66,6.2,302.6,35.7,D,0
-14.9999,127.7015,315.3,4.2,1.9,2014-05-24,0230,Terra,MODIS,57,6.2,301.6,43.9,D,0
-14.6986,127.8042,316.8,4.2,1.9,2014-05-24,0230,Terra,MODIS,56,6.2,301.5,42.9,D,0
-14.8578,127.9339,316,4.3,1.9,2014-05-24,0230,Terra,MODIS,58,6.2,300.6,47.5,D,0
-14.8599,127.928,316,4.3,1.9,2014-05-24,0230,Terra,MODIS,59,6.2,300.4,48.5,D,0
-14.5749,127.7764,322.7,4.2,1.9,2014-05-24,0230,Terra,MODIS,62,6.2,301.4,93.3,D,0
-14.572,127.7831,319.5,4.2,1.9,2014-05-24,0230,Terra,MODIS,39,6.2,301.1,67.7,D,0
-14.9201,128.0037,313.6,4.4,1.9,2014-05-24,0230,Terra,MODIS,46,6.2,300.1,39,D,0
-14.505,127.6827,320.9,4.1,1.9,2014-05-24,0230,Terra,MODIS,52,6.2,301.8,73.5,D,0
-14.5094,127.6773,320.4,4.1,1.9,2014-05-24,0230,Terra,MODIS,73,6.2,302,74.2,D,0
-14.386,126.1061,314.6,3.1,1.7,2014-05-24,0230,Terra,MODIS,62,6.2,301.6,26.5,D,0
-14.6413,125.825,312.9,3,1.6,2014-05-24,0230,Terra,MODIS,31,6.2,301.1,21,D,0
-17.132,127.6628,325.6,4.4,1.9,2014-05-24,0231,Terra,MODIS,77,6.2,302.4,130.2,D,0
-16.196,127.4551,352.6,4.1,1.9,2014-05-24,0231,Terra,MODIS,96,6.2,301.3,472.8,D,0
-16.1926,127.4623,348.8,4.1,1.9,2014-05-24,0231,Terra,MODIS,94,6.2,301.2,398.8,D,0
-16.1887,127.4248,323.9,4.1,1.9,2014-05-24,0231,Terra,MODIS,43,6.2,299.6,103.5,D,0
-16.1998,127.4939,323,4.2,1.9,2014-05-24,0231,Terra,MODIS,69,6.2,300.1,100.4,D,0
-16.1487,127.4985,313.6,4.2,1.9,2014-05-24,0231,Terra,MODIS,13,6.2,300,35.7,D,0
-17.0972,127.6663,325.2,4.4,1.9,2014-05-24,0231,Terra,MODIS,71,6.2,301.2,119.9,D,0
-17.1146,127.665,335.2,4.4,1.9,2014-05-24,0231,Terra,MODIS,86,6.2,300.9,230.7,D,0
-16.1317,127.501,327.2,4.2,1.9,2014-05-24,0231,Terra,MODIS,79,6.2,300.5,139.2,D,0
-17.1332,127.6577,322.6,4.4,1.9,2014-05-24,0231,Terra,MODIS,73,6.2,302.2,106.5,D,0
-17.0211,127.646,327.7,4.4,1.9,2014-05-24,0231,Terra,MODIS,63,6.2,301.9,133,D,0
-17.0052,127.643,324.8,4.4,1.9,2014-05-24,0231,Terra,MODIS,63,6.2,301.6,111.5,D,0
-16.2523,127.6443,315.4,4.3,1.9,2014-05-24,0231,Terra,MODIS,19,6.2,301.1,40.7,D,0
-16.2039,127.535,317.4,4.2,1.9,2014-05-24,0231,Terra,MODIS,30,6.2,301,54.8,D,0
-16.1455,127.5058,316.5,4.2,1.9,2014-05-24,0231,Terra,MODIS,55,6.2,299.8,55.9,D,0
-16.1286,127.5083,328.3,4.2,1.9,2014-05-24,0231,Terra,MODIS,80,6.2,301,147.9,D,0
-15.9782,127.4163,319.3,4.1,1.9,2014-05-24,0231,Terra,MODIS,66,6.2,303.4,66.1,D,0
-15.9741,127.4235,318.2,4.1,1.9,2014-05-24,0231,Terra,MODIS,61,6.2,302.8,57.6,D,0
-16.1447,127.6696,316.5,4.3,1.9,2014-05-24,0231,Terra,MODIS,44,6.2,302.4,51.5,D,0
-16.1577,127.6264,338.5,4.3,1.9,2014-05-24,0231,Terra,MODIS,88,6.2,301.8,258.3,D,0
-16.1618,127.6672,327.4,4.3,1.9,2014-05-24,0231,Terra,MODIS,79,6.2,303.4,138.5,D,0
-16.179,127.6652,317.4,4.3,1.9,2014-05-24,0231,Terra,MODIS,56,6.2,302.2,55.7,D,0
-16.1467,127.6623,316.6,4.3,1.9,2014-05-24,0231,Terra,MODIS,41,6.2,302.1,50.6,D,0
-16.1601,127.6194,333.9,4.3,1.9,2014-05-24,0231,Terra,MODIS,85,6.2,301.1,199.8,D,0
-16.1639,127.6598,335.1,4.3,1.9,2014-05-24,0231,Terra,MODIS,86,6.2,303.5,221.2,D,0
-15.886,127.3947,322,4.1,1.9,2014-05-24,0231,Terra,MODIS,41,6.2,303.2,79.7,D,0
-15.8692,127.3972,319.2,4.1,1.9,2014-05-24,0231,Terra,MODIS,22,6.2,301.9,56.9,D,0
-15.865,127.4027,320.1,4.1,1.9,2014-05-24,0231,Terra,MODIS,34,6.2,301.5,62.9,D,0
-15.8728,127.4352,321,4.1,1.9,2014-05-24,0231,Terra,MODIS,45,6.2,302.1,70.2,D,0
-16.2619,127.5623,328.6,4.2,1.9,2014-05-24,0231,Terra,MODIS,80,6.2,300.8,155.7,D,0
-16.2762,127.5661,316.3,4.2,1.9,2014-05-24,0231,Terra,MODIS,17,6.2,298.5,54.9,D,0
-16.2591,127.5683,326,4.2,1.9,2014-05-24,0231,Terra,MODIS,73,6.2,301.3,127.6,D,0
-16.0194,127.6938,316.4,4.3,1.9,2014-05-24,0231,Terra,MODIS,58,6.2,301.8,52.3,D,0
-16.0217,127.687,317.1,4.3,1.9,2014-05-24,0231,Terra,MODIS,62,6.2,301.6,58.6,D,0
-16.0644,127.5567,315.6,4.2,1.9,2014-05-24,0231,Terra,MODIS,22,6.2,302,40,D,0
-16.07,127.4366,325,4.1,1.9,2014-05-24,0231,Terra,MODIS,67,6.2,301.6,105.4,D,0
-16.0454,127.406,330.4,4.1,1.9,2014-05-24,0231,Terra,MODIS,82,6.2,302.2,143.8,D,0
-16.0624,127.4048,340.4,4.1,1.9,2014-05-24,0231,Terra,MODIS,89,6.2,301,265,D,0
-16.0793,127.4033,349.4,4.1,1.9,2014-05-24,0231,Terra,MODIS,95,6.2,300.5,400,D,0
-16.0495,127.4005,345.4,4.1,1.9,2014-05-24,0231,Terra,MODIS,92,6.2,302.2,326.2,D,0
-16.0664,127.3992,338.9,4.1,1.9,2014-05-24,0231,Terra,MODIS,88,6.2,300.6,247.9,D,0
-16.0833,127.3977,327.6,4.1,1.9,2014-05-24,0231,Terra,MODIS,69,6.2,299.3,129,D,0
-16.3937,127.4196,322,4.1,1.9,2014-05-24,0231,Terra,MODIS,67,6.2,300.7,86.7,D,0
-16.0619,126.8528,359.8,3.7,1.8,2014-05-24,0231,Terra,MODIS,99,6.2,300.5,520,D,0
-15.6087,126.2425,314.5,3.3,1.7,2014-05-24,0231,Terra,MODIS,40,6.2,301.7,27.1,D,0
-16.6365,127.1904,325.1,4,1.9,2014-05-24,0231,Terra,MODIS,75,6.2,300.8,103.4,D,0
-16.2428,126.2534,317.7,3.4,1.7,2014-05-24,0231,Terra,MODIS,58,6.2,301.7,39.1,D,0
-16.0206,127.0043,341.7,3.8,1.8,2014-05-24,0231,Terra,MODIS,90,6.2,297.7,265.2,D,0
-16.0168,126.9688,345.2,3.8,1.8,2014-05-24,0231,Terra,MODIS,92,6.2,298.3,303.2,D,0
-16.8438,127.8452,321.5,4.5,2,2014-05-24,0231,Terra,MODIS,73,6.2,300.9,97.9,D,0
-16.6402,127.2268,324,4,1.9,2014-05-24,0231,Terra,MODIS,71,6.2,300.8,94.8,D,0
-16.238,126.2473,321.1,3.4,1.7,2014-05-24,0231,Terra,MODIS,71,6.2,302.2,62.3,D,0
-16.8442,127.84,327.8,4.5,2,2014-05-24,0231,Terra,MODIS,80,6.2,301.1,155,D,0
-16.8395,127.8029,374.5,4.5,1.9,2014-05-24,0231,Terra,MODIS,100,6.2,303.2,1080.9,D,0
-16.7732,127.8592,318.1,4.5,2,2014-05-24,0231,Terra,MODIS,66,6.2,300.8,72.5,D,0
-16.7733,127.852,317.1,4.5,2,2014-05-24,0231,Terra,MODIS,65,6.2,300.8,69.2,D,0
-16.446,127.9946,314.1,4.6,2,2014-05-24,0231,Terra,MODIS,54,6.2,300.9,48.9,D,0
-16.8403,127.7976,368.2,4.5,1.9,2014-05-24,0231,Terra,MODIS,100,6.2,302.9,886.3,D,0
-16.394,127.4641,318.3,4.2,1.9,2014-05-24,0231,Terra,MODIS,65,6.2,302.2,61.6,D,0
-16.8754,127.7942,324.4,4.5,1.9,2014-05-24,0231,Terra,MODIS,76,6.2,302.1,121.8,D,0
-16.8758,127.7867,325.1,4.5,1.9,2014-05-24,0231,Terra,MODIS,57,6.2,302.1,123.6,D,0
-16.6234,127.2284,318.7,4,1.9,2014-05-24,0231,Terra,MODIS,30,6.2,303.2,54.6,D,0
-16.6198,127.1921,321,4,1.9,2014-05-24,0231,Terra,MODIS,57,6.2,302.5,69.9,D,0
-17.096,127.6736,324.8,4.4,1.9,2014-05-24,0231,Terra,MODIS,70,6.2,301.5,116.3,D,0
-17.1135,127.6722,336.5,4.4,1.9,2014-05-24,0231,Terra,MODIS,87,6.2,301.1,239.9,D,0
-16.3902,127.4254,325.6,4.1,1.9,2014-05-24,0231,Terra,MODIS,77,6.2,301,116.9,D,0
-16.546,127.0196,319,3.9,1.8,2014-05-24,0231,Terra,MODIS,49,6.2,301.4,55.4,D,0
-16.539,127.0529,327.3,3.9,1.8,2014-05-24,0231,Terra,MODIS,79,6.2,302.8,115.5,D,0
-15.3408,126.7664,316.1,3.6,1.8,2014-05-24,0231,Terra,MODIS,61,6.2,301.2,46.1,D,0
-16.4632,126.9264,318.5,3.8,1.8,2014-05-24,0231,Terra,MODIS,62,6.2,302.2,55.1,D,0
-16.4759,126.8897,353.6,3.8,1.8,2014-05-24,0231,Terra,MODIS,97,6.2,301.9,423.3,D,0
-15.2716,126.8142,319.7,3.6,1.8,2014-05-24,0231,Terra,MODIS,21,6.2,302.3,51.6,D,0
-16.1739,126.8273,330,3.7,1.8,2014-05-24,0231,Terra,MODIS,82,6.2,301.6,132.9,D,0
-16.1705,126.7921,326.7,3.7,1.8,2014-05-24,0231,Terra,MODIS,79,6.2,301.7,103.3,D,0
-16.1828,126.8324,327.2,3.7,1.8,2014-05-24,0231,Terra,MODIS,79,6.2,301.3,111.2,D,0
-16.179,126.7968,326.2,3.7,1.8,2014-05-24,0231,Terra,MODIS,78,6.2,301.9,101.1,D,0
-16.6445,127.2196,323.9,4,1.9,2014-05-24,0231,Terra,MODIS,54,6.2,300.4,92.5,D,0
-16.0078,127.0413,327.9,3.8,1.8,2014-05-24,0231,Terra,MODIS,79,6.2,301,126.2,D,0
-16.1628,126.7986,323.9,3.7,1.8,2014-05-24,0231,Terra,MODIS,75,6.2,301.4,86.7,D,0
-16.0072,126.9642,375,3.8,1.8,2014-05-24,0231,Terra,MODIS,100,6.2,303.8,851,D,0
-16.237,126.9641,318.7,3.8,1.8,2014-05-24,0231,Terra,MODIS,57,6.2,301.8,56.9,D,0
-15.9766,127.228,333.9,3.9,1.8,2014-05-24,0231,Terra,MODIS,85,6.2,300.7,176.8,D,0
-15.9896,127.1895,320.5,3.9,1.8,2014-05-24,0231,Terra,MODIS,26,6.2,299,56.5,D,0
-15.9933,127.2263,328.8,3.9,1.8,2014-05-24,0231,Terra,MODIS,80,6.2,301.7,127.7,D,0
-16.0062,127.1876,328.5,3.9,1.8,2014-05-24,0231,Terra,MODIS,80,6.2,299.6,120.1,D,0
-16.3973,127.4584,320.1,4.2,1.9,2014-05-24,0231,Terra,MODIS,65,6.2,301.7,73.5,D,0
-16.4796,126.9248,361,3.8,1.8,2014-05-24,0231,Terra,MODIS,100,6.2,303.1,558.6,D,0
-16.4834,126.9613,321.4,3.8,1.8,2014-05-24,0231,Terra,MODIS,68,6.2,302.3,72.6,D,0
-16.0107,127.0001,366,3.8,1.8,2014-05-24,0231,Terra,MODIS,100,6.2,303.1,656.8,D,0
-16.0692,126.8452,331.6,3.7,1.8,2014-05-24,0231,Terra,MODIS,83,6.2,298.7,153.9,D,0
-15.3072,126.8449,328.2,3.6,1.8,2014-05-24,0231,Terra,MODIS,79,6.2,302.3,116,D,0
-16.466,126.8839,333.2,3.8,1.8,2014-05-24,0231,Terra,MODIS,84,6.2,301.9,168.2,D,0
-16.4694,126.9187,344.4,3.8,1.8,2014-05-24,0231,Terra,MODIS,92,6.2,303.7,295.6,D,0
-16.4824,126.8824,321.1,3.8,1.8,2014-05-24,0231,Terra,MODIS,71,6.2,299.5,73.4,D,0
-16.376,127.2305,315,4,1.9,2014-05-24,0231,Terra,MODIS,57,6.2,301.8,38.7,D,0
-16.4858,126.9174,345.6,3.8,1.8,2014-05-24,0231,Terra,MODIS,93,6.2,300.2,311.8,D,0
-15.2946,126.8804,320.2,3.6,1.8,2014-05-24,0231,Terra,MODIS,56,6.2,302.4,60,D,0
-16.3127,126.9855,321.6,3.8,1.8,2014-05-24,0231,Terra,MODIS,58,6.2,301.9,71.3,D,0
-16.1085,126.9114,322.2,3.8,1.8,2014-05-24,0231,Terra,MODIS,63,6.2,300.9,78.4,D,0
-16.0725,126.8796,325.1,3.7,1.8,2014-05-24,0231,Terra,MODIS,72,6.2,299.9,102.3,D,0
-16.1017,126.9189,321,3.8,1.8,2014-05-24,0231,Terra,MODIS,55,6.2,301.3,71.5,D,0
-16.6003,128.1035,313.4,4.7,2,2014-05-24,0231,Terra,MODIS,25,6.2,299.9,38.9,D,0
-16.0413,127.142,323.1,3.9,1.8,2014-05-24,0231,Terra,MODIS,42,6.2,297.1,85.2,D,0
-16.0211,127.1069,333.2,3.9,1.8,2014-05-24,0231,Terra,MODIS,35,6.2,299.3,160.4,D,0
-16.0395,127.1844,327.3,3.9,1.8,2014-05-24,0231,Terra,MODIS,75,6.2,301.1,119.9,D,0
-16.0356,127.1478,332.7,3.9,1.8,2014-05-24,0231,Terra,MODIS,67,6.2,299.2,163.5,D,0
-16.028,127.0745,320.7,3.8,1.8,2014-05-24,0231,Terra,MODIS,42,6.2,297.4,74.3,D,0
-16.4787,127.4111,317.8,4.1,1.9,2014-05-24,0231,Terra,MODIS,30,6.2,303.1,50.9,D,0
-16.4819,127.4038,321.9,4.1,1.9,2014-05-24,0231,Terra,MODIS,67,6.2,302.9,82.4,D,0
-16.0243,127.0392,331.8,3.8,1.8,2014-05-24,0231,Terra,MODIS,83,6.2,298.2,169.2,D,0
-15.2911,126.8465,334.6,3.6,1.8,2014-05-24,0231,Terra,MODIS,85,6.2,303,170.6,D,0
-16.4894,126.9538,325.7,3.8,1.8,2014-05-24,0231,Terra,MODIS,76,6.2,302,100.5,D,0
-16.0142,127.0353,343.4,3.8,1.8,2014-05-24,0231,Terra,MODIS,91,6.2,301.1,284.2,D,0
-16.5355,127.0162,333.4,3.9,1.8,2014-05-24,0231,Terra,MODIS,85,6.2,303.6,173.7,D,0
-16.5333,127.0586,322.1,3.9,1.8,2014-05-24,0231,Terra,MODIS,63,6.2,303,74.4,D,0
-16.9942,127.73,320.5,4.4,1.9,2014-05-24,0231,Terra,MODIS,53,6.2,302.2,80,D,0
-16.2808,127.0667,331.5,3.9,1.8,2014-05-24,0231,Terra,MODIS,83,6.2,301.4,160.2,D,0
-16.0042,127.006,345.3,3.8,1.8,2014-05-24,0231,Terra,MODIS,92,6.2,303.1,304.6,D,0
-15.9967,126.9348,348.2,3.8,1.8,2014-05-24,0231,Terra,MODIS,94,6.2,302.6,336,D,0
-16.0094,126.8986,327.6,3.7,1.8,2014-05-24,0231,Terra,MODIS,46,6.2,299.9,114.5,D,0
-16.0005,126.9703,369.3,3.8,1.8,2014-05-24,0231,Terra,MODIS,100,6.2,305.2,717.7,D,0
-15.0819,125.1916,315.9,2.7,1.6,2014-05-24,0231,Terra,MODIS,0,6.2,301.5,31.3,D,0
-16.2534,126.962,322.8,3.8,1.8,2014-05-24,0231,Terra,MODIS,74,6.2,301.8,81.8,D,0
-16.022,126.8619,333.9,3.7,1.8,2014-05-24,0231,Terra,MODIS,85,6.2,297.6,174.4,D,0
-16.0257,126.8971,324.8,3.7,1.8,2014-05-24,0231,Terra,MODIS,63,6.2,295.5,99,D,0
-16.3026,126.9569,317,3.8,1.8,2014-05-24,0231,Terra,MODIS,42,6.2,302,41.1,D,0
-16.1629,127.1225,316.6,3.9,1.8,2014-05-24,0231,Terra,MODIS,62,6.2,301.7,53.3,D,0
-16.0382,126.8604,339.3,3.7,1.8,2014-05-24,0231,Terra,MODIS,89,6.2,299.4,230.3,D,0
-15.2631,126.8203,316.4,3.6,1.8,2014-05-24,0231,Terra,MODIS,30,6.2,302.6,35.4,D,0
-15.2989,126.8512,350.4,3.6,1.8,2014-05-24,0231,Terra,MODIS,95,6.2,303.5,350.3,D,0
-16.5296,127.0218,334.6,3.9,1.8,2014-05-24,0231,Terra,MODIS,86,6.2,304.6,184.9,D,0
-16.0655,126.8874,327.9,3.7,1.8,2014-05-24,0231,Terra,MODIS,70,6.2,299.8,122,D,0
-16.3228,126.9909,327.2,3.8,1.8,2014-05-24,0231,Terra,MODIS,79,6.2,301.7,112.9,D,0
-16.5874,127.9746,317.2,4.6,2,2014-05-24,0231,Terra,MODIS,58,6.2,300.9,65.5,D,0
-16.587,127.9682,317.8,4.6,2,2014-05-24,0231,Terra,MODIS,65,6.2,300.9,72.1,D,0
-16.591,128.0105,316.4,4.6,2,2014-05-24,0231,Terra,MODIS,41,6.2,300.4,55.7,D,0
-16.0037,126.9287,339.3,3.8,1.8,2014-05-24,0231,Terra,MODIS,87,6.2,300.6,220.9,D,0
-16.0166,126.8926,332.4,3.7,1.8,2014-05-24,0231,Terra,MODIS,68,6.2,297.5,154.2,D,0
-16.2866,127.0597,326.7,3.9,1.8,2014-05-24,0231,Terra,MODIS,72,6.2,300.8,111.4,D,0
-16.0294,126.8556,340.2,3.7,1.8,2014-05-24,0231,Terra,MODIS,89,6.2,298.7,238.5,D,0
-16.0456,126.8542,335.3,3.7,1.8,2014-05-24,0231,Terra,MODIS,86,6.2,299.9,191.2,D,0
-16.3317,127.3524,317.4,4.1,1.9,2014-05-24,0231,Terra,MODIS,59,6.2,301.4,57.4,D,0
-15.7444,125.5719,317.9,2.9,1.6,2014-05-24,0231,Terra,MODIS,53,6.2,301.4,37.1,D,0
-15.7746,125.5628,315.6,2.9,1.6,2014-05-24,0231,Terra,MODIS,58,6.2,301.6,30.8,D,0
-15.7112,125.5521,316.4,2.9,1.6,2014-05-24,0231,Terra,MODIS,59,6.2,301.7,35,D,0
-15.712,125.5468,314.5,2.9,1.6,2014-05-24,0231,Terra,MODIS,32,6.2,301.8,26.6,D,0
-15.1905,125.0986,317.8,2.6,1.6,2014-05-24,0231,Terra,MODIS,55,6.2,301.1,32.5,D,0
-15.181,125.0933,327.8,2.6,1.6,2014-05-24,0231,Terra,MODIS,80,6.2,302.8,77.2,D,0
-20.873,119.7114,326.5,1.3,1.1,2014-05-24,0232,Terra,MODIS,74,6.2,307.7,18,D,0
-20.3285,123.9548,328.7,2.5,1.5,2014-05-24,0232,Terra,MODIS,54,6.2,305.9,57,D,0
-20.3675,124.2031,342.7,2.7,1.6,2014-05-24,0232,Terra,MODIS,90,6.2,306.7,143,D,0
-20.3204,123.9378,326.3,2.5,1.5,2014-05-24,0232,Terra,MODIS,67,6.2,306,46.7,D,0
-20.3342,123.9362,335.5,2.5,1.5,2014-05-24,0232,Terra,MODIS,84,6.2,304,94.4,D,0
-20.3369,123.9607,333.5,2.5,1.5,2014-05-24,0232,Terra,MODIS,68,6.2,305.9,78.4,D,0
-20.3395,123.9853,337.3,2.6,1.5,2014-05-24,0232,Terra,MODIS,82,6.2,306.1,101.2,D,0
-20.326,123.9302,332,2.5,1.5,2014-05-24,0232,Terra,MODIS,81,6.2,305.2,77.1,D,0
-20.3423,123.9531,339.4,2.5,1.5,2014-05-24,0232,Terra,MODIS,87,6.2,304.1,119.7,D,0
-20.3448,123.9778,358.3,2.6,1.5,2014-05-24,0232,Terra,MODIS,99,6.2,306,274.8,D,0
-20.3969,124.072,324.4,2.6,1.6,2014-05-24,0232,Terra,MODIS,68,6.2,303.3,49.6,D,0
-23.9741,124.5137,315.9,3.1,1.7,2014-05-24,0233,Terra,MODIS,44,6.2,301.7,26,D,0
-32.354,151.6347,304.1,1.3,1.1,2014-05-24,0335,Aqua,MODIS,57,6.2,293.9,5.5,D,0
-33.4199,147.5697,334.9,2.3,1.5,2014-05-24,0335,Aqua,MODIS,89,6.2,294.1,107.1,D,0
-33.4219,147.5446,322.3,2.3,1.5,2014-05-24,0335,Aqua,MODIS,42,6.2,289.2,56.9,D,0
-32.0231,148.0729,320.9,2.1,1.4,2014-05-24,0336,Aqua,MODIS,78,6.2,299.4,37,D,0
-28.9608,152.9951,305.9,1,1,2014-05-24,0336,Aqua,MODIS,51,6.2,295.3,4,D,0
-32.0212,148.0948,328.7,2,1.4,2014-05-24,0336,Aqua,MODIS,84,6.2,298.7,62.1,D,0
-31.9336,145.854,309.2,2.9,1.6,2014-05-24,0336,Aqua,MODIS,50,6.2,295.6,21.8,D,0
-28.3121,152.1364,313.7,1.1,1,2014-05-24,0336,Aqua,MODIS,71,6.2,296.7,9.6,D,0
-28.3107,152.1475,317.8,1.1,1,2014-05-24,0336,Aqua,MODIS,76,6.2,296.1,13.5,D,0
-29.1667,150.3786,308.1,1.3,1.2,2014-05-24,0336,Aqua,MODIS,54,6.2,296.4,6.3,D,0
-30.756,148.5981,322.8,1.8,1.3,2014-05-24,0336,Aqua,MODIS,78,6.2,301.1,31.9,D,0
-31.7874,150.5606,318,1.4,1.2,2014-05-24,0336,Aqua,MODIS,77,6.2,291.7,24,D,0
-29.3945,149.1328,312.5,1.6,1.3,2014-05-24,0336,Aqua,MODIS,50,6.2,300.4,8.4,D,0
-30.7493,148.6042,325.3,1.8,1.3,2014-05-24,0336,Aqua,MODIS,81,6.2,301,38.8,D,0
-30.7541,148.6173,316.7,1.8,1.3,2014-05-24,0336,Aqua,MODIS,71,6.2,301.2,17.8,D,0
-30.5894,150.5013,304,1.4,1.2,2014-05-24,0336,Aqua,MODIS,40,6.2,293.4,6.1,D,0
-24.9266,152.3011,313.2,1,1,2014-05-24,0337,Aqua,MODIS,50,6.2,296.2,7.2,D,0
-27.315,151.02,311.3,1.2,1.1,2014-05-24,0337,Aqua,MODIS,63,6.2,297.1,8.9,D,0
-27.0362,152.8456,315.4,1,1,2014-05-24,0337,Aqua,MODIS,72,6.2,296.7,10.7,D,0
-25.7819,152.8117,318.8,1,1,2014-05-24,0337,Aqua,MODIS,49,6.2,295.3,12.4,D,0
-25.7833,152.8016,317.1,1,1,2014-05-24,0337,Aqua,MODIS,46,6.2,296.5,11.3,D,0
-25.7738,152.815,326.8,1,1,2014-05-24,0337,Aqua,MODIS,82,6.2,295.8,21.2,D,0
-25.7751,152.8049,335,1,1,2014-05-24,0337,Aqua,MODIS,88,6.2,297.4,32.9,D,0
-25.7765,152.7949,319.7,1,1,2014-05-24,0337,Aqua,MODIS,76,6.2,296.4,14.5,D,0
-25.7647,152.8135,310.2,1,1,2014-05-24,0337,Aqua,MODIS,46,6.2,295.6,6.4,D,0
-12.4412,141.9086,313.7,3.2,1.7,2014-05-24,0341,Aqua,MODIS,44,6.2,292.6,51.8,D,0
-12.426,141.9067,311.3,3.2,1.7,2014-05-24,0341,Aqua,MODIS,13,6.2,292.8,43.8,D,0
-12.4284,141.8994,316.6,3.2,1.7,2014-05-24,0341,Aqua,MODIS,40,6.2,292.6,66.7,D,0
-35.748,137.4508,303.3,1.6,1.3,2014-05-24,0513,Aqua,MODIS,56,6.2,292.1,7.9,D,0
-35.1022,137.5301,307.5,1.7,1.3,2014-05-24,0513,Aqua,MODIS,48,6.2,294,11.5,D,0
-34.4518,136.0771,314.5,1.5,1.2,2014-05-24,0513,Aqua,MODIS,74,6.2,298.1,14.1,D,0
-34.063,138.4435,301.2,2.1,1.4,2014-05-24,0513,Aqua,MODIS,32,6.2,281.6,9.6,D,0
-33.7395,135.1329,315,1.3,1.1,2014-05-24,0514,Aqua,MODIS,72,6.2,291.8,16.8,D,0
-24.5962,126.3415,319.4,1.1,1.1,2014-05-24,0516,Aqua,MODIS,31,6.2,302.1,10.1,D,0
-23.9869,124.5286,337.2,1.4,1.2,2014-05-24,0517,Aqua,MODIS,86,6.2,309.3,37.8,D,0
-23.9989,124.5168,324.6,1.4,1.2,2014-05-24,0517,Aqua,MODIS,70,6.2,308.9,14.4,D,0
-21.9742,129.3267,324,1,1,2014-05-24,0517,Aqua,MODIS,64,6.2,309.5,7.9,D,0
-23.9931,124.5361,342.7,1.4,1.2,2014-05-24,0517,Aqua,MODIS,90,6.2,308.5,55,D,0
-21.0961,127.6776,330,1,1,2014-05-24,0517,Aqua,MODIS,67,6.2,312.9,12.8,D,0
-23.9973,124.5301,351.1,1.4,1.2,2014-05-24,0517,Aqua,MODIS,95,6.2,308.9,80.1,D,0
-21.0871,127.6761,328.8,1,1,2014-05-24,0517,Aqua,MODIS,51,6.2,314.6,10.4,D,0
-23.9946,124.5228,363.9,1.4,1.2,2014-05-24,0517,Aqua,MODIS,100,6.2,310.8,132.2,D,0
-21.0857,127.6857,335,1,1,2014-05-24,0517,Aqua,MODIS,81,6.2,312.6,18.6,D,0
-23.9885,124.5153,331.5,1.4,1.2,2014-05-24,0517,Aqua,MODIS,80,6.2,309.7,25.3,D,0
-21.5169,118.4663,321.8,3.4,1.7,2014-05-24,0517,Aqua,MODIS,65,6.2,306.5,52.2,D,0
-21.522,118.4597,320.5,3.4,1.7,2014-05-24,0517,Aqua,MODIS,61,6.2,306.3,47.2,D,0
-15.6672,133.2911,322.8,2.3,1.5,2014-05-24,0518,Aqua,MODIS,69,6.2,302.3,37,D,0
-16.6709,126.0206,323.9,1,1,2014-05-24,0518,Aqua,MODIS,45,6.2,308.3,8.3,D,0
-16.6314,126.0371,325.4,1,1,2014-05-24,0518,Aqua,MODIS,63,6.2,312.2,9.7,D,0
-16.3326,130.4194,329.9,1.4,1.2,2014-05-24,0518,Aqua,MODIS,66,6.2,308.7,25.4,D,0
-16.3346,130.4067,327.5,1.4,1.2,2014-05-24,0518,Aqua,MODIS,62,6.2,306.1,21.5,D,0
-16.3242,130.405,326.5,1.4,1.2,2014-05-24,0518,Aqua,MODIS,56,6.2,306.3,19.2,D,0
-20.3895,123.9789,418.3,1.3,1.1,2014-05-24,0518,Aqua,MODIS,100,6.2,322.7,550,D,0
-20.3752,123.9256,349.8,1.3,1.1,2014-05-24,0518,Aqua,MODIS,94,6.2,312.8,68.3,D,0
-20.388,123.9915,474.4,1.3,1.1,2014-05-24,0518,Aqua,MODIS,100,6.2,329.5,1595,D,0
-16.5459,126.9664,330.8,1,1,2014-05-24,0518,Aqua,MODIS,39,6.2,311.6,14.4,D,0
-16.494,126.8752,372.6,1,1,2014-05-24,0518,Aqua,MODIS,100,6.2,314.7,110.6,D,0
-16.4662,127.0045,324.7,1,1,2014-05-24,0518,Aqua,MODIS,33,6.2,311,8.9,D,0
-16.5633,128.2219,335.6,1.1,1,2014-05-24,0518,Aqua,MODIS,64,6.2,309.5,23.7,D,0
-16.6038,128.0772,340.8,1,1,2014-05-24,0518,Aqua,MODIS,87,6.2,309.4,33.7,D,0
-16.6024,128.0869,346.9,1,1,2014-05-24,0518,Aqua,MODIS,92,6.2,309.7,46,D,0
-16.6009,128.0967,324.6,1.1,1,2014-05-24,0518,Aqua,MODIS,57,6.2,308.4,10.9,D,0
-16.9941,127.7402,323.3,1,1,2014-05-24,0518,Aqua,MODIS,26,6.2,308.2,7.5,D,0
-16.9955,127.7307,326,1,1,2014-05-24,0518,Aqua,MODIS,40,6.2,310.5,9.9,D,0
-16.9878,127.7197,331.5,1,1,2014-05-24,0518,Aqua,MODIS,69,6.2,311.1,16.9,D,0
-16.9801,127.7087,334.7,1,1,2014-05-24,0518,Aqua,MODIS,75,6.2,309,21.6,D,0
-16.9816,127.6992,334.7,1,1,2014-05-24,0518,Aqua,MODIS,81,6.2,311.2,22.1,D,0
-16.983,127.6896,332.6,1,1,2014-05-24,0518,Aqua,MODIS,78,6.2,311.1,18.8,D,0
-16.5846,127.1446,325.9,1,1,2014-05-24,0518,Aqua,MODIS,65,6.2,310.3,10.7,D,0
-16.5725,128.2234,325.4,1.1,1,2014-05-24,0518,Aqua,MODIS,34,6.2,308.2,10.3,D,0
-16.5847,128.2052,330.2,1.1,1,2014-05-24,0518,Aqua,MODIS,43,6.2,308.8,15.9,D,0
-20.3556,123.9998,345.3,1.3,1.1,2014-05-24,0518,Aqua,MODIS,71,6.2,311.6,45.4,D,0
-20.3572,123.9871,431.2,1.3,1.1,2014-05-24,0518,Aqua,MODIS,100,6.2,327.4,708.3,D,0
-16.64,128.0691,335.1,1,1,2014-05-24,0518,Aqua,MODIS,82,6.2,306,23.1,D,0
-20.3864,124.0041,338.1,1.3,1.1,2014-05-24,0518,Aqua,MODIS,84,6.2,306.8,40.6,D,0
-16.511,128.0156,335.7,1,1,2014-05-24,0518,Aqua,MODIS,83,6.2,310.2,23.8,D,0
-16.5124,128.0058,339.8,1,1,2014-05-24,0518,Aqua,MODIS,87,6.2,312.1,29.6,D,0
-16.4954,126.8659,353.8,1,1,2014-05-24,0518,Aqua,MODIS,96,6.2,312,57.3,D,0
-20.3587,123.9746,349.5,1.3,1.1,2014-05-24,0518,Aqua,MODIS,93,6.2,315.6,55.8,D,0
-16.5062,127.985,326.6,1,1,2014-05-24,0518,Aqua,MODIS,60,6.2,308.6,12.2,D,0
-16.4797,127.4842,324.1,1,1,2014-05-24,0518,Aqua,MODIS,54,6.2,310.6,7.2,D,0
-16.5832,127.154,323.2,1,1,2014-05-24,0518,Aqua,MODIS,42,6.2,310.9,7.2,D,0
-16.3747,127.4414,334.7,1,1,2014-05-24,0518,Aqua,MODIS,77,6.2,311.3,20,D,0
-16.485,128.0013,340.3,1,1,2014-05-24,0518,Aqua,MODIS,87,6.2,309.2,31.6,D,0
-16.4864,127.9915,328.6,1,1,2014-05-24,0518,Aqua,MODIS,42,6.2,308.6,13.4,D,0
-20.3618,123.9494,336.1,1.3,1.1,2014-05-24,0518,Aqua,MODIS,70,6.2,311.3,21,D,0
-20.3438,124.0109,344.4,1.3,1.1,2014-05-24,0518,Aqua,MODIS,88,6.2,312.1,47.5,D,0
-20.3615,124.202,345.2,1.3,1.1,2014-05-24,0518,Aqua,MODIS,90,6.2,312.3,49.2,D,0
-20.3833,124.1927,334.6,1.3,1.1,2014-05-24,0518,Aqua,MODIS,16,6.2,311.6,21.5,D,0
-16.3852,127.4334,338.4,1,1,2014-05-24,0518,Aqua,MODIS,85,6.2,310.7,24.6,D,0
-16.5832,128.215,342.4,1.1,1,2014-05-24,0518,Aqua,MODIS,89,6.2,309.6,36,D,0
-16.3901,127.2165,326.5,1,1,2014-05-24,0518,Aqua,MODIS,71,6.2,309.5,11.2,D,0
-16.4675,126.9951,325.6,1,1,2014-05-24,0518,Aqua,MODIS,67,6.2,310.9,10.5,D,0
-16.3888,127.2259,321.2,1,1,2014-05-24,0518,Aqua,MODIS,25,6.2,307.9,5.7,D,0
-17.0457,128.0703,321.5,1,1,2014-05-24,0518,Aqua,MODIS,48,6.2,308.4,7,D,0
-16.5983,128.1772,328.6,1.1,1,2014-05-24,0518,Aqua,MODIS,73,6.2,307.8,15.3,D,0
-16.3838,127.4428,327.8,1,1,2014-05-24,0518,Aqua,MODIS,11,6.2,312.4,9.3,D,0
-16.4019,127.4457,340.6,1,1,2014-05-24,0518,Aqua,MODIS,87,6.2,312,27.9,D,0
-16.5969,128.187,335.8,1.1,1,2014-05-24,0518,Aqua,MODIS,83,6.2,308.1,26.2,D,0
-20.3832,124.1867,342.4,1.3,1.1,2014-05-24,0518,Aqua,MODIS,88,6.2,312.1,39.6,D,0
-16.9247,127.7715,322.7,1,1,2014-05-24,0518,Aqua,MODIS,22,6.2,308.7,7.2,D,0
-16.5954,128.1969,325.1,1.1,1,2014-05-24,0518,Aqua,MODIS,66,6.2,307.2,10.5,D,0
-16.8807,127.7545,335.1,1,1,2014-05-24,0518,Aqua,MODIS,76,6.2,309.4,22.2,D,0
-16.5939,128.2067,341.3,1.1,1,2014-05-24,0518,Aqua,MODIS,88,6.2,308.5,34.4,D,0
-16.3702,127.2903,363.7,1,1,2014-05-24,0518,Aqua,MODIS,100,6.2,315.3,83.6,D,0
-16.6358,127.1679,343.2,1,1,2014-05-24,0518,Aqua,MODIS,89,6.2,312.3,34.2,D,0
-16.4109,127.4472,341.2,1,1,2014-05-24,0518,Aqua,MODIS,88,6.2,311.3,29.8,D,0
-16.6301,126.0465,334.2,1,1,2014-05-24,0518,Aqua,MODIS,82,6.2,310.3,21.1,D,0
-16.6497,127.1989,351.6,1,1,2014-05-24,0518,Aqua,MODIS,95,6.2,310.6,50.6,D,0
-16.3716,127.2809,347.9,1,1,2014-05-24,0518,Aqua,MODIS,93,6.2,310.6,45.1,D,0
-16.6483,127.2082,347.9,1,1,2014-05-24,0518,Aqua,MODIS,93,6.2,311.2,43.3,D,0
-16.647,127.2176,332.4,1,1,2014-05-24,0518,Aqua,MODIS,76,6.2,308.5,17.7,D,0
-16.3724,127.3386,325.7,1,1,2014-05-24,0518,Aqua,MODIS,30,6.2,308.8,8,D,0
-16.9022,127.7972,328.8,1,1,2014-05-24,0518,Aqua,MODIS,55,6.2,308.5,13.1,D,0
-16.56,126.2181,322.9,1,1,2014-05-24,0518,Aqua,MODIS,48,6.2,309.9,7.6,D,0
-17.0578,128.0524,329.1,1,1,2014-05-24,0518,Aqua,MODIS,74,6.2,307.7,16.7,D,0
-17.0563,128.0621,325.1,1,1,2014-05-24,0518,Aqua,MODIS,65,6.2,309.2,11.7,D,0
-16.9142,127.7796,345.3,1,1,2014-05-24,0518,Aqua,MODIS,91,6.2,310.9,39.6,D,0
-17.1265,127.6503,330.3,1,1,2014-05-24,0518,Aqua,MODIS,38,6.2,309.6,14.4,D,0
-16.7658,128.0366,339.4,1,1,2014-05-24,0518,Aqua,MODIS,86,6.2,310.4,28.8,D,0
-20.3469,123.9857,336.4,1.3,1.1,2014-05-24,0518,Aqua,MODIS,43,6.2,311.6,21.8,D,0
-20.35,123.9606,366.2,1.3,1.1,2014-05-24,0518,Aqua,MODIS,100,6.2,314.1,122.8,D,0
-20.3516,123.948,383.4,1.3,1.1,2014-05-24,0518,Aqua,MODIS,100,6.2,317.6,217.1,D,0
-20.3336,124.0094,345.8,1.3,1.1,2014-05-24,0518,Aqua,MODIS,91,6.2,314.4,50.2,D,0
-20.3397,123.9591,371.3,1.3,1.1,2014-05-24,0518,Aqua,MODIS,100,6.2,313.9,147.2,D,0
-20.3413,123.9465,381.3,1.3,1.1,2014-05-24,0518,Aqua,MODIS,100,6.2,319.4,204.5,D,0
-16.4689,126.9858,325.8,1,1,2014-05-24,0518,Aqua,MODIS,69,6.2,309.1,10.9,D,0
-16.4864,126.8645,344.5,1,1,2014-05-24,0518,Aqua,MODIS,90,6.2,310.3,38.2,D,0
-20.3234,124.008,341.2,1.3,1.1,2014-05-24,0518,Aqua,MODIS,85,6.2,313.3,36.6,D,0
-20.3295,123.9576,357.5,1.3,1.1,2014-05-24,0518,Aqua,MODIS,98,6.2,315.3,85.8,D,0
-16.4604,126.9176,325.5,1,1,2014-05-24,0518,Aqua,MODIS,54,6.2,310.8,9.3,D,0
-16.49,126.9032,337.2,1,1,2014-05-24,0518,Aqua,MODIS,78,6.2,310.5,23.7,D,0
-20.4046,123.9425,351.4,1.3,1.1,2014-05-24,0518,Aqua,MODIS,95,6.2,301.9,79.4,D,0
-20.331,123.9451,363.1,1.3,1.1,2014-05-24,0518,Aqua,MODIS,100,6.2,316.9,109.1,D,0
-16.4887,126.9125,367.7,1,1,2014-05-24,0518,Aqua,MODIS,100,6.2,313,94.1,D,0
-20.3982,123.9929,339.1,1.3,1.1,2014-05-24,0518,Aqua,MODIS,75,6.2,303.3,44.9,D,0
-20.3128,123.9498,334.3,1.3,1.1,2014-05-24,0518,Aqua,MODIS,65,6.2,313.5,24.7,D,0
-17.0952,127.6744,332.1,1,1,2014-05-24,0518,Aqua,MODIS,52,6.2,311.8,14.9,D,0
-17.0882,127.7221,332.5,1,1,2014-05-24,0518,Aqua,MODIS,79,6.2,310.1,19,D,0
-16.7673,128.0268,337.8,1,1,2014-05-24,0518,Aqua,MODIS,85,6.2,309.5,26.9,D,0
-17.0867,127.7316,332.5,1,1,2014-05-24,0518,Aqua,MODIS,79,6.2,308.2,19.5,D,0
-17.1147,127.6679,360.5,1,1,2014-05-24,0518,Aqua,MODIS,100,6.2,312.2,72.6,D,0
-16.6229,127.3195,325.3,1,1,2014-05-24,0518,Aqua,MODIS,68,6.2,309.7,9.1,D,0
-16.4966,127.9238,342,1,1,2014-05-24,0518,Aqua,MODIS,88,6.2,308.8,36.8,D,0
-16.5415,127.378,331.1,1,1,2014-05-24,0518,Aqua,MODIS,65,6.2,310.3,15.9,D,0
-16.7552,128.0449,328.5,1,1,2014-05-24,0518,Aqua,MODIS,44,6.2,309.5,12.2,D,0
-16.7567,128.0351,343.2,1,1,2014-05-24,0518,Aqua,MODIS,89,6.2,310.9,36.5,D,0
-16.498,127.9141,334.5,1,1,2014-05-24,0518,Aqua,MODIS,81,6.2,308.5,24.4,D,0
-16.4153,128.2968,320.4,1.1,1,2014-05-24,0518,Aqua,MODIS,36,6.2,308.4,6.1,D,0
-16.6415,128.0593,360.7,1,1,2014-05-24,0518,Aqua,MODIS,100,6.2,307.4,79.9,D,0
-16.5324,127.3765,326.7,1,1,2014-05-24,0518,Aqua,MODIS,45,6.2,310.3,10.2,D,0
-16.643,128.0496,327.1,1,1,2014-05-24,0518,Aqua,MODIS,56,6.2,305.4,13.8,D,0
-16.6342,128.0623,352.6,1,1,2014-05-24,0518,Aqua,MODIS,96,6.2,309.6,59.1,D,0
-16.6357,128.0526,340.7,1,1,2014-05-24,0518,Aqua,MODIS,87,6.2,309,34.6,D,0
-16.6251,128.0607,324,1,1,2014-05-24,0518,Aqua,MODIS,63,6.2,307.5,10.2,D,0
-16.746,128.0434,335.3,1,1,2014-05-24,0518,Aqua,MODIS,82,6.2,310.7,22.8,D,0
-16.6265,128.0511,326.8,1,1,2014-05-24,0518,Aqua,MODIS,69,6.2,306.4,13.9,D,0
-16.638,127.9733,322.5,1,1,2014-05-24,0518,Aqua,MODIS,52,6.2,308.2,7.6,D,0
-16.6395,127.9636,323.4,1,1,2014-05-24,0518,Aqua,MODIS,54,6.2,307.1,8.4,D,0
-16.5477,128.0214,328,1,1,2014-05-24,0518,Aqua,MODIS,63,6.2,310.8,12.8,D,0
-16.5201,128.0171,323.9,1,1,2014-05-24,0518,Aqua,MODIS,41,6.2,310.6,8,D,0
-16.4963,127.3708,330,1,1,2014-05-24,0518,Aqua,MODIS,46,6.2,311.2,12.4,D,0
-16.4977,127.3614,334.1,1,1,2014-05-24,0518,Aqua,MODIS,79,6.2,311,19.9,D,0
-16.7508,128.0741,326.8,1,1,2014-05-24,0518,Aqua,MODIS,27,6.2,309.8,10.5,D,0
-16.4991,127.352,328.1,1,1,2014-05-24,0518,Aqua,MODIS,50,6.2,308.2,13.1,D,0
-16.6615,127.8779,324.7,1,1,2014-05-24,0518,Aqua,MODIS,66,6.2,307.8,11.1,D,0
-16.7086,127.8617,323.7,1,1,2014-05-24,0518,Aqua,MODIS,62,6.2,309,10.5,D,0
-16.7234,127.8246,325.8,1,1,2014-05-24,0518,Aqua,MODIS,68,6.2,309.5,13.3,D,0
-17.1612,126.6511,322.9,1,1,2014-05-24,0518,Aqua,MODIS,49,6.2,311.1,6.4,D,0
-17.1625,126.6417,326.9,1,1,2014-05-24,0518,Aqua,MODIS,70,6.2,311.4,10.2,D,0
-16.7047,127.9502,325.7,1,1,2014-05-24,0518,Aqua,MODIS,66,6.2,309.1,10.8,D,0
-16.4873,127.3694,338.9,1,1,2014-05-24,0518,Aqua,MODIS,80,6.2,312.2,24.6,D,0
-16.4887,127.3599,369.3,1,1,2014-05-24,0518,Aqua,MODIS,100,6.2,314,99.5,D,0
-16.4914,127.3411,324.5,1,1,2014-05-24,0518,Aqua,MODIS,59,6.2,307.1,10.2,D,0
-17.1238,127.6693,328.1,1,1,2014-05-24,0518,Aqua,MODIS,49,6.2,310,10.7,D,0
-17.3742,124.1076,320,1.2,1.1,2014-05-24,0518,Aqua,MODIS,43,6.2,307.4,7.7,D,0
-16.4783,127.3679,339.3,1,1,2014-05-24,0518,Aqua,MODIS,75,6.2,310.7,25.7,D,0
-16.4873,126.9219,331.4,1,1,2014-05-24,0518,Aqua,MODIS,78,6.2,309.9,16.6,D,0
-16.7952,128.0914,327.1,1,1,2014-05-24,0518,Aqua,MODIS,70,6.2,308.9,12,D,0
-16.5356,126.9743,349.3,1,1,2014-05-24,0518,Aqua,MODIS,94,6.2,311.6,44.6,D,0
-16.5343,126.9836,344.1,1,1,2014-05-24,0518,Aqua,MODIS,90,6.2,311.1,33,D,0
-16.5329,126.993,341.9,1,1,2014-05-24,0518,Aqua,MODIS,88,6.2,311.5,29.7,D,0
-17.1847,127.6957,323.2,1,1,2014-05-24,0518,Aqua,MODIS,59,6.2,308.5,9,D,0
-16.6942,127.9584,322.4,1,1,2014-05-24,0518,Aqua,MODIS,21,6.2,308.9,7.2,D,0
-16.5576,126.9491,329.7,1,1,2014-05-24,0518,Aqua,MODIS,44,6.2,307.4,14.9,D,0
-16.8914,128.1224,322.8,1,1,2014-05-24,0518,Aqua,MODIS,26,6.2,309.2,7.3,D,0
-16.5666,126.9505,353.8,1,1,2014-05-24,0518,Aqua,MODIS,96,6.2,309,58.1,D,0
-16.5653,126.9599,349.6,1,1,2014-05-24,0518,Aqua,MODIS,94,6.2,310.5,47.8,D,0
-16.8653,128.1083,325.3,1,1,2014-05-24,0518,Aqua,MODIS,23,6.2,309,9.7,D,0
-16.5612,126.9878,369.2,1,1,2014-05-24,0518,Aqua,MODIS,100,6.2,313.2,97.3,D,0
-16.669,128.0638,321.5,1,1,2014-05-24,0518,Aqua,MODIS,34,6.2,306.9,6.8,D,0
-16.3688,127.2997,344.1,1,1,2014-05-24,0518,Aqua,MODIS,90,6.2,313.2,36.2,D,0
-17.0405,127.9799,326.2,1,1,2014-05-24,0518,Aqua,MODIS,68,6.2,308.7,13.9,D,0
-16.8716,127.753,327.8,1,1,2014-05-24,0518,Aqua,MODIS,55,6.2,307.1,13.4,D,0
-16.8702,127.7626,359,1,1,2014-05-24,0518,Aqua,MODIS,99,6.2,310.7,72.2,D,0
-16.8561,128.1068,327.5,1,1,2014-05-24,0518,Aqua,MODIS,37,6.2,309.6,11.8,D,0
-16.8687,127.7722,331.4,1,1,2014-05-24,0518,Aqua,MODIS,67,6.2,309.4,16.6,D,0
-17.1637,128.0265,320.6,1,1,2014-05-24,0518,Aqua,MODIS,44,6.2,308.6,5.9,D,0
-17.042,127.9702,320.4,1,1,2014-05-24,0518,Aqua,MODIS,34,6.2,307.1,7.5,D,0
-16.6452,127.9249,325,1,1,2014-05-24,0518,Aqua,MODIS,58,6.2,310.2,10.3,D,0
-16.5599,126.9972,336.7,1,1,2014-05-24,0518,Aqua,MODIS,70,6.2,309.9,22,D,0
-16.7627,127.8114,325.7,1,1,2014-05-24,0518,Aqua,MODIS,67,6.2,308.3,11.3,D,0
-16.4451,128.328,324,1.1,1,2014-05-24,0518,Aqua,MODIS,41,6.2,310.1,8.2,D,0
-16.7612,127.821,330,1,1,2014-05-24,0518,Aqua,MODIS,75,6.2,309.5,17.3,D,0
-16.4281,128.315,333.7,1.1,1,2014-05-24,0518,Aqua,MODIS,75,6.2,310.3,20.7,D,0
-16.4486,128.0096,327.2,1,1,2014-05-24,0518,Aqua,MODIS,68,6.2,310.9,11.5,D,0
-16.787,127.832,330.4,1,1,2014-05-24,0518,Aqua,MODIS,76,6.2,310,17.9,D,0
-16.9471,128.1186,333.2,1,1,2014-05-24,0518,Aqua,MODIS,78,6.2,309.6,20.1,D,0
-16.7856,127.8416,334.1,1,1,2014-05-24,0518,Aqua,MODIS,81,6.2,311,23,D,0
-16.7842,127.8512,325.2,1,1,2014-05-24,0518,Aqua,MODIS,66,6.2,309.2,11.4,D,0
-16.4203,128.3034,331.5,1.1,1,2014-05-24,0518,Aqua,MODIS,72,6.2,309.7,18.6,D,0
-16.6475,127.8459,334.4,1,1,2014-05-24,0518,Aqua,MODIS,81,6.2,307.3,24.6,D,0
-16.8459,127.8121,328.7,1,1,2014-05-24,0518,Aqua,MODIS,47,6.2,311.4,12.8,D,0
-16.9485,128.1087,327.8,1,1,2014-05-24,0518,Aqua,MODIS,41,6.2,308.6,12.9,D,0
-16.9104,128.1124,334.9,1,1,2014-05-24,0518,Aqua,MODIS,81,6.2,309.2,24.5,D,0
-16.6667,127.5264,327.4,1,1,2014-05-24,0518,Aqua,MODIS,72,6.2,310,12.5,D,0
-16.9823,128.1343,340.8,1,1,2014-05-24,0518,Aqua,MODIS,87,6.2,310.1,32.5,D,0
-16.4501,127.9998,328.5,1,1,2014-05-24,0518,Aqua,MODIS,60,6.2,310.7,12.4,D,0
-16.9761,128.1132,354.5,1,1,2014-05-24,0518,Aqua,MODIS,97,6.2,310.8,61.7,D,0
-16.9838,128.1245,328.1,1,1,2014-05-24,0518,Aqua,MODIS,44,6.2,308.6,12.9,D,0
-16.8841,127.7943,343.9,1,1,2014-05-24,0518,Aqua,MODIS,90,6.2,311.8,35.2,D,0
-16.8826,127.8039,339.9,1,1,2014-05-24,0518,Aqua,MODIS,86,6.2,309.8,28.5,D,0
-16.9702,128.1524,333.7,1,1,2014-05-24,0518,Aqua,MODIS,80,6.2,310.8,21.2,D,0
-16.4985,128.2249,342.2,1.1,1,2014-05-24,0518,Aqua,MODIS,69,6.2,310.3,32.6,D,0
-16.5,128.215,343,1.1,1,2014-05-24,0518,Aqua,MODIS,89,6.2,312.3,36.8,D,0
-16.4816,128.212,327.1,1.1,1,2014-05-24,0518,Aqua,MODIS,69,6.2,310.1,11.9,D,0
-16.4539,128.2074,329.8,1.1,1,2014-05-24,0518,Aqua,MODIS,75,6.2,311.2,15.7,D,0
-16.4554,128.1975,328.7,1.1,1,2014-05-24,0518,Aqua,MODIS,73,6.2,309.4,14.6,D,0
-16.5048,128.2461,342.3,1.1,1,2014-05-24,0518,Aqua,MODIS,75,6.2,310,35.4,D,0
-16.5063,128.2363,366.5,1.1,1,2014-05-24,0518,Aqua,MODIS,100,6.2,313.5,97.2,D,0
-16.4941,128.2545,326.4,1.1,1,2014-05-24,0518,Aqua,MODIS,24,6.2,309.3,12.6,D,0
-16.4971,128.2348,347.9,1.1,1,2014-05-24,0518,Aqua,MODIS,88,6.2,313.6,44.5,D,0
-16.4138,128.3069,322,1.1,1,2014-05-24,0518,Aqua,MODIS,54,6.2,309.4,7.2,D,0
-16.3803,128.0889,323.4,1.1,1,2014-05-24,0518,Aqua,MODIS,27,6.2,309,7.3,D,0
-16.3789,128.0986,323.7,1.1,1,2014-05-24,0518,Aqua,MODIS,34,6.2,309.5,7.6,D,0
-16.3895,128.0903,339.3,1.1,1,2014-05-24,0518,Aqua,MODIS,86,6.2,310,29.6,D,0
-16.4234,128.1157,323.7,1.1,1,2014-05-24,0518,Aqua,MODIS,53,6.2,310.3,8.7,D,0
-16.3667,128.1168,349.3,1.1,1,2014-05-24,0518,Aqua,MODIS,94,6.2,311.8,49.3,D,0
-16.3682,128.107,327.5,1.1,1,2014-05-24,0518,Aqua,MODIS,40,6.2,308.9,11.3,D,0
-20.3777,123.9901,417.7,1.3,1.1,2014-05-24,0518,Aqua,MODIS,100,6.2,321.7,534.8,D,0
-20.3761,124.0027,359.9,1.3,1.1,2014-05-24,0518,Aqua,MODIS,99,6.2,309.8,105.5,D,0
-20.3793,123.9775,378.2,1.3,1.1,2014-05-24,0518,Aqua,MODIS,100,6.2,315.9,193.1,D,0
-20.3943,123.9411,347.5,1.3,1.1,2014-05-24,0518,Aqua,MODIS,86,6.2,307.9,63.9,D,0
-20.384,123.9398,359.9,1.3,1.1,2014-05-24,0518,Aqua,MODIS,99,6.2,310.9,101.6,D,0
-16.4967,126.8566,342,1,1,2014-05-24,0518,Aqua,MODIS,89,6.2,308.7,35.1,D,0
-19.6705,127.6148,328.9,1,1,2014-05-24,0518,Aqua,MODIS,70,6.2,310.9,11.9,D,0
-20.3855,123.927,403.2,1.3,1.1,2014-05-24,0518,Aqua,MODIS,100,6.2,315.3,390,D,0
-20.3659,124.0012,343.7,1.3,1.1,2014-05-24,0518,Aqua,MODIS,79,6.2,309,46.3,D,0
-20.3674,123.9886,411.7,1.3,1.1,2014-05-24,0518,Aqua,MODIS,100,6.2,322.6,461.1,D,0
-20.369,123.976,362.3,1.3,1.1,2014-05-24,0518,Aqua,MODIS,100,6.2,314.8,103.3,D,0
-16.5526,128.2301,342.1,1.1,1,2014-05-24,0518,Aqua,MODIS,88,6.2,309.9,35,D,0
-17.0031,127.7417,332.9,1,1,2014-05-24,0518,Aqua,MODIS,75,6.2,309.6,18.3,D,0
-16.5434,128.2285,344.9,1.1,1,2014-05-24,0518,Aqua,MODIS,91,6.2,311.1,41.2,D,0
-16.5199,127.0196,342.1,1,1,2014-05-24,0518,Aqua,MODIS,89,6.2,313.7,31.2,D,0
-16.3305,130.4322,325.7,1.4,1.2,2014-05-24,0518,Aqua,MODIS,43,6.2,309.3,17.3,D,0
-16.0639,135.4288,316.8,3.2,1.7,2014-05-24,0518,Aqua,MODIS,24,6.2,301.4,31.7,D,0
-16.4088,127.3985,328,1,1,2014-05-24,0518,Aqua,MODIS,72,6.2,308.1,14,D,0
-17.1252,127.6598,331.4,1,1,2014-05-24,0518,Aqua,MODIS,42,6.2,310.5,14.6,D,0
-16.3478,128.1273,326,1.1,1,2014-05-24,0518,Aqua,MODIS,62,6.2,309.7,10.4,D,0
-16.4297,128.1369,343.3,1.1,1,2014-05-24,0518,Aqua,MODIS,89,6.2,309.8,38.3,D,0
-17.0095,127.6356,332,1,1,2014-05-24,0518,Aqua,MODIS,78,6.2,309.4,19.8,D,0
-16.4282,128.1467,357,1.1,1,2014-05-24,0518,Aqua,MODIS,98,6.2,311.5,70.7,D,0
-16.4268,128.1565,338.1,1.1,1,2014-05-24,0518,Aqua,MODIS,85,6.2,311.3,29.8,D,0
-16.9017,127.7383,364.2,1,1,2014-05-24,0518,Aqua,MODIS,100,6.2,311,89.5,D,0
-17.3661,122.5765,320,1.5,1.2,2014-05-24,0518,Aqua,MODIS,62,6.2,305.8,15.7,D,0
-17.0785,127.662,324.8,1,1,2014-05-24,0518,Aqua,MODIS,40,6.2,310.6,5.5,D,0
-16.422,128.1254,324.5,1.1,1,2014-05-24,0518,Aqua,MODIS,54,6.2,311.2,9.3,D,0
-17.0875,127.6634,332.5,1,1,2014-05-24,0518,Aqua,MODIS,78,6.2,309.2,15.8,D,0
-16.406,127.4174,331.9,1,1,2014-05-24,0518,Aqua,MODIS,60,6.2,310.2,16.2,D,0
-16.4205,128.1353,344.7,1.1,1,2014-05-24,0518,Aqua,MODIS,90,6.2,311.5,41.4,D,0
-16.9003,127.7478,332.4,1,1,2014-05-24,0518,Aqua,MODIS,52,6.2,309.3,18.7,D,0
-16.419,128.1451,326.1,1.1,1,2014-05-24,0518,Aqua,MODIS,69,6.2,309.7,11.4,D,0
-17.098,127.6554,331.4,1,1,2014-05-24,0518,Aqua,MODIS,31,6.2,309.8,13.1,D,0
-16.4074,127.408,338.5,1,1,2014-05-24,0518,Aqua,MODIS,86,6.2,309.6,27.4,D,0
-17.0889,127.6539,327.1,1,1,2014-05-24,0518,Aqua,MODIS,69,6.2,310.5,9.1,D,0
-16.2759,128.1661,332.3,1.1,1,2014-05-24,0518,Aqua,MODIS,79,6.2,309.9,20.2,D,0
-17.0966,127.6649,333.2,1,1,2014-05-24,0518,Aqua,MODIS,65,6.2,310.7,15.8,D,0
-16.3907,127.3956,350.3,1,1,2014-05-24,0518,Aqua,MODIS,94,6.2,308.9,50.7,D,0
-16.3098,128.1918,325.8,1.1,1,2014-05-24,0518,Aqua,MODIS,68,6.2,309.4,10.9,D,0
-16.3113,128.1819,328.9,1.1,1,2014-05-24,0518,Aqua,MODIS,74,6.2,310.1,14.9,D,0
-16.9976,127.6532,338.9,1,1,2014-05-24,0518,Aqua,MODIS,74,6.2,308.8,27.3,D,0
-16.2744,128.176,325.9,1.1,1,2014-05-24,0518,Aqua,MODIS,68,6.2,308.9,11.5,D,0
-16.2925,128.1184,326.1,1.1,1,2014-05-24,0518,Aqua,MODIS,24,6.2,309.6,10.6,D,0
-16.8912,127.7464,335.8,1,1,2014-05-24,0518,Aqua,MODIS,76,6.2,309,24.3,D,0
-16.8821,127.7449,355.1,1,1,2014-05-24,0518,Aqua,MODIS,97,6.2,308.7,62.2,D,0
-16.3894,127.405,359.6,1,1,2014-05-24,0518,Aqua,MODIS,99,6.2,310.9,72.1,D,0
-16.291,128.1281,329.4,1.1,1,2014-05-24,0518,Aqua,MODIS,44,6.2,310.3,14.4,D,0
-16.3202,128.1227,331.4,1.1,1,2014-05-24,0518,Aqua,MODIS,55,6.2,310.6,16.6,D,0
-16.9031,127.7287,323,1,1,2014-05-24,0518,Aqua,MODIS,58,6.2,305.8,10.9,D,0
-16.3386,128.1258,323.6,1.1,1,2014-05-24,0518,Aqua,MODIS,35,6.2,309.4,7.4,D,0
-16.3998,127.397,335.2,1,1,2014-05-24,0518,Aqua,MODIS,83,6.2,310.6,23.7,D,0
-16.3017,128.1198,345,1.1,1,2014-05-24,0518,Aqua,MODIS,91,6.2,312.3,40.1,D,0
-15.6708,133.2703,319.7,2.3,1.5,2014-05-24,0518,Aqua,MODIS,61,6.2,301.1,27.4,D,0
-14.3167,132.8156,318.4,2.2,1.4,2014-05-24,0519,Aqua,MODIS,50,6.2,305.3,17.4,D,0
-14.3131,132.836,324.9,2.2,1.4,2014-05-24,0519,Aqua,MODIS,73,6.2,305.6,39.7,D,0
-13.7383,131.8275,333.9,1.9,1.3,2014-05-24,0519,Aqua,MODIS,84,6.2,305.8,60.6,D,0
-13.4742,131.1423,325.6,1.7,1.3,2014-05-24,0519,Aqua,MODIS,48,6.2,306.9,26.5,D,0
-13.6961,133.2263,316.7,2.4,1.5,2014-05-24,0519,Aqua,MODIS,52,6.2,301.9,21.8,D,0
-13.7428,131.8396,327.9,1.9,1.4,2014-05-24,0519,Aqua,MODIS,56,6.2,304.9,36.6,D,0
-14.1341,131.1898,319.3,1.7,1.3,2014-05-24,0519,Aqua,MODIS,57,6.2,306.7,13.2,D,0
-14.1095,130.7203,321.4,1.6,1.2,2014-05-24,0519,Aqua,MODIS,65,6.2,306.5,16,D,0
-13.3011,133.2749,335.6,2.5,1.5,2014-05-24,0519,Aqua,MODIS,86,6.2,303.5,97.5,D,0
-13.7457,131.822,322.7,1.9,1.3,2014-05-24,0519,Aqua,MODIS,52,6.2,303.9,24.3,D,0
-13.7186,131.8355,336.7,1.9,1.4,2014-05-24,0519,Aqua,MODIS,77,6.2,307.7,66.5,D,0
-13.7215,131.8179,331.9,1.9,1.3,2014-05-24,0519,Aqua,MODIS,60,6.2,306.5,49.9,D,0
-13.7538,131.2593,321.6,1.7,1.3,2014-05-24,0519,Aqua,MODIS,30,6.2,308.7,16.9,D,0
-13.7511,131.2751,322.2,1.7,1.3,2014-05-24,0519,Aqua,MODIS,60,6.2,308.7,18.5,D,0
-13.1234,133.2706,331.6,2.5,1.5,2014-05-24,0519,Aqua,MODIS,82,6.2,305.1,75,D,0
-13.8819,130.9796,327.9,1.6,1.3,2014-05-24,0519,Aqua,MODIS,44,6.2,309,26.6,D,0
-14.1994,130.9367,327.5,1.6,1.2,2014-05-24,0519,Aqua,MODIS,66,6.2,307.8,27,D,0
-14.508,132.9275,324.5,2.2,1.4,2014-05-24,0519,Aqua,MODIS,72,6.2,306,35.5,D,0
-14.521,132.93,324.6,2.2,1.4,2014-05-24,0519,Aqua,MODIS,53,6.2,306.9,35.3,D,0
-13.7485,131.2911,320.4,1.7,1.3,2014-05-24,0519,Aqua,MODIS,22,6.2,307.6,14.3,D,0
-13.7065,131.8335,326.7,1.9,1.4,2014-05-24,0519,Aqua,MODIS,77,6.2,307.1,35.8,D,0
-13.7351,132.2184,324.9,2,1.4,2014-05-24,0519,Aqua,MODIS,75,6.2,307.3,32.7,D,0
-13.764,133.2916,321.6,2.5,1.5,2014-05-24,0519,Aqua,MODIS,66,6.2,302,42.3,D,0
-13.7702,133.2976,316.3,2.5,1.5,2014-05-24,0519,Aqua,MODIS,30,6.2,302.2,22.7,D,0
-14.0622,130.931,323.6,1.6,1.3,2014-05-24,0519,Aqua,MODIS,31,6.2,306.8,18.1,D,0
-13.6,133.5402,318.2,2.6,1.5,2014-05-24,0519,Aqua,MODIS,63,6.2,301.9,34.8,D,0
-13.0791,132.9144,317.3,2.4,1.5,2014-05-24,0519,Aqua,MODIS,48,6.2,306.1,18.5,D,0
-14.0477,131.0208,329.3,1.6,1.3,2014-05-24,0519,Aqua,MODIS,67,6.2,306.6,32.1,D,0
-14.0492,131.0125,330,1.6,1.3,2014-05-24,0519,Aqua,MODIS,73,6.2,308.7,31.9,D,0
-14.063,132.8336,323.6,2.2,1.5,2014-05-24,0519,Aqua,MODIS,63,6.2,307.8,24.8,D,0
-14.0594,132.8541,330.8,2.3,1.5,2014-05-24,0519,Aqua,MODIS,81,6.2,307.8,52.3,D,0
-14.0759,132.836,323.4,2.2,1.5,2014-05-24,0519,Aqua,MODIS,64,6.2,306.4,25.5,D,0
-14.0724,132.8564,338.5,2.3,1.5,2014-05-24,0519,Aqua,MODIS,87,6.2,306.9,90.1,D,0
-13.7402,130.7144,321.2,1.6,1.2,2014-05-24,0519,Aqua,MODIS,62,6.2,308.7,15,D,0
-13.0161,132.7266,317.3,2.3,1.5,2014-05-24,0519,Aqua,MODIS,57,6.2,305.8,20.3,D,0
-13.8809,130.9861,326,1.6,1.3,2014-05-24,0519,Aqua,MODIS,47,6.2,308.3,24.8,D,0
-13.0336,132.8602,319.9,2.4,1.5,2014-05-24,0519,Aqua,MODIS,67,6.2,305.7,28.4,D,0
-13.6944,131.8312,326.6,1.9,1.4,2014-05-24,0519,Aqua,MODIS,42,6.2,306.3,33.2,D,0
-13.6702,131.8269,322.2,1.9,1.4,2014-05-24,0519,Aqua,MODIS,70,6.2,306,25,D,0
-13.1098,133.2679,324.6,2.5,1.5,2014-05-24,0519,Aqua,MODIS,75,6.2,304.5,46.2,D,0
-14.1073,130.7339,328.4,1.6,1.2,2014-05-24,0519,Aqua,MODIS,77,6.2,306.3,30.3,D,0
-13.8931,132.2213,322.4,2,1.4,2014-05-24,0519,Aqua,MODIS,49,6.2,306.7,22.5,D,0
-14.1062,130.7272,326.3,1.6,1.2,2014-05-24,0519,Aqua,MODIS,74,6.2,306.6,23.9,D,0
-14.137,131.0433,321.9,1.6,1.3,2014-05-24,0519,Aqua,MODIS,53,6.2,308.4,16.1,D,0
-14.1345,131.0483,324.5,1.6,1.3,2014-05-24,0519,Aqua,MODIS,62,6.2,307.7,22.2,D,0
-13.9016,131.9169,321.1,1.9,1.4,2014-05-24,0519,Aqua,MODIS,48,6.2,308.7,15.6,D,0
-13.7565,131.8672,357,1.9,1.4,2014-05-24,0519,Aqua,MODIS,98,6.2,309.7,164.8,D,0
-13.4631,131.7424,324.7,1.9,1.3,2014-05-24,0519,Aqua,MODIS,41,6.2,309.2,24,D,0
-13.9263,133.0182,320.7,2.3,1.5,2014-05-24,0519,Aqua,MODIS,54,6.2,305.7,24,D,0
-13.2321,132.313,318.4,2.1,1.4,2014-05-24,0519,Aqua,MODIS,45,6.2,306.9,18.2,D,0
-14.0575,133.181,325.8,2.4,1.5,2014-05-24,0519,Aqua,MODIS,75,6.2,304.7,50.2,D,0
-14.0538,133.2026,320.5,2.4,1.5,2014-05-24,0519,Aqua,MODIS,66,6.2,305.2,30.3,D,0
-14.0531,133.1876,321.1,2.4,1.5,2014-05-24,0519,Aqua,MODIS,68,6.2,305.1,32.3,D,0
-14.0664,133.1902,326.3,2.4,1.5,2014-05-24,0519,Aqua,MODIS,76,6.2,304.1,52.2,D,0
-13.3075,133.2688,334.3,2.5,1.5,2014-05-24,0519,Aqua,MODIS,85,6.2,304.3,93.5,D,0
-13.3187,133.2545,329.2,2.5,1.5,2014-05-24,0519,Aqua,MODIS,80,6.2,303.5,67.6,D,0
-13.3283,133.2796,323.3,2.5,1.5,2014-05-24,0519,Aqua,MODIS,73,6.2,303.6,43.6,D,0
-13.3147,133.2773,339.2,2.5,1.5,2014-05-24,0519,Aqua,MODIS,88,6.2,304.6,120.9,D,0
-14.0617,130.9379,328.1,1.6,1.3,2014-05-24,0519,Aqua,MODIS,61,6.2,307.9,28,D,0
-14.1257,131.0413,324.7,1.6,1.3,2014-05-24,0519,Aqua,MODIS,72,6.2,307.2,22.5,D,0
-13.9753,133.257,320.3,2.4,1.5,2014-05-24,0519,Aqua,MODIS,66,6.2,304.5,30.4,D,0
-13.6644,131.3199,324.2,1.8,1.3,2014-05-24,0519,Aqua,MODIS,66,6.2,309.4,24.2,D,0
-14.0598,130.9459,324,1.6,1.3,2014-05-24,0519,Aqua,MODIS,37,6.2,308.9,17,D,0
-14.2367,134.2894,333,2.9,1.6,2014-05-24,0519,Aqua,MODIS,80,6.2,302.5,111.4,D,0
-13.802,131.8934,321,1.9,1.4,2014-05-24,0519,Aqua,MODIS,36,6.2,306.5,17.8,D,0
-13.7899,131.8913,332.4,1.9,1.4,2014-05-24,0519,Aqua,MODIS,64,6.2,307.6,48.9,D,0
-13.7656,131.887,344.1,1.9,1.4,2014-05-24,0519,Aqua,MODIS,91,6.2,309.8,94.2,D,0
-13.7535,131.8849,354.8,1.9,1.4,2014-05-24,0519,Aqua,MODIS,97,6.2,311.3,154.7,D,0
-13.9374,132.1964,327.5,2,1.4,2014-05-24,0519,Aqua,MODIS,77,6.2,308.5,32.4,D,0
-13.9334,132.2096,326.3,2,1.4,2014-05-24,0519,Aqua,MODIS,75,6.2,309.8,30.9,D,0
-13.9365,132.1911,328.6,2,1.4,2014-05-24,0519,Aqua,MODIS,79,6.2,308.1,35.6,D,0
-14.1503,131.6453,323.1,1.8,1.3,2014-05-24,0519,Aqua,MODIS,64,6.2,306.7,23.1,D,0
-13.2194,132.3107,317,2.1,1.4,2014-05-24,0519,Aqua,MODIS,46,6.2,305.7,16.8,D,0
-13.3596,132.2633,323.5,2.1,1.4,2014-05-24,0519,Aqua,MODIS,71,6.2,308.9,31.3,D,0
-13.347,132.2611,326.1,2.1,1.4,2014-05-24,0519,Aqua,MODIS,77,6.2,309.4,40.3,D,0
-13.3344,132.2588,345.7,2.1,1.4,2014-05-24,0519,Aqua,MODIS,92,6.2,309.4,125.3,D,0
-13.3376,132.2396,359.4,2.1,1.4,2014-05-24,0519,Aqua,MODIS,99,6.2,309.9,216.3,D,0
-13.8682,131.8926,322.9,1.9,1.4,2014-05-24,0519,Aqua,MODIS,70,6.2,306.7,22.7,D,0
-13.447,131.3024,319.5,1.8,1.3,2014-05-24,0519,Aqua,MODIS,50,6.2,307.7,13.7,D,0
-13.2897,130.6562,324.1,1.6,1.2,2014-05-24,0519,Aqua,MODIS,60,6.2,309.7,19.3,D,0
-13.291,130.6507,326.1,1.6,1.2,2014-05-24,0519,Aqua,MODIS,56,6.2,309,22.3,D,0
-13.477,131.136,321.4,1.7,1.3,2014-05-24,0519,Aqua,MODIS,45,6.2,306.1,17.2,D,0
-13.7262,131.8256,335.5,1.9,1.3,2014-05-24,0519,Aqua,MODIS,84,6.2,306.8,64,D,0
-14.3145,132.8287,326.5,2.2,1.4,2014-05-24,0519,Aqua,MODIS,75,6.2,305.8,41.6,D,0
-13.4744,131.1519,324.3,1.7,1.3,2014-05-24,0519,Aqua,MODIS,63,6.2,308.5,23.8,D,0
-12.7051,132.7108,327,2.3,1.5,2014-05-24,0519,Aqua,MODIS,66,6.2,303.1,49.4,D,0
-13.7348,133.3802,332.7,2.5,1.5,2014-05-24,0519,Aqua,MODIS,83,6.2,304.2,91,D,0
-13.1054,133.4605,330.2,2.6,1.6,2014-05-24,0519,Aqua,MODIS,81,6.2,301.7,79.4,D,0
-13.7308,133.3608,320.9,2.5,1.5,2014-05-24,0519,Aqua,MODIS,67,6.2,302,41,D,0
-13.0694,133.5032,326.7,2.6,1.6,2014-05-24,0519,Aqua,MODIS,62,6.2,302.4,58.5,D,0
-13.7757,133.3455,316.7,2.5,1.5,2014-05-24,0519,Aqua,MODIS,41,6.2,302.7,22.6,D,0
-13.2025,133.4359,321.2,2.6,1.5,2014-05-24,0519,Aqua,MODIS,32,6.2,302.4,35.5,D,0
-13.2625,133.4113,326.7,2.6,1.5,2014-05-24,0519,Aqua,MODIS,50,6.2,302.8,55.9,D,0
-13.1013,133.4843,334,2.6,1.6,2014-05-24,0519,Aqua,MODIS,85,6.2,303.3,99.6,D,0
-13.125,133.4709,330.8,2.6,1.6,2014-05-24,0519,Aqua,MODIS,36,6.2,302.6,74.3,D,0
-12.5544,131.4966,315.3,1.9,1.3,2014-05-24,0519,Aqua,MODIS,59,6.2,304.5,17.1,D,0
-12.8115,131.3844,323.4,1.8,1.3,2014-05-24,0519,Aqua,MODIS,69,6.2,305.6,26.6,D,0
-12.7433,132.7009,327.6,2.3,1.5,2014-05-24,0519,Aqua,MODIS,13,6.2,302.7,51.1,D,0
-13.0373,133.5223,333.2,2.7,1.6,2014-05-24,0519,Aqua,MODIS,46,6.2,303.9,91.3,D,0
-12.6963,131.1148,320.7,1.8,1.3,2014-05-24,0519,Aqua,MODIS,70,6.2,305.5,23,D,0
-12.8232,131.1272,317.5,1.8,1.3,2014-05-24,0519,Aqua,MODIS,55,6.2,305.4,15.8,D,0
-13.0608,133.5089,335.2,2.6,1.6,2014-05-24,0519,Aqua,MODIS,86,6.2,302.5,104,D,0
-12.6937,131.1308,315.4,1.8,1.3,2014-05-24,0519,Aqua,MODIS,58,6.2,305.2,12.4,D,0
-12.8261,131.3697,337.2,1.8,1.3,2014-05-24,0519,Aqua,MODIS,87,6.2,306.9,67.7,D,0
-13.2522,133.4261,326.3,2.6,1.5,2014-05-24,0519,Aqua,MODIS,58,6.2,302.1,56,D,0
-14.28,134.2977,338.4,2.9,1.6,2014-05-24,0519,Aqua,MODIS,87,6.2,302.5,143.3,D,0
-12.9712,130.7745,323.5,1.6,1.3,2014-05-24,0519,Aqua,MODIS,73,6.2,308.3,24.8,D,0
-14.2753,134.3242,321.6,2.9,1.6,2014-05-24,0519,Aqua,MODIS,54,6.2,301.3,46.6,D,0
-12.5492,130.9624,315.8,1.7,1.3,2014-05-24,0519,Aqua,MODIS,37,6.2,305.5,13.2,D,0
-13.1167,133.2766,331,2.5,1.5,2014-05-24,0519,Aqua,MODIS,82,6.2,305.3,72.5,D,0
-12.5529,133.8498,313.5,2.9,1.6,2014-05-24,0519,Aqua,MODIS,38,6.2,298.6,22.1,D,0
-13.0888,133.5134,321.7,2.6,1.6,2014-05-24,0519,Aqua,MODIS,35,6.2,302.7,38.4,D,0
-13.2108,133.4185,323.2,2.6,1.5,2014-05-24,0519,Aqua,MODIS,64,6.2,302.6,44.2,D,0
-13.1111,133.4686,345.8,2.6,1.6,2014-05-24,0519,Aqua,MODIS,93,6.2,303.4,176.4,D,0
-12.8896,132.867,326.9,2.4,1.5,2014-05-24,0519,Aqua,MODIS,78,6.2,306.9,56.6,D,0
-13.0233,133.52,328.6,2.7,1.6,2014-05-24,0519,Aqua,MODIS,34,6.2,302.2,66.6,D,0
-13.0326,130.6841,323.9,1.6,1.3,2014-05-24,0519,Aqua,MODIS,73,6.2,309.5,20.1,D,0
-13.7444,133.3633,325.5,2.5,1.5,2014-05-24,0519,Aqua,MODIS,65,6.2,302.8,53.8,D,0
-12.9599,130.7726,327.7,1.6,1.3,2014-05-24,0519,Aqua,MODIS,78,6.2,306.7,33.3,D,0
-14.2705,134.351,324.4,2.9,1.6,2014-05-24,0519,Aqua,MODIS,73,6.2,300.5,62.6,D,0
-12.6734,132.8155,318.8,2.4,1.5,2014-05-24,0519,Aqua,MODIS,66,6.2,305.2,30.5,D,0
-13.7403,133.3862,326.4,2.5,1.5,2014-05-24,0519,Aqua,MODIS,69,6.2,304.1,56.9,D,0
-13.7388,133.3574,323.3,2.5,1.5,2014-05-24,0519,Aqua,MODIS,72,6.2,302.3,47.6,D,0
-13.165,133.4351,325,2.6,1.5,2014-05-24,0519,Aqua,MODIS,41,6.2,302.4,48,D,0
-12.9736,130.7595,318.9,1.6,1.3,2014-05-24,0519,Aqua,MODIS,64,6.2,306.6,15.2,D,0
-13.1303,133.2793,321.7,2.5,1.5,2014-05-24,0519,Aqua,MODIS,68,6.2,305.2,32.6,D,0
-13.7267,133.3837,317.5,2.5,1.5,2014-05-24,0519,Aqua,MODIS,58,6.2,303,27.9,D,0
-13.0051,133.5415,336.3,2.7,1.6,2014-05-24,0519,Aqua,MODIS,86,6.2,301.2,112.8,D,0
-12.9453,131.8316,322.9,2,1.4,2014-05-24,0519,Aqua,MODIS,72,6.2,310,20.3,D,0
-12.7087,132.6897,322.9,2.3,1.5,2014-05-24,0519,Aqua,MODIS,25,6.2,302.9,36.1,D,0
-15.3538,125.776,323.4,1,1,2014-05-24,0519,Aqua,MODIS,47,6.2,310.2,8.4,D,0
-14.4864,126.0639,359.9,1,1,2014-05-24,0519,Aqua,MODIS,94,6.2,309.4,71.7,D,0
-14.4734,126.0902,336.2,1,1,2014-05-24,0519,Aqua,MODIS,84,6.2,307.1,25.3,D,0
-14.4747,126.081,333.7,1,1,2014-05-24,0519,Aqua,MODIS,81,6.2,308.3,20.7,D,0
-14.4761,126.0718,336.2,1,1,2014-05-24,0519,Aqua,MODIS,84,6.2,308.3,23.7,D,0
-14.4774,126.0625,328.5,1,1,2014-05-24,0519,Aqua,MODIS,56,6.2,307.4,13.1,D,0
-14.4837,126.0824,324.9,1,1,2014-05-24,0519,Aqua,MODIS,53,6.2,308.8,10,D,0
-14.2799,126.3499,323.4,1,1,2014-05-24,0519,Aqua,MODIS,38,6.2,308,8.1,D,0
-14.2812,126.3407,333.1,1,1,2014-05-24,0519,Aqua,MODIS,82,6.2,308.9,19.5,D,0
-14.4305,126.2627,365.8,1,1,2014-05-24,0519,Aqua,MODIS,100,6.2,311,89.5,D,0
-14.0077,126.7687,319.1,1,1,2014-05-24,0519,Aqua,MODIS,41,6.2,303.7,5.5,D,0
-14.009,126.7594,322,1,1,2014-05-24,0519,Aqua,MODIS,56,6.2,306,8.1,D,0
-14.2889,126.3513,330.6,1,1,2014-05-24,0519,Aqua,MODIS,76,6.2,309.1,15.7,D,0
-14.2902,126.342,341.9,1,1,2014-05-24,0519,Aqua,MODIS,89,6.2,311.4,32.4,D,0
-16.2065,125.9863,335.7,1,1,2014-05-24,0519,Aqua,MODIS,84,6.2,309.1,24.6,D,0
-15.7498,125.5715,326.4,1,1,2014-05-24,0519,Aqua,MODIS,46,6.2,308.7,11.8,D,0
-16.2839,125.4934,328.5,1,1,2014-05-24,0519,Aqua,MODIS,77,6.2,310.7,13.1,D,0
-16.2826,125.503,335.6,1,1,2014-05-24,0519,Aqua,MODIS,85,6.2,311.1,23,D,0
-15.7161,125.5472,328.2,1,1,2014-05-24,0519,Aqua,MODIS,71,6.2,310.6,13.7,D,0
-15.7174,125.5377,324.6,1,1,2014-05-24,0519,Aqua,MODIS,43,6.2,309.9,9.2,D,0
-15.7092,125.5406,326.8,1,1,2014-05-24,0519,Aqua,MODIS,74,6.2,307.3,14.6,D,0
-15.7421,125.5608,324.8,1,1,2014-05-24,0519,Aqua,MODIS,50,6.2,309.5,9.3,D,0
-14.3489,126.4417,321,1,1,2014-05-24,0519,Aqua,MODIS,46,6.2,306.8,8.3,D,0
-15.7269,125.9339,325.5,1,1,2014-05-24,0519,Aqua,MODIS,71,6.2,310.2,12,D,0
-15.7282,125.9245,321.8,1,1,2014-05-24,0519,Aqua,MODIS,63,6.2,309,8.1,D,0
-15.7565,125.5239,321.1,1,1,2014-05-24,0519,Aqua,MODIS,22,6.2,307.7,5.8,D,0
-15.7578,125.5143,334.4,1,1,2014-05-24,0519,Aqua,MODIS,83,6.2,309.7,23.5,D,0
-16.2142,125.997,328.5,1,1,2014-05-24,0519,Aqua,MODIS,74,6.2,306.8,13.7,D,0
-16.2052,125.9957,328.1,1,1,2014-05-24,0519,Aqua,MODIS,76,6.2,309.2,13.7,D,0
-16.1951,126.0076,323,1,1,2014-05-24,0519,Aqua,MODIS,62,6.2,308.8,9.2,D,0
-12.8584,133.5775,330.3,2.7,1.6,2014-05-24,0519,Aqua,MODIS,81,6.2,302.5,83.6,D,0
-14.7358,131.8462,321.3,1.8,1.3,2014-05-24,0519,Aqua,MODIS,46,6.2,303.6,20.1,D,0
-14.7403,131.8592,334.5,1.8,1.3,2014-05-24,0519,Aqua,MODIS,82,6.2,306.8,56.3,D,0
-12.8725,133.58,320.7,2.7,1.6,2014-05-24,0519,Aqua,MODIS,67,6.2,302,39.7,D,0
-12.8629,133.5858,319.8,2.7,1.6,2014-05-24,0519,Aqua,MODIS,46,6.2,301.7,35.2,D,0
-15.3397,133.5897,316.8,2.4,1.5,2014-05-24,0519,Aqua,MODIS,43,6.2,302.7,18.6,D,0
-14.3518,132.8434,319.8,2.2,1.4,2014-05-24,0519,Aqua,MODIS,60,6.2,305,22.9,D,0
-14.3553,132.8228,335.2,2.2,1.4,2014-05-24,0519,Aqua,MODIS,85,6.2,305.3,81.9,D,0
-14.4004,132.8576,320.1,2.2,1.4,2014-05-24,0519,Aqua,MODIS,59,6.2,306,21.5,D,0
-14.3875,132.8553,336,2.2,1.4,2014-05-24,0519,Aqua,MODIS,85,6.2,306.4,81.3,D,0
-14.3911,132.8347,333,2.2,1.4,2014-05-24,0519,Aqua,MODIS,83,6.2,304.7,66.5,D,0
-14.3905,132.8506,338.4,2.2,1.4,2014-05-24,0519,Aqua,MODIS,87,6.2,306.5,92.8,D,0
-14.394,132.8301,323.8,2.2,1.4,2014-05-24,0519,Aqua,MODIS,47,6.2,304.2,30.5,D,0
-14.3647,132.8458,335.2,2.2,1.4,2014-05-24,0519,Aqua,MODIS,85,6.2,306.2,79,D,0
-14.3682,132.8252,330.7,2.2,1.4,2014-05-24,0519,Aqua,MODIS,76,6.2,305,58.7,D,0
-14.5116,132.9071,321.6,2.2,1.4,2014-05-24,0519,Aqua,MODIS,55,6.2,305.3,24.4,D,0
-12.7805,133.7709,323.5,2.8,1.6,2014-05-24,0519,Aqua,MODIS,73,6.2,300.3,62.7,D,0
-12.785,133.7455,318.5,2.8,1.6,2014-05-24,0519,Aqua,MODIS,61,6.2,300,40,D,0
-12.7793,133.7653,324.5,2.8,1.6,2014-05-24,0519,Aqua,MODIS,67,6.2,300.3,63,D,0
-13.2847,133.3668,331.7,2.5,1.5,2014-05-24,0519,Aqua,MODIS,83,6.2,302.6,78.9,D,0
-13.274,133.3818,324.7,2.6,1.5,2014-05-24,0519,Aqua,MODIS,67,6.2,302.7,48.2,D,0
-13.278,133.3585,329.7,2.5,1.5,2014-05-24,0519,Aqua,MODIS,81,6.2,303,71.7,D,0
-15.1934,125.0845,338.4,1,1,2014-05-24,0519,Aqua,MODIS,87,6.2,308.6,30.3,D,0
-15.1947,125.0747,330.2,1,1,2014-05-24,0519,Aqua,MODIS,69,6.2,306.3,18.8,D,0
-15.1842,125.0831,326.3,1,1,2014-05-24,0519,Aqua,MODIS,69,6.2,311.2,13.2,D,0
-15.1855,125.0734,330.1,1,1,2014-05-24,0519,Aqua,MODIS,73,6.2,308.7,19.1,D,0
-13.297,133.2979,327,2.5,1.5,2014-05-24,0519,Aqua,MODIS,56,6.2,303.5,53,D,0
-13.2996,133.3151,319.5,2.5,1.5,2014-05-24,0519,Aqua,MODIS,44,6.2,304,27.5,D,0
-13.3036,133.2916,336.3,2.5,1.5,2014-05-24,0519,Aqua,MODIS,86,6.2,304.3,103.7,D,0
-12.826,133.5965,321,2.7,1.6,2014-05-24,0519,Aqua,MODIS,54,6.2,301.3,44.5,D,0
-12.6199,133.808,314.2,2.8,1.6,2014-05-24,0519,Aqua,MODIS,49,6.2,299.4,23.4,D,0
-15.2722,125.376,321.4,1,1,2014-05-24,0519,Aqua,MODIS,64,6.2,306.5,9.3,D,0
-15.2735,125.3665,335.6,1,1,2014-05-24,0519,Aqua,MODIS,84,6.2,308.1,27.7,D,0
-16.0496,127.0861,334.3,1,1,2014-05-24,0519,Aqua,MODIS,76,6.2,306.5,23.1,D,0
-16.1221,126.8399,333.4,1,1,2014-05-24,0519,Aqua,MODIS,81,6.2,305.5,22.1,D,0
-16.0785,126.8274,321,1,1,2014-05-24,0519,Aqua,MODIS,41,6.2,303,8,D,0
-16.0798,126.8181,346,1,1,2014-05-24,0519,Aqua,MODIS,92,6.2,304.6,43.7,D,0
-16.0811,126.8088,361.9,1,1,2014-05-24,0519,Aqua,MODIS,100,6.2,307.5,80.5,D,0
-16.0825,126.7995,337.7,1,1,2014-05-24,0519,Aqua,MODIS,85,6.2,303.7,29.3,D,0
-16.0721,126.8074,354.1,1,1,2014-05-24,0519,Aqua,MODIS,96,6.2,310.1,61.5,D,0
-16.0735,126.7981,358,1,1,2014-05-24,0519,Aqua,MODIS,99,6.2,309.1,71.3,D,0
-16.007,126.94,336.9,1,1,2014-05-24,0519,Aqua,MODIS,81,6.2,308.4,22.6,D,0
-16.3104,127.1943,325.8,1,1,2014-05-24,0519,Aqua,MODIS,70,6.2,306.7,13.3,D,0
-16.3117,127.1849,321.6,1,1,2014-05-24,0519,Aqua,MODIS,59,6.2,307,8.8,D,0
-15.0034,127.6971,325.6,1,1,2014-05-24,0519,Aqua,MODIS,62,6.2,310.9,10.3,D,0
-15.002,127.7067,324.1,1,1,2014-05-24,0519,Aqua,MODIS,46,6.2,309,8.3,D,0
-16.2547,126.2327,330.9,1,1,2014-05-24,0519,Aqua,MODIS,41,6.2,307.1,16,D,0
-16.2444,126.2407,334.4,1,1,2014-05-24,0519,Aqua,MODIS,83,6.2,308,22.2,D,0
-14.9732,127.4008,332.6,1,1,2014-05-24,0519,Aqua,MODIS,74,6.2,312.6,17.6,D,0
-16.2457,126.2313,354,1,1,2014-05-24,0519,Aqua,MODIS,96,6.2,311.4,58.2,D,0
-16.247,126.222,354.2,1,1,2014-05-24,0519,Aqua,MODIS,97,6.2,310.9,57.7,D,0
-16.2367,126.23,323.6,1,1,2014-05-24,0519,Aqua,MODIS,68,6.2,308.9,9.6,D,0
-16.238,126.2206,328.9,1,1,2014-05-24,0519,Aqua,MODIS,67,6.2,310,14.1,D,0
-16.2795,126.896,340.3,1,1,2014-05-24,0519,Aqua,MODIS,88,6.2,306,32.9,D,0
-16.2782,126.9053,387.4,1,1,2014-05-24,0519,Aqua,MODIS,100,6.2,315.1,173.8,D,0
-14.9837,127.3927,326.7,1,1,2014-05-24,0519,Aqua,MODIS,62,6.2,309.8,10.4,D,0
-14.9823,127.4022,327.7,1,1,2014-05-24,0519,Aqua,MODIS,59,6.2,309.6,11.2,D,0
-14.2033,130.9831,330.2,1.6,1.3,2014-05-24,0519,Aqua,MODIS,73,6.2,308.4,34.4,D,0
-14.2057,130.9683,329.9,1.6,1.3,2014-05-24,0519,Aqua,MODIS,56,6.2,308.5,31.4,D,0
-16.2768,126.9146,374.3,1,1,2014-05-24,0519,Aqua,MODIS,100,6.2,314.6,117.8,D,0
-14.2739,127.3352,344.4,1,1,2014-05-24,0519,Aqua,MODIS,91,6.2,308.6,42.1,D,0
-16.2755,126.924,372,1,1,2014-05-24,0519,Aqua,MODIS,100,6.2,314.7,108.3,D,0
-14.2725,127.3447,331.8,1,1,2014-05-24,0519,Aqua,MODIS,80,6.2,307.9,21.1,D,0
-13.7895,130.1935,321.4,1.5,1.2,2014-05-24,0519,Aqua,MODIS,55,6.2,305.9,15.4,D,0
-13.8109,130.1971,328.8,1.5,1.2,2014-05-24,0519,Aqua,MODIS,78,6.2,306.5,29.2,D,0
-14.7508,131.9011,321.1,1.9,1.3,2014-05-24,0519,Aqua,MODIS,33,6.2,306.3,16,D,0
-14.7537,131.8842,321.3,1.8,1.3,2014-05-24,0519,Aqua,MODIS,28,6.2,305.9,16.4,D,0
-14.7126,127.7911,325.9,1.1,1,2014-05-24,0519,Aqua,MODIS,47,6.2,308.9,9.4,D,0
-14.7447,131.8652,328.5,1.8,1.3,2014-05-24,0519,Aqua,MODIS,43,6.2,307.3,36.2,D,0
-13.9786,131.0869,324,1.7,1.3,2014-05-24,0519,Aqua,MODIS,56,6.2,308.1,18.2,D,0
-13.8171,130.1911,319.3,1.5,1.2,2014-05-24,0519,Aqua,MODIS,51,6.2,305.6,12.1,D,0
-16.2741,126.9333,337.9,1,1,2014-05-24,0519,Aqua,MODIS,86,6.2,310,24.6,D,0
-16.3204,126.9311,329,1,1,2014-05-24,0519,Aqua,MODIS,74,6.2,307.7,15.3,D,0
-16.3114,126.9296,339.7,1,1,2014-05-24,0519,Aqua,MODIS,87,6.2,308.2,29.5,D,0
-16.3128,126.9203,337.5,1,1,2014-05-24,0519,Aqua,MODIS,85,6.2,308.7,26.4,D,0
-16.3168,126.8923,324.2,1,1,2014-05-24,0519,Aqua,MODIS,68,6.2,304.7,11.8,D,0
-14.7928,128.0021,321.7,1.1,1,2014-05-24,0519,Aqua,MODIS,31,6.2,308.9,6.3,D,0
-16.2728,126.9426,324.4,1,1,2014-05-24,0519,Aqua,MODIS,31,6.2,307.8,6.8,D,0
-16.2714,126.9519,326.3,1,1,2014-05-24,0519,Aqua,MODIS,60,6.2,308.2,9.1,D,0
-16.2791,126.9627,334.6,1,1,2014-05-24,0519,Aqua,MODIS,83,6.2,308.2,20.1,D,0
-15.3195,126.8592,351.7,1,1,2014-05-24,0519,Aqua,MODIS,95,6.2,310.2,51.1,D,0
-15.3209,126.8499,347.4,1,1,2014-05-24,0519,Aqua,MODIS,92,6.2,309.2,41.6,D,0
-15.3222,126.8406,346.4,1,1,2014-05-24,0519,Aqua,MODIS,92,6.2,309,41.2,D,0
-13.8149,130.2044,319.2,1.5,1.2,2014-05-24,0519,Aqua,MODIS,47,6.2,306.5,11.4,D,0
-14.6213,127.7906,343.3,1.1,1,2014-05-24,0519,Aqua,MODIS,90,6.2,309,38.1,D,0
-14.2081,130.9535,328.4,1.6,1.3,2014-05-24,0519,Aqua,MODIS,42,6.2,307.3,27.2,D,0
-16.1195,126.2824,319.6,1,1,2014-05-24,0519,Aqua,MODIS,44,6.2,307.2,6.8,D,0
-14.6198,127.8004,337.5,1.1,1,2014-05-24,0519,Aqua,MODIS,85,6.2,310.5,27,D,0
-16.2099,127.4996,331.6,1,1,2014-05-24,0519,Aqua,MODIS,30,6.2,307,16.1,D,0
-16.2092,127.4413,332.1,1,1,2014-05-24,0519,Aqua,MODIS,54,6.2,306.7,19.9,D,0
-14.3971,126.2982,329.4,1,1,2014-05-24,0519,Aqua,MODIS,77,6.2,308.9,15.1,D,0
-16.2106,127.4318,343.5,1,1,2014-05-24,0519,Aqua,MODIS,90,6.2,308.1,39,D,0
-16.212,127.4223,324.9,1,1,2014-05-24,0519,Aqua,MODIS,53,6.2,307.9,13.1,D,0
-15.3002,126.8657,328.2,1,1,2014-05-24,0519,Aqua,MODIS,29,6.2,312.1,10.1,D,0
-16.2134,127.4129,341.3,1,1,2014-05-24,0519,Aqua,MODIS,88,6.2,308,37.1,D,0
-13.8778,130.4445,324.7,1.5,1.2,2014-05-24,0519,Aqua,MODIS,66,6.2,308.4,19.3,D,0
-15.3042,126.8378,336.6,1,1,2014-05-24,0519,Aqua,MODIS,84,6.2,311.1,20.7,D,0
-15.2466,126.8506,331.7,1,1,2014-05-24,0519,Aqua,MODIS,69,6.2,311.1,18.9,D,0
-15.2479,126.8413,332.5,1,1,2014-05-24,0519,Aqua,MODIS,69,6.2,311.6,20,D,0
-16.1528,127.0134,325.3,1,1,2014-05-24,0519,Aqua,MODIS,70,6.2,304.4,14.2,D,0
-16.1515,127.0227,368.1,1,1,2014-05-24,0519,Aqua,MODIS,100,6.2,308.8,100.9,D,0
-16.1501,127.0321,343.3,1,1,2014-05-24,0519,Aqua,MODIS,90,6.2,307.5,39.5,D,0
-16.1618,127.0148,327.2,1,1,2014-05-24,0519,Aqua,MODIS,73,6.2,304.8,16,D,0
-16.1605,127.0242,360.4,1,1,2014-05-24,0519,Aqua,MODIS,100,6.2,310.6,78.4,D,0
-15.3963,126.7058,328.2,1,1,2014-05-24,0519,Aqua,MODIS,74,6.2,307.2,16.4,D,0
-15.395,126.715,321.9,1,1,2014-05-24,0519,Aqua,MODIS,56,6.2,308.6,8.9,D,0
-16.1591,127.0335,321.7,1,1,2014-05-24,0519,Aqua,MODIS,61,6.2,308.6,9.7,D,0
-16.293,126.9936,326.5,1,1,2014-05-24,0519,Aqua,MODIS,72,6.2,308.4,11.7,D,0
-16.3038,126.9189,324.9,1,1,2014-05-24,0519,Aqua,MODIS,41,6.2,307.9,9.8,D,0
-16.3051,126.9096,339.7,1,1,2014-05-24,0519,Aqua,MODIS,87,6.2,308.1,30.3,D,0
-16.2962,126.9081,338.3,1,1,2014-05-24,0519,Aqua,MODIS,81,6.2,305.6,27.1,D,0
-16.2948,126.9175,333.7,1,1,2014-05-24,0519,Aqua,MODIS,81,6.2,306,20.4,D,0
-16.3078,126.8909,319.7,1,1,2014-05-24,0519,Aqua,MODIS,34,6.2,303.7,6.9,D,0
-16.3065,126.9002,336.3,1,1,2014-05-24,0519,Aqua,MODIS,83,6.2,306.1,25.7,D,0
-13.7928,131.8736,344.3,1.9,1.4,2014-05-24,0519,Aqua,MODIS,91,6.2,308.3,96.4,D,0
-13.7986,131.8385,348.3,1.9,1.3,2014-05-24,0519,Aqua,MODIS,94,6.2,307.6,113.5,D,0
-13.7807,131.8714,348.8,1.9,1.4,2014-05-24,0519,Aqua,MODIS,94,6.2,309.3,118.8,D,0
-13.7686,131.8694,346.2,1.9,1.4,2014-05-24,0519,Aqua,MODIS,93,6.2,309,102.8,D,0
-14.5703,127.7524,332,1.1,1,2014-05-24,0519,Aqua,MODIS,39,6.2,307.2,17,D,0
-14.9636,128.57,322.8,1.1,1.1,2014-05-24,0519,Aqua,MODIS,60,6.2,305.4,11.7,D,0
-14.6305,127.7921,334.5,1.1,1,2014-05-24,0519,Aqua,MODIS,82,6.2,308.2,22.6,D,0
-14.629,127.8019,337.4,1.1,1,2014-05-24,0519,Aqua,MODIS,85,6.2,310.2,27.2,D,0
-14.2865,126.3038,323.6,1,1,2014-05-24,0519,Aqua,MODIS,28,6.2,307.6,8.2,D,0
-13.7745,131.834,381.2,1.9,1.3,2014-05-24,0519,Aqua,MODIS,100,6.2,310.1,373.4,D,0
-14.5688,127.7622,335.6,1.1,1,2014-05-24,0519,Aqua,MODIS,74,6.2,308.6,23.1,D,0
-14.581,127.7442,340,1.1,1,2014-05-24,0519,Aqua,MODIS,82,6.2,308.2,29.4,D,0
-14.5795,127.7539,333.7,1.1,1,2014-05-24,0519,Aqua,MODIS,51,6.2,309.7,18.4,D,0
-14.5766,127.7734,334.3,1.1,1,2014-05-24,0519,Aqua,MODIS,63,6.2,309.8,21,D,0
-14.6009,127.7373,326.2,1.1,1,2014-05-24,0519,Aqua,MODIS,70,6.2,308.2,12.2,D,0
-15.5688,128.8329,334.5,1.1,1.1,2014-05-24,0519,Aqua,MODIS,81,6.2,311.6,22.6,D,0
-15.5704,128.8223,339.3,1.1,1.1,2014-05-24,0519,Aqua,MODIS,86,6.2,311.7,32.7,D,0
-15.5273,128.8477,327.6,1.1,1.1,2014-05-24,0519,Aqua,MODIS,66,6.2,311.3,13,D,0
-14.6014,127.7973,325.4,1.1,1,2014-05-24,0519,Aqua,MODIS,26,6.2,308.9,10.2,D,0
-14.8574,127.9273,330.1,1.1,1,2014-05-24,0519,Aqua,MODIS,76,6.2,310.5,15.7,D,0
-14.8589,127.9174,327.1,1.1,1,2014-05-24,0519,Aqua,MODIS,71,6.2,309.1,12.2,D,0
-16.1544,126.2307,320,1,1,2014-05-24,0519,Aqua,MODIS,55,6.2,306.2,6.7,D,0
-16.1209,126.2731,323,1,1,2014-05-24,0519,Aqua,MODIS,60,6.2,308.4,9.4,D,0
-15.275,126.7857,336.3,1,1,2014-05-24,0519,Aqua,MODIS,76,6.2,308.8,24.3,D,0
-15.2736,126.795,343.1,1,1,2014-05-24,0519,Aqua,MODIS,89,6.2,311.9,34.9,D,0
-15.2813,126.8057,328.8,1,1,2014-05-24,0519,Aqua,MODIS,41,6.2,309.7,13.2,D,0
-15.2979,126.8178,341.2,1,1,2014-05-24,0519,Aqua,MODIS,80,6.2,308,30.8,D,0
-14.9628,127.5919,330.6,1,1,2014-05-24,0519,Aqua,MODIS,77,6.2,311.4,15.2,D,0
-15.2966,126.8271,355.3,1,1,2014-05-24,0519,Aqua,MODIS,97,6.2,312.3,58.5,D,0
-15.3056,126.8285,373.2,1,1,2014-05-24,0519,Aqua,MODIS,100,6.2,312.1,112.9,D,0
-15.1894,126.1637,325.2,1,1,2014-05-24,0519,Aqua,MODIS,70,6.2,309.4,10.9,D,0
-15.8997,127.3578,342.5,1,1,2014-05-24,0519,Aqua,MODIS,80,6.2,309.6,32.3,D,0
-15.1907,126.1544,321.8,1,1,2014-05-24,0519,Aqua,MODIS,52,6.2,309.2,7.7,D,0
-16.33,127.3127,344.5,1,1,2014-05-24,0519,Aqua,MODIS,91,6.2,310.5,37.5,D,0
-16.2822,127.0682,323,1,1,2014-05-24,0519,Aqua,MODIS,65,6.2,309.1,9.5,D,0
-16.1208,126.8492,328.6,1,1,2014-05-24,0519,Aqua,MODIS,51,6.2,304.7,15.2,D,0
-15.1997,126.4774,328.9,1,1,2014-05-24,0519,Aqua,MODIS,69,6.2,307.4,16.2,D,0
-15.1767,126.4455,322.1,1,1,2014-05-24,0519,Aqua,MODIS,39,6.2,308.1,7.6,D,0
-16.2808,127.0776,320.8,1,1,2014-05-24,0519,Aqua,MODIS,58,6.2,308,7.6,D,0
-16.2939,127.051,320.9,1,1,2014-05-24,0519,Aqua,MODIS,51,6.2,307.4,6.6,D,0
-15.4213,126.2778,323.7,1,1,2014-05-24,0519,Aqua,MODIS,65,6.2,307.2,10.2,D,0
-16.2925,127.0603,328.8,1,1,2014-05-24,0519,Aqua,MODIS,76,6.2,307.7,15.2,D,0
-16.2912,127.0697,331.8,1,1,2014-05-24,0519,Aqua,MODIS,80,6.2,307.8,19.3,D,0
-16.2817,127.1352,319.7,1,1,2014-05-24,0519,Aqua,MODIS,52,6.2,305.5,7.1,D,0
-16.2803,127.1446,320.4,1,1,2014-05-24,0519,Aqua,MODIS,56,6.2,305.3,7.8,D,0
-15.5862,130.1054,326.6,1.3,1.1,2014-05-24,0519,Aqua,MODIS,71,6.2,309.5,17.5,D,0
-15.5843,130.1179,328.2,1.3,1.2,2014-05-24,0519,Aqua,MODIS,74,6.2,309.4,20,D,0
-15.5918,130.112,345.5,1.3,1.1,2014-05-24,0519,Aqua,MODIS,91,6.2,311.1,60,D,0
-14.7437,125.8696,321,1,1,2014-05-24,0519,Aqua,MODIS,61,6.2,305.9,8.8,D,0
-16.241,127.2247,325.7,1,1,2014-05-24,0519,Aqua,MODIS,68,6.2,308.6,11.1,D,0
-14.5899,125.7831,322.6,1,1,2014-05-24,0519,Aqua,MODIS,41,6.2,307.9,8.6,D,0
-16.2893,127.146,319,1,1,2014-05-24,0519,Aqua,MODIS,29,6.2,306.1,6.3,D,0
-14.4408,127.6398,326.1,1.1,1,2014-05-24,0519,Aqua,MODIS,72,6.2,307.6,12.9,D,0
-16.3294,127.38,323,1,1,2014-05-24,0519,Aqua,MODIS,47,6.2,307.7,8.6,D,0
-16.3308,127.3705,331.7,1,1,2014-05-24,0519,Aqua,MODIS,79,6.2,309,18.9,D,0
-16.3272,127.3315,330.8,1,1,2014-05-24,0519,Aqua,MODIS,78,6.2,310.8,16.5,D,0
-16.3286,127.3221,329.3,1,1,2014-05-24,0519,Aqua,MODIS,75,6.2,310.4,13.8,D,0
-15.0772,125.1885,337.9,1,1,2014-05-24,0519,Aqua,MODIS,64,6.2,307.6,28.5,D,0
-15.0864,125.1899,324.6,1,1,2014-05-24,0519,Aqua,MODIS,64,6.2,307.1,11.6,D,0
-15.085,125.1995,322.6,1,1,2014-05-24,0519,Aqua,MODIS,55,6.2,306.1,9.2,D,0
-15.0824,125.2186,328.7,1,1,2014-05-24,0519,Aqua,MODIS,0,6.2,307.5,16.4,D,0
-15.106,125.1829,348,1,1,2014-05-24,0519,Aqua,MODIS,0,6.2,309.5,47.4,D,0
-16.0794,126.8808,324.3,1,1,2014-05-24,0519,Aqua,MODIS,40,6.2,306.8,10.9,D,0
-16.0781,126.8901,341.7,1,1,2014-05-24,0519,Aqua,MODIS,89,6.2,308,35.6,D,0
-16.0767,126.8994,325.5,1,1,2014-05-24,0519,Aqua,MODIS,59,6.2,305.9,12.3,D,0
-16.1051,126.8944,328.5,1,1,2014-05-24,0519,Aqua,MODIS,31,6.2,307.1,14,D,0
-16.1127,126.9051,324,1,1,2014-05-24,0519,Aqua,MODIS,29,6.2,306.5,9.8,D,0
-16.0635,127.1171,351.1,1,1,2014-05-24,0519,Aqua,MODIS,95,6.2,310.3,48.8,D,0
-16.0649,127.1077,363.2,1,1,2014-05-24,0519,Aqua,MODIS,100,6.2,311.2,78.8,D,0
-16.0663,127.0983,349.2,1,1,2014-05-24,0519,Aqua,MODIS,93,6.2,308.3,46.2,D,0
-16.0559,127.1063,335,1,1,2014-05-24,0519,Aqua,MODIS,55,6.2,309.9,20.8,D,0
-16.0573,127.0969,345.2,1,1,2014-05-24,0519,Aqua,MODIS,91,6.2,309.6,39.2,D,0
-16.0586,127.0876,329.2,1,1,2014-05-24,0519,Aqua,MODIS,45,6.2,305.6,16.1,D,0
-16.0285,127.173,324.4,1,1,2014-05-24,0519,Aqua,MODIS,45,6.2,310.3,8,D,0
-16.0299,127.1636,327.7,1,1,2014-05-24,0519,Aqua,MODIS,68,6.2,310.5,12,D,0
-16.0236,127.1435,340.2,1,1,2014-05-24,0519,Aqua,MODIS,87,6.2,309.4,28.2,D,0
-16.0345,127.0685,333.3,1,1,2014-05-24,0519,Aqua,MODIS,81,6.2,305.1,21,D,0
-16.0255,127.0671,330.9,1,1,2014-05-24,0519,Aqua,MODIS,78,6.2,308.1,17.6,D,0
-16.0028,127.1593,326.3,1,1,2014-05-24,0519,Aqua,MODIS,31,6.2,310.5,7.9,D,0
-16.0042,127.1499,331.4,1,1,2014-05-24,0519,Aqua,MODIS,78,6.2,309.4,14.6,D,0
-16.0178,126.8655,323.3,1,1,2014-05-24,0519,Aqua,MODIS,60,6.2,305.9,10.1,D,0
-15.1394,127.6423,331,1,1,2014-05-24,0519,Aqua,MODIS,63,6.2,312,14.8,D,0
-16.0165,126.8748,322.5,1,1,2014-05-24,0519,Aqua,MODIS,48,6.2,306.9,8.6,D,0
-16.0358,127.0591,335.3,1,1,2014-05-24,0519,Aqua,MODIS,82,6.2,305.3,23.9,D,0
-16.0372,127.0498,349.5,1,1,2014-05-24,0519,Aqua,MODIS,94,6.2,307.7,49.4,D,0
-16.0385,127.0405,346.6,1,1,2014-05-24,0519,Aqua,MODIS,92,6.2,307.3,43.2,D,0
-16.0399,127.0312,351.1,1,1,2014-05-24,0519,Aqua,MODIS,95,6.2,308.2,53.3,D,0
-16.0412,127.0218,321.2,1,1,2014-05-24,0519,Aqua,MODIS,32,6.2,306.7,7.6,D,0
-14.7358,128.0648,325.1,1.1,1,2014-05-24,0519,Aqua,MODIS,39,6.2,311.1,9.4,D,0
-16.0241,126.8856,340.6,1,1,2014-05-24,0519,Aqua,MODIS,84,6.2,306.7,30.9,D,0
-16.0228,126.8949,363.9,1,1,2014-05-24,0519,Aqua,MODIS,100,6.2,309.3,83,D,0
-16.0187,126.9228,350.8,1,1,2014-05-24,0519,Aqua,MODIS,94,6.2,308.9,49.2,D,0
-16.0174,126.9322,388.1,1,1,2014-05-24,0519,Aqua,MODIS,100,6.2,312.4,174.5,D,0
-16.0358,126.8683,333.1,1,1,2014-05-24,0519,Aqua,MODIS,75,6.2,305,21.4,D,0
-16.0345,126.8777,373,1,1,2014-05-24,0519,Aqua,MODIS,100,6.2,307.4,115.6,D,0
-16.0331,126.887,346.5,1,1,2014-05-24,0519,Aqua,MODIS,89,6.2,303.2,43.3,D,0
-16.0318,126.8963,358.3,1,1,2014-05-24,0519,Aqua,MODIS,99,6.2,306,69.1,D,0
-13.7072,132.1562,361,2,1.4,2014-05-24,0519,Aqua,MODIS,100,6.2,309.3,218.3,D,0
-13.7104,132.1379,319,2,1.4,2014-05-24,0519,Aqua,MODIS,44,6.2,304.3,15.4,D,0
-16.0304,126.9056,344.2,1,1,2014-05-24,0519,Aqua,MODIS,80,6.2,305.5,38.8,D,0
-13.9241,132.1888,332.4,2,1.4,2014-05-24,0519,Aqua,MODIS,65,6.2,310,46.7,D,0
-13.9272,132.1702,336.1,2,1.4,2014-05-24,0519,Aqua,MODIS,86,6.2,308.5,62.9,D,0
-13.9149,132.1678,344.1,2,1.4,2014-05-24,0519,Aqua,MODIS,91,6.2,309,101.9,D,0
-13.918,132.1494,322.4,2,1.4,2014-05-24,0519,Aqua,MODIS,63,6.2,307.7,20.6,D,0
-13.8963,132.2025,323.5,2,1.4,2014-05-24,0519,Aqua,MODIS,50,6.2,308.5,24.2,D,0
-15.2457,126.7933,332.3,1,1,2014-05-24,0519,Aqua,MODIS,80,6.2,309.8,19.5,D,0
-15.2443,126.8026,325.6,1,1,2014-05-24,0519,Aqua,MODIS,69,6.2,309.2,11.6,D,0
-14.0312,130.6999,319.1,1.6,1.2,2014-05-24,0519,Aqua,MODIS,47,6.2,306.5,11.7,D,0
-14.0288,130.7145,322,1.6,1.2,2014-05-24,0519,Aqua,MODIS,67,6.2,306,17.5,D,0
-14.0422,130.7022,322,1.6,1.2,2014-05-24,0519,Aqua,MODIS,58,6.2,307.9,16.8,D,0
-15.2546,126.7947,339.2,1,1,2014-05-24,0519,Aqua,MODIS,86,6.2,310.2,29.1,D,0
-15.3111,125.3595,330.9,1,1,2014-05-24,0519,Aqua,MODIS,80,6.2,308.6,19.4,D,0
-15.2533,126.804,364.8,1,1,2014-05-24,0519,Aqua,MODIS,100,6.2,313.8,87.6,D,0
-14.2588,127.4994,322.6,1,1,2014-05-24,0519,Aqua,MODIS,66,6.2,306.6,10,D,0
-15.252,126.8133,334.6,1,1,2014-05-24,0519,Aqua,MODIS,82,6.2,310.3,22.7,D,0
-15.266,126.7842,336.3,1,1,2014-05-24,0519,Aqua,MODIS,80,6.2,307.9,23.6,D,0
-14.2665,127.5105,320,1,1,2014-05-24,0519,Aqua,MODIS,51,6.2,307.4,7.3,D,0
-15.3124,125.3499,361.6,1,1,2014-05-24,0519,Aqua,MODIS,100,6.2,310.7,83.1,D,0
-15.3138,125.3403,325.3,1,1,2014-05-24,0519,Aqua,MODIS,72,6.2,305,13.1,D,0
-16.0739,127.1091,330.9,1,1,2014-05-24,0519,Aqua,MODIS,42,6.2,306.4,14.9,D,0
-16.0856,127.0919,380.6,1,1,2014-05-24,0519,Aqua,MODIS,100,6.2,312.6,146,D,0
-16.0843,127.1012,401.5,1,1,2014-05-24,0519,Aqua,MODIS,100,6.2,317.9,253.2,D,0
-16.0829,127.1106,324.8,1,1,2014-05-24,0519,Aqua,MODIS,36,6.2,309.4,10.1,D,0
-15.3033,125.3485,331.5,1,1,2014-05-24,0519,Aqua,MODIS,80,6.2,308.3,21,D,0
-15.6068,130.2831,319.7,1.4,1.2,2014-05-24,0519,Aqua,MODIS,32,6.2,307,8.2,D,0
-16.1649,127.1205,321.2,1,1,2014-05-24,0519,Aqua,MODIS,41,6.2,307.6,7.2,D,0
-16.0451,127.3063,335.2,1,1,2014-05-24,0519,Aqua,MODIS,83,6.2,311.3,21.3,D,0
-16.0437,127.3157,327.3,1,1,2014-05-24,0519,Aqua,MODIS,70,6.2,311.3,10.6,D,0
-16.0541,127.3077,333,1,1,2014-05-24,0519,Aqua,MODIS,81,6.2,311.9,17.8,D,0
-16.0535,127.375,336.9,1,1,2014-05-24,0519,Aqua,MODIS,47,6.2,309.2,22.1,D,0
-16.0626,127.3765,345.7,1,1,2014-05-24,0519,Aqua,MODIS,89,6.2,310,39.4,D,0
-14.8984,125.3537,325.3,1,1,2014-05-24,0519,Aqua,MODIS,65,6.2,307.6,12.6,D,0
-14.9011,125.3349,338.8,1,1,2014-05-24,0519,Aqua,MODIS,86,6.2,307.7,29.8,D,0
-16.0716,127.3779,342.2,1,1,2014-05-24,0519,Aqua,MODIS,76,6.2,307.2,33.2,D,0
-14.7576,127.7949,328.5,1.1,1,2014-05-24,0519,Aqua,MODIS,74,6.2,309.9,14.1,D,0
-13.7041,132.1747,327.3,2,1.4,2014-05-24,0519,Aqua,MODIS,77,6.2,307.8,38.8,D,0
-14.0704,131.9674,324,1.9,1.4,2014-05-24,0519,Aqua,MODIS,53,6.2,309.2,17.7,D,0
-14.0662,131.9592,341.9,1.9,1.4,2014-05-24,0519,Aqua,MODIS,90,6.2,310.7,83.2,D,0
-14.0541,131.9569,348.9,1.9,1.4,2014-05-24,0519,Aqua,MODIS,94,6.2,311.8,117.3,D,0
-14.057,131.9394,333.6,1.9,1.4,2014-05-24,0519,Aqua,MODIS,80,6.2,309.2,51.1,D,0
-15.0557,127.3428,331.1,1,1,2014-05-24,0519,Aqua,MODIS,78,6.2,311.1,16.1,D,0
-15.5703,128.8874,326.1,1.2,1.1,2014-05-24,0519,Aqua,MODIS,64,6.2,311.4,9.5,D,0
-15.564,128.8644,326.5,1.1,1.1,2014-05-24,0519,Aqua,MODIS,66,6.2,310.6,9.5,D,0
-15.5382,128.904,324.6,1.2,1.1,2014-05-24,0519,Aqua,MODIS,46,6.2,310.1,8.9,D,0
-15.5398,128.8934,347.7,1.2,1.1,2014-05-24,0519,Aqua,MODIS,92,6.2,310.5,51.7,D,0
-15.5256,128.8585,324.8,1.1,1.1,2014-05-24,0519,Aqua,MODIS,20,6.2,310,8.3,D,0
-13.7196,132.1585,358.6,2,1.4,2014-05-24,0519,Aqua,MODIS,99,6.2,309.3,196.9,D,0
-13.7165,132.1769,352.2,2,1.4,2014-05-24,0519,Aqua,MODIS,96,6.2,311.2,152,D,0
-13.7321,132.1603,356.6,2,1.4,2014-05-24,0519,Aqua,MODIS,98,6.2,309.1,183.1,D,0
-13.7289,132.179,380.5,2,1.4,2014-05-24,0519,Aqua,MODIS,100,6.2,313,402.1,D,0
-14.9297,125.3264,329.6,1,1,2014-05-24,0519,Aqua,MODIS,74,6.2,307.3,17,D,0
-13.7383,132.1996,336.4,2,1.4,2014-05-24,0519,Aqua,MODIS,86,6.2,308.5,75.2,D,0
-13.7465,133.1516,318.5,2.4,1.5,2014-05-24,0519,Aqua,MODIS,63,6.2,304.6,23.1,D,0
-13.7427,133.1736,317.6,2.4,1.5,2014-05-24,0519,Aqua,MODIS,59,6.2,304.2,21.1,D,0
-16.0426,127.0125,358,1,1,2014-05-24,0519,Aqua,MODIS,99,6.2,308.8,70.7,D,0
-16.0439,127.0032,340.2,1,1,2014-05-24,0519,Aqua,MODIS,87,6.2,305.9,32.8,D,0
-16.0466,126.9845,335.3,1,1,2014-05-24,0519,Aqua,MODIS,83,6.2,305,26.7,D,0
-16.048,126.9751,322.9,1,1,2014-05-24,0519,Aqua,MODIS,60,6.2,303.3,11.2,D,0
-16.0336,127.0111,329.8,1,1,2014-05-24,0519,Aqua,MODIS,70,6.2,306.8,15.3,D,0
-16.0349,127.0017,341.6,1,1,2014-05-24,0519,Aqua,MODIS,88,6.2,306.8,32.8,D,0
-16.0363,126.9924,344.3,1,1,2014-05-24,0519,Aqua,MODIS,90,6.2,307.2,37.7,D,0
-16.0376,126.9831,368.6,1,1,2014-05-24,0519,Aqua,MODIS,100,6.2,310.5,99.5,D,0
-16.039,126.9737,334.5,1,1,2014-05-24,0519,Aqua,MODIS,67,6.2,305.5,23,D,0
-16.0259,127.0003,326.9,1,1,2014-05-24,0519,Aqua,MODIS,47,6.2,306.2,9.8,D,0
-16.0273,126.991,334.2,1,1,2014-05-24,0519,Aqua,MODIS,82,6.2,306.3,19.3,D,0
-16.0313,126.963,365.3,1,1,2014-05-24,0519,Aqua,MODIS,100,6.2,307.5,88.9,D,0
-16.0327,126.9537,353.5,1,1,2014-05-24,0519,Aqua,MODIS,96,6.2,307.4,58.8,D,0
-16.0156,127.0082,332.4,1,1,2014-05-24,0519,Aqua,MODIS,80,6.2,307.6,17.8,D,0
-16.0169,126.9989,323.2,1,1,2014-05-24,0519,Aqua,MODIS,38,6.2,306,6.1,D,0
-16.0223,126.9616,337.2,1,1,2014-05-24,0519,Aqua,MODIS,85,6.2,308.3,25.2,D,0
-16.3598,127.2982,331.3,1,1,2014-05-24,0519,Aqua,MODIS,78,6.2,311.7,15.9,D,0
-16.025,126.9429,341.4,1,1,2014-05-24,0519,Aqua,MODIS,88,6.2,307,35,D,0
-15.6256,126.2608,326.9,1,1,2014-05-24,0519,Aqua,MODIS,62,6.2,310.1,10.3,D,0
-15.6166,126.2594,331,1,1,2014-05-24,0519,Aqua,MODIS,74,6.2,310.1,15.4,D,0
-15.6088,126.2527,324,1,1,2014-05-24,0519,Aqua,MODIS,60,6.2,311.7,9,D,0
-15.6102,126.2434,322.3,1,1,2014-05-24,0519,Aqua,MODIS,47,6.2,310.4,7.1,D,0
-16.0147,126.9508,337.9,1,1,2014-05-24,0519,Aqua,MODIS,85,6.2,308.4,25.5,D,0
-16.016,126.9415,379.8,1,1,2014-05-24,0519,Aqua,MODIS,100,6.2,312.1,138.8,D,0
-14.6487,127.9015,324.8,1.1,1,2014-05-24,0519,Aqua,MODIS,63,6.2,308.7,8.9,D,0
-14.5244,127.6292,330.1,1.1,1,2014-05-24,0519,Aqua,MODIS,73,6.2,312.2,14.8,D,0
-14.0405,133.2,318.7,2.4,1.5,2014-05-24,0519,Aqua,MODIS,60,6.2,304.9,24.5,D,0
-14.9381,128.0078,326.3,1.1,1,2014-05-24,0519,Aqua,MODIS,58,6.2,308.9,12.4,D,0
-15.2855,128.8098,320.4,1.2,1.1,2014-05-24,0519,Aqua,MODIS,49,6.2,308.1,7.1,D,0
-14.1949,126.6201,330.7,1,1,2014-05-24,0519,Aqua,MODIS,0,6.2,305.9,19.3,D,0
-13.9733,130.4043,325.3,1.5,1.2,2014-05-24,0519,Aqua,MODIS,38,6.2,307.7,19,D,0
-13.9785,130.3978,332.5,1.5,1.2,2014-05-24,0519,Aqua,MODIS,76,6.2,310,34.8,D,0
-13.9893,130.3997,326.3,1.5,1.2,2014-05-24,0519,Aqua,MODIS,72,6.2,308.8,21.2,D,0
-16.2473,126.9328,323.4,1,1,2014-05-24,0519,Aqua,MODIS,66,6.2,307.9,10.7,D,0
-16.2692,126.9039,346,1,1,2014-05-24,0519,Aqua,MODIS,92,6.2,310.9,42.3,D,0
-14.5632,127.8618,323.6,1.1,1,2014-05-24,0519,Aqua,MODIS,65,6.2,307.2,10.5,D,0
-14.5617,127.8719,322.3,1.1,1,2014-05-24,0519,Aqua,MODIS,46,6.2,308.4,8.8,D,0
-14.5725,127.8634,341.5,1.1,1,2014-05-24,0519,Aqua,MODIS,88,6.2,308.2,37.3,D,0
-14.972,127.5933,324.7,1,1,2014-05-24,0519,Aqua,MODIS,42,6.2,311.4,7.7,D,0
-14.4394,127.6494,342.5,1.1,1,2014-05-24,0519,Aqua,MODIS,89,6.2,310.5,38.6,D,0
-15.9155,127.3766,328.7,1,1,2014-05-24,0519,Aqua,MODIS,56,6.2,309,14,D,0
-15.9074,127.3687,328.8,1,1,2014-05-24,0519,Aqua,MODIS,55,6.2,309.3,12.4,D,0
-15.9088,127.3593,329.4,1,1,2014-05-24,0519,Aqua,MODIS,52,6.2,306.8,13.4,D,0
-13.8767,130.4385,325.2,1.5,1.2,2014-05-24,0519,Aqua,MODIS,56,6.2,308.3,20.4,D,0
-14.0347,130.3934,323.2,1.5,1.2,2014-05-24,0519,Aqua,MODIS,56,6.2,308.6,15.7,D,0
-16.1235,126.8306,320,1,1,2014-05-24,0519,Aqua,MODIS,27,6.2,305.3,6.9,D,0
-15.3462,128.8268,320.2,1.2,1.1,2014-05-24,0519,Aqua,MODIS,45,6.2,308.1,7.5,D,0
-16.1661,126.7897,328.6,1,1,2014-05-24,0519,Aqua,MODIS,65,6.2,305.7,15.8,D,0
-14.6863,127.2887,325.2,1,1,2014-05-24,0519,Aqua,MODIS,70,6.2,304.3,11.8,D,0
-15.351,126.769,319.3,1,1,2014-05-24,0519,Aqua,MODIS,43,6.2,307.6,6.1,D,0
-15.3523,126.7598,336.3,1,1,2014-05-24,0519,Aqua,MODIS,84,6.2,309.9,26.9,D,0
-15.3536,126.7505,332.9,1,1,2014-05-24,0519,Aqua,MODIS,80,6.2,309.1,21.9,D,0
-14.6232,127.8412,323.4,1.1,1,2014-05-24,0519,Aqua,MODIS,57,6.2,308.3,8.4,D,0
-14.6746,127.8553,336.6,1.1,1,2014-05-24,0519,Aqua,MODIS,84,6.2,310.1,24.6,D,0
-14.6839,127.8568,328.5,1.1,1,2014-05-24,0519,Aqua,MODIS,59,6.2,309.4,12.9,D,0
-16.1915,126.8097,323.4,1,1,2014-05-24,0519,Aqua,MODIS,38,6.2,305.4,9.3,D,0
-16.1901,126.819,323,1,1,2014-05-24,0519,Aqua,MODIS,31,6.2,305.7,9.3,D,0
-14.5163,129.5476,329,1.3,1.1,2014-05-24,0519,Aqua,MODIS,55,6.2,307.7,21.9,D,0
-14.5525,127.6932,324.6,1.1,1,2014-05-24,0519,Aqua,MODIS,53,6.2,308.2,9.2,D,0
-14.5355,127.6806,334.6,1.1,1,2014-05-24,0519,Aqua,MODIS,45,6.2,311.3,19.1,D,0
-14.537,127.6708,332.9,1.1,1,2014-05-24,0519,Aqua,MODIS,29,6.2,310.3,16,D,0
-14.5229,127.6389,345.6,1.1,1,2014-05-24,0519,Aqua,MODIS,92,6.2,312.5,40.3,D,0
-16.0099,126.078,325.3,1,1,2014-05-24,0519,Aqua,MODIS,71,6.2,308.6,10.2,D,0
-14.5747,127.7232,330.9,1.1,1,2014-05-24,0519,Aqua,MODIS,62,6.2,308.2,17.5,D,0
-14.5762,127.7134,340.6,1.1,1,2014-05-24,0519,Aqua,MODIS,88,6.2,308.3,33.7,D,0
-14.5666,127.7252,326,1.1,1,2014-05-24,0519,Aqua,MODIS,72,6.2,308.7,11.9,D,0
-14.5681,127.7155,334.3,1.1,1,2014-05-24,0519,Aqua,MODIS,82,6.2,309.6,23.3,D,0
-14.5695,127.7058,325.8,1.1,1,2014-05-24,0519,Aqua,MODIS,48,6.2,308.1,10.5,D,0
-13.3621,131.209,329.7,1.7,1.3,2014-05-24,0519,Aqua,MODIS,79,6.2,310.2,35.8,D,0
-13.3647,131.1931,331.5,1.7,1.3,2014-05-24,0519,Aqua,MODIS,81,6.2,308.9,43.2,D,0
-13.3505,131.207,336.5,1.7,1.3,2014-05-24,0519,Aqua,MODIS,86,6.2,310.5,56.1,D,0
-13.3531,131.1909,332,1.7,1.3,2014-05-24,0519,Aqua,MODIS,81,6.2,308.6,43.2,D,0
-16.0086,126.0873,340.3,1,1,2014-05-24,0519,Aqua,MODIS,88,6.2,309.7,31.6,D,0
-16.0072,126.0966,321.9,1,1,2014-05-24,0519,Aqua,MODIS,45,6.2,309.3,7,D,0
-16.2678,126.9132,332.2,1,1,2014-05-24,0519,Aqua,MODIS,80,6.2,311.7,19,D,0
-16.1852,126.2697,321.2,1,1,2014-05-24,0519,Aqua,MODIS,58,6.2,307.4,7.2,D,0
-16.2162,127.1478,319.5,1,1,2014-05-24,0519,Aqua,MODIS,50,6.2,307.7,6.2,D,0
-14.7813,125.2725,333.6,1,1,2014-05-24,0519,Aqua,MODIS,82,6.2,310.1,20.8,D,0
-14.8477,125.385,318.9,1,1,2014-05-24,0519,Aqua,MODIS,54,6.2,305.9,6.6,D,0
-14.4346,126.4897,321.2,1,1,2014-05-24,0519,Aqua,MODIS,56,6.2,307.5,5.5,D,0
-14.0869,130.6361,326.6,1.5,1.2,2014-05-24,0519,Aqua,MODIS,68,6.2,307.1,24.6,D,0
-14.2696,126.6128,324.3,1,1,2014-05-24,0519,Aqua,MODIS,70,6.2,307.3,9.7,D,0
-14.3691,129.5101,323.4,1.3,1.1,2014-05-24,0519,Aqua,MODIS,69,6.2,305.5,17.6,D,0
-15.8846,127.5852,325.8,1,1,2014-05-24,0519,Aqua,MODIS,69,6.2,309.8,10.6,D,0
-16.146,127.5028,338.9,1,1,2014-05-24,0519,Aqua,MODIS,86,6.2,308.5,27.7,D,0
-14.381,129.5,318.8,1.3,1.1,2014-05-24,0519,Aqua,MODIS,36,6.2,304.5,10,D,0
-16.2394,126.2113,338.7,1,1,2014-05-24,0519,Aqua,MODIS,87,6.2,309.6,27.4,D,0
-16.2071,127.5185,330.1,1,1,2014-05-24,0519,Aqua,MODIS,58,6.2,308.1,14.1,D,0
-16.2085,127.5091,350.8,1,1,2014-05-24,0519,Aqua,MODIS,95,6.2,310.2,50.5,D,0
-15.3824,128.976,328,1.2,1.1,2014-05-24,0519,Aqua,MODIS,73,6.2,308.4,17.3,D,0
-16.1369,127.5014,334.6,1,1,2014-05-24,0519,Aqua,MODIS,82,6.2,310.3,21.6,D,0
-16.1383,127.4919,329,1,1,2014-05-24,0519,Aqua,MODIS,63,6.2,309.8,14.8,D,0
-14.4359,126.4805,322.7,1,1,2014-05-24,0519,Aqua,MODIS,60,6.2,309,6.9,D,0
-14.9271,125.9344,323.2,1,1,2014-05-24,0519,Aqua,MODIS,58,6.2,305.7,9.6,D,0
-16.1446,127.5123,330.9,1,1,2014-05-24,0519,Aqua,MODIS,72,6.2,307.7,15.1,D,0
-14.3888,126.0991,339.6,1,1,2014-05-24,0519,Aqua,MODIS,87,6.2,307.8,29.3,D,0
-16.1783,127.6506,332.1,1,1,2014-05-24,0519,Aqua,MODIS,72,6.2,311.1,15.7,D,0
-16.1797,127.6411,345.2,1,1,2014-05-24,0519,Aqua,MODIS,91,6.2,311.3,38.3,D,0
-16.2023,127.4886,331.7,1,1,2014-05-24,0519,Aqua,MODIS,53,6.2,308.8,17.1,D,0
-16.1658,127.6095,342.9,1,1,2014-05-24,0519,Aqua,MODIS,89,6.2,309.5,35.8,D,0
-16.1553,127.6175,347.9,1,1,2014-05-24,0519,Aqua,MODIS,93,6.2,311,43.9,D,0
-16.1567,127.608,344.2,1,1,2014-05-24,0519,Aqua,MODIS,90,6.2,308.6,38.4,D,0
-16.1445,127.6393,324.1,1,1,2014-05-24,0519,Aqua,MODIS,66,6.2,310.6,9.3,D,0
-14.2896,126.474,322.4,1,1,2014-05-24,0519,Aqua,MODIS,65,6.2,304.5,10.6,D,0
-14.3399,126.4403,320.9,1,1,2014-05-24,0519,Aqua,MODIS,42,6.2,305.9,8.5,D,0
-14.2883,126.4832,326.6,1,1,2014-05-24,0519,Aqua,MODIS,74,6.2,305,15.4,D,0
-16.1355,127.5109,325.6,1,1,2014-05-24,0519,Aqua,MODIS,45,6.2,308.6,8,D,0
-14.2104,130.0413,389.9,1.4,1.2,2014-05-24,0519,Aqua,MODIS,100,6.2,310.1,307.9,D,0
-16.1459,127.6297,327.8,1,1,2014-05-24,0519,Aqua,MODIS,73,6.2,311.6,13.3,D,0
-16.1473,127.6201,337.2,1,1,2014-05-24,0519,Aqua,MODIS,85,6.2,311.8,26.1,D,0
-14.2113,130.0611,323.7,1.4,1.2,2014-05-24,0519,Aqua,MODIS,66,6.2,306.6,18.9,D,0
-16.0633,127.5611,326.3,1,1,2014-05-24,0519,Aqua,MODIS,71,6.2,310.2,13,D,0
-13.9699,130.3822,328,1.5,1.2,2014-05-24,0519,Aqua,MODIS,63,6.2,307,24.8,D,0
-16.0647,127.5516,325.7,1,1,2014-05-24,0519,Aqua,MODIS,70,6.2,309.8,12,D,0
-15.384,128.9654,320.2,1.2,1.1,2014-05-24,0519,Aqua,MODIS,39,6.2,307.3,6.7,D,0
-15.8832,127.5948,327.5,1,1,2014-05-24,0519,Aqua,MODIS,68,6.2,310.3,11.8,D,0
-16.2252,127.5215,327.1,1,1,2014-05-24,0519,Aqua,MODIS,62,6.2,309.1,12.3,D,0
-15.8852,127.644,328.4,1,1,2014-05-24,0519,Aqua,MODIS,23,6.2,309.1,11.2,D,0
-15.8914,127.6648,329,1,1,2014-05-24,0519,Aqua,MODIS,41,6.2,310.2,12.4,D,0
-14.658,125.8218,332.3,1,1,2014-05-24,0519,Aqua,MODIS,68,6.2,306.6,18.6,D,0
-14.4318,126.2535,342.8,1,1,2014-05-24,0519,Aqua,MODIS,90,6.2,308.9,34.5,D,0
-15.9742,127.723,334.6,1,1,2014-05-24,0519,Aqua,MODIS,79,6.2,310.2,21.5,D,0
-14.4495,129.8353,347.7,1.3,1.1,2014-05-24,0519,Aqua,MODIS,93,6.2,311.4,68.1,D,0
-14.649,125.8205,332.6,1,1,2014-05-24,0519,Aqua,MODIS,70,6.2,305.7,19.1,D,0
-16.0115,127.6603,333.2,1,1,2014-05-24,0519,Aqua,MODIS,78,6.2,309.8,18.4,D,0
-16.0843,127.6687,334.8,1,1,2014-05-24,0519,Aqua,MODIS,82,6.2,311.1,22.9,D,0
-16.0829,127.6783,323.6,1,1,2014-05-24,0519,Aqua,MODIS,31,6.2,310.4,8.3,D,0
-15.8684,127.3819,341.8,1,1,2014-05-24,0519,Aqua,MODIS,71,6.2,311,29.7,D,0
-15.867,127.3913,387,1,1,2014-05-24,0519,Aqua,MODIS,100,6.2,317,170.1,D,0
-13.3024,130.578,346.6,1.6,1.2,2014-05-24,0519,Aqua,MODIS,93,6.2,309.8,84.8,D,0
-13.3002,130.5924,322.3,1.6,1.2,2014-05-24,0519,Aqua,MODIS,45,6.2,307.2,15.2,D,0
-15.9105,127.5991,333.8,1,1,2014-05-24,0519,Aqua,MODIS,74,6.2,307.6,21.5,D,0
-15.8656,127.4008,355.8,1,1,2014-05-24,0519,Aqua,MODIS,97,6.2,313.9,59.2,D,0
-15.8761,127.3927,339.1,1,1,2014-05-24,0519,Aqua,MODIS,63,6.2,312.7,24.4,D,0
-14.1643,130.4562,321.8,1.5,1.2,2014-05-24,0519,Aqua,MODIS,56,6.2,309.5,12.4,D,0
-15.9091,127.6086,349.8,1,1,2014-05-24,0519,Aqua,MODIS,94,6.2,310.4,49.5,D,0
-15.9077,127.6182,346.1,1,1,2014-05-24,0519,Aqua,MODIS,92,6.2,311.1,40.5,D,0
-15.9062,127.6278,332.4,1,1,2014-05-24,0519,Aqua,MODIS,58,6.2,310.2,16.6,D,0
-15.798,128.9434,325.4,1.2,1.1,2014-05-24,0519,Aqua,MODIS,39,6.2,308.8,11.4,D,0
-15.9182,127.6101,342.6,1,1,2014-05-24,0519,Aqua,MODIS,89,6.2,308.3,37.3,D,0
-14.2342,129.579,318.6,1.3,1.1,2014-05-24,0519,Aqua,MODIS,56,6.2,305.1,10.3,D,0
-16.2148,127.4035,342.7,1,1,2014-05-24,0519,Aqua,MODIS,89,6.2,305.3,39.9,D,0
-16.0871,127.6496,324.9,1,1,2014-05-24,0519,Aqua,MODIS,56,6.2,311.2,9.6,D,0
-16.0857,127.6591,324.9,1,1,2014-05-24,0519,Aqua,MODIS,36,6.2,310.4,9.1,D,0
-14.238,129.5549,317.2,1.3,1.1,2014-05-24,0519,Aqua,MODIS,31,6.2,305.5,8.4,D,0
-16.0962,127.651,330.8,1,1,2014-05-24,0519,Aqua,MODIS,72,6.2,308.7,15.6,D,0
-16.0948,127.6605,339.4,1,1,2014-05-24,0519,Aqua,MODIS,87,6.2,310.7,28.9,D,0
-15.9142,127.386,328.7,1,1,2014-05-24,0519,Aqua,MODIS,38,6.2,310.1,13.1,D,0
-15.9413,127.3903,319.8,1,1,2014-05-24,0519,Aqua,MODIS,25,6.2,307.3,5.8,D,0
-12.77,130.455,326.4,1.6,1.2,2014-05-24,0519,Aqua,MODIS,78,6.2,304.4,30.7,D,0
-14.3901,126.0899,341.3,1,1,2014-05-24,0519,Aqua,MODIS,89,6.2,308.1,32.7,D,0
-12.7685,130.4637,332.1,1.6,1.2,2014-05-24,0519,Aqua,MODIS,83,6.2,306.2,44.8,D,0
-14.64,125.8191,324.9,1,1,2014-05-24,0519,Aqua,MODIS,14,6.2,306.4,10.1,D,0
-15.8803,127.4905,326.6,1,1,2014-05-24,0519,Aqua,MODIS,60,6.2,310.6,10.4,D,0
-15.8908,127.4824,328.2,1,1,2014-05-24,0519,Aqua,MODIS,61,6.2,310.7,12.2,D,0
-15.8894,127.4919,333.6,1,1,2014-05-24,0519,Aqua,MODIS,80,6.2,311.4,19.3,D,0
-14.3991,126.0913,325.2,1,1,2014-05-24,0519,Aqua,MODIS,63,6.2,307.2,11.1,D,0
-14.6323,125.8085,324.4,1,1,2014-05-24,0519,Aqua,MODIS,23,6.2,305.1,9.1,D,0
-15.7946,128.9651,346.9,1.2,1.1,2014-05-24,0519,Aqua,MODIS,92,6.2,313,48.1,D,0
-13.3238,130.5874,333.5,1.6,1.2,2014-05-24,0519,Aqua,MODIS,83,6.2,307.8,43.2,D,0
-16.0867,127.4642,356.9,1,1,2014-05-24,0519,Aqua,MODIS,98,6.2,309.6,67.4,D,0
-15.8122,128.9788,334.9,1.2,1.1,2014-05-24,0519,Aqua,MODIS,36,6.2,312.2,20.9,D,0
-14.4515,129.8229,361.3,1.3,1.1,2014-05-24,0519,Aqua,MODIS,100,6.2,310.1,118.9,D,0
-16.0881,127.4547,371.7,1,1,2014-05-24,0519,Aqua,MODIS,100,6.2,310.8,112.7,D,0
-14.3442,129.8047,321.7,1.3,1.1,2014-05-24,0519,Aqua,MODIS,60,6.2,307,14.2,D,0
-15.2157,125.6474,324.8,1,1,2014-05-24,0519,Aqua,MODIS,71,6.2,307,11.1,D,0
-16.2261,124.9843,345.2,1.1,1,2014-05-24,0519,Aqua,MODIS,92,6.2,310.5,45.7,D,0
-13.3017,130.5837,343.9,1.6,1.2,2014-05-24,0519,Aqua,MODIS,91,6.2,308.6,75.1,D,0
-16.2497,126.2033,359.6,1,1,2014-05-24,0519,Aqua,MODIS,99,6.2,311,70.5,D,0
-16.2484,126.2126,372.1,1,1,2014-05-24,0519,Aqua,MODIS,100,6.2,312.4,109.4,D,0
-16.08,127.4469,333.8,1,1,2014-05-24,0519,Aqua,MODIS,81,6.2,309.4,20.4,D,0
-16.0759,127.4754,331.2,1,1,2014-05-24,0519,Aqua,MODIS,78,6.2,309.6,15.9,D,0
-16.0773,127.4659,340.5,1,1,2014-05-24,0519,Aqua,MODIS,88,6.2,311.4,30.4,D,0
-16.0787,127.4564,373.9,1,1,2014-05-24,0519,Aqua,MODIS,100,6.2,317,118.8,D,0
-13.2628,130.5416,329.4,1.6,1.2,2014-05-24,0519,Aqua,MODIS,62,6.2,310.5,29.8,D,0
-12.541,130.5933,318.1,1.6,1.3,2014-05-24,0519,Aqua,MODIS,57,6.2,305.6,15.3,D,0
-13.2605,130.5559,337.2,1.6,1.2,2014-05-24,0519,Aqua,MODIS,85,6.2,309.1,51.6,D,0
-13.2715,130.5578,328.1,1.6,1.2,2014-05-24,0519,Aqua,MODIS,70,6.2,311.4,28.2,D,0
-16.1911,127.4383,328.4,1,1,2014-05-24,0519,Aqua,MODIS,20,6.2,307.9,14.1,D,0
-14.9181,125.9368,317.5,1,1,2014-05-24,0519,Aqua,MODIS,25,6.2,305.7,4.6,D,0
-12.7787,130.4712,319.3,1.6,1.2,2014-05-24,0519,Aqua,MODIS,67,6.2,305.9,16.7,D,0
-16.0853,127.4737,326.6,1,1,2014-05-24,0519,Aqua,MODIS,50,6.2,307.4,12,D,0
-16.0839,127.4832,326.8,1,1,2014-05-24,0519,Aqua,MODIS,49,6.2,309,11.4,D,0
-13.3047,130.5636,329.3,1.6,1.2,2014-05-24,0519,Aqua,MODIS,71,6.2,307.3,30.7,D,0
-14.4198,129.4396,319.4,1.3,1.1,2014-05-24,0519,Aqua,MODIS,43,6.2,303.9,11.2,D,0
-14.418,129.4513,327.1,1.3,1.1,2014-05-24,0519,Aqua,MODIS,75,6.2,304.2,23.2,D,0
-14.4299,129.4413,327.7,1.3,1.1,2014-05-24,0519,Aqua,MODIS,66,6.2,305,24.3,D,0
-14.428,129.453,317.5,1.3,1.1,2014-05-24,0519,Aqua,MODIS,43,6.2,303.8,9.3,D,0
-16.0688,127.3968,341.6,1,1,2014-05-24,0519,Aqua,MODIS,88,6.2,309,28.2,D,0
-16.0702,127.3874,334.9,1,1,2014-05-24,0519,Aqua,MODIS,52,6.2,308.2,17.8,D,0
-14.2188,130.056,335.6,1.4,1.2,2014-05-24,0519,Aqua,MODIS,84,6.2,309.9,43.1,D,0
-14.2208,130.0431,322.9,1.4,1.2,2014-05-24,0519,Aqua,MODIS,44,6.2,305,16.9,D,0
-14.2133,130.0482,371.9,1.4,1.2,2014-05-24,0519,Aqua,MODIS,100,6.2,312.8,186.4,D,0
-14.2083,130.0542,342.4,1.4,1.2,2014-05-24,0519,Aqua,MODIS,90,6.2,306.7,60.2,D,0
-14.2154,130.0354,347,1.4,1.2,2014-05-24,0519,Aqua,MODIS,93,6.2,305.8,76.7,D,0
-13.3041,130.5693,352.8,1.6,1.2,2014-05-24,0519,Aqua,MODIS,96,6.2,309.2,110.8,D,0
-13.3151,130.5712,363,1.6,1.2,2014-05-24,0519,Aqua,MODIS,100,6.2,309.7,161.4,D,0
-16.0521,127.3844,334.3,1,1,2014-05-24,0519,Aqua,MODIS,30,6.2,310.3,16,D,0
-16.0194,127.4181,337.2,1,1,2014-05-24,0519,Aqua,MODIS,85,6.2,312.4,21.5,D,0
-16.0208,127.4086,331.7,1,1,2014-05-24,0519,Aqua,MODIS,66,6.2,312.3,14.1,D,0
-12.7676,130.4694,330,1.6,1.2,2014-05-24,0519,Aqua,MODIS,81,6.2,306.1,39.2,D,0
-14.0891,130.6223,327.2,1.5,1.2,2014-05-24,0519,Aqua,MODIS,71,6.2,307,25.5,D,0
-15.9168,127.6197,357.2,1,1,2014-05-24,0519,Aqua,MODIS,98,6.2,310,68.3,D,0
-15.9153,127.6293,374.9,1,1,2014-05-24,0519,Aqua,MODIS,100,6.2,312.5,124.5,D,0
-15.9139,127.6389,345.5,1,1,2014-05-24,0519,Aqua,MODIS,91,6.2,310.3,40.2,D,0
-14.2724,129.8566,317.5,1.4,1.2,2014-05-24,0519,Aqua,MODIS,39,6.2,304.4,10.2,D,0
-16.2247,124.9942,336.9,1.1,1,2014-05-24,0519,Aqua,MODIS,86,6.2,308.4,30,D,0
-15.8281,129.0036,328.8,1.2,1.1,2014-05-24,0519,Aqua,MODIS,67,6.2,309.5,15.3,D,0
-13.3104,130.5999,326.8,1.6,1.2,2014-05-24,0519,Aqua,MODIS,75,6.2,308.5,27,D,0
-13.3128,130.5856,364.7,1.6,1.2,2014-05-24,0519,Aqua,MODIS,100,6.2,312.6,172.4,D,0
-11.5547,130.5739,316.2,1.7,1.3,2014-05-24,0520,Aqua,MODIS,61,6.2,302.8,15.1,D,0
-11.5527,130.5804,317.2,1.7,1.3,2014-05-24,0520,Aqua,MODIS,67,6.2,303,18.1,D,0
-34.4605,150.8831,308.4,1.1,1.1,2014-05-24,1300,Terra,MODIS,74,6.2,287.7,12.8,N,2
-31.9988,146.7155,313.3,1,1,2014-05-24,1301,Terra,MODIS,87,6.2,283.5,15,N,0
-26.7301,147.0963,302.8,1,1,2014-05-24,1302,Terra,MODIS,45,6.2,287.7,6.3,N,0
-26.7316,147.086,335.4,1,1,2014-05-24,1302,Terra,MODIS,100,6.2,289.3,39.1,N,0
-26.7332,147.0757,301.9,1,1,2014-05-24,1302,Terra,MODIS,32,6.2,287.8,5.8,N,0
-20.732,139.4821,311.2,1.7,1.3,2014-05-24,1304,Terra,MODIS,82,6.2,291.8,22.3,N,2
-14.5729,133.8116,308.4,3.6,1.8,2014-05-24,1306,Terra,MODIS,74,6.2,294.5,51,N,0
-14.5647,133.8174,308.8,3.6,1.8,2014-05-24,1306,Terra,MODIS,76,6.2,294.2,51.9,N,0
-14.5323,132.6722,302.6,4.4,1.9,2014-05-24,1306,Terra,MODIS,50,6.2,292.5,40.6,N,0
-12.4255,141.9007,307.9,1,1,2014-05-24,1306,Terra,MODIS,73,6.2,289.8,7.2,N,0
-12.4345,141.902,312.5,1,1,2014-05-24,1306,Terra,MODIS,85,6.2,288,10.2,N,0
-23.9845,124.5307,316.9,1.3,1.1,2014-05-24,1442,Terra,MODIS,94,6.2,284.6,26.8,N,0
-16.2164,127.4485,309.6,3.1,1.7,2014-05-24,1443,Terra,MODIS,78,6.2,291.4,48.5,N,0
-16.978,127.7215,300.8,3.1,1.7,2014-05-24,1443,Terra,MODIS,34,6.2,290.8,21.2,N,0
-16.2216,127.42,321.3,3,1.7,2014-05-24,1443,Terra,MODIS,100,6.2,291.5,98.6,N,0
-20.415,123.9326,342.3,1.4,1.2,2014-05-24,1443,Terra,MODIS,100,6.2,293.1,79,N,0
-20.4105,123.9597,318.7,1.4,1.2,2014-05-24,1443,Terra,MODIS,97,6.2,293.3,26.1,N,0
-20.3582,124.2062,306.7,1.5,1.2,2014-05-24,1443,Terra,MODIS,57,6.2,292,14.2,N,0
-20.4128,123.9462,333.9,1.4,1.2,2014-05-24,1443,Terra,MODIS,100,6.2,293.9,55.9,N,0
-16.2112,127.4765,322.8,3.1,1.7,2014-05-24,1443,Terra,MODIS,100,6.2,292.6,107.3,N,0
-20.369,124.2082,304.5,1.5,1.2,2014-05-24,1443,Terra,MODIS,47,6.2,290,11.9,N,0
-16.2095,127.4827,317.2,3.1,1.7,2014-05-24,1443,Terra,MODIS,95,6.2,292.3,78.3,N,0
-16.5162,126.8372,315.5,2.7,1.6,2014-05-24,1443,Terra,MODIS,91,6.2,290.7,60.2,N,0
-16.2203,127.4262,323.8,3,1.7,2014-05-24,1443,Terra,MODIS,100,6.2,291.9,110.1,N,0
-16.5084,126.8552,304.7,2.7,1.6,2014-05-24,1443,Terra,MODIS,61,6.2,290.4,26.5,N,0
-16.2149,127.4546,312.2,3.1,1.7,2014-05-24,1443,Terra,MODIS,84,6.2,291.6,56,N,0
-16.513,126.8298,311.4,2.7,1.6,2014-05-24,1443,Terra,MODIS,82,6.2,290.7,46.2,N,0
-16.2329,128.0895,308.9,3.4,1.7,2014-05-24,1443,Terra,MODIS,76,6.2,294.1,45.3,N,0
-16.0887,127.4754,307.1,3.1,1.7,2014-05-24,1444,Terra,MODIS,70,6.2,291.8,40.3,N,0
-15.9232,127.6171,304.3,3.2,1.7,2014-05-24,1444,Terra,MODIS,59,6.2,293.4,27.5,N,0
-16.0585,126.8992,300.7,2.8,1.6,2014-05-24,1444,Terra,MODIS,31,6.2,289.1,20.3,N,0
-16.0565,126.8935,305.6,2.8,1.6,2014-05-24,1444,Terra,MODIS,65,6.2,289.4,34.1,N,0
-12.4299,141.9019,305.6,1.1,1.1,2014-05-24,1609,Aqua,MODIS,65,6.2,293,6.4,N,0
-12.4313,141.9122,304.3,1.1,1.1,2014-05-24,1609,Aqua,MODIS,59,6.2,293.1,5.5,N,0
-13.3393,132.2539,306.9,2.5,1.5,2014-05-24,1610,Aqua,MODIS,70,6.2,292.9,27.2,N,0
-28.9537,149.0779,316,1.3,1.1,2014-05-25,0000,Terra,MODIS,70,6.2,298,13.2,D,0
-28.8838,149.0867,311.9,1.3,1.1,2014-05-25,0000,Terra,MODIS,66,6.2,296.5,10.8,D,0
-29.1662,150.3844,306.9,1.1,1.1,2014-05-25,0000,Terra,MODIS,61,6.2,294.6,4.9,D,0
-28.071,151.5501,304.7,1,1,2014-05-25,0000,Terra,MODIS,54,6.2,292.7,5.3,D,0
-28.9569,149.084,321.4,1.3,1.1,2014-05-25,0000,Terra,MODIS,78,6.2,297.6,20.6,D,0
-28.9561,149.0911,313.4,1.3,1.1,2014-05-25,0000,Terra,MODIS,58,6.2,297.5,9.9,D,0
-26.7949,150.1993,305.6,1.2,1.1,2014-05-25,0000,Terra,MODIS,49,6.2,294,6.3,D,0
-30.2593,152.4248,300.2,1,1,2014-05-25,0000,Terra,MODIS,32,6.2,288.9,3.9,D,0
-30.4044,148.782,305.3,1.3,1.1,2014-05-25,0001,Terra,MODIS,43,6.2,294.1,5.1,D,0
-31.9222,150.7687,307.2,1,1,2014-05-25,0001,Terra,MODIS,65,6.2,291.4,7.2,D,0
-32.8329,146.4869,309.2,1.6,1.2,2014-05-25,0001,Terra,MODIS,68,6.2,294,12.5,D,0
-32.8327,146.481,311,1.6,1.2,2014-05-25,0001,Terra,MODIS,71,6.2,293.7,14.5,D,0
-34.4582,150.8831,315.7,1,1,2014-05-25,0002,Terra,MODIS,57,6.2,295,12.5,D,2
-35.305,150.4521,300.7,1,1,2014-05-25,0002,Terra,MODIS,38,6.2,290.4,3.6,D,0
-12.8387,133.1982,319,1,1,2014-05-25,0134,Terra,MODIS,67,6.2,303.8,8.6,D,0
-12.8325,133.7318,317,1.1,1,2014-05-25,0134,Terra,MODIS,65,6.2,301.3,7.8,D,0
-12.7551,132.6832,321.4,1,1,2014-05-25,0134,Terra,MODIS,71,6.2,302.8,13.1,D,0
-12.8339,133.7417,317,1.1,1,2014-05-25,0134,Terra,MODIS,65,6.2,301.8,8,D,0
-12.7035,132.7097,319,1,1,2014-05-25,0134,Terra,MODIS,67,6.2,305.1,8.7,D,0
-12.8142,133.6031,316.4,1.1,1,2014-05-25,0134,Terra,MODIS,60,6.2,303.5,6.9,D,0
-12.8374,133.1887,316.4,1,1,2014-05-25,0134,Terra,MODIS,54,6.2,303.4,5.8,D,0
-12.3148,133.1413,317.1,1,1,2014-05-25,0134,Terra,MODIS,65,6.2,303.2,6,D,0
-12.3068,133.0848,321.6,1,1,2014-05-25,0134,Terra,MODIS,64,6.2,303.2,10.4,D,0
-12.8555,133.5808,316.3,1.1,1,2014-05-25,0134,Terra,MODIS,52,6.2,302.9,6.1,D,0
-12.8662,133.5893,316.5,1.1,1,2014-05-25,0134,Terra,MODIS,61,6.2,303.1,6.1,D,0
-12.6125,133.7453,317.2,1.1,1,2014-05-25,0134,Terra,MODIS,67,6.2,301,8.7,D,0
-12.2963,133.0768,319.4,1,1,2014-05-25,0134,Terra,MODIS,45,6.2,303.9,8.8,D,0
-12.5681,133.88,314.3,1.1,1,2014-05-25,0134,Terra,MODIS,62,6.2,301.5,5.2,D,0
-14.469,126.062,318,1.8,1.3,2014-05-25,0135,Terra,MODIS,54,6.2,303.2,19.1,D,0
-14.9321,131.6453,352.2,1,1,2014-05-25,0135,Terra,MODIS,96,6.2,307.8,56.2,D,0
-14.9334,131.6546,355.8,1,1,2014-05-25,0135,Terra,MODIS,98,6.2,310.2,64.9,D,0
-14.6098,132.787,319.2,1,1,2014-05-25,0135,Terra,MODIS,56,6.2,308.5,6.9,D,0
-14.6112,132.7966,321,1,1,2014-05-25,0135,Terra,MODIS,62,6.2,308.3,8.3,D,0
-14.5373,132.6707,320.1,1,1,2014-05-25,0135,Terra,MODIS,60,6.2,308.9,7,D,0
-14.367,132.8216,327.4,1,1,2014-05-25,0135,Terra,MODIS,42,6.2,309.6,13.4,D,0
-14.3737,132.8141,336.5,1,1,2014-05-25,0135,Terra,MODIS,70,6.2,308.5,26.2,D,0
-14.3751,132.8237,337.4,1,1,2014-05-25,0135,Terra,MODIS,76,6.2,310,27.9,D,0
-14.3947,132.8306,327,1,1,2014-05-25,0135,Terra,MODIS,54,6.2,310.1,12.1,D,0
-14.3961,132.8402,333.6,1,1,2014-05-25,0135,Terra,MODIS,82,6.2,310,20.7,D,0
-14.5355,132.143,322.4,1,1,2014-05-25,0135,Terra,MODIS,67,6.2,306.5,9.2,D,0
-14.5368,132.1523,324.2,1,1,2014-05-25,0135,Terra,MODIS,70,6.2,307.6,11.1,D,0
-14.534,132.8338,320.8,1,1,2014-05-25,0135,Terra,MODIS,43,6.2,308,6.5,D,0
-14.6048,132.8172,318.8,1,1,2014-05-25,0135,Terra,MODIS,54,6.2,307.3,6.3,D,0
-12.7796,131.0448,318.7,1,1,2014-05-25,0135,Terra,MODIS,64,6.2,303.8,7.9,D,0
-12.7887,131.0434,317.1,1,1,2014-05-25,0135,Terra,MODIS,59,6.2,304,6.5,D,0
-13.2667,133.3711,326.4,1.1,1,2014-05-25,0135,Terra,MODIS,61,6.2,304.3,14.7,D,0
-13.2787,133.3892,321.5,1.1,1,2014-05-25,0135,Terra,MODIS,70,6.2,304.3,11.1,D,0
-13.2773,133.3794,318.9,1.1,1,2014-05-25,0135,Terra,MODIS,21,6.2,304.5,7.8,D,0
-13.2759,133.3697,330.2,1.1,1,2014-05-25,0135,Terra,MODIS,81,6.2,305.8,21,D,0
-13.8596,130.9367,319.9,1,1,2014-05-25,0135,Terra,MODIS,59,6.2,306.3,6.8,D,0
-13.3099,132.3216,323.3,1,1,2014-05-25,0135,Terra,MODIS,71,6.2,305.8,10.9,D,0
-14.218,134.282,320.9,1.2,1.1,2014-05-25,0135,Terra,MODIS,62,6.2,304.4,10.5,D,0
-13.2715,133.2713,345.6,1.1,1,2014-05-25,0135,Terra,MODIS,92,6.2,306.5,46.4,D,0
-13.6252,131.6487,339.1,1,1,2014-05-25,0135,Terra,MODIS,88,6.2,305.6,31.9,D,0
-13.4058,131.2274,333.6,1,1,2014-05-25,0135,Terra,MODIS,83,6.2,307.8,24.1,D,0
-13.736,131.7756,325.8,1,1,2014-05-25,0135,Terra,MODIS,48,6.2,310.8,12,D,0
-14.0755,132.8436,336.3,1,1,2014-05-25,0135,Terra,MODIS,85,6.2,308.8,25.2,D,0
-13.7544,131.8384,327.7,1,1,2014-05-25,0135,Terra,MODIS,77,6.2,308.6,14.5,D,0
-14.1312,131.0279,333.8,1,1,2014-05-25,0135,Terra,MODIS,83,6.2,307.1,21.4,D,0
-13.7531,131.8293,326.3,1,1,2014-05-25,0135,Terra,MODIS,75,6.2,307.2,12.9,D,0
-14.2165,134.2712,318,1.2,1.1,2014-05-25,0135,Terra,MODIS,31,6.2,304.1,7,D,0
-13.6162,131.6501,325,1,1,2014-05-25,0135,Terra,MODIS,73,6.2,305,13.8,D,0
-14.2016,130.9444,325.9,1,1,2014-05-25,0135,Terra,MODIS,36,6.2,307,12.1,D,0
-14.2162,130.9802,343.9,1,1,2014-05-25,0135,Terra,MODIS,91,6.2,306.6,38.6,D,0
-12.9781,131.818,365.4,1,1,2014-05-25,0135,Terra,MODIS,100,6.2,311.1,86.7,D,0
-14.0768,132.8531,325.1,1,1,2014-05-25,0135,Terra,MODIS,72,6.2,308.5,10.4,D,0
-13.7059,131.6957,318.9,1,1,2014-05-25,0135,Terra,MODIS,51,6.2,308,5.8,D,0
-13.7633,131.7091,321.9,1,1,2014-05-25,0135,Terra,MODIS,61,6.2,307.8,8.3,D,0
-14.0276,131.0123,327.5,1,1,2014-05-25,0135,Terra,MODIS,45,6.2,308.4,14,D,0
-13.6678,131.3163,326.7,1,1,2014-05-25,0135,Terra,MODIS,63,6.2,309.8,12.8,D,0
-14.038,131.0202,336.3,1,1,2014-05-25,0135,Terra,MODIS,76,6.2,308.9,24.8,D,0
-13.9994,132.7673,322.2,1,1,2014-05-25,0135,Terra,MODIS,59,6.2,310,8.9,D,0
-14.0007,132.7768,323.4,1,1,2014-05-25,0135,Terra,MODIS,63,6.2,308.2,10,D,0
-13.9767,133.259,326.9,1.1,1,2014-05-25,0135,Terra,MODIS,75,6.2,306,17.3,D,0
-13.6816,132.1566,327.6,1,1,2014-05-25,0135,Terra,MODIS,72,6.2,309.8,13.7,D,0
-12.9795,131.8272,327,1,1,2014-05-25,0135,Terra,MODIS,46,6.2,308.1,10.8,D,0
-13.6803,132.1473,327.3,1,1,2014-05-25,0135,Terra,MODIS,76,6.2,308.4,13.9,D,0
-13.6789,132.1381,326,1,1,2014-05-25,0135,Terra,MODIS,69,6.2,307,12.3,D,0
-13.9739,133.2393,319.1,1.1,1,2014-05-25,0135,Terra,MODIS,59,6.2,305.4,9.2,D,0
-13.9753,133.2492,322.6,1.1,1,2014-05-25,0135,Terra,MODIS,68,6.2,306,12.9,D,0
-13.9558,131.0864,349,1,1,2014-05-25,0135,Terra,MODIS,94,6.2,309.4,49.1,D,0
-13.8745,131.9017,331.3,1,1,2014-05-25,0135,Terra,MODIS,80,6.2,310,18.1,D,0
-13.7611,131.7563,320.7,1,1,2014-05-25,0135,Terra,MODIS,64,6.2,305.6,8.1,D,0
-14.0965,130.7376,321.8,1,1,2014-05-25,0135,Terra,MODIS,68,6.2,305.6,9.8,D,0
-13.1137,133.2572,324.5,1.1,1,2014-05-25,0135,Terra,MODIS,74,6.2,304.4,13.8,D,0
-13.077,133.2626,331.2,1.1,1,2014-05-25,0135,Terra,MODIS,82,6.2,305.1,21.6,D,0
-13.4244,131.0446,322.2,1,1,2014-05-25,0135,Terra,MODIS,69,6.2,306.4,11.6,D,0
-13.7646,131.7183,336.9,1,1,2014-05-25,0135,Terra,MODIS,86,6.2,309.5,27.6,D,0
-13.7374,131.7847,320.3,1,1,2014-05-25,0135,Terra,MODIS,31,6.2,308.1,6.8,D,0
-13.7436,131.765,363.4,1,1,2014-05-25,0135,Terra,MODIS,100,6.2,309.9,82.3,D,0
-13.4044,131.2182,343.9,1,1,2014-05-25,0135,Terra,MODIS,91,6.2,306.9,41.2,D,0
-13.7319,131.748,335.8,1,1,2014-05-25,0135,Terra,MODIS,85,6.2,307.8,25.3,D,0
-12.9664,131.8011,368.5,1,1,2014-05-25,0135,Terra,MODIS,100,6.2,311.8,97.3,D,0
-12.9678,131.8102,354.2,1,1,2014-05-25,0135,Terra,MODIS,97,6.2,312.3,57.9,D,0
-12.9692,131.8194,328.7,1,1,2014-05-25,0135,Terra,MODIS,59,6.2,309.2,13.5,D,0
-12.9754,131.7997,380.1,1,1,2014-05-25,0135,Terra,MODIS,100,6.2,308.7,138.8,D,0
-12.9768,131.8089,390.7,1,1,2014-05-25,0135,Terra,MODIS,100,6.2,313.5,186.7,D,0
-13.2609,133.2631,322.1,1.1,1,2014-05-25,0135,Terra,MODIS,20,6.2,303.9,10.2,D,0
-13.7512,131.7545,338.7,1,1,2014-05-25,0135,Terra,MODIS,71,6.2,308.5,26.9,D,0
-13.745,131.7742,347.6,1,1,2014-05-25,0135,Terra,MODIS,93,6.2,308.6,43.5,D,0
-13.2494,130.7428,317.3,1,1,2014-05-25,0135,Terra,MODIS,42,6.2,303.8,6.5,D,0
-13.8559,131.9016,319.4,1,1,2014-05-25,0135,Terra,MODIS,43,6.2,307.5,5.4,D,0
-13.2509,130.7523,319,1,1,2014-05-25,0135,Terra,MODIS,62,6.2,304.8,8.6,D,0
-14.0539,132.9542,328.4,1,1,2014-05-25,0135,Terra,MODIS,77,6.2,308,13.9,D,0
-14.0525,132.9446,325.8,1,1,2014-05-25,0135,Terra,MODIS,73,6.2,308.9,11.4,D,0
-13.5456,131.2377,318.1,1,1,2014-05-25,0135,Terra,MODIS,58,6.2,305,7.9,D,0
-14.3012,132.1145,326.4,1,1,2014-05-25,0135,Terra,MODIS,74,6.2,307.8,13.5,D,0
-13.3951,131.2166,356.1,1,1,2014-05-25,0135,Terra,MODIS,98,6.2,309.2,65.4,D,0
-15.6723,135.4397,319.8,1.5,1.2,2014-05-25,0135,Terra,MODIS,64,6.2,305.9,14.7,D,0
-13.766,131.7274,326.6,1,1,2014-05-25,0135,Terra,MODIS,75,6.2,308.2,13.3,D,0
-13.5801,132.986,320.1,1,1,2014-05-25,0135,Terra,MODIS,65,6.2,306.8,9.3,D,0
-14.1585,131.6431,331.6,1,1,2014-05-25,0135,Terra,MODIS,81,6.2,307.1,19.8,D,0
-14.1419,131.655,320.8,1,1,2014-05-25,0135,Terra,MODIS,52,6.2,306.9,7.8,D,0
-13.3113,132.3308,337.8,1,1,2014-05-25,0135,Terra,MODIS,87,6.2,307.9,30,D,0
-13.4591,131.7707,337.5,1,1,2014-05-25,0135,Terra,MODIS,87,6.2,308.9,27.6,D,0
-13.4501,131.7721,322.9,1,1,2014-05-25,0135,Terra,MODIS,39,6.2,306.7,8.6,D,0
-13.4488,131.7629,324.6,1,1,2014-05-25,0135,Terra,MODIS,58,6.2,308.2,9.8,D,0
-13.4447,131.7354,338.2,1,1,2014-05-25,0135,Terra,MODIS,87,6.2,307.5,27.9,D,0
-13.9418,132.1741,326.6,1,1,2014-05-25,0135,Terra,MODIS,74,6.2,308.9,12,D,0
-13.4434,131.7263,346.2,1,1,2014-05-25,0135,Terra,MODIS,92,6.2,310.6,43.1,D,0
-13.9341,132.1847,332.3,1,1,2014-05-25,0135,Terra,MODIS,81,6.2,309.7,17.9,D,0
-13.9328,132.1755,341.6,1,1,2014-05-25,0135,Terra,MODIS,89,6.2,311.3,32.4,D,0
-13.5787,132.9766,327.8,1,1,2014-05-25,0135,Terra,MODIS,78,6.2,305.8,18.1,D,0
-13.6149,131.6409,322.6,1,1,2014-05-25,0135,Terra,MODIS,68,6.2,305,11.4,D,0
-13.0862,133.2612,324.6,1.1,1,2014-05-25,0135,Terra,MODIS,74,6.2,305.9,13.9,D,0
-13.3172,132.2452,342,1,1,2014-05-25,0135,Terra,MODIS,90,6.2,307.6,35.8,D,0
-14.0394,131.0295,328.5,1,1,2014-05-25,0135,Terra,MODIS,36,6.2,306.2,15,D,0
-14.0484,131.0281,328.9,1,1,2014-05-25,0135,Terra,MODIS,59,6.2,307.7,15.6,D,0
-13.7755,131.7917,320.8,1,1,2014-05-25,0135,Terra,MODIS,56,6.2,308.1,7.3,D,0
-13.7741,131.7825,325.4,1,1,2014-05-25,0135,Terra,MODIS,73,6.2,308.6,12.5,D,0
-14.0951,130.7281,318.8,1,1,2014-05-25,0135,Terra,MODIS,50,6.2,306.1,6.3,D,0
-15.6706,135.4262,319,1.5,1.2,2014-05-25,0135,Terra,MODIS,62,6.2,305.2,13.4,D,0
-13.3965,131.2258,366,1,1,2014-05-25,0135,Terra,MODIS,100,6.2,313.3,92.2,D,0
-13.2887,130.5717,328.7,1,1,2014-05-25,0135,Terra,MODIS,59,6.2,307.6,15.9,D,0
-14.1665,130.469,325.6,1,1,2014-05-25,0135,Terra,MODIS,74,6.2,307.3,11.8,D,0
-14.1967,130.4838,323,1,1,2014-05-25,0135,Terra,MODIS,62,6.2,306.6,10.1,D,0
-14.1917,130.094,315.8,1.1,1,2014-05-25,0135,Terra,MODIS,48,6.2,303.3,6,D,0
-14.4262,126.4909,314.6,1.7,1.3,2014-05-25,0135,Terra,MODIS,48,6.2,302.4,10.5,D,0
-14.6231,125.8133,318.8,1.9,1.3,2014-05-25,0135,Terra,MODIS,62,6.2,301.4,21.2,D,0
-14.1825,130.0955,330.4,1.1,1,2014-05-25,0135,Terra,MODIS,81,6.2,305.6,22.6,D,0
-14.6201,125.7959,324.2,1.9,1.3,2014-05-25,0135,Terra,MODIS,74,6.2,302.1,35.6,D,0
-13.3022,130.5989,326.5,1,1,2014-05-25,0135,Terra,MODIS,53,6.2,308.8,13.1,D,0
-13.3181,130.59,333.9,1,1,2014-05-25,0135,Terra,MODIS,84,6.2,308.9,24.3,D,0
-13.3196,130.5995,332.1,1,1,2014-05-25,0135,Terra,MODIS,81,6.2,308.3,21.5,D,0
-14.1902,130.0843,315,1.1,1,2014-05-25,0135,Terra,MODIS,38,6.2,303.2,5.2,D,0
-14.1809,130.0857,318.1,1.1,1,2014-05-25,0135,Terra,MODIS,53,6.2,304.2,7.8,D,0
-13.2403,130.7443,333.5,1,1,2014-05-25,0135,Terra,MODIS,83,6.2,305.1,24.7,D,0
-13.7292,133.3933,321.8,1.1,1,2014-05-25,0135,Terra,MODIS,69,6.2,306.1,10.8,D,0
-13.7426,133.4217,335.1,1.1,1,2014-05-25,0135,Terra,MODIS,85,6.2,305,29.4,D,0
-13.0343,131.391,319.6,1,1,2014-05-25,0135,Terra,MODIS,64,6.2,304.3,7.7,D,0
-13.7413,133.4118,337.5,1.1,1,2014-05-25,0135,Terra,MODIS,87,6.2,306.2,32.6,D,0
-13.2477,133.4196,320.5,1.1,1,2014-05-25,0135,Terra,MODIS,38,6.2,304.2,9.1,D,0
-12.8516,133.1575,322.2,1,1,2014-05-25,0135,Terra,MODIS,55,6.2,303.8,12.1,D,0
-13.2398,133.4307,324.7,1.1,1,2014-05-25,0135,Terra,MODIS,68,6.2,304.2,13.8,D,0
-13.0206,133.5148,329.2,1.1,1,2014-05-25,0135,Terra,MODIS,54,6.2,304.1,17.1,D,0
-13.0194,130.681,330.7,1,1,2014-05-25,0135,Terra,MODIS,81,6.2,305,20.3,D,0
-13.0178,133.4953,331.8,1.1,1,2014-05-25,0135,Terra,MODIS,73,6.2,304.4,22.8,D,0
-13.0377,133.5024,331.1,1.1,1,2014-05-25,0135,Terra,MODIS,65,6.2,304.3,20.4,D,0
-14.2878,134.2835,332.7,1.2,1.1,2014-05-25,0135,Terra,MODIS,83,6.2,305.4,28.1,D,0
-13.7729,133.3669,319.2,1.1,1,2014-05-25,0135,Terra,MODIS,63,6.2,305.4,8.9,D,0
-12.8502,133.1479,334.9,1,1,2014-05-25,0135,Terra,MODIS,65,6.2,304.7,28.6,D,0
-13.2491,133.4293,324.7,1.1,1,2014-05-25,0135,Terra,MODIS,75,6.2,305.5,14.1,D,0
-12.9602,131.8207,327.1,1,1,2014-05-25,0135,Terra,MODIS,38,6.2,308.7,11.8,D,0
-13.2418,130.7537,332.2,1,1,2014-05-25,0135,Terra,MODIS,82,6.2,306.1,23.3,D,0
-13.0329,131.3818,320.5,1,1,2014-05-25,0135,Terra,MODIS,66,6.2,305.2,8.3,D,0
-13.0209,130.6905,320.7,1,1,2014-05-25,0135,Terra,MODIS,55,6.2,304,8.5,D,0
-13.7436,133.3611,325.1,1.1,1,2014-05-25,0135,Terra,MODIS,74,6.2,305.3,15.2,D,0
-13.0239,131.3832,317.9,1,1,2014-05-25,0135,Terra,MODIS,26,6.2,304.5,5.7,D,0
-13.0669,133.508,317,1.1,1,2014-05-25,0135,Terra,MODIS,61,6.2,303.5,6.6,D,0
-14.5939,127.7862,324.3,1.4,1.2,2014-05-25,0135,Terra,MODIS,72,6.2,303.9,19.1,D,0
-14.5563,127.8815,320.9,1.4,1.2,2014-05-25,0135,Terra,MODIS,69,6.2,303.3,14.8,D,0
-14.2072,130.9816,346.8,1,1,2014-05-25,0135,Terra,MODIS,93,6.2,310.5,43.3,D,0
-15.1682,126.5148,320.8,1.6,1.3,2014-05-25,0135,Terra,MODIS,63,6.2,302,21.1,D,0
-14.9723,127.4118,328.2,1.4,1.2,2014-05-25,0135,Terra,MODIS,79,6.2,304.8,27.5,D,0
-13.9092,130.4109,328.3,1,1,2014-05-25,0135,Terra,MODIS,78,6.2,309.1,17.8,D,0
-15.5224,130.2968,322.7,1,1,2014-05-25,0135,Terra,MODIS,60,6.2,306.8,9.8,D,0
-13.9106,130.4205,323.8,1,1,2014-05-25,0135,Terra,MODIS,72,6.2,306.7,12.1,D,0
-14.4447,127.6334,317.6,1.4,1.2,2014-05-25,0135,Terra,MODIS,45,6.2,302.7,9.5,D,0
-14.2086,130.9909,328.9,1,1,2014-05-25,0135,Terra,MODIS,72,6.2,308.2,15.9,D,0
-15.1657,126.5,325.8,1.6,1.3,2014-05-25,0135,Terra,MODIS,77,6.2,302.5,30.6,D,0
-14.203,130.9537,327.1,1,1,2014-05-25,0135,Terra,MODIS,42,6.2,308.5,13.1,D,0
-14.4321,127.6224,322.1,1.4,1.2,2014-05-25,0135,Terra,MODIS,72,6.2,303.2,17.9,D,0
-14.5565,127.7536,326,1.4,1.2,2014-05-25,0135,Terra,MODIS,77,6.2,303.6,22.9,D,0
-14.6767,127.4953,326.9,1.4,1.2,2014-05-25,0135,Terra,MODIS,78,6.2,303.8,26.9,D,0
-14.5586,127.766,325.8,1.4,1.2,2014-05-25,0135,Terra,MODIS,76,6.2,305.2,22.9,D,0
-14.5959,127.7987,321.5,1.4,1.2,2014-05-25,0135,Terra,MODIS,63,6.2,304.2,14.8,D,0
-15.5093,130.2111,324.7,1,1,2014-05-25,0135,Terra,MODIS,17,6.2,307.7,10.1,D,0
-15.5141,130.181,328.7,1,1,2014-05-25,0135,Terra,MODIS,78,6.2,307.2,15.6,D,0
-14.4426,127.6205,350.4,1.4,1.2,2014-05-25,0135,Terra,MODIS,95,6.2,303.5,88.6,D,0
-14.5627,127.8556,326.1,1.4,1.2,2014-05-25,0135,Terra,MODIS,77,6.2,303,23.7,D,0
-15.2401,126.8041,333.8,1.6,1.2,2014-05-25,0135,Terra,MODIS,84,6.2,303.1,47.2,D,0
-15.5591,130.1776,327.2,1,1,2014-05-25,0135,Terra,MODIS,76,6.2,306.5,14.4,D,0
-15.5606,130.1871,330.8,1,1,2014-05-25,0135,Terra,MODIS,80,6.2,308.2,19.1,D,0
-15.2377,126.7897,327.8,1.6,1.2,2014-05-25,0135,Terra,MODIS,79,6.2,302.5,31.9,D,0
-15.5697,130.1857,323,1,1,2014-05-25,0135,Terra,MODIS,69,6.2,307.6,10.1,D,0
-14.5669,127.7516,316.8,1.4,1.2,2014-05-25,0135,Terra,MODIS,52,6.2,302.7,8.5,D,0
-15.5406,130.2939,329.9,1,1,2014-05-25,0135,Terra,MODIS,79,6.2,307.3,18.4,D,0
-14.9913,127.3951,317.2,1.4,1.2,2014-05-25,0135,Terra,MODIS,57,6.2,303,9.3,D,0
-14.6745,127.4818,327.4,1.4,1.2,2014-05-25,0135,Terra,MODIS,78,6.2,304.5,28,D,0
-15.3432,126.7346,316.6,1.6,1.2,2014-05-25,0135,Terra,MODIS,59,6.2,301,15.2,D,0
-14.569,127.7641,318.2,1.4,1.2,2014-05-25,0135,Terra,MODIS,30,6.2,304.1,9.7,D,0
-16.5983,127.2686,320.1,1.4,1.2,2014-05-25,0136,Terra,MODIS,32,6.2,304,14.1,D,0
-16.3925,127.3758,334.9,1.4,1.2,2014-05-25,0136,Terra,MODIS,86,6.2,293,40.9,D,0
-16.5337,128.1214,324,1.2,1.1,2014-05-25,0136,Terra,MODIS,73,6.2,298,19.3,D,0
-16.0346,126.9436,321.2,1.5,1.2,2014-05-25,0136,Terra,MODIS,70,6.2,296.2,18,D,0
-16.0594,127.0025,335.1,1.5,1.2,2014-05-25,0136,Terra,MODIS,86,6.2,298.4,47,D,0
-16.0487,127.0043,330,1.5,1.2,2014-05-25,0136,Terra,MODIS,82,6.2,298.5,33.8,D,0
-16.0368,126.9572,328.4,1.5,1.2,2014-05-25,0136,Terra,MODIS,80,6.2,296.9,33.2,D,0
-16.0542,126.996,325.3,1.5,1.2,2014-05-25,0136,Terra,MODIS,68,6.2,296.9,24.6,D,0
-16.0564,127.0096,334.2,1.5,1.2,2014-05-25,0136,Terra,MODIS,85,6.2,299.3,43.2,D,0
-16.0394,126.9502,330.7,1.5,1.2,2014-05-25,0136,Terra,MODIS,82,6.2,296.9,38.5,D,0
-16.0356,127.0827,326,1.4,1.2,2014-05-25,0136,Terra,MODIS,77,6.2,299.6,23.1,D,0
-17.0946,127.73,316.4,1.3,1.1,2014-05-25,0136,Terra,MODIS,22,6.2,297.6,7.7,D,0
-16.9025,127.8064,322.1,1.3,1.1,2014-05-25,0136,Terra,MODIS,72,6.2,298.1,15.5,D,0
-16.2697,130.3027,324.5,1,1,2014-05-25,0136,Terra,MODIS,68,6.2,305.5,12.3,D,0
-16.529,126.9849,335.4,1.4,1.2,2014-05-25,0136,Terra,MODIS,86,6.2,300.6,44.1,D,0
-17.0862,127.7382,319,1.3,1.1,2014-05-25,0136,Terra,MODIS,54,6.2,298.5,10.5,D,0
-16.5268,126.9716,319.6,1.4,1.2,2014-05-25,0136,Terra,MODIS,52,6.2,296.7,13.2,D,0
-16.2132,127.4069,336.1,1.4,1.2,2014-05-25,0136,Terra,MODIS,68,6.2,296.5,40.5,D,0
-16.2152,127.4197,346.4,1.4,1.2,2014-05-25,0136,Terra,MODIS,93,6.2,298.2,66.3,D,0
-16.2211,127.4124,382.4,1.4,1.2,2014-05-25,0136,Terra,MODIS,100,6.2,301.7,237.5,D,0
-16.5863,130.4463,326.9,1,1,2014-05-25,0136,Terra,MODIS,76,6.2,299.7,15.2,D,0
-16.1101,126.2919,316.1,1.6,1.3,2014-05-25,0136,Terra,MODIS,45,6.2,301.5,11.8,D,0
-16.4599,126.5135,319.7,1.6,1.2,2014-05-25,0136,Terra,MODIS,70,6.2,301.5,17.9,D,0
-17.1834,127.7082,315.9,1.3,1.1,2014-05-25,0136,Terra,MODIS,46,6.2,300.4,7.8,D,0
-16.2782,127.0754,315.8,1.4,1.2,2014-05-25,0136,Terra,MODIS,50,6.2,300.4,10.7,D,0
-16.448,126.9223,315.6,1.5,1.2,2014-05-25,0136,Terra,MODIS,44,6.2,300.4,9.7,D,0
-16.3984,127.3686,329,1.4,1.2,2014-05-25,0136,Terra,MODIS,64,6.2,293.2,27.7,D,0
-16.3881,127.3704,332.2,1.4,1.2,2014-05-25,0136,Terra,MODIS,76,6.2,291.5,33.8,D,0
-16.5184,126.9867,334.6,1.4,1.2,2014-05-25,0136,Terra,MODIS,86,6.2,300.2,42.6,D,0
-16.9213,127.736,321.9,1.3,1.1,2014-05-25,0136,Terra,MODIS,30,6.2,299.6,14.4,D,0
-16.9657,127.6918,317.1,1.3,1.1,2014-05-25,0136,Terra,MODIS,24,6.2,299.1,8.7,D,0
-16.9677,127.7038,321.2,1.3,1.1,2014-05-25,0136,Terra,MODIS,62,6.2,300.3,14.1,D,0
-16.9696,127.7156,324,1.3,1.1,2014-05-25,0136,Terra,MODIS,57,6.2,301.1,17.3,D,0
-16.9835,127.7379,321.1,1.3,1.1,2014-05-25,0136,Terra,MODIS,44,6.2,299.2,12.6,D,0
-16.6922,127.9627,315.9,1.2,1.1,2014-05-25,0136,Terra,MODIS,21,6.2,297.3,8.4,D,0
-16.2618,128.4108,333.1,1.2,1.1,2014-05-25,0136,Terra,MODIS,83,6.2,305.5,29.7,D,0
-16.0746,126.8309,314.5,1.5,1.2,2014-05-25,0136,Terra,MODIS,55,6.2,292.9,12,D,0
-16.2636,128.4219,337.9,1.2,1.1,2014-05-25,0136,Terra,MODIS,87,6.2,305.7,39,D,0
-16.1092,126.2834,319.2,1.6,1.3,2014-05-25,0136,Terra,MODIS,69,6.2,302.1,17.6,D,0
-16.0539,126.9055,326.3,1.5,1.2,2014-05-25,0136,Terra,MODIS,78,6.2,296.8,27.8,D,0
-16.0516,126.8918,335.5,1.5,1.2,2014-05-25,0136,Terra,MODIS,86,6.2,298.3,49,D,0
-16.5191,127.0548,322.4,1.4,1.2,2014-05-25,0136,Terra,MODIS,42,6.2,299.9,15.8,D,0
-16.5169,127.0416,338.9,1.4,1.2,2014-05-25,0136,Terra,MODIS,89,6.2,303.3,51.8,D,0
-16.0556,127.0451,326.2,1.4,1.2,2014-05-25,0136,Terra,MODIS,73,6.2,300.4,24.2,D,0
-16.0533,127.0315,333.6,1.5,1.2,2014-05-25,0136,Terra,MODIS,85,6.2,299.1,39.9,D,0
-16.5127,127.0483,367.8,1.4,1.2,2014-05-25,0136,Terra,MODIS,100,6.2,305,165.6,D,0
-16.0524,127.0522,327.3,1.4,1.2,2014-05-25,0136,Terra,MODIS,76,6.2,300.5,25.6,D,0
-16.0502,127.0387,346.6,1.5,1.2,2014-05-25,0136,Terra,MODIS,93,6.2,300.3,76.9,D,0
-16.5105,127.0352,353.6,1.4,1.2,2014-05-25,0136,Terra,MODIS,97,6.2,302.4,100.6,D,0
-16.2315,127.4107,340.2,1.4,1.2,2014-05-25,0136,Terra,MODIS,89,6.2,291.4,51.7,D,0
-16.0998,127.4723,337.9,1.4,1.2,2014-05-25,0136,Terra,MODIS,88,6.2,297.6,48.7,D,0
-16.9113,127.7377,323.7,1.3,1.1,2014-05-25,0136,Terra,MODIS,44,6.2,300.7,16.5,D,0
-15.9181,127.6189,339.8,1.3,1.1,2014-05-25,0136,Terra,MODIS,89,6.2,298.9,49.8,D,0
-15.9202,127.6311,348,1.3,1.1,2014-05-25,0136,Terra,MODIS,94,6.2,301.3,74,D,0
-15.9304,127.6292,321.3,1.3,1.1,2014-05-25,0136,Terra,MODIS,38,6.2,296,15.1,D,0
-16.0665,127.3996,320.3,1.4,1.2,2014-05-25,0136,Terra,MODIS,65,6.2,299.7,14.9,D,0
-16.1364,127.6315,318.5,1.3,1.1,2014-05-25,0136,Terra,MODIS,55,6.2,295.6,10.7,D,0
-16.1344,127.6193,322,1.3,1.1,2014-05-25,0136,Terra,MODIS,67,6.2,297,16.3,D,0
-16.2208,128.2802,325.5,1.2,1.1,2014-05-25,0136,Terra,MODIS,75,6.2,304.5,18.8,D,0
-16.2232,127.4251,383.2,1.4,1.2,2014-05-25,0136,Terra,MODIS,100,6.2,305.8,240.6,D,0
-16.0895,127.4742,323.4,1.4,1.2,2014-05-25,0136,Terra,MODIS,74,6.2,298.1,20.3,D,0
-16.2479,128.1296,327.1,1.2,1.1,2014-05-25,0136,Terra,MODIS,77,6.2,303.1,20.8,D,0
-16.0977,127.4598,349.7,1.4,1.2,2014-05-25,0136,Terra,MODIS,95,6.2,299.6,82.8,D,0
-16.0779,128.477,320,1.2,1.1,2014-05-25,0136,Terra,MODIS,65,6.2,306.4,9.1,D,0
-16.2461,128.1186,355.8,1.2,1.1,2014-05-25,0136,Terra,MODIS,98,6.2,305.4,87.9,D,0
-16.233,128.1032,322.4,1.2,1.1,2014-05-25,0136,Terra,MODIS,46,6.2,303.9,13.4,D,0
-16.913,127.7441,320.8,1.3,1.1,2014-05-25,0136,Terra,MODIS,39,6.2,298.8,11.8,D,0
-16.2222,128.4755,318.2,1.2,1.1,2014-05-25,0136,Terra,MODIS,57,6.2,303.3,7.9,D,0
-15.9671,127.4223,316.3,1.4,1.2,2014-05-25,0136,Terra,MODIS,55,6.2,294.2,11.1,D,0
-16.1756,128.5121,320.5,1.2,1.1,2014-05-25,0136,Terra,MODIS,67,6.2,302.6,11.6,D,0
-16.0679,127.6491,315.3,1.3,1.1,2014-05-25,0136,Terra,MODIS,47,6.2,297.5,8.7,D,0
-16.0128,127.6339,324.6,1.3,1.1,2014-05-25,0136,Terra,MODIS,57,6.2,298.3,18.3,D,0
-16.0107,127.6213,335.7,1.3,1.1,2014-05-25,0136,Terra,MODIS,86,6.2,298.7,40.7,D,0
-16.2336,127.4233,350.9,1.4,1.2,2014-05-25,0136,Terra,MODIS,95,6.2,292.1,83,D,0
-17.197,137.7254,314.8,2.3,1.5,2014-05-25,0136,Terra,MODIS,51,6.2,303.3,17.4,D,0
-15.7682,125.5749,316.5,1.9,1.3,2014-05-25,0136,Terra,MODIS,57,6.2,300.5,17.9,D,0
-16.3398,130.4016,329.5,1,1,2014-05-25,0136,Terra,MODIS,40,6.2,298.4,16.9,D,0
-17.1995,137.7463,324.1,2.3,1.5,2014-05-25,0136,Terra,MODIS,74,6.2,304.9,46.2,D,0
-17.1965,137.7403,324.5,2.3,1.5,2014-05-25,0136,Terra,MODIS,75,6.2,305,47.4,D,0
-19.3246,133.6273,323.5,1.3,1.1,2014-05-25,0136,Terra,MODIS,72,6.2,304.8,16.8,D,0
-19.323,133.6154,317.2,1.3,1.1,2014-05-25,0136,Terra,MODIS,56,6.2,304.7,8.4,D,0
-21.7613,129.0967,320.4,1,1,2014-05-25,0137,Terra,MODIS,67,6.2,305,8.5,D,0
-21.7689,129.0854,329.7,1,1,2014-05-25,0137,Terra,MODIS,80,6.2,307.2,18.7,D,0
-21.9174,129.5807,342.2,1,1,2014-05-25,0137,Terra,MODIS,90,6.2,308.1,38.3,D,0
-21.925,129.5695,357.6,1,1,2014-05-25,0137,Terra,MODIS,98,6.2,308.8,70.8,D,0
-21.9215,129.3622,324.3,1,1,2014-05-25,0137,Terra,MODIS,74,6.2,305.2,13,D,0
-21.8138,129.1976,326.1,1,1,2014-05-25,0137,Terra,MODIS,76,6.2,304.2,15.7,D,0
-21.9146,129.5614,336.4,1,1,2014-05-25,0137,Terra,MODIS,86,6.2,305.7,28.2,D,0
-21.8511,129.261,317.4,1,1,2014-05-25,0137,Terra,MODIS,59,6.2,303.7,6.3,D,0
-21.9826,129.0962,325.4,1,1,2014-05-25,0137,Terra,MODIS,75,6.2,304.1,15,D,0
-21.8157,129.0272,317.8,1,1,2014-05-25,0137,Terra,MODIS,55,6.2,304.6,5.8,D,0
-21.923,129.3718,318.8,1,1,2014-05-25,0137,Terra,MODIS,62,6.2,305.5,6.8,D,0
-21.916,129.571,342.4,1,1,2014-05-25,0137,Terra,MODIS,90,6.2,308.7,38.2,D,0
-21.9184,129.4024,317.9,1,1,2014-05-25,0137,Terra,MODIS,62,6.2,303.6,6.5,D,0
-21.9221,129.5502,332.7,1,1,2014-05-25,0137,Terra,MODIS,83,6.2,306.4,23.5,D,0
-21.8123,129.1879,365.9,1,1,2014-05-25,0137,Terra,MODIS,100,6.2,306.6,96,D,0
-21.9207,129.5406,321.9,1,1,2014-05-25,0137,Terra,MODIS,70,6.2,304.1,10.8,D,0
-36.1413,149.9599,300.3,1.3,1.2,2014-05-25,0417,Aqua,MODIS,35,6.2,289.7,5.8,D,0
-34.7529,145.9204,302.4,1,1,2014-05-25,0418,Aqua,MODIS,52,6.2,282.7,5.4,D,0
-34.9013,146.0346,300.1,1,1,2014-05-25,0418,Aqua,MODIS,23,6.2,284.3,2.1,D,0
-34.8508,147.0857,319.7,1.1,1,2014-05-25,0418,Aqua,MODIS,75,6.2,280.6,19.9,D,0
-34.9289,147.0496,322.1,1.1,1,2014-05-25,0418,Aqua,MODIS,81,6.2,284,21.2,D,0
-32.7965,142.8387,315.3,1.1,1,2014-05-25,0418,Aqua,MODIS,72,6.2,292.9,10.1,D,0
-34.903,146.0236,312.1,1,1,2014-05-25,0418,Aqua,MODIS,72,6.2,285.7,9.9,D,0
-33.6949,138.802,308.8,1.7,1.3,2014-05-25,0418,Aqua,MODIS,68,6.2,277,21.5,D,0
-35.2725,144.7425,340,1,1,2014-05-25,0418,Aqua,MODIS,92,6.2,288,43.6,D,0
-34.8548,147.0922,326.1,1.1,1,2014-05-25,0418,Aqua,MODIS,84,6.2,281.9,25.4,D,0
-35.3846,145.1196,309.8,1,1,2014-05-25,0418,Aqua,MODIS,60,6.2,276.5,10.1,D,0
-34.849,147.0974,314.3,1.1,1,2014-05-25,0418,Aqua,MODIS,75,6.2,279.8,14.6,D,0
-35.274,144.7314,360.5,1,1,2014-05-25,0418,Aqua,MODIS,100,6.2,290.1,88,D,0
-34.214,137.8098,303.9,2,1.4,2014-05-25,0418,Aqua,MODIS,53,6.2,281.3,11.6,D,0
-32.8022,142.8464,324.2,1.1,1,2014-05-25,0418,Aqua,MODIS,81,6.2,292.8,18.9,D,0
-34.0452,138.4196,304.8,1.8,1.3,2014-05-25,0418,Aqua,MODIS,58,6.2,284.6,12.9,D,0
-34.216,137.7876,313.8,2,1.4,2014-05-25,0418,Aqua,MODIS,74,6.2,280.7,30.9,D,0
-35.3862,145.1086,343.9,1,1,2014-05-25,0418,Aqua,MODIS,71,6.2,278.9,51.1,D,0
-34.0805,137.8764,311.7,2,1.4,2014-05-25,0418,Aqua,MODIS,72,6.2,293.2,21.6,D,0
-34.467,150.8808,302.8,1.6,1.3,2014-05-25,0418,Aqua,MODIS,0,6.2,289.5,9,D,2
-34.0933,150.4655,317.5,1.6,1.2,2014-05-25,0418,Aqua,MODIS,64,6.2,286.5,30.9,D,0
-32.8007,142.8577,325,1.1,1,2014-05-25,0418,Aqua,MODIS,82,6.2,291.5,19.8,D,0
-32.3021,148.9826,308.7,1.4,1.2,2014-05-25,0418,Aqua,MODIS,65,6.2,294.8,10.2,D,0
-34.822,145.8287,303.7,1,1,2014-05-25,0418,Aqua,MODIS,57,6.2,275.4,7.2,D,0
-32.8395,146.4821,313.6,1.1,1,2014-05-25,0418,Aqua,MODIS,68,6.2,299,8.4,D,0
-32.7951,142.8501,329.3,1.1,1,2014-05-25,0418,Aqua,MODIS,85,6.2,293.3,26.4,D,0
-35.3488,145.4979,302.1,1,1,2014-05-25,0418,Aqua,MODIS,51,6.2,273,6.1,D,0
-34.0901,150.4823,311.4,1.6,1.2,2014-05-25,0418,Aqua,MODIS,71,6.2,287.9,20.7,D,0
-32.7936,142.8614,313,1.1,1,2014-05-25,0418,Aqua,MODIS,69,6.2,290.8,8.2,D,0
-34.2122,145.8428,308.4,1,1,2014-05-25,0418,Aqua,MODIS,67,6.2,276.8,9.2,D,0
-34.9308,147.038,312.5,1.1,1,2014-05-25,0418,Aqua,MODIS,73,6.2,282.6,12,D,0
-35.0038,147.3725,317.5,1.1,1,2014-05-25,0418,Aqua,MODIS,78,6.2,287.1,16.5,D,0
-32.3047,148.9679,307.9,1.4,1.2,2014-05-25,0418,Aqua,MODIS,63,6.2,295,8.9,D,0
-34.3405,149.4375,300.6,1.4,1.2,2014-05-25,0418,Aqua,MODIS,40,6.2,286.5,7.8,D,0
-35.2335,144.0865,300.6,1,1,2014-05-25,0418,Aqua,MODIS,39,6.2,277.4,5.1,D,0
-34.6781,137.6688,323.1,2.1,1.4,2014-05-25,0418,Aqua,MODIS,82,6.2,292.1,53.3,D,0
-35.5274,144.2913,310.4,1,1,2014-05-25,0418,Aqua,MODIS,70,6.2,286.1,9,D,0
-35.1896,144.3428,305.7,1,1,2014-05-25,0418,Aqua,MODIS,21,6.2,287.1,5.8,D,0
-35.1911,144.3317,306.2,1,1,2014-05-25,0418,Aqua,MODIS,30,6.2,286.4,6.2,D,0
-35.2002,144.3335,312.1,1,1,2014-05-25,0418,Aqua,MODIS,72,6.2,287.2,10.5,D,0
-35.3579,143.9773,300.4,1,1,2014-05-25,0418,Aqua,MODIS,37,6.2,277.8,6.1,D,0
-35.1987,144.3447,310.8,1,1,2014-05-25,0418,Aqua,MODIS,70,6.2,287.9,9.5,D,0
-35.2649,144.7296,306.8,1,1,2014-05-25,0418,Aqua,MODIS,64,6.2,281.2,7.6,D,0
-35.4303,144.456,336,1,1,2014-05-25,0418,Aqua,MODIS,90,6.2,286.2,36.9,D,0
-35.4409,144.4466,304.1,1,1,2014-05-25,0418,Aqua,MODIS,56,6.2,283.6,4.9,D,0
-35.4393,144.4578,331.9,1,1,2014-05-25,0418,Aqua,MODIS,88,6.2,283.5,31.1,D,0
-29.214,148.0562,315.2,1.4,1.2,2014-05-25,0419,Aqua,MODIS,47,6.2,293.5,13.4,D,0
-28.4895,151.2638,311.2,2.4,1.5,2014-05-25,0419,Aqua,MODIS,62,6.2,296,26.1,D,0
-28.5747,149.4696,314.1,1.8,1.3,2014-05-25,0419,Aqua,MODIS,68,6.2,301,14.7,D,0
-26.7395,147.0863,315.8,1.4,1.2,2014-05-25,0420,Aqua,MODIS,51,6.2,302.5,7.2,D,0
-23.8249,145.9479,319.8,1.3,1.1,2014-05-25,0421,Aqua,MODIS,66,6.2,299.3,18,D,0
-23.0362,147.5005,315.2,1.7,1.3,2014-05-25,0421,Aqua,MODIS,44,6.2,301.4,13.6,D,0
-23.0392,147.484,314.3,1.7,1.3,2014-05-25,0421,Aqua,MODIS,34,6.2,299.8,13,D,0
-23.039,147.4943,320.5,1.7,1.3,2014-05-25,0421,Aqua,MODIS,72,6.2,301.5,25.5,D,0
-19.5261,146.5974,316.5,1.7,1.3,2014-05-25,0422,Aqua,MODIS,51,6.2,295.8,22,D,0
-19.5177,146.5887,318.1,1.7,1.3,2014-05-25,0422,Aqua,MODIS,31,6.2,295.5,23.3,D,0
-19.5176,146.5786,321.4,1.7,1.3,2014-05-25,0422,Aqua,MODIS,74,6.2,294.6,32.5,D,0
-17.1899,137.7222,332.3,1.2,1.1,2014-05-25,0423,Aqua,MODIS,78,6.2,307,27.1,D,0
-17.1939,137.7697,329.8,1.2,1.1,2014-05-25,0423,Aqua,MODIS,67,6.2,309.6,20.7,D,0
-17.1825,137.7798,324.6,1.2,1.1,2014-05-25,0423,Aqua,MODIS,69,6.2,309.6,13.6,D,0
-17.184,137.7683,329.2,1.2,1.1,2014-05-25,0423,Aqua,MODIS,74,6.2,308.3,20.1,D,0
-15.2086,143.812,313,1.3,1.1,2014-05-25,0423,Aqua,MODIS,28,6.2,298.5,7.7,D,0
-16.3356,130.3912,333.1,4.1,1.9,2014-05-25,0423,Aqua,MODIS,83,6.2,304.1,176,D,0
-17.103,137.9916,318.7,1.2,1.1,2014-05-25,0423,Aqua,MODIS,56,6.2,308.1,7.5,D,0
-16.9446,137.8777,333.8,1.2,1.1,2014-05-25,0423,Aqua,MODIS,83,6.2,308.9,30.9,D,0
-16.9461,137.8665,319.4,1.2,1.1,2014-05-25,0423,Aqua,MODIS,42,6.2,305.9,9.2,D,0
-16.9363,137.865,318.4,1.2,1.1,2014-05-25,0423,Aqua,MODIS,34,6.2,306.2,8.2,D,0
-17.2068,137.7481,323.5,1.2,1.1,2014-05-25,0423,Aqua,MODIS,62,6.2,309.5,12.2,D,0
-17.2083,137.7365,322.2,1.2,1.1,2014-05-25,0423,Aqua,MODIS,38,6.2,309.5,10.5,D,0
-17.655,138.8515,324.2,1.1,1,2014-05-25,0423,Aqua,MODIS,49,6.2,310.2,10.1,D,0
-17.6497,138.8557,330.1,1.1,1,2014-05-25,0423,Aqua,MODIS,77,6.2,310.7,18.8,D,0
-17.6511,138.8454,334.3,1.1,1,2014-05-25,0423,Aqua,MODIS,82,6.2,310.8,25.7,D,0
-17.0331,137.9928,330.4,1.2,1.1,2014-05-25,0423,Aqua,MODIS,80,6.2,308.2,22.2,D,0
-17.0346,137.9817,333.5,1.2,1.1,2014-05-25,0423,Aqua,MODIS,83,6.2,307.8,28.1,D,0
-17.0323,137.9874,331.2,1.2,1.1,2014-05-25,0423,Aqua,MODIS,80,6.2,308.4,25.4,D,0
-15.503,130.288,316.1,4.1,1.9,2014-05-25,0423,Aqua,MODIS,35,6.2,302.3,36.3,D,0
-16.3394,130.353,346.1,4.1,1.9,2014-05-25,0423,Aqua,MODIS,92,6.2,303.1,344.1,D,0
-16.3433,130.3615,353,4.1,1.9,2014-05-25,0423,Aqua,MODIS,96,6.2,303.5,454.3,D,0
-15.4341,141.7589,337.8,1.1,1,2014-05-25,0423,Aqua,MODIS,87,6.2,306.8,30,D,0
-13.897,142.6532,326.7,1.2,1.1,2014-05-25,0423,Aqua,MODIS,79,6.2,304.8,20.3,D,0
-14.9472,143.0716,323.1,1.2,1.1,2014-05-25,0423,Aqua,MODIS,74,6.2,304.1,15.7,D,0
-14.5117,142.024,326.4,1.1,1,2014-05-25,0423,Aqua,MODIS,78,6.2,305.7,17.2,D,0
-13.8936,142.6751,317.1,1.2,1.1,2014-05-25,0423,Aqua,MODIS,32,6.2,302.7,7.6,D,0
-14.6822,142.1782,317.6,1.1,1,2014-05-25,0423,Aqua,MODIS,27,6.2,304.4,6.1,D,0
-13.8953,142.6642,327.3,1.2,1.1,2014-05-25,0423,Aqua,MODIS,79,6.2,305.9,20.9,D,0
-14.5132,142.0139,321.9,1.1,1,2014-05-25,0423,Aqua,MODIS,72,6.2,305.5,11.6,D,0
-15.5073,141.5824,318.6,1,1,2014-05-25,0423,Aqua,MODIS,60,6.2,306.4,6.3,D,0
-16.2104,136.0414,319.5,1.5,1.2,2014-05-25,0423,Aqua,MODIS,61,6.2,306.9,12.3,D,0
-14.9455,143.0828,361.4,1.2,1.1,2014-05-25,0423,Aqua,MODIS,100,6.2,308.2,108.1,D,0
-15.4249,141.7574,344.5,1.1,1,2014-05-25,0423,Aqua,MODIS,91,6.2,308.1,42.2,D,0
-16.2086,136.0558,332.7,1.5,1.2,2014-05-25,0423,Aqua,MODIS,82,6.2,308.7,39.9,D,0
-15.4187,141.7365,321.6,1.1,1,2014-05-25,0423,Aqua,MODIS,59,6.2,309.1,9.9,D,0
-16.2214,136.0429,334.8,1.5,1.2,2014-05-25,0423,Aqua,MODIS,84,6.2,307.1,45.7,D,0
-16.2196,136.0572,348.6,1.5,1.2,2014-05-25,0423,Aqua,MODIS,94,6.2,309.1,89.5,D,0
-14.9356,143.0811,320,1.2,1.1,2014-05-25,0423,Aqua,MODIS,55,6.2,304.3,11.6,D,0
-15.4404,141.7799,334.4,1.1,1,2014-05-25,0423,Aqua,MODIS,84,6.2,308,25.8,D,0
-15.4785,141.5876,319.4,1,1,2014-05-25,0423,Aqua,MODIS,62,6.2,308.7,7.7,D,0
-14.6807,142.1884,329.6,1.1,1,2014-05-25,0423,Aqua,MODIS,81,6.2,307.7,20.7,D,0
-14.6713,142.1869,334.4,1.1,1,2014-05-25,0423,Aqua,MODIS,85,6.2,306.9,28.5,D,0
-15.439,141.7896,323.6,1.1,1,2014-05-25,0423,Aqua,MODIS,67,6.2,307.6,11.3,D,0
-14.6697,142.1971,336.4,1.1,1,2014-05-25,0423,Aqua,MODIS,87,6.2,306.8,31.4,D,0
-12.753,133.4904,323.7,2.1,1.4,2014-05-25,0424,Aqua,MODIS,38,6.2,299.7,41.8,D,0
-12.9275,131.157,317,3.2,1.7,2014-05-25,0424,Aqua,MODIS,64,6.2,300.7,41.9,D,0
-12.7431,133.4767,330.8,2.1,1.4,2014-05-25,0424,Aqua,MODIS,73,6.2,299.1,63.3,D,0
-12.7427,133.4696,328.1,2.1,1.4,2014-05-25,0424,Aqua,MODIS,77,6.2,299.2,57.5,D,0
-12.7453,133.4574,324.1,2.1,1.4,2014-05-25,0424,Aqua,MODIS,23,6.2,299.2,38.8,D,0
-13.0247,133.5088,323.7,2.1,1.4,2014-05-25,0424,Aqua,MODIS,76,6.2,299,43,D,0
-12.6217,130.79,318.4,3.4,1.7,2014-05-25,0424,Aqua,MODIS,62,6.2,301.2,54.3,D,0
-12.8702,132.5429,318,2.5,1.5,2014-05-25,0424,Aqua,MODIS,68,6.2,301,32.9,D,0
-12.9309,131.153,314.6,3.2,1.7,2014-05-25,0424,Aqua,MODIS,59,6.2,300.5,31.7,D,0
-12.6921,132.6993,315.7,2.4,1.5,2014-05-25,0424,Aqua,MODIS,42,6.2,301.5,19.4,D,0
-12.653,130.7938,318.3,3.4,1.7,2014-05-25,0424,Aqua,MODIS,68,6.2,301.4,53.1,D,0
-12.8962,133.0504,332.7,2.3,1.5,2014-05-25,0424,Aqua,MODIS,78,6.2,300.5,73.1,D,0
-13.0779,133.496,316,2.1,1.4,2014-05-25,0424,Aqua,MODIS,61,6.2,296.1,24.1,D,0
-12.8854,133.0278,324.2,2.3,1.5,2014-05-25,0424,Aqua,MODIS,27,6.2,297.1,39,D,0
-13.0252,133.5039,323.4,2.1,1.4,2014-05-25,0424,Aqua,MODIS,76,6.2,298.1,42.4,D,0
-12.6786,132.6977,319.9,2.4,1.5,2014-05-25,0424,Aqua,MODIS,72,6.2,301.6,35.3,D,0
-12.8986,133.0296,328,2.3,1.5,2014-05-25,0424,Aqua,MODIS,42,6.2,301.3,52.5,D,0
-14.2467,134.2735,321.4,1.9,1.4,2014-05-25,0424,Aqua,MODIS,38,6.2,296.9,26.3,D,0
-12.8866,133.0448,329.2,2.3,1.5,2014-05-25,0424,Aqua,MODIS,55,6.2,299.9,57.8,D,0
-12.8998,133.0464,332.8,2.3,1.5,2014-05-25,0424,Aqua,MODIS,74,6.2,301.5,73.7,D,0
-12.8918,131.088,317.2,3.2,1.7,2014-05-25,0424,Aqua,MODIS,66,6.2,301.6,44.1,D,0
-13.0755,133.5161,313,2.1,1.4,2014-05-25,0424,Aqua,MODIS,44,6.2,292,16.1,D,0
-14.5093,132.811,332.4,2.5,1.5,2014-05-25,0424,Aqua,MODIS,83,6.2,307,79,D,0
-14.4378,133.0782,331.2,2.4,1.5,2014-05-25,0424,Aqua,MODIS,82,6.2,306.5,65.8,D,0
-14.4403,133.0559,332.3,2.4,1.5,2014-05-25,0424,Aqua,MODIS,83,6.2,305.2,71.6,D,0
-14.4243,133.0766,321.4,2.4,1.5,2014-05-25,0424,Aqua,MODIS,59,6.2,307,26.4,D,0
-14.4267,133.0547,318.9,2.4,1.5,2014-05-25,0424,Aqua,MODIS,34,6.2,305.4,18.1,D,0
-14.4292,133.0701,341.9,2.4,1.5,2014-05-25,0424,Aqua,MODIS,79,6.2,307.3,127.3,D,0
-14.3972,133.1111,331.9,2.4,1.5,2014-05-25,0424,Aqua,MODIS,83,6.2,307.5,66,D,0
-14.9394,131.6452,330.7,3.1,1.7,2014-05-25,0424,Aqua,MODIS,80,6.2,306.9,105.5,D,0
-14.9413,131.6379,331.4,3.1,1.7,2014-05-25,0424,Aqua,MODIS,81,6.2,306.6,109.3,D,0
-14.3924,131.6917,331.9,3.1,1.7,2014-05-25,0424,Aqua,MODIS,83,6.2,305,107.8,D,0
-14.3901,131.7124,343.1,3,1.7,2014-05-25,0424,Aqua,MODIS,91,6.2,306.8,195.3,D,0
-14.3933,131.6841,320.7,3.1,1.7,2014-05-25,0424,Aqua,MODIS,69,6.2,304.5,43.2,D,0
-14.3894,131.72,335.8,3,1.7,2014-05-25,0424,Aqua,MODIS,86,6.2,306.6,133.2,D,0
-14.3898,132.8137,327,2.5,1.5,2014-05-25,0424,Aqua,MODIS,72,6.2,306.9,48.3,D,0
-14.3761,132.8121,324.6,2.5,1.5,2014-05-25,0424,Aqua,MODIS,71,6.2,307.2,40.7,D,0
-14.3837,132.8085,328.6,2.5,1.5,2014-05-25,0424,Aqua,MODIS,76,6.2,306.9,56.1,D,0
-14.37,132.8069,325.5,2.5,1.5,2014-05-25,0424,Aqua,MODIS,64,6.2,307.3,44.7,D,0
-14.5427,132.8194,334.9,2.5,1.5,2014-05-25,0424,Aqua,MODIS,85,6.2,308,86.8,D,0
-14.5453,132.7959,335.6,2.5,1.5,2014-05-25,0424,Aqua,MODIS,81,6.2,305.7,90.9,D,0
-14.5506,132.8156,331.2,2.5,1.5,2014-05-25,0424,Aqua,MODIS,82,6.2,308.1,67.1,D,0
-14.5534,132.7923,329.6,2.5,1.5,2014-05-25,0424,Aqua,MODIS,65,6.2,305.7,59.5,D,0
-14.5368,132.8142,355.6,2.5,1.5,2014-05-25,0424,Aqua,MODIS,97,6.2,309.1,240.1,D,0
-14.5231,132.8126,337.7,2.5,1.5,2014-05-25,0424,Aqua,MODIS,87,6.2,308.4,106.7,D,0
-12.7908,131.0384,314.7,3.3,1.7,2014-05-25,0424,Aqua,MODIS,61,6.2,301.4,30.4,D,0
-13.0038,131.2909,318.4,3.1,1.7,2014-05-25,0424,Aqua,MODIS,30,6.2,301.7,36.9,D,0
-13.0172,131.0237,323.4,3.3,1.7,2014-05-25,0424,Aqua,MODIS,75,6.2,302.3,74.4,D,0
-13.021,131.0166,332.2,3.3,1.7,2014-05-25,0424,Aqua,MODIS,84,6.2,303.2,137.8,D,0
-13.2749,133.3726,318.2,2.2,1.4,2014-05-25,0424,Aqua,MODIS,64,6.2,297.5,25,D,0
-13.1569,132.4316,339.6,2.6,1.5,2014-05-25,0424,Aqua,MODIS,89,6.2,306.2,131.1,D,0
-13.162,132.4371,343.2,2.6,1.5,2014-05-25,0424,Aqua,MODIS,91,6.2,305.3,156.3,D,0
-12.3306,133.1089,322.4,2.2,1.4,2014-05-25,0424,Aqua,MODIS,76,6.2,300.4,39.4,D,0
-13.0041,133.0428,326.4,2.3,1.5,2014-05-25,0424,Aqua,MODIS,79,6.2,302.4,58.1,D,0
-13.0609,133.0824,328.9,2.3,1.5,2014-05-25,0424,Aqua,MODIS,81,6.2,300.6,60.4,D,0
-13.0646,133.078,323.4,2.3,1.5,2014-05-25,0424,Aqua,MODIS,60,6.2,299.9,40.2,D,0
-13.3642,132.2537,328.2,2.7,1.6,2014-05-25,0424,Aqua,MODIS,80,6.2,306.4,69.6,D,0
-13.0381,133.0759,322.7,2.3,1.5,2014-05-25,0424,Aqua,MODIS,54,6.2,300.6,36.4,D,0
-13.1374,132.5302,315.6,2.5,1.5,2014-05-25,0424,Aqua,MODIS,54,6.2,300.5,20.4,D,0
-13.881,131.677,352.2,3,1.7,2014-05-25,0424,Aqua,MODIS,96,6.2,309,282.3,D,0
-13.1483,132.5027,317.9,2.5,1.5,2014-05-25,0424,Aqua,MODIS,43,6.2,302,26.1,D,0
-13.551,130.6969,348.5,3.6,1.8,2014-05-25,0424,Aqua,MODIS,94,6.2,304.5,316.2,D,0
-13.5426,130.6913,345,3.6,1.8,2014-05-25,0424,Aqua,MODIS,92,6.2,304.9,276.2,D,0
-13.14,132.5067,320.5,2.5,1.5,2014-05-25,0424,Aqua,MODIS,70,6.2,301.4,36.4,D,0
-13.7153,131.6809,334,3,1.6,2014-05-25,0424,Aqua,MODIS,85,6.2,307.1,118.3,D,0
-13.7152,131.674,336.6,3,1.6,2014-05-25,0424,Aqua,MODIS,87,6.2,307.6,139.2,D,0
-13.535,130.6951,324.6,3.6,1.8,2014-05-25,0424,Aqua,MODIS,76,6.2,303.8,90.3,D,0
-13.1188,133.0454,318.4,2.3,1.5,2014-05-25,0424,Aqua,MODIS,63,6.2,301.2,27.9,D,0
-13.7387,131.7395,333.3,3,1.6,2014-05-25,0424,Aqua,MODIS,82,6.2,307.8,104.2,D,0
-13.7184,131.653,331.8,3,1.7,2014-05-25,0424,Aqua,MODIS,83,6.2,306.6,106.5,D,0
-13.7185,131.6461,323.2,3,1.7,2014-05-25,0424,Aqua,MODIS,75,6.2,305.9,56.2,D,0
-13.7683,131.7431,323.7,3,1.6,2014-05-25,0424,Aqua,MODIS,51,6.2,304.9,47.3,D,0
-13.5875,131.6029,317.5,3,1.7,2014-05-25,0424,Aqua,MODIS,54,6.2,303.3,34.5,D,0
-13.8504,130.8825,349.7,3.5,1.8,2014-05-25,0424,Aqua,MODIS,95,6.2,305,311.9,D,0
-13.8469,130.9143,335.8,3.4,1.7,2014-05-25,0424,Aqua,MODIS,86,6.2,306.1,158,D,0
-13.8662,130.8843,355.4,3.5,1.8,2014-05-25,0424,Aqua,MODIS,98,6.2,305.6,392.7,D,0
-13.8627,130.9154,354.8,3.4,1.7,2014-05-25,0424,Aqua,MODIS,97,6.2,308.5,376.1,D,0
-13.8822,130.8847,322.4,3.5,1.8,2014-05-25,0424,Aqua,MODIS,51,6.2,303.5,62.4,D,0
-13.8786,130.9164,329.9,3.4,1.7,2014-05-25,0424,Aqua,MODIS,77,6.2,305.7,106,D,0
-13.8594,130.8889,371.2,3.5,1.8,2014-05-25,0424,Aqua,MODIS,100,6.2,307.1,670.9,D,0
-13.8562,130.9198,343.2,3.4,1.7,2014-05-25,0424,Aqua,MODIS,91,6.2,308,229.9,D,0
-13.8753,130.8895,347.4,3.5,1.8,2014-05-25,0424,Aqua,MODIS,93,6.2,304.9,285,D,0
-13.872,130.921,341.5,3.4,1.7,2014-05-25,0424,Aqua,MODIS,90,6.2,306.9,212.3,D,0
-14.0658,133.1808,322.5,2.3,1.5,2014-05-25,0424,Aqua,MODIS,74,6.2,302.6,37.3,D,0
-14.0623,133.1874,323.6,2.3,1.5,2014-05-25,0424,Aqua,MODIS,75,6.2,302.8,41.1,D,0
-13.1316,132.5249,318.9,2.5,1.5,2014-05-25,0424,Aqua,MODIS,45,6.2,299.9,29.2,D,0
-14.9425,131.6158,317.9,3.2,1.7,2014-05-25,0424,Aqua,MODIS,49,6.2,304.7,31.2,D,0
-13.3529,132.2273,320.1,2.7,1.6,2014-05-25,0424,Aqua,MODIS,54,6.2,305.3,32.8,D,0
-13.1178,132.5233,330.2,2.5,1.5,2014-05-25,0424,Aqua,MODIS,82,6.2,300.3,75.4,D,0
-13.0205,130.9931,319.9,3.3,1.7,2014-05-25,0424,Aqua,MODIS,65,6.2,302.4,51.9,D,0
-13.5288,131.7295,319.5,3,1.6,2014-05-25,0424,Aqua,MODIS,61,6.2,307,33.2,D,0
-13.405,131.2134,338,3.2,1.7,2014-05-25,0424,Aqua,MODIS,88,6.2,307.3,158.7,D,0
-13.174,133.0326,325.9,2.3,1.5,2014-05-25,0424,Aqua,MODIS,78,6.2,300,51.1,D,0
-13.1707,133.0392,327,2.3,1.5,2014-05-25,0424,Aqua,MODIS,79,6.2,301,55.1,D,0
-13.1839,133.0408,315.1,2.3,1.5,2014-05-25,0424,Aqua,MODIS,42,6.2,299.5,16,D,0
-13.884,131.6557,334.6,3,1.7,2014-05-25,0424,Aqua,MODIS,85,6.2,307.3,129.3,D,0
-13.3929,131.1819,365.8,3.2,1.7,2014-05-25,0424,Aqua,MODIS,100,6.2,307.3,507.2,D,0
-13.8843,131.6491,322,3,1.7,2014-05-25,0424,Aqua,MODIS,64,6.2,306.3,49.5,D,0
-13.4078,131.2063,331.6,3.2,1.7,2014-05-25,0424,Aqua,MODIS,67,6.2,306.1,103,D,0
-13.4816,131.7511,325.7,2.9,1.6,2014-05-25,0424,Aqua,MODIS,60,6.2,306.6,57.4,D,0
-13.9765,133.2557,324,2.3,1.5,2014-05-25,0424,Aqua,MODIS,76,6.2,304,39.9,D,0
-13.9789,133.2349,324.3,2.3,1.5,2014-05-25,0424,Aqua,MODIS,76,6.2,302.9,41.3,D,0
-13.5282,131.7225,319.5,3,1.6,2014-05-25,0424,Aqua,MODIS,47,6.2,306.6,28.4,D,0
-13.8809,131.6836,348.5,3,1.7,2014-05-25,0424,Aqua,MODIS,94,6.2,308.6,246.2,D,0
-14.4319,133.048,322.9,2.4,1.5,2014-05-25,0424,Aqua,MODIS,69,6.2,305.3,33.9,D,0
-12.9909,133.0413,365.7,2.3,1.5,2014-05-25,0424,Aqua,MODIS,100,6.2,304.5,319,D,0
-12.9777,133.0396,347.1,2.3,1.5,2014-05-25,0424,Aqua,MODIS,94,6.2,300.8,162.2,D,0
-13.2394,133.0265,331.6,2.3,1.5,2014-05-25,0424,Aqua,MODIS,83,6.2,303.3,75.8,D,0
-14.2139,130.9502,321.4,3.5,1.8,2014-05-25,0424,Aqua,MODIS,46,6.2,304.7,50.2,D,0
-14.3519,133.1503,323,2.4,1.5,2014-05-25,0424,Aqua,MODIS,66,6.2,306,29.6,D,0
-12.9645,133.0381,316.2,2.3,1.5,2014-05-25,0424,Aqua,MODIS,29,6.2,295.8,19.6,D,0
-14.357,133.1462,321.4,2.4,1.5,2014-05-25,0424,Aqua,MODIS,60,6.2,306.3,23.7,D,0
-13.4777,131.7715,321.1,2.9,1.6,2014-05-25,0424,Aqua,MODIS,44,6.2,304.8,34.6,D,0
-14.2048,130.9447,320.3,3.5,1.8,2014-05-25,0424,Aqua,MODIS,55,6.2,306.4,46.8,D,0
-13.4808,131.7442,322.6,2.9,1.6,2014-05-25,0424,Aqua,MODIS,52,6.2,306.6,42.6,D,0
-13.429,131.0257,336.6,3.3,1.7,2014-05-25,0424,Aqua,MODIS,87,6.2,304.7,173,D,0
-13.1041,132.5212,329.6,2.5,1.5,2014-05-25,0424,Aqua,MODIS,82,6.2,301.5,75.1,D,0
-13.662,133.0647,317.6,2.3,1.5,2014-05-25,0424,Aqua,MODIS,66,6.2,299.4,23.9,D,0
-14.0049,130.9748,317,3.4,1.7,2014-05-25,0424,Aqua,MODIS,53,6.2,304.7,32.5,D,0
-13.3925,131.2045,349,3.2,1.7,2014-05-25,0424,Aqua,MODIS,94,6.2,308.2,260.6,D,0
-13.396,131.1747,355.5,3.2,1.7,2014-05-25,0424,Aqua,MODIS,98,6.2,305.6,350.1,D,0
-13.4248,131.0329,325.1,3.3,1.7,2014-05-25,0424,Aqua,MODIS,76,6.2,303.7,87.2,D,0
-13.5474,130.7298,342.2,3.5,1.8,2014-05-25,0424,Aqua,MODIS,91,6.2,307.3,236,D,0
-13.8897,131.7413,319.3,3,1.6,2014-05-25,0424,Aqua,MODIS,59,6.2,306.4,33.6,D,0
-13.0334,131.8246,333,2.9,1.6,2014-05-25,0424,Aqua,MODIS,85,6.2,308.1,88.2,D,0
-13.8861,131.762,322.2,3,1.6,2014-05-25,0424,Aqua,MODIS,60,6.2,306.6,43.1,D,0
-13.6302,131.6316,316.9,3,1.7,2014-05-25,0424,Aqua,MODIS,35,6.2,304.5,28.5,D,0
-13.0346,131.8289,334.5,2.9,1.6,2014-05-25,0424,Aqua,MODIS,86,6.2,307.9,97.9,D,0
-13.0249,133.0743,343.2,2.3,1.5,2014-05-25,0424,Aqua,MODIS,91,6.2,298.3,133.1,D,0
-13.0275,133.0526,338.7,2.3,1.5,2014-05-25,0424,Aqua,MODIS,89,6.2,300.2,107.8,D,0
-13.0118,133.0721,341.6,2.3,1.5,2014-05-25,0424,Aqua,MODIS,90,6.2,301.3,125.6,D,0
-13.0143,133.051,358.6,2.3,1.5,2014-05-25,0424,Aqua,MODIS,99,6.2,303.2,248.9,D,0
-12.9986,133.0711,346.3,2.3,1.5,2014-05-25,0424,Aqua,MODIS,93,6.2,302.5,157.7,D,0
-13.0011,133.0495,369.2,2.3,1.5,2014-05-25,0424,Aqua,MODIS,100,6.2,304.9,357.6,D,0
-12.9854,133.0694,352.6,2.3,1.5,2014-05-25,0424,Aqua,MODIS,96,6.2,301.3,203,D,0
-13.9452,132.1819,321.7,2.8,1.6,2014-05-25,0424,Aqua,MODIS,72,6.2,307.9,27.8,D,0
-12.9879,133.048,377.6,2.3,1.5,2014-05-25,0424,Aqua,MODIS,100,6.2,305.9,459.4,D,0
-12.9723,133.0677,342.6,2.3,1.5,2014-05-25,0424,Aqua,MODIS,91,6.2,298.4,134.7,D,0
-14.1588,131.6181,325.6,3.1,1.7,2014-05-25,0424,Aqua,MODIS,67,6.2,307.1,63.9,D,0
-14.3425,132.8036,321.6,2.5,1.5,2014-05-25,0424,Aqua,MODIS,25,6.2,306,27.8,D,0
-13.3513,131.0162,317.2,3.3,1.7,2014-05-25,0424,Aqua,MODIS,62,6.2,302.5,43.3,D,0
-14.1619,131.5895,324.1,3.1,1.7,2014-05-25,0424,Aqua,MODIS,65,6.2,307.5,49.4,D,0
-14.1607,131.6136,327.7,3.1,1.7,2014-05-25,0424,Aqua,MODIS,75,6.2,307,77.2,D,0
-13.7442,131.823,323,2.9,1.6,2014-05-25,0424,Aqua,MODIS,68,6.2,306.3,42.6,D,0
-14.164,131.585,320.6,3.1,1.7,2014-05-25,0424,Aqua,MODIS,24,6.2,307.6,30.8,D,0
-12.9747,133.0463,364.1,2.3,1.5,2014-05-25,0424,Aqua,MODIS,100,6.2,299.4,303.2,D,0
-13.7443,131.8282,322.4,2.9,1.6,2014-05-25,0424,Aqua,MODIS,43,6.2,306.2,34.3,D,0
-13.0015,133.0641,348.8,2.3,1.5,2014-05-25,0424,Aqua,MODIS,94,6.2,303.7,176.1,D,0
-14.0277,134.1373,313.8,2,1.4,2014-05-25,0424,Aqua,MODIS,25,6.2,294.8,15.3,D,0
-14.0255,134.1551,322,2,1.4,2014-05-25,0424,Aqua,MODIS,69,6.2,293.3,35.3,D,0
-14.0303,134.1424,319.9,2,1.4,2014-05-25,0424,Aqua,MODIS,53,6.2,294.7,26.7,D,0
-13.5389,130.7243,341.5,3.5,1.8,2014-05-25,0424,Aqua,MODIS,90,6.2,306.3,231.8,D,0
-12.9883,133.0626,382.2,2.3,1.5,2014-05-25,0424,Aqua,MODIS,100,6.2,305,518.5,D,0
-12.7716,133.128,318.5,2.2,1.5,2014-05-25,0424,Aqua,MODIS,44,6.2,297.8,31,D,0
-13.5315,130.7281,328.9,3.5,1.8,2014-05-25,0424,Aqua,MODIS,81,6.2,303.8,117.8,D,0
-13.4437,131.0038,316.9,3.4,1.7,2014-05-25,0424,Aqua,MODIS,62,6.2,303,41.8,D,0
-13.4281,131.0019,349.6,3.4,1.7,2014-05-25,0424,Aqua,MODIS,95,6.2,305.4,310.3,D,0
-12.9751,133.0609,364.9,2.3,1.5,2014-05-25,0424,Aqua,MODIS,100,6.2,300.8,307.1,D,0
-13.4326,130.9947,335.3,3.4,1.7,2014-05-25,0424,Aqua,MODIS,86,6.2,304.7,161.3,D,0
-13.9803,133.2511,326.2,2.3,1.5,2014-05-25,0424,Aqua,MODIS,68,6.2,302.7,43.1,D,0
-12.9619,133.0594,348.4,2.3,1.5,2014-05-25,0424,Aqua,MODIS,94,6.2,298.7,169.5,D,0
-13.154,132.4553,326.8,2.6,1.5,2014-05-25,0424,Aqua,MODIS,79,6.2,304.8,59.3,D,0
-13.2928,130.5847,320.1,3.6,1.8,2014-05-25,0424,Aqua,MODIS,55,6.2,303.9,54,D,0
-14.2014,130.0283,331.5,4.1,1.9,2014-05-25,0424,Aqua,MODIS,79,6.2,299.7,169.7,D,0
-14.1977,130.066,355.2,4.1,1.9,2014-05-25,0424,Aqua,MODIS,97,6.2,303,493.7,D,0
-13.2964,130.5512,321,3.6,1.8,2014-05-25,0424,Aqua,MODIS,59,6.2,303.1,64.4,D,0
-14.1727,130.0517,322,4.1,1.9,2014-05-25,0424,Aqua,MODIS,32,6.2,302.5,85.2,D,0
-13.8181,130.5013,318.7,3.7,1.8,2014-05-25,0424,Aqua,MODIS,67,6.2,304.7,53.7,D,0
-14.2352,130.0322,318.8,4.1,1.9,2014-05-25,0424,Aqua,MODIS,64,6.2,301,70.9,D,0
-14.1723,130.0942,336.2,4,1.9,2014-05-25,0424,Aqua,MODIS,86,6.2,302.8,212,D,0
-13.8258,130.5093,316.8,3.7,1.8,2014-05-25,0424,Aqua,MODIS,61,6.2,303.7,41,D,0
-13.3001,130.5778,324,3.6,1.8,2014-05-25,0424,Aqua,MODIS,56,6.2,305,75.1,D,0
-14.0836,130.6246,317,3.7,1.8,2014-05-25,0424,Aqua,MODIS,60,6.2,303.9,42.6,D,0
-14.1762,130.0568,362.2,4.1,1.9,2014-05-25,0424,Aqua,MODIS,100,6.2,303.4,636.7,D,0
-14.1971,130.0209,321.1,4.1,1.9,2014-05-25,0424,Aqua,MODIS,48,6.2,299.3,81.8,D,0
-14.1931,130.0586,366,4.1,1.9,2014-05-25,0424,Aqua,MODIS,100,6.2,304.5,723,D,0
-13.3619,131.2009,325.6,3.2,1.7,2014-05-25,0424,Aqua,MODIS,68,6.2,306.9,68.1,D,0
-12.3331,133.1041,325.5,2.2,1.4,2014-05-25,0424,Aqua,MODIS,79,6.2,300.5,49,D,0
-13.3897,131.2115,334.3,3.2,1.7,2014-05-25,0424,Aqua,MODIS,76,6.2,308.1,121.8,D,0
-13.7552,129.9872,316.8,4.1,1.9,2014-05-25,0424,Aqua,MODIS,61,6.2,301.7,63.9,D,0
-14.5837,132.7721,326,2.5,1.5,2014-05-25,0424,Aqua,MODIS,73,6.2,307.2,50,D,0
-14.5781,132.7523,321.7,2.5,1.5,2014-05-25,0424,Aqua,MODIS,49,6.2,305.4,34.6,D,0
-13.7515,129.9824,318,4.1,1.9,2014-05-25,0424,Aqua,MODIS,65,6.2,301.7,75,D,0
-14.5893,132.7774,322.1,2.5,1.5,2014-05-25,0424,Aqua,MODIS,28,6.2,306.8,31.9,D,0
-12.333,133.0886,318.9,2.2,1.4,2014-05-25,0424,Aqua,MODIS,71,6.2,299.7,29.2,D,0
-33.6024,121.0501,300.8,1,1,2014-05-25,0557,Aqua,MODIS,37,6.2,288.2,4.2,D,0
-33.6798,122.8307,309.7,1.1,1.1,2014-05-25,0557,Aqua,MODIS,20,6.2,291.4,7.8,D,0
-33.9281,117.7305,306.8,1.1,1.1,2014-05-25,0557,Aqua,MODIS,64,6.2,287.5,9.1,D,0
-16.3246,124.9434,311.6,3.4,1.7,2014-05-25,0601,Aqua,MODIS,15,6.2,289.2,29.7,D,0
-16.8272,125.0884,317.5,3.4,1.7,2014-05-25,0601,Aqua,MODIS,0,6.2,283.7,69.2,D,0
-16.2325,125.1111,314.4,3.5,1.8,2014-05-25,0601,Aqua,MODIS,47,6.2,285.4,49.3,D,0
-16.3125,124.9779,323.9,3.4,1.7,2014-05-25,0601,Aqua,MODIS,64,6.2,290.6,90.6,D,0
-16.3188,124.9744,324.6,3.4,1.7,2014-05-25,0601,Aqua,MODIS,70,6.2,289.4,99,D,0
-16.2487,125.0893,334.1,3.4,1.7,2014-05-25,0601,Aqua,MODIS,66,6.2,285.1,177,D,0
-15.8179,125.4183,318.9,3.7,1.8,2014-05-25,0601,Aqua,MODIS,66,6.2,289.7,77.6,D,0
-16.5488,126.8308,318.2,4.6,2,2014-05-25,0601,Aqua,MODIS,51,6.2,287.8,101.7,D,0
-16.1411,126.8496,322.2,4.7,2,2014-05-25,0601,Aqua,MODIS,79,6.2,294.5,127.4,D,0
-16.5401,126.8737,325.9,4.6,2,2014-05-25,0601,Aqua,MODIS,82,6.2,291.1,160.9,D,0
-16.0998,126.974,331.9,4.8,2,2014-05-25,0601,Aqua,MODIS,49,6.2,296.5,206.9,D,0
-16.1437,126.8451,319.3,4.7,2,2014-05-25,0601,Aqua,MODIS,76,6.2,294.3,102.5,D,0
-16.1177,126.9775,323.7,4.8,2,2014-05-25,0601,Aqua,MODIS,19,6.2,293,126.5,D,0
-16.2905,126.9369,319.2,4.7,2,2014-05-25,0601,Aqua,MODIS,77,6.2,297,91.6,D,0
-16.0964,126.9782,328.2,4.8,2,2014-05-25,0601,Aqua,MODIS,34,6.2,296.6,163.5,D,0
-16.1143,126.9816,333.3,4.8,2,2014-05-25,0601,Aqua,MODIS,80,6.2,293.8,241.8,D,0
-16.5422,126.8691,326.1,4.6,2,2014-05-25,0601,Aqua,MODIS,65,6.2,290.8,150,D,0
-15.2923,126.7862,311.2,4.8,2,2014-05-25,0602,Aqua,MODIS,38,6.2,290.4,51.1,D,0
-15.2221,125.7401,319.3,4.1,1.9,2014-05-25,0602,Aqua,MODIS,67,6.2,287,94.7,D,0
-15.31,126.7904,325.9,4.8,2,2014-05-25,0602,Aqua,MODIS,79,6.2,291.6,180.7,D,0
-15.3087,126.7981,324.8,4.8,2,2014-05-25,0602,Aqua,MODIS,78,6.2,291.7,165.3,D,0
-24.7122,151.8099,304.3,2.4,1.5,2014-05-25,1207,Terra,MODIS,59,6.2,287.5,29.8,N,0
-16.9778,127.7328,303.9,1.7,1.3,2014-05-25,1348,Terra,MODIS,51,6.2,292.3,10.7,N,0
-16.2531,127.4926,305.6,1.7,1.3,2014-05-25,1348,Terra,MODIS,64,6.2,292.4,13.3,N,0
-15.962,127.7408,306.6,1.7,1.3,2014-05-25,1348,Terra,MODIS,68,6.2,295.6,11.1,N,0
-16.1197,127.4799,304.1,1.7,1.3,2014-05-25,1348,Terra,MODIS,59,6.2,291.9,11.7,N,0
-15.8071,129.0038,304.1,1.4,1.2,2014-05-25,1348,Terra,MODIS,56,6.2,293.7,6.4,N,0
-15.7863,129.001,310.5,1.4,1.2,2014-05-25,1348,Terra,MODIS,80,6.2,295.4,13.1,N,0
-16.2414,127.4912,319.4,1.7,1.3,2014-05-25,1348,Terra,MODIS,98,6.2,292.9,36.2,N,0
-16.2458,127.4858,319.2,1.7,1.3,2014-05-25,1348,Terra,MODIS,98,6.2,293,35.9,N,0
-16.255,127.4762,313.8,1.8,1.3,2014-05-25,1348,Terra,MODIS,88,6.2,292.3,27.1,N,0
-14.0919,130.6414,314.2,1.1,1,2014-05-25,1349,Terra,MODIS,89,6.2,295.8,13.1,N,0
-14.1684,130.4759,310,1.1,1,2014-05-25,1349,Terra,MODIS,79,6.2,295.1,9.6,N,0
-14.205,130.9488,312.8,1,1,2014-05-25,1349,Terra,MODIS,86,6.2,291.2,12.4,N,0
-14.5665,127.6754,304,1.6,1.2,2014-05-25,1349,Terra,MODIS,58,6.2,293.7,9.4,N,0
-14.9589,128.008,306.4,1.5,1.2,2014-05-25,1349,Terra,MODIS,68,6.2,296.1,9.8,N,0
-14.9478,128.0069,313.7,1.5,1.2,2014-05-25,1349,Terra,MODIS,88,6.2,296.2,19.1,N,0
-12.7949,131.048,309,1,1,2014-05-25,1349,Terra,MODIS,76,6.2,293.2,8.4,N,0
-12.8967,133.0407,312.8,1,1,2014-05-25,1349,Terra,MODIS,79,6.2,295.2,8.3,N,0
-13.2372,133.4197,305.3,1,1,2014-05-25,1349,Terra,MODIS,64,6.2,294.1,5.7,N,0
-13.2409,130.7507,305.9,1,1,2014-05-25,1349,Terra,MODIS,66,6.2,295.8,6.1,N,0
-12.8415,133.2255,305.5,1,1,2014-05-25,1349,Terra,MODIS,65,6.2,295.1,3.9,N,0
-13.1581,133.0134,328.5,1,1,2014-05-25,1349,Terra,MODIS,100,6.2,296.6,23.9,N,0
-13.1594,133.004,314.5,1,1,2014-05-25,1349,Terra,MODIS,75,6.2,296,9.2,N,0
-14.0395,131.0203,304.8,1,1,2014-05-25,1349,Terra,MODIS,62,6.2,291.8,6.7,N,0
-13.2623,133.248,312.3,1,1,2014-05-25,1349,Terra,MODIS,84,6.2,295.2,9.3,N,0
-13.8363,130.8901,317.6,1,1,2014-05-25,1349,Terra,MODIS,93,6.2,297,13.9,N,0
-14.029,131.0285,311,1,1,2014-05-25,1349,Terra,MODIS,36,6.2,291.4,10,N,0
-13.2973,133.1916,307.4,1,1,2014-05-25,1349,Terra,MODIS,48,6.2,294,5.5,N,0
-13.8337,130.9094,308.6,1,1,2014-05-25,1349,Terra,MODIS,66,6.2,297.2,6.5,N,0
-13.8377,130.8803,309.9,1,1,2014-05-25,1349,Terra,MODIS,42,6.2,295.3,7.9,N,0
-13.3015,133.1632,329.7,1,1,2014-05-25,1349,Terra,MODIS,100,6.2,294.2,27.6,N,0
-13.008,133.0352,309.5,1,1,2014-05-25,1349,Terra,MODIS,73,6.2,295.3,6.4,N,0
-13.2499,133.0147,320.7,1,1,2014-05-25,1349,Terra,MODIS,100,6.2,294.8,17.1,N,0
-13.8429,130.9107,312.5,1,1,2014-05-25,1349,Terra,MODIS,85,6.2,297.5,9.3,N,0
-13.3029,133.1538,313.5,1,1,2014-05-25,1349,Terra,MODIS,87,6.2,293.2,10.5,N,0
-14.072,130.6484,312.8,1.1,1,2014-05-25,1349,Terra,MODIS,86,6.2,294.3,11.4,N,0
-13.8416,130.9203,307.5,1,1,2014-05-25,1349,Terra,MODIS,39,6.2,297.4,5.6,N,0
-13.0203,133.0722,314.5,1,1,2014-05-25,1349,Terra,MODIS,89,6.2,296,9.5,N,0
-13.0157,133.046,326,1,1,2014-05-25,1349,Terra,MODIS,100,6.2,296.2,21,N,0
-13.0066,133.0445,308.7,1,1,2014-05-25,1349,Terra,MODIS,22,6.2,295.5,5.3,N,0
-12.9753,133.0684,314.5,1,1,2014-05-25,1349,Terra,MODIS,89,6.2,294.6,10.1,N,0
-13.8402,130.9298,340,1,1,2014-05-25,1349,Terra,MODIS,100,6.2,298.8,44.5,N,0
-13.8666,130.8749,314,1,1,2014-05-25,1349,Terra,MODIS,71,6.2,296.7,11.1,N,0
-13.8758,130.8761,332.7,1,1,2014-05-25,1349,Terra,MODIS,100,6.2,299,32.9,N,0
-13.1762,133.0162,321.3,1,1,2014-05-25,1349,Terra,MODIS,100,6.2,295.9,16.1,N,0
-14.0382,131.0299,308.9,1,1,2014-05-25,1349,Terra,MODIS,76,6.2,291.7,9.7,N,0
-13.2513,133.0054,309.8,1,1,2014-05-25,1349,Terra,MODIS,78,6.2,294.2,7.8,N,0
-13.835,130.8998,321.2,1,1,2014-05-25,1349,Terra,MODIS,100,6.2,297.3,17.4,N,0
-13.0244,133.0441,318.6,1,1,2014-05-25,1349,Terra,MODIS,97,6.2,296,13.2,N,0
-14.0905,130.6514,316.2,1.1,1,2014-05-25,1349,Terra,MODIS,93,6.2,296.8,14.8,N,0
-14.0799,130.6597,310.3,1.1,1,2014-05-25,1349,Terra,MODIS,80,6.2,295.8,10.1,N,0
-14.0813,130.6499,333.8,1.1,1,2014-05-25,1349,Terra,MODIS,100,6.2,297.9,36.7,N,0
-13.0385,133.075,306.2,1,1,2014-05-25,1349,Terra,MODIS,55,6.2,295.6,3.9,N,0
-14.012,131.0163,306.8,1,1,2014-05-25,1349,Terra,MODIS,69,6.2,292,8.1,N,0
-13.0552,133.0875,314,1,1,2014-05-25,1349,Terra,MODIS,88,6.2,296.2,9.7,N,0
-13.8771,130.8665,318.7,1,1,2014-05-25,1349,Terra,MODIS,97,6.2,297.5,16.2,N,0
-13.277,133.2659,305.8,1,1,2014-05-25,1349,Terra,MODIS,49,6.2,294.6,4.1,N,0
-13.8679,130.8653,311.5,1,1,2014-05-25,1349,Terra,MODIS,34,6.2,296.4,9.4,N,0
-13.2924,133.1618,311.8,1,1,2014-05-25,1349,Terra,MODIS,83,6.2,293.7,8.7,N,0
-13.8678,130.9338,307.4,1,1,2014-05-25,1349,Terra,MODIS,51,6.2,293.6,7.1,N,0
-13.1671,133.0148,325.8,1,1,2014-05-25,1349,Terra,MODIS,100,6.2,296.5,20.8,N,0
-13.2532,133.2466,314.2,1,1,2014-05-25,1349,Terra,MODIS,89,6.2,295.5,10.9,N,0
-13.2518,133.2561,306.4,1,1,2014-05-25,1349,Terra,MODIS,68,6.2,295.4,4.9,N,0
-14.0212,131.0176,326.2,1,1,2014-05-25,1349,Terra,MODIS,100,6.2,293.4,24.7,N,0
-12.7173,133.1359,316,1,1,2014-05-25,1349,Terra,MODIS,92,6.2,295.7,11.8,N,0
-13.2609,133.2576,306.9,1,1,2014-05-25,1349,Terra,MODIS,61,6.2,295.4,5.3,N,0
-13.2959,133.2011,305.8,1,1,2014-05-25,1349,Terra,MODIS,44,6.2,294.3,4.6,N,0
-13.8836,130.8737,313,1,1,2014-05-25,1349,Terra,MODIS,86,6.2,297.2,10.9,N,0
-13.8823,130.8833,320.8,1,1,2014-05-25,1349,Terra,MODIS,100,6.2,297.1,18,N,0
-14.3657,133.0621,307.3,1,1,2014-05-25,1349,Terra,MODIS,71,6.2,295.1,5.3,N,0
-13.1611,132.4862,314.2,1,1,2014-05-25,1349,Terra,MODIS,89,6.2,289.5,13.4,N,0
-14.0707,130.6582,313.6,1.1,1,2014-05-25,1349,Terra,MODIS,87,6.2,294.1,12.5,N,0
-14.1041,130.74,308.7,1.1,1,2014-05-25,1349,Terra,MODIS,75,6.2,294.7,7.8,N,0
-13.3296,133.2256,304.2,1,1,2014-05-25,1349,Terra,MODIS,59,6.2,293.2,4.3,N,0
-14.0303,131.019,324.1,1,1,2014-05-25,1349,Terra,MODIS,100,6.2,292.5,22.3,N,0
-13.954,131.4999,302.5,1,1,2014-05-25,1349,Terra,MODIS,49,6.2,292.4,4.6,N,0
-13.1685,133.0054,329.5,1,1,2014-05-25,1349,Terra,MODIS,100,6.2,296.7,25.2,N,0
-14.2142,130.9502,302.9,1,1,2014-05-25,1349,Terra,MODIS,52,6.2,291.2,5.7,N,0
-13.8389,130.9394,320.9,1,1,2014-05-25,1349,Terra,MODIS,100,6.2,295.4,18.3,N,0
-13.1625,132.477,302.8,1,1,2014-05-25,1349,Terra,MODIS,33,6.2,285.3,5.2,N,0
-14.367,133.0527,306.8,1,1,2014-05-25,1349,Terra,MODIS,69,6.2,295.2,5,N,0
-13.9544,131.0956,303.5,1,1,2014-05-25,1349,Terra,MODIS,55,6.2,292.5,5.8,N,0
-15.8442,125.478,303.1,2.4,1.5,2014-05-25,1349,Terra,MODIS,53,6.2,291.7,14.1,N,0
-13.2826,133.3544,309.5,1,1,2014-05-25,1349,Terra,MODIS,78,6.2,294.5,7.7,N,0
-13.2797,133.3734,304.8,1,1,2014-05-25,1349,Terra,MODIS,42,6.2,293.9,4.4,N,0
-26.79,150.2029,300.7,1,1,2014-05-25,1517,Aqua,MODIS,33,6.2,285,6.5,N,2
-28.0229,153.2121,303.6,1.2,1.1,2014-05-25,1518,Aqua,MODIS,56,6.2,286.6,10.3,N,0
-31.9913,146.7173,305.2,1.1,1,2014-05-25,1519,Aqua,MODIS,63,6.2,276.1,12.3,N,0
-13.4008,132.5463,307.4,1.4,1.2,2014-05-25,1652,Aqua,MODIS,71,6.2,294.2,10.3,N,0
-13.0338,133.0691,300.5,1.5,1.2,2014-05-25,1652,Aqua,MODIS,24,6.2,287,8.8,N,0
-12.7134,133.1445,304.3,1.5,1.2,2014-05-25,1652,Aqua,MODIS,60,6.2,294.1,7.2,N,0
-13.8346,130.9152,309.3,1.1,1.1,2014-05-25,1653,Aqua,MODIS,77,6.2,294.8,9.4,N,0
-13.8318,130.8943,311.4,1.1,1.1,2014-05-25,1653,Aqua,MODIS,75,6.2,294.5,10.8,N,0
-13.8332,130.9046,333.8,1.1,1.1,2014-05-25,1653,Aqua,MODIS,100,6.2,296.8,39.5,N,0
-13.8685,130.8785,307.2,1.1,1.1,2014-05-25,1653,Aqua,MODIS,43,6.2,295,7.2,N,0
-15.7584,125.5864,303.9,1.2,1.1,2014-05-25,1653,Aqua,MODIS,57,6.2,293.6,5.1,N,0
-15.6207,125.2491,309.6,1.2,1.1,2014-05-25,1653,Aqua,MODIS,62,6.2,293.6,8.9,N,0
-16.2041,127.4982,306.2,1,1,2014-05-25,1653,Aqua,MODIS,67,6.2,291.4,6.7,N,0
-16.2145,127.5061,325.5,1,1,2014-05-25,1653,Aqua,MODIS,100,6.2,292.8,22.7,N,0
-16.2264,127.6477,306.6,1,1,2014-05-25,1653,Aqua,MODIS,68,6.2,291.5,7.1,N,0
-15.8539,127.4342,314.2,1,1,2014-05-25,1653,Aqua,MODIS,89,6.2,293.4,12.9,N,0
-15.9165,127.4185,307.1,1,1,2014-05-25,1653,Aqua,MODIS,60,6.2,292.8,7.3,N,0
-15.9255,127.4172,305.1,1,1,2014-05-25,1653,Aqua,MODIS,57,6.2,292.7,6,N,0
-15.9269,127.4265,308.1,1,1,2014-05-25,1653,Aqua,MODIS,73,6.2,292.9,8.1,N,0
-15.9535,127.4253,311.6,1,1,2014-05-25,1653,Aqua,MODIS,80,6.2,292.6,10.3,N,0
-15.9639,127.4332,304,1,1,2014-05-25,1653,Aqua,MODIS,28,6.2,292.2,5.3,N,0
-15.6306,125.2475,311.3,1.2,1.1,2014-05-25,1653,Aqua,MODIS,79,6.2,293.2,10.5,N,0
-16.2411,127.4963,340.8,1,1,2014-05-25,1653,Aqua,MODIS,100,6.2,295.1,43.8,N,0
-16.2311,127.4939,322.2,1,1,2014-05-25,1653,Aqua,MODIS,90,6.2,292.8,18.7,N,0
-16.2487,127.4855,308.8,1,1,2014-05-25,1653,Aqua,MODIS,17,6.2,291.9,8,N,0
-16.2577,127.4841,308.1,1,1,2014-05-25,1653,Aqua,MODIS,17,6.2,291.6,7.7,N,0
-16.1101,127.4815,305.8,1,1,2014-05-25,1653,Aqua,MODIS,65,6.2,291.9,6.3,N,0
-16.1087,127.4721,319.5,1,1,2014-05-25,1653,Aqua,MODIS,99,6.2,292.4,17.2,N,0
-16.0997,127.4735,315.2,1,1,2014-05-25,1653,Aqua,MODIS,91,6.2,292.4,13.1,N,0
-16.4487,128.0293,304.7,1,1,2014-05-25,1653,Aqua,MODIS,61,6.2,294.4,4.9,N,0
-16.4236,127.3008,300.1,1,1,2014-05-25,1653,Aqua,MODIS,12,6.2,288.7,3.9,N,0
-14.8868,125.3348,303.8,1.2,1.1,2014-05-25,1653,Aqua,MODIS,27,6.2,293.4,4.8,N,0
-14.8872,125.3398,305.4,1.2,1.1,2014-05-25,1653,Aqua,MODIS,49,6.2,293.2,6.7,N,0
-16.1686,126.8362,308.2,1,1,2014-05-25,1653,Aqua,MODIS,74,6.2,292.7,7.9,N,0
-16.1777,126.8346,303.3,1,1,2014-05-25,1653,Aqua,MODIS,37,6.2,292.5,4.5,N,0
-16.4251,127.3104,301.5,1,1,2014-05-25,1653,Aqua,MODIS,39,6.2,290.2,4.4,N,0
-14.2075,130.9561,309.8,1.2,1.1,2014-05-25,1653,Aqua,MODIS,78,6.2,290.9,11.8,N,0
-16.858,128.1218,305,1,1,2014-05-25,1654,Aqua,MODIS,63,6.2,294.2,5.1,N,0
-17.1187,127.7032,304.3,1,1,2014-05-25,1654,Aqua,MODIS,59,6.2,291.3,5.8,N,0
-16.5429,127.0555,332.5,1,1,2014-05-25,1654,Aqua,MODIS,100,6.2,294,32.2,N,0
-16.5963,126.9786,307.5,1,1,2014-05-25,1654,Aqua,MODIS,71,6.2,290.5,8.3,N,0
-16.5362,126.89,305.6,1,1,2014-05-25,1654,Aqua,MODIS,65,6.2,290.4,7.6,N,0
-16.4488,127.0472,344.6,1,1,2014-05-25,1654,Aqua,MODIS,100,6.2,297.2,52.9,N,0
-16.4302,127.0375,320.1,1,1,2014-05-25,1654,Aqua,MODIS,100,6.2,293.1,18.3,N,0
-16.552,127.0542,303.5,1,1,2014-05-25,1654,Aqua,MODIS,55,6.2,292.2,4.9,N,0
-17.0869,127.734,310.1,1,1,2014-05-25,1654,Aqua,MODIS,79,6.2,292,9.2,N,0
-16.9495,127.7422,314.9,1,1,2014-05-25,1654,Aqua,MODIS,49,6.2,293,12,N,0
-16.4408,127.0455,346.5,1,1,2014-05-25,1654,Aqua,MODIS,100,6.2,295.7,56.3,N,0
-16.4393,127.036,357.9,1,1,2014-05-25,1654,Aqua,MODIS,100,6.2,296.1,83.4,N,0
-16.5505,127.0446,306.4,1,1,2014-05-25,1654,Aqua,MODIS,68,6.2,291.7,6.7,N,0
-16.9406,127.7437,310.6,1,1,2014-05-25,1654,Aqua,MODIS,60,6.2,292.9,9.3,N,0
-16.5414,127.046,321.2,1,1,2014-05-25,1654,Aqua,MODIS,100,6.2,291.3,18.3,N,0
-16.4288,127.0279,313.9,1,1,2014-05-25,1654,Aqua,MODIS,88,6.2,292.4,12.8,N,0
-16.4473,127.0377,331.3,1,1,2014-05-25,1654,Aqua,MODIS,100,6.2,294.9,30.8,N,0
-17.0883,127.7433,317,1,1,2014-05-25,1654,Aqua,MODIS,94,6.2,292.3,14.9,N,0
-21.3874,127.9028,303.3,1,1,2014-05-25,1655,Aqua,MODIS,54,6.2,284.6,5.8,N,0
-21.3783,127.9043,310.4,1,1,2014-05-25,1655,Aqua,MODIS,80,6.2,285.6,10.1,N,0
-20.3208,124.2144,309.2,1.2,1.1,2014-05-25,1655,Aqua,MODIS,77,6.2,288.4,13.3,N,0
-12.4279,141.9122,318.5,1.4,1.2,2014-05-26,0039,Terra,MODIS,73,6.2,300.4,16.5,D,0
-12.4385,141.9105,316.7,1.4,1.2,2014-05-26,0039,Terra,MODIS,62,6.2,300.9,13.1,D,0
-13.9015,142.6583,331.6,1.2,1.1,2014-05-26,0039,Terra,MODIS,85,6.2,300,33.6,D,0
-13.8998,142.647,320.6,1.2,1.1,2014-05-26,0039,Terra,MODIS,74,6.2,298.1,16.9,D,0
-15.6887,143.7247,312.2,1.1,1,2014-05-26,0040,Terra,MODIS,59,6.2,299.9,5.2,D,0
-20.7354,139.4747,315.3,1.5,1.2,2014-05-26,0041,Terra,MODIS,40,6.2,303.1,9.5,D,2
-25.6823,148.6509,313.4,1.8,1.3,2014-05-26,0042,Terra,MODIS,69,6.2,299.3,20,D,0
-28.5729,149.4866,315.2,2.2,1.4,2014-05-26,0043,Terra,MODIS,72,6.2,290.9,34.8,D,0
-29.949,150.486,313.9,2.7,1.6,2014-05-26,0043,Terra,MODIS,71,6.2,293.8,45.2,D,0
-28.5708,149.4637,330.2,2.2,1.4,2014-05-26,0043,Terra,MODIS,85,6.2,291.7,85.2,D,0
-30.335,148.0164,310.9,1.9,1.3,2014-05-26,0044,Terra,MODIS,63,6.2,298.3,10.4,D,0
-35.4188,144.2986,320.2,1.3,1.1,2014-05-26,0045,Terra,MODIS,80,6.2,286.5,24.7,D,0
-34.6043,144.7219,350.3,1.3,1.1,2014-05-26,0045,Terra,MODIS,96,6.2,297.4,91.2,D,0
-13.2099,131.0724,323.3,4.1,1.9,2014-05-26,0218,Terra,MODIS,76,6.2,298.6,105.6,D,0
-13.2057,131.0343,336,4.1,1.9,2014-05-26,0218,Terra,MODIS,87,6.2,298.3,232.2,D,0
-13.2132,131.0648,328.4,4.1,1.9,2014-05-26,0218,Terra,MODIS,81,6.2,297.9,150.4,D,0
-13.2093,131.0267,328.8,4.1,1.9,2014-05-26,0218,Terra,MODIS,82,6.2,297.5,157.4,D,0
-15.2295,125.7507,314.5,1.7,1.3,2014-05-26,0218,Terra,MODIS,54,6.2,300.7,12.3,D,0
-15.7563,125.5826,326.6,1.7,1.3,2014-05-26,0218,Terra,MODIS,78,6.2,299.1,36.4,D,0
-15.7582,125.5979,316.5,1.7,1.3,2014-05-26,0218,Terra,MODIS,48,6.2,298.2,15.7,D,0
-15.8355,125.4855,321.6,1.7,1.3,2014-05-26,0218,Terra,MODIS,71,6.2,298.8,25.8,D,0
-14.9505,128.0021,326.6,2.5,1.5,2014-05-26,0218,Terra,MODIS,80,6.2,301.7,60.7,D,0
-14.551,127.8707,322.4,2.4,1.5,2014-05-26,0218,Terra,MODIS,76,6.2,302.6,42.4,D,0
-16.1212,126.9757,337.3,2.2,1.4,2014-05-26,0218,Terra,MODIS,87,6.2,298.9,95.2,D,0
-14.9415,127.984,322.2,2.5,1.5,2014-05-26,0218,Terra,MODIS,75,6.2,300.5,42.9,D,0
-16.1342,126.9744,315.7,2.2,1.4,2014-05-26,0218,Terra,MODIS,51,6.2,299.8,16.7,D,0
-16.1189,126.9552,333.5,2.2,1.4,2014-05-26,0218,Terra,MODIS,85,6.2,300.6,75.4,D,0
-16.1228,126.9813,330.1,2.2,1.4,2014-05-26,0218,Terra,MODIS,82,6.2,298.3,62.1,D,0
-16.335,130.3381,317,4,1.9,2014-05-26,0218,Terra,MODIS,55,6.2,298.4,52.8,D,0
-15.3687,126.4341,329,2,1.4,2014-05-26,0218,Terra,MODIS,81,6.2,299.9,54,D,0
-16.3398,130.3318,314.7,4,1.9,2014-05-26,0218,Terra,MODIS,47,6.2,298,43,D,0
-14.9553,127.9823,335.5,2.5,1.5,2014-05-26,0218,Terra,MODIS,87,6.2,300.2,105.9,D,0
-14.9478,127.9776,334.2,2.5,1.5,2014-05-26,0218,Terra,MODIS,86,6.2,300.4,98.6,D,0
-14.4311,127.6236,328.7,2.3,1.5,2014-05-26,0218,Terra,MODIS,82,6.2,303.3,63.3,D,0
-14.4285,127.6022,331.9,2.3,1.5,2014-05-26,0218,Terra,MODIS,85,6.2,302.3,76.9,D,0
-14.8907,125.3323,315.2,1.6,1.2,2014-05-26,0218,Terra,MODIS,0,6.2,299.6,10.2,D,0
-15.3665,126.4161,314.5,1.9,1.4,2014-05-26,0218,Terra,MODIS,54,6.2,299.3,14.2,D,0
-15.4546,126.2893,318.2,1.9,1.3,2014-05-26,0218,Terra,MODIS,60,6.2,300.4,18.7,D,0
-16.1203,126.9606,350.1,2.2,1.4,2014-05-26,0218,Terra,MODIS,95,6.2,300.9,165.7,D,0
-14.9582,128.0074,318.2,2.5,1.5,2014-05-26,0218,Terra,MODIS,62,6.2,300.8,27.3,D,0
-15.9687,127.4436,328.8,2.4,1.5,2014-05-26,0218,Terra,MODIS,80,6.2,300.3,59.7,D,0
-15.9082,125.0645,314,1.6,1.2,2014-05-26,0218,Terra,MODIS,51,6.2,299.8,10.1,D,0
-15.9528,127.4232,322.4,2.4,1.5,2014-05-26,0218,Terra,MODIS,53,6.2,299.2,34.9,D,0
-15.9261,127.4269,321.9,2.4,1.5,2014-05-26,0218,Terra,MODIS,64,6.2,299.4,34.1,D,0
-15.8761,127.6665,318.2,2.5,1.5,2014-05-26,0218,Terra,MODIS,66,6.2,301.1,26.3,D,0
-14.6208,125.808,316.9,1.7,1.3,2014-05-26,0218,Terra,MODIS,68,6.2,298.6,17,D,0
-16.1213,127.5486,319.6,2.4,1.5,2014-05-26,0218,Terra,MODIS,63,6.2,301.9,28.1,D,0
-16.2761,128.2645,316.8,2.8,1.6,2014-05-26,0218,Terra,MODIS,62,6.2,300.4,29.7,D,0
-16.2733,128.2383,315.8,2.8,1.6,2014-05-26,0218,Terra,MODIS,59,6.2,299.6,25.3,D,0
-16.2703,128.2442,319.5,2.8,1.6,2014-05-26,0218,Terra,MODIS,68,6.2,299.8,38.6,D,0
-15.9388,127.6125,324.9,2.4,1.5,2014-05-26,0218,Terra,MODIS,76,6.2,300.3,47.7,D,0
-15.9325,127.6062,329.1,2.4,1.5,2014-05-26,0218,Terra,MODIS,81,6.2,300.5,68.3,D,0
-15.9487,127.6285,320.9,2.5,1.5,2014-05-26,0218,Terra,MODIS,70,6.2,300.1,36.2,D,0
-16.1835,127.6114,317.6,2.5,1.5,2014-05-26,0218,Terra,MODIS,16,6.2,301.3,22.1,D,0
-15.9822,127.4422,320.5,2.4,1.5,2014-05-26,0218,Terra,MODIS,40,6.2,301.1,25.8,D,0
-15.9617,127.745,315.9,2.5,1.5,2014-05-26,0218,Terra,MODIS,33,6.2,300.6,20.1,D,0
-15.6112,125.2486,320.9,1.6,1.2,2014-05-26,0218,Terra,MODIS,71,6.2,298.2,22.9,D,0
-15.9774,127.4371,327.1,2.4,1.5,2014-05-26,0218,Terra,MODIS,79,6.2,301.3,51.1,D,0
-13.9415,131.5107,316,4.6,2,2014-05-26,0218,Terra,MODIS,41,6.2,295,56.8,D,0
-14.2246,130.9736,321,4.2,1.9,2014-05-26,0218,Terra,MODIS,73,6.2,296.4,86.4,D,0
-13.636,131.6876,312.7,4.7,2,2014-05-26,0218,Terra,MODIS,55,6.2,296.4,43.5,D,0
-13.5529,130.7057,315.4,3.9,1.8,2014-05-26,0218,Terra,MODIS,55,6.2,299.4,43,D,0
-13.8816,131.789,321.5,4.8,2,2014-05-26,0218,Terra,MODIS,50,6.2,297.1,98.2,D,0
-13.959,131.502,326.9,4.6,2,2014-05-26,0218,Terra,MODIS,80,6.2,293.6,156.9,D,0
-13.5643,130.7112,314.4,3.9,1.8,2014-05-26,0218,Terra,MODIS,34,6.2,298.3,34.3,D,0
-13.9549,131.4601,316.7,4.5,2,2014-05-26,0218,Terra,MODIS,28,6.2,295.4,63.5,D,0
-13.8796,131.7822,316.9,4.8,2,2014-05-26,0218,Terra,MODIS,58,6.2,297.1,69.2,D,0
-14.2278,130.9683,323.4,4.2,1.9,2014-05-26,0218,Terra,MODIS,76,6.2,296.3,105.3,D,0
-13.8372,130.8847,318.6,4.1,1.9,2014-05-26,0218,Terra,MODIS,37,6.2,298.1,46.4,D,0
-13.8712,130.8392,330.3,4.1,1.9,2014-05-26,0218,Terra,MODIS,80,6.2,297.9,157.5,D,0
-13.8669,130.8447,333.6,4.1,1.9,2014-05-26,0218,Terra,MODIS,82,6.2,298.2,178,D,0
-13.8751,130.8758,324.4,4.1,1.9,2014-05-26,0218,Terra,MODIS,62,6.2,298.1,104.6,D,0
-13.6812,131.6035,313.8,4.6,2,2014-05-26,0218,Terra,MODIS,49,6.2,296.2,42.3,D,0
-14.2204,130.9355,328.4,4.2,1.9,2014-05-26,0218,Terra,MODIS,81,6.2,296.7,150.3,D,0
-13.8841,131.8267,321.1,4.8,2,2014-05-26,0218,Terra,MODIS,74,6.2,296.9,106.8,D,0
-14.2238,130.9301,321.7,4.2,1.9,2014-05-26,0218,Terra,MODIS,74,6.2,296.7,91.4,D,0
-13.9548,131.4671,323.1,4.5,2,2014-05-26,0218,Terra,MODIS,76,6.2,295.4,119.8,D,0
-13.6371,131.6945,313.5,4.7,2,2014-05-26,0218,Terra,MODIS,58,6.2,296.5,50.1,D,0
-13.5567,130.7417,314.9,3.9,1.8,2014-05-26,0218,Terra,MODIS,49,6.2,299.2,40.5,D,0
-16.0932,126.2937,320.8,2,1.4,2014-05-26,0219,Terra,MODIS,70,6.2,296,27.7,D,0
-16.4741,128.0202,319.3,2.7,1.6,2014-05-26,0219,Terra,MODIS,67,6.2,298.2,35.8,D,0
-16.6674,127.1991,315.8,2.3,1.5,2014-05-26,0219,Terra,MODIS,47,6.2,298.3,20.1,D,0
-17.2336,127.9018,312.6,2.7,1.6,2014-05-26,0219,Terra,MODIS,22,6.2,298,18.1,D,0
-16.4457,126.8558,327.6,2.2,1.4,2014-05-26,0219,Terra,MODIS,79,6.2,298.8,51.9,D,0
-16.5684,126.7938,329.3,2.2,1.4,2014-05-26,0219,Terra,MODIS,81,6.2,300.9,58.9,D,0
-16.566,126.7737,323.8,2.2,1.4,2014-05-26,0219,Terra,MODIS,75,6.2,297.5,39.2,D,0
-16.98,127.6766,317.8,2.6,1.5,2014-05-26,0219,Terra,MODIS,32,6.2,299.8,23.8,D,0
-16.6648,127.5398,321.9,2.5,1.5,2014-05-26,0219,Terra,MODIS,72,6.2,300.9,41,D,0
-16.5546,126.789,316.7,2.2,1.4,2014-05-26,0219,Terra,MODIS,50,6.2,299.2,18.8,D,0
-16.5674,126.7873,335.5,2.2,1.4,2014-05-26,0219,Terra,MODIS,86,6.2,300,86.6,D,0
-16.9045,127.8141,320,2.6,1.6,2014-05-26,0219,Terra,MODIS,59,6.2,300.3,32.6,D,0
-16.4328,126.8574,326.4,2.2,1.4,2014-05-26,0219,Terra,MODIS,78,6.2,301.1,48.7,D,0
-16.6675,127.5639,316.2,2.5,1.5,2014-05-26,0219,Terra,MODIS,60,6.2,300.3,20.3,D,0
-16.3215,127.0235,318.7,2.2,1.4,2014-05-26,0219,Terra,MODIS,56,6.2,301.3,21.7,D,0
-16.6921,127.5362,331.2,2.5,1.5,2014-05-26,0219,Terra,MODIS,83,6.2,298.4,77.7,D,0
-16.7058,127.535,315.4,2.5,1.5,2014-05-26,0219,Terra,MODIS,57,6.2,299.1,17.8,D,0
-16.6576,130.4727,314.1,4.1,1.9,2014-05-26,0219,Terra,MODIS,47,6.2,296.1,43.4,D,0
-16.6614,130.4678,315.2,4.1,1.9,2014-05-26,0219,Terra,MODIS,54,6.2,296,53.8,D,0
-16.1055,126.292,321.7,2,1.4,2014-05-26,0219,Terra,MODIS,72,6.2,299.7,29.9,D,0
-16.6036,126.9912,318.4,2.2,1.5,2014-05-26,0219,Terra,MODIS,45,6.2,297.8,25.3,D,0
-17.104,125.2209,313.5,1.7,1.3,2014-05-26,0219,Terra,MODIS,37,6.2,300.3,10.6,D,0
-16.4446,128.1825,318.7,2.8,1.6,2014-05-26,0219,Terra,MODIS,66,6.2,298.9,36.5,D,0
-16.6579,127.5477,316.1,2.5,1.5,2014-05-26,0219,Terra,MODIS,33,6.2,299.8,18.7,D,0
-16.4479,128.1768,324.8,2.8,1.6,2014-05-26,0219,Terra,MODIS,76,6.2,299,64.4,D,0
-16.221,125.4598,316.1,1.7,1.3,2014-05-26,0219,Terra,MODIS,35,6.2,300.4,13,D,0
-16.2178,125.4537,320.8,1.7,1.3,2014-05-26,0219,Terra,MODIS,71,6.2,301,24.1,D,0
-16.0844,125.92,333,1.8,1.3,2014-05-26,0219,Terra,MODIS,84,6.2,300.1,59.3,D,0
-16.078,125.9142,316.8,1.8,1.3,2014-05-26,0219,Terra,MODIS,47,6.2,298.3,15.7,D,0
-16.0899,125.9126,320.3,1.8,1.3,2014-05-26,0219,Terra,MODIS,69,6.2,299.9,23.6,D,0
-16.0899,125.8674,317.7,1.8,1.3,2014-05-26,0219,Terra,MODIS,64,6.2,298.1,20.9,D,0
-16.0958,125.8603,314.8,1.8,1.3,2014-05-26,0219,Terra,MODIS,54,6.2,298,15.8,D,0
-16.0977,125.8769,328.9,1.8,1.3,2014-05-26,0219,Terra,MODIS,80,6.2,299.6,48.1,D,0
-16.5321,124.9401,316.6,1.6,1.2,2014-05-26,0219,Terra,MODIS,64,6.2,299.2,16,D,0
-16.0723,124.9138,316.1,1.5,1.2,2014-05-26,0219,Terra,MODIS,54,6.2,301.1,12.1,D,0
-16.5303,124.9255,312.2,1.6,1.2,2014-05-26,0219,Terra,MODIS,37,6.2,298.8,8.8,D,0
-16.2349,127.506,327.6,2.4,1.5,2014-05-26,0219,Terra,MODIS,76,6.2,300.2,55.1,D,0
-16.2484,127.5043,320.7,2.4,1.5,2014-05-26,0219,Terra,MODIS,42,6.2,299.6,32.5,D,0
-16.8758,124.8559,322.6,1.6,1.2,2014-05-26,0219,Terra,MODIS,73,6.2,301.4,24.5,D,0
-16.8646,124.8574,349.6,1.6,1.2,2014-05-26,0219,Terra,MODIS,95,6.2,302.7,103.5,D,0
-16.5415,124.9243,312.4,1.6,1.2,2014-05-26,0219,Terra,MODIS,29,6.2,298.8,8.7,D,0
-16.5432,124.9386,312.4,1.6,1.2,2014-05-26,0219,Terra,MODIS,30,6.2,298.9,9,D,0
-16.8627,124.8492,358.2,1.6,1.2,2014-05-26,0219,Terra,MODIS,99,6.2,302.1,140.6,D,0
-16.7397,123.9012,318.7,1.4,1.2,2014-05-26,0219,Terra,MODIS,67,6.2,300.5,14.6,D,0
-16.8419,125.1405,324.6,1.6,1.3,2014-05-26,0219,Terra,MODIS,76,6.2,300.8,29.5,D,0
-16.4452,128.1516,318.5,2.7,1.6,2014-05-26,0219,Terra,MODIS,66,6.2,299.3,36.7,D,0
-16.2619,127.5028,321.8,2.4,1.5,2014-05-26,0219,Terra,MODIS,49,6.2,298.8,38.4,D,0
-16.7414,123.9138,315.9,1.4,1.2,2014-05-26,0219,Terra,MODIS,60,6.2,300.7,11.1,D,0
-16.4418,128.1572,323.8,2.7,1.6,2014-05-26,0219,Terra,MODIS,75,6.2,300,58.5,D,0
-16.8738,124.8477,322.4,1.6,1.2,2014-05-26,0219,Terra,MODIS,73,6.2,300.9,23.4,D,0
-16.8757,124.8624,319.7,1.6,1.2,2014-05-26,0219,Terra,MODIS,60,6.2,301.4,17.7,D,0
-16.8629,124.8426,338.6,1.6,1.2,2014-05-26,0219,Terra,MODIS,88,6.2,300.3,64.4,D,0
-16.8646,124.8639,336.6,1.6,1.2,2014-05-26,0219,Terra,MODIS,87,6.2,301.3,56.2,D,0
-16.3756,127.3865,332,2.4,1.5,2014-05-26,0219,Terra,MODIS,83,6.2,300.6,76.9,D,0
-16.2559,127.4966,325.9,2.4,1.5,2014-05-26,0219,Terra,MODIS,59,6.2,299.3,53.4,D,0
-20.3438,123.9092,328.9,1.5,1.2,2014-05-26,0220,Terra,MODIS,80,6.2,303.1,32,D,0
-21.3908,127.9176,314.8,3.1,1.7,2014-05-26,0220,Terra,MODIS,61,6.2,296.9,30.2,D,0
-20.3327,124.2017,354.5,1.6,1.2,2014-05-26,0220,Terra,MODIS,97,6.2,303.9,118.9,D,0
-20.3216,124.2031,366.4,1.6,1.2,2014-05-26,0220,Terra,MODIS,100,6.2,306.2,184,D,0
-21.3743,127.8963,316.4,3,1.7,2014-05-26,0220,Terra,MODIS,63,6.2,296.4,37,D,0
-20.3346,124.2167,327.1,1.6,1.2,2014-05-26,0220,Terra,MODIS,67,6.2,303.9,27.5,D,0
-20.3421,123.8947,321.5,1.5,1.2,2014-05-26,0220,Terra,MODIS,67,6.2,301.1,18.2,D,0
-21.3731,127.8896,314.3,3,1.7,2014-05-26,0220,Terra,MODIS,40,6.2,296.3,27.7,D,0
-20.3197,124.188,325.8,1.6,1.2,2014-05-26,0220,Terra,MODIS,76,6.2,301.4,26.7,D,0
-20.5997,116.7753,312.1,1.2,1.1,2014-05-26,0220,Terra,MODIS,29,6.2,300.5,6.8,D,2
-34.7297,147.7315,306.6,3.7,1.8,2014-05-26,0322,Aqua,MODIS,64,6.2,292.7,32.7,D,0
-34.7396,147.7246,307.8,3.7,1.8,2014-05-26,0322,Aqua,MODIS,66,6.2,293.5,37.4,D,0
-35.5477,146.9476,308.7,4.2,1.9,2014-05-26,0322,Aqua,MODIS,67,6.2,291.4,59.4,D,0
-35.547,146.9439,307.1,4.2,1.9,2014-05-26,0322,Aqua,MODIS,65,6.2,291.5,51.1,D,0
-34.5103,146.2733,306.6,4.6,2,2014-05-26,0323,Aqua,MODIS,30,6.2,291.4,55,D,0
-34.5123,146.2701,307.2,4.6,2,2014-05-26,0323,Aqua,MODIS,40,6.2,291.3,58.7,D,0
-32.4202,148.5785,316.2,3.1,1.7,2014-05-26,0323,Aqua,MODIS,75,6.2,292.9,60.3,D,0
-31.2908,152.2997,307.3,1.7,1.3,2014-05-26,0323,Aqua,MODIS,59,6.2,294.8,14.6,D,0
-33.0845,150.9506,310.7,2.2,1.4,2014-05-26,0323,Aqua,MODIS,45,6.2,293.6,23.4,D,0
-33.0843,150.9335,304.8,2.2,1.4,2014-05-26,0323,Aqua,MODIS,60,6.2,293.8,14.1,D,0
-33.0824,150.9574,307.9,2.2,1.4,2014-05-26,0323,Aqua,MODIS,66,6.2,293.5,19.5,D,0
-29.9539,150.4745,319.3,2.2,1.4,2014-05-26,0324,Aqua,MODIS,76,6.2,294.7,43.8,D,0
-29.9517,150.4797,320.9,2.2,1.4,2014-05-26,0324,Aqua,MODIS,78,6.2,294.3,48.4,D,0
-28.5729,149.4778,315.6,2.4,1.5,2014-05-26,0324,Aqua,MODIS,61,6.2,302,25.5,D,0
-29.778,152.5505,306.3,1.6,1.2,2014-05-26,0324,Aqua,MODIS,61,6.2,292.2,11.8,D,0
-28.5888,149.4543,313.8,2.4,1.5,2014-05-26,0324,Aqua,MODIS,27,6.2,300,18.1,D,0
-28.0312,153.2046,305,1.4,1.2,2014-05-26,0324,Aqua,MODIS,22,6.2,287.9,8.2,D,0
-28.5751,149.4528,318.3,2.4,1.5,2014-05-26,0324,Aqua,MODIS,72,6.2,302.1,33.6,D,0
-28.5814,149.4586,323.5,2.4,1.5,2014-05-26,0324,Aqua,MODIS,78,6.2,301.2,51.2,D,0
-25.6896,148.6456,313.1,2.6,1.5,2014-05-26,0325,Aqua,MODIS,61,6.2,301.5,26.5,D,0
-25.6841,148.6374,315.4,2.6,1.5,2014-05-26,0325,Aqua,MODIS,67,6.2,301.7,35.6,D,0
-25.7649,152.8065,314.9,1.3,1.1,2014-05-26,0325,Aqua,MODIS,62,6.2,284.7,19.1,D,0
-15.5967,143.783,312.2,4.4,1.9,2014-05-26,0328,Aqua,MODIS,53,6.2,295,57.4,D,0
-15.5959,143.779,310.3,4.4,1.9,2014-05-26,0328,Aqua,MODIS,35,6.2,295,45.2,D,0
-20.6207,119.5207,317.2,4.6,2,2014-05-26,0505,Aqua,MODIS,52,6.2,304.8,44.8,D,0
-21.916,129.5411,324.6,1.1,1,2014-05-26,0505,Aqua,MODIS,73,6.2,304.5,12.6,D,0
-21.3979,127.9139,321,1.2,1.1,2014-05-26,0505,Aqua,MODIS,29,6.2,306,8.9,D,0
-20.3413,123.8955,320.6,2.2,1.4,2014-05-26,0505,Aqua,MODIS,24,6.2,305.3,19.8,D,0
-21.3975,127.9194,320.1,1.2,1.1,2014-05-26,0505,Aqua,MODIS,56,6.2,305.4,8,D,0
-22.0409,129.3426,318.7,1.1,1,2014-05-26,0505,Aqua,MODIS,22,6.2,304.5,5.5,D,0
-21.3796,127.8993,319.6,1.2,1.1,2014-05-26,0505,Aqua,MODIS,37,6.2,304.7,7.9,D,0
-20.2911,124.2321,318.6,2.1,1.4,2014-05-26,0505,Aqua,MODIS,21,6.2,304.4,14.4,D,0
-21.9344,129.3351,318.7,1.1,1,2014-05-26,0505,Aqua,MODIS,50,6.2,299.8,8,D,0
-21.9133,129.5614,322.5,1.1,1,2014-05-26,0505,Aqua,MODIS,54,6.2,304.1,9.5,D,0
-21.8019,129.0259,320.5,1.1,1,2014-05-26,0505,Aqua,MODIS,57,6.2,306.1,7.4,D,0
-21.9147,129.5513,328.5,1.1,1,2014-05-26,0505,Aqua,MODIS,78,6.2,305.5,17.8,D,0
-16.9101,127.8139,326.4,1.1,1,2014-05-26,0506,Aqua,MODIS,49,6.2,305.6,14,D,0
-15.5223,130.3067,324.3,1,1,2014-05-26,0506,Aqua,MODIS,23,6.2,306.6,7.3,D,0
-16.1157,126.9742,328.9,1.2,1.1,2014-05-26,0506,Aqua,MODIS,61,6.2,309.3,18.5,D,0
-16.1172,126.9631,362.5,1.2,1.1,2014-05-26,0506,Aqua,MODIS,100,6.2,311.7,104,D,0
-16.1089,126.9506,327.1,1.2,1.1,2014-05-26,0506,Aqua,MODIS,45,6.2,305.3,16.5,D,0
-16.1104,126.9396,320.7,1.2,1.1,2014-05-26,0506,Aqua,MODIS,25,6.2,300.8,8.6,D,0
-16.4626,127.0476,325.4,1.2,1.1,2014-05-26,0506,Aqua,MODIS,65,6.2,305.1,14.1,D,0
-16.4655,127.0255,328.6,1.2,1.1,2014-05-26,0506,Aqua,MODIS,76,6.2,306.1,19.7,D,0
-16.4377,127.01,351.7,1.2,1.1,2014-05-26,0506,Aqua,MODIS,95,6.2,305.9,70.2,D,0
-16.4264,127.02,322.3,1.2,1.1,2014-05-26,0506,Aqua,MODIS,46,6.2,305.9,10.9,D,0
-16.1148,127.378,351.8,1.1,1.1,2014-05-26,0506,Aqua,MODIS,95,6.2,306.2,66.9,D,0
-16.658,130.4608,326.8,1,1,2014-05-26,0506,Aqua,MODIS,73,6.2,307.1,12.7,D,0
-16.6594,130.4514,322.5,1,1,2014-05-26,0506,Aqua,MODIS,63,6.2,307.1,7.9,D,0
-14.7338,131.8805,332.8,1.2,1.1,2014-05-26,0506,Aqua,MODIS,81,6.2,304.9,25.2,D,0
-14.7354,131.8698,326.9,1.2,1.1,2014-05-26,0506,Aqua,MODIS,66,6.2,307.9,16.4,D,0
-16.4279,127.0086,327,1.2,1.1,2014-05-26,0506,Aqua,MODIS,72,6.2,305.6,18.1,D,0
-16.1189,126.9701,352.1,1.2,1.1,2014-05-26,0506,Aqua,MODIS,96,6.2,310.2,66.9,D,0
-16.1203,126.959,348.1,1.2,1.1,2014-05-26,0506,Aqua,MODIS,93,6.2,310.7,55.8,D,0
-15.4996,128.1848,334,1,1,2014-05-26,0506,Aqua,MODIS,68,6.2,307.6,20,D,0
-16.7177,130.6221,330.1,1,1,2014-05-26,0506,Aqua,MODIS,77,6.2,307.2,16,D,0
-16.7163,130.6316,325.9,1,1,2014-05-26,0506,Aqua,MODIS,66,6.2,306.7,11,D,0
-16.7267,130.6236,322.3,1,1,2014-05-26,0506,Aqua,MODIS,38,6.2,306.8,6.6,D,0
-16.6973,127.5259,320.7,1.1,1.1,2014-05-26,0506,Aqua,MODIS,59,6.2,306.7,8.1,D,0
-16.6959,127.5366,324.5,1.1,1.1,2014-05-26,0506,Aqua,MODIS,69,6.2,308.2,12.4,D,0
-15.5088,128.186,328.3,1,1,2014-05-26,0506,Aqua,MODIS,53,6.2,309.5,12.8,D,0
-16.86,124.8271,334.9,1.7,1.3,2014-05-26,0506,Aqua,MODIS,84,6.2,303.5,52.4,D,0
-16.8495,124.8366,326.7,1.7,1.3,2014-05-26,0506,Aqua,MODIS,76,6.2,303.8,32,D,0
-16.8381,124.8351,318.5,1.7,1.3,2014-05-26,0506,Aqua,MODIS,59,6.2,301.2,16.1,D,0
-16.4948,128.0299,323.3,1.1,1,2014-05-26,0506,Aqua,MODIS,46,6.2,307.4,9.2,D,0
-14.5878,132.7509,326.1,1.3,1.1,2014-05-26,0506,Aqua,MODIS,53,6.2,306.9,18.4,D,0
-16.649,130.4594,338.3,1,1,2014-05-26,0506,Aqua,MODIS,86,6.2,306.4,27.7,D,0
-16.5597,126.7803,335.2,1.2,1.1,2014-05-26,0506,Aqua,MODIS,84,6.2,301.2,35.8,D,0
-16.4389,128.0219,364,1.1,1,2014-05-26,0506,Aqua,MODIS,100,6.2,310.2,93.7,D,0
-16.8779,128.1211,323.2,1.1,1,2014-05-26,0506,Aqua,MODIS,43,6.2,306.1,9.1,D,0
-16.8766,128.131,324.8,1.1,1,2014-05-26,0506,Aqua,MODIS,59,6.2,306.1,10.8,D,0
-16.5696,126.7818,330,1.2,1.1,2014-05-26,0506,Aqua,MODIS,60,6.2,302.1,25.6,D,0
-16.6645,127.5264,326.3,1.1,1.1,2014-05-26,0506,Aqua,MODIS,63,6.2,306.5,13.8,D,0
-16.6536,127.5355,326.5,1.1,1.1,2014-05-26,0506,Aqua,MODIS,45,6.2,307.3,13.2,D,0
-16.6631,127.5369,328,1.1,1.1,2014-05-26,0506,Aqua,MODIS,75,6.2,308.5,16.1,D,0
-15.5272,130.3364,327.9,1,1,2014-05-26,0506,Aqua,MODIS,72,6.2,307.7,13,D,0
-16.4962,128.0198,335.4,1.1,1,2014-05-26,0506,Aqua,MODIS,84,6.2,307.3,26.3,D,0
-15.4892,128.8644,324.8,1,1,2014-05-26,0506,Aqua,MODIS,61,6.2,308.1,7.7,D,0
-15.4905,128.8551,326.4,1,1,2014-05-26,0506,Aqua,MODIS,71,6.2,309.2,9.6,D,0
-16.6422,126.0528,321.3,1.4,1.2,2014-05-26,0506,Aqua,MODIS,55,6.2,305.2,12.2,D,0
-16.3255,130.3446,333.9,1,1,2014-05-26,0506,Aqua,MODIS,58,6.2,307.3,21.9,D,0
-16.6051,126.9777,329.5,1.2,1.1,2014-05-26,0506,Aqua,MODIS,78,6.2,305.6,22.9,D,0
-16.6065,126.9665,323.3,1.2,1.1,2014-05-26,0506,Aqua,MODIS,60,6.2,304.3,13,D,0
-16.3346,130.3461,332.4,1,1,2014-05-26,0506,Aqua,MODIS,46,6.2,307.9,20.4,D,0
-15.1094,130.8011,329.4,1,1,2014-05-26,0506,Aqua,MODIS,39,6.2,307.9,16.1,D,0
-15.5719,130.3394,322,1,1,2014-05-26,0506,Aqua,MODIS,26,6.2,305.7,7.3,D,0
-15.4334,130.7198,326.7,1,1,2014-05-26,0506,Aqua,MODIS,23,6.2,302.1,13.1,D,0
-15.5286,130.327,331.9,1,1,2014-05-26,0506,Aqua,MODIS,80,6.2,309.3,17.8,D,0
-16.0954,126.2833,327.6,1.3,1.1,2014-05-26,0506,Aqua,MODIS,66,6.2,301.7,27.1,D,0
-16.5079,124.82,328.3,1.6,1.3,2014-05-26,0506,Aqua,MODIS,79,6.2,302.3,38.5,D,0
-16.2532,136.0273,328,2.1,1.4,2014-05-26,0506,Aqua,MODIS,78,6.2,302.9,47.7,D,0
-14.582,133.8609,324.7,1.5,1.2,2014-05-26,0506,Aqua,MODIS,63,6.2,305.4,18.1,D,0
-16.2498,136.0464,332.9,2.1,1.4,2014-05-26,0506,Aqua,MODIS,83,6.2,302.5,65.5,D,0
-16.129,136.0561,317.3,2.1,1.4,2014-05-26,0506,Aqua,MODIS,52,6.2,301.3,20.7,D,0
-14.571,133.8588,323.5,1.5,1.2,2014-05-26,0506,Aqua,MODIS,45,6.2,305,14.1,D,0
-16.2373,136.044,322.5,2.1,1.4,2014-05-26,0506,Aqua,MODIS,70,6.2,305.9,31.1,D,0
-16.2574,127.4648,332.7,1.1,1.1,2014-05-26,0506,Aqua,MODIS,81,6.2,304.6,23.9,D,0
-15.9376,127.4047,345.3,1.1,1.1,2014-05-26,0506,Aqua,MODIS,92,6.2,306.3,46.3,D,0
-15.9471,127.406,352.9,1.1,1.1,2014-05-26,0506,Aqua,MODIS,96,6.2,304.8,65.6,D,0
-15.9457,127.4166,338.7,1.1,1.1,2014-05-26,0506,Aqua,MODIS,68,6.2,305.8,31.3,D,0
-15.9567,127.4073,342.8,1.1,1.1,2014-05-26,0506,Aqua,MODIS,90,6.2,303.5,41.6,D,0
-15.3654,128.9642,325.1,1,1,2014-05-26,0506,Aqua,MODIS,35,6.2,309.7,9.9,D,0
-15.3551,128.9722,323.5,1,1,2014-05-26,0506,Aqua,MODIS,55,6.2,308.1,7.8,D,0
-15.9738,127.7421,326.7,1.1,1,2014-05-26,0506,Aqua,MODIS,73,6.2,307,13.1,D,0
-15.3564,128.9628,327.6,1,1,2014-05-26,0506,Aqua,MODIS,74,6.2,309.4,12.7,D,0
-16.3155,124.9974,320.7,1.6,1.2,2014-05-26,0506,Aqua,MODIS,40,6.2,303.1,14.9,D,0
-16.1404,127.6529,325.1,1.1,1,2014-05-26,0506,Aqua,MODIS,53,6.2,308.2,8.4,D,0
-16.1472,127.6015,326,1.1,1.1,2014-05-26,0506,Aqua,MODIS,62,6.2,308.7,12.4,D,0
-16.1486,127.5911,330.6,1.1,1.1,2014-05-26,0506,Aqua,MODIS,79,6.2,307,20.1,D,0
-16.2695,128.2678,329.6,1.1,1,2014-05-26,0506,Aqua,MODIS,73,6.2,307.2,15.7,D,0
-16.2841,128.2299,329.3,1.1,1,2014-05-26,0506,Aqua,MODIS,24,6.2,305.9,15.4,D,0
-16.2801,128.2593,331.5,1.1,1,2014-05-26,0506,Aqua,MODIS,45,6.2,308,17.2,D,0
-16.2906,128.2508,331,1.1,1,2014-05-26,0506,Aqua,MODIS,39,6.2,304.7,16.7,D,0
-15.8533,127.4176,326.7,1.1,1.1,2014-05-26,0506,Aqua,MODIS,68,6.2,308.9,13.2,D,0
-15.8519,127.4282,322.3,1.1,1.1,2014-05-26,0506,Aqua,MODIS,35,6.2,307.5,7.9,D,0
-16.3047,127.5464,320.5,1.1,1.1,2014-05-26,0506,Aqua,MODIS,54,6.2,306.4,7.7,D,0
-16.3062,127.5359,327.8,1.1,1.1,2014-05-26,0506,Aqua,MODIS,76,6.2,306.1,17,D,0
-16.2614,127.5082,327.3,1.1,1.1,2014-05-26,0506,Aqua,MODIS,75,6.2,304.3,16.5,D,0
-16.2628,127.4977,348.8,1.1,1.1,2014-05-26,0506,Aqua,MODIS,94,6.2,306.9,57.3,D,0
-16.1215,127.4006,347.7,1.1,1.1,2014-05-26,0506,Aqua,MODIS,93,6.2,307.4,54.8,D,0
-16.1229,127.3899,337.3,1.1,1.1,2014-05-26,0506,Aqua,MODIS,86,6.2,304.1,33.8,D,0
-16.1119,127.3993,323.6,1.1,1.1,2014-05-26,0506,Aqua,MODIS,67,6.2,307.1,11.3,D,0
-15.8817,127.4603,327.5,1.1,1.1,2014-05-26,0506,Aqua,MODIS,75,6.2,308.9,12.9,D,0
-15.8803,127.4707,328.7,1.1,1.1,2014-05-26,0506,Aqua,MODIS,77,6.2,309.6,15.1,D,0
-16.1134,127.3887,378.1,1.1,1.1,2014-05-26,0506,Aqua,MODIS,100,6.2,311,162.5,D,0
-16.234,127.6418,323.6,1.1,1.1,2014-05-26,0506,Aqua,MODIS,61,6.2,308.3,9.4,D,0
-16.2519,127.5069,330.5,1.1,1.1,2014-05-26,0506,Aqua,MODIS,79,6.2,305.8,19.8,D,0
-16.2963,127.609,329.3,1.1,1.1,2014-05-26,0506,Aqua,MODIS,77,6.2,306.3,19.2,D,0
-16.2949,127.6194,325.3,1.1,1.1,2014-05-26,0506,Aqua,MODIS,54,6.2,304.9,12.7,D,0
-16.2533,127.4964,347.7,1.1,1.1,2014-05-26,0506,Aqua,MODIS,93,6.2,308.3,52.5,D,0
-15.8185,129.006,329.2,1,1,2014-05-26,0506,Aqua,MODIS,68,6.2,307.5,12.9,D,0
-15.8094,129.0046,358.3,1,1,2014-05-26,0506,Aqua,MODIS,99,6.2,307.9,67.6,D,0
-15.8107,128.9952,328.2,1,1,2014-05-26,0506,Aqua,MODIS,49,6.2,309.5,11.1,D,0
-15.8004,129.0032,357.9,1,1,2014-05-26,0506,Aqua,MODIS,98,6.2,307.8,66.1,D,0
-15.7837,128.9911,339.5,1,1,2014-05-26,0506,Aqua,MODIS,87,6.2,308.8,27.7,D,0
-15.9621,127.6148,325.3,1.1,1,2014-05-26,0506,Aqua,MODIS,31,6.2,306.8,11.2,D,0
-16.8582,124.8426,325.3,1.7,1.3,2014-05-26,0506,Aqua,MODIS,40,6.2,304.7,25.1,D,0
-16.8564,124.858,332.8,1.7,1.3,2014-05-26,0506,Aqua,MODIS,82,6.2,304.2,43.2,D,0
-16.8696,124.8442,322.3,1.7,1.3,2014-05-26,0506,Aqua,MODIS,21,6.2,305,19.3,D,0
-16.8678,124.8596,334,1.7,1.3,2014-05-26,0506,Aqua,MODIS,84,6.2,304.7,47.7,D,0
-16.8792,124.861,322.1,1.7,1.3,2014-05-26,0506,Aqua,MODIS,55,6.2,304.6,17.9,D,0
-16.1879,127.9878,322.3,1.1,1,2014-05-26,0506,Aqua,MODIS,57,6.2,307.5,8,D,0
-16.2751,127.4781,318.3,1.1,1.1,2014-05-26,0506,Aqua,MODIS,48,6.2,302.6,7.7,D,0
-16.2656,127.4767,329.7,1.1,1.1,2014-05-26,0506,Aqua,MODIS,74,6.2,304.5,20.7,D,0
-16.2546,127.4859,335.2,1.1,1.1,2014-05-26,0506,Aqua,MODIS,84,6.2,307.2,26.4,D,0
-16.256,127.4754,344.6,1.1,1.1,2014-05-26,0506,Aqua,MODIS,91,6.2,307,46.1,D,0
-15.9394,127.6064,328.3,1.1,1,2014-05-26,0506,Aqua,MODIS,76,6.2,308.1,14.2,D,0
-15.9407,127.5962,325.3,1.1,1,2014-05-26,0506,Aqua,MODIS,56,6.2,307,10.6,D,0
-15.9299,127.6052,326,1.1,1,2014-05-26,0506,Aqua,MODIS,73,6.2,308.2,11.1,D,0
-15.9313,127.5949,346,1.1,1,2014-05-26,0506,Aqua,MODIS,92,6.2,309.2,47,D,0
-16.1173,127.4323,321.7,1.1,1.1,2014-05-26,0506,Aqua,MODIS,53,6.2,306.7,7.9,D,0
-16.1187,127.4217,328.6,1.1,1.1,2014-05-26,0506,Aqua,MODIS,77,6.2,305.7,17.1,D,0
-16.8476,124.852,344.2,1.7,1.3,2014-05-26,0506,Aqua,MODIS,91,6.2,304,85,D,0
-16.8399,124.9135,318.6,1.6,1.3,2014-05-26,0506,Aqua,MODIS,56,6.2,304,13.4,D,0
-16.8369,125.1183,327.3,1.6,1.2,2014-05-26,0506,Aqua,MODIS,76,6.2,304.2,27.5,D,0
-16.835,125.1336,323.9,1.6,1.2,2014-05-26,0506,Aqua,MODIS,63,6.2,304.4,20.1,D,0
-16.8462,125.135,323.9,1.6,1.2,2014-05-26,0506,Aqua,MODIS,66,6.2,304,20.1,D,0
-16.8468,124.8412,345.5,1.7,1.3,2014-05-26,0506,Aqua,MODIS,92,6.2,303.9,89.9,D,0
-16.845,124.8566,338.5,1.7,1.3,2014-05-26,0506,Aqua,MODIS,87,6.2,302.9,61.8,D,0
-16.8377,124.9183,318.6,1.6,1.3,2014-05-26,0506,Aqua,MODIS,59,6.2,303.9,13.7,D,0
-16.7926,124.9233,315.8,1.6,1.3,2014-05-26,0506,Aqua,MODIS,45,6.2,301.6,11.7,D,0
-16.2076,128.0522,327.2,1.1,1,2014-05-26,0506,Aqua,MODIS,74,6.2,306.7,15.7,D,0
-16.209,128.0422,320.7,1.1,1,2014-05-26,0506,Aqua,MODIS,59,6.2,306,8.5,D,0
-16.1201,127.4111,369.7,1.1,1.1,2014-05-26,0506,Aqua,MODIS,100,6.2,308.2,123.2,D,0
-15.635,125.2472,331.4,1.5,1.2,2014-05-26,0506,Aqua,MODIS,79,6.2,301,37.8,D,0
-15.6458,125.2489,327.6,1.5,1.2,2014-05-26,0506,Aqua,MODIS,73,6.2,300.1,30.8,D,0
-16.5402,124.9332,315.9,1.6,1.3,2014-05-26,0506,Aqua,MODIS,46,6.2,302.3,11.3,D,0
-15.6133,125.244,320.6,1.5,1.2,2014-05-26,0506,Aqua,MODIS,67,6.2,301.4,17.7,D,0
-15.6107,125.2371,318.7,1.5,1.2,2014-05-26,0506,Aqua,MODIS,31,6.2,301,13,D,0
-15.6477,125.2343,333.7,1.5,1.2,2014-05-26,0506,Aqua,MODIS,84,6.2,300.3,46.4,D,0
-15.6368,125.2326,342.4,1.5,1.2,2014-05-26,0506,Aqua,MODIS,90,6.2,301.2,69.5,D,0
-15.9664,127.4357,331.2,1.1,1.1,2014-05-26,0506,Aqua,MODIS,76,6.2,307.1,19.3,D,0
-15.9323,132.2115,323.6,1.2,1.1,2014-05-26,0506,Aqua,MODIS,67,6.2,311,13.8,D,0
-15.755,125.5792,323.7,1.4,1.2,2014-05-26,0506,Aqua,MODIS,59,6.2,302.1,19.3,D,0
-15.7488,125.5854,323.5,1.4,1.2,2014-05-26,0506,Aqua,MODIS,43,6.2,301.4,19.3,D,0
-15.7291,125.5699,340.3,1.4,1.2,2014-05-26,0506,Aqua,MODIS,89,6.2,300.6,58.8,D,0
-15.6315,125.8344,324.3,1.4,1.2,2014-05-26,0506,Aqua,MODIS,71,6.2,302.9,21.1,D,0
-15.9445,125.6988,322.4,1.4,1.2,2014-05-26,0506,Aqua,MODIS,70,6.2,301.1,20.6,D,0
-17.275,138.1904,322.1,2.9,1.6,2014-05-26,0506,Aqua,MODIS,72,6.2,297.9,59,D,0
-15.6299,125.8471,326.4,1.4,1.2,2014-05-26,0506,Aqua,MODIS,76,6.2,301.8,24.3,D,0
-15.7315,125.8556,322.5,1.4,1.2,2014-05-26,0506,Aqua,MODIS,46,6.2,300.2,17,D,0
-17.2802,138.1637,317.5,2.8,1.6,2014-05-26,0506,Aqua,MODIS,63,6.2,295,36.9,D,0
-17.273,138.1821,316.8,2.9,1.6,2014-05-26,0506,Aqua,MODIS,49,6.2,297.4,35.5,D,0
-14.5224,133.0945,325.5,1.4,1.2,2014-05-26,0506,Aqua,MODIS,60,6.2,305.5,16.8,D,0
-15.01,125.6362,319.6,1.4,1.2,2014-05-26,0507,Aqua,MODIS,55,6.2,302.6,10.9,D,0
-15.0231,125.6707,333.4,1.4,1.2,2014-05-26,0507,Aqua,MODIS,83,6.2,303,37.2,D,0
-15.0247,125.658,328.9,1.4,1.2,2014-05-26,0507,Aqua,MODIS,78,6.2,301.8,27.5,D,0
-14.9958,125.7185,320,1.4,1.2,2014-05-26,0507,Aqua,MODIS,62,6.2,302.6,12.7,D,0
-15.0158,125.6439,321.5,1.4,1.2,2014-05-26,0507,Aqua,MODIS,56,6.2,302.6,13.9,D,0
-15.4439,126.0388,330.9,1.3,1.1,2014-05-26,0507,Aqua,MODIS,81,6.2,303.8,32.5,D,0
-15.195,125.7578,331.3,1.4,1.2,2014-05-26,0507,Aqua,MODIS,81,6.2,301.9,34,D,0
-15.2956,125.9305,317.8,1.3,1.1,2014-05-26,0507,Aqua,MODIS,33,6.2,300.9,10.7,D,0
-15.4917,125.8287,330.3,1.4,1.2,2014-05-26,0507,Aqua,MODIS,80,6.2,299.4,34.7,D,0
-12.1426,132.9309,324.6,1.5,1.2,2014-05-26,0507,Aqua,MODIS,76,6.2,300,24.4,D,0
-15.1672,125.153,318.3,1.5,1.2,2014-05-26,0507,Aqua,MODIS,44,6.2,298.7,15.2,D,0
-15.158,125.1377,349.8,1.5,1.2,2014-05-26,0507,Aqua,MODIS,89,6.2,301.4,94.9,D,0
-15.1546,125.1462,338.5,1.5,1.2,2014-05-26,0507,Aqua,MODIS,62,6.2,300.3,56.2,D,0
-15.1564,125.1323,336,1.5,1.2,2014-05-26,0507,Aqua,MODIS,85,6.2,301,48.8,D,0
-12.1447,132.9176,328.3,1.5,1.2,2014-05-26,0507,Aqua,MODIS,80,6.2,300.1,32.1,D,0
-12.9591,130.4697,322.2,1.1,1,2014-05-26,0507,Aqua,MODIS,40,6.2,301.5,13.2,D,0
-12.9009,130.4804,329.3,1.1,1,2014-05-26,0507,Aqua,MODIS,80,6.2,303.2,21.7,D,0
-12.9188,130.4237,331.1,1.1,1,2014-05-26,0507,Aqua,MODIS,69,6.2,301.9,21.5,D,0
-15.2964,126.0058,319.7,1.3,1.1,2014-05-26,0507,Aqua,MODIS,60,6.2,305.2,11.2,D,0
-12.9294,130.4155,401.1,1.1,1,2014-05-26,0507,Aqua,MODIS,100,6.2,307.6,268.7,D,0
-12.928,130.4252,358.9,1.1,1,2014-05-26,0507,Aqua,MODIS,99,6.2,303.2,78.6,D,0
-12.9265,130.4348,341.8,1.1,1,2014-05-26,0507,Aqua,MODIS,84,6.2,302.6,38.6,D,0
-14.4262,129.9361,328.7,1,1,2014-05-26,0507,Aqua,MODIS,79,6.2,305.4,18,D,0
-14.4248,129.9454,323.3,1,1,2014-05-26,0507,Aqua,MODIS,72,6.2,303.5,11.3,D,0
-14.4352,129.9375,317.3,1,1,2014-05-26,0507,Aqua,MODIS,35,6.2,302.5,5.7,D,0
-12.9005,130.61,321.4,1.1,1,2014-05-26,0507,Aqua,MODIS,64,6.2,306.1,11.6,D,0
-12.9314,130.4653,377.4,1.1,1,2014-05-26,0507,Aqua,MODIS,100,6.2,306.9,145.6,D,0
-12.93,130.475,345.2,1.1,1,2014-05-26,0507,Aqua,MODIS,92,6.2,303.6,47.3,D,0
-12.9014,130.5402,321.4,1.1,1,2014-05-26,0507,Aqua,MODIS,69,6.2,303.1,12.2,D,0
-13.004,130.5922,324.5,1.1,1,2014-05-26,0507,Aqua,MODIS,48,6.2,307.2,10.3,D,0
-12.9271,130.4944,321.8,1.1,1,2014-05-26,0507,Aqua,MODIS,70,6.2,302.2,12.6,D,0
-12.9407,130.4668,355.7,1.1,1,2014-05-26,0507,Aqua,MODIS,98,6.2,304.1,72,D,0
-12.9392,130.4765,346.6,1.1,1,2014-05-26,0507,Aqua,MODIS,93,6.2,303.2,49.5,D,0
-12.9376,130.6159,321.4,1.1,1,2014-05-26,0507,Aqua,MODIS,58,6.2,306.1,10.4,D,0
-14.3582,129.9569,319.3,1,1,2014-05-26,0507,Aqua,MODIS,63,6.2,304.5,7,D,0
-13.8203,130.4896,331.6,1,1,2014-05-26,0507,Aqua,MODIS,81,6.2,304.2,22.5,D,0
-12.9019,130.6003,319.9,1.1,1,2014-05-26,0507,Aqua,MODIS,66,6.2,305.3,10.8,D,0
-12.9329,130.4556,363.5,1.1,1,2014-05-26,0507,Aqua,MODIS,100,6.2,305.2,94.5,D,0
-12.9343,130.446,373,1.1,1,2014-05-26,0507,Aqua,MODIS,100,6.2,304.3,127.7,D,0
-12.9222,130.4639,336.6,1.1,1,2014-05-26,0507,Aqua,MODIS,86,6.2,302.8,31,D,0
-12.9237,130.4542,356.4,1.1,1,2014-05-26,0507,Aqua,MODIS,98,6.2,305.6,73.2,D,0
-12.9251,130.4445,343.7,1.1,1,2014-05-26,0507,Aqua,MODIS,91,6.2,303.3,43.6,D,0
-14.2415,130.0667,334.8,1,1,2014-05-26,0507,Aqua,MODIS,85,6.2,304.9,24.9,D,0
-14.2429,130.0574,329.4,1,1,2014-05-26,0507,Aqua,MODIS,79,6.2,305.9,17.2,D,0
-12.9124,130.403,348.1,1.1,1,2014-05-26,0507,Aqua,MODIS,88,6.2,303,53.9,D,0
-12.9216,130.4044,385,1.1,1,2014-05-26,0507,Aqua,MODIS,87,6.2,305.3,177.6,D,0
-12.9202,130.4141,375.2,1.1,1,2014-05-26,0507,Aqua,MODIS,100,6.2,304.8,134.3,D,0
-12.8907,130.5484,320.5,1.1,1,2014-05-26,0507,Aqua,MODIS,52,6.2,304.3,10.2,D,0
-14.0326,129.7296,331.5,1,1,2014-05-26,0507,Aqua,MODIS,81,6.2,303.5,23.7,D,0
-13.1169,130.3294,336.3,1,1,2014-05-26,0507,Aqua,MODIS,86,6.2,302.1,30.7,D,0
-13.0829,130.2491,337.8,1,1,2014-05-26,0507,Aqua,MODIS,87,6.2,302.3,34.9,D,0
-13.0737,130.2477,345.4,1,1,2014-05-26,0507,Aqua,MODIS,92,6.2,302.6,47,D,0
-12.9775,130.2171,346.1,1,1,2014-05-26,0507,Aqua,MODIS,93,6.2,299.2,48.7,D,0
-15.0354,128.5641,327.1,1,1,2014-05-26,0507,Aqua,MODIS,65,6.2,306.9,12.7,D,0
-15.0263,128.5628,330.1,1,1,2014-05-26,0507,Aqua,MODIS,78,6.2,307.4,16.5,D,0
-15.0958,125.6025,330.1,1.4,1.2,2014-05-26,0507,Aqua,MODIS,79,6.2,303.6,30.6,D,0
-14.9509,127.9827,324.9,1.1,1,2014-05-26,0507,Aqua,MODIS,47,6.2,308.1,11.1,D,0
-14.9522,127.9729,323.9,1.1,1,2014-05-26,0507,Aqua,MODIS,60,6.2,305.5,10.1,D,0
-13.0569,130.2352,325.1,1,1,2014-05-26,0507,Aqua,MODIS,53,6.2,303.4,13.6,D,0
-13.9829,133.2148,328.3,1.4,1.2,2014-05-26,0507,Aqua,MODIS,79,6.2,304,27,D,0
-15.0276,128.5533,322.3,1,1,2014-05-26,0507,Aqua,MODIS,57,6.2,306.3,8.4,D,0
-15.2901,126.7581,329.5,1.2,1.1,2014-05-26,0507,Aqua,MODIS,79,6.2,305.6,22.1,D,0
-15.2842,126.8024,333.9,1.2,1.1,2014-05-26,0507,Aqua,MODIS,83,6.2,308.1,25,D,0
-13.107,130.3965,327.6,1.1,1,2014-05-26,0507,Aqua,MODIS,77,6.2,304,17,D,0
-13.0245,130.201,322.6,1,1,2014-05-26,0507,Aqua,MODIS,47,6.2,301.9,11.8,D,0
-13.0337,130.2024,333.1,1,1,2014-05-26,0507,Aqua,MODIS,64,6.2,305.1,22.1,D,0
-14.4351,127.5892,352.9,1.1,1,2014-05-26,0507,Aqua,MODIS,96,6.2,307.5,62.7,D,0
-15.0631,125.0562,324.1,1.5,1.2,2014-05-26,0507,Aqua,MODIS,0,6.2,300.5,23.2,D,0
-15.074,125.0576,333,1.5,1.2,2014-05-26,0507,Aqua,MODIS,0,6.2,301.1,38.5,D,0
-15.0849,125.0593,330.1,1.5,1.2,2014-05-26,0507,Aqua,MODIS,68,6.2,301.7,35.7,D,0
-15.0887,125.0526,328.8,1.5,1.2,2014-05-26,0507,Aqua,MODIS,0,6.2,300.5,34.9,D,0
-12.9803,130.198,328.1,1,1,2014-05-26,0507,Aqua,MODIS,78,6.2,302.1,19.4,D,0
-15.087,125.0663,329.6,1.5,1.2,2014-05-26,0507,Aqua,MODIS,75,6.2,301.2,36.9,D,0
-13.0751,130.2381,326.4,1,1,2014-05-26,0507,Aqua,MODIS,59,6.2,301.5,16,D,0
-14.9601,127.984,332.4,1.1,1,2014-05-26,0507,Aqua,MODIS,72,6.2,306.7,19.4,D,0
-13.015,130.4546,339.4,1.1,1,2014-05-26,0507,Aqua,MODIS,88,6.2,302.5,35.8,D,0
-14.6422,127.7384,327,1.1,1,2014-05-26,0507,Aqua,MODIS,75,6.2,306.6,14,D,0
-15.3067,126.783,325.4,1.2,1.1,2014-05-26,0507,Aqua,MODIS,64,6.2,305.7,14.5,D,0
-15.1046,125.6167,328.2,1.4,1.2,2014-05-26,0507,Aqua,MODIS,77,6.2,301.2,27.3,D,0
-15.3052,126.794,326.5,1.2,1.1,2014-05-26,0507,Aqua,MODIS,64,6.2,307,15.2,D,0
-12.3819,132.9288,317.5,1.4,1.2,2014-05-26,0507,Aqua,MODIS,51,6.2,301.6,11.3,D,0
-12.9648,130.303,392.7,1,1,2014-05-26,0507,Aqua,MODIS,100,6.2,302.4,218,D,0
-13.0966,130.2773,318.8,1,1,2014-05-26,0507,Aqua,MODIS,31,6.2,301.5,8.9,D,0
-15.3165,126.7844,333,1.2,1.1,2014-05-26,0507,Aqua,MODIS,71,6.2,303.5,25.2,D,0
-14.8919,125.4299,316.3,1.4,1.2,2014-05-26,0507,Aqua,MODIS,49,6.2,299.4,8.1,D,0
-15.315,126.7954,342.2,1.2,1.1,2014-05-26,0507,Aqua,MODIS,90,6.2,305.4,43.5,D,0
-13.0526,130.3913,331.5,1.1,1,2014-05-26,0507,Aqua,MODIS,72,6.2,301.5,24.4,D,0
-12.9542,130.3112,343.1,1,1,2014-05-26,0507,Aqua,MODIS,91,6.2,296.3,42.2,D,0
-15.4232,125.98,317.4,1.3,1.1,2014-05-26,0507,Aqua,MODIS,15,6.2,299.8,9.2,D,0
-15.1918,126.4972,324.3,1.2,1.1,2014-05-26,0507,Aqua,MODIS,71,6.2,304.5,15.7,D,0
-15.1004,125.6083,338.7,1.4,1.2,2014-05-26,0507,Aqua,MODIS,87,6.2,303.6,50.3,D,0
-15.3664,126.4105,360.5,1.3,1.1,2014-05-26,0507,Aqua,MODIS,100,6.2,308,107.8,D,0
-15.0988,125.6212,331.1,1.4,1.2,2014-05-26,0507,Aqua,MODIS,78,6.2,303.4,31.6,D,0
-13.0512,130.4009,346.7,1.1,1,2014-05-26,0507,Aqua,MODIS,93,6.2,302.8,50.4,D,0
-15.3648,126.4222,350.8,1.3,1.1,2014-05-26,0507,Aqua,MODIS,95,6.2,306.3,75,D,0
-15.3665,126.4044,343.1,1.3,1.1,2014-05-26,0507,Aqua,MODIS,91,6.2,305,54.1,D,0
-14.5387,127.4977,327.6,1.1,1,2014-05-26,0507,Aqua,MODIS,77,6.2,308.2,15.8,D,0
-13.4361,131.0122,337.3,1.1,1,2014-05-26,0507,Aqua,MODIS,81,6.2,308.5,30.7,D,0
-15.4423,126.0511,338.8,1.3,1.1,2014-05-26,0507,Aqua,MODIS,88,6.2,304.3,49.8,D,0
-15.1346,125.1298,327,1.5,1.2,2014-05-26,0507,Aqua,MODIS,66,6.2,300.4,29.1,D,0
-15.0796,125.1006,320.8,1.5,1.2,2014-05-26,0507,Aqua,MODIS,0,6.2,301.4,16.7,D,0
-13.0618,130.3927,324.2,1.1,1,2014-05-26,0507,Aqua,MODIS,70,6.2,301,15.7,D,0
-14.564,127.8516,323.4,1.1,1,2014-05-26,0507,Aqua,MODIS,48,6.2,306,10.1,D,0
-14.5903,127.8654,333.7,1.1,1,2014-05-26,0507,Aqua,MODIS,83,6.2,305.5,24.4,D,0
-14.589,127.8751,337.3,1.1,1,2014-05-26,0507,Aqua,MODIS,86,6.2,305.3,30.3,D,0
-14.6115,127.8485,318.8,1.1,1,2014-05-26,0507,Aqua,MODIS,46,6.2,305,6,D,0
-13.0463,130.2434,333.9,1,1,2014-05-26,0507,Aqua,MODIS,77,6.2,302.2,26.4,D,0
-13.0604,130.4024,322.7,1.1,1,2014-05-26,0507,Aqua,MODIS,52,6.2,301.2,13.2,D,0
-12.9557,130.3016,338.5,1,1,2014-05-26,0507,Aqua,MODIS,88,6.2,298.7,33,D,0
-15.3651,126.4161,379.5,1.3,1.1,2014-05-26,0507,Aqua,MODIS,100,6.2,308.6,196.3,D,0
-14.5655,127.7013,321.6,1.1,1,2014-05-26,0507,Aqua,MODIS,66,6.2,306.3,7.9,D,0
-15.3172,126.7901,349.4,1.2,1.1,2014-05-26,0507,Aqua,MODIS,94,6.2,304.8,62.9,D,0
-12.9825,130.4198,328.8,1.1,1,2014-05-26,0507,Aqua,MODIS,42,6.2,300.2,20.4,D,0
-15.3158,126.8012,327,1.2,1.1,2014-05-26,0507,Aqua,MODIS,46,6.2,304.6,16.3,D,0
-13.0322,130.2119,344.8,1,1,2014-05-26,0507,Aqua,MODIS,92,6.2,305.9,41.8,D,0
-13.0477,130.2338,340,1,1,2014-05-26,0507,Aqua,MODIS,89,6.2,303.9,34.9,D,0
-15.3636,126.4277,333,1.3,1.1,2014-05-26,0507,Aqua,MODIS,83,6.2,304.6,31.2,D,0
-12.9662,130.2934,387.3,1,1,2014-05-26,0507,Aqua,MODIS,87,6.2,302.3,188.7,D,0
-15.0941,125.6153,335.4,1.4,1.2,2014-05-26,0507,Aqua,MODIS,85,6.2,304.3,42.2,D,0
-14.6409,127.7483,347.9,1.1,1,2014-05-26,0507,Aqua,MODIS,93,6.2,308.8,49.6,D,0
-12.9838,130.2376,356.9,1,1,2014-05-26,0507,Aqua,MODIS,98,6.2,299.6,73.4,D,0
-14.6488,127.7595,323.6,1.1,1,2014-05-26,0507,Aqua,MODIS,62,6.2,306.6,9.1,D,0
-15.209,125.1724,346.8,1.5,1.2,2014-05-26,0507,Aqua,MODIS,93,6.2,301.5,85,D,0
-13.0646,130.2462,327.8,1,1,2014-05-26,0507,Aqua,MODIS,55,6.2,301.3,17.8,D,0
-13.8603,130.0304,318.9,1,1,2014-05-26,0507,Aqua,MODIS,60,6.2,304.3,8.2,D,0
-13.8617,130.0211,320.7,1,1,2014-05-26,0507,Aqua,MODIS,65,6.2,304,10.1,D,0
-12.9754,130.2949,335,1,1,2014-05-26,0507,Aqua,MODIS,64,6.2,297.5,29.9,D,0
-14.4244,127.5977,323,1.1,1,2014-05-26,0507,Aqua,MODIS,18,6.2,306.6,8.8,D,0
-14.5588,127.7509,323.7,1.1,1,2014-05-26,0507,Aqua,MODIS,58,6.2,306.5,9.9,D,0
-12.3731,132.5259,320.4,1.4,1.2,2014-05-26,0507,Aqua,MODIS,47,6.2,300.7,12.9,D,0
-14.4297,127.6288,325.4,1.1,1,2014-05-26,0507,Aqua,MODIS,68,6.2,307.9,11.9,D,0
-14.431,127.6189,329.5,1.1,1,2014-05-26,0507,Aqua,MODIS,75,6.2,309.6,17,D,0
-12.3816,132.5213,331.7,1.4,1.2,2014-05-26,0507,Aqua,MODIS,83,6.2,301.2,32.8,D,0
-15.1982,125.171,321,1.5,1.2,2014-05-26,0507,Aqua,MODIS,66,6.2,301.1,19.1,D,0
-14.4324,127.609,334.3,1.1,1,2014-05-26,0507,Aqua,MODIS,83,6.2,309.4,23.3,D,0
-15.0717,125.1915,318.2,1.5,1.2,2014-05-26,0507,Aqua,MODIS,0,6.2,301.3,13.1,D,0
-13.0815,130.2586,322.7,1,1,2014-05-26,0507,Aqua,MODIS,70,6.2,300.6,14.3,D,0
-12.9139,130.3933,330.9,1.1,1,2014-05-26,0507,Aqua,MODIS,63,6.2,301.6,21.8,D,0
-13.098,130.2677,352.3,1,1,2014-05-26,0507,Aqua,MODIS,96,6.2,302.5,61.6,D,0
-13.0994,130.2582,351.7,1,1,2014-05-26,0507,Aqua,MODIS,96,6.2,302.2,60.8,D,0
-15.1904,126.5086,318.4,1.2,1.1,2014-05-26,0507,Aqua,MODIS,37,6.2,304,8.2,D,0
-13.1008,130.2487,322.2,1,1,2014-05-26,0507,Aqua,MODIS,51,6.2,301.1,12.5,D,0
-13.0902,130.2567,336.2,1,1,2014-05-26,0507,Aqua,MODIS,85,6.2,301.7,29.7,D,0
-13.963,130.332,322.6,1,1,2014-05-26,0507,Aqua,MODIS,47,6.2,305.7,8.1,D,0
-13.9539,130.3306,349.5,1,1,2014-05-26,0507,Aqua,MODIS,94,6.2,306.4,51.8,D,0
-13.0917,130.2472,325.1,1,1,2014-05-26,0507,Aqua,MODIS,28,6.2,302,14.6,D,0
-13.9553,130.3211,329.1,1,1,2014-05-26,0507,Aqua,MODIS,74,6.2,304.3,16.5,D,0
-15.4296,125.9867,325.5,1.3,1.1,2014-05-26,0507,Aqua,MODIS,59,6.2,297.6,20.9,D,0
-15.0211,125.036,344.1,1.5,1.2,2014-05-26,0507,Aqua,MODIS,69,6.2,302.2,73.7,D,0
-15.043,125.039,360.3,1.5,1.2,2014-05-26,0507,Aqua,MODIS,90,6.2,303.7,0,D,0
-14.0191,129.8224,315.8,1,1,2014-05-26,0507,Aqua,MODIS,22,6.2,301.5,7.1,D,0
-14.4337,127.5991,331.7,1.1,1,2014-05-26,0507,Aqua,MODIS,71,6.2,308.4,19.5,D,0
-15.0367,128.5547,333.2,1,1,2014-05-26,0507,Aqua,MODIS,81,6.2,306.7,21.8,D,0
-12.9903,130.4309,324.5,1.1,1,2014-05-26,0507,Aqua,MODIS,30,6.2,301.9,15.5,D,0
-13.066,130.2367,328.8,1,1,2014-05-26,0507,Aqua,MODIS,60,6.2,302,17.9,D,0
-14.5788,127.6728,322.6,1.1,1,2014-05-26,0507,Aqua,MODIS,68,6.2,305.9,8.6,D,0
-12.8917,131.2763,323.7,1.1,1.1,2014-05-26,0507,Aqua,MODIS,72,6.2,302.5,12.9,D,0
-13.2138,131.0413,346.7,1.1,1,2014-05-26,0507,Aqua,MODIS,93,6.2,308.5,50,D,0
-12.9012,131.2778,321.4,1.1,1.1,2014-05-26,0507,Aqua,MODIS,61,6.2,302.7,10.3,D,0
-12.4173,130.952,339.1,1.1,1.1,2014-05-26,0507,Aqua,MODIS,79,6.2,304.1,36.7,D,0
-13.2169,131.021,335.6,1.1,1,2014-05-26,0507,Aqua,MODIS,80,6.2,301.7,30.1,D,0
-12.8799,132.8621,316.2,1.4,1.2,2014-05-26,0507,Aqua,MODIS,35,6.2,297.7,6.7,D,0
-12.8356,131.9178,330.1,1.2,1.1,2014-05-26,0507,Aqua,MODIS,54,6.2,291.9,29.9,D,0
-12.4439,130.7088,316.8,1.1,1,2014-05-26,0507,Aqua,MODIS,52,6.2,302.8,7.6,D,0
-12.7151,133.2362,333.6,1.5,1.2,2014-05-26,0507,Aqua,MODIS,84,6.2,302.7,40.8,D,0
-12.7137,133.2303,321.8,1.5,1.2,2014-05-26,0507,Aqua,MODIS,60,6.2,302.5,16.7,D,0
-13.2123,131.0514,337.2,1.1,1,2014-05-26,0507,Aqua,MODIS,86,6.2,307.4,30.3,D,0
-13.1016,133.5395,315,1.6,1.2,2014-05-26,0507,Aqua,MODIS,50,6.2,298.4,7.4,D,0
-12.9706,133.2766,326.1,1.5,1.2,2014-05-26,0507,Aqua,MODIS,76,6.2,299.8,25.5,D,0
-13.2371,130.7582,328.3,1.1,1,2014-05-26,0507,Aqua,MODIS,77,6.2,302.2,18.7,D,0
-13.0758,131.0854,326.8,1.1,1.1,2014-05-26,0507,Aqua,MODIS,66,6.2,306.2,17,D,0
-12.8376,132.0347,336.7,1.3,1.1,2014-05-26,0507,Aqua,MODIS,86,6.2,305.3,37.9,D,0
-12.9005,130.8022,323,1.1,1,2014-05-26,0507,Aqua,MODIS,43,6.2,304,12.1,D,0
-12.9684,133.2903,318.9,1.5,1.2,2014-05-26,0507,Aqua,MODIS,64,6.2,301.2,11.6,D,0
-12.8615,133.6043,331.8,1.6,1.2,2014-05-26,0507,Aqua,MODIS,83,6.2,301.9,40.6,D,0
-13.7781,133.3445,320.8,1.5,1.2,2014-05-26,0507,Aqua,MODIS,70,6.2,302.9,16.5,D,0
-13.0663,131.0838,327.1,1.1,1.1,2014-05-26,0507,Aqua,MODIS,76,6.2,303.3,17.7,D,0
-12.4158,130.9622,331.2,1.1,1.1,2014-05-26,0507,Aqua,MODIS,82,6.2,304.6,22.3,D,0
-12.8358,132.0461,330.4,1.3,1.1,2014-05-26,0507,Aqua,MODIS,80,6.2,305.4,25.6,D,0
-13.1039,133.5253,315.6,1.6,1.2,2014-05-26,0507,Aqua,MODIS,51,6.2,298.4,8,D,0
-13.2153,131.0311,333.9,1.1,1,2014-05-26,0507,Aqua,MODIS,32,6.2,307.2,25.7,D,0
-13.0773,131.0751,332.2,1.1,1.1,2014-05-26,0507,Aqua,MODIS,82,6.2,304,25.2,D,0
-13.2135,133.4214,316.2,1.5,1.2,2014-05-26,0507,Aqua,MODIS,38,6.2,294.8,11.5,D,0
-13.4761,130.8751,318.4,1.1,1,2014-05-26,0507,Aqua,MODIS,12,6.2,302.7,7.5,D,0
-14.6318,131.1517,323,1.1,1,2014-05-26,0507,Aqua,MODIS,38,6.2,304.8,11.8,D,0
-13.8318,130.8958,335,1.1,1,2014-05-26,0507,Aqua,MODIS,85,6.2,307.4,25.3,D,0
-13.9449,134.2283,321.2,1.7,1.3,2014-05-26,0507,Aqua,MODIS,52,6.2,300.1,19.6,D,0
-13.9609,133.9909,315.4,1.6,1.3,2014-05-26,0507,Aqua,MODIS,38,6.2,296.5,10.6,D,0
-13.487,132.59,330.8,1.3,1.1,2014-05-26,0507,Aqua,MODIS,67,6.2,296.4,28.1,D,0
-13.4749,132.6003,344.4,1.3,1.1,2014-05-26,0507,Aqua,MODIS,85,6.2,300.4,60.4,D,0
-13.7179,133.3759,320.8,1.5,1.2,2014-05-26,0507,Aqua,MODIS,46,6.2,301,16,D,0
-13.0125,133.2485,320.2,1.5,1.2,2014-05-26,0507,Aqua,MODIS,63,6.2,300.8,13.2,D,0
-14.6225,131.1502,320.9,1.1,1,2014-05-26,0507,Aqua,MODIS,33,6.2,304.5,9.6,D,0
-13.7802,133.3309,318.8,1.5,1.2,2014-05-26,0507,Aqua,MODIS,66,6.2,302.1,13.1,D,0
-13.9037,134.0576,318.5,1.6,1.3,2014-05-26,0507,Aqua,MODIS,64,6.2,298.7,15.9,D,0
-13.9808,133.2281,335.6,1.4,1.2,2014-05-26,0507,Aqua,MODIS,85,6.2,304.9,43,D,0
-14.0346,132.0341,329.8,1.2,1.1,2014-05-26,0507,Aqua,MODIS,52,6.2,305.9,21.1,D,0
-14.035,131.0223,345.8,1.1,1,2014-05-26,0507,Aqua,MODIS,87,6.2,304,49.6,D,0
-13.1106,133.0468,316.4,1.4,1.2,2014-05-26,0507,Aqua,MODIS,53,6.2,295.4,9.3,D,0
-13.0663,133.0512,321.5,1.4,1.2,2014-05-26,0507,Aqua,MODIS,50,6.2,298.6,15.5,D,0
-13.06,133.1593,318.3,1.5,1.2,2014-05-26,0507,Aqua,MODIS,59,6.2,294.3,13.7,D,0
-14.0334,131.0323,323.5,1.1,1,2014-05-26,0507,Aqua,MODIS,16,6.2,301.7,12.3,D,0
-14.0622,133.154,322.3,1.4,1.2,2014-05-26,0507,Aqua,MODIS,60,6.2,301.8,15,D,0
-14.0601,133.1671,346.3,1.4,1.2,2014-05-26,0507,Aqua,MODIS,93,6.2,305.2,72.1,D,0
-14.058,133.1799,326.9,1.4,1.2,2014-05-26,0507,Aqua,MODIS,58,6.2,304.9,22,D,0
-14.1167,131.0319,324.4,1.1,1,2014-05-26,0507,Aqua,MODIS,31,6.2,306.2,12.6,D,0
-14.3235,132.736,326.9,1.3,1.1,2014-05-26,0507,Aqua,MODIS,71,6.2,304.6,21.2,D,0
-14.3216,132.748,341.4,1.3,1.1,2014-05-26,0507,Aqua,MODIS,89,6.2,302.9,50.8,D,0
-13.0216,133.0573,331.4,1.4,1.2,2014-05-26,0507,Aqua,MODIS,82,6.2,302.5,32.8,D,0
-13.0238,133.0778,320.6,1.4,1.2,2014-05-26,0507,Aqua,MODIS,27,6.2,301.9,12.5,D,0
-12.9812,133.0705,322.4,1.4,1.2,2014-05-26,0507,Aqua,MODIS,36,6.2,300.8,14.1,D,0
-13.1127,133.0335,329.3,1.4,1.2,2014-05-26,0507,Aqua,MODIS,80,6.2,299.4,32.6,D,0
-13.0684,133.0381,319,1.4,1.2,2014-05-26,0507,Aqua,MODIS,39,6.2,296.8,11.7,D,0
-13.3047,130.6644,335.7,1.1,1,2014-05-26,0507,Aqua,MODIS,85,6.2,307.1,27.9,D,0
-13.6724,131.3411,326.5,1.1,1.1,2014-05-26,0507,Aqua,MODIS,33,6.2,303.7,14.5,D,0
-13.6882,131.3014,334.3,1.1,1.1,2014-05-26,0507,Aqua,MODIS,78,6.2,304.2,26.5,D,0
-13.8953,130.9165,336.9,1.1,1,2014-05-26,0507,Aqua,MODIS,86,6.2,305.2,30.9,D,0
-13.1179,133.1618,316.8,1.5,1.2,2014-05-26,0507,Aqua,MODIS,62,6.2,298,11,D,0
-13.1151,133.0878,319.3,1.4,1.2,2014-05-26,0507,Aqua,MODIS,48,6.2,293.6,14.7,D,0
-13.1692,133.0472,319.8,1.4,1.2,2014-05-26,0507,Aqua,MODIS,26,6.2,297.8,14.3,D,0
-13.1159,133.0395,320.6,1.4,1.2,2014-05-26,0507,Aqua,MODIS,54,6.2,298,15.6,D,0
-13.4188,132.6338,320.3,1.3,1.1,2014-05-26,0507,Aqua,MODIS,43,6.2,299.1,12.9,D,0
-13.4206,132.6218,328.8,1.3,1.1,2014-05-26,0507,Aqua,MODIS,80,6.2,300.5,27.1,D,0
-13.33,132.551,330.7,1.3,1.1,2014-05-26,0507,Aqua,MODIS,82,6.2,304.1,27.5,D,0
-13.3319,132.5389,324.7,1.3,1.1,2014-05-26,0507,Aqua,MODIS,75,6.2,303.2,16.7,D,0
-13.2717,133.2821,313.7,1.5,1.2,2014-05-26,0507,Aqua,MODIS,42,6.2,292.3,7.8,D,0
-13.1766,132.3542,320.1,1.3,1.1,2014-05-26,0507,Aqua,MODIS,62,6.2,300.4,13.6,D,0
-13.1748,132.3659,318.7,1.3,1.1,2014-05-26,0507,Aqua,MODIS,55,6.2,303.2,11.8,D,0
-13.7271,132.4338,340,1.3,1.1,2014-05-26,0507,Aqua,MODIS,89,6.2,304.7,49.9,D,0
-13.7253,132.4454,321.5,1.3,1.1,2014-05-26,0507,Aqua,MODIS,58,6.2,302.9,14.2,D,0
-13.301,130.6479,334.6,1.1,1,2014-05-26,0507,Aqua,MODIS,83,6.2,307.7,28.1,D,0
-13.2996,130.6577,323,1.1,1,2014-05-26,0507,Aqua,MODIS,65,6.2,308.2,12.4,D,0
-13.3076,130.6449,358.8,1.1,1,2014-05-26,0507,Aqua,MODIS,99,6.2,305.7,80.2,D,0
-13.3062,130.6547,390.2,1.1,1,2014-05-26,0507,Aqua,MODIS,100,6.2,312.1,207.6,D,0
-13.5521,132.5764,326.9,1.3,1.1,2014-05-26,0507,Aqua,MODIS,78,6.2,302.9,22,D,0
-13.5604,132.5712,323,1.3,1.1,2014-05-26,0507,Aqua,MODIS,72,6.2,303.2,16.2,D,0
-13.5585,132.5833,325.5,1.3,1.1,2014-05-26,0507,Aqua,MODIS,75,6.2,303,20.1,D,0
-13.5532,132.3686,328.1,1.3,1.1,2014-05-26,0507,Aqua,MODIS,79,6.2,297,26.5,D,0
-13.5687,132.335,317.4,1.3,1.1,2014-05-26,0507,Aqua,MODIS,59,6.2,299.8,9.8,D,0
-13.5669,132.3467,319.4,1.3,1.1,2014-05-26,0507,Aqua,MODIS,65,6.2,299.7,13,D,0
-13.5309,133.5289,314.2,1.5,1.2,2014-05-26,0507,Aqua,MODIS,53,6.2,297.8,10,D,0
-13.7655,131.267,323.6,1.1,1.1,2014-05-26,0507,Aqua,MODIS,46,6.2,306.2,10.8,D,0
-13.5706,132.3232,316.9,1.3,1.1,2014-05-26,0507,Aqua,MODIS,55,6.2,300.4,8.9,D,0
-13.444,131.0237,327.1,1.1,1,2014-05-26,0507,Aqua,MODIS,69,6.2,304.6,17.2,D,0
-13.4424,131.0338,320.1,1.1,1,2014-05-26,0507,Aqua,MODIS,47,6.2,302,9.3,D,0
-27.8807,151.083,301.7,1.1,1,2014-05-26,1249,Terra,MODIS,43,6.2,285.5,7.1,N,0
-28.6798,150.7363,311.6,1,1,2014-05-26,1249,Terra,MODIS,83,6.2,282.3,14.1,N,0
-29.1915,148.9022,302.1,1,1,2014-05-26,1249,Terra,MODIS,47,6.2,272.5,8.7,N,0
-24.723,151.8727,301,1.2,1.1,2014-05-26,1250,Terra,MODIS,31,6.2,287.8,7,N,0
-24.7238,151.8671,308.8,1.2,1.1,2014-05-26,1250,Terra,MODIS,76,6.2,287.7,13.6,N,0
-24.725,151.8606,303.4,1.2,1.1,2014-05-26,1250,Terra,MODIS,53,6.2,287.8,9.2,N,0
-26.7991,150.1991,301.1,1,1,2014-05-26,1250,Terra,MODIS,38,6.2,286.9,6.5,N,2
-25.9927,152.9297,305.4,1.4,1.2,2014-05-26,1250,Terra,MODIS,64,6.2,288.4,12.2,N,0
-25.9823,152.9275,305.6,1.4,1.2,2014-05-26,1250,Terra,MODIS,65,6.2,287.8,12.5,N,0
-12.4266,141.9027,314.2,1.4,1.2,2014-05-26,1254,Terra,MODIS,89,6.2,293.7,19.3,N,0
-22.1043,129.593,310.7,2,1.4,2014-05-26,1430,Terra,MODIS,81,6.2,287.7,32,N,0
-16.9497,127.6824,301.3,1.8,1.3,2014-05-26,1431,Terra,MODIS,21,6.2,290,9.2,N,0
-16.53,126.771,301.8,1.6,1.2,2014-05-26,1431,Terra,MODIS,18,6.2,289.7,11.7,N,0
-16.6782,127.187,309.6,1.7,1.3,2014-05-26,1431,Terra,MODIS,78,6.2,293,19.3,N,0
-16.6756,127.2025,320.4,1.7,1.3,2014-05-26,1431,Terra,MODIS,100,6.2,293.2,39.1,N,0
-16.8725,128.1221,304.2,2,1.4,2014-05-26,1431,Terra,MODIS,50,6.2,292.8,14,N,0
-15.958,127.6243,302.9,1.9,1.3,2014-05-26,1431,Terra,MODIS,50,6.2,292.6,10.6,N,0
-15.9608,127.7525,307.8,1.9,1.4,2014-05-26,1431,Terra,MODIS,73,6.2,294.3,17.1,N,0
-15.7466,125.5822,310.3,1.4,1.2,2014-05-26,1431,Terra,MODIS,80,6.2,294.4,10.9,N,0
-15.755,125.5964,310.3,1.4,1.2,2014-05-26,1431,Terra,MODIS,77,6.2,294.9,10.9,N,0
-15.7446,125.5946,309.7,1.4,1.2,2014-05-26,1431,Terra,MODIS,78,6.2,295,10.3,N,0
-15.9056,125.8052,305.9,1.4,1.2,2014-05-26,1431,Terra,MODIS,66,6.2,293.6,9.3,N,0
-15.7197,125.8816,303,1.4,1.2,2014-05-26,1431,Terra,MODIS,53,6.2,291.6,8,N,0
-18.9194,121.6144,300.8,1,1,2014-05-26,1431,Terra,MODIS,33,6.2,290.2,4.7,N,0
-15.1962,125.7671,307.3,1.4,1.2,2014-05-26,1432,Terra,MODIS,71,6.2,291.4,13.3,N,0
-15.4539,126.0435,325,1.5,1.2,2014-05-26,1432,Terra,MODIS,100,6.2,290.8,40.5,N,0
-15.4561,126.0299,304.4,1.5,1.2,2014-05-26,1432,Terra,MODIS,36,6.2,290.7,9.6,N,0
-15.4619,126.0386,304.4,1.5,1.2,2014-05-26,1432,Terra,MODIS,50,6.2,290.9,10,N,0
-15.4512,126.0367,318.8,1.5,1.2,2014-05-26,1432,Terra,MODIS,98,6.2,290.9,29.1,N,0
-15.153,125.1318,307.1,1.3,1.1,2014-05-26,1432,Terra,MODIS,50,6.2,295.8,7,N,0
-15.3939,125.2356,306.4,1.3,1.1,2014-05-26,1432,Terra,MODIS,68,6.2,294.8,7,N,0
-15.449,126.0504,307.7,1.5,1.2,2014-05-26,1432,Terra,MODIS,72,6.2,289,13.9,N,0
-15.0238,125.0479,306.6,1.3,1.1,2014-05-26,1432,Terra,MODIS,68,6.2,295.2,7.2,N,0
-15.1914,126.5058,304.2,1.6,1.2,2014-05-26,1432,Terra,MODIS,59,6.2,291.9,10.9,N,0
-12.9706,130.2641,307.1,3.4,1.7,2014-05-26,1432,Terra,MODIS,38,6.2,291.1,36.8,N,0
-12.9605,130.2568,310,3.4,1.7,2014-05-26,1432,Terra,MODIS,69,6.2,291.4,52.2,N,0
-15.1905,126.5121,305.7,1.6,1.2,2014-05-26,1432,Terra,MODIS,60,6.2,291.9,12.5,N,0
-15.4598,126.0523,301.9,1.5,1.2,2014-05-26,1432,Terra,MODIS,25,6.2,289.6,7.7,N,0
-15.6151,125.2546,306.9,1.3,1.1,2014-05-26,1432,Terra,MODIS,54,6.2,295.5,6.4,N,0
-15.6253,125.256,314.6,1.3,1.1,2014-05-26,1432,Terra,MODIS,90,6.2,295.3,14.6,N,0
-12.4238,141.9057,306.9,1,1,2014-05-26,1557,Aqua,MODIS,70,6.2,292.7,7.4,N,0
-20.7332,139.4867,300.2,1.1,1,2014-05-26,1559,Aqua,MODIS,20,6.2,290,4.9,N,2
-20.7316,139.4767,315.5,1.1,1,2014-05-26,1559,Aqua,MODIS,91,6.2,291.5,15.9,N,2
-16.4508,127.0634,300.1,3.8,1.8,2014-05-26,1736,Aqua,MODIS,16,6.2,288.4,40.6,N,0
-16.9305,127.7189,308.5,4.4,1.9,2014-05-26,1737,Aqua,MODIS,75,6.2,285.7,100.1,N,0
-20.5944,116.7876,313.5,1,1,2014-05-26,1738,Aqua,MODIS,87,6.2,294.9,11.9,N,2
-20.593,116.778,309.7,1,1,2014-05-26,1738,Aqua,MODIS,78,6.2,294.6,8.9,N,0
-32.4757,116.214,307.2,1.2,1.1,2014-05-26,1741,Aqua,MODIS,71,6.2,284.1,13,N,0
-32.4743,116.2018,319.9,1.2,1.1,2014-05-26,1741,Aqua,MODIS,99,6.2,284.3,25.6,N,0
-28.686,150.7311,305.6,1.6,1.2,2014-05-26,2348,Terra,MODIS,57,6.2,294.2,8.6,D,0
-28.6871,150.7368,317.3,1.6,1.2,2014-05-26,2348,Terra,MODIS,77,6.2,294.8,23.3,D,0
-28.69,150.753,314.2,1.6,1.2,2014-05-26,2348,Terra,MODIS,67,6.2,293.3,18,D,0
-28.6891,150.7473,323.1,1.6,1.2,2014-05-26,2348,Terra,MODIS,82,6.2,294.1,37,D,0
-30.3562,151.737,304,1.3,1.1,2014-05-26,2348,Terra,MODIS,58,6.2,287.3,9.9,D,0
-30.5297,152.0165,314.8,1.2,1.1,2014-05-26,2348,Terra,MODIS,75,6.2,287.2,19.1,D,0
-29.6821,151.4792,313.8,1.4,1.2,2014-05-26,2348,Terra,MODIS,74,6.2,290,19.9,D,0
-28.0861,151.5499,311.3,1.5,1.2,2014-05-26,2348,Terra,MODIS,48,6.2,292.3,14.2,D,0
-28.0888,151.5644,315.8,1.5,1.2,2014-05-26,2348,Terra,MODIS,74,6.2,292.2,20.3,D,0
-28.0834,151.5566,318.8,1.5,1.2,2014-05-26,2348,Terra,MODIS,79,6.2,292.6,26,D,0
-13.4973,132.4843,313.9,1.1,1.1,2014-05-27,0122,Terra,MODIS,36,6.2,298.2,6.5,D,0
-13.4708,132.5916,322.7,1.1,1.1,2014-05-27,0122,Terra,MODIS,66,6.2,298.7,14.7,D,0
-13.4471,132.6273,329.1,1.1,1.1,2014-05-27,0122,Terra,MODIS,81,6.2,299,22.2,D,0
-13.4724,132.6019,322.8,1.1,1.1,2014-05-27,0122,Terra,MODIS,71,6.2,301.6,14.2,D,0
-13.0298,133.0904,315.7,1.1,1,2014-05-27,0122,Terra,MODIS,53,6.2,300.3,7.1,D,0
-13.1715,132.5079,318.3,1.2,1.1,2014-05-27,0122,Terra,MODIS,17,6.2,300.7,8.1,D,0
-12.9735,133.0748,324.3,1.1,1,2014-05-27,0122,Terra,MODIS,65,6.2,301,15,D,0
-13.4455,132.6168,326.2,1.1,1.1,2014-05-27,0122,Terra,MODIS,70,6.2,299.5,18,D,0
-13.4376,132.6289,324.8,1.1,1.1,2014-05-27,0122,Terra,MODIS,76,6.2,298.4,17.6,D,0
-13.2727,133.2825,317.4,1.1,1,2014-05-27,0122,Terra,MODIS,63,6.2,301.8,7.5,D,0
-13.1778,132.4852,328.2,1.2,1.1,2014-05-27,0122,Terra,MODIS,80,6.2,300.1,20.8,D,0
-13.2918,133.098,316.6,1.1,1,2014-05-27,0122,Terra,MODIS,60,6.2,302.7,8.3,D,0
-13.6625,134.3311,316.9,1,1,2014-05-27,0122,Terra,MODIS,64,6.2,302.3,6.9,D,0
-13.436,132.6185,318.2,1.1,1.1,2014-05-27,0122,Terra,MODIS,64,6.2,298.1,9.4,D,0
-13.4883,132.5508,322,1.1,1.1,2014-05-27,0122,Terra,MODIS,71,6.2,299.4,14.9,D,0
-13.499,132.4949,312.9,1.1,1.1,2014-05-27,0122,Terra,MODIS,25,6.2,297,5.5,D,0
-12.8403,133.59,315.5,1.1,1,2014-05-27,0122,Terra,MODIS,52,6.2,301.9,5.8,D,0
-12.4116,132.4277,318.2,1.2,1.1,2014-05-27,0122,Terra,MODIS,52,6.2,304.7,10.9,D,0
-13.111,130.5417,318.4,1.5,1.2,2014-05-27,0122,Terra,MODIS,58,6.2,300.2,13.8,D,0
-12.9285,130.4845,314.5,1.5,1.2,2014-05-27,0122,Terra,MODIS,55,6.2,299.4,12.6,D,0
-12.9865,130.703,313.2,1.5,1.2,2014-05-27,0122,Terra,MODIS,34,6.2,297.3,9.7,D,0
-12.8596,133.4083,320.3,1.1,1,2014-05-27,0122,Terra,MODIS,70,6.2,301.2,11.6,D,0
-13.0783,133.5107,314.4,1.1,1,2014-05-27,0122,Terra,MODIS,54,6.2,301.7,5.2,D,0
-12.7465,133.9379,315.2,1,1,2014-05-27,0122,Terra,MODIS,58,6.2,301.2,6.4,D,0
-13.1724,133.4139,323.8,1.1,1,2014-05-27,0122,Terra,MODIS,74,6.2,302.5,14.6,D,0
-13.1739,133.4237,317.9,1.1,1,2014-05-27,0122,Terra,MODIS,64,6.2,302.3,8.4,D,0
-13.618,130.3308,314.2,1.5,1.2,2014-05-27,0123,Terra,MODIS,39,6.2,300.8,11.1,D,0
-14.0003,131.4689,321.2,1.3,1.1,2014-05-27,0123,Terra,MODIS,69,6.2,302,14.6,D,0
-14.2405,131.4342,318.4,1.3,1.1,2014-05-27,0123,Terra,MODIS,44,6.2,302.5,9,D,0
-13.439,131.3544,318.6,1.3,1.1,2014-05-27,0123,Terra,MODIS,61,6.2,298.1,12.1,D,0
-13.4288,131.3562,319.3,1.3,1.1,2014-05-27,0123,Terra,MODIS,66,6.2,298.5,13.2,D,0
-15.3383,126.4129,313.5,2.8,1.6,2014-05-27,0123,Terra,MODIS,40,6.2,300.1,23.4,D,0
-15.343,126.4386,312,2.8,1.6,2014-05-27,0123,Terra,MODIS,17,6.2,299.7,19.7,D,0
-16.4378,128.0396,316,2,1.4,2014-05-27,0123,Terra,MODIS,59,6.2,302.6,16.6,D,0
-16.1061,127.3786,323.7,2.3,1.5,2014-05-27,0123,Terra,MODIS,72,6.2,302.8,43,D,0
-16.0926,127.3651,319.3,2.3,1.5,2014-05-27,0123,Terra,MODIS,68,6.2,300.8,29.6,D,0
-13.7018,133.3691,314.6,1.1,1,2014-05-27,0123,Terra,MODIS,35,6.2,296.9,6.3,D,0
-13.9701,131.474,325.9,1.3,1.1,2014-05-27,0123,Terra,MODIS,63,6.2,303.4,19.8,D,0
-13.972,131.4858,341.5,1.3,1.1,2014-05-27,0123,Terra,MODIS,90,6.2,303.5,51.1,D,0
-13.8157,130.9006,319.5,1.4,1.2,2014-05-27,0123,Terra,MODIS,53,6.2,302.1,11,D,0
-14.0751,130.6631,316.7,1.4,1.2,2014-05-27,0123,Terra,MODIS,45,6.2,302,10.3,D,0
-13.8894,130.8547,320.1,1.4,1.2,2014-05-27,0123,Terra,MODIS,44,6.2,303,13,D,0
-13.7095,133.3713,317,1.1,1,2014-05-27,0123,Terra,MODIS,53,6.2,296.3,8.8,D,0
-15.8382,125.8033,316.4,3,1.7,2014-05-27,0123,Terra,MODIS,63,6.2,299.5,48.5,D,0
-15.8371,125.7975,318.9,3,1.7,2014-05-27,0123,Terra,MODIS,69,6.2,299.4,60.3,D,0
-15.7499,125.5782,319.1,3.2,1.7,2014-05-27,0123,Terra,MODIS,69,6.2,300.3,58.1,D,0
-15.7557,125.6092,325.6,3.2,1.7,2014-05-27,0123,Terra,MODIS,78,6.2,299.7,94.2,D,0
-14.9092,131.7081,320.2,1.2,1.1,2014-05-27,0123,Terra,MODIS,67,6.2,303.9,10.6,D,0
-17.642,138.584,319.2,1.6,1.2,2014-05-27,0123,Terra,MODIS,67,6.2,298.5,19.6,D,0
-17.6424,138.5783,321,1.6,1.2,2014-05-27,0123,Terra,MODIS,64,6.2,297.1,21.7,D,0
-16.0964,127.3865,319.6,2.3,1.5,2014-05-27,0123,Terra,MODIS,68,6.2,301.6,31.2,D,0
-16.1647,128.5078,314.5,1.9,1.3,2014-05-27,0123,Terra,MODIS,52,6.2,302.4,12.9,D,0
-16.248,128.2437,339.2,2,1.4,2014-05-27,0123,Terra,MODIS,89,6.2,304.1,89.7,D,0
-16.8488,125.1479,317,3.2,1.7,2014-05-27,0124,Terra,MODIS,67,6.2,299.8,48.2,D,0
-16.8371,125.1567,320.5,3.2,1.7,2014-05-27,0124,Terra,MODIS,54,6.2,300.1,61.3,D,0
-16.8337,125.1514,315.4,3.2,1.7,2014-05-27,0124,Terra,MODIS,48,6.2,299.8,39,D,0
-16.8509,128.1436,315.5,1.9,1.4,2014-05-27,0124,Terra,MODIS,57,6.2,303.1,12.7,D,0
-16.9158,127.7008,319,2.1,1.4,2014-05-27,0124,Terra,MODIS,42,6.2,302.1,23.9,D,0
-16.9249,127.679,320.2,2.1,1.4,2014-05-27,0124,Terra,MODIS,37,6.2,301.6,27.5,D,0
-16.4093,127.0252,331.6,2.4,1.5,2014-05-27,0124,Terra,MODIS,83,6.2,302.5,79.5,D,0
-16.4522,127.3152,320.1,2.3,1.5,2014-05-27,0124,Terra,MODIS,65,6.2,302.7,30.4,D,0
-16.5437,127.9737,315.4,2,1.4,2014-05-27,0124,Terra,MODIS,54,6.2,302,15.2,D,0
-16.4442,127.0641,322,2.4,1.5,2014-05-27,0124,Terra,MODIS,69,6.2,303.2,37.4,D,0
-16.9284,127.6987,328.8,2.1,1.4,2014-05-27,0124,Terra,MODIS,81,6.2,303.8,53.5,D,0
-16.4482,127.0858,319.9,2.4,1.5,2014-05-27,0124,Terra,MODIS,56,6.2,302.6,31.1,D,0
-16.4493,127.0691,327.1,2.4,1.5,2014-05-27,0124,Terra,MODIS,58,6.2,303.2,53.6,D,0
-16.4014,127.0328,328.3,2.4,1.5,2014-05-27,0124,Terra,MODIS,80,6.2,302,67.6,D,0
-16.8477,128.1256,318.1,1.9,1.4,2014-05-27,0124,Terra,MODIS,65,6.2,304,19.4,D,0
-16.4148,127.0303,321.7,2.4,1.5,2014-05-27,0124,Terra,MODIS,72,6.2,302.8,42.7,D,0
-16.4313,127.2738,318.2,2.3,1.5,2014-05-27,0124,Terra,MODIS,27,6.2,303.5,22.5,D,0
-16.9287,127.6927,331.3,2.1,1.4,2014-05-27,0124,Terra,MODIS,83,6.2,303.6,62.9,D,0
-20.4105,123.9044,311.2,3.4,1.7,2014-05-27,0125,Terra,MODIS,22,6.2,298.9,27.7,D,0
-22.0868,129.5778,315,1.3,1.1,2014-05-27,0125,Terra,MODIS,24,6.2,298.8,9.1,D,0
-22.0889,129.59,326.3,1.3,1.1,2014-05-27,0125,Terra,MODIS,80,6.2,299.7,24.3,D,0
-22.0988,129.588,326.6,1.3,1.1,2014-05-27,0125,Terra,MODIS,73,6.2,300.8,23.7,D,0
-22.1088,129.5861,319.1,1.3,1.1,2014-05-27,0125,Terra,MODIS,63,6.2,299.5,13.8,D,0
-22.1109,129.5983,316.5,1.3,1.1,2014-05-27,0125,Terra,MODIS,42,6.2,301.5,10,D,0
-21.3659,127.8878,312.1,1.7,1.3,2014-05-27,0125,Terra,MODIS,51,6.2,299.5,10.7,D,0
-21.9319,129.3331,312.9,1.3,1.1,2014-05-27,0125,Terra,MODIS,59,6.2,300.7,7.8,D,0
-22.0269,129.3474,317.7,1.3,1.1,2014-05-27,0125,Terra,MODIS,70,6.2,301.1,12.7,D,0
-21.9637,129.885,311.8,1.2,1.1,2014-05-27,0125,Terra,MODIS,55,6.2,299.6,6.4,D,0
-20.4155,123.909,312.9,3.4,1.7,2014-05-27,0125,Terra,MODIS,56,6.2,299.3,36.6,D,0
-34.6872,118.2212,310.2,3.6,1.8,2014-05-27,0129,Terra,MODIS,33,6.2,286.2,68.8,D,0
-20.7925,118.9775,322.1,4.1,1.9,2014-05-27,0303,Terra,MODIS,75,6.2,302.9,98.7,D,0
-20.8845,119.004,314.5,4.2,1.9,2014-05-27,0303,Terra,MODIS,37,6.2,302.9,35.8,D,0
-20.898,118.9155,319.4,4.1,1.9,2014-05-27,0303,Terra,MODIS,61,6.2,303.2,69,D,0
-20.8536,118.8921,316.2,4.1,1.9,2014-05-27,0303,Terra,MODIS,65,6.2,303.4,48,D,0
-20.8574,118.8868,316.5,4.1,1.9,2014-05-27,0303,Terra,MODIS,57,6.2,303.3,47,D,0
-20.8947,118.9229,317.3,4.1,1.9,2014-05-27,0303,Terra,MODIS,51,6.2,303.1,53.7,D,0
-37.8271,143.7862,319.4,1.5,1.2,2014-05-27,0405,Aqua,MODIS,79,6.2,288.3,32.9,D,0
-31.3869,148.8333,313.6,1,1,2014-05-27,0406,Aqua,MODIS,72,6.2,298.6,8.4,D,0
-30.5578,147.9922,317.5,1,1,2014-05-27,0406,Aqua,MODIS,72,6.2,301.6,9.2,D,0
-30.5201,152.8846,344.4,1.7,1.3,2014-05-27,0406,Aqua,MODIS,94,6.2,296.6,105.5,D,0
-30.5234,152.8671,346.7,1.7,1.3,2014-05-27,0406,Aqua,MODIS,95,6.2,296.7,114.9,D,0
-30.5121,152.8637,315.2,1.7,1.3,2014-05-27,0406,Aqua,MODIS,76,6.2,294.5,25.2,D,0
-30.1767,153.1542,303,1.8,1.3,2014-05-27,0406,Aqua,MODIS,51,6.2,289.4,9,D,0
-30.1804,153.1355,325.4,1.8,1.3,2014-05-27,0406,Aqua,MODIS,84,6.2,292.2,52,D,0
-31.0656,148.4045,317.9,1,1,2014-05-27,0406,Aqua,MODIS,74,6.2,300.2,10.8,D,0
-29.892,152.6415,317.5,1.7,1.3,2014-05-27,0406,Aqua,MODIS,78,6.2,293.2,31.2,D,0
-30.814,149.5271,307.1,1.1,1.1,2014-05-27,0406,Aqua,MODIS,62,6.2,294.6,5.9,D,0
-28.5435,150.1516,345.1,1.3,1.1,2014-05-27,0407,Aqua,MODIS,93,6.2,298.3,68.9,D,0
-28.2094,152.7071,310.7,1.9,1.3,2014-05-27,0407,Aqua,MODIS,43,6.2,294.6,16.4,D,0
-28.5383,147.7651,315.1,1,1,2014-05-27,0407,Aqua,MODIS,61,6.2,304.8,5,D,0
-28.589,149.4477,327.8,1.2,1.1,2014-05-27,0407,Aqua,MODIS,82,6.2,300.7,25,D,0
-28.591,149.4357,312.5,1.2,1.1,2014-05-27,0407,Aqua,MODIS,56,6.2,300.6,6.1,D,0
-28.5561,149.4654,351.1,1.2,1.1,2014-05-27,0407,Aqua,MODIS,96,6.2,301.2,75.8,D,0
-28.558,149.4534,323.3,1.2,1.1,2014-05-27,0407,Aqua,MODIS,78,6.2,300.7,19.2,D,0
-28.5399,147.7546,316.8,1,1,2014-05-27,0407,Aqua,MODIS,65,6.2,305,6.5,D,0
-28.5457,150.1387,315,1.3,1.1,2014-05-27,0407,Aqua,MODIS,46,6.2,293.6,12.5,D,0
-28.5895,149.4533,318.9,1.2,1.1,2014-05-27,0407,Aqua,MODIS,73,6.2,300.3,13.2,D,0
-28.2061,152.724,318.7,1.9,1.3,2014-05-27,0407,Aqua,MODIS,77,6.2,295.4,32.3,D,0
-29.1906,148.906,315.6,1.1,1,2014-05-27,0407,Aqua,MODIS,67,6.2,301.3,8.2,D,0
-28.5915,149.4413,324.9,1.2,1.1,2014-05-27,0407,Aqua,MODIS,79,6.2,300.9,21.1,D,0
-28.6759,153.5121,307.1,2,1.4,2014-05-27,0407,Aqua,MODIS,62,6.2,292.2,15.4,D,0
-28.2211,152.7107,311.9,1.9,1.3,2014-05-27,0407,Aqua,MODIS,36,6.2,293.2,18.5,D,0
-27.7125,151.2849,343.6,1.5,1.2,2014-05-27,0407,Aqua,MODIS,83,6.2,296.6,81.9,D,0
-29.6655,150.1327,311.8,1.2,1.1,2014-05-27,0407,Aqua,MODIS,58,6.2,291.6,10.7,D,0
-27.7343,151.2899,311.2,1.5,1.2,2014-05-27,0407,Aqua,MODIS,28,6.2,291.9,12,D,0
-27.7127,151.2795,338.1,1.5,1.2,2014-05-27,0407,Aqua,MODIS,85,6.2,295.9,66.6,D,0
-27.7234,151.2874,388.4,1.5,1.2,2014-05-27,0407,Aqua,MODIS,89,6.2,301.8,346,D,0
-27.7209,151.2975,352.3,1.5,1.2,2014-05-27,0407,Aqua,MODIS,97,6.2,298.7,115.5,D,0
-28.9568,149.0909,320.4,1.1,1.1,2014-05-27,0407,Aqua,MODIS,74,6.2,302.7,14.3,D,0
-27.7205,151.3028,326.6,1.5,1.2,2014-05-27,0407,Aqua,MODIS,59,6.2,297.2,35.6,D,0
-28.6899,150.7325,315.7,1.4,1.2,2014-05-27,0407,Aqua,MODIS,68,6.2,292.4,16.4,D,0
-27.9196,152.1572,306.3,1.7,1.3,2014-05-27,0407,Aqua,MODIS,47,6.2,292.7,9.9,D,0
-25.5096,150.0066,329.5,1.4,1.2,2014-05-27,0408,Aqua,MODIS,84,6.2,297.5,39.2,D,0
-26.4237,149.8158,322.9,1.3,1.1,2014-05-27,0408,Aqua,MODIS,78,6.2,296.6,25.3,D,0
-26.4259,149.8028,320.3,1.3,1.1,2014-05-27,0408,Aqua,MODIS,76,6.2,295.7,21.6,D,0
-26.4282,149.7897,310.3,1.3,1.1,2014-05-27,0408,Aqua,MODIS,35,6.2,295.7,7.8,D,0
-17.168,144.5146,319.6,1,1,2014-05-27,0410,Aqua,MODIS,57,6.2,304.4,7.8,D,0
-17.1666,144.524,337.1,1,1,2014-05-27,0410,Aqua,MODIS,88,6.2,305.4,29.4,D,0
-13.1476,142.7997,353,1,1,2014-05-27,0411,Aqua,MODIS,97,6.2,303.5,61.2,D,0
-15.4716,141.7353,318,1.1,1,2014-05-27,0411,Aqua,MODIS,73,6.2,299.1,11.8,D,0
-15.406,141.6782,315.3,1.1,1,2014-05-27,0411,Aqua,MODIS,32,6.2,298.8,6.5,D,0
-13.1489,142.7905,363.9,1,1,2014-05-27,0411,Aqua,MODIS,100,6.2,303.3,89.9,D,0
-15.6843,143.7053,313.6,1,1,2014-05-27,0411,Aqua,MODIS,60,6.2,299.3,3.7,D,0
-15.3826,141.6692,318.4,1.1,1,2014-05-27,0411,Aqua,MODIS,66,6.2,300.7,9.8,D,0
-15.3887,141.6655,317.3,1.1,1,2014-05-27,0411,Aqua,MODIS,63,6.2,298.7,7.5,D,0
-15.3873,141.6755,316.7,1.1,1,2014-05-27,0411,Aqua,MODIS,26,6.2,301.6,7.5,D,0
-14.4037,132.7663,314.1,4.4,1.9,2014-05-27,0411,Aqua,MODIS,57,6.2,297.3,37.9,D,0
-14.0113,134.4543,317.8,3.2,1.7,2014-05-27,0411,Aqua,MODIS,68,6.2,293.6,52,D,0
-14.3234,132.6677,316.4,4.4,1.9,2014-05-27,0411,Aqua,MODIS,60,6.2,297.5,62.4,D,0
-14.0081,134.4841,321.4,3.2,1.7,2014-05-27,0411,Aqua,MODIS,75,6.2,296.3,69.7,D,0
-14.0105,134.4773,323.3,3.2,1.7,2014-05-27,0411,Aqua,MODIS,55,6.2,296.6,70.8,D,0
-14.3245,132.9899,315.5,4.2,1.9,2014-05-27,0411,Aqua,MODIS,60,6.2,297.6,48.3,D,0
-14.3277,132.998,318.8,4.2,1.9,2014-05-27,0411,Aqua,MODIS,72,6.2,297.2,71,D,0
-14.3246,132.6756,318.1,4.4,1.9,2014-05-27,0411,Aqua,MODIS,66,6.2,297.3,73,D,0
-14.1727,134.634,317.9,3.1,1.7,2014-05-27,0411,Aqua,MODIS,58,6.2,293.9,48.8,D,0
-14.1759,134.605,316.8,3.1,1.7,2014-05-27,0411,Aqua,MODIS,35,6.2,296.9,44.7,D,0
-14.1743,134.6272,323,3.1,1.7,2014-05-27,0411,Aqua,MODIS,57,6.2,295.4,73.2,D,0
-13.0368,133.0736,311.7,4,1.9,2014-05-27,0412,Aqua,MODIS,55,6.2,296.8,27.6,D,0
-13.4492,132.597,331.8,4.4,1.9,2014-05-27,0412,Aqua,MODIS,85,6.2,298.2,200.9,D,0
-13.712,133.3421,313.1,3.9,1.8,2014-05-27,0412,Aqua,MODIS,42,6.2,294.4,48.1,D,0
-13.1893,132.3437,313.1,4.5,2,2014-05-27,0412,Aqua,MODIS,61,6.2,294.2,50.5,D,0
-13.7081,133.3776,312.8,3.8,1.8,2014-05-27,0412,Aqua,MODIS,43,6.2,294.5,48.6,D,0
-13.1889,132.3479,314.1,4.5,2,2014-05-27,0412,Aqua,MODIS,63,6.2,294.3,54.6,D,0
-13.451,132.6046,330.8,4.4,1.9,2014-05-27,0412,Aqua,MODIS,84,6.2,297.9,188.9,D,0
-13.0255,133.0795,311.2,4,1.9,2014-05-27,0412,Aqua,MODIS,45,6.2,296.7,24,D,0
-12.6681,132.4965,313.5,4.3,1.9,2014-05-27,0412,Aqua,MODIS,0,6.2,297.3,55.2,D,0
-12.5725,133.5585,323.9,3.6,1.8,2014-05-27,0412,Aqua,MODIS,44,6.2,299.9,77.8,D,0
-12.9093,131.9399,312.7,4.8,2,2014-05-27,0412,Aqua,MODIS,53,6.2,296.3,47.9,D,0
-12.5565,133.5566,321.6,3.6,1.8,2014-05-27,0412,Aqua,MODIS,45,6.2,299.6,65.2,D,0
-12.6692,132.5014,312.8,4.3,1.9,2014-05-27,0412,Aqua,MODIS,60,6.2,297.3,48.5,D,0
-12.7088,133.2265,317.9,3.8,1.8,2014-05-27,0412,Aqua,MODIS,64,6.2,299,56.2,D,0
-12.8545,133.6108,316.7,3.6,1.8,2014-05-27,0412,Aqua,MODIS,69,6.2,299.5,47.4,D,0
-12.5033,133.4375,315.1,3.7,1.8,2014-05-27,0412,Aqua,MODIS,35,6.2,297.8,44.2,D,0
-12.4954,133.444,316,3.7,1.8,2014-05-27,0412,Aqua,MODIS,67,6.2,297.7,52,D,0
-12.7155,133.2344,320.6,3.8,1.8,2014-05-27,0412,Aqua,MODIS,75,6.2,299.8,79.6,D,0
-12.434,141.9221,344.7,1,1,2014-05-27,0412,Aqua,MODIS,93,6.2,297.7,46.6,D,0
-12.8582,133.5772,321.9,3.6,1.8,2014-05-27,0412,Aqua,MODIS,76,6.2,300.6,78.2,D,0
-12.7491,133.8838,314.2,3.4,1.7,2014-05-27,0412,Aqua,MODIS,64,6.2,297.5,34.8,D,0
-12.6986,133.9097,313.1,3.4,1.7,2014-05-27,0412,Aqua,MODIS,62,6.2,295.2,27.9,D,0
-12.7043,133.9056,311.8,3.4,1.7,2014-05-27,0412,Aqua,MODIS,54,6.2,295.5,21.4,D,0
-12.4353,141.9128,323,1,1,2014-05-27,0412,Aqua,MODIS,76,6.2,298,13.8,D,0
-30.8726,121.4913,325.1,1,1,2014-05-27,0545,Aqua,MODIS,83,6.2,292.5,21.8,D,2
-22.1018,129.5885,315.2,3.3,1.7,2014-05-27,0547,Aqua,MODIS,62,6.2,301,37.5,D,0
-21.9705,129.8799,317.9,3.4,1.7,2014-05-27,0547,Aqua,MODIS,65,6.2,301,51.6,D,0
-21.9631,129.8828,318.6,3.4,1.7,2014-05-27,0547,Aqua,MODIS,69,6.2,301,59.1,D,0
-22.1051,129.5818,315.5,3.3,1.7,2014-05-27,0547,Aqua,MODIS,61,6.2,300.8,37.1,D,0
-23.4742,121.0569,322.6,1,1,2014-05-27,0547,Aqua,MODIS,76,6.2,297.2,14.2,D,0
-25.639,126.6106,307.1,1.7,1.3,2014-05-27,0547,Aqua,MODIS,59,6.2,293.2,9.8,D,0
-25.6361,126.6171,306.9,1.7,1.3,2014-05-27,0547,Aqua,MODIS,57,6.2,292.1,10.1,D,0
-23.1086,117.9377,326.2,1.2,1.1,2014-05-27,0548,Aqua,MODIS,80,6.2,303.5,21.3,D,0
-23.0976,117.9475,317.2,1.2,1.1,2014-05-27,0548,Aqua,MODIS,42,6.2,303.8,9.3,D,0
-22.125,123.1203,321.4,1.2,1.1,2014-05-27,0548,Aqua,MODIS,64,6.2,310.6,9.7,D,0
-20.4087,123.8973,327.4,1.4,1.2,2014-05-27,0548,Aqua,MODIS,58,6.2,307.4,21.8,D,0
-21.3653,127.8768,324.9,2.5,1.5,2014-05-27,0548,Aqua,MODIS,75,6.2,304,55.9,D,0
-20.3982,123.8953,361.9,1.4,1.2,2014-05-27,0548,Aqua,MODIS,100,6.2,309,130.6,D,0
-20.3877,123.8932,326.2,1.4,1.2,2014-05-27,0548,Aqua,MODIS,70,6.2,306.3,21.6,D,0
-20.6863,118.6728,338,1,1,2014-05-27,0548,Aqua,MODIS,85,6.2,313.1,27.6,D,0
-20.6877,118.6629,322.4,1,1,2014-05-27,0548,Aqua,MODIS,38,6.2,311.7,6.8,D,0
-20.8214,118.9583,328.9,1,1,2014-05-27,0548,Aqua,MODIS,74,6.2,305.7,17.8,D,0
-20.8228,118.9484,328.6,1,1,2014-05-27,0548,Aqua,MODIS,73,6.2,305.5,17.5,D,0
-20.8123,118.9568,347.3,1,1,2014-05-27,0548,Aqua,MODIS,92,6.2,309.3,47.6,D,0
-20.8137,118.947,326.9,1,1,2014-05-27,0548,Aqua,MODIS,66,6.2,306.7,14.3,D,0
-20.8019,118.9652,342.1,1,1,2014-05-27,0548,Aqua,MODIS,88,6.2,308.9,36.4,D,0
-20.8032,118.9554,331.9,1,1,2014-05-27,0548,Aqua,MODIS,56,6.2,309.3,19.8,D,0
-20.8045,118.9456,327.7,1,1,2014-05-27,0548,Aqua,MODIS,36,6.2,306.9,13.8,D,0
-20.7863,118.9427,327.7,1,1,2014-05-27,0548,Aqua,MODIS,63,6.2,308.2,15,D,0
-20.7877,118.9329,341.1,1,1,2014-05-27,0548,Aqua,MODIS,88,6.2,309.6,34.7,D,0
-20.7759,118.9511,340.8,1,1,2014-05-27,0548,Aqua,MODIS,87,6.2,308.4,34,D,0
-20.7772,118.9413,340.3,1,1,2014-05-27,0548,Aqua,MODIS,87,6.2,310,33.3,D,0
-20.5995,116.78,329.2,1.2,1.1,2014-05-27,0548,Aqua,MODIS,71,6.2,309,27,D,2
-20.8427,118.8712,332.8,1,1,2014-05-27,0548,Aqua,MODIS,51,6.2,307.4,20.5,D,0
-20.8934,118.8951,358.2,1,1,2014-05-27,0548,Aqua,MODIS,99,6.2,308.3,72.7,D,0
-20.8947,118.8853,330.9,1,1,2014-05-27,0548,Aqua,MODIS,70,6.2,305.6,19.3,D,0
-20.8843,118.8937,320.6,1,1,2014-05-27,0548,Aqua,MODIS,19,6.2,305.9,8,D,0
-20.2039,119.7544,325.3,1,1,2014-05-27,0548,Aqua,MODIS,60,6.2,310.4,9.4,D,0
-20.8231,118.8782,332.8,1,1,2014-05-27,0548,Aqua,MODIS,50,6.2,306.1,19.8,D,0
-20.8322,118.8796,325.3,1,1,2014-05-27,0548,Aqua,MODIS,43,6.2,305.6,11.5,D,0
-20.8099,118.9063,357.8,1,1,2014-05-27,0548,Aqua,MODIS,98,6.2,311.1,71.7,D,0
-20.8086,118.9161,401.1,1,1,2014-05-27,0548,Aqua,MODIS,100,6.2,315.9,257.5,D,0
-20.814,118.8768,334,1,1,2014-05-27,0548,Aqua,MODIS,61,6.2,306.2,22.2,D,0
-20.8022,118.895,348.3,1,1,2014-05-27,0548,Aqua,MODIS,93,6.2,309.2,49,D,0
-20.8035,118.8852,345.8,1,1,2014-05-27,0548,Aqua,MODIS,91,6.2,309.9,44.4,D,0
-20.8049,118.8753,324.4,1,1,2014-05-27,0548,Aqua,MODIS,53,6.2,306.8,12,D,0
-20.9208,118.8995,323.2,1,1,2014-05-27,0548,Aqua,MODIS,44,6.2,305.3,10.9,D,0
-15.0292,125.6615,316.2,2.4,1.5,2014-05-27,0549,Aqua,MODIS,56,6.2,303,20.8,D,0
-15.2107,125.7534,320.2,2.4,1.5,2014-05-27,0549,Aqua,MODIS,67,6.2,302.4,32.1,D,0
-15.7525,125.5867,326.3,2.3,1.5,2014-05-27,0549,Aqua,MODIS,76,6.2,304.6,44.7,D,0
-15.7562,125.5826,320.6,2.3,1.5,2014-05-27,0549,Aqua,MODIS,67,6.2,304.8,25.2,D,0
-15.7528,125.6023,322.1,2.3,1.5,2014-05-27,0549,Aqua,MODIS,70,6.2,303.7,31,D,0
-15.9116,125.8011,317,2.3,1.5,2014-05-27,0549,Aqua,MODIS,57,6.2,303.1,23.7,D,0
-15.9167,125.797,316.5,2.3,1.5,2014-05-27,0549,Aqua,MODIS,54,6.2,303.1,20.8,D,0
-15.7256,125.8876,317.6,2.4,1.5,2014-05-27,0549,Aqua,MODIS,45,6.2,302.3,20.6,D,0
-15.7082,125.9073,317.5,2.4,1.5,2014-05-27,0549,Aqua,MODIS,48,6.2,303.7,19.6,D,0
-15.7144,125.9034,322,2.4,1.5,2014-05-27,0549,Aqua,MODIS,62,6.2,303.4,32.5,D,0
-15.7182,125.8811,318.8,2.4,1.5,2014-05-27,0549,Aqua,MODIS,28,6.2,303.3,21.6,D,0
-15.8509,125.484,317.7,2.2,1.4,2014-05-27,0549,Aqua,MODIS,57,6.2,303.8,21,D,0
-18.9045,121.6756,323.2,1.1,1.1,2014-05-27,0549,Aqua,MODIS,65,6.2,309.1,10.3,D,0
-18.9061,121.6651,321.2,1.1,1.1,2014-05-27,0549,Aqua,MODIS,56,6.2,308.7,7.8,D,0
-18.8967,121.6635,321.5,1.1,1.1,2014-05-27,0549,Aqua,MODIS,36,6.2,309.8,7.7,D,0
-15.1746,125.1352,331.3,2.1,1.4,2014-05-27,0549,Aqua,MODIS,71,6.2,302.4,58.7,D,0
-15.1618,125.1333,322.4,2.1,1.4,2014-05-27,0549,Aqua,MODIS,62,6.2,303.8,31.7,D,0
-15.1965,125.1609,324.7,2.1,1.4,2014-05-27,0549,Aqua,MODIS,32,6.2,301.8,37.3,D,0
-15.1281,125.0269,334.8,2.1,1.4,2014-05-27,0549,Aqua,MODIS,76,6.2,302.9,73.6,D,0
-16.6019,126.9631,319.5,2.8,1.6,2014-05-27,0549,Aqua,MODIS,39,6.2,306.3,28.4,D,0
-17.5111,123.5067,324.9,1.5,1.2,2014-05-27,0549,Aqua,MODIS,48,6.2,307.7,17.5,D,0
-16.0763,126.2678,323.9,2.5,1.5,2014-05-27,0549,Aqua,MODIS,37,6.2,302.9,40.7,D,0
-16.0827,126.2615,322.5,2.5,1.5,2014-05-27,0549,Aqua,MODIS,70,6.2,303.2,40.5,D,0
-16.6723,127.1784,322,2.8,1.6,2014-05-27,0549,Aqua,MODIS,67,6.2,306.4,41.5,D,0
-16.67,127.1704,322.4,2.8,1.6,2014-05-27,0549,Aqua,MODIS,68,6.2,307.2,41.3,D,0
-16.6038,126.9683,318.3,2.8,1.6,2014-05-27,0549,Aqua,MODIS,42,6.2,306.2,25.6,D,0
-17.5326,123.5107,324.7,1.5,1.2,2014-05-27,0549,Aqua,MODIS,42,6.2,308.9,15.6,D,0
-15.0962,125.0595,328.2,2.1,1.4,2014-05-27,0549,Aqua,MODIS,66,6.2,304,49.4,D,0
-16.152,126.9274,333.8,2.8,1.6,2014-05-27,0549,Aqua,MODIS,84,6.2,306,102,D,0
-16.4464,127.2235,326.9,2.9,1.6,2014-05-27,0549,Aqua,MODIS,55,6.2,303.7,63.1,D,0
-16.9452,127.677,324.6,3.1,1.7,2014-05-27,0549,Aqua,MODIS,64,6.2,305.4,54.9,D,0
-15.1963,125.1683,326.5,2.1,1.4,2014-05-27,0549,Aqua,MODIS,48,6.2,301.8,43.6,D,0
-15.4386,125.9531,327.6,2.4,1.5,2014-05-27,0549,Aqua,MODIS,78,6.2,303.2,60.3,D,0
-15.4265,125.9662,321.8,2.4,1.5,2014-05-27,0549,Aqua,MODIS,59,6.2,302.3,38,D,0
-16.069,126.2591,321.5,2.5,1.5,2014-05-27,0549,Aqua,MODIS,62,6.2,303.3,37,D,0
-16.5823,126.7518,321.6,2.7,1.6,2014-05-27,0549,Aqua,MODIS,33,6.2,306.9,31.2,D,0
-16.5964,126.754,324.1,2.7,1.6,2014-05-27,0549,Aqua,MODIS,62,6.2,306,43.4,D,0
-15.239,126.7841,327.4,2.8,1.6,2014-05-27,0549,Aqua,MODIS,78,6.2,303,68.2,D,0
-15.2246,126.7812,318,2.8,1.6,2014-05-27,0549,Aqua,MODIS,52,6.2,303.2,23,D,0
-15.0577,125.5778,314.1,2.3,1.5,2014-05-27,0549,Aqua,MODIS,42,6.2,301.3,15.5,D,0
-16.0786,126.2846,315.6,2.5,1.5,2014-05-27,0549,Aqua,MODIS,15,6.2,302.6,16.3,D,0
-16.1585,126.9483,323.2,2.8,1.6,2014-05-27,0549,Aqua,MODIS,71,6.2,304.9,45.4,D,0
-15.1407,125.0294,330.1,2.1,1.4,2014-05-27,0549,Aqua,MODIS,59,6.2,303,56.5,D,0
-14.5365,127.6158,318.6,3.4,1.7,2014-05-27,0549,Aqua,MODIS,61,6.2,302.5,41.1,D,0
-15.2091,125.1706,324.6,2.1,1.4,2014-05-27,0549,Aqua,MODIS,74,6.2,301.5,40.6,D,0
-16.1237,126.5022,318.4,2.6,1.5,2014-05-27,0549,Aqua,MODIS,52,6.2,303.8,26.9,D,0
-14.5475,127.6257,321,3.4,1.7,2014-05-27,0549,Aqua,MODIS,64,6.2,301.1,51.1,D,0
-15.4304,125.9437,326.5,2.4,1.5,2014-05-27,0549,Aqua,MODIS,76,6.2,304,54.6,D,0
-16.1197,126.4963,316.6,2.6,1.5,2014-05-27,0549,Aqua,MODIS,50,6.2,303.5,21.8,D,0
-15.144,125.0101,322.7,2.1,1.4,2014-05-27,0549,Aqua,MODIS,20,6.2,300.9,30.3,D,0
-16.0899,126.2703,322.9,2.5,1.5,2014-05-27,0549,Aqua,MODIS,39,6.2,304.2,37.5,D,0
-15.2458,126.8485,317.1,2.9,1.6,2014-05-27,0549,Aqua,MODIS,40,6.2,302.6,24.2,D,0
-15.2438,126.8402,317.2,2.9,1.6,2014-05-27,0549,Aqua,MODIS,19,6.2,302.5,23.2,D,0
-16.4124,127.2447,328.7,2.9,1.6,2014-05-27,0549,Aqua,MODIS,76,6.2,304,70,D,0
-15.3221,125.1954,317.8,2.1,1.4,2014-05-27,0549,Aqua,MODIS,60,6.2,302.2,22.2,D,0
-16.1633,126.9216,330.8,2.8,1.6,2014-05-27,0549,Aqua,MODIS,81,6.2,304.7,85.4,D,0
-14.5612,127.7239,316,3.4,1.7,2014-05-27,0549,Aqua,MODIS,52,6.2,301,31.1,D,0
-15.3392,126.386,323.3,2.6,1.6,2014-05-27,0549,Aqua,MODIS,72,6.2,303.8,47.3,D,0
-15.3304,126.3921,321.5,2.6,1.6,2014-05-27,0549,Aqua,MODIS,68,6.2,302.8,39.9,D,0
-15.0973,125.0546,328.8,2.1,1.4,2014-05-27,0549,Aqua,MODIS,54,6.2,303.8,51.9,D,0
-16.4624,127.2346,340.5,2.9,1.6,2014-05-27,0549,Aqua,MODIS,88,6.2,303.7,151.4,D,0
-15.205,126.4872,322.4,2.7,1.6,2014-05-27,0549,Aqua,MODIS,70,6.2,302.6,50.3,D,0
-16.448,127.2313,334,2.9,1.6,2014-05-27,0549,Aqua,MODIS,80,6.2,303.7,103.5,D,0
-15.2025,126.4818,320.4,2.7,1.6,2014-05-27,0549,Aqua,MODIS,67,6.2,302.7,42.9,D,0
-16.4608,127.2267,328.1,2.9,1.6,2014-05-27,0549,Aqua,MODIS,64,6.2,303.3,69.8,D,0
-16.462,127.3167,320.8,2.9,1.6,2014-05-27,0549,Aqua,MODIS,31,6.2,304.4,32.8,D,0
-16.467,127.2899,320.5,2.9,1.6,2014-05-27,0549,Aqua,MODIS,25,6.2,304.6,34.1,D,0
-16.4573,127.2614,347.1,2.9,1.6,2014-05-27,0549,Aqua,MODIS,93,6.2,305.9,208.2,D,0
-16.461,127.3087,322.5,2.9,1.6,2014-05-27,0549,Aqua,MODIS,45,6.2,304.8,42,D,0
-16.456,127.2534,358.1,2.9,1.6,2014-05-27,0549,Aqua,MODIS,99,6.2,306.3,326.6,D,0
-15.7802,128.997,315.9,4.1,1.9,2014-05-27,0549,Aqua,MODIS,35,6.2,302,31.8,D,0
-15.9485,127.5911,320.4,3.2,1.7,2014-05-27,0549,Aqua,MODIS,65,6.2,303.8,44.9,D,0
-15.9541,127.5616,316.8,3.1,1.7,2014-05-27,0549,Aqua,MODIS,48,6.2,302.2,28,D,0
-15.9521,127.5869,319.7,3.2,1.7,2014-05-27,0549,Aqua,MODIS,61,6.2,303.4,40.4,D,0
-16.8297,125.1463,328.6,2,1.4,2014-05-27,0549,Aqua,MODIS,76,6.2,305.9,42.3,D,0
-16.842,125.1484,322.2,2,1.4,2014-05-27,0549,Aqua,MODIS,44,6.2,306.9,22.8,D,0
-16.8389,125.167,321.7,2,1.4,2014-05-27,0549,Aqua,MODIS,44,6.2,304.5,22.9,D,0
-16.8358,125.1358,320.6,2,1.4,2014-05-27,0549,Aqua,MODIS,10,6.2,305.9,17.9,D,0
-16.8326,125.1538,333.7,2,1.4,2014-05-27,0549,Aqua,MODIS,83,6.2,305.9,60.9,D,0
-15.6688,125.2443,314.7,2.1,1.4,2014-05-27,0549,Aqua,MODIS,32,6.2,302.1,13.3,D,0
-16.2608,128.1984,332.2,3.4,1.7,2014-05-27,0549,Aqua,MODIS,82,6.2,301.6,123.7,D,0
-16.2661,128.1917,316.4,3.4,1.7,2014-05-27,0549,Aqua,MODIS,30,6.2,301,23.8,D,0
-16.2506,128.1877,321.3,3.4,1.7,2014-05-27,0549,Aqua,MODIS,64,6.2,301.4,52.1,D,0
-15.6839,125.3081,324.6,2.2,1.4,2014-05-27,0549,Aqua,MODIS,74,6.2,303.3,43.7,D,0
-16.2545,128.2304,324,3.5,1.8,2014-05-27,0549,Aqua,MODIS,52,6.2,303.4,65.8,D,0
-16.2601,128.2236,322.6,3.5,1.8,2014-05-27,0549,Aqua,MODIS,69,6.2,303.2,61.8,D,0
-16.2444,128.2204,325.4,3.5,1.8,2014-05-27,0549,Aqua,MODIS,74,6.2,302,80.1,D,0
-15.8451,127.4095,320.8,3.1,1.7,2014-05-27,0549,Aqua,MODIS,64,6.2,302.9,41.4,D,0
-15.8504,127.3812,320.9,3.1,1.7,2014-05-27,0549,Aqua,MODIS,64,6.2,302.4,41.8,D,0
-15.3695,129.0445,321.1,4.2,1.9,2014-05-27,0549,Aqua,MODIS,68,6.2,300.1,82.9,D,0
-15.3565,129.0495,318.9,4.2,1.9,2014-05-27,0549,Aqua,MODIS,62,6.2,299.7,64.9,D,0
-15.3733,129.0532,315.9,4.2,1.9,2014-05-27,0549,Aqua,MODIS,33,6.2,300.6,40.1,D,0
-16.9499,127.657,322.4,3,1.7,2014-05-27,0549,Aqua,MODIS,52,6.2,303.2,45.9,D,0
-21.9437,129.8771,301.5,2.4,1.5,2014-05-27,1335,Terra,MODIS,41,6.2,287.8,21.1,N,0
-20.7306,139.4778,301.1,1.2,1.1,2014-05-27,1335,Terra,MODIS,37,6.2,286.6,8.6,N,2
-14.5445,132.6704,305.4,1.2,1.1,2014-05-27,1336,Terra,MODIS,64,6.2,293.9,7.2,N,0
-12.6485,133.8144,305.3,1,1,2014-05-27,1337,Terra,MODIS,62,6.2,294.5,4.5,N,0
-13.2301,133.404,306.4,1.1,1,2014-05-27,1337,Terra,MODIS,68,6.2,295,7,N,0
-12.4857,133.7298,307,1,1,2014-05-27,1337,Terra,MODIS,69,6.2,295.6,5.7,N,0
-13.4436,132.7541,326.4,1.2,1.1,2014-05-27,1337,Terra,MODIS,100,6.2,296.5,27.8,N,0
-13.3674,132.5611,317.6,1.2,1.1,2014-05-27,1337,Terra,MODIS,95,6.2,295.1,18.1,N,0
-14.0387,131.7811,304.8,1.3,1.1,2014-05-27,1337,Terra,MODIS,62,6.2,292.9,7.7,N,0
-13.3334,132.8187,309.4,1.2,1.1,2014-05-27,1337,Terra,MODIS,77,6.2,296.9,8,N,0
-13.3577,132.5597,311.9,1.2,1.1,2014-05-27,1337,Terra,MODIS,84,6.2,294,11.9,N,0
-14.0371,131.7935,305.7,1.3,1.1,2014-05-27,1337,Terra,MODIS,65,6.2,293.3,8.6,N,0
-13.4455,132.5894,306.6,1.2,1.1,2014-05-27,1337,Terra,MODIS,2,6.2,296.2,6.1,N,0
-14.3368,133.0066,310.1,1.2,1.1,2014-05-27,1337,Terra,MODIS,76,6.2,295.4,9,N,0
-13.4553,132.5907,312.4,1.2,1.1,2014-05-27,1337,Terra,MODIS,74,6.2,296.2,11.2,N,0
-13.2469,133.2123,305.8,1.1,1,2014-05-27,1337,Terra,MODIS,66,6.2,295.3,5.9,N,0
-13.0134,133.0835,313.8,1.1,1.1,2014-05-27,1337,Terra,MODIS,88,6.2,296.5,11.6,N,0
-13.0229,133.0849,313.9,1.1,1.1,2014-05-27,1337,Terra,MODIS,88,6.2,296.6,11.7,N,0
-13.4227,132.8378,305.3,1.2,1.1,2014-05-27,1337,Terra,MODIS,32,6.2,294.9,5.2,N,0
-13.4422,132.7647,313.3,1.2,1.1,2014-05-27,1337,Terra,MODIS,61,6.2,294.9,11.7,N,0
-13.1681,132.5313,312.2,1.2,1.1,2014-05-27,1337,Terra,MODIS,31,6.2,295.7,10.8,N,0
-13.3133,132.5026,306.8,1.2,1.1,2014-05-27,1337,Terra,MODIS,69,6.2,296.3,7,N,0
-13.4715,132.6925,309.9,1.2,1.1,2014-05-27,1337,Terra,MODIS,79,6.2,295.7,9.6,N,0
-13.4447,132.8194,309,1.2,1.1,2014-05-27,1337,Terra,MODIS,45,6.2,296.1,7.6,N,0
-13.4615,132.7675,309.1,1.2,1.1,2014-05-27,1337,Terra,MODIS,32,6.2,294.9,7.8,N,0
-13.46,132.7782,316.5,1.2,1.1,2014-05-27,1337,Terra,MODIS,93,6.2,295.5,15.2,N,0
-13.2552,133.1514,306.7,1.1,1.1,2014-05-27,1337,Terra,MODIS,69,6.2,294.7,7.2,N,0
-13.9788,131.7798,317.3,1.3,1.1,2014-05-27,1337,Terra,MODIS,95,6.2,293.4,21.9,N,0
-13.4323,132.8392,305.2,1.2,1.1,2014-05-27,1337,Terra,MODIS,24,6.2,295,5,N,0
-13.2688,133.2315,304.5,1.1,1,2014-05-27,1337,Terra,MODIS,41,6.2,294.3,4.7,N,0
-13.947,131.5319,308.8,1.4,1.2,2014-05-27,1337,Terra,MODIS,76,6.2,293.5,12.8,N,0
-13.1652,132.536,307.3,1.2,1.1,2014-05-27,1337,Terra,MODIS,63,6.2,295,7.6,N,0
-13.826,130.925,304.9,1.5,1.2,2014-05-27,1337,Terra,MODIS,53,6.2,293.9,9.7,N,0
-13.1434,133.0138,306.8,1.1,1.1,2014-05-27,1337,Terra,MODIS,69,6.2,296.4,5.6,N,0
-13.7014,133.3553,310.9,1.1,1,2014-05-27,1337,Terra,MODIS,81,6.2,293.4,10.8,N,0
-13.7028,133.3452,308.8,1.1,1,2014-05-27,1337,Terra,MODIS,75,6.2,293.1,9.3,N,0
-13.8293,130.9178,314.2,1.5,1.2,2014-05-27,1337,Terra,MODIS,89,6.2,295.6,20.3,N,0
-13.8278,130.9114,307.3,1.5,1.2,2014-05-27,1337,Terra,MODIS,71,6.2,296,12.2,N,0
-13.6968,133.3484,315.5,1.1,1,2014-05-27,1337,Terra,MODIS,91,6.2,293.3,15.2,N,0
-13.5939,130.3254,311.4,1.7,1.3,2014-05-27,1337,Terra,MODIS,83,6.2,293.7,21.4,N,0
-13.9804,131.7675,325.5,1.3,1.1,2014-05-27,1337,Terra,MODIS,100,6.2,294.3,34.4,N,0
-13.9892,131.7812,332.5,1.3,1.1,2014-05-27,1337,Terra,MODIS,100,6.2,294.2,47.9,N,0
-13.9908,131.7688,316.7,1.3,1.1,2014-05-27,1337,Terra,MODIS,94,6.2,293.3,20.7,N,0
-27.874,151.0978,300.1,1.1,1,2014-05-27,1505,Aqua,MODIS,14,6.2,285.6,7,N,0
-27.5418,153.054,304.4,1,1,2014-05-27,1505,Aqua,MODIS,60,6.2,289.1,7.4,N,0
-26.4291,149.8219,304,1.3,1.1,2014-05-27,1505,Aqua,MODIS,58,6.2,286.9,11.3,N,0
-28.66,149.7667,304.7,1.2,1.1,2014-05-27,1506,Aqua,MODIS,61,6.2,287.9,10.6,N,0
-20.7881,118.9683,333.8,2.2,1.4,2014-05-27,1513,Terra,MODIS,100,6.2,292.3,106.9,N,0
-20.792,118.9477,307.3,2.2,1.4,2014-05-27,1513,Terra,MODIS,71,6.2,289.9,25.2,N,0
-20.7714,118.9862,310.7,2.2,1.4,2014-05-27,1513,Terra,MODIS,29,6.2,290.9,30.6,N,0
-20.7754,118.9656,333.5,2.2,1.4,2014-05-27,1513,Terra,MODIS,100,6.2,293.6,103.4,N,0
-20.7898,118.962,322.7,2.2,1.4,2014-05-27,1513,Terra,MODIS,100,6.2,291.3,64.8,N,0
-20.7732,118.9799,324.5,2.2,1.4,2014-05-27,1513,Terra,MODIS,100,6.2,292.5,71.4,N,0
-20.777,118.9592,326.5,2.2,1.4,2014-05-27,1513,Terra,MODIS,100,6.2,292.4,77.6,N,0
-20.7643,118.9564,325.3,2.2,1.4,2014-05-27,1513,Terra,MODIS,100,6.2,291.3,74,N,0
-20.7842,118.989,319.2,2.2,1.4,2014-05-27,1513,Terra,MODIS,98,6.2,291.6,53.7,N,0
-20.786,118.9827,332.9,2.2,1.4,2014-05-27,1513,Terra,MODIS,100,6.2,292.6,102.9,N,0
-20.5945,116.781,307,1.5,1.2,2014-05-27,1513,Terra,MODIS,51,6.2,295.1,13.3,N,0
-20.7666,118.8718,306.7,2.1,1.4,2014-05-27,1513,Terra,MODIS,69,6.2,288.9,25.9,N,0
-20.7629,118.8921,301,2.1,1.4,2014-05-27,1513,Terra,MODIS,37,6.2,290.2,15.1,N,0
-18.9204,121.6717,311.2,3.7,1.8,2014-05-27,1514,Terra,MODIS,74,6.2,291,74.1,N,0
-18.9043,121.668,305.7,3.7,1.8,2014-05-27,1514,Terra,MODIS,36,6.2,292.1,49.7,N,0
-18.9139,121.6651,313.7,3.7,1.8,2014-05-27,1514,Terra,MODIS,83,6.2,291.5,87.3,N,0
-13.4354,132.7575,306.4,1,1,2014-05-27,1640,Aqua,MODIS,68,6.2,294,6.1,N,0
-13.4482,132.5965,305,1,1,2014-05-27,1640,Aqua,MODIS,40,6.2,294.7,5,N,0
-13.4437,132.7592,313,1,1,2014-05-27,1640,Aqua,MODIS,86,6.2,294.9,10.8,N,0
-13.242,133.2139,304.7,1,1,2014-05-27,1640,Aqua,MODIS,61,6.2,294.1,5.8,N,0
-13.3723,132.5761,305.7,1,1,2014-05-27,1640,Aqua,MODIS,65,6.2,293.1,5.8,N,0
-14.0855,130.7375,308.7,1,1,2014-05-27,1640,Aqua,MODIS,75,6.2,295.7,7.8,N,0
-13.4572,132.5951,304.4,1,1,2014-05-27,1640,Aqua,MODIS,26,6.2,294.3,4.5,N,0
-13.4394,132.6643,310.4,1,1,2014-05-27,1640,Aqua,MODIS,80,6.2,294.8,8.8,N,0
-14.0764,130.7388,323.1,1,1,2014-05-27,1640,Aqua,MODIS,100,6.2,296.4,20.1,N,0
-13.9465,131.5278,303.2,1,1,2014-05-27,1640,Aqua,MODIS,54,6.2,292.4,5,N,0
-13.3736,132.5854,306.8,1,1,2014-05-27,1640,Aqua,MODIS,69,6.2,293.2,6.5,N,0
-14.075,130.7294,318.4,1,1,2014-05-27,1640,Aqua,MODIS,97,6.2,293.6,15.4,N,0
-13.4629,132.699,304.7,1,1,2014-05-27,1640,Aqua,MODIS,43,6.2,294,4.8,N,0
-13.9906,131.7653,307.5,1,1,2014-05-27,1640,Aqua,MODIS,72,6.2,293.3,7,N,0
-13.992,131.7745,305.1,1,1,2014-05-27,1640,Aqua,MODIS,61,6.2,293.1,5.7,N,0
-16.4611,127.263,307.4,1.4,1.2,2014-05-27,1641,Aqua,MODIS,64,6.2,290.1,12.9,N,0
-16.4592,127.2838,305.6,1.4,1.2,2014-05-27,1641,Aqua,MODIS,65,6.2,293,11.5,N,0
-16.4633,127.276,319,1.4,1.2,2014-05-27,1641,Aqua,MODIS,98,6.2,292.3,27.4,N,0
-16.457,127.2705,322,1.4,1.2,2014-05-27,1641,Aqua,MODIS,100,6.2,291.6,33.4,N,0
-18.9092,121.6851,303.8,3.2,1.7,2014-05-27,1642,Aqua,MODIS,57,6.2,290.4,36.4,N,0
-21.9502,129.8807,314.1,1,1,2014-05-27,1643,Aqua,MODIS,88,6.2,287.9,14.9,N,0
-15.5543,143.82,313.9,1.5,1.2,2014-05-28,0028,Terra,MODIS,66,6.2,297.1,14.1,D,0
-26.8146,150.9253,309.8,1.6,1.3,2014-05-28,0030,Terra,MODIS,62,6.2,297.1,9.3,D,0
-26.4237,149.8222,318.7,1.4,1.2,2014-05-28,0030,Terra,MODIS,54,6.2,295.1,20,D,0
-26.4342,149.8208,320.6,1.4,1.2,2014-05-28,0030,Terra,MODIS,71,6.2,295.5,22.6,D,0
-26.4289,149.8155,317.2,1.4,1.2,2014-05-28,0030,Terra,MODIS,39,6.2,295.1,17.1,D,0
-26.4305,149.8293,326.6,1.4,1.2,2014-05-28,0030,Terra,MODIS,82,6.2,295.9,32.9,D,0
-27.6305,149.6786,316.5,1.4,1.2,2014-05-28,0031,Terra,MODIS,72,6.2,296.8,15.6,D,0
-28.5505,149.4717,309.8,1.4,1.2,2014-05-28,0031,Terra,MODIS,69,6.2,288,11.9,D,0
-30.4002,148.2277,311,1.3,1.1,2014-05-28,0031,Terra,MODIS,67,6.2,296.2,9,D,0
-37.6243,140.828,321.6,1.1,1,2014-05-28,0034,Terra,MODIS,81,6.2,285.1,23.1,D,0
-13.3843,132.5718,311.8,3.1,1.7,2014-05-28,0205,Terra,MODIS,25,6.2,298.4,21.3,D,0
-13.4704,130.8737,316.6,2.3,1.5,2014-05-28,0205,Terra,MODIS,65,6.2,302.6,22.6,D,0
-13.5451,131.7295,315.2,2.7,1.6,2014-05-28,0205,Terra,MODIS,41,6.2,302.8,23,D,0
-13.4526,132.7733,322.6,3.3,1.7,2014-05-28,0205,Terra,MODIS,75,6.2,298.8,74.2,D,0
-13.3864,132.5771,311.9,3.1,1.7,2014-05-28,0205,Terra,MODIS,29,6.2,298.3,21.1,D,0
-13.4562,132.7783,323.9,3.3,1.7,2014-05-28,0205,Terra,MODIS,66,6.2,299,76.4,D,0
-13.5024,131.8618,314.2,2.8,1.6,2014-05-28,0205,Terra,MODIS,59,6.2,301.4,23.1,D,0
-13.2879,132.7772,312.9,3.2,1.7,2014-05-28,0205,Terra,MODIS,41,6.2,299.8,26.1,D,0
-13.4996,131.868,314,2.8,1.6,2014-05-28,0205,Terra,MODIS,58,6.2,301.4,22.6,D,0
-13.4797,130.8662,317.2,2.3,1.5,2014-05-28,0205,Terra,MODIS,41,6.2,301.6,22.1,D,0
-13.4421,131.3283,316.4,2.5,1.5,2014-05-28,0205,Terra,MODIS,40,6.2,303.5,20.2,D,0
-13.2186,130.5224,322.9,2.2,1.4,2014-05-28,0205,Terra,MODIS,63,6.2,300.4,41.2,D,0
-13.2082,130.5438,323.1,2.2,1.4,2014-05-28,0205,Terra,MODIS,74,6.2,302.7,43.3,D,0
-13.221,130.5422,335.4,2.2,1.4,2014-05-28,0205,Terra,MODIS,87,6.2,303.6,88.6,D,0
-13.0968,130.4828,323.8,2.1,1.4,2014-05-28,0205,Terra,MODIS,59,6.2,303.2,35.6,D,0
-16.3142,125.0105,319.3,1.1,1,2014-05-28,0206,Terra,MODIS,40,6.2,305.3,8.6,D,0
-16.3791,128.1371,319.2,1.6,1.2,2014-05-28,0206,Terra,MODIS,64,6.2,303.8,14.6,D,0
-14.1166,130.31,321.1,2.1,1.4,2014-05-28,0206,Terra,MODIS,72,6.2,304.8,24.7,D,0
-14.651,125.8474,319,1.1,1.1,2014-05-28,0206,Terra,MODIS,53,6.2,303.4,9.1,D,0
-15.6039,125.2551,316.3,1.1,1,2014-05-28,0206,Terra,MODIS,54,6.2,303.7,6.9,D,0
-16.1153,127.5791,321.3,1.4,1.2,2014-05-28,0206,Terra,MODIS,68,6.2,304.7,15.6,D,0
-15.6025,125.245,319.9,1.1,1,2014-05-28,0206,Terra,MODIS,67,6.2,304,10.7,D,0
-14.0476,130.3848,329.7,2.2,1.4,2014-05-28,0206,Terra,MODIS,82,6.2,304.1,57,D,0
-15.1197,125.67,335.2,1.1,1,2014-05-28,0206,Terra,MODIS,85,6.2,306.7,31.2,D,0
-15.6011,125.235,327.3,1.1,1,2014-05-28,0206,Terra,MODIS,78,6.2,303.5,19.7,D,0
-16.1277,127.591,327.3,1.5,1.2,2014-05-28,0206,Terra,MODIS,77,6.2,306.4,25.6,D,0
-16.126,127.5776,328.5,1.4,1.2,2014-05-28,0206,Terra,MODIS,78,6.2,305.2,28.3,D,0
-16.8106,125.1415,341,1.1,1,2014-05-28,0206,Terra,MODIS,90,6.2,307.9,39.8,D,0
-16.8199,125.1401,330.3,1.1,1,2014-05-28,0206,Terra,MODIS,81,6.2,306.4,21.2,D,0
-14.659,125.8359,329.6,1.1,1.1,2014-05-28,0206,Terra,MODIS,80,6.2,305.3,21.6,D,0
-14.6496,125.8372,318.2,1.1,1.1,2014-05-28,0206,Terra,MODIS,37,6.2,304.7,7.6,D,0
-14.6646,125.8392,325.2,1.1,1.1,2014-05-28,0206,Terra,MODIS,56,6.2,304.9,17.9,D,0
-16.8092,125.1314,333.1,1.1,1,2014-05-28,0206,Terra,MODIS,84,6.2,305.4,26,D,0
-16.2313,127.5159,321.6,1.4,1.2,2014-05-28,0206,Terra,MODIS,68,6.2,305.2,14.2,D,0
-15.1183,125.6598,318.5,1.1,1,2014-05-28,0206,Terra,MODIS,63,6.2,306.3,8.6,D,0
-14.6631,125.8288,316.8,1.1,1.1,2014-05-28,0206,Terra,MODIS,38,6.2,305.3,7.4,D,0
-15.6331,125.2606,319.9,1.1,1,2014-05-28,0206,Terra,MODIS,67,6.2,301.8,10.4,D,0
-16.2419,127.5142,321.3,1.4,1.2,2014-05-28,0206,Terra,MODIS,68,6.2,304.9,14.2,D,0
-14.0528,131.8182,316.7,2.8,1.6,2014-05-28,0206,Terra,MODIS,62,6.2,303.2,29.2,D,0
-14.0747,130.7155,324.7,2.3,1.5,2014-05-28,0206,Terra,MODIS,77,6.2,303.6,48.9,D,0
-14.0772,130.7363,318.8,2.3,1.5,2014-05-28,0206,Terra,MODIS,69,6.2,303.8,28.3,D,0
-14.0292,131.742,317.2,2.8,1.6,2014-05-28,0206,Terra,MODIS,30,6.2,300.8,31.2,D,0
-14.038,131.7883,328.4,2.8,1.6,2014-05-28,0206,Terra,MODIS,81,6.2,304.1,78.8,D,0
-13.9719,131.7487,333.8,2.8,1.6,2014-05-28,0206,Terra,MODIS,85,6.2,302.2,109.7,D,0
-13.9692,131.756,342.7,2.8,1.6,2014-05-28,0206,Terra,MODIS,91,6.2,303.2,173.2,D,0
-14.0149,131.7438,338.1,2.8,1.6,2014-05-28,0206,Terra,MODIS,88,6.2,300,138,D,0
-14.0553,131.8126,319.1,2.8,1.6,2014-05-28,0206,Terra,MODIS,69,6.2,303.6,39.6,D,0
-14.0179,131.738,335.3,2.8,1.6,2014-05-28,0206,Terra,MODIS,86,6.2,299.5,122.6,D,0
-14.0524,131.7868,316.9,2.8,1.6,2014-05-28,0206,Terra,MODIS,59,6.2,302.8,30.7,D,0
-13.9723,131.7818,324,2.8,1.6,2014-05-28,0206,Terra,MODIS,76,6.2,303.4,57.3,D,0
-13.9466,131.5257,326.5,2.7,1.6,2014-05-28,0206,Terra,MODIS,79,6.2,303.3,60.1,D,0
-14.0208,131.7641,343.9,2.8,1.6,2014-05-28,0206,Terra,MODIS,92,6.2,305.2,183.2,D,0
-14.0323,131.7681,356.1,2.8,1.6,2014-05-28,0206,Terra,MODIS,98,6.2,305.1,298,D,0
-13.9749,131.7747,327.6,2.8,1.6,2014-05-28,0206,Terra,MODIS,80,6.2,303.9,74.6,D,0
-14.0353,131.7939,325.9,2.8,1.6,2014-05-28,0206,Terra,MODIS,61,6.2,304.6,62.7,D,0
-14.0497,131.7925,320.1,2.8,1.6,2014-05-28,0206,Terra,MODIS,65,6.2,303.3,41.3,D,0
-16.0813,125.7763,320.9,1.1,1.1,2014-05-28,0206,Terra,MODIS,68,6.2,302.7,12.5,D,0
-16.0909,125.7751,321.3,1.1,1.1,2014-05-28,0206,Terra,MODIS,69,6.2,301.7,13.3,D,0
-15.6449,125.87,317.4,1.1,1.1,2014-05-28,0206,Terra,MODIS,35,6.2,304.1,7.2,D,0
-15.7026,125.8342,318.1,1.1,1.1,2014-05-28,0206,Terra,MODIS,53,6.2,304.1,8.2,D,0
-15.3915,125.2336,321.2,1.1,1,2014-05-28,0206,Terra,MODIS,70,6.2,303.2,12.7,D,0
-16.5074,124.8087,315.6,1.1,1,2014-05-28,0206,Terra,MODIS,49,6.2,303.1,6.6,D,0
-14.555,127.8315,318,1.4,1.2,2014-05-28,0206,Terra,MODIS,60,6.2,302.6,11.6,D,0
-16.5088,124.8184,316.2,1.1,1,2014-05-28,0206,Terra,MODIS,57,6.2,303.9,7.3,D,0
-16.0684,126.2837,323.8,1.2,1.1,2014-05-28,0206,Terra,MODIS,71,6.2,306.3,14.8,D,0
-16.4766,124.7234,321.1,1,1,2014-05-28,0206,Terra,MODIS,70,6.2,303.2,10.7,D,0
-16.4858,124.722,322.5,1,1,2014-05-28,0206,Terra,MODIS,73,6.2,303.2,12.5,D,0
-16.4871,124.7318,316.3,1,1,2014-05-28,0206,Terra,MODIS,43,6.2,303,6.3,D,0
-15.2258,126.8365,323.8,1.3,1.1,2014-05-28,0206,Terra,MODIS,70,6.2,305.3,15.1,D,0
-15.0603,125.0413,316.7,1,1,2014-05-28,0206,Terra,MODIS,0,6.2,303.5,4.2,D,0
-15.1011,125.0647,333.1,1,1,2014-05-28,0206,Terra,MODIS,84,6.2,305.2,24,D,0
-15.0142,127.3909,320.8,1.4,1.2,2014-05-28,0206,Terra,MODIS,61,6.2,305.8,12,D,0
-15.1025,125.0745,324,1.1,1,2014-05-28,0206,Terra,MODIS,58,6.2,303.6,12.5,D,0
-15.1075,125.0574,334.7,1,1,2014-05-28,0206,Terra,MODIS,62,6.2,303.1,27.1,D,0
-15.1259,125.0548,323.6,1,1,2014-05-28,0206,Terra,MODIS,69,6.2,302.9,12.9,D,0
-16.1415,126.8298,319.7,1.3,1.1,2014-05-28,0206,Terra,MODIS,55,6.2,305.3,9.1,D,0
-16.6166,126.9594,322.4,1.3,1.1,2014-05-28,0206,Terra,MODIS,49,6.2,304.7,15,D,0
-14.9759,127.4222,331.8,1.4,1.2,2014-05-28,0206,Terra,MODIS,82,6.2,305.8,33.8,D,0
-14.5568,127.8447,320.4,1.4,1.2,2014-05-28,0206,Terra,MODIS,67,6.2,303.5,14.6,D,0
-15.0539,125.5819,315.5,1.1,1,2014-05-28,0206,Terra,MODIS,47,6.2,304.4,5.9,D,0
-16.461,127.2527,351.1,1.4,1.2,2014-05-28,0206,Terra,MODIS,95,6.2,312.3,84.8,D,0
-16.4627,127.2657,329.7,1.4,1.2,2014-05-28,0206,Terra,MODIS,76,6.2,311.3,25.5,D,0
-16.4644,127.2786,333,1.4,1.2,2014-05-28,0206,Terra,MODIS,83,6.2,310,33.8,D,0
-16.4716,127.2514,346.1,1.4,1.2,2014-05-28,0206,Terra,MODIS,92,6.2,306,68.6,D,0
-14.0179,131.7698,338.1,2.8,1.6,2014-05-28,0206,Terra,MODIS,88,6.2,304.6,135,D,0
-16.1662,126.9379,331.1,1.3,1.1,2014-05-28,0206,Terra,MODIS,75,6.2,305.3,27.9,D,0
-16.1577,126.9523,318.9,1.3,1.1,2014-05-28,0206,Terra,MODIS,34,6.2,306.5,8.7,D,0
-15.1913,130.9324,322.5,2.5,1.5,2014-05-28,0206,Terra,MODIS,65,6.2,301.4,41.5,D,0
-15.1982,130.9264,321.7,2.5,1.5,2014-05-28,0206,Terra,MODIS,65,6.2,302.2,30.5,D,0
-16.4733,127.2644,328,1.4,1.2,2014-05-28,0206,Terra,MODIS,59,6.2,306.5,22.6,D,0
-16.4749,127.2773,347.7,1.4,1.2,2014-05-28,0206,Terra,MODIS,93,6.2,306.8,73.9,D,0
-16.2777,126.2532,316.3,1.2,1.1,2014-05-28,0206,Terra,MODIS,38,6.2,304.2,5.8,D,0
-16.5445,127.9976,318.9,1.6,1.2,2014-05-28,0206,Terra,MODIS,62,6.2,305.6,11.5,D,0
-16.469,127.0694,322.2,1.4,1.2,2014-05-28,0206,Terra,MODIS,69,6.2,307.7,13.2,D,0
-16.4699,127.2384,361.4,1.4,1.2,2014-05-28,0206,Terra,MODIS,100,6.2,305.5,127.2,D,0
-16.4682,127.2256,336,1.4,1.2,2014-05-28,0206,Terra,MODIS,85,6.2,304,43.2,D,0
-16.4594,127.2398,367.4,1.4,1.2,2014-05-28,0206,Terra,MODIS,100,6.2,311.2,154.3,D,0
-16.4577,127.2269,349.7,1.4,1.2,2014-05-28,0206,Terra,MODIS,94,6.2,307.4,81.4,D,0
-16.6762,127.1713,319.1,1.4,1.2,2014-05-28,0206,Terra,MODIS,41,6.2,305.4,8.9,D,0
-16.6779,127.1841,321.1,1.4,1.2,2014-05-28,0206,Terra,MODIS,62,6.2,305.6,11.2,D,0
-16.4794,127.068,339.2,1.4,1.2,2014-05-28,0206,Terra,MODIS,88,6.2,305.9,48.4,D,0
-16.243,126.4438,337.7,1.2,1.1,2014-05-28,0206,Terra,MODIS,87,6.2,305,40.1,D,0
-16.2445,126.4552,366.1,1.2,1.1,2014-05-28,0206,Terra,MODIS,100,6.2,309.3,128.4,D,0
-16.246,126.4668,329.2,1.2,1.1,2014-05-28,0206,Terra,MODIS,80,6.2,307.4,25,D,0
-16.5891,126.7503,337.8,1.3,1.1,2014-05-28,0206,Terra,MODIS,87,6.2,306.2,42.9,D,0
-16.2544,126.4539,327.8,1.2,1.1,2014-05-28,0206,Terra,MODIS,78,6.2,305.4,22.6,D,0
-15.2211,126.8014,321.7,1.3,1.1,2014-05-28,0206,Terra,MODIS,64,6.2,305.4,10.2,D,0
-16.2559,126.4653,326.4,1.2,1.1,2014-05-28,0206,Terra,MODIS,76,6.2,307,21.2,D,0
-16.141,126.9048,331.4,1.3,1.1,2014-05-28,0206,Terra,MODIS,82,6.2,307.2,27,D,0
-16.4767,127.0747,328.6,1.4,1.2,2014-05-28,0206,Terra,MODIS,78,6.2,306.3,25.7,D,0
-16.1512,126.9032,327.6,1.3,1.1,2014-05-28,0206,Terra,MODIS,61,6.2,306.4,21.4,D,0
-16.4751,127.062,337.6,1.4,1.2,2014-05-28,0206,Terra,MODIS,87,6.2,306.7,45.1,D,0
-14.0452,130.3649,330.7,2.2,1.4,2014-05-28,0206,Terra,MODIS,83,6.2,305.4,59.2,D,0
-14.0443,130.3593,320.7,2.2,1.4,2014-05-28,0206,Terra,MODIS,70,6.2,305.5,24.2,D,0
-14.0466,130.3792,331.9,2.2,1.4,2014-05-28,0206,Terra,MODIS,84,6.2,304.8,65.6,D,0
-16.4346,127.4223,320.7,1.4,1.2,2014-05-28,0206,Terra,MODIS,54,6.2,307.2,10.6,D,0
-16.163,126.9137,327.6,1.3,1.1,2014-05-28,0206,Terra,MODIS,59,6.2,303.8,22.2,D,0
-16.1646,126.9257,344.8,1.3,1.1,2014-05-28,0206,Terra,MODIS,92,6.2,304.9,60.2,D,0
-14.5533,127.7379,317.2,1.4,1.2,2014-05-28,0206,Terra,MODIS,49,6.2,303.2,9.8,D,0
-20.3852,123.9024,324.7,1,1,2014-05-28,0207,Terra,MODIS,75,6.2,300.5,14.9,D,0
-17.5161,123.3198,337,1,1,2014-05-28,0207,Terra,MODIS,87,6.2,306.7,29.2,D,0
-17.5244,123.3125,321.3,1,1,2014-05-28,0207,Terra,MODIS,70,6.2,304.7,9.5,D,0
-20.3866,123.9124,321.5,1.1,1,2014-05-28,0207,Terra,MODIS,70,6.2,299.9,11.2,D,0
-17.5148,123.3105,358.5,1,1,2014-05-28,0207,Terra,MODIS,99,6.2,307.6,73.1,D,0
-20.3903,123.8711,330.6,1,1,2014-05-28,0207,Terra,MODIS,48,6.2,304.1,20.5,D,0
-17.5431,123.2521,321.8,1,1,2014-05-28,0207,Terra,MODIS,71,6.2,305,10.7,D,0
-17.5153,123.5022,320,1,1,2014-05-28,0207,Terra,MODIS,68,6.2,306.8,6.9,D,0
-17.5445,123.2615,316.2,1,1,2014-05-28,0207,Terra,MODIS,59,6.2,304.2,5.1,D,0
-18.9052,121.6522,320.1,1,1,2014-05-28,0207,Terra,MODIS,58,6.2,301.9,10.1,D,0
-18.9066,121.662,353.5,1,1,2014-05-28,0207,Terra,MODIS,97,6.2,307.9,64.3,D,0
-18.9081,121.6717,333.9,1,1,2014-05-28,0207,Terra,MODIS,81,6.2,308.8,25.2,D,0
-18.9173,121.6702,351.1,1,1,2014-05-28,0207,Terra,MODIS,95,6.2,305.1,57.6,D,0
-18.9188,121.68,336.5,1,1,2014-05-28,0207,Terra,MODIS,87,6.2,306.3,30.2,D,0
-18.9202,121.6897,320.6,1,1,2014-05-28,0207,Terra,MODIS,70,6.2,305.8,10.4,D,0
-20.7941,118.9734,321.3,1.3,1.1,2014-05-28,0208,Terra,MODIS,75,6.2,300.3,17.8,D,0
-20.785,118.8669,327.3,1.3,1.1,2014-05-28,0208,Terra,MODIS,43,6.2,282.1,31.3,D,0
-20.7616,118.9035,321,1.3,1.1,2014-05-28,0208,Terra,MODIS,69,6.2,294.9,19.7,D,0
-20.9466,118.8432,323.3,1.3,1.1,2014-05-28,0208,Terra,MODIS,79,6.2,297.8,24.2,D,0
-20.9264,118.847,318.1,1.3,1.1,2014-05-28,0208,Terra,MODIS,72,6.2,298,16.1,D,0
-20.9284,118.8594,335.3,1.3,1.1,2014-05-28,0208,Terra,MODIS,88,6.2,299,45.3,D,0
-20.9446,118.8308,357.2,1.3,1.1,2014-05-28,0208,Terra,MODIS,98,6.2,299.2,110.2,D,0
-20.8474,118.739,309,1.3,1.1,2014-05-28,0208,Terra,MODIS,54,6.2,295.8,9.7,D,0
-20.8453,118.7264,315.6,1.3,1.1,2014-05-28,0208,Terra,MODIS,70,6.2,295.9,17.2,D,0
-20.3967,123.8497,336.3,1,1,2014-05-28,0208,Terra,MODIS,86,6.2,302.9,31.5,D,0
-20.4114,123.8883,326.5,1,1,2014-05-28,0208,Terra,MODIS,36,6.2,304.2,15.6,D,0
-20.4234,123.9068,324.6,1.1,1,2014-05-28,0208,Terra,MODIS,75,6.2,301,15.9,D,0
-22.1178,129.5908,313.7,2.5,1.5,2014-05-28,0208,Terra,MODIS,56,6.2,300.1,21.4,D,0
-20.4248,123.9169,320.6,1.1,1,2014-05-28,0208,Terra,MODIS,65,6.2,299.9,11.1,D,0
-20.4101,123.8783,323.9,1,1,2014-05-28,0208,Terra,MODIS,39,6.2,304,13.3,D,0
-20.4087,123.8683,323.2,1,1,2014-05-28,0208,Terra,MODIS,73,6.2,301.4,14.1,D,0
-20.4073,123.8583,320.8,1,1,2014-05-28,0208,Terra,MODIS,42,6.2,299.2,10.9,D,0
-21.8919,129.5567,314.6,2.4,1.5,2014-05-28,0208,Terra,MODIS,63,6.2,300.3,20.9,D,0
-20.3981,123.8597,330.3,1,1,2014-05-28,0208,Terra,MODIS,44,6.2,304.7,21.3,D,0
-20.3953,123.8398,326.9,1,1,2014-05-28,0208,Terra,MODIS,78,6.2,298.5,19.8,D,0
-21.3627,127.8769,319.4,1.8,1.3,2014-05-28,0208,Terra,MODIS,69,6.2,301,24.7,D,0
-34.0414,117.7202,300.8,1,1,2014-05-28,0211,Terra,MODIS,41,6.2,284.6,5.3,D,0
-33.8479,120.2719,303,1,1,2014-05-28,0211,Terra,MODIS,55,6.2,290.8,4.4,D,0
-33.8464,120.2608,304.4,1,1,2014-05-28,0211,Terra,MODIS,59,6.2,290.9,5.1,D,0
-34.0316,117.8373,300.4,1,1,2014-05-28,0211,Terra,MODIS,37,6.2,284.7,5.4,D,0
-33.0692,150.9541,310.5,3.5,1.8,2014-05-28,0310,Aqua,MODIS,18,6.2,290.3,48.1,D,0
-33.0777,150.95,313.2,3.5,1.8,2014-05-28,0310,Aqua,MODIS,51,6.2,290.3,64.8,D,0
-25.9329,153.0042,306.8,2.1,1.4,2014-05-28,0312,Aqua,MODIS,0,6.2,294,12.4,D,0
-27.1255,152.7109,310.8,2.3,1.5,2014-05-28,0312,Aqua,MODIS,62,6.2,289.8,28,D,0
-25.9828,152.8867,315.6,2.1,1.4,2014-05-28,0312,Aqua,MODIS,72,6.2,293.7,36.2,D,0
-25.2956,149.1244,323.7,3.9,1.8,2014-05-28,0313,Aqua,MODIS,80,6.2,294.9,128.7,D,0
-25.3149,149.1719,314.9,3.9,1.8,2014-05-28,0313,Aqua,MODIS,71,6.2,295.1,72.5,D,0
-25.3178,149.1342,307.6,3.9,1.8,2014-05-28,0313,Aqua,MODIS,55,6.2,291.4,36,D,0
-25.2926,149.1626,325.8,3.9,1.8,2014-05-28,0313,Aqua,MODIS,82,6.2,295.6,142,D,0
-25.2983,149.1705,341.2,3.9,1.8,2014-05-28,0313,Aqua,MODIS,92,6.2,296.3,297.4,D,0
-25.3011,149.1327,337.9,3.9,1.8,2014-05-28,0313,Aqua,MODIS,90,6.2,295.2,264.1,D,0
-37.622,140.8182,324.6,1.1,1.1,2014-05-28,0448,Aqua,MODIS,83,6.2,288.8,27.2,D,0
-37.6199,140.8307,319.1,1.1,1.1,2014-05-28,0448,Aqua,MODIS,79,6.2,287.9,20.6,D,0
-33.0142,137.5901,313.4,1,1,2014-05-28,0449,Aqua,MODIS,0,6.2,291.6,9.6,D,2
-21.9218,129.5271,318.8,1.5,1.2,2014-05-28,0452,Aqua,MODIS,52,6.2,305.2,9.3,D,0
-21.8946,129.5464,323.8,1.5,1.2,2014-05-28,0452,Aqua,MODIS,73,6.2,306.1,18.8,D,0
-21.3691,127.8746,326.7,1.9,1.4,2014-05-28,0453,Aqua,MODIS,76,6.2,305.1,38.4,D,0
-21.3589,127.8542,317.9,2,1.4,2014-05-28,0453,Aqua,MODIS,59,6.2,303.6,16,D,0
-21.3712,127.8557,318.5,2,1.4,2014-05-28,0453,Aqua,MODIS,53,6.2,303.8,15.9,D,0
-21.3568,127.8731,318.4,1.9,1.4,2014-05-28,0453,Aqua,MODIS,61,6.2,304.6,16.8,D,0
-17.4091,139.0213,319.4,1.9,1.4,2014-05-28,0453,Aqua,MODIS,63,6.2,304.2,20.5,D,0
-17.3267,139.0614,319.1,1.9,1.4,2014-05-28,0453,Aqua,MODIS,62,6.2,303.1,22.8,D,0
-17.286,138.1715,322.3,1.7,1.3,2014-05-28,0453,Aqua,MODIS,47,6.2,304.2,21.9,D,0
-17.2887,138.1558,323.7,1.7,1.3,2014-05-28,0453,Aqua,MODIS,66,6.2,304.7,25.3,D,0
-17.2896,138.1667,328.9,1.7,1.3,2014-05-28,0453,Aqua,MODIS,75,6.2,305.1,34.3,D,0
-15.8295,125.7675,316.9,2.3,1.5,2014-05-28,0454,Aqua,MODIS,51,6.2,302.2,25.1,D,0
-16.0872,125.7721,317.2,2.4,1.5,2014-05-28,0454,Aqua,MODIS,50,6.2,303.5,24.7,D,0
-15.4641,126.0198,328.6,2.2,1.4,2014-05-28,0454,Aqua,MODIS,77,6.2,303.3,52.2,D,0
-15.4511,126.0181,322.8,2.2,1.4,2014-05-28,0454,Aqua,MODIS,54,6.2,305,32,D,0
-16.3504,135.4697,322.1,1.2,1.1,2014-05-28,0454,Aqua,MODIS,71,6.2,305.4,11,D,0
-14.6373,132.7865,322,1,1,2014-05-28,0454,Aqua,MODIS,32,6.2,308.1,6,D,0
-14.5442,132.6654,325.2,1,1,2014-05-28,0454,Aqua,MODIS,69,6.2,308.8,9.9,D,0
-15.4541,141.8152,315.9,3.4,1.7,2014-05-28,0454,Aqua,MODIS,65,6.2,299,40,D,0
-14.2778,134.0985,324.4,1.1,1,2014-05-28,0454,Aqua,MODIS,73,6.2,304.3,13.4,D,0
-14.6774,134.6305,325.1,1.1,1.1,2014-05-28,0454,Aqua,MODIS,55,6.2,302,18,D,0
-14.2521,134.2682,337.9,1.1,1,2014-05-28,0454,Aqua,MODIS,87,6.2,305.5,34.8,D,0
-15.453,141.8403,319.3,3.4,1.7,2014-05-28,0454,Aqua,MODIS,71,6.2,299.8,55.6,D,0
-13.9668,131.7524,328.8,1,1,2014-05-28,0454,Aqua,MODIS,37,6.2,308,12.4,D,0
-13.8871,131.4714,322.6,1,1,2014-05-28,0454,Aqua,MODIS,56,6.2,307,9.6,D,0
-14.884,131.2994,331,1,1,2014-05-28,0454,Aqua,MODIS,55,6.2,309.2,16.3,D,0
-13.4482,132.8071,356.7,1,1,2014-05-28,0454,Aqua,MODIS,98,6.2,308.9,66.4,D,0
-13.4558,132.8177,323.1,1,1,2014-05-28,0454,Aqua,MODIS,60,6.2,306.3,8.3,D,0
-13.4683,132.6685,317.4,1,1,2014-05-28,0454,Aqua,MODIS,26,6.2,303.5,5.9,D,0
-13.5939,133.5601,318.1,1,1,2014-05-28,0454,Aqua,MODIS,38,6.2,301.8,8.2,D,0
-13.504,132.74,320.7,1,1,2014-05-28,0454,Aqua,MODIS,61,6.2,307.4,7.9,D,0
-13.5053,132.7308,326.3,1,1,2014-05-28,0454,Aqua,MODIS,73,6.2,305.7,14.5,D,0
-13.4706,132.7159,319.9,1,1,2014-05-28,0454,Aqua,MODIS,58,6.2,303.7,10,D,0
-14.0798,130.7442,323.5,1.1,1,2014-05-28,0454,Aqua,MODIS,56,6.2,308.6,9.8,D,0
-13.4733,132.6975,329.7,1,1,2014-05-28,0454,Aqua,MODIS,78,6.2,304.7,19.7,D,0
-13.472,132.7067,322.1,1,1,2014-05-28,0454,Aqua,MODIS,65,6.2,303.2,11.7,D,0
-13.4626,132.7715,332,1,1,2014-05-28,0454,Aqua,MODIS,55,6.2,305.6,18.5,D,0
-13.9952,131.7472,339.1,1,1,2014-05-28,0454,Aqua,MODIS,57,6.2,309.4,23.4,D,0
-13.9772,131.7445,356.6,1,1,2014-05-28,0454,Aqua,MODIS,98,6.2,308.6,63.4,D,0
-13.9785,131.7353,323.8,1,1,2014-05-28,0454,Aqua,MODIS,66,6.2,304.8,11.2,D,0
-13.4495,132.7979,329,1,1,2014-05-28,0454,Aqua,MODIS,45,6.2,304.3,14,D,0
-13.9681,131.7432,335.2,1,1,2014-05-28,0454,Aqua,MODIS,83,6.2,309.3,22.5,D,0
-13.9694,131.7339,340.2,1,1,2014-05-28,0454,Aqua,MODIS,87,6.2,307,32.5,D,0
-13.9578,131.7511,329.5,1,1,2014-05-28,0454,Aqua,MODIS,68,6.2,307.7,14.8,D,0
-13.9591,131.7418,348.4,1,1,2014-05-28,0454,Aqua,MODIS,93,6.2,309.1,46.9,D,0
-13.9604,131.7325,329.9,1,1,2014-05-28,0454,Aqua,MODIS,77,6.2,306.8,17.5,D,0
-13.7008,133.3428,328.8,1,1,2014-05-28,0454,Aqua,MODIS,78,6.2,306,17.3,D,0
-14.8853,131.2898,357.1,1,1,2014-05-28,0454,Aqua,MODIS,98,6.2,309.2,68.4,D,0
-14.8526,131.3241,328.8,1,1,2014-05-28,0454,Aqua,MODIS,76,6.2,307.8,17,D,0
-14.8539,131.3145,338.5,1,1,2014-05-28,0454,Aqua,MODIS,86,6.2,308.1,31.3,D,0
-13.6125,131.8542,322.8,1,1,2014-05-28,0454,Aqua,MODIS,44,6.2,307.5,8.4,D,0
-14.1255,134.2044,320.8,1.1,1,2014-05-28,0454,Aqua,MODIS,24,6.2,301.5,9.3,D,0
-13.5354,132.3308,321.5,1,1,2014-05-28,0454,Aqua,MODIS,58,6.2,306.8,7.1,D,0
-14.0196,131.7698,346.2,1,1,2014-05-28,0454,Aqua,MODIS,92,6.2,310.9,38.2,D,0
-13.506,132.5989,319.8,1,1,2014-05-28,0454,Aqua,MODIS,38,6.2,305.9,6.4,D,0
-13.497,132.5975,323.7,1,1,2014-05-28,0454,Aqua,MODIS,64,6.2,305.1,10,D,0
-13.9028,131.812,326.1,1,1,2014-05-28,0454,Aqua,MODIS,67,6.2,309.6,7.1,D,0
-14.269,132.087,324.4,1,1,2014-05-28,0454,Aqua,MODIS,63,6.2,309,8.6,D,0
-14.2703,132.0778,340.7,1,1,2014-05-28,0454,Aqua,MODIS,88,6.2,307.5,31.7,D,0
-13.7053,131.7135,340.1,1,1,2014-05-28,0454,Aqua,MODIS,88,6.2,309.1,30.2,D,0
-13.7143,131.7148,335.7,1,1,2014-05-28,0454,Aqua,MODIS,84,6.2,308,22.3,D,0
-14.6052,131.1227,332.3,1,1,2014-05-28,0454,Aqua,MODIS,81,6.2,308.1,22.6,D,0
-14.6066,131.1131,324,1,1,2014-05-28,0454,Aqua,MODIS,69,6.2,305.6,12,D,0
-13.6896,131.3053,324.6,1,1,2014-05-28,0454,Aqua,MODIS,42,6.2,308.8,9.7,D,0
-13.6882,131.3148,335.6,1,1,2014-05-28,0454,Aqua,MODIS,84,6.2,308.5,24.4,D,0
-13.7221,131.2717,321.3,1,1,2014-05-28,0454,Aqua,MODIS,61,6.2,306.1,8.3,D,0
-13.9482,131.6864,320,1,1,2014-05-28,0454,Aqua,MODIS,54,6.2,305.5,7,D,0
-13.9875,131.7366,357.6,1,1,2014-05-28,0454,Aqua,MODIS,98,6.2,307,68,D,0
-13.9862,131.7459,341.8,1,1,2014-05-28,0454,Aqua,MODIS,66,6.2,306.5,29.9,D,0
-14.3036,132.9946,323,1,1,2014-05-28,0454,Aqua,MODIS,59,6.2,307.9,8.5,D,0
-14.3022,133.0039,327.9,1,1,2014-05-28,0454,Aqua,MODIS,75,6.2,307.4,14,D,0
-14.3126,132.996,330,1,1,2014-05-28,0454,Aqua,MODIS,78,6.2,309.2,15.8,D,0
-14.3112,133.0053,346.7,1,1,2014-05-28,0454,Aqua,MODIS,92,6.2,310.3,42.8,D,0
-14.3183,133.0226,340.1,1,1,2014-05-28,0454,Aqua,MODIS,88,6.2,308.6,29.9,D,0
-13.9965,131.738,359.3,1,1,2014-05-28,0454,Aqua,MODIS,99,6.2,309.3,69.2,D,0
-13.9642,131.771,349.4,1,1,2014-05-28,0454,Aqua,MODIS,94,6.2,309.1,47,D,0
-14.072,130.7328,349.7,1.1,1,2014-05-28,0454,Aqua,MODIS,94,6.2,310.3,52.7,D,0
-14.0733,130.723,338.4,1.1,1,2014-05-28,0454,Aqua,MODIS,87,6.2,310.2,29.4,D,0
-14.0747,130.7131,324.4,1.1,1,2014-05-28,0454,Aqua,MODIS,48,6.2,310.3,9.9,D,0
-14.0641,130.7216,380.1,1.1,1,2014-05-28,0454,Aqua,MODIS,100,6.2,311.3,153.2,D,0
-13.9759,131.7538,339.1,1,1,2014-05-28,0454,Aqua,MODIS,79,6.2,309,26.9,D,0
-14.0654,130.7118,375,1.1,1,2014-05-28,0454,Aqua,MODIS,100,6.2,313,132.7,D,0
-14.0668,130.7019,356.4,1.1,1,2014-05-28,0454,Aqua,MODIS,98,6.2,309.4,71.3,D,0
-14.9292,131.3029,367.4,1,1,2014-05-28,0454,Aqua,MODIS,100,6.2,311.4,97,D,0
-14.9101,131.313,329.5,1,1,2014-05-28,0454,Aqua,MODIS,19,6.2,309.9,13.5,D,0
-14.9305,131.2933,351.5,1,1,2014-05-28,0454,Aqua,MODIS,95,6.2,307.2,55.2,D,0
-14.9206,131.3048,343.3,1,1,2014-05-28,0454,Aqua,MODIS,90,6.2,311.4,35.8,D,0
-13.6832,131.8046,327.9,1,1,2014-05-28,0454,Aqua,MODIS,75,6.2,308.8,13.7,D,0
-13.8333,131.8525,324.8,1,1,2014-05-28,0454,Aqua,MODIS,45,6.2,307.8,8.7,D,0
-13.9733,131.7723,345.6,1,1,2014-05-28,0454,Aqua,MODIS,91,6.2,310.7,37.3,D,0
-13.972,131.7816,338.5,1,1,2014-05-28,0454,Aqua,MODIS,84,6.2,309.5,25,D,0
-14.0267,132.0411,325.1,1,1,2014-05-28,0454,Aqua,MODIS,52,6.2,309.6,9,D,0
-13.4563,132.7516,329.7,1,1,2014-05-28,0454,Aqua,MODIS,78,6.2,302.5,18.6,D,0
-13.7099,133.3442,324,1,1,2014-05-28,0454,Aqua,MODIS,71,6.2,304.6,11.8,D,0
-13.6399,131.6601,322.3,1,1,2014-05-28,0454,Aqua,MODIS,47,6.2,308.5,7.1,D,0
-14.6039,131.1324,321,1,1,2014-05-28,0454,Aqua,MODIS,44,6.2,307.3,7.7,D,0
-14.1056,131.0221,324.6,1,1,2014-05-28,0454,Aqua,MODIS,40,6.2,308.1,9.6,D,0
-14.8944,131.2911,335.6,1,1,2014-05-28,0454,Aqua,MODIS,79,6.2,310.1,23.4,D,0
-13.4536,132.7701,343.6,1,1,2014-05-28,0454,Aqua,MODIS,90,6.2,304.6,37.7,D,0
-14.385,133.0712,322.2,1,1,2014-05-28,0454,Aqua,MODIS,62,6.2,307.7,6.2,D,0
-13.6177,131.8172,325,1,1,2014-05-28,0454,Aqua,MODIS,61,6.2,307.1,10.7,D,0
-13.6295,131.668,323.1,1,1,2014-05-28,0454,Aqua,MODIS,51,6.2,308.7,8.4,D,0
-13.6087,131.8159,324.5,1,1,2014-05-28,0454,Aqua,MODIS,62,6.2,307.1,10.5,D,0
-14.9462,131.3152,351,1,1,2014-05-28,0454,Aqua,MODIS,94,6.2,311,48.9,D,0
-13.7085,133.3537,319.8,1,1,2014-05-28,0454,Aqua,MODIS,49,6.2,305.3,7.2,D,0
-14.8996,131.3212,335.2,1,1,2014-05-28,0454,Aqua,MODIS,55,6.2,308.4,21.3,D,0
-13.9033,131.4796,335.6,1,1,2014-05-28,0454,Aqua,MODIS,84,6.2,309,23.3,D,0
-14.9114,131.3034,342.7,1,1,2014-05-28,0454,Aqua,MODIS,90,6.2,308.7,33.7,D,0
-14.8958,131.2815,325,1,1,2014-05-28,0454,Aqua,MODIS,53,6.2,309.1,10.5,D,0
-14.8866,131.2802,352.5,1,1,2014-05-28,0454,Aqua,MODIS,96,6.2,309.3,57.8,D,0
-14.9475,131.3056,335.8,1,1,2014-05-28,0454,Aqua,MODIS,43,6.2,310.3,19.4,D,0
-14.5082,132.9152,322.4,1,1,2014-05-28,0454,Aqua,MODIS,64,6.2,309.4,8,D,0
-14.937,131.3138,352.9,1,1,2014-05-28,0454,Aqua,MODIS,96,6.2,310.7,54.2,D,0
-14.9383,131.3042,351,1,1,2014-05-28,0454,Aqua,MODIS,95,6.2,308.5,48.9,D,0
-14.3584,133.0003,322.6,1,1,2014-05-28,0454,Aqua,MODIS,57,6.2,306.6,7.3,D,0
-14.3494,132.9989,321.8,1,1,2014-05-28,0454,Aqua,MODIS,37,6.2,307.8,6.1,D,0
-15.8951,125.0419,315.3,2.7,1.6,2014-05-28,0454,Aqua,MODIS,32,6.2,302.4,23.3,D,0
-16.3012,127.6063,325,1.7,1.3,2014-05-28,0454,Aqua,MODIS,59,6.2,308.9,25.1,D,0
-16.3031,127.5901,372.4,1.7,1.3,2014-05-28,0454,Aqua,MODIS,100,6.2,311.2,253,D,0
-16.3051,127.5736,337.7,1.7,1.3,2014-05-28,0454,Aqua,MODIS,86,6.2,304.6,63,D,0
-16.2915,127.5887,324.4,1.7,1.3,2014-05-28,0454,Aqua,MODIS,61,6.2,307.4,21.5,D,0
-16.2935,127.5723,326.5,1.7,1.3,2014-05-28,0454,Aqua,MODIS,69,6.2,305.5,27.8,D,0
-16.1448,127.5639,321.4,1.7,1.3,2014-05-28,0454,Aqua,MODIS,56,6.2,306.6,14.8,D,0
-16.1331,127.5625,353.3,1.7,1.3,2014-05-28,0454,Aqua,MODIS,96,6.2,307.9,126.3,D,0
-16.135,127.5466,323.1,1.7,1.3,2014-05-28,0454,Aqua,MODIS,47,6.2,307.3,17.5,D,0
-16.1347,127.5723,345.2,1.7,1.3,2014-05-28,0454,Aqua,MODIS,92,6.2,309.2,87.6,D,0
-16.1367,127.5564,345.7,1.7,1.3,2014-05-28,0454,Aqua,MODIS,92,6.2,308.2,90.2,D,0
-16.1231,127.5707,322.9,1.7,1.3,2014-05-28,0454,Aqua,MODIS,66,6.2,308.1,18.8,D,0
-16.174,127.9945,322.7,1.6,1.2,2014-05-28,0454,Aqua,MODIS,69,6.2,307.8,19.9,D,0
-13.9146,129.9463,317.9,1.1,1.1,2014-05-28,0454,Aqua,MODIS,51,6.2,305.9,9.4,D,0
-14.3867,129.7697,349.7,1.2,1.1,2014-05-28,0454,Aqua,MODIS,94,6.2,302.9,67.1,D,0
-16.1233,128.5059,324.2,1.5,1.2,2014-05-28,0454,Aqua,MODIS,71,6.2,307.1,18.9,D,0
-16.3212,124.9839,322.4,2.7,1.6,2014-05-28,0454,Aqua,MODIS,40,6.2,305.4,42.8,D,0
-16.1313,127.5785,331.3,1.7,1.3,2014-05-28,0454,Aqua,MODIS,81,6.2,309,36.7,D,0
-15.6021,125.2327,316.6,2.5,1.5,2014-05-28,0454,Aqua,MODIS,49,6.2,301.6,25.7,D,0
-15.6079,125.2524,317.4,2.5,1.5,2014-05-28,0454,Aqua,MODIS,53,6.2,302.5,27.6,D,0
-16.3325,125.0122,323.3,2.7,1.6,2014-05-28,0454,Aqua,MODIS,59,6.2,302.6,46.7,D,0
-16.3355,124.9855,327.4,2.7,1.6,2014-05-28,0454,Aqua,MODIS,76,6.2,302.9,67.8,D,0
-16.3239,124.9895,340.2,2.7,1.6,2014-05-28,0454,Aqua,MODIS,89,6.2,305.2,146.4,D,0
-13.9088,129.9885,325.9,1.1,1.1,2014-05-28,0454,Aqua,MODIS,70,6.2,306.4,17,D,0
-14.191,130.3277,327.7,1.1,1,2014-05-28,0454,Aqua,MODIS,49,6.2,306.5,16,D,0
-14.1802,130.3365,335,1.1,1,2014-05-28,0454,Aqua,MODIS,80,6.2,310.5,25.4,D,0
-13.9074,129.999,323.6,1.1,1.1,2014-05-28,0454,Aqua,MODIS,57,6.2,305.1,14.1,D,0
-14.1708,130.3351,331.4,1.1,1,2014-05-28,0454,Aqua,MODIS,62,6.2,309,17.5,D,0
-13.917,129.9522,332.3,1.1,1.1,2014-05-28,0454,Aqua,MODIS,81,6.2,307.2,26.8,D,0
-16.831,125.1595,328.8,2.7,1.6,2014-05-28,0454,Aqua,MODIS,78,6.2,305,71.1,D,0
-16.1213,128.5,326.1,1.5,1.2,2014-05-28,0454,Aqua,MODIS,74,6.2,307.3,21.3,D,0
-16.125,128.4917,320.4,1.5,1.2,2014-05-28,0454,Aqua,MODIS,58,6.2,307.5,11.2,D,0
-16.1744,127.9844,323.8,1.6,1.3,2014-05-28,0454,Aqua,MODIS,65,6.2,308.1,20.4,D,0
-16.8196,125.1318,319.1,2.7,1.6,2014-05-28,0454,Aqua,MODIS,35,6.2,306.1,27.2,D,0
-16.8054,125.1296,320.6,2.7,1.6,2014-05-28,0454,Aqua,MODIS,62,6.2,304.6,33.7,D,0
-16.3211,125.0163,321.5,2.7,1.6,2014-05-28,0454,Aqua,MODIS,43,6.2,303.1,37.9,D,0
-16.3112,127.5978,337.5,1.7,1.3,2014-05-28,0454,Aqua,MODIS,86,6.2,306.1,65.9,D,0
-15.1213,125.0433,318.4,2.6,1.5,2014-05-28,0454,Aqua,MODIS,33,6.2,299.9,29.5,D,0
-15.0097,127.3372,321.1,1.7,1.3,2014-05-28,0454,Aqua,MODIS,55,6.2,306.2,12.8,D,0
-15.0078,127.3536,330.4,1.7,1.3,2014-05-28,0454,Aqua,MODIS,80,6.2,308.4,35.4,D,0
-15.0155,127.3873,322.2,1.7,1.3,2014-05-28,0454,Aqua,MODIS,51,6.2,307.6,16.3,D,0
-16.5397,127.9785,339,1.6,1.3,2014-05-28,0454,Aqua,MODIS,87,6.2,307.5,57.6,D,0
-16.5415,127.9635,329.9,1.6,1.3,2014-05-28,0454,Aqua,MODIS,65,6.2,308.2,32.6,D,0
-16.5399,127.9887,325.8,1.6,1.3,2014-05-28,0454,Aqua,MODIS,55,6.2,308.7,19.9,D,0
-16.5418,127.9734,336.9,1.6,1.3,2014-05-28,0454,Aqua,MODIS,86,6.2,307.9,52.3,D,0
-14.5638,127.8148,320.6,1.6,1.2,2014-05-28,0454,Aqua,MODIS,37,6.2,304.8,13.6,D,0
-14.5621,127.8292,322.2,1.6,1.2,2014-05-28,0454,Aqua,MODIS,52,6.2,305.7,16.5,D,0
-14.5768,127.8015,330.9,1.6,1.2,2014-05-28,0454,Aqua,MODIS,82,6.2,303.1,36,D,0
-14.575,127.8162,348.2,1.6,1.2,2014-05-28,0454,Aqua,MODIS,94,6.2,306,91.6,D,0
-14.5732,127.8308,341.6,1.6,1.2,2014-05-28,0454,Aqua,MODIS,90,6.2,306.7,67.5,D,0
-15.103,127.8848,326.8,1.6,1.2,2014-05-28,0454,Aqua,MODIS,58,6.2,307.1,18.3,D,0
-15.1024,127.8899,325.8,1.6,1.2,2014-05-28,0454,Aqua,MODIS,67,6.2,306.5,16.8,D,0
-14.9127,131.8893,323.7,1,1,2014-05-28,0454,Aqua,MODIS,66,6.2,308.2,9.5,D,0
-15.2119,126.5114,321.9,2,1.4,2014-05-28,0454,Aqua,MODIS,68,6.2,304,29.6,D,0
-16.4869,127.0336,325.9,1.9,1.4,2014-05-28,0454,Aqua,MODIS,70,6.2,306.1,29.7,D,0
-16.48,127.0195,324.5,1.9,1.4,2014-05-28,0454,Aqua,MODIS,62,6.2,306.7,26.9,D,0
-16.478,127.0375,322.8,1.9,1.4,2014-05-28,0454,Aqua,MODIS,60,6.2,309.1,21.1,D,0
-16.1668,126.9018,333,1.9,1.4,2014-05-28,0454,Aqua,MODIS,64,6.2,308.6,50.5,D,0
-16.1689,126.8839,345.5,1.9,1.4,2014-05-28,0454,Aqua,MODIS,92,6.2,307.2,107.1,D,0
-16.1567,126.8821,352.6,1.9,1.4,2014-05-28,0454,Aqua,MODIS,96,6.2,311.1,142.4,D,0
-16.1588,126.8637,327.6,2,1.4,2014-05-28,0454,Aqua,MODIS,37,6.2,306.1,33.1,D,0
-16.1424,126.898,328.5,1.9,1.4,2014-05-28,0454,Aqua,MODIS,74,6.2,309.6,29.6,D,0
-16.1445,126.88,341.3,1.9,1.4,2014-05-28,0454,Aqua,MODIS,89,6.2,310,82.5,D,0
-16.1396,126.8925,331.3,1.9,1.4,2014-05-28,0454,Aqua,MODIS,71,6.2,309.4,37.4,D,0
-13.9775,130.3367,359.2,1.1,1,2014-05-28,0454,Aqua,MODIS,99,6.2,311.3,81,D,0
-14.0105,131.8346,328.3,1,1,2014-05-28,0454,Aqua,MODIS,70,6.2,310.4,11.5,D,0
-14.0118,131.8254,327.1,1,1,2014-05-28,0454,Aqua,MODIS,59,6.2,310.8,10.1,D,0
-14.0106,131.7684,346.4,1,1,2014-05-28,0454,Aqua,MODIS,92,6.2,310.6,35.2,D,0
-14.0119,131.7592,348.5,1,1,2014-05-28,0454,Aqua,MODIS,93,6.2,309.7,39,D,0
-14.0016,131.7671,335.9,1,1,2014-05-28,0454,Aqua,MODIS,68,6.2,310.3,18,D,0
-14.0029,131.7578,342.5,1,1,2014-05-28,0454,Aqua,MODIS,89,6.2,308.8,27.7,D,0
-13.9849,131.7552,340,1,1,2014-05-28,0454,Aqua,MODIS,75,6.2,307.4,26.6,D,0
-14.006,131.4726,330.5,1,1,2014-05-28,0454,Aqua,MODIS,78,6.2,308.7,18.8,D,0
-16.6005,126.7621,322.8,2,1.4,2014-05-28,0454,Aqua,MODIS,45,6.2,306.9,23.5,D,0
-16.6026,126.7434,353.6,2,1.4,2014-05-28,0454,Aqua,MODIS,96,6.2,308.9,163.7,D,0
-16.6047,126.7243,332.1,2,1.4,2014-05-28,0454,Aqua,MODIS,81,6.2,307,55.7,D,0
-16.5984,126.7551,329.2,2,1.4,2014-05-28,0454,Aqua,MODIS,78,6.2,307.5,44.2,D,0
-16.6006,126.7363,356.3,2,1.4,2014-05-28,0454,Aqua,MODIS,98,6.2,309.7,182.6,D,0
-14.9744,127.9959,319.8,1.6,1.2,2014-05-28,0454,Aqua,MODIS,62,6.2,305,12.7,D,0
-14.568,127.8732,322.6,1.6,1.2,2014-05-28,0454,Aqua,MODIS,72,6.2,305.9,18.7,D,0
-16.6678,126.0508,325.1,2.3,1.5,2014-05-28,0454,Aqua,MODIS,73,6.2,305.2,38.7,D,0
-16.6648,126.0572,326.9,2.3,1.5,2014-05-28,0454,Aqua,MODIS,75,6.2,305.8,44.3,D,0
-14.3158,132.6556,322.6,1,1,2014-05-28,0454,Aqua,MODIS,61,6.2,308.6,7.2,D,0
-14.3171,132.6464,324.1,1,1,2014-05-28,0454,Aqua,MODIS,68,6.2,307.7,8.9,D,0
-14.3081,132.645,329.6,1,1,2014-05-28,0454,Aqua,MODIS,77,6.2,307.6,15,D,0
-16.0699,126.2793,321.5,2.2,1.4,2014-05-28,0454,Aqua,MODIS,59,6.2,305.6,26.4,D,0
-16.6186,126.9339,333.7,2,1.4,2014-05-28,0454,Aqua,MODIS,78,6.2,308.6,57.9,D,0
-16.6165,126.9523,333.3,2,1.4,2014-05-28,0454,Aqua,MODIS,81,6.2,309.8,55.1,D,0
-15.1241,125.018,328.3,2.6,1.6,2014-05-28,0454,Aqua,MODIS,0,6.2,298.7,72.4,D,0
-13.9184,129.9416,318.7,1.1,1.1,2014-05-28,0454,Aqua,MODIS,35,6.2,305.9,9,D,0
-16.472,127.1974,326.6,1.9,1.3,2014-05-28,0454,Aqua,MODIS,46,6.2,306.8,28.5,D,0
-16.6924,127.5548,321.8,1.8,1.3,2014-05-28,0454,Aqua,MODIS,66,6.2,308.3,16.7,D,0
-15.2296,126.8137,362.6,1.9,1.3,2014-05-28,0454,Aqua,MODIS,100,6.2,309.6,210.3,D,0
-15.2316,126.796,330.8,1.9,1.4,2014-05-28,0454,Aqua,MODIS,81,6.2,304.6,46.7,D,0
-15.2383,126.8099,328.5,1.9,1.3,2014-05-28,0454,Aqua,MODIS,78,6.2,306.4,36.3,D,0
-15.224,126.8259,325.5,1.9,1.3,2014-05-28,0454,Aqua,MODIS,70,6.2,306.8,28.7,D,0
-15.2261,126.8082,357.2,1.9,1.3,2014-05-28,0454,Aqua,MODIS,98,6.2,308.4,172.1,D,0
-15.2276,126.8314,319.7,1.9,1.3,2014-05-28,0454,Aqua,MODIS,46,6.2,306.4,14.7,D,0
-16.47,127.2146,328.6,1.9,1.3,2014-05-28,0454,Aqua,MODIS,49,6.2,310.6,32.2,D,0
-14.9807,127.4096,322.6,1.7,1.3,2014-05-28,0454,Aqua,MODIS,52,6.2,308.8,15,D,0
-13.0772,130.2085,328.1,1.1,1,2014-05-28,0455,Aqua,MODIS,69,6.2,303.6,18.6,D,0
-13.0807,130.4624,330.6,1.1,1,2014-05-28,0455,Aqua,MODIS,43,6.2,305.2,19.1,D,0
-13.0973,130.2011,321,1.1,1,2014-05-28,0455,Aqua,MODIS,61,6.2,301.1,12.5,D,0
-13.096,130.2112,337.6,1.1,1,2014-05-28,0455,Aqua,MODIS,87,6.2,304.1,36.3,D,0
-13.1006,130.4552,334.8,1.1,1,2014-05-28,0455,Aqua,MODIS,73,6.2,302.3,28.3,D,0
-13.0852,130.2199,329.8,1.1,1,2014-05-28,0455,Aqua,MODIS,79,6.2,302.8,21.9,D,0
-13.365,132.5554,333,1,1,2014-05-28,0455,Aqua,MODIS,78,6.2,308.1,21.2,D,0
-13.356,132.554,336.9,1,1,2014-05-28,0455,Aqua,MODIS,85,6.2,308.4,26.2,D,0
-13.1571,132.5303,324.4,1,1,2014-05-28,0455,Aqua,MODIS,33,6.2,304.8,10,D,0
-13.5419,131.8934,326.6,1,1,2014-05-28,0455,Aqua,MODIS,73,6.2,307.4,11.9,D,0
-13.267,133.1672,316.9,1,1,2014-05-28,0455,Aqua,MODIS,31,6.2,302.8,5.5,D,0
-13.0033,131.0881,369,1,1,2014-05-28,0455,Aqua,MODIS,100,6.2,306.8,107.4,D,0
-13.3573,132.5448,334.6,1,1,2014-05-28,0455,Aqua,MODIS,81,6.2,306.3,23.4,D,0
-13.5462,131.7339,326.7,1,1,2014-05-28,0455,Aqua,MODIS,69,6.2,308.7,11.7,D,0
-13.192,132.4793,322.9,1,1,2014-05-28,0455,Aqua,MODIS,63,6.2,306,9,D,0
-13.4472,131.3274,324.4,1,1,2014-05-28,0455,Aqua,MODIS,54,6.2,310.4,8.8,D,0
-13.5708,130.6998,331.6,1.1,1,2014-05-28,0455,Aqua,MODIS,81,6.2,306.8,19.1,D,0
-13.2602,133.2144,351.3,1,1,2014-05-28,0455,Aqua,MODIS,95,6.2,307.6,56.3,D,0
-13.2913,133.2444,323.9,1,1,2014-05-28,0455,Aqua,MODIS,58,6.2,305.6,10.1,D,0
-13.3143,133.1514,326.8,1,1,2014-05-28,0455,Aqua,MODIS,75,6.2,303.5,15.8,D,0
-13.3116,133.1702,344.8,1,1,2014-05-28,0455,Aqua,MODIS,91,6.2,307.1,42.4,D,0
-13.4523,132.5839,322.6,1,1,2014-05-28,0455,Aqua,MODIS,51,6.2,303.1,10.3,D,0
-13.451,132.5931,328.6,1,1,2014-05-28,0455,Aqua,MODIS,58,6.2,306,16.9,D,0
-13.461,132.5919,325.1,1,1,2014-05-28,0455,Aqua,MODIS,54,6.2,305.1,11.5,D,0
-13.4597,132.6012,322.2,1,1,2014-05-28,0455,Aqua,MODIS,49,6.2,304.7,8.4,D,0
-13.2857,133.2821,333,1,1,2014-05-28,0455,Aqua,MODIS,82,6.2,305.2,20.8,D,0
-13.2679,133.2253,325.2,1,1,2014-05-28,0455,Aqua,MODIS,45,6.2,305.9,11.2,D,0
-13.267,130.6964,324,1.1,1,2014-05-28,0455,Aqua,MODIS,57,6.2,309.9,9.1,D,0
-12.5786,132.8396,328.4,1,1,2014-05-28,0455,Aqua,MODIS,65,6.2,304.3,15.2,D,0
-12.58,132.8303,341.3,1,1,2014-05-28,0455,Aqua,MODIS,89,6.2,305.6,33.9,D,0
-12.5813,132.821,332.8,1,1,2014-05-28,0455,Aqua,MODIS,59,6.2,305.2,19.4,D,0
-13.5128,131.6439,324,1,1,2014-05-28,0455,Aqua,MODIS,70,6.2,307.8,10.5,D,0
-13.2735,132.8059,333.5,1,1,2014-05-28,0455,Aqua,MODIS,82,6.2,307.5,22.7,D,0
-13.3087,132.4998,322.6,1,1,2014-05-28,0455,Aqua,MODIS,31,6.2,306.6,6.6,D,0
-12.7625,132.5866,320.2,1,1,2014-05-28,0455,Aqua,MODIS,54,6.2,303.1,9.2,D,0
-13.1548,132.7375,324.1,1,1,2014-05-28,0455,Aqua,MODIS,67,6.2,306.8,11.4,D,0
-13.2537,132.4942,318.6,1,1,2014-05-28,0455,Aqua,MODIS,37,6.2,305.6,5.4,D,0
-13.2563,132.4758,328.6,1,1,2014-05-28,0455,Aqua,MODIS,76,6.2,306.6,15.2,D,0
-13.2511,133.213,330.9,1,1,2014-05-28,0455,Aqua,MODIS,70,6.2,306.4,19.7,D,0
-13.1534,132.7468,321.4,1,1,2014-05-28,0455,Aqua,MODIS,49,6.2,308,8.5,D,0
-13.3177,132.5012,325.8,1,1,2014-05-28,0455,Aqua,MODIS,73,6.2,307,10.8,D,0
-13.313,133.1608,349.5,1,1,2014-05-28,0455,Aqua,MODIS,94,6.2,307.6,52.7,D,0
-13.3892,132.8292,319.2,1,1,2014-05-28,0455,Aqua,MODIS,52,6.2,306.5,6.6,D,0
-12.6296,132.8627,319,1,1,2014-05-28,0455,Aqua,MODIS,59,6.2,304.1,6.5,D,0
-13.1622,132.7442,342.3,1,1,2014-05-28,0455,Aqua,MODIS,89,6.2,307.8,35.2,D,0
-13.1635,132.735,321.9,1,1,2014-05-28,0455,Aqua,MODIS,51,6.2,306.5,7.6,D,0
-12.6206,132.8612,334.1,1,1,2014-05-28,0455,Aqua,MODIS,84,6.2,305.7,24,D,0
-12.589,132.8317,319.9,1,1,2014-05-28,0455,Aqua,MODIS,38,6.2,304.3,6.4,D,0
-12.5904,132.8224,328.7,1,1,2014-05-28,0455,Aqua,MODIS,71,6.2,302.2,15.4,D,0
-12.9801,132.4816,326.2,1,1,2014-05-28,0455,Aqua,MODIS,73,6.2,304.9,15.1,D,0
-13.2607,133.147,328.2,1,1,2014-05-28,0455,Aqua,MODIS,77,6.2,304.5,17.8,D,0
-13.406,132.5862,331.2,1,1,2014-05-28,0455,Aqua,MODIS,80,6.2,304.8,20.5,D,0
-13.4636,130.8754,330.5,1,1,2014-05-28,0455,Aqua,MODIS,67,6.2,308.8,16.9,D,0
-12.9891,132.483,325.3,1,1,2014-05-28,0455,Aqua,MODIS,71,6.2,305,14.2,D,0
-13.2588,133.2238,333.9,1,1,2014-05-28,0455,Aqua,MODIS,81,6.2,307.9,22.8,D,0
-12.7805,132.5893,327.7,1,1,2014-05-28,0455,Aqua,MODIS,56,6.2,305.2,14.7,D,0
-12.7715,132.588,327.5,1,1,2014-05-28,0455,Aqua,MODIS,63,6.2,305.2,15.2,D,0
-13.3454,132.6278,319.6,1,1,2014-05-28,0455,Aqua,MODIS,51,6.2,304.6,8.1,D,0
-13.414,132.5309,331.9,1,1,2014-05-28,0455,Aqua,MODIS,81,6.2,305.9,21.8,D,0
-12.6545,133.8094,328.1,1.1,1,2014-05-28,0455,Aqua,MODIS,56,6.2,305.7,16.3,D,0
-12.653,133.8192,324.2,1.1,1,2014-05-28,0455,Aqua,MODIS,38,6.2,305.1,11.3,D,0
-12.6575,133.7895,319.2,1.1,1,2014-05-28,0455,Aqua,MODIS,54,6.2,304,7.4,D,0
-12.8286,133.5822,320.8,1.1,1,2014-05-28,0455,Aqua,MODIS,57,6.2,306.6,8.1,D,0
-12.6971,133.9076,318.5,1.1,1,2014-05-28,0455,Aqua,MODIS,44,6.2,306.2,6.5,D,0
-12.3271,133.047,324.2,1,1,2014-05-28,0455,Aqua,MODIS,65,6.2,308.7,13.2,D,0
-13.2752,133.2903,326,1,1,2014-05-28,0455,Aqua,MODIS,74,6.2,306.6,12.6,D,0
-13.2246,133.3934,326.2,1,1,2014-05-28,0455,Aqua,MODIS,74,6.2,305,13.8,D,0
-13.0019,131.0975,320.7,1,1,2014-05-28,0455,Aqua,MODIS,57,6.2,304.7,8.2,D,0
-11.6593,131.2969,311.1,1,1,2014-05-28,0455,Aqua,MODIS,31,6.2,300.2,4,D,0
-13.2843,133.2917,329.7,1,1,2014-05-28,0455,Aqua,MODIS,77,6.2,305.6,15.6,D,0
-12.7119,133.9168,321.9,1.1,1,2014-05-28,0455,Aqua,MODIS,58,6.2,304.7,10.6,D,0
-13.2337,133.3948,324.1,1,1,2014-05-28,0455,Aqua,MODIS,72,6.2,305.8,11.6,D,0
-12.656,133.7993,364.5,1.1,1,2014-05-28,0455,Aqua,MODIS,100,6.2,307.5,98.3,D,0
-12.4271,133.6144,338.8,1.1,1,2014-05-28,0455,Aqua,MODIS,88,6.2,308.6,32.6,D,0
-12.2483,133.3264,321.5,1.1,1,2014-05-28,0455,Aqua,MODIS,69,6.2,307.9,8.2,D,0
-12.5806,133.5145,318.9,1.1,1,2014-05-28,0455,Aqua,MODIS,55,6.2,306.2,6.1,D,0
-12.6192,132.8706,317.6,1,1,2014-05-28,0455,Aqua,MODIS,38,6.2,304.5,5.3,D,0
-12.5542,132.8168,332.8,1,1,2014-05-28,0455,Aqua,MODIS,83,6.2,303.9,21,D,0
-12.8029,133.628,316.9,1.1,1,2014-05-28,0455,Aqua,MODIS,54,6.2,305,6,D,0
-13.0655,133.5877,319.8,1.1,1,2014-05-28,0455,Aqua,MODIS,63,6.2,307,7,D,0
-13.0784,133.5009,323.1,1.1,1,2014-05-28,0455,Aqua,MODIS,70,6.2,307.7,9.9,D,0
-12.9942,131.0868,320.8,1,1,2014-05-28,0455,Aqua,MODIS,48,6.2,304.1,8.4,D,0
-13.2354,131.063,338.9,1,1,2014-05-28,0455,Aqua,MODIS,87,6.2,306.7,29.2,D,0
-12.4916,133.7308,326.7,1.1,1,2014-05-28,0455,Aqua,MODIS,77,6.2,305.6,16.8,D,0
-12.5646,132.8089,347.2,1,1,2014-05-28,0455,Aqua,MODIS,93,6.2,304.6,45.3,D,0
-13.2419,131.0833,328.3,1,1,2014-05-28,0455,Aqua,MODIS,61,6.2,310.2,13.8,D,0
-12.435,133.6256,327.9,1.1,1,2014-05-28,0455,Aqua,MODIS,72,6.2,307.1,15.4,D,0
-12.5555,132.8075,335.6,1,1,2014-05-28,0455,Aqua,MODIS,81,6.2,304.3,24.9,D,0
-13.225,131.0712,326.6,1,1,2014-05-28,0455,Aqua,MODIS,35,6.2,308.8,10.8,D,0
-13.0799,133.4914,324.4,1.1,1,2014-05-28,0455,Aqua,MODIS,72,6.2,306.8,11.3,D,0
-12.8016,130.8143,323.1,1,1,2014-05-28,0455,Aqua,MODIS,72,6.2,306,10.1,D,0
-13.2242,130.754,320.9,1.1,1,2014-05-28,0455,Aqua,MODIS,60,6.2,305.5,7.6,D,0
-12.2511,133.2517,338.9,1,1,2014-05-28,0455,Aqua,MODIS,88,6.2,308.1,32.8,D,0
-12.9666,130.6875,323.4,1.1,1,2014-05-28,0455,Aqua,MODIS,71,6.2,304.5,10.9,D,0
-12.5528,132.8261,322.5,1,1,2014-05-28,0455,Aqua,MODIS,50,6.2,303.3,8.9,D,0
-12.3223,133.4424,335.4,1.1,1,2014-05-28,0455,Aqua,MODIS,85,6.2,308.2,25.9,D,0
-12.2497,133.2612,330.9,1,1,2014-05-28,0455,Aqua,MODIS,81,6.2,307.5,20.1,D,0
-12.5736,132.8103,346,1,1,2014-05-28,0455,Aqua,MODIS,92,6.2,305.2,42.3,D,0
-13.1389,131.0336,321.9,1,1,2014-05-28,0455,Aqua,MODIS,58,6.2,309.1,8,D,0
-12.3574,133.5873,320.9,1.1,1,2014-05-28,0455,Aqua,MODIS,67,6.2,307.1,9.6,D,0
-13.1088,133.486,324.9,1,1,2014-05-28,0455,Aqua,MODIS,73,6.2,307.3,11.7,D,0
-12.9255,132.6051,322,1,1,2014-05-28,0455,Aqua,MODIS,64,6.2,307.2,8.9,D,0
-12.584,132.8024,327.9,1,1,2014-05-28,0455,Aqua,MODIS,56,6.2,301.8,15.8,D,0
-13.2341,131.0725,370.4,1,1,2014-05-28,0455,Aqua,MODIS,100,6.2,311.3,108.7,D,0
-12.5827,132.8116,335.5,1,1,2014-05-28,0455,Aqua,MODIS,76,6.2,303.9,24.8,D,0
-12.4849,133.6491,327.6,1.1,1,2014-05-28,0455,Aqua,MODIS,78,6.2,305.7,17.8,D,0
-12.7145,131.3759,322,1,1,2014-05-28,0455,Aqua,MODIS,70,6.2,305.2,9.7,D,0
-12.4931,133.7209,321.1,1.1,1,2014-05-28,0455,Aqua,MODIS,68,6.2,306.1,10.1,D,0
-12.5596,132.7796,321.5,1,1,2014-05-28,0455,Aqua,MODIS,43,6.2,300.3,9.3,D,0
-13.2432,131.0739,349.4,1,1,2014-05-28,0455,Aqua,MODIS,94,6.2,311.1,50.3,D,0
-12.3026,133.5325,321.5,1.1,1,2014-05-28,0455,Aqua,MODIS,68,6.2,305.4,10.3,D,0
-12.5917,132.813,332.1,1,1,2014-05-28,0455,Aqua,MODIS,82,6.2,300.7,20.9,D,0
-12.4864,133.6393,318.5,1.1,1,2014-05-28,0455,Aqua,MODIS,60,6.2,304.2,6.9,D,0
-12.3209,133.452,335,1.1,1,2014-05-28,0455,Aqua,MODIS,85,6.2,309.6,25.3,D,0
-12.5632,132.8182,348.1,1,1,2014-05-28,0455,Aqua,MODIS,94,6.2,304.8,46.4,D,0
-13.1232,131.0795,333.2,1,1,2014-05-28,0455,Aqua,MODIS,82,6.2,306.6,22.7,D,0
-13.1155,131.0718,324.7,1,1,2014-05-28,0455,Aqua,MODIS,68,6.2,309,11.1,D,0
-12.4257,133.6242,328.8,1.1,1,2014-05-28,0455,Aqua,MODIS,79,6.2,310.7,17.1,D,0
-13.2074,130.533,326.8,1.1,1,2014-05-28,0455,Aqua,MODIS,35,6.2,307,17.4,D,0
-13.2166,130.5343,336.1,1.1,1,2014-05-28,0455,Aqua,MODIS,73,6.2,307.2,28.9,D,0
-13.0992,130.4651,335.5,1.1,1,2014-05-28,0455,Aqua,MODIS,44,6.2,306.6,27.3,D,0
-13.0793,130.4722,335.5,1.1,1,2014-05-28,0455,Aqua,MODIS,74,6.2,304.3,25.8,D,0
-13.0832,130.5128,332,1.1,1,2014-05-28,0455,Aqua,MODIS,81,6.2,309.5,18.9,D,0
-13.0818,130.5226,329,1.1,1,2014-05-28,0455,Aqua,MODIS,73,6.2,307.5,14.3,D,0
-13.2153,130.5442,331.2,1.1,1,2014-05-28,0455,Aqua,MODIS,37,6.2,307.7,20.5,D,0
-33.6656,122.2219,308.2,2.9,1.6,2014-05-28,0627,Aqua,MODIS,67,6.2,286.3,42,D,0
-22.5818,117.4858,320.9,2.6,1.5,2014-05-28,0631,Aqua,MODIS,72,6.2,302.2,42.2,D,0
-22.5898,117.4797,324.2,2.6,1.5,2014-05-28,0631,Aqua,MODIS,77,6.2,302.6,59.6,D,0
-31.7796,150.7701,308.3,1.2,1.1,2014-05-28,1236,Terra,MODIS,74,6.2,281.8,14.8,N,0
-31.1305,148.9325,321.4,1.4,1.2,2014-05-28,1236,Terra,MODIS,100,6.2,283.4,37,N,0
-27.8886,153.1802,300.8,1,1,2014-05-28,1237,Terra,MODIS,33,6.2,289.7,4.4,N,0
-28.0239,153.2019,300.6,1,1,2014-05-28,1237,Terra,MODIS,30,6.2,287.8,5.4,N,0
-27.4077,152.76,300.4,1,1,2014-05-28,1237,Terra,MODIS,5,6.2,290,3.6,N,0
-27.8716,151.0813,306.5,1,1,2014-05-28,1237,Terra,MODIS,68,6.2,285.8,10.2,N,0
-28.6851,150.7304,325.9,1.1,1,2014-05-28,1237,Terra,MODIS,100,6.2,286.6,29.8,N,0
-28.8029,150.0229,311.3,1.2,1.1,2014-05-28,1237,Terra,MODIS,82,6.2,284.1,16.4,N,0
-28.8126,150.0245,300.6,1.2,1.1,2014-05-28,1237,Terra,MODIS,31,6.2,283.4,8.4,N,0
-24.584,151.9397,321,1,1,2014-05-28,1238,Terra,MODIS,100,6.2,287.9,20.7,N,0
-24.5855,151.9299,306.9,1,1,2014-05-28,1238,Terra,MODIS,70,6.2,287.6,9.3,N,0
-25.2853,149.1345,306.9,1.2,1.1,2014-05-28,1238,Terra,MODIS,69,6.2,287.7,11.4,N,0
-25.2868,149.123,300.6,1.2,1.1,2014-05-28,1238,Terra,MODIS,9,6.2,287.1,6.9,N,0
-25.8922,152.8102,306.4,1,1,2014-05-28,1238,Terra,MODIS,68,6.2,287.5,9.6,N,0
-24.7231,151.8694,323.4,1,1,2014-05-28,1238,Terra,MODIS,100,6.2,287.9,22.9,N,0
-24.7653,152.0854,310.4,1,1,2014-05-28,1238,Terra,MODIS,80,6.2,287.5,11.8,N,0
-22.9474,150.2535,312,1,1,2014-05-28,1238,Terra,MODIS,84,6.2,289.2,12.3,N,0
-22.9382,150.252,303.3,1,1,2014-05-28,1238,Terra,MODIS,55,6.2,289,6.8,N,0
-12.427,141.9149,302.9,2.4,1.5,2014-05-28,1242,Terra,MODIS,52,6.2,288.6,14.8,N,0
-20.427,123.9054,301.7,1.1,1,2014-05-28,1418,Terra,MODIS,44,6.2,288.5,6.8,N,0
-16.4811,127.0275,303.3,1.1,1,2014-05-28,1419,Terra,MODIS,54,6.2,293.3,5.7,N,0
-15.1154,125.063,323.1,1,1,2014-05-28,1419,Terra,MODIS,100,6.2,295.6,17.9,N,0
-16.4764,124.6086,312,1,1,2014-05-28,1419,Terra,MODIS,84,6.2,296.4,9.4,N,0
-16.5994,126.9181,312.1,1.1,1,2014-05-28,1419,Terra,MODIS,84,6.2,292.7,12.3,N,0
-15.1078,125.0523,309.2,1,1,2014-05-28,1419,Terra,MODIS,20,6.2,293.9,5.7,N,0
-15.1091,125.0431,307.7,1,1,2014-05-28,1419,Terra,MODIS,44,6.2,293.7,5.2,N,0
-15.1065,125.0616,310.5,1,1,2014-05-28,1419,Terra,MODIS,38,6.2,294,6.7,N,0
-15.7214,125.8293,303.4,1,1,2014-05-28,1419,Terra,MODIS,18,6.2,287.6,6.6,N,0
-15.7123,125.8279,315.6,1,1,2014-05-28,1419,Terra,MODIS,92,6.2,287.6,14.7,N,0
-18.9175,121.6741,300.4,1.4,1.2,2014-05-28,1419,Terra,MODIS,15,6.2,290.2,6.9,N,0
-18.9191,121.6608,313.7,1.4,1.2,2014-05-28,1419,Terra,MODIS,88,6.2,290.3,21.5,N,0
-18.9234,121.6692,301.3,1.4,1.2,2014-05-28,1419,Terra,MODIS,35,6.2,289.4,7.7,N,0
-18.9129,121.6678,301.9,1.4,1.2,2014-05-28,1419,Terra,MODIS,39,6.2,290.6,8.1,N,0
-18.9145,121.6545,310.5,1.4,1.2,2014-05-28,1419,Terra,MODIS,80,6.2,290.4,17.5,N,0
-15.9786,124.7491,304.4,1,1,2014-05-28,1419,Terra,MODIS,18,6.2,293.2,3.7,N,0
-15.9696,124.7477,309.8,1,1,2014-05-28,1419,Terra,MODIS,73,6.2,294.1,7.3,N,0
-15.9709,124.7384,310.6,1,1,2014-05-28,1419,Terra,MODIS,81,6.2,296,7.6,N,0
-15.1122,125.0698,311.1,1.5,1.2,2014-05-28,1724,Aqua,MODIS,82,6.2,293.6,16,N,0
-20.4265,123.8996,303.2,1.5,1.2,2014-05-28,1725,Aqua,MODIS,54,6.2,286.9,12.9,N,0
-20.4252,123.9068,311.5,1.5,1.2,2014-05-28,1725,Aqua,MODIS,83,6.2,286.3,21.5,N,0
-20.4281,123.9139,305.9,1.5,1.2,2014-05-28,1725,Aqua,MODIS,66,6.2,286,16.3,N,0
-18.9094,121.6556,308.2,1.1,1,2014-05-28,1725,Aqua,MODIS,74,6.2,289.5,10,N,0
-18.9108,121.6658,313,1.1,1,2014-05-28,1725,Aqua,MODIS,86,6.2,289.5,13.8,N,0
-18.9202,121.6644,302.6,1.1,1,2014-05-28,1725,Aqua,MODIS,48,6.2,288.4,6.3,N,0
-18.9216,121.6747,304.9,1.1,1,2014-05-28,1725,Aqua,MODIS,62,6.2,288.4,7.8,N,0
-28.6861,150.7349,321,2.5,1.5,2014-05-28,2336,Terra,MODIS,81,6.2,292.2,67.7,D,0
-28.0692,151.5479,302,2.3,1.5,2014-05-28,2336,Terra,MODIS,39,6.2,291.2,12.1,D,0
-13.4742,132.7135,312.3,1.7,1.3,2014-05-29,0110,Terra,MODIS,42,6.2,299.1,9.5,D,0
-13.2381,133.1707,322.8,1.6,1.3,2014-05-29,0110,Terra,MODIS,74,6.2,299.4,27.7,D,0
-13.79,130.9185,321.1,2.3,1.5,2014-05-29,0110,Terra,MODIS,71,6.2,299.4,36.8,D,0
-13.442,132.7352,311.9,1.7,1.3,2014-05-29,0110,Terra,MODIS,34,6.2,299.2,9.2,D,0
-13.441,132.8,319.3,1.7,1.3,2014-05-29,0110,Terra,MODIS,69,6.2,301.1,18.5,D,0
-13.4447,132.7508,316.3,1.7,1.3,2014-05-29,0110,Terra,MODIS,59,6.2,300.5,15.8,D,0
-13.7863,130.8969,327.4,2.4,1.5,2014-05-29,0110,Terra,MODIS,79,6.2,300,61.1,D,0
-13.2122,132.5352,313.4,1.8,1.3,2014-05-29,0110,Terra,MODIS,36,6.2,299.5,10.8,D,0
-13.2406,133.1858,330.8,1.6,1.3,2014-05-29,0110,Terra,MODIS,83,6.2,300.8,46.6,D,0
-13.7812,130.8908,320.7,2.4,1.5,2014-05-29,0110,Terra,MODIS,53,6.2,299.8,30.7,D,0
-13.7825,130.8754,315.8,2.4,1.5,2014-05-29,0110,Terra,MODIS,18,6.2,300.2,18.3,D,0
-13.2585,132.8104,314.7,1.7,1.3,2014-05-29,0110,Terra,MODIS,56,6.2,300.4,12.5,D,0
-13.3218,132.4939,315.9,1.8,1.3,2014-05-29,0110,Terra,MODIS,62,6.2,301.6,14.4,D,0
-13.3017,131.5941,317.3,2.1,1.4,2014-05-29,0110,Terra,MODIS,29,6.2,301.4,19.9,D,0
-13.2831,131.6371,318.2,2.1,1.4,2014-05-29,0110,Terra,MODIS,37,6.2,301.5,19.4,D,0
-13.2833,131.6429,321.3,2.1,1.4,2014-05-29,0110,Terra,MODIS,68,6.2,301.9,28,D,0
-13.7851,130.9124,322.3,2.3,1.5,2014-05-29,0110,Terra,MODIS,65,6.2,299.6,37.2,D,0
-13.9175,130.3146,317.9,2.6,1.5,2014-05-29,0110,Terra,MODIS,62,6.2,299,35,D,0
-13.9313,130.312,314.9,2.6,1.5,2014-05-29,0110,Terra,MODIS,25,6.2,298.4,23.8,D,0
-13.2841,133.3072,323.5,1.6,1.2,2014-05-29,0110,Terra,MODIS,75,6.2,300.2,25.2,D,0
-13.2817,133.2928,325.3,1.6,1.2,2014-05-29,0110,Terra,MODIS,77,6.2,299.8,29,D,0
-13.2823,133.2994,331.3,1.6,1.2,2014-05-29,0110,Terra,MODIS,83,6.2,300.1,44.1,D,0
-12.6814,133.147,318,1.7,1.3,2014-05-29,0110,Terra,MODIS,66,6.2,299.4,16.9,D,0
-12.6789,133.1314,341.4,1.7,1.3,2014-05-29,0110,Terra,MODIS,91,6.2,299.7,79.3,D,0
-12.6967,133.0969,314.8,1.7,1.3,2014-05-29,0110,Terra,MODIS,43,6.2,299.7,10.1,D,0
-12.684,133.1623,316.6,1.7,1.3,2014-05-29,0110,Terra,MODIS,53,6.2,299.5,14.4,D,0
-12.6852,133.0986,315.5,1.7,1.3,2014-05-29,0110,Terra,MODIS,55,6.2,299.2,11.7,D,0
-15.475,141.81,314.7,1.5,1.2,2014-05-29,0110,Terra,MODIS,64,6.2,301,11,D,0
-17.4577,138.3556,318.1,1,1,2014-05-29,0111,Terra,MODIS,65,6.2,301.1,9.3,D,0
-17.4591,138.3654,317.2,1,1,2014-05-29,0111,Terra,MODIS,62,6.2,300.8,8.5,D,0
-17.7651,137.9975,315.2,1,1,2014-05-29,0111,Terra,MODIS,48,6.2,303.4,4.7,D,0
-17.8794,138.0235,316.6,1,1,2014-05-29,0111,Terra,MODIS,58,6.2,304.2,6.3,D,0
-14.6119,132.9113,323.2,1.6,1.2,2014-05-29,0111,Terra,MODIS,73,6.2,301.7,23.1,D,0
-14.6111,132.9054,319,1.6,1.2,2014-05-29,0111,Terra,MODIS,65,6.2,301.6,15.9,D,0
-14.6136,132.9203,316.4,1.6,1.2,2014-05-29,0111,Terra,MODIS,58,6.2,301.5,10.8,D,0
-14.6571,132.9731,317.4,1.6,1.2,2014-05-29,0111,Terra,MODIS,61,6.2,302,11.4,D,0
-17.7196,138.0043,328.5,1,1,2014-05-29,0111,Terra,MODIS,79,6.2,303.8,17.9,D,0
-17.7287,138.003,320.4,1,1,2014-05-29,0111,Terra,MODIS,20,6.2,303.9,8.4,D,0
-17.7119,138.0153,321.7,1,1,2014-05-29,0111,Terra,MODIS,56,6.2,304,10.3,D,0
-17.9488,137.9966,328.6,1,1,2014-05-29,0111,Terra,MODIS,79,6.2,304.5,19.1,D,0
-17.9137,138.0117,316.6,1,1,2014-05-29,0111,Terra,MODIS,41,6.2,303.1,6.2,D,0
-17.9502,138.0063,365.6,1,1,2014-05-29,0111,Terra,MODIS,100,6.2,307.3,97,D,0
-17.9579,137.9952,341.1,1,1,2014-05-29,0111,Terra,MODIS,90,6.2,303.7,38.6,D,0
-17.9593,138.0049,377.2,1,1,2014-05-29,0111,Terra,MODIS,100,6.2,309.2,138.9,D,0
-17.9607,138.0145,330.8,1,1,2014-05-29,0111,Terra,MODIS,81,6.2,304.7,21.8,D,0
-17.967,137.9939,340.7,1,1,2014-05-29,0111,Terra,MODIS,89,6.2,301.1,38.2,D,0
-17.9684,138.0035,390.7,1,1,2014-05-29,0111,Terra,MODIS,100,6.2,306.1,201.5,D,0
-17.9698,138.0131,370.9,1,1,2014-05-29,0111,Terra,MODIS,100,6.2,306.4,115.9,D,0
-17.9712,138.0228,318.6,1,1,2014-05-29,0111,Terra,MODIS,63,6.2,302.6,8.7,D,0
-22.1244,129.5726,300,2,1.4,2014-05-29,0113,Terra,MODIS,21,6.2,277.1,11,D,0
-18.9156,121.6632,310.4,3.7,1.8,2014-05-29,0250,Terra,MODIS,28,6.2,285.3,50.1,D,0
-18.9232,121.6571,310.2,3.7,1.8,2014-05-29,0250,Terra,MODIS,29,6.2,283.3,53.5,D,0
-32.8369,151.2635,301.7,1,1,2014-05-29,0353,Aqua,MODIS,40,6.2,290.6,3.7,D,0
-33.0815,151.0399,307.5,1,1,2014-05-29,0353,Aqua,MODIS,65,6.2,290.7,7.6,D,0
-33.08,151.0506,306.8,1,1,2014-05-29,0353,Aqua,MODIS,64,6.2,291,7.2,D,0
-32.9813,151.718,304.7,1,1,2014-05-29,0353,Aqua,MODIS,42,6.2,291.1,5,D,0
-32.9829,151.7072,304.6,1,1,2014-05-29,0353,Aqua,MODIS,57,6.2,292,4.9,D,0
-33.5994,150.8898,302.8,1,1,2014-05-29,0353,Aqua,MODIS,54,6.2,291.7,4.2,D,0
-31.1475,146.7265,309.1,1.3,1.1,2014-05-29,0354,Aqua,MODIS,65,6.2,295,10.2,D,0
-29.5482,153.3004,305.6,1.2,1.1,2014-05-29,0354,Aqua,MODIS,60,6.2,292.7,6.7,D,0
-31.572,148.8764,304.6,1,1,2014-05-29,0354,Aqua,MODIS,52,6.2,293.5,5.4,D,0
-30.5129,150.1619,310.6,1,1,2014-05-29,0354,Aqua,MODIS,67,6.2,300.3,6,D,0
-29.8049,148.3053,322.4,1.1,1,2014-05-29,0354,Aqua,MODIS,74,6.2,301.7,14.7,D,0
-30.3552,148.9875,314.3,1,1,2014-05-29,0354,Aqua,MODIS,66,6.2,300.9,7.7,D,0
-29.8939,152.6418,304.8,1.1,1.1,2014-05-29,0354,Aqua,MODIS,60,6.2,294.4,5.8,D,0
-30.3538,148.9982,312.9,1,1,2014-05-29,0354,Aqua,MODIS,63,6.2,301.4,6.7,D,0
-29.4815,150.0491,316.1,1,1,2014-05-29,0354,Aqua,MODIS,67,6.2,302.1,8.7,D,0
-29.2833,150.5253,320.7,1,1,2014-05-29,0354,Aqua,MODIS,76,6.2,300.8,12.9,D,0
-30.5269,148.2412,318.9,1.1,1,2014-05-29,0354,Aqua,MODIS,69,6.2,301.9,10.5,D,0
-31.1033,146.9334,316,1.2,1.1,2014-05-29,0354,Aqua,MODIS,71,6.2,293,13.4,D,0
-31.1033,146.941,316.7,1.2,1.1,2014-05-29,0354,Aqua,MODIS,58,6.2,295.2,13.8,D,0
-31.2602,150.5944,315.2,1,1,2014-05-29,0354,Aqua,MODIS,69,6.2,300,9.5,D,0
-31.5849,149.5968,302.7,1,1,2014-05-29,0354,Aqua,MODIS,30,6.2,292.1,3.6,D,0
-30.5377,148.2316,321.7,1.1,1,2014-05-29,0354,Aqua,MODIS,67,6.2,301.2,13.3,D,0
-30.5283,148.23,323.8,1.1,1,2014-05-29,0354,Aqua,MODIS,79,6.2,301.2,15.9,D,0
-31.6094,148.5159,306.1,1.1,1,2014-05-29,0354,Aqua,MODIS,56,6.2,294.5,4.7,D,0
-30.8307,152.7405,317.2,1.1,1.1,2014-05-29,0354,Aqua,MODIS,77,6.2,293.8,16.1,D,0
-30.8212,152.7386,306.2,1.1,1.1,2014-05-29,0354,Aqua,MODIS,24,6.2,294.4,5.8,D,0
-30.3812,151.488,310.6,1,1,2014-05-29,0354,Aqua,MODIS,70,6.2,292.9,8.9,D,0
-30.3003,153.035,301.4,1.2,1.1,2014-05-29,0354,Aqua,MODIS,47,6.2,290.3,4.5,D,0
-31.5495,151.068,321,1,1,2014-05-29,0354,Aqua,MODIS,81,6.2,294.9,18.1,D,0
-25.677,149.7762,316,1,1,2014-05-29,0355,Aqua,MODIS,53,6.2,304.4,6.2,D,0
-26.3726,153.0027,312.5,1.3,1.1,2014-05-29,0355,Aqua,MODIS,58,6.2,295.3,11.8,D,0
-26.365,153.0092,308.8,1.3,1.1,2014-05-29,0355,Aqua,MODIS,0,6.2,294.3,7.3,D,0
-26.8034,150.667,318.3,1,1,2014-05-29,0355,Aqua,MODIS,68,6.2,299,10.4,D,0
-26.7867,150.6529,330.3,1,1,2014-05-29,0355,Aqua,MODIS,84,6.2,298.6,24.4,D,0
-26.7883,150.6425,313.7,1,1,2014-05-29,0355,Aqua,MODIS,29,6.2,298.7,6.3,D,0
-25.504,150.0094,323.5,1,1,2014-05-29,0355,Aqua,MODIS,78,6.2,303.2,14.7,D,0
-25.6953,153.0163,313.7,1.4,1.2,2014-05-29,0355,Aqua,MODIS,64,6.2,294.4,14.4,D,0
-25.6641,153.0097,314.6,1.4,1.2,2014-05-29,0355,Aqua,MODIS,63,6.2,294.1,15.9,D,0
-27.4934,153.4121,306.6,1.4,1.2,2014-05-29,0355,Aqua,MODIS,0,6.2,295.4,6.2,D,0
-25.2435,152.588,310.8,1.3,1.1,2014-05-29,0355,Aqua,MODIS,54,6.2,297.2,9.2,D,0
-26.801,150.2027,313.2,1,1,2014-05-29,0355,Aqua,MODIS,60,6.2,299.1,5.8,D,2
-25.7735,151.3602,313.1,1.1,1.1,2014-05-29,0355,Aqua,MODIS,51,6.2,300.5,7,D,0
-25.764,151.3584,312.8,1.1,1.1,2014-05-29,0355,Aqua,MODIS,48,6.2,300.8,6.9,D,0
-28.6916,150.7251,317.2,1,1,2014-05-29,0355,Aqua,MODIS,71,6.2,302.4,8.6,D,0
-28.681,150.7338,326.3,1,1,2014-05-29,0355,Aqua,MODIS,81,6.2,302.2,18,D,0
-28.6901,150.7356,328.8,1,1,2014-05-29,0355,Aqua,MODIS,83,6.2,304.5,21.6,D,0
-29.1931,148.9045,321.1,1,1,2014-05-29,0355,Aqua,MODIS,73,6.2,298.2,13.4,D,0
-25.5529,152.2183,308,1.2,1.1,2014-05-29,0355,Aqua,MODIS,32,6.2,297.4,5.3,D,0
-29.1917,148.915,310.5,1,1,2014-05-29,0355,Aqua,MODIS,25,6.2,297.5,3.9,D,0
-28.2064,152.733,304.6,1.2,1.1,2014-05-29,0355,Aqua,MODIS,36,6.2,293.6,4.5,D,0
-29.3532,148.2517,314.4,1.1,1,2014-05-29,0355,Aqua,MODIS,59,6.2,303.9,6.6,D,0
-28.5476,150.1468,329.2,1,1,2014-05-29,0355,Aqua,MODIS,83,6.2,301.3,21.8,D,0
-25.5509,152.2307,321.7,1.2,1.1,2014-05-29,0355,Aqua,MODIS,76,6.2,297.6,21.4,D,0
-28.5461,150.1571,313.9,1,1,2014-05-29,0355,Aqua,MODIS,59,6.2,302.9,6,D,0
-27.8908,148.6935,313.3,1,1,2014-05-29,0355,Aqua,MODIS,59,6.2,301.1,6.1,D,0
-28.0237,153.2001,306.7,1.3,1.1,2014-05-29,0355,Aqua,MODIS,53,6.2,292.3,8.1,D,0
-27.8858,153.1711,309.3,1.3,1.1,2014-05-29,0355,Aqua,MODIS,28,6.2,294.9,7.7,D,0
-28.6886,149.7493,318.7,1,1,2014-05-29,0355,Aqua,MODIS,70,6.2,302.2,8.7,D,0
-25.5043,152.5742,321.6,1.3,1.1,2014-05-29,0355,Aqua,MODIS,76,6.2,296.3,22.7,D,0
-28.5704,149.4843,314.6,1,1,2014-05-29,0355,Aqua,MODIS,63,6.2,302.4,4.8,D,0
-28.5789,149.4811,316,1,1,2014-05-29,0355,Aqua,MODIS,51,6.2,302.7,7.1,D,0
-25.2844,149.1311,311.5,1,1,2014-05-29,0356,Aqua,MODIS,21,6.2,299.3,5.7,D,0
-23.3701,150.6381,311.5,1.1,1.1,2014-05-29,0356,Aqua,MODIS,43,6.2,297.2,7.9,D,0
-23.3847,150.6073,311.7,1.1,1.1,2014-05-29,0356,Aqua,MODIS,44,6.2,297.3,8.1,D,0
-23.383,150.6181,335.2,1.1,1.1,2014-05-29,0356,Aqua,MODIS,86,6.2,298.2,37.1,D,0
-22.2725,148.9632,318.1,1,1,2014-05-29,0356,Aqua,MODIS,66,6.2,303.8,9.6,D,0
-22.274,148.9534,320.4,1,1,2014-05-29,0356,Aqua,MODIS,70,6.2,305.3,12.1,D,0
-25.0107,152.2114,309.8,1.3,1.1,2014-05-29,0356,Aqua,MODIS,54,6.2,298,7.7,D,0
-19.4115,146.2655,318.7,1,1,2014-05-29,0357,Aqua,MODIS,47,6.2,300.5,11.1,D,0
-19.4102,146.2753,324.6,1,1,2014-05-29,0357,Aqua,MODIS,77,6.2,296.9,17.3,D,0
-19.3827,146.2713,318.5,1,1,2014-05-29,0357,Aqua,MODIS,45,6.2,299.8,9.6,D,0
-19.3727,146.2832,319.1,1,1,2014-05-29,0357,Aqua,MODIS,60,6.2,301.8,12.2,D,0
-17.0162,140.9764,321.4,1.9,1.4,2014-05-29,0358,Aqua,MODIS,39,6.2,308.3,22,D,0
-17.0133,140.9713,322.6,1.9,1.4,2014-05-29,0358,Aqua,MODIS,0,6.2,308.5,27.7,D,0
-17.9893,137.9813,316.9,3.4,1.7,2014-05-29,0358,Aqua,MODIS,52,6.2,293.1,51.9,D,0
-17.7479,138.0015,314.4,3.3,1.7,2014-05-29,0358,Aqua,MODIS,44,6.2,295.1,42.5,D,0
-17.751,137.9702,314.7,3.4,1.7,2014-05-29,0358,Aqua,MODIS,46,6.2,293.1,42.3,D,0
-17.9737,137.9794,330.7,3.4,1.7,2014-05-29,0358,Aqua,MODIS,81,6.2,294.1,133.6,D,0
-17.9752,138.0051,322.4,3.4,1.7,2014-05-29,0358,Aqua,MODIS,68,6.2,297.5,78.7,D,0
-17.9182,137.9947,319.7,3.4,1.7,2014-05-29,0358,Aqua,MODIS,40,6.2,291,69.3,D,0
-17.9785,137.973,326.4,3.4,1.7,2014-05-29,0358,Aqua,MODIS,77,6.2,293.1,105.5,D,0
-15.4864,141.802,327.1,1.6,1.2,2014-05-29,0358,Aqua,MODIS,80,6.2,303.5,32.1,D,0
-17.2026,144.4772,322.2,1.2,1.1,2014-05-29,0358,Aqua,MODIS,73,6.2,305.8,11.9,D,0
-15.4959,141.8184,319.4,1.6,1.2,2014-05-29,0358,Aqua,MODIS,70,6.2,303.5,15.8,D,0
-17.1944,144.465,322.7,1.2,1.1,2014-05-29,0358,Aqua,MODIS,72,6.2,306.6,12,D,0
-17.193,144.4758,326.8,1.2,1.1,2014-05-29,0358,Aqua,MODIS,79,6.2,306,18.4,D,0
-15.4977,141.8035,329.2,1.6,1.2,2014-05-29,0358,Aqua,MODIS,82,6.2,303.9,38.1,D,0
-15.4882,141.7871,325.7,1.6,1.2,2014-05-29,0358,Aqua,MODIS,78,6.2,302.8,29.3,D,0
-17.0819,144.5528,316.8,1.1,1.1,2014-05-29,0358,Aqua,MODIS,66,6.2,303.3,6.9,D,0
-32.8008,117.236,306.6,2.6,1.6,2014-05-29,0533,Aqua,MODIS,64,6.2,288.1,32.9,D,0
-32.8047,117.2436,301,2.6,1.6,2014-05-29,0533,Aqua,MODIS,42,6.2,287.8,18.6,D,0
-22.1336,129.5686,351.8,1.9,1.4,2014-05-29,0535,Aqua,MODIS,97,6.2,295.4,158.1,D,0
-22.1317,129.5628,323.9,1.9,1.4,2014-05-29,0535,Aqua,MODIS,74,6.2,293.9,37.8,D,0
-22.1301,129.5874,377.2,2,1.4,2014-05-29,0535,Aqua,MODIS,100,6.2,298.5,361.7,D,0
-22.1284,129.5816,365.3,2,1.4,2014-05-29,0535,Aqua,MODIS,100,6.2,298.5,252.2,D,0
-22.1214,129.5661,314.9,1.9,1.4,2014-05-29,0535,Aqua,MODIS,59,6.2,292.8,17.2,D,0
-14.5877,127.8234,320.4,2,1.4,2014-05-29,0537,Aqua,MODIS,70,6.2,300.3,23.1,D,0
-16.1744,126.927,322.6,1.6,1.3,2014-05-29,0537,Aqua,MODIS,54,6.2,307.2,18.6,D,0
-14.5895,127.8314,318.6,2,1.4,2014-05-29,0537,Aqua,MODIS,59,6.2,300.8,17.3,D,0
-16.5004,124.7852,315.1,1.2,1.1,2014-05-29,0537,Aqua,MODIS,18,6.2,285.1,11.7,D,0
-14.3194,132.6204,312.3,4.7,2,2014-05-29,0537,Aqua,MODIS,37,6.2,294,33.9,D,0
-15.2819,125.1827,318.1,1.3,1.1,2014-05-29,0537,Aqua,MODIS,50,6.2,303.1,10.4,D,0
-14.2658,127.5015,317.7,2,1.4,2014-05-29,0537,Aqua,MODIS,60,6.2,301.2,19.5,D,0
-14.2689,127.4836,316.7,2,1.4,2014-05-29,0537,Aqua,MODIS,49,6.2,299.8,17.8,D,0
-14.2622,127.4936,318.5,2,1.4,2014-05-29,0537,Aqua,MODIS,65,6.2,301,22,D,0
-15.4552,126.0627,322.6,1.5,1.2,2014-05-29,0537,Aqua,MODIS,45,6.2,299.5,23.1,D,0
-15.453,126.0764,317.5,1.5,1.2,2014-05-29,0537,Aqua,MODIS,47,6.2,298.9,13.3,D,0
-16.0546,126.2682,346.8,1.5,1.2,2014-05-29,0537,Aqua,MODIS,93,6.2,303.2,84.2,D,0
-16.0529,126.2623,330,1.5,1.2,2014-05-29,0537,Aqua,MODIS,76,6.2,300.2,36.5,D,0
-16.0507,126.276,330.3,1.5,1.2,2014-05-29,0537,Aqua,MODIS,70,6.2,304.1,37,D,0
-15.4226,128.9162,315,2.4,1.5,2014-05-29,0537,Aqua,MODIS,23,6.2,299.1,16,D,0
-15.9365,127.4378,325.4,1.8,1.3,2014-05-29,0537,Aqua,MODIS,51,6.2,297.1,35.8,D,0
-14.4612,129.5473,314.9,2.8,1.6,2014-05-29,0537,Aqua,MODIS,56,6.2,296,35.2,D,0
-16.8091,125.1642,324.6,1.2,1.1,2014-05-29,0537,Aqua,MODIS,67,6.2,296.3,20.5,D,0
-16.8109,125.1528,334.1,1.2,1.1,2014-05-29,0537,Aqua,MODIS,86,6.2,295.8,36.4,D,0
-15.598,125.2504,327.2,1.3,1.1,2014-05-29,0537,Aqua,MODIS,74,6.2,306,22.4,D,0
-15.8833,125.0614,317.9,1.3,1.1,2014-05-29,0537,Aqua,MODIS,62,6.2,303.3,8.3,D,0
-15.6018,125.2261,327.3,1.3,1.1,2014-05-29,0537,Aqua,MODIS,79,6.2,304.5,23.4,D,0
-15.6037,125.2145,321.4,1.3,1.1,2014-05-29,0537,Aqua,MODIS,71,6.2,302.1,14.2,D,0
-15.5898,125.2364,327.2,1.3,1.1,2014-05-29,0537,Aqua,MODIS,53,6.2,304.9,21.3,D,0
-15.5918,125.224,327.2,1.3,1.1,2014-05-29,0537,Aqua,MODIS,78,6.2,304.5,22.8,D,0
-15.4287,128.9121,318.2,2.4,1.5,2014-05-29,0537,Aqua,MODIS,62,6.2,300.3,24.9,D,0
-13.1409,131.9879,331,4.5,2,2014-05-29,0537,Aqua,MODIS,84,6.2,287.7,187.4,D,0
-13.5475,131.4106,319.8,4,1.9,2014-05-29,0537,Aqua,MODIS,70,6.2,300,71.6,D,0
-13.268,131.6066,323.9,4.2,1.9,2014-05-29,0537,Aqua,MODIS,60,6.2,299,90.3,D,0
-13.2511,131.6033,323,4.2,1.9,2014-05-29,0537,Aqua,MODIS,33,6.2,298.8,82.8,D,0
-12.9651,131.8549,329.5,4.4,1.9,2014-05-29,0537,Aqua,MODIS,82,6.2,299.1,141.9,D,0
-14.0533,131.8222,334.9,4.2,1.9,2014-05-29,0537,Aqua,MODIS,86,6.2,297.5,210.9,D,0
-14.0496,131.8133,324.5,4.2,1.9,2014-05-29,0537,Aqua,MODIS,77,6.2,297.8,105.4,D,0
-13.2557,131.1062,316.2,3.8,1.8,2014-05-29,0537,Aqua,MODIS,50,6.2,297.8,38.2,D,0
-13.249,131.0969,315.8,3.8,1.8,2014-05-29,0537,Aqua,MODIS,37,6.2,297.3,35,D,0
-13.1506,132.0323,322.4,4.5,2,2014-05-29,0537,Aqua,MODIS,68,6.2,288.9,111.3,D,0
-13.2495,131.5985,322.6,4.2,1.9,2014-05-29,0537,Aqua,MODIS,26,6.2,298.6,78.4,D,0
-13.0714,131.9739,328.7,4.5,2,2014-05-29,0537,Aqua,MODIS,82,6.2,286.8,165.8,D,0
-13.1573,131.9955,343.9,4.5,2,2014-05-29,0537,Aqua,MODIS,92,6.2,290.9,368,D,0
-13.1398,131.9798,326.5,4.5,2,2014-05-29,0537,Aqua,MODIS,80,6.2,287.5,138.4,D,0
-13.5544,131.3747,318.5,4,1.9,2014-05-29,0537,Aqua,MODIS,68,6.2,299.6,64.6,D,0
-13.6941,131.2961,314.7,3.9,1.8,2014-05-29,0537,Aqua,MODIS,54,6.2,300.2,34.2,D,0
-13.5422,131.4015,325.5,4,1.9,2014-05-29,0537,Aqua,MODIS,78,6.2,300.3,115.1,D,0
-13.5489,131.3652,315,4,1.9,2014-05-29,0537,Aqua,MODIS,59,6.2,299.9,41.6,D,0
-13.2624,131.071,318.4,3.8,1.8,2014-05-29,0537,Aqua,MODIS,58,6.2,296.6,55.3,D,0
-12.9824,131.8584,328.9,4.4,1.9,2014-05-29,0537,Aqua,MODIS,82,6.2,297.6,142.1,D,0
-14.0593,131.8555,325.3,4.2,1.9,2014-05-29,0537,Aqua,MODIS,61,6.2,298.4,104.1,D,0
-12.9806,131.8504,328.9,4.4,1.9,2014-05-29,0537,Aqua,MODIS,62,6.2,298,132.7,D,0
-13.1583,131.9913,338,4.5,2,2014-05-29,0537,Aqua,MODIS,89,6.2,290.2,282.5,D,0
-13.2654,131.1001,317.6,3.8,1.8,2014-05-29,0537,Aqua,MODIS,57,6.2,297.9,47,D,0
-12.8723,131.9513,317.3,4.5,2,2014-05-29,0537,Aqua,MODIS,43,6.2,295.8,65,D,0
-12.94,131.8924,325.6,4.5,1.9,2014-05-29,0537,Aqua,MODIS,19,6.2,298.3,101.2,D,0
-12.9558,131.8879,335.5,4.5,1.9,2014-05-29,0537,Aqua,MODIS,80,6.2,297.7,205,D,0
-12.871,131.9563,319.6,4.5,2,2014-05-29,0537,Aqua,MODIS,23,6.2,295.8,78.9,D,0
-12.9574,131.8957,332.5,4.5,1.9,2014-05-29,0537,Aqua,MODIS,74,6.2,297,168.7,D,0
-15.7974,125.4844,325.3,1.3,1.1,2014-05-29,0537,Aqua,MODIS,65,6.2,300.2,22.5,D,0
-17.9861,137.9864,303.8,1,1,2014-05-29,1323,Terra,MODIS,23,6.2,288.1,6.6,N,0
-13.1567,132.019,301.3,2.1,1.4,2014-05-29,1325,Terra,MODIS,37,6.2,280.6,13.3,N,0
-13.4345,132.7598,301,1.9,1.3,2014-05-29,1325,Terra,MODIS,36,6.2,282.9,7.9,N,0
-13.1543,131.0518,301.7,2.5,1.5,2014-05-29,1325,Terra,MODIS,43,6.2,290.6,15.1,N,0
-24.7213,151.8664,302.6,1.6,1.3,2014-05-29,1453,Aqua,MODIS,50,6.2,287,14.3,N,0
-34.6655,117.282,331.7,1,1,2014-05-29,1457,Terra,MODIS,100,6.2,280.1,37.4,N,0
-32.4772,116.0813,304.3,1.1,1,2014-05-29,1458,Terra,MODIS,59,6.2,281.2,10.3,N,0
-33.5694,116.0469,312.9,1.1,1.1,2014-05-29,1458,Terra,MODIS,86,6.2,281.9,17.4,N,0
-33.5679,116.0588,314.5,1.1,1.1,2014-05-29,1458,Terra,MODIS,89,6.2,281.3,18.5,N,0
-33.3618,116.1683,304.5,1.1,1,2014-05-29,1458,Terra,MODIS,60,6.2,279.9,11.4,N,0
-20.5938,116.7814,311.6,1.1,1,2014-05-29,1501,Terra,MODIS,75,6.2,294.5,11.1,N,0
-13.9488,131.7888,304.2,1.2,1.1,2014-05-29,1628,Aqua,MODIS,38,6.2,292.5,6.8,N,0
-13.9485,131.7944,302.5,1.2,1.1,2014-05-29,1628,Aqua,MODIS,44,6.2,291.6,5.3,N,0
-13.6259,131.8203,303.5,1.3,1.1,2014-05-29,1628,Aqua,MODIS,56,6.2,292.9,6.2,N,0
-17.9762,138.009,301.4,1.4,1.2,2014-05-29,1629,Aqua,MODIS,40,6.2,291.2,7.9,N,0
-24.7175,151.8715,305.5,1.2,1.1,2014-05-30,0017,Terra,MODIS,57,6.2,292.4,5.2,D,0
-26.1078,149.8162,318.8,1,1,2014-05-30,0018,Terra,MODIS,68,6.2,291.5,12.8,D,0
-26.1169,149.8146,320.8,1,1,2014-05-30,0018,Terra,MODIS,79,6.2,291,14.9,D,0
-26.1183,149.8248,314.2,1,1,2014-05-30,0018,Terra,MODIS,35,6.2,290.7,8.7,D,0
-24.7535,147.7821,345.7,1,1,2014-05-30,0018,Terra,MODIS,94,6.2,295.9,55.9,D,0
-26.796,150.2061,313,1,1,2014-05-30,0018,Terra,MODIS,72,6.2,293.6,9.1,D,2
-24.7552,147.7926,333.9,1,1,2014-05-30,0018,Terra,MODIS,87,6.2,295.9,35.2,D,0
-24.7627,147.7806,305.5,1,1,2014-05-30,0018,Terra,MODIS,29,6.2,291.8,4.9,D,0
-26.4293,149.8199,316.4,1,1,2014-05-30,0018,Terra,MODIS,76,6.2,293.4,12.7,D,0
-28.0846,151.563,308,1.2,1.1,2014-05-30,0018,Terra,MODIS,65,6.2,288.9,9,D,0
-28.083,151.5505,303.3,1.2,1.1,2014-05-30,0018,Terra,MODIS,53,6.2,288.4,5.2,D,0
-28.5769,149.4825,338.9,1,1,2014-05-30,0019,Terra,MODIS,91,6.2,285.4,42.5,D,0
-28.5755,149.472,313.7,1,1,2014-05-30,0019,Terra,MODIS,74,6.2,284,11.5,D,0
-29.5456,153.3124,328.2,1.6,1.2,2014-05-30,0019,Terra,MODIS,65,6.2,284.7,53.8,D,0
-29.1959,148.9121,301,1,1,2014-05-30,0019,Terra,MODIS,43,6.2,280.5,4.3,D,0
-29.5439,153.296,311.6,1.6,1.2,2014-05-30,0019,Terra,MODIS,71,6.2,284,22.1,D,0
-13.1558,131.0421,325.4,1.4,1.2,2014-05-30,0153,Terra,MODIS,77,6.2,301.4,22.7,D,0
-13.1576,131.055,321.9,1.4,1.2,2014-05-30,0153,Terra,MODIS,73,6.2,300.6,17.1,D,0
-12.6746,132.6446,316.8,1.8,1.3,2014-05-30,0153,Terra,MODIS,67,6.2,298,17.6,D,0
-13.2404,131.7779,336,1.6,1.2,2014-05-30,0153,Terra,MODIS,87,6.2,302.3,50.1,D,0
-13.4446,132.5784,339,1.8,1.3,2014-05-30,0153,Terra,MODIS,89,6.2,298.9,86.2,D,0
-13.9645,131.091,331.2,1.4,1.2,2014-05-30,0153,Terra,MODIS,83,6.2,305.4,32.9,D,0
-13.6978,131.3234,325.8,1.5,1.2,2014-05-30,0153,Terra,MODIS,78,6.2,302.5,25.3,D,0
-13.6961,131.3098,318.6,1.5,1.2,2014-05-30,0153,Terra,MODIS,42,6.2,303.1,11.6,D,0
-13.6952,131.3296,319,1.5,1.2,2014-05-30,0153,Terra,MODIS,51,6.2,302.7,12.3,D,0
-14.1616,131.6543,329,1.6,1.2,2014-05-30,0153,Terra,MODIS,81,6.2,296.2,40.9,D,0
-14.1597,131.6398,315.5,1.6,1.2,2014-05-30,0153,Terra,MODIS,57,6.2,293.8,12.7,D,0
-13.6934,131.316,327,1.5,1.2,2014-05-30,0153,Terra,MODIS,79,6.2,303.7,26.9,D,0
-13.9383,131.7856,324.3,1.6,1.3,2014-05-30,0153,Terra,MODIS,42,6.2,303.4,21.5,D,0
-13.27,131.7448,339.1,1.6,1.2,2014-05-30,0153,Terra,MODIS,89,6.2,303.1,59.8,D,0
-13.2681,131.7303,343.8,1.6,1.2,2014-05-30,0153,Terra,MODIS,92,6.2,301.3,77.1,D,0
-13.2608,131.7605,339.8,1.6,1.2,2014-05-30,0153,Terra,MODIS,89,6.2,304.7,62.4,D,0
-13.2589,131.7458,360.8,1.6,1.2,2014-05-30,0153,Terra,MODIS,100,6.2,303.2,149.9,D,0
-13.2516,131.7765,330.2,1.6,1.2,2014-05-30,0153,Terra,MODIS,61,6.2,303.3,34.8,D,0
-13.2497,131.762,363.3,1.6,1.2,2014-05-30,0153,Terra,MODIS,100,6.2,306.1,165.5,D,0
-13.2478,131.747,348.9,1.6,1.2,2014-05-30,0153,Terra,MODIS,94,6.2,299.2,96.8,D,0
-13.2311,131.7939,370.1,1.6,1.2,2014-05-30,0153,Terra,MODIS,100,6.2,305.3,207.8,D,0
-13.233,131.8084,335.7,1.6,1.2,2014-05-30,0153,Terra,MODIS,87,6.2,302.8,50.8,D,0
-13.2423,131.7924,352.1,1.6,1.2,2014-05-30,0153,Terra,MODIS,96,6.2,301.7,107.6,D,0
-13.2385,131.763,339.5,1.6,1.2,2014-05-30,0153,Terra,MODIS,89,6.2,301.8,62.5,D,0
-13.2441,131.8069,376.4,1.6,1.2,2014-05-30,0153,Terra,MODIS,100,6.2,306,250.1,D,0
-13.2553,131.8054,368.8,1.6,1.2,2014-05-30,0153,Terra,MODIS,100,6.2,304.3,198.5,D,0
-13.2664,131.8039,322.4,1.6,1.2,2014-05-30,0153,Terra,MODIS,46,6.2,301.8,19,D,0
-13.2293,131.7793,345.6,1.6,1.2,2014-05-30,0153,Terra,MODIS,93,6.2,301.9,85.2,D,0
-13.3851,131.7525,328.4,1.6,1.2,2014-05-30,0153,Terra,MODIS,81,6.2,301.9,31.5,D,0
-13.3854,131.7468,320.4,1.6,1.2,2014-05-30,0153,Terra,MODIS,55,6.2,301.8,14.9,D,0
-13.3872,131.7612,321.7,1.6,1.2,2014-05-30,0153,Terra,MODIS,65,6.2,301.6,17.5,D,0
-12.6564,132.6536,323.9,1.8,1.3,2014-05-30,0153,Terra,MODIS,80,6.2,297.4,34.7,D,0
-12.6682,132.6521,334.2,1.8,1.3,2014-05-30,0153,Terra,MODIS,87,6.2,298,63.4,D,0
-13.2719,131.7591,327.5,1.6,1.2,2014-05-30,0153,Terra,MODIS,47,6.2,300.6,27.8,D,0
-13.2793,131.7291,324.6,1.6,1.2,2014-05-30,0153,Terra,MODIS,77,6.2,302.4,24.5,D,0
-13.2812,131.7434,327.4,1.6,1.2,2014-05-30,0153,Terra,MODIS,80,6.2,301,29.4,D,0
-13.4727,131.8087,323,1.6,1.2,2014-05-30,0153,Terra,MODIS,75,6.2,302.4,22.8,D,0
-13.8012,130.9122,329,1.4,1.2,2014-05-30,0153,Terra,MODIS,81,6.2,302.2,25.8,D,0
-13.7995,130.8993,323.4,1.4,1.2,2014-05-30,0153,Terra,MODIS,71,6.2,303.3,14.9,D,0
-13.7275,130.2861,321.3,1.3,1.1,2014-05-30,0153,Terra,MODIS,71,6.2,299.9,16,D,0
-13.7291,130.2978,314.1,1.3,1.1,2014-05-30,0153,Terra,MODIS,52,6.2,298.9,6.9,D,0
-14.5754,127.8141,322.7,1,1,2014-05-30,0154,Terra,MODIS,66,6.2,295.8,14.4,D,0
-16.0448,126.2843,332.2,1,1,2014-05-30,0154,Terra,MODIS,81,6.2,284.3,27.8,D,0
-17.2642,123.8566,323.5,1.1,1.1,2014-05-30,0154,Terra,MODIS,73,6.2,290.2,18.8,D,0
-17.2772,123.8764,328.3,1.1,1.1,2014-05-30,0154,Terra,MODIS,63,6.2,295,24.8,D,0
-15.2073,126.8454,324.2,1,1,2014-05-30,0154,Terra,MODIS,69,6.2,301,12.8,D,0
-17.2755,123.8657,322.6,1.1,1.1,2014-05-30,0154,Terra,MODIS,64,6.2,287.6,17.4,D,0
-16.0552,126.2922,311.1,1,1,2014-05-30,0154,Terra,MODIS,54,6.2,284.5,8.6,D,0
-16.0538,126.2829,321.3,1,1,2014-05-30,0154,Terra,MODIS,76,6.2,286,17.5,D,0
-16.0018,136.2799,316.3,3.8,1.8,2014-05-30,0154,Terra,MODIS,67,6.2,299.9,53.9,D,0
-15.9844,127.7686,327,1,1,2014-05-30,0154,Terra,MODIS,79,6.2,302.3,17.6,D,0
-16.0456,127.7397,319.1,1,1,2014-05-30,0154,Terra,MODIS,67,6.2,298.4,9.9,D,0
-15.7734,129.001,319.6,1.1,1.1,2014-05-30,0154,Terra,MODIS,12,6.2,302.3,8.7,D,0
-15.7749,129.0117,325.6,1.1,1.1,2014-05-30,0154,Terra,MODIS,76,6.2,302.6,17.1,D,0
-15.7778,129.0054,324.4,1.1,1.1,2014-05-30,0154,Terra,MODIS,74,6.2,303.2,14.4,D,0
-15.124,125.6791,315.9,1,1,2014-05-30,0154,Terra,MODIS,44,6.2,301.2,5.2,D,0
-15.8092,125.7597,335.5,1,1,2014-05-30,0154,Terra,MODIS,88,6.2,285.4,34.3,D,0
-15.8106,125.7691,315.7,1,1,2014-05-30,0154,Terra,MODIS,64,6.2,282.6,11.5,D,0
-17.263,132.2875,316.4,2,1.4,2014-05-30,0154,Terra,MODIS,60,6.2,297.1,20.1,D,0
-17.2652,132.3059,315.4,2,1.4,2014-05-30,0154,Terra,MODIS,47,6.2,298.9,17.8,D,0
-17.25,131.8752,316.7,1.8,1.3,2014-05-30,0154,Terra,MODIS,66,6.2,288.2,21.7,D,0
-17.2557,131.8685,326.5,1.8,1.3,2014-05-30,0154,Terra,MODIS,80,6.2,291.1,48,D,0
-17.2577,131.8857,315.6,1.8,1.3,2014-05-30,0154,Terra,MODIS,65,6.2,286.4,21.4,D,0
-18.9143,121.6261,336.8,1.5,1.2,2014-05-30,0155,Terra,MODIS,90,6.2,288.4,63,D,0
-18.9167,121.6399,322.3,1.5,1.2,2014-05-30,0155,Terra,MODIS,40,6.2,288.8,28.5,D,0
-18.9273,121.6379,343.4,1.5,1.2,2014-05-30,0155,Terra,MODIS,93,6.2,287.8,78.1,D,0
-18.9297,121.6516,338.9,1.5,1.2,2014-05-30,0155,Terra,MODIS,91,6.2,288.7,65.6,D,0
-18.932,121.6653,324.4,1.5,1.2,2014-05-30,0155,Terra,MODIS,81,6.2,287.3,32.7,D,0
-18.9344,121.679,311.3,1.4,1.2,2014-05-30,0155,Terra,MODIS,67,6.2,286.2,14.4,D,0
-20.4371,123.9095,312.5,1.1,1,2014-05-30,0155,Terra,MODIS,33,6.2,299.2,5.4,D,0
-20.4387,123.9197,314.9,1.1,1,2014-05-30,0155,Terra,MODIS,44,6.2,298.4,7.3,D,0
-17.5729,123.2317,310.2,1.2,1.1,2014-05-30,0155,Terra,MODIS,65,6.2,287.7,8.5,D,0
-20.4355,123.8994,317.5,1.1,1,2014-05-30,0155,Terra,MODIS,52,6.2,299.7,9.3,D,0
-20.4058,123.8313,333.1,1.1,1,2014-05-30,0155,Terra,MODIS,86,6.2,298.4,29.8,D,0
-20.4167,123.8399,334.3,1.1,1,2014-05-30,0155,Terra,MODIS,87,6.2,299.9,30.2,D,0
-20.4183,123.8501,345.6,1.1,1,2014-05-30,0155,Terra,MODIS,93,6.2,302.9,50.5,D,0
-20.4276,123.8485,326.1,1.1,1,2014-05-30,0155,Terra,MODIS,80,6.2,299.4,18.7,D,0
-20.4324,123.8791,317,1.1,1,2014-05-30,0155,Terra,MODIS,35,6.2,300,8.4,D,0
-17.571,123.2202,308.7,1.2,1.1,2014-05-30,0155,Terra,MODIS,62,6.2,288.3,6.9,D,0
-22.1114,129.554,308.4,1.5,1.2,2014-05-30,0156,Terra,MODIS,59,6.2,286,8,D,0
-25.9635,125.4222,304.9,1,1,2014-05-30,0157,Terra,MODIS,53,6.2,291.8,4.1,D,0
-34.6935,118.2589,300.9,1.2,1.1,2014-05-30,0159,Terra,MODIS,43,6.2,288.4,6,D,0
-33.6668,122.2106,300.7,1,1,2014-05-30,0159,Terra,MODIS,40,6.2,287.4,4.9,D,0
-41.1542,146.5316,316.5,1.3,1.1,2014-05-30,0434,Aqua,MODIS,58,6.2,279.4,24.4,D,0
-41.9686,147.4648,303.4,1.3,1.1,2014-05-30,0434,Aqua,MODIS,56,6.2,283.3,11.4,D,0
-37.0805,143.8689,309.6,1.1,1.1,2014-05-30,0435,Aqua,MODIS,56,6.2,289.4,11.2,D,0
-38.5776,146.2507,316.2,1.4,1.2,2014-05-30,0435,Aqua,MODIS,66,6.2,284.9,26,D,0
-38.0298,144.2182,301.7,1.1,1.1,2014-05-30,0435,Aqua,MODIS,48,6.2,288.7,5.5,D,0
-36.6656,144.1344,305.8,1.2,1.1,2014-05-30,0436,Aqua,MODIS,52,6.2,290.9,7.7,D,0
-36.6559,144.1319,355.5,1.2,1.1,2014-05-30,0436,Aqua,MODIS,98,6.2,294,93.1,D,0
-36.6581,144.1189,314.1,1.2,1.1,2014-05-30,0436,Aqua,MODIS,74,6.2,291,15,D,0
-33.0346,146.4774,311.2,1.8,1.3,2014-05-30,0436,Aqua,MODIS,71,6.2,293.4,20.6,D,0
-34.6165,138.6607,311.5,1.1,1,2014-05-30,0436,Aqua,MODIS,71,6.2,291.6,10.4,D,0
-35.362,149.9507,302.5,2.6,1.6,2014-05-30,0436,Aqua,MODIS,53,6.2,285.3,25.2,D,0
-35.3684,149.9218,322.2,2.6,1.6,2014-05-30,0436,Aqua,MODIS,77,6.2,285.9,87.3,D,0
-33.0284,146.4827,305.7,1.8,1.3,2014-05-30,0436,Aqua,MODIS,62,6.2,293.6,12.7,D,0
-34.1968,137.6281,324.9,1.1,1.1,2014-05-30,0436,Aqua,MODIS,83,6.2,295.2,24.3,D,0
-34.5871,138.667,324.8,1.1,1,2014-05-30,0436,Aqua,MODIS,83,6.2,292.9,23.2,D,0
-35.3574,149.9228,319.9,2.6,1.6,2014-05-30,0436,Aqua,MODIS,80,6.2,284.7,75.9,D,0
-34.5886,138.6554,304.7,1.1,1,2014-05-30,0436,Aqua,MODIS,60,6.2,292.2,5.1,D,0
-34.1953,137.6406,313.7,1.1,1.1,2014-05-30,0436,Aqua,MODIS,74,6.2,294.7,11.4,D,0
-33.6404,138.7139,309.1,1,1,2014-05-30,0437,Aqua,MODIS,68,6.2,289.6,9.2,D,0
-33.6419,138.7027,312,1,1,2014-05-30,0437,Aqua,MODIS,72,6.2,289.6,11.5,D,0
-34.0286,137.7495,307.5,1.1,1.1,2014-05-30,0437,Aqua,MODIS,66,6.2,292.6,7.3,D,0
-17.3124,131.9543,318.4,1.5,1.2,2014-05-30,0441,Aqua,MODIS,66,6.2,274.3,27.3,D,0
-17.3079,131.9623,316.7,1.5,1.2,2014-05-30,0441,Aqua,MODIS,0,6.2,271.3,22.8,D,0
-17.3097,131.9486,312.5,1.5,1.2,2014-05-30,0441,Aqua,MODIS,49,6.2,273.2,17,D,0
-13.0667,131.413,350.5,1.4,1.2,2014-05-30,0442,Aqua,MODIS,95,6.2,296.7,86.9,D,0
-13.0562,131.4115,326.9,1.4,1.2,2014-05-30,0442,Aqua,MODIS,52,6.2,295.4,26.5,D,0
-13.055,131.5015,368.5,1.4,1.2,2014-05-30,0442,Aqua,MODIS,100,6.2,306.9,153.7,D,0
-14.6127,131.9504,326.8,1.3,1.1,2014-05-30,0442,Aqua,MODIS,75,6.2,308.1,17.9,D,0
-14.6024,131.949,327.3,1.3,1.1,2014-05-30,0442,Aqua,MODIS,73,6.2,307.7,19,D,0
-13.0117,131.5084,348,1.4,1.2,2014-05-30,0442,Aqua,MODIS,93,6.2,302.3,70.8,D,0
-13.065,131.4256,338.6,1.4,1.2,2014-05-30,0442,Aqua,MODIS,88,6.2,298.8,50.8,D,0
-13.0671,131.4903,337.9,1.4,1.2,2014-05-30,0442,Aqua,MODIS,50,6.2,296.8,42.5,D,0
-13.2134,133.3041,327.8,1.1,1,2014-05-30,0442,Aqua,MODIS,74,6.2,307.7,14.6,D,0
-12.9733,131.5105,333,1.4,1.2,2014-05-30,0442,Aqua,MODIS,84,6.2,302.4,36.7,D,0
-13.0133,131.4959,341.2,1.4,1.2,2014-05-30,0442,Aqua,MODIS,73,6.2,303,53,D,0
-13.0237,131.4973,334.8,1.4,1.2,2014-05-30,0442,Aqua,MODIS,61,6.2,300,35.9,D,0
-13.0012,131.507,343.9,1.4,1.2,2014-05-30,0442,Aqua,MODIS,82,6.2,302.5,59.6,D,0
-12.5862,133.797,321.5,1,1,2014-05-30,0442,Aqua,MODIS,75,6.2,295.3,13.9,D,0
-13.0841,133.396,319.4,1.1,1,2014-05-30,0442,Aqua,MODIS,66,6.2,302,7,D,0
-12.7576,131.894,319.2,1.3,1.1,2014-05-30,0442,Aqua,MODIS,25,6.2,297.1,12,D,0
-12.5085,132.8346,325.9,1.1,1.1,2014-05-30,0442,Aqua,MODIS,67,6.2,304.3,18.1,D,0
-12.5294,133.4665,328.1,1.1,1,2014-05-30,0442,Aqua,MODIS,38,6.2,290,19.6,D,0
-12.8404,131.4985,333.8,1.4,1.2,2014-05-30,0442,Aqua,MODIS,68,6.2,303.9,33.8,D,0
-12.8508,131.5,353.2,1.4,1.2,2014-05-30,0442,Aqua,MODIS,96,6.2,305.2,90.5,D,0
-12.7607,131.8705,317.7,1.3,1.1,2014-05-30,0442,Aqua,MODIS,60,6.2,293.7,12,D,0
-12.8799,131.44,376.9,1.4,1.2,2014-05-30,0442,Aqua,MODIS,100,6.2,308.7,204.6,D,0
-13.0869,131.474,341.2,1.4,1.2,2014-05-30,0442,Aqua,MODIS,90,6.2,279.6,59.8,D,0
-12.9696,131.4588,339.7,1.4,1.2,2014-05-30,0442,Aqua,MODIS,89,6.2,303.9,52,D,0
-12.9592,131.4574,333.6,1.4,1.2,2014-05-30,0442,Aqua,MODIS,84,6.2,304.1,37.2,D,0
-12.8981,131.4362,346.5,1.4,1.2,2014-05-30,0442,Aqua,MODIS,93,6.2,303.2,68.3,D,0
-12.9764,131.4523,318.1,1.4,1.2,2014-05-30,0442,Aqua,MODIS,39,6.2,301.7,11,D,0
-12.9788,131.5168,344.7,1.4,1.2,2014-05-30,0442,Aqua,MODIS,88,6.2,302.9,62.2,D,0
-12.998,131.5321,331.9,1.4,1.2,2014-05-30,0442,Aqua,MODIS,54,6.2,294.9,29.5,D,0
-12.9504,131.4434,330.4,1.4,1.2,2014-05-30,0442,Aqua,MODIS,72,6.2,303,31.4,D,0
-13.0837,131.4992,340.1,1.4,1.2,2014-05-30,0442,Aqua,MODIS,60,6.2,288.9,52,D,0
-12.5242,133.4601,321.5,1.1,1,2014-05-30,0442,Aqua,MODIS,72,6.2,285.6,16,D,0
-12.9295,131.4405,343.5,1.4,1.2,2014-05-30,0442,Aqua,MODIS,91,6.2,304.3,60.8,D,0
-12.8904,131.4414,352.5,1.4,1.2,2014-05-30,0442,Aqua,MODIS,96,6.2,305.6,89.4,D,0
-13.0829,131.4218,334.6,1.4,1.2,2014-05-30,0442,Aqua,MODIS,78,6.2,298.1,36.5,D,0
-12.9562,133.1662,322.1,1.1,1,2014-05-30,0442,Aqua,MODIS,30,6.2,299.6,11.7,D,0
-12.9278,131.4531,347.9,1.4,1.2,2014-05-30,0442,Aqua,MODIS,94,6.2,305.1,73.5,D,0
-12.8862,131.6123,326.4,1.3,1.1,2014-05-30,0442,Aqua,MODIS,77,6.2,302.7,22.6,D,0
-12.9069,131.4502,328.2,1.4,1.2,2014-05-30,0442,Aqua,MODIS,65,6.2,303.2,23.9,D,0
-12.6703,132.6336,317.8,1.2,1.1,2014-05-30,0442,Aqua,MODIS,37,6.2,294.9,8.9,D,0
-12.3679,133.1935,320.7,1.1,1,2014-05-30,0442,Aqua,MODIS,47,6.2,300.6,9.8,D,0
-12.8861,131.4474,349.1,1.4,1.2,2014-05-30,0442,Aqua,MODIS,94,6.2,306.3,75.2,D,0
-12.8671,131.6157,324.1,1.3,1.1,2014-05-30,0442,Aqua,MODIS,35,6.2,303.2,18,D,0
-12.8877,131.4347,353.9,1.4,1.2,2014-05-30,0442,Aqua,MODIS,97,6.2,304.6,94.2,D,0
-12.3599,133.1821,343.1,1.1,1,2014-05-30,0442,Aqua,MODIS,92,6.2,301.7,44,D,0
-12.8612,131.5014,319.7,1.4,1.2,2014-05-30,0442,Aqua,MODIS,46,6.2,302.1,11.5,D,0
-12.8568,131.6142,320.6,1.3,1.1,2014-05-30,0442,Aqua,MODIS,43,6.2,302.8,13.1,D,0
-13.0813,131.4345,347.5,1.4,1.2,2014-05-30,0442,Aqua,MODIS,86,6.2,300.9,73.4,D,0
-13.0755,131.4271,333.4,1.4,1.2,2014-05-30,0442,Aqua,MODIS,76,6.2,299.7,37.1,D,0
-12.8758,131.6109,325,1.3,1.1,2014-05-30,0442,Aqua,MODIS,60,6.2,302.8,19.4,D,0
-12.8645,131.4765,350.1,1.4,1.2,2014-05-30,0442,Aqua,MODIS,95,6.2,304.9,79.4,D,0
-12.3613,133.1721,358.6,1.1,1,2014-05-30,0442,Aqua,MODIS,99,6.2,303.4,82.7,D,0
-12.8893,131.9068,325.7,1.3,1.1,2014-05-30,0442,Aqua,MODIS,56,6.2,307.2,15.6,D,0
-13.1721,133.2814,322.2,1.1,1,2014-05-30,0442,Aqua,MODIS,71,6.2,305.4,8.4,D,0
-12.3693,133.1835,331.7,1.1,1,2014-05-30,0442,Aqua,MODIS,85,6.2,299.3,23.5,D,0
-12.3624,133.2334,318.8,1.1,1,2014-05-30,0442,Aqua,MODIS,72,6.2,298.1,9.4,D,0
-13.0772,131.4144,334.2,1.4,1.2,2014-05-30,0442,Aqua,MODIS,79,6.2,298.4,38.1,D,0
-12.9608,131.4447,328,1.4,1.2,2014-05-30,0442,Aqua,MODIS,66,6.2,302.3,26,D,0
-12.9399,131.4419,344.9,1.4,1.2,2014-05-30,0442,Aqua,MODIS,92,6.2,304.4,65.6,D,0
-13.0126,131.4185,327.1,1.4,1.2,2014-05-30,0442,Aqua,MODIS,55,6.2,297.1,26.6,D,0
-13.0901,131.4487,337.3,1.4,1.2,2014-05-30,0442,Aqua,MODIS,64,6.2,296.4,46.4,D,0
-12.6069,131.269,328.9,1.4,1.2,2014-05-30,0442,Aqua,MODIS,82,6.2,302.3,32.6,D,0
-12.3626,133.1623,320.6,1.1,1,2014-05-30,0442,Aqua,MODIS,67,6.2,298.9,10.1,D,0
-12.8557,131.4625,341.5,1.4,1.2,2014-05-30,0442,Aqua,MODIS,90,6.2,303.8,56.5,D,0
-12.8661,131.4639,346.3,1.4,1.2,2014-05-30,0442,Aqua,MODIS,93,6.2,305.8,67.1,D,0
-13.0724,131.4203,364.7,1.4,1.2,2014-05-30,0442,Aqua,MODIS,100,6.2,299.9,143.5,D,0
-12.8816,131.4273,356.4,1.4,1.2,2014-05-30,0442,Aqua,MODIS,98,6.2,304.5,105.2,D,0
-12.9713,131.4461,329.3,1.4,1.2,2014-05-30,0442,Aqua,MODIS,74,6.2,302.1,28.5,D,0
-12.4347,133.3704,311.7,1.1,1,2014-05-30,0442,Aqua,MODIS,58,6.2,287.3,7.5,D,0
-12.83,131.4971,324,1.4,1.2,2014-05-30,0442,Aqua,MODIS,59,6.2,303,17.6,D,0
-12.8965,131.4488,335.6,1.4,1.2,2014-05-30,0442,Aqua,MODIS,74,6.2,304.7,37.7,D,0
-12.3585,133.1921,322,1.1,1,2014-05-30,0442,Aqua,MODIS,49,6.2,299.2,11.3,D,0
-12.8284,131.5095,331.5,1.4,1.2,2014-05-30,0442,Aqua,MODIS,83,6.2,304.9,32.6,D,0
-13.074,131.4076,332.7,1.4,1.2,2014-05-30,0442,Aqua,MODIS,76,6.2,297.6,34.3,D,0
-12.8877,131.9186,326.2,1.3,1.1,2014-05-30,0442,Aqua,MODIS,56,6.2,306.7,15.8,D,0
-12.6689,132.6443,315.5,1.2,1.1,2014-05-30,0442,Aqua,MODIS,31,6.2,293.1,6.2,D,0
-12.8492,131.5125,330.4,1.4,1.2,2014-05-30,0442,Aqua,MODIS,61,6.2,304.5,28,D,0
-13.0941,131.5007,347.5,1.4,1.2,2014-05-30,0442,Aqua,MODIS,93,6.2,283,79.5,D,0
-12.3665,133.2035,318.5,1.1,1,2014-05-30,0442,Aqua,MODIS,53,6.2,300.4,7.9,D,0
-13.0917,131.436,368.8,1.4,1.2,2014-05-30,0442,Aqua,MODIS,100,6.2,302.4,163.7,D,0
-12.8678,131.4513,335.6,1.4,1.2,2014-05-30,0442,Aqua,MODIS,50,6.2,303.6,38.3,D,0
-12.9889,131.9977,335.1,1.3,1.1,2014-05-30,0442,Aqua,MODIS,85,6.2,308,29.7,D,0
-12.9873,132.0094,333.8,1.3,1.1,2014-05-30,0442,Aqua,MODIS,84,6.2,305.9,27.2,D,0
-13.8224,131.7768,326.7,1.3,1.1,2014-05-30,0442,Aqua,MODIS,77,6.2,306.4,21.3,D,0
-13.6793,133.3182,319.2,1.1,1,2014-05-30,0442,Aqua,MODIS,40,6.2,303.3,6.9,D,0
-13.4395,132.7372,328.9,1.2,1.1,2014-05-30,0442,Aqua,MODIS,67,6.2,298.7,23.6,D,0
-13.6807,133.308,330.1,1.1,1.1,2014-05-30,0442,Aqua,MODIS,81,6.2,306,20.9,D,0
-13.1206,131.9202,335.4,1.3,1.1,2014-05-30,0442,Aqua,MODIS,85,6.2,308.9,28.1,D,0
-13.7741,131.9069,341.6,1.3,1.1,2014-05-30,0442,Aqua,MODIS,90,6.2,304.2,53.8,D,0
-13.8945,131.8418,341,1.3,1.1,2014-05-30,0442,Aqua,MODIS,89,6.2,309.5,44,D,0
-13.3325,131.9374,327,1.3,1.1,2014-05-30,0442,Aqua,MODIS,42,6.2,304.4,20.2,D,0
-13.8961,131.8294,326,1.3,1.1,2014-05-30,0442,Aqua,MODIS,76,6.2,310,11.3,D,0
-13.8842,131.8404,371.8,1.3,1.1,2014-05-30,0442,Aqua,MODIS,100,6.2,311.6,163.8,D,0
-13.279,131.8879,334.1,1.3,1.1,2014-05-30,0442,Aqua,MODIS,84,6.2,304.7,34.8,D,0
-13.2661,133.1983,330.8,1.1,1.1,2014-05-30,0442,Aqua,MODIS,81,6.2,303.4,18.8,D,0
-13.2675,133.1881,353.4,1.1,1.1,2014-05-30,0442,Aqua,MODIS,96,6.2,305,66.4,D,0
-13.2689,133.1779,348.7,1.1,1.1,2014-05-30,0442,Aqua,MODIS,94,6.2,303,55.3,D,0
-13.3153,131.9107,338.6,1.3,1.1,2014-05-30,0442,Aqua,MODIS,87,6.2,303.9,43.2,D,0
-13.3137,131.9226,373.3,1.3,1.1,2014-05-30,0442,Aqua,MODIS,100,6.2,309.5,170.7,D,0
-13.3255,131.9121,339.7,1.3,1.1,2014-05-30,0442,Aqua,MODIS,88,6.2,302,46.4,D,0
-13.3239,131.924,383.9,1.3,1.1,2014-05-30,0442,Aqua,MODIS,100,6.2,309.8,233,D,0
-13.8858,131.828,364,1.3,1.1,2014-05-30,0442,Aqua,MODIS,100,6.2,311.3,125.6,D,0
-13.3341,131.9255,353.5,1.3,1.1,2014-05-30,0442,Aqua,MODIS,96,6.2,305.6,87.5,D,0
-13.0643,133.332,322.5,1.1,1,2014-05-30,0442,Aqua,MODIS,64,6.2,304.7,10.3,D,0
-13.2955,133.2288,323.5,1.1,1.1,2014-05-30,0442,Aqua,MODIS,49,6.2,304.9,9.4,D,0
-13.1104,131.9188,327.2,1.3,1.1,2014-05-30,0442,Aqua,MODIS,76,6.2,309.5,13.5,D,0
-13.7007,131.3038,323.1,1.4,1.2,2014-05-30,0442,Aqua,MODIS,41,6.2,301.4,15.3,D,0
-13.699,131.3171,329,1.4,1.2,2014-05-30,0442,Aqua,MODIS,79,6.2,303.2,27,D,0
-14.1634,131.6416,326.2,1.4,1.2,2014-05-30,0442,Aqua,MODIS,65,6.2,305.6,20.6,D,0
-14.1618,131.6544,320.4,1.4,1.2,2014-05-30,0442,Aqua,MODIS,50,6.2,302.3,12.2,D,0
-13.5347,130.8229,324.1,1.5,1.2,2014-05-30,0442,Aqua,MODIS,74,6.2,305,20.1,D,0
-13.2903,133.2328,327.9,1.1,1,2014-05-30,0442,Aqua,MODIS,63,6.2,305.6,14.8,D,0
-13.9588,132.7467,343.9,1.2,1.1,2014-05-30,0442,Aqua,MODIS,91,6.2,299.7,48.7,D,0
-13.9671,132.7589,335.1,1.2,1.1,2014-05-30,0442,Aqua,MODIS,64,6.2,299.7,30.7,D,0
-13.8739,131.839,332.8,1.3,1.1,2014-05-30,0442,Aqua,MODIS,83,6.2,309.3,28,D,0
-13.4405,132.5822,326.9,1.2,1.1,2014-05-30,0442,Aqua,MODIS,60,6.2,296.7,20.9,D,0
-13.4071,132.8307,327.4,1.2,1.1,2014-05-30,0442,Aqua,MODIS,77,6.2,302.6,19.5,D,0
-13.3097,131.8736,321.1,1.3,1.1,2014-05-30,0442,Aqua,MODIS,36,6.2,301.9,11.7,D,0
-13.3041,131.836,333.6,1.3,1.1,2014-05-30,0442,Aqua,MODIS,80,6.2,305.3,31.7,D,0
-12.9642,133.1777,324,1.1,1,2014-05-30,0442,Aqua,MODIS,34,6.2,302,13.5,D,0
-12.7622,131.8587,330.7,1.3,1.1,2014-05-30,0442,Aqua,MODIS,82,6.2,298.8,32.6,D,0
-12.7653,131.835,334.9,1.3,1.1,2014-05-30,0442,Aqua,MODIS,86,6.2,297.5,42.3,D,0
-13.4351,132.7692,321.6,1.2,1.1,2014-05-30,0442,Aqua,MODIS,24,6.2,303.9,10.8,D,0
-12.9656,133.1676,325.4,1.1,1,2014-05-30,0442,Aqua,MODIS,37,6.2,301.5,15,D,0
-13.2795,133.2416,321.3,1.1,1,2014-05-30,0442,Aqua,MODIS,49,6.2,304.3,7.5,D,0
-13.7981,130.9041,324.6,1.5,1.2,2014-05-30,0442,Aqua,MODIS,55,6.2,302.3,20.8,D,0
-13.4803,132.826,319,1.2,1.1,2014-05-30,0442,Aqua,MODIS,51,6.2,304.3,8.4,D,0
-13.442,132.5713,331.6,1.2,1.1,2014-05-30,0442,Aqua,MODIS,71,6.2,300.5,28.1,D,0
-13.4517,132.5726,327.2,1.2,1.1,2014-05-30,0442,Aqua,MODIS,55,6.2,300,22.2,D,0
-13.3113,131.8615,344.4,1.3,1.1,2014-05-30,0442,Aqua,MODIS,91,6.2,305.9,60.1,D,0
-13.3128,131.8496,324.1,1.3,1.1,2014-05-30,0442,Aqua,MODIS,41,6.2,304,15.3,D,0
-13.2468,131.7364,331.7,1.3,1.1,2014-05-30,0442,Aqua,MODIS,45,6.2,301,28.6,D,0
-13.7999,130.8899,324.8,1.5,1.2,2014-05-30,0442,Aqua,MODIS,60,6.2,307.1,19.5,D,0
-13.301,131.8602,328.6,1.3,1.1,2014-05-30,0442,Aqua,MODIS,57,6.2,303.1,22.5,D,0
-13.3026,131.8481,380.4,1.3,1.1,2014-05-30,0442,Aqua,MODIS,100,6.2,308,212.2,D,0
-13.4269,132.7571,320.9,1.2,1.1,2014-05-30,0442,Aqua,MODIS,13,6.2,301.1,9.3,D,0
-13.0629,133.342,325.6,1.1,1,2014-05-30,0442,Aqua,MODIS,76,6.2,306.3,14.2,D,0
-13.0855,133.386,325,1.1,1,2014-05-30,0442,Aqua,MODIS,76,6.2,303.9,13.2,D,0
-13.5529,131.7331,325.9,1.3,1.1,2014-05-30,0442,Aqua,MODIS,68,6.2,307.4,17.6,D,0
-14.0086,131.9138,324.8,1.3,1.1,2014-05-30,0442,Aqua,MODIS,56,6.2,309.1,11.7,D,0
-13.9983,131.9124,328.4,1.3,1.1,2014-05-30,0442,Aqua,MODIS,63,6.2,308.2,16.9,D,0
-13.285,133.2009,326.5,1.1,1.1,2014-05-30,0442,Aqua,MODIS,53,6.2,305.4,13.3,D,0
-13.9368,131.7595,334.7,1.4,1.2,2014-05-30,0442,Aqua,MODIS,74,6.2,308.9,32.9,D,0
-13.9352,131.772,338.5,1.4,1.2,2014-05-30,0442,Aqua,MODIS,86,6.2,306.5,40.6,D,0
-13.9455,131.7734,327.5,1.4,1.2,2014-05-30,0442,Aqua,MODIS,48,6.2,308.8,17.6,D,0
-14.015,131.8648,345.7,1.3,1.1,2014-05-30,0442,Aqua,MODIS,92,6.2,311.5,58.4,D,0
-13.2756,133.1996,332.6,1.1,1.1,2014-05-30,0442,Aqua,MODIS,83,6.2,305.5,20.7,D,0
-13.9439,131.7858,334.2,1.3,1.2,2014-05-30,0442,Aqua,MODIS,84,6.2,308.9,32.3,D,0
-13.5925,133.5671,318.8,1.1,1,2014-05-30,0442,Aqua,MODIS,66,6.2,301.1,8.6,D,0
-13.9419,131.7796,339.4,1.4,1.2,2014-05-30,0442,Aqua,MODIS,88,6.2,308.4,42.1,D,0
-13.9403,131.792,328.8,1.3,1.2,2014-05-30,0442,Aqua,MODIS,57,6.2,307.4,19.8,D,0
-13.4086,132.8201,354.1,1.2,1.1,2014-05-30,0442,Aqua,MODIS,97,6.2,305.5,76.3,D,0
-13.277,133.1894,340,1.1,1.1,2014-05-30,0442,Aqua,MODIS,89,6.2,304.5,35.2,D,0
-14.0213,131.871,331.6,1.3,1.1,2014-05-30,0442,Aqua,MODIS,72,6.2,310.1,21.7,D,0
-13.9505,132.7343,335.9,1.2,1.1,2014-05-30,0442,Aqua,MODIS,85,6.2,300.5,32.4,D,0
-13.8009,131.8611,329.2,1.3,1.1,2014-05-30,0442,Aqua,MODIS,80,6.2,306,21.7,D,0
-12.3441,133.0874,328.8,1.1,1,2014-05-30,0442,Aqua,MODIS,83,6.2,302,19.5,D,0
-12.3455,133.0773,331.7,1.1,1,2014-05-30,0442,Aqua,MODIS,85,6.2,302.2,23.9,D,0
-12.3347,133.0861,323,1.1,1,2014-05-30,0442,Aqua,MODIS,77,6.2,301.6,13.5,D,0
-12.3361,133.076,322.8,1.1,1,2014-05-30,0442,Aqua,MODIS,77,6.2,302.1,13.7,D,0
-13.8025,131.8488,329.2,1.3,1.1,2014-05-30,0442,Aqua,MODIS,80,6.2,305.1,20.8,D,0
-15.5396,128.1672,313.5,2.6,1.6,2014-05-30,0442,Aqua,MODIS,14,6.2,283.7,29.4,D,0
-15.292,126.2955,318.3,3.6,1.8,2014-05-30,0442,Aqua,MODIS,49,6.2,290.1,76.3,D,0
-12.3067,131.1309,325.2,1.4,1.2,2014-05-30,0443,Aqua,MODIS,78,6.2,301.1,25.8,D,0
-12.2459,131.0644,320.7,1.4,1.2,2014-05-30,0443,Aqua,MODIS,73,6.2,300.6,18.1,D,0
-12.2476,131.0514,313.6,1.4,1.2,2014-05-30,0443,Aqua,MODIS,54,6.2,299.5,7.2,D,0
-34.7015,118.2449,307,1.1,1.1,2014-05-30,0615,Aqua,MODIS,60,6.2,290.6,7.5,D,0
-34.341,119.2247,327.1,1.2,1.1,2014-05-30,0615,Aqua,MODIS,85,6.2,288.6,34.1,D,0
-34.3387,119.238,304.8,1.2,1.1,2014-05-30,0615,Aqua,MODIS,60,6.2,287.7,8,D,0
-34.4086,118.5755,306,1.2,1.1,2014-05-30,0615,Aqua,MODIS,63,6.2,290.7,7.7,D,0
-34.6995,118.257,343.8,1.1,1.1,2014-05-30,0615,Aqua,MODIS,93,6.2,289.9,57.8,D,0
-34.6901,118.2548,304.2,1.1,1.1,2014-05-30,0615,Aqua,MODIS,42,6.2,288.7,5.6,D,0
-33.8669,117.3548,330.9,1.1,1,2014-05-30,0615,Aqua,MODIS,87,6.2,288.3,32.4,D,0
-33.9113,117.4193,318.2,1.1,1,2014-05-30,0615,Aqua,MODIS,78,6.2,290.1,17.5,D,0
-33.9131,117.4078,302.1,1.1,1,2014-05-30,0615,Aqua,MODIS,29,6.2,288.9,4.6,D,0
-33.5054,117.5881,305,1.1,1,2014-05-30,0615,Aqua,MODIS,26,6.2,290.2,6.7,D,0
-33.5073,117.5764,308.5,1.1,1,2014-05-30,0615,Aqua,MODIS,65,6.2,288.1,9.3,D,0
-33.971,116.9174,307.2,1,1,2014-05-30,0615,Aqua,MODIS,45,6.2,288.6,7.4,D,0
-34.435,118.4981,300.5,1.1,1.1,2014-05-30,0615,Aqua,MODIS,26,6.2,289.6,3.8,D,0
-33.8577,117.3527,304.7,1.1,1,2014-05-30,0615,Aqua,MODIS,49,6.2,284.5,6.2,D,0
-30.5928,116.3546,310,1.1,1,2014-05-30,0616,Aqua,MODIS,68,6.2,292.3,8.6,D,0
-30.4306,115.6663,307.5,1,1,2014-05-30,0616,Aqua,MODIS,49,6.2,293.9,6.1,D,0
-30.429,115.677,309.7,1,1,2014-05-30,0616,Aqua,MODIS,62,6.2,293.3,7.7,D,0
-30.8695,115.6895,307.4,1,1,2014-05-30,0616,Aqua,MODIS,64,6.2,292.3,6.7,D,0
-31.7717,118.4345,321.4,1.2,1.1,2014-05-30,0616,Aqua,MODIS,81,6.2,289.7,25.7,D,0
-32.1892,117.1575,308.5,1.1,1,2014-05-30,0616,Aqua,MODIS,51,6.2,283.4,9.2,D,0
-30.5343,116.1324,308.7,1,1,2014-05-30,0616,Aqua,MODIS,65,6.2,291.4,8.3,D,0
-29.8187,115.3908,315.7,1,1,2014-05-30,0616,Aqua,MODIS,74,6.2,295,11.7,D,0
-29.8278,115.3926,331.9,1,1,2014-05-30,0616,Aqua,MODIS,87,6.2,296,29.3,D,0
-29.8262,115.4031,308.5,1,1,2014-05-30,0616,Aqua,MODIS,45,6.2,294.5,5.6,D,0
-32.4824,116.0494,309.6,1,1,2014-05-30,0616,Aqua,MODIS,69,6.2,282.5,10.8,D,0
-30.4199,115.6751,306.5,1,1,2014-05-30,0616,Aqua,MODIS,36,6.2,293.9,5.4,D,0
-30.5326,116.1433,302.7,1,1,2014-05-30,0616,Aqua,MODIS,44,6.2,291.3,4.4,D,0
-32.5742,116.9976,316.8,1.1,1,2014-05-30,0616,Aqua,MODIS,77,6.2,288.7,16.1,D,0
-30.4215,115.6644,309.7,1,1,2014-05-30,0616,Aqua,MODIS,60,6.2,294.5,7.6,D,0
-21.6542,118.6783,319.2,2,1.4,2014-05-30,0618,Aqua,MODIS,68,6.2,304.5,23,D,0
-21.6576,118.6596,345.5,2,1.4,2014-05-30,0618,Aqua,MODIS,93,6.2,305.4,119.7,D,0
-18.939,121.645,315.9,3.7,1.8,2014-05-30,0619,Aqua,MODIS,55,6.2,301.4,46.9,D,0
-18.8851,121.6275,326.2,3.7,1.8,2014-05-30,0619,Aqua,MODIS,51,6.2,296.9,123.8,D,0
-21.1777,119.9553,319.4,2.5,1.5,2014-05-30,0619,Aqua,MODIS,69,6.2,302.2,34.4,D,0
-21.1912,119.9582,324,2.5,1.5,2014-05-30,0619,Aqua,MODIS,76,6.2,303,52.9,D,0
-21.1847,119.9645,326.4,2.5,1.5,2014-05-30,0619,Aqua,MODIS,79,6.2,303.2,59.8,D,0
-15.5682,125.1977,305.7,1.2,1.1,2014-05-30,1407,Terra,MODIS,42,6.2,290.3,6.4,N,0
-16.1566,127.9926,305.1,1,1,2014-05-30,1407,Terra,MODIS,59,6.2,292.8,5.3,N,0
-16.5189,125.2509,324.3,1.2,1.1,2014-05-30,1407,Terra,MODIS,100,6.2,293.2,27.6,N,0
-16.5288,125.2523,305.5,1.2,1.1,2014-05-30,1407,Terra,MODIS,40,6.2,291.7,7.4,N,0
-16.5273,125.2637,308.2,1.2,1.1,2014-05-30,1407,Terra,MODIS,56,6.2,291.1,9.3,N,0
-12.4221,141.9198,307,2.4,1.5,2014-05-30,1532,Aqua,MODIS,70,6.2,291.4,27.5,N,0
-12.4259,141.9421,302.8,2.4,1.5,2014-05-30,1532,Aqua,MODIS,51,6.2,291.4,17.9,N,0
-16.5238,125.2589,308.5,1.1,1,2014-05-30,1712,Aqua,MODIS,54,6.2,284.8,10.7,N,0
-15.5781,125.2416,308.9,1.1,1,2014-05-30,1712,Aqua,MODIS,15,6.2,293.2,8.7,N,0
-16.4214,124.4542,309.7,1,1,2014-05-30,1712,Aqua,MODIS,78,6.2,294.6,8,N,0
-16.2514,125.0025,324.2,1.1,1,2014-05-30,1712,Aqua,MODIS,100,6.2,292.3,24.2,N,0
-16.2529,125.0128,300.8,1.1,1,2014-05-30,1712,Aqua,MODIS,11,6.2,289.9,4.4,N,0
-16.2607,125.0014,305.1,1.1,1,2014-05-30,1712,Aqua,MODIS,62,6.2,291.2,7.2,N,0
-30.8661,121.4915,301.7,1,1,2014-05-30,1716,Aqua,MODIS,43,6.2,273.2,9.9,N,2
-22.107,129.5369,315,3.4,1.7,2014-05-31,0101,Terra,MODIS,75,6.2,294,60.2,D,0
-16.793,126.7019,319.3,4.8,2,2014-05-31,0237,Terra,MODIS,73,6.2,285.6,112.2,D,0
-16.7904,126.6947,325,4.8,2,2014-05-31,0237,Terra,MODIS,79,6.2,284.6,172.7,D,0
-15.2463,126.3096,311.3,4.3,1.9,2014-05-31,0237,Terra,MODIS,48,6.2,296.2,39.5,D,0
-15.2441,126.3153,311.3,4.3,1.9,2014-05-31,0237,Terra,MODIS,48,6.2,296.1,38.2,D,0
-16.3883,125.5362,330.3,3.9,1.8,2014-05-31,0237,Terra,MODIS,83,6.2,298.5,163.2,D,0
-16.3921,125.5733,314.5,3.9,1.8,2014-05-31,0237,Terra,MODIS,53,6.2,298.1,45.5,D,0
-16.3774,125.5323,312.8,3.9,1.8,2014-05-31,0237,Terra,MODIS,34,6.2,297.5,35.1,D,0
-16.3976,125.5675,318.2,3.9,1.8,2014-05-31,0237,Terra,MODIS,69,6.2,297.9,69,D,0
-16.394,125.5305,327.3,3.9,1.8,2014-05-31,0237,Terra,MODIS,80,6.2,297.6,136.1,D,0
-16.5175,125.2898,318.7,3.8,1.8,2014-05-31,0237,Terra,MODIS,43,6.2,298.1,59.7,D,0
-16.7291,125.513,334.4,3.9,1.8,2014-05-31,0237,Terra,MODIS,87,6.2,298.4,207.7,D,0
-16.7348,125.5075,332.4,3.9,1.8,2014-05-31,0237,Terra,MODIS,85,6.2,298.1,186.8,D,0
-16.493,125.1252,321,3.6,1.8,2014-05-31,0237,Terra,MODIS,75,6.2,297.2,83,D,0
-16.258,125.0008,312.9,3.5,1.8,2014-05-31,0237,Terra,MODIS,40,6.2,296.6,29,D,0
-16.2508,124.9935,316,3.5,1.8,2014-05-31,0237,Terra,MODIS,62,6.2,296.9,46.3,D,0
-15.9608,124.7599,311.6,3.4,1.7,2014-05-31,0237,Terra,MODIS,50,6.2,296.3,27.6,D,0
-15.9561,124.7551,312.6,3.4,1.7,2014-05-31,0237,Terra,MODIS,55,6.2,296.3,33.7,D,0
-16.4964,125.1584,326.9,3.7,1.8,2014-05-31,0237,Terra,MODIS,81,6.2,297.7,124.5,D,0
-17.6548,123.1479,313.6,2.7,1.6,2014-05-31,0237,Terra,MODIS,59,6.2,299.3,24.4,D,0
-17.5714,123.2142,318.3,2.7,1.6,2014-05-31,0237,Terra,MODIS,70,6.2,299.9,40.4,D,0
-17.5753,123.2083,320.4,2.7,1.6,2014-05-31,0237,Terra,MODIS,70,6.2,299.8,47.4,D,0
-20.8119,118.9773,313.7,1.5,1.2,2014-05-31,0238,Terra,MODIS,52,6.2,301.6,9.6,D,0
-20.6974,117.1182,311.3,1.1,1.1,2014-05-31,0238,Terra,MODIS,35,6.2,301.2,6,D,0
-18.8974,121.6142,317,2.1,1.4,2014-05-31,0238,Terra,MODIS,47,6.2,300.9,21.9,D,0
-21.1683,119.9644,332,1.7,1.3,2014-05-31,0238,Terra,MODIS,85,6.2,301.5,59,D,0
-21.1701,119.981,320.6,1.7,1.3,2014-05-31,0238,Terra,MODIS,75,6.2,300.2,29.7,D,0
-21.161,118.5846,322.3,1.4,1.2,2014-05-31,0239,Terra,MODIS,76,6.2,302.7,20.2,D,0
-21.1673,118.5909,317.7,1.4,1.2,2014-05-31,0239,Terra,MODIS,67,6.2,302.8,13.3,D,0
-31.2679,149.8804,312,1.3,1.1,2014-05-31,0342,Aqua,MODIS,72,6.2,293.7,10.3,D,0
-31.2664,149.8936,308.7,1.3,1.1,2014-05-31,0342,Aqua,MODIS,40,6.2,296,6.9,D,0
-28.6971,149.7468,310,1.2,1.1,2014-05-31,0342,Aqua,MODIS,69,6.2,287,9.1,D,0
-31.4508,150.4793,313,1.2,1.1,2014-05-31,0342,Aqua,MODIS,64,6.2,297.8,8.5,D,0
-28.6956,149.7591,306.9,1.2,1.1,2014-05-31,0342,Aqua,MODIS,61,6.2,285.5,6.2,D,0
-29.8209,150.03,316.8,1.2,1.1,2014-05-31,0342,Aqua,MODIS,76,6.2,294.1,14.6,D,0
-29.8223,150.0176,310.6,1.2,1.1,2014-05-31,0342,Aqua,MODIS,69,6.2,295.6,8.5,D,0
-23.9439,150.2651,315.9,1,1,2014-05-31,0344,Aqua,MODIS,69,6.2,294.6,9.8,D,0
-24.5771,126.3736,338.5,1,1,2014-05-31,0522,Aqua,MODIS,89,6.2,303,35.1,D,0
-24.5757,126.3836,325.9,1,1,2014-05-31,0522,Aqua,MODIS,79,6.2,301,17.6,D,0
-24.5681,126.3721,314.1,1,1,2014-05-31,0522,Aqua,MODIS,62,6.2,300.7,6.6,D,0
-22.1083,129.5394,325.4,1.2,1.1,2014-05-31,0523,Aqua,MODIS,76,6.2,307.4,18.5,D,0
-20.0887,127.6439,328.8,1.1,1,2014-05-31,0523,Aqua,MODIS,76,6.2,308.9,16.6,D,0
-22.1103,129.5276,318.4,1.2,1.1,2014-05-31,0523,Aqua,MODIS,58,6.2,306.8,8.9,D,0
-20.0872,127.6541,336.9,1.1,1,2014-05-31,0523,Aqua,MODIS,85,6.2,310.3,28.6,D,0
-17.2164,126.4679,321.8,1,1,2014-05-31,0524,Aqua,MODIS,58,6.2,305.1,7.9,D,0
-17.2372,123.8613,335.9,1.1,1,2014-05-31,0524,Aqua,MODIS,85,6.2,306.2,26.6,D,0
-17.2358,123.8711,333.1,1.1,1,2014-05-31,0524,Aqua,MODIS,82,6.2,306.5,22.1,D,0
-17.2437,123.8824,323.5,1.1,1,2014-05-31,0524,Aqua,MODIS,41,6.2,307.2,9,D,0
-17.4738,126.5987,326.5,1,1,2014-05-31,0524,Aqua,MODIS,74,6.2,308.5,13.9,D,0
-16.8912,126.4261,333.6,1,1,2014-05-31,0524,Aqua,MODIS,82,6.2,306.9,22.9,D,0
-20.4341,123.8447,333.4,1.1,1.1,2014-05-31,0524,Aqua,MODIS,82,6.2,308.6,25.6,D,0
-20.4327,123.8554,326.7,1.1,1.1,2014-05-31,0524,Aqua,MODIS,74,6.2,310.5,14.8,D,0
-20.4399,123.9055,321.8,1.1,1.1,2014-05-31,0524,Aqua,MODIS,28,6.2,309,9.2,D,0
-16.8897,126.4357,327.9,1,1,2014-05-31,0524,Aqua,MODIS,65,6.2,309.2,14.8,D,0
-16.5032,127.2208,333.1,1.1,1.1,2014-05-31,0524,Aqua,MODIS,83,6.2,305.5,24.7,D,0
-16.4922,127.2296,347.2,1.1,1.1,2014-05-31,0524,Aqua,MODIS,93,6.2,307.7,49.5,D,0
-16.4937,127.2193,384.4,1.1,1.1,2014-05-31,0524,Aqua,MODIS,100,6.2,313.6,187,D,0
-16.4953,127.2089,340.2,1.1,1,2014-05-31,0524,Aqua,MODIS,86,6.2,306.2,38,D,0
-16.3531,127.9847,325.8,1.2,1.1,2014-05-31,0524,Aqua,MODIS,48,6.2,300.5,16.6,D,0
-16.3514,127.996,323.3,1.2,1.1,2014-05-31,0524,Aqua,MODIS,20,6.2,301.7,12.7,D,0
-16.4843,127.2177,347,1.1,1.1,2014-05-31,0524,Aqua,MODIS,93,6.2,306.9,51.4,D,0
-17.4205,126.3953,325.6,1,1,2014-05-31,0524,Aqua,MODIS,72,6.2,306.8,12.2,D,0
-16.353,127.9903,330.6,1.2,1.1,2014-05-31,0524,Aqua,MODIS,67,6.2,301.5,22.9,D,0
-16.8341,126.9302,331.7,1.1,1,2014-05-31,0524,Aqua,MODIS,63,6.2,307.1,23.5,D,0
-17.1667,127.2911,322.5,1.1,1,2014-05-31,0524,Aqua,MODIS,63,6.2,295.7,10.6,D,0
-16.5869,126.058,321.2,1,1,2014-05-31,0524,Aqua,MODIS,44,6.2,300.4,9.6,D,0
-16.5524,126.2281,326.7,1,1,2014-05-31,0524,Aqua,MODIS,59,6.2,303.3,15.5,D,0
-16.5016,127.2311,336.2,1.1,1.1,2014-05-31,0524,Aqua,MODIS,85,6.2,308.7,28,D,0
-16.5,127.2415,325.9,1.1,1.1,2014-05-31,0524,Aqua,MODIS,38,6.2,304.9,11.1,D,0
-16.5603,126.1122,327.8,1,1,2014-05-31,0524,Aqua,MODIS,47,6.2,304,17.2,D,0
-16.9856,126.9574,334.6,1.1,1,2014-05-31,0524,Aqua,MODIS,83,6.2,306.3,26.3,D,0
-17.4056,126.9296,324.4,1.1,1,2014-05-31,0524,Aqua,MODIS,66,6.2,301.7,9.3,D,0
-16.5063,127.2637,343.7,1.1,1.1,2014-05-31,0524,Aqua,MODIS,91,6.2,309.3,41.4,D,0
-16.4859,127.2074,358.4,1.1,1,2014-05-31,0524,Aqua,MODIS,99,6.2,302.7,81.9,D,0
-17.4008,126.8983,328,1.1,1,2014-05-31,0524,Aqua,MODIS,75,6.2,303.2,14,D,0
-16.8045,126.3856,325.7,1,1,2014-05-31,0524,Aqua,MODIS,73,6.2,306.1,15.2,D,0
-17.4474,126.5249,327.6,1,1,2014-05-31,0524,Aqua,MODIS,75,6.2,308.7,13.9,D,0
-17.2334,126.5369,321.1,1,1,2014-05-31,0524,Aqua,MODIS,35,6.2,304.1,8.4,D,0
-17.3961,126.8671,326.3,1.1,1,2014-05-31,0524,Aqua,MODIS,69,6.2,302.2,12.1,D,0
-17.3197,126.6962,322.1,1,1,2014-05-31,0524,Aqua,MODIS,45,6.2,299.5,10.5,D,0
-16.511,127.2326,330.3,1.1,1.1,2014-05-31,0524,Aqua,MODIS,77,6.2,308.1,18.8,D,0
-16.5094,127.2429,334,1.1,1.1,2014-05-31,0524,Aqua,MODIS,83,6.2,308.9,23.3,D,0
-17.6767,123.0543,353.1,1.1,1.1,2014-05-31,0524,Aqua,MODIS,96,6.2,310.8,69.4,D,0
-17.6781,123.0436,343.8,1.1,1.1,2014-05-31,0524,Aqua,MODIS,91,6.2,307.2,47.3,D,0
-17.6671,123.0529,345,1.1,1.1,2014-05-31,0524,Aqua,MODIS,91,6.2,306.5,49.9,D,0
-17.6685,123.0422,362.9,1.1,1.1,2014-05-31,0524,Aqua,MODIS,100,6.2,308.6,102.4,D,0
-17.6544,123.1488,328.5,1.1,1.1,2014-05-31,0524,Aqua,MODIS,77,6.2,308.3,19.6,D,0
-17.67,123.3226,331.6,1.1,1.1,2014-05-31,0524,Aqua,MODIS,81,6.2,306.7,23.6,D,0
-17.3764,126.9348,326.9,1.1,1,2014-05-31,0524,Aqua,MODIS,67,6.2,300.9,14.3,D,0
-17.3379,126.9523,323,1.1,1,2014-05-31,0524,Aqua,MODIS,61,6.2,303.1,8.8,D,0
-17.575,123.207,322.1,1.1,1.1,2014-05-31,0524,Aqua,MODIS,37,6.2,307.9,9.3,D,0
-17.6714,123.3121,318.6,1.1,1.1,2014-05-31,0524,Aqua,MODIS,55,6.2,305.6,6.3,D,0
-17.6848,123.0663,328.8,1.1,1.1,2014-05-31,0524,Aqua,MODIS,78,6.2,309.1,19.9,D,0
-17.6753,123.065,338.9,1.1,1.1,2014-05-31,0524,Aqua,MODIS,87,6.2,307.4,36.2,D,0
-17.5764,123.1965,322.8,1.1,1.1,2014-05-31,0524,Aqua,MODIS,61,6.2,307.1,11.2,D,0
-17.5655,123.2057,329.3,1.1,1.1,2014-05-31,0524,Aqua,MODIS,65,6.2,305.7,18.2,D,0
-17.5669,123.1951,333,1.1,1.1,2014-05-31,0524,Aqua,MODIS,82,6.2,305,25.1,D,0
-17.3779,126.9249,330.3,1.1,1,2014-05-31,0524,Aqua,MODIS,78,6.2,302.2,18.3,D,0
-17.6558,123.1382,320.7,1.1,1.1,2014-05-31,0524,Aqua,MODIS,63,6.2,307.5,9.4,D,0
-17.717,122.9721,320.4,1.2,1.1,2014-05-31,0524,Aqua,MODIS,49,6.2,306.2,8.9,D,0
-17.7155,122.9829,323.6,1.2,1.1,2014-05-31,0524,Aqua,MODIS,70,6.2,308.8,13.1,D,0
-17.6834,123.077,322.4,1.1,1.1,2014-05-31,0524,Aqua,MODIS,67,6.2,307.4,11.3,D,0
-17.6863,123.0556,331.1,1.1,1.1,2014-05-31,0524,Aqua,MODIS,80,6.2,308.3,23.1,D,0
-18.6052,121.8335,328.5,1.4,1.2,2014-05-31,0524,Aqua,MODIS,72,6.2,308.9,25.4,D,0
-18.9005,121.6171,327.1,1.4,1.2,2014-05-31,0524,Aqua,MODIS,67,6.2,307.9,21.7,D,0
-21.1713,118.5725,341.2,2.5,1.5,2014-05-31,0524,Aqua,MODIS,90,6.2,307.3,140.5,D,0
-21.1574,118.5709,337.2,2.5,1.5,2014-05-31,0524,Aqua,MODIS,87,6.2,307.9,114.7,D,0
-21.1598,118.5463,315.3,2.5,1.5,2014-05-31,0524,Aqua,MODIS,51,6.2,305.1,16.8,D,0
-21.1625,118.5895,325.2,2.5,1.5,2014-05-31,0524,Aqua,MODIS,76,6.2,307.4,52.3,D,0
-21.165,118.5651,343,2.5,1.5,2014-05-31,0524,Aqua,MODIS,91,6.2,308,152,D,0
-18.3733,127.5195,321.8,1.1,1,2014-05-31,0524,Aqua,MODIS,65,6.2,306.8,9.4,D,0
-18.3749,127.5092,320.9,1.1,1,2014-05-31,0524,Aqua,MODIS,63,6.2,305.4,8.6,D,0
-20.5575,119.0066,318.9,2.3,1.5,2014-05-31,0524,Aqua,MODIS,63,6.2,304.8,25.7,D,0
-20.5611,119.0001,321.1,2.3,1.5,2014-05-31,0524,Aqua,MODIS,68,6.2,305.5,32.4,D,0
-14.0824,126.3716,325.5,1.1,1,2014-05-31,0525,Aqua,MODIS,79,6.2,303.6,14.4,D,0
-14.0839,126.3617,321,1.1,1,2014-05-31,0525,Aqua,MODIS,67,6.2,302.7,9.6,D,0
-16.4034,125.5473,323.6,1,1,2014-05-31,0525,Aqua,MODIS,50,6.2,307.5,8.2,D,0
-16.4047,125.538,326.4,1,1,2014-05-31,0525,Aqua,MODIS,63,6.2,307,11.1,D,0
-16.4061,125.5286,328.4,1,1,2014-05-31,0525,Aqua,MODIS,66,6.2,304.1,13.7,D,0
-16.4961,125.4827,324.5,1,1,2014-05-31,0525,Aqua,MODIS,57,6.2,296,12.5,D,0
-16.5011,125.5121,341.6,1,1,2014-05-31,0525,Aqua,MODIS,85,6.2,302.4,35.1,D,0
-15.5865,125.2213,334.9,1,1,2014-05-31,0525,Aqua,MODIS,83,6.2,305.9,22.9,D,0
-14.6492,125.8467,317.7,1,1,2014-05-31,0525,Aqua,MODIS,42,6.2,303.5,5.9,D,0
-16.4238,124.4371,328.9,1,1,2014-05-31,0525,Aqua,MODIS,77,6.2,305.9,17.4,D,0
-16.4225,124.4465,330,1,1,2014-05-31,0525,Aqua,MODIS,80,6.2,306.4,19.1,D,0
-17.0157,122.4289,316.8,1.2,1.1,2014-05-31,0525,Aqua,MODIS,50,6.2,304.1,8.4,D,0
-16.4355,124.4196,320,1,1,2014-05-31,0525,Aqua,MODIS,57,6.2,301.5,9.3,D,0
-16.4342,124.429,333.3,1,1,2014-05-31,0525,Aqua,MODIS,83,6.2,302.2,24.7,D,0
-16.4329,124.4385,335,1,1,2014-05-31,0525,Aqua,MODIS,85,6.2,305,26,D,0
-16.7628,124.1076,323,1,1,2014-05-31,0525,Aqua,MODIS,55,6.2,307.9,9.4,D,0
-16.4316,124.448,333.3,1,1,2014-05-31,0525,Aqua,MODIS,83,6.2,306.4,23.6,D,0
-15.5701,125.2027,320.7,1,1,2014-05-31,0525,Aqua,MODIS,61,6.2,304.4,8.7,D,0
-16.4302,124.4574,325,1,1,2014-05-31,0525,Aqua,MODIS,70,6.2,304.9,13,D,0
-16.2448,124.9902,322.6,1,1,2014-05-31,0525,Aqua,MODIS,58,6.2,306.7,9.2,D,0
-16.2526,124.997,324.8,1,1,2014-05-31,0525,Aqua,MODIS,53,6.2,305.9,11.4,D,0
-14.6557,125.8534,318.8,1,1,2014-05-31,0525,Aqua,MODIS,50,6.2,303.2,7.3,D,0
-16.682,123.8356,317.3,1,1,2014-05-31,0525,Aqua,MODIS,57,6.2,304.2,5.9,D,0
-13.5931,130.7093,325.1,2.1,1.4,2014-05-31,0525,Aqua,MODIS,49,6.2,286.6,54.4,D,0
-13.2211,131.8035,328.4,2.5,1.5,2014-05-31,0525,Aqua,MODIS,82,6.2,295.7,65.3,D,0
-12.626,131.1282,327.3,2.3,1.5,2014-05-31,0525,Aqua,MODIS,53,6.2,294.5,66.4,D,0
-12.6223,131.1493,318.6,2.3,1.5,2014-05-31,0525,Aqua,MODIS,43,6.2,295.2,34.6,D,0
-12.6256,131.1427,325.6,2.3,1.5,2014-05-31,0525,Aqua,MODIS,80,6.2,295.4,56.3,D,0
-12.989,132.2824,321.3,2.8,1.6,2014-05-31,0525,Aqua,MODIS,76,6.2,296.2,49.4,D,0
-13.2278,131.8124,325.5,2.5,1.5,2014-05-31,0525,Aqua,MODIS,64,6.2,296.8,50,D,0
-12.9845,132.3077,328.3,2.8,1.6,2014-05-31,0525,Aqua,MODIS,81,6.2,298,83.2,D,0
-13.5915,130.7015,323.5,2.1,1.4,2014-05-31,0525,Aqua,MODIS,60,6.2,284.8,51.8,D,0
-12.9753,132.3594,320.6,2.8,1.6,2014-05-31,0525,Aqua,MODIS,58,6.2,295.2,49,D,0
-14.6757,129.9853,320.5,1.7,1.3,2014-05-31,0525,Aqua,MODIS,61,6.2,290.8,29.1,D,0
-16.2735,126.4306,321.2,1,1,2014-05-31,0525,Aqua,MODIS,54,6.2,304.6,8.2,D,0
-15.2546,126.2877,329,1.1,1,2014-05-31,0525,Aqua,MODIS,50,6.2,301.5,18.5,D,0
-14.6873,129.9874,325.7,1.7,1.3,2014-05-31,0525,Aqua,MODIS,76,6.2,286.1,42.7,D,0
-15.2348,126.2945,339.4,1.1,1,2014-05-31,0525,Aqua,MODIS,86,6.2,305,32.9,D,0
-15.3133,126.8845,322,1.1,1,2014-05-31,0525,Aqua,MODIS,53,6.2,304.8,8.6,D,0
-16.4658,126.5643,323.6,1.1,1,2014-05-31,0525,Aqua,MODIS,61,6.2,296.9,10.9,D,0
-15.1223,127.87,326.5,1.2,1.1,2014-05-31,0525,Aqua,MODIS,76,6.2,306.1,14.1,D,0
-15.1241,127.8586,326.4,1.2,1.1,2014-05-31,0525,Aqua,MODIS,76,6.2,306.4,13.4,D,0
-16.5011,124.8,318.9,1,1,2014-05-31,0525,Aqua,MODIS,49,6.2,303.7,6.4,D,0
-16.5101,124.8014,325.6,1,1,2014-05-31,0525,Aqua,MODIS,75,6.2,302.6,13.6,D,0
-16.4547,126.5125,328.5,1,1,2014-05-31,0525,Aqua,MODIS,66,6.2,297.1,17.8,D,0
-12.6695,132.5223,323.3,3,1.6,2014-05-31,0525,Aqua,MODIS,25,6.2,298.7,54.6,D,0
-12.6686,132.527,321.4,3,1.6,2014-05-31,0525,Aqua,MODIS,43,6.2,298.7,51.6,D,0
-12.4275,141.9223,342,1,1,2014-05-31,1312,Terra,MODIS,100,6.2,293.8,47.2,N,0
-12.4289,141.913,305.3,1,1,2014-05-31,1312,Terra,MODIS,64,6.2,292.7,5.6,N,0
-33.9594,116.7318,313.1,1.5,1.2,2014-05-31,1445,Terra,MODIS,86,6.2,281.3,27.6,N,0
-33.8653,115.9745,300.7,1.6,1.3,2014-05-31,1445,Terra,MODIS,32,6.2,281.7,13.9,N,0
-20.7654,118.9908,300.8,1,1,2014-05-31,1449,Terra,MODIS,31,6.2,287.1,5.7,N,0
-18.8966,121.6234,300.3,1.3,1.1,2014-05-31,1449,Terra,MODIS,25,6.2,290.2,6.6,N,0
-16.3805,125.4931,302,2.8,1.6,2014-05-31,1450,Terra,MODIS,46,6.2,289.5,22.3,N,0
-16.379,125.4872,304.8,2.8,1.6,2014-05-31,1450,Terra,MODIS,62,6.2,289.7,30.3,N,0
-16.4892,125.2253,311.2,2.7,1.6,2014-05-31,1450,Terra,MODIS,82,6.2,291.9,40.6,N,0
-16.4213,124.4293,305.1,2.3,1.5,2014-05-31,1450,Terra,MODIS,46,6.2,292.3,15.1,N,0
-17.2319,123.8772,302.7,2.1,1.4,2014-05-31,1450,Terra,MODIS,51,6.2,290.6,12.2,N,0
-17.2313,123.8716,302.4,2.1,1.4,2014-05-31,1450,Terra,MODIS,49,6.2,290.9,11.3,N,0
-17.1972,123.8451,309.5,2.1,1.4,2014-05-31,1450,Terra,MODIS,77,6.2,291.7,25,N,0
-12.4256,141.9192,311.1,1.4,1.2,2014-05-31,1615,Aqua,MODIS,82,6.2,292.2,16.2,N,0
-12.4272,141.9317,310.4,1.4,1.2,2014-05-31,1615,Aqua,MODIS,80,6.2,292,15.5,N,0
-15.1328,135.0093,306.7,1.2,1.1,2014-05-31,1616,Aqua,MODIS,55,6.2,288,10.4,N,0
-17.9911,138.0114,302.9,1,1,2014-05-31,1617,Aqua,MODIS,52,6.2,290.4,6.1,N,0
-17.9925,138.0211,301.1,1,1,2014-05-31,1617,Aqua,MODIS,38,6.2,288.9,5,N,0
-21.1372,118.5429,300,2.3,1.5,2014-05-31,1756,Aqua,MODIS,12,6.2,281.7,21,N,0
-21.509,148.4118,310.8,1.5,1.2,2014-06-01,0004,Terra,MODIS,70,6.2,278.4,17.3,D,0
-26.7954,150.1977,302.9,1.1,1,2014-06-01,0006,Terra,MODIS,54,6.2,284.5,5.2,D,0
-26.7971,150.2083,307.3,1.1,1,2014-06-01,0006,Terra,MODIS,65,6.2,287.5,8.3,D,2
-29.2081,149.9432,325.7,1,1,2014-06-01,0006,Terra,MODIS,84,6.2,290.1,23.2,D,0
-29.2098,149.9538,309.2,1,1,2014-06-01,0006,Terra,MODIS,61,6.2,289.7,7.7,D,0
-29.2064,149.9326,335.6,1,1,2014-06-01,0006,Terra,MODIS,90,6.2,290.5,36.2,D,0
-29.2048,149.922,332.1,1,1,2014-06-01,0006,Terra,MODIS,88,6.2,288,31.7,D,0
-29.2031,149.9114,308.8,1,1,2014-06-01,0006,Terra,MODIS,68,6.2,286.3,7.7,D,0
-12.2473,133.6655,326.6,1.3,1.1,2014-06-01,0140,Terra,MODIS,80,6.2,300.6,23.3,D,0
-12.2458,133.6538,321.6,1.3,1.1,2014-06-01,0140,Terra,MODIS,75,6.2,299.8,15.5,D,0
-13.1953,131.029,321.1,1,1,2014-06-01,0141,Terra,MODIS,63,6.2,302.3,8.3,D,0
-12.8429,130.6946,317.3,1,1,2014-06-01,0141,Terra,MODIS,58,6.2,300.4,8.2,D,0
-12.3835,133.3948,320.3,1.2,1.1,2014-06-01,0141,Terra,MODIS,53,6.2,296.7,14.2,D,0
-12.375,133.1758,318.4,1.2,1.1,2014-06-01,0141,Terra,MODIS,62,6.2,299.9,9.8,D,0
-12.3832,133.1632,332.8,1.2,1.1,2014-06-01,0141,Terra,MODIS,85,6.2,301,30.5,D,0
-12.8379,130.7234,318.3,1,1,2014-06-01,0141,Terra,MODIS,61,6.2,300.2,8.6,D,0
-12.514,133.3761,314.7,1.2,1.1,2014-06-01,0141,Terra,MODIS,55,6.2,298.9,8.6,D,0
-12.6388,133.2504,314.9,1.2,1.1,2014-06-01,0141,Terra,MODIS,45,6.2,299.1,7.4,D,0
-12.3951,133.3987,343.3,1.2,1.1,2014-06-01,0141,Terra,MODIS,92,6.2,301.6,53.4,D,0
-12.9326,130.7409,316.6,1,1,2014-06-01,0141,Terra,MODIS,54,6.2,300.4,7.2,D,0
-12.818,132.3907,320.8,1.1,1.1,2014-06-01,0141,Terra,MODIS,71,6.2,302.8,12.5,D,0
-12.8352,130.7051,359,1,1,2014-06-01,0141,Terra,MODIS,99,6.2,302.5,75,D,0
-12.4866,133.3232,331,1.2,1.1,2014-06-01,0141,Terra,MODIS,84,6.2,299.7,28.2,D,0
-12.9364,130.8308,323.5,1,1,2014-06-01,0141,Terra,MODIS,72,6.2,299.4,14.5,D,0
-14.93,133.7044,323.3,1.4,1.2,2014-06-01,0141,Terra,MODIS,77,6.2,299.3,22.8,D,0
-12.3935,133.3874,336.4,1.2,1.1,2014-06-01,0141,Terra,MODIS,88,6.2,299.4,38.5,D,0
-12.8339,130.6959,337.6,1,1,2014-06-01,0141,Terra,MODIS,87,6.2,301.5,31.7,D,0
-12.3607,133.1442,320.3,1.2,1.1,2014-06-01,0141,Terra,MODIS,72,6.2,300.5,12.7,D,0
-12.4639,133.3036,323.1,1.2,1.1,2014-06-01,0141,Terra,MODIS,32,6.2,300.6,15.2,D,0
-12.4571,130.9519,317.9,1,1,2014-06-01,0141,Terra,MODIS,65,6.2,300.5,7.4,D,0
-12.629,133.2522,314.5,1.2,1.1,2014-06-01,0141,Terra,MODIS,54,6.2,300.5,7,D,0
-12.4752,133.3133,344.9,1.2,1.1,2014-06-01,0141,Terra,MODIS,93,6.2,301,55.7,D,0
-12.8442,130.7038,316.5,1,1,2014-06-01,0141,Terra,MODIS,50,6.2,300.1,6.7,D,0
-12.4737,133.3021,334.1,1.2,1.1,2014-06-01,0141,Terra,MODIS,84,6.2,299.6,32.3,D,0
-12.8366,130.7142,345.2,1,1,2014-06-01,0141,Terra,MODIS,92,6.2,301.8,44.8,D,0
-12.4851,133.312,322.7,1.2,1.1,2014-06-01,0141,Terra,MODIS,43,6.2,298.8,14.4,D,0
-12.3622,133.1551,316.2,1.2,1.1,2014-06-01,0141,Terra,MODIS,49,6.2,299.8,6.6,D,0
-12.4584,130.9611,318.1,1,1,2014-06-01,0141,Terra,MODIS,67,6.2,302,7.6,D,0
-13.5622,131.7315,321.2,1.1,1,2014-06-01,0141,Terra,MODIS,65,6.2,302.9,9.7,D,0
-13.5083,132.738,315.6,1.2,1.1,2014-06-01,0141,Terra,MODIS,62,6.2,294,9.6,D,0
-13.8918,130.8193,321.9,1,1,2014-06-01,0141,Terra,MODIS,55,6.2,303.8,10.5,D,0
-13.423,132.7129,315.5,1.2,1.1,2014-06-01,0141,Terra,MODIS,27,6.2,298,10.6,D,0
-13.9353,133.339,325.7,1.3,1.1,2014-06-01,0141,Terra,MODIS,40,6.2,298.2,21.8,D,0
-13.0632,133.3672,315.1,1.3,1.1,2014-06-01,0141,Terra,MODIS,56,6.2,298.1,7.4,D,0
-13.913,133.3966,320.3,1.3,1.1,2014-06-01,0141,Terra,MODIS,61,6.2,297.8,14.9,D,0
-13.8867,132.7485,315.1,1.2,1.1,2014-06-01,0141,Terra,MODIS,23,6.2,295.1,10.1,D,0
-13.6022,130.6633,321.2,1,1,2014-06-01,0141,Terra,MODIS,57,6.2,302.7,9,D,0
-13.7788,132.1026,319.7,1.1,1,2014-06-01,0141,Terra,MODIS,65,6.2,300,11.9,D,0
-13.1696,132.5204,319,1.1,1.1,2014-06-01,0141,Terra,MODIS,63,6.2,300.8,7.9,D,0
-13.9883,133.428,315.8,1.3,1.1,2014-06-01,0141,Terra,MODIS,66,6.2,299.5,11.3,D,0
-13.4244,132.7235,322.8,1.2,1.1,2014-06-01,0141,Terra,MODIS,74,6.2,298.6,18.8,D,0
-13.2067,131.8177,320.7,1.1,1,2014-06-01,0141,Terra,MODIS,20,6.2,302.4,8.7,D,0
-14.0267,131.1182,321.6,1,1,2014-06-01,0141,Terra,MODIS,67,6.2,304.5,7.3,D,0
-13.9466,133.4161,317.1,1.3,1.1,2014-06-01,0141,Terra,MODIS,58,6.2,299.3,10.9,D,0
-13.1532,131.638,323.2,1,1,2014-06-01,0141,Terra,MODIS,58,6.2,303.3,8.9,D,0
-13.6089,130.7094,328.6,1,1,2014-06-01,0141,Terra,MODIS,76,6.2,303.3,16.8,D,0
-13.6076,130.7002,327.6,1,1,2014-06-01,0141,Terra,MODIS,69,6.2,302.6,15.6,D,0
-13.0587,131.8712,318.7,1.1,1,2014-06-01,0141,Terra,MODIS,53,6.2,301.3,6.3,D,0
-13.7774,132.0925,314.2,1.1,1,2014-06-01,0141,Terra,MODIS,33,6.2,296.4,6,D,0
-13.9446,133.4097,315.5,1.3,1.1,2014-06-01,0141,Terra,MODIS,61,6.2,298.5,10,D,0
-13.1682,132.5103,324.8,1.1,1.1,2014-06-01,0141,Terra,MODIS,76,6.2,302.4,15,D,0
-14.0452,133.5427,317.6,1.3,1.1,2014-06-01,0141,Terra,MODIS,64,6.2,300.3,12.3,D,0
-13.5972,130.6923,328.9,1,1,2014-06-01,0141,Terra,MODIS,80,6.2,304.1,17.6,D,0
-13.9353,133.3336,322.5,1.3,1.1,2014-06-01,0141,Terra,MODIS,56,6.2,298.7,16.5,D,0
-13.5986,130.7015,321.2,1,1,2014-06-01,0141,Terra,MODIS,42,6.2,305.3,8.7,D,0
-13.4236,131.5999,317.9,1,1,2014-06-01,0141,Terra,MODIS,59,6.2,303.1,6.6,D,0
-15.4109,131.8828,312.3,1.1,1.1,2014-06-01,0141,Terra,MODIS,31,6.2,296.4,5.4,D,0
-13.9114,133.3847,320.8,1.3,1.1,2014-06-01,0141,Terra,MODIS,44,6.2,298.9,15.4,D,0
-13.6902,131.3374,328.9,1,1,2014-06-01,0141,Terra,MODIS,81,6.2,302.7,18.2,D,0
-13.1518,131.6284,322.4,1,1,2014-06-01,0141,Terra,MODIS,40,6.2,303.4,8,D,0
-13.2165,131.6878,326.9,1.1,1,2014-06-01,0141,Terra,MODIS,78,6.2,304.1,11.4,D,0
-14.091,126.353,329.7,1.4,1.2,2014-06-01,0141,Terra,MODIS,61,6.2,300.8,32.8,D,0
-14.0852,126.36,337.3,1.4,1.2,2014-06-01,0141,Terra,MODIS,66,6.2,302.7,47.7,D,0
-14.0931,126.3656,318.6,1.4,1.2,2014-06-01,0141,Terra,MODIS,65,6.2,301.7,13.5,D,0
-14.3654,132.4366,322.5,1.2,1.1,2014-06-01,0141,Terra,MODIS,73,6.2,302.9,14.2,D,0
-14.3736,132.4247,318.9,1.2,1.1,2014-06-01,0141,Terra,MODIS,20,6.2,303,10.5,D,0
-15.1297,135.0075,314.7,1.7,1.3,2014-06-01,0141,Terra,MODIS,56,6.2,298.1,14.6,D,0
-12.6981,131.4735,322.7,1,1,2014-06-01,0141,Terra,MODIS,73,6.2,299.6,14.1,D,0
-13.1845,133.2864,316.6,1.2,1.1,2014-06-01,0141,Terra,MODIS,52,6.2,300.3,7.9,D,0
-12.6103,133.6372,314.2,1.3,1.1,2014-06-01,0141,Terra,MODIS,62,6.2,298.1,8.8,D,0
-14.5771,129.905,318.7,1,1,2014-06-01,0141,Terra,MODIS,34,6.2,302.5,6.8,D,0
-14.5923,129.8838,339.1,1,1,2014-06-01,0141,Terra,MODIS,88,6.2,302.1,31.2,D,0
-14.622,129.8981,325.6,1,1,2014-06-01,0141,Terra,MODIS,76,6.2,303.6,13.2,D,0
-14.6075,129.8626,322.1,1,1,2014-06-01,0141,Terra,MODIS,71,6.2,302.1,10.8,D,0
-14.5861,129.9036,319.1,1,1,2014-06-01,0141,Terra,MODIS,54,6.2,302,6.5,D,0
-14.5847,129.8944,326.5,1,1,2014-06-01,0141,Terra,MODIS,77,6.2,302.4,14.8,D,0
-14.5833,129.8852,332,1,1,2014-06-01,0141,Terra,MODIS,83,6.2,302.6,22.1,D,0
-15.0721,130.8409,321.3,1,1,2014-06-01,0141,Terra,MODIS,51,6.2,303.8,7.2,D,0
-15.063,130.8422,328.2,1,1,2014-06-01,0141,Terra,MODIS,79,6.2,303.9,15.1,D,0
-15.0616,130.8328,323.5,1,1,2014-06-01,0141,Terra,MODIS,57,6.2,303.7,9.5,D,0
-14.6233,129.9073,318.9,1,1,2014-06-01,0141,Terra,MODIS,40,6.2,301.8,6.7,D,0
-14.6511,129.9065,323.1,1,1,2014-06-01,0141,Terra,MODIS,72,6.2,302.4,11.8,D,0
-14.5937,129.893,328.5,1,1,2014-06-01,0141,Terra,MODIS,80,6.2,302.4,16,D,0
-14.5487,129.9629,329.2,1,1,2014-06-01,0141,Terra,MODIS,80,6.2,302.8,18.1,D,0
-13.741,130.2916,328.6,1,1,2014-06-01,0141,Terra,MODIS,79,6.2,301.6,17,D,0
-14.5259,129.9946,317.2,1,1,2014-06-01,0141,Terra,MODIS,62,6.2,301.9,6.5,D,0
-15.3465,129.0749,319.7,1,1,2014-06-01,0141,Terra,MODIS,66,6.2,303.1,7.5,D,0
-14.1498,129.7568,314.5,1,1,2014-06-01,0141,Terra,MODIS,51,6.2,298.6,5.9,D,0
-14.1407,130.1909,318.6,1,1,2014-06-01,0141,Terra,MODIS,13,6.2,301,5.6,D,0
-14.4164,129.7536,332.6,1,1,2014-06-01,0141,Terra,MODIS,84,6.2,301.5,24.4,D,0
-14.6478,125.8489,325.3,1.4,1.2,2014-06-01,0141,Terra,MODIS,76,6.2,301.5,25.8,D,0
-15.336,129.0669,327.1,1,1,2014-06-01,0141,Terra,MODIS,77,6.2,304.4,15.6,D,0
-14.4681,129.8527,327.1,1,1,2014-06-01,0141,Terra,MODIS,79,6.2,306.1,15.7,D,0
-14.4668,129.8435,329.7,1,1,2014-06-01,0141,Terra,MODIS,81,6.2,304.7,18.5,D,0
-14.4591,129.8541,327.4,1,1,2014-06-01,0141,Terra,MODIS,79,6.2,305.4,16,D,0
-14.4578,129.8449,330.3,1,1,2014-06-01,0141,Terra,MODIS,82,6.2,305.4,19.4,D,0
-14.1332,129.7687,312.8,1,1,2014-06-01,0141,Terra,MODIS,21,6.2,298.1,4.9,D,0
-14.65,125.862,320.3,1.4,1.2,2014-06-01,0141,Terra,MODIS,68,6.2,300.6,16.6,D,0
-14.6372,125.8505,318.8,1.4,1.2,2014-06-01,0141,Terra,MODIS,62,6.2,300.7,14.7,D,0
-14.4253,129.7522,381.8,1,1,2014-06-01,0141,Terra,MODIS,100,6.2,303.5,153.1,D,0
-15.3451,129.0655,331.5,1,1,2014-06-01,0141,Terra,MODIS,82,6.2,305.1,21.3,D,0
-14.4267,129.7614,354.2,1,1,2014-06-01,0141,Terra,MODIS,97,6.2,302,63.7,D,0
-14.4177,129.7628,316.4,1,1,2014-06-01,0141,Terra,MODIS,61,6.2,300.9,6.5,D,0
-13.5685,130.6212,318.3,1,1,2014-06-01,0141,Terra,MODIS,64,6.2,302.9,7.2,D,0
-16.1854,124.6954,312.4,1.6,1.3,2014-06-01,0142,Terra,MODIS,47,6.2,299.5,11,D,0
-16.3845,125.2639,324.1,1.5,1.2,2014-06-01,0142,Terra,MODIS,75,6.2,302.6,25.7,D,0
-16.5044,125.1445,313.8,1.5,1.2,2014-06-01,0142,Terra,MODIS,35,6.2,300.3,9.4,D,0
-15.5707,125.2132,316.8,1.5,1.2,2014-06-01,0142,Terra,MODIS,55,6.2,301,14.5,D,0
-17.8537,122.4887,310.9,2.2,1.4,2014-06-01,0142,Terra,MODIS,19,6.2,297.8,15.6,D,0
-17.8498,122.4681,313,2.2,1.4,2014-06-01,0142,Terra,MODIS,53,6.2,297.4,20.8,D,0
-16.1881,124.711,322.1,1.6,1.3,2014-06-01,0142,Terra,MODIS,74,6.2,299.3,28.2,D,0
-17.8518,122.4737,314.3,2.2,1.4,2014-06-01,0142,Terra,MODIS,59,6.2,297.4,24.5,D,0
-17.012,126.8544,317.1,1.2,1.1,2014-06-01,0142,Terra,MODIS,63,6.2,303.4,8.2,D,0
-17.3374,126.9511,328.5,1.1,1.1,2014-06-01,0142,Terra,MODIS,80,6.2,306.4,20.9,D,0
-16.1067,128.5039,318.7,1,1,2014-06-01,0142,Terra,MODIS,62,6.2,303.4,7.9,D,0
-16.5686,125.262,319.4,1.5,1.2,2014-06-01,0142,Terra,MODIS,69,6.2,301.6,17.5,D,0
-16.5709,125.2758,317.2,1.5,1.2,2014-06-01,0142,Terra,MODIS,64,6.2,301.3,13.6,D,0
-17.3391,126.9618,321.6,1.1,1.1,2014-06-01,0142,Terra,MODIS,71,6.2,303.9,11.5,D,0
-17.07,122.3219,318.1,2.3,1.5,2014-06-01,0142,Terra,MODIS,52,6.2,296.5,36.4,D,0
-16.1401,128.0032,317.1,1.1,1,2014-06-01,0142,Terra,MODIS,41,6.2,303.7,7.1,D,0
-16.1385,127.9932,321.2,1.1,1,2014-06-01,0142,Terra,MODIS,68,6.2,303.8,11.3,D,0
-17.0612,122.3296,313.9,2.3,1.5,2014-06-01,0142,Terra,MODIS,0,6.2,296.7,26.1,D,0
-16.4838,125.24,324.3,1.5,1.2,2014-06-01,0142,Terra,MODIS,76,6.2,302.6,24.6,D,0
-16.4332,124.4563,316.6,1.7,1.3,2014-06-01,0142,Terra,MODIS,63,6.2,300.6,17.2,D,0
-17.3452,126.9388,325,1.1,1.1,2014-06-01,0142,Terra,MODIS,70,6.2,304.5,15.5,D,0
-15.6308,128.7636,322.7,1,1,2014-06-01,0142,Terra,MODIS,70,6.2,301.1,12.8,D,0
-16.4862,125.2335,322.9,1.5,1.2,2014-06-01,0142,Terra,MODIS,55,6.2,302.8,20.4,D,0
-17.6554,123.1401,319.5,2,1.4,2014-06-01,0142,Terra,MODIS,70,6.2,300.6,31.4,D,0
-15.8089,125.1298,320.2,1.6,1.2,2014-06-01,0142,Terra,MODIS,70,6.2,302.8,21.1,D,0
-16.4996,125.1162,319,1.5,1.2,2014-06-01,0142,Terra,MODIS,68,6.2,301.3,18,D,0
-16.3888,125.4873,328.7,1.4,1.2,2014-06-01,0142,Terra,MODIS,55,6.2,302.8,27.9,D,0
-16.4016,125.4987,319.1,1.4,1.2,2014-06-01,0142,Terra,MODIS,33,6.2,301,12,D,0
-16.406,125.5252,315.9,1.4,1.2,2014-06-01,0142,Terra,MODIS,21,6.2,301.7,7.3,D,0
-16.281,125.5254,319.4,1.4,1.2,2014-06-01,0142,Terra,MODIS,68,6.2,304.1,13.2,D,0
-16.363,125.464,334.6,1.4,1.2,2014-06-01,0142,Terra,MODIS,86,6.2,303.6,45.8,D,0
-16.3653,125.4774,330.3,1.4,1.2,2014-06-01,0142,Terra,MODIS,70,6.2,303.9,33.9,D,0
-16.3865,125.4737,327.5,1.4,1.2,2014-06-01,0142,Terra,MODIS,43,6.2,301.8,26.3,D,0
-16.4957,125.2886,321.5,1.5,1.2,2014-06-01,0142,Terra,MODIS,63,6.2,302.2,18.4,D,0
-16.4906,125.2811,320.8,1.5,1.2,2014-06-01,0142,Terra,MODIS,69,6.2,302,17.8,D,0
-16.5112,125.4726,313.9,1.4,1.2,2014-06-01,0142,Terra,MODIS,39,6.2,300.2,8.7,D,0
-16.5134,125.4858,324.9,1.4,1.2,2014-06-01,0142,Terra,MODIS,77,6.2,301,25.5,D,0
-16.5514,125.4866,316.1,1.4,1.2,2014-06-01,0142,Terra,MODIS,62,6.2,302.6,11.7,D,0
-16.7397,125.5087,317.3,1.4,1.2,2014-06-01,0142,Terra,MODIS,65,6.2,302.6,13,D,0
-16.5279,125.2832,315.8,1.5,1.2,2014-06-01,0142,Terra,MODIS,49,6.2,302.7,8.6,D,0
-16.5372,125.3378,314.4,1.5,1.2,2014-06-01,0142,Terra,MODIS,38,6.2,302.4,8.2,D,0
-16.2549,126.6688,316.3,1.2,1.1,2014-06-01,0142,Terra,MODIS,29,6.2,301.2,9,D,0
-16.2567,126.6802,347.9,1.2,1.1,2014-06-01,0142,Terra,MODIS,94,6.2,306.1,66.3,D,0
-16.2585,126.6915,331.6,1.2,1.1,2014-06-01,0142,Terra,MODIS,50,6.2,305.6,27,D,0
-16.2683,126.6898,391.7,1.2,1.1,2014-06-01,0142,Terra,MODIS,100,6.2,309,262.4,D,0
-16.2685,126.6833,351.4,1.2,1.1,2014-06-01,0142,Terra,MODIS,96,6.2,302.8,73.3,D,0
-16.2703,126.6946,377.8,1.2,1.1,2014-06-01,0142,Terra,MODIS,100,6.2,309.6,178.6,D,0
-16.2701,126.7011,354.1,1.2,1.1,2014-06-01,0142,Terra,MODIS,97,6.2,306.2,79.7,D,0
-16.773,126.3223,316.2,1.3,1.1,2014-06-01,0142,Terra,MODIS,61,6.2,303.4,8.6,D,0
-16.449,126.5345,315.8,1.2,1.1,2014-06-01,0142,Terra,MODIS,46,6.2,303.3,7.6,D,0
-16.7148,126.529,320.3,1.2,1.1,2014-06-01,0142,Terra,MODIS,69,6.2,303.5,12.7,D,0
-17.4104,126.9164,319.8,1.1,1.1,2014-06-01,0142,Terra,MODIS,59,6.2,303.8,9.5,D,0
-16.5759,126.3088,320.5,1.3,1.1,2014-06-01,0142,Terra,MODIS,61,6.2,301.8,13,D,0
-15.943,126.576,340,1.2,1.1,2014-06-01,0142,Terra,MODIS,89,6.2,304,49.6,D,0
-16.8416,127.5282,335.3,1.1,1,2014-06-01,0142,Terra,MODIS,86,6.2,302.8,31.4,D,0
-16.512,127.2515,317.3,1.1,1.1,2014-06-01,0142,Terra,MODIS,26,6.2,304.7,6,D,0
-16.3499,126.7503,318.4,1.2,1.1,2014-06-01,0142,Terra,MODIS,65,6.2,304.5,8.4,D,0
-15.2057,126.2687,322.6,1.3,1.1,2014-06-01,0142,Terra,MODIS,73,6.2,301.9,19.9,D,0
-16.3207,127.6109,317.7,1.1,1,2014-06-01,0142,Terra,MODIS,49,6.2,303.3,8,D,0
-16.3222,127.621,317.1,1.1,1,2014-06-01,0142,Terra,MODIS,48,6.2,302.7,7.8,D,0
-16.3269,127.6143,319.9,1.1,1,2014-06-01,0142,Terra,MODIS,58,6.2,302.4,10.6,D,0
-15.2199,126.2914,328.4,1.3,1.1,2014-06-01,0142,Terra,MODIS,80,6.2,302.7,28.1,D,0
-15.2464,126.3249,316.9,1.3,1.1,2014-06-01,0142,Terra,MODIS,53,6.2,302,10.7,D,0
-16.5773,126.3151,320.2,1.3,1.1,2014-06-01,0142,Terra,MODIS,67,6.2,301.6,12.8,D,0
-16.5778,126.3204,316.7,1.3,1.1,2014-06-01,0142,Terra,MODIS,29,6.2,301.9,8.3,D,0
-15.2179,126.2793,320.3,1.3,1.1,2014-06-01,0142,Terra,MODIS,56,6.2,303,14.8,D,0
-15.257,126.2601,315.1,1.3,1.1,2014-06-01,0142,Terra,MODIS,53,6.2,301.7,9.6,D,0
-16.02,126.5449,320.5,1.3,1.1,2014-06-01,0142,Terra,MODIS,50,6.2,303.2,13.4,D,0
-16.0219,126.5564,335.5,1.2,1.1,2014-06-01,0142,Terra,MODIS,86,6.2,304.7,37.6,D,0
-16.03,126.5431,322.6,1.3,1.1,2014-06-01,0142,Terra,MODIS,40,6.2,302,15.5,D,0
-18.2043,125.6713,330.2,1.3,1.1,2014-06-01,0142,Terra,MODIS,81,6.2,305.5,29.2,D,0
-16.1875,126.5035,351.1,1.3,1.1,2014-06-01,0142,Terra,MODIS,95,6.2,305.2,77.2,D,0
-16.1895,126.5152,339.7,1.2,1.1,2014-06-01,0142,Terra,MODIS,89,6.2,304.8,45.7,D,0
-17.2084,123.8119,322.2,1.8,1.3,2014-06-01,0142,Terra,MODIS,51,6.2,300.4,25.9,D,0
-16.1956,126.4901,320.5,1.3,1.1,2014-06-01,0142,Terra,MODIS,55,6.2,301.5,14.6,D,0
-16.1975,126.5019,326,1.3,1.1,2014-06-01,0142,Terra,MODIS,52,6.2,303.1,20.5,D,0
-16.2211,126.5217,319,1.2,1.1,2014-06-01,0142,Terra,MODIS,37,6.2,302.9,10.4,D,0
-17.2114,123.8287,324.9,1.8,1.3,2014-06-01,0142,Terra,MODIS,61,6.2,301.8,32.1,D,0
-17.2231,123.8265,351.2,1.8,1.3,2014-06-01,0142,Terra,MODIS,96,6.2,300.8,129.6,D,0
-16.2311,126.52,317.7,1.2,1.1,2014-06-01,0142,Terra,MODIS,23,6.2,302.3,9.3,D,0
-17.2261,123.8433,335.3,1.8,1.3,2014-06-01,0142,Terra,MODIS,68,6.2,303.3,59.6,D,0
-17.2379,123.8411,324.9,1.8,1.3,2014-06-01,0142,Terra,MODIS,43,6.2,300.2,29.7,D,0
-16.39,126.5512,314.9,1.2,1.1,2014-06-01,0142,Terra,MODIS,52,6.2,302.8,7.6,D,0
-15.9654,126.5241,321.9,1.3,1.1,2014-06-01,0142,Terra,MODIS,68,6.2,302.8,14.9,D,0
-15.9644,126.5181,316.8,1.3,1.1,2014-06-01,0142,Terra,MODIS,46,6.2,302.6,8.9,D,0
-15.9343,126.6483,319.4,1.2,1.1,2014-06-01,0142,Terra,MODIS,67,6.2,302.8,12.1,D,0
-15.9664,126.5298,315.3,1.3,1.1,2014-06-01,0142,Terra,MODIS,30,6.2,302.6,7.2,D,0
-16.2757,126.5415,314,1.2,1.1,2014-06-01,0142,Terra,MODIS,45,6.2,302.6,7.2,D,0
-17.289,126.3437,321,1.2,1.1,2014-06-01,0142,Terra,MODIS,70,6.2,305,13.1,D,0
-17.2871,126.3322,322.5,1.2,1.1,2014-06-01,0142,Terra,MODIS,72,6.2,304.4,15.4,D,0
-18.1658,125.7536,327.7,1.3,1.1,2014-06-01,0142,Terra,MODIS,74,6.2,305.1,25.4,D,0
-18.1678,125.7658,321.8,1.3,1.1,2014-06-01,0142,Terra,MODIS,71,6.2,305.1,15.6,D,0
-17.3706,126.2155,329.3,1.3,1.1,2014-06-01,0142,Terra,MODIS,81,6.2,304,26.1,D,0
-17.3687,126.2039,354.7,1.3,1.1,2014-06-01,0142,Terra,MODIS,97,6.2,305.6,88.8,D,0
-16.5103,127.241,320.2,1.1,1.1,2014-06-01,0142,Terra,MODIS,57,6.2,305.2,8.9,D,0
-16.9568,126.9417,321.3,1.2,1.1,2014-06-01,0142,Terra,MODIS,71,6.2,305,11.8,D,0
-16.9551,126.9309,325.9,1.2,1.1,2014-06-01,0142,Terra,MODIS,77,6.2,304.9,18.2,D,0
-16.9527,126.9374,324.3,1.2,1.1,2014-06-01,0142,Terra,MODIS,74,6.2,305,14.2,D,0
-16.77,126.682,320,1.2,1.1,2014-06-01,0142,Terra,MODIS,61,6.2,304.4,10.5,D,0
-16.7602,126.6834,327,1.2,1.1,2014-06-01,0142,Terra,MODIS,78,6.2,305.4,20.7,D,0
-16.7584,126.6723,343.6,1.2,1.1,2014-06-01,0142,Terra,MODIS,91,6.2,306.1,53.1,D,0
-16.7566,126.6612,326.4,1.2,1.1,2014-06-01,0142,Terra,MODIS,78,6.2,303.3,20.6,D,0
-16.1577,126.5085,319.5,1.3,1.1,2014-06-01,0142,Terra,MODIS,63,6.2,302.4,13,D,0
-16.0517,126.5512,323.4,1.2,1.1,2014-06-01,0142,Terra,MODIS,52,6.2,302.6,17,D,0
-17.4087,126.9056,315.9,1.2,1.1,2014-06-01,0142,Terra,MODIS,34,6.2,303.1,5.5,D,0
-16.1878,126.6918,317.8,1.2,1.1,2014-06-01,0142,Terra,MODIS,64,6.2,303.7,10.3,D,0
-20.4385,123.9296,313.2,1.6,1.2,2014-06-01,0143,Terra,MODIS,33,6.2,301.7,9.5,D,0
-20.1509,127.8937,320.9,1,1,2014-06-01,0143,Terra,MODIS,70,6.2,304.1,10.7,D,0
-21.1684,119.9829,306.5,2.9,1.6,2014-06-01,0143,Terra,MODIS,46,6.2,296.4,17.4,D,0
-21.169,119.9757,307.8,2.9,1.6,2014-06-01,0143,Terra,MODIS,54,6.2,296.6,22.2,D,0
-20.7711,118.9913,310.1,3.4,1.7,2014-06-01,0143,Terra,MODIS,55,6.2,298.3,32.2,D,0
-20.7643,118.9857,309.6,3.4,1.7,2014-06-01,0143,Terra,MODIS,52,6.2,298,30.2,D,0
-18.8946,121.6152,311.5,2.4,1.5,2014-06-01,0143,Terra,MODIS,24,6.2,299.8,13.6,D,0
-21.143,118.5534,318.9,3.6,1.8,2014-06-01,0144,Terra,MODIS,76,6.2,299.2,78.2,D,0
-21.1199,118.5223,318.4,3.7,1.8,2014-06-01,0144,Terra,MODIS,75,6.2,298.3,76.7,D,0
-21.1506,118.5458,312.6,3.6,1.8,2014-06-01,0144,Terra,MODIS,19,6.2,297.7,41.8,D,0
-30.8668,121.5066,300.7,1.4,1.2,2014-06-01,0146,Terra,MODIS,39,6.2,290.4,5.7,D,2
-30.8641,121.4919,317.8,1.4,1.2,2014-06-01,0146,Terra,MODIS,78,6.2,290.5,26,D,2
-33.8345,122.5112,306,1.1,1.1,2014-06-01,0147,Terra,MODIS,63,6.2,288.3,9.5,D,0
-19.5684,140.2175,328,1,1,2014-06-01,0428,Aqua,MODIS,63,6.2,307,13.2,D,0
-19.5671,140.2271,329.2,1,1,2014-06-01,0428,Aqua,MODIS,63,6.2,309.3,14.7,D,0
-19.5594,140.216,353,1,1,2014-06-01,0428,Aqua,MODIS,96,6.2,308.5,56.3,D,0
-14.931,141.933,316.5,1.3,1.1,2014-06-01,0429,Aqua,MODIS,68,6.2,300.4,9.6,D,0
-15.5165,141.7274,319.8,1.2,1.1,2014-06-01,0429,Aqua,MODIS,36,6.2,301.9,10.7,D,0
-15.4704,141.8174,324.7,1.2,1.1,2014-06-01,0429,Aqua,MODIS,77,6.2,302.6,18.8,D,0
-15.4686,141.8288,317,1.2,1.1,2014-06-01,0429,Aqua,MODIS,44,6.2,300,8.2,D,0
-15.4841,143.204,310,1.5,1.2,2014-06-01,0429,Aqua,MODIS,39,6.2,293.9,6.9,D,0
-15.3698,141.5528,328.6,1.2,1.1,2014-06-01,0429,Aqua,MODIS,67,6.2,301.7,23.2,D,0
-15.3569,141.6996,324.7,1.2,1.1,2014-06-01,0429,Aqua,MODIS,77,6.2,298.2,20.2,D,0
-15.3681,141.5639,335.6,1.2,1.1,2014-06-01,0429,Aqua,MODIS,87,6.2,302.8,36.5,D,0
-16.9749,132.116,323,2.4,1.5,2014-06-01,0429,Aqua,MODIS,74,6.2,300.3,48.4,D,0
-16.9659,132.1078,324.6,2.4,1.5,2014-06-01,0429,Aqua,MODIS,76,6.2,299.7,51.1,D,0
-17.0635,132.1312,318.8,2.4,1.5,2014-06-01,0429,Aqua,MODIS,67,6.2,300.2,33.4,D,0
-17.0659,132.1089,317,2.4,1.5,2014-06-01,0429,Aqua,MODIS,63,6.2,299.8,28.8,D,0
-17.0687,132.1268,325.8,2.4,1.5,2014-06-01,0429,Aqua,MODIS,77,6.2,300.5,55.7,D,0
-14.6997,142.9239,329,1.5,1.2,2014-06-01,0429,Aqua,MODIS,55,6.2,298.5,34,D,0
-14.6867,142.9357,325.8,1.5,1.2,2014-06-01,0429,Aqua,MODIS,48,6.2,298.3,25.9,D,0
-16.9773,132.0938,315,2.4,1.5,2014-06-01,0429,Aqua,MODIS,57,6.2,299.5,22.5,D,0
-18.0051,138.0011,320.5,1,1,2014-06-01,0429,Aqua,MODIS,57,6.2,305.8,6.5,D,0
-17.9919,138.0293,318.7,1,1,2014-06-01,0429,Aqua,MODIS,43,6.2,306.7,5.7,D,0
-17.9959,137.9998,328,1,1,2014-06-01,0429,Aqua,MODIS,76,6.2,307.3,14.6,D,0
-16.8471,132.2045,319.6,2.3,1.5,2014-06-01,0429,Aqua,MODIS,69,6.2,299.4,34.5,D,0
-16.8382,132.1986,317,2.3,1.5,2014-06-01,0429,Aqua,MODIS,63,6.2,298.4,29,D,0
-14.5705,142.952,317.3,1.5,1.2,2014-06-01,0429,Aqua,MODIS,65,6.2,292.3,17.9,D,0
-14.6668,132.8633,331.6,1.9,1.4,2014-06-01,0430,Aqua,MODIS,84,6.2,300,58.6,D,0
-14.6647,132.8809,321.3,1.9,1.3,2014-06-01,0430,Aqua,MODIS,63,6.2,299.6,28.1,D,0
-12.3171,132.1651,338,2,1.4,2014-06-01,0430,Aqua,MODIS,89,6.2,298.9,88.4,D,0
-12.3189,132.1703,334.7,2,1.4,2014-06-01,0430,Aqua,MODIS,87,6.2,298.5,73.7,D,0
-12.2392,133.115,318.8,1.7,1.3,2014-06-01,0430,Aqua,MODIS,63,6.2,297.8,24.6,D,0
-12.2484,132.2121,321.2,2,1.4,2014-06-01,0430,Aqua,MODIS,73,6.2,296.2,33.5,D,0
-12.3211,132.1519,326.7,2,1.4,2014-06-01,0430,Aqua,MODIS,59,6.2,297.3,45.2,D,0
-12.5789,133.6898,330.3,1.6,1.2,2014-06-01,0430,Aqua,MODIS,83,6.2,299.2,42.5,D,0
-12.5777,133.6832,326.1,1.6,1.2,2014-06-01,0430,Aqua,MODIS,75,6.2,299.2,32.2,D,0
-12.7279,132.5186,328.9,1.9,1.3,2014-06-01,0430,Aqua,MODIS,82,6.2,298.7,51.6,D,0
-12.4781,133.4879,322,1.6,1.2,2014-06-01,0430,Aqua,MODIS,68,6.2,300,24.9,D,0
-13.5113,142.6671,310,1.5,1.2,2014-06-01,0430,Aqua,MODIS,59,6.2,294.9,7.3,D,0
-12.9424,130.7908,324.5,2.6,1.6,2014-06-01,0430,Aqua,MODIS,77,6.2,297.5,58.9,D,0
-12.5509,132.8177,325.5,1.8,1.3,2014-06-01,0430,Aqua,MODIS,70,6.2,300.2,35.6,D,0
-12.9478,130.7981,323.7,2.6,1.6,2014-06-01,0430,Aqua,MODIS,76,6.2,297.1,59,D,0
-12.4878,133.1347,331.8,1.7,1.3,2014-06-01,0430,Aqua,MODIS,84,6.2,298.9,47,D,0
-12.5654,132.3605,319.2,1.9,1.4,2014-06-01,0430,Aqua,MODIS,47,6.2,297.1,27.5,D,0
-12.7223,132.5069,323.5,1.9,1.3,2014-06-01,0430,Aqua,MODIS,76,6.2,297.9,34.7,D,0
-12.4917,133.1034,325.2,1.7,1.3,2014-06-01,0430,Aqua,MODIS,64,6.2,295.7,30.4,D,0
-13.767,134.5134,313.4,1.4,1.2,2014-06-01,0430,Aqua,MODIS,60,6.2,294.2,7,D,0
-12.9395,130.8146,345.5,2.6,1.5,2014-06-01,0430,Aqua,MODIS,93,6.2,297.2,183.2,D,0
-12.7203,132.5243,330.7,1.9,1.3,2014-06-01,0430,Aqua,MODIS,83,6.2,299.1,57.3,D,0
-12.7157,132.517,321,1.9,1.3,2014-06-01,0430,Aqua,MODIS,73,6.2,298.5,30.3,D,0
-12.4859,133.1502,324.9,1.7,1.3,2014-06-01,0430,Aqua,MODIS,64,6.2,298.5,29.2,D,0
-12.9451,130.822,335.2,2.6,1.5,2014-06-01,0430,Aqua,MODIS,86,6.2,298.9,116.9,D,0
-12.559,132.3483,327.8,2,1.4,2014-06-01,0430,Aqua,MODIS,81,6.2,298.7,50.5,D,0
-12.9339,130.7964,335.2,2.6,1.6,2014-06-01,0430,Aqua,MODIS,86,6.2,296.6,116.2,D,0
-12.5554,132.3411,328.6,2,1.4,2014-06-01,0430,Aqua,MODIS,79,6.2,297,50.7,D,0
-12.4762,133.5024,324.4,1.6,1.2,2014-06-01,0430,Aqua,MODIS,75,6.2,297.1,30.2,D,0
-12.5331,132.3202,319,2,1.4,2014-06-01,0430,Aqua,MODIS,36,6.2,299.7,24,D,0
-12.6788,131.1222,315.6,2.4,1.5,2014-06-01,0430,Aqua,MODIS,64,6.2,295.7,26.9,D,0
-12.8308,131.483,323.3,2.3,1.5,2014-06-01,0430,Aqua,MODIS,76,6.2,297.8,46.5,D,0
-12.539,132.8162,326.7,1.8,1.3,2014-06-01,0430,Aqua,MODIS,64,6.2,298.8,37.6,D,0
-12.4635,132.2511,317.5,2,1.4,2014-06-01,0430,Aqua,MODIS,58,6.2,298.6,23.6,D,0
-14.0908,133.001,329,1.8,1.3,2014-06-01,0430,Aqua,MODIS,74,6.2,288.7,43.7,D,0
-12.3984,132.7692,317.1,1.8,1.3,2014-06-01,0430,Aqua,MODIS,61,6.2,296.5,20.3,D,0
-14.1027,133.0023,353.1,1.8,1.3,2014-06-01,0430,Aqua,MODIS,97,6.2,297.8,143.9,D,0
-12.3786,132.1964,317.5,2,1.4,2014-06-01,0430,Aqua,MODIS,35,6.2,297.4,22.3,D,0
-12.3809,132.1781,322.2,2,1.4,2014-06-01,0430,Aqua,MODIS,65,6.2,298.1,36.7,D,0
-15.072,130.8336,332.5,2.8,1.6,2014-06-01,0430,Aqua,MODIS,84,6.2,302,107,D,0
-12.3482,132.1367,328.9,2,1.4,2014-06-01,0430,Aqua,MODIS,82,6.2,295.2,59.1,D,0
-15.0576,130.8319,316.7,2.8,1.6,2014-06-01,0430,Aqua,MODIS,23,6.2,295.1,28.9,D,0
-12.4613,132.2691,323.9,2,1.4,2014-06-01,0430,Aqua,MODIS,77,6.2,297.8,40.7,D,0
-13.8684,133.6927,317.2,1.6,1.3,2014-06-01,0430,Aqua,MODIS,56,6.2,288.9,15.9,D,0
-13.8648,133.7224,360.2,1.6,1.2,2014-06-01,0430,Aqua,MODIS,100,6.2,301.8,156.9,D,0
-13.8836,133.7551,324.4,1.6,1.2,2014-06-01,0430,Aqua,MODIS,33,6.2,297.4,24.9,D,0
-13.8761,133.724,339.4,1.6,1.2,2014-06-01,0430,Aqua,MODIS,76,6.2,298.8,65,D,0
-12.9842,132.2605,333.1,2,1.4,2014-06-01,0430,Aqua,MODIS,85,6.2,301.5,66.9,D,0
-13.8652,133.7156,354.1,1.6,1.2,2014-06-01,0430,Aqua,MODIS,97,6.2,299.8,123.8,D,0
-14.0768,133.0164,358.6,1.8,1.3,2014-06-01,0430,Aqua,MODIS,99,6.2,303.8,172.1,D,0
-14.0628,133.0317,325.9,1.8,1.3,2014-06-01,0430,Aqua,MODIS,28,6.2,300.3,29.5,D,0
-14.0747,133.0333,334.3,1.8,1.3,2014-06-01,0430,Aqua,MODIS,84,6.2,303,57.2,D,0
-12.353,132.4993,315.1,1.9,1.3,2014-06-01,0430,Aqua,MODIS,49,6.2,295.4,18.2,D,0
-14.0649,133.0148,331.1,1.8,1.3,2014-06-01,0430,Aqua,MODIS,53,6.2,302.5,46,D,0
-13.9637,133.1996,321.7,1.8,1.3,2014-06-01,0430,Aqua,MODIS,70,6.2,296.9,26.5,D,0
-13.9617,133.2158,316.8,1.8,1.3,2014-06-01,0430,Aqua,MODIS,33,6.2,296.7,15.3,D,0
-13.9824,133.4284,316.3,1.7,1.3,2014-06-01,0430,Aqua,MODIS,21,6.2,295.1,14.8,D,0
-13.9844,133.4128,318,1.7,1.3,2014-06-01,0430,Aqua,MODIS,51,6.2,294.7,18.7,D,0
-13.9498,133.4084,320.8,1.7,1.3,2014-06-01,0430,Aqua,MODIS,46,6.2,296.7,23.7,D,0
-13.8949,133.7566,332.5,1.6,1.2,2014-06-01,0430,Aqua,MODIS,62,6.2,291,44.9,D,0
-13.9059,133.5752,336.4,1.7,1.3,2014-06-01,0430,Aqua,MODIS,66,6.2,290.3,63.6,D,0
-13.9077,133.5598,323.4,1.7,1.3,2014-06-01,0430,Aqua,MODIS,71,6.2,292.3,29.5,D,0
-14.1049,132.9852,331.3,1.8,1.3,2014-06-01,0430,Aqua,MODIS,76,6.2,299,50.9,D,0
-14.0449,133.0809,334.7,1.8,1.3,2014-06-01,0430,Aqua,MODIS,85,6.2,299,59.9,D,0
-13.8855,133.7403,338.6,1.6,1.2,2014-06-01,0430,Aqua,MODIS,89,6.2,299.6,62.6,D,0
-13.7326,131.6406,321.2,2.3,1.5,2014-06-01,0430,Aqua,MODIS,56,6.2,294.7,40.2,D,0
-13.906,133.667,355,1.6,1.3,2014-06-01,0430,Aqua,MODIS,92,6.2,297,136,D,0
-13.8742,133.7388,364,1.6,1.2,2014-06-01,0430,Aqua,MODIS,100,6.2,303.7,176,D,0
-13.9098,133.7285,337.8,1.6,1.2,2014-06-01,0430,Aqua,MODIS,80,6.2,299.3,59.7,D,0
-12.9921,132.2988,320.6,2,1.4,2014-06-01,0430,Aqua,MODIS,45,6.2,302.5,27.7,D,0
-14.0608,133.0486,351.1,1.8,1.3,2014-06-01,0430,Aqua,MODIS,96,6.2,301.4,128.3,D,0
-13.9154,133.6835,326.3,1.6,1.3,2014-06-01,0430,Aqua,MODIS,79,6.2,293,34.4,D,0
-13.9135,133.6986,334.8,1.6,1.3,2014-06-01,0430,Aqua,MODIS,86,6.2,295.2,54.4,D,0
-13.9117,133.7136,330.1,1.6,1.3,2014-06-01,0430,Aqua,MODIS,83,6.2,297.2,40,D,0
-13.9192,133.7447,330.9,1.6,1.2,2014-06-01,0430,Aqua,MODIS,83,6.2,299.5,42.7,D,0
-13.5108,132.7292,312.4,1.9,1.3,2014-06-01,0430,Aqua,MODIS,22,6.2,296.3,9.5,D,0
-14.0459,133.552,322.2,1.7,1.3,2014-06-01,0430,Aqua,MODIS,60,6.2,291.1,28,D,0
-14.0439,133.5676,331.2,1.7,1.3,2014-06-01,0430,Aqua,MODIS,84,6.2,291.5,49.4,D,0
-13.9928,133.6065,317.4,1.6,1.3,2014-06-01,0430,Aqua,MODIS,39,6.2,297.5,18.4,D,0
-13.8633,133.7304,334.7,1.6,1.2,2014-06-01,0430,Aqua,MODIS,64,6.2,301.4,51.3,D,0
-33.1371,119.6536,303.5,1,1,2014-06-01,0603,Aqua,MODIS,56,6.2,291.4,4.5,D,0
-32.9114,117.208,301.8,1,1,2014-06-01,0603,Aqua,MODIS,46,6.2,291.1,3.6,D,0
-32.9174,117.2149,309.5,1,1,2014-06-01,0603,Aqua,MODIS,63,6.2,291.9,7.7,D,0
-32.91,117.2189,312.8,1,1,2014-06-01,0603,Aqua,MODIS,73,6.2,292.4,11.1,D,0
-34.2822,118.2451,300.6,1,1,2014-06-01,0603,Aqua,MODIS,40,6.2,287.2,3.8,D,0
-33.6234,122.2468,316.1,1.3,1.1,2014-06-01,0603,Aqua,MODIS,76,6.2,293.7,17.2,D,0
-33.6258,122.2334,305.8,1.3,1.1,2014-06-01,0603,Aqua,MODIS,62,6.2,292.9,6.6,D,0
-31.9728,116.8799,306.1,1,1,2014-06-01,0604,Aqua,MODIS,47,6.2,285.3,7,D,0
-30.9002,117.6032,309.5,1,1,2014-06-01,0604,Aqua,MODIS,62,6.2,296.1,5.2,D,0
-32.1756,117.1531,313,1,1,2014-06-01,0604,Aqua,MODIS,73,6.2,292.4,10.8,D,0
-20.4394,123.9105,323.1,3,1.6,2014-06-01,0606,Aqua,MODIS,62,6.2,309,49.3,D,0
-20.454,123.9139,327.7,3,1.6,2014-06-01,0606,Aqua,MODIS,72,6.2,305.9,77.1,D,0
-20.4339,123.939,360.3,3,1.6,2014-06-01,0606,Aqua,MODIS,100,6.2,308.7,379.3,D,0
-20.4338,123.9469,354.9,3,1.6,2014-06-01,0606,Aqua,MODIS,97,6.2,307.7,313.8,D,0
-20.4485,123.9501,317.2,3,1.6,2014-06-01,0606,Aqua,MODIS,33,6.2,303.5,32.8,D,0
-20.4486,123.9423,334.9,3,1.6,2014-06-01,0606,Aqua,MODIS,84,6.2,304.5,127.2,D,0
-20.4541,123.9219,341.2,3,1.6,2014-06-01,0606,Aqua,MODIS,89,6.2,306,179.4,D,0
-20.4395,123.9184,342.8,3,1.6,2014-06-01,0606,Aqua,MODIS,90,6.2,309.5,186.5,D,0
-21.1738,119.9797,377.3,1.5,1.2,2014-06-01,0606,Aqua,MODIS,100,6.2,309.6,244.7,D,0
-21.1763,119.9653,326.8,1.5,1.2,2014-06-01,0606,Aqua,MODIS,76,6.2,309.7,27.9,D,0
-21.8183,120.1806,330.1,1.5,1.2,2014-06-01,0606,Aqua,MODIS,81,6.2,304.8,38,D,0
-20.7986,118.9917,324.2,1.3,1.1,2014-06-01,0606,Aqua,MODIS,40,6.2,306.2,15.6,D,0
-20.7689,118.9925,328,1.3,1.1,2014-06-01,0606,Aqua,MODIS,26,6.2,309.2,22.1,D,0
-20.7586,118.9905,361.4,1.3,1.1,2014-06-01,0606,Aqua,MODIS,100,6.2,313.6,118.2,D,0
-20.7669,118.9398,331.3,1.3,1.1,2014-06-01,0606,Aqua,MODIS,80,6.2,308.5,26.8,D,0
-20.7484,118.9886,326.3,1.3,1.1,2014-06-01,0606,Aqua,MODIS,67,6.2,307.8,19.8,D,0
-20.7567,118.9378,326.4,1.3,1.1,2014-06-01,0606,Aqua,MODIS,73,6.2,308,19.5,D,0
-20.7657,118.9986,356.5,1.3,1.1,2014-06-01,0606,Aqua,MODIS,98,6.2,309.9,100,D,0
-20.7565,119.0033,376.6,1.3,1.1,2014-06-01,0606,Aqua,MODIS,100,6.2,310.3,195.8,D,0
-20.7463,119.0013,349.6,1.3,1.1,2014-06-01,0606,Aqua,MODIS,94,6.2,308.3,77.7,D,0
-21.1363,118.5552,369.3,1.2,1.1,2014-06-01,0606,Aqua,MODIS,100,6.2,306.9,142.6,D,0
-21.1263,118.5534,366.7,1.2,1.1,2014-06-01,0606,Aqua,MODIS,100,6.2,304.5,129.8,D,0
-21.1179,118.5463,362.4,1.2,1.1,2014-06-01,0606,Aqua,MODIS,100,6.2,304.8,113.5,D,0
-21.1382,118.5434,322.9,1.2,1.1,2014-06-01,0606,Aqua,MODIS,41,6.2,302.9,14.1,D,0
-21.1283,118.5415,373.8,1.2,1.1,2014-06-01,0606,Aqua,MODIS,100,6.2,306.8,162,D,0
-21.1184,118.5397,396.5,1.2,1.1,2014-06-01,0606,Aqua,MODIS,100,6.2,311.5,304.5,D,0
-21.1198,118.5344,361.2,1.2,1.1,2014-06-01,0606,Aqua,MODIS,100,6.2,310.8,108.2,D,0
-16.3643,125.4784,321,4.7,2,2014-06-01,0607,Aqua,MODIS,72,6.2,300.5,102.3,D,0
-16.3496,125.471,318.8,4.7,2,2014-06-01,0607,Aqua,MODIS,60,6.2,299,81.2,D,0
-16.5126,125.2863,318.5,4.6,2,2014-06-01,0607,Aqua,MODIS,48,6.2,299.7,75.8,D,0
-16.7466,125.4957,316.7,4.7,2,2014-06-01,0607,Aqua,MODIS,64,6.2,300.9,73.3,D,0
-16.7489,125.4923,316.1,4.7,2,2014-06-01,0607,Aqua,MODIS,63,6.2,300.5,65.1,D,0
-16.4876,125.4214,340.7,4.7,2,2014-06-01,0607,Aqua,MODIS,90,6.2,297.9,338.8,D,0
-16.47,125.4174,330.1,4.7,2,2014-06-01,0607,Aqua,MODIS,82,6.2,297.2,193,D,0
-16.488,125.4128,334.9,4.7,2,2014-06-01,0607,Aqua,MODIS,86,6.2,297.9,249.4,D,0
-16.4704,125.409,327.8,4.7,2,2014-06-01,0607,Aqua,MODIS,75,6.2,297.2,167.7,D,0
-17.2323,123.8093,328.9,3.4,1.7,2014-06-01,0607,Aqua,MODIS,75,6.2,300.1,106.2,D,0
-17.2394,123.8061,328.5,3.4,1.7,2014-06-01,0607,Aqua,MODIS,69,6.2,300.5,101,D,0
-17.2238,123.8028,318.8,3.4,1.7,2014-06-01,0607,Aqua,MODIS,27,6.2,299,45,D,0
-16.5101,125.1139,312.8,4.4,1.9,2014-06-01,0607,Aqua,MODIS,52,6.2,300.1,44.3,D,0
-17.857,122.4795,317,2.7,1.6,2014-06-01,0607,Aqua,MODIS,55,6.2,301.4,28,D,0
-17.8478,122.452,319.4,2.6,1.6,2014-06-01,0607,Aqua,MODIS,66,6.2,302.6,36.4,D,0
-17.8617,122.4549,315.1,2.6,1.6,2014-06-01,0607,Aqua,MODIS,30,6.2,301.7,21.4,D,0
-16.5637,125.2225,316.8,4.5,2,2014-06-01,0607,Aqua,MODIS,54,6.2,299,62.9,D,0
-16.5565,125.2596,317.2,4.5,2,2014-06-01,0607,Aqua,MODIS,49,6.2,300,67.4,D,0
-17.6749,123.1172,315.2,3,1.6,2014-06-01,0607,Aqua,MODIS,54,6.2,302.7,26.6,D,0
-17.8585,122.449,314.8,2.6,1.6,2014-06-01,0607,Aqua,MODIS,29,6.2,302,20.5,D,0
-17.6696,123.1451,318.8,3,1.6,2014-06-01,0607,Aqua,MODIS,66,6.2,302.8,42.3,D,0
-17.854,122.4736,319.5,2.7,1.6,2014-06-01,0607,Aqua,MODIS,67,6.2,301.5,37.7,D,0
-17.8446,122.4461,316.2,2.6,1.6,2014-06-01,0607,Aqua,MODIS,27,6.2,302.5,24.1,D,0
-16.4456,124.4503,311.9,4,1.9,2014-06-01,0607,Aqua,MODIS,43,6.2,299.2,36.3,D,0
-16.4401,124.442,313.6,4,1.9,2014-06-01,0607,Aqua,MODIS,44,6.2,299.7,46.2,D,0
-17.6,123.1817,316,3,1.7,2014-06-01,0607,Aqua,MODIS,27,6.2,300,28.3,D,0
-16.5553,125.2635,315.7,4.5,2,2014-06-01,0607,Aqua,MODIS,50,6.2,300,57.3,D,0
-17.2269,123.7916,306.6,2.6,1.6,2014-06-01,1354,Terra,MODIS,68,6.2,290.1,31.1,N,0
-16.2729,126.7549,303.4,1.5,1.2,2014-06-01,1355,Terra,MODIS,55,6.2,287,12.1,N,0
-13.712,130.2901,303.7,1,1,2014-06-01,1355,Terra,MODIS,56,6.2,293,4.8,N,0
-14.6473,129.9108,305.3,1,1,2014-06-01,1355,Terra,MODIS,61,6.2,294.4,5.4,N,0
-14.5672,129.893,312.3,1,1,2014-06-01,1355,Terra,MODIS,85,6.2,295.3,9.2,N,0
-16.3618,126.6846,305,1.6,1.2,2014-06-01,1355,Terra,MODIS,63,6.2,289.2,12.5,N,0
-15.8957,126.2929,300.7,1.6,1.3,2014-06-01,1355,Terra,MODIS,33,6.2,288,9.5,N,0
-15.9247,126.0455,302.4,1.7,1.3,2014-06-01,1355,Terra,MODIS,47,6.2,291.8,9.4,N,0
-14.3751,132.4364,305.5,1.1,1,2014-06-01,1355,Terra,MODIS,34,6.2,295.3,4.2,N,0
-14.3644,132.4447,307.8,1.1,1,2014-06-01,1355,Terra,MODIS,73,6.2,295.6,5.8,N,0
-12.3682,133.3868,305.3,1.2,1.1,2014-06-01,1355,Terra,MODIS,64,6.2,292.1,6,N,0
-12.3781,133.3883,313.1,1.2,1.1,2014-06-01,1355,Terra,MODIS,86,6.2,292,13.2,N,0
-12.942,131.4854,310.5,1,1,2014-06-01,1355,Terra,MODIS,80,6.2,294.1,8.9,N,0
-12.9434,131.476,317.9,1,1,2014-06-01,1355,Terra,MODIS,96,6.2,294.5,15,N,0
-12.5496,133.003,307.2,1.2,1.1,2014-06-01,1355,Terra,MODIS,70,6.2,293.8,6.7,N,0
-14.3938,133.4572,304,1.2,1.1,2014-06-01,1355,Terra,MODIS,58,6.2,293,5.9,N,0
-13.7283,130.6938,305.3,1,1,2014-06-01,1355,Terra,MODIS,64,6.2,293.7,5.4,N,0
-13.6909,131.3355,304.6,1,1,2014-06-01,1355,Terra,MODIS,61,6.2,292.6,5.3,N,0
-13.441,132.7177,307.6,1.1,1.1,2014-06-01,1355,Terra,MODIS,72,6.2,294.7,6.7,N,0
-15.5421,131.8899,300.4,1,1,2014-06-01,1355,Terra,MODIS,22,6.2,289.8,4.2,N,0
-13.4395,132.7279,304.8,1.1,1.1,2014-06-01,1355,Terra,MODIS,62,6.2,294.7,4.6,N,0
-13.449,132.7293,314.4,1.1,1.1,2014-06-01,1355,Terra,MODIS,89,6.2,295,12.4,N,0
-15.8224,132.0498,312.3,1,1,2014-06-01,1355,Terra,MODIS,85,6.2,290,11.3,N,0
-15.8315,132.0513,324.9,1,1,2014-06-01,1355,Terra,MODIS,100,6.2,293.5,23.6,N,0
-13.727,130.703,311.3,1,1,2014-06-01,1355,Terra,MODIS,82,6.2,294,9.4,N,0
-15.7911,131.9479,307.3,1,1,2014-06-01,1355,Terra,MODIS,71,6.2,292.2,6.2,N,0
-15.7925,131.9385,304,1,1,2014-06-01,1355,Terra,MODIS,36,6.2,292,3.9,N,0
-15.7647,131.8798,303.9,1,1,2014-06-01,1355,Terra,MODIS,50,6.2,292.9,4.3,N,0
-12.5961,133.1054,305.6,1.2,1.1,2014-06-01,1355,Terra,MODIS,65,6.2,293.3,5.5,N,0
-15.8238,132.0403,312.1,1,1,2014-06-01,1355,Terra,MODIS,80,6.2,292.7,11.2,N,0
-13.5848,130.6033,306,1,1,2014-06-01,1355,Terra,MODIS,66,6.2,293.6,5.8,N,0
-13.5835,130.6125,309.2,1,1,2014-06-01,1355,Terra,MODIS,77,6.2,294.1,8,N,0
-12.3697,133.3953,317.1,2,1.4,2014-06-01,1658,Aqua,MODIS,94,6.2,291,38.7,N,0
-12.3726,133.3898,315.9,2,1.4,2014-06-01,1658,Aqua,MODIS,92,6.2,290.8,35.6,N,0
-14.6449,125.8598,305.3,1,1,2014-06-01,1659,Aqua,MODIS,64,6.2,292.3,6,N,0
-13.4985,131.2496,318.1,1.4,1.2,2014-06-01,1659,Aqua,MODIS,96,6.2,292.2,27.3,N,0
-13.5003,131.263,311.8,1.4,1.2,2014-06-01,1659,Aqua,MODIS,59,6.2,287.8,19.2,N,0
-13.2917,131.7739,307,1.6,1.2,2014-06-01,1659,Aqua,MODIS,70,6.2,292.1,13.3,N,0
-17.4573,126.1903,302.4,1,1,2014-06-01,1700,Aqua,MODIS,49,6.2,291.3,5.2,N,0
-17.2415,123.8246,302.8,1.2,1.1,2014-06-01,1700,Aqua,MODIS,49,6.2,290.5,6.3,N,0
-17.2267,123.7937,309.5,1.2,1.1,2014-06-01,1700,Aqua,MODIS,78,6.2,290.6,11.8,N,0
-17.2284,123.8046,302.2,1.2,1.1,2014-06-01,1700,Aqua,MODIS,21,6.2,290.4,5.7,N,0
-17.4912,123.5258,300.3,1.2,1.1,2014-06-01,1700,Aqua,MODIS,24,6.2,289.1,6,N,0
-17.3318,126.9761,304.3,1,1,2014-06-01,1700,Aqua,MODIS,59,6.2,291.7,6.5,N,0
-16.4229,124.4173,305.1,1.1,1.1,2014-06-01,1700,Aqua,MODIS,63,6.2,293.6,6,N,0
-21.1512,119.9895,301.3,1.7,1.3,2014-06-01,1701,Aqua,MODIS,40,6.2,286.5,14.5,N,0
-12.4308,141.9234,314.8,1.2,1.1,2014-06-02,0045,Terra,MODIS,70,6.2,300.5,8.2,D,0
-17.863,138.6488,312.5,1.5,1.2,2014-06-02,0047,Terra,MODIS,58,6.2,299.8,9.6,D,0
-34.441,138.9836,304,1,1,2014-06-02,0051,Terra,MODIS,58,6.2,286.5,6.6,D,0
-14.2783,126.5605,314.1,2.5,1.5,2014-06-02,0224,Terra,MODIS,58,6.2,297.9,22,D,0
-15.3302,129.0397,313.8,4.1,1.9,2014-06-02,0224,Terra,MODIS,59,6.2,296.3,43,D,0
-13.7531,130.3065,313.7,4.8,2,2014-06-02,0224,Terra,MODIS,52,6.2,295.7,61,D,0
-13.6945,130.268,317.4,4.8,2,2014-06-02,0224,Terra,MODIS,68,6.2,294,100.6,D,0
-14.4768,129.8308,314.9,4.5,2,2014-06-02,0224,Terra,MODIS,52,6.2,290.9,69.4,D,0
-15.1811,126.271,312.4,2.5,1.5,2014-06-02,0224,Terra,MODIS,46,6.2,293.9,18.9,D,0
-13.6965,130.2752,320.1,4.8,2,2014-06-02,0224,Terra,MODIS,72,6.2,294.3,123.4,D,0
-15.1837,126.294,311.3,2.5,1.5,2014-06-02,0224,Terra,MODIS,29,6.2,294.4,15.7,D,0
-14.4764,129.8357,315.1,4.5,2,2014-06-02,0224,Terra,MODIS,47,6.2,291.1,69.5,D,0
-13.7511,130.3018,315.3,4.8,2,2014-06-02,0224,Terra,MODIS,32,6.2,295.8,67.2,D,0
-14.5149,125.782,320.9,2.2,1.4,2014-06-02,0224,Terra,MODIS,73,6.2,298.4,33.4,D,0
-14.5174,125.8023,315.8,2.2,1.4,2014-06-02,0224,Terra,MODIS,55,6.2,297.7,18.4,D,0
-15.4106,126.3256,314.1,2.5,1.5,2014-06-02,0224,Terra,MODIS,61,6.2,296.6,24.8,D,0
-13.6989,130.3123,312.4,4.8,2,2014-06-02,0224,Terra,MODIS,44,6.2,294.2,57.4,D,0
-13.7485,130.262,312.6,4.8,2,2014-06-02,0224,Terra,MODIS,43,6.2,295.3,55.9,D,0
-17.2389,123.7971,344.2,1.7,1.3,2014-06-02,0225,Terra,MODIS,92,6.2,307.3,85.8,D,0
-17.2429,123.8294,322.5,1.7,1.3,2014-06-02,0225,Terra,MODIS,32,6.2,306.4,14.8,D,0
-16.2772,126.6386,331.4,2.7,1.6,2014-06-02,0225,Terra,MODIS,84,6.2,298.1,94.8,D,0
-16.2661,126.6339,331.9,2.7,1.6,2014-06-02,0225,Terra,MODIS,84,6.2,299.9,96.3,D,0
-15.8879,126.2856,317.6,2.5,1.5,2014-06-02,0225,Terra,MODIS,67,6.2,299.4,36.8,D,0
-17.4403,126.4743,314.9,2.8,1.6,2014-06-02,0225,Terra,MODIS,56,6.2,301.9,22.9,D,0
-16.3039,126.4514,319.6,2.7,1.6,2014-06-02,0225,Terra,MODIS,68,6.2,298.5,41.8,D,0
-16.7351,126.6536,313.9,2.8,1.6,2014-06-02,0225,Terra,MODIS,42,6.2,295.6,22.4,D,0
-15.8801,126.2812,318,2.5,1.5,2014-06-02,0225,Terra,MODIS,68,6.2,298.6,38,D,0
-16.5357,127.198,321.2,3,1.7,2014-06-02,0225,Terra,MODIS,71,6.2,299.1,51.9,D,0
-15.7086,126.2428,323.5,2.5,1.5,2014-06-02,0225,Terra,MODIS,56,6.2,298.1,50.4,D,0
-17.2369,123.7809,328.3,1.7,1.3,2014-06-02,0225,Terra,MODIS,71,6.2,304,35.3,D,0
-15.7249,126.2646,327.4,2.5,1.5,2014-06-02,0225,Terra,MODIS,37,6.2,297.9,63.4,D,0
-16.5326,127.1699,322.3,3,1.7,2014-06-02,0225,Terra,MODIS,74,6.2,300,57.4,D,0
-15.7275,126.2881,336.5,2.5,1.5,2014-06-02,0225,Terra,MODIS,84,6.2,299.7,111.2,D,0
-17.2352,123.7918,340.3,1.7,1.3,2014-06-02,0225,Terra,MODIS,89,6.2,306.9,75.2,D,0
-16.5318,127.1645,319.1,3,1.7,2014-06-02,0225,Terra,MODIS,68,6.2,300,43.3,D,0
-17.2468,123.7903,327.2,1.7,1.3,2014-06-02,0225,Terra,MODIS,68,6.2,302.9,34.4,D,0
-17.3398,126.6838,313.7,2.9,1.6,2014-06-02,0225,Terra,MODIS,49,6.2,301.3,22.1,D,0
-17.2487,123.8064,339.1,1.7,1.3,2014-06-02,0225,Terra,MODIS,89,6.2,305.7,69.9,D,0
-15.6297,126.4076,316.6,2.6,1.5,2014-06-02,0225,Terra,MODIS,60,6.2,298.8,28.6,D,0
-15.6436,126.406,329.3,2.6,1.5,2014-06-02,0225,Terra,MODIS,82,6.2,299.4,80.6,D,0
-15.6352,126.4002,321.2,2.6,1.5,2014-06-02,0225,Terra,MODIS,74,6.2,299,47.6,D,0
-15.6491,126.3987,327.3,2.6,1.5,2014-06-02,0225,Terra,MODIS,80,6.2,298.4,71.7,D,0
-16.2601,126.6149,318.6,2.7,1.6,2014-06-02,0225,Terra,MODIS,27,6.2,299.1,33.5,D,0
-15.7111,126.266,320.6,2.5,1.5,2014-06-02,0225,Terra,MODIS,26,6.2,298.5,38.2,D,0
-16.5347,127.1927,327,3,1.7,2014-06-02,0225,Terra,MODIS,80,6.2,299.5,85.6,D,0
-16.0275,126.5839,312.4,2.7,1.6,2014-06-02,0225,Terra,MODIS,38,6.2,297.1,20,D,0
-16.0314,126.5764,313,2.7,1.6,2014-06-02,0225,Terra,MODIS,52,6.2,297.7,23.3,D,0
-16.2898,126.4531,321.2,2.7,1.6,2014-06-02,0225,Terra,MODIS,73,6.2,298.6,48.9,D,0
-15.9363,125.9643,311.5,2.4,1.5,2014-06-02,0225,Terra,MODIS,22,6.2,297.1,12.8,D,0
-16.4058,125.5065,318,2.3,1.5,2014-06-02,0225,Terra,MODIS,68,6.2,300.2,22.8,D,0
-16.4034,125.4854,327.3,2.2,1.5,2014-06-02,0225,Terra,MODIS,80,6.2,301,55.3,D,0
-15.9282,125.9719,316.1,2.4,1.5,2014-06-02,0225,Terra,MODIS,65,6.2,298.1,29.3,D,0
-15.8954,126.0445,315.6,2.4,1.5,2014-06-02,0225,Terra,MODIS,63,6.2,297.6,29,D,0
-16.7473,125.867,318.5,2.4,1.5,2014-06-02,0225,Terra,MODIS,64,6.2,299.7,33.1,D,0
-16.75,125.8899,322.3,2.4,1.5,2014-06-02,0225,Terra,MODIS,75,6.2,300.6,46.2,D,0
-16.7635,125.8883,327.5,2.4,1.5,2014-06-02,0225,Terra,MODIS,22,6.2,300.2,59.7,D,0
-16.7577,125.8833,324.1,2.4,1.5,2014-06-02,0225,Terra,MODIS,74,6.2,300.2,52,D,0
-16.7713,125.8818,322.8,2.4,1.5,2014-06-02,0225,Terra,MODIS,75,6.2,299.9,46.5,D,0
-16.5029,125.4457,319.8,2.2,1.4,2014-06-02,0225,Terra,MODIS,71,6.2,301.4,29.6,D,0
-16.5006,125.4403,322.8,2.2,1.4,2014-06-02,0225,Terra,MODIS,65,6.2,301.6,36.5,D,0
-16.7535,125.4831,319.3,2.3,1.5,2014-06-02,0225,Terra,MODIS,71,6.2,299,31.9,D,0
-16.5004,125.4248,322.2,2.2,1.4,2014-06-02,0225,Terra,MODIS,75,6.2,300.3,37.3,D,0
-16.5468,125.2681,313.7,2.2,1.4,2014-06-02,0225,Terra,MODIS,33,6.2,299,11.7,D,0
-17.9545,123.8745,332.2,1.8,1.3,2014-06-02,0225,Terra,MODIS,83,6.2,305.4,53.3,D,0
-17.9566,123.8913,332.9,1.8,1.3,2014-06-02,0225,Terra,MODIS,83,6.2,305.3,56.5,D,0
-17.963,123.8847,335.3,1.8,1.3,2014-06-02,0225,Terra,MODIS,85,6.2,305.5,64.2,D,0
-17.084,122.2942,333.3,1.4,1.2,2014-06-02,0225,Terra,MODIS,60,6.2,303.2,34.8,D,0
-16.4704,125.0634,319.8,2.1,1.4,2014-06-02,0225,Terra,MODIS,45,6.2,300.1,27.2,D,0
-17.7007,123.0121,316.3,1.5,1.2,2014-06-02,0225,Terra,MODIS,48,6.2,305.4,10.4,D,0
-16.4395,124.4637,316.7,1.9,1.3,2014-06-02,0225,Terra,MODIS,58,6.2,299.5,19.7,D,0
-16.4354,124.4295,325.5,1.9,1.3,2014-06-02,0225,Terra,MODIS,60,6.2,301.2,39.4,D,0
-17.0753,122.3083,321.3,1.4,1.2,2014-06-02,0225,Terra,MODIS,41,6.2,307.3,15.3,D,0
-16.5157,125.1119,323.6,2.1,1.4,2014-06-02,0225,Terra,MODIS,72,6.2,299.1,40.6,D,0
-17.337,126.6572,317.2,2.8,1.6,2014-06-02,0225,Terra,MODIS,64,6.2,302,34.5,D,0
-16.4474,124.4274,320.6,1.9,1.3,2014-06-02,0225,Terra,MODIS,27,6.2,299.1,27.5,D,0
-17.6702,123.1408,320,1.6,1.2,2014-06-02,0225,Terra,MODIS,67,6.2,306.9,16.1,D,0
-16.4375,124.4465,319.3,1.9,1.3,2014-06-02,0225,Terra,MODIS,65,6.2,300.7,25.2,D,0
-16.518,125.1313,318.8,2.1,1.4,2014-06-02,0225,Terra,MODIS,59,6.2,299,27.3,D,0
-16.4835,125.0557,317.3,2.1,1.4,2014-06-02,0225,Terra,MODIS,62,6.2,299.8,23.7,D,0
-16.483,125.0616,321.1,2.1,1.4,2014-06-02,0225,Terra,MODIS,60,6.2,300.3,31.5,D,0
-16.4709,125.0575,319.1,2.1,1.4,2014-06-02,0225,Terra,MODIS,70,6.2,300.1,27.5,D,0
-16.4344,122.9379,317.2,1.5,1.2,2014-06-02,0225,Terra,MODIS,67,6.2,299.7,16.6,D,0
-17.0857,122.3069,328.3,1.4,1.2,2014-06-02,0225,Terra,MODIS,69,6.2,304.8,26.4,D,0
-17.0266,122.4773,317.1,1.4,1.2,2014-06-02,0225,Terra,MODIS,63,6.2,304.7,13.8,D,0
-17.5421,123.2092,320.6,1.6,1.2,2014-06-02,0225,Terra,MODIS,58,6.2,304.6,18.9,D,0
-20.4419,123.9007,326.7,1.9,1.4,2014-06-02,0226,Terra,MODIS,75,6.2,307.9,36.2,D,0
-20.4469,123.9124,370.9,2,1.4,2014-06-02,0226,Terra,MODIS,100,6.2,309.2,291,D,0
-20.4613,123.9298,349.9,2,1.4,2014-06-02,0226,Terra,MODIS,95,6.2,302.3,144.2,D,0
-20.4448,123.8937,354.1,1.9,1.4,2014-06-02,0226,Terra,MODIS,97,6.2,306.2,162.6,D,0
-20.4489,123.9313,364,2,1.4,2014-06-02,0226,Terra,MODIS,100,6.2,311,234.9,D,0
-20.4463,123.9381,332.1,2,1.4,2014-06-02,0226,Terra,MODIS,82,6.2,308.9,54.2,D,0
-20.4441,123.9194,326.7,2,1.4,2014-06-02,0226,Terra,MODIS,77,6.2,308.1,36.8,D,0
-20.451,123.9499,327.4,2,1.4,2014-06-02,0226,Terra,MODIS,78,6.2,305.2,44.5,D,0
-21.8171,120.1834,315.4,1.2,1.1,2014-06-02,0226,Terra,MODIS,59,6.2,300.9,9.2,D,0
-21.8073,120.1848,322,1.2,1.1,2014-06-02,0226,Terra,MODIS,76,6.2,301.4,16.9,D,0
-21.8058,120.1914,319.5,1.2,1.1,2014-06-02,0226,Terra,MODIS,49,6.2,300.4,13.1,D,0
-21.8185,120.1946,312.7,1.2,1.1,2014-06-02,0226,Terra,MODIS,38,6.2,300.1,6.6,D,0
-21.3367,119.3266,316.2,1.1,1,2014-06-02,0226,Terra,MODIS,66,6.2,302.1,9,D,0
-21.3353,119.3163,320.1,1.1,1,2014-06-02,0226,Terra,MODIS,73,6.2,301,13.2,D,0
-21.743,119.1972,311.7,1.1,1,2014-06-02,0226,Terra,MODIS,55,6.2,301.3,5.2,D,0
-21.7445,119.2075,327.9,1.1,1,2014-06-02,0226,Terra,MODIS,82,6.2,301.4,22.3,D,0
-19.3947,146.7321,313.2,2.3,1.5,2014-06-02,0333,Aqua,MODIS,46,6.2,294.9,26.8,D,0
-17.8494,138.6438,312.7,3.9,1.8,2014-06-02,0511,Aqua,MODIS,48,6.2,300.2,31.9,D,0
-17.8567,138.6075,314.8,3.9,1.8,2014-06-02,0511,Aqua,MODIS,59,6.2,300.2,43.2,D,0
-19.1676,130.7827,323.1,1.1,1,2014-06-02,0511,Aqua,MODIS,59,6.2,307.8,10.7,D,0
-19.1411,130.7674,323.6,1.1,1,2014-06-02,0511,Aqua,MODIS,58,6.2,307.7,11.7,D,0
-20.4604,123.8999,329.4,1.7,1.3,2014-06-02,0511,Aqua,MODIS,62,6.2,308.7,35,D,0
-20.4548,123.9483,323.8,1.7,1.3,2014-06-02,0511,Aqua,MODIS,56,6.2,307.2,22.8,D,0
-19.1691,130.7723,329.8,1.1,1,2014-06-02,0511,Aqua,MODIS,79,6.2,306.6,19.3,D,0
-20.4567,123.9321,328.1,1.7,1.3,2014-06-02,0511,Aqua,MODIS,66,6.2,309.3,32.6,D,0
-20.4586,123.916,339.3,1.7,1.3,2014-06-02,0511,Aqua,MODIS,87,6.2,309.3,65.6,D,0
-20.4623,123.8837,338.9,1.7,1.3,2014-06-02,0511,Aqua,MODIS,86,6.2,307.6,67,D,0
-21.8125,120.18,321.4,3.3,1.7,2014-06-02,0511,Aqua,MODIS,70,6.2,304.1,71.1,D,0
-19.166,130.793,322.3,1.1,1,2014-06-02,0511,Aqua,MODIS,59,6.2,308.7,10.5,D,0
-15.834,131.9301,323.3,1.4,1.2,2014-06-02,0512,Aqua,MODIS,35,6.2,305.8,12.2,D,0
-15.6822,132.0645,323.9,1.4,1.2,2014-06-02,0512,Aqua,MODIS,66,6.2,306.3,17.9,D,0
-15.6786,132.0572,328.8,1.4,1.2,2014-06-02,0512,Aqua,MODIS,73,6.2,306.3,25.7,D,0
-15.6714,131.8626,327.1,1.4,1.2,2014-06-02,0512,Aqua,MODIS,39,6.2,306.2,18.1,D,0
-15.7772,131.8488,326.6,1.4,1.2,2014-06-02,0512,Aqua,MODIS,57,6.2,305.1,19.5,D,0
-15.5498,133.1706,325,1.7,1.3,2014-06-02,0512,Aqua,MODIS,71,6.2,304.5,27.7,D,0
-15.8361,131.9173,339.7,1.4,1.2,2014-06-02,0512,Aqua,MODIS,88,6.2,307.1,47.6,D,0
-15.7731,131.8743,321.2,1.4,1.2,2014-06-02,0512,Aqua,MODIS,52,6.2,305.1,9.4,D,0
-15.5276,131.8779,333.9,1.4,1.2,2014-06-02,0512,Aqua,MODIS,83,6.2,305.7,37.3,D,0
-15.5728,133.1749,327.1,1.7,1.3,2014-06-02,0512,Aqua,MODIS,62,6.2,305.5,30.8,D,0
-15.5292,131.8452,338.7,1.4,1.2,2014-06-02,0512,Aqua,MODIS,84,6.2,303.9,49.7,D,0
-15.5271,131.858,335.5,1.4,1.2,2014-06-02,0512,Aqua,MODIS,48,6.2,305.2,38.6,D,0
-15.8467,132.0521,324.2,1.4,1.2,2014-06-02,0512,Aqua,MODIS,42,6.2,306.6,16.2,D,0
-15.525,131.8709,332.3,1.4,1.2,2014-06-02,0512,Aqua,MODIS,49,6.2,304.9,30.2,D,0
-15.4796,131.9762,321.9,1.4,1.2,2014-06-02,0512,Aqua,MODIS,67,6.2,306.4,15.5,D,0
-15.548,131.8617,348.8,1.4,1.2,2014-06-02,0512,Aqua,MODIS,94,6.2,305.3,78,D,0
-15.7504,132.0161,323.9,1.4,1.2,2014-06-02,0512,Aqua,MODIS,70,6.2,307.2,16.1,D,0
-15.5459,131.8745,331.1,1.4,1.2,2014-06-02,0512,Aqua,MODIS,59,6.2,306,28.7,D,0
-15.6568,131.9527,321.1,1.4,1.2,2014-06-02,0512,Aqua,MODIS,64,6.2,305.6,12.6,D,0
-15.6777,131.8901,323.1,1.4,1.2,2014-06-02,0512,Aqua,MODIS,26,6.2,306.3,12.5,D,0
-15.6821,131.9972,341.6,1.4,1.2,2014-06-02,0512,Aqua,MODIS,89,6.2,306.7,55.1,D,0
-15.7792,131.8361,323.9,1.4,1.2,2014-06-02,0512,Aqua,MODIS,34,6.2,303.4,15.4,D,0
-15.7735,132.0068,321.2,1.4,1.2,2014-06-02,0512,Aqua,MODIS,43,6.2,307.4,10.2,D,0
-15.7876,131.8506,329.9,1.4,1.2,2014-06-02,0512,Aqua,MODIS,45,6.2,306.1,25.9,D,0
-15.5793,131.8671,325.7,1.4,1.2,2014-06-02,0512,Aqua,MODIS,73,6.2,304.6,20.2,D,0
-15.5375,131.8598,336.3,1.4,1.2,2014-06-02,0512,Aqua,MODIS,77,6.2,305.2,41.3,D,0
-15.5194,131.9297,324.3,1.4,1.2,2014-06-02,0512,Aqua,MODIS,47,6.2,305.1,18,D,0
-15.6843,132.0514,325.6,1.4,1.2,2014-06-02,0512,Aqua,MODIS,73,6.2,305.8,20.9,D,0
-15.5354,131.8726,331.8,1.4,1.2,2014-06-02,0512,Aqua,MODIS,44,6.2,306,27.7,D,0
-15.5979,131.8177,323.2,1.4,1.2,2014-06-02,0512,Aqua,MODIS,69,6.2,305.3,17.2,D,0
-15.6773,131.7594,351.7,1.4,1.2,2014-06-02,0512,Aqua,MODIS,95,6.2,307.8,85.5,D,0
-15.6793,131.7468,330.8,1.4,1.2,2014-06-02,0512,Aqua,MODIS,80,6.2,304.8,28.1,D,0
-15.6649,131.7702,323.9,1.4,1.2,2014-06-02,0512,Aqua,MODIS,41,6.2,304.9,15.4,D,0
-15.6669,131.7576,333,1.4,1.2,2014-06-02,0512,Aqua,MODIS,82,6.2,306.1,34.1,D,0
-15.669,131.745,322.6,1.4,1.2,2014-06-02,0512,Aqua,MODIS,57,6.2,305.2,13.8,D,0
-15.6359,131.8172,327,1.4,1.2,2014-06-02,0512,Aqua,MODIS,51,6.2,304.3,20.6,D,0
-15.6255,131.8153,332,1.4,1.2,2014-06-02,0512,Aqua,MODIS,81,6.2,304.1,31.3,D,0
-15.6276,131.8026,323,1.4,1.2,2014-06-02,0512,Aqua,MODIS,31,6.2,302.4,13,D,0
-15.6318,131.7774,337.6,1.4,1.2,2014-06-02,0512,Aqua,MODIS,86,6.2,304.2,43.1,D,0
-15.7688,131.8342,322.4,1.4,1.2,2014-06-02,0512,Aqua,MODIS,20,6.2,304.9,13.5,D,0
-15.8003,131.9053,332.2,1.4,1.2,2014-06-02,0512,Aqua,MODIS,81,6.2,305.4,30.1,D,0
-15.7774,131.9145,321.4,1.4,1.2,2014-06-02,0512,Aqua,MODIS,40,6.2,306,9.6,D,0
-15.7753,131.9273,324.5,1.4,1.2,2014-06-02,0512,Aqua,MODIS,67,6.2,305.9,15.3,D,0
-15.6311,131.8106,334.4,1.4,1.2,2014-06-02,0512,Aqua,MODIS,81,6.2,304.8,36.3,D,0
-15.6351,131.7852,328.8,1.4,1.2,2014-06-02,0512,Aqua,MODIS,65,6.2,304.4,25.1,D,0
-15.6083,131.8196,322.2,1.4,1.2,2014-06-02,0512,Aqua,MODIS,34,6.2,304.4,13.8,D,0
-15.8488,132.0391,322.6,1.4,1.2,2014-06-02,0512,Aqua,MODIS,31,6.2,305.7,14.1,D,0
-15.723,131.8064,319.9,1.4,1.2,2014-06-02,0512,Aqua,MODIS,52,6.2,304.3,11.6,D,0
-15.8069,131.899,328.7,1.4,1.2,2014-06-02,0512,Aqua,MODIS,77,6.2,305.2,26.1,D,0
-15.8048,131.9118,333.9,1.4,1.2,2014-06-02,0512,Aqua,MODIS,83,6.2,307,36,D,0
-15.8298,131.8899,331.5,1.4,1.2,2014-06-02,0512,Aqua,MODIS,72,6.2,303.6,30,D,0
-15.8277,131.9026,361.1,1.4,1.2,2014-06-02,0512,Aqua,MODIS,100,6.2,306.5,121.6,D,0
-15.8257,131.9154,352.7,1.4,1.2,2014-06-02,0512,Aqua,MODIS,96,6.2,304.6,87.5,D,0
-15.5248,131.9372,332.2,1.4,1.2,2014-06-02,0512,Aqua,MODIS,57,6.2,305.6,30.6,D,0
-15.8383,132.0372,325.9,1.4,1.2,2014-06-02,0512,Aqua,MODIS,55,6.2,306.2,19.5,D,0
-15.744,132.0553,319.8,1.4,1.2,2014-06-02,0512,Aqua,MODIS,48,6.2,306.5,9.3,D,0
-15.6942,131.8535,321.7,1.4,1.2,2014-06-02,0512,Aqua,MODIS,40,6.2,305.7,12.7,D,0
-15.8861,125.8828,316.2,1.1,1.1,2014-06-02,0512,Aqua,MODIS,36,6.2,299.7,7.6,D,0
-16.3725,125.2747,323,1.2,1.1,2014-06-02,0512,Aqua,MODIS,62,6.2,304.1,12.6,D,0
-15.856,126.0374,323.4,1.1,1.1,2014-06-02,0512,Aqua,MODIS,32,6.2,304.6,12.3,D,0
-15.8479,126.0258,322.6,1.1,1.1,2014-06-02,0512,Aqua,MODIS,37,6.2,303.9,12,D,0
-15.8465,126.036,354.8,1.1,1.1,2014-06-02,0512,Aqua,MODIS,97,6.2,306.6,73.5,D,0
-15.8573,126.0271,325.3,1.1,1.1,2014-06-02,0512,Aqua,MODIS,49,6.2,304.3,14.9,D,0
-16.763,125.8571,324.4,1.2,1.1,2014-06-02,0512,Aqua,MODIS,66,6.2,304.3,14.8,D,0
-16.7683,125.8906,319.5,1.1,1.1,2014-06-02,0512,Aqua,MODIS,27,6.2,305.7,7.5,D,0
-16.7616,125.8678,336.2,1.2,1.1,2014-06-02,0512,Aqua,MODIS,85,6.2,306.9,33.1,D,0
-16.5585,125.4918,317.6,1.2,1.1,2014-06-02,0512,Aqua,MODIS,47,6.2,304.5,7.4,D,0
-16.5202,125.4693,324.6,1.2,1.1,2014-06-02,0512,Aqua,MODIS,65,6.2,304.2,14.9,D,0
-16.5216,125.4581,335.1,1.2,1.1,2014-06-02,0512,Aqua,MODIS,84,6.2,305.6,33.3,D,0
-16.5231,125.447,333.4,1.2,1.1,2014-06-02,0512,Aqua,MODIS,83,6.2,303.6,29.5,D,0
-16.4697,125.4738,322.3,1.2,1.1,2014-06-02,0512,Aqua,MODIS,64,6.2,305.3,11.8,D,0
-16.4711,125.4626,364.7,1.2,1.1,2014-06-02,0512,Aqua,MODIS,100,6.2,306.4,115.4,D,0
-16.8546,126.0345,326.1,1.1,1.1,2014-06-02,0512,Aqua,MODIS,73,6.2,306.3,14.9,D,0
-16.5241,125.5154,318.7,1.2,1.1,2014-06-02,0512,Aqua,MODIS,32,6.2,304.7,7.3,D,0
-16.5255,125.5044,322.4,1.2,1.1,2014-06-02,0512,Aqua,MODIS,62,6.2,306.6,11.5,D,0
-16.7621,125.4872,338.4,1.2,1.1,2014-06-02,0512,Aqua,MODIS,76,6.2,306.6,35.9,D,0
-16.7636,125.4759,363.8,1.2,1.1,2014-06-02,0512,Aqua,MODIS,100,6.2,308.5,109.8,D,0
-16.7651,125.4646,345.8,1.2,1.1,2014-06-02,0512,Aqua,MODIS,92,6.2,304.4,56.1,D,0
-16.7509,125.4972,326.9,1.2,1.1,2014-06-02,0512,Aqua,MODIS,50,6.2,308.1,15.2,D,0
-16.7552,125.4633,348.9,1.2,1.1,2014-06-02,0512,Aqua,MODIS,94,6.2,308.1,64.7,D,0
-16.7567,125.452,319.3,1.2,1.1,2014-06-02,0512,Aqua,MODIS,25,6.2,304.2,9.1,D,0
-16.7454,125.4619,327.8,1.2,1.1,2014-06-02,0512,Aqua,MODIS,54,6.2,306.1,18.7,D,0
-16.7468,125.4506,328.5,1.2,1.1,2014-06-02,0512,Aqua,MODIS,73,6.2,304.4,21.6,D,0
-16.4149,125.4934,321.2,1.2,1.1,2014-06-02,0512,Aqua,MODIS,47,6.2,306.1,8.3,D,0
-15.7744,126.0291,329.1,1.1,1,2014-06-02,0512,Aqua,MODIS,79,6.2,304.1,20.4,D,0
-17.1906,132.0937,316.1,1.4,1.2,2014-06-02,0512,Aqua,MODIS,52,6.2,303.8,9,D,0
-17.1803,132.0918,316.4,1.4,1.2,2014-06-02,0512,Aqua,MODIS,53,6.2,303.7,9.4,D,0
-16.5453,125.2771,326.5,1.2,1.1,2014-06-02,0512,Aqua,MODIS,75,6.2,305.7,15.8,D,0
-16.5354,125.2756,327.9,1.2,1.1,2014-06-02,0512,Aqua,MODIS,77,6.2,306.5,17.6,D,0
-16.845,126.0332,341.8,1.1,1.1,2014-06-02,0512,Aqua,MODIS,89,6.2,308.2,41.8,D,0
-16.7421,132.785,319,1.5,1.2,2014-06-02,0512,Aqua,MODIS,39,6.2,304.9,12.6,D,0
-16.7312,132.7831,321.1,1.5,1.2,2014-06-02,0512,Aqua,MODIS,57,6.2,304.7,16.2,D,0
-16.8407,132.1768,315.2,1.4,1.2,2014-06-02,0512,Aqua,MODIS,36,6.2,303.3,9,D,0
-16.8302,132.175,320.1,1.4,1.2,2014-06-02,0512,Aqua,MODIS,66,6.2,302.2,16.6,D,0
-16.6958,136.9244,313.8,3.1,1.7,2014-06-02,0512,Aqua,MODIS,52,6.2,299,26.7,D,0
-16.6966,136.9168,315.1,3.1,1.7,2014-06-02,0512,Aqua,MODIS,57,6.2,299,30.8,D,0
-19.1554,121.7618,338.7,2.3,1.5,2014-06-02,0512,Aqua,MODIS,87,6.2,307.1,107.3,D,0
-19.142,121.7602,331,2.3,1.5,2014-06-02,0512,Aqua,MODIS,79,6.2,307.6,68.3,D,0
-14.6784,132.8713,318.4,1.7,1.3,2014-06-02,0512,Aqua,MODIS,50,6.2,301,11.5,D,0
-16.0711,130.4302,319.2,1.1,1.1,2014-06-02,0512,Aqua,MODIS,22,6.2,305.2,6.3,D,0
-16.0632,130.418,319.8,1.1,1.1,2014-06-02,0512,Aqua,MODIS,44,6.2,306,7.3,D,0
-15.3175,129.0254,320.9,1,1,2014-06-02,0512,Aqua,MODIS,60,6.2,303.8,8.1,D,0
-15.3255,129.0224,324.7,1,1,2014-06-02,0512,Aqua,MODIS,50,6.2,305.1,10.8,D,0
-15.3241,129.032,324.4,1,1,2014-06-02,0512,Aqua,MODIS,41,6.2,306.5,9.7,D,0
-17.3603,126.9372,333.5,1.1,1,2014-06-02,0512,Aqua,MODIS,82,6.2,309.5,22,D,0
-17.0393,122.4675,323,1.9,1.4,2014-06-02,0512,Aqua,MODIS,55,6.2,304.8,31.5,D,0
-17.3616,126.9273,324.9,1.1,1,2014-06-02,0512,Aqua,MODIS,70,6.2,309,10.6,D,0
-17.8818,123.9251,333,1.6,1.2,2014-06-02,0512,Aqua,MODIS,81,6.2,307.4,42.9,D,0
-17.5372,123.193,322,1.7,1.3,2014-06-02,0512,Aqua,MODIS,55,6.2,307.9,22.4,D,0
-15.3366,129.073,322.2,1,1,2014-06-02,0512,Aqua,MODIS,51,6.2,305.5,7.1,D,0
-16.9945,122.4915,314.9,1.9,1.4,2014-06-02,0512,Aqua,MODIS,33,6.2,303.5,14.4,D,0
-17.8835,123.9104,334,1.6,1.2,2014-06-02,0512,Aqua,MODIS,82,6.2,306.3,45.2,D,0
-17.8853,123.8958,345,1.6,1.2,2014-06-02,0512,Aqua,MODIS,91,6.2,307,80.6,D,0
-17.8871,123.8811,344.2,1.6,1.2,2014-06-02,0512,Aqua,MODIS,91,6.2,308.1,78.6,D,0
-16.4714,125.0586,324.6,1.3,1.1,2014-06-02,0512,Aqua,MODIS,64,6.2,302,15.6,D,0
-16.4829,125.0484,322.5,1.3,1.1,2014-06-02,0512,Aqua,MODIS,31,6.2,302.7,13.5,D,0
-17.7053,123.0079,317.2,1.8,1.3,2014-06-02,0512,Aqua,MODIS,37,6.2,306.5,12.8,D,0
-16.493,125.0497,328.6,1.3,1.1,2014-06-02,0512,Aqua,MODIS,72,6.2,301.7,23.8,D,0
-17.6454,123.0446,331.3,1.8,1.3,2014-06-02,0512,Aqua,MODIS,80,6.2,306,48.9,D,0
-17.6572,123.0461,346.6,1.8,1.3,2014-06-02,0512,Aqua,MODIS,92,6.2,306.5,105.2,D,0
-16.4915,125.0613,323.9,1.3,1.1,2014-06-02,0512,Aqua,MODIS,33,6.2,303.7,15.3,D,0
-17.0975,122.2882,354,2,1.4,2014-06-02,0512,Aqua,MODIS,0,6.2,307.8,167.7,D,0
-17.0953,122.3068,322.1,2,1.4,2014-06-02,0512,Aqua,MODIS,0,6.2,304.8,25.4,D,0
-17.1121,122.2711,315.4,2,1.4,2014-06-02,0512,Aqua,MODIS,0,6.2,302,13.7,D,0
-17.68,123.1235,319,1.8,1.3,2014-06-02,0512,Aqua,MODIS,29,6.2,307.2,13.2,D,0
-17.6434,123.0613,331,1.8,1.3,2014-06-02,0512,Aqua,MODIS,80,6.2,306.8,48.6,D,0
-17.6552,123.0628,339.8,1.8,1.3,2014-06-02,0512,Aqua,MODIS,88,6.2,307.1,76,D,0
-17.6781,123.14,324.7,1.8,1.3,2014-06-02,0512,Aqua,MODIS,71,6.2,308.5,25.8,D,0
-16.5265,125.1085,333.3,1.3,1.1,2014-06-02,0512,Aqua,MODIS,83,6.2,301.6,33,D,0
-16.528,125.0967,323,1.3,1.1,2014-06-02,0512,Aqua,MODIS,49,6.2,300.5,16.6,D,0
-16.512,125.1423,344.7,1.2,1.1,2014-06-02,0512,Aqua,MODIS,92,6.2,303.3,57.7,D,0
-16.1932,124.6839,322.6,1.3,1.1,2014-06-02,0512,Aqua,MODIS,55,6.2,304.3,16.6,D,0
-16.2738,128.0055,323,1,1,2014-06-02,0512,Aqua,MODIS,52,6.2,307.1,9,D,0
-16.374,125.2633,331.2,1.2,1.1,2014-06-02,0512,Aqua,MODIS,81,6.2,306.4,25.6,D,0
-15.8901,128.2444,336.7,1,1,2014-06-02,0512,Aqua,MODIS,84,6.2,307.5,25,D,0
-17.3439,126.6388,324.4,1.1,1,2014-06-02,0512,Aqua,MODIS,62,6.2,307.6,11.1,D,0
-15.3955,129.0532,320.9,1,1,2014-06-02,0512,Aqua,MODIS,49,6.2,304.6,6.6,D,0
-16.4355,124.4612,319.8,1.4,1.2,2014-06-02,0512,Aqua,MODIS,48,6.2,305.9,12.4,D,0
-16.4475,124.4501,332.1,1.4,1.2,2014-06-02,0512,Aqua,MODIS,73,6.2,305.1,33.7,D,0
-16.6286,125.2593,317.7,1.2,1.1,2014-06-02,0512,Aqua,MODIS,47,6.2,303.1,8.2,D,0
-16.3597,127.3964,345.4,1,1,2014-06-02,0512,Aqua,MODIS,92,6.2,307.6,42.9,D,0
-16.3583,127.4059,321.2,1,1,2014-06-02,0512,Aqua,MODIS,62,6.2,306.3,8,D,0
-17.0933,126.8799,326.7,1.1,1,2014-06-02,0512,Aqua,MODIS,73,6.2,308.9,14.3,D,0
-16.543,125.2176,316.4,1.2,1.1,2014-06-02,0512,Aqua,MODIS,28,6.2,302.3,6.1,D,0
-17.0291,122.4478,324.1,1.9,1.4,2014-06-02,0512,Aqua,MODIS,72,6.2,304,35.2,D,0
-17.0271,122.4659,322.6,1.9,1.4,2014-06-02,0512,Aqua,MODIS,52,6.2,307.1,30.7,D,0
-15.3161,129.0349,326,1,1,2014-06-02,0512,Aqua,MODIS,72,6.2,303.8,13.9,D,0
-14.9256,133.6696,329.8,1.9,1.3,2014-06-02,0512,Aqua,MODIS,80,6.2,305.3,42.9,D,0
-14.9467,133.6918,326.7,1.9,1.3,2014-06-02,0512,Aqua,MODIS,77,6.2,303.8,36.8,D,0
-14.9285,133.6523,329,1.9,1.3,2014-06-02,0512,Aqua,MODIS,75,6.2,304.3,41.5,D,0
-14.9165,133.6501,321.5,1.9,1.3,2014-06-02,0512,Aqua,MODIS,55,6.2,303.8,21.2,D,0
-14.9405,133.6545,327.2,1.9,1.3,2014-06-02,0512,Aqua,MODIS,73,6.2,302.7,37.4,D,0
-14.9497,133.6979,324.7,1.9,1.3,2014-06-02,0512,Aqua,MODIS,58,6.2,303.2,29.2,D,0
-15.9747,130.4622,349.5,1.1,1.1,2014-06-02,0512,Aqua,MODIS,94,6.2,306.5,61.3,D,0
-16.5701,127.0697,322.4,1,1,2014-06-02,0512,Aqua,MODIS,39,6.2,308,7.3,D,0
-16.3478,126.3333,317.1,1.1,1,2014-06-02,0512,Aqua,MODIS,45,6.2,303.2,7.5,D,0
-16.4186,126.3745,322.1,1.1,1,2014-06-02,0512,Aqua,MODIS,66,6.2,307.2,11.3,D,0
-16.5333,127.2015,351.8,1,1,2014-06-02,0512,Aqua,MODIS,95,6.2,310.1,54.6,D,0
-15.7038,126.2315,324.4,1.1,1,2014-06-02,0512,Aqua,MODIS,66,6.2,305,12.2,D,0
-16.1757,126.5314,320.5,1.1,1,2014-06-02,0512,Aqua,MODIS,37,6.2,305,8,D,0
-16.2601,126.7208,335.5,1.1,1,2014-06-02,0512,Aqua,MODIS,84,6.2,308.4,25.2,D,0
-15.9843,130.4638,320.6,1.1,1.1,2014-06-02,0512,Aqua,MODIS,57,6.2,305.6,8.9,D,0
-16.6375,126.4347,321.1,1.1,1,2014-06-02,0512,Aqua,MODIS,62,6.2,307.2,7.9,D,0
-15.6969,126.2819,322.9,1.1,1,2014-06-02,0512,Aqua,MODIS,67,6.2,305.4,11.5,D,0
-15.9731,130.4728,335.9,1.1,1.1,2014-06-02,0512,Aqua,MODIS,84,6.2,305.8,31.2,D,0
-15.7257,126.2504,340.9,1.1,1,2014-06-02,0512,Aqua,MODIS,89,6.2,305.6,38.3,D,0
-15.6447,126.3862,350,1.1,1,2014-06-02,0512,Aqua,MODIS,95,6.2,301.9,56,D,0
-17.2792,123.907,344.2,1.5,1.2,2014-06-02,0512,Aqua,MODIS,91,6.2,308,70.1,D,0
-17.2682,123.9055,335.8,1.5,1.2,2014-06-02,0512,Aqua,MODIS,80,6.2,309.9,43.1,D,0
-15.7231,126.2705,331.8,1.1,1,2014-06-02,0512,Aqua,MODIS,72,6.2,301.9,20,D,0
-15.7217,126.2805,326.1,1.1,1,2014-06-02,0512,Aqua,MODIS,40,6.2,303.8,12.2,D,0
-16.6302,126.6995,323.4,1.1,1,2014-06-02,0512,Aqua,MODIS,63,6.2,309.7,9.6,D,0
-16.5793,127.071,322.6,1,1,2014-06-02,0512,Aqua,MODIS,53,6.2,307,8.1,D,0
-16.5806,127.0613,322.2,1,1,2014-06-02,0512,Aqua,MODIS,48,6.2,307.4,7.6,D,0
-15.6937,126.4191,355.8,1.1,1,2014-06-02,0512,Aqua,MODIS,98,6.2,304.7,72.3,D,0
-15.6341,126.3948,325.6,1.1,1,2014-06-02,0512,Aqua,MODIS,37,6.2,303.2,12.1,D,0
-15.8434,126.2743,359.9,1.1,1,2014-06-02,0512,Aqua,MODIS,99,6.2,306.4,86.4,D,0
-16.5846,127.0323,321.2,1,1,2014-06-02,0512,Aqua,MODIS,50,6.2,308.3,7,D,0
-15.8421,126.2845,360.5,1.1,1,2014-06-02,0512,Aqua,MODIS,100,6.2,307.9,87.6,D,0
-16.532,127.2111,325.8,1,1,2014-06-02,0512,Aqua,MODIS,49,6.2,307.2,10.9,D,0
-16.5859,127.0226,359.8,1,1,2014-06-02,0512,Aqua,MODIS,99,6.2,310.3,77.7,D,0
-16.5872,127.0129,328.6,1,1,2014-06-02,0512,Aqua,MODIS,76,6.2,307.8,15.4,D,0
-17.2944,126.8667,323.7,1.1,1,2014-06-02,0512,Aqua,MODIS,68,6.2,308.9,10.9,D,0
-17.2931,126.8766,334.3,1.1,1,2014-06-02,0512,Aqua,MODIS,83,6.2,309.2,25.5,D,0
-15.8621,126.2771,338,1.1,1,2014-06-02,0512,Aqua,MODIS,87,6.2,305.9,33.3,D,0
-18.2246,125.6623,321.9,1.2,1.1,2014-06-02,0512,Aqua,MODIS,56,6.2,310.2,7.7,D,0
-18.2261,125.6507,329.4,1.2,1.1,2014-06-02,0512,Aqua,MODIS,75,6.2,309.8,19.8,D,0
-16.0595,126.5684,321,1.1,1,2014-06-02,0512,Aqua,MODIS,30,6.2,307.1,7.7,D,0
-16.1385,126.667,326.5,1.1,1,2014-06-02,0512,Aqua,MODIS,73,6.2,305.5,13.6,D,0
-16.1505,126.5783,332.2,1.1,1,2014-06-02,0512,Aqua,MODIS,80,6.2,306.1,21.7,D,0
-15.9134,126.2902,324.5,1.1,1,2014-06-02,0512,Aqua,MODIS,71,6.2,305.4,13.5,D,0
-16.1492,126.5881,363.5,1.1,1,2014-06-02,0512,Aqua,MODIS,100,6.2,309.1,91.9,D,0
-15.731,126.2819,327.4,1.1,1,2014-06-02,0512,Aqua,MODIS,61,6.2,303.7,15.5,D,0
-15.739,126.2933,323.5,1.1,1,2014-06-02,0512,Aqua,MODIS,40,6.2,305,11.5,D,0
-16.1478,126.598,348.5,1.1,1,2014-06-02,0512,Aqua,MODIS,93,6.2,309,51.3,D,0
-16.1465,126.6079,341.5,1.1,1,2014-06-02,0512,Aqua,MODIS,89,6.2,308.3,37,D,0
-16.1398,126.6572,326.7,1.1,1,2014-06-02,0512,Aqua,MODIS,74,6.2,306.7,13.9,D,0
-16.7386,126.651,324.1,1.1,1,2014-06-02,0512,Aqua,MODIS,57,6.2,309.5,9.6,D,0
-16.7399,126.6411,335.7,1.1,1,2014-06-02,0512,Aqua,MODIS,84,6.2,310.7,25.8,D,0
-16.7243,126.5468,322.4,1.1,1,2014-06-02,0512,Aqua,MODIS,65,6.2,308.4,8,D,0
-15.6826,126.1769,325.8,1.1,1,2014-06-02,0512,Aqua,MODIS,74,6.2,305.3,16.8,D,0
-17.3111,126.3453,323,1.1,1.1,2014-06-02,0512,Aqua,MODIS,65,6.2,309.9,8.8,D,0
-15.4178,128.9012,322.4,1,1,2014-06-02,0512,Aqua,MODIS,55,6.2,304.2,8.6,D,0
-16.7914,126.7252,323.8,1.1,1,2014-06-02,0512,Aqua,MODIS,46,6.2,310.8,6.9,D,0
-15.9482,126.6467,319.3,1.1,1,2014-06-02,0512,Aqua,MODIS,55,6.2,305.6,6,D,0
-16.29,126.4314,334.1,1.1,1,2014-06-02,0512,Aqua,MODIS,70,6.2,308.3,23.8,D,0
-16.2886,126.4415,327.8,1.1,1,2014-06-02,0512,Aqua,MODIS,42,6.2,306.1,14.6,D,0
-16.3059,126.4542,323.8,1.1,1,2014-06-02,0512,Aqua,MODIS,33,6.2,307.2,10.6,D,0
-16.295,126.5343,324.3,1.1,1,2014-06-02,0512,Aqua,MODIS,70,6.2,305,13.1,D,0
-16.2936,126.5443,321.1,1.1,1,2014-06-02,0512,Aqua,MODIS,63,6.2,304.4,9.1,D,0
-16.3486,126.68,324.4,1.1,1,2014-06-02,0512,Aqua,MODIS,68,6.2,306.6,10.4,D,0
-15.6029,128.3869,322.4,1,1,2014-06-02,0512,Aqua,MODIS,41,6.2,307.8,7.2,D,0
-16.3549,126.7713,324.8,1.1,1,2014-06-02,0512,Aqua,MODIS,71,6.2,310.5,9.7,D,0
-16.218,126.6139,331.5,1.1,1,2014-06-02,0512,Aqua,MODIS,80,6.2,307,21.1,D,0
-16.2167,126.6238,324.5,1.1,1,2014-06-02,0512,Aqua,MODIS,22,6.2,306.1,10.5,D,0
-16.2154,126.6337,331.9,1.1,1,2014-06-02,0512,Aqua,MODIS,74,6.2,305.3,20.4,D,0
-17.4668,126.1872,322.4,1.1,1.1,2014-06-02,0512,Aqua,MODIS,64,6.2,309.2,9.9,D,0
-16.0743,126.3875,327.6,1.1,1,2014-06-02,0512,Aqua,MODIS,75,6.2,305.7,16.9,D,0
-16.0757,126.3775,330.8,1.1,1,2014-06-02,0512,Aqua,MODIS,79,6.2,306,21.3,D,0
-16.2801,126.6432,322.9,1.1,1,2014-06-02,0512,Aqua,MODIS,43,6.2,306.2,7.7,D,0
-16.2853,126.6743,320.8,1.1,1,2014-06-02,0512,Aqua,MODIS,46,6.2,306.8,5.2,D,0
-16.2587,126.7306,322.3,1.1,1,2014-06-02,0512,Aqua,MODIS,50,6.2,307.2,8.2,D,0
-15.814,126.2803,318.9,1.1,1,2014-06-02,0512,Aqua,MODIS,44,6.2,304.3,7.7,D,0
-17.2622,126.4962,333.8,1.1,1,2014-06-02,0512,Aqua,MODIS,71,6.2,308.7,22.6,D,0
-17.265,126.4757,325.7,1.1,1,2014-06-02,0512,Aqua,MODIS,56,6.2,308.2,10.4,D,0
-17.2515,126.5051,333.9,1.1,1,2014-06-02,0512,Aqua,MODIS,77,6.2,309.7,22.2,D,0
-16.968,126.9148,323,1.1,1,2014-06-02,0512,Aqua,MODIS,47,6.2,310.6,7.6,D,0
-16.9772,126.9162,382.6,1.1,1,2014-06-02,0512,Aqua,MODIS,100,6.2,312.8,162.7,D,0
-16.9758,126.926,338.3,1.1,1,2014-06-02,0512,Aqua,MODIS,86,6.2,309,28.7,D,0
-16.399,126.7034,321.6,1.1,1,2014-06-02,0512,Aqua,MODIS,51,6.2,306.3,8,D,0
-17.2529,126.4949,336.9,1.1,1,2014-06-02,0512,Aqua,MODIS,80,6.2,312.9,26.4,D,0
-16.4217,126.5347,331.5,1.1,1,2014-06-02,0512,Aqua,MODIS,80,6.2,306.9,21.1,D,0
-15.6354,126.3849,344.9,1.1,1,2014-06-02,0512,Aqua,MODIS,91,6.2,306.5,44,D,0
-12.3426,132.233,316.7,1.7,1.3,2014-06-02,0513,Aqua,MODIS,29,6.2,298.9,12.3,D,0
-13.7547,130.2647,324.6,1.2,1.1,2014-06-02,0513,Aqua,MODIS,53,6.2,305.4,13.9,D,0
-14.0048,129.841,316.4,1.1,1.1,2014-06-02,0513,Aqua,MODIS,35,6.2,301.4,7,D,0
-12.3862,132.4694,332.4,1.7,1.3,2014-06-02,0513,Aqua,MODIS,84,6.2,300,51.2,D,0
-14.5338,125.7745,320.6,1.1,1,2014-06-02,0513,Aqua,MODIS,43,6.2,299.7,8.7,D,0
-14.0005,129.8337,329.4,1.1,1.1,2014-06-02,0513,Aqua,MODIS,79,6.2,302.2,24.8,D,0
-12.3746,132.4674,327.4,1.7,1.3,2014-06-02,0513,Aqua,MODIS,58,6.2,299,35,D,0
-15.406,126.3222,318.4,1.1,1,2014-06-02,0513,Aqua,MODIS,53,6.2,301.4,7.3,D,0
-15.4046,126.3322,325.2,1.1,1,2014-06-02,0513,Aqua,MODIS,74,6.2,303.6,15,D,0
-14.5324,125.7849,324.1,1.1,1,2014-06-02,0513,Aqua,MODIS,69,6.2,299.4,12.8,D,0
-12.3688,132.2132,331.7,1.7,1.3,2014-06-02,0513,Aqua,MODIS,84,6.2,299.2,47.6,D,0
-12.3713,132.1982,318.4,1.6,1.3,2014-06-02,0513,Aqua,MODIS,68,6.2,298.9,17.4,D,0
-14.6475,129.9145,321.3,1.1,1.1,2014-06-02,0513,Aqua,MODIS,57,6.2,305.9,8.5,D,0
-12.4744,132.2678,347,1.7,1.3,2014-06-02,0513,Aqua,MODIS,93,6.2,301.2,97.6,D,0
-14.0064,129.8307,315.5,1.1,1.1,2014-06-02,0513,Aqua,MODIS,12,6.2,301.3,6.5,D,0
-14.5953,129.8478,324.4,1.1,1,2014-06-02,0513,Aqua,MODIS,66,6.2,304.3,11.9,D,0
-15.1255,125.0024,328.1,1.2,1.1,2014-06-02,0513,Aqua,MODIS,74,6.2,301.1,21.5,D,0
-14.5937,129.8581,327.2,1.1,1.1,2014-06-02,0513,Aqua,MODIS,76,6.2,304.4,15.1,D,0
-13.0757,130.4101,323.6,1.2,1.1,2014-06-02,0513,Aqua,MODIS,52,6.2,306.5,13.9,D,0
-14.6047,129.8493,325.7,1.1,1,2014-06-02,0513,Aqua,MODIS,75,6.2,306.1,13.6,D,0
-14.6141,129.8508,331.6,1.1,1,2014-06-02,0513,Aqua,MODIS,81,6.2,305.3,21.2,D,0
-13.8898,130.3038,329.8,1.2,1.1,2014-06-02,0513,Aqua,MODIS,79,6.2,304.4,23.3,D,0
-15.5596,126.0486,317.5,1.1,1,2014-06-02,0513,Aqua,MODIS,54,6.2,304.3,7.1,D,0
-13.7509,130.2686,327.4,1.2,1.1,2014-06-02,0513,Aqua,MODIS,66,6.2,306.7,18.2,D,0
-12.3412,132.2396,318.4,1.7,1.3,2014-06-02,0513,Aqua,MODIS,63,6.2,298.9,16.5,D,0
-13.753,130.2756,322.5,1.2,1.1,2014-06-02,0513,Aqua,MODIS,41,6.2,306.6,10.8,D,0
-14.5576,129.9044,330.7,1.1,1.1,2014-06-02,0513,Aqua,MODIS,80,6.2,303.9,21.4,D,0
-14.5655,129.9162,321.8,1.1,1.1,2014-06-02,0513,Aqua,MODIS,22,6.2,304.1,8.1,D,0
-12.4052,132.2039,326.5,1.6,1.3,2014-06-02,0513,Aqua,MODIS,76,6.2,300.7,33.1,D,0
-12.3945,132.758,317.6,1.8,1.3,2014-06-02,0513,Aqua,MODIS,66,6.2,299.1,18.4,D,0
-15.6144,126.1397,323.4,1.1,1,2014-06-02,0513,Aqua,MODIS,63,6.2,306,12.9,D,0
-15.6131,126.1498,332.7,1.1,1,2014-06-02,0513,Aqua,MODIS,82,6.2,306.9,24.9,D,0
-14.4743,129.8425,330.3,1.1,1.1,2014-06-02,0513,Aqua,MODIS,45,6.2,310.6,15.1,D,0
-12.4047,132.478,318.5,1.7,1.3,2014-06-02,0513,Aqua,MODIS,46,6.2,299.7,17.1,D,0
-12.3931,132.476,327.9,1.7,1.3,2014-06-02,0513,Aqua,MODIS,80,6.2,300,38.8,D,0
-12.3952,132.487,316.6,1.7,1.3,2014-06-02,0513,Aqua,MODIS,37,6.2,299.5,13,D,0
-15.5959,126.0642,317.6,1.1,1,2014-06-02,0513,Aqua,MODIS,55,6.2,305.2,6.7,D,0
-12.3816,132.4741,331.6,1.7,1.3,2014-06-02,0513,Aqua,MODIS,83,6.2,299.4,50,D,0
-12.3977,132.4713,327.9,1.7,1.3,2014-06-02,0513,Aqua,MODIS,80,6.2,299.8,39.2,D,0
-15.2201,126.8743,322.7,1,1,2014-06-02,0513,Aqua,MODIS,39,6.2,297.9,12.2,D,0
-13.8834,130.2804,328.9,1.2,1.1,2014-06-02,0513,Aqua,MODIS,78,6.2,306.8,21.2,D,0
-14.4567,129.8654,329,1.1,1.1,2014-06-02,0513,Aqua,MODIS,76,6.2,304,18.9,D,0
-15.5659,125.209,323.4,1.2,1.1,2014-06-02,0513,Aqua,MODIS,54,6.2,301.3,16,D,0
-14.4583,129.8552,330.7,1.1,1.1,2014-06-02,0513,Aqua,MODIS,79,6.2,307.9,20.5,D,0
-14.4063,129.7525,328,1.1,1,2014-06-02,0513,Aqua,MODIS,78,6.2,304.6,19.3,D,0
-14.2678,129.8328,324.9,1.1,1.1,2014-06-02,0513,Aqua,MODIS,73,6.2,302.6,15.3,D,0
-14.6355,125.8479,336.7,1.1,1,2014-06-02,0513,Aqua,MODIS,86,6.2,303.1,33.2,D,0
-14.6341,125.8582,326.1,1.1,1,2014-06-02,0513,Aqua,MODIS,76,6.2,300.4,17.1,D,0
-14.2663,129.8431,329,1.1,1.1,2014-06-02,0513,Aqua,MODIS,78,6.2,303.3,21.2,D,0
-14.1576,129.7559,321.6,1.1,1.1,2014-06-02,0513,Aqua,MODIS,67,6.2,302.7,12,D,0
-14.1513,129.734,327.8,1.1,1,2014-06-02,0513,Aqua,MODIS,77,6.2,302.7,20,D,0
-14.4601,129.9348,320,1.1,1.1,2014-06-02,0513,Aqua,MODIS,58,6.2,304,8.6,D,0
-14.4078,129.7424,324.3,1.1,1,2014-06-02,0513,Aqua,MODIS,64,6.2,303.5,14.2,D,0
-11.4849,130.5068,344.8,1.3,1.1,2014-06-02,0513,Aqua,MODIS,93,6.2,299.2,68.3,D,0
-14.1504,130.0911,348.2,1.1,1.1,2014-06-02,0513,Aqua,MODIS,93,6.2,307.2,55.1,D,0
-11.4951,130.5084,325.4,1.3,1.1,2014-06-02,0513,Aqua,MODIS,79,6.2,295.1,25.3,D,0
-14.4585,129.9449,335,1.1,1.1,2014-06-02,0513,Aqua,MODIS,85,6.2,306.4,29.4,D,0
-14.457,129.9553,320.4,1.1,1.1,2014-06-02,0513,Aqua,MODIS,44,6.2,305.5,7.8,D,0
-14.6435,125.8596,318.2,1.1,1,2014-06-02,0513,Aqua,MODIS,58,6.2,301.2,8.4,D,0
-14.4082,129.378,326.1,1.1,1,2014-06-02,0513,Aqua,MODIS,0,6.2,302.7,17.3,D,0
-13.8931,130.282,328.3,1.2,1.1,2014-06-02,0513,Aqua,MODIS,77,6.2,304.5,20.5,D,0
-13.8914,130.2929,335.9,1.2,1.1,2014-06-02,0513,Aqua,MODIS,85,6.2,305.9,33.7,D,0
-11.4831,130.5186,344,1.3,1.1,2014-06-02,0513,Aqua,MODIS,92,6.2,297.4,66.4,D,0
-14.4456,129.4309,320.9,1.1,1,2014-06-02,0513,Aqua,MODIS,0,6.2,304.3,10.3,D,0
-14.1822,130.1396,350.9,1.2,1.1,2014-06-02,0513,Aqua,MODIS,95,6.2,305.6,64.2,D,0
-14.1806,130.1502,340.2,1.2,1.1,2014-06-02,0513,Aqua,MODIS,88,6.2,304.7,39.1,D,0
-14.1743,130.1275,324.8,1.2,1.1,2014-06-02,0513,Aqua,MODIS,68,6.2,303.4,12.7,D,0
-14.2225,129.58,318.9,1.1,1,2014-06-02,0513,Aqua,MODIS,60,6.2,303.4,9.5,D,0
-14.1419,129.7325,317.6,1.1,1,2014-06-02,0513,Aqua,MODIS,47,6.2,301.3,8.2,D,0
-13.5786,130.5997,322.4,1.2,1.1,2014-06-02,0513,Aqua,MODIS,50,6.2,305.1,13,D,0
-12.521,130.6173,314.3,1.3,1.1,2014-06-02,0513,Aqua,MODIS,39,6.2,294.1,7.5,D,0
-14.4617,129.8615,346,1.1,1.1,2014-06-02,0513,Aqua,MODIS,91,6.2,306.4,46.3,D,0
-12.9741,132.2368,326.1,1.6,1.3,2014-06-02,0513,Aqua,MODIS,54,6.2,300.4,27.3,D,0
-13.8428,133.6919,321.3,2,1.4,2014-06-02,0513,Aqua,MODIS,53,6.2,299.8,30.2,D,0
-13.844,133.6974,323.7,2,1.4,2014-06-02,0513,Aqua,MODIS,68,6.2,299.6,35.1,D,0
-13.5973,130.7379,325.7,1.3,1.1,2014-06-02,0513,Aqua,MODIS,64,6.2,304.6,14.4,D,0
-13.6795,131.3397,323,1.4,1.2,2014-06-02,0513,Aqua,MODIS,24,6.2,302.5,14.4,D,0
-13.6863,131.3337,339.7,1.4,1.2,2014-06-02,0513,Aqua,MODIS,88,6.2,302.5,48.2,D,0
-13.6967,131.3355,330.1,1.4,1.2,2014-06-02,0513,Aqua,MODIS,80,6.2,302.8,27.8,D,0
-13.7111,131.3122,327.7,1.4,1.2,2014-06-02,0513,Aqua,MODIS,78,6.2,303,23,D,0
-13.7091,131.3247,326.7,1.4,1.2,2014-06-02,0513,Aqua,MODIS,76,6.2,302.1,21.4,D,0
-13.5782,131.7078,335.2,1.5,1.2,2014-06-02,0513,Aqua,MODIS,85,6.2,304.2,42.8,D,0
-13.5804,131.6943,321.9,1.5,1.2,2014-06-02,0513,Aqua,MODIS,68,6.2,302.2,15.7,D,0
-13.6437,131.5695,321.1,1.4,1.2,2014-06-02,0513,Aqua,MODIS,47,6.2,301.9,12.7,D,0
-13.483,131.2812,323.3,1.4,1.2,2014-06-02,0513,Aqua,MODIS,61,6.2,304.3,15.9,D,0
-11.3455,132.2709,313.7,1.7,1.3,2014-06-02,0513,Aqua,MODIS,59,6.2,296.2,12.1,D,0
-14.1432,132.1286,328.8,1.5,1.2,2014-06-02,0513,Aqua,MODIS,79,6.2,301.8,28.4,D,0
-14.1519,132.1445,320.3,1.5,1.2,2014-06-02,0513,Aqua,MODIS,59,6.2,300.1,12.5,D,0
-12.6033,132.1887,318.1,1.6,1.3,2014-06-02,0513,Aqua,MODIS,64,6.2,301.4,15.3,D,0
-12.5784,132.1998,331.3,1.6,1.3,2014-06-02,0513,Aqua,MODIS,83,6.2,302.2,43.8,D,0
-14.141,132.1425,334.7,1.5,1.2,2014-06-02,0513,Aqua,MODIS,84,6.2,300.9,43.5,D,0
-12.5808,132.1848,329.3,1.6,1.3,2014-06-02,0513,Aqua,MODIS,81,6.2,301.4,38.9,D,0
-13.2147,131.8161,334,1.5,1.2,2014-06-02,0513,Aqua,MODIS,84,6.2,305.7,36.9,D,0
-14.6958,131.9947,318.5,1.5,1.2,2014-06-02,0513,Aqua,MODIS,32,6.2,297.5,10.3,D,0
-14.4472,133.0112,321.2,1.7,1.3,2014-06-02,0513,Aqua,MODIS,43,6.2,302.7,16.4,D,0
-12.9688,132.2762,323.8,1.6,1.3,2014-06-02,0513,Aqua,MODIS,74,6.2,299.7,24.9,D,0
-13.467,131.8911,320.9,1.5,1.2,2014-06-02,0513,Aqua,MODIS,68,6.2,303.1,14.4,D,0
-12.3003,132.3515,326.8,1.7,1.3,2014-06-02,0513,Aqua,MODIS,46,6.2,297.9,34.6,D,0
-12.3425,132.4458,356.3,1.7,1.3,2014-06-02,0513,Aqua,MODIS,92,6.2,300.7,145.9,D,0
-12.3451,132.4302,334.8,1.7,1.3,2014-06-02,0513,Aqua,MODIS,64,6.2,299.8,53.5,D,0
-12.3284,132.4595,327.5,1.7,1.3,2014-06-02,0513,Aqua,MODIS,58,6.2,300.2,34.1,D,0
-13.6917,131.7053,349,1.4,1.2,2014-06-02,0513,Aqua,MODIS,94,6.2,305.2,78.7,D,0
-13.6661,131.7284,324.4,1.5,1.2,2014-06-02,0513,Aqua,MODIS,50,6.2,304.3,16.9,D,0
-12.9766,132.222,324.4,1.6,1.3,2014-06-02,0513,Aqua,MODIS,31,6.2,301.7,25.5,D,0
-13.6789,131.7169,377.5,1.5,1.2,2014-06-02,0513,Aqua,MODIS,100,6.2,307.4,224.3,D,0
-13.6768,131.7303,332.7,1.5,1.2,2014-06-02,0513,Aqua,MODIS,81,6.2,304.6,32.9,D,0
-13.6896,131.7187,371.8,1.5,1.2,2014-06-02,0513,Aqua,MODIS,100,6.2,307.2,188.8,D,0
-13.6875,131.7321,323.3,1.5,1.2,2014-06-02,0513,Aqua,MODIS,37,6.2,304.2,14.2,D,0
-12.2978,132.3669,323.7,1.7,1.3,2014-06-02,0513,Aqua,MODIS,39,6.2,297.1,28.2,D,0
-13.9267,133.7576,323.9,2,1.4,2014-06-02,0513,Aqua,MODIS,74,6.2,300.1,35.4,D,0
-14.0283,133.6072,320.5,2,1.4,2014-06-02,0513,Aqua,MODIS,67,6.2,300.2,21.7,D,0
-14.0252,133.6255,320.1,2,1.4,2014-06-02,0513,Aqua,MODIS,67,6.2,301.1,20.7,D,0
-14.0303,133.613,328,2,1.4,2014-06-02,0513,Aqua,MODIS,79,6.2,300.8,42,D,0
-12.3028,132.3361,353.9,1.7,1.3,2014-06-02,0513,Aqua,MODIS,97,6.2,299.7,130.3,D,0
-12.3052,132.3207,363.1,1.7,1.3,2014-06-02,0513,Aqua,MODIS,100,6.2,300.4,182.5,D,0
-13.6055,130.7511,322.7,1.3,1.1,2014-06-02,0513,Aqua,MODIS,47,6.2,305.5,11.9,D,0
-13.6416,131.5825,323.3,1.4,1.2,2014-06-02,0513,Aqua,MODIS,61,6.2,304,16.5,D,0
-13.6471,131.5759,322.4,1.4,1.2,2014-06-02,0513,Aqua,MODIS,52,6.2,302.5,14,D,0
-13.9664,133.1263,325,1.8,1.3,2014-06-02,0513,Aqua,MODIS,75,6.2,300.9,29.1,D,0
-13.0634,132.2591,364.7,1.6,1.3,2014-06-02,0513,Aqua,MODIS,100,6.2,303.6,176.5,D,0
-13.0659,132.2443,342.5,1.6,1.3,2014-06-02,0513,Aqua,MODIS,90,6.2,299.4,73,D,0
-13.0614,132.2672,336.1,1.6,1.3,2014-06-02,0513,Aqua,MODIS,81,6.2,302.3,50.7,D,0
-13.0638,132.2523,365.9,1.6,1.3,2014-06-02,0513,Aqua,MODIS,100,6.2,303.3,183.5,D,0
-13.019,132.2445,329.7,1.6,1.3,2014-06-02,0513,Aqua,MODIS,57,6.2,300.8,36.8,D,0
-13.9142,134.4451,318.1,2.3,1.5,2014-06-02,0513,Aqua,MODIS,54,6.2,297.2,26,D,0
-13.9101,134.4494,320.9,2.3,1.5,2014-06-02,0513,Aqua,MODIS,69,6.2,297.2,36.2,D,0
-13.4164,131.2315,332.7,1.4,1.2,2014-06-02,0513,Aqua,MODIS,75,6.2,306.1,30.9,D,0
-13.8713,132.7346,319.2,1.7,1.3,2014-06-02,0513,Aqua,MODIS,33,6.2,296.4,17.3,D,0
-13.4184,131.2191,332.3,1.4,1.2,2014-06-02,0513,Aqua,MODIS,68,6.2,305.3,31,D,0
-13.4202,131.2253,331.8,1.4,1.2,2014-06-02,0513,Aqua,MODIS,72,6.2,304.7,26.8,D,0
-13.4079,131.2362,326.7,1.4,1.2,2014-06-02,0513,Aqua,MODIS,66,6.2,306.9,13.9,D,0
-12.3146,132.3291,337.2,1.7,1.3,2014-06-02,0513,Aqua,MODIS,36,6.2,300.4,58.6,D,0
-13.5047,131.251,320.7,1.4,1.2,2014-06-02,0513,Aqua,MODIS,31,6.2,303.7,11.7,D,0
-13.4484,131.5975,319.5,1.4,1.2,2014-06-02,0513,Aqua,MODIS,29,6.2,303.8,8.9,D,0
-13.4431,131.6045,324.7,1.4,1.2,2014-06-02,0513,Aqua,MODIS,74,6.2,303.7,19.2,D,0
-13.9383,133.3655,331.1,1.9,1.3,2014-06-02,0513,Aqua,MODIS,82,6.2,300.3,52.9,D,0
-13.9354,133.3826,319.8,1.9,1.3,2014-06-02,0513,Aqua,MODIS,59,6.2,299.8,21.6,D,0
-13.9299,133.7391,328.3,2,1.4,2014-06-02,0513,Aqua,MODIS,79,6.2,300.1,47.1,D,0
-13.9242,133.7497,333.9,2,1.4,2014-06-02,0513,Aqua,MODIS,84,6.2,301.3,69.1,D,0
-12.2703,131.8967,314.2,1.6,1.2,2014-06-02,0513,Aqua,MODIS,55,6.2,298.1,11.4,D,0
-14.2791,126.5695,320.1,1,1,2014-06-02,0513,Aqua,MODIS,36,6.2,304.2,8.4,D,0
-14.2804,126.5599,319,1,1,2014-06-02,0513,Aqua,MODIS,31,6.2,302.1,8.1,D,0
-12.307,132.1649,323.2,1.6,1.3,2014-06-02,0513,Aqua,MODIS,76,6.2,299.3,28,D,0
-14.4499,132.995,320.8,1.7,1.3,2014-06-02,0513,Aqua,MODIS,48,6.2,302.1,15.4,D,0
-14.4553,132.9633,332.3,1.7,1.3,2014-06-02,0513,Aqua,MODIS,82,6.2,303.3,45.4,D,0
-14.4579,132.9474,345.3,1.7,1.3,2014-06-02,0513,Aqua,MODIS,92,6.2,303.8,93.2,D,0
-14.4464,132.9453,317.7,1.7,1.3,2014-06-02,0513,Aqua,MODIS,43,6.2,302.3,11.5,D,0
-14.3836,132.4244,320.9,1.6,1.2,2014-06-02,0513,Aqua,MODIS,66,6.2,302.4,14.4,D,0
-14.3812,132.4388,327,1.6,1.2,2014-06-02,0513,Aqua,MODIS,77,6.2,302.7,27.6,D,0
-12.2069,132.2196,314.5,1.7,1.3,2014-06-02,0513,Aqua,MODIS,46,6.2,298,13.9,D,0
-11.5778,132.7686,320.4,1.9,1.3,2014-06-02,0513,Aqua,MODIS,73,6.2,294.7,29.2,D,0
-12.2819,132.1759,323.6,1.6,1.3,2014-06-02,0513,Aqua,MODIS,53,6.2,298,27.3,D,0
-12.2795,132.1908,343.1,1.7,1.3,2014-06-02,0513,Aqua,MODIS,91,6.2,299.6,86.4,D,0
-12.2682,132.1888,328.6,1.7,1.3,2014-06-02,0513,Aqua,MODIS,81,6.2,297.3,41.8,D,0
-12.9543,131.504,322,1.4,1.2,2014-06-02,0513,Aqua,MODIS,33,6.2,302.4,13.1,D,0
-12.9437,131.5022,325.3,1.4,1.2,2014-06-02,0513,Aqua,MODIS,27,6.2,301.5,18.2,D,0
-12.5247,132.3145,328.8,1.7,1.3,2014-06-02,0513,Aqua,MODIS,81,6.2,300.7,39.9,D,0
-12.5299,132.5717,329.6,1.7,1.3,2014-06-02,0513,Aqua,MODIS,81,6.2,298.9,45.5,D,0
-12.9351,131.4872,340.8,1.4,1.2,2014-06-02,0513,Aqua,MODIS,89,6.2,305.4,54.3,D,0
-12.8506,130.6787,318.4,1.3,1.1,2014-06-02,0513,Aqua,MODIS,48,6.2,302.1,10.4,D,0
-12.5687,132.2597,319.8,1.7,1.3,2014-06-02,0513,Aqua,MODIS,69,6.2,301,18.4,D,0
-12.8578,131.6052,318.1,1.5,1.2,2014-06-02,0513,Aqua,MODIS,38,6.2,302.5,10.3,D,0
-12.6098,132.6402,336.2,1.8,1.3,2014-06-02,0513,Aqua,MODIS,87,6.2,295.4,68.6,D,0
-12.4811,132.7971,324.2,1.8,1.3,2014-06-02,0513,Aqua,MODIS,76,6.2,297.5,33.5,D,0
-12.4824,132.4984,320.9,1.7,1.3,2014-06-02,0513,Aqua,MODIS,66,6.2,298.2,23.6,D,0
-12.5282,133.779,313.3,2.2,1.4,2014-06-02,0513,Aqua,MODIS,25,6.2,290.4,18.6,D,0
-12.9564,131.4909,338.5,1.4,1.2,2014-06-02,0513,Aqua,MODIS,88,6.2,304.8,48.2,D,0
-12.5372,132.2389,362.9,1.6,1.3,2014-06-02,0513,Aqua,MODIS,100,6.2,303.8,178.5,D,0
-12.5485,132.2408,319.7,1.6,1.3,2014-06-02,0513,Aqua,MODIS,32,6.2,300.9,17.7,D,0
-12.5347,132.2539,326,1.7,1.3,2014-06-02,0513,Aqua,MODIS,76,6.2,301.5,31.2,D,0
-12.6318,132.5783,327.8,1.7,1.3,2014-06-02,0513,Aqua,MODIS,77,6.2,297.1,40.1,D,0
-12.9245,131.4854,323.8,1.4,1.2,2014-06-02,0513,Aqua,MODIS,53,6.2,303.9,16.6,D,0
-12.4559,132.4547,319.8,1.7,1.3,2014-06-02,0513,Aqua,MODIS,61,6.2,300.3,19.4,D,0
-12.4393,131.4758,313.6,1.5,1.2,2014-06-02,0513,Aqua,MODIS,55,6.2,296.2,9.9,D,0
-12.7248,131.7862,321.4,1.5,1.2,2014-06-02,0513,Aqua,MODIS,70,6.2,301.3,18.7,D,0
-12.6124,132.6241,323.6,1.8,1.3,2014-06-02,0513,Aqua,MODIS,38,6.2,297.6,30,D,0
-12.4469,132.4371,332,1.7,1.3,2014-06-02,0513,Aqua,MODIS,0,6.2,301.3,47.7,D,0
-12.5325,132.5558,321.1,1.7,1.3,2014-06-02,0513,Aqua,MODIS,70,6.2,298.8,24.7,D,0
-12.5272,132.2993,316.9,1.7,1.3,2014-06-02,0513,Aqua,MODIS,39,6.2,300.5,13.3,D,0
-12.4769,132.2526,331.6,1.7,1.3,2014-06-02,0513,Aqua,MODIS,77,6.2,300.2,43.6,D,0
-12.7509,131.8335,321.2,1.5,1.2,2014-06-02,0513,Aqua,MODIS,70,6.2,300.8,17,D,0
-12.5158,132.2975,315.2,1.7,1.3,2014-06-02,0513,Aqua,MODIS,37,6.2,299,10.6,D,0
-12.5671,132.1978,317.6,1.6,1.3,2014-06-02,0513,Aqua,MODIS,28,6.2,300.1,14.1,D,0
-12.9458,131.489,367.5,1.4,1.2,2014-06-02,0513,Aqua,MODIS,100,6.2,304,162.2,D,0
-12.515,132.306,319.4,1.7,1.3,2014-06-02,0513,Aqua,MODIS,54,6.2,299.8,18.2,D,0
-12.4444,132.4527,330.9,1.7,1.3,2014-06-02,0513,Aqua,MODIS,72,6.2,302.4,45.9,D,0
-12.4855,132.492,322.7,1.7,1.3,2014-06-02,0513,Aqua,MODIS,62,6.2,299,25.9,D,0
-12.4907,132.2395,324.4,1.7,1.3,2014-06-02,0513,Aqua,MODIS,68,6.2,300.5,27.4,D,0
-32.1723,117.1303,304.4,3,1.6,2014-06-02,0646,Aqua,MODIS,49,6.2,287.2,27.7,D,0
-34.067,117.1632,300.3,2.7,1.6,2014-06-02,0646,Aqua,MODIS,35,6.2,288.5,16.2,D,0
-34.0639,117.1542,302,2.7,1.6,2014-06-02,0646,Aqua,MODIS,50,6.2,288.3,20.3,D,0
-12.4782,141.8614,306.8,1.2,1.1,2014-06-02,1300,Terra,MODIS,65,6.2,293.5,7.1,N,0
-12.4864,141.8733,309.6,1.2,1.1,2014-06-02,1300,Terra,MODIS,78,6.2,293.5,9.5,N,0
-33.5993,121.6357,306.5,1.2,1.1,2014-06-02,1433,Terra,MODIS,68,6.2,281.4,13.4,N,0
-21.3407,119.3172,300.1,1.1,1.1,2014-06-02,1436,Terra,MODIS,12,6.2,287.7,6.4,N,0
-16.4334,124.4699,307.3,1.4,1.2,2014-06-02,1437,Terra,MODIS,65,6.2,294.5,9.8,N,0
-17.6447,123.0801,308,1.1,1.1,2014-06-02,1437,Terra,MODIS,73,6.2,292,10.4,N,0
-16.4355,124.4568,307.6,1.4,1.2,2014-06-02,1437,Terra,MODIS,61,6.2,294.4,10.1,N,0
-15.9133,126.2835,340.7,1.9,1.4,2014-06-02,1438,Terra,MODIS,100,6.2,291.7,121.2,N,0
-15.9102,126.3017,300.7,2,1.4,2014-06-02,1438,Terra,MODIS,32,6.2,289.1,12.7,N,0
-15.8524,126.2725,302,1.9,1.4,2014-06-02,1438,Terra,MODIS,46,6.2,289,13.6,N,0
-12.4763,141.8694,306.8,1,1,2014-06-02,1603,Aqua,MODIS,69,6.2,293.1,6.9,N,0
-28.6011,149.5015,302.9,1.5,1.2,2014-06-02,2354,Terra,MODIS,42,6.2,290.4,7.9,D,0
-28.6018,149.4952,308.1,1.5,1.2,2014-06-02,2354,Terra,MODIS,67,6.2,290.4,14.7,D,0
-28.5983,149.4859,305.7,1.5,1.2,2014-06-02,2354,Terra,MODIS,61,6.2,290.1,11.1,D,0
-28.7278,153.522,310,1,1,2014-06-02,2354,Terra,MODIS,69,6.2,291.7,8.2,D,0
-34.456,150.8818,303,1.1,1,2014-06-02,2356,Terra,MODIS,47,6.2,290,5.4,D,2
-12.5957,132.6353,316.3,1,1,2014-06-03,0128,Terra,MODIS,37,6.2,302.1,5.9,D,0
-12.7331,132.7507,319.8,1,1,2014-06-03,0128,Terra,MODIS,71,6.2,301.6,9.3,D,0
-12.7345,132.76,322.5,1,1,2014-06-03,0128,Terra,MODIS,75,6.2,302.3,12,D,0
-12.4047,133.6374,318.6,1,1,2014-06-03,0128,Terra,MODIS,55,6.2,301.8,8.3,D,0
-12.5943,132.626,317.5,1,1,2014-06-03,0128,Terra,MODIS,58,6.2,302.7,7.3,D,0
-12.4284,132.2046,315.5,1,1,2014-06-03,0128,Terra,MODIS,38,6.2,301.5,7,D,0
-12.4299,132.2142,327.2,1,1,2014-06-03,0128,Terra,MODIS,80,6.2,303,18.8,D,0
-12.4755,132.0202,314.5,1.1,1,2014-06-03,0128,Terra,MODIS,58,6.2,300.5,6.1,D,0
-12.8633,131.6061,323.9,1.1,1,2014-06-03,0128,Terra,MODIS,74,6.2,303.6,14.3,D,0
-12.4203,132.2022,340.6,1,1,2014-06-03,0128,Terra,MODIS,90,6.2,302.4,39.2,D,0
-12.4217,132.2117,351.9,1,1,2014-06-03,0128,Terra,MODIS,96,6.2,303.4,62.2,D,0
-12.35,134.3331,339.5,1,1,2014-06-03,0128,Terra,MODIS,90,6.2,297.4,37.5,D,0
-12.5986,132.6539,318.9,1,1,2014-06-03,0128,Terra,MODIS,67,6.2,301.7,8.3,D,0
-12.3487,134.3238,321.6,1,1,2014-06-03,0128,Terra,MODIS,75,6.2,297.1,13.6,D,0
-12.4111,132.2036,324.7,1,1,2014-06-03,0128,Terra,MODIS,77,6.2,301.5,16.2,D,0
-12.311,132.4585,325.7,1,1,2014-06-03,0128,Terra,MODIS,59,6.2,303.6,14.2,D,0
-12.3125,132.4679,325.6,1,1,2014-06-03,0128,Terra,MODIS,68,6.2,303.2,14.4,D,0
-11.5511,132.7939,315.1,1,1,2014-06-03,0128,Terra,MODIS,61,6.2,300.5,6.1,D,0
-12.3475,132.4529,330.5,1,1,2014-06-03,0128,Terra,MODIS,83,6.2,304.3,20,D,0
-12.2865,132.2977,317.9,1,1,2014-06-03,0128,Terra,MODIS,45,6.2,301.5,7.3,D,0
-11.6188,130.5819,312.7,1.3,1.1,2014-06-03,0128,Terra,MODIS,51,6.2,297.4,8.1,D,0
-11.6177,130.576,311.7,1.3,1.1,2014-06-03,0128,Terra,MODIS,51,6.2,297.8,6.7,D,0
-13.2474,142.6932,322,3.6,1.8,2014-06-03,0128,Terra,MODIS,56,6.2,292.5,94.4,D,0
-13.2349,142.7285,314.5,3.7,1.8,2014-06-03,0128,Terra,MODIS,40,6.2,291.9,58,D,0
-13.2833,142.723,318.2,3.7,1.8,2014-06-03,0128,Terra,MODIS,48,6.2,290.2,74.8,D,0
-12.2675,132.1736,315.9,1.1,1,2014-06-03,0128,Terra,MODIS,61,6.2,300.4,7.7,D,0
-12.2965,132.179,319.3,1.1,1,2014-06-03,0128,Terra,MODIS,67,6.2,301.3,9.8,D,0
-12.2689,132.1833,327.9,1.1,1,2014-06-03,0128,Terra,MODIS,80,6.2,302.3,20.4,D,0
-12.285,132.2882,333.3,1,1,2014-06-03,0128,Terra,MODIS,80,6.2,303.1,25.7,D,0
-13.2431,142.7327,327.4,3.7,1.8,2014-06-03,0128,Terra,MODIS,75,6.2,293.4,139.5,D,0
-12.3566,132.4515,341.7,1,1,2014-06-03,0128,Terra,MODIS,91,6.2,302.5,38.4,D,0
-13.8183,131.8247,324.3,1.1,1,2014-06-03,0129,Terra,MODIS,74,6.2,303.3,13.3,D,0
-14.6483,129.9234,317.1,1.3,1.1,2014-06-03,0129,Terra,MODIS,46,6.2,301.8,8.7,D,0
-14.4998,129.8289,318,1.3,1.1,2014-06-03,0129,Terra,MODIS,20,6.2,303.1,7.5,D,0
-13.9018,130.3146,317.8,1.2,1.1,2014-06-03,0129,Terra,MODIS,42,6.2,301.6,9.4,D,0
-14.6062,129.8532,319.1,1.3,1.1,2014-06-03,0129,Terra,MODIS,42,6.2,302.7,11.6,D,0
-14.4897,129.8306,322.7,1.3,1.1,2014-06-03,0129,Terra,MODIS,73,6.2,305.6,13.9,D,0
-15.5796,130.3617,320.4,1.2,1.1,2014-06-03,0129,Terra,MODIS,70,6.2,303.3,11.2,D,0
-15.2152,126.8713,315.3,2,1.4,2014-06-03,0129,Terra,MODIS,41,6.2,300.8,16.7,D,0
-14.6274,129.9215,319.6,1.3,1.1,2014-06-03,0129,Terra,MODIS,56,6.2,301.9,11.8,D,0
-14.5961,129.8547,322.9,1.3,1.1,2014-06-03,0129,Terra,MODIS,74,6.2,303.5,17.3,D,0
-15.2029,126.8735,317.3,2,1.4,2014-06-03,0129,Terra,MODIS,64,6.2,299.4,21.9,D,0
-15.1997,126.8552,313.8,2,1.4,2014-06-03,0129,Terra,MODIS,43,6.2,300.3,12.8,D,0
-15.7268,126.2584,311.9,2.2,1.4,2014-06-03,0129,Terra,MODIS,46,6.2,297.9,15.5,D,0
-15.4485,126.0993,315.2,2.3,1.5,2014-06-03,0129,Terra,MODIS,63,6.2,298.8,26.2,D,0
-14.5942,129.8431,320.2,1.3,1.1,2014-06-03,0129,Terra,MODIS,69,6.2,302.2,13.8,D,0
-13.048,130.4249,323.5,1.2,1.1,2014-06-03,0129,Terra,MODIS,70,6.2,301.8,18.1,D,0
-15.4447,126.0782,319.4,2.3,1.5,2014-06-03,0129,Terra,MODIS,71,6.2,298.6,38.8,D,0
-14.1401,129.7561,323.3,1.3,1.1,2014-06-03,0129,Terra,MODIS,75,6.2,300.1,22.5,D,0
-16.089,128.4097,319.8,1.5,1.2,2014-06-03,0129,Terra,MODIS,70,6.2,302.7,17.9,D,0
-14.456,129.9389,314.8,1.3,1.1,2014-06-03,0129,Terra,MODIS,58,6.2,301.6,7.6,D,0
-14.142,129.7681,319.2,1.3,1.1,2014-06-03,0129,Terra,MODIS,69,6.2,298.5,16.6,D,0
-14.9519,133.6854,319.1,1,1,2014-06-03,0129,Terra,MODIS,68,6.2,302.8,8.3,D,0
-16.3374,135.7596,334.6,1.2,1.1,2014-06-03,0129,Terra,MODIS,86,6.2,300.6,37.1,D,0
-15.5932,135.4485,358.9,1.2,1.1,2014-06-03,0129,Terra,MODIS,99,6.2,302,93.7,D,0
-15.7644,135.5806,327.4,1.2,1.1,2014-06-03,0129,Terra,MODIS,80,6.2,297.6,23.6,D,0
-15.7629,135.5695,330.6,1.2,1.1,2014-06-03,0129,Terra,MODIS,83,6.2,297.4,28.1,D,0
-16.1267,135.707,333.9,1.2,1.1,2014-06-03,0129,Terra,MODIS,86,6.2,299.9,35.1,D,0
-15.762,135.5759,344.2,1.2,1.1,2014-06-03,0129,Terra,MODIS,92,6.2,298.2,56,D,0
-16.3275,135.7611,348.4,1.2,1.1,2014-06-03,0129,Terra,MODIS,94,6.2,300.6,69.8,D,0
-16.316,135.751,325.7,1.2,1.1,2014-06-03,0129,Terra,MODIS,33,6.2,299.6,19.6,D,0
-16.1144,135.6163,315.1,1.2,1.1,2014-06-03,0129,Terra,MODIS,39,6.2,299.9,7.6,D,0
-14.9143,133.6783,321.5,1,1,2014-06-03,0129,Terra,MODIS,62,6.2,304.2,8.8,D,0
-15.5961,135.4704,342.5,1.2,1.1,2014-06-03,0129,Terra,MODIS,78,6.2,300.2,45.2,D,0
-16.2976,135.7654,343.3,1.2,1.1,2014-06-03,0129,Terra,MODIS,92,6.2,302.6,55.2,D,0
-16.0464,135.6432,342.3,1.2,1.1,2014-06-03,0129,Terra,MODIS,91,6.2,302.7,50.1,D,0
-16.286,135.7552,323.7,1.2,1.1,2014-06-03,0129,Terra,MODIS,76,6.2,301.4,18.9,D,0
-16.0939,135.6886,323.9,1.2,1.1,2014-06-03,0129,Terra,MODIS,77,6.2,300.8,18.7,D,0
-16.3383,135.7648,327.4,1.2,1.1,2014-06-03,0129,Terra,MODIS,74,6.2,300.3,24.1,D,0
-16.1837,135.7515,321,1.2,1.1,2014-06-03,0129,Terra,MODIS,73,6.2,298.9,15.9,D,0
-16.0084,135.66,349.7,1.2,1.1,2014-06-03,0129,Terra,MODIS,95,6.2,302.7,69.7,D,0
-15.5947,135.4594,331.9,1.2,1.1,2014-06-03,0129,Terra,MODIS,48,6.2,297.5,25,D,0
-14.9125,133.6024,320,1,1,2014-06-03,0129,Terra,MODIS,40,6.2,302.9,8.2,D,0
-16.1822,135.7398,343.1,1.2,1.1,2014-06-03,0129,Terra,MODIS,92,6.2,300.7,57.5,D,0
-16.1382,135.7173,319.4,1.2,1.1,2014-06-03,0129,Terra,MODIS,47,6.2,299.1,12.6,D,0
-16.0954,135.7,318.3,1.2,1.1,2014-06-03,0129,Terra,MODIS,26,6.2,300.5,11.2,D,0
-16.1007,135.6641,330.1,1.2,1.1,2014-06-03,0129,Terra,MODIS,80,6.2,299.7,27.7,D,0
-15.5638,135.4702,330.6,1.2,1.1,2014-06-03,0129,Terra,MODIS,64,6.2,298.9,27.2,D,0
-15.5976,135.4813,336.6,1.2,1.1,2014-06-03,0129,Terra,MODIS,28,6.2,298.6,33.2,D,0
-16.1397,135.7289,321.6,1.2,1.1,2014-06-03,0129,Terra,MODIS,62,6.2,300,15.8,D,0
-14.9229,133.6104,347.6,1,1,2014-06-03,0129,Terra,MODIS,94,6.2,303.3,48.1,D,0
-16.0606,135.5894,315.5,1.2,1.1,2014-06-03,0129,Terra,MODIS,63,6.2,300.7,8.7,D,0
-14.9139,133.6117,348.7,1,1,2014-06-03,0129,Terra,MODIS,94,6.2,305.4,50.5,D,0
-16.3175,135.7626,345,1.2,1.1,2014-06-03,0129,Terra,MODIS,93,6.2,300.7,59.7,D,0
-16.1167,135.7083,335.5,1.2,1.1,2014-06-03,0129,Terra,MODIS,74,6.2,299.9,36.8,D,0
-14.9157,133.6877,320.3,1,1,2014-06-03,0129,Terra,MODIS,50,6.2,304.4,7.7,D,0
-15.5835,135.4499,328.7,1.2,1.1,2014-06-03,0129,Terra,MODIS,50,6.2,299.1,22.2,D,0
-16.0468,135.6373,334.3,1.2,1.1,2014-06-03,0129,Terra,MODIS,86,6.2,302.3,33.4,D,0
-15.686,135.53,330.5,1.2,1.1,2014-06-03,0129,Terra,MODIS,72,6.2,292.7,27,D,0
-16.1114,135.5938,315,1.2,1.1,2014-06-03,0129,Terra,MODIS,37,6.2,299.8,7.8,D,0
-15.7393,135.5565,325.7,1.2,1.1,2014-06-03,0129,Terra,MODIS,71,6.2,299.6,20.3,D,0
-16.0099,135.6714,335.3,1.2,1.1,2014-06-03,0129,Terra,MODIS,63,6.2,301,34.6,D,0
-16.296,135.7538,359.8,1.2,1.1,2014-06-03,0129,Terra,MODIS,99,6.2,303.1,105.6,D,0
-16.1282,135.7186,349.7,1.2,1.1,2014-06-03,0129,Terra,MODIS,95,6.2,302,72.4,D,0
-14.9152,133.621,322.6,1,1,2014-06-03,0129,Terra,MODIS,44,6.2,303.6,9.8,D,0
-16.3367,135.7532,326.1,1.2,1.1,2014-06-03,0129,Terra,MODIS,67,6.2,299.6,22,D,0
-16.0621,135.6006,314.6,1.2,1.1,2014-06-03,0129,Terra,MODIS,60,6.2,299.9,7.7,D,0
-16.0365,135.6445,331.1,1.2,1.1,2014-06-03,0129,Terra,MODIS,45,6.2,301.2,26.6,D,0
-15.7938,135.5765,318.8,1.2,1.1,2014-06-03,0129,Terra,MODIS,43,6.2,295.6,12,D,0
-15.582,135.4392,337.4,1.2,1.1,2014-06-03,0129,Terra,MODIS,88,6.2,301.4,40.1,D,0
-16.0483,135.6487,329.3,1.2,1.1,2014-06-03,0129,Terra,MODIS,65,6.2,302.1,24.6,D,0
-15.8046,131.8614,315.7,1,1,2014-06-03,0129,Terra,MODIS,56,6.2,301.9,5.1,D,0
-13.4649,131.2609,321.8,1.1,1.1,2014-06-03,0129,Terra,MODIS,53,6.2,303.4,11.7,D,0
-15.8093,131.8316,318.4,1,1,2014-06-03,0129,Terra,MODIS,41,6.2,301.6,7.8,D,0
-13.9767,131.1199,317.4,1.1,1.1,2014-06-03,0129,Terra,MODIS,55,6.2,302.6,7,D,0
-14.0563,130.7641,317.7,1.2,1.1,2014-06-03,0129,Terra,MODIS,58,6.2,301.1,9.1,D,0
-13.0411,132.228,327.5,1,1,2014-06-03,0129,Terra,MODIS,78,6.2,302.2,17.8,D,0
-15.5133,131.9424,314.1,1,1,2014-06-03,0129,Terra,MODIS,47,6.2,301,4.8,D,0
-15.7591,131.9236,318.1,1,1,2014-06-03,0129,Terra,MODIS,57,6.2,304.1,6.1,D,0
-13.942,133.3853,319.5,1,1,2014-06-03,0129,Terra,MODIS,69,6.2,301.9,9,D,0
-15.7682,131.9221,317.2,1,1,2014-06-03,0129,Terra,MODIS,56,6.2,303.9,5.8,D,0
-13.7793,132.1116,316.1,1,1,2014-06-03,0129,Terra,MODIS,34,6.2,303,5,D,0
-15.4785,131.9575,326,1,1,2014-06-03,0129,Terra,MODIS,78,6.2,302.9,17,D,0
-13.6958,131.3395,332.3,1.1,1,2014-06-03,0129,Terra,MODIS,83,6.2,304.7,24.8,D,0
-13.6864,131.341,323.7,1.1,1,2014-06-03,0129,Terra,MODIS,66,6.2,303.8,13.5,D,0
-13.4899,132.8214,313.5,1,1,2014-06-03,0129,Terra,MODIS,37,6.2,301.1,4.2,D,0
-15.7912,131.8344,324.4,1,1,2014-06-03,0129,Terra,MODIS,76,6.2,301.4,14,D,0
-14.0495,133.6168,316.8,1,1,2014-06-03,0129,Terra,MODIS,32,6.2,302.3,5.9,D,0
-15.7777,131.8625,317,1,1,2014-06-03,0129,Terra,MODIS,29,6.2,303.3,5.3,D,0
-13.4913,132.8306,314.6,1,1,2014-06-03,0129,Terra,MODIS,52,6.2,300.4,5.5,D,0
-13.9229,133.6954,317,1,1,2014-06-03,0129,Terra,MODIS,37,6.2,301,5.6,D,0
-14.0545,133.5877,316.6,1,1,2014-06-03,0129,Terra,MODIS,51,6.2,301.3,5.5,D,0
-13.8972,133.7087,317.8,1,1,2014-06-03,0129,Terra,MODIS,29,6.2,301.2,6.7,D,0
-15.5119,131.9329,316,1,1,2014-06-03,0129,Terra,MODIS,60,6.2,302.1,6.5,D,0
-15.9614,135.6088,317.5,1.2,1.1,2014-06-03,0129,Terra,MODIS,55,6.2,292.3,13.6,D,0
-13.479,131.2897,322.3,1.1,1,2014-06-03,0129,Terra,MODIS,48,6.2,304.4,11.2,D,0
-13.4848,131.2927,322.3,1.1,1,2014-06-03,0129,Terra,MODIS,68,6.2,303.1,11.9,D,0
-15.8132,131.9182,319.3,1,1,2014-06-03,0129,Terra,MODIS,68,6.2,302.8,8.2,D,0
-13.5822,133.5675,316.9,1,1,2014-06-03,0129,Terra,MODIS,68,6.2,300.2,8.3,D,0
-15.5405,131.9417,315.9,1,1,2014-06-03,0129,Terra,MODIS,56,6.2,302.2,6.1,D,0
-15.5419,131.9512,329.8,1,1,2014-06-03,0129,Terra,MODIS,81,6.2,302.4,21.1,D,0
-15.4799,131.967,323.6,1,1,2014-06-03,0129,Terra,MODIS,75,6.2,303.1,14,D,0
-13.4567,132.7226,321.1,1,1,2014-06-03,0129,Terra,MODIS,70,6.2,299.7,10.8,D,0
-13.4511,132.6856,316.5,1,1,2014-06-03,0129,Terra,MODIS,51,6.2,302.2,6.8,D,0
-13.8874,133.5782,317.8,1,1,2014-06-03,0129,Terra,MODIS,68,6.2,300.8,7.4,D,0
-13.4463,132.7147,342.4,1,1,2014-06-03,0129,Terra,MODIS,91,6.2,302.6,39.6,D,0
-13.443,131.6131,320.7,1.1,1,2014-06-03,0129,Terra,MODIS,69,6.2,303.3,10.7,D,0
-13.9159,133.3329,332.7,1,1,2014-06-03,0129,Terra,MODIS,84,6.2,301.8,24.2,D,0
-13.8802,133.6546,316.8,1,1,2014-06-03,0129,Terra,MODIS,57,6.2,301.2,6.4,D,0
-13.9613,133.1412,322.3,1,1,2014-06-03,0129,Terra,MODIS,42,6.2,304.4,9.6,D,0
-15.8557,131.8921,314.8,1,1,2014-06-03,0129,Terra,MODIS,45,6.2,302,5.5,D,0
-13.8815,133.6639,331.8,1,1,2014-06-03,0129,Terra,MODIS,84,6.2,302.1,22.6,D,0
-13.8986,133.7179,317.8,1,1,2014-06-03,0129,Terra,MODIS,50,6.2,302.1,6.9,D,0
-15.6771,131.752,318,1,1,2014-06-03,0129,Terra,MODIS,64,6.2,302.4,7.8,D,0
-15.6786,131.7616,329.1,1,1,2014-06-03,0129,Terra,MODIS,81,6.2,303.1,20.8,D,0
-13.4664,131.271,334.7,1.1,1.1,2014-06-03,0129,Terra,MODIS,85,6.2,304.6,29.6,D,0
-15.6478,135.4854,315.1,1.2,1.1,2014-06-03,0129,Terra,MODIS,35,6.2,298.8,7.9,D,0
-15.6365,135.4759,316,1.2,1.1,2014-06-03,0129,Terra,MODIS,52,6.2,300.5,8.8,D,0
-13.2278,131.826,324.4,1.1,1,2014-06-03,0129,Terra,MODIS,71,6.2,305.2,10.2,D,0
-15.6801,131.7711,320.2,1,1,2014-06-03,0129,Terra,MODIS,70,6.2,302.7,10,D,0
-13.062,131.5358,324.5,1.1,1,2014-06-03,0129,Terra,MODIS,69,6.2,304.8,14,D,0
-13.0554,131.5325,325.2,1.1,1,2014-06-03,0129,Terra,MODIS,57,6.2,304.5,13.3,D,0
-13.0604,131.5258,322.8,1.1,1,2014-06-03,0129,Terra,MODIS,60,6.2,305.7,11,D,0
-14.4272,132.9923,320.7,1,1,2014-06-03,0129,Terra,MODIS,64,6.2,303.1,8.6,D,0
-14.4286,133.0015,326.5,1,1,2014-06-03,0129,Terra,MODIS,77,6.2,304.1,14.5,D,0
-16.4506,135.7673,338.3,1.3,1.1,2014-06-03,0129,Terra,MODIS,78,6.2,300.6,44.6,D,0
-16.4575,135.7422,336.5,1.2,1.1,2014-06-03,0129,Terra,MODIS,88,6.2,300.6,40.8,D,0
-16.459,135.7541,328.2,1.3,1.1,2014-06-03,0129,Terra,MODIS,61,6.2,300.9,25.2,D,0
-16.4674,135.7409,318.1,1.2,1.1,2014-06-03,0129,Terra,MODIS,56,6.2,299.3,11.8,D,0
-16.469,135.7527,319.3,1.3,1.1,2014-06-03,0129,Terra,MODIS,60,6.2,300.3,13.3,D,0
-16.4874,135.7383,376.7,1.2,1.1,2014-06-03,0129,Terra,MODIS,100,6.2,305.1,183,D,0
-16.489,135.75,326,1.3,1.1,2014-06-03,0129,Terra,MODIS,71,6.2,300.8,21.5,D,0
-16.4974,135.7369,334.1,1.2,1.1,2014-06-03,0129,Terra,MODIS,86,6.2,300.4,37.1,D,0
-16.5074,135.7355,327.6,1.2,1.1,2014-06-03,0129,Terra,MODIS,81,6.2,300,25.2,D,0
-16.5158,135.7223,333.9,1.2,1.1,2014-06-03,0129,Terra,MODIS,86,6.2,298,36.4,D,0
-16.5174,135.7342,343.3,1.2,1.1,2014-06-03,0129,Terra,MODIS,92,6.2,298.4,57.2,D,0
-16.5166,135.7279,340.9,1.2,1.1,2014-06-03,0129,Terra,MODIS,91,6.2,298.7,52.5,D,0
-16.5181,135.7397,328.9,1.3,1.1,2014-06-03,0129,Terra,MODIS,82,6.2,296.4,28,D,0
-16.5266,135.7265,315.6,1.2,1.1,2014-06-03,0129,Terra,MODIS,63,6.2,294.5,10.6,D,0
-16.3467,135.7515,328,1.2,1.1,2014-06-03,0129,Terra,MODIS,80,6.2,300.6,25.3,D,0
-16.3482,135.7631,329.7,1.2,1.1,2014-06-03,0129,Terra,MODIS,83,6.2,300.8,28.2,D,0
-16.3567,135.75,367,1.2,1.1,2014-06-03,0129,Terra,MODIS,100,6.2,303,137,D,0
-16.3582,135.7618,336.5,1.2,1.1,2014-06-03,0129,Terra,MODIS,88,6.2,300.4,41.9,D,0
-16.3682,135.7603,312.6,1.2,1.1,2014-06-03,0129,Terra,MODIS,57,6.2,299.2,6.5,D,0
-16.3736,135.7242,334.1,1.2,1.1,2014-06-03,0129,Terra,MODIS,86,6.2,293,36,D,0
-16.3751,135.7358,369.5,1.2,1.1,2014-06-03,0129,Terra,MODIS,100,6.2,303.6,146,D,0
-16.3766,135.7474,339.2,1.2,1.1,2014-06-03,0129,Terra,MODIS,87,6.2,300.8,45.1,D,0
-16.3851,135.7345,363.7,1.2,1.1,2014-06-03,0129,Terra,MODIS,100,6.2,299.4,122.1,D,0
-16.3836,135.723,318.5,1.2,1.1,2014-06-03,0129,Terra,MODIS,60,6.2,291.4,12,D,0
-16.3882,135.7576,327.7,1.2,1.1,2014-06-03,0129,Terra,MODIS,76,6.2,299.8,24.2,D,0
-16.3866,135.7461,367.8,1.2,1.1,2014-06-03,0129,Terra,MODIS,100,6.2,303.6,138.3,D,0
-16.3982,135.7564,327.6,1.2,1.1,2014-06-03,0129,Terra,MODIS,80,6.2,300,25.4,D,0
-17.307,138.1654,316.2,1.9,1.3,2014-06-03,0129,Terra,MODIS,65,6.2,299.8,19.7,D,0
-14.6642,132.8522,322.4,1,1,2014-06-03,0129,Terra,MODIS,70,6.2,305.1,9.6,D,0
-14.6302,132.9959,334.2,1,1,2014-06-03,0129,Terra,MODIS,84,6.2,305.2,25.2,D,0
-14.6316,133.0051,324,1,1,2014-06-03,0129,Terra,MODIS,73,6.2,305,12.2,D,0
-16.0704,130.4237,314.1,1.1,1.1,2014-06-03,0129,Terra,MODIS,49,6.2,301.8,6,D,0
-16.3647,125.2789,312.8,2.5,1.5,2014-06-03,0130,Terra,MODIS,27,6.2,299.7,17.2,D,0
-16.3782,125.2757,323.9,2.5,1.5,2014-06-03,0130,Terra,MODIS,78,6.2,300.6,57.8,D,0
-16.4884,125.2966,316.6,2.5,1.5,2014-06-03,0130,Terra,MODIS,68,6.2,298.7,30.8,D,0
-16.7622,125.486,312.6,2.4,1.5,2014-06-03,0130,Terra,MODIS,32,6.2,299.9,16.5,D,0
-16.7612,125.5021,311.7,2.3,1.5,2014-06-03,0130,Terra,MODIS,49,6.2,299.4,15.5,D,0
-16.7662,125.4552,311.4,2.4,1.5,2014-06-03,0130,Terra,MODIS,47,6.2,298.5,15.7,D,0
-16.7703,125.4772,328.8,2.4,1.5,2014-06-03,0130,Terra,MODIS,82,6.2,299.6,74.7,D,0
-17.1716,132.0674,334,1,1,2014-06-03,0130,Terra,MODIS,86,6.2,301.3,28.8,D,0
-17.173,132.0768,323.9,1,1,2014-06-03,0130,Terra,MODIS,77,6.2,301.3,15.3,D,0
-17.1584,132.0407,336.6,1,1,2014-06-03,0130,Terra,MODIS,88,6.2,298.3,32.8,D,0
-17.1598,132.0501,368.1,1,1,2014-06-03,0130,Terra,MODIS,100,6.2,305,105.2,D,0
-17.1612,132.0594,343.1,1,1,2014-06-03,0130,Terra,MODIS,92,6.2,303.5,42.2,D,0
-17.1626,132.0688,327.8,1,1,2014-06-03,0130,Terra,MODIS,77,6.2,301.3,19,D,0
-17.1641,132.0782,337,1,1,2014-06-03,0130,Terra,MODIS,88,6.2,302.2,31.5,D,0
-17.1655,132.0876,325.9,1,1,2014-06-03,0130,Terra,MODIS,79,6.2,300.6,17.2,D,0
-17.1702,132.058,321.1,1,1,2014-06-03,0130,Terra,MODIS,74,6.2,298.9,12.6,D,0
-19.1668,130.768,335,1,1,2014-06-03,0130,Terra,MODIS,87,6.2,302,30.3,D,0
-15.8438,126.2504,323,2.2,1.4,2014-06-03,0130,Terra,MODIS,76,6.2,297,45.8,D,0
-16.1447,126.5343,324,2,1.4,2014-06-03,0130,Terra,MODIS,63,6.2,299.4,38.9,D,0
-16.1481,126.5533,322.7,2,1.4,2014-06-03,0130,Terra,MODIS,21,6.2,300.3,33.8,D,0
-16.1571,126.5321,318.9,2,1.4,2014-06-03,0130,Terra,MODIS,24,6.2,296.7,24.9,D,0
-16.3536,126.672,316.6,2,1.4,2014-06-03,0130,Terra,MODIS,54,6.2,298.5,19.6,D,0
-16.3415,126.6746,316,2,1.4,2014-06-03,0130,Terra,MODIS,56,6.2,298.7,18.5,D,0
-15.8473,126.2702,338,2.1,1.4,2014-06-03,0130,Terra,MODIS,89,6.2,298.8,105.5,D,0
-19.1683,130.7778,323.2,1,1,2014-06-03,0130,Terra,MODIS,76,6.2,301.7,13.8,D,0
-16.9866,126.9141,315.4,1.8,1.3,2014-06-03,0130,Terra,MODIS,65,6.2,299.8,16.3,D,0
-16.1604,126.5511,322.3,2,1.4,2014-06-03,0130,Terra,MODIS,44,6.2,298,33.1,D,0
-16.5358,127.1844,326,1.8,1.3,2014-06-03,0130,Terra,MODIS,79,6.2,292,41.3,D,0
-15.9299,126.2899,316.3,2.1,1.4,2014-06-03,0130,Terra,MODIS,66,6.2,299.3,27.1,D,0
-17.2691,126.49,316.3,1.9,1.4,2014-06-03,0130,Terra,MODIS,54,6.2,302.2,16,D,0
-19.1653,130.7582,319.9,1,1,2014-06-03,0130,Terra,MODIS,64,6.2,299.7,11.2,D,0
-15.9333,126.3094,314.2,2.1,1.4,2014-06-03,0130,Terra,MODIS,61,6.2,298.6,21.9,D,0
-17.3395,126.6797,314.4,1.9,1.3,2014-06-03,0130,Terra,MODIS,53,6.2,302.2,14.1,D,0
-17.0921,126.8815,314.7,1.8,1.3,2014-06-03,0130,Terra,MODIS,61,6.2,301.9,15.4,D,0
-16.4495,124.4271,319.1,2.9,1.6,2014-06-03,0130,Terra,MODIS,53,6.2,297.6,51.1,D,0
-16.5006,125.0521,312.6,2.6,1.5,2014-06-03,0130,Terra,MODIS,54,6.2,297.8,22.6,D,0
-17.0891,126.8646,317.7,1.8,1.3,2014-06-03,0130,Terra,MODIS,69,6.2,301.1,20.6,D,0
-17.086,126.8473,334.6,1.8,1.3,2014-06-03,0130,Terra,MODIS,86,6.2,300.9,68.1,D,0
-17.9026,123.8991,315.7,2.9,1.6,2014-06-03,0130,Terra,MODIS,58,6.2,298,36.6,D,0
-17.9026,123.9063,312.8,2.9,1.6,2014-06-03,0130,Terra,MODIS,54,6.2,297.8,27.1,D,0
-17.8974,123.879,312.4,2.9,1.6,2014-06-03,0130,Terra,MODIS,52,6.2,298.1,24.7,D,0
-17.0984,126.8861,317,1.8,1.3,2014-06-03,0130,Terra,MODIS,39,6.2,300.6,17.5,D,0
-17.0807,126.8544,339,1.8,1.3,2014-06-03,0130,Terra,MODIS,89,6.2,301.8,82.2,D,0
-20.4479,123.8601,321.8,2.6,1.6,2014-06-03,0131,Terra,MODIS,75,6.2,298.3,52.6,D,0
-20.4527,123.8849,323.9,2.6,1.5,2014-06-03,0131,Terra,MODIS,77,6.2,299.6,60.7,D,0
-19.1482,121.7238,310,4,1.9,2014-06-03,0131,Terra,MODIS,35,6.2,297.3,35.2,D,0
-19.1558,121.7612,311.9,3.9,1.8,2014-06-03,0131,Terra,MODIS,53,6.2,298.4,45.2,D,0
-19.1433,121.7564,314.6,3.9,1.8,2014-06-03,0131,Terra,MODIS,62,6.2,298,63.7,D,0
-21.7998,120.2087,307.1,4.4,1.9,2014-06-03,0131,Terra,MODIS,50,6.2,296,41.9,D,0
-37.4607,141.056,301.4,1.7,1.3,2014-06-03,0411,Aqua,MODIS,32,6.2,283.5,12,D,0
-20.301,148.4533,311.3,1.7,1.3,2014-06-03,0415,Aqua,MODIS,51,6.2,297.7,13.4,D,0
-19.6872,147.2716,315.2,1.5,1.2,2014-06-03,0416,Aqua,MODIS,52,6.2,298.8,14.6,D,0
-17.5236,143.7897,318.6,1.1,1,2014-06-03,0416,Aqua,MODIS,55,6.2,303,8.8,D,0
-17.6743,143.8877,319.6,1.1,1,2014-06-03,0416,Aqua,MODIS,49,6.2,298.5,10.5,D,0
-16.3675,142.7015,350.7,1,1,2014-06-03,0417,Aqua,MODIS,95,6.2,302.7,53.1,D,0
-16.113,135.652,323.5,2.1,1.4,2014-06-03,0417,Aqua,MODIS,66,6.2,298,38.1,D,0
-16.3585,142.7001,345.8,1,1,2014-06-03,0417,Aqua,MODIS,93,6.2,303.2,42.8,D,0
-16.0057,135.3452,335.9,2.2,1.4,2014-06-03,0417,Aqua,MODIS,87,6.2,300.5,96,D,0
-16.337,135.5141,314.4,2.2,1.4,2014-06-03,0417,Aqua,MODIS,52,6.2,297.5,18.1,D,0
-15.8011,135.3228,319.6,2.2,1.4,2014-06-03,0417,Aqua,MODIS,46,6.2,290.6,33.1,D,0
-16.3779,142.6935,331.4,1,1,2014-06-03,0417,Aqua,MODIS,83,6.2,302,19.6,D,0
-16.3571,142.7094,373,1,1,2014-06-03,0417,Aqua,MODIS,100,6.2,305,117.8,D,0
-16.4462,142.662,323.9,1,1,2014-06-03,0417,Aqua,MODIS,75,6.2,301.7,11.6,D,0
-16.1954,135.7292,328.8,2.1,1.4,2014-06-03,0417,Aqua,MODIS,82,6.2,296.8,55,D,0
-16.3183,142.7225,334.5,1,1,2014-06-03,0417,Aqua,MODIS,86,6.2,296.9,25.7,D,0
-14.9101,133.6182,322.8,2.9,1.6,2014-06-03,0417,Aqua,MODIS,75,6.2,300.4,53.4,D,0
-14.9551,133.6307,333.9,2.9,1.6,2014-06-03,0417,Aqua,MODIS,86,6.2,296.6,118.7,D,0
-16.3716,142.6733,342.2,1,1,2014-06-03,0417,Aqua,MODIS,91,6.2,303.3,37.8,D,0
-14.4971,142.969,350.5,1,1,2014-06-03,0417,Aqua,MODIS,96,6.2,302.8,60.1,D,0
-15.4865,141.7246,327.2,1,1,2014-06-03,0417,Aqua,MODIS,79,6.2,301.5,15.8,D,0
-15.8101,135.3515,327.9,2.2,1.4,2014-06-03,0417,Aqua,MODIS,66,6.2,294,59.1,D,0
-14.5062,142.9705,323.6,1,1,2014-06-03,0417,Aqua,MODIS,61,6.2,301.2,15.2,D,0
-16.2995,142.7225,340.8,1,1,2014-06-03,0417,Aqua,MODIS,90,6.2,302.9,36.4,D,0
-16.2918,142.7116,335.7,1,1,2014-06-03,0417,Aqua,MODIS,86,6.2,303.5,27.1,D,0
-16.2981,142.7319,318.1,1,1,2014-06-03,0417,Aqua,MODIS,63,6.2,301.4,7.4,D,0
-16.1153,135.6393,320.6,2.1,1.4,2014-06-03,0417,Aqua,MODIS,26,6.2,297.7,28.1,D,0
-14.9111,133.6256,320,2.9,1.6,2014-06-03,0417,Aqua,MODIS,70,6.2,300.2,40.7,D,0
-16.3123,135.7343,321.6,2.1,1.4,2014-06-03,0417,Aqua,MODIS,30,6.2,296.8,27.7,D,0
-14.5121,142.0426,321.1,1,1,2014-06-03,0417,Aqua,MODIS,73,6.2,302.6,12.1,D,0
-16.5152,142.824,336.3,1,1,2014-06-03,0417,Aqua,MODIS,87,6.2,303.3,30.1,D,0
-16.3377,135.738,338.3,2.1,1.4,2014-06-03,0417,Aqua,MODIS,89,6.2,302.5,90.1,D,0
-16.324,135.5125,313,2.2,1.4,2014-06-03,0417,Aqua,MODIS,38,6.2,296.4,14.7,D,0
-16.3662,142.7109,338.1,1,1,2014-06-03,0417,Aqua,MODIS,87,6.2,302.4,30.1,D,0
-16.5139,142.8334,323.4,1,1,2014-06-03,0417,Aqua,MODIS,66,6.2,300.7,13.2,D,0
-16.3101,135.7539,328.5,2.1,1.4,2014-06-03,0417,Aqua,MODIS,71,6.2,301.8,50.5,D,0
-16.5097,142.8617,319.7,1,1,2014-06-03,0417,Aqua,MODIS,54,6.2,299.3,8.2,D,0
-16.3626,142.6719,329.5,1,1,2014-06-03,0417,Aqua,MODIS,67,6.2,300.3,17.4,D,0
-16.5083,142.8711,321.2,1,1,2014-06-03,0417,Aqua,MODIS,61,6.2,301,9.8,D,0
-16.3273,142.7239,334.9,1,1,2014-06-03,0417,Aqua,MODIS,70,6.2,300.2,25.9,D,0
-14.5134,142.0333,342.2,1,1,2014-06-03,0417,Aqua,MODIS,92,6.2,303.4,40.5,D,0
-16.098,135.6699,325.3,2.1,1.4,2014-06-03,0417,Aqua,MODIS,46,6.2,300,42.2,D,0
-16.1952,135.7337,334.2,2.1,1.4,2014-06-03,0417,Aqua,MODIS,85,6.2,297.4,74.6,D,0
-16.3446,142.669,322.3,1,1,2014-06-03,0417,Aqua,MODIS,47,6.2,301.9,9.5,D,0
-15.8124,135.3309,327.3,2.2,1.4,2014-06-03,0417,Aqua,MODIS,58,6.2,291.5,57.9,D,0
-14.9522,133.6576,321.9,2.9,1.6,2014-06-03,0417,Aqua,MODIS,74,6.2,298.7,50.5,D,0
-16.1827,135.7278,331.5,2.1,1.4,2014-06-03,0417,Aqua,MODIS,74,6.2,301.5,63.7,D,0
-16.2619,135.6007,321.1,2.1,1.4,2014-06-03,0417,Aqua,MODIS,34,6.2,297.6,35.5,D,0
-16.3096,135.7467,328.4,2.1,1.4,2014-06-03,0417,Aqua,MODIS,74,6.2,301.5,50.4,D,0
-16.6541,143.2575,334.3,1,1,2014-06-03,0417,Aqua,MODIS,85,6.2,303.4,26.5,D,0
-16.3467,142.7174,324.1,1,1,2014-06-03,0417,Aqua,MODIS,68,6.2,295.7,13.1,D,0
-15.4878,141.7153,318.3,1,1,2014-06-03,0417,Aqua,MODIS,52,6.2,301.8,6.7,D,0
-16.1447,135.7224,323.9,2.1,1.4,2014-06-03,0417,Aqua,MODIS,56,6.2,300.2,37.8,D,0
-16.2734,135.4994,322.1,2.2,1.4,2014-06-03,0417,Aqua,MODIS,72,6.2,292.7,40.7,D,0
-16.008,135.3246,347.6,2.2,1.4,2014-06-03,0417,Aqua,MODIS,94,6.2,298.8,163.4,D,0
-16.1932,135.7482,325,2.1,1.4,2014-06-03,0417,Aqua,MODIS,76,6.2,296.9,42.1,D,0
-16.3869,142.695,338.2,1,1,2014-06-03,0417,Aqua,MODIS,88,6.2,303.9,31.5,D,0
-16.5633,143.1186,320.1,1,1,2014-06-03,0417,Aqua,MODIS,70,6.2,303,7.6,D,0
-15.8117,135.3447,328.6,2.2,1.4,2014-06-03,0417,Aqua,MODIS,62,6.2,294.7,61.5,D,0
-16.5823,142.4892,317.4,1,1,2014-06-03,0417,Aqua,MODIS,64,6.2,302.9,6.1,D,0
-16.2932,142.7022,344.7,1,1,2014-06-03,0417,Aqua,MODIS,92,6.2,304.3,42.7,D,0
-16.4,142.6683,323.5,1,1,2014-06-03,0417,Aqua,MODIS,64,6.2,302.7,12,D,0
-16.5619,143.1281,319.2,1,1,2014-06-03,0417,Aqua,MODIS,68,6.2,302.5,6.6,D,0
-16.3765,142.7029,358.5,1,1,2014-06-03,0417,Aqua,MODIS,99,6.2,304.7,72.5,D,0
-15.7994,135.3295,318.6,2.2,1.4,2014-06-03,0417,Aqua,MODIS,60,6.2,291.5,31.2,D,0
-16.3481,142.708,346.3,1,1,2014-06-03,0417,Aqua,MODIS,93,6.2,302.4,46.2,D,0
-16.0211,135.3264,337.1,2.2,1.4,2014-06-03,0417,Aqua,MODIS,88,6.2,297.7,102.6,D,0
-16.0187,135.3468,339.6,2.2,1.4,2014-06-03,0417,Aqua,MODIS,90,6.2,301.1,113.8,D,0
-16.4733,142.6663,321.9,1,1,2014-06-03,0417,Aqua,MODIS,72,6.2,303.5,11.3,D,0
-16.373,142.664,322.1,1,1,2014-06-03,0417,Aqua,MODIS,67,6.2,301.7,10,D,0
-13.4256,142.4926,323.2,1,1,2014-06-03,0417,Aqua,MODIS,78,6.2,300.9,15.2,D,0
-13.437,142.7961,341,1,1,2014-06-03,0417,Aqua,MODIS,91,6.2,299.8,37.6,D,0
-13.4229,142.7644,321.6,1,1,2014-06-03,0417,Aqua,MODIS,45,6.2,299.4,13.3,D,0
-13.4678,142.699,320.9,1,1,2014-06-03,0417,Aqua,MODIS,76,6.2,297.9,13.3,D,0
-13.427,142.4832,321.1,1,1,2014-06-03,0417,Aqua,MODIS,76,6.2,299.5,12.9,D,0
-13.4355,142.8057,334.3,1,1,2014-06-03,0417,Aqua,MODIS,87,6.2,300.2,27.6,D,0
-13.4264,142.8043,328.9,1,1,2014-06-03,0417,Aqua,MODIS,83,6.2,300.6,20.2,D,0
-13.4144,142.822,347.1,1,1,2014-06-03,0417,Aqua,MODIS,94,6.2,301.9,51.5,D,0
-13.4158,142.8123,363.7,1,1,2014-06-03,0417,Aqua,MODIS,100,6.2,302.8,92.9,D,0
-13.4066,142.8109,356.5,1,1,2014-06-03,0417,Aqua,MODIS,98,6.2,302.4,71.6,D,0
-13.3897,142.7984,346,1,1,2014-06-03,0417,Aqua,MODIS,93,6.2,300,46.4,D,0
-13.322,142.6931,323.3,1,1,2014-06-03,0417,Aqua,MODIS,56,6.2,299,15.1,D,0
-13.3086,142.7203,362.8,1,1,2014-06-03,0417,Aqua,MODIS,100,6.2,301.5,88.6,D,0
-13.2777,142.6763,349.8,1,1,2014-06-03,0417,Aqua,MODIS,95,6.2,301.3,53.6,D,0
-13.2791,142.6667,368.5,1,1,2014-06-03,0417,Aqua,MODIS,94,6.2,301.9,108.5,D,0
-13.2553,142.716,329.3,1,1,2014-06-03,0417,Aqua,MODIS,58,6.2,300.6,20.4,D,0
-13.2441,142.6653,333.2,1,1,2014-06-03,0417,Aqua,MODIS,65,6.2,297.4,30.2,D,0
-13.2567,142.7065,345.6,1,1,2014-06-03,0417,Aqua,MODIS,93,6.2,301.9,47.7,D,0
-16.5224,135.7124,331.6,2.1,1.4,2014-06-03,0417,Aqua,MODIS,78,6.2,299,64.4,D,0
-16.4819,135.7276,328.8,2.1,1.4,2014-06-03,0417,Aqua,MODIS,55,6.2,302.4,54.4,D,0
-16.467,135.7455,325.6,2.1,1.4,2014-06-03,0417,Aqua,MODIS,42,6.2,301.2,42.9,D,0
-16.4692,135.726,348,2.1,1.4,2014-06-03,0417,Aqua,MODIS,94,6.2,301.6,147.3,D,0
-16.4795,135.7402,325.6,2.1,1.4,2014-06-03,0417,Aqua,MODIS,46,6.2,301.8,43,D,0
-16.4667,135.7389,339.5,2.1,1.4,2014-06-03,0417,Aqua,MODIS,90,6.2,301.8,99.7,D,0
-16.469,135.719,331.9,2.1,1.4,2014-06-03,0417,Aqua,MODIS,75,6.2,300.6,66.6,D,0
-16.363,135.7419,332.6,2.1,1.4,2014-06-03,0417,Aqua,MODIS,70,6.2,299.3,65.2,D,0
-16.3654,135.7219,334.7,2.1,1.4,2014-06-03,0417,Aqua,MODIS,80,6.2,298.1,74.9,D,0
-16.3504,135.7399,342.7,2.1,1.4,2014-06-03,0417,Aqua,MODIS,92,6.2,301.2,111.1,D,0
-17.159,132.0542,327,4.1,1.9,2014-06-03,0417,Aqua,MODIS,81,6.2,297.8,154.1,D,0
-17.1626,132.0152,318.2,4.1,1.9,2014-06-03,0417,Aqua,MODIS,71,6.2,296.4,85.4,D,0
-17.1456,132.0133,315.2,4.1,1.9,2014-06-03,0417,Aqua,MODIS,58,6.2,296,65.5,D,0
-17.1559,132.0496,328.9,4.1,1.9,2014-06-03,0417,Aqua,MODIS,83,6.2,297.7,170.6,D,0
-17.1598,132.0106,316.6,4.1,1.9,2014-06-03,0417,Aqua,MODIS,63,6.2,296.2,73.3,D,0
-16.4278,135.5096,317.8,2.2,1.4,2014-06-03,0417,Aqua,MODIS,35,6.2,296.5,24.5,D,0
-14.6793,132.8475,319.9,3.3,1.7,2014-06-03,0417,Aqua,MODIS,68,6.2,302.3,48.2,D,0
-14.69,132.8531,327.2,3.3,1.7,2014-06-03,0417,Aqua,MODIS,80,6.2,301.6,93.1,D,0
-14.6948,132.8492,321.7,3.3,1.7,2014-06-03,0417,Aqua,MODIS,75,6.2,300.8,60.6,D,0
-14.6321,132.9958,327.8,3.2,1.7,2014-06-03,0417,Aqua,MODIS,81,6.2,302.7,91.7,D,0
-14.6317,133.0187,318.9,3.2,1.7,2014-06-03,0417,Aqua,MODIS,56,6.2,302.1,35.3,D,0
-14.6351,132.989,323.8,3.2,1.7,2014-06-03,0417,Aqua,MODIS,78,6.2,302.5,63.4,D,0
-13.3072,142.7299,347.6,1,1,2014-06-03,0417,Aqua,MODIS,84,6.2,300.9,50,D,0
-13.3616,142.7352,317.9,1,1,2014-06-03,0417,Aqua,MODIS,45,6.2,297.4,11.6,D,0
-13.3544,142.7275,313.9,1,1,2014-06-03,0417,Aqua,MODIS,50,6.2,294.6,9,D,0
-15.6222,131.752,320.5,4.1,1.9,2014-06-03,0417,Aqua,MODIS,72,6.2,301.2,74.7,D,0
-15.6053,131.7959,317.5,4.1,1.9,2014-06-03,0417,Aqua,MODIS,65,6.2,300.5,53.1,D,0
-16.1473,135.4718,316.5,2.2,1.4,2014-06-03,0417,Aqua,MODIS,51,6.2,296.8,22.2,D,0
-15.6183,131.7905,324.6,4.1,1.9,2014-06-03,0417,Aqua,MODIS,77,6.2,300.8,108.2,D,0
-15.7955,131.8658,315.6,4.1,1.9,2014-06-03,0417,Aqua,MODIS,53,6.2,301.3,43,D,0
-15.6809,131.726,318,4.2,1.9,2014-06-03,0417,Aqua,MODIS,68,6.2,300.5,61.9,D,0
-15.5524,131.9357,319.9,4,1.9,2014-06-03,0417,Aqua,MODIS,71,6.2,299.5,75.9,D,0
-15.5483,131.9306,321.3,4,1.9,2014-06-03,0417,Aqua,MODIS,73,6.2,299.7,87.1,D,0
-15.609,131.7575,323.3,4.1,1.9,2014-06-03,0417,Aqua,MODIS,76,6.2,300.7,96.6,D,0
-12.6092,142.281,330.2,1,1,2014-06-03,0418,Aqua,MODIS,84,6.2,300.5,22.8,D,0
-13.4318,131.217,318.3,4.3,1.9,2014-06-03,0418,Aqua,MODIS,56,6.2,298.8,65.1,D,0
-13.4298,131.2133,319.7,4.3,1.9,2014-06-03,0418,Aqua,MODIS,58,6.2,299.2,74.4,D,0
-13.4469,132.6884,314.5,3.3,1.7,2014-06-03,0418,Aqua,MODIS,64,6.2,296.8,33,D,0
-13.0341,132.1944,330,3.5,1.8,2014-06-03,0418,Aqua,MODIS,84,6.2,297.6,130.8,D,0
-13.0434,132.203,335,3.5,1.8,2014-06-03,0418,Aqua,MODIS,88,6.2,297.6,174.4,D,0
-13.05,132.1964,316.4,3.5,1.8,2014-06-03,0418,Aqua,MODIS,61,6.2,297.4,43.9,D,0
-13.9165,133.3372,314.8,3,1.6,2014-06-03,0418,Aqua,MODIS,59,6.2,295,27.9,D,0
-12.6106,142.2717,323.7,1,1,2014-06-03,0418,Aqua,MODIS,49,6.2,299,14,D,0
-13.917,133.3322,315.5,3,1.6,2014-06-03,0418,Aqua,MODIS,67,6.2,295.1,33.5,D,0
-12.4319,132.2141,314.2,3.4,1.7,2014-06-03,0418,Aqua,MODIS,58,6.2,297.9,38.8,D,0
-12.3941,133.1924,317.7,2.9,1.6,2014-06-03,0418,Aqua,MODIS,52,6.2,292.3,43.9,D,0
-12.4848,132.2573,316.8,3.4,1.7,2014-06-03,0418,Aqua,MODIS,70,6.2,297.6,51.1,D,0
-12.4254,132.2183,312.5,3.4,1.7,2014-06-03,0418,Aqua,MODIS,30,6.2,297.7,29.9,D,0
-12.3785,131.4475,317.5,3.9,1.8,2014-06-03,0418,Aqua,MODIS,67,6.2,298.2,73.4,D,0
-12.4289,132.1864,318.7,3.5,1.8,2014-06-03,0418,Aqua,MODIS,73,6.2,297.3,63.7,D,0
-12.6036,132.8002,313.8,3.1,1.7,2014-06-03,0418,Aqua,MODIS,65,6.2,295.6,36.8,D,0
-12.3957,133.1592,313.6,2.9,1.6,2014-06-03,0418,Aqua,MODIS,61,6.2,293.9,31,D,0
-12.397,133.1664,318.2,2.9,1.6,2014-06-03,0418,Aqua,MODIS,57,6.2,293.1,45.8,D,0
-12.3926,133.1852,324.2,2.9,1.6,2014-06-03,0418,Aqua,MODIS,79,6.2,293.1,76.7,D,0
-12.6037,142.3186,329.8,1,1,2014-06-03,0418,Aqua,MODIS,51,6.2,299.3,21.6,D,0
-12.3601,132.4254,330.9,3.3,1.7,2014-06-03,0418,Aqua,MODIS,0,6.2,297.9,134.8,D,0
-14.1694,130.8463,330.3,4.6,2,2014-06-03,0418,Aqua,MODIS,83,6.2,297.8,205.9,D,0
-14.1707,130.8424,329.8,4.6,2,2014-06-03,0418,Aqua,MODIS,83,6.2,298.1,202.1,D,0
-12.4856,141.8692,333.1,1,1,2014-06-03,0418,Aqua,MODIS,86,6.2,299.4,24,D,0
-12.4869,141.86,323.6,1,1,2014-06-03,0418,Aqua,MODIS,78,6.2,302.4,11.8,D,0
-12.144,141.8773,341.6,1,1,2014-06-03,0418,Aqua,MODIS,91,6.2,301.7,39.4,D,0
-12.1349,141.8759,317.5,1,1,2014-06-03,0418,Aqua,MODIS,65,6.2,299.5,8,D,0
-12.2704,132.1843,313.9,3.4,1.7,2014-06-03,0418,Aqua,MODIS,53,6.2,294.7,34.8,D,0
-12.2742,132.152,315.6,3.5,1.8,2014-06-03,0418,Aqua,MODIS,57,6.2,295.7,43.6,D,0
-12.2991,132.1599,318.7,3.5,1.8,2014-06-03,0418,Aqua,MODIS,73,6.2,296.7,57.9,D,0
-12.1453,141.868,315.1,1,1,2014-06-03,0418,Aqua,MODIS,23,6.2,299.4,5.4,D,0
-30.8708,121.4874,318.4,1,1,2014-06-03,0551,Aqua,MODIS,75,6.2,298.9,12.6,D,0
-30.8692,121.4979,311.8,1,1,2014-06-03,0551,Aqua,MODIS,66,6.2,298.3,6.8,D,2
-33.0684,116.9556,301.9,1.4,1.2,2014-06-03,0551,Aqua,MODIS,50,6.2,285.7,7.6,D,0
-33.9203,115.9641,308.5,1.6,1.3,2014-06-03,0551,Aqua,MODIS,51,6.2,284,22,D,0
-31.6455,119.2765,337.9,1.1,1,2014-06-03,0551,Aqua,MODIS,85,6.2,290.2,42.5,D,0
-31.647,119.2653,323.3,1.1,1,2014-06-03,0551,Aqua,MODIS,77,6.2,287.9,21.2,D,0
-31.6441,119.2878,315.2,1.1,1,2014-06-03,0551,Aqua,MODIS,32,6.2,291.5,12,D,0
-30.36,116.1579,327.3,1.4,1.2,2014-06-03,0552,Aqua,MODIS,83,6.2,295.4,38.9,D,0
-21.3454,119.3251,327.8,1,1,2014-06-03,0554,Aqua,MODIS,75,6.2,310.5,15.2,D,0
-21.3469,119.3153,382.5,1,1,2014-06-03,0554,Aqua,MODIS,100,6.2,313.4,156.4,D,0
-21.3483,119.3056,356.3,1,1,2014-06-03,0554,Aqua,MODIS,98,6.2,308.4,67.4,D,0
-21.3378,119.3138,364,1,1,2014-06-03,0554,Aqua,MODIS,100,6.2,315.1,87.7,D,0
-21.3393,119.3041,390.6,1,1,2014-06-03,0554,Aqua,MODIS,100,6.2,317.8,194.6,D,0
-20.6338,119.536,325.4,1,1,2014-06-03,0554,Aqua,MODIS,68,6.2,313,9.9,D,0
-21.8059,120.1865,319.4,1.1,1,2014-06-03,0554,Aqua,MODIS,56,6.2,308.5,7,D,0
-21.8043,120.1966,322.4,1.1,1,2014-06-03,0554,Aqua,MODIS,64,6.2,307.9,10,D,0
-22.5004,123.2413,320.2,1.5,1.2,2014-06-03,0554,Aqua,MODIS,45,6.2,306.7,12.5,D,0
-16.8117,122.5922,328.9,1.7,1.3,2014-06-03,0555,Aqua,MODIS,70,6.2,299.4,42.2,D,0
-17.34,126.5913,323.4,3.2,1.7,2014-06-03,0555,Aqua,MODIS,72,6.2,302.5,67,D,0
-17.1172,122.2762,368.1,1.6,1.2,2014-06-03,0555,Aqua,MODIS,0,6.2,302.7,198.1,D,0
-17.1062,122.2741,318.7,1.6,1.2,2014-06-03,0555,Aqua,MODIS,0,6.2,301.4,16.7,D,0
-16.634,125.2686,317.1,2.7,1.6,2014-06-03,0555,Aqua,MODIS,62,6.2,300.7,29.7,D,0
-17.6427,123.0577,315.8,1.8,1.3,2014-06-03,0555,Aqua,MODIS,30,6.2,297.1,13.6,D,0
-16.2885,128.0145,314.2,4.3,1.9,2014-06-03,0555,Aqua,MODIS,44,6.2,300.1,44.3,D,0
-16.4514,122.9397,325,1.8,1.3,2014-06-03,0555,Aqua,MODIS,77,6.2,297.9,36.9,D,0
-16.4992,125.0364,315.4,2.6,1.5,2014-06-03,0555,Aqua,MODIS,33,6.2,301.6,21.3,D,0
-16.4934,125.0268,317.6,2.6,1.5,2014-06-03,0555,Aqua,MODIS,58,6.2,300.9,28.6,D,0
-17.0263,127.427,315.8,3.8,1.8,2014-06-03,0555,Aqua,MODIS,52,6.2,301.4,43.6,D,0
-16.6383,125.2446,325,2.7,1.6,2014-06-03,0555,Aqua,MODIS,76,6.2,301.1,61.1,D,0
-16.3623,125.2506,331.1,2.7,1.6,2014-06-03,0555,Aqua,MODIS,83,6.2,302.3,90.6,D,0
-16.8002,122.5902,320.4,1.7,1.3,2014-06-03,0555,Aqua,MODIS,61,6.2,299.4,24.2,D,0
-16.6245,125.2747,314,2.7,1.6,2014-06-03,0555,Aqua,MODIS,29,6.2,299.8,17.8,D,0
-16.6431,125.2529,315.6,2.7,1.6,2014-06-03,0555,Aqua,MODIS,47,6.2,301.5,22.2,D,0
-16.4396,122.9375,317.1,1.8,1.3,2014-06-03,0555,Aqua,MODIS,64,6.2,300.3,18.5,D,0
-17.3427,126.5844,324,3.2,1.7,2014-06-03,0555,Aqua,MODIS,68,6.2,301.7,65.1,D,0
-17.9051,123.8904,318.7,2,1.4,2014-06-03,0555,Aqua,MODIS,52,6.2,305.6,16.9,D,0
-16.2863,128.0054,314.4,4.3,1.9,2014-06-03,0555,Aqua,MODIS,47,6.2,300.3,46.5,D,0
-17.0422,122.4466,336.8,1.6,1.3,2014-06-03,0555,Aqua,MODIS,70,6.2,302.2,56.2,D,0
-17.0443,122.4417,350.2,1.6,1.3,2014-06-03,0555,Aqua,MODIS,83,6.2,303.3,107.9,D,0
-16.3649,125.2557,339.3,2.7,1.6,2014-06-03,0555,Aqua,MODIS,89,6.2,302.2,141,D,0
-16.4502,124.4502,319.6,2.3,1.5,2014-06-03,0555,Aqua,MODIS,61,6.2,301,30.7,D,0
-16.454,124.429,321.7,2.3,1.5,2014-06-03,0555,Aqua,MODIS,39,6.2,301,36.8,D,0
-16.6291,125.2504,326.1,2.7,1.6,2014-06-03,0555,Aqua,MODIS,77,6.2,300.4,65.5,D,0
-16.3602,125.2807,335.2,2.7,1.6,2014-06-03,0555,Aqua,MODIS,86,6.2,301.7,114.9,D,0
-16.3578,125.2754,340.8,2.7,1.6,2014-06-03,0555,Aqua,MODIS,90,6.2,301.5,154,D,0
-16.2338,126.0296,341.5,3.1,1.7,2014-06-03,0555,Aqua,MODIS,90,6.2,300.6,199.8,D,0
-16.2366,126.0257,340,3.1,1.7,2014-06-03,0555,Aqua,MODIS,89,6.2,300.3,186.5,D,0
-16.5309,125.5108,329.7,2.8,1.6,2014-06-03,0555,Aqua,MODIS,81,6.2,302.2,90.7,D,0
-16.5297,125.5059,324.4,2.8,1.6,2014-06-03,0555,Aqua,MODIS,75,6.2,302.4,61.9,D,0
-16.7712,125.4736,316.8,2.8,1.6,2014-06-03,0555,Aqua,MODIS,54,6.2,303,27,D,0
-16.7772,125.4935,315.2,2.8,1.6,2014-06-03,0555,Aqua,MODIS,50,6.2,301.8,21.9,D,0
-16.7818,125.4683,316.6,2.8,1.6,2014-06-03,0555,Aqua,MODIS,57,6.2,302.4,26.7,D,0
-19.1578,121.7845,348.4,1.4,1.2,2014-06-03,0555,Aqua,MODIS,93,6.2,309,71.5,D,0
-19.1474,121.7826,334.7,1.4,1.2,2014-06-03,0555,Aqua,MODIS,83,6.2,310.3,34.3,D,0
-19.1537,121.7444,332.2,1.3,1.1,2014-06-03,0555,Aqua,MODIS,81,6.2,310.3,28.1,D,0
-19.1558,121.7317,341.8,1.3,1.1,2014-06-03,0555,Aqua,MODIS,89,6.2,311.6,52,D,0
-19.1578,121.719,335.4,1.3,1.1,2014-06-03,0555,Aqua,MODIS,84,6.2,310.3,36.6,D,0
-19.1599,121.7717,324.1,1.4,1.2,2014-06-03,0555,Aqua,MODIS,69,6.2,311.7,13.3,D,0
-16.6438,126.686,322.3,3.4,1.7,2014-06-03,0555,Aqua,MODIS,71,6.2,301.9,71.3,D,0
-16.9908,126.9135,326.3,3.5,1.8,2014-06-03,0555,Aqua,MODIS,76,6.2,302.5,89.6,D,0
-16.1407,126.3503,313.8,3.3,1.7,2014-06-03,0555,Aqua,MODIS,42,6.2,300.3,29,D,0
-15.8634,126.2071,319.1,3.3,1.7,2014-06-03,0555,Aqua,MODIS,34,6.2,298.2,49.3,D,0
-15.9036,126.246,318.1,3.3,1.7,2014-06-03,0555,Aqua,MODIS,66,6.2,300.8,49.2,D,0
-15.8578,126.237,341,3.3,1.7,2014-06-03,0555,Aqua,MODIS,90,6.2,299.6,209.6,D,0
-16.2476,126.3727,314.3,3.3,1.7,2014-06-03,0555,Aqua,MODIS,42,6.2,300.4,27,D,0
-15.9091,126.2162,325.6,3.3,1.7,2014-06-03,0555,Aqua,MODIS,78,6.2,300.6,92.7,D,0
-15.7291,126.2698,314.8,3.3,1.7,2014-06-03,0555,Aqua,MODIS,48,6.2,301.3,33,D,0
-15.6325,126.1423,311.9,3.3,1.7,2014-06-03,0555,Aqua,MODIS,32,6.2,299.6,23.4,D,0
-16.9968,126.8816,324.1,3.5,1.8,2014-06-03,0555,Aqua,MODIS,68,6.2,302.3,75.8,D,0
-16.6505,126.6823,319.6,3.4,1.7,2014-06-03,0555,Aqua,MODIS,66,6.2,301.4,55.6,D,0
-15.7349,126.2392,318.9,3.3,1.7,2014-06-03,0555,Aqua,MODIS,68,6.2,300.3,54.3,D,0
-15.7326,126.263,318.1,3.3,1.7,2014-06-03,0555,Aqua,MODIS,66,6.2,301.4,48.6,D,0
-16.146,126.3468,313.1,3.3,1.7,2014-06-03,0555,Aqua,MODIS,35,6.2,300,25.4,D,0
-17.3457,126.5615,314.6,3.2,1.7,2014-06-03,0555,Aqua,MODIS,26,6.2,301.4,23.4,D,0
-17.4817,126.1716,317.3,3,1.6,2014-06-03,0555,Aqua,MODIS,57,6.2,305,29.9,D,0
-16.9987,126.9204,320.9,3.5,1.8,2014-06-03,0555,Aqua,MODIS,68,6.2,301.5,59.3,D,0
-16.3289,126.662,322.3,3.4,1.7,2014-06-03,0555,Aqua,MODIS,72,6.2,301.3,63.9,D,0
-16.1576,126.5428,316.5,3.4,1.7,2014-06-03,0555,Aqua,MODIS,26,6.2,302.3,32.3,D,0
-16.6445,126.7143,314.9,3.4,1.7,2014-06-03,0555,Aqua,MODIS,49,6.2,301.3,31.2,D,0
-16.1948,126.1689,331.1,3.2,1.7,2014-06-03,0555,Aqua,MODIS,83,6.2,300.8,123,D,0
-16.1606,126.101,314.9,3.2,1.7,2014-06-03,0555,Aqua,MODIS,50,6.2,300.7,28,D,0
-16.2313,126.0548,315.1,3.1,1.7,2014-06-03,0555,Aqua,MODIS,33,6.2,299.5,29,D,0
-16.4533,126.0883,315.6,3.1,1.7,2014-06-03,0555,Aqua,MODIS,57,6.2,300.2,35.5,D,0
-17.0049,126.8886,326.7,3.5,1.8,2014-06-03,0555,Aqua,MODIS,77,6.2,301.3,98.6,D,0
-15.4425,126.0907,313.9,3.3,1.7,2014-06-03,0555,Aqua,MODIS,45,6.2,299.7,28.5,D,0
-15.8425,126.2341,321,3.3,1.7,2014-06-03,0555,Aqua,MODIS,66,6.2,300,62.9,D,0
-15.8476,126.2301,331.9,3.3,1.7,2014-06-03,0555,Aqua,MODIS,81,6.2,300.8,128.8,D,0
-16.1908,126.1725,335.2,3.2,1.7,2014-06-03,0555,Aqua,MODIS,86,6.2,300.9,152.8,D,0
-16.1964,126.1435,313.7,3.2,1.7,2014-06-03,0555,Aqua,MODIS,37,6.2,300.5,25.2,D,0
-15.7382,126.2324,314.5,3.3,1.7,2014-06-03,0555,Aqua,MODIS,47,6.2,299.6,31.7,D,0
-15.9061,126.2234,329.4,3.3,1.7,2014-06-03,0555,Aqua,MODIS,81,6.2,301.1,116,D,0
-15.1408,124.9809,317.7,2.7,1.6,2014-06-03,0556,Aqua,MODIS,58,6.2,299.2,36.3,D,0
-15.1341,125.0008,328.7,2.7,1.6,2014-06-03,0556,Aqua,MODIS,71,6.2,300.4,85.7,D,0
-15.1362,125.0061,324.8,2.7,1.6,2014-06-03,0556,Aqua,MODIS,58,6.2,300.4,65.4,D,0
-15.3539,130.0093,335.4,1.4,1.2,2014-06-03,1342,Terra,MODIS,100,6.2,296.1,61.2,N,0
-15.3467,130.0145,320.3,1.4,1.2,2014-06-03,1342,Terra,MODIS,100,6.2,292.6,29.5,N,0
-15.3591,130.0027,313.5,1.4,1.2,2014-06-03,1342,Terra,MODIS,87,6.2,293.9,19.6,N,0
-15.3574,130.0161,323.2,1.4,1.2,2014-06-03,1342,Terra,MODIS,100,6.2,294.2,34.1,N,0
-15.3681,130.0176,313.2,1.4,1.2,2014-06-03,1342,Terra,MODIS,87,6.2,294.6,18.9,N,0
-16.1865,126.1529,303.4,2.9,1.6,2014-06-03,1342,Terra,MODIS,51,6.2,290.1,27.6,N,0
-16.1854,126.1461,300.1,2.9,1.6,2014-06-03,1342,Terra,MODIS,4,6.2,289.7,17.2,N,0
-15.4948,130.4694,305.5,1.4,1.2,2014-06-03,1342,Terra,MODIS,64,6.2,294.6,8.1,N,0
-15.3449,129.9944,314.2,1.4,1.2,2014-06-03,1342,Terra,MODIS,89,6.2,291,21.5,N,0
-15.3432,130.0077,326,1.4,1.2,2014-06-03,1342,Terra,MODIS,100,6.2,291.8,40.3,N,0
-15.3556,129.9958,312.1,1.4,1.2,2014-06-03,1342,Terra,MODIS,84,6.2,293.1,18.1,N,0
-15.3484,130.0012,345.3,1.4,1.2,2014-06-03,1342,Terra,MODIS,100,6.2,293.9,90.8,N,0
-15.3566,130.1108,304.9,1.4,1.2,2014-06-03,1342,Terra,MODIS,54,6.2,294.2,8.2,N,0
-16.7826,132.375,307.4,1.1,1,2014-06-03,1342,Terra,MODIS,71,6.2,289.6,9.9,N,0
-16.7731,132.3737,316.4,1.1,1,2014-06-03,1342,Terra,MODIS,93,6.2,290.9,17.3,N,0
-16.7637,132.3723,301.4,1.1,1,2014-06-03,1342,Terra,MODIS,18,6.2,289.8,5.1,N,0
-16.7651,132.3619,314.2,1.1,1.1,2014-06-03,1342,Terra,MODIS,89,6.2,290.9,14.9,N,0
-17.1436,132.0527,306.5,1.2,1.1,2014-06-03,1342,Terra,MODIS,68,6.2,290,8.6,N,0
-17.1354,132.0404,313.3,1.2,1.1,2014-06-03,1342,Terra,MODIS,87,6.2,290.9,15,N,0
-17.1368,132.0296,309,1.2,1.1,2014-06-03,1342,Terra,MODIS,76,6.2,289.9,11.1,N,0
-15.7426,135.3118,309.4,1,1,2014-06-03,1342,Terra,MODIS,77,6.2,293.2,8.2,N,0
-15.7517,135.3133,303.1,1,1,2014-06-03,1342,Terra,MODIS,16,6.2,292.1,3.7,N,0
-15.7847,135.2794,319.9,1,1,2014-06-03,1342,Terra,MODIS,89,6.2,291.9,17.7,N,0
-15.8008,135.3605,301.5,1,1,2014-06-03,1342,Terra,MODIS,28,6.2,291.3,4,N,0
-14.9605,133.6604,304.4,1,1,2014-06-03,1342,Terra,MODIS,60,6.2,293.5,4.4,N,0
-14.3946,132.4357,304.9,1.1,1,2014-06-03,1343,Terra,MODIS,40,6.2,293.6,4.6,N,0
-14.3933,132.4455,303.7,1.1,1,2014-06-03,1343,Terra,MODIS,7,6.2,292.1,3.9,N,0
-14.3871,132.4387,308.3,1.1,1,2014-06-03,1343,Terra,MODIS,53,6.2,294.1,8.2,N,0
-14.4497,132.8429,304.3,1,1,2014-06-03,1343,Terra,MODIS,50,6.2,290,6.1,N,0
-14.451,132.8334,306,1,1,2014-06-03,1343,Terra,MODIS,65,6.2,288.6,7.3,N,0
-12.2838,132.1675,308.2,1,1,2014-06-03,1343,Terra,MODIS,74,6.2,294,6.6,N,0
-12.2746,132.1662,309.5,1,1,2014-06-03,1343,Terra,MODIS,75,6.2,294,7.2,N,0
-13.7052,130.6297,313.2,1.3,1.1,2014-06-03,1343,Terra,MODIS,87,6.2,291.7,16.7,N,0
-15.2089,129.9154,311,1.5,1.2,2014-06-03,1343,Terra,MODIS,81,6.2,293.8,15.1,N,0
-15.0539,130.6666,302.1,1.3,1.1,2014-06-03,1343,Terra,MODIS,47,6.2,291.5,7.3,N,0
-15.1559,129.9567,313.1,1.4,1.2,2014-06-03,1343,Terra,MODIS,86,6.2,295.5,18.9,N,0
-15.2106,129.9017,303.8,1.5,1.2,2014-06-03,1343,Terra,MODIS,27,6.2,293.6,7.1,N,0
-14.0289,130.7227,312.2,1.3,1.1,2014-06-03,1343,Terra,MODIS,67,6.2,292.8,12.3,N,0
-13.911,131.7544,312.5,1.1,1.1,2014-06-03,1343,Terra,MODIS,85,6.2,293.7,11.7,N,0
-13.4352,132.6774,309.3,1,1,2014-06-03,1343,Terra,MODIS,58,6.2,290,9.9,N,0
-13.4339,132.6868,310.1,1,1,2014-06-03,1343,Terra,MODIS,55,6.2,293.1,10.1,N,0
-13.449,132.7045,311.8,1,1,2014-06-03,1343,Terra,MODIS,3,6.2,293.2,9.2,N,0
-14.0389,130.7241,313.7,1.3,1.1,2014-06-03,1343,Terra,MODIS,40,6.2,293.3,13.6,N,0
-26.7923,150.2025,305.5,1.1,1,2014-06-03,1511,Aqua,MODIS,65,6.2,284.5,10.3,N,0
-33.9234,115.9615,302.7,1.1,1,2014-06-03,1516,Terra,MODIS,51,6.2,280.5,9.6,N,0
-32.4673,116.0399,305,1.1,1.1,2014-06-03,1516,Terra,MODIS,63,6.2,281.8,11.3,N,0
-32.4709,116.0776,308.4,1.1,1.1,2014-06-03,1516,Terra,MODIS,75,6.2,283.2,13.9,N,0
-32.4692,116.028,306.3,1.1,1.1,2014-06-03,1516,Terra,MODIS,68,6.2,282.5,12.2,N,0
-13.694,130.7276,309.4,1,1,2014-06-03,1646,Aqua,MODIS,77,6.2,294.8,7.8,N,0
-13.4259,132.6831,300.6,1.2,1.1,2014-06-03,1646,Aqua,MODIS,18,6.2,288.1,6,N,0
-13.709,130.6405,303.8,1,1,2014-06-03,1646,Aqua,MODIS,57,6.2,293.6,4.8,N,0
-15.1029,130.6138,303.8,1,1,2014-06-03,1647,Aqua,MODIS,57,6.2,293,5.2,N,0
-15.2611,129.9261,309.9,1,1,2014-06-03,1647,Aqua,MODIS,78,6.2,290,10.1,N,0
-15.2625,129.9354,302.5,1,1,2014-06-03,1647,Aqua,MODIS,50,6.2,289.8,5.4,N,0
-15.496,130.4668,303.5,1,1,2014-06-03,1647,Aqua,MODIS,56,6.2,293.4,5.1,N,0
-16.1715,126.1587,304.8,1.3,1.1,2014-06-03,1647,Aqua,MODIS,62,6.2,289.8,10.6,N,0
-16.1735,126.1708,305.8,1.3,1.1,2014-06-03,1647,Aqua,MODIS,66,6.2,291.1,11.4,N,0
-15.438,130.386,300.3,1,1,2014-06-03,1647,Aqua,MODIS,25,6.2,289.5,4.7,N,0
-15.2443,130.4463,302.7,1,1,2014-06-03,1647,Aqua,MODIS,28,6.2,291.4,4.4,N,0
-15.3556,130.0092,303.8,1,1,2014-06-03,1647,Aqua,MODIS,19,6.2,293,4.7,N,0
-15.4704,130.4193,303.2,1,1,2014-06-03,1647,Aqua,MODIS,54,6.2,291.1,5.3,N,0
-15.188,129.9337,319.8,1,1,2014-06-03,1647,Aqua,MODIS,99,6.2,294.6,16.4,N,0
-15.2046,129.9217,314.6,1,1,2014-06-03,1647,Aqua,MODIS,90,6.2,294.3,11.9,N,0
-16.2206,135.6058,306.6,2,1.4,2014-06-03,1647,Aqua,MODIS,69,6.2,291.2,20,N,0
-16.7522,132.349,305.3,1.2,1.1,2014-06-03,1647,Aqua,MODIS,62,6.2,289.5,9.1,N,0
-16.7538,132.3602,306.6,1.2,1.1,2014-06-03,1647,Aqua,MODIS,69,6.2,289.7,10.3,N,0
-16.7539,132.3534,316.5,1.2,1.1,2014-06-03,1647,Aqua,MODIS,93,6.2,290,19.4,N,0
-16.4331,135.7554,306.6,2,1.4,2014-06-03,1647,Aqua,MODIS,67,6.2,291.5,18.5,N,0
-16.4341,135.748,313.8,2,1.4,2014-06-03,1647,Aqua,MODIS,68,6.2,291.9,31,N,0
-16.4445,135.7277,307,2,1.4,2014-06-03,1647,Aqua,MODIS,28,6.2,291.7,17.8,N,0
-16.4308,135.7363,309.3,2,1.4,2014-06-03,1647,Aqua,MODIS,77,6.2,291.9,23,N,0
-14.0334,130.7244,345.6,1,1,2014-06-03,1647,Aqua,MODIS,100,6.2,296.3,52,N,0
-14.0347,130.7336,322,1,1,2014-06-03,1647,Aqua,MODIS,84,6.2,295.4,17,N,0
-14.0424,130.7231,308.7,1,1,2014-06-03,1647,Aqua,MODIS,35,6.2,293.4,7.1,N,0
-14.0244,130.7257,306.3,1,1,2014-06-03,1647,Aqua,MODIS,35,6.2,294.3,5.3,N,0
-14.0982,130.8512,309.9,1,1,2014-06-03,1647,Aqua,MODIS,79,6.2,294.1,9.2,N,0
-14.0284,130.7534,307.9,1,1,2014-06-03,1647,Aqua,MODIS,27,6.2,295,5.6,N,0
-14.0968,130.8419,302.9,1,1,2014-06-03,1647,Aqua,MODIS,52,6.2,292.6,4.6,N,0
-14.0438,130.7323,323.1,1,1,2014-06-03,1647,Aqua,MODIS,98,6.2,295,18.6,N,0
-14.9139,130.8365,311.7,1,1,2014-06-03,1647,Aqua,MODIS,83,6.2,292.8,10.5,N,0
-14.055,130.7435,304.7,1,1,2014-06-03,1647,Aqua,MODIS,61,6.2,294.7,4.8,N,0
-14.4122,142.8284,320.1,1.5,1.2,2014-06-04,0033,Terra,MODIS,52,6.2,298.7,19.1,D,0
-14.4144,142.8419,328.8,1.5,1.2,2014-06-04,0033,Terra,MODIS,83,6.2,299.4,35.6,D,0
-14.4274,142.8535,315.8,1.5,1.2,2014-06-04,0033,Terra,MODIS,52,6.2,298.4,13.3,D,0
-14.4251,142.84,323.9,1.5,1.2,2014-06-04,0033,Terra,MODIS,78,6.2,298.4,27.2,D,0
-13.4769,142.6823,322.1,1.6,1.2,2014-06-04,0033,Terra,MODIS,77,6.2,295.6,25.7,D,0
-13.4682,142.6983,318.9,1.6,1.2,2014-06-04,0033,Terra,MODIS,73,6.2,295.8,20,D,0
-13.4706,142.7125,311.3,1.5,1.2,2014-06-04,0033,Terra,MODIS,21,6.2,295.8,8.2,D,0
-13.4659,142.6841,347.2,1.6,1.2,2014-06-04,0033,Terra,MODIS,94,6.2,298.1,96,D,0
-13.4635,142.6699,331.1,1.6,1.2,2014-06-04,0033,Terra,MODIS,85,6.2,296.3,45.7,D,0
-13.3303,142.7055,315.5,1.6,1.2,2014-06-04,0033,Terra,MODIS,34,6.2,295.4,14.1,D,0
-12.4879,141.8767,319.6,1.9,1.3,2014-06-04,0033,Terra,MODIS,71,6.2,293.2,32.1,D,0
-13.3578,142.7239,310.8,1.6,1.2,2014-06-04,0033,Terra,MODIS,48,6.2,292.9,9,D,0
-13.3569,142.7301,316.8,1.6,1.2,2014-06-04,0033,Terra,MODIS,37,6.2,294.1,16.3,D,0
-13.3602,142.7381,312.8,1.5,1.2,2014-06-04,0033,Terra,MODIS,64,6.2,295,11.9,D,0
-16.4726,135.7206,314.5,4.5,1.9,2014-06-04,0034,Terra,MODIS,43,6.2,292.9,67.9,D,0
-16.4731,135.7148,315.6,4.5,1.9,2014-06-04,0034,Terra,MODIS,65,6.2,292.8,78.2,D,0
-15.6284,136.0925,311.4,4.4,1.9,2014-06-04,0034,Terra,MODIS,49,6.2,293.1,53.5,D,0
-15.6298,136.0864,312.1,4.4,1.9,2014-06-04,0034,Terra,MODIS,53,6.2,293.2,59.3,D,0
-15.0138,141.952,312.2,1.6,1.3,2014-06-04,0034,Terra,MODIS,56,6.2,298.2,11,D,0
-15.5535,135.6219,311.5,4.7,2,2014-06-04,0034,Terra,MODIS,49,6.2,292.8,63.9,D,0
-16.1535,135.6874,310.7,4.6,2,2014-06-04,0034,Terra,MODIS,35,6.2,292.5,44.6,D,0
-15.605,135.9644,318.3,4.5,1.9,2014-06-04,0034,Terra,MODIS,69,6.2,293.1,105.7,D,0
-15.0112,141.9368,332.7,1.6,1.3,2014-06-04,0034,Terra,MODIS,85,6.2,299,55.6,D,0
-15.5624,135.6657,311.6,4.7,2,2014-06-04,0034,Terra,MODIS,50,6.2,292.8,63.7,D,0
-15.5637,135.6712,310.9,4.7,2,2014-06-04,0034,Terra,MODIS,44,6.2,292.8,57.9,D,0
-15.0225,141.9348,311.3,1.6,1.3,2014-06-04,0034,Terra,MODIS,52,6.2,298.3,9.4,D,0
-16.1533,135.682,310,4.6,2,2014-06-04,0034,Terra,MODIS,39,6.2,292.5,41.5,D,0
-16.2306,135.6113,312,4.6,2,2014-06-04,0034,Terra,MODIS,62,6.2,292.7,60.8,D,0
-15.6044,135.9703,317.5,4.5,1.9,2014-06-04,0034,Terra,MODIS,68,6.2,293,97.1,D,0
-15.555,135.6273,312.7,4.7,2,2014-06-04,0034,Terra,MODIS,55,6.2,292.9,71.9,D,0
-16.2319,135.6186,310,4.6,2,2014-06-04,0034,Terra,MODIS,51,6.2,292.6,44.4,D,0
-20.1112,146.8948,313.3,1,1,2014-06-04,0035,Terra,MODIS,65,6.2,300,5.7,D,0
-19.9728,148.1372,313.1,1.1,1.1,2014-06-04,0035,Terra,MODIS,54,6.2,297,7.4,D,0
-32.4061,151.3862,302.2,2.6,1.6,2014-06-04,0038,Terra,MODIS,51,6.2,288.8,21.5,D,0
-34.7346,139.0099,318.6,1.2,1.1,2014-06-04,0039,Terra,MODIS,79,6.2,285.5,23,D,0
-37.523,144.0226,301.3,1.1,1.1,2014-06-04,0040,Terra,MODIS,46,6.2,283.8,7.9,D,0
-37.5214,144.0098,303.1,1.1,1.1,2014-06-04,0040,Terra,MODIS,55,6.2,283.7,9.1,D,0
-13.1483,132.5877,326.8,4.1,1.9,2014-06-04,0211,Terra,MODIS,40,6.2,293.2,132.3,D,0
-13.2574,132.6074,315,4.1,1.9,2014-06-04,0211,Terra,MODIS,60,6.2,292.6,59.8,D,0
-13.2613,132.6013,315.8,4.1,1.9,2014-06-04,0211,Terra,MODIS,63,6.2,292.2,66.9,D,0
-13.1856,132.5774,316.2,4.1,1.9,2014-06-04,0211,Terra,MODIS,21,6.2,293,58.5,D,0
-13.1273,132.5519,322.9,4.1,1.9,2014-06-04,0211,Terra,MODIS,48,6.2,292.3,104.8,D,0
-13.0204,132.097,316.2,3.8,1.8,2014-06-04,0211,Terra,MODIS,34,6.2,294.9,44.5,D,0
-13.0894,132.5617,310.5,4.1,1.9,2014-06-04,0211,Terra,MODIS,37,6.2,292,36,D,0
-13.1687,132.5793,322.4,4.1,1.9,2014-06-04,0211,Terra,MODIS,53,6.2,295.2,100.8,D,0
-13.0185,132.1619,319.6,3.8,1.8,2014-06-04,0211,Terra,MODIS,64,6.2,292.7,68.5,D,0
-13.0118,132.1679,318.5,3.8,1.8,2014-06-04,0211,Terra,MODIS,67,6.2,293,65.3,D,0
-13.2028,131.8266,315.8,3.6,1.8,2014-06-04,0211,Terra,MODIS,57,6.2,297.9,36.7,D,0
-13.1314,132.5896,320.6,4.1,1.9,2014-06-04,0211,Terra,MODIS,36,6.2,291.3,89.6,D,0
-13.2053,131.0719,319,3.1,1.7,2014-06-04,0211,Terra,MODIS,69,6.2,298.9,42.9,D,0
-12.655,131.0218,343.5,3.1,1.7,2014-06-04,0211,Terra,MODIS,92,6.2,297.7,216.6,D,0
-12.6562,131.0283,347.9,3.1,1.7,2014-06-04,0211,Terra,MODIS,94,6.2,298.1,256.7,D,0
-12.956,132.4271,313,4,1.9,2014-06-04,0211,Terra,MODIS,56,6.2,294.6,44.9,D,0
-12.9513,132.435,311.2,4,1.9,2014-06-04,0211,Terra,MODIS,51,6.2,294.4,36.4,D,0
-12.6711,131.0267,338.4,3.1,1.7,2014-06-04,0211,Terra,MODIS,89,6.2,296.7,167.1,D,0
-13.2029,131.0653,319.2,3.1,1.7,2014-06-04,0211,Terra,MODIS,70,6.2,299,46,D,0
-12.6731,131.048,324,3.1,1.7,2014-06-04,0211,Terra,MODIS,78,6.2,296.6,77.6,D,0
-13.1902,131.0732,316.4,3.1,1.7,2014-06-04,0211,Terra,MODIS,55,6.2,298.1,30.5,D,0
-12.67,131.0201,341.4,3.1,1.7,2014-06-04,0211,Terra,MODIS,91,6.2,296.8,198.7,D,0
-12.3695,132.432,319.7,3.9,1.8,2014-06-04,0211,Terra,MODIS,54,6.2,296.9,79.2,D,0
-12.3755,132.4259,316,3.9,1.8,2014-06-04,0211,Terra,MODIS,37,6.2,296.8,53.7,D,0
-12.256,132.1632,311.3,3.7,1.8,2014-06-04,0211,Terra,MODIS,0,6.2,295.1,27,D,0
-14.0712,126.3586,320.2,1.4,1.2,2014-06-04,0212,Terra,MODIS,53,6.2,302.7,16.8,D,0
-15.8667,126.006,324.1,1.4,1.2,2014-06-04,0212,Terra,MODIS,76,6.2,301,25.7,D,0
-15.8685,126.0191,321.1,1.4,1.2,2014-06-04,0212,Terra,MODIS,71,6.2,301.9,20.1,D,0
-15.8617,126.0137,314.1,1.4,1.2,2014-06-04,0212,Terra,MODIS,23,6.2,300.9,9.4,D,0
-15.8724,126.0123,321,1.4,1.2,2014-06-04,0212,Terra,MODIS,71,6.2,301.3,21,D,0
-16.7588,132.366,311.7,4.4,1.9,2014-06-04,0212,Terra,MODIS,53,6.2,293.4,60.3,D,0
-16.7596,132.3589,310.9,4.4,1.9,2014-06-04,0212,Terra,MODIS,48,6.2,293.3,55.4,D,0
-14.6336,133.0231,316.3,4.6,2,2014-06-04,0212,Terra,MODIS,43,6.2,296.7,58.9,D,0
-14.3112,130.3317,335.2,2.9,1.6,2014-06-04,0212,Terra,MODIS,72,6.2,297.6,129.7,D,0
-14.3728,130.181,374.4,2.8,1.6,2014-06-04,0212,Terra,MODIS,100,6.2,300.3,557.5,D,0
-14.2125,130.1104,326.5,2.7,1.6,2014-06-04,0212,Terra,MODIS,63,6.2,297.8,68.7,D,0
-14.3958,130.2567,321.9,2.8,1.6,2014-06-04,0212,Terra,MODIS,75,6.2,297.5,60.1,D,0
-14.393,130.231,318.1,2.8,1.6,2014-06-04,0212,Terra,MODIS,69,6.2,297.5,44,D,0
-14.3814,130.2584,355.4,2.8,1.6,2014-06-04,0212,Terra,MODIS,98,6.2,299.2,302.4,D,0
-14.6235,125.8507,315.6,1.3,1.1,2014-06-04,0212,Terra,MODIS,59,6.2,301.7,9.8,D,0
-14.2073,130.2201,339.8,2.8,1.6,2014-06-04,0212,Terra,MODIS,60,6.2,299,143.7,D,0
-14.1953,130.215,330.8,2.8,1.6,2014-06-04,0212,Terra,MODIS,29,6.2,299.2,88.6,D,0
-14.362,129.9554,317.7,2.7,1.6,2014-06-04,0212,Terra,MODIS,68,6.2,299.5,38.8,D,0
-14.3592,129.9308,315.1,2.7,1.6,2014-06-04,0212,Terra,MODIS,62,6.2,299,28.5,D,0
-14.3581,129.9627,313.9,2.7,1.6,2014-06-04,0212,Terra,MODIS,20,6.2,299.9,22.5,D,0
-14.3551,129.9381,321.7,2.7,1.6,2014-06-04,0212,Terra,MODIS,74,6.2,300.1,51.5,D,0
-14.1011,130.213,313.4,2.8,1.6,2014-06-04,0212,Terra,MODIS,34,6.2,299.3,21.3,D,0
-14.2929,130.1457,354.4,2.8,1.6,2014-06-04,0212,Terra,MODIS,97,6.2,300.1,276.9,D,0
-14.2785,130.1471,361.5,2.8,1.6,2014-06-04,0212,Terra,MODIS,100,6.2,300.5,365.3,D,0
-14.2757,130.1219,323.1,2.8,1.6,2014-06-04,0212,Terra,MODIS,42,6.2,297,55.8,D,0
-14.625,125.8625,315.2,1.3,1.2,2014-06-04,0212,Terra,MODIS,54,6.2,301.2,9.7,D,0
-14.2642,130.1488,374.5,2.8,1.6,2014-06-04,0212,Terra,MODIS,100,6.2,301.8,547.6,D,0
-14.256,130.0751,326.3,2.7,1.6,2014-06-04,0212,Terra,MODIS,73,6.2,297.7,73,D,0
-14.2499,130.1507,357.4,2.8,1.6,2014-06-04,0212,Terra,MODIS,98,6.2,299.3,309.6,D,0
-14.2898,130.1515,352.6,2.8,1.6,2014-06-04,0212,Terra,MODIS,96,6.2,300.1,270,D,0
-14.2868,130.1262,351.8,2.8,1.6,2014-06-04,0212,Terra,MODIS,96,6.2,298.8,259.4,D,0
-14.2754,130.1529,359.1,2.8,1.6,2014-06-04,0212,Terra,MODIS,99,6.2,300.1,337.6,D,0
-14.2724,130.1277,350.2,2.8,1.6,2014-06-04,0212,Terra,MODIS,95,6.2,298,241.4,D,0
-14.2611,130.1546,364,2.8,1.6,2014-06-04,0212,Terra,MODIS,100,6.2,300.7,396.5,D,0
-14.2582,130.1296,337.9,2.8,1.6,2014-06-04,0212,Terra,MODIS,88,6.2,297.9,138.8,D,0
-14.2524,130.0808,326.7,2.7,1.6,2014-06-04,0212,Terra,MODIS,79,6.2,297.6,81.3,D,0
-14.2468,130.1564,366.6,2.8,1.6,2014-06-04,0212,Terra,MODIS,100,6.2,300.1,425.9,D,0
-14.3072,130.1445,330.8,2.8,1.6,2014-06-04,0212,Terra,MODIS,60,6.2,298.4,94.1,D,0
-14.2811,130.3033,353.2,2.8,1.6,2014-06-04,0212,Terra,MODIS,97,6.2,299,284.7,D,0
-14.2639,130.2792,326.7,2.8,1.6,2014-06-04,0212,Terra,MODIS,36,6.2,297.7,74.9,D,0
-14.2936,130.3072,322.7,2.8,1.6,2014-06-04,0212,Terra,MODIS,68,6.2,297.1,63.3,D,0
-14.2792,130.309,345.8,2.8,1.6,2014-06-04,0212,Terra,MODIS,93,6.2,298.7,210,D,0
-14.2761,130.2831,344.7,2.8,1.6,2014-06-04,0212,Terra,MODIS,92,6.2,297.6,197.5,D,0
-14.2587,130.2589,328.8,2.8,1.6,2014-06-04,0212,Terra,MODIS,72,6.2,297.4,90.8,D,0
-14.2442,130.2605,313.6,2.8,1.6,2014-06-04,0212,Terra,MODIS,20,6.2,297.2,25.7,D,0
-14.3385,130.1333,364.8,2.8,1.6,2014-06-04,0212,Terra,MODIS,100,6.2,298.8,408.6,D,0
-14.3358,130.1403,391.6,2.8,1.6,2014-06-04,0212,Terra,MODIS,100,6.2,302.1,873,D,0
-14.1897,130.1646,331.5,2.8,1.6,2014-06-04,0212,Terra,MODIS,41,6.2,298.2,84.2,D,0
-14.1639,130.1942,328.1,2.8,1.6,2014-06-04,0212,Terra,MODIS,79,6.2,300.3,75.8,D,0
-14.2043,130.1946,339.4,2.8,1.6,2014-06-04,0212,Terra,MODIS,62,6.2,298.8,139.2,D,0
-14.3421,130.3226,320.6,2.9,1.6,2014-06-04,0212,Terra,MODIS,39,6.2,297.1,54.4,D,0
-14.3276,130.3243,319.6,2.9,1.6,2014-06-04,0212,Terra,MODIS,28,6.2,297.2,50.1,D,0
-14.187,130.1717,333.3,2.8,1.6,2014-06-04,0212,Terra,MODIS,54,6.2,298.5,96.3,D,0
-14.2967,130.3335,318,2.9,1.6,2014-06-04,0212,Terra,MODIS,52,6.2,297.4,44,D,0
-14.1614,130.2012,327.3,2.8,1.6,2014-06-04,0212,Terra,MODIS,62,6.2,300.4,70.5,D,0
-14.313,130.326,330,2.9,1.6,2014-06-04,0212,Terra,MODIS,48,6.2,297.4,97.1,D,0
-14.2985,130.3277,325.1,2.9,1.6,2014-06-04,0212,Terra,MODIS,37,6.2,297.5,71.8,D,0
-16.3175,126.1206,312.7,1.5,1.2,2014-06-04,0212,Terra,MODIS,40,6.2,301.3,7.7,D,0
-16.3067,126.122,313.6,1.5,1.2,2014-06-04,0212,Terra,MODIS,52,6.2,302.6,9.4,D,0
-14.3901,130.2053,333.7,2.8,1.6,2014-06-04,0212,Terra,MODIS,86,6.2,298,121.1,D,0
-14.3872,130.1793,342.7,2.8,1.6,2014-06-04,0212,Terra,MODIS,91,6.2,297.7,185.5,D,0
-14.3843,130.2845,345.4,2.8,1.6,2014-06-04,0212,Terra,MODIS,93,6.2,298.8,210.8,D,0
-14.394,130.2637,344.6,2.8,1.6,2014-06-04,0212,Terra,MODIS,92,6.2,298.4,197,D,0
-14.3826,130.2916,330.5,2.8,1.6,2014-06-04,0212,Terra,MODIS,55,6.2,297.9,97.5,D,0
-14.3795,130.2654,350.5,2.8,1.6,2014-06-04,0212,Terra,MODIS,95,6.2,298.9,245.8,D,0
-14.3215,130.1422,345.1,2.8,1.6,2014-06-04,0212,Terra,MODIS,93,6.2,299.7,197.9,D,0
-14.3244,130.1679,320.2,2.8,1.6,2014-06-04,0212,Terra,MODIS,34,6.2,298.5,45.1,D,0
-14.3388,130.1661,368.8,2.8,1.6,2014-06-04,0212,Terra,MODIS,100,6.2,301.1,462.5,D,0
-14.3531,130.1642,349.3,2.8,1.6,2014-06-04,0212,Terra,MODIS,95,6.2,299.2,234.1,D,0
-14.3674,130.1624,369.9,2.8,1.6,2014-06-04,0212,Terra,MODIS,100,6.2,298.7,479.2,D,0
-14.3705,130.1882,358.1,2.8,1.6,2014-06-04,0212,Terra,MODIS,99,6.2,299.3,320.8,D,0
-14.3848,130.1865,359.6,2.8,1.6,2014-06-04,0212,Terra,MODIS,99,6.2,298.7,343.9,D,0
-14.3413,130.1588,381.7,2.8,1.6,2014-06-04,0212,Terra,MODIS,100,6.2,302.9,676.5,D,0
-14.3556,130.157,349.4,2.8,1.6,2014-06-04,0212,Terra,MODIS,95,6.2,298.6,244,D,0
-14.3584,130.1828,333.9,2.8,1.6,2014-06-04,0212,Terra,MODIS,86,6.2,298.6,120.3,D,0
-14.37,130.1553,340.3,2.8,1.6,2014-06-04,0212,Terra,MODIS,90,6.2,296.7,167.9,D,0
-14.2098,130.0863,326.4,2.7,1.6,2014-06-04,0212,Terra,MODIS,79,6.2,298.2,74.2,D,0
-14.8937,130.7925,320.6,3.2,1.7,2014-06-04,0212,Terra,MODIS,53,6.2,298.3,49,D,0
-14.9097,130.8143,318.1,3.2,1.7,2014-06-04,0212,Terra,MODIS,67,6.2,298.5,41,D,0
-13.6858,131.3428,314.3,3.4,1.7,2014-06-04,0212,Terra,MODIS,51,6.2,298.4,27.5,D,0
-14.0572,130.7406,328.9,3,1.7,2014-06-04,0212,Terra,MODIS,81,6.2,300.7,98.8,D,0
-13.5131,132.5934,311.9,4.2,1.9,2014-06-04,0212,Terra,MODIS,46,6.2,291.8,38.8,D,0
-14.054,130.7129,319.2,3,1.7,2014-06-04,0212,Terra,MODIS,56,6.2,299.4,40.6,D,0
-14.1004,130.8507,316.9,3.1,1.7,2014-06-04,0212,Terra,MODIS,65,6.2,298.4,41.1,D,0
-14.0989,130.8441,316.9,3.1,1.7,2014-06-04,0212,Terra,MODIS,66,6.2,298.1,43.2,D,0
-14.8945,130.8165,338.3,3.2,1.7,2014-06-04,0212,Terra,MODIS,89,6.2,299.3,172.8,D,0
-14.897,130.8217,339.2,3.2,1.7,2014-06-04,0212,Terra,MODIS,89,6.2,299.2,177.6,D,0
-13.5259,131.2483,313.4,3.3,1.7,2014-06-04,0212,Terra,MODIS,57,6.2,297.1,29.7,D,0
-13.4303,131.2043,317.5,3.2,1.7,2014-06-04,0212,Terra,MODIS,54,6.2,297.4,41.3,D,0
-14.0565,130.7341,329.9,3,1.7,2014-06-04,0212,Terra,MODIS,82,6.2,300.8,100.7,D,0
-13.9778,131.1068,314.9,3.2,1.7,2014-06-04,0212,Terra,MODIS,37,6.2,299.9,29.9,D,0
-14.0603,130.7673,317.8,3.1,1.7,2014-06-04,0212,Terra,MODIS,26,6.2,298.6,36.2,D,0
-14.0594,130.7611,320.7,3.1,1.7,2014-06-04,0212,Terra,MODIS,14,6.2,299.1,47.2,D,0
-13.5271,132.5986,311.3,4.2,1.9,2014-06-04,0212,Terra,MODIS,37,6.2,293.1,37.4,D,0
-15.8339,126.2588,335.1,1.5,1.2,2014-06-04,0212,Terra,MODIS,86,6.2,305.1,49.9,D,0
-15.8321,126.2451,320.6,1.5,1.2,2014-06-04,0212,Terra,MODIS,63,6.2,302.8,17.4,D,0
-15.2634,130.461,321.6,3,1.7,2014-06-04,0212,Terra,MODIS,74,6.2,299.2,61.2,D,0
-15.1034,127.6374,317.5,1.8,1.3,2014-06-04,0212,Terra,MODIS,20,6.2,302.4,14.6,D,0
-16.3389,127.6048,315.8,1.9,1.3,2014-06-04,0212,Terra,MODIS,60,6.2,301.1,18.5,D,0
-15.699,126.2892,314.3,1.5,1.2,2014-06-04,0212,Terra,MODIS,38,6.2,303.5,8.9,D,0
-16.3268,127.6061,315.6,1.9,1.3,2014-06-04,0212,Terra,MODIS,56,6.2,302,17.8,D,0
-15.3988,126.347,314.7,1.5,1.2,2014-06-04,0212,Terra,MODIS,58,6.2,301.3,11.8,D,0
-15.5626,130.4382,320.1,3,1.7,2014-06-04,0212,Terra,MODIS,72,6.2,300.9,45.7,D,0
-15.5657,130.4659,329.7,3,1.7,2014-06-04,0212,Terra,MODIS,82,6.2,302.6,101.4,D,0
-15.5649,130.4606,333,3,1.7,2014-06-04,0212,Terra,MODIS,85,6.2,302.6,123.6,D,0
-15.5798,130.4588,317.5,3,1.7,2014-06-04,0212,Terra,MODIS,65,6.2,302.4,39.1,D,0
-16.3344,127.611,318.6,1.9,1.3,2014-06-04,0212,Terra,MODIS,68,6.2,301.6,25.6,D,0
-16.5457,127.2031,320,1.8,1.3,2014-06-04,0212,Terra,MODIS,60,6.2,304.2,19.2,D,0
-16.2683,126.3618,313,1.5,1.2,2014-06-04,0212,Terra,MODIS,45,6.2,302.3,7.8,D,0
-14.7474,127.2559,325.3,1.7,1.3,2014-06-04,0212,Terra,MODIS,76,6.2,302.7,29.5,D,0
-16.2826,126.2809,329,1.5,1.2,2014-06-04,0212,Terra,MODIS,81,6.2,303.6,37.5,D,0
-16.2843,126.2949,319.5,1.5,1.2,2014-06-04,0212,Terra,MODIS,69,6.2,303,18.8,D,0
-16.3323,127.5937,316.7,1.9,1.3,2014-06-04,0212,Terra,MODIS,64,6.2,302.1,20.6,D,0
-14.7482,127.2465,328,1.7,1.3,2014-06-04,0212,Terra,MODIS,77,6.2,303,34.7,D,0
-15.8304,126.2313,333.6,1.5,1.2,2014-06-04,0212,Terra,MODIS,85,6.2,303.3,46,D,0
-16.1262,126.3142,314.9,1.5,1.2,2014-06-04,0212,Terra,MODIS,45,6.2,301.3,10.5,D,0
-16.128,126.3283,322,1.5,1.2,2014-06-04,0212,Terra,MODIS,73,6.2,302.8,22.4,D,0
-16.1389,126.3266,325.7,1.5,1.2,2014-06-04,0212,Terra,MODIS,75,6.2,301.8,29.1,D,0
-15.2867,130.2552,311.7,2.9,1.6,2014-06-04,0212,Terra,MODIS,48,6.2,298.6,25.1,D,0
-15.2301,127.5761,322.9,1.8,1.3,2014-06-04,0212,Terra,MODIS,65,6.2,303.8,26.1,D,0
-15.2358,127.5812,318.3,1.8,1.3,2014-06-04,0212,Terra,MODIS,59,6.2,304.3,16.4,D,0
-15.2337,127.5644,315.8,1.8,1.3,2014-06-04,0212,Terra,MODIS,39,6.2,302.4,11.5,D,0
-15.2593,130.1592,315.9,2.9,1.6,2014-06-04,0212,Terra,MODIS,64,6.2,299.8,38.3,D,0
-15.2609,130.1526,313.1,2.9,1.6,2014-06-04,0212,Terra,MODIS,55,6.2,299.6,26.9,D,0
-15.8412,126.2298,337.9,1.5,1.2,2014-06-04,0212,Terra,MODIS,88,6.2,305.3,56.5,D,0
-15.2601,130.4315,334.6,3,1.6,2014-06-04,0212,Terra,MODIS,86,6.2,297.9,140.3,D,0
-15.2452,130.4321,347.5,3,1.6,2014-06-04,0212,Terra,MODIS,94,6.2,300.2,249.9,D,0
-15.4357,126.0887,320.8,1.4,1.2,2014-06-04,0212,Terra,MODIS,69,6.2,303.8,17.2,D,0
-16.3179,126.6612,322.3,1.6,1.2,2014-06-04,0212,Terra,MODIS,73,6.2,303.5,19.8,D,0
-14.8614,127.2507,317.7,1.7,1.3,2014-06-04,0212,Terra,MODIS,65,6.2,302.5,16,D,0
-14.8595,127.2352,320.8,1.7,1.3,2014-06-04,0212,Terra,MODIS,71,6.2,302.6,22.6,D,0
-15.3645,130.0027,315.9,2.8,1.6,2014-06-04,0212,Terra,MODIS,50,6.2,300.5,33.2,D,0
-15.3501,130.0045,317.1,2.8,1.6,2014-06-04,0212,Terra,MODIS,58,6.2,300.7,39.1,D,0
-15.0223,127.3369,317.9,1.7,1.3,2014-06-04,0212,Terra,MODIS,66,6.2,303.6,15.3,D,0
-15.3971,126.3333,317.8,1.5,1.2,2014-06-04,0212,Terra,MODIS,66,6.2,302.3,16.4,D,0
-15.3358,130.0061,326.1,2.8,1.6,2014-06-04,0212,Terra,MODIS,79,6.2,299.5,78.4,D,0
-15.3476,130.0105,323.9,2.8,1.6,2014-06-04,0212,Terra,MODIS,53,6.2,300.7,63.8,D,0
-15.3596,130.1144,311.2,2.8,1.6,2014-06-04,0212,Terra,MODIS,44,6.2,298.8,21,D,0
-15.1913,126.8738,326.5,1.6,1.2,2014-06-04,0212,Terra,MODIS,79,6.2,302,32.6,D,0
-15.1895,126.8589,341,1.6,1.2,2014-06-04,0212,Terra,MODIS,90,6.2,304.4,72.8,D,0
-16.3189,126.6675,336.1,1.6,1.2,2014-06-04,0212,Terra,MODIS,87,6.2,304.2,53,D,0
-14.848,127.2367,339.8,1.7,1.3,2014-06-04,0212,Terra,MODIS,89,6.2,303.5,74,D,0
-14.8461,127.2213,325.3,1.7,1.3,2014-06-04,0212,Terra,MODIS,77,6.2,301.5,30.8,D,0
-14.8372,127.2282,318.8,1.7,1.3,2014-06-04,0212,Terra,MODIS,67,6.2,302.7,18.1,D,0
-14.8028,127.2326,325.9,1.7,1.3,2014-06-04,0212,Terra,MODIS,78,6.2,302.6,34.4,D,0
-15.0184,127.6884,314.7,1.8,1.3,2014-06-04,0212,Terra,MODIS,32,6.2,301.2,12.3,D,0
-14.496,129.8352,318.8,2.6,1.6,2014-06-04,0212,Terra,MODIS,65,6.2,302.6,32.4,D,0
-16.4093,126.5673,316.1,1.6,1.2,2014-06-04,0212,Terra,MODIS,56,6.2,302.6,13,D,0
-16.4075,126.5523,314.8,1.6,1.2,2014-06-04,0212,Terra,MODIS,44,6.2,304.5,10.5,D,0
-14.7387,127.2636,322.2,1.7,1.3,2014-06-04,0212,Terra,MODIS,56,6.2,302.3,22.5,D,0
-16.3208,126.6823,320.6,1.6,1.3,2014-06-04,0212,Terra,MODIS,53,6.2,304.2,15.2,D,0
-15.1153,127.6361,323.5,1.8,1.3,2014-06-04,0212,Terra,MODIS,75,6.2,302.7,29.5,D,0
-16.3197,126.676,328.6,1.6,1.3,2014-06-04,0212,Terra,MODIS,80,6.2,304.1,34.5,D,0
-14.7455,127.2403,323,1.7,1.3,2014-06-04,0212,Terra,MODIS,64,6.2,302.4,24,D,0
-16.331,126.6748,319.8,1.6,1.3,2014-06-04,0212,Terra,MODIS,59,6.2,306.1,14.5,D,0
-15.1934,127.4339,324.3,1.8,1.3,2014-06-04,0212,Terra,MODIS,76,6.2,303.5,31.3,D,0
-14.0385,130.7078,323.9,3,1.7,2014-06-04,0212,Terra,MODIS,66,6.2,300,62.1,D,0
-14.6272,129.9368,323.7,2.7,1.6,2014-06-04,0212,Terra,MODIS,67,6.2,299.1,53.7,D,0
-14.6172,129.9324,315.6,2.7,1.6,2014-06-04,0212,Terra,MODIS,20,6.2,299.2,23.6,D,0
-14.6314,129.9305,323.4,2.7,1.6,2014-06-04,0212,Terra,MODIS,76,6.2,299.6,55.3,D,0
-14.0391,130.7145,328.8,3,1.7,2014-06-04,0212,Terra,MODIS,81,6.2,300.5,93.7,D,0
-15.0261,127.653,315.1,1.8,1.3,2014-06-04,0212,Terra,MODIS,45,6.2,301.4,11.8,D,0
-15.489,130.4538,325.2,3,1.7,2014-06-04,0212,Terra,MODIS,78,6.2,301.5,67.9,D,0
-15.4881,130.4473,325.7,3,1.7,2014-06-04,0212,Terra,MODIS,79,6.2,301.2,71.8,D,0
-15.3621,126.7786,316.9,1.6,1.2,2014-06-04,0212,Terra,MODIS,64,6.2,302.6,16.2,D,0
-16.2952,126.2937,315.1,1.5,1.2,2014-06-04,0212,Terra,MODIS,36,6.2,301.4,10.9,D,0
-15.1761,126.2916,312.9,1.5,1.2,2014-06-04,0212,Terra,MODIS,25,6.2,301,8.3,D,0
-15.247,129.9254,320.5,2.7,1.6,2014-06-04,0212,Terra,MODIS,69,6.2,300.3,50.8,D,0
-15.2501,129.9184,324.4,2.7,1.6,2014-06-04,0212,Terra,MODIS,77,6.2,300.8,70.4,D,0
-17.3084,126.3607,317.4,1.6,1.2,2014-06-04,0213,Terra,MODIS,64,6.2,306.2,11.8,D,0
-17.3033,126.5962,317.6,1.6,1.3,2014-06-04,0213,Terra,MODIS,61,6.2,305.7,14.5,D,0
-17.3472,126.585,314.9,1.6,1.3,2014-06-04,0213,Terra,MODIS,32,6.2,304.3,9.2,D,0
-16.479,125.2553,325.1,1.3,1.1,2014-06-04,0213,Terra,MODIS,77,6.2,304.9,20.1,D,0
-16.4975,125.014,319.4,1.3,1.1,2014-06-04,0213,Terra,MODIS,66,6.2,302.6,13.6,D,0
-16.4875,125.0155,317.9,1.3,1.1,2014-06-04,0213,Terra,MODIS,62,6.2,303.2,11.3,D,0
-16.9455,122.6508,324.4,1,1,2014-06-04,0213,Terra,MODIS,76,6.2,302.4,16.2,D,0
-16.5766,122.8384,320.3,1,1,2014-06-04,0213,Terra,MODIS,71,6.2,301.5,11.1,D,0
-16.578,122.848,319.2,1,1,2014-06-04,0213,Terra,MODIS,68,6.2,301.4,9.8,D,0
-16.9441,122.6412,315.5,1,1,2014-06-04,0213,Terra,MODIS,60,6.2,301.4,7.4,D,0
-16.4448,124.4666,324.6,1.2,1.1,2014-06-04,0213,Terra,MODIS,75,6.2,302.9,17.7,D,0
-17.0967,126.8739,321.9,1.7,1.3,2014-06-04,0213,Terra,MODIS,68,6.2,306,24.5,D,0
-17.0986,126.8899,318,1.7,1.3,2014-06-04,0213,Terra,MODIS,24,6.2,306.9,16.9,D,0
-17.1083,126.8725,330.7,1.7,1.3,2014-06-04,0213,Terra,MODIS,83,6.2,302.9,46.9,D,0
-17.1102,126.8883,324.5,1.7,1.3,2014-06-04,0213,Terra,MODIS,75,6.2,304.2,31.5,D,0
-16.5846,125.2829,314,1.3,1.1,2014-06-04,0213,Terra,MODIS,49,6.2,303.3,7.1,D,0
-16.5857,122.837,318.6,1,1,2014-06-04,0213,Terra,MODIS,40,6.2,301.3,9,D,0
-16.613,122.8329,313.6,1,1,2014-06-04,0213,Terra,MODIS,53,6.2,300.9,5.6,D,0
-16.4569,124.4098,318.2,1.2,1.1,2014-06-04,0213,Terra,MODIS,0,6.2,299.7,10.5,D,0
-16.4583,124.4205,319.2,1.2,1.1,2014-06-04,0213,Terra,MODIS,54,6.2,300.4,11.7,D,0
-17.3017,126.5905,320.9,1.6,1.3,2014-06-04,0213,Terra,MODIS,67,6.2,305.3,19.3,D,0
-16.3489,125.2787,318.8,1.3,1.1,2014-06-04,0213,Terra,MODIS,67,6.2,304,12.3,D,0
-16.4806,125.2674,327.9,1.3,1.1,2014-06-04,0213,Terra,MODIS,80,6.2,304.9,25.8,D,0
-16.7736,125.4862,315.8,1.4,1.2,2014-06-04,0213,Terra,MODIS,40,6.2,304.5,8.9,D,0
-18.6541,121.8078,323.9,1,1,2014-06-04,0213,Terra,MODIS,75,6.2,306.9,13.3,D,0
-18.6555,121.8173,321.3,1,1,2014-06-04,0213,Terra,MODIS,71,6.2,306.9,10.9,D,0
-18.6569,121.8268,316,1,1,2014-06-04,0213,Terra,MODIS,40,6.2,304.8,5.4,D,0
-19.1558,121.7795,317.7,1,1,2014-06-04,0213,Terra,MODIS,56,6.2,307.5,6.9,D,0
-19.1572,121.789,317.5,1,1,2014-06-04,0213,Terra,MODIS,59,6.2,305.1,6.9,D,0
-21.3422,119.2852,366.2,1,1,2014-06-04,0214,Terra,MODIS,100,6.2,302.7,104.4,D,0
-21.3438,119.2952,356.6,1,1,2014-06-04,0214,Terra,MODIS,98,6.2,303,75.3,D,0
-21.353,119.3078,338.9,1,1,2014-06-04,0214,Terra,MODIS,89,6.2,302.6,37.8,D,0
-21.3546,119.3178,339.2,1,1,2014-06-04,0214,Terra,MODIS,89,6.2,304.1,38.3,D,0
-21.3239,119.2885,312.4,1,1,2014-06-04,0214,Terra,MODIS,41,6.2,301.1,4.4,D,0
-21.3254,119.2985,314.6,1,1,2014-06-04,0214,Terra,MODIS,52,6.2,302.3,5.9,D,0
-21.333,119.2869,377.2,1,1,2014-06-04,0214,Terra,MODIS,100,6.2,307.1,144.9,D,0
-21.3346,119.2968,345.6,1,1,2014-06-04,0214,Terra,MODIS,93,6.2,306.6,49.4,D,0
-20.8812,119.3449,335.7,1.1,1,2014-06-04,0214,Terra,MODIS,86,6.2,303.5,30.7,D,0
-20.8827,119.3549,323.8,1.1,1,2014-06-04,0214,Terra,MODIS,75,6.2,303.6,14.9,D,0
-20.4748,123.905,317.7,1.2,1.1,2014-06-04,0214,Terra,MODIS,34,6.2,302.8,9,D,0
-20.4649,123.9064,321.8,1.2,1.1,2014-06-04,0214,Terra,MODIS,66,6.2,305.4,13.9,D,0
-30.7215,115.7467,304.8,1.1,1.1,2014-06-04,0217,Terra,MODIS,60,6.2,291.5,6.1,D,0
-32.4678,116.0395,314.2,1.1,1,2014-06-04,0217,Terra,MODIS,74,6.2,288.9,15.1,D,0
-33.5973,121.6423,309.9,1.3,1.1,2014-06-04,0217,Terra,MODIS,69,6.2,284.6,13,D,0
-32.6061,115.8482,300.5,1.1,1,2014-06-04,0217,Terra,MODIS,38,6.2,290.3,3.9,D,0
-33.6014,121.6482,316.4,1.3,1.1,2014-06-04,0217,Terra,MODIS,77,6.2,284.7,20.7,D,0
-30.7155,118.0984,308.2,1,1,2014-06-04,0217,Terra,MODIS,66,6.2,290.2,7.1,D,0
-34.6896,118.2282,339.4,1,1,2014-06-04,0218,Terra,MODIS,91,6.2,292.6,43,D,0
-34.6987,118.2264,370.5,1,1,2014-06-04,0218,Terra,MODIS,100,6.2,293.4,120.5,D,0
-34.7003,118.2375,365,1,1,2014-06-04,0218,Terra,MODIS,100,6.2,291.6,102.8,D,0
-34.7018,118.2486,304.9,1,1,2014-06-04,0218,Terra,MODIS,59,6.2,289.2,6.2,D,0
-34.6912,118.2393,332.6,1,1,2014-06-04,0218,Terra,MODIS,88,6.2,292.4,32.5,D,0
-33.9792,117.1997,300.3,1,1,2014-06-04,0218,Terra,MODIS,34,6.2,283.5,4.3,D,0
-33.924,115.961,303.3,1,1,2014-06-04,0218,Terra,MODIS,55,6.2,285.8,7.7,D,0
-25.9877,153.0823,314.9,1.6,1.3,2014-06-04,0319,Aqua,MODIS,28,6.2,292.7,18.3,D,0
-26.0008,153.0673,361.7,1.6,1.3,2014-06-04,0319,Aqua,MODIS,100,6.2,293.7,177.8,D,0
-26.0044,153.0345,309.3,1.6,1.3,2014-06-04,0319,Aqua,MODIS,61,6.2,288.5,14.2,D,0
-25.9895,153.0658,429.8,1.6,1.3,2014-06-04,0319,Aqua,MODIS,100,6.2,305.4,975.2,D,0
-25.9912,153.0493,343.4,1.6,1.3,2014-06-04,0319,Aqua,MODIS,76,6.2,292.5,89.7,D,0
-25.9781,153.0641,414.7,1.6,1.3,2014-06-04,0319,Aqua,MODIS,100,6.2,303,707.9,D,0
-25.9799,153.0477,378.9,1.6,1.3,2014-06-04,0319,Aqua,MODIS,65,6.2,293.5,292.1,D,0
-19.4781,126.6288,318.3,1.7,1.3,2014-06-04,0459,Aqua,MODIS,53,6.2,307.3,12.6,D,0
-19.4842,126.6798,319.5,1.7,1.3,2014-06-04,0459,Aqua,MODIS,62,6.2,308.5,15,D,0
-20.4703,123.9077,316.7,2.9,1.6,2014-06-04,0459,Aqua,MODIS,43,6.2,305.2,26.4,D,0
-19.1664,130.7573,320.2,1,1,2014-06-04,0459,Aqua,MODIS,52,6.2,307.1,7.7,D,0
-15.2005,127.3861,320.3,1.4,1.2,2014-06-04,0500,Aqua,MODIS,57,6.2,308.1,9,D,0
-15.7127,127.038,317.7,1.4,1.2,2014-06-04,0500,Aqua,MODIS,56,6.2,304.8,11.1,D,0
-15.7448,127.0425,315.8,1.4,1.2,2014-06-04,0500,Aqua,MODIS,35,6.2,304.9,8.5,D,0
-14.4903,129.514,346.9,1,1,2014-06-04,0500,Aqua,MODIS,88,6.2,305.1,50.8,D,0
-14.489,129.5237,335.8,1,1,2014-06-04,0500,Aqua,MODIS,86,6.2,303.4,29.5,D,0
-14.4995,129.5153,327.5,1,1,2014-06-04,0500,Aqua,MODIS,62,6.2,306.9,16.6,D,0
-14.4982,129.525,339,1,1,2014-06-04,0500,Aqua,MODIS,88,6.2,308.4,33.6,D,0
-15.1784,126.2783,322.3,1.6,1.2,2014-06-04,0500,Aqua,MODIS,67,6.2,304.2,21.7,D,0
-15.1672,126.2768,318.5,1.6,1.2,2014-06-04,0500,Aqua,MODIS,44,6.2,302.9,15.2,D,0
-15.1484,127.4117,318.9,1.3,1.1,2014-06-04,0500,Aqua,MODIS,60,6.2,306,9.2,D,0
-15.1468,127.4241,329,1.3,1.1,2014-06-04,0500,Aqua,MODIS,78,6.2,307.7,26.3,D,0
-15.1095,127.6305,321.4,1.3,1.1,2014-06-04,0500,Aqua,MODIS,62,6.2,307.7,10.1,D,0
-14.8337,127.4747,322.7,1.3,1.1,2014-06-04,0500,Aqua,MODIS,70,6.2,307.8,13.2,D,0
-14.8321,127.487,326.6,1.3,1.1,2014-06-04,0500,Aqua,MODIS,76,6.2,308.9,19.5,D,0
-15.2179,127.7354,323.3,1.3,1.1,2014-06-04,0500,Aqua,MODIS,59,6.2,309.1,10.1,D,0
-16.9302,126.8826,322.2,1.5,1.2,2014-06-04,0500,Aqua,MODIS,47,6.2,307.4,15.6,D,0
-16.9412,126.8841,340,1.5,1.2,2014-06-04,0500,Aqua,MODIS,88,6.2,309,58.9,D,0
-16.8571,126.6445,321.5,1.6,1.2,2014-06-04,0500,Aqua,MODIS,67,6.2,306.4,19.2,D,0
-14.8462,127.2109,326.6,1.4,1.2,2014-06-04,0500,Aqua,MODIS,50,6.2,305.5,19.9,D,0
-14.8446,127.2237,338.6,1.4,1.2,2014-06-04,0500,Aqua,MODIS,87,6.2,308.4,45.7,D,0
-14.855,127.2251,339,1.4,1.2,2014-06-04,0500,Aqua,MODIS,88,6.2,307.9,47.5,D,0
-14.8654,127.2267,326.5,1.4,1.2,2014-06-04,0500,Aqua,MODIS,76,6.2,307.8,21.4,D,0
-14.8638,127.2393,321.6,1.4,1.2,2014-06-04,0500,Aqua,MODIS,61,6.2,308.2,12.6,D,0
-14.7877,127.5911,324.4,1.3,1.1,2014-06-04,0500,Aqua,MODIS,72,6.2,307.8,14.9,D,0
-13.8895,132.7699,323.1,1.1,1,2014-06-04,0500,Aqua,MODIS,40,6.2,305.4,9.4,D,0
-15.051,127.6834,324.3,1.3,1.1,2014-06-04,0500,Aqua,MODIS,66,6.2,308,15.1,D,0
-15.0612,127.6849,327.4,1.3,1.1,2014-06-04,0500,Aqua,MODIS,76,6.2,309.1,20.2,D,0
-15.0596,127.6969,333.4,1.3,1.1,2014-06-04,0500,Aqua,MODIS,83,6.2,307.2,31.8,D,0
-14.6254,127.291,322.1,1.3,1.1,2014-06-04,0500,Aqua,MODIS,68,6.2,307.6,11.9,D,0
-14.6524,129.9268,329.9,1,1,2014-06-04,0500,Aqua,MODIS,80,6.2,306.9,15.9,D,0
-17.2723,127.8095,324.2,1.4,1.2,2014-06-04,0500,Aqua,MODIS,48,6.2,306.7,18.2,D,0
-15.5576,130.4221,326.8,1,1,2014-06-04,0500,Aqua,MODIS,41,6.2,308.8,10,D,0
-15.5563,130.4315,358.5,1,1,2014-06-04,0500,Aqua,MODIS,99,6.2,311.9,68.7,D,0
-15.5653,130.4329,364.2,1,1,2014-06-04,0500,Aqua,MODIS,100,6.2,313.1,83.7,D,0
-15.564,130.4423,332.7,1,1,2014-06-04,0500,Aqua,MODIS,36,6.2,311.9,16.1,D,0
-15.573,130.4436,340.3,1,1,2014-06-04,0500,Aqua,MODIS,87,6.2,311.3,28.6,D,0
-15.4995,130.442,336,1,1,2014-06-04,0500,Aqua,MODIS,80,6.2,308,22.2,D,0
-16.3359,127.5887,323,1.4,1.2,2014-06-04,0500,Aqua,MODIS,60,6.2,306.2,15.7,D,0
-15.2572,130.1409,326.7,1,1,2014-06-04,0500,Aqua,MODIS,74,6.2,307.9,16.3,D,0
-15.2559,130.1504,328.1,1,1,2014-06-04,0500,Aqua,MODIS,76,6.2,309.2,18,D,0
-15.2652,130.1485,329.7,1,1,2014-06-04,0500,Aqua,MODIS,64,6.2,309.8,17.1,D,0
-15.3694,130.1217,318.1,1,1,2014-06-04,0500,Aqua,MODIS,16,6.2,304.7,5.6,D,0
-15.4058,130.1269,319.8,1,1,2014-06-04,0500,Aqua,MODIS,47,6.2,306.8,7,D,0
-15.4045,130.1364,329.1,1,1,2014-06-04,0500,Aqua,MODIS,73,6.2,308.9,18,D,0
-15.3236,130.1283,324.3,1,1,2014-06-04,0500,Aqua,MODIS,41,6.2,306.7,10.4,D,0
-15.3327,130.1297,332.9,1,1,2014-06-04,0500,Aqua,MODIS,82,6.2,307.6,21.3,D,0
-15.3603,130.1203,324.8,1,1,2014-06-04,0500,Aqua,MODIS,54,6.2,306.5,12.1,D,0
-15.3046,130.4615,320.3,1,1,2014-06-04,0500,Aqua,MODIS,48,6.2,305,5.4,D,0
-17.2996,126.5619,327.7,1.6,1.3,2014-06-04,0500,Aqua,MODIS,77,6.2,306.7,32.6,D,0
-14.6132,129.8186,328,1,1,2014-06-04,0500,Aqua,MODIS,78,6.2,306.9,15,D,0
-14.621,129.8295,323.1,1,1,2014-06-04,0500,Aqua,MODIS,72,6.2,306.1,9.4,D,0
-14.6197,129.839,324,1,1,2014-06-04,0500,Aqua,MODIS,73,6.2,307.7,10.6,D,0
-15.0678,130.6415,332.4,1,1,2014-06-04,0500,Aqua,MODIS,82,6.2,309.7,15,D,0
-15.0664,130.6508,329.8,1,1,2014-06-04,0500,Aqua,MODIS,75,6.2,311.1,11.1,D,0
-15.0754,130.6522,328.7,1,1,2014-06-04,0500,Aqua,MODIS,66,6.2,312.6,9.8,D,0
-16.8614,126.7949,335.7,1.6,1.2,2014-06-04,0500,Aqua,MODIS,85,6.2,308.1,49.4,D,0
-16.8631,126.7805,337,1.6,1.2,2014-06-04,0500,Aqua,MODIS,86,6.2,307.9,53.2,D,0
-16.865,126.7657,333.4,1.6,1.2,2014-06-04,0500,Aqua,MODIS,68,6.2,306.9,42.1,D,0
-16.8668,126.7511,318.6,1.6,1.2,2014-06-04,0500,Aqua,MODIS,60,6.2,306,14.1,D,0
-16.8685,126.7367,327.2,1.6,1.2,2014-06-04,0500,Aqua,MODIS,76,6.2,307.5,30.4,D,0
-16.8704,126.7218,328.7,1.6,1.2,2014-06-04,0500,Aqua,MODIS,78,6.2,305.6,34,D,0
-16.8722,126.7071,324.2,1.6,1.2,2014-06-04,0500,Aqua,MODIS,72,6.2,305.2,22.9,D,0
-16.8503,126.7935,325.1,1.6,1.2,2014-06-04,0500,Aqua,MODIS,74,6.2,306,24,D,0
-16.852,126.7792,369.4,1.6,1.2,2014-06-04,0500,Aqua,MODIS,100,6.2,310.2,200.1,D,0
-16.8538,126.7645,363.9,1.6,1.2,2014-06-04,0500,Aqua,MODIS,100,6.2,308.2,164.7,D,0
-16.8556,126.7498,344.7,1.6,1.2,2014-06-04,0500,Aqua,MODIS,92,6.2,305.6,80,D,0
-16.8574,126.7353,349.7,1.6,1.2,2014-06-04,0500,Aqua,MODIS,94,6.2,307.9,99.2,D,0
-16.8592,126.7208,329,1.6,1.2,2014-06-04,0500,Aqua,MODIS,55,6.2,304.3,32.6,D,0
-16.861,126.7059,326,1.6,1.2,2014-06-04,0500,Aqua,MODIS,56,6.2,303.5,26.3,D,0
-16.8628,126.6908,331,1.6,1.2,2014-06-04,0500,Aqua,MODIS,81,6.2,307.1,40.1,D,0
-15.391,130.3656,324.3,1,1,2014-06-04,0500,Aqua,MODIS,70,6.2,306.6,10.7,D,0
-15.4077,130.3777,320.9,1,1,2014-06-04,0500,Aqua,MODIS,31,6.2,307.2,6.6,D,0
-15.2077,130.5611,330.5,1,1,2014-06-04,0500,Aqua,MODIS,80,6.2,309,15.7,D,0
-15.271,130.5041,342.2,1,1,2014-06-04,0500,Aqua,MODIS,90,6.2,307.6,34.8,D,0
-15.2696,130.5134,365.1,1,1,2014-06-04,0500,Aqua,MODIS,100,6.2,309.4,89.2,D,0
-15.2683,130.5227,325,1,1,2014-06-04,0500,Aqua,MODIS,71,6.2,307,9.8,D,0
-17.2635,127.7955,321.3,1.4,1.2,2014-06-04,0500,Aqua,MODIS,32,6.2,306,14.2,D,0
-17.2651,127.7832,324.5,1.4,1.2,2014-06-04,0500,Aqua,MODIS,59,6.2,305.3,20.1,D,0
-17.2219,127.7319,339.7,1.4,1.2,2014-06-04,0500,Aqua,MODIS,88,6.2,308.1,52.6,D,0
-17.2115,127.7304,321.4,1.4,1.2,2014-06-04,0500,Aqua,MODIS,66,6.2,305.4,15.3,D,0
-17.3387,127.8371,319.2,1.3,1.2,2014-06-04,0500,Aqua,MODIS,55,6.2,305.9,11.7,D,0
-17.3045,127.8582,333.2,1.3,1.1,2014-06-04,0500,Aqua,MODIS,83,6.2,306.9,35.1,D,0
-17.2969,127.8644,322.6,1.3,1.1,2014-06-04,0500,Aqua,MODIS,60,6.2,306.1,16,D,0
-17.2986,127.8518,327.4,1.3,1.1,2014-06-04,0500,Aqua,MODIS,77,6.2,306.4,24,D,0
-17.2866,127.8631,338.9,1.3,1.1,2014-06-04,0500,Aqua,MODIS,88,6.2,307.5,49.1,D,0
-15.2539,129.8975,333.9,1,1,2014-06-04,0500,Aqua,MODIS,80,6.2,309.2,23.3,D,0
-15.2526,129.9071,334.9,1,1,2014-06-04,0500,Aqua,MODIS,84,6.2,309.4,24.4,D,0
-15.1951,129.9317,328,1,1,2014-06-04,0500,Aqua,MODIS,76,6.2,309.7,16.8,D,0
-15.1938,129.9413,327.1,1,1,2014-06-04,0500,Aqua,MODIS,75,6.2,307.7,15.3,D,0
-15.203,129.9292,340.5,1,1,2014-06-04,0500,Aqua,MODIS,88,6.2,307.5,33.8,D,0
-15.2356,129.8948,339.1,1,1,2014-06-04,0500,Aqua,MODIS,87,6.2,307.4,32.6,D,0
-15.2343,129.9044,335.9,1,1,2014-06-04,0500,Aqua,MODIS,84,6.2,306.6,26.5,D,0
-15.2448,129.8961,329.7,1,1,2014-06-04,0500,Aqua,MODIS,56,6.2,307.2,16.9,D,0
-15.2435,129.9057,336.4,1,1,2014-06-04,0500,Aqua,MODIS,85,6.2,308.2,26.6,D,0
-15.1726,130.0933,332.7,1,1,2014-06-04,0500,Aqua,MODIS,82,6.2,307.8,23,D,0
-15.3734,130.093,317.8,1,1,2014-06-04,0500,Aqua,MODIS,44,6.2,304.9,6.2,D,0
-15.2787,130.5148,326.6,1,1,2014-06-04,0500,Aqua,MODIS,75,6.2,307.4,12.2,D,0
-15.3033,130.4709,321.3,1,1,2014-06-04,0500,Aqua,MODIS,55,6.2,307.2,6.5,D,0
-15.333,129.9938,346.8,1,1,2014-06-04,0500,Aqua,MODIS,92,6.2,307.8,47.2,D,0
-15.3408,130.0047,331,1,1,2014-06-04,0500,Aqua,MODIS,73,6.2,307.9,19.2,D,0
-15.3499,130.0061,334.2,1,1,2014-06-04,0500,Aqua,MODIS,74,6.2,309.8,21.6,D,0
-15.3485,130.0156,332.9,1,1,2014-06-04,0500,Aqua,MODIS,66,6.2,307,20.3,D,0
-15.3694,129.9993,337.5,1,1,2014-06-04,0500,Aqua,MODIS,86,6.2,309.2,28.2,D,0
-15.3681,130.0089,333,1,1,2014-06-04,0500,Aqua,MODIS,82,6.2,310,20.4,D,0
-14.6145,129.8091,320.5,1,1,2014-06-04,0500,Aqua,MODIS,61,6.2,305.9,7.1,D,0
-15.2883,130.2486,320,1,1,2014-06-04,0500,Aqua,MODIS,60,6.2,307.7,7.7,D,0
-16.0808,126.5477,335.8,1.6,1.2,2014-06-04,0500,Aqua,MODIS,85,6.2,305.5,53.6,D,0
-16.0697,126.5463,322.3,1.6,1.2,2014-06-04,0500,Aqua,MODIS,53,6.2,303.8,19.8,D,0
-16.132,126.3176,318,1.6,1.3,2014-06-04,0500,Aqua,MODIS,45,6.2,304.6,13.2,D,0
-16.1314,126.3262,318.2,1.6,1.3,2014-06-04,0500,Aqua,MODIS,13,6.2,305.7,13,D,0
-15.4013,126.3262,328.9,1.6,1.2,2014-06-04,0500,Aqua,MODIS,79,6.2,306.1,36.7,D,0
-15.3901,126.3248,333.9,1.6,1.2,2014-06-04,0500,Aqua,MODIS,84,6.2,304.3,49.6,D,0
-15.3997,126.3344,324.2,1.6,1.2,2014-06-04,0500,Aqua,MODIS,44,6.2,305.5,25.1,D,0
-15.4016,126.3194,328.2,1.6,1.2,2014-06-04,0500,Aqua,MODIS,70,6.2,305,34.4,D,0
-15.3904,126.318,328.8,1.6,1.2,2014-06-04,0500,Aqua,MODIS,78,6.2,303.8,36.2,D,0
-14.574,129.9676,319.2,1,1,2014-06-04,0500,Aqua,MODIS,51,6.2,305.6,6.7,D,0
-14.6169,129.9257,323.1,1,1,2014-06-04,0500,Aqua,MODIS,27,6.2,307.9,8,D,0
-14.6552,127.2751,329.3,1.4,1.2,2014-06-04,0500,Aqua,MODIS,79,6.2,307.5,25.1,D,0
-14.6776,127.2655,320.7,1.4,1.2,2014-06-04,0500,Aqua,MODIS,29,6.2,307.3,9.8,D,0
-14.7423,127.2298,324,1.4,1.2,2014-06-04,0500,Aqua,MODIS,56,6.2,307.2,15.3,D,0
-14.7407,127.2425,325.2,1.4,1.2,2014-06-04,0500,Aqua,MODIS,40,6.2,306.1,15.6,D,0
-14.7273,127.2083,327.6,1.4,1.2,2014-06-04,0500,Aqua,MODIS,77,6.2,306.4,25,D,0
-15.3885,126.3329,321.2,1.6,1.2,2014-06-04,0500,Aqua,MODIS,38,6.2,303.6,18.6,D,0
-16.2812,126.3115,319.7,1.7,1.3,2014-06-04,0500,Aqua,MODIS,36,6.2,305.7,17.1,D,0
-16.2831,126.296,344.1,1.7,1.3,2014-06-04,0500,Aqua,MODIS,91,6.2,307.3,87.7,D,0
-16.285,126.2803,319.3,1.7,1.3,2014-06-04,0500,Aqua,MODIS,9,6.2,305.3,16.2,D,0
-16.2717,126.2946,327.1,1.7,1.3,2014-06-04,0500,Aqua,MODIS,71,6.2,303.7,32.3,D,0
-16.2736,126.2789,325.3,1.7,1.3,2014-06-04,0500,Aqua,MODIS,66,6.2,303.8,28.4,D,0
-16.1956,126.5451,326.9,1.6,1.2,2014-06-04,0500,Aqua,MODIS,76,6.2,306.6,29.3,D,0
-16.1974,126.5305,318.9,1.6,1.2,2014-06-04,0500,Aqua,MODIS,56,6.2,306.1,11.7,D,0
-16.1844,126.5437,340.2,1.6,1.2,2014-06-04,0500,Aqua,MODIS,89,6.2,306.4,64.8,D,0
-16.1862,126.5291,332.2,1.6,1.2,2014-06-04,0500,Aqua,MODIS,82,6.2,306.4,40.1,D,0
-16.1964,126.5399,326.1,1.6,1.2,2014-06-04,0500,Aqua,MODIS,75,6.2,306.7,26.1,D,0
-16.1852,126.5386,348,1.6,1.2,2014-06-04,0500,Aqua,MODIS,94,6.2,307.1,91.5,D,0
-15.2298,130.4694,328.6,1,1,2014-06-04,0500,Aqua,MODIS,77,6.2,305.9,16,D,0
-14.4988,129.8434,325.1,1,1,2014-06-04,0500,Aqua,MODIS,48,6.2,309.1,9,D,0
-14.5092,129.8353,330,1,1,2014-06-04,0500,Aqua,MODIS,81,6.2,307.4,14.8,D,0
-15.8661,126.2477,326.6,1.6,1.3,2014-06-04,0500,Aqua,MODIS,76,6.2,304.7,26.7,D,0
-15.868,126.2324,328.4,1.7,1.3,2014-06-04,0500,Aqua,MODIS,78,6.2,304.3,31.8,D,0
-15.8685,126.2428,330.5,1.6,1.3,2014-06-04,0500,Aqua,MODIS,76,6.2,305.3,35.7,D,0
-15.8496,126.2088,328.7,1.7,1.3,2014-06-04,0500,Aqua,MODIS,65,6.2,305.5,34.8,D,0
-15.8306,126.2687,340.5,1.6,1.3,2014-06-04,0500,Aqua,MODIS,89,6.2,305,69.4,D,0
-15.8325,126.2535,354.3,1.6,1.3,2014-06-04,0500,Aqua,MODIS,97,6.2,308.1,124.9,D,0
-15.8363,126.2228,325.3,1.7,1.3,2014-06-04,0500,Aqua,MODIS,53,6.2,306.9,26.4,D,0
-16.079,126.5624,323.9,1.6,1.2,2014-06-04,0500,Aqua,MODIS,70,6.2,306.8,23.6,D,0
-15.3566,126.7862,317.4,1.5,1.2,2014-06-04,0500,Aqua,MODIS,50,6.2,304.5,11,D,0
-15.3583,126.7724,327.2,1.5,1.2,2014-06-04,0500,Aqua,MODIS,77,6.2,306.5,29.3,D,0
-17.2595,127.9109,321.1,1.3,1.1,2014-06-04,0500,Aqua,MODIS,66,6.2,305.1,14.7,D,0
-16.3173,126.6723,322.7,1.6,1.2,2014-06-04,0500,Aqua,MODIS,68,6.2,307.2,13.8,D,0
-16.3062,126.671,324.4,1.6,1.2,2014-06-04,0500,Aqua,MODIS,73,6.2,306.7,17.2,D,0
-16.308,126.6561,337.5,1.6,1.2,2014-06-04,0500,Aqua,MODIS,87,6.2,308.9,51,D,0
-15.1988,126.8503,319.6,1.5,1.2,2014-06-04,0500,Aqua,MODIS,58,6.2,307.5,10.3,D,0
-15.3192,130.2917,319.2,1,1,2014-06-04,0500,Aqua,MODIS,52,6.2,304.8,7.4,D,0
-15.3102,130.2903,347.7,1,1,2014-06-04,0500,Aqua,MODIS,93,6.2,308.1,48.2,D,0
-15.3115,130.2809,377.2,1,1,2014-06-04,0500,Aqua,MODIS,100,6.2,311.1,134.6,D,0
-15.3343,129.9843,325.3,1,1,2014-06-04,0500,Aqua,MODIS,61,6.2,304.7,13.3,D,0
-15.3238,129.9926,325.6,1,1,2014-06-04,0500,Aqua,MODIS,67,6.2,305.1,13.9,D,0
-15.3252,129.983,341.2,1,1,2014-06-04,0500,Aqua,MODIS,89,6.2,305.7,37.1,D,0
-15.4494,126.1177,326.4,1.7,1.3,2014-06-04,0500,Aqua,MODIS,76,6.2,305.5,31,D,0
-15.4399,126.1005,320.1,1.7,1.3,2014-06-04,0500,Aqua,MODIS,60,6.2,305.1,18.6,D,0
-15.6207,126.3972,342,1.6,1.2,2014-06-04,0500,Aqua,MODIS,90,6.2,307.3,71.3,D,0
-16.1829,126.1829,320.4,1.7,1.3,2014-06-04,0500,Aqua,MODIS,55,6.2,304.2,18.1,D,0
-15.7555,127.0437,315.6,1.4,1.2,2014-06-04,0500,Aqua,MODIS,33,6.2,304.1,8.4,D,0
-15.6226,126.3824,324.3,1.6,1.2,2014-06-04,0500,Aqua,MODIS,70,6.2,305,20.7,D,0
-15.6113,126.381,321.9,1.6,1.2,2014-06-04,0500,Aqua,MODIS,57,6.2,304.2,16.7,D,0
-16.8578,126.8239,358.8,1.6,1.2,2014-06-04,0500,Aqua,MODIS,99,6.2,309.9,136.9,D,0
-14.4796,133.004,328.7,1.1,1.1,2014-06-04,0500,Aqua,MODIS,77,6.2,307.1,17,D,0
-14.4812,132.9938,330.9,1.1,1.1,2014-06-04,0500,Aqua,MODIS,79,6.2,306.5,20.2,D,0
-14.4752,132.9966,328.8,1.1,1.1,2014-06-04,0500,Aqua,MODIS,77,6.2,307.7,16.3,D,0
-16.3432,125.2737,316.5,2,1.4,2014-06-04,0500,Aqua,MODIS,42,6.2,304,13.1,D,0
-15.8822,126.0117,319.9,1.7,1.3,2014-06-04,0500,Aqua,MODIS,58,6.2,303.2,20.9,D,0
-15.8727,126.0217,316.1,1.7,1.3,2014-06-04,0500,Aqua,MODIS,47,6.2,305.2,13.8,D,0
-15.8747,126.0056,320.7,1.7,1.3,2014-06-04,0500,Aqua,MODIS,67,6.2,304,23.7,D,0
-16.7592,132.3638,325,1,1,2014-06-04,0500,Aqua,MODIS,48,6.2,304.4,12.4,D,0
-16.7558,132.3242,319.1,1,1,2014-06-04,0500,Aqua,MODIS,47,6.2,304.3,7.6,D,0
-16.6222,125.3031,331.2,2,1.4,2014-06-04,0500,Aqua,MODIS,81,6.2,305.2,58.3,D,0
-16.625,125.3103,340.5,2,1.4,2014-06-04,0500,Aqua,MODIS,89,6.2,305.3,96.7,D,0
-16.7743,125.4894,321.6,1.9,1.4,2014-06-04,0500,Aqua,MODIS,69,6.2,308,25.8,D,0
-16.7827,125.4831,318.5,1.9,1.4,2014-06-04,0500,Aqua,MODIS,40,6.2,306.5,17.6,D,0
-16.7417,125.5152,323.1,1.9,1.4,2014-06-04,0500,Aqua,MODIS,66,6.2,307.7,26.7,D,0
-17.1812,132.0585,322.6,1,1,2014-06-04,0500,Aqua,MODIS,49,6.2,306.1,9.6,D,0
-16.5539,125.3507,335.7,2,1.4,2014-06-04,0500,Aqua,MODIS,85,6.2,305.1,72.2,D,0
-16.3912,135.7112,371.4,1.5,1.2,2014-06-04,0500,Aqua,MODIS,94,6.2,297.5,200.2,D,0
-17.1591,132.0839,319.3,1,1,2014-06-04,0500,Aqua,MODIS,59,6.2,305,7.3,D,0
-17.1673,132.0273,331.3,1,1,2014-06-04,0500,Aqua,MODIS,72,6.2,306.8,19.2,D,0
-17.1285,132.0404,334.8,1,1,2014-06-04,0500,Aqua,MODIS,84,6.2,305.2,24.6,D,0
-17.1299,132.031,337.4,1,1,2014-06-04,0500,Aqua,MODIS,87,6.2,306.6,28.9,D,0
-17.1312,132.0215,322.5,1,1,2014-06-04,0500,Aqua,MODIS,51,6.2,305.4,10.4,D,0
-17.1222,132.0201,334.3,1,1,2014-06-04,0500,Aqua,MODIS,84,6.2,303.4,25.2,D,0
-15.7766,135.028,318.9,1.4,1.2,2014-06-04,0500,Aqua,MODIS,49,6.2,302.5,9.7,D,0
-18.6589,121.8257,315.1,3.9,1.8,2014-06-04,0500,Aqua,MODIS,28,6.2,303.8,38.8,D,0
-17.1208,132.0295,331.8,1,1,2014-06-04,0500,Aqua,MODIS,82,6.2,303.9,21.2,D,0
-14.6073,133.0202,328.6,1.1,1.1,2014-06-04,0500,Aqua,MODIS,52,6.2,308.2,14.3,D,0
-14.6089,133.0099,353.7,1.1,1.1,2014-06-04,0500,Aqua,MODIS,96,6.2,310,64.4,D,0
-14.6104,132.9996,333.4,1.1,1.1,2014-06-04,0500,Aqua,MODIS,71,6.2,306.8,20.6,D,0
-14.5711,133.0037,322.5,1.1,1.1,2014-06-04,0500,Aqua,MODIS,66,6.2,306.4,9.3,D,0
-14.7076,132.8444,323.1,1.1,1,2014-06-04,0500,Aqua,MODIS,57,6.2,304.7,10,D,0
-14.5601,133.0489,327,1.1,1.1,2014-06-04,0500,Aqua,MODIS,74,6.2,307.6,14.6,D,0
-14.67,133.0264,330.6,1.1,1.1,2014-06-04,0500,Aqua,MODIS,66,6.2,308.2,16.7,D,0
-14.6278,133.013,338.5,1.1,1.1,2014-06-04,0500,Aqua,MODIS,87,6.2,308.3,27.9,D,0
-14.6183,133.0115,327.2,1.1,1.1,2014-06-04,0500,Aqua,MODIS,55,6.2,307.5,11.1,D,0
-14.612,132.9893,326.2,1.1,1.1,2014-06-04,0500,Aqua,MODIS,42,6.2,306.3,11.2,D,0
-14.6136,132.9791,324.2,1.1,1.1,2014-06-04,0500,Aqua,MODIS,50,6.2,305.6,9.2,D,0
-14.9803,133.6575,325.8,1.2,1.1,2014-06-04,0500,Aqua,MODIS,53,6.2,305,13.3,D,0
-15.2843,135.4342,326.1,1.5,1.2,2014-06-04,0500,Aqua,MODIS,75,6.2,303.5,26.3,D,0
-15.1444,135.7259,324.8,1.6,1.2,2014-06-04,0500,Aqua,MODIS,42,6.2,303.6,26.7,D,0
-14.9689,133.6669,323.2,1.2,1.1,2014-06-04,0500,Aqua,MODIS,43,6.2,307.3,9.2,D,0
-16.0441,135.5811,323.7,1.5,1.2,2014-06-04,0500,Aqua,MODIS,74,6.2,302.6,18.9,D,0
-15.2146,135.4505,320.9,1.5,1.2,2014-06-04,0500,Aqua,MODIS,34,6.2,301.9,16.8,D,0
-14.8307,135.1119,320.2,1.5,1.2,2014-06-04,0500,Aqua,MODIS,30,6.2,301.3,15.5,D,0
-14.8519,135.185,323.3,1.5,1.2,2014-06-04,0500,Aqua,MODIS,64,6.2,300.1,23.5,D,0
-14.8858,133.6687,324,1.2,1.1,2014-06-04,0500,Aqua,MODIS,62,6.2,305.3,11.7,D,0
-15.2713,135.524,316.6,1.5,1.2,2014-06-04,0500,Aqua,MODIS,25,6.2,302.1,10,D,0
-14.8915,135.2409,317.8,1.5,1.2,2014-06-04,0500,Aqua,MODIS,41,6.2,299.4,14.2,D,0
-16.0807,135.6301,319.8,1.5,1.2,2014-06-04,0500,Aqua,MODIS,60,6.2,300,11.4,D,0
-15.0782,135.501,322.4,1.5,1.2,2014-06-04,0500,Aqua,MODIS,27,6.2,302.7,18.2,D,0
-14.8214,134.9409,348.6,1.4,1.2,2014-06-04,0500,Aqua,MODIS,94,6.2,295.4,82.7,D,0
-15.6019,135.7491,317.6,1.6,1.2,2014-06-04,0500,Aqua,MODIS,57,6.2,297.7,15.1,D,0
-15.0914,135.4887,325.9,1.5,1.2,2014-06-04,0500,Aqua,MODIS,43,6.2,302.1,25.7,D,0
-15.6831,135.5347,320.5,1.5,1.2,2014-06-04,0500,Aqua,MODIS,66,6.2,303.2,14.9,D,0
-15.1964,135.6969,316.2,1.6,1.2,2014-06-04,0500,Aqua,MODIS,15,6.2,301,11.6,D,0
-14.9331,133.6203,334.7,1.2,1.1,2014-06-04,0500,Aqua,MODIS,84,6.2,307.3,27.4,D,0
-15.339,135.9484,347.6,1.6,1.3,2014-06-04,0500,Aqua,MODIS,93,6.2,303.2,98,D,0
-16.0264,135.6208,324.5,1.5,1.2,2014-06-04,0500,Aqua,MODIS,75,6.2,303.7,18.8,D,0
-14.8386,134.6281,391.5,1.4,1.2,2014-06-04,0500,Aqua,MODIS,100,6.2,309,303.4,D,0
-15.8071,135.5494,318.8,1.5,1.2,2014-06-04,0500,Aqua,MODIS,63,6.2,303.1,11.5,D,0
-15.3303,135.9313,323.5,1.6,1.3,2014-06-04,0500,Aqua,MODIS,25,6.2,300.2,24.3,D,0
-15.4265,136.1111,325.2,1.7,1.3,2014-06-04,0500,Aqua,MODIS,74,6.2,301,31.3,D,0
-15.9671,135.562,353.8,1.5,1.2,2014-06-04,0500,Aqua,MODIS,97,6.2,304.2,109,D,0
-14.8938,135.2272,321.7,1.5,1.2,2014-06-04,0500,Aqua,MODIS,67,6.2,299.5,21.3,D,0
-14.8406,134.6156,336.7,1.4,1.2,2014-06-04,0500,Aqua,MODIS,86,6.2,303.8,41,D,0
-14.8248,134.9471,345.5,1.4,1.2,2014-06-04,0500,Aqua,MODIS,92,6.2,296.4,72.9,D,0
-14.927,134.7134,315.5,1.4,1.2,2014-06-04,0500,Aqua,MODIS,25,6.2,299.7,7,D,0
-14.831,134.9753,324.1,1.4,1.2,2014-06-04,0500,Aqua,MODIS,61,6.2,292.2,25.3,D,0
-16.024,135.6348,321.4,1.5,1.2,2014-06-04,0500,Aqua,MODIS,71,6.2,303.9,12.9,D,0
-14.8269,134.9341,377.3,1.4,1.2,2014-06-04,0500,Aqua,MODIS,100,6.2,299.7,224.1,D,0
-14.8455,135.156,322.2,1.5,1.2,2014-06-04,0500,Aqua,MODIS,28,6.2,299.7,18.8,D,0
-14.8289,134.9884,332.7,1.4,1.2,2014-06-04,0500,Aqua,MODIS,82,6.2,292,44.3,D,0
-14.9239,135.2466,330.2,1.5,1.2,2014-06-04,0500,Aqua,MODIS,80,6.2,301.1,36.9,D,0
-14.7978,134.8167,332,1.4,1.2,2014-06-04,0500,Aqua,MODIS,80,6.2,297.5,36,D,0
-15.6013,135.7545,325.6,1.6,1.2,2014-06-04,0500,Aqua,MODIS,75,6.2,299.5,28.8,D,0
-15.9756,135.5777,333,1.5,1.2,2014-06-04,0500,Aqua,MODIS,84,6.2,303.5,39.8,D,0
-15.7425,135.3062,333.9,1.5,1.2,2014-06-04,0500,Aqua,MODIS,84,6.2,304.4,38.9,D,0
-14.7937,134.8425,336.1,1.4,1.2,2014-06-04,0500,Aqua,MODIS,85,6.2,298.3,46.7,D,0
-16.1568,135.6646,318.8,1.5,1.2,2014-06-04,0500,Aqua,MODIS,58,6.2,300.9,12.1,D,0
-15.6075,135.9219,324.4,1.6,1.2,2014-06-04,0500,Aqua,MODIS,73,6.2,301.1,27.2,D,0
-15.319,135.9293,339.1,1.6,1.3,2014-06-04,0500,Aqua,MODIS,88,6.2,300.9,67.3,D,0
-15.61,135.9071,317.8,1.6,1.2,2014-06-04,0500,Aqua,MODIS,57,6.2,300.8,14.3,D,0
-14.8282,134.6264,324.6,1.4,1.2,2014-06-04,0500,Aqua,MODIS,43,6.2,303.1,19,D,0
-14.7832,134.8407,321.6,1.4,1.2,2014-06-04,0500,Aqua,MODIS,59,6.2,298.6,17.6,D,0
-14.8234,134.9278,333.2,1.4,1.2,2014-06-04,0500,Aqua,MODIS,74,6.2,294.1,40.1,D,0
-14.8302,134.6139,323.9,1.4,1.2,2014-06-04,0500,Aqua,MODIS,71,6.2,303,17.9,D,0
-15.909,135.348,319.2,1.5,1.2,2014-06-04,0500,Aqua,MODIS,59,6.2,301.9,11,D,0
-15.4379,136.1131,316.4,1.7,1.3,2014-06-04,0500,Aqua,MODIS,51,6.2,301.1,13.6,D,0
-15.605,135.9368,344.5,1.6,1.2,2014-06-04,0500,Aqua,MODIS,91,6.2,301.8,84.2,D,0
-15.2329,135.8244,317.5,1.6,1.2,2014-06-04,0500,Aqua,MODIS,52,6.2,300.5,14.4,D,0
-15.2233,135.6717,320.7,1.6,1.2,2014-06-04,0500,Aqua,MODIS,63,6.2,300.7,20.1,D,0
-14.7643,134.6927,325,1.4,1.2,2014-06-04,0500,Aqua,MODIS,35,6.2,296.8,22.5,D,0
-16.0549,135.5831,332.4,1.5,1.2,2014-06-04,0500,Aqua,MODIS,83,6.2,303.1,37.7,D,0
-15.5989,135.7691,319.2,1.6,1.2,2014-06-04,0500,Aqua,MODIS,16,6.2,300.5,16,D,0
-15.3365,135.9635,325.9,1.6,1.3,2014-06-04,0500,Aqua,MODIS,48,6.2,300.4,29.1,D,0
-15.3478,135.9655,322.2,1.6,1.3,2014-06-04,0500,Aqua,MODIS,50,6.2,300.5,22.5,D,0
-15.0805,135.4868,332,1.5,1.2,2014-06-04,0500,Aqua,MODIS,82,6.2,302.7,40.7,D,0
-14.9023,135.2428,338.1,1.5,1.2,2014-06-04,0500,Aqua,MODIS,87,6.2,300.9,56.1,D,0
-15.042,135.3791,321.2,1.5,1.2,2014-06-04,0500,Aqua,MODIS,66,6.2,300.5,21.6,D,0
-14.7894,134.802,341.6,1.4,1.2,2014-06-04,0500,Aqua,MODIS,89,6.2,300.5,59.9,D,0
-14.781,134.7874,317.8,1.4,1.2,2014-06-04,0500,Aqua,MODIS,40,6.2,300.1,11.6,D,0
-14.7958,134.8296,371.9,1.4,1.2,2014-06-04,0500,Aqua,MODIS,100,6.2,302.4,185.8,D,0
-14.7853,134.8278,321,1.4,1.2,2014-06-04,0500,Aqua,MODIS,58,6.2,299.2,16,D,0
-14.8605,135.2005,326.6,1.5,1.2,2014-06-04,0500,Aqua,MODIS,53,6.2,300.6,30.1,D,0
-14.8875,133.6577,329.8,1.2,1.1,2014-06-04,0500,Aqua,MODIS,79,6.2,305.7,20.2,D,0
-14.8972,133.6593,327.4,1.2,1.1,2014-06-04,0500,Aqua,MODIS,69,6.2,307,15,D,0
-14.7874,134.8149,343,1.4,1.2,2014-06-04,0500,Aqua,MODIS,90,6.2,301.2,63.6,D,0
-15.4733,135.4855,317.5,1.5,1.2,2014-06-04,0500,Aqua,MODIS,39,6.2,301.8,11.3,D,0
-16.0845,135.6955,318.7,1.5,1.2,2014-06-04,0500,Aqua,MODIS,65,6.2,302.5,11.1,D,0
-15.2854,135.44,323.5,1.5,1.2,2014-06-04,0500,Aqua,MODIS,69,6.2,303.9,20.4,D,0
-15.1756,135.7534,335.4,1.6,1.2,2014-06-04,0500,Aqua,MODIS,85,6.2,301.7,53.6,D,0
-15.2353,135.8095,315.1,1.6,1.2,2014-06-04,0500,Aqua,MODIS,13,6.2,301.2,10.6,D,0
-15.1222,135.5143,320.9,1.5,1.2,2014-06-04,0500,Aqua,MODIS,33,6.2,301.7,17.5,D,0
-15.2337,135.8148,319.2,1.6,1.2,2014-06-04,0500,Aqua,MODIS,62,6.2,301.6,18.7,D,0
-14.9374,134.7151,315.3,1.4,1.2,2014-06-04,0500,Aqua,MODIS,16,6.2,299.4,6.7,D,0
-14.847,134.6422,332.4,1.4,1.2,2014-06-04,0500,Aqua,MODIS,52,6.2,298.2,30.9,D,0
-14.982,133.6465,325,1.2,1.1,2014-06-04,0500,Aqua,MODIS,41,6.2,304.2,11.5,D,0
-15.9779,135.5639,336.1,1.5,1.2,2014-06-04,0500,Aqua,MODIS,86,6.2,302.5,48.1,D,0
-15.6025,135.9518,342.9,1.6,1.3,2014-06-04,0500,Aqua,MODIS,90,6.2,299.2,77.4,D,0
-15.7873,135.2657,321,1.4,1.2,2014-06-04,0500,Aqua,MODIS,69,6.2,302.4,13.4,D,0
-15.7319,135.3042,320.1,1.5,1.2,2014-06-04,0500,Aqua,MODIS,66,6.2,304.7,11.4,D,0
-15.0414,135.4509,322.2,1.5,1.2,2014-06-04,0500,Aqua,MODIS,58,6.2,302.5,19.8,D,0
-16.0824,135.6885,319.1,1.5,1.2,2014-06-04,0500,Aqua,MODIS,35,6.2,302.6,10.8,D,0
-15.9734,135.5914,322.3,1.5,1.2,2014-06-04,0500,Aqua,MODIS,72,6.2,304.5,15.5,D,0
-14.7831,134.7746,328,1.4,1.2,2014-06-04,0500,Aqua,MODIS,77,6.2,298.5,29,D,0
-14.9234,133.6187,327.9,1.2,1.1,2014-06-04,0500,Aqua,MODIS,77,6.2,306.9,16.3,D,0
-15.9648,135.5758,348.4,1.5,1.2,2014-06-04,0500,Aqua,MODIS,94,6.2,303.9,86.7,D,0
-15.5995,135.7636,324.7,1.6,1.2,2014-06-04,0500,Aqua,MODIS,73,6.2,300.8,29.3,D,0
-15.2817,135.5203,316.1,1.5,1.2,2014-06-04,0500,Aqua,MODIS,24,6.2,301.8,9.3,D,0
-15.8195,127.4749,341,1.4,1.2,2014-06-04,0500,Aqua,MODIS,89,6.2,309.7,53.6,D,0
-14.1989,130.155,344.9,1,1,2014-06-04,0500,Aqua,MODIS,80,6.2,303.6,40.2,D,0
-14.2079,130.1564,343.6,1,1,2014-06-04,0500,Aqua,MODIS,87,6.2,305,38.6,D,0
-16.8507,126.8813,318.4,1.5,1.2,2014-06-04,0500,Aqua,MODIS,35,6.2,305.9,9.6,D,0
-14.2222,130.1205,339,1,1,2014-06-04,0500,Aqua,MODIS,74,6.2,300.8,32.7,D,0
-14.2209,130.1298,344.6,1,1,2014-06-04,0500,Aqua,MODIS,88,6.2,300.7,41.9,D,0
-14.2299,130.1312,378,1,1,2014-06-04,0500,Aqua,MODIS,100,6.2,307,136.4,D,0
-14.2286,130.1405,343.5,1,1,2014-06-04,0500,Aqua,MODIS,66,6.2,302.5,36.7,D,0
-14.2273,130.1498,339.8,1,1,2014-06-04,0500,Aqua,MODIS,58,6.2,302.4,29.6,D,0
-14.226,130.1591,338,1,1,2014-06-04,0500,Aqua,MODIS,82,6.2,302,27.7,D,0
-17.0352,122.4438,317.6,3.3,1.7,2014-06-04,0500,Aqua,MODIS,45,6.2,301.1,47.3,D,0
-16.8635,126.8685,320.4,1.5,1.2,2014-06-04,0500,Aqua,MODIS,65,6.2,308.1,14.2,D,0
-17.8528,123.8962,315.1,2.6,1.6,2014-06-04,0500,Aqua,MODIS,40,6.2,304.2,20.4,D,0
-17.8553,123.8713,345.2,2.7,1.6,2014-06-04,0500,Aqua,MODIS,92,6.2,305.9,183.2,D,0
-17.8507,123.8641,334.5,2.7,1.6,2014-06-04,0500,Aqua,MODIS,84,6.2,305.2,109.2,D,0
-17.0662,122.4476,317.7,3.3,1.7,2014-06-04,0500,Aqua,MODIS,44,6.2,302.9,47.9,D,0
-17.0694,122.4162,337.8,3.3,1.7,2014-06-04,0500,Aqua,MODIS,88,6.2,301,187.6,D,0
-14.3964,130.254,324.5,1,1,2014-06-04,0500,Aqua,MODIS,10,6.2,305.6,10.5,D,0
-14.3977,130.2447,327.8,1,1,2014-06-04,0500,Aqua,MODIS,35,6.2,304.9,13.7,D,0
-14.3887,130.2433,338.7,1,1,2014-06-04,0500,Aqua,MODIS,55,6.2,307.8,26.6,D,0
-14.39,130.234,341.8,1,1,2014-06-04,0500,Aqua,MODIS,90,6.2,307.9,33.6,D,0
-14.3913,130.2247,332.4,1,1,2014-06-04,0500,Aqua,MODIS,82,6.2,306.4,21.2,D,0
-14.3927,130.2154,336.8,1,1,2014-06-04,0500,Aqua,MODIS,86,6.2,305.6,27.3,D,0
-14.3771,130.2606,338.1,1,1,2014-06-04,0500,Aqua,MODIS,64,6.2,307.7,28.3,D,0
-14.3797,130.242,373.7,1,1,2014-06-04,0500,Aqua,MODIS,100,6.2,310,117.3,D,0
-14.381,130.2327,413.7,1,1,2014-06-04,0500,Aqua,MODIS,100,6.2,317.7,337,D,0
-14.3823,130.2234,344.2,1,1,2014-06-04,0500,Aqua,MODIS,91,6.2,305.9,41,D,0
-14.3836,130.214,373.9,1,1,2014-06-04,0500,Aqua,MODIS,100,6.2,307.1,121.1,D,0
-14.3681,130.2592,329.5,1,1,2014-06-04,0500,Aqua,MODIS,63,6.2,303.5,18.4,D,0
-14.3694,130.2499,375.9,1,1,2014-06-04,0500,Aqua,MODIS,100,6.2,308.8,129.2,D,0
-14.3707,130.2406,419.2,1,1,2014-06-04,0500,Aqua,MODIS,100,6.2,316.4,383.8,D,0
-14.372,130.2313,351.4,1,1,2014-06-04,0500,Aqua,MODIS,95,6.2,304.3,56.7,D,0
-14.3733,130.222,357.5,1,1,2014-06-04,0500,Aqua,MODIS,98,6.2,304.5,73.3,D,0
-14.3746,130.2127,337.5,1,1,2014-06-04,0500,Aqua,MODIS,87,6.2,301.4,32.7,D,0
-16.8224,125.1735,317.2,2,1.4,2014-06-04,0500,Aqua,MODIS,43,6.2,305.5,15.9,D,0
-14.3953,130.1967,333.5,1,1,2014-06-04,0500,Aqua,MODIS,69,6.2,306.2,22.3,D,0
-14.394,130.206,333.5,1,1,2014-06-04,0500,Aqua,MODIS,81,6.2,304.8,22.4,D,0
-14.4043,130.1981,322.8,1,1,2014-06-04,0500,Aqua,MODIS,70,6.2,305.2,10.9,D,0
-14.403,130.2074,319,1,1,2014-06-04,0500,Aqua,MODIS,62,6.2,304.1,7.1,D,0
-14.3367,130.1529,320.8,1,1,2014-06-04,0500,Aqua,MODIS,24,6.2,301,9.4,D,0
-14.3476,130.142,346.7,1,1,2014-06-04,0500,Aqua,MODIS,93,6.2,302.5,44.7,D,0
-14.3463,130.1513,330.5,1,1,2014-06-04,0500,Aqua,MODIS,25,6.2,302.6,18,D,0
-14.3579,130.134,333.2,1,1,2014-06-04,0500,Aqua,MODIS,79,6.2,301.2,25,D,0
-14.3566,130.1433,368.6,1,1,2014-06-04,0500,Aqua,MODIS,100,6.2,307.2,102.4,D,0
-14.3553,130.1527,341.2,1,1,2014-06-04,0500,Aqua,MODIS,81,6.2,302.8,34.2,D,0
-14.3644,130.154,333.7,1,1,2014-06-04,0500,Aqua,MODIS,10,6.2,303.9,22.5,D,0
-17.0898,126.8868,325.7,1.5,1.2,2014-06-04,0500,Aqua,MODIS,68,6.2,309.5,23.2,D,0
-16.8525,126.867,355.5,1.5,1.2,2014-06-04,0500,Aqua,MODIS,97,6.2,308.7,120.6,D,0
-16.8542,126.8527,341.5,1.5,1.2,2014-06-04,0500,Aqua,MODIS,89,6.2,307.4,65.8,D,0
-16.856,126.8383,339.7,1.5,1.2,2014-06-04,0500,Aqua,MODIS,88,6.2,307.7,61.5,D,0
-16.5873,125.28,316.8,2,1.4,2014-06-04,0500,Aqua,MODIS,45,6.2,305.1,16,D,0
-16.6166,125.2451,336.3,2,1.4,2014-06-04,0500,Aqua,MODIS,86,6.2,305,77,D,0
-16.6144,125.2638,326,2,1.4,2014-06-04,0500,Aqua,MODIS,67,6.2,305.2,38.7,D,0
-16.6211,125.2336,323.3,2,1.4,2014-06-04,0500,Aqua,MODIS,72,6.2,304.2,32.4,D,0
-16.619,125.2524,334.5,2,1.4,2014-06-04,0500,Aqua,MODIS,84,6.2,305.3,71.6,D,0
-14.3628,130.2964,350.2,1,1,2014-06-04,0500,Aqua,MODIS,95,6.2,307.2,50.8,D,0
-14.3615,130.3057,338.4,1,1,2014-06-04,0500,Aqua,MODIS,57,6.2,308.3,28.1,D,0
-14.3758,130.2699,341.9,1,1,2014-06-04,0500,Aqua,MODIS,67,6.2,304.4,33.6,D,0
-14.3719,130.2978,357,1,1,2014-06-04,0500,Aqua,MODIS,98,6.2,308.8,66,D,0
-14.3705,130.3071,345.7,1,1,2014-06-04,0500,Aqua,MODIS,81,6.2,307.8,41.1,D,0
-14.3848,130.2713,340.1,1,1,2014-06-04,0500,Aqua,MODIS,60,6.2,308.8,30.3,D,0
-14.3835,130.2805,368.8,1,1,2014-06-04,0500,Aqua,MODIS,100,6.2,309.9,100.5,D,0
-14.3822,130.2898,366.8,1,1,2014-06-04,0500,Aqua,MODIS,100,6.2,309.8,95.4,D,0
-14.3809,130.2991,341.8,1,1,2014-06-04,0500,Aqua,MODIS,90,6.2,308,34.8,D,0
-14.3796,130.3084,332.8,1,1,2014-06-04,0500,Aqua,MODIS,66,6.2,304.9,21.3,D,0
-14.3951,130.2633,325.1,1,1,2014-06-04,0500,Aqua,MODIS,26,6.2,306.4,11.3,D,0
-14.3925,130.2819,346.9,1,1,2014-06-04,0500,Aqua,MODIS,93,6.2,307.5,44.3,D,0
-14.3912,130.2912,323.5,1,1,2014-06-04,0500,Aqua,MODIS,70,6.2,305.4,11.2,D,0
-14.3899,130.3005,321.6,1,1,2014-06-04,0500,Aqua,MODIS,62,6.2,304.5,9.4,D,0
-16.6169,125.2711,325.2,2,1.4,2014-06-04,0500,Aqua,MODIS,64,6.2,305.2,37,D,0
-16.6271,125.292,322.1,2,1.4,2014-06-04,0500,Aqua,MODIS,69,6.2,303.6,29.7,D,0
-14.2989,130.2898,354.4,1,1,2014-06-04,0500,Aqua,MODIS,86,6.2,309.3,60.1,D,0
-14.3169,130.2925,358.6,1,1,2014-06-04,0500,Aqua,MODIS,99,6.2,306.9,74.2,D,0
-14.3281,130.2817,317.8,1,1,2014-06-04,0500,Aqua,MODIS,57,6.2,300.6,9.5,D,0
-14.3268,130.291,383.6,1,1,2014-06-04,0500,Aqua,MODIS,100,6.2,308.6,162.8,D,0
-14.3255,130.3003,397.7,1,1,2014-06-04,0500,Aqua,MODIS,100,6.2,315.2,228.5,D,0
-14.3371,130.2831,317,1,1,2014-06-04,0500,Aqua,MODIS,47,6.2,300.3,7.9,D,0
-14.3358,130.2924,361.3,1,1,2014-06-04,0500,Aqua,MODIS,100,6.2,309.8,80.8,D,0
-14.3448,130.2937,347.6,1,1,2014-06-04,0500,Aqua,MODIS,84,6.2,304.8,45.7,D,0
-14.3435,130.303,366.2,1,1,2014-06-04,0500,Aqua,MODIS,100,6.2,310.2,89.3,D,0
-14.3525,130.3044,359.8,1,1,2014-06-04,0500,Aqua,MODIS,99,6.2,310.6,72,D,0
-14.4075,129.3763,331.4,1.1,1,2014-06-04,0500,Aqua,MODIS,0,6.2,305,24.3,D,0
-15.8299,127.4762,332.2,1.4,1.2,2014-06-04,0500,Aqua,MODIS,82,6.2,308.9,33.4,D,0
-15.8315,127.4635,323.6,1.4,1.2,2014-06-04,0500,Aqua,MODIS,69,6.2,304.1,16.3,D,0
-15.8211,127.4621,375.7,1.4,1.2,2014-06-04,0500,Aqua,MODIS,100,6.2,313.7,197.5,D,0
-15.8227,127.4493,336.3,1.4,1.2,2014-06-04,0500,Aqua,MODIS,85,6.2,304.8,42.9,D,0
-15.8091,127.4733,335.3,1.4,1.2,2014-06-04,0500,Aqua,MODIS,84,6.2,307.5,39.5,D,0
-15.8107,127.4606,404.2,1.4,1.2,2014-06-04,0500,Aqua,MODIS,100,6.2,314.9,422.2,D,0
-15.8123,127.4478,353.8,1.4,1.2,2014-06-04,0500,Aqua,MODIS,97,6.2,305.6,96.1,D,0
-16.4865,125.2605,318.4,2,1.4,2014-06-04,0500,Aqua,MODIS,48,6.2,306.3,15.9,D,0
-16.4741,125.2586,340.3,2,1.4,2014-06-04,0500,Aqua,MODIS,89,6.2,306.3,91.3,D,0
-16.4763,125.2402,334.3,2,1.4,2014-06-04,0500,Aqua,MODIS,84,6.2,306.6,66.5,D,0
-15.1076,130.6155,343.1,1,1,2014-06-04,0500,Aqua,MODIS,90,6.2,310,33.5,D,0
-16.2683,128.0273,323.6,1.3,1.1,2014-06-04,0500,Aqua,MODIS,67,6.2,305.9,16.4,D,0
-16.4897,125.0112,320.3,2.1,1.4,2014-06-04,0500,Aqua,MODIS,67,6.2,304.8,27,D,0
-14.2207,130.1964,338,1,1,2014-06-04,0500,Aqua,MODIS,72,6.2,301.7,26.8,D,0
-14.2194,130.2057,347.1,1,1,2014-06-04,0500,Aqua,MODIS,91,6.2,304.8,43.9,D,0
-14.2284,130.207,341.6,1,1,2014-06-04,0500,Aqua,MODIS,89,6.2,301.8,36.6,D,0
-14.2271,130.2164,342.7,1,1,2014-06-04,0500,Aqua,MODIS,58,6.2,304.9,37,D,0
-14.2258,130.2256,338.9,1,1,2014-06-04,0500,Aqua,MODIS,84,6.2,304.4,32,D,0
-14.3393,130.1342,327.6,1,1,2014-06-04,0500,Aqua,MODIS,46,6.2,301.6,14.8,D,0
-14.3239,130.1127,329.9,1,1,2014-06-04,0500,Aqua,MODIS,78,6.2,302,20.7,D,0
-14.2873,130.307,331.4,1,1,2014-06-04,0500,Aqua,MODIS,32,6.2,306.3,17.8,D,0
-14.2912,130.2791,377.2,1,1,2014-06-04,0500,Aqua,MODIS,100,6.2,310.8,132.2,D,0
-14.2796,130.2963,332.9,1,1,2014-06-04,0500,Aqua,MODIS,72,6.2,306.5,21.6,D,0
-14.2822,130.2778,355,1,1,2014-06-04,0500,Aqua,MODIS,97,6.2,308.6,62.1,D,0
-14.2835,130.2685,355,1,1,2014-06-04,0500,Aqua,MODIS,97,6.2,305.5,64.3,D,0
-14.2719,130.2857,331.9,1,1,2014-06-04,0500,Aqua,MODIS,45,6.2,306,18.8,D,0
-14.2745,130.2671,345.6,1,1,2014-06-04,0500,Aqua,MODIS,89,6.2,308.1,41.9,D,0
-14.2758,130.2578,360.5,1,1,2014-06-04,0500,Aqua,MODIS,100,6.2,306.4,78.4,D,0
-14.2655,130.2657,337.8,1,1,2014-06-04,0500,Aqua,MODIS,59,6.2,305.7,27.8,D,0
-14.2247,130.1685,327.2,1,1,2014-06-04,0500,Aqua,MODIS,22,6.2,301.8,13,D,0
-14.2094,130.0803,330.3,1,1,2014-06-04,0500,Aqua,MODIS,56,6.2,299.8,20.4,D,0
-14.2668,130.2565,343.7,1,1,2014-06-04,0500,Aqua,MODIS,80,6.2,306.5,38.4,D,0
-14.2681,130.2471,386.9,1,1,2014-06-04,0500,Aqua,MODIS,100,6.2,309.8,174.7,D,0
-14.2578,130.2551,337.1,1,1,2014-06-04,0500,Aqua,MODIS,48,6.2,306,27.9,D,0
-14.2591,130.2458,346.2,1,1,2014-06-04,0500,Aqua,MODIS,73,6.2,307.2,43.2,D,0
-14.2604,130.2365,402.9,1,1,2014-06-04,0500,Aqua,MODIS,100,6.2,309.5,263.6,D,0
-14.2527,130.2259,338.8,1,1,2014-06-04,0500,Aqua,MODIS,37,6.2,302.5,31.2,D,0
-14.241,130.2431,332.9,1,1,2014-06-04,0500,Aqua,MODIS,60,6.2,304.8,21.5,D,0
-14.2335,130.2363,322,1,1,2014-06-04,0500,Aqua,MODIS,68,6.2,303.2,12.2,D,0
-14.2348,130.227,328,1,1,2014-06-04,0500,Aqua,MODIS,50,6.2,306,18,D,0
-14.2375,130.2084,324.5,1,1,2014-06-04,0500,Aqua,MODIS,31,6.2,297,14,D,0
-14.2337,130.1698,331.4,1,1,2014-06-04,0500,Aqua,MODIS,69,6.2,301.4,21.3,D,0
-14.3109,130.1394,330.3,1,1,2014-06-04,0500,Aqua,MODIS,64,6.2,301,19.8,D,0
-14.3122,130.1301,335.6,1,1,2014-06-04,0500,Aqua,MODIS,85,6.2,302.5,26.5,D,0
-14.3135,130.1207,356.8,1,1,2014-06-04,0500,Aqua,MODIS,98,6.2,304,69.5,D,0
-14.2773,130.1154,328.9,1,1,2014-06-04,0500,Aqua,MODIS,75,6.2,298.9,20,D,0
-14.2593,130.1126,324.9,1,1,2014-06-04,0500,Aqua,MODIS,39,6.2,298,15.2,D,0
-14.235,130.1605,329.9,1,1,2014-06-04,0500,Aqua,MODIS,47,6.2,302.9,19.2,D,0
-14.2312,130.1218,351.1,1,1,2014-06-04,0500,Aqua,MODIS,95,6.2,302.7,55.6,D,0
-14.2104,130.2043,331.4,1,1,2014-06-04,0500,Aqua,MODIS,42,6.2,304.3,18.6,D,0
-14.2156,130.1671,331,1,1,2014-06-04,0500,Aqua,MODIS,69,6.2,302.5,17,D,0
-17.2977,126.5774,343.1,1.6,1.3,2014-06-04,0500,Aqua,MODIS,91,6.2,310.6,78.4,D,0
-14.3066,130.3004,341.5,1,1,2014-06-04,0500,Aqua,MODIS,88,6.2,307.2,34.8,D,0
-14.304,130.319,328,1,1,2014-06-04,0500,Aqua,MODIS,57,6.2,307,15.2,D,0
-14.3156,130.3018,379,1,1,2014-06-04,0500,Aqua,MODIS,100,6.2,311.6,139.5,D,0
-14.3143,130.3111,340.1,1,1,2014-06-04,0500,Aqua,MODIS,87,6.2,308.7,32,D,0
-14.3117,130.3296,326.1,1,1,2014-06-04,0500,Aqua,MODIS,55,6.2,305.6,13.9,D,0
-14.3242,130.3096,377,1,1,2014-06-04,0500,Aqua,MODIS,100,6.2,311.4,124.8,D,0
-14.3216,130.3281,341.5,1,1,2014-06-04,0500,Aqua,MODIS,54,6.2,307.7,31.1,D,0
-15.4245,128.9289,374.5,1.1,1.1,2014-06-04,0500,Aqua,MODIS,100,6.2,312,141.2,D,0
-15.4259,128.9185,352.1,1.1,1.1,2014-06-04,0500,Aqua,MODIS,96,6.2,311.6,64.4,D,0
-15.4273,128.9081,321.4,1.1,1.1,2014-06-04,0500,Aqua,MODIS,64,6.2,309.7,9.9,D,0
-16.4639,125.2383,317.5,2,1.4,2014-06-04,0500,Aqua,MODIS,31,6.2,305.8,15.2,D,0
-15.4136,128.9379,325.5,1.1,1.1,2014-06-04,0500,Aqua,MODIS,73,6.2,306.2,14.9,D,0
-15.415,128.9275,375.2,1.1,1.1,2014-06-04,0500,Aqua,MODIS,100,6.2,310,145.4,D,0
-15.4164,128.9171,333,1.1,1.1,2014-06-04,0500,Aqua,MODIS,82,6.2,308.6,24.1,D,0
-15.1375,130.0784,324.7,1,1,2014-06-04,0500,Aqua,MODIS,72,6.2,306.1,12.1,D,0
-15.1362,130.0879,324.9,1,1,2014-06-04,0500,Aqua,MODIS,72,6.2,306.5,12.6,D,0
-15.1739,130.0839,347.9,1,1,2014-06-04,0500,Aqua,MODIS,93,6.2,308.8,49.3,D,0
-16.8186,125.1845,321.1,2,1.4,2014-06-04,0500,Aqua,MODIS,57,6.2,305.7,25.8,D,0
-16.8203,125.1917,316.2,2,1.4,2014-06-04,0500,Aqua,MODIS,35,6.2,305.1,14.9,D,0
-17.848,123.889,324.3,2.6,1.6,2014-06-04,0500,Aqua,MODIS,73,6.2,304.6,56.6,D,0
-16.4508,124.4555,317.8,2.3,1.5,2014-06-04,0500,Aqua,MODIS,49,6.2,303.3,22.3,D,0
-16.4468,124.4603,317.6,2.3,1.5,2014-06-04,0500,Aqua,MODIS,60,6.2,303.9,25.7,D,0
-16.3061,126.1076,318.4,1.7,1.3,2014-06-04,0500,Aqua,MODIS,60,6.2,305.3,18.1,D,0
-14.7063,133.0429,324.3,1.1,1.1,2014-06-04,0500,Aqua,MODIS,70,6.2,307,10.2,D,0
-14.1033,130.8297,328.7,1,1,2014-06-04,0500,Aqua,MODIS,19,6.2,306.8,13.3,D,0
-13.958,133.3792,324,1.2,1.1,2014-06-04,0500,Aqua,MODIS,64,6.2,300.8,16,D,0
-15.0159,135.3107,317.4,1.5,1.2,2014-06-04,0500,Aqua,MODIS,53,6.2,300.3,14,D,0
-15.6558,135.4308,319.9,1.5,1.2,2014-06-04,0500,Aqua,MODIS,48,6.2,304.7,12,D,0
-15.3875,135.4292,328,1.5,1.2,2014-06-04,0500,Aqua,MODIS,78,6.2,304.3,28.9,D,0
-15.5465,136.1452,328.5,1.7,1.3,2014-06-04,0500,Aqua,MODIS,78,6.2,302.4,37.9,D,0
-14.9006,130.78,325.5,1,1,2014-06-04,0500,Aqua,MODIS,38,6.2,306.5,11,D,0
-13.9458,133.1356,321.6,1.1,1.1,2014-06-04,0500,Aqua,MODIS,53,6.2,304.6,10,D,0
-14.8889,130.8008,328.7,1,1,2014-06-04,0500,Aqua,MODIS,78,6.2,310,11.5,D,0
-13.8722,132.7567,328.5,1.1,1,2014-06-04,0500,Aqua,MODIS,77,6.2,305.4,16.4,D,0
-15.7957,135.1784,325.4,1.4,1.2,2014-06-04,0500,Aqua,MODIS,72,6.2,304.3,18.6,D,0
-15.7936,135.1917,323.8,1.4,1.2,2014-06-04,0500,Aqua,MODIS,48,6.2,302.5,15.7,D,0
-15.5207,131.9623,321.7,1,1,2014-06-04,0500,Aqua,MODIS,60,6.2,299.1,8.9,D,0
-13.9281,133.7094,323.8,1.2,1.1,2014-06-04,0500,Aqua,MODIS,52,6.2,304.5,15.8,D,0
-14.0191,133.5935,325.1,1.2,1.1,2014-06-04,0500,Aqua,MODIS,66,6.2,304.8,14.3,D,0
-14.0261,133.549,327.5,1.2,1.1,2014-06-04,0500,Aqua,MODIS,77,6.2,303.2,20.1,D,0
-14.1861,134.2271,320,1.3,1.1,2014-06-04,0500,Aqua,MODIS,36,6.2,302.2,13.7,D,0
-14.4986,132.9438,333.9,1.1,1.1,2014-06-04,0500,Aqua,MODIS,83,6.2,307.5,24.4,D,0
-15.3901,135.4367,320.9,1.5,1.2,2014-06-04,0500,Aqua,MODIS,50,6.2,304.3,14.7,D,0
-15.3838,135.2458,334.8,1.5,1.2,2014-06-04,0500,Aqua,MODIS,85,6.2,303.5,45.8,D,0
-15.8027,135.1728,323.3,1.4,1.2,2014-06-04,0500,Aqua,MODIS,30,6.2,303.3,14.5,D,0
-14.8876,130.81,324.9,1,1,2014-06-04,0500,Aqua,MODIS,53,6.2,309.3,6.5,D,0
-14.497,132.954,324.9,1.1,1.1,2014-06-04,0500,Aqua,MODIS,55,6.2,306.9,11.5,D,0
-13.8551,133.6571,341.9,1.2,1.1,2014-06-04,0500,Aqua,MODIS,90,6.2,300.6,49.8,D,0
-13.8534,133.6684,324.8,1.2,1.1,2014-06-04,0500,Aqua,MODIS,54,6.2,303.8,17,D,0
-13.865,133.6588,333.5,1.2,1.1,2014-06-04,0500,Aqua,MODIS,78,6.2,303.8,31.2,D,0
-14.508,132.9453,339.1,1.1,1.1,2014-06-04,0500,Aqua,MODIS,87,6.2,308.7,33,D,0
-15.8005,135.186,325.8,1.4,1.2,2014-06-04,0500,Aqua,MODIS,55,6.2,303.2,19.5,D,0
-15.5221,131.9529,337.8,1,1,2014-06-04,0500,Aqua,MODIS,87,6.2,301.9,29.9,D,0
-15.5498,136.1403,322.3,1.7,1.3,2014-06-04,0500,Aqua,MODIS,56,6.2,301.6,22.2,D,0
-15.6199,136.1267,318.7,1.7,1.3,2014-06-04,0500,Aqua,MODIS,31,6.2,302.2,14.5,D,0
-15.6337,136.1134,325.4,1.7,1.3,2014-06-04,0500,Aqua,MODIS,74,6.2,300.1,28.5,D,0
-15.6349,136.1046,320.5,1.7,1.3,2014-06-04,0500,Aqua,MODIS,43,6.2,299.2,18.2,D,0
-15.6323,136.1199,321.5,1.7,1.3,2014-06-04,0500,Aqua,MODIS,51,6.2,301,19.7,D,0
-14.4248,133.0095,322.3,1.1,1.1,2014-06-04,0500,Aqua,MODIS,65,6.2,307.1,7.7,D,0
-14.0251,130.8579,323.8,1,1,2014-06-04,0501,Aqua,MODIS,66,6.2,305.5,9.8,D,0
-13.1017,132.5678,338.3,1.1,1,2014-06-04,0501,Aqua,MODIS,88,6.2,302.4,34.2,D,0
-13.0719,132.5735,326.4,1.1,1,2014-06-04,0501,Aqua,MODIS,67,6.2,301.4,17,D,0
-13.0637,132.5242,321.6,1.1,1,2014-06-04,0501,Aqua,MODIS,36,6.2,303.6,10.7,D,0
-13.6976,131.3465,323.2,1,1,2014-06-04,0501,Aqua,MODIS,34,6.2,305.9,9.5,D,0
-13.708,131.3386,328.4,1,1,2014-06-04,0501,Aqua,MODIS,69,6.2,306.7,14.4,D,0
-13.7248,131.2805,323.7,1,1,2014-06-04,0501,Aqua,MODIS,59,6.2,306.7,8.4,D,0
-14.0854,130.8269,324,1,1,2014-06-04,0501,Aqua,MODIS,29,6.2,305.9,9.6,D,0
-14.0506,131.1324,325.1,1,1,2014-06-04,0501,Aqua,MODIS,29,6.2,308.5,8.6,D,0
-14.0354,130.8501,327,1,1,2014-06-04,0501,Aqua,MODIS,75,6.2,305.9,13.1,D,0
-14.034,130.8593,321.8,1,1,2014-06-04,0501,Aqua,MODIS,36,6.2,306.3,7.8,D,0
-13.9815,130.8418,326.7,1,1,2014-06-04,0501,Aqua,MODIS,74,6.2,306.6,13.1,D,0
-13.4044,132.8078,337.6,1.1,1.1,2014-06-04,0501,Aqua,MODIS,87,6.2,304.9,35.1,D,0
-13.9174,130.7795,330.8,1,1,2014-06-04,0501,Aqua,MODIS,80,6.2,307.9,18.3,D,0
-12.3146,132.48,330.2,1.1,1.1,2014-06-04,0501,Aqua,MODIS,71,6.2,305.8,22.4,D,0
-13.2135,132.5603,334.2,1.1,1,2014-06-04,0501,Aqua,MODIS,57,6.2,306.4,23.6,D,0
-13.2056,132.5488,372,1.1,1,2014-06-04,0501,Aqua,MODIS,100,6.2,309.6,126.8,D,0
-12.2726,132.3432,322.9,1.1,1,2014-06-04,0501,Aqua,MODIS,67,6.2,303.1,14.1,D,0
-12.2712,132.3532,327,1.1,1,2014-06-04,0501,Aqua,MODIS,68,6.2,303.3,20.2,D,0
-12.2697,132.3633,319.1,1.1,1,2014-06-04,0501,Aqua,MODIS,32,6.2,302.9,9.8,D,0
-12.2765,132.3495,336.7,1.1,1,2014-06-04,0501,Aqua,MODIS,87,6.2,303,32.6,D,0
-12.275,132.3595,326.1,1.1,1,2014-06-04,0501,Aqua,MODIS,51,6.2,303,15.8,D,0
-13.8405,132.4276,322.5,1.1,1,2014-06-04,0501,Aqua,MODIS,62,6.2,305.2,11.5,D,0
-13.5334,132.6259,328.8,1.1,1,2014-06-04,0501,Aqua,MODIS,56,6.2,306.2,17,D,0
-13.8635,132.0954,323.2,1,1,2014-06-04,0501,Aqua,MODIS,38,6.2,308.1,7,D,0
-13.8621,132.1051,326.9,1,1,2014-06-04,0501,Aqua,MODIS,74,6.2,308,10.6,D,0
-13.7247,131.4706,324,1,1,2014-06-04,0501,Aqua,MODIS,65,6.2,305.3,9.7,D,0
-13.1037,132.255,315.9,1.1,1,2014-06-04,0501,Aqua,MODIS,28,6.2,300.5,6.6,D,0
-13.1081,132.2255,317.7,1.1,1,2014-06-04,0501,Aqua,MODIS,58,6.2,301,8.5,D,0
-13.089,132.1622,326.5,1.1,1,2014-06-04,0501,Aqua,MODIS,59,6.2,296.4,16.9,D,0
-13.0226,132.1859,318,1.1,1,2014-06-04,0501,Aqua,MODIS,27,6.2,301.1,7.3,D,0
-13.195,131.8201,327.2,1,1,2014-06-04,0501,Aqua,MODIS,26,6.2,306.5,13.4,D,0
-13.0419,132.119,328,1.1,1,2014-06-04,0501,Aqua,MODIS,78,6.2,300.9,20.3,D,0
-13.1665,132.5529,332.5,1.1,1,2014-06-04,0501,Aqua,MODIS,63,6.2,306.3,20.5,D,0
-13.024,132.1762,322,1.1,1,2014-06-04,0501,Aqua,MODIS,63,6.2,302,11.6,D,0
-13.0147,132.1747,330,1.1,1,2014-06-04,0501,Aqua,MODIS,80,6.2,301.4,20.9,D,0
-13.0205,132.1356,328.7,1.1,1,2014-06-04,0501,Aqua,MODIS,79,6.2,296.3,21.4,D,0
-13.0624,131.0915,326,1,1,2014-06-04,0501,Aqua,MODIS,63,6.2,302.9,13.9,D,0
-12.3171,132.3354,323.1,1.1,1,2014-06-04,0501,Aqua,MODIS,71,6.2,303.3,14,D,0
-12.3186,132.3254,319.2,1.1,1,2014-06-04,0501,Aqua,MODIS,47,6.2,302.8,9.4,D,0
-13.406,132.7975,328.4,1.1,1.1,2014-06-04,0501,Aqua,MODIS,79,6.2,300.1,20.2,D,0
-13.4002,132.8006,326,1.1,1.1,2014-06-04,0501,Aqua,MODIS,77,6.2,303.6,18.9,D,0
-14.0319,130.7461,328.8,1,1,2014-06-04,0501,Aqua,MODIS,65,6.2,307.3,14.1,D,0
-14.0229,130.7448,334.7,1,1,2014-06-04,0501,Aqua,MODIS,84,6.2,305.5,22.9,D,0
-14.0242,130.7355,330,1,1,2014-06-04,0501,Aqua,MODIS,67,6.2,304.8,16.1,D,0
-13.4422,132.6879,323.1,1.1,1.1,2014-06-04,0501,Aqua,MODIS,66,6.2,301.2,12.6,D,0
-13.4516,132.6893,329.2,1.1,1.1,2014-06-04,0501,Aqua,MODIS,72,6.2,304.1,19.6,D,0
-13.45,132.6996,330,1.1,1.1,2014-06-04,0501,Aqua,MODIS,78,6.2,303.9,20.3,D,0
-13.461,132.691,323.5,1.1,1.1,2014-06-04,0501,Aqua,MODIS,52,6.2,304,12.2,D,0
-13.4369,131.6185,323.7,1,1,2014-06-04,0501,Aqua,MODIS,56,6.2,305.2,12.3,D,0
-13.4139,132.8093,327.5,1.1,1.1,2014-06-04,0501,Aqua,MODIS,77,6.2,303.2,19.1,D,0
-12.602,132.1553,323.4,1.1,1,2014-06-04,0501,Aqua,MODIS,73,6.2,302.6,13.5,D,0
-12.6006,132.1651,327.3,1.1,1,2014-06-04,0501,Aqua,MODIS,78,6.2,304,18.2,D,0
-13.5288,131.2417,338.1,1,1,2014-06-04,0501,Aqua,MODIS,78,6.2,304.9,30.4,D,0
-12.6622,132.8423,324.2,1.1,1.1,2014-06-04,0501,Aqua,MODIS,58,6.2,303.7,16.8,D,0
-13.6173,130.6905,350.1,1,1,2014-06-04,0501,Aqua,MODIS,95,6.2,308.9,48.3,D,0
-13.616,130.6997,324,1,1,2014-06-04,0501,Aqua,MODIS,49,6.2,308.5,7.3,D,0
-13.6264,130.6882,327,1,1,2014-06-04,0501,Aqua,MODIS,66,6.2,304.3,13.1,D,0
-13.6251,130.6974,330.6,1,1,2014-06-04,0501,Aqua,MODIS,80,6.2,307,17.5,D,0
-13.5302,131.2324,344.3,1,1,2014-06-04,0501,Aqua,MODIS,86,6.2,302.6,41.2,D,0
-13.2071,132.5387,343.9,1.1,1,2014-06-04,0501,Aqua,MODIS,91,6.2,303.7,44.7,D,0
-13.2526,132.5559,331.7,1.1,1,2014-06-04,0501,Aqua,MODIS,68,6.2,303.8,25.1,D,0
-13.0638,131.0822,331.4,1,1,2014-06-04,0501,Aqua,MODIS,82,6.2,302.5,21.8,D,0
-12.6157,132.605,340.5,1.1,1.1,2014-06-04,0501,Aqua,MODIS,89,6.2,303.8,38.7,D,0
-12.7207,131.4196,320.4,1,1,2014-06-04,0501,Aqua,MODIS,52,6.2,303,8.3,D,0
-12.3274,134.3431,320.7,1.4,1.2,2014-06-04,0501,Aqua,MODIS,67,6.2,300.7,14.8,D,0
-12.6141,132.6152,342.8,1.1,1.1,2014-06-04,0501,Aqua,MODIS,91,6.2,303.8,43.7,D,0
-12.7118,131.5431,324.8,1,1,2014-06-04,0501,Aqua,MODIS,75,6.2,300.4,15,D,0
-12.4999,131.9868,327.3,1.1,1,2014-06-04,0501,Aqua,MODIS,79,6.2,302.5,18.3,D,0
-12.5083,132.2249,319.2,1.1,1,2014-06-04,0501,Aqua,MODIS,23,6.2,296.1,10.4,D,0
-12.4984,131.9965,332.8,1.1,1,2014-06-04,0501,Aqua,MODIS,84,6.2,302.9,26,D,0
-12.3309,134.3492,320.4,1.4,1.2,2014-06-04,0501,Aqua,MODIS,58,6.2,300.7,13.2,D,0
-13.0139,130.7307,345.2,1,1,2014-06-04,0501,Aqua,MODIS,92,6.2,302.8,43.6,D,0
-12.4759,131.0118,329.8,1,1,2014-06-04,0501,Aqua,MODIS,81,6.2,301.8,19.2,D,0
-12.5226,131.8321,324.6,1.1,1,2014-06-04,0501,Aqua,MODIS,76,6.2,302,14.9,D,0
-13.1871,131.0606,329.5,1,1,2014-06-04,0501,Aqua,MODIS,70,6.2,301.3,16.5,D,0
-12.7273,131.8036,330.4,1,1,2014-06-04,0501,Aqua,MODIS,81,6.2,301.9,21.9,D,0
-12.5022,133.4686,317.1,1.2,1.1,2014-06-04,0501,Aqua,MODIS,35,6.2,300,9.7,D,0
-12.5005,132.2135,350.9,1.1,1,2014-06-04,0501,Aqua,MODIS,90,6.2,299.8,63.5,D,0
-12.8044,132.3517,320.4,1.1,1,2014-06-04,0501,Aqua,MODIS,67,6.2,303.2,10.1,D,0
-12.4745,131.021,334,1,1,2014-06-04,0501,Aqua,MODIS,85,6.2,299.7,25,D,0
-12.4671,131.0143,328,1,1,2014-06-04,0501,Aqua,MODIS,79,6.2,302.5,16.9,D,0
-14.028,130.2593,348.1,1,1,2014-06-04,0501,Aqua,MODIS,93,6.2,308.8,46.9,D,0
-14.1894,127.344,324.4,1.3,1.1,2014-06-04,0501,Aqua,MODIS,73,6.2,303.6,18.9,D,0
-13.9187,130.7703,352.9,1,1,2014-06-04,0501,Aqua,MODIS,96,6.2,308.5,57,D,0
-14.0293,130.2501,334.5,1,1,2014-06-04,0501,Aqua,MODIS,70,6.2,306.3,23,D,0
-14.1776,127.3548,318.7,1.3,1.1,2014-06-04,0501,Aqua,MODIS,48,6.2,304.5,10.8,D,0
-14.1879,127.3562,337,1.3,1.1,2014-06-04,0501,Aqua,MODIS,86,6.2,305.3,43.9,D,0
-13.9264,130.7809,320.5,1,1,2014-06-04,0501,Aqua,MODIS,61,6.2,306.6,6.7,D,0
-14.0998,127.3253,321.8,1.3,1.1,2014-06-04,0501,Aqua,MODIS,69,6.2,303,16.6,D,0
-14.1305,127.3295,318.1,1.3,1.1,2014-06-04,0501,Aqua,MODIS,55,6.2,303.5,10,D,0
-14.3121,127.3418,322.2,1.3,1.1,2014-06-04,0501,Aqua,MODIS,31,6.2,306,13.4,D,0
-13.9764,129.9025,323.1,1,1,2014-06-04,0501,Aqua,MODIS,62,6.2,303.7,11.4,D,0
-13.97,129.8824,318,1,1,2014-06-04,0501,Aqua,MODIS,28,6.2,301.8,6.8,D,0
-14.0203,130.2487,325.5,1,1,2014-06-04,0501,Aqua,MODIS,54,6.2,304.5,12.5,D,0
-13.9687,129.8917,335.2,1,1,2014-06-04,0501,Aqua,MODIS,84,6.2,304.1,27,D,0
-13.8098,130.1764,351.6,1,1,2014-06-04,0501,Aqua,MODIS,95,6.2,305.3,56,D,0
-13.8111,130.1671,318,1,1,2014-06-04,0501,Aqua,MODIS,42,6.2,304.3,6.1,D,0
-14.019,130.258,328.6,1,1,2014-06-04,0501,Aqua,MODIS,71,6.2,305.7,15.8,D,0
-14.1408,127.3309,316,1.3,1.1,2014-06-04,0501,Aqua,MODIS,31,6.2,303.2,7.3,D,0
-14.538,127.335,324.6,1.3,1.1,2014-06-04,0501,Aqua,MODIS,66,6.2,306.9,15.3,D,0
-14.2813,127.3375,327.6,1.3,1.1,2014-06-04,0501,Aqua,MODIS,77,6.2,306,24,D,0
-14.2828,127.3253,334.2,1.3,1.1,2014-06-04,0501,Aqua,MODIS,84,6.2,304.8,37.1,D,0
-12.2683,132.179,327.5,1.1,1,2014-06-04,0501,Aqua,MODIS,46,6.2,304,16.3,D,0
-12.259,132.1775,360.7,1.1,1,2014-06-04,0501,Aqua,MODIS,100,6.2,304.4,88.2,D,0
-12.2884,132.172,325.3,1.1,1,2014-06-04,0501,Aqua,MODIS,65,6.2,303.1,14.5,D,0
-12.8871,130.6524,329.3,1,1,2014-06-04,0501,Aqua,MODIS,61,6.2,304.3,18.7,D,0
-14.6261,125.8419,316.9,1.7,1.3,2014-06-04,0501,Aqua,MODIS,47,6.2,303.2,12.5,D,0
-12.8884,130.6432,328.1,1,1,2014-06-04,0501,Aqua,MODIS,77,6.2,302.6,17.1,D,0
-14.6275,125.8534,316.4,1.7,1.3,2014-06-04,0501,Aqua,MODIS,52,6.2,302.5,12.3,D,0
-11.3932,130.4221,319.1,1,1,2014-06-04,0501,Aqua,MODIS,53,6.2,301,9.9,D,0
-14.1795,130.1615,325.6,1,1,2014-06-04,0501,Aqua,MODIS,44,6.2,301.5,10.8,D,0
-11.6315,130.6158,318.3,1,1,2014-06-04,0501,Aqua,MODIS,64,6.2,302,8.4,D,0
-11.6302,130.6249,314.4,1,1,2014-06-04,0501,Aqua,MODIS,28,6.2,300.7,4.8,D,0
-11.6391,130.6263,317.7,1,1,2014-06-04,0501,Aqua,MODIS,30,6.2,302,7.4,D,0
-14.1964,130.107,339.2,1,1,2014-06-04,0501,Aqua,MODIS,66,6.2,302.6,31.2,D,0
-12.8821,130.6235,335.9,1,1,2014-06-04,0501,Aqua,MODIS,86,6.2,298,28.3,D,0
-14.0473,130.2528,331.3,1,1,2014-06-04,0501,Aqua,MODIS,49,6.2,308.5,19.1,D,0
-12.8897,130.6341,324.6,1,1,2014-06-04,0501,Aqua,MODIS,63,6.2,301.6,13.8,D,0
-14.1769,130.1802,330.4,1,1,2014-06-04,0501,Aqua,MODIS,59,6.2,301.6,15.1,D,0
-14.1091,130.2014,318,1,1,2014-06-04,0501,Aqua,MODIS,32,6.2,304.3,5.5,D,0
-34.7099,118.2013,326.6,1.9,1.4,2014-06-04,0633,Aqua,MODIS,84,6.2,289.3,65.4,D,0
-34.7056,118.2222,336.5,1.9,1.4,2014-06-04,0633,Aqua,MODIS,90,6.2,290.8,100.6,D,0
-34.8166,117.653,303,1.8,1.3,2014-06-04,0633,Aqua,MODIS,54,6.2,287.7,13.3,D,0
-34.6792,117.2797,319.5,1.7,1.3,2014-06-04,0633,Aqua,MODIS,79,6.2,287.4,40.4,D,0
-34.7002,118.2373,304,2,1.4,2014-06-04,0633,Aqua,MODIS,45,6.2,289.2,13.3,D,0
-34.7044,118.2163,342,1.9,1.4,2014-06-04,0633,Aqua,MODIS,93,6.2,291.3,124.3,D,0
-34.7087,118.1953,312.9,1.9,1.4,2014-06-04,0633,Aqua,MODIS,73,6.2,288.8,30.3,D,0
-34.8094,117.6564,303.8,1.8,1.3,2014-06-04,0633,Aqua,MODIS,57,6.2,287.6,14.1,D,0
-31.5059,116.514,319.1,1.8,1.3,2014-06-04,0634,Aqua,MODIS,77,6.2,294.2,35.8,D,0
-31.4987,116.5177,327.9,1.8,1.3,2014-06-04,0634,Aqua,MODIS,84,6.2,294,57.3,D,0
-32.4778,116.0349,309.6,1.6,1.2,2014-06-04,0634,Aqua,MODIS,68,6.2,289.6,17.3,D,0
-31.5024,116.5324,314.2,1.8,1.3,2014-06-04,0634,Aqua,MODIS,71,6.2,294,25.6,D,0
-31.3712,116.4706,312,1.8,1.3,2014-06-04,0634,Aqua,MODIS,68,6.2,293.4,21.3,D,0
-33.8468,118.3066,314.2,2.1,1.4,2014-06-04,0634,Aqua,MODIS,74,6.2,287.5,36,D,0
-33.9911,116.7451,314.3,1.6,1.3,2014-06-04,0634,Aqua,MODIS,53,6.2,286.1,26.5,D,0
-33.1358,117.1435,301.8,1.8,1.3,2014-06-04,0634,Aqua,MODIS,43,6.2,287.1,10.3,D,0
-33.8471,118.3143,306.6,2.1,1.4,2014-06-04,0634,Aqua,MODIS,64,6.2,288.1,19.4,D,0
-33.5357,118.004,323.2,2,1.4,2014-06-04,0634,Aqua,MODIS,82,6.2,292.7,55.2,D,0
-33.8517,118.2924,305,2.1,1.4,2014-06-04,0634,Aqua,MODIS,60,6.2,285.9,16.5,D,0
-33.9877,116.7626,311.3,1.6,1.3,2014-06-04,0634,Aqua,MODIS,41,6.2,281.3,21.6,D,0
-33.5416,117.9905,306.8,2,1.4,2014-06-04,0634,Aqua,MODIS,64,6.2,291.6,16,D,0
-33.5372,118.0117,316.7,2,1.4,2014-06-04,0634,Aqua,MODIS,77,6.2,292.2,36.9,D,0
-32.849,116.4566,302.3,1.7,1.3,2014-06-04,0634,Aqua,MODIS,48,6.2,287.4,8.9,D,0
-30.6271,116.2561,312.7,1.8,1.3,2014-06-04,0635,Aqua,MODIS,69,6.2,296.5,21.6,D,0
-28.9602,115.1313,329.3,1.7,1.3,2014-06-04,0635,Aqua,MODIS,84,6.2,300.2,50,D,0
-28.9262,115.123,322.8,1.7,1.3,2014-06-04,0635,Aqua,MODIS,79,6.2,299.6,32.2,D,0
-28.9231,115.1398,317.3,1.7,1.3,2014-06-04,0635,Aqua,MODIS,73,6.2,301.3,20.2,D,0
-28.957,115.1483,310.6,1.7,1.3,2014-06-04,0635,Aqua,MODIS,57,6.2,300.5,10.9,D,0
-30.6314,116.2626,311.9,1.8,1.3,2014-06-04,0635,Aqua,MODIS,68,6.2,296,20,D,0
-29.7518,115.6619,323.8,1.7,1.3,2014-06-04,0635,Aqua,MODIS,80,6.2,297.6,39.8,D,0
-27.2329,150.8547,301,1,1,2014-06-04,1243,Terra,MODIS,36,6.2,282.7,7.3,N,0
-25.8052,152.6444,304.4,1.1,1,2014-06-04,1244,Terra,MODIS,60,6.2,287.2,8.7,N,0
-26.7925,150.2016,309.1,1,1,2014-06-04,1244,Terra,MODIS,76,6.2,284.3,11.8,N,0
-25.9793,153.0431,302.7,1.1,1.1,2014-06-04,1244,Terra,MODIS,50,6.2,288.2,7.2,N,0
-22.2722,148.9613,324.8,1,1,2014-06-04,1245,Terra,MODIS,100,6.2,288.2,24.9,N,0
-16.4704,125.2697,310.6,1.1,1,2014-06-04,1425,Terra,MODIS,81,6.2,293.9,10.1,N,0
-16.4575,124.4245,304.7,1,1,2014-06-04,1425,Terra,MODIS,61,6.2,294.5,4.9,N,0
-16.2182,128.3913,303.6,1.6,1.3,2014-06-04,1425,Terra,MODIS,56,6.2,293.1,9.2,N,0
-16.4626,125.2581,307.1,1.1,1,2014-06-04,1425,Terra,MODIS,70,6.2,292.8,7.8,N,0
-15.8061,127.4773,308.7,1.4,1.2,2014-06-04,1425,Terra,MODIS,75,6.2,291.6,15.1,N,0
-16.4519,124.4624,310.2,1,1,2014-06-04,1425,Terra,MODIS,79,6.2,295.5,8.2,N,0
-16.8023,125.1961,314.7,1.1,1,2014-06-04,1425,Terra,MODIS,90,6.2,289.3,15.3,N,0
-17.2755,126.558,301.9,1.2,1.1,2014-06-04,1425,Terra,MODIS,45,6.2,289.9,6.2,N,0
-16.4892,128.2885,303.2,1.6,1.2,2014-06-04,1425,Terra,MODIS,34,6.2,293,7.6,N,0
-16.4896,128.2821,304.8,1.6,1.2,2014-06-04,1425,Terra,MODIS,39,6.2,292.9,9.2,N,0
-16.5448,127.0988,308,1.3,1.1,2014-06-04,1425,Terra,MODIS,73,6.2,291.3,14.1,N,0
-16.4192,128.3613,308.2,1.6,1.2,2014-06-04,1425,Terra,MODIS,74,6.2,293.3,15,N,0
-15.899,126.0623,305.6,1.2,1.1,2014-06-04,1425,Terra,MODIS,65,6.2,292.2,8.9,N,0
-13.8458,130.0245,304.4,2.4,1.5,2014-06-04,1426,Terra,MODIS,60,6.2,293.3,20.3,N,0
-14.0004,130.7153,307.3,2.7,1.6,2014-06-04,1426,Terra,MODIS,71,6.2,293.9,24.7,N,0
-14.0143,130.7186,305.1,2.7,1.6,2014-06-04,1426,Terra,MODIS,59,6.2,293.9,19.2,N,0
-12.8689,131.5566,303.3,3.3,1.7,2014-06-04,1426,Terra,MODIS,55,6.2,292.3,23.1,N,0
-12.8674,130.6365,308.6,2.8,1.6,2014-06-04,1426,Terra,MODIS,75,6.2,292.4,34.9,N,0
-14.2113,130.1169,303.5,2.4,1.5,2014-06-04,1426,Terra,MODIS,51,6.2,293.4,13.9,N,0
-13.2817,142.7324,304.6,1.1,1,2014-06-04,1551,Aqua,MODIS,61,6.2,290.4,5.9,N,0
-13.5799,142.7556,300.4,1.1,1,2014-06-04,1551,Aqua,MODIS,27,6.2,290.2,3.2,N,0
-16.9568,122.5251,306.8,1.4,1.2,2014-06-04,1730,Aqua,MODIS,69,6.2,290.6,12.3,N,0
-20.4373,118.9505,307.7,1,1,2014-06-04,1732,Aqua,MODIS,66,6.2,290.6,8.9,N,0
-20.4387,118.9603,303.7,1,1,2014-06-04,1732,Aqua,MODIS,30,6.2,289.7,6.4,N,0
-20.445,118.9526,300.1,1,1,2014-06-04,1732,Aqua,MODIS,17,6.2,289.5,4.9,N,0
-20.4464,118.9624,302.2,1,1,2014-06-04,1732,Aqua,MODIS,34,6.2,289.3,5.7,N,0
-20.4724,118.9483,314.5,1,1,2014-06-04,1732,Aqua,MODIS,89,6.2,289.9,14.4,N,0
-21.3479,119.2993,308.2,1.1,1,2014-06-04,1732,Aqua,MODIS,74,6.2,288,10,N,0
-21.3238,119.2612,319.1,1.1,1,2014-06-04,1732,Aqua,MODIS,98,6.2,290.6,19.2,N,0
-20.4317,118.9113,328,1,1,2014-06-04,1732,Aqua,MODIS,100,6.2,291.6,28.3,N,0
-20.4331,118.9211,319.3,1,1,2014-06-04,1732,Aqua,MODIS,98,6.2,291.1,18.3,N,0
-20.4345,118.9309,326.3,1,1,2014-06-04,1732,Aqua,MODIS,100,6.2,291.4,25.9,N,0
-20.4359,118.9407,316.7,1,1,2014-06-04,1732,Aqua,MODIS,94,6.2,291.1,15.9,N,0
-20.4683,118.9189,300.3,1,1,2014-06-04,1732,Aqua,MODIS,8,6.2,290.3,4.4,N,0
-20.4303,118.9015,305.9,1,1,2014-06-04,1732,Aqua,MODIS,66,6.2,290.9,7.9,N,0
-13.0518,131.5396,317.2,1.7,1.3,2014-06-05,0116,Terra,MODIS,49,6.2,302.7,12.3,D,0
-12.8344,134.2312,315.8,1.1,1.1,2014-06-05,0116,Terra,MODIS,63,6.2,300.2,7.9,D,0
-12.4802,141.8731,312.3,1.8,1.3,2014-06-05,0116,Terra,MODIS,50,6.2,289.7,17.1,D,0
-12.4919,141.8717,315.8,1.8,1.3,2014-06-05,0116,Terra,MODIS,74,6.2,290.8,23.5,D,0
-12.494,141.8878,310.9,1.8,1.3,2014-06-05,0116,Terra,MODIS,42,6.2,290.9,13.6,D,0
-11.5809,132.7636,313.7,1.4,1.2,2014-06-05,0116,Terra,MODIS,61,6.2,297.8,9.3,D,0
-12.2372,132.1781,320.3,1.6,1.2,2014-06-05,0116,Terra,MODIS,61,6.2,298.4,19.4,D,0
-12.1364,133.1794,323.8,1.3,1.1,2014-06-05,0116,Terra,MODIS,75,6.2,299.6,20,D,0
-13.0157,134.2751,315.8,1.1,1.1,2014-06-05,0116,Terra,MODIS,63,6.2,299.3,8.7,D,0
-13.0557,131.0668,320.5,1.8,1.3,2014-06-05,0116,Terra,MODIS,67,6.2,300.2,23.4,D,0
-13.1821,131.0829,328,1.8,1.3,2014-06-05,0116,Terra,MODIS,80,6.2,302.3,40.1,D,0
-12.5007,133.4669,318.5,1.3,1.1,2014-06-05,0116,Terra,MODIS,68,6.2,300.7,10.9,D,0
-13.0357,133.3535,316.9,1.3,1.1,2014-06-05,0116,Terra,MODIS,59,6.2,301.1,9.6,D,0
-12.5899,132.8707,316.6,1.4,1.2,2014-06-05,0116,Terra,MODIS,64,6.2,300.3,10.9,D,0
-12.9978,130.9391,321.7,1.9,1.3,2014-06-05,0116,Terra,MODIS,71,6.2,301.6,28.7,D,0
-13.0539,131.5452,318.8,1.7,1.3,2014-06-05,0116,Terra,MODIS,55,6.2,302.2,14.7,D,0
-12.995,130.922,322.2,1.9,1.3,2014-06-05,0116,Terra,MODIS,72,6.2,300.8,29.9,D,0
-13.8511,142.859,307.9,2.2,1.4,2014-06-05,0116,Terra,MODIS,56,6.2,290.2,13.4,D,0
-13.0237,134.2354,318,1.1,1.1,2014-06-05,0116,Terra,MODIS,66,6.2,299.6,10.5,D,0
-13.1652,134.2386,313,1.1,1.1,2014-06-05,0116,Terra,MODIS,53,6.2,299.5,5.4,D,0
-13.0644,131.0756,321.9,1.8,1.3,2014-06-05,0116,Terra,MODIS,55,6.2,300.8,25.3,D,0
-13.1793,131.0663,332.2,1.8,1.3,2014-06-05,0116,Terra,MODIS,84,6.2,303.3,52.7,D,0
-14.4765,143.0842,306.9,2.3,1.5,2014-06-05,0116,Terra,MODIS,46,6.2,288.1,17.3,D,0
-13.0585,131.0834,317.3,1.8,1.3,2014-06-05,0116,Terra,MODIS,39,6.2,300.9,16.2,D,0
-12.9219,134.2642,312.2,1.1,1.1,2014-06-05,0116,Terra,MODIS,49,6.2,299.7,5.4,D,0
-13.7802,132.1843,333.3,1.5,1.2,2014-06-05,0116,Terra,MODIS,85,6.2,303.5,43,D,0
-13.4716,131.2288,316.2,1.7,1.3,2014-06-05,0116,Terra,MODIS,54,6.2,301.8,13.8,D,0
-13.0786,132.1792,324.1,1.5,1.2,2014-06-05,0116,Terra,MODIS,49,6.2,302.5,20.9,D,0
-13.0643,132.5177,314.1,1.4,1.2,2014-06-05,0116,Terra,MODIS,54,6.2,300.3,8.9,D,0
-13.1798,131.8231,317.8,1.6,1.2,2014-06-05,0116,Terra,MODIS,61,6.2,302.1,13.9,D,0
-13.0262,132.0811,316.5,1.5,1.2,2014-06-05,0116,Terra,MODIS,52,6.2,300.9,10.2,D,0
-13.9543,136.4632,316.2,1,1,2014-06-05,0116,Terra,MODIS,67,6.2,300.9,6.6,D,0
-13.1171,132.5423,315.6,1.4,1.2,2014-06-05,0116,Terra,MODIS,37,6.2,300.3,7.5,D,0
-13.9307,133.577,313.6,1.2,1.1,2014-06-05,0116,Terra,MODIS,50,6.2,300.6,6.1,D,0
-13.5414,132.6169,327.3,1.4,1.2,2014-06-05,0116,Terra,MODIS,79,6.2,302.2,25.6,D,0
-13.5331,132.6313,320,1.4,1.2,2014-06-05,0116,Terra,MODIS,55,6.2,303,14.4,D,0
-12.994,132.1579,358.3,1.5,1.2,2014-06-05,0116,Terra,MODIS,99,6.2,302.5,134.1,D,0
-12.9963,132.1717,331.4,1.5,1.2,2014-06-05,0116,Terra,MODIS,83,6.2,301.7,39.9,D,0
-12.969,132.4994,323.5,1.4,1.2,2014-06-05,0116,Terra,MODIS,75,6.2,300.4,23.5,D,0
-13.423,131.6208,324.5,1.6,1.3,2014-06-05,0116,Terra,MODIS,57,6.2,301.4,25.5,D,0
-12.9712,132.5125,316,1.4,1.2,2014-06-05,0116,Terra,MODIS,62,6.2,300.5,11.2,D,0
-13.0636,132.1743,324.8,1.5,1.2,2014-06-05,0116,Terra,MODIS,38,6.2,301.5,22.9,D,0
-13.8823,133.7741,324.8,1.2,1.1,2014-06-05,0116,Terra,MODIS,76,6.2,301.5,18.2,D,0
-13.6977,132.1766,351,1.5,1.2,2014-06-05,0116,Terra,MODIS,95,6.2,304.1,95.4,D,0
-13.4239,131.6267,320.5,1.6,1.3,2014-06-05,0116,Terra,MODIS,64,6.2,301.1,19.2,D,0
-13.8806,133.7634,323.1,1.2,1.1,2014-06-05,0116,Terra,MODIS,74,6.2,302.3,15.6,D,0
-13.7823,132.1976,321.1,1.5,1.2,2014-06-05,0116,Terra,MODIS,71,6.2,303,17.1,D,0
-13.4777,132.726,313.3,1.4,1.2,2014-06-05,0116,Terra,MODIS,34,6.2,299.7,7,D,0
-13.4378,131.5722,316.5,1.6,1.3,2014-06-05,0116,Terra,MODIS,36,6.2,302.7,11.1,D,0
-13.4403,131.5872,318.8,1.6,1.3,2014-06-05,0116,Terra,MODIS,29,6.2,301.9,13.7,D,0
-12.2984,132.4789,322.7,1.5,1.2,2014-06-05,0116,Terra,MODIS,54,6.2,300.3,21.4,D,0
-14.0005,136.4656,320.4,1,1,2014-06-05,0116,Terra,MODIS,73,6.2,299.5,11.6,D,0
-13.0476,133.3636,327.1,1.3,1.1,2014-06-05,0116,Terra,MODIS,79,6.2,300.4,23,D,0
-13.5104,131.318,316,1.7,1.3,2014-06-05,0116,Terra,MODIS,35,6.2,302.5,11.4,D,0
-13.2895,132.833,317.4,1.3,1.2,2014-06-05,0116,Terra,MODIS,56,6.2,300.2,11.4,D,0
-13.1092,132.2301,315.4,1.5,1.2,2014-06-05,0116,Terra,MODIS,58,6.2,300.9,10.9,D,0
-13.107,132.2166,315.4,1.5,1.2,2014-06-05,0116,Terra,MODIS,48,6.2,301.3,10.2,D,0
-13.0957,132.1481,320.3,1.5,1.2,2014-06-05,0116,Terra,MODIS,60,6.2,301.7,17.1,D,0
-13.4499,131.2235,316.8,1.7,1.3,2014-06-05,0116,Terra,MODIS,56,6.2,301.1,14,D,0
-12.1642,133.0234,321.6,1.4,1.2,2014-06-05,0116,Terra,MODIS,73,6.2,299.2,18.6,D,0
-12.5879,132.8582,322.4,1.4,1.2,2014-06-05,0116,Terra,MODIS,74,6.2,301,19.7,D,0
-13.7137,132.1816,322.1,1.5,1.2,2014-06-05,0116,Terra,MODIS,54,6.2,304.2,16.3,D,0
-13.716,132.195,342.3,1.5,1.2,2014-06-05,0116,Terra,MODIS,91,6.2,303.6,65.6,D,0
-13.7127,132.2016,331.4,1.5,1.2,2014-06-05,0116,Terra,MODIS,83,6.2,302.2,36.1,D,0
-13.7105,132.1882,345.6,1.5,1.2,2014-06-05,0116,Terra,MODIS,93,6.2,304.2,74.8,D,0
-13.703,132.1834,327.1,1.5,1.2,2014-06-05,0116,Terra,MODIS,79,6.2,303.4,25.9,D,0
-13.6998,132.19,326.4,1.5,1.2,2014-06-05,0116,Terra,MODIS,78,6.2,302.3,25.7,D,0
-15.2588,129.9312,312,2,1.4,2014-06-05,0117,Terra,MODIS,38,6.2,300.6,14,D,0
-15.2472,130.0835,319.5,1.9,1.4,2014-06-05,0117,Terra,MODIS,71,6.2,300.2,29.2,D,0
-16.4922,127.8596,312.8,2.7,1.6,2014-06-05,0117,Terra,MODIS,63,6.2,298.5,29.2,D,0
-14.8512,130.1442,316.9,2,1.4,2014-06-05,0117,Terra,MODIS,37,6.2,299.8,17.9,D,0
-14.6033,129.9429,318,2.1,1.4,2014-06-05,0117,Terra,MODIS,69,6.2,299.8,25.4,D,0
-16.6484,127.5513,316,2.8,1.6,2014-06-05,0117,Terra,MODIS,69,6.2,297.8,39.4,D,0
-15.3108,129.9919,325.8,2,1.4,2014-06-05,0117,Terra,MODIS,79,6.2,299.5,46.3,D,0
-15.3654,129.9932,322.6,2,1.4,2014-06-05,0117,Terra,MODIS,76,6.2,300.7,37,D,0
-15.2166,130.2241,314,1.9,1.3,2014-06-05,0117,Terra,MODIS,57,6.2,299.9,17.4,D,0
-15.2196,130.2418,312.1,1.9,1.3,2014-06-05,0117,Terra,MODIS,32,6.2,300.7,13.8,D,0
-15.2317,130.2399,313.9,1.9,1.3,2014-06-05,0117,Terra,MODIS,52,6.2,299.5,16.8,D,0
-14.6043,129.9365,322.3,2.1,1.4,2014-06-05,0117,Terra,MODIS,75,6.2,300.6,35.8,D,0
-16.6342,127.5547,312.6,2.8,1.6,2014-06-05,0117,Terra,MODIS,50,6.2,296.8,27.3,D,0
-15.2238,130.2351,321.3,1.9,1.3,2014-06-05,0117,Terra,MODIS,74,6.2,300.8,35,D,0
-15.3749,129.9976,321.5,2,1.4,2014-06-05,0117,Terra,MODIS,73,6.2,299.8,33.3,D,0
-15.4029,130.1336,328.9,1.9,1.4,2014-06-05,0117,Terra,MODIS,0,6.2,302.8,56.5,D,0
-15.0928,129.874,347.8,2,1.4,2014-06-05,0117,Terra,MODIS,94,6.2,300.9,140.3,D,0
-15.1362,129.9026,328.9,2,1.4,2014-06-05,0117,Terra,MODIS,52,6.2,300.5,53.6,D,0
-14.6509,129.9083,314.5,2.1,1.4,2014-06-05,0117,Terra,MODIS,55,6.2,301.3,15.8,D,0
-15.378,130.0161,319.7,2,1.4,2014-06-05,0117,Terra,MODIS,62,6.2,300,27.3,D,0
-15.0249,130.3257,315.1,1.9,1.3,2014-06-05,0117,Terra,MODIS,58,6.2,299.5,17.4,D,0
-15.3682,130.5745,325.5,1.8,1.3,2014-06-05,0117,Terra,MODIS,73,6.2,300.8,34.2,D,0
-15.3628,130.5686,328.2,1.8,1.3,2014-06-05,0117,Terra,MODIS,81,6.2,302,42.5,D,0
-15.028,130.3435,320.1,1.9,1.3,2014-06-05,0117,Terra,MODIS,67,6.2,299.7,27.2,D,0
-13.9942,130.6941,322.5,1.9,1.3,2014-06-05,0117,Terra,MODIS,63,6.2,300.9,29.3,D,0
-15.1614,129.9753,325.6,2,1.4,2014-06-05,0117,Terra,MODIS,79,6.2,301.5,45.7,D,0
-15.24,127.9005,318.4,2.8,1.6,2014-06-05,0117,Terra,MODIS,49,6.2,298.9,43.5,D,0
-15.1739,129.9739,344.2,2,1.4,2014-06-05,0117,Terra,MODIS,92,6.2,299.8,118.7,D,0
-15.1768,129.9909,352.8,2,1.4,2014-06-05,0117,Terra,MODIS,96,6.2,302.2,166.1,D,0
-15.1638,129.9691,334,2,1.4,2014-06-05,0117,Terra,MODIS,86,6.2,300.8,73.2,D,0
-15.1669,129.9866,334.4,2,1.4,2014-06-05,0117,Terra,MODIS,86,6.2,302.4,74.2,D,0
-15.1794,129.9852,337,2,1.4,2014-06-05,0117,Terra,MODIS,88,6.2,300,84.8,D,0
-15.2354,127.8751,315.2,2.9,1.6,2014-06-05,0117,Terra,MODIS,42,6.2,298.5,29.8,D,0
-15.0488,130.3933,314.5,1.9,1.3,2014-06-05,0117,Terra,MODIS,39,6.2,300.7,15,D,0
-15.0537,130.3867,320.4,1.9,1.3,2014-06-05,0117,Terra,MODIS,51,6.2,300.6,26.7,D,0
-15.2208,127.8772,321.6,2.9,1.6,2014-06-05,0117,Terra,MODIS,59,6.2,299.7,56,D,0
-15.3171,130.2728,314.9,1.9,1.3,2014-06-05,0117,Terra,MODIS,62,6.2,298.8,19.1,D,0
-15.3094,130.2673,310.7,1.9,1.3,2014-06-05,0117,Terra,MODIS,30,6.2,299.3,11,D,0
-15.3125,130.2848,313.6,1.9,1.3,2014-06-05,0117,Terra,MODIS,59,6.2,300.2,17.1,D,0
-15.1858,130.021,315.9,2,1.4,2014-06-05,0117,Terra,MODIS,29,6.2,300.5,19.6,D,0
-15.1953,130.0255,315.7,2,1.4,2014-06-05,0117,Terra,MODIS,45,6.2,299.8,19.5,D,0
-15.2985,130.4507,322.8,1.8,1.3,2014-06-05,0117,Terra,MODIS,75,6.2,300.4,31.4,D,0
-14.9722,129.9458,328.9,2,1.4,2014-06-05,0117,Terra,MODIS,30,6.2,301,50.6,D,0
-14.997,129.9417,321.3,2,1.4,2014-06-05,0117,Terra,MODIS,70,6.2,300.4,33.2,D,0
-15.2872,130.2426,316.6,1.9,1.3,2014-06-05,0117,Terra,MODIS,37,6.2,300.1,20.9,D,0
-14.9474,129.9504,342.3,2,1.4,2014-06-05,0117,Terra,MODIS,91,6.2,302.4,106.3,D,0
-14.9567,129.9299,316.2,2,1.4,2014-06-05,0117,Terra,MODIS,36,6.2,299.8,19.3,D,0
-15.0204,129.9131,320.5,2,1.4,2014-06-05,0117,Terra,MODIS,73,6.2,299,34.6,D,0
-15.1808,129.8496,317.2,2,1.4,2014-06-05,0117,Terra,MODIS,27,6.2,300.5,22.1,D,0
-13.9972,130.7118,328.8,1.8,1.3,2014-06-05,0117,Terra,MODIS,81,6.2,302.2,47.1,D,0
-14.0091,130.7095,320.4,1.8,1.3,2014-06-05,0117,Terra,MODIS,47,6.2,300,23.7,D,0
-15.0236,129.9315,320,2,1.4,2014-06-05,0117,Terra,MODIS,72,6.2,299.6,31.7,D,0
-14.9576,130.0812,334.8,2,1.4,2014-06-05,0117,Terra,MODIS,86,6.2,301.1,77.8,D,0
-14.9543,130.0627,370.6,2,1.4,2014-06-05,0117,Terra,MODIS,100,6.2,303.9,302.2,D,0
-14.9201,130.0125,323.4,2,1.4,2014-06-05,0117,Terra,MODIS,53,6.2,301.3,36.3,D,0
-15.1428,129.9409,320.8,2,1.4,2014-06-05,0117,Terra,MODIS,73,6.2,299.4,33.8,D,0
-15.1396,129.9223,321.3,2,1.4,2014-06-05,0117,Terra,MODIS,44,6.2,299.3,31.8,D,0
-15.0998,129.986,325.2,2,1.4,2014-06-05,0117,Terra,MODIS,52,6.2,300,43.2,D,0
-15.0966,129.9677,339.8,2,1.4,2014-06-05,0117,Terra,MODIS,90,6.2,301,96.7,D,0
-15.0933,129.9494,353.1,2,1.4,2014-06-05,0117,Terra,MODIS,97,6.2,301.8,172,D,0
-14.9117,130.1078,320.3,2,1.4,2014-06-05,0117,Terra,MODIS,45,6.2,300.5,27.8,D,0
-15.0948,129.9748,337.3,2,1.4,2014-06-05,0117,Terra,MODIS,88,6.2,300.6,87,D,0
-14.9061,130.0971,318.6,2,1.4,2014-06-05,0117,Terra,MODIS,37,6.2,300.2,23.4,D,0
-15.068,129.8787,342.7,2,1.4,2014-06-05,0117,Terra,MODIS,91,6.2,300.9,119.5,D,0
-14.897,130.1174,330.4,2,1.4,2014-06-05,0117,Terra,MODIS,67,6.2,301,54.1,D,0
-14.9324,130.0102,351.3,2,1.4,2014-06-05,0117,Terra,MODIS,96,6.2,302.1,154.2,D,0
-14.9929,129.9744,362.9,2,1.4,2014-06-05,0117,Terra,MODIS,100,6.2,303.1,238.5,D,0
-14.9839,129.9949,334.6,2,1.4,2014-06-05,0117,Terra,MODIS,51,6.2,301.4,65.4,D,0
-14.9571,130.006,326.2,2,1.4,2014-06-05,0117,Terra,MODIS,42,6.2,300.7,41.1,D,0
-14.9806,129.9765,339.2,2,1.4,2014-06-05,0117,Terra,MODIS,89,6.2,301.7,92.3,D,0
-15.0885,129.9377,354.5,2,1.4,2014-06-05,0117,Terra,MODIS,97,6.2,300.8,177.9,D,0
-14.9785,129.9828,348.6,2,1.4,2014-06-05,0117,Terra,MODIS,94,6.2,302.2,135.4,D,0
-15.0916,129.9564,362.7,2,1.4,2014-06-05,0117,Terra,MODIS,100,6.2,303,240.3,D,0
-14.9909,129.9806,365,2,1.4,2014-06-05,0117,Terra,MODIS,100,6.2,303.9,252,D,0
-15.6013,130.4621,315.2,1.8,1.3,2014-06-05,0117,Terra,MODIS,53,6.2,301.6,15.1,D,0
-15.0876,129.9887,318.7,2,1.4,2014-06-05,0117,Terra,MODIS,70,6.2,299.7,27.5,D,0
-15.0111,129.9333,327.5,2,1.4,2014-06-05,0117,Terra,MODIS,55,6.2,301.3,49.2,D,0
-15.3139,130.0097,333.6,2,1.4,2014-06-05,0117,Terra,MODIS,86,6.2,300,72.7,D,0
-14.9739,129.9396,326.9,2,1.4,2014-06-05,0117,Terra,MODIS,58,6.2,300.9,46.8,D,0
-15.0079,129.9151,337.1,2,1.4,2014-06-05,0117,Terra,MODIS,88,6.2,300.9,88,D,0
-15.326,130.0069,324.6,2,1.4,2014-06-05,0117,Terra,MODIS,78,6.2,301,44,D,0
-15.3686,130.0116,321.7,2,1.4,2014-06-05,0117,Terra,MODIS,70,6.2,302,34.1,D,0
-15.03,129.9679,326,2,1.4,2014-06-05,0117,Terra,MODIS,47,6.2,300.4,41.9,D,0
-15.0546,129.9633,331.6,2,1.4,2014-06-05,0117,Terra,MODIS,70,6.2,300.4,60,D,0
-15.067,129.9608,343.7,2,1.4,2014-06-05,0117,Terra,MODIS,92,6.2,300.9,117.1,D,0
-14.9955,129.9171,326.7,2,1.4,2014-06-05,0117,Terra,MODIS,70,6.2,300.2,47.8,D,0
-14.9988,129.9355,331.6,2,1.4,2014-06-05,0117,Terra,MODIS,79,6.2,301.4,63.6,D,0
-15.2841,130.2248,325.2,1.9,1.3,2014-06-05,0117,Terra,MODIS,78,6.2,299.8,45.5,D,0
-15.0668,129.8859,348.8,2,1.4,2014-06-05,0117,Terra,MODIS,95,6.2,301.3,153.3,D,0
-15.0701,129.9048,315,2,1.4,2014-06-05,0117,Terra,MODIS,20,6.2,298.2,19.3,D,0
-15.0761,129.9398,389.5,2,1.4,2014-06-05,0117,Terra,MODIS,100,6.2,304.8,523.5,D,0
-15.1841,129.8684,320.2,2,1.4,2014-06-05,0117,Terra,MODIS,39,6.2,300.5,29.2,D,0
-15.2483,129.9262,312.6,2,1.4,2014-06-05,0117,Terra,MODIS,29,6.2,301,14.3,D,0
-15.0793,129.9585,390.5,2,1.4,2014-06-05,0117,Terra,MODIS,100,6.2,306,535.2,D,0
-15.0793,129.8838,344.7,2,1.4,2014-06-05,0117,Terra,MODIS,92,6.2,300.3,128.3,D,0
-15.0686,129.9534,346.4,2,1.4,2014-06-05,0117,Terra,MODIS,93,6.2,302.6,128.9,D,0
-15.0714,129.8978,333.5,2,1.4,2014-06-05,0117,Terra,MODIS,85,6.2,299.7,75.1,D,0
-15.0776,129.9328,353.1,2,1.4,2014-06-05,0117,Terra,MODIS,97,6.2,300.7,169.1,D,0
-14.9939,129.9235,331.9,2,1.4,2014-06-05,0117,Terra,MODIS,84,6.2,300.7,69.2,D,0
-14.9878,129.9623,343.4,2,1.4,2014-06-05,0117,Terra,MODIS,92,6.2,300.8,105.3,D,0
-15.0809,129.9511,407.1,2,1.4,2014-06-05,0117,Terra,MODIS,100,6.2,309.1,803.4,D,0
-15.2106,130.1151,311.1,1.9,1.4,2014-06-05,0117,Terra,MODIS,44,6.2,299.2,12.8,D,0
-16.5512,127.6039,324.9,2.8,1.6,2014-06-05,0117,Terra,MODIS,80,6.2,297.3,81,D,0
-14.8538,127.2159,313,3.3,1.7,2014-06-05,0117,Terra,MODIS,61,6.2,298.2,37.9,D,0
-14.85,127.2105,312.6,3.3,1.7,2014-06-05,0117,Terra,MODIS,59,6.2,298,35.8,D,0
-14.9789,130.0587,335,2,1.4,2014-06-05,0117,Terra,MODIS,87,6.2,300.2,76.7,D,0
-14.988,130.0378,328.5,2,1.4,2014-06-05,0117,Terra,MODIS,23,6.2,300,47.5,D,0
-15.36,130.3445,312.6,1.9,1.3,2014-06-05,0117,Terra,MODIS,55,6.2,300.5,12.1,D,0
-14.9937,130.0496,326.2,2,1.4,2014-06-05,0117,Terra,MODIS,48,6.2,299.6,43.4,D,0
-14.3455,127.5356,313.4,3.2,1.7,2014-06-05,0117,Terra,MODIS,60,6.2,297.1,34.5,D,0
-16.5335,126.6231,316.3,3.3,1.7,2014-06-05,0117,Terra,MODIS,70,6.2,296.5,59.2,D,0
-13.8559,130.0317,314.2,2.1,1.4,2014-06-05,0117,Terra,MODIS,56,6.2,300.5,20.2,D,0
-15.1093,130.7014,325.5,1.8,1.3,2014-06-05,0117,Terra,MODIS,73,6.2,303.4,34,D,0
-15.1139,130.7065,323.4,1.8,1.3,2014-06-05,0117,Terra,MODIS,76,6.2,302.6,31.8,D,0
-15.1112,130.6902,324.9,1.8,1.3,2014-06-05,0117,Terra,MODIS,78,6.2,302.5,33.8,D,0
-16.4604,127.871,317.1,2.7,1.6,2014-06-05,0117,Terra,MODIS,70,6.2,298.5,44.8,D,0
-15.1299,127.3862,320.4,3.1,1.7,2014-06-05,0117,Terra,MODIS,74,6.2,297.7,64.2,D,0
-15.1352,127.4148,328.3,3.1,1.7,2014-06-05,0117,Terra,MODIS,82,6.2,298.6,109.7,D,0
-13.8526,130.0123,323.1,2.1,1.4,2014-06-05,0117,Terra,MODIS,75,6.2,300.4,42.8,D,0
-16.4145,128.3593,315.8,2.5,1.5,2014-06-05,0117,Terra,MODIS,68,6.2,296.9,33.3,D,0
-14.9598,129.9482,357.9,2,1.4,2014-06-05,0117,Terra,MODIS,99,6.2,302.9,201.5,D,0
-13.9832,131.1069,316.1,1.7,1.3,2014-06-05,0117,Terra,MODIS,51,6.2,303.3,11.3,D,0
-15.4203,126.0995,311.2,3.8,1.8,2014-06-05,0117,Terra,MODIS,57,6.2,295.8,47,D,0
-13.9143,130.766,314.1,1.8,1.3,2014-06-05,0117,Terra,MODIS,53,6.2,302.3,14.1,D,0
-15.1018,129.8528,325,2,1.4,2014-06-05,0117,Terra,MODIS,33,6.2,299.5,44.2,D,0
-15.4145,126.1065,309.1,3.8,1.8,2014-06-05,0117,Terra,MODIS,44,6.2,295.3,35.3,D,0
-15.2692,130.2817,319.2,1.9,1.3,2014-06-05,0117,Terra,MODIS,71,6.2,300.1,28.4,D,0
-15.2661,130.2641,311.6,1.9,1.3,2014-06-05,0117,Terra,MODIS,43,6.2,299.3,11.9,D,0
-15.1108,129.8308,341.7,2,1.4,2014-06-05,0117,Terra,MODIS,91,6.2,300.3,112.6,D,0
-14.0025,130.7047,333.2,1.8,1.3,2014-06-05,0117,Terra,MODIS,83,6.2,301.7,56.9,D,0
-15.0129,130.328,325.4,1.9,1.3,2014-06-05,0117,Terra,MODIS,78,6.2,302.7,41.1,D,0
-14.9448,130.0082,337.5,2,1.4,2014-06-05,0117,Terra,MODIS,74,6.2,301.3,80.4,D,0
-15.0804,129.8766,334.1,2,1.4,2014-06-05,0117,Terra,MODIS,74,6.2,299.3,75.4,D,0
-13.8604,132.2462,320.4,1.4,1.2,2014-06-05,0117,Terra,MODIS,70,6.2,301.5,16.4,D,0
-15.6899,135.4389,319.7,1,1,2014-06-05,0117,Terra,MODIS,58,6.2,303.2,8.6,D,0
-16.062,135.34,315.6,1,1,2014-06-05,0117,Terra,MODIS,56,6.2,303.7,5.7,D,0
-15.6253,136.1195,324.1,1,1,2014-06-05,0117,Terra,MODIS,75,6.2,303.3,14.2,D,0
-15.7921,135.1999,324.9,1,1,2014-06-05,0117,Terra,MODIS,76,6.2,303.2,14.6,D,0
-13.8498,132.248,333.2,1.4,1.2,2014-06-05,0117,Terra,MODIS,84,6.2,303.2,42,D,0
-13.8476,132.2347,320.2,1.4,1.2,2014-06-05,0117,Terra,MODIS,70,6.2,301.7,16,D,0
-14.9045,130.8409,320.9,1.7,1.3,2014-06-05,0117,Terra,MODIS,73,6.2,303,22.5,D,0
-14.0796,132.1626,316.1,1.4,1.2,2014-06-05,0117,Terra,MODIS,60,6.2,302.6,8.8,D,0
-14.076,132.1692,317.2,1.4,1.2,2014-06-05,0117,Terra,MODIS,60,6.2,303.1,9.6,D,0
-15.7969,135.1704,319.6,1,1,2014-06-05,0117,Terra,MODIS,63,6.2,304.1,8.3,D,0
-15.4112,135.1792,317.5,1,1,2014-06-05,0117,Terra,MODIS,62,6.2,303.3,7.7,D,0
-15.6809,135.4403,317.5,1,1,2014-06-05,0117,Terra,MODIS,19,6.2,303.8,6.2,D,0
-15.7983,135.1798,326.2,1,1,2014-06-05,0117,Terra,MODIS,60,6.2,303.9,14.4,D,0
-15.7997,135.1891,327.7,1,1,2014-06-05,0117,Terra,MODIS,71,6.2,303.3,16.4,D,0
-15.5069,131.8697,313.2,1.4,1.2,2014-06-05,0117,Terra,MODIS,33,6.2,301.1,7.4,D,0
-15.8011,135.1985,317.3,1,1,2014-06-05,0117,Terra,MODIS,36,6.2,302.3,6.5,D,0
-15.8059,135.169,318.5,1,1,2014-06-05,0117,Terra,MODIS,59,6.2,302.1,7.2,D,0
-15.4229,136.1216,328.6,1,1,2014-06-05,0117,Terra,MODIS,80,6.2,302.1,19.6,D,0
-15.5046,131.8565,316.1,1.4,1.2,2014-06-05,0117,Terra,MODIS,63,6.2,300.7,11.9,D,0
-14.0724,133.0468,317.7,1.3,1.1,2014-06-05,0117,Terra,MODIS,40,6.2,303.4,8.5,D,0
-15.11,134.7101,334.1,1,1,2014-06-05,0117,Terra,MODIS,85,6.2,305.2,24.4,D,0
-15.2721,134.8096,332.4,1,1,2014-06-05,0117,Terra,MODIS,66,6.2,302.7,21.7,D,0
-15.2644,134.8206,348.2,1,1,2014-06-05,0117,Terra,MODIS,94,6.2,305.1,51.6,D,0
-15.1008,134.7115,333.9,1,1,2014-06-05,0117,Terra,MODIS,76,6.2,304.5,24.3,D,0
-16.7514,132.3769,316.1,1.3,1.1,2014-06-05,0117,Terra,MODIS,67,6.2,299.4,11.9,D,0
-17.1754,132.0212,345.8,1.3,1.1,2014-06-05,0117,Terra,MODIS,93,6.2,298.2,72.3,D,0
-17.1774,132.0336,359.4,1.3,1.1,2014-06-05,0117,Terra,MODIS,99,6.2,300.2,117.9,D,0
-17.1815,132.0582,318.4,1.3,1.1,2014-06-05,0117,Terra,MODIS,71,6.2,298.7,15.6,D,0
-17.1835,132.0705,317.7,1.3,1.1,2014-06-05,0117,Terra,MODIS,70,6.2,298.6,14.8,D,0
-16.4089,135.7526,314.9,1,1,2014-06-05,0117,Terra,MODIS,51,6.2,301.9,4.7,D,0
-16.3551,135.7008,325.8,1,1,2014-06-05,0117,Terra,MODIS,77,6.2,303.9,14.1,D,0
-16.3641,135.6994,317.5,1,1,2014-06-05,0117,Terra,MODIS,48,6.2,303.6,6,D,0
-16.4006,135.6968,319.9,1,1,2014-06-05,0117,Terra,MODIS,68,6.2,302.5,8.7,D,0
-17.1652,132.023,317.5,1.3,1.1,2014-06-05,0117,Terra,MODIS,63,6.2,300,14.6,D,0
-15.1394,134.6691,321.1,1,1,2014-06-05,0117,Terra,MODIS,70,6.2,302.3,11,D,0
-14.4565,132.8847,317.2,1.3,1.1,2014-06-05,0117,Terra,MODIS,55,6.2,302.8,9.5,D,0
-15.2812,134.8081,323,1,1,2014-06-05,0117,Terra,MODIS,23,6.2,302.5,9.9,D,0
-15.2735,134.8191,332.4,1,1,2014-06-05,0117,Terra,MODIS,45,6.2,304.8,21.6,D,0
-15.1469,134.7174,320.4,1,1,2014-06-05,0117,Terra,MODIS,58,6.2,302.4,9.7,D,0
-15.1439,134.6981,334.4,1,1,2014-06-05,0117,Terra,MODIS,85,6.2,304.3,26.8,D,0
-15.1144,134.739,330.1,1,1,2014-06-05,0117,Terra,MODIS,81,6.2,304.5,17.5,D,0
-15.1454,134.7078,347.2,1,1,2014-06-05,0117,Terra,MODIS,93,6.2,304.9,50.2,D,0
-15.0471,134.7892,324.3,1,1,2014-06-05,0117,Terra,MODIS,48,6.2,303.5,12.7,D,0
-15.1409,134.6788,325.2,1,1,2014-06-05,0117,Terra,MODIS,76,6.2,304,15.6,D,0
-15.1162,134.6893,318.6,1,1,2014-06-05,0117,Terra,MODIS,30,6.2,302.8,7.5,D,0
-15.1115,134.7197,324.1,1,1,2014-06-05,0117,Terra,MODIS,56,6.2,304.4,10.9,D,0
-15.3368,134.7535,322.4,1,1,2014-06-05,0117,Terra,MODIS,63,6.2,303.8,11,D,0
-15.0486,134.7988,325.9,1,1,2014-06-05,0117,Terra,MODIS,49,6.2,303.9,14.3,D,0
-15.4793,134.9595,314.8,1,1,2014-06-05,0117,Terra,MODIS,53,6.2,302.3,5.1,D,0
-16.0872,130.4201,311.3,1.8,1.3,2014-06-05,0117,Terra,MODIS,45,6.2,299.3,10.1,D,0
-15.4956,135.0054,323.7,1,1,2014-06-05,0117,Terra,MODIS,74,6.2,303.2,13.4,D,0
-15.107,134.6908,337.8,1,1,2014-06-05,0117,Terra,MODIS,88,6.2,303,32.5,D,0
-15.1085,134.7004,370.7,1,1,2014-06-05,0117,Terra,MODIS,100,6.2,306.6,115.2,D,0
-18.393,144.5689,327.8,3.4,1.7,2014-06-05,0117,Terra,MODIS,80,6.2,295.9,134.6,D,0
-15.5593,135.4276,316.2,1,1,2014-06-05,0117,Terra,MODIS,57,6.2,303.6,6.1,D,0
-15.8271,135.3094,319.7,1,1,2014-06-05,0117,Terra,MODIS,68,6.2,302.3,9.3,D,0
-18.3993,144.5752,332.4,3.4,1.7,2014-06-05,0117,Terra,MODIS,84,6.2,296.3,170.1,D,0
-16.3109,135.7742,346.4,1,1,2014-06-05,0117,Terra,MODIS,93,6.2,305.1,45.7,D,0
-14.8451,134.6756,320.2,1.1,1,2014-06-05,0117,Terra,MODIS,69,6.2,302.7,10.1,D,0
-15.4215,136.1123,319.5,1,1,2014-06-05,0117,Terra,MODIS,68,6.2,302.7,9.6,D,0
-15.7986,135.3044,328.1,1,1,2014-06-05,0117,Terra,MODIS,79,6.2,303.5,17.4,D,0
-14.9685,133.7056,316.7,1.1,1.1,2014-06-05,0117,Terra,MODIS,61,6.2,302.3,8,D,0
-15.3224,135.9383,315.8,1,1,2014-06-05,0117,Terra,MODIS,38,6.2,302.8,6.3,D,0
-15.7263,135.3126,318.9,1,1,2014-06-05,0117,Terra,MODIS,66,6.2,303.9,8.2,D,0
-15.3079,135.9027,328.3,1,1,2014-06-05,0117,Terra,MODIS,60,6.2,301.7,19.3,D,0
-16.3123,135.7835,331.3,1,1,2014-06-05,0117,Terra,MODIS,82,6.2,303.4,21.6,D,0
-16.554,143.6666,316.6,2.8,1.6,2014-06-05,0117,Terra,MODIS,66,6.2,294.7,34.2,D,0
-16.1976,135.5697,316.4,1,1,2014-06-05,0117,Terra,MODIS,59,6.2,303.2,6.3,D,0
-14.9522,134.7115,313.9,1,1,2014-06-05,0117,Terra,MODIS,37,6.2,301,4.8,D,0
-15.1782,135.7743,332.4,1,1,2014-06-05,0117,Terra,MODIS,84,6.2,302.1,22.7,D,0
-14.9668,133.695,317.7,1.1,1.1,2014-06-05,0117,Terra,MODIS,64,6.2,302.7,8.4,D,0
-14.9537,134.7212,314.3,1,1,2014-06-05,0117,Terra,MODIS,39,6.2,301.1,5.1,D,0
-18.3961,144.6009,312.1,3.5,1.8,2014-06-05,0117,Terra,MODIS,48,6.2,296,44.8,D,0
-14.975,134.7376,325.4,1,1,2014-06-05,0117,Terra,MODIS,76,6.2,303.5,15.7,D,0
-14.8358,134.6632,330.6,1.1,1,2014-06-05,0117,Terra,MODIS,82,6.2,303,22.4,D,0
-14.9808,133.66,319.3,1.2,1.1,2014-06-05,0117,Terra,MODIS,43,6.2,302.9,8.6,D,0
-15.2449,134.7549,336.5,1,1,2014-06-05,0117,Terra,MODIS,81,6.2,304.3,28.6,D,0
-16.1549,135.716,315.9,1,1,2014-06-05,0117,Terra,MODIS,54,6.2,302.5,5,D,0
-14.3025,133.3938,317.7,1.2,1.1,2014-06-05,0117,Terra,MODIS,63,6.2,301.8,9.8,D,0
-14.3007,133.3826,323.8,1.2,1.1,2014-06-05,0117,Terra,MODIS,74,6.2,302,17.6,D,0
-16.1535,135.7067,322.9,1,1,2014-06-05,0117,Terra,MODIS,73,6.2,302.4,11.1,D,0
-15.8181,135.3108,319.1,1,1,2014-06-05,0117,Terra,MODIS,52,6.2,302.3,8,D,0
-15.1678,135.7664,320.3,1,1,2014-06-05,0117,Terra,MODIS,43,6.2,302.5,8.7,D,0
-15.6003,135.7634,315.7,1,1,2014-06-05,0117,Terra,MODIS,57,6.2,304.1,5.8,D,0
-14.8372,134.6729,317.6,1.1,1,2014-06-05,0117,Terra,MODIS,45,6.2,302.1,7.6,D,0
-14.9059,135.248,313.2,1,1,2014-06-05,0117,Terra,MODIS,38,6.2,300.9,4.6,D,0
-14.9792,133.6495,325.4,1.2,1.1,2014-06-05,0117,Terra,MODIS,77,6.2,303.5,16,D,0
-15.2231,135.8276,316,1,1,2014-06-05,0117,Terra,MODIS,60,6.2,301.7,6.8,D,0
-15.2343,134.7467,340.3,1,1,2014-06-05,0117,Terra,MODIS,86,6.2,303.3,34.1,D,0
-16.1507,135.6881,319.7,1,1,2014-06-05,0117,Terra,MODIS,62,6.2,302.7,8.9,D,0
-15.7972,135.295,319.6,1,1,2014-06-05,0117,Terra,MODIS,59,6.2,304.3,8.4,D,0
-14.9736,134.728,327.2,1,1,2014-06-05,0117,Terra,MODIS,78,6.2,302.6,17.7,D,0
-15.1692,135.7757,323.2,1,1,2014-06-05,0117,Terra,MODIS,67,6.2,301.9,11.9,D,0
-14.8436,134.6658,336.1,1.1,1,2014-06-05,0117,Terra,MODIS,86,6.2,304.2,30.9,D,0
-14.8774,133.6512,324,1.2,1.1,2014-06-05,0117,Terra,MODIS,75,6.2,302.6,15.8,D,0
-14.9275,133.719,316.5,1.1,1.1,2014-06-05,0117,Terra,MODIS,39,6.2,303,6.6,D,0
-14.9641,133.7021,318.9,1.1,1.1,2014-06-05,0117,Terra,MODIS,35,6.2,303.3,8.1,D,0
-14.363,130.135,338.8,2,1.4,2014-06-05,0117,Terra,MODIS,88,6.2,302,90.6,D,0
-14.2226,130.0953,329.4,2,1.4,2014-06-05,0117,Terra,MODIS,82,6.2,300.6,55.7,D,0
-15.3415,130.63,332,1.8,1.3,2014-06-05,0117,Terra,MODIS,84,6.2,302.8,53.1,D,0
-14.2084,130.232,315.3,2,1.4,2014-06-05,0117,Terra,MODIS,40,6.2,300.1,17.2,D,0
-14.3735,130.1401,358.9,2,1.4,2014-06-05,0117,Terra,MODIS,99,6.2,302.1,206.4,D,0
-14.3612,130.1424,337.5,2,1.4,2014-06-05,0117,Terra,MODIS,87,6.2,302.3,82.9,D,0
-14.4005,130.2036,313.1,2,1.4,2014-06-05,0117,Terra,MODIS,44,6.2,299.8,14.7,D,0
-14.3974,130.1856,333,2,1.4,2014-06-05,0117,Terra,MODIS,85,6.2,301.1,70,D,0
-14.3942,130.1674,330.7,2,1.4,2014-06-05,0117,Terra,MODIS,83,6.2,300.2,62,D,0
-16.2249,128.407,319.3,2.5,1.5,2014-06-05,0117,Terra,MODIS,73,6.2,298.7,42.3,D,0
-15.3532,130.6279,331.2,1.8,1.3,2014-06-05,0117,Terra,MODIS,84,6.2,301.6,50.1,D,0
-16.187,128.3959,310.2,2.5,1.5,2014-06-05,0117,Terra,MODIS,19,6.2,297,13.2,D,0
-15.3387,130.6137,327.9,1.8,1.3,2014-06-05,0117,Terra,MODIS,81,6.2,302.3,39.6,D,0
-15.8386,127.4832,320,3,1.6,2014-06-05,0117,Terra,MODIS,30,6.2,299.1,50.2,D,0
-14.3921,130.1747,335.3,2,1.4,2014-06-05,0117,Terra,MODIS,87,6.2,301.3,77.4,D,0
-14.389,130.1563,333.4,2,1.4,2014-06-05,0117,Terra,MODIS,85,6.2,300,71.2,D,0
-14.358,130.1238,326.5,2,1.4,2014-06-05,0117,Terra,MODIS,18,6.2,300.3,43.5,D,0
-15.8138,127.4369,324.3,3,1.6,2014-06-05,0117,Terra,MODIS,64,6.2,298.7,74.4,D,0
-15.8337,127.4622,353.3,3,1.6,2014-06-05,0117,Terra,MODIS,97,6.2,300.6,306.1,D,0
-14.226,130.1148,314.9,2,1.4,2014-06-05,0117,Terra,MODIS,47,6.2,300.6,13.4,D,0
-16.2906,128.3404,318.8,2.5,1.5,2014-06-05,0117,Terra,MODIS,73,6.2,297.8,42.3,D,0
-16.2847,128.3488,321.1,2.5,1.5,2014-06-05,0117,Terra,MODIS,75,6.2,298.6,47.4,D,0
-15.8134,127.431,320.9,3,1.6,2014-06-05,0117,Terra,MODIS,47,6.2,298.2,57.3,D,0
-15.8188,127.4592,320.6,3,1.6,2014-06-05,0117,Terra,MODIS,39,6.2,300,55.7,D,0
-15.8335,127.4563,348.6,3,1.6,2014-06-05,0117,Terra,MODIS,95,6.2,300.2,255.4,D,0
-14.2732,130.314,318.9,2,1.4,2014-06-05,0117,Terra,MODIS,55,6.2,299.9,24.9,D,0
-14.2701,130.2961,316.2,2,1.4,2014-06-05,0117,Terra,MODIS,26,6.2,300.6,18.7,D,0
-14.2155,130.2189,318.3,2,1.4,2014-06-05,0117,Terra,MODIS,46,6.2,301.1,22.1,D,0
-14.3341,130.2786,344.9,2,1.4,2014-06-05,0117,Terra,MODIS,93,6.2,301,121,D,0
-14.3373,130.2968,321.4,2,1.4,2014-06-05,0117,Terra,MODIS,64,6.2,301.5,31.8,D,0
-14.3786,130.1512,357.1,2,1.4,2014-06-05,0117,Terra,MODIS,98,6.2,303.6,194,D,0
-15.0979,129.9931,328.3,2,1.4,2014-06-05,0117,Terra,MODIS,81,6.2,299.9,55.3,D,0
-15.0908,130.0066,315.5,2,1.4,2014-06-05,0117,Terra,MODIS,27,6.2,299.6,18.6,D,0
-15.1798,130.0087,333.3,2,1.4,2014-06-05,0117,Terra,MODIS,85,6.2,302,70.3,D,0
-15.1824,130.0023,336.1,2,1.4,2014-06-05,0117,Terra,MODIS,87,6.2,302.1,82.7,D,0
-14.3753,130.1327,337.7,2,1.4,2014-06-05,0117,Terra,MODIS,87,6.2,299.2,88,D,0
-16.2874,128.1691,312.7,2.6,1.5,2014-06-05,0117,Terra,MODIS,62,6.2,298.3,24.3,D,0
-17.1175,126.8663,316.8,3.1,1.7,2014-06-05,0118,Terra,MODIS,72,6.2,297.2,53.6,D,0
-17.1199,126.8728,318.5,3.1,1.7,2014-06-05,0118,Terra,MODIS,74,6.2,297.2,58.1,D,0
-16.6653,126.5185,314,3.4,1.7,2014-06-05,0118,Terra,MODIS,67,6.2,296.1,49,D,0
-16.8424,126.7914,309.5,3.2,1.7,2014-06-05,0118,Terra,MODIS,46,6.2,296.8,21,D,0
-16.7958,126.5501,312.4,3.3,1.7,2014-06-05,0118,Terra,MODIS,64,6.2,297,41,D,0
-16.8017,126.5807,308,3.3,1.7,2014-06-05,0118,Terra,MODIS,48,6.2,296.3,21.6,D,0
-16.6555,126.5278,314.2,3.4,1.7,2014-06-05,0118,Terra,MODIS,67,6.2,296.8,50.8,D,0
-20.8649,133.182,328.6,1.1,1,2014-06-05,0118,Terra,MODIS,83,6.2,298.2,24.1,D,0
-20.4325,118.9467,324,3.1,1.7,2014-06-05,0257,Terra,MODIS,73,6.2,304,66.6,D,0
-21.3687,119.2961,310.8,3.4,1.7,2014-06-05,0257,Terra,MODIS,42,6.2,300.4,26.3,D,0
-21.7645,119.2246,311.9,3.4,1.7,2014-06-05,0257,Terra,MODIS,58,6.2,300.1,34.3,D,0
-21.7588,119.2201,312,3.4,1.7,2014-06-05,0257,Terra,MODIS,59,6.2,300.1,33.2,D,0
-21.3251,119.008,311,3.2,1.7,2014-06-05,0257,Terra,MODIS,51,6.2,299.9,30,D,0
-21.3281,119.039,312.8,3.3,1.7,2014-06-05,0257,Terra,MODIS,58,6.2,300,38.3,D,0
-21.324,119.033,314.8,3.3,1.7,2014-06-05,0257,Terra,MODIS,64,6.2,300.2,47.2,D,0
-20.4143,118.9184,323.6,3.1,1.7,2014-06-05,0257,Terra,MODIS,54,6.2,303.1,64.9,D,0
-20.4294,118.9167,324.3,3.1,1.7,2014-06-05,0257,Terra,MODIS,71,6.2,304,68.3,D,0
-20.4271,118.9102,327.2,3.1,1.7,2014-06-05,0257,Terra,MODIS,80,6.2,303.7,87.3,D,0
-20.43,118.9401,328.7,3.1,1.7,2014-06-05,0257,Terra,MODIS,81,6.2,304.2,97.4,D,0
-20.4755,118.9353,322.8,3.1,1.7,2014-06-05,0257,Terra,MODIS,62,6.2,304.6,61.1,D,0
-20.4906,118.9338,318.9,3.1,1.7,2014-06-05,0257,Terra,MODIS,24,6.2,302.8,41.8,D,0
-20.4885,118.9286,323.8,3.1,1.7,2014-06-05,0257,Terra,MODIS,47,6.2,303.3,66.5,D,0
-20.4877,118.904,325.9,3.1,1.7,2014-06-05,0257,Terra,MODIS,73,6.2,303,79.4,D,0
-20.4858,118.8988,323.4,3.1,1.7,2014-06-05,0257,Terra,MODIS,44,6.2,302.9,63.9,D,0
-31.648,119.3165,305.5,4.4,1.9,2014-06-05,0300,Terra,MODIS,61,6.2,291.2,51,D,0
-31.6479,119.3217,304.8,4.4,1.9,2014-06-05,0300,Terra,MODIS,60,6.2,291.2,47.6,D,0
-31.8239,152.267,302.4,1.2,1.1,2014-06-05,0400,Aqua,MODIS,52,6.2,290.1,5.3,D,0
-30.4902,150.9011,308.2,1.1,1,2014-06-05,0400,Aqua,MODIS,66,6.2,289.3,9.4,D,0
-29.8548,149.1829,310.8,1,1,2014-06-05,0400,Aqua,MODIS,65,6.2,294.1,7.6,D,0
-30.4921,150.8896,323.7,1.1,1,2014-06-05,0400,Aqua,MODIS,83,6.2,290.4,24.7,D,0
-30.2958,148.8123,305.9,1,1,2014-06-05,0400,Aqua,MODIS,56,6.2,295.5,4.5,D,0
-30.5907,150.5146,300,1.1,1,2014-06-05,0400,Aqua,MODIS,14,6.2,289.3,3.9,D,0
-30.4827,150.8876,311.3,1.1,1,2014-06-05,0400,Aqua,MODIS,46,6.2,290.5,10.8,D,0
-32.0601,146.6966,303.3,1.1,1,2014-06-05,0400,Aqua,MODIS,45,6.2,283,6,D,0
-27.9499,150.4901,308.5,1.1,1.1,2014-06-05,0401,Aqua,MODIS,55,6.2,295.6,6.9,D,0
-28.5344,147.7685,311,1,1,2014-06-05,0401,Aqua,MODIS,63,6.2,298.5,5.5,D,0
-28.5358,147.7583,318.2,1,1,2014-06-05,0401,Aqua,MODIS,74,6.2,298.7,11.6,D,0
-26.0917,150.6948,307.4,1.2,1.1,2014-06-05,0401,Aqua,MODIS,39,6.2,292.1,6.1,D,0
-26.8005,150.2019,312.6,1.1,1.1,2014-06-05,0401,Aqua,MODIS,32,6.2,295.3,9.2,D,2
-26.0002,153.0586,308.9,1.7,1.3,2014-06-05,0401,Aqua,MODIS,64,6.2,289.4,17.4,D,0
-26.0032,153.0417,314.5,1.7,1.3,2014-06-05,0401,Aqua,MODIS,73,6.2,288.8,26,D,0
-29.4763,150.1659,305.8,1.1,1,2014-06-05,0401,Aqua,MODIS,56,6.2,295.3,4.6,D,0
-28.8825,149.1056,312.4,1,1,2014-06-05,0401,Aqua,MODIS,66,6.2,297.7,7.1,D,0
-29.2253,150.8526,306.8,1.1,1.1,2014-06-05,0401,Aqua,MODIS,63,6.2,293.4,7.1,D,0
-29.2158,150.8505,305.4,1.1,1.1,2014-06-05,0401,Aqua,MODIS,52,6.2,294.2,5.9,D,0
-28.8841,149.0952,312.6,1,1,2014-06-05,0401,Aqua,MODIS,67,6.2,296.7,7.3,D,0
-16.4957,141.4751,359,1.4,1.2,2014-06-05,0404,Aqua,MODIS,99,6.2,301.7,112.9,D,0
-16.4973,141.4623,335,1.4,1.2,2014-06-05,0404,Aqua,MODIS,79,6.2,300.4,37.3,D,0
-16.5061,141.4765,322.6,1.4,1.2,2014-06-05,0404,Aqua,MODIS,68,6.2,300.1,15,D,0
-16.5045,141.4893,330.2,1.4,1.2,2014-06-05,0404,Aqua,MODIS,79,6.2,300.2,29,D,0
-16.4582,141.4633,336.2,1.4,1.2,2014-06-05,0404,Aqua,MODIS,63,6.2,301,38.1,D,0
-16.4599,141.4505,328.7,1.4,1.2,2014-06-05,0404,Aqua,MODIS,25,6.2,299.9,23.5,D,0
-18.0066,137.4368,315.3,2.8,1.6,2014-06-05,0404,Aqua,MODIS,52,6.2,301.6,21.4,D,0
-18.0016,137.4562,322.3,2.8,1.6,2014-06-05,0404,Aqua,MODIS,71,6.2,302.5,50.7,D,0
-18.0039,137.4633,320.8,2.8,1.6,2014-06-05,0404,Aqua,MODIS,69,6.2,302.6,43.3,D,0
-16.5146,141.6571,324,1.3,1.1,2014-06-05,0404,Aqua,MODIS,53,6.2,298.5,18.1,D,0
-16.5059,141.6433,327.4,1.3,1.1,2014-06-05,0404,Aqua,MODIS,76,6.2,298.8,24.7,D,0
-16.4997,141.5274,322.2,1.4,1.2,2014-06-05,0404,Aqua,MODIS,64,6.2,299.8,14.5,D,0
-16.5013,141.5147,339.7,1.4,1.2,2014-06-05,0404,Aqua,MODIS,88,6.2,300.3,50.5,D,0
-16.5029,141.502,333.9,1.4,1.2,2014-06-05,0404,Aqua,MODIS,83,6.2,301,35.7,D,0
-16.4861,141.5513,325.6,1.4,1.2,2014-06-05,0404,Aqua,MODIS,73,6.2,298.6,21.4,D,0
-16.4877,141.5386,318.2,1.4,1.2,2014-06-05,0404,Aqua,MODIS,31,6.2,298.9,9.1,D,0
-16.5985,141.712,326.1,1.3,1.1,2014-06-05,0404,Aqua,MODIS,59,6.2,299.8,20.5,D,0
-16.5899,141.6982,321.8,1.3,1.1,2014-06-05,0404,Aqua,MODIS,65,6.2,298.9,15.3,D,0
-16.5796,141.6967,330.2,1.3,1.1,2014-06-05,0404,Aqua,MODIS,79,6.2,298.5,28.7,D,0
-16.5812,141.6844,330.6,1.3,1.1,2014-06-05,0404,Aqua,MODIS,79,6.2,298.8,30.4,D,0
-16.544,141.7296,318.1,1.3,1.1,2014-06-05,0404,Aqua,MODIS,43,6.2,298.7,10.4,D,0
-16.6101,141.7704,327,1.3,1.1,2014-06-05,0404,Aqua,MODIS,60,6.2,299.4,21.4,D,0
-16.9219,142.12,320.8,1.3,1.1,2014-06-05,0404,Aqua,MODIS,64,6.2,301.3,10.6,D,0
-18.3996,144.5607,322.5,1,1,2014-06-05,0404,Aqua,MODIS,56,6.2,302,10.9,D,0
-16.6024,141.7627,340.8,1.3,1.1,2014-06-05,0404,Aqua,MODIS,89,6.2,299.9,48.9,D,0
-16.4309,141.5113,345,1.4,1.2,2014-06-05,0404,Aqua,MODIS,69,6.2,299.3,63.1,D,0
-16.6014,141.7566,330.5,1.3,1.1,2014-06-05,0404,Aqua,MODIS,79,6.2,298.5,28.7,D,0
-16.5983,141.7812,340.4,1.3,1.1,2014-06-05,0404,Aqua,MODIS,88,6.2,300.1,47.4,D,0
-16.5819,141.7599,326.7,1.3,1.1,2014-06-05,0404,Aqua,MODIS,47,6.2,299.9,19.8,D,0
-16.6361,141.8114,323.7,1.3,1.1,2014-06-05,0404,Aqua,MODIS,17,6.2,300,14,D,0
-16.5998,141.7689,349.7,1.3,1.1,2014-06-05,0404,Aqua,MODIS,94,6.2,299.9,74.4,D,0
-16.563,141.7447,335.6,1.3,1.1,2014-06-05,0404,Aqua,MODIS,84,6.2,300.2,37.5,D,0
-16.4325,141.4986,343.7,1.4,1.2,2014-06-05,0404,Aqua,MODIS,79,6.2,299.9,60.3,D,0
-16.6699,141.7911,337.8,1.3,1.1,2014-06-05,0404,Aqua,MODIS,86,6.2,299.7,43,D,0
-18.3969,144.5802,326,1,1,2014-06-05,0404,Aqua,MODIS,68,6.2,302.9,14.7,D,0
-16.5425,141.7419,368.1,1.3,1.1,2014-06-05,0404,Aqua,MODIS,100,6.2,300.9,150.1,D,0
-18.3891,144.5691,331.8,1,1,2014-06-05,0404,Aqua,MODIS,62,6.2,300.9,21.4,D,0
-18.3945,144.5301,325.9,1,1,2014-06-05,0404,Aqua,MODIS,79,6.2,297.4,17.2,D,0
-16.4341,141.4859,324.2,1.4,1.2,2014-06-05,0404,Aqua,MODIS,45,6.2,299.4,16.3,D,0
-16.6448,141.825,329.4,1.3,1.1,2014-06-05,0404,Aqua,MODIS,55,6.2,301,23,D,0
-16.5717,141.7584,329.8,1.3,1.1,2014-06-05,0404,Aqua,MODIS,69,6.2,300.9,25.1,D,0
-18.3904,144.5594,328.4,1,1,2014-06-05,0404,Aqua,MODIS,55,6.2,302.1,17.5,D,0
-16.5614,141.757,333.2,1.3,1.1,2014-06-05,0404,Aqua,MODIS,80,6.2,301.3,32.2,D,0
-16.4495,141.4491,330.6,1.4,1.2,2014-06-05,0404,Aqua,MODIS,80,6.2,299.8,29.4,D,0
-16.5512,141.7556,349.7,1.3,1.1,2014-06-05,0404,Aqua,MODIS,94,6.2,301.5,75.9,D,0
-16.5598,141.7693,325.3,1.3,1.1,2014-06-05,0404,Aqua,MODIS,69,6.2,300,18.5,D,0
-18.3918,144.5496,329.5,1,1,2014-06-05,0404,Aqua,MODIS,56,6.2,302.9,19.2,D,0
-16.8483,142.0549,322.5,1.3,1.1,2014-06-05,0404,Aqua,MODIS,56,6.2,301.4,13,D,0
-16.4396,141.5253,335.5,1.4,1.2,2014-06-05,0404,Aqua,MODIS,64,6.2,299.3,40.8,D,0
-16.4358,141.4732,320.1,1.4,1.2,2014-06-05,0404,Aqua,MODIS,32,6.2,299,10.5,D,0
-16.5732,141.7461,346.7,1.3,1.1,2014-06-05,0404,Aqua,MODIS,92,6.2,300.5,64.9,D,0
-18.3931,144.5399,342.1,1,1,2014-06-05,0404,Aqua,MODIS,91,6.2,302.6,40.2,D,0
-16.5496,141.7679,318.7,1.3,1.1,2014-06-05,0404,Aqua,MODIS,55,6.2,299.9,9.7,D,0
-16.6802,141.7925,369.4,1.3,1.1,2014-06-05,0404,Aqua,MODIS,100,6.2,302.7,152.7,D,0
-16.5573,143.6648,322.9,1.1,1,2014-06-05,0404,Aqua,MODIS,73,6.2,302.3,10.5,D,0
-16.6998,141.8629,327.4,1.3,1.1,2014-06-05,0404,Aqua,MODIS,63,6.2,300.4,20.2,D,0
-16.6684,141.8034,335.2,1.3,1.1,2014-06-05,0404,Aqua,MODIS,84,6.2,299.6,35.5,D,0
-16.607,141.7949,324.1,1.3,1.1,2014-06-05,0404,Aqua,MODIS,53,6.2,300.1,16,D,0
-16.687,141.799,344.8,1.3,1.1,2014-06-05,0404,Aqua,MODIS,91,6.2,301,58.9,D,0
-16.655,141.8264,323.2,1.3,1.1,2014-06-05,0404,Aqua,MODIS,36,6.2,301.2,13.9,D,0
-16.6786,141.8048,377.6,1.3,1.1,2014-06-05,0404,Aqua,MODIS,100,6.2,302.6,195.1,D,0
-16.7641,142.0012,317.7,1.3,1.1,2014-06-05,0404,Aqua,MODIS,50,6.2,299.8,7.9,D,0
-16.6085,141.7826,330,1.3,1.1,2014-06-05,0404,Aqua,MODIS,79,6.2,299.3,26.8,D,0
-16.793,142.0173,323.4,1.3,1.1,2014-06-05,0404,Aqua,MODIS,69,6.2,300.2,15.7,D,0
-16.4221,141.4972,335.4,1.4,1.2,2014-06-05,0404,Aqua,MODIS,0,6.2,298.5,37.6,D,0
-16.4555,141.4566,344.6,1.4,1.2,2014-06-05,0404,Aqua,MODIS,91,6.2,301.1,62.8,D,0
-16.5409,141.7542,337.2,1.3,1.1,2014-06-05,0404,Aqua,MODIS,86,6.2,299.3,42.3,D,0
-16.8468,142.0668,323.1,1.3,1.1,2014-06-05,0404,Aqua,MODIS,58,6.2,301.1,13.8,D,0
-16.7626,142.0131,328.6,1.3,1.1,2014-06-05,0404,Aqua,MODIS,77,6.2,300.2,24.3,D,0
-16.6008,141.7749,337,1.3,1.1,2014-06-05,0404,Aqua,MODIS,86,6.2,299.9,39.1,D,0
-16.6464,141.8128,337.8,1.3,1.1,2014-06-05,0404,Aqua,MODIS,86,6.2,300.7,40.5,D,0
-16.5992,141.7872,329.8,1.3,1.1,2014-06-05,0404,Aqua,MODIS,77,6.2,299.7,25.1,D,0
-18.3955,144.5899,320.6,1,1,2014-06-05,0404,Aqua,MODIS,39,6.2,303.3,9.5,D,0
-16.5527,141.7433,334.7,1.3,1.1,2014-06-05,0404,Aqua,MODIS,83,6.2,300.9,35.8,D,0
-16.4413,141.5127,337.4,1.4,1.2,2014-06-05,0404,Aqua,MODIS,81,6.2,299.6,43.7,D,0
-15.2424,134.6886,325.3,4.2,1.9,2014-06-05,0405,Aqua,MODIS,66,6.2,298.5,114.8,D,0
-16.0522,135.297,333.9,3.9,1.8,2014-06-05,0405,Aqua,MODIS,85,6.2,301.2,183.5,D,0
-16.0461,135.2891,314.6,3.9,1.8,2014-06-05,0405,Aqua,MODIS,20,6.2,300.4,28.8,D,0
-16.1472,135.6629,316.3,3.6,1.8,2014-06-05,0405,Aqua,MODIS,42,6.2,301,36.1,D,0
-16.1622,135.5231,324,3.7,1.8,2014-06-05,0405,Aqua,MODIS,75,6.2,302.1,91.5,D,0
-14.7973,134.8063,317.9,4.1,1.9,2014-06-05,0405,Aqua,MODIS,69,6.2,300.2,61.5,D,0
-16.0425,135.325,316.3,3.8,1.8,2014-06-05,0405,Aqua,MODIS,41,6.2,301.3,38.9,D,0
-14.9592,134.6855,317.4,4.2,1.9,2014-06-05,0405,Aqua,MODIS,68,6.2,298.7,63.5,D,0
-15.2457,134.6965,321.4,4.2,1.9,2014-06-05,0405,Aqua,MODIS,74,6.2,298.9,88.1,D,0
-16.0627,135.2907,324.5,3.9,1.8,2014-06-05,0405,Aqua,MODIS,76,6.2,301,98.5,D,0
-14.9565,134.6813,315.1,4.2,1.9,2014-06-05,0405,Aqua,MODIS,35,6.2,298.5,43,D,0
-14.8009,134.8115,315.9,4.1,1.9,2014-06-05,0405,Aqua,MODIS,65,6.2,299.7,52.2,D,0
-14.9893,134.7281,325.2,4.1,1.9,2014-06-05,0405,Aqua,MODIS,78,6.2,299.6,120.9,D,0
-16.1686,135.5286,318.3,3.7,1.8,2014-06-05,0405,Aqua,MODIS,65,6.2,301.8,50.4,D,0
-14.9864,134.7238,324.3,4.1,1.9,2014-06-05,0405,Aqua,MODIS,77,6.2,299.5,111.6,D,0
-16.059,135.3269,331.7,3.8,1.8,2014-06-05,0405,Aqua,MODIS,83,6.2,302.4,159.3,D,0
-12.4317,142.0954,317.5,1.1,1.1,2014-06-05,0405,Aqua,MODIS,67,6.2,296.8,12.7,D,0
-14.8408,134.6297,315,4.2,1.9,2014-06-05,0405,Aqua,MODIS,59,6.2,299.8,44.9,D,0
-15.2286,134.6946,325.7,4.2,1.9,2014-06-05,0405,Aqua,MODIS,79,6.2,299,122.3,D,0
-16.151,135.7029,316.2,3.6,1.8,2014-06-05,0405,Aqua,MODIS,56,6.2,301.8,36.6,D,0
-16.1523,135.5268,322.5,3.7,1.8,2014-06-05,0405,Aqua,MODIS,73,6.2,301.3,81.4,D,0
-16.1545,135.6688,318.5,3.6,1.8,2014-06-05,0405,Aqua,MODIS,67,6.2,301.7,49.4,D,0
-12.4347,142.1014,322.1,1.1,1.1,2014-06-05,0405,Aqua,MODIS,54,6.2,296.9,14.5,D,0
-15.4145,135.1443,318.6,3.9,1.8,2014-06-05,0405,Aqua,MODIS,70,6.2,299.9,64.3,D,0
-15.2511,134.8142,320.5,4.1,1.9,2014-06-05,0405,Aqua,MODIS,40,6.2,299.4,70.2,D,0
-15.255,134.7761,325.4,4.1,1.9,2014-06-05,0405,Aqua,MODIS,60,6.2,299.8,106.4,D,0
-15.4108,135.1804,316.3,3.9,1.8,2014-06-05,0405,Aqua,MODIS,66,6.2,300.1,48.3,D,0
-13.8845,133.7535,315.1,4.7,2,2014-06-05,0405,Aqua,MODIS,63,6.2,297.1,62.5,D,0
-14.1985,134.1866,313.1,4.4,1.9,2014-06-05,0405,Aqua,MODIS,61,6.2,297.6,45.2,D,0
-14.8107,141.6093,313.8,1.3,1.1,2014-06-05,0405,Aqua,MODIS,55,6.2,293.5,9.6,D,0
-15.8054,135.1735,315.5,3.9,1.8,2014-06-05,0405,Aqua,MODIS,59,6.2,300.9,39.9,D,0
-16.0488,135.3328,327.3,3.8,1.8,2014-06-05,0405,Aqua,MODIS,79,6.2,301.7,121.1,D,0
-15.4195,135.1487,317.9,3.9,1.8,2014-06-05,0405,Aqua,MODIS,64,6.2,300.1,54.4,D,0
-13.8858,133.745,314.8,4.7,2,2014-06-05,0405,Aqua,MODIS,62,6.2,297.2,60.1,D,0
-33.5094,122.8174,309.4,1.1,1,2014-06-05,0538,Aqua,MODIS,64,6.2,295.2,7,D,0
-33.5109,122.8059,311.2,1.1,1,2014-06-05,0538,Aqua,MODIS,68,6.2,294.7,8.6,D,0
-34.5069,117.6041,305,2.1,1.4,2014-06-05,0538,Aqua,MODIS,60,6.2,275.4,25.3,D,0
-34.5062,117.6086,304.5,2.1,1.4,2014-06-05,0538,Aqua,MODIS,59,6.2,275.8,24,D,0
-33.68,122.5677,324,1.1,1,2014-06-05,0538,Aqua,MODIS,82,6.2,296.7,20.3,D,0
-33.6815,122.556,356.8,1.1,1,2014-06-05,0538,Aqua,MODIS,98,6.2,299.2,84.3,D,0
-33.7956,121.1146,308.8,1.3,1.1,2014-06-05,0538,Aqua,MODIS,51,6.2,296.9,7.6,D,0
-34.6977,118.2168,335.8,1.9,1.3,2014-06-05,0538,Aqua,MODIS,90,6.2,288.8,92.8,D,0
-34.6996,118.1958,306.5,1.9,1.3,2014-06-05,0538,Aqua,MODIS,51,6.2,286.9,15.4,D,0
-33.7932,121.1195,312.1,1.3,1.1,2014-06-05,0538,Aqua,MODIS,72,6.2,297.1,11.2,D,0
-31.7167,119.355,348.8,1.5,1.2,2014-06-05,0539,Aqua,MODIS,95,6.2,298,99.1,D,0
-31.4792,116.5292,323.1,2.2,1.4,2014-06-05,0539,Aqua,MODIS,80,6.2,295.5,59.7,D,0
-31.4813,116.505,321.3,2.2,1.5,2014-06-05,0539,Aqua,MODIS,79,6.2,296.3,54.1,D,0
-31.6514,119.3453,311.3,1.5,1.2,2014-06-05,0539,Aqua,MODIS,51,6.2,295.6,12.7,D,0
-31.6623,119.3469,314,1.5,1.2,2014-06-05,0539,Aqua,MODIS,58,6.2,295.3,16.4,D,0
-31.6841,119.3501,332.8,1.5,1.2,2014-06-05,0539,Aqua,MODIS,87,6.2,295.9,52.2,D,0
-31.7075,119.3377,317.1,1.5,1.2,2014-06-05,0539,Aqua,MODIS,63,6.2,294.7,21.2,D,0
-31.7058,119.3534,334.9,1.5,1.2,2014-06-05,0539,Aqua,MODIS,89,6.2,295.8,57.3,D,0
-31.7184,119.3392,344.3,1.5,1.2,2014-06-05,0539,Aqua,MODIS,93,6.2,299.1,84.1,D,0
-31.7097,119.3447,341.8,1.5,1.2,2014-06-05,0539,Aqua,MODIS,92,6.2,296,76,D,0
-31.7081,119.3604,319.5,1.5,1.2,2014-06-05,0539,Aqua,MODIS,48,6.2,295.1,23.6,D,0
-31.7206,119.3463,383.8,1.5,1.2,2014-06-05,0539,Aqua,MODIS,100,6.2,302.5,295.4,D,0
-31.7315,119.3477,326.8,1.5,1.2,2014-06-05,0539,Aqua,MODIS,82,6.2,295.2,37.4,D,0
-30.6363,116.2583,318.9,2.3,1.5,2014-06-05,0539,Aqua,MODIS,76,6.2,297.9,42.2,D,0
-30.6409,116.254,320.8,2.3,1.5,2014-06-05,0539,Aqua,MODIS,78,6.2,297.8,52,D,0
-33.1999,120.0744,306.4,1.4,1.2,2014-06-05,0539,Aqua,MODIS,63,6.2,292.7,7.8,D,0
-32.4758,116.0399,306.4,2.5,1.5,2014-06-05,0539,Aqua,MODIS,63,6.2,292.5,24.9,D,0
-32.4813,116.0447,306.3,2.5,1.5,2014-06-05,0539,Aqua,MODIS,63,6.2,292.4,24.7,D,0
-30.8693,121.4849,309.8,1.1,1.1,2014-06-05,0539,Aqua,MODIS,62,6.2,298.9,6.6,D,0
-32.9003,117.0978,309.6,2.1,1.4,2014-06-05,0539,Aqua,MODIS,69,6.2,288.7,26.1,D,0
-33.6153,116.6917,312.9,2.3,1.5,2014-06-05,0539,Aqua,MODIS,73,6.2,292.2,34.5,D,0
-32.8628,117.2314,302.7,2.1,1.4,2014-06-05,0539,Aqua,MODIS,53,6.2,292.3,10.4,D,0
-32.8647,117.2091,306.4,2.1,1.4,2014-06-05,0539,Aqua,MODIS,63,6.2,293.9,17,D,0
-33.294,123.0685,312.9,1,1,2014-06-05,0539,Aqua,MODIS,43,6.2,297.8,8.5,D,0
-33.2862,123.0555,312.9,1,1,2014-06-05,0539,Aqua,MODIS,70,6.2,296.9,8.8,D,0
-33.4853,117.4826,330.2,2,1.4,2014-06-05,0539,Aqua,MODIS,87,6.2,290.6,79.7,D,0
-33.8293,115.3945,324.7,2.8,1.6,2014-06-05,0539,Aqua,MODIS,83,6.2,280.7,108.4,D,0
-32.9986,116.681,303.3,2.3,1.5,2014-06-05,0539,Aqua,MODIS,36,6.2,291.6,14.1,D,0
-33.2848,123.0668,314.2,1,1,2014-06-05,0539,Aqua,MODIS,71,6.2,296.3,10.1,D,0
-33.2015,120.0592,304.2,1.4,1.2,2014-06-05,0539,Aqua,MODIS,58,6.2,293.4,5.9,D,0
-30.356,115.3731,309,2.6,1.5,2014-06-05,0540,Aqua,MODIS,59,6.2,294.7,27.6,D,0
-30.3701,115.3748,309.6,2.6,1.5,2014-06-05,0540,Aqua,MODIS,62,6.2,292.7,29.6,D,0
-30.3598,115.3784,317,2.6,1.5,2014-06-05,0540,Aqua,MODIS,74,6.2,294.4,53.8,D,0
-23.7151,122.4444,323.4,1,1,2014-06-05,0541,Aqua,MODIS,74,6.2,302.9,13.5,D,0
-23.7137,122.4542,356.4,1,1,2014-06-05,0541,Aqua,MODIS,98,6.2,305.8,69.3,D,0
-23.7108,122.4737,328.9,1,1,2014-06-05,0541,Aqua,MODIS,80,6.2,304.4,19.7,D,0
-23.7123,122.464,360.1,1,1,2014-06-05,0541,Aqua,MODIS,100,6.2,306.6,78.3,D,0
-22.537,123.2449,327.2,1,1,2014-06-05,0541,Aqua,MODIS,78,6.2,306.6,18.2,D,0
-21.9664,123.0083,323.6,1,1,2014-06-05,0542,Aqua,MODIS,72,6.2,306,12.5,D,0
-21.9649,123.0183,315.8,1,1,2014-06-05,0542,Aqua,MODIS,29,6.2,305.5,4.7,D,0
-21.9573,123.0067,322.8,1,1,2014-06-05,0542,Aqua,MODIS,71,6.2,305.7,11.6,D,0
-20.4798,123.9074,318.6,1.2,1.1,2014-06-05,0542,Aqua,MODIS,48,6.2,308.1,7,D,0
-21.1821,119.9122,324,1.1,1,2014-06-05,0542,Aqua,MODIS,73,6.2,306.2,13.9,D,0
-20.4311,118.95,323.9,1.1,1.1,2014-06-05,0542,Aqua,MODIS,70,6.2,308.5,11.7,D,0
-21.3724,119.3133,319.5,1.1,1.1,2014-06-05,0542,Aqua,MODIS,66,6.2,306.8,8.9,D,0
-21.3739,119.3024,322.3,1.1,1.1,2014-06-05,0542,Aqua,MODIS,71,6.2,306.2,12.9,D,0
-21.3753,119.2916,316.2,1.1,1.1,2014-06-05,0542,Aqua,MODIS,46,6.2,305.5,6.2,D,0
-18.6882,121.7712,330.7,1,1,2014-06-05,0542,Aqua,MODIS,80,6.2,310,20.7,D,0
-18.6638,121.8205,327.4,1,1,2014-06-05,0542,Aqua,MODIS,71,6.2,309.2,14.5,D,0
-21.7598,119.2279,326.9,1.1,1.1,2014-06-05,0542,Aqua,MODIS,78,6.2,306.7,19.3,D,0
-21.7502,119.2265,340.7,1.1,1.1,2014-06-05,0542,Aqua,MODIS,89,6.2,306.9,42.6,D,0
-21.7516,119.2154,338.3,1.1,1.1,2014-06-05,0542,Aqua,MODIS,88,6.2,308.5,38.2,D,0
-21.7531,119.2043,317,1.2,1.1,2014-06-05,0542,Aqua,MODIS,38,6.2,305.6,6.7,D,0
-21.7406,119.2251,318.5,1.1,1.1,2014-06-05,0542,Aqua,MODIS,57,6.2,305.7,8.2,D,0
-21.742,119.214,392.5,1.1,1.1,2014-06-05,0542,Aqua,MODIS,100,6.2,313.5,247.8,D,0
-21.7434,119.2029,388,1.2,1.1,2014-06-05,0542,Aqua,MODIS,100,6.2,313.2,220.8,D,0
-21.3283,119.0195,319.5,1.2,1.1,2014-06-05,0542,Aqua,MODIS,62,6.2,308.4,10.7,D,0
-21.3186,119.018,334.6,1.2,1.1,2014-06-05,0542,Aqua,MODIS,85,6.2,308.2,31.9,D,0
-21.32,119.0068,331.4,1.2,1.1,2014-06-05,0542,Aqua,MODIS,82,6.2,308.5,26.5,D,0
-21.3104,119.0054,317.9,1.2,1.1,2014-06-05,0542,Aqua,MODIS,43,6.2,306.2,8.6,D,0
-20.4325,118.939,325.4,1.1,1.1,2014-06-05,0542,Aqua,MODIS,73,6.2,310.7,13.5,D,0
-20.4229,118.9376,352.9,1.1,1.1,2014-06-05,0542,Aqua,MODIS,96,6.2,311,67.8,D,0
-20.4244,118.9266,353.1,1.1,1.1,2014-06-05,0542,Aqua,MODIS,96,6.2,311.8,68.5,D,0
-20.4147,118.9252,378.5,1.1,1.1,2014-06-05,0542,Aqua,MODIS,100,6.2,312.6,166,D,0
-20.4162,118.9142,371.3,1.2,1.1,2014-06-05,0542,Aqua,MODIS,100,6.2,313,133.8,D,0
-20.485,118.9424,325.3,1.1,1.1,2014-06-05,0542,Aqua,MODIS,70,6.2,309.9,14.1,D,0
-20.4864,118.9314,322.6,1.2,1.1,2014-06-05,0542,Aqua,MODIS,57,6.2,308.9,10.4,D,0
-20.4879,118.9203,332.5,1.2,1.1,2014-06-05,0542,Aqua,MODIS,82,6.2,310.1,24.3,D,0
-20.4893,118.9093,336.3,1.2,1.1,2014-06-05,0542,Aqua,MODIS,85,6.2,310.5,31.6,D,0
-20.4521,118.8926,323,1.2,1.1,2014-06-05,0542,Aqua,MODIS,63,6.2,310.4,10.7,D,0
-20.448,118.8964,323.6,1.2,1.1,2014-06-05,0542,Aqua,MODIS,70,6.2,310.4,12.8,D,0
-14.4897,126.5296,316.9,2.1,1.4,2014-06-05,0543,Aqua,MODIS,33,6.2,302.9,16.8,D,0
-14.4864,126.542,318.5,2.2,1.4,2014-06-05,0543,Aqua,MODIS,65,6.2,303.3,22,D,0
-14.5479,126.2546,316.9,2,1.4,2014-06-05,0543,Aqua,MODIS,60,6.2,301.4,19.2,D,0
-14.5511,126.2357,326.8,2,1.4,2014-06-05,0543,Aqua,MODIS,78,6.2,302,46.2,D,0
-14.5078,126.1888,319.4,2,1.4,2014-06-05,0543,Aqua,MODIS,66,6.2,301.9,26.7,D,0
-14.2234,126.3953,322.3,2.1,1.4,2014-06-05,0543,Aqua,MODIS,63,6.2,302.9,30.6,D,0
-14.1906,126.5108,321.5,2.2,1.4,2014-06-05,0543,Aqua,MODIS,72,6.2,302.4,33.1,D,0
-14.5432,126.2998,317.9,2.1,1.4,2014-06-05,0543,Aqua,MODIS,36,6.2,302.4,19.9,D,0
-14.5465,126.281,324.2,2.1,1.4,2014-06-05,0543,Aqua,MODIS,71,6.2,302.4,37.2,D,0
-14.5341,126.2786,322,2.1,1.4,2014-06-05,0543,Aqua,MODIS,54,6.2,301.8,30,D,0
-14.5416,126.2922,330.2,2.1,1.4,2014-06-05,0543,Aqua,MODIS,81,6.2,302.9,59.8,D,0
-14.5448,126.2735,323.9,2.1,1.4,2014-06-05,0543,Aqua,MODIS,74,6.2,301.8,39,D,0
-14.3435,126.388,320,2.1,1.4,2014-06-05,0543,Aqua,MODIS,26,6.2,301,25.3,D,0
-14.3469,126.369,319.5,2.1,1.4,2014-06-05,0543,Aqua,MODIS,17,6.2,301.7,22.6,D,0
-14.3429,126.3804,324.9,2.1,1.4,2014-06-05,0543,Aqua,MODIS,51,6.2,301.6,38.7,D,0
-14.2983,126.4131,323.7,2.1,1.4,2014-06-05,0543,Aqua,MODIS,69,6.2,302.3,37.4,D,0
-14.4075,126.243,316.1,2.1,1.4,2014-06-05,0543,Aqua,MODIS,56,6.2,302.1,15,D,0
-14.4108,126.2242,331.7,2,1.4,2014-06-05,0543,Aqua,MODIS,83,6.2,302.7,59.9,D,0
-14.4047,126.1847,323.3,2,1.4,2014-06-05,0543,Aqua,MODIS,73,6.2,302,35.4,D,0
-14.1939,126.4912,317.8,2.2,1.4,2014-06-05,0543,Aqua,MODIS,60,6.2,302.2,20.5,D,0
-16.547,125.5124,317.6,1.7,1.3,2014-06-05,0543,Aqua,MODIS,60,6.2,303.1,13.9,D,0
-16.6395,125.3021,331.3,1.6,1.2,2014-06-05,0543,Aqua,MODIS,82,6.2,302.5,41.4,D,0
-16.6383,125.3115,321,1.6,1.2,2014-06-05,0543,Aqua,MODIS,58,6.2,303.7,19.4,D,0
-16.6408,125.2965,323.6,1.6,1.2,2014-06-05,0543,Aqua,MODIS,71,6.2,301.6,23.7,D,0
-16.7906,125.4969,316.2,1.6,1.3,2014-06-05,0543,Aqua,MODIS,19,6.2,302.8,10.3,D,0
-16.7792,125.5045,324.2,1.6,1.3,2014-06-05,0543,Aqua,MODIS,73,6.2,303.3,25.1,D,0
-16.7817,125.4894,330.8,1.6,1.3,2014-06-05,0543,Aqua,MODIS,81,6.2,305.1,41.8,D,0
-15.0383,130.3287,332.5,4.1,1.9,2014-06-05,0543,Aqua,MODIS,83,6.2,302.5,172.8,D,0
-15.5969,127.1252,319.3,2.3,1.5,2014-06-05,0543,Aqua,MODIS,67,6.2,302,28.5,D,0
-17.3438,126.6923,318.9,1.9,1.4,2014-06-05,0543,Aqua,MODIS,51,6.2,303.9,20.1,D,0
-15.0654,129.8574,325.1,3.7,1.8,2014-06-05,0543,Aqua,MODIS,34,6.2,301.1,91.4,D,0
-15.1041,129.8298,319.8,3.7,1.8,2014-06-05,0543,Aqua,MODIS,47,6.2,301.2,69.3,D,0
-15.0817,129.8596,331.5,3.7,1.8,2014-06-05,0543,Aqua,MODIS,72,6.2,302.3,141.3,D,0
-15.2532,130.2742,323.8,4,1.9,2014-06-05,0543,Aqua,MODIS,70,6.2,301.5,98.7,D,0
-14.9584,129.8945,321.4,3.8,1.8,2014-06-05,0543,Aqua,MODIS,44,6.2,301.5,74,D,0
-14.9656,129.9043,324.2,3.8,1.8,2014-06-05,0543,Aqua,MODIS,32,6.2,301.7,82.6,D,0
-16.815,126.5532,328.8,1.9,1.4,2014-06-05,0543,Aqua,MODIS,79,6.2,303.7,46.1,D,0
-15.2366,130.2711,330.7,4,1.9,2014-06-05,0543,Aqua,MODIS,81,6.2,300.5,157.4,D,0
-15.2331,130.2663,324.4,4,1.9,2014-06-05,0543,Aqua,MODIS,71,6.2,300.1,106.8,D,0
-16.8846,126.661,323.6,2,1.4,2014-06-05,0543,Aqua,MODIS,33,6.2,303.4,29.1,D,0
-16.7047,128.0285,315.4,2.5,1.5,2014-06-05,0543,Aqua,MODIS,27,6.2,301.7,20.4,D,0
-16.7091,128.0054,319.4,2.5,1.5,2014-06-05,0543,Aqua,MODIS,62,6.2,301.7,33.5,D,0
-16.8815,126.6794,325.9,2,1.4,2014-06-05,0543,Aqua,MODIS,53,6.2,305.1,35,D,0
-16.8755,126.6665,323.2,2,1.4,2014-06-05,0543,Aqua,MODIS,45,6.2,304.5,28.7,D,0
-16.8722,126.6847,325.3,2,1.4,2014-06-05,0543,Aqua,MODIS,41,6.2,306.5,33.4,D,0
-16.6996,128.0224,318.4,2.5,1.5,2014-06-05,0543,Aqua,MODIS,63,6.2,301.9,32.4,D,0
-16.7038,127.9992,313.8,2.5,1.5,2014-06-05,0543,Aqua,MODIS,30,6.2,300.9,16.6,D,0
-16.7996,126.5689,317.5,2,1.4,2014-06-05,0543,Aqua,MODIS,35,6.2,303.9,13.6,D,0
-13.9992,130.7026,320.8,4.5,2,2014-06-05,0543,Aqua,MODIS,70,6.2,299.5,90.7,D,0
-16.0796,126.529,327.3,2,1.4,2014-06-05,0543,Aqua,MODIS,73,6.2,302.3,44.6,D,0
-14.9644,130.0422,322.5,3.9,1.8,2014-06-05,0543,Aqua,MODIS,11,6.2,302.5,66.1,D,0
-14.9015,130.1046,321.4,3.9,1.8,2014-06-05,0543,Aqua,MODIS,43,6.2,303.6,65.4,D,0
-16.4186,126.5656,340.4,2,1.4,2014-06-05,0543,Aqua,MODIS,89,6.2,304.3,94.9,D,0
-16.9768,126.6661,317,2,1.4,2014-06-05,0543,Aqua,MODIS,57,6.2,303.3,17.4,D,0
-16.8028,126.5509,321.6,1.9,1.4,2014-06-05,0543,Aqua,MODIS,69,6.2,306.3,25.1,D,0
-14.8451,130.1308,319.1,3.9,1.8,2014-06-05,0543,Aqua,MODIS,60,6.2,302,60.4,D,0
-15.1183,127.3651,319.2,2.4,1.5,2014-06-05,0543,Aqua,MODIS,42,6.2,302.3,23.9,D,0
-15.3083,130.2938,317.5,4,1.9,2014-06-05,0543,Aqua,MODIS,27,6.2,302.3,52.6,D,0
-14.4701,127.6604,317.7,2.6,1.6,2014-06-05,0543,Aqua,MODIS,35,6.2,303,24.8,D,0
-13.9979,130.7074,320.1,4.5,2,2014-06-05,0543,Aqua,MODIS,69,6.2,299.4,84.5,D,0
-15.5929,127.1292,322,2.3,1.5,2014-06-05,0543,Aqua,MODIS,71,6.2,301.7,37.9,D,0
-15.5933,127.1461,316.4,2.3,1.5,2014-06-05,0543,Aqua,MODIS,59,6.2,302.7,20,D,0
-15.017,129.9877,334.4,3.8,1.8,2014-06-05,0543,Aqua,MODIS,85,6.2,303.8,162.6,D,0
-15.0007,129.9846,329.5,3.8,1.8,2014-06-05,0543,Aqua,MODIS,55,6.2,303.1,105.4,D,0
-15.0102,129.9782,332.2,3.8,1.8,2014-06-05,0543,Aqua,MODIS,54,6.2,303.8,124.2,D,0
-14.5549,127.7495,321.6,2.7,1.6,2014-06-05,0543,Aqua,MODIS,71,6.2,303,43.4,D,0
-16.4294,126.562,331,2,1.4,2014-06-05,0543,Aqua,MODIS,82,6.2,301.8,56.6,D,0
-16.8384,126.7088,324.1,2,1.4,2014-06-05,0543,Aqua,MODIS,49,6.2,303.3,25.8,D,0
-16.9164,126.5062,319.7,1.9,1.4,2014-06-05,0543,Aqua,MODIS,65,6.2,303.9,22.6,D,0
-16.4219,126.5471,336.3,2,1.4,2014-06-05,0543,Aqua,MODIS,86,6.2,304.4,76,D,0
-16.8507,126.711,338.9,2,1.4,2014-06-05,0543,Aqua,MODIS,88,6.2,304.7,79.1,D,0
-16.5378,126.634,319.5,2,1.4,2014-06-05,0543,Aqua,MODIS,65,6.2,303.4,22.3,D,0
-16.5222,126.6501,323.3,2,1.4,2014-06-05,0543,Aqua,MODIS,72,6.2,304.3,31.8,D,0
-16.5532,127.5818,319,2.3,1.5,2014-06-05,0543,Aqua,MODIS,33,6.2,302.1,27.5,D,0
-15.2175,130.4607,318.7,4.1,1.9,2014-06-05,0543,Aqua,MODIS,38,6.2,301.9,59.8,D,0
-15.2097,130.5009,324.1,4.1,1.9,2014-06-05,0543,Aqua,MODIS,71,6.2,303.2,95.7,D,0
-15.2218,130.4695,326.1,4.1,1.9,2014-06-05,0543,Aqua,MODIS,62,6.2,302.5,112.5,D,0
-16.5308,127.5546,314.4,2.3,1.5,2014-06-05,0543,Aqua,MODIS,38,6.2,301.3,16.8,D,0
-14.0633,127.326,314.8,2.5,1.5,2014-06-05,0543,Aqua,MODIS,56,6.2,301.3,22.1,D,0
-15.7354,126.2574,317,1.9,1.4,2014-06-05,0543,Aqua,MODIS,48,6.2,303.7,17.6,D,0
-16.8098,126.5651,325.5,2,1.4,2014-06-05,0543,Aqua,MODIS,66,6.2,303.6,33.3,D,0
-15.3233,129.9947,315.6,3.8,1.8,2014-06-05,0543,Aqua,MODIS,51,6.2,301.6,46,D,0
-15.3393,129.999,317.6,3.8,1.8,2014-06-05,0543,Aqua,MODIS,61,6.2,303.2,56.8,D,0
-15.3305,130.0049,323.1,3.8,1.8,2014-06-05,0543,Aqua,MODIS,72,6.2,302.5,93,D,0
-16.8128,126.5473,326.5,1.9,1.4,2014-06-05,0543,Aqua,MODIS,72,6.2,304.4,37.4,D,0
-16.7976,126.5627,321.7,2,1.4,2014-06-05,0543,Aqua,MODIS,65,6.2,304.5,24.4,D,0
-16.5999,128.218,337.2,2.6,1.6,2014-06-05,0543,Aqua,MODIS,87,6.2,303.9,123.8,D,0
-13.9805,129.8539,314,3.9,1.8,2014-06-05,0543,Aqua,MODIS,52,6.2,298.9,47.9,D,0
-16.3387,127.5963,315.9,2.4,1.5,2014-06-05,0543,Aqua,MODIS,54,6.2,302.8,22.7,D,0
-14.8415,130.1252,320.4,3.9,1.8,2014-06-05,0543,Aqua,MODIS,68,6.2,301.8,71.4,D,0
-15.3007,130.333,320.3,4,1.9,2014-06-05,0543,Aqua,MODIS,67,6.2,302.3,73.2,D,0
-15.2955,130.3234,321.6,4,1.9,2014-06-05,0543,Aqua,MODIS,59,6.2,302,80.6,D,0
-15.0411,130.3334,338.8,4.1,1.9,2014-06-05,0543,Aqua,MODIS,88,6.2,302.8,243.1,D,0
-15.0983,130.1651,315.7,3.9,1.8,2014-06-05,0543,Aqua,MODIS,54,6.2,301,48.5,D,0
-15.1317,127.3678,320.7,2.4,1.5,2014-06-05,0543,Aqua,MODIS,50,6.2,302.9,28.3,D,0
-16.6086,127.5524,321,2.3,1.5,2014-06-05,0543,Aqua,MODIS,36,6.2,301.8,31,D,0
-17.4529,126.4226,319.9,1.9,1.3,2014-06-05,0543,Aqua,MODIS,65,6.2,305.1,19,D,0
-14.8744,127.5415,319.6,2.5,1.5,2014-06-05,0543,Aqua,MODIS,67,6.2,302.9,31.5,D,0
-15.092,129.8573,330.8,3.7,1.8,2014-06-05,0543,Aqua,MODIS,61,6.2,302.5,136.7,D,0
-15.0978,129.8625,321.8,3.7,1.8,2014-06-05,0543,Aqua,MODIS,48,6.2,302.1,73.8,D,0
-13.7927,130.148,315.4,4.2,1.9,2014-06-05,0543,Aqua,MODIS,58,6.2,299.2,56.9,D,0
-13.8096,130.1515,314,4.2,1.9,2014-06-05,0543,Aqua,MODIS,46,6.2,300.1,45.7,D,0
-15.2398,130.2304,326.6,3.9,1.8,2014-06-05,0543,Aqua,MODIS,77,6.2,300.4,124.3,D,0
-15.2436,130.2352,333.9,3.9,1.8,2014-06-05,0543,Aqua,MODIS,84,6.2,300.7,188.8,D,0
-14.8786,127.5183,327.2,2.5,1.5,2014-06-05,0543,Aqua,MODIS,78,6.2,302.9,61.9,D,0
-14.5962,129.9133,318.3,3.8,1.8,2014-06-05,0543,Aqua,MODIS,42,6.2,303,47.5,D,0
-14.6059,129.9072,316.4,3.8,1.8,2014-06-05,0543,Aqua,MODIS,53,6.2,303.4,40.2,D,0
-17.106,126.296,323.4,1.8,1.3,2014-06-05,0543,Aqua,MODIS,67,6.2,305.4,26.7,D,0
-15.2601,130.2385,317.2,3.9,1.8,2014-06-05,0543,Aqua,MODIS,33,6.2,300.8,53.1,D,0
-16.9196,126.4885,323.8,1.9,1.4,2014-06-05,0543,Aqua,MODIS,73,6.2,303.2,33.3,D,0
-17.1088,126.279,318.3,1.8,1.3,2014-06-05,0543,Aqua,MODIS,36,6.2,302.8,15.4,D,0
-17.1149,126.2872,326.9,1.8,1.3,2014-06-05,0543,Aqua,MODIS,62,6.2,304.7,35.4,D,0
-16.9122,126.4983,324.7,1.9,1.4,2014-06-05,0543,Aqua,MODIS,62,6.2,303.4,33.2,D,0
-16.5228,126.6234,324.1,2,1.4,2014-06-05,0543,Aqua,MODIS,61,6.2,303.4,32.4,D,0
-16.6752,126.514,325.2,1.9,1.4,2014-06-05,0543,Aqua,MODIS,75,6.2,303.3,36.8,D,0
-16.5196,126.6424,324.4,2,1.4,2014-06-05,0543,Aqua,MODIS,26,6.2,304,31.4,D,0
-16.5289,126.6123,328,2,1.4,2014-06-05,0543,Aqua,MODIS,78,6.2,303.5,46.4,D,0
-16.5255,126.6313,338.2,2,1.4,2014-06-05,0543,Aqua,MODIS,87,6.2,304.7,86.1,D,0
-14.8811,127.5353,324.6,2.5,1.5,2014-06-05,0543,Aqua,MODIS,75,6.2,303.2,49.7,D,0
-14.8852,127.5121,316.6,2.5,1.5,2014-06-05,0543,Aqua,MODIS,45,6.2,302.4,19.3,D,0
-16.0898,126.5553,335.7,2,1.4,2014-06-05,0543,Aqua,MODIS,86,6.2,305.1,78.1,D,0
-14.5993,129.9422,326.5,3.9,1.8,2014-06-05,0543,Aqua,MODIS,78,6.2,303.4,114.2,D,0
-14.5894,129.9482,319.9,3.9,1.8,2014-06-05,0543,Aqua,MODIS,48,6.2,303.7,62.1,D,0
-16.4403,128.358,327.8,2.7,1.6,2014-06-05,0543,Aqua,MODIS,78,6.2,302.9,74.2,D,0
-16.6307,127.5296,318.3,2.3,1.5,2014-06-05,0543,Aqua,MODIS,29,6.2,302,23,D,0
-15.1887,129.9619,316.9,3.8,1.8,2014-06-05,0543,Aqua,MODIS,38,6.2,300.4,51.8,D,0
-16.0866,126.5737,321.2,2,1.4,2014-06-05,0543,Aqua,MODIS,67,6.2,303.2,27.4,D,0
-16.1664,126.5767,319.4,2,1.4,2014-06-05,0543,Aqua,MODIS,44,6.2,303.6,17.6,D,0
-16.1787,126.5792,328.2,2,1.4,2014-06-05,0543,Aqua,MODIS,79,6.2,302.6,46.4,D,0
-16.1755,126.5978,322.7,2,1.4,2014-06-05,0543,Aqua,MODIS,64,6.2,302.7,30.2,D,0
-16.343,127.5898,318.5,2.4,1.5,2014-06-05,0543,Aqua,MODIS,63,6.2,302.4,30.3,D,0
-15.1913,129.9897,318.6,3.8,1.8,2014-06-05,0543,Aqua,MODIS,23,6.2,301.2,58.9,D,0
-13.9699,129.8841,315.4,3.9,1.8,2014-06-05,0543,Aqua,MODIS,58,6.2,300.4,52,D,0
-16.3048,126.3076,322.7,1.9,1.3,2014-06-05,0543,Aqua,MODIS,72,6.2,302.8,31.5,D,0
-16.2989,126.3193,317.5,1.9,1.4,2014-06-05,0543,Aqua,MODIS,29,6.2,302.6,16.1,D,0
-14.6093,127.2781,318.5,2.4,1.5,2014-06-05,0543,Aqua,MODIS,66,6.2,304,25.7,D,0
-16.3019,126.3018,322.1,1.9,1.3,2014-06-05,0543,Aqua,MODIS,67,6.2,303,27.9,D,0
-16.4895,128.2699,314.1,2.7,1.6,2014-06-05,0543,Aqua,MODIS,28,6.2,300.5,16.7,D,0
-14.4896,127.7559,324.6,2.7,1.6,2014-06-05,0543,Aqua,MODIS,75,6.2,301.9,60.8,D,0
-14.4852,127.7812,318.9,2.7,1.6,2014-06-05,0543,Aqua,MODIS,65,6.2,301.1,37.2,D,0
-14.4803,127.7625,326.7,2.7,1.6,2014-06-05,0543,Aqua,MODIS,78,6.2,301.1,70.4,D,0
-14.8693,127.2068,319.9,2.4,1.5,2014-06-05,0543,Aqua,MODIS,66,6.2,302.9,30.7,D,0
-14.8599,127.1824,320.7,2.4,1.5,2014-06-05,0543,Aqua,MODIS,69,6.2,302.5,33.5,D,0
-16.4863,128.2642,314.7,2.7,1.6,2014-06-05,0543,Aqua,MODIS,30,6.2,300.6,18.6,D,0
-14.4944,127.7646,319.3,2.7,1.6,2014-06-05,0543,Aqua,MODIS,67,6.2,302,40.3,D,0
-15.1277,127.3901,327.6,2.4,1.5,2014-06-05,0543,Aqua,MODIS,79,6.2,303.2,56.7,D,0
-15.1212,130.6841,315.6,4.3,1.9,2014-06-05,0543,Aqua,MODIS,43,6.2,302.9,39.6,D,0
-13.8426,130.0104,342.5,4.1,1.9,2014-06-05,0543,Aqua,MODIS,91,6.2,300.6,303.4,D,0
-13.8878,130.0115,329.5,4.1,1.9,2014-06-05,0543,Aqua,MODIS,81,6.2,299.5,161.7,D,0
-13.8544,130.005,331.9,4.1,1.9,2014-06-05,0543,Aqua,MODIS,83,6.2,300.6,185,D,0
-15.2288,130.0478,313.7,3.8,1.8,2014-06-05,0543,Aqua,MODIS,28,6.2,300.5,43.4,D,0
-15.2241,130.0419,316.4,3.8,1.8,2014-06-05,0543,Aqua,MODIS,57,6.2,300.6,58.4,D,0
-15.7965,126.0501,314.9,1.9,1.3,2014-06-05,0543,Aqua,MODIS,53,6.2,302.6,13.5,D,0
-14.8619,127.2003,322.6,2.4,1.5,2014-06-05,0543,Aqua,MODIS,54,6.2,303.6,36.9,D,0
-14.7422,127.178,320.9,2.4,1.5,2014-06-05,0543,Aqua,MODIS,66,6.2,301.8,34,D,0
-15.733,126.2517,316.2,1.9,1.4,2014-06-05,0543,Aqua,MODIS,48,6.2,304,16.2,D,0
-14.4745,127.6363,323,2.6,1.6,2014-06-05,0543,Aqua,MODIS,74,6.2,302.6,45.4,D,0
-14.9927,130.2047,315.5,4,1.9,2014-06-05,0543,Aqua,MODIS,56,6.2,302.3,47.5,D,0
-15.9245,126.2307,318.2,1.9,1.4,2014-06-05,0543,Aqua,MODIS,37,6.2,303.4,18.8,D,0
-13.8927,130.0202,317.4,4.1,1.9,2014-06-05,0543,Aqua,MODIS,34,6.2,299,60.1,D,0
-15.0037,130.0136,331.1,3.8,1.8,2014-06-05,0543,Aqua,MODIS,50,6.2,303.4,121.9,D,0
-16.2211,126.9301,321,2.1,1.4,2014-06-05,0543,Aqua,MODIS,54,6.2,304.1,25.1,D,0
-15.3808,126.7695,316,2.2,1.4,2014-06-05,0543,Aqua,MODIS,21,6.2,301.3,17.6,D,0
-16.6054,128.226,318.5,2.6,1.6,2014-06-05,0543,Aqua,MODIS,54,6.2,304.6,32.7,D,0
-16.0807,126.5344,334,2,1.4,2014-06-05,0543,Aqua,MODIS,84,6.2,303.2,69.7,D,0
-14.4085,127.5659,319.5,2.6,1.5,2014-06-05,0543,Aqua,MODIS,68,6.2,303.8,33.1,D,0
-14.418,127.5625,316.9,2.6,1.5,2014-06-05,0543,Aqua,MODIS,50,6.2,303.2,22.3,D,0
-14.4042,127.5603,317.2,2.6,1.5,2014-06-05,0543,Aqua,MODIS,49,6.2,303.3,25.2,D,0
-16.093,126.5369,318,2,1.4,2014-06-05,0543,Aqua,MODIS,39,6.2,302.8,18,D,0
-15.3806,126.7767,315,2.2,1.4,2014-06-05,0543,Aqua,MODIS,22,6.2,301.5,15.8,D,0
-15.4223,126.764,322.8,2.1,1.4,2014-06-05,0543,Aqua,MODIS,73,6.2,301.4,38.9,D,0
-14.469,127.6268,327.5,2.6,1.6,2014-06-05,0543,Aqua,MODIS,79,6.2,303,66.9,D,0
-14.3532,127.526,316.3,2.6,1.5,2014-06-05,0543,Aqua,MODIS,48,6.2,302.8,24.3,D,0
-16.6041,128.1941,342.2,2.6,1.6,2014-06-05,0543,Aqua,MODIS,90,6.2,303.7,155,D,0
-14.5581,127.7555,320.2,2.7,1.6,2014-06-05,0543,Aqua,MODIS,69,6.2,303.3,37,D,0
-15.9215,126.2482,318.9,1.9,1.4,2014-06-05,0543,Aqua,MODIS,43,6.2,303.6,18.5,D,0
-14.3471,127.5174,316.3,2.6,1.5,2014-06-05,0543,Aqua,MODIS,44,6.2,302.3,23.4,D,0
-16.6097,128.2027,333.2,2.6,1.6,2014-06-05,0543,Aqua,MODIS,84,6.2,303.7,99.2,D,0
-16.5914,128.2238,315.4,2.6,1.6,2014-06-05,0543,Aqua,MODIS,24,6.2,301.8,21.1,D,0
-16.5959,128.1999,341.7,2.6,1.6,2014-06-05,0543,Aqua,MODIS,90,6.2,303.3,152.5,D,0
-14.4647,127.6514,323.3,2.6,1.6,2014-06-05,0543,Aqua,MODIS,74,6.2,303.2,48.1,D,0
-14.7464,127.1715,315.7,2.4,1.5,2014-06-05,0543,Aqua,MODIS,53,6.2,301.6,19.8,D,0
-16.5758,127.6086,322,2.4,1.5,2014-06-05,0543,Aqua,MODIS,68,6.2,303.5,37.6,D,0
-16.618,128.1969,315.8,2.6,1.6,2014-06-05,0543,Aqua,MODIS,54,6.2,302.5,21.9,D,0
-16.2095,126.151,323.6,1.9,1.3,2014-06-05,0543,Aqua,MODIS,73,6.2,301.3,32.8,D,0
-16.4172,126.5597,331.9,2,1.4,2014-06-05,0543,Aqua,MODIS,83,6.2,304.7,60.4,D,0
-17.0985,122.9844,322.8,1.1,1.1,2014-06-05,0543,Aqua,MODIS,45,6.2,303.5,12.7,D,0
-14.2442,130.1914,321.9,4.1,1.9,2014-06-05,0543,Aqua,MODIS,69,6.2,300.2,88.6,D,0
-14.261,130.1945,335.8,4.1,1.9,2014-06-05,0543,Aqua,MODIS,86,6.2,300.1,217.8,D,0
-14.2875,130.239,339.7,4.1,1.9,2014-06-05,0543,Aqua,MODIS,89,6.2,299.7,270.6,D,0
-14.2804,130.2767,319.2,4.2,1.9,2014-06-05,0543,Aqua,MODIS,32,6.2,299.9,68.7,D,0
-14.2973,130.2802,337.8,4.2,1.9,2014-06-05,0543,Aqua,MODIS,88,6.2,301.7,243.8,D,0
-14.2895,130.2443,350.2,4.1,1.9,2014-06-05,0543,Aqua,MODIS,95,6.2,300.1,424.5,D,0
-17.0268,122.4144,321.2,1.1,1,2014-06-05,0543,Aqua,MODIS,64,6.2,303.3,12.4,D,0
-17.0252,122.4245,328.6,1.1,1,2014-06-05,0543,Aqua,MODIS,79,6.2,304.7,20.9,D,0
-17.033,122.4361,338.9,1.1,1,2014-06-05,0543,Aqua,MODIS,88,6.2,306.1,34.8,D,0
-16.454,124.4717,318.4,1.4,1.2,2014-06-05,0543,Aqua,MODIS,61,6.2,302,13.5,D,0
-16.4561,124.4591,318.1,1.4,1.2,2014-06-05,0543,Aqua,MODIS,51,6.2,302.2,12.3,D,0
-16.2925,128.3189,317.4,2.7,1.6,2014-06-05,0543,Aqua,MODIS,60,6.2,302,26.8,D,0
-16.2882,128.3428,318.8,2.7,1.6,2014-06-05,0543,Aqua,MODIS,64,6.2,303.4,32.1,D,0
-16.2809,128.3218,321,2.7,1.6,2014-06-05,0543,Aqua,MODIS,68,6.2,302.8,39.7,D,0
-15.8321,127.4168,338.3,2.4,1.5,2014-06-05,0543,Aqua,MODIS,88,6.2,305.4,104.3,D,0
-15.819,127.4295,325.3,2.4,1.5,2014-06-05,0543,Aqua,MODIS,37,6.2,305.6,40.3,D,0
-14.3661,129.8467,314.3,3.8,1.8,2014-06-05,0543,Aqua,MODIS,50,6.2,300.7,47.1,D,0
-14.3615,129.8407,316.9,3.8,1.8,2014-06-05,0543,Aqua,MODIS,61,6.2,300.8,64.1,D,0
-14.4707,129.8754,316.6,3.8,1.8,2014-06-05,0543,Aqua,MODIS,39,6.2,301.9,41.6,D,0
-17.0794,122.9811,371.8,1.1,1.1,2014-06-05,0543,Aqua,MODIS,100,6.2,307.4,137.3,D,0
-16.7974,125.1882,322.6,1.6,1.2,2014-06-05,0543,Aqua,MODIS,71,6.2,305.8,21.3,D,0
-16.4912,123.6731,315.2,1.3,1.1,2014-06-05,0543,Aqua,MODIS,43,6.2,304,7.8,D,0
-17.089,122.9828,340.7,1.1,1.1,2014-06-05,0543,Aqua,MODIS,89,6.2,308.2,41.2,D,0
-17.0424,122.7533,322.2,1.1,1.1,2014-06-05,0543,Aqua,MODIS,26,6.2,305.9,11.8,D,0
-16.4623,125.2588,322,1.6,1.2,2014-06-05,0543,Aqua,MODIS,68,6.2,305.2,18,D,0
-16.4649,125.244,324.5,1.6,1.2,2014-06-05,0543,Aqua,MODIS,74,6.2,306.5,22.7,D,0
-16.4637,125.2534,328.7,1.6,1.2,2014-06-05,0543,Aqua,MODIS,79,6.2,306.1,32.9,D,0
-17.0975,123.1453,317,1.2,1.1,2014-06-05,0543,Aqua,MODIS,57,6.2,304.7,8.3,D,0
-17.0958,123.1562,317.4,1.2,1.1,2014-06-05,0543,Aqua,MODIS,59,6.2,305,9,D,0
-17.0872,122.3934,331.9,1.1,1,2014-06-05,0543,Aqua,MODIS,81,6.2,305.2,23.8,D,0
-14.4415,126.3471,330.9,2.1,1.4,2014-06-05,0543,Aqua,MODIS,66,6.2,303.1,56.4,D,0
-14.4409,126.3521,330.4,2.1,1.4,2014-06-05,0543,Aqua,MODIS,64,6.2,303.2,54.8,D,0
-14.4535,126.3544,323.2,2.1,1.4,2014-06-05,0543,Aqua,MODIS,47,6.2,302.4,32.5,D,0
-14.4668,126.1957,365.3,2,1.4,2014-06-05,0543,Aqua,MODIS,100,6.2,304.7,259.8,D,0
-14.4793,126.1979,329.8,2,1.4,2014-06-05,0543,Aqua,MODIS,61,6.2,302.7,51.5,D,0
-17.0933,123.0824,319.8,1.2,1.1,2014-06-05,0543,Aqua,MODIS,66,6.2,304.2,12.1,D,0
-17.095,123.0716,326.9,1.2,1.1,2014-06-05,0543,Aqua,MODIS,77,6.2,305.5,21.4,D,0
-17.0952,123.0057,356.5,1.1,1.1,2014-06-05,0543,Aqua,MODIS,98,6.2,309.5,81.5,D,0
-13.8996,129.9836,329.5,4,1.9,2014-06-05,0543,Aqua,MODIS,81,6.2,300.8,156.4,D,0
-16.795,125.2028,318.4,1.6,1.2,2014-06-05,0543,Aqua,MODIS,61,6.2,303,14.3,D,0
-14.3946,130.2728,314.8,4.1,1.9,2014-06-05,0543,Aqua,MODIS,16,6.2,301.3,47.7,D,0
-17.0854,123.07,337.2,1.2,1.1,2014-06-05,0543,Aqua,MODIS,87,6.2,303.9,37.8,D,0
-16.4695,125.1483,317.6,1.6,1.2,2014-06-05,0543,Aqua,MODIS,36,6.2,301.9,13.3,D,0
-17.0827,122.9599,349.7,1.1,1.1,2014-06-05,0543,Aqua,MODIS,95,6.2,304.2,64.3,D,0
-14.2991,130.2853,333.3,4.2,1.9,2014-06-05,0543,Aqua,MODIS,84,6.2,301.7,196.4,D,0
-17.0978,122.3232,321.3,1.1,1,2014-06-05,0543,Aqua,MODIS,46,6.2,306.2,9.9,D,0
-14.4762,126.2165,352.7,2,1.4,2014-06-05,0543,Aqua,MODIS,96,6.2,305.1,163.3,D,0
-14.455,126.1987,319.3,2,1.4,2014-06-05,0543,Aqua,MODIS,41,6.2,301.2,22.3,D,0
-14.4706,126.1823,336,2,1.4,2014-06-05,0543,Aqua,MODIS,86,6.2,301,80.7,D,0
-14.4674,126.2008,362,2,1.4,2014-06-05,0543,Aqua,MODIS,100,6.2,304.8,232.6,D,0
-14.4641,126.2194,326.6,2,1.4,2014-06-05,0543,Aqua,MODIS,77,6.2,301.9,41.3,D,0
-14.4798,126.2029,348.5,2,1.4,2014-06-05,0543,Aqua,MODIS,94,6.2,303.7,140,D,0
-14.4766,126.2216,348.5,2,1.4,2014-06-05,0543,Aqua,MODIS,94,6.2,304.3,139.1,D,0
-14.4955,126.1865,331.8,2,1.4,2014-06-05,0543,Aqua,MODIS,83,6.2,302.1,64.5,D,0
-14.4922,126.2052,332.2,2,1.4,2014-06-05,0543,Aqua,MODIS,83,6.2,303.3,65,D,0
-15.8415,127.441,336.3,2.4,1.5,2014-06-05,0543,Aqua,MODIS,86,6.2,307.3,89.8,D,0
-14.3898,130.1177,321.5,4,1.9,2014-06-05,0543,Aqua,MODIS,51,6.2,301,81.5,D,0
-14.4552,126.4946,318.4,2.1,1.4,2014-06-05,0543,Aqua,MODIS,64,6.2,303.2,19.6,D,0
-16.2176,128.4086,325.6,2.8,1.6,2014-06-05,0543,Aqua,MODIS,76,6.2,303.3,61.9,D,0
-16.2034,128.406,332.9,2.8,1.6,2014-06-05,0543,Aqua,MODIS,83,6.2,302.1,103.3,D,0
-16.2081,128.3807,320.5,2.7,1.6,2014-06-05,0543,Aqua,MODIS,68,6.2,300.8,40.2,D,0
-17.0906,122.9722,340.1,1.1,1.1,2014-06-05,0543,Aqua,MODIS,89,6.2,304.5,41,D,0
-16.214,128.4005,330.6,2.8,1.6,2014-06-05,0543,Aqua,MODIS,81,6.2,303,87.8,D,0
-16.1998,128.3978,320.5,2.8,1.6,2014-06-05,0543,Aqua,MODIS,68,6.2,301.5,40.6,D,0
-17.087,123.0593,326.4,1.1,1.1,2014-06-05,0543,Aqua,MODIS,76,6.2,302.7,19.1,D,0
-13.8377,130.0015,324.1,4.1,1.9,2014-06-05,0543,Aqua,MODIS,75,6.2,300.4,117.8,D,0
-16.273,128.1869,322.5,2.6,1.6,2014-06-05,0543,Aqua,MODIS,71,6.2,302,41.8,D,0
-16.3054,128.1671,321.3,2.6,1.6,2014-06-05,0543,Aqua,MODIS,68,6.2,303.8,37.2,D,0
-16.3088,128.1731,317.7,2.6,1.6,2014-06-05,0543,Aqua,MODIS,41,6.2,303.4,23.2,D,0
-17.0486,122.7758,326.3,1.1,1.1,2014-06-05,0543,Aqua,MODIS,76,6.2,305,16.5,D,0
-17.0518,122.7821,322.4,1.1,1.1,2014-06-05,0543,Aqua,MODIS,31,6.2,304.8,10.8,D,0
-14.3231,130.251,326.4,4.1,1.9,2014-06-05,0543,Aqua,MODIS,77,6.2,300.9,124,D,0
-14.3063,130.2478,346.3,4.1,1.9,2014-06-05,0543,Aqua,MODIS,93,6.2,301.4,360,D,0
-14.3211,130.2458,328.5,4.1,1.9,2014-06-05,0543,Aqua,MODIS,80,6.2,300.6,142.4,D,0
-14.3042,130.2425,347.3,4.1,1.9,2014-06-05,0543,Aqua,MODIS,93,6.2,301.1,371,D,0
-15.8454,127.4194,348.2,2.4,1.5,2014-06-05,0543,Aqua,MODIS,94,6.2,306.1,164.7,D,0
-15.8361,127.4101,331.9,2.4,1.5,2014-06-05,0543,Aqua,MODIS,67,6.2,304.2,68.8,D,0
-16.5041,125.0058,315.7,1.5,1.2,2014-06-05,0543,Aqua,MODIS,54,6.2,303.5,10.8,D,0
-14.0647,130.2634,315.4,4.2,1.9,2014-06-05,0543,Aqua,MODIS,31,6.2,301.6,37.7,D,0
-13.8945,129.9749,328.5,4,1.9,2014-06-05,0543,Aqua,MODIS,80,6.2,300.1,150.5,D,0
-14.0661,130.2692,317.3,4.2,1.9,2014-06-05,0543,Aqua,MODIS,30,6.2,301.8,45.6,D,0
-13.883,129.9805,318.1,4,1.9,2014-06-05,0543,Aqua,MODIS,41,6.2,299.1,64.4,D,0
-17.0936,123.0164,323.7,1.1,1.1,2014-06-05,0543,Aqua,MODIS,57,6.2,304.3,14.2,D,0
-17.0969,122.9951,329.2,1.1,1.1,2014-06-05,0543,Aqua,MODIS,41,6.2,307.2,20.6,D,0
-17.0377,122.7205,322.3,1.1,1.1,2014-06-05,0543,Aqua,MODIS,49,6.2,303.9,13.2,D,0
-14.5531,126.2434,325.8,2,1.4,2014-06-05,0543,Aqua,MODIS,70,6.2,302.1,41.1,D,0
-17.033,122.6878,316.8,1.1,1,2014-06-05,0543,Aqua,MODIS,53,6.2,301.6,8.8,D,0
-17.0857,123.0041,356.6,1.1,1.1,2014-06-05,0543,Aqua,MODIS,98,6.2,305.3,81.3,D,0
-17.0873,122.9934,342.1,1.1,1.1,2014-06-05,0543,Aqua,MODIS,90,6.2,306.7,43.6,D,0
-17.0857,122.4035,323.3,1.1,1,2014-06-05,0543,Aqua,MODIS,38,6.2,307.1,12.3,D,0
-17.1161,122.2648,324.3,1.1,1,2014-06-05,0543,Aqua,MODIS,0,6.2,308.1,14.1,D,0
-16.9841,122.5256,324.7,1.1,1,2014-06-05,0543,Aqua,MODIS,73,6.2,305.3,15.5,D,0
-16.9857,122.5154,324.9,1.1,1,2014-06-05,0543,Aqua,MODIS,67,6.2,304.2,15.3,D,0
-16.9763,122.5138,373.7,1.1,1,2014-06-05,0543,Aqua,MODIS,100,6.2,309,135.3,D,0
-16.9779,122.5036,375.4,1.1,1,2014-06-05,0543,Aqua,MODIS,87,6.2,308.8,141.5,D,0
-17.0907,123.1887,327.2,1.2,1.1,2014-06-05,0543,Aqua,MODIS,77,6.2,305.3,21.7,D,0
-16.7228,122.8417,318.5,1.1,1.1,2014-06-05,0543,Aqua,MODIS,58,6.2,305.7,10.3,D,0
-16.6297,125.2943,328.9,1.6,1.2,2014-06-05,0543,Aqua,MODIS,71,6.2,303.8,34.2,D,0
-16.3134,128.1486,319.4,2.6,1.6,2014-06-05,0543,Aqua,MODIS,60,6.2,303.6,29.9,D,0
-14.3848,130.1089,322.5,4,1.9,2014-06-05,0543,Aqua,MODIS,56,6.2,301,89.5,D,0
-17.0811,122.9705,419.7,1.1,1.1,2014-06-05,0543,Aqua,MODIS,100,6.2,317.9,464.4,D,0
-14.8911,130.8292,316,4.4,1.9,2014-06-05,0543,Aqua,MODIS,51,6.2,302.6,42.3,D,0
-14.8915,130.8252,316.7,4.4,1.9,2014-06-05,0543,Aqua,MODIS,58,6.2,302.7,48.7,D,0
-14.9567,130.6776,315,4.3,1.9,2014-06-05,0543,Aqua,MODIS,49,6.2,301.9,34,D,0
-14.9491,130.7167,323.2,4.3,1.9,2014-06-05,0543,Aqua,MODIS,73,6.2,302.1,94.9,D,0
-14.9487,130.7127,324.4,4.3,1.9,2014-06-05,0543,Aqua,MODIS,75,6.2,302.1,107.7,D,0
-15.8012,135.1864,309.5,1.1,1.1,2014-06-05,1330,Terra,MODIS,78,6.2,293.6,8.8,N,0
-15.8026,135.176,304.6,1.1,1.1,2014-06-05,1330,Terra,MODIS,61,6.2,293.2,5.5,N,0
-15.7999,135.1967,315.3,1.1,1.1,2014-06-05,1330,Terra,MODIS,91,6.2,293.8,14.3,N,0
-14.1905,134.1876,303.2,1.2,1.1,2014-06-05,1330,Terra,MODIS,51,6.2,293.2,4.6,N,0
-15.3102,130.3181,305.8,2.3,1.5,2014-06-05,1330,Terra,MODIS,66,6.2,293.5,18.3,N,0
-15.1898,129.9855,306.4,2.4,1.5,2014-06-05,1330,Terra,MODIS,24,6.2,293.9,18.2,N,0
-15.0361,129.8613,316,2.5,1.5,2014-06-05,1330,Terra,MODIS,92,6.2,295.3,45.6,N,0
-15.0915,129.8047,307.4,2.5,1.5,2014-06-05,1330,Terra,MODIS,71,6.2,293.1,24.1,N,0
-15.099,129.7991,306.6,2.5,1.5,2014-06-05,1330,Terra,MODIS,22,6.2,292.9,20,N,0
-14.9485,130.0731,303.5,2.4,1.5,2014-06-05,1330,Terra,MODIS,55,6.2,293.1,15.1,N,0
-15.1404,129.9331,305.4,2.5,1.5,2014-06-05,1330,Terra,MODIS,11,6.2,293.6,17.5,N,0
-15.53,130.4261,309.3,2.3,1.5,2014-06-05,1330,Terra,MODIS,77,6.2,293.4,26.5,N,0
-15.0387,129.8386,323.1,2.5,1.5,2014-06-05,1330,Terra,MODIS,100,6.2,295.3,73.1,N,0
-14.9693,129.8946,305.4,2.5,1.5,2014-06-05,1330,Terra,MODIS,64,6.2,294.1,18,N,0
-15.2199,130.5205,318.3,2.2,1.4,2014-06-05,1330,Terra,MODIS,97,6.2,294.1,49.7,N,0
-15.2223,130.4994,312.3,2.2,1.4,2014-06-05,1330,Terra,MODIS,84,6.2,292.6,32.3,N,0
-14.9763,129.901,305,2.5,1.5,2014-06-05,1330,Terra,MODIS,51,6.2,294,15.8,N,0
-15.0525,129.8399,304.9,2.5,1.5,2014-06-05,1330,Terra,MODIS,24,6.2,293.7,16.7,N,0
-15.0471,129.8868,313.3,2.5,1.5,2014-06-05,1330,Terra,MODIS,86,6.2,294.4,34.8,N,0
-15.0789,129.9197,306.3,2.5,1.5,2014-06-05,1330,Terra,MODIS,13,6.2,294.1,16.3,N,0
-15.0498,129.8633,316.4,2.5,1.5,2014-06-05,1330,Terra,MODIS,93,6.2,294.8,46,N,0
-16.19,128.4113,307.7,3.3,1.7,2014-06-05,1330,Terra,MODIS,72,6.2,292,42.5,N,0
-13.5786,132.6912,341.2,1.5,1.2,2014-06-05,1331,Terra,MODIS,100,6.2,296.4,72.7,N,0
-13.582,132.6642,326.4,1.5,1.2,2014-06-05,1331,Terra,MODIS,100,6.2,295.7,36.6,N,0
-13.2435,132.6213,307,1.5,1.2,2014-06-05,1331,Terra,MODIS,49,6.2,294.6,7.9,N,0
-13.2213,132.5369,305.1,1.5,1.2,2014-06-05,1331,Terra,MODIS,62,6.2,294.5,6.6,N,0
-13.5803,132.6777,359.9,1.5,1.2,2014-06-05,1331,Terra,MODIS,100,6.2,299.2,143.6,N,0
-13.428,132.8609,310.2,1.4,1.2,2014-06-05,1331,Terra,MODIS,79,6.2,293.6,12.7,N,0
-13.3133,132.7061,306.9,1.4,1.2,2014-06-05,1331,Terra,MODIS,38,6.2,293,9.8,N,0
-13.591,132.6797,309.8,1.5,1.2,2014-06-05,1331,Terra,MODIS,73,6.2,295.1,11.1,N,0
-13.2877,132.822,309.1,1.4,1.2,2014-06-05,1331,Terra,MODIS,76,6.2,294.6,10.4,N,0
-13.2196,132.5508,308.9,1.5,1.2,2014-06-05,1331,Terra,MODIS,76,6.2,294.9,10.9,N,0
-13.5341,132.6663,307,1.5,1.2,2014-06-05,1331,Terra,MODIS,12,6.2,294.8,7.6,N,0
-13.2632,132.6383,310,1.5,1.2,2014-06-05,1331,Terra,MODIS,79,6.2,295.1,11.8,N,0
-13.2649,132.6248,305.4,1.5,1.2,2014-06-05,1331,Terra,MODIS,48,6.2,295.2,7,N,0
-13.5251,132.651,327.6,1.5,1.2,2014-06-05,1331,Terra,MODIS,100,6.2,296,40,N,0
-13.5502,132.6264,304.2,1.5,1.2,2014-06-05,1331,Terra,MODIS,41,6.2,294.2,5.8,N,0
-13.5893,132.6931,307,1.5,1.2,2014-06-05,1331,Terra,MODIS,50,6.2,295.1,8,N,0
-13.3042,132.6915,308.9,1.4,1.2,2014-06-05,1331,Terra,MODIS,49,6.2,292.3,10.5,N,0
-13.5233,132.6651,310.4,1.5,1.2,2014-06-05,1331,Terra,MODIS,54,6.2,295.3,11.7,N,0
-13.0235,130.9327,300.5,1.9,1.4,2014-06-05,1331,Terra,MODIS,24,6.2,290.2,14.8,N,0
-12.6447,132.7576,310.9,1.4,1.2,2014-06-05,1331,Terra,MODIS,81,6.2,291.6,14.3,N,0
-12.4829,141.8764,300.2,1.8,1.3,2014-06-05,1331,Terra,MODIS,13,6.2,277.8,9.3,N,0
-29.223,150.8623,304.4,1.3,1.1,2014-06-05,1500,Aqua,MODIS,60,6.2,279.7,13.9,N,0
-30.8687,121.4888,301.3,1.6,1.2,2014-06-05,1504,Terra,MODIS,40,6.2,280.3,16.3,N,2
-33.8077,115.4074,316.1,1,1,2014-06-05,1504,Terra,MODIS,93,6.2,283.1,18.1,N,0
-33.817,115.4091,323.6,1,1,2014-06-05,1504,Terra,MODIS,100,6.2,284.1,26,N,0
-33.8184,115.3978,314.2,1,1,2014-06-05,1504,Terra,MODIS,89,6.2,283.9,16.6,N,0
-32.5379,116.9057,308.8,1,1,2014-06-05,1504,Terra,MODIS,76,6.2,282.3,12.7,N,0
-32.4757,116.0476,303.8,1,1,2014-06-05,1504,Terra,MODIS,57,6.2,283.4,7.9,N,0
-32.4681,116.0351,308.8,1,1,2014-06-05,1504,Terra,MODIS,75,6.2,283.7,11.1,N,0
-20.424,118.9542,310.7,1.7,1.3,2014-06-05,1507,Terra,MODIS,74,6.2,289.6,23.8,N,0
-20.5997,116.7884,308.3,1.2,1.1,2014-06-05,1507,Terra,MODIS,60,6.2,293.4,10.7,N,2
-20.6016,116.7767,317.6,1.2,1.1,2014-06-05,1507,Terra,MODIS,94,6.2,293.5,20.6,N,2
-21.7169,119.2076,300.2,1.7,1.3,2014-06-05,1507,Terra,MODIS,20,6.2,288.4,10.6,N,0
-20.4268,118.938,303.4,1.7,1.3,2014-06-05,1507,Terra,MODIS,19,6.2,288.4,13.1,N,0
-20.4067,118.9173,307,1.7,1.3,2014-06-05,1507,Terra,MODIS,58,6.2,289.9,17.5,N,0
-20.5916,116.775,316.1,1.2,1.1,2014-06-05,1507,Terra,MODIS,90,6.2,294.1,18,N,0
-20.4834,118.9384,302.8,1.7,1.3,2014-06-05,1507,Terra,MODIS,51,6.2,288.4,13.3,N,0
-20.4862,118.9223,306,1.7,1.3,2014-06-05,1507,Terra,MODIS,66,6.2,288.6,17.9,N,0
-20.489,118.9063,300.5,1.7,1.3,2014-06-05,1507,Terra,MODIS,29,6.2,288.8,10.7,N,0
-20.5897,116.7867,305.6,1.2,1.1,2014-06-05,1507,Terra,MODIS,10,6.2,292.7,7.6,N,2
-14.4439,132.8927,307.7,1,1,2014-06-05,1634,Aqua,MODIS,72,6.2,293.6,6.8,N,0
-14.5181,129.8306,305.3,1.3,1.1,2014-06-05,1634,Aqua,MODIS,64,6.2,293.2,8.6,N,0
-14.0249,130.2719,305.8,1.2,1.1,2014-06-05,1634,Aqua,MODIS,66,6.2,293.6,7.6,N,0
-13.9976,130.6901,307.6,1.2,1.1,2014-06-05,1634,Aqua,MODIS,72,6.2,295.2,7.2,N,0
-14.0266,130.2832,332.5,1.2,1.1,2014-06-05,1634,Aqua,MODIS,100,6.2,295.8,42.2,N,0
-13.5864,132.7019,304.5,1,1,2014-06-05,1634,Aqua,MODIS,20,6.2,294,3.9,N,0
-13.4722,132.7358,306.3,1,1,2014-06-05,1634,Aqua,MODIS,68,6.2,293.4,5.8,N,0
-13.2251,132.6245,313.7,1,1,2014-06-05,1634,Aqua,MODIS,88,6.2,293,10.4,N,0
-13.0482,131.0983,305.9,1.1,1.1,2014-06-05,1634,Aqua,MODIS,66,6.2,294,7.1,N,0
-13.0466,131.0878,304.2,1.1,1.1,2014-06-05,1634,Aqua,MODIS,59,6.2,294,5.9,N,0
-13.0672,132.1339,302.9,1,1,2014-06-05,1634,Aqua,MODIS,47,6.2,289.3,6,N,0
-13.042,133.3744,314.4,1,1,2014-06-05,1634,Aqua,MODIS,89,6.2,294.1,10.7,N,0
-12.9817,132.1732,306.5,1,1,2014-06-05,1634,Aqua,MODIS,68,6.2,293.7,7.1,N,0
-13.3238,132.7898,307.2,1,1,2014-06-05,1634,Aqua,MODIS,71,6.2,293.3,6.1,N,0
-12.9802,132.1637,303.5,1,1,2014-06-05,1634,Aqua,MODIS,54,6.2,292.5,5.2,N,0
-13.585,132.6926,305.7,1,1,2014-06-05,1634,Aqua,MODIS,64,6.2,294.1,4.8,N,0
-13.3009,132.6985,318.3,1,1,2014-06-05,1634,Aqua,MODIS,97,6.2,295.2,13.8,N,0
-13.31,132.6972,310.3,1,1,2014-06-05,1634,Aqua,MODIS,77,6.2,293.6,7.8,N,0
-13.3114,132.7064,306.6,1,1,2014-06-05,1634,Aqua,MODIS,27,6.2,294,5.2,N,0
-13.0511,133.3758,303.8,1,1,2014-06-05,1634,Aqua,MODIS,57,6.2,293.5,4.2,N,0
-13.5239,132.6546,307,1,1,2014-06-05,1634,Aqua,MODIS,70,6.2,294.3,5.7,N,0
-13.4147,131.6257,305.4,1.1,1,2014-06-05,1634,Aqua,MODIS,64,6.2,293.3,6.6,N,0
-13.2265,132.6338,348.7,1,1,2014-06-05,1634,Aqua,MODIS,100,6.2,295.6,58.9,N,0
-13.2279,132.6431,322.7,1,1,2014-06-05,1634,Aqua,MODIS,100,6.2,294.4,18.9,N,0
-13.8126,132.2498,308.5,1,1,2014-06-05,1634,Aqua,MODIS,75,6.2,292.6,7.2,N,0
-13.5482,132.6317,303.4,1,1,2014-06-05,1634,Aqua,MODIS,55,6.2,292.3,4.6,N,0
-14.0348,132.1929,306.3,1,1,2014-06-05,1634,Aqua,MODIS,60,6.2,292.9,6.9,N,0
-13.2996,132.6893,316.5,1,1,2014-06-05,1634,Aqua,MODIS,92,6.2,294.3,12.1,N,0
-13.2139,132.5501,310.3,1,1,2014-06-05,1634,Aqua,MODIS,80,6.2,294.6,8.3,N,0
-14.035,130.777,305.4,1.2,1.1,2014-06-05,1634,Aqua,MODIS,64,6.2,295.3,6.4,N,0
-13.5836,132.6833,309.8,1,1,2014-06-05,1634,Aqua,MODIS,78,6.2,294.4,7.6,N,0
-14.0123,130.721,313.5,1.2,1.1,2014-06-05,1634,Aqua,MODIS,87,6.2,294.5,12.4,N,0
-13.2704,132.741,307.1,1,1,2014-06-05,1634,Aqua,MODIS,70,6.2,293.3,6,N,0
-13.269,132.7318,305.1,1,1,2014-06-05,1634,Aqua,MODIS,63,6.2,294,4.7,N,0
-13.3141,132.725,305.2,1,1,2014-06-05,1634,Aqua,MODIS,24,6.2,294.3,4.3,N,0
-13.426,132.862,305.8,1,1,2014-06-05,1634,Aqua,MODIS,66,6.2,293.6,5.4,N,0
-12.3113,133.1062,305.6,1,1,2014-06-05,1634,Aqua,MODIS,65,6.2,295.2,4.3,N,0
-13.3615,132.985,304.8,1,1,2014-06-05,1634,Aqua,MODIS,61,6.2,294,4.6,N,0
-13.0111,133.351,309.1,1,1,2014-06-05,1634,Aqua,MODIS,76,6.2,294.4,6.6,N,0
-13.02,133.3496,311.4,1,1,2014-06-05,1634,Aqua,MODIS,82,6.2,294.4,7.8,N,0
-13.0097,133.3418,308.6,1,1,2014-06-05,1634,Aqua,MODIS,75,6.2,294.4,6.3,N,0
-13.0407,133.3652,311.9,1,1,2014-06-05,1634,Aqua,MODIS,84,6.2,294.1,8.8,N,0
-14.2007,130.2189,304.6,1.2,1.1,2014-06-05,1634,Aqua,MODIS,10,6.2,293.8,5.3,N,0
-14.2789,130.3269,306.2,1.2,1.1,2014-06-05,1634,Aqua,MODIS,67,6.2,292.2,8.4,N,0
-14.3253,130.1627,302.4,1.2,1.1,2014-06-05,1634,Aqua,MODIS,20,6.2,292.1,4.8,N,0
-14.2745,130.2352,323.2,1.2,1.1,2014-06-05,1634,Aqua,MODIS,100,6.2,293.1,26.4,N,0
-14.4461,129.8971,311.1,1.3,1.1,2014-06-05,1634,Aqua,MODIS,79,6.2,293.5,12.7,N,0
-14.2991,130.0006,317.1,1.3,1.1,2014-06-05,1634,Aqua,MODIS,94,6.2,293.1,19.9,N,0
-14.4471,129.9033,307.1,1.3,1.1,2014-06-05,1634,Aqua,MODIS,70,6.2,293.4,8.5,N,0
-14.2485,130.2628,306.3,1.2,1.1,2014-06-05,1634,Aqua,MODIS,68,6.2,292.5,8.2,N,0
-14.3009,130.0123,309.7,1.3,1.1,2014-06-05,1634,Aqua,MODIS,78,6.2,293.4,11.4,N,0
-13.8309,130.0255,309.9,1.3,1.1,2014-06-05,1634,Aqua,MODIS,79,6.2,293.2,12.4,N,0
-13.8097,130.0118,308.5,1.3,1.1,2014-06-05,1634,Aqua,MODIS,75,6.2,292.3,11.3,N,0
-14.1376,130.2059,305.4,1.2,1.1,2014-06-05,1634,Aqua,MODIS,64,6.2,294.2,6.7,N,0
-14.2763,130.2466,307.5,1.2,1.1,2014-06-05,1634,Aqua,MODIS,49,6.2,292.5,8.6,N,0
-14.2307,130.0895,304.8,1.3,1.1,2014-06-05,1634,Aqua,MODIS,46,6.2,294.4,6.2,N,0
-14.2142,130.2402,308.5,1.2,1.1,2014-06-05,1634,Aqua,MODIS,34,6.2,293.1,8.9,N,0
-13.8079,130,305.3,1.3,1.1,2014-06-05,1634,Aqua,MODIS,64,6.2,292,8.4,N,0
-14.289,130.0023,308.4,1.3,1.1,2014-06-05,1634,Aqua,MODIS,74,6.2,293.1,10.5,N,0
-14.4451,129.8916,303.1,1.3,1.1,2014-06-05,1634,Aqua,MODIS,40,6.2,292.9,5.5,N,0
-14.2025,130.2304,306.9,1.2,1.1,2014-06-05,1634,Aqua,MODIS,51,6.2,294,7.5,N,0
-14.2727,130.2239,313.7,1.2,1.1,2014-06-05,1634,Aqua,MODIS,79,6.2,292.5,14.4,N,0
-17.0231,122.4927,301.1,3.9,1.8,2014-06-05,1635,Aqua,MODIS,37,6.2,291,31.6,N,0
-16.168,128.4143,306.1,1.5,1.2,2014-06-05,1635,Aqua,MODIS,67,6.2,291.6,11.8,N,0
-16.1788,128.4124,319.2,1.5,1.2,2014-06-05,1635,Aqua,MODIS,98,6.2,292.7,29.3,N,0
-14.4668,126.188,300.5,2.3,1.5,2014-06-05,1635,Aqua,MODIS,29,6.2,289.9,15.1,N,0
-14.292,126.1131,309.8,2.4,1.5,2014-06-05,1635,Aqua,MODIS,78,6.2,293.4,28.1,N,0
-14.1201,126.3344,302,2.3,1.5,2014-06-05,1635,Aqua,MODIS,46,6.2,291.7,14.9,N,0
-14.6203,126.1694,305.5,2.3,1.5,2014-06-05,1635,Aqua,MODIS,65,6.2,291.7,20.6,N,0
-15.0974,129.8102,304.5,1.3,1.1,2014-06-05,1635,Aqua,MODIS,10,6.2,293.1,5.9,N,0
-15.1764,129.8501,303.8,1.3,1.1,2014-06-05,1635,Aqua,MODIS,49,6.2,291.8,6.9,N,0
-15.1851,129.9735,322.6,1.2,1.1,2014-06-05,1635,Aqua,MODIS,100,6.2,294.4,23.7,N,0
-15.1766,129.8555,304.1,1.3,1.1,2014-06-05,1635,Aqua,MODIS,48,6.2,291.6,6.9,N,0
-15.2263,130.031,304.1,1.2,1.1,2014-06-05,1635,Aqua,MODIS,58,6.2,292.5,6.4,N,0
-15.2245,130.0199,303.2,1.2,1.1,2014-06-05,1635,Aqua,MODIS,24,6.2,292.2,5.1,N,0
-15.2146,130.0213,314.2,1.2,1.1,2014-06-05,1635,Aqua,MODIS,79,6.2,293.3,14.6,N,0
-15.2128,130.0102,336.8,1.2,1.1,2014-06-05,1635,Aqua,MODIS,100,6.2,294.8,49.3,N,0
-15.2028,130.0113,339.6,1.2,1.1,2014-06-05,1635,Aqua,MODIS,100,6.2,298,55.1,N,0
-15.202,130.0166,323.5,1.2,1.1,2014-06-05,1635,Aqua,MODIS,100,6.2,295.1,26.3,N,0
-15.1903,130.0068,311.7,1.2,1.1,2014-06-05,1635,Aqua,MODIS,75,6.2,294.1,11.7,N,0
-15.1733,129.9633,310,1.2,1.1,2014-06-05,1635,Aqua,MODIS,45,6.2,293.8,10.2,N,0
-15.138,129.9343,310,1.2,1.1,2014-06-05,1635,Aqua,MODIS,79,6.2,293.5,11.1,N,0
-15.1299,129.9474,303.8,1.2,1.1,2014-06-05,1635,Aqua,MODIS,34,6.2,293.3,5.8,N,0
-15.0997,129.9471,305.9,1.2,1.1,2014-06-05,1635,Aqua,MODIS,66,6.2,294,6.7,N,0
-15.6017,130.4665,304.4,1.2,1.1,2014-06-05,1635,Aqua,MODIS,60,6.2,293.4,5.8,N,0
-15.5356,130.4401,309.8,1.2,1.1,2014-06-05,1635,Aqua,MODIS,78,6.2,294.3,9.7,N,0
-15.0651,129.8582,312.2,1.3,1.1,2014-06-05,1635,Aqua,MODIS,50,6.2,294.2,11.5,N,0
-15.037,129.875,310.6,1.3,1.1,2014-06-05,1635,Aqua,MODIS,34,6.2,294.7,9.9,N,0
-14.9472,130.0835,308.4,1.2,1.1,2014-06-05,1635,Aqua,MODIS,74,6.2,293,10.1,N,0
-14.9516,130.0479,306.7,1.2,1.1,2014-06-05,1635,Aqua,MODIS,57,6.2,292.9,8,N,0
-15.239,127.8978,306.7,1.7,1.3,2014-06-05,1635,Aqua,MODIS,69,6.2,293.5,14,N,0
-15.228,130.0421,303.1,1.2,1.1,2014-06-05,1635,Aqua,MODIS,26,6.2,292.8,5.7,N,0
-15.201,130.0004,353.6,1.2,1.1,2014-06-05,1635,Aqua,MODIS,100,6.2,298.9,93.4,N,0
-16.1637,126.1989,301.5,2.2,1.4,2014-06-05,1635,Aqua,MODIS,42,6.2,290.9,15.2,N,0
-14.4577,127.7657,310.5,1.8,1.3,2014-06-05,1635,Aqua,MODIS,80,6.2,294.8,18.8,N,0
-14.4604,127.7819,307.2,1.8,1.3,2014-06-05,1635,Aqua,MODIS,47,6.2,295,13,N,0
-14.4722,127.7801,311.9,1.8,1.3,2014-06-05,1635,Aqua,MODIS,79,6.2,295.4,20,N,0
-14.4681,127.7751,310.9,1.8,1.3,2014-06-05,1635,Aqua,MODIS,81,6.2,295.5,18.9,N,0
-15.0414,129.8385,318.2,1.3,1.1,2014-06-05,1635,Aqua,MODIS,67,6.2,294.8,18.4,N,0
-15.0314,129.8399,338,1.3,1.1,2014-06-05,1635,Aqua,MODIS,100,6.2,296.9,52.6,N,0
-15.0295,129.8284,315.9,1.3,1.1,2014-06-05,1635,Aqua,MODIS,72,6.2,294.8,16.3,N,0
-15.0195,129.83,308.4,1.3,1.1,2014-06-05,1635,Aqua,MODIS,74,6.2,294.6,9.1,N,0
-15.2345,127.8026,305.4,1.7,1.3,2014-06-05,1635,Aqua,MODIS,64,6.2,293.6,12.4,N,0
-15.3132,130.3235,304.6,1.2,1.1,2014-06-05,1635,Aqua,MODIS,61,6.2,293.5,7.4,N,0
-15.1992,129.9891,305.6,1.2,1.1,2014-06-05,1635,Aqua,MODIS,65,6.2,293.4,7.5,N,0
-15.2003,130.0057,369.2,1.2,1.1,2014-06-05,1635,Aqua,MODIS,100,6.2,300,151.5,N,0
-15.1985,129.9946,335.4,1.2,1.1,2014-06-05,1635,Aqua,MODIS,100,6.2,295.5,46.4,N,0
-15.1886,129.9957,320.3,1.2,1.1,2014-06-05,1635,Aqua,MODIS,100,6.2,294.9,21.4,N,0
-15.1869,129.9848,345.9,1.2,1.1,2014-06-05,1635,Aqua,MODIS,100,6.2,296.6,69.1,N,0
-15.0874,129.8119,309.6,1.3,1.1,2014-06-05,1635,Aqua,MODIS,78,6.2,293.6,10.7,N,0
-15.2109,129.999,314.4,1.2,1.1,2014-06-05,1635,Aqua,MODIS,88,6.2,292.8,15,N,0
-15.1461,130.9018,304,1.1,1.1,2014-06-05,1635,Aqua,MODIS,58,6.2,293.1,5,N,0
-15.1444,130.8913,315.3,1.1,1.1,2014-06-05,1635,Aqua,MODIS,91,6.2,293.7,14.2,N,0
-15.1083,130.9078,303.8,1.1,1.1,2014-06-05,1635,Aqua,MODIS,57,6.2,293.5,5,N,0
-14.4563,127.777,311,1.8,1.3,2014-06-05,1635,Aqua,MODIS,67,6.2,294.7,18.5,N,0
-15.0801,130.3308,302.8,1.2,1.1,2014-06-05,1635,Aqua,MODIS,51,6.2,292.5,5.6,N,0
-23.5662,132.5146,304,1,1,2014-06-05,1637,Aqua,MODIS,58,6.2,279.5,9.7,N,0
-14.7999,141.6116,312.3,3,1.6,2014-06-06,0021,Terra,MODIS,48,6.2,293,28.4,D,0
-18.3967,144.5,317.1,1.6,1.2,2014-06-06,0022,Terra,MODIS,64,6.2,295.6,19.3,D,0
-18.3992,144.5148,319,1.6,1.2,2014-06-06,0022,Terra,MODIS,69,6.2,295.8,21.9,D,0
-26.5554,146.0815,309.5,1,1,2014-06-06,0024,Terra,MODIS,65,6.2,294.1,7.6,D,0
-26.0967,150.6836,305.8,1.2,1.1,2014-06-06,0024,Terra,MODIS,56,6.2,295.7,5.9,D,0
-26.6861,150.5208,301.9,1.2,1.1,2014-06-06,0024,Terra,MODIS,50,6.2,289.2,4.5,D,0
-26.7987,150.2043,305.6,1.2,1.1,2014-06-06,0024,Terra,MODIS,61,6.2,287.4,7.4,D,2
-29.2204,150.8565,302.6,1.4,1.2,2014-06-06,0025,Terra,MODIS,53,6.2,290.2,7.3,D,0
-30.2926,148.8212,303.6,1.1,1.1,2014-06-06,0025,Terra,MODIS,57,6.2,290.6,5.8,D,0
-12.7783,131.8162,321.9,2,1.4,2014-06-06,0159,Terra,MODIS,75,6.2,295.2,33.3,D,0
-13.7275,131.4792,316,2,1.4,2014-06-06,0159,Terra,MODIS,63,6.2,300.4,16.1,D,0
-13.6532,132.1677,319.3,2.2,1.4,2014-06-06,0159,Terra,MODIS,45,6.2,296.3,27.9,D,0
-12.7768,131.8221,321.9,2,1.4,2014-06-06,0159,Terra,MODIS,73,6.2,295.5,32.6,D,0
-13.7792,132.0222,316.8,2.2,1.4,2014-06-06,0159,Terra,MODIS,41,6.2,298.6,18.4,D,0
-13.45,131.5755,325.4,2,1.4,2014-06-06,0159,Terra,MODIS,78,6.2,300.9,38,D,0
-12.9772,132.1712,317.8,2.2,1.4,2014-06-06,0159,Terra,MODIS,40,6.2,296.3,20.8,D,0
-13.9936,130.7297,315.2,1.8,1.3,2014-06-06,0159,Terra,MODIS,34,6.2,299.4,10.9,D,0
-13.7103,131.3353,322.2,1.9,1.4,2014-06-06,0159,Terra,MODIS,63,6.2,300,27.8,D,0
-13.7002,131.3547,319.5,1.9,1.4,2014-06-06,0159,Terra,MODIS,31,6.2,299.9,20.2,D,0
-12.9759,132.1568,318.2,2.2,1.4,2014-06-06,0159,Terra,MODIS,69,6.2,295.9,24.4,D,0
-13.7068,131.3425,324.2,1.9,1.4,2014-06-06,0159,Terra,MODIS,77,6.2,300.7,34.2,D,0
-13.4524,131.5696,320.6,2,1.4,2014-06-06,0159,Terra,MODIS,51,6.2,300.9,23.3,D,0
-13.4546,131.5879,324,2,1.4,2014-06-06,0159,Terra,MODIS,74,6.2,299.7,33.5,D,0
-13.7663,132.0239,328.6,2.2,1.4,2014-06-06,0159,Terra,MODIS,82,6.2,299.2,58.3,D,0
-13.4553,131.386,335.3,1.9,1.4,2014-06-06,0159,Terra,MODIS,87,6.2,299.6,69.3,D,0
-13.7778,132.0157,322.8,2.2,1.4,2014-06-06,0159,Terra,MODIS,55,6.2,299,34.2,D,0
-13.6817,132.1848,322.8,2.2,1.5,2014-06-06,0159,Terra,MODIS,64,6.2,297.6,37.4,D,0
-13.4546,131.2791,324,1.9,1.3,2014-06-06,0159,Terra,MODIS,77,6.2,301.2,25.9,D,0
-13.4127,131.1848,318.9,1.9,1.3,2014-06-06,0159,Terra,MODIS,42,6.2,300.1,19,D,0
-13.4516,131.3922,335.4,1.9,1.4,2014-06-06,0159,Terra,MODIS,87,6.2,299.8,70.8,D,0
-13.4524,131.2614,321,1.9,1.3,2014-06-06,0159,Terra,MODIS,59,6.2,299.7,18.5,D,0
-12.735,130.8021,319.4,1.7,1.3,2014-06-06,0159,Terra,MODIS,67,6.2,299.9,20.8,D,0
-13.4719,131.4201,316.3,1.9,1.4,2014-06-06,0159,Terra,MODIS,62,6.2,299.7,14.1,D,0
-13.4575,131.4038,343.5,1.9,1.4,2014-06-06,0159,Terra,MODIS,92,6.2,300.6,106.4,D,0
-13.4336,131.252,321,1.9,1.3,2014-06-06,0159,Terra,MODIS,39,6.2,299.7,16.3,D,0
-13.048,133.3693,316.3,2.7,1.6,2014-06-06,0159,Terra,MODIS,66,6.2,294,32.9,D,0
-13.4494,131.3746,319.2,1.9,1.4,2014-06-06,0159,Terra,MODIS,65,6.2,299,18.8,D,0
-12.8158,131.8114,323.2,2,1.4,2014-06-06,0159,Terra,MODIS,48,6.2,296.6,34.9,D,0
-13.4503,131.244,325.1,1.9,1.3,2014-06-06,0159,Terra,MODIS,65,6.2,300.1,29.4,D,0
-13.4539,131.4099,319,1.9,1.4,2014-06-06,0159,Terra,MODIS,45,6.2,300.2,19,D,0
-13.7638,132.0039,322.1,2.2,1.4,2014-06-06,0159,Terra,MODIS,75,6.2,298.7,35.5,D,0
-13.4523,131.5938,322.3,2,1.4,2014-06-06,0159,Terra,MODIS,70,6.2,299.7,28.6,D,0
-11.3468,132.2529,314.5,2.1,1.4,2014-06-06,0159,Terra,MODIS,46,6.2,295.9,18.7,D,0
-12.8135,131.7929,327.3,2,1.4,2014-06-06,0159,Terra,MODIS,69,6.2,297,49,D,0
-12.8283,131.8099,322.3,2,1.4,2014-06-06,0159,Terra,MODIS,64,6.2,297.4,34.7,D,0
-12.9784,132.1767,315,2.2,1.4,2014-06-06,0159,Terra,MODIS,49,6.2,296.2,15,D,0
-12.2896,132.1852,315.9,2.1,1.4,2014-06-06,0159,Terra,MODIS,67,6.2,295.8,20.3,D,0
-13.0186,131.0553,328.6,1.8,1.3,2014-06-06,0159,Terra,MODIS,67,6.2,301.5,38.7,D,0
-13.0165,131.0389,341.6,1.8,1.3,2014-06-06,0159,Terra,MODIS,91,6.2,302.3,83.4,D,0
-13.0144,131.0226,328.4,1.8,1.3,2014-06-06,0159,Terra,MODIS,68,6.2,301.5,39.4,D,0
-13.0047,131.0405,351.4,1.8,1.3,2014-06-06,0159,Terra,MODIS,96,6.2,302.9,130.8,D,0
-13.0207,131.0718,319.1,1.8,1.3,2014-06-06,0159,Terra,MODIS,17,6.2,299.6,16.9,D,0
-14.3876,132.4631,315.8,2.4,1.5,2014-06-06,0159,Terra,MODIS,61,6.2,299.4,19.2,D,0
-13.023,131.0322,328.5,1.8,1.3,2014-06-06,0159,Terra,MODIS,81,6.2,301.3,39.8,D,0
-13.025,131.0486,324.4,1.8,1.3,2014-06-06,0159,Terra,MODIS,54,6.2,301.2,26.3,D,0
-13.0026,131.0242,363.1,1.8,1.3,2014-06-06,0159,Terra,MODIS,100,6.2,302.4,200.2,D,0
-12.2388,132.1973,315.7,2.1,1.4,2014-06-06,0159,Terra,MODIS,49,6.2,295.4,18.9,D,0
-12.6868,130.7924,321.1,1.7,1.3,2014-06-06,0159,Terra,MODIS,73,6.2,300.4,23.8,D,0
-12.9092,132.5706,320.7,2.3,1.5,2014-06-06,0159,Terra,MODIS,73,6.2,293.9,41.1,D,0
-13.1043,131.106,349.1,1.8,1.3,2014-06-06,0159,Terra,MODIS,95,6.2,302.1,118.7,D,0
-12.9539,131.1141,339.5,1.8,1.3,2014-06-06,0159,Terra,MODIS,89,6.2,301,82.4,D,0
-13.031,131.5427,320.5,2,1.4,2014-06-06,0159,Terra,MODIS,57,6.2,300.4,20.6,D,0
-12.9576,131.1032,334,1.8,1.3,2014-06-06,0159,Terra,MODIS,86,6.2,300.3,61.7,D,0
-13.0903,131.0908,337.5,1.8,1.3,2014-06-06,0159,Terra,MODIS,88,6.2,301.6,67.1,D,0
-13.1065,131.1228,319.9,1.8,1.3,2014-06-06,0159,Terra,MODIS,26,6.2,301,16.5,D,0
-13.0071,130.9027,318.9,1.8,1.3,2014-06-06,0159,Terra,MODIS,44,6.2,301,16.4,D,0
-12.3402,131.2197,321.5,1.8,1.3,2014-06-06,0159,Terra,MODIS,74,6.2,297.1,30,D,0
-13.1162,131.1045,323,1.8,1.3,2014-06-06,0159,Terra,MODIS,75,6.2,301.3,25.5,D,0
-13.0925,131.1075,352.6,1.8,1.3,2014-06-06,0159,Terra,MODIS,96,6.2,303,136.4,D,0
-12.9223,132.6788,313.6,2.4,1.5,2014-06-06,0159,Terra,MODIS,42,6.2,291.3,17.7,D,0
-12.9908,131.0257,321.4,1.8,1.3,2014-06-06,0159,Terra,MODIS,73,6.2,301,27.3,D,0
-12.9518,131.0973,326.9,1.8,1.3,2014-06-06,0159,Terra,MODIS,79,6.2,300,39.6,D,0
-13.1676,131.0745,317.8,1.8,1.3,2014-06-06,0159,Terra,MODIS,65,6.2,301.3,13.4,D,0
-13.0375,133.3637,311.9,2.7,1.6,2014-06-06,0159,Terra,MODIS,44,6.2,293.9,18.3,D,0
-13.1697,131.0912,332.3,1.8,1.3,2014-06-06,0159,Terra,MODIS,84,6.2,301.8,53.1,D,0
-12.9388,130.7095,318.2,1.7,1.3,2014-06-06,0159,Terra,MODIS,40,6.2,301.9,15,D,0
-12.8517,130.7427,320.8,1.7,1.3,2014-06-06,0159,Terra,MODIS,72,6.2,300.1,24.7,D,0
-12.9597,131.1198,326.4,1.8,1.3,2014-06-06,0159,Terra,MODIS,79,6.2,300.4,39.3,D,0
-12.9457,131.1048,324.7,1.8,1.3,2014-06-06,0159,Terra,MODIS,77,6.2,299.9,36.4,D,0
-14.0629,130.2061,341,1.6,1.2,2014-06-06,0159,Terra,MODIS,90,6.2,299.2,70.1,D,0
-14.0647,130.2209,332.5,1.6,1.3,2014-06-06,0159,Terra,MODIS,84,6.2,299.3,43.9,D,0
-13.8218,130.0139,317.5,1.6,1.2,2014-06-06,0159,Terra,MODIS,24,6.2,300.3,13.5,D,0
-14.0498,130.1929,352.6,1.6,1.2,2014-06-06,0159,Terra,MODIS,96,6.2,298.4,119.9,D,0
-14.061,130.1913,338.6,1.6,1.2,2014-06-06,0159,Terra,MODIS,88,6.2,297.5,66.1,D,0
-14.0722,130.1898,367.1,1.6,1.2,2014-06-06,0159,Terra,MODIS,100,6.2,301.4,197.5,D,0
-14.0741,130.2045,328.8,1.6,1.2,2014-06-06,0159,Terra,MODIS,64,6.2,300.7,35,D,0
-14.0516,130.2076,338.1,1.6,1.2,2014-06-06,0159,Terra,MODIS,88,6.2,300.1,62.4,D,0
-13.7804,130.1422,335,1.6,1.2,2014-06-06,0159,Terra,MODIS,86,6.2,300.9,53.3,D,0
-13.4358,131.2693,327,1.9,1.3,2014-06-06,0159,Terra,MODIS,80,6.2,301.3,32.5,D,0
-13.4403,131.2628,334.6,1.9,1.3,2014-06-06,0159,Terra,MODIS,86,6.2,301.4,57.8,D,0
-14.0318,130.2316,321,1.6,1.3,2014-06-06,0159,Terra,MODIS,63,6.2,292.8,21.9,D,0
-14.0151,130.2793,340.3,1.6,1.3,2014-06-06,0159,Terra,MODIS,90,6.2,298.9,70.3,D,0
-14.0134,129.8191,313.3,1.5,1.2,2014-06-06,0159,Terra,MODIS,41,6.2,299.1,13.9,D,0
-14.0337,130.2465,320.7,1.6,1.3,2014-06-06,0159,Terra,MODIS,49,6.2,297.3,19.6,D,0
-14.0591,130.1765,316.9,1.6,1.2,2014-06-06,0159,Terra,MODIS,45,6.2,297.3,17.4,D,0
-13.9604,129.86,333.1,1.5,1.2,2014-06-06,0159,Terra,MODIS,84,6.2,296,50.6,D,0
-13.9622,129.874,317.7,1.5,1.2,2014-06-06,0159,Terra,MODIS,64,6.2,293.9,19.6,D,0
-13.7841,130.1714,348.4,1.6,1.2,2014-06-06,0159,Terra,MODIS,94,6.2,300.8,97.8,D,0
-13.786,130.1861,321.4,1.6,1.2,2014-06-06,0159,Terra,MODIS,46,6.2,300.2,19,D,0
-13.7953,130.17,320.2,1.6,1.2,2014-06-06,0159,Terra,MODIS,39,6.2,302.4,16.8,D,0
-14.0086,130.6893,317.1,1.7,1.3,2014-06-06,0159,Terra,MODIS,48,6.2,299.3,12.4,D,0
-13.7971,130.1846,323.1,1.6,1.2,2014-06-06,0159,Terra,MODIS,74,6.2,301.6,22.6,D,0
-13.4283,131.2644,321,1.9,1.3,2014-06-06,0159,Terra,MODIS,34,6.2,300.2,16.3,D,0
-13.7785,130.1277,316.9,1.6,1.2,2014-06-06,0159,Terra,MODIS,41,6.2,299.3,14.4,D,0
-13.8514,132.1934,319,2.3,1.5,2014-06-06,0159,Terra,MODIS,42,6.2,296.3,25.8,D,0
-14.0703,130.1751,349.5,1.6,1.2,2014-06-06,0159,Terra,MODIS,95,6.2,294.3,109.7,D,0
-14.0329,130.2406,326.4,1.6,1.3,2014-06-06,0159,Terra,MODIS,78,6.2,295.2,31.9,D,0
-14.8655,127.2092,321.4,1.1,1,2014-06-06,0200,Terra,MODIS,71,6.2,303.9,10.6,D,0
-14.18,127.3575,317.1,1.1,1,2014-06-06,0200,Terra,MODIS,53,6.2,303.1,8.1,D,0
-14.8613,127.1788,321.7,1.1,1,2014-06-06,0200,Terra,MODIS,72,6.2,302.5,11.8,D,0
-14.8599,127.1687,317.2,1.1,1,2014-06-06,0200,Terra,MODIS,42,6.2,302.5,6.9,D,0
-14.7842,127.6662,322.7,1.1,1.1,2014-06-06,0200,Terra,MODIS,65,6.2,304,12.7,D,0
-14.8669,127.2192,316.6,1.1,1,2014-06-06,0200,Terra,MODIS,55,6.2,303.5,5.8,D,0
-14.7746,127.6675,320.3,1.1,1.1,2014-06-06,0200,Terra,MODIS,53,6.2,303.7,10.1,D,0
-15.9275,126.2006,324.9,1,1,2014-06-06,0200,Terra,MODIS,76,6.2,301.2,16.5,D,0
-15.4202,130.5512,338.1,1.8,1.3,2014-06-06,0200,Terra,MODIS,88,6.2,301.4,68,D,0
-15.432,130.5497,324.2,1.8,1.3,2014-06-06,0200,Terra,MODIS,26,6.2,301.1,24.4,D,0
-15.4181,130.5347,326.3,1.8,1.3,2014-06-06,0200,Terra,MODIS,29,6.2,299.5,30.6,D,0
-14.065,127.3289,327.5,1.1,1,2014-06-06,0200,Terra,MODIS,79,6.2,302.2,19.2,D,0
-14.7056,128.0479,336,1.2,1.1,2014-06-06,0200,Terra,MODIS,86,6.2,303.3,36.6,D,0
-14.6644,127.4659,321.7,1.1,1.1,2014-06-06,0200,Terra,MODIS,70,6.2,305.3,11.5,D,0
-14.7041,128.0367,327.9,1.2,1.1,2014-06-06,0200,Terra,MODIS,79,6.2,301.7,21.9,D,0
-14.465,127.7738,323.9,1.2,1.1,2014-06-06,0200,Terra,MODIS,75,6.2,302.6,16.6,D,0
-14.4664,127.7844,334.1,1.2,1.1,2014-06-06,0200,Terra,MODIS,80,6.2,301.5,31.9,D,0
-15.4266,130.5439,327.5,1.8,1.3,2014-06-06,0200,Terra,MODIS,67,6.2,300.5,32.9,D,0
-16.341,127.6203,328.2,1.2,1.1,2014-06-06,0200,Terra,MODIS,80,6.2,302.7,24.4,D,0
-16.3395,127.6093,315.7,1.2,1.1,2014-06-06,0200,Terra,MODIS,35,6.2,302.2,7.2,D,0
-14.476,127.7829,321,1.2,1.1,2014-06-06,0200,Terra,MODIS,68,6.2,301.7,12.7,D,0
-16.3395,127.627,316.1,1.2,1.1,2014-06-06,0200,Terra,MODIS,54,6.2,301.8,8,D,0
-16.338,127.6159,318.4,1.2,1.1,2014-06-06,0200,Terra,MODIS,65,6.2,302.9,10,D,0
-16.0888,126.5574,319.3,1.1,1,2014-06-06,0200,Terra,MODIS,59,6.2,304.1,8.9,D,0
-16.0902,126.5672,322.6,1.1,1,2014-06-06,0200,Terra,MODIS,73,6.2,304.4,12.4,D,0
-15.0285,129.804,339.1,1.6,1.2,2014-06-06,0200,Terra,MODIS,89,6.2,299.6,64.1,D,0
-16.1716,126.5593,318.2,1.1,1,2014-06-06,0200,Terra,MODIS,63,6.2,304,6.5,D,0
-14.6696,127.4692,319.4,1.1,1.1,2014-06-06,0200,Terra,MODIS,67,6.2,305.3,10.4,D,0
-16.173,126.5692,324.9,1.1,1,2014-06-06,0200,Terra,MODIS,76,6.2,303.9,14.6,D,0
-16.5321,126.6444,319.3,1.1,1,2014-06-06,0200,Terra,MODIS,69,6.2,303.9,9.4,D,0
-15.3314,129.9397,312.3,1.6,1.2,2014-06-06,0200,Terra,MODIS,45,6.2,298.3,9.3,D,0
-16.4824,124.6417,330.5,1,1,2014-06-06,0200,Terra,MODIS,83,6.2,301.6,24,D,0
-15.0413,129.8163,340.5,1.6,1.2,2014-06-06,0200,Terra,MODIS,90,6.2,300.6,66.7,D,0
-15.0302,129.818,340.3,1.6,1.2,2014-06-06,0200,Terra,MODIS,89,6.2,302.2,66.3,D,0
-15.0192,129.8195,321.7,1.6,1.2,2014-06-06,0200,Terra,MODIS,47,6.2,300.8,22.1,D,0
-14.0571,127.3403,315.5,1.1,1,2014-06-06,0200,Terra,MODIS,27,6.2,301.9,5.9,D,0
-16.8337,126.6946,326.6,1.1,1,2014-06-06,0200,Terra,MODIS,79,6.2,304.2,17.2,D,0
-15.3685,130.3271,318.2,1.7,1.3,2014-06-06,0200,Terra,MODIS,30,6.2,299.3,15.8,D,0
-15.3821,130.3415,324.3,1.7,1.3,2014-06-06,0200,Terra,MODIS,76,6.2,300.6,28.4,D,0
-17.087,126.2155,327.9,1.1,1,2014-06-06,0200,Terra,MODIS,80,6.2,305.5,19,D,0
-17.0883,126.2253,320.7,1.1,1,2014-06-06,0200,Terra,MODIS,71,6.2,305.3,11.1,D,0
-17.0897,126.2352,322.2,1.1,1,2014-06-06,0200,Terra,MODIS,73,6.2,305.3,12.1,D,0
-17.0911,126.245,338.5,1.1,1,2014-06-06,0200,Terra,MODIS,88,6.2,306.5,33.1,D,0
-14.3078,126.1318,324.8,1,1,2014-06-06,0200,Terra,MODIS,64,6.2,301.8,13.7,D,0
-14.3091,126.1412,318.9,1,1,2014-06-06,0200,Terra,MODIS,24,6.2,302,7.9,D,0
-17.0924,126.2549,326.7,1.1,1,2014-06-06,0200,Terra,MODIS,51,6.2,305.4,15.5,D,0
-17.0938,126.2647,322.4,1.1,1,2014-06-06,0200,Terra,MODIS,62,6.2,305.1,11.4,D,0
-14.3202,126.283,320.5,1,1,2014-06-06,0200,Terra,MODIS,60,6.2,298.8,9.9,D,0
-14.3216,126.2925,323.5,1,1,2014-06-06,0200,Terra,MODIS,70,6.2,301,12.7,D,0
-17.0952,126.2746,321.8,1.1,1,2014-06-06,0200,Terra,MODIS,59,6.2,305.6,10.6,D,0
-17.0842,126.1959,328.2,1.1,1,2014-06-06,0200,Terra,MODIS,80,6.2,303.3,21.2,D,0
-15.0142,127.6911,315.8,1.2,1.1,2014-06-06,0200,Terra,MODIS,37,6.2,302.5,6.5,D,0
-17.0962,126.2142,354.5,1.1,1,2014-06-06,0200,Terra,MODIS,97,6.2,305.9,68.4,D,0
-14.9965,127.3513,319.1,1.1,1.1,2014-06-06,0200,Terra,MODIS,67,6.2,304,8.4,D,0
-15.4114,130.3866,334.1,1.7,1.3,2014-06-06,0200,Terra,MODIS,86,6.2,302,53.9,D,0
-15.217,127.7606,378.5,1.2,1.1,2014-06-06,0200,Terra,MODIS,100,6.2,308.3,171.6,D,0
-15.2184,127.7713,348.2,1.2,1.1,2014-06-06,0200,Terra,MODIS,94,6.2,306.1,59.8,D,0
-15.2267,127.7591,358,1.2,1.1,2014-06-06,0200,Terra,MODIS,99,6.2,304,88.3,D,0
-15.2281,127.7699,378.5,1.2,1.1,2014-06-06,0200,Terra,MODIS,100,6.2,308.4,172.2,D,0
-15.2296,127.7807,330.6,1.2,1.1,2014-06-06,0200,Terra,MODIS,82,6.2,305.4,23.3,D,0
-15.2311,127.7916,321.9,1.2,1.1,2014-06-06,0200,Terra,MODIS,43,6.2,304.7,10.9,D,0
-15.2393,127.7793,321.5,1.2,1.1,2014-06-06,0200,Terra,MODIS,32,6.2,303.1,10.9,D,0
-15.2408,127.7901,341.1,1.2,1.1,2014-06-06,0200,Terra,MODIS,90,6.2,305.3,43.7,D,0
-17.0975,126.224,335,1.1,1,2014-06-06,0200,Terra,MODIS,86,6.2,304.8,28.1,D,0
-15.9289,126.2101,347.5,1,1,2014-06-06,0200,Terra,MODIS,94,6.2,305.1,51.8,D,0
-15.9302,126.2197,328,1,1,2014-06-06,0200,Terra,MODIS,78,6.2,303.1,18.1,D,0
-15.3311,130.5683,319.9,1.8,1.3,2014-06-06,0200,Terra,MODIS,53,6.2,303.4,18.4,D,0
-15.2997,130.2276,312.3,1.7,1.3,2014-06-06,0200,Terra,MODIS,29,6.2,298.9,9.1,D,0
-15.3865,130.4721,318.3,1.8,1.3,2014-06-06,0200,Terra,MODIS,68,6.2,299.8,19.6,D,0
-15.4216,130.4676,326.9,1.8,1.3,2014-06-06,0200,Terra,MODIS,79,6.2,300.3,36.8,D,0
-15.4237,130.4839,326.4,1.8,1.3,2014-06-06,0200,Terra,MODIS,79,6.2,300.3,35.1,D,0
-15.4188,130.4781,325.8,1.8,1.3,2014-06-06,0200,Terra,MODIS,73,6.2,300.5,31.4,D,0
-15.4305,130.4765,321.8,1.8,1.3,2014-06-06,0200,Terra,MODIS,74,6.2,300.2,23.7,D,0
-15.2423,127.801,326.9,1.2,1.1,2014-06-06,0200,Terra,MODIS,62,6.2,304.1,18,D,0
-15.243,127.8791,320.6,1.2,1.1,2014-06-06,0200,Terra,MODIS,38,6.2,302.8,10,D,0
-15.4134,130.4028,319.6,1.7,1.3,2014-06-06,0200,Terra,MODIS,24,6.2,299.9,17.1,D,0
-17.0989,126.2338,332.1,1.1,1,2014-06-06,0200,Terra,MODIS,75,6.2,306.4,22.8,D,0
-17.0856,126.2057,355.8,1.1,1,2014-06-06,0200,Terra,MODIS,98,6.2,307.2,72.7,D,0
-17.0934,126.1945,328.3,1.1,1,2014-06-06,0200,Terra,MODIS,80,6.2,301.3,21.5,D,0
-17.1081,126.2325,353.6,1.1,1,2014-06-06,0200,Terra,MODIS,97,6.2,304.4,65,D,0
-17.1095,126.2423,370.4,1.1,1,2014-06-06,0200,Terra,MODIS,100,6.2,309.4,114.4,D,0
-17.1109,126.2522,344.3,1.1,1,2014-06-06,0200,Terra,MODIS,92,6.2,307.8,42.1,D,0
-17.1173,126.2311,336.8,1.1,1,2014-06-06,0200,Terra,MODIS,87,6.2,303.9,33.1,D,0
-14.9599,130.0739,317.7,1.6,1.3,2014-06-06,0200,Terra,MODIS,47,6.2,302.6,11.6,D,0
-14.9524,130.0139,320.1,1.6,1.2,2014-06-06,0200,Terra,MODIS,60,6.2,302.4,15.7,D,0
-17.1187,126.241,348.8,1.1,1,2014-06-06,0200,Terra,MODIS,94,6.2,305.5,55.3,D,0
-17.1201,126.2508,347.3,1.1,1,2014-06-06,0200,Terra,MODIS,94,6.2,306.3,51.5,D,0
-17.1215,126.2606,340.2,1.1,1,2014-06-06,0200,Terra,MODIS,90,6.2,305.9,37,D,0
-17.1229,126.2705,334.3,1.1,1,2014-06-06,0200,Terra,MODIS,85,6.2,305.8,27.1,D,0
-14.2903,127.3808,338.8,1.1,1,2014-06-06,0200,Terra,MODIS,88,6.2,303.5,39.1,D,0
-14.2889,127.3707,317.4,1.1,1,2014-06-06,0200,Terra,MODIS,63,6.2,301.5,8.5,D,0
-14.2736,127.369,326.1,1.1,1,2014-06-06,0200,Terra,MODIS,77,6.2,302.6,18.2,D,0
-15.4075,126.1044,313.6,1,1,2014-06-06,0200,Terra,MODIS,24,6.2,301.5,4.9,D,0
-17.0948,126.2043,356,1.1,1,2014-06-06,0200,Terra,MODIS,98,6.2,305.2,73.3,D,0
-14.513,127.909,320.3,1.2,1.1,2014-06-06,0200,Terra,MODIS,52,6.2,300.8,13.2,D,0
-14.6013,127.8126,318.3,1.2,1.1,2014-06-06,0200,Terra,MODIS,54,6.2,302.4,8.5,D,0
-14.5916,127.814,322.3,1.2,1.1,2014-06-06,0200,Terra,MODIS,72,6.2,302.8,13.3,D,0
-15.8008,126.9441,314.5,1.1,1,2014-06-06,0200,Terra,MODIS,54,6.2,302.3,6.1,D,0
-15.0154,129.8788,340.5,1.6,1.2,2014-06-06,0200,Terra,MODIS,90,6.2,300.8,67.1,D,0
-15.0265,129.8776,338.8,1.6,1.2,2014-06-06,0200,Terra,MODIS,89,6.2,300.7,58.5,D,0
-15.0376,129.8761,329.4,1.6,1.2,2014-06-06,0200,Terra,MODIS,53,6.2,301.4,31.4,D,0
-15.0562,129.8445,345.7,1.6,1.2,2014-06-06,0200,Terra,MODIS,93,6.2,302.8,82.2,D,0
-15.0673,129.8433,335.8,1.6,1.2,2014-06-06,0200,Terra,MODIS,80,6.2,300.9,50.1,D,0
-15.0692,129.8575,326.3,1.6,1.2,2014-06-06,0200,Terra,MODIS,36,6.2,301,25.7,D,0
-16.5337,127.1101,323.7,1.1,1.1,2014-06-06,0200,Terra,MODIS,69,6.2,305.5,13.6,D,0
-15.0803,129.8559,322.4,1.6,1.2,2014-06-06,0200,Terra,MODIS,41,6.2,299.9,19.4,D,0
-15.0695,129.8518,328.3,1.6,1.2,2014-06-06,0200,Terra,MODIS,74,6.2,301.4,32.3,D,0
-15.0283,129.8919,357.6,1.6,1.2,2014-06-06,0200,Terra,MODIS,98,6.2,302.2,135.2,D,0
-15.0747,129.9001,324.6,1.6,1.2,2014-06-06,0200,Terra,MODIS,43,6.2,300.3,22.3,D,0
-15.0767,129.9154,323.9,1.6,1.2,2014-06-06,0200,Terra,MODIS,38,6.2,300.7,20.9,D,0
-15.0765,129.9093,325.9,1.6,1.2,2014-06-06,0200,Terra,MODIS,39,6.2,300.5,24.2,D,0
-14.4171,127.5659,316.9,1.1,1.1,2014-06-06,0200,Terra,MODIS,54,6.2,303,7.1,D,0
-14.3915,127.5546,327.7,1.1,1.1,2014-06-06,0200,Terra,MODIS,79,6.2,302.8,18.8,D,0
-14.3682,127.5262,326,1.1,1.1,2014-06-06,0200,Terra,MODIS,77,6.2,303,16.9,D,0
-14.3667,127.5158,334,1.1,1.1,2014-06-06,0200,Terra,MODIS,85,6.2,302.7,29.7,D,0
-14.3587,127.5276,318.7,1.1,1.1,2014-06-06,0200,Terra,MODIS,37,6.2,302.8,7.7,D,0
-14.3573,127.5172,334.1,1.1,1.1,2014-06-06,0200,Terra,MODIS,85,6.2,303.8,30.1,D,0
-15.9238,126.2402,322.5,1,1,2014-06-06,0200,Terra,MODIS,73,6.2,302.8,12.1,D,0
-16.814,126.5535,323.3,1.1,1,2014-06-06,0200,Terra,MODIS,75,6.2,303.1,14.4,D,0
-14.2449,127.5083,320.1,1.1,1.1,2014-06-06,0200,Terra,MODIS,69,6.2,301.1,11.3,D,0
-14.2435,127.498,358.8,1.1,1.1,2014-06-06,0200,Terra,MODIS,99,6.2,304.3,87.8,D,0
-14.2355,127.5096,336.1,1.1,1.1,2014-06-06,0200,Terra,MODIS,87,6.2,302.5,33.8,D,0
-14.234,127.4993,341.2,1.1,1.1,2014-06-06,0200,Terra,MODIS,90,6.2,303.1,43.4,D,0
-16.8154,126.5635,316.4,1.1,1,2014-06-06,0200,Terra,MODIS,50,6.2,302.5,7.2,D,0
-14.7506,127.1807,317.6,1.1,1,2014-06-06,0200,Terra,MODIS,64,6.2,302.8,7.7,D,0
-15.0339,130.0274,323.4,1.6,1.3,2014-06-06,0200,Terra,MODIS,75,6.2,300.9,25.9,D,0
-15.5204,126.439,323.1,1,1,2014-06-06,0200,Terra,MODIS,59,6.2,302.6,12.6,D,0
-15.2334,127.7361,318.1,1.2,1.1,2014-06-06,0200,Terra,MODIS,52,6.2,302.6,7.6,D,0
-15.3731,126.7622,322.4,1.1,1,2014-06-06,0200,Terra,MODIS,72,6.2,301,13.5,D,0
-16.8552,126.7121,345.5,1.1,1,2014-06-06,0200,Terra,MODIS,93,6.2,304,49.8,D,0
-16.8538,126.7019,316.7,1.1,1,2014-06-06,0200,Terra,MODIS,50,6.2,302.7,5.7,D,0
-16.843,126.6931,317.4,1.1,1,2014-06-06,0200,Terra,MODIS,50,6.2,303.1,7,D,0
-14.6958,128.0492,326.2,1.2,1.1,2014-06-06,0200,Terra,MODIS,77,6.2,301.2,20.9,D,0
-14.4554,127.7752,325.2,1.2,1.1,2014-06-06,0200,Terra,MODIS,38,6.2,301.3,17.6,D,0
-14.0946,127.3351,316.3,1.1,1,2014-06-06,0200,Terra,MODIS,44,6.2,301,7,D,0
-15.3183,130.0176,314.6,1.6,1.3,2014-06-06,0200,Terra,MODIS,47,6.2,299.3,12.5,D,0
-14.3031,127.5105,316.4,1.1,1.1,2014-06-06,0200,Terra,MODIS,58,6.2,301.1,7.4,D,0
-15.6083,126.4103,315.3,1,1,2014-06-06,0200,Terra,MODIS,57,6.2,302.9,5.9,D,0
-14.1008,127.338,316,1.1,1,2014-06-06,0200,Terra,MODIS,50,6.2,301.1,7.3,D,0
-14.1411,127.3528,319.4,1.1,1,2014-06-06,0200,Terra,MODIS,63,6.2,302.4,10.6,D,0
-14.2756,127.4518,322.4,1.1,1.1,2014-06-06,0200,Terra,MODIS,73,6.2,301.1,14,D,0
-14.2662,127.4531,331.8,1.1,1.1,2014-06-06,0200,Terra,MODIS,83,6.2,302.4,26.7,D,0
-14.2647,127.4428,317.6,1.1,1,2014-06-06,0200,Terra,MODIS,49,6.2,301.9,8.4,D,0
-16.6352,128.2359,312.3,1.3,1.1,2014-06-06,0200,Terra,MODIS,28,6.2,299.8,6.7,D,0
-15.0008,129.9475,319.2,1.6,1.2,2014-06-06,0200,Terra,MODIS,37,6.2,301.6,11.4,D,0
-15.4308,126.788,321.1,1.1,1,2014-06-06,0200,Terra,MODIS,70,6.2,302.8,11.9,D,0
-15.0022,129.9558,319.5,1.6,1.2,2014-06-06,0200,Terra,MODIS,50,6.2,302.3,12.5,D,0
-15.0061,129.895,326.7,1.6,1.2,2014-06-06,0200,Terra,MODIS,79,6.2,301.5,30.5,D,0
-15.0172,129.8933,351.7,1.6,1.2,2014-06-06,0200,Terra,MODIS,96,6.2,303.4,110.7,D,0
-15.0246,129.9525,318.4,1.6,1.2,2014-06-06,0200,Terra,MODIS,37,6.2,301.4,13.2,D,0
-16.2054,126.15,320.8,1,1,2014-06-06,0200,Terra,MODIS,71,6.2,301.6,11.4,D,0
-16.2068,126.1596,319.6,1,1,2014-06-06,0200,Terra,MODIS,63,6.2,302.6,10,D,0
-15.9252,126.2498,321,1,1,2014-06-06,0200,Terra,MODIS,65,6.2,302.9,11,D,0
-16.9623,126.8898,317.6,1.1,1.1,2014-06-06,0200,Terra,MODIS,66,6.2,304.3,7.6,D,0
-15.0973,129.803,325.7,1.6,1.2,2014-06-06,0200,Terra,MODIS,77,6.2,299.6,31.4,D,0
-15.0862,129.8048,316.2,1.6,1.2,2014-06-06,0200,Terra,MODIS,34,6.2,299.1,13.1,D,0
-15.5065,130.4172,321.9,1.8,1.3,2014-06-06,0200,Terra,MODIS,59,6.2,301.3,19.6,D,0
-15.4188,130.3791,323.7,1.7,1.3,2014-06-06,0200,Terra,MODIS,76,6.2,301.4,25.8,D,0
-15.4208,130.3953,331.5,1.7,1.3,2014-06-06,0200,Terra,MODIS,84,6.2,300.3,46.5,D,0
-14.0557,127.3303,321.2,1.1,1,2014-06-06,0200,Terra,MODIS,71,6.2,303.6,12.1,D,0
-15.1343,129.8285,318.8,1.6,1.2,2014-06-06,0200,Terra,MODIS,67,6.2,299.3,18.2,D,0
-15.2139,130.0052,324.2,1.6,1.3,2014-06-06,0200,Terra,MODIS,54,6.2,300.5,27.2,D,0
-16.5498,127.1233,318.2,1.1,1.1,2014-06-06,0200,Terra,MODIS,60,6.2,303.5,9,D,0
-15.5412,130.4399,320.5,1.8,1.3,2014-06-06,0200,Terra,MODIS,58,6.2,302.3,14.2,D,0
-15.5919,127.1488,316.8,1.1,1,2014-06-06,0200,Terra,MODIS,62,6.2,303.7,8.4,D,0
-16.5349,127.2601,318.1,1.1,1.1,2014-06-06,0200,Terra,MODIS,60,6.2,303.6,9.3,D,0
-16.5364,127.2707,316.8,1.1,1.1,2014-06-06,0200,Terra,MODIS,51,6.2,302.2,8,D,0
-15.4071,126.3541,318.6,1,1,2014-06-06,0200,Terra,MODIS,17,6.2,303.4,8.2,D,0
-16.5709,127.5977,313.3,1.2,1.1,2014-06-06,0200,Terra,MODIS,11,6.2,301.8,5.6,D,0
-14.5187,129.83,318.1,1.5,1.2,2014-06-06,0200,Terra,MODIS,49,6.2,302.4,12.3,D,0
-15.6038,130.4647,317.2,1.8,1.3,2014-06-06,0200,Terra,MODIS,38,6.2,301.2,14,D,0
-15.088,129.8192,320.1,1.6,1.2,2014-06-06,0200,Terra,MODIS,35,6.2,300.2,18.5,D,0
-14.6845,128.0394,323.6,1.2,1.1,2014-06-06,0200,Terra,MODIS,74,6.2,300.3,18.8,D,0
-16.5461,127.6354,331.9,1.2,1.1,2014-06-06,0200,Terra,MODIS,83,6.2,302.3,31.3,D,0
-14.6943,128.0382,332.1,1.2,1.1,2014-06-06,0200,Terra,MODIS,83,6.2,302.3,30.3,D,0
-14.9375,129.8962,316.8,1.6,1.2,2014-06-06,0200,Terra,MODIS,63,6.2,301.7,12.2,D,0
-16.5447,127.1192,320.3,1.1,1.1,2014-06-06,0200,Terra,MODIS,21,6.2,304.7,8.6,D,0
-15.212,129.9902,326.5,1.6,1.3,2014-06-06,0200,Terra,MODIS,71,6.2,299,33.7,D,0
-16.449,128.3722,317.6,1.3,1.1,2014-06-06,0200,Terra,MODIS,64,6.2,300.7,13.1,D,0
-15.2008,129.9919,339.8,1.6,1.3,2014-06-06,0200,Terra,MODIS,89,6.2,301.5,68.9,D,0
-15.125,129.9335,324.7,1.6,1.2,2014-06-06,0200,Terra,MODIS,53,6.2,299.8,24.9,D,0
-15.1708,126.3136,318.9,1,1,2014-06-06,0200,Terra,MODIS,64,6.2,302.6,9.2,D,0
-15.1008,127.3718,321.5,1.1,1.1,2014-06-06,0200,Terra,MODIS,62,6.2,303.2,11.1,D,0
-15.1268,129.9477,330.6,1.6,1.2,2014-06-06,0200,Terra,MODIS,81,6.2,299.9,39.3,D,0
-15.1473,129.9302,324.4,1.6,1.2,2014-06-06,0200,Terra,MODIS,74,6.2,300,26.9,D,0
-16.6687,126.5097,320.3,1.1,1,2014-06-06,0200,Terra,MODIS,71,6.2,304.3,11.2,D,0
-15.2271,130.0189,345.7,1.6,1.3,2014-06-06,0200,Terra,MODIS,93,6.2,300.1,90.9,D,0
-15.229,130.0343,327.5,1.6,1.3,2014-06-06,0200,Terra,MODIS,65,6.2,301,33.5,D,0
-15.0524,129.8152,323.5,1.6,1.2,2014-06-06,0200,Terra,MODIS,68,6.2,298.5,25.6,D,0
-15.0543,129.8299,337.2,1.6,1.2,2014-06-06,0200,Terra,MODIS,87,6.2,300.5,55.8,D,0
-15.199,129.9769,326.9,1.6,1.2,2014-06-06,0200,Terra,MODIS,63,6.2,299.2,31.1,D,0
-14.5645,127.6883,318.4,1.1,1.1,2014-06-06,0200,Terra,MODIS,65,6.2,302.4,9.4,D,0
-16.4474,128.3598,313.4,1.3,1.1,2014-06-06,0200,Terra,MODIS,42,6.2,300.5,7.8,D,0
-14.5631,127.6779,319.1,1.1,1.1,2014-06-06,0200,Terra,MODIS,67,6.2,303.6,9.9,D,0
-15.046,127.7084,320.2,1.2,1.1,2014-06-06,0200,Terra,MODIS,47,6.2,301.4,10.9,D,0
-15.1955,125.7178,323.5,1,1,2014-06-06,0200,Terra,MODIS,75,6.2,302,13.3,D,0
-15.1942,125.7084,316.5,1,1,2014-06-06,0200,Terra,MODIS,63,6.2,302.1,6.4,D,0
-15.0445,127.6977,343.9,1.2,1.1,2014-06-06,0200,Terra,MODIS,92,6.2,304.1,50.8,D,0
-15.1362,129.8429,315.2,1.6,1.2,2014-06-06,0200,Terra,MODIS,46,6.2,298.8,11.5,D,0
-16.2804,126.3605,322,1.1,1,2014-06-06,0200,Terra,MODIS,73,6.2,303.4,13.4,D,0
-15.1175,127.4224,318,1.1,1.1,2014-06-06,0200,Terra,MODIS,56,6.2,303.1,8.2,D,0
-15.1022,127.3822,320.8,1.1,1.1,2014-06-06,0200,Terra,MODIS,51,6.2,302.8,10.5,D,0
-15.2289,127.7037,354.6,1.2,1.1,2014-06-06,0200,Terra,MODIS,97,6.2,307.1,77.8,D,0
-15.2304,127.7145,354.3,1.2,1.1,2014-06-06,0200,Terra,MODIS,97,6.2,307.4,76.9,D,0
-15.268,126.3512,315.4,1,1,2014-06-06,0200,Terra,MODIS,55,6.2,301.9,6.5,D,0
-15.9084,126.0667,312.9,1,1,2014-06-06,0200,Terra,MODIS,45,6.2,301.5,4.7,D,0
-15.3745,126.772,321.8,1.1,1,2014-06-06,0200,Terra,MODIS,72,6.2,302,13,D,0
-15.2319,127.7253,336.5,1.2,1.1,2014-06-06,0200,Terra,MODIS,87,6.2,305.1,34.9,D,0
-15.8747,135.3231,313.1,4.2,1.9,2014-06-06,0200,Terra,MODIS,61,6.2,291.2,47.8,D,0
-15.8777,135.3174,315,4.2,1.9,2014-06-06,0200,Terra,MODIS,68,6.2,291.5,60.5,D,0
-15.8918,135.3213,312.2,4.2,1.9,2014-06-06,0200,Terra,MODIS,43,6.2,291.4,38.4,D,0
-14.5263,131.3303,314.6,2,1.4,2014-06-06,0200,Terra,MODIS,48,6.2,299.3,13.4,D,0
-14.2675,126.1062,330.7,1,1,2014-06-06,0200,Terra,MODIS,82,6.2,302.4,20.3,D,0
-14.2689,126.1155,329.2,1,1,2014-06-06,0200,Terra,MODIS,81,6.2,302.6,18.1,D,0
-14.2702,126.1248,316.4,1,1,2014-06-06,0200,Terra,MODIS,13,6.2,302.3,4.8,D,0
-14.2779,126.1142,334.3,1,1,2014-06-06,0200,Terra,MODIS,85,6.2,302.8,24.7,D,0
-14.2974,126.1238,338.8,1,1,2014-06-06,0200,Terra,MODIS,69,6.2,302.9,30.5,D,0
-14.3038,126.1039,349.3,1,1,2014-06-06,0200,Terra,MODIS,94,6.2,303.5,51.5,D,0
-14.1149,126.3228,333.3,1,1,2014-06-06,0200,Terra,MODIS,63,6.2,303.8,23,D,0
-14.1162,126.3322,334.1,1,1,2014-06-06,0200,Terra,MODIS,85,6.2,303.8,25.3,D,0
-14.5187,126.1261,314.9,1,1,2014-06-06,0200,Terra,MODIS,54,6.2,300.9,6.5,D,0
-14.52,126.1354,315.9,1,1,2014-06-06,0200,Terra,MODIS,58,6.2,300.8,7.4,D,0
-14.3218,126.1012,318.5,1,1,2014-06-06,0200,Terra,MODIS,16,6.2,301.3,8.2,D,0
-14.2419,126.3779,316.4,1,1,2014-06-06,0200,Terra,MODIS,60,6.2,303,6.8,D,0
-14.2432,126.3874,321.9,1,1,2014-06-06,0200,Terra,MODIS,72,6.2,303.5,12.1,D,0
-14.2701,126.3161,316.4,1,1,2014-06-06,0200,Terra,MODIS,33,6.2,303.5,5.7,D,0
-14.187,126.5079,318.2,1,1,2014-06-06,0200,Terra,MODIS,56,6.2,302.3,7.5,D,0
-14.1385,126.1695,316,1,1,2014-06-06,0200,Terra,MODIS,44,6.2,302.1,7.4,D,0
-14.1837,126.1628,341.6,1,1,2014-06-06,0200,Terra,MODIS,68,6.2,302.3,39.5,D,0
-14.211,126.1622,326.4,1,1,2014-06-06,0200,Terra,MODIS,73,6.2,302.2,15.9,D,0
-14.3609,126.373,315.3,1,1,2014-06-06,0200,Terra,MODIS,52,6.2,301.8,5.8,D,0
-14.3283,126.3395,321.4,1,1,2014-06-06,0200,Terra,MODIS,51,6.2,302.3,10.4,D,0
-14.6341,126.1603,342.7,1,1,2014-06-06,0200,Terra,MODIS,91,6.2,303.2,40,D,0
-14.6002,126.1176,390.7,1,1,2014-06-06,0200,Terra,MODIS,100,6.2,305.9,199.1,D,0
-14.6016,126.1269,361.3,1,1,2014-06-06,0200,Terra,MODIS,100,6.2,304.9,83.3,D,0
-14.6106,126.1255,334.6,1,1,2014-06-06,0200,Terra,MODIS,85,6.2,300.9,28.1,D,0
-14.612,126.1349,350.9,1,1,2014-06-06,0200,Terra,MODIS,95,6.2,303.3,57.9,D,0
-14.6133,126.1442,319.1,1,1,2014-06-06,0200,Terra,MODIS,61,6.2,302.3,9,D,0
-14.6174,126.1724,337.5,1,1,2014-06-06,0200,Terra,MODIS,87,6.2,304.9,28.6,D,0
-14.6187,126.1818,342.2,1,1,2014-06-06,0200,Terra,MODIS,91,6.2,304.9,36,D,0
-14.6278,126.1805,336.8,1,1,2014-06-06,0200,Terra,MODIS,87,6.2,304.4,28.3,D,0
-14.124,126.3215,327,1,1,2014-06-06,0200,Terra,MODIS,38,6.2,303.3,14.5,D,0
-16.7455,132.385,310.9,2.6,1.5,2014-06-06,0200,Terra,MODIS,41,6.2,296.6,18,D,0
-16.7508,132.3776,312.6,2.6,1.5,2014-06-06,0200,Terra,MODIS,62,6.2,298,24.8,D,0
-16.7404,125.5216,319.6,1,1,2014-06-06,0200,Terra,MODIS,63,6.2,305,8.9,D,0
-16.7418,125.531,325,1,1,2014-06-06,0200,Terra,MODIS,77,6.2,303.3,15.1,D,0
-16.7893,125.4789,320.8,1,1,2014-06-06,0200,Terra,MODIS,72,6.2,303.1,11.3,D,0
-17.1786,132.0137,308.6,2.4,1.5,2014-06-06,0200,Terra,MODIS,31,6.2,295.2,13.9,D,0
-14.5515,132.1888,318.6,2.3,1.5,2014-06-06,0200,Terra,MODIS,69,6.2,300.3,25.9,D,0
-14.6328,126.1509,333.6,1,1,2014-06-06,0200,Terra,MODIS,85,6.2,301.9,25.4,D,0
-14.1253,126.3308,321,1,1,2014-06-06,0200,Terra,MODIS,30,6.2,304.2,9.5,D,0
-14.1267,126.3402,319.1,1,1,2014-06-06,0200,Terra,MODIS,24,6.2,303.2,7.9,D,0
-14.1432,126.3313,315.9,1,1,2014-06-06,0200,Terra,MODIS,0,6.2,302.1,6,D,0
-14.2863,130.255,318.1,1.6,1.3,2014-06-06,0200,Terra,MODIS,55,6.2,301.5,12,D,0
-14.2824,130.2251,356.9,1.6,1.3,2014-06-06,0200,Terra,MODIS,98,6.2,304.7,138.9,D,0
-14.2805,130.2101,364.3,1.6,1.3,2014-06-06,0200,Terra,MODIS,100,6.2,302.1,181.1,D,0
-14.2711,130.2265,332,1.6,1.3,2014-06-06,0200,Terra,MODIS,84,6.2,301.7,40.7,D,0
-14.2692,130.2115,367.3,1.6,1.3,2014-06-06,0200,Terra,MODIS,100,6.2,304,198.3,D,0
-16.2919,128.333,316.6,1.3,1.1,2014-06-06,0200,Terra,MODIS,62,6.2,301.8,10.6,D,0
-14.2673,130.1965,357,1.6,1.3,2014-06-06,0200,Terra,MODIS,98,6.2,299.9,136.8,D,0
-14.256,130.198,326.8,1.6,1.3,2014-06-06,0200,Terra,MODIS,58,6.2,299.9,30.3,D,0
-16.4572,124.4738,314.1,1,1,2014-06-06,0200,Terra,MODIS,47,6.2,301,6.7,D,0
-16.4558,124.4644,316.5,1,1,2014-06-06,0200,Terra,MODIS,58,6.2,301.4,8.7,D,0
-16.4841,123.6768,313.8,1,1,2014-06-06,0200,Terra,MODIS,58,6.2,302.1,7.1,D,0
-17.2862,126.5773,315.1,1.1,1,2014-06-06,0200,Terra,MODIS,49,6.2,303,5.9,D,0
-14.4892,126.1783,320.4,1,1,2014-06-06,0200,Terra,MODIS,69,6.2,302.8,10.6,D,0
-14.4919,126.197,317.2,1,1,2014-06-06,0200,Terra,MODIS,54,6.2,303.5,7.3,D,0
-16.5216,125.1561,318,1,1,2014-06-06,0200,Terra,MODIS,68,6.2,303.6,8.1,D,0
-14.3583,130.1935,326.7,1.6,1.3,2014-06-06,0200,Terra,MODIS,38,6.2,300,28,D,0
-14.3563,130.1785,334.2,1.6,1.3,2014-06-06,0200,Terra,MODIS,86,6.2,300.8,48.9,D,0
-14.241,130.2609,322.4,1.6,1.3,2014-06-06,0200,Terra,MODIS,69,6.2,299.6,22.8,D,0
-14.4023,130.1817,324.9,1.6,1.3,2014-06-06,0200,Terra,MODIS,63,6.2,301.5,27.4,D,0
-17.1275,126.8957,323.5,1.1,1.1,2014-06-06,0200,Terra,MODIS,76,6.2,302.6,15,D,0
-14.4042,130.1967,327.4,1.6,1.3,2014-06-06,0200,Terra,MODIS,76,6.2,300.9,34,D,0
-14.4136,130.1802,326,1.6,1.3,2014-06-06,0200,Terra,MODIS,55,6.2,299.5,30.4,D,0
-14.3395,130.2263,320.5,1.6,1.3,2014-06-06,0200,Terra,MODIS,71,6.2,299.8,20.5,D,0
-14.3414,130.2413,321,1.6,1.3,2014-06-06,0200,Terra,MODIS,72,6.2,300.5,21.7,D,0
-14.3433,130.2565,319.2,1.6,1.3,2014-06-06,0200,Terra,MODIS,64,6.2,299.1,17,D,0
-14.3432,130.1651,328.1,1.6,1.3,2014-06-06,0200,Terra,MODIS,43,6.2,300.2,31.3,D,0
-14.2522,130.1684,320.2,1.6,1.2,2014-06-06,0200,Terra,MODIS,25,6.2,298.7,17.9,D,0
-14.4003,130.2584,315.3,1.6,1.3,2014-06-06,0200,Terra,MODIS,42,6.2,296.6,12.4,D,0
-15.814,127.5001,320.2,1.2,1.1,2014-06-06,0200,Terra,MODIS,53,6.2,303.4,10.4,D,0
-14.4063,129.6859,325.6,1.5,1.2,2014-06-06,0200,Terra,MODIS,78,6.2,299.1,31.1,D,0
-14.4081,129.6997,319.7,1.5,1.2,2014-06-06,0200,Terra,MODIS,64,6.2,299.2,19.4,D,0
-14.254,126.4628,323,1,1,2014-06-06,0200,Terra,MODIS,40,6.2,301.9,12.1,D,0
-17.126,126.8853,322.5,1.1,1.1,2014-06-06,0200,Terra,MODIS,74,6.2,303.7,13.6,D,0
-14.4102,129.693,326.1,1.5,1.2,2014-06-06,0200,Terra,MODIS,78,6.2,300,31.4,D,0
-14.4354,129.7178,325.5,1.5,1.2,2014-06-06,0200,Terra,MODIS,78,6.2,300.7,29.1,D,0
-14.4372,129.7317,324.6,1.5,1.2,2014-06-06,0200,Terra,MODIS,77,6.2,300.2,27.1,D,0
-16.4983,124.9979,314.1,1,1,2014-06-06,0200,Terra,MODIS,58,6.2,302.9,6,D,0
-14.444,129.8745,332.7,1.5,1.2,2014-06-06,0200,Terra,MODIS,84,6.2,304.7,36.2,D,0
-15.8029,127.4908,328.8,1.2,1.1,2014-06-06,0200,Terra,MODIS,79,6.2,304.6,21,D,0
-15.8015,127.4801,339.4,1.2,1.1,2014-06-06,0200,Terra,MODIS,89,6.2,305.8,38.7,D,0
-14.2942,130.2322,359.4,1.6,1.3,2014-06-06,0200,Terra,MODIS,99,6.2,302.7,153.8,D,0
-15.7919,127.4815,351.7,1.2,1.1,2014-06-06,0200,Terra,MODIS,96,6.2,305.4,69,D,0
-14.2924,130.2173,361.4,1.6,1.3,2014-06-06,0200,Terra,MODIS,100,6.2,300.9,166.2,D,0
-14.2956,130.2385,345.6,1.6,1.3,2014-06-06,0200,Terra,MODIS,93,6.2,301.3,89,D,0
-15.7904,127.4708,339.4,1.1,1.1,2014-06-06,0200,Terra,MODIS,89,6.2,304.5,40.4,D,0
-14.2937,130.2235,375.6,1.6,1.3,2014-06-06,0200,Terra,MODIS,100,6.2,301.8,260.4,D,0
-14.2918,130.2087,316.6,1.6,1.3,2014-06-06,0200,Terra,MODIS,44,6.2,299,14.2,D,0
-14.2278,130.2475,327.7,1.6,1.3,2014-06-06,0200,Terra,MODIS,77,6.2,298.6,34.7,D,0
-15.7794,127.4616,316.5,1.1,1.1,2014-06-06,0200,Terra,MODIS,61,6.2,302.4,7.3,D,0
-16.7242,122.784,317.6,1.1,1.1,2014-06-06,0200,Terra,MODIS,0,6.2,302,11.5,D,0
-14.2694,130.3033,322.7,1.6,1.3,2014-06-06,0200,Terra,MODIS,74,6.2,300,23.6,D,0
-14.2541,130.1832,352.6,1.6,1.3,2014-06-06,0200,Terra,MODIS,96,6.2,299,117.4,D,0
-14.2851,130.1576,324.9,1.6,1.2,2014-06-06,0200,Terra,MODIS,62,6.2,299.7,28.1,D,0
-14.284,130.1491,326.1,1.6,1.2,2014-06-06,0200,Terra,MODIS,52,6.2,300.8,29.9,D,0
-14.4422,129.8603,355.6,1.5,1.2,2014-06-06,0200,Terra,MODIS,98,6.2,305.1,116.7,D,0
-14.4405,129.8461,354.3,1.5,1.2,2014-06-06,0200,Terra,MODIS,97,6.2,303.8,112.4,D,0
-14.4019,130.2641,317.5,1.6,1.3,2014-06-06,0200,Terra,MODIS,40,6.2,296.4,14.6,D,0
-16.6118,122.8406,314.6,1.1,1,2014-06-06,0200,Terra,MODIS,61,6.2,301.6,8.2,D,0
-14.4454,126.1914,317.2,1,1,2014-06-06,0200,Terra,MODIS,38,6.2,302.7,6.5,D,0
-14.3837,130.1239,320.5,1.6,1.2,2014-06-06,0200,Terra,MODIS,63,6.2,294.3,21.7,D,0
-14.3819,130.109,317.7,1.6,1.2,2014-06-06,0200,Terra,MODIS,67,6.2,293.7,18.8,D,0
-14.3824,130.1149,325.4,1.6,1.2,2014-06-06,0200,Terra,MODIS,75,6.2,293.9,31.5,D,0
-14.4294,129.8475,325.9,1.5,1.2,2014-06-06,0200,Terra,MODIS,19,6.2,305.3,22.7,D,0
-14.4413,129.8669,347.8,1.5,1.2,2014-06-06,0200,Terra,MODIS,94,6.2,305.1,84.3,D,0
-14.4394,129.8527,366.2,1.5,1.2,2014-06-06,0200,Terra,MODIS,100,6.2,305,173.2,D,0
-14.4375,129.8385,332.1,1.5,1.2,2014-06-06,0200,Terra,MODIS,76,6.2,302.1,40,D,0
-14.478,126.2248,318.6,1,1,2014-06-06,0200,Terra,MODIS,56,6.2,304.3,7.2,D,0
-14.2429,130.1847,333.2,1.6,1.3,2014-06-06,0200,Terra,MODIS,77,6.2,302.7,45.5,D,0
-16.2124,128.4248,321.3,1.3,1.1,2014-06-06,0200,Terra,MODIS,60,6.2,303.2,14.4,D,0
-14.4905,126.1877,322,1,1,2014-06-06,0200,Terra,MODIS,72,6.2,304,12.8,D,0
-17.0807,122.9514,339.9,1.1,1,2014-06-06,0201,Terra,MODIS,85,6.2,303,37.2,D,0
-17.0648,122.393,313.9,1.1,1.1,2014-06-06,0201,Terra,MODIS,35,6.2,303,7,D,0
-17.1009,122.9584,334,1.1,1,2014-06-06,0201,Terra,MODIS,86,6.2,301.4,29.9,D,0
-17.9093,123.9007,339.8,1,1,2014-06-06,0201,Terra,MODIS,89,6.2,304.6,35.5,D,0
-17.0982,123.1848,319.1,1.1,1,2014-06-06,0201,Terra,MODIS,69,6.2,300.9,11.3,D,0
-17.0219,122.762,318.6,1.1,1,2014-06-06,0201,Terra,MODIS,52,6.2,303.1,9.4,D,0
-17.0572,122.9241,314.2,1.1,1,2014-06-06,0201,Terra,MODIS,56,6.2,300.2,7.7,D,0
-16.9853,122.5329,322.7,1.1,1.1,2014-06-06,0201,Terra,MODIS,75,6.2,302.3,17,D,0
-17.063,122.3823,314.3,1.1,1.1,2014-06-06,0201,Terra,MODIS,47,6.2,301.4,7.5,D,0
-17.0589,122.9342,342.1,1.1,1,2014-06-06,0201,Terra,MODIS,91,6.2,303.7,45.7,D,0
-17.0844,123.2176,325,1.1,1,2014-06-06,0201,Terra,MODIS,77,6.2,302.7,17.8,D,0
-16.9802,122.5012,321.4,1.1,1.1,2014-06-06,0201,Terra,MODIS,64,6.2,301.6,15.9,D,0
-17.077,123.2147,325.8,1.1,1,2014-06-06,0201,Terra,MODIS,36,6.2,303.5,15.7,D,0
-17.0932,122.9701,327.7,1.1,1,2014-06-06,0201,Terra,MODIS,50,6.2,302,18.1,D,0
-17.0888,123.0637,315.7,1.1,1,2014-06-06,0201,Terra,MODIS,40,6.2,301.6,6.9,D,0
-17.0698,122.9428,376.5,1.1,1,2014-06-06,0201,Terra,MODIS,100,6.2,310.9,148.2,D,0
-17.0791,122.9413,350.4,1.1,1,2014-06-06,0201,Terra,MODIS,95,6.2,301,61.8,D,0
-17.0823,122.9615,353,1.1,1,2014-06-06,0201,Terra,MODIS,96,6.2,306.5,66.1,D,0
-16.9819,122.5118,320.5,1.1,1.1,2014-06-06,0201,Terra,MODIS,59,6.2,302.6,13.4,D,0
-16.9836,122.5223,333.8,1.1,1.1,2014-06-06,0201,Terra,MODIS,85,6.2,303.7,32.8,D,0
-17.0682,122.9327,374.7,1.1,1,2014-06-06,0201,Terra,MODIS,100,6.2,305.6,142.5,D,0
-17.4888,126.1917,318.7,1.1,1,2014-06-06,0201,Terra,MODIS,68,6.2,303.8,9.1,D,0
-21.1373,127.6654,397.3,1.4,1.2,2014-06-06,0201,Terra,MODIS,100,6.2,306.6,365.4,D,0
-20.4785,123.9012,313.9,1,1,2014-06-06,0201,Terra,MODIS,50,6.2,301.5,5.5,D,0
-17.086,123.2275,316.6,1.1,1,2014-06-06,0201,Terra,MODIS,61,6.2,302.3,9.3,D,0
-21.1389,127.6785,377.7,1.4,1.2,2014-06-06,0201,Terra,MODIS,100,6.2,306.1,219.1,D,0
-21.1405,127.6915,345.9,1.4,1.2,2014-06-06,0201,Terra,MODIS,93,6.2,302.1,77.1,D,0
-21.1421,127.7046,331.2,1.4,1.2,2014-06-06,0201,Terra,MODIS,84,6.2,300.3,39.4,D,0
-21.1437,127.7178,325.2,1.4,1.2,2014-06-06,0201,Terra,MODIS,79,6.2,299.7,28.5,D,0
-21.1453,127.7309,316.9,1.4,1.2,2014-06-06,0201,Terra,MODIS,68,6.2,299,15.4,D,0
-18.654,121.8275,316.5,1.2,1.1,2014-06-06,0201,Terra,MODIS,65,6.2,304.7,9.7,D,0
-18.6558,121.8384,312.6,1.2,1.1,2014-06-06,0201,Terra,MODIS,54,6.2,302.2,5.7,D,0
-18.6619,121.8148,327,1.2,1.1,2014-06-06,0201,Terra,MODIS,80,6.2,303.9,22.6,D,0
-18.6637,121.8258,326.8,1.2,1.1,2014-06-06,0201,Terra,MODIS,80,6.2,303.3,22.2,D,0
-20.4184,118.9553,320.7,1.6,1.3,2014-06-06,0202,Terra,MODIS,74,6.2,300.6,23.9,D,0
-20.4296,118.953,316.4,1.6,1.3,2014-06-06,0202,Terra,MODIS,48,6.2,301.6,14.5,D,0
-20.4307,118.9628,317.9,1.6,1.3,2014-06-06,0202,Terra,MODIS,26,6.2,301,15.8,D,0
-20.4982,118.9497,316.3,1.6,1.3,2014-06-06,0202,Terra,MODIS,65,6.2,299.7,16.5,D,0
-20.4927,118.9186,326.8,1.6,1.3,2014-06-06,0202,Terra,MODIS,81,6.2,300.9,37.2,D,0
-20.4955,118.9341,317.7,1.6,1.3,2014-06-06,0202,Terra,MODIS,51,6.2,299.9,17.4,D,0
-20.49,118.9029,320.6,1.6,1.3,2014-06-06,0202,Terra,MODIS,74,6.2,300.1,24.4,D,0
-21.9412,122.9722,313.2,1,1,2014-06-06,0202,Terra,MODIS,49,6.2,300.5,5.9,D,0
-21.9397,122.9625,313.1,1,1,2014-06-06,0202,Terra,MODIS,57,6.2,299.6,5.9,D,0
-21.9218,122.9621,313.9,1,1,2014-06-06,0202,Terra,MODIS,44,6.2,299.8,6.7,D,0
-21.1908,119.9375,309.6,1.4,1.2,2014-06-06,0202,Terra,MODIS,54,6.2,298.5,7.2,D,0
-30.8634,121.4951,307.5,1,1,2014-06-06,0204,Terra,MODIS,65,6.2,292.3,6.8,D,2
-27.8002,114.8208,305.7,2.2,1.4,2014-06-06,0204,Terra,MODIS,62,6.2,293.7,15.9,D,0
-34.6981,118.2268,328.7,1.1,1,2014-06-06,0205,Terra,MODIS,86,6.2,291.8,30.5,D,0
-34.6888,118.2291,369.7,1.1,1,2014-06-06,0205,Terra,MODIS,100,6.2,296.3,129.4,D,0
-31.7067,115.8748,321.5,1.6,1.2,2014-06-06,0205,Terra,MODIS,81,6.2,291.6,37.1,D,0
-34.6907,118.2409,376,1.1,1,2014-06-06,0205,Terra,MODIS,100,6.2,297.2,154.5,D,0
-34.7,118.2386,333.9,1.1,1,2014-06-06,0205,Terra,MODIS,89,6.2,290.7,38,D,0
-33.8127,115.4023,300,1.5,1.2,2014-06-06,0205,Terra,MODIS,23,6.2,289.2,7.9,D,0
-32.9469,116.678,328.8,1.3,1.1,2014-06-06,0205,Terra,MODIS,86,6.2,289.9,43,D,0
-33.8159,115.4186,301.1,1.5,1.2,2014-06-06,0205,Terra,MODIS,44,6.2,289.1,9,D,0
-33.1146,116.8718,303.2,1.3,1.1,2014-06-06,0205,Terra,MODIS,55,6.2,287.7,8.5,D,0
-32.9495,116.6921,319.6,1.3,1.1,2014-06-06,0205,Terra,MODIS,79,6.2,289.5,27.6,D,0
-41.2343,147.3697,308.4,1.6,1.3,2014-06-06,0440,Aqua,MODIS,57,6.2,283.1,21.3,D,0
-41.2232,147.3656,324.3,1.6,1.3,2014-06-06,0440,Aqua,MODIS,78,6.2,283.4,50.4,D,0
-38.1228,141.3016,314.1,1,1,2014-06-06,0441,Aqua,MODIS,74,6.2,286.1,15.4,D,0
-34.1197,142.2002,311.3,1.2,1.1,2014-06-06,0442,Aqua,MODIS,71,6.2,290.9,13.5,D,0
-33.9599,136.4458,303.8,1.1,1,2014-06-06,0443,Aqua,MODIS,49,6.2,289.9,4.9,D,0
-33.0138,137.5938,311.3,1,1,2014-06-06,0443,Aqua,MODIS,0,6.2,292.2,9.6,D,2
-33.952,136.4321,311.3,1.1,1,2014-06-06,0443,Aqua,MODIS,71,6.2,290.4,10.7,D,0
-33.9614,136.4339,302.5,1.1,1,2014-06-06,0443,Aqua,MODIS,38,6.2,289.7,4,D,0
-30.9506,145.4225,300.7,2.2,1.4,2014-06-06,0443,Aqua,MODIS,40,6.2,290.5,11.7,D,0
-21.0258,132.9202,319,1.2,1.1,2014-06-06,0446,Aqua,MODIS,36,6.2,302.4,9.4,D,0
-21.0369,132.9105,328.6,1.2,1.1,2014-06-06,0446,Aqua,MODIS,80,6.2,302,22.3,D,0
-21.0355,132.9216,359.5,1.2,1.1,2014-06-06,0446,Aqua,MODIS,99,6.2,304.5,93.5,D,0
-21.0244,132.9313,328.9,1.2,1.1,2014-06-06,0446,Aqua,MODIS,80,6.2,302.4,22.7,D,0
-21.0162,132.9187,319.8,1.2,1.1,2014-06-06,0446,Aqua,MODIS,51,6.2,302.5,10.6,D,0
-21.1244,127.6708,351.7,2.6,1.5,2014-06-06,0446,Aqua,MODIS,96,6.2,302.4,232.3,D,0
-21.1321,127.6532,329.6,2.6,1.6,2014-06-06,0446,Aqua,MODIS,79,6.2,299.9,83.7,D,0
-21.1473,127.7236,319.7,2.6,1.5,2014-06-06,0446,Aqua,MODIS,70,6.2,302,38,D,0
-21.1553,127.7064,316.5,2.6,1.5,2014-06-06,0446,Aqua,MODIS,57,6.2,300.8,27.2,D,0
-21.1413,127.7049,365.4,2.6,1.5,2014-06-06,0446,Aqua,MODIS,100,6.2,304.3,369.8,D,0
-21.1385,127.6722,345.4,2.6,1.5,2014-06-06,0446,Aqua,MODIS,93,6.2,302.4,179.3,D,0
-21.1297,127.6784,363.2,2.6,1.5,2014-06-06,0446,Aqua,MODIS,100,6.2,303.5,347.8,D,0
-21.1499,127.6987,318.9,2.6,1.5,2014-06-06,0446,Aqua,MODIS,56,6.2,301.6,35.4,D,0
-21.1333,127.7222,327.1,2.6,1.5,2014-06-06,0446,Aqua,MODIS,79,6.2,301.6,64.3,D,0
-21.1437,127.6798,350.1,2.6,1.5,2014-06-06,0446,Aqua,MODIS,95,6.2,301.8,217.1,D,0
-21.1359,127.6973,371.7,2.6,1.5,2014-06-06,0446,Aqua,MODIS,100,6.2,304.6,451.2,D,0
-17.9234,138.6756,328.2,1.4,1.2,2014-06-06,0447,Aqua,MODIS,81,6.2,294.4,30,D,0
-17.9129,138.6737,361.9,1.4,1.2,2014-06-06,0447,Aqua,MODIS,100,6.2,297.3,137.1,D,0
-16.8345,132.8752,315.6,1.1,1,2014-06-06,0447,Aqua,MODIS,54,6.2,301.7,5.4,D,0
-17.1815,132.0158,316.3,1.2,1.1,2014-06-06,0447,Aqua,MODIS,34,6.2,301.9,7.2,D,0
-14.6333,126.4164,333.1,2.6,1.6,2014-06-06,0448,Aqua,MODIS,84,6.2,302.8,99.6,D,0
-14.6098,126.1087,325,2.8,1.6,2014-06-06,0448,Aqua,MODIS,71,6.2,301.1,62.7,D,0
-14.6069,126.1006,321.7,2.8,1.6,2014-06-06,0448,Aqua,MODIS,33,6.2,300.6,45.5,D,0
-14.6384,126.1133,328.8,2.8,1.6,2014-06-06,0448,Aqua,MODIS,65,6.2,300.3,78.2,D,0
-14.3035,126.1266,321.6,2.7,1.6,2014-06-06,0448,Aqua,MODIS,54,6.2,300.2,44.4,D,0
-14.3148,126.1535,325.6,2.7,1.6,2014-06-06,0448,Aqua,MODIS,64,6.2,300,61.7,D,0
-14.1896,126.5082,315.9,2.5,1.5,2014-06-06,0448,Aqua,MODIS,48,6.2,301.3,20.8,D,0
-14.1973,126.5018,317.8,2.5,1.5,2014-06-06,0448,Aqua,MODIS,69,6.2,301.3,30.2,D,0
-14.5139,126.5397,315.9,2.6,1.5,2014-06-06,0448,Aqua,MODIS,56,6.2,301.1,22.3,D,0
-14.5359,126.4698,318.5,2.6,1.5,2014-06-06,0448,Aqua,MODIS,36,6.2,301.3,29.1,D,0
-14.5166,126.5158,322.9,2.6,1.5,2014-06-06,0448,Aqua,MODIS,72,6.2,301.4,46,D,0
-14.6362,126.5145,315.8,2.6,1.5,2014-06-06,0448,Aqua,MODIS,56,6.2,301.7,25.7,D,0
-14.6443,126.191,326.8,2.7,1.6,2014-06-06,0448,Aqua,MODIS,77,6.2,301.8,68.8,D,0
-14.6471,126.166,319.2,2.8,1.6,2014-06-06,0448,Aqua,MODIS,37,6.2,301.5,34.3,D,0
-14.6356,126.1389,350,2.8,1.6,2014-06-06,0448,Aqua,MODIS,95,6.2,303.4,227.8,D,0
-14.5693,126.1756,316.1,2.7,1.6,2014-06-06,0448,Aqua,MODIS,17,6.2,300.9,23.1,D,0
-14.5722,126.1508,320,2.8,1.6,2014-06-06,0448,Aqua,MODIS,44,6.2,299.9,36.6,D,0
-15.1509,134.7204,322.5,1,1,2014-06-06,0448,Aqua,MODIS,76,6.2,297.2,15.6,D,0
-14.3962,133.1119,324,1,1,2014-06-06,0448,Aqua,MODIS,62,6.2,305.2,8.1,D,0
-14.3975,133.1025,337.4,1,1,2014-06-06,0448,Aqua,MODIS,86,6.2,304.9,26.4,D,0
-14.3988,133.0931,323.4,1,1,2014-06-06,0448,Aqua,MODIS,56,6.2,303.7,7.5,D,0
-16.7473,132.3736,321.5,1.1,1.1,2014-06-06,0448,Aqua,MODIS,41,6.2,304.2,10.7,D,0
-14.9965,134.7096,316.3,1,1,2014-06-06,0448,Aqua,MODIS,31,6.2,291.3,8.2,D,0
-15.1233,134.783,328.9,1,1,2014-06-06,0448,Aqua,MODIS,72,6.2,303.6,15.8,D,0
-15.122,134.7923,327.9,1,1,2014-06-06,0448,Aqua,MODIS,78,6.2,302.3,14.6,D,0
-16.0971,130.4281,318.7,1.4,1.2,2014-06-06,0448,Aqua,MODIS,52,6.2,305,10.3,D,0
-14.1285,126.3187,314.5,2.6,1.6,2014-06-06,0448,Aqua,MODIS,0,6.2,300.7,21.4,D,0
-14.6325,126.1312,342.7,2.8,1.6,2014-06-06,0448,Aqua,MODIS,91,6.2,303.1,160.9,D,0
-14.5188,126.3702,323.9,2.6,1.6,2014-06-06,0448,Aqua,MODIS,74,6.2,301.2,53.1,D,0
-14.5147,126.3651,321.2,2.6,1.6,2014-06-06,0448,Aqua,MODIS,38,6.2,300.9,38.2,D,0
-13.8737,130.7016,325,1.3,1.1,2014-06-06,0448,Aqua,MODIS,51,6.2,304.6,15.3,D,0
-13.8747,130.6964,323.6,1.3,1.1,2014-06-06,0448,Aqua,MODIS,63,6.2,303.5,13.6,D,0
-14.2945,133.1197,323.3,1,1,2014-06-06,0448,Aqua,MODIS,26,6.2,303.5,7.9,D,0
-13.2376,132.5277,324.9,1,1,2014-06-06,0448,Aqua,MODIS,33,6.2,299.4,12.6,D,0
-13.7999,132.2431,323.7,1.1,1,2014-06-06,0448,Aqua,MODIS,44,6.2,304,8.9,D,0
-14.9564,130.9077,319.4,1.3,1.1,2014-06-06,0448,Aqua,MODIS,33,6.2,303.3,7.5,D,0
-13.7033,132.2135,387.8,1.1,1,2014-06-06,0448,Aqua,MODIS,100,6.2,307.9,189.9,D,0
-13.7019,132.2233,392,1.1,1,2014-06-06,0448,Aqua,MODIS,100,6.2,308.4,213.8,D,0
-13.4155,131.6269,321.6,1.1,1.1,2014-06-06,0448,Aqua,MODIS,46,6.2,303.7,8.2,D,0
-14.9293,130.8012,325.5,1.3,1.1,2014-06-06,0448,Aqua,MODIS,72,6.2,305.3,14.8,D,0
-13.8786,133.3307,320.8,1,1,2014-06-06,0448,Aqua,MODIS,68,6.2,301.8,8.1,D,0
-14.9549,130.9196,323.9,1.3,1.1,2014-06-06,0448,Aqua,MODIS,70,6.2,304.3,14.7,D,0
-14.2958,133.1103,329.9,1,1,2014-06-06,0448,Aqua,MODIS,79,6.2,303.7,16.2,D,0
-14.2682,133.1094,326.6,1,1,2014-06-06,0448,Aqua,MODIS,75,6.2,302.8,12.8,D,0
-14.2566,133.1268,336.9,1,1,2014-06-06,0448,Aqua,MODIS,86,6.2,303.1,27.3,D,0
-14.0139,133.6083,328.8,1,1,2014-06-06,0448,Aqua,MODIS,78,6.2,302.3,16.4,D,0
-15.3392,135.2617,324.5,1,1,2014-06-06,0448,Aqua,MODIS,78,6.2,301.1,13.2,D,0
-13.8872,133.3385,323.4,1,1,2014-06-06,0448,Aqua,MODIS,71,6.2,301.6,10.1,D,0
-13.227,132.6705,324.4,1,1,2014-06-06,0448,Aqua,MODIS,24,6.2,299.8,12.3,D,0
-13.7192,131.336,326.1,1.2,1.1,2014-06-06,0448,Aqua,MODIS,58,6.2,299.7,16.6,D,0
-13.425,131.6283,328.8,1.1,1.1,2014-06-06,0448,Aqua,MODIS,78,6.2,304.8,17.6,D,0
-13.8776,133.6666,337.9,1,1,2014-06-06,0448,Aqua,MODIS,87,6.2,302.4,30,D,0
-13.8762,133.6758,330.3,1,1,2014-06-06,0448,Aqua,MODIS,80,6.2,299,19.1,D,0
-13.439,132.8648,318.3,1,1,2014-06-06,0448,Aqua,MODIS,52,6.2,297.8,8.4,D,0
-13.8858,132.081,323.9,1.1,1,2014-06-06,0448,Aqua,MODIS,61,6.2,303.6,9.8,D,0
-13.656,132.1599,325.8,1.1,1,2014-06-06,0448,Aqua,MODIS,63,6.2,303.7,12,D,0
-14.0141,133.5425,321.1,1,1,2014-06-06,0448,Aqua,MODIS,57,6.2,300.5,8.6,D,0
-13.5448,132.6938,331.5,1,1,2014-06-06,0448,Aqua,MODIS,76,6.2,298.5,19.5,D,0
-13.9657,133.3692,317.5,1,1,2014-06-06,0448,Aqua,MODIS,58,6.2,300.9,4.8,D,0
-13.8214,132.0854,320.2,1.1,1,2014-06-06,0448,Aqua,MODIS,59,6.2,303.8,5.9,D,0
-15.5104,131.9502,328.6,1.1,1.1,2014-06-06,0448,Aqua,MODIS,78,6.2,304.1,18.3,D,0
-13.8991,133.7733,320.1,1,1,2014-06-06,0448,Aqua,MODIS,24,6.2,299.7,6.8,D,0
-14.3049,133.1117,327.2,1,1,2014-06-06,0448,Aqua,MODIS,49,6.2,304.2,11.8,D,0
-14.3062,133.1023,336.8,1,1,2014-06-06,0448,Aqua,MODIS,86,6.2,305.4,25.4,D,0
-13.1281,132.4571,318.6,1,1,2014-06-06,0448,Aqua,MODIS,62,6.2,296.4,7.7,D,0
-13.1295,132.4476,325.2,1,1,2014-06-06,0448,Aqua,MODIS,75,6.2,295.7,15,D,0
-13.301,132.6692,333.5,1,1,2014-06-06,0448,Aqua,MODIS,74,6.2,300.4,24.3,D,0
-13.4755,132.7361,318.8,1,1,2014-06-06,0448,Aqua,MODIS,39,6.2,298.2,7.8,D,0
-13.8439,132.129,328.1,1.1,1,2014-06-06,0448,Aqua,MODIS,56,6.2,305.2,11.5,D,0
-13.8494,132.0894,323.8,1.1,1,2014-06-06,0448,Aqua,MODIS,70,6.2,304.6,9.8,D,0
-13.836,132.1177,325.7,1.1,1,2014-06-06,0448,Aqua,MODIS,71,6.2,304,9.4,D,0
-15.5118,131.9397,320.6,1.1,1.1,2014-06-06,0448,Aqua,MODIS,43,6.2,303.6,7.6,D,0
-13.2919,132.6678,325.9,1,1,2014-06-06,0448,Aqua,MODIS,69,6.2,298.8,15.7,D,0
-13.3646,132.9995,326.7,1,1,2014-06-06,0448,Aqua,MODIS,77,6.2,301.6,17.3,D,0
-13.2932,132.6584,319.7,1,1,2014-06-06,0448,Aqua,MODIS,48,6.2,297.8,9.1,D,0
-13.2892,132.8205,319.7,1,1,2014-06-06,0448,Aqua,MODIS,47,6.2,300.4,7.7,D,0
-14.2643,133.1375,319.7,1,1,2014-06-06,0448,Aqua,MODIS,52,6.2,302.3,5.5,D,0
-13.936,133.3836,318.3,1,1,2014-06-06,0448,Aqua,MODIS,61,6.2,301.7,5,D,0
-14.2552,133.1361,338.7,1,1,2014-06-06,0448,Aqua,MODIS,87,6.2,302.3,30.4,D,0
-14.3308,133.1251,323.5,1,1,2014-06-06,0448,Aqua,MODIS,65,6.2,304.2,8.1,D,0
-14.323,133.1144,326.9,1,1,2014-06-06,0448,Aqua,MODIS,71,6.2,304,11.8,D,0
-14.3075,133.0929,336.1,1,1,2014-06-06,0448,Aqua,MODIS,85,6.2,304.3,25.9,D,0
-13.5513,132.714,319.2,1,1,2014-06-06,0448,Aqua,MODIS,53,6.2,298.1,8.3,D,0
-13.4557,132.4156,324.5,1,1,2014-06-06,0448,Aqua,MODIS,74,6.2,300.4,14.9,D,0
-13.5034,132.4684,323.8,1,1,2014-06-06,0448,Aqua,MODIS,73,6.2,299.6,13.7,D,0
-15.6898,132.0521,318.9,1.1,1.1,2014-06-06,0448,Aqua,MODIS,61,6.2,303.7,7.3,D,0
-13.2019,131.6361,322.3,1.1,1.1,2014-06-06,0448,Aqua,MODIS,55,6.2,302.4,6.2,D,0
-13.1958,131.6391,324.7,1.1,1.1,2014-06-06,0448,Aqua,MODIS,73,6.2,302.7,9.5,D,0
-15.6913,132.0416,322.4,1.1,1.1,2014-06-06,0448,Aqua,MODIS,69,6.2,303.9,11.2,D,0
-13.5658,132.6097,359.4,1,1,2014-06-06,0448,Aqua,MODIS,99,6.2,301.9,74.2,D,0
-13.9447,133.579,316.5,1,1,2014-06-06,0448,Aqua,MODIS,23,6.2,297.6,5,D,0
-13.5749,132.611,373.4,1,1,2014-06-06,0448,Aqua,MODIS,100,6.2,299.5,120.5,D,0
-13.5736,132.6205,376.8,1,1,2014-06-06,0448,Aqua,MODIS,100,6.2,303.6,131.9,D,0
-14.0252,130.8632,318,1.2,1.1,2014-06-06,0448,Aqua,MODIS,50,6.2,296.5,9,D,0
-13.5814,132.6314,332.9,1,1,2014-06-06,0448,Aqua,MODIS,60,6.2,300.5,18.1,D,0
-13.5879,132.6517,330.1,1,1,2014-06-06,0448,Aqua,MODIS,66,6.2,301.8,14.2,D,0
-13.4653,131.4012,340.3,1.1,1.1,2014-06-06,0448,Aqua,MODIS,89,6.2,305.5,39.1,D,0
-13.8379,132.4341,324.9,1.1,1,2014-06-06,0448,Aqua,MODIS,73,6.2,303.7,15,D,0
-13.4667,131.3907,331,1.1,1.1,2014-06-06,0448,Aqua,MODIS,80,6.2,303.3,20.7,D,0
-13.2776,132.7709,325,1,1,2014-06-06,0448,Aqua,MODIS,61,6.2,300.5,13,D,0
-13.4231,131.2482,381.1,1.2,1.1,2014-06-06,0448,Aqua,MODIS,100,6.2,301.8,181.8,D,0
-13.4134,131.2468,359.1,1.2,1.1,2014-06-06,0448,Aqua,MODIS,99,6.2,303.8,89.8,D,0
-13.8845,132.091,349.8,1.1,1,2014-06-06,0448,Aqua,MODIS,94,6.2,305.9,54.2,D,0
-13.8737,132.2405,323,1.1,1,2014-06-06,0448,Aqua,MODIS,42,6.2,304.3,8.2,D,0
-14.2475,133.1254,326.1,1,1,2014-06-06,0448,Aqua,MODIS,75,6.2,301.6,13.1,D,0
-13.5957,132.6627,351.1,1,1,2014-06-06,0448,Aqua,MODIS,95,6.2,302.5,52.8,D,0
-13.8938,132.0923,326.3,1.1,1,2014-06-06,0448,Aqua,MODIS,63,6.2,304.7,12.3,D,0
-13.7249,131.2932,324.4,1.2,1.1,2014-06-06,0448,Aqua,MODIS,56,6.2,304.2,12,D,0
-13.5683,132.6585,328.4,1,1,2014-06-06,0448,Aqua,MODIS,60,6.2,301.6,10.8,D,0
-13.8925,132.1022,323.9,1.1,1,2014-06-06,0448,Aqua,MODIS,39,6.2,304.4,8.8,D,0
-13.4344,131.6297,320.9,1.1,1.1,2014-06-06,0448,Aqua,MODIS,50,6.2,304.3,7.7,D,0
-14.8686,130.7268,335.2,1.3,1.1,2014-06-06,0448,Aqua,MODIS,84,6.2,304.4,35.6,D,0
-14.8671,130.7387,337.1,1.3,1.1,2014-06-06,0448,Aqua,MODIS,86,6.2,305.6,39.6,D,0
-14.8788,130.7283,325.7,1.3,1.1,2014-06-06,0448,Aqua,MODIS,73,6.2,304.8,15.9,D,0
-13.6993,132.2428,332.6,1.1,1,2014-06-06,0448,Aqua,MODIS,49,6.2,303.3,19.3,D,0
-14.8772,130.7401,335,1.3,1.1,2014-06-06,0448,Aqua,MODIS,84,6.2,307.2,33.2,D,0
-13.6795,132.18,328.9,1.1,1,2014-06-06,0448,Aqua,MODIS,74,6.2,303.3,16.2,D,0
-13.6719,132.1822,320.2,1.1,1,2014-06-06,0448,Aqua,MODIS,27,6.2,301.8,6.7,D,0
-13.5462,132.6844,324.8,1,1,2014-06-06,0448,Aqua,MODIS,42,6.2,298.7,10.4,D,0
-14.8762,130.7335,364.6,1.3,1.1,2014-06-06,0448,Aqua,MODIS,100,6.2,307.2,125,D,0
-14.8747,130.7454,329,1.3,1.1,2014-06-06,0448,Aqua,MODIS,77,6.2,307.2,20,D,0
-13.516,132.6454,322.5,1,1,2014-06-06,0448,Aqua,MODIS,32,6.2,299.5,9.9,D,0
-13.558,132.5988,340.8,1,1,2014-06-06,0448,Aqua,MODIS,89,6.2,297.6,34.9,D,0
-13.5541,132.6273,329.2,1,1,2014-06-06,0448,Aqua,MODIS,79,6.2,298.3,12.4,D,0
-13.9549,131.7094,317.7,1.1,1.1,2014-06-06,0448,Aqua,MODIS,14,6.2,292.4,7.3,D,0
-13.7164,132.2553,323.2,1.1,1,2014-06-06,0448,Aqua,MODIS,33,6.2,304.1,9.1,D,0
-13.7151,132.2651,324.7,1.1,1,2014-06-06,0448,Aqua,MODIS,68,6.2,305,11.4,D,0
-13.2878,132.83,318.6,1,1,2014-06-06,0448,Aqua,MODIS,53,6.2,298.9,7,D,0
-13.597,132.6531,328.2,1,1,2014-06-06,0448,Aqua,MODIS,30,6.2,299.9,12.8,D,0
-14.1927,134.1626,320.7,1,1,2014-06-06,0448,Aqua,MODIS,57,6.2,300.3,7.8,D,0
-14.1914,134.1718,349.5,1,1,2014-06-06,0448,Aqua,MODIS,94,6.2,304,50.2,D,0
-14.1821,134.2364,320,1,1,2014-06-06,0448,Aqua,MODIS,64,6.2,301.6,7.1,D,0
-14.2004,134.1732,331,1,1,2014-06-06,0448,Aqua,MODIS,76,6.2,301.6,18.7,D,0
-13.6021,132.683,330.9,1,1,2014-06-06,0448,Aqua,MODIS,55,6.2,302.1,16.6,D,0
-15.8855,131.8882,321.8,1.1,1.1,2014-06-06,0448,Aqua,MODIS,66,6.2,304.6,10.1,D,0
-14.1991,134.1824,328.1,1,1,2014-06-06,0448,Aqua,MODIS,68,6.2,302.3,14.5,D,0
-13.5619,132.6382,329.6,1,1,2014-06-06,0448,Aqua,MODIS,54,6.2,300.9,11.6,D,0
-13.5292,132.6724,330.8,1,1,2014-06-06,0448,Aqua,MODIS,35,6.2,298.1,17.1,D,0
-13.7006,132.233,363.2,1.1,1,2014-06-06,0448,Aqua,MODIS,100,6.2,304.4,88.4,D,0
-13.2997,132.6786,333.1,1,1,2014-06-06,0448,Aqua,MODIS,75,6.2,301.6,22.8,D,0
-14.8556,133.6366,321.3,1,1,2014-06-06,0448,Aqua,MODIS,62,6.2,290.6,11.4,D,0
-14.4931,133.4093,322.7,1,1,2014-06-06,0448,Aqua,MODIS,71,6.2,304.9,7.2,D,0
-14.9108,133.7018,326.8,1,1,2014-06-06,0448,Aqua,MODIS,73,6.2,292.6,18.5,D,0
-14.9095,133.711,322.6,1,1,2014-06-06,0448,Aqua,MODIS,58,6.2,287.1,14,D,0
-14.8569,133.6273,326.8,1,1,2014-06-06,0448,Aqua,MODIS,79,6.2,295,17.1,D,0
-14.9121,133.6925,326.6,1,1,2014-06-06,0448,Aqua,MODIS,77,6.2,292.1,16.8,D,0
-14.25,134.2716,319,1,1,2014-06-06,0448,Aqua,MODIS,62,6.2,302.2,5.3,D,0
-15.5444,135.4207,314.2,1,1,2014-06-06,0448,Aqua,MODIS,24,6.2,291.9,5.3,D,0
-15.091,134.6251,324.6,1,1,2014-06-06,0448,Aqua,MODIS,65,6.2,298.7,13.1,D,0
-15.6255,135.9785,324.2,1.1,1,2014-06-06,0448,Aqua,MODIS,76,6.2,300.1,12.8,D,0
-15.5999,135.7953,320.4,1.1,1,2014-06-06,0448,Aqua,MODIS,71,6.2,299.9,8.8,D,0
-14.4944,133.4001,319.9,1,1,2014-06-06,0448,Aqua,MODIS,58,6.2,301.8,4.7,D,0
-14.8493,133.6204,330.4,1,1,2014-06-06,0448,Aqua,MODIS,82,6.2,295.3,22,D,0
-14.848,133.6298,327,1,1,2014-06-06,0448,Aqua,MODIS,79,6.2,289.6,18.2,D,0
-15.0986,134.6358,320.8,1,1,2014-06-06,0448,Aqua,MODIS,21,6.2,296.4,9.6,D,0
-14.4016,130.1425,337.3,1.4,1.2,2014-06-06,0448,Aqua,MODIS,87,6.2,304.6,45.1,D,0
-13.4833,130.3345,340.3,1.3,1.1,2014-06-06,0448,Aqua,MODIS,88,6.2,303.2,50.2,D,0
-15.4015,130.6136,321.2,1.3,1.1,2014-06-06,0448,Aqua,MODIS,56,6.2,305.2,9.9,D,0
-14.441,129.711,328.3,1.5,1.2,2014-06-06,0448,Aqua,MODIS,78,6.2,303.6,29.3,D,0
-14.4392,129.7248,322.9,1.5,1.2,2014-06-06,0448,Aqua,MODIS,59,6.2,303.2,18.2,D,0
-14.4242,129.9597,320.8,1.4,1.2,2014-06-06,0448,Aqua,MODIS,62,6.2,304.2,13.4,D,0
-14.3587,130.1833,328.8,1.4,1.2,2014-06-06,0448,Aqua,MODIS,61,6.2,304.3,21.7,D,0
-14.3499,130.1691,332.9,1.4,1.2,2014-06-06,0448,Aqua,MODIS,83,6.2,304.5,30.4,D,0
-14.3346,130.2057,342.8,1.4,1.2,2014-06-06,0448,Aqua,MODIS,90,6.2,305.3,56,D,0
-14.3241,130.2044,380.2,1.4,1.2,2014-06-06,0448,Aqua,MODIS,100,6.2,307.6,225.3,D,0
-13.8005,130.0053,321.5,1.4,1.2,2014-06-06,0448,Aqua,MODIS,41,6.2,301.7,15.5,D,0
-14.3257,130.1916,398.4,1.4,1.2,2014-06-06,0448,Aqua,MODIS,100,6.2,309.2,367.1,D,0
-14.3201,130.152,322.5,1.4,1.2,2014-06-06,0448,Aqua,MODIS,44,6.2,302.2,14,D,0
-16.2063,128.4245,318.6,1.9,1.4,2014-06-06,0448,Aqua,MODIS,49,6.2,304.7,15.9,D,0
-16.194,128.4229,331.5,1.9,1.4,2014-06-06,0448,Aqua,MODIS,82,6.2,304.2,52.9,D,0
-16.1961,128.4046,328.4,2,1.4,2014-06-06,0448,Aqua,MODIS,78,6.2,304.7,42.3,D,0
-16.2893,128.2714,319.4,2,1.4,2014-06-06,0448,Aqua,MODIS,56,6.2,303.9,19.6,D,0
-15.0923,129.9983,318.7,1.4,1.2,2014-06-06,0448,Aqua,MODIS,55,6.2,303.2,12.1,D,0
-15.0906,130.0119,320.4,1.4,1.2,2014-06-06,0448,Aqua,MODIS,62,6.2,303.4,15.1,D,0
-14.4177,130.1839,327.8,1.4,1.2,2014-06-06,0448,Aqua,MODIS,74,6.2,303.5,24.4,D,0
-14.4072,130.1825,324.1,1.4,1.2,2014-06-06,0448,Aqua,MODIS,64,6.2,304.9,16.8,D,0
-14.4088,130.1697,339.4,1.4,1.2,2014-06-06,0448,Aqua,MODIS,88,6.2,305,49.5,D,0
-14.4104,130.1568,346.3,1.4,1.2,2014-06-06,0448,Aqua,MODIS,93,6.2,305.2,69.1,D,0
-14.412,130.144,353,1.4,1.2,2014-06-06,0448,Aqua,MODIS,96,6.2,304.4,94.3,D,0
-14.4032,130.1297,324,1.4,1.2,2014-06-06,0448,Aqua,MODIS,66,6.2,302.4,18.8,D,0
-14.4055,130.1507,351.4,1.4,1.2,2014-06-06,0448,Aqua,MODIS,95,6.2,306.2,82.1,D,0
-14.4072,130.1379,334.8,1.4,1.2,2014-06-06,0448,Aqua,MODIS,84,6.2,303.7,35.5,D,0
-14.3967,130.1365,325.3,1.4,1.2,2014-06-06,0448,Aqua,MODIS,69,6.2,304.5,16.5,D,0
-14.3984,130.1237,323.8,1.4,1.2,2014-06-06,0448,Aqua,MODIS,34,6.2,302.5,14.6,D,0
-14.3895,130.1095,328.4,1.4,1.2,2014-06-06,0448,Aqua,MODIS,75,6.2,303.5,25.7,D,0
-13.7027,130.2155,340.9,1.3,1.1,2014-06-06,0448,Aqua,MODIS,89,6.2,302.2,53.6,D,0
-13.7043,130.2032,420.8,1.3,1.1,2014-06-06,0448,Aqua,MODIS,100,6.2,315.8,604.8,D,0
-13.7059,130.1907,389.2,1.3,1.1,2014-06-06,0448,Aqua,MODIS,100,6.2,306.7,287,D,0
-13.6924,130.2141,328.6,1.3,1.1,2014-06-06,0448,Aqua,MODIS,78,6.2,301.8,26.5,D,0
-13.6939,130.2017,427.9,1.3,1.1,2014-06-06,0448,Aqua,MODIS,100,6.2,317.6,703,D,0
-13.6955,130.1892,392.1,1.3,1.1,2014-06-06,0448,Aqua,MODIS,100,6.2,307.1,310.3,D,0
-13.682,130.2127,347.9,1.3,1.1,2014-06-06,0448,Aqua,MODIS,93,6.2,303.6,74.4,D,0
-13.6836,130.2003,401.9,1.3,1.1,2014-06-06,0448,Aqua,MODIS,100,6.2,312.3,393,D,0
-13.6852,130.1879,360.3,1.3,1.1,2014-06-06,0448,Aqua,MODIS,100,6.2,302.3,122.4,D,0
-14.6223,126.5127,326.4,2.6,1.5,2014-06-06,0448,Aqua,MODIS,77,6.2,302.4,64,D,0
-14.6057,126.5347,329.5,2.6,1.5,2014-06-06,0448,Aqua,MODIS,80,6.2,301.9,77.2,D,0
-14.6084,126.5109,330.7,2.6,1.5,2014-06-06,0448,Aqua,MODIS,82,6.2,302.1,84,D,0
-14.5945,126.5089,318.8,2.6,1.5,2014-06-06,0448,Aqua,MODIS,65,6.2,301.4,34.9,D,0
-14.5888,126.501,319.9,2.6,1.5,2014-06-06,0448,Aqua,MODIS,65,6.2,301.3,36.2,D,0
-14.097,130.2429,323.8,1.4,1.2,2014-06-06,0448,Aqua,MODIS,45,6.2,305.6,11.4,D,0
-14.1307,130.2038,327.7,1.4,1.2,2014-06-06,0448,Aqua,MODIS,76,6.2,303.4,20.2,D,0
-13.6663,130.0396,322,1.4,1.2,2014-06-06,0448,Aqua,MODIS,66,6.2,301.1,17.9,D,0
-13.6679,130.0269,315,1.4,1.2,2014-06-06,0448,Aqua,MODIS,13,6.2,299.6,7.4,D,0
-13.6696,130.0142,341,1.4,1.2,2014-06-06,0448,Aqua,MODIS,89,6.2,302.1,56.4,D,0
-13.6712,130.0016,331.9,1.4,1.2,2014-06-06,0448,Aqua,MODIS,38,6.2,302.2,32.4,D,0
-13.6558,130.0382,327.5,1.4,1.2,2014-06-06,0448,Aqua,MODIS,28,6.2,300.5,24.8,D,0
-13.6591,130.0128,338.4,1.4,1.2,2014-06-06,0448,Aqua,MODIS,77,6.2,303.7,47.5,D,0
-13.6607,130.0002,370.7,1.4,1.2,2014-06-06,0448,Aqua,MODIS,100,6.2,307.7,173,D,0
-13.6454,130.0367,348.5,1.4,1.2,2014-06-06,0448,Aqua,MODIS,94,6.2,304,77.6,D,0
-13.6486,130.0114,342.8,1.4,1.2,2014-06-06,0448,Aqua,MODIS,85,6.2,302.6,60.6,D,0
-13.6503,129.9987,383.5,1.4,1.2,2014-06-06,0448,Aqua,MODIS,100,6.2,307.5,253.5,D,0
-16.287,128.2909,322.1,2,1.4,2014-06-06,0448,Aqua,MODIS,70,6.2,303.2,27.7,D,0
-16.2854,128.2854,326.8,2,1.4,2014-06-06,0448,Aqua,MODIS,77,6.2,303.5,38.7,D,0
-14.2603,129.5199,315.3,1.5,1.2,2014-06-06,0448,Aqua,MODIS,40,6.2,301.8,9.9,D,0
-14.2938,130.2192,337.5,1.4,1.2,2014-06-06,0448,Aqua,MODIS,87,6.2,305.8,39.4,D,0
-14.2954,130.2065,328.4,1.4,1.2,2014-06-06,0448,Aqua,MODIS,48,6.2,303.2,22.1,D,0
-14.2719,130.3055,321.4,1.3,1.1,2014-06-06,0448,Aqua,MODIS,32,6.2,303.1,10,D,0
-14.285,130.2051,328.6,1.4,1.2,2014-06-06,0448,Aqua,MODIS,45,6.2,305.3,21.5,D,0
-14.2867,130.1926,330.1,1.4,1.2,2014-06-06,0448,Aqua,MODIS,62,6.2,302.8,26.5,D,0
-14.2762,130.1912,349.8,1.4,1.2,2014-06-06,0448,Aqua,MODIS,95,6.2,306.8,76.1,D,0
-14.2779,130.1785,361.4,1.4,1.2,2014-06-06,0448,Aqua,MODIS,100,6.2,305.1,120.2,D,0
-14.2561,130.2652,326.9,1.4,1.2,2014-06-06,0448,Aqua,MODIS,59,6.2,303,19.3,D,0
-14.2674,130.1771,349,1.4,1.2,2014-06-06,0448,Aqua,MODIS,94,6.2,307.2,72,D,0
-14.2691,130.1644,347.5,1.4,1.2,2014-06-06,0448,Aqua,MODIS,93,6.2,304.3,68.8,D,0
-14.2473,130.2513,327,1.4,1.2,2014-06-06,0448,Aqua,MODIS,51,6.2,303.9,19.9,D,0
-14.2369,130.2498,323.2,1.4,1.2,2014-06-06,0448,Aqua,MODIS,43,6.2,302.8,14.9,D,0
-14.3042,130.2206,326,1.4,1.2,2014-06-06,0448,Aqua,MODIS,51,6.2,303,16.5,D,0
-14.2916,130.1545,323.1,1.4,1.2,2014-06-06,0448,Aqua,MODIS,25,6.2,303.1,14.9,D,0
-14.2878,130.1016,316.9,1.4,1.2,2014-06-06,0448,Aqua,MODIS,48,6.2,302.9,9.3,D,0
-14.2895,130.0885,317.7,1.4,1.2,2014-06-06,0448,Aqua,MODIS,57,6.2,302.7,11.3,D,0
-14.3025,130.2332,327.2,1.4,1.2,2014-06-06,0448,Aqua,MODIS,66,6.2,303.7,17.8,D,0
-14.3017,130.214,327.1,1.4,1.2,2014-06-06,0448,Aqua,MODIS,61,6.2,303,21.2,D,0
-14.3001,130.2267,339.1,1.4,1.2,2014-06-06,0448,Aqua,MODIS,88,6.2,305,46.1,D,0
-14.3105,130.2281,345.2,1.4,1.2,2014-06-06,0448,Aqua,MODIS,92,6.2,303.4,63.7,D,0
-14.3329,130.2184,336.1,1.4,1.2,2014-06-06,0448,Aqua,MODIS,76,6.2,303.8,37,D,0
-14.3401,130.2451,331.8,1.4,1.2,2014-06-06,0448,Aqua,MODIS,82,6.2,302.9,28.9,D,0
-14.2818,129.9817,320.2,1.4,1.2,2014-06-06,0448,Aqua,MODIS,26,6.2,301.9,14.8,D,0
-14.3505,130.2465,322.9,1.4,1.2,2014-06-06,0448,Aqua,MODIS,59,6.2,304.6,12.9,D,0
-14.4081,130.2598,326.6,1.4,1.2,2014-06-06,0448,Aqua,MODIS,76,6.2,303.2,21.7,D,0
-17.3536,126.6606,317.8,2.8,1.6,2014-06-06,0448,Aqua,MODIS,57,6.2,303.5,30.7,D,0
-17.356,126.6658,319,2.8,1.6,2014-06-06,0448,Aqua,MODIS,62,6.2,303.6,35.7,D,0
-13.9444,130.23,324.3,1.3,1.2,2014-06-06,0448,Aqua,MODIS,19,6.2,303.8,17.5,D,0
-13.9359,130.2351,325.6,1.3,1.1,2014-06-06,0448,Aqua,MODIS,52,6.2,303.2,19.7,D,0
-14.1242,130.1961,325.7,1.4,1.2,2014-06-06,0448,Aqua,MODIS,42,6.2,303,17.8,D,0
-14.2266,130.2483,336.2,1.4,1.2,2014-06-06,0448,Aqua,MODIS,86,6.2,302.8,41.2,D,0
-14.1859,130.1857,322.9,1.4,1.2,2014-06-06,0448,Aqua,MODIS,59,6.2,304,11.7,D,0
-16.4588,128.3586,315.7,2,1.4,2014-06-06,0448,Aqua,MODIS,43,6.2,301.7,12.3,D,0
-14.4451,129.8489,325.1,1.4,1.2,2014-06-06,0448,Aqua,MODIS,63,6.2,306.6,14,D,0
-16.4642,125.1382,324.8,3.5,1.8,2014-06-06,0448,Aqua,MODIS,75,6.2,301.7,91.7,D,0
-16.4572,125.1418,318.4,3.5,1.8,2014-06-06,0448,Aqua,MODIS,65,6.2,300.7,52.8,D,0
-14.4254,129.8327,329.7,1.5,1.2,2014-06-06,0448,Aqua,MODIS,54,6.2,304.8,28.4,D,0
-14.0571,130.225,325.7,1.4,1.2,2014-06-06,0448,Aqua,MODIS,17,6.2,304.7,13.9,D,0
-14.0619,130.1874,370.6,1.4,1.2,2014-06-06,0448,Aqua,MODIS,100,6.2,306.1,164.6,D,0
-16.3167,128.1415,317.8,2.1,1.4,2014-06-06,0448,Aqua,MODIS,60,6.2,305,17.7,D,0
-16.3145,128.1609,321.7,2,1.4,2014-06-06,0448,Aqua,MODIS,69,6.2,304.4,27.8,D,0
-14.3819,129.5417,324.4,1.5,1.2,2014-06-06,0448,Aqua,MODIS,73,6.2,300.9,27.1,D,0
-14.3709,129.5402,326.8,1.5,1.2,2014-06-06,0448,Aqua,MODIS,76,6.2,300.2,31.5,D,0
-14.3727,129.5263,319,1.5,1.2,2014-06-06,0448,Aqua,MODIS,49,6.2,300,16.1,D,0
-14.2836,126.424,323.5,2.6,1.5,2014-06-06,0448,Aqua,MODIS,76,6.2,301,51,D,0
-15.093,130.8721,324.3,1.3,1.1,2014-06-06,0448,Aqua,MODIS,62,6.2,306.3,11.9,D,0
-13.7844,130.132,321.9,1.4,1.2,2014-06-06,0448,Aqua,MODIS,56,6.2,301.2,15.2,D,0
-17.1159,126.2051,329.8,3,1.6,2014-06-06,0448,Aqua,MODIS,36,6.2,304.2,81.7,D,0
-17.0863,126.202,331.9,3,1.6,2014-06-06,0448,Aqua,MODIS,43,6.2,305,94.3,D,0
-17.0892,126.1741,372.3,3,1.6,2014-06-06,0448,Aqua,MODIS,100,6.2,306,553.7,D,0
-17.0744,126.1724,324.2,3,1.6,2014-06-06,0448,Aqua,MODIS,24,6.2,303.6,59.4,D,0
-17.075,126.1676,327.5,3,1.6,2014-06-06,0448,Aqua,MODIS,78,6.2,303.9,81.7,D,0
-14.0724,127.3285,318.9,2.2,1.4,2014-06-06,0448,Aqua,MODIS,70,6.2,301.3,26.5,D,0
-14.0594,127.3268,316.9,2.2,1.4,2014-06-06,0448,Aqua,MODIS,43,6.2,302.1,19.9,D,0
-13.6398,129.9973,331.5,1.4,1.2,2014-06-06,0448,Aqua,MODIS,58,6.2,300.2,35.3,D,0
-14.8106,126.3258,319,2.7,1.6,2014-06-06,0448,Aqua,MODIS,65,6.2,300.2,41.7,D,0
-13.6382,130.0099,320.6,1.4,1.2,2014-06-06,0448,Aqua,MODIS,46,6.2,299,17.5,D,0
-15.4285,126.338,316.6,2.7,1.6,2014-06-06,0448,Aqua,MODIS,57,6.2,300.8,30,D,0
-15.4259,126.3325,316.8,2.7,1.6,2014-06-06,0448,Aqua,MODIS,50,6.2,300.9,30.3,D,0
-16.5394,127.088,325.1,2.5,1.5,2014-06-06,0448,Aqua,MODIS,75,6.2,305.2,46.7,D,0
-13.6349,130.0353,377,1.4,1.2,2014-06-06,0448,Aqua,MODIS,100,6.2,302.9,211.1,D,0
-15.2451,127.8582,321.1,2.1,1.4,2014-06-06,0448,Aqua,MODIS,56,6.2,304,22.6,D,0
-15.2325,127.8565,329.9,2.1,1.4,2014-06-06,0448,Aqua,MODIS,80,6.2,304.9,49.6,D,0
-15.2324,127.8514,329.9,2.1,1.4,2014-06-06,0448,Aqua,MODIS,80,6.2,304.5,48.4,D,0
-13.9301,130.1189,319.1,1.4,1.2,2014-06-06,0448,Aqua,MODIS,50,6.2,301.6,13,D,0
-15.3035,126.395,329,2.7,1.6,2014-06-06,0448,Aqua,MODIS,80,6.2,302.1,78.4,D,0
-15.2893,126.3936,316.4,2.7,1.6,2014-06-06,0448,Aqua,MODIS,32,6.2,301.6,25.5,D,0
-15.3136,126.3893,323.8,2.7,1.6,2014-06-06,0448,Aqua,MODIS,65,6.2,302.5,52.6,D,0
-15.2965,126.4129,318.1,2.7,1.6,2014-06-06,0448,Aqua,MODIS,36,6.2,301.1,31.4,D,0
-15.2994,126.3879,320.9,2.7,1.6,2014-06-06,0448,Aqua,MODIS,61,6.2,301.8,41.2,D,0
-13.5036,130.1762,317.3,1.3,1.1,2014-06-06,0448,Aqua,MODIS,52,6.2,298.1,14.7,D,0
-15.086,130.8469,377.4,1.3,1.1,2014-06-06,0448,Aqua,MODIS,100,6.2,308.3,183.4,D,0
-15.0844,130.8588,327.5,1.3,1.1,2014-06-06,0448,Aqua,MODIS,73,6.2,306,15.7,D,0
-15.0961,130.8483,346.8,1.3,1.1,2014-06-06,0448,Aqua,MODIS,93,6.2,306.6,59.7,D,0
-15.0945,130.8602,325.2,1.3,1.1,2014-06-06,0448,Aqua,MODIS,72,6.2,305.6,12.9,D,0
-13.9435,130.153,328.8,1.4,1.2,2014-06-06,0448,Aqua,MODIS,76,6.2,301.5,27,D,0
-13.466,130.3075,329,1.3,1.1,2014-06-06,0448,Aqua,MODIS,65,6.2,301.1,26.4,D,0
-14.351,127.5047,327.8,2.1,1.4,2014-06-06,0448,Aqua,MODIS,78,6.2,302.8,48.1,D,0
-14.3499,127.5092,335.7,2.1,1.4,2014-06-06,0448,Aqua,MODIS,86,6.2,303,78.5,D,0
-14.3755,127.5127,321,2.1,1.4,2014-06-06,0448,Aqua,MODIS,35,6.2,302.4,24.8,D,0
-13.4675,130.2954,327,1.3,1.1,2014-06-06,0448,Aqua,MODIS,71,6.2,301.6,24.8,D,0
-13.4591,130.3011,339.6,1.3,1.1,2014-06-06,0448,Aqua,MODIS,66,6.2,302.1,49,D,0
-13.4607,130.2891,358.7,1.3,1.1,2014-06-06,0448,Aqua,MODIS,93,6.2,304,110.6,D,0
-13.4537,130.2634,325.3,1.3,1.1,2014-06-06,0448,Aqua,MODIS,50,6.2,299.8,22,D,0
-13.4553,130.2513,335.2,1.3,1.1,2014-06-06,0448,Aqua,MODIS,84,6.2,300.4,42.7,D,0
-13.4617,130.2025,328.1,1.3,1.1,2014-06-06,0448,Aqua,MODIS,77,6.2,299,30.1,D,0
-13.4466,130.2377,332.7,1.3,1.1,2014-06-06,0448,Aqua,MODIS,82,6.2,300.2,36,D,0
-13.4482,130.2255,332.7,1.3,1.1,2014-06-06,0448,Aqua,MODIS,82,6.2,300.9,37.3,D,0
-16.5115,126.6388,332.4,2.7,1.6,2014-06-06,0448,Aqua,MODIS,83,6.2,302.9,97.5,D,0
-15.1001,130.3582,320.6,1.4,1.2,2014-06-06,0448,Aqua,MODIS,43,6.2,304,11.3,D,0
-15.0825,130.33,320.4,1.4,1.2,2014-06-06,0448,Aqua,MODIS,50,6.2,303.6,11.7,D,0
-14.8906,130.3165,319.2,1.4,1.2,2014-06-06,0448,Aqua,MODIS,48,6.2,304.9,11.2,D,0
-14.901,130.3179,321.7,1.4,1.2,2014-06-06,0448,Aqua,MODIS,65,6.2,303.6,15.3,D,0
-15.4415,130.4663,328.1,1.4,1.2,2014-06-06,0448,Aqua,MODIS,76,6.2,306.2,20.8,D,0
-15.3951,130.4984,320.3,1.4,1.2,2014-06-06,0448,Aqua,MODIS,56,6.2,304.4,10.3,D,0
-14.281,127.4349,322.3,2.2,1.4,2014-06-06,0448,Aqua,MODIS,30,6.2,301.2,30.9,D,0
-13.7725,130.0854,363.3,1.4,1.2,2014-06-06,0448,Aqua,MODIS,100,6.2,305.1,138.3,D,0
-13.7708,130.098,365,1.4,1.2,2014-06-06,0448,Aqua,MODIS,100,6.2,303.9,145.9,D,0
-13.7699,130.0789,321.4,1.4,1.2,2014-06-06,0448,Aqua,MODIS,66,6.2,299.4,18.3,D,0
-13.7683,130.0915,341.8,1.4,1.2,2014-06-06,0448,Aqua,MODIS,90,6.2,301.3,60.3,D,0
-13.6277,130.0085,334.4,1.4,1.2,2014-06-06,0448,Aqua,MODIS,84,6.2,300.8,45.1,D,0
-13.7803,130.0803,331.4,1.4,1.2,2014-06-06,0448,Aqua,MODIS,81,6.2,301.4,35.3,D,0
-13.7787,130.0931,405.1,1.4,1.2,2014-06-06,0448,Aqua,MODIS,100,6.2,310.5,437.5,D,0
-13.7771,130.1056,385.7,1.4,1.2,2014-06-06,0448,Aqua,MODIS,100,6.2,305.5,265.2,D,0
-13.7875,130.1071,328.3,1.4,1.2,2014-06-06,0448,Aqua,MODIS,69,6.2,302.9,26.6,D,0
-17.33,125.4274,315.1,3.4,1.7,2014-06-06,0448,Aqua,MODIS,53,6.2,303.3,38.6,D,0
-14.5228,127.6957,317.6,2.1,1.4,2014-06-06,0448,Aqua,MODIS,35,6.2,302.6,16.5,D,0
-14.5228,127.7007,316.4,2.1,1.4,2014-06-06,0448,Aqua,MODIS,23,6.2,302.2,13.4,D,0
-13.9372,130.1456,327.7,1.4,1.2,2014-06-06,0448,Aqua,MODIS,77,6.2,302,26.2,D,0
-13.9476,130.1469,320.1,1.4,1.2,2014-06-06,0448,Aqua,MODIS,31,6.2,301.3,13,D,0
-13.9451,130.1404,326.4,1.4,1.2,2014-06-06,0448,Aqua,MODIS,73,6.2,301.8,23,D,0
-15.0672,130.3667,320.3,1.4,1.2,2014-06-06,0448,Aqua,MODIS,40,6.2,303.3,9.9,D,0
-13.8731,130.7083,325.9,1.3,1.1,2014-06-06,0448,Aqua,MODIS,70,6.2,304.8,17.3,D,0
-13.8506,130.7218,325.8,1.3,1.1,2014-06-06,0448,Aqua,MODIS,65,6.2,304.4,18.1,D,0
-13.8521,130.7102,322.2,1.3,1.1,2014-06-06,0448,Aqua,MODIS,37,6.2,304.4,12.6,D,0
-16.415,126.6975,317.9,2.7,1.6,2014-06-06,0448,Aqua,MODIS,61,6.2,302.6,26,D,0
-13.5752,130.255,337.6,1.3,1.1,2014-06-06,0448,Aqua,MODIS,87,6.2,304,44.2,D,0
-13.5633,130.2658,336.2,1.3,1.1,2014-06-06,0448,Aqua,MODIS,35,6.2,306.1,38,D,0
-13.5649,130.2536,360.7,1.3,1.1,2014-06-06,0448,Aqua,MODIS,100,6.2,308,116.2,D,0
-13.5661,130.2596,343.2,1.3,1.1,2014-06-06,0448,Aqua,MODIS,90,6.2,306.6,57.4,D,0
-13.5678,130.2474,356.6,1.3,1.1,2014-06-06,0448,Aqua,MODIS,98,6.2,306.9,101.1,D,0
-15.2269,129.9113,320.2,1.5,1.2,2014-06-06,0448,Aqua,MODIS,33,6.2,302.7,14.2,D,0
-13.5543,130.2703,385,1.3,1.1,2014-06-06,0448,Aqua,MODIS,100,6.2,309.6,242.5,D,0
-13.5559,130.2582,355.7,1.3,1.1,2014-06-06,0448,Aqua,MODIS,97,6.2,308.7,95.8,D,0
-13.5575,130.2459,340.5,1.3,1.1,2014-06-06,0448,Aqua,MODIS,65,6.2,304.1,51.7,D,0
-14.2794,127.4478,323.2,2.2,1.4,2014-06-06,0448,Aqua,MODIS,53,6.2,301.3,34.3,D,0
-14.2665,127.4463,323.2,2.2,1.4,2014-06-06,0448,Aqua,MODIS,50,6.2,302.3,34.8,D,0
-14.2559,127.4253,331.8,2.2,1.4,2014-06-06,0448,Aqua,MODIS,83,6.2,301.8,67,D,0
-16.2895,126.3413,315.6,2.8,1.6,2014-06-06,0448,Aqua,MODIS,37,6.2,302,24,D,0
-16.2879,126.3368,314.9,2.8,1.6,2014-06-06,0448,Aqua,MODIS,41,6.2,302.1,22.6,D,0
-13.6717,130.2113,392,1.3,1.1,2014-06-06,0448,Aqua,MODIS,100,6.2,308.1,306.8,D,0
-13.6614,130.2098,325.7,1.3,1.1,2014-06-06,0448,Aqua,MODIS,62,6.2,302.1,19.9,D,0
-13.6639,130.2173,334.5,1.3,1.1,2014-06-06,0448,Aqua,MODIS,84,6.2,301.8,37.1,D,0
-13.6536,130.2158,316.8,1.3,1.1,2014-06-06,0448,Aqua,MODIS,17,6.2,301,7.9,D,0
-13.6433,130.2143,331.9,1.3,1.1,2014-06-06,0448,Aqua,MODIS,82,6.2,301.8,33.6,D,0
-15.4288,130.3999,325.5,1.4,1.2,2014-06-06,0448,Aqua,MODIS,70,6.2,306.2,15.9,D,0
-15.4055,130.3316,323.6,1.4,1.2,2014-06-06,0448,Aqua,MODIS,54,6.2,305.1,15.2,D,0
-13.7162,130.1921,343.2,1.3,1.1,2014-06-06,0448,Aqua,MODIS,90,6.2,301.4,61.5,D,0
-13.7146,130.2046,382.6,1.3,1.1,2014-06-06,0448,Aqua,MODIS,100,6.2,305.9,239.2,D,0
-13.713,130.2169,317.2,1.3,1.1,2014-06-06,0448,Aqua,MODIS,33,6.2,301.3,8.3,D,0
-13.7353,130.2074,341.6,1.3,1.1,2014-06-06,0448,Aqua,MODIS,89,6.2,302.2,56.4,D,0
-13.7337,130.2198,337.4,1.3,1.1,2014-06-06,0448,Aqua,MODIS,86,6.2,302.6,45.2,D,0
-13.7456,130.2088,326.9,1.3,1.1,2014-06-06,0448,Aqua,MODIS,76,6.2,301.6,24.4,D,0
-13.744,130.2211,338.1,1.3,1.1,2014-06-06,0448,Aqua,MODIS,87,6.2,302.5,47.5,D,0
-15.3789,130.3212,331.4,1.4,1.2,2014-06-06,0448,Aqua,MODIS,80,6.2,304.1,30.6,D,0
-14.5283,129.8244,324.4,1.5,1.2,2014-06-06,0448,Aqua,MODIS,69,6.2,305.2,17.9,D,0
-13.5821,130.1176,322.9,1.4,1.2,2014-06-06,0448,Aqua,MODIS,55,6.2,299.4,20.4,D,0
-13.5635,130.1211,339.6,1.4,1.2,2014-06-06,0448,Aqua,MODIS,88,6.2,303.5,56.1,D,0
-13.5188,130.1404,315.8,1.3,1.2,2014-06-06,0448,Aqua,MODIS,35,6.2,297.3,13.1,D,0
-13.5204,130.1279,316.3,1.4,1.2,2014-06-06,0448,Aqua,MODIS,44,6.2,297.3,14.8,D,0
-13.9032,130.2433,407.5,1.3,1.1,2014-06-06,0448,Aqua,MODIS,100,6.2,309.3,448.3,D,0
-13.9049,130.2307,359.7,1.3,1.1,2014-06-06,0448,Aqua,MODIS,99,6.2,303.7,116.8,D,0
-13.8929,130.2419,404.1,1.3,1.1,2014-06-06,0448,Aqua,MODIS,100,6.2,311,413.5,D,0
-13.8946,130.2292,383.4,1.3,1.1,2014-06-06,0448,Aqua,MODIS,100,6.2,306.1,243.9,D,0
-13.8826,130.2401,362.1,1.3,1.1,2014-06-06,0448,Aqua,MODIS,100,6.2,304.9,124.1,D,0
-13.8842,130.2279,334.7,1.3,1.1,2014-06-06,0448,Aqua,MODIS,78,6.2,301.9,37.9,D,0
-13.8723,130.2383,325,1.3,1.1,2014-06-06,0448,Aqua,MODIS,48,6.2,303.9,16.7,D,0
-13.862,130.2368,362.3,1.3,1.1,2014-06-06,0448,Aqua,MODIS,100,6.2,307.6,124.2,D,0
-13.8636,130.2245,338.3,1.3,1.1,2014-06-06,0448,Aqua,MODIS,87,6.2,304.1,46.3,D,0
-13.8414,130.2339,331,1.3,1.1,2014-06-06,0448,Aqua,MODIS,68,6.2,303.4,26.4,D,0
-16.5352,127.6059,321.7,2.3,1.5,2014-06-06,0448,Aqua,MODIS,70,6.2,301.7,38.1,D,0
-16.5327,127.6271,332,2.3,1.5,2014-06-06,0448,Aqua,MODIS,82,6.2,302.1,77.5,D,0
-16.5483,127.6078,317.1,2.3,1.5,2014-06-06,0448,Aqua,MODIS,28,6.2,302.8,20.9,D,0
-16.5458,127.6286,329.5,2.3,1.5,2014-06-06,0448,Aqua,MODIS,80,6.2,303.4,64.3,D,0
-16.5447,127.6126,334.1,2.3,1.5,2014-06-06,0448,Aqua,MODIS,84,6.2,303.2,85.6,D,0
-14.8819,126.2064,313.4,2.8,1.6,2014-06-06,0448,Aqua,MODIS,32,6.2,300.2,21.6,D,0
-14.8789,126.232,315.1,2.7,1.6,2014-06-06,0448,Aqua,MODIS,52,6.2,300.7,26.7,D,0
-14.8844,126.2114,314.9,2.8,1.6,2014-06-06,0448,Aqua,MODIS,51,6.2,300.4,26,D,0
-16.5424,127.6334,341,2.3,1.5,2014-06-06,0448,Aqua,MODIS,89,6.2,303.1,120.3,D,0
-14.7157,128.0412,323.9,2,1.4,2014-06-06,0448,Aqua,MODIS,53,6.2,303.5,28.7,D,0
-14.7033,128.0398,330,2,1.4,2014-06-06,0448,Aqua,MODIS,79,6.2,303.5,49.8,D,0
-14.6909,128.0383,324.3,2,1.4,2014-06-06,0448,Aqua,MODIS,65,6.2,302.1,33.7,D,0
-15.2866,126.4187,319.9,2.7,1.6,2014-06-06,0448,Aqua,MODIS,61,6.2,301.3,40.1,D,0
-15.2823,126.4115,329.8,2.7,1.6,2014-06-06,0448,Aqua,MODIS,79,6.2,302.1,83.2,D,0
-15.2338,127.7325,319.4,2.1,1.4,2014-06-06,0448,Aqua,MODIS,37,6.2,303,16.3,D,0
-15.233,127.7376,326.3,2.1,1.4,2014-06-06,0448,Aqua,MODIS,64,6.2,303.6,35,D,0
-15.1965,125.6957,323.3,3,1.7,2014-06-06,0448,Aqua,MODIS,73,6.2,301.3,67.9,D,0
-15.194,125.717,316.6,3,1.7,2014-06-06,0448,Aqua,MODIS,58,6.2,300.4,36.1,D,0
-15.1971,125.6888,319.6,3,1.7,2014-06-06,0448,Aqua,MODIS,67,6.2,301.2,49.2,D,0
-14.6931,128.0201,328.8,2,1.4,2014-06-06,0448,Aqua,MODIS,79,6.2,302.7,47.2,D,0
-14.1742,130.8154,334.3,1.3,1.1,2014-06-06,0448,Aqua,MODIS,84,6.2,303.3,33.1,D,0
-15.1407,130.8978,324.4,1.3,1.1,2014-06-06,0448,Aqua,MODIS,35,6.2,305.3,12.7,D,0
-15.1422,130.8858,328,1.3,1.1,2014-06-06,0448,Aqua,MODIS,76,6.2,305.9,18.8,D,0
-15.1084,130.9107,333.5,1.3,1.1,2014-06-06,0448,Aqua,MODIS,82,6.2,304.4,27.2,D,0
-13.6733,130.1989,461.4,1.3,1.1,2014-06-06,0448,Aqua,MODIS,100,6.2,327.9,1327.1,D,0
-13.6749,130.1865,457.5,1.3,1.1,2014-06-06,0448,Aqua,MODIS,100,6.2,323.1,1247.5,D,0
-13.6629,130.1974,365.9,1.3,1.1,2014-06-06,0448,Aqua,MODIS,100,6.2,305,142.3,D,0
-13.6645,130.185,353.9,1.3,1.1,2014-06-06,0448,Aqua,MODIS,97,6.2,302.8,96.7,D,0
-13.6656,130.205,399.5,1.3,1.1,2014-06-06,0448,Aqua,MODIS,100,6.2,309.5,367.9,D,0
-13.6672,130.1926,441.1,1.3,1.1,2014-06-06,0448,Aqua,MODIS,100,6.2,323.2,913.3,D,0
-13.6689,130.1801,373.7,1.3,1.1,2014-06-06,0448,Aqua,MODIS,100,6.2,306.4,186.4,D,0
-13.6569,130.1911,328.6,1.3,1.1,2014-06-06,0448,Aqua,MODIS,78,6.2,300.8,27.2,D,0
-15.0844,129.8532,332.8,1.5,1.2,2014-06-06,0448,Aqua,MODIS,82,6.2,303.4,35,D,0
-15.0862,129.8392,331.2,1.5,1.2,2014-06-06,0448,Aqua,MODIS,72,6.2,301.8,31,D,0
-15.1068,129.7933,333.3,1.5,1.2,2014-06-06,0448,Aqua,MODIS,81,6.2,302.2,42.3,D,0
-15.096,129.7914,321.7,1.5,1.2,2014-06-06,0448,Aqua,MODIS,34,6.2,302.2,18.1,D,0
-14.3008,127.3765,319.7,2.2,1.4,2014-06-06,0448,Aqua,MODIS,50,6.2,302.2,25.4,D,0
-14.2902,127.3542,319.7,2.2,1.4,2014-06-06,0448,Aqua,MODIS,43,6.2,301.8,25.5,D,0
-14.2891,127.3676,322.8,2.2,1.4,2014-06-06,0448,Aqua,MODIS,48,6.2,302.3,33.6,D,0
-13.9547,129.8469,330.7,1.4,1.2,2014-06-06,0448,Aqua,MODIS,80,6.2,300.7,35.7,D,0
-15.254,127.781,318.3,2.1,1.4,2014-06-06,0448,Aqua,MODIS,48,6.2,303.5,17.3,D,0
-15.2517,127.8004,318.4,2.1,1.4,2014-06-06,0448,Aqua,MODIS,35,6.2,303.7,17.2,D,0
-15.2315,127.7525,334.8,2.1,1.4,2014-06-06,0448,Aqua,MODIS,85,6.2,305.4,69.1,D,0
-15.2442,127.7544,327.5,2.1,1.4,2014-06-06,0448,Aqua,MODIS,59,6.2,303.7,38.1,D,0
-15.2418,127.774,334.5,2.1,1.4,2014-06-06,0448,Aqua,MODIS,85,6.2,305.7,66.6,D,0
-15.2308,127.7575,332.1,2.1,1.4,2014-06-06,0448,Aqua,MODIS,83,6.2,305.5,55.5,D,0
-15.2435,127.7595,337.8,2.1,1.4,2014-06-06,0448,Aqua,MODIS,87,6.2,304.6,82.2,D,0
-15.2413,127.779,328.7,2.1,1.4,2014-06-06,0448,Aqua,MODIS,70,6.2,305.7,45.5,D,0
-13.5694,130.2352,326.3,1.3,1.1,2014-06-06,0448,Aqua,MODIS,65,6.2,301.3,23.9,D,0
-13.79,130.1709,324.1,1.4,1.2,2014-06-06,0448,Aqua,MODIS,65,6.2,303.3,17.1,D,0
-13.7836,130.2205,323.7,1.3,1.1,2014-06-06,0448,Aqua,MODIS,49,6.2,302.6,16.2,D,0
-13.7939,130.2219,332.4,1.3,1.1,2014-06-06,0448,Aqua,MODIS,79,6.2,303.5,30.7,D,0
-14.3288,126.2807,323.5,2.7,1.6,2014-06-06,0448,Aqua,MODIS,76,6.2,301,51.4,D,0
-14.3326,126.2855,322.1,2.7,1.6,2014-06-06,0448,Aqua,MODIS,71,6.2,300.7,45,D,0
-14.8646,126.2303,327.8,2.7,1.6,2014-06-06,0448,Aqua,MODIS,79,6.2,301.4,80.5,D,0
-14.8617,126.2557,350.6,2.7,1.6,2014-06-06,0448,Aqua,MODIS,95,6.2,302.5,240.9,D,0
-14.8673,126.2353,339.1,2.7,1.6,2014-06-06,0448,Aqua,MODIS,88,6.2,301.9,148.6,D,0
-14.8646,126.2608,344.5,2.7,1.6,2014-06-06,0448,Aqua,MODIS,92,6.2,302.1,186.7,D,0
-15.4311,130.4649,322.3,1.4,1.2,2014-06-06,0448,Aqua,MODIS,53,6.2,305.1,11.2,D,0
-15.4328,130.4522,335.1,1.4,1.2,2014-06-06,0448,Aqua,MODIS,84,6.2,305.7,35.9,D,0
-15.0355,129.8046,335,1.5,1.2,2014-06-06,0448,Aqua,MODIS,82,6.2,304.5,44.9,D,0
-14.4758,127.7673,317,2.1,1.4,2014-06-06,0448,Aqua,MODIS,57,6.2,302.7,18.8,D,0
-14.4735,127.7864,318.2,2.1,1.4,2014-06-06,0448,Aqua,MODIS,57,6.2,300.9,21.6,D,0
-16.2192,126.132,315.6,2.9,1.6,2014-06-06,0448,Aqua,MODIS,50,6.2,300.2,26.5,D,0
-16.2203,126.1395,316.8,2.9,1.6,2014-06-06,0448,Aqua,MODIS,50,6.2,300.3,30.5,D,0
-15.2654,130.4943,322.5,1.3,1.2,2014-06-06,0448,Aqua,MODIS,65,6.2,305.2,11.8,D,0
-14.9105,127.6096,324,2.1,1.4,2014-06-06,0448,Aqua,MODIS,72,6.2,304.5,34.3,D,0
-14.9093,127.6146,321.3,2.1,1.4,2014-06-06,0448,Aqua,MODIS,69,6.2,303.7,27.5,D,0
-13.8557,132.181,327.3,1.1,1,2014-06-06,0448,Aqua,MODIS,36,6.2,305.6,10,D,0
-16.3335,127.5475,343.2,2.3,1.5,2014-06-06,0448,Aqua,MODIS,91,6.2,302.9,131.9,D,0
-16.331,127.5689,340.4,2.3,1.5,2014-06-06,0448,Aqua,MODIS,89,6.2,303.5,114.1,D,0
-16.3238,127.6319,320.9,2.2,1.5,2014-06-06,0448,Aqua,MODIS,68,6.2,302.5,31.8,D,0
-13.8491,132.16,351.1,1.1,1,2014-06-06,0448,Aqua,MODIS,95,6.2,305.9,53.2,D,0
-13.6536,129.9733,320,1.4,1.2,2014-06-06,0448,Aqua,MODIS,27,6.2,298.8,15.5,D,0
-16.9206,126.5077,324.6,2.8,1.6,2014-06-06,0448,Aqua,MODIS,74,6.2,304.7,62.3,D,0
-16.9061,126.5062,317.8,2.8,1.6,2014-06-06,0448,Aqua,MODIS,53,6.2,303.4,31.1,D,0
-13.6519,129.986,340.8,1.4,1.2,2014-06-06,0448,Aqua,MODIS,87,6.2,301.4,57,D,0
-13.6762,129.9634,344,1.4,1.2,2014-06-06,0448,Aqua,MODIS,91,6.2,302.2,65.6,D,0
-13.6745,129.9762,361.5,1.4,1.2,2014-06-06,0448,Aqua,MODIS,100,6.2,303.3,129,D,0
-13.6867,129.9649,323.6,1.4,1.2,2014-06-06,0448,Aqua,MODIS,70,6.2,301.1,20.5,D,0
-13.685,129.9777,319.7,1.4,1.2,2014-06-06,0448,Aqua,MODIS,35,6.2,300.9,13.4,D,0
-13.9636,129.8615,333.4,1.4,1.2,2014-06-06,0448,Aqua,MODIS,83,6.2,301.9,41.4,D,0
-13.9742,129.863,324.6,1.4,1.2,2014-06-06,0448,Aqua,MODIS,73,6.2,301.9,24.2,D,0
-16.3466,127.549,341.7,2.3,1.5,2014-06-06,0448,Aqua,MODIS,90,6.2,303.6,124.6,D,0
-15.0824,129.9021,330.7,1.5,1.2,2014-06-06,0448,Aqua,MODIS,76,6.2,304,30.1,D,0
-13.6108,130.0577,335.6,1.4,1.2,2014-06-06,0448,Aqua,MODIS,85,6.2,299.3,47.5,D,0
-13.6092,130.0703,326.4,1.4,1.2,2014-06-06,0448,Aqua,MODIS,75,6.2,299.4,28.2,D,0
-13.6212,130.0591,343.4,1.4,1.2,2014-06-06,0448,Aqua,MODIS,91,6.2,302.7,68.6,D,0
-13.6196,130.0718,319.7,1.4,1.2,2014-06-06,0448,Aqua,MODIS,49,6.2,300.1,17,D,0
-13.6333,130.0479,351.2,1.4,1.2,2014-06-06,0448,Aqua,MODIS,95,6.2,300.6,89.6,D,0
-13.6317,130.0606,327.2,1.4,1.2,2014-06-06,0448,Aqua,MODIS,52,6.2,300.7,27.5,D,0
-13.6437,130.0494,357.2,1.4,1.2,2014-06-06,0448,Aqua,MODIS,98,6.2,303.3,110.6,D,0
-15.0772,129.9084,328.2,1.5,1.2,2014-06-06,0448,Aqua,MODIS,55,6.2,304.2,23.6,D,0
-15.0467,129.8903,324.5,1.5,1.2,2014-06-06,0448,Aqua,MODIS,59,6.2,302.8,16.9,D,0
-15.036,129.8887,331.7,1.5,1.2,2014-06-06,0448,Aqua,MODIS,68,6.2,304.2,30.1,D,0
-15.0167,129.9546,324.3,1.5,1.2,2014-06-06,0448,Aqua,MODIS,65,6.2,305.6,15.6,D,0
-15.0184,129.941,337.3,1.5,1.2,2014-06-06,0448,Aqua,MODIS,86,6.2,304.3,46.1,D,0
-15.0077,129.9394,326.4,1.5,1.2,2014-06-06,0448,Aqua,MODIS,71,6.2,305.7,19.1,D,0
-15.0144,129.8858,320.7,1.5,1.2,2014-06-06,0448,Aqua,MODIS,57,6.2,305,10.9,D,0
-16.3442,127.5704,351.9,2.3,1.5,2014-06-06,0448,Aqua,MODIS,96,6.2,305,190.5,D,0
-16.3429,127.5535,371.7,2.3,1.5,2014-06-06,0448,Aqua,MODIS,100,6.2,306.3,375.3,D,0
-13.5875,130.099,321,1.4,1.2,2014-06-06,0448,Aqua,MODIS,60,6.2,298.5,18.8,D,0
-13.5859,130.1115,358.1,1.4,1.2,2014-06-06,0448,Aqua,MODIS,99,6.2,302.9,115.6,D,0
-13.5836,130.1051,328.7,1.4,1.2,2014-06-06,0448,Aqua,MODIS,78,6.2,299.3,31.7,D,0
-13.9612,130.1811,318,1.4,1.2,2014-06-06,0448,Aqua,MODIS,44,6.2,302.2,10,D,0
-13.9564,130.2188,339.6,1.4,1.2,2014-06-06,0448,Aqua,MODIS,88,6.2,304.2,49.3,D,0
-13.9699,130.1951,330.8,1.4,1.2,2014-06-06,0448,Aqua,MODIS,80,6.2,303.5,30.3,D,0
-13.9683,130.2077,327.4,1.4,1.2,2014-06-06,0448,Aqua,MODIS,58,6.2,303.7,22.9,D,0
-13.594,130.1065,369.1,1.4,1.2,2014-06-06,0448,Aqua,MODIS,100,6.2,303.1,165.6,D,0
-13.5924,130.119,350.1,1.4,1.2,2014-06-06,0448,Aqua,MODIS,95,6.2,301.3,84.9,D,0
-13.6044,130.1079,340.3,1.4,1.2,2014-06-06,0448,Aqua,MODIS,89,6.2,300.4,59.2,D,0
-13.6028,130.1205,320.8,1.4,1.2,2014-06-06,0448,Aqua,MODIS,65,6.2,300.7,18.3,D,0
-13.9102,130.0258,324.1,1.4,1.2,2014-06-06,0448,Aqua,MODIS,71,6.2,301.4,21.9,D,0
-14.8685,127.2018,322,2.3,1.5,2014-06-06,0448,Aqua,MODIS,59,6.2,304.7,29.9,D,0
-13.9085,130.0387,319.7,1.4,1.2,2014-06-06,0448,Aqua,MODIS,62,6.2,301.6,15.8,D,0
-14.9697,130.2425,320.3,1.4,1.2,2014-06-06,0448,Aqua,MODIS,48,6.2,305.1,10.1,D,0
-14.9972,130.1939,320.6,1.4,1.2,2014-06-06,0448,Aqua,MODIS,53,6.2,305,12.2,D,0
-14.9989,130.1809,318,1.4,1.2,2014-06-06,0448,Aqua,MODIS,31,6.2,303,8.8,D,0
-14.9478,130.1602,342.2,1.4,1.2,2014-06-06,0448,Aqua,MODIS,90,6.2,304,61.1,D,0
-14.9494,130.1471,321.1,1.4,1.2,2014-06-06,0448,Aqua,MODIS,32,6.2,302.3,12.9,D,0
-14.9419,130.1671,320.9,1.4,1.2,2014-06-06,0448,Aqua,MODIS,63,6.2,302.7,14.8,D,0
-14.9436,130.154,334.8,1.4,1.2,2014-06-06,0448,Aqua,MODIS,84,6.2,303.2,41,D,0
-16.3406,127.5749,348.8,2.3,1.5,2014-06-06,0448,Aqua,MODIS,94,6.2,305,167.4,D,0
-15.4302,130.5543,331.9,1.3,1.1,2014-06-06,0448,Aqua,MODIS,80,6.2,306.9,23.9,D,0
-15.4198,130.5528,325.9,1.3,1.1,2014-06-06,0448,Aqua,MODIS,44,6.2,306.2,14.6,D,0
-15.4079,130.5639,328.5,1.3,1.1,2014-06-06,0448,Aqua,MODIS,39,6.2,305.1,19.4,D,0
-15.4599,130.5385,323.9,1.3,1.2,2014-06-06,0448,Aqua,MODIS,71,6.2,307.1,11.3,D,0
-13.4421,131.3549,333.3,1.1,1.1,2014-06-06,0448,Aqua,MODIS,74,6.2,303.3,26.8,D,0
-15.3875,130.0005,330.6,1.5,1.2,2014-06-06,0448,Aqua,MODIS,69,6.2,303.9,32.9,D,0
-15.3858,130.0141,342.9,1.5,1.2,2014-06-06,0448,Aqua,MODIS,68,6.2,305,65.8,D,0
-16.0996,126.5664,316.5,2.7,1.6,2014-06-06,0448,Aqua,MODIS,51,6.2,302,23.8,D,0
-16.0962,126.5613,319.2,2.7,1.6,2014-06-06,0448,Aqua,MODIS,65,6.2,302.9,35.6,D,0
-14.0635,130.1749,340.8,1.4,1.2,2014-06-06,0448,Aqua,MODIS,82,6.2,302.9,50.9,D,0
-14.0411,130.1846,326,1.4,1.2,2014-06-06,0448,Aqua,MODIS,60,6.2,302.2,21,D,0
-13.6293,129.9958,337.5,1.4,1.2,2014-06-06,0448,Aqua,MODIS,87,6.2,301,51.8,D,0
-15.0784,129.845,368,1.5,1.2,2014-06-06,0448,Aqua,MODIS,100,6.2,305.7,173.5,D,0
-15.0736,129.8514,329.6,1.5,1.2,2014-06-06,0448,Aqua,MODIS,78,6.2,303.4,27.5,D,0
-15.0161,129.8719,321.1,1.5,1.2,2014-06-06,0448,Aqua,MODIS,32,6.2,304.5,11,D,0
-14.0121,130.2765,326.9,1.3,1.1,2014-06-06,0448,Aqua,MODIS,71,6.2,304.7,18.3,D,0
-15.1561,129.9252,323.6,1.5,1.2,2014-06-06,0448,Aqua,MODIS,64,6.2,301.3,19.3,D,0
-14.0033,130.2627,328.3,1.3,1.1,2014-06-06,0448,Aqua,MODIS,77,6.2,303.7,22.7,D,0
-14.0137,130.2641,329.9,1.3,1.1,2014-06-06,0448,Aqua,MODIS,76,6.2,305.1,23.8,D,0
-15.5351,130.446,325,1.4,1.2,2014-06-06,0448,Aqua,MODIS,50,6.2,306,10.6,D,0
-15.5368,130.4332,329,1.4,1.2,2014-06-06,0448,Aqua,MODIS,78,6.2,307.1,18.5,D,0
-15.1222,129.9341,340.2,1.5,1.2,2014-06-06,0448,Aqua,MODIS,88,6.2,304.6,56.2,D,0
-15.1239,129.9203,329.4,1.5,1.2,2014-06-06,0448,Aqua,MODIS,78,6.2,303.1,28.7,D,0
-15.1132,129.9187,327.8,1.5,1.2,2014-06-06,0448,Aqua,MODIS,73,6.2,303.7,24.4,D,0
-15.1639,129.8888,319.9,1.5,1.2,2014-06-06,0448,Aqua,MODIS,39,6.2,303.6,13.9,D,0
-15.08,129.8315,329.7,1.5,1.2,2014-06-06,0448,Aqua,MODIS,49,6.2,301.8,27.4,D,0
-15.0754,129.8378,348.8,1.5,1.2,2014-06-06,0448,Aqua,MODIS,94,6.2,304,84.1,D,0
-15.0664,129.8224,342.2,1.5,1.2,2014-06-06,0448,Aqua,MODIS,90,6.2,302.5,61.8,D,0
-13.587,130.2443,323.9,1.3,1.1,2014-06-06,0448,Aqua,MODIS,71,6.2,300.8,19.3,D,0
-13.6417,130.2267,317.9,1.3,1.1,2014-06-06,0448,Aqua,MODIS,36,6.2,301.5,9.7,D,0
-15.0429,127.6988,323.5,2.1,1.4,2014-06-06,0448,Aqua,MODIS,73,6.2,302,36.1,D,0
-13.9653,129.8484,336.1,1.4,1.2,2014-06-06,0448,Aqua,MODIS,85,6.2,302,48.5,D,0
-13.7231,132.2064,338.7,1.1,1,2014-06-06,0448,Aqua,MODIS,87,6.2,304.1,28.2,D,0
-13.7245,132.1966,328.5,1.1,1,2014-06-06,0448,Aqua,MODIS,41,6.2,304.1,13.6,D,0
-13.7139,132.205,330.7,1.1,1,2014-06-06,0448,Aqua,MODIS,38,6.2,304.5,15.6,D,0
-15.1905,129.8505,316.6,1.5,1.2,2014-06-06,0448,Aqua,MODIS,34,6.2,301.7,9.8,D,0
-15.1054,130.3644,318.3,1.4,1.2,2014-06-06,0448,Aqua,MODIS,38,6.2,303.9,9.3,D,0
-15.3734,130.281,325.2,1.4,1.2,2014-06-06,0448,Aqua,MODIS,61,6.2,301.9,22.7,D,0
-15.3806,130.3083,328.5,1.4,1.2,2014-06-06,0448,Aqua,MODIS,74,6.2,303.4,25.3,D,0
-13.7046,132.2037,361.4,1.1,1,2014-06-06,0448,Aqua,MODIS,100,6.2,303.8,83.3,D,0
-16.4482,128.3627,317,2,1.4,2014-06-06,0448,Aqua,MODIS,57,6.2,303.1,15.8,D,0
-16.9178,126.5005,327.9,2.8,1.6,2014-06-06,0448,Aqua,MODIS,79,6.2,304.8,80.6,D,0
-15.3272,129.9323,316.2,1.5,1.2,2014-06-06,0448,Aqua,MODIS,26,6.2,302.4,10.6,D,0
-13.544,130.2689,406,1.3,1.1,2014-06-06,0448,Aqua,MODIS,100,6.2,311.6,424.6,D,0
-13.5456,130.2567,382.1,1.3,1.1,2014-06-06,0448,Aqua,MODIS,100,6.2,306.2,229.7,D,0
-13.5337,130.2675,343.6,1.3,1.1,2014-06-06,0448,Aqua,MODIS,91,6.2,307,61.1,D,0
-13.5353,130.2552,357,1.3,1.1,2014-06-06,0448,Aqua,MODIS,98,6.2,304.3,108.4,D,0
-13.5235,130.2661,359.4,1.3,1.1,2014-06-06,0448,Aqua,MODIS,99,6.2,305.4,113,D,0
-13.5251,130.2538,336.6,1.3,1.1,2014-06-06,0448,Aqua,MODIS,85,6.2,303.7,46.7,D,0
-13.5767,130.2428,321,1.3,1.1,2014-06-06,0448,Aqua,MODIS,22,6.2,301.1,14.1,D,0
-13.5664,130.2414,360.5,1.3,1.1,2014-06-06,0448,Aqua,MODIS,100,6.2,303.8,118.5,D,0
-13.5472,130.2445,329.7,1.3,1.1,2014-06-06,0448,Aqua,MODIS,41,6.2,300.3,29.8,D,0
-13.5369,130.243,323.1,1.3,1.1,2014-06-06,0448,Aqua,MODIS,70,6.2,297.8,21.8,D,0
-14.8078,126.3503,315.9,2.7,1.6,2014-06-06,0448,Aqua,MODIS,56,6.2,300.7,30.7,D,0
-13.5053,130.3253,331.1,1.3,1.1,2014-06-06,0448,Aqua,MODIS,80,6.2,304.4,29.6,D,0
-13.5069,130.3132,342.3,1.3,1.1,2014-06-06,0448,Aqua,MODIS,90,6.2,303.6,54.3,D,0
-13.5085,130.3011,350.5,1.3,1.1,2014-06-06,0448,Aqua,MODIS,95,6.2,306.2,79.8,D,0
-13.51,130.289,394.2,1.3,1.1,2014-06-06,0448,Aqua,MODIS,100,6.2,310.8,317.5,D,0
-13.4951,130.3238,320.3,1.3,1.1,2014-06-06,0448,Aqua,MODIS,22,6.2,301.8,12,D,0
-13.4998,130.2876,361.3,1.3,1.1,2014-06-06,0448,Aqua,MODIS,100,6.2,303.5,122.9,D,0
-13.5014,130.2754,370.8,1.3,1.1,2014-06-06,0448,Aqua,MODIS,100,6.2,303.5,168.7,D,0
-13.4849,130.3224,329.1,1.3,1.1,2014-06-06,0448,Aqua,MODIS,58,6.2,303.2,25.4,D,0
-13.4747,130.321,329.9,1.3,1.1,2014-06-06,0448,Aqua,MODIS,51,6.2,302.2,27.3,D,0
-13.8426,132.1389,328.1,1.1,1,2014-06-06,0448,Aqua,MODIS,35,6.2,305.5,10.4,D,0
-13.5424,130.2811,344,1.3,1.1,2014-06-06,0448,Aqua,MODIS,91,6.2,305.8,60.6,D,0
-13.529,130.3039,330.6,1.3,1.1,2014-06-06,0448,Aqua,MODIS,67,6.2,303.6,29.7,D,0
-13.5305,130.2918,347.6,1.3,1.1,2014-06-06,0448,Aqua,MODIS,93,6.2,306.4,70.3,D,0
-13.5321,130.2796,350,1.3,1.1,2014-06-06,0448,Aqua,MODIS,95,6.2,307.2,78.8,D,0
-13.5187,130.3025,342.1,1.3,1.1,2014-06-06,0448,Aqua,MODIS,90,6.2,306.1,54.3,D,0
-13.5203,130.2904,347.1,1.3,1.1,2014-06-06,0448,Aqua,MODIS,93,6.2,307.9,68.6,D,0
-13.5219,130.2782,348.8,1.3,1.1,2014-06-06,0448,Aqua,MODIS,94,6.2,305.5,77,D,0
-13.5116,130.2768,347.3,1.3,1.1,2014-06-06,0448,Aqua,MODIS,93,6.2,303.4,74.6,D,0
-15.9428,126.1957,320.1,2.9,1.6,2014-06-06,0448,Aqua,MODIS,54,6.2,301.1,45.6,D,0
-15.9418,126.1909,320,2.9,1.6,2014-06-06,0448,Aqua,MODIS,67,6.2,301.1,47.5,D,0
-15.2001,129.9503,330.8,1.5,1.2,2014-06-06,0448,Aqua,MODIS,79,6.2,302.2,32.7,D,0
-15.1984,129.9641,337.9,1.5,1.2,2014-06-06,0448,Aqua,MODIS,86,6.2,302.8,48.2,D,0
-15.195,129.9911,324.1,1.5,1.2,2014-06-06,0448,Aqua,MODIS,39,6.2,303.5,16.1,D,0
-13.0861,131.0999,322.5,1.2,1.1,2014-06-06,0449,Aqua,MODIS,66,6.2,301.7,10.5,D,0
-12.3375,131.2042,328.8,1.1,1.1,2014-06-06,0449,Aqua,MODIS,81,6.2,298.8,22.2,D,0
-12.943,132.6012,321,1,1,2014-06-06,0449,Aqua,MODIS,46,6.2,300,10.5,D,0
-12.7407,130.7937,320.3,1.2,1.1,2014-06-06,0449,Aqua,MODIS,60,6.2,303.9,10.2,D,0
-13.0258,131.5402,322.9,1.1,1.1,2014-06-06,0449,Aqua,MODIS,64,6.2,302.6,10.1,D,0
-12.6721,131.3711,318.6,1.1,1.1,2014-06-06,0449,Aqua,MODIS,47,6.2,300.5,8.4,D,0
-12.6199,132.9342,322.2,1,1,2014-06-06,0449,Aqua,MODIS,45,6.2,298.8,9.9,D,0
-12.336,131.2146,326.3,1.1,1.1,2014-06-06,0449,Aqua,MODIS,78,6.2,299.2,18.7,D,0
-12.7452,131.4406,319.5,1.1,1.1,2014-06-06,0449,Aqua,MODIS,67,6.2,300.3,9,D,0
-12.7362,131.8252,327.3,1.1,1,2014-06-06,0449,Aqua,MODIS,71,6.2,299.9,19.4,D,0
-12.6034,132.6569,319.7,1,1,2014-06-06,0449,Aqua,MODIS,49,6.2,298.5,10,D,0
-12.6396,132.7289,317.6,1,1,2014-06-06,0449,Aqua,MODIS,34,6.2,294.7,8.5,D,0
-12.6096,132.9422,334.2,1,1,2014-06-06,0449,Aqua,MODIS,85,6.2,300.1,24.8,D,0
-13.1011,131.0866,325.1,1.2,1.1,2014-06-06,0449,Aqua,MODIS,32,6.2,304.6,11.7,D,0
-12.3412,131.2114,338.1,1.1,1.1,2014-06-06,0449,Aqua,MODIS,88,6.2,300.3,37.4,D,0
-12.3507,131.2127,329.2,1.1,1.1,2014-06-06,0449,Aqua,MODIS,81,6.2,299.6,23.4,D,0
-13.074,131.0434,326.2,1.2,1.1,2014-06-06,0449,Aqua,MODIS,75,6.2,302.7,16.5,D,0
-13.0997,131.0974,328.8,1.2,1.1,2014-06-06,0449,Aqua,MODIS,66,6.2,304.7,17.1,D,0
-13.0837,131.0447,328.5,1.2,1.1,2014-06-06,0449,Aqua,MODIS,78,6.2,301.5,19.4,D,0
-12.9591,132.1459,324.8,1.1,1,2014-06-06,0449,Aqua,MODIS,50,6.2,294.7,13.3,D,0
-12.6488,134.0846,317.3,1,1,2014-06-06,0449,Aqua,MODIS,66,6.2,296.4,7.4,D,0
-12.9542,131.1085,318.5,1.2,1.1,2014-06-06,0449,Aqua,MODIS,49,6.2,297.9,8.4,D,0
-13.0822,131.0556,327.2,1.2,1.1,2014-06-06,0449,Aqua,MODIS,77,6.2,301.7,16.3,D,0
-12.6486,132.7302,360.3,1,1,2014-06-06,0449,Aqua,MODIS,100,6.2,298.7,81.3,D,0
-12.7613,130.8816,315.7,1.2,1.1,2014-06-06,0449,Aqua,MODIS,56,6.2,297.7,6.6,D,0
-12.9393,132.4269,322.6,1,1,2014-06-06,0449,Aqua,MODIS,66,6.2,300.8,12.2,D,0
-12.628,132.6796,317.1,1,1,2014-06-06,0449,Aqua,MODIS,27,6.2,295.2,7.3,D,0
-12.5781,132.6475,328.4,1,1,2014-06-06,0449,Aqua,MODIS,76,6.2,293,19.7,D,0
-12.3659,131.1723,315.9,1.1,1.1,2014-06-06,0449,Aqua,MODIS,53,6.2,298.3,7.1,D,0
-12.3251,131.2236,322.2,1.1,1.1,2014-06-06,0449,Aqua,MODIS,73,6.2,297.8,15.3,D,0
-12.3425,131.201,319.1,1.1,1.1,2014-06-06,0449,Aqua,MODIS,50,6.2,297.9,9.1,D,0
-12.8507,130.7366,323.5,1.2,1.1,2014-06-06,0449,Aqua,MODIS,74,6.2,302,16.1,D,0
-12.6473,132.7395,343.7,1,1,2014-06-06,0449,Aqua,MODIS,91,6.2,295.5,43,D,0
-12.7269,131.8239,335.6,1.1,1,2014-06-06,0449,Aqua,MODIS,86,6.2,300.3,31.6,D,0
-12.5677,132.6555,316.1,1,1,2014-06-06,0449,Aqua,MODIS,40,6.2,290.9,8,D,0
-13.0784,131.0107,321.7,1.2,1.1,2014-06-06,0449,Aqua,MODIS,46,6.2,300.9,11.9,D,0
-12.6816,131.3725,318.7,1.1,1.1,2014-06-06,0449,Aqua,MODIS,48,6.2,300,8.2,D,0
-11.6222,132.7762,323,1,1,2014-06-06,0449,Aqua,MODIS,76,6.2,301.6,9.6,D,0
-11.5939,132.7814,333.4,1,1,2014-06-06,0449,Aqua,MODIS,85,6.2,301.5,22.1,D,0
-11.6235,132.767,320.4,1,1,2014-06-06,0449,Aqua,MODIS,56,6.2,300.6,7.6,D,0
-11.6029,132.7828,332.9,1,1,2014-06-06,0449,Aqua,MODIS,68,6.2,302,20,D,0
-11.5952,132.7722,323.8,1,1,2014-06-06,0449,Aqua,MODIS,62,6.2,300.6,10.2,D,0
-11.5862,132.7709,320.5,1,1,2014-06-06,0449,Aqua,MODIS,58,6.2,301,7.6,D,0
-12.9869,132.0805,320.1,1.1,1,2014-06-06,0449,Aqua,MODIS,43,6.2,300.6,8.6,D,0
-12.6279,132.4247,320,1,1,2014-06-06,0449,Aqua,MODIS,70,6.2,296.2,10.8,D,0
-11.1909,132.1846,323.8,1,1,2014-06-06,0449,Aqua,MODIS,58,6.2,299.2,13.4,D,0
-12.6174,131.4888,316.4,1.1,1.1,2014-06-06,0449,Aqua,MODIS,62,6.2,299.4,7.4,D,0
-12.2646,132.3279,320,1,1,2014-06-06,0449,Aqua,MODIS,29,6.2,296.1,10.2,D,0
-12.2659,132.3184,336.8,1,1,2014-06-06,0449,Aqua,MODIS,88,6.2,300.1,31.4,D,0
-11.2224,132.2141,316.9,1,1,2014-06-06,0449,Aqua,MODIS,57,6.2,299.1,6.4,D,0
-11.3563,132.2495,326.8,1,1,2014-06-06,0449,Aqua,MODIS,79,6.2,298.5,17.3,D,0
-12.9934,132.1706,324.9,1.1,1,2014-06-06,0449,Aqua,MODIS,65,6.2,301,12.5,D,0
-11.1896,132.194,315.3,1,1,2014-06-06,0449,Aqua,MODIS,45,6.2,299,5.5,D,0
-12.8153,131.7823,330.8,1.1,1,2014-06-06,0449,Aqua,MODIS,49,6.2,299.9,20.8,D,0
-12.8327,131.795,338.2,1.1,1,2014-06-06,0449,Aqua,MODIS,88,6.2,299.6,33.1,D,0
-11.355,132.2589,320.6,1,1,2014-06-06,0449,Aqua,MODIS,58,6.2,300.9,10.7,D,0
-12.9994,130.9939,328,1.2,1.1,2014-06-06,0449,Aqua,MODIS,77,6.2,301.2,20.8,D,0
-13.0102,131.0011,335.6,1.2,1.1,2014-06-06,0449,Aqua,MODIS,74,6.2,303.9,31.2,D,0
-12.9979,131.0047,328.7,1.2,1.1,2014-06-06,0449,Aqua,MODIS,62,6.2,301.9,20.1,D,0
-12.9757,132.5,318.6,1,1,2014-06-06,0449,Aqua,MODIS,60,6.2,301.3,7.4,D,0
-34.3924,119.3259,307.4,1.5,1.2,2014-06-06,0621,Aqua,MODIS,65,6.2,294.8,11.3,D,0
-34.6968,118.2278,315.3,1.3,1.1,2014-06-06,0621,Aqua,MODIS,76,6.2,297.7,16,D,0
-34.6177,116.1321,307.9,1.1,1,2014-06-06,0621,Aqua,MODIS,66,6.2,293.6,8.7,D,0
-34.6943,118.2418,309.2,1.3,1.1,2014-06-06,0621,Aqua,MODIS,68,6.2,296.6,8.8,D,0
-34.7069,118.2305,327.6,1.3,1.1,2014-06-06,0621,Aqua,MODIS,85,6.2,296.3,33.4,D,0
-35.0062,116.9726,306.9,1.1,1.1,2014-06-06,0621,Aqua,MODIS,0,6.2,293.2,8.2,D,0
-34.6041,117.7598,314.6,1.2,1.1,2014-06-06,0621,Aqua,MODIS,75,6.2,293,16,D,0
-34.9709,116.7411,314.4,1.1,1.1,2014-06-06,0621,Aqua,MODIS,65,6.2,292.6,14.4,D,0
-34.7044,118.2445,328.6,1.3,1.1,2014-06-06,0621,Aqua,MODIS,86,6.2,296.3,34.9,D,0
-35.0041,116.985,304.7,1.1,1.1,2014-06-06,0621,Aqua,MODIS,0,6.2,293.4,6.4,D,0
-34.3955,119.3097,315.1,1.5,1.2,2014-06-06,0621,Aqua,MODIS,75,6.2,296.9,21.5,D,0
-34.6017,117.7733,311.9,1.2,1.1,2014-06-06,0621,Aqua,MODIS,72,6.2,294.2,13,D,0
-34.0968,117.1792,304.5,1.2,1.1,2014-06-06,0621,Aqua,MODIS,59,6.2,294.5,6.2,D,0
-33.5916,117.7867,312.4,1.3,1.1,2014-06-06,0621,Aqua,MODIS,72,6.2,296.2,12.4,D,0
-33.508,122.8653,304.9,2.6,1.6,2014-06-06,0621,Aqua,MODIS,60,6.2,292.8,16.6,D,0
-34.162,118.3467,309.1,1.3,1.1,2014-06-06,0621,Aqua,MODIS,67,6.2,294.4,11,D,0
-34.1595,118.3609,305.2,1.3,1.1,2014-06-06,0621,Aqua,MODIS,60,6.2,295,7.4,D,0
-33.5201,122.8102,306.5,2.6,1.5,2014-06-06,0621,Aqua,MODIS,64,6.2,292.1,21.8,D,0
-34.2556,115.3102,304,1,1,2014-06-06,0621,Aqua,MODIS,58,6.2,293.1,5.4,D,0
-34.3063,117.582,318.8,1.2,1.1,2014-06-06,0621,Aqua,MODIS,79,6.2,293.9,19.6,D,0
-33.9987,115.8348,324.5,1.1,1,2014-06-06,0621,Aqua,MODIS,83,6.2,291.8,24.7,D,0
-34.3066,117.5753,310.4,1.2,1.1,2014-06-06,0621,Aqua,MODIS,69,6.2,294,10.1,D,0
-34.4055,117.5991,307.3,1.2,1.1,2014-06-06,0621,Aqua,MODIS,46,6.2,293.8,7.3,D,0
-34.0005,115.8234,326,1.1,1,2014-06-06,0621,Aqua,MODIS,84,6.2,292.6,26.5,D,0
-33.5443,117.8755,308.7,1.3,1.1,2014-06-06,0621,Aqua,MODIS,67,6.2,294.2,9.2,D,0
-34.3044,117.5884,308.5,1.2,1.1,2014-06-06,0621,Aqua,MODIS,60,6.2,293.5,8.2,D,0
-34.5479,117.3163,331,1.2,1.1,2014-06-06,0621,Aqua,MODIS,87,6.2,294.2,38,D,0
-34.0176,118.5797,309.1,1.4,1.2,2014-06-06,0621,Aqua,MODIS,67,6.2,293.3,12.6,D,0
-34.5003,117.4049,309.1,1.2,1.1,2014-06-06,0621,Aqua,MODIS,13,6.2,293.7,8.6,D,0
-33.5141,122.8377,304.4,2.6,1.5,2014-06-06,0621,Aqua,MODIS,59,6.2,292.4,16.4,D,0
-34.0097,116.5266,303.1,1.1,1.1,2014-06-06,0621,Aqua,MODIS,55,6.2,292.7,5.4,D,0
-34.4905,117.4025,316.2,1.2,1.1,2014-06-06,0621,Aqua,MODIS,77,6.2,294.3,16.2,D,0
-34.4927,117.3895,326.5,1.2,1.1,2014-06-06,0621,Aqua,MODIS,80,6.2,294.3,29.6,D,0
-34.4177,117.5885,314.5,1.2,1.1,2014-06-06,0621,Aqua,MODIS,71,6.2,293.2,15,D,0
-34.51,117.4074,309.6,1.2,1.1,2014-06-06,0621,Aqua,MODIS,41,6.2,292.9,9.2,D,0
-33.8207,116.9859,313.3,1.2,1.1,2014-06-06,0621,Aqua,MODIS,73,6.2,294.4,13.6,D,0
-33.7271,116.3154,322.1,1.1,1,2014-06-06,0622,Aqua,MODIS,81,6.2,294.9,22.7,D,0
-31.9483,116.0735,304.6,1.1,1.1,2014-06-06,0622,Aqua,MODIS,41,6.2,293.4,5.3,D,0
-32.9463,116.6854,320.9,1.2,1.1,2014-06-06,0622,Aqua,MODIS,80,6.2,294.8,21,D,0
-31.7322,116.3246,310.3,1.2,1.1,2014-06-06,0622,Aqua,MODIS,66,6.2,294.8,11,D,0
-33.8357,115.4563,322.3,1,1,2014-06-06,0622,Aqua,MODIS,82,6.2,292.5,21.4,D,0
-33.8339,115.4675,352.1,1,1,2014-06-06,0622,Aqua,MODIS,97,6.2,294.2,71.2,D,0
-33.7251,116.3272,311.7,1.1,1,2014-06-06,0622,Aqua,MODIS,72,6.2,293.4,12.1,D,0
-33.5395,117.6096,335.7,1.3,1.1,2014-06-06,0622,Aqua,MODIS,90,6.2,296,49.1,D,0
-33.5262,117.3287,327.9,1.2,1.1,2014-06-06,0622,Aqua,MODIS,85,6.2,296.4,32.7,D,0
-33.5419,117.596,312.8,1.3,1.1,2014-06-06,0622,Aqua,MODIS,73,6.2,294.2,13.5,D,0
-31.9408,116.0592,308.4,1.1,1.1,2014-06-06,0622,Aqua,MODIS,64,6.2,295,8.2,D,0
-31.9503,116.0611,337.1,1.1,1.1,2014-06-06,0622,Aqua,MODIS,90,6.2,296.6,45,D,0
-33.8174,115.4118,303.7,1,1,2014-06-06,0622,Aqua,MODIS,57,6.2,292.2,5.8,D,0
-31.7342,116.3124,307.1,1.2,1.1,2014-06-06,0622,Aqua,MODIS,59,6.2,296,8.3,D,0
-33.578,116.0358,309.2,1.1,1,2014-06-06,0622,Aqua,MODIS,55,6.2,293,8.7,D,0
-33.5686,116.0337,315.3,1.1,1,2014-06-06,0622,Aqua,MODIS,76,6.2,293.8,14,D,0
-31.4768,115.6847,308.2,1.1,1.1,2014-06-06,0622,Aqua,MODIS,61,6.2,296.9,6.8,D,0
-33.5705,116.022,304.3,1.1,1,2014-06-06,0622,Aqua,MODIS,40,6.2,292.6,5.1,D,0
-33.8191,115.4006,302.7,1,1,2014-06-06,0622,Aqua,MODIS,53,6.2,292.5,5.1,D,0
-32.9442,116.6979,309.2,1.2,1.1,2014-06-06,0622,Aqua,MODIS,67,6.2,294.2,8.5,D,0
-31.475,115.6964,336.5,1.1,1.1,2014-06-06,0622,Aqua,MODIS,89,6.2,298.7,41.9,D,0
-32.798,118.5907,312.1,1.5,1.2,2014-06-06,0622,Aqua,MODIS,71,6.2,294,16.6,D,0
-32.4699,116.0327,313.9,1.1,1.1,2014-06-06,0622,Aqua,MODIS,74,6.2,293.5,13.2,D,0
-32.4847,116.1224,307.4,1.1,1.1,2014-06-06,0622,Aqua,MODIS,64,6.2,292.4,8.6,D,0
-32.4774,116.0468,307.2,1.1,1.1,2014-06-06,0622,Aqua,MODIS,32,6.2,293.4,7.3,D,0
-32.4886,116.0985,304.3,1.1,1.1,2014-06-06,0622,Aqua,MODIS,21,6.2,292.7,5.7,D,0
-32.4905,116.0867,315.1,1.1,1.1,2014-06-06,0622,Aqua,MODIS,75,6.2,292.8,15.1,D,0
-31.702,115.8884,320.7,1.1,1.1,2014-06-06,0622,Aqua,MODIS,79,6.2,296.8,19.1,D,0
-30.4705,115.0882,311.6,1.1,1,2014-06-06,0622,Aqua,MODIS,21,6.2,296.7,7.7,D,0
-31.2163,115.465,309.1,1.1,1,2014-06-06,0622,Aqua,MODIS,62,6.2,295.7,7.4,D,0
-32.8241,117.2833,325.7,1.2,1.1,2014-06-06,0622,Aqua,MODIS,84,6.2,294.7,30.8,D,0
-31.2181,115.4535,315,1.1,1,2014-06-06,0622,Aqua,MODIS,72,6.2,296.9,12.5,D,0
-31.8321,117.0159,308.1,1.3,1.1,2014-06-06,0622,Aqua,MODIS,56,6.2,296.1,7.1,D,0
-30.4816,115.0789,313.5,1.1,1,2014-06-06,0622,Aqua,MODIS,0,6.2,297.9,9.8,D,0
-32.5019,116.0772,309.1,1.1,1.1,2014-06-06,0622,Aqua,MODIS,46,6.2,291.7,8.9,D,0
-32.7461,117.2035,318,1.2,1.1,2014-06-06,0622,Aqua,MODIS,78,6.2,294.7,19.3,D,0
-30.5399,115.9723,307.5,1.2,1.1,2014-06-06,0622,Aqua,MODIS,55,6.2,296.7,5.5,D,0
-31.8221,117.0135,310.6,1.3,1.1,2014-06-06,0622,Aqua,MODIS,67,6.2,296.5,9.5,D,0
-32.8218,117.2966,317.5,1.3,1.1,2014-06-06,0622,Aqua,MODIS,77,6.2,294,19.1,D,0
-32.7733,117.3958,305.6,1.3,1.1,2014-06-06,0622,Aqua,MODIS,58,6.2,294.7,6.9,D,0
-32.7438,117.2167,319.3,1.2,1.1,2014-06-06,0622,Aqua,MODIS,79,6.2,295,21,D,0
-30.4798,115.0902,311.9,1.1,1,2014-06-06,0622,Aqua,MODIS,62,6.2,297.1,8.7,D,0
-30.5419,115.9602,321.5,1.2,1.1,2014-06-06,0622,Aqua,MODIS,79,6.2,298.3,20.2,D,0
-31.704,115.8766,322.6,1.1,1.1,2014-06-06,0622,Aqua,MODIS,80,6.2,296.7,21.5,D,0
-32.0333,116.0625,321,1.1,1.1,2014-06-06,0622,Aqua,MODIS,69,6.2,293.5,21.9,D,0
-20.4202,118.9499,316,2.8,1.6,2014-06-06,0625,Aqua,MODIS,49,6.2,305.5,19.7,D,0
-20.4199,118.9443,315.5,2.8,1.6,2014-06-06,0625,Aqua,MODIS,51,6.2,305.5,19.5,D,0
-20.4971,118.9389,319.6,2.8,1.6,2014-06-06,0625,Aqua,MODIS,68,6.2,305.7,38.9,D,0
-20.5022,118.9123,316.7,2.8,1.6,2014-06-06,0625,Aqua,MODIS,60,6.2,305.2,27.5,D,0
-26.6787,150.5169,307.6,1.2,1.1,2014-06-06,1231,Terra,MODIS,72,6.2,284,14.6,N,0
-26.7976,150.2051,303.9,1.3,1.1,2014-06-06,1231,Terra,MODIS,57,6.2,282.7,13.1,N,2
-29.1068,150.1424,307,1.4,1.2,2014-06-06,1231,Terra,MODIS,70,6.2,282.9,17.4,N,0
-29.1113,150.1495,312.9,1.4,1.2,2014-06-06,1231,Terra,MODIS,86,6.2,283.1,23.9,N,0
-28.6515,149.3484,301.3,1.5,1.2,2014-06-06,1231,Terra,MODIS,40,6.2,282.4,13.2,N,0
-28.6509,149.3419,304.1,1.5,1.2,2014-06-06,1231,Terra,MODIS,55,6.2,282.6,15.6,N,0
-27.9529,150.4689,302,1.3,1.1,2014-06-06,1231,Terra,MODIS,46,6.2,282.6,11.4,N,0
-33.0118,137.5881,304.7,1.9,1.4,2014-06-06,1408,Terra,MODIS,61,6.2,283.5,23.9,N,0
-33.7289,121.3755,312.5,2.9,1.6,2014-06-06,1408,Terra,MODIS,85,6.2,281.6,72.1,N,0
-25.7131,125.7856,318.2,1.2,1.1,2014-06-06,1410,Terra,MODIS,96,6.2,284.7,25.2,N,0
-20.4099,118.9427,312.5,3,1.6,2014-06-06,1412,Terra,MODIS,85,6.2,289.9,61.1,N,0
-20.395,118.941,305.1,3,1.6,2014-06-06,1412,Terra,MODIS,63,6.2,289.8,37.4,N,0
-20.4107,118.9359,310.4,3,1.6,2014-06-06,1412,Terra,MODIS,80,6.2,290,54.6,N,0
-20.3958,118.9342,314.6,3,1.6,2014-06-06,1412,Terra,MODIS,90,6.2,290.3,70.6,N,0
-18.6397,127.2333,320,1,1,2014-06-06,1412,Terra,MODIS,54,6.2,292.7,15.6,N,0
-14.608,126.1062,310.3,1,1,2014-06-06,1413,Terra,MODIS,47,6.2,295.8,6.9,N,0
-14.5894,126.1064,312.1,1,1,2014-06-06,1413,Terra,MODIS,84,6.2,296.8,9.7,N,0
-14.6144,126.1261,308.1,1,1,2014-06-06,1413,Terra,MODIS,35,6.2,294.7,6,N,0
-14.5583,126.1959,307.8,1,1,2014-06-06,1413,Terra,MODIS,73,6.2,293.8,7.8,N,0
-14.6321,126.1948,308.6,1,1,2014-06-06,1413,Terra,MODIS,75,6.2,294.3,6.9,N,0
-14.557,126.2052,302.6,1,1,2014-06-06,1413,Terra,MODIS,50,6.2,292.3,4.6,N,0
-16.1752,128.4155,318.9,1.1,1,2014-06-06,1413,Terra,MODIS,98,6.2,294.6,17.7,N,0
-14.3237,126.7399,309.2,1,1,2014-06-06,1413,Terra,MODIS,13,6.2,294.1,6.8,N,0
-14.3157,126.7324,306.8,1,1,2014-06-06,1413,Terra,MODIS,41,6.2,294.2,5.6,N,0
-15.8312,127.5061,302.7,1,1,2014-06-06,1413,Terra,MODIS,26,6.2,290.6,5.1,N,0
-14.3054,126.7403,312.4,1,1,2014-06-06,1413,Terra,MODIS,48,6.2,294.3,9,N,0
-16.4609,124.4648,307.8,1.1,1.1,2014-06-06,1413,Terra,MODIS,72,6.2,295.6,7.4,N,0
-15.8222,127.5045,305.8,1,1,2014-06-06,1413,Terra,MODIS,57,6.2,290.2,6.8,N,0
-15.7872,127.4892,313.4,1,1,2014-06-06,1413,Terra,MODIS,67,6.2,291.1,11.4,N,0
-15.7795,127.4782,324.7,1,1,2014-06-06,1413,Terra,MODIS,100,6.2,294.9,22.6,N,0
-15.781,127.4687,308.8,1,1,2014-06-06,1413,Terra,MODIS,42,6.2,294.2,7.9,N,0
-15.7709,127.4806,316,1,1,2014-06-06,1413,Terra,MODIS,92,6.2,293.4,13.9,N,0
-15.7723,127.4711,331.8,1,1,2014-06-06,1413,Terra,MODIS,100,6.2,296.2,32.3,N,0
-15.7737,127.4616,308.5,1,1,2014-06-06,1413,Terra,MODIS,75,6.2,293.9,8.9,N,0
-14.3299,130.1626,302.9,1.4,1.2,2014-06-06,1413,Terra,MODIS,47,6.2,290.7,7.7,N,0
-14.3024,130.1984,302.2,1.4,1.2,2014-06-06,1413,Terra,MODIS,43,6.2,290.9,6.9,N,0
-14.703,126.6621,323.7,1,1,2014-06-06,1413,Terra,MODIS,100,6.2,294,20.4,N,0
-14.7044,126.6529,305.2,1,1,2014-06-06,1413,Terra,MODIS,63,6.2,293.5,5.2,N,0
-16.4998,124.9727,307.6,1.1,1,2014-06-06,1413,Terra,MODIS,72,6.2,295,6.8,N,0
-16.493,124.9759,309.2,1.1,1,2014-06-06,1413,Terra,MODIS,77,6.2,295.6,8.4,N,0
-14.4101,130.1693,303.2,1.4,1.2,2014-06-06,1413,Terra,MODIS,53,6.2,291.7,9.2,N,0
-14.4122,130.1563,301.3,1.4,1.2,2014-06-06,1413,Terra,MODIS,29,6.2,291.1,6.9,N,0
-13.6699,132.2049,308.8,2.1,1.4,2014-06-06,1413,Terra,MODIS,76,6.2,292.1,17.8,N,0
-13.7897,132.1166,305.6,2,1.4,2014-06-06,1413,Terra,MODIS,65,6.2,292,13.1,N,0
-13.5045,132.6306,303.7,2.2,1.4,2014-06-06,1413,Terra,MODIS,56,6.2,291.2,11.1,N,0
-14.8329,130.6985,318.9,1.5,1.2,2014-06-06,1413,Terra,MODIS,98,6.2,293.1,27.2,N,0
-13.7865,132.135,316.6,2,1.4,2014-06-06,1413,Terra,MODIS,94,6.2,292.3,36,N,0
-13.6607,132.1839,307.9,2,1.4,2014-06-06,1413,Terra,MODIS,58,6.2,292.1,16,N,0
-14.8306,130.7126,307.1,1.5,1.2,2014-06-06,1413,Terra,MODIS,50,6.2,292.7,10.2,N,0
-14.8415,130.7145,316.4,1.5,1.2,2014-06-06,1413,Terra,MODIS,93,6.2,292.9,22.3,N,0
-13.9411,131.694,303.5,1.9,1.3,2014-06-06,1413,Terra,MODIS,55,6.2,292,9.1,N,0
-13.3504,132.9872,301.9,2.4,1.5,2014-06-06,1413,Terra,MODIS,29,6.2,289.4,14.5,N,0
-14.5201,131.3408,302.8,1.7,1.3,2014-06-06,1413,Terra,MODIS,45,6.2,292,8.9,N,0
-13.7989,132.1373,313.8,2,1.4,2014-06-06,1413,Terra,MODIS,88,6.2,292.3,29.2,N,0
-15.2481,127.7792,306.1,1.1,1,2014-06-06,1413,Terra,MODIS,60,6.2,295.7,4.7,N,0
-14.9262,129.8847,308.4,1.3,1.1,2014-06-06,1413,Terra,MODIS,74,6.2,295.3,9.1,N,0
-14.7402,127.6568,328.3,1.1,1,2014-06-06,1413,Terra,MODIS,100,6.2,295.7,25.8,N,0
-14.3822,126.2699,315.9,1,1,2014-06-06,1413,Terra,MODIS,92,6.2,293.8,14,N,0
-15.3202,129.9076,310.5,1.3,1.1,2014-06-06,1413,Terra,MODIS,80,6.2,293.8,11.9,N,0
-15.0822,129.7981,313.7,1.3,1.1,2014-06-06,1413,Terra,MODIS,83,6.2,294.4,13.3,N,0
-14.8418,126.5287,306.8,1,1,2014-06-06,1413,Terra,MODIS,62,6.2,294.7,5.9,N,0
-14.8521,126.5209,311.4,1,1,2014-06-06,1413,Terra,MODIS,37,6.2,295.3,8.1,N,0
-15.3181,129.92,319.3,1.3,1.1,2014-06-06,1413,Terra,MODIS,98,6.2,294.7,23.2,N,0
-14.7339,127.6496,311.8,1.1,1,2014-06-06,1413,Terra,MODIS,83,6.2,295.8,10.5,N,0
-13.9367,129.8464,311.2,1.4,1.2,2014-06-06,1413,Terra,MODIS,82,6.2,292.5,14.3,N,0
-15.1553,129.9172,305.3,1.3,1.1,2014-06-06,1413,Terra,MODIS,64,6.2,294.2,7.1,N,0
-14.9372,126.5688,308.3,1,1,2014-06-06,1413,Terra,MODIS,74,6.2,294.2,7.3,N,0
-15.1185,129.9487,309.1,1.3,1.1,2014-06-06,1413,Terra,MODIS,19,6.2,294.6,9.2,N,0
-17.0642,126.2205,303.1,1,1,2014-06-06,1413,Terra,MODIS,53,6.2,291.8,5.5,N,0
-13.9851,130.249,305.1,1.5,1.2,2014-06-06,1413,Terra,MODIS,59,6.2,290.9,9.8,N,0
-14.8508,126.5301,326.4,1,1,2014-06-06,1413,Terra,MODIS,100,6.2,295.8,22.6,N,0
-14.5971,129.9507,306,1.4,1.2,2014-06-06,1413,Terra,MODIS,66,6.2,294.4,8.2,N,0
-14.9449,126.5794,304.6,1,1,2014-06-06,1413,Terra,MODIS,58,6.2,294.3,5.1,N,0
-15.0872,129.8986,310.5,1.3,1.1,2014-06-06,1413,Terra,MODIS,80,6.2,294.5,11.6,N,0
-14.8598,126.5315,316.7,1,1,2014-06-06,1413,Terra,MODIS,89,6.2,295.3,12.8,N,0
-15.1713,129.8832,306.4,1.3,1.1,2014-06-06,1413,Terra,MODIS,68,6.2,293.7,8.3,N,0
-14.6851,128.021,315,1.1,1,2014-06-06,1413,Terra,MODIS,90,6.2,294.9,12.4,N,0
-14.5109,127.9129,305.2,1.1,1,2014-06-06,1413,Terra,MODIS,63,6.2,294.9,4.9,N,0
-15.0579,129.819,310.5,1.3,1.1,2014-06-06,1413,Terra,MODIS,51,6.2,294.7,10.3,N,0
-14.8751,126.2315,302.4,1,1,2014-06-06,1413,Terra,MODIS,49,6.2,292.1,4.4,N,0
-14.7325,127.6593,309.6,1.1,1,2014-06-06,1413,Terra,MODIS,78,6.2,295.5,8.3,N,0
-13.8943,130.2402,301.9,1.5,1.2,2014-06-06,1413,Terra,MODIS,22,6.2,291.2,5.4,N,0
-16.3193,127.5626,302.6,1,1,2014-06-06,1413,Terra,MODIS,50,6.2,291.4,5,N,0
-15.0003,129.8659,315.3,1.3,1.1,2014-06-06,1413,Terra,MODIS,91,6.2,295,16.9,N,0
-15.1027,129.801,312.6,1.3,1.1,2014-06-06,1413,Terra,MODIS,85,6.2,294.3,13,N,0
-15.1046,129.789,307.9,1.3,1.1,2014-06-06,1413,Terra,MODIS,73,6.2,294.5,8.9,N,0
-15.0127,126.3629,304.6,1,1,2014-06-06,1413,Terra,MODIS,61,6.2,292.4,5.9,N,0
-15.0023,129.8538,305.4,1.3,1.1,2014-06-06,1413,Terra,MODIS,64,6.2,294.9,5.9,N,0
-15.0113,126.3722,325,1,1,2014-06-06,1413,Terra,MODIS,100,6.2,293.4,22.9,N,0
-13.8462,130.0363,303.1,1.4,1.2,2014-06-06,1413,Terra,MODIS,45,6.2,291,9.8,N,0
-15.0376,129.8974,319.8,1.3,1.1,2014-06-06,1413,Terra,MODIS,99,6.2,295.3,22.8,N,0
-16.5384,127.6397,307.6,1,1,2014-06-06,1413,Terra,MODIS,72,6.2,293.4,7.3,N,0
-15.009,126.3245,307,1,1,2014-06-06,1413,Terra,MODIS,70,6.2,292.1,7.6,N,0
-14.7388,127.6665,319,1.1,1,2014-06-06,1413,Terra,MODIS,61,6.2,294.9,14.7,N,0
-13.9293,129.8524,306.3,1.4,1.2,2014-06-06,1413,Terra,MODIS,67,6.2,291.4,10.2,N,0
-15.3113,129.9124,304.3,1.3,1.1,2014-06-06,1413,Terra,MODIS,59,6.2,294.2,6.5,N,0
-15.0103,126.3153,307.9,1,1,2014-06-06,1413,Terra,MODIS,73,6.2,291.7,8.3,N,0
-14.9754,126.3666,304.5,1,1,2014-06-06,1413,Terra,MODIS,60,6.2,293.8,5.5,N,0
-15.0461,129.8917,328,1.3,1.1,2014-06-06,1413,Terra,MODIS,100,6.2,296.1,35.4,N,0
-15.0846,129.8485,312.4,1.3,1.1,2014-06-06,1413,Terra,MODIS,60,6.2,295.3,12.4,N,0
-15.0209,126.3701,304.7,1,1,2014-06-06,1413,Terra,MODIS,61,6.2,293.3,5.5,N,0
-15.0246,126.4085,302.4,1,1,2014-06-06,1413,Terra,MODIS,45,6.2,292,4.4,N,0
-15.0866,129.8364,321.5,1.3,1.1,2014-06-06,1413,Terra,MODIS,100,6.2,295.7,24.2,N,0
-15.0336,126.4099,303.8,1,1,2014-06-06,1413,Terra,MODIS,57,6.2,292.1,5.3,N,0
-14.8598,126.2103,303.3,1,1,2014-06-06,1413,Terra,MODIS,54,6.2,292.5,5,N,0
-15.0441,129.9039,325.6,1.3,1.1,2014-06-06,1413,Terra,MODIS,100,6.2,295.7,31.5,N,0
-14.748,127.6679,324.7,1.1,1,2014-06-06,1413,Terra,MODIS,100,6.2,295.9,21.2,N,0
-14.9729,126.6407,315.1,1,1,2014-06-06,1413,Terra,MODIS,91,6.2,294.5,12.9,N,0
-15.0544,129.9056,309.2,1.3,1.1,2014-06-06,1413,Terra,MODIS,77,6.2,294.4,9.6,N,0
-14.6799,128.0139,323.1,1.1,1,2014-06-06,1413,Terra,MODIS,100,6.2,295.2,21.7,N,0
-14.7586,127.6598,307.2,1.1,1,2014-06-06,1413,Terra,MODIS,39,6.2,294.1,6.2,N,0
-14.7572,127.6693,309.1,1.1,1,2014-06-06,1413,Terra,MODIS,63,6.2,295.1,7.4,N,0
-14.8083,126.7606,303.3,1,1,2014-06-06,1413,Terra,MODIS,54,6.2,292.7,4.9,N,0
-14.6866,128.011,319.1,1.1,1,2014-06-06,1413,Terra,MODIS,98,6.2,295.7,16.3,N,0
-15.0081,129.8172,308.1,1.3,1.1,2014-06-06,1413,Terra,MODIS,74,6.2,294.8,9.1,N,0
-14.8701,126.5237,312.1,1,1,2014-06-06,1413,Terra,MODIS,81,6.2,294,9.3,N,0
-14.8791,126.525,318.7,1,1,2014-06-06,1413,Terra,MODIS,97,6.2,294.8,15,N,0
-14.8777,126.5343,312.6,1,1,2014-06-06,1413,Terra,MODIS,85,6.2,294.1,9.8,N,0
-15.1694,129.895,304.5,1.3,1.1,2014-06-06,1413,Terra,MODIS,59,6.2,294.3,6.2,N,0
-15.0764,129.8345,308.4,1.3,1.1,2014-06-06,1413,Terra,MODIS,64,6.2,294.7,8.3,N,0
-15.0784,129.8221,308.6,1.3,1.1,2014-06-06,1413,Terra,MODIS,69,6.2,294.6,8,N,0
-15.0803,129.81,318.9,1.3,1.1,2014-06-06,1413,Terra,MODIS,98,6.2,295.1,19.8,N,0
-13.749,130.0671,320.1,1.4,1.2,2014-06-06,1414,Terra,MODIS,100,6.2,293.4,29.4,N,0
-14.1884,126.4038,309.3,1,1,2014-06-06,1414,Terra,MODIS,77,6.2,295,7.8,N,0
-14.3518,126.1615,305.7,1,1,2014-06-06,1414,Terra,MODIS,65,6.2,294.8,5.7,N,0
-13.4915,130.2954,310.8,1.5,1.2,2014-06-06,1414,Terra,MODIS,81,6.2,292.8,16.5,N,0
-14.2073,126.9062,304.1,1,1,2014-06-06,1414,Terra,MODIS,58,6.2,293.4,5.1,N,0
-13.4807,130.2935,305.2,1.5,1.2,2014-06-06,1414,Terra,MODIS,63,6.2,292.4,10.5,N,0
-13.4934,130.3014,304.5,1.5,1.2,2014-06-06,1414,Terra,MODIS,56,6.2,292.5,9.1,N,0
-13.4957,130.2877,302.4,1.5,1.2,2014-06-06,1414,Terra,MODIS,35,6.2,292.3,6.5,N,0
-14.3257,126.2801,305.9,1,1,2014-06-06,1414,Terra,MODIS,66,6.2,294.5,5.4,N,0
-13.749,130.2039,308.3,1.5,1.2,2014-06-06,1414,Terra,MODIS,74,6.2,292.6,13.6,N,0
-13.6078,130.0715,300.7,1.4,1.2,2014-06-06,1414,Terra,MODIS,21,6.2,289.5,9,N,0
-14.0723,127.3236,304.9,1,1,2014-06-06,1414,Terra,MODIS,45,6.2,293.1,5.7,N,0
-13.6347,130.1372,306.4,1.5,1.2,2014-06-06,1414,Terra,MODIS,49,6.2,289.6,11,N,0
-13.6325,130.1505,321.3,1.5,1.2,2014-06-06,1414,Terra,MODIS,100,6.2,292.1,31.3,N,0
-14.3045,126.4277,303.4,1,1,2014-06-06,1414,Terra,MODIS,55,6.2,293.3,4.8,N,0
-13.6411,130.1657,305.3,1.5,1.2,2014-06-06,1414,Terra,MODIS,32,6.2,290.4,9.1,N,0
-13.6432,130.1523,313.8,1.5,1.2,2014-06-06,1414,Terra,MODIS,88,6.2,291.8,19.2,N,0
-14.2627,126.4624,306.9,1,1,2014-06-06,1414,Terra,MODIS,70,6.2,294,6.2,N,0
-13.5109,130.6085,312.3,1.6,1.2,2014-06-06,1414,Terra,MODIS,85,6.2,293.8,19.4,N,0
-14.259,126.1037,316.5,1,1,2014-06-06,1414,Terra,MODIS,93,6.2,296.8,12,N,0
-14.1072,126.3284,327.4,1,1,2014-06-06,1414,Terra,MODIS,94,6.2,295.2,22.9,N,0
-14.1149,126.339,306.6,1,1,2014-06-06,1414,Terra,MODIS,62,6.2,293.2,5.7,N,0
-14.1162,126.3298,309.9,1,1,2014-06-06,1414,Terra,MODIS,72,6.2,293.8,8,N,0
-14.2788,126.4143,316.8,1,1,2014-06-06,1414,Terra,MODIS,94,6.2,295.9,13.3,N,0
-14.2646,126.3213,309.1,1,1,2014-06-06,1414,Terra,MODIS,77,6.2,292.9,8.2,N,0
-14.2556,126.3199,304.1,1,1,2014-06-06,1414,Terra,MODIS,49,6.2,292.9,4.6,N,0
-14.2132,126.1657,304.9,1,1,2014-06-06,1414,Terra,MODIS,34,6.2,294.4,4.8,N,0
-14.2042,126.1643,319.9,1,1,2014-06-06,1414,Terra,MODIS,99,6.2,295.5,15.8,N,0
-14.2055,126.1551,315.1,1,1,2014-06-06,1414,Terra,MODIS,69,6.2,295.2,11.2,N,0
-14.1952,126.163,307.8,1,1,2014-06-06,1414,Terra,MODIS,40,6.2,294.8,6.3,N,0
-13.2786,132.6397,304.9,2.3,1.5,2014-06-06,1414,Terra,MODIS,55,6.2,290.8,13.6,N,0
-13.4445,131.2388,304.5,1.8,1.3,2014-06-06,1414,Terra,MODIS,41,6.2,293.1,8.5,N,0
-13.4399,131.2448,313.5,1.8,1.3,2014-06-06,1414,Terra,MODIS,87,6.2,293.4,22.5,N,0
-13.4328,131.237,312.7,1.8,1.3,2014-06-06,1414,Terra,MODIS,85,6.2,293.1,20.6,N,0
-14.832,130.7193,301.3,3.1,1.7,2014-06-06,1717,Aqua,MODIS,39,6.2,290.2,18.8,N,0
-14.0029,130.8671,307.9,3.1,1.7,2014-06-06,1717,Aqua,MODIS,73,6.2,289.8,39.6,N,0
-14.8298,130.7125,302.3,3.1,1.7,2014-06-06,1717,Aqua,MODIS,48,6.2,290.2,20.8,N,0
-13.8163,130.0197,300.7,2.6,1.6,2014-06-06,1717,Aqua,MODIS,31,6.2,290.5,12.9,N,0
-14.276,126.4223,308,1.4,1.2,2014-06-06,1717,Aqua,MODIS,73,6.2,294.6,11.7,N,0
-14.3115,130.2258,301.8,2.8,1.6,2014-06-06,1717,Aqua,MODIS,7,6.2,291,13.6,N,0
-14.3226,130.2297,301.7,2.8,1.6,2014-06-06,1717,Aqua,MODIS,18,6.2,291,14.2,N,0
-13.6217,130.1539,310.2,2.7,1.6,2014-06-06,1717,Aqua,MODIS,79,6.2,291.4,37.6,N,0
-13.6358,130.1522,302.6,2.7,1.6,2014-06-06,1717,Aqua,MODIS,16,6.2,290.9,17,N,0
-14.9901,129.8512,304.4,2.7,1.6,2014-06-06,1717,Aqua,MODIS,60,6.2,292.9,19.2,N,0
-13.6387,130.1769,305.3,2.7,1.6,2014-06-06,1717,Aqua,MODIS,45,6.2,291,23,N,0
-15.0381,129.8945,305.1,2.7,1.6,2014-06-06,1717,Aqua,MODIS,63,6.2,292.4,20.7,N,0
-14.2948,126.1553,307.6,1.4,1.2,2014-06-06,1717,Aqua,MODIS,70,6.2,294.2,9.6,N,0
-13.6245,130.1787,306.6,2.7,1.6,2014-06-06,1717,Aqua,MODIS,52,6.2,290.4,26.3,N,0
-14.9929,129.8753,310.4,2.7,1.6,2014-06-06,1717,Aqua,MODIS,80,6.2,292.8,35.8,N,0
-14.9975,129.8694,314.1,2.7,1.6,2014-06-06,1717,Aqua,MODIS,89,6.2,293,46,N,0
-15.0767,129.8104,308.7,2.6,1.6,2014-06-06,1717,Aqua,MODIS,33,6.2,292.5,26.2,N,0
-13.8415,129.9922,303.4,2.6,1.6,2014-06-06,1717,Aqua,MODIS,55,6.2,289.9,21.4,N,0
-15.0452,129.9127,313,2.7,1.6,2014-06-06,1717,Aqua,MODIS,86,6.2,292.7,43.9,N,0
-15.041,129.9191,312.5,2.7,1.6,2014-06-06,1717,Aqua,MODIS,85,6.2,292.7,42.7,N,0
-14.255,126.0963,307,1.4,1.2,2014-06-06,1717,Aqua,MODIS,70,6.2,295.6,8.5,N,0
-14.2567,126.1089,307.7,1.4,1.2,2014-06-06,1717,Aqua,MODIS,72,6.2,295.6,9.6,N,0
-14.102,126.3249,303.9,1.4,1.2,2014-06-06,1717,Aqua,MODIS,57,6.2,293,7.1,N,0
-14.1929,126.1619,321.7,1.4,1.2,2014-06-06,1717,Aqua,MODIS,100,6.2,294.8,28.4,N,0
-14.2034,126.1605,305,1.4,1.2,2014-06-06,1717,Aqua,MODIS,50,6.2,293.6,8,N,0
-14.2005,126.1681,312.5,1.4,1.2,2014-06-06,1717,Aqua,MODIS,80,6.2,293.9,15.9,N,0
-14.616,126.1388,304.4,1.4,1.2,2014-06-06,1717,Aqua,MODIS,54,6.2,293.1,8.3,N,0
-16.4987,124.9749,305.2,1.2,1.1,2014-06-06,1718,Aqua,MODIS,63,6.2,294.1,7.2,N,0
-16.4888,124.9765,307.3,1.2,1.1,2014-06-06,1718,Aqua,MODIS,71,6.2,294.8,9.1,N,0
-16.986,122.5273,304.4,1,1,2014-06-06,1718,Aqua,MODIS,60,6.2,292.5,6.1,N,0
-15.7652,127.4777,302.7,1.8,1.3,2014-06-06,1718,Aqua,MODIS,46,6.2,292.5,12.2,N,0
-16.4583,124.4362,316.1,1.2,1.1,2014-06-06,1718,Aqua,MODIS,92,6.2,296,14.9,N,0
-17.0821,122.4875,304.1,1,1,2014-06-06,1718,Aqua,MODIS,14,6.2,293.3,4.8,N,0
-17.0898,122.4767,306.6,1,1,2014-06-06,1718,Aqua,MODIS,69,6.2,293.3,6.9,N,0
-15.314,129.922,310.1,2.7,1.6,2014-06-06,1718,Aqua,MODIS,79,6.2,292,37.7,N,0
-15.1047,129.8065,304.7,2.6,1.6,2014-06-06,1718,Aqua,MODIS,20,6.2,292.1,16.9,N,0
-15.2158,129.9875,305.1,2.7,1.6,2014-06-06,1718,Aqua,MODIS,63,6.2,291.2,24.1,N,0
-15.3026,129.9165,304.4,2.7,1.6,2014-06-06,1718,Aqua,MODIS,60,6.2,292,22.1,N,0
-14.9667,126.6487,306.8,1.5,1.2,2014-06-06,1718,Aqua,MODIS,69,6.2,292,13.1,N,0
-15.2054,129.9837,301.8,2.7,1.6,2014-06-06,1718,Aqua,MODIS,33,6.2,291,15.7,N,0
-14.8602,126.5272,318.9,1.5,1.2,2014-06-06,1718,Aqua,MODIS,98,6.2,293.7,27.2,N,0
-20.4998,118.9478,300.5,1.1,1,2014-06-06,1719,Aqua,MODIS,29,6.2,288.5,5.8,N,0
-18.6722,121.7853,312.2,1,1,2014-06-06,1719,Aqua,MODIS,84,6.2,291.7,11.6,N,0
-20.5463,119.5479,302.5,1,1,2014-06-06,1719,Aqua,MODIS,50,6.2,285.7,8,N,0
-18.651,127.2368,307.2,1.9,1.3,2014-06-06,1719,Aqua,MODIS,71,6.2,289.8,21,N,0
-20.4948,118.9164,304.9,1.1,1,2014-06-06,1719,Aqua,MODIS,62,6.2,288.3,8.9,N,0
-20.4965,118.9269,309.1,1.1,1,2014-06-06,1719,Aqua,MODIS,76,6.2,288.8,12.1,N,0
-20.4981,118.9373,301.3,1.1,1,2014-06-06,1719,Aqua,MODIS,39,6.2,288.8,6.4,N,0
-33.7254,121.3875,328.5,1.3,1.1,2014-06-06,1723,Aqua,MODIS,100,6.2,282.5,43.9,N,0
-33.7238,121.3738,302.2,1.3,1.1,2014-06-06,1723,Aqua,MODIS,47,6.2,280.7,11.9,N,0
-32.4623,116.0407,308.5,1.1,1,2014-06-06,1723,Aqua,MODIS,75,6.2,280.1,12.4,N,0
-13.9962,130.4014,312.6,3.3,1.7,2014-06-07,0104,Terra,MODIS,51,6.2,295.4,29.2,D,0
-14.0116,130.3986,317,3.3,1.7,2014-06-07,0104,Terra,MODIS,70,6.2,295.7,50.3,D,0
-13.9834,130.22,316.9,3.4,1.7,2014-06-07,0104,Terra,MODIS,62,6.2,293.9,56.9,D,0
-13.9678,130.2229,347.4,3.4,1.7,2014-06-07,0104,Terra,MODIS,94,6.2,295.4,310.9,D,0
-13.7336,130.0732,320.9,3.6,1.8,2014-06-07,0104,Terra,MODIS,71,6.2,293.8,83.2,D,0
-13.7273,130.0402,357.8,3.6,1.8,2014-06-07,0104,Terra,MODIS,99,6.2,294.8,481.8,D,0
-13.7784,129.9615,328.9,3.6,1.8,2014-06-07,0104,Terra,MODIS,83,6.2,294.7,149.6,D,0
-13.7356,130.0461,361.9,3.6,1.8,2014-06-07,0104,Terra,MODIS,100,6.2,295.2,556.5,D,0
-13.9183,129.8167,322.1,3.7,1.8,2014-06-07,0104,Terra,MODIS,77,6.2,293.6,107.1,D,0
-13.4339,130.2575,311.9,3.5,1.8,2014-06-07,0104,Terra,MODIS,43,6.2,293.7,40,D,0
-13.4928,130.3122,313.2,3.5,1.8,2014-06-07,0104,Terra,MODIS,45,6.2,294,41.5,D,0
-13.4866,130.3074,314.4,3.5,1.8,2014-06-07,0104,Terra,MODIS,41,6.2,293.8,46.6,D,0
-13.9827,130.2452,328.3,3.4,1.7,2014-06-07,0104,Terra,MODIS,82,6.2,295.1,122.2,D,0
-13.7864,129.9541,316.9,3.6,1.8,2014-06-07,0104,Terra,MODIS,70,6.2,294.4,67,D,0
-13.9247,129.8507,321.2,3.7,1.8,2014-06-07,0104,Terra,MODIS,76,6.2,293.9,100,D,0
-13.9768,130.2139,332.3,3.4,1.7,2014-06-07,0104,Terra,MODIS,86,6.2,294.3,157.5,D,0
-13.9672,130.2482,316.9,3.4,1.7,2014-06-07,0104,Terra,MODIS,70,6.2,294.3,59.3,D,0
-13.9612,130.2167,324.2,3.4,1.7,2014-06-07,0104,Terra,MODIS,79,6.2,294.6,106.3,D,0
-13.7432,130.0371,315.6,3.6,1.8,2014-06-07,0104,Terra,MODIS,50,6.2,293.9,55.3,D,0
-13.989,130.251,317.8,3.4,1.7,2014-06-07,0104,Terra,MODIS,71,6.2,295,58.6,D,0
-13.9735,130.254,317.6,3.4,1.7,2014-06-07,0104,Terra,MODIS,50,6.2,294.8,56.2,D,0
-13.7495,130.0704,324.8,3.6,1.8,2014-06-07,0104,Terra,MODIS,79,6.2,294.2,110.6,D,0
-13.7417,130.0791,322.7,3.6,1.8,2014-06-07,0104,Terra,MODIS,77,6.2,294,97.8,D,0
-14.0014,130.4078,315.5,3.3,1.7,2014-06-07,0104,Terra,MODIS,58,6.2,295.7,40.9,D,0
-13.6793,132.2189,323.5,2.5,1.5,2014-06-07,0104,Terra,MODIS,78,6.2,295,50.5,D,0
-13.6658,132.2214,318.6,2.5,1.5,2014-06-07,0104,Terra,MODIS,63,6.2,294.4,33.7,D,0
-14.3031,133.1721,311.7,2,1.4,2014-06-07,0104,Terra,MODIS,59,6.2,293.7,13.3,D,0
-13.754,132.1999,312,2.5,1.5,2014-06-07,0104,Terra,MODIS,48,6.2,294.1,16.1,D,0
-14.3063,133.1909,312.5,2,1.4,2014-06-07,0104,Terra,MODIS,61,6.2,293.8,15.4,D,0
-14.3075,133.1838,313.7,2,1.4,2014-06-07,0104,Terra,MODIS,64,6.2,293.8,18,D,0
-13.3086,132.6747,315.9,2.3,1.5,2014-06-07,0104,Terra,MODIS,61,6.2,294.8,27.3,D,0
-13.3127,132.6808,315.2,2.3,1.5,2014-06-07,0104,Terra,MODIS,25,6.2,294.8,21.3,D,0
-14.042,131.906,316.2,2.6,1.5,2014-06-07,0104,Terra,MODIS,66,6.2,295.1,27.9,D,0
-13.1393,132.4475,313.2,2.4,1.5,2014-06-07,0104,Terra,MODIS,28,6.2,296.4,18.4,D,0
-13.122,132.4278,325.8,2.4,1.5,2014-06-07,0104,Terra,MODIS,80,6.2,295.6,63.9,D,0
-13.5052,132.6684,311.5,2.3,1.5,2014-06-07,0104,Terra,MODIS,46,6.2,294.2,16.5,D,0
-13.6727,132.214,329.5,2.5,1.5,2014-06-07,0104,Terra,MODIS,83,6.2,295,76.4,D,0
-13.2166,132.6575,312.7,2.3,1.5,2014-06-07,0104,Terra,MODIS,31,6.2,295,17.4,D,0
-14.0077,130.8681,310.2,3.1,1.7,2014-06-07,0104,Terra,MODIS,44,6.2,294.1,21.2,D,0
-14.0065,130.8625,311.5,3.1,1.7,2014-06-07,0104,Terra,MODIS,58,6.2,294.4,27.7,D,0
-13.5765,132.6108,316.1,2.3,1.5,2014-06-07,0104,Terra,MODIS,38,6.2,295.1,20.7,D,0
-12.337,132.5123,322.3,2.5,1.5,2014-06-07,0104,Terra,MODIS,77,6.2,294.2,51.4,D,0
-13.5726,132.6056,314.1,2.3,1.5,2014-06-07,0104,Terra,MODIS,36,6.2,295.1,18.5,D,0
-13.5015,132.6476,311.6,2.3,1.5,2014-06-07,0104,Terra,MODIS,37,6.2,294.8,15.4,D,0
-12.2916,132.3306,311.2,2.6,1.5,2014-06-07,0104,Terra,MODIS,52,6.2,293.8,17.2,D,0
-13.2791,132.6432,312,2.3,1.5,2014-06-07,0104,Terra,MODIS,21,6.2,294.4,16.6,D,0
-14.5231,131.3474,310.4,2.8,1.6,2014-06-07,0104,Terra,MODIS,52,6.2,293.8,19,D,0
-13.213,132.6362,315.2,2.3,1.5,2014-06-07,0104,Terra,MODIS,63,6.2,294.6,24.5,D,0
-13.2322,131.575,319.9,2.8,1.6,2014-06-07,0104,Terra,MODIS,74,6.2,295.3,47.1,D,0
-13.8283,132.1789,312.3,2.5,1.5,2014-06-07,0104,Terra,MODIS,24,6.2,292,16,D,0
-13.2126,132.6522,315.4,2.3,1.5,2014-06-07,0104,Terra,MODIS,67,6.2,295,26.3,D,0
-12.5417,132.714,315.4,2.4,1.5,2014-06-07,0104,Terra,MODIS,43,6.2,293.1,25.7,D,0
-12.7277,131.8385,313.2,2.8,1.6,2014-06-07,0104,Terra,MODIS,48,6.2,293.5,26.3,D,0
-12.3267,131.2208,314.8,3.1,1.7,2014-06-07,0104,Terra,MODIS,67,6.2,292.3,44.8,D,0
-13.0183,130.7305,329.6,3.3,1.7,2014-06-07,0104,Terra,MODIS,83,6.2,294.4,127.3,D,0
-12.7232,131.8131,316.7,2.8,1.6,2014-06-07,0104,Terra,MODIS,70,6.2,294,40.2,D,0
-12.6126,132.6717,316.9,2.4,1.5,2014-06-07,0104,Terra,MODIS,71,6.2,295.5,30.1,D,0
-12.5879,132.765,317.8,2.3,1.5,2014-06-07,0104,Terra,MODIS,52,6.2,295.3,27.7,D,0
-12.5708,132.7461,322.3,2.4,1.5,2014-06-07,0104,Terra,MODIS,78,6.2,294.6,43.9,D,0
-11.7496,133.2355,311.4,2.2,1.5,2014-06-07,0104,Terra,MODIS,60,6.2,293.4,17.4,D,0
-12.5713,130.9701,317.2,3.2,1.7,2014-06-07,0104,Terra,MODIS,67,6.2,292.9,58.4,D,0
-14.3586,133.9989,323.6,1.8,1.3,2014-06-07,0104,Terra,MODIS,78,6.2,293.2,35.5,D,0
-13.0142,130.7252,326.1,3.3,1.7,2014-06-07,0104,Terra,MODIS,80,6.2,294.5,102.5,D,0
-12.3244,131.2142,313.3,3.1,1.7,2014-06-07,0104,Terra,MODIS,56,6.2,292.3,40.1,D,0
-12.5757,132.7521,324.7,2.4,1.5,2014-06-07,0104,Terra,MODIS,68,6.2,295.1,49.8,D,0
-12.7923,132.8032,313.8,2.3,1.5,2014-06-07,0104,Terra,MODIS,54,6.2,295,20.2,D,0
-13.2276,131.5492,317.8,2.8,1.6,2014-06-07,0104,Terra,MODIS,71,6.2,294.5,39.2,D,0
-12.7374,131.8104,321,2.8,1.6,2014-06-07,0104,Terra,MODIS,76,6.2,294.4,55.9,D,0
-13.0198,130.7551,313.9,3.3,1.7,2014-06-07,0104,Terra,MODIS,64,6.2,294.2,37.2,D,0
-14.173,130.1938,313.2,3.4,1.7,2014-06-07,0104,Terra,MODIS,64,6.2,295,37,D,0
-14.0958,130.1848,312.4,3.4,1.7,2014-06-07,0104,Terra,MODIS,37,6.2,294.2,31.8,D,0
-14.2318,130.25,311.5,3.4,1.7,2014-06-07,0104,Terra,MODIS,60,6.2,294.3,31,D,0
-14.2375,130.2813,309,3.4,1.7,2014-06-07,0104,Terra,MODIS,42,6.2,293.8,21.9,D,0
-14.2481,130.2733,311.7,3.4,1.7,2014-06-07,0104,Terra,MODIS,60,6.2,294,31.5,D,0
-14.277,130.1705,328.9,3.4,1.7,2014-06-07,0104,Terra,MODIS,83,6.2,295.1,126.1,D,0
-14.2828,130.2018,320.1,3.4,1.7,2014-06-07,0104,Terra,MODIS,68,6.2,295.3,65.7,D,0
-13.9117,129.8254,323.1,3.7,1.8,2014-06-07,0104,Terra,MODIS,66,6.2,293.8,105.1,D,0
-13.0474,130.5609,316.5,3.4,1.7,2014-06-07,0104,Terra,MODIS,69,6.2,294.9,44.7,D,0
-13.7722,129.9281,325,3.7,1.8,2014-06-07,0104,Terra,MODIS,79,6.2,293.7,123.7,D,0
-13.6281,130.1402,312.1,3.6,1.8,2014-06-07,0104,Terra,MODIS,24,6.2,293.8,37.7,D,0
-13.7295,130.0127,312.6,3.6,1.8,2014-06-07,0104,Terra,MODIS,19,6.2,293.3,40.9,D,0
-13.6814,130.1634,313.4,3.5,1.8,2014-06-07,0104,Terra,MODIS,43,6.2,293.9,42.3,D,0
-13.6873,130.196,315.3,3.5,1.8,2014-06-07,0104,Terra,MODIS,66,6.2,294.5,50,D,0
-13.6809,130.1914,316.4,3.5,1.8,2014-06-07,0104,Terra,MODIS,69,6.2,294.7,57.5,D,0
-14.3894,130.1085,314.6,3.4,1.7,2014-06-07,0105,Terra,MODIS,44,6.2,295.2,46.8,D,0
-14.405,130.1322,328.3,3.4,1.7,2014-06-07,0105,Terra,MODIS,83,6.2,295,133.5,D,0
-14.417,130.1952,314.3,3.4,1.7,2014-06-07,0105,Terra,MODIS,67,6.2,294.4,49,D,0
-14.405,130.1056,325.4,3.4,1.7,2014-06-07,0105,Terra,MODIS,81,6.2,294.5,111.1,D,0
-14.4111,130.1638,311.4,3.4,1.7,2014-06-07,0105,Terra,MODIS,61,6.2,294.8,37.5,D,0
-14.4108,130.137,319.4,3.4,1.7,2014-06-07,0105,Terra,MODIS,74,6.2,294.5,72.6,D,0
-14.2923,130.1926,328.7,3.4,1.7,2014-06-07,0105,Terra,MODIS,60,6.2,294.7,116.6,D,0
-14.399,130.1008,326.5,3.4,1.7,2014-06-07,0105,Terra,MODIS,82,6.2,294.7,123.1,D,0
-16.1807,128.4229,318.1,4.2,1.9,2014-06-07,0105,Terra,MODIS,74,6.2,296.7,96.5,D,0
-14.4029,130.2683,309.3,3.4,1.7,2014-06-07,0105,Terra,MODIS,35,6.2,294.2,25,D,0
-16.1825,128.4148,313.2,4.2,1.9,2014-06-07,0105,Terra,MODIS,68,6.2,296.7,62.7,D,0
-14.3201,129.7757,316,3.7,1.8,2014-06-07,0105,Terra,MODIS,55,6.2,294.3,61.2,D,0
-14.4166,130.1687,312.5,3.4,1.7,2014-06-07,0105,Terra,MODIS,44,6.2,294.5,38,D,0
-14.3389,130.1835,321.7,3.4,1.7,2014-06-07,0105,Terra,MODIS,71,6.2,294.9,76.9,D,0
-14.2863,130.1614,319.8,3.4,1.7,2014-06-07,0105,Terra,MODIS,36,6.2,294.3,62.2,D,0
-14.3125,129.783,319.7,3.7,1.8,2014-06-07,0105,Terra,MODIS,75,6.2,294.3,89.8,D,0
-15.5132,131.9705,309,2.4,1.5,2014-06-07,0105,Terra,MODIS,56,6.2,295.6,13.8,D,0
-16.8173,132.8655,307.9,1.9,1.4,2014-06-07,0105,Terra,MODIS,55,6.2,295.1,11.5,D,0
-16.8204,132.8833,309,1.9,1.3,2014-06-07,0105,Terra,MODIS,58,6.2,295,13.3,D,0
-15.225,129.983,312.4,3.4,1.7,2014-06-07,0105,Terra,MODIS,47,6.2,294.9,30.2,D,0
-14.9823,129.8704,313,3.5,1.8,2014-06-07,0105,Terra,MODIS,65,6.2,296.4,40.5,D,0
-15.1599,129.9209,310,3.4,1.7,2014-06-07,0105,Terra,MODIS,46,6.2,295.7,21.5,D,0
-15.0327,129.7928,321.1,3.5,1.8,2014-06-07,0105,Terra,MODIS,77,6.2,296.8,84.6,D,0
-15.183,130.5135,318.6,3.1,1.7,2014-06-07,0105,Terra,MODIS,74,6.2,297.5,50.2,D,0
-15.2251,130.0081,309.6,3.4,1.7,2014-06-07,0105,Terra,MODIS,34,6.2,295.8,23.6,D,0
-14.5322,129.5352,319.4,3.8,1.8,2014-06-07,0105,Terra,MODIS,0,6.2,294.9,71.1,D,0
-15.3798,130.0003,313.9,3.4,1.7,2014-06-07,0105,Terra,MODIS,50,6.2,296.4,45.4,D,0
-14.5262,129.5441,313.9,3.8,1.8,2014-06-07,0105,Terra,MODIS,50,6.2,295,50.3,D,0
-14.9893,129.8768,313.2,3.5,1.8,2014-06-07,0105,Terra,MODIS,65,6.2,296.5,41.1,D,0
-14.9831,129.8434,312.2,3.5,1.8,2014-06-07,0105,Terra,MODIS,63,6.2,295.8,38,D,0
-15.1846,130.519,320.7,3.1,1.7,2014-06-07,0105,Terra,MODIS,76,6.2,297.5,63.3,D,0
-15.3099,129.885,318.9,3.4,1.7,2014-06-07,0105,Terra,MODIS,0,6.2,295.1,65.1,D,0
-15.3897,129.9907,311.1,3.4,1.7,2014-06-07,0105,Terra,MODIS,45,6.2,295.6,32.9,D,0
-15.111,129.8064,312.6,3.5,1.8,2014-06-07,0105,Terra,MODIS,60,6.2,295.5,41.5,D,0
-15.2191,129.9771,312,3.4,1.7,2014-06-07,0105,Terra,MODIS,59,6.2,295.1,34.5,D,0
-21.1641,127.7036,335.9,3.7,1.8,2014-06-07,0106,Terra,MODIS,89,6.2,292.1,232.9,D,0
-21.1565,127.6683,356.2,3.7,1.8,2014-06-07,0106,Terra,MODIS,98,6.2,292.8,501.6,D,0
-21.1579,127.7126,347.1,3.7,1.8,2014-06-07,0106,Terra,MODIS,95,6.2,293.4,361.8,D,0
-21.1505,127.6773,375.1,3.7,1.8,2014-06-07,0106,Terra,MODIS,100,6.2,296,890.9,D,0
-20.7704,127.8667,303.6,3.7,1.8,2014-06-07,0106,Terra,MODIS,27,6.2,291.4,19.6,D,0
-18.6481,127.2578,308.3,4.5,2,2014-06-07,0106,Terra,MODIS,62,6.2,294,49.1,D,0
-18.6565,127.2109,309.2,4.6,2,2014-06-07,0106,Terra,MODIS,64,6.2,293.6,53.3,D,0
-18.6552,127.2033,308.3,4.6,2,2014-06-07,0106,Terra,MODIS,17,6.2,293.7,45.3,D,0
-16.9908,122.5204,318.1,3.1,1.7,2014-06-07,0243,Terra,MODIS,45,6.2,301.5,48.2,D,0
-16.476,125.167,318.7,4.8,2,2014-06-07,0243,Terra,MODIS,70,6.2,300.6,96.6,D,0
-16.474,125.1603,319.3,4.8,2,2014-06-07,0243,Terra,MODIS,70,6.2,300.6,94.1,D,0
-17.1048,123.1785,312.5,3.4,1.7,2014-06-07,0243,Terra,MODIS,55,6.2,299.5,35,D,0
-17.0988,123.1734,313.2,3.4,1.7,2014-06-07,0243,Terra,MODIS,57,6.2,299.9,37.9,D,0
-17.0743,122.9198,320.8,3.3,1.7,2014-06-07,0243,Terra,MODIS,32,6.2,301.8,57.6,D,0
-16.4946,124.9856,312.7,4.6,2,2014-06-07,0243,Terra,MODIS,55,6.2,299.5,57.7,D,0
-17.0971,122.9542,322.2,3.3,1.7,2014-06-07,0243,Terra,MODIS,69,6.2,301.3,71.6,D,0
-16.4938,124.9791,313.6,4.6,2,2014-06-07,0243,Terra,MODIS,59,6.2,299.2,65.3,D,0
-17.0783,122.925,317.8,3.3,1.7,2014-06-07,0243,Terra,MODIS,21,6.2,301.7,45.6,D,0
-16.9893,122.5139,315.1,3.1,1.7,2014-06-07,0243,Terra,MODIS,55,6.2,301.7,38.9,D,0
-18.6624,121.7949,319,2.8,1.6,2014-06-07,0244,Terra,MODIS,54,6.2,301.1,44.1,D,0
-18.6652,121.8217,324.6,2.9,1.6,2014-06-07,0244,Terra,MODIS,73,6.2,302.7,70.9,D,0
-20.4135,118.9375,317.2,1.8,1.3,2014-06-07,0244,Terra,MODIS,65,6.2,303.1,17.3,D,0
-20.5125,119.4868,333.3,2,1.4,2014-06-07,0244,Terra,MODIS,85,6.2,302.6,72,D,0
-20.525,119.4853,325.2,2,1.4,2014-06-07,0244,Terra,MODIS,78,6.2,302,43.5,D,0
-20.5272,119.5047,330.8,2,1.4,2014-06-07,0244,Terra,MODIS,83,6.2,303.4,63.5,D,0
-20.5294,119.5241,317.5,2,1.4,2014-06-07,0244,Terra,MODIS,67,6.2,303.7,22.5,D,0
-20.542,119.5227,332,2,1.4,2014-06-07,0244,Terra,MODIS,84,6.2,302.8,66.2,D,0
-20.5442,119.5422,325.7,2,1.4,2014-06-07,0244,Terra,MODIS,78,6.2,303.5,44,D,0
-20.5306,119.5184,319.8,2,1.4,2014-06-07,0244,Terra,MODIS,60,6.2,303.8,25.7,D,0
-20.5432,119.5169,326.6,2,1.4,2014-06-07,0244,Terra,MODIS,79,6.2,301.9,44.3,D,0
-20.5453,119.5364,327,2,1.4,2014-06-07,0244,Terra,MODIS,80,6.2,303.3,46.8,D,0
-20.5027,118.9206,327.1,1.8,1.3,2014-06-07,0244,Terra,MODIS,79,6.2,303.5,41.5,D,0
-20.5047,118.9383,326.4,1.8,1.3,2014-06-07,0244,Terra,MODIS,79,6.2,303.4,40,D,0
-22.2816,122.826,309.2,3.8,1.8,2014-06-07,0245,Terra,MODIS,54,6.2,296,32.3,D,0
-22.2751,122.8317,309.5,3.8,1.8,2014-06-07,0245,Terra,MODIS,54,6.2,296.4,36.1,D,0
-22.4441,122.6155,321.1,3.7,1.8,2014-06-07,0245,Terra,MODIS,76,6.2,296.8,90.5,D,0
-22.4366,122.6215,323.6,3.7,1.8,2014-06-07,0245,Terra,MODIS,79,6.2,296.9,112.6,D,0
-33.727,121.3624,331.2,3.9,1.8,2014-06-07,0248,Terra,MODIS,84,6.2,287.8,217.1,D,0
-33.7228,121.3692,341.4,3.9,1.8,2014-06-07,0248,Terra,MODIS,87,6.2,288.7,330,D,0
-33.7291,121.4054,330.6,3.9,1.8,2014-06-07,0248,Terra,MODIS,83,6.2,288.4,213.5,D,0
-33.7252,121.4122,328.8,3.9,1.8,2014-06-07,0248,Terra,MODIS,81,6.2,288.3,199.6,D,0
-34.4631,150.8795,308,1.1,1,2014-06-07,0347,Aqua,MODIS,58,6.2,292.9,7.8,D,2
-35.1616,149.7361,301.6,1.2,1.1,2014-06-07,0347,Aqua,MODIS,48,6.2,285.8,7.7,D,0
-34.9633,147.2421,300.9,1.6,1.2,2014-06-07,0347,Aqua,MODIS,42,6.2,286,10.2,D,0
-29.1916,148.9142,311.9,1.1,1.1,2014-06-07,0348,Aqua,MODIS,64,6.2,297.2,8,D,0
-29.193,148.9026,331.5,1.1,1.1,2014-06-07,0348,Aqua,MODIS,86,6.2,299.1,31.8,D,0
-29.9343,150.6083,305.8,1,1,2014-06-07,0348,Aqua,MODIS,59,6.2,291.2,5.9,D,0
-31.22,147.0895,323.1,1.5,1.2,2014-06-07,0348,Aqua,MODIS,82,6.2,292.2,35.3,D,0
-31.2183,147.105,316.7,1.5,1.2,2014-06-07,0348,Aqua,MODIS,77,6.2,291.4,24,D,0
-30.0033,149.0785,308.2,1.1,1.1,2014-06-07,0348,Aqua,MODIS,60,6.2,293.9,7,D,0
-30.4609,148.8124,306.3,1.2,1.1,2014-06-07,0348,Aqua,MODIS,27,6.2,293.8,6.5,D,0
-31.2116,147.0948,304,1.5,1.2,2014-06-07,0348,Aqua,MODIS,58,6.2,291.1,8.3,D,0
-31.2225,147.0963,329.1,1.5,1.2,2014-06-07,0348,Aqua,MODIS,86,6.2,292.1,47.1,D,0
-29.9357,150.5976,304.7,1,1,2014-06-07,0348,Aqua,MODIS,48,6.2,291.9,4.8,D,0
-30.4706,148.814,312.7,1.2,1.1,2014-06-07,0348,Aqua,MODIS,70,6.2,293.4,12.7,D,0
-28.5553,149.4743,338,1.1,1,2014-06-07,0349,Aqua,MODIS,90,6.2,300.9,38.7,D,0
-28.5539,149.4852,329.6,1.1,1,2014-06-07,0349,Aqua,MODIS,85,6.2,299,25.6,D,0
-28.6209,149.3133,313,1.1,1,2014-06-07,0349,Aqua,MODIS,68,6.2,296.2,9.1,D,0
-28.6195,149.3243,309.5,1.1,1,2014-06-07,0349,Aqua,MODIS,62,6.2,296.8,6.2,D,0
-28.6554,149.3416,313,1.1,1,2014-06-07,0349,Aqua,MODIS,69,6.2,297.8,8.6,D,0
-28.654,149.3526,307.8,1.1,1,2014-06-07,0349,Aqua,MODIS,57,6.2,297.2,4.3,D,0
-25.6507,152.2322,308.7,1.1,1,2014-06-07,0349,Aqua,MODIS,67,6.2,292.6,6.8,D,0
-26.7955,150.2024,318.3,1,1,2014-06-07,0349,Aqua,MODIS,74,6.2,293.9,14.4,D,0
-26.5099,152.6944,305.2,1.1,1,2014-06-07,0349,Aqua,MODIS,59,6.2,294.2,5.6,D,0
-28.8109,150.0248,343.7,1,1,2014-06-07,0349,Aqua,MODIS,88,6.2,295,48.3,D,0
-33.7337,122.3327,313.1,1.6,1.2,2014-06-07,0526,Aqua,MODIS,73,6.2,286.4,24,D,0
-33.7357,122.3278,308.1,1.6,1.2,2014-06-07,0526,Aqua,MODIS,67,6.2,286.7,15.5,D,0
-33.5855,122.676,320.4,1.5,1.2,2014-06-07,0526,Aqua,MODIS,80,6.2,292.1,31.8,D,0
-33.5838,122.6923,308.7,1.5,1.2,2014-06-07,0526,Aqua,MODIS,67,6.2,291,14,D,0
-22.2752,122.813,332.3,1.1,1,2014-06-07,0529,Aqua,MODIS,83,6.2,305.2,27.8,D,0
-22.0678,123.1451,333.4,1.1,1,2014-06-07,0529,Aqua,MODIS,84,6.2,305.3,26.5,D,0
-22.0572,123.154,352.2,1.1,1,2014-06-07,0529,Aqua,MODIS,96,6.2,308.2,63.6,D,0
-22.2846,122.8144,319.9,1.1,1,2014-06-07,0529,Aqua,MODIS,68,6.2,303.2,11,D,0
-22.8351,117.5577,336.3,2.4,1.5,2014-06-07,0529,Aqua,MODIS,87,6.2,303.3,109.2,D,0
-22.8214,117.5562,323.9,2.4,1.5,2014-06-07,0529,Aqua,MODIS,77,6.2,301.7,55.1,D,0
-22.0585,123.1436,370.1,1.1,1,2014-06-07,0529,Aqua,MODIS,100,6.2,310.2,118.5,D,0
-22.8486,117.5593,319.2,2.4,1.5,2014-06-07,0529,Aqua,MODIS,52,6.2,302.7,36.1,D,0
-22.8374,117.5338,329.4,2.4,1.5,2014-06-07,0529,Aqua,MODIS,82,6.2,303.1,73,D,0
-22.0665,123.1554,352.1,1.1,1,2014-06-07,0529,Aqua,MODIS,96,6.2,307.4,63.4,D,0
-22.2738,122.8237,321.6,1.1,1,2014-06-07,0529,Aqua,MODIS,71,6.2,306,13.1,D,0
-21.112,127.5583,331.3,1.2,1.1,2014-06-07,0529,Aqua,MODIS,82,6.2,301.4,28.8,D,0
-21.1199,127.5717,409.4,1.2,1.1,2014-06-07,0529,Aqua,MODIS,100,6.2,320.3,401.5,D,0
-21.1295,127.5791,388.7,1.2,1.1,2014-06-07,0529,Aqua,MODIS,100,6.2,311.7,239.4,D,0
-21.1234,127.5543,315.7,1.2,1.1,2014-06-07,0529,Aqua,MODIS,52,6.2,299.5,8.9,D,0
-21.1313,127.5676,357.4,1.2,1.1,2014-06-07,0529,Aqua,MODIS,98,6.2,304.6,92.1,D,0
-22.4339,122.588,316.9,1.1,1.1,2014-06-07,0529,Aqua,MODIS,61,6.2,304.8,7.1,D,0
-21.1355,127.604,347.6,1.2,1.1,2014-06-07,0529,Aqua,MODIS,94,6.2,306.5,59.9,D,0
-20.7073,127.8397,438.2,1.3,1.1,2014-06-07,0529,Aqua,MODIS,100,6.2,322.9,789,D,0
-21.1598,127.7044,314.4,1.2,1.1,2014-06-07,0529,Aqua,MODIS,35,6.2,303.5,5.7,D,0
-21.1337,127.6155,347.1,1.2,1.1,2014-06-07,0529,Aqua,MODIS,93,6.2,306.8,59.3,D,0
-20.7531,127.8112,327.9,1.3,1.1,2014-06-07,0529,Aqua,MODIS,79,6.2,304.3,24.6,D,0
-20.7592,127.8371,340.8,1.3,1.1,2014-06-07,0529,Aqua,MODIS,89,6.2,306.1,50.7,D,0
-21.1556,127.6675,318.6,1.2,1.1,2014-06-07,0529,Aqua,MODIS,53,6.2,304.4,9.5,D,0
-20.6994,127.8326,343.1,1.3,1.1,2014-06-07,0529,Aqua,MODIS,91,6.2,304.8,56.5,D,0
-20.7512,127.8232,378.5,1.3,1.1,2014-06-07,0529,Aqua,MODIS,100,6.2,309,195,D,0
-20.7612,127.8251,334.5,1.3,1.1,2014-06-07,0529,Aqua,MODIS,85,6.2,305.4,37,D,0
-21.1181,127.5832,337.4,1.2,1.1,2014-06-07,0529,Aqua,MODIS,87,6.2,305.5,38.1,D,0
-21.1216,127.5658,432.2,1.2,1.1,2014-06-07,0529,Aqua,MODIS,100,6.2,321,655.9,D,0
-21.1374,127.5924,359.1,1.2,1.1,2014-06-07,0529,Aqua,MODIS,99,6.2,306.3,95.8,D,0
-21.1102,127.5698,334.1,1.2,1.1,2014-06-07,0529,Aqua,MODIS,85,6.2,303.8,33.4,D,0
-22.571,130.2194,310.2,1.7,1.3,2014-06-07,0529,Aqua,MODIS,42,6.2,299.7,9.3,D,0
-21.1218,127.5602,377.1,1.2,1.1,2014-06-07,0529,Aqua,MODIS,100,6.2,309.7,174.9,D,0
-20.7492,127.8352,317.6,1.3,1.1,2014-06-07,0529,Aqua,MODIS,49,6.2,303.3,8.6,D,0
-20.7094,127.8345,374.9,1.3,1.1,2014-06-07,0529,Aqua,MODIS,100,6.2,309.3,174.5,D,0
-21.1276,127.5906,366.8,1.2,1.1,2014-06-07,0529,Aqua,MODIS,100,6.2,308.4,123.9,D,0
-21.1257,127.6021,370.9,1.2,1.1,2014-06-07,0529,Aqua,MODIS,100,6.2,310.8,142.5,D,0
-21.1393,127.5809,333.2,1.2,1.1,2014-06-07,0529,Aqua,MODIS,84,6.2,302.9,30.2,D,0
-22.8923,129.8424,312.6,1.5,1.2,2014-06-07,0529,Aqua,MODIS,59,6.2,301.9,10.3,D,0
-22.5597,130.217,314.9,1.7,1.3,2014-06-07,0529,Aqua,MODIS,65,6.2,300,17.1,D,0
-21.1197,127.5773,391.8,1.2,1.1,2014-06-07,0529,Aqua,MODIS,100,6.2,312.7,261.3,D,0
-22.8064,127.9116,319.9,1.2,1.1,2014-06-07,0529,Aqua,MODIS,70,6.2,303.9,13.8,D,0
-20.7233,127.8676,329.9,1.3,1.1,2014-06-07,0529,Aqua,MODIS,81,6.2,305.9,27.3,D,0
-20.7133,127.8658,338.5,1.3,1.1,2014-06-07,0529,Aqua,MODIS,88,6.2,306.8,42.6,D,0
-20.7153,127.8537,348.9,1.3,1.1,2014-06-07,0529,Aqua,MODIS,94,6.2,305.2,69.4,D,0
-20.7032,127.8639,338.8,1.3,1.1,2014-06-07,0529,Aqua,MODIS,88,6.2,304.9,41.4,D,0
-20.7053,127.8518,421.8,1.3,1.1,2014-06-07,0529,Aqua,MODIS,100,6.2,318.7,563.3,D,0
-20.7055,127.8587,366.4,1.3,1.1,2014-06-07,0529,Aqua,MODIS,100,6.2,309.1,133.6,D,0
-20.7075,127.8466,419.5,1.3,1.1,2014-06-07,0529,Aqua,MODIS,100,6.2,322.7,537.9,D,0
-20.6897,127.8931,394.6,1.3,1.1,2014-06-07,0529,Aqua,MODIS,100,6.2,309.8,303.6,D,0
-20.6916,127.881,381.8,1.3,1.1,2014-06-07,0529,Aqua,MODIS,100,6.2,310.2,215.5,D,0
-20.6975,127.8447,351.4,1.3,1.1,2014-06-07,0529,Aqua,MODIS,96,6.2,307,79.4,D,0
-18.6746,121.8297,323.4,1.1,1.1,2014-06-07,0530,Aqua,MODIS,54,6.2,306.6,11,D,0
-18.676,121.819,321.7,1.1,1.1,2014-06-07,0530,Aqua,MODIS,30,6.2,307,8.6,D,0
-18.6774,121.8083,324,1.1,1.1,2014-06-07,0530,Aqua,MODIS,20,6.2,306.6,11,D,0
-18.6788,121.7976,329.6,1.1,1.1,2014-06-07,0530,Aqua,MODIS,68,6.2,306.3,18.9,D,0
-20.4081,118.9379,318.2,1.8,1.3,2014-06-07,0530,Aqua,MODIS,53,6.2,306.7,12.5,D,0
-21.5479,118.4918,321.9,2,1.4,2014-06-07,0530,Aqua,MODIS,72,6.2,305.1,30.3,D,0
-18.015,123.9006,319.2,1,1,2014-06-07,0530,Aqua,MODIS,57,6.2,307.7,7.1,D,0
-20.5553,119.547,333.4,1.6,1.3,2014-06-07,0530,Aqua,MODIS,83,6.2,307.9,43.1,D,0
-20.5572,119.5314,361,1.6,1.3,2014-06-07,0530,Aqua,MODIS,100,6.2,309.3,157.1,D,0
-20.5459,119.53,324.3,1.6,1.3,2014-06-07,0530,Aqua,MODIS,73,6.2,309.3,21.4,D,0
-20.5477,119.5144,330.8,1.6,1.3,2014-06-07,0530,Aqua,MODIS,80,6.2,308,36.2,D,0
-20.5382,119.4972,331.5,1.6,1.3,2014-06-07,0530,Aqua,MODIS,81,6.2,308.6,39.3,D,0
-20.54,119.4815,321.2,1.6,1.3,2014-06-07,0530,Aqua,MODIS,39,6.2,306.1,15.7,D,0
-20.2092,119.5768,356.5,1.6,1.2,2014-06-07,0530,Aqua,MODIS,98,6.2,309.2,134.6,D,0
-20.211,119.5615,335.3,1.6,1.2,2014-06-07,0530,Aqua,MODIS,84,6.2,306.6,53,D,0
-20.2085,119.587,321.2,1.6,1.2,2014-06-07,0530,Aqua,MODIS,65,6.2,306.2,18.5,D,0
-20.2104,119.5718,352.2,1.6,1.2,2014-06-07,0530,Aqua,MODIS,96,6.2,309.7,115,D,0
-18.6645,127.2305,316.9,1.2,1.1,2014-06-07,0530,Aqua,MODIS,20,6.2,304.9,7.1,D,0
-18.6564,127.217,326.9,1.2,1.1,2014-06-07,0530,Aqua,MODIS,67,6.2,306.5,19.9,D,0
-18.6583,127.2053,330.9,1.2,1.1,2014-06-07,0530,Aqua,MODIS,81,6.2,305.8,27.3,D,0
-18.6601,127.1936,339.5,1.2,1.1,2014-06-07,0530,Aqua,MODIS,88,6.2,305.6,45.6,D,0
-18.6427,127.2387,319.8,1.3,1.1,2014-06-07,0530,Aqua,MODIS,53,6.2,305.9,10.5,D,0
-18.6502,127.1918,317.9,1.2,1.1,2014-06-07,0530,Aqua,MODIS,60,6.2,305.5,9,D,0
-18.662,127.182,329.3,1.2,1.1,2014-06-07,0530,Aqua,MODIS,80,6.2,305.7,25.8,D,0
-20.5105,118.9388,320.8,1.8,1.3,2014-06-07,0530,Aqua,MODIS,44,6.2,307,17.4,D,0
-20.5125,118.9216,327.4,1.8,1.3,2014-06-07,0530,Aqua,MODIS,77,6.2,308.1,35.2,D,0
-20.5144,118.9044,320.6,1.8,1.3,2014-06-07,0530,Aqua,MODIS,52,6.2,307.1,18.8,D,0
-17.0613,126.2303,329.3,1.2,1.1,2014-06-07,0530,Aqua,MODIS,47,6.2,309.2,16.9,D,0
-17.3631,125.5238,367.5,1.1,1,2014-06-07,0530,Aqua,MODIS,100,6.2,311.1,109.4,D,0
-17.1365,126.2711,321.8,1.2,1.1,2014-06-07,0530,Aqua,MODIS,45,6.2,308.5,8.7,D,0
-17.0709,126.232,327.3,1.2,1.1,2014-06-07,0530,Aqua,MODIS,69,6.2,310,14.2,D,0
-17.1415,126.2386,322.7,1.2,1.1,2014-06-07,0530,Aqua,MODIS,49,6.2,307.6,11,D,0
-20.4767,123.9141,317.9,1,1,2014-06-07,0530,Aqua,MODIS,45,6.2,306.8,5.4,D,0
-19.7766,127.393,317,1.2,1.1,2014-06-07,0530,Aqua,MODIS,55,6.2,304,8.2,D,0
-17.0692,126.2428,329.9,1.2,1.1,2014-06-07,0530,Aqua,MODIS,76,6.2,310.3,18.6,D,0
-17.3616,125.5339,327.8,1.1,1,2014-06-07,0530,Aqua,MODIS,76,6.2,307.1,17.9,D,0
-17.9265,123.881,324.1,1,1,2014-06-07,0530,Aqua,MODIS,70,6.2,309.4,10.4,D,0
-17.9278,123.8716,319.3,1,1,2014-06-07,0530,Aqua,MODIS,48,6.2,308.3,5.7,D,0
-14.2589,129.617,336.9,2.2,1.4,2014-06-07,0531,Aqua,MODIS,87,6.2,301.5,96.7,D,0
-14.224,129.5903,317.7,2.2,1.4,2014-06-07,0531,Aqua,MODIS,44,6.2,299.5,22.3,D,0
-14.3299,126.7458,321.1,1.4,1.2,2014-06-07,0531,Aqua,MODIS,39,6.2,304.4,13.8,D,0
-13.8307,129.9608,322.2,2.3,1.5,2014-06-07,0531,Aqua,MODIS,64,6.2,298.5,38.8,D,0
-13.9089,129.8222,314.6,2.3,1.5,2014-06-07,0531,Aqua,MODIS,36,6.2,297.4,21.3,D,0
-14.2459,129.8452,327.9,2.3,1.5,2014-06-07,0531,Aqua,MODIS,77,6.2,300.1,62.3,D,0
-13.6858,130.1763,319.4,2.5,1.5,2014-06-07,0531,Aqua,MODIS,47,6.2,299.4,34,D,0
-14.2495,129.8243,334.8,2.3,1.5,2014-06-07,0531,Aqua,MODIS,86,6.2,300.2,91.7,D,0
-14.2365,129.8221,322.4,2.3,1.5,2014-06-07,0531,Aqua,MODIS,73,6.2,298.7,47.7,D,0
-14.5175,126.7912,327.5,1.4,1.2,2014-06-07,0531,Aqua,MODIS,55,6.2,302.9,24.7,D,0
-14.4217,130.1786,316.9,2.4,1.5,2014-06-07,0531,Aqua,MODIS,49,6.2,300.8,25,D,0
-17.0542,122.499,325.8,1,1,2014-06-07,0531,Aqua,MODIS,39,6.2,308.3,11.8,D,0
-14.4098,126.4298,323,1.3,1.1,2014-06-07,0531,Aqua,MODIS,66,6.2,303.4,16.3,D,0
-14.2913,130.1869,317,2.4,1.5,2014-06-07,0531,Aqua,MODIS,44,6.2,300.6,16.9,D,0
-14.2818,130.1624,316.1,2.4,1.5,2014-06-07,0531,Aqua,MODIS,36,6.2,300.2,16.4,D,0
-14.2491,130.2702,319.4,2.4,1.5,2014-06-07,0531,Aqua,MODIS,68,6.2,299,31.4,D,0
-14.2401,129.8017,313.1,2.2,1.5,2014-06-07,0531,Aqua,MODIS,32,6.2,297.7,18.1,D,0
-14.3093,126.7423,329,1.4,1.2,2014-06-07,0531,Aqua,MODIS,51,6.2,304.9,26,D,0
-14.297,126.7532,325.6,1.4,1.2,2014-06-07,0531,Aqua,MODIS,42,6.2,304.3,20.4,D,0
-14.3555,126.6497,322.1,1.3,1.1,2014-06-07,0531,Aqua,MODIS,30,6.2,304.3,14.6,D,0
-14.3239,130.2384,318.8,2.4,1.5,2014-06-07,0531,Aqua,MODIS,59,6.2,300.4,23.2,D,0
-16.506,123.6547,323.6,1,1,2014-06-07,0531,Aqua,MODIS,53,6.2,309.8,11.6,D,0
-14.1098,129.7226,320.6,2.2,1.4,2014-06-07,0531,Aqua,MODIS,70,6.2,298.5,40.4,D,0
-14.0969,129.72,315.7,2.2,1.4,2014-06-07,0531,Aqua,MODIS,59,6.2,297.8,25.5,D,0
-14.2827,126.7764,320,1.4,1.2,2014-06-07,0531,Aqua,MODIS,51,6.2,304.1,13.7,D,0
-13.7037,129.9972,327,2.4,1.5,2014-06-07,0531,Aqua,MODIS,54,6.2,298.9,56.6,D,0
-13.6904,129.9946,325.1,2.4,1.5,2014-06-07,0531,Aqua,MODIS,37,6.2,297.8,48.6,D,0
-16.493,123.6813,321,1,1,2014-06-07,0531,Aqua,MODIS,47,6.2,306.3,9.4,D,0
-17.0637,122.8888,328.2,1,1,2014-06-07,0531,Aqua,MODIS,78,6.2,309.4,17.1,D,0
-16.4591,124.4782,320,1,1,2014-06-07,0531,Aqua,MODIS,40,6.2,305.8,7.8,D,0
-14.2814,130.0087,314.6,2.3,1.5,2014-06-07,0531,Aqua,MODIS,38,6.2,299.9,15.8,D,0
-14.2731,130.0022,316.4,2.3,1.5,2014-06-07,0531,Aqua,MODIS,53,6.2,299.1,21.6,D,0
-16.4605,124.4687,322,1,1,2014-06-07,0531,Aqua,MODIS,63,6.2,306.8,10.1,D,0
-14.1066,129.7272,324,2.2,1.4,2014-06-07,0531,Aqua,MODIS,75,6.2,298.5,49.3,D,0
-17.065,122.8793,317.5,1,1,2014-06-07,0531,Aqua,MODIS,44,6.2,305.7,5.7,D,0
-13.6296,130.1377,320.3,2.4,1.5,2014-06-07,0531,Aqua,MODIS,30,6.2,298.3,38.1,D,0
-13.6161,130.1351,337.2,2.4,1.5,2014-06-07,0531,Aqua,MODIS,88,6.2,297.7,118.1,D,0
-16.4982,124.9638,333.2,1,1,2014-06-07,0531,Aqua,MODIS,83,6.2,308.2,23.4,D,0
-14.4021,130.2886,314.4,2.4,1.5,2014-06-07,0531,Aqua,MODIS,50,6.2,299.8,20.8,D,0
-16.9953,122.5198,325.6,1,1,2014-06-07,0531,Aqua,MODIS,71,6.2,308.6,14,D,0
-16.4619,122.9285,320.5,1,1,2014-06-07,0531,Aqua,MODIS,73,6.2,304.4,10.8,D,0
-16.4632,122.9191,314.2,1,1,2014-06-07,0531,Aqua,MODIS,53,6.2,304.1,5.2,D,0
-16.4647,124.4404,323.2,1,1,2014-06-07,0531,Aqua,MODIS,64,6.2,305.9,11.1,D,0
-16.5201,125.1746,318.8,1.1,1,2014-06-07,0531,Aqua,MODIS,46,6.2,306.8,6.2,D,0
-16.4661,124.431,324,1,1,2014-06-07,0531,Aqua,MODIS,68,6.2,307.1,12.5,D,0
-16.4675,124.4215,340.4,1,1,2014-06-07,0531,Aqua,MODIS,67,6.2,306.2,34.2,D,0
-15.8375,127.4878,331.6,1.4,1.2,2014-06-07,0531,Aqua,MODIS,81,6.2,307,32.7,D,0
-15.8353,127.5011,329.7,1.4,1.2,2014-06-07,0531,Aqua,MODIS,80,6.2,306.2,29.7,D,0
-16.4531,128.3673,318.6,1.6,1.2,2014-06-07,0531,Aqua,MODIS,62,6.2,305.4,14.4,D,0
-14.3573,130.1843,320,2.4,1.5,2014-06-07,0531,Aqua,MODIS,45,6.2,301.1,26.3,D,0
-16.4505,128.3827,319,1.6,1.2,2014-06-07,0531,Aqua,MODIS,63,6.2,304.6,15.1,D,0
-16.4595,125.1588,334.2,1.1,1,2014-06-07,0531,Aqua,MODIS,81,6.2,307.9,24.6,D,0
-17.1114,122.9447,328.4,1,1,2014-06-07,0531,Aqua,MODIS,16,6.2,309,14,D,0
-17.1037,122.9338,328.9,1,1,2014-06-07,0531,Aqua,MODIS,37,6.2,309.2,14.9,D,0
-14.3166,126.432,324.3,1.3,1.1,2014-06-07,0531,Aqua,MODIS,67,6.2,303.1,19.2,D,0
-15.7708,127.4701,319.5,1.4,1.2,2014-06-07,0531,Aqua,MODIS,25,6.2,306.2,10.4,D,0
-14.3939,129.8217,329.4,2.2,1.4,2014-06-07,0531,Aqua,MODIS,81,6.2,301.1,65.5,D,0
-14.381,129.8193,317,2.2,1.4,2014-06-07,0531,Aqua,MODIS,61,6.2,300.7,23.8,D,0
-14.3957,129.8144,317.7,2.2,1.4,2014-06-07,0531,Aqua,MODIS,35,6.2,300.9,23.5,D,0
-14.3827,129.8119,322.4,2.2,1.4,2014-06-07,0531,Aqua,MODIS,73,6.2,300.4,39,D,0
-15.7793,127.4851,322.8,1.4,1.2,2014-06-07,0531,Aqua,MODIS,60,6.2,305.3,15.6,D,0
-14.4947,126.2166,329,1.2,1.1,2014-06-07,0531,Aqua,MODIS,79,6.2,306.7,23.8,D,0
-14.4965,126.2051,334.8,1.2,1.1,2014-06-07,0531,Aqua,MODIS,84,6.2,305.8,34.5,D,0
-14.2989,129.77,320.3,2.2,1.4,2014-06-07,0531,Aqua,MODIS,69,6.2,299.1,36.7,D,0
-14.3119,129.7724,333,2.2,1.4,2014-06-07,0531,Aqua,MODIS,84,6.2,300.5,79.6,D,0
-14.2993,129.7542,319.1,2.2,1.4,2014-06-07,0531,Aqua,MODIS,66,6.2,298.4,32.5,D,0
-14.3122,129.7565,325.9,2.2,1.4,2014-06-07,0531,Aqua,MODIS,75,6.2,300,51.5,D,0
-17.0413,122.3876,330.3,1,1,2014-06-07,0531,Aqua,MODIS,70,6.2,303.4,21.7,D,0
-17.04,122.3974,357.4,1,1,2014-06-07,0531,Aqua,MODIS,86,6.2,307,75.5,D,0
-14.3087,129.7768,336.7,2.2,1.4,2014-06-07,0531,Aqua,MODIS,87,6.2,300.1,97.8,D,0
-16.4687,125.1603,342.7,1.1,1,2014-06-07,0531,Aqua,MODIS,90,6.2,308.8,39.2,D,0
-16.4672,125.1703,324.8,1.1,1,2014-06-07,0531,Aqua,MODIS,48,6.2,306.4,11.7,D,0
-14.6811,126.6542,327.5,1.3,1.1,2014-06-07,0531,Aqua,MODIS,77,6.2,305,24.3,D,0
-14.6913,126.6556,319.1,1.3,1.1,2014-06-07,0531,Aqua,MODIS,29,6.2,306.4,10.9,D,0
-14.2284,129.4823,316.7,2.1,1.4,2014-06-07,0531,Aqua,MODIS,47,6.2,299.9,22.5,D,0
-13.0493,130.5495,319.6,2.7,1.6,2014-06-07,0531,Aqua,MODIS,64,6.2,298.6,27.8,D,0
-13.0519,130.555,321.8,2.7,1.6,2014-06-07,0531,Aqua,MODIS,73,6.2,298.5,36.5,D,0
-14.3895,130.0785,337,2.3,1.5,2014-06-07,0531,Aqua,MODIS,87,6.2,300.6,103.7,D,0
-14.4538,129.707,318.6,2.2,1.4,2014-06-07,0531,Aqua,MODIS,66,6.2,301.6,26.9,D,0
-14.3792,129.8325,315.8,2.2,1.5,2014-06-07,0531,Aqua,MODIS,23,6.2,301,17.4,D,0
-15.2942,126.0136,333.6,1.2,1.1,2014-06-07,0531,Aqua,MODIS,83,6.2,307.4,30.4,D,0
-15.2925,126.0246,325.4,1.2,1.1,2014-06-07,0531,Aqua,MODIS,74,6.2,306.1,17.1,D,0
-14.2048,129.6205,315.5,2.2,1.4,2014-06-07,0531,Aqua,MODIS,39,6.2,299.4,20.3,D,0
-14.2623,129.5972,329.8,2.2,1.4,2014-06-07,0531,Aqua,MODIS,81,6.2,301,64.1,D,0
-14.4079,126.4418,324.3,1.3,1.1,2014-06-07,0531,Aqua,MODIS,73,6.2,304.5,18.4,D,0
-16.5073,123.6454,320.8,1,1,2014-06-07,0531,Aqua,MODIS,28,6.2,307.3,9.8,D,0
-14.3358,129.6978,316.1,2.2,1.4,2014-06-07,0531,Aqua,MODIS,59,6.2,299,24.7,D,0
-14.4122,130.1048,331.8,2.3,1.5,2014-06-07,0531,Aqua,MODIS,82,6.2,300.8,77.4,D,0
-14.4068,130.1089,336.2,2.3,1.5,2014-06-07,0531,Aqua,MODIS,87,6.2,301.9,97.6,D,0
-14.399,130.1024,319.9,2.3,1.5,2014-06-07,0531,Aqua,MODIS,26,6.2,301.9,29.7,D,0
-13.7587,129.9183,314.8,2.3,1.5,2014-06-07,0531,Aqua,MODIS,32,6.2,297.7,23.4,D,0
-16.994,122.5295,321.3,1,1,2014-06-07,0531,Aqua,MODIS,55,6.2,307.2,9.8,D,0
-14.3024,129.7497,316.8,2.2,1.4,2014-06-07,0531,Aqua,MODIS,62,6.2,298.7,27.8,D,0
-15.1857,129.8779,318.7,2.2,1.4,2014-06-07,0531,Aqua,MODIS,41,6.2,302.4,22.1,D,0
-13.7297,131.3027,315.1,3,1.6,2014-06-07,0531,Aqua,MODIS,25,6.2,296.7,24.1,D,0
-13.6964,129.9906,330.7,2.4,1.5,2014-06-07,0531,Aqua,MODIS,72,6.2,298.5,73.3,D,0
-13.8459,130.0306,328.1,2.4,1.5,2014-06-07,0531,Aqua,MODIS,80,6.2,298.6,66.9,D,0
-16.5925,127.002,333.8,1.3,1.1,2014-06-07,0531,Aqua,MODIS,83,6.2,307.8,30.4,D,0
-13.647,129.9591,324.1,2.4,1.5,2014-06-07,0531,Aqua,MODIS,70,6.2,297,53.4,D,0
-16.5945,126.9898,320.5,1.3,1.1,2014-06-07,0531,Aqua,MODIS,42,6.2,305.9,8.1,D,0
-15.3148,130.2054,318.2,2.3,1.5,2014-06-07,0531,Aqua,MODIS,34,6.2,301.2,26,D,0
-15.2816,126.4156,343.7,1.3,1.1,2014-06-07,0531,Aqua,MODIS,91,6.2,305.4,54.5,D,0
-15.187,129.9563,348.9,2.2,1.4,2014-06-07,0531,Aqua,MODIS,94,6.2,304.3,156.7,D,0
-15.3007,126.5577,321.1,1.3,1.1,2014-06-07,0531,Aqua,MODIS,15,6.2,303.3,13.3,D,0
-15.2698,126.4255,325.1,1.3,1.1,2014-06-07,0531,Aqua,MODIS,57,6.2,303,16.4,D,0
-14.341,127.4885,319.6,1.5,1.2,2014-06-07,0531,Aqua,MODIS,61,6.2,302.5,13.8,D,0
-15.2182,126.4286,328.9,1.3,1.1,2014-06-07,0531,Aqua,MODIS,61,6.2,304.5,22.2,D,0
-15.22,126.417,330.4,1.3,1.1,2014-06-07,0531,Aqua,MODIS,65,6.2,303.5,25.4,D,0
-15.2197,126.4233,330,1.3,1.1,2014-06-07,0531,Aqua,MODIS,78,6.2,304.9,24.9,D,0
-13.9683,130.2246,324.9,2.4,1.5,2014-06-07,0531,Aqua,MODIS,52,6.2,299.5,48,D,0
-13.9722,130.2024,321.7,2.4,1.5,2014-06-07,0531,Aqua,MODIS,51,6.2,299.4,37.7,D,0
-13.9761,130.1807,322.1,2.4,1.5,2014-06-07,0531,Aqua,MODIS,49,6.2,298.7,40.1,D,0
-13.9402,129.8548,322.7,2.3,1.5,2014-06-07,0531,Aqua,MODIS,74,6.2,298,44.5,D,0
-13.9533,129.8572,348.1,2.3,1.5,2014-06-07,0531,Aqua,MODIS,94,6.2,299.7,169.7,D,0
-13.9497,129.8783,339.9,2.3,1.5,2014-06-07,0531,Aqua,MODIS,89,6.2,298.7,119,D,0
-14.8366,126.5081,338.5,1.3,1.1,2014-06-07,0531,Aqua,MODIS,85,6.2,306.1,40,D,0
-14.9011,126.2326,331.5,1.2,1.1,2014-06-07,0531,Aqua,MODIS,82,6.2,306.1,29.4,D,0
-13.62,130.113,322.5,2.4,1.5,2014-06-07,0531,Aqua,MODIS,57,6.2,296.6,46.3,D,0
-13.608,130.1263,321.3,2.4,1.5,2014-06-07,0531,Aqua,MODIS,72,6.2,296.6,46.2,D,0
-14.8291,126.5012,328,1.3,1.1,2014-06-07,0531,Aqua,MODIS,24,6.2,303.8,18.5,D,0
-14.9512,126.4375,322,1.3,1.1,2014-06-07,0531,Aqua,MODIS,69,6.2,305.5,14,D,0
-15.3016,130.2031,322.7,2.3,1.5,2014-06-07,0531,Aqua,MODIS,72,6.2,302,40.8,D,0
-14.2446,127.4514,318,1.5,1.2,2014-06-07,0531,Aqua,MODIS,25,6.2,303.2,10.1,D,0
-15.2915,126.4174,342.4,1.3,1.1,2014-06-07,0531,Aqua,MODIS,90,6.2,304.5,49.7,D,0
-15.2898,126.4288,337.3,1.3,1.1,2014-06-07,0531,Aqua,MODIS,86,6.2,305.5,38.5,D,0
-15.288,126.4404,334,1.3,1.1,2014-06-07,0531,Aqua,MODIS,84,6.2,304.5,32.9,D,0
-15.3033,126.4076,331,1.2,1.1,2014-06-07,0531,Aqua,MODIS,80,6.2,305.4,25.1,D,0
-15.2943,126.4653,341,1.3,1.1,2014-06-07,0531,Aqua,MODIS,89,6.2,304.6,47.3,D,0
-14.1803,126.4581,321.5,1.3,1.1,2014-06-07,0531,Aqua,MODIS,67,6.2,304.4,13.3,D,0
-15.9453,126.2349,320.4,1.2,1.1,2014-06-07,0531,Aqua,MODIS,46,6.2,305.5,9.6,D,0
-15.2925,126.477,347,1.3,1.1,2014-06-07,0531,Aqua,MODIS,93,6.2,303,63,D,0
-15.3007,126.4903,337.5,1.3,1.1,2014-06-07,0531,Aqua,MODIS,74,6.2,305.5,39.6,D,0
-15.2989,126.5021,344.8,1.3,1.1,2014-06-07,0531,Aqua,MODIS,92,6.2,304.4,59.2,D,0
-15.302,126.4854,329.8,1.3,1.1,2014-06-07,0531,Aqua,MODIS,38,6.2,304.3,20.1,D,0
-15.3001,126.4971,359.1,1.3,1.1,2014-06-07,0531,Aqua,MODIS,99,6.2,306.2,99,D,0
-15.3082,126.5107,347.7,1.3,1.1,2014-06-07,0531,Aqua,MODIS,93,6.2,305.9,64.7,D,0
-14.1663,126.4807,337.1,1.3,1.1,2014-06-07,0531,Aqua,MODIS,86,6.2,305.4,41.8,D,0
-15.3063,126.5225,344.1,1.3,1.1,2014-06-07,0531,Aqua,MODIS,91,6.2,304.1,56.6,D,0
-15.4906,126.4588,320.6,1.2,1.1,2014-06-07,0531,Aqua,MODIS,56,6.2,306.4,10,D,0
-14.9127,126.223,325.1,1.2,1.1,2014-06-07,0531,Aqua,MODIS,74,6.2,304,18.3,D,0
-14.911,126.2343,374.5,1.2,1.1,2014-06-07,0531,Aqua,MODIS,100,6.2,311.3,166.7,D,0
-15.1904,129.9366,329.8,2.2,1.4,2014-06-07,0531,Aqua,MODIS,81,6.2,304.5,57.5,D,0
-13.7398,130.1863,316.8,2.5,1.5,2014-06-07,0531,Aqua,MODIS,22,6.2,297.3,25.3,D,0
-16.1001,126.5525,367.5,1.2,1.1,2014-06-07,0531,Aqua,MODIS,100,6.2,310.8,131.5,D,0
-15.1879,129.8734,317.4,2.2,1.4,2014-06-07,0531,Aqua,MODIS,50,6.2,302.1,18.9,D,0
-14.9091,126.3758,319.2,1.3,1.1,2014-06-07,0531,Aqua,MODIS,63,6.2,303.6,11.2,D,0
-14.9678,126.3332,328.7,1.2,1.1,2014-06-07,0531,Aqua,MODIS,79,6.2,303.5,24.1,D,0
-13.7476,130.1951,333.4,2.5,1.5,2014-06-07,0531,Aqua,MODIS,85,6.2,298.7,89.6,D,0
-14.966,126.3448,322.3,1.3,1.1,2014-06-07,0531,Aqua,MODIS,62,6.2,304.6,14.1,D,0
-13.7494,130.2111,320.5,2.5,1.5,2014-06-07,0531,Aqua,MODIS,68,6.2,298.3,34.2,D,0
-14.8685,127.5747,328,1.5,1.2,2014-06-07,0531,Aqua,MODIS,77,6.2,304.4,28.3,D,0
-14.8663,127.5884,334.8,1.5,1.2,2014-06-07,0531,Aqua,MODIS,85,6.2,304.1,43.7,D,0
-14.8816,127.5627,318.1,1.5,1.2,2014-06-07,0531,Aqua,MODIS,40,6.2,304.1,9.9,D,0
-13.7533,130.1888,326.8,2.5,1.5,2014-06-07,0531,Aqua,MODIS,79,6.2,298.8,62.1,D,0
-15.0507,126.581,342.5,1.3,1.1,2014-06-07,0531,Aqua,MODIS,90,6.2,304.3,55.1,D,0
-15.1564,126.3065,317.2,1.2,1.1,2014-06-07,0531,Aqua,MODIS,53,6.2,305.3,8.8,D,0
-15.1844,126.3228,352.7,1.2,1.1,2014-06-07,0531,Aqua,MODIS,96,6.2,306.5,78.9,D,0
-15.1826,126.3342,336.6,1.2,1.1,2014-06-07,0531,Aqua,MODIS,86,6.2,304.6,37.6,D,0
-15.1961,126.3131,322.1,1.2,1.1,2014-06-07,0531,Aqua,MODIS,45,6.2,304,13.1,D,0
-14.8794,127.5765,320.4,1.5,1.2,2014-06-07,0531,Aqua,MODIS,58,6.2,303.9,13.6,D,0
-15.1943,126.3244,356.3,1.2,1.1,2014-06-07,0531,Aqua,MODIS,98,6.2,306.3,92.1,D,0
-15.0488,126.5929,343.9,1.3,1.1,2014-06-07,0531,Aqua,MODIS,91,6.2,305.1,59.8,D,0
-15.032,127.7015,335.3,1.5,1.2,2014-06-07,0531,Aqua,MODIS,85,6.2,305,48.7,D,0
-14.6843,127.9955,338.7,1.6,1.3,2014-06-07,0531,Aqua,MODIS,88,6.2,304.8,59.4,D,0
-13.7132,130.0215,323.6,2.4,1.5,2014-06-07,0531,Aqua,MODIS,64,6.2,298.8,44,D,0
-15.0646,126.5589,317.4,1.3,1.1,2014-06-07,0531,Aqua,MODIS,56,6.2,304,9.8,D,0
-15.1925,126.3359,322.3,1.2,1.1,2014-06-07,0531,Aqua,MODIS,46,6.2,303.8,13.7,D,0
-14.5117,126.8285,323.5,1.4,1.2,2014-06-07,0531,Aqua,MODIS,44,6.2,302.8,17.1,D,0
-15.2201,126.2239,317.9,1.2,1.1,2014-06-07,0531,Aqua,MODIS,57,6.2,303.5,9.8,D,0
-15.2184,126.2351,321.5,1.2,1.1,2014-06-07,0531,Aqua,MODIS,67,6.2,303.8,14.6,D,0
-14.9594,126.6462,325.2,1.3,1.1,2014-06-07,0531,Aqua,MODIS,27,6.2,305.8,15.6,D,0
-14.5184,126.8363,322.2,1.4,1.2,2014-06-07,0531,Aqua,MODIS,27,6.2,303.4,15.9,D,0
-14.5434,126.8792,328,1.4,1.2,2014-06-07,0531,Aqua,MODIS,78,6.2,302.6,28.4,D,0
-14.5414,126.8918,322,1.4,1.2,2014-06-07,0531,Aqua,MODIS,69,6.2,304.2,17.2,D,0
-14.5518,126.8936,325.4,1.4,1.2,2014-06-07,0531,Aqua,MODIS,74,6.2,302.9,22.2,D,0
-14.5622,126.8953,336.3,1.4,1.2,2014-06-07,0531,Aqua,MODIS,86,6.2,303.6,43.3,D,0
-14.8792,126.3708,315.1,1.3,1.1,2014-06-07,0531,Aqua,MODIS,31,6.2,303.6,7.3,D,0
-15.0754,127.3714,339,1.4,1.2,2014-06-07,0531,Aqua,MODIS,88,6.2,306.4,51.5,D,0
-15.0648,127.3697,356.1,1.4,1.2,2014-06-07,0531,Aqua,MODIS,98,6.2,305.7,110.6,D,0
-15.067,127.3565,335.2,1.4,1.2,2014-06-07,0531,Aqua,MODIS,85,6.2,306,41,D,0
-14.6868,127.9807,336.8,1.6,1.2,2014-06-07,0531,Aqua,MODIS,86,6.2,303.3,52.5,D,0
-14.7028,127.1014,319.2,1.4,1.2,2014-06-07,0531,Aqua,MODIS,63,6.2,301.1,13.9,D,0
-14.6846,127.9887,349,1.6,1.3,2014-06-07,0531,Aqua,MODIS,94,6.2,304.8,98.7,D,0
-14.6734,127.9867,321.5,1.6,1.3,2014-06-07,0531,Aqua,MODIS,48,6.2,301.6,18.2,D,0
-14.8759,127.1703,318.7,1.4,1.2,2014-06-07,0531,Aqua,MODIS,56,6.2,305.2,10.6,D,0
-15.0597,126.3306,317.9,1.2,1.1,2014-06-07,0531,Aqua,MODIS,23,6.2,304.8,8.2,D,0
-14.7007,127.1143,352.3,1.4,1.2,2014-06-07,0531,Aqua,MODIS,96,6.2,304.9,96.4,D,0
-15.419,126.7794,318.4,1.3,1.1,2014-06-07,0531,Aqua,MODIS,55,6.2,305.1,10.3,D,0
-15.0704,127.3787,333.6,1.4,1.2,2014-06-07,0531,Aqua,MODIS,83,6.2,304.6,38.5,D,0
-16.5573,126.1234,332.7,1.2,1.1,2014-06-07,0531,Aqua,MODIS,82,6.2,307.8,26,D,0
-16.5541,126.1281,322.5,1.2,1.1,2014-06-07,0531,Aqua,MODIS,69,6.2,306.4,12.5,D,0
-16.5557,126.1173,338.1,1.2,1.1,2014-06-07,0531,Aqua,MODIS,87,6.2,309.3,37.8,D,0
-16.5461,126.1157,331.4,1.2,1.1,2014-06-07,0531,Aqua,MODIS,81,6.2,308.4,25.5,D,0
-15.2438,126.1357,331.1,1.2,1.1,2014-06-07,0531,Aqua,MODIS,53,6.2,304.7,26.3,D,0
-15.2358,126.1229,323.7,1.2,1.1,2014-06-07,0531,Aqua,MODIS,67,6.2,304.6,17.2,D,0
-14.8542,126.2077,315.8,1.2,1.1,2014-06-07,0531,Aqua,MODIS,37,6.2,303.1,7.2,D,0
-16.5401,127.6333,317.2,1.4,1.2,2014-06-07,0531,Aqua,MODIS,20,6.2,305.2,9.5,D,0
-15.0725,127.3654,337.4,1.4,1.2,2014-06-07,0531,Aqua,MODIS,86,6.2,307,47.1,D,0
-15.0619,127.3636,347.3,1.4,1.2,2014-06-07,0531,Aqua,MODIS,93,6.2,305.3,78.7,D,0
-16.7524,126.7027,335.6,1.2,1.1,2014-06-07,0531,Aqua,MODIS,71,6.2,307.1,30.1,D,0
-15.1128,129.7758,318.4,2.1,1.4,2014-06-07,0531,Aqua,MODIS,17,6.2,301.4,22.3,D,0
-14.9814,127.9375,318.2,1.6,1.2,2014-06-07,0531,Aqua,MODIS,50,6.2,305.3,12.4,D,0
-14.9804,127.9429,320.7,1.6,1.2,2014-06-07,0531,Aqua,MODIS,66,6.2,305.3,17.6,D,0
-15.0557,126.4847,318.5,1.3,1.1,2014-06-07,0531,Aqua,MODIS,31,6.2,305.1,9.2,D,0
-15.19,127.4402,318.6,1.5,1.2,2014-06-07,0531,Aqua,MODIS,54,6.2,305.1,9.8,D,0
-15.2648,130.6532,316.8,2.5,1.5,2014-06-07,0531,Aqua,MODIS,61,6.2,302.1,23.8,D,0
-16.3362,127.5253,325.9,1.4,1.2,2014-06-07,0531,Aqua,MODIS,75,6.2,305.3,20,D,0
-16.3316,127.5168,327.8,1.4,1.2,2014-06-07,0531,Aqua,MODIS,77,6.2,304.9,24.3,D,0
-15.2568,130.657,314.7,2.5,1.5,2014-06-07,0531,Aqua,MODIS,46,6.2,301.4,17,D,0
-14.3591,126.1639,319.8,1.2,1.1,2014-06-07,0531,Aqua,MODIS,60,6.2,304.5,11,D,0
-15.1222,129.7905,318,2.2,1.4,2014-06-07,0531,Aqua,MODIS,24,6.2,301,21.2,D,0
-15.1095,129.7879,320,2.2,1.4,2014-06-07,0531,Aqua,MODIS,42,6.2,302.3,27.5,D,0
-14.2405,127.4087,322.2,1.5,1.2,2014-06-07,0531,Aqua,MODIS,39,6.2,302.3,17.5,D,0
-16.19,126.5617,319.4,1.2,1.1,2014-06-07,0531,Aqua,MODIS,47,6.2,307.7,8.7,D,0
-14.9854,126.6135,333.3,1.3,1.1,2014-06-07,0531,Aqua,MODIS,17,6.2,306,27.6,D,0
-14.5156,126.8036,350.2,1.4,1.2,2014-06-07,0531,Aqua,MODIS,95,6.2,304.6,80,D,0
-14.5141,126.7973,354.9,1.4,1.2,2014-06-07,0531,Aqua,MODIS,97,6.2,303.7,99.4,D,0
-14.5987,127.8149,326.1,1.6,1.2,2014-06-07,0531,Aqua,MODIS,76,6.2,304,26.7,D,0
-13.7715,130.062,322.7,2.4,1.5,2014-06-07,0531,Aqua,MODIS,64,6.2,298.5,43.5,D,0
-13.7761,130.0555,324.7,2.4,1.5,2014-06-07,0531,Aqua,MODIS,77,6.2,298.5,53.3,D,0
-16.7604,126.716,325.6,1.2,1.1,2014-06-07,0531,Aqua,MODIS,27,6.2,308.8,13.9,D,0
-15.1199,125.9496,339.1,1.2,1.1,2014-06-07,0531,Aqua,MODIS,88,6.2,304.7,41.5,D,0
-14.581,126.9115,319,1.4,1.2,2014-06-07,0531,Aqua,MODIS,58,6.2,303.5,11.3,D,0
-14.5602,126.9079,332.3,1.4,1.2,2014-06-07,0531,Aqua,MODIS,82,6.2,303.8,33.1,D,0
-14.5498,126.9062,321.3,1.4,1.2,2014-06-07,0531,Aqua,MODIS,62,6.2,302.9,14.1,D,0
-15.1182,125.9606,325,1.2,1.1,2014-06-07,0531,Aqua,MODIS,38,6.2,303,16.8,D,0
-15.1165,125.9715,328,1.2,1.1,2014-06-07,0531,Aqua,MODIS,73,6.2,302.7,21.9,D,0
-14.5121,126.8096,333.7,1.4,1.2,2014-06-07,0531,Aqua,MODIS,60,6.2,302.4,35.1,D,0
-15.1306,127.4362,323.9,1.5,1.2,2014-06-07,0531,Aqua,MODIS,72,6.2,306.4,19.3,D,0
-15.12,127.4343,320.4,1.5,1.2,2014-06-07,0531,Aqua,MODIS,47,6.2,305.6,12.8,D,0
-14.1849,126.884,331.6,1.4,1.2,2014-06-07,0531,Aqua,MODIS,39,6.2,304.1,28.3,D,0
-14.5244,126.799,324.2,1.4,1.2,2014-06-07,0531,Aqua,MODIS,73,6.2,302.5,21.3,D,0
-16.297,126.342,320.3,1.2,1.1,2014-06-07,0531,Aqua,MODIS,62,6.2,307.6,10.5,D,0
-16.2952,126.3533,317.4,1.2,1.1,2014-06-07,0531,Aqua,MODIS,47,6.2,306.3,7.2,D,0
-14.9657,126.2085,327.5,1.2,1.1,2014-06-07,0531,Aqua,MODIS,64,6.2,304.5,22.2,D,0
-14.3034,127.3629,322.3,1.5,1.2,2014-06-07,0531,Aqua,MODIS,67,6.2,304.9,16.9,D,0
-14.3056,127.3494,329.7,1.5,1.2,2014-06-07,0531,Aqua,MODIS,80,6.2,305.1,31.8,D,0
-14.2948,127.3476,328.1,1.5,1.2,2014-06-07,0531,Aqua,MODIS,78,6.2,304.4,28.3,D,0
-14.7424,127.1538,329.9,1.4,1.2,2014-06-07,0531,Aqua,MODIS,66,6.2,305.3,28.3,D,0
-14.7318,127.152,336.3,1.4,1.2,2014-06-07,0531,Aqua,MODIS,64,6.2,306.9,40.9,D,0
-14.7366,127.1606,333,1.4,1.2,2014-06-07,0531,Aqua,MODIS,46,6.2,306.1,33.2,D,0
-14.705,127.1551,338.5,1.4,1.2,2014-06-07,0531,Aqua,MODIS,69,6.2,304.9,47.7,D,0
-14.7071,127.142,339.1,1.4,1.2,2014-06-07,0531,Aqua,MODIS,72,6.2,305.1,48,D,0
-14.7092,127.129,337.9,1.4,1.2,2014-06-07,0531,Aqua,MODIS,62,6.2,305.6,45.3,D,0
-14.7112,127.1161,331.5,1.4,1.2,2014-06-07,0531,Aqua,MODIS,40,6.2,304.2,32.3,D,0
-14.964,126.2198,326.9,1.2,1.1,2014-06-07,0531,Aqua,MODIS,62,6.2,304.3,20.9,D,0
-14.9756,126.2101,323.5,1.2,1.1,2014-06-07,0531,Aqua,MODIS,72,6.2,303.5,17.5,D,0
-14.9739,126.2215,322.7,1.2,1.1,2014-06-07,0531,Aqua,MODIS,71,6.2,303.7,16,D,0
-14.9761,126.2171,327.6,1.2,1.1,2014-06-07,0531,Aqua,MODIS,60,6.2,304.1,21.8,D,0
-14.2815,127.4298,316.8,1.5,1.2,2014-06-07,0531,Aqua,MODIS,25,6.2,302.6,9,D,0
-16.3383,127.5122,320.9,1.4,1.2,2014-06-07,0531,Aqua,MODIS,61,6.2,305.8,11.9,D,0
-15.1211,126.006,331,1.2,1.1,2014-06-07,0531,Aqua,MODIS,70,6.2,304.9,26.1,D,0
-15.1744,126.0489,319.5,1.2,1.1,2014-06-07,0531,Aqua,MODIS,56,6.2,303.9,11.3,D,0
-15.1825,126.0617,318.1,1.2,1.1,2014-06-07,0531,Aqua,MODIS,15,6.2,303.8,9,D,0
-15.1956,126.0592,322.8,1.2,1.1,2014-06-07,0531,Aqua,MODIS,50,6.2,304,14.7,D,0
-15.297,126.0592,323.4,1.2,1.1,2014-06-07,0531,Aqua,MODIS,71,6.2,305.5,15.1,D,0
-15.2953,126.0702,316.4,1.2,1.1,2014-06-07,0531,Aqua,MODIS,48,6.2,304.5,6.8,D,0
-15.2901,126.1032,316.8,1.2,1.1,2014-06-07,0531,Aqua,MODIS,51,6.2,305.2,7.5,D,0
-15.1262,125.9731,318.6,1.2,1.1,2014-06-07,0531,Aqua,MODIS,52,6.2,303.5,10.5,D,0
-13.9439,129.834,316.3,2.3,1.5,2014-06-07,0531,Aqua,MODIS,30,6.2,297.8,24.5,D,0
-15.2909,125.8294,324.1,1.2,1.1,2014-06-07,0531,Aqua,MODIS,68,6.2,307,14.4,D,0
-16.1613,126.3585,319.8,1.2,1.1,2014-06-07,0531,Aqua,MODIS,61,6.2,304.7,10.4,D,0
-16.1631,126.3473,317.5,1.2,1.1,2014-06-07,0531,Aqua,MODIS,48,6.2,305.2,8.1,D,0
-15.0475,129.772,324.1,2.2,1.4,2014-06-07,0531,Aqua,MODIS,39,6.2,301.7,34.7,D,0
-15.0456,129.7771,327.9,2.2,1.4,2014-06-07,0531,Aqua,MODIS,60,6.2,302.4,49.1,D,0
-15.9407,126.2002,326.1,1.2,1.1,2014-06-07,0531,Aqua,MODIS,75,6.2,307.7,18.9,D,0
-15.939,126.2113,319.8,1.2,1.1,2014-06-07,0531,Aqua,MODIS,39,6.2,306.5,8.7,D,0
-13.9536,130.3874,324.4,2.5,1.5,2014-06-07,0531,Aqua,MODIS,76,6.2,299.1,47.7,D,0
-14.8458,127.4945,322.6,1.5,1.2,2014-06-07,0531,Aqua,MODIS,70,6.2,304.5,17,D,0
-14.8566,127.4964,318.1,1.5,1.2,2014-06-07,0531,Aqua,MODIS,46,6.2,304.3,8.9,D,0
-15.0342,127.6877,320.4,1.5,1.2,2014-06-07,0531,Aqua,MODIS,58,6.2,305.3,14.8,D,0
-14.7402,127.1669,329.5,1.4,1.2,2014-06-07,0531,Aqua,MODIS,68,6.2,304.6,27.2,D,0
-15.1042,129.8976,317.4,2.2,1.4,2014-06-07,0531,Aqua,MODIS,48,6.2,301.2,15.7,D,0
-15.1052,129.8902,318.1,2.2,1.4,2014-06-07,0531,Aqua,MODIS,60,6.2,301.3,18.3,D,0
-15.188,126.4297,326,1.3,1.1,2014-06-07,0531,Aqua,MODIS,75,6.2,305.6,18.7,D,0
-15.1844,126.4532,328.7,1.3,1.1,2014-06-07,0531,Aqua,MODIS,78,6.2,304.3,21.4,D,0
-13.9644,130.2471,326.2,2.5,1.5,2014-06-07,0531,Aqua,MODIS,68,6.2,298.3,51.9,D,0
-15.1944,126.4548,328.3,1.3,1.1,2014-06-07,0531,Aqua,MODIS,78,6.2,306,21.2,D,0
-15.1925,126.4665,322.9,1.3,1.1,2014-06-07,0531,Aqua,MODIS,53,6.2,305,13,D,0
-15.0058,126.222,319.4,1.2,1.1,2014-06-07,0531,Aqua,MODIS,63,6.2,303.8,11.1,D,0
-14.1701,126.8425,329.4,1.4,1.2,2014-06-07,0531,Aqua,MODIS,23,6.2,304.3,23.9,D,0
-14.1721,126.8298,339.1,1.4,1.2,2014-06-07,0531,Aqua,MODIS,88,6.2,305.4,47.6,D,0
-14.1742,126.8172,327.4,1.4,1.2,2014-06-07,0531,Aqua,MODIS,62,6.2,303.4,24.1,D,0
-15.2589,127.7835,323.2,1.5,1.2,2014-06-07,0531,Aqua,MODIS,42,6.2,306.3,16.8,D,0
-13.8714,130.2464,318.9,2.5,1.5,2014-06-07,0531,Aqua,MODIS,60,6.2,299.9,30.1,D,0
-15.3102,130.2099,323.1,2.3,1.5,2014-06-07,0531,Aqua,MODIS,59,6.2,302.1,41.9,D,0
-14.1617,126.8281,344.2,1.4,1.2,2014-06-07,0531,Aqua,MODIS,91,6.2,305.3,60.7,D,0
-14.1638,126.8155,360.3,1.4,1.2,2014-06-07,0531,Aqua,MODIS,100,6.2,306.3,120.3,D,0
-13.819,130.1853,316.9,2.4,1.5,2014-06-07,0531,Aqua,MODIS,50,6.2,299.7,23.1,D,0
-14.8854,130.1667,316.3,2.3,1.5,2014-06-07,0531,Aqua,MODIS,43,6.2,302.7,18.6,D,0
-17.0663,123.2658,320.1,1,1,2014-06-07,0531,Aqua,MODIS,63,6.2,309.3,6.7,D,0
-15.3166,129.8884,339.4,2.2,1.4,2014-06-07,0531,Aqua,MODIS,67,6.2,303.5,101,D,0
-15.3294,129.8909,338.4,2.2,1.4,2014-06-07,0531,Aqua,MODIS,66,6.2,302.7,101.2,D,0
-15.1684,129.9098,316.5,2.2,1.4,2014-06-07,0531,Aqua,MODIS,43,6.2,300.9,16.7,D,0
-14.8564,127.5672,323.2,1.5,1.2,2014-06-07,0531,Aqua,MODIS,71,6.2,302.2,20,D,0
-14.231,126.8324,319.6,1.4,1.2,2014-06-07,0531,Aqua,MODIS,27,6.2,304.7,11.5,D,0
-14.9632,126.6221,351.4,1.3,1.1,2014-06-07,0531,Aqua,MODIS,95,6.2,307,74.8,D,0
-14.955,126.6085,335.2,1.3,1.1,2014-06-07,0531,Aqua,MODIS,73,6.2,304.7,36.1,D,0
-16.2501,126.3044,318.1,1.2,1.1,2014-06-07,0531,Aqua,MODIS,47,6.2,305.5,7.7,D,0
-14.9449,126.6067,323.9,1.3,1.1,2014-06-07,0531,Aqua,MODIS,60,6.2,302.7,17.3,D,0
-14.9092,126.2456,337,1.2,1.1,2014-06-07,0531,Aqua,MODIS,86,6.2,305.8,38.7,D,0
-14.3073,126.3045,318.9,1.3,1.1,2014-06-07,0531,Aqua,MODIS,57,6.2,305.9,8.6,D,0
-14.3745,126.2613,320.2,1.3,1.1,2014-06-07,0531,Aqua,MODIS,51,6.2,305.4,10.4,D,0
-15.326,129.9103,321.6,2.2,1.4,2014-06-07,0531,Aqua,MODIS,71,6.2,302.5,35.6,D,0
-14.7274,127.6531,322.3,1.5,1.2,2014-06-07,0531,Aqua,MODIS,47,6.2,307.2,12.4,D,0
-15.2798,126.4272,365.7,1.3,1.1,2014-06-07,0531,Aqua,MODIS,100,6.2,305.2,128.5,D,0
-14.8535,126.2778,315.3,1.2,1.1,2014-06-07,0531,Aqua,MODIS,22,6.2,302.7,7.4,D,0
-14.8705,126.2337,319.7,1.2,1.1,2014-06-07,0531,Aqua,MODIS,58,6.2,305.4,9.8,D,0
-15.2324,129.989,319,2.2,1.4,2014-06-07,0531,Aqua,MODIS,41,6.2,300.9,24.6,D,0
-15.1972,129.9618,320.4,2.2,1.4,2014-06-07,0531,Aqua,MODIS,47,6.2,302.6,24.4,D,0
-14.8577,127.5729,326.2,1.5,1.2,2014-06-07,0531,Aqua,MODIS,75,6.2,302.5,25.4,D,0
-16.8599,126.5396,320,1.2,1.1,2014-06-07,0531,Aqua,MODIS,60,6.2,307.1,9.8,D,0
-14.7425,126.5283,321.8,1.3,1.1,2014-06-07,0531,Aqua,MODIS,52,6.2,305.5,15.5,D,0
-14.7406,126.5401,320.5,1.3,1.1,2014-06-07,0531,Aqua,MODIS,45,6.2,304.4,13.9,D,0
-14.7409,126.5348,330.4,1.3,1.1,2014-06-07,0531,Aqua,MODIS,81,6.2,305.6,28.9,D,0
-16.5996,127.0088,326.8,1.3,1.1,2014-06-07,0531,Aqua,MODIS,37,6.2,305.7,18.3,D,0
-16.5877,127.0815,323.1,1.3,1.1,2014-06-07,0531,Aqua,MODIS,70,6.2,307.4,15.5,D,0
-15.448,126.1365,319.1,1.2,1.1,2014-06-07,0531,Aqua,MODIS,36,6.2,306.1,8.3,D,0
-15.4382,126.1349,320,1.2,1.1,2014-06-07,0531,Aqua,MODIS,38,6.2,306.2,9.4,D,0
-15.0594,126.4613,326.6,1.3,1.1,2014-06-07,0531,Aqua,MODIS,42,6.2,305.5,19.1,D,0
-14.2452,126.3062,319.7,1.3,1.1,2014-06-07,0531,Aqua,MODIS,53,6.2,303.1,11.5,D,0
-15.4123,126.1079,318.1,1.2,1.1,2014-06-07,0531,Aqua,MODIS,23,6.2,304.9,8,D,0
-14.9941,126.2318,320.7,1.2,1.1,2014-06-07,0531,Aqua,MODIS,62,6.2,303.8,12.1,D,0
-15.0475,126.4713,331,1.3,1.1,2014-06-07,0531,Aqua,MODIS,53,6.2,306.3,25.5,D,0
-15.013,129.812,334.9,2.2,1.4,2014-06-07,0531,Aqua,MODIS,85,6.2,303.5,74,D,0
-15.0151,129.8075,333.6,2.2,1.4,2014-06-07,0531,Aqua,MODIS,82,6.2,304.1,69.2,D,0
-14.9697,129.841,357.7,2.2,1.4,2014-06-07,0531,Aqua,MODIS,98,6.2,304.1,222.8,D,0
-16.4806,124.6479,316.9,1,1,2014-06-07,0531,Aqua,MODIS,55,6.2,305.6,6.5,D,0
-15.0494,126.4595,342.5,1.3,1.1,2014-06-07,0531,Aqua,MODIS,90,6.2,306.9,49.7,D,0
-15.0231,126.4376,325.2,1.3,1.1,2014-06-07,0531,Aqua,MODIS,35,6.2,306.7,15,D,0
-15.0165,129.7926,323.3,2.2,1.4,2014-06-07,0531,Aqua,MODIS,40,6.2,302.4,31.3,D,0
-14.0444,130.1523,320.2,2.4,1.5,2014-06-07,0531,Aqua,MODIS,34,6.2,299,32.1,D,0
-14.0508,130.1485,319.4,2.4,1.5,2014-06-07,0531,Aqua,MODIS,23,6.2,299.2,30.1,D,0
-15.1404,129.8428,317.2,2.2,1.4,2014-06-07,0531,Aqua,MODIS,41,6.2,301.5,17.9,D,0
-13.5362,130.3008,321.9,2.5,1.5,2014-06-07,0531,Aqua,MODIS,56,6.2,299.1,40.9,D,0
-14.9759,126.3464,327,1.3,1.1,2014-06-07,0531,Aqua,MODIS,71,6.2,305,20.1,D,0
-14.9741,126.358,321.1,1.3,1.1,2014-06-07,0531,Aqua,MODIS,35,6.2,306.6,11.3,D,0
-16.0984,126.564,326.9,1.2,1.1,2014-06-07,0531,Aqua,MODIS,70,6.2,309.1,17,D,0
-14.9932,126.3021,320.8,1.2,1.1,2014-06-07,0531,Aqua,MODIS,67,6.2,304,13.1,D,0
-14.9913,126.3136,334.2,1.2,1.1,2014-06-07,0531,Aqua,MODIS,84,6.2,304.5,35,D,0
-15.0013,126.3153,329.8,1.2,1.1,2014-06-07,0531,Aqua,MODIS,80,6.2,305.4,25,D,0
-15.0167,126.4125,326.2,1.3,1.1,2014-06-07,0531,Aqua,MODIS,51,6.2,304.5,16.8,D,0
-14.5298,127.7369,319.6,1.6,1.2,2014-06-07,0531,Aqua,MODIS,25,6.2,303.3,13.7,D,0
-14.5275,127.7511,320.2,1.6,1.2,2014-06-07,0531,Aqua,MODIS,53,6.2,302.6,15.4,D,0
-16.0966,126.5754,322.5,1.2,1.1,2014-06-07,0531,Aqua,MODIS,39,6.2,307.4,11.1,D,0
-13.4258,130.2516,314.9,2.5,1.5,2014-06-07,0531,Aqua,MODIS,38,6.2,297.7,23.8,D,0
-15.2882,129.8964,326.2,2.2,1.4,2014-06-07,0531,Aqua,MODIS,42,6.2,301.2,43.9,D,0
-15.3043,129.8794,324.6,2.2,1.4,2014-06-07,0531,Aqua,MODIS,57,6.2,301.7,43.5,D,0
-15.301,129.8989,324.8,2.2,1.4,2014-06-07,0531,Aqua,MODIS,75,6.2,302.1,45.8,D,0
-15.2911,129.8835,334.8,2.2,1.4,2014-06-07,0531,Aqua,MODIS,64,6.2,302,84.9,D,0
-15.2875,129.9037,315.9,2.2,1.4,2014-06-07,0531,Aqua,MODIS,53,6.2,300.7,19.2,D,0
-14.9077,129.8912,320.4,2.2,1.4,2014-06-07,0531,Aqua,MODIS,69,6.2,302.3,27.1,D,0
-14.909,129.8839,323,2.2,1.4,2014-06-07,0531,Aqua,MODIS,73,6.2,302.6,38.5,D,0
-15.3039,129.886,337.2,2.2,1.4,2014-06-07,0531,Aqua,MODIS,66,6.2,302.6,91.5,D,0
-14.8244,126.5987,321.5,1.3,1.1,2014-06-07,0531,Aqua,MODIS,68,6.2,304.9,12.7,D,0
-14.9246,127.6632,321.4,1.5,1.2,2014-06-07,0531,Aqua,MODIS,63,6.2,305.3,13.8,D,0
-16.214,126.1513,318.2,1.2,1.1,2014-06-07,0531,Aqua,MODIS,46,6.2,306.5,7.4,D,0
-16.2123,126.1622,318.9,1.2,1.1,2014-06-07,0531,Aqua,MODIS,50,6.2,306.7,8.1,D,0
-15.1842,129.9604,337.2,2.2,1.4,2014-06-07,0531,Aqua,MODIS,87,6.2,303.3,92,D,0
-14.0518,127.3428,318.1,1.5,1.2,2014-06-07,0531,Aqua,MODIS,58,6.2,303.4,11.9,D,0
-15.3895,129.9914,321.2,2.2,1.4,2014-06-07,0531,Aqua,MODIS,66,6.2,304.2,33.9,D,0
-14.9201,127.67,319.9,1.5,1.2,2014-06-07,0531,Aqua,MODIS,64,6.2,304.9,13,D,0
-14.9029,126.2213,323.3,1.2,1.1,2014-06-07,0531,Aqua,MODIS,71,6.2,304.4,16.3,D,0
-14.8856,127.6064,329.2,1.5,1.2,2014-06-07,0531,Aqua,MODIS,79,6.2,305.9,30.1,D,0
-14.8833,127.6204,322.9,1.5,1.2,2014-06-07,0531,Aqua,MODIS,64,6.2,304.3,17.8,D,0
-16.7462,126.678,343.4,1.2,1.1,2014-06-07,0531,Aqua,MODIS,91,6.2,308.7,49.3,D,0
-16.7441,126.6826,332.1,1.2,1.1,2014-06-07,0531,Aqua,MODIS,80,6.2,307.6,26.7,D,0
-14.8313,126.6054,321.4,1.3,1.1,2014-06-07,0531,Aqua,MODIS,68,6.2,305.5,13.1,D,0
-16.7459,126.6711,327.2,1.2,1.1,2014-06-07,0531,Aqua,MODIS,55,6.2,308.5,17.6,D,0
-15.1876,129.9412,341.2,2.2,1.4,2014-06-07,0531,Aqua,MODIS,90,6.2,304,112.9,D,0
-13.7291,131.2952,317,3,1.6,2014-06-07,0531,Aqua,MODIS,65,6.2,297,32.9,D,0
-14.6343,126.112,318.7,1.2,1.1,2014-06-07,0531,Aqua,MODIS,41,6.2,303.5,9.1,D,0
-15.2574,125.7906,334.3,1.2,1.1,2014-06-07,0531,Aqua,MODIS,43,6.2,307.4,27.9,D,0
-15.2478,125.789,366.2,1.2,1.1,2014-06-07,0531,Aqua,MODIS,100,6.2,308.9,114.6,D,0
-15.2332,125.8197,343.1,1.2,1.1,2014-06-07,0531,Aqua,MODIS,88,6.2,306.9,47.2,D,0
-15.2349,125.8089,351,1.2,1.1,2014-06-07,0531,Aqua,MODIS,95,6.2,307.9,65.5,D,0
-15.2365,125.7982,347,1.2,1.1,2014-06-07,0531,Aqua,MODIS,89,6.2,306.1,55,D,0
-15.2382,125.7875,332.2,1.2,1.1,2014-06-07,0531,Aqua,MODIS,72,6.2,303.3,26.3,D,0
-15.2252,125.8074,334.1,1.2,1.1,2014-06-07,0531,Aqua,MODIS,84,6.2,304.8,30.6,D,0
-14.2481,126.0865,339,1.2,1.1,2014-06-07,0531,Aqua,MODIS,61,6.2,305.7,35.8,D,0
-14.2498,126.0751,352.4,1.2,1.1,2014-06-07,0531,Aqua,MODIS,0,6.2,307.4,71.1,D,0
-14.117,126.3448,323,1.3,1.1,2014-06-07,0531,Aqua,MODIS,37,6.2,303.4,13.2,D,0
-14.3177,126.1047,320,1.2,1.1,2014-06-07,0531,Aqua,MODIS,37,6.2,304.1,9.5,D,0
-14.2809,126.4082,319.5,1.3,1.1,2014-06-07,0531,Aqua,MODIS,42,6.2,304.8,9.5,D,0
-14.2827,126.3964,326.1,1.3,1.1,2014-06-07,0531,Aqua,MODIS,75,6.2,304.6,19.7,D,0
-14.2717,126.3346,330.9,1.3,1.1,2014-06-07,0531,Aqua,MODIS,72,6.2,303.9,25.8,D,0
-14.2616,126.3329,326.8,1.3,1.1,2014-06-07,0531,Aqua,MODIS,33,6.2,304,18.8,D,0
-14.1812,126.3852,323.4,1.3,1.1,2014-06-07,0531,Aqua,MODIS,50,6.2,304,13.9,D,0
-14.1831,126.3734,328.7,1.3,1.1,2014-06-07,0531,Aqua,MODIS,64,6.2,304.9,23.1,D,0
-14.1895,126.3988,320.6,1.3,1.1,2014-06-07,0531,Aqua,MODIS,17,6.2,304.2,10.4,D,0
-14.181,126.5203,320.4,1.3,1.1,2014-06-07,0531,Aqua,MODIS,58,6.2,304.2,12,D,0
-14.1746,126.4946,335.1,1.3,1.1,2014-06-07,0531,Aqua,MODIS,85,6.2,305.8,36.6,D,0
-14.4822,126.2976,321.6,1.3,1.1,2014-06-07,0531,Aqua,MODIS,68,6.2,303.1,15.4,D,0
-14.484,126.286,318.4,1.3,1.1,2014-06-07,0531,Aqua,MODIS,59,6.2,303.4,10.5,D,0
-15.2591,125.7799,344.6,1.2,1.1,2014-06-07,0531,Aqua,MODIS,91,6.2,305.7,50.7,D,0
-15.2495,125.7783,377.1,1.2,1.1,2014-06-07,0531,Aqua,MODIS,100,6.2,309.8,163.8,D,0
-15.1625,125.8677,335.6,1.2,1.1,2014-06-07,0531,Aqua,MODIS,81,6.2,305.3,33,D,0
-15.1642,125.8569,337.5,1.2,1.1,2014-06-07,0531,Aqua,MODIS,85,6.2,305.1,36.8,D,0
-15.1546,125.8553,330.2,1.2,1.1,2014-06-07,0531,Aqua,MODIS,80,6.2,302.9,25.5,D,0
-15.1562,125.8445,321.8,1.2,1.1,2014-06-07,0531,Aqua,MODIS,49,6.2,301.3,14,D,0
-15.1852,125.8491,316,1.2,1.1,2014-06-07,0531,Aqua,MODIS,23,6.2,303.2,6.9,D,0
-14.3763,126.2497,321,1.3,1.1,2014-06-07,0531,Aqua,MODIS,60,6.2,304.4,11.9,D,0
-14.2982,126.363,335.8,1.3,1.1,2014-06-07,0531,Aqua,MODIS,85,6.2,306.1,34.8,D,0
-14.2881,126.3614,323.8,1.3,1.1,2014-06-07,0531,Aqua,MODIS,30,6.2,304.7,13.6,D,0
-14.29,126.3497,340.6,1.3,1.1,2014-06-07,0531,Aqua,MODIS,89,6.2,306.8,45.3,D,0
-14.3,126.3513,331,1.3,1.1,2014-06-07,0531,Aqua,MODIS,70,6.2,307.6,24.2,D,0
-14.5614,126.5049,320.3,1.3,1.1,2014-06-07,0531,Aqua,MODIS,65,6.2,305.6,11.8,D,0
-14.418,126.642,318.7,1.3,1.1,2014-06-07,0531,Aqua,MODIS,61,6.2,304.8,11,D,0
-15.2841,125.9389,325.3,1.2,1.1,2014-06-07,0531,Aqua,MODIS,74,6.2,305.5,17.4,D,0
-15.2858,125.928,321.7,1.2,1.1,2014-06-07,0531,Aqua,MODIS,68,6.2,305,12.7,D,0
-15.2827,125.8832,319,1.2,1.1,2014-06-07,0531,Aqua,MODIS,61,6.2,306.6,10.1,D,0
-14.6469,126.1606,323.5,1.2,1.1,2014-06-07,0531,Aqua,MODIS,72,6.2,306.4,14.3,D,0
-14.6487,126.1492,330.6,1.2,1.1,2014-06-07,0531,Aqua,MODIS,81,6.2,306.5,25.8,D,0
-14.6505,126.1379,334.9,1.2,1.1,2014-06-07,0531,Aqua,MODIS,85,6.2,305.3,33.5,D,0
-14.6406,126.1363,330.3,1.2,1.1,2014-06-07,0531,Aqua,MODIS,79,6.2,307.1,23.5,D,0
-14.6424,126.125,334.3,1.2,1.1,2014-06-07,0531,Aqua,MODIS,84,6.2,304.9,32.3,D,0
-14.1765,126.4823,334.1,1.3,1.1,2014-06-07,0531,Aqua,MODIS,84,6.2,304,34.3,D,0
-14.6186,126.1375,319.5,1.2,1.1,2014-06-07,0531,Aqua,MODIS,37,6.2,306.5,7.7,D,0
-14.5701,126.1879,323.7,1.2,1.1,2014-06-07,0531,Aqua,MODIS,72,6.2,305.7,15,D,0
-15.1512,125.8768,319.6,1.2,1.1,2014-06-07,0531,Aqua,MODIS,30,6.2,304.5,10.8,D,0
-14.7239,125.9899,335.4,1.2,1.1,2014-06-07,0531,Aqua,MODIS,85,6.2,305.2,35.2,D,0
-14.6963,125.974,357.4,1.2,1.1,2014-06-07,0531,Aqua,MODIS,98,6.2,306.7,91.1,D,0
-14.698,125.9629,363.9,1.2,1.1,2014-06-07,0531,Aqua,MODIS,100,6.2,308.3,114.1,D,0
-14.6997,125.9518,334.5,1.2,1.1,2014-06-07,0531,Aqua,MODIS,84,6.2,304.8,33.8,D,0
-14.7256,125.9788,325.1,1.2,1.1,2014-06-07,0531,Aqua,MODIS,74,6.2,304.8,17.2,D,0
-14.706,125.9756,330.8,1.2,1.1,2014-06-07,0531,Aqua,MODIS,81,6.2,306,26,D,0
-14.7078,125.9645,318.8,1.2,1.1,2014-06-07,0531,Aqua,MODIS,40,6.2,305.8,8.5,D,0
-14.345,126.449,320.8,1.3,1.1,2014-06-07,0531,Aqua,MODIS,35,6.2,304.3,13.5,D,0
-16.7974,125.4853,323.2,1.1,1,2014-06-07,0531,Aqua,MODIS,65,6.2,308,10.9,D,0
-13.0076,131.0512,322.5,3,1.6,2014-06-07,0531,Aqua,MODIS,74,6.2,296.8,54.7,D,0
-13.0754,131.0085,315.4,2.9,1.6,2014-06-07,0531,Aqua,MODIS,35,6.2,296.4,23.6,D,0
-14.238,126.549,323.9,1.3,1.1,2014-06-07,0531,Aqua,MODIS,55,6.2,304.7,18,D,0
-14.2278,126.5471,321.6,1.3,1.1,2014-06-07,0531,Aqua,MODIS,32,6.2,304.8,14.2,D,0
-15.2813,125.8278,328.5,1.2,1.1,2014-06-07,0531,Aqua,MODIS,58,6.2,307.1,19.1,D,0
-14.3653,126.4525,322,1.3,1.1,2014-06-07,0531,Aqua,MODIS,64,6.2,302.7,14.9,D,0
-15.2797,125.8385,335.1,1.2,1.1,2014-06-07,0531,Aqua,MODIS,85,6.2,306.8,30.5,D,0
-14.6199,126.2032,321.1,1.2,1.1,2014-06-07,0531,Aqua,MODIS,44,6.2,305.7,10.2,D,0
-14.4639,126.415,318.7,1.3,1.1,2014-06-07,0531,Aqua,MODIS,53,6.2,305.1,7.9,D,0
-15.141,125.942,323.7,1.2,1.1,2014-06-07,0531,Aqua,MODIS,70,6.2,304.4,16.6,D,0
-14.3551,126.4508,330.9,1.3,1.1,2014-06-07,0531,Aqua,MODIS,78,6.2,304.4,28.6,D,0
-15.1461,125.9093,324.9,1.2,1.1,2014-06-07,0531,Aqua,MODIS,74,6.2,303.5,19.4,D,0
-14.357,126.4389,333.1,1.3,1.1,2014-06-07,0531,Aqua,MODIS,83,6.2,304.3,33.1,D,0
-14.3997,126.428,333.8,1.3,1.1,2014-06-07,0531,Aqua,MODIS,84,6.2,303.4,35.6,D,0
-14.3945,126.5257,321.1,1.3,1.1,2014-06-07,0531,Aqua,MODIS,63,6.2,304.3,13.6,D,0
-12.3208,133.507,322.4,4.7,2,2014-06-07,0531,Aqua,MODIS,76,6.2,288.9,132.4,D,0
-12.2761,133.1492,314.3,4.4,1.9,2014-06-07,0531,Aqua,MODIS,32,6.2,291,49.8,D,0
-12.6653,131.3446,318.5,3.2,1.7,2014-06-07,0531,Aqua,MODIS,70,6.2,295.4,55.1,D,0
-12.6319,131.0123,322.4,3,1.6,2014-06-07,0531,Aqua,MODIS,72,6.2,295.7,62.1,D,0
-14.8743,133.658,313.7,4.3,1.9,2014-06-07,0531,Aqua,MODIS,55,6.2,295.3,41.8,D,0
-12.6332,131.0079,323.4,3,1.6,2014-06-07,0531,Aqua,MODIS,77,6.2,295.8,63.4,D,0
-12.7384,131.7951,316.7,3.4,1.7,2014-06-07,0531,Aqua,MODIS,66,6.2,294.7,48.1,D,0
-12.8498,130.738,317.2,2.8,1.6,2014-06-07,0531,Aqua,MODIS,61,6.2,296.5,33.5,D,0
-12.2779,133.1583,315.4,4.4,1.9,2014-06-07,0531,Aqua,MODIS,40,6.2,291,54.2,D,0
-14.8734,133.6527,314.9,4.3,1.9,2014-06-07,0531,Aqua,MODIS,59,6.2,295.4,49.7,D,0
-13.0815,130.99,314.5,2.9,1.6,2014-06-07,0531,Aqua,MODIS,34,6.2,296.1,21.3,D,0
-12.8543,130.7129,317.2,2.8,1.6,2014-06-07,0531,Aqua,MODIS,50,6.2,296.3,32.3,D,0
-12.3109,133.4616,319.9,4.6,2,2014-06-07,0531,Aqua,MODIS,58,6.2,289.7,103.3,D,0
-12.6668,132.7359,324.8,4,1.9,2014-06-07,0531,Aqua,MODIS,77,6.2,294.3,111.8,D,0
-12.3185,133.5109,320.7,4.7,2,2014-06-07,0531,Aqua,MODIS,37,6.2,288.9,107.4,D,0
-12.662,131.3658,317.9,3.2,1.7,2014-06-07,0531,Aqua,MODIS,58,6.2,296,49,D,0
-12.6636,132.7308,321.4,4,1.9,2014-06-07,0531,Aqua,MODIS,73,6.2,294.1,84.5,D,0
-12.5554,132.6262,319.4,4,1.9,2014-06-07,0531,Aqua,MODIS,42,6.2,294.3,71,D,0
-12.3267,133.4679,323.6,4.6,2,2014-06-07,0531,Aqua,MODIS,55,6.2,289.8,133.6,D,0
-12.6601,131.3735,312.9,3.2,1.7,2014-06-07,0531,Aqua,MODIS,58,6.2,295.6,29.6,D,0
-13.0205,130.7298,320.3,2.8,1.6,2014-06-07,0531,Aqua,MODIS,71,6.2,297.8,43,D,0
-12.5521,132.7384,312.8,4.1,1.9,2014-06-07,0531,Aqua,MODIS,33,6.2,293.2,33.8,D,0
-12.7338,131.802,316.5,3.4,1.7,2014-06-07,0531,Aqua,MODIS,65,6.2,294.6,46.9,D,0
-12.561,132.6354,321.7,4,1.9,2014-06-07,0531,Aqua,MODIS,48,6.2,294.4,81.8,D,0
-12.8686,130.7155,317,2.8,1.6,2014-06-07,0531,Aqua,MODIS,21,6.2,296.4,29.7,D,0
-12.8487,130.733,319.3,2.8,1.6,2014-06-07,0531,Aqua,MODIS,61,6.2,296.5,39.8,D,0
-12.7884,132.7679,312.8,4,1.9,2014-06-07,0531,Aqua,MODIS,30,6.2,293.7,38.5,D,0
-12.8071,131.752,315.5,3.4,1.7,2014-06-07,0531,Aqua,MODIS,51,6.2,294.7,36.7,D,0
-13.0251,130.7041,316.9,2.8,1.6,2014-06-07,0531,Aqua,MODIS,65,6.2,297.3,27,D,0
-12.2933,133.1528,314.1,4.4,1.9,2014-06-07,0531,Aqua,MODIS,39,6.2,290.8,46.6,D,0
-13.1304,131.0538,317.9,2.9,1.6,2014-06-07,0531,Aqua,MODIS,64,6.2,297.5,29.2,D,0
-13.019,130.7245,322.6,2.8,1.6,2014-06-07,0531,Aqua,MODIS,75,6.2,298,51.9,D,0
-13.4846,132.6475,318.9,3.8,1.8,2014-06-07,0531,Aqua,MODIS,68,6.2,294.6,64.1,D,0
-14.8899,130.7274,318.3,2.6,1.5,2014-06-07,0531,Aqua,MODIS,59,6.2,303.5,23.6,D,0
-13.2122,132.2214,325.1,3.6,1.8,2014-06-07,0531,Aqua,MODIS,77,6.2,295.5,102.5,D,0
-13.2054,132.2279,333.5,3.6,1.8,2014-06-07,0531,Aqua,MODIS,85,6.2,295.3,170.3,D,0
-12.328,132.4955,320.5,3.9,1.8,2014-06-07,0531,Aqua,MODIS,69,6.2,294,83.8,D,0
-13.4982,132.622,320.9,3.8,1.8,2014-06-07,0531,Aqua,MODIS,72,6.2,294.8,72.9,D,0
-13.4819,132.6192,354.4,3.8,1.8,2014-06-07,0531,Aqua,MODIS,97,6.2,295.3,442.3,D,0
-13.1993,132.2605,315.8,3.6,1.8,2014-06-07,0531,Aqua,MODIS,61,6.2,294.6,45,D,0
-13.4909,132.6134,344,3.8,1.8,2014-06-07,0531,Aqua,MODIS,92,6.2,295.5,298.2,D,0
-13.4746,132.6101,328.1,3.8,1.8,2014-06-07,0531,Aqua,MODIS,80,6.2,294.3,133.7,D,0
-12.3405,132.4932,315.7,3.9,1.8,2014-06-07,0531,Aqua,MODIS,35,6.2,294.2,50.9,D,0
-13.2063,132.2543,322.7,3.6,1.8,2014-06-07,0531,Aqua,MODIS,74,6.2,295,87.6,D,0
-12.8015,131.783,314.7,3.4,1.7,2014-06-07,0531,Aqua,MODIS,44,6.2,295.1,32.3,D,0
-13.6504,132.2093,321,3.5,1.8,2014-06-07,0531,Aqua,MODIS,28,6.2,296.4,54,D,0
-14.5194,131.3374,315.3,2.9,1.6,2014-06-07,0531,Aqua,MODIS,53,6.2,298.1,27.9,D,0
-13.6426,132.2028,322.1,3.5,1.8,2014-06-07,0531,Aqua,MODIS,74,6.2,296.3,68.1,D,0
-14.3104,133.1356,315.3,4,1.9,2014-06-07,0531,Aqua,MODIS,59,6.2,294.9,43,D,0
-14.3036,133.172,315.4,4,1.9,2014-06-07,0531,Aqua,MODIS,60,6.2,294.5,44.5,D,0
-14.3087,133.1814,314.8,4,1.9,2014-06-07,0531,Aqua,MODIS,42,6.2,294.4,37.6,D,0
-14.0508,131.8911,317.7,3.3,1.7,2014-06-07,0531,Aqua,MODIS,58,6.2,298.1,34.9,D,0
-13.9963,130.854,326.5,2.7,1.6,2014-06-07,0531,Aqua,MODIS,79,6.2,297.9,67.8,D,0
-14.0065,130.8483,316.4,2.7,1.6,2014-06-07,0531,Aqua,MODIS,26,6.2,298.5,24.9,D,0
-13.9924,130.8456,324.5,2.7,1.6,2014-06-07,0531,Aqua,MODIS,77,6.2,298,61.1,D,0
-13.6484,132.1709,317.2,3.5,1.8,2014-06-07,0531,Aqua,MODIS,44,6.2,296.7,39,D,0
-15.468,131.7583,336.1,3,1.6,2014-06-07,0531,Aqua,MODIS,87,6.2,297.2,148.2,D,0
-15.4629,131.7859,315.3,3,1.6,2014-06-07,0531,Aqua,MODIS,20,6.2,297.5,30.8,D,0
-15.4826,131.7612,352.4,3,1.6,2014-06-07,0531,Aqua,MODIS,96,6.2,299.7,291.4,D,0
-15.4776,131.7889,344,3,1.6,2014-06-07,0531,Aqua,MODIS,92,6.2,299.2,209.1,D,0
-15.507,131.7945,319.4,3,1.6,2014-06-07,0531,Aqua,MODIS,46,6.2,299.7,46,D,0
-15.4832,131.7688,360.1,3,1.6,2014-06-07,0531,Aqua,MODIS,100,6.2,300.2,383.2,D,0
-15.4779,131.7965,334.4,3,1.6,2014-06-07,0531,Aqua,MODIS,85,6.2,298.8,129.3,D,0
-15.4979,131.7717,316.4,3,1.6,2014-06-07,0531,Aqua,MODIS,21,6.2,298.8,33.3,D,0
-15.4927,131.7992,317.2,3,1.6,2014-06-07,0531,Aqua,MODIS,22,6.2,300,36.9,D,0
-15.5074,131.802,319.9,3,1.6,2014-06-07,0531,Aqua,MODIS,56,6.2,299.7,49.7,D,0
-11.399,132.3154,310.6,4,1.9,2014-06-07,0532,Aqua,MODIS,41,6.2,289.3,36.8,D,0
-11.4047,132.3241,311.3,4,1.9,2014-06-07,0532,Aqua,MODIS,48,6.2,289.3,42.5,D,0
-11.3716,130.4417,316.7,2.9,1.6,2014-06-07,0532,Aqua,MODIS,50,6.2,293.7,46.1,D,0
-12.3259,131.1887,324.1,3.1,1.7,2014-06-07,0532,Aqua,MODIS,55,6.2,294.9,76.5,D,0
-12.3197,131.2244,321.9,3.1,1.7,2014-06-07,0532,Aqua,MODIS,68,6.2,294.6,68.1,D,0
-12.3248,131.1959,334.6,3.1,1.7,2014-06-07,0532,Aqua,MODIS,86,6.2,295.4,149.5,D,0
-12.4367,131.1631,311.8,3.1,1.7,2014-06-07,0532,Aqua,MODIS,56,6.2,294.4,24.9,D,0
-12.321,131.2172,326.7,3.1,1.7,2014-06-07,0532,Aqua,MODIS,58,6.2,295.1,91.2,D,0
-28.8089,150.0287,314.8,1.9,1.4,2014-06-07,1314,Terra,MODIS,90,6.2,281.1,44.1,N,0
-28.8061,150.0213,311.5,1.9,1.4,2014-06-07,1314,Terra,MODIS,83,6.2,281.2,37,N,0
-13.7488,130.0774,300.5,4,1.9,2014-06-07,1318,Terra,MODIS,28,6.2,290.4,27,N,0
-15.2807,129.8774,308.9,4.3,1.9,2014-06-07,1318,Terra,MODIS,76,6.2,292.1,68,N,0
-13.7441,130.0713,300.9,4,1.9,2014-06-07,1318,Terra,MODIS,34,6.2,290.4,29,N,0
-13.7826,131.7238,304.1,3,1.6,2014-06-07,1318,Terra,MODIS,59,6.2,291.1,23.6,N,0
-13.6114,131.7802,305.5,2.9,1.6,2014-06-07,1318,Terra,MODIS,65,6.2,290.6,24.8,N,0
-15.4358,131.7712,320.7,3.1,1.7,2014-06-07,1318,Terra,MODIS,100,6.2,291.3,93,N,0
-14.1575,130.7861,302.4,3.6,1.8,2014-06-07,1318,Terra,MODIS,49,6.2,291.3,24.1,N,0
-13.7795,131.7512,303.7,3,1.6,2014-06-07,1318,Terra,MODIS,57,6.2,291,22.3,N,0
-13.3827,132.7158,303.4,2.5,1.5,2014-06-07,1318,Terra,MODIS,55,6.2,290.9,15.4,N,0
-15.4528,131.7667,311.3,3.1,1.7,2014-06-07,1318,Terra,MODIS,63,6.2,291,49,N,0
-15.4509,131.7731,314.6,3.1,1.7,2014-06-07,1318,Terra,MODIS,90,6.2,291.4,64.4,N,0
-15.4629,131.8035,301.8,3.1,1.7,2014-06-07,1318,Terra,MODIS,23,6.2,290.7,19.1,N,0
-15.4377,131.7649,317.1,3.1,1.7,2014-06-07,1318,Terra,MODIS,94,6.2,291.1,75.5,N,0
-15.4345,131.7937,304.6,3.1,1.7,2014-06-07,1318,Terra,MODIS,36,6.2,290.7,27.7,N,0
-13.6107,131.7737,307.7,2.9,1.6,2014-06-07,1318,Terra,MODIS,72,6.2,290.7,33.4,N,0
-14.375,130.0705,302.6,4.1,1.9,2014-06-07,1318,Terra,MODIS,21,6.2,290.9,31.1,N,0
-14.3958,130.0804,302.6,4.1,1.9,2014-06-07,1318,Terra,MODIS,22,6.2,290.7,29.7,N,0
-14.3622,130.0758,302.7,4.1,1.9,2014-06-07,1318,Terra,MODIS,48,6.2,290.9,32.8,N,0
-14.3582,130.0681,301.5,4.1,1.9,2014-06-07,1318,Terra,MODIS,26,6.2,290.7,27.7,N,0
-13.0886,131.0422,310.2,3.3,1.7,2014-06-07,1319,Terra,MODIS,67,6.2,290.3,55,N,0
-13.104,131.044,308.6,3.3,1.7,2014-06-07,1319,Terra,MODIS,62,6.2,289.8,51,N,0
-12.2535,133.1472,311.4,2.2,1.4,2014-06-07,1319,Terra,MODIS,73,6.2,290.6,30.8,N,0
-12.708,133.5717,301.1,2.1,1.4,2014-06-07,1319,Terra,MODIS,38,6.2,290.2,9.1,N,0
-13.0923,131.0373,311.6,3.3,1.7,2014-06-07,1319,Terra,MODIS,58,6.2,289.9,59.5,N,0
-12.9695,131.0467,314.8,3.3,1.7,2014-06-07,1319,Terra,MODIS,90,6.2,290.7,69.5,N,0
-12.9691,131.0225,313.3,3.3,1.7,2014-06-07,1319,Terra,MODIS,67,6.2,289.6,56.3,N,0
-12.9729,131.0166,309.2,3.3,1.7,2014-06-07,1319,Terra,MODIS,76,6.2,289.4,44.8,N,0
-12.9812,131.0544,310,3.3,1.7,2014-06-07,1319,Terra,MODIS,33,6.2,290.7,46,N,0
-12.5763,132.9561,304.2,2.3,1.5,2014-06-07,1319,Terra,MODIS,57,6.2,290.8,13.6,N,0
-12.6464,133.4479,300.5,2.1,1.4,2014-06-07,1319,Terra,MODIS,29,6.2,290.2,9,N,0
-13.1078,131.0391,304.8,3.3,1.7,2014-06-07,1319,Terra,MODIS,13,6.2,289,34.8,N,0
-12.5755,132.9408,308.4,2.3,1.5,2014-06-07,1319,Terra,MODIS,74,6.2,290.2,21.1,N,0
-12.5789,132.9347,303,2.3,1.5,2014-06-07,1319,Terra,MODIS,52,6.2,289.3,11.1,N,0
-12.3329,132.4891,302.6,2.5,1.5,2014-06-07,1319,Terra,MODIS,26,6.2,290.2,14.7,N,0
-28.8027,150.0341,301.8,2.2,1.5,2014-06-07,1447,Aqua,MODIS,45,6.2,279.5,28.1,N,0
-30.8668,121.4814,304.2,1.1,1,2014-06-07,1452,Terra,MODIS,59,6.2,267,11.9,N,0
-30.8649,121.4928,315.6,1.1,1,2014-06-07,1452,Terra,MODIS,91,6.2,267.1,21.1,N,2
-22.8263,117.5522,304.7,1,1,2014-06-07,1454,Terra,MODIS,61,6.2,288.1,7.3,N,0
-22.8277,117.5425,313.8,1,1,2014-06-07,1454,Terra,MODIS,88,6.2,288.4,13.7,N,0
-16.4623,124.4305,306.6,3.1,1.7,2014-06-07,1456,Terra,MODIS,69,6.2,294.9,30,N,0
-16.461,124.4367,305.6,3.1,1.7,2014-06-07,1456,Terra,MODIS,65,6.2,294.9,26,N,0
-12.3864,134.2921,313.6,1.2,1.1,2014-06-07,1621,Aqua,MODIS,87,6.2,289,14.3,N,0
-12.4088,134.31,305.2,1.2,1.1,2014-06-07,1621,Aqua,MODIS,41,6.2,289.3,7.5,N,0
-12.3847,134.2815,303.6,1.2,1.1,2014-06-07,1621,Aqua,MODIS,41,6.2,288.8,6.3,N,0
-14.7973,134.681,305.4,1.1,1,2014-06-07,1622,Aqua,MODIS,64,6.2,291.9,6.7,N,0
-12.8174,130.7242,303.6,2,1.4,2014-06-07,1622,Aqua,MODIS,56,6.2,291.6,12.9,N,0
-12.9631,130.9618,307.8,1.9,1.3,2014-06-07,1622,Aqua,MODIS,73,6.2,291.8,18.5,N,0
-15.8946,135.2971,302.3,1,1,2014-06-07,1622,Aqua,MODIS,48,6.2,290.3,4.8,N,0
-14.8636,133.694,306.6,1.2,1.1,2014-06-07,1622,Aqua,MODIS,68,6.2,291.9,8.2,N,0
-12.6441,133.4584,305,1.3,1.1,2014-06-07,1622,Aqua,MODIS,63,6.2,290.7,8.5,N,0
-15.8438,135.2667,302.2,1,1,2014-06-07,1622,Aqua,MODIS,47,6.2,291.3,4.6,N,0
-12.9659,130.9788,304.8,1.9,1.3,2014-06-07,1622,Aqua,MODIS,62,6.2,291.9,13.6,N,0
-14.7988,134.6908,302.4,1.1,1,2014-06-07,1622,Aqua,MODIS,49,6.2,291.8,4.8,N,0
-14.4515,134.0082,302.1,1.1,1.1,2014-06-07,1622,Aqua,MODIS,47,6.2,291.1,5.2,N,0
-15.8827,135.2798,300.5,1,1,2014-06-07,1622,Aqua,MODIS,15,6.2,290.4,3.6,N,0
-14.8619,133.6833,316.1,1.2,1.1,2014-06-07,1622,Aqua,MODIS,93,6.2,292.5,16.9,N,0
-14.8044,134.7893,302.5,1,1,2014-06-07,1622,Aqua,MODIS,49,6.2,291.4,5,N,0
-12.6379,133.7394,302.3,1.2,1.1,2014-06-07,1622,Aqua,MODIS,48,6.2,291.1,5.1,N,0
-12.6396,133.7505,304.1,1.2,1.1,2014-06-07,1622,Aqua,MODIS,59,6.2,291.5,6.4,N,0
-13.2245,132.5441,303.8,1.4,1.2,2014-06-07,1622,Aqua,MODIS,57,6.2,291.9,7.8,N,0
-13.3768,132.7224,309.8,1.4,1.2,2014-06-07,1622,Aqua,MODIS,78,6.2,291.9,13.5,N,0
-12.3242,132.47,302.5,1.5,1.2,2014-06-07,1622,Aqua,MODIS,38,6.2,291.5,6.2,N,0
-14.1434,130.7933,302.1,1.8,1.3,2014-06-07,1622,Aqua,MODIS,31,6.2,291.6,8.6,N,0
-14.1406,130.7765,303.8,1.8,1.3,2014-06-07,1622,Aqua,MODIS,56,6.2,291.8,11.2,N,0
-13.7862,132.1724,306.2,1.5,1.2,2014-06-07,1622,Aqua,MODIS,67,6.2,291.9,11.8,N,0
-13.4833,132.4403,314.2,1.4,1.2,2014-06-07,1622,Aqua,MODIS,89,6.2,292.8,19.5,N,0
-14.1552,130.7913,305.4,1.8,1.3,2014-06-07,1622,Aqua,MODIS,64,6.2,291.9,13.5,N,0
-12.328,132.4763,304.4,1.5,1.2,2014-06-07,1622,Aqua,MODIS,52,6.2,291.6,8.1,N,0
-13.7727,131.738,302.1,1.6,1.2,2014-06-07,1622,Aqua,MODIS,42,6.2,291.5,7.4,N,0
-12.3302,132.4898,303.8,1.5,1.2,2014-06-07,1622,Aqua,MODIS,26,6.2,291.7,6.9,N,0
-13.8708,131.7803,301.3,1.6,1.2,2014-06-07,1622,Aqua,MODIS,40,6.2,291.1,7.7,N,0
-15.2797,129.8967,309.6,2,1.4,2014-06-07,1622,Aqua,MODIS,44,6.2,292.4,23.2,N,0
-13.9826,130.2231,304.1,2,1.4,2014-06-07,1622,Aqua,MODIS,59,6.2,292.2,14.1,N,0
-14.8546,127.6004,304,3.1,1.7,2014-06-07,1622,Aqua,MODIS,58,6.2,291.7,29.3,N,0
-15.3262,129.9217,303.2,2,1.4,2014-06-07,1622,Aqua,MODIS,54,6.2,291.9,13.6,N,0
-15.2913,129.8694,320.9,2,1.4,2014-06-07,1622,Aqua,MODIS,79,6.2,293.4,45.6,N,0
-15.3202,129.9093,310.8,2,1.4,2014-06-07,1622,Aqua,MODIS,50,6.2,292.1,24.3,N,0
-15.3229,129.9033,313.1,2,1.4,2014-06-07,1622,Aqua,MODIS,86,6.2,292.5,31.5,N,0
-15.3169,129.89,316.4,2,1.4,2014-06-07,1622,Aqua,MODIS,70,6.2,292.8,35.3,N,0
-15.2117,129.9564,306.2,2,1.4,2014-06-07,1622,Aqua,MODIS,63,6.2,291.8,17.2,N,0
-15.3195,129.884,312.2,2,1.4,2014-06-07,1622,Aqua,MODIS,84,6.2,292.6,28.4,N,0
-13.9791,130.212,305.6,2,1.4,2014-06-07,1622,Aqua,MODIS,65,6.2,292.2,16.5,N,0
-14.9993,129.7925,305.1,2.1,1.4,2014-06-07,1622,Aqua,MODIS,63,6.2,293.1,16.4,N,0
-14.0209,131.1612,302,1.7,1.3,2014-06-07,1622,Aqua,MODIS,46,6.2,291.6,9.7,N,0
-14.9591,129.859,307.5,2.1,1.4,2014-06-07,1622,Aqua,MODIS,72,6.2,292.9,21.3,N,0
-15.3072,129.8865,313.4,2,1.4,2014-06-07,1622,Aqua,MODIS,87,6.2,292.7,30,N,0
-15.3012,129.873,318.2,2,1.4,2014-06-07,1622,Aqua,MODIS,96,6.2,292.8,41.8,N,0
-15.2889,129.8754,328,2,1.4,2014-06-07,1622,Aqua,MODIS,98,6.2,293.8,65.5,N,0
-15.2304,129.9912,302.4,2,1.4,2014-06-07,1622,Aqua,MODIS,11,6.2,291.8,10.3,N,0
-15.2157,129.9677,306.4,2,1.4,2014-06-07,1622,Aqua,MODIS,36,6.2,291.8,16.1,N,0
-14.1773,130.2204,305.5,2,1.4,2014-06-07,1622,Aqua,MODIS,65,6.2,291.2,17.4,N,0
-14.3133,130.0802,305.6,2,1.4,2014-06-07,1622,Aqua,MODIS,65,6.2,291.7,16.4,N,0
-14.3134,130.0876,308.9,2,1.4,2014-06-07,1622,Aqua,MODIS,76,6.2,292.1,23.9,N,0
-14.3945,130.1048,305.4,2,1.4,2014-06-07,1622,Aqua,MODIS,25,6.2,290.5,18.1,N,0
-14.3507,130.0735,309,2,1.4,2014-06-07,1622,Aqua,MODIS,71,6.2,288.2,22.6,N,0
-14.3913,130.0861,306.4,2,1.4,2014-06-07,1622,Aqua,MODIS,31,6.2,288.2,19.7,N,0
-28.5545,149.4807,307.9,1,1,2014-06-08,0012,Terra,MODIS,36,6.2,293.7,5.2,D,0
-28.7189,152.0362,309.4,1.1,1,2014-06-08,0012,Terra,MODIS,68,6.2,287.7,10.9,D,0
-28.2021,151.9203,300.4,1.1,1,2014-06-08,0012,Terra,MODIS,25,6.2,290.4,2.7,D,0
-28.5455,149.4824,315.7,1,1,2014-06-08,0012,Terra,MODIS,75,6.2,294.6,11.5,D,0
-28.5471,149.4926,305.3,1,1,2014-06-08,0012,Terra,MODIS,25,6.2,293.8,3.6,D,0
-27.892,148.8299,308.9,1,1,2014-06-08,0012,Terra,MODIS,66,6.2,292,8.3,D,0
-27.8823,148.8168,312,1,1,2014-06-08,0012,Terra,MODIS,71,6.2,294,9.4,D,0
-28.414,152.2863,301.3,1.1,1.1,2014-06-08,0012,Terra,MODIS,46,6.2,290.3,5.9,D,0
-27.8904,148.8195,328.7,1,1,2014-06-08,0012,Terra,MODIS,85,6.2,293.9,27.5,D,0
-27.884,148.8273,314.9,1,1,2014-06-08,0012,Terra,MODIS,75,6.2,293.6,12,D,0
-26.7312,147.0889,315.2,1.2,1.1,2014-06-08,0012,Terra,MODIS,74,6.2,294.2,14.9,D,0
-27.2814,150.7088,302.3,1,1,2014-06-08,0012,Terra,MODIS,52,6.2,291.1,4.3,D,0
-28.8016,150.0265,307.7,1,1,2014-06-08,0012,Terra,MODIS,26,6.2,295.5,4.7,D,0
-28.8106,150.0289,317.4,1,1,2014-06-08,0012,Terra,MODIS,77,6.2,295.3,12.5,D,0
-29.9413,148.0126,304.2,1,1,2014-06-08,0013,Terra,MODIS,20,6.2,291.5,4,D,0
-32.013,149.2173,302.9,1,1,2014-06-08,0013,Terra,MODIS,54,6.2,284.1,7,D,0
-29.9304,148.0037,305.8,1,1,2014-06-08,0013,Terra,MODIS,57,6.2,291.8,5,D,0
-30.8151,149.838,301,1,1,2014-06-08,0013,Terra,MODIS,43,6.2,288.5,4.3,D,0
-31.7952,148.4904,312.5,1,1,2014-06-08,0013,Terra,MODIS,73,6.2,286.4,12.8,D,0
-30.4527,148.8114,304.2,1,1,2014-06-08,0013,Terra,MODIS,58,6.2,289.7,5.8,D,0
-29.2877,150.403,305.7,1,1,2014-06-08,0013,Terra,MODIS,56,6.2,292.9,4.9,D,0
-34.458,150.8793,302.6,1.1,1.1,2014-06-08,0014,Terra,MODIS,13,6.2,287.6,6.1,D,2
-11.7414,133.2026,318.5,1.5,1.2,2014-06-08,0146,Terra,MODIS,62,6.2,295.6,15.7,D,0
-11.7521,133.2011,316.7,1.5,1.2,2014-06-08,0146,Terra,MODIS,59,6.2,296.3,13.4,D,0
-11.1982,132.2111,323.6,1.3,1.1,2014-06-08,0146,Terra,MODIS,46,6.2,298.4,18.3,D,0
-11.2097,132.2211,328.7,1.3,1.1,2014-06-08,0146,Terra,MODIS,69,6.2,298.9,26.3,D,0
-11.3883,132.3365,314,1.3,1.1,2014-06-08,0146,Terra,MODIS,62,6.2,299.6,8.1,D,0
-11.3762,130.452,315.4,1,1,2014-06-08,0146,Terra,MODIS,61,6.2,297.9,7.5,D,0
-11.3524,130.4167,316.9,1,1,2014-06-08,0146,Terra,MODIS,65,6.2,299,9.8,D,0
-11.4101,130.6366,319.1,1.1,1,2014-06-08,0146,Terra,MODIS,55,6.2,300.3,13,D,0
-11.3538,130.4262,335.3,1,1,2014-06-08,0146,Terra,MODIS,87,6.2,300.3,32.1,D,0
-14.3386,126.487,316.4,1.1,1,2014-06-08,0147,Terra,MODIS,20,6.2,301.7,7.8,D,0
-13.0493,130.5299,323,1.1,1,2014-06-08,0147,Terra,MODIS,65,6.2,302.6,12.5,D,0
-14.2356,129.814,319.7,1,1,2014-06-08,0147,Terra,MODIS,72,6.2,300.7,14,D,0
-14.3762,130.0943,317.9,1.1,1,2014-06-08,0147,Terra,MODIS,35,6.2,302.7,7.2,D,0
-14.3669,130.0956,325.8,1.1,1,2014-06-08,0147,Terra,MODIS,79,6.2,302.5,16.2,D,0
-14.2343,129.8044,318.5,1,1,2014-06-08,0147,Terra,MODIS,70,6.2,298.1,13.3,D,0
-14.3615,130.0565,338.8,1.1,1,2014-06-08,0147,Terra,MODIS,89,6.2,302.7,36.8,D,0
-14.3601,130.0468,336.2,1.1,1,2014-06-08,0147,Terra,MODIS,87,6.2,300.7,33,D,0
-13.9657,130.3772,321.7,1.1,1,2014-06-08,0147,Terra,MODIS,58,6.2,303.1,11,D,0
-14.3598,130.0932,322.3,1.1,1,2014-06-08,0147,Terra,MODIS,58,6.2,302.2,12,D,0
-14.2852,126.4541,323.3,1.1,1.1,2014-06-08,0147,Terra,MODIS,70,6.2,301.7,14.5,D,0
-13.937,130.2392,315.6,1.1,1,2014-06-08,0147,Terra,MODIS,44,6.2,302.1,7.2,D,0
-14.404,130.0902,329.7,1.1,1,2014-06-08,0147,Terra,MODIS,56,6.2,303.3,21.3,D,0
-13.9501,130.1973,315.3,1.1,1,2014-06-08,0147,Terra,MODIS,44,6.2,300.9,6.9,D,0
-12.9959,130.5334,319.9,1.1,1,2014-06-08,0147,Terra,MODIS,53,6.2,304.2,10.3,D,0
-14.4608,129.7098,314.9,1,1,2014-06-08,0147,Terra,MODIS,21,6.2,301.5,6.3,D,0
-14.2893,129.7963,326.2,1,1,2014-06-08,0147,Terra,MODIS,70,6.2,299.9,18.5,D,0
-14.2777,126.4403,334.8,1.1,1.1,2014-06-08,0147,Terra,MODIS,86,6.2,304.5,30.2,D,0
-14.4026,130.0804,324.3,1.1,1,2014-06-08,0147,Terra,MODIS,69,6.2,301,15.8,D,0
-14.392,130.0719,350,1.1,1,2014-06-08,0147,Terra,MODIS,95,6.2,302.4,58.6,D,0
-14.2793,126.4507,334.1,1.1,1.1,2014-06-08,0147,Terra,MODIS,74,6.2,303.8,28.4,D,0
-13.8055,129.9565,331.2,1,1,2014-06-08,0147,Terra,MODIS,78,6.2,305,22.1,D,0
-14.3012,129.8142,340.4,1,1,2014-06-08,0147,Terra,MODIS,90,6.2,303.9,40,D,0
-13.0267,130.5493,319.1,1.1,1,2014-06-08,0147,Terra,MODIS,29,6.2,302.9,6.3,D,0
-13.5092,130.6437,323.6,1.1,1,2014-06-08,0147,Terra,MODIS,75,6.2,301.6,15.3,D,0
-14.2418,129.977,321.4,1.1,1,2014-06-08,0147,Terra,MODIS,70,6.2,302.2,13.1,D,0
-14.2909,130.0735,348.9,1.1,1,2014-06-08,0147,Terra,MODIS,95,6.2,303.7,55.5,D,0
-13.7557,130.6415,346.2,1.1,1,2014-06-08,0147,Terra,MODIS,93,6.2,302.9,54.5,D,0
-13.7542,130.6314,334.6,1.1,1,2014-06-08,0147,Terra,MODIS,86,6.2,301.1,31.9,D,0
-13.8984,130.4849,322.8,1.1,1,2014-06-08,0147,Terra,MODIS,74,6.2,304.1,14.7,D,0
-14.2895,130.0637,347.1,1.1,1,2014-06-08,0147,Terra,MODIS,94,6.2,304.2,52.3,D,0
-13.8981,129.8293,324.6,1,1,2014-06-08,0147,Terra,MODIS,48,6.2,301.3,14.5,D,0
-13.8995,129.8389,338.9,1,1,2014-06-08,0147,Terra,MODIS,89,6.2,304.1,34.9,D,0
-13.9032,129.7993,316.5,1,1,2014-06-08,0147,Terra,MODIS,60,6.2,299.6,9.2,D,0
-13.91,129.8471,324.9,1,1,2014-06-08,0147,Terra,MODIS,37,6.2,303.6,14.2,D,0
-13.7949,129.9482,325,1,1,2014-06-08,0147,Terra,MODIS,61,6.2,303.4,16.1,D,0
-14.2987,130.0623,358,1.1,1,2014-06-08,0147,Terra,MODIS,99,6.2,305,79.4,D,0
-14.2241,129.6012,311.2,1,1,2014-06-08,0147,Terra,MODIS,48,6.2,300.2,4.1,D,0
-14.4192,130.1989,323.4,1.1,1,2014-06-08,0147,Terra,MODIS,76,6.2,301.9,15.6,D,0
-14.3214,130.0888,325.6,1.1,1,2014-06-08,0147,Terra,MODIS,73,6.2,301.8,16.8,D,0
-13.8041,129.9469,380.9,1,1,2014-06-08,0147,Terra,MODIS,100,6.2,306.6,159.7,D,0
-13.8904,130.4964,315.7,1.1,1,2014-06-08,0147,Terra,MODIS,40,6.2,301.9,6.6,D,0
-14.3786,129.4597,311.4,1,1,2014-06-08,0147,Terra,MODIS,52,6.2,300.5,5.2,D,0
-14.4174,130.1184,329,1.1,1,2014-06-08,0147,Terra,MODIS,68,6.2,301.3,21.2,D,0
-13.9457,130.3699,320,1.1,1,2014-06-08,0147,Terra,MODIS,40,6.2,303.3,9.4,D,0
-14.3112,129.6985,318.9,1,1,2014-06-08,0147,Terra,MODIS,29,6.2,301.5,9.7,D,0
-13.7637,130.63,346.5,1.1,1,2014-06-08,0147,Terra,MODIS,93,6.2,301.2,55.5,D,0
-13.0507,130.5398,321.1,1.1,1,2014-06-08,0147,Terra,MODIS,51,6.2,303.7,10.4,D,0
-14.3958,130.304,321.1,1.1,1,2014-06-08,0147,Terra,MODIS,67,6.2,300.8,13.6,D,0
-14.2835,126.4438,340.7,1.1,1.1,2014-06-08,0147,Terra,MODIS,90,6.2,304.6,42.1,D,0
-14.3429,129.5288,332.2,1,1,2014-06-08,0147,Terra,MODIS,85,6.2,301.2,27.2,D,0
-14.3772,129.4503,318.1,1,1,2014-06-08,0147,Terra,MODIS,70,6.2,300.7,10.9,D,0
-14.308,130.0609,322,1.1,1,2014-06-08,0147,Terra,MODIS,75,6.2,301.2,13.9,D,0
-14.3415,129.5193,326.3,1,1,2014-06-08,0147,Terra,MODIS,80,6.2,300.1,19.4,D,0
-14.423,130.1579,319,1.1,1,2014-06-08,0147,Terra,MODIS,46,6.2,300.2,10,D,0
-14.4178,130.1889,320.2,1.1,1,2014-06-08,0147,Terra,MODIS,51,6.2,302.8,11,D,0
-14.2907,129.8059,340.2,1,1,2014-06-08,0147,Terra,MODIS,90,6.2,302.8,39.5,D,0
-13.0309,130.579,318.5,1.1,1,2014-06-08,0147,Terra,MODIS,30,6.2,303.1,5.9,D,0
-14.3015,130.0819,331.1,1.1,1,2014-06-08,0147,Terra,MODIS,73,6.2,303.5,22.8,D,0
-14.3049,129.7744,318.3,1,1,2014-06-08,0147,Terra,MODIS,46,6.2,303,10.1,D,0
-13.6899,130.1736,324.1,1.1,1,2014-06-08,0147,Terra,MODIS,63,6.2,299.7,14.9,D,0
-14.2998,129.8046,377.7,1,1,2014-06-08,0147,Terra,MODIS,100,6.2,306.2,147,D,0
-14.3108,130.3535,313.5,1.1,1,2014-06-08,0147,Terra,MODIS,50,6.2,300.5,7.4,D,0
-14.3043,130.3501,324.1,1.1,1,2014-06-08,0147,Terra,MODIS,67,6.2,302,15.9,D,0
-14.3782,129.9744,314.9,1.1,1,2014-06-08,0147,Terra,MODIS,43,6.2,301.7,6.4,D,0
-14.353,129.9285,317.2,1.1,1,2014-06-08,0147,Terra,MODIS,55,6.2,302.5,9,D,0
-14.2984,129.795,322.5,1,1,2014-06-08,0147,Terra,MODIS,70,6.2,299.2,14.3,D,0
-14.3001,130.0721,345.9,1.1,1,2014-06-08,0147,Terra,MODIS,93,6.2,305.1,48.8,D,0
-14.3338,129.5301,327,1,1,2014-06-08,0147,Terra,MODIS,80,6.2,301.2,20.5,D,0
-14.293,126.4423,323,1.1,1.1,2014-06-08,0147,Terra,MODIS,72,6.2,303.6,14.9,D,0
-13.6913,130.1833,335.9,1.1,1,2014-06-08,0147,Terra,MODIS,87,6.2,301.3,30.9,D,0
-14.217,129.4864,322.5,1,1,2014-06-08,0147,Terra,MODIS,75,6.2,301.1,15,D,0
-14.3324,129.5207,326.1,1,1,2014-06-08,0147,Terra,MODIS,80,6.2,301,19.2,D,0
-12.989,130.4841,331.7,1.1,1,2014-06-08,0147,Terra,MODIS,83,6.2,301,27.8,D,0
-13.9339,130.398,333.2,1.1,1,2014-06-08,0147,Terra,MODIS,83,6.2,303.9,24.8,D,0
-14.1662,130.2244,322.6,1.1,1,2014-06-08,0147,Terra,MODIS,60,6.2,303,11.5,D,0
-14.1861,130.2312,326.9,1.1,1,2014-06-08,0147,Terra,MODIS,77,6.2,303.1,17.9,D,0
-14.2497,129.9659,339.8,1.1,1,2014-06-08,0147,Terra,MODIS,90,6.2,301.3,38.4,D,0
-13.8468,130.4987,353.6,1.1,1,2014-06-08,0147,Terra,MODIS,97,6.2,304.7,70.9,D,0
-13.889,130.4863,326.8,1.1,1,2014-06-08,0147,Terra,MODIS,79,6.2,302.4,18.8,D,0
-14.3871,129.9037,315,1.1,1,2014-06-08,0147,Terra,MODIS,51,6.2,302.3,6.5,D,0
-13.8998,130.495,328.1,1.1,1,2014-06-08,0147,Terra,MODIS,80,6.2,302.7,21.7,D,0
-13.5401,130.5506,315.3,1.1,1,2014-06-08,0147,Terra,MODIS,34,6.2,301.5,7.1,D,0
-14.2601,129.9882,343.7,1.1,1,2014-06-08,0147,Terra,MODIS,92,6.2,303,46.6,D,0
-12.9876,130.4743,314.9,1.1,1,2014-06-08,0147,Terra,MODIS,36,6.2,296.9,8.5,D,0
-14.2404,129.9673,324,1.1,1,2014-06-08,0147,Terra,MODIS,77,6.2,301.6,16.1,D,0
-13.9049,130.2599,317,1.1,1,2014-06-08,0147,Terra,MODIS,50,6.2,301.1,8.5,D,0
-14.1155,129.7364,314.2,1,1,2014-06-08,0147,Terra,MODIS,60,6.2,297.9,8.2,D,0
-14.1141,129.7269,320.4,1,1,2014-06-08,0147,Terra,MODIS,72,6.2,299.6,13.8,D,0
-14.225,130.2597,318,1.1,1,2014-06-08,0147,Terra,MODIS,43,6.2,301.6,8.8,D,0
-14.3464,130.2667,321.3,1.1,1,2014-06-08,0147,Terra,MODIS,74,6.2,301.1,12.2,D,0
-14.2587,129.9784,357.9,1.1,1,2014-06-08,0147,Terra,MODIS,99,6.2,302.1,80.6,D,0
-14.32,130.079,331,1.1,1,2014-06-08,0147,Terra,MODIS,66,6.2,303.2,22.9,D,0
-13.8528,129.764,316.8,1,1,2014-06-08,0147,Terra,MODIS,63,6.2,299.2,9.7,D,0
-14.3016,129.6869,340.8,1,1,2014-06-08,0147,Terra,MODIS,90,6.2,302.8,39.8,D,0
-14.303,129.6964,359.3,1,1,2014-06-08,0147,Terra,MODIS,99,6.2,304.2,81.4,D,0
-13.8436,129.7654,321.5,1,1,2014-06-08,0147,Terra,MODIS,72,6.2,299.7,14.5,D,0
-14.0596,130.2559,317.6,1.1,1,2014-06-08,0147,Terra,MODIS,46,6.2,303.8,5.7,D,0
-14.3058,129.7156,342.8,1,1,2014-06-08,0147,Terra,MODIS,91,6.2,301.5,43.3,D,0
-14.3186,130.0693,325,1.1,1,2014-06-08,0147,Terra,MODIS,31,6.2,301.4,15.2,D,0
-14.3506,130.2966,315.7,1.1,1,2014-06-08,0147,Terra,MODIS,47,6.2,301.3,6.8,D,0
-14.3003,129.6774,318.4,1,1,2014-06-08,0147,Terra,MODIS,70,6.2,300.6,10.7,D,0
-13.833,129.9525,320.8,1,1,2014-06-08,0147,Terra,MODIS,35,6.2,304.3,10.1,D,0
-12.9945,130.5236,322.6,1.1,1,2014-06-08,0147,Terra,MODIS,63,6.2,303.9,13.4,D,0
-14.3129,130.231,315.4,1.1,1,2014-06-08,0147,Terra,MODIS,64,6.2,302.4,5.7,D,0
-13.0253,130.5394,327.9,1.1,1,2014-06-08,0147,Terra,MODIS,76,6.2,302.7,17.5,D,0
-13.0145,130.5308,332.5,1.1,1,2014-06-08,0147,Terra,MODIS,81,6.2,302.7,24.8,D,0
-14.3071,129.4089,316.6,1,1,2014-06-08,0147,Terra,MODIS,0,6.2,300.2,8.9,D,0
-14.3162,129.4076,330.5,1,1,2014-06-08,0147,Terra,MODIS,72,6.2,300.7,24,D,0
-14.0898,130.2009,317.6,1.1,1,2014-06-08,0147,Terra,MODIS,64,6.2,302.7,6.5,D,0
-14.0448,130.2176,329,1.1,1,2014-06-08,0147,Terra,MODIS,81,6.2,304.2,19.4,D,0
-14.3121,130.0902,319.2,1.1,1,2014-06-08,0147,Terra,MODIS,71,6.2,302.9,10.9,D,0
-14.2953,130.1729,324.2,1.1,1,2014-06-08,0147,Terra,MODIS,38,6.2,301.3,13,D,0
-14.2702,130.2431,317.8,1.1,1,2014-06-08,0147,Terra,MODIS,68,6.2,304,6.7,D,0
-14.2357,130.2683,326.3,1.1,1,2014-06-08,0147,Terra,MODIS,52,6.2,302.3,17.4,D,0
-13.0425,130.5268,331.2,1.1,1,2014-06-08,0147,Terra,MODIS,82,6.2,303.2,22,D,0
-14.3661,129.4964,317.7,1,1,2014-06-08,0147,Terra,MODIS,69,6.2,300.6,10.7,D,0
-14.1959,129.592,318.1,1,1,2014-06-08,0147,Terra,MODIS,69,6.2,300.9,10.5,D,0
-14.3094,130.0707,333.8,1.1,1,2014-06-08,0147,Terra,MODIS,86,6.2,303.5,28.8,D,0
-14.3443,129.5383,311.6,1,1,2014-06-08,0147,Terra,MODIS,52,6.2,299.4,5.3,D,0
-14.2636,126.4741,322.4,1.1,1,2014-06-08,0147,Terra,MODIS,69,6.2,302.1,14.2,D,0
-13.911,130.3708,341.9,1.1,1,2014-06-08,0147,Terra,MODIS,90,6.2,303.1,39.8,D,0
-13.7651,130.6402,400.2,1.1,1,2014-06-08,0147,Terra,MODIS,100,6.2,309,287.2,D,0
-13.7745,130.6388,312.8,1.1,1,2014-06-08,0147,Terra,MODIS,49,6.2,300.9,5.4,D,0
-14.3143,130.2409,315.1,1.1,1,2014-06-08,0147,Terra,MODIS,61,6.2,302.3,5.4,D,0
-13.8482,130.5088,328,1.1,1,2014-06-08,0147,Terra,MODIS,80,6.2,303,20.6,D,0
-13.8576,130.5074,320.8,1.1,1,2014-06-08,0147,Terra,MODIS,71,6.2,301.4,12.4,D,0
-13.8265,129.9731,318,1,1,2014-06-08,0147,Terra,MODIS,48,6.2,302.3,4.9,D,0
-14.2842,130.3428,318.3,1.1,1,2014-06-08,0147,Terra,MODIS,36,6.2,301.3,9.2,D,0
-14.1648,130.2145,334.3,1.1,1,2014-06-08,0147,Terra,MODIS,86,6.2,305,27.3,D,0
-14.4244,130.1678,321.5,1.1,1,2014-06-08,0147,Terra,MODIS,68,6.2,300.6,13.2,D,0
-14.2524,129.9853,345.9,1.1,1,2014-06-08,0147,Terra,MODIS,93,6.2,303.9,48.9,D,0
-14.2511,129.9756,386.6,1.1,1,2014-06-08,0147,Terra,MODIS,100,6.2,307,188.4,D,0
-14.2746,126.7912,323.9,1.1,1,2014-06-08,0147,Terra,MODIS,60,6.2,304.1,15.3,D,0
-14.4054,130.1,325.4,1.1,1,2014-06-08,0147,Terra,MODIS,51,6.2,302.8,15.9,D,0
-14.4067,130.1099,322.5,1.1,1,2014-06-08,0147,Terra,MODIS,54,6.2,302.8,12.9,D,0
-14.4109,130.1395,322.7,1.1,1,2014-06-08,0147,Terra,MODIS,59,6.2,302.2,13,D,0
-12.8202,131.7727,322.9,1.2,1.1,2014-06-08,0147,Terra,MODIS,68,6.2,302.9,15.5,D,0
-13.9209,133.5925,313.7,1.7,1.3,2014-06-08,0147,Terra,MODIS,46,6.2,299.9,12.2,D,0
-13.0272,131.5665,322.8,1.2,1.1,2014-06-08,0147,Terra,MODIS,37,6.2,302.6,12.7,D,0
-13.0593,132.1049,321.9,1.3,1.1,2014-06-08,0147,Terra,MODIS,69,6.2,300.9,15.7,D,0
-13.0491,132.1063,318.3,1.3,1.1,2014-06-08,0147,Terra,MODIS,49,6.2,302.9,10.3,D,0
-12.9669,132.0999,320.5,1.3,1.1,2014-06-08,0147,Terra,MODIS,24,6.2,301.8,13.1,D,0
-14.0143,130.8711,315.4,1.1,1.1,2014-06-08,0147,Terra,MODIS,25,6.2,302.7,7,D,0
-14.0239,130.8698,318.9,1.1,1.1,2014-06-08,0147,Terra,MODIS,64,6.2,302.6,11.1,D,0
-13.9182,133.5863,312.5,1.7,1.3,2014-06-08,0147,Terra,MODIS,52,6.2,300.1,10.7,D,0
-13.9316,133.6004,311.9,1.7,1.3,2014-06-08,0147,Terra,MODIS,54,6.2,299.3,10.2,D,0
-14.0532,131.1594,316.4,1.2,1.1,2014-06-08,0147,Terra,MODIS,52,6.2,302.5,9.5,D,0
-13.4885,132.4407,320.1,1.4,1.2,2014-06-08,0147,Terra,MODIS,71,6.2,299.4,15.9,D,0
-14.0615,131.1471,314.3,1.2,1.1,2014-06-08,0147,Terra,MODIS,33,6.2,302.5,6.4,D,0
-13.7839,133.6003,326.7,1.7,1.3,2014-06-08,0147,Terra,MODIS,78,6.2,299.6,37.1,D,0
-13.7402,131.4861,316.4,1.2,1.1,2014-06-08,0147,Terra,MODIS,56,6.2,301,9.6,D,0
-13.7387,131.4749,315.9,1.2,1.1,2014-06-08,0147,Terra,MODIS,51,6.2,302.6,9,D,0
-12.2941,132.3318,318,1.3,1.1,2014-06-08,0147,Terra,MODIS,62,6.2,302.6,11.5,D,0
-13.608,131.795,315.4,1.3,1.1,2014-06-08,0147,Terra,MODIS,58,6.2,301.6,8.6,D,0
-13.6064,131.7833,318.3,1.3,1.1,2014-06-08,0147,Terra,MODIS,68,6.2,302.1,12.6,D,0
-13.3604,131.8474,321.4,1.3,1.1,2014-06-08,0147,Terra,MODIS,60,6.2,301,16.6,D,0
-13.7783,133.6483,322.5,1.7,1.3,2014-06-08,0147,Terra,MODIS,70,6.2,300.4,28.1,D,0
-13.7763,133.6326,337.9,1.7,1.3,2014-06-08,0147,Terra,MODIS,89,6.2,301.3,71,D,0
-12.9653,132.088,321.3,1.3,1.1,2014-06-08,0147,Terra,MODIS,34,6.2,303,13.4,D,0
-13.8364,133.2961,315.5,1.6,1.2,2014-06-08,0147,Terra,MODIS,65,6.2,300,14.8,D,0
-13.8445,133.6341,316.1,1.7,1.3,2014-06-08,0147,Terra,MODIS,67,6.2,299.8,16.9,D,0
-12.977,130.9856,316,1.1,1.1,2014-06-08,0147,Terra,MODIS,57,6.2,300.4,7.9,D,0
-14.0125,130.7859,318.5,1.1,1.1,2014-06-08,0147,Terra,MODIS,38,6.2,302.5,9.6,D,0
-14.0015,130.7769,320.7,1.1,1.1,2014-06-08,0147,Terra,MODIS,32,6.2,302.8,11.1,D,0
-13.3198,132.758,318.4,1.4,1.2,2014-06-08,0147,Terra,MODIS,57,6.2,299.1,15.5,D,0
-13.4051,131.6487,316.1,1.2,1.1,2014-06-08,0147,Terra,MODIS,47,6.2,301.4,8.3,D,0
-13.2829,132.6423,315.8,1.4,1.2,2014-06-08,0147,Terra,MODIS,60,6.2,299.5,12.2,D,0
-13.0093,132.197,317.1,1.3,1.1,2014-06-08,0147,Terra,MODIS,54,6.2,302.4,9.1,D,0
-12.3356,132.4868,321.5,1.3,1.1,2014-06-08,0147,Terra,MODIS,65,6.2,302.8,14.2,D,0
-13.3842,132.7161,314.6,1.4,1.2,2014-06-08,0147,Terra,MODIS,45,6.2,297.7,12.1,D,0
-13.3752,132.7306,317.6,1.4,1.2,2014-06-08,0147,Terra,MODIS,64,6.2,298.8,16,D,0
-12.3301,132.5249,325,1.4,1.2,2014-06-08,0147,Terra,MODIS,62,6.2,301.5,22.3,D,0
-13.7643,132.206,317.1,1.3,1.1,2014-06-08,0147,Terra,MODIS,39,6.2,302,10,D,0
-12.2957,132.3438,318.2,1.3,1.1,2014-06-08,0147,Terra,MODIS,60,6.2,302.7,11.7,D,0
-13.624,132.2126,332.7,1.3,1.1,2014-06-08,0147,Terra,MODIS,85,6.2,303.4,34.5,D,0
-14.1564,130.8119,325.2,1.1,1.1,2014-06-08,0147,Terra,MODIS,54,6.2,301.7,16.7,D,0
-13.4683,131.5939,319.7,1.2,1.1,2014-06-08,0147,Terra,MODIS,27,6.2,301.7,10.5,D,0
-13.231,132.6972,318.6,1.4,1.2,2014-06-08,0147,Terra,MODIS,69,6.2,302.4,15.5,D,0
-13.6137,132.214,318,1.3,1.1,2014-06-08,0147,Terra,MODIS,64,6.2,302.6,10.7,D,0
-14.1116,130.8402,321.3,1.1,1.1,2014-06-08,0147,Terra,MODIS,66,6.2,303,11.9,D,0
-14.0414,132.0629,316.5,1.3,1.1,2014-06-08,0147,Terra,MODIS,52,6.2,302.8,9,D,0
-12.334,132.4745,344.6,1.3,1.1,2014-06-08,0147,Terra,MODIS,93,6.2,303.3,64,D,0
-13.5177,132.7051,341.4,1.4,1.2,2014-06-08,0147,Terra,MODIS,91,6.2,300.1,64.1,D,0
-13.5195,132.7184,347.6,1.4,1.2,2014-06-08,0147,Terra,MODIS,94,6.2,301.8,84.6,D,0
-14.0477,131.8778,319.2,1.3,1.1,2014-06-08,0147,Terra,MODIS,21,6.2,304.7,8.6,D,0
-13.3821,131.8563,320.8,1.3,1.1,2014-06-08,0147,Terra,MODIS,46,6.2,301.6,14.7,D,0
-13.5301,132.7169,332.3,1.4,1.2,2014-06-08,0147,Terra,MODIS,84,6.2,301.4,42.4,D,0
-14.0398,132.0507,322.4,1.3,1.1,2014-06-08,0147,Terra,MODIS,74,6.2,303.9,16.7,D,0
-13.5319,132.7303,319.7,1.4,1.2,2014-06-08,0147,Terra,MODIS,40,6.2,299.1,17.1,D,0
-13.5216,132.6987,320.1,1.4,1.2,2014-06-08,0147,Terra,MODIS,43,6.2,299.2,16.8,D,0
-13.5233,132.7118,348.7,1.4,1.2,2014-06-08,0147,Terra,MODIS,94,6.2,302.7,90.1,D,0
-13.525,132.7253,326.7,1.4,1.2,2014-06-08,0147,Terra,MODIS,71,6.2,300.6,29.4,D,0
-13.5357,132.7239,324.4,1.4,1.2,2014-06-08,0147,Terra,MODIS,77,6.2,300.7,26.4,D,0
-13.5802,132.7321,321.8,1.4,1.2,2014-06-08,0147,Terra,MODIS,74,6.2,300.6,21.6,D,0
-13.5909,132.7306,316.7,1.4,1.2,2014-06-08,0147,Terra,MODIS,52,6.2,301.2,12.7,D,0
-13.4684,131.5876,319.4,1.2,1.1,2014-06-08,0147,Terra,MODIS,39,6.2,302.1,10.9,D,0
-14.1766,134.2509,310.7,1.9,1.3,2014-06-08,0147,Terra,MODIS,41,6.2,298.8,10.2,D,0
-12.3182,132.514,329,1.3,1.2,2014-06-08,0147,Terra,MODIS,50,6.2,302.2,27.1,D,0
-14.1805,134.2438,317.5,1.9,1.3,2014-06-08,0147,Terra,MODIS,68,6.2,299.4,24.4,D,0
-13.5125,132.6665,317,1.4,1.2,2014-06-08,0147,Terra,MODIS,42,6.2,301.7,12.6,D,0
-14.0594,133.6102,311,1.7,1.3,2014-06-08,0147,Terra,MODIS,39,6.2,299.2,8.1,D,0
-13.281,132.7106,318.8,1.4,1.2,2014-06-08,0147,Terra,MODIS,57,6.2,302.2,14.3,D,0
-12.792,131.7881,318.7,1.2,1.1,2014-06-08,0147,Terra,MODIS,56,6.2,301.3,10.2,D,0
-13.7665,130.6504,365.1,1.1,1.1,2014-06-08,0147,Terra,MODIS,100,6.2,304.9,108.5,D,0
-13.566,131.5563,313.8,1.2,1.1,2014-06-08,0147,Terra,MODIS,54,6.2,299.8,8.1,D,0
-14.858,130.8583,315,1.2,1.1,2014-06-08,0147,Terra,MODIS,60,6.2,302.4,6.6,D,0
-13.5675,131.5676,323.6,1.2,1.1,2014-06-08,0147,Terra,MODIS,76,6.2,300.6,20.7,D,0
-14.1102,130.8297,318.5,1.1,1.1,2014-06-08,0147,Terra,MODIS,47,6.2,303.1,8.9,D,0
-13.0035,131.553,318.1,1.2,1.1,2014-06-08,0147,Terra,MODIS,29,6.2,301.9,8,D,0
-12.8004,131.7755,327.7,1.2,1.1,2014-06-08,0147,Terra,MODIS,61,6.2,303.4,21,D,0
-13.0507,132.1181,319.5,1.3,1.1,2014-06-08,0147,Terra,MODIS,61,6.2,300.7,11.6,D,0
-15.686,135.4756,311.9,2.5,1.5,2014-06-08,0147,Terra,MODIS,57,6.2,298.9,20.1,D,0
-15.6927,135.4804,315.2,2.5,1.5,2014-06-08,0147,Terra,MODIS,66,6.2,298.9,30.3,D,0
-14.1507,130.7702,325.4,1.1,1.1,2014-06-08,0147,Terra,MODIS,25,6.2,301.6,16.9,D,0
-14.1411,130.7715,329.7,1.1,1.1,2014-06-08,0147,Terra,MODIS,29,6.2,303.3,22.8,D,0
-14.1397,130.7612,328.9,1.1,1.1,2014-06-08,0147,Terra,MODIS,58,6.2,301.5,23.2,D,0
-13.8717,131.7871,317.2,1.3,1.1,2014-06-08,0147,Terra,MODIS,51,6.2,302,8.8,D,0
-13.8701,131.7754,316,1.3,1.1,2014-06-08,0147,Terra,MODIS,52,6.2,303,8,D,0
-13.776,130.649,315.8,1.1,1.1,2014-06-08,0147,Terra,MODIS,61,6.2,300.9,7.9,D,0
-13.984,130.7535,318.4,1.1,1.1,2014-06-08,0147,Terra,MODIS,67,6.2,302,10,D,0
-13.8995,130.7022,316.7,1.1,1.1,2014-06-08,0147,Terra,MODIS,63,6.2,300.8,10,D,0
-13.8942,130.699,315.4,1.1,1.1,2014-06-08,0147,Terra,MODIS,59,6.2,301.1,7.4,D,0
-13.8169,133.6753,320.9,1.7,1.3,2014-06-08,0147,Terra,MODIS,74,6.2,301.3,25.3,D,0
-13.8148,133.6596,320.8,1.7,1.3,2014-06-08,0147,Terra,MODIS,69,6.2,301.2,23.8,D,0
-13.8128,133.6439,334.7,1.7,1.3,2014-06-08,0147,Terra,MODIS,87,6.2,301.5,59.6,D,0
-13.7194,131.3309,325,1.2,1.1,2014-06-08,0147,Terra,MODIS,62,6.2,302.7,18.3,D,0
-12.6101,132.1734,314.8,1.3,1.1,2014-06-08,0147,Terra,MODIS,64,6.2,299.6,9.9,D,0
-13.3598,131.919,317.5,1.3,1.1,2014-06-08,0147,Terra,MODIS,48,6.2,303.2,10.2,D,0
-12.6088,131.4991,312.9,1.2,1.1,2014-06-08,0147,Terra,MODIS,57,6.2,300.4,7.1,D,0
-12.5976,131.4896,312.2,1.2,1.1,2014-06-08,0147,Terra,MODIS,50,6.2,299.7,6.6,D,0
-13.38,131.9162,328.4,1.3,1.1,2014-06-08,0147,Terra,MODIS,81,6.2,303,25.8,D,0
-14.526,131.3504,322.9,1.2,1.1,2014-06-08,0147,Terra,MODIS,75,6.2,302.4,16.9,D,0
-14.2524,133.1519,314.2,1.6,1.2,2014-06-08,0147,Terra,MODIS,34,6.2,301.3,9.6,D,0
-13.6257,132.2248,326.5,1.3,1.1,2014-06-08,0147,Terra,MODIS,79,6.2,301.8,23.2,D,0
-13.8108,133.6283,320.4,1.7,1.3,2014-06-08,0147,Terra,MODIS,49,6.2,299.7,22.4,D,0
-13.5987,131.5746,328.5,1.2,1.1,2014-06-08,0147,Terra,MODIS,81,6.2,300.7,27.7,D,0
-13.2572,132.5285,312.9,1.4,1.2,2014-06-08,0147,Terra,MODIS,39,6.2,299.3,7.7,D,0
-13.2589,132.5411,312.3,1.4,1.2,2014-06-08,0147,Terra,MODIS,28,6.2,299,6.5,D,0
-13.3735,132.7174,335.7,1.4,1.2,2014-06-08,0147,Terra,MODIS,87,6.2,299.3,52.9,D,0
-13.3629,132.7188,330.3,1.4,1.2,2014-06-08,0147,Terra,MODIS,83,6.2,298.2,39.3,D,0
-13.7804,131.7116,318,1.3,1.1,2014-06-08,0147,Terra,MODIS,36,6.2,302.8,9.3,D,0
-13.1858,131.837,325.6,1.3,1.1,2014-06-08,0147,Terra,MODIS,78,6.2,302.1,20,D,0
-14.9644,131.3509,313.5,1.2,1.1,2014-06-08,0147,Terra,MODIS,47,6.2,301.7,6,D,0
-13.1773,131.8499,318.1,1.3,1.1,2014-06-08,0147,Terra,MODIS,45,6.2,302.1,10.3,D,0
-13.1758,131.8384,343.5,1.3,1.1,2014-06-08,0147,Terra,MODIS,92,6.2,306,57,D,0
-13.1742,131.8269,348.8,1.3,1.1,2014-06-08,0147,Terra,MODIS,94,6.2,304.5,70.7,D,0
-13.1658,131.8398,332.3,1.3,1.1,2014-06-08,0147,Terra,MODIS,84,6.2,303.1,32.1,D,0
-12.61,132.8497,314,1.4,1.2,2014-06-08,0147,Terra,MODIS,41,6.2,300.7,7.8,D,0
-13.7627,132.1936,333,1.3,1.1,2014-06-08,0147,Terra,MODIS,85,6.2,304.1,37.3,D,0
-12.9552,132.0894,325,1.3,1.1,2014-06-08,0147,Terra,MODIS,60,6.2,302.2,19.5,D,0
-13.0225,130.7231,318.5,1.1,1,2014-06-08,0147,Terra,MODIS,64,6.2,301.8,9.1,D,0
-12.5505,132.7258,320.6,1.4,1.2,2014-06-08,0147,Terra,MODIS,35,6.2,302,15.2,D,0
-12.9681,130.7167,335,1.1,1,2014-06-08,0147,Terra,MODIS,86,6.2,302.4,28.7,D,0
-13.1316,131.0571,316.7,1.1,1.1,2014-06-08,0147,Terra,MODIS,53,6.2,302.9,6,D,0
-12.3143,131.2237,334.4,1.1,1.1,2014-06-08,0147,Terra,MODIS,82,6.2,302.9,32.2,D,0
-14.778,134.6765,326.7,2.1,1.4,2014-06-08,0147,Terra,MODIS,79,6.2,299.4,53.9,D,0
-12.5485,133.6772,312.7,1.6,1.3,2014-06-08,0147,Terra,MODIS,59,6.2,297.4,11,D,0
-13.1085,131.1308,328.2,1.1,1.1,2014-06-08,0147,Terra,MODIS,80,6.2,302.7,22.4,D,0
-12.9856,131.0477,338.7,1.1,1.1,2014-06-08,0147,Terra,MODIS,88,6.2,302.8,35.9,D,0
-12.3189,131.2273,324.8,1.1,1.1,2014-06-08,0147,Terra,MODIS,51,6.2,303,18.2,D,0
-12.9247,132.7035,315,1.4,1.2,2014-06-08,0147,Terra,MODIS,47,6.2,301.9,8.2,D,0
-12.5505,133.6922,311.3,1.6,1.3,2014-06-08,0147,Terra,MODIS,51,6.2,297.3,8.9,D,0
-12.2893,133.4433,324.3,1.6,1.2,2014-06-08,0147,Terra,MODIS,78,6.2,299.5,25.2,D,0
-12.9183,131.0844,319,1.1,1.1,2014-06-08,0147,Terra,MODIS,63,6.2,300.3,11.1,D,0
-12.1995,133.7191,326.7,1.6,1.3,2014-06-08,0147,Terra,MODIS,64,6.2,297.6,32.3,D,0
-12.5211,132.7102,329.3,1.4,1.2,2014-06-08,0147,Terra,MODIS,83,6.2,301.5,33,D,0
-12.8187,131.7615,333.8,1.2,1.1,2014-06-08,0147,Terra,MODIS,86,6.2,302.1,34.3,D,0
-14.8661,133.6797,320.2,1.8,1.3,2014-06-08,0147,Terra,MODIS,72,6.2,302.2,24,D,0
-12.4548,133.1407,314.1,1.5,1.2,2014-06-08,0147,Terra,MODIS,63,6.2,299.9,9.3,D,0
-14.4511,134.017,322.9,1.8,1.3,2014-06-08,0147,Terra,MODIS,56,6.2,301.3,28.8,D,0
-12.6347,133.4594,319.4,1.6,1.2,2014-06-08,0147,Terra,MODIS,72,6.2,300,19.2,D,0
-12.9789,130.7255,331.3,1.1,1,2014-06-08,0147,Terra,MODIS,63,6.2,302,22.6,D,0
-12.7165,133.4723,311.2,1.6,1.2,2014-06-08,0147,Terra,MODIS,40,6.2,297.3,8.3,D,0
-14.8044,134.792,312.8,2.1,1.4,2014-06-08,0147,Terra,MODIS,47,6.2,300.1,16.2,D,0
-12.3175,131.2168,327,1.1,1.1,2014-06-08,0147,Terra,MODIS,72,6.2,304.1,21.1,D,0
-12.2874,133.4291,315.6,1.6,1.2,2014-06-08,0147,Terra,MODIS,54,6.2,299.4,10.3,D,0
-12.327,131.2155,318.5,1.1,1.1,2014-06-08,0147,Terra,MODIS,20,6.2,303.7,10.4,D,0
-12.9197,131.0948,328.6,1.1,1.1,2014-06-08,0147,Terra,MODIS,80,6.2,302,23.9,D,0
-12.4988,133.3886,312.8,1.6,1.2,2014-06-08,0147,Terra,MODIS,60,6.2,298.6,9.8,D,0
-13.136,131.0887,319,1.1,1.1,2014-06-08,0147,Terra,MODIS,46,6.2,303.8,8.4,D,0
-12.7372,131.4578,313.9,1.2,1.1,2014-06-08,0147,Terra,MODIS,57,6.2,299.8,6.6,D,0
-12.5198,133.4518,317.8,1.6,1.2,2014-06-08,0147,Terra,MODIS,63,6.2,298.6,15.3,D,0
-12.3557,131.2115,317.5,1.1,1.1,2014-06-08,0147,Terra,MODIS,53,6.2,301.7,10.6,D,0
-12.5993,132.9316,316.7,1.4,1.2,2014-06-08,0147,Terra,MODIS,68,6.2,301.5,12.7,D,0
-12.6623,133.241,310.8,1.5,1.2,2014-06-08,0147,Terra,MODIS,53,6.2,299,9.4,D,0
-12.5261,132.7031,320.3,1.4,1.2,2014-06-08,0147,Terra,MODIS,49,6.2,301.4,16.2,D,0
-14.4912,134.0468,317.8,1.9,1.3,2014-06-08,0147,Terra,MODIS,64,6.2,301.4,19,D,0
-12.1985,133.7134,322.7,1.6,1.3,2014-06-08,0147,Terra,MODIS,75,6.2,297.8,25.4,D,0
-12.1656,133.1978,313.5,1.5,1.2,2014-06-08,0147,Terra,MODIS,60,6.2,298.8,8,D,0
-12.8304,130.732,323.1,1.1,1,2014-06-08,0147,Terra,MODIS,29,6.2,301.2,11.8,D,0
-12.9465,131.1171,316.7,1.1,1.1,2014-06-08,0147,Terra,MODIS,52,6.2,301.1,8.7,D,0
-12.5978,132.7589,316,1.4,1.2,2014-06-08,0147,Terra,MODIS,56,6.2,302.2,7.8,D,0
-12.7165,133.4783,315.8,1.6,1.2,2014-06-08,0147,Terra,MODIS,61,6.2,297.6,14.8,D,0
-12.7947,130.7231,348.8,1.1,1,2014-06-08,0147,Terra,MODIS,94,6.2,302.2,59.7,D,0
-12.7995,130.716,346.1,1.1,1,2014-06-08,0147,Terra,MODIS,73,6.2,300.5,46.7,D,0
-12.9755,130.9753,315.5,1.1,1.1,2014-06-08,0147,Terra,MODIS,58,6.2,301.4,7.6,D,0
-12.2487,133.4776,329.8,1.6,1.2,2014-06-08,0147,Terra,MODIS,83,6.2,300.2,38.6,D,0
-12.2004,133.7281,317.5,1.6,1.3,2014-06-08,0147,Terra,MODIS,23,6.2,296.8,16,D,0
-12.5193,133.4579,314.1,1.6,1.2,2014-06-08,0147,Terra,MODIS,59,6.2,299,9.6,D,0
-12.8047,130.6847,346.8,1.1,1,2014-06-08,0147,Terra,MODIS,93,6.2,302.5,53.5,D,0
-12.9849,130.7285,319.9,1.1,1,2014-06-08,0147,Terra,MODIS,60,6.2,301.1,11.4,D,0
-13.0699,130.9239,323,1.1,1.1,2014-06-08,0147,Terra,MODIS,74,6.2,300.8,15.6,D,0
-12.3877,134.3024,316.5,1.8,1.3,2014-06-08,0147,Terra,MODIS,52,6.2,294.2,19.5,D,0
-12.3738,134.2874,312,1.8,1.3,2014-06-08,0147,Terra,MODIS,22,6.2,293.9,11.8,D,0
-12.3542,131.201,316.5,1.1,1.1,2014-06-08,0147,Terra,MODIS,52,6.2,302.9,9.1,D,0
-12.4403,134.4313,309.5,1.9,1.3,2014-06-08,0147,Terra,MODIS,47,6.2,293.3,9.9,D,0
-12.584,132.6566,318.3,1.4,1.2,2014-06-08,0147,Terra,MODIS,60,6.2,301.4,10.3,D,0
-12.821,130.7334,327.3,1.1,1,2014-06-08,0147,Terra,MODIS,56,6.2,302.7,17.3,D,0
-12.4598,131.159,313,1.1,1.1,2014-06-08,0147,Terra,MODIS,55,6.2,300.9,6.8,D,0
-12.6458,133.4578,327.8,1.6,1.2,2014-06-08,0147,Terra,MODIS,82,6.2,301.4,36.3,D,0
-12.6209,132.6458,315.5,1.4,1.2,2014-06-08,0147,Terra,MODIS,63,6.2,301.6,7.3,D,0
-12.6347,131.0272,321.9,1.1,1.1,2014-06-08,0147,Terra,MODIS,75,6.2,302.7,13.9,D,0
-12.3033,131.2146,344.5,1.1,1.1,2014-06-08,0147,Terra,MODIS,92,6.2,302.2,54.6,D,0
-12.4333,132.222,315.7,1.3,1.1,2014-06-08,0147,Terra,MODIS,62,6.2,302.7,10.5,D,0
-14.711,134.5553,321.5,2,1.4,2014-06-08,0147,Terra,MODIS,73,6.2,299.9,36.8,D,0
-14.7075,134.6328,323.9,2.1,1.4,2014-06-08,0147,Terra,MODIS,76,6.2,300.1,43.9,D,0
-14.7777,134.6828,322.8,2.1,1.4,2014-06-08,0147,Terra,MODIS,75,6.2,299.1,40.2,D,0
-12.3003,133.4419,330.6,1.6,1.2,2014-06-08,0147,Terra,MODIS,84,6.2,300.7,38.7,D,0
-14.3678,133.9821,318.7,1.8,1.3,2014-06-08,0147,Terra,MODIS,69,6.2,302.6,22,D,0
-14.4475,134.0876,316.4,1.9,1.3,2014-06-08,0147,Terra,MODIS,62,6.2,301,17,D,0
-12.1356,133.7576,315.4,1.6,1.3,2014-06-08,0147,Terra,MODIS,66,6.2,298.2,14.1,D,0
-14.449,134.0004,323.7,1.8,1.3,2014-06-08,0147,Terra,MODIS,56,6.2,301.2,32.1,D,0
-14.8025,134.7789,317.4,2.1,1.4,2014-06-08,0147,Terra,MODIS,60,6.2,299.2,25.5,D,0
-12.9293,131.0933,326.6,1.1,1.1,2014-06-08,0147,Terra,MODIS,78,6.2,300.4,20.6,D,0
-12.813,130.7447,338,1.1,1,2014-06-08,0147,Terra,MODIS,86,6.2,302.5,34.7,D,0
-12.9842,131.0373,321.5,1.1,1.1,2014-06-08,0147,Terra,MODIS,48,6.2,302.2,9.5,D,0
-14.9827,133.6923,315,1.8,1.3,2014-06-08,0147,Terra,MODIS,50,6.2,300.9,13.3,D,0
-12.5278,132.7159,320,1.4,1.2,2014-06-08,0147,Terra,MODIS,46,6.2,301.3,15.2,D,0
-12.7933,130.7132,321.3,1.1,1,2014-06-08,0147,Terra,MODIS,52,6.2,299.3,13,D,0
-12.5493,133.6865,316.3,1.6,1.3,2014-06-08,0147,Terra,MODIS,68,6.2,297.4,16.4,D,0
-14.8021,134.7726,312.5,2.1,1.4,2014-06-08,0147,Terra,MODIS,45,6.2,298.6,15.5,D,0
-12.7057,133.5686,319.5,1.6,1.2,2014-06-08,0147,Terra,MODIS,69,6.2,298.4,20.8,D,0
-12.3638,131.1997,315,1.1,1.1,2014-06-08,0147,Terra,MODIS,23,6.2,300.1,7.3,D,0
-12.6989,130.7632,314.9,1.1,1,2014-06-08,0147,Terra,MODIS,29,6.2,302.1,6.2,D,0
-12.1447,133.6512,314.3,1.6,1.2,2014-06-08,0147,Terra,MODIS,17,6.2,297.4,9.6,D,0
-12.2482,133.4843,322.9,1.6,1.2,2014-06-08,0147,Terra,MODIS,68,6.2,300.1,24.3,D,0
-13.0684,130.9136,317.7,1.1,1.1,2014-06-08,0147,Terra,MODIS,58,6.2,300.1,9.6,D,0
-12.8009,130.726,365,1.1,1,2014-06-08,0147,Terra,MODIS,94,6.2,304.1,101.7,D,0
-12.1672,133.6483,318.6,1.6,1.2,2014-06-08,0147,Terra,MODIS,68,6.2,299.1,15.5,D,0
-12.3129,131.2133,327,1.1,1.1,2014-06-08,0147,Terra,MODIS,47,6.2,303.7,20.6,D,0
-14.7907,134.6749,312.5,2.1,1.4,2014-06-08,0147,Terra,MODIS,52,6.2,299.3,15,D,0
-14.7903,134.6812,317.7,2.1,1.4,2014-06-08,0147,Terra,MODIS,29,6.2,299.3,24.5,D,0
-12.9695,130.7268,324.6,1.1,1,2014-06-08,0147,Terra,MODIS,38,6.2,300.6,13.7,D,0
-12.7409,131.7901,328.8,1.2,1.1,2014-06-08,0147,Terra,MODIS,82,6.2,300.8,26.4,D,0
-12.6595,130.6872,320.1,1.1,1,2014-06-08,0147,Terra,MODIS,71,6.2,301.4,12.7,D,0
-12.6903,133.4521,325.9,1.6,1.2,2014-06-08,0147,Terra,MODIS,80,6.2,298.9,33.7,D,0
-12.4393,134.3293,314.8,1.8,1.3,2014-06-08,0147,Terra,MODIS,30,6.2,295.1,14.4,D,0
-13.107,131.1202,321.8,1.1,1.1,2014-06-08,0147,Terra,MODIS,72,6.2,303.4,12.6,D,0
-12.7989,131.7642,336.9,1.2,1.1,2014-06-08,0147,Terra,MODIS,88,6.2,303.3,39.2,D,0
-12.8279,132.829,317.1,1.4,1.2,2014-06-08,0147,Terra,MODIS,53,6.2,301.1,13.1,D,0
-13.0901,131.0689,324.5,1.1,1.1,2014-06-08,0147,Terra,MODIS,76,6.2,302.9,14.4,D,0
-14.8641,133.6633,319.4,1.8,1.3,2014-06-08,0147,Terra,MODIS,71,6.2,302.2,21.6,D,0
-12.8075,130.7047,327.6,1.1,1,2014-06-08,0147,Terra,MODIS,29,6.2,300.9,16.4,D,0
-14.7087,134.5364,314,2,1.4,2014-06-08,0147,Terra,MODIS,58,6.2,299.8,17.3,D,0
-12.2463,133.47,332.5,1.6,1.2,2014-06-08,0147,Terra,MODIS,85,6.2,298.6,46.5,D,0
-12.3018,131.2043,314.6,1.1,1.1,2014-06-08,0147,Terra,MODIS,60,6.2,298.3,8.8,D,0
-12.8116,130.7347,343,1.1,1,2014-06-08,0147,Terra,MODIS,91,6.2,303.9,43.3,D,0
-12.6956,133.3224,315.6,1.5,1.2,2014-06-08,0147,Terra,MODIS,61,6.2,299.5,14.1,D,0
-14.1017,133.0518,319,1.6,1.2,2014-06-08,0147,Terra,MODIS,70,6.2,302.1,16.6,D,0
-14.1036,133.0659,316.1,1.6,1.2,2014-06-08,0147,Terra,MODIS,55,6.2,300.8,13.2,D,0
-13.669,130.2264,322.2,1.1,1,2014-06-08,0147,Terra,MODIS,35,6.2,301.6,12.6,D,0
-14.9894,129.8126,319.1,1.1,1,2014-06-08,0147,Terra,MODIS,60,6.2,302.6,10.2,D,0
-13.5827,130.2654,322,1.1,1,2014-06-08,0147,Terra,MODIS,69,6.2,301.6,14,D,0
-13.7907,130.1031,315.4,1.1,1,2014-06-08,0147,Terra,MODIS,47,6.2,300.8,7.1,D,0
-13.9793,130.203,325.1,1.1,1,2014-06-08,0147,Terra,MODIS,76,6.2,302.4,16.2,D,0
-13.5734,130.2667,321.8,1.1,1,2014-06-08,0147,Terra,MODIS,68,6.2,302.5,14.1,D,0
-13.9324,129.8732,331.1,1,1,2014-06-08,0147,Terra,MODIS,72,6.2,303.3,22.6,D,0
-14.9959,129.7916,335,1.1,1,2014-06-08,0147,Terra,MODIS,86,6.2,304,29.7,D,0
-14.9973,129.8015,334.2,1.1,1,2014-06-08,0147,Terra,MODIS,85,6.2,303.4,27.9,D,0
-13.9779,130.1933,323.1,1.1,1,2014-06-08,0147,Terra,MODIS,40,6.2,302.2,13.2,D,0
-14.3796,127.5341,333.6,1,1,2014-06-08,0147,Terra,MODIS,85,6.2,304.6,25.5,D,0
-14.0643,130.1544,319.8,1.1,1,2014-06-08,0147,Terra,MODIS,62,6.2,301,10.5,D,0
-14.0657,130.1643,320.6,1.1,1,2014-06-08,0147,Terra,MODIS,67,6.2,302.4,10.6,D,0
-14.0935,130.1603,316.3,1.1,1,2014-06-08,0147,Terra,MODIS,36,6.2,302,7.3,D,0
-14.1007,130.1632,316.8,1.1,1,2014-06-08,0147,Terra,MODIS,66,6.2,301.9,8.6,D,0
-14.0811,126.7938,324.8,1.1,1,2014-06-08,0147,Terra,MODIS,77,6.2,302.5,15.8,D,0
-13.919,130.3595,322.3,1.1,1,2014-06-08,0147,Terra,MODIS,39,6.2,301.9,11.8,D,0
-14.5077,127.7094,316.1,1,1,2014-06-08,0147,Terra,MODIS,44,6.2,303.4,6.5,D,0
-14.3887,127.5327,315.6,1,1,2014-06-08,0147,Terra,MODIS,33,6.2,302.7,5.4,D,0
-13.8794,130.2134,317.6,1.1,1,2014-06-08,0147,Terra,MODIS,44,6.2,300.8,9.6,D,0
-14.0904,126.7923,341,1.1,1,2014-06-08,0147,Terra,MODIS,90,6.2,305.6,40.1,D,0
-14.0919,126.8022,328.7,1.1,1,2014-06-08,0147,Terra,MODIS,81,6.2,304.4,20.2,D,0
-13.9765,130.1835,325.7,1.1,1,2014-06-08,0147,Terra,MODIS,61,6.2,301.3,16.6,D,0
-14.5167,129.8527,316.2,1.1,1,2014-06-08,0147,Terra,MODIS,53,6.2,303.1,5.7,D,0
-14.4554,127.7904,315.1,1,1,2014-06-08,0147,Terra,MODIS,0,6.2,301.3,6.4,D,0
-14.8783,129.8609,366.8,1.1,1,2014-06-08,0147,Terra,MODIS,75,6.2,304.6,106,D,0
-14.5129,127.9275,328.5,1,1,2014-06-08,0147,Terra,MODIS,0,6.2,301.4,16.8,D,0
-14.8858,129.8635,349.6,1.1,1,2014-06-08,0147,Terra,MODIS,0,6.2,304.6,54.9,D,0
-14.5205,127.9168,322.8,1,1,2014-06-08,0147,Terra,MODIS,47,6.2,301.7,12.2,D,0
-14.6644,129.9146,316.6,1.1,1,2014-06-08,0147,Terra,MODIS,65,6.2,302.4,7.2,D,0
-14.5181,129.8624,326.6,1.1,1,2014-06-08,0147,Terra,MODIS,80,6.2,302.9,17.8,D,0
-14.221,126.9171,319,1.1,1,2014-06-08,0147,Terra,MODIS,68,6.2,303.1,9.5,D,0
-14.633,129.959,318.8,1.1,1,2014-06-08,0147,Terra,MODIS,42,6.2,302.5,8.2,D,0
-13.8991,130.0354,312.2,1.1,1,2014-06-08,0147,Terra,MODIS,43,6.2,300,6,D,0
-13.9738,130.164,316,1.1,1,2014-06-08,0147,Terra,MODIS,21,6.2,300.3,7.3,D,0
-13.5727,130.1275,314.6,1.1,1,2014-06-08,0147,Terra,MODIS,26,6.2,299.1,8.4,D,0
-14.1655,126.8048,330.8,1.1,1,2014-06-08,0147,Terra,MODIS,83,6.2,304.2,23.7,D,0
-14.1764,126.8133,352.6,1.1,1,2014-06-08,0147,Terra,MODIS,96,6.2,304.5,65.6,D,0
-14.1779,126.8232,357.6,1.1,1,2014-06-08,0147,Terra,MODIS,98,6.2,306.3,78.8,D,0
-14.1794,126.833,322.6,1.1,1,2014-06-08,0147,Terra,MODIS,60,6.2,304,11.9,D,0
-14.1887,126.8316,345.3,1.1,1,2014-06-08,0147,Terra,MODIS,92,6.2,303.1,48.1,D,0
-14.1903,126.8415,351.4,1.1,1,2014-06-08,0147,Terra,MODIS,96,6.2,305.2,62.1,D,0
-14.1918,126.8513,323,1.1,1,2014-06-08,0147,Terra,MODIS,73,6.2,303.4,12.8,D,0
-14.8672,130.1854,318.3,1.1,1,2014-06-08,0147,Terra,MODIS,51,6.2,303.2,8.8,D,0
-14.8766,130.184,320,1.1,1,2014-06-08,0147,Terra,MODIS,70,6.2,304,10.3,D,0
-13.8733,130.3052,335.5,1.1,1,2014-06-08,0147,Terra,MODIS,86,6.2,302.9,31.8,D,0
-14.8859,130.1826,315.9,1.1,1,2014-06-08,0147,Terra,MODIS,16,6.2,303.3,6.2,D,0
-13.8167,130.2191,314.3,1.1,1,2014-06-08,0147,Terra,MODIS,36,6.2,301.7,4.5,D,0
-13.5741,130.1372,319.6,1.1,1,2014-06-08,0147,Terra,MODIS,63,6.2,299.7,12.9,D,0
-13.7949,130.1323,317.9,1.1,1,2014-06-08,0147,Terra,MODIS,66,6.2,301.3,10,D,0
-13.7425,130.2298,315.7,1.1,1,2014-06-08,0147,Terra,MODIS,41,6.2,301.6,7.5,D,0
-14.149,126.8641,326.2,1.1,1,2014-06-08,0147,Terra,MODIS,76,6.2,303.1,16,D,0
-14.0173,130.6798,319.2,1.1,1.1,2014-06-08,0147,Terra,MODIS,69,6.2,301.8,9.7,D,0
-14.2795,127.4209,326.1,1,1,2014-06-08,0147,Terra,MODIS,78,6.2,302.8,16.7,D,0
-13.9645,130.1653,324.1,1.1,1,2014-06-08,0147,Terra,MODIS,69,6.2,301.2,15.8,D,0
-13.8612,130.2866,318.9,1.1,1,2014-06-08,0147,Terra,MODIS,25,6.2,302.8,8.5,D,0
-13.9219,129.8649,328.2,1,1,2014-06-08,0147,Terra,MODIS,55,6.2,300.4,18.1,D,0
-13.8626,130.2965,331.7,1.1,1,2014-06-08,0147,Terra,MODIS,83,6.2,302.8,25.8,D,0
-14.0187,130.6899,327.2,1.1,1.1,2014-06-08,0147,Terra,MODIS,79,6.2,301.1,19.9,D,0
-14.281,127.4303,322.3,1,1,2014-06-08,0147,Terra,MODIS,73,6.2,303.8,12.3,D,0
-13.9416,129.8718,328.8,1,1,2014-06-08,0147,Terra,MODIS,71,6.2,304.5,19.6,D,0
-14.2996,127.3692,314.8,1,1,2014-06-08,0147,Terra,MODIS,47,6.2,303.3,5.3,D,0
-14.164,126.7949,331.7,1.1,1,2014-06-08,0147,Terra,MODIS,83,6.2,302,25.3,D,0
-13.726,130.2282,322.2,1.1,1,2014-06-08,0147,Terra,MODIS,70,6.2,301.4,13.2,D,0
-14.2498,126.8154,319.6,1.1,1,2014-06-08,0147,Terra,MODIS,63,6.2,303.3,11.2,D,0
-13.7246,130.2184,318.7,1.1,1,2014-06-08,0147,Terra,MODIS,51,6.2,301.4,9.6,D,0
-14.4645,127.789,315.3,1,1,2014-06-08,0147,Terra,MODIS,36,6.2,300.8,6,D,0
-14.2211,126.8568,320.3,1.1,1,2014-06-08,0147,Terra,MODIS,58,6.2,302.8,10.6,D,0
-12.3884,133.0529,314.4,1.5,1.2,2014-06-08,0147,Terra,MODIS,64,6.2,299.7,10.8,D,0
-14.1933,126.8612,316.3,1.1,1,2014-06-08,0147,Terra,MODIS,51,6.2,303.3,6.1,D,0
-14.0207,131.1587,323.1,1.2,1.1,2014-06-08,0147,Terra,MODIS,40,6.2,303.4,14.8,D,0
-13.943,129.8814,328,1,1,2014-06-08,0147,Terra,MODIS,64,6.2,301.7,18.9,D,0
-13.864,130.3064,316.1,1.1,1,2014-06-08,0147,Terra,MODIS,40,6.2,301,7.6,D,0
-14.039,127.3507,325.7,1,1,2014-06-08,0147,Terra,MODIS,79,6.2,302.1,16.6,D,0
-13.644,129.9826,339,1,1,2014-06-08,0147,Terra,MODIS,89,6.2,302.9,36.7,D,0
-14.011,131.1601,331.9,1.2,1.1,2014-06-08,0147,Terra,MODIS,76,6.2,302.1,28.3,D,0
-14.0095,131.1492,337.1,1.2,1.1,2014-06-08,0147,Terra,MODIS,87,6.2,303.2,37.3,D,0
-14.8788,130.3384,311.7,1.1,1,2014-06-08,0147,Terra,MODIS,34,6.2,300.5,4.9,D,0
-13.7746,130.0561,328.1,1.1,1,2014-06-08,0147,Terra,MODIS,80,6.2,301.4,22,D,0
-13.7733,130.0464,324,1.1,1,2014-06-08,0147,Terra,MODIS,76,6.2,299.2,17.1,D,0
-14.0375,127.3411,334.6,1,1,2014-06-08,0147,Terra,MODIS,86,6.2,302.8,29,D,0
-13.7429,130.0311,320.8,1.1,1,2014-06-08,0147,Terra,MODIS,44,6.2,301.8,11,D,0
-12.4015,132.9034,317.5,1.4,1.2,2014-06-08,0147,Terra,MODIS,58,6.2,301.4,14.4,D,0
-14.3075,126.1638,325.5,1.1,1.1,2014-06-08,0147,Terra,MODIS,77,6.2,302,19.5,D,0
-14.2901,127.4289,316.9,1,1,2014-06-08,0147,Terra,MODIS,53,6.2,301.8,7,D,0
-13.7419,130.0905,322.6,1.1,1,2014-06-08,0147,Terra,MODIS,62,6.2,300,14.1,D,0
-14.2915,127.4384,314.6,1,1,2014-06-08,0147,Terra,MODIS,19,6.2,302.8,5,D,0
-14.3599,126.1598,319.8,1.1,1.1,2014-06-08,0147,Terra,MODIS,70,6.2,302.6,12.5,D,0
-14.6996,128.006,316,1,1,2014-06-08,0147,Terra,MODIS,51,6.2,303.3,4.7,D,0
-13.7894,130.0935,327.7,1.1,1,2014-06-08,0147,Terra,MODIS,80,6.2,302.2,20.6,D,0
-14.1715,126.4114,315.5,1.1,1.1,2014-06-08,0147,Terra,MODIS,45,6.2,301.5,6.9,D,0
-14.6955,127.9782,347.4,1,1,2014-06-08,0147,Terra,MODIS,94,6.2,305.6,47.6,D,0
-13.7405,130.0808,334.2,1.1,1,2014-06-08,0147,Terra,MODIS,85,6.2,302.4,28.9,D,0
-13.7986,130.0921,327,1.1,1,2014-06-08,0147,Terra,MODIS,79,6.2,300.1,20,D,0
-14.0284,127.3425,316.3,1,1,2014-06-08,0147,Terra,MODIS,56,6.2,300.8,7.8,D,0
-14.1716,126.4744,325.4,1.1,1.1,2014-06-08,0147,Terra,MODIS,49,6.2,303.7,15.8,D,0
-14.8885,129.883,331.4,1.1,1,2014-06-08,0147,Terra,MODIS,41,6.2,304.3,21,D,0
-14.1012,126.8008,328.9,1.1,1,2014-06-08,0147,Terra,MODIS,81,6.2,304.4,20.6,D,0
-13.6287,130.0734,319.5,1.1,1,2014-06-08,0147,Terra,MODIS,43,6.2,302,11.8,D,0
-13.8116,130.2499,317,1.1,1,2014-06-08,0147,Terra,MODIS,56,6.2,303.9,6.3,D,0
-13.5359,130.3181,325.7,1.1,1,2014-06-08,0147,Terra,MODIS,58,6.2,301.5,18.3,D,0
-14.2388,127.4528,319.3,1,1,2014-06-08,0147,Terra,MODIS,69,6.2,303.1,10.2,D,0
-14.2382,127.5108,318.9,1,1,2014-06-08,0147,Terra,MODIS,68,6.2,302.7,9.8,D,0
-14.6941,127.9689,340.8,1,1,2014-06-08,0147,Terra,MODIS,90,6.2,305,35.6,D,0
-13.5294,130.1396,317.4,1.1,1,2014-06-08,0147,Terra,MODIS,64,6.2,301,11.3,D,0
-15.0258,130.3212,319.2,1.1,1,2014-06-08,0147,Terra,MODIS,66,6.2,304.5,10.8,D,0
-15.0244,130.3111,322.7,1.1,1,2014-06-08,0147,Terra,MODIS,74,6.2,301.8,15,D,0
-13.9807,130.2129,320.9,1.1,1,2014-06-08,0147,Terra,MODIS,29,6.2,302.8,10.5,D,0
-13.9821,130.2228,316.3,1.1,1,2014-06-08,0147,Terra,MODIS,33,6.2,302.7,6.3,D,0
-13.99,130.2116,325.8,1.1,1,2014-06-08,0147,Terra,MODIS,58,6.2,300.7,16.5,D,0
-14.6865,127.9796,323.5,1,1,2014-06-08,0147,Terra,MODIS,75,6.2,305,12.6,D,0
-14.6851,127.9703,316.2,1,1,2014-06-08,0147,Terra,MODIS,54,6.2,303.1,5.6,D,0
-13.5387,130.1383,315.1,1.1,1,2014-06-08,0147,Terra,MODIS,46,6.2,299,8.9,D,0
-14.7234,127.6729,323.2,1,1,2014-06-08,0147,Terra,MODIS,68,6.2,304.2,10.8,D,0
-13.5648,130.1385,319.7,1.1,1,2014-06-08,0147,Terra,MODIS,60,6.2,302.8,13.4,D,0
-13.718,130.0544,330.5,1.1,1,2014-06-08,0147,Terra,MODIS,73,6.2,302.1,20.6,D,0
-14.961,129.8625,314.5,1.1,1,2014-06-08,0147,Terra,MODIS,40,6.2,301.7,5.5,D,0
-14.9347,129.8762,315.9,1.1,1,2014-06-08,0147,Terra,MODIS,61,6.2,302.6,6.7,D,0
-14.1674,130.821,319.4,1.1,1.1,2014-06-08,0147,Terra,MODIS,54,6.2,301.5,10.5,D,0
-14.5538,126.8691,315.6,1.1,1,2014-06-08,0147,Terra,MODIS,60,6.2,301,8.2,D,0
-14.6422,129.9577,319.9,1.1,1,2014-06-08,0147,Terra,MODIS,49,6.2,304.1,9.2,D,0
-14.5554,126.8789,328,1.1,1,2014-06-08,0147,Terra,MODIS,80,6.2,302.8,21.6,D,0
-14.2656,126.0841,315.7,1.2,1.1,2014-06-08,0147,Terra,MODIS,53,6.2,301.7,7.1,D,0
-14.2639,126.0734,333.2,1.2,1.1,2014-06-08,0147,Terra,MODIS,74,6.2,302.3,31,D,0
-14.2507,126.3285,317.2,1.1,1.1,2014-06-08,0147,Terra,MODIS,31,6.2,302.9,7.7,D,0
-14.2799,126.3601,320.3,1.1,1.1,2014-06-08,0147,Terra,MODIS,58,6.2,303.9,9.9,D,0
-14.1814,126.3821,315.8,1.1,1.1,2014-06-08,0147,Terra,MODIS,60,6.2,303.2,7.3,D,0
-14.2073,126.1754,326,1.1,1.1,2014-06-08,0147,Terra,MODIS,33,6.2,302.8,16.7,D,0
-14.0257,126.4407,323,1.1,1.1,2014-06-08,0147,Terra,MODIS,74,6.2,301.9,15.3,D,0
-14.0273,126.451,320,1.1,1.1,2014-06-08,0147,Terra,MODIS,70,6.2,302.2,11.5,D,0
-14.0857,126.7625,319,1.1,1,2014-06-08,0147,Terra,MODIS,68,6.2,301.4,10.1,D,0
-14.0873,126.7725,357.1,1.1,1,2014-06-08,0147,Terra,MODIS,98,6.2,306.1,78.5,D,0
-14.0888,126.7824,356.3,1.1,1,2014-06-08,0147,Terra,MODIS,98,6.2,306.8,75.3,D,0
-14.0981,126.7809,333.2,1.1,1,2014-06-08,0147,Terra,MODIS,85,6.2,301.2,26.7,D,0
-14.0997,126.7909,330.4,1.1,1,2014-06-08,0147,Terra,MODIS,82,6.2,303.3,22.4,D,0
-14.1338,126.765,325.3,1.1,1,2014-06-08,0147,Terra,MODIS,26,6.2,303,15.6,D,0
-14.1516,126.7766,338.9,1.1,1,2014-06-08,0147,Terra,MODIS,89,6.2,303.4,38.4,D,0
-14.1531,126.7865,326.3,1.1,1,2014-06-08,0147,Terra,MODIS,78,6.2,303.5,18.3,D,0
-14.078,126.7739,331.9,1.1,1,2014-06-08,0147,Terra,MODIS,83,6.2,303.5,25,D,0
-14.0795,126.7839,354.3,1.1,1,2014-06-08,0147,Terra,MODIS,97,6.2,304.6,70.9,D,0
-14.5463,126.5137,314.4,1.1,1,2014-06-08,0147,Terra,MODIS,44,6.2,302.4,5.9,D,0
-14.4261,126.642,318,1.1,1,2014-06-08,0147,Terra,MODIS,66,6.2,302.4,10,D,0
-14.1826,126.483,315.9,1.1,1.1,2014-06-08,0147,Terra,MODIS,19,6.2,301,5.5,D,0
-14.1841,126.4931,325,1.1,1,2014-06-08,0147,Terra,MODIS,77,6.2,303,16,D,0
-12.7256,133.6353,311.6,1.6,1.3,2014-06-08,0147,Terra,MODIS,35,6.2,298,9.9,D,0
-13.0433,131.0119,322.4,1.1,1.1,2014-06-08,0147,Terra,MODIS,65,6.2,300.2,13,D,0
-12.6912,133.7223,310.9,1.7,1.3,2014-06-08,0147,Terra,MODIS,53,6.2,296.9,10.7,D,0
-13.0514,131.0002,332.7,1.1,1.1,2014-06-08,0147,Terra,MODIS,84,6.2,300.4,27.7,D,0
-13.0528,131.0105,340.5,1.1,1.1,2014-06-08,0147,Terra,MODIS,90,6.2,302,41.5,D,0
-12.754,133.7706,320.3,1.7,1.3,2014-06-08,0147,Terra,MODIS,74,6.2,296.3,25.4,D,0
-12.75,133.5569,310.8,1.6,1.2,2014-06-08,0147,Terra,MODIS,53,6.2,297.7,8.5,D,0
-12.7447,133.7779,313.6,1.7,1.3,2014-06-08,0147,Terra,MODIS,29,6.2,296.4,12.6,D,0
-14.5366,132.8782,319.8,1.5,1.2,2014-06-08,0147,Terra,MODIS,71,6.2,302.3,18,D,0
-14.5256,132.8795,327.2,1.5,1.2,2014-06-08,0147,Terra,MODIS,80,6.2,301.8,31.5,D,0
-12.7387,131.4687,317.1,1.2,1.1,2014-06-08,0147,Terra,MODIS,66,6.2,301.5,10.5,D,0
-13.0323,131.0029,321.8,1.1,1.1,2014-06-08,0147,Terra,MODIS,71,6.2,301.6,13.8,D,0
-13.0337,131.0132,318.8,1.1,1.1,2014-06-08,0147,Terra,MODIS,56,6.2,300.8,9.9,D,0
-14.2293,126.5625,317.8,1.1,1,2014-06-08,0147,Terra,MODIS,47,6.2,301.8,9.5,D,0
-14.3684,126.4303,325.5,1.1,1.1,2014-06-08,0147,Terra,MODIS,77,6.2,304.2,19.4,D,0
-14.3699,126.4405,315.2,1.1,1.1,2014-06-08,0147,Terra,MODIS,39,6.2,302.1,7.2,D,0
-14.3853,126.5044,321.1,1.1,1,2014-06-08,0147,Terra,MODIS,71,6.2,302.1,14.3,D,0
-14.1239,126.3556,321,1.1,1.1,2014-06-08,0147,Terra,MODIS,71,6.2,302.8,12.8,D,0
-13.0418,131.0015,327,1.1,1.1,2014-06-08,0147,Terra,MODIS,78,6.2,301.1,19.8,D,0
-14.2412,126.3301,320.5,1.1,1.1,2014-06-08,0147,Terra,MODIS,67,6.2,302,11.9,D,0
-12.5795,133.7437,310.6,1.7,1.3,2014-06-08,0147,Terra,MODIS,46,6.2,296.8,8.8,D,0
-12.5909,133.7421,311.6,1.7,1.3,2014-06-08,0147,Terra,MODIS,52,6.2,296.8,10.4,D,0
-12.6363,133.736,309.4,1.7,1.3,2014-06-08,0147,Terra,MODIS,39,6.2,296.3,7.7,D,0
-12.6383,133.7512,313.1,1.7,1.3,2014-06-08,0147,Terra,MODIS,60,6.2,296.9,13.2,D,0
-14.6038,126.4149,322.8,1.1,1,2014-06-08,0148,Terra,MODIS,60,6.2,303.6,13.3,D,0
-15.214,125.7937,313.9,1.2,1.1,2014-06-08,0148,Terra,MODIS,43,6.2,302.1,7.1,D,0
-15.2401,125.8335,320,1.2,1.1,2014-06-08,0148,Terra,MODIS,40,6.2,301.1,12.7,D,0
-15.248,125.8212,320.5,1.2,1.1,2014-06-08,0148,Terra,MODIS,8,6.2,301.4,11.4,D,0
-14.6164,126.4338,320.3,1.1,1,2014-06-08,0148,Terra,MODIS,42,6.2,303.8,10,D,0
-15.1592,125.8421,311.1,1.2,1.1,2014-06-08,0148,Terra,MODIS,36,6.2,300.7,5.8,D,0
-15.1739,125.8726,315,1.2,1.1,2014-06-08,0148,Terra,MODIS,49,6.2,301.4,7.5,D,0
-14.5557,126.5122,318.9,1.1,1,2014-06-08,0148,Terra,MODIS,68,6.2,303.1,10.6,D,0
-14.643,126.1381,316.4,1.1,1.1,2014-06-08,0148,Terra,MODIS,53,6.2,302.5,8.4,D,0
-14.6525,126.1366,336.8,1.1,1.1,2014-06-08,0148,Terra,MODIS,87,6.2,302.4,37.3,D,0
-14.6541,126.1471,326.2,1.1,1.1,2014-06-08,0148,Terra,MODIS,78,6.2,302.5,19.9,D,0
-14.6558,126.1575,315.6,1.1,1.1,2014-06-08,0148,Terra,MODIS,38,6.2,302.4,7.4,D,0
-15.1355,125.879,319.2,1.2,1.1,2014-06-08,0148,Terra,MODIS,56,6.2,302.6,11.9,D,0
-15.1372,125.8896,320,1.2,1.1,2014-06-08,0148,Terra,MODIS,53,6.2,301.8,12.6,D,0
-14.6546,125.9622,319.5,1.2,1.1,2014-06-08,0148,Terra,MODIS,68,6.2,302.2,12.2,D,0
-14.6625,125.9499,394.2,1.2,1.1,2014-06-08,0148,Terra,MODIS,100,6.2,305.9,262.9,D,0
-14.6642,125.9606,389.6,1.2,1.1,2014-06-08,0148,Terra,MODIS,100,6.2,308.7,232.9,D,0
-14.6665,125.9536,396.9,1.2,1.1,2014-06-08,0148,Terra,MODIS,100,6.2,308.3,280.9,D,0
-14.6682,125.9643,337.3,1.2,1.1,2014-06-08,0148,Terra,MODIS,78,6.2,304.3,35.5,D,0
-14.6761,125.952,320.1,1.2,1.1,2014-06-08,0148,Terra,MODIS,59,6.2,301.6,12.3,D,0
-16.3431,125.5627,320,1.2,1.1,2014-06-08,0148,Terra,MODIS,72,6.2,304.6,11.1,D,0
-15.455,125.8394,312.9,1.1,1.1,2014-06-08,0148,Terra,MODIS,57,6.2,302.5,6.7,D,0
-15.4514,126.0028,318.3,1.1,1.1,2014-06-08,0148,Terra,MODIS,69,6.2,302.4,9.5,D,0
-15.453,126.0133,318.4,1.1,1.1,2014-06-08,0148,Terra,MODIS,70,6.2,302.1,9.6,D,0
-16.7689,125.5259,316.9,1.1,1.1,2014-06-08,0148,Terra,MODIS,63,6.2,301.8,9.5,D,0
-15.2706,125.8393,321.4,1.2,1.1,2014-06-08,0148,Terra,MODIS,37,6.2,302.6,12.8,D,0
-15.613,130.4795,317.2,1.1,1.1,2014-06-08,0148,Terra,MODIS,49,6.2,303.6,9.4,D,0
-15.1249,125.9353,314.8,1.1,1.1,2014-06-08,0148,Terra,MODIS,62,6.2,301.9,9.3,D,0
-15.8867,135.2779,313.7,2.4,1.5,2014-06-08,0148,Terra,MODIS,43,6.2,299.4,20.9,D,0
-15.9351,135.3412,312.9,2.4,1.5,2014-06-08,0148,Terra,MODIS,32,6.2,298.8,19.5,D,0
-15.9289,135.3353,320.4,2.4,1.5,2014-06-08,0148,Terra,MODIS,75,6.2,299.6,43.9,D,0
-16.0989,136.1073,311.7,2.8,1.6,2014-06-08,0148,Terra,MODIS,59,6.2,297.2,27.3,D,0
-15.7767,135.229,313.3,2.4,1.5,2014-06-08,0148,Terra,MODIS,62,6.2,299.4,22.1,D,0
-17.1459,126.881,317.4,1,1,2014-06-08,0148,Terra,MODIS,59,6.2,302.6,8.3,D,0
-17.1445,126.8715,342.2,1,1,2014-06-08,0148,Terra,MODIS,91,6.2,303,41.2,D,0
-16.4591,124.4428,314.5,1.3,1.1,2014-06-08,0148,Terra,MODIS,32,6.2,301.5,8.5,D,0
-14.6817,126.6704,319.9,1.1,1,2014-06-08,0148,Terra,MODIS,36,6.2,303.3,10.1,D,0
-15.8398,127.5025,313.6,1,1,2014-06-08,0148,Terra,MODIS,57,6.2,302.9,4.9,D,0
-14.6995,126.6817,317.1,1.1,1,2014-06-08,0148,Terra,MODIS,52,6.2,302.2,8.3,D,0
-15.7737,127.4907,319.3,1,1,2014-06-08,0148,Terra,MODIS,26,6.2,303.7,8.1,D,0
-16.4655,122.9317,311.9,1.7,1.3,2014-06-08,0148,Terra,MODIS,51,6.2,299.7,11.5,D,0
-16.4436,125.1603,317,1.2,1.1,2014-06-08,0148,Terra,MODIS,67,6.2,302,11.5,D,0
-15.2831,126.043,312.5,1.1,1.1,2014-06-08,0148,Terra,MODIS,45,6.2,300.8,5.7,D,0
-14.6887,126.6734,319.3,1.1,1,2014-06-08,0148,Terra,MODIS,54,6.2,303.3,9.9,D,0
-17.1003,123.1966,314.6,1.6,1.2,2014-06-08,0148,Terra,MODIS,41,6.2,300.7,12.8,D,0
-16.4693,124.4412,315.2,1.3,1.1,2014-06-08,0148,Terra,MODIS,28,6.2,300.9,9.3,D,0
-16.4673,124.4289,330.6,1.3,1.1,2014-06-08,0148,Terra,MODIS,0,6.2,302.8,34,D,0
-17.0827,123.0941,314.8,1.6,1.2,2014-06-08,0148,Terra,MODIS,62,6.2,301.2,15,D,0
-15.2814,126.0325,315.2,1.1,1.1,2014-06-08,0148,Terra,MODIS,63,6.2,301,8.3,D,0
-17.1415,126.8523,328,1,1,2014-06-08,0148,Terra,MODIS,82,6.2,299.6,20.5,D,0
-17.0918,123.2132,313.2,1.6,1.2,2014-06-08,0148,Terra,MODIS,32,6.2,302.5,10.6,D,0
-16.994,122.5163,318.3,1.8,1.3,2014-06-08,0148,Terra,MODIS,68,6.2,301.7,23.2,D,0
-16.5264,125.1635,314.2,1.2,1.1,2014-06-08,0148,Terra,MODIS,44,6.2,303.6,7.1,D,0
-17.143,126.8619,377.7,1,1,2014-06-08,0148,Terra,MODIS,100,6.2,306.6,142.2,D,0
-15.2939,125.9876,314,1.1,1.1,2014-06-08,0148,Terra,MODIS,56,6.2,302.3,6.7,D,0
-17.1029,123.2112,329.6,1.6,1.2,2014-06-08,0148,Terra,MODIS,82,6.2,301.7,42.7,D,0
-15.7841,127.4986,319.4,1,1,2014-06-08,0148,Terra,MODIS,22,6.2,303.2,7.6,D,0
-15.4407,131.7986,321.8,1.3,1.1,2014-06-08,0148,Terra,MODIS,69,6.2,302,17.8,D,0
-15.4391,131.7862,333.3,1.3,1.1,2014-06-08,0148,Terra,MODIS,85,6.2,302.8,38.3,D,0
-15.4446,131.748,317.7,1.3,1.1,2014-06-08,0148,Terra,MODIS,58,6.2,301.1,10.6,D,0
-15.5128,131.7887,321.5,1.3,1.1,2014-06-08,0148,Terra,MODIS,54,6.2,300.5,17,D,0
-15.4946,131.9698,312.6,1.4,1.2,2014-06-08,0148,Terra,MODIS,55,6.2,301.2,6.5,D,0
-15.4288,131.7876,325.8,1.3,1.1,2014-06-08,0148,Terra,MODIS,79,6.2,301.2,24.6,D,0
-15.5025,131.7901,328.2,1.3,1.1,2014-06-08,0148,Terra,MODIS,72,6.2,303.6,25.8,D,0
-15.4273,131.7753,318.3,1.3,1.1,2014-06-08,0148,Terra,MODIS,31,6.2,301.1,12.4,D,0
-15.5092,131.7827,325.1,1.3,1.1,2014-06-08,0148,Terra,MODIS,49,6.2,300.8,23.3,D,0
-15.4738,131.7315,324.3,1.3,1.1,2014-06-08,0148,Terra,MODIS,72,6.2,300.9,21.1,D,0
-15.6739,131.7798,314.9,1.3,1.1,2014-06-08,0148,Terra,MODIS,55,6.2,302,8.9,D,0
-15.5009,131.7778,336.4,1.3,1.1,2014-06-08,0148,Terra,MODIS,88,6.2,302.1,43.6,D,0
-15.5145,131.8011,317.5,1.3,1.1,2014-06-08,0148,Terra,MODIS,52,6.2,300.7,11.5,D,0
-15.5108,131.7951,327.4,1.3,1.1,2014-06-08,0148,Terra,MODIS,78,6.2,301.6,27.6,D,0
-18.2339,130.433,315.6,1.2,1.1,2014-06-08,0148,Terra,MODIS,70,6.2,296.7,13.4,D,0
-14.9085,126.4099,334.2,1.1,1,2014-06-08,0148,Terra,MODIS,86,6.2,303.2,31.8,D,0
-14.9101,126.4201,315.2,1.1,1,2014-06-08,0148,Terra,MODIS,45,6.2,302.2,7.1,D,0
-16.5339,127.6464,312.6,1,1,2014-06-08,0148,Terra,MODIS,37,6.2,300.6,5.1,D,0
-15.2906,125.8187,319.8,1.2,1.1,2014-06-08,0148,Terra,MODIS,72,6.2,302.2,14.5,D,0
-15.2881,125.8253,320.1,1.2,1.1,2014-06-08,0148,Terra,MODIS,45,6.2,303.1,11.3,D,0
-14.9561,126.1855,315.3,1.1,1.1,2014-06-08,0148,Terra,MODIS,51,6.2,301.3,8.4,D,0
-14.8195,126.4921,316.7,1.1,1,2014-06-08,0148,Terra,MODIS,42,6.2,301.3,7.9,D,0
-14.8179,126.482,318.5,1.1,1,2014-06-08,0148,Terra,MODIS,53,6.2,302.6,10.4,D,0
-14.8194,126.6152,313.6,1.1,1,2014-06-08,0148,Terra,MODIS,54,6.2,303,6,D,0
-14.9822,126.1965,316.3,1.1,1.1,2014-06-08,0148,Terra,MODIS,65,6.2,300.1,10.3,D,0
-14.9782,126.2031,327,1.1,1.1,2014-06-08,0148,Terra,MODIS,68,6.2,301.5,20.1,D,0
-14.9766,126.1927,326.9,1.1,1.1,2014-06-08,0148,Terra,MODIS,55,6.2,299.9,19.6,D,0
-14.975,126.1824,338.4,1.1,1.1,2014-06-08,0148,Terra,MODIS,89,6.2,300.6,40,D,0
-14.9656,126.184,341.2,1.1,1.1,2014-06-08,0148,Terra,MODIS,90,6.2,304.2,45.8,D,0
-14.8527,127.5539,324.1,1,1,2014-06-08,0148,Terra,MODIS,75,6.2,302.7,12.6,D,0
-14.8389,127.5849,346.9,1,1,2014-06-08,0148,Terra,MODIS,93,6.2,304.6,47.4,D,0
-15.191,126.3494,312.5,1.1,1,2014-06-08,0148,Terra,MODIS,38,6.2,301.9,5.2,D,0
-15.0083,126.4596,337.3,1.1,1,2014-06-08,0148,Terra,MODIS,88,6.2,303.2,35.4,D,0
-15.0099,126.4696,316.9,1.1,1,2014-06-08,0148,Terra,MODIS,54,6.2,302.2,8.4,D,0
-15.0631,126.4653,313.9,1.1,1,2014-06-08,0148,Terra,MODIS,22,6.2,301.1,5.8,D,0
-15.2409,127.7454,316.2,1,1,2014-06-08,0148,Terra,MODIS,26,6.2,303.3,5.1,D,0
-15.2085,126.4603,319,1.1,1,2014-06-08,0148,Terra,MODIS,70,6.2,301,12,D,0
-15.2769,126.4697,313.2,1.1,1,2014-06-08,0148,Terra,MODIS,34,6.2,301.5,5.6,D,0
-15.2815,126.4998,329.2,1.1,1,2014-06-08,0148,Terra,MODIS,82,6.2,302.1,24.1,D,0
-15.2831,126.5097,312.2,1.1,1,2014-06-08,0148,Terra,MODIS,24,6.2,300.3,5.2,D,0
-15.2707,126.3677,314.8,1.1,1,2014-06-08,0148,Terra,MODIS,57,6.2,300.9,6.9,D,0
-15.1894,126.3393,326.8,1.1,1,2014-06-08,0148,Terra,MODIS,80,6.2,303.3,21,D,0
-15.1627,126.3287,319,1.1,1,2014-06-08,0148,Terra,MODIS,51,6.2,302.6,9.8,D,0
-14.907,126.3997,315,1.1,1,2014-06-08,0148,Terra,MODIS,43,6.2,301.9,6.7,D,0
-14.9803,126.648,323.5,1.1,1,2014-06-08,0148,Terra,MODIS,75,6.2,302,14.3,D,0
-14.8777,127.1755,315.8,1,1,2014-06-08,0148,Terra,MODIS,56,6.2,303.6,6.4,D,0
-14.8762,127.1659,322.7,1,1,2014-06-08,0148,Terra,MODIS,74,6.2,303.5,13.3,D,0
-15.0427,126.3963,314.6,1.1,1,2014-06-08,0148,Terra,MODIS,60,6.2,302.8,5.4,D,0
-14.7338,127.6809,332.2,1,1,2014-06-08,0148,Terra,MODIS,84,6.2,304.5,21.7,D,0
-15.2472,126.1236,314.5,1.1,1.1,2014-06-08,0148,Terra,MODIS,56,6.2,299.7,8.1,D,0
-15.2489,126.1339,322.2,1.1,1.1,2014-06-08,0148,Terra,MODIS,75,6.2,300.9,16.7,D,0
-15.2616,126.153,326.8,1.1,1.1,2014-06-08,0148,Terra,MODIS,80,6.2,301.1,21.1,D,0
-15.304,126.1144,337.8,1.1,1.1,2014-06-08,0148,Terra,MODIS,88,6.2,301.5,39.4,D,0
-15.3056,126.1247,318.6,1.1,1.1,2014-06-08,0148,Terra,MODIS,66,6.2,300.6,11.4,D,0
-15.3167,126.1334,339.1,1.1,1.1,2014-06-08,0148,Terra,MODIS,89,6.2,301.9,41.1,D,0
-15.0581,126.3103,320.2,1.1,1,2014-06-08,0148,Terra,MODIS,64,6.2,301.1,12.3,D,0
-15.0597,126.3205,317.6,1.1,1,2014-06-08,0148,Terra,MODIS,48,6.2,301.6,9.3,D,0
-15.3373,129.9235,314.3,1.1,1,2014-06-08,0148,Terra,MODIS,29,6.2,299.3,6.5,D,0
-15.3261,126.1319,337.1,1.1,1.1,2014-06-08,0148,Terra,MODIS,88,6.2,301.7,36.8,D,0
-15.3356,126.1304,314.4,1.1,1.1,2014-06-08,0148,Terra,MODIS,39,6.2,300.6,7.1,D,0
-15.3395,126.1236,339.4,1.1,1.1,2014-06-08,0148,Terra,MODIS,75,6.2,302.9,39.3,D,0
-15.349,126.122,345.2,1.1,1.1,2014-06-08,0148,Terra,MODIS,93,6.2,302.2,52,D,0
-15.3506,126.1323,328.6,1.1,1.1,2014-06-08,0148,Terra,MODIS,65,6.2,302,22.1,D,0
-15.7756,126.9601,318.7,1,1,2014-06-08,0148,Terra,MODIS,70,6.2,301.4,10.6,D,0
-15.3359,129.9134,318.4,1.1,1,2014-06-08,0148,Terra,MODIS,18,6.2,300.7,9.5,D,0
-15.3345,129.9035,335,1.1,1,2014-06-08,0148,Terra,MODIS,86,6.2,302.2,29.9,D,0
-14.7079,127.0872,318.3,1,1,2014-06-08,0148,Terra,MODIS,50,6.2,301.5,9.3,D,0
-14.7094,127.0968,323.9,1,1,2014-06-08,0148,Terra,MODIS,76,6.2,301.4,15.3,D,0
-14.7108,127.1064,323.6,1,1,2014-06-08,0148,Terra,MODIS,67,6.2,301.2,14.1,D,0
-14.7336,127.1324,318,1,1,2014-06-08,0148,Terra,MODIS,35,6.2,302.1,7.9,D,0
-14.735,127.1419,323.4,1,1,2014-06-08,0148,Terra,MODIS,75,6.2,303.5,13.7,D,0
-14.7365,127.1515,318.4,1,1,2014-06-08,0148,Terra,MODIS,51,6.2,304.4,7.7,D,0
-15.3331,129.8938,325.7,1.1,1,2014-06-08,0148,Terra,MODIS,46,6.2,301,16.2,D,0
-16.5429,127.645,313.2,1,1,2014-06-08,0148,Terra,MODIS,33,6.2,301.6,5.1,D,0
-15.0836,129.762,327.2,1.1,1,2014-06-08,0148,Terra,MODIS,79,6.2,302.2,19.4,D,0
-15.114,129.7776,328.2,1.1,1,2014-06-08,0148,Terra,MODIS,80,6.2,301.9,21.6,D,0
-15.1154,129.7874,326.7,1.1,1,2014-06-08,0148,Terra,MODIS,79,6.2,301,19.5,D,0
-15.1167,129.7971,321.4,1.1,1,2014-06-08,0148,Terra,MODIS,72,6.2,300.9,13,D,0
-15.1536,126.5162,324.3,1.1,1,2014-06-08,0148,Terra,MODIS,77,6.2,302.6,16.2,D,0
-15.1521,126.5062,323,1.1,1,2014-06-08,0148,Terra,MODIS,75,6.2,302.2,14.3,D,0
-15.1181,129.8069,317.5,1.1,1,2014-06-08,0148,Terra,MODIS,59,6.2,300.8,8.9,D,0
-15.2541,127.772,320.9,1,1,2014-06-08,0148,Terra,MODIS,39,6.2,304.5,9,D,0
-15.2527,127.7627,321.2,1,1,2014-06-08,0148,Terra,MODIS,46,6.2,303.2,9.4,D,0
-15.3225,129.8853,323.7,1.1,1,2014-06-08,0148,Terra,MODIS,66,6.2,302.7,14,D,0
-15.6341,126.9952,317.3,1,1,2014-06-08,0148,Terra,MODIS,67,6.2,301.1,9.9,D,0
-15.0442,127.3572,325.2,1,1,2014-06-08,0148,Terra,MODIS,76,6.2,304.2,14.4,D,0
-15.0428,127.3477,317.2,1,1,2014-06-08,0148,Terra,MODIS,36,6.2,303.1,6.5,D,0
-15.0337,127.3491,317.7,1,1,2014-06-08,0148,Terra,MODIS,41,6.2,303,7.2,D,0
-16.2584,126.3226,314.5,1.1,1,2014-06-08,0148,Terra,MODIS,53,6.2,300.2,6.1,D,0
-14.9441,126.6402,317.7,1.1,1,2014-06-08,0148,Terra,MODIS,60,6.2,302.8,8.2,D,0
-14.847,126.2628,313.6,1.1,1.1,2014-06-08,0148,Terra,MODIS,49,6.2,300.6,7,D,0
-17.082,126.2833,316.2,1.1,1,2014-06-08,0148,Terra,MODIS,56,6.2,303.3,6.5,D,0
-16.357,127.572,318.1,1,1,2014-06-08,0148,Terra,MODIS,52,6.2,301.6,8.5,D,0
-16.3556,127.5627,334.4,1,1,2014-06-08,0148,Terra,MODIS,86,6.2,302.7,27.5,D,0
-16.3452,127.5548,317.7,1,1,2014-06-08,0148,Terra,MODIS,41,6.2,304.2,7.6,D,0
-16.4927,126.6456,313.7,1,1,2014-06-08,0148,Terra,MODIS,59,6.2,301.3,5.2,D,0
-16.4912,126.6359,317.6,1,1,2014-06-08,0148,Terra,MODIS,68,6.2,302.6,8.8,D,0
-15.3387,129.9333,316.3,1.1,1,2014-06-08,0148,Terra,MODIS,38,6.2,299,8,D,0
-15.0005,126.4091,323.2,1.1,1,2014-06-08,0148,Terra,MODIS,63,6.2,302.3,13.3,D,0
-14.9989,126.399,319.1,1.1,1,2014-06-08,0148,Terra,MODIS,47,6.2,302.4,8.8,D,0
-14.9911,126.4106,344,1.1,1,2014-06-08,0148,Terra,MODIS,92,6.2,303.8,46.8,D,0
-14.9896,126.4005,355.3,1.1,1,2014-06-08,0148,Terra,MODIS,98,6.2,304.8,74.5,D,0
-14.988,126.3904,326.7,1.1,1,2014-06-08,0148,Terra,MODIS,78,6.2,302.4,18,D,0
-14.9817,126.3496,316,1.1,1,2014-06-08,0148,Terra,MODIS,47,6.2,301,6.1,D,0
-14.9801,126.3395,320,1.1,1,2014-06-08,0148,Terra,MODIS,71,6.2,301.6,11,D,0
-16.2146,126.1647,315.7,1.1,1,2014-06-08,0148,Terra,MODIS,64,6.2,302.2,7.7,D,0
-16.1692,126.1202,314.1,1.1,1,2014-06-08,0148,Terra,MODIS,58,6.2,301.6,7,D,0
-15.6385,126.7904,322.9,1.1,1,2014-06-08,0148,Terra,MODIS,72,6.2,301.1,14.7,D,0
-14.8612,127.6102,315,1,1,2014-06-08,0148,Terra,MODIS,43,6.2,302.6,4.9,D,0
-14.8508,127.6022,328.8,1,1,2014-06-08,0148,Terra,MODIS,81,6.2,303.5,18.9,D,0
-14.8493,127.5929,326.2,1,1,2014-06-08,0148,Terra,MODIS,78,6.2,303.9,15.4,D,0
-14.8403,127.5943,327.3,1,1,2014-06-08,0148,Terra,MODIS,80,6.2,303.4,16.2,D,0
-16.7244,126.6591,326.4,1,1,2014-06-08,0148,Terra,MODIS,80,6.2,302.1,18.3,D,0
-16.1646,126.1273,315.4,1.1,1,2014-06-08,0148,Terra,MODIS,31,6.2,301.6,6.8,D,0
-16.1675,126.11,318.8,1.1,1,2014-06-08,0148,Terra,MODIS,70,6.2,302.5,11.7,D,0
-15.803,126.9557,312.5,1,1,2014-06-08,0148,Terra,MODIS,53,6.2,301.5,5,D,0
-15.5985,126.4127,323.4,1.1,1,2014-06-08,0148,Terra,MODIS,76,6.2,301.5,16.6,D,0
-15.1592,126.0271,324.2,1.1,1.1,2014-06-08,0148,Terra,MODIS,74,6.2,303.5,17.5,D,0
-15.1687,126.0256,318.6,1.1,1.1,2014-06-08,0148,Terra,MODIS,52,6.2,300.4,11.2,D,0
-15.1877,126.6124,313.8,1.1,1,2014-06-08,0148,Terra,MODIS,38,6.2,302.3,6.1,D,0
-15.607,126.9405,312.9,1,1,2014-06-08,0148,Terra,MODIS,55,6.2,301.4,6.3,D,0
-15.9495,126.2375,315.4,1.1,1,2014-06-08,0148,Terra,MODIS,52,6.2,300.7,7.9,D,0
-15.9401,126.239,314.2,1.1,1,2014-06-08,0148,Terra,MODIS,40,6.2,302.6,6.4,D,0
-16.3151,126.567,316.7,1.1,1,2014-06-08,0148,Terra,MODIS,58,6.2,302.6,8,D,0
-16.3228,126.5557,321.1,1.1,1,2014-06-08,0148,Terra,MODIS,73,6.2,301.3,13.2,D,0
-14.8255,126.7158,319,1.1,1,2014-06-08,0148,Terra,MODIS,69,6.2,304.4,10.2,D,0
-15.2989,130.1947,321,1.1,1,2014-06-08,0148,Terra,MODIS,72,6.2,300.9,14.3,D,0
-14.8447,126.4925,313.9,1.1,1,2014-06-08,0148,Terra,MODIS,54,6.2,301,6.7,D,0
-14.8273,126.4806,320,1.1,1,2014-06-08,0148,Terra,MODIS,41,6.2,301.2,11.1,D,0
-14.8257,126.4705,334.7,1.1,1,2014-06-08,0148,Terra,MODIS,86,6.2,301.5,32.1,D,0
-15.2217,129.9564,326.6,1.1,1,2014-06-08,0148,Terra,MODIS,63,6.2,301.3,18.2,D,0
-15.1594,127.4485,316.5,1,1,2014-06-08,0148,Terra,MODIS,64,6.2,303.2,6.8,D,0
-15.3913,129.9911,316.5,1.1,1,2014-06-08,0148,Terra,MODIS,50,6.2,303.9,8.1,D,0
-16.5659,127.1251,317.1,1,1,2014-06-08,0148,Terra,MODIS,38,6.2,304.4,6.3,D,0
-16.5645,127.1156,324.8,1,1,2014-06-08,0148,Terra,MODIS,75,6.2,303.4,14.1,D,0
-17.0943,123.2277,312.2,1.6,1.2,2014-06-08,0148,Terra,MODIS,27,6.2,300.1,8.4,D,0
-15.1217,127.4448,316.6,1,1,2014-06-08,0148,Terra,MODIS,40,6.2,303.5,6.4,D,0
-15.1127,127.4462,321.7,1,1,2014-06-08,0148,Terra,MODIS,73,6.2,303,11.9,D,0
-14.7353,127.6902,326.2,1,1,2014-06-08,0148,Terra,MODIS,71,6.2,302.6,14.8,D,0
-14.7443,127.6888,329.5,1,1,2014-06-08,0148,Terra,MODIS,81,6.2,303.9,18.8,D,0
-17.0557,126.2366,326.6,1.1,1,2014-06-08,0148,Terra,MODIS,80,6.2,304.7,17.9,D,0
-17.1415,126.2567,318.8,1.1,1,2014-06-08,0148,Terra,MODIS,64,6.2,303.2,9.8,D,0
-15.4805,126.1259,315.3,1.1,1.1,2014-06-08,0148,Terra,MODIS,60,6.2,301.8,7.4,D,0
-15.4789,126.1155,316.9,1.1,1.1,2014-06-08,0148,Terra,MODIS,67,6.2,301.6,9.5,D,0
-15.4772,126.1052,313.9,1.1,1.1,2014-06-08,0148,Terra,MODIS,27,6.2,300.8,6,D,0
-14.9838,126.2068,320.2,1.1,1.1,2014-06-08,0148,Terra,MODIS,72,6.2,300.7,14.3,D,0
-15.4645,126.086,313.9,1.1,1.1,2014-06-08,0148,Terra,MODIS,42,6.2,301.3,6.2,D,0
-15.4629,126.0756,313.6,1.1,1.1,2014-06-08,0148,Terra,MODIS,43,6.2,302.4,6,D,0
-15.4349,126.1437,318.3,1.1,1.1,2014-06-08,0148,Terra,MODIS,70,6.2,302.4,10.5,D,0
-15.4057,126.1127,320.3,1.1,1.1,2014-06-08,0148,Terra,MODIS,72,6.2,302.2,12.7,D,0
-15.3884,126.1262,319.5,1.1,1.1,2014-06-08,0148,Terra,MODIS,32,6.2,299.9,11.1,D,0
-15.3806,126.138,323.6,1.1,1.1,2014-06-08,0148,Terra,MODIS,68,6.2,300.6,16.4,D,0
-15.379,126.1277,341.5,1.1,1.1,2014-06-08,0148,Terra,MODIS,91,6.2,301.8,45.4,D,0
-15.3617,126.1411,322.1,1.1,1.1,2014-06-08,0148,Terra,MODIS,68,6.2,301,14.7,D,0
-15.3601,126.1308,361.9,1.1,1.1,2014-06-08,0148,Terra,MODIS,100,6.2,302.9,99.3,D,0
-15.3584,126.1205,325.1,1.1,1.1,2014-06-08,0148,Terra,MODIS,55,6.2,300.1,18,D,0
-16.5816,127.0448,325.8,1,1,2014-06-08,0148,Terra,MODIS,79,6.2,303.5,15.9,D,0
-16.583,127.0543,336.1,1,1,2014-06-08,0148,Terra,MODIS,87,6.2,305.2,30.1,D,0
-16.5845,127.0638,317.8,1,1,2014-06-08,0148,Terra,MODIS,69,6.2,304,7.8,D,0
-14.9349,126.5807,312.6,1.1,1,2014-06-08,0148,Terra,MODIS,49,6.2,301.6,5.6,D,0
-14.6834,127.1107,324.9,1,1,2014-06-08,0148,Terra,MODIS,77,6.2,302.4,15.9,D,0
-14.6848,127.1203,319.7,1,1,2014-06-08,0148,Terra,MODIS,52,6.2,302.3,9.9,D,0
-14.6893,127.1491,322.4,1,1,2014-06-08,0148,Terra,MODIS,70,6.2,302.6,12.3,D,0
-14.6908,127.1587,328.5,1,1,2014-06-08,0148,Terra,MODIS,81,6.2,302.9,20.4,D,0
-14.6925,127.1093,337.8,1,1,2014-06-08,0148,Terra,MODIS,50,6.2,304.6,30.3,D,0
-14.694,127.1189,345.2,1,1,2014-06-08,0148,Terra,MODIS,92,6.2,303.9,44.4,D,0
-16.8133,126.5782,314.1,1,1,2014-06-08,0148,Terra,MODIS,55,6.2,301.2,6.3,D,0
-15.0335,127.7142,319,1,1,2014-06-08,0148,Terra,MODIS,60,6.2,301.4,8.8,D,0
-15.1763,129.9025,324.8,1.1,1,2014-06-08,0148,Terra,MODIS,73,6.2,300.5,16.3,D,0
-15.1265,129.8658,314.1,1.1,1,2014-06-08,0148,Terra,MODIS,21,6.2,300.6,5.4,D,0
-15.1121,129.898,316.2,1.1,1,2014-06-08,0148,Terra,MODIS,38,6.2,301,6.4,D,0
-15.1028,129.8991,321.7,1.1,1,2014-06-08,0148,Terra,MODIS,73,6.2,301.8,12.3,D,0
-15.0321,127.7049,315.6,1,1,2014-06-08,0148,Terra,MODIS,27,6.2,302.5,5.5,D,0
-15.9431,126.1968,318.2,1.1,1,2014-06-08,0148,Terra,MODIS,65,6.2,302,10.8,D,0
-16.1679,126.3336,311.7,1.1,1,2014-06-08,0148,Terra,MODIS,45,6.2,299.3,5.5,D,0
-15.0716,129.7439,337.5,1.1,1,2014-06-08,0148,Terra,MODIS,88,6.2,301.3,35.9,D,0
-15.073,129.7536,340.5,1.1,1,2014-06-08,0148,Terra,MODIS,90,6.2,303.6,40,D,0
-15.0744,129.7633,326.9,1.1,1,2014-06-08,0148,Terra,MODIS,76,6.2,302.9,18,D,0
-15.2394,126.352,314.3,1.1,1,2014-06-08,0148,Terra,MODIS,45,6.2,300,6.7,D,0
-15.2378,126.3419,326.3,1.1,1,2014-06-08,0148,Terra,MODIS,79,6.2,302.4,19.8,D,0
-15.2761,129.892,321.4,1.1,1,2014-06-08,0148,Terra,MODIS,61,6.2,303.3,11.2,D,0
-15.2748,129.8823,326.9,1.1,1,2014-06-08,0148,Terra,MODIS,75,6.2,304.8,17.1,D,0
-15.2668,129.8934,339.5,1.1,1,2014-06-08,0148,Terra,MODIS,89,6.2,304.3,37,D,0
-15.5921,126.8436,331.9,1,1,2014-06-08,0148,Terra,MODIS,71,6.2,303.1,23.3,D,0
-15.5753,126.8563,324.2,1,1,2014-06-08,0148,Terra,MODIS,76,6.2,302.6,15.2,D,0
-15.2655,129.8836,323.1,1.1,1,2014-06-08,0148,Terra,MODIS,62,6.2,302.6,12.3,D,0
-15.6354,126.8307,321,1,1,2014-06-08,0148,Terra,MODIS,73,6.2,302.3,13.6,D,0
-15.6258,126.8183,323.4,1,1,2014-06-08,0148,Terra,MODIS,58,6.2,301.6,14.4,D,0
-15.6043,126.8616,318,1,1,2014-06-08,0148,Terra,MODIS,42,6.2,303.4,9,D,0
-15.6028,126.8519,324,1,1,2014-06-08,0148,Terra,MODIS,61,6.2,304.4,14.6,D,0
-15.6013,126.8422,352.6,1,1,2014-06-08,0148,Terra,MODIS,96,6.2,305.7,64.1,D,0
-15.5998,126.8325,325.1,1,1,2014-06-08,0148,Terra,MODIS,72,6.2,301.5,16.3,D,0
-15.6565,126.9067,311.1,1,1,2014-06-08,0148,Terra,MODIS,45,6.2,300.8,4.7,D,0
-15.5417,126.822,316.4,1.1,1,2014-06-08,0148,Terra,MODIS,66,6.2,302.6,8.8,D,0
-15.5402,126.8123,316,1.1,1,2014-06-08,0148,Terra,MODIS,65,6.2,302.5,9,D,0
-15.5387,126.8026,318.2,1.1,1,2014-06-08,0148,Terra,MODIS,69,6.2,301.9,10.7,D,0
-15.5325,126.8101,320,1.1,1,2014-06-08,0148,Terra,MODIS,42,6.2,303.6,11,D,0
-15.531,126.8004,332.5,1.1,1,2014-06-08,0148,Terra,MODIS,85,6.2,303.1,27.2,D,0
-15.1111,125.9979,322.7,1.1,1.1,2014-06-08,0148,Terra,MODIS,75,6.2,303.6,15.9,D,0
-15.13,125.9671,320.4,1.1,1.1,2014-06-08,0148,Terra,MODIS,55,6.2,301.7,14.1,D,0
-15.1317,125.9777,323,1.1,1.1,2014-06-08,0148,Terra,MODIS,39,6.2,301.6,16.5,D,0
-15.0667,127.3827,323.6,1,1,2014-06-08,0148,Terra,MODIS,67,6.2,303.7,12.2,D,0
-15.0562,127.3747,321.5,1,1,2014-06-08,0148,Terra,MODIS,47,6.2,303.2,10.1,D,0
-15.2633,126.1633,314,1.1,1.1,2014-06-08,0148,Terra,MODIS,57,6.2,300.3,7.3,D,0
-15.2649,126.1736,311,1.1,1.1,2014-06-08,0148,Terra,MODIS,42,6.2,300.3,4.9,D,0
-14.9267,127.6765,319.7,1,1,2014-06-08,0148,Terra,MODIS,70,6.2,302.8,9,D,0
-14.9253,127.6671,321.4,1,1,2014-06-08,0148,Terra,MODIS,72,6.2,303.9,10.7,D,0
-15.9447,126.2069,316.7,1.1,1,2014-06-08,0148,Terra,MODIS,59,6.2,301.6,8.7,D,0
-15.9524,126.1952,318.8,1.1,1,2014-06-08,0148,Terra,MODIS,63,6.2,300.7,11.5,D,0
-14.9176,127.6779,317.2,1,1,2014-06-08,0148,Terra,MODIS,15,6.2,303.4,6,D,0
-14.8225,126.5738,314.7,1.1,1,2014-06-08,0148,Terra,MODIS,58,6.2,302.7,6.4,D,0
-14.8474,126.5494,315.6,1.1,1,2014-06-08,0148,Terra,MODIS,56,6.2,302.8,6.6,D,0
-15.2047,127.4448,316.2,1,1,2014-06-08,0148,Terra,MODIS,57,6.2,302.5,6.4,D,0
-15.2032,127.4354,321.1,1,1,2014-06-08,0148,Terra,MODIS,72,6.2,302.9,10.8,D,0
-15.1343,129.8546,315.4,1.1,1,2014-06-08,0148,Terra,MODIS,54,6.2,303.3,7.1,D,0
-14.964,126.1736,337.1,1.1,1.1,2014-06-08,0148,Terra,MODIS,88,6.2,302.2,38.5,D,0
-21.1658,127.6664,341.6,1,1,2014-06-08,0149,Terra,MODIS,91,6.2,299.7,41.5,D,0
-20.738,127.8247,315.7,1,1,2014-06-08,0149,Terra,MODIS,69,6.2,298.3,8.7,D,0
-21.1547,127.7179,314.5,1,1,2014-06-08,0149,Terra,MODIS,39,6.2,298.2,7.4,D,0
-20.7609,127.7953,311.4,1,1,2014-06-08,0149,Terra,MODIS,46,6.2,297.9,5.5,D,0
-20.483,123.9037,311.2,1.2,1.1,2014-06-08,0149,Terra,MODIS,47,6.2,299.4,6.7,D,0
-19.8847,127.3345,311,1,1,2014-06-08,0149,Terra,MODIS,55,6.2,298.8,5.6,D,0
-19.8937,127.3331,309.1,1,1,2014-06-08,0149,Terra,MODIS,36,6.2,297.4,4.1,D,0
-21.1616,127.6373,392.2,1,1,2014-06-08,0149,Terra,MODIS,100,6.2,307,208,D,0
-21.1568,127.6679,349.9,1,1,2014-06-08,0149,Terra,MODIS,95,6.2,301.2,56.6,D,0
-21.1554,127.6582,347.9,1,1,2014-06-08,0149,Terra,MODIS,94,6.2,300.9,52.6,D,0
-21.1644,127.6567,368.9,1,1,2014-06-08,0149,Terra,MODIS,100,6.2,303.9,108.9,D,0
-21.147,127.6,312.1,1,1,2014-06-08,0149,Terra,MODIS,51,6.2,297.3,5.3,D,0
-21.1609,127.697,317.3,1,1,2014-06-08,0149,Terra,MODIS,26,6.2,298,8.8,D,0
-21.1582,127.6776,329.8,1,1,2014-06-08,0149,Terra,MODIS,84,6.2,299.3,22.1,D,0
-20.7637,127.8147,317.4,1,1,2014-06-08,0149,Terra,MODIS,71,6.2,298.5,10.4,D,0
-20.7623,127.805,316.4,1,1,2014-06-08,0149,Terra,MODIS,70,6.2,298.9,9.7,D,0
-20.7394,127.8344,309.1,1,1,2014-06-08,0149,Terra,MODIS,32,6.2,297.1,3.6,D,0
-21.163,127.647,395.9,1,1,2014-06-08,0149,Terra,MODIS,100,6.2,311.5,228.1,D,0
-21.1672,127.6761,316.3,1,1,2014-06-08,0149,Terra,MODIS,51,6.2,297.2,8.6,D,0
-21.1595,127.6873,328.6,1,1,2014-06-08,0149,Terra,MODIS,83,6.2,299.4,20.8,D,0
-21.1213,127.614,311.4,1,1,2014-06-08,0149,Terra,MODIS,33,6.2,299.7,5.2,D,0
-17.8989,123.8388,317.5,1.4,1.2,2014-06-08,0149,Terra,MODIS,68,6.2,302.6,13.4,D,0
-17.9116,123.9157,321.5,1.4,1.2,2014-06-08,0149,Terra,MODIS,74,6.2,303.3,19.3,D,0
-17.901,123.8517,313.2,1.4,1.2,2014-06-08,0149,Terra,MODIS,43,6.2,302.4,7,D,0
-17.9137,123.9284,316.7,1.4,1.2,2014-06-08,0149,Terra,MODIS,67,6.2,301,13.3,D,0
-20.3762,127.9957,327.3,1,1,2014-06-08,0149,Terra,MODIS,82,6.2,298.3,21.6,D,0
-20.3776,128.0054,314.4,1,1,2014-06-08,0149,Terra,MODIS,67,6.2,297,8.4,D,0
-20.3853,127.9943,310.4,1,1,2014-06-08,0149,Terra,MODIS,57,6.2,297,5.2,D,0
-20.4916,127.9057,374.6,1,1,2014-06-08,0149,Terra,MODIS,100,6.2,303.6,130.9,D,0
-20.493,127.9154,372.2,1,1,2014-06-08,0149,Terra,MODIS,100,6.2,304.3,122,D,0
-20.4944,127.9251,325.8,1,1,2014-06-08,0149,Terra,MODIS,81,6.2,298.3,19.7,D,0
-20.4842,127.9134,331.4,1,1,2014-06-08,0149,Terra,MODIS,85,6.2,301.9,26.5,D,0
-20.4856,127.9231,316.2,1,1,2014-06-08,0149,Terra,MODIS,70,6.2,299.3,9.1,D,0
-20.4828,127.9037,314.2,1,1,2014-06-08,0149,Terra,MODIS,66,6.2,298.1,7.8,D,0
-18.6816,121.7945,344.5,1.8,1.3,2014-06-08,0149,Terra,MODIS,87,6.2,301.7,109.9,D,0
-18.6749,121.7899,342.6,1.8,1.3,2014-06-08,0149,Terra,MODIS,86,6.2,303.3,102,D,0
-18.678,121.8072,327.1,1.8,1.3,2014-06-08,0149,Terra,MODIS,81,6.2,301.5,46,D,0
-20.2189,119.5752,318,2.5,1.5,2014-06-08,0149,Terra,MODIS,30,6.2,298.8,36.3,D,0
-20.225,119.5669,317.1,2.5,1.5,2014-06-08,0149,Terra,MODIS,72,6.2,298,36.8,D,0
-20.2009,119.5543,319,2.5,1.5,2014-06-08,0149,Terra,MODIS,47,6.2,299.6,42.1,D,0
-20.2145,119.5514,319.1,2.5,1.5,2014-06-08,0149,Terra,MODIS,37,6.2,299.1,40.3,D,0
-20.2204,119.5432,311.3,2.5,1.5,2014-06-08,0149,Terra,MODIS,32,6.2,298.2,19.3,D,0
-18.6674,127.1953,371.3,1,1,2014-06-08,0149,Terra,MODIS,100,6.2,303.6,114.7,D,0
-18.6688,127.2047,365.2,1,1,2014-06-08,0149,Terra,MODIS,100,6.2,303.6,94.3,D,0
-18.6702,127.2142,334.9,1,1,2014-06-08,0149,Terra,MODIS,87,6.2,300.9,29.2,D,0
-18.6716,127.2236,319,1,1,2014-06-08,0149,Terra,MODIS,72,6.2,299.1,10.5,D,0
-18.6764,127.1939,340.5,1,1,2014-06-08,0149,Terra,MODIS,90,6.2,298.2,38.5,D,0
-18.6778,127.2033,319.2,1,1,2014-06-08,0149,Terra,MODIS,66,6.2,297.7,10.5,D,0
-18.666,127.1859,313.5,1,1,2014-06-08,0149,Terra,MODIS,36,6.2,299.3,6,D,0
-20.9496,133.208,336,2,1.4,2014-06-08,0149,Terra,MODIS,88,6.2,297.8,92.8,D,0
-20.9517,133.227,312.5,2,1.4,2014-06-08,0149,Terra,MODIS,65,6.2,296.6,22.5,D,0
-22.4876,122.5192,315.1,1.4,1.2,2014-06-08,0150,Terra,MODIS,72,6.2,294.6,17.1,D,0
-41.7126,146.9689,318.6,1.1,1.1,2014-06-08,0428,Aqua,MODIS,79,6.2,282.1,23.2,D,0
-36.3393,145.6756,306.4,1.2,1.1,2014-06-08,0429,Aqua,MODIS,63,6.2,287.9,10.5,D,0
-38.0434,144.1983,304.7,1,1,2014-06-08,0429,Aqua,MODIS,60,6.2,286.6,7.5,D,0
-38.0343,144.1961,305.4,1,1,2014-06-08,0429,Aqua,MODIS,61,6.2,287,8,D,0
-34.6448,137.6778,302.8,1.4,1.2,2014-06-08,0430,Aqua,MODIS,54,6.2,290.1,7.4,D,0
-34.6464,137.6629,303.8,1.4,1.2,2014-06-08,0430,Aqua,MODIS,57,6.2,289.9,8.4,D,0
-34.5196,137.802,317.3,1.3,1.1,2014-06-08,0430,Aqua,MODIS,77,6.2,291.4,22.4,D,0
-34.53,137.8036,342.7,1.3,1.1,2014-06-08,0430,Aqua,MODIS,93,6.2,293.2,70.7,D,0
-34.5284,137.8181,336.5,1.3,1.1,2014-06-08,0430,Aqua,MODIS,90,6.2,291.8,55,D,0
-34.518,137.8165,311.3,1.3,1.1,2014-06-08,0430,Aqua,MODIS,71,6.2,290.3,14.8,D,0
-29.1923,148.9033,311.2,2.5,1.5,2014-06-08,0431,Aqua,MODIS,69,6.2,295.2,25.7,D,0
-29.2002,148.8977,312.1,2.5,1.5,2014-06-08,0431,Aqua,MODIS,70,6.2,296.8,30.8,D,0
-28.8106,150.0098,310.8,3.1,1.7,2014-06-08,0431,Aqua,MODIS,67,6.2,295.4,33.7,D,0
-27.8888,148.8107,304.1,2.7,1.6,2014-06-08,0432,Aqua,MODIS,51,6.2,293.4,18.7,D,0
-26.5285,150.0379,300.7,3.5,1.8,2014-06-08,0432,Aqua,MODIS,34,6.2,285.3,26.6,D,0
-26.0955,150.6859,304.5,4,1.9,2014-06-08,0432,Aqua,MODIS,59,6.2,271,61,D,0
-20.4946,127.9185,311.9,4.1,1.9,2014-06-08,0434,Aqua,MODIS,58,6.2,300.4,44.7,D,0
-21.1636,127.6523,355.2,4.4,1.9,2014-06-08,0434,Aqua,MODIS,98,6.2,303.4,582.8,D,0
-22.5691,130.158,310.4,3,1.6,2014-06-08,0434,Aqua,MODIS,60,6.2,297.6,27.9,D,0
-21.167,127.6094,362.4,4.4,1.9,2014-06-08,0434,Aqua,MODIS,100,6.2,301.7,749.3,D,0
-21.1661,127.6019,348.6,4.4,1.9,2014-06-08,0434,Aqua,MODIS,95,6.2,300.9,461.5,D,0
-22.5662,130.1943,312.2,3,1.6,2014-06-08,0434,Aqua,MODIS,64,6.2,297.3,34.5,D,0
-22.5688,130.165,315.7,3,1.6,2014-06-08,0434,Aqua,MODIS,70,6.2,297.6,48.6,D,0
-21.1624,127.6448,363.9,4.4,1.9,2014-06-08,0434,Aqua,MODIS,100,6.2,304.2,778.5,D,0
-22.5663,130.1873,316.7,3,1.6,2014-06-08,0434,Aqua,MODIS,72,6.2,297.3,51.2,D,0
-18.1807,130.3527,310.3,2.5,1.5,2014-06-08,0435,Aqua,MODIS,44,6.2,298.3,20.2,D,0
-19.9021,127.3242,316.1,4.5,2,2014-06-08,0435,Aqua,MODIS,68,6.2,299.6,73.3,D,0
-19.9017,127.3167,316.6,4.5,2,2014-06-08,0435,Aqua,MODIS,69,6.2,299.6,79.5,D,0
-18.1658,130.2286,310.1,2.6,1.5,2014-06-08,0435,Aqua,MODIS,28,6.2,298.6,17,D,0
-18.1709,130.1796,315,2.6,1.6,2014-06-08,0435,Aqua,MODIS,64,6.2,299.3,33.2,D,0
-18.1684,130.2041,324.2,2.6,1.6,2014-06-08,0435,Aqua,MODIS,78,6.2,300.7,69.1,D,0
-17.9171,138.6609,322.2,1,1,2014-06-08,0435,Aqua,MODIS,71,6.2,307.7,10.7,D,0
-16.5337,141.4194,334.1,1.4,1.2,2014-06-08,0435,Aqua,MODIS,80,6.2,303.5,38.4,D,0
-16.5367,141.4265,329.4,1.4,1.2,2014-06-08,0435,Aqua,MODIS,67,6.2,303.7,26,D,0
-16.3799,135.4784,329.7,1.1,1,2014-06-08,0435,Aqua,MODIS,81,6.2,304.6,23,D,0
-16.3705,135.477,326.6,1.1,1,2014-06-08,0435,Aqua,MODIS,78,6.2,303.8,18.7,D,0
-16.8349,136.9732,318.3,1,1,2014-06-08,0435,Aqua,MODIS,67,6.2,304.4,8.8,D,0
-16.8258,136.9718,330.7,1,1,2014-06-08,0435,Aqua,MODIS,83,6.2,304.9,22.4,D,0
-18.676,127.2151,325.4,4.4,1.9,2014-06-08,0435,Aqua,MODIS,80,6.2,301.5,153.5,D,0
-18.6749,127.2071,333.5,4.4,1.9,2014-06-08,0435,Aqua,MODIS,86,6.2,301.9,241.7,D,0
-18.6796,127.1724,335.6,4.5,1.9,2014-06-08,0435,Aqua,MODIS,87,6.2,301.3,268.2,D,0
-18.6788,127.1643,327.9,4.5,1.9,2014-06-08,0435,Aqua,MODIS,82,6.2,300.8,178.9,D,0
-17.1497,126.8375,311.5,4.5,2,2014-06-08,0435,Aqua,MODIS,48,6.2,300.9,45.3,D,0
-17.1452,126.8713,315.2,4.5,2,2014-06-08,0435,Aqua,MODIS,60,6.2,302.4,64.2,D,0
-17.1458,126.8798,312.6,4.5,2,2014-06-08,0435,Aqua,MODIS,55,6.2,302.2,51.6,D,0
-16.201,135.9069,330.4,1.1,1,2014-06-08,0435,Aqua,MODIS,82,6.2,306.2,20.9,D,0
-16.0133,136.3388,332.4,1,1,2014-06-08,0435,Aqua,MODIS,83,6.2,303.3,25.7,D,0
-15.9391,135.3413,318.6,1.1,1,2014-06-08,0435,Aqua,MODIS,53,6.2,305.6,7.1,D,0
-16.1825,135.9042,319.9,1.1,1,2014-06-08,0435,Aqua,MODIS,51,6.2,303.7,8.7,D,0
-16.1839,135.8943,322.4,1.1,1,2014-06-08,0435,Aqua,MODIS,61,6.2,303.6,11.6,D,0
-15.8437,135.3008,322.5,1.1,1,2014-06-08,0435,Aqua,MODIS,68,6.2,308.7,10.4,D,0
-16.1294,136.3618,317.2,1,1,2014-06-08,0435,Aqua,MODIS,38,6.2,305.3,5.6,D,0
-16.6015,141.8933,315.2,1.5,1.2,2014-06-08,0435,Aqua,MODIS,22,6.2,299.9,10,D,0
-16.0147,136.3293,334.2,1,1,2014-06-08,0435,Aqua,MODIS,85,6.2,303.4,28,D,0
-16.0672,136.0813,320.9,1,1,2014-06-08,0435,Aqua,MODIS,62,6.2,304.8,10.9,D,0
-16.6248,141.9552,325,1.5,1.2,2014-06-08,0435,Aqua,MODIS,78,6.2,300.5,28.1,D,0
-15.9229,135.3181,342,1.1,1,2014-06-08,0435,Aqua,MODIS,90,6.2,306.2,41.9,D,0
-16.0764,136.0827,351.8,1,1,2014-06-08,0435,Aqua,MODIS,96,6.2,308.1,60.8,D,0
-15.9446,136.2339,322.4,1,1,2014-06-08,0435,Aqua,MODIS,64,6.2,304.2,11.7,D,0
-16.1203,136.3604,318.4,1,1,2014-06-08,0435,Aqua,MODIS,46,6.2,305.8,7,D,0
-16.6272,141.9626,330.5,1.5,1.2,2014-06-08,0435,Aqua,MODIS,83,6.2,300.7,38.4,D,0
-16.6271,141.9411,319,1.5,1.2,2014-06-08,0435,Aqua,MODIS,24,6.2,299.9,14.8,D,0
-15.9104,136.5496,315.1,1,1,2014-06-08,0435,Aqua,MODIS,39,6.2,304,5.8,D,0
-15.981,136.3078,319.6,1,1,2014-06-08,0435,Aqua,MODIS,53,6.2,304.8,7.9,D,0
-15.9459,136.2242,339.4,1,1,2014-06-08,0435,Aqua,MODIS,89,6.2,305.2,35.9,D,0
-16.0777,136.073,321.5,1,1,2014-06-08,0435,Aqua,MODIS,64,6.2,307.7,10.7,D,0
-15.8342,135.2994,322.7,1.1,1,2014-06-08,0435,Aqua,MODIS,65,6.2,306.1,11.1,D,0
-16.6226,141.9692,320.7,1.5,1.2,2014-06-08,0435,Aqua,MODIS,73,6.2,299.1,20,D,0
-16.0675,137.198,323.7,1,1,2014-06-08,0435,Aqua,MODIS,73,6.2,301.8,13.9,D,0
-15.697,135.4913,321.7,1.1,1,2014-06-08,0435,Aqua,MODIS,70,6.2,304.8,12,D,0
-15.9338,135.3091,316,1.1,1.1,2014-06-08,0435,Aqua,MODIS,19,6.2,304.3,5.2,D,0
-16.1931,135.8957,327.5,1.1,1,2014-06-08,0435,Aqua,MODIS,55,6.2,306.9,16.7,D,0
-15.9243,135.3078,342,1.1,1.1,2014-06-08,0435,Aqua,MODIS,90,6.2,305.2,42.9,D,0
-15.8825,135.2595,322.4,1.1,1.1,2014-06-08,0435,Aqua,MODIS,36,6.2,305.1,10.3,D,0
-15.9324,135.3194,334.6,1.1,1,2014-06-08,0435,Aqua,MODIS,85,6.2,307.1,29.3,D,0
-16.0921,136.1049,318,1,1,2014-06-08,0435,Aqua,MODIS,50,6.2,304.1,8.4,D,0
-15.9161,135.3693,321.6,1.1,1,2014-06-08,0435,Aqua,MODIS,70,6.2,307.1,10.7,D,0
-16.1918,135.9055,345.3,1.1,1,2014-06-08,0435,Aqua,MODIS,92,6.2,307.7,46,D,0
-15.9823,136.2982,327.9,1,1,2014-06-08,0435,Aqua,MODIS,79,6.2,306.3,17.4,D,0
-15.4265,136.1297,324.6,1,1,2014-06-08,0435,Aqua,MODIS,74,6.2,305.3,13.8,D,0
-15.5553,136.1358,316.6,1,1,2014-06-08,0435,Aqua,MODIS,53,6.2,304.5,6,D,0
-15.554,136.1454,317.8,1,1,2014-06-08,0435,Aqua,MODIS,60,6.2,304.6,6.8,D,0
-15.6984,135.4811,321.2,1.1,1,2014-06-08,0435,Aqua,MODIS,69,6.2,306.4,11.5,D,0
-15.7813,135.222,322,1.1,1.1,2014-06-08,0435,Aqua,MODIS,70,6.2,307,11.2,D,0
-15.4174,136.1283,321.5,1,1,2014-06-08,0435,Aqua,MODIS,32,6.2,304.6,10.1,D,0
-15.4252,136.1392,321.2,1,1,2014-06-08,0435,Aqua,MODIS,61,6.2,303.3,10,D,0
-13.9052,133.7058,320.3,1.3,1.1,2014-06-08,0436,Aqua,MODIS,68,6.2,306.8,9.6,D,0
-13.4833,132.7082,330.9,1.5,1.2,2014-06-08,0436,Aqua,MODIS,82,6.2,304.3,37.2,D,0
-13.4645,132.7406,316,1.4,1.2,2014-06-08,0436,Aqua,MODIS,51,6.2,303.2,7.6,D,0
-13.1865,132.2484,317.5,1.6,1.2,2014-06-08,0436,Aqua,MODIS,61,6.2,303.2,13.8,D,0
-12.9673,132.0852,321.4,1.6,1.2,2014-06-08,0436,Aqua,MODIS,56,6.2,305.7,16.9,D,0
-12.9655,132.0998,323.4,1.6,1.2,2014-06-08,0436,Aqua,MODIS,65,6.2,303.7,22,D,0
-13.0561,132.1021,320.5,1.6,1.2,2014-06-08,0436,Aqua,MODIS,66,6.2,306.1,15,D,0
-13.4745,131.5906,319.9,1.8,1.3,2014-06-08,0436,Aqua,MODIS,63,6.2,303.6,18.4,D,0
-13.0542,132.1167,317.3,1.6,1.2,2014-06-08,0436,Aqua,MODIS,38,6.2,303.8,8.7,D,0
-13.4919,132.6398,328.3,1.5,1.2,2014-06-08,0436,Aqua,MODIS,79,6.2,304.9,29.3,D,0
-13.4811,132.6382,326,1.5,1.2,2014-06-08,0436,Aqua,MODIS,77,6.2,303.5,25,D,0
-13.4787,132.6324,325.4,1.5,1.2,2014-06-08,0436,Aqua,MODIS,76,6.2,303.8,24.1,D,0
-13.0228,132.1859,323.1,1.6,1.2,2014-06-08,0436,Aqua,MODIS,72,6.2,305.7,18.9,D,0
-13.021,132.2001,321.2,1.6,1.2,2014-06-08,0436,Aqua,MODIS,60,6.2,303.7,15.5,D,0
-14.5325,131.3503,316.4,1.9,1.3,2014-06-08,0436,Aqua,MODIS,26,6.2,304.6,12.8,D,0
-14.1462,130.7975,343.2,2.1,1.4,2014-06-08,0436,Aqua,MODIS,91,6.2,304.8,105.1,D,0
-14.1448,130.7906,346.9,2.1,1.4,2014-06-08,0436,Aqua,MODIS,93,6.2,305.4,128.7,D,0
-14.1278,130.8257,319.1,2,1.4,2014-06-08,0436,Aqua,MODIS,42,6.2,304,20.6,D,0
-14.2671,133.109,318.1,1.4,1.2,2014-06-08,0436,Aqua,MODIS,18,6.2,305.7,8.3,D,0
-14.2655,133.122,341.3,1.4,1.2,2014-06-08,0436,Aqua,MODIS,90,6.2,308.2,57.1,D,0
-12.3355,132.4737,324.2,1.5,1.2,2014-06-08,0436,Aqua,MODIS,74,6.2,304.9,17.5,D,0
-12.3372,132.4603,321.9,1.5,1.2,2014-06-08,0436,Aqua,MODIS,64,6.2,305.8,13.3,D,0
-12.9673,132.1732,325,1.6,1.2,2014-06-08,0436,Aqua,MODIS,75,6.2,303.7,26.2,D,0
-12.2939,132.3384,319.2,1.5,1.2,2014-06-08,0436,Aqua,MODIS,65,6.2,303.8,13.9,D,0
-12.2956,132.3247,322.7,1.5,1.2,2014-06-08,0436,Aqua,MODIS,73,6.2,303.5,19.8,D,0
-13.1837,131.8223,324.8,1.7,1.3,2014-06-08,0436,Aqua,MODIS,68,6.2,306.5,24.4,D,0
-13.1817,131.8376,324.6,1.7,1.3,2014-06-08,0436,Aqua,MODIS,67,6.2,306.6,24.3,D,0
-13.8444,133.6316,325.4,1.3,1.1,2014-06-08,0436,Aqua,MODIS,66,6.2,305,19,D,0
-13.8545,133.633,319.3,1.3,1.1,2014-06-08,0436,Aqua,MODIS,55,6.2,304.5,10.8,D,0
-13.4738,131.7836,319.4,1.7,1.3,2014-06-08,0436,Aqua,MODIS,61,6.2,305.2,13.2,D,0
-13.2846,132.7162,320.2,1.4,1.2,2014-06-08,0436,Aqua,MODIS,26,6.2,304.6,11.9,D,0
-13.2895,132.7088,320,1.4,1.2,2014-06-08,0436,Aqua,MODIS,44,6.2,304.8,10.5,D,0
-14.1369,130.7508,329,2.1,1.4,2014-06-08,0436,Aqua,MODIS,80,6.2,302.3,56.1,D,0
-14.1346,130.7699,323.7,2.1,1.4,2014-06-08,0436,Aqua,MODIS,57,6.2,302.1,36,D,0
-14.1472,130.7716,326.7,2.1,1.4,2014-06-08,0436,Aqua,MODIS,46,6.2,305,42.7,D,0
-14.1598,130.773,325.1,2.1,1.4,2014-06-08,0436,Aqua,MODIS,41,6.2,304.8,36,D,0
-14.1484,130.7785,338.1,2.1,1.4,2014-06-08,0436,Aqua,MODIS,88,6.2,305.4,85.3,D,0
-13.2224,131.7015,322.1,1.7,1.3,2014-06-08,0436,Aqua,MODIS,64,6.2,305.6,16.8,D,0
-14.0444,132.0576,318.7,1.6,1.3,2014-06-08,0436,Aqua,MODIS,46,6.2,306.8,11.5,D,0
-13.7679,133.5908,329.7,1.3,1.1,2014-06-08,0436,Aqua,MODIS,81,6.2,304.1,28.6,D,0
-13.7781,133.5921,342.4,1.3,1.1,2014-06-08,0436,Aqua,MODIS,91,6.2,305.3,53.3,D,0
-13.5945,132.729,321.1,1.5,1.2,2014-06-08,0436,Aqua,MODIS,67,6.2,306,16.6,D,0
-13.5263,132.7139,340.3,1.5,1.2,2014-06-08,0436,Aqua,MODIS,89,6.2,306.5,59.4,D,0
-13.5155,132.7123,351.8,1.5,1.2,2014-06-08,0436,Aqua,MODIS,96,6.2,306.5,96.8,D,0
-13.5173,132.6988,363.3,1.5,1.2,2014-06-08,0436,Aqua,MODIS,100,6.2,307.9,147.2,D,0
-13.5999,131.5704,319.2,1.8,1.3,2014-06-08,0436,Aqua,MODIS,57,6.2,304.6,18.7,D,0
-13.5934,131.5643,326.7,1.8,1.3,2014-06-08,0436,Aqua,MODIS,78,6.2,304.1,36.7,D,0
-13.5699,131.5613,321.6,1.8,1.3,2014-06-08,0436,Aqua,MODIS,71,6.2,303.8,26.3,D,0
-13.327,132.7555,322.8,1.4,1.2,2014-06-08,0436,Aqua,MODIS,71,6.2,303.2,19.6,D,0
-13.286,132.6228,322.7,1.5,1.2,2014-06-08,0436,Aqua,MODIS,72,6.2,303.5,20.6,D,0
-13.2842,132.6363,324.1,1.5,1.2,2014-06-08,0436,Aqua,MODIS,74,6.2,304.3,23.4,D,0
-13.2886,132.6285,328.2,1.5,1.2,2014-06-08,0436,Aqua,MODIS,79,6.2,303.8,29.6,D,0
-13.756,132.1691,321.2,1.6,1.2,2014-06-08,0436,Aqua,MODIS,57,6.2,305.4,15.4,D,0
-13.8211,133.6525,326.9,1.3,1.1,2014-06-08,0436,Aqua,MODIS,54,6.2,305.5,19.4,D,0
-13.8196,133.6643,347.6,1.3,1.1,2014-06-08,0436,Aqua,MODIS,94,6.2,307.9,66.9,D,0
-13.8297,133.6657,328.2,1.3,1.1,2014-06-08,0436,Aqua,MODIS,79,6.2,304.5,22.6,D,0
-13.3829,132.7832,317,1.4,1.2,2014-06-08,0436,Aqua,MODIS,59,6.2,304.7,10.2,D,0
-13.3813,132.7964,316.8,1.4,1.2,2014-06-08,0436,Aqua,MODIS,60,6.2,303.4,9.6,D,0
-13.3175,132.6598,318.5,1.5,1.2,2014-06-08,0436,Aqua,MODIS,29,6.2,301.8,12.7,D,0
-13.3265,132.6747,326.2,1.5,1.2,2014-06-08,0436,Aqua,MODIS,61,6.2,303.8,26.1,D,0
-13.7648,133.6145,374.7,1.3,1.1,2014-06-08,0436,Aqua,MODIS,100,6.2,309.9,175.8,D,0
-13.7633,133.6264,342.8,1.3,1.1,2014-06-08,0436,Aqua,MODIS,84,6.2,305.4,52.6,D,0
-13.7765,133.604,344.4,1.3,1.1,2014-06-08,0436,Aqua,MODIS,88,6.2,307,55.9,D,0
-13.7749,133.6158,336.5,1.3,1.1,2014-06-08,0436,Aqua,MODIS,61,6.2,306.4,35.7,D,0
-13.8297,133.2781,320.2,1.4,1.2,2014-06-08,0436,Aqua,MODIS,68,6.2,305,14.2,D,0
-13.8401,133.2794,330.5,1.4,1.2,2014-06-08,0436,Aqua,MODIS,81,6.2,305.7,30.3,D,0
-13.8385,133.2918,342.9,1.3,1.2,2014-06-08,0436,Aqua,MODIS,91,6.2,306,59.4,D,0
-15.4946,131.738,323.8,1.8,1.3,2014-06-08,0436,Aqua,MODIS,24,6.2,303.5,28.3,D,0
-13.8469,133.2867,318.5,1.4,1.2,2014-06-08,0436,Aqua,MODIS,63,6.2,304.9,12.1,D,0
-13.8453,133.2991,317.7,1.3,1.2,2014-06-08,0436,Aqua,MODIS,61,6.2,303.8,10.4,D,0
-12.9517,130.9922,321.9,1.9,1.3,2014-06-08,0436,Aqua,MODIS,42,6.2,300.5,24.9,D,0
-13.3986,131.7525,323.2,1.7,1.3,2014-06-08,0436,Aqua,MODIS,73,6.2,305.5,23.4,D,0
-13.3952,131.7571,320.9,1.7,1.3,2014-06-08,0436,Aqua,MODIS,60,6.2,304.5,16.8,D,0
-13.3733,131.8595,331.9,1.7,1.3,2014-06-08,0436,Aqua,MODIS,83,6.2,304.3,44.6,D,0
-13.3657,131.828,330.6,1.7,1.3,2014-06-08,0436,Aqua,MODIS,81,6.2,303.1,43.4,D,0
-13.3638,131.8432,333.8,1.7,1.3,2014-06-08,0436,Aqua,MODIS,84,6.2,304.5,52.8,D,0
-13.4676,132.7465,316.2,1.4,1.2,2014-06-08,0436,Aqua,MODIS,49,6.2,303.5,8.3,D,0
-13.7387,131.4774,318.3,1.8,1.3,2014-06-08,0436,Aqua,MODIS,64,6.2,305.6,19.1,D,0
-14.3418,132.8638,316.7,1.5,1.2,2014-06-08,0436,Aqua,MODIS,53,6.2,304.9,9.5,D,0
-13.9205,133.5874,326.8,1.3,1.1,2014-06-08,0436,Aqua,MODIS,77,6.2,304.7,22.5,D,0
-13.9306,133.5888,316.6,1.3,1.1,2014-06-08,0436,Aqua,MODIS,50,6.2,304.4,7.8,D,0
-15.5125,131.7919,320.9,1.8,1.3,2014-06-08,0436,Aqua,MODIS,42,6.2,305.8,21,D,0
-15.5145,131.775,325.8,1.8,1.3,2014-06-08,0436,Aqua,MODIS,49,6.2,305,32.3,D,0
-13.3404,132.9828,323.1,1.4,1.2,2014-06-08,0436,Aqua,MODIS,73,6.2,303.6,19.7,D,0
-13.3356,132.9887,317.7,1.4,1.2,2014-06-08,0436,Aqua,MODIS,30,6.2,302.4,10.5,D,0
-13.305,131.7655,414.2,1.7,1.3,2014-06-08,0436,Aqua,MODIS,100,6.2,316.6,726.7,D,0
-13.3165,131.767,338.5,1.7,1.3,2014-06-08,0436,Aqua,MODIS,88,6.2,305.7,60.1,D,0
-13.3046,131.7562,358.9,1.7,1.3,2014-06-08,0436,Aqua,MODIS,99,6.2,305,153.2,D,0
-13.3027,131.7721,426.4,1.7,1.3,2014-06-08,0436,Aqua,MODIS,100,6.2,316.5,946.7,D,0
-13.3161,131.7578,331.5,1.7,1.3,2014-06-08,0436,Aqua,MODIS,82,6.2,305,40.1,D,0
-13.3142,131.7736,366.6,1.7,1.3,2014-06-08,0436,Aqua,MODIS,100,6.2,309.6,201,D,0
-13.5941,132.6457,322.7,1.5,1.2,2014-06-08,0436,Aqua,MODIS,61,6.2,308.5,15.6,D,0
-13.5958,132.632,326.4,1.5,1.2,2014-06-08,0436,Aqua,MODIS,73,6.2,308,24.2,D,0
-13.585,132.6306,328.8,1.5,1.2,2014-06-08,0436,Aqua,MODIS,74,6.2,307.4,25.8,D,0
-13.2579,133.1262,322.9,1.4,1.2,2014-06-08,0436,Aqua,MODIS,73,6.2,301.9,19.2,D,0
-13.2683,133.1276,316.1,1.4,1.2,2014-06-08,0436,Aqua,MODIS,32,6.2,302.2,8.3,D,0
-12.6069,131.4889,312.5,1.7,1.3,2014-06-08,0436,Aqua,MODIS,32,6.2,299,10.4,D,0
-13.4297,131.8565,316.2,1.7,1.3,2014-06-08,0436,Aqua,MODIS,51,6.2,302.4,11.6,D,0
-13.4316,131.8412,341,1.7,1.3,2014-06-08,0436,Aqua,MODIS,90,6.2,304.3,78,D,0
-12.3197,132.5123,331.8,1.4,1.2,2014-06-08,0436,Aqua,MODIS,74,6.2,303.2,36.9,D,0
-13.0447,131.5701,326.1,1.7,1.3,2014-06-08,0436,Aqua,MODIS,76,6.2,304.4,27.2,D,0
-13.033,131.5686,319.4,1.7,1.3,2014-06-08,0436,Aqua,MODIS,40,6.2,303.5,11.3,D,0
-15.4447,131.7934,333.3,1.8,1.3,2014-06-08,0436,Aqua,MODIS,84,6.2,306,55.4,D,0
-15.4329,131.7919,347.6,1.8,1.3,2014-06-08,0436,Aqua,MODIS,94,6.2,305,115.2,D,0
-15.4349,131.7751,326.5,1.8,1.3,2014-06-08,0436,Aqua,MODIS,52,6.2,305,34.2,D,0
-15.5046,131.7566,329.9,1.8,1.3,2014-06-08,0436,Aqua,MODIS,56,6.2,304.4,43.1,D,0
-15.5082,131.7675,328.7,1.8,1.3,2014-06-08,0436,Aqua,MODIS,64,6.2,305.7,36,D,0
-15.4984,131.7491,323.4,1.8,1.3,2014-06-08,0436,Aqua,MODIS,32,6.2,304.7,24.1,D,0
-15.4664,131.8133,321.9,1.8,1.3,2014-06-08,0436,Aqua,MODIS,62,6.2,303.9,24.3,D,0
-13.6117,131.7665,323.3,1.7,1.3,2014-06-08,0436,Aqua,MODIS,73,6.2,305.3,24.2,D,0
-13.6001,131.7651,325.9,1.7,1.3,2014-06-08,0436,Aqua,MODIS,68,6.2,302.2,30.5,D,0
-13.9805,130.8518,315.9,2,1.4,2014-06-08,0436,Aqua,MODIS,50,6.2,304.1,17.3,D,0
-13.3237,131.7907,332.3,1.7,1.3,2014-06-08,0436,Aqua,MODIS,83,6.2,305.4,48.4,D,0
-13.3104,131.8046,332.9,1.7,1.3,2014-06-08,0436,Aqua,MODIS,84,6.2,304.5,47.3,D,0
-13.3123,131.7891,372.6,1.7,1.3,2014-06-08,0436,Aqua,MODIS,100,6.2,309.6,244.2,D,0
-13.3008,131.7875,374.8,1.7,1.3,2014-06-08,0436,Aqua,MODIS,100,6.2,306,258.8,D,0
-14.3178,133.1739,321.5,1.4,1.2,2014-06-08,0436,Aqua,MODIS,55,6.2,306.4,12.6,D,0
-14.2993,133.1922,321.3,1.4,1.2,2014-06-08,0436,Aqua,MODIS,50,6.2,306.7,12.1,D,0
-14.2517,133.1465,334.1,1.4,1.2,2014-06-08,0436,Aqua,MODIS,84,6.2,306.2,37.8,D,0
-14.2533,133.1335,319.8,1.4,1.2,2014-06-08,0436,Aqua,MODIS,23,6.2,306,10.3,D,0
-13.3125,131.798,347.6,1.7,1.3,2014-06-08,0436,Aqua,MODIS,93,6.2,306.5,96.4,D,0
-13.3145,131.7826,348.3,1.7,1.3,2014-06-08,0436,Aqua,MODIS,94,6.2,308.6,99.2,D,0
-13.3011,131.7965,342.8,1.7,1.3,2014-06-08,0436,Aqua,MODIS,91,6.2,303,77.4,D,0
-13.3031,131.7811,410,1.7,1.3,2014-06-08,0436,Aqua,MODIS,100,6.2,312.6,657.4,D,0
-13.3656,131.9202,318,1.6,1.3,2014-06-08,0436,Aqua,MODIS,41,6.2,304.9,12.5,D,0
-13.7882,133.5934,331.3,1.3,1.1,2014-06-08,0436,Aqua,MODIS,59,6.2,304.7,27.5,D,0
-13.8119,134.4211,322.4,1.2,1.1,2014-06-08,0436,Aqua,MODIS,73,6.2,303.9,14.5,D,0
-13.8104,134.4318,321.9,1.2,1.1,2014-06-08,0436,Aqua,MODIS,73,6.2,304.5,13.5,D,0
-12.7891,131.7775,331.2,1.7,1.3,2014-06-08,0436,Aqua,MODIS,74,6.2,303,39.4,D,0
-12.7872,131.7928,322,1.7,1.3,2014-06-08,0436,Aqua,MODIS,51,6.2,302.7,18.7,D,0
-14.1715,134.2364,328.6,1.2,1.1,2014-06-08,0436,Aqua,MODIS,80,6.2,304.2,23.2,D,0
-14.1813,134.2377,325.4,1.2,1.1,2014-06-08,0436,Aqua,MODIS,77,6.2,305,18.1,D,0
-14.1834,134.2322,319.2,1.2,1.1,2014-06-08,0436,Aqua,MODIS,67,6.2,305,9.2,D,0
-14.182,134.2433,324.9,1.2,1.1,2014-06-08,0436,Aqua,MODIS,76,6.2,304.3,17.3,D,0
-14.2019,134.1669,317.5,1.2,1.1,2014-06-08,0436,Aqua,MODIS,55,6.2,303.7,9.2,D,0
-12.6034,132.1584,324.1,1.5,1.2,2014-06-08,0436,Aqua,MODIS,75,6.2,302.6,25.9,D,0
-13.3749,132.722,324.1,1.4,1.2,2014-06-08,0436,Aqua,MODIS,54,6.2,303.1,22.8,D,0
-13.3698,132.7143,324.9,1.5,1.2,2014-06-08,0436,Aqua,MODIS,61,6.2,301.7,25,D,0
-13.9368,130.3675,320.1,2.2,1.4,2014-06-08,0436,Aqua,MODIS,29,6.2,304.8,19.3,D,0
-14.241,129.9931,341.3,2.4,1.5,2014-06-08,0436,Aqua,MODIS,90,6.2,303.3,136.1,D,0
-14.2436,129.9711,335.2,2.4,1.5,2014-06-08,0436,Aqua,MODIS,86,6.2,303,105,D,0
-13.8964,130.4847,319.4,2.2,1.4,2014-06-08,0436,Aqua,MODIS,51,6.2,305.2,25.9,D,0
-13.8988,130.4648,320.5,2.2,1.4,2014-06-08,0436,Aqua,MODIS,59,6.2,306.4,28.6,D,0
-14.2988,129.6867,322.6,2.5,1.5,2014-06-08,0436,Aqua,MODIS,73,6.2,300.8,55.2,D,0
-13.7834,129.9086,330.5,2.4,1.5,2014-06-08,0436,Aqua,MODIS,74,6.2,298.3,75.7,D,0
-14.3983,130.2949,313.8,2.3,1.5,2014-06-08,0436,Aqua,MODIS,26,6.2,302.7,17.3,D,0
-13.8075,129.934,324.3,2.4,1.5,2014-06-08,0436,Aqua,MODIS,63,6.2,300.8,49.2,D,0
-13.7968,129.9104,373.4,2.4,1.5,2014-06-08,0436,Aqua,MODIS,100,6.2,303.5,425.4,D,0
-14.2672,129.5322,312.9,2.6,1.5,2014-06-08,0436,Aqua,MODIS,21,6.2,300.8,20,D,0
-14.4176,130.1242,322.3,2.3,1.5,2014-06-08,0436,Aqua,MODIS,27,6.2,303.5,37.1,D,0
-14.2485,129.8131,313.5,2.5,1.5,2014-06-08,0436,Aqua,MODIS,30,6.2,299.9,24.2,D,0
-12.7963,130.6441,327.5,2,1.4,2014-06-08,0436,Aqua,MODIS,77,6.2,301.4,49.2,D,0
-13.7942,129.9323,360.3,2.4,1.5,2014-06-08,0436,Aqua,MODIS,100,6.2,302.8,275.7,D,0
-14.1198,129.7162,319.3,2.5,1.5,2014-06-08,0436,Aqua,MODIS,57,6.2,298.9,42.8,D,0
-13.9865,130.3785,329.9,2.2,1.4,2014-06-08,0436,Aqua,MODIS,81,6.2,304.8,54.5,D,0
-13.9735,130.3769,322.7,2.2,1.4,2014-06-08,0436,Aqua,MODIS,40,6.2,306.9,29.3,D,0
-12.9828,130.508,328.6,2.1,1.4,2014-06-08,0436,Aqua,MODIS,80,6.2,301.8,55.2,D,0
-13.9346,130.372,321.8,2.2,1.4,2014-06-08,0436,Aqua,MODIS,37,6.2,305.4,23.4,D,0
-14.257,129.9728,325.6,2.4,1.5,2014-06-08,0436,Aqua,MODIS,77,6.2,303.2,58,D,0
-13.7808,129.9305,327.7,2.4,1.5,2014-06-08,0436,Aqua,MODIS,70,6.2,300.2,61.9,D,0
-14.3313,129.5227,317.3,2.6,1.5,2014-06-08,0436,Aqua,MODIS,62,6.2,299.9,37.9,D,0
-13.8023,129.9382,335.1,2.4,1.5,2014-06-08,0436,Aqua,MODIS,86,6.2,302.3,95.5,D,0
-13.75,130.6182,326.4,2.1,1.4,2014-06-08,0436,Aqua,MODIS,43,6.2,301.6,43.4,D,0
-13.8049,129.9557,321.5,2.4,1.5,2014-06-08,0436,Aqua,MODIS,62,6.2,304,36.3,D,0
-13.7998,129.9599,318.5,2.4,1.5,2014-06-08,0436,Aqua,MODIS,30,6.2,303.7,25.5,D,0
-13.765,130.6005,320.7,2.1,1.4,2014-06-08,0436,Aqua,MODIS,33,6.2,302.3,26.8,D,0
-13.7627,130.6199,337.9,2.1,1.4,2014-06-08,0436,Aqua,MODIS,83,6.2,306,90.9,D,0
-14.2362,130.256,316.6,2.3,1.5,2014-06-08,0436,Aqua,MODIS,27,6.2,302.7,19.5,D,0
-14.2336,130.2624,318.5,2.3,1.5,2014-06-08,0436,Aqua,MODIS,57,6.2,301.9,25.7,D,0
-14.2988,130.1627,318.8,2.3,1.5,2014-06-08,0436,Aqua,MODIS,66,6.2,303.1,23.6,D,0
-14.3137,130.2348,317.4,2.3,1.5,2014-06-08,0436,Aqua,MODIS,41,6.2,303.4,16.4,D,0
-14.2175,129.5981,322.5,2.5,1.5,2014-06-08,0436,Aqua,MODIS,72,6.2,301.3,53.6,D,0
-13.7604,130.6392,325.4,2.1,1.4,2014-06-08,0436,Aqua,MODIS,48,6.2,303.8,41.1,D,0
-13.7754,130.6215,318.6,2.1,1.4,2014-06-08,0436,Aqua,MODIS,46,6.2,303.3,23,D,0
-14.3815,129.455,316.8,2.6,1.6,2014-06-08,0436,Aqua,MODIS,58,6.2,300.2,36.4,D,0
-14.3022,129.7802,315.2,2.5,1.5,2014-06-08,0436,Aqua,MODIS,41,6.2,301,25.7,D,0
-14.2859,129.8014,326.7,2.5,1.5,2014-06-08,0436,Aqua,MODIS,78,6.2,299.8,67.4,D,0
-14.1983,129.5906,319.4,2.5,1.5,2014-06-08,0436,Aqua,MODIS,65,6.2,300.5,41.6,D,0
-13.0461,130.5209,323.2,2.1,1.4,2014-06-08,0436,Aqua,MODIS,51,6.2,304.8,27.7,D,0
-13.647,130.0599,314,2.3,1.5,2014-06-08,0436,Aqua,MODIS,35,6.2,299.4,21.2,D,0
-14.3508,130.261,314.9,2.3,1.5,2014-06-08,0436,Aqua,MODIS,47,6.2,302.7,13.7,D,0
-14.2262,129.4733,313.3,2.6,1.6,2014-06-08,0436,Aqua,MODIS,25,6.2,300.4,22.8,D,0
-14.2983,130.0515,328.4,2.4,1.5,2014-06-08,0436,Aqua,MODIS,78,6.2,304.3,60.9,D,0
-14.341,130.0351,328.7,2.4,1.5,2014-06-08,0436,Aqua,MODIS,35,6.2,302.2,60.2,D,0
-14.3545,130.0362,333.6,2.4,1.5,2014-06-08,0436,Aqua,MODIS,66,6.2,303.6,84,D,0
-14.3356,130.04,331.5,2.4,1.5,2014-06-08,0436,Aqua,MODIS,52,6.2,302.2,72.3,D,0
-14.226,129.5939,317.2,2.5,1.5,2014-06-08,0436,Aqua,MODIS,45,6.2,301.2,31.7,D,0
-14.3491,130.0412,345.4,2.4,1.5,2014-06-08,0436,Aqua,MODIS,92,6.2,303.8,154.6,D,0
-14.3466,130.0636,326.8,2.4,1.5,2014-06-08,0436,Aqua,MODIS,61,6.2,302.8,51.9,D,0
-14.3332,130.0618,334.3,2.4,1.5,2014-06-08,0436,Aqua,MODIS,76,6.2,303,84.6,D,0
-14.3126,129.6884,325.9,2.5,1.5,2014-06-08,0436,Aqua,MODIS,75,6.2,301.7,64,D,0
-14.4,130.0708,333.1,2.4,1.5,2014-06-08,0436,Aqua,MODIS,84,6.2,303.2,80.4,D,0
-14.4091,130.0787,331.2,2.4,1.5,2014-06-08,0436,Aqua,MODIS,53,6.2,303.3,71.5,D,0
-14.4026,130.0484,321.3,2.4,1.5,2014-06-08,0436,Aqua,MODIS,21,6.2,301.7,34.9,D,0
-14.2921,129.7955,323.6,2.5,1.5,2014-06-08,0436,Aqua,MODIS,52,6.2,301,52.3,D,0
-14.3384,130.0571,347.7,2.4,1.5,2014-06-08,0436,Aqua,MODIS,94,6.2,303.9,164.6,D,0
-14.3224,130.0776,324.7,2.3,1.5,2014-06-08,0436,Aqua,MODIS,50,6.2,303.8,42.8,D,0
-14.4655,129.6941,317.4,2.5,1.5,2014-06-08,0436,Aqua,MODIS,52,6.2,302.7,28.6,D,0
-14.4589,129.6866,314.7,2.5,1.5,2014-06-08,0436,Aqua,MODIS,39,6.2,302.5,21.4,D,0
-14.31,129.7114,326.6,2.5,1.5,2014-06-08,0436,Aqua,MODIS,78,6.2,301.2,65.1,D,0
-12.9954,130.5096,319,2.1,1.4,2014-06-08,0436,Aqua,MODIS,49,6.2,305.6,25.2,D,0
-13.8048,129.9162,341.8,2.4,1.5,2014-06-08,0436,Aqua,MODIS,90,6.2,300.1,137.3,D,0
-13.773,130.6408,318.8,2.1,1.4,2014-06-08,0436,Aqua,MODIS,44,6.2,304.3,24.2,D,0
-13.7889,129.9364,341.9,2.4,1.5,2014-06-08,0436,Aqua,MODIS,90,6.2,301.1,133.5,D,0
-13.7914,129.9146,385.8,2.4,1.5,2014-06-08,0436,Aqua,MODIS,100,6.2,303.7,605.8,D,0
-14.3861,129.9557,313.8,2.4,1.5,2014-06-08,0436,Aqua,MODIS,40,6.2,302.3,17.2,D,0
-14.259,129.6033,315.2,2.5,1.5,2014-06-08,0436,Aqua,MODIS,55,6.2,302.3,28.6,D,0
-14.1133,129.7221,322.3,2.5,1.5,2014-06-08,0436,Aqua,MODIS,72,6.2,299.7,57.4,D,0
-12.993,130.5287,317.8,2.1,1.4,2014-06-08,0436,Aqua,MODIS,36,6.2,303.9,20.3,D,0
-13.7439,130.0137,317.2,2.3,1.5,2014-06-08,0436,Aqua,MODIS,48,6.2,301.4,25,D,0
-14.3044,130.2283,317.9,2.3,1.5,2014-06-08,0436,Aqua,MODIS,64,6.2,304.1,18.8,D,0
-14.1288,130.0625,318.7,2.3,1.5,2014-06-08,0436,Aqua,MODIS,52,6.2,301.7,34.3,D,0
-14.3787,129.4792,316.5,2.6,1.6,2014-06-08,0436,Aqua,MODIS,50,6.2,300.2,33.5,D,0
-14.3257,129.5153,317.2,2.6,1.5,2014-06-08,0436,Aqua,MODIS,51,6.2,299.5,36.1,D,0
-13.8631,129.7657,328.3,2.4,1.5,2014-06-08,0436,Aqua,MODIS,80,6.2,298.7,77.3,D,0
-13.8657,129.743,324.4,2.5,1.5,2014-06-08,0436,Aqua,MODIS,57,6.2,297.9,60,D,0
-14.1262,130.0841,327.6,2.3,1.5,2014-06-08,0436,Aqua,MODIS,79,6.2,304,64.1,D,0
-14.4235,130.1906,318.1,2.3,1.5,2014-06-08,0436,Aqua,MODIS,49,6.2,303.1,27.7,D,0
-14.2498,130.0008,346.9,2.4,1.5,2014-06-08,0436,Aqua,MODIS,93,6.2,303.7,166.9,D,0
-14.2523,129.9789,357.4,2.4,1.5,2014-06-08,0436,Aqua,MODIS,98,6.2,304.8,255.2,D,0
-14.2544,129.9948,343.9,2.4,1.5,2014-06-08,0436,Aqua,MODIS,92,6.2,303.6,149.5,D,0
-13.9606,130.144,343.4,2.3,1.5,2014-06-08,0436,Aqua,MODIS,91,6.2,301.6,138,D,0
-14.9994,126.4334,318.3,4.6,2,2014-06-08,0436,Aqua,MODIS,41,6.2,300.3,78.1,D,0
-15.2582,127.7826,315.4,3.6,1.8,2014-06-08,0436,Aqua,MODIS,39,6.2,302.8,37.1,D,0
-14.9066,129.8649,330.3,2.5,1.5,2014-06-08,0436,Aqua,MODIS,71,6.2,304.6,78.2,D,0
-14.1705,126.4523,312.8,4.4,1.9,2014-06-08,0436,Aqua,MODIS,50,6.2,299.2,44.9,D,0
-14.5222,127.9183,311.7,3.5,1.8,2014-06-08,0436,Aqua,MODIS,0,6.2,298.4,28.2,D,0
-14.8855,129.8674,323,2.5,1.5,2014-06-08,0436,Aqua,MODIS,0,6.2,303.5,46.5,D,0
-14.9992,126.4261,322.4,4.6,2,2014-06-08,0436,Aqua,MODIS,69,6.2,300.5,112.6,D,0
-14.9129,129.8707,334.7,2.5,1.5,2014-06-08,0436,Aqua,MODIS,74,6.2,304.6,97.6,D,0
-13.7705,130.0171,329.7,2.3,1.5,2014-06-08,0436,Aqua,MODIS,81,6.2,299.3,69.5,D,0
-13.6133,130.1199,316.7,2.3,1.5,2014-06-08,0436,Aqua,MODIS,61,6.2,298.5,30.8,D,0
-13.6404,129.9239,345.6,2.4,1.5,2014-06-08,0436,Aqua,MODIS,92,6.2,299,166.3,D,0
-15.6066,126.8297,315.5,4.3,1.9,2014-06-08,0436,Aqua,MODIS,43,6.2,301.2,63.5,D,0
-14.4884,129.8605,317.6,2.5,1.5,2014-06-08,0436,Aqua,MODIS,40,6.2,303.5,21.9,D,0
-15.0036,126.3837,318,4.6,2,2014-06-08,0436,Aqua,MODIS,41,6.2,301.4,70.7,D,0
-14.1709,126.4564,312.9,4.4,1.9,2014-06-08,0436,Aqua,MODIS,47,6.2,299.3,46.8,D,0
-13.5749,130.1315,313.9,2.3,1.5,2014-06-08,0436,Aqua,MODIS,43,6.2,299.4,24.7,D,0
-14.9884,126.1689,312.2,4.8,2,2014-06-08,0436,Aqua,MODIS,25,6.2,298.3,50.8,D,0
-13.6431,129.9022,324.9,2.4,1.5,2014-06-08,0436,Aqua,MODIS,75,6.2,297.5,59.5,D,0
-15.0728,129.7572,318.1,2.5,1.5,2014-06-08,0436,Aqua,MODIS,13,6.2,302.9,27.5,D,0
-15.0617,129.7314,318.5,2.6,1.5,2014-06-08,0436,Aqua,MODIS,43,6.2,300.9,30.8,D,0
-15.291,126.5614,315.1,4.5,2,2014-06-08,0436,Aqua,MODIS,37,6.2,298.2,59.5,D,0
-13.7679,130.0385,334.8,2.3,1.5,2014-06-08,0436,Aqua,MODIS,85,6.2,299,91.5,D,0
-14.754,127.6616,317.8,3.7,1.8,2014-06-08,0436,Aqua,MODIS,51,6.2,303.8,45.7,D,0
-15.1537,126.4981,314.2,4.5,2,2014-06-08,0436,Aqua,MODIS,58,6.2,300.1,58.6,D,0
-13.7768,130.0446,318.5,2.3,1.5,2014-06-08,0436,Aqua,MODIS,47,6.2,298.8,29.3,D,0
-14.9038,129.8889,320.7,2.5,1.5,2014-06-08,0436,Aqua,MODIS,60,6.2,303.8,36.1,D,0
-13.8754,130.4415,347.9,2.2,1.4,2014-06-08,0436,Aqua,MODIS,94,6.2,305.1,142.2,D,0
-14.9987,129.794,328.5,2.5,1.5,2014-06-08,0436,Aqua,MODIS,80,6.2,303.7,68.2,D,0
-14.9854,126.206,310.9,4.7,2,2014-06-08,0436,Aqua,MODIS,27,6.2,299.2,45.1,D,0
-15.1541,126.5058,313.5,4.5,2,2014-06-08,0436,Aqua,MODIS,51,6.2,299.8,53,D,0
-13.9928,130.2128,323.6,2.3,1.5,2014-06-08,0436,Aqua,MODIS,69,6.2,302.9,38.2,D,0
-15.1755,129.8915,316.8,2.5,1.5,2014-06-08,0436,Aqua,MODIS,50,6.2,303.6,23.6,D,0
-15.1172,129.7905,317.5,2.5,1.5,2014-06-08,0436,Aqua,MODIS,60,6.2,302.2,31.8,D,0
-14.992,129.7869,323.6,2.5,1.5,2014-06-08,0436,Aqua,MODIS,74,6.2,302.2,52.1,D,0
-14.8901,129.8871,325.9,2.5,1.5,2014-06-08,0436,Aqua,MODIS,73,6.2,304.1,58.3,D,0
-15.0035,126.3912,321.4,4.6,2,2014-06-08,0436,Aqua,MODIS,68,6.2,301.3,100.6,D,0
-14.2856,127.436,312.5,3.8,1.8,2014-06-08,0436,Aqua,MODIS,45,6.2,300,31.3,D,0
-13.9176,129.8475,323.8,2.4,1.5,2014-06-08,0436,Aqua,MODIS,37,6.2,301.1,50.6,D,0
-14.6802,127.1034,312,4,1.9,2014-06-08,0436,Aqua,MODIS,34,6.2,299.1,35.1,D,0
-13.6378,129.9064,340.1,2.4,1.5,2014-06-08,0436,Aqua,MODIS,89,6.2,297.4,133.6,D,0
-13.8554,130.2746,317.1,2.2,1.4,2014-06-08,0436,Aqua,MODIS,18,6.2,303.2,19.2,D,0
-14.0688,130.1361,319.4,2.3,1.5,2014-06-08,0436,Aqua,MODIS,31,6.2,301.7,28.5,D,0
-14.9895,129.809,320.8,2.5,1.5,2014-06-08,0436,Aqua,MODIS,70,6.2,302.7,38.5,D,0
-14.1132,133.05,330.6,1.4,1.2,2014-06-08,0436,Aqua,MODIS,81,6.2,306.5,30.6,D,0
-15.2814,126.4797,317.5,4.6,2,2014-06-08,0436,Aqua,MODIS,62,6.2,299.5,80.4,D,0
-15.2821,126.4759,317.2,4.6,2,2014-06-08,0436,Aqua,MODIS,55,6.2,299.6,76.9,D,0
-13.6354,129.9281,334.4,2.4,1.5,2014-06-08,0436,Aqua,MODIS,85,6.2,297.3,100.2,D,0
-14.8829,129.8911,318.8,2.5,1.5,2014-06-08,0436,Aqua,MODIS,52,6.2,303.1,30.8,D,0
-15.3353,129.9066,318.1,2.5,1.5,2014-06-08,0436,Aqua,MODIS,37,6.2,303.2,32.1,D,0
-14.9858,126.3816,321.5,4.6,2,2014-06-08,0436,Aqua,MODIS,56,6.2,299.9,101.7,D,0
-15.3422,129.9001,316.9,2.5,1.5,2014-06-08,0436,Aqua,MODIS,47,6.2,302,29.8,D,0
-13.8661,132.2055,321,1.6,1.2,2014-06-08,0436,Aqua,MODIS,69,6.2,306.2,12.7,D,0
-14.9566,129.8526,325.3,2.5,1.5,2014-06-08,0436,Aqua,MODIS,77,6.2,304.1,55,D,0
-13.6487,129.9297,331.2,2.4,1.5,2014-06-08,0436,Aqua,MODIS,82,6.2,298.3,87,D,0
-13.962,130.1608,336.8,2.3,1.5,2014-06-08,0436,Aqua,MODIS,87,6.2,302.5,101,D,0
-13.6462,129.9511,321.4,2.3,1.5,2014-06-08,0436,Aqua,MODIS,63,6.2,298.7,43.1,D,0
-12.404,132.8963,323,1.4,1.2,2014-06-08,0436,Aqua,MODIS,46,6.2,303.7,18.3,D,0
-15.2908,126.5653,316.3,4.5,2,2014-06-08,0436,Aqua,MODIS,62,6.2,298.2,73,D,0
-13.9582,130.1653,321.7,2.3,1.5,2014-06-08,0436,Aqua,MODIS,45,6.2,301.7,36.2,D,0
-14.0662,130.1576,324.7,2.3,1.5,2014-06-08,0436,Aqua,MODIS,68,6.2,304.5,43.5,D,0
-12.3946,133.0469,320.3,1.3,1.1,2014-06-08,0436,Aqua,MODIS,70,6.2,301.6,14.6,D,0
-14.0337,127.3486,312.1,3.8,1.8,2014-06-08,0436,Aqua,MODIS,46,6.2,298.4,35.5,D,0
-13.8008,130.0695,315.7,2.3,1.5,2014-06-08,0436,Aqua,MODIS,32,6.2,298.3,24.1,D,0
-13.9299,130.0922,315,2.3,1.5,2014-06-08,0436,Aqua,MODIS,54,6.2,299.7,26.6,D,0
-15.2359,129.9823,316.9,2.5,1.5,2014-06-08,0436,Aqua,MODIS,26,6.2,301.5,24.9,D,0
-13.9018,130.218,325.9,2.3,1.5,2014-06-08,0436,Aqua,MODIS,77,6.2,301.1,55,D,0
-14.0277,130.6922,318.9,2.1,1.4,2014-06-08,0436,Aqua,MODIS,66,6.2,303.4,20.2,D,0
-14.0656,130.1427,327.5,2.3,1.5,2014-06-08,0436,Aqua,MODIS,79,6.2,302.9,58.8,D,0
-14.7431,127.69,325.2,3.6,1.8,2014-06-08,0436,Aqua,MODIS,78,6.2,302.1,92.6,D,0
-14.8929,129.8633,320.9,2.5,1.5,2014-06-08,0436,Aqua,MODIS,52,6.2,303.8,38.6,D,0
-13.7984,130.091,314.6,2.3,1.5,2014-06-08,0436,Aqua,MODIS,35,6.2,299,21.7,D,0
-13.6352,129.9668,325.6,2.3,1.5,2014-06-08,0436,Aqua,MODIS,76,6.2,297.8,60.6,D,0
-13.6512,129.9081,315.2,2.4,1.5,2014-06-08,0436,Aqua,MODIS,40,6.2,296.7,27.8,D,0
-13.5729,130.2572,318.8,2.2,1.4,2014-06-08,0436,Aqua,MODIS,44,6.2,301.5,30.7,D,0
-14.2892,127.4015,316.6,3.8,1.8,2014-06-08,0436,Aqua,MODIS,63,6.2,299.5,54.5,D,0
-13.6437,129.9727,339.3,2.3,1.5,2014-06-08,0436,Aqua,MODIS,89,6.2,300.3,124.4,D,0
-13.5705,130.2617,322,2.2,1.4,2014-06-08,0436,Aqua,MODIS,50,6.2,302,39.3,D,0
-13.9952,130.1917,320.2,2.3,1.5,2014-06-08,0436,Aqua,MODIS,39,6.2,301.8,27.8,D,0
-15.588,126.8242,314.9,4.3,1.9,2014-06-08,0436,Aqua,MODIS,44,6.2,300.6,59.7,D,0
-15.5892,126.8279,315.2,4.3,1.9,2014-06-08,0436,Aqua,MODIS,46,6.2,300.7,62.1,D,0
-13.8381,130.0958,314.9,2.3,1.5,2014-06-08,0436,Aqua,MODIS,54,6.2,299.2,26.3,D,0
-12.3935,132.8949,322.6,1.4,1.2,2014-06-08,0436,Aqua,MODIS,44,6.2,303.1,16.4,D,0
-13.8731,130.4615,343.6,2.2,1.4,2014-06-08,0436,Aqua,MODIS,85,6.2,304.8,114.4,D,0
-14.0301,130.6722,320.2,2.1,1.4,2014-06-08,0436,Aqua,MODIS,68,6.2,304.1,24,D,0
-14.9857,126.3891,321.7,4.6,2,2014-06-08,0436,Aqua,MODIS,63,6.2,299.8,103,D,0
-13.9646,130.1396,334.9,2.3,1.5,2014-06-08,0436,Aqua,MODIS,85,6.2,301.3,92.9,D,0
-14.7506,127.6954,321.2,3.6,1.8,2014-06-08,0436,Aqua,MODIS,66,6.2,301.5,67.4,D,0
-14.9944,133.6407,322.1,1.3,1.1,2014-06-08,0436,Aqua,MODIS,60,6.2,307.4,12.5,D,0
-12.946,131.0043,370.2,1.9,1.3,2014-06-08,0436,Aqua,MODIS,100,6.2,304.2,275,D,0
-14.1026,126.7673,315.9,4.2,1.9,2014-06-08,0436,Aqua,MODIS,19,6.2,300.9,51.9,D,0
-14.0856,126.7652,320.4,4.2,1.9,2014-06-08,0436,Aqua,MODIS,52,6.2,300.9,85.3,D,0
-13.2757,133.7769,338.5,1.2,1.1,2014-06-08,0436,Aqua,MODIS,86,6.2,304.2,39.7,D,0
-13.3062,133.6997,361.9,1.3,1.1,2014-06-08,0436,Aqua,MODIS,100,6.2,307.1,114.6,D,0
-12.7747,133.6363,317.9,1.2,1.1,2014-06-08,0436,Aqua,MODIS,63,6.2,298.7,12.2,D,0
-12.6068,130.7014,314.2,2,1.4,2014-06-08,0436,Aqua,MODIS,47,6.2,300.9,15.2,D,0
-13.3031,133.7226,328.1,1.3,1.1,2014-06-08,0436,Aqua,MODIS,47,6.2,303.6,22.4,D,0
-13.3047,133.7112,343.7,1.3,1.1,2014-06-08,0436,Aqua,MODIS,91,6.2,305.2,56,D,0
-13.075,133.9089,329.9,1.2,1.1,2014-06-08,0436,Aqua,MODIS,78,6.2,299.8,26.7,D,0
-13.0489,131.0049,324.4,1.9,1.3,2014-06-08,0436,Aqua,MODIS,64,6.2,305.8,29.6,D,0
-13.0412,131.0111,327.9,1.9,1.3,2014-06-08,0436,Aqua,MODIS,78,6.2,305.1,40.7,D,0
-13.0533,131.0126,319.3,1.9,1.3,2014-06-08,0436,Aqua,MODIS,48,6.2,304.9,17.2,D,0
-15.0047,134.7892,322.6,1.1,1.1,2014-06-08,0436,Aqua,MODIS,62,6.2,304.8,11.9,D,0
-12.5464,132.5952,323.7,1.4,1.2,2014-06-08,0436,Aqua,MODIS,60,6.2,305.3,18.6,D,0
-12.5037,132.5895,325.5,1.4,1.2,2014-06-08,0436,Aqua,MODIS,70,6.2,302.2,24,D,0
-13.0946,133.9116,359.2,1.2,1.1,2014-06-08,0436,Aqua,MODIS,99,6.2,303.5,100,D,0
-15.0061,134.7786,325.5,1.1,1.1,2014-06-08,0436,Aqua,MODIS,76,6.2,306.3,15.5,D,0
-13.0961,133.9004,334.5,1.2,1.1,2014-06-08,0436,Aqua,MODIS,82,6.2,299.6,33.8,D,0
-14.7238,132.8468,319.2,1.5,1.2,2014-06-08,0436,Aqua,MODIS,63,6.2,306.8,13.1,D,0
-14.6003,133.1115,331.3,1.4,1.2,2014-06-08,0436,Aqua,MODIS,82,6.2,306.3,32.1,D,0
-14.6044,133.1187,321.6,1.4,1.2,2014-06-08,0436,Aqua,MODIS,69,6.2,305.9,15.7,D,0
-14.6061,133.1056,325.3,1.4,1.2,2014-06-08,0436,Aqua,MODIS,75,6.2,306.4,21.7,D,0
-14.5085,133.0738,327.3,1.4,1.2,2014-06-08,0436,Aqua,MODIS,41,6.2,308,23,D,0
-12.7631,133.8805,313,1.2,1.1,2014-06-08,0436,Aqua,MODIS,43,6.2,299.2,5.9,D,0
-12.9375,131.0081,332.9,1.9,1.3,2014-06-08,0436,Aqua,MODIS,83,6.2,300.3,56.8,D,0
-12.9496,131.0098,374,1.9,1.3,2014-06-08,0436,Aqua,MODIS,100,6.2,305,306.3,D,0
-12.7454,133.5506,332,1.3,1.1,2014-06-08,0436,Aqua,MODIS,83,6.2,302.5,31.7,D,0
-13.0848,133.9102,328.9,1.2,1.1,2014-06-08,0436,Aqua,MODIS,76,6.2,300.5,24.7,D,0
-13.1045,133.9129,325.8,1.2,1.1,2014-06-08,0436,Aqua,MODIS,47,6.2,299.5,18.6,D,0
-15.6146,130.4526,315.1,2.3,1.5,2014-06-08,0436,Aqua,MODIS,47,6.2,304,16.9,D,0
-12.7536,133.7942,317.9,1.2,1.1,2014-06-08,0436,Aqua,MODIS,51,6.2,300.6,10.2,D,0
-12.7354,133.5492,319.3,1.3,1.1,2014-06-08,0436,Aqua,MODIS,20,6.2,301.8,10.6,D,0
-13.3162,133.701,336.7,1.3,1.1,2014-06-08,0436,Aqua,MODIS,75,6.2,304.2,38.7,D,0
-12.9215,133.9095,327.4,1.2,1.1,2014-06-08,0436,Aqua,MODIS,79,6.2,299.5,23,D,0
-12.7578,133.6109,314.8,1.3,1.1,2014-06-08,0436,Aqua,MODIS,27,6.2,299.7,7.3,D,0
-12.8935,133.8941,320.5,1.2,1.1,2014-06-08,0436,Aqua,MODIS,70,6.2,300.3,13.4,D,0
-13.3147,133.7125,337.6,1.3,1.1,2014-06-08,0436,Aqua,MODIS,87,6.2,306.4,41.5,D,0
-13.106,133.9018,325.9,1.2,1.1,2014-06-08,0436,Aqua,MODIS,25,6.2,300.2,18.4,D,0
-12.7289,133.6765,313.9,1.2,1.1,2014-06-08,0436,Aqua,MODIS,47,6.2,299,8.2,D,0
-12.6372,133.7487,319.6,1.2,1.1,2014-06-08,0436,Aqua,MODIS,69,6.2,301,11.9,D,0
-12.588,133.7363,320.5,1.2,1.1,2014-06-08,0436,Aqua,MODIS,71,6.2,301.3,13.8,D,0
-14.998,134.7666,344.1,1.1,1.1,2014-06-08,0436,Aqua,MODIS,91,6.2,306.5,48,D,0
-14.9965,134.7772,348.8,1.1,1.1,2014-06-08,0436,Aqua,MODIS,94,6.2,306.7,59.8,D,0
-12.7493,133.598,326.3,1.3,1.1,2014-06-08,0436,Aqua,MODIS,77,6.2,300.5,22.9,D,0
-12.6486,133.7389,320.7,1.2,1.1,2014-06-08,0436,Aqua,MODIS,70,6.2,299.1,13.8,D,0
-13.1414,133.8669,349,1.2,1.1,2014-06-08,0436,Aqua,MODIS,94,6.2,301.6,68,D,0
-12.9794,133.934,324.3,1.2,1.1,2014-06-08,0436,Aqua,MODIS,47,6.2,300.9,16.6,D,0
-12.2835,133.4193,327.7,1.3,1.1,2014-06-08,0436,Aqua,MODIS,79,6.2,303.1,20.9,D,0
-13.4079,133.5414,337.9,1.3,1.1,2014-06-08,0436,Aqua,MODIS,88,6.2,303.3,44.4,D,0
-14.8675,133.6665,329.9,1.3,1.1,2014-06-08,0436,Aqua,MODIS,81,6.2,308.8,25.3,D,0
-12.8835,130.7722,314.3,2,1.4,2014-06-08,0436,Aqua,MODIS,33,6.2,300.2,14.5,D,0
-14.8589,133.653,335,1.3,1.1,2014-06-08,0436,Aqua,MODIS,85,6.2,307.3,35.9,D,0
-13.3761,133.549,324.2,1.3,1.1,2014-06-08,0436,Aqua,MODIS,49,6.2,301.5,19.8,D,0
-12.1489,133.7516,320.7,1.2,1.1,2014-06-08,0436,Aqua,MODIS,49,6.2,301.4,10.5,D,0
-12.794,130.6627,327.7,2,1.4,2014-06-08,0436,Aqua,MODIS,68,6.2,301.6,48.5,D,0
-14.8471,133.6637,333.7,1.3,1.1,2014-06-08,0436,Aqua,MODIS,84,6.2,306.3,34.1,D,0
-13.3776,133.5373,325.4,1.3,1.1,2014-06-08,0436,Aqua,MODIS,60,6.2,301.7,21.8,D,0
-13.3293,133.6794,323.3,1.3,1.1,2014-06-08,0436,Aqua,MODIS,65,6.2,301,17.8,D,0
-12.9714,130.721,320.6,2,1.4,2014-06-08,0436,Aqua,MODIS,48,6.2,302.7,22.8,D,0
-12.5126,132.6041,320.8,1.4,1.2,2014-06-08,0436,Aqua,MODIS,63,6.2,303.2,16,D,0
-12.5615,132.9299,338.5,1.4,1.2,2014-06-08,0436,Aqua,MODIS,88,6.2,305,49.9,D,0
-12.2504,133.1324,322.7,1.3,1.1,2014-06-08,0436,Aqua,MODIS,73,6.2,304.1,14.5,D,0
-14.8043,134.77,321.1,1.1,1.1,2014-06-08,0436,Aqua,MODIS,67,6.2,305.8,10.9,D,0
-13.0172,133.9506,330.5,1.2,1.1,2014-06-08,0436,Aqua,MODIS,68,6.2,302,25.4,D,0
-14.8486,133.6516,342,1.3,1.1,2014-06-08,0436,Aqua,MODIS,90,6.2,305.8,53.9,D,0
-14.7867,134.6809,323.2,1.2,1.1,2014-06-08,0436,Aqua,MODIS,72,6.2,305.2,13.5,D,0
-12.6312,133.4159,321.6,1.3,1.1,2014-06-08,0436,Aqua,MODIS,72,6.2,302.8,15.3,D,0
-13.1287,133.8823,337.5,1.2,1.1,2014-06-08,0436,Aqua,MODIS,87,6.2,302,40.1,D,0
-12.9697,130.7159,321.1,2,1.4,2014-06-08,0436,Aqua,MODIS,62,6.2,303.1,25.1,D,0
-13.0523,133.9283,329.7,1.2,1.1,2014-06-08,0436,Aqua,MODIS,68,6.2,303.3,25.2,D,0
-12.7432,131.7799,324.7,1.7,1.3,2014-06-08,0436,Aqua,MODIS,76,6.2,302.8,27.6,D,0
-13.1513,133.8682,354.1,1.2,1.1,2014-06-08,0436,Aqua,MODIS,97,6.2,303.6,83.3,D,0
-13.1528,133.8571,328.5,1.2,1.1,2014-06-08,0436,Aqua,MODIS,46,6.2,300.7,23.6,D,0
-13.1726,133.8597,322.3,1.2,1.1,2014-06-08,0436,Aqua,MODIS,31,6.2,301.2,15.4,D,0
-12.6718,133.4865,320.5,1.3,1.1,2014-06-08,0436,Aqua,MODIS,22,6.2,300.8,11.3,D,0
-12.8036,130.7064,325.2,2,1.4,2014-06-08,0436,Aqua,MODIS,43,6.2,301.3,33.8,D,0
-12.791,131.7623,328.6,1.7,1.3,2014-06-08,0436,Aqua,MODIS,44,6.2,303.8,33.6,D,0
-12.3021,133.4337,323.5,1.3,1.1,2014-06-08,0436,Aqua,MODIS,65,6.2,305.6,12.8,D,0
-14.4221,134.0368,326.9,1.2,1.1,2014-06-08,0436,Aqua,MODIS,78,6.2,305.5,18.5,D,0
-12.6792,132.7318,331.4,1.4,1.2,2014-06-08,0436,Aqua,MODIS,82,6.2,305,35.1,D,0
-13.3308,133.6679,317.8,1.3,1.1,2014-06-08,0436,Aqua,MODIS,54,6.2,300.6,11.8,D,0
-12.292,133.4323,326.6,1.3,1.1,2014-06-08,0436,Aqua,MODIS,71,6.2,305,17.8,D,0
-12.5968,132.7404,328.7,1.4,1.2,2014-06-08,0436,Aqua,MODIS,80,6.2,304.2,26,D,0
-13.0118,131.5498,319.1,1.7,1.3,2014-06-08,0436,Aqua,MODIS,44,6.2,304.3,12.1,D,0
-12.5456,132.7205,335.6,1.4,1.2,2014-06-08,0436,Aqua,MODIS,86,6.2,304.4,41.9,D,0
-14.7234,134.6107,323.9,1.2,1.1,2014-06-08,0436,Aqua,MODIS,58,6.2,307,13,D,0
-13.1287,133.8878,336.7,1.2,1.1,2014-06-08,0436,Aqua,MODIS,66,6.2,302.1,36.5,D,0
-12.4633,133.6779,319.1,1.2,1.1,2014-06-08,0436,Aqua,MODIS,68,6.2,300.4,11.2,D,0
-12.9109,131.0878,320.1,1.9,1.3,2014-06-08,0436,Aqua,MODIS,42,6.2,301.9,21.4,D,0
-12.4371,132.2153,317.1,1.5,1.2,2014-06-08,0436,Aqua,MODIS,54,6.2,303.9,14.3,D,0
-12.4361,132.2097,316.8,1.5,1.2,2014-06-08,0436,Aqua,MODIS,22,6.2,303.6,12.8,D,0
-12.1717,133.1883,318.6,1.3,1.1,2014-06-08,0436,Aqua,MODIS,67,6.2,302.5,10,D,0
-12.1615,133.1869,330.9,1.3,1.1,2014-06-08,0436,Aqua,MODIS,82,6.2,303.3,29.5,D,0
-12.2591,133.1458,321.4,1.3,1.1,2014-06-08,0436,Aqua,MODIS,58,6.2,304.6,11.4,D,0
-12.9696,131.0479,330.6,1.9,1.3,2014-06-08,0436,Aqua,MODIS,81,6.2,304.1,47.2,D,0
-12.5503,132.7287,336.3,1.4,1.2,2014-06-08,0436,Aqua,MODIS,87,6.2,304.7,43.3,D,0
-12.8102,130.6511,316.2,2,1.4,2014-06-08,0436,Aqua,MODIS,53,6.2,301.1,18.4,D,0
-12.5439,132.7334,326.5,1.4,1.2,2014-06-08,0436,Aqua,MODIS,65,6.2,303.4,21.8,D,0
-12.913,131.0705,322,1.9,1.3,2014-06-08,0436,Aqua,MODIS,54,6.2,303.3,25.3,D,0
-13.1131,131.1257,317.4,1.9,1.3,2014-06-08,0436,Aqua,MODIS,45,6.2,302.6,12.8,D,0
-12.8018,130.701,334.2,2,1.4,2014-06-08,0436,Aqua,MODIS,76,6.2,301.7,64.4,D,0
-13.3379,133.6861,341.4,1.3,1.1,2014-06-08,0436,Aqua,MODIS,64,6.2,304,46.7,D,0
-12.7153,133.5464,330.1,1.3,1.1,2014-06-08,0436,Aqua,MODIS,72,6.2,302.7,26.1,D,0
-14.714,134.5323,330.4,1.2,1.1,2014-06-08,0436,Aqua,MODIS,81,6.2,305.7,24.9,D,0
-13.0735,133.92,332.5,1.2,1.1,2014-06-08,0436,Aqua,MODIS,84,6.2,301.3,30.2,D,0
-12.4534,133.6766,339.9,1.2,1.1,2014-06-08,0436,Aqua,MODIS,89,6.2,301.3,46.5,D,0
-13.2543,133.7856,345.1,1.2,1.1,2014-06-08,0436,Aqua,MODIS,92,6.2,304.9,58.5,D,0
-13.2558,133.7742,327.7,1.2,1.1,2014-06-08,0436,Aqua,MODIS,72,6.2,302.5,23,D,0
-12.5252,133.4421,319.4,1.3,1.1,2014-06-08,0436,Aqua,MODIS,69,6.2,302.1,11,D,0
-14.4764,134.0094,329.6,1.2,1.1,2014-06-08,0436,Aqua,MODIS,60,6.2,306.5,20.7,D,0
-12.9152,131.0532,329.3,1.9,1.3,2014-06-08,0436,Aqua,MODIS,78,6.2,301.5,45.6,D,0
-12.9214,130.8024,324.5,2,1.4,2014-06-08,0436,Aqua,MODIS,75,6.2,300.3,40,D,0
-12.7917,130.6811,331.5,2,1.4,2014-06-08,0436,Aqua,MODIS,67,6.2,299.8,58.5,D,0
-13.0284,133.9588,326.9,1.2,1.1,2014-06-08,0436,Aqua,MODIS,54,6.2,301.7,19.9,D,0
-13.1173,133.892,347.6,1.2,1.1,2014-06-08,0436,Aqua,MODIS,94,6.2,304.1,64,D,0
-14.3653,133.93,321.1,1.3,1.1,2014-06-08,0436,Aqua,MODIS,69,6.2,304.5,14.5,D,0
-13.0411,133.9381,339.1,1.2,1.1,2014-06-08,0436,Aqua,MODIS,89,6.2,301,43.1,D,0
-12.551,132.9287,321.4,1.4,1.2,2014-06-08,0436,Aqua,MODIS,58,6.2,300.9,15.5,D,0
-12.6517,133.4837,331.2,1.3,1.1,2014-06-08,0436,Aqua,MODIS,82,6.2,302,28.5,D,0
-12.3233,131.2146,319.5,1.8,1.3,2014-06-08,0436,Aqua,MODIS,24,6.2,303.4,22.7,D,0
-13.0997,131.0365,321.7,1.9,1.3,2014-06-08,0436,Aqua,MODIS,69,6.2,303,23.5,D,0
-12.3608,131.2027,315,1.8,1.3,2014-06-08,0436,Aqua,MODIS,26,6.2,301.5,15,D,0
-12.9877,133.9464,329.6,1.2,1.1,2014-06-08,0436,Aqua,MODIS,53,6.2,301.9,23.3,D,0
-12.2205,133.5911,321,1.2,1.1,2014-06-08,0436,Aqua,MODIS,44,6.2,304.2,10,D,0
-12.8068,133.8528,336,1.2,1.1,2014-06-08,0436,Aqua,MODIS,86,6.2,301.4,37.6,D,0
-12.6618,133.4851,327.9,1.3,1.1,2014-06-08,0436,Aqua,MODIS,53,6.2,302.4,21.5,D,0
-12.8166,133.8542,321.7,1.2,1.1,2014-06-08,0436,Aqua,MODIS,72,6.2,299.9,14.8,D,0
-12.6603,133.4967,338.5,1.3,1.1,2014-06-08,0436,Aqua,MODIS,88,6.2,301.3,43.5,D,0
-12.797,133.8514,319.5,1.2,1.1,2014-06-08,0436,Aqua,MODIS,50,6.2,300.8,11.3,D,0
-13.0509,133.9394,341.6,1.2,1.1,2014-06-08,0436,Aqua,MODIS,90,6.2,304.8,47.8,D,0
-14.4934,134.0419,325.4,1.2,1.1,2014-06-08,0436,Aqua,MODIS,75,6.2,307.7,15.8,D,0
-14.3473,134.0673,325.3,1.2,1.1,2014-06-08,0436,Aqua,MODIS,65,6.2,305.5,17,D,0
-14.7126,134.5431,328.6,1.2,1.1,2014-06-08,0436,Aqua,MODIS,79,6.2,306.3,22.2,D,0
-12.7243,133.4767,315,1.3,1.1,2014-06-08,0436,Aqua,MODIS,38,6.2,300.8,7.5,D,0
-12.8134,132.6488,341.6,1.4,1.2,2014-06-08,0436,Aqua,MODIS,90,6.2,304.9,63.2,D,0
-12.7977,130.6495,331.4,2,1.4,2014-06-08,0436,Aqua,MODIS,64,6.2,302.2,58.6,D,0
-12.8058,130.6881,337.9,2,1.4,2014-06-08,0436,Aqua,MODIS,88,6.2,303.3,82.9,D,0
-12.808,130.6696,323.4,2,1.4,2014-06-08,0436,Aqua,MODIS,74,6.2,302.3,34.5,D,0
-14.8557,133.6773,330.7,1.3,1.1,2014-06-08,0436,Aqua,MODIS,81,6.2,305.7,27.8,D,0
-13.0539,130.9046,322.5,1.9,1.4,2014-06-08,0436,Aqua,MODIS,71,6.2,302.1,30.8,D,0
-12.6966,133.4543,316.6,1.3,1.1,2014-06-08,0436,Aqua,MODIS,57,6.2,301.6,8.5,D,0
-13.0382,133.9602,327.8,1.2,1.1,2014-06-08,0436,Aqua,MODIS,71,6.2,301.9,21.4,D,0
-12.8689,130.7888,317.6,2,1.4,2014-06-08,0436,Aqua,MODIS,63,6.2,299.6,22.7,D,0
-12.7995,130.7192,324.6,2,1.4,2014-06-08,0436,Aqua,MODIS,38,6.2,300.6,35,D,0
-12.522,132.6986,318.8,1.4,1.2,2014-06-08,0436,Aqua,MODIS,32,6.2,302.5,12.2,D,0
-12.3714,134.2922,326.9,1.1,1.1,2014-06-08,0436,Aqua,MODIS,80,6.2,299.1,20.1,D,0
-12.6937,133.3204,315.7,1.3,1.1,2014-06-08,0436,Aqua,MODIS,34,6.2,301.7,7.8,D,0
-12.7158,133.5398,327.6,1.3,1.1,2014-06-08,0436,Aqua,MODIS,60,6.2,302.4,21.2,D,0
-12.8116,130.7447,319.6,2,1.4,2014-06-08,0436,Aqua,MODIS,65,6.2,300,23.2,D,0
-12.8987,134.3185,316.3,1.2,1.1,2014-06-08,0436,Aqua,MODIS,64,6.2,298.2,9.4,D,0
-12.4259,134.3212,321.8,1.1,1.1,2014-06-08,0436,Aqua,MODIS,53,6.2,300.3,12.5,D,0
-12.4225,133.6781,320.1,1.2,1.1,2014-06-08,0436,Aqua,MODIS,60,6.2,300.5,10.6,D,0
-12.8014,130.7247,325.8,2,1.4,2014-06-08,0436,Aqua,MODIS,65,6.2,300.8,38.8,D,0
-13.0502,130.8971,318.1,1.9,1.4,2014-06-08,0436,Aqua,MODIS,40,6.2,301.4,17.7,D,0
-14.9845,133.6947,318.2,1.3,1.1,2014-06-08,0436,Aqua,MODIS,61,6.2,305.9,8.9,D,0
-12.6734,133.4749,333.4,1.3,1.1,2014-06-08,0436,Aqua,MODIS,84,6.2,301.6,32,D,0
-12.9476,131.0271,330.8,1.9,1.3,2014-06-08,0436,Aqua,MODIS,81,6.2,301.6,50.3,D,0
-14.4511,133.9706,328.4,1.2,1.1,2014-06-08,0436,Aqua,MODIS,75,6.2,303.1,23.2,D,0
-12.8742,130.7779,342.6,2,1.4,2014-06-08,0436,Aqua,MODIS,91,6.2,301.3,110.2,D,0
-13.14,133.878,357.3,1.2,1.1,2014-06-08,0436,Aqua,MODIS,98,6.2,303.3,92,D,0
-13.4181,133.5427,338.2,1.3,1.1,2014-06-08,0436,Aqua,MODIS,88,6.2,304,46.4,D,0
-14.9922,133.6333,321,1.3,1.1,2014-06-08,0436,Aqua,MODIS,30,6.2,307.9,12.2,D,0
-12.3115,131.213,319.8,1.8,1.3,2014-06-08,0436,Aqua,MODIS,36,6.2,301.5,24.2,D,0
-13.2528,133.797,327.5,1.2,1.1,2014-06-08,0436,Aqua,MODIS,47,6.2,302.6,21.1,D,0
-13.2742,133.7883,327.2,1.2,1.1,2014-06-08,0436,Aqua,MODIS,33,6.2,303.9,19.4,D,0
-14.4595,133.9835,328.5,1.2,1.1,2014-06-08,0436,Aqua,MODIS,27,6.2,306.5,20.7,D,0
-13.3364,133.6976,335.7,1.3,1.1,2014-06-08,0436,Aqua,MODIS,49,6.2,303.2,34.8,D,0
-13.2152,133.8428,324,1.2,1.1,2014-06-08,0436,Aqua,MODIS,26,6.2,300.9,17.4,D,0
-12.8764,130.7597,314.5,2,1.4,2014-06-08,0436,Aqua,MODIS,24,6.2,299.5,14.2,D,0
-12.207,133.6919,321.1,1.2,1.1,2014-06-08,0436,Aqua,MODIS,15,6.2,301.9,9,D,0
-14.7882,134.6702,320.1,1.2,1.1,2014-06-08,0436,Aqua,MODIS,63,6.2,306.3,9.9,D,0
-12.9612,133.9204,329.7,1.2,1.1,2014-06-08,0436,Aqua,MODIS,72,6.2,300.2,25.6,D,0
-12.4237,133.6724,328.6,1.2,1.1,2014-06-08,0436,Aqua,MODIS,81,6.2,301.9,22.6,D,0
-12.966,130.9761,323.2,1.9,1.4,2014-06-08,0436,Aqua,MODIS,54,6.2,301.9,29,D,0
-12.2607,133.1337,327.1,1.3,1.1,2014-06-08,0436,Aqua,MODIS,79,6.2,302.9,20.9,D,0
-13.3886,133.6104,376.5,1.3,1.1,2014-06-08,0436,Aqua,MODIS,100,6.2,308.1,188.3,D,0
-13.3902,133.5987,315.8,1.3,1.1,2014-06-08,0436,Aqua,MODIS,58,6.2,301.2,9.6,D,0
-12.4241,133.6667,321.9,1.2,1.1,2014-06-08,0436,Aqua,MODIS,67,6.2,302.2,12.5,D,0
-12.7816,130.661,323.7,2,1.4,2014-06-08,0436,Aqua,MODIS,75,6.2,300,40.9,D,0
-12.9576,131.0462,336.4,1.9,1.3,2014-06-08,0436,Aqua,MODIS,86,6.2,304.6,69.2,D,0
-12.9597,131.0287,345.9,1.9,1.3,2014-06-08,0436,Aqua,MODIS,93,6.2,304.9,109.5,D,0
-12.9718,131.0304,325.6,1.9,1.3,2014-06-08,0436,Aqua,MODIS,63,6.2,303.9,29.8,D,0
-13.3856,133.6337,327.8,1.3,1.1,2014-06-08,0436,Aqua,MODIS,79,6.2,301.4,26.1,D,0
-12.9581,131.0059,332.1,1.9,1.3,2014-06-08,0436,Aqua,MODIS,83,6.2,302.4,54.6,D,0
-13.4002,133.6001,337,1.3,1.1,2014-06-08,0436,Aqua,MODIS,87,6.2,303.1,44,D,0
-13.3987,133.6117,338.5,1.3,1.1,2014-06-08,0436,Aqua,MODIS,88,6.2,302.4,47.4,D,0
-14.8644,133.6908,328.1,1.3,1.1,2014-06-08,0436,Aqua,MODIS,79,6.2,305.6,23.1,D,0
-12.8151,132.6356,321.1,1.4,1.2,2014-06-08,0436,Aqua,MODIS,69,6.2,303.5,16.1,D,0
-12.7526,131.7966,323,1.6,1.3,2014-06-08,0436,Aqua,MODIS,66,6.2,303.2,21.8,D,0
-12.6032,132.9356,319.9,1.4,1.2,2014-06-08,0436,Aqua,MODIS,49,6.2,303.8,12.2,D,0
-13.4049,133.5649,336.7,1.3,1.1,2014-06-08,0436,Aqua,MODIS,81,6.2,303.5,40.4,D,0
-13.3862,133.5504,339.4,1.3,1.1,2014-06-08,0436,Aqua,MODIS,89,6.2,302.6,47.8,D,0
-12.8712,130.7707,347.9,2,1.4,2014-06-08,0436,Aqua,MODIS,94,6.2,301.5,137.5,D,0
-12.971,133.9217,330.1,1.2,1.1,2014-06-08,0436,Aqua,MODIS,76,6.2,300.1,26.2,D,0
-12.9536,131.0406,335.3,1.9,1.3,2014-06-08,0436,Aqua,MODIS,86,6.2,304.7,67,D,0
-13.1741,133.8486,331.9,1.2,1.1,2014-06-08,0436,Aqua,MODIS,83,6.2,301.5,31.2,D,0
-12.6334,131.0153,316.1,1.9,1.3,2014-06-08,0436,Aqua,MODIS,50,6.2,302.1,15.4,D,0
-12.381,134.2935,316.6,1.1,1.1,2014-06-08,0436,Aqua,MODIS,47,6.2,299.5,7.4,D,0
-12.5545,132.7349,319.6,1.4,1.2,2014-06-08,0436,Aqua,MODIS,39,6.2,304.1,11,D,0
-12.282,133.4309,325.9,1.3,1.1,2014-06-08,0436,Aqua,MODIS,70,6.2,302.8,17.5,D,0
-12.446,131.1515,315.9,1.8,1.3,2014-06-08,0436,Aqua,MODIS,62,6.2,302,17.2,D,0
-14.8573,133.6651,344.8,1.3,1.1,2014-06-08,0436,Aqua,MODIS,92,6.2,308.9,60.1,D,0
-14.461,133.972,328.8,1.2,1.1,2014-06-08,0436,Aqua,MODIS,62,6.2,304.6,22.9,D,0
-13.1301,133.8767,343.1,1.2,1.1,2014-06-08,0436,Aqua,MODIS,85,6.2,300.4,50.6,D,0
-12.7934,130.6865,343.4,2,1.4,2014-06-08,0436,Aqua,MODIS,91,6.2,300.3,105.5,D,0
-12.7512,131.8034,323.5,1.6,1.3,2014-06-08,0436,Aqua,MODIS,31,6.2,303.7,21.4,D,0
-13.0255,133.9629,320.9,1.2,1.1,2014-06-08,0436,Aqua,MODIS,36,6.2,301.4,11.5,D,0
-13.3524,133.6528,323,1.3,1.1,2014-06-08,0436,Aqua,MODIS,17,6.2,300.3,16.8,D,0
-12.2055,133.7031,324.5,1.2,1.1,2014-06-08,0436,Aqua,MODIS,71,6.2,302.9,14.5,D,0
-12.2473,133.4675,327.8,1.3,1.1,2014-06-08,0436,Aqua,MODIS,57,6.2,302.3,20.8,D,0
-12.5559,133.6747,315.1,1.2,1.1,2014-06-08,0436,Aqua,MODIS,58,6.2,300.9,7.2,D,0
-12.9559,131.0233,344.5,1.9,1.3,2014-06-08,0436,Aqua,MODIS,92,6.2,304.4,106.2,D,0
-12.5845,133.301,315.7,1.3,1.1,2014-06-08,0436,Aqua,MODIS,57,6.2,299.7,9.8,D,0
-12.9618,131.0113,345.9,1.9,1.3,2014-06-08,0436,Aqua,MODIS,93,6.2,303,108.4,D,0
-13.0396,133.9491,344.5,1.2,1.1,2014-06-08,0436,Aqua,MODIS,92,6.2,303,53.6,D,0
-12.5951,132.7533,322.3,1.4,1.2,2014-06-08,0436,Aqua,MODIS,71,6.2,306.2,13.7,D,0
-12.8041,130.6827,341.9,2,1.4,2014-06-08,0436,Aqua,MODIS,91,6.2,303.2,98.4,D,0
-12.255,133.4097,319.7,1.3,1.1,2014-06-08,0436,Aqua,MODIS,69,6.2,302.5,11.3,D,0
-12.5553,132.6098,327.1,1.4,1.2,2014-06-08,0436,Aqua,MODIS,71,6.2,304.6,24.2,D,0
-12.7955,130.6681,330.2,2,1.4,2014-06-08,0436,Aqua,MODIS,58,6.2,301.4,52.1,D,0
-14.4206,134.0483,322.2,1.2,1.1,2014-06-08,0436,Aqua,MODIS,71,6.2,307.3,11.2,D,0
-13.3378,133.6923,338.9,1.3,1.1,2014-06-08,0436,Aqua,MODIS,59,6.2,304.1,41.5,D,0
-12.9438,131.0217,337.8,1.9,1.3,2014-06-08,0436,Aqua,MODIS,87,6.2,301.1,78.1,D,0
-13.0494,133.9505,354,1.2,1.1,2014-06-08,0436,Aqua,MODIS,97,6.2,304.7,80.9,D,0
-13.0425,133.927,318.5,1.2,1.1,2014-06-08,0436,Aqua,MODIS,24,6.2,299.3,11.1,D,0
-14.866,133.6787,334.3,1.3,1.1,2014-06-08,0436,Aqua,MODIS,85,6.2,307.8,34.3,D,0
-13.3871,133.622,357.1,1.3,1.1,2014-06-08,0436,Aqua,MODIS,98,6.2,304.6,101.4,D,0
-11.5345,132.7047,316.8,1.4,1.2,2014-06-08,0437,Aqua,MODIS,59,6.2,301.4,10.2,D,0
-11.39,132.3338,317.3,1.4,1.2,2014-06-08,0437,Aqua,MODIS,69,6.2,299.8,12.6,D,0
-11.9464,132.817,319.6,1.4,1.2,2014-06-08,0437,Aqua,MODIS,68,6.2,301,14.8,D,0
-11.936,132.8156,331.1,1.4,1.2,2014-06-08,0437,Aqua,MODIS,83,6.2,302.7,34.9,D,0
-11.2115,132.2165,318.6,1.5,1.2,2014-06-08,0437,Aqua,MODIS,41,6.2,298.2,14.4,D,0
-11.2886,132.2471,317.2,1.5,1.2,2014-06-08,0437,Aqua,MODIS,36,6.2,298.9,12.4,D,0
-11.2779,132.2457,322.9,1.5,1.2,2014-06-08,0437,Aqua,MODIS,76,6.2,299.4,23.1,D,0
-11.2796,132.2324,316,1.5,1.2,2014-06-08,0437,Aqua,MODIS,66,6.2,298,11.4,D,0
-11.6945,130.0852,316.5,2.1,1.4,2014-06-08,0437,Aqua,MODIS,0,6.2,296.8,30.9,D,0
-11.4097,130.4881,316.3,2,1.4,2014-06-08,0437,Aqua,MODIS,65,6.2,297.4,23.4,D,0
-11.3895,130.4486,315.9,2,1.4,2014-06-08,0437,Aqua,MODIS,37,6.2,297.2,20.1,D,0
-11.3974,130.4864,330.9,2,1.4,2014-06-08,0437,Aqua,MODIS,83,6.2,297.5,62.4,D,0
-11.4075,130.506,322.8,2,1.4,2014-06-08,0437,Aqua,MODIS,76,6.2,297.7,42.2,D,0
-11.3952,130.5043,337.5,2,1.4,2014-06-08,0437,Aqua,MODIS,88,6.2,298.1,90,D,0
-21.6354,118.6519,319.8,1.5,1.2,2014-06-08,0612,Aqua,MODIS,53,6.2,295.7,22.8,D,0
-21.7111,119.2691,354.1,1.7,1.3,2014-06-08,0612,Aqua,MODIS,66,6.2,296,132.6,D,0
-21.6971,119.2158,343.7,1.7,1.3,2014-06-08,0612,Aqua,MODIS,93,6.2,294.7,89.1,D,0
-21.7,119.1997,328,1.7,1.3,2014-06-08,0612,Aqua,MODIS,72,6.2,296,40.9,D,0
-21.6991,119.2095,345.9,1.7,1.3,2014-06-08,0612,Aqua,MODIS,94,6.2,296.6,101.3,D,0
-20.5288,118.9105,319.5,1.7,1.3,2014-06-08,0613,Aqua,MODIS,73,6.2,305.7,17.9,D,0
-18.6783,127.2178,312.6,1.2,1.1,2014-06-08,1400,Terra,MODIS,85,6.2,289.3,16.8,N,0
-18.6798,127.2061,312.3,1.2,1.1,2014-06-08,1400,Terra,MODIS,85,6.2,289.3,16.2,N,0
-18.6812,127.1944,320.2,1.2,1.1,2014-06-08,1400,Terra,MODIS,100,6.2,289.7,25.7,N,0
-18.6786,127.212,314.3,1.2,1.1,2014-06-08,1400,Terra,MODIS,89,6.2,289.3,18.1,N,0
-18.6588,127.2092,309.7,1.2,1.1,2014-06-08,1400,Terra,MODIS,78,6.2,288.9,14.1,N,0
-18.6801,127.2004,313.6,1.2,1.1,2014-06-08,1400,Terra,MODIS,88,6.2,289.4,16.7,N,0
-18.6603,127.1975,314.1,1.2,1.1,2014-06-08,1400,Terra,MODIS,89,6.2,288.9,18.3,N,0
-18.6827,127.1827,314.4,1.2,1.1,2014-06-08,1400,Terra,MODIS,89,6.2,289.7,18.7,N,0
-18.6817,127.1887,320.5,1.2,1.1,2014-06-08,1400,Terra,MODIS,100,6.2,290,25.5,N,0
-21.1875,119.905,300.5,4.4,1.9,2014-06-08,1400,Terra,MODIS,29,6.2,269.3,61.7,N,0
-15.9044,135.2972,301.6,1.9,1.3,2014-06-08,1400,Terra,MODIS,22,6.2,291.4,10.3,N,0
-12.9308,131.0827,304.8,1.1,1.1,2014-06-08,1401,Terra,MODIS,62,6.2,292.8,6.6,N,0
-13.7517,130.6498,307.8,1.1,1,2014-06-08,1401,Terra,MODIS,72,6.2,294.6,7.7,N,0
-14.1269,130.7941,306.5,1.1,1,2014-06-08,1401,Terra,MODIS,18,6.2,294.1,6.1,N,0
-13.8195,133.6277,309.1,1.5,1.2,2014-06-08,1401,Terra,MODIS,77,6.2,290,18.7,N,0
-13.5165,132.716,303.4,1.4,1.2,2014-06-08,1401,Terra,MODIS,33,6.2,292.7,6.5,N,0
-14.1496,130.8136,309.6,1.1,1,2014-06-08,1401,Terra,MODIS,51,6.2,293.7,8.3,N,0
-13.3646,131.0679,306.5,1.1,1,2014-06-08,1401,Terra,MODIS,68,6.2,291.8,7.6,N,0
-13.508,132.7023,304.4,1.4,1.2,2014-06-08,1401,Terra,MODIS,60,6.2,293,7.6,N,0
-13.118,131.7293,315.4,1.2,1.1,2014-06-08,1401,Terra,MODIS,91,6.2,291.9,18.3,N,0
-13.8172,133.6418,312.2,1.5,1.2,2014-06-08,1401,Terra,MODIS,84,6.2,289.7,23,N,0
-14.1404,130.8123,328.9,1.1,1,2014-06-08,1401,Terra,MODIS,100,6.2,295.5,27.2,N,0
-15.437,131.7494,305.3,1.1,1.1,2014-06-08,1401,Terra,MODIS,64,6.2,290.8,8.2,N,0
-14.1283,130.7843,306.4,1.1,1,2014-06-08,1401,Terra,MODIS,45,6.2,294,6.2,N,0
-13.3661,131.0578,311.9,1.1,1,2014-06-08,1401,Terra,MODIS,84,6.2,292,12,N,0
-13.3603,131.0614,312.2,1.1,1,2014-06-08,1401,Terra,MODIS,84,6.2,292,12.7,N,0
-13.8106,130.0623,330.3,1,1,2014-06-08,1401,Terra,MODIS,100,6.2,296.7,28.7,N,0
-14.165,126.4665,305.1,1.2,1.1,2014-06-08,1401,Terra,MODIS,63,6.2,295,6.7,N,0
-14.725,125.9951,312.8,1.3,1.1,2014-06-08,1401,Terra,MODIS,86,6.2,295.3,14.2,N,0
-15.2262,129.9459,308.4,1,1,2014-06-08,1401,Terra,MODIS,74,6.2,293.6,8.2,N,0
-13.9636,130.1468,304.1,1,1,2014-06-08,1401,Terra,MODIS,31,6.2,292.7,4.7,N,0
-15.2312,129.9752,306.7,1,1,2014-06-08,1401,Terra,MODIS,69,6.2,293,6.4,N,0
-15.2325,129.9659,320.7,1,1,2014-06-08,1401,Terra,MODIS,100,6.2,294,17.3,N,0
-15.0633,129.737,307.8,1,1,2014-06-08,1401,Terra,MODIS,52,6.2,293.8,6.3,N,0
-15.0516,129.7541,308.3,1,1,2014-06-08,1401,Terra,MODIS,44,6.2,293.6,6.2,N,0
-13.8197,130.0637,308.7,1,1,2014-06-08,1401,Terra,MODIS,65,6.2,294,7.1,N,0
-13.9944,130.1902,315.8,1,1,2014-06-08,1401,Terra,MODIS,92,6.2,294.4,12.9,N,0
-15.243,127.7204,303.1,1.1,1,2014-06-08,1401,Terra,MODIS,51,6.2,292.5,5.6,N,0
-13.993,130.1997,308.3,1,1,2014-06-08,1401,Terra,MODIS,17,6.2,292.8,6.9,N,0
-13.5652,129.8522,329.3,1,1,2014-06-08,1401,Terra,MODIS,100,6.2,295.9,26.5,N,0
-14.2658,126.7921,312.6,1.2,1.1,2014-06-08,1401,Terra,MODIS,85,6.2,293.5,12.8,N,0
-14.285,126.795,306.9,1.2,1.1,2014-06-08,1401,Terra,MODIS,66,6.2,292.6,7.9,N,0
-13.9968,131.1511,306.8,1.1,1,2014-06-08,1401,Terra,MODIS,58,6.2,291.9,8,N,0
-14.0046,131.1628,305.6,1.1,1,2014-06-08,1401,Terra,MODIS,34,6.2,291.2,7.3,N,0
-15.0235,126.6037,303.9,1.2,1.1,2014-06-08,1401,Terra,MODIS,58,6.2,291.8,7.8,N,0
-14.2794,126.2941,306.4,1.2,1.1,2014-06-08,1401,Terra,MODIS,66,6.2,292.2,8.6,N,0
-15.2417,127.7304,305,1.1,1,2014-06-08,1401,Terra,MODIS,33,6.2,293.3,5.9,N,0
-14.2694,126.2928,303.7,1.2,1.1,2014-06-08,1401,Terra,MODIS,55,6.2,293,6.6,N,0
-13.9713,130.1577,304.7,1,1,2014-06-08,1401,Terra,MODIS,18,6.2,293.1,4.8,N,0
-14.5312,129.8548,307.2,1,1,2014-06-08,1401,Terra,MODIS,71,6.2,293.2,7.1,N,0
-14.5298,129.8641,303.7,1,1,2014-06-08,1401,Terra,MODIS,56,6.2,293.4,4.7,N,0
-13.5562,129.8508,309.8,1,1,2014-06-08,1401,Terra,MODIS,40,6.2,293,8.2,N,0
-13.8015,130.0609,337.8,1,1,2014-06-08,1401,Terra,MODIS,100,6.2,296,39.1,N,0
-14.8839,129.8963,308.6,1,1,2014-06-08,1401,Terra,MODIS,63,6.2,294.9,7,N,0
-15.1187,129.7995,309.5,1,1,2014-06-08,1401,Terra,MODIS,78,6.2,293.9,8,N,0
-13.7696,130.0304,305.4,1,1,2014-06-08,1401,Terra,MODIS,64,6.2,293.3,6,N,0
-15.1786,129.8945,307.3,1,1,2014-06-08,1401,Terra,MODIS,71,6.2,294.2,7.4,N,0
-13.8265,130.4498,309.8,1,1,2014-06-08,1401,Terra,MODIS,27,6.2,293.9,8.3,N,0
-15.4116,126.1217,301.9,1.3,1.1,2014-06-08,1401,Terra,MODIS,45,6.2,289.1,8.7,N,0
-14.6797,127.1289,301.4,1.1,1.1,2014-06-08,1401,Terra,MODIS,41,6.2,290.6,5.8,N,0
-14.6702,127.1274,301.4,1.1,1.1,2014-06-08,1401,Terra,MODIS,33,6.2,289.9,5.9,N,0
-15.2632,126.0147,306,1.3,1.1,2014-06-08,1401,Terra,MODIS,67,6.2,290.1,10.7,N,0
-15.1299,129.8488,306.4,1,1,2014-06-08,1401,Terra,MODIS,68,6.2,293.5,6,N,0
-15.3351,129.8932,310.2,1,1,2014-06-08,1401,Terra,MODIS,79,6.2,293.7,8.9,N,0
-15.3364,129.8839,319.1,1,1,2014-06-08,1401,Terra,MODIS,98,6.2,294.2,16.1,N,0
-15.2619,126.0084,310.6,1.3,1.1,2014-06-08,1401,Terra,MODIS,80,6.2,290.3,15,N,0
-14.936,129.8538,305.3,1,1,2014-06-08,1401,Terra,MODIS,54,6.2,293.9,5.4,N,0
-13.8183,130.0731,329.9,1,1,2014-06-08,1401,Terra,MODIS,100,6.2,295.6,28.1,N,0
-14.9451,129.8552,313.1,1,1,2014-06-08,1401,Terra,MODIS,86,6.2,294.3,10.8,N,0
-14.9437,129.8645,307,1,1,2014-06-08,1401,Terra,MODIS,70,6.2,295.2,6.2,N,0
-14.0277,127.3464,311.1,1.1,1,2014-06-08,1401,Terra,MODIS,82,6.2,295.1,9.8,N,0
-15.12,129.7903,312.7,1,1,2014-06-08,1401,Terra,MODIS,85,6.2,294.1,10.5,N,0
-14.0371,127.3478,309.9,1.1,1,2014-06-08,1401,Terra,MODIS,79,6.2,294.3,9.7,N,0
-15.2339,129.9566,313.9,1,1,2014-06-08,1401,Terra,MODIS,67,6.2,293.8,11.2,N,0
-14.906,129.8713,306.9,1,1,2014-06-08,1401,Terra,MODIS,66,6.2,293.8,6.4,N,0
-15.1213,129.781,308.2,1,1,2014-06-08,1401,Terra,MODIS,74,6.2,293.7,7.2,N,0
-13.8357,130.4512,311,1,1,2014-06-08,1401,Terra,MODIS,18,6.2,294.1,8.8,N,0
-15.2628,127.7846,305.4,1.1,1,2014-06-08,1401,Terra,MODIS,55,6.2,294,5.9,N,0
-15.2375,129.9953,310.3,1,1,2014-06-08,1401,Terra,MODIS,80,6.2,293.3,8.9,N,0
-15.2388,129.9859,307.1,1,1,2014-06-08,1401,Terra,MODIS,61,6.2,293.3,6.6,N,0
-15.2275,129.9366,305,1,1,2014-06-08,1401,Terra,MODIS,52,6.2,292.7,6.2,N,0
-15.2576,127.7532,308.9,1.1,1,2014-06-08,1401,Terra,MODIS,27,6.2,294.6,7.8,N,0
-14.2679,126.07,327.4,1.3,1.1,2014-06-08,1401,Terra,MODIS,100,6.2,296.7,34.2,N,0
-14.1772,126.5243,307.8,1.2,1.1,2014-06-08,1401,Terra,MODIS,58,6.2,294.9,8.3,N,0
-14.2037,126.1734,312,1.2,1.1,2014-06-08,1401,Terra,MODIS,81,6.2,293.9,12.9,N,0
-14.0735,126.7849,320,1.2,1.1,2014-06-08,1401,Terra,MODIS,100,6.2,293.8,22.1,N,0
-15.6533,125.7503,302.9,1.4,1.2,2014-06-08,1401,Terra,MODIS,52,6.2,290.8,8,N,0
-15.5716,125.8931,302.8,1.3,1.2,2014-06-08,1401,Terra,MODIS,51,6.2,290.5,7.8,N,0
-15.7524,125.692,303.6,1.4,1.2,2014-06-08,1401,Terra,MODIS,53,6.2,290.4,8.8,N,0
-15.7418,125.6906,306.3,1.4,1.2,2014-06-08,1401,Terra,MODIS,68,6.2,291.1,11.9,N,0
-14.1757,126.5355,309.6,1.2,1.1,2014-06-08,1401,Terra,MODIS,75,6.2,295.3,9.8,N,0
-14.4852,126.5921,305.1,1.2,1.1,2014-06-08,1401,Terra,MODIS,63,6.2,294.3,6.9,N,0
-13.503,130.5916,311.7,1.1,1,2014-06-08,1401,Terra,MODIS,77,6.2,294.2,9.8,N,0
-13.5073,130.5624,305.6,1.1,1,2014-06-08,1401,Terra,MODIS,65,6.2,291.9,7.1,N,0
-14.2975,126.7751,306,1.2,1.1,2014-06-08,1401,Terra,MODIS,24,6.2,293.1,7.1,N,0
-13.8029,130.0515,330.6,1,1,2014-06-08,1401,Terra,MODIS,100,6.2,295.8,28.7,N,0
-13.5088,130.5527,305.7,1.1,1,2014-06-08,1401,Terra,MODIS,65,6.2,291.3,7.5,N,0
-14.3086,126.7658,303.7,1.2,1.1,2014-06-08,1401,Terra,MODIS,18,6.2,292.6,5.6,N,0
-14.4838,126.6031,308,1.2,1.1,2014-06-08,1401,Terra,MODIS,73,6.2,294,9.3,N,0
-13.4753,130.5872,325.7,1.1,1,2014-06-08,1401,Terra,MODIS,100,6.2,295.6,24.1,N,0
-13.4739,130.5969,308.8,1.1,1,2014-06-08,1401,Terra,MODIS,59,6.2,294.8,7.6,N,0
-13.4846,130.5886,310.9,1.1,1,2014-06-08,1401,Terra,MODIS,38,6.2,295.1,8.6,N,0
-13.812,130.0529,308.7,1,1,2014-06-08,1401,Terra,MODIS,74,6.2,294.2,7.3,N,0
-14.6773,126.6764,301.7,1.2,1.1,2014-06-08,1401,Terra,MODIS,17,6.2,291.2,5.6,N,0
-13.8603,130.4748,308.5,1,1,2014-06-08,1401,Terra,MODIS,31,6.2,293.7,7.1,N,0
-14.2933,130.3523,302,1,1,2014-06-08,1401,Terra,MODIS,46,6.2,290.7,5.3,N,0
-13.8589,130.4845,307.5,1,1,2014-06-08,1401,Terra,MODIS,59,6.2,293.2,6.7,N,0
-13.7768,130.5445,308.1,1.1,1,2014-06-08,1401,Terra,MODIS,40,6.2,294.4,6.9,N,0
-13.4909,130.6096,311.9,1.1,1,2014-06-08,1401,Terra,MODIS,58,6.2,294.4,9.4,N,0
-14.2946,130.3428,304.5,1,1,2014-06-08,1401,Terra,MODIS,60,6.2,290.9,6.7,N,0
-14.4146,130.0882,301.6,1,1,2014-06-08,1401,Terra,MODIS,34,6.2,291.4,4.4,N,0
-14.416,130.0788,303.2,1,1,2014-06-08,1401,Terra,MODIS,25,6.2,292.2,4.9,N,0
-14.4083,130.0681,312.1,1,1,2014-06-08,1401,Terra,MODIS,84,6.2,293,10.6,N,0
-16.4656,124.4416,305.6,1.7,1.3,2014-06-08,1401,Terra,MODIS,40,6.2,295.1,10.6,N,0
-13.7584,130.5415,306.5,1.1,1,2014-06-08,1401,Terra,MODIS,22,6.2,294.3,5.9,N,0
-13.4768,130.5775,323.5,1.1,1,2014-06-08,1401,Terra,MODIS,100,6.2,295,21.4,N,0
-12.77,130.6977,303,1.1,1,2014-06-08,1402,Terra,MODIS,53,6.2,292.1,5.4,N,0
-12.4182,133.3905,305.5,1.6,1.2,2014-06-08,1402,Terra,MODIS,65,6.2,292.4,12,N,0
-12.7558,130.6649,303.1,1.1,1,2014-06-08,1402,Terra,MODIS,7,6.2,292.3,4.8,N,0
-12.4205,133.3762,305.5,1.6,1.2,2014-06-08,1402,Terra,MODIS,65,6.2,292.7,11.8,N,0
-28.8075,150.0268,307.4,1.2,1.1,2014-06-08,1530,Aqua,MODIS,71,6.2,279.1,16.7,N,0
-15.2352,130.0069,303.6,1.6,1.2,2014-06-08,1705,Aqua,MODIS,56,6.2,291.3,11.1,N,0
-13.9934,130.2103,305.2,1.6,1.2,2014-06-08,1705,Aqua,MODIS,16,6.2,292.3,10.9,N,0
-13.9915,130.1956,310.3,1.6,1.2,2014-06-08,1705,Aqua,MODIS,56,6.2,293.2,17.2,N,0
-13.5755,129.8856,338.8,1.5,1.2,2014-06-08,1705,Aqua,MODIS,100,6.2,294.1,73.5,N,0
-13.5773,129.8993,346.5,1.5,1.2,2014-06-08,1705,Aqua,MODIS,100,6.2,295.4,99.6,N,0
-13.5881,129.8979,323.3,1.5,1.2,2014-06-08,1705,Aqua,MODIS,100,6.2,292.7,37.5,N,0
-13.5899,129.9117,337.4,1.5,1.2,2014-06-08,1705,Aqua,MODIS,100,6.2,294.2,71.6,N,0
-13.6008,129.9102,313.2,1.5,1.2,2014-06-08,1705,Aqua,MODIS,87,6.2,291.7,21.6,N,0
-13.6026,129.9241,316.4,1.5,1.2,2014-06-08,1705,Aqua,MODIS,93,6.2,291.7,27.3,N,0
-15.0093,126.6077,306.5,1,1,2014-06-08,1705,Aqua,MODIS,68,6.2,291.5,8.2,N,0
-12.9751,130.193,302.4,1.5,1.2,2014-06-08,1705,Aqua,MODIS,49,6.2,290.5,9.4,N,0
-13.5594,129.8667,318.5,1.5,1.2,2014-06-08,1705,Aqua,MODIS,97,6.2,292.7,29,N,0
-13.5647,129.887,324.8,1.5,1.2,2014-06-08,1705,Aqua,MODIS,100,6.2,293.5,40.1,N,0
-14.2663,126.2953,303.5,1,1,2014-06-08,1705,Aqua,MODIS,35,6.2,293.2,4.8,N,0
-13.5612,129.8598,305.6,1.5,1.2,2014-06-08,1705,Aqua,MODIS,65,6.2,291.1,11.5,N,0
-13.563,129.8734,328.7,1.5,1.2,2014-06-08,1705,Aqua,MODIS,100,6.2,293.6,48.8,N,0
-13.8024,130.0566,324.8,1.5,1.2,2014-06-08,1705,Aqua,MODIS,100,6.2,293.6,42.7,N,0
-14.9433,129.8574,303.8,1.6,1.2,2014-06-08,1705,Aqua,MODIS,57,6.2,292.1,9.9,N,0
-15.033,127.3614,303.7,1.1,1.1,2014-06-08,1705,Aqua,MODIS,56,6.2,291.6,7.1,N,0
-13.5612,129.8803,325.5,1.5,1.2,2014-06-08,1705,Aqua,MODIS,100,6.2,293.8,41.9,N,0
-13.9638,130.1552,305.3,1.6,1.2,2014-06-08,1705,Aqua,MODIS,20,6.2,292.2,10.8,N,0
-13.9625,130.1472,305.1,1.6,1.2,2014-06-08,1705,Aqua,MODIS,21,6.2,291.8,11,N,0
-14.0202,127.3467,308.2,1.1,1,2014-06-08,1705,Aqua,MODIS,34,6.2,294.5,7.8,N,0
-14.73,126.0039,308.4,1,1,2014-06-08,1705,Aqua,MODIS,74,6.2,294.6,7.2,N,0
-15.2627,127.7679,303,1.2,1.1,2014-06-08,1705,Aqua,MODIS,51,6.2,292.7,5.7,N,0
-15.2298,129.9624,307.2,1.6,1.2,2014-06-08,1705,Aqua,MODIS,71,6.2,292.2,15,N,0
-15.2316,129.9771,302.8,1.6,1.2,2014-06-08,1705,Aqua,MODIS,38,6.2,291.6,9.6,N,0
-15.2334,129.992,303.5,1.6,1.2,2014-06-08,1705,Aqua,MODIS,54,6.2,291.3,10.4,N,0
-14.9107,129.8813,306.8,1.6,1.2,2014-06-08,1705,Aqua,MODIS,69,6.2,293.4,13,N,0
-13.8192,130.4503,305.2,1.6,1.3,2014-06-08,1705,Aqua,MODIS,21,6.2,292.2,11.7,N,0
-15.1768,129.9016,312.4,1.6,1.2,2014-06-08,1705,Aqua,MODIS,85,6.2,292.9,22.4,N,0
-14.031,127.3552,307.7,1.1,1,2014-06-08,1705,Aqua,MODIS,56,6.2,293.2,7.8,N,0
-14.0296,127.3452,305,1.1,1,2014-06-08,1705,Aqua,MODIS,9,6.2,293.1,5.9,N,0
-15.1197,129.8063,302.7,1.6,1.2,2014-06-08,1705,Aqua,MODIS,51,6.2,292.4,9,N,0
-15.1179,129.7919,307.1,1.5,1.2,2014-06-08,1705,Aqua,MODIS,70,6.2,292.6,14.1,N,0
-14.4135,130.0949,305,1.6,1.2,2014-06-08,1705,Aqua,MODIS,63,6.2,290.6,13,N,0
-13.8566,130.4849,310.6,1.7,1.3,2014-06-08,1705,Aqua,MODIS,46,6.2,292.6,18.2,N,0
-14.6801,126.6808,305.8,1,1,2014-06-08,1705,Aqua,MODIS,66,6.2,292,7,N,0
-14.4853,126.6043,308.6,1,1,2014-06-08,1705,Aqua,MODIS,75,6.2,293.3,8.1,N,0
-14.484,126.5948,306.5,1,1,2014-06-08,1705,Aqua,MODIS,68,6.2,293.8,6.7,N,0
-14.4117,130.0804,302.5,1.6,1.2,2014-06-08,1705,Aqua,MODIS,43,6.2,291.2,9.5,N,0
-14.4153,130.1095,302.2,1.6,1.2,2014-06-08,1705,Aqua,MODIS,47,6.2,290.2,9.9,N,0
-13.7624,130.5509,304.5,1.7,1.3,2014-06-08,1705,Aqua,MODIS,61,6.2,292.8,11.9,N,0
-13.4811,130.5892,304.1,1.7,1.3,2014-06-08,1705,Aqua,MODIS,48,6.2,293.1,10.2,N,0
-13.7017,130.7069,311.5,1.7,1.3,2014-06-08,1705,Aqua,MODIS,83,6.2,293,22.8,N,0
-15.3787,125.7776,300.6,1,1,2014-06-08,1705,Aqua,MODIS,30,6.2,288.6,5.7,N,0
-15.4154,125.7177,317.9,1,1,2014-06-08,1705,Aqua,MODIS,96,6.2,290.5,16.8,N,0
-15.4167,125.7271,302.6,1,1,2014-06-08,1705,Aqua,MODIS,50,6.2,289.6,5.6,N,0
-15.4257,125.7257,314.6,1,1,2014-06-08,1705,Aqua,MODIS,90,6.2,291.3,13.7,N,0
-14.2717,126.0751,317.2,1,1,2014-06-08,1705,Aqua,MODIS,95,6.2,296.1,13.3,N,0
-14.1107,126.7522,305.4,1,1,2014-06-08,1705,Aqua,MODIS,64,6.2,293,6.3,N,0
-14.5859,126.4118,307.8,1,1,2014-06-08,1705,Aqua,MODIS,73,6.2,293.3,8.1,N,0
-14.194,126.1782,315,1,1,2014-06-08,1705,Aqua,MODIS,61,6.2,293.8,11.4,N,0
-14.2044,126.1861,306.4,1,1,2014-06-08,1705,Aqua,MODIS,23,6.2,293.3,5.6,N,0
-14.1693,126.7772,302,1,1,2014-06-08,1705,Aqua,MODIS,46,6.2,292,4.4,N,0
-14.069,126.7877,302.9,1,1,2014-06-08,1705,Aqua,MODIS,52,6.2,292.7,5.3,N,0
-14.1812,126.5319,307.8,1,1,2014-06-08,1705,Aqua,MODIS,73,6.2,294.2,7.8,N,0
-15.5605,125.8906,313,1,1,2014-06-08,1706,Aqua,MODIS,86,6.2,288.5,12.7,N,0
-15.5619,125.9,316,1,1,2014-06-08,1706,Aqua,MODIS,92,6.2,290,15.3,N,0
-15.7339,125.6894,311.3,1,1,2014-06-08,1706,Aqua,MODIS,82,6.2,290.9,11,N,0
-18.6527,127.2105,313.2,1.2,1.1,2014-06-08,1706,Aqua,MODIS,87,6.2,286.8,17.6,N,0
-18.682,127.2063,305,1.2,1.1,2014-06-08,1706,Aqua,MODIS,62,6.2,287,10.2,N,0
-16.4675,124.4188,310.5,1,1,2014-06-08,1706,Aqua,MODIS,80,6.2,295.2,8.8,N,0
-17.9324,123.8745,306.3,1,1,2014-06-08,1706,Aqua,MODIS,67,6.2,291.5,7.9,N,0
-20.4904,127.9068,314.2,1.4,1.2,2014-06-08,1707,Aqua,MODIS,89,6.2,281.8,25.3,N,0
-21.6613,119.1724,302.7,1.5,1.2,2014-06-08,1707,Aqua,MODIS,15,6.2,285.1,11.6,N,0
-21.6689,119.2156,350.6,1.5,1.2,2014-06-08,1707,Aqua,MODIS,100,6.2,290.2,116.1,N,0
-21.6714,119.23,349.2,1.5,1.2,2014-06-08,1707,Aqua,MODIS,100,6.2,290.4,112,N,0
-21.6739,119.2441,341.9,1.5,1.2,2014-06-08,1707,Aqua,MODIS,100,6.2,289.2,87.4,N,0
-21.6747,119.1847,309.6,1.5,1.2,2014-06-08,1707,Aqua,MODIS,31,6.2,285.2,18.6,N,0
-21.6797,119.2134,307.8,1.5,1.2,2014-06-08,1707,Aqua,MODIS,20,6.2,285.6,15.9,N,0
-21.6822,119.2279,319,1.5,1.2,2014-06-08,1707,Aqua,MODIS,98,6.2,285.8,33.6,N,0
-21.6847,119.242,311.7,1.5,1.2,2014-06-08,1707,Aqua,MODIS,73,6.2,284.4,22.1,N,0
-21.6872,119.2562,313,1.5,1.2,2014-06-08,1707,Aqua,MODIS,86,6.2,282.1,25.2,N,0
-20.2296,119.5673,300.6,1.5,1.2,2014-06-08,1707,Aqua,MODIS,30,6.2,288.3,10.2,N,0
-21.195,119.9291,307.4,1.4,1.2,2014-06-08,1707,Aqua,MODIS,71,6.2,275.5,17.2,N,0
-21.1927,119.9158,304.6,1.4,1.2,2014-06-08,1707,Aqua,MODIS,56,6.2,277.2,14.4,N,0
-21.1868,119.9227,320.9,1.4,1.2,2014-06-08,1707,Aqua,MODIS,100,6.2,277.5,33.7,N,0
-21.189,119.9359,306,1.4,1.2,2014-06-08,1707,Aqua,MODIS,27,6.2,277.3,14.6,N,0
-15.4163,136.1484,312.4,2,1.4,2014-06-09,0052,Terra,MODIS,65,6.2,297.9,18.6,D,0
-13.7584,133.6305,309.2,3.3,1.7,2014-06-09,0052,Terra,MODIS,60,6.2,297,31.3,D,0
-15.419,136.1419,313.6,2,1.4,2014-06-09,0052,Terra,MODIS,66,6.2,298.3,19.1,D,0
-13.187,131.8457,308.2,4.6,2,2014-06-09,0052,Terra,MODIS,53,6.2,298.2,36.3,D,0
-15.4131,136.1301,309.7,2,1.4,2014-06-09,0052,Terra,MODIS,58,6.2,298.3,12.8,D,0
-13.4421,131.6445,307.6,4.7,2,2014-06-09,0052,Terra,MODIS,48,6.2,297.4,31.4,D,0
-13.44,131.6371,309.2,4.7,2,2014-06-09,0052,Terra,MODIS,61,6.2,297.9,46.2,D,0
-12.4288,133.3838,312,3.7,1.8,2014-06-09,0052,Terra,MODIS,67,6.2,295.9,47.3,D,0
-15.4684,141.5654,311.6,1,1,2014-06-09,0052,Terra,MODIS,68,6.2,298.6,5.4,D,0
-12.4054,133.5254,310.1,3.6,1.8,2014-06-09,0052,Terra,MODIS,63,6.2,295.7,38.6,D,0
-15.625,135.9774,309.2,2,1.4,2014-06-09,0052,Terra,MODIS,58,6.2,298.4,13.3,D,0
-16.1017,136.1374,322.3,1.9,1.4,2014-06-09,0052,Terra,MODIS,78,6.2,298.7,40,D,0
-15.4698,141.5747,311.7,1,1,2014-06-09,0052,Terra,MODIS,68,6.2,298.1,5.6,D,0
-12.9225,132.0908,306.8,4.5,1.9,2014-06-09,0052,Terra,MODIS,31,6.2,295.9,30.1,D,0
-13.2627,133.6703,306.6,3.4,1.7,2014-06-09,0052,Terra,MODIS,33,6.2,296.4,22.8,D,0
-13.0176,133.3626,307.3,3.6,1.8,2014-06-09,0052,Terra,MODIS,55,6.2,296.2,25.4,D,0
-13.2176,133.7728,311,3.3,1.7,2014-06-09,0052,Terra,MODIS,65,6.2,296.8,41,D,0
-16.2142,136.9735,309.1,1.7,1.3,2014-06-09,0052,Terra,MODIS,56,6.2,298.2,10.8,D,0
-12.3993,133.4925,312.6,3.6,1.8,2014-06-09,0052,Terra,MODIS,68,6.2,295.7,50.4,D,0
-15.697,135.4933,311.1,2.2,1.4,2014-06-09,0052,Terra,MODIS,63,6.2,298.3,18.6,D,0
-12.9223,132.0829,308,4.5,1.9,2014-06-09,0052,Terra,MODIS,46,6.2,296.1,37.4,D,0
-15.6983,135.4992,310.2,2.2,1.4,2014-06-09,0052,Terra,MODIS,61,6.2,297.8,15.2,D,0
-13.0253,133.3687,308.3,3.6,1.8,2014-06-09,0052,Terra,MODIS,59,6.2,296.5,28.3,D,0
-16.0864,136.1217,315.7,1.9,1.4,2014-06-09,0052,Terra,MODIS,60,6.2,298.5,22.5,D,0
-12.9398,132.0872,309.3,4.5,1.9,2014-06-09,0052,Terra,MODIS,58,6.2,297.3,42.9,D,0
-12.4201,133.3785,311.5,3.7,1.8,2014-06-09,0052,Terra,MODIS,65,6.2,296.1,44.4,D,0
-16.2118,136.9671,308.5,1.7,1.3,2014-06-09,0052,Terra,MODIS,53,6.2,298,9.4,D,0
-12.4069,133.4971,317.7,3.6,1.8,2014-06-09,0052,Terra,MODIS,75,6.2,296.1,73,D,0
-16.5103,141.4508,320.1,1,1,2014-06-09,0052,Terra,MODIS,48,6.2,302.7,8.5,D,0
-16.4999,141.4429,319.9,1,1,2014-06-09,0052,Terra,MODIS,33,6.2,302.2,7.8,D,0
-16.527,136.5246,310.9,1.8,1.3,2014-06-09,0053,Terra,MODIS,62,6.2,298.7,12.2,D,0
-16.5386,136.5224,310,1.8,1.3,2014-06-09,0053,Terra,MODIS,60,6.2,298.2,10.6,D,0
-16.3547,135.4875,309.3,2.1,1.4,2014-06-09,0053,Terra,MODIS,57,6.2,297.7,13.5,D,0
-16.3673,135.4852,309.3,2.1,1.4,2014-06-09,0053,Terra,MODIS,58,6.2,298.4,14,D,0
-17.5658,139.7395,317.6,1.1,1,2014-06-09,0053,Terra,MODIS,0,6.2,298.2,10.8,D,0
-17.5922,139.7245,324.3,1.1,1,2014-06-09,0053,Terra,MODIS,79,6.2,299.6,17.9,D,0
-17.5938,139.7348,317,1.1,1,2014-06-09,0053,Terra,MODIS,70,6.2,299.9,10.2,D,0
-15.4975,131.7505,308.6,4.2,1.9,2014-06-09,0053,Terra,MODIS,59,6.2,296.4,46.1,D,0
-15.5003,131.7441,308.8,4.2,1.9,2014-06-09,0053,Terra,MODIS,57,6.2,295.9,46.5,D,0
-27.8914,148.8286,312.3,3.2,1.7,2014-06-09,0055,Terra,MODIS,72,6.2,292.5,54.5,D,0
-27.8872,148.8237,314.1,3.2,1.7,2014-06-09,0055,Terra,MODIS,74,6.2,293.3,60.1,D,0
-38.3036,141.4443,301.3,1.4,1.2,2014-06-09,0058,Terra,MODIS,46,6.2,269.6,13.9,D,0
-14.2788,126.092,312.2,3.1,1.7,2014-06-09,0230,Terra,MODIS,0,6.2,300,23.4,D,0
-14.1758,126.7583,319.1,3.4,1.7,2014-06-09,0230,Terra,MODIS,62,6.2,300,59.6,D,0
-14.198,126.1715,313.8,3.1,1.7,2014-06-09,0230,Terra,MODIS,23,6.2,300.4,29.1,D,0
-14.1129,126.7649,317.9,3.4,1.7,2014-06-09,0230,Terra,MODIS,62,6.2,301.4,52.4,D,0
-14.1794,126.7893,325.5,3.4,1.7,2014-06-09,0230,Terra,MODIS,79,6.2,303.3,94.7,D,0
-14.1733,126.7834,314.4,3.4,1.7,2014-06-09,0230,Terra,MODIS,35,6.2,302.4,36.4,D,0
-14.1891,126.7816,342.1,3.4,1.7,2014-06-09,0230,Terra,MODIS,91,6.2,301,241,D,0
-14.6611,126.1377,315.5,3.1,1.7,2014-06-09,0230,Terra,MODIS,67,6.2,300.2,44.6,D,0
-14.0303,127.3573,315,3.8,1.8,2014-06-09,0230,Terra,MODIS,54,6.2,298.4,61.7,D,0
-14.6616,127.133,319.4,3.7,1.8,2014-06-09,0230,Terra,MODIS,73,6.2,299.6,75.8,D,0
-14.6706,127.1374,313.9,3.7,1.8,2014-06-09,0230,Terra,MODIS,45,6.2,300.3,45.1,D,0
-14.6544,127.1394,314,3.7,1.8,2014-06-09,0230,Terra,MODIS,47,6.2,299,45.4,D,0
-14.0367,127.3495,312.6,3.8,1.8,2014-06-09,0230,Terra,MODIS,48,6.2,298.7,49.4,D,0
-14.8408,126.5634,317.7,3.4,1.7,2014-06-09,0230,Terra,MODIS,21,6.2,299.7,50.1,D,0
-14.2706,126.2977,311.9,3.2,1.7,2014-06-09,0230,Terra,MODIS,16,6.2,301.2,23.8,D,0
-14.2434,127.501,311.4,3.9,1.8,2014-06-09,0230,Terra,MODIS,48,6.2,298.8,40.9,D,0
-14.6868,127.0604,320.5,3.7,1.8,2014-06-09,0230,Terra,MODIS,66,6.2,299.3,80.6,D,0
-14.6943,127.0529,327.3,3.7,1.8,2014-06-09,0230,Terra,MODIS,81,6.2,299.8,128.4,D,0
-14.2907,127.4164,311.6,3.9,1.8,2014-06-09,0230,Terra,MODIS,50,6.2,299.1,38,D,0
-14.8268,126.54,321.7,3.4,1.7,2014-06-09,0230,Terra,MODIS,76,6.2,300.2,78.2,D,0
-14.196,126.8453,316.2,3.5,1.8,2014-06-09,0230,Terra,MODIS,43,6.2,302.3,39.9,D,0
-14.703,127.0588,313.9,3.7,1.8,2014-06-09,0230,Terra,MODIS,43,6.2,299.1,43.5,D,0
-14.2118,126.8435,330,3.5,1.8,2014-06-09,0230,Terra,MODIS,83,6.2,301.3,131.2,D,0
-14.1925,126.8133,331.4,3.5,1.8,2014-06-09,0230,Terra,MODIS,84,6.2,301.7,141,D,0
-14.8303,126.5715,318.2,3.4,1.7,2014-06-09,0230,Terra,MODIS,71,6.2,300.1,58.6,D,0
-14.9797,126.165,309.9,3.2,1.7,2014-06-09,0231,Terra,MODIS,42,6.2,298.5,25.4,D,0
-15.2072,126.5668,310,3.4,1.7,2014-06-09,0231,Terra,MODIS,33,6.2,299.3,25.7,D,0
-15.2765,126.5202,311.2,3.4,1.7,2014-06-09,0231,Terra,MODIS,49,6.2,298.3,31.2,D,0
-15.1271,126.5165,314,3.4,1.7,2014-06-09,0231,Terra,MODIS,65,6.2,299.1,43.8,D,0
-17.4996,123.6998,333,2.2,1.4,2014-06-09,0231,Terra,MODIS,75,6.2,303.6,83.3,D,0
-17.502,123.7207,341.5,2.2,1.4,2014-06-09,0231,Terra,MODIS,91,6.2,304.1,127,D,0
-15.2649,127.7831,316.5,4.3,1.9,2014-06-09,0231,Terra,MODIS,61,6.2,300.2,70.7,D,0
-15.1521,126.3518,309,3.3,1.7,2014-06-09,0231,Terra,MODIS,41,6.2,298.8,21.6,D,0
-14.9856,126.2009,312.6,3.2,1.7,2014-06-09,0231,Terra,MODIS,61,6.2,300,35.2,D,0
-15.2675,127.7777,315.5,4.3,1.9,2014-06-09,0231,Terra,MODIS,58,6.2,300.1,64.3,D,0
-15.1568,125.9856,333.7,3.1,1.7,2014-06-09,0231,Terra,MODIS,87,6.2,300.8,146,D,0
-15.1538,125.9573,323.6,3.1,1.7,2014-06-09,0231,Terra,MODIS,78,6.2,298.8,81.9,D,0
-15.2483,126.122,322.4,3.2,1.7,2014-06-09,0231,Terra,MODIS,77,6.2,300.6,79.4,D,0
-15.2668,126.15,315.7,3.2,1.7,2014-06-09,0231,Terra,MODIS,35,6.2,299,41.7,D,0
-14.9824,126.1716,313.9,3.2,1.7,2014-06-09,0231,Terra,MODIS,65,6.2,298.7,41.8,D,0
-15.3832,126.1241,312.6,3.2,1.7,2014-06-09,0231,Terra,MODIS,63,6.2,299.4,36.1,D,0
-15.1584,125.9921,329.2,3.1,1.7,2014-06-09,0231,Terra,MODIS,83,6.2,300.4,113.8,D,0
-15.1552,125.9638,332.2,3.1,1.7,2014-06-09,0231,Terra,MODIS,85,6.2,299.4,133.2,D,0
-15.1402,125.9656,316.5,3.1,1.7,2014-06-09,0231,Terra,MODIS,70,6.2,300.1,46.8,D,0
-15.0005,126.4751,311.8,3.4,1.7,2014-06-09,0231,Terra,MODIS,30,6.2,299.8,30.6,D,0
-15.2611,126.1153,318.2,3.2,1.7,2014-06-09,0231,Terra,MODIS,72,6.2,298,57.2,D,0
-15.2642,126.1449,317.3,3.2,1.7,2014-06-09,0231,Terra,MODIS,71,6.2,299.1,52.8,D,0
-15.0545,126.4302,312,3.3,1.7,2014-06-09,0231,Terra,MODIS,44,6.2,300.3,30.2,D,0
-15.3864,126.154,309,3.2,1.7,2014-06-09,0231,Terra,MODIS,40,6.2,298.4,21.7,D,0
-16.3585,127.551,312.2,4.2,1.9,2014-06-09,0231,Terra,MODIS,54,6.2,300.3,48.1,D,0
-14.9828,126.1943,313.9,3.2,1.7,2014-06-09,0231,Terra,MODIS,65,6.2,300.4,40.2,D,0
-15.2799,126.5518,317.9,3.4,1.7,2014-06-09,0231,Terra,MODIS,72,6.2,298.8,64.9,D,0
-15.2744,126.5472,320,3.4,1.7,2014-06-09,0231,Terra,MODIS,72,6.2,299.2,71.4,D,0
-15.1634,126.3438,311.3,3.3,1.7,2014-06-09,0231,Terra,MODIS,45,6.2,299.8,27.3,D,0
-15.2449,126.0923,316.5,3.2,1.7,2014-06-09,0231,Terra,MODIS,66,6.2,298.8,49.5,D,0
-17.1061,123.2269,312.9,2,1.4,2014-06-09,0231,Terra,MODIS,51,6.2,300.3,14.9,D,0
-15.122,126.5119,313.3,3.4,1.7,2014-06-09,0231,Terra,MODIS,60,6.2,298.9,41.2,D,0
-15.32,126.4833,314.5,3.4,1.7,2014-06-09,0231,Terra,MODIS,64,6.2,299.4,39.7,D,0
-16.3318,126.5597,309,3.6,1.8,2014-06-09,0231,Terra,MODIS,41,6.2,298.9,25.4,D,0
-15.4435,125.7078,315.9,3,1.6,2014-06-09,0231,Terra,MODIS,69,6.2,298,45.5,D,0
-15.2311,125.8352,311.5,3,1.7,2014-06-09,0231,Terra,MODIS,47,6.2,300.3,27.2,D,0
-16.3756,125.5423,332,3,1.6,2014-06-09,0231,Terra,MODIS,85,6.2,303.1,116.4,D,0
-16.3753,125.5357,325.7,3,1.6,2014-06-09,0231,Terra,MODIS,81,6.2,303.6,79.8,D,0
-16.3782,125.5638,317.9,3,1.6,2014-06-09,0231,Terra,MODIS,72,6.2,301.3,43.6,D,0
-15.4529,125.7928,316.3,3,1.7,2014-06-09,0231,Terra,MODIS,66,6.2,299.1,44.7,D,0
-15.63,125.7582,317.8,3,1.7,2014-06-09,0231,Terra,MODIS,72,6.2,299.7,49.8,D,0
-15.6331,125.7859,312.8,3,1.7,2014-06-09,0231,Terra,MODIS,57,6.2,300.5,28.9,D,0
-15.5837,125.8843,311.6,3.1,1.7,2014-06-09,0231,Terra,MODIS,36,6.2,299.8,25.6,D,0
-15.5974,125.8767,312.1,3.1,1.7,2014-06-09,0231,Terra,MODIS,36,6.2,299.3,25.8,D,0
-15.7068,125.7709,321.4,3,1.7,2014-06-09,0231,Terra,MODIS,76,6.2,299.3,70.9,D,0
-15.7099,125.7991,322.6,3,1.7,2014-06-09,0231,Terra,MODIS,78,6.2,300.8,77.3,D,0
-17.9446,123.8553,314.8,2.3,1.5,2014-06-09,0231,Terra,MODIS,61,6.2,301.8,20.7,D,0
-17.947,123.8772,342.4,2.3,1.5,2014-06-09,0231,Terra,MODIS,91,6.2,304,140,D,0
-18.678,127.208,312.7,4.3,1.9,2014-06-09,0231,Terra,MODIS,59,6.2,299.4,58,D,0
-18.6952,127.2065,309.9,4.3,1.9,2014-06-09,0231,Terra,MODIS,43,6.2,297.6,40.8,D,0
-18.6802,127.201,314.7,4.3,1.9,2014-06-09,0231,Terra,MODIS,64,6.2,299.2,73,D,0
-18.6837,127.2411,309.4,4.3,1.9,2014-06-09,0231,Terra,MODIS,40,6.2,298,42.8,D,0
-15.0814,125.9773,309.1,3.1,1.7,2014-06-09,0231,Terra,MODIS,32,6.2,299,21,D,0
-17.164,126.2901,321.7,3.5,1.8,2014-06-09,0231,Terra,MODIS,77,6.2,301.2,79.6,D,0
-17.1543,126.2513,330.3,3.4,1.7,2014-06-09,0231,Terra,MODIS,84,6.2,301.3,138.5,D,0
-17.1078,123.2211,316.3,2,1.4,2014-06-09,0231,Terra,MODIS,68,6.2,301,23,D,0
-17.1056,123.2021,320.9,2,1.4,2014-06-09,0231,Terra,MODIS,75,6.2,302.1,35.4,D,0
-16.1403,125.301,312.6,2.8,1.6,2014-06-09,0231,Terra,MODIS,46,6.2,298.9,27.7,D,0
-17.1038,123.2079,322.2,2,1.4,2014-06-09,0231,Terra,MODIS,76,6.2,302.9,39.5,D,0
-16.1377,125.2757,314.2,2.8,1.6,2014-06-09,0231,Terra,MODIS,56,6.2,299.6,33.1,D,0
-17.0077,122.5176,316.9,1.8,1.3,2014-06-09,0231,Terra,MODIS,65,6.2,300.8,19.2,D,0
-16.1358,125.2823,320.4,2.8,1.6,2014-06-09,0231,Terra,MODIS,75,6.2,300,61,D,0
-17.1606,126.2578,333.9,3.4,1.7,2014-06-09,0231,Terra,MODIS,87,6.2,301,167.8,D,0
-17.1575,126.2837,329.8,3.5,1.8,2014-06-09,0231,Terra,MODIS,84,6.2,302.1,134.3,D,0
-17.1482,126.2916,315,3.5,1.8,2014-06-09,0231,Terra,MODIS,33,6.2,302.1,38.3,D,0
-18.6778,121.8095,320.1,1.7,1.3,2014-06-09,0232,Terra,MODIS,54,6.2,305,18.7,D,0
-18.6797,121.8254,319.9,1.7,1.3,2014-06-09,0232,Terra,MODIS,57,6.2,303.5,18.5,D,0
-18.6768,121.8192,321,1.7,1.3,2014-06-09,0232,Terra,MODIS,74,6.2,305.2,23.1,D,0
-19.1319,121.7144,315.2,1.7,1.3,2014-06-09,0232,Terra,MODIS,56,6.2,302.9,12.7,D,0
-19.1338,121.7303,333.2,1.7,1.3,2014-06-09,0232,Terra,MODIS,86,6.2,304.8,55.2,D,0
-19.1357,121.7462,316.9,1.7,1.3,2014-06-09,0232,Terra,MODIS,54,6.2,303.9,15.2,D,0
-19.174,121.7737,314.4,1.7,1.3,2014-06-09,0232,Terra,MODIS,41,6.2,303.3,10.4,D,0
-20.2299,119.5672,323.6,1.3,1.1,2014-06-09,0232,Terra,MODIS,80,6.2,302.4,21.6,D,0
-20.4878,123.9041,341.3,2.5,1.5,2014-06-09,0232,Terra,MODIS,91,6.2,299.3,157.7,D,0
-20.4903,123.9286,344.1,2.5,1.5,2014-06-09,0232,Terra,MODIS,93,6.2,299.1,178.2,D,0
-21.1863,119.905,321.5,1.4,1.2,2014-06-09,0232,Terra,MODIS,60,6.2,296.5,19,D,0
-21.1967,119.9036,362.5,1.4,1.2,2014-06-09,0232,Terra,MODIS,100,6.2,298.3,136.1,D,0
-21.1788,119.8994,318.6,1.4,1.2,2014-06-09,0232,Terra,MODIS,74,6.2,297.8,15.6,D,0
-21.1847,119.8921,330,1.4,1.2,2014-06-09,0232,Terra,MODIS,86,6.2,297.1,35,D,0
-21.1951,119.8906,349.7,1.4,1.2,2014-06-09,0232,Terra,MODIS,96,6.2,295.1,87.3,D,0
-34.9964,117.0094,318.2,1.4,1.2,2014-06-09,0236,Terra,MODIS,60,6.2,278.6,28.2,D,0
-34.9892,117.0412,333.8,1.4,1.2,2014-06-09,0236,Terra,MODIS,76,6.2,275.5,54.6,D,0
-32.9589,116.4614,300.7,1.2,1.1,2014-06-09,0236,Terra,MODIS,33,6.2,281.3,4.8,D,0
-32.3926,148.3935,301.4,2,1.4,2014-06-09,0335,Aqua,MODIS,47,6.2,287.5,13.8,D,0
-29.3915,153.1094,301.2,1,1,2014-06-09,0336,Aqua,MODIS,34,6.2,290.4,3.7,D,0
-29.1879,148.9126,307.5,1.7,1.3,2014-06-09,0336,Aqua,MODIS,45,6.2,296.4,8.1,D,0
-29.1994,148.9141,308.5,1.7,1.3,2014-06-09,0336,Aqua,MODIS,46,6.2,297.8,9.3,D,0
-29.1896,148.8953,307.8,1.7,1.3,2014-06-09,0336,Aqua,MODIS,49,6.2,296.1,8.5,D,0
-30.0125,150.9252,304.8,1.3,1.1,2014-06-09,0336,Aqua,MODIS,60,6.2,289.8,9.5,D,0
-29.2011,148.8969,308.8,1.7,1.3,2014-06-09,0336,Aqua,MODIS,50,6.2,297.9,9.9,D,0
-30.1235,147.9417,308.7,2,1.4,2014-06-09,0336,Aqua,MODIS,64,6.2,295.9,14.5,D,0
-31.2183,147.107,307.7,2.3,1.5,2014-06-09,0336,Aqua,MODIS,66,6.2,290.3,26.2,D,0
-31.2155,147.0888,309.5,2.3,1.5,2014-06-09,0336,Aqua,MODIS,59,6.2,290.4,27.6,D,0
-28.8841,149.1104,320.8,1.6,1.2,2014-06-09,0336,Aqua,MODIS,78,6.2,298.1,28.8,D,0
-28.5048,151.9602,307.6,1.1,1.1,2014-06-09,0336,Aqua,MODIS,66,6.2,287.1,10.1,D,0
-28.8858,149.0939,319.3,1.6,1.2,2014-06-09,0336,Aqua,MODIS,77,6.2,296.8,26.3,D,0
-31.2204,147.0823,307.3,2.3,1.5,2014-06-09,0336,Aqua,MODIS,65,6.2,290.5,25.9,D,0
-29.8627,149.1897,307.8,1.6,1.3,2014-06-09,0336,Aqua,MODIS,61,6.2,295.4,11.2,D,0
-15.4627,141.5453,313.6,3.8,1.8,2014-06-09,0340,Aqua,MODIS,0,6.2,296.2,46,D,0
-15.4016,141.7425,310.6,3.6,1.8,2014-06-09,0340,Aqua,MODIS,68,6.2,294.5,36.3,D,0
-15.3639,141.6353,307.3,3.7,1.8,2014-06-09,0340,Aqua,MODIS,54,6.2,291.8,21.6,D,0
-12.5715,141.8475,310.1,3.2,1.7,2014-06-09,0341,Aqua,MODIS,0,6.2,293.6,33.1,D,0
-19.8361,127.3062,328.7,1,1,2014-06-09,0517,Aqua,MODIS,80,6.2,306.3,18.9,D,0
-19.8375,127.2967,320.2,1,1,2014-06-09,0517,Aqua,MODIS,68,6.2,305,9.6,D,0
-21.1789,127.685,327.2,1,1,2014-06-09,0517,Aqua,MODIS,80,6.2,304.9,17.9,D,0
-19.7415,127.4495,317.4,1,1,2014-06-09,0517,Aqua,MODIS,60,6.2,305.9,6.6,D,0
-21.1658,127.7123,314.8,1,1,2014-06-09,0517,Aqua,MODIS,35,6.2,303.9,4.8,D,0
-20.4932,123.9052,317.8,1.3,1.1,2014-06-09,0517,Aqua,MODIS,65,6.2,303.9,11.3,D,0
-21.1803,127.6754,323.1,1,1,2014-06-09,0517,Aqua,MODIS,76,6.2,305.1,13.4,D,0
-16.207,126.9629,330.9,1,1,2014-06-09,0518,Aqua,MODIS,81,6.2,309.9,19.7,D,0
-16.6005,127.0361,336,1,1,2014-06-09,0518,Aqua,MODIS,86,6.2,311.5,26.5,D,0
-16.3453,127.5218,322.6,1,1,2014-06-09,0518,Aqua,MODIS,70,6.2,307.6,8.9,D,0
-16.3237,126.53,326.6,1,1,2014-06-09,0518,Aqua,MODIS,75,6.2,307.2,14.9,D,0
-16.5361,126.6515,324.5,1,1,2014-06-09,0518,Aqua,MODIS,73,6.2,309.7,11.3,D,0
-16.8381,126.5363,317.5,1,1,2014-06-09,0518,Aqua,MODIS,59,6.2,306.7,6.5,D,0
-16.5469,127.6541,319.8,1,1,2014-06-09,0518,Aqua,MODIS,53,6.2,305.7,8.3,D,0
-16.325,126.5207,317.4,1,1,2014-06-09,0518,Aqua,MODIS,39,6.2,304.8,6.3,D,0
-18.0115,130.754,319.8,1.4,1.2,2014-06-09,0518,Aqua,MODIS,30,6.2,305.8,12.2,D,0
-16.3039,126.3499,316.7,1,1,2014-06-09,0518,Aqua,MODIS,46,6.2,306.7,5.8,D,0
-16.1776,126.1333,320.7,1,1,2014-06-09,0518,Aqua,MODIS,47,6.2,308.2,7,D,0
-16.1789,126.124,318.4,1,1,2014-06-09,0518,Aqua,MODIS,16,6.2,307.2,5.3,D,0
-16.2083,126.9536,329,1,1,2014-06-09,0518,Aqua,MODIS,79,6.2,309,16.9,D,0
-16.177,126.3334,318.8,1,1,2014-06-09,0518,Aqua,MODIS,60,6.2,304.7,8.4,D,0
-18.0135,130.7413,320.3,1.4,1.2,2014-06-09,0518,Aqua,MODIS,34,6.2,306.1,12.7,D,0
-16.5348,126.6608,321.7,1,1,2014-06-09,0518,Aqua,MODIS,32,6.2,309.5,8.2,D,0
-16.4912,126.6445,319,1,1,2014-06-09,0518,Aqua,MODIS,58,6.2,306.7,6.2,D,0
-18.0218,130.7559,328.9,1.4,1.2,2014-06-09,0518,Aqua,MODIS,81,6.2,306.1,27.1,D,0
-16.1597,126.1344,318.7,1,1,2014-06-09,0518,Aqua,MODIS,57,6.2,307.4,6.1,D,0
-16.5991,127.0454,339.3,1,1,2014-06-09,0518,Aqua,MODIS,88,6.2,311.8,31.6,D,0
-16.5977,127.0548,321.5,1,1,2014-06-09,0518,Aqua,MODIS,64,6.2,311,8.6,D,0
-16.5451,126.6529,321.9,1,1,2014-06-09,0518,Aqua,MODIS,36,6.2,307.5,8.5,D,0
-16.3612,127.6022,319,1,1,2014-06-09,0518,Aqua,MODIS,39,6.2,308.4,7,D,0
-18.0238,130.7432,325.3,1.4,1.2,2014-06-09,0518,Aqua,MODIS,64,6.2,305.6,20.4,D,0
-16.3798,125.5422,321,1,1,2014-06-09,0518,Aqua,MODIS,65,6.2,307.8,6.6,D,0
-16.2139,125.7486,319,1,1,2014-06-09,0518,Aqua,MODIS,58,6.2,307.7,7.9,D,0
-18.6072,121.8621,358.6,1.7,1.3,2014-06-09,0518,Aqua,MODIS,0,6.2,308.3,165.4,D,0
-18.6809,121.8119,321.2,1.7,1.3,2014-06-09,0518,Aqua,MODIS,69,6.2,308.4,20.8,D,0
-16.3858,135.464,332.9,3.2,1.7,2014-06-09,0518,Aqua,MODIS,86,6.2,303,141.7,D,0
-16.3823,135.4863,318.9,3.2,1.7,2014-06-09,0518,Aqua,MODIS,72,6.2,301.6,55.9,D,0
-16.3878,135.4566,327.9,3.2,1.7,2014-06-09,0518,Aqua,MODIS,82,6.2,302.7,107.6,D,0
-15.7217,129.1768,318,1.2,1.1,2014-06-09,0518,Aqua,MODIS,59,6.2,307.2,8.6,D,0
-17.9447,123.8707,329.8,1.3,1.1,2014-06-09,0518,Aqua,MODIS,80,6.2,312,23.5,D,0
-17.9462,123.8652,326.2,1.3,1.1,2014-06-09,0518,Aqua,MODIS,58,6.2,311.7,16.5,D,0
-18.6908,127.2131,319.9,1,1,2014-06-09,0518,Aqua,MODIS,62,6.2,306.2,7.9,D,0
-18.6921,127.2037,318.5,1,1,2014-06-09,0518,Aqua,MODIS,52,6.2,306.6,6.5,D,0
-15.9173,135.2696,322.5,3.1,1.7,2014-06-09,0518,Aqua,MODIS,73,6.2,302.7,63.3,D,0
-15.7075,135.4921,311.8,3.3,1.7,2014-06-09,0518,Aqua,MODIS,52,6.2,301.8,25.7,D,0
-15.5232,131.789,317.8,1.8,1.3,2014-06-09,0518,Aqua,MODIS,30,6.2,305.6,15.3,D,0
-15.9007,128.2195,325.2,1.1,1,2014-06-09,0518,Aqua,MODIS,74,6.2,309.2,13.9,D,0
-16.4698,124.4784,319.8,1.1,1.1,2014-06-09,0518,Aqua,MODIS,65,6.2,305.4,10.9,D,0
-17.0112,122.5126,319.3,1.5,1.2,2014-06-09,0518,Aqua,MODIS,61,6.2,304.2,14.9,D,0
-17.0133,122.5183,320.3,1.5,1.2,2014-06-09,0518,Aqua,MODIS,34,6.2,303.7,15.6,D,0
-17.1701,126.2669,321.7,1,1,2014-06-09,0518,Aqua,MODIS,35,6.2,307.6,9,D,0
-15.8914,128.218,319.7,1.1,1,2014-06-09,0518,Aqua,MODIS,40,6.2,308,7.3,D,0
-17.1026,123.0648,319.7,1.4,1.2,2014-06-09,0518,Aqua,MODIS,66,6.2,306,14.2,D,0
-17.0094,122.5265,317.4,1.5,1.2,2014-06-09,0518,Aqua,MODIS,50,6.2,303.4,12.4,D,0
-17.1042,123.052,318.8,1.4,1.2,2014-06-09,0518,Aqua,MODIS,64,6.2,305.5,13.1,D,0
-17.1604,126.2686,328.1,1,1,2014-06-09,0518,Aqua,MODIS,78,6.2,311,15.3,D,0
-13.4736,130.5384,324.7,1.6,1.2,2014-06-09,0519,Aqua,MODIS,38,6.2,308,23.7,D,0
-14.1141,130.1447,320.3,1.4,1.2,2014-06-09,0519,Aqua,MODIS,64,6.2,308.6,12.5,D,0
-14.1056,130.13,330.8,1.4,1.2,2014-06-09,0519,Aqua,MODIS,74,6.2,306.9,30.7,D,0
-13.5018,130.5784,332.4,1.6,1.2,2014-06-09,0519,Aqua,MODIS,83,6.2,309.8,36.2,D,0
-14.0998,129.7326,351.8,1.3,1.1,2014-06-09,0519,Aqua,MODIS,96,6.2,306.7,87.9,D,0
-14.071,129.7151,347.7,1.3,1.1,2014-06-09,0519,Aqua,MODIS,89,6.2,306.2,72.1,D,0
-14.073,129.7028,358.4,1.3,1.1,2014-06-09,0519,Aqua,MODIS,99,6.2,306.3,109.9,D,0
-14.0741,129.7086,343.3,1.3,1.1,2014-06-09,0519,Aqua,MODIS,91,6.2,307.5,62.8,D,0
-14.0638,129.7069,331.5,1.3,1.1,2014-06-09,0519,Aqua,MODIS,82,6.2,303.9,37.7,D,0
-14.0657,129.6946,320.5,1.3,1.1,2014-06-09,0519,Aqua,MODIS,67,6.2,301.6,18.7,D,0
-14.1121,129.722,334.9,1.3,1.1,2014-06-09,0519,Aqua,MODIS,85,6.2,305.9,42.3,D,0
-14.114,129.7097,327.7,1.3,1.1,2014-06-09,0519,Aqua,MODIS,67,6.2,303.5,27.8,D,0
-14.0832,129.7045,334.9,1.3,1.1,2014-06-09,0519,Aqua,MODIS,58,6.2,304,39.8,D,0
-14.1352,129.7767,336,1.3,1.2,2014-06-09,0519,Aqua,MODIS,86,6.2,305.3,47.8,D,0
-14.1371,129.7643,336,1.3,1.1,2014-06-09,0519,Aqua,MODIS,86,6.2,306.9,45.9,D,0
-14.1429,129.7273,361.2,1.3,1.1,2014-06-09,0519,Aqua,MODIS,100,6.2,305,125.9,D,0
-14.1248,129.775,336.5,1.3,1.2,2014-06-09,0519,Aqua,MODIS,86,6.2,305.4,49.4,D,0
-14.1268,129.7626,339,1.3,1.1,2014-06-09,0519,Aqua,MODIS,88,6.2,303.6,54,D,0
-14.1448,129.7149,347,1.3,1.1,2014-06-09,0519,Aqua,MODIS,93,6.2,303.5,75.2,D,0
-14.1223,129.7238,328.1,1.3,1.1,2014-06-09,0519,Aqua,MODIS,79,6.2,303.7,30.4,D,0
-15.1039,125.9909,335.1,1,1,2014-06-09,0519,Aqua,MODIS,85,6.2,309.6,24.4,D,0
-15.1078,125.963,325.2,1,1,2014-06-09,0519,Aqua,MODIS,47,6.2,307.7,11.1,D,0
-15.1092,125.9537,326.8,1,1,2014-06-09,0519,Aqua,MODIS,76,6.2,307.4,14.3,D,0
-15.0949,125.9895,331.7,1,1,2014-06-09,0519,Aqua,MODIS,62,6.2,307.6,19.8,D,0
-15.0873,125.9827,326.5,1,1,2014-06-09,0519,Aqua,MODIS,59,6.2,307.1,15.6,D,0
-15.0886,125.9734,325.7,1,1,2014-06-09,0519,Aqua,MODIS,76,6.2,307.3,15.5,D,0
-13.8728,129.7511,316.9,1.4,1.2,2014-06-09,0519,Aqua,MODIS,37,6.2,303.2,12.6,D,0
-13.5942,129.8411,326.7,1.4,1.2,2014-06-09,0519,Aqua,MODIS,58,6.2,304.4,24,D,0
-13.5881,129.8459,324.6,1.4,1.2,2014-06-09,0519,Aqua,MODIS,64,6.2,305,20.9,D,0
-13.0023,130.1828,325.1,1.5,1.2,2014-06-09,0519,Aqua,MODIS,67,6.2,305.5,27.2,D,0
-14.1715,130.229,322,1.4,1.2,2014-06-09,0519,Aqua,MODIS,25,6.2,309.3,12.8,D,0
-14.1591,129.7354,319.6,1.3,1.1,2014-06-09,0519,Aqua,MODIS,51,6.2,304.7,15.4,D,0
-13.6499,130.0688,320.6,1.4,1.2,2014-06-09,0519,Aqua,MODIS,30,6.2,305,16.3,D,0
-13.8379,130.2842,332.6,1.5,1.2,2014-06-09,0519,Aqua,MODIS,83,6.2,307.9,39.3,D,0
-13.7719,129.9156,318.4,1.4,1.2,2014-06-09,0519,Aqua,MODIS,44,6.2,302.8,13.9,D,0
-13.8118,129.9353,324.1,1.4,1.2,2014-06-09,0519,Aqua,MODIS,67,6.2,305.4,21.3,D,0
-13.9085,129.7771,335.7,1.4,1.2,2014-06-09,0519,Aqua,MODIS,72,6.2,303.6,44.2,D,0
-13.8985,129.8397,323.8,1.4,1.2,2014-06-09,0519,Aqua,MODIS,45,6.2,307.2,20.6,D,0
-13.6928,130.1779,320.3,1.5,1.2,2014-06-09,0519,Aqua,MODIS,53,6.2,306.4,15.4,D,0
-14.1532,129.7289,336.5,1.3,1.1,2014-06-09,0519,Aqua,MODIS,86,6.2,306.9,45.3,D,0
-14.1551,129.7166,325.7,1.3,1.1,2014-06-09,0519,Aqua,MODIS,52,6.2,304.6,23.8,D,0
-14.4097,129.5174,378.8,1.3,1.1,2014-06-09,0519,Aqua,MODIS,100,6.2,309.5,202.6,D,0
-14.4078,129.5293,343.5,1.3,1.1,2014-06-09,0519,Aqua,MODIS,91,6.2,305.1,59.6,D,0
-14.4059,129.5413,339.7,1.3,1.1,2014-06-09,0519,Aqua,MODIS,89,6.2,304.9,50.3,D,0
-14.4198,129.5192,322.6,1.3,1.1,2014-06-09,0519,Aqua,MODIS,71,6.2,306.2,18.6,D,0
-14.4179,129.5311,325.5,1.3,1.1,2014-06-09,0519,Aqua,MODIS,76,6.2,304.6,23.6,D,0
-14.4702,129.528,323.2,1.3,1.1,2014-06-09,0519,Aqua,MODIS,58,6.2,305,19.1,D,0
-14.4684,129.5398,323.5,1.3,1.1,2014-06-09,0519,Aqua,MODIS,38,6.2,309.9,20.5,D,0
-13.9111,130.2596,319.1,1.5,1.2,2014-06-09,0519,Aqua,MODIS,42,6.2,305.6,12.3,D,0
-13.7865,129.8918,328.9,1.4,1.2,2014-06-09,0519,Aqua,MODIS,80,6.2,305.3,33.2,D,0
-13.7845,129.9045,330.6,1.4,1.2,2014-06-09,0519,Aqua,MODIS,81,6.2,306.8,35.3,D,0
-15.7632,127.4832,329.4,1,1,2014-06-09,0519,Aqua,MODIS,75,6.2,309.4,16.8,D,0
-15.7708,127.4942,328.5,1,1,2014-06-09,0519,Aqua,MODIS,69,6.2,309.6,15.3,D,0
-14.3876,129.5257,319.2,1.3,1.1,2014-06-09,0519,Aqua,MODIS,65,6.2,304,14.1,D,0
-14.3857,129.5377,316.9,1.3,1.1,2014-06-09,0519,Aqua,MODIS,57,6.2,304.9,11.7,D,0
-14.4546,129.4286,319.5,1.3,1.1,2014-06-09,0519,Aqua,MODIS,0,6.2,306.8,13.9,D,0
-14.2876,129.7769,320.3,1.3,1.1,2014-06-09,0519,Aqua,MODIS,51,6.2,304.2,16.7,D,0
-13.5527,130.5434,324,1.6,1.2,2014-06-09,0519,Aqua,MODIS,69,6.2,308.8,25.8,D,0
-13.4954,130.5481,331.2,1.6,1.2,2014-06-09,0519,Aqua,MODIS,59,6.2,306.3,35.4,D,0
-13.4603,130.5507,324.2,1.6,1.2,2014-06-09,0519,Aqua,MODIS,39,6.2,307.4,22.6,D,0
-13.4626,130.5364,342.4,1.6,1.2,2014-06-09,0519,Aqua,MODIS,90,6.2,310,71.5,D,0
-13.4649,130.5222,330.5,1.6,1.2,2014-06-09,0519,Aqua,MODIS,60,6.2,307.1,36.5,D,0
-16.203,124.6699,315,1.1,1,2014-06-09,0519,Aqua,MODIS,51,6.2,304.9,6.2,D,0
-14.3312,130.0085,324.9,1.4,1.2,2014-06-09,0519,Aqua,MODIS,33,6.2,308.3,17.1,D,0
-14.4294,130.1101,327.8,1.4,1.2,2014-06-09,0519,Aqua,MODIS,71,6.2,307.1,26.5,D,0
-14.4273,130.123,324.1,1.4,1.2,2014-06-09,0519,Aqua,MODIS,63,6.2,308,19.8,D,0
-14.4252,130.136,323.7,1.4,1.2,2014-06-09,0519,Aqua,MODIS,72,6.2,307.3,19.8,D,0
-14.4254,130.2027,319.2,1.4,1.2,2014-06-09,0519,Aqua,MODIS,57,6.2,306.7,13.8,D,0
-14.2474,129.5759,317.5,1.3,1.1,2014-06-09,0519,Aqua,MODIS,33,6.2,306.1,9.7,D,0
-14.3279,129.5224,332.2,1.3,1.1,2014-06-09,0519,Aqua,MODIS,67,6.2,306.2,32.9,D,0
-14.3064,130.1624,317.6,1.4,1.2,2014-06-09,0519,Aqua,MODIS,60,6.2,307.5,7.5,D,0
-14.3043,130.1754,339.1,1.4,1.2,2014-06-09,0519,Aqua,MODIS,88,6.2,308.4,52,D,0
-14.423,130.0827,321,1.4,1.2,2014-06-09,0519,Aqua,MODIS,37,6.2,307.2,13.8,D,0
-14.2339,129.4635,327.3,1.3,1.1,2014-06-09,0519,Aqua,MODIS,78,6.2,305.5,27.1,D,0
-14.3553,130.2648,320.4,1.4,1.2,2014-06-09,0519,Aqua,MODIS,67,6.2,306.1,12.7,D,0
-14.466,129.6818,329.6,1.3,1.1,2014-06-09,0519,Aqua,MODIS,79,6.2,308.7,27.1,D,0
-14.3711,129.4449,320.4,1.3,1.1,2014-06-09,0519,Aqua,MODIS,25,6.2,304.3,14.9,D,0
-14.393,129.4366,331,1.3,1.1,2014-06-09,0519,Aqua,MODIS,58,6.2,306.9,29.4,D,0
-14.3926,129.4301,329,1.3,1.1,2014-06-09,0519,Aqua,MODIS,46,6.2,304.4,25.7,D,0
-14.3907,129.4417,335.1,1.3,1.1,2014-06-09,0519,Aqua,MODIS,85,6.2,306.9,38.1,D,0
-14.4008,129.4435,320.1,1.3,1.1,2014-06-09,0519,Aqua,MODIS,62,6.2,305.9,14,D,0
-14.675,126.6755,321.5,1,1,2014-06-09,0519,Aqua,MODIS,20,6.2,308.3,8.8,D,0
-14.4166,130.0555,333.3,1.4,1.2,2014-06-09,0519,Aqua,MODIS,84,6.2,306.7,38.4,D,0
-14.425,130.0701,321.4,1.4,1.2,2014-06-09,0519,Aqua,MODIS,51,6.2,306.5,15.4,D,0
-14.3294,130.0865,321.4,1.4,1.2,2014-06-09,0519,Aqua,MODIS,61,6.2,308.5,12.8,D,0
-14.2419,130.2671,319,1.4,1.2,2014-06-09,0519,Aqua,MODIS,18,6.2,306.8,11.8,D,0
-14.2312,130.2654,319.9,1.4,1.2,2014-06-09,0519,Aqua,MODIS,40,6.2,305.8,13.9,D,0
-12.8022,130.6324,334.8,1.6,1.3,2014-06-09,0519,Aqua,MODIS,86,6.2,305.5,53,D,0
-14.3869,129.9273,344.9,1.4,1.2,2014-06-09,0519,Aqua,MODIS,92,6.2,310.1,64.5,D,0
-14.3561,129.9868,329.8,1.4,1.2,2014-06-09,0519,Aqua,MODIS,45,6.2,306.2,25.8,D,0
-14.3581,129.9742,326,1.4,1.2,2014-06-09,0519,Aqua,MODIS,44,6.2,308.7,20.5,D,0
-14.3477,129.9724,324.7,1.4,1.2,2014-06-09,0519,Aqua,MODIS,30,6.2,307.1,18.6,D,0
-14.3738,129.4938,318.2,1.3,1.1,2014-06-09,0519,Aqua,MODIS,62,6.2,305.9,13.1,D,0
-14.3316,129.4988,324.7,1.3,1.1,2014-06-09,0519,Aqua,MODIS,54,6.2,304.2,20.8,D,0
-14.46,126.2562,319.4,1,1,2014-06-09,0519,Aqua,MODIS,53,6.2,308.1,6.3,D,0
-14.282,126.471,320.4,1,1,2014-06-09,0519,Aqua,MODIS,53,6.2,305.4,8.2,D,0
-14.273,126.4696,319.6,1,1,2014-06-09,0519,Aqua,MODIS,46,6.2,306.3,7.5,D,0
-14.2912,126.6578,322.9,1,1,2014-06-09,0519,Aqua,MODIS,70,6.2,307.8,10.6,D,0
-14.2414,126.6254,317.5,1,1,2014-06-09,0519,Aqua,MODIS,48,6.2,307,5.7,D,0
-14.4013,126.4735,320.1,1,1,2014-06-09,0519,Aqua,MODIS,65,6.2,309.3,8.6,D,0
-14.3319,129.696,319.4,1.3,1.1,2014-06-09,0519,Aqua,MODIS,59,6.2,306.7,13.4,D,0
-14.3111,126.7746,331.4,1,1,2014-06-09,0519,Aqua,MODIS,81,6.2,305.5,19.2,D,0
-13.7586,130.5475,321.8,1.5,1.2,2014-06-09,0519,Aqua,MODIS,34,6.2,308.5,16.3,D,0
-13.7603,130.5547,322.4,1.5,1.2,2014-06-09,0519,Aqua,MODIS,63,6.2,307.7,18,D,0
-14.2974,129.7151,317.1,1.3,1.1,2014-06-09,0519,Aqua,MODIS,53,6.2,302.6,12.4,D,0
-14.2993,129.7028,315.5,1.3,1.1,2014-06-09,0519,Aqua,MODIS,39,6.2,303.7,9.7,D,0
-16.4798,122.9235,311.9,1.4,1.2,2014-06-09,0519,Aqua,MODIS,44,6.2,301.5,6.7,D,0
-16.1292,125.2887,322,1,1,2014-06-09,0519,Aqua,MODIS,71,6.2,309.7,11.3,D,0
-13.8267,129.9774,318,1.4,1.2,2014-06-09,0519,Aqua,MODIS,57,6.2,307.8,6.8,D,0
-15.1021,129.7334,319.9,1.3,1.1,2014-06-09,0519,Aqua,MODIS,64,6.2,305.5,13.4,D,0
-13.9305,130.074,329.6,1.4,1.2,2014-06-09,0519,Aqua,MODIS,80,6.2,304.2,34.4,D,0
-13.9199,130.0721,324,1.4,1.2,2014-06-09,0519,Aqua,MODIS,74,6.2,302.4,24.8,D,0
-13.9474,130.2388,324.4,1.5,1.2,2014-06-09,0519,Aqua,MODIS,74,6.2,308.1,24.1,D,0
-13.924,130.1807,319.2,1.4,1.2,2014-06-09,0519,Aqua,MODIS,54,6.2,302.9,16.4,D,0
-12.5961,131.979,336.9,2.1,1.4,2014-06-09,0519,Aqua,MODIS,88,6.2,303.7,90.7,D,0
-12.6136,131.9698,330.3,2.1,1.4,2014-06-09,0519,Aqua,MODIS,34,6.2,303.4,57,D,0
-12.9849,134.0502,333.9,2.9,1.6,2014-06-09,0519,Aqua,MODIS,73,6.2,299.9,110.8,D,0
-12.9294,131.0594,327.9,1.7,1.3,2014-06-09,0519,Aqua,MODIS,80,6.2,308.2,34.5,D,0
-12.5269,134.1247,313.1,3,1.7,2014-06-09,0519,Aqua,MODIS,53,6.2,299.8,29,D,0
-12.2697,133.4151,316.2,2.7,1.6,2014-06-09,0519,Aqua,MODIS,60,6.2,304.1,27.1,D,0
-12.7476,131.7912,320.7,2,1.4,2014-06-09,0519,Aqua,MODIS,46,6.2,305.8,25.4,D,0
-12.695,132.4931,326.7,2.2,1.5,2014-06-09,0519,Aqua,MODIS,42,6.2,303.7,47.7,D,0
-12.4632,132.4601,321.7,2.3,1.5,2014-06-09,0519,Aqua,MODIS,54,6.2,304.1,35.5,D,0
-12.6171,132.4793,335.8,2.2,1.5,2014-06-09,0519,Aqua,MODIS,0,6.2,303.1,88.4,D,0
-12.4513,132.3068,329.2,2.2,1.4,2014-06-09,0519,Aqua,MODIS,54,6.2,302.8,63.6,D,0
-13.0187,134.0288,342,2.9,1.6,2014-06-09,0519,Aqua,MODIS,91,6.2,302.1,169.4,D,0
-13.2169,133.7524,321.7,2.7,1.6,2014-06-09,0519,Aqua,MODIS,74,6.2,303.7,57.6,D,0
-12.6043,132.4927,341.6,2.3,1.5,2014-06-09,0519,Aqua,MODIS,73,6.2,305.7,118.3,D,0
-12.9085,130.7551,331.6,1.6,1.3,2014-06-09,0519,Aqua,MODIS,60,6.2,307,41,D,0
-14.3503,135.0319,321.5,3.2,1.7,2014-06-09,0519,Aqua,MODIS,73,6.2,298.5,76.4,D,0
-12.8026,132.0161,317.9,2.1,1.4,2014-06-09,0519,Aqua,MODIS,53,6.2,305.3,21.6,D,0
-12.6344,132.3109,316.6,2.2,1.4,2014-06-09,0519,Aqua,MODIS,48,6.2,302.6,23.4,D,0
-12.4276,133.3747,313.1,2.7,1.6,2014-06-09,0519,Aqua,MODIS,49,6.2,302.8,21.4,D,0
-12.589,134.1129,314,3,1.6,2014-06-09,0519,Aqua,MODIS,57,6.2,300.4,32.9,D,0
-12.8115,132.1936,324.9,2.1,1.4,2014-06-09,0519,Aqua,MODIS,31,6.2,304.3,38.8,D,0
-13.0256,133.3498,316.3,2.6,1.5,2014-06-09,0519,Aqua,MODIS,63,6.2,303.7,29.6,D,0
-12.2732,131.0678,311.2,1.8,1.3,2014-06-09,0519,Aqua,MODIS,33,6.2,299.5,8.8,D,0
-12.9289,131.05,323,1.7,1.3,2014-06-09,0519,Aqua,MODIS,49,6.2,306.1,18.8,D,0
-12.5852,132.4471,313.8,2.2,1.4,2014-06-09,0519,Aqua,MODIS,43,6.2,299.2,23.4,D,0
-12.6355,132.2961,333.6,2.2,1.4,2014-06-09,0519,Aqua,MODIS,85,6.2,304.4,83.6,D,0
-12.6945,131.9455,351.4,2,1.4,2014-06-09,0519,Aqua,MODIS,96,6.2,307.8,158.9,D,0
-12.6982,131.9326,346,2,1.4,2014-06-09,0519,Aqua,MODIS,93,6.2,304.9,124.9,D,0
-12.8183,130.7491,320.1,1.6,1.3,2014-06-09,0519,Aqua,MODIS,70,6.2,306.1,16.8,D,0
-12.8088,132.0558,329.6,2.1,1.4,2014-06-09,0519,Aqua,MODIS,82,6.2,305.8,53.8,D,0
-12.6139,132.5155,324.2,2.3,1.5,2014-06-09,0519,Aqua,MODIS,58,6.2,304.5,44.1,D,0
-12.6077,132.4722,337.8,2.2,1.5,2014-06-09,0519,Aqua,MODIS,0,6.2,304.2,97.1,D,0
-12.5302,132.0648,326.7,2.1,1.4,2014-06-09,0519,Aqua,MODIS,80,6.2,302,54.3,D,0
-12.9474,132.171,316.9,2.1,1.4,2014-06-09,0519,Aqua,MODIS,64,6.2,305.3,19.7,D,0
-12.527,132.0838,319.5,2.1,1.4,2014-06-09,0519,Aqua,MODIS,41,6.2,301.7,29.6,D,0
-13.0512,130.8795,322.4,1.7,1.3,2014-06-09,0519,Aqua,MODIS,56,6.2,307.1,21.5,D,0
-12.8083,132.213,341.3,2.1,1.4,2014-06-09,0519,Aqua,MODIS,75,6.2,305,103.6,D,0
-12.6915,131.9642,326.5,2,1.4,2014-06-09,0519,Aqua,MODIS,33,6.2,305.3,43.9,D,0
-12.805,132.2324,349.9,2.1,1.4,2014-06-09,0519,Aqua,MODIS,91,6.2,306.6,152.8,D,0
-12.8998,130.7478,329.8,1.6,1.3,2014-06-09,0519,Aqua,MODIS,71,6.2,306.3,37,D,0
-13.0815,134.0179,325,2.9,1.6,2014-06-09,0519,Aqua,MODIS,78,6.2,300.9,77.2,D,0
-12.4308,133.3809,313.6,2.7,1.6,2014-06-09,0519,Aqua,MODIS,46,6.2,302.4,21.7,D,0
-12.6976,131.927,328.5,2,1.4,2014-06-09,0519,Aqua,MODIS,51,6.2,303.2,50.9,D,0
-12.5947,132.4699,361.3,2.2,1.5,2014-06-09,0519,Aqua,MODIS,87,6.2,303.5,265.8,D,0
-12.4641,132.3091,322.2,2.2,1.4,2014-06-09,0519,Aqua,MODIS,47,6.2,301.5,41.1,D,0
-12.4907,132.2984,326.1,2.2,1.4,2014-06-09,0519,Aqua,MODIS,79,6.2,304.2,55,D,0
-12.7878,133.9384,313.5,2.9,1.6,2014-06-09,0519,Aqua,MODIS,53,6.2,299,32.1,D,0
-12.5371,135.1678,313.3,3.6,1.8,2014-06-09,0519,Aqua,MODIS,58,6.2,296.9,53.8,D,0
-12.2762,131.0905,324.4,1.8,1.3,2014-06-09,0519,Aqua,MODIS,78,6.2,301.5,35.6,D,0
-12.7106,131.9349,369.2,2,1.4,2014-06-09,0519,Aqua,MODIS,100,6.2,309.5,292,D,0
-12.5979,131.9865,351.6,2.1,1.4,2014-06-09,0519,Aqua,MODIS,96,6.2,305.8,166.2,D,0
-12.5912,132.4746,335.3,2.2,1.5,2014-06-09,0519,Aqua,MODIS,64,6.2,301.3,85.7,D,0
-12.6136,132.4997,336.8,2.3,1.5,2014-06-09,0519,Aqua,MODIS,82,6.2,304,93.7,D,0
-12.5848,132.6658,329.7,2.3,1.5,2014-06-09,0519,Aqua,MODIS,82,6.2,304.2,67.1,D,0
-12.4733,134.3463,316.9,3.1,1.7,2014-06-09,0519,Aqua,MODIS,66,6.2,298.8,48,D,0
-13.3974,133.5203,311.9,2.6,1.6,2014-06-09,0519,Aqua,MODIS,38,6.2,300.2,21.1,D,0
-12.8024,132.0934,317.8,2.1,1.4,2014-06-09,0519,Aqua,MODIS,42,6.2,305.3,20.6,D,0
-12.7992,132.1125,322.1,2.1,1.4,2014-06-09,0519,Aqua,MODIS,55,6.2,306.1,32.9,D,0
-12.6121,132.2865,315.3,2.2,1.4,2014-06-09,0519,Aqua,MODIS,32,6.2,302.1,19.3,D,0
-12.8198,132.2203,341.9,2.1,1.4,2014-06-09,0519,Aqua,MODIS,62,6.2,307.8,96.1,D,0
-12.8056,132.0745,338.2,2.1,1.4,2014-06-09,0519,Aqua,MODIS,88,6.2,306.2,90.2,D,0
-12.4745,132.316,345.1,2.2,1.4,2014-06-09,0519,Aqua,MODIS,93,6.2,302.6,143.8,D,0
-12.5898,132.6615,328.6,2.3,1.5,2014-06-09,0519,Aqua,MODIS,81,6.2,305.3,60.1,D,0
-13.0906,131.5462,322.7,1.9,1.3,2014-06-09,0519,Aqua,MODIS,61,6.2,310.2,22,D,0
-12.7952,132.2911,333.5,2.2,1.4,2014-06-09,0519,Aqua,MODIS,61,6.2,304.8,69.8,D,0
-12.8997,130.7381,343.1,1.6,1.3,2014-06-09,0519,Aqua,MODIS,91,6.2,304.5,79.6,D,0
-12.8498,130.77,315,1.7,1.3,2014-06-09,0519,Aqua,MODIS,45,6.2,304.3,10.6,D,0
-13.2357,133.8412,312.5,2.8,1.6,2014-06-09,0519,Aqua,MODIS,40,6.2,300.9,23.4,D,0
-12.9173,130.7721,325.5,1.6,1.3,2014-06-09,0519,Aqua,MODIS,56,6.2,307.8,28,D,0
-12.9832,134.0426,327.6,2.9,1.6,2014-06-09,0519,Aqua,MODIS,71,6.2,299.2,75.9,D,0
-12.5252,134.1295,315.3,3,1.7,2014-06-09,0519,Aqua,MODIS,61,6.2,299.9,39.6,D,0
-12.316,131.2157,315.5,1.8,1.3,2014-06-09,0519,Aqua,MODIS,40,6.2,302.8,17.3,D,0
-12.5238,132.1029,318.6,2.1,1.4,2014-06-09,0519,Aqua,MODIS,16,6.2,303.8,26.4,D,0
-14.355,135.0278,328.6,3.2,1.7,2014-06-09,0519,Aqua,MODIS,81,6.2,299.2,122.4,D,0
-12.6266,132.502,373.8,2.3,1.5,2014-06-09,0519,Aqua,MODIS,75,6.2,308.5,394.6,D,0
-12.71,131.9293,352.4,2,1.4,2014-06-09,0519,Aqua,MODIS,96,6.2,308.1,164.3,D,0
-12.9978,134.0453,326.6,2.9,1.6,2014-06-09,0519,Aqua,MODIS,42,6.2,300.8,64.7,D,0
-13.0162,133.3536,319.6,2.6,1.5,2014-06-09,0519,Aqua,MODIS,70,6.2,302.6,41.6,D,0
-12.821,132.2152,338.9,2.1,1.4,2014-06-09,0519,Aqua,MODIS,66,6.2,307.5,89.4,D,0
-12.8047,132.3131,328.3,2.2,1.4,2014-06-09,0519,Aqua,MODIS,57,6.2,306.5,51.7,D,0
-12.8062,132.2983,348.1,2.2,1.4,2014-06-09,0519,Aqua,MODIS,94,6.2,309.2,143,D,0
-12.4988,132.4874,328.1,2.3,1.5,2014-06-09,0519,Aqua,MODIS,78,6.2,303.5,59.7,D,0
-12.3635,131.197,312.1,1.8,1.3,2014-06-09,0519,Aqua,MODIS,34,6.2,301.5,11.3,D,0
-12.279,131.0742,312.4,1.8,1.3,2014-06-09,0519,Aqua,MODIS,42,6.2,300.3,10.7,D,0
-13.4405,133.6027,340.3,2.6,1.6,2014-06-09,0519,Aqua,MODIS,90,6.2,302.6,154.9,D,0
-12.6292,131.9534,324.4,2,1.4,2014-06-09,0519,Aqua,MODIS,28,6.2,302.9,40.4,D,0
-12.2653,131.1167,316,1.8,1.3,2014-06-09,0519,Aqua,MODIS,65,6.2,300.7,18.2,D,0
-12.8337,131.7582,320.5,2,1.4,2014-06-09,0519,Aqua,MODIS,59,6.2,307.2,23.7,D,0
-13.0813,134.0127,326.1,2.9,1.6,2014-06-09,0519,Aqua,MODIS,79,6.2,301,82.1,D,0
-12.6786,132.5114,321.5,2.3,1.5,2014-06-09,0519,Aqua,MODIS,28,6.2,305.7,34.3,D,0
-12.4548,132.2056,312.3,2.2,1.4,2014-06-09,0519,Aqua,MODIS,38,6.2,300.6,18.5,D,0
-13.0861,133.9919,319,2.9,1.6,2014-06-09,0519,Aqua,MODIS,70,6.2,301.5,46.1,D,0
-13.0934,131.5291,320.7,1.9,1.3,2014-06-09,0519,Aqua,MODIS,56,6.2,309.8,17.9,D,0
-12.6104,131.9886,337,2.1,1.4,2014-06-09,0519,Aqua,MODIS,70,6.2,305.1,82.9,D,0
-12.5468,130.7144,319,1.7,1.3,2014-06-09,0519,Aqua,MODIS,65,6.2,306.6,19.7,D,0
-12.6006,132.4974,345.5,2.3,1.5,2014-06-09,0519,Aqua,MODIS,87,6.2,306.6,144.5,D,0
-12.5913,132.4903,330.1,2.3,1.5,2014-06-09,0519,Aqua,MODIS,43,6.2,302.5,66.7,D,0
-12.807,130.7472,317.1,1.6,1.3,2014-06-09,0519,Aqua,MODIS,28,6.2,305.7,10.3,D,0
-14.3655,135.0349,318.2,3.2,1.7,2014-06-09,0519,Aqua,MODIS,68,6.2,299.5,58.9,D,0
-12.7716,131.9723,321.4,2,1.4,2014-06-09,0519,Aqua,MODIS,40,6.2,305.1,28.7,D,0
-12.6042,132.4769,363.9,2.2,1.5,2014-06-09,0519,Aqua,MODIS,87,6.2,306.1,291.4,D,0
-12.5113,133.4518,313.6,2.7,1.6,2014-06-09,0519,Aqua,MODIS,54,6.2,302,21.4,D,0
-12.6173,132.495,356.9,2.3,1.5,2014-06-09,0519,Aqua,MODIS,93,6.2,305.2,227.9,D,0
-12.7995,134.0589,318.7,2.9,1.6,2014-06-09,0519,Aqua,MODIS,69,6.2,301.4,48.9,D,0
-13.1839,133.8841,323.9,2.8,1.6,2014-06-09,0519,Aqua,MODIS,71,6.2,299.8,64.1,D,0
-13.2208,133.7607,319.3,2.7,1.6,2014-06-09,0519,Aqua,MODIS,51,6.2,303.7,44.4,D,0
-12.4516,132.2251,313.5,2.2,1.4,2014-06-09,0519,Aqua,MODIS,49,6.2,301.1,20.9,D,0
-12.9402,134.1168,326.2,3,1.6,2014-06-09,0519,Aqua,MODIS,24,6.2,300.1,73.7,D,0
-12.3042,131.2137,315.1,1.8,1.3,2014-06-09,0519,Aqua,MODIS,43,6.2,300.4,16.7,D,0
-13.0858,133.9868,315.1,2.9,1.6,2014-06-09,0519,Aqua,MODIS,40,6.2,301.4,29.1,D,0
-12.7062,132.5025,319.3,2.2,1.5,2014-06-09,0519,Aqua,MODIS,42,6.2,303.3,30.5,D,0
-12.6962,132.3273,313.6,2.2,1.4,2014-06-09,0519,Aqua,MODIS,54,6.2,302.8,18.4,D,0
-13.1808,133.876,325,2.8,1.6,2014-06-09,0519,Aqua,MODIS,71,6.2,299.8,69.6,D,0
-12.9022,130.7327,331.5,1.6,1.3,2014-06-09,0519,Aqua,MODIS,73,6.2,304.1,41.5,D,0
-12.5885,132.6448,325.6,2.3,1.5,2014-06-09,0519,Aqua,MODIS,78,6.2,306.2,50.2,D,0
-12.682,132.4908,323.5,2.2,1.5,2014-06-09,0519,Aqua,MODIS,40,6.2,303.1,38.6,D,0
-12.4531,132.2104,316.8,2.2,1.4,2014-06-09,0519,Aqua,MODIS,46,6.2,301.2,28.5,D,0
-13.3915,133.7195,310.7,2.7,1.6,2014-06-09,0519,Aqua,MODIS,36,6.2,300.3,21.3,D,0
-12.4779,132.2962,351.4,2.2,1.4,2014-06-09,0519,Aqua,MODIS,96,6.2,303.3,182.7,D,0
-12.8731,130.6972,323,1.6,1.3,2014-06-09,0519,Aqua,MODIS,69,6.2,305,24,D,0
-12.5034,132.6896,316.1,2.3,1.5,2014-06-09,0519,Aqua,MODIS,59,6.2,303.7,25.1,D,0
-12.513,132.7133,313.3,2.3,1.5,2014-06-09,0519,Aqua,MODIS,35,6.2,302.9,15.4,D,0
-12.6826,131.9489,329.8,2,1.4,2014-06-09,0519,Aqua,MODIS,58,6.2,304.9,54,D,0
-12.4067,133.4961,311.9,2.7,1.6,2014-06-09,0519,Aqua,MODIS,45,6.2,300.2,20.1,D,0
-12.6968,132.4797,325.3,2.2,1.4,2014-06-09,0519,Aqua,MODIS,36,6.2,302.3,44.1,D,0
-12.6932,132.5002,328.9,2.2,1.5,2014-06-09,0519,Aqua,MODIS,53,6.2,304.6,59,D,0
-13.2526,133.6641,320.7,2.7,1.6,2014-06-09,0519,Aqua,MODIS,21,6.2,302.4,47.6,D,0
-12.5948,132.4543,350.4,2.2,1.4,2014-06-09,0519,Aqua,MODIS,0,6.2,302.1,183.2,D,0
-12.7947,133.9198,320.8,2.9,1.6,2014-06-09,0519,Aqua,MODIS,68,6.2,298.4,56.4,D,0
-12.8145,132.2542,328.9,2.1,1.4,2014-06-09,0519,Aqua,MODIS,35,6.2,305.5,49.2,D,0
-12.808,132.2933,341.5,2.2,1.4,2014-06-09,0519,Aqua,MODIS,90,6.2,309.3,108.3,D,0
-12.2706,131.084,334.1,1.8,1.3,2014-06-09,0519,Aqua,MODIS,86,6.2,301.3,64.7,D,0
-12.707,131.9478,342.6,2,1.4,2014-06-09,0519,Aqua,MODIS,91,6.2,308.5,109.8,D,0
-12.593,131.9977,332.6,2.1,1.4,2014-06-09,0519,Aqua,MODIS,85,6.2,304.5,72.4,D,0
-12.7198,131.9557,326.7,2,1.4,2014-06-09,0519,Aqua,MODIS,21,6.2,306.6,43,D,0
-13.0593,130.8865,322.6,1.7,1.3,2014-06-09,0519,Aqua,MODIS,35,6.2,308.5,21.2,D,0
-12.47,134.3506,317.2,3.1,1.7,2014-06-09,0519,Aqua,MODIS,66,6.2,298.9,49.2,D,0
-12.4597,132.4806,319.2,2.3,1.5,2014-06-09,0519,Aqua,MODIS,30,6.2,301.3,27.2,D,0
-12.408,132.4873,324.7,2.3,1.5,2014-06-09,0519,Aqua,MODIS,31,6.2,302.6,43,D,0
-12.4616,132.3138,328,2.2,1.4,2014-06-09,0519,Aqua,MODIS,36,6.2,302.8,59.1,D,0
-12.9802,133.7209,312.6,2.8,1.6,2014-06-09,0519,Aqua,MODIS,47,6.2,299.1,26,D,0
-12.7919,132.3108,327.2,2.2,1.4,2014-06-09,0519,Aqua,MODIS,59,6.2,305.3,48.6,D,0
-12.811,130.6491,324.3,1.6,1.3,2014-06-09,0519,Aqua,MODIS,55,6.2,307.9,24.2,D,0
-12.6377,132.291,327.4,2.2,1.4,2014-06-09,0519,Aqua,MODIS,80,6.2,304,57.3,D,0
-12.7982,134.0513,322,2.9,1.6,2014-06-09,0519,Aqua,MODIS,74,6.2,301.6,62.9,D,0
-12.2471,131.08,312.5,1.8,1.3,2014-06-09,0519,Aqua,MODIS,32,6.2,300.3,11.3,D,0
-12.966,133.7183,313.2,2.8,1.6,2014-06-09,0519,Aqua,MODIS,42,6.2,299.5,26.6,D,0
-12.695,131.9511,344.2,2,1.4,2014-06-09,0519,Aqua,MODIS,92,6.2,308,115.7,D,0
-12.5035,132.3007,316.6,2.2,1.4,2014-06-09,0519,Aqua,MODIS,31,6.2,302.1,24.3,D,0
-12.4873,132.3183,317.7,2.2,1.4,2014-06-09,0519,Aqua,MODIS,47,6.2,302,29.2,D,0
-13.3848,133.5925,313.5,2.6,1.6,2014-06-09,0519,Aqua,MODIS,57,6.2,301.7,29.2,D,0
-14.9261,129.8779,327.4,1.3,1.1,2014-06-09,0519,Aqua,MODIS,69,6.2,309.6,19.9,D,0
-13.9178,130.0852,331.7,1.4,1.2,2014-06-09,0519,Aqua,MODIS,82,6.2,305,40.5,D,0
-14.8524,127.6088,327,1,1,2014-06-09,0519,Aqua,MODIS,65,6.2,309.3,13.7,D,0
-13.9228,130.0941,319.4,1.4,1.2,2014-06-09,0519,Aqua,MODIS,37,6.2,305.9,16.3,D,0
-13.7279,131.3214,330.1,1.8,1.3,2014-06-09,0519,Aqua,MODIS,81,6.2,307.9,40.6,D,0
-14.8432,127.6074,347.1,1,1,2014-06-09,0519,Aqua,MODIS,93,6.2,309.1,46.6,D,0
-13.9249,130.0811,343.8,1.4,1.2,2014-06-09,0519,Aqua,MODIS,91,6.2,308.7,72.4,D,0
-13.9143,130.0793,319.9,1.4,1.2,2014-06-09,0519,Aqua,MODIS,59,6.2,302.8,17.9,D,0
-14.8446,127.5977,335.9,1,1,2014-06-09,0519,Aqua,MODIS,85,6.2,311.5,25.6,D,0
-13.4417,131.3582,325.6,1.8,1.3,2014-06-09,0519,Aqua,MODIS,70,6.2,310.9,26.7,D,0
-13.43,131.3561,336.3,1.8,1.3,2014-06-09,0519,Aqua,MODIS,87,6.2,308.9,59.1,D,0
-15.4114,129.9933,322.1,1.3,1.1,2014-06-09,0519,Aqua,MODIS,0,6.2,305.5,14.2,D,0
-15.4092,129.9857,320.4,1.3,1.1,2014-06-09,0519,Aqua,MODIS,18,6.2,305.8,12.5,D,0
-15.2692,126.4448,321.8,1,1,2014-06-09,0519,Aqua,MODIS,66,6.2,305.1,10,D,0
-14.8355,127.5963,327.1,1,1,2014-06-09,0519,Aqua,MODIS,73,6.2,309.4,14.6,D,0
-13.4344,131.3503,331.5,1.8,1.3,2014-06-09,0519,Aqua,MODIS,80,6.2,310.2,43.6,D,0
-14.3947,127.5242,319,1,1,2014-06-09,0519,Aqua,MODIS,53,6.2,307.7,7,D,0
-15.2678,126.454,321.6,1,1,2014-06-09,0519,Aqua,MODIS,64,6.2,307.3,10.5,D,0
-14.3933,127.5339,319.5,1,1,2014-06-09,0519,Aqua,MODIS,59,6.2,308.9,7.2,D,0
-14.3919,127.5436,319.1,1,1,2014-06-09,0519,Aqua,MODIS,57,6.2,308.2,6.5,D,0
-15.2444,129.9947,333.3,1.3,1.1,2014-06-09,0519,Aqua,MODIS,83,6.2,306.6,35.7,D,0
-14.8669,129.8749,336.2,1.3,1.1,2014-06-09,0519,Aqua,MODIS,68,6.2,309.1,39.3,D,0
-14.8753,129.8887,327.4,1.3,1.1,2014-06-09,0519,Aqua,MODIS,45,6.2,309,22.3,D,0
-14.8709,129.8936,332.5,1.3,1.1,2014-06-09,0519,Aqua,MODIS,74,6.2,307.9,31.1,D,0
-14.6162,129.96,318.5,1.4,1.2,2014-06-09,0519,Aqua,MODIS,46,6.2,305.9,9.1,D,0
-14.601,126.9302,317.9,1,1,2014-06-09,0519,Aqua,MODIS,38,6.2,306.7,6.2,D,0
-15.6127,126.9374,319.5,1,1,2014-06-09,0519,Aqua,MODIS,64,6.2,307.5,8.9,D,0
-15.014,129.7131,331.3,1.3,1.1,2014-06-09,0519,Aqua,MODIS,79,6.2,306.8,28.4,D,0
-15.0241,129.7147,334,1.3,1.1,2014-06-09,0519,Aqua,MODIS,51,6.2,309.7,31.8,D,0
-14.9992,126.2152,318.7,1,1,2014-06-09,0519,Aqua,MODIS,31,6.2,306,6.7,D,0
-14.0473,130.1278,349.3,1.4,1.2,2014-06-09,0519,Aqua,MODIS,94,6.2,308.1,85.7,D,0
-14.0579,130.1295,330.6,1.4,1.2,2014-06-09,0519,Aqua,MODIS,54,6.2,307.1,31.1,D,0
-14.0937,130.1091,323.2,1.4,1.2,2014-06-09,0519,Aqua,MODIS,54,6.2,305.1,19.4,D,0
-15.0222,129.7267,342.5,1.3,1.1,2014-06-09,0519,Aqua,MODIS,84,6.2,309.9,51,D,0
-15.0158,130.2678,331.2,1.4,1.2,2014-06-09,0519,Aqua,MODIS,72,6.2,305.3,33.5,D,0
-14.0972,130.1152,335.2,1.4,1.2,2014-06-09,0519,Aqua,MODIS,85,6.2,306.9,43,D,0
-15.0136,130.281,350.1,1.4,1.2,2014-06-09,0519,Aqua,MODIS,95,6.2,308.9,86.2,D,0
-15.0114,130.2943,325,1.4,1.2,2014-06-09,0519,Aqua,MODIS,53,6.2,308.5,18.3,D,0
-15.0262,130.2698,331.3,1.4,1.2,2014-06-09,0519,Aqua,MODIS,69,6.2,307.7,33.6,D,0
-14.9801,126.1556,335.9,1,1,2014-06-09,0519,Aqua,MODIS,85,6.2,308.8,27.3,D,0
-14.0325,130.1517,323.8,1.4,1.2,2014-06-09,0519,Aqua,MODIS,72,6.2,308.2,21,D,0
-14.1035,130.1429,331.5,1.4,1.2,2014-06-09,0519,Aqua,MODIS,71,6.2,309.8,31.7,D,0
-13.8467,130.0945,323.3,1.4,1.2,2014-06-09,0519,Aqua,MODIS,41,6.2,303.8,21,D,0
-14.9979,126.2245,319.2,1,1,2014-06-09,0519,Aqua,MODIS,42,6.2,306.7,7.2,D,0
-15.0241,130.2831,344.5,1.4,1.2,2014-06-09,0519,Aqua,MODIS,92,6.2,310.7,66.8,D,0
-15.0219,130.2962,340.3,1.4,1.2,2014-06-09,0519,Aqua,MODIS,89,6.2,310.6,52.3,D,0
-15.0218,127.7076,318.1,1,1,2014-06-09,0519,Aqua,MODIS,50,6.2,306.9,6.3,D,0
-15.0367,130.2719,320.3,1.4,1.2,2014-06-09,0519,Aqua,MODIS,31,6.2,307.3,14.2,D,0
-15.3883,126.129,331.1,1,1,2014-06-09,0519,Aqua,MODIS,82,6.2,307.7,18.9,D,0
-15.387,126.1383,327.9,1,1,2014-06-09,0519,Aqua,MODIS,68,6.2,306.6,14.9,D,0
-15.3986,126.1211,346,1,1,2014-06-09,0519,Aqua,MODIS,92,6.2,306.2,42.3,D,0
-15.3973,126.1304,381.5,1,1,2014-06-09,0519,Aqua,MODIS,100,6.2,313,148.4,D,0
-15.0346,130.285,331.3,1.4,1.2,2014-06-09,0519,Aqua,MODIS,81,6.2,309.2,33.9,D,0
-15.2765,126.5216,329.3,1,1,2014-06-09,0519,Aqua,MODIS,59,6.2,306.6,17.5,D,0
-14.7379,127.6929,329,1.1,1,2014-06-09,0519,Aqua,MODIS,74,6.2,309.6,15.8,D,0
-12.3888,132.4417,334.5,2.3,1.5,2014-06-09,0519,Aqua,MODIS,64,6.2,303.6,69.8,D,0
-12.3393,132.3416,311.9,2.2,1.4,2014-06-09,0519,Aqua,MODIS,27,6.2,297.8,16.9,D,0
-12.336,132.3617,321,2.2,1.4,2014-06-09,0519,Aqua,MODIS,56,6.2,299.1,41.9,D,0
-14.9897,126.346,325.3,1,1,2014-06-09,0519,Aqua,MODIS,74,6.2,309.6,10.7,D,0
-13.6387,129.9332,329.1,1.4,1.2,2014-06-09,0519,Aqua,MODIS,72,6.2,305.9,30.3,D,0
-13.8085,130.2309,325.7,1.5,1.2,2014-06-09,0519,Aqua,MODIS,73,6.2,309.1,19.6,D,0
-15.396,126.1396,361.8,1,1,2014-06-09,0519,Aqua,MODIS,100,6.2,309.1,80.1,D,0
-15.4076,126.1225,324.7,1,1,2014-06-09,0519,Aqua,MODIS,69,6.2,306.6,10.8,D,0
-15.4886,126.1311,317.7,1,1,2014-06-09,0519,Aqua,MODIS,42,6.2,307.5,5.3,D,0
-14.9788,126.1649,346.9,1,1,2014-06-09,0519,Aqua,MODIS,93,6.2,308.5,45.5,D,0
-15.2544,127.7435,326.6,1,1,2014-06-09,0519,Aqua,MODIS,76,6.2,309.7,12.7,D,0
-13.9943,130.2198,318.1,1.4,1.2,2014-06-09,0519,Aqua,MODIS,29,6.2,307.9,8,D,0
-14.0005,130.2142,320.5,1.4,1.2,2014-06-09,0519,Aqua,MODIS,68,6.2,307.3,13.2,D,0
-15.2559,127.7339,345.3,1,1,2014-06-09,0519,Aqua,MODIS,92,6.2,311,43.6,D,0
-13.6408,129.9202,340.2,1.4,1.2,2014-06-09,0519,Aqua,MODIS,89,6.2,308.6,55.4,D,0
-15.2467,127.7324,361.5,1,1,2014-06-09,0519,Aqua,MODIS,100,6.2,313,82.3,D,0
-15.21,127.4261,328.6,1,1,2014-06-09,0519,Aqua,MODIS,78,6.2,309.2,16.7,D,0
-13.6513,129.922,325.6,1.4,1.2,2014-06-09,0519,Aqua,MODIS,62,6.2,305.4,24.7,D,0
-15.2481,127.7228,342.1,1,1,2014-06-09,0519,Aqua,MODIS,90,6.2,308.9,36.1,D,0
-13.6364,129.88,323.2,1.4,1.2,2014-06-09,0519,Aqua,MODIS,46,6.2,304.2,19.9,D,0
-15.2401,129.9562,322.4,1.3,1.1,2014-06-09,0519,Aqua,MODIS,56,6.2,305.7,15.9,D,0
-14.9283,126.5822,316.9,1,1,2014-06-09,0519,Aqua,MODIS,49,6.2,305.7,6.1,D,0
-14.9758,126.5707,326,1,1,2014-06-09,0519,Aqua,MODIS,57,6.2,306.4,13.2,D,0
-14.7027,127.0579,324.8,1,1,2014-06-09,0519,Aqua,MODIS,48,6.2,307.8,11.7,D,0
-14.2789,126.3009,336,1,1,2014-06-09,0519,Aqua,MODIS,85,6.2,308.4,25.4,D,0
-14.2699,126.2995,339.7,1,1,2014-06-09,0519,Aqua,MODIS,88,6.2,307.5,31.8,D,0
-14.2712,126.2903,324.1,1,1,2014-06-09,0519,Aqua,MODIS,72,6.2,308.8,11.8,D,0
-14.2333,126.1651,319.5,1,1,2014-06-09,0519,Aqua,MODIS,52,6.2,308,7.1,D,0
-14.9292,126.6392,316.9,1,1,2014-06-09,0519,Aqua,MODIS,16,6.2,305.9,4.4,D,0
-14.8392,126.6848,321,1,1,2014-06-09,0519,Aqua,MODIS,42,6.2,308.7,7.9,D,0
-12.4359,132.3092,324.7,2.2,1.4,2014-06-09,0519,Aqua,MODIS,50,6.2,300.9,48.7,D,0
-12.4488,132.3115,334.5,2.2,1.4,2014-06-09,0519,Aqua,MODIS,77,6.2,303,86.5,D,0
-12.3827,132.3985,403,2.2,1.4,2014-06-09,0519,Aqua,MODIS,0,6.2,306.8,844.4,D,0
-14.2054,126.8096,327.2,1,1,2014-06-09,0519,Aqua,MODIS,50,6.2,306.3,13.4,D,0
-15.0347,127.3664,332.1,1,1,2014-06-09,0519,Aqua,MODIS,82,6.2,308.2,20.6,D,0
-14.684,127.1221,323.6,1,1,2014-06-09,0519,Aqua,MODIS,41,6.2,309.2,9.6,D,0
-14.6708,127.1489,325.5,1,1,2014-06-09,0519,Aqua,MODIS,25,6.2,308.7,11.8,D,0
-14.6583,127.1085,342.7,1,1,2014-06-09,0519,Aqua,MODIS,90,6.2,306.8,37.9,D,0
-14.6474,127.1194,317.8,1,1,2014-06-09,0519,Aqua,MODIS,53,6.2,306.8,5.3,D,0
-14.6488,127.11,318.2,1,1,2014-06-09,0519,Aqua,MODIS,57,6.2,307.4,6,D,0
-14.293,127.4043,322.5,1,1,2014-06-09,0519,Aqua,MODIS,46,6.2,307.9,10.1,D,0
-14.2761,127.3918,333,1,1,2014-06-09,0519,Aqua,MODIS,83,6.2,307.1,23,D,0
-13.8145,130.2252,324.1,1.5,1.2,2014-06-09,0519,Aqua,MODIS,74,6.2,309.9,17.5,D,0
-12.3793,132.4189,380,2.2,1.5,2014-06-09,0519,Aqua,MODIS,75,6.2,305.3,463.2,D,0
-13.8038,130.2234,328.9,1.5,1.2,2014-06-09,0519,Aqua,MODIS,80,6.2,308.3,26.5,D,0
-13.8107,130.2176,323.1,1.5,1.2,2014-06-09,0519,Aqua,MODIS,49,6.2,309.7,14.8,D,0
-14.6876,127.1612,323.4,1,1,2014-06-09,0519,Aqua,MODIS,51,6.2,308.9,10,D,0
-14.5191,127.9266,318.2,1.1,1,2014-06-09,0519,Aqua,MODIS,21,6.2,306.1,7.4,D,0
-14.0517,132.775,328.2,2.2,1.4,2014-06-09,0519,Aqua,MODIS,80,6.2,308,49.6,D,0
-14.0646,132.7775,326.5,2.2,1.4,2014-06-09,0519,Aqua,MODIS,79,6.2,306.4,44,D,0
-14.0611,132.7977,320.9,2.2,1.4,2014-06-09,0519,Aqua,MODIS,72,6.2,308,23.9,D,0
-15.6141,126.9281,316.4,1,1,2014-06-09,0519,Aqua,MODIS,53,6.2,306.1,5.9,D,0
-14.8886,130.181,321.9,1.4,1.2,2014-06-09,0519,Aqua,MODIS,58,6.2,310.7,15.1,D,0
-14.6874,127.0364,326.3,1,1,2014-06-09,0519,Aqua,MODIS,56,6.2,306,14.3,D,0
-14.686,127.0457,339.4,1,1,2014-06-09,0519,Aqua,MODIS,88,6.2,309.3,32.3,D,0
-14.6846,127.055,328.2,1,1,2014-06-09,0519,Aqua,MODIS,65,6.2,307.8,15.7,D,0
-15.2642,127.8044,326.6,1.1,1,2014-06-09,0519,Aqua,MODIS,61,6.2,309.7,13.5,D,0
-14.6978,127.0285,328.2,1,1,2014-06-09,0519,Aqua,MODIS,78,6.2,305.8,17.5,D,0
-14.6964,127.0378,351.4,1,1,2014-06-09,0519,Aqua,MODIS,95,6.2,311,56.1,D,0
-14.6937,127.0564,330,1,1,2014-06-09,0519,Aqua,MODIS,54,6.2,309.4,17.5,D,0
-15.2656,127.7947,329.8,1.1,1,2014-06-09,0519,Aqua,MODIS,77,6.2,309.2,17.7,D,0
-14.0253,127.3433,328.7,1,1,2014-06-09,0519,Aqua,MODIS,52,6.2,304.3,18.2,D,0
-15.0277,127.7142,323.8,1,1,2014-06-09,0519,Aqua,MODIS,51,6.2,306.7,11.3,D,0
-15.0369,127.7157,326.9,1,1,2014-06-09,0519,Aqua,MODIS,52,6.2,307.3,14.6,D,0
-14.0239,127.3528,322.9,1,1,2014-06-09,0519,Aqua,MODIS,32,6.2,303.2,11,D,0
-14.0344,127.3446,321.9,1,1,2014-06-09,0519,Aqua,MODIS,41,6.2,308,9.9,D,0
-14.033,127.3542,324.1,1,1,2014-06-09,0519,Aqua,MODIS,69,6.2,305.1,12.6,D,0
-14.8386,126.5616,327.3,1,1,2014-06-09,0519,Aqua,MODIS,59,6.2,306.7,13.2,D,0
-15.2671,127.785,329,1,1,2014-06-09,0519,Aqua,MODIS,79,6.2,309.6,17.1,D,0
-14.8232,126.5442,329.8,1,1,2014-06-09,0519,Aqua,MODIS,80,6.2,307.2,19.3,D,0
-14.2086,126.915,320.5,1,1,2014-06-09,0519,Aqua,MODIS,56,6.2,307.5,7.2,D,0
-15.1268,129.7747,328.2,1.3,1.1,2014-06-09,0519,Aqua,MODIS,74,6.2,306.3,25.3,D,0
-15.1249,129.7866,326.7,1.3,1.1,2014-06-09,0519,Aqua,MODIS,75,6.2,308.5,22.1,D,0
-13.9283,130.087,340.3,1.4,1.2,2014-06-09,0519,Aqua,MODIS,89,6.2,308.3,60.7,D,0
-14.928,129.8659,327.1,1.3,1.1,2014-06-09,0519,Aqua,MODIS,61,6.2,308.7,19.6,D,0
-15.123,129.7985,325.2,1.3,1.1,2014-06-09,0519,Aqua,MODIS,74,6.2,307.9,19.1,D,0
-15.1211,129.8108,321.3,1.3,1.1,2014-06-09,0519,Aqua,MODIS,31,6.2,307.7,11.6,D,0
-15.1237,126.5019,327.9,1,1,2014-06-09,0519,Aqua,MODIS,74,6.2,307.4,15.3,D,0
-15.125,126.4926,327.7,1,1,2014-06-09,0519,Aqua,MODIS,74,6.2,307.7,15.4,D,0
-15.1147,126.5005,322.4,1,1,2014-06-09,0519,Aqua,MODIS,61,6.2,305.3,10.5,D,0
-15.1161,126.4912,349.5,1,1,2014-06-09,0519,Aqua,MODIS,94,6.2,307.2,51.9,D,0
-15.1174,126.482,333.5,1,1,2014-06-09,0519,Aqua,MODIS,83,6.2,303.8,23.9,D,0
-15.2685,127.7753,328.1,1,1,2014-06-09,0519,Aqua,MODIS,78,6.2,310,16.5,D,0
-15.3437,130.6512,322,1.5,1.2,2014-06-09,0519,Aqua,MODIS,67,6.2,309,15.7,D,0
-15.2699,127.7657,335.2,1,1,2014-06-09,0519,Aqua,MODIS,85,6.2,310.3,24.9,D,0
-15.2713,127.7561,334.5,1,1,2014-06-09,0519,Aqua,MODIS,84,6.2,309.4,23.9,D,0
-14.8609,127.5511,319.6,1,1,2014-06-09,0519,Aqua,MODIS,62,6.2,308.7,5.6,D,0
-15.2086,127.4356,324.4,1,1,2014-06-09,0519,Aqua,MODIS,73,6.2,309.4,12.1,D,0
-15.2362,126.3546,318.3,1,1,2014-06-09,0519,Aqua,MODIS,34,6.2,304.4,6.3,D,0
-13.9257,129.8702,325.1,1.4,1.2,2014-06-09,0519,Aqua,MODIS,32,6.2,304.6,20.5,D,0
-13.9069,129.854,323.4,1.4,1.2,2014-06-09,0519,Aqua,MODIS,29,6.2,306.3,18.6,D,0
-14.3755,127.5905,323.7,1.1,1,2014-06-09,0519,Aqua,MODIS,63,6.2,307.8,12.4,D,0
-13.9233,129.8181,332.3,1.4,1.2,2014-06-09,0519,Aqua,MODIS,59,6.2,308.3,34.4,D,0
-15.263,130.0106,315.3,1.3,1.1,2014-06-09,0519,Aqua,MODIS,16,6.2,304.4,7.5,D,0
-14.4789,129.5363,337.6,1.3,1.1,2014-06-09,0519,Aqua,MODIS,62,6.2,309.9,42.9,D,0
-15.5942,126.8708,321.6,1,1,2014-06-09,0519,Aqua,MODIS,65,6.2,307,9.7,D,0
-15.2424,130.0069,321.6,1.3,1.1,2014-06-09,0519,Aqua,MODIS,69,6.2,306.4,14.7,D,0
-15.255,126.0964,329.6,1,1,2014-06-09,0519,Aqua,MODIS,80,6.2,306.9,18.3,D,0
-15.2486,126.0765,315.2,1,1,2014-06-09,0519,Aqua,MODIS,20,6.2,303.8,5.1,D,0
-15.1565,126.3368,321.6,1,1,2014-06-09,0519,Aqua,MODIS,45,6.2,307.9,9.2,D,0
-14.7118,127.0593,323.1,1,1,2014-06-09,0519,Aqua,MODIS,23,6.2,307.2,9.8,D,0
-15.1369,129.7766,330.2,1.3,1.1,2014-06-09,0519,Aqua,MODIS,78,6.2,306.1,29.4,D,0
-15.1489,126.3262,324,1,1,2014-06-09,0519,Aqua,MODIS,64,6.2,307.9,11.6,D,0
-14.8063,126.5984,333,1,1,2014-06-09,0519,Aqua,MODIS,83,6.2,308.7,22.7,D,0
-14.5834,126.9314,317.4,1,1,2014-06-09,0519,Aqua,MODIS,58,6.2,307,6.5,D,0
-15.6199,126.8244,321.8,1,1,2014-06-09,0519,Aqua,MODIS,64,6.2,307.5,9.6,D,0
-15.6186,126.8337,324.9,1,1,2014-06-09,0519,Aqua,MODIS,74,6.2,308.3,12.6,D,0
-14.8076,126.5891,332.2,1,1,2014-06-09,0519,Aqua,MODIS,82,6.2,308.7,21.8,D,0
-12.9684,130.1712,319.5,1.5,1.2,2014-06-09,0519,Aqua,MODIS,25,6.2,305,16.4,D,0
-13.0001,130.1964,323.3,1.5,1.2,2014-06-09,0519,Aqua,MODIS,59,6.2,304.7,22.8,D,0
-13.5393,130.1452,313.9,1.5,1.2,2014-06-09,0519,Aqua,MODIS,20,6.2,303.7,10.4,D,0
-14.9558,126.1925,318.7,1,1,2014-06-09,0519,Aqua,MODIS,49,6.2,306,7.2,D,0
-15.4303,125.8308,331.8,1,1,2014-06-09,0519,Aqua,MODIS,82,6.2,308.6,18.6,D,0
-15.4213,125.8295,326.5,1,1,2014-06-09,0519,Aqua,MODIS,54,6.2,308.2,10.8,D,0
-14.9468,126.1911,325.7,1,1,2014-06-09,0519,Aqua,MODIS,75,6.2,304.8,14.3,D,0
-15.2151,126.1188,323.3,1,1,2014-06-09,0519,Aqua,MODIS,21,6.2,306,10.5,D,0
-15.2536,126.1057,324.8,1,1,2014-06-09,0519,Aqua,MODIS,62,6.2,308,11.9,D,0
-15.2601,126.1217,324.9,1,1,2014-06-09,0519,Aqua,MODIS,59,6.2,305.5,11.6,D,0
-15.3127,126.1393,317.8,1,1,2014-06-09,0519,Aqua,MODIS,51,6.2,305.6,6.4,D,0
-14.3106,127.3485,322.9,1,1,2014-06-09,0519,Aqua,MODIS,71,6.2,308.2,10.3,D,0
-14.3092,127.3581,329.4,1,1,2014-06-09,0519,Aqua,MODIS,79,6.2,309.1,18,D,0
-14.9918,126.4597,323.5,1,1,2014-06-09,0519,Aqua,MODIS,50,6.2,306.5,10,D,0
-14.2484,127.5152,321,1,1,2014-06-09,0519,Aqua,MODIS,63,6.2,307.2,10.2,D,0
-14.2498,127.5055,326.5,1,1,2014-06-09,0519,Aqua,MODIS,76,6.2,308.4,16.2,D,0
-14.9931,126.4504,326,1,1,2014-06-09,0519,Aqua,MODIS,71,6.2,307.8,12.1,D,0
-15.0412,126.3067,319.5,1,1,2014-06-09,0519,Aqua,MODIS,37,6.2,307.4,6.7,D,0
-15.0614,126.4194,333.5,1,1,2014-06-09,0519,Aqua,MODIS,83,6.2,307,22,D,0
-15.0683,127.3911,321.8,1,1,2014-06-09,0519,Aqua,MODIS,68,6.2,308.6,9.4,D,0
-15.1746,126.0111,318.1,1,1,2014-06-09,0519,Aqua,MODIS,37,6.2,305,5.9,D,0
-15.1618,125.9712,329.4,1,1,2014-06-09,0519,Aqua,MODIS,29,6.2,308.1,15.9,D,0
-14.9481,126.1818,322.7,1,1,2014-06-09,0519,Aqua,MODIS,71,6.2,304.9,11.3,D,0
-15.0155,126.6108,320.1,1,1,2014-06-09,0519,Aqua,MODIS,54,6.2,306.2,7.2,D,0
-15.3414,129.905,325.6,1.3,1.1,2014-06-09,0519,Aqua,MODIS,75,6.2,307.7,21.6,D,0
-15.3433,129.8931,331.7,1.3,1.1,2014-06-09,0519,Aqua,MODIS,82,6.2,309,32.4,D,0
-15.3452,129.8812,345.9,1.3,1.1,2014-06-09,0519,Aqua,MODIS,70,6.2,310.4,64.8,D,0
-15.1632,125.9619,353.1,1,1,2014-06-09,0519,Aqua,MODIS,96,6.2,308,57.7,D,0
-15.1465,125.9499,338.5,1,1,2014-06-09,0519,Aqua,MODIS,71,6.2,309.1,28.2,D,0
-15.1478,125.9406,355.4,1,1,2014-06-09,0519,Aqua,MODIS,97,6.2,309.6,63.9,D,0
-13.5732,130.2755,324.3,1.5,1.2,2014-06-09,0519,Aqua,MODIS,38,6.2,306.5,20,D,0
-13.5884,130.2501,329.8,1.5,1.2,2014-06-09,0519,Aqua,MODIS,75,6.2,305.8,35.3,D,0
-14.179,130.8031,320.2,1.6,1.2,2014-06-09,0519,Aqua,MODIS,68,6.2,307.2,15.4,D,0
-14.1901,130.8051,317.8,1.6,1.2,2014-06-09,0519,Aqua,MODIS,55,6.2,306,11.4,D,0
-14.9818,126.6568,320.6,1,1,2014-06-09,0519,Aqua,MODIS,47,6.2,306.6,7.8,D,0
-14.9715,126.6647,319.3,1,1,2014-06-09,0519,Aqua,MODIS,17,6.2,306.9,5.6,D,0
-13.9155,130.2331,320.3,1.5,1.2,2014-06-09,0519,Aqua,MODIS,58,6.2,305.7,16.8,D,0
-14.569,127.6536,334.8,1.1,1,2014-06-09,0519,Aqua,MODIS,85,6.2,308.5,26.5,D,0
-14.5617,126.8898,324.9,1,1,2014-06-09,0519,Aqua,MODIS,74,6.2,306.5,13.8,D,0
-14.5676,127.6634,340.3,1.1,1,2014-06-09,0519,Aqua,MODIS,89,6.2,310.1,35.8,D,0
-14.5774,127.6515,321.6,1.1,1,2014-06-09,0519,Aqua,MODIS,52,6.2,308.2,8.9,D,0
-14.5759,127.6613,372.5,1.1,1,2014-06-09,0519,Aqua,MODIS,100,6.2,312.3,121.9,D,0
-14.5744,127.6711,333.4,1.1,1,2014-06-09,0519,Aqua,MODIS,83,6.2,311.9,22.8,D,0
-14.5836,127.6725,325.2,1.1,1,2014-06-09,0519,Aqua,MODIS,72,6.2,308.2,12.8,D,0
-14.496,127.7015,324,1.1,1,2014-06-09,0519,Aqua,MODIS,63,6.2,309.5,11.7,D,0
-13.9537,130.1317,332.2,1.4,1.2,2014-06-09,0519,Aqua,MODIS,83,6.2,306.6,38,D,0
-14.9713,126.1476,351.3,1,1,2014-06-09,0519,Aqua,MODIS,95,6.2,308.8,57.7,D,0
-13.9643,130.1335,322.9,1.4,1.2,2014-06-09,0519,Aqua,MODIS,72,6.2,308.1,19.8,D,0
-14.97,126.1568,342.9,1,1,2014-06-09,0519,Aqua,MODIS,91,6.2,307.9,40.7,D,0
-13.7658,130.2236,320.8,1.5,1.2,2014-06-09,0519,Aqua,MODIS,68,6.2,308.9,14.8,D,0
-14.8623,127.5415,321.6,1,1,2014-06-09,0519,Aqua,MODIS,67,6.2,308.5,7.8,D,0
-15.1883,125.7182,324.4,1,1,2014-06-09,0519,Aqua,MODIS,74,6.2,307.1,12.2,D,0
-15.187,125.7275,339.1,1,1,2014-06-09,0519,Aqua,MODIS,88,6.2,306,32.2,D,0
-15.1907,129.8914,321.7,1.3,1.1,2014-06-09,0519,Aqua,MODIS,51,6.2,307.3,14.2,D,0
-14.8302,126.6834,322.6,1,1,2014-06-09,0519,Aqua,MODIS,64,6.2,306.4,9.8,D,0
-15.3279,126.4889,320.3,1,1,2014-06-09,0519,Aqua,MODIS,53,6.2,305.2,9.1,D,0
-15.3332,126.4519,318.2,1,1,2014-06-09,0519,Aqua,MODIS,49,6.2,305.7,7.2,D,0
-14.9814,126.1464,343.2,1,1,2014-06-09,0519,Aqua,MODIS,91,6.2,305.7,41,D,0
-13.6097,130.1163,321.1,1.4,1.2,2014-06-09,0519,Aqua,MODIS,69,6.2,304.8,22.8,D,0
-13.6076,130.1295,316.5,1.4,1.2,2014-06-09,0519,Aqua,MODIS,51,6.2,303.9,15.2,D,0
-14.1551,126.4544,321.6,1,1,2014-06-09,0519,Aqua,MODIS,66,6.2,308,8.7,D,0
-14.8639,126.386,335.4,1,1,2014-06-09,0519,Aqua,MODIS,85,6.2,306.8,27.4,D,0
-13.958,130.1729,321.9,1.4,1.2,2014-06-09,0519,Aqua,MODIS,52,6.2,307.2,16.2,D,0
-13.9559,130.186,319.4,1.4,1.2,2014-06-09,0519,Aqua,MODIS,36,6.2,306.9,12.1,D,0
-15.1732,126.0204,321.3,1,1,2014-06-09,0519,Aqua,MODIS,66,6.2,306.8,9.3,D,0
-13.9845,129.8725,320.4,1.4,1.2,2014-06-09,0519,Aqua,MODIS,58,6.2,304.5,16.2,D,0
-13.9742,129.8707,325.9,1.4,1.2,2014-06-09,0519,Aqua,MODIS,76,6.2,306.5,24.7,D,0
-13.9762,129.8581,329.7,1.4,1.2,2014-06-09,0519,Aqua,MODIS,80,6.2,304.9,32.9,D,0
-13.9361,129.8719,321.6,1.4,1.2,2014-06-09,0519,Aqua,MODIS,48,6.2,307.8,16.5,D,0
-15.2133,126.5781,320.4,1,1,2014-06-09,0519,Aqua,MODIS,59,6.2,306.3,8.8,D,0
-15.2147,126.5688,326.5,1,1,2014-06-09,0519,Aqua,MODIS,76,6.2,306.2,15.6,D,0
-15.1809,126.6149,318.4,1,1,2014-06-09,0519,Aqua,MODIS,33,6.2,307.5,7.3,D,0
-15.1733,126.6042,317.4,1,1,2014-06-09,0519,Aqua,MODIS,33,6.2,305.9,6.5,D,0
-14.8729,126.3874,319.4,1,1,2014-06-09,0519,Aqua,MODIS,54,6.2,306.9,8.4,D,0
-13.9785,130.3486,325.1,1.5,1.2,2014-06-09,0519,Aqua,MODIS,70,6.2,311.4,18.5,D,0
-14.7859,127.6773,331.5,1,1,2014-06-09,0519,Aqua,MODIS,81,6.2,311.5,19.8,D,0
-13.9664,130.1204,345.3,1.4,1.2,2014-06-09,0519,Aqua,MODIS,92,6.2,307.9,75.7,D,0
-13.9685,130.1073,320.3,1.4,1.2,2014-06-09,0519,Aqua,MODIS,67,6.2,305.6,17.3,D,0
-15.2113,126.4642,319.5,1,1,2014-06-09,0519,Aqua,MODIS,61,6.2,306.8,7.5,D,0
-15.1695,127.4488,320.2,1,1,2014-06-09,0519,Aqua,MODIS,65,6.2,308.6,7.3,D,0
-13.9558,130.1186,349.2,1.4,1.2,2014-06-09,0519,Aqua,MODIS,94,6.2,309,87,D,0
-13.9579,130.1055,325.8,1.4,1.2,2014-06-09,0519,Aqua,MODIS,76,6.2,305.1,25.9,D,0
-13.2764,133.6935,327.9,2.7,1.6,2014-06-09,0519,Aqua,MODIS,63,6.2,303.3,73.7,D,0
-15.382,125.7788,322,1,1,2014-06-09,0519,Aqua,MODIS,60,6.2,307.4,9.8,D,0
-15.4461,125.7185,327.1,1,1,2014-06-09,0519,Aqua,MODIS,71,6.2,305.3,16.9,D,0
-15.437,125.7171,318.9,1,1,2014-06-09,0519,Aqua,MODIS,24,6.2,307.2,8.1,D,0
-12.9447,130.9562,320.4,1.7,1.3,2014-06-09,0519,Aqua,MODIS,22,6.2,307,16.7,D,0
-15.2558,125.8304,335.2,1,1,2014-06-09,0519,Aqua,MODIS,85,6.2,307.4,24,D,0
-15.2571,125.8211,345,1,1,2014-06-09,0519,Aqua,MODIS,92,6.2,308.1,40.2,D,0
-15.2364,125.837,323.3,1,1,2014-06-09,0519,Aqua,MODIS,60,6.2,306.8,12.2,D,0
-14.2733,126.0835,321.9,1,1,2014-06-09,0519,Aqua,MODIS,64,6.2,305.9,7.9,D,0
-14.2746,126.0742,326.3,1,1,2014-06-09,0519,Aqua,MODIS,0,6.2,306.8,12.8,D,0
-14.1225,126.7428,325.6,1,1,2014-06-09,0519,Aqua,MODIS,45,6.2,308.4,11.2,D,0
-14.1032,126.7492,327,1,1,2014-06-09,0519,Aqua,MODIS,47,6.2,308.5,11.4,D,0
-14.5851,126.4102,321.2,1,1,2014-06-09,0519,Aqua,MODIS,42,6.2,307.9,8.2,D,0
-14.1657,126.3807,330.7,1,1,2014-06-09,0519,Aqua,MODIS,81,6.2,308.7,19.7,D,0
-14.167,126.3714,317.6,1,1,2014-06-09,0519,Aqua,MODIS,44,6.2,307,5.4,D,0
-14.2243,126.1637,333,1,1,2014-06-09,0519,Aqua,MODIS,83,6.2,308.4,21.3,D,0
-14.2256,126.1545,335.4,1,1,2014-06-09,0519,Aqua,MODIS,85,6.2,307.3,25.3,D,0
-14.2037,126.1794,328.3,1,1,2014-06-09,0519,Aqua,MODIS,78,6.2,309.1,15.2,D,0
-14.1934,126.1872,328.9,1,1,2014-06-09,0519,Aqua,MODIS,33,6.2,307.5,14.2,D,0
-14.1947,126.178,332.5,1,1,2014-06-09,0519,Aqua,MODIS,57,6.2,309.8,18.6,D,0
-14.1844,126.1858,331.3,1,1,2014-06-09,0519,Aqua,MODIS,45,6.2,308.9,17,D,0
-14.1755,126.1845,325.3,1,1,2014-06-09,0519,Aqua,MODIS,60,6.2,307.1,11.9,D,0
-14.6646,126.1112,320,1,1,2014-06-09,0519,Aqua,MODIS,51,6.2,306.7,7.9,D,0
-14.0755,126.4364,328.4,1,1,2014-06-09,0519,Aqua,MODIS,69,6.2,307.3,16,D,0
-14.0768,126.4271,336.9,1,1,2014-06-09,0519,Aqua,MODIS,86,6.2,307.4,28.3,D,0
-14.0678,126.4258,320.2,1,1,2014-06-09,0519,Aqua,MODIS,66,6.2,305.1,7.8,D,0
-14.0368,126.4493,335.4,1,1,2014-06-09,0519,Aqua,MODIS,85,6.2,308.2,25,D,0
-14.0382,126.4401,338.3,1,1,2014-06-09,0519,Aqua,MODIS,87,6.2,308.9,29,D,0
-14.0305,126.4295,322.6,1,1,2014-06-09,0519,Aqua,MODIS,63,6.2,308.4,9.6,D,0
-14.0318,126.4202,322.2,1,1,2014-06-09,0519,Aqua,MODIS,63,6.2,306,9.4,D,0
-14.1171,126.7799,322.7,1,1,2014-06-09,0519,Aqua,MODIS,64,6.2,310.9,7.7,D,0
-15.429,125.8402,327.2,1,1,2014-06-09,0519,Aqua,MODIS,55,6.2,307.4,12.6,D,0
-14.0616,126.7808,324.9,1,1,2014-06-09,0519,Aqua,MODIS,60,6.2,308.1,11.1,D,0
-14.0691,126.4165,325.1,1,1,2014-06-09,0519,Aqua,MODIS,74,6.2,305.2,13.4,D,0
-14.3796,126.1713,317.4,1,1,2014-06-09,0519,Aqua,MODIS,44,6.2,305.1,5.4,D,0
-14.3659,126.3953,316.9,1,1,2014-06-09,0519,Aqua,MODIS,43,6.2,306,6.3,D,0
-14.5348,126.4996,318.6,1,1,2014-06-09,0519,Aqua,MODIS,56,6.2,308,6.1,D,0
-14.5361,126.4903,325.4,1,1,2014-06-09,0519,Aqua,MODIS,75,6.2,307.8,13,D,0
-14.6683,126.1495,324.7,1,1,2014-06-09,0519,Aqua,MODIS,68,6.2,307.2,12.5,D,0
-14.6696,126.1403,324,1,1,2014-06-09,0519,Aqua,MODIS,42,6.2,306.6,10.9,D,0
-14.6632,126.1204,327.1,1,1,2014-06-09,0519,Aqua,MODIS,72,6.2,309.5,14.8,D,0
-15.162,125.9048,315.6,1,1,2014-06-09,0519,Aqua,MODIS,43,6.2,304.1,5.9,D,0
-15.1647,125.8861,316.7,1,1,2014-06-09,0519,Aqua,MODIS,44,6.2,305.8,5.9,D,0
-14.7086,125.9951,320.9,1,1,2014-06-09,0519,Aqua,MODIS,33,6.2,306.4,8.1,D,0
-14.6816,125.991,321.6,1,1,2014-06-09,0519,Aqua,MODIS,66,6.2,306.9,9.1,D,0
-14.674,125.9803,337.2,1,1,2014-06-09,0519,Aqua,MODIS,87,6.2,308.1,27.3,D,0
-14.6753,125.9711,332.2,1,1,2014-06-09,0519,Aqua,MODIS,82,6.2,308.7,19.7,D,0
-14.6573,125.9683,320.3,1,1,2014-06-09,0519,Aqua,MODIS,62,6.2,308.4,7.9,D,0
-14.3153,126.1746,320.5,1,1,2014-06-09,0519,Aqua,MODIS,65,6.2,304.9,8.7,D,0
-14.7459,125.9875,330.4,1,1,2014-06-09,0519,Aqua,MODIS,81,6.2,305.8,19.4,D,0
-14.7189,125.9872,322.9,1,1,2014-06-09,0519,Aqua,MODIS,29,6.2,307.9,9.8,D,0
-15.5513,125.8167,315.5,1,1,2014-06-09,0519,Aqua,MODIS,15,6.2,303.8,4.8,D,0
-15.5526,125.8074,317.6,1,1,2014-06-09,0519,Aqua,MODIS,53,6.2,304.3,7.1,D,0
-15.4638,125.855,327.3,1,1,2014-06-09,0519,Aqua,MODIS,76,6.2,305.6,15.2,D,0
-15.6244,125.7576,329.2,1,1,2014-06-09,0519,Aqua,MODIS,69,6.2,308.2,17.4,D,0
-15.5673,125.9021,355.9,1,1,2014-06-09,0519,Aqua,MODIS,98,6.2,307.2,66.1,D,0
-15.5686,125.8927,327.1,1,1,2014-06-09,0519,Aqua,MODIS,63,6.2,308.7,14.7,D,0
-15.5588,125.8943,324.2,1,1,2014-06-09,0519,Aqua,MODIS,74,6.2,307.1,13,D,0
-12.9209,134.1409,320.7,3,1.6,2014-06-09,0519,Aqua,MODIS,15,6.2,299.4,56.3,D,0
-15.6347,125.7496,328.3,1,1,2014-06-09,0519,Aqua,MODIS,74,6.2,307.7,15.6,D,0
-15.6361,125.7402,330.4,1,1,2014-06-09,0519,Aqua,MODIS,81,6.2,306.3,18.9,D,0
-15.6257,125.7482,325.4,1,1,2014-06-09,0519,Aqua,MODIS,54,6.2,305.1,13.1,D,0
-15.6293,125.8541,324.1,1,1,2014-06-09,0519,Aqua,MODIS,73,6.2,307.6,11.5,D,0
-15.5919,125.8581,325,1,1,2014-06-09,0519,Aqua,MODIS,53,6.2,308.3,13,D,0
-15.5816,125.8661,327.2,1,1,2014-06-09,0519,Aqua,MODIS,53,6.2,305.7,14.6,D,0
-15.5829,125.8567,333.6,1,1,2014-06-09,0519,Aqua,MODIS,79,6.2,306.3,23.2,D,0
-15.6833,125.7916,322.9,1,1,2014-06-09,0519,Aqua,MODIS,72,6.2,307.3,10.3,D,0
-15.6846,125.7822,330.4,1,1,2014-06-09,0519,Aqua,MODIS,81,6.2,308,18.5,D,0
-15.7194,125.7971,323.2,1,1,2014-06-09,0519,Aqua,MODIS,23,6.2,307.8,9.6,D,0
-15.7143,125.7675,339.3,1,1,2014-06-09,0519,Aqua,MODIS,88,6.2,306.3,32.9,D,0
-15.704,125.7755,339.1,1,1,2014-06-09,0519,Aqua,MODIS,88,6.2,307.9,29.9,D,0
-15.7547,125.6773,321.3,1,1,2014-06-09,0519,Aqua,MODIS,28,6.2,303.1,9.5,D,0
-16.1722,125.3842,317.7,1,1,2014-06-09,0519,Aqua,MODIS,61,6.2,306.3,8,D,0
-13.0106,133.8842,311.6,2.8,1.6,2014-06-09,0519,Aqua,MODIS,27,6.2,299.2,23.5,D,0
-16.1709,125.3939,321.5,1,1,2014-06-09,0519,Aqua,MODIS,70,6.2,305.7,12,D,0
-12.1549,132.5079,321.7,2.3,1.5,2014-06-09,0519,Aqua,MODIS,37,6.2,302.1,36.7,D,0
-13.4499,133.5876,329.2,2.6,1.6,2014-06-09,0519,Aqua,MODIS,82,6.2,301.7,90.7,D,0
-13.4457,133.6116,347.7,2.6,1.6,2014-06-09,0519,Aqua,MODIS,94,6.2,302.6,213.3,D,0
-13.4446,133.5787,320.3,2.6,1.6,2014-06-09,0519,Aqua,MODIS,55,6.2,300.9,47.4,D,0
-12.5453,132.2877,323.3,2.2,1.4,2014-06-09,0519,Aqua,MODIS,75,6.2,302.1,41.3,D,0
-14.6186,132.0923,320.7,1.9,1.4,2014-06-09,0519,Aqua,MODIS,70,6.2,306.1,24.6,D,0
-14.6045,133.2258,319.2,2.3,1.5,2014-06-09,0519,Aqua,MODIS,68,6.2,304.8,30.5,D,0
-14.6081,133.219,319.1,2.3,1.5,2014-06-09,0519,Aqua,MODIS,66,6.2,305.2,28.8,D,0
-14.4867,133.0807,318,2.3,1.5,2014-06-09,0519,Aqua,MODIS,66,6.2,306.6,24.7,D,0
-12.7925,133.9118,315.8,2.9,1.6,2014-06-09,0519,Aqua,MODIS,62,6.2,297.9,40.7,D,0
-12.5448,132.2948,318.5,2.2,1.4,2014-06-09,0519,Aqua,MODIS,54,6.2,302.5,26.1,D,0
-14.2237,126.5564,328.1,1,1,2014-06-09,0519,Aqua,MODIS,59,6.2,305.9,16.8,D,0
-13.4542,133.5637,315.7,2.6,1.6,2014-06-09,0519,Aqua,MODIS,63,6.2,301.2,33.8,D,0
-12.1688,132.4965,346.8,2.3,1.5,2014-06-09,0519,Aqua,MODIS,88,6.2,302.4,158.6,D,0
-13.0133,133.8919,313.7,2.8,1.6,2014-06-09,0519,Aqua,MODIS,33,6.2,299.5,29.6,D,0
-14.3526,126.4876,322.8,1,1,2014-06-09,0519,Aqua,MODIS,46,6.2,307.4,9.7,D,0
-12.1819,132.4988,322.7,2.3,1.5,2014-06-09,0519,Aqua,MODIS,64,6.2,299.9,43.9,D,0
-12.7347,133.5552,311.8,2.7,1.6,2014-06-09,0519,Aqua,MODIS,40,6.2,300.1,20.3,D,0
-14.2377,126.3322,319.9,1,1,2014-06-09,0519,Aqua,MODIS,63,6.2,306.5,7.4,D,0
-14.1234,126.3553,324.8,1,1,2014-06-09,0519,Aqua,MODIS,73,6.2,308,12.4,D,0
-13.9997,132.7812,327.4,2.2,1.4,2014-06-09,0519,Aqua,MODIS,80,6.2,306.6,51.5,D,0
-13.5828,131.7581,333.3,1.9,1.3,2014-06-09,0519,Aqua,MODIS,85,6.2,305.5,61.2,D,0
-12.2378,132.4873,316.4,2.3,1.5,2014-06-09,0519,Aqua,MODIS,66,6.2,300.2,25.9,D,0
-12.2632,132.4755,327.3,2.3,1.5,2014-06-09,0519,Aqua,MODIS,0,6.2,300.8,54.9,D,0
-12.2597,132.4962,320.8,2.3,1.5,2014-06-09,0519,Aqua,MODIS,43,6.2,301.8,35.2,D,0
-13.4033,131.8045,340.8,1.9,1.4,2014-06-09,0519,Aqua,MODIS,90,6.2,308,88.3,D,0
-11.9142,132.8547,322.6,2.5,1.5,2014-06-09,0519,Aqua,MODIS,45,6.2,300.4,46.2,D,0
-11.9218,132.8635,321.2,2.5,1.5,2014-06-09,0519,Aqua,MODIS,39,6.2,301.3,39.1,D,0
-13.9759,130.8468,319.5,1.6,1.2,2014-06-09,0519,Aqua,MODIS,20,6.2,307.9,15.2,D,0
-13.0136,131.1136,319.7,1.7,1.3,2014-06-09,0519,Aqua,MODIS,68,6.2,305.9,20.8,D,0
-13.0086,131.1183,316.3,1.7,1.3,2014-06-09,0519,Aqua,MODIS,43,6.2,306,13.2,D,0
-14.0181,130.8692,324.3,1.6,1.2,2014-06-09,0519,Aqua,MODIS,56,6.2,308,23.7,D,0
-13.4924,132.7391,314.8,2.3,1.5,2014-06-09,0519,Aqua,MODIS,46,6.2,304.6,14.8,D,0
-13.4959,132.7185,314,2.3,1.5,2014-06-09,0519,Aqua,MODIS,46,6.2,303.4,13.9,D,0
-13.2899,132.7086,317.5,2.3,1.5,2014-06-09,0519,Aqua,MODIS,51,6.2,307.4,21.3,D,0
-13.3646,132.7246,313.8,2.3,1.5,2014-06-09,0519,Aqua,MODIS,55,6.2,302.7,18.2,D,0
-13.7226,131.3259,331.8,1.8,1.3,2014-06-09,0519,Aqua,MODIS,83,6.2,309.5,48.2,D,0
-12.7599,131.7933,325.3,2,1.4,2014-06-09,0519,Aqua,MODIS,71,6.2,306.3,36.3,D,0
-14.0293,130.8711,327.6,1.6,1.2,2014-06-09,0519,Aqua,MODIS,79,6.2,307.8,32.9,D,0
-13.9303,134.4063,313.4,3,1.6,2014-06-09,0519,Aqua,MODIS,54,6.2,302.7,26.3,D,0
-12.299,132.5031,326.2,2.3,1.5,2014-06-09,0519,Aqua,MODIS,41,6.2,302.6,50.4,D,0
-13.7253,131.3099,326.6,1.7,1.3,2014-06-09,0519,Aqua,MODIS,78,6.2,307.4,31.9,D,0
-12.2955,132.5239,328.6,2.3,1.5,2014-06-09,0519,Aqua,MODIS,69,6.2,301.1,63.5,D,0
-11.8931,132.8974,315.7,2.5,1.5,2014-06-09,0519,Aqua,MODIS,25,6.2,300.8,26.1,D,0
-13.3296,131.8389,320.7,1.9,1.4,2014-06-09,0519,Aqua,MODIS,60,6.2,305.9,22.5,D,0
-13.5268,130.7767,342.2,1.6,1.2,2014-06-09,0519,Aqua,MODIS,90,6.2,308.5,70.5,D,0
-13.5291,130.7684,341.8,1.6,1.2,2014-06-09,0519,Aqua,MODIS,90,6.2,306.5,69,D,0
-12.1584,132.4869,326.8,2.3,1.5,2014-06-09,0519,Aqua,MODIS,48,6.2,300.6,53.1,D,0
-13.5266,130.7831,331,1.6,1.2,2014-06-09,0519,Aqua,MODIS,51,6.2,308.4,35.2,D,0
-13.5378,130.7851,327,1.6,1.2,2014-06-09,0519,Aqua,MODIS,49,6.2,307.4,27.1,D,0
-13.3418,131.8409,323.2,1.9,1.4,2014-06-09,0519,Aqua,MODIS,74,6.2,306.8,31,D,0
-13.8238,133.6345,316.1,2.6,1.6,2014-06-09,0519,Aqua,MODIS,46,6.2,304.6,27,D,0
-13.8014,133.6799,314.7,2.6,1.6,2014-06-09,0519,Aqua,MODIS,49,6.2,302.9,24.1,D,0
-13.749,133.612,318.1,2.6,1.6,2014-06-09,0519,Aqua,MODIS,67,6.2,302.9,37.2,D,0
-12.1854,132.478,323.2,2.3,1.5,2014-06-09,0519,Aqua,MODIS,49,6.2,301.1,43.3,D,0
-12.252,132.3209,310.2,2.2,1.4,2014-06-09,0519,Aqua,MODIS,23,6.2,299.7,13.5,D,0
-12.855,132.5556,320.6,2.3,1.5,2014-06-09,0519,Aqua,MODIS,46,6.2,305.7,35.5,D,0
-13.5349,132.7256,318.9,2.3,1.5,2014-06-09,0519,Aqua,MODIS,47,6.2,304.9,25.5,D,0
-13.5478,132.7285,321.4,2.3,1.5,2014-06-09,0519,Aqua,MODIS,66,6.2,304.8,34,D,0
-13.909,130.688,317.5,1.6,1.2,2014-06-09,0519,Aqua,MODIS,61,6.2,306.1,13,D,0
-13.4421,134.223,311.2,2.9,1.6,2014-06-09,0519,Aqua,MODIS,47,6.2,301,25.7,D,0
-13.3291,132.6968,316.9,2.3,1.5,2014-06-09,0519,Aqua,MODIS,26,6.2,305.6,21.6,D,0
-12.249,132.3254,311.6,2.2,1.4,2014-06-09,0519,Aqua,MODIS,38,6.2,299.4,15.2,D,0
-12.842,132.5532,334.2,2.3,1.5,2014-06-09,0519,Aqua,MODIS,85,6.2,305.5,87.7,D,0
-13.8248,132.2729,320.9,2.1,1.4,2014-06-09,0519,Aqua,MODIS,68,6.2,308.5,22.5,D,0
-13.8215,132.2917,331.2,2.1,1.4,2014-06-09,0519,Aqua,MODIS,83,6.2,307.6,58.5,D,0
-11.9315,132.8884,327.8,2.5,1.5,2014-06-09,0519,Aqua,MODIS,81,6.2,303.2,69,D,0
-13.3974,131.8394,327.1,1.9,1.4,2014-06-09,0519,Aqua,MODIS,47,6.2,305.6,37.6,D,0
-14.0681,132.7572,318.4,2.2,1.4,2014-06-09,0519,Aqua,MODIS,55,6.2,306.7,17.5,D,0
-13.9101,130.6947,321.7,1.6,1.2,2014-06-09,0519,Aqua,MODIS,71,6.2,306.4,19.9,D,0
-13.9068,130.7017,318.7,1.6,1.2,2014-06-09,0519,Aqua,MODIS,65,6.2,306,15.7,D,0
-13.6013,132.7251,321.7,2.2,1.5,2014-06-09,0519,Aqua,MODIS,73,6.2,307.1,36.3,D,0
-13.6126,130.6781,321.3,1.6,1.2,2014-06-09,0519,Aqua,MODIS,55,6.2,309.2,15.9,D,0
-13.4154,131.8066,324.3,1.9,1.4,2014-06-09,0519,Aqua,MODIS,44,6.2,306.7,28.6,D,0
-14.133,130.805,321.4,1.6,1.2,2014-06-09,0519,Aqua,MODIS,49,6.2,308.7,14.5,D,0
-14.0126,132.7834,316.6,2.2,1.4,2014-06-09,0519,Aqua,MODIS,30,6.2,305.7,15.3,D,0
-12.669,132.4885,330.6,2.2,1.5,2014-06-09,0519,Aqua,MODIS,46,6.2,304.5,63.3,D,0
-13.5636,131.5375,326.9,1.8,1.3,2014-06-09,0519,Aqua,MODIS,79,6.2,309,39.4,D,0
-14.1291,130.7594,321.3,1.6,1.2,2014-06-09,0519,Aqua,MODIS,29,6.2,307.5,16.8,D,0
-14.046,132.0612,318.8,2,1.4,2014-06-09,0519,Aqua,MODIS,62,6.2,308,17,D,0
-12.947,130.9498,325.3,1.7,1.3,2014-06-09,0519,Aqua,MODIS,77,6.2,307.6,30.7,D,0
-12.988,130.9796,321.4,1.7,1.3,2014-06-09,0519,Aqua,MODIS,60,6.2,306.2,18.8,D,0
-12.6097,132.1448,315.4,2.1,1.4,2014-06-09,0519,Aqua,MODIS,61,6.2,303.1,20.3,D,0
-13.975,130.8562,319.9,1.6,1.2,2014-06-09,0519,Aqua,MODIS,52,6.2,307.2,17.8,D,0
-12.3074,132.2945,313.5,2.2,1.4,2014-06-09,0519,Aqua,MODIS,51,6.2,301.4,18.2,D,0
-13.0242,132.33,316.9,2.1,1.4,2014-06-09,0519,Aqua,MODIS,64,6.2,305.2,22,D,0
-13.9868,132.7789,326.2,2.2,1.4,2014-06-09,0519,Aqua,MODIS,79,6.2,306.1,47.7,D,0
-13.0603,132.1183,317.2,2.1,1.4,2014-06-09,0519,Aqua,MODIS,59,6.2,306.3,15.1,D,0
-13.0609,131.5763,322.6,1.9,1.3,2014-06-09,0519,Aqua,MODIS,44,6.2,309,21.2,D,0
-11.9468,132.799,313.6,2.4,1.5,2014-06-09,0519,Aqua,MODIS,45,6.2,300,21.1,D,0
-12.3337,132.2173,314.9,2.2,1.4,2014-06-09,0519,Aqua,MODIS,41,6.2,302.1,19.9,D,0
-11.9257,132.8411,326.9,2.5,1.5,2014-06-09,0519,Aqua,MODIS,73,6.2,301.4,63.4,D,0
-13.8324,132.2863,318.6,2.1,1.4,2014-06-09,0519,Aqua,MODIS,50,6.2,308.1,18.8,D,0
-13.4435,131.3686,323.9,1.8,1.3,2014-06-09,0519,Aqua,MODIS,26,6.2,309.2,23.3,D,0
-13.6185,132.1589,327.3,2,1.4,2014-06-09,0519,Aqua,MODIS,79,6.2,308.8,42,D,0
-13.9738,132.7766,315.7,2.2,1.4,2014-06-09,0519,Aqua,MODIS,46,6.2,304.3,15.9,D,0
-12.8255,132.5714,328.8,2.3,1.5,2014-06-09,0519,Aqua,MODIS,81,6.2,305.4,64.3,D,0
-12.829,132.5509,326.8,2.3,1.5,2014-06-09,0519,Aqua,MODIS,74,6.2,303.7,57.5,D,0
-13.8199,132.2841,328.6,2.1,1.4,2014-06-09,0519,Aqua,MODIS,81,6.2,307.8,49.5,D,0
-11.2938,132.2359,330.7,2.3,1.5,2014-06-09,0520,Aqua,MODIS,79,6.2,298.4,73.7,D,0
-11.283,132.2269,321.2,2.3,1.5,2014-06-09,0520,Aqua,MODIS,26,6.2,297.3,36.1,D,0
-11.2807,132.2336,323.8,2.3,1.5,2014-06-09,0520,Aqua,MODIS,78,6.2,298.1,51.3,D,0
-11.3584,130.4566,328,1.7,1.3,2014-06-09,0520,Aqua,MODIS,81,6.2,299.2,42.3,D,0
-11.3608,130.4415,319.8,1.7,1.3,2014-06-09,0520,Aqua,MODIS,63,6.2,298,23,D,0
-11.6942,130.083,320.8,1.5,1.2,2014-06-09,0520,Aqua,MODIS,0,6.2,300.5,26.1,D,0
-11.3697,130.4585,319.1,1.7,1.3,2014-06-09,0520,Aqua,MODIS,33,6.2,300.7,21.5,D,0
-11.3296,132.2634,318.3,2.3,1.5,2014-06-09,0520,Aqua,MODIS,68,6.2,298.1,33.5,D,0
-11.3385,132.2702,314.9,2.3,1.5,2014-06-09,0520,Aqua,MODIS,52,6.2,298.3,22.3,D,0
-11.2806,131.9976,316,2.2,1.4,2014-06-09,0520,Aqua,MODIS,68,6.2,297.4,28.2,D,0
-11.2838,131.9779,320.9,2.2,1.4,2014-06-09,0520,Aqua,MODIS,75,6.2,297.4,42.5,D,0
-11.4087,132.0938,318.5,2.2,1.4,2014-06-09,0520,Aqua,MODIS,49,6.2,298.7,32.2,D,0
-11.3986,132.0867,337.2,2.2,1.4,2014-06-09,0520,Aqua,MODIS,89,6.2,299.9,104.2,D,0
-11.3958,132.0915,335.2,2.2,1.4,2014-06-09,0520,Aqua,MODIS,87,6.2,299.4,92,D,0
-11.3992,132.0717,327.8,2.2,1.4,2014-06-09,0520,Aqua,MODIS,68,6.2,297.6,59.7,D,0
-11.3633,132.0599,324.3,2.2,1.4,2014-06-09,0520,Aqua,MODIS,27,6.2,299.3,47.3,D,0
-11.4018,132.0669,316,2.2,1.4,2014-06-09,0520,Aqua,MODIS,28,6.2,296.9,24.8,D,0
-11.4216,132.0962,320,2.2,1.4,2014-06-09,0520,Aqua,MODIS,60,6.2,298.6,36.2,D,0
-34.686,118.2999,317.5,3.8,1.8,2014-06-09,0652,Aqua,MODIS,59,6.2,286.6,106.1,D,0
-31.7944,148.4931,302.7,1,1,2014-06-09,1301,Terra,MODIS,51,6.2,279.8,9.3,N,0
-28.5475,149.47,303.3,1.2,1.1,2014-06-09,1301,Terra,MODIS,54,6.2,280.4,11.5,N,0
-29.8807,151.2702,306,1.4,1.2,2014-06-09,1301,Terra,MODIS,66,6.2,278.6,18.6,N,0
-28.5495,149.4579,310.5,1.2,1.1,2014-06-09,1301,Terra,MODIS,80,6.2,281.3,17.3,N,0
-27.9354,148.8173,304.3,1.1,1.1,2014-06-09,1302,Terra,MODIS,59,6.2,281.3,11.5,N,0
-26.6381,146.0773,319.3,1,1,2014-06-09,1302,Terra,MODIS,98,6.2,282.8,20.9,N,0
-26.6395,146.0673,318.7,1,1,2014-06-09,1302,Terra,MODIS,97,6.2,282,20.2,N,0
-26.793,150.1972,305.9,1.4,1.2,2014-06-09,1302,Terra,MODIS,66,6.2,281.8,16.6,N,0
-16.0622,136.121,301.1,2.5,1.5,2014-06-09,1305,Terra,MODIS,31,6.2,289.7,18.7,N,0
-12.5774,141.8458,313.5,1,1,2014-06-09,1306,Terra,MODIS,87,6.2,292.4,12.5,N,0
-12.58,141.827,319.1,1,1,2014-06-09,1306,Terra,MODIS,98,6.2,292.7,17.5,N,0
-12.5787,141.8364,307.4,1,1,2014-06-09,1306,Terra,MODIS,71,6.2,292.5,7.6,N,0
-12.6262,132.4592,300.1,4.3,1.9,2014-06-09,1306,Terra,MODIS,17,6.2,289.3,36.3,N,0
-14.1058,132.7634,303.3,4.3,1.9,2014-06-09,1306,Terra,MODIS,55,6.2,288.5,57.7,N,0
-14.1076,132.7703,301.7,4.3,1.9,2014-06-09,1306,Terra,MODIS,43,6.2,288.1,49.5,N,0
-21.1803,119.8923,302.7,1,1,2014-06-09,1443,Terra,MODIS,51,6.2,282.9,7.6,N,0
-21.1726,119.8813,316.6,1,1,2014-06-09,1443,Terra,MODIS,93,6.2,283.1,16.8,N,0
-20.9062,119.3565,300.5,1,1,2014-06-09,1443,Terra,MODIS,24,6.2,281.9,5.5,N,0
-20.9076,119.3468,302,1,1,2014-06-09,1443,Terra,MODIS,39,6.2,280.9,6.6,N,0
-20.2322,119.5781,305.8,1,1,2014-06-09,1443,Terra,MODIS,66,6.2,288.9,8.1,N,0
-20.2335,119.5685,307.8,1,1,2014-06-09,1443,Terra,MODIS,73,6.2,287.6,9.3,N,0
-15.0928,126.4767,301.3,2.7,1.6,2014-06-09,1444,Terra,MODIS,40,6.2,288.8,26.2,N,0
-14.0031,127.3444,314.5,3.3,1.7,2014-06-09,1444,Terra,MODIS,85,6.2,292.4,78.3,N,0
-14.2692,126.2908,305,2.7,1.6,2014-06-09,1444,Terra,MODIS,11,6.2,289.1,31.6,N,0
-12.5781,141.8352,304.1,1.1,1.1,2014-06-09,1609,Aqua,MODIS,59,6.2,290.8,7.5,N,0
-12.5205,132.463,313.7,2.5,1.5,2014-06-09,1609,Aqua,MODIS,88,6.2,288,52,N,0
-16.0645,136.1336,300.1,1.2,1.1,2014-06-09,1610,Aqua,MODIS,16,6.2,289.7,6,N,0
-14.8557,129.8893,301.5,3.5,1.8,2014-06-09,1610,Aqua,MODIS,42,6.2,290.9,32.4,N,0
-13.5531,129.8922,303.1,3.8,1.8,2014-06-09,1610,Aqua,MODIS,38,6.2,291.1,41,N,0
-14.0545,130.4114,307.8,3.4,1.7,2014-06-09,1610,Aqua,MODIS,35,6.2,289.3,46.5,N,0
-14.0509,130.407,307.7,3.4,1.7,2014-06-09,1610,Aqua,MODIS,72,6.2,289.3,49.2,N,0
-14.0663,130.404,307.8,3.4,1.7,2014-06-09,1610,Aqua,MODIS,72,6.2,289.9,49.1,N,0
-21.1738,119.8892,303.7,2.2,1.4,2014-06-09,1750,Aqua,MODIS,56,6.2,279.6,28.1,N,0
-26.2436,152.402,317.2,1,1,2014-06-09,2359,Terra,MODIS,77,6.2,295.2,13.2,D,0
-26.2527,152.4003,307.6,1,1,2014-06-09,2359,Terra,MODIS,33,6.2,294.6,5.2,D,0
-24.9649,152.3735,304.3,1,1,2014-06-09,2359,Terra,MODIS,56,6.2,292.8,4.2,D,0
-28.5453,149.466,315.8,1.3,1.1,2014-06-10,0000,Terra,MODIS,76,6.2,293.5,15.6,D,0
-28.3896,153.3897,301.9,1,1,2014-06-10,0000,Terra,MODIS,47,6.2,290.9,4.2,D,0
-27.9369,148.8132,300.4,1.4,1.2,2014-06-10,0000,Terra,MODIS,37,6.2,289.6,6.3,D,0
-27.9394,148.8273,301.9,1.4,1.2,2014-06-10,0000,Terra,MODIS,50,6.2,290.4,7.5,D,0
-27.8845,148.8251,311.3,1.4,1.2,2014-06-10,0000,Terra,MODIS,71,6.2,292.4,15.3,D,0
-27.895,148.8227,340.5,1.4,1.2,2014-06-10,0000,Terra,MODIS,92,6.2,291.8,69.7,D,0
-27.882,148.811,316.4,1.4,1.2,2014-06-10,0000,Terra,MODIS,77,6.2,292.4,21.8,D,0
-26.9889,153.0006,301.5,1,1,2014-06-10,0000,Terra,MODIS,47,6.2,290,4.2,D,0
-27.2073,147.794,316,1.7,1.3,2014-06-10,0000,Terra,MODIS,76,6.2,292.4,27,D,0
-26.6784,150.5127,314,1.2,1.1,2014-06-10,0000,Terra,MODIS,74,6.2,292.3,14.1,D,0
-26.6804,150.5245,334.7,1.2,1.1,2014-06-10,0000,Terra,MODIS,89,6.2,293.1,43.3,D,0
-26.6901,150.5225,306.3,1.2,1.1,2014-06-10,0000,Terra,MODIS,57,6.2,292.1,6.7,D,0
-26.7909,150.2028,314.6,1.2,1.1,2014-06-10,0000,Terra,MODIS,75,6.2,293.3,15.4,D,2
-26.8008,150.2008,305,1.2,1.1,2014-06-10,0000,Terra,MODIS,35,6.2,292.1,5.7,D,2
-29.6918,151.4544,312.5,1,1,2014-06-10,0000,Terra,MODIS,73,6.2,287.2,12.8,D,0
-29.9198,151.7971,302.3,1,1,2014-06-10,0000,Terra,MODIS,52,6.2,284.6,6.9,D,0
-28.8744,149.1184,312.3,1.3,1.1,2014-06-10,0000,Terra,MODIS,72,6.2,293,14.3,D,0
-28.9186,149.9612,301.7,1.2,1.1,2014-06-10,0000,Terra,MODIS,48,6.2,290.9,4,D,0
-28.4563,149.9047,308.9,1.2,1.1,2014-06-10,0000,Terra,MODIS,68,6.2,292.2,9.7,D,0
-28.5457,149.4726,316,1.3,1.1,2014-06-10,0000,Terra,MODIS,76,6.2,293.5,15.7,D,0
-29.6934,151.4649,330.3,1,1,2014-06-10,0000,Terra,MODIS,87,6.2,288.1,31.5,D,0
-28.8721,149.1052,321.2,1.3,1.1,2014-06-10,0000,Terra,MODIS,81,6.2,292.7,25.8,D,0
-28.5475,149.4787,308.9,1.3,1.1,2014-06-10,0000,Terra,MODIS,40,6.2,293.3,8.2,D,0
-29.0061,149.3392,303.1,1.3,1.1,2014-06-10,0000,Terra,MODIS,55,6.2,292.7,5,D,0
-30.3199,152.004,304.7,1,1,2014-06-10,0001,Terra,MODIS,60,6.2,283.5,8.4,D,0
-31.998,149.2212,304.5,1.2,1.1,2014-06-10,0001,Terra,MODIS,59,6.2,285.9,9.7,D,0
-37.5257,144.0129,303,1.7,1.3,2014-06-10,0003,Terra,MODIS,54,6.2,275.1,20,D,0
-12.3291,132.3694,325,1,1,2014-06-10,0134,Terra,MODIS,76,6.2,302.9,15.1,D,0
-11.3931,132.3281,317.4,1,1,2014-06-10,0134,Terra,MODIS,69,6.2,302.3,8.5,D,0
-12.1901,134.9804,313.9,1.2,1.1,2014-06-10,0134,Terra,MODIS,0,6.2,302.6,7.7,D,0
-12.2649,132.4972,319.5,1,1,2014-06-10,0134,Terra,MODIS,54,6.2,303.9,9.7,D,0
-12.2522,132.5365,322.4,1,1,2014-06-10,0134,Terra,MODIS,75,6.2,300.6,13.7,D,0
-12.2405,132.5195,323.3,1,1,2014-06-10,0134,Terra,MODIS,63,6.2,299.7,13.6,D,0
-11.1919,132.2127,321.2,1,1,2014-06-10,0134,Terra,MODIS,60,6.2,301.3,11.2,D,0
-11.2698,132.2411,316.5,1,1,2014-06-10,0134,Terra,MODIS,48,6.2,302.5,7,D,0
-12.2931,132.3747,318.1,1,1,2014-06-10,0134,Terra,MODIS,66,6.2,303,7.6,D,0
-12.2944,132.3839,321.3,1,1,2014-06-10,0134,Terra,MODIS,70,6.2,301.4,10.5,D,0
-11.3917,132.319,313.9,1,1,2014-06-10,0134,Terra,MODIS,61,6.2,301.3,5.5,D,0
-12.507,132.7064,316.5,1,1,2014-06-10,0134,Terra,MODIS,59,6.2,305,7.4,D,0
-12.6235,132.9365,316.5,1,1,2014-06-10,0134,Terra,MODIS,59,6.2,303,7.3,D,0
-12.781,133.9987,324,1.1,1.1,2014-06-10,0134,Terra,MODIS,77,6.2,302.1,17.9,D,0
-12.8638,134.0391,312.9,1.1,1.1,2014-06-10,0134,Terra,MODIS,58,6.2,300.7,6,D,0
-12.2749,131.0798,346.9,1,1,2014-06-10,0134,Terra,MODIS,94,6.2,303.5,52.3,D,0
-12.4021,133.5106,316.2,1.1,1,2014-06-10,0134,Terra,MODIS,30,6.2,301.7,7.7,D,0
-12.1581,133.7339,321.5,1.1,1,2014-06-10,0134,Terra,MODIS,74,6.2,303.8,12.6,D,0
-12.5199,132.4785,319.1,1,1,2014-06-10,0134,Terra,MODIS,47,6.2,300.2,8.6,D,0
-12.6597,133.5144,321.8,1.1,1,2014-06-10,0134,Terra,MODIS,75,6.2,302.1,13.6,D,0
-12.6689,133.5132,314.9,1.1,1,2014-06-10,0134,Terra,MODIS,44,6.2,302.5,6,D,0
-12.2176,133.6392,318.6,1.1,1,2014-06-10,0134,Terra,MODIS,70,6.2,304.5,7.7,D,0
-12.6185,132.5234,320,1,1,2014-06-10,0134,Terra,MODIS,51,6.2,303.4,9.5,D,0
-12.5303,132.4864,324.5,1,1,2014-06-10,0134,Terra,MODIS,76,6.2,304.3,14.8,D,0
-12.3051,131.2179,326.4,1,1,2014-06-10,0134,Terra,MODIS,69,6.2,303.5,18,D,0
-12.2259,133.1823,322.2,1,1,2014-06-10,0134,Terra,MODIS,75,6.2,304.3,11.2,D,0
-12.6703,133.5229,313.3,1.1,1,2014-06-10,0134,Terra,MODIS,33,6.2,301.7,4.6,D,0
-12.2387,131.0819,322.8,1,1,2014-06-10,0134,Terra,MODIS,76,6.2,301.3,14.7,D,0
-12.7755,133.9954,318.8,1.1,1.1,2014-06-10,0134,Terra,MODIS,53,6.2,301.7,10.9,D,0
-12.2735,131.0704,314.6,1,1,2014-06-10,0134,Terra,MODIS,64,6.2,300.1,7.4,D,0
-12.6338,132.5023,327.4,1,1,2014-06-10,0134,Terra,MODIS,0,6.2,305.9,14.7,D,0
-12.7905,133.9974,317.5,1.1,1.1,2014-06-10,0134,Terra,MODIS,67,6.2,302,10.1,D,0
-12.2245,133.1728,323.4,1,1,2014-06-10,0134,Terra,MODIS,76,6.2,304,12.7,D,0
-12.235,133.1809,321.4,1,1,2014-06-10,0134,Terra,MODIS,53,6.2,304.6,9.6,D,0
-12.5236,132.4404,321.1,1,1,2014-06-10,0134,Terra,MODIS,0,6.2,302.1,11.7,D,0
-12.6249,132.9458,315.4,1,1,2014-06-10,0134,Terra,MODIS,49,6.2,302.6,6.7,D,0
-12.3156,131.2258,322.8,1,1,2014-06-10,0134,Terra,MODIS,61,6.2,304.2,13.9,D,0
-12.5249,132.4496,328,1,1,2014-06-10,0134,Terra,MODIS,0,6.2,304.8,19,D,0
-12.3915,133.5023,316.2,1.1,1,2014-06-10,0134,Terra,MODIS,34,6.2,301.5,8.6,D,0
-12.2153,133.6893,327,1.1,1,2014-06-10,0134,Terra,MODIS,80,6.2,304.9,17.3,D,0
-12.2166,133.6991,333.7,1.1,1,2014-06-10,0134,Terra,MODIS,86,6.2,306.1,27.2,D,0
-12.5289,132.4772,338.5,1,1,2014-06-10,0134,Terra,MODIS,89,6.2,304.9,33.4,D,0
-11.3375,132.2621,321.3,1,1,2014-06-10,0134,Terra,MODIS,56,6.2,301.5,12.2,D,0
-11.3276,132.2603,315.8,1,1,2014-06-10,0134,Terra,MODIS,44,6.2,301.8,6.3,D,0
-11.2783,131.989,318.9,1,1,2014-06-10,0134,Terra,MODIS,70,6.2,302.8,10.8,D,0
-11.2769,131.9799,317.1,1,1,2014-06-10,0134,Terra,MODIS,67,6.2,301,9.3,D,0
-11.423,132.0943,326.7,1,1,2014-06-10,0134,Terra,MODIS,72,6.2,300.9,16.9,D,0
-12.199,132.236,311.4,1,1,2014-06-10,0134,Terra,MODIS,31,6.2,300.5,4.5,D,0
-11.4154,132.1048,315,1,1,2014-06-10,0134,Terra,MODIS,22,6.2,303,6.3,D,0
-11.4226,132.2151,314.1,1,1,2014-06-10,0134,Terra,MODIS,54,6.2,299.7,6.6,D,0
-11.4423,132.1008,318.2,1,1,2014-06-10,0134,Terra,MODIS,70,6.2,301.3,9.9,D,0
-11.4093,132.2514,321.6,1,1,2014-06-10,0134,Terra,MODIS,75,6.2,301.8,13.3,D,0
-11.5789,132.7791,316.1,1,1,2014-06-10,0134,Terra,MODIS,66,6.2,302,6.9,D,0
-12.2401,131.0912,316.7,1,1,2014-06-10,0134,Terra,MODIS,68,6.2,301.1,9,D,0
-11.4141,132.0957,323.9,1,1,2014-06-10,0134,Terra,MODIS,77,6.2,302.4,14.7,D,0
-11.4316,132.2138,311.6,1,1,2014-06-10,0134,Terra,MODIS,45,6.2,300,4.6,D,0
-12.3979,132.3995,334.4,1,1,2014-06-10,0134,Terra,MODIS,65,6.2,306.1,24.5,D,0
-11.7951,130.1724,311,1.1,1,2014-06-10,0134,Terra,MODIS,37,6.2,299.8,6,D,0
-12.3407,133.0823,325.2,1,1,2014-06-10,0134,Terra,MODIS,78,6.2,306.6,15.5,D,0
-12.3534,133.0421,316,1,1,2014-06-10,0134,Terra,MODIS,62,6.2,303.8,6.5,D,0
-12.3393,133.0729,347.1,1,1,2014-06-10,0134,Terra,MODIS,94,6.2,304.8,50.4,D,0
-12.403,132.8764,316.1,1,1,2014-06-10,0134,Terra,MODIS,50,6.2,304.2,9.3,D,0
-12.3538,132.4126,356.6,1,1,2014-06-10,0134,Terra,MODIS,74,6.2,305.8,67.3,D,0
-12.3551,132.4217,338.5,1,1,2014-06-10,0134,Terra,MODIS,84,6.2,304.6,29.8,D,0
-12.3628,132.4112,322.2,1,1,2014-06-10,0134,Terra,MODIS,53,6.2,306.2,9.3,D,0
-12.3992,132.4086,336.3,1,1,2014-06-10,0134,Terra,MODIS,76,6.2,305.1,26.6,D,0
-12.3822,132.355,313.7,1,1,2014-06-10,0134,Terra,MODIS,40,6.2,301.1,6.1,D,0
-12.363,132.9203,314.1,1,1,2014-06-10,0134,Terra,MODIS,40,6.2,303.5,5.6,D,0
-14.0014,127.3256,370.5,1.5,1.2,2014-06-10,0135,Terra,MODIS,94,6.2,305.7,203,D,0
-14.0037,127.3391,339,1.5,1.2,2014-06-10,0135,Terra,MODIS,0,6.2,302,63.9,D,0
-13.9968,127.2979,351.3,1.5,1.2,2014-06-10,0135,Terra,MODIS,96,6.2,300.5,109.4,D,0
-14.01,127.31,341.6,1.5,1.2,2014-06-10,0135,Terra,MODIS,91,6.2,299.6,73.5,D,0
-14.0122,127.3237,345.4,1.5,1.2,2014-06-10,0135,Terra,MODIS,81,6.2,300.8,84.4,D,0
-14.6892,127.0271,326.2,1.5,1.2,2014-06-10,0135,Terra,MODIS,80,6.2,302,34,D,0
-14.7001,127.0252,312.4,1.5,1.2,2014-06-10,0135,Terra,MODIS,44,6.2,299.3,10,D,0
-14.6685,127.1035,327.7,1.5,1.2,2014-06-10,0135,Terra,MODIS,81,6.2,300.8,34.5,D,0
-14.6661,127.0896,317.4,1.5,1.2,2014-06-10,0135,Terra,MODIS,57,6.2,300.1,15.2,D,0
-14.6671,127.1104,322.4,1.5,1.2,2014-06-10,0135,Terra,MODIS,75,6.2,301.2,24,D,0
-14.6648,127.0965,344.7,1.5,1.2,2014-06-10,0135,Terra,MODIS,93,6.2,301.6,83.4,D,0
-14.6631,127.1538,314.6,1.5,1.2,2014-06-10,0135,Terra,MODIS,53,6.2,302.1,11.4,D,0
-14.9944,130.2946,318.3,1,1,2014-06-10,0135,Terra,MODIS,68,6.2,304,8.6,D,0
-14.9958,130.3041,320.3,1,1,2014-06-10,0135,Terra,MODIS,71,6.2,304,10.2,D,0
-15.0272,130.2731,321,1,1,2014-06-10,0135,Terra,MODIS,62,6.2,305.3,11.4,D,0
-15.0363,130.2717,339.4,1,1,2014-06-10,0135,Terra,MODIS,89,6.2,303.7,36.4,D,0
-14.3926,127.5246,317.4,1.4,1.2,2014-06-10,0135,Terra,MODIS,69,6.2,302.2,15.1,D,0
-15.0506,129.7052,331.9,1.1,1,2014-06-10,0135,Terra,MODIS,81,6.2,302.9,25.2,D,0
-15.0413,129.7065,372,1.1,1,2014-06-10,0135,Terra,MODIS,100,6.2,310.5,125.1,D,0
-15.0398,129.6965,368.8,1.1,1,2014-06-10,0135,Terra,MODIS,100,6.2,307.8,114.3,D,0
-15.0289,129.688,347.9,1.1,1,2014-06-10,0135,Terra,MODIS,94,6.2,305.4,53.2,D,0
-15.0273,129.678,328.8,1.1,1,2014-06-10,0135,Terra,MODIS,62,6.2,300.5,20.7,D,0
-15.0212,129.6994,339.9,1.1,1,2014-06-10,0135,Terra,MODIS,89,6.2,305.2,37.5,D,0
-15.0196,129.6895,323.8,1.1,1,2014-06-10,0135,Terra,MODIS,53,6.2,302,13.4,D,0
-14.264,126.8298,313.3,1.6,1.2,2014-06-10,0135,Terra,MODIS,41,6.2,299.4,10.7,D,0
-14.2615,126.8151,315.4,1.6,1.2,2014-06-10,0135,Terra,MODIS,57,6.2,299.8,13.8,D,0
-14.2626,126.8217,320.4,1.6,1.2,2014-06-10,0135,Terra,MODIS,65,6.2,299.8,22.5,D,0
-14.9971,129.7095,324.8,1.1,1,2014-06-10,0135,Terra,MODIS,77,6.2,305.5,16.7,D,0
-14.5771,127.6536,320.3,1.4,1.2,2014-06-10,0135,Terra,MODIS,47,6.2,304.3,16.4,D,0
-14.5807,127.6466,319.8,1.4,1.2,2014-06-10,0135,Terra,MODIS,35,6.2,302.1,13.9,D,0
-15.159,125.9259,316.7,1.8,1.3,2014-06-10,0135,Terra,MODIS,48,6.2,298.9,21.1,D,0
-15.1992,129.887,318.5,1.1,1,2014-06-10,0135,Terra,MODIS,53,6.2,301.9,10.1,D,0
-15.1647,125.9592,324.1,1.8,1.3,2014-06-10,0135,Terra,MODIS,79,6.2,300.2,39,D,0
-15.1619,125.9426,332.1,1.8,1.3,2014-06-10,0135,Terra,MODIS,85,6.2,300.5,63,D,0
-14.7673,127.6877,314.5,1.4,1.2,2014-06-10,0135,Terra,MODIS,48,6.2,301.7,8.6,D,0
-13.8207,130.2801,325.1,1.1,1,2014-06-10,0135,Terra,MODIS,77,6.2,306.6,15.3,D,0
-13.8192,130.2704,318.9,1.1,1,2014-06-10,0135,Terra,MODIS,66,6.2,305.3,7.8,D,0
-15.2814,126.3747,314.3,1.7,1.3,2014-06-10,0135,Terra,MODIS,61,6.2,300,14,D,0
-15.2621,125.8488,311.1,1.8,1.3,2014-06-10,0135,Terra,MODIS,34,6.2,299.8,10.7,D,0
-15.2606,126.1197,315.4,1.7,1.3,2014-06-10,0135,Terra,MODIS,38,6.2,299.6,16.9,D,0
-15.1024,129.7515,315.9,1.1,1,2014-06-10,0135,Terra,MODIS,54,6.2,302.9,8.5,D,0
-15.1117,129.75,315,1.1,1,2014-06-10,0135,Terra,MODIS,51,6.2,300.3,7.7,D,0
-15.1286,129.7977,320.4,1.1,1,2014-06-10,0135,Terra,MODIS,44,6.2,302.6,11,D,0
-14.524,127.9338,314.9,1.3,1.1,2014-06-10,0135,Terra,MODIS,0,6.2,299.9,9.7,D,0
-14.9987,129.7196,320.8,1.1,1,2014-06-10,0135,Terra,MODIS,71,6.2,302.7,12,D,0
-15.0429,129.7165,326.7,1.1,1,2014-06-10,0135,Terra,MODIS,69,6.2,305.6,17.1,D,0
-14.8678,129.8987,320.7,1.1,1,2014-06-10,0135,Terra,MODIS,24,6.2,305,10.2,D,0
-13.9782,129.861,349,1.1,1,2014-06-10,0135,Terra,MODIS,95,6.2,304.5,61.8,D,0
-13.9766,129.851,326.4,1.1,1,2014-06-10,0135,Terra,MODIS,79,6.2,301.2,21.8,D,0
-14.9954,130.2489,312.2,1,1,2014-06-10,0135,Terra,MODIS,35,6.2,302.1,5.3,D,0
-14.0316,130.0849,366.5,1.1,1,2014-06-10,0135,Terra,MODIS,100,6.2,305.7,107.3,D,0
-14.0301,130.0751,328.4,1.1,1,2014-06-10,0135,Terra,MODIS,81,6.2,301.6,23.2,D,0
-14.0224,130.0863,350.7,1.1,1,2014-06-10,0135,Terra,MODIS,95,6.2,305.3,62.4,D,0
-14.0209,130.0766,325.3,1.1,1,2014-06-10,0135,Terra,MODIS,78,6.2,301.7,19.1,D,0
-14.0742,130.1315,322.1,1.1,1,2014-06-10,0135,Terra,MODIS,54,6.2,302.3,12.5,D,0
-14.065,130.133,324.8,1.1,1,2014-06-10,0135,Terra,MODIS,64,6.2,302.6,15.5,D,0
-14.0635,130.1232,331.8,1.1,1,2014-06-10,0135,Terra,MODIS,84,6.2,303.9,25.7,D,0
-14.0331,130.0947,347.6,1.1,1,2014-06-10,0135,Terra,MODIS,94,6.2,304.7,54.4,D,0
-14.0239,130.0961,320.7,1.1,1,2014-06-10,0135,Terra,MODIS,34,6.2,303,12,D,0
-14.005,130.2187,315,1.1,1,2014-06-10,0135,Terra,MODIS,37,6.2,301.7,5.3,D,0
-13.9973,130.2298,317.5,1.1,1,2014-06-10,0135,Terra,MODIS,67,6.2,304.8,7.6,D,0
-13.9958,130.2202,316.4,1.1,1,2014-06-10,0135,Terra,MODIS,63,6.2,305,6.9,D,0
-14.0265,129.7027,335,1.1,1,2014-06-10,0135,Terra,MODIS,75,6.2,299.7,36.2,D,0
-13.997,130.2891,319.5,1,1,2014-06-10,0135,Terra,MODIS,70,6.2,304.6,8.8,D,0
-15.0522,129.7152,325.9,1.1,1,2014-06-10,0135,Terra,MODIS,75,6.2,303.9,17.4,D,0
-14.5576,127.6367,317.9,1.4,1.2,2014-06-10,0135,Terra,MODIS,15,6.2,303.8,11.6,D,0
-13.5553,129.8819,322.8,1.1,1,2014-06-10,0135,Terra,MODIS,47,6.2,303.1,13.9,D,0
-13.5568,129.8919,324.3,1.1,1,2014-06-10,0135,Terra,MODIS,47,6.2,301.4,15.8,D,0
-13.5457,129.8586,335.2,1.1,1,2014-06-10,0135,Terra,MODIS,87,6.2,299,35.1,D,0
-13.5472,129.8686,352.8,1.1,1,2014-06-10,0135,Terra,MODIS,96,6.2,303.3,71.7,D,0
-13.5488,129.8787,323.4,1.1,1,2014-06-10,0135,Terra,MODIS,36,6.2,302.2,16.1,D,0
-13.5521,129.8618,344.7,1.1,1,2014-06-10,0135,Terra,MODIS,80,6.2,302.4,51,D,0
-13.5537,129.8719,328.8,1.1,1,2014-06-10,0135,Terra,MODIS,66,6.2,302.5,21.8,D,0
-15.2451,129.9533,322.7,1.1,1,2014-06-10,0135,Terra,MODIS,75,6.2,300,15,D,0
-15.2466,129.9632,317.9,1.1,1,2014-06-10,0135,Terra,MODIS,65,6.2,300.3,10.2,D,0
-15.2511,129.9923,314.8,1,1,2014-06-10,0135,Terra,MODIS,40,6.2,300.1,6.9,D,0
-15.2526,130.002,318.7,1,1,2014-06-10,0135,Terra,MODIS,69,6.2,300,10.7,D,0
-15.3448,129.8807,322.4,1.1,1,2014-06-10,0135,Terra,MODIS,0,6.2,302.4,13.6,D,0
-15.3463,129.8906,321,1.1,1,2014-06-10,0135,Terra,MODIS,60,6.2,302.5,12.4,D,0
-15.3479,129.9004,322.3,1.1,1,2014-06-10,0135,Terra,MODIS,66,6.2,300.9,13.5,D,0
-15.1348,129.7763,315.8,1.1,1,2014-06-10,0135,Terra,MODIS,41,6.2,301.5,8.4,D,0
-14.2511,127.5205,312.4,1.4,1.2,2014-06-10,0135,Terra,MODIS,54,6.2,300.7,8.9,D,0
-15.3805,126.1417,310.7,1.7,1.3,2014-06-10,0135,Terra,MODIS,53,6.2,300.1,11.4,D,0
-14.8277,127.5983,317.7,1.4,1.2,2014-06-10,0135,Terra,MODIS,64,6.2,303.1,13.5,D,0
-13.804,130.2332,321.1,1.1,1,2014-06-10,0135,Terra,MODIS,72,6.2,304.9,10.6,D,0
-13.5786,129.9089,326,1.1,1,2014-06-10,0135,Terra,MODIS,42,6.2,303,17.7,D,0
-13.6316,129.88,353,1.1,1,2014-06-10,0135,Terra,MODIS,97,6.2,303.3,71.2,D,0
-13.6331,129.89,347.3,1.1,1,2014-06-10,0135,Terra,MODIS,94,6.2,304.5,57,D,0
-14.9236,126.6399,311.8,1.6,1.3,2014-06-10,0135,Terra,MODIS,55,6.2,300.6,9.7,D,0
-14.2925,127.4112,316.5,1.5,1.2,2014-06-10,0135,Terra,MODIS,67,6.2,301.4,14,D,0
-14.3032,127.4092,313.6,1.5,1.2,2014-06-10,0135,Terra,MODIS,54,6.2,299.7,9.8,D,0
-15.1237,126.4625,313.9,1.6,1.3,2014-06-10,0135,Terra,MODIS,21,6.2,301.4,10.2,D,0
-15.2671,127.7895,319.4,1.3,1.1,2014-06-10,0135,Terra,MODIS,18,6.2,302.8,13.5,D,0
-15.2691,127.8018,324.2,1.3,1.1,2014-06-10,0135,Terra,MODIS,71,6.2,302.5,21.5,D,0
-15.2711,127.75,333.7,1.3,1.1,2014-06-10,0135,Terra,MODIS,86,6.2,301.9,40,D,0
-15.2732,127.7627,336.2,1.3,1.1,2014-06-10,0135,Terra,MODIS,88,6.2,302.4,45.3,D,0
-15.2753,127.7753,323.1,1.3,1.1,2014-06-10,0135,Terra,MODIS,67,6.2,301.2,20,D,0
-15.2551,126.0881,314.4,1.7,1.3,2014-06-10,0135,Terra,MODIS,28,6.2,300.1,16.5,D,0
-14.7049,127.0539,313.4,1.5,1.2,2014-06-10,0135,Terra,MODIS,47,6.2,300.7,11.1,D,0
-15.2579,126.1039,320.1,1.7,1.3,2014-06-10,0135,Terra,MODIS,74,6.2,300.9,27.4,D,0
-13.9811,131.1517,323.9,1,1,2014-06-10,0135,Terra,MODIS,70,6.2,304.5,13.6,D,0
-15.2587,127.7392,317.3,1.3,1.1,2014-06-10,0135,Terra,MODIS,67,6.2,303.3,12.2,D,0
-15.0727,126.431,324.2,1.7,1.3,2014-06-10,0135,Terra,MODIS,78,6.2,300.4,32.4,D,0
-14.9273,126.1878,312.3,1.7,1.3,2014-06-10,0135,Terra,MODIS,58,6.2,299.7,14.1,D,0
-13.9159,130.2391,321.7,1.1,1,2014-06-10,0135,Terra,MODIS,65,6.2,302.9,13.4,D,0
-13.9144,130.2294,317.6,1.1,1,2014-06-10,0135,Terra,MODIS,54,6.2,302.5,9.8,D,0
-15.2081,127.4354,314.7,1.4,1.2,2014-06-10,0135,Terra,MODIS,62,6.2,302,10.7,D,0
-14.9333,127.6793,313.1,1.4,1.2,2014-06-10,0135,Terra,MODIS,51,6.2,301.5,6.4,D,0
-15.2812,126.3656,314.4,1.7,1.3,2014-06-10,0135,Terra,MODIS,64,6.2,299.8,15.8,D,0
-13.9238,129.8798,322.8,1.1,1,2014-06-10,0135,Terra,MODIS,61,6.2,303.4,15.4,D,0
-13.9046,129.8582,323.6,1.1,1,2014-06-10,0135,Terra,MODIS,72,6.2,304.8,15.8,D,0
-15.9449,130.4884,314.8,1,1,2014-06-10,0135,Terra,MODIS,59,6.2,301.2,7.3,D,0
-15.9435,130.479,319.2,1,1,2014-06-10,0135,Terra,MODIS,71,6.2,300.8,11.7,D,0
-15.1454,126.3157,315.1,1.7,1.3,2014-06-10,0135,Terra,MODIS,58,6.2,301.3,16.7,D,0
-15.1339,126.3177,314.5,1.7,1.3,2014-06-10,0135,Terra,MODIS,59,6.2,299.8,16.6,D,0
-13.8864,130.7087,317.1,1,1,2014-06-10,0135,Terra,MODIS,51,6.2,303,7.7,D,0
-15.0701,126.4156,319.3,1.7,1.3,2014-06-10,0135,Terra,MODIS,71,6.2,299.5,23.3,D,0
-14.7463,125.9956,321.1,1.8,1.3,2014-06-10,0135,Terra,MODIS,74,6.2,299.9,32.4,D,0
-14.9835,126.6531,319.9,1.6,1.2,2014-06-10,0135,Terra,MODIS,73,6.2,301,22.9,D,0
-13.9906,127.3273,326.3,1.5,1.2,2014-06-10,0135,Terra,MODIS,79,6.2,301.9,34.8,D,0
-13.9991,127.3118,397.7,1.5,1.2,2014-06-10,0135,Terra,MODIS,100,6.2,310.8,426.2,D,0
-12.7751,130.7341,332.9,1,1,2014-06-10,0135,Terra,MODIS,84,6.2,302.9,26.4,D,0
-12.8068,130.7583,320,1,1,2014-06-10,0135,Terra,MODIS,24,6.2,302.2,9,D,0
-12.8476,130.7811,316.3,1,1,2014-06-10,0135,Terra,MODIS,51,6.2,300.7,7.5,D,0
-13.2592,133.6527,315.5,1.1,1,2014-06-10,0135,Terra,MODIS,25,6.2,303.4,7.2,D,0
-12.7765,130.7436,336.9,1,1,2014-06-10,0135,Terra,MODIS,87,6.2,303.1,31.8,D,0
-12.9665,131.0823,322.8,1,1,2014-06-10,0135,Terra,MODIS,74,6.2,302.7,12.7,D,0
-12.6757,131.5388,364.8,1,1,2014-06-10,0135,Terra,MODIS,100,6.2,304.5,92.9,D,0
-12.7395,131.9687,319.3,1,1,2014-06-10,0135,Terra,MODIS,52,6.2,304.4,8,D,0
-12.6743,131.5296,365,1,1,2014-06-10,0135,Terra,MODIS,100,6.2,304,93.5,D,0
-12.7189,131.9531,318.9,1,1,2014-06-10,0135,Terra,MODIS,44,6.2,304.6,6.5,D,0
-13.2527,133.674,327.9,1.1,1,2014-06-10,0135,Terra,MODIS,81,6.2,304.5,20.5,D,0
-12.9741,133.7219,315,1.1,1,2014-06-10,0135,Terra,MODIS,64,6.2,299.8,8.6,D,0
-13.0443,130.8635,315.4,1,1,2014-06-10,0135,Terra,MODIS,58,6.2,302.4,7.9,D,0
-14.4263,134.0453,319.6,1.2,1.1,2014-06-10,0135,Terra,MODIS,44,6.2,303.7,9.3,D,0
-14.4678,134.1099,314.7,1.2,1.1,2014-06-10,0135,Terra,MODIS,60,6.2,302.4,7.4,D,0
-13.0457,130.8729,321.6,1,1,2014-06-10,0135,Terra,MODIS,72,6.2,303.7,13.5,D,0
-12.7678,130.6867,327.9,1,1,2014-06-10,0135,Terra,MODIS,79,6.2,302.6,19.4,D,0
-12.6923,131.5269,318.2,1,1,2014-06-10,0135,Terra,MODIS,70,6.2,301.6,10,D,0
-12.7663,130.6772,324.9,1,1,2014-06-10,0135,Terra,MODIS,75,6.2,304.4,15.6,D,0
-15.9146,135.2819,321.3,1.4,1.2,2014-06-10,0135,Terra,MODIS,48,6.2,304.4,18.8,D,0
-12.9935,133.9977,319.9,1.1,1.1,2014-06-10,0135,Terra,MODIS,73,6.2,302.7,12.6,D,0
-12.8838,130.7205,317.4,1,1,2014-06-10,0135,Terra,MODIS,64,6.2,302.9,9.3,D,0
-12.9651,131.073,325.7,1,1,2014-06-10,0135,Terra,MODIS,77,6.2,305,15.8,D,0
-12.7034,131.5379,313.4,1,1,2014-06-10,0135,Terra,MODIS,58,6.2,301.5,6.7,D,0
-12.7857,130.7422,326,1,1,2014-06-10,0135,Terra,MODIS,67,6.2,303.5,16.5,D,0
-12.458,131.0105,314.7,1,1,2014-06-10,0135,Terra,MODIS,64,6.2,303.1,6.5,D,0
-14.3444,133.9481,312.1,1.1,1.1,2014-06-10,0135,Terra,MODIS,31,6.2,300.6,5.5,D,0
-12.997,130.7357,321.9,1,1,2014-06-10,0135,Terra,MODIS,72,6.2,303.1,12.2,D,0
-14.4663,134.0991,320.6,1.2,1.1,2014-06-10,0135,Terra,MODIS,72,6.2,304.6,13.7,D,0
-12.8823,130.711,313.1,1,1,2014-06-10,0135,Terra,MODIS,23,6.2,302,4.8,D,0
-12.8118,132.0826,317.7,1,1,2014-06-10,0135,Terra,MODIS,68,6.2,302.9,8.2,D,0
-12.9008,133.7185,318.2,1.1,1,2014-06-10,0135,Terra,MODIS,70,6.2,301.7,11.1,D,0
-15.6354,135.9697,314.8,1.6,1.2,2014-06-10,0135,Terra,MODIS,64,6.2,299.8,15.8,D,0
-12.6667,131.5401,328.1,1,1,2014-06-10,0135,Terra,MODIS,81,6.2,301.1,20.8,D,0
-14.4369,134.0265,318.5,1.2,1.1,2014-06-10,0135,Terra,MODIS,53,6.2,304.2,8.7,D,0
-14.448,134.0359,321.8,1.2,1.1,2014-06-10,0135,Terra,MODIS,74,6.2,304.4,13,D,0
-12.9453,132.1779,316.9,1,1,2014-06-10,0135,Terra,MODIS,65,6.2,303.5,7.5,D,0
-12.8461,130.7716,318.9,1,1,2014-06-10,0135,Terra,MODIS,67,6.2,302.5,9.3,D,0
-12.8852,130.73,313.7,1,1,2014-06-10,0135,Terra,MODIS,42,6.2,301.7,5.9,D,0
-12.663,131.9493,317.1,1,1,2014-06-10,0135,Terra,MODIS,68,6.2,303.1,7.5,D,0
-16.1717,135.9682,314.9,1.6,1.2,2014-06-10,0135,Terra,MODIS,66,6.2,301.5,14.9,D,0
-15.9022,135.2701,327.4,1.4,1.2,2014-06-10,0135,Terra,MODIS,68,6.2,303.5,27.7,D,0
-12.837,130.773,318.2,1,1,2014-06-10,0135,Terra,MODIS,33,6.2,304,8.3,D,0
-12.6847,131.5374,343.9,1,1,2014-06-10,0135,Terra,MODIS,92,6.2,302.3,42.2,D,0
-15.8882,135.2449,321.9,1.4,1.2,2014-06-10,0135,Terra,MODIS,76,6.2,303.4,21.5,D,0
-13.1926,133.8323,311.6,1.1,1,2014-06-10,0135,Terra,MODIS,52,6.2,299.9,5.9,D,0
-15.9005,135.2568,332.4,1.4,1.2,2014-06-10,0135,Terra,MODIS,85,6.2,302.4,40,D,0
-12.6833,131.5282,353.7,1,1,2014-06-10,0135,Terra,MODIS,97,6.2,303.4,62.8,D,0
-12.6937,131.536,323.5,1,1,2014-06-10,0135,Terra,MODIS,77,6.2,301.9,15,D,0
-16.0597,137.2154,319,2,1.4,2014-06-10,0135,Terra,MODIS,72,6.2,299.2,32.1,D,0
-16.0474,137.217,321,2,1.4,2014-06-10,0135,Terra,MODIS,75,6.2,298.9,37,D,0
-15.7109,135.4928,319.3,1.5,1.2,2014-06-10,0135,Terra,MODIS,72,6.2,301.1,20,D,0
-12.7871,130.7517,324.8,1,1,2014-06-10,0135,Terra,MODIS,58,6.2,302.8,15.1,D,0
-13.9081,129.7799,329.9,1.1,1,2014-06-10,0135,Terra,MODIS,82,6.2,303.7,28.2,D,0
-13.6936,130.177,312.1,1.1,1,2014-06-10,0135,Terra,MODIS,44,6.2,301.2,6.3,D,0
-13.5582,130.3103,316.5,1.1,1,2014-06-10,0135,Terra,MODIS,51,6.2,303.6,9.6,D,0
-12.8154,130.6305,318.8,1,1,2014-06-10,0135,Terra,MODIS,40,6.2,302.7,9.4,D,0
-12.8169,130.6401,320.2,1,1,2014-06-10,0135,Terra,MODIS,48,6.2,302.6,10.7,D,0
-13.4954,130.5622,317.8,1,1,2014-06-10,0135,Terra,MODIS,31,6.2,306,7.4,D,0
-13.859,130.529,319.5,1,1,2014-06-10,0135,Terra,MODIS,37,6.2,303.3,9.6,D,0
-13.8627,129.7726,311.6,1.1,1,2014-06-10,0135,Terra,MODIS,35,6.2,300.3,6,D,0
-13.494,130.5527,323.9,1,1,2014-06-10,0135,Terra,MODIS,76,6.2,304.5,15.1,D,0
-14.1645,130.2403,320.2,1,1,2014-06-10,0135,Terra,MODIS,38,6.2,306,8.9,D,0
-14.3367,130.1014,316.1,1.1,1,2014-06-10,0135,Terra,MODIS,67,6.2,303.6,6.9,D,0
-13.6528,130.0797,323.4,1.1,1,2014-06-10,0135,Terra,MODIS,56,6.2,301.7,15.4,D,0
-13.6605,130.0684,321.5,1.1,1,2014-06-10,0135,Terra,MODIS,35,6.2,302.3,12.2,D,0
-14.3238,126.774,314.1,1.6,1.3,2014-06-10,0135,Terra,MODIS,13,6.2,301.7,11.3,D,0
-14.0946,130.3851,321.6,1,1,2014-06-10,0135,Terra,MODIS,69,6.2,304.5,11,D,0
-14.3385,129.9909,331.1,1.1,1,2014-06-10,0135,Terra,MODIS,84,6.2,302.8,22.5,D,0
-14.3935,129.9352,321.1,1.1,1,2014-06-10,0135,Terra,MODIS,75,6.2,303.3,14.1,D,0
-14.395,129.9451,332.6,1.1,1,2014-06-10,0135,Terra,MODIS,85,6.2,305.1,28.4,D,0
-14.3966,129.955,326.3,1.1,1,2014-06-10,0135,Terra,MODIS,80,6.2,304.2,19.4,D,0
-13.8533,129.7741,314.1,1.1,1,2014-06-10,0135,Terra,MODIS,57,6.2,300.6,8.5,D,0
-14.3545,130.2769,317.6,1,1,2014-06-10,0135,Terra,MODIS,62,6.2,301.3,8.6,D,0
-14.3696,130.3139,313.3,1,1,2014-06-10,0135,Terra,MODIS,42,6.2,301.5,6.3,D,0
-14.4109,130.2779,313.9,1,1,2014-06-10,0135,Terra,MODIS,48,6.2,302.5,6.2,D,0
-14.0759,130.375,331.1,1,1,2014-06-10,0135,Terra,MODIS,83,6.2,307.6,19.5,D,0
-13.5565,130.5332,323.7,1,1,2014-06-10,0135,Terra,MODIS,65,6.2,303.9,16.3,D,0
-14.0768,130.27,315.3,1,1,2014-06-10,0135,Terra,MODIS,61,6.2,304,4.6,D,0
-13.4925,130.5432,317.1,1,1,2014-06-10,0135,Terra,MODIS,42,6.2,301.6,7.8,D,0
-13.555,130.5237,318.4,1,1,2014-06-10,0135,Terra,MODIS,56,6.2,301.3,11.3,D,0
-13.0705,130.5522,319.8,1,1,2014-06-10,0135,Terra,MODIS,67,6.2,308.2,6.8,D,0
-14.32,130.3473,330.4,1,1,2014-06-10,0135,Terra,MODIS,83,6.2,302.2,24.6,D,0
-14.2755,126.4841,313.5,1.7,1.3,2014-06-10,0135,Terra,MODIS,56,6.2,299.4,14.6,D,0
-14.1422,129.7298,319.7,1.1,1,2014-06-10,0135,Terra,MODIS,72,6.2,302.1,14.6,D,0
-15.0908,125.9958,311.4,1.8,1.3,2014-06-10,0135,Terra,MODIS,48,6.2,300,12.9,D,0
-14.4624,129.7251,315,1.1,1,2014-06-10,0135,Terra,MODIS,61,6.2,302.6,8.8,D,0
-14.3531,130.2673,314.9,1,1,2014-06-10,0135,Terra,MODIS,43,6.2,304,5.7,D,0
-13.9065,129.7698,328.3,1.1,1,2014-06-10,0135,Terra,MODIS,81,6.2,301,25.8,D,0
-14.392,129.9254,315.1,1.1,1,2014-06-10,0135,Terra,MODIS,65,6.2,303.8,8.4,D,0
-14.3622,130.2659,325.2,1,1,2014-06-10,0135,Terra,MODIS,79,6.2,301.5,15.6,D,0
-14.1162,130.3425,323.6,1,1,2014-06-10,0135,Terra,MODIS,76,6.2,306.5,12.8,D,0
-14.0687,129.7269,341.1,1.1,1,2014-06-10,0135,Terra,MODIS,90,6.2,303.8,46.5,D,0
-14.0667,130.3764,319.8,1,1,2014-06-10,0135,Terra,MODIS,34,6.2,306.4,6,D,0
-14.4226,130.0613,329.7,1.1,1,2014-06-10,0135,Terra,MODIS,83,6.2,302.6,24.1,D,0
-14.111,129.7142,342.9,1.1,1,2014-06-10,0135,Terra,MODIS,92,6.2,302.4,50.2,D,0
-14.1126,129.7242,316.5,1.1,1,2014-06-10,0135,Terra,MODIS,67,6.2,302.7,11.3,D,0
-13.4859,130.6221,317.4,1,1,2014-06-10,0135,Terra,MODIS,34,6.2,304.6,7.1,D,0
-14.0703,129.7369,345,1.1,1,2014-06-10,0135,Terra,MODIS,93,6.2,301.8,54.8,D,0
-13.4774,130.6198,347.2,1,1,2014-06-10,0135,Terra,MODIS,94,6.2,305.1,51.2,D,0
-13.9236,130.2279,328.7,1.1,1,2014-06-10,0135,Terra,MODIS,81,6.2,301.5,21.7,D,0
-13.9251,130.2376,321.1,1.1,1,2014-06-10,0135,Terra,MODIS,59,6.2,301.6,12.2,D,0
-14.4241,130.0711,326.9,1.1,1,2014-06-10,0135,Terra,MODIS,81,6.2,302.3,20.2,D,0
-13.461,130.5737,315.8,1,1,2014-06-10,0135,Terra,MODIS,56,6.2,301.2,6.8,D,0
-13.4596,130.5642,338,1,1,2014-06-10,0135,Terra,MODIS,88,6.2,304.9,34.7,D,0
-13.902,130.2709,317.2,1.1,1,2014-06-10,0135,Terra,MODIS,51,6.2,303,7.9,D,0
-14.4409,130.1183,335.7,1.1,1,2014-06-10,0135,Terra,MODIS,87,6.2,300.6,32.2,D,0
-14.4394,130.1086,320.2,1.1,1,2014-06-10,0135,Terra,MODIS,73,6.2,299.3,13.1,D,0
-14.4379,130.0989,317.8,1.1,1,2014-06-10,0135,Terra,MODIS,70,6.2,298.4,10.5,D,0
-13.7784,129.8849,313.7,1.1,1,2014-06-10,0135,Terra,MODIS,51,6.2,301.2,8.8,D,0
-14.4347,130.1391,315.7,1.1,1,2014-06-10,0135,Terra,MODIS,40,6.2,300.9,7.7,D,0
-14.1126,129.7858,316.2,1.1,1,2014-06-10,0135,Terra,MODIS,47,6.2,305.5,11.7,D,0
-14.4649,129.4337,325.1,1.1,1.1,2014-06-10,0135,Terra,MODIS,0,6.2,302.8,18.6,D,0
-14.4332,130.1295,330.9,1.1,1,2014-06-10,0135,Terra,MODIS,84,6.2,303.4,24.2,D,0
-14.4317,130.1198,380,1.1,1,2014-06-10,0135,Terra,MODIS,100,6.2,310.7,156.3,D,0
-14.4302,130.1101,410.4,1.1,1,2014-06-10,0135,Terra,MODIS,100,6.2,316.3,338.3,D,0
-14.4287,130.1003,351.9,1.1,1,2014-06-10,0135,Terra,MODIS,96,6.2,306,63.3,D,0
-14.4272,130.0906,326.4,1.1,1,2014-06-10,0135,Terra,MODIS,78,6.2,302.6,18.2,D,0
-14.446,129.4367,313.3,1.1,1.1,2014-06-10,0135,Terra,MODIS,17,6.2,302.5,7,D,0
-14.4678,129.8627,325,1.1,1,2014-06-10,0135,Terra,MODIS,79,6.2,306.1,14.2,D,0
-14.2255,130.2705,319.8,1,1,2014-06-10,0135,Terra,MODIS,60,6.2,303.6,11,D,0
-14.2269,130.2801,323.2,1,1,2014-06-10,0135,Terra,MODIS,76,6.2,301.5,14.8,D,0
-14.1328,129.7928,313.6,1.1,1,2014-06-10,0135,Terra,MODIS,42,6.2,299,8.6,D,0
-14.2948,126.6697,314.9,1.6,1.3,2014-06-10,0135,Terra,MODIS,64,6.2,301.7,15.2,D,0
-14.4257,130.0809,328.2,1.1,1,2014-06-10,0135,Terra,MODIS,82,6.2,302.4,21.2,D,0
-14.4345,130.1986,318.1,1,1,2014-06-10,0135,Terra,MODIS,70,6.2,302.1,11.3,D,0
-14.4281,130.2062,318.4,1,1,2014-06-10,0135,Terra,MODIS,41,6.2,302.7,9.6,D,0
-14.1063,133.0777,318.5,1.1,1,2014-06-10,0135,Terra,MODIS,66,6.2,303.7,9.9,D,0
-13.3928,131.8393,323.5,1,1,2014-06-10,0135,Terra,MODIS,64,6.2,301.8,12.4,D,0
-13.3355,131.8263,326.3,1,1,2014-06-10,0135,Terra,MODIS,78,6.2,304.2,16.9,D,0
-15.4614,131.8238,314.2,1,1,2014-06-10,0135,Terra,MODIS,48,6.2,303.2,5.7,D,0
-13.3887,131.8118,346.5,1,1,2014-06-10,0135,Terra,MODIS,93,6.2,305.5,45.6,D,0
-13.3285,132.6622,322.8,1,1,2014-06-10,0135,Terra,MODIS,66,6.2,300.4,15.1,D,0
-14.119,132.7853,317.2,1,1,2014-06-10,0135,Terra,MODIS,28,6.2,305.6,6.4,D,0
-14.1176,132.7757,318.2,1,1,2014-06-10,0135,Terra,MODIS,29,6.2,306.9,7.2,D,0
-14.1085,132.7771,318.6,1,1,2014-06-10,0135,Terra,MODIS,43,6.2,304.8,6.8,D,0
-13.7766,130.6545,321.1,1,1,2014-06-10,0135,Terra,MODIS,67,6.2,304,12.3,D,0
-13.7848,133.674,323.1,1.1,1,2014-06-10,0135,Terra,MODIS,68,6.2,302.9,14.8,D,0
-13.7752,130.6451,327.6,1,1,2014-06-10,0135,Terra,MODIS,80,6.2,304.5,19.9,D,0
-15.7091,135.4792,318.3,1.5,1.2,2014-06-10,0135,Terra,MODIS,70,6.2,301.1,18,D,0
-13.597,132.7348,317.5,1,1,2014-06-10,0135,Terra,MODIS,62,6.2,304.1,8.5,D,0
-13.5321,132.7346,320.4,1,1,2014-06-10,0135,Terra,MODIS,72,6.2,302.2,11,D,0
-13.523,132.7359,325.5,1,1,2014-06-10,0135,Terra,MODIS,78,6.2,303.4,15.6,D,0
-14.0683,131.8631,327.2,1,1,2014-06-10,0135,Terra,MODIS,61,6.2,304.2,16.6,D,0
-15.4159,131.7641,326.3,1,1,2014-06-10,0135,Terra,MODIS,79,6.2,304.4,17.2,D,0
-15.4146,131.7548,343.6,1,1,2014-06-10,0135,Terra,MODIS,92,6.2,304.5,43,D,0
-13.9231,133.7309,312.9,1.1,1.1,2014-06-10,0135,Terra,MODIS,22,6.2,301.8,4.8,D,0
-13.0507,132.0812,325.1,1,1,2014-06-10,0135,Terra,MODIS,77,6.2,306.8,13.8,D,0
-13.059,132.0735,344,1,1,2014-06-10,0135,Terra,MODIS,92,6.2,304.3,41.5,D,0
-13.0604,132.0827,361.2,1,1,2014-06-10,0135,Terra,MODIS,100,6.2,306.9,80.5,D,0
-13.0617,132.0918,329.4,1,1,2014-06-10,0135,Terra,MODIS,81,6.2,306.6,19.8,D,0
-13.9754,130.8673,326.6,1,1,2014-06-10,0135,Terra,MODIS,76,6.2,304.3,17.6,D,0
-13.5377,130.7782,323.9,1,1,2014-06-10,0135,Terra,MODIS,69,6.2,305.3,13,D,0
-14.127,130.774,314.9,1,1,2014-06-10,0135,Terra,MODIS,49,6.2,303.1,5.5,D,0
-13.0781,132.3304,316.6,1,1,2014-06-10,0135,Terra,MODIS,63,6.2,304.4,7.8,D,0
-13.4241,131.3688,320.2,1,1,2014-06-10,0135,Terra,MODIS,52,6.2,304.6,8.6,D,0
-13.4376,132.2708,362.4,1,1,2014-06-10,0135,Terra,MODIS,100,6.2,306.2,86.6,D,0
-13.4362,132.2616,377.1,1,1,2014-06-10,0135,Terra,MODIS,100,6.2,306.6,135.7,D,0
-13.9365,134.3992,317.6,1.2,1.1,2014-06-10,0135,Terra,MODIS,69,6.2,304.2,11.3,D,0
-13.935,134.3882,319.6,1.2,1.1,2014-06-10,0135,Terra,MODIS,72,6.2,302.2,14.1,D,0
-13.9693,131.1346,318.1,1,1,2014-06-10,0135,Terra,MODIS,30,6.2,303.7,7.2,D,0
-13.9339,134.3948,323.7,1.2,1.1,2014-06-10,0135,Terra,MODIS,73,6.2,303.7,17.1,D,0
-13.7199,131.3142,318.4,1,1,2014-06-10,0135,Terra,MODIS,51,6.2,304.3,7,D,0
-13.6949,130.722,327.4,1,1,2014-06-10,0135,Terra,MODIS,80,6.2,305.1,18.9,D,0
-13.5099,130.6571,312.3,1,1,2014-06-10,0135,Terra,MODIS,40,6.2,302.3,4.6,D,0
-13.5482,130.7862,320.6,1,1,2014-06-10,0135,Terra,MODIS,25,6.2,302.9,10.1,D,0
-13.6229,130.6717,336,1,1,2014-06-10,0135,Terra,MODIS,87,6.2,302.4,30.6,D,0
-14.0089,132.7884,317.2,1,1,2014-06-10,0135,Terra,MODIS,53,6.2,305.4,6.1,D,0
-14.1369,130.8393,315.6,1,1,2014-06-10,0135,Terra,MODIS,53,6.2,303.5,5,D,0
-13.6243,130.6811,347.4,1,1,2014-06-10,0135,Terra,MODIS,94,6.2,304.5,51.2,D,0
-14.1355,130.83,318.3,1,1,2014-06-10,0135,Terra,MODIS,68,6.2,305.5,7.5,D,0
-12.6654,131.531,319.1,1,1,2014-06-10,0135,Terra,MODIS,71,6.2,300.7,11.1,D,0
-13.5363,130.7688,330.9,1,1,2014-06-10,0135,Terra,MODIS,83,6.2,305.3,22,D,0
-13.4588,131.1085,326.9,1,1,2014-06-10,0135,Terra,MODIS,74,6.2,304.4,17.7,D,0
-13.4667,131.101,318.7,1,1,2014-06-10,0135,Terra,MODIS,67,6.2,303.3,10.3,D,0
-13.4681,131.1102,313.3,1,1,2014-06-10,0135,Terra,MODIS,48,6.2,302.1,5.7,D,0
-13.4757,131.0995,314.1,1,1,2014-06-10,0135,Terra,MODIS,20,6.2,301.1,6,D,0
-13.4743,131.0903,334.9,1,1,2014-06-10,0135,Terra,MODIS,86,6.2,302.2,29.4,D,0
-13.7116,130.7098,315.9,1,1,2014-06-10,0135,Terra,MODIS,53,6.2,304.3,6.4,D,0
-13.417,131.8169,319.2,1,1,2014-06-10,0135,Terra,MODIS,53,6.2,302.9,8.2,D,0
-13.3547,132.7156,313.9,1,1,2014-06-10,0135,Terra,MODIS,36,6.2,300.2,6.3,D,0
-13.4172,131.0769,315.7,1,1,2014-06-10,0135,Terra,MODIS,62,6.2,301.7,8.3,D,0
-13.4653,131.0917,345.5,1,1,2014-06-10,0135,Terra,MODIS,93,6.2,306.8,47.3,D,0
-13.6907,133.3877,322,1.1,1,2014-06-10,0135,Terra,MODIS,75,6.2,302.5,15.2,D,0
-13.6174,131.8024,317.7,1,1,2014-06-10,0135,Terra,MODIS,64,6.2,305.6,7.2,D,0
-15.5286,131.7791,336.9,1,1,2014-06-10,0135,Terra,MODIS,88,6.2,302.8,31.5,D,0
-15.5299,131.7884,323.3,1,1,2014-06-10,0135,Terra,MODIS,70,6.2,301.5,13.9,D,0
-13.0631,132.101,316.8,1,1,2014-06-10,0135,Terra,MODIS,52,6.2,305.9,7,D,0
-13.4639,131.0824,355.1,1,1,2014-06-10,0135,Terra,MODIS,97,6.2,304.4,67.5,D,0
-13.4574,131.0992,341.1,1,1,2014-06-10,0135,Terra,MODIS,90,6.2,304.8,38.7,D,0
-15.8823,135.2388,319.4,1.4,1.2,2014-06-10,0135,Terra,MODIS,65,6.2,303.2,17.3,D,0
-13.7604,133.6361,313.5,1.1,1,2014-06-10,0135,Terra,MODIS,51,6.2,303,5.7,D,0
-14.0234,130.8821,314,1,1,2014-06-10,0135,Terra,MODIS,39,6.2,303.6,5.3,D,0
-13.542,130.8064,317.2,1,1,2014-06-10,0135,Terra,MODIS,32,6.2,304.7,7,D,0
-13.3091,132.6524,319.7,1,1,2014-06-10,0135,Terra,MODIS,57,6.2,299.9,10.4,D,0
-14.0434,132.0706,319.6,1,1,2014-06-10,0135,Terra,MODIS,69,6.2,305.7,9,D,0
-13.4156,131.8077,321.9,1,1,2014-06-10,0135,Terra,MODIS,70,6.2,304,10.7,D,0
-14.1228,126.7435,312,1.6,1.3,2014-06-10,0135,Terra,MODIS,31,6.2,300.8,8.9,D,0
-14.586,126.4194,312.1,1.7,1.3,2014-06-10,0135,Terra,MODIS,52,6.2,302,11.8,D,0
-14.2125,126.1801,314.2,1.8,1.3,2014-06-10,0135,Terra,MODIS,60,6.2,301.2,14.2,D,0
-14.1965,126.7713,320.4,1.6,1.3,2014-06-10,0135,Terra,MODIS,71,6.2,300.2,23.9,D,0
-14.1991,126.7864,329.8,1.6,1.3,2014-06-10,0135,Terra,MODIS,83,6.2,302.2,44.5,D,0
-14.6662,126.1371,322.5,1.8,1.3,2014-06-10,0135,Terra,MODIS,76,6.2,302.1,32.7,D,0
-14.6689,126.1533,317.6,1.8,1.3,2014-06-10,0135,Terra,MODIS,54,6.2,300.5,21.1,D,0
-15.165,125.8902,312.3,1.8,1.3,2014-06-10,0135,Terra,MODIS,52,6.2,299,14,D,0
-14.7434,125.9784,311.4,1.8,1.3,2014-06-10,0135,Terra,MODIS,53,6.2,299.7,12.2,D,0
-14.7522,125.9883,318.5,1.8,1.3,2014-06-10,0135,Terra,MODIS,71,6.2,299.3,25.3,D,0
-14.596,132.0734,340.7,1,1,2014-06-10,0135,Terra,MODIS,90,6.2,306.8,36.6,D,0
-14.5973,132.0827,338.8,1,1,2014-06-10,0135,Terra,MODIS,89,6.2,305.5,33.6,D,0
-14.5987,132.092,316.5,1,1,2014-06-10,0135,Terra,MODIS,40,6.2,304.6,6.5,D,0
-14.6,132.1013,316.1,1,1,2014-06-10,0135,Terra,MODIS,35,6.2,304.9,6.2,D,0
-13.4578,133.622,315.1,1.1,1,2014-06-10,0135,Terra,MODIS,54,6.2,300.5,8.2,D,0
-13.4442,133.5934,317.4,1.1,1,2014-06-10,0135,Terra,MODIS,68,6.2,300.5,9.5,D,0
-13.4592,133.632,309.7,1.1,1,2014-06-10,0135,Terra,MODIS,16,6.2,299.2,4.1,D,0
-13.0769,130.8999,323.3,1,1,2014-06-10,0135,Terra,MODIS,75,6.2,303.7,14.4,D,0
-15.4416,125.711,313.3,1.8,1.3,2014-06-10,0136,Terra,MODIS,56,6.2,300.2,17.1,D,0
-15.4482,125.7161,308.7,1.8,1.3,2014-06-10,0136,Terra,MODIS,33,6.2,298.1,9.7,D,0
-16.3839,125.544,315.1,1.8,1.3,2014-06-10,0136,Terra,MODIS,64,6.2,302.3,15.5,D,0
-16.3868,125.5606,315.9,1.8,1.3,2014-06-10,0136,Terra,MODIS,66,6.2,301.6,17.6,D,0
-16.375,125.5629,313.9,1.8,1.3,2014-06-10,0136,Terra,MODIS,44,6.2,300.6,12.9,D,0
-15.954,125.7246,314.3,1.8,1.3,2014-06-10,0136,Terra,MODIS,65,6.2,299,18.1,D,0
-15.7243,125.6753,311,1.8,1.3,2014-06-10,0136,Terra,MODIS,56,6.2,299.2,12.5,D,0
-15.6064,125.8472,333.3,1.8,1.3,2014-06-10,0136,Terra,MODIS,86,6.2,299.9,64.7,D,0
-15.6093,125.864,351.2,1.8,1.3,2014-06-10,0136,Terra,MODIS,96,6.2,302.1,138.1,D,0
-15.7191,125.683,311.6,1.8,1.3,2014-06-10,0136,Terra,MODIS,58,6.2,298.8,13.2,D,0
-16.7928,125.5216,312.9,1.8,1.3,2014-06-10,0136,Terra,MODIS,62,6.2,300.3,13.8,D,0
-17.3992,130.7911,309.7,1,1,2014-06-10,0136,Terra,MODIS,54,6.2,299.2,4.4,D,0
-18.6628,127.2354,320.7,1.3,1.1,2014-06-10,0136,Terra,MODIS,74,6.2,298.2,17.7,D,0
-18.6647,127.2475,315.1,1.3,1.1,2014-06-10,0136,Terra,MODIS,41,6.2,296.4,10.7,D,0
-18.6728,127.2399,322.8,1.3,1.1,2014-06-10,0136,Terra,MODIS,71,6.2,296.9,21,D,0
-15.977,125.0374,314.6,2,1.4,2014-06-10,0136,Terra,MODIS,63,6.2,299.6,21.7,D,0
-15.9997,125.0069,321.7,2,1.4,2014-06-10,0136,Terra,MODIS,60,6.2,299.1,38.9,D,0
-16.003,125.0257,312,2,1.4,2014-06-10,0136,Terra,MODIS,13,6.2,298.8,16.1,D,0
-16.0178,124.9645,321.5,2,1.4,2014-06-10,0136,Terra,MODIS,74,6.2,299.2,39.5,D,0
-16.1715,124.8642,311.1,2.1,1.4,2014-06-10,0136,Terra,MODIS,58,6.2,300,16.6,D,0
-16.0145,124.9455,317,2.1,1.4,2014-06-10,0136,Terra,MODIS,70,6.2,299.3,30.1,D,0
-16.1681,124.8449,312.4,2.1,1.4,2014-06-10,0136,Terra,MODIS,62,6.2,300.2,20.3,D,0
-15.754,127.4932,312.6,1.4,1.2,2014-06-10,0136,Terra,MODIS,52,6.2,301.4,8.2,D,0
-16.8024,128.2085,321.5,1.2,1.1,2014-06-10,0136,Terra,MODIS,76,6.2,301.2,16.7,D,0
-18.8277,128.631,329.2,1.1,1,2014-06-10,0136,Terra,MODIS,84,6.2,299.9,26.7,D,0
-16.4711,124.4772,308.7,2.2,1.4,2014-06-10,0136,Terra,MODIS,38,6.2,297.9,13.3,D,0
-16.096,124.8848,321.4,2.1,1.4,2014-06-10,0136,Terra,MODIS,76,6.2,299,43.1,D,0
-16.0197,125.1192,324.7,2,1.4,2014-06-10,0136,Terra,MODIS,79,6.2,303.5,48.2,D,0
-16.5478,128.2837,312.6,1.2,1.1,2014-06-10,0136,Terra,MODIS,58,6.2,297.8,10.2,D,0
-16.8006,128.1973,337.5,1.2,1.1,2014-06-10,0136,Terra,MODIS,89,6.2,301.4,43.3,D,0
-15.9568,125.7409,313.4,1.8,1.3,2014-06-10,0136,Terra,MODIS,62,6.2,299.9,16.3,D,0
-16.5497,128.2948,311.3,1.2,1.1,2014-06-10,0136,Terra,MODIS,53,6.2,298.1,8.2,D,0
-17.5157,123.7068,322.8,2.4,1.5,2014-06-10,0136,Terra,MODIS,76,6.2,292.3,62.8,D,0
-17.5116,123.6846,320.3,2.4,1.5,2014-06-10,0136,Terra,MODIS,63,6.2,291.3,53.2,D,0
-15.9626,126.24,310.9,1.7,1.3,2014-06-10,0136,Terra,MODIS,48,6.2,298.9,11.2,D,0
-15.9512,126.2421,312.5,1.7,1.3,2014-06-10,0136,Terra,MODIS,54,6.2,300.5,13.3,D,0
-16.8281,128.1811,318.5,1.2,1.1,2014-06-10,0136,Terra,MODIS,70,6.2,301.2,13.2,D,0
-16.8183,128.1828,326.5,1.2,1.1,2014-06-10,0136,Terra,MODIS,69,6.2,301.6,22.8,D,0
-16.6577,126.7285,319.5,1.5,1.2,2014-06-10,0136,Terra,MODIS,74,6.2,300.9,21.2,D,0
-16.5293,127.2896,312.1,1.4,1.2,2014-06-10,0136,Terra,MODIS,55,6.2,301.6,8.9,D,0
-16.5315,127.3024,311.8,1.4,1.2,2014-06-10,0136,Terra,MODIS,58,6.2,300.1,9.2,D,0
-20.7737,127.8047,306,1.1,1.1,2014-06-10,0137,Terra,MODIS,29,6.2,291.9,3.7,D,0
-20.7703,127.7832,372.5,1.1,1.1,2014-06-10,0137,Terra,MODIS,100,6.2,296,145.7,D,0
-20.772,127.794,353.4,1.1,1.1,2014-06-10,0137,Terra,MODIS,97,6.2,293.7,79.6,D,0
-21.4448,127.9038,412.8,1.1,1,2014-06-10,0137,Terra,MODIS,100,6.2,301.8,384.3,D,0
-21.4489,127.8965,319.3,1.1,1,2014-06-10,0137,Terra,MODIS,77,6.2,293,16.1,D,0
-21.4506,127.9071,319.2,1.1,1,2014-06-10,0137,Terra,MODIS,77,6.2,292.4,15.9,D,0
-21.1698,127.7023,313.1,1.1,1.1,2014-06-10,0137,Terra,MODIS,70,6.2,289.7,11,D,0
-21.1775,127.6898,327.3,1.1,1.1,2014-06-10,0137,Terra,MODIS,84,6.2,289,26.7,D,0
-21.1793,127.7006,333,1.1,1.1,2014-06-10,0137,Terra,MODIS,87,6.2,289.8,35.5,D,0
-20.2404,119.5991,308.2,4.1,1.9,2014-06-10,0137,Terra,MODIS,63,6.2,293.9,35.6,D,0
-20.2426,119.591,311.4,4.1,1.9,2014-06-10,0137,Terra,MODIS,69,6.2,294.1,50.4,D,0
-20.8553,133.2061,322.2,1.2,1.1,2014-06-10,0137,Terra,MODIS,77,6.2,298.5,20.3,D,0
-20.8653,133.2047,314.7,1.2,1.1,2014-06-10,0137,Terra,MODIS,61,6.2,300,10.6,D,0
-37.7379,141.4356,311.1,1.4,1.2,2014-06-10,0417,Aqua,MODIS,71,6.2,286.3,18.7,D,0
-37.7363,141.4512,316,1.4,1.2,2014-06-10,0417,Aqua,MODIS,76,6.2,287,24.7,D,0
-37.758,142.8019,307.6,1.2,1.1,2014-06-10,0417,Aqua,MODIS,66,6.2,280.7,12.6,D,0
-37.7923,143.7941,314.3,1.1,1,2014-06-10,0417,Aqua,MODIS,75,6.2,279,18,D,0
-37.0859,140.2592,312.1,1.5,1.2,2014-06-10,0417,Aqua,MODIS,72,6.2,287.2,23,D,0
-37.0851,140.2717,303.2,1.5,1.2,2014-06-10,0417,Aqua,MODIS,30,6.2,287.7,11.1,D,0
-35.9985,147.0222,306.8,1,1,2014-06-10,0417,Aqua,MODIS,64,6.2,282,10,D,0
-35.612,147.1323,300.1,1.1,1,2014-06-10,0417,Aqua,MODIS,29,6.2,282.8,5.9,D,0
-31.936,145.8678,301,1,1,2014-06-10,0418,Aqua,MODIS,42,6.2,283.2,4.4,D,0
-31.8976,145.8709,316.4,1,1,2014-06-10,0418,Aqua,MODIS,77,6.2,281.9,14.8,D,0
-33.1005,143.3984,303.9,1,1,2014-06-10,0418,Aqua,MODIS,56,6.2,293.1,4.4,D,0
-31.8867,145.8799,310.5,1,1,2014-06-10,0418,Aqua,MODIS,57,6.2,280.7,9.2,D,0
-31.8959,145.8819,308.7,1,1,2014-06-10,0418,Aqua,MODIS,67,6.2,281.2,8.5,D,0
-35.3912,144.0973,307.7,1,1,2014-06-10,0418,Aqua,MODIS,66,6.2,290.1,8.6,D,0
-35.3352,144.1152,303.6,1,1,2014-06-10,0418,Aqua,MODIS,56,6.2,289.9,5.7,D,0
-35.1352,143.9584,303.9,1,1,2014-06-10,0418,Aqua,MODIS,57,6.2,290.3,5.9,D,0
-31.7985,148.488,301.3,1.3,1.1,2014-06-10,0418,Aqua,MODIS,46,6.2,288.9,6.7,D,0
-35.358,143.945,303.2,1,1,2014-06-10,0418,Aqua,MODIS,55,6.2,289.7,6,D,0
-31.3078,148.7739,302.8,1.4,1.2,2014-06-10,0418,Aqua,MODIS,54,6.2,291.7,5.4,D,0
-35.1337,143.9697,330.1,1,1,2014-06-10,0418,Aqua,MODIS,87,6.2,291,30.5,D,0
-35.3927,144.086,319.7,1,1,2014-06-10,0418,Aqua,MODIS,80,6.2,290.7,18.5,D,0
-31.215,147.0941,326,1.2,1.1,2014-06-10,0419,Aqua,MODIS,84,6.2,289.5,29.8,D,0
-31.2246,147.0963,306.3,1.2,1.1,2014-06-10,0419,Aqua,MODIS,59,6.2,288.8,7.9,D,0
-29.2061,149.5033,308.1,1.7,1.3,2014-06-10,0419,Aqua,MODIS,62,6.2,288.7,13.2,D,0
-28.8736,149.1067,309.1,1.7,1.3,2014-06-10,0419,Aqua,MODIS,64,6.2,298.2,10.7,D,0
-29.1945,149.5004,303.9,1.7,1.3,2014-06-10,0419,Aqua,MODIS,35,6.2,286.7,7.2,D,0
-28.8767,149.0898,310.1,1.7,1.3,2014-06-10,0419,Aqua,MODIS,66,6.2,297.3,11.9,D,0
-31.0956,147.4424,308.2,1.2,1.1,2014-06-10,0419,Aqua,MODIS,67,6.2,290.5,9.4,D,0
-31.2129,147.1064,310.9,1.2,1.1,2014-06-10,0419,Aqua,MODIS,71,6.2,289.7,11.9,D,0
-28.5531,149.4658,309.3,1.8,1.3,2014-06-10,0419,Aqua,MODIS,66,6.2,286.3,17.8,D,0
-28.111,150.0512,307.6,2,1.4,2014-06-10,0419,Aqua,MODIS,64,6.2,296,10.9,D,0
-27.8855,148.8164,316.6,1.7,1.3,2014-06-10,0419,Aqua,MODIS,66,6.2,284.7,28.7,D,0
-27.8968,148.8191,317.5,1.7,1.3,2014-06-10,0419,Aqua,MODIS,69,6.2,283.3,30.4,D,0
-28.6765,150.8146,307.7,2.2,1.4,2014-06-10,0419,Aqua,MODIS,64,6.2,294,19.2,D,0
-28.6736,150.8189,305.5,2.2,1.4,2014-06-10,0419,Aqua,MODIS,57,6.2,293.7,13.5,D,0
-26.69,150.5234,308.6,2.3,1.5,2014-06-10,0420,Aqua,MODIS,63,6.2,292.2,19.6,D,0
-26.682,150.5166,306.9,2.3,1.5,2014-06-10,0420,Aqua,MODIS,63,6.2,290.8,17.2,D,0
-26.7956,150.2003,312.2,2.2,1.4,2014-06-10,0420,Aqua,MODIS,71,6.2,296.6,25.5,D,0
-16.5337,141.4515,330.2,1,1,2014-06-10,0423,Aqua,MODIS,82,6.2,307.9,18.4,D,0
-16.5323,141.461,327.5,1,1,2014-06-10,0423,Aqua,MODIS,73,6.2,305.7,15.5,D,0
-13.6414,142.1422,313.3,1.1,1.1,2014-06-10,0423,Aqua,MODIS,22,6.2,299.5,6.5,D,0
-15.9438,129.5831,314.2,4.6,2,2014-06-10,0423,Aqua,MODIS,60,6.2,302.9,62.2,D,0
-15.905,135.2598,333.7,1.7,1.3,2014-06-10,0423,Aqua,MODIS,84,6.2,306.9,49.9,D,0
-15.8599,135.2631,322,1.7,1.3,2014-06-10,0423,Aqua,MODIS,69,6.2,307.6,22.1,D,0
-15.9166,135.2614,368.3,1.7,1.3,2014-06-10,0423,Aqua,MODIS,100,6.2,310.4,220.9,D,0
-16.1635,144.7265,307.8,1.5,1.2,2014-06-10,0423,Aqua,MODIS,54,6.2,294.8,7.3,D,0
-15.9185,135.2455,357.3,1.7,1.3,2014-06-10,0423,Aqua,MODIS,98,6.2,305.3,155.4,D,0
-16.0518,137.2111,314.4,1.3,1.1,2014-06-10,0423,Aqua,MODIS,45,6.2,302.1,8.9,D,0
-13.9891,142.5645,328.2,1.2,1.1,2014-06-10,0423,Aqua,MODIS,83,6.2,301.5,26,D,0
-15.7177,135.4937,317.7,1.6,1.3,2014-06-10,0423,Aqua,MODIS,60,6.2,303.3,15.2,D,0
-15.6364,135.9753,320.3,1.5,1.2,2014-06-10,0423,Aqua,MODIS,70,6.2,303.7,19.7,D,0
-14.795,134.8224,324.6,1.8,1.3,2014-06-10,0423,Aqua,MODIS,77,6.2,306.4,34.1,D,0
-16.1742,135.9669,315.9,1.5,1.2,2014-06-10,0423,Aqua,MODIS,60,6.2,304.8,10.4,D,0
-15.6381,135.9612,323.8,1.5,1.2,2014-06-10,0423,Aqua,MODIS,75,6.2,303.6,27,D,0
-15.9282,135.263,360.2,1.7,1.3,2014-06-10,0423,Aqua,MODIS,100,6.2,306.8,172.3,D,0
-13.9874,142.5753,345.5,1.2,1.1,2014-06-10,0423,Aqua,MODIS,93,6.2,303,59.5,D,0
-16.0533,137.1991,312.6,1.3,1.1,2014-06-10,0423,Aqua,MODIS,30,6.2,300.9,6.8,D,0
-15.9262,135.279,328.6,1.7,1.3,2014-06-10,0423,Aqua,MODIS,50,6.2,309.7,36.3,D,0
-15.7196,135.4782,317.1,1.6,1.3,2014-06-10,0423,Aqua,MODIS,54,6.2,302.9,14.2,D,0
-15.2454,129.9344,312.6,4.3,1.9,2014-06-10,0423,Aqua,MODIS,48,6.2,301.8,41.5,D,0
-15.0538,129.6987,335.1,4.4,1.9,2014-06-10,0424,Aqua,MODIS,65,6.2,305,238.6,D,0
-12.3548,132.9272,320.8,2.3,1.5,2014-06-10,0424,Aqua,MODIS,73,6.2,299.7,40.5,D,0
-13.6472,129.8939,317.1,4.1,1.9,2014-06-10,0424,Aqua,MODIS,65,6.2,301.6,81.6,D,0
-13.9237,129.8694,313.6,4.2,1.9,2014-06-10,0424,Aqua,MODIS,50,6.2,300.4,55.1,D,0
-12.4029,132.396,321.2,2.5,1.5,2014-06-10,0424,Aqua,MODIS,52,6.2,305.5,42.5,D,0
-14.1043,132.7825,334,2.5,1.5,2014-06-10,0424,Aqua,MODIS,86,6.2,306.8,86.9,D,0
-14.1016,132.8056,321.9,2.5,1.5,2014-06-10,0424,Aqua,MODIS,53,6.2,308.6,31.5,D,0
-13.9789,131.1329,318.3,3.3,1.7,2014-06-10,0424,Aqua,MODIS,60,6.2,303.7,51,D,0
-13.6504,129.8986,315.1,4.1,1.9,2014-06-10,0424,Aqua,MODIS,47,6.2,301,64.4,D,0
-13.732,131.307,320.2,3.2,1.7,2014-06-10,0424,Aqua,MODIS,71,6.2,304.4,56.7,D,0
-15.0526,129.6904,333.8,4.4,1.9,2014-06-10,0424,Aqua,MODIS,64,6.2,304.6,222.1,D,0
-13.9201,129.8621,312.6,4.2,1.9,2014-06-10,0424,Aqua,MODIS,47,6.2,300.6,51.1,D,0
-12.3578,132.9206,315.2,2.3,1.5,2014-06-10,0424,Aqua,MODIS,41,6.2,300.1,21.9,D,0
-15.0352,129.6875,316,4.4,1.9,2014-06-10,0424,Aqua,MODIS,36,6.2,304.6,50.7,D,0
-13.9908,130.3614,315.6,3.8,1.8,2014-06-10,0424,Aqua,MODIS,59,6.2,304.7,36.9,D,0
-14.0432,130.0782,314.3,4,1.9,2014-06-10,0424,Aqua,MODIS,50,6.2,302.3,57.3,D,0
-14.0394,130.0731,313.1,4,1.9,2014-06-10,0424,Aqua,MODIS,39,6.2,302.2,51,D,0
-14.6017,132.7115,322.1,2.6,1.5,2014-06-10,0424,Aqua,MODIS,74,6.2,304.8,48.4,D,0
-14.4665,134.1,316.6,2,1.4,2014-06-10,0424,Aqua,MODIS,59,6.2,305.4,16.1,D,0
-12.2338,133.1761,317.5,2.2,1.4,2014-06-10,0424,Aqua,MODIS,63,6.2,303.8,20.1,D,0
-12.7526,131.9642,314.8,2.8,1.6,2014-06-10,0424,Aqua,MODIS,47,6.2,303.1,24.7,D,0
-12.2356,133.1714,322,2.2,1.4,2014-06-10,0424,Aqua,MODIS,74,6.2,304.2,32.7,D,0
-13.0583,133.6738,349,2.1,1.4,2014-06-10,0424,Aqua,MODIS,95,6.2,303.8,153.4,D,0
-13.0471,133.5557,320.7,2.1,1.4,2014-06-10,0424,Aqua,MODIS,72,6.2,301.7,32.6,D,0
-12.6201,131.537,329.7,3,1.6,2014-06-10,0424,Aqua,MODIS,51,6.2,300.8,102,D,0
-12.8345,131.7643,315.3,2.9,1.6,2014-06-10,0424,Aqua,MODIS,55,6.2,304.4,28.9,D,0
-13.0559,133.6925,324,2.1,1.4,2014-06-10,0424,Aqua,MODIS,77,6.2,303.1,42.7,D,0
-13.1942,133.7399,316.9,2,1.4,2014-06-10,0424,Aqua,MODIS,44,6.2,301.9,21.4,D,0
-13.1954,133.8346,315.2,2,1.4,2014-06-10,0424,Aqua,MODIS,33,6.2,301.5,17.3,D,0
-12.9322,131.0646,329.6,3.3,1.7,2014-06-10,0424,Aqua,MODIS,82,6.2,304.8,110.5,D,0
-12.2362,133.156,338.4,2.2,1.4,2014-06-10,0424,Aqua,MODIS,89,6.2,304.8,101.5,D,0
-12.6666,135.2319,322,1.6,1.2,2014-06-10,0424,Aqua,MODIS,75,6.2,301,25.3,D,0
-13.014,134.0612,317.4,1.9,1.4,2014-06-10,0424,Aqua,MODIS,66,6.2,303.3,19.1,D,0
-12.7965,132.2526,319.6,2.6,1.6,2014-06-10,0424,Aqua,MODIS,65,6.2,302.8,38.7,D,0
-14.3432,133.9213,327,2.1,1.4,2014-06-10,0424,Aqua,MODIS,80,6.2,302.4,49.2,D,0
-12.2177,134.02,313.8,1.9,1.3,2014-06-10,0424,Aqua,MODIS,55,6.2,301.8,13,D,0
-12.9555,132.153,316.7,2.7,1.6,2014-06-10,0424,Aqua,MODIS,56,6.2,304,28,D,0
-12.6555,135.2304,329.8,1.6,1.2,2014-06-10,0424,Aqua,MODIS,83,6.2,300.2,41.3,D,0
-13.0448,133.5748,329.4,2.1,1.4,2014-06-10,0424,Aqua,MODIS,82,6.2,302.9,62.4,D,0
-12.2371,131.0627,315,3.2,1.7,2014-06-10,0424,Aqua,MODIS,39,6.2,301,41.5,D,0
-12.7943,132.2206,317.6,2.6,1.6,2014-06-10,0424,Aqua,MODIS,57,6.2,301.3,31.2,D,0
-12.7914,132.2448,324,2.6,1.6,2014-06-10,0424,Aqua,MODIS,76,6.2,302.4,56.5,D,0
-14.3536,133.9416,316.3,2.1,1.4,2014-06-10,0424,Aqua,MODIS,44,6.2,303.1,17.5,D,0
-12.2155,134.037,313.3,1.9,1.3,2014-06-10,0424,Aqua,MODIS,53,6.2,300.5,12.3,D,0
-13.2124,133.7991,321.9,2,1.4,2014-06-10,0424,Aqua,MODIS,74,6.2,301.7,31.9,D,0
-12.9641,134.0312,314.3,1.9,1.4,2014-06-10,0424,Aqua,MODIS,52,6.2,302.9,12.1,D,0
-14.4364,134.0159,323.4,2,1.4,2014-06-10,0424,Aqua,MODIS,73,6.2,305.7,31.1,D,0
-13.1298,133.7254,313.9,2,1.4,2014-06-10,0424,Aqua,MODIS,58,6.2,300.8,17.3,D,0
-12.7502,131.9596,315,2.8,1.6,2014-06-10,0424,Aqua,MODIS,10,6.2,303.4,23.1,D,0
-13.0612,133.6598,321.9,2.1,1.4,2014-06-10,0424,Aqua,MODIS,62,6.2,299.7,34.8,D,0
-13.431,133.608,314.7,2.1,1.4,2014-06-10,0424,Aqua,MODIS,34,6.2,302.2,18.6,D,0
-12.2386,133.1357,316.2,2.2,1.4,2014-06-10,0424,Aqua,MODIS,49,6.2,301.6,17.6,D,0
-12.2182,133.6223,320.1,2,1.4,2014-06-10,0424,Aqua,MODIS,71,6.2,303.7,20.7,D,0
-12.9476,131.0434,320.9,3.3,1.7,2014-06-10,0424,Aqua,MODIS,72,6.2,303.2,56.6,D,0
-12.8393,131.7453,319.1,2.9,1.6,2014-06-10,0424,Aqua,MODIS,65,6.2,302.7,45.4,D,0
-12.2382,133.1513,331.1,2.2,1.4,2014-06-10,0424,Aqua,MODIS,83,6.2,303.8,66.2,D,0
-12.2215,133.6971,318.1,2,1.4,2014-06-10,0424,Aqua,MODIS,57,6.2,305,18.6,D,0
-12.3582,134.3134,317,1.8,1.3,2014-06-10,0424,Aqua,MODIS,65,6.2,304.6,16.1,D,0
-12.9442,131.0736,344.1,3.3,1.7,2014-06-10,0424,Aqua,MODIS,92,6.2,304.2,237.2,D,0
-14.341,133.9403,328.6,2.1,1.4,2014-06-10,0424,Aqua,MODIS,81,6.2,302.1,54,D,0
-12.2228,134.0276,316.3,1.9,1.3,2014-06-10,0424,Aqua,MODIS,65,6.2,301,19,D,0
-12.9475,131.0665,330.9,3.3,1.7,2014-06-10,0424,Aqua,MODIS,83,6.2,303.7,118.4,D,0
-12.9413,132.1512,316.1,2.7,1.6,2014-06-10,0424,Aqua,MODIS,56,6.2,303.8,27.7,D,0
-13.0589,133.6788,352.4,2.1,1.4,2014-06-10,0424,Aqua,MODIS,96,6.2,304.4,172.6,D,0
-12.7993,132.2284,327.2,2.6,1.6,2014-06-10,0424,Aqua,MODIS,80,6.2,302.6,72.3,D,0
-12.8377,131.7379,317.2,2.9,1.6,2014-06-10,0424,Aqua,MODIS,60,6.2,302.1,38.3,D,0
-12.6053,131.5352,322.1,3,1.6,2014-06-10,0424,Aqua,MODIS,64,6.2,299.5,67,D,0
-12.4773,132.883,311.9,2.3,1.5,2014-06-10,0424,Aqua,MODIS,43,6.2,299.9,15.9,D,0
-12.061,134.2509,312.4,1.8,1.3,2014-06-10,0424,Aqua,MODIS,53,6.2,299.8,12,D,0
-12.9763,133.7201,312.7,2,1.4,2014-06-10,0424,Aqua,MODIS,52,6.2,302.1,14.3,D,0
-13.0574,133.5766,316.7,2.1,1.4,2014-06-10,0424,Aqua,MODIS,64,6.2,303.1,22.6,D,0
-12.2796,131.0725,311.8,3.2,1.7,2014-06-10,0424,Aqua,MODIS,45,6.2,299.6,28.1,D,0
-13.0228,134.0574,316.8,1.9,1.4,2014-06-10,0424,Aqua,MODIS,62,6.2,302.1,18.6,D,0
-13.2147,133.7804,324.3,2,1.4,2014-06-10,0424,Aqua,MODIS,77,6.2,303.7,38.4,D,0
-12.6501,132.4899,322.5,2.5,1.5,2014-06-10,0424,Aqua,MODIS,58,6.2,304,45.9,D,0
-12.8929,130.7149,312.4,3.5,1.8,2014-06-10,0424,Aqua,MODIS,25,6.2,301.3,21.1,D,0
-12.9951,133.9812,315.4,1.9,1.4,2014-06-10,0424,Aqua,MODIS,62,6.2,303.9,15.6,D,0
-12.6808,133.4653,319.4,2.1,1.4,2014-06-10,0424,Aqua,MODIS,70,6.2,301.7,27.8,D,0
-13.1977,133.8161,326.5,2,1.4,2014-06-10,0424,Aqua,MODIS,66,6.2,301.5,45.6,D,0
-13.7796,130.6389,325.4,3.6,1.8,2014-06-10,0424,Aqua,MODIS,78,6.2,305.2,108.5,D,0
-13.8071,129.9224,332.2,4.1,1.9,2014-06-10,0424,Aqua,MODIS,84,6.2,303,197.7,D,0
-12.8276,130.6386,321.1,3.5,1.8,2014-06-10,0424,Aqua,MODIS,67,6.2,301.5,72.9,D,0
-12.818,130.6295,327.3,3.5,1.8,2014-06-10,0424,Aqua,MODIS,80,6.2,303.4,106.5,D,0
-14.3837,129.9034,315,4.2,1.9,2014-06-10,0424,Aqua,MODIS,54,6.2,303.4,55.2,D,0
-14.3862,129.9073,315.8,4.2,1.9,2014-06-10,0424,Aqua,MODIS,57,6.2,303.6,61.4,D,0
-13.7942,129.8821,314.4,4.1,1.9,2014-06-10,0424,Aqua,MODIS,39,6.2,300.8,58,D,0
-13.7872,130.6445,320.7,3.6,1.8,2014-06-10,0424,Aqua,MODIS,72,6.2,303.3,74.2,D,0
-13.4564,142.5623,329.6,1.2,1.1,2014-06-10,0424,Aqua,MODIS,84,6.2,299.9,28.2,D,0
-12.846,133.9135,313.2,2,1.4,2014-06-10,0424,Aqua,MODIS,55,6.2,302,13.5,D,0
-12.9222,133.9294,312.2,2,1.4,2014-06-10,0424,Aqua,MODIS,44,6.2,301.7,11.6,D,0
-13.0184,133.8937,316.2,2,1.4,2014-06-10,0424,Aqua,MODIS,54,6.2,302,20.5,D,0
-13.4485,133.5706,322.2,2.1,1.4,2014-06-10,0424,Aqua,MODIS,74,6.2,300.5,39.6,D,0
-13.443,142.301,311,1.2,1.1,2014-06-10,0424,Aqua,MODIS,41,6.2,299,6.2,D,0
-12.5827,141.8347,325.1,1.1,1.1,2014-06-10,0424,Aqua,MODIS,60,6.2,301,17.1,D,0
-13.0038,133.9099,315,2,1.4,2014-06-10,0424,Aqua,MODIS,48,6.2,303.8,16.2,D,0
-12.5843,141.8245,345.9,1.1,1.1,2014-06-10,0424,Aqua,MODIS,0,6.2,300.9,53.3,D,0
-13.4461,133.5902,331.5,2.1,1.4,2014-06-10,0424,Aqua,MODIS,84,6.2,303.4,72,D,0
-11.2832,131.9899,310.3,2.6,1.6,2014-06-10,0424,Aqua,MODIS,34,6.2,298.6,18.6,D,0
-11.3942,132.2941,318.2,2.5,1.5,2014-06-10,0424,Aqua,MODIS,41,6.2,299.4,33.6,D,0
-11.4079,132.2956,322.4,2.5,1.5,2014-06-10,0424,Aqua,MODIS,75,6.2,299.2,50.6,D,0
-14.6131,132.0661,316.9,2.9,1.6,2014-06-10,0424,Aqua,MODIS,64,6.2,303.6,31.3,D,0
-11.2786,131.9845,313.3,2.6,1.6,2014-06-10,0424,Aqua,MODIS,57,6.2,298.6,28.6,D,0
-11.4006,132.2999,329.8,2.5,1.5,2014-06-10,0424,Aqua,MODIS,67,6.2,300,76.5,D,0
-11.335,132.2565,318,2.5,1.5,2014-06-10,0424,Aqua,MODIS,34,6.2,299.7,33.9,D,0
-11.3213,132.2549,320.7,2.5,1.5,2014-06-10,0424,Aqua,MODIS,46,6.2,299.7,43.6,D,0
-11.286,131.9659,310.2,2.6,1.6,2014-06-10,0424,Aqua,MODIS,33,6.2,297.6,19,D,0
-11.3445,132.0045,311.9,2.6,1.6,2014-06-10,0424,Aqua,MODIS,21,6.2,298.6,20.4,D,0
-13.4141,142.4271,309.1,1.2,1.1,2014-06-10,0424,Aqua,MODIS,41,6.2,295.8,4.4,D,0
-13.4157,142.4164,309.3,1.2,1.1,2014-06-10,0424,Aqua,MODIS,56,6.2,295.7,4.6,D,0
-13.4478,133.5757,330,2.1,1.4,2014-06-10,0424,Aqua,MODIS,83,6.2,301.3,65.9,D,0
-13.4455,133.5953,324.9,2.1,1.4,2014-06-10,0424,Aqua,MODIS,78,6.2,303.7,47.4,D,0
-11.4197,132.0857,317.7,2.6,1.5,2014-06-10,0424,Aqua,MODIS,55,6.2,299.4,36.7,D,0
-11.4058,132.0842,315.2,2.6,1.5,2014-06-10,0424,Aqua,MODIS,33,6.2,299.9,28.3,D,0
-14.1106,132.788,347.2,2.5,1.5,2014-06-10,0424,Aqua,MODIS,94,6.2,306.6,173.9,D,0
-13.4318,132.2463,323.6,2.7,1.6,2014-06-10,0424,Aqua,MODIS,76,6.2,304.6,59.7,D,0
-13.4396,132.2673,318.1,2.7,1.6,2014-06-10,0424,Aqua,MODIS,34,6.2,304.8,36.1,D,0
-13.5266,130.7585,320.2,3.5,1.8,2014-06-10,0424,Aqua,MODIS,58,6.2,304.3,62.6,D,0
-13.466,131.0089,322.4,3.4,1.7,2014-06-10,0424,Aqua,MODIS,74,6.2,302.2,75.2,D,0
-13.5398,130.734,318.8,3.5,1.8,2014-06-10,0424,Aqua,MODIS,51,6.2,306.3,54,D,0
-11.405,132.3184,318.9,2.5,1.5,2014-06-10,0424,Aqua,MODIS,59,6.2,300.3,37.9,D,0
-13.4254,132.2655,326,2.7,1.6,2014-06-10,0424,Aqua,MODIS,62,6.2,305.1,66.4,D,0
-13.7894,133.6561,338,2.1,1.4,2014-06-10,0424,Aqua,MODIS,88,6.2,305.5,94.1,D,0
-13.4284,132.2409,326.6,2.7,1.6,2014-06-10,0424,Aqua,MODIS,69,6.2,303.7,69.7,D,0
-12.6204,131.5323,326.2,3,1.6,2014-06-10,0424,Aqua,MODIS,48,6.2,300.8,83.7,D,0
-13.8588,133.2812,319.3,2.3,1.5,2014-06-10,0424,Aqua,MODIS,67,6.2,303.7,33.9,D,0
-12.6528,131.513,318.7,3,1.6,2014-06-10,0424,Aqua,MODIS,30,6.2,299.3,49.4,D,0
-13.344,131.8082,353.1,2.9,1.6,2014-06-10,0424,Aqua,MODIS,97,6.2,305.9,284.1,D,0
-13.8465,133.2957,314.9,2.3,1.5,2014-06-10,0424,Aqua,MODIS,26,6.2,304,17.5,D,0
-12.6056,131.5306,322.7,3,1.6,2014-06-10,0424,Aqua,MODIS,75,6.2,299.5,72.1,D,0
-13.849,133.2751,318.7,2.3,1.5,2014-06-10,0424,Aqua,MODIS,57,6.2,304.7,30.2,D,0
-13.4617,131.0153,325.7,3.4,1.7,2014-06-10,0424,Aqua,MODIS,78,6.2,302.6,95.5,D,0
-13.7912,133.6414,322.2,2.1,1.4,2014-06-10,0424,Aqua,MODIS,75,6.2,303.4,30.8,D,0
-13.4625,131.0398,316.2,3.3,1.7,2014-06-10,0424,Aqua,MODIS,57,6.2,303.3,41.6,D,0
-12.1867,134.9613,338.9,1.6,1.2,2014-06-10,0424,Aqua,MODIS,89,6.2,305.9,63,D,0
-13.5363,130.7665,319,3.5,1.8,2014-06-10,0424,Aqua,MODIS,54,6.2,305.5,54,D,0
-14.0664,131.8306,327,3,1.6,2014-06-10,0424,Aqua,MODIS,68,6.2,308,75.5,D,0
-13.9247,133.7243,316.2,2.1,1.4,2014-06-10,0424,Aqua,MODIS,53,6.2,304.7,18.2,D,0
-13.789,133.6608,336.3,2.1,1.4,2014-06-10,0424,Aqua,MODIS,87,6.2,305.4,84.9,D,0
-11.283,132.227,323.7,2.5,1.5,2014-06-10,0424,Aqua,MODIS,34,6.2,299.7,53.3,D,0
-13.4177,132.2445,326,2.7,1.6,2014-06-10,0424,Aqua,MODIS,66,6.2,303.1,66.6,D,0
-13.4142,132.2391,315.6,2.7,1.6,2014-06-10,0424,Aqua,MODIS,37,6.2,302.5,26.7,D,0
-12.1876,134.9562,329.9,1.6,1.2,2014-06-10,0424,Aqua,MODIS,82,6.2,304.6,37.6,D,0
-13.2041,131.8325,317.6,2.9,1.6,2014-06-10,0424,Aqua,MODIS,39,6.2,306.1,29.6,D,0
-12.3552,132.9415,317,2.3,1.5,2014-06-10,0424,Aqua,MODIS,54,6.2,300.5,27.2,D,0
-13.3586,131.81,331.2,2.9,1.6,2014-06-10,0424,Aqua,MODIS,83,6.2,302.5,99.5,D,0
-13.3764,131.7843,328.3,2.9,1.6,2014-06-10,0424,Aqua,MODIS,80,6.2,302.6,84.6,D,0
-14.1079,132.811,319.4,2.5,1.5,2014-06-10,0424,Aqua,MODIS,44,6.2,307.2,23.3,D,0
-13.3732,131.8117,318.1,2.9,1.6,2014-06-10,0424,Aqua,MODIS,43,6.2,302.6,33.2,D,0
-13.3471,131.7809,318.3,2.9,1.6,2014-06-10,0424,Aqua,MODIS,44,6.2,300.7,32.2,D,0
-13.3777,131.7915,334.7,2.9,1.6,2014-06-10,0424,Aqua,MODIS,86,6.2,303.2,128.4,D,0
-13.5521,130.7682,319.5,3.5,1.8,2014-06-10,0424,Aqua,MODIS,55,6.2,303.9,54.9,D,0
-12.1856,134.9708,326.6,1.6,1.2,2014-06-10,0424,Aqua,MODIS,37,6.2,306.4,28.6,D,0
-12.4135,134.9738,312.8,1.6,1.2,2014-06-10,0424,Aqua,MODIS,55,6.2,301.7,11.5,D,0
-13.3294,131.8063,347.4,2.9,1.6,2014-06-10,0424,Aqua,MODIS,94,6.2,305.3,223.3,D,0
-13.3324,131.7794,326.9,2.9,1.6,2014-06-10,0424,Aqua,MODIS,79,6.2,304.1,72,D,0
-13.4291,132.271,319.1,2.7,1.6,2014-06-10,0424,Aqua,MODIS,58,6.2,304.9,40.2,D,0
-13.7203,131.3008,320.5,3.2,1.7,2014-06-10,0424,Aqua,MODIS,64,6.2,305.5,55.4,D,0
-32.2308,116.4172,324.1,1.2,1.1,2014-06-10,0557,Aqua,MODIS,63,6.2,275.9,31.2,D,0
-20.4922,123.9177,322.2,2.3,1.5,2014-06-10,0600,Aqua,MODIS,74,6.2,305.5,42,D,0
-21.1684,119.8813,321.6,1.2,1.1,2014-06-10,0600,Aqua,MODIS,73,6.2,304.3,12.4,D,0
-21.1699,119.8755,328.5,1.2,1.1,2014-06-10,0600,Aqua,MODIS,80,6.2,305.2,21,D,0
-21.1759,119.9004,320.6,1.2,1.1,2014-06-10,0600,Aqua,MODIS,42,6.2,303.9,9.9,D,0
-21.1702,119.8698,321.4,1.2,1.1,2014-06-10,0600,Aqua,MODIS,73,6.2,304.9,11.8,D,0
-21.1778,119.8888,327,1.2,1.1,2014-06-10,0600,Aqua,MODIS,78,6.2,306,19.2,D,0
-17.5341,123.6873,322.4,2.5,1.5,2014-06-10,0601,Aqua,MODIS,77,6.2,302.7,49.2,D,0
-17.5298,123.7111,322,2.6,1.5,2014-06-10,0601,Aqua,MODIS,77,6.2,303.9,48.9,D,0
-16,125.0177,315.3,3.4,1.7,2014-06-10,0601,Aqua,MODIS,53,6.2,301.6,41,D,0
-17.0153,122.542,321.3,2.1,1.4,2014-06-10,0601,Aqua,MODIS,74,6.2,300.6,39.2,D,0
-17.1026,122.5636,313.6,2.1,1.4,2014-06-10,0601,Aqua,MODIS,47,6.2,298.2,22.6,D,0
-17.1024,122.5708,314.9,2.1,1.4,2014-06-10,0601,Aqua,MODIS,21,6.2,296.9,23.8,D,0
-16.7997,122.571,311.2,2.2,1.4,2014-06-10,0601,Aqua,MODIS,0,6.2,301.2,17.3,D,0
-15.9783,125.0464,326.3,3.5,1.8,2014-06-10,0601,Aqua,MODIS,80,6.2,305,108.7,D,0
-16.1986,124.6863,315,3.2,1.7,2014-06-10,0601,Aqua,MODIS,66,6.2,302.5,43.1,D,0
-16.2011,124.6792,313.9,3.2,1.7,2014-06-10,0601,Aqua,MODIS,60,6.2,302.1,34.3,D,0
-16.0273,124.9577,315.3,3.4,1.7,2014-06-10,0601,Aqua,MODIS,63,6.2,303.3,43.9,D,0
-16.0084,125.0241,316.4,3.4,1.7,2014-06-10,0601,Aqua,MODIS,37,6.2,301.1,43.6,D,0
-17.0188,122.5221,330.9,2.1,1.4,2014-06-10,0601,Aqua,MODIS,84,6.2,304.3,70.3,D,0
-17.0171,122.5272,338,2.1,1.4,2014-06-10,0601,Aqua,MODIS,89,6.2,303.9,99.4,D,0
-15.5714,125.7652,310.3,4,1.9,2014-06-10,0601,Aqua,MODIS,31,6.2,299.8,28.3,D,0
-16.0087,125.5385,315.8,3.8,1.8,2014-06-10,0601,Aqua,MODIS,67,6.2,300.6,61,D,0
-16.016,125.5479,312.6,3.8,1.8,2014-06-10,0601,Aqua,MODIS,60,6.2,299.9,43.4,D,0
-18.602,121.893,320.4,1.8,1.3,2014-06-10,0601,Aqua,MODIS,70,6.2,307.1,21.7,D,0
-15.6227,125.7292,310.7,4,1.9,2014-06-10,0601,Aqua,MODIS,41,6.2,300.6,31.2,D,0
-16.1898,125.3768,324.4,3.6,1.8,2014-06-10,0601,Aqua,MODIS,79,6.2,300.8,106.8,D,0
-15.0749,125.9435,310.1,4.2,1.9,2014-06-10,0602,Aqua,MODIS,24,6.2,298.6,35.8,D,0
-15.0907,125.9417,311.3,4.2,1.9,2014-06-10,0602,Aqua,MODIS,48,6.2,298.6,43.5,D,0
-15.2668,126.0715,315.8,4.3,1.9,2014-06-10,0602,Aqua,MODIS,64,6.2,301.3,69.2,D,0
-15.2675,126.0765,316.2,4.3,1.9,2014-06-10,0602,Aqua,MODIS,65,6.2,301.3,72.5,D,0
-15.0832,125.9805,316.4,4.3,1.9,2014-06-10,0602,Aqua,MODIS,66,6.2,299.6,78,D,0
-15.0842,125.9858,310.3,4.3,1.9,2014-06-10,0602,Aqua,MODIS,22,6.2,299.7,34.9,D,0
-17.0926,123.2213,301.7,3.8,1.8,2014-06-10,1348,Terra,MODIS,44,6.2,286.1,46.7,N,0
-17.0991,123.2292,311.7,3.8,1.8,2014-06-10,1348,Terra,MODIS,83,6.2,286.9,90.7,N,0
-15.2069,129.872,305.4,1.2,1.1,2014-06-10,1349,Terra,MODIS,64,6.2,291.9,8.7,N,0
-15.1207,129.8138,301.9,1.2,1.1,2014-06-10,1349,Terra,MODIS,45,6.2,291.4,6.3,N,0
-14.0312,130.405,314.4,1.1,1,2014-06-10,1349,Terra,MODIS,89,6.2,287.9,16.6,N,0
-14.0298,130.415,305.9,1.1,1,2014-06-10,1349,Terra,MODIS,66,6.2,287.5,9.7,N,0
-14.9816,129.7197,305.7,1.2,1.1,2014-06-10,1349,Terra,MODIS,65,6.2,293.3,8.6,N,0
-14.9914,129.7213,330,1.2,1.1,2014-06-10,1349,Terra,MODIS,100,6.2,295.2,37.2,N,0
-14.837,129.8775,306,1.2,1.1,2014-06-10,1349,Terra,MODIS,66,6.2,292.8,8.6,N,0
-13.9042,130.7103,302.2,1.1,1,2014-06-10,1349,Terra,MODIS,30,6.2,291.6,5.2,N,0
-14.046,130.0841,306.1,1.1,1.1,2014-06-10,1349,Terra,MODIS,67,6.2,287.4,10.6,N,0
-15.2456,129.9554,301.3,1.2,1.1,2014-06-10,1349,Terra,MODIS,21,6.2,291.1,6.3,N,0
-13.5716,129.9121,303.6,1.1,1.1,2014-06-10,1349,Terra,MODIS,56,6.2,290,7.4,N,0
-15.2039,129.8766,311.5,1.2,1.1,2014-06-10,1349,Terra,MODIS,83,6.2,292.1,14.1,N,0
-14.9929,129.71,305.4,1.2,1.1,2014-06-10,1349,Terra,MODIS,53,6.2,292.4,8.1,N,0
-14.9831,129.7085,302.9,1.2,1.1,2014-06-10,1349,Terra,MODIS,43,6.2,292.4,6.7,N,0
-15.2054,129.8831,304.4,1.2,1.1,2014-06-10,1349,Terra,MODIS,60,6.2,290.8,7.9,N,0
-14.7461,126.0045,303.8,2.1,1.4,2014-06-10,1349,Terra,MODIS,57,6.2,292.5,17,N,0
-15.136,129.7881,301,1.2,1.1,2014-06-10,1349,Terra,MODIS,36,6.2,290.9,5.8,N,0
-15.1346,129.7991,301.6,1.2,1.1,2014-06-10,1349,Terra,MODIS,22,6.2,291.4,5.6,N,0
-15.122,129.8195,301.4,1.2,1.1,2014-06-10,1349,Terra,MODIS,26,6.2,291,5.3,N,0
-15.4255,125.8477,302.8,2.3,1.5,2014-06-10,1349,Terra,MODIS,51,6.2,288.1,20.9,N,0
-15.4259,125.8636,301.8,2.3,1.5,2014-06-10,1349,Terra,MODIS,45,6.2,287.4,18.7,N,0
-16.0017,125.8051,301.8,2.3,1.5,2014-06-10,1349,Terra,MODIS,44,6.2,289.3,19.9,N,0
-14.1708,131.4476,311.5,1,1,2014-06-10,1349,Terra,MODIS,83,6.2,287.7,12.6,N,0
-13.1379,131.7379,308.8,1,1,2014-06-10,1349,Terra,MODIS,76,6.2,288.6,9.8,N,0
-13.1468,131.7392,325.6,1,1,2014-06-10,1349,Terra,MODIS,100,6.2,289.5,24.2,N,0
-13.1481,131.73,317.3,1,1,2014-06-10,1349,Terra,MODIS,95,6.2,288.4,15.9,N,0
-14.1721,131.4382,335.2,1,1,2014-06-10,1349,Terra,MODIS,100,6.2,289.5,38.6,N,0
-13.1366,131.7471,300.9,1,1,2014-06-10,1349,Terra,MODIS,31,6.2,289,4.8,N,0
-14.1646,131.4312,322.4,1,1,2014-06-10,1349,Terra,MODIS,100,6.2,288.4,22.6,N,0
-14.1734,131.4288,323,1,1,2014-06-10,1349,Terra,MODIS,100,6.2,287,23.4,N,0
-13.3979,132.2362,300.7,1,1,2014-06-10,1349,Terra,MODIS,32,6.2,288.8,4.8,N,0
-14.162,131.45,302.5,1,1,2014-06-10,1349,Terra,MODIS,49,6.2,286.6,7.2,N,0
-14.1633,131.4406,323.7,1,1,2014-06-10,1349,Terra,MODIS,100,6.2,288.8,24.5,N,0
-14.117,130.7737,302.2,1.1,1,2014-06-10,1349,Terra,MODIS,45,6.2,291.8,5.5,N,0
-13.9882,130.7689,307.9,1.1,1,2014-06-10,1349,Terra,MODIS,73,6.2,291.4,9.2,N,0
-13.1,131.7446,305.7,1,1,2014-06-10,1349,Terra,MODIS,65,6.2,290.1,7.4,N,0
-12.6213,132.5194,300.5,1,1,2014-06-10,1349,Terra,MODIS,29,6.2,289.5,5,N,0
-14.2223,130.2799,308.1,1.1,1.1,2014-06-10,1349,Terra,MODIS,73,6.2,287.2,11.6,N,0
-14.1873,130.2537,308.2,1.1,1.1,2014-06-10,1349,Terra,MODIS,74,6.2,290.5,10.3,N,0
-14.2237,130.2697,302.6,1.1,1.1,2014-06-10,1349,Terra,MODIS,50,6.2,286.8,7.7,N,0
-14.1887,130.2436,305,1.1,1.1,2014-06-10,1349,Terra,MODIS,62,6.2,290.3,7.9,N,0
-26.679,150.5246,304.1,1,1,2014-06-10,1517,Aqua,MODIS,58,6.2,283.7,8.7,N,0
-26.7883,150.2046,303.7,1,1,2014-06-10,1517,Aqua,MODIS,56,6.2,282.7,8.4,N,2
-32.2279,116.4025,300.5,1.4,1.2,2014-06-10,1523,Terra,MODIS,29,6.2,278.6,12.9,N,0
-13.396,132.2526,302.2,1.3,1.1,2014-06-10,1652,Aqua,MODIS,43,6.2,289.8,7.9,N,0
-13.3983,132.2465,300.1,1.3,1.1,2014-06-10,1652,Aqua,MODIS,5,6.2,289.4,6.1,N,0
-14.1663,131.4483,309.2,1.2,1.1,2014-06-10,1653,Aqua,MODIS,49,6.2,286.6,14.1,N,0
-14.1648,131.4371,324,1.2,1.1,2014-06-10,1653,Aqua,MODIS,100,6.2,286.7,31.3,N,0
-14.1747,131.4358,304.4,1.2,1.1,2014-06-10,1653,Aqua,MODIS,13,6.2,285.2,9.8,N,0
-15.2746,127.7939,304.9,1,1,2014-06-10,1653,Aqua,MODIS,62,6.2,290.6,6.9,N,0
-15.3471,129.8864,301.6,1.1,1,2014-06-10,1653,Aqua,MODIS,43,6.2,290.3,5.7,N,0
-14.9842,129.7294,324.1,1,1,2014-06-10,1653,Aqua,MODIS,100,6.2,295.1,23.8,N,0
-14.9934,129.7279,336.8,1,1,2014-06-10,1653,Aqua,MODIS,100,6.2,295.2,41.5,N,0
-15.1324,129.8,300.8,1.1,1,2014-06-10,1653,Aqua,MODIS,33,6.2,290,5.3,N,0
-14.7411,126.0066,301.7,1.2,1.1,2014-06-10,1653,Aqua,MODIS,33,6.2,291.6,5.5,N,0
-15.276,127.8032,302.9,1,1,2014-06-10,1653,Aqua,MODIS,51,6.2,290.2,5.6,N,0
-15.0458,129.7006,304.1,1,1,2014-06-10,1653,Aqua,MODIS,59,6.2,292,6.3,N,0
-14.9921,129.7184,312.3,1,1,2014-06-10,1653,Aqua,MODIS,85,6.2,292.1,12.5,N,0
-15.2732,127.7845,304.3,1,1,2014-06-10,1653,Aqua,MODIS,59,6.2,290.6,6.3,N,0
-14.0197,127.3577,326,1,1,2014-06-10,1653,Aqua,MODIS,100,6.2,292.6,26.6,N,0
-14.0212,127.3673,314.9,1,1,2014-06-10,1653,Aqua,MODIS,90,6.2,290.4,15.3,N,0
-14.8313,129.8831,306.1,1.1,1,2014-06-10,1653,Aqua,MODIS,63,6.2,291.4,8.3,N,0
-14.9829,129.7198,319,1,1,2014-06-10,1653,Aqua,MODIS,98,6.2,293.2,18.5,N,0
-15.2469,129.958,305.3,1.1,1,2014-06-10,1653,Aqua,MODIS,61,6.2,290.2,8.7,N,0
-15.2483,129.9679,303.7,1.1,1,2014-06-10,1653,Aqua,MODIS,56,6.2,290.4,7.1,N,0
-15.1975,127.4666,305.6,1,1,2014-06-10,1653,Aqua,MODIS,65,6.2,287.2,8.7,N,0
-15.7558,127.5049,306.1,1,1,2014-06-10,1653,Aqua,MODIS,67,6.2,287.7,9.7,N,0
-15.0714,125.95,302.7,1.2,1.1,2014-06-10,1653,Aqua,MODIS,51,6.2,287,9.1,N,0
-14.1863,130.2562,301.8,1.1,1,2014-06-10,1653,Aqua,MODIS,19,6.2,289.8,5.6,N,0
-14.2183,130.2816,302.3,1.1,1,2014-06-10,1653,Aqua,MODIS,48,6.2,286.9,7.5,N,0
-14.1663,130.2492,302,1.1,1,2014-06-10,1653,Aqua,MODIS,9,6.2,290.6,5.6,N,0
-14.233,126.57,302.7,1.1,1,2014-06-10,1653,Aqua,MODIS,25,6.2,290.2,6.4,N,0
-14.2383,126.5728,302.2,1.1,1,2014-06-10,1653,Aqua,MODIS,47,6.2,290.1,7,N,0
-18.5153,121.8843,324.4,1.8,1.3,2014-06-10,1654,Aqua,MODIS,100,6.2,288.5,59.6,N,0
-18.5272,121.8819,349.1,1.8,1.3,2014-06-10,1654,Aqua,MODIS,100,6.2,288.5,152.2,N,0
-18.5302,121.8992,331.7,1.8,1.3,2014-06-10,1654,Aqua,MODIS,100,6.2,287.2,80.5,N,0
-18.5214,121.8775,334.4,1.8,1.3,2014-06-10,1654,Aqua,MODIS,100,6.2,288,89.8,N,0
-18.5245,121.8947,342.3,1.8,1.3,2014-06-10,1654,Aqua,MODIS,100,6.2,290.8,120.1,N,0
-17.5386,123.73,302.9,1.4,1.2,2014-06-10,1654,Aqua,MODIS,52,6.2,284,12.6,N,0
-17.1004,123.2463,300.6,1.6,1.2,2014-06-10,1654,Aqua,MODIS,31,6.2,285.9,12.2,N,0
-17.5342,123.7032,301,1.4,1.2,2014-06-10,1654,Aqua,MODIS,37,6.2,283.8,11.2,N,0
-21.4339,127.9008,319.9,1,1,2014-06-10,1655,Aqua,MODIS,99,6.2,281.8,22.5,N,0
-12.26,141.8192,320.9,1.5,1.2,2014-06-11,0039,Terra,MODIS,72,6.2,296.9,25,D,0
-16.5264,141.4641,317.5,1.3,1.1,2014-06-11,0040,Terra,MODIS,43,6.2,302.6,10.5,D,0
-28.974,145.4467,304.5,1.3,1.1,2014-06-11,0043,Terra,MODIS,53,6.2,291.7,6.4,D,0
-28.9756,145.4595,310.2,1.3,1.1,2014-06-11,0043,Terra,MODIS,67,6.2,291.7,11.5,D,0
-29.0186,149.3396,305.3,2.2,1.4,2014-06-11,0043,Terra,MODIS,59,6.2,294.2,13.5,D,0
-27.8816,148.8184,321.2,2,1.4,2014-06-11,0043,Terra,MODIS,47,6.2,295.2,40.1,D,0
-27.8837,148.8113,323.4,2,1.4,2014-06-11,0043,Terra,MODIS,82,6.2,295.1,50,D,0
-27.8856,148.8313,314.1,2,1.4,2014-06-11,0043,Terra,MODIS,73,6.2,294.4,27,D,0
-31.8827,145.8835,308.8,1.4,1.2,2014-06-11,0044,Terra,MODIS,37,6.2,288.1,12.7,D,0
-33.0985,143.3905,310.1,1.1,1.1,2014-06-11,0044,Terra,MODIS,69,6.2,288.6,11.8,D,0
-31.8934,145.8818,320.3,1.4,1.2,2014-06-11,0044,Terra,MODIS,80,6.2,288.7,30.3,D,0
-31.8917,145.8666,308.9,1.4,1.2,2014-06-11,0044,Terra,MODIS,68,6.2,288.5,14.2,D,0
-31.0914,147.4449,303.5,1.8,1.3,2014-06-11,0044,Terra,MODIS,56,6.2,288.8,11.9,D,0
-31.0965,147.4499,304.5,1.8,1.3,2014-06-11,0044,Terra,MODIS,59,6.2,288.8,12.3,D,0
-34.4221,145.9302,300.5,1.6,1.2,2014-06-11,0045,Terra,MODIS,38,6.2,285.8,9.1,D,0
-11.5321,130.5546,311.4,3.6,1.8,2014-06-11,0217,Terra,MODIS,46,6.2,297,43,D,0
-15.7103,125.2169,317.2,1.6,1.2,2014-06-11,0218,Terra,MODIS,50,6.2,298.9,19.1,D,0
-15.0735,125.9669,317.7,1.8,1.3,2014-06-11,0218,Terra,MODIS,16,6.2,301.5,20.4,D,0
-15.7732,125.1715,316.7,1.6,1.2,2014-06-11,0218,Terra,MODIS,59,6.2,299.2,17.7,D,0
-15.7346,125.2285,319,1.6,1.2,2014-06-11,0218,Terra,MODIS,72,6.2,298.8,23.5,D,0
-15.7496,127.5093,313,2.4,1.5,2014-06-11,0218,Terra,MODIS,61,6.2,302.2,18.4,D,0
-14.2908,126.6838,314,2,1.4,2014-06-11,0218,Terra,MODIS,48,6.2,302.8,15.7,D,0
-15.6767,125.2219,311.4,1.6,1.2,2014-06-11,0218,Terra,MODIS,19,6.2,299.3,9.7,D,0
-14.062,129.7398,326.7,3.4,1.7,2014-06-11,0218,Terra,MODIS,80,6.2,299.5,124.6,D,0
-14.4373,130.0985,316.5,3.6,1.8,2014-06-11,0218,Terra,MODIS,62,6.2,300.1,55.7,D,0
-15.6861,125.1151,313.4,1.6,1.2,2014-06-11,0218,Terra,MODIS,60,6.2,300.4,13,D,0
-15.6306,125.2192,322.2,1.6,1.2,2014-06-11,0218,Terra,MODIS,18,6.2,300.4,24.6,D,0
-15.6991,125.2184,334.1,1.6,1.2,2014-06-11,0218,Terra,MODIS,86,6.2,299.5,57.2,D,0
-15.6418,125.2177,328.3,1.6,1.2,2014-06-11,0218,Terra,MODIS,43,6.2,300.3,37,D,0
-15.0755,125.9834,328.2,1.8,1.3,2014-06-11,0218,Terra,MODIS,66,6.2,302.6,44.4,D,0
-15.6655,125.2236,312.4,1.6,1.2,2014-06-11,0218,Terra,MODIS,41,6.2,299.7,11.3,D,0
-15.7327,125.214,333.6,1.6,1.2,2014-06-11,0218,Terra,MODIS,86,6.2,300,56.9,D,0
-15.8198,125.1803,313.9,1.6,1.2,2014-06-11,0218,Terra,MODIS,57,6.2,301.1,12.4,D,0
-15.7215,125.2155,329.7,1.6,1.2,2014-06-11,0218,Terra,MODIS,83,6.2,299.3,45.5,D,0
-14.135,130.2554,317,3.7,1.8,2014-06-11,0218,Terra,MODIS,65,6.2,303,43.5,D,0
-15.0617,125.9682,320.6,1.8,1.3,2014-06-11,0218,Terra,MODIS,46,6.2,299.9,27.8,D,0
-15.0714,125.9504,324.8,1.8,1.3,2014-06-11,0218,Terra,MODIS,70,6.2,301.5,37.8,D,0
-14.1425,130.2479,318.3,3.7,1.8,2014-06-11,0218,Terra,MODIS,67,6.2,303.8,52.1,D,0
-14.4961,127.7496,322.8,2.4,1.5,2014-06-11,0218,Terra,MODIS,76,6.2,302.2,50.3,D,0
-13.9085,129.8886,317.1,3.4,1.7,2014-06-11,0218,Terra,MODIS,61,6.2,299.2,54.2,D,0
-14.6587,127.159,318.2,2.2,1.4,2014-06-11,0218,Terra,MODIS,69,6.2,303.3,28.3,D,0
-14.6365,127.0809,319.1,2.1,1.4,2014-06-11,0218,Terra,MODIS,70,6.2,302.9,29.2,D,0
-14.2792,126.8215,316.5,2,1.4,2014-06-11,0218,Terra,MODIS,34,6.2,304,20.2,D,0
-14.9032,126.6061,334.3,2,1.4,2014-06-11,0218,Terra,MODIS,86,6.2,303.1,76,D,0
-14.901,126.5879,325.1,2,1.4,2014-06-11,0218,Terra,MODIS,78,6.2,300.9,44.1,D,0
-14.8909,126.6078,315.2,2,1.4,2014-06-11,0218,Terra,MODIS,34,6.2,302.1,18.1,D,0
-15.0504,129.6894,327.6,3.4,1.7,2014-06-11,0218,Terra,MODIS,61,6.2,302.6,113.6,D,0
-15.0605,129.6825,321.6,3.4,1.7,2014-06-11,0218,Terra,MODIS,56,6.2,300.2,75,D,0
-15.2122,127.4541,313.7,2.3,1.5,2014-06-11,0218,Terra,MODIS,32,6.2,302.7,17,D,0
-15.0537,129.7197,315.5,3.4,1.7,2014-06-11,0218,Terra,MODIS,60,6.2,303.1,38.7,D,0
-15.0637,129.7135,319.2,3.4,1.7,2014-06-11,0218,Terra,MODIS,71,6.2,301.2,60.9,D,0
-14.7571,126.0105,312.2,1.8,1.3,2014-06-11,0218,Terra,MODIS,53,6.2,301.1,11.1,D,0
-14.7552,125.9944,325.1,1.8,1.3,2014-06-11,0218,Terra,MODIS,78,6.2,301.7,39.3,D,0
-14.7484,126.0017,325.7,1.8,1.3,2014-06-11,0218,Terra,MODIS,79,6.2,302.6,39.4,D,0
-15.2699,127.9083,312.2,2.5,1.5,2014-06-11,0218,Terra,MODIS,29,6.2,302.1,16.7,D,0
-14.9908,129.7278,315.1,3.4,1.7,2014-06-11,0218,Terra,MODIS,24,6.2,303.9,34.7,D,0
-14.5678,127.6191,318.6,2.3,1.5,2014-06-11,0218,Terra,MODIS,52,6.2,304.1,27.9,D,0
-14.5722,127.625,317.4,2.3,1.5,2014-06-11,0218,Terra,MODIS,68,6.2,304.9,27,D,0
-13.9108,129.8631,312.1,3.4,1.7,2014-06-11,0218,Terra,MODIS,49,6.2,301.2,39.2,D,0
-13.9143,129.8948,315.5,3.4,1.7,2014-06-11,0218,Terra,MODIS,64,6.2,299.4,53.1,D,0
-15.3808,125.7882,322.5,1.7,1.3,2014-06-11,0218,Terra,MODIS,76,6.2,304,28.7,D,0
-14.8307,127.6185,318.2,2.4,1.5,2014-06-11,0218,Terra,MODIS,58,6.2,304.7,28.4,D,0
-14.8573,127.6151,317.9,2.4,1.5,2014-06-11,0218,Terra,MODIS,57,6.2,305.3,26.2,D,0
-14.8554,127.6322,316.9,2.4,1.5,2014-06-11,0218,Terra,MODIS,61,6.2,303.3,24.6,D,0
-14.2226,126.7969,320.2,2,1.4,2014-06-11,0218,Terra,MODIS,70,6.2,301.9,23.7,D,0
-15.277,127.7835,316.7,2.5,1.5,2014-06-11,0218,Terra,MODIS,50,6.2,303.3,27.2,D,0
-14.9082,126.6185,321,2,1.4,2014-06-11,0218,Terra,MODIS,53,6.2,303,29.2,D,0
-14.5413,129.5624,316.4,3.3,1.7,2014-06-11,0218,Terra,MODIS,0,6.2,300.8,40.4,D,0
-15.9575,126.2465,314.3,1.9,1.4,2014-06-11,0218,Terra,MODIS,60,6.2,302.7,18.6,D,0
-14.9602,126.4282,329.4,1.9,1.4,2014-06-11,0218,Terra,MODIS,83,6.2,304.9,52.5,D,0
-14.5373,129.5573,321.3,3.3,1.7,2014-06-11,0218,Terra,MODIS,0,6.2,301.6,63.5,D,0
-14.4989,127.7726,314.1,2.4,1.5,2014-06-11,0218,Terra,MODIS,61,6.2,302.8,23,D,0
-14.9061,126.6002,331,2,1.4,2014-06-11,0218,Terra,MODIS,84,6.2,302.7,62.9,D,0
-15.3523,129.8954,310.8,3.6,1.8,2014-06-11,0218,Terra,MODIS,33,6.2,300,34,D,0
-14.9155,126.6044,314.9,2,1.4,2014-06-11,0218,Terra,MODIS,25,6.2,303,17.3,D,0
-14.9055,126.6245,317,2,1.4,2014-06-11,0218,Terra,MODIS,64,6.2,302.7,21.7,D,0
-14.2273,126.8094,315.5,2,1.4,2014-06-11,0218,Terra,MODIS,39,6.2,302,14,D,0
-14.2071,126.8743,322,2,1.4,2014-06-11,0218,Terra,MODIS,75,6.2,305.1,28.7,D,0
-15.2442,126.0682,312.8,1.8,1.3,2014-06-11,0218,Terra,MODIS,47,6.2,301.6,14.2,D,0
-14.6342,127.0619,330.1,2.1,1.4,2014-06-11,0218,Terra,MODIS,83,6.2,302.6,66.1,D,0
-14.6701,127.0375,317.2,2.1,1.4,2014-06-11,0218,Terra,MODIS,62,6.2,303.3,24.3,D,0
-15.1783,125.9808,315.6,1.8,1.3,2014-06-11,0218,Terra,MODIS,57,6.2,301,17.8,D,0
-14.9812,129.7363,314.8,3.4,1.7,2014-06-11,0218,Terra,MODIS,44,6.2,303.7,36.5,D,0
-14.1515,126.182,313.6,1.8,1.3,2014-06-11,0218,Terra,MODIS,0,6.2,301.3,12.7,D,0
-14.6821,126.1435,316.4,1.8,1.3,2014-06-11,0218,Terra,MODIS,61,6.2,302.3,19.4,D,0
-15.6151,125.7281,317.7,1.7,1.3,2014-06-11,0218,Terra,MODIS,70,6.2,302.6,20,D,0
-15.6171,125.7442,314.4,1.7,1.3,2014-06-11,0218,Terra,MODIS,61,6.2,302.5,13.5,D,0
-14.3445,126.5137,315.1,1.9,1.3,2014-06-11,0218,Terra,MODIS,44,6.2,302.8,14.6,D,0
-13.545,130.7886,314.9,4,1.9,2014-06-11,0218,Terra,MODIS,56,6.2,301.9,51.4,D,0
-16.6372,126.741,313.1,2.1,1.4,2014-06-11,0219,Terra,MODIS,44,6.2,302.7,14.6,D,0
-16.3779,127.573,317.3,2.5,1.5,2014-06-11,0219,Terra,MODIS,68,6.2,302.5,35.7,D,0
-17.1029,123.2436,317,1.2,1.1,2014-06-11,0219,Terra,MODIS,63,6.2,301.4,10.4,D,0
-17.5396,123.7013,327.1,1.3,1.1,2014-06-11,0219,Terra,MODIS,73,6.2,302.3,25.5,D,0
-17.0471,126.2255,319.3,2,1.4,2014-06-11,0219,Terra,MODIS,50,6.2,305.3,22.1,D,0
-17.5413,123.7139,326.4,1.3,1.1,2014-06-11,0219,Terra,MODIS,71,6.2,304.6,24.2,D,0
-17.55,123.6999,317.5,1.3,1.1,2014-06-11,0219,Terra,MODIS,56,6.2,300.2,12.4,D,0
-15.9607,125.2114,326.6,1.6,1.3,2014-06-11,0219,Terra,MODIS,80,6.2,301.3,38.9,D,0
-16.0056,125.1146,318.4,1.6,1.2,2014-06-11,0219,Terra,MODIS,54,6.2,304.1,18.1,D,0
-16.0053,125.1089,319.7,1.6,1.2,2014-06-11,0219,Terra,MODIS,50,6.2,303.9,19.4,D,0
-16.8015,122.5833,317.2,1.1,1.1,2014-06-11,0219,Terra,MODIS,68,6.2,303.1,10.6,D,0
-15.972,125.2099,313.6,1.6,1.3,2014-06-11,0219,Terra,MODIS,39,6.2,302.5,13.3,D,0
-16.0037,125.1,316,1.6,1.2,2014-06-11,0219,Terra,MODIS,34,6.2,304,14,D,0
-15.8903,125.1956,318.8,1.6,1.2,2014-06-11,0219,Terra,MODIS,71,6.2,301.2,21.4,D,0
-15.9589,125.1963,313.1,1.6,1.2,2014-06-11,0219,Terra,MODIS,50,6.2,299.8,12.6,D,0
-16.3492,125.5696,326.9,1.7,1.3,2014-06-11,0219,Terra,MODIS,80,6.2,304.9,34.2,D,0
-16.3567,125.5618,317.7,1.7,1.3,2014-06-11,0219,Terra,MODIS,62,6.2,305.5,14.3,D,0
-16.0118,125.5323,315,1.7,1.3,2014-06-11,0219,Terra,MODIS,65,6.2,300.8,18.8,D,0
-16.0061,125.5818,311.5,1.7,1.3,2014-06-11,0219,Terra,MODIS,22,6.2,300.7,10.9,D,0
-16.0137,125.5481,316.3,1.7,1.3,2014-06-11,0219,Terra,MODIS,67,6.2,301.5,20.4,D,0
-18.5313,121.8759,333.6,1.1,1,2014-06-11,0219,Terra,MODIS,67,6.2,304,27.3,D,0
-18.5327,121.8863,325.2,1.1,1,2014-06-11,0219,Terra,MODIS,43,6.2,304.4,16.1,D,0
-18.5341,121.8968,321,1.1,1,2014-06-11,0219,Terra,MODIS,52,6.2,304.5,12.1,D,0
-18.5284,121.8551,322.8,1.1,1,2014-06-11,0219,Terra,MODIS,16,6.2,302.6,13.3,D,0
-18.5299,121.8655,333.3,1.1,1,2014-06-11,0219,Terra,MODIS,75,6.2,303.5,27.6,D,0
-16.01,125.8124,315.7,1.8,1.3,2014-06-11,0219,Terra,MODIS,62,6.2,299.5,20.7,D,0
-16.1727,125.3561,316.8,1.7,1.3,2014-06-11,0219,Terra,MODIS,68,6.2,301,19.4,D,0
-16.7891,125.5321,318.8,1.8,1.3,2014-06-11,0219,Terra,MODIS,72,6.2,302.2,20.6,D,0
-16.7911,125.5482,313,1.8,1.3,2014-06-11,0219,Terra,MODIS,55,6.2,301.1,10.6,D,0
-16.7866,125.543,321.4,1.8,1.3,2014-06-11,0219,Terra,MODIS,75,6.2,301.7,26.5,D,0
-18.5355,121.9072,315.4,1.1,1.1,2014-06-11,0219,Terra,MODIS,44,6.2,302.9,7,D,0
-21.6349,119.2487,319.9,1,1,2014-06-11,0220,Terra,MODIS,73,6.2,298.8,11.6,D,0
-21.6444,119.2508,326.1,1,1,2014-06-11,0220,Terra,MODIS,80,6.2,299.9,18.2,D,0
-21.6458,119.2605,315.8,1,1,2014-06-11,0220,Terra,MODIS,66,6.2,298.9,8,D,0
-21.6363,119.2583,314.6,1,1,2014-06-11,0220,Terra,MODIS,57,6.2,299.3,6.8,D,0
-20.7972,118.5709,358.5,1,1,2014-06-11,0220,Terra,MODIS,99,6.2,303.6,75.7,D,0
-20.7987,118.5806,381.1,1,1,2014-06-11,0220,Terra,MODIS,100,6.2,308.9,152.2,D,0
-20.8002,118.5903,332.3,1,1,2014-06-11,0220,Terra,MODIS,83,6.2,305,23.8,D,0
-20.8078,118.5829,354,1,1,2014-06-11,0220,Terra,MODIS,97,6.2,302.7,64.4,D,0
-20.8093,118.5925,326.9,1,1,2014-06-11,0220,Terra,MODIS,78,6.2,302.7,16.8,D,0
-20.8769,118.6109,316.4,1,1,2014-06-11,0220,Terra,MODIS,53,6.2,303.4,5.2,D,0
-20.8063,118.5732,372,1,1,2014-06-11,0220,Terra,MODIS,100,6.2,301.7,117.6,D,0
-20.8784,118.6205,321.6,1,1,2014-06-11,0220,Terra,MODIS,71,6.2,303.3,10.3,D,0
-20.2207,119.5824,318.6,1,1,2014-06-11,0220,Terra,MODIS,57,6.2,303.3,7.2,D,0
-20.4864,118.9535,343.4,1,1,2014-06-11,0220,Terra,MODIS,91,6.2,304.6,38.8,D,0
-21.8484,119.9654,324.7,1,1,2014-06-11,0220,Terra,MODIS,79,6.2,301.6,16,D,0
-21.8393,119.9668,323.6,1,1,2014-06-11,0220,Terra,MODIS,61,6.2,300.6,14.4,D,0
-21.8307,119.9646,331.1,1,1,2014-06-11,0220,Terra,MODIS,84,6.2,299.8,23.7,D,0
-23.7725,121.1585,307,1.2,1.1,2014-06-11,0221,Terra,MODIS,59,6.2,286.8,6.8,D,0
-23.7836,121.1684,307.7,1.2,1.1,2014-06-11,0221,Terra,MODIS,53,6.2,287.8,7,D,0
-23.774,121.1698,308.3,1.2,1.1,2014-06-11,0221,Terra,MODIS,63,6.2,288.2,8,D,0
-32.5048,116.0798,300.8,1,1,2014-06-11,0223,Terra,MODIS,42,6.2,282.8,5.9,D,0
-32.2812,115.8199,302.5,1,1,2014-06-11,0223,Terra,MODIS,50,6.2,285.5,6.4,D,0
-32.2828,115.8306,303.3,1,1,2014-06-11,0223,Terra,MODIS,56,6.2,286.2,6.8,D,0
-30.8651,121.4898,311.3,1.5,1.2,2014-06-11,0223,Terra,MODIS,71,6.2,281.3,22.1,D,2
-30.8157,151.3374,300.2,1.9,1.4,2014-06-11,0323,Aqua,MODIS,32,6.2,289.8,9.7,D,0
-31.9025,145.8524,301.4,4.6,2,2014-06-11,0323,Aqua,MODIS,38,6.2,290.7,34.7,D,0
-31.2116,147.103,301.3,3.8,1.8,2014-06-11,0323,Aqua,MODIS,46,6.2,291.1,21.2,D,0
-31.2167,147.1076,302.3,3.8,1.8,2014-06-11,0323,Aqua,MODIS,52,6.2,291.1,23.6,D,0
-28.5506,149.4479,308.9,2.4,1.5,2014-06-11,0324,Aqua,MODIS,63,6.2,297.1,18.5,D,0
-27.8893,148.8088,317.1,2.7,1.6,2014-06-11,0324,Aqua,MODIS,74,6.2,298,48,D,0
-27.8861,148.8034,310,2.7,1.6,2014-06-11,0324,Aqua,MODIS,63,6.2,297.6,23.7,D,0
-28.5433,149.4518,309.3,2.4,1.5,2014-06-11,0324,Aqua,MODIS,64,6.2,297.2,18.5,D,0
-27.9003,148.8048,311.9,2.7,1.6,2014-06-11,0324,Aqua,MODIS,67,6.2,297.1,30.3,D,0
-27.9035,148.8103,307.1,2.7,1.6,2014-06-11,0324,Aqua,MODIS,32,6.2,296.4,15.6,D,0
-29.5365,149.5164,307.4,2.5,1.5,2014-06-11,0324,Aqua,MODIS,59,6.2,296.5,14.6,D,0
-26.9864,153.0366,302.9,1.3,1.1,2014-06-11,0324,Aqua,MODIS,41,6.2,289.7,7.9,D,0
-26.988,153.023,311.3,1.3,1.1,2014-06-11,0324,Aqua,MODIS,71,6.2,289.5,16.8,D,0
-25.63,151.5447,308.4,1.6,1.2,2014-06-11,0325,Aqua,MODIS,43,6.2,294.3,12.4,D,0
-25.6315,151.5396,305.1,1.6,1.2,2014-06-11,0325,Aqua,MODIS,27,6.2,292.6,9.3,D,0
-26.6899,150.5264,310.8,1.9,1.4,2014-06-11,0325,Aqua,MODIS,67,6.2,295.6,19.3,D,0
-26.6919,150.5069,305.8,1.9,1.4,2014-06-11,0325,Aqua,MODIS,56,6.2,295.4,10.4,D,0
-26.8004,150.2,310.5,2.1,1.4,2014-06-11,0325,Aqua,MODIS,66,6.2,295.7,20,D,2
-31.9071,145.8602,300.7,4.4,1.9,2014-06-11,0501,Aqua,MODIS,40,6.2,289.1,34.1,D,0
-21.8405,119.9426,311.9,4.5,1.9,2014-06-11,0505,Aqua,MODIS,34,6.2,297.1,42.5,D,0
-20.7441,127.8382,316,1.2,1.1,2014-06-11,0505,Aqua,MODIS,50,6.2,304.7,6.4,D,0
-15.0611,129.697,326.7,1,1,2014-06-11,0506,Aqua,MODIS,58,6.2,308,12.3,D,0
-15.622,126.837,320.9,1.2,1.1,2014-06-11,0506,Aqua,MODIS,60,6.2,308.6,10.9,D,0
-15.4579,126.7675,314.8,1.2,1.1,2014-06-11,0506,Aqua,MODIS,34,6.2,304.6,6.5,D,0
-15.4972,124.7883,316.9,1.6,1.2,2014-06-11,0506,Aqua,MODIS,37,6.2,302.9,14.1,D,0
-15.3953,126.152,318.1,1.3,1.1,2014-06-11,0506,Aqua,MODIS,56,6.2,305.7,11,D,0
-15.3818,125.7916,328.6,1.4,1.2,2014-06-11,0506,Aqua,MODIS,75,6.2,306.6,25.3,D,0
-16.7046,126.6558,333,1.3,1.1,2014-06-11,0506,Aqua,MODIS,83,6.2,305.8,33.4,D,0
-15.3714,125.7902,353.7,1.4,1.2,2014-06-11,0506,Aqua,MODIS,97,6.2,307,96.1,D,0
-15.2195,127.4236,327.4,1.1,1.1,2014-06-11,0506,Aqua,MODIS,76,6.2,309.6,15.9,D,0
-15.2181,127.4339,320.5,1.1,1.1,2014-06-11,0506,Aqua,MODIS,36,6.2,309.1,7.7,D,0
-15.2168,127.4442,325.9,1.1,1,2014-06-11,0506,Aqua,MODIS,66,6.2,309.8,14.4,D,0
-14.8646,129.9065,328.9,1,1,2014-06-11,0506,Aqua,MODIS,70,6.2,307.1,15.9,D,0
-14.8736,129.9079,354.1,1,1,2014-06-11,0506,Aqua,MODIS,97,6.2,309,60.9,D,0
-14.8826,129.9093,329.3,1,1,2014-06-11,0506,Aqua,MODIS,76,6.2,306.4,15.9,D,0
-14.8916,129.9108,330.8,1,1,2014-06-11,0506,Aqua,MODIS,80,6.2,306.2,18,D,0
-14.9006,129.9122,319.5,1,1,2014-06-11,0506,Aqua,MODIS,55,6.2,306.9,5.7,D,0
-15.2584,129.9831,334.5,1,1,2014-06-11,0506,Aqua,MODIS,84,6.2,306.3,25.3,D,0
-15.2534,129.9538,322,1,1,2014-06-11,0506,Aqua,MODIS,60,6.2,306.2,9.3,D,0
-15.4876,124.6794,335.2,1.6,1.3,2014-06-11,0506,Aqua,MODIS,56,6.2,301.9,51.9,D,0
-15.3065,126.1341,319.7,1.3,1.1,2014-06-11,0506,Aqua,MODIS,57,6.2,307.2,12.5,D,0
-15.2963,126.1328,334.8,1.3,1.1,2014-06-11,0506,Aqua,MODIS,85,6.2,304.9,38.1,D,0
-15.7246,124.6135,316,1.7,1.3,2014-06-11,0506,Aqua,MODIS,40,6.2,304.9,10.3,D,0
-15.2862,126.1313,317.5,1.3,1.1,2014-06-11,0506,Aqua,MODIS,28,6.2,304.7,8.3,D,0
-15.2661,126.1342,325.6,1.3,1.1,2014-06-11,0506,Aqua,MODIS,75,6.2,305.7,20.4,D,0
-15.4915,124.7417,319.5,1.6,1.3,2014-06-11,0506,Aqua,MODIS,59,6.2,305.3,18.1,D,0
-15.2762,127.9003,319.5,1.1,1,2014-06-11,0506,Aqua,MODIS,57,6.2,308.4,7.1,D,0
-17.1133,123.2254,318.6,2.2,1.4,2014-06-11,0506,Aqua,MODIS,66,6.2,301.8,27.9,D,0
-15.2677,126.1223,332.5,1.3,1.1,2014-06-11,0506,Aqua,MODIS,83,6.2,305,33.2,D,0
-15.3538,129.9001,332.2,1,1,2014-06-11,0506,Aqua,MODIS,81,6.2,308.5,21.1,D,0
-15.3552,129.8908,326.3,1,1,2014-06-11,0506,Aqua,MODIS,70,6.2,307.9,13.6,D,0
-15.3565,129.8815,323.8,1,1,2014-06-11,0506,Aqua,MODIS,49,6.2,307.3,11.2,D,0
-15.1377,129.7999,324.7,1,1,2014-06-11,0506,Aqua,MODIS,41,6.2,306.2,10.6,D,0
-15.139,129.7906,322.8,1,1,2014-06-11,0506,Aqua,MODIS,51,6.2,307.1,10.2,D,0
-15.1403,129.7813,323.7,1,1,2014-06-11,0506,Aqua,MODIS,56,6.2,306.8,11.6,D,0
-15.9887,125.8002,320.2,1.4,1.2,2014-06-11,0506,Aqua,MODIS,63,6.2,302.2,16,D,0
-15.2684,127.8184,325.5,1.1,1,2014-06-11,0506,Aqua,MODIS,40,6.2,309.4,12.1,D,0
-15.768,124.8106,317.2,1.6,1.2,2014-06-11,0506,Aqua,MODIS,60,6.2,302.5,15.5,D,0
-15.7774,124.8272,317.4,1.6,1.2,2014-06-11,0506,Aqua,MODIS,44,6.2,303.2,15.4,D,0
-15.0624,129.6878,325,1,1,2014-06-11,0506,Aqua,MODIS,41,6.2,306.6,10.5,D,0
-15.616,124.6551,330,1.6,1.3,2014-06-11,0506,Aqua,MODIS,81,6.2,304.4,42.1,D,0
-15.6046,124.6536,326.3,1.6,1.3,2014-06-11,0506,Aqua,MODIS,78,6.2,303.5,32.7,D,0
-15.2817,127.7901,327.5,1.1,1,2014-06-11,0506,Aqua,MODIS,70,6.2,309.3,16.1,D,0
-15.2803,127.8001,326.2,1.1,1,2014-06-11,0506,Aqua,MODIS,50,6.2,309.2,13.9,D,0
-17.0508,126.25,323.3,1.3,1.1,2014-06-11,0506,Aqua,MODIS,52,6.2,306.8,15.1,D,0
-17.0492,126.2627,333.8,1.3,1.1,2014-06-11,0506,Aqua,MODIS,84,6.2,306.1,36,D,0
-17.0667,126.2906,333,1.3,1.1,2014-06-11,0506,Aqua,MODIS,82,6.2,307.7,31,D,0
-14.336,132.6344,319.4,1.3,1.1,2014-06-11,0506,Aqua,MODIS,44,6.2,305.4,10.3,D,0
-14.3461,132.6362,325.7,1.3,1.1,2014-06-11,0506,Aqua,MODIS,70,6.2,305,19.7,D,0
-14.3445,132.6426,327.3,1.3,1.1,2014-06-11,0506,Aqua,MODIS,45,6.2,306.5,21.9,D,0
-16.7587,128.1911,325.5,1.1,1,2014-06-11,0506,Aqua,MODIS,74,6.2,308.5,14.6,D,0
-16.0924,126.5864,322.2,1.2,1.1,2014-06-11,0506,Aqua,MODIS,53,6.2,308.1,12.1,D,0
-16.5195,127.2987,320.4,1.2,1.1,2014-06-11,0506,Aqua,MODIS,59,6.2,306.6,10,D,0
-16.5209,127.2879,344.9,1.2,1.1,2014-06-11,0506,Aqua,MODIS,92,6.2,309.1,51.4,D,0
-15.6565,124.698,322.4,1.6,1.3,2014-06-11,0506,Aqua,MODIS,73,6.2,305.7,23.6,D,0
-17.0841,126.2995,321.7,1.3,1.1,2014-06-11,0506,Aqua,MODIS,43,6.2,309.6,8.6,D,0
-17.077,126.292,336.5,1.3,1.1,2014-06-11,0506,Aqua,MODIS,86,6.2,309.5,37.7,D,0
-17.0786,126.2794,325.3,1.3,1.1,2014-06-11,0506,Aqua,MODIS,53,6.2,310.4,14.7,D,0
-17.0683,126.2781,328,1.3,1.1,2014-06-11,0506,Aqua,MODIS,56,6.2,307.8,20.1,D,0
-16.6329,126.7339,326.3,1.2,1.1,2014-06-11,0506,Aqua,MODIS,72,6.2,307.7,17.8,D,0
-15.2413,126.4835,320.3,1.2,1.1,2014-06-11,0506,Aqua,MODIS,65,6.2,303.9,13.7,D,0
-16.7322,128.2019,330.6,1.1,1,2014-06-11,0506,Aqua,MODIS,80,6.2,307.2,20.5,D,0
-16.7415,128.2032,325.5,1.1,1,2014-06-11,0506,Aqua,MODIS,72,6.2,307.6,13.7,D,0
-15.9641,126.2425,317.5,1.3,1.1,2014-06-11,0506,Aqua,MODIS,40,6.2,307.4,10.6,D,0
-15.2792,127.7383,321.3,1.1,1,2014-06-11,0506,Aqua,MODIS,46,6.2,309.6,7.3,D,0
-15.2089,129.884,326.5,1,1,2014-06-11,0506,Aqua,MODIS,74,6.2,306.8,14.4,D,0
-15.2102,129.8748,332.8,1,1,2014-06-11,0506,Aqua,MODIS,82,6.2,306,22.3,D,0
-14.9838,129.7229,323.2,1,1,2014-06-11,0506,Aqua,MODIS,54,6.2,311,9.3,D,0
-14.9748,129.7215,338.1,1,1,2014-06-11,0506,Aqua,MODIS,87,6.2,309.8,28.4,D,0
-14.3647,132.646,322.6,1.3,1.1,2014-06-11,0506,Aqua,MODIS,69,6.2,304.8,16.2,D,0
-14.3315,133.1882,329.3,1.4,1.2,2014-06-11,0506,Aqua,MODIS,79,6.2,309.1,27,D,0
-14.3295,133.2012,318.9,1.4,1.2,2014-06-11,0506,Aqua,MODIS,52,6.2,307.4,9.1,D,0
-14.3546,132.6443,326.3,1.3,1.1,2014-06-11,0506,Aqua,MODIS,69,6.2,304.6,21.1,D,0
-15.7229,135.4838,321.8,1.9,1.4,2014-06-11,0506,Aqua,MODIS,70,6.2,303.1,27.7,D,0
-15.373,125.7774,326.9,1.4,1.2,2014-06-11,0506,Aqua,MODIS,77,6.2,307.3,23.7,D,0
-15.4384,125.7277,319.2,1.4,1.2,2014-06-11,0506,Aqua,MODIS,47,6.2,304.9,13.8,D,0
-15.3224,125.7579,322.9,1.4,1.2,2014-06-11,0506,Aqua,MODIS,52,6.2,304.9,18,D,0
-15.3162,125.7509,321.7,1.4,1.2,2014-06-11,0506,Aqua,MODIS,35,6.2,305.6,15.2,D,0
-15.4488,125.7296,320.6,1.4,1.2,2014-06-11,0506,Aqua,MODIS,62,6.2,303.8,17,D,0
-15.5706,125.8299,326.9,1.4,1.2,2014-06-11,0506,Aqua,MODIS,78,6.2,305,26.6,D,0
-16.0216,125.5355,315.9,1.4,1.2,2014-06-11,0506,Aqua,MODIS,38,6.2,305.1,11.6,D,0
-16.0109,125.5341,316.7,1.4,1.2,2014-06-11,0506,Aqua,MODIS,31,6.2,305.5,12.5,D,0
-16.0126,125.5206,328.1,1.5,1.2,2014-06-11,0506,Aqua,MODIS,79,6.2,305.5,32.8,D,0
-16.015,125.5891,319.2,1.4,1.2,2014-06-11,0506,Aqua,MODIS,55,6.2,303.8,15.8,D,0
-16.0043,125.5876,319,1.4,1.2,2014-06-11,0506,Aqua,MODIS,48,6.2,302.8,15.7,D,0
-16.006,125.5743,336.8,1.4,1.2,2014-06-11,0506,Aqua,MODIS,87,6.2,303.9,52.7,D,0
-15.6047,125.7758,316.3,1.4,1.2,2014-06-11,0506,Aqua,MODIS,31,6.2,305,9.4,D,0
-15.728,125.6947,315.3,1.4,1.2,2014-06-11,0506,Aqua,MODIS,52,6.2,304.4,8.9,D,0
-18.5385,121.8754,324.2,2.9,1.6,2014-06-11,0506,Aqua,MODIS,73,6.2,302.6,66.6,D,0
-18.5414,121.8473,318.4,2.9,1.6,2014-06-11,0506,Aqua,MODIS,56,6.2,301.4,39.4,D,0
-18.5294,121.8177,340.5,3,1.6,2014-06-11,0506,Aqua,MODIS,67,6.2,301.4,171.7,D,0
-18.5291,121.8102,341.4,3,1.6,2014-06-11,0506,Aqua,MODIS,0,6.2,301.5,172.9,D,0
-15.5689,125.8428,316.5,1.4,1.2,2014-06-11,0506,Aqua,MODIS,54,6.2,305.7,9.6,D,0
-15.6095,125.7371,321,1.4,1.2,2014-06-11,0506,Aqua,MODIS,43,6.2,304.2,14.4,D,0
-15.6047,125.731,320.8,1.4,1.2,2014-06-11,0506,Aqua,MODIS,54,6.2,301.6,16.5,D,0
-15.6111,125.7242,322.2,1.4,1.2,2014-06-11,0506,Aqua,MODIS,61,6.2,304.4,15.9,D,0
-16.0097,125.8033,327.2,1.4,1.2,2014-06-11,0506,Aqua,MODIS,74,6.2,304.1,27.6,D,0
-15.7757,125.7407,317.4,1.4,1.2,2014-06-11,0506,Aqua,MODIS,59,6.2,303,11.5,D,0
-15.7774,125.7277,319.8,1.4,1.2,2014-06-11,0506,Aqua,MODIS,48,6.2,305.4,14.7,D,0
-15.7613,125.686,318.1,1.4,1.2,2014-06-11,0506,Aqua,MODIS,58,6.2,303.7,13.1,D,0
-15.7383,125.8661,318.5,1.4,1.2,2014-06-11,0506,Aqua,MODIS,56,6.2,305.7,11.2,D,0
-16.1927,125.3606,315.9,1.5,1.2,2014-06-11,0506,Aqua,MODIS,34,6.2,303,10.6,D,0
-16.2001,125.3707,315.7,1.5,1.2,2014-06-11,0506,Aqua,MODIS,24,6.2,303.6,10.3,D,0
-16.1801,125.354,328.2,1.5,1.2,2014-06-11,0506,Aqua,MODIS,79,6.2,304.8,33.6,D,0
-14.3519,132.7922,321.4,1.3,1.1,2014-06-11,0506,Aqua,MODIS,64,6.2,307.7,12.3,D,0
-14.3607,132.8694,317.7,1.3,1.1,2014-06-11,0506,Aqua,MODIS,24,6.2,305.9,7.5,D,0
-14.6937,132.7641,332.4,1.3,1.1,2014-06-11,0506,Aqua,MODIS,67,6.2,305.2,30.9,D,0
-14.6836,132.7678,348,1.3,1.1,2014-06-11,0506,Aqua,MODIS,93,6.2,306.4,66.9,D,0
-14.6855,132.7558,329,1.3,1.1,2014-06-11,0506,Aqua,MODIS,46,6.2,302.4,24,D,0
-14.6716,132.778,330.9,1.3,1.1,2014-06-11,0506,Aqua,MODIS,33,6.2,309,23.6,D,0
-14.6735,132.766,386.1,1.3,1.1,2014-06-11,0506,Aqua,MODIS,100,6.2,312.7,248.7,D,0
-14.6753,132.7541,328.5,1.3,1.1,2014-06-11,0506,Aqua,MODIS,62,6.2,304.4,24.8,D,0
-14.5024,132.749,326.2,1.3,1.1,2014-06-11,0506,Aqua,MODIS,75,6.2,307.7,19.4,D,0
-14.5043,132.737,320.2,1.3,1.1,2014-06-11,0506,Aqua,MODIS,34,6.2,307.6,10.2,D,0
-14.4922,132.7473,348.3,1.3,1.1,2014-06-11,0506,Aqua,MODIS,94,6.2,308.7,70.6,D,0
-14.4941,132.7353,330.1,1.3,1.1,2014-06-11,0506,Aqua,MODIS,80,6.2,308.9,26.4,D,0
-14.4068,132.7766,320.6,1.3,1.1,2014-06-11,0506,Aqua,MODIS,63,6.2,307.4,10.5,D,0
-14.5568,132.7282,320.1,1.3,1.1,2014-06-11,0506,Aqua,MODIS,54,6.2,306.8,10.2,D,0
-15.7204,129.1968,323.7,1,1,2014-06-11,0506,Aqua,MODIS,71,6.2,306.8,12.1,D,0
-14.4356,132.7747,322.8,1.3,1.1,2014-06-11,0506,Aqua,MODIS,65,6.2,307.5,14.5,D,0
-14.4375,132.7627,322.8,1.3,1.1,2014-06-11,0506,Aqua,MODIS,66,6.2,305.9,14.5,D,0
-14.328,133.9238,329,1.6,1.2,2014-06-11,0506,Aqua,MODIS,80,6.2,304.3,35.2,D,0
-15.9451,135.2676,360.2,1.8,1.3,2014-06-11,0506,Aqua,MODIS,100,6.2,304,188,D,0
-14.3257,133.9382,329.9,1.6,1.2,2014-06-11,0506,Aqua,MODIS,81,6.2,303.4,38,D,0
-15.9424,135.3132,326.4,1.9,1.3,2014-06-11,0506,Aqua,MODIS,71,6.2,303.6,29.8,D,0
-15.9362,135.2484,353,1.8,1.3,2014-06-11,0506,Aqua,MODIS,96,6.2,305.1,144.6,D,0
-15.9453,135.2959,372.4,1.9,1.3,2014-06-11,0506,Aqua,MODIS,100,6.2,308.2,276.6,D,0
-14.4615,134.0961,319.4,1.6,1.2,2014-06-11,0506,Aqua,MODIS,61,6.2,306.5,14,D,0
-15.7157,135.4937,327.8,1.9,1.4,2014-06-11,0506,Aqua,MODIS,78,6.2,303.7,44.8,D,0
-15.9391,135.2596,379,1.8,1.3,2014-06-11,0506,Aqua,MODIS,100,6.2,307.3,337.5,D,0
-15.9157,135.3259,320,1.9,1.3,2014-06-11,0506,Aqua,MODIS,51,6.2,305.3,14.7,D,0
-15.9273,135.2573,333,1.8,1.3,2014-06-11,0506,Aqua,MODIS,81,6.2,307.5,52.7,D,0
-15.9421,135.2845,380.3,1.8,1.3,2014-06-11,0506,Aqua,MODIS,100,6.2,309.7,352.4,D,0
-15.9363,135.2765,374.6,1.8,1.3,2014-06-11,0506,Aqua,MODIS,100,6.2,309.3,294.1,D,0
-15.8768,135.2657,319.3,1.8,1.3,2014-06-11,0506,Aqua,MODIS,56,6.2,305.5,13.9,D,0
-15.9482,135.2788,330.8,1.8,1.3,2014-06-11,0506,Aqua,MODIS,69,6.2,303.8,43.4,D,0
-14.3264,133.9451,318.1,1.6,1.2,2014-06-11,0506,Aqua,MODIS,59,6.2,302.8,13.8,D,0
-15.9392,135.3017,370.7,1.9,1.3,2014-06-11,0506,Aqua,MODIS,100,6.2,309.2,264.6,D,0
-14.389,135.126,314.8,1.9,1.4,2014-06-11,0506,Aqua,MODIS,50,6.2,302.2,15.7,D,0
-14.3604,133.8772,324.7,1.6,1.2,2014-06-11,0506,Aqua,MODIS,75,6.2,304.5,26.6,D,0
-15.7199,135.5012,321.1,1.9,1.4,2014-06-11,0506,Aqua,MODIS,69,6.2,302.6,25.8,D,0
-14.3399,133.9325,314.9,1.6,1.2,2014-06-11,0506,Aqua,MODIS,20,6.2,303.1,7.7,D,0
-14.3288,133.9307,339.1,1.6,1.2,2014-06-11,0506,Aqua,MODIS,88,6.2,304.8,64.7,D,0
-15.9332,135.2653,370.4,1.8,1.3,2014-06-11,0506,Aqua,MODIS,100,6.2,308.9,260.1,D,0
-15.7439,124.9139,313.4,1.6,1.2,2014-06-11,0506,Aqua,MODIS,27,6.2,302.7,8.9,D,0
-16.1905,124.7208,316.9,1.7,1.3,2014-06-11,0506,Aqua,MODIS,27,6.2,301.6,15.1,D,0
-16.1905,124.7121,317.7,1.7,1.3,2014-06-11,0506,Aqua,MODIS,61,6.2,302.4,17.3,D,0
-15.7132,125.0722,316.5,1.5,1.2,2014-06-11,0506,Aqua,MODIS,60,6.2,302.7,14.9,D,0
-15.825,125.1821,321.7,1.5,1.2,2014-06-11,0506,Aqua,MODIS,71,6.2,304.7,21.2,D,0
-15.8268,125.1677,315.5,1.5,1.2,2014-06-11,0506,Aqua,MODIS,52,6.2,304.2,9.9,D,0
-16.2851,126.1866,344.2,1.3,1.1,2014-06-11,0506,Aqua,MODIS,91,6.2,308.1,62.9,D,0
-16.2867,126.1742,371.5,1.3,1.1,2014-06-11,0506,Aqua,MODIS,100,6.2,309.2,170.8,D,0
-16.2786,126.1803,329.5,1.3,1.1,2014-06-11,0506,Aqua,MODIS,80,6.2,307.1,29.1,D,0
-16.2802,126.168,324.5,1.3,1.1,2014-06-11,0506,Aqua,MODIS,74,6.2,305.5,21.2,D,0
-15.6815,125.1361,327.8,1.5,1.2,2014-06-11,0506,Aqua,MODIS,69,6.2,302.4,31.9,D,0
-16.2366,125.0839,326,1.6,1.2,2014-06-11,0506,Aqua,MODIS,72,6.2,307.3,27.6,D,0
-15.521,124.872,336,1.6,1.2,2014-06-11,0506,Aqua,MODIS,86,6.2,302.6,58.2,D,0
-15.5228,124.857,331.7,1.6,1.2,2014-06-11,0506,Aqua,MODIS,83,6.2,303.4,46.4,D,0
-15.5216,124.8666,344.5,1.6,1.2,2014-06-11,0506,Aqua,MODIS,92,6.2,303.4,86.7,D,0
-16.2364,125.089,332.2,1.6,1.2,2014-06-11,0506,Aqua,MODIS,83,6.2,307.5,41.5,D,0
-16.2347,125.0985,321.6,1.6,1.2,2014-06-11,0506,Aqua,MODIS,49,6.2,307.5,19.5,D,0
-15.4198,128.9166,327.5,1,1,2014-06-11,0506,Aqua,MODIS,76,6.2,312.4,15.5,D,0
-15.4185,128.926,320.6,1,1,2014-06-11,0506,Aqua,MODIS,39,6.2,310,7.9,D,0
-15.794,124.8826,341.3,1.6,1.2,2014-06-11,0506,Aqua,MODIS,90,6.2,303.8,74.3,D,0
-15.7957,124.8678,324.3,1.6,1.2,2014-06-11,0506,Aqua,MODIS,75,6.2,302.5,27.6,D,0
-15.7922,124.8906,325.9,1.6,1.2,2014-06-11,0506,Aqua,MODIS,77,6.2,303.8,30.6,D,0
-15.7941,124.8759,335.2,1.6,1.2,2014-06-11,0506,Aqua,MODIS,86,6.2,303.3,56,D,0
-15.796,124.8609,315.5,1.6,1.2,2014-06-11,0506,Aqua,MODIS,45,6.2,302.2,11.4,D,0
-15.7662,124.9171,318.1,1.6,1.2,2014-06-11,0506,Aqua,MODIS,64,6.2,303.5,16.8,D,0
-15.7551,124.9154,330.1,1.6,1.2,2014-06-11,0506,Aqua,MODIS,81,6.2,303.2,41.3,D,0
-15.7569,124.9007,332.8,1.6,1.2,2014-06-11,0506,Aqua,MODIS,84,6.2,303.7,48.6,D,0
-16.7984,122.5825,325.5,2.4,1.5,2014-06-11,0506,Aqua,MODIS,34,6.2,300.7,59.3,D,0
-16.8061,122.5906,319.8,2.4,1.5,2014-06-11,0506,Aqua,MODIS,0,6.2,301.1,42.8,D,0
-17.0375,122.5125,318.2,2.5,1.5,2014-06-11,0506,Aqua,MODIS,46,6.2,301.6,29,D,0
-15.763,125.2097,316.5,1.5,1.2,2014-06-11,0506,Aqua,MODIS,55,6.2,303.1,12.9,D,0
-15.7719,125.1603,323.6,1.5,1.2,2014-06-11,0506,Aqua,MODIS,74,6.2,301.2,26.5,D,0
-15.7651,125.217,318.3,1.5,1.2,2014-06-11,0506,Aqua,MODIS,65,6.2,302.8,16.9,D,0
-15.1097,129.7386,320.8,1,1,2014-06-11,0506,Aqua,MODIS,57,6.2,307.9,9.1,D,0
-15.6698,125.1538,322,1.5,1.2,2014-06-11,0506,Aqua,MODIS,29,6.2,301.4,20.3,D,0
-15.6715,125.14,320.3,1.5,1.2,2014-06-11,0506,Aqua,MODIS,19,6.2,300.1,17.2,D,0
-16.2926,127.6311,334.4,1.1,1.1,2014-06-11,0506,Aqua,MODIS,84,6.2,307.3,27.7,D,0
-15.7792,127.4985,324.6,1.1,1.1,2014-06-11,0506,Aqua,MODIS,41,6.2,309.9,10.9,D,0
-15.7778,127.5088,325.1,1.1,1.1,2014-06-11,0506,Aqua,MODIS,48,6.2,309.5,12.2,D,0
-16.2476,125.0904,319.3,1.6,1.2,2014-06-11,0506,Aqua,MODIS,53,6.2,307.6,13.5,D,0
-16.0794,125.2475,314.9,1.5,1.2,2014-06-11,0506,Aqua,MODIS,46,6.2,303.2,9.8,D,0
-15.6337,125.0717,322,1.5,1.2,2014-06-11,0506,Aqua,MODIS,72,6.2,302.2,24.9,D,0
-15.7442,124.527,319.5,1.7,1.3,2014-06-11,0506,Aqua,MODIS,37,6.2,304.7,17.1,D,0
-15.7361,124.5208,319.6,1.7,1.3,2014-06-11,0506,Aqua,MODIS,64,6.2,305.3,19.6,D,0
-15.6067,125.0015,316.2,1.6,1.2,2014-06-11,0506,Aqua,MODIS,36,6.2,302.3,12.9,D,0
-15.6077,125.0085,313.5,1.6,1.2,2014-06-11,0506,Aqua,MODIS,27,6.2,302,8.8,D,0
-15.6958,125.2145,314.1,1.5,1.2,2014-06-11,0506,Aqua,MODIS,26,6.2,302,9.4,D,0
-15.6899,125.1713,321.3,1.5,1.2,2014-06-11,0506,Aqua,MODIS,52,6.2,302.4,20.5,D,0
-15.5425,124.5152,329.4,1.7,1.3,2014-06-11,0506,Aqua,MODIS,81,6.2,302.5,42.7,D,0
-15.5444,124.4997,320.5,1.7,1.3,2014-06-11,0506,Aqua,MODIS,67,6.2,304.8,21.6,D,0
-15.6614,125.2236,318.8,1.5,1.2,2014-06-11,0506,Aqua,MODIS,52,6.2,303.6,15.2,D,0
-15.6631,125.2094,319,1.5,1.2,2014-06-11,0506,Aqua,MODIS,45,6.2,303.5,15,D,0
-15.6708,125.2194,315.6,1.5,1.2,2014-06-11,0506,Aqua,MODIS,19,6.2,303.2,9.9,D,0
-15.6599,125.2179,321.4,1.5,1.2,2014-06-11,0506,Aqua,MODIS,70,6.2,303.4,19.8,D,0
-15.8075,124.5828,326.5,1.7,1.3,2014-06-11,0506,Aqua,MODIS,33,6.2,304.7,29.1,D,0
-15.7941,124.597,322.9,1.7,1.3,2014-06-11,0506,Aqua,MODIS,62,6.2,303.3,24.7,D,0
-15.796,124.5813,321.1,1.7,1.3,2014-06-11,0506,Aqua,MODIS,50,6.2,303.1,19.8,D,0
-15.7598,124.5921,347.5,1.7,1.3,2014-06-11,0506,Aqua,MODIS,94,6.2,305.1,103.7,D,0
-15.7617,124.5764,327.3,1.7,1.3,2014-06-11,0506,Aqua,MODIS,79,6.2,305.4,35.7,D,0
-15.7484,124.5905,325.7,1.7,1.3,2014-06-11,0506,Aqua,MODIS,77,6.2,302.8,32.2,D,0
-15.7493,124.6013,327.8,1.7,1.3,2014-06-11,0506,Aqua,MODIS,79,6.2,304.1,35.6,D,0
-15.7513,124.5856,326.6,1.7,1.3,2014-06-11,0506,Aqua,MODIS,78,6.2,303.6,33.1,D,0
-15.0658,125.9461,363.6,1.3,1.1,2014-06-11,0507,Aqua,MODIS,100,6.2,304.8,130.7,D,0
-13.4627,130.607,339.5,1.1,1,2014-06-11,0507,Aqua,MODIS,88,6.2,303.9,33.6,D,0
-13.4613,130.6167,330.5,1.1,1,2014-06-11,0507,Aqua,MODIS,61,6.2,305.4,19.9,D,0
-14.0956,129.6942,350.7,1,1,2014-06-11,0507,Aqua,MODIS,95,6.2,306.5,56.9,D,0
-14.1259,130.2394,340.2,1,1,2014-06-11,0507,Aqua,MODIS,89,6.2,309.8,32,D,0
-13.4544,130.6199,338.6,1.1,1,2014-06-11,0507,Aqua,MODIS,87,6.2,304.7,33.6,D,0
-14.4096,129.9384,337.6,1,1,2014-06-11,0507,Aqua,MODIS,87,6.2,308.4,28.7,D,0
-14.1356,130.1734,316.9,1,1,2014-06-11,0507,Aqua,MODIS,40,6.2,306.6,4.5,D,0
-14.2786,126.6665,315.1,1.2,1.1,2014-06-11,0507,Aqua,MODIS,28,6.2,304.4,6.1,D,0
-14.2772,126.6774,326.2,1.2,1.1,2014-06-11,0507,Aqua,MODIS,75,6.2,306.2,20.2,D,0
-14.2869,126.6787,326.3,1.2,1.1,2014-06-11,0507,Aqua,MODIS,75,6.2,306.1,20.2,D,0
-14.2906,126.6748,321.6,1.2,1.1,2014-06-11,0507,Aqua,MODIS,64,6.2,307.1,10.5,D,0
-14.3848,129.9821,343.5,1,1,2014-06-11,0507,Aqua,MODIS,91,6.2,306.9,40.1,D,0
-14.2727,126.487,324.6,1.2,1.1,2014-06-11,0507,Aqua,MODIS,73,6.2,304.9,19.4,D,0
-14.1209,129.7739,335.2,1,1,2014-06-11,0507,Aqua,MODIS,85,6.2,306.8,29.7,D,0
-14.4166,130.2073,321.6,1,1,2014-06-11,0507,Aqua,MODIS,34,6.2,307.6,8,D,0
-14.0942,129.7035,327.6,1,1,2014-06-11,0507,Aqua,MODIS,77,6.2,305.4,17.7,D,0
-14.4347,130.2101,334.4,1,1,2014-06-11,0507,Aqua,MODIS,84,6.2,307,24.9,D,0
-13.6621,130.0786,327.1,1,1,2014-06-11,0507,Aqua,MODIS,74,6.2,303.4,17.2,D,0
-14.4069,129.957,322.2,1,1,2014-06-11,0507,Aqua,MODIS,61,6.2,307.7,9,D,0
-11.3873,130.6444,314.1,1.1,1,2014-06-11,0507,Aqua,MODIS,35,6.2,301.3,6.6,D,0
-14.4361,130.2007,327.5,1,1,2014-06-11,0507,Aqua,MODIS,67,6.2,308.6,15.1,D,0
-14.3426,130.0166,326.2,1,1,2014-06-11,0507,Aqua,MODIS,75,6.2,307.2,12,D,0
-13.4558,130.6102,340.2,1.1,1,2014-06-11,0507,Aqua,MODIS,88,6.2,307.1,37,D,0
-14.1336,130.2503,327.6,1,1,2014-06-11,0507,Aqua,MODIS,77,6.2,307.1,13.3,D,0
-13.4452,130.6185,334.5,1.1,1,2014-06-11,0507,Aqua,MODIS,84,6.2,303.2,27.5,D,0
-14.454,129.437,327.6,1,1,2014-06-11,0507,Aqua,MODIS,58,6.2,307.1,17.7,D,0
-13.9395,130.2555,318.9,1,1,2014-06-11,0507,Aqua,MODIS,55,6.2,307.4,7.7,D,0
-14.2841,129.7263,330.5,1,1,2014-06-11,0507,Aqua,MODIS,80,6.2,305.4,21.5,D,0
-14.2751,129.7249,322.8,1,1,2014-06-11,0507,Aqua,MODIS,70,6.2,302.8,13.2,D,0
-14.2765,129.7156,353.8,1,1,2014-06-11,0507,Aqua,MODIS,97,6.2,305.6,63.8,D,0
-15.1037,126.0447,336.5,1.3,1.1,2014-06-11,0507,Aqua,MODIS,86,6.2,304.8,41.6,D,0
-15.0816,125.9857,323.4,1.3,1.1,2014-06-11,0507,Aqua,MODIS,30,6.2,304.9,16.7,D,0
-15.054,125.9571,352.9,1.3,1.1,2014-06-11,0507,Aqua,MODIS,96,6.2,303.1,89.4,D,0
-15.0524,125.9695,330.2,1.3,1.1,2014-06-11,0507,Aqua,MODIS,59,6.2,301.2,31.4,D,0
-14.464,129.4357,324.1,1,1,2014-06-11,0507,Aqua,MODIS,0,6.2,308.4,12.6,D,0
-13.448,130.599,373.2,1.1,1,2014-06-11,0507,Aqua,MODIS,100,6.2,310.4,128.6,D,0
-15.0674,125.9337,325.7,1.3,1.1,2014-06-11,0507,Aqua,MODIS,44,6.2,303.5,23.2,D,0
-14.3247,126.7902,325.9,1.2,1.1,2014-06-11,0507,Aqua,MODIS,58,6.2,306.5,16.4,D,0
-14.4083,129.9477,327.1,1,1,2014-06-11,0507,Aqua,MODIS,77,6.2,308.9,14.4,D,0
-14.3629,130.2566,325.5,1,1,2014-06-11,0507,Aqua,MODIS,75,6.2,306.3,12.1,D,0
-14.3615,130.2661,324.4,1,1,2014-06-11,0507,Aqua,MODIS,73,6.2,307.2,11.1,D,0
-13.4466,130.6087,379.5,1.1,1,2014-06-11,0507,Aqua,MODIS,100,6.2,308.4,154.7,D,0
-14.3358,126.7809,335.5,1.2,1.1,2014-06-11,0507,Aqua,MODIS,85,6.2,307,30.7,D,0
-15.1059,126.0385,328,1.3,1.1,2014-06-11,0507,Aqua,MODIS,64,6.2,304.9,25.4,D,0
-15.0957,126.037,352.4,1.3,1.1,2014-06-11,0507,Aqua,MODIS,96,6.2,305.7,87,D,0
-14.0632,129.7271,322.8,1,1,2014-06-11,0507,Aqua,MODIS,65,6.2,306.7,13.7,D,0
-14.2219,130.2802,330.8,1,1,2014-06-11,0507,Aqua,MODIS,81,6.2,303.9,22.3,D,0
-13.5636,130.308,327.2,1,1,2014-06-11,0507,Aqua,MODIS,71,6.2,311.9,17.2,D,0
-14.2233,130.2707,322,1,1,2014-06-11,0507,Aqua,MODIS,68,6.2,305.6,11.6,D,0
-15.0973,126.0249,324.6,1.3,1.1,2014-06-11,0507,Aqua,MODIS,66,6.2,301.9,20.1,D,0
-14.4352,130.1429,328.3,1,1,2014-06-11,0507,Aqua,MODIS,75,6.2,306.6,17.3,D,0
-13.9116,129.7576,318.1,1,1,2014-06-11,0507,Aqua,MODIS,36,6.2,304.4,8.7,D,0
-13.9039,129.7469,318.9,1,1,2014-06-11,0507,Aqua,MODIS,0,6.2,303.9,9.9,D,0
-13.5622,130.3175,321.2,1,1,2014-06-11,0507,Aqua,MODIS,17,6.2,306.9,11,D,0
-11.3647,130.4301,320.8,1.1,1,2014-06-11,0507,Aqua,MODIS,73,6.2,301.3,13.4,D,0
-14.4366,130.1335,328.4,1,1,2014-06-11,0507,Aqua,MODIS,72,6.2,307.4,17,D,0
-15.0453,125.9434,325.2,1.3,1.1,2014-06-11,0507,Aqua,MODIS,71,6.2,298.9,25.6,D,0
-13.6726,130.0706,317.9,1,1,2014-06-11,0507,Aqua,MODIS,47,6.2,303.3,7.6,D,0
-15.0555,125.9447,368.9,1.3,1.1,2014-06-11,0507,Aqua,MODIS,100,6.2,305.6,157.7,D,0
-14.0339,129.7348,321.6,1,1,2014-06-11,0507,Aqua,MODIS,38,6.2,306.9,12.1,D,0
-14.2099,126.1956,335.3,1.2,1.1,2014-06-11,0507,Aqua,MODIS,85,6.2,307.9,35.8,D,0
-14.6851,126.138,317.7,1.3,1.1,2014-06-11,0507,Aqua,MODIS,37,6.2,306,9.3,D,0
-14.7558,125.9835,330.8,1.3,1.1,2014-06-11,0507,Aqua,MODIS,81,6.2,306.4,31.3,D,0
-14.7573,125.9714,325.8,1.3,1.1,2014-06-11,0507,Aqua,MODIS,76,6.2,305,22,D,0
-11.2927,132.2629,327.2,1.4,1.2,2014-06-11,0507,Aqua,MODIS,76,6.2,300.8,26.2,D,0
-12.5364,132.2972,317.7,1.3,1.1,2014-06-11,0507,Aqua,MODIS,49,6.2,305.6,10.9,D,0
-13.266,133.6703,323.7,1.6,1.2,2014-06-11,0507,Aqua,MODIS,58,6.2,306.2,21.4,D,0
-13.4417,133.6537,316.6,1.6,1.2,2014-06-11,0507,Aqua,MODIS,61,6.2,302.8,15.1,D,0
-12.7493,131.1894,321.7,1.1,1.1,2014-06-11,0507,Aqua,MODIS,70,6.2,302.7,13.5,D,0
-12.2094,132.2254,324.9,1.3,1.1,2014-06-11,0507,Aqua,MODIS,72,6.2,303.7,23.1,D,0
-11.3949,132.0796,319.9,1.3,1.1,2014-06-11,0507,Aqua,MODIS,72,6.2,304.6,15,D,0
-12.2075,132.2373,317.5,1.3,1.1,2014-06-11,0507,Aqua,MODIS,60,6.2,302.5,12.5,D,0
-13.4495,133.5896,316,1.5,1.2,2014-06-11,0507,Aqua,MODIS,55,6.2,303.4,11.8,D,0
-13.4511,133.5968,316.9,1.5,1.2,2014-06-11,0507,Aqua,MODIS,52,6.2,303.5,13.7,D,0
-11.3448,131.9979,320.9,1.3,1.1,2014-06-11,0507,Aqua,MODIS,74,6.2,302.6,17.9,D,0
-11.3429,132.0098,315.6,1.3,1.1,2014-06-11,0507,Aqua,MODIS,65,6.2,303.5,10.4,D,0
-11.4033,132.0742,327.2,1.3,1.1,2014-06-11,0507,Aqua,MODIS,78,6.2,304.2,25.4,D,0
-11.2839,131.9935,316.2,1.3,1.1,2014-06-11,0507,Aqua,MODIS,64,6.2,302.3,11.2,D,0
-11.4014,132.0862,319.7,1.3,1.1,2014-06-11,0507,Aqua,MODIS,44,6.2,305.1,13.1,D,0
-12.597,133.7475,323,1.6,1.3,2014-06-11,0507,Aqua,MODIS,74,6.2,302.9,27,D,0
-12.7382,131.1983,334,1.1,1.1,2014-06-11,0507,Aqua,MODIS,84,6.2,303.5,31.1,D,0
-12.7398,131.1879,318.1,1.1,1.1,2014-06-11,0507,Aqua,MODIS,29,6.2,302.6,9,D,0
-15.0777,125.9353,323.8,1.3,1.1,2014-06-11,0507,Aqua,MODIS,71,6.2,303.9,20.8,D,0
-14.2232,126.3253,320.5,1.2,1.1,2014-06-11,0507,Aqua,MODIS,62,6.2,307.1,13.1,D,0
-12.5947,133.753,326.8,1.6,1.3,2014-06-11,0507,Aqua,MODIS,78,6.2,303.2,34,D,0
-12.5946,133.7626,313.7,1.6,1.3,2014-06-11,0507,Aqua,MODIS,50,6.2,302,9.5,D,0
-13.8667,130.065,315.4,1,1,2014-06-11,0507,Aqua,MODIS,32,6.2,303.8,6.3,D,0
-14.5279,127.9314,318.7,1.1,1,2014-06-11,0507,Aqua,MODIS,0,6.2,306.1,8.5,D,0
-14.8907,126.5941,349.1,1.2,1.1,2014-06-11,0507,Aqua,MODIS,94,6.2,309.4,65,D,0
-14.4854,129.5428,323.4,1,1,2014-06-11,0507,Aqua,MODIS,50,6.2,307.1,12.7,D,0
-14.303,127.4167,337.4,1.1,1,2014-06-11,0507,Aqua,MODIS,87,6.2,307.8,32.7,D,0
-14.2112,126.8759,322.4,1.1,1.1,2014-06-11,0507,Aqua,MODIS,58,6.2,309.6,8.5,D,0
-14.6447,127.1406,322.7,1.1,1.1,2014-06-11,0507,Aqua,MODIS,60,6.2,307.7,11.1,D,0
-14.6506,127.0236,332.2,1.1,1.1,2014-06-11,0507,Aqua,MODIS,73,6.2,307.7,26,D,0
-14.6464,127.0554,337.9,1.1,1.1,2014-06-11,0507,Aqua,MODIS,86,6.2,307.7,33.9,D,0
-14.6616,127.0143,336.5,1.1,1.1,2014-06-11,0507,Aqua,MODIS,78,6.2,305,32.8,D,0
-13.5674,129.9039,320.9,1,1,2014-06-11,0507,Aqua,MODIS,34,6.2,303.8,9.1,D,0
-14.1349,133.0627,320.2,1.4,1.2,2014-06-11,0507,Aqua,MODIS,47,6.2,307.6,11.4,D,0
-13.988,129.8605,321,1,1,2014-06-11,0507,Aqua,MODIS,66,6.2,303.1,11.1,D,0
-12.362,132.9259,319.9,1.4,1.2,2014-06-11,0507,Aqua,MODIS,58,6.2,303.5,14.8,D,0
-13.907,130.7189,318.8,1.1,1,2014-06-11,0507,Aqua,MODIS,50,6.2,307.1,7,D,0
-15.2224,126.1526,317.8,1.3,1.1,2014-06-11,0507,Aqua,MODIS,56,6.2,304.6,9.1,D,0
-14.6698,127.0263,325.2,1.1,1.1,2014-06-11,0507,Aqua,MODIS,60,6.2,310.2,14.6,D,0
-14.8956,127.1732,320.4,1.1,1.1,2014-06-11,0507,Aqua,MODIS,49,6.2,308.3,9.1,D,0
-14.6602,127.0249,357.5,1.1,1.1,2014-06-11,0507,Aqua,MODIS,98,6.2,311.2,83.6,D,0
-14.6712,127.0157,324.1,1.1,1.1,2014-06-11,0507,Aqua,MODIS,48,6.2,305.4,13.9,D,0
-14.8922,126.5829,330.8,1.2,1.1,2014-06-11,0507,Aqua,MODIS,42,6.2,304.7,24.8,D,0
-14.4867,129.5336,328.3,1,1,2014-06-11,0507,Aqua,MODIS,69,6.2,308.2,17.2,D,0
-12.4343,132.2994,318,1.3,1.1,2014-06-11,0507,Aqua,MODIS,56,6.2,302.4,12.4,D,0
-14.0289,129.7056,318.2,1,1,2014-06-11,0507,Aqua,MODIS,33,6.2,303,9,D,0
-14.0303,129.6963,317,1,1,2014-06-11,0507,Aqua,MODIS,47,6.2,302.5,8.9,D,0
-14.0316,129.6871,316.3,1,1,2014-06-11,0507,Aqua,MODIS,34,6.2,301.1,8.1,D,0
-12.4287,132.3355,320.4,1.3,1.1,2014-06-11,0507,Aqua,MODIS,70,6.2,303.7,15.5,D,0
-14.2429,126.8587,336.1,1.2,1.1,2014-06-11,0507,Aqua,MODIS,86,6.2,309.4,31.6,D,0
-14.0189,129.9673,327,1,1,2014-06-11,0507,Aqua,MODIS,76,6.2,303.4,19.5,D,0
-15.1846,125.9814,323.5,1.3,1.1,2014-06-11,0507,Aqua,MODIS,71,6.2,303.8,19.6,D,0
-14.5303,129.5497,321.7,1,1,2014-06-11,0507,Aqua,MODIS,51,6.2,309.3,8.2,D,0
-14.2443,126.8482,328.6,1.2,1.1,2014-06-11,0507,Aqua,MODIS,78,6.2,310.5,18.3,D,0
-15.0442,127.7164,323,1.1,1,2014-06-11,0507,Aqua,MODIS,36,6.2,307.5,10.3,D,0
-15.0798,126.4722,323.7,1.2,1.1,2014-06-11,0507,Aqua,MODIS,63,6.2,305,14.5,D,0
-14.9541,126.419,345.8,1.2,1.1,2014-06-11,0507,Aqua,MODIS,92,6.2,308.1,58.8,D,0
-14.2943,126.7968,321.4,1.2,1.1,2014-06-11,0507,Aqua,MODIS,27,6.2,307.9,9.1,D,0
-13.9742,130.1453,325.2,1,1,2014-06-11,0507,Aqua,MODIS,70,6.2,308,12.7,D,0
-14.0264,127.3591,321.5,1.1,1,2014-06-11,0507,Aqua,MODIS,62,6.2,307.3,10.6,D,0
-14.0216,131.1765,326.1,1.1,1,2014-06-11,0507,Aqua,MODIS,50,6.2,307.7,13.9,D,0
-14.8483,126.6897,329.2,1.2,1.1,2014-06-11,0507,Aqua,MODIS,79,6.2,308,21.7,D,0
-14.0358,127.3605,318.8,1.1,1,2014-06-11,0507,Aqua,MODIS,33,6.2,307.8,7.3,D,0
-14.8824,126.5815,321.6,1.2,1.1,2014-06-11,0507,Aqua,MODIS,23,6.2,305.1,13.1,D,0
-14.8809,126.5927,321.6,1.2,1.1,2014-06-11,0507,Aqua,MODIS,26,6.2,305,12.3,D,0
-15.1043,126.0506,323.2,1.3,1.1,2014-06-11,0507,Aqua,MODIS,36,6.2,303.8,17.4,D,0
-14.7542,125.9958,323.9,1.3,1.1,2014-06-11,0507,Aqua,MODIS,73,6.2,307,19.3,D,0
-14.0186,127.2999,342.2,1.1,1,2014-06-11,0507,Aqua,MODIS,90,6.2,309.4,42,D,0
-14.0172,127.31,322.1,1.1,1,2014-06-11,0507,Aqua,MODIS,54,6.2,307.6,10,D,0
-14.5316,129.5405,321.4,1,1,2014-06-11,0507,Aqua,MODIS,49,6.2,310.8,7.9,D,0
-14.2553,127.5167,330.2,1.1,1,2014-06-11,0507,Aqua,MODIS,80,6.2,308.9,20.6,D,0
-14.0265,127.2872,328.9,1.1,1,2014-06-11,0507,Aqua,MODIS,79,6.2,304.1,20.2,D,0
-15.0256,127.7137,322.9,1.1,1,2014-06-11,0507,Aqua,MODIS,33,6.2,307.4,10.4,D,0
-14.846,127.6141,325.4,1.1,1,2014-06-11,0507,Aqua,MODIS,20,6.2,309.4,10.9,D,0
-14.0251,127.2973,354.2,1.1,1,2014-06-11,0507,Aqua,MODIS,97,6.2,308.6,70.6,D,0
-15.0952,126.5092,318,1.2,1.1,2014-06-11,0507,Aqua,MODIS,45,6.2,305.6,9.6,D,0
-14.0238,127.3074,325.1,1.1,1,2014-06-11,0507,Aqua,MODIS,49,6.2,307.5,14,D,0
-15.0813,126.4608,321,1.2,1.1,2014-06-11,0507,Aqua,MODIS,65,6.2,304.9,11,D,0
-15.0827,126.4494,322.9,1.2,1.1,2014-06-11,0507,Aqua,MODIS,64,6.2,305.4,12.7,D,0
-15.1308,126.3147,323.1,1.3,1.1,2014-06-11,0507,Aqua,MODIS,64,6.2,307.6,16.2,D,0
-15.1293,126.3265,319,1.3,1.1,2014-06-11,0507,Aqua,MODIS,40,6.2,306.3,10.4,D,0
-14.8553,127.6155,331.3,1.1,1,2014-06-11,0507,Aqua,MODIS,68,6.2,311,18.7,D,0
-14.8469,126.7006,324.2,1.2,1.1,2014-06-11,0507,Aqua,MODIS,60,6.2,307.5,14.2,D,0
-15.1139,126.0461,325.7,1.3,1.1,2014-06-11,0507,Aqua,MODIS,52,6.2,305.6,20.7,D,0
-13.9121,129.8812,330.4,1,1,2014-06-11,0507,Aqua,MODIS,71,6.2,306.5,20.9,D,0
-14.6273,127.0525,341.2,1.1,1.1,2014-06-11,0507,Aqua,MODIS,90,6.2,305.6,42.6,D,0
-14.6259,127.0631,341.2,1.1,1.1,2014-06-11,0507,Aqua,MODIS,81,6.2,307,40.8,D,0
-14.6368,127.0539,340.5,1.1,1.1,2014-06-11,0507,Aqua,MODIS,80,6.2,306,39.1,D,0
-13.7814,130.7065,319.1,1.1,1,2014-06-11,0507,Aqua,MODIS,57,6.2,306.6,8.6,D,0
-14.9339,126.6456,319.5,1.2,1.1,2014-06-11,0507,Aqua,MODIS,47,6.2,306.8,8.9,D,0
-13.6328,130.277,328.7,1,1,2014-06-11,0507,Aqua,MODIS,78,6.2,308.3,18.8,D,0
-15.245,126.0576,319.5,1.3,1.1,2014-06-11,0507,Aqua,MODIS,44,6.2,304.8,12.8,D,0
-14.3116,126.1918,315.5,1.3,1.1,2014-06-11,0507,Aqua,MODIS,40,6.2,304.5,6.8,D,0
-14.652,127.013,333.6,1.1,1.1,2014-06-11,0507,Aqua,MODIS,78,6.2,305.4,28.9,D,0
-14.3131,126.1803,323.3,1.3,1.1,2014-06-11,0507,Aqua,MODIS,71,6.2,306.7,16.6,D,0
-14.0106,127.2884,327.9,1.1,1,2014-06-11,0507,Aqua,MODIS,78,6.2,306.9,19.9,D,0
-13.9211,129.8826,327.3,1,1,2014-06-11,0507,Aqua,MODIS,68,6.2,307.4,18.2,D,0
-14.9344,126.6512,318.5,1.2,1.1,2014-06-11,0507,Aqua,MODIS,52,6.2,306.3,7.1,D,0
-14.3031,126.1789,328.5,1.3,1.1,2014-06-11,0507,Aqua,MODIS,78,6.2,306.3,23.9,D,0
-15.2466,126.0453,326.6,1.3,1.1,2014-06-11,0507,Aqua,MODIS,77,6.2,305.2,24.3,D,0
-15.0867,126.4965,326.2,1.2,1.1,2014-06-11,0507,Aqua,MODIS,65,6.2,304.9,19.1,D,0
-14.4979,127.7515,321.6,1.1,1,2014-06-11,0507,Aqua,MODIS,69,6.2,307.9,10.6,D,0
-14.1224,133.0736,321.4,1.4,1.2,2014-06-11,0507,Aqua,MODIS,35,6.2,308.9,13.1,D,0
-14.0214,127.2797,329.7,1.1,1,2014-06-11,0507,Aqua,MODIS,80,6.2,304.5,22.6,D,0
-14.3711,127.5962,319,1.1,1,2014-06-11,0507,Aqua,MODIS,40,6.2,307.8,8.1,D,0
-14.049,130.0773,328.6,1,1,2014-06-11,0507,Aqua,MODIS,78,6.2,306.9,18.6,D,0
-14.5072,127.7529,319,1.1,1,2014-06-11,0507,Aqua,MODIS,39,6.2,306.6,7.1,D,0
-14.854,127.6255,340.8,1.1,1,2014-06-11,0507,Aqua,MODIS,89,6.2,308.4,35.4,D,0
-14.7121,127.0269,324.5,1.1,1.1,2014-06-11,0507,Aqua,MODIS,64,6.2,304.9,14.7,D,0
-14.02,127.2898,361.7,1.1,1,2014-06-11,0507,Aqua,MODIS,100,6.2,311,92.7,D,0
-14.6436,127.0766,328.1,1.1,1.1,2014-06-11,0507,Aqua,MODIS,77,6.2,309.3,16.8,D,0
-14.5482,127.6443,324.5,1.1,1,2014-06-11,0507,Aqua,MODIS,73,6.2,310,9.9,D,0
-14.645,127.066,329.6,1.1,1.1,2014-06-11,0507,Aqua,MODIS,63,6.2,309.6,19.4,D,0
-14.634,127.0751,343.1,1.1,1.1,2014-06-11,0507,Aqua,MODIS,88,6.2,307.8,42.4,D,0
-14.6245,127.0738,370.3,1.1,1.1,2014-06-11,0507,Aqua,MODIS,100,6.2,313.8,126.7,D,0
-14.6231,127.0844,353.5,1.1,1.1,2014-06-11,0507,Aqua,MODIS,97,6.2,310.2,69.6,D,0
-15.2363,126.0439,324.5,1.3,1.1,2014-06-11,0507,Aqua,MODIS,74,6.2,303,22.1,D,0
-14.588,127.6301,323,1.1,1,2014-06-11,0507,Aqua,MODIS,37,6.2,310.6,9.4,D,0
-11.6074,130.2762,322.5,1.1,1,2014-06-11,0507,Aqua,MODIS,76,6.2,303.2,13.9,D,0
-14.5218,131.1635,317.1,1.1,1,2014-06-11,0507,Aqua,MODIS,56,6.2,304.3,8.8,D,0
-13.5075,131.5822,325.7,1.2,1.1,2014-06-11,0507,Aqua,MODIS,53,6.2,305.4,17.3,D,0
-13.5058,131.5929,325.1,1.2,1.1,2014-06-11,0507,Aqua,MODIS,51,6.2,305,16.1,D,0
-13.5251,131.5959,323.7,1.2,1.1,2014-06-11,0507,Aqua,MODIS,35,6.2,304.6,13.9,D,0
-13.5364,131.5868,330.4,1.2,1.1,2014-06-11,0507,Aqua,MODIS,72,6.2,304.6,24.1,D,0
-13.9626,134.4586,318,1.7,1.3,2014-06-11,0507,Aqua,MODIS,52,6.2,305.7,13.8,D,0
-12.2374,132.5182,316.9,1.4,1.2,2014-06-11,0507,Aqua,MODIS,50,6.2,303,11.2,D,0
-12.2459,132.5324,315.8,1.4,1.2,2014-06-11,0507,Aqua,MODIS,31,6.2,302.4,9.2,D,0
-11.3154,132.2539,323.4,1.4,1.2,2014-06-11,0507,Aqua,MODIS,74,6.2,301.9,18.9,D,0
-11.3134,132.2662,332.2,1.4,1.2,2014-06-11,0507,Aqua,MODIS,85,6.2,300.6,36.8,D,0
-13.3784,132.7357,315.3,1.4,1.2,2014-06-11,0507,Aqua,MODIS,48,6.2,304.8,9,D,0
-13.45,131.0715,338,1.1,1,2014-06-11,0507,Aqua,MODIS,87,6.2,304.9,34.6,D,0
-12.3599,132.9392,318.2,1.5,1.2,2014-06-11,0507,Aqua,MODIS,36,6.2,305.3,13.1,D,0
-12.3571,132.933,323,1.5,1.2,2014-06-11,0507,Aqua,MODIS,74,6.2,304.6,22.8,D,0
-13.2487,132.7098,331.8,1.4,1.2,2014-06-11,0507,Aqua,MODIS,78,6.2,306.4,32.2,D,0
-13.257,132.7242,331.1,1.4,1.2,2014-06-11,0507,Aqua,MODIS,81,6.2,303.7,31.5,D,0
-12.605,132.8315,334.9,1.4,1.2,2014-06-11,0507,Aqua,MODIS,85,6.2,305.1,41.6,D,0
-13.3394,131.8651,319.1,1.2,1.1,2014-06-11,0507,Aqua,MODIS,53,6.2,305.2,9,D,0
-13.3412,131.8539,338.9,1.2,1.1,2014-06-11,0507,Aqua,MODIS,87,6.2,307.4,41.3,D,0
-13.3967,131.0423,321.7,1.1,1,2014-06-11,0507,Aqua,MODIS,46,6.2,304,11.2,D,0
-13.3912,131.0461,321.8,1.1,1,2014-06-11,0507,Aqua,MODIS,66,6.2,304,11.8,D,0
-13.096,132.4461,322.8,1.3,1.1,2014-06-11,0507,Aqua,MODIS,60,6.2,305.6,15,D,0
-12.6176,132.1713,318,1.3,1.1,2014-06-11,0507,Aqua,MODIS,59,6.2,304.9,11.3,D,0
-13.1265,132.4512,324.5,1.3,1.1,2014-06-11,0507,Aqua,MODIS,62,6.2,306.9,17,D,0
-13.6353,130.7468,321.4,1.1,1,2014-06-11,0507,Aqua,MODIS,67,6.2,306.1,10.5,D,0
-13.6368,130.737,328.6,1.1,1,2014-06-11,0507,Aqua,MODIS,78,6.2,308.6,19.2,D,0
-13.626,130.7453,345.8,1.1,1,2014-06-11,0507,Aqua,MODIS,92,6.2,305.7,47.2,D,0
-13.6275,130.7355,377.6,1.1,1,2014-06-11,0507,Aqua,MODIS,100,6.2,309.9,146.2,D,0
-11.2155,132.2309,319.8,1.4,1.2,2014-06-11,0507,Aqua,MODIS,30,6.2,300.2,14.2,D,0
-12.9632,132.5867,339.5,1.3,1.2,2014-06-11,0507,Aqua,MODIS,88,6.2,307.6,49.3,D,0
-13.0824,132.339,315.5,1.3,1.1,2014-06-11,0507,Aqua,MODIS,16,6.2,303.4,7.9,D,0
-13.3951,131.0524,349.2,1.1,1,2014-06-11,0507,Aqua,MODIS,94,6.2,305.6,58.9,D,0
-13.4248,131.0468,347.8,1.1,1,2014-06-11,0507,Aqua,MODIS,93,6.2,307.6,54.8,D,0
-13.2641,132.5476,322.1,1.3,1.1,2014-06-11,0507,Aqua,MODIS,66,6.2,306.6,13.9,D,0
-13.2703,132.5744,320.6,1.3,1.1,2014-06-11,0507,Aqua,MODIS,26,6.2,307.9,11.3,D,0
-13.0723,132.3373,316.2,1.3,1.1,2014-06-11,0507,Aqua,MODIS,30,6.2,303.5,8.6,D,0
-12.8016,132.5531,326.4,1.3,1.2,2014-06-11,0507,Aqua,MODIS,76,6.2,303,25.9,D,0
-12.8035,132.5408,321.1,1.3,1.1,2014-06-11,0507,Aqua,MODIS,67,6.2,303.7,17.6,D,0
-13.6225,132.1553,331.2,1.2,1.1,2014-06-11,0507,Aqua,MODIS,81,6.2,312,22.8,D,0
-13.592,133.5688,327.5,1.5,1.2,2014-06-11,0507,Aqua,MODIS,79,6.2,305.3,35,D,0
-13.2026,132.4817,345,1.3,1.1,2014-06-11,0507,Aqua,MODIS,92,6.2,307.3,61.8,D,0
-13.2007,132.4937,320.5,1.3,1.1,2014-06-11,0507,Aqua,MODIS,58,6.2,308.8,11.1,D,0
-13.2332,132.4867,317.2,1.3,1.1,2014-06-11,0507,Aqua,MODIS,37,6.2,305.2,7.7,D,0
-13.2314,132.4986,318.4,1.3,1.1,2014-06-11,0507,Aqua,MODIS,53,6.2,305.4,9.1,D,0
-13.2416,132.5002,343.2,1.3,1.1,2014-06-11,0507,Aqua,MODIS,91,6.2,307.5,58.2,D,0
-11.3126,132.0102,313.7,1.3,1.1,2014-06-11,0507,Aqua,MODIS,19,6.2,301.8,7.3,D,0
-13.666,130.7316,315.7,1.1,1,2014-06-11,0507,Aqua,MODIS,23,6.2,305.1,4.8,D,0
-12.9746,132.513,317.1,1.3,1.1,2014-06-11,0507,Aqua,MODIS,53,6.2,304.6,10.6,D,0
-13.1721,132.4764,324.4,1.3,1.1,2014-06-11,0507,Aqua,MODIS,59,6.2,308.3,14.5,D,0
-13.1822,132.4782,331.7,1.3,1.1,2014-06-11,0507,Aqua,MODIS,69,6.2,307.1,26.1,D,0
-12.7662,131.8029,320.3,1.2,1.1,2014-06-11,0507,Aqua,MODIS,60,6.2,307.5,8.6,D,0
-13.6753,130.7331,322,1.1,1,2014-06-11,0507,Aqua,MODIS,68,6.2,306.9,11.5,D,0
-13.2102,131.8499,332.2,1.2,1.1,2014-06-11,0507,Aqua,MODIS,82,6.2,307,25.4,D,0
-13.2119,131.8389,325.5,1.2,1.1,2014-06-11,0507,Aqua,MODIS,63,6.2,310.2,13.3,D,0
-13.1761,131.8604,325.6,1.2,1.1,2014-06-11,0507,Aqua,MODIS,46,6.2,307.2,13.8,D,0
-13.2207,132.3015,336.4,1.3,1.1,2014-06-11,0507,Aqua,MODIS,86,6.2,305.6,41.7,D,0
-13.2188,132.3133,339.8,1.3,1.1,2014-06-11,0507,Aqua,MODIS,88,6.2,308.1,49.9,D,0
-14.4225,131.1519,320.7,1.1,1,2014-06-11,0507,Aqua,MODIS,67,6.2,306.2,11.3,D,0
-14.421,131.1621,336.1,1.1,1,2014-06-11,0507,Aqua,MODIS,86,6.2,306.9,32.7,D,0
-14.4382,131.1751,327.7,1.1,1,2014-06-11,0507,Aqua,MODIS,78,6.2,305.7,19.1,D,0
-13.1627,132.2865,319.2,1.3,1.1,2014-06-11,0507,Aqua,MODIS,60,6.2,308.7,12.4,D,0
-13.059,132.5577,315.2,1.3,1.1,2014-06-11,0507,Aqua,MODIS,11,6.2,304.3,7.4,D,0
-13.6994,131.7245,330.4,1.2,1.1,2014-06-11,0507,Aqua,MODIS,78,6.2,307.2,20.5,D,0
-14.4783,131.1977,351.6,1.1,1,2014-06-11,0507,Aqua,MODIS,96,6.2,306.8,64.6,D,0
-13.9934,132.795,319.4,1.3,1.1,2014-06-11,0507,Aqua,MODIS,44,6.2,308.9,9.7,D,0
-14.4799,131.1876,346.8,1.1,1,2014-06-11,0507,Aqua,MODIS,93,6.2,306.4,53,D,0
-14.4726,131.2013,323,1.1,1,2014-06-11,0507,Aqua,MODIS,71,6.2,304.6,14.1,D,0
-13.5069,131.7141,322.6,1.2,1.1,2014-06-11,0507,Aqua,MODIS,69,6.2,306.7,10.9,D,0
-14.4741,131.1912,353.7,1.1,1,2014-06-11,0507,Aqua,MODIS,97,6.2,308.5,70.9,D,0
-14.449,131.1665,316.9,1.1,1,2014-06-11,0507,Aqua,MODIS,55,6.2,305.6,7.7,D,0
-14.4397,131.165,326.5,1.1,1,2014-06-11,0507,Aqua,MODIS,76,6.2,304.7,17.4,D,0
-13.085,131.7269,328.4,1.2,1.1,2014-06-11,0507,Aqua,MODIS,78,6.2,307.2,18.1,D,0
-13.403,131.8596,320.2,1.2,1.1,2014-06-11,0507,Aqua,MODIS,29,6.2,307.4,9,D,0
-12.6923,131.5601,316.9,1.2,1.1,2014-06-11,0507,Aqua,MODIS,54,6.2,301.4,10,D,0
-13.3513,132.7056,321,1.4,1.2,2014-06-11,0507,Aqua,MODIS,67,6.2,302.7,16.5,D,0
-13.4612,131.125,316.3,1.1,1.1,2014-06-11,0507,Aqua,MODIS,35,6.2,305.8,5.9,D,0
-13.3494,132.718,321.2,1.4,1.2,2014-06-11,0507,Aqua,MODIS,68,6.2,304.4,16.6,D,0
-13.4627,131.115,326.6,1.1,1,2014-06-11,0507,Aqua,MODIS,75,6.2,306.3,18.3,D,0
-13.2423,132.6832,325.8,1.4,1.2,2014-06-11,0507,Aqua,MODIS,45,6.2,310.2,18.9,D,0
-13.2355,132.6753,323.6,1.4,1.2,2014-06-11,0507,Aqua,MODIS,53,6.2,310.6,14.5,D,0
-13.4268,132.2283,348.3,1.3,1.1,2014-06-11,0507,Aqua,MODIS,94,6.2,308.7,65.6,D,0
-13.7011,131.7138,330.8,1.2,1.1,2014-06-11,0507,Aqua,MODIS,80,6.2,309.7,20.5,D,0
-13.4186,132.2151,325.3,1.3,1.1,2014-06-11,0507,Aqua,MODIS,67,6.2,306.5,19,D,0
-13.6956,133.3668,317.3,1.5,1.2,2014-06-11,0507,Aqua,MODIS,56,6.2,303.3,11.7,D,0
-13.6848,133.365,320.9,1.5,1.2,2014-06-11,0507,Aqua,MODIS,69,6.2,304.5,18,D,0
-13.25,132.379,324.1,1.3,1.1,2014-06-11,0507,Aqua,MODIS,72,6.2,305.8,18,D,0
-13.7451,133.6224,319.7,1.5,1.2,2014-06-11,0507,Aqua,MODIS,64,6.2,306.2,15.4,D,0
-13.7341,133.6207,320.5,1.5,1.2,2014-06-11,0507,Aqua,MODIS,67,6.2,305.6,17,D,0
-11.4052,132.0623,328.3,1.3,1.1,2014-06-11,0507,Aqua,MODIS,71,6.2,302.1,27.3,D,0
-12.2989,132.3696,323.3,1.3,1.1,2014-06-11,0507,Aqua,MODIS,54,6.2,303.3,15.2,D,0
-13.6898,131.723,323.6,1.2,1.1,2014-06-11,0507,Aqua,MODIS,63,6.2,309.2,11.8,D,0
-13.4609,131.0629,332.2,1.1,1,2014-06-11,0507,Aqua,MODIS,82,6.2,305.9,24,D,0
-13.4515,131.0614,328.6,1.1,1,2014-06-11,0507,Aqua,MODIS,78,6.2,305.6,18.5,D,0
-14.3026,132.7149,323,1.3,1.1,2014-06-11,0507,Aqua,MODIS,56,6.2,308,14.3,D,0
-13.7794,130.6564,334.5,1.1,1,2014-06-11,0507,Aqua,MODIS,84,6.2,310.4,24.7,D,0
-13.778,130.6661,349.9,1.1,1,2014-06-11,0507,Aqua,MODIS,94,6.2,308,55.3,D,0
-13.6914,131.7122,323.8,1.2,1.1,2014-06-11,0507,Aqua,MODIS,68,6.2,310.5,11.4,D,0
-11.2798,132.2103,333.4,1.4,1.2,2014-06-11,0507,Aqua,MODIS,72,6.2,302.3,34.1,D,0
-11.2947,132.2505,325.4,1.4,1.2,2014-06-11,0507,Aqua,MODIS,52,6.2,302.9,21.3,D,0
-13.7886,130.6578,372.3,1.1,1,2014-06-11,0507,Aqua,MODIS,100,6.2,313.7,122.4,D,0
-13.7872,130.6676,355.7,1.1,1,2014-06-11,0507,Aqua,MODIS,98,6.2,309.2,69.6,D,0
-13.2083,132.4456,386.5,1.3,1.1,2014-06-11,0507,Aqua,MODIS,100,6.2,310.7,256.3,D,0
-13.2064,132.4574,326.5,1.3,1.1,2014-06-11,0507,Aqua,MODIS,76,6.2,303,21.4,D,0
-13.2185,132.4473,344.1,1.3,1.1,2014-06-11,0507,Aqua,MODIS,91,6.2,307.1,61.9,D,0
-13.2166,132.4592,363.7,1.3,1.1,2014-06-11,0507,Aqua,MODIS,100,6.2,306,129.4,D,0
-13.2147,132.4713,342.8,1.3,1.1,2014-06-11,0507,Aqua,MODIS,90,6.2,303.4,54.7,D,0
-13.8449,131.7827,325,1.2,1.1,2014-06-11,0507,Aqua,MODIS,73,6.2,304.9,16.7,D,0
-12.705,131.6067,319.3,1.2,1.1,2014-06-11,0507,Aqua,MODIS,66,6.2,303.6,13.3,D,0
-13.2268,132.461,336.4,1.3,1.1,2014-06-11,0507,Aqua,MODIS,86,6.2,303.4,42.3,D,0
-13.2287,132.449,316.5,1.3,1.1,2014-06-11,0507,Aqua,MODIS,50,6.2,304.1,8.6,D,0
-13.9857,130.7612,322.5,1.1,1,2014-06-11,0507,Aqua,MODIS,68,6.2,308.1,11.9,D,0
-13.9843,130.7711,330.1,1.1,1,2014-06-11,0507,Aqua,MODIS,79,6.2,308.6,22,D,0
-13.9828,130.7808,316.8,1.1,1,2014-06-11,0507,Aqua,MODIS,40,6.2,305.5,5.8,D,0
-13.0902,132.4823,327.9,1.3,1.1,2014-06-11,0507,Aqua,MODIS,77,6.2,303.7,25.2,D,0
-13.0921,132.4702,327,1.3,1.1,2014-06-11,0507,Aqua,MODIS,56,6.2,303.3,21.7,D,0
-13.0941,132.4581,339.9,1.3,1.1,2014-06-11,0507,Aqua,MODIS,88,6.2,304,49.4,D,0
-13.0781,132.4926,322.1,1.3,1.1,2014-06-11,0507,Aqua,MODIS,67,6.2,305.2,15.2,D,0
-13.08,132.4806,344.8,1.3,1.1,2014-06-11,0507,Aqua,MODIS,92,6.2,305.7,63.8,D,0
-13.0819,132.4685,335.2,1.3,1.1,2014-06-11,0507,Aqua,MODIS,79,6.2,304.9,36.8,D,0
-13.0806,132.4863,335.1,1.3,1.1,2014-06-11,0507,Aqua,MODIS,84,6.2,305.4,38.3,D,0
-13.0824,132.4741,343.6,1.3,1.1,2014-06-11,0507,Aqua,MODIS,91,6.2,306.1,59.4,D,0
-13.0843,132.4621,328.6,1.3,1.1,2014-06-11,0507,Aqua,MODIS,52,6.2,304.7,23.9,D,0
-12.9613,132.5991,322.9,1.4,1.2,2014-06-11,0507,Aqua,MODIS,63,6.2,305.8,14.9,D,0
-12.9689,132.5932,327.3,1.3,1.2,2014-06-11,0507,Aqua,MODIS,71,6.2,306.5,23.4,D,0
-13.5535,130.8085,320.8,1.1,1,2014-06-11,0507,Aqua,MODIS,44,6.2,308.9,8,D,0
-13.0082,132.6124,325.5,1.4,1.2,2014-06-11,0507,Aqua,MODIS,74,6.2,305.5,22.6,D,0
-13.0063,132.6248,341.7,1.4,1.2,2014-06-11,0507,Aqua,MODIS,90,6.2,308.6,58.1,D,0
-13.0703,132.4845,320.1,1.3,1.1,2014-06-11,0507,Aqua,MODIS,51,6.2,304.2,12.6,D,0
-11.4165,132.3268,322.8,1.4,1.2,2014-06-11,0507,Aqua,MODIS,72,6.2,302.8,19.9,D,0
-13.7859,131.7013,324.2,1.2,1.1,2014-06-11,0507,Aqua,MODIS,56,6.2,310.3,12.2,D,0
-13.4293,131.8188,325.8,1.2,1.1,2014-06-11,0507,Aqua,MODIS,74,6.2,308.4,16.3,D,0
-13.1757,132.4717,326.6,1.3,1.1,2014-06-11,0507,Aqua,MODIS,74,6.2,307.4,17.9,D,0
-13.1841,132.4662,329.1,1.3,1.1,2014-06-11,0507,Aqua,MODIS,45,6.2,305.8,21.2,D,0
-13.1981,132.4439,357.6,1.3,1.1,2014-06-11,0507,Aqua,MODIS,98,6.2,308.7,104.3,D,0
-13.1962,132.4559,347.4,1.3,1.1,2014-06-11,0507,Aqua,MODIS,93,6.2,306.5,67.6,D,0
-13.1943,132.4679,328,1.3,1.1,2014-06-11,0507,Aqua,MODIS,55,6.2,306.8,20.7,D,0
-13.2045,132.4695,347.8,1.3,1.1,2014-06-11,0507,Aqua,MODIS,93,6.2,305.8,69.4,D,0
-13.6364,130.6769,328.1,1.1,1,2014-06-11,0507,Aqua,MODIS,78,6.2,306.1,18.9,D,0
-13.6378,130.6672,321.8,1.1,1,2014-06-11,0507,Aqua,MODIS,66,6.2,305.3,11.4,D,0
-13.8689,132.2858,330.7,1.3,1.1,2014-06-11,0507,Aqua,MODIS,78,6.2,309.4,24.6,D,0
-14.0411,130.8766,319.9,1.1,1,2014-06-11,0507,Aqua,MODIS,45,6.2,306.5,8.6,D,0
-13.558,130.7791,321.9,1.1,1,2014-06-11,0507,Aqua,MODIS,40,6.2,307,8.9,D,0
-13.5565,130.7889,329.9,1.1,1,2014-06-11,0507,Aqua,MODIS,78,6.2,306.5,19,D,0
-13.8022,131.66,339.6,1.2,1.1,2014-06-11,0507,Aqua,MODIS,88,6.2,305.9,40.4,D,0
-13.8135,131.6508,324.8,1.2,1.1,2014-06-11,0507,Aqua,MODIS,65,6.2,304.5,16.7,D,0
-13.395,132.2415,321.1,1.3,1.1,2014-06-11,0507,Aqua,MODIS,44,6.2,307.9,10.5,D,0
-13.4286,132.2168,326.6,1.3,1.1,2014-06-11,0507,Aqua,MODIS,55,6.2,305.7,19.5,D,0
-13.4418,130.9979,331.1,1.1,1,2014-06-11,0507,Aqua,MODIS,81,6.2,307.2,23.2,D,0
-13.6436,134.3768,317.5,1.7,1.3,2014-06-11,0507,Aqua,MODIS,63,6.2,303.5,16.4,D,0
-13.9854,130.8677,321.6,1.1,1,2014-06-11,0507,Aqua,MODIS,50,6.2,308.2,9.9,D,0
-13.4185,132.8007,321.3,1.4,1.2,2014-06-11,0507,Aqua,MODIS,69,6.2,306.9,14.3,D,0
-13.9561,134.4517,320.1,1.7,1.3,2014-06-11,0507,Aqua,MODIS,44,6.2,306.1,16.6,D,0
-11.4185,132.3143,326.3,1.4,1.2,2014-06-11,0507,Aqua,MODIS,78,6.2,302.4,25.1,D,0
-13.8102,131.6723,323.4,1.2,1.1,2014-06-11,0507,Aqua,MODIS,42,6.2,307.5,13,D,0
-13.8118,131.6616,340.8,1.2,1.1,2014-06-11,0507,Aqua,MODIS,89,6.2,306.7,43.7,D,0
-12.12,132.9904,318.4,1.5,1.2,2014-06-11,0507,Aqua,MODIS,66,6.2,303.8,14.6,D,0
-13.984,130.8775,317.1,1.1,1,2014-06-11,0507,Aqua,MODIS,25,6.2,305,6,D,0
-12.4888,132.401,334.7,1.3,1.1,2014-06-11,0507,Aqua,MODIS,74,6.2,304.5,42.4,D,0
-12.8464,131.7544,317.3,1.2,1.1,2014-06-11,0507,Aqua,MODIS,20,6.2,305.8,7.2,D,0
-12.694,131.5492,328.1,1.2,1.1,2014-06-11,0507,Aqua,MODIS,79,6.2,303.5,24.2,D,0
-12.9603,131.0773,334.8,1.1,1.1,2014-06-11,0507,Aqua,MODIS,84,6.2,306.7,26.1,D,0
-12.6365,131.9842,326.8,1.3,1.1,2014-06-11,0507,Aqua,MODIS,77,6.2,309,19.3,D,0
-13.4382,133.6609,328.4,1.6,1.2,2014-06-11,0507,Aqua,MODIS,80,6.2,303.4,39.9,D,0
-13.0654,133.6903,319.7,1.6,1.2,2014-06-11,0507,Aqua,MODIS,56,6.2,304.3,18.2,D,0
-12.9682,131.089,347.2,1.1,1.1,2014-06-11,0507,Aqua,MODIS,93,6.2,305.9,52.6,D,0
-12.2599,133.3379,318.6,1.6,1.2,2014-06-11,0507,Aqua,MODIS,66,6.2,304.2,13.7,D,0
-13.0677,133.6757,319.1,1.6,1.2,2014-06-11,0507,Aqua,MODIS,51,6.2,304.2,17.1,D,0
-12.6635,131.9418,318.3,1.2,1.1,2014-06-11,0507,Aqua,MODIS,39,6.2,307,7.9,D,0
-12.7172,132.7777,334.4,1.4,1.2,2014-06-11,0507,Aqua,MODIS,85,6.2,305,41.9,D,0
-12.6872,133.4686,316.5,1.6,1.2,2014-06-11,0507,Aqua,MODIS,60,6.2,303.8,10.9,D,0
-12.8331,131.9703,319.4,1.2,1.1,2014-06-11,0507,Aqua,MODIS,63,6.2,304.5,11.7,D,0
-12.6347,131.9957,339.3,1.3,1.1,2014-06-11,0507,Aqua,MODIS,88,6.2,306.4,44,D,0
-12.2183,134.0134,317.9,1.7,1.3,2014-06-11,0507,Aqua,MODIS,64,6.2,302.7,18.9,D,0
-13.0681,133.6829,331.6,1.6,1.2,2014-06-11,0507,Aqua,MODIS,83,6.2,305,44.8,D,0
-12.839,131.8671,337.7,1.2,1.1,2014-06-11,0507,Aqua,MODIS,87,6.2,307.1,41.1,D,0
-12.8558,131.824,320.3,1.2,1.1,2014-06-11,0507,Aqua,MODIS,66,6.2,307.5,11.9,D,0
-12.8407,131.8559,344.4,1.2,1.1,2014-06-11,0507,Aqua,MODIS,91,6.2,307,56.8,D,0
-13.0966,130.908,323.5,1.1,1,2014-06-11,0507,Aqua,MODIS,60,6.2,305.7,12.1,D,0
-13.2818,133.6432,324.6,1.6,1.2,2014-06-11,0507,Aqua,MODIS,52,6.2,302.4,27.3,D,0
-13.2841,133.6289,320.1,1.6,1.2,2014-06-11,0507,Aqua,MODIS,47,6.2,301.2,20.4,D,0
-12.6675,131.0536,344.1,1.1,1.1,2014-06-11,0507,Aqua,MODIS,92,6.2,304.5,50.3,D,0
-12.9231,131.9792,322.7,1.2,1.1,2014-06-11,0507,Aqua,MODIS,54,6.2,304.2,13.5,D,0
-12.2363,133.1835,318.2,1.5,1.2,2014-06-11,0507,Aqua,MODIS,39,6.2,305.7,9.8,D,0
-12.2245,133.6301,321.9,1.6,1.3,2014-06-11,0507,Aqua,MODIS,68,6.2,307.4,16.2,D,0
-12.7509,131.179,316.5,1.1,1.1,2014-06-11,0507,Aqua,MODIS,43,6.2,303.4,7.7,D,0
-12.8207,132.0503,331.1,1.3,1.1,2014-06-11,0507,Aqua,MODIS,81,6.2,305.9,27.8,D,0
-13.1972,133.8018,325.1,1.6,1.3,2014-06-11,0507,Aqua,MODIS,77,6.2,304.7,29.8,D,0
-13.0594,133.5854,317.3,1.6,1.2,2014-06-11,0507,Aqua,MODIS,35,6.2,304.9,12.1,D,0
-12.9242,132.0377,328.3,1.3,1.1,2014-06-11,0507,Aqua,MODIS,78,6.2,305.7,22.3,D,0
-12.7192,132.765,320.2,1.4,1.2,2014-06-11,0507,Aqua,MODIS,67,6.2,303.1,13.7,D,0
-12.6754,131.0654,376.4,1.1,1.1,2014-06-11,0507,Aqua,MODIS,100,6.2,306.7,156.6,D,0
-12.8447,131.7654,327.6,1.2,1.1,2014-06-11,0507,Aqua,MODIS,77,6.2,306.7,20.7,D,0
-12.9508,131.0758,325.8,1.1,1.1,2014-06-11,0507,Aqua,MODIS,69,6.2,306.7,12.5,D,0
-12.4057,133.5058,316.3,1.6,1.2,2014-06-11,0507,Aqua,MODIS,55,6.2,303.5,12.4,D,0
-12.4169,131.0166,317.9,1.1,1.1,2014-06-11,0507,Aqua,MODIS,65,6.2,307.3,8.6,D,0
-12.3117,131.2271,324.4,1.2,1.1,2014-06-11,0507,Aqua,MODIS,66,6.2,303.8,18,D,0
-12.6659,131.0639,381.7,1.1,1.1,2014-06-11,0507,Aqua,MODIS,100,6.2,307.2,181.2,D,0
-13.0617,133.5713,349.7,1.6,1.2,2014-06-11,0507,Aqua,MODIS,95,6.2,306.6,101.5,D,0
-12.6644,131.0741,343.6,1.1,1.1,2014-06-11,0507,Aqua,MODIS,91,6.2,302.7,51.1,D,0
-12.677,131.0552,343,1.1,1.1,2014-06-11,0507,Aqua,MODIS,91,6.2,304.7,48.5,D,0
-12.926,132.0263,319.7,1.2,1.1,2014-06-11,0507,Aqua,MODIS,48,6.2,304.7,10.4,D,0
-12.7277,132.7795,315.9,1.4,1.2,2014-06-11,0507,Aqua,MODIS,32,6.2,304,7.9,D,0
-12.6581,133.5074,317.7,1.6,1.2,2014-06-11,0507,Aqua,MODIS,64,6.2,303.2,13.5,D,0
-13.4359,133.6752,314.2,1.6,1.2,2014-06-11,0507,Aqua,MODIS,52,6.2,301.5,12.2,D,0
-12.6718,130.7386,316.5,1.1,1,2014-06-11,0507,Aqua,MODIS,53,6.2,305.8,6.5,D,0
-12.915,131.9663,322.7,1.2,1.1,2014-06-11,0507,Aqua,MODIS,43,6.2,306.3,12.6,D,0
-12.8189,132.0618,319.4,1.3,1.1,2014-06-11,0507,Aqua,MODIS,59,6.2,305,9.8,D,0
-12.9697,131.0788,327.4,1.1,1.1,2014-06-11,0507,Aqua,MODIS,72,6.2,307.9,15.7,D,0
-13.4393,133.668,330,1.6,1.2,2014-06-11,0507,Aqua,MODIS,81,6.2,302.3,43,D,0
-13.0639,133.557,329.7,1.6,1.2,2014-06-11,0507,Aqua,MODIS,81,6.2,305.5,36.9,D,0
-31.7129,115.8668,359.2,2,1.4,2014-06-11,0640,Aqua,MODIS,75,6.2,287.6,238,D,0
-29.118,150.6518,311.4,1,1,2014-06-11,1249,Terra,MODIS,82,6.2,280.7,14.9,N,0
-29.0996,150.1526,300.4,1,1,2014-06-11,1249,Terra,MODIS,26,6.2,280.6,7.7,N,0
-26.6637,146.0759,301.4,1.2,1.1,2014-06-11,1250,Terra,MODIS,41,6.2,284.2,9.8,N,0
-26.7922,150.1996,319.7,1,1,2014-06-11,1250,Terra,MODIS,99,6.2,282,21.5,N,0
-12.5733,141.8308,304.9,1.4,1.2,2014-06-11,1254,Terra,MODIS,62,6.2,292.3,9.9,N,0
-12.575,141.8176,310.5,1.4,1.2,2014-06-11,1254,Terra,MODIS,80,6.2,291.8,16.2,N,0
-21.54,118.5041,301.7,1.5,1.2,2014-06-11,1430,Terra,MODIS,44,6.2,290.2,9.3,N,0
-21.7965,119.9536,309.9,1.3,1.1,2014-06-11,1430,Terra,MODIS,79,6.2,289.1,13.7,N,0
-21.7949,119.9658,301.3,1.3,1.1,2014-06-11,1430,Terra,MODIS,14,6.2,288.9,6.3,N,0
-21.815,119.9687,329.2,1.3,1.1,2014-06-11,1430,Terra,MODIS,92,6.2,290.2,37.5,N,0
-21.8166,119.9566,322.5,1.3,1.1,2014-06-11,1430,Terra,MODIS,74,6.2,289.1,26.7,N,0
-21.8151,119.9621,339.2,1.3,1.1,2014-06-11,1430,Terra,MODIS,100,6.2,290.4,58.6,N,0
-21.8755,119.9705,300.1,1.3,1.1,2014-06-11,1430,Terra,MODIS,15,6.2,288.2,6.2,N,0
-21.8856,119.9719,310.6,1.3,1.1,2014-06-11,1430,Terra,MODIS,80,6.2,288.7,15.3,N,0
-15.8683,125.0378,308.6,1.3,1.1,2014-06-11,1431,Terra,MODIS,75,6.2,290.4,12.2,N,0
-15.8665,125.0493,307.2,1.3,1.1,2014-06-11,1431,Terra,MODIS,71,6.2,290.4,11,N,0
-15.9007,124.6977,308.8,1.2,1.1,2014-06-11,1431,Terra,MODIS,76,6.2,292.8,10,N,0
-18.5253,121.8054,306.3,1,1,2014-06-11,1431,Terra,MODIS,68,6.2,285,9.1,N,0
-19.1259,121.8446,301.7,1,1,2014-06-11,1431,Terra,MODIS,44,6.2,288,6.2,N,0
-16.1563,124.702,302.1,1.2,1.1,2014-06-11,1431,Terra,MODIS,39,6.2,291.4,5.6,N,0
-15.7481,124.8274,303.6,1.2,1.1,2014-06-11,1432,Terra,MODIS,37,6.2,291.1,6.9,N,0
-15.4736,124.7504,306.3,1.2,1.1,2014-06-11,1432,Terra,MODIS,68,6.2,290.1,10.3,N,0
-15.7597,124.8179,304.4,1.2,1.1,2014-06-11,1432,Terra,MODIS,54,6.2,291.7,7.5,N,0
-15.2855,127.7884,301.2,2,1.4,2014-06-11,1432,Terra,MODIS,26,6.2,290.4,11.7,N,0
-15.4754,124.7389,301.9,1.2,1.1,2014-06-11,1432,Terra,MODIS,45,6.2,291.2,6.7,N,0
-13.8182,130.2963,300.3,3.3,1.7,2014-06-11,1432,Terra,MODIS,23,6.2,288.4,30.3,N,0
-15.7498,124.8163,302.5,1.2,1.1,2014-06-11,1432,Terra,MODIS,23,6.2,291,5.8,N,0
-15.7615,124.8067,305,1.2,1.1,2014-06-11,1432,Terra,MODIS,60,6.2,290.8,7.9,N,0
-15.53,124.5186,303.7,1.2,1.1,2014-06-11,1432,Terra,MODIS,57,6.2,291.1,7.3,N,0
-15.5283,124.5295,311.5,1.2,1.1,2014-06-11,1432,Terra,MODIS,83,6.2,290.8,14.2,N,0
-15.8909,124.6962,308.9,1.2,1.1,2014-06-11,1432,Terra,MODIS,76,6.2,291.8,10.1,N,0
-15.7535,124.9225,307.7,1.2,1.1,2014-06-11,1432,Terra,MODIS,72,6.2,292.4,10.3,N,0
-15.7082,124.9507,306.7,1.3,1.1,2014-06-11,1432,Terra,MODIS,69,6.2,291.6,9.5,N,0
-15.7922,124.8699,300.7,1.2,1.1,2014-06-11,1432,Terra,MODIS,17,6.2,290.5,4.9,N,0
-15.4405,125.7357,301.5,1.4,1.2,2014-06-11,1432,Terra,MODIS,20,6.2,288.1,8.9,N,0
-15.4511,125.7371,301.3,1.4,1.2,2014-06-11,1432,Terra,MODIS,37,6.2,286.9,8.9,N,0
-12.5776,141.826,318.7,1,1,2014-06-11,1557,Aqua,MODIS,97,6.2,292.1,17.4,N,0
-21.5342,118.515,300.7,1.1,1.1,2014-06-11,1738,Aqua,MODIS,32,6.2,289,6.5,N,0
-21.789,119.9534,311.2,1.4,1.2,2014-06-11,1738,Aqua,MODIS,82,6.2,287.1,19.1,N,0
-21.7906,119.9666,314.3,1.4,1.2,2014-06-11,1738,Aqua,MODIS,89,6.2,287.3,23.2,N,0
-21.8824,119.9747,308.1,1.4,1.2,2014-06-11,1738,Aqua,MODIS,73,6.2,285.7,15.6,N,0
-21.8719,119.9762,306.5,1.4,1.2,2014-06-11,1738,Aqua,MODIS,57,6.2,285.9,13.7,N,0
-27.0309,152.9899,312.1,1.3,1.1,2014-06-11,2347,Terra,MODIS,72,6.2,285.3,15.8,D,0
-27.0287,152.9773,301,1.3,1.1,2014-06-11,2347,Terra,MODIS,29,6.2,283.7,6.1,D,0
-26.7951,150.206,302.7,1.9,1.3,2014-06-11,2347,Terra,MODIS,53,6.2,291.1,10.1,D,0
-26.5534,150.94,300.6,1.7,1.3,2014-06-11,2347,Terra,MODIS,34,6.2,287.4,7.5,D,0
-27.8823,148.8133,305.2,2.2,1.4,2014-06-11,2348,Terra,MODIS,48,6.2,292.4,15.2,D,0
-28.4669,152.0282,300.7,1.3,1.1,2014-06-11,2348,Terra,MODIS,36,6.2,287.5,7.3,D,0
-27.8851,148.8185,306.8,2.2,1.4,2014-06-11,2348,Terra,MODIS,64,6.2,292.5,19.7,D,0
-27.8979,148.8152,302.6,2.2,1.4,2014-06-11,2348,Terra,MODIS,49,6.2,291.4,11.2,D,0
-34.4628,150.8879,301.1,1.2,1.1,2014-06-11,2349,Terra,MODIS,33,6.2,283.5,7.8,D,2
-12.9239,132.0027,317.8,1.2,1.1,2014-06-12,0122,Terra,MODIS,28,6.2,301.1,10.1,D,0
-12.6572,131.9367,318.6,1.3,1.1,2014-06-12,0122,Terra,MODIS,71,6.2,302.7,13.1,D,0
-12.8477,131.8458,330.6,1.3,1.1,2014-06-12,0122,Terra,MODIS,83,6.2,300.8,32,D,0
-12.8495,131.8574,331.7,1.3,1.1,2014-06-12,0122,Terra,MODIS,84,6.2,301.3,34.1,D,0
-12.6873,131.5503,310.2,1.3,1.1,2014-06-12,0122,Terra,MODIS,41,6.2,299,6.9,D,0
-12.9195,132.0382,316.3,1.2,1.1,2014-06-12,0122,Terra,MODIS,42,6.2,303,8.3,D,0
-12.8395,131.859,318.7,1.3,1.1,2014-06-12,0122,Terra,MODIS,70,6.2,302.4,14.4,D,0
-12.8831,133.6705,325.7,1,1,2014-06-12,0122,Terra,MODIS,78,6.2,302.3,17.5,D,0
-13.0294,133.6057,312.3,1,1,2014-06-12,0122,Terra,MODIS,40,6.2,301.6,4.2,D,0
-13.0936,130.9147,316,1.4,1.2,2014-06-12,0122,Terra,MODIS,61,6.2,301.3,12.8,D,0
-12.4933,132.3943,347.1,1.2,1.1,2014-06-12,0122,Terra,MODIS,88,6.2,302.4,64.9,D,0
-12.9177,132.0269,319.9,1.2,1.1,2014-06-12,0122,Terra,MODIS,46,6.2,302.2,12.6,D,0
-12.8376,131.8474,332.7,1.3,1.1,2014-06-12,0122,Terra,MODIS,85,6.2,301.3,36.9,D,0
-12.7137,131.0097,316.7,1.4,1.2,2014-06-12,0122,Terra,MODIS,67,6.2,298.6,16.2,D,0
-12.495,132.4052,352,1.2,1.1,2014-06-12,0122,Terra,MODIS,0,6.2,306.5,76.3,D,0
-12.6058,132.5251,328.9,1.2,1.1,2014-06-12,0122,Terra,MODIS,72,6.2,304.7,23.2,D,0
-13.0984,130.9072,313.9,1.4,1.2,2014-06-12,0122,Terra,MODIS,45,6.2,300.2,10,D,0
-12.6658,133.6383,312.4,1.1,1,2014-06-12,0122,Terra,MODIS,49,6.2,301.2,4.7,D,0
-12.5617,141.803,326.6,2.3,1.5,2014-06-12,0122,Terra,MODIS,60,6.2,298.9,64.4,D,0
-12.2639,133.0111,316.6,1.1,1.1,2014-06-12,0122,Terra,MODIS,55,6.2,301.7,10.1,D,0
-12.5047,132.4036,327.8,1.2,1.1,2014-06-12,0122,Terra,MODIS,61,6.2,303,26.1,D,0
-12.5643,141.824,317.8,2.3,1.5,2014-06-12,0122,Terra,MODIS,60,6.2,299,35.3,D,0
-12.541,132.3023,313.9,1.2,1.1,2014-06-12,0122,Terra,MODIS,49,6.2,301.7,7.8,D,0
-13.0936,130.5818,316.5,1.5,1.2,2014-06-12,0122,Terra,MODIS,23,6.2,301,10.6,D,0
-13.1045,130.58,316.4,1.5,1.2,2014-06-12,0122,Terra,MODIS,35,6.2,301.3,11.9,D,0
-13.5116,132.736,324.2,1.1,1.1,2014-06-12,0122,Terra,MODIS,76,6.2,305,16.2,D,0
-12.2954,132.3717,317.2,1.2,1.1,2014-06-12,0122,Terra,MODIS,60,6.2,302.4,8.2,D,0
-13.4429,132.239,341.4,1.2,1.1,2014-06-12,0122,Terra,MODIS,90,6.2,303.2,48,D,0
-13.6788,134.6132,315.8,1,1,2014-06-12,0122,Terra,MODIS,64,6.2,304.4,6.8,D,0
-13.6775,134.604,325.4,1,1,2014-06-12,0122,Terra,MODIS,78,6.2,305.3,16.3,D,0
-13.5002,132.6637,323.4,1.1,1.1,2014-06-12,0122,Terra,MODIS,75,6.2,304.6,16,D,0
-13.2145,132.4812,317.5,1.2,1.1,2014-06-12,0122,Terra,MODIS,42,6.2,302.6,7.8,D,0
-12.8295,131.8606,328.3,1.3,1.1,2014-06-12,0122,Terra,MODIS,81,6.2,302.6,28.2,D,0
-13.409,131.8342,315.1,1.2,1.1,2014-06-12,0122,Terra,MODIS,58,6.2,302.5,7.5,D,0
-13.1902,132.4524,338.3,1.2,1.1,2014-06-12,0122,Terra,MODIS,88,6.2,304.6,39.5,D,0
-13.2732,131.117,329,1.4,1.2,2014-06-12,0122,Terra,MODIS,81,6.2,302.6,29.9,D,0
-13.0387,132.3466,316.3,1.2,1.1,2014-06-12,0122,Terra,MODIS,64,6.2,302.2,9.6,D,0
-13.2941,131.1136,320.1,1.4,1.2,2014-06-12,0122,Terra,MODIS,57,6.2,301,16.1,D,0
-11.2867,132.014,318.7,1.3,1.1,2014-06-12,0122,Terra,MODIS,70,6.2,298.8,15.3,D,0
-13.2962,131.1262,321.4,1.4,1.2,2014-06-12,0122,Terra,MODIS,67,6.2,302.4,17.5,D,0
-11.3099,132.2249,319.6,1.3,1.1,2014-06-12,0122,Terra,MODIS,0,6.2,298.8,14.9,D,0
-12.8276,131.849,356.9,1.3,1.1,2014-06-12,0122,Terra,MODIS,98,6.2,302.7,101.3,D,0
-13.5132,132.7462,327.2,1.1,1.1,2014-06-12,0122,Terra,MODIS,79,6.2,303.9,20.2,D,0
-13.4447,132.2499,323.8,1.2,1.1,2014-06-12,0122,Terra,MODIS,68,6.2,303.8,16.6,D,0
-13.5018,132.6742,313.9,1.1,1.1,2014-06-12,0122,Terra,MODIS,42,6.2,301.6,5.9,D,0
-13.6391,134.4095,313.4,1,1,2014-06-12,0122,Terra,MODIS,57,6.2,302.2,4.9,D,0
-12.6893,131.5623,317.2,1.3,1.1,2014-06-12,0122,Terra,MODIS,68,6.2,299.4,15.8,D,0
-13.3046,131.1119,327.4,1.4,1.2,2014-06-12,0123,Terra,MODIS,63,6.2,301.1,27.6,D,0
-15.4476,131.8377,314.8,1.2,1.1,2014-06-12,0123,Terra,MODIS,60,6.2,302.4,7.2,D,0
-13.3139,131.1295,317.6,1.4,1.2,2014-06-12,0123,Terra,MODIS,66,6.2,302.3,13.2,D,0
-13.3118,131.1169,326.9,1.4,1.2,2014-06-12,0123,Terra,MODIS,79,6.2,301.6,29,D,0
-13.3066,131.1245,341.7,1.4,1.2,2014-06-12,0123,Terra,MODIS,91,6.2,304.7,60.4,D,0
-15.5408,131.7822,315.7,1.2,1.1,2014-06-12,0123,Terra,MODIS,37,6.2,300.7,7.8,D,0
-13.8217,131.7233,329.6,1.2,1.1,2014-06-12,0123,Terra,MODIS,82,6.2,301.4,29.6,D,0
-13.457,131.113,320.8,1.4,1.2,2014-06-12,0123,Terra,MODIS,72,6.2,301.9,19.5,D,0
-14.3382,133.1867,317.3,1.1,1,2014-06-12,0123,Terra,MODIS,49,6.2,305.1,6,D,0
-15.4459,131.8268,318.7,1.2,1.1,2014-06-12,0123,Terra,MODIS,69,6.2,303,11.1,D,0
-13.7875,130.6509,336.5,1.5,1.2,2014-06-12,0123,Terra,MODIS,87,6.2,303,52.7,D,0
-13.8308,131.7802,313.3,1.2,1.1,2014-06-12,0123,Terra,MODIS,35,6.2,300.4,6.1,D,0
-13.8353,131.7446,314.8,1.2,1.1,2014-06-12,0123,Terra,MODIS,41,6.2,300.6,8.2,D,0
-13.8407,131.7786,320,1.2,1.1,2014-06-12,0123,Terra,MODIS,70,6.2,302.3,13.6,D,0
-13.3851,131.0395,320.3,1.4,1.2,2014-06-12,0123,Terra,MODIS,71,6.2,300.7,17.1,D,0
-14.2984,132.6466,324.4,1.1,1,2014-06-12,0123,Terra,MODIS,75,6.2,303.8,14.9,D,0
-13.8235,131.7347,316.2,1.2,1.1,2014-06-12,0123,Terra,MODIS,54,6.2,301.4,10,D,0
-15.5444,131.7867,315.3,1.2,1.1,2014-06-12,0123,Terra,MODIS,53,6.2,300,8.2,D,0
-13.3871,131.0522,317.5,1.4,1.2,2014-06-12,0123,Terra,MODIS,58,6.2,302.4,13,D,0
-13.5115,131.5787,320.3,1.3,1.1,2014-06-12,0123,Terra,MODIS,71,6.2,302.6,14.9,D,0
-13.9664,130.7777,325.7,1.4,1.2,2014-06-12,0123,Terra,MODIS,78,6.2,300.5,29.3,D,0
-13.3923,131.0453,326.1,1.4,1.2,2014-06-12,0123,Terra,MODIS,77,6.2,302.2,25.8,D,0
-13.974,132.807,318.6,1.1,1,2014-06-12,0123,Terra,MODIS,65,6.2,303,9.5,D,0
-13.5134,131.5905,315.1,1.3,1.1,2014-06-12,0123,Terra,MODIS,45,6.2,302.9,8.3,D,0
-15.76,125.7386,309.2,3.1,1.7,2014-06-12,0123,Terra,MODIS,56,6.2,292.9,30.5,D,0
-15.7584,125.733,307.7,3.1,1.7,2014-06-12,0123,Terra,MODIS,48,6.2,293.1,23.9,D,0
-14.6873,132.8129,324.2,1.1,1,2014-06-12,0123,Terra,MODIS,75,6.2,302.5,14.6,D,0
-14.6924,132.8056,315.4,1.1,1,2014-06-12,0123,Terra,MODIS,53,6.2,301.8,6.6,D,0
-14.6939,132.8155,318.1,1.1,1,2014-06-12,0123,Terra,MODIS,66,6.2,300.6,9.5,D,0
-14.3613,132.8637,316.1,1.1,1,2014-06-12,0123,Terra,MODIS,48,6.2,302.4,5.6,D,0
-14.3629,132.8737,315.3,1.1,1,2014-06-12,0123,Terra,MODIS,26,6.2,301.8,4.9,D,0
-14.3536,132.8752,317,1.1,1,2014-06-12,0123,Terra,MODIS,40,6.2,303.5,6.9,D,0
-14.4457,132.7518,314.5,1.1,1,2014-06-12,0123,Terra,MODIS,44,6.2,302.4,5.3,D,0
-15.6969,129.2017,316.7,1.7,1.3,2014-06-12,0123,Terra,MODIS,71,6.2,295.8,21.2,D,0
-14.4441,132.7418,328.8,1.1,1,2014-06-12,0123,Terra,MODIS,80,6.2,303.3,22,D,0
-14.4425,132.7317,327.4,1.1,1,2014-06-12,0123,Terra,MODIS,79,6.2,303.7,20.1,D,0
-14.4488,132.772,318.8,1.1,1,2014-06-12,0123,Terra,MODIS,67,6.2,303.5,10.1,D,0
-14.4472,132.7619,317,1.1,1,2014-06-12,0123,Terra,MODIS,62,6.2,302.3,8.2,D,0
-15.1857,129.9232,316.5,1.6,1.2,2014-06-12,0123,Terra,MODIS,51,6.2,295.3,14.9,D,0
-15.2622,129.9628,310.2,1.5,1.2,2014-06-12,0123,Terra,MODIS,43,6.2,293.5,9.1,D,0
-16.1443,126.1459,309.8,2.8,1.6,2014-06-12,0123,Terra,MODIS,56,6.2,297.1,22.5,D,0
-15.1748,129.9253,335.6,1.6,1.2,2014-06-12,0123,Terra,MODIS,87,6.2,294,56.8,D,0
-15.5721,126.8743,311.9,2.6,1.5,2014-06-12,0123,Terra,MODIS,64,6.2,295.5,26.3,D,0
-15.3629,129.8794,309,1.6,1.2,2014-06-12,0123,Terra,MODIS,0,6.2,290.7,8.1,D,0
-14.1508,126.9196,312.6,2.7,1.6,2014-06-12,0123,Terra,MODIS,55,6.2,292.6,33.5,D,0
-15.1392,129.7833,309,1.6,1.2,2014-06-12,0123,Terra,MODIS,30,6.2,293.5,8,D,0
-15.1417,129.7979,309.4,1.6,1.2,2014-06-12,0123,Terra,MODIS,39,6.2,294.7,8,D,0
-16.1383,126.1275,310.7,2.8,1.6,2014-06-12,0123,Terra,MODIS,60,6.2,296.3,25.4,D,0
-15.5858,126.8717,310.7,2.6,1.5,2014-06-12,0123,Terra,MODIS,55,6.2,296.6,22.7,D,0
-14.8383,127.627,313.3,2.3,1.5,2014-06-12,0123,Terra,MODIS,67,6.2,290.9,26.5,D,0
-14.2099,131.0764,324.5,1.3,1.2,2014-06-12,0123,Terra,MODIS,51,6.2,301.4,22.2,D,0
-14.2119,131.0888,333.5,1.3,1.1,2014-06-12,0123,Terra,MODIS,85,6.2,302.6,40.1,D,0
-14.8423,127.6323,318.2,2.3,1.5,2014-06-12,0123,Terra,MODIS,74,6.2,290.9,40.2,D,0
-14.3423,132.6187,330.7,1.1,1.1,2014-06-12,0123,Terra,MODIS,82,6.2,302.4,25.2,D,0
-15.2878,127.7765,307.8,2.2,1.4,2014-06-12,0123,Terra,MODIS,39,6.2,287.2,12.5,D,0
-15.2693,127.8219,310.1,2.2,1.4,2014-06-12,0123,Terra,MODIS,20,6.2,288.1,15.7,D,0
-15.2599,127.8437,314,2.2,1.4,2014-06-12,0123,Terra,MODIS,69,6.2,288.5,25.2,D,0
-14.3438,132.6289,322.1,1.1,1.1,2014-06-12,0123,Terra,MODIS,72,6.2,302.3,13.3,D,0
-15.0668,129.6963,310.1,1.6,1.3,2014-06-12,0123,Terra,MODIS,34,6.2,293.5,8.2,D,0
-13.7852,130.6376,344,1.5,1.2,2014-06-12,0123,Terra,MODIS,92,6.2,301.1,74.7,D,0
-14.2199,130.2799,315.4,1.5,1.2,2014-06-12,0123,Terra,MODIS,58,6.2,300.2,12.2,D,0
-15.0592,125.9269,326.2,3.1,1.7,2014-06-12,0123,Terra,MODIS,82,6.2,290.6,106,D,0
-15.0576,125.9211,325.6,3.1,1.7,2014-06-12,0123,Terra,MODIS,82,6.2,290.6,100.4,D,0
-15.0725,125.9183,309.1,3.1,1.7,2014-06-12,0123,Terra,MODIS,32,6.2,288.7,28.4,D,0
-14.4446,130.1054,314,1.6,1.2,2014-06-12,0123,Terra,MODIS,44,6.2,299.7,12,D,0
-14.4421,130.091,312.1,1.6,1.2,2014-06-12,0123,Terra,MODIS,45,6.2,299.2,9.7,D,0
-15.7921,124.8813,313.9,3.6,1.8,2014-06-12,0123,Terra,MODIS,67,6.2,293.2,56.8,D,0
-15.7854,124.8472,307.7,3.6,1.8,2014-06-12,0123,Terra,MODIS,26,6.2,292.8,28,D,0
-15.7996,124.8856,311.5,3.6,1.8,2014-06-12,0123,Terra,MODIS,62,6.2,292.8,45.3,D,0
-15.7932,124.8519,310.1,3.6,1.8,2014-06-12,0123,Terra,MODIS,58,6.2,292.3,39.3,D,0
-13.8712,130.5337,321.1,1.5,1.2,2014-06-12,0123,Terra,MODIS,73,6.2,299.8,21.6,D,0
-13.4533,130.5943,322,1.5,1.2,2014-06-12,0123,Terra,MODIS,73,6.2,302.1,21.4,D,0
-14.4385,130.1357,312.9,1.5,1.2,2014-06-12,0123,Terra,MODIS,17,6.2,300.7,10.2,D,0
-14.4417,130.0979,316.5,1.6,1.2,2014-06-12,0123,Terra,MODIS,55,6.2,300,14.7,D,0
-14.1676,130.2505,317.6,1.5,1.2,2014-06-12,0123,Terra,MODIS,55,6.2,303.7,12.5,D,0
-15.0443,125.9301,311.3,3.1,1.7,2014-06-12,0123,Terra,MODIS,20,6.2,289.2,35.4,D,0
-13.4984,130.5302,311.6,1.5,1.2,2014-06-12,0123,Terra,MODIS,25,6.2,298.9,7.3,D,0
-14.4384,130.215,312.1,1.5,1.2,2014-06-12,0123,Terra,MODIS,38,6.2,300.2,8.9,D,0
-15.0539,125.8985,312.4,3.1,1.7,2014-06-12,0123,Terra,MODIS,33,6.2,287.8,40.1,D,0
-15.8929,125.0637,308.8,3.4,1.7,2014-06-12,0123,Terra,MODIS,28,6.2,293.1,30,D,0
-15.4194,128.9175,313.9,1.8,1.3,2014-06-12,0123,Terra,MODIS,68,6.2,297.2,18,D,0
-15.8617,125.0422,315,3.5,1.8,2014-06-12,0123,Terra,MODIS,69,6.2,292.4,57.9,D,0
-15.8553,125.0373,312.1,3.5,1.8,2014-06-12,0123,Terra,MODIS,63,6.2,292.4,45.5,D,0
-13.7823,130.6447,358.1,1.5,1.2,2014-06-12,0123,Terra,MODIS,99,6.2,304.4,128,D,0
-14.17,130.2649,317.9,1.5,1.2,2014-06-12,0123,Terra,MODIS,59,6.2,301.1,13.6,D,0
-14.1933,130.255,314.4,1.5,1.2,2014-06-12,0123,Terra,MODIS,56,6.2,301.9,10.5,D,0
-14.1956,130.2688,314.8,1.5,1.2,2014-06-12,0123,Terra,MODIS,59,6.2,300.6,11.3,D,0
-14.3257,126.5225,307,2.9,1.6,2014-06-12,0123,Terra,MODIS,49,6.2,289.6,19.9,D,0
-13.8663,130.5266,322.8,1.5,1.2,2014-06-12,0123,Terra,MODIS,67,6.2,300.6,21.9,D,0
-16.7035,125.5351,307.8,3.1,1.7,2014-06-12,0124,Terra,MODIS,46,6.2,295.9,20.5,D,0
-17.542,123.7118,313.8,4,1.9,2014-06-12,0124,Terra,MODIS,68,6.2,298.2,63.1,D,0
-16.7115,126.6729,311.8,2.5,1.5,2014-06-12,0124,Terra,MODIS,61,6.2,299.4,21.8,D,0
-17.5344,123.6743,330.9,4,1.9,2014-06-12,0124,Terra,MODIS,85,6.2,297.7,193.9,D,0
-17.531,123.6825,330.3,4,1.9,2014-06-12,0124,Terra,MODIS,80,6.2,298.4,182.9,D,0
-17.0377,126.2499,314,2.7,1.6,2014-06-12,0124,Terra,MODIS,64,6.2,297,31.3,D,0
-20.7811,118.5582,311.6,3.8,1.8,2014-06-12,0303,Terra,MODIS,56,6.2,297.9,40.5,D,0
-21.5284,118.5134,314.7,3.9,1.8,2014-06-12,0303,Terra,MODIS,71,6.2,295.7,73.3,D,0
-21.7999,119.2007,312.6,4.4,1.9,2014-06-12,0303,Terra,MODIS,67,6.2,294.6,81.5,D,0
-21.8006,119.1936,310.5,4.4,1.9,2014-06-12,0303,Terra,MODIS,63,6.2,294.6,69.1,D,0
-21.5231,118.5189,311.1,3.9,1.8,2014-06-12,0303,Terra,MODIS,65,6.2,295.5,49.1,D,0
-20.7779,118.5214,311.8,3.8,1.8,2014-06-12,0303,Terra,MODIS,58,6.2,296.6,38.4,D,0
-20.7944,118.5197,318.8,3.8,1.8,2014-06-12,0303,Terra,MODIS,75,6.2,297.4,79,D,0
-20.7883,118.5257,332.7,3.8,1.8,2014-06-12,0303,Terra,MODIS,85,6.2,297.4,190.1,D,0
-20.7917,118.5625,323.7,3.8,1.8,2014-06-12,0303,Terra,MODIS,77,6.2,298.5,118,D,0
-20.8083,118.561,311.8,3.8,1.8,2014-06-12,0303,Terra,MODIS,34,6.2,296.8,39.3,D,0
-20.7976,118.5566,327.3,3.8,1.8,2014-06-12,0303,Terra,MODIS,83,6.2,298.4,145.4,D,0
-31.725,115.893,321,3.3,1.7,2014-06-12,0306,Terra,MODIS,73,6.2,286.7,112.7,D,0
-31.7226,115.8579,311.5,3.3,1.7,2014-06-12,0306,Terra,MODIS,49,6.2,287,65.7,D,0
-34.7657,145.9934,303,1.1,1,2014-06-12,0405,Aqua,MODIS,29,6.2,289.9,4.7,D,0
-35.0976,146.8993,342.1,1,1,2014-06-12,0405,Aqua,MODIS,93,6.2,292.4,49.3,D,0
-35.0991,146.8879,329.6,1,1,2014-06-12,0405,Aqua,MODIS,86,6.2,290.6,29.7,D,0
-34.7751,145.9952,309.9,1.1,1,2014-06-12,0405,Aqua,MODIS,67,6.2,291.3,9.7,D,0
-34.4112,146.205,308.2,1.1,1,2014-06-12,0405,Aqua,MODIS,67,6.2,290.8,9,D,0
-35.0899,146.8861,307.8,1,1,2014-06-12,0405,Aqua,MODIS,66,6.2,290,8.6,D,0
-34.4127,146.1934,315.7,1.1,1,2014-06-12,0405,Aqua,MODIS,76,6.2,292.1,15.1,D,0
-34.7642,146.0054,306.8,1.1,1,2014-06-12,0405,Aqua,MODIS,56,6.2,291.3,7.3,D,0
-34.9788,145.9835,301.1,1.1,1,2014-06-12,0405,Aqua,MODIS,45,6.2,290.1,4.3,D,0
-35.6027,148.1853,327.6,1,1,2014-06-12,0405,Aqua,MODIS,80,6.2,271.5,29.3,D,0
-35.5921,148.1944,332.1,1,1,2014-06-12,0405,Aqua,MODIS,76,6.2,271.3,35.9,D,0
-35.5937,148.1834,300.1,1,1,2014-06-12,0405,Aqua,MODIS,26,6.2,269.9,7.5,D,0
-31.2498,151.1439,303.7,1.3,1.1,2014-06-12,0406,Aqua,MODIS,57,6.2,292.7,6.9,D,0
-30.3871,151.4908,301.8,1.4,1.2,2014-06-12,0406,Aqua,MODIS,49,6.2,289.8,6.9,D,0
-30.9559,151.3534,301.5,1.4,1.2,2014-06-12,0406,Aqua,MODIS,47,6.2,290.2,6.9,D,0
-30.808,152.875,304.6,1.7,1.3,2014-06-12,0406,Aqua,MODIS,59,6.2,291.6,11.8,D,0
-31.1596,151.977,302.2,1.5,1.2,2014-06-12,0406,Aqua,MODIS,51,6.2,289.7,9.3,D,0
-31.1577,151.9718,305,1.5,1.2,2014-06-12,0406,Aqua,MODIS,60,6.2,289.3,11.6,D,0
-31.1289,151.9467,304.1,1.5,1.2,2014-06-12,0406,Aqua,MODIS,55,6.2,289,10.1,D,0
-31.6282,150.4938,306.6,1.2,1.1,2014-06-12,0406,Aqua,MODIS,64,6.2,296.2,5.7,D,0
-30.534,148.2351,308.3,1,1,2014-06-12,0406,Aqua,MODIS,53,6.2,292.5,5.3,D,0
-31.8995,145.872,320.9,1,1,2014-06-12,0406,Aqua,MODIS,80,6.2,296.1,17,D,0
-34.2829,146.1145,302.4,1.1,1,2014-06-12,0406,Aqua,MODIS,52,6.2,290.6,4.6,D,0
-29.7752,152.5579,303.4,1.7,1.3,2014-06-12,0406,Aqua,MODIS,56,6.2,290.6,12.1,D,0
-31.9259,145.8598,309.6,1,1,2014-06-12,0406,Aqua,MODIS,69,6.2,294.4,8.1,D,0
-31.9245,145.8709,313.4,1,1,2014-06-12,0406,Aqua,MODIS,73,6.2,295.1,10.8,D,0
-32.8363,146.4751,302.6,1,1,2014-06-12,0406,Aqua,MODIS,53,6.2,291.4,4,D,0
-31.898,145.8831,310.6,1,1,2014-06-12,0406,Aqua,MODIS,70,6.2,294.7,7.7,D,0
-32.8348,146.4861,310.4,1,1,2014-06-12,0406,Aqua,MODIS,70,6.2,291.7,9.1,D,0
-27.8904,148.8162,324.9,1.1,1.1,2014-06-12,0407,Aqua,MODIS,81,6.2,301.2,21.2,D,0
-27.8999,148.8182,316.1,1.1,1.1,2014-06-12,0407,Aqua,MODIS,25,6.2,298.5,9.8,D,0
-28.4498,152.2788,301.1,1.7,1.3,2014-06-12,0407,Aqua,MODIS,44,6.2,289.8,7.8,D,0
-27.8922,148.8048,314.9,1.1,1.1,2014-06-12,0407,Aqua,MODIS,70,6.2,300.2,9.6,D,0
-29.1702,151.3847,306.3,1.5,1.2,2014-06-12,0407,Aqua,MODIS,53,6.2,294.4,9.9,D,0
-28.5456,149.4708,329.9,1.2,1.1,2014-06-12,0407,Aqua,MODIS,85,6.2,298.9,29.3,D,0
-28.5436,149.4828,313.7,1.2,1.1,2014-06-12,0407,Aqua,MODIS,19,6.2,297.2,8.3,D,0
-28.5324,149.4736,310.4,1.2,1.1,2014-06-12,0407,Aqua,MODIS,65,6.2,296.8,6.6,D,0
-29.1291,150.2079,312.7,1.3,1.1,2014-06-12,0407,Aqua,MODIS,70,6.2,299.7,9.5,D,0
-14.3425,133.1833,313.4,4.1,1.9,2014-06-12,0411,Aqua,MODIS,65,6.2,288.7,48.9,D,0
-14.3471,133.1908,310.1,4.1,1.9,2014-06-12,0411,Aqua,MODIS,56,6.2,287.9,29.5,D,0
-12.6503,142.6931,340.5,1,1,2014-06-12,0411,Aqua,MODIS,90,6.2,299.2,38,D,0
-14.3509,133.1533,312.5,4.1,1.9,2014-06-12,0411,Aqua,MODIS,63,6.2,289.6,44.1,D,0
-13.0621,142.8977,311.3,1,1,2014-06-12,0411,Aqua,MODIS,60,6.2,299.3,5.2,D,0
-16.1149,136.1554,313.7,2.5,1.5,2014-06-12,0411,Aqua,MODIS,0,6.2,286.5,38.4,D,0
-14.6324,141.5885,323,1.1,1,2014-06-12,0411,Aqua,MODIS,81,6.2,297.5,17.4,D,0
-14.3192,133.9325,309.3,3.6,1.8,2014-06-12,0411,Aqua,MODIS,53,6.2,290.7,26.7,D,0
-14.6311,141.5984,318.2,1.1,1,2014-06-12,0411,Aqua,MODIS,76,6.2,299.2,11.4,D,0
-12.6516,142.6839,327.8,1,1,2014-06-12,0411,Aqua,MODIS,82,6.2,300.3,19.7,D,0
-15.4264,142.0299,311.5,1.1,1,2014-06-12,0411,Aqua,MODIS,62,6.2,291.9,7.8,D,0
-13.4274,142.5305,308.4,1,1,2014-06-12,0411,Aqua,MODIS,38,6.2,296.9,4.3,D,0
-12.5643,141.8005,326.1,1,1,2014-06-12,0412,Aqua,MODIS,75,6.2,305.5,16.6,D,0
-12.5733,141.8018,325.3,1,1,2014-06-12,0412,Aqua,MODIS,0,6.2,301.9,14.3,D,0
-12.563,141.8098,323.5,1,1,2014-06-12,0412,Aqua,MODIS,68,6.2,303.6,12.8,D,0
-12.572,141.8112,336,1,1,2014-06-12,0412,Aqua,MODIS,74,6.2,303.2,28.1,D,0
-12.485,132.3744,329.2,4.4,1.9,2014-06-12,0412,Aqua,MODIS,72,6.2,291.5,191.4,D,0
-12.9737,134.2355,309.1,3.2,1.7,2014-06-12,0412,Aqua,MODIS,46,6.2,294.3,24.5,D,0
-13.0048,133.8029,308.2,3.5,1.8,2014-06-12,0412,Aqua,MODIS,31,6.2,291.6,25.9,D,0
-12.9405,131.991,312.6,4.8,2,2014-06-12,0412,Aqua,MODIS,61,6.2,292.2,54,D,0
-12.4822,132.4228,313.6,4.4,1.9,2014-06-12,0412,Aqua,MODIS,52,6.2,293.8,62.1,D,0
-12.9406,134.134,310.6,3.3,1.7,2014-06-12,0412,Aqua,MODIS,54,6.2,294.5,26.4,D,0
-12.936,132.0351,313.6,4.7,2,2014-06-12,0412,Aqua,MODIS,64,6.2,294.1,64.9,D,0
-12.9381,132.0308,314.6,4.7,2,2014-06-12,0412,Aqua,MODIS,66,6.2,293.9,72.2,D,0
-12.1117,133.8826,313.3,3.3,1.7,2014-06-12,0412,Aqua,MODIS,53,6.2,293.7,32.1,D,0
-12.4865,132.3825,340.6,4.4,1.9,2014-06-12,0412,Aqua,MODIS,85,6.2,292.2,337.7,D,0
-12.9704,134.2651,308.3,3.2,1.7,2014-06-12,0412,Aqua,MODIS,26,6.2,294.5,19.6,D,0
-12.9764,134.2289,308.5,3.2,1.7,2014-06-12,0412,Aqua,MODIS,37,6.2,294.4,21.7,D,0
-12.1266,133.8602,313.5,3.4,1.7,2014-06-12,0412,Aqua,MODIS,64,6.2,293.8,34.9,D,0
-12.9429,131.9869,311.1,4.8,2,2014-06-12,0412,Aqua,MODIS,55,6.2,292,43.3,D,0
-13.4533,132.2539,309.5,4.6,2,2014-06-12,0412,Aqua,MODIS,50,6.2,290.8,46.1,D,0
-13.4565,132.2146,308.5,4.7,2,2014-06-12,0412,Aqua,MODIS,44,6.2,287.7,40.6,D,0
-13.4522,132.257,309.1,4.6,2,2014-06-12,0412,Aqua,MODIS,48,6.2,291,43,D,0
-31.7294,115.8799,374.3,2,1.4,2014-06-12,0545,Aqua,MODIS,0,6.2,291,351.5,D,0
-33.6719,122.2159,350.9,1,1,2014-06-12,0545,Aqua,MODIS,96,6.2,290,66.9,D,0
-33.6734,122.2049,339.2,1,1,2014-06-12,0545,Aqua,MODIS,91,6.2,289.3,44.3,D,0
-31.7318,115.8869,366.4,2,1.4,2014-06-12,0545,Aqua,MODIS,0,6.2,288.8,280.8,D,0
-23.7982,121.2247,317.4,1,1,2014-06-12,0547,Aqua,MODIS,35,6.2,297.9,9.6,D,0
-23.7887,121.2264,309.9,1,1,2014-06-12,0547,Aqua,MODIS,55,6.2,296.4,4.9,D,0
-23.7565,121.1299,309.2,1,1,2014-06-12,0547,Aqua,MODIS,52,6.2,297.4,4.9,D,0
-23.8144,120.8585,367.9,1,1,2014-06-12,0547,Aqua,MODIS,100,6.2,303.3,104.9,D,0
-23.8058,121.2361,323,1,1,2014-06-12,0547,Aqua,MODIS,78,6.2,297.7,15.3,D,0
-23.822,120.8699,315.2,1,1,2014-06-12,0547,Aqua,MODIS,68,6.2,297.4,9.2,D,0
-23.813,120.8683,403.6,1,1,2014-06-12,0547,Aqua,MODIS,100,6.2,308.2,270.9,D,0
-23.8072,121.2263,316.3,1,1,2014-06-12,0547,Aqua,MODIS,52,6.2,297.1,8.8,D,0
-20.7371,127.8355,315.1,2.6,1.6,2014-06-12,0548,Aqua,MODIS,62,6.2,302.4,25.3,D,0
-19.1404,121.8224,326.6,1.1,1.1,2014-06-12,0548,Aqua,MODIS,58,6.2,305.1,17.7,D,0
-19.1309,121.8207,321.9,1.1,1.1,2014-06-12,0548,Aqua,MODIS,62,6.2,304,12.3,D,0
-19.1354,121.8543,329.9,1.1,1.1,2014-06-12,0548,Aqua,MODIS,82,6.2,303.4,23.7,D,0
-19.1387,121.833,328.2,1.1,1.1,2014-06-12,0548,Aqua,MODIS,73,6.2,306.1,20.3,D,0
-19.1259,121.8527,339.8,1.1,1.1,2014-06-12,0548,Aqua,MODIS,89,6.2,305.9,40.9,D,0
-19.1164,121.851,330.7,1.1,1.1,2014-06-12,0548,Aqua,MODIS,82,6.2,305.3,24.5,D,0
-21.806,119.1976,318.1,1,1,2014-06-12,0548,Aqua,MODIS,70,6.2,302.6,9.6,D,0
-21.5324,118.5051,316.9,1.1,1,2014-06-12,0548,Aqua,MODIS,67,6.2,303,8.3,D,0
-20.8034,118.5398,333.8,1,1,2014-06-12,0548,Aqua,MODIS,85,6.2,305.9,25.4,D,0
-20.785,118.5369,324.1,1,1,2014-06-12,0548,Aqua,MODIS,75,6.2,305.6,13.1,D,0
-20.7863,118.5269,322.3,1,1,2014-06-12,0548,Aqua,MODIS,72,6.2,304.4,11.3,D,0
-21.8555,119.9689,326.6,1,1,2014-06-12,0548,Aqua,MODIS,81,6.2,302.3,18.8,D,0
-21.8809,119.9788,319.4,1,1,2014-06-12,0548,Aqua,MODIS,73,6.2,301.8,10.9,D,0
-21.8361,119.9756,333.7,1,1,2014-06-12,0548,Aqua,MODIS,86,6.2,301.4,28.4,D,0
-21.8451,119.9771,336.9,1,1,2014-06-12,0548,Aqua,MODIS,88,6.2,301.9,32.4,D,0
-21.8015,119.96,313.2,1,1,2014-06-12,0548,Aqua,MODIS,61,6.2,300.5,6.3,D,0
-21.8001,119.9697,310.8,1,1,2014-06-12,0548,Aqua,MODIS,48,6.2,299.1,4.6,D,0
-21.8465,119.9674,326.5,1,1,2014-06-12,0548,Aqua,MODIS,81,6.2,302.4,18.7,D,0
-15.4296,125.7344,319.5,2.3,1.5,2014-06-12,0549,Aqua,MODIS,70,6.2,302.5,33.4,D,0
-15.4195,125.8682,334.3,2.4,1.5,2014-06-12,0549,Aqua,MODIS,86,6.2,303.5,90.6,D,0
-16.364,125.5862,318.4,2.2,1.4,2014-06-12,0549,Aqua,MODIS,51,6.2,305,20.4,D,0
-16.3677,125.5657,323.1,2.2,1.4,2014-06-12,0549,Aqua,MODIS,74,6.2,306.2,32.2,D,0
-16.3667,125.5811,324.5,2.2,1.4,2014-06-12,0549,Aqua,MODIS,68,6.2,304.9,36.7,D,0
-16.0306,125.5379,315.9,2.2,1.4,2014-06-12,0549,Aqua,MODIS,55,6.2,302.8,21.7,D,0
-18.5379,121.8607,322.5,1.1,1.1,2014-06-12,0549,Aqua,MODIS,62,6.2,306.7,13.4,D,0
-18.5395,121.8499,320.2,1.1,1.1,2014-06-12,0549,Aqua,MODIS,50,6.2,306,10.7,D,0
-18.5316,121.8374,322.6,1.1,1.1,2014-06-12,0549,Aqua,MODIS,62,6.2,305.9,14.2,D,0
-18.5366,121.8051,315,1.1,1.1,2014-06-12,0549,Aqua,MODIS,37,6.2,304.8,7.9,D,0
-16.0226,125.8017,314.1,2.3,1.5,2014-06-12,0549,Aqua,MODIS,51,6.2,301.9,18.5,D,0
-18.5295,121.9149,318.1,1.2,1.1,2014-06-12,0549,Aqua,MODIS,57,6.2,305,8.5,D,0
-15.9745,126.2458,313.7,2.5,1.5,2014-06-12,0549,Aqua,MODIS,44,6.2,300.9,18,D,0
-15.2786,127.9048,315.4,3.4,1.7,2014-06-12,0549,Aqua,MODIS,57,6.2,298,43.3,D,0
-16.7142,126.6703,317.6,2.6,1.6,2014-06-12,0549,Aqua,MODIS,50,6.2,303.9,26.9,D,0
-15.7627,124.8036,320.7,2,1.4,2014-06-12,0549,Aqua,MODIS,29,6.2,302,27.2,D,0
-15.0254,127.7049,314.6,3.4,1.7,2014-06-12,0549,Aqua,MODIS,60,6.2,293,45.2,D,0
-15.0192,127.7084,314.2,3.4,1.7,2014-06-12,0549,Aqua,MODIS,52,6.2,292.7,40.7,D,0
-15.2846,127.8727,315.5,3.4,1.7,2014-06-12,0549,Aqua,MODIS,46,6.2,299,41,D,0
-16.3204,126.2907,320.4,2.5,1.5,2014-06-12,0549,Aqua,MODIS,70,6.2,301.4,39.6,D,0
-17.0321,126.2728,331,2.4,1.5,2014-06-12,0549,Aqua,MODIS,69,6.2,304.2,68.9,D,0
-15.7597,124.8214,325.4,2,1.4,2014-06-12,0549,Aqua,MODIS,73,6.2,301.5,41.8,D,0
-15.7553,124.7887,320.7,2,1.4,2014-06-12,0549,Aqua,MODIS,53,6.2,301.1,28.1,D,0
-15.7521,124.8068,335.6,2,1.4,2014-06-12,0549,Aqua,MODIS,87,6.2,301.9,80.4,D,0
-15.749,124.8243,320.6,2,1.4,2014-06-12,0549,Aqua,MODIS,68,6.2,300.7,30,D,0
-14.7184,127.033,319,3,1.7,2014-06-12,0549,Aqua,MODIS,72,6.2,294.4,54.6,D,0
-15.4977,124.6863,318.7,2,1.4,2014-06-12,0549,Aqua,MODIS,54,6.2,303.6,22.6,D,0
-15.3565,126.4164,318.4,2.7,1.6,2014-06-12,0549,Aqua,MODIS,53,6.2,305.9,34.3,D,0
-15.3472,126.4321,316.5,2.7,1.6,2014-06-12,0549,Aqua,MODIS,50,6.2,303.1,27.2,D,0
-15.7504,124.8014,327.4,2,1.4,2014-06-12,0549,Aqua,MODIS,77,6.2,301.4,48.3,D,0
-16.3743,127.6056,318.7,3.1,1.7,2014-06-12,0549,Aqua,MODIS,65,6.2,304.1,44.8,D,0
-16.718,126.6759,320.6,2.6,1.6,2014-06-12,0549,Aqua,MODIS,62,6.2,304.4,37.9,D,0
-16.3056,126.2169,323.5,2.5,1.5,2014-06-12,0549,Aqua,MODIS,75,6.2,302.2,52.9,D,0
-14.894,126.58,314.2,2.8,1.6,2014-06-12,0549,Aqua,MODIS,61,6.2,297.6,26.8,D,0
-16.5021,126.6665,316.5,2.6,1.6,2014-06-12,0549,Aqua,MODIS,61,6.2,302.9,22.7,D,0
-14.6318,127.0109,314.8,3,1.7,2014-06-12,0549,Aqua,MODIS,34,6.2,293.1,34.9,D,0
-16.3688,127.6346,319.8,3.1,1.7,2014-06-12,0549,Aqua,MODIS,63,6.2,302.7,50.5,D,0
-16.3797,127.5772,319,3.1,1.7,2014-06-12,0549,Aqua,MODIS,53,6.2,304.9,43.1,D,0
-15.7475,124.8191,321.6,2,1.4,2014-06-12,0549,Aqua,MODIS,48,6.2,300.6,31.6,D,0
-15.2795,127.8797,319.2,3.4,1.7,2014-06-12,0549,Aqua,MODIS,65,6.2,299.4,59.6,D,0
-16.9218,128.1307,324.1,3.3,1.7,2014-06-12,0549,Aqua,MODIS,75,6.2,301.2,80.2,D,0
-16.918,128.138,322.7,3.3,1.7,2014-06-12,0549,Aqua,MODIS,73,6.2,301.4,75.2,D,0
-16.3772,127.6016,319.5,3.1,1.7,2014-06-12,0549,Aqua,MODIS,25,6.2,303.8,40.1,D,0
-15.513,124.6707,323.9,1.9,1.4,2014-06-12,0549,Aqua,MODIS,76,6.2,301.9,36.5,D,0
-15.5099,124.6886,326.7,2,1.4,2014-06-12,0549,Aqua,MODIS,79,6.2,303.5,45,D,0
-15.968,126.252,312.9,2.5,1.5,2014-06-12,0549,Aqua,MODIS,40,6.2,301.5,16,D,0
-14.7234,127.0125,310.1,3,1.7,2014-06-12,0549,Aqua,MODIS,35,6.2,293.6,18.6,D,0
-14.8927,126.5749,314.9,2.8,1.6,2014-06-12,0549,Aqua,MODIS,64,6.2,297.1,29.4,D,0
-15.5302,124.5373,329,1.9,1.3,2014-06-12,0549,Aqua,MODIS,80,6.2,300.1,50.3,D,0
-15.5671,126.8411,322.7,2.8,1.6,2014-06-12,0549,Aqua,MODIS,75,6.2,302.3,60.7,D,0
-17.5531,123.7262,321.4,1.5,1.2,2014-06-12,0549,Aqua,MODIS,60,6.2,308.1,18.7,D,0
-15.5063,124.6806,334.3,2,1.4,2014-06-12,0549,Aqua,MODIS,86,6.2,303.8,70.3,D,0
-15.5665,126.8355,319.4,2.8,1.6,2014-06-12,0549,Aqua,MODIS,70,6.2,302,45.6,D,0
-15.4699,124.7473,314.8,2,1.4,2014-06-12,0549,Aqua,MODIS,46,6.2,301.1,13.5,D,0
-15.5008,124.6685,318.1,1.9,1.4,2014-06-12,0549,Aqua,MODIS,56,6.2,301.3,21.4,D,0
-14.7182,127.0404,316.4,3,1.7,2014-06-12,0549,Aqua,MODIS,67,6.2,294.7,43.8,D,0
-14.6245,127.0432,326.3,3.1,1.7,2014-06-12,0549,Aqua,MODIS,80,6.2,292.5,93,D,0
-15.7612,124.827,327.1,2,1.4,2014-06-12,0549,Aqua,MODIS,65,6.2,301,45.5,D,0
-14.6297,127.0154,318.7,3,1.7,2014-06-12,0549,Aqua,MODIS,66,6.2,293.1,52.2,D,0
-15.0987,126.046,336,2.5,1.5,2014-06-12,0549,Aqua,MODIS,87,6.2,302.7,114,D,0
-16.3143,126.2967,316.2,2.5,1.5,2014-06-12,0549,Aqua,MODIS,61,6.2,301.2,25.5,D,0
-15.0878,126.0603,315.1,2.5,1.5,2014-06-12,0549,Aqua,MODIS,63,6.2,301.1,24.2,D,0
-14.6268,127.0387,328.7,3.1,1.7,2014-06-12,0549,Aqua,MODIS,83,6.2,293.1,107.5,D,0
-17.1188,123.2299,317.3,1.4,1.2,2014-06-12,0549,Aqua,MODIS,56,6.2,306.3,10.4,D,0
-15.795,124.8515,320.9,2,1.4,2014-06-12,0549,Aqua,MODIS,59,6.2,302.9,28.1,D,0
-16.9662,122.7437,322.2,1.3,1.2,2014-06-12,0549,Aqua,MODIS,73,6.2,304.7,18.9,D,0
-15.0917,126.0373,326.5,2.5,1.5,2014-06-12,0549,Aqua,MODIS,80,6.2,302.3,65.3,D,0
-15.9238,124.7159,313.8,1.9,1.4,2014-06-12,0549,Aqua,MODIS,54,6.2,302.8,12.8,D,0
-15.8414,128.1657,318.7,3.5,1.8,2014-06-12,0549,Aqua,MODIS,34,6.2,300.7,54.2,D,0
-15.0305,125.9072,323.5,2.5,1.5,2014-06-12,0549,Aqua,MODIS,40,6.2,300.1,50.3,D,0
-15.8506,128.2037,321,3.5,1.8,2014-06-12,0549,Aqua,MODIS,33,6.2,302.6,62.4,D,0
-15.77,124.9225,313.6,2,1.4,2014-06-12,0549,Aqua,MODIS,56,6.2,302.3,14.4,D,0
-15.7776,125.1777,316.7,2.1,1.4,2014-06-12,0549,Aqua,MODIS,46,6.2,302,20,D,0
-15.7817,125.1659,315,2.1,1.4,2014-06-12,0549,Aqua,MODIS,52,6.2,303.3,15.9,D,0
-15.7783,125.185,314.9,2.1,1.4,2014-06-12,0549,Aqua,MODIS,54,6.2,302,16.2,D,0
-15.8168,124.5793,335.8,1.9,1.3,2014-06-12,0549,Aqua,MODIS,75,6.2,305.7,68.5,D,0
-15.8198,124.5622,322.5,1.9,1.3,2014-06-12,0549,Aqua,MODIS,74,6.2,306,27.2,D,0
-16.1638,124.7046,322.8,1.9,1.3,2014-06-12,0549,Aqua,MODIS,67,6.2,301,31.6,D,0
-16.6729,122.7765,324.5,1.4,1.2,2014-06-12,0549,Aqua,MODIS,58,6.2,303.8,24.2,D,0
-15.5378,124.5282,322.1,1.9,1.3,2014-06-12,0549,Aqua,MODIS,74,6.2,300.9,30.1,D,0
-16.5361,128.465,321.1,3.6,1.8,2014-06-12,0549,Aqua,MODIS,71,6.2,302.2,70.1,D,0
-16.5432,128.4712,323.3,3.6,1.8,2014-06-12,0549,Aqua,MODIS,74,6.2,302.7,81.2,D,0
-15.7597,128.2503,314.8,3.6,1.8,2014-06-12,0549,Aqua,MODIS,56,6.2,302.9,34.8,D,0
-16.5996,122.7971,325.7,1.4,1.2,2014-06-12,0549,Aqua,MODIS,50,6.2,302.2,24.6,D,0
-16.5975,122.8099,335.3,1.4,1.2,2014-06-12,0549,Aqua,MODIS,86,6.2,306.2,45.3,D,0
-16.61,122.799,330.5,1.4,1.2,2014-06-12,0549,Aqua,MODIS,42,6.2,301.9,30.9,D,0
-16.9677,122.5401,316.1,1.3,1.1,2014-06-12,0549,Aqua,MODIS,39,6.2,303.6,9.1,D,0
-15.5408,124.5108,314.8,1.9,1.3,2014-06-12,0549,Aqua,MODIS,50,6.2,301.6,12.6,D,0
-15.5331,124.52,334.5,1.9,1.3,2014-06-12,0549,Aqua,MODIS,86,6.2,302.4,68.7,D,0
-16.608,122.8118,346.3,1.4,1.2,2014-06-12,0549,Aqua,MODIS,93,6.2,307.2,73.2,D,0
-16.6184,122.8136,341.5,1.4,1.2,2014-06-12,0549,Aqua,MODIS,90,6.2,305.3,58.4,D,0
-16.6163,122.8264,347.5,1.4,1.2,2014-06-12,0549,Aqua,MODIS,94,6.2,307.1,76.8,D,0
-16.6267,122.8283,324.1,1.4,1.2,2014-06-12,0549,Aqua,MODIS,53,6.2,303.8,21.4,D,0
-15.7287,124.9298,313.6,2,1.4,2014-06-12,0549,Aqua,MODIS,38,6.2,301.7,14,D,0
-15.7171,124.9329,316,2,1.4,2014-06-12,0549,Aqua,MODIS,45,6.2,301.2,18.6,D,0
-15.9049,125.0516,325.2,2,1.4,2014-06-12,0549,Aqua,MODIS,69,6.2,304.1,40.4,D,0
-15.9084,125.0383,323.3,2,1.4,2014-06-12,0549,Aqua,MODIS,76,6.2,303.5,37.2,D,0
-15.9051,125.0571,319.6,2,1.4,2014-06-12,0549,Aqua,MODIS,70,6.2,304,27.1,D,0
-16.9765,122.7456,316.1,1.3,1.2,2014-06-12,0549,Aqua,MODIS,34,6.2,305.1,9,D,0
-15.8458,125.0216,331,2,1.4,2014-06-12,0549,Aqua,MODIS,83,6.2,302.8,61.6,D,0
-15.7004,124.5456,352.3,1.9,1.3,2014-06-12,0549,Aqua,MODIS,96,6.2,304,148.1,D,0
-15.7124,124.5479,327.1,1.9,1.3,2014-06-12,0549,Aqua,MODIS,80,6.2,303.8,41.6,D,0
-15.7084,124.5362,363.2,1.9,1.3,2014-06-12,0549,Aqua,MODIS,100,6.2,304.7,218.3,D,0
-15.7053,124.5537,336.7,1.9,1.3,2014-06-12,0549,Aqua,MODIS,87,6.2,304.7,73.7,D,0
-15.7138,124.9514,315.4,2,1.4,2014-06-12,0549,Aqua,MODIS,39,6.2,301.8,16.5,D,0
-16.0669,125.2581,316.3,2.1,1.4,2014-06-12,0549,Aqua,MODIS,63,6.2,302.7,19.8,D,0
-16.0703,125.2389,315.8,2.1,1.4,2014-06-12,0549,Aqua,MODIS,59,6.2,303.2,17.9,D,0
-15.7154,124.5304,318.8,1.9,1.3,2014-06-12,0549,Aqua,MODIS,55,6.2,302.2,20.4,D,0
-15.7033,124.5282,333.2,1.9,1.3,2014-06-12,0549,Aqua,MODIS,85,6.2,302,62.3,D,0
-16.3015,126.2394,328.7,2.5,1.5,2014-06-12,0549,Aqua,MODIS,81,6.2,301.8,71.5,D,0
-15.6903,125.0832,313.9,2.1,1.4,2014-06-12,0549,Aqua,MODIS,52,6.2,301.9,14.5,D,0
-15.8536,124.8313,314.2,2,1.4,2014-06-12,0549,Aqua,MODIS,54,6.2,303.3,14.3,D,0
-16.5892,122.7953,335.2,1.4,1.2,2014-06-12,0549,Aqua,MODIS,65,6.2,302.1,44.8,D,0
-16.5871,122.8081,329.8,1.4,1.2,2014-06-12,0549,Aqua,MODIS,82,6.2,302.6,33.4,D,0
-15.5258,124.5257,344.1,1.9,1.3,2014-06-12,0549,Aqua,MODIS,87,6.2,301.6,109.2,D,0
-16.4272,124.2461,321,1.7,1.3,2014-06-12,0549,Aqua,MODIS,65,6.2,302,28,D,0
-16.4389,124.2476,317.8,1.7,1.3,2014-06-12,0549,Aqua,MODIS,47,6.2,303.7,21.7,D,0
-15.036,125.9543,328.8,2.5,1.5,2014-06-12,0549,Aqua,MODIS,50,6.2,298.7,68.3,D,0
-15.0264,125.9297,331.5,2.5,1.5,2014-06-12,0549,Aqua,MODIS,79,6.2,299.9,86.2,D,0
-16.6312,122.8348,320,1.4,1.2,2014-06-12,0549,Aqua,MODIS,36,6.2,303.2,15.3,D,0
-16.6039,122.904,313.4,1.4,1.2,2014-06-12,0549,Aqua,MODIS,54,6.2,302.8,9,D,0
-14.3243,126.5139,314.5,2.8,1.6,2014-06-12,0550,Aqua,MODIS,51,6.2,296.8,26.9,D,0
-14.2663,126.6609,321.3,2.9,1.6,2014-06-12,0550,Aqua,MODIS,74,6.2,292.1,63.4,D,0
-14.3235,126.5088,313.2,2.8,1.6,2014-06-12,0550,Aqua,MODIS,50,6.2,296.4,24.2,D,0
-14.2193,126.3237,327.9,2.8,1.6,2014-06-12,0550,Aqua,MODIS,61,6.2,297.8,87.4,D,0
-14.1281,126.9099,310,3.1,1.7,2014-06-12,0550,Aqua,MODIS,20,6.2,286,26.9,D,0
-14.293,126.1903,313.4,2.7,1.6,2014-06-12,0550,Aqua,MODIS,58,6.2,296.4,23.6,D,0
-14.3024,126.1846,316.2,2.7,1.6,2014-06-12,0550,Aqua,MODIS,65,6.2,297.3,33.6,D,0
-15.7904,127.5162,301.3,2.9,1.6,2014-06-12,1336,Terra,MODIS,39,6.2,286.9,25,N,0
-15.8054,127.5236,302.3,2.9,1.6,2014-06-12,1336,Terra,MODIS,48,6.2,289.3,28.2,N,0
-15.8051,127.5182,300.4,2.9,1.6,2014-06-12,1336,Terra,MODIS,25,6.2,289.1,22.6,N,0
-15.7908,127.5215,302.2,2.9,1.6,2014-06-12,1336,Terra,MODIS,47,6.2,287.2,26.7,N,0
-14.6981,132.808,302.6,1.2,1.1,2014-06-12,1336,Terra,MODIS,50,6.2,288.8,7.7,N,0
-12.5622,141.7998,312.1,2.3,1.5,2014-06-12,1337,Terra,MODIS,77,6.2,292.1,36,N,0
-13.9558,130.7842,314.5,1.6,1.2,2014-06-12,1337,Terra,MODIS,89,6.2,293.5,24.4,N,0
-13.0383,132.3524,305.8,1.2,1.1,2014-06-12,1337,Terra,MODIS,35,6.2,284.3,9.3,N,0
-13.5649,131.8197,307.8,1.3,1.1,2014-06-12,1337,Terra,MODIS,58,6.2,291.2,11.9,N,0
-13.8018,130.6478,302.7,1.6,1.2,2014-06-12,1337,Terra,MODIS,23,6.2,289.1,9.9,N,0
-13.0693,132.3455,306.9,1.2,1.1,2014-06-12,1337,Terra,MODIS,31,6.2,286.7,9.9,N,0
-13.1552,131.7689,351.7,1.3,1.1,2014-06-12,1337,Terra,MODIS,100,6.2,289,98.8,N,0
-13.1568,131.7569,354.5,1.3,1.1,2014-06-12,1337,Terra,MODIS,100,6.2,291,108.8,N,0
-13.145,131.7675,315,1.3,1.1,2014-06-12,1337,Terra,MODIS,90,6.2,286.3,20.3,N,0
-13.1348,131.7661,322.6,1.3,1.1,2014-06-12,1337,Terra,MODIS,100,6.2,286.2,30.8,N,0
-13.4582,130.6582,312.4,1.6,1.2,2014-06-12,1337,Terra,MODIS,85,6.2,289.2,24.5,N,0
-13.4165,131.8726,301.8,1.3,1.1,2014-06-12,1337,Terra,MODIS,44,6.2,291,7.3,N,0
-13.1246,131.7647,300.8,1.3,1.1,2014-06-12,1337,Terra,MODIS,22,6.2,285.6,6.8,N,0
-13.956,130.7903,315.5,1.6,1.2,2014-06-12,1337,Terra,MODIS,91,6.2,294.1,25.4,N,0
-13.8037,130.6332,325.1,1.6,1.2,2014-06-12,1337,Terra,MODIS,100,6.2,290.2,46.6,N,0
-13.7851,130.6008,301.2,1.6,1.2,2014-06-12,1337,Terra,MODIS,29,6.2,289.1,9.5,N,0
-14.2226,130.2857,303,1.7,1.3,2014-06-12,1337,Terra,MODIS,53,6.2,289.3,13.7,N,0
-13.8033,130.6388,316.2,1.6,1.2,2014-06-12,1337,Terra,MODIS,93,6.2,289.8,30.2,N,0
-13.8051,130.6241,322.6,1.6,1.2,2014-06-12,1337,Terra,MODIS,100,6.2,290,42.3,N,0
-13.8056,130.6185,307.2,1.6,1.2,2014-06-12,1337,Terra,MODIS,55,6.2,289.2,15.5,N,0
-26.7902,150.2102,307.2,1.2,1.1,2014-06-12,1505,Aqua,MODIS,71,6.2,283.4,14.6,N,2
-24.7108,151.8552,300.7,1.1,1,2014-06-12,1505,Aqua,MODIS,32,6.2,282.6,8.3,N,0
-32.9566,116.4509,308.8,1,1,2014-06-12,1510,Terra,MODIS,76,6.2,280.3,13.2,N,0
-14.2106,131.0514,309.5,1,1,2014-06-12,1640,Aqua,MODIS,78,6.2,287.3,11.3,N,0
-13.5695,131.821,303.6,1,1,2014-06-12,1640,Aqua,MODIS,43,6.2,290.6,6,N,0
-12.8104,131.8541,315.8,1,1,2014-06-12,1640,Aqua,MODIS,92,6.2,290.4,14.4,N,0
-12.8117,131.8632,307.5,1,1,2014-06-12,1640,Aqua,MODIS,71,6.2,288.8,8.2,N,0
-13.1401,131.7795,302.6,1,1,2014-06-12,1640,Aqua,MODIS,50,6.2,291.1,5.5,N,0
-14.2119,131.0607,321.9,1,1,2014-06-12,1640,Aqua,MODIS,100,6.2,288.2,22,N,0
-13.5709,131.8302,307.5,1,1,2014-06-12,1640,Aqua,MODIS,72,6.2,291.4,8.6,N,0
-13.4912,132.6752,317.1,1,1,2014-06-12,1640,Aqua,MODIS,94,6.2,290.8,16.2,N,0
-13.5214,132.7568,303.6,1,1,2014-06-12,1640,Aqua,MODIS,56,6.2,292.4,5.7,N,0
-13.5722,131.8393,301,1,1,2014-06-12,1640,Aqua,MODIS,30,6.2,290.1,4.7,N,0
-15.5356,125.7537,312.6,1.8,1.3,2014-06-12,1641,Aqua,MODIS,85,6.2,287.9,31.9,N,0
-15.5385,125.7709,300.3,1.8,1.3,2014-06-12,1641,Aqua,MODIS,25,6.2,285.9,13.1,N,0
-16.0774,124.7103,306.4,2.1,1.4,2014-06-12,1641,Aqua,MODIS,68,6.2,291.5,21.5,N,0
-15.4907,124.5217,328.2,2.3,1.5,2014-06-12,1641,Aqua,MODIS,100,6.2,294.5,91.2,N,0
-16.081,124.7307,304.8,2.1,1.4,2014-06-12,1641,Aqua,MODIS,62,6.2,291.9,18.7,N,0
-15.4549,124.769,301.9,2.2,1.4,2014-06-12,1641,Aqua,MODIS,45,6.2,290,16.7,N,0
-15.4944,124.5426,307.5,2.3,1.5,2014-06-12,1641,Aqua,MODIS,72,6.2,292.7,27.4,N,0
-16.4282,124.2341,302.7,2.3,1.5,2014-06-12,1641,Aqua,MODIS,48,6.2,291.7,15.3,N,0
-15.7082,124.927,300.5,2.1,1.4,2014-06-12,1641,Aqua,MODIS,28,6.2,290.4,11.9,N,0
-16.432,124.2559,311,2.3,1.5,2014-06-12,1641,Aqua,MODIS,82,6.2,291.9,33.1,N,0
-15.7117,124.9465,310.8,2.1,1.4,2014-06-12,1641,Aqua,MODIS,81,6.2,292,30.7,N,0
-15.7071,124.9324,306.9,2.1,1.4,2014-06-12,1641,Aqua,MODIS,70,6.2,291.3,22.9,N,0
-15.5038,124.5196,311.1,2.3,1.5,2014-06-12,1641,Aqua,MODIS,42,6.2,292.4,32.4,N,0
-16.4271,124.2487,315.9,2.3,1.5,2014-06-12,1641,Aqua,MODIS,92,6.2,292.5,47.3,N,0
-15.7105,124.9521,304.3,2.1,1.4,2014-06-12,1641,Aqua,MODIS,59,6.2,291.5,18,N,0
-15.9033,124.6936,313.3,2.2,1.4,2014-06-12,1641,Aqua,MODIS,87,6.2,292.6,37.7,N,0
-26.79,150.2051,310.1,1.5,1.2,2014-06-13,0030,Terra,MODIS,67,6.2,295,11.4,D,2
-26.8008,150.2036,313.2,1.5,1.2,2014-06-13,0030,Terra,MODIS,72,6.2,294.1,15.7,D,2
-27.8934,148.8188,327.6,1.3,1.1,2014-06-13,0031,Terra,MODIS,85,6.2,294.2,33,D,0
-12.7069,131.0053,320.4,2.3,1.5,2014-06-13,0205,Terra,MODIS,69,6.2,292.5,41.5,D,0
-12.6785,131.5312,308.1,2.5,1.5,2014-06-13,0205,Terra,MODIS,36,6.2,290.6,17.3,D,0
-12.2623,133.6518,316,3.7,1.8,2014-06-13,0205,Terra,MODIS,70,6.2,293.9,49.2,D,0
-12.7201,131.0037,312.6,2.3,1.5,2014-06-13,0205,Terra,MODIS,36,6.2,292.9,19.8,D,0
-12.2704,133.6459,315,3.7,1.8,2014-06-13,0205,Terra,MODIS,68,6.2,294,45.3,D,0
-12.7094,131.0265,345.8,2.3,1.5,2014-06-13,0205,Terra,MODIS,93,6.2,294.8,163.5,D,0
-12.7227,131.0249,322.1,2.3,1.5,2014-06-13,0205,Terra,MODIS,76,6.2,292.1,48.4,D,0
-13.4613,130.6735,316.4,2.2,1.4,2014-06-13,0205,Terra,MODIS,44,6.2,300.2,21.7,D,0
-13.3872,131.0307,319.4,2.4,1.5,2014-06-13,0205,Terra,MODIS,71,6.2,298.6,36.7,D,0
-13.293,131.1156,314.5,2.4,1.5,2014-06-13,0205,Terra,MODIS,21,6.2,294.6,17.1,D,0
-12.6812,131.5545,317.2,2.5,1.5,2014-06-13,0205,Terra,MODIS,61,6.2,291.1,45,D,0
-13.4579,132.2567,316.5,3,1.6,2014-06-13,0205,Terra,MODIS,46,6.2,298.5,37.2,D,0
-13.4588,130.653,321.5,2.2,1.4,2014-06-13,0205,Terra,MODIS,71,6.2,301.2,35.6,D,0
-13.56,132.764,310.9,3.3,1.7,2014-06-13,0205,Terra,MODIS,27,6.2,296.7,19.5,D,0
-13.1269,131.7689,317.2,2.7,1.6,2014-06-13,0205,Terra,MODIS,44,6.2,295,29.9,D,0
-13.1309,131.7629,317.2,2.7,1.6,2014-06-13,0205,Terra,MODIS,50,6.2,296.7,29.2,D,0
-13.5716,131.8118,317.1,2.8,1.6,2014-06-13,0205,Terra,MODIS,47,6.2,299.6,33.3,D,0
-13.5745,131.8363,316.5,2.8,1.6,2014-06-13,0205,Terra,MODIS,40,6.2,299.2,31.7,D,0
-13.4565,130.6467,317.4,2.2,1.4,2014-06-13,0205,Terra,MODIS,54,6.2,301.1,23.1,D,0
-13.0767,132.3605,313,3,1.6,2014-06-13,0205,Terra,MODIS,55,6.2,297.6,25.7,D,0
-12.8067,131.8507,312.6,2.7,1.6,2014-06-13,0205,Terra,MODIS,45,6.2,290.9,22.7,D,0
-13.4609,132.2839,317,3,1.6,2014-06-13,0205,Terra,MODIS,51,6.2,298,40.1,D,0
-13.458,132.2634,320,3,1.6,2014-06-13,0205,Terra,MODIS,72,6.2,298.6,53.4,D,0
-13.4726,132.2547,333.6,3,1.6,2014-06-13,0205,Terra,MODIS,85,6.2,297.8,131,D,0
-13.5284,131.5665,315.8,2.6,1.6,2014-06-13,0205,Terra,MODIS,64,6.2,299.4,27.8,D,0
-13.4728,132.2615,341.1,3,1.6,2014-06-13,0205,Terra,MODIS,90,6.2,298.1,188.6,D,0
-13.4757,132.2818,323,3,1.6,2014-06-13,0205,Terra,MODIS,76,6.2,297.1,68.8,D,0
-13.5544,131.7886,318.3,2.7,1.6,2014-06-13,0205,Terra,MODIS,33,6.2,300.1,34.5,D,0
-13.5402,131.7903,328.7,2.7,1.6,2014-06-13,0205,Terra,MODIS,81,6.2,301.3,79.6,D,0
-13.4589,130.6671,320,2.2,1.4,2014-06-13,0205,Terra,MODIS,71,6.2,301,32.7,D,0
-13.3438,131.1245,314.1,2.4,1.5,2014-06-13,0205,Terra,MODIS,49,6.2,293.2,22.7,D,0
-13.3496,131.1306,312.7,2.4,1.5,2014-06-13,0205,Terra,MODIS,24,6.2,293,17.9,D,0
-15.6804,129.2188,322.3,1.9,1.3,2014-06-13,0206,Terra,MODIS,56,6.2,301.4,31.7,D,0
-15.7373,124.8121,325.6,1,1,2014-06-13,0206,Terra,MODIS,79,6.2,300.6,17.9,D,0
-15.7281,124.8134,319.4,1,1,2014-06-13,0206,Terra,MODIS,72,6.2,299.3,12.2,D,0
-14.6059,127.0586,324.6,1.3,1.1,2014-06-13,0206,Terra,MODIS,76,6.2,302.6,20,D,0
-14.5958,127.0598,321.9,1.3,1.1,2014-06-13,0206,Terra,MODIS,70,6.2,301.2,15.8,D,0
-15.0931,126.0594,321.8,1.1,1.1,2014-06-13,0206,Terra,MODIS,45,6.2,301.8,14,D,0
-15.3573,129.9026,313,2.1,1.4,2014-06-13,0206,Terra,MODIS,24,6.2,300.8,13.9,D,0
-15.3677,129.8825,313.9,2.1,1.4,2014-06-13,0206,Terra,MODIS,28,6.2,300.6,15.8,D,0
-15.1219,126.0553,328.2,1.1,1.1,2014-06-13,0206,Terra,MODIS,81,6.2,301,22.7,D,0
-15.261,125.8733,324.4,1.1,1.1,2014-06-13,0206,Terra,MODIS,64,6.2,302,17.1,D,0
-14.6485,126.9988,317.2,1.3,1.1,2014-06-13,0206,Terra,MODIS,56,6.2,299.8,11.2,D,0
-14.2202,127.5251,324.8,1.4,1.2,2014-06-13,0206,Terra,MODIS,77,6.2,302.1,22.8,D,0
-15.4638,124.7628,314.8,1,1,2014-06-13,0206,Terra,MODIS,32,6.2,300.8,6.1,D,0
-14.7153,127.0376,323.7,1.3,1.1,2014-06-13,0206,Terra,MODIS,76,6.2,303.3,19.8,D,0
-15.1481,129.7859,318.8,2,1.4,2014-06-13,0206,Terra,MODIS,69,6.2,299.8,29,D,0
-15.1505,129.8052,313.1,2,1.4,2014-06-13,0206,Terra,MODIS,45,6.2,299.8,13.3,D,0
-15.4547,124.764,329.7,1,1,2014-06-13,0206,Terra,MODIS,83,6.2,300.4,21.5,D,0
-15.4533,124.7545,348.5,1,1,2014-06-13,0206,Terra,MODIS,95,6.2,302.4,53.7,D,0
-15.4985,124.6798,317.3,1,1,2014-06-13,0206,Terra,MODIS,68,6.2,302.6,9.1,D,0
-14.2264,126.888,317.6,1.2,1.1,2014-06-13,0206,Terra,MODIS,59,6.2,304,8,D,0
-15.7858,124.8246,315.7,1,1,2014-06-13,0206,Terra,MODIS,66,6.2,299.8,8.6,D,0
-15.762,124.7887,316.8,1,1,2014-06-13,0206,Terra,MODIS,64,6.2,300.7,8.6,D,0
-15.7607,124.7791,318.2,1,1,2014-06-13,0206,Terra,MODIS,68,6.2,300.4,10.1,D,0
-15.2891,127.795,321.5,1.5,1.2,2014-06-13,0206,Terra,MODIS,64,6.2,302.6,19,D,0
-15.2875,127.7818,323.4,1.5,1.2,2014-06-13,0206,Terra,MODIS,75,6.2,303.2,21.7,D,0
-15.2948,127.7873,324.6,1.5,1.2,2014-06-13,0206,Terra,MODIS,77,6.2,301.4,24.2,D,0
-14.253,127.5332,316.1,1.4,1.2,2014-06-13,0206,Terra,MODIS,22,6.2,301.7,8.8,D,0
-15.8915,124.6688,322.8,1,1,2014-06-13,0206,Terra,MODIS,31,6.2,299.3,15.1,D,0
-15.2931,127.774,322.3,1.5,1.2,2014-06-13,0206,Terra,MODIS,74,6.2,301.7,19.3,D,0
-14.7667,126.0025,311.8,1.1,1.1,2014-06-13,0206,Terra,MODIS,36,6.2,299.8,5,D,0
-15.0113,127.721,318.1,1.4,1.2,2014-06-13,0206,Terra,MODIS,45,6.2,301.3,12.7,D,0
-14.8836,126.62,318.3,1.2,1.1,2014-06-13,0206,Terra,MODIS,65,6.2,302.4,10.7,D,0
-15.0749,129.7012,312.9,2,1.4,2014-06-13,0206,Terra,MODIS,37,6.2,299.9,12.2,D,0
-16.5175,127.6764,324.8,1.5,1.2,2014-06-13,0206,Terra,MODIS,77,6.2,300.4,28.1,D,0
-16.5157,127.6624,322.4,1.5,1.2,2014-06-13,0206,Terra,MODIS,75,6.2,300.6,23.9,D,0
-15.2198,127.4635,312.9,1.4,1.2,2014-06-13,0206,Terra,MODIS,34,6.2,301.6,6.3,D,0
-14.2164,126.8893,316.8,1.2,1.1,2014-06-13,0206,Terra,MODIS,50,6.2,304.2,6.6,D,0
-15.4803,124.4887,322.8,1,1,2014-06-13,0206,Terra,MODIS,0,6.2,299.3,12.7,D,0
-16.4804,126.6825,315.1,1.3,1.1,2014-06-13,0206,Terra,MODIS,54,6.2,302.4,7.8,D,0
-15.4816,124.4981,345,1,1,2014-06-13,0206,Terra,MODIS,0,6.2,302.2,44.8,D,0
-15.496,124.5382,338,1,1,2014-06-13,0206,Terra,MODIS,61,6.2,302.1,31.1,D,0
-15.902,124.677,339.6,1,1,2014-06-13,0206,Terra,MODIS,72,6.2,301.3,36.3,D,0
-15.0015,126.6659,312.6,1.2,1.1,2014-06-13,0206,Terra,MODIS,34,6.2,299.9,6.4,D,0
-15.0006,127.7222,322,1.4,1.2,2014-06-13,0206,Terra,MODIS,71,6.2,301.3,19.2,D,0
-14.1354,126.8948,321.4,1.2,1.1,2014-06-13,0206,Terra,MODIS,60,6.2,302.9,14.8,D,0
-14.9989,127.7091,342.5,1.4,1.2,2014-06-13,0206,Terra,MODIS,91,6.2,303.3,66.1,D,0
-15.0049,127.716,331.1,1.4,1.2,2014-06-13,0206,Terra,MODIS,83,6.2,302.8,36.8,D,0
-14.845,127.6437,330.8,1.4,1.2,2014-06-13,0206,Terra,MODIS,83,6.2,303.6,35.2,D,0
-14.2219,127.5377,314.2,1.4,1.2,2014-06-13,0206,Terra,MODIS,40,6.2,300.6,7.3,D,0
-15.0821,126.0502,324.7,1.1,1.1,2014-06-13,0206,Terra,MODIS,77,6.2,301.5,17.7,D,0
-14.6022,127.6417,314.1,1.4,1.2,2014-06-13,0206,Terra,MODIS,47,6.2,301.7,6.7,D,0
-14.127,126.9075,317.9,1.2,1.1,2014-06-13,0206,Terra,MODIS,48,6.2,303.7,10.6,D,0
-14.1255,126.8962,316.6,1.2,1.1,2014-06-13,0206,Terra,MODIS,41,6.2,301.8,9.3,D,0
-15.1351,130.435,316.6,2.3,1.5,2014-06-13,0206,Terra,MODIS,60,6.2,301.4,24.6,D,0
-15.2344,126.5,329.6,1.2,1.1,2014-06-13,0206,Terra,MODIS,82,6.2,301.4,29.1,D,0
-15.2329,126.4889,324.5,1.2,1.1,2014-06-13,0206,Terra,MODIS,77,6.2,300.9,20.8,D,0
-14.7625,127.7139,320.2,1.4,1.2,2014-06-13,0206,Terra,MODIS,58,6.2,304.7,14.8,D,0
-14.3066,126.206,316.5,1.1,1.1,2014-06-13,0206,Terra,MODIS,22,6.2,301.4,7.9,D,0
-14.297,126.2074,317.5,1.1,1.1,2014-06-13,0206,Terra,MODIS,62,6.2,301.6,9.6,D,0
-14.2956,126.1969,323.9,1.1,1.1,2014-06-13,0206,Terra,MODIS,75,6.2,303.2,17,D,0
-15.1087,126.3205,317.9,1.2,1.1,2014-06-13,0206,Terra,MODIS,59,6.2,300.9,10.3,D,0
-15.1101,126.3314,319.5,1.2,1.1,2014-06-13,0206,Terra,MODIS,65,6.2,301.6,12.3,D,0
-15.9751,126.2554,321,1.2,1.1,2014-06-13,0206,Terra,MODIS,71,6.2,300,15.5,D,0
-13.9451,130.7955,318.5,2.3,1.5,2014-06-13,0206,Terra,MODIS,60,6.2,301,28.8,D,0
-13.9414,130.7905,320.7,2.3,1.5,2014-06-13,0206,Terra,MODIS,71,6.2,300.9,37.7,D,0
-15.5068,124.7371,317.4,1,1,2014-06-13,0206,Terra,MODIS,61,6.2,302.5,8.7,D,0
-15.4743,124.771,320.9,1,1,2014-06-13,0206,Terra,MODIS,72,6.2,301.2,12,D,0
-15.259,127.8479,319.2,1.5,1.2,2014-06-13,0206,Terra,MODIS,49,6.2,303.8,13.4,D,0
-15.275,127.887,318.8,1.5,1.2,2014-06-13,0206,Terra,MODIS,68,6.2,302.7,16.1,D,0
-15.4156,125.733,315.9,1.1,1.1,2014-06-13,0206,Terra,MODIS,56,6.2,302.3,7.9,D,0
-15.417,125.7433,315.6,1.1,1.1,2014-06-13,0206,Terra,MODIS,51,6.2,301.4,7.6,D,0
-15.4265,125.742,317,1.1,1.1,2014-06-13,0206,Terra,MODIS,51,6.2,301.9,8.8,D,0
-14.1497,126.1872,315.4,1.1,1.1,2014-06-13,0206,Terra,MODIS,0,6.2,302.2,7.3,D,0
-14.1953,126.2064,323,1.1,1.1,2014-06-13,0206,Terra,MODIS,59,6.2,302.4,14.3,D,0
-14.1968,126.217,328.5,1.1,1.1,2014-06-13,0206,Terra,MODIS,62,6.2,302.2,22.3,D,0
-14.2064,126.2156,327.3,1.1,1.1,2014-06-13,0206,Terra,MODIS,46,6.2,303.5,19.2,D,0
-15.4165,125.8812,316.8,1.1,1.1,2014-06-13,0206,Terra,MODIS,64,6.2,300.5,10.1,D,0
-14.3862,126.1881,319.9,1.1,1.1,2014-06-13,0206,Terra,MODIS,70,6.2,302,12.5,D,0
-14.6826,126.1275,324,1.1,1.1,2014-06-13,0206,Terra,MODIS,51,6.2,301.5,15.5,D,0
-14.6921,126.1262,337.6,1.1,1.1,2014-06-13,0206,Terra,MODIS,88,6.2,301.3,37,D,0
-14.7032,126.1353,322.8,1.1,1.1,2014-06-13,0206,Terra,MODIS,29,6.2,300.8,14.7,D,0
-15.4548,125.7372,324,1.1,1.1,2014-06-13,0206,Terra,MODIS,77,6.2,301.4,18.4,D,0
-15.5309,125.763,311.1,1.1,1.1,2014-06-13,0206,Terra,MODIS,46,6.2,299.6,6.1,D,0
-16.3716,125.5867,316.6,1.1,1.1,2014-06-13,0206,Terra,MODIS,57,6.2,302.3,6.8,D,0
-16.0315,125.5377,316.7,1.1,1.1,2014-06-13,0206,Terra,MODIS,56,6.2,300,10.1,D,0
-15.4563,125.7478,323.6,1.1,1.1,2014-06-13,0206,Terra,MODIS,77,6.2,300.8,18.3,D,0
-15.7515,125.89,314.9,1.1,1.1,2014-06-13,0206,Terra,MODIS,47,6.2,300.8,8.9,D,0
-15.6001,125.8103,313.6,1.1,1.1,2014-06-13,0206,Terra,MODIS,54,6.2,300.8,6.8,D,0
-16.7948,125.5378,315.3,1.1,1.1,2014-06-13,0206,Terra,MODIS,64,6.2,301.1,8.1,D,0
-14.6979,132.8139,314.5,3.4,1.7,2014-06-13,0206,Terra,MODIS,56,6.2,299.3,29.9,D,0
-14.398,126.4926,321.9,1.2,1.1,2014-06-13,0206,Terra,MODIS,73,6.2,302.1,15.1,D,0
-15.6643,129.186,316.8,1.9,1.3,2014-06-13,0206,Terra,MODIS,31,6.2,299.9,18.9,D,0
-14.7061,126.1285,311.2,1.1,1.1,2014-06-13,0206,Terra,MODIS,22,6.2,299.3,4.8,D,0
-15.7698,128.1797,326.1,1.6,1.2,2014-06-13,0206,Terra,MODIS,79,6.2,302.4,31.4,D,0
-15.8501,124.8282,320.8,1,1,2014-06-13,0206,Terra,MODIS,40,6.2,300.2,12.3,D,0
-15.8593,124.8268,327.5,1,1,2014-06-13,0206,Terra,MODIS,80,6.2,298.8,20.1,D,0
-15.4195,128.9303,314.1,1.8,1.3,2014-06-13,0206,Terra,MODIS,53,6.2,302,12.5,D,0
-15.4266,128.9229,315.7,1.8,1.3,2014-06-13,0206,Terra,MODIS,43,6.2,302.1,13.5,D,0
-15.6736,124.9462,338.2,1,1,2014-06-13,0206,Terra,MODIS,89,6.2,301.9,36.4,D,0
-15.6828,124.9449,333.4,1,1,2014-06-13,0206,Terra,MODIS,86,6.2,300.5,27.2,D,0
-15.8238,124.5772,319.5,1,1,2014-06-13,0206,Terra,MODIS,69,6.2,301.3,9.8,D,0
-15.8251,124.5867,313.7,1,1,2014-06-13,0206,Terra,MODIS,0,6.2,299.4,4.7,D,0
-15.6998,124.9325,312.9,1,1,2014-06-13,0206,Terra,MODIS,58,6.2,299.6,6,D,0
-14.2638,126.4904,321.6,1.2,1.1,2014-06-13,0206,Terra,MODIS,72,6.2,303.4,16.7,D,0
-15.7012,124.9422,324.6,1,1,2014-06-13,0206,Terra,MODIS,78,6.2,301,16.4,D,0
-15.7366,124.9406,312,1.1,1,2014-06-13,0206,Terra,MODIS,49,6.2,299.3,5.3,D,0
-15.0401,125.9873,325.2,1.1,1.1,2014-06-13,0206,Terra,MODIS,54,6.2,300.1,18.7,D,0
-16.0669,125.267,312.9,1.1,1,2014-06-13,0206,Terra,MODIS,38,6.2,300.6,5.8,D,0
-14.2486,126.672,322.9,1.2,1.1,2014-06-13,0206,Terra,MODIS,74,6.2,304,16.8,D,0
-16.1773,124.4123,313.1,1,1,2014-06-13,0206,Terra,MODIS,0,6.2,298.9,7,D,0
-15.6705,125.1262,313.6,1.1,1,2014-06-13,0206,Terra,MODIS,60,6.2,302,6.4,D,0
-15.6692,125.1164,337.2,1.1,1,2014-06-13,0206,Terra,MODIS,88,6.2,301.8,35.7,D,0
-15.6644,124.9476,318.9,1,1,2014-06-13,0206,Terra,MODIS,71,6.2,299.8,11.2,D,0
-15.8646,125.0651,314.4,1.1,1,2014-06-13,0206,Terra,MODIS,63,6.2,300.8,7.5,D,0
-15.6633,125.1236,328.2,1.1,1,2014-06-13,0206,Terra,MODIS,82,6.2,301.4,22.2,D,0
-15.6619,125.1138,334.4,1.1,1,2014-06-13,0206,Terra,MODIS,86,6.2,300.6,31.3,D,0
-14.4464,130.1134,321.5,2.1,1.4,2014-06-13,0206,Terra,MODIS,74,6.2,301,37.7,D,0
-14.4487,130.1327,314.6,2.1,1.4,2014-06-13,0206,Terra,MODIS,48,6.2,300.1,19.4,D,0
-15.7511,124.5167,336.3,1,1,2014-06-13,0206,Terra,MODIS,88,6.2,302.1,32.2,D,0
-15.8005,124.8618,315.2,1,1,2014-06-13,0206,Terra,MODIS,65,6.2,299.8,7.6,D,0
-16.1712,124.6968,319.7,1,1,2014-06-13,0206,Terra,MODIS,73,6.2,299.6,12.7,D,0
-14.4553,129.4426,312.7,1.9,1.3,2014-06-13,0206,Terra,MODIS,30,6.2,300.9,17,D,0
-15.8019,124.8714,321.7,1,1,2014-06-13,0206,Terra,MODIS,75,6.2,300.1,13.8,D,0
-15.0372,125.9661,328.2,1.1,1.1,2014-06-13,0206,Terra,MODIS,35,6.2,300.2,21,D,0
-14.2209,130.2921,314.3,2.1,1.4,2014-06-13,0206,Terra,MODIS,44,6.2,300.7,14.7,D,0
-16.4389,124.2477,313.3,1,1,2014-06-13,0206,Terra,MODIS,42,6.2,298.1,7.7,D,0
-15.801,125.1314,320.1,1.1,1,2014-06-13,0206,Terra,MODIS,73,6.2,303.2,12.7,D,0
-15.7996,125.1216,313.8,1.1,1,2014-06-13,0206,Terra,MODIS,56,6.2,302.8,6.8,D,0
-15.0387,125.9767,331.4,1.1,1.1,2014-06-13,0206,Terra,MODIS,55,6.2,300,26.2,D,0
-16.4375,124.2383,311.6,1,1,2014-06-13,0206,Terra,MODIS,26,6.2,297.5,6.4,D,0
-15.7548,128.2399,313.1,1.6,1.2,2014-06-13,0206,Terra,MODIS,48,6.2,301.1,10.1,D,0
-15.5296,124.5139,365.6,1,1,2014-06-13,0206,Terra,MODIS,94,6.2,303.3,95.4,D,0
-15.5309,124.5234,329.7,1,1,2014-06-13,0206,Terra,MODIS,75,6.2,301.7,19.7,D,0
-14.273,129.7454,312.2,2,1.4,2014-06-13,0206,Terra,MODIS,46,6.2,300,14.7,D,0
-14.2676,129.7343,314.7,1.9,1.4,2014-06-13,0206,Terra,MODIS,60,6.2,299.9,20.3,D,0
-15.7636,125.1831,320.9,1.1,1,2014-06-13,0206,Terra,MODIS,53,6.2,300.6,12.6,D,0
-13.8065,130.6422,316.1,2.3,1.5,2014-06-13,0206,Terra,MODIS,49,6.2,301.4,18.6,D,0
-15.7708,125.1861,320.6,1.1,1,2014-06-13,0206,Terra,MODIS,71,6.2,301.5,12.4,D,0
-15.0153,125.9482,349.4,1.1,1.1,2014-06-13,0206,Terra,MODIS,95,6.2,302.1,64,D,0
-15.0248,125.9468,325.8,1.1,1.1,2014-06-13,0206,Terra,MODIS,73,6.2,300.4,18.8,D,0
-15.0262,125.9572,322.5,1.1,1.1,2014-06-13,0206,Terra,MODIS,75,6.2,300.7,15.8,D,0
-15.0277,125.9676,323.8,1.1,1.1,2014-06-13,0206,Terra,MODIS,65,6.2,299.8,17.4,D,0
-15.6658,124.9573,328.7,1.1,1,2014-06-13,0206,Terra,MODIS,82,6.2,300.6,22.1,D,0
-14.4326,130.2139,312.9,2.1,1.4,2014-06-13,0206,Terra,MODIS,51,6.2,301.3,15.1,D,0
-15.7505,124.8396,321.9,1,1,2014-06-13,0206,Terra,MODIS,75,6.2,300.8,13.9,D,0
-15.0607,125.8929,315.2,1.1,1.1,2014-06-13,0206,Terra,MODIS,58,6.2,301.5,8.4,D,0
-15.7642,124.9364,316.9,1.1,1,2014-06-13,0206,Terra,MODIS,37,6.2,300.1,8.7,D,0
-15.7597,124.8383,314.5,1,1,2014-06-13,0206,Terra,MODIS,21,6.2,298.9,5.9,D,0
-15.7707,124.9157,315.3,1,1,2014-06-13,0206,Terra,MODIS,37,6.2,301.8,7.5,D,0
-15.8943,124.688,332.9,1,1,2014-06-13,0206,Terra,MODIS,51,6.2,302.4,25.6,D,0
-15.9125,124.685,338.1,1,1,2014-06-13,0206,Terra,MODIS,84,6.2,301.1,34.8,D,0
-15.772,124.9254,324,1,1,2014-06-13,0206,Terra,MODIS,78,6.2,300.6,16.5,D,0
-15.7279,124.5494,326.1,1,1,2014-06-13,0206,Terra,MODIS,80,6.2,302.3,16.7,D,0
-15.0497,125.9859,322.6,1.1,1.1,2014-06-13,0206,Terra,MODIS,53,6.2,301.1,15.1,D,0
-15.0654,125.9987,328.8,1.1,1.1,2014-06-13,0206,Terra,MODIS,81,6.2,300.6,24.1,D,0
-15.0749,125.9973,320.1,1.1,1.1,2014-06-13,0206,Terra,MODIS,64,6.2,300.6,12.3,D,0
-15.738,124.9503,309.6,1.1,1,2014-06-13,0206,Terra,MODIS,28,6.2,298.8,3.8,D,0
-15.6842,124.9546,328.1,1.1,1,2014-06-13,0206,Terra,MODIS,73,6.2,301.3,19.8,D,0
-15.675,124.9559,339.4,1.1,1,2014-06-13,0206,Terra,MODIS,90,6.2,303.1,38.2,D,0
-14.27,134.5095,312,4.5,2,2014-06-13,0206,Terra,MODIS,27,6.2,297.9,43.3,D,0
-14.27,134.5168,314.2,4.5,2,2014-06-13,0206,Terra,MODIS,55,6.2,298,56.7,D,0
-14.2063,131.0354,314.9,2.4,1.5,2014-06-13,0206,Terra,MODIS,53,6.2,300.5,21.7,D,0
-14.2089,131.0579,321.7,2.5,1.5,2014-06-13,0206,Terra,MODIS,73,6.2,301.4,46,D,0
-13.7961,130.6503,318.7,2.3,1.5,2014-06-13,0206,Terra,MODIS,61,6.2,303.7,25.4,D,0
-16.9714,122.7369,319.1,1,1,2014-06-13,0207,Terra,MODIS,74,6.2,300.4,12.2,D,0
-16.97,122.7275,311.1,1,1,2014-06-13,0207,Terra,MODIS,60,6.2,299.4,5.5,D,0
-16.626,122.8295,316.9,1,1,2014-06-13,0207,Terra,MODIS,62,6.2,297.6,11.2,D,0
-16.5882,122.8227,319.1,1,1,2014-06-13,0207,Terra,MODIS,17,6.2,298.1,10.5,D,0
-16.9959,122.5335,320.8,1,1,2014-06-13,0207,Terra,MODIS,76,6.2,300,13.4,D,0
-16.6139,122.8091,337.6,1,1,2014-06-13,0207,Terra,MODIS,89,6.2,298.9,33.5,D,0
-16.6153,122.8184,333.9,1,1,2014-06-13,0207,Terra,MODIS,73,6.2,301.1,27.3,D,0
-16.6245,122.8202,324.9,1,1,2014-06-13,0207,Terra,MODIS,61,6.2,298.1,19.4,D,0
-16.5778,122.8148,328,1,1,2014-06-13,0207,Terra,MODIS,80,6.2,298.4,21,D,0
-16.9973,122.543,317,1,1,2014-06-13,0207,Terra,MODIS,71,6.2,298.1,10.3,D,0
-17.0292,126.2884,320.3,1.2,1.1,2014-06-13,0207,Terra,MODIS,60,6.2,302.9,14,D,0
-17.2748,126.913,313.7,1.4,1.2,2014-06-13,0207,Terra,MODIS,62,6.2,301.1,9.2,D,0
-19.6318,127.6581,318.1,1.6,1.3,2014-06-13,0207,Terra,MODIS,73,6.2,299,21.4,D,0
-17.5523,123.6784,319.7,1,1,2014-06-13,0207,Terra,MODIS,75,6.2,300.7,11.6,D,0
-17.2825,126.9189,311.6,1.4,1.2,2014-06-13,0207,Terra,MODIS,44,6.2,300.9,6.5,D,0
-19.6299,127.6426,314.2,1.6,1.3,2014-06-13,0207,Terra,MODIS,66,6.2,298.6,14.1,D,0
-17.0934,123.2473,324.6,1,1,2014-06-13,0207,Terra,MODIS,80,6.2,299.5,16.8,D,0
-18.5448,121.8753,314.1,1,1,2014-06-13,0207,Terra,MODIS,49,6.2,298.3,7.8,D,0
-18.5404,121.8462,311.6,1,1,2014-06-13,0207,Terra,MODIS,58,6.2,298.2,6.6,D,0
-18.5419,121.8559,319.3,1,1,2014-06-13,0207,Terra,MODIS,75,6.2,299.1,12.7,D,0
-18.5433,121.8656,325.7,1,1,2014-06-13,0207,Terra,MODIS,81,6.2,298.3,19.4,D,0
-19.1143,121.8622,315.8,1,1,2014-06-13,0207,Terra,MODIS,37,6.2,298,8.8,D,0
-19.1234,121.8607,314.4,1,1,2014-06-13,0207,Terra,MODIS,40,6.2,298.7,8,D,0
-19.1249,121.8703,314.1,1,1,2014-06-13,0207,Terra,MODIS,42,6.2,296.2,8.1,D,0
-19.1325,121.8592,327.9,1,1,2014-06-13,0207,Terra,MODIS,83,6.2,298.2,21.9,D,0
-21.6429,119.2571,305.9,1.2,1.1,2014-06-13,0208,Terra,MODIS,58,6.2,294.4,6,D,0
-21.6448,119.2687,308.2,1.2,1.1,2014-06-13,0208,Terra,MODIS,64,6.2,293.4,7.9,D,0
-21.6555,118.6541,306.3,1.3,1.1,2014-06-13,0208,Terra,MODIS,61,6.2,293.1,6.7,D,0
-21.6576,118.6666,312.4,1.3,1.1,2014-06-13,0208,Terra,MODIS,71,6.2,293.2,12.4,D,0
-21.6597,118.6791,340.8,1.3,1.1,2014-06-13,0208,Terra,MODIS,92,6.2,294.6,61.8,D,0
-20.6755,118.5081,314.2,1.4,1.2,2014-06-13,0208,Terra,MODIS,20,6.2,295.7,12.5,D,0
-20.6733,118.495,335,1.4,1.2,2014-06-13,0208,Terra,MODIS,88,6.2,297.4,48,D,0
-20.6606,118.4838,321.8,1.4,1.2,2014-06-13,0208,Terra,MODIS,79,6.2,296.3,22.1,D,0
-20.6584,118.4706,321.3,1.4,1.2,2014-06-13,0208,Terra,MODIS,78,6.2,296.5,22.6,D,0
-21.8434,119.9805,313,1.1,1.1,2014-06-13,0208,Terra,MODIS,72,6.2,293.4,11.1,D,0
-21.6618,118.6915,312.7,1.3,1.1,2014-06-13,0208,Terra,MODIS,72,6.2,292.9,12.6,D,0
-21.864,119.9878,329,1.1,1.1,2014-06-13,0208,Terra,MODIS,86,6.2,293.5,28.9,D,0
-23.0772,117.9663,328.2,1.4,1.2,2014-06-13,0208,Terra,MODIS,85,6.2,292.3,38.5,D,0
-23.0852,117.9511,317.1,1.4,1.2,2014-06-13,0208,Terra,MODIS,77,6.2,292.2,21.6,D,0
-23.0875,117.9643,303.8,1.4,1.2,2014-06-13,0208,Terra,MODIS,57,6.2,291.2,6.7,D,0
-23.083,117.9379,326,1.4,1.2,2014-06-13,0208,Terra,MODIS,84,6.2,293,35.4,D,0
-22.0349,120.4238,361.2,1.1,1,2014-06-13,0208,Terra,MODIS,100,6.2,295.2,96.7,D,0
-23.0749,117.9532,333.1,1.4,1.2,2014-06-13,0208,Terra,MODIS,88,6.2,292.6,48.6,D,0
-21.8622,119.9771,327.1,1.1,1.1,2014-06-13,0208,Terra,MODIS,84,6.2,294.3,26.3,D,0
-22.0441,120.4221,314.1,1.1,1,2014-06-13,0208,Terra,MODIS,74,6.2,291,12.7,D,0
-22.0425,120.4118,305.8,1.1,1,2014-06-13,0208,Terra,MODIS,60,6.2,291.2,6.3,D,0
-22.0333,120.4135,349.2,1.1,1,2014-06-13,0208,Terra,MODIS,96,6.2,294.2,64.9,D,0
-21.8734,119.9861,304.9,1.1,1.1,2014-06-13,0208,Terra,MODIS,53,6.2,292.4,5,D,0
-23.807,120.8573,313.9,1,1,2014-06-13,0209,Terra,MODIS,73,6.2,293.2,11.2,D,0
-32.2858,115.82,311.2,1.3,1.1,2014-06-13,0211,Terra,MODIS,54,6.2,285.7,15.5,D,0
-32.2858,115.8273,312.8,1.3,1.1,2014-06-13,0211,Terra,MODIS,69,6.2,286.2,17.2,D,0
-31.4833,115.7118,310.4,1.3,1.1,2014-06-13,0211,Terra,MODIS,70,6.2,286.4,17.1,D,0
-31.4809,115.698,305.3,1.3,1.1,2014-06-13,0211,Terra,MODIS,61,6.2,286.1,11.9,D,0
-34.3862,142.2752,300.2,1.5,1.2,2014-06-13,0448,Aqua,MODIS,13,6.2,289.2,6,D,0
-19.6458,127.632,315.7,1.9,1.4,2014-06-13,0453,Aqua,MODIS,61,6.2,303.2,15.4,D,0
-19.6438,127.6503,315.9,1.9,1.3,2014-06-13,0453,Aqua,MODIS,61,6.2,303.5,16.1,D,0
-18.7723,128.6069,321.1,1.6,1.2,2014-06-13,0453,Aqua,MODIS,70,6.2,303.8,18.8,D,0
-18.7716,128.6119,322,1.6,1.2,2014-06-13,0453,Aqua,MODIS,68,6.2,303.5,20.4,D,0
-18.7828,128.6134,326.6,1.6,1.2,2014-06-13,0453,Aqua,MODIS,68,6.2,305.4,29.2,D,0
-18.7705,128.6219,318.6,1.6,1.2,2014-06-13,0453,Aqua,MODIS,61,6.2,303.8,14.9,D,0
-15.6895,124.9384,313.5,2.7,1.6,2014-06-13,0454,Aqua,MODIS,23,6.2,298.3,22.8,D,0
-14.1706,130.2774,328.9,1.1,1.1,2014-06-13,0454,Aqua,MODIS,60,6.2,306.1,16.7,D,0
-14.2428,126.6596,317.2,1.9,1.3,2014-06-13,0454,Aqua,MODIS,67,6.2,302,17.2,D,0
-15.7397,128.2139,322.6,1.5,1.2,2014-06-13,0454,Aqua,MODIS,54,6.2,304.9,17.3,D,0
-15.7379,128.2282,334.1,1.5,1.2,2014-06-13,0454,Aqua,MODIS,84,6.2,307,43,D,0
-15.7489,128.2297,329.5,1.5,1.2,2014-06-13,0454,Aqua,MODIS,78,6.2,307,31.6,D,0
-15.1121,129.7314,324.6,1.2,1.1,2014-06-13,0454,Aqua,MODIS,71,6.2,306.9,17.4,D,0
-15.0722,125.9157,319.7,2.2,1.4,2014-06-13,0454,Aqua,MODIS,50,6.2,303.9,28.3,D,0
-14.281,126.6874,317.9,1.9,1.3,2014-06-13,0454,Aqua,MODIS,53,6.2,302.3,17,D,0
-15.509,124.5045,322.8,2.9,1.6,2014-06-13,0454,Aqua,MODIS,0,6.2,299.3,66.1,D,0
-14.2061,129.4975,316.8,1.2,1.1,2014-06-13,0454,Aqua,MODIS,34,6.2,304.6,10.6,D,0
-15.898,124.6877,315.1,2.8,1.6,2014-06-13,0454,Aqua,MODIS,58,6.2,299,36.3,D,0
-13.8102,130.6161,328.6,1.1,1,2014-06-13,0454,Aqua,MODIS,77,6.2,306,16.9,D,0
-13.8088,130.6259,324.7,1.1,1,2014-06-13,0454,Aqua,MODIS,42,6.2,308.3,10.7,D,0
-14.2757,129.7382,317.9,1.2,1.1,2014-06-13,0454,Aqua,MODIS,43,6.2,305.6,9.2,D,0
-14.2112,129.6115,328.3,1.2,1.1,2014-06-13,0454,Aqua,MODIS,77,6.2,305.5,23,D,0
-15.6682,124.9542,323.2,2.7,1.6,2014-06-13,0454,Aqua,MODIS,74,6.2,299.5,59.8,D,0
-14.2097,129.6226,325.3,1.2,1.1,2014-06-13,0454,Aqua,MODIS,73,6.2,305.1,19.2,D,0
-15.7689,128.1586,319.7,1.5,1.2,2014-06-13,0454,Aqua,MODIS,31,6.2,306.7,12,D,0
-15.0843,126.0412,315.4,2.2,1.4,2014-06-13,0454,Aqua,MODIS,33,6.2,302.2,17,D,0
-15.432,128.9173,321.9,1.4,1.2,2014-06-13,0454,Aqua,MODIS,60,6.2,306.4,14.5,D,0
-13.8867,130.5227,318.9,1.1,1,2014-06-13,0454,Aqua,MODIS,32,6.2,305.3,6.6,D,0
-15.7671,128.173,319.9,1.5,1.2,2014-06-13,0454,Aqua,MODIS,29,6.2,307.1,12.4,D,0
-15.6754,124.9367,331.4,2.7,1.6,2014-06-13,0454,Aqua,MODIS,83,6.2,298.9,101.9,D,0
-14.4484,130.1134,323.3,1.1,1.1,2014-06-13,0454,Aqua,MODIS,44,6.2,306.3,12,D,0
-14.4343,130.2178,326.5,1.1,1.1,2014-06-13,0454,Aqua,MODIS,75,6.2,305.5,16.8,D,0
-15.6712,124.9287,324.2,2.7,1.6,2014-06-13,0454,Aqua,MODIS,75,6.2,297.8,65,D,0
-15.7319,124.5496,316.6,2.9,1.6,2014-06-13,0454,Aqua,MODIS,60,6.2,300.2,34.5,D,0
-15.6726,124.9623,315.6,2.7,1.6,2014-06-13,0454,Aqua,MODIS,49,6.2,299.6,29.8,D,0
-17.032,126.2809,318,2.2,1.4,2014-06-13,0454,Aqua,MODIS,29,6.2,306,22.3,D,0
-14.4375,129.4384,326.1,1.2,1.1,2014-06-13,0454,Aqua,MODIS,61,6.2,303.8,20.1,D,0
-14.4573,129.4412,320.5,1.2,1.1,2014-06-13,0454,Aqua,MODIS,43,6.2,304.8,15.3,D,0
-15.7598,128.2317,325.5,1.5,1.2,2014-06-13,0454,Aqua,MODIS,74,6.2,306.2,24.5,D,0
-14.2215,130.2908,354.2,1.1,1.1,2014-06-13,0454,Aqua,MODIS,97,6.2,306.8,71.2,D,0
-14.2229,130.2806,332.8,1.1,1.1,2014-06-13,0454,Aqua,MODIS,82,6.2,306.7,25.4,D,0
-15.087,129.693,331.7,1.2,1.1,2014-06-13,0454,Aqua,MODIS,81,6.2,306.5,27.8,D,0
-15.0855,129.7045,328.8,1.2,1.1,2014-06-13,0454,Aqua,MODIS,77,6.2,306.9,22.7,D,0
-14.2309,130.2922,321,1.1,1.1,2014-06-13,0454,Aqua,MODIS,61,6.2,304.2,9.7,D,0
-14.2773,134.5974,319.5,1.1,1.1,2014-06-13,0454,Aqua,MODIS,40,6.2,305.7,7,D,0
-13.4384,133.6709,322.2,1.1,1,2014-06-13,0454,Aqua,MODIS,69,6.2,302.8,12,D,0
-14.2789,134.5871,322.1,1.1,1.1,2014-06-13,0454,Aqua,MODIS,67,6.2,306.6,10.1,D,0
-13.753,133.3465,319.7,1,1,2014-06-13,0454,Aqua,MODIS,51,6.2,306.2,7.4,D,0
-13.4292,133.6694,325.9,1.1,1,2014-06-13,0454,Aqua,MODIS,61,6.2,305,15.4,D,0
-13.4513,132.2638,351.7,1,1,2014-06-13,0454,Aqua,MODIS,95,6.2,306.9,53,D,0
-14.084,131.8888,332.1,1,1,2014-06-13,0454,Aqua,MODIS,68,6.2,307.2,17.3,D,0
-13.45,132.273,342.5,1,1,2014-06-13,0454,Aqua,MODIS,90,6.2,304.3,35.6,D,0
-13.4603,132.2652,382.7,1,1,2014-06-13,0454,Aqua,MODIS,100,6.2,310.1,152.4,D,0
-13.459,132.2744,367.8,1,1,2014-06-13,0454,Aqua,MODIS,100,6.2,302.9,97.1,D,0
-13.4693,132.2666,322.1,1,1,2014-06-13,0454,Aqua,MODIS,57,6.2,301.8,9.9,D,0
-13.4783,132.2679,344.3,1,1,2014-06-13,0454,Aqua,MODIS,91,6.2,303.8,41.4,D,0
-13.6832,134.6137,325,1.1,1.1,2014-06-13,0454,Aqua,MODIS,74,6.2,307.4,14.4,D,0
-13.6816,134.6243,321.5,1.2,1.1,2014-06-13,0454,Aqua,MODIS,58,6.2,304.6,10.2,D,0
-14.2033,131.0325,324.5,1,1,2014-06-13,0454,Aqua,MODIS,26,6.2,305.7,11.2,D,0
-13.5555,132.7529,335.9,1,1,2014-06-13,0454,Aqua,MODIS,85,6.2,305.7,26.9,D,0
-13.501,132.6812,357.3,1,1,2014-06-13,0454,Aqua,MODIS,98,6.2,303.2,69.4,D,0
-13.5541,132.7622,342.1,1,1,2014-06-13,0454,Aqua,MODIS,90,6.2,303.6,37,D,0
-13.5023,132.672,342.3,1,1,2014-06-13,0454,Aqua,MODIS,90,6.2,304.9,36.9,D,0
-13.492,132.6798,328.5,1,1,2014-06-13,0454,Aqua,MODIS,77,6.2,302,16.6,D,0
-13.6834,133.388,327.1,1,1,2014-06-13,0454,Aqua,MODIS,75,6.2,306,15.5,D,0
-13.7639,133.6517,332.3,1.1,1,2014-06-13,0454,Aqua,MODIS,81,6.2,305.9,21.3,D,0
-13.7547,133.6502,354.4,1.1,1,2014-06-13,0454,Aqua,MODIS,97,6.2,306.9,65.4,D,0
-13.6848,133.3784,343,1,1,2014-06-13,0454,Aqua,MODIS,90,6.2,309.2,40.2,D,0
-13.4933,132.6706,335.5,1,1,2014-06-13,0454,Aqua,MODIS,84,6.2,304.1,26.1,D,0
-13.834,131.7664,319.1,1,1,2014-06-13,0454,Aqua,MODIS,44,6.2,303.3,6.4,D,0
-13.5686,131.4336,320.8,1,1,2014-06-13,0454,Aqua,MODIS,62,6.2,303.5,8.9,D,0
-13.5491,131.5733,360,1,1,2014-06-13,0454,Aqua,MODIS,100,6.2,303.8,77.9,D,0
-13.5504,131.564,324.4,1,1,2014-06-13,0454,Aqua,MODIS,60,6.2,301.1,12.7,D,0
-13.5517,131.5547,321.6,1,1,2014-06-13,0454,Aqua,MODIS,61,6.2,301.5,9.9,D,0
-14.9951,133.1037,329.6,1,1,2014-06-13,0454,Aqua,MODIS,79,6.2,302.9,19.4,D,0
-13.6492,134.4197,325.3,1.1,1.1,2014-06-13,0454,Aqua,MODIS,74,6.2,305,15.2,D,0
-13.6507,134.4095,319.6,1.1,1.1,2014-06-13,0454,Aqua,MODIS,63,6.2,305,7.9,D,0
-14.2112,131.0435,334.2,1,1,2014-06-13,0454,Aqua,MODIS,83,6.2,307.6,23.1,D,0
-14.219,131.0545,331.1,1,1,2014-06-13,0454,Aqua,MODIS,59,6.2,307.4,17.2,D,0
-15.9314,132.2116,328.6,1,1,2014-06-13,0454,Aqua,MODIS,78,6.2,312.8,16.5,D,0
-13.5886,131.8152,332.3,1,1,2014-06-13,0454,Aqua,MODIS,65,6.2,301.3,19.5,D,0
-13.5478,131.5826,345.7,1,1,2014-06-13,0454,Aqua,MODIS,92,6.2,303,44.3,D,0
-13.5796,131.8139,360.7,1,1,2014-06-13,0454,Aqua,MODIS,100,6.2,305.3,76.2,D,0
-15.4409,131.8419,335.3,1,1,2014-06-13,0454,Aqua,MODIS,84,6.2,302.7,26.5,D,0
-15.4423,131.8325,331.5,1,1,2014-06-13,0454,Aqua,MODIS,81,6.2,306.4,20.9,D,0
-15.4319,131.8405,321,1,1,2014-06-13,0454,Aqua,MODIS,64,6.2,301.6,9,D,0
-14.099,130.797,322,1.1,1,2014-06-13,0454,Aqua,MODIS,65,6.2,305.9,10.5,D,0
-13.9944,132.836,327.4,1,1,2014-06-13,0454,Aqua,MODIS,72,6.2,309.2,11.9,D,0
-14.1046,130.8036,328.3,1.1,1,2014-06-13,0454,Aqua,MODIS,68,6.2,307.8,15.6,D,0
-13.5809,131.8046,368.8,1,1,2014-06-13,0454,Aqua,MODIS,100,6.2,306.1,100.9,D,0
-13.5823,131.7954,326.7,1,1,2014-06-13,0454,Aqua,MODIS,39,6.2,301.5,13.7,D,0
-13.5719,131.8033,332.6,1,1,2014-06-13,0454,Aqua,MODIS,63,6.2,304.7,19.7,D,0
-13.6669,130.7198,327.6,1.1,1,2014-06-13,0454,Aqua,MODIS,71,6.2,307.7,15.9,D,0
-13.6443,132.1365,322.4,1,1,2014-06-13,0454,Aqua,MODIS,47,6.2,305.6,7.3,D,0
-13.6682,130.71,320.4,1.1,1,2014-06-13,0454,Aqua,MODIS,42,6.2,305.3,8,D,0
-14.6998,126.1098,316.6,2.1,1.4,2014-06-13,0454,Aqua,MODIS,48,6.2,301.5,18.9,D,0
-14.6979,126.1243,320.4,2.1,1.4,2014-06-13,0454,Aqua,MODIS,63,6.2,303.6,28.1,D,0
-14.6975,126.1296,317.9,2.1,1.4,2014-06-13,0454,Aqua,MODIS,53,6.2,303.7,22.5,D,0
-16.0297,125.5157,313.4,2.5,1.5,2014-06-13,0454,Aqua,MODIS,42,6.2,301.7,20.8,D,0
-14.7058,132.8156,324.6,1,1,2014-06-13,0454,Aqua,MODIS,63,6.2,303.9,10.3,D,0
-14.6968,132.8142,322.1,1,1,2014-06-13,0454,Aqua,MODIS,52,6.2,304.2,7.8,D,0
-14.6954,132.8235,323.1,1,1,2014-06-13,0454,Aqua,MODIS,49,6.2,305,8.4,D,0
-14.3638,132.8855,339.5,1,1,2014-06-13,0454,Aqua,MODIS,87,6.2,307,30.2,D,0
-14.3652,132.8763,325.5,1,1,2014-06-13,0454,Aqua,MODIS,37,6.2,306.9,9.7,D,0
-14.3665,132.867,343.1,1,1,2014-06-13,0454,Aqua,MODIS,90,6.2,307.8,35.4,D,0
-14.3549,132.888,326.8,1,1,2014-06-13,0454,Aqua,MODIS,73,6.2,307.6,12.5,D,0
-15.6716,129.1836,318.6,1.3,1.1,2014-06-13,0454,Aqua,MODIS,30,6.2,306.6,9.2,D,0
-15.0745,125.8949,320.2,2.2,1.4,2014-06-13,0454,Aqua,MODIS,52,6.2,301.2,32,D,0
-15.0772,125.8902,324,2.2,1.4,2014-06-13,0454,Aqua,MODIS,74,6.2,300.8,47,D,0
-15.0748,125.911,335.7,2.2,1.4,2014-06-13,0454,Aqua,MODIS,86,6.2,304,93.1,D,0
-15.0877,125.9129,357.4,2.2,1.4,2014-06-13,0454,Aqua,MODIS,98,6.2,302.6,228.2,D,0
-15.0903,125.8918,325.7,2.2,1.4,2014-06-13,0454,Aqua,MODIS,76,6.2,300.9,51.1,D,0
-15.0875,125.8966,347.5,2.2,1.4,2014-06-13,0454,Aqua,MODIS,93,6.2,302.2,156.4,D,0
-15.0851,125.9176,354.2,2.2,1.4,2014-06-13,0454,Aqua,MODIS,97,6.2,303.2,200.5,D,0
-15.1558,129.7883,328.7,1.2,1.1,2014-06-13,0454,Aqua,MODIS,60,6.2,305.9,21.1,D,0
-15.3661,129.8863,322.4,1.2,1.1,2014-06-13,0454,Aqua,MODIS,43,6.2,309.1,11.5,D,0
-15.0746,129.6963,333.3,1.2,1.1,2014-06-13,0454,Aqua,MODIS,82,6.2,306.7,28.8,D,0
-15.6294,126.8443,317.3,1.9,1.4,2014-06-13,0454,Aqua,MODIS,53,6.2,304.3,16.9,D,0
-14.9431,126.3739,320.7,2,1.4,2014-06-13,0454,Aqua,MODIS,59,6.2,302,27,D,0
-15.1553,129.7828,325.7,1.2,1.1,2014-06-13,0454,Aqua,MODIS,52,6.2,305.9,17.1,D,0
-15.3646,129.8976,322.5,1.2,1.1,2014-06-13,0454,Aqua,MODIS,60,6.2,306.5,12.1,D,0
-16.5143,127.6423,320.6,1.7,1.3,2014-06-13,0454,Aqua,MODIS,34,6.2,305.1,17.4,D,0
-15.1538,129.794,326.6,1.2,1.1,2014-06-13,0454,Aqua,MODIS,64,6.2,305.5,18.2,D,0
-14.2269,127.519,319,1.6,1.3,2014-06-13,0454,Aqua,MODIS,57,6.2,303.6,14.3,D,0
-14.5654,132.8912,318.4,1,1,2014-06-13,0454,Aqua,MODIS,18,6.2,304.5,4.7,D,0
-15.1158,126.3241,316.5,2.1,1.4,2014-06-13,0454,Aqua,MODIS,47,6.2,302.6,19,D,0
-13.9419,130.7875,325.5,1.1,1,2014-06-13,0454,Aqua,MODIS,60,6.2,308,12.1,D,0
-15.1032,126.3224,315.8,2.1,1.4,2014-06-13,0454,Aqua,MODIS,51,6.2,301.8,18.3,D,0
-14.591,127.0455,324.7,1.8,1.3,2014-06-13,0454,Aqua,MODIS,56,6.2,302.8,27.8,D,0
-14.2329,126.8893,319.4,1.8,1.3,2014-06-13,0454,Aqua,MODIS,53,6.2,303.8,16.2,D,0
-15.2405,126.4859,315.2,2,1.4,2014-06-13,0454,Aqua,MODIS,47,6.2,302.3,15.4,D,0
-15.0678,129.6724,321.4,1.2,1.1,2014-06-13,0454,Aqua,MODIS,58,6.2,305.4,11.6,D,0
-15.2722,127.8351,323.2,1.6,1.2,2014-06-13,0454,Aqua,MODIS,66,6.2,305.7,20.5,D,0
-14.7617,127.7167,322.7,1.6,1.2,2014-06-13,0454,Aqua,MODIS,60,6.2,307.1,17.8,D,0
-13.7327,131.3106,324.3,1,1,2014-06-13,0454,Aqua,MODIS,50,6.2,305.2,9.4,D,0
-15.9007,124.662,321.4,2.8,1.6,2014-06-13,0454,Aqua,MODIS,72,6.2,298.5,62.6,D,0
-15.1229,126.0463,320.8,2.2,1.4,2014-06-13,0454,Aqua,MODIS,61,6.2,301.9,30.9,D,0
-14.7102,126.1314,315.9,2.1,1.4,2014-06-13,0454,Aqua,MODIS,25,6.2,301.9,17.2,D,0
-14.8645,127.6304,320.2,1.6,1.3,2014-06-13,0454,Aqua,MODIS,57,6.2,307.2,13.7,D,0
-16.507,127.6361,324.2,1.7,1.3,2014-06-13,0454,Aqua,MODIS,74,6.2,303.8,29.3,D,0
-14.0363,129.6978,317.7,1.2,1.1,2014-06-13,0454,Aqua,MODIS,49,6.2,302.4,10.9,D,0
-15.0757,129.7031,328.4,1.2,1.1,2014-06-13,0454,Aqua,MODIS,59,6.2,306.1,20.5,D,0
-15.0771,129.6918,338.1,1.2,1.1,2014-06-13,0454,Aqua,MODIS,86,6.2,305.4,38.3,D,0
-14.6613,127.1546,318.6,1.8,1.3,2014-06-13,0454,Aqua,MODIS,55,6.2,304.4,14.3,D,0
-14.0209,129.9576,316.7,1.1,1.1,2014-06-13,0454,Aqua,MODIS,35,6.2,303.7,9.4,D,0
-15.2779,127.881,322.2,1.6,1.2,2014-06-13,0454,Aqua,MODIS,71,6.2,306,19.1,D,0
-15.2908,127.7771,321.3,1.6,1.3,2014-06-13,0454,Aqua,MODIS,64,6.2,306,16.3,D,0
-14.2354,126.1966,314.9,2.1,1.4,2014-06-13,0454,Aqua,MODIS,39,6.2,300.9,15,D,0
-14.9412,126.3669,317,2,1.4,2014-06-13,0454,Aqua,MODIS,36,6.2,301.5,17.6,D,0
-14.5968,127.0407,324.7,1.8,1.3,2014-06-13,0454,Aqua,MODIS,56,6.2,303.5,28.7,D,0
-14.9918,127.7057,323.1,1.6,1.3,2014-06-13,0454,Aqua,MODIS,72,6.2,306,22,D,0
-15.2927,127.7616,323.2,1.6,1.3,2014-06-13,0454,Aqua,MODIS,71,6.2,305.5,19.7,D,0
-15.1396,130.4309,328.6,1.1,1.1,2014-06-13,0454,Aqua,MODIS,77,6.2,308.2,18.5,D,0
-16.505,127.6523,338.8,1.7,1.3,2014-06-13,0454,Aqua,MODIS,88,6.2,304.3,72.4,D,0
-15.9823,126.2533,313.7,2.2,1.4,2014-06-13,0454,Aqua,MODIS,30,6.2,301.3,13.7,D,0
-15.0663,129.6838,321.5,1.2,1.1,2014-06-13,0454,Aqua,MODIS,52,6.2,305.5,10.9,D,0
-16.5124,127.6587,322.3,1.7,1.3,2014-06-13,0454,Aqua,MODIS,53,6.2,304.6,21.3,D,0
-13.0574,130.2202,334.4,1.1,1,2014-06-13,0455,Aqua,MODIS,84,6.2,307,25,D,0
-13.4201,131.3135,322.4,1,1,2014-06-13,0455,Aqua,MODIS,56,6.2,307.4,5.5,D,0
-13.397,131.0149,328.7,1,1,2014-06-13,0455,Aqua,MODIS,46,6.2,306.4,14.8,D,0
-14.1336,126.8988,321.6,1.8,1.3,2014-06-13,0455,Aqua,MODIS,74,6.2,304.8,23.8,D,0
-14.0182,127.3553,317.9,1.7,1.3,2014-06-13,0455,Aqua,MODIS,53,6.2,302.5,13.2,D,0
-13.3538,131.1246,323.8,1,1,2014-06-13,0455,Aqua,MODIS,65,6.2,305.1,11.9,D,0
-13.3551,131.1153,329.7,1,1,2014-06-13,0455,Aqua,MODIS,78,6.2,303.7,19.3,D,0
-14.0163,127.3709,315.7,1.7,1.3,2014-06-13,0455,Aqua,MODIS,53,6.2,302.7,10,D,0
-13.6825,130.061,322,1.1,1.1,2014-06-13,0455,Aqua,MODIS,55,6.2,302.8,11.2,D,0
-13.0588,130.2102,326.6,1.1,1,2014-06-13,0455,Aqua,MODIS,53,6.2,306.6,14.2,D,0
-13.0667,130.2215,349.6,1.1,1,2014-06-13,0455,Aqua,MODIS,94,6.2,305.3,57.4,D,0
-13.5303,131.5734,324.6,1,1,2014-06-13,0455,Aqua,MODIS,50,6.2,305.3,9.7,D,0
-12.8194,131.8571,327.3,1,1,2014-06-13,0455,Aqua,MODIS,68,6.2,305.8,13.2,D,0
-12.8181,131.8662,324.9,1,1,2014-06-13,0455,Aqua,MODIS,56,6.2,304.1,10.6,D,0
-13.2275,132.4077,338.3,1,1,2014-06-13,0455,Aqua,MODIS,86,6.2,301.5,30.1,D,0
-13.2288,132.3986,335.4,1,1,2014-06-13,0455,Aqua,MODIS,84,6.2,305.2,25.4,D,0
-11.4103,132.3154,315.9,1,1,2014-06-13,0455,Aqua,MODIS,55,6.2,296.4,5.7,D,0
-13.3383,131.1031,359.1,1,1,2014-06-13,0455,Aqua,MODIS,99,6.2,306.4,75.8,D,0
-13.2069,132.4234,330.1,1,1,2014-06-13,0455,Aqua,MODIS,79,6.2,303.1,18.7,D,0
-13.3396,131.0937,358.8,1,1,2014-06-13,0455,Aqua,MODIS,99,6.2,305.5,76.5,D,0
-11.2107,132.2287,322.9,1,1,2014-06-13,0455,Aqua,MODIS,58,6.2,295.8,11.8,D,0
-13.5316,131.5641,325.6,1,1,2014-06-13,0455,Aqua,MODIS,55,6.2,305.4,10.7,D,0
-13.5414,131.5626,340.5,1,1,2014-06-13,0455,Aqua,MODIS,54,6.2,305.9,31.8,D,0
-11.2786,132.2082,324.3,1,1,2014-06-13,0455,Aqua,MODIS,69,6.2,298.5,13.9,D,0
-11.2799,132.1991,323.4,1,1,2014-06-13,0455,Aqua,MODIS,0,6.2,296.1,12.5,D,0
-13.3292,131.1017,355.8,1,1,2014-06-13,0455,Aqua,MODIS,97,6.2,310.5,65.9,D,0
-13.5401,131.5719,331.8,1,1,2014-06-13,0455,Aqua,MODIS,23,6.2,304.1,20.1,D,0
-13.081,132.662,318.1,1,1,2014-06-13,0455,Aqua,MODIS,53,6.2,303.2,6.5,D,0
-13.4802,131.0144,328.9,1,1,2014-06-13,0455,Aqua,MODIS,78,6.2,305.6,17.1,D,0
-13.4242,131.8685,320.4,1,1,2014-06-13,0455,Aqua,MODIS,41,6.2,302.1,7.5,D,0
-13.2964,131.0815,363.3,1,1,2014-06-13,0455,Aqua,MODIS,100,6.2,309.7,85.9,D,0
-13.2951,131.091,335.5,1,1,2014-06-13,0455,Aqua,MODIS,84,6.2,306.2,23,D,0
-13.4645,131.0605,319.5,1,1,2014-06-13,0455,Aqua,MODIS,53,6.2,305.8,6.5,D,0
-13.4789,131.0239,322.4,1,1,2014-06-13,0455,Aqua,MODIS,63,6.2,306.9,9.6,D,0
-13.3305,131.0923,350.5,1,1,2014-06-13,0455,Aqua,MODIS,95,6.2,308.2,54.6,D,0
-13.4775,131.0334,318.4,1,1,2014-06-13,0455,Aqua,MODIS,40,6.2,304.4,5,D,0
-13.488,131.0253,329.5,1,1,2014-06-13,0455,Aqua,MODIS,78,6.2,305.1,17.6,D,0
-13.4867,131.0348,325.8,1,1,2014-06-13,0455,Aqua,MODIS,68,6.2,303.5,12.8,D,0
-13.3133,131.0937,324,1,1,2014-06-13,0455,Aqua,MODIS,45,6.2,304.8,11.3,D,0
-13.3279,131.1111,331.7,1,1,2014-06-13,0455,Aqua,MODIS,78,6.2,306,18.4,D,0
-11.3462,131.9944,320.5,1,1,2014-06-13,0455,Aqua,MODIS,75,6.2,296.1,12.3,D,0
-13.4878,131.5481,323.1,1,1,2014-06-13,0455,Aqua,MODIS,69,6.2,305.2,10.2,D,0
-13.4229,131.8777,327.3,1,1,2014-06-13,0455,Aqua,MODIS,75,6.2,302.2,14.4,D,0
-13.286,131.0896,339.6,1,1,2014-06-13,0455,Aqua,MODIS,87,6.2,309.6,30.4,D,0
-13.3947,131.8209,319.3,1,1,2014-06-13,0455,Aqua,MODIS,38,6.2,300.7,5.8,D,0
-13.4988,130.8117,328,1.1,1,2014-06-13,0455,Aqua,MODIS,76,6.2,306.9,14.9,D,0
-13.3237,131.0856,325.2,1,1,2014-06-13,0455,Aqua,MODIS,59,6.2,304.6,12.7,D,0
-13.3224,131.095,328.4,1,1,2014-06-13,0455,Aqua,MODIS,60,6.2,307.2,16.2,D,0
-12.9266,130.8964,340.7,1,1,2014-06-13,0455,Aqua,MODIS,70,6.2,306.6,29.9,D,0
-12.9357,130.8978,404.8,1,1,2014-06-13,0455,Aqua,MODIS,100,6.2,312.6,285.5,D,0
-13.6511,130.7108,322.1,1.1,1,2014-06-13,0455,Aqua,MODIS,48,6.2,306.1,9.4,D,0
-13.6576,130.7184,330.3,1.1,1,2014-06-13,0455,Aqua,MODIS,38,6.2,307.6,17.3,D,0
-13.2033,131.8736,322.5,1,1,2014-06-13,0455,Aqua,MODIS,47,6.2,300.3,7.9,D,0
-13.2136,131.8658,342.2,1,1,2014-06-13,0455,Aqua,MODIS,89,6.2,303.4,34.4,D,0
-12.6787,131.552,320.6,1,1,2014-06-13,0455,Aqua,MODIS,63,6.2,302.1,9.3,D,0
-13.0325,132.3564,323.3,1,1,2014-06-13,0455,Aqua,MODIS,62,6.2,303.4,10.7,D,0
-13.0505,132.3591,325.7,1,1,2014-06-13,0455,Aqua,MODIS,52,6.2,303.2,13.1,D,0
-13.2977,131.072,327,1,1,2014-06-13,0455,Aqua,MODIS,73,6.2,305.7,13.9,D,0
-13.2847,131.099,324.2,1,1,2014-06-13,0455,Aqua,MODIS,58,6.2,307.2,7.8,D,0
-13.5032,131.5693,328.3,1,1,2014-06-13,0455,Aqua,MODIS,77,6.2,306,13.7,D,0
-13.1444,131.7709,327.2,1,1,2014-06-13,0455,Aqua,MODIS,36,6.2,306.9,10.6,D,0
-13.0812,132.3423,351.6,1,1,2014-06-13,0455,Aqua,MODIS,95,6.2,305.2,53.9,D,0
-13.0799,132.3515,372.6,1,1,2014-06-13,0455,Aqua,MODIS,100,6.2,306.4,114.9,D,0
-13.1018,132.3267,336.3,1,1,2014-06-13,0455,Aqua,MODIS,85,6.2,303.7,27.1,D,0
-13.3865,131.023,325.4,1,1,2014-06-13,0455,Aqua,MODIS,39,6.2,307.9,11.2,D,0
-13.3879,131.0135,325.3,1,1,2014-06-13,0455,Aqua,MODIS,37,6.2,307,10.9,D,0
-13.4361,131.6538,328.4,1,1,2014-06-13,0455,Aqua,MODIS,74,6.2,305.5,15.8,D,0
-13.1121,132.3189,318.7,1,1,2014-06-13,0455,Aqua,MODIS,37,6.2,301.2,6.5,D,0
-13.1637,131.7644,328.4,1,1,2014-06-13,0455,Aqua,MODIS,57,6.2,308.5,11.9,D,0
-13.4753,130.6531,331.7,1.1,1,2014-06-13,0455,Aqua,MODIS,51,6.2,306.5,17.3,D,0
-13.1108,132.328,336.5,1,1,2014-06-13,0455,Aqua,MODIS,85,6.2,300.6,28.4,D,0
-13.1714,131.775,365,1,1,2014-06-13,0455,Aqua,MODIS,100,6.2,307.2,88,D,0
-12.5763,130.6359,316.1,1,1,2014-06-13,0455,Aqua,MODIS,46,6.2,302.5,6.3,D,0
-13.0093,130.1517,330.3,1.1,1,2014-06-13,0455,Aqua,MODIS,75,6.2,301.8,26.5,D,0
-13.4767,130.6434,330.9,1.1,1,2014-06-13,0455,Aqua,MODIS,60,6.2,305.7,16.1,D,0
-13.0886,130.1322,324.6,1.1,1,2014-06-13,0455,Aqua,MODIS,0,6.2,304,17.4,D,0
-12.5855,130.6373,323.2,1,1,2014-06-13,0455,Aqua,MODIS,74,6.2,303.3,13.7,D,0
-12.9484,134.2461,317.9,1.1,1.1,2014-06-13,0455,Aqua,MODIS,50,6.2,293.5,11.7,D,0
-12.3528,134.274,314.6,1.1,1.1,2014-06-13,0455,Aqua,MODIS,63,6.2,293.5,7.2,D,0
-12.9469,134.2564,326.6,1.1,1.1,2014-06-13,0455,Aqua,MODIS,73,6.2,296.7,23,D,0
-12.7077,131.0159,348.5,1,1,2014-06-13,0455,Aqua,MODIS,94,6.2,309.1,49.3,D,0
-12.9078,132.0069,325.2,1,1,2014-06-13,0455,Aqua,MODIS,73,6.2,304.6,12,D,0
-12.7743,131.1939,343.9,1,1,2014-06-13,0455,Aqua,MODIS,91,6.2,304.3,42.8,D,0
-12.9292,130.8774,345.7,1,1,2014-06-13,0455,Aqua,MODIS,92,6.2,304.8,43.4,D,0
-12.5322,134.7164,323.9,1.2,1.1,2014-06-13,0455,Aqua,MODIS,77,6.2,300.2,16.3,D,0
-12.7064,131.0253,342.8,1,1,2014-06-13,0455,Aqua,MODIS,91,6.2,309.2,38,D,0
-12.9461,132.0662,327,1,1,2014-06-13,0455,Aqua,MODIS,75,6.2,306.8,11,D,0
-12.491,132.4783,317.6,1,1,2014-06-13,0455,Aqua,MODIS,36,6.2,297.6,7.2,D,0
-12.5318,135.1791,316.1,1.3,1.1,2014-06-13,0455,Aqua,MODIS,66,6.2,299.6,10.3,D,0
-11.9752,133.1699,319.4,1,1,2014-06-13,0455,Aqua,MODIS,73,6.2,292.3,11.1,D,0
-12.3105,131.228,327.5,1,1,2014-06-13,0455,Aqua,MODIS,68,6.2,303.2,17.9,D,0
-12.6557,134.5092,323.2,1.2,1.1,2014-06-13,0455,Aqua,MODIS,36,6.2,296.9,16.5,D,0
-12.2985,133.6011,319.7,1.1,1,2014-06-13,0455,Aqua,MODIS,64,6.2,291.6,10.5,D,0
-12.955,132.0675,337.8,1,1,2014-06-13,0455,Aqua,MODIS,86,6.2,307.3,25.9,D,0
-13.0323,130.9273,334.5,1,1,2014-06-13,0455,Aqua,MODIS,83,6.2,304.1,26.7,D,0
-12.6328,132.0037,328,1,1,2014-06-13,0455,Aqua,MODIS,79,6.2,303.7,15.4,D,0
-12.9563,132.0584,332.9,1,1,2014-06-13,0455,Aqua,MODIS,82,6.2,307.9,19,D,0
-12.9474,132.057,321.7,1,1,2014-06-13,0455,Aqua,MODIS,64,6.2,305.3,5.6,D,0
-12.937,130.8883,380.4,1,1,2014-06-13,0455,Aqua,MODIS,100,6.2,305.5,151.1,D,0
-12.7756,131.1846,344.2,1,1,2014-06-13,0455,Aqua,MODIS,91,6.2,304.8,43.6,D,0
-12.9279,133.6427,324.1,1.1,1,2014-06-13,0455,Aqua,MODIS,63,6.2,295.5,16,D,0
-12.6573,134.4986,332.8,1.2,1.1,2014-06-13,0455,Aqua,MODIS,85,6.2,296.9,30.7,D,0
-12.6653,134.5108,331.3,1.2,1.1,2014-06-13,0455,Aqua,MODIS,70,6.2,300.3,28,D,0
-12.4381,131.1009,318.4,1,1,2014-06-13,0455,Aqua,MODIS,64,6.2,301.6,8.3,D,0
-12.6053,134.762,321.2,1.2,1.1,2014-06-13,0455,Aqua,MODIS,74,6.2,300.9,13.2,D,0
-12.6073,134.7565,323.1,1.2,1.1,2014-06-13,0455,Aqua,MODIS,38,6.2,300.7,14.7,D,0
-12.68,131.5428,322.4,1,1,2014-06-13,0455,Aqua,MODIS,72,6.2,303.1,10.8,D,0
-12.8917,130.8848,322.5,1,1,2014-06-13,0455,Aqua,MODIS,40,6.2,307.6,8.9,D,0
-12.607,134.751,323.3,1.2,1.1,2014-06-13,0455,Aqua,MODIS,76,6.2,300.4,16.2,D,0
-12.581,134.7242,316.9,1.2,1.1,2014-06-13,0455,Aqua,MODIS,67,6.2,299.7,8.9,D,0
-12.5955,134.7604,321.4,1.2,1.1,2014-06-13,0455,Aqua,MODIS,46,6.2,301.4,13,D,0
-12.3092,131.2372,321,1,1,2014-06-13,0455,Aqua,MODIS,55,6.2,300.5,11.3,D,0
-12.9279,130.8869,368.8,1,1,2014-06-13,0455,Aqua,MODIS,100,6.2,307.2,103,D,0
-14.2064,126.2055,318.4,2,1.4,2014-06-13,0455,Aqua,MODIS,37,6.2,302.2,17.1,D,0
-12.9344,130.9073,398.5,1,1,2014-06-13,0455,Aqua,MODIS,100,6.2,311.8,244.3,D,0
-12.9331,130.9168,339.6,1,1,2014-06-13,0455,Aqua,MODIS,80,6.2,302,33.2,D,0
-12.9435,130.9086,317,1,1,2014-06-13,0455,Aqua,MODIS,51,6.2,299.5,8.2,D,0
-12.9148,130.9141,343.7,1,1,2014-06-13,0455,Aqua,MODIS,89,6.2,308.5,37.8,D,0
-12.9253,130.9059,345.7,1,1,2014-06-13,0455,Aqua,MODIS,80,6.2,309.2,39.4,D,0
-12.924,130.9155,343.9,1,1,2014-06-13,0455,Aqua,MODIS,73,6.2,306.2,38,D,0
-13.0231,130.926,317.5,1,1,2014-06-13,0455,Aqua,MODIS,46,6.2,303.2,6.5,D,0
-12.8705,134.567,330.2,1.2,1.1,2014-06-13,0455,Aqua,MODIS,78,6.2,300.3,26.2,D,0
-32.9649,116.4506,300.1,1.4,1.2,2014-06-13,0628,Aqua,MODIS,24,6.2,284,9,D,0
-33.8361,115.4553,308.5,1.2,1.1,2014-06-13,0628,Aqua,MODIS,0,6.2,279,12.5,D,0
-31.4798,115.6995,308.1,1.3,1.1,2014-06-13,0628,Aqua,MODIS,29,6.2,289.9,10.8,D,0
-32.2841,115.8182,312.7,1.3,1.1,2014-06-13,0628,Aqua,MODIS,73,6.2,288.5,17.4,D,0
-23.806,120.8254,306.1,4.2,1.9,2014-06-13,0630,Aqua,MODIS,51,6.2,294.3,37.9,D,0
-22.0462,120.4099,305.2,4.3,1.9,2014-06-13,0630,Aqua,MODIS,36,6.2,295,36.2,D,0
-23.0745,117.9442,310.2,2.7,1.6,2014-06-13,0630,Aqua,MODIS,61,6.2,298.3,25.1,D,0
-22.0469,120.4142,305.2,4.3,1.9,2014-06-13,0630,Aqua,MODIS,38,6.2,294.9,36.4,D,0
-22.9395,117.6002,314,2.6,1.5,2014-06-13,0630,Aqua,MODIS,68,6.2,296.8,38.2,D,0
-20.6545,118.4838,320.7,3.4,1.7,2014-06-13,0631,Aqua,MODIS,70,6.2,301.7,70.7,D,0
-21.6497,119.251,308.2,3.6,1.8,2014-06-13,0631,Aqua,MODIS,52,6.2,297.9,30,D,0
-20.7295,118.5471,327.1,3.4,1.7,2014-06-13,0631,Aqua,MODIS,81,6.2,301.1,117.2,D,0
-20.7205,118.5404,326.8,3.4,1.7,2014-06-13,0631,Aqua,MODIS,81,6.2,300.6,117.1,D,0
-20.6565,118.4593,321.6,3.3,1.7,2014-06-13,0631,Aqua,MODIS,30,6.2,301.1,68.6,D,0
-20.6608,118.4521,314.8,3.3,1.7,2014-06-13,0631,Aqua,MODIS,17,6.2,301,39.9,D,0
-20.7141,118.5725,346.4,3.4,1.7,2014-06-13,0631,Aqua,MODIS,94,6.2,301.5,295.2,D,0
-20.7228,118.5792,335.6,3.4,1.7,2014-06-13,0631,Aqua,MODIS,88,6.2,300.9,184.7,D,0
-23.963,151.2275,300.7,1,1,2014-06-13,1238,Terra,MODIS,32,6.2,285.7,5.8,N,0
-24.7101,151.8553,320.4,1,1,2014-06-13,1238,Terra,MODIS,100,6.2,285.1,21,N,0
-12.5637,141.8167,309.8,2.5,1.5,2014-06-13,1242,Terra,MODIS,78,6.2,290.4,32.5,N,0
-12.5701,141.8111,318.4,2.5,1.5,2014-06-13,1242,Terra,MODIS,97,6.2,290.7,58.5,N,0
-19.1348,121.8588,304.8,1.4,1.2,2014-06-13,1418,Terra,MODIS,62,6.2,286.6,12.1,N,0
-19.1227,121.8704,303.6,1.4,1.2,2014-06-13,1418,Terra,MODIS,29,6.2,287,10.5,N,0
-19.6159,134.1645,314.2,2.8,1.6,2014-06-13,1418,Terra,MODIS,89,6.2,285.7,68.3,N,0
-19.6172,134.1712,318.9,2.8,1.6,2014-06-13,1418,Terra,MODIS,98,6.2,285.9,86.9,N,0
-21.8552,119.9776,303.3,2,1.4,2014-06-13,1418,Terra,MODIS,54,6.2,283.9,21.7,N,0
-15.0152,125.9484,310.3,1,1,2014-06-13,1419,Terra,MODIS,80,6.2,288.7,11.7,N,0
-15.8057,124.8706,309,1,1,2014-06-13,1419,Terra,MODIS,76,6.2,293.4,8.3,N,0
-15.8071,124.8613,310.1,1,1,2014-06-13,1419,Terra,MODIS,79,6.2,293.7,8.8,N,0
-15.6855,124.9409,318.4,1,1,2014-06-13,1419,Terra,MODIS,97,6.2,294.9,14,N,0
-15.7008,124.9622,315.6,1,1,2014-06-13,1419,Terra,MODIS,36,6.2,294.3,11.3,N,0
-15.7098,124.9636,308.1,1,1,2014-06-13,1419,Terra,MODIS,39,6.2,294.2,6.5,N,0
-15.7084,124.9729,307,1,1,2014-06-13,1419,Terra,MODIS,66,6.2,293.9,6.3,N,0
-16.5724,122.8154,303.7,1.1,1.1,2014-06-13,1419,Terra,MODIS,57,6.2,289.4,7.6,N,0
-15.8565,124.8373,305.2,1,1,2014-06-13,1419,Terra,MODIS,63,6.2,293.2,5.5,N,0
-15.83,124.5701,305.4,1,1,2014-06-13,1419,Terra,MODIS,64,6.2,293,6,N,0
-15.8579,124.828,308.7,1,1,2014-06-13,1419,Terra,MODIS,75,6.2,293.7,7.7,N,0
-15.7663,124.76,318.4,1,1,2014-06-13,1419,Terra,MODIS,97,6.2,295.8,14.2,N,0
-15.7551,124.5147,302.3,1,1,2014-06-13,1419,Terra,MODIS,48,6.2,292.2,4.7,N,0
-15.7538,124.524,303.9,1,1,2014-06-13,1419,Terra,MODIS,54,6.2,292.1,5.6,N,0
-15.8037,127.532,308.1,1.2,1.1,2014-06-13,1419,Terra,MODIS,74,6.2,291.8,10.6,N,0
-15.0452,125.9885,302,1,1,2014-06-13,1419,Terra,MODIS,21,6.2,289,5.4,N,0
-15.0361,125.987,311.7,1,1,2014-06-13,1419,Terra,MODIS,83,6.2,288.1,11.7,N,0
-15.0375,125.9774,310,1,1,2014-06-13,1419,Terra,MODIS,72,6.2,289.1,10.1,N,0
-15.0284,125.9759,303,1,1,2014-06-13,1419,Terra,MODIS,34,6.2,288.4,5.5,N,0
-15.0298,125.9663,317.6,1,1,2014-06-13,1419,Terra,MODIS,95,6.2,289.2,16.8,N,0
-15.0207,125.9649,315.9,1,1,2014-06-13,1419,Terra,MODIS,92,6.2,289.5,15.2,N,0
-15.0138,125.958,327.5,1,1,2014-06-13,1419,Terra,MODIS,100,6.2,290.9,28.6,N,0
-15.44,125.7452,300.7,1,1,2014-06-13,1419,Terra,MODIS,25,6.2,287.8,4.5,N,0
-15.4009,125.8844,313.1,1,1,2014-06-13,1419,Terra,MODIS,86,6.2,290,12.5,N,0
-15.4023,125.8749,306.6,1,1,2014-06-13,1419,Terra,MODIS,69,6.2,289,7.7,N,0
-15.3937,125.8774,317,1,1,2014-06-13,1419,Terra,MODIS,94,6.2,289.9,16.4,N,0
-15.4582,125.748,305.9,1,1,2014-06-13,1419,Terra,MODIS,66,6.2,286.9,7.8,N,0
-15.4491,125.7466,310,1,1,2014-06-13,1419,Terra,MODIS,79,6.2,287.4,10.2,N,0
-15.7491,125.9003,307,1,1,2014-06-13,1419,Terra,MODIS,70,6.2,290.6,8.4,N,0
-18.5456,121.8462,302.7,1.4,1.2,2014-06-13,1419,Terra,MODIS,51,6.2,285.4,11,N,0
-15.7595,125.8923,305.7,1,1,2014-06-13,1419,Terra,MODIS,44,6.2,289.5,7.6,N,0
-15.7362,124.778,318.6,1,1,2014-06-13,1419,Terra,MODIS,97,6.2,294.1,15.2,N,0
-15.5033,124.54,315.1,1,1,2014-06-13,1419,Terra,MODIS,90,6.2,294.1,11.8,N,0
-15.9073,124.674,307.1,1,1,2014-06-13,1419,Terra,MODIS,70,6.2,294.9,6,N,0
-15.8983,124.6726,306.2,1,1,2014-06-13,1419,Terra,MODIS,48,6.2,294.9,5.2,N,0
-15.502,124.5492,314.4,1,1,2014-06-13,1419,Terra,MODIS,89,6.2,294.8,11.2,N,0
-15.0727,129.6858,304.7,1.6,1.3,2014-06-13,1419,Terra,MODIS,61,6.2,293.1,10.7,N,0
-15.4838,124.483,324.7,1,1,2014-06-13,1419,Terra,MODIS,100,6.2,295.3,22.5,N,0
-15.5123,124.5413,318.1,1,1,2014-06-13,1419,Terra,MODIS,96,6.2,294.1,15,N,0
-15.8996,124.6633,333.9,1,1,2014-06-13,1419,Terra,MODIS,100,6.2,296.5,32.6,N,0
-15.9009,124.654,312.3,1,1,2014-06-13,1419,Terra,MODIS,85,6.2,294.3,9.5,N,0
-15.4705,124.7721,303.4,1,1,2014-06-13,1419,Terra,MODIS,13,6.2,291,4.9,N,0
-15.7066,124.7924,310,1,1,2014-06-13,1419,Terra,MODIS,16,6.2,295.6,6.8,N,0
-15.2937,127.7788,303.2,1.2,1.1,2014-06-13,1419,Terra,MODIS,7,6.2,291.7,5.5,N,0
-15.2733,127.8397,305.1,1.2,1.1,2014-06-13,1419,Terra,MODIS,63,6.2,292.1,7.5,N,0
-15.2616,127.8497,305.1,1.2,1.1,2014-06-13,1419,Terra,MODIS,63,6.2,291.8,7.6,N,0
-15.7944,124.8213,304.1,1,1,2014-06-13,1419,Terra,MODIS,58,6.2,293.2,4.5,N,0
-15.7648,124.8357,312.9,1,1,2014-06-13,1419,Terra,MODIS,86,6.2,294.6,10.1,N,0
-15.7444,124.7851,322.2,1,1,2014-06-13,1419,Terra,MODIS,100,6.2,295,18,N,0
-16.1412,124.7092,309.2,1,1,2014-06-13,1419,Terra,MODIS,38,6.2,292.1,7.2,N,0
-15.7457,124.7758,307.9,1,1,2014-06-13,1419,Terra,MODIS,38,6.2,294.2,6,N,0
-15.6454,129.2166,307.9,1.5,1.2,2014-06-13,1419,Terra,MODIS,73,6.2,291.8,13.3,N,0
-16.1399,124.7186,309.9,1,1,2014-06-13,1419,Terra,MODIS,56,6.2,292.5,7.8,N,0
-15.4851,124.4737,308.7,1,1,2014-06-13,1419,Terra,MODIS,71,6.2,295.3,8.2,N,0
-15.4609,124.7737,313.2,1,1,2014-06-13,1419,Terra,MODIS,38,6.2,292.7,11.2,N,0
-15.704,124.811,315,1,1,2014-06-13,1419,Terra,MODIS,60,6.2,295.1,10.8,N,0
-15.4985,124.8333,303.6,1,1,2014-06-13,1419,Terra,MODIS,56,6.2,292.9,5.4,N,0
-14.7581,127.7328,300.5,1.2,1.1,2014-06-13,1419,Terra,MODIS,29,6.2,290.3,5.4,N,0
-15.4623,124.7644,316,1,1,2014-06-13,1419,Terra,MODIS,43,6.2,292.2,13.2,N,0
-15.7053,124.8017,337.1,1,1,2014-06-13,1419,Terra,MODIS,100,6.2,297,36.3,N,0
-15.4506,124.7816,309.6,1,1,2014-06-13,1419,Terra,MODIS,59,6.2,292.5,8.9,N,0
-15.452,124.7723,314.8,1,1,2014-06-13,1419,Terra,MODIS,90,6.2,292.6,12.8,N,0
-15.443,124.7709,305.5,1,1,2014-06-13,1419,Terra,MODIS,37,6.2,291.6,5.4,N,0
-15.4533,124.763,319.4,1,1,2014-06-13,1419,Terra,MODIS,96,6.2,292.4,16.4,N,0
-14.2468,126.8788,301.3,1.1,1.1,2014-06-13,1420,Terra,MODIS,40,6.2,290.7,5.8,N,0
-14.2873,126.1955,312.6,1.1,1,2014-06-13,1420,Terra,MODIS,85,6.2,291,12,N,0
-14.2858,126.2053,303,1.1,1,2014-06-13,1420,Terra,MODIS,28,6.2,290.4,5.1,N,0
-14.2951,126.2068,306.6,1.1,1,2014-06-13,1420,Terra,MODIS,69,6.2,290.9,7.5,N,0
-13.3381,131.1142,315.2,2.3,1.5,2014-06-13,1420,Terra,MODIS,91,6.2,291.2,44.1,N,0
-13.3511,131.1163,301.6,2.3,1.5,2014-06-13,1420,Terra,MODIS,43,6.2,290.6,15.4,N,0
-14.278,126.1941,310.3,1.1,1,2014-06-13,1420,Terra,MODIS,80,6.2,290.2,10.4,N,0
-14.2017,126.2162,318.5,1.1,1,2014-06-13,1420,Terra,MODIS,97,6.2,290.6,16.8,N,0
-14.1909,126.2246,307.9,1.1,1,2014-06-13,1420,Terra,MODIS,73,6.2,289.6,8.2,N,0
-14.1924,126.2147,332.7,1.1,1,2014-06-13,1420,Terra,MODIS,100,6.2,291.9,35.2,N,0
-14.1831,126.2133,315.4,1.1,1,2014-06-13,1420,Terra,MODIS,91,6.2,291.7,14.4,N,0
-13.3416,131.0933,325.1,2.2,1.5,2014-06-13,1420,Terra,MODIS,100,6.2,291.5,74.8,N,0
-13.3519,131.1016,308.3,2.2,1.5,2014-06-13,1420,Terra,MODIS,74,6.2,291.3,27.3,N,0
-13.4889,131.002,300.4,2.2,1.4,2014-06-13,1420,Terra,MODIS,24,6.2,288.6,13.5,N,0
-12.6684,131.5601,309.6,2.5,1.5,2014-06-13,1420,Terra,MODIS,78,6.2,286.7,37.9,N,0
-12.6724,131.5372,304.4,2.5,1.5,2014-06-13,1420,Terra,MODIS,60,6.2,285.9,25.3,N,0
-12.5632,141.8039,307.4,1.5,1.2,2014-06-13,1545,Aqua,MODIS,71,6.2,290.7,13,N,0
-12.5654,141.8172,314,1.5,1.2,2014-06-13,1545,Aqua,MODIS,88,6.2,290.8,21.4,N,0
-33.8334,115.4614,306.6,3.4,1.7,2014-06-13,1553,Terra,MODIS,69,6.2,278.4,67.8,N,0
-15.4981,124.5097,306.3,1.4,1.2,2014-06-13,1724,Aqua,MODIS,16,6.2,290.2,9.9,N,0
-16.5779,122.8211,301,1.2,1.1,2014-06-13,1724,Aqua,MODIS,21,6.2,285.2,6.1,N,0
-15.7612,124.8417,300.9,1.5,1.2,2014-06-13,1724,Aqua,MODIS,12,6.2,289.6,6.4,N,0
-15.6966,124.9702,312.9,1.5,1.2,2014-06-13,1724,Aqua,MODIS,86,6.2,290.4,20.7,N,0
-16.4256,124.2256,300.3,1.4,1.2,2014-06-13,1724,Aqua,MODIS,23,6.2,289.1,6.3,N,0
-16.6165,122.8156,300.8,1.2,1.1,2014-06-13,1724,Aqua,MODIS,33,6.2,284.8,6.4,N,0
-15.7518,124.5109,301,1.4,1.2,2014-06-13,1724,Aqua,MODIS,36,6.2,289.9,8,N,0
-15.7503,124.8429,301.6,1.5,1.2,2014-06-13,1724,Aqua,MODIS,22,6.2,289.2,7.2,N,0
-16.5668,122.8116,300.1,1.2,1.1,2014-06-13,1724,Aqua,MODIS,8,6.2,286.1,5.2,N,0
-15.6601,129.2237,300.2,3.2,1.7,2014-06-13,1724,Aqua,MODIS,9,6.2,288,19.7,N,0
-15.4925,124.5048,306.4,1.4,1.2,2014-06-13,1724,Aqua,MODIS,21,6.2,290.2,10.2,N,0
-16.1343,124.7244,304.2,1.5,1.2,2014-06-13,1724,Aqua,MODIS,48,6.2,288.6,10.3,N,0
-15.6988,124.8133,309.7,1.5,1.2,2014-06-13,1724,Aqua,MODIS,16,6.2,290.7,14.3,N,0
-15.899,124.6571,312,1.5,1.2,2014-06-13,1724,Aqua,MODIS,84,6.2,290.7,18.3,N,0
-15.4451,124.7745,304.4,1.5,1.2,2014-06-13,1724,Aqua,MODIS,60,6.2,288.2,10.8,N,0
-15.6971,124.7998,313.2,1.5,1.2,2014-06-13,1724,Aqua,MODIS,28,6.2,291.9,18,N,0
-15.4558,124.7731,300.3,1.5,1.2,2014-06-13,1724,Aqua,MODIS,7,6.2,288.7,6.7,N,0
-15.9007,124.6711,311.8,1.5,1.2,2014-06-13,1724,Aqua,MODIS,83,6.2,291.4,18.1,N,0
-15.0643,126.0495,305.4,1.8,1.3,2014-06-13,1724,Aqua,MODIS,64,6.2,286.3,19.9,N,0
-19.129,121.8706,300.9,1.1,1.1,2014-06-13,1725,Aqua,MODIS,23,6.2,285,6.9,N,0
-33.8402,115.4657,305.3,1,1,2014-06-13,1729,Aqua,MODIS,64,6.2,279,10.6,N,0
-33.8328,115.4785,310.7,1,1,2014-06-13,1729,Aqua,MODIS,81,6.2,279.6,13.6,N,0
-33.8312,115.4677,323.8,1,1,2014-06-13,1729,Aqua,MODIS,100,6.2,279.9,25.5,N,0
-13.8535,129.9341,308.7,2.8,1.6,2014-06-14,0110,Terra,MODIS,40,6.2,286.9,26.1,D,0
-13.8156,130.6414,310.9,2.5,1.5,2014-06-14,0110,Terra,MODIS,56,6.2,290.9,18.2,D,0
-13.8556,129.9268,311,2.8,1.6,2014-06-14,0110,Terra,MODIS,61,6.2,286.9,34.7,D,0
-12.5737,141.8038,315.5,1.4,1.2,2014-06-14,0110,Terra,MODIS,0,6.2,292.7,11.8,D,0
-12.5754,141.8162,312.2,1.4,1.2,2014-06-14,0110,Terra,MODIS,0,6.2,292.5,6.7,D,0
-12.5678,141.811,325.1,1.4,1.2,2014-06-14,0110,Terra,MODIS,71,6.2,294,26.1,D,0
-12.9082,130.8723,330.4,2.5,1.5,2014-06-14,0110,Terra,MODIS,84,6.2,292.4,83,D,0
-12.9017,130.8806,327.8,2.5,1.5,2014-06-14,0110,Terra,MODIS,82,6.2,292.6,73.9,D,0
-12.8946,130.8748,323.1,2.5,1.5,2014-06-14,0110,Terra,MODIS,77,6.2,291.9,53.9,D,0
-12.9152,130.8781,318.4,2.5,1.5,2014-06-14,0110,Terra,MODIS,65,6.2,292.5,37.9,D,0
-12.6734,131.5402,327.7,2.2,1.4,2014-06-14,0110,Terra,MODIS,83,6.2,292,64.9,D,0
-12.9448,131.21,317.2,2.3,1.5,2014-06-14,0110,Terra,MODIS,70,6.2,290.4,36.8,D,0
-12.9535,131.2015,312.5,2.3,1.5,2014-06-14,0110,Terra,MODIS,50,6.2,289.8,22.1,D,0
-12.8978,130.8581,333.7,2.5,1.5,2014-06-14,0110,Terra,MODIS,86,6.2,291,104,D,0
-13.5617,131.435,318.5,2.2,1.4,2014-06-14,0110,Terra,MODIS,74,6.2,290.4,36.5,D,0
-13.5234,130.6744,319.5,2.5,1.5,2014-06-14,0110,Terra,MODIS,75,6.2,290.3,41.5,D,0
-13.6571,130.707,309.9,2.5,1.5,2014-06-14,0110,Terra,MODIS,17,6.2,289.7,17.9,D,0
-13.6436,130.7095,317.5,2.5,1.5,2014-06-14,0110,Terra,MODIS,73,6.2,290.2,39.6,D,0
-13.5334,131.81,313.4,2,1.4,2014-06-14,0110,Terra,MODIS,58,6.2,293.2,14.9,D,0
-13.5582,131.4151,315.2,2.2,1.4,2014-06-14,0110,Terra,MODIS,69,6.2,290.2,27.6,D,0
-13.5597,131.4216,323.2,2.2,1.4,2014-06-14,0110,Terra,MODIS,79,6.2,290.6,50.8,D,0
-13.3422,131.0858,332.6,2.3,1.5,2014-06-14,0110,Terra,MODIS,86,6.2,288.3,90.2,D,0
-13.5112,130.7175,317.7,2.5,1.5,2014-06-14,0110,Terra,MODIS,48,6.2,289.3,34.6,D,0
-13.3592,131.1049,314.8,2.3,1.5,2014-06-14,0110,Terra,MODIS,15,6.2,285.8,27.2,D,0
-11.4143,132.3273,310.9,2,1.4,2014-06-14,0110,Terra,MODIS,44,6.2,290.9,15.4,D,0
-11.413,132.3337,312,2,1.4,2014-06-14,0110,Terra,MODIS,52,6.2,290.8,17.6,D,0
-13.3298,131.0725,319.2,2.3,1.5,2014-06-14,0110,Terra,MODIS,33,6.2,288.4,35.6,D,0
-13.2806,131.1028,312,2.3,1.5,2014-06-14,0110,Terra,MODIS,39,6.2,290.8,15.1,D,0
-13.5382,131.8224,311.6,2,1.4,2014-06-14,0110,Terra,MODIS,57,6.2,292.8,12.9,D,0
-13.5631,131.4415,309.4,2.2,1.4,2014-06-14,0110,Terra,MODIS,55,6.2,289.9,13.3,D,0
-13.5177,130.7225,313.8,2.5,1.5,2014-06-14,0110,Terra,MODIS,31,6.2,289.2,24.4,D,0
-13.8089,130.6495,311.9,2.5,1.5,2014-06-14,0110,Terra,MODIS,51,6.2,291.6,18.2,D,0
-12.671,131.5338,321,2.2,1.4,2014-06-14,0110,Terra,MODIS,78,6.2,291.6,46.1,D,0
-12.6746,131.554,319,2.2,1.4,2014-06-14,0110,Terra,MODIS,76,6.2,291.5,39.8,D,0
-15.6537,129.2088,310.4,2.9,1.6,2014-06-14,0111,Terra,MODIS,67,6.2,281,36.5,D,0
-15.6545,129.2027,310.4,2.9,1.6,2014-06-14,0111,Terra,MODIS,67,6.2,280.6,37.1,D,0
-14.3368,129.9602,306.9,2.7,1.6,2014-06-14,0111,Terra,MODIS,32,6.2,287.9,17.1,D,0
-14.4468,130.1376,305.2,2.6,1.6,2014-06-14,0111,Terra,MODIS,38,6.2,285.2,14.8,D,0
-14.452,130.1188,307.9,2.6,1.6,2014-06-14,0111,Terra,MODIS,55,6.2,285.4,21.7,D,0
-14.4563,130.1109,305.1,2.6,1.6,2014-06-14,0111,Terra,MODIS,42,6.2,285.4,16,D,0
-15.0705,129.6839,314.8,2.8,1.6,2014-06-14,0111,Terra,MODIS,63,6.2,285.2,42.9,D,0
-16.9145,126.7153,322.3,4.2,1.9,2014-06-14,0111,Terra,MODIS,80,6.2,292.8,141.9,D,0
-16.8486,126.4023,304.3,4.4,1.9,2014-06-14,0111,Terra,MODIS,48,6.2,292.3,31.8,D,0
-16.7158,126.7294,311.6,4.2,1.9,2014-06-14,0111,Terra,MODIS,68,6.2,291.5,67.9,D,0
-16.708,126.6912,314.4,4.3,1.9,2014-06-14,0111,Terra,MODIS,72,6.2,291.6,86.4,D,0
-15.0681,129.6916,308.1,2.8,1.6,2014-06-14,0111,Terra,MODIS,62,6.2,285.7,23.4,D,0
-15.0633,129.6653,310.6,2.8,1.6,2014-06-14,0111,Terra,MODIS,51,6.2,284.3,30.8,D,0
-16.9123,126.7233,309.9,4.2,1.9,2014-06-14,0111,Terra,MODIS,54,6.2,292.5,52.6,D,0
-16.7139,126.7376,305.6,4.2,1.9,2014-06-14,0111,Terra,MODIS,53,6.2,291.3,33.2,D,0
-16.9293,126.7201,315.4,4.2,1.9,2014-06-14,0111,Terra,MODIS,73,6.2,291.8,89.6,D,0
-16.7063,126.6992,316.4,4.3,1.9,2014-06-14,0111,Terra,MODIS,74,6.2,291.3,98.1,D,0
-17.2032,126.416,320.8,4.3,1.9,2014-06-14,0112,Terra,MODIS,79,6.2,292.9,126,D,0
-17.2024,126.424,319.6,4.3,1.9,2014-06-14,0112,Terra,MODIS,78,6.2,293.1,118.2,D,0
-17.1942,126.3829,310.6,4.4,1.9,2014-06-14,0112,Terra,MODIS,67,6.2,292.1,57,D,0
-19.6101,134.1789,320.6,1.1,1.1,2014-06-14,0112,Terra,MODIS,77,6.2,295.9,17.2,D,0
-19.6196,134.1772,314.3,1.1,1.1,2014-06-14,0112,Terra,MODIS,69,6.2,296.6,10.2,D,0
-18.5402,121.8476,310,3.7,1.8,2014-06-14,0250,Terra,MODIS,15,6.2,299.2,33.4,D,0
-18.5471,121.8401,311.3,3.7,1.8,2014-06-14,0250,Terra,MODIS,45,6.2,298.1,42,D,0
-20.6726,118.5464,311.8,2.3,1.5,2014-06-14,0251,Terra,MODIS,32,6.2,297.1,18.2,D,0
-20.6988,118.5433,314.9,2.3,1.5,2014-06-14,0251,Terra,MODIS,43,6.2,299,25.9,D,0
-20.712,118.5418,331.6,2.3,1.5,2014-06-14,0251,Terra,MODIS,86,6.2,298.7,84.5,D,0
-20.7089,118.5355,325.5,2.3,1.5,2014-06-14,0251,Terra,MODIS,82,6.2,298.2,57.7,D,0
-20.7143,118.5634,321.4,2.3,1.5,2014-06-14,0251,Terra,MODIS,78,6.2,299.1,46.2,D,0
-20.7111,118.5572,324.1,2.3,1.5,2014-06-14,0251,Terra,MODIS,77,6.2,299.9,53.2,D,0
-23.8077,120.8276,310.7,3.6,1.8,2014-06-14,0251,Terra,MODIS,69,6.2,291.1,59.1,D,0
-23.8178,120.8565,308.9,3.7,1.8,2014-06-14,0251,Terra,MODIS,66,6.2,290.8,52.2,D,0
-23.8107,120.8639,305.8,3.7,1.8,2014-06-14,0251,Terra,MODIS,59,6.2,291.7,37.9,D,0
-23.8149,120.8202,306.8,3.6,1.8,2014-06-14,0251,Terra,MODIS,62,6.2,290.2,42.2,D,0
-21.7816,119.9868,303.1,3,1.6,2014-06-14,0251,Terra,MODIS,46,6.2,292.1,18.7,D,0
-21.8412,119.9815,308.8,3,1.6,2014-06-14,0251,Terra,MODIS,47,6.2,294.7,31,D,0
-21.8589,120.009,305.9,3,1.6,2014-06-14,0251,Terra,MODIS,41,6.2,294,23.3,D,0
-21.856,119.98,311.7,3,1.6,2014-06-14,0251,Terra,MODIS,70,6.2,295.3,42.5,D,0
-21.8583,120.004,309.6,3,1.6,2014-06-14,0251,Terra,MODIS,52,6.2,294.3,34.5,D,0
-21.8557,119.9748,310.2,3,1.6,2014-06-14,0251,Terra,MODIS,54,6.2,295.3,36.5,D,0
-33.8337,115.4646,304.3,2,1.4,2014-06-14,0254,Terra,MODIS,58,6.2,286.1,20.8,D,0
-12.5675,141.807,318.2,1.5,1.2,2014-06-14,0359,Aqua,MODIS,48,6.2,296.2,18.1,D,0
-33.7713,115.6559,307.4,3.4,1.7,2014-06-14,0532,Aqua,MODIS,65,6.2,285.6,55.8,D,0
-33.763,115.6506,308.8,3.4,1.7,2014-06-14,0532,Aqua,MODIS,68,6.2,285.8,58.8,D,0
-26.1738,121.2745,312.9,1.2,1.1,2014-06-14,0534,Aqua,MODIS,67,6.2,295.9,11.3,D,0
-26.1723,121.2866,310.6,1.2,1.1,2014-06-14,0534,Aqua,MODIS,62,6.2,295.7,9.1,D,0
-22.032,120.4227,329.2,1.2,1.1,2014-06-14,0535,Aqua,MODIS,83,6.2,300.4,28.9,D,0
-22.0419,120.4241,322.1,1.2,1.1,2014-06-14,0535,Aqua,MODIS,61,6.2,300.3,18.9,D,0
-22.806,122.5405,310.4,1,1,2014-06-14,0535,Aqua,MODIS,51,6.2,298.1,5.5,D,0
-23.8191,120.8432,311.9,1.2,1.1,2014-06-14,0535,Aqua,MODIS,54,6.2,298.3,8.2,D,0
-23.8093,120.8418,311.2,1.2,1.1,2014-06-14,0535,Aqua,MODIS,41,6.2,299.2,7.4,D,0
-22.811,122.5717,318.8,1,1,2014-06-14,0535,Aqua,MODIS,72,6.2,299.1,11.8,D,0
-22.8097,122.5816,345.4,1,1,2014-06-14,0535,Aqua,MODIS,93,6.2,301.1,49.6,D,0
-22.8151,122.542,311,1,1,2014-06-14,0535,Aqua,MODIS,52,6.2,298.5,5.9,D,0
-19.6948,127.5078,320.7,1.6,1.2,2014-06-14,0536,Aqua,MODIS,71,6.2,304.6,20,D,0
-21.853,119.9844,329.5,1.3,1.1,2014-06-14,0536,Aqua,MODIS,84,6.2,301.4,30,D,0
-21.7921,119.9821,309.7,1.3,1.1,2014-06-14,0536,Aqua,MODIS,52,6.2,298.2,6.7,D,0
-21.8324,119.9875,333.2,1.3,1.1,2014-06-14,0536,Aqua,MODIS,86,6.2,301.2,38.3,D,0
-21.1358,118.4189,314.5,1.5,1.2,2014-06-14,0536,Aqua,MODIS,62,6.2,302.6,11.2,D,0
-21.1248,118.4173,317.2,1.5,1.2,2014-06-14,0536,Aqua,MODIS,69,6.2,302.9,15.4,D,0
-21.6271,119.2662,311.8,1.4,1.2,2014-06-14,0536,Aqua,MODIS,56,6.2,300.3,8.4,D,0
-18.554,121.8794,322.8,1,1,2014-06-14,0536,Aqua,MODIS,64,6.2,306.6,10.8,D,0
-18.5553,121.8699,323,1,1,2014-06-14,0536,Aqua,MODIS,67,6.2,305.9,10.9,D,0
-18.5567,121.8604,323.8,1,1,2014-06-14,0536,Aqua,MODIS,59,6.2,305.4,11.1,D,0
-18.5543,121.8113,335.1,1,1,2014-06-14,0536,Aqua,MODIS,49,6.2,306.7,23.5,D,0
-18.5426,121.8289,334.2,1,1,2014-06-14,0536,Aqua,MODIS,76,6.2,308.4,23.1,D,0
-18.5335,121.8275,327.3,1,1,2014-06-14,0536,Aqua,MODIS,69,6.2,306.5,15.6,D,0
-18.5349,121.818,348.5,1,1,2014-06-14,0536,Aqua,MODIS,94,6.2,307.3,49.3,D,0
-18.5362,121.8084,327.8,1,1,2014-06-14,0536,Aqua,MODIS,31,6.2,305.7,17.3,D,0
-20.7399,118.5931,315.7,1.5,1.2,2014-06-14,0536,Aqua,MODIS,46,6.2,303.1,10.6,D,0
-18.5396,121.9161,318.8,1,1,2014-06-14,0536,Aqua,MODIS,50,6.2,306.6,7.3,D,0
-19.1427,121.8671,329,1,1,2014-06-14,0536,Aqua,MODIS,71,6.2,304.9,18.5,D,0
-19.1454,121.8479,321.1,1,1,2014-06-14,0536,Aqua,MODIS,71,6.2,305.8,10.6,D,0
-19.1467,121.8383,316.2,1,1,2014-06-14,0536,Aqua,MODIS,55,6.2,303.9,6.1,D,0
-19.1324,121.8753,320.1,1,1,2014-06-14,0536,Aqua,MODIS,38,6.2,304,9.1,D,0
-19.1233,121.8739,320.8,1,1,2014-06-14,0536,Aqua,MODIS,34,6.2,304.7,9.5,D,0
-20.7191,118.5545,334.8,1.5,1.2,2014-06-14,0536,Aqua,MODIS,86,6.2,305.7,48.3,D,0
-20.7116,118.5242,329.5,1.5,1.2,2014-06-14,0536,Aqua,MODIS,82,6.2,301.9,37.4,D,0
-20.7208,118.5401,330.9,1.5,1.2,2014-06-14,0536,Aqua,MODIS,83,6.2,304.6,39.2,D,0
-20.7099,118.5386,333.2,1.5,1.2,2014-06-14,0536,Aqua,MODIS,85,6.2,305.5,45.4,D,0
-20.7416,118.5788,317.1,1.5,1.2,2014-06-14,0536,Aqua,MODIS,47,6.2,304.9,12.3,D,0
-20.7307,118.5773,319.4,1.5,1.2,2014-06-14,0536,Aqua,MODIS,54,6.2,303.6,15.5,D,0
-20.7374,118.586,325.3,1.5,1.2,2014-06-14,0536,Aqua,MODIS,78,6.2,304.2,26.9,D,0
-14.7096,126.1074,312.7,1.5,1.2,2014-06-14,0537,Aqua,MODIS,22,6.2,290.5,8.8,D,0
-14.7182,126.1232,314.8,1.5,1.2,2014-06-14,0537,Aqua,MODIS,30,6.2,291.5,11.9,D,0
-14.7073,126.1214,314.7,1.5,1.2,2014-06-14,0537,Aqua,MODIS,36,6.2,292.3,11.6,D,0
-16.043,125.5393,311.4,1.3,1.1,2014-06-14,0537,Aqua,MODIS,31,6.2,294.5,7.2,D,0
-15.4561,125.7521,318.2,1.4,1.2,2014-06-14,0537,Aqua,MODIS,59,6.2,299.1,14.5,D,0
-15.4665,125.7542,315.8,1.4,1.2,2014-06-14,0537,Aqua,MODIS,48,6.2,299.1,11.5,D,0
-15.7523,125.9026,325.4,1.4,1.2,2014-06-14,0537,Aqua,MODIS,66,6.2,297.3,25.4,D,0
-15.6018,125.7895,315,1.4,1.2,2014-06-14,0537,Aqua,MODIS,51,6.2,297.2,9.4,D,0
-15.5913,125.788,314,1.4,1.2,2014-06-14,0537,Aqua,MODIS,35,6.2,295.5,8.5,D,0
-15.7451,125.9073,325.8,1.4,1.2,2014-06-14,0537,Aqua,MODIS,66,6.2,297.9,26.2,D,0
-15.7417,125.9011,318.6,1.4,1.2,2014-06-14,0537,Aqua,MODIS,64,6.2,297.8,14.5,D,0
-15.7666,125.7447,313.9,1.4,1.2,2014-06-14,0537,Aqua,MODIS,58,6.2,297,9.3,D,0
-15.7684,125.8979,318.4,1.4,1.2,2014-06-14,0537,Aqua,MODIS,54,6.2,294.7,16,D,0
-15.7174,124.9507,321.6,1.2,1.1,2014-06-14,0537,Aqua,MODIS,27,6.2,293.5,13.7,D,0
-15.9554,128.4215,313.6,2.1,1.4,2014-06-14,0537,Aqua,MODIS,63,6.2,296,17.5,D,0
-15.9519,128.4417,323.5,2.1,1.4,2014-06-14,0537,Aqua,MODIS,78,6.2,296.2,45.7,D,0
-16.8504,126.8772,320.7,1.6,1.2,2014-06-14,0537,Aqua,MODIS,70,6.2,305.7,18.2,D,0
-16.4156,124.2135,332.3,1.1,1.1,2014-06-14,0537,Aqua,MODIS,63,6.2,301.9,28.5,D,0
-16.4251,124.215,352.8,1.1,1.1,2014-06-14,0537,Aqua,MODIS,91,6.2,307.8,70.6,D,0
-16.4346,124.2165,321.6,1.1,1.1,2014-06-14,0537,Aqua,MODIS,55,6.2,303.8,13.8,D,0
-15.6613,124.9178,337.8,1.2,1.1,2014-06-14,0537,Aqua,MODIS,88,6.2,293.1,44.4,D,0
-15.6595,124.9292,317,1.2,1.1,2014-06-14,0537,Aqua,MODIS,41,6.2,291.2,9.1,D,0
-15.9517,128.4494,315.2,2.1,1.4,2014-06-14,0537,Aqua,MODIS,13,6.2,295.9,18.5,D,0
-15.7259,124.9577,334.6,1.2,1.1,2014-06-14,0537,Aqua,MODIS,86,6.2,296.4,36.6,D,0
-14.4607,130.1202,308.1,3.1,1.7,2014-06-14,0537,Aqua,MODIS,49,6.2,286.2,23.7,D,0
-16.5726,122.81,317.2,1,1,2014-06-14,0537,Aqua,MODIS,29,6.2,303,7.7,D,0
-16.5712,122.8195,315.6,1,1,2014-06-14,0537,Aqua,MODIS,55,6.2,301.6,7,D,0
-16.4409,124.239,323.1,1.1,1.1,2014-06-14,0537,Aqua,MODIS,51,6.2,305.6,15.8,D,0
-15.9553,128.4296,320.5,2.1,1.4,2014-06-14,0537,Aqua,MODIS,69,6.2,296.2,32.7,D,0
-16.5802,122.8209,326.1,1,1,2014-06-14,0537,Aqua,MODIS,79,6.2,304.1,17.3,D,0
-15.0285,125.9807,349.1,1.5,1.2,2014-06-14,0537,Aqua,MODIS,95,6.2,296.4,95.4,D,0
-15.8436,124.8662,316.6,1.2,1.1,2014-06-14,0537,Aqua,MODIS,65,6.2,299.7,10,D,0
-15.8098,124.8774,317.3,1.2,1.1,2014-06-14,0537,Aqua,MODIS,67,6.2,300.1,9.3,D,0
-15.8,124.8757,316.4,1.2,1.1,2014-06-14,0537,Aqua,MODIS,60,6.2,299.6,8.6,D,0
-15.7639,124.8467,316.4,1.2,1.1,2014-06-14,0537,Aqua,MODIS,35,6.2,298.2,8.7,D,0
-15.7541,124.8449,319.4,1.2,1.1,2014-06-14,0537,Aqua,MODIS,62,6.2,298.8,13,D,0
-16.4172,124.2029,352.5,1.1,1.1,2014-06-14,0537,Aqua,MODIS,91,6.2,303.2,71.9,D,0
-16.4267,124.2043,358,1.1,1.1,2014-06-14,0537,Aqua,MODIS,99,6.2,307.3,87.3,D,0
-16.8806,123.03,315.1,1,1,2014-06-14,0537,Aqua,MODIS,56,6.2,303.6,7.1,D,0
-16.2032,124.7157,322.3,1.2,1.1,2014-06-14,0537,Aqua,MODIS,74,6.2,305.5,14.4,D,0
-16.857,122.9386,339.1,1,1,2014-06-14,0537,Aqua,MODIS,89,6.2,306.1,36.2,D,0
-16.8584,122.9291,345.4,1,1,2014-06-14,0537,Aqua,MODIS,92,6.2,305.4,47.4,D,0
-13.868,129.9288,325,3.1,1.7,2014-06-14,0537,Aqua,MODIS,81,6.2,283.2,90.5,D,0
-13.8829,129.9317,317.2,3.1,1.7,2014-06-14,0537,Aqua,MODIS,58,6.2,283.2,52.7,D,0
-13.8727,129.9086,317.2,3,1.7,2014-06-14,0537,Aqua,MODIS,61,6.2,282.7,55.1,D,0
-16.5948,122.7846,314.2,1,1,2014-06-14,0537,Aqua,MODIS,0,6.2,301.5,5.8,D,0
-16.6263,122.8146,329.6,1,1,2014-06-14,0537,Aqua,MODIS,58,6.2,306,18.9,D,0
-15.7278,124.9461,332.2,1.2,1.1,2014-06-14,0537,Aqua,MODIS,80,6.2,295.7,31.7,D,0
-16.9973,122.5464,318.8,1,1,2014-06-14,0537,Aqua,MODIS,68,6.2,306.1,8.7,D,0
-14.3954,129.3809,310.1,2.7,1.6,2014-06-14,0537,Aqua,MODIS,0,6.2,273.9,31.9,D,0
-14.3813,129.3782,312,2.7,1.6,2014-06-14,0537,Aqua,MODIS,0,6.2,274.6,36.4,D,0
-15.0693,126.0021,314.8,1.5,1.2,2014-06-14,0537,Aqua,MODIS,32,6.2,295.4,9.4,D,0
-15.8484,124.5629,319.3,1.2,1.1,2014-06-14,0537,Aqua,MODIS,61,6.2,303.1,10.5,D,0
-15.0263,125.9944,325.1,1.5,1.2,2014-06-14,0537,Aqua,MODIS,79,6.2,293.4,29.1,D,0
-15.02,125.9652,315.1,1.5,1.2,2014-06-14,0537,Aqua,MODIS,62,6.2,294.1,11.9,D,0
-15.7637,124.5203,318,1.2,1.1,2014-06-14,0537,Aqua,MODIS,66,6.2,298.7,10.4,D,0
-15.7654,124.5093,319.5,1.2,1.1,2014-06-14,0537,Aqua,MODIS,71,6.2,300.7,12.3,D,0
-14.0345,127.294,309.1,1.9,1.4,2014-06-14,0537,Aqua,MODIS,38,6.2,283.6,10.8,D,0
-15.9242,124.6731,325.6,1.2,1.1,2014-06-14,0537,Aqua,MODIS,65,6.2,301.9,18.8,D,0
-15.9225,124.6839,323.9,1.2,1.1,2014-06-14,0537,Aqua,MODIS,76,6.2,302,17.1,D,0
-17.3721,124.362,327.4,1.1,1.1,2014-06-14,0537,Aqua,MODIS,69,6.2,306.8,18.4,D,0
-15.3921,130.1406,310.7,3,1.6,2014-06-14,0537,Aqua,MODIS,39,6.2,279.1,33.4,D,0
-14.861,126.582,320.3,1.6,1.3,2014-06-14,0537,Aqua,MODIS,71,6.2,290.6,22.9,D,0
-14.8585,126.5972,320,1.6,1.3,2014-06-14,0537,Aqua,MODIS,61,6.2,292,21.9,D,0
-14.594,127.0076,314.5,1.8,1.3,2014-06-14,0537,Aqua,MODIS,36,6.2,286.8,15.4,D,0
-13.0846,130.2103,312.6,3.3,1.7,2014-06-14,0537,Aqua,MODIS,54,6.2,277.9,48.2,D,0
-13.0809,130.217,316.7,3.3,1.7,2014-06-14,0537,Aqua,MODIS,63,6.2,277.9,70,D,0
-15.3208,130.3566,314.4,3.1,1.7,2014-06-14,0537,Aqua,MODIS,50,6.2,284,42.7,D,0
-16.8577,126.4025,316.2,1.5,1.2,2014-06-14,0537,Aqua,MODIS,57,6.2,304.1,10.1,D,0
-16.1333,124.7147,352.8,1.2,1.1,2014-06-14,0537,Aqua,MODIS,96,6.2,305.2,75.6,D,0
-15.7241,124.7764,329,1.2,1.1,2014-06-14,0537,Aqua,MODIS,65,6.2,298.8,21.3,D,0
-16.8289,126.5114,336,1.5,1.2,2014-06-14,0537,Aqua,MODIS,86,6.2,303.6,49.9,D,0
-16.135,124.7037,333,1.2,1.1,2014-06-14,0537,Aqua,MODIS,85,6.2,304,29.8,D,0
-14.9286,126.3795,328.3,1.6,1.2,2014-06-14,0537,Aqua,MODIS,82,6.2,294.2,38.1,D,0
-15.2316,127.449,311.6,1.9,1.3,2014-06-14,0537,Aqua,MODIS,39,6.2,292.6,11.1,D,0
-14.93,126.3703,319.8,1.6,1.2,2014-06-14,0537,Aqua,MODIS,66,6.2,293.3,20.7,D,0
-14.9276,126.3848,325.2,1.6,1.2,2014-06-14,0537,Aqua,MODIS,79,6.2,293.6,30.9,D,0
-16.1368,124.6927,323,1.2,1.1,2014-06-14,0537,Aqua,MODIS,46,6.2,303.9,14.7,D,0
-15.9903,126.2335,314,1.5,1.2,2014-06-14,0537,Aqua,MODIS,37,6.2,292.7,9.3,D,0
-15.5188,124.7178,315.2,1.2,1.1,2014-06-14,0537,Aqua,MODIS,60,6.2,292.4,8.9,D,0
-15.5117,124.7628,327.8,1.2,1.1,2014-06-14,0537,Aqua,MODIS,81,6.2,293.3,24.6,D,0
-15.5198,124.7759,350.8,1.2,1.1,2014-06-14,0537,Aqua,MODIS,95,6.2,295.6,76,D,0
-15.0368,127.7292,314.2,2,1.4,2014-06-14,0537,Aqua,MODIS,59,6.2,289.4,19.2,D,0
-15.5099,124.7742,323.4,1.2,1.1,2014-06-14,0537,Aqua,MODIS,76,6.2,295.7,18.2,D,0
-16.8397,126.5135,321.6,1.5,1.2,2014-06-14,0537,Aqua,MODIS,43,6.2,304.6,16.9,D,0
-15.0079,126.6669,311.3,1.7,1.3,2014-06-14,0537,Aqua,MODIS,37,6.2,291.8,10,D,0
-15.0105,126.6515,311.9,1.6,1.3,2014-06-14,0537,Aqua,MODIS,47,6.2,292.5,10.4,D,0
-15.9857,126.2611,316.4,1.5,1.2,2014-06-14,0537,Aqua,MODIS,54,6.2,293.1,13.8,D,0
-15.988,126.2473,319.9,1.5,1.2,2014-06-14,0537,Aqua,MODIS,70,6.2,293.5,19.3,D,0
-16.9063,126.6829,328.9,1.5,1.2,2014-06-14,0537,Aqua,MODIS,74,6.2,304.9,32.5,D,0
-15.9001,124.6351,347.9,1.2,1.1,2014-06-14,0537,Aqua,MODIS,94,6.2,305.1,59.4,D,0
-15.2815,127.9074,310.8,2,1.4,2014-06-14,0537,Aqua,MODIS,57,6.2,289.7,12.6,D,0
-15.2427,125.865,315.7,1.4,1.2,2014-06-14,0537,Aqua,MODIS,33,6.2,295.5,10.6,D,0
-15.8789,124.6429,331.8,1.2,1.1,2014-06-14,0537,Aqua,MODIS,35,6.2,301.4,26.5,D,0
-15.5216,124.7645,339.6,1.2,1.1,2014-06-14,0537,Aqua,MODIS,90,6.2,293.1,47,D,0
-16.8266,126.5253,323.3,1.5,1.2,2014-06-14,0537,Aqua,MODIS,57,6.2,302.9,19.3,D,0
-16.9087,126.6685,329.4,1.5,1.2,2014-06-14,0537,Aqua,MODIS,72,6.2,303.8,34.7,D,0
-16.1231,124.7074,315.3,1.2,1.1,2014-06-14,0537,Aqua,MODIS,61,6.2,301.8,7.7,D,0
-17.3766,124.3694,321.5,1.1,1.1,2014-06-14,0537,Aqua,MODIS,59,6.2,305.6,10.6,D,0
-17.3782,124.359,320.7,1.1,1.1,2014-06-14,0537,Aqua,MODIS,53,6.2,306.9,9.7,D,0
-15.198,130.5285,306.9,3.2,1.7,2014-06-14,0537,Aqua,MODIS,37,6.2,279.2,23.2,D,0
-15.4566,124.781,316.2,1.2,1.1,2014-06-14,0537,Aqua,MODIS,55,6.2,293.8,8.6,D,0
-16.6661,126.7399,321.2,1.6,1.2,2014-06-14,0537,Aqua,MODIS,71,6.2,305,19.2,D,0
-15.7657,124.8355,317.5,1.2,1.1,2014-06-14,0537,Aqua,MODIS,40,6.2,299.6,9.2,D,0
-16.906,126.6771,330.2,1.5,1.2,2014-06-14,0537,Aqua,MODIS,82,6.2,304.9,36.4,D,0
-15.3036,127.7783,322.8,2,1.4,2014-06-14,0537,Aqua,MODIS,78,6.2,292,38.5,D,0
-16.8687,126.4964,317,1.5,1.2,2014-06-14,0537,Aqua,MODIS,31,6.2,305.1,9.7,D,0
-15.7514,124.7983,331.8,1.2,1.1,2014-06-14,0537,Aqua,MODIS,84,6.2,300.3,29,D,0
-15.7532,124.787,320.7,1.2,1.1,2014-06-14,0537,Aqua,MODIS,54,6.2,299,11.4,D,0
-15.8886,124.6445,348.7,1.2,1.1,2014-06-14,0537,Aqua,MODIS,89,6.2,305.3,62.7,D,0
-15.691,124.7942,335.6,1.2,1.1,2014-06-14,0537,Aqua,MODIS,0,6.2,296.7,38.6,D,0
-15.6892,124.8053,320.8,1.2,1.1,2014-06-14,0537,Aqua,MODIS,55,6.2,295,14.5,D,0
-14.299,126.2108,316.2,1.6,1.2,2014-06-14,0537,Aqua,MODIS,39,6.2,288.4,15.5,D,0
-15.8869,124.6555,345.4,1.2,1.1,2014-06-14,0537,Aqua,MODIS,93,6.2,303.2,55,D,0
-16.9037,126.6915,320.1,1.5,1.2,2014-06-14,0537,Aqua,MODIS,27,6.2,305.2,13.7,D,0
-15.7415,124.7965,327,1.2,1.1,2014-06-14,0537,Aqua,MODIS,59,6.2,298,18.5,D,0
-15.7433,124.7852,329.4,1.2,1.1,2014-06-14,0537,Aqua,MODIS,69,6.2,299.4,21.5,D,0
-15.3066,127.7606,317.9,2,1.4,2014-06-14,0537,Aqua,MODIS,72,6.2,291.6,25.1,D,0
-14.8673,126.6143,319.4,1.6,1.3,2014-06-14,0537,Aqua,MODIS,40,6.2,292.6,19.5,D,0
-16.7063,126.7024,316.9,1.6,1.2,2014-06-14,0537,Aqua,MODIS,40,6.2,303.7,11,D,0
-15.5255,124.5469,315.8,1.2,1.1,2014-06-14,0537,Aqua,MODIS,43,6.2,291.3,8.9,D,0
-17.5649,123.6965,321,1.1,1,2014-06-14,0537,Aqua,MODIS,51,6.2,309.6,7.5,D,0
-15.3833,130.1058,329.3,2.9,1.6,2014-06-14,0537,Aqua,MODIS,63,6.2,279,115.1,D,0
-15.2411,130.5447,309.7,3.2,1.7,2014-06-14,0537,Aqua,MODIS,57,6.2,279.9,31.3,D,0
-15.393,130.136,312.9,3,1.6,2014-06-14,0537,Aqua,MODIS,44,6.2,279.2,38.2,D,0
-15.473,130.4542,316.2,3.1,1.7,2014-06-14,0537,Aqua,MODIS,70,6.2,279.2,46,D,0
-14.2594,126.1742,320.2,1.6,1.2,2014-06-14,0537,Aqua,MODIS,43,6.2,288.3,19.9,D,0
-15.3233,130.3523,314.5,3.1,1.7,2014-06-14,0537,Aqua,MODIS,68,6.2,284.2,45.8,D,0
-13.0792,130.2411,310.7,3.4,1.7,2014-06-14,0537,Aqua,MODIS,40,6.2,276.6,42.4,D,0
-14.2618,126.1597,324.4,1.6,1.2,2014-06-14,0537,Aqua,MODIS,74,6.2,289.3,28.1,D,0
-15.2819,127.8308,321.4,2,1.4,2014-06-14,0537,Aqua,MODIS,76,6.2,292.5,34.2,D,0
-15.7971,124.8289,319.2,1.2,1.1,2014-06-14,0537,Aqua,MODIS,69,6.2,298.4,12.8,D,0
-15.2433,130.5376,311.3,3.2,1.7,2014-06-14,0537,Aqua,MODIS,46,6.2,280.2,34.3,D,0
-15.3826,130.1105,329.9,2.9,1.6,2014-06-14,0537,Aqua,MODIS,64,6.2,278.7,119.5,D,0
-15.5272,124.5359,315.5,1.2,1.1,2014-06-14,0537,Aqua,MODIS,42,6.2,292.1,8.3,D,0
-15.2466,130.5154,307.9,3.2,1.7,2014-06-14,0537,Aqua,MODIS,35,6.2,281.5,23.4,D,0
-16.143,124.7164,333.8,1.2,1.1,2014-06-14,0537,Aqua,MODIS,85,6.2,305.3,31.8,D,0
-33.7623,115.6612,302.7,1.2,1.1,2014-06-14,1458,Terra,MODIS,51,6.2,280.3,11.2,N,0
-33.9741,116.745,309.8,1.1,1,2014-06-14,1458,Terra,MODIS,78,6.2,276.8,14,N,0
-33.9819,116.7584,300.7,1.1,1,2014-06-14,1458,Terra,MODIS,5,6.2,277.9,7.6,N,0
-33.9726,116.7566,362.7,1.1,1,2014-06-14,1458,Terra,MODIS,100,6.2,282.6,107.3,N,0
-33.9711,116.7682,306.6,1.1,1,2014-06-14,1458,Terra,MODIS,64,6.2,276.9,11.5,N,0
-22.8401,121.8743,305.5,1.9,1.3,2014-06-14,1500,Terra,MODIS,64,6.2,280,27.3,N,0
-21.7917,119.9767,301.4,1.5,1.2,2014-06-14,1501,Terra,MODIS,41,6.2,283.2,12.1,N,0
-21.8368,119.9921,310.6,1.5,1.2,2014-06-14,1501,Terra,MODIS,63,6.2,283.3,21,N,0
-20.7194,118.5405,300.5,1.3,1.1,2014-06-14,1501,Terra,MODIS,29,6.2,283.2,9.7,N,0
-15.9127,124.6536,302.4,3.7,1.8,2014-06-14,1629,Aqua,MODIS,13,6.2,280.2,32.4,N,0
-15.9017,124.6481,308,3.7,1.8,2014-06-14,1629,Aqua,MODIS,73,6.2,280.9,58,N,0
-26.3625,151.4223,309.5,1.1,1.1,2014-06-15,0018,Terra,MODIS,69,6.2,287.7,11.6,D,0
-26.7967,150.1996,314.2,1,1,2014-06-15,0018,Terra,MODIS,70,6.2,285.4,14.3,D,2
-26.7982,150.2101,308.2,1,1,2014-06-15,0018,Terra,MODIS,63,6.2,285,9.5,D,2
-11.2888,132.0127,320.6,1.5,1.2,2014-06-15,0152,Terra,MODIS,71,6.2,286.7,26,D,0
-11.2906,132.0267,334.1,1.5,1.2,2014-06-15,0152,Terra,MODIS,86,6.2,286.1,56.9,D,0
-14.3588,132.6071,308.1,1.9,1.3,2014-06-15,0153,Terra,MODIS,50,6.2,292.6,10.7,D,0
-14.361,132.6245,311,1.9,1.3,2014-06-15,0153,Terra,MODIS,61,6.2,291.9,16,D,0
-13.3168,131.0624,313.9,1.4,1.2,2014-06-15,0153,Terra,MODIS,56,6.2,292,10.5,D,0
-14.7058,130.6915,311.8,1.4,1.2,2014-06-15,0153,Terra,MODIS,40,6.2,293.7,10.6,D,0
-13.2048,132.4233,335.9,1.8,1.3,2014-06-15,0153,Terra,MODIS,88,6.2,294.5,69.9,D,0
-13.0871,131.7672,314.3,1.6,1.2,2014-06-15,0153,Terra,MODIS,47,6.2,292.6,10.1,D,0
-13.5978,131.6473,309.9,1.6,1.2,2014-06-15,0153,Terra,MODIS,27,6.2,290.3,8.3,D,0
-13.6108,131.6603,313.6,1.6,1.2,2014-06-15,0153,Terra,MODIS,66,6.2,290.5,13.5,D,0
-13.3253,131.1273,316,1.4,1.2,2014-06-15,0153,Terra,MODIS,70,6.2,291.6,13.6,D,0
-14.7365,130.7993,308.9,1.4,1.2,2014-06-15,0153,Terra,MODIS,55,6.2,294.4,7.7,D,0
-13.5647,131.6519,308.4,1.6,1.2,2014-06-15,0153,Terra,MODIS,51,6.2,290.8,8.6,D,0
-13.3625,131.0826,330,1.4,1.2,2014-06-15,0153,Terra,MODIS,84,6.2,292.4,38.1,D,0
-13.5089,132.7694,317.1,1.9,1.3,2014-06-15,0153,Terra,MODIS,73,6.2,291.8,26.3,D,0
-13.2378,132.4027,315.3,1.7,1.3,2014-06-15,0153,Terra,MODIS,64,6.2,293.9,16.8,D,0
-14.66,130.7496,345.7,1.4,1.2,2014-06-15,0153,Terra,MODIS,94,6.2,296.4,79.7,D,0
-14.6794,130.7339,312.6,1.4,1.2,2014-06-15,0153,Terra,MODIS,66,6.2,293.9,11.5,D,0
-13.565,132.7282,308.8,1.9,1.3,2014-06-15,0153,Terra,MODIS,36,6.2,292,9,D,0
-13.3641,131.0952,323.5,1.4,1.2,2014-06-15,0153,Terra,MODIS,79,6.2,291.5,25.9,D,0
-13.3658,131.1079,322,1.4,1.2,2014-06-15,0153,Terra,MODIS,77,6.2,291.3,24.7,D,0
-13.8139,130.6633,314.3,1.3,1.1,2014-06-15,0153,Terra,MODIS,22,6.2,292.6,9,D,0
-14.8197,130.6516,318.5,1.4,1.2,2014-06-15,0153,Terra,MODIS,21,6.2,295.6,15.5,D,0
-14.6811,130.7468,316.6,1.4,1.2,2014-06-15,0153,Terra,MODIS,72,6.2,294.1,17.2,D,0
-14.818,130.6387,353.5,1.4,1.2,2014-06-15,0153,Terra,MODIS,97,6.2,298.3,102.6,D,0
-14.8075,130.64,325.8,1.4,1.2,2014-06-15,0153,Terra,MODIS,66,6.2,296.3,28.9,D,0
-13.4934,131.013,320,1.4,1.2,2014-06-15,0153,Terra,MODIS,75,6.2,293.1,19.8,D,0
-14.6583,130.7367,368.9,1.4,1.2,2014-06-15,0153,Terra,MODIS,100,6.2,299,175.5,D,0
-13.4951,131.0259,313.6,1.4,1.2,2014-06-15,0153,Terra,MODIS,54,6.2,293.2,10.3,D,0
-13.4673,132.6773,308.3,1.8,1.3,2014-06-15,0153,Terra,MODIS,54,6.2,290.8,10.1,D,0
-14.7987,130.6541,313.1,1.4,1.2,2014-06-15,0153,Terra,MODIS,22,6.2,294.7,10.8,D,0
-14.797,130.6412,314.5,1.4,1.2,2014-06-15,0153,Terra,MODIS,38,6.2,295,12.7,D,0
-13.6798,131.7486,312.1,1.6,1.2,2014-06-15,0153,Terra,MODIS,60,6.2,291.6,10.2,D,0
-13.6698,133.3524,315.2,2.1,1.4,2014-06-15,0153,Terra,MODIS,71,6.2,291.7,25.7,D,0
-13.6675,133.3332,319.7,2.1,1.4,2014-06-15,0153,Terra,MODIS,76,6.2,291,37.2,D,0
-13.6693,133.3584,311.5,2.1,1.4,2014-06-15,0153,Terra,MODIS,62,6.2,291.7,17.3,D,0
-13.6669,133.3389,323.3,2.1,1.4,2014-06-15,0153,Terra,MODIS,80,6.2,291.9,48.6,D,0
-13.7391,131.6751,315.4,1.6,1.2,2014-06-15,0153,Terra,MODIS,70,6.2,289.4,16.3,D,0
-13.5294,131.825,316.8,1.6,1.2,2014-06-15,0153,Terra,MODIS,72,6.2,291.5,19,D,0
-13.739,131.6816,316.7,1.6,1.2,2014-06-15,0153,Terra,MODIS,67,6.2,290.4,17.3,D,0
-13.5163,132.7749,317.6,1.9,1.3,2014-06-15,0153,Terra,MODIS,73,6.2,291.4,26.6,D,0
-13.5209,132.7676,309.1,1.9,1.3,2014-06-15,0153,Terra,MODIS,19,6.2,291.5,9.5,D,0
-13.5671,132.7452,309.1,1.9,1.3,2014-06-15,0153,Terra,MODIS,50,6.2,291.8,10.5,D,0
-13.3725,132.7464,309.4,1.9,1.3,2014-06-15,0153,Terra,MODIS,58,6.2,290.7,13.7,D,0
-13.6278,131.7911,313.4,1.6,1.2,2014-06-15,0153,Terra,MODIS,66,6.2,291.1,12.9,D,0
-14.0551,131.9179,313.7,1.7,1.3,2014-06-15,0153,Terra,MODIS,55,6.2,293.3,11,D,0
-14.7348,130.7862,309.8,1.4,1.2,2014-06-15,0153,Terra,MODIS,59,6.2,295,8.9,D,0
-13.3538,131.0182,316,1.4,1.2,2014-06-15,0153,Terra,MODIS,35,6.2,292.1,12.6,D,0
-13.3644,131.0168,318.1,1.4,1.2,2014-06-15,0153,Terra,MODIS,53,6.2,293.4,15.4,D,0
-13.5273,130.7332,314.3,1.3,1.2,2014-06-15,0153,Terra,MODIS,62,6.2,294.6,7.8,D,0
-13.6801,130.7185,311.8,1.4,1.2,2014-06-15,0153,Terra,MODIS,52,6.2,292.7,8.3,D,0
-12.835,132.5776,317,1.8,1.3,2014-06-15,0153,Terra,MODIS,66,6.2,293.6,21.5,D,0
-14.1879,131.0914,322.4,1.5,1.2,2014-06-15,0153,Terra,MODIS,23,6.2,294.1,22.6,D,0
-12.826,132.5683,314.6,1.8,1.3,2014-06-15,0153,Terra,MODIS,61,6.2,293.9,18.6,D,0
-14.1523,131.0691,332.7,1.4,1.2,2014-06-15,0153,Terra,MODIS,66,6.2,294.1,43,D,0
-14.1648,131.081,323.7,1.4,1.2,2014-06-15,0153,Terra,MODIS,36,6.2,291.9,24.3,D,0
-14.1702,131.0396,354.7,1.4,1.2,2014-06-15,0153,Terra,MODIS,97,6.2,295.2,114.2,D,0
-14.172,131.0529,320.9,1.4,1.2,2014-06-15,0153,Terra,MODIS,47,6.2,293,19,D,0
-14.1755,131.0795,330.4,1.4,1.2,2014-06-15,0153,Terra,MODIS,53,6.2,294.7,36.3,D,0
-14.6112,130.7492,314.3,1.4,1.2,2014-06-15,0153,Terra,MODIS,59,6.2,292.5,14,D,0
-13.5001,130.7428,314.8,1.3,1.2,2014-06-15,0153,Terra,MODIS,62,6.2,292.8,11.9,D,0
-13.2165,132.4217,343.5,1.8,1.3,2014-06-15,0153,Terra,MODIS,92,6.2,293.9,97.3,D,0
-13.6629,131.7954,316,1.6,1.2,2014-06-15,0153,Terra,MODIS,71,6.2,288.7,16.5,D,0
-13.6613,131.7867,316,1.6,1.2,2014-06-15,0153,Terra,MODIS,63,6.2,289.8,16.1,D,0
-14.1781,131.4424,309.6,1.5,1.2,2014-06-15,0153,Terra,MODIS,41,6.2,292,8.9,D,0
-14.7111,130.6845,315.6,1.4,1.2,2014-06-15,0153,Terra,MODIS,60,6.2,293.7,15.2,D,0
-13.3521,131.0055,326.3,1.4,1.2,2014-06-15,0153,Terra,MODIS,81,6.2,292.4,30.2,D,0
-13.3905,131.0073,317.3,1.4,1.2,2014-06-15,0153,Terra,MODIS,72,6.2,294.1,14.3,D,0
-13.0628,132.6529,317.3,1.8,1.3,2014-06-15,0153,Terra,MODIS,73,6.2,295.4,24.7,D,0
-13.5629,131.6377,314.9,1.6,1.2,2014-06-15,0153,Terra,MODIS,69,6.2,290.7,18.2,D,0
-14.1888,126.2275,309.4,1,1,2014-06-15,0153,Terra,MODIS,0,6.2,288.4,3.6,D,0
-14.2494,126.6922,312.7,1,1,2014-06-15,0153,Terra,MODIS,33,6.2,291.5,5.4,D,0
-14.2508,126.7014,313.7,1,1,2014-06-15,0153,Terra,MODIS,45,6.2,290.2,6.4,D,0
-13.0865,130.9951,310.3,1.4,1.2,2014-06-15,0153,Terra,MODIS,55,6.2,288.7,7.6,D,0
-14.698,132.8358,311.9,2,1.4,2014-06-15,0153,Terra,MODIS,62,6.2,293.6,13.5,D,0
-14.7007,132.8298,311.7,2,1.4,2014-06-15,0153,Terra,MODIS,62,6.2,293.7,13.8,D,0
-12.9152,131.005,329.8,1.4,1.2,2014-06-15,0153,Terra,MODIS,83,6.2,291.6,34.5,D,0
-12.9103,130.9993,319.4,1.4,1.2,2014-06-15,0153,Terra,MODIS,71,6.2,291,16.4,D,0
-14.1134,130.4546,314.7,1.3,1.1,2014-06-15,0153,Terra,MODIS,44,6.2,291.9,10,D,0
-14.417,130.2166,312.3,1.3,1.1,2014-06-15,0153,Terra,MODIS,65,6.2,293.4,9.1,D,0
-14.2629,129.7545,309.8,1.2,1.1,2014-06-15,0153,Terra,MODIS,53,6.2,291.4,7.5,D,0
-14.2644,129.7656,312.4,1.2,1.1,2014-06-15,0153,Terra,MODIS,64,6.2,290.2,10,D,0
-14.4633,130.1078,323.3,1.3,1.1,2014-06-15,0153,Terra,MODIS,79,6.2,290.5,23.3,D,0
-14.4618,130.0962,318.3,1.3,1.1,2014-06-15,0153,Terra,MODIS,72,6.2,290.6,16.6,D,0
-14.4602,130.0846,340.5,1.3,1.1,2014-06-15,0153,Terra,MODIS,91,6.2,291.1,56.6,D,0
-14.2523,129.677,317.6,1.2,1.1,2014-06-15,0153,Terra,MODIS,42,6.2,289.9,13.9,D,0
-14.2538,129.688,324.2,1.2,1.1,2014-06-15,0153,Terra,MODIS,50,6.2,292,21.5,D,0
-14.2553,129.699,336.6,1.2,1.1,2014-06-15,0153,Terra,MODIS,89,6.2,292.8,41.8,D,0
-14.4561,129.4421,312.1,1.2,1.1,2014-06-15,0153,Terra,MODIS,34,6.2,295.5,9.3,D,0
-14.4576,129.4529,312.4,1.2,1.1,2014-06-15,0153,Terra,MODIS,37,6.2,291.9,9.7,D,0
-14.4579,130.1444,321.9,1.3,1.1,2014-06-15,0153,Terra,MODIS,66,6.2,289,20.8,D,0
-14.4563,130.1326,321,1.3,1.1,2014-06-15,0153,Terra,MODIS,37,6.2,289.7,18.1,D,0
-14.4292,130.1549,324.8,1.3,1.1,2014-06-15,0153,Terra,MODIS,81,6.2,292.1,24.3,D,0
-14.4276,130.1432,323.1,1.3,1.1,2014-06-15,0153,Terra,MODIS,79,6.2,293,21.4,D,0
-14.1728,130.2932,311.2,1.3,1.1,2014-06-15,0153,Terra,MODIS,52,6.2,293.1,6.3,D,0
-14.1712,130.2812,315.8,1.3,1.1,2014-06-15,0153,Terra,MODIS,70,6.2,291.9,11.5,D,0
-13.8503,129.9454,311.9,1.2,1.1,2014-06-15,0153,Terra,MODIS,50,6.2,288.8,7.3,D,0
-14.1113,130.5168,306.7,1.3,1.1,2014-06-15,0153,Terra,MODIS,13,6.2,287.5,4.5,D,0
-14.3873,129.9959,309.5,1.2,1.1,2014-06-15,0153,Terra,MODIS,58,6.2,291.1,6.2,D,0
-14.3077,129.8622,310.1,1.2,1.1,2014-06-15,0153,Terra,MODIS,61,6.2,292.4,8.3,D,0
-14.3062,129.851,317,1.2,1.1,2014-06-15,0153,Terra,MODIS,73,6.2,293.2,15.1,D,0
-14.448,129.9925,311.5,1.2,1.1,2014-06-15,0153,Terra,MODIS,61,6.2,292.3,8.6,D,0
-14.4465,129.9809,310.3,1.2,1.1,2014-06-15,0153,Terra,MODIS,53,6.2,293,7,D,0
-14.3607,130.327,317.9,1.3,1.1,2014-06-15,0153,Terra,MODIS,70,6.2,290.1,16.9,D,0
-14.3709,130.3257,333.3,1.3,1.1,2014-06-15,0153,Terra,MODIS,87,6.2,292.7,42,D,0
-11.4705,130.2121,305.3,1.2,1.1,2014-06-15,0153,Terra,MODIS,56,6.2,278.1,6.2,D,0
-14.3605,129.8721,324.2,1.2,1.1,2014-06-15,0153,Terra,MODIS,80,6.2,293.9,22.3,D,0
-14.362,129.8834,314.3,1.2,1.1,2014-06-15,0153,Terra,MODIS,65,6.2,293.8,9.8,D,0
-14.2332,130.2904,317.6,1.3,1.1,2014-06-15,0153,Terra,MODIS,73,6.2,291.3,15.9,D,0
-13.9182,130.4445,354,1.3,1.1,2014-06-15,0153,Terra,MODIS,97,6.2,294.9,97.1,D,0
-13.9199,130.4566,323,1.3,1.1,2014-06-15,0153,Terra,MODIS,78,6.2,292.7,21.8,D,0
-13.8209,130.6371,316.9,1.3,1.1,2014-06-15,0153,Terra,MODIS,68,6.2,291.4,12.8,D,0
-14.3299,129.9457,318,1.2,1.1,2014-06-15,0153,Terra,MODIS,44,6.2,294.3,12.1,D,0
-13.88,130.5482,310.2,1.3,1.1,2014-06-15,0153,Terra,MODIS,46,6.2,289,6.7,D,0
-14.1031,130.456,328.4,1.3,1.1,2014-06-15,0153,Terra,MODIS,83,6.2,290.9,31.9,D,0
-14.1015,130.4439,322.4,1.3,1.1,2014-06-15,0153,Terra,MODIS,78,6.2,290,21.3,D,0
-14.0333,127.2861,322.6,1,1,2014-06-15,0153,Terra,MODIS,74,6.2,291.1,14.3,D,0
-13.3676,131.1209,312.9,1.4,1.2,2014-06-15,0153,Terra,MODIS,31,6.2,290.6,10.5,D,0
-14.0431,129.7076,310.6,1.2,1.1,2014-06-15,0153,Terra,MODIS,61,6.2,286.9,8.4,D,0
-14.0472,130.4267,332,1.3,1.1,2014-06-15,0153,Terra,MODIS,86,6.2,290.5,36.1,D,0
-14.5867,132.8745,312.6,2,1.4,2014-06-15,0153,Terra,MODIS,65,6.2,294.3,17.2,D,0
-14.0456,130.4147,352.7,1.3,1.1,2014-06-15,0153,Terra,MODIS,97,6.2,293.8,89.6,D,0
-14.0416,129.6966,310.1,1.2,1.1,2014-06-15,0153,Terra,MODIS,59,6.2,287.3,8.1,D,0
-14.219,126.6746,324.9,1,1,2014-06-15,0153,Terra,MODIS,80,6.2,291.5,16.4,D,0
-14.0229,127.2782,319.1,1,1,2014-06-15,0153,Terra,MODIS,27,6.2,291.4,10.3,D,0
-14.0278,130.423,328.8,1.3,1.1,2014-06-15,0153,Terra,MODIS,78,6.2,292.4,27.8,D,0
-14.0262,130.411,324,1.3,1.1,2014-06-15,0153,Terra,MODIS,26,6.2,292.2,19,D,0
-14.0265,129.9659,307.4,1.2,1.1,2014-06-15,0153,Terra,MODIS,43,6.2,288.1,6.4,D,0
-14.0346,127.2953,320.8,1,1,2014-06-15,0153,Terra,MODIS,69,6.2,291.3,12.2,D,0
-14.028,129.9772,311.3,1.2,1.1,2014-06-15,0153,Terra,MODIS,61,6.2,287.7,10.1,D,0
-14.037,130.4281,332.2,1.3,1.1,2014-06-15,0153,Terra,MODIS,73,6.2,291.4,34.4,D,0
-14.6251,130.7281,311,1.4,1.2,2014-06-15,0153,Terra,MODIS,31,6.2,293,9,D,0
-14.0005,127.3758,311,1,1,2014-06-15,0153,Terra,MODIS,28,6.2,287.1,5,D,0
-14.6095,130.7363,313.2,1.4,1.2,2014-06-15,0153,Terra,MODIS,52,6.2,293.1,12.4,D,0
-14.0354,130.4161,356.2,1.3,1.1,2014-06-15,0153,Terra,MODIS,98,6.2,294.9,100,D,0
-14.0095,127.3744,310.3,1,1,2014-06-15,0153,Terra,MODIS,31,6.2,288.5,4.7,D,0
-13.6827,130.0613,310.4,1.2,1.1,2014-06-15,0153,Terra,MODIS,43,6.2,291.8,6.4,D,0
-13.6842,130.0725,313.8,1.2,1.1,2014-06-15,0153,Terra,MODIS,63,6.2,291.5,10.6,D,0
-14.2084,127.5399,319.5,1,1,2014-06-15,0153,Terra,MODIS,74,6.2,291.1,11.8,D,0
-14.2625,127.5318,312.8,1,1,2014-06-15,0153,Terra,MODIS,61,6.2,290.9,6.5,D,0
-14.2355,127.5359,313,1,1,2014-06-15,0153,Terra,MODIS,45,6.2,290.2,6,D,0
-14.0243,127.2874,352.3,1,1,2014-06-15,0153,Terra,MODIS,96,6.2,295.1,60.7,D,0
-14.0252,130.4175,329.6,1.3,1.1,2014-06-15,0153,Terra,MODIS,66,6.2,291.9,28.4,D,0
-14.0108,127.3836,311,1,1,2014-06-15,0153,Terra,MODIS,45,6.2,287.9,5.4,D,0
-12.8816,132.8596,312.1,1.9,1.3,2014-06-15,0153,Terra,MODIS,61,6.2,293.1,13.7,D,0
-12.8215,134.0782,304.8,2.3,1.5,2014-06-15,0153,Terra,MODIS,44,6.2,276.5,17,D,0
-12.5596,130.7219,306.8,1.3,1.1,2014-06-15,0153,Terra,MODIS,48,6.2,282.4,6.8,D,0
-12.3523,134.3709,307.6,2.4,1.5,2014-06-15,0153,Terra,MODIS,35,6.2,281.3,17.5,D,0
-12.6609,131.5641,327.7,1.5,1.2,2014-06-15,0153,Terra,MODIS,83,6.2,286.2,37,D,0
-12.3472,134.3659,307,2.4,1.5,2014-06-15,0153,Terra,MODIS,60,6.2,281.5,18.1,D,0
-12.4413,134.3543,308,2.4,1.5,2014-06-15,0153,Terra,MODIS,52,6.2,280.8,18,D,0
-12.7212,130.8726,310.2,1.3,1.1,2014-06-15,0153,Terra,MODIS,58,6.2,281.1,9.6,D,0
-12.3607,134.3643,307.8,2.4,1.5,2014-06-15,0153,Terra,MODIS,62,6.2,281.3,19.3,D,0
-12.8894,131.3781,312.3,1.5,1.2,2014-06-15,0153,Terra,MODIS,63,6.2,287.2,12,D,0
-12.3496,134.3493,307.9,2.4,1.5,2014-06-15,0153,Terra,MODIS,44,6.2,281.1,17.8,D,0
-12.9119,131.0119,324.5,1.4,1.2,2014-06-15,0153,Terra,MODIS,79,6.2,291.2,25,D,0
-12.8877,131.3648,318.4,1.5,1.2,2014-06-15,0153,Terra,MODIS,73,6.2,286.2,21.3,D,0
-12.2124,133.1519,315.8,1.9,1.4,2014-06-15,0153,Terra,MODIS,52,6.2,285.5,28.5,D,0
-12.6483,131.5519,320.6,1.5,1.2,2014-06-15,0153,Terra,MODIS,74,6.2,286.8,24,D,0
-15.7398,124.9272,325,1.1,1,2014-06-15,0154,Terra,MODIS,77,6.2,297.6,18.2,D,0
-15.6368,124.9193,320,1.1,1,2014-06-15,0154,Terra,MODIS,75,6.2,297.4,13.9,D,0
-15.6648,124.9149,310.8,1.1,1,2014-06-15,0154,Terra,MODIS,46,6.2,296.3,5.3,D,0
-14.9972,125.9686,316.5,1,1,2014-06-15,0154,Terra,MODIS,35,6.2,294.7,9.1,D,0
-15.866,124.8395,308.3,1.1,1,2014-06-15,0154,Terra,MODIS,40,6.2,292.9,4.5,D,0
-15.6942,124.9817,327.6,1.1,1,2014-06-15,0154,Terra,MODIS,82,6.2,297.6,20.9,D,0
-15.7035,124.9803,321.1,1.1,1,2014-06-15,0154,Terra,MODIS,76,6.2,297.1,13.5,D,0
-15.7352,124.9587,323.5,1.1,1,2014-06-15,0154,Terra,MODIS,64,6.2,296.5,16.2,D,0
-15.7367,124.9686,317.6,1.1,1,2014-06-15,0154,Terra,MODIS,31,6.2,295.2,10.1,D,0
-16.8567,126.8956,312.3,1,1,2014-06-15,0154,Terra,MODIS,61,6.2,300.8,5.2,D,0
-15.791,127.5417,314.9,1,1,2014-06-15,0154,Terra,MODIS,33,6.2,298.8,6,D,0
-15.8196,127.5471,313.1,1,1,2014-06-15,0154,Terra,MODIS,16,6.2,297.9,5.7,D,0
-16.9966,122.5462,312.8,1.4,1.2,2014-06-15,0154,Terra,MODIS,55,6.2,299.1,10.7,D,0
-16.3892,128.1381,309.9,1.1,1,2014-06-15,0154,Terra,MODIS,50,6.2,299.5,5,D,0
-15.6663,124.9249,315,1.1,1,2014-06-15,0154,Terra,MODIS,66,6.2,297.2,8.5,D,0
-16.5471,122.8769,316.4,1.3,1.1,2014-06-15,0154,Terra,MODIS,61,6.2,296.9,16.9,D,0
-16.6297,122.8181,320,1.3,1.1,2014-06-15,0154,Terra,MODIS,75,6.2,298.2,20.1,D,0
-16.6318,122.8305,310.7,1.3,1.1,2014-06-15,0154,Terra,MODIS,48,6.2,297.6,8.5,D,0
-15.1159,130.0363,319.5,1.3,1.1,2014-06-15,0154,Terra,MODIS,16,6.2,294.8,16.4,D,0
-15.1143,130.0245,318.7,1.3,1.1,2014-06-15,0154,Terra,MODIS,60,6.2,293.4,16.2,D,0
-15.0077,125.9766,320.8,1,1,2014-06-15,0154,Terra,MODIS,60,6.2,294.4,12.7,D,0
-15.0063,125.9672,327,1,1,2014-06-15,0154,Terra,MODIS,82,6.2,295,19.7,D,0
-16.5491,122.8893,312.7,1.3,1.1,2014-06-15,0154,Terra,MODIS,55,6.2,297.8,12.4,D,0
-16.4095,124.1883,337.3,1.1,1.1,2014-06-15,0154,Terra,MODIS,89,6.2,299.2,39.9,D,0
-16.4207,124.1973,321.6,1.1,1.1,2014-06-15,0154,Terra,MODIS,65,6.2,297.8,16.4,D,0
-15.7785,124.9313,311.3,1.1,1,2014-06-15,0154,Terra,MODIS,58,6.2,296.3,5.8,D,0
-15.7769,124.9213,312.6,1.1,1,2014-06-15,0154,Terra,MODIS,64,6.2,296.3,6.5,D,0
-15.7506,124.9359,325.7,1.1,1,2014-06-15,0154,Terra,MODIS,66,6.2,296.9,17.8,D,0
-15.7491,124.9258,320.9,1.1,1,2014-06-15,0154,Terra,MODIS,48,6.2,296.4,12.7,D,0
-15.8117,124.8584,309.8,1.1,1,2014-06-15,0154,Terra,MODIS,25,6.2,294.6,4.7,D,0
-15.8056,124.88,310.2,1.1,1,2014-06-15,0154,Terra,MODIS,27,6.2,295.9,4.8,D,0
-16.2061,124.7171,320.9,1.1,1,2014-06-15,0154,Terra,MODIS,74,6.2,299.1,14.5,D,0
-15.0587,126.0105,311.7,1,1,2014-06-15,0154,Terra,MODIS,25,6.2,296.7,5.4,D,0
-15.0678,126.0091,313.6,1,1,2014-06-15,0154,Terra,MODIS,58,6.2,296.2,7.1,D,0
-15.0973,130.0509,334.4,1.3,1.1,2014-06-15,0154,Terra,MODIS,85,6.2,294.5,41.1,D,0
-15.1206,130.0719,312.5,1.3,1.1,2014-06-15,0154,Terra,MODIS,58,6.2,292.7,9.1,D,0
-16.2139,124.7054,313.1,1.1,1,2014-06-15,0154,Terra,MODIS,31,6.2,296.8,7.3,D,0
-16.2154,124.7155,318.3,1.1,1,2014-06-15,0154,Terra,MODIS,63,6.2,297,12,D,0
-15.7681,124.5215,310,1.1,1.1,2014-06-15,0154,Terra,MODIS,52,6.2,294.5,5.4,D,0
-15.4281,131.8531,315.3,1.7,1.3,2014-06-15,0154,Terra,MODIS,69,6.2,295.9,20.9,D,0
-15.4397,131.8516,310.6,1.7,1.3,2014-06-15,0154,Terra,MODIS,40,6.2,296.5,12.1,D,0
-15.445,125.7607,311,1,1,2014-06-15,0154,Terra,MODIS,42,6.2,294.1,5.1,D,0
-14.7157,126.1178,312.6,1,1,2014-06-15,0154,Terra,MODIS,47,6.2,295.5,6.2,D,0
-14.7172,126.1271,315.7,1,1,2014-06-15,0154,Terra,MODIS,59,6.2,296.1,8.3,D,0
-14.694,126.1559,321.6,1,1,2014-06-15,0154,Terra,MODIS,74,6.2,296.9,13.1,D,0
-16.0384,125.5445,313.5,1,1,2014-06-15,0154,Terra,MODIS,64,6.2,294.2,8.5,D,0
-15.7539,125.9149,321.5,1,1,2014-06-15,0154,Terra,MODIS,46,6.2,294.8,13.5,D,0
-15.7705,125.9026,320.5,1,1,2014-06-15,0154,Terra,MODIS,74,6.2,294.5,13.5,D,0
-15.7204,129.2205,313.1,1.2,1.1,2014-06-15,0154,Terra,MODIS,62,6.2,298.2,8.8,D,0
-15.0973,125.8985,310.2,1,1,2014-06-15,0154,Terra,MODIS,35,6.2,292.9,5,D,0
-15.0883,125.8999,313.1,1,1,2014-06-15,0154,Terra,MODIS,59,6.2,295.8,6.9,D,0
-15.6715,129.245,323.8,1.2,1.1,2014-06-15,0154,Terra,MODIS,79,6.2,299.4,20.2,D,0
-15.9281,124.646,327.6,1.1,1,2014-06-15,0154,Terra,MODIS,67,6.2,292.1,22.3,D,0
-15.9297,124.6563,330.6,1.1,1,2014-06-15,0154,Terra,MODIS,85,6.2,291.9,27.3,D,0
-15.9313,124.6665,322.9,1.1,1,2014-06-15,0154,Terra,MODIS,78,6.2,290.4,17.5,D,0
-14.7384,127.0732,311.5,1,1,2014-06-15,0154,Terra,MODIS,59,6.2,293.5,5.7,D,0
-15.3688,130.2472,312.5,1.3,1.1,2014-06-15,0154,Terra,MODIS,63,6.2,296.4,11.3,D,0
-16.8561,126.3895,323,1,1,2014-06-15,0154,Terra,MODIS,77,6.2,301.5,13.9,D,0
-15.5325,124.5363,310.8,1.1,1.1,2014-06-15,0154,Terra,MODIS,46,6.2,291.1,5.1,D,0
-15.5247,124.5482,314,1.1,1.1,2014-06-15,0154,Terra,MODIS,67,6.2,292.3,8.5,D,0
-15.4926,124.468,310.3,1.1,1.1,2014-06-15,0154,Terra,MODIS,0,6.2,291.1,6,D,0
-16.7299,126.7201,311.4,1,1,2014-06-15,0154,Terra,MODIS,47,6.2,300.3,4,D,0
-16.7205,126.7185,317.9,1,1,2014-06-15,0154,Terra,MODIS,64,6.2,301.6,9.1,D,0
-16.7115,126.7199,316,1,1,2014-06-15,0154,Terra,MODIS,50,6.2,301.2,7.6,D,0
-16.8643,126.3817,307.8,1,1,2014-06-15,0154,Terra,MODIS,32,6.2,297.6,3.4,D,0
-16.8657,126.391,311.4,1,1,2014-06-15,0154,Terra,MODIS,58,6.2,297.8,6,D,0
-16.6876,126.3074,322.2,1,1,2014-06-15,0154,Terra,MODIS,77,6.2,302.5,13.7,D,0
-16.6862,126.2981,334.9,1,1,2014-06-15,0154,Terra,MODIS,87,6.2,303.3,29.5,D,0
-15.1311,130.3912,307.6,1.3,1.1,2014-06-15,0154,Terra,MODIS,39,6.2,292.7,5.7,D,0
-15.2745,127.9185,311.7,1,1,2014-06-15,0154,Terra,MODIS,50,6.2,297.2,4.9,D,0
-15.2741,127.8501,323.3,1,1,2014-06-15,0154,Terra,MODIS,71,6.2,297.9,14.4,D,0
-15.2782,127.8788,319.9,1,1,2014-06-15,0154,Terra,MODIS,74,6.2,296.3,12.2,D,0
-15.2836,127.9171,312.2,1,1,2014-06-15,0154,Terra,MODIS,58,6.2,297.3,5.5,D,0
-14.4104,126.6611,311.6,1,1,2014-06-15,0154,Terra,MODIS,60,6.2,293.4,5.5,D,0
-15.3725,129.8979,319.8,1.3,1.1,2014-06-15,0154,Terra,MODIS,73,6.2,298.5,16.4,D,0
-14.9178,130.3017,352.2,1.3,1.1,2014-06-15,0154,Terra,MODIS,96,6.2,294.8,90.4,D,0
-14.8586,127.6469,317.2,1,1,2014-06-15,0154,Terra,MODIS,69,6.2,295.5,8.7,D,0
-15.1279,130.3665,308.2,1.3,1.1,2014-06-15,0154,Terra,MODIS,49,6.2,293.7,6.6,D,0
-15.381,129.8849,320.9,1.3,1.1,2014-06-15,0154,Terra,MODIS,37,6.2,297.9,16.6,D,0
-15.1295,130.3787,320.5,1.3,1.1,2014-06-15,0154,Terra,MODIS,76,6.2,294.1,22.3,D,0
-14.9194,130.3139,352.7,1.3,1.1,2014-06-15,0154,Terra,MODIS,97,6.2,295,92.8,D,0
-15.3577,130.0879,319.9,1.3,1.1,2014-06-15,0154,Terra,MODIS,53,6.2,297.6,17.1,D,0
-15.3554,130.0816,318.6,1.3,1.1,2014-06-15,0154,Terra,MODIS,59,6.2,297.7,16,D,0
-14.91,130.1673,315.4,1.3,1.1,2014-06-15,0154,Terra,MODIS,52,6.2,292.8,11.2,D,0
-14.9145,130.2773,323.8,1.3,1.1,2014-06-15,0154,Terra,MODIS,79,6.2,291.6,24.8,D,0
-14.9161,130.2895,320.8,1.3,1.1,2014-06-15,0154,Terra,MODIS,49,6.2,292.2,18.9,D,0
-15.078,129.6767,319.7,1.2,1.1,2014-06-15,0154,Terra,MODIS,75,6.2,294.6,17.5,D,0
-15.0765,129.6656,313.3,1.2,1.1,2014-06-15,0154,Terra,MODIS,46,6.2,293.6,9.7,D,0
-14.9243,130.3504,333.9,1.3,1.1,2014-06-15,0154,Terra,MODIS,87,6.2,292.1,41.6,D,0
-14.9096,130.241,318,1.3,1.1,2014-06-15,0154,Terra,MODIS,73,6.2,290.6,18,D,0
-15.164,129.7856,316.4,1.2,1.1,2014-06-15,0154,Terra,MODIS,53,6.2,294.2,13.4,D,0
-15.1656,129.7974,310.6,1.2,1.1,2014-06-15,0154,Terra,MODIS,39,6.2,294,6.4,D,0
-14.7814,126.005,311.9,1,1,2014-06-15,0154,Terra,MODIS,60,6.2,296.3,6.9,D,0
-14.7828,126.0144,309.3,1,1,2014-06-15,0154,Terra,MODIS,51,6.2,295.1,5,D,0
-16.3235,127.6684,311.6,1,1,2014-06-15,0154,Terra,MODIS,52,6.2,300.4,5.2,D,0
-15.3773,130.0911,345.5,1.3,1.1,2014-06-15,0154,Terra,MODIS,81,6.2,298.2,66.8,D,0
-16.6706,126.7548,311.5,1,1,2014-06-15,0154,Terra,MODIS,42,6.2,299.3,4.6,D,0
-16.6693,126.7455,312.4,1,1,2014-06-15,0154,Terra,MODIS,44,6.2,299.7,5.1,D,0
-14.908,130.229,326.5,1.3,1.1,2014-06-15,0154,Terra,MODIS,82,6.2,291,30.9,D,0
-17.3615,124.3804,322.9,1.1,1,2014-06-15,0154,Terra,MODIS,78,6.2,300.2,17.2,D,0
-16.4774,126.6922,325.7,1,1,2014-06-15,0154,Terra,MODIS,80,6.2,303,16.5,D,0
-14.9703,130.4011,336.2,1.3,1.1,2014-06-15,0154,Terra,MODIS,88,6.2,295.4,49.4,D,0
-14.9469,130.1442,321.5,1.3,1.1,2014-06-15,0154,Terra,MODIS,68,6.2,293.9,19.5,D,0
-15.0282,130.0662,341.7,1.3,1.1,2014-06-15,0154,Terra,MODIS,91,6.2,294.2,59.4,D,0
-15.0181,130.0676,331.6,1.3,1.1,2014-06-15,0154,Terra,MODIS,85,6.2,295.4,37.3,D,0
-15.0965,130.1237,341.2,1.3,1.1,2014-06-15,0154,Terra,MODIS,91,6.2,297.1,59.5,D,0
-15.098,130.1357,329.2,1.3,1.1,2014-06-15,0154,Terra,MODIS,84,6.2,297.7,33.7,D,0
-15.1152,130.109,317.4,1.3,1.1,2014-06-15,0154,Terra,MODIS,43,6.2,294.9,13.7,D,0
-15.1095,126.346,309.6,1,1,2014-06-15,0154,Terra,MODIS,28,6.2,294.9,3.6,D,0
-14.9941,130.4228,310.7,1.3,1.1,2014-06-15,0154,Terra,MODIS,60,6.2,295.7,7.7,D,0
-15.1285,130.1315,316.9,1.3,1.1,2014-06-15,0154,Terra,MODIS,48,6.2,294.5,12.8,D,0
-15.1574,130.1154,322.7,1.3,1.1,2014-06-15,0154,Terra,MODIS,63,6.2,295.4,20,D,0
-15.159,130.1273,323.4,1.3,1.1,2014-06-15,0154,Terra,MODIS,64,6.2,296.3,21.2,D,0
-14.8553,126.6184,332.4,1,1,2014-06-15,0154,Terra,MODIS,86,6.2,297.3,25,D,0
-14.8463,126.6198,313.8,1,1,2014-06-15,0154,Terra,MODIS,45,6.2,296.1,5.8,D,0
-14.8436,126.6013,314.8,1,1,2014-06-15,0154,Terra,MODIS,62,6.2,295.2,6.8,D,0
-14.8422,126.5921,321.9,1,1,2014-06-15,0154,Terra,MODIS,77,6.2,295.9,13.4,D,0
-15.0531,127.7208,316.3,1,1,2014-06-15,0154,Terra,MODIS,63,6.2,296.4,8.5,D,0
-15.2094,129.897,311,1.3,1.1,2014-06-15,0154,Terra,MODIS,44,6.2,296.4,7,D,0
-15.6028,126.8792,313,1,1,2014-06-15,0154,Terra,MODIS,63,6.2,297.4,6.3,D,0
-15.1809,130.6972,318.2,1.4,1.2,2014-06-15,0154,Terra,MODIS,50,6.2,297.8,16.2,D,0
-15.1987,130.6683,331.3,1.4,1.2,2014-06-15,0154,Terra,MODIS,72,6.2,298.2,38.6,D,0
-15.2215,130.6785,320.3,1.4,1.2,2014-06-15,0154,Terra,MODIS,71,6.2,299.1,17.2,D,0
-16.8795,126.548,315.9,1,1,2014-06-15,0154,Terra,MODIS,68,6.2,299.2,8.7,D,0
-15.4775,124.8351,311.4,1.1,1,2014-06-15,0154,Terra,MODIS,62,6.2,294.5,7,D,0
-15.4524,124.7976,311.2,1.1,1,2014-06-15,0154,Terra,MODIS,46,6.2,292.3,5.7,D,0
-15.4508,124.7875,311.9,1.1,1,2014-06-15,0154,Terra,MODIS,58,6.2,295,5.9,D,0
-15.2402,127.4213,312.7,1,1,2014-06-15,0154,Terra,MODIS,22,6.2,296.4,4.8,D,0
-15.2311,127.4227,315.3,1,1,2014-06-15,0154,Terra,MODIS,66,6.2,297.9,6.9,D,0
-15.2529,130.1447,314.1,1.3,1.1,2014-06-15,0154,Terra,MODIS,57,6.2,296.4,11.2,D,0
-15.2513,130.1326,342.8,1.3,1.1,2014-06-15,0154,Terra,MODIS,92,6.2,296.6,64,D,0
-15.2497,130.1207,339.9,1.3,1.1,2014-06-15,0154,Terra,MODIS,90,6.2,295.6,56.5,D,0
-15.2411,130.1339,310.1,1.3,1.1,2014-06-15,0154,Terra,MODIS,31,6.2,293.9,7.2,D,0
-15.2395,130.122,327.3,1.3,1.1,2014-06-15,0154,Terra,MODIS,82,6.2,295.2,31.1,D,0
-15.1972,130.1156,310.9,1.3,1.1,2014-06-15,0154,Terra,MODIS,39,6.2,295.2,7.8,D,0
-15.1871,130.117,315.4,1.3,1.1,2014-06-15,0154,Terra,MODIS,66,6.2,296.3,12.7,D,0
-16.4941,127.6404,313,1,1,2014-06-15,0154,Terra,MODIS,61,6.2,300,7,D,0
-16.4844,127.6285,327.5,1,1,2014-06-15,0154,Terra,MODIS,81,6.2,299,20.9,D,0
-14.9112,130.253,342.4,1.3,1.1,2014-06-15,0154,Terra,MODIS,92,6.2,292.8,63.8,D,0
-16.483,127.619,319.3,1,1,2014-06-15,0154,Terra,MODIS,73,6.2,298.5,12.3,D,0
-14.7186,126.1365,319,1,1,2014-06-15,0154,Terra,MODIS,70,6.2,295.6,11,D,0
-17.2124,126.4331,311.5,1,1,2014-06-15,0154,Terra,MODIS,42,6.2,300.4,3.7,D,0
-17.3709,124.3789,325.9,1.1,1,2014-06-15,0154,Terra,MODIS,81,6.2,301.7,20,D,0
-14.9314,130.3437,317,1.3,1.1,2014-06-15,0154,Terra,MODIS,71,6.2,291.8,13.9,D,0
-17.211,126.4238,314,1,1,2014-06-15,0154,Terra,MODIS,61,6.2,301,5.8,D,0
-17.2097,126.4144,328.4,1,1,2014-06-15,0154,Terra,MODIS,83,6.2,302.3,19.7,D,0
-17.2083,126.4051,342,1,1,2014-06-15,0154,Terra,MODIS,91,6.2,303.5,39.7,D,0
-17.2069,126.3957,315,1,1,2014-06-15,0154,Terra,MODIS,55,6.2,301.2,6.3,D,0
-17.2055,126.3864,325.4,1,1,2014-06-15,0154,Terra,MODIS,80,6.2,302.3,16.5,D,0
-17.2042,126.3771,348.2,1,1,2014-06-15,0154,Terra,MODIS,95,6.2,304.8,52,D,0
-17.2028,126.3677,343,1,1,2014-06-15,0154,Terra,MODIS,92,6.2,301.9,42.7,D,0
-14.9329,130.3559,323.9,1.3,1.1,2014-06-15,0154,Terra,MODIS,79,6.2,292.8,24.6,D,0
-14.2583,126.2007,324.7,1,1,2014-06-15,0154,Terra,MODIS,56,6.2,289,15.4,D,0
-14.2597,126.2101,328.1,1,1,2014-06-15,0154,Terra,MODIS,51,6.2,289.5,19.1,D,0
-14.2882,126.2152,326.6,1,1,2014-06-15,0154,Terra,MODIS,81,6.2,290.4,18.9,D,0
-15.3907,130.1139,325.9,1.3,1.1,2014-06-15,0154,Terra,MODIS,61,6.2,299.4,24.5,D,0
-15.3804,130.1152,322.7,1.3,1.1,2014-06-15,0154,Terra,MODIS,68,6.2,298.9,20.6,D,0
-15.3789,130.1032,341.5,1.3,1.1,2014-06-15,0154,Terra,MODIS,86,6.2,300.1,57.4,D,0
-15.988,126.2478,309.9,1,1,2014-06-15,0154,Terra,MODIS,25,6.2,297.9,3.2,D,0
-14.8477,126.629,314.8,1,1,2014-06-15,0154,Terra,MODIS,64,6.2,295.8,7.1,D,0
-16.128,124.6843,311.8,1.1,1,2014-06-15,0154,Terra,MODIS,61,6.2,297.4,7.3,D,0
-15.3187,130.1054,320.5,1.3,1.1,2014-06-15,0154,Terra,MODIS,53,6.2,297.4,17.7,D,0
-15.3101,130.1188,313.8,1.3,1.1,2014-06-15,0154,Terra,MODIS,30,6.2,295.3,9.3,D,0
-15.3085,130.1068,316.6,1.3,1.1,2014-06-15,0154,Terra,MODIS,48,6.2,296,13.2,D,0
-14.86,126.7121,310.6,1,1,2014-06-15,0154,Terra,MODIS,41,6.2,295.5,4.4,D,0
-14.923,126.3934,310.8,1,1,2014-06-15,0154,Terra,MODIS,56,6.2,295.4,4.5,D,0
-15.0239,127.39,312.5,1,1,2014-06-15,0154,Terra,MODIS,61,6.2,295.9,5.4,D,0
-15.2616,125.889,317.6,1,1,2014-06-15,0154,Terra,MODIS,72,6.2,295.4,10.8,D,0
-16.457,127.6327,309.7,1,1,2014-06-15,0154,Terra,MODIS,22,6.2,298.8,4.5,D,0
-16.1186,124.6858,310.1,1.1,1,2014-06-15,0154,Terra,MODIS,41,6.2,297.3,5.9,D,0
-15.1333,126.0754,312.9,1,1,2014-06-15,0154,Terra,MODIS,55,6.2,294.5,6.8,D,0
-15.1319,126.0661,311.8,1,1,2014-06-15,0154,Terra,MODIS,44,6.2,295.9,5.5,D,0
-16.8575,126.3988,322.5,1,1,2014-06-15,0154,Terra,MODIS,77,6.2,301.7,13.3,D,0
-16.8589,126.4081,320.2,1,1,2014-06-15,0154,Terra,MODIS,54,6.2,301.8,10.9,D,0
-16.8671,126.4003,325.1,1,1,2014-06-15,0154,Terra,MODIS,80,6.2,298.5,18.1,D,0
-16.8684,126.4097,325.1,1,1,2014-06-15,0154,Terra,MODIS,80,6.2,300,18,D,0
-15.6864,124.8085,310.9,1.1,1,2014-06-15,0154,Terra,MODIS,56,6.2,295.5,6.1,D,0
-14.6002,127.0718,318.1,1,1,2014-06-15,0154,Terra,MODIS,72,6.2,293.8,10.4,D,0
-15.0915,126.5348,311.6,1,1,2014-06-15,0154,Terra,MODIS,52,6.2,295,5.5,D,0
-14.9129,130.2652,343.5,1.3,1.1,2014-06-15,0154,Terra,MODIS,92,6.2,292.5,65.2,D,0
-15.2818,127.8392,326.1,1,1,2014-06-15,0154,Terra,MODIS,76,6.2,298,17.4,D,0
-15.2882,127.8188,329.2,1,1,2014-06-15,0154,Terra,MODIS,83,6.2,297.9,21.5,D,0
-15.2878,127.7511,324.7,1,1,2014-06-15,0154,Terra,MODIS,79,6.2,297.7,15.6,D,0
-15.2969,127.7497,346.2,1,1,2014-06-15,0154,Terra,MODIS,94,6.2,299,48.6,D,0
-15.8734,124.6654,313.9,1.1,1,2014-06-15,0154,Terra,MODIS,0,6.2,293,8,D,0
-15.9061,124.6287,312.4,1.1,1,2014-06-15,0154,Terra,MODIS,56,6.2,291.7,5.8,D,0
-15.9077,124.639,311.9,1.1,1,2014-06-15,0154,Terra,MODIS,59,6.2,292.2,5.3,D,0
-15.9155,124.627,344.2,1.1,1,2014-06-15,0154,Terra,MODIS,70,6.2,290.9,51.3,D,0
-15.2982,127.7591,344.7,1,1,2014-06-15,0154,Terra,MODIS,93,6.2,299.6,45.3,D,0
-15.3023,127.7875,325.1,1,1,2014-06-15,0154,Terra,MODIS,79,6.2,298.6,16.4,D,0
-15.9171,124.6374,344.6,1.1,1,2014-06-15,0154,Terra,MODIS,93,6.2,294,52,D,0
-15.9187,124.6476,334.6,1.1,1,2014-06-15,0154,Terra,MODIS,87,6.2,295.4,32.1,D,0
-17.5665,123.7169,322.2,1.2,1.1,2014-06-15,0155,Terra,MODIS,35,6.2,302.5,15.9,D,0
-17.5682,123.7277,321.4,1.2,1.1,2014-06-15,0155,Terra,MODIS,64,6.2,301.9,15.7,D,0
-18.552,121.8178,320.6,1.4,1.2,2014-06-15,0155,Terra,MODIS,76,6.2,299.9,22.4,D,0
-18.559,121.8583,310.9,1.4,1.2,2014-06-15,0155,Terra,MODIS,52,6.2,298.3,8.1,D,0
-18.5326,121.9252,310.4,1.4,1.2,2014-06-15,0155,Terra,MODIS,28,6.2,299.2,7.3,D,0
-19.1277,121.8802,325.1,1.4,1.2,2014-06-15,0155,Terra,MODIS,81,6.2,297.7,30.2,D,0
-19.1464,121.8631,315,1.4,1.2,2014-06-15,0155,Terra,MODIS,69,6.2,296.4,14.8,D,0
-20.7039,118.5359,312.2,2.2,1.4,2014-06-15,0156,Terra,MODIS,68,6.2,296.4,24.3,D,0
-20.7009,118.5296,313.4,2.2,1.4,2014-06-15,0156,Terra,MODIS,68,6.2,296,25.7,D,0
-20.7286,118.5966,308.2,2.2,1.4,2014-06-15,0156,Terra,MODIS,59,6.2,295.4,14.7,D,0
-20.7261,118.5902,309.4,2.2,1.4,2014-06-15,0156,Terra,MODIS,62,6.2,295.6,16.8,D,0
-21.1588,119.7088,334.4,1.8,1.3,2014-06-15,0156,Terra,MODIS,88,6.2,296.2,76.9,D,0
-21.1557,119.692,315.4,1.8,1.3,2014-06-15,0156,Terra,MODIS,73,6.2,293.8,26.6,D,0
-21.8251,120.0001,309.5,1.7,1.3,2014-06-15,0156,Terra,MODIS,64,6.2,292.9,14.6,D,0
-21.8224,119.9947,303.9,1.7,1.3,2014-06-15,0156,Terra,MODIS,34,6.2,292.6,7.3,D,0
-22.0274,120.4263,317.6,1.6,1.2,2014-06-15,0156,Terra,MODIS,77,6.2,292.6,26.7,D,0
-22.03,120.4412,308,1.5,1.2,2014-06-15,0156,Terra,MODIS,64,6.2,291.5,12.3,D,0
-23.8225,120.8279,303.1,1.4,1.2,2014-06-15,0156,Terra,MODIS,16,6.2,289.8,5.4,D,0
-22.8233,121.8839,320.9,1.2,1.1,2014-06-15,0156,Terra,MODIS,80,6.2,292,23.1,D,0
-22.8332,121.882,326.9,1.2,1.1,2014-06-15,0156,Terra,MODIS,84,6.2,293.7,30.6,D,0
-30.8683,121.4964,308.1,1,1,2014-06-15,0158,Terra,MODIS,66,6.2,287.4,9.8,D,2
-25.2693,142.1792,316,1.4,1.2,2014-06-15,0439,Aqua,MODIS,75,6.2,291.9,20.2,D,0
-25.2717,142.1655,307.6,1.4,1.2,2014-06-15,0439,Aqua,MODIS,62,6.2,292.4,10.1,D,0
-20.1097,127.9249,311,3.1,1.7,2014-06-15,0441,Aqua,MODIS,57,6.2,300,24.7,D,0
-17.2176,126.3667,321.8,3.8,1.8,2014-06-15,0441,Aqua,MODIS,76,6.2,303.3,87.2,D,0
-17.2213,126.3307,315.9,3.8,1.8,2014-06-15,0441,Aqua,MODIS,53,6.2,300.6,52.6,D,0
-17.2072,126.3699,317,3.8,1.8,2014-06-15,0441,Aqua,MODIS,63,6.2,304.3,54,D,0
-17.2106,126.3339,321.8,3.8,1.8,2014-06-15,0441,Aqua,MODIS,76,6.2,302.1,89.8,D,0
-16.0729,136.2913,336.6,1,1,2014-06-15,0441,Aqua,MODIS,88,6.2,291,32,D,0
-16.1296,136.2209,353.6,1,1,2014-06-15,0441,Aqua,MODIS,97,6.2,301.4,61.8,D,0
-16.14,136.213,347.7,1,1,2014-06-15,0441,Aqua,MODIS,94,6.2,302,48.8,D,0
-16.131,136.2116,379.6,1,1,2014-06-15,0441,Aqua,MODIS,100,6.2,306.1,144.5,D,0
-16.158,136.2158,350.2,1,1,2014-06-15,0441,Aqua,MODIS,95,6.2,303.3,53,D,0
-16.2105,136.2298,319.4,1,1,2014-06-15,0441,Aqua,MODIS,20,6.2,301.8,9.3,D,0
-16.1539,136.2438,353.7,1,1,2014-06-15,0441,Aqua,MODIS,97,6.2,301.1,63,D,0
-16.2029,136.2191,328.7,1,1,2014-06-15,0441,Aqua,MODIS,73,6.2,302.4,19.3,D,0
-16.167,136.2172,331.6,1,1,2014-06-15,0441,Aqua,MODIS,70,6.2,302,22.2,D,0
-16.1593,136.2065,388.6,1,1,2014-06-15,0441,Aqua,MODIS,100,6.2,307.1,183.3,D,0
-16.1773,136.2093,338.8,1,1,2014-06-15,0441,Aqua,MODIS,89,6.2,303,33.5,D,0
-16.176,136.2187,330,1,1,2014-06-15,0441,Aqua,MODIS,72,6.2,300.7,20.4,D,0
-16.1952,136.2083,324.6,1,1,2014-06-15,0441,Aqua,MODIS,55,6.2,301.5,14.2,D,0
-16.1939,136.2176,326.2,1,1,2014-06-15,0441,Aqua,MODIS,64,6.2,301,16.2,D,0
-12.6866,133.0307,322.2,1.1,1.1,2014-06-15,0442,Aqua,MODIS,55,6.2,296.6,13.1,D,0
-14.743,130.7939,311.7,1.6,1.2,2014-06-15,0442,Aqua,MODIS,27,6.2,297.4,9,D,0
-14.7317,130.7925,313,1.6,1.2,2014-06-15,0442,Aqua,MODIS,56,6.2,296.8,11.1,D,0
-13.8005,131.6688,320.9,1.4,1.2,2014-06-15,0442,Aqua,MODIS,70,6.2,299.9,16.8,D,0
-13.8021,131.6562,323.3,1.4,1.2,2014-06-15,0442,Aqua,MODIS,76,6.2,299.9,21.5,D,0
-13.366,132.7436,316.7,1.2,1.1,2014-06-15,0442,Aqua,MODIS,59,6.2,295.4,9.3,D,0
-13.3674,132.7329,316,1.2,1.1,2014-06-15,0442,Aqua,MODIS,50,6.2,296.1,8.7,D,0
-13.3642,132.7377,318.5,1.2,1.1,2014-06-15,0442,Aqua,MODIS,68,6.2,295.4,12.5,D,0
-13.2146,132.4146,338.1,1.2,1.1,2014-06-15,0442,Aqua,MODIS,88,6.2,300.7,41.2,D,0
-14.1508,131.06,329.1,1.5,1.2,2014-06-15,0442,Aqua,MODIS,59,6.2,299.2,35.1,D,0
-14.1762,131.0349,320.8,1.5,1.2,2014-06-15,0442,Aqua,MODIS,32,6.2,300,17.6,D,0
-14.1818,131.0784,322.9,1.5,1.2,2014-06-15,0442,Aqua,MODIS,38,6.2,299.4,21.9,D,0
-13.266,132.5626,318.1,1.2,1.1,2014-06-15,0442,Aqua,MODIS,59,6.2,297.5,9.5,D,0
-12.7938,131.8232,330,1.3,1.1,2014-06-15,0442,Aqua,MODIS,83,6.2,296.9,28.2,D,0
-12.6821,133.0234,316.5,1.1,1.1,2014-06-15,0442,Aqua,MODIS,59,6.2,295.9,8.9,D,0
-14.7335,130.7777,313.9,1.6,1.3,2014-06-15,0442,Aqua,MODIS,60,6.2,297.5,12.8,D,0
-14.2252,136.5952,308.3,1,1,2014-06-15,0442,Aqua,MODIS,52,6.2,289.4,6,D,0
-13.6255,133.3716,324.1,1.1,1,2014-06-15,0442,Aqua,MODIS,36,6.2,300.4,14.8,D,0
-13.6161,133.3703,330.2,1.1,1,2014-06-15,0442,Aqua,MODIS,78,6.2,300.1,23.5,D,0
-12.8364,132.5712,314.3,1.2,1.1,2014-06-15,0442,Aqua,MODIS,42,6.2,295.4,6.6,D,0
-12.8475,132.5784,317.5,1.2,1.1,2014-06-15,0442,Aqua,MODIS,56,6.2,294,9.3,D,0
-13.5174,131.8126,340.4,1.3,1.1,2014-06-15,0442,Aqua,MODIS,90,6.2,298.9,52.5,D,0
-13.5276,131.8141,340.7,1.3,1.1,2014-06-15,0442,Aqua,MODIS,90,6.2,300.9,52.3,D,0
-13.5261,131.8262,333,1.3,1.1,2014-06-15,0442,Aqua,MODIS,85,6.2,298.1,34.8,D,0
-13.5363,131.8278,323.1,1.3,1.1,2014-06-15,0442,Aqua,MODIS,73,6.2,298.1,17.8,D,0
-14.6992,130.6916,315.4,1.6,1.3,2014-06-15,0442,Aqua,MODIS,25,6.2,293.1,14.7,D,0
-14.7011,130.6763,324.3,1.6,1.3,2014-06-15,0442,Aqua,MODIS,78,6.2,293.2,33.4,D,0
-13.3677,131.0977,318.6,1.5,1.2,2014-06-15,0442,Aqua,MODIS,36,6.2,298.4,14.4,D,0
-13.67,133.363,315.9,1.1,1,2014-06-15,0442,Aqua,MODIS,52,6.2,299.4,6.8,D,0
-13.6727,133.3429,327.3,1.1,1,2014-06-15,0442,Aqua,MODIS,69,6.2,300.8,18.8,D,0
-13.6741,133.3327,330.9,1.1,1,2014-06-15,0442,Aqua,MODIS,83,6.2,300.1,24,D,0
-13.6647,133.3313,320.7,1.1,1,2014-06-15,0442,Aqua,MODIS,71,6.2,300.3,11.6,D,0
-13.666,133.321,323,1.1,1,2014-06-15,0442,Aqua,MODIS,76,6.2,299.2,15.1,D,0
-14.2256,134.9341,314,1,1,2014-06-15,0442,Aqua,MODIS,62,6.2,299.1,6.4,D,0
-13.332,131.12,317.9,1.5,1.2,2014-06-15,0442,Aqua,MODIS,64,6.2,299.4,13,D,0
-13.872,134.4375,320.3,1,1,2014-06-15,0442,Aqua,MODIS,59,6.2,289.7,12.5,D,0
-13.6153,134.3721,335.2,1,1,2014-06-15,0442,Aqua,MODIS,66,6.2,300.4,28.6,D,0
-14.7332,130.6854,315.2,1.6,1.3,2014-06-15,0442,Aqua,MODIS,63,6.2,295.8,15.6,D,0
-14.735,130.6705,310.9,1.6,1.3,2014-06-15,0442,Aqua,MODIS,21,6.2,295.7,9.1,D,0
-14.7352,130.6806,317,1.6,1.3,2014-06-15,0442,Aqua,MODIS,24,6.2,296.4,17,D,0
-13.5708,131.6443,319.5,1.4,1.2,2014-06-15,0442,Aqua,MODIS,50,6.2,300,15.6,D,0
-13.5724,131.6318,322.8,1.4,1.2,2014-06-15,0442,Aqua,MODIS,74,6.2,299.4,20.9,D,0
-13.61,131.6437,317.8,1.4,1.2,2014-06-15,0442,Aqua,MODIS,17,6.2,299.3,10.6,D,0
-13.6189,131.6575,319.2,1.4,1.2,2014-06-15,0442,Aqua,MODIS,66,6.2,300.5,12.8,D,0
-13.591,132.1913,328.9,1.3,1.1,2014-06-15,0442,Aqua,MODIS,81,6.2,300.6,25.4,D,0
-13.5925,132.1797,328.6,1.3,1.1,2014-06-15,0442,Aqua,MODIS,81,6.2,300,24.6,D,0
-13.581,132.1899,319.9,1.3,1.1,2014-06-15,0442,Aqua,MODIS,70,6.2,300.6,13.5,D,0
-13.5825,132.1783,361.1,1.3,1.1,2014-06-15,0442,Aqua,MODIS,100,6.2,303,114.6,D,0
-14.6597,130.7327,319.5,1.6,1.3,2014-06-15,0442,Aqua,MODIS,38,6.2,295.6,19.3,D,0
-14.7728,130.6444,338.8,1.7,1.3,2014-06-15,0442,Aqua,MODIS,87,6.2,297.7,69.6,D,0
-13.9513,134.5326,341,1,1,2014-06-15,0442,Aqua,MODIS,89,6.2,298.2,37.7,D,0
-13.6792,130.7154,314.8,1.6,1.2,2014-06-15,0442,Aqua,MODIS,47,6.2,296,11.8,D,0
-13.3266,131.8724,345.8,1.3,1.1,2014-06-15,0442,Aqua,MODIS,93,6.2,299.7,66.5,D,0
-13.3164,131.871,327.2,1.3,1.1,2014-06-15,0442,Aqua,MODIS,79,6.2,297.8,24.5,D,0
-13.584,132.1667,318.7,1.3,1.1,2014-06-15,0442,Aqua,MODIS,64,6.2,298.5,11.4,D,0
-14.0645,131.9114,319.6,1.3,1.1,2014-06-15,0442,Aqua,MODIS,57,6.2,303.2,11.2,D,0
-14.016,132.8342,318.9,1.2,1.1,2014-06-15,0442,Aqua,MODIS,69,6.2,302.5,7.3,D,0
-15.4249,131.8427,316.8,1.4,1.2,2014-06-15,0442,Aqua,MODIS,47,6.2,301.6,12.3,D,0
-15.4354,131.8441,316.2,1.4,1.2,2014-06-15,0442,Aqua,MODIS,34,6.2,304.1,10.9,D,0
-13.7084,131.9126,360.1,1.3,1.1,2014-06-15,0442,Aqua,MODIS,100,6.2,303.2,114.4,D,0
-13.7202,131.9019,333.9,1.3,1.1,2014-06-15,0442,Aqua,MODIS,84,6.2,302.2,35.9,D,0
-13.7186,131.914,337.9,1.3,1.1,2014-06-15,0442,Aqua,MODIS,88,6.2,300.9,45.2,D,0
-13.688,131.9097,324.3,1.3,1.1,2014-06-15,0442,Aqua,MODIS,49,6.2,299,19.9,D,0
-13.6982,131.9112,333.7,1.3,1.1,2014-06-15,0442,Aqua,MODIS,66,6.2,300.3,35.9,D,0
-13.2758,132.5636,350.1,1.2,1.1,2014-06-15,0442,Aqua,MODIS,95,6.2,300.2,69.8,D,0
-13.0878,131.7602,319.2,1.3,1.1,2014-06-15,0442,Aqua,MODIS,41,6.2,300.2,9.4,D,0
-13.2132,132.4256,317.5,1.2,1.1,2014-06-15,0442,Aqua,MODIS,31,6.2,298.5,7.3,D,0
-13.4922,131.009,325.6,1.5,1.2,2014-06-15,0442,Aqua,MODIS,78,6.2,301.6,27.4,D,0
-13.4967,131.0021,322.6,1.5,1.2,2014-06-15,0442,Aqua,MODIS,74,6.2,301,21.6,D,0
-13.495,131.0158,322,1.5,1.2,2014-06-15,0442,Aqua,MODIS,70,6.2,301.3,20.2,D,0
-13.6356,131.7729,327.1,1.3,1.1,2014-06-15,0442,Aqua,MODIS,80,6.2,300.2,24.3,D,0
-13.6459,131.7743,323.3,1.3,1.1,2014-06-15,0442,Aqua,MODIS,59,6.2,300.6,17.1,D,0
-13.7445,133.6355,321.7,1.1,1,2014-06-15,0442,Aqua,MODIS,69,6.2,300.8,11.9,D,0
-14.3318,132.8965,319,1.2,1.1,2014-06-15,0442,Aqua,MODIS,68,6.2,302,11.3,D,0
-14.3312,132.7518,315.3,1.2,1.1,2014-06-15,0442,Aqua,MODIS,59,6.2,301.3,7.1,D,0
-13.5233,132.7724,316.8,1.2,1.1,2014-06-15,0442,Aqua,MODIS,35,6.2,298.1,8.2,D,0
-13.0484,131.7425,319.1,1.3,1.1,2014-06-15,0442,Aqua,MODIS,68,6.2,301.1,8.6,D,0
-13.634,131.7853,322.4,1.3,1.1,2014-06-15,0442,Aqua,MODIS,72,6.2,300.6,16.2,D,0
-13.6648,131.7896,319.1,1.3,1.1,2014-06-15,0442,Aqua,MODIS,37,6.2,300.3,10.7,D,0
-13.504,132.7695,317.6,1.2,1.1,2014-06-15,0442,Aqua,MODIS,47,6.2,297.7,8.8,D,0
-13.5137,132.7709,335.6,1.2,1.1,2014-06-15,0442,Aqua,MODIS,87,6.2,299.7,35.4,D,0
-13.7316,131.6528,344.6,1.4,1.2,2014-06-15,0442,Aqua,MODIS,92,6.2,300.8,66.4,D,0
-13.742,131.6542,349.8,1.4,1.2,2014-06-15,0442,Aqua,MODIS,95,6.2,299.2,83.6,D,0
-13.73,131.6654,325.6,1.4,1.2,2014-06-15,0442,Aqua,MODIS,78,6.2,301.5,21.5,D,0
-13.7404,131.6668,367.1,1.4,1.2,2014-06-15,0442,Aqua,MODIS,100,6.2,302.8,154.2,D,0
-13.7492,131.6807,316.4,1.4,1.2,2014-06-15,0442,Aqua,MODIS,55,6.2,298.6,9.4,D,0
-12.8011,132.6861,318.4,1.2,1.1,2014-06-15,0442,Aqua,MODIS,65,6.2,294.3,13.8,D,0
-12.8761,132.948,325.7,1.1,1.1,2014-06-15,0442,Aqua,MODIS,78,6.2,294.7,19.3,D,0
-12.7624,130.7355,319.9,1.5,1.2,2014-06-15,0442,Aqua,MODIS,61,6.2,294.4,20.7,D,0
-14.6791,134.5195,331.2,1,1,2014-06-15,0442,Aqua,MODIS,83,6.2,304.2,24.2,D,0
-12.723,130.8708,315.1,1.5,1.2,2014-06-15,0442,Aqua,MODIS,66,6.2,293.9,14.6,D,0
-12.8808,130.8061,321.4,1.5,1.2,2014-06-15,0442,Aqua,MODIS,47,6.2,294.3,17,D,0
-12.9082,132.6416,344.4,1.2,1.1,2014-06-15,0442,Aqua,MODIS,92,6.2,298.8,52.1,D,0
-12.8708,132.9155,320.2,1.1,1.1,2014-06-15,0442,Aqua,MODIS,58,6.2,293,11.6,D,0
-12.6419,133.5032,313.2,1.1,1,2014-06-15,0442,Aqua,MODIS,56,6.2,291.9,5.8,D,0
-12.8313,132.9205,317.6,1.1,1.1,2014-06-15,0442,Aqua,MODIS,43,6.2,292.7,10.3,D,0
-12.732,133.5118,317.5,1.1,1,2014-06-15,0442,Aqua,MODIS,68,6.2,293.8,10.3,D,0
-13.0037,133.8172,316.4,1,1,2014-06-15,0442,Aqua,MODIS,65,6.2,297.1,9.2,D,0
-12.8685,130.7991,355.3,1.5,1.2,2014-06-15,0442,Aqua,MODIS,98,6.2,297.9,113.9,D,0
-12.6498,133.5144,311.8,1.1,1,2014-06-15,0442,Aqua,MODIS,26,6.2,290.8,4.7,D,0
-12.8938,132.9254,335.3,1.1,1.1,2014-06-15,0442,Aqua,MODIS,86,6.2,297.3,32.4,D,0
-12.4063,134.3456,350.1,1,1,2014-06-15,0442,Aqua,MODIS,95,6.2,297.1,55.1,D,0
-12.8503,132.9232,369.7,1.1,1.1,2014-06-15,0442,Aqua,MODIS,100,6.2,297,128,D,0
-14.5917,134.4911,365.5,1,1,2014-06-15,0442,Aqua,MODIS,100,6.2,305.2,95.9,D,0
-12.8447,132.9646,314.3,1.1,1.1,2014-06-15,0442,Aqua,MODIS,54,6.2,293,6.9,D,0
-12.6406,133.513,316.2,1.1,1,2014-06-15,0442,Aqua,MODIS,66,6.2,291.6,8.9,D,0
-12.9067,132.6523,343.3,1.2,1.1,2014-06-15,0442,Aqua,MODIS,91,6.2,299.2,49.9,D,0
-12.8613,132.9142,341.9,1.1,1.1,2014-06-15,0442,Aqua,MODIS,91,6.2,295,44.8,D,0
-12.8599,132.9245,343.8,1.1,1.1,2014-06-15,0442,Aqua,MODIS,92,6.2,295.2,48.9,D,0
-12.8517,132.9128,331.4,1.1,1.1,2014-06-15,0442,Aqua,MODIS,83,6.2,294,26.2,D,0
-14.5422,134.5802,322.8,1,1,2014-06-15,0442,Aqua,MODIS,66,6.2,303.7,12,D,0
-12.8952,132.915,350.5,1.1,1.1,2014-06-15,0442,Aqua,MODIS,95,6.2,297.6,65,D,0
-12.4227,134.3537,323.4,1,1,2014-06-15,0442,Aqua,MODIS,26,6.2,294.9,11.8,D,0
-12.6778,134.5046,317.1,1,1,2014-06-15,0442,Aqua,MODIS,43,6.2,299.5,7,D,0
-13.0642,134.2383,333.1,1,1,2014-06-15,0442,Aqua,MODIS,85,6.2,300.8,27.4,D,0
-13.234,133.685,322,1.1,1,2014-06-15,0442,Aqua,MODIS,74,6.2,301.1,13.3,D,0
-13.0629,134.2477,329.2,1,1,2014-06-15,0442,Aqua,MODIS,82,6.2,297.8,21.8,D,0
-12.9103,132.8746,323.9,1.1,1.1,2014-06-15,0442,Aqua,MODIS,75,6.2,295.6,15.7,D,0
-12.8651,131.3579,322.3,1.4,1.2,2014-06-15,0442,Aqua,MODIS,59,6.2,297.4,18.1,D,0
-13.3116,134.3124,313,1,1,2014-06-15,0442,Aqua,MODIS,58,6.2,297.8,5.8,D,0
-12.6898,131.5386,315.2,1.3,1.1,2014-06-15,0442,Aqua,MODIS,57,6.2,292.9,9.9,D,0
-12.6985,131.5338,312.6,1.3,1.1,2014-06-15,0442,Aqua,MODIS,29,6.2,293.6,8,D,0
-12.8484,130.7823,339.4,1.5,1.2,2014-06-15,0442,Aqua,MODIS,87,6.2,295.4,60.6,D,0
-12.9213,132.5446,316,1.2,1.1,2014-06-15,0442,Aqua,MODIS,62,6.2,294.3,9.8,D,0
-12.6847,130.7199,314.7,1.5,1.2,2014-06-15,0442,Aqua,MODIS,67,6.2,293.4,14.3,D,0
-12.4344,134.3365,334.5,1,1,2014-06-15,0442,Aqua,MODIS,87,6.2,295.2,24.5,D,0
-14.5998,134.4884,325.8,1,1,2014-06-15,0442,Aqua,MODIS,78,6.2,302.3,15.9,D,0
-12.776,131.8808,339.6,1.3,1.1,2014-06-15,0442,Aqua,MODIS,89,6.2,294.8,47.8,D,0
-12.6433,134.6154,320,1,1,2014-06-15,0442,Aqua,MODIS,75,6.2,296.2,12.4,D,0
-13.6923,134.4754,325.4,1,1,2014-06-15,0442,Aqua,MODIS,57,6.2,286.7,16,D,0
-12.7861,131.8822,330.4,1.3,1.1,2014-06-15,0442,Aqua,MODIS,83,6.2,294.9,27.9,D,0
-12.652,134.6231,315,1,1,2014-06-15,0442,Aqua,MODIS,54,6.2,296.9,7,D,0
-12.9053,132.663,322.1,1.2,1.1,2014-06-15,0442,Aqua,MODIS,42,6.2,297.1,13.1,D,0
-12.3998,134.3258,323.4,1,1,2014-06-15,0442,Aqua,MODIS,78,6.2,293.3,14.8,D,0
-13.0565,134.2276,316.6,1,1,2014-06-15,0442,Aqua,MODIS,66,6.2,298.2,9.1,D,0
-12.6366,131.5438,340.9,1.3,1.1,2014-06-15,0442,Aqua,MODIS,91,6.2,292.1,57.9,D,0
-12.5694,134.2303,313.6,1,1,2014-06-15,0442,Aqua,MODIS,63,6.2,293,6.9,D,0
-12.4076,134.3364,336.5,1,1,2014-06-15,0442,Aqua,MODIS,88,6.2,295.8,30.8,D,0
-13.0849,133.6174,331.6,1.1,1,2014-06-15,0442,Aqua,MODIS,84,6.2,300.7,25.8,D,0
-12.897,132.651,331.3,1.2,1.1,2014-06-15,0442,Aqua,MODIS,83,6.2,297.4,27,D,0
-12.7996,132.6967,314.1,1.2,1.1,2014-06-15,0442,Aqua,MODIS,52,6.2,289.8,9.9,D,0
-13.2806,134.2022,320.5,1,1,2014-06-15,0442,Aqua,MODIS,73,6.2,302.1,11.3,D,0
-12.3985,134.335,367.8,1,1,2014-06-15,0442,Aqua,MODIS,100,6.2,297.8,104.6,D,0
-12.6791,134.4954,325.7,1,1,2014-06-15,0442,Aqua,MODIS,80,6.2,298.9,16.2,D,0
-12.8746,132.9584,329.4,1.1,1.1,2014-06-15,0442,Aqua,MODIS,82,6.2,294.1,24.7,D,0
-12.8801,132.9552,322.5,1.1,1.1,2014-06-15,0442,Aqua,MODIS,53,6.2,293.8,14.2,D,0
-12.7515,130.734,315.6,1.5,1.2,2014-06-15,0442,Aqua,MODIS,25,6.2,292.7,14.3,D,0
-12.4485,134.367,319.9,1,1,2014-06-15,0442,Aqua,MODIS,40,6.2,294.2,9.7,D,0
-12.8985,132.6403,322.3,1.2,1.1,2014-06-15,0442,Aqua,MODIS,46,6.2,295.4,13.7,D,0
-13.0756,133.616,316.4,1.1,1,2014-06-15,0442,Aqua,MODIS,51,6.2,298,8.1,D,0
-12.343,134.3363,323.4,1,1,2014-06-15,0442,Aqua,MODIS,32,6.2,296.4,12.9,D,0
-12.6255,132.9422,312.9,1.1,1.1,2014-06-15,0442,Aqua,MODIS,46,6.2,293.2,5.9,D,0
-13.0552,134.237,349.7,1,1,2014-06-15,0442,Aqua,MODIS,95,6.2,300.7,58.1,D,0
-12.899,132.7809,318.6,1.1,1.1,2014-06-15,0442,Aqua,MODIS,62,6.2,295.3,11.3,D,0
-12.8956,132.6616,321.7,1.2,1.1,2014-06-15,0442,Aqua,MODIS,39,6.2,297.2,12.4,D,0
-12.6469,131.5452,338,1.3,1.1,2014-06-15,0442,Aqua,MODIS,89,6.2,293.7,49.8,D,0
-14.6297,134.4734,319.1,1,1,2014-06-15,0442,Aqua,MODIS,46,6.2,303,8.6,D,0
-12.6891,132.9722,320.3,1.1,1.1,2014-06-15,0442,Aqua,MODIS,73,6.2,292.7,14.2,D,0
-12.821,134.0653,340.3,1,1,2014-06-15,0442,Aqua,MODIS,90,6.2,299.4,37.2,D,0
-12.8197,134.0748,327.6,1,1,2014-06-15,0442,Aqua,MODIS,81,6.2,300,18.3,D,0
-12.4137,134.3524,350.3,1,1,2014-06-15,0442,Aqua,MODIS,95,6.2,296,53.5,D,0
-12.405,134.3549,325,1,1,2014-06-15,0442,Aqua,MODIS,79,6.2,293.7,16.2,D,0
-12.0893,134.8952,314.9,1,1,2014-06-15,0442,Aqua,MODIS,63,6.2,293.3,6.8,D,0
-12.415,134.3431,335.8,1,1,2014-06-15,0442,Aqua,MODIS,66,6.2,295.8,26.7,D,0
-12.4253,134.3352,330.7,1,1,2014-06-15,0442,Aqua,MODIS,72,6.2,293.2,19.1,D,0
-12.8522,130.8391,326.4,1.5,1.2,2014-06-15,0442,Aqua,MODIS,64,6.2,295.2,27.9,D,0
-14.5565,134.5437,318.6,1,1,2014-06-15,0442,Aqua,MODIS,32,6.2,303,7.7,D,0
-12.9401,132.5759,314.8,1.2,1.1,2014-06-15,0442,Aqua,MODIS,35,6.2,296.5,6.2,D,0
-12.8594,130.7837,339.4,1.5,1.2,2014-06-15,0442,Aqua,MODIS,57,6.2,294.2,57,D,0
-12.6935,132.9794,313.8,1.1,1.1,2014-06-15,0442,Aqua,MODIS,38,6.2,293.5,6.5,D,0
-12.4989,131.9789,311.7,1.3,1.1,2014-06-15,0442,Aqua,MODIS,58,6.2,291.7,8,D,0
-12.6835,133.0132,321.9,1.1,1.1,2014-06-15,0442,Aqua,MODIS,75,6.2,296.1,14.5,D,0
-12.424,134.3445,331.5,1,1,2014-06-15,0442,Aqua,MODIS,85,6.2,295.1,21.2,D,0
-13.2326,133.6947,314.9,1.1,1,2014-06-15,0442,Aqua,MODIS,61,6.2,300.9,6.1,D,0
-14.6311,134.4639,322.2,1,1,2014-06-15,0442,Aqua,MODIS,72,6.2,302.4,11.8,D,0
-14.5985,134.4978,320.5,1,1,2014-06-15,0442,Aqua,MODIS,35,6.2,301.4,9.3,D,0
-12.4331,134.3458,342.3,1,1,2014-06-15,0442,Aqua,MODIS,92,6.2,296.6,37.1,D,0
-12.8793,132.8531,319.9,1.1,1.1,2014-06-15,0442,Aqua,MODIS,62,6.2,295,12.7,D,0
-13.4021,133.5918,313.2,1.1,1,2014-06-15,0442,Aqua,MODIS,55,6.2,298.6,5.8,D,0
-14.5072,134.5654,315.9,1,1,2014-06-15,0442,Aqua,MODIS,43,6.2,300.9,6.1,D,0
-12.4838,132.4809,311.8,1.2,1.1,2014-06-15,0442,Aqua,MODIS,41,6.2,290.7,7,D,0
-12.8776,130.8145,325.4,1.5,1.2,2014-06-15,0442,Aqua,MODIS,41,6.2,295.8,23.6,D,0
-12.7307,133.5216,313.9,1.1,1,2014-06-15,0442,Aqua,MODIS,59,6.2,293.3,6.8,D,0
-14.6804,134.51,327,1,1,2014-06-15,0442,Aqua,MODIS,79,6.2,304,18.2,D,0
-14.5787,134.518,340.1,1,1,2014-06-15,0442,Aqua,MODIS,90,6.2,303.6,35.1,D,0
-14.58,134.5086,324.1,1,1,2014-06-15,0442,Aqua,MODIS,39,6.2,301.6,12.6,D,0
-13.1334,133.7433,313.4,1.1,1,2014-06-15,0442,Aqua,MODIS,43,6.2,297.3,5.8,D,0
-14.5931,134.4816,325.1,1,1,2014-06-15,0442,Aqua,MODIS,76,6.2,300.2,15.1,D,0
-14.5552,134.5532,316.3,1,1,2014-06-15,0442,Aqua,MODIS,15,6.2,302.2,6,D,0
-12.9199,132.5555,326.7,1.2,1.1,2014-06-15,0442,Aqua,MODIS,79,6.2,296.6,23.1,D,0
-12.4089,134.3271,317.9,1,1,2014-06-15,0442,Aqua,MODIS,26,6.2,292.4,8.3,D,0
-14.5163,134.5667,316.2,1,1,2014-06-15,0442,Aqua,MODIS,34,6.2,301.7,6.3,D,0
-14.5696,134.5167,335.3,1,1,2014-06-15,0442,Aqua,MODIS,86,6.2,304.1,26.6,D,0
-12.998,134.3145,317.1,1,1,2014-06-15,0442,Aqua,MODIS,68,6.2,297.5,10.3,D,0
-12.8502,130.7683,321.9,1.5,1.2,2014-06-15,0442,Aqua,MODIS,23,6.2,293.5,20.4,D,0
-14.6662,134.4788,317.9,1,1,2014-06-15,0442,Aqua,MODIS,53,6.2,302.2,7.2,D,0
-13.3103,134.3217,324.5,1,1,2014-06-15,0442,Aqua,MODIS,78,6.2,299.3,16.9,D,0
-14.5618,134.5059,328.1,1,1,2014-06-15,0442,Aqua,MODIS,52,6.2,300.8,17.6,D,0
-12.6523,133.6336,312.5,1.1,1,2014-06-15,0442,Aqua,MODIS,39,6.2,294.1,5,D,0
-14.4018,126.6439,329.4,3.3,1.7,2014-06-15,0442,Aqua,MODIS,84,6.2,287,136.2,D,0
-14.4051,126.6135,310.2,3.3,1.7,2014-06-15,0442,Aqua,MODIS,60,6.2,283.2,31.1,D,0
-14.4055,126.6373,323.4,3.3,1.7,2014-06-15,0442,Aqua,MODIS,79,6.2,286.7,94.5,D,0
-12.8012,134.6042,328.5,1,1,2014-06-15,0442,Aqua,MODIS,82,6.2,298.3,21,D,0
-12.9447,130.9127,317.4,1.5,1.2,2014-06-15,0442,Aqua,MODIS,60,6.2,296,13.4,D,0
-12.5503,132.5013,319.8,1.2,1.1,2014-06-15,0442,Aqua,MODIS,68,6.2,291.9,15.6,D,0
-14.7076,132.8285,322.2,1.2,1.1,2014-06-15,0442,Aqua,MODIS,73,6.2,304.4,12.9,D,0
-14.6978,132.8272,317.3,1.2,1.1,2014-06-15,0442,Aqua,MODIS,21,6.2,304.3,6.6,D,0
-14.4867,133.1808,322.9,1.1,1.1,2014-06-15,0442,Aqua,MODIS,74,6.2,303.1,14.8,D,0
-14.4771,133.1794,327.6,1.1,1.1,2014-06-15,0442,Aqua,MODIS,79,6.2,301.7,20.5,D,0
-14.5468,133.0551,316.2,1.2,1.1,2014-06-15,0442,Aqua,MODIS,60,6.2,302.9,6.8,D,0
-14.5754,132.8383,353.9,1.2,1.1,2014-06-15,0442,Aqua,MODIS,97,6.2,302.4,77.2,D,0
-14.4881,133.1702,322.1,1.1,1.1,2014-06-15,0442,Aqua,MODIS,73,6.2,302.9,13.8,D,0
-14.4786,133.1687,324.9,1.1,1.1,2014-06-15,0442,Aqua,MODIS,76,6.2,300.6,16.7,D,0
-12.6007,131.2005,332.2,1.4,1.2,2014-06-15,0442,Aqua,MODIS,86,6.2,292.7,43.9,D,0
-13.6049,134.3802,323,1,1,2014-06-15,0442,Aqua,MODIS,73,6.2,300.7,14.1,D,0
-13.6062,134.3708,324.5,1,1,2014-06-15,0442,Aqua,MODIS,63,6.2,299.5,15.6,D,0
-12.9224,134.202,314.6,1,1,2014-06-15,0442,Aqua,MODIS,63,6.2,295.3,7.9,D,0
-12.9237,134.1926,313.2,1,1,2014-06-15,0442,Aqua,MODIS,59,6.2,295.8,6.8,D,0
-14.392,132.9884,314.6,1.2,1.1,2014-06-15,0442,Aqua,MODIS,55,6.2,301.6,6.6,D,0
-12.7999,134.6134,314.7,1,1,2014-06-15,0442,Aqua,MODIS,65,6.2,297.6,6.9,D,0
-15.6684,129.2417,322.2,2.2,1.4,2014-06-15,0442,Aqua,MODIS,73,6.2,301.4,40.9,D,0
-12.6023,131.1875,312.9,1.4,1.2,2014-06-15,0442,Aqua,MODIS,63,6.2,292.1,10.2,D,0
-12.6365,133.6116,312.1,1.1,1,2014-06-15,0442,Aqua,MODIS,54,6.2,293.7,5.5,D,0
-15.1131,130.0994,340.3,1.8,1.3,2014-06-15,0442,Aqua,MODIS,90,6.2,302.1,84.5,D,0
-15.1489,130.104,345.5,1.8,1.3,2014-06-15,0442,Aqua,MODIS,93,6.2,304.1,107.6,D,0
-15.1608,130.1056,333.5,1.8,1.3,2014-06-15,0442,Aqua,MODIS,81,6.2,302.3,58.5,D,0
-14.901,130.2474,329,1.8,1.3,2014-06-15,0442,Aqua,MODIS,53,6.2,297.2,47.7,D,0
-15.3832,129.8808,315.7,1.9,1.4,2014-06-15,0442,Aqua,MODIS,40,6.2,300,18.7,D,0
-12.9651,130.1401,313.7,1.7,1.3,2014-06-15,0442,Aqua,MODIS,0,6.2,292.6,13.9,D,0
-14.9088,130.2817,321.2,1.8,1.3,2014-06-15,0442,Aqua,MODIS,20,6.2,297.2,26.9,D,0
-14.9128,130.2489,336,1.8,1.3,2014-06-15,0442,Aqua,MODIS,87,6.2,300.3,70.9,D,0
-14.8419,126.5984,310.9,3.4,1.7,2014-06-15,0442,Aqua,MODIS,44,6.2,291.3,26.1,D,0
-14.8439,126.6257,312.5,3.4,1.7,2014-06-15,0442,Aqua,MODIS,37,6.2,292.8,30.9,D,0
-14.8474,126.5948,313.5,3.4,1.7,2014-06-15,0442,Aqua,MODIS,56,6.2,291.7,36.3,D,0
-15.0991,130.1149,324.1,1.8,1.3,2014-06-15,0442,Aqua,MODIS,41,6.2,300.8,35.6,D,0
-13.9324,130.7966,315.9,1.6,1.2,2014-06-15,0442,Aqua,MODIS,56,6.2,298.3,13.7,D,0
-15.1678,130.0944,343.4,1.8,1.3,2014-06-15,0442,Aqua,MODIS,92,6.2,302,98.3,D,0
-13.8531,130.4157,331.5,1.7,1.3,2014-06-15,0442,Aqua,MODIS,84,6.2,295.3,48.8,D,0
-14.9952,130.4138,313.7,1.7,1.3,2014-06-15,0442,Aqua,MODIS,35,6.2,299.9,12,D,0
-15.0082,127.7286,315.9,2.8,1.6,2014-06-15,0442,Aqua,MODIS,69,6.2,294.6,38.1,D,0
-16.3546,128.1007,314.4,2.7,1.6,2014-06-15,0442,Aqua,MODIS,63,6.2,301.7,27.5,D,0
-13.855,130.4004,338.8,1.7,1.3,2014-06-15,0442,Aqua,MODIS,89,6.2,296.6,73.8,D,0
-13.8558,130.4108,334.8,1.7,1.3,2014-06-15,0442,Aqua,MODIS,86,6.2,295.4,59.6,D,0
-13.8444,130.4093,316.4,1.7,1.3,2014-06-15,0442,Aqua,MODIS,53,6.2,295.1,16.1,D,0
-15.2417,130.7349,318.7,1.7,1.3,2014-06-15,0442,Aqua,MODIS,49,6.2,301.5,13.2,D,0
-14.6018,132.8642,325.7,1.2,1.1,2014-06-15,0442,Aqua,MODIS,50,6.2,304.4,16.5,D,0
-14.592,132.8629,322.6,1.2,1.1,2014-06-15,0442,Aqua,MODIS,28,6.2,304.2,11.9,D,0
-14.5837,132.8506,348,1.2,1.1,2014-06-15,0442,Aqua,MODIS,94,6.2,305.1,59.9,D,0
-14.574,132.8492,384.8,1.2,1.1,2014-06-15,0442,Aqua,MODIS,100,6.2,309,209,D,0
-14.5628,132.8588,324,1.2,1.1,2014-06-15,0442,Aqua,MODIS,60,6.2,304.6,13.7,D,0
-14.9359,130.3514,318.3,1.7,1.3,2014-06-15,0442,Aqua,MODIS,16,6.2,299.2,18.6,D,0
-14.7169,126.1425,307.4,3.6,1.8,2014-06-15,0442,Aqua,MODIS,44,6.2,287.1,25.3,D,0
-15.0256,130.0643,315.2,1.8,1.3,2014-06-15,0442,Aqua,MODIS,49,6.2,300,17.9,D,0
-15.0277,130.0472,316.1,1.8,1.3,2014-06-15,0442,Aqua,MODIS,60,6.2,299,19.4,D,0
-15.156,130.591,315.8,1.7,1.3,2014-06-15,0442,Aqua,MODIS,30,6.2,301.8,12.3,D,0
-15.1918,130.0975,318.7,1.8,1.3,2014-06-15,0442,Aqua,MODIS,31,6.2,300.5,22.7,D,0
-15.2494,130.1223,323.5,1.8,1.3,2014-06-15,0442,Aqua,MODIS,75,6.2,300.9,35.1,D,0
-15.2434,130.1283,321.3,1.8,1.3,2014-06-15,0442,Aqua,MODIS,48,6.2,299.4,26.9,D,0
-14.0267,129.7316,318.5,1.9,1.3,2014-06-15,0442,Aqua,MODIS,42,6.2,293.5,29,D,0
-13.9083,130.4386,343.9,1.7,1.3,2014-06-15,0442,Aqua,MODIS,92,6.2,298.2,85.1,D,0
-14.9247,130.1497,320.1,1.8,1.3,2014-06-15,0442,Aqua,MODIS,39,6.2,300,21.6,D,0
-14.9379,130.3351,322.5,1.8,1.3,2014-06-15,0442,Aqua,MODIS,32,6.2,298.6,26,D,0
-13.9102,130.4232,317.4,1.7,1.3,2014-06-15,0442,Aqua,MODIS,29,6.2,296.3,11.7,D,0
-13.8578,130.3954,320.2,1.7,1.3,2014-06-15,0442,Aqua,MODIS,72,6.2,295.6,24.4,D,0
-14.9739,130.3944,314.8,1.7,1.3,2014-06-15,0442,Aqua,MODIS,61,6.2,299.7,14.8,D,0
-16.4801,127.6435,314.8,3,1.6,2014-06-15,0442,Aqua,MODIS,65,6.2,299.7,40,D,0
-14.0309,127.2799,318.9,2.9,1.6,2014-06-15,0442,Aqua,MODIS,73,6.2,290.9,56.9,D,0
-13.732,131.3114,323.5,1.4,1.2,2014-06-15,0442,Aqua,MODIS,76,6.2,299.7,22.1,D,0
-13.7375,131.3201,319,1.4,1.2,2014-06-15,0442,Aqua,MODIS,56,6.2,297.7,15.1,D,0
-13.7392,131.3069,320.1,1.4,1.2,2014-06-15,0442,Aqua,MODIS,67,6.2,299.9,16.3,D,0
-14.0307,127.2747,319.5,2.9,1.6,2014-06-15,0442,Aqua,MODIS,71,6.2,290.8,60,D,0
-16.6996,126.6986,325.4,3.5,1.8,2014-06-15,0442,Aqua,MODIS,79,6.2,300.3,106.6,D,0
-15.0052,127.7211,316.9,2.8,1.6,2014-06-15,0442,Aqua,MODIS,70,6.2,294.8,40.3,D,0
-14.9242,130.3501,324.5,1.7,1.3,2014-06-15,0442,Aqua,MODIS,69,6.2,300.1,33.8,D,0
-16.7124,126.6743,314.4,3.5,1.8,2014-06-15,0442,Aqua,MODIS,60,6.2,301.8,39.6,D,0
-16.7092,126.7066,322.8,3.5,1.8,2014-06-15,0442,Aqua,MODIS,77,6.2,301.4,88.8,D,0
-15.2792,130.1328,320,1.8,1.3,2014-06-15,0442,Aqua,MODIS,33,6.2,300.6,23.9,D,0
-15.3072,130.1015,320.9,1.8,1.3,2014-06-15,0442,Aqua,MODIS,55,6.2,300.3,28,D,0
-14.8542,126.6312,310.5,3.4,1.7,2014-06-15,0442,Aqua,MODIS,40,6.2,293.3,24.1,D,0
-15.3283,130.3811,324.3,1.8,1.3,2014-06-15,0442,Aqua,MODIS,70,6.2,303.2,28.8,D,0
-15.3197,130.3913,322.3,1.8,1.3,2014-06-15,0442,Aqua,MODIS,26,6.2,302.6,22.1,D,0
-15.1005,130.3027,313.1,1.8,1.3,2014-06-15,0442,Aqua,MODIS,54,6.2,300.9,11.7,D,0
-14.036,129.7086,321.6,1.9,1.3,2014-06-15,0442,Aqua,MODIS,34,6.2,294.7,33.7,D,0
-14.0287,129.7144,343.4,1.9,1.3,2014-06-15,0442,Aqua,MODIS,87,6.2,296.1,111.3,D,0
-14.0408,129.7159,313.2,1.9,1.3,2014-06-15,0442,Aqua,MODIS,33,6.2,293.9,18.3,D,0
-13.0993,130.154,314.6,1.7,1.3,2014-06-15,0442,Aqua,MODIS,50,6.2,293.5,17.5,D,0
-15.0985,130.3194,327.6,1.8,1.3,2014-06-15,0442,Aqua,MODIS,81,6.2,299.1,44.7,D,0
-15.2801,127.8539,318.5,2.7,1.6,2014-06-15,0442,Aqua,MODIS,58,6.2,296.6,39.6,D,0
-14.899,130.1634,339.5,1.8,1.3,2014-06-15,0442,Aqua,MODIS,90,6.2,301,81,D,0
-12.9733,130.1463,314.3,1.7,1.3,2014-06-15,0442,Aqua,MODIS,0,6.2,292.3,13.8,D,0
-15.1628,129.7865,317.8,1.9,1.4,2014-06-15,0442,Aqua,MODIS,52,6.2,298.1,26.7,D,0
-15.3519,130.078,324.4,1.9,1.3,2014-06-15,0442,Aqua,MODIS,78,6.2,299.8,38,D,0
-14.8575,126.6004,312.3,3.4,1.7,2014-06-15,0442,Aqua,MODIS,57,6.2,293.4,32.7,D,0
-15.1011,130.0982,375.3,1.8,1.3,2014-06-15,0442,Aqua,MODIS,100,6.2,303.9,309.6,D,0
-14.2339,130.2845,319.6,1.7,1.3,2014-06-15,0442,Aqua,MODIS,71,6.2,296.6,24,D,0
-14.4265,130.2346,311.5,1.8,1.3,2014-06-15,0442,Aqua,MODIS,32,6.2,295.2,9.2,D,0
-15.0044,125.9837,307.3,3.8,1.8,2014-06-15,0442,Aqua,MODIS,13,6.2,290.5,27,D,0
-15.163,130.0885,334.8,1.8,1.3,2014-06-15,0442,Aqua,MODIS,77,6.2,300.6,63.2,D,0
-13.0059,130.1664,311.2,1.7,1.3,2014-06-15,0442,Aqua,MODIS,30,6.2,293.6,11.4,D,0
-13.8274,130.6271,317.6,1.6,1.2,2014-06-15,0442,Aqua,MODIS,61,6.2,298.5,15.5,D,0
-13.8609,130.5406,332.4,1.6,1.3,2014-06-15,0442,Aqua,MODIS,84,6.2,295.6,50,D,0
-13.9294,130.448,324.3,1.7,1.3,2014-06-15,0442,Aqua,MODIS,73,6.2,298.5,28.7,D,0
-13.9313,130.4326,320.1,1.7,1.3,2014-06-15,0442,Aqua,MODIS,61,6.2,297.7,18.5,D,0
-13.9311,130.4416,322,1.7,1.3,2014-06-15,0442,Aqua,MODIS,50,6.2,298.1,22.3,D,0
-13.9197,130.4401,338.3,1.7,1.3,2014-06-15,0442,Aqua,MODIS,89,6.2,300.4,64.9,D,0
-13.9217,130.4247,326.9,1.7,1.3,2014-06-15,0442,Aqua,MODIS,80,6.2,298.3,32.3,D,0
-14.0388,129.7332,319.5,1.9,1.3,2014-06-15,0442,Aqua,MODIS,64,6.2,295.7,32.7,D,0
-14.2394,129.6823,342.3,1.9,1.4,2014-06-15,0442,Aqua,MODIS,91,6.2,295.2,109.8,D,0
-13.8836,130.5436,314.1,1.6,1.3,2014-06-15,0442,Aqua,MODIS,29,6.2,294.8,11.5,D,0
-15.0842,129.6774,311.6,2,1.4,2014-06-15,0442,Aqua,MODIS,41,6.2,297.1,13.1,D,0
-14.4533,129.973,311.1,1.8,1.3,2014-06-15,0442,Aqua,MODIS,51,6.2,293.5,11.8,D,0
-13.484,130.5427,317.8,1.6,1.2,2014-06-15,0442,Aqua,MODIS,66,6.2,295.5,16.3,D,0
-14.0338,129.7258,335.9,1.9,1.3,2014-06-15,0442,Aqua,MODIS,87,6.2,297.5,80.6,D,0
-14.1802,130.2711,317.3,1.7,1.3,2014-06-15,0442,Aqua,MODIS,54,6.2,296.5,16,D,0
-14.2361,130.2958,315.4,1.7,1.3,2014-06-15,0442,Aqua,MODIS,36,6.2,294.6,14.4,D,0
-14.1019,130.4446,322.1,1.7,1.3,2014-06-15,0442,Aqua,MODIS,74,6.2,297.9,26.5,D,0
-15.1172,130.0652,315.9,1.8,1.3,2014-06-15,0442,Aqua,MODIS,11,6.2,298.6,16.9,D,0
-14.3203,129.5286,309.7,2,1.4,2014-06-15,0442,Aqua,MODIS,45,6.2,293.3,14.4,D,0
-14.2416,129.6644,324.2,1.9,1.4,2014-06-15,0442,Aqua,MODIS,78,6.2,293.6,42.4,D,0
-14.2516,129.6838,333.3,1.9,1.4,2014-06-15,0442,Aqua,MODIS,86,6.2,297.2,69.8,D,0
-14.1154,130.5158,315.5,1.7,1.3,2014-06-15,0442,Aqua,MODIS,62,6.2,296,15.8,D,0
-14.1169,130.509,312.2,1.7,1.3,2014-06-15,0442,Aqua,MODIS,34,6.2,296.7,10,D,0
-14.2537,129.666,331.5,1.9,1.4,2014-06-15,0442,Aqua,MODIS,84,6.2,295.7,61.9,D,0
-14.4589,130.1277,317.7,1.8,1.3,2014-06-15,0442,Aqua,MODIS,32,6.2,292.5,20.1,D,0
-14.232,130.3004,313.1,1.7,1.3,2014-06-15,0442,Aqua,MODIS,50,6.2,295,11.6,D,0
-14.364,129.5019,309.1,2,1.4,2014-06-15,0442,Aqua,MODIS,28,6.2,292.8,12.8,D,0
-14.3786,129.485,311.2,2,1.4,2014-06-15,0442,Aqua,MODIS,54,6.2,293.5,17.1,D,0
-15.0151,125.9569,311.4,3.8,1.8,2014-06-15,0442,Aqua,MODIS,59,6.2,291,46.9,D,0
-14.4636,129.5396,314.4,2,1.4,2014-06-15,0442,Aqua,MODIS,64,6.2,295.9,25.7,D,0
-14.4513,129.538,332.5,2,1.4,2014-06-15,0442,Aqua,MODIS,85,6.2,295.9,77.6,D,0
-14.4622,129.4459,318.2,2,1.4,2014-06-15,0442,Aqua,MODIS,0,6.2,294.1,37.5,D,0
-14.392,129.3733,314.6,2,1.4,2014-06-15,0442,Aqua,MODIS,0,6.2,292.4,24,D,0
-14.3794,130.3267,316.7,1.7,1.3,2014-06-15,0442,Aqua,MODIS,59,6.2,295.8,21,D,0
-14.2818,126.6229,310.8,3.3,1.7,2014-06-15,0442,Aqua,MODIS,53,6.2,287.7,28.8,D,0
-14.283,126.6494,314.2,3.3,1.7,2014-06-15,0442,Aqua,MODIS,60,6.2,289.3,43.2,D,0
-14.3679,130.3252,314.5,1.7,1.3,2014-06-15,0442,Aqua,MODIS,35,6.2,296,16,D,0
-11.8038,130.5418,307.5,1.5,1.2,2014-06-15,0443,Aqua,MODIS,46,6.2,288.7,8.2,D,0
-11.427,130.4531,313.1,1.5,1.2,2014-06-15,0443,Aqua,MODIS,40,6.2,290.4,13,D,0
-11.7461,130.1024,307.9,1.6,1.3,2014-06-15,0443,Aqua,MODIS,53,6.2,289.2,9.6,D,0
-11.4252,130.4672,315.4,1.5,1.2,2014-06-15,0443,Aqua,MODIS,71,6.2,290.4,16.7,D,0
-11.416,130.4518,316.1,1.5,1.2,2014-06-15,0443,Aqua,MODIS,45,6.2,290.2,16.4,D,0
-11.2812,132.0168,339.7,1.2,1.1,2014-06-15,0443,Aqua,MODIS,91,6.2,285,51.1,D,0
-11.2827,132.0058,323.6,1.2,1.1,2014-06-15,0443,Aqua,MODIS,80,6.2,285.2,22.2,D,0
-11.3957,132.2937,316.4,1.2,1.1,2014-06-15,0443,Aqua,MODIS,48,6.2,287.1,11.7,D,0
-11.3943,132.3044,321.4,1.2,1.1,2014-06-15,0443,Aqua,MODIS,78,6.2,287.4,17.1,D,0
-11.2954,132.2074,329.6,1.2,1.1,2014-06-15,0443,Aqua,MODIS,0,6.2,288.2,27.6,D,0
-11.294,132.2182,317.4,1.2,1.1,2014-06-15,0443,Aqua,MODIS,69,6.2,287.4,11.6,D,0
-11.3075,132.2637,312.2,1.2,1.1,2014-06-15,0443,Aqua,MODIS,39,6.2,286.2,7.4,D,0
-11.309,132.2531,310.2,1.2,1.1,2014-06-15,0443,Aqua,MODIS,24,6.2,286.5,5.3,D,0
-11.2105,132.2336,326,1.2,1.1,2014-06-15,0443,Aqua,MODIS,62,6.2,287.2,23.8,D,0
-11.3677,132.3548,320,1.2,1.1,2014-06-15,0443,Aqua,MODIS,76,6.2,289.1,15.4,D,0
-12.1698,131.0715,312.5,1.4,1.2,2014-06-15,0443,Aqua,MODIS,47,6.2,292.1,12.1,D,0
-11.3691,132.3442,331.4,1.2,1.1,2014-06-15,0443,Aqua,MODIS,86,6.2,289.5,31.9,D,0
-11.291,132.0182,327.3,1.2,1.1,2014-06-15,0443,Aqua,MODIS,83,6.2,283.5,26.7,D,0
-12.3474,132.8956,312.7,1.1,1.1,2014-06-15,0443,Aqua,MODIS,55,6.2,289.2,6.6,D,0
-11.3968,132.525,312.9,1.1,1.1,2014-06-15,0443,Aqua,MODIS,66,6.2,285.1,8.2,D,0
-11.3982,132.5146,315.7,1.1,1.1,2014-06-15,0443,Aqua,MODIS,71,6.2,285,11.1,D,0
-11.3886,132.5132,311.8,1.1,1.1,2014-06-15,0443,Aqua,MODIS,38,6.2,284.5,6.9,D,0
-11.39,132.5027,328.2,1.1,1.1,2014-06-15,0443,Aqua,MODIS,83,6.2,286.8,26.4,D,0
-12.4484,131.1281,315.7,1.4,1.2,2014-06-15,0443,Aqua,MODIS,70,6.2,292,14.8,D,0
-12.2208,133.1494,317,1.1,1,2014-06-15,0443,Aqua,MODIS,68,6.2,293,7.2,D,0
-12.2385,133.5717,315.7,1.1,1,2014-06-15,0443,Aqua,MODIS,63,6.2,294.3,6.9,D,0
-12.5841,130.6997,320,1.5,1.2,2014-06-15,0443,Aqua,MODIS,71,6.2,293.6,20.6,D,0
-12.2608,133.2059,313.5,1.1,1,2014-06-15,0443,Aqua,MODIS,51,6.2,290.1,5.1,D,0
-12.2622,133.196,322.6,1.1,1,2014-06-15,0443,Aqua,MODIS,77,6.2,292.8,14.4,D,0
-12.5823,130.7136,324.4,1.5,1.2,2014-06-15,0443,Aqua,MODIS,75,6.2,295,29.1,D,0
-12.1255,133.7795,314.5,1,1,2014-06-15,0443,Aqua,MODIS,35,6.2,295,5.2,D,0
-12.1242,133.789,317.3,1,1,2014-06-15,0443,Aqua,MODIS,69,6.2,296,8.3,D,0
-12.1976,133.1405,315.7,1.1,1,2014-06-15,0443,Aqua,MODIS,67,6.2,292.7,7.4,D,0
-11.7481,130.0874,307.3,1.6,1.3,2014-06-15,0443,Aqua,MODIS,38,6.2,289.7,8.8,D,0
-33.8301,116.8336,341.3,1,1,2014-06-15,0615,Aqua,MODIS,92,6.2,293.8,47.3,D,0
-33.8318,116.8225,312.3,1,1,2014-06-15,0615,Aqua,MODIS,72,6.2,292.3,10.5,D,0
-33.5755,117.9746,303.4,1.1,1.1,2014-06-15,0615,Aqua,MODIS,56,6.2,291.5,5.2,D,0
-33.9305,116.53,305.1,1,1,2014-06-15,0615,Aqua,MODIS,61,6.2,290.9,6.5,D,0
-33.8032,120.2321,310.2,1.4,1.2,2014-06-15,0615,Aqua,MODIS,70,6.2,290.9,15.1,D,0
-34.0696,117.2977,304.3,1.1,1,2014-06-15,0615,Aqua,MODIS,59,6.2,290,5.9,D,0
-33.9064,116.8104,302.2,1,1,2014-06-15,0615,Aqua,MODIS,51,6.2,290,4.6,D,0
-33.8004,120.2475,306.4,1.4,1.2,2014-06-15,0615,Aqua,MODIS,63,6.2,290.5,10.7,D,0
-33.8284,116.8447,311.4,1,1,2014-06-15,0615,Aqua,MODIS,71,6.2,291.9,9.9,D,0
-31.4266,116.6248,306,1.1,1,2014-06-15,0616,Aqua,MODIS,61,6.2,293.6,5,D,0
-31.9746,118.8167,305.2,1.3,1.1,2014-06-15,0616,Aqua,MODIS,61,6.2,293,6.8,D,0
-30.8698,121.487,302.6,2,1.4,2014-06-15,0616,Aqua,MODIS,53,6.2,292.1,10.3,D,0
-26.096,121.0432,306.6,2.3,1.5,2014-06-15,0617,Aqua,MODIS,54,6.2,295.2,14.5,D,0
-21.6252,119.2698,310.5,2.2,1.4,2014-06-15,0618,Aqua,MODIS,55,6.2,300,13.9,D,0
-22.8322,121.8836,309.1,3.2,1.7,2014-06-15,0618,Aqua,MODIS,59,6.2,295.6,30.7,D,0
-22.8122,122.5976,314.8,3.6,1.8,2014-06-15,0618,Aqua,MODIS,69,6.2,295.7,61,D,0
-22.8193,122.6036,313,3.6,1.8,2014-06-15,0618,Aqua,MODIS,67,6.2,295.9,55.9,D,0
-23.2509,120.7083,316.9,2.5,1.5,2014-06-15,0618,Aqua,MODIS,72,6.2,297.4,40.2,D,0
-22.8265,122.5696,306.4,3.5,1.8,2014-06-15,0618,Aqua,MODIS,45,6.2,295.6,26.4,D,0
-22.8106,122.5254,306.9,3.5,1.8,2014-06-15,0618,Aqua,MODIS,31,6.2,295.2,25.5,D,0
-23.2618,120.6932,311,2.5,1.5,2014-06-15,0618,Aqua,MODIS,34,6.2,297.3,19.2,D,0
-23.2569,120.7176,320.5,2.5,1.5,2014-06-15,0618,Aqua,MODIS,77,6.2,298.4,51.1,D,0
-23.2646,120.7116,312.4,2.5,1.5,2014-06-15,0618,Aqua,MODIS,65,6.2,298.5,25.4,D,0
-22.8363,121.8611,309.2,3.1,1.7,2014-06-15,0618,Aqua,MODIS,37,6.2,296.2,28.2,D,0
-21.8089,119.9734,328.7,2.4,1.5,2014-06-15,0618,Aqua,MODIS,83,6.2,298.6,80.4,D,0
-21.8222,119.9768,316.6,2.4,1.5,2014-06-15,0618,Aqua,MODIS,71,6.2,299,34.8,D,0
-22.0343,120.4236,313.2,2.6,1.5,2014-06-15,0618,Aqua,MODIS,29,6.2,298.9,29.2,D,0
-22.0287,120.4149,311.9,2.6,1.5,2014-06-15,0618,Aqua,MODIS,62,6.2,298.6,27.7,D,0
-22.0239,120.4397,311.4,2.6,1.5,2014-06-15,0618,Aqua,MODIS,61,6.2,297.8,26,D,0
-20.7042,118.5288,315.9,2,1.4,2014-06-15,0619,Aqua,MODIS,60,6.2,303.7,19.1,D,0
-20.724,118.5799,314.2,2,1.4,2014-06-15,0619,Aqua,MODIS,50,6.2,303.1,14.3,D,0
-14.2649,126.7164,308.1,1,1,2014-06-15,1407,Terra,MODIS,29,6.2,293.1,7.4,N,0
-14.1955,126.2243,302.5,1.1,1,2014-06-15,1407,Terra,MODIS,49,6.2,291.1,5.3,N,0
-14.2499,126.6985,308.9,1,1,2014-06-15,1407,Terra,MODIS,73,6.2,292.1,8.4,N,0
-14.2408,126.6972,307.8,1,1,2014-06-15,1407,Terra,MODIS,48,6.2,292.2,7.3,N,0
-14.9763,125.9522,314.1,1.1,1,2014-06-15,1407,Terra,MODIS,56,6.2,288.3,15,N,0
-15.6414,129.2468,303.4,1,1,2014-06-15,1407,Terra,MODIS,55,6.2,289,6.9,N,0
-14.9936,125.9651,308.7,1.1,1,2014-06-15,1407,Terra,MODIS,33,6.2,288.8,10.4,N,0
-14.1393,129.8698,331.5,1.1,1.1,2014-06-15,1407,Terra,MODIS,100,6.2,290.4,37.5,N,0
-14.1378,129.8802,302.8,1.1,1.1,2014-06-15,1407,Terra,MODIS,13,6.2,288.8,6.5,N,0
-15.7447,124.8419,304.4,1.3,1.1,2014-06-15,1407,Terra,MODIS,60,6.2,291.5,8.2,N,0
-14.1488,129.8714,305.4,1.1,1.1,2014-06-15,1407,Terra,MODIS,64,6.2,288.4,9.1,N,0
-14.1473,129.8817,301.6,1.1,1.1,2014-06-15,1407,Terra,MODIS,32,6.2,289.1,6.5,N,0
-15.7432,124.8538,301.5,1.3,1.1,2014-06-15,1407,Terra,MODIS,38,6.2,289.9,5.9,N,0
-16.548,122.8709,301.7,1.8,1.3,2014-06-15,1407,Terra,MODIS,44,6.2,290.4,12.7,N,0
-14.1298,129.8683,319.9,1.1,1.1,2014-06-15,1407,Terra,MODIS,99,6.2,289.9,21.5,N,0
-14.2285,130.2976,301.9,1.2,1.1,2014-06-15,1407,Terra,MODIS,45,6.2,287.8,7.5,N,0
-14.1799,130.2727,313.3,1.2,1.1,2014-06-15,1407,Terra,MODIS,87,6.2,290.5,16.2,N,0
-16.4511,124.2344,323.1,1.4,1.2,2014-06-15,1407,Terra,MODIS,100,6.2,292.4,33.9,N,0
-15.867,124.8413,302.7,1.3,1.1,2014-06-15,1407,Terra,MODIS,51,6.2,291.6,6.7,N,0
-14.4585,130.1284,300.4,1.1,1.1,2014-06-15,1407,Terra,MODIS,27,6.2,287.3,6.3,N,0
-16.4093,124.1831,313,1.4,1.2,2014-06-15,1407,Terra,MODIS,52,6.2,293.1,17.7,N,0
-14.1568,129.8833,311.4,1.1,1.1,2014-06-15,1407,Terra,MODIS,76,6.2,289,13.4,N,0
-16.4437,124.207,314.8,1.4,1.2,2014-06-15,1407,Terra,MODIS,90,6.2,292.6,21.2,N,0
-16.4331,124.2054,321.6,1.4,1.2,2014-06-15,1407,Terra,MODIS,100,6.2,293.8,30.8,N,0
-16.4289,124.1991,316.9,1.4,1.2,2014-06-15,1407,Terra,MODIS,91,6.2,293.1,22.6,N,0
-14.9843,125.9637,309.7,1.1,1,2014-06-15,1407,Terra,MODIS,38,6.2,288.3,11.2,N,0
-13.3681,131.0851,300.1,1.3,1.1,2014-06-15,1407,Terra,MODIS,7,6.2,289.9,5.9,N,0
-13.3662,131.0971,300.7,1.3,1.1,2014-06-15,1407,Terra,MODIS,8,6.2,290.5,5.8,N,0
-13.5046,131.8179,304.6,1.5,1.2,2014-06-15,1407,Terra,MODIS,61,6.2,288.8,12.7,N,0
-13.5024,131.8117,301.8,1.5,1.2,2014-06-15,1407,Terra,MODIS,44,6.2,288.6,9.2,N,0
-13.6469,130.6806,304,1.3,1.1,2014-06-15,1407,Terra,MODIS,58,6.2,291.6,8.2,N,0
-13.9993,127.2398,307,1,1,2014-06-15,1407,Terra,MODIS,70,6.2,290.9,8.1,N,0
-15.2621,127.8642,312.4,1,1,2014-06-15,1407,Terra,MODIS,29,6.2,291.7,10.4,N,0
-14.0006,127.2305,304.1,1,1,2014-06-15,1407,Terra,MODIS,59,6.2,291.1,6.2,N,0
-15.0636,126.3132,308.2,1.1,1,2014-06-15,1407,Terra,MODIS,74,6.2,289.2,10.4,N,0
-15.0649,126.3033,301.9,1.1,1,2014-06-15,1407,Terra,MODIS,45,6.2,289,6.2,N,0
-14.0267,127.2404,307.3,1,1,2014-06-15,1407,Terra,MODIS,36,6.2,290.1,7.3,N,0
-14.0254,127.2496,312.8,1,1,2014-06-15,1407,Terra,MODIS,86,6.2,290.7,11.2,N,0
-14.207,126.6728,307.9,1,1,2014-06-15,1407,Terra,MODIS,73,6.2,291.9,8.4,N,0
-14.1175,126.922,311.2,1,1,2014-06-15,1407,Terra,MODIS,82,6.2,293.1,10.7,N,0
-15.9318,124.6482,315.5,1.3,1.1,2014-06-15,1407,Terra,MODIS,91,6.2,292.9,18.5,N,0
-15.3092,127.7926,305.1,1,1,2014-06-15,1407,Terra,MODIS,63,6.2,290.8,6.5,N,0
-13.7798,130.3501,316.1,1.2,1.1,2014-06-15,1407,Terra,MODIS,80,6.2,291.5,18.1,N,0
-14.7871,125.9943,304.8,1.1,1,2014-06-15,1407,Terra,MODIS,62,6.2,293.1,6.4,N,0
-14.7857,126.0044,311.6,1.1,1,2014-06-15,1407,Terra,MODIS,83,6.2,292,11.8,N,0
-15.2711,127.8656,314.7,1,1,2014-06-15,1407,Terra,MODIS,86,6.2,292.3,12.6,N,0
-15.2698,127.8749,304.9,1,1,2014-06-15,1407,Terra,MODIS,32,6.2,291.3,6,N,0
-15.284,127.8392,304.9,1,1,2014-06-15,1407,Terra,MODIS,25,6.2,290.7,5.9,N,0
-15.2853,127.83,305.9,1,1,2014-06-15,1407,Terra,MODIS,24,6.2,290.8,6.4,N,0
-15.164,129.7903,304.5,1.1,1,2014-06-15,1407,Terra,MODIS,60,6.2,291.2,7.4,N,0
-13.3745,131.1109,302,1.3,1.1,2014-06-15,1407,Terra,MODIS,28,6.2,290.8,6.9,N,0
-15.0793,129.678,301.2,1.1,1,2014-06-15,1407,Terra,MODIS,39,6.2,291.1,5.3,N,0
-13.7815,130.3391,309.5,1.2,1.1,2014-06-15,1407,Terra,MODIS,13,6.2,291.2,11.4,N,0
-15.9231,124.6344,304,1.3,1.1,2014-06-15,1407,Terra,MODIS,19,6.2,293.2,6.6,N,0
-15.2219,129.8895,302.5,1.1,1,2014-06-15,1407,Terra,MODIS,50,6.2,289.5,7.1,N,0
-13.77,130.3485,325.6,1.2,1.1,2014-06-15,1407,Terra,MODIS,100,6.2,291.8,31,N,0
-13.7602,130.3469,313.1,1.2,1.1,2014-06-15,1407,Terra,MODIS,84,6.2,290.3,15.7,N,0
-13.762,130.3359,311.8,1.2,1.1,2014-06-15,1407,Terra,MODIS,73,6.2,290.6,14.3,N,0
-14.7189,126.1475,300.4,1.1,1,2014-06-15,1407,Terra,MODIS,27,6.2,288.8,5.5,N,0
-15.3105,127.7834,305.5,1,1,2014-06-15,1407,Terra,MODIS,65,6.2,290.7,6.9,N,0
-13.7913,130.3407,311,1.2,1.1,2014-06-15,1407,Terra,MODIS,16,6.2,290.3,12.2,N,0
-13.7896,130.3517,314.7,1.2,1.1,2014-06-15,1407,Terra,MODIS,51,6.2,291.3,15.9,N,0
-15.9302,124.6606,310.1,1.3,1.1,2014-06-15,1407,Terra,MODIS,79,6.2,292.3,12.4,N,0
-15.1222,130.1309,305.4,1.1,1.1,2014-06-15,1407,Terra,MODIS,64,6.2,287.7,10,N,0
-14.0087,127.2377,329.1,1,1,2014-06-15,1407,Terra,MODIS,100,6.2,293,26.5,N,0
-15.3118,127.7741,302.3,1,1,2014-06-15,1407,Terra,MODIS,34,6.2,290.4,4.7,N,0
-15.5299,124.5376,302.5,1.3,1.1,2014-06-15,1407,Terra,MODIS,14,6.2,291.4,7.3,N,0
-14.261,126.2103,301.5,1.1,1,2014-06-15,1407,Terra,MODIS,18,6.2,288.8,4.8,N,0
-15.1655,129.7803,306.2,1.1,1,2014-06-15,1407,Terra,MODIS,67,6.2,291.6,8.3,N,0
-15.2866,127.8207,306.7,1,1,2014-06-15,1407,Terra,MODIS,69,6.2,291,7.3,N,0
-15.288,127.8115,302.2,1,1,2014-06-15,1407,Terra,MODIS,18,6.2,290.6,4.6,N,0
-14.8731,126.6392,301.9,1,1,2014-06-15,1407,Terra,MODIS,45,6.2,290.2,5.4,N,0
-12.9059,132.7219,320.9,1.8,1.3,2014-06-15,1407,Terra,MODIS,100,6.2,289,43.9,N,0
-12.8581,132.9341,301.9,1.8,1.3,2014-06-15,1407,Terra,MODIS,5,6.2,290.5,8.1,N,0
-12.8915,132.736,318.2,1.8,1.3,2014-06-15,1407,Terra,MODIS,96,6.2,289.5,37.1,N,0
-12.894,132.7466,307.1,1.8,1.3,2014-06-15,1407,Terra,MODIS,23,6.2,288.9,17.8,N,0
-12.9032,132.738,306.5,1.8,1.3,2014-06-15,1407,Terra,MODIS,68,6.2,288.8,17.6,N,0
-12.8966,132.7305,307.6,1.8,1.3,2014-06-15,1407,Terra,MODIS,32,6.2,288.6,18.2,N,0
-12.6898,130.8478,300,1.3,1.1,2014-06-15,1408,Terra,MODIS,9,6.2,289.2,6.1,N,0
-13.0906,130.8399,304.6,1.3,1.1,2014-06-15,1408,Terra,MODIS,61,6.2,289.9,9.5,N,0
-13.1173,130.1421,311.3,1.2,1.1,2014-06-15,1408,Terra,MODIS,78,6.2,289,14,N,0
-13.1145,130.1464,308.5,1.2,1.1,2014-06-15,1408,Terra,MODIS,75,6.2,288.1,12.5,N,0
-26.7894,150.2086,304.5,1.5,1.2,2014-06-15,1536,Aqua,MODIS,61,6.2,280.4,17.1,N,2
-14.9716,125.9499,300.2,1.1,1.1,2014-06-15,1711,Aqua,MODIS,21,6.2,283.1,7.4,N,0
-13.5253,131.6229,304.9,2.6,1.6,2014-06-15,1711,Aqua,MODIS,62,6.2,289.1,30,N,0
-12.8493,132.9496,300.1,3.3,1.7,2014-06-15,1711,Aqua,MODIS,15,6.2,288.5,23.1,N,0
-12.7016,130.8489,300.2,2.2,1.4,2014-06-15,1711,Aqua,MODIS,14,6.2,282.8,14.1,N,0
-12.6988,130.8424,300.2,2.2,1.4,2014-06-15,1711,Aqua,MODIS,23,6.2,283,15.2,N,0
-14.2646,126.2177,308,1.1,1.1,2014-06-15,1711,Aqua,MODIS,44,6.2,288.4,10.1,N,0
-13.9944,127.2293,311.6,1.3,1.1,2014-06-15,1711,Aqua,MODIS,58,6.2,290.9,15.2,N,0
-14.7867,126.0103,308.2,1.1,1.1,2014-06-15,1711,Aqua,MODIS,74,6.2,290.4,10.6,N,0
-14.2741,126.2164,308,1.1,1.1,2014-06-15,1711,Aqua,MODIS,29,6.2,289.6,9.9,N,0
-14.2756,126.2269,315,1.1,1.1,2014-06-15,1711,Aqua,MODIS,87,6.2,289.8,16.2,N,0
-15.1613,129.7936,301.1,2,1.4,2014-06-15,1711,Aqua,MODIS,38,6.2,288.7,15.8,N,0
-14.2852,126.2255,319.3,1.1,1.1,2014-06-15,1711,Aqua,MODIS,98,6.2,289.8,20.9,N,0
-14.0061,127.2397,312.2,1.3,1.1,2014-06-15,1711,Aqua,MODIS,48,6.2,290,15.5,N,0
-15.8849,124.6687,303.7,1,1,2014-06-15,1712,Aqua,MODIS,57,6.2,292.4,6.1,N,0
-15.7059,124.835,303.2,1,1,2014-06-15,1712,Aqua,MODIS,54,6.2,290.6,5.6,N,0
-15.9368,124.6541,311.7,1,1,2014-06-15,1712,Aqua,MODIS,81,6.2,291.2,10.9,N,0
-15.925,124.6365,310.9,1,1,2014-06-15,1712,Aqua,MODIS,81,6.2,291.8,10.9,N,0
-15.5023,124.5655,307.3,1,1,2014-06-15,1712,Aqua,MODIS,41,6.2,291.5,7.6,N,0
-15.9304,124.6747,308.7,1,1,2014-06-15,1712,Aqua,MODIS,75,6.2,291.9,9.5,N,0
-15.9382,124.6637,312,1,1,2014-06-15,1712,Aqua,MODIS,70,6.2,292,11.1,N,0
-15.9291,124.6652,306.5,1,1,2014-06-15,1712,Aqua,MODIS,68,6.2,291.1,7.9,N,0
-15.9264,124.6461,313.3,1,1,2014-06-15,1712,Aqua,MODIS,87,6.2,291,12.3,N,0
-15.708,124.9831,302,1,1,2014-06-15,1712,Aqua,MODIS,46,6.2,291.1,5.5,N,0
-15.8636,124.8483,308.7,1,1,2014-06-15,1712,Aqua,MODIS,50,6.2,290.3,9,N,0
-16.3849,124.1781,303.1,1,1,2014-06-15,1712,Aqua,MODIS,46,6.2,291.1,5.1,N,0
-16.3919,124.1704,327,1,1,2014-06-15,1712,Aqua,MODIS,100,6.2,291.6,25.1,N,0
-16.4127,124.1865,307.6,1,1,2014-06-15,1712,Aqua,MODIS,33,6.2,290.8,7.9,N,0
-15.7347,124.8406,306.9,1,1,2014-06-15,1712,Aqua,MODIS,11,6.2,291.7,7.4,N,0
-15.7706,124.5161,300.6,1,1,2014-06-15,1712,Aqua,MODIS,31,6.2,290.2,5.3,N,0
-16.3933,124.1798,332.3,1,1,2014-06-15,1712,Aqua,MODIS,100,6.2,295.2,31.4,N,0
-16.4023,124.1784,314.6,1,1,2014-06-15,1712,Aqua,MODIS,45,6.2,292.2,12.6,N,0
-16.5438,122.877,309.8,1,1,2014-06-15,1712,Aqua,MODIS,78,6.2,289.9,10.8,N,0
-15.7361,124.8502,306.4,1,1,2014-06-15,1712,Aqua,MODIS,33,6.2,291,7.3,N,0
-15.7528,124.851,300.9,1,1,2014-06-15,1712,Aqua,MODIS,36,6.2,290.2,4.8,N,0
-16.4245,124.204,327.8,1,1,2014-06-15,1712,Aqua,MODIS,100,6.2,293.4,25.9,N,0
-15.772,124.5257,311.6,1,1,2014-06-15,1712,Aqua,MODIS,83,6.2,288.3,12.6,N,0
-30.8605,121.4937,360.2,1,1,2014-06-15,1716,Aqua,MODIS,100,6.2,277.6,98.5,N,2
-14.4709,133.1791,311.1,2.6,1.6,2014-06-16,0058,Terra,MODIS,66,6.2,295.9,30,D,0
-14.4698,130.1263,304.2,4.5,1.9,2014-06-16,0058,Terra,MODIS,48,6.2,293.1,40.1,D,0
-13.917,130.4887,314.5,4.3,1.9,2014-06-16,0058,Terra,MODIS,71,6.2,296.5,80.6,D,0
-14.4615,130.0849,307,4.5,2,2014-06-16,0058,Terra,MODIS,59,6.2,293.9,55.4,D,0
-14.4614,130.0906,307.4,4.5,2,2014-06-16,0058,Terra,MODIS,60,6.2,294.1,57,D,0
-14.4694,130.1321,304,4.5,1.9,2014-06-16,0058,Terra,MODIS,46,6.2,293.1,38.1,D,0
-13.9159,130.4969,310.4,4.3,1.9,2014-06-16,0058,Terra,MODIS,65,6.2,296,54.7,D,0
-13.6592,130.6881,305.8,4.2,1.9,2014-06-16,0058,Terra,MODIS,37,6.2,295.5,35,D,0
-13.6562,134.4458,310,2.2,1.4,2014-06-16,0058,Terra,MODIS,64,6.2,296.6,16.6,D,0
-13.6673,133.3145,308.3,2.7,1.6,2014-06-16,0058,Terra,MODIS,60,6.2,294.9,22,D,0
-13.7692,131.6264,308.4,3.6,1.8,2014-06-16,0058,Terra,MODIS,25,6.2,296.2,32,D,0
-13.5264,131.6248,310.9,3.6,1.8,2014-06-16,0058,Terra,MODIS,66,6.2,296.8,42.4,D,0
-13.5099,132.5271,305.6,3.1,1.7,2014-06-16,0058,Terra,MODIS,43,6.2,295.3,17.6,D,0
-13.6437,133.3751,308.2,2.7,1.6,2014-06-16,0058,Terra,MODIS,48,6.2,295.5,19.8,D,0
-13.0908,132.6649,307.3,3.1,1.7,2014-06-16,0058,Terra,MODIS,52,6.2,295.6,22,D,0
-13.7515,131.6707,313.9,3.6,1.8,2014-06-16,0058,Terra,MODIS,71,6.2,295.8,53.8,D,0
-12.6978,130.8226,310.2,4.3,1.9,2014-06-16,0058,Terra,MODIS,64,6.2,293.3,58.7,D,0
-13.237,132.7108,312.6,3,1.7,2014-06-16,0058,Terra,MODIS,68,6.2,296.9,40.7,D,0
-12.6965,130.8306,312.8,4.3,1.9,2014-06-16,0058,Terra,MODIS,69,6.2,293.5,73.3,D,0
-13.6619,130.6817,305,4.2,1.9,2014-06-16,0058,Terra,MODIS,25,6.2,294.9,31.2,D,0
-13.2381,132.7177,314.6,3,1.7,2014-06-16,0058,Terra,MODIS,71,6.2,296.5,46.9,D,0
-13.7437,131.6647,315.1,3.6,1.8,2014-06-16,0058,Terra,MODIS,65,6.2,296.4,57.5,D,0
-13.6718,133.3397,312.2,2.7,1.6,2014-06-16,0058,Terra,MODIS,68,6.2,295.3,33.5,D,0
-13.6342,133.371,313.4,2.7,1.6,2014-06-16,0058,Terra,MODIS,70,6.2,295.8,37.1,D,0
-12.9526,130.9207,306.2,4.2,1.9,2014-06-16,0058,Terra,MODIS,45,6.2,295,27.1,D,0
-13.8242,130.3908,307.5,4.4,1.9,2014-06-16,0058,Terra,MODIS,49,6.2,297.1,37.8,D,0
-14.0711,130.0624,311,4.6,2,2014-06-16,0058,Terra,MODIS,46,6.2,294.6,66.1,D,0
-14.0536,130.0662,312.5,4.6,2,2014-06-16,0058,Terra,MODIS,61,6.2,295.5,78.9,D,0
-13.9092,130.4489,313.3,4.3,1.9,2014-06-16,0058,Terra,MODIS,70,6.2,297,73.5,D,0
-13.9083,130.457,317.2,4.3,1.9,2014-06-16,0058,Terra,MODIS,75,6.2,297.3,99.5,D,0
-13.8163,130.3507,331.3,4.4,1.9,2014-06-16,0058,Terra,MODIS,86,6.2,297.1,237.5,D,0
-14.047,130.0313,315.4,4.6,2,2014-06-16,0058,Terra,MODIS,35,6.2,294.7,93.9,D,0
-14.0454,130.024,311.3,4.6,2,2014-06-16,0058,Terra,MODIS,56,6.2,294.1,74.2,D,0
-14.6264,129.9906,306.1,4.5,2,2014-06-16,0058,Terra,MODIS,54,6.2,295.2,38.7,D,0
-13.8153,130.3563,334.1,4.4,1.9,2014-06-16,0058,Terra,MODIS,88,6.2,297.7,268.1,D,0
-12.8331,132.9387,312.9,3,1.6,2014-06-16,0058,Terra,MODIS,59,6.2,297.3,36.9,D,0
-12.8908,132.7442,312.9,3.1,1.7,2014-06-16,0058,Terra,MODIS,26,6.2,296.9,35.5,D,0
-12.8333,132.9328,310.8,3,1.6,2014-06-16,0058,Terra,MODIS,60,6.2,297.4,30,D,0
-12.9056,132.7414,341.5,3.1,1.7,2014-06-16,0058,Terra,MODIS,92,6.2,299.4,207.8,D,0
-12.7589,130.7696,306.4,4.3,1.9,2014-06-16,0058,Terra,MODIS,43,6.2,294,34.3,D,0
-12.8874,132.7229,311.4,3.1,1.7,2014-06-16,0058,Terra,MODIS,41,6.2,296.1,32.7,D,0
-12.7514,130.7297,310.7,4.4,1.9,2014-06-16,0058,Terra,MODIS,61,6.2,293.9,58.3,D,0
-12.7432,130.7669,306.7,4.3,1.9,2014-06-16,0058,Terra,MODIS,24,6.2,293.6,35.2,D,0
-13.1296,133.7533,306.7,2.5,1.5,2014-06-16,0058,Terra,MODIS,56,6.2,293.6,19.3,D,0
-12.7354,130.7272,310.8,4.4,1.9,2014-06-16,0058,Terra,MODIS,41,6.2,293.7,58.6,D,0
-13.3068,134.3245,307.4,2.3,1.5,2014-06-16,0058,Terra,MODIS,57,6.2,294.4,17.2,D,0
-12.9205,132.7386,318,3.1,1.7,2014-06-16,0058,Terra,MODIS,76,6.2,298.3,55.6,D,0
-12.8923,132.7511,310.7,3.1,1.7,2014-06-16,0058,Terra,MODIS,20,6.2,296.9,28.9,D,0
-16.2345,135.4803,307.7,1.6,1.3,2014-06-16,0059,Terra,MODIS,57,6.2,297.3,8.5,D,0
-17.5978,138.9075,309.3,1,1,2014-06-16,0059,Terra,MODIS,53,6.2,297.8,4.9,D,0
-14.9636,130.4073,306.2,4.2,1.9,2014-06-16,0059,Terra,MODIS,48,6.2,295.7,33.8,D,0
-14.929,130.3395,310.7,4.2,1.9,2014-06-16,0059,Terra,MODIS,67,6.2,295.4,57.9,D,0
-14.9316,130.3331,309.1,4.2,1.9,2014-06-16,0059,Terra,MODIS,64,6.2,295.4,51.5,D,0
-33.001,137.5867,305.4,1,1,2014-06-16,0103,Terra,MODIS,46,6.2,289.6,7,D,0
-37.444,141.5522,317.8,1.8,1.3,2014-06-16,0104,Terra,MODIS,78,6.2,284.9,38.9,D,0
-37.4559,141.5506,309.9,1.8,1.3,2014-06-16,0104,Terra,MODIS,55,6.2,283.6,23.2,D,0
-13.9977,127.1946,312.9,4.8,2,2014-06-16,0236,Terra,MODIS,56,6.2,297.4,75.7,D,0
-17.2361,126.3812,331.5,4.6,2,2014-06-16,0237,Terra,MODIS,86,6.2,298.8,233.5,D,0
-17.2225,126.4259,311.9,4.6,2,2014-06-16,0237,Terra,MODIS,53,6.2,300,48.5,D,0
-17.5795,123.7378,314.2,2.9,1.6,2014-06-16,0237,Terra,MODIS,55,6.2,301.1,36.9,D,0
-17.5791,123.7432,312.6,2.9,1.6,2014-06-16,0237,Terra,MODIS,45,6.2,301.3,30.7,D,0
-15.3825,126.5136,318.2,4.5,1.9,2014-06-16,0237,Terra,MODIS,69,6.2,296.5,111,D,0
-16.7066,126.2953,314.5,4.5,1.9,2014-06-16,0237,Terra,MODIS,71,6.2,297.8,76.8,D,0
-16.8734,126.5259,309.5,4.7,2,2014-06-16,0237,Terra,MODIS,62,6.2,297.7,54.7,D,0
-16.7071,126.2879,311,4.5,1.9,2014-06-16,0237,Terra,MODIS,65,6.2,297.7,58.2,D,0
-15.3818,126.519,318.9,4.5,1.9,2014-06-16,0237,Terra,MODIS,70,6.2,296.5,112.3,D,0
-15.943,124.6767,319.3,3.3,1.7,2014-06-16,0237,Terra,MODIS,45,6.2,297.7,67.5,D,0
-15.9472,124.6832,310.4,3.3,1.7,2014-06-16,0237,Terra,MODIS,22,6.2,297.1,29.7,D,0
-15.9439,124.6524,334.4,3.3,1.7,2014-06-16,0237,Terra,MODIS,81,6.2,298.8,168.8,D,0
-15.9408,124.6234,362.6,3.3,1.7,2014-06-16,0237,Terra,MODIS,0,6.2,301,488.7,D,0
-17.2394,126.4173,315.9,4.6,2,2014-06-16,0237,Terra,MODIS,71,6.2,298.1,80.5,D,0
-17.5767,123.7104,319.7,2.9,1.6,2014-06-16,0237,Terra,MODIS,76,6.2,300.7,59.4,D,0
-17.5762,123.7157,321.7,2.9,1.6,2014-06-16,0237,Terra,MODIS,78,6.2,301.2,68.7,D,0
-17.2354,126.3741,329.9,4.6,2,2014-06-16,0237,Terra,MODIS,85,6.2,299,217,D,0
-17.2215,126.4188,310.9,4.6,2,2014-06-16,0237,Terra,MODIS,21,6.2,300.2,42,D,0
-15.9286,124.6551,310.9,3.3,1.7,2014-06-16,0237,Terra,MODIS,29,6.2,300.3,31.4,D,0
-16.711,126.3296,308.7,4.5,2,2014-06-16,0237,Terra,MODIS,60,6.2,297.5,45.3,D,0
-15.94,124.6468,340,3.3,1.7,2014-06-16,0237,Terra,MODIS,78,6.2,300.5,212.7,D,0
-16.8722,126.5189,311.1,4.7,2,2014-06-16,0237,Terra,MODIS,64,6.2,297.9,65.9,D,0
-16.7321,126.7303,309.3,4.8,2,2014-06-16,0237,Terra,MODIS,48,6.2,297.8,42.4,D,0
-16.7276,126.6843,309.9,4.8,2,2014-06-16,0237,Terra,MODIS,57,6.2,299.1,47.8,D,0
-15.8594,124.8537,311.2,3.4,1.7,2014-06-16,0237,Terra,MODIS,47,6.2,297.2,40.1,D,0
-16.3909,124.1856,307.7,3.1,1.7,2014-06-16,0237,Terra,MODIS,0,6.2,296.3,25,D,0
-15.9317,124.6847,311.3,3.3,1.7,2014-06-16,0237,Terra,MODIS,45,6.2,297.9,34.7,D,0
-16.3898,124.1805,308.5,3.1,1.7,2014-06-16,0237,Terra,MODIS,45,6.2,296.4,30.2,D,0
-16.5488,122.8797,322.1,2.4,1.5,2014-06-16,0237,Terra,MODIS,69,6.2,298.1,61.8,D,0
-14.7118,126.1068,311.1,4.1,1.9,2014-06-16,0237,Terra,MODIS,46,6.2,298.6,49.8,D,0
-18.5521,121.8875,372.9,2.2,1.4,2014-06-16,0238,Terra,MODIS,100,6.2,305.9,375.4,D,0
-18.5503,121.8811,371.2,2.2,1.4,2014-06-16,0238,Terra,MODIS,100,6.2,306.7,355.5,D,0
-18.5633,121.8796,323.6,2.2,1.4,2014-06-16,0238,Terra,MODIS,79,6.2,300.2,48.4,D,0
-18.5498,121.8668,353.9,2.2,1.4,2014-06-16,0238,Terra,MODIS,97,6.2,303,201.2,D,0
-18.5779,121.7739,316.3,2.2,1.4,2014-06-16,0238,Terra,MODIS,53,6.2,300.4,29.4,D,0
-18.5415,121.9098,318.9,2.2,1.4,2014-06-16,0238,Terra,MODIS,74,6.2,302,33,D,0
-18.5439,121.9307,312,2.2,1.4,2014-06-16,0238,Terra,MODIS,56,6.2,299.8,16,D,0
-18.5545,121.9084,325.7,2.2,1.4,2014-06-16,0238,Terra,MODIS,81,6.2,300.5,53.3,D,0
-18.5525,121.9019,335,2.2,1.4,2014-06-16,0238,Terra,MODIS,84,6.2,301.9,87.7,D,0
-20.597,116.7817,311.8,1.1,1,2014-06-16,0238,Terra,MODIS,59,6.2,296.4,9.5,D,2
-20.3846,118.8301,310.2,1.4,1.2,2014-06-16,0238,Terra,MODIS,53,6.2,299.4,7.4,D,0
-20.3888,118.8231,310.5,1.4,1.2,2014-06-16,0238,Terra,MODIS,50,6.2,299.2,7,D,0
-20.7312,118.5954,316.1,1.4,1.2,2014-06-16,0238,Terra,MODIS,69,6.2,300.5,12.6,D,0
-20.738,118.6013,313,1.4,1.2,2014-06-16,0238,Terra,MODIS,54,6.2,299.4,8.5,D,0
-20.8745,119.7469,312.1,1.6,1.3,2014-06-16,0238,Terra,MODIS,61,6.2,300.3,11.3,D,0
-20.8742,119.7564,310,1.7,1.3,2014-06-16,0238,Terra,MODIS,56,6.2,299.2,9,D,0
-21.1624,119.6843,315.4,1.6,1.3,2014-06-16,0238,Terra,MODIS,70,6.2,296.5,21.5,D,0
-20.8348,119.6092,310.2,1.6,1.2,2014-06-16,0238,Terra,MODIS,42,6.2,299.2,9.4,D,0
-20.8461,119.6077,315.9,1.6,1.2,2014-06-16,0238,Terra,MODIS,69,6.2,298.9,19,D,0
-20.8467,119.6168,315.3,1.6,1.3,2014-06-16,0238,Terra,MODIS,60,6.2,298.7,16.8,D,0
-21.6275,119.2724,308.2,1.6,1.2,2014-06-16,0239,Terra,MODIS,54,6.2,297.8,8.3,D,0
-21.2824,116.0079,319.7,1.1,1,2014-06-16,0239,Terra,MODIS,76,6.2,299.5,13.1,D,0
-21.2838,116.018,313,1.1,1,2014-06-16,0239,Terra,MODIS,67,6.2,299.2,6.9,D,0
-21.8362,120.0054,321.1,1.8,1.3,2014-06-16,0239,Terra,MODIS,78,6.2,297,32.6,D,0
-21.8244,120.0069,319,1.8,1.3,2014-06-16,0239,Terra,MODIS,66,6.2,297.6,28.1,D,0
-22.0408,120.438,309.8,1.9,1.4,2014-06-16,0239,Terra,MODIS,48,6.2,295.7,16.7,D,0
-22.053,120.4365,308.1,1.9,1.4,2014-06-16,0239,Terra,MODIS,47,6.2,295.3,14.5,D,0
-22.0374,120.4449,310.7,1.9,1.4,2014-06-16,0239,Terra,MODIS,65,6.2,295.4,18.7,D,0
-26.1803,121.0334,306.7,2.4,1.5,2014-06-16,0240,Terra,MODIS,62,6.2,291.6,20.9,D,0
-26.1827,121.0577,306.8,2.4,1.5,2014-06-16,0240,Terra,MODIS,62,6.2,291.4,21.8,D,0
-26.1766,121.0528,308.9,2.4,1.5,2014-06-16,0240,Terra,MODIS,66,6.2,291.5,27.1,D,0
-30.566,115.6951,307.4,1.2,1.1,2014-06-16,0241,Terra,MODIS,65,6.2,290.1,9.9,D,0
-32.4686,116.0411,324,1.4,1.2,2014-06-16,0242,Terra,MODIS,83,6.2,288,35.3,D,0
-32.4725,116.032,307.7,1.4,1.2,2014-06-16,0242,Terra,MODIS,21,6.2,287.1,12.4,D,0
-32.6518,151.7275,305.1,1.1,1,2014-06-16,0341,Aqua,MODIS,61,6.2,289.4,7.6,D,0
-31.8733,152.4151,303.3,1,1,2014-06-16,0341,Aqua,MODIS,55,6.2,292.2,4.7,D,0
-34.4634,150.8812,306.3,1.2,1.1,2014-06-16,0341,Aqua,MODIS,48,6.2,293.3,8.1,D,2
-30.3524,149.8783,305.5,1.2,1.1,2014-06-16,0342,Aqua,MODIS,50,6.2,287.4,8.8,D,0
-29.069,153.1498,338.9,1,1,2014-06-16,0342,Aqua,MODIS,91,6.2,291.6,42.4,D,0
-28.4757,152.0286,328.4,1,1,2014-06-16,0342,Aqua,MODIS,86,6.2,292,26.4,D,0
-29.7699,152.5571,304.3,1,1,2014-06-16,0342,Aqua,MODIS,58,6.2,292.5,6.3,D,0
-28.9839,153.1702,304.4,1,1,2014-06-16,0342,Aqua,MODIS,59,6.2,291.5,5.7,D,0
-29.0705,153.1396,302.2,1,1,2014-06-16,0342,Aqua,MODIS,51,6.2,289.8,5.1,D,0
-31.2916,152.3087,307.8,1,1,2014-06-16,0342,Aqua,MODIS,66,6.2,291.5,8.5,D,0
-31.1277,152.0233,300.1,1,1,2014-06-16,0342,Aqua,MODIS,26,6.2,289,4.1,D,0
-30.9511,151.3505,308.7,1.1,1,2014-06-16,0342,Aqua,MODIS,67,6.2,286.6,11.3,D,0
-30.9526,151.3392,303.5,1.1,1,2014-06-16,0342,Aqua,MODIS,56,6.2,287.8,7.5,D,0
-30.5498,151.6882,305.9,1,1,2014-06-16,0342,Aqua,MODIS,62,6.2,289.2,7.5,D,0
-29.9996,151.1824,301.2,1.1,1,2014-06-16,0342,Aqua,MODIS,45,6.2,288.5,5.3,D,0
-27.9006,148.8151,323,1.3,1.1,2014-06-16,0343,Aqua,MODIS,82,6.2,292.2,29.4,D,0
-26.5402,146.3497,303.1,1.8,1.3,2014-06-16,0343,Aqua,MODIS,51,6.2,292.5,9.1,D,0
-26.9284,153.006,312.5,1,1,2014-06-16,0343,Aqua,MODIS,73,6.2,291.6,11.5,D,0
-26.6897,149.9341,304.7,1.1,1.1,2014-06-16,0343,Aqua,MODIS,60,6.2,287.5,7.2,D,0
-27.3841,152.9767,305.1,1,1,2014-06-16,0343,Aqua,MODIS,54,6.2,289.6,4,D,0
-27.3751,152.975,305.5,1,1,2014-06-16,0343,Aqua,MODIS,54,6.2,289.7,4.5,D,0
-26.7956,150.195,300.2,1.1,1,2014-06-16,0343,Aqua,MODIS,16,6.2,287.3,3.2,D,0
-23.968,151.225,308.3,1,1,2014-06-16,0344,Aqua,MODIS,63,6.2,296.3,6.7,D,0
-24.5592,126.4017,318.3,1,1,2014-06-16,0522,Aqua,MODIS,72,6.2,299.1,11.1,D,0
-22.0591,120.4266,315.8,1.9,1.3,2014-06-16,0523,Aqua,MODIS,68,6.2,300.8,23.5,D,0
-22.0625,120.4319,313.2,1.9,1.3,2014-06-16,0523,Aqua,MODIS,60,6.2,300.4,17.7,D,0
-22.8268,121.8839,310.3,1.5,1.2,2014-06-16,0523,Aqua,MODIS,44,6.2,299.6,9.3,D,0
-22.8266,121.8785,310.8,1.5,1.2,2014-06-16,0523,Aqua,MODIS,44,6.2,300.5,10.1,D,0
-21.8334,119.9949,316,2,1.4,2014-06-16,0523,Aqua,MODIS,66,6.2,302.6,21.4,D,0
-21.8476,120.0037,315.6,2,1.4,2014-06-16,0523,Aqua,MODIS,22,6.2,301.4,18.9,D,0
-21.8459,119.9965,318.9,2,1.4,2014-06-16,0523,Aqua,MODIS,72,6.2,302.1,28.5,D,0
-21.8351,120.0022,317.8,2,1.4,2014-06-16,0523,Aqua,MODIS,51,6.2,301.8,24.4,D,0
-21.7853,119.9697,311.3,2,1.4,2014-06-16,0523,Aqua,MODIS,56,6.2,300.6,15,D,0
-21.7832,119.9896,324.1,2,1.4,2014-06-16,0523,Aqua,MODIS,78,6.2,300.1,46.8,D,0
-17.2283,126.4202,318,1,1,2014-06-16,0524,Aqua,MODIS,41,6.2,307.6,5.7,D,0
-16.874,126.5155,315.9,1,1,2014-06-16,0524,Aqua,MODIS,36,6.2,305,5,D,0
-17.5814,123.728,324.6,1.1,1,2014-06-16,0524,Aqua,MODIS,45,6.2,311.1,12.9,D,0
-17.0762,124.1335,317.9,1,1,2014-06-16,0524,Aqua,MODIS,66,6.2,305.2,8.2,D,0
-16.6455,128.1535,313.4,1.2,1.1,2014-06-16,0524,Aqua,MODIS,52,6.2,303.3,6.7,D,0
-16.3836,127.6049,318.6,1.2,1.1,2014-06-16,0524,Aqua,MODIS,50,6.2,306.1,9.9,D,0
-16.6704,126.7104,333,1.1,1,2014-06-16,0524,Aqua,MODIS,84,6.2,306.6,24.8,D,0
-16.6338,126.7655,317.1,1.1,1,2014-06-16,0524,Aqua,MODIS,36,6.2,306.6,6.2,D,0
-17.0846,127.7735,317.9,1.2,1.1,2014-06-16,0524,Aqua,MODIS,66,6.2,303,11.4,D,0
-17.1027,124.0087,330.3,1,1,2014-06-16,0524,Aqua,MODIS,71,6.2,308,19.5,D,0
-17.1118,124.01,328.8,1,1,2014-06-16,0524,Aqua,MODIS,81,6.2,307.9,17.4,D,0
-17.1105,124.0198,334.1,1,1,2014-06-16,0524,Aqua,MODIS,85,6.2,308.7,25.1,D,0
-17.0863,127.7627,313.8,1.2,1.1,2014-06-16,0524,Aqua,MODIS,53,6.2,302.2,6.8,D,0
-16.7092,126.259,318.5,1,1,2014-06-16,0524,Aqua,MODIS,58,6.2,303.9,8.4,D,0
-16.6803,126.7485,316.4,1.1,1,2014-06-16,0524,Aqua,MODIS,42,6.2,306.2,6,D,0
-16.6772,126.7074,322.3,1.1,1,2014-06-16,0524,Aqua,MODIS,65,6.2,304.2,11.5,D,0
-16.4939,127.619,315.1,1.2,1.1,2014-06-16,0524,Aqua,MODIS,52,6.2,304,7.4,D,0
-17.2139,126.3293,325.1,1,1,2014-06-16,0524,Aqua,MODIS,74,6.2,305.5,13.4,D,0
-17.2125,126.3389,324.3,1,1,2014-06-16,0524,Aqua,MODIS,66,6.2,308.3,11.3,D,0
-17.223,126.3307,329,1,1,2014-06-16,0524,Aqua,MODIS,72,6.2,305,17,D,0
-16.8832,126.563,338.4,1,1,2014-06-16,0524,Aqua,MODIS,88,6.2,306.7,34.4,D,0
-16.8847,126.5533,331.8,1,1,2014-06-16,0524,Aqua,MODIS,83,6.2,305.7,24.1,D,0
-17.2215,126.3403,365.1,1,1,2014-06-16,0524,Aqua,MODIS,100,6.2,309.4,92.1,D,0
-17.2201,126.3499,345.9,1,1,2014-06-16,0524,Aqua,MODIS,93,6.2,308.5,42.4,D,0
-21.2914,115.998,311.9,3.9,1.8,2014-06-16,0524,Aqua,MODIS,27,6.2,301.8,29.4,D,0
-21.2668,116.0298,312.8,3.9,1.8,2014-06-16,0524,Aqua,MODIS,35,6.2,302.5,35.1,D,0
-18.5604,121.8905,319.6,1.4,1.2,2014-06-16,0524,Aqua,MODIS,47,6.2,304.7,12.4,D,0
-18.5619,121.8777,320.4,1.4,1.2,2014-06-16,0524,Aqua,MODIS,61,6.2,305.9,14.4,D,0
-19.12,121.8854,319,1.4,1.2,2014-06-16,0524,Aqua,MODIS,46,6.2,303.9,13.3,D,0
-20.8518,119.6074,315.6,2.1,1.4,2014-06-16,0524,Aqua,MODIS,62,6.2,302.8,21.5,D,0
-18.7882,128.6548,315,1.2,1.1,2014-06-16,0524,Aqua,MODIS,63,6.2,301.9,9.4,D,0
-18.7901,128.6434,314.9,1.2,1.1,2014-06-16,0524,Aqua,MODIS,62,6.2,301.8,9.1,D,0
-16.2835,127.6598,315.7,1.2,1.1,2014-06-16,0524,Aqua,MODIS,56,6.2,304.7,7.2,D,0
-17.0022,122.5549,317.4,1.2,1.1,2014-06-16,0524,Aqua,MODIS,63,6.2,304.7,10.4,D,0
-16.1382,136.1749,311.7,4.7,2,2014-06-16,0524,Aqua,MODIS,64,6.2,298.3,58.8,D,0
-16.2531,135.5142,316.5,4.2,1.9,2014-06-16,0524,Aqua,MODIS,72,6.2,299.8,75.7,D,0
-16.1409,136.171,310.2,4.7,2,2014-06-16,0524,Aqua,MODIS,60,6.2,298.1,47.8,D,0
-16.2516,135.5093,317.7,4.2,1.9,2014-06-16,0524,Aqua,MODIS,73,6.2,299.8,84.9,D,0
-12.3794,134.3517,313.5,4.1,1.9,2014-06-16,0525,Aqua,MODIS,59,6.2,285.6,61.6,D,0
-12.6358,133.4777,309.4,3.5,1.8,2014-06-16,0525,Aqua,MODIS,40,6.2,294.8,27.9,D,0
-13.059,133.6158,309.6,3.5,1.8,2014-06-16,0525,Aqua,MODIS,10,6.2,294.9,24.9,D,0
-14.3773,133.3322,311.6,3.2,1.7,2014-06-16,0525,Aqua,MODIS,53,6.2,301.3,22,D,0
-12.8154,131.4284,320.8,2.4,1.5,2014-06-16,0525,Aqua,MODIS,75,6.2,301.7,42.1,D,0
-14.3721,133.3614,313.1,3.2,1.7,2014-06-16,0525,Aqua,MODIS,60,6.2,301.1,30.5,D,0
-12.7455,130.8406,321.1,2.2,1.4,2014-06-16,0525,Aqua,MODIS,50,6.2,301.9,31.8,D,0
-13.1026,130.8269,333.1,2.2,1.4,2014-06-16,0525,Aqua,MODIS,86,6.2,304.5,80.5,D,0
-12.125,133.7214,311.3,3.8,1.8,2014-06-16,0525,Aqua,MODIS,35,6.2,284.9,38.4,D,0
-13.0932,130.8052,326.1,2.1,1.4,2014-06-16,0525,Aqua,MODIS,80,6.2,304.1,50.7,D,0
-14.3757,133.3396,315.4,3.2,1.7,2014-06-16,0525,Aqua,MODIS,65,6.2,301.4,40.1,D,0
-12.3837,134.3604,314.4,4.1,1.9,2014-06-16,0525,Aqua,MODIS,64,6.2,285.6,69,D,0
-12.8921,132.5695,312.4,3,1.6,2014-06-16,0525,Aqua,MODIS,50,6.2,300.4,25.1,D,0
-12.6367,130.7064,317.1,2.2,1.4,2014-06-16,0525,Aqua,MODIS,72,6.2,300.9,28.8,D,0
-12.4661,130.7113,317.7,2.2,1.4,2014-06-16,0525,Aqua,MODIS,48,6.2,299.7,32.4,D,0
-13.0746,133.5938,316.9,3.5,1.8,2014-06-16,0525,Aqua,MODIS,68,6.2,297.2,63.5,D,0
-13.0646,133.5839,312.8,3.5,1.8,2014-06-16,0525,Aqua,MODIS,44,6.2,297,38.5,D,0
-12.2632,133.186,308.4,3.4,1.7,2014-06-16,0525,Aqua,MODIS,49,6.2,277.7,25.8,D,0
-13.1061,130.8069,323.2,2.1,1.4,2014-06-16,0525,Aqua,MODIS,77,6.2,302.4,43.3,D,0
-12.9024,132.7699,318.2,3.1,1.7,2014-06-16,0525,Aqua,MODIS,60,6.2,301,44.1,D,0
-12.9053,132.746,319.1,3,1.7,2014-06-16,0525,Aqua,MODIS,62,6.2,301.8,44.7,D,0
-12.7327,130.8382,354.2,2.2,1.4,2014-06-16,0525,Aqua,MODIS,97,6.2,305.3,198.3,D,0
-12.838,130.8437,328.2,2.2,1.4,2014-06-16,0525,Aqua,MODIS,82,6.2,304.5,57.5,D,0
-12.9073,132.7419,316.7,3,1.7,2014-06-16,0525,Aqua,MODIS,51,6.2,302.1,36.5,D,0
-12.8252,130.8414,317.6,2.2,1.4,2014-06-16,0525,Aqua,MODIS,63,6.2,302.7,24.4,D,0
-12.1327,133.7309,314.6,3.8,1.8,2014-06-16,0525,Aqua,MODIS,68,6.2,285.6,58.4,D,0
-12.5078,130.6985,316.9,2.2,1.4,2014-06-16,0525,Aqua,MODIS,62,6.2,298.7,28.2,D,0
-15.2709,125.8998,323.2,1,1,2014-06-16,0525,Aqua,MODIS,74,6.2,304.1,13.3,D,0
-14.2652,126.7232,322.8,1.1,1.1,2014-06-16,0525,Aqua,MODIS,62,6.2,306.2,13,D,0
-14.2557,126.7219,328,1.1,1.1,2014-06-16,0525,Aqua,MODIS,67,6.2,305.1,18.2,D,0
-14.7249,126.1093,327.8,1,1,2014-06-16,0525,Aqua,MODIS,43,6.2,305.8,16.6,D,0
-14.7094,126.0872,347.7,1,1,2014-06-16,0525,Aqua,MODIS,94,6.2,307.8,49.6,D,0
-14.7109,126.0775,339.7,1,1,2014-06-16,0525,Aqua,MODIS,76,6.2,308,34.6,D,0
-14.7123,126.0679,321.8,1,1,2014-06-16,0525,Aqua,MODIS,41,6.2,304.3,11.7,D,0
-14.7017,126.0761,358.2,1,1,2014-06-16,0525,Aqua,MODIS,99,6.2,308,76.7,D,0
-14.7031,126.0665,348.3,1,1,2014-06-16,0525,Aqua,MODIS,94,6.2,303.9,53.5,D,0
-14.7968,125.9888,351.4,1,1,2014-06-16,0525,Aqua,MODIS,96,6.2,305.9,59.2,D,0
-14.7876,125.9873,348.3,1,1,2014-06-16,0525,Aqua,MODIS,94,6.2,307.2,52.3,D,0
-14.789,125.9778,327.3,1,1,2014-06-16,0525,Aqua,MODIS,79,6.2,302.9,17.9,D,0
-16.0327,125.4734,316.3,1,1,2014-06-16,0525,Aqua,MODIS,62,6.2,304,7.1,D,0
-15.2751,125.8714,329,1,1,2014-06-16,0525,Aqua,MODIS,81,6.2,305.1,18.5,D,0
-15.2723,125.8903,317.6,1,1,2014-06-16,0525,Aqua,MODIS,50,6.2,306.1,7.1,D,0
-15.2737,125.8809,333.1,1,1,2014-06-16,0525,Aqua,MODIS,84,6.2,306.5,24.1,D,0
-15.7282,125.9155,316.1,1,1,2014-06-16,0525,Aqua,MODIS,52,6.2,304.7,5.7,D,0
-15.7833,125.8564,324.3,1,1,2014-06-16,0525,Aqua,MODIS,76,6.2,306,14.2,D,0
-15.7846,125.847,317,1,1,2014-06-16,0525,Aqua,MODIS,30,6.2,302.4,6.8,D,0
-15.7575,125.8427,319.3,1,1,2014-06-16,0525,Aqua,MODIS,68,6.2,305.3,7.7,D,0
-14.7054,132.8748,312.4,2.9,1.6,2014-06-16,0525,Aqua,MODIS,41,6.2,302.1,19.4,D,0
-14.7006,132.9013,314,2.9,1.6,2014-06-16,0525,Aqua,MODIS,57,6.2,303,24.7,D,0
-14.5784,132.8147,328.7,2.9,1.6,2014-06-16,0525,Aqua,MODIS,82,6.2,303.9,91.3,D,0
-14.5779,132.8097,326.1,2.9,1.6,2014-06-16,0525,Aqua,MODIS,79,6.2,303.5,75,D,0
-14.9757,125.9608,327.9,1,1,2014-06-16,0525,Aqua,MODIS,70,6.2,303.5,17.9,D,0
-14.4696,133.1576,318.1,3,1.7,2014-06-16,0525,Aqua,MODIS,40,6.2,302.1,42.6,D,0
-14.4716,133.1532,316.9,3,1.7,2014-06-16,0525,Aqua,MODIS,34,6.2,301.9,37.8,D,0
-15.7335,129.2209,314.7,1.5,1.2,2014-06-16,0525,Aqua,MODIS,51,6.2,303.8,10.7,D,0
-15.6579,129.2592,323,1.5,1.2,2014-06-16,0525,Aqua,MODIS,59,6.2,305.2,21.8,D,0
-15.6363,129.2556,336.9,1.5,1.2,2014-06-16,0525,Aqua,MODIS,87,6.2,303.5,53.3,D,0
-15.6386,129.242,332.9,1.5,1.2,2014-06-16,0525,Aqua,MODIS,81,6.2,304.9,42.1,D,0
-15.6279,129.2397,318.8,1.5,1.2,2014-06-16,0525,Aqua,MODIS,62,6.2,301.7,16.8,D,0
-15.6333,129.2483,335.9,1.5,1.2,2014-06-16,0525,Aqua,MODIS,87,6.2,303.9,53.7,D,0
-15.6355,129.2342,317,1.5,1.2,2014-06-16,0525,Aqua,MODIS,49,6.2,302.6,13.5,D,0
-14.9856,131.2019,315.6,2.1,1.4,2014-06-16,0525,Aqua,MODIS,63,6.2,304,20.7,D,0
-13.0847,132.1894,313.3,2.7,1.6,2014-06-16,0525,Aqua,MODIS,25,6.2,298.3,21.4,D,0
-12.3073,132.6702,313.6,3.1,1.7,2014-06-16,0525,Aqua,MODIS,66,6.2,290.5,45,D,0
-13.3537,131.0567,317.5,2.2,1.4,2014-06-16,0525,Aqua,MODIS,61,6.2,303.2,21.3,D,0
-13.3571,131.0365,316.2,2.2,1.4,2014-06-16,0525,Aqua,MODIS,42,6.2,305.1,18.3,D,0
-12.7714,131.8464,318.9,2.6,1.6,2014-06-16,0525,Aqua,MODIS,62,6.2,304,34,D,0
-13.3826,131.1074,319.2,2.2,1.4,2014-06-16,0525,Aqua,MODIS,72,6.2,303.1,33.8,D,0
-14.6571,130.7207,314.9,2,1.4,2014-06-16,0525,Aqua,MODIS,64,6.2,303.2,17.7,D,0
-14.6513,130.7081,313.3,2,1.4,2014-06-16,0525,Aqua,MODIS,43,6.2,302.1,13.8,D,0
-13.1017,131.7821,318.2,2.5,1.5,2014-06-16,0525,Aqua,MODIS,57,6.2,305.3,19.5,D,0
-12.2176,132.7417,322.7,3.1,1.7,2014-06-16,0525,Aqua,MODIS,55,6.2,285.7,81.5,D,0
-12.2326,132.7445,333.2,3.1,1.7,2014-06-16,0525,Aqua,MODIS,82,6.2,285.3,150,D,0
-14.6697,130.6743,312.7,2,1.4,2014-06-16,0525,Aqua,MODIS,58,6.2,302.2,15.5,D,0
-14.1703,131.4323,317.9,2.3,1.5,2014-06-16,0525,Aqua,MODIS,46,6.2,307.1,26.1,D,0
-13.2616,132.3919,320.4,2.8,1.6,2014-06-16,0525,Aqua,MODIS,74,6.2,300,47.9,D,0
-13.6536,131.7362,316.4,2.5,1.5,2014-06-16,0525,Aqua,MODIS,67,6.2,305.2,21.3,D,0
-13.6884,133.3353,310.1,3.3,1.7,2014-06-16,0525,Aqua,MODIS,36,6.2,295.2,26.1,D,0
-13.2588,132.3835,314.4,2.8,1.6,2014-06-16,0525,Aqua,MODIS,45,6.2,299.8,23.3,D,0
-13.7701,130.6967,317.4,2,1.4,2014-06-16,0525,Aqua,MODIS,67,6.2,302.2,22.1,D,0
-13.8199,131.6352,312.5,2.4,1.5,2014-06-16,0525,Aqua,MODIS,41,6.2,302.1,16.6,D,0
-13.3858,131.1031,316.9,2.2,1.4,2014-06-16,0525,Aqua,MODIS,60,6.2,302.3,25.9,D,0
-14.4319,133.2029,324.5,3.1,1.7,2014-06-16,0525,Aqua,MODIS,78,6.2,303.4,75.7,D,0
-14.4169,133.2005,325.4,3.1,1.7,2014-06-16,0525,Aqua,MODIS,79,6.2,302.2,80.5,D,0
-13.7624,131.6483,319.6,2.4,1.5,2014-06-16,0525,Aqua,MODIS,65,6.2,304.9,31.5,D,0
-13.7529,131.6237,329,2.4,1.5,2014-06-16,0525,Aqua,MODIS,67,6.2,304.8,65.6,D,0
-14.4221,133.1724,314.6,3.1,1.7,2014-06-16,0525,Aqua,MODIS,25,6.2,300.7,27.8,D,0
-14.4175,133.1931,327.9,3.1,1.7,2014-06-16,0525,Aqua,MODIS,81,6.2,302,94.6,D,0
-12.327,132.894,311.7,3.2,1.7,2014-06-16,0525,Aqua,MODIS,16,6.2,282.2,36.2,D,0
-13.7442,131.6147,322.1,2.4,1.5,2014-06-16,0525,Aqua,MODIS,26,6.2,303.2,38.3,D,0
-13.6865,134.4372,322.4,3.9,1.8,2014-06-16,0525,Aqua,MODIS,76,6.2,295,112.1,D,0
-13.0775,132.6448,317.9,3,1.6,2014-06-16,0525,Aqua,MODIS,70,6.2,304.4,43.7,D,0
-13.2336,132.7149,314.8,3,1.6,2014-06-16,0525,Aqua,MODIS,65,6.2,301.2,34,D,0
-14.6481,130.7262,312.4,2,1.4,2014-06-16,0525,Aqua,MODIS,49,6.2,302.3,12.9,D,0
-13.6093,131.6299,316.2,2.4,1.5,2014-06-16,0525,Aqua,MODIS,62,6.2,303.9,25,D,0
-13.5515,131.6428,315.2,2.4,1.5,2014-06-16,0525,Aqua,MODIS,20,6.2,302.4,21.6,D,0
-13.2543,132.4094,324.1,2.8,1.6,2014-06-16,0525,Aqua,MODIS,78,6.2,300.5,66.9,D,0
-13.2569,132.4177,317.8,2.8,1.6,2014-06-16,0525,Aqua,MODIS,66,6.2,300.5,38.3,D,0
-13.0521,132.6041,327.3,3,1.6,2014-06-16,0525,Aqua,MODIS,81,6.2,301.2,95.3,D,0
-13.0531,132.6122,339.7,3,1.6,2014-06-16,0525,Aqua,MODIS,90,6.2,301.9,176.5,D,0
-12.6838,130.8239,318.6,2.2,1.4,2014-06-16,0525,Aqua,MODIS,26,6.2,301.7,28.2,D,0
-13.5958,131.6276,317.6,2.4,1.5,2014-06-16,0525,Aqua,MODIS,67,6.2,302.2,30.9,D,0
-14.7846,130.6096,314,1.9,1.4,2014-06-16,0525,Aqua,MODIS,54,6.2,301.7,15.9,D,0
-14.1647,131.075,331.3,2.1,1.4,2014-06-16,0525,Aqua,MODIS,84,6.2,302,72.1,D,0
-13.5163,131.6292,319.3,2.4,1.5,2014-06-16,0525,Aqua,MODIS,31,6.2,304.1,30.6,D,0
-13.0474,132.6313,317.5,3,1.6,2014-06-16,0525,Aqua,MODIS,69,6.2,300.6,46.1,D,0
-13.5201,131.607,320.6,2.4,1.5,2014-06-16,0525,Aqua,MODIS,46,6.2,304.3,34.8,D,0
-14.2711,133.2465,314,3.1,1.7,2014-06-16,0525,Aqua,MODIS,63,6.2,302.9,32.8,D,0
-14.1677,131.4391,318.9,2.3,1.5,2014-06-16,0525,Aqua,MODIS,65,6.2,307.7,30.8,D,0
-13.5924,132.1607,317.8,2.7,1.6,2014-06-16,0525,Aqua,MODIS,39,6.2,306.3,31.1,D,0
-13.4978,130.7439,317.3,2.1,1.4,2014-06-16,0525,Aqua,MODIS,62,6.2,303.6,21.9,D,0
-14.2679,133.2511,314.6,3.1,1.7,2014-06-16,0525,Aqua,MODIS,40,6.2,303.1,32.3,D,0
-13.6738,134.4396,315.1,3.9,1.8,2014-06-16,0525,Aqua,MODIS,49,6.2,294.4,59.2,D,0
-13.6041,133.3743,311.2,3.3,1.7,2014-06-16,0525,Aqua,MODIS,52,6.2,297.1,32.7,D,0
-13.0103,132.3203,314.6,2.8,1.6,2014-06-16,0525,Aqua,MODIS,57,6.2,301.3,27.6,D,0
-13.0114,132.325,317.1,2.8,1.6,2014-06-16,0525,Aqua,MODIS,68,6.2,301.4,39.3,D,0
-14.1237,126.9167,319.4,1.1,1.1,2014-06-16,0525,Aqua,MODIS,44,6.2,307.4,8.2,D,0
-15.2889,127.8571,334.7,1.2,1.1,2014-06-16,0525,Aqua,MODIS,86,6.2,307.3,33.3,D,0
-14.8045,125.9998,321.8,1,1,2014-06-16,0525,Aqua,MODIS,70,6.2,304.1,11.7,D,0
-14.4005,126.6638,317.2,1.1,1,2014-06-16,0525,Aqua,MODIS,26,6.2,306.6,6.7,D,0
-15.1113,130.1255,318.4,1.8,1.3,2014-06-16,0525,Aqua,MODIS,56,6.2,306.9,19,D,0
-14.7953,125.9983,350.3,1,1,2014-06-16,0525,Aqua,MODIS,95,6.2,309.1,56.9,D,0
-13.8647,130.382,334.1,1.9,1.4,2014-06-16,0525,Aqua,MODIS,86,6.2,306.8,66.6,D,0
-14.0359,129.9985,340.6,1.8,1.3,2014-06-16,0525,Aqua,MODIS,90,6.2,301.8,90.3,D,0
-15.8031,124.7668,320.3,1,1,2014-06-16,0525,Aqua,MODIS,61,6.2,306.5,11.1,D,0
-14.0415,129.9658,313.3,1.8,1.3,2014-06-16,0525,Aqua,MODIS,35,6.2,300.6,15.2,D,0
-14.2305,126.697,326.3,1.1,1.1,2014-06-16,0525,Aqua,MODIS,29,6.2,310.1,14.7,D,0
-14.0242,129.9964,364.3,1.8,1.3,2014-06-16,0525,Aqua,MODIS,100,6.2,303.4,213.5,D,0
-14.027,129.98,343.3,1.8,1.3,2014-06-16,0525,Aqua,MODIS,92,6.2,301.8,97,D,0
-14.0288,129.9903,369.5,1.8,1.3,2014-06-16,0525,Aqua,MODIS,100,6.2,305.3,251.6,D,0
-14.0171,129.9882,320.1,1.8,1.3,2014-06-16,0525,Aqua,MODIS,30,6.2,298.6,28,D,0
-14.2211,126.6955,326.5,1.1,1.1,2014-06-16,0525,Aqua,MODIS,52,6.2,307.4,15.4,D,0
-15.2887,126.1434,317.6,1,1,2014-06-16,0525,Aqua,MODIS,55,6.2,303.8,7.8,D,0
-14.2226,126.6853,336.5,1.1,1.1,2014-06-16,0525,Aqua,MODIS,86,6.2,308.9,30.8,D,0
-13.9608,130.2546,331.3,1.9,1.3,2014-06-16,0525,Aqua,MODIS,84,6.2,303.3,56.1,D,0
-14.0412,130.3303,336.3,1.9,1.3,2014-06-16,0525,Aqua,MODIS,87,6.2,309.6,67.3,D,0
-13.1125,130.1562,331.3,1.9,1.4,2014-06-16,0525,Aqua,MODIS,55,6.2,304.5,57.6,D,0
-15.2924,127.8341,328.5,1.2,1.1,2014-06-16,0525,Aqua,MODIS,81,6.2,306.5,24.3,D,0
-13.0883,130.1519,328.2,1.9,1.4,2014-06-16,0525,Aqua,MODIS,43,6.2,301.7,44.7,D,0
-13.0902,130.1811,326.5,1.9,1.4,2014-06-16,0525,Aqua,MODIS,53,6.2,301.4,41.7,D,0
-14.0261,130.0067,327.1,1.8,1.3,2014-06-16,0525,Aqua,MODIS,35,6.2,299.6,42.4,D,0
-14.0441,130.3129,321.3,1.9,1.3,2014-06-16,0525,Aqua,MODIS,52,6.2,309.1,19,D,0
-14.0292,130.3281,333.6,1.9,1.3,2014-06-16,0525,Aqua,MODIS,86,6.2,306.8,59,D,0
-13.0854,130.1693,335.3,1.9,1.4,2014-06-16,0525,Aqua,MODIS,84,6.2,301.3,70.9,D,0
-14.0321,130.3107,323.3,1.9,1.3,2014-06-16,0525,Aqua,MODIS,76,6.2,305.8,26.2,D,0
-15.0121,127.7338,318.9,1.2,1.1,2014-06-16,0525,Aqua,MODIS,23,6.2,305.2,10.1,D,0
-15.9435,124.6801,334.7,1,1,2014-06-16,0525,Aqua,MODIS,86,6.2,304,27.4,D,0
-14.2117,127.5441,318.5,1.2,1.1,2014-06-16,0525,Aqua,MODIS,63,6.2,303.9,9.8,D,0
-15.0318,127.737,322.8,1.2,1.1,2014-06-16,0525,Aqua,MODIS,60,6.2,305.2,15.3,D,0
-15.2298,127.4531,322,1.2,1.1,2014-06-16,0525,Aqua,MODIS,60,6.2,304.9,13.4,D,0
-14.0951,126.9121,319.6,1.1,1.1,2014-06-16,0525,Aqua,MODIS,64,6.2,306.9,10,D,0
-15.7195,124.8328,326.2,1,1,2014-06-16,0525,Aqua,MODIS,78,6.2,305.6,16,D,0
-15.7105,124.8315,317.3,1,1,2014-06-16,0525,Aqua,MODIS,53,6.2,305.3,7.7,D,0
-15.2942,127.8227,324.9,1.2,1.1,2014-06-16,0525,Aqua,MODIS,77,6.2,306.2,19.1,D,0
-14.0967,126.9016,327.7,1.1,1.1,2014-06-16,0525,Aqua,MODIS,78,6.2,306.9,20.7,D,0
-14.5187,129.5293,317.8,1.6,1.3,2014-06-16,0525,Aqua,MODIS,38,6.2,306.5,18.8,D,0
-14.5163,129.5441,317,1.6,1.3,2014-06-16,0525,Aqua,MODIS,48,6.2,304.5,18.2,D,0
-14.0424,127.2536,344.6,1.2,1.1,2014-06-16,0525,Aqua,MODIS,92,6.2,304.6,52.5,D,0
-14.5818,127.0657,318.2,1.1,1.1,2014-06-16,0525,Aqua,MODIS,65,6.2,306.4,8.5,D,0
-14.0343,127.2412,335.2,1.2,1.1,2014-06-16,0525,Aqua,MODIS,65,6.2,305.8,30.6,D,0
-14.0093,127.1982,333.3,1.2,1.1,2014-06-16,0525,Aqua,MODIS,48,6.2,304.8,27.2,D,0
-13.9915,127.1841,341.1,1.2,1.1,2014-06-16,0525,Aqua,MODIS,90,6.2,306.5,47.1,D,0
-13.9932,127.1733,325.6,1.2,1.1,2014-06-16,0525,Aqua,MODIS,73,6.2,303.5,20.1,D,0
-13.9835,127.1717,339.7,1.2,1.1,2014-06-16,0525,Aqua,MODIS,89,6.2,303.4,45.4,D,0
-15.9448,124.6708,336.7,1,1,2014-06-16,0525,Aqua,MODIS,87,6.2,304.8,29.6,D,0
-12.4131,132.7613,326.7,3.1,1.7,2014-06-16,0525,Aqua,MODIS,49,6.2,298,95,D,0
-14.8635,126.7069,316,1.1,1,2014-06-16,0525,Aqua,MODIS,40,6.2,305.7,6.2,D,0
-14.862,126.7171,322.8,1.1,1,2014-06-16,0525,Aqua,MODIS,73,6.2,304.6,13.9,D,0
-15.3838,126.5049,351.5,1.1,1,2014-06-16,0525,Aqua,MODIS,96,6.2,306.7,62.6,D,0
-12.433,132.7358,320.8,3.1,1.7,2014-06-16,0525,Aqua,MODIS,37,6.2,298.7,63.1,D,0
-15.376,126.4935,326.7,1.1,1,2014-06-16,0525,Aqua,MODIS,50,6.2,304.5,17.6,D,0
-14.6262,129.991,318.7,1.7,1.3,2014-06-16,0525,Aqua,MODIS,58,6.2,305.3,19.7,D,0
-15.2672,127.8655,326.3,1.2,1.1,2014-06-16,0525,Aqua,MODIS,78,6.2,306.5,18,D,0
-15.279,127.8555,328.6,1.2,1.1,2014-06-16,0525,Aqua,MODIS,59,6.2,307,21.1,D,0
-15.2906,127.8456,328.1,1.2,1.1,2014-06-16,0525,Aqua,MODIS,28,6.2,305.8,20.6,D,0
-13.862,130.3762,345.3,1.9,1.4,2014-06-16,0525,Aqua,MODIS,93,6.2,307.8,115.5,D,0
-14.8031,126.0093,316.1,1,1,2014-06-16,0525,Aqua,MODIS,34,6.2,304,5.9,D,0
-14.8743,126.6363,324.2,1.1,1,2014-06-16,0525,Aqua,MODIS,39,6.2,307.2,13,D,0
-12.4373,132.715,330.6,3.1,1.7,2014-06-16,0525,Aqua,MODIS,84,6.2,298.6,119.5,D,0
-12.438,132.7077,329.2,3.1,1.7,2014-06-16,0525,Aqua,MODIS,81,6.2,298.6,110.7,D,0
-16.1459,124.6824,314.5,1,1,2014-06-16,0525,Aqua,MODIS,59,6.2,303.5,5.5,D,0
-14.3662,127.6054,315.8,1.2,1.1,2014-06-16,0525,Aqua,MODIS,45,6.2,303.2,8.1,D,0
-15.0624,126.3175,322.7,1.1,1,2014-06-16,0525,Aqua,MODIS,68,6.2,307,12,D,0
-14.9564,130.3637,330,1.8,1.3,2014-06-16,0525,Aqua,MODIS,82,6.2,305.2,46.6,D,0
-14.0401,126.9299,316.5,1.1,1.1,2014-06-16,0525,Aqua,MODIS,56,6.2,304.8,7.3,D,0
-14.0322,126.9179,319,1.1,1.1,2014-06-16,0525,Aqua,MODIS,65,6.2,306,10.3,D,0
-15.2959,127.8113,317.2,1.2,1.1,2014-06-16,0525,Aqua,MODIS,38,6.2,305.9,7.9,D,0
-15.5408,124.5367,317.5,1,1,2014-06-16,0525,Aqua,MODIS,52,6.2,305.7,5.4,D,0
-15.5395,124.546,324.5,1,1,2014-06-16,0525,Aqua,MODIS,76,6.2,305.6,12.2,D,0
-14.9593,130.3469,328,1.8,1.3,2014-06-16,0525,Aqua,MODIS,81,6.2,306.3,42.1,D,0
-13.9371,130.3225,317.6,1.9,1.3,2014-06-16,0525,Aqua,MODIS,53,6.2,307,16.2,D,0
-15.5099,124.5643,319.3,1,1,2014-06-16,0525,Aqua,MODIS,60,6.2,305.9,10.6,D,0
-14.2332,127.5362,316.6,1.2,1.1,2014-06-16,0525,Aqua,MODIS,44,6.2,304.9,7.9,D,0
-15.3917,130.1519,320.9,1.7,1.3,2014-06-16,0525,Aqua,MODIS,69,6.2,305.6,26.4,D,0
-14.0407,127.2645,348.7,1.2,1.1,2014-06-16,0525,Aqua,MODIS,94,6.2,307.2,62.8,D,0
-14.0487,127.2771,321.9,1.2,1.1,2014-06-16,0525,Aqua,MODIS,62,6.2,305,13.6,D,0
-15.9334,124.6213,353.2,1,1,2014-06-16,0525,Aqua,MODIS,84,6.2,308.6,57.5,D,0
-15.9437,124.6134,352.3,1,1,2014-06-16,0525,Aqua,MODIS,73,6.2,308.6,58.6,D,0
-15.9398,124.6414,325.4,1,1,2014-06-16,0525,Aqua,MODIS,61,6.2,307.8,13.7,D,0
-15.9384,124.6507,322.4,1,1,2014-06-16,0525,Aqua,MODIS,53,6.2,306.8,10.1,D,0
-15.3945,130.136,320.3,1.7,1.3,2014-06-16,0525,Aqua,MODIS,68,6.2,304.2,23.8,D,0
-15.3966,130.1474,324.6,1.7,1.3,2014-06-16,0525,Aqua,MODIS,60,6.2,305.5,31.6,D,0
-15.1103,130.1159,320,1.7,1.3,2014-06-16,0525,Aqua,MODIS,61,6.2,307.1,19.7,D,0
-14.2706,127.5031,317.5,1.2,1.1,2014-06-16,0525,Aqua,MODIS,48,6.2,306.1,8.8,D,0
-15.9514,124.6241,327.4,1,1,2014-06-16,0525,Aqua,MODIS,39,6.2,302.9,16.6,D,0
-15.9474,124.6521,337,1,1,2014-06-16,0525,Aqua,MODIS,81,6.2,305.5,28.6,D,0
-14.2689,127.5143,317.5,1.2,1.1,2014-06-16,0525,Aqua,MODIS,42,6.2,306.6,8.5,D,0
-15.2811,126.1462,315.9,1,1,2014-06-16,0525,Aqua,MODIS,55,6.2,302.4,6.6,D,0
-14.2581,126.2132,328.8,1.1,1,2014-06-16,0525,Aqua,MODIS,79,6.2,307.1,22.4,D,0
-15.08,126.0721,320.4,1,1,2014-06-16,0525,Aqua,MODIS,53,6.2,305.3,9.5,D,0
-14.266,126.2111,320.2,1.1,1,2014-06-16,0525,Aqua,MODIS,42,6.2,308.6,9.2,D,0
-15.0828,126.5386,314.1,1.1,1,2014-06-16,0525,Aqua,MODIS,31,6.2,303.6,5.4,D,0
-14.2645,126.2209,326.1,1.1,1,2014-06-16,0525,Aqua,MODIS,76,6.2,305,16.8,D,0
-15.0111,130.0357,315.7,1.7,1.3,2014-06-16,0525,Aqua,MODIS,48,6.2,305.1,11.3,D,0
-15.2445,127.4221,319.9,1.2,1.1,2014-06-16,0525,Aqua,MODIS,51,6.2,307.8,10,D,0
-14.2787,127.516,317.5,1.2,1.1,2014-06-16,0525,Aqua,MODIS,36,6.2,304.2,8.5,D,0
-13.8499,130.374,371.5,1.9,1.4,2014-06-16,0525,Aqua,MODIS,100,6.2,307.7,290.1,D,0
-15.0227,130.0376,314.4,1.7,1.3,2014-06-16,0525,Aqua,MODIS,30,6.2,303.6,10,D,0
-13.7892,130.363,325.3,1.9,1.4,2014-06-16,0525,Aqua,MODIS,66,6.2,308,37.1,D,0
-15.0027,130.412,316.5,1.8,1.3,2014-06-16,0525,Aqua,MODIS,52,6.2,305.6,16,D,0
-15.9461,124.6615,334.4,1,1,2014-06-16,0525,Aqua,MODIS,79,6.2,305.6,25,D,0
-12.3513,132.774,328.3,3.1,1.7,2014-06-16,0525,Aqua,MODIS,69,6.2,291.5,105,D,0
-14.9119,130.3384,316.2,1.8,1.3,2014-06-16,0525,Aqua,MODIS,27,6.2,303.4,15.3,D,0
-14.047,127.288,322.2,1.2,1.1,2014-06-16,0525,Aqua,MODIS,59,6.2,305.1,14,D,0
-13.767,130.7154,315.5,2.1,1.4,2014-06-16,0525,Aqua,MODIS,65,6.2,302,19.1,D,0
-15.3136,127.7749,321.9,1.2,1.1,2014-06-16,0525,Aqua,MODIS,16,6.2,307,12.4,D,0
-15.0214,126.6561,315.5,1.1,1,2014-06-16,0525,Aqua,MODIS,45,6.2,304.8,6.5,D,0
-15.2305,129.894,316.6,1.7,1.3,2014-06-16,0525,Aqua,MODIS,51,6.2,304.3,14,D,0
-15.482,124.8218,348.7,1,1,2014-06-16,0525,Aqua,MODIS,94,6.2,306.9,50.4,D,0
-15.4833,124.8125,338.5,1,1,2014-06-16,0525,Aqua,MODIS,88,6.2,303.6,32.6,D,0
-15.4716,124.8334,322,1,1,2014-06-16,0525,Aqua,MODIS,73,6.2,304.1,12.4,D,0
-13.8029,130.322,324.7,1.9,1.4,2014-06-16,0525,Aqua,MODIS,48,6.2,305.1,33.2,D,0
-15.9792,126.2786,314.4,1,1,2014-06-16,0525,Aqua,MODIS,51,6.2,303.4,5.7,D,0
-14.9073,127.1548,322.2,1.1,1.1,2014-06-16,0525,Aqua,MODIS,41,6.2,307,12.8,D,0
-16.109,124.6796,313.4,1,1,2014-06-16,0525,Aqua,MODIS,49,6.2,302,5,D,0
-16.1077,124.6889,314.8,1,1,2014-06-16,0525,Aqua,MODIS,49,6.2,302.6,6,D,0
-14.8994,127.1427,320.4,1.1,1.1,2014-06-16,0525,Aqua,MODIS,30,6.2,304.8,11.1,D,0
-15.2618,125.8983,326.6,1,1,2014-06-16,0525,Aqua,MODIS,76,6.2,303.8,16.4,D,0
-14.8611,127.6501,320.1,1.2,1.1,2014-06-16,0525,Aqua,MODIS,64,6.2,307.3,10.8,D,0
-15.7483,124.9576,322,1,1,2014-06-16,0525,Aqua,MODIS,62,6.2,304.2,10.6,D,0
-15.7793,127.5382,323.7,1.2,1.1,2014-06-16,0525,Aqua,MODIS,53,6.2,308.7,12.5,D,0
-15.7696,127.5367,324.2,1.2,1.1,2014-06-16,0525,Aqua,MODIS,50,6.2,307.7,13.2,D,0
-14.4079,129.8508,322.8,1.7,1.3,2014-06-16,0525,Aqua,MODIS,66,6.2,304.5,25.2,D,0
-14.4165,129.8592,321.2,1.7,1.3,2014-06-16,0525,Aqua,MODIS,52,6.2,304.4,21.1,D,0
-14.3698,129.3839,321.6,1.6,1.2,2014-06-16,0525,Aqua,MODIS,40,6.2,301.3,24.9,D,0
-14.2426,129.6638,333.3,1.7,1.3,2014-06-16,0525,Aqua,MODIS,85,6.2,302.9,58,D,0
-15.8631,124.8578,322.1,1,1,2014-06-16,0525,Aqua,MODIS,46,6.2,302.4,10.4,D,0
-16.5527,122.8574,320,1.1,1.1,2014-06-16,0525,Aqua,MODIS,62,6.2,301.6,13.4,D,0
-16.5513,122.868,323.2,1.1,1.1,2014-06-16,0525,Aqua,MODIS,76,6.2,304.5,17.1,D,0
-14.3403,129.4239,312.3,1.6,1.2,2014-06-16,0525,Aqua,MODIS,30,6.2,300.9,12.6,D,0
-14.1846,130.2793,322.2,1.9,1.3,2014-06-16,0525,Aqua,MODIS,69,6.2,305.9,25.5,D,0
-14.1817,130.2965,324.9,1.9,1.3,2014-06-16,0525,Aqua,MODIS,78,6.2,307.9,32.3,D,0
-16.6318,122.8103,320.9,1.1,1.1,2014-06-16,0525,Aqua,MODIS,69,6.2,303.8,13.8,D,0
-16.6332,122.7996,316,1.1,1.1,2014-06-16,0525,Aqua,MODIS,42,6.2,300.9,8.4,D,0
-14.4657,130.0649,320.2,1.8,1.3,2014-06-16,0525,Aqua,MODIS,20,6.2,303,24.4,D,0
-15.8555,124.8471,345.5,1,1,2014-06-16,0525,Aqua,MODIS,93,6.2,306.9,42.8,D,0
-13.9489,130.2522,317.6,1.9,1.3,2014-06-16,0525,Aqua,MODIS,66,6.2,303,20.6,D,0
-15.0947,129.669,312.2,1.6,1.3,2014-06-16,0525,Aqua,MODIS,0,6.2,302,7.8,D,0
-15.0926,129.6743,314.8,1.6,1.3,2014-06-16,0525,Aqua,MODIS,25,6.2,302.5,11.3,D,0
-16.3911,124.1771,321.8,1,1,2014-06-16,0525,Aqua,MODIS,74,6.2,303.6,15.2,D,0
-14.3726,129.9929,333.4,1.8,1.3,2014-06-16,0525,Aqua,MODIS,85,6.2,305.2,56.8,D,0
-14.4382,129.5235,323.1,1.6,1.3,2014-06-16,0525,Aqua,MODIS,71,6.2,303.1,30.9,D,0
-14.4245,129.5365,315.5,1.6,1.3,2014-06-16,0525,Aqua,MODIS,16,6.2,301.4,15.5,D,0
-15.871,124.802,325.1,1,1,2014-06-16,0525,Aqua,MODIS,77,6.2,303.9,15.2,D,0
-14.2287,129.6772,314.1,1.7,1.3,2014-06-16,0525,Aqua,MODIS,21,6.2,299.8,15.4,D,0
-14.1716,129.8781,318.2,1.7,1.3,2014-06-16,0525,Aqua,MODIS,62,6.2,305,24.3,D,0
-16.3924,124.1675,317.1,1,1,2014-06-16,0525,Aqua,MODIS,66,6.2,303.3,10.5,D,0
-13.8272,130.5976,327.2,2,1.4,2014-06-16,0525,Aqua,MODIS,77,6.2,305.5,43,D,0
-13.823,130.6105,322.7,2,1.4,2014-06-16,0525,Aqua,MODIS,69,6.2,307.5,30,D,0
-13.8261,130.5922,318.7,2,1.4,2014-06-16,0525,Aqua,MODIS,52,6.2,304.3,20.1,D,0
-13.8528,130.3563,351.1,1.9,1.4,2014-06-16,0525,Aqua,MODIS,96,6.2,302.9,141.9,D,0
-13.8407,130.3539,330.6,1.9,1.4,2014-06-16,0525,Aqua,MODIS,63,6.2,301.7,50.4,D,0
-14.2447,130.2885,315.4,1.9,1.3,2014-06-16,0525,Aqua,MODIS,50,6.2,303.6,14.8,D,0
-14.1459,129.7697,312.2,1.7,1.3,2014-06-16,0525,Aqua,MODIS,50,6.2,301.3,14.9,D,0
-14.3753,129.9765,323.7,1.8,1.3,2014-06-16,0525,Aqua,MODIS,76,6.2,304.4,28.6,D,0
-14.2793,129.6544,328.6,1.7,1.3,2014-06-16,0525,Aqua,MODIS,33,6.2,303.3,38.4,D,0
-14.2768,129.6697,328,1.7,1.3,2014-06-16,0525,Aqua,MODIS,47,6.2,302.2,37.5,D,0
-16.4431,124.2012,327.7,1,1,2014-06-16,0525,Aqua,MODIS,80,6.2,303.6,19.2,D,0
-16.4444,124.1916,318.3,1,1,2014-06-16,0525,Aqua,MODIS,49,6.2,300.2,9.7,D,0
-16.4263,124.1889,320.6,1,1,2014-06-16,0525,Aqua,MODIS,48,6.2,303.1,10.7,D,0
-16.4172,124.1876,332,1,1,2014-06-16,0525,Aqua,MODIS,84,6.2,304.3,24,D,0
-15.7394,124.9562,319.9,1,1,2014-06-16,0525,Aqua,MODIS,41,6.2,305.1,8.2,D,0
-14.2312,129.6619,325.4,1.7,1.3,2014-06-16,0525,Aqua,MODIS,78,6.2,300.3,37.7,D,0
-15.7779,124.9432,322.6,1,1,2014-06-16,0525,Aqua,MODIS,65,6.2,305.3,11.5,D,0
-14.2775,129.6609,339.1,1.7,1.3,2014-06-16,0525,Aqua,MODIS,89,6.2,302.6,73.8,D,0
-15.7823,124.5193,321.4,1,1,2014-06-16,0525,Aqua,MODIS,72,6.2,305.5,11.8,D,0
-15.781,124.5286,317.8,1,1,2014-06-16,0525,Aqua,MODIS,63,6.2,304.4,8.4,D,0
-15.7882,124.9354,320.1,1,1,2014-06-16,0525,Aqua,MODIS,47,6.2,305.7,8.9,D,0
-15.8644,124.8485,340,1,1,2014-06-16,0525,Aqua,MODIS,89,6.2,304.1,33.5,D,0
-16.4185,124.178,325.7,1,1,2014-06-16,0525,Aqua,MODIS,71,6.2,301.7,16.6,D,0
-15.427,128.9098,317.9,1.4,1.2,2014-06-16,0525,Aqua,MODIS,60,6.2,307,13.9,D,0
-14.3357,129.7351,316.3,1.7,1.3,2014-06-16,0525,Aqua,MODIS,64,6.2,302.4,20.6,D,0
-16.1663,124.7333,315.5,1,1,2014-06-16,0525,Aqua,MODIS,55,6.2,305,6.6,D,0
-15.4164,128.9079,314.2,1.4,1.2,2014-06-16,0525,Aqua,MODIS,29,6.2,303.1,8.8,D,0
-15.487,124.8509,320.1,1,1,2014-06-16,0525,Aqua,MODIS,50,6.2,303.3,9,D,0
-15.747,124.9669,317.6,1,1,2014-06-16,0525,Aqua,MODIS,40,6.2,302.8,6.8,D,0
-14.2889,129.6629,322.4,1.7,1.3,2014-06-16,0525,Aqua,MODIS,39,6.2,302.8,27.1,D,0
-14.2299,130.3035,315.5,1.9,1.3,2014-06-16,0525,Aqua,MODIS,39,6.2,304.1,15.6,D,0
-14.2863,129.6782,330.4,1.7,1.3,2014-06-16,0525,Aqua,MODIS,83,6.2,303.3,47.9,D,0
-15.8618,124.8671,320.6,1,1,2014-06-16,0525,Aqua,MODIS,35,6.2,303.7,9.5,D,0
-14.9834,125.9718,321.5,1,1,2014-06-16,0525,Aqua,MODIS,44,6.2,305,10.8,D,0
-15.0171,125.9966,319.3,1,1,2014-06-16,0525,Aqua,MODIS,60,6.2,302.5,9.5,D,0
-14.1115,130.5303,315,2,1.4,2014-06-16,0525,Aqua,MODIS,50,6.2,303.1,15.7,D,0
-15.955,128.438,315.9,1.3,1.1,2014-06-16,0525,Aqua,MODIS,60,6.2,305.6,10,D,0
-14.1023,130.51,313.3,2,1.4,2014-06-16,0525,Aqua,MODIS,23,6.2,302.8,11.8,D,0
-14.376,129.8288,324.1,1.7,1.3,2014-06-16,0525,Aqua,MODIS,71,6.2,304.2,30.5,D,0
-14.3733,129.8446,323.7,1.7,1.3,2014-06-16,0525,Aqua,MODIS,74,6.2,304.9,28.6,D,0
-15.957,128.4259,319,1.3,1.1,2014-06-16,0525,Aqua,MODIS,68,6.2,303.8,14.2,D,0
-11.2846,132.5649,314.4,3.2,1.7,2014-06-16,0526,Aqua,MODIS,0,6.2,283.8,57.3,D,0
-11.6996,130.1033,311.4,2,1.4,2014-06-16,0526,Aqua,MODIS,27,6.2,289.3,18.9,D,0
-27.8892,114.2617,313.1,4,1.9,2014-06-16,0700,Aqua,MODIS,57,6.2,293.9,71.8,D,0
-27.8984,114.2219,327,3.9,1.8,2014-06-16,0700,Aqua,MODIS,80,6.2,294.9,170,D,0
-27.8728,114.2568,334.1,4,1.9,2014-06-16,0700,Aqua,MODIS,86,6.2,295.8,234.4,D,0
-27.882,114.2171,347.8,3.9,1.8,2014-06-16,0700,Aqua,MODIS,94,6.2,298.4,401.6,D,0
-27.8846,114.252,326.8,4,1.9,2014-06-16,0700,Aqua,MODIS,80,6.2,295,165.9,D,0
-27.8682,114.2472,341.9,4,1.9,2014-06-16,0700,Aqua,MODIS,91,6.2,296.5,327,D,0
-27.8772,114.2074,333,3.9,1.8,2014-06-16,0700,Aqua,MODIS,85,6.2,297,219.6,D,0
-14.1162,131.0689,308,4.4,1.9,2014-06-16,1312,Terra,MODIS,73,6.2,285.3,88.1,N,0
-14.1169,131.0743,306.1,4.4,1.9,2014-06-16,1312,Terra,MODIS,67,6.2,285.2,77.3,N,0
-14.1337,131.0708,301.2,4.4,1.9,2014-06-16,1312,Terra,MODIS,23,6.2,285.4,49.9,N,0
-30.8697,121.4895,341,1,1,2014-06-16,1446,Terra,MODIS,100,6.2,280.9,50,N,0
-30.861,121.4923,330.9,1,1,2014-06-16,1446,Terra,MODIS,100,6.2,280,34.7,N,2
-30.8625,121.4817,318.5,1,1,2014-06-16,1446,Terra,MODIS,97,6.2,279.7,20.7,N,2
-22.0315,120.4443,312.2,1.1,1,2014-06-16,1448,Terra,MODIS,84,6.2,283.4,15.8,N,0
-21.8307,120.0122,302.7,1,1,2014-06-16,1448,Terra,MODIS,33,6.2,282.5,8,N,0
-21.8414,120.0038,318.8,1,1,2014-06-16,1448,Terra,MODIS,98,6.2,284.2,20,N,0
-21.8216,120.0106,300.2,1,1,2014-06-16,1448,Terra,MODIS,12,6.2,282.3,6.9,N,0
-20.8402,119.6176,307.2,1,1,2014-06-16,1449,Terra,MODIS,71,6.2,286.7,9.7,N,0
-20.8508,119.6093,303.2,1,1,2014-06-16,1449,Terra,MODIS,52,6.2,287.3,6.7,N,0
-15.9469,124.6252,339.4,2.5,1.5,2014-06-16,1450,Terra,MODIS,100,6.2,294,157.3,N,0
-15.9427,124.6477,313.5,2.5,1.5,2014-06-16,1450,Terra,MODIS,87,6.2,291.8,43.1,N,0
-15.9499,124.6419,328.4,2.5,1.5,2014-06-16,1450,Terra,MODIS,100,6.2,293.1,100.2,N,0
-15.9537,124.6198,332.5,2.5,1.5,2014-06-16,1450,Terra,MODIS,100,6.2,294.5,117.9,N,0
-15.9564,124.6496,303.6,2.5,1.5,2014-06-16,1450,Terra,MODIS,56,6.2,291.4,20.4,N,0
-15.866,124.795,302.2,2.6,1.5,2014-06-16,1450,Terra,MODIS,47,6.2,291.7,18.6,N,0
-14.1165,131.0608,306,2.3,1.5,2014-06-16,1616,Aqua,MODIS,57,6.2,284.2,29.9,N,0
-14.1202,131.0816,309.1,2.3,1.5,2014-06-16,1616,Aqua,MODIS,75,6.2,285.6,36.3,N,0
-29.0338,150.3259,311.6,1,1,2014-06-17,0006,Terra,MODIS,71,6.2,289.2,10.9,D,0
-27.8952,148.8231,307.6,1.2,1.1,2014-06-17,0006,Terra,MODIS,66,6.2,286.5,10.8,D,0
-27.8933,148.8113,305.1,1.2,1.1,2014-06-17,0006,Terra,MODIS,61,6.2,287.3,8.8,D,0
-26.7435,147.2143,300.6,1.5,1.2,2014-06-17,0006,Terra,MODIS,40,6.2,286.9,7.1,D,0
-26.2039,152.5782,301.2,1,1,2014-06-17,0006,Terra,MODIS,45,6.2,290.3,4,D,0
-27.3167,152.9834,300.7,1,1,2014-06-17,0006,Terra,MODIS,34,6.2,290.2,2.4,D,2
-26.7929,150.1974,305.2,1.1,1,2014-06-17,0006,Terra,MODIS,61,6.2,287.9,7.1,D,0
-26.7946,150.208,312.3,1.1,1,2014-06-17,0006,Terra,MODIS,72,6.2,288.1,12.4,D,2
-26.7999,150.2004,307.3,1.1,1,2014-06-17,0006,Terra,MODIS,65,6.2,287.4,9.4,D,2
-30.5232,152.0018,305.9,1,1,2014-06-17,0007,Terra,MODIS,62,6.2,285.6,8.7,D,0
-30.5247,152.0124,302,1,1,2014-06-17,0007,Terra,MODIS,50,6.2,285.2,6.4,D,0
-34.4632,150.8883,309.5,1,1,2014-06-17,0008,Terra,MODIS,0,6.2,289.1,9.9,D,2
-41.7016,147.8468,308.4,1,1,2014-06-17,0010,Terra,MODIS,67,6.2,282.1,11.4,D,0
-11.2623,132.5636,325.5,1.1,1,2014-06-17,0140,Terra,MODIS,79,6.2,299.4,17.1,D,0
-11.2944,132.2733,315.5,1.1,1,2014-06-17,0140,Terra,MODIS,56,6.2,300.5,7.1,D,0
-12.2043,132.7297,339,1.1,1.1,2014-06-17,0140,Terra,MODIS,89,6.2,299.8,41.5,D,0
-12.1985,132.6885,318.1,1.1,1.1,2014-06-17,0140,Terra,MODIS,38,6.2,298.1,11.8,D,0
-12.1933,132.7207,314.1,1.1,1.1,2014-06-17,0140,Terra,MODIS,53,6.2,298.5,8.4,D,0
-12.1971,132.6782,318.9,1.1,1.1,2014-06-17,0140,Terra,MODIS,59,6.2,298.4,13.1,D,0
-12.1947,132.731,349.8,1.1,1.1,2014-06-17,0140,Terra,MODIS,95,6.2,300.7,67.1,D,0
-12.1753,132.6604,321.2,1.1,1.1,2014-06-17,0140,Terra,MODIS,58,6.2,298.3,15,D,0
-11.4274,132.2973,317.2,1.1,1,2014-06-17,0140,Terra,MODIS,59,6.2,297.3,9.6,D,0
-11.0834,132.5309,316.8,1.1,1,2014-06-17,0140,Terra,MODIS,67,6.2,297.5,9.9,D,0
-12.1431,132.6713,316.5,1.1,1.1,2014-06-17,0140,Terra,MODIS,0,6.2,300.7,10.9,D,0
-11.082,132.5211,316.9,1.1,1,2014-06-17,0140,Terra,MODIS,58,6.2,297,10.1,D,0
-11.6322,130.7249,307.5,1,1,2014-06-17,0140,Terra,MODIS,31,6.2,295.9,2.9,D,0
-11.6335,130.734,312.9,1,1,2014-06-17,0140,Terra,MODIS,67,6.2,297.5,6.7,D,0
-11.6425,130.7327,310.4,1,1,2014-06-17,0140,Terra,MODIS,25,6.2,297.3,4.7,D,0
-12.246,132.2348,313.6,1.1,1,2014-06-17,0140,Terra,MODIS,45,6.2,297.9,6.4,D,0
-12.3855,134.3061,317.5,1.4,1.2,2014-06-17,0140,Terra,MODIS,61,6.2,297.8,11.3,D,0
-12.4936,134.3508,324.7,1.4,1.2,2014-06-17,0140,Terra,MODIS,68,6.2,297.4,25.5,D,0
-12.1287,134.4832,315.3,1.4,1.2,2014-06-17,0140,Terra,MODIS,66,6.2,295.3,15.9,D,0
-12.4953,134.3637,327.7,1.4,1.2,2014-06-17,0140,Terra,MODIS,82,6.2,297.5,31.1,D,0
-12.4889,134.3573,333.8,1.4,1.2,2014-06-17,0140,Terra,MODIS,68,6.2,297.7,41.7,D,0
-12.0782,133.746,318.3,1.3,1.1,2014-06-17,0140,Terra,MODIS,30,6.2,298.3,12,D,0
-12.4783,134.3588,328.9,1.4,1.2,2014-06-17,0140,Terra,MODIS,83,6.2,297.7,32.7,D,0
-12.3347,134.3716,315.1,1.4,1.2,2014-06-17,0140,Terra,MODIS,43,6.2,297.7,10,D,0
-12.5304,134.3854,318.1,1.4,1.2,2014-06-17,0140,Terra,MODIS,72,6.2,296.5,16.4,D,0
-12.548,134.4363,322,1.4,1.2,2014-06-17,0140,Terra,MODIS,77,6.2,296.6,24,D,0
-12.5463,134.4232,311.2,1.4,1.2,2014-06-17,0140,Terra,MODIS,44,6.2,295.9,7.6,D,0
-12.1053,133.7187,319.1,1.3,1.1,2014-06-17,0140,Terra,MODIS,39,6.2,300.8,10.6,D,0
-12.1037,133.7071,316.9,1.3,1.1,2014-06-17,0140,Terra,MODIS,35,6.2,299.6,9.2,D,0
-12.4766,134.346,321,1.4,1.2,2014-06-17,0140,Terra,MODIS,65,6.2,296.8,17.5,D,0
-11.4302,132.3168,325.5,1.1,1,2014-06-17,0140,Terra,MODIS,71,6.2,299.7,16.7,D,0
-12.3097,132.6878,328.5,1.1,1.1,2014-06-17,0140,Terra,MODIS,82,6.2,299.8,26.1,D,0
-12.3083,132.6775,344.4,1.1,1.1,2014-06-17,0140,Terra,MODIS,92,6.2,301,54.9,D,0
-12.2328,132.7256,324.7,1.1,1.1,2014-06-17,0140,Terra,MODIS,35,6.2,298.8,18.1,D,0
-11.4628,132.6143,312.8,1.1,1,2014-06-17,0140,Terra,MODIS,61,6.2,298.5,6.2,D,0
-11.2716,132.5623,319.8,1.1,1,2014-06-17,0140,Terra,MODIS,51,6.2,299.7,10.9,D,0
-12.2291,132.7684,314.5,1.1,1.1,2014-06-17,0140,Terra,MODIS,39,6.2,300.2,7.1,D,0
-12.3002,132.6892,312.2,1.1,1.1,2014-06-17,0140,Terra,MODIS,55,6.2,297.9,7.6,D,0
-12.2798,132.9213,314.9,1.2,1.1,2014-06-17,0140,Terra,MODIS,48,6.2,301.1,8.6,D,0
-11.4288,132.307,320.7,1.1,1,2014-06-17,0140,Terra,MODIS,70,6.2,298.1,12,D,0
-12.2057,132.74,343.9,1.1,1.1,2014-06-17,0140,Terra,MODIS,92,6.2,302.2,51.9,D,0
-11.6302,130.2785,321.2,1,1,2014-06-17,0140,Terra,MODIS,72,6.2,298.9,12.7,D,0
-12.3432,132.928,321.2,1.2,1.1,2014-06-17,0140,Terra,MODIS,74,6.2,298.8,14.5,D,0
-11.774,130.2538,310.4,1,1,2014-06-17,0140,Terra,MODIS,29,6.2,297.4,5.9,D,0
-14.9415,130.3812,322.7,1,1,2014-06-17,0141,Terra,MODIS,76,6.2,303.9,11.7,D,0
-14.0472,127.256,320,1.2,1.1,2014-06-17,0141,Terra,MODIS,73,6.2,301.5,15.3,D,0
-14.0454,127.2448,356.2,1.2,1.1,2014-06-17,0141,Terra,MODIS,98,6.2,303.3,93.5,D,0
-14.0436,127.2335,346.2,1.2,1.1,2014-06-17,0141,Terra,MODIS,93,6.2,300.6,63,D,0
-14.0338,127.2352,335.2,1.2,1.1,2014-06-17,0141,Terra,MODIS,87,6.2,304.4,36.8,D,0
-14.0319,127.224,352.1,1.2,1.1,2014-06-17,0141,Terra,MODIS,96,6.2,305.3,79.4,D,0
-13.0806,130.1846,313.6,1,1,2014-06-17,0141,Terra,MODIS,49,6.2,300.3,6.6,D,0
-14.4768,130.0985,322.8,1,1,2014-06-17,0141,Terra,MODIS,78,6.2,301.4,15.2,D,0
-14.4755,130.0893,329.3,1,1,2014-06-17,0141,Terra,MODIS,83,6.2,302.1,21.8,D,0
-14.2013,126.6832,325.9,1.3,1.1,2014-06-17,0141,Terra,MODIS,77,6.2,302.4,25,D,0
-14.2368,126.7199,322.6,1.3,1.1,2014-06-17,0141,Terra,MODIS,43,6.2,302.3,17.2,D,0
-14.4023,126.6674,314.6,1.3,1.1,2014-06-17,0141,Terra,MODIS,60,6.2,302,10.2,D,0
-14.4719,130.1275,328.1,1,1,2014-06-17,0141,Terra,MODIS,82,6.2,300.1,20.8,D,0
-13.9957,127.259,317.5,1.2,1.1,2014-06-17,0141,Terra,MODIS,45,6.2,301.1,11.6,D,0
-13.9939,127.2478,328.7,1.2,1.1,2014-06-17,0141,Terra,MODIS,82,6.2,302.2,27.1,D,0
-15.3861,129.8975,318.5,1,1,2014-06-17,0141,Terra,MODIS,39,6.2,301,8.6,D,0
-14.9101,127.1481,320.9,1.2,1.1,2014-06-17,0141,Terra,MODIS,73,6.2,301.4,16.4,D,0
-13.384,131.124,322.8,1,1,2014-06-17,0141,Terra,MODIS,47,6.2,299.9,13.5,D,0
-13.3826,131.1146,324.5,1,1,2014-06-17,0141,Terra,MODIS,65,6.2,302,16.1,D,0
-13.379,131.1536,346.4,1,1,2014-06-17,0141,Terra,MODIS,93,6.2,303.2,48.5,D,0
-13.9796,127.1576,341.1,1.2,1.1,2014-06-17,0141,Terra,MODIS,79,6.2,301.2,52.5,D,0
-13.9895,127.156,316.1,1.2,1.1,2014-06-17,0141,Terra,MODIS,33,6.2,298.6,10.7,D,0
-13.3699,131.1549,336.4,1,1,2014-06-17,0141,Terra,MODIS,68,6.2,304.6,29.2,D,0
-13.3686,131.1455,338.8,1,1,2014-06-17,0141,Terra,MODIS,59,6.2,303,31.2,D,0
-13.3491,131.1388,322.9,1,1,2014-06-17,0141,Terra,MODIS,42,6.2,301.6,12.8,D,0
-15.1439,129.7547,318.4,1,1,2014-06-17,0141,Terra,MODIS,51,6.2,298.8,10.6,D,0
-15.1452,129.7639,335.7,1,1,2014-06-17,0141,Terra,MODIS,87,6.2,301.2,30.8,D,0
-15.155,129.7658,320.7,1,1,2014-06-17,0141,Terra,MODIS,74,6.2,299.7,12.6,D,0
-15.1563,129.775,321.2,1,1,2014-06-17,0141,Terra,MODIS,75,6.2,300.4,12.8,D,0
-14.4746,130.1459,313.9,1,1,2014-06-17,0141,Terra,MODIS,47,6.2,299.2,7.4,D,0
-14.4733,130.1367,322.6,1,1,2014-06-17,0141,Terra,MODIS,77,6.2,298.8,15.3,D,0
-13.9563,130.2524,322.1,1,1,2014-06-17,0141,Terra,MODIS,75,6.2,302,13.2,D,0
-14.008,130.2916,328.2,1,1,2014-06-17,0141,Terra,MODIS,81,6.2,305,17.6,D,0
-14.108,126.9352,313.4,1.3,1.1,2014-06-17,0141,Terra,MODIS,59,6.2,300.2,9,D,0
-13.3803,131.1629,344.8,1,1,2014-06-17,0141,Terra,MODIS,93,6.2,303.5,45.4,D,0
-13.955,130.2432,314,1,1,2014-06-17,0141,Terra,MODIS,61,6.2,301.3,5.8,D,0
-13.7924,130.3272,320.9,1,1,2014-06-17,0141,Terra,MODIS,56,6.2,305.4,9.5,D,0
-13.8745,130.0736,311.2,1,1,2014-06-17,0141,Terra,MODIS,48,6.2,299.2,6,D,0
-13.6054,129.9362,316.8,1,1,2014-06-17,0141,Terra,MODIS,48,6.2,302.5,8.3,D,0
-14.2465,126.2174,316.8,1.4,1.2,2014-06-17,0141,Terra,MODIS,56,6.2,299.7,14.3,D,0
-14.259,126.2284,316.4,1.4,1.2,2014-06-17,0141,Terra,MODIS,52,6.2,299.4,14.5,D,0
-15.0042,127.7465,310.5,1.1,1.1,2014-06-17,0141,Terra,MODIS,36,6.2,299.7,4.9,D,0
-15.0136,127.7449,311.8,1.1,1.1,2014-06-17,0141,Terra,MODIS,51,6.2,300.6,5.8,D,0
-15.0307,127.3905,313.8,1.2,1.1,2014-06-17,0141,Terra,MODIS,65,6.2,300.6,7.9,D,0
-15.2951,127.8382,323.9,1.1,1,2014-06-17,0141,Terra,MODIS,40,6.2,300.7,16.1,D,0
-15.3029,127.8265,320.3,1.1,1,2014-06-17,0141,Terra,MODIS,47,6.2,299.8,13.1,D,0
-14.9402,130.3719,319.6,1,1,2014-06-17,0141,Terra,MODIS,65,6.2,302.3,8.1,D,0
-15.2979,127.732,332,1.1,1.1,2014-06-17,0141,Terra,MODIS,85,6.2,301.6,28.8,D,0
-15.2995,127.7424,315.4,1.1,1.1,2014-06-17,0141,Terra,MODIS,40,6.2,301.5,7.6,D,0
-15.3033,127.7352,323.3,1.1,1.1,2014-06-17,0141,Terra,MODIS,78,6.2,300.7,17.8,D,0
-13.9264,130.3006,318.4,1,1,2014-06-17,0141,Terra,MODIS,67,6.2,305.1,7.8,D,0
-14.7361,126.1297,312.9,1.4,1.2,2014-06-17,0141,Terra,MODIS,46,6.2,300.2,10,D,0
-14.4727,130.0709,324,1,1,2014-06-17,0141,Terra,MODIS,67,6.2,300,15,D,0
-14.4741,130.0801,325.9,1,1,2014-06-17,0141,Terra,MODIS,73,6.2,300.2,17,D,0
-14.8825,130.2291,362.1,1,1,2014-06-17,0141,Terra,MODIS,100,6.2,303.2,86.8,D,0
-13.8076,130.3061,318.2,1,1,2014-06-17,0141,Terra,MODIS,40,6.2,303.6,8,D,0
-15.2474,127.408,314.5,1.2,1.1,2014-06-17,0141,Terra,MODIS,30,6.2,302.2,7.3,D,0
-15.2491,127.4186,323.3,1.2,1.1,2014-06-17,0141,Terra,MODIS,69,6.2,301.4,16.7,D,0
-15.2515,127.4117,318.5,1.2,1.1,2014-06-17,0141,Terra,MODIS,73,6.2,301.8,13.9,D,0
-15.2533,127.4223,310,1.2,1.1,2014-06-17,0141,Terra,MODIS,53,6.2,299.9,5.2,D,0
-13.697,130.0567,317.1,1,1,2014-06-17,0141,Terra,MODIS,41,6.2,302.2,7.3,D,0
-13.6984,130.0659,318.9,1,1,2014-06-17,0141,Terra,MODIS,56,6.2,300.8,9.7,D,0
-15.3194,127.7751,312.2,1.1,1.1,2014-06-17,0141,Terra,MODIS,57,6.2,299.4,6.3,D,0
-15.227,127.4657,315.1,1.1,1.1,2014-06-17,0141,Terra,MODIS,26,6.2,300.2,8.5,D,0
-15.2253,127.455,321.7,1.1,1.1,2014-06-17,0141,Terra,MODIS,66,6.2,301.9,15.3,D,0
-14.8079,126.005,335.9,1.4,1.2,2014-06-17,0141,Terra,MODIS,88,6.2,299.2,52.3,D,0
-14.8058,125.9919,325,1.4,1.2,2014-06-17,0141,Terra,MODIS,80,6.2,297.9,28.6,D,0
-15.0906,126.5452,315.2,1.3,1.1,2014-06-17,0141,Terra,MODIS,68,6.2,299,13.2,D,0
-15.3937,129.8869,321.8,1,1,2014-06-17,0141,Terra,MODIS,57,6.2,300,11.7,D,0
-15.3924,129.8777,331.7,1,1,2014-06-17,0141,Terra,MODIS,0,6.2,300.4,23.3,D,0
-15.2012,129.4587,329.5,1,1,2014-06-17,0141,Terra,MODIS,83,6.2,304.2,22.4,D,0
-15.1998,129.4494,320.1,1,1,2014-06-17,0141,Terra,MODIS,72,6.2,302.6,11.5,D,0
-15.2982,127.8585,323.6,1.1,1,2014-06-17,0141,Terra,MODIS,51,6.2,299.9,15.9,D,0
-15.2966,127.8483,336.1,1.1,1,2014-06-17,0141,Terra,MODIS,88,6.2,301.1,34.6,D,0
-15.292,127.8802,315.4,1.1,1,2014-06-17,0141,Terra,MODIS,40,6.2,300.9,7.9,D,0
-14.6165,129.986,316.3,1,1,2014-06-17,0141,Terra,MODIS,50,6.2,304.7,7.8,D,0
-12.3842,132.7024,314.2,1.1,1.1,2014-06-17,0141,Terra,MODIS,28,6.2,300.8,6.4,D,0
-12.3746,132.7037,319.8,1.1,1.1,2014-06-17,0141,Terra,MODIS,73,6.2,299.9,12.7,D,0
-12.3732,132.6934,311.7,1.1,1.1,2014-06-17,0141,Terra,MODIS,31,6.2,299.2,5,D,0
-15.0188,126.6726,312.6,1.3,1.1,2014-06-17,0141,Terra,MODIS,62,6.2,299.2,10.2,D,0
-12.3536,132.862,321,1.2,1.1,2014-06-17,0141,Terra,MODIS,62,6.2,300.2,16,D,0
-14.0428,127.291,313.6,1.2,1.1,2014-06-17,0141,Terra,MODIS,50,6.2,301.8,7.9,D,0
-14.8839,130.2384,375,1,1,2014-06-17,0141,Terra,MODIS,100,6.2,306.6,128.9,D,0
-14.8853,130.2476,314.5,1,1,2014-06-17,0141,Terra,MODIS,50,6.2,300.5,7,D,0
-13.9814,127.169,339.4,1.2,1.1,2014-06-17,0141,Terra,MODIS,89,6.2,303,48.5,D,0
-13.9913,127.1674,326.9,1.2,1.1,2014-06-17,0141,Terra,MODIS,80,6.2,300.4,26.6,D,0
-13.9931,127.1787,324.4,1.2,1.1,2014-06-17,0141,Terra,MODIS,78,6.2,301.3,22,D,0
-14.0203,127.2143,320.8,1.2,1.1,2014-06-17,0141,Terra,MODIS,64,6.2,302.7,15.6,D,0
-14.0301,127.2127,326.4,1.2,1.1,2014-06-17,0141,Terra,MODIS,72,6.2,299.9,23.5,D,0
-13.0587,133.6135,310.6,1.3,1.1,2014-06-17,0141,Terra,MODIS,50,6.2,297.5,5.9,D,0
-12.7821,132.4689,322.9,1.1,1.1,2014-06-17,0141,Terra,MODIS,77,6.2,302.7,15.3,D,0
-12.8211,131.4354,316.8,1,1,2014-06-17,0141,Terra,MODIS,56,6.2,300,9.3,D,0
-12.5895,132.1308,326.7,1.1,1,2014-06-17,0141,Terra,MODIS,81,6.2,300.3,20.4,D,0
-14.3698,133.3672,313.8,1.3,1.1,2014-06-17,0141,Terra,MODIS,55,6.2,299.3,7.8,D,0
-12.5817,134.445,311,1.4,1.2,2014-06-17,0141,Terra,MODIS,27,6.2,296,7.1,D,0
-12.6741,132.0124,327,1.1,1,2014-06-17,0141,Terra,MODIS,71,6.2,302.9,18.7,D,0
-12.6635,132.3843,313.8,1.1,1,2014-06-17,0141,Terra,MODIS,63,6.2,300.2,7,D,0
-12.8222,134.0614,315.9,1.4,1.2,2014-06-17,0141,Terra,MODIS,69,6.2,297.6,12.2,D,0
-12.4451,130.7437,315,1,1,2014-06-17,0141,Terra,MODIS,0,6.2,299.3,6.8,D,0
-12.4437,130.7345,326.2,1,1,2014-06-17,0141,Terra,MODIS,0,6.2,300,18.3,D,0
-12.6188,132.1366,314.8,1.1,1,2014-06-17,0141,Terra,MODIS,50,6.2,300,6.9,D,0
-12.9472,134.3573,313.5,1.4,1.2,2014-06-17,0141,Terra,MODIS,65,6.2,295.2,12.3,D,0
-12.4424,130.7254,339.6,1,1,2014-06-17,0141,Terra,MODIS,0,6.2,301,36.1,D,0
-14.3702,133.3609,320.1,1.3,1.1,2014-06-17,0141,Terra,MODIS,74,6.2,300.3,16,D,0
-14.3682,133.3553,313.7,1.3,1.1,2014-06-17,0141,Terra,MODIS,47,6.2,301.5,7.8,D,0
-12.7878,131.4558,319.4,1,1,2014-06-17,0141,Terra,MODIS,63,6.2,298.2,10.9,D,0
-12.8124,131.433,332.3,1,1,2014-06-17,0141,Terra,MODIS,85,6.2,301.1,25.1,D,0
-12.7747,130.7323,322,1,1,2014-06-17,0141,Terra,MODIS,74,6.2,303.2,10.8,D,0
-12.8863,130.803,313.9,1,1,2014-06-17,0141,Terra,MODIS,55,6.2,300.7,4,D,0
-12.9509,134.5471,318.2,1.5,1.2,2014-06-17,0141,Terra,MODIS,73,6.2,294.1,19.3,D,0
-12.8402,133.6505,315.3,1.3,1.1,2014-06-17,0141,Terra,MODIS,57,6.2,297.5,11,D,0
-12.8206,130.8568,327.5,1,1,2014-06-17,0141,Terra,MODIS,80,6.2,301,19.1,D,0
-12.6706,130.8382,326.3,1,1,2014-06-17,0141,Terra,MODIS,80,6.2,299.8,17.9,D,0
-12.7382,130.8596,311.4,1,1,2014-06-17,0141,Terra,MODIS,30,6.2,299.5,5.6,D,0
-12.9441,132.7679,316.5,1.2,1.1,2014-06-17,0141,Terra,MODIS,63,6.2,302.6,8,D,0
-12.7554,130.7258,327.6,1,1,2014-06-17,0141,Terra,MODIS,80,6.2,301.2,18,D,0
-12.9275,131.9875,317.1,1.1,1,2014-06-17,0141,Terra,MODIS,66,6.2,303.4,6.9,D,0
-12.9261,131.9778,318.3,1.1,1,2014-06-17,0141,Terra,MODIS,69,6.2,303.5,7.9,D,0
-13.0894,130.8075,327.7,1,1,2014-06-17,0141,Terra,MODIS,80,6.2,303,19.4,D,0
-12.889,132.7497,319.6,1.2,1.1,2014-06-17,0141,Terra,MODIS,69,6.2,301.8,11.9,D,0
-12.5788,131.1558,313.6,1,1,2014-06-17,0141,Terra,MODIS,63,6.2,299.6,6.9,D,0
-12.7765,132.4654,319.3,1.1,1.1,2014-06-17,0141,Terra,MODIS,57,6.2,301.7,11.2,D,0
-12.5881,132.121,344.4,1.1,1,2014-06-17,0141,Terra,MODIS,93,6.2,301,50.2,D,0
-12.8192,130.8476,339.9,1,1,2014-06-17,0141,Terra,MODIS,90,6.2,303,36.7,D,0
-12.8138,131.4424,319.5,1,1,2014-06-17,0141,Terra,MODIS,23,6.2,300.7,9.4,D,0
-12.7047,132.4341,317.8,1.1,1.1,2014-06-17,0141,Terra,MODIS,70,6.2,300.7,10.6,D,0
-12.7179,132.3909,320.6,1.1,1,2014-06-17,0141,Terra,MODIS,74,6.2,300.7,13.3,D,0
-12.8167,132.9612,317.2,1.2,1.1,2014-06-17,0141,Terra,MODIS,45,6.2,300.5,10.6,D,0
-12.5988,132.1294,327.9,1.1,1,2014-06-17,0141,Terra,MODIS,82,6.2,301,21.4,D,0
-12.6278,133.5144,314.8,1.3,1.1,2014-06-17,0141,Terra,MODIS,62,6.2,299.6,8.1,D,0
-12.4411,130.7162,325.6,1,1,2014-06-17,0141,Terra,MODIS,0,6.2,299.5,17.4,D,0
-12.5974,132.1196,333.3,1.1,1,2014-06-17,0141,Terra,MODIS,86,6.2,300.7,29.6,D,0
-12.7259,132.3795,319.5,1.1,1,2014-06-17,0141,Terra,MODIS,69,6.2,301.1,11.8,D,0
-12.8613,132.9052,320.3,1.2,1.1,2014-06-17,0141,Terra,MODIS,63,6.2,301.5,11.6,D,0
-12.9405,134.3517,309.8,1.4,1.2,2014-06-17,0141,Terra,MODIS,57,6.2,295.6,7.7,D,0
-12.8152,132.9504,318.6,1.2,1.1,2014-06-17,0141,Terra,MODIS,55,6.2,301.1,11.7,D,0
-14.1993,130.2784,336.5,1,1,2014-06-17,0141,Terra,MODIS,88,6.2,302.4,30.1,D,0
-15.2088,129.448,322.8,1,1,2014-06-17,0141,Terra,MODIS,77,6.2,300.5,14.7,D,0
-15.2102,129.4573,342.3,1,1,2014-06-17,0141,Terra,MODIS,91,6.2,300.4,42.3,D,0
-14.0782,130.5193,342.7,1,1,2014-06-17,0141,Terra,MODIS,92,6.2,303.5,42.2,D,0
-14.0796,130.5286,326.4,1,1,2014-06-17,0141,Terra,MODIS,80,6.2,302.8,18.1,D,0
-14.1079,130.5338,326.9,1,1,2014-06-17,0141,Terra,MODIS,81,6.2,303.6,18.5,D,0
-13.8634,130.561,323.9,1,1,2014-06-17,0141,Terra,MODIS,70,6.2,303.6,13,D,0
-13.8895,130.5507,316.8,1,1,2014-06-17,0141,Terra,MODIS,67,6.2,303.8,8.7,D,0
-13.8431,130.6112,320.5,1,1,2014-06-17,0141,Terra,MODIS,71,6.2,302.3,10.6,D,0
-14.3266,129.4002,309.4,1,1,2014-06-17,0141,Terra,MODIS,25,6.2,298.3,4.3,D,0
-14.328,129.4095,322.8,1,1,2014-06-17,0141,Terra,MODIS,77,6.2,301,16.1,D,0
-14.461,130.0538,322.9,1,1,2014-06-17,0141,Terra,MODIS,70,6.2,299.7,14.2,D,0
-14.4624,130.063,320.2,1,1,2014-06-17,0141,Terra,MODIS,51,6.2,302,11.3,D,0
-14.4714,130.0617,326.3,1,1,2014-06-17,0141,Terra,MODIS,73,6.2,299,17.8,D,0
-14.3963,129.3738,314.1,1,1,2014-06-17,0141,Terra,MODIS,49,6.2,300.2,5.9,D,0
-14.2522,129.4563,311.4,1,1,2014-06-17,0141,Terra,MODIS,33,6.2,299.3,5.3,D,0
-14.2536,129.4656,339.6,1,1,2014-06-17,0141,Terra,MODIS,90,6.2,301.1,38.4,D,0
-14.255,129.4749,309.5,1,1,2014-06-17,0141,Terra,MODIS,39,6.2,299.1,4.3,D,0
-14.4572,130.1545,319.4,1,1,2014-06-17,0141,Terra,MODIS,21,6.2,301.2,10,D,0
-14.4321,130.2337,315.3,1,1,2014-06-17,0141,Terra,MODIS,67,6.2,302.2,8.1,D,0
-14.4335,130.2429,312.1,1,1,2014-06-17,0141,Terra,MODIS,60,6.2,301,5.8,D,0
-14.2453,129.6563,313.3,1,1,2014-06-17,0141,Terra,MODIS,52,6.2,299.5,6.6,D,0
-14.2467,129.6656,327.7,1,1,2014-06-17,0141,Terra,MODIS,82,6.2,302.2,20.9,D,0
-14.4367,129.5197,321.9,1,1,2014-06-17,0141,Terra,MODIS,77,6.2,300.3,15.1,D,0
-13.8373,130.3204,328.4,1,1,2014-06-17,0141,Terra,MODIS,82,6.2,302.6,20.2,D,0
-13.8386,130.3296,318.5,1,1,2014-06-17,0141,Terra,MODIS,53,6.2,304.2,9.3,D,0
-13.84,130.3388,336.1,1,1,2014-06-17,0141,Terra,MODIS,87,6.2,306.2,29.5,D,0
-13.849,130.3374,368.9,1,1,2014-06-17,0141,Terra,MODIS,100,6.2,304.8,105.7,D,0
-13.8503,130.3466,332.8,1,1,2014-06-17,0141,Terra,MODIS,85,6.2,304.5,24.6,D,0
-14.1409,129.8829,334.8,1,1,2014-06-17,0141,Terra,MODIS,84,6.2,303.9,29.8,D,0
-14.1422,129.8921,327.2,1,1,2014-06-17,0141,Terra,MODIS,68,6.2,302.3,19.5,D,0
-14.1512,129.8907,318.8,1,1,2014-06-17,0141,Terra,MODIS,47,6.2,303.8,10.6,D,0
-14.2007,130.2876,325.4,1,1,2014-06-17,0141,Terra,MODIS,71,6.2,303.6,15.1,D,0
-14.167,129.8725,332.6,1,1,2014-06-17,0141,Terra,MODIS,86,6.2,302.1,28,D,0
-14.1684,129.8817,338.7,1,1,2014-06-17,0141,Terra,MODIS,90,6.2,305.4,36.8,D,0
-14.1774,130.4418,315.9,1,1,2014-06-17,0141,Terra,MODIS,50,6.2,302.1,7.2,D,0
-14.1787,130.4511,327.3,1,1,2014-06-17,0141,Terra,MODIS,81,6.2,303.3,18.6,D,0
-14.1801,130.4603,314.8,1,1,2014-06-17,0141,Terra,MODIS,30,6.2,302.7,5.6,D,0
-14.2314,129.4405,328.6,1,1,2014-06-17,0141,Terra,MODIS,78,6.2,300,22.6,D,0
-14.2328,129.4498,312.3,1,1,2014-06-17,0141,Terra,MODIS,52,6.2,299.2,6.3,D,0
-14.2857,129.4351,313.2,1,1,2014-06-17,0141,Terra,MODIS,60,6.2,298.9,9,D,0
-14.2309,130.3048,322.7,1,1,2014-06-17,0141,Terra,MODIS,77,6.2,302.2,13,D,0
-14.2372,130.285,324.5,1,1,2014-06-17,0141,Terra,MODIS,79,6.2,303.5,15.3,D,0
-14.3023,129.9775,313.5,1,1,2014-06-17,0141,Terra,MODIS,57,6.2,302.7,3.5,D,0
-14.3799,129.5095,311.5,1,1,2014-06-17,0141,Terra,MODIS,60,6.2,299.1,6.3,D,0
-15.4221,128.9078,315.7,1,1,2014-06-17,0141,Terra,MODIS,63,6.2,302.3,8.4,D,0
-15.4235,128.9172,322.8,1,1,2014-06-17,0141,Terra,MODIS,77,6.2,302.9,15.2,D,0
-14.2794,126.7257,312,1.3,1.1,2014-06-17,0141,Terra,MODIS,21,6.2,300.6,6.6,D,0
-14.2876,126.712,311.2,1.3,1.1,2014-06-17,0141,Terra,MODIS,33,6.2,300.3,5.6,D,0
-14.7023,126.0556,320.9,1.4,1.2,2014-06-17,0141,Terra,MODIS,68,6.2,299.4,21.8,D,0
-14.715,126.067,336,1.4,1.2,2014-06-17,0141,Terra,MODIS,88,6.2,301.7,51.4,D,0
-14.7172,126.08,323.8,1.4,1.2,2014-06-17,0141,Terra,MODIS,59,6.2,301.2,24.3,D,0
-14.7319,126.1042,331.4,1.4,1.2,2014-06-17,0141,Terra,MODIS,85,6.2,299.1,39.3,D,0
-14.734,126.117,331.4,1.4,1.2,2014-06-17,0141,Terra,MODIS,85,6.2,300.9,40.4,D,0
-12.6521,133.617,313.8,1.3,1.1,2014-06-17,0141,Terra,MODIS,49,6.2,297,8.4,D,0
-12.8038,134.1335,314.4,1.4,1.2,2014-06-17,0141,Terra,MODIS,66,6.2,296.9,11.3,D,0
-13.092,131.0146,321.4,1,1,2014-06-17,0141,Terra,MODIS,72,6.2,303.7,11.5,D,0
-12.6622,133.621,313.7,1.3,1.1,2014-06-17,0141,Terra,MODIS,44,6.2,297.6,8.4,D,0
-14.4791,133.1894,312.7,1.3,1.1,2014-06-17,0141,Terra,MODIS,31,6.2,301.1,7,D,0
-14.4976,133.1751,325.6,1.3,1.1,2014-06-17,0141,Terra,MODIS,80,6.2,300.6,24.5,D,0
-14.4992,133.1867,317,1.3,1.1,2014-06-17,0141,Terra,MODIS,70,6.2,299.8,12.6,D,0
-13.103,130.8371,312.5,1,1,2014-06-17,0141,Terra,MODIS,51,6.2,302.4,6.4,D,0
-14.382,132.9985,313.6,1.2,1.1,2014-06-17,0141,Terra,MODIS,49,6.2,300.2,7.9,D,0
-13.4197,131.0552,343.1,1,1,2014-06-17,0141,Terra,MODIS,92,6.2,303.3,42,D,0
-13.5392,131.6966,319.5,1.1,1,2014-06-17,0141,Terra,MODIS,72,6.2,303.5,11,D,0
-13.5238,132.2412,363.7,1.1,1,2014-06-17,0141,Terra,MODIS,100,6.2,303.8,103.7,D,0
-13.5378,131.6869,323,1.1,1,2014-06-17,0141,Terra,MODIS,76,6.2,303.1,15,D,0
-13.0448,132.6193,322.7,1.1,1.1,2014-06-17,0141,Terra,MODIS,42,6.2,304.1,14.4,D,0
-14.1229,131.0807,328.3,1,1,2014-06-17,0141,Terra,MODIS,26,6.2,303.2,17.2,D,0
-13.3372,131.8839,320.2,1.1,1,2014-06-17,0141,Terra,MODIS,71,6.2,302.1,11.4,D,0
-13.3094,131.8878,319,1.1,1,2014-06-17,0141,Terra,MODIS,69,6.2,300.8,10.3,D,0
-13.0352,132.6207,328.8,1.1,1.1,2014-06-17,0141,Terra,MODIS,56,6.2,302,21.4,D,0
-13.0213,132.5909,325,1.1,1.1,2014-06-17,0141,Terra,MODIS,75,6.2,301,18.9,D,0
-13.5224,132.231,403.2,1.1,1,2014-06-17,0141,Terra,MODIS,100,6.2,308.7,309.5,D,0
-13.6813,134.4223,318,1.5,1.2,2014-06-17,0141,Terra,MODIS,50,6.2,297,15.4,D,0
-13.6796,134.4087,315.7,1.5,1.2,2014-06-17,0141,Terra,MODIS,39,6.2,296,12.2,D,0
-12.6832,130.7988,315,1,1,2014-06-17,0141,Terra,MODIS,50,6.2,300.2,5.2,D,0
-13.6769,134.4154,320.2,1.5,1.2,2014-06-17,0141,Terra,MODIS,75,6.2,296.8,19.4,D,0
-14.9849,131.1892,319.6,1,1,2014-06-17,0141,Terra,MODIS,61,6.2,301.5,11.5,D,0
-14.9743,131.1809,322.3,1,1,2014-06-17,0141,Terra,MODIS,75,6.2,301.8,14.7,D,0
-14.2682,132.6919,312.8,1.2,1.1,2014-06-17,0141,Terra,MODIS,54,6.2,300.4,6.4,D,0
-13.412,131.8968,315.8,1.1,1,2014-06-17,0141,Terra,MODIS,46,6.2,303.3,6.4,D,0
-13.5469,132.2688,329.8,1.1,1.1,2014-06-17,0141,Terra,MODIS,83,6.2,300.8,25.2,D,0
-13.5455,132.2586,321.6,1.1,1.1,2014-06-17,0141,Terra,MODIS,48,6.2,299.5,14,D,0
-13.0462,132.6298,319.2,1.1,1.1,2014-06-17,0141,Terra,MODIS,54,6.2,302.3,11.1,D,0
-15.4515,131.8502,314.3,1.1,1.1,2014-06-17,0141,Terra,MODIS,65,6.2,301,9.1,D,0
-13.4948,132.6957,310.2,1.2,1.1,2014-06-17,0141,Terra,MODIS,24,6.2,297.4,4.1,D,0
-14.6599,130.6602,310.7,1,1,2014-06-17,0141,Terra,MODIS,54,6.2,298.9,6,D,0
-13.6847,133.3419,311.8,1.3,1.1,2014-06-17,0141,Terra,MODIS,54,6.2,298.2,6,D,0
-14.1657,131.4441,321.6,1,1,2014-06-17,0141,Terra,MODIS,68,6.2,306.1,13.6,D,0
-14.1189,131.0525,328.6,1,1,2014-06-17,0141,Terra,MODIS,76,6.2,304.2,18.3,D,0
-13.5178,132.791,315.6,1.2,1.1,2014-06-17,0141,Terra,MODIS,65,6.2,301.1,9.3,D,0
-13.5275,132.7896,312.3,1.2,1.1,2014-06-17,0141,Terra,MODIS,39,6.2,299.8,5.6,D,0
-13.0673,132.1932,322.2,1.1,1,2014-06-17,0141,Terra,MODIS,57,6.2,301.5,11.9,D,0
-14.1175,131.0431,324.3,1,1,2014-06-17,0141,Terra,MODIS,76,6.2,303.6,14.1,D,0
-13.0579,132.1945,322.5,1.1,1,2014-06-17,0141,Terra,MODIS,61,6.2,301,12.1,D,0
-13.6328,130.6833,319.3,1,1,2014-06-17,0141,Terra,MODIS,64,6.2,303.3,9.7,D,0
-13.5218,131.6398,319.6,1.1,1,2014-06-17,0141,Terra,MODIS,71,6.2,303.2,10.3,D,0
-14.1511,131.0893,321,1,1,2014-06-17,0141,Terra,MODIS,69,6.2,303.7,11.6,D,0
-14.1425,131.0874,324.3,1,1,2014-06-17,0141,Terra,MODIS,27,6.2,303.6,13,D,0
-13.9921,130.8763,314.8,1,1,2014-06-17,0141,Terra,MODIS,54,6.2,300.6,6.4,D,0
-14.3836,133.0099,316.6,1.2,1.1,2014-06-17,0141,Terra,MODIS,68,6.2,301.1,11.3,D,0
-14.3697,132.908,311.7,1.2,1.1,2014-06-17,0141,Terra,MODIS,49,6.2,300.5,6.3,D,0
-14.1643,131.4345,318.2,1,1,2014-06-17,0141,Terra,MODIS,49,6.2,302.7,10.3,D,0
-12.3174,131.1312,313.3,1,1,2014-06-17,0141,Terra,MODIS,64,6.2,295,8.1,D,0
-13.4184,131.0459,335.3,1,1,2014-06-17,0141,Terra,MODIS,87,6.2,303.3,28.6,D,0
-14.6613,130.6696,310.1,1,1,2014-06-17,0141,Terra,MODIS,51,6.2,299.7,5.4,D,0
-13.5333,132.2397,345.3,1.1,1,2014-06-17,0141,Terra,MODIS,93,6.2,302,53.5,D,0
-14.4217,133.2158,315.3,1.3,1.1,2014-06-17,0141,Terra,MODIS,63,6.2,302.4,9.4,D,0
-14.4317,133.2144,316.3,1.3,1.1,2014-06-17,0141,Terra,MODIS,59,6.2,302.4,10.4,D,0
-13.8175,131.6475,313.6,1.1,1,2014-06-17,0141,Terra,MODIS,49,6.2,301.3,6.7,D,0
-13.5347,132.2499,327.7,1.1,1,2014-06-17,0141,Terra,MODIS,40,6.2,302,20.4,D,0
-13.5441,132.2484,330.3,1.1,1,2014-06-17,0141,Terra,MODIS,80,6.2,299.2,26.2,D,0
-13.5709,130.7646,324.8,1,1,2014-06-17,0141,Terra,MODIS,78,6.2,301.6,15.9,D,0
-15.453,131.8605,313.3,1.1,1.1,2014-06-17,0141,Terra,MODIS,62,6.2,299.8,8.4,D,0
-13.7053,131.8395,334.7,1.1,1,2014-06-17,0141,Terra,MODIS,86,6.2,304.2,31.2,D,0
-13.0919,132.6489,317.8,1.1,1.1,2014-06-17,0141,Terra,MODIS,48,6.2,301.3,9.6,D,0
-13.4213,131.8955,314.8,1.1,1,2014-06-17,0141,Terra,MODIS,38,6.2,302.9,5.9,D,0
-13.6949,130.7306,315,1,1,2014-06-17,0141,Terra,MODIS,54,6.2,302.4,7.6,D,0
-12.6845,130.808,318.8,1,1,2014-06-17,0141,Terra,MODIS,43,6.2,302.5,8.1,D,0
-12.9965,132.3433,321.9,1.1,1,2014-06-17,0141,Terra,MODIS,74,6.2,301.3,14.4,D,0
-12.6935,130.8066,316.1,1,1,2014-06-17,0141,Terra,MODIS,25,6.2,300.5,5.9,D,0
-13.6341,130.6925,315.2,1,1,2014-06-17,0141,Terra,MODIS,47,6.2,301.7,5.3,D,0
-12.6949,130.8158,328.4,1,1,2014-06-17,0141,Terra,MODIS,82,6.2,301.6,18.8,D,0
-13.8161,131.6378,323.1,1.1,1,2014-06-17,0141,Terra,MODIS,76,6.2,301,16.6,D,0
-12.9951,132.3332,320.4,1.1,1,2014-06-17,0141,Terra,MODIS,72,6.2,300,12.2,D,0
-13.6936,130.7214,327.7,1,1,2014-06-17,0141,Terra,MODIS,81,6.2,303.8,19.2,D,0
-13.5195,132.5211,310.7,1.1,1.1,2014-06-17,0141,Terra,MODIS,33,6.2,298.8,4.9,D,0
-14.3736,133.0111,313.3,1.2,1.1,2014-06-17,0141,Terra,MODIS,41,6.2,299.8,7.2,D,0
-13.5098,132.5221,312.5,1.1,1.1,2014-06-17,0141,Terra,MODIS,50,6.2,298,7,D,0
-12.7328,130.8229,321.4,1,1,2014-06-17,0141,Terra,MODIS,73,6.2,301.6,13.5,D,0
-14.3721,132.9998,314.4,1.2,1.1,2014-06-17,0141,Terra,MODIS,54,6.2,299.9,8.6,D,0
-12.7342,130.832,312.5,1,1,2014-06-17,0141,Terra,MODIS,33,6.2,301.6,5.9,D,0
-15.4473,131.8569,316.3,1.1,1.1,2014-06-17,0141,Terra,MODIS,38,6.2,300.8,8.5,D,0
-13.5318,132.2296,316.3,1.1,1,2014-06-17,0141,Terra,MODIS,63,6.2,297.5,10.2,D,0
-13.3578,131.0708,314.5,1,1,2014-06-17,0141,Terra,MODIS,24,6.2,301.5,5.7,D,0
-13.5909,132.1325,317.1,1.1,1,2014-06-17,0141,Terra,MODIS,68,6.2,302.9,8.3,D,0
-18.7432,131.1934,318,1.1,1.1,2014-06-17,0142,Terra,MODIS,74,6.2,297.9,14.2,D,0
-18.7417,131.1829,319.7,1.1,1.1,2014-06-17,0142,Terra,MODIS,76,6.2,297,16.1,D,0
-15.8644,124.8718,310.8,1.6,1.3,2014-06-17,0142,Terra,MODIS,57,6.2,297.2,11.7,D,0
-16.4279,124.191,310.3,1.8,1.3,2014-06-17,0142,Terra,MODIS,62,6.2,297.7,14.4,D,0
-15.929,124.7118,314.8,1.7,1.3,2014-06-17,0142,Terra,MODIS,70,6.2,298.4,17.9,D,0
-15.7835,124.9384,327,1.6,1.2,2014-06-17,0142,Terra,MODIS,82,6.2,300.3,41.4,D,0
-16.3807,124.1719,308.5,1.8,1.3,2014-06-17,0142,Terra,MODIS,30,6.2,298.2,11.3,D,0
-15.9177,124.7138,309.1,1.7,1.3,2014-06-17,0142,Terra,MODIS,30,6.2,298.3,8.6,D,0
-15.7593,124.8653,312.5,1.6,1.3,2014-06-17,0142,Terra,MODIS,55,6.2,298.7,13.3,D,0
-15.814,127.5571,311.2,1.1,1.1,2014-06-17,0142,Terra,MODIS,39,6.2,299.7,5.8,D,0
-15.7946,124.9365,312.8,1.6,1.2,2014-06-17,0142,Terra,MODIS,66,6.2,297.8,14.1,D,0
-16.5488,122.8598,307.7,2.2,1.4,2014-06-17,0142,Terra,MODIS,39,6.2,296.4,14.4,D,0
-15.7913,124.5185,309.2,1.7,1.3,2014-06-17,0142,Terra,MODIS,52,6.2,298.9,9.8,D,0
-15.8765,124.8072,316.4,1.6,1.3,2014-06-17,0142,Terra,MODIS,56,6.2,299.6,19.8,D,0
-15.8739,124.792,314.1,1.6,1.3,2014-06-17,0142,Terra,MODIS,32,6.2,299.1,16.1,D,0
-15.8619,124.857,309.9,1.6,1.3,2014-06-17,0142,Terra,MODIS,32,6.2,298.1,9.6,D,0
-17.587,123.7113,329.2,1.8,1.3,2014-06-17,0142,Terra,MODIS,84,6.2,302.2,52.5,D,0
-16.6882,126.7342,314.8,1.2,1.1,2014-06-17,0142,Terra,MODIS,44,6.2,298.4,9.7,D,0
-17.2331,126.4218,313.8,1.2,1.1,2014-06-17,0142,Terra,MODIS,68,6.2,299.5,8.9,D,0
-16.6811,126.6897,318.7,1.2,1.1,2014-06-17,0142,Terra,MODIS,74,6.2,298.5,15.4,D,0
-17.2396,126.3377,319.5,1.2,1.1,2014-06-17,0142,Terra,MODIS,72,6.2,300.2,15.7,D,0
-17.2415,126.3493,314.2,1.2,1.1,2014-06-17,0142,Terra,MODIS,38,6.2,299.6,9.1,D,0
-16.6829,126.7008,341.8,1.2,1.1,2014-06-17,0142,Terra,MODIS,92,6.2,300.8,54.4,D,0
-16.6846,126.7119,328.3,1.2,1.1,2014-06-17,0142,Terra,MODIS,83,6.2,299.3,26.8,D,0
-16.3873,127.6254,320.3,1.1,1,2014-06-17,0142,Terra,MODIS,75,6.2,298.1,14.9,D,0
-15.3908,126.5057,312.2,1.3,1.1,2014-06-17,0142,Terra,MODIS,63,6.2,299.7,9.3,D,0
-17.2434,126.3609,324.2,1.2,1.1,2014-06-17,0142,Terra,MODIS,80,6.2,299.7,21.7,D,0
-15.2639,125.9088,310.7,1.4,1.2,2014-06-17,0142,Terra,MODIS,47,6.2,298.4,8.4,D,0
-17.2453,126.3724,318.7,1.2,1.1,2014-06-17,0142,Terra,MODIS,67,6.2,299.4,14.6,D,0
-15.2534,125.9107,311.8,1.4,1.2,2014-06-17,0142,Terra,MODIS,57,6.2,298,10.1,D,0
-15.3303,126.5098,312,1.3,1.1,2014-06-17,0142,Terra,MODIS,60,6.2,298.3,9.5,D,0
-15.4818,124.7935,316.9,1.7,1.3,2014-06-17,0142,Terra,MODIS,72,6.2,299.5,19.7,D,0
-15.4845,124.8093,328.5,1.7,1.3,2014-06-17,0142,Terra,MODIS,84,6.2,299.1,45.5,D,0
-16.8782,126.5089,309.1,1.2,1.1,2014-06-17,0142,Terra,MODIS,41,6.2,298.5,5.5,D,0
-15.9553,124.6608,320.2,1.7,1.3,2014-06-17,0142,Terra,MODIS,76,6.2,298.3,27.6,D,0
-15.9612,124.6269,347.7,1.7,1.3,2014-06-17,0142,Terra,MODIS,82,6.2,300.3,109.5,D,0
-15.7308,124.8302,312.3,1.6,1.3,2014-06-17,0142,Terra,MODIS,20,6.2,298.3,11.2,D,0
-15.9639,124.6428,341.3,1.7,1.3,2014-06-17,0142,Terra,MODIS,86,6.2,299.1,83.8,D,0
-15.9804,126.2812,310.2,1.3,1.1,2014-06-17,0142,Terra,MODIS,58,6.2,297.6,8.5,D,0
-16.6802,126.747,315.1,1.2,1.1,2014-06-17,0142,Terra,MODIS,63,6.2,299.9,10.5,D,0
-17.5907,123.6998,324.7,1.8,1.3,2014-06-17,0142,Terra,MODIS,74,6.2,299.7,36.9,D,0
-17.5936,123.7168,323.7,1.8,1.3,2014-06-17,0142,Terra,MODIS,69,6.2,298.6,33,D,0
-17.584,123.6942,319.6,1.8,1.3,2014-06-17,0142,Terra,MODIS,53,6.2,301.9,26.6,D,0
-16.0461,125.4841,308.5,1.5,1.2,2014-06-17,0142,Terra,MODIS,52,6.2,296.9,8.9,D,0
-15.7856,125.8475,311,1.4,1.2,2014-06-17,0142,Terra,MODIS,61,6.2,296.7,10,D,0
-15.711,129.2341,311.4,1,1,2014-06-17,0142,Terra,MODIS,47,6.2,299.8,5,D,0
-15.737,129.2237,312.3,1,1,2014-06-17,0142,Terra,MODIS,59,6.2,300.1,6.4,D,0
-15.6432,129.2733,325.8,1,1,2014-06-17,0142,Terra,MODIS,77,6.2,300.5,17.3,D,0
-21.0808,120.7087,328.5,2.6,1.5,2014-06-17,0143,Terra,MODIS,84,6.2,294.4,95.9,D,0
-21.072,120.7037,343.9,2.6,1.5,2014-06-17,0143,Terra,MODIS,93,6.2,295.7,182.8,D,0
-21.0809,120.6767,313.3,2.6,1.5,2014-06-17,0143,Terra,MODIS,40,6.2,292.8,35.1,D,0
-21.0857,120.7009,321.2,2.6,1.5,2014-06-17,0143,Terra,MODIS,78,6.2,293.6,62.3,D,0
-21.0762,120.6844,337.4,2.6,1.5,2014-06-17,0143,Terra,MODIS,90,6.2,294.5,145.5,D,0
-21.0624,120.6874,322.2,2.6,1.5,2014-06-17,0143,Terra,MODIS,80,6.2,294,70.9,D,0
-21.837,119.9989,307.7,2.8,1.6,2014-06-17,0144,Terra,MODIS,63,6.2,294.6,24,D,0
-21.8422,120.0252,306.3,2.8,1.6,2014-06-17,0144,Terra,MODIS,53,6.2,293.3,20.1,D,0
-22.0333,120.4532,305.3,2.5,1.5,2014-06-17,0144,Terra,MODIS,58,6.2,292.5,19.4,D,0
-22.8256,121.8995,308.4,1.9,1.4,2014-06-17,0144,Terra,MODIS,64,6.2,291.7,17.7,D,0
-41.0554,148.0248,319.2,1.1,1,2014-06-17,0422,Aqua,MODIS,79,6.2,285,22.3,D,0
-38.267,146.1799,300.1,1,1,2014-06-17,0423,Aqua,MODIS,24,6.2,280.8,7.2,D,0
-31.1217,151.9449,300.5,2.9,1.6,2014-06-17,0424,Aqua,MODIS,38,6.2,289.3,21.1,D,0
-31.1222,151.9404,301.1,2.9,1.6,2014-06-17,0424,Aqua,MODIS,44,6.2,289.1,24.8,D,0
-31.7851,150.7766,301.4,2.3,1.5,2014-06-17,0424,Aqua,MODIS,47,6.2,284.5,20.4,D,0
-32.8218,142.5943,317.9,1,1,2014-06-17,0424,Aqua,MODIS,78,6.2,293.3,14.5,D,0
-32.8233,142.5836,309.8,1,1,2014-06-17,0424,Aqua,MODIS,69,6.2,291.8,7.8,D,0
-32.83,142.5905,318.2,1,1,2014-06-17,0424,Aqua,MODIS,78,6.2,292.7,13.3,D,0
-27.9056,148.8171,316.8,2.1,1.4,2014-06-17,0425,Aqua,MODIS,77,6.2,291,42,D,0
-27.9097,148.7962,305.8,2.1,1.4,2014-06-17,0425,Aqua,MODIS,62,6.2,291.7,17.9,D,0
-27.9071,148.8128,320.7,2.1,1.4,2014-06-17,0425,Aqua,MODIS,80,6.2,291.1,49.9,D,0
-31.6821,146.379,300.1,1.3,1.1,2014-06-17,0425,Aqua,MODIS,16,6.2,286.6,6.2,D,0
-30.5237,152.878,346.4,3.4,1.7,2014-06-17,0425,Aqua,MODIS,94,6.2,291.4,325.7,D,0
-30.5319,152.8423,324.4,3.4,1.7,2014-06-17,0425,Aqua,MODIS,83,6.2,290.3,130.3,D,0
-30.5085,152.8728,330.7,3.4,1.7,2014-06-17,0425,Aqua,MODIS,87,6.2,290.3,173.9,D,0
-30.517,152.8354,316.5,3.4,1.7,2014-06-17,0425,Aqua,MODIS,77,6.2,289.4,83.3,D,0
-26.8025,150.1966,304.4,2.8,1.6,2014-06-17,0426,Aqua,MODIS,59,6.2,291.9,23.5,D,0
-26.7998,150.1883,302.1,2.8,1.6,2014-06-17,0426,Aqua,MODIS,51,6.2,291.9,16.4,D,0
-22.2475,148.9965,305.5,2.9,1.6,2014-06-17,0427,Aqua,MODIS,50,6.2,294.7,19.4,D,0
-21.6212,144.9158,311.4,1.5,1.2,2014-06-17,0427,Aqua,MODIS,59,6.2,300.2,9.2,D,0
-22.2519,134.6134,309.6,1.8,1.3,2014-06-17,0428,Aqua,MODIS,44,6.2,299.4,10.8,D,0
-15.6404,129.2564,313.9,3.7,1.8,2014-06-17,0429,Aqua,MODIS,54,6.2,301.5,47.8,D,0
-16.1816,141.7235,324.1,1.2,1.1,2014-06-17,0429,Aqua,MODIS,38,6.2,299.7,15.2,D,0
-16.1644,141.6413,319.1,1.2,1.1,2014-06-17,0429,Aqua,MODIS,67,6.2,300.6,10.2,D,0
-16.2778,141.7569,317.5,1.2,1.1,2014-06-17,0429,Aqua,MODIS,63,6.2,299.7,8.9,D,0
-16.1879,141.7474,320.5,1.2,1.1,2014-06-17,0429,Aqua,MODIS,22,6.2,300.1,11.3,D,0
-16.1655,141.698,317.7,1.2,1.1,2014-06-17,0429,Aqua,MODIS,20,6.2,299,8.2,D,0
-12.8828,132.7398,320.3,1.8,1.3,2014-06-17,0430,Aqua,MODIS,70,6.2,298.5,24.9,D,0
-12.0724,133.7315,319.5,1.5,1.2,2014-06-17,0430,Aqua,MODIS,19,6.2,297.5,14.5,D,0
-12.7177,132.3659,329.9,2,1.4,2014-06-17,0430,Aqua,MODIS,82,6.2,300.3,56.2,D,0
-12.5809,132.1197,335.1,2,1.4,2014-06-17,0430,Aqua,MODIS,86,6.2,300.1,79.9,D,0
-12.1934,133.422,326.2,1.6,1.2,2014-06-17,0430,Aqua,MODIS,79,6.2,301.3,30.9,D,0
-12.6448,132.013,322.4,2.1,1.4,2014-06-17,0430,Aqua,MODIS,57,6.2,301.4,30.5,D,0
-12.634,132.337,316.7,2,1.4,2014-06-17,0430,Aqua,MODIS,64,6.2,299.4,20.3,D,0
-12.6598,131.9956,336.5,2.1,1.4,2014-06-17,0430,Aqua,MODIS,87,6.2,302.3,80,D,0
-12.6063,134.628,313.6,1.3,1.1,2014-06-17,0430,Aqua,MODIS,26,6.2,290.7,10.8,D,0
-12.8377,132.7627,317.3,1.8,1.3,2014-06-17,0430,Aqua,MODIS,57,6.2,298.6,18.2,D,0
-12.1822,133.4204,315.7,1.6,1.2,2014-06-17,0430,Aqua,MODIS,62,6.2,299.3,10.2,D,0
-12.5797,132.1144,336.5,2,1.4,2014-06-17,0430,Aqua,MODIS,87,6.2,300.4,87.3,D,0
-12.6631,131.9835,345.2,2.1,1.4,2014-06-17,0430,Aqua,MODIS,92,6.2,302.1,121.8,D,0
-12.5821,132.0956,322.8,2,1.4,2014-06-17,0430,Aqua,MODIS,75,6.2,298.1,38.3,D,0
-12.845,132.7519,316.8,1.8,1.3,2014-06-17,0430,Aqua,MODIS,55,6.2,296.7,17.2,D,0
-12.5944,134.6389,317.3,1.3,1.1,2014-06-17,0430,Aqua,MODIS,69,6.2,289.2,15.7,D,0
-12.064,134.2505,313.9,1.4,1.2,2014-06-17,0430,Aqua,MODIS,31,6.2,295,8.7,D,0
-12.4781,134.3362,318.9,1.4,1.2,2014-06-17,0430,Aqua,MODIS,72,6.2,290.8,16.3,D,0
-12.6622,131.9767,334.5,2.1,1.4,2014-06-17,0430,Aqua,MODIS,86,6.2,302,70.8,D,0
-12.6496,130.8253,312.7,2.6,1.5,2014-06-17,0430,Aqua,MODIS,20,6.2,296.3,24.9,D,0
-12.5934,132.1212,322,2,1.4,2014-06-17,0430,Aqua,MODIS,69,6.2,300.6,34.3,D,0
-13.051,133.598,315.5,1.6,1.2,2014-06-17,0430,Aqua,MODIS,59,6.2,299.1,11.7,D,0
-12.4612,130.7012,320,2.6,1.6,2014-06-17,0430,Aqua,MODIS,61,6.2,298.9,45.9,D,0
-12.8396,133.6465,325.8,1.6,1.2,2014-06-17,0430,Aqua,MODIS,80,6.2,297.8,32.7,D,0
-12.6664,132.3775,315.8,1.9,1.4,2014-06-17,0430,Aqua,MODIS,61,6.2,300.2,17.1,D,0
-12.1224,133.8843,324.7,1.5,1.2,2014-06-17,0430,Aqua,MODIS,77,6.2,298.1,24.8,D,0
-12.6516,133.4989,319.2,1.6,1.2,2014-06-17,0430,Aqua,MODIS,71,6.2,299,16.2,D,0
-12.6472,131.9941,330.3,2.1,1.4,2014-06-17,0430,Aqua,MODIS,82,6.2,301.5,56.5,D,0
-12.7182,132.3894,319.8,1.9,1.4,2014-06-17,0430,Aqua,MODIS,70,6.2,300.7,26.2,D,0
-12.5832,132.1008,336.5,2,1.4,2014-06-17,0430,Aqua,MODIS,87,6.2,299.1,86.3,D,0
-12.4667,130.7191,316.4,2.6,1.5,2014-06-17,0430,Aqua,MODIS,0,6.2,300.3,30.4,D,0
-12.4696,130.6953,316.7,2.6,1.6,2014-06-17,0430,Aqua,MODIS,46,6.2,298.4,34.9,D,0
-12.8371,133.6542,317,1.6,1.2,2014-06-17,0430,Aqua,MODIS,68,6.2,297.9,15.7,D,0
-12.6059,132.1228,334.4,2,1.4,2014-06-17,0430,Aqua,MODIS,86,6.2,301.4,74.7,D,0
-12.596,134.6266,327.2,1.3,1.1,2014-06-17,0430,Aqua,MODIS,82,6.2,292.5,31.3,D,0
-12.839,133.6396,317.5,1.6,1.2,2014-06-17,0430,Aqua,MODIS,69,6.2,296.9,16.8,D,0
-12.5609,134.0281,315.1,1.5,1.2,2014-06-17,0430,Aqua,MODIS,65,6.2,298.9,10.1,D,0
-12.7154,132.3838,325.9,1.9,1.4,2014-06-17,0430,Aqua,MODIS,78,6.2,300.4,42.7,D,0
-12.8808,132.7567,316.5,1.8,1.3,2014-06-17,0430,Aqua,MODIS,45,6.2,298.7,14.8,D,0
-12.6361,132.3189,312.7,2,1.4,2014-06-17,0430,Aqua,MODIS,42,6.2,298.9,12.3,D,0
-12.1116,133.8829,328.8,1.5,1.2,2014-06-17,0430,Aqua,MODIS,81,6.2,298.5,33.1,D,0
-12.7204,132.3714,340,2,1.4,2014-06-17,0430,Aqua,MODIS,90,6.2,301.3,96.5,D,0
-12.6305,132.3298,319.9,2,1.4,2014-06-17,0430,Aqua,MODIS,71,6.2,299.4,28.5,D,0
-12.6594,133.6251,314,1.6,1.2,2014-06-17,0430,Aqua,MODIS,37,6.2,297.7,9.4,D,0
-14.5637,132.967,316.4,1.9,1.3,2014-06-17,0430,Aqua,MODIS,67,6.2,302.7,17.1,D,0
-14.5707,132.9611,314,1.9,1.3,2014-06-17,0430,Aqua,MODIS,63,6.2,302.5,11.8,D,0
-12.1975,132.671,315.2,1.8,1.3,2014-06-17,0430,Aqua,MODIS,60,6.2,298,17.5,D,0
-12.1912,132.7205,318.2,1.8,1.3,2014-06-17,0430,Aqua,MODIS,36,6.2,300.1,18.3,D,0
-11.424,132.2943,314.1,1.9,1.3,2014-06-17,0430,Aqua,MODIS,26,6.2,297.3,14.2,D,0
-11.6113,130.6814,310.4,2.5,1.5,2014-06-17,0430,Aqua,MODIS,58,6.2,295.8,19,D,0
-11.6141,130.6581,313.2,2.5,1.5,2014-06-17,0430,Aqua,MODIS,65,6.2,295.8,27.9,D,0
-12.2354,132.7165,330.8,1.8,1.3,2014-06-17,0430,Aqua,MODIS,83,6.2,299.3,51.1,D,0
-12.6501,133.6092,317.1,1.6,1.2,2014-06-17,0430,Aqua,MODIS,49,6.2,296.5,13.7,D,0
-12.6612,133.6107,320.6,1.6,1.2,2014-06-17,0430,Aqua,MODIS,74,6.2,297.8,20.7,D,0
-14.3774,133.0016,317.7,1.9,1.3,2014-06-17,0430,Aqua,MODIS,71,6.2,302.9,18.4,D,0
-14.3795,132.9843,314.5,1.9,1.3,2014-06-17,0430,Aqua,MODIS,61,6.2,302.1,12.2,D,0
-12.6587,133.6183,320.6,1.6,1.2,2014-06-17,0430,Aqua,MODIS,72,6.2,298,19.8,D,0
-14.4798,130.0557,313.6,3.1,1.7,2014-06-17,0430,Aqua,MODIS,21,6.2,301.7,31.9,D,0
-15.3165,127.7169,313.1,4.8,2,2014-06-17,0430,Aqua,MODIS,28,6.2,301.2,54.5,D,0
-13.3614,131.1329,326.9,2.5,1.5,2014-06-17,0430,Aqua,MODIS,78,6.2,301.7,61.5,D,0
-15.3146,127.725,313.1,4.8,2,2014-06-17,0430,Aqua,MODIS,34,6.2,301.6,55.6,D,0
-13.9979,129.9097,312.4,3.2,1.7,2014-06-17,0430,Aqua,MODIS,29,6.2,301.1,34.7,D,0
-13.8338,130.3062,324.4,2.9,1.6,2014-06-17,0430,Aqua,MODIS,74,6.2,303.1,57,D,0
-13.8102,130.384,320.7,2.9,1.6,2014-06-17,0430,Aqua,MODIS,32,6.2,301.9,43.4,D,0
-13.064,130.1604,325.5,2.9,1.6,2014-06-17,0430,Aqua,MODIS,67,6.2,299.5,80.5,D,0
-12.3371,132.9169,318.8,1.8,1.3,2014-06-17,0430,Aqua,MODIS,46,6.2,299.7,18.2,D,0
-12.4414,132.7215,323.6,1.8,1.3,2014-06-17,0430,Aqua,MODIS,77,6.2,300.3,30.5,D,0
-15.3027,127.8535,312.2,4.7,2,2014-06-17,0430,Aqua,MODIS,46,6.2,300.6,56.1,D,0
-14.9438,130.3669,315.4,3,1.6,2014-06-17,0430,Aqua,MODIS,56,6.2,305.3,28.5,D,0
-15.1464,129.7451,331.9,3.4,1.7,2014-06-17,0430,Aqua,MODIS,0,6.2,301.1,145.5,D,0
-15.1431,129.7763,314.2,3.4,1.7,2014-06-17,0430,Aqua,MODIS,56,6.2,302.4,34.9,D,0
-14.8846,130.217,312.9,3.1,1.7,2014-06-17,0430,Aqua,MODIS,44,6.2,301.6,26.4,D,0
-15.3017,127.8612,310.8,4.7,2,2014-06-17,0430,Aqua,MODIS,36,6.2,300.7,47.3,D,0
-13.3589,131.1547,328.7,2.5,1.5,2014-06-17,0430,Aqua,MODIS,80,6.2,301.1,67,D,0
-13.0651,130.1674,324.7,2.9,1.6,2014-06-17,0430,Aqua,MODIS,72,6.2,300.4,74.9,D,0
-12.4394,132.7381,320.2,1.8,1.3,2014-06-17,0430,Aqua,MODIS,61,6.2,301,20.9,D,0
-13.0434,132.6158,327.2,1.9,1.3,2014-06-17,0430,Aqua,MODIS,67,6.2,301.5,40,D,0
-14.3342,132.9022,316.9,1.9,1.3,2014-06-17,0430,Aqua,MODIS,69,6.2,303.3,19.1,D,0
-13.6596,133.3914,316.6,1.7,1.3,2014-06-17,0430,Aqua,MODIS,29,6.2,302,12.1,D,0
-13.6348,133.4038,321.4,1.7,1.3,2014-06-17,0430,Aqua,MODIS,67,6.2,301.5,23,D,0
-13.5129,131.8238,316.9,2.2,1.4,2014-06-17,0430,Aqua,MODIS,63,6.2,302,18.3,D,0
-13.5151,131.8194,319.1,2.2,1.4,2014-06-17,0430,Aqua,MODIS,69,6.2,302.1,25.8,D,0
-13.3914,131.1143,314.7,2.5,1.5,2014-06-17,0430,Aqua,MODIS,16,6.2,298.4,21.6,D,0
-13.4985,132.4823,337.6,2,1.4,2014-06-17,0430,Aqua,MODIS,88,6.2,303.1,85.7,D,0
-12.2436,132.6502,323.7,1.8,1.3,2014-06-17,0430,Aqua,MODIS,45,6.2,297.1,34.4,D,0
-14.4324,133.2017,327.5,1.8,1.3,2014-06-17,0430,Aqua,MODIS,73,6.2,305.6,36.3,D,0
-14.4382,133.1973,324.5,1.8,1.3,2014-06-17,0430,Aqua,MODIS,79,6.2,304.6,30.8,D,0
-13.7542,131.6553,320.2,2.3,1.5,2014-06-17,0430,Aqua,MODIS,70,6.2,305.5,28.3,D,0
-13.5176,132.2225,328.9,2.1,1.4,2014-06-17,0430,Aqua,MODIS,74,6.2,298.9,54.4,D,0
-13.5153,132.2415,325.8,2.1,1.4,2014-06-17,0430,Aqua,MODIS,53,6.2,300.7,42.5,D,0
-13.501,131.6069,330.9,2.3,1.5,2014-06-17,0430,Aqua,MODIS,83,6.2,301.1,71.8,D,0
-13.538,132.2639,322.5,2,1.4,2014-06-17,0430,Aqua,MODIS,47,6.2,302.3,32,D,0
-13.0434,132.1713,326.8,2,1.4,2014-06-17,0430,Aqua,MODIS,79,6.2,302.7,40.8,D,0
-13.7086,131.8346,315.6,2.2,1.4,2014-06-17,0430,Aqua,MODIS,56,6.2,303.3,17.6,D,0
-13.0898,131.7822,317.8,2.2,1.4,2014-06-17,0430,Aqua,MODIS,27,6.2,302.7,12.7,D,0
-12.6585,130.8093,327.5,2.6,1.5,2014-06-17,0430,Aqua,MODIS,80,6.2,293.8,76.8,D,0
-12.6558,130.8329,331.6,2.6,1.5,2014-06-17,0430,Aqua,MODIS,84,6.2,296.2,96.3,D,0
-12.6724,130.8111,315.3,2.6,1.5,2014-06-17,0430,Aqua,MODIS,44,6.2,297.2,27.6,D,0
-12.6696,130.8346,318.2,2.6,1.5,2014-06-17,0430,Aqua,MODIS,61,6.2,295.7,38.6,D,0
-12.3217,131.1191,312.5,2.4,1.5,2014-06-17,0430,Aqua,MODIS,40,6.2,297.6,19.9,D,0
-12.3113,131.1355,311.6,2.4,1.5,2014-06-17,0430,Aqua,MODIS,33,6.2,297.8,19.7,D,0
-13.5426,131.6809,316.9,2.3,1.5,2014-06-17,0430,Aqua,MODIS,54,6.2,303.2,20.3,D,0
-13.0395,132.6103,319.7,1.9,1.3,2014-06-17,0430,Aqua,MODIS,56,6.2,300.3,21.6,D,0
-13.4861,132.4813,350.9,2,1.4,2014-06-17,0430,Aqua,MODIS,96,6.2,301.3,153.5,D,0
-13.5301,132.2243,331.1,2.1,1.4,2014-06-17,0430,Aqua,MODIS,81,6.2,301.6,62.5,D,0
-13.2509,132.3785,319.1,2,1.4,2014-06-17,0430,Aqua,MODIS,43,6.2,304.1,18.3,D,0
-13.253,132.3836,321.4,2,1.4,2014-06-17,0430,Aqua,MODIS,52,6.2,304,23.5,D,0
-12.3241,132.7332,320.7,1.8,1.3,2014-06-17,0430,Aqua,MODIS,66,6.2,299.9,28.4,D,0
-13.1076,132.0688,330.7,2.1,1.4,2014-06-17,0430,Aqua,MODIS,83,6.2,303,58.3,D,0
-13.1076,132.0639,328.6,2.1,1.4,2014-06-17,0430,Aqua,MODIS,81,6.2,303.8,50.2,D,0
-12.3129,132.676,317.9,1.8,1.3,2014-06-17,0430,Aqua,MODIS,67,6.2,299.6,23.8,D,0
-14.9766,131.1728,315.5,2.6,1.6,2014-06-17,0430,Aqua,MODIS,54,6.2,303,27.3,D,0
-12.3254,132.9154,329.4,1.8,1.3,2014-06-17,0430,Aqua,MODIS,81,6.2,299.3,44.2,D,0
-13.7383,133.669,315,1.6,1.3,2014-06-17,0430,Aqua,MODIS,61,6.2,300.4,11.9,D,0
-13.9465,130.2494,318.7,3,1.6,2014-06-17,0430,Aqua,MODIS,61,6.2,302.2,43.2,D,0
-13.9437,130.2757,325.4,3,1.6,2014-06-17,0430,Aqua,MODIS,78,6.2,305.2,72.6,D,0
-14.4373,129.5143,314.4,3.4,1.7,2014-06-17,0430,Aqua,MODIS,57,6.2,301.6,49.6,D,0
-14.4442,129.8089,321.2,3.3,1.7,2014-06-17,0430,Aqua,MODIS,50,6.2,304.2,60.3,D,0
-14.4484,129.8047,317.7,3.3,1.7,2014-06-17,0430,Aqua,MODIS,57,6.2,304.1,47.5,D,0
-14.1798,130.4519,315.8,2.9,1.6,2014-06-17,0430,Aqua,MODIS,48,6.2,305.4,32.4,D,0
-14.4319,129.5211,312.3,3.4,1.7,2014-06-17,0430,Aqua,MODIS,47,6.2,301.8,43.6,D,0
-14.4411,129.839,318.9,3.2,1.7,2014-06-17,0430,Aqua,MODIS,23,6.2,307.8,47.2,D,0
-14.3804,129.8579,322.6,3.2,1.7,2014-06-17,0430,Aqua,MODIS,74,6.2,304.6,73.5,D,0
-13.943,130.2686,329.6,3,1.6,2014-06-17,0430,Aqua,MODIS,82,6.2,304.7,100.6,D,0
-13.0681,130.1405,322,2.9,1.6,2014-06-17,0430,Aqua,MODIS,0,6.2,298,61.7,D,0
-14.2322,129.4471,312.4,3.4,1.7,2014-06-17,0430,Aqua,MODIS,0,6.2,299.7,41.1,D,0
-14.4451,129.8347,321.3,3.2,1.7,2014-06-17,0430,Aqua,MODIS,72,6.2,307.9,66,D,0
-14.3833,129.8511,322.7,3.2,1.7,2014-06-17,0430,Aqua,MODIS,74,6.2,304.1,73.9,D,0
-14.1828,130.4251,316.9,2.9,1.6,2014-06-17,0430,Aqua,MODIS,54,6.2,303.8,37.7,D,0
-11.6292,130.2934,323.8,2.7,1.6,2014-06-17,0431,Aqua,MODIS,79,6.2,300.5,70.1,D,0
-11.6321,130.2686,320,2.7,1.6,2014-06-17,0431,Aqua,MODIS,68,6.2,297.9,52.2,D,0
-11.6253,130.2859,325.7,2.7,1.6,2014-06-17,0431,Aqua,MODIS,55,6.2,300.5,73,D,0
-11.0845,132.5211,312.7,1.8,1.3,2014-06-17,0431,Aqua,MODIS,34,6.2,296.1,13.3,D,0
-34.3694,119.0675,338.7,1,1,2014-06-17,0603,Aqua,MODIS,89,6.2,285.5,43,D,0
-33.6794,122.5567,306.8,1.3,1.1,2014-06-17,0603,Aqua,MODIS,64,6.2,291.9,9.5,D,0
-33.8141,123.0613,306.3,1.4,1.2,2014-06-17,0603,Aqua,MODIS,63,6.2,290.3,11.9,D,0
-33.8114,123.076,311.8,1.4,1.2,2014-06-17,0603,Aqua,MODIS,72,6.2,291.3,18,D,0
-22.0264,120.4435,312.6,1.6,1.2,2014-06-17,0606,Aqua,MODIS,45,6.2,301.2,10,D,0
-22.8278,121.8917,312.4,1.9,1.3,2014-06-17,0606,Aqua,MODIS,22,6.2,298.7,15.7,D,0
-22.813,121.8832,322.4,1.9,1.3,2014-06-17,0606,Aqua,MODIS,76,6.2,298.8,38.7,D,0
-22.8158,121.8891,320.1,1.9,1.3,2014-06-17,0606,Aqua,MODIS,74,6.2,298.7,34.2,D,0
-22.825,121.8859,315.6,1.9,1.3,2014-06-17,0606,Aqua,MODIS,31,6.2,299.6,21.5,D,0
-22.8192,121.8708,315.1,1.9,1.3,2014-06-17,0606,Aqua,MODIS,66,6.2,299.8,22,D,0
-20.8746,119.7515,325.3,1.5,1.2,2014-06-17,0606,Aqua,MODIS,76,6.2,305.2,24.1,D,0
-20.8614,119.7636,318.3,1.5,1.2,2014-06-17,0606,Aqua,MODIS,64,6.2,305.6,11.3,D,0
-20.8638,119.7494,343.2,1.5,1.2,2014-06-17,0606,Aqua,MODIS,91,6.2,305.7,70.1,D,0
-20.7141,119.7001,316.1,1.5,1.2,2014-06-17,0606,Aqua,MODIS,37,6.2,304,8.8,D,0
-20.7004,119.6908,338.9,1.5,1.2,2014-06-17,0606,Aqua,MODIS,88,6.2,303.9,57.7,D,0
-20.6896,119.6887,316.9,1.5,1.2,2014-06-17,0606,Aqua,MODIS,47,6.2,304.8,10.3,D,0
-20.8552,119.6035,316.9,1.4,1.2,2014-06-17,0606,Aqua,MODIS,60,6.2,304.2,12.2,D,0
-21.0779,120.6572,328,1.7,1.3,2014-06-17,0606,Aqua,MODIS,62,6.2,302,40,D,0
-21.0897,120.65,318.6,1.7,1.3,2014-06-17,0606,Aqua,MODIS,34,6.2,299.4,21.3,D,0
-21.0894,120.6594,320.7,1.7,1.3,2014-06-17,0606,Aqua,MODIS,49,6.2,300.2,25.1,D,0
-21.0608,120.6875,322.8,1.7,1.3,2014-06-17,0606,Aqua,MODIS,66,6.2,301.8,27.3,D,0
-21.8359,120.0089,322.7,1.5,1.2,2014-06-17,0606,Aqua,MODIS,75,6.2,302.8,23.1,D,0
-21.8335,120.0231,312.9,1.5,1.2,2014-06-17,0606,Aqua,MODIS,35,6.2,300.7,7.9,D,0
-15.962,124.655,316,4.2,1.9,2014-06-17,0607,Aqua,MODIS,56,6.2,300.2,70.4,D,0
-15.9586,124.6464,317.4,4.2,1.9,2014-06-17,0607,Aqua,MODIS,51,6.2,300.6,76.5,D,0
-17.0739,124.1318,322,3.7,1.8,2014-06-17,0607,Aqua,MODIS,77,6.2,303.3,90.5,D,0
-17.0899,124.1353,322.7,3.7,1.8,2014-06-17,0607,Aqua,MODIS,77,6.2,301.4,94.1,D,0
-17.6025,123.7053,320.3,3.3,1.7,2014-06-17,0607,Aqua,MODIS,66,6.2,306.1,63.2,D,0
-18.5605,121.9085,319.8,2.3,1.5,2014-06-17,0607,Aqua,MODIS,40,6.2,303.9,29.9,D,0
-18.5488,121.9234,321.9,2.3,1.5,2014-06-17,0607,Aqua,MODIS,74,6.2,305.1,39.4,D,0
-19.1624,121.8688,335.1,2.3,1.5,2014-06-17,0607,Aqua,MODIS,69,6.2,303.5,84,D,0
-19.1663,121.8476,325.8,2.2,1.5,2014-06-17,0607,Aqua,MODIS,40,6.2,302.4,46.2,D,0
-19.1455,121.8872,323.2,2.3,1.5,2014-06-17,0607,Aqua,MODIS,38,6.2,304.9,36.9,D,0
-19.1494,121.866,320.3,2.3,1.5,2014-06-17,0607,Aqua,MODIS,59,6.2,306.4,29.9,D,0
-19.1533,121.8449,322.4,2.2,1.5,2014-06-17,0607,Aqua,MODIS,46,6.2,305.5,35.8,D,0
-30.5199,152.8739,306.8,1.9,1.4,2014-06-17,1212,Terra,MODIS,69,6.2,280.9,27.1,N,0
-16.9,126.5574,309.1,1.6,1.3,2014-06-17,1354,Terra,MODIS,76,6.2,284,24.5,N,0
-16.8982,126.5726,301.2,1.6,1.2,2014-06-17,1354,Terra,MODIS,39,6.2,283.2,14.8,N,0
-15.3951,129.8881,306.4,1,1,2014-06-17,1355,Terra,MODIS,68,6.2,291.8,7.5,N,0
-13.0602,130.1608,300.8,1,1,2014-06-17,1355,Terra,MODIS,34,6.2,290.8,4.3,N,0
-15.1447,129.7738,317.6,1,1,2014-06-17,1355,Terra,MODIS,42,6.2,292.2,14.6,N,0
-14.7988,126.0131,300.9,1.6,1.3,2014-06-17,1355,Terra,MODIS,31,6.2,290.4,9.4,N,0
-15.3964,129.8783,301.9,1,1,2014-06-17,1355,Terra,MODIS,36,6.2,291.1,5,N,0
-15.3001,127.8457,303.9,1.3,1.1,2014-06-17,1355,Terra,MODIS,58,6.2,289.6,9.3,N,0
-14.2129,126.7016,300.4,1.4,1.2,2014-06-17,1355,Terra,MODIS,12,6.2,286.8,8.4,N,0
-14.2184,126.7094,300.2,1.4,1.2,2014-06-17,1355,Terra,MODIS,9,6.2,286.7,8,N,0
-13.7799,130.3369,307.9,1,1,2014-06-17,1355,Terra,MODIS,73,6.2,290.6,9.1,N,0
-13.3811,131.1318,305.2,1,1,2014-06-17,1355,Terra,MODIS,58,6.2,292.1,5.8,N,0
-14.473,130.0473,315.2,1,1,2014-06-17,1355,Terra,MODIS,91,6.2,291.3,13.8,N,0
-13.3824,131.1226,308.6,1,1,2014-06-17,1355,Terra,MODIS,75,6.2,291.6,7.8,N,0
-13.5721,130.7629,308.4,1,1,2014-06-17,1355,Terra,MODIS,74,6.2,292.8,8.4,N,0
-13.4824,132.1922,304.6,1.1,1,2014-06-17,1355,Terra,MODIS,39,6.2,291.6,5.4,N,0
-13.7962,132.3205,326.4,1.1,1,2014-06-17,1355,Terra,MODIS,100,6.2,292.4,26.9,N,0
-14.1745,131.434,308.5,1,1,2014-06-17,1355,Terra,MODIS,75,6.2,289.1,9.8,N,0
-13.5276,131.6438,302.5,1,1,2014-06-17,1355,Terra,MODIS,49,6.2,291.6,4.7,N,0
-13.5708,130.7721,302.5,1,1,2014-06-17,1355,Terra,MODIS,50,6.2,292.5,4.8,N,0
-13.4782,132.4747,305.6,1.1,1,2014-06-17,1355,Terra,MODIS,45,6.2,292.1,6.2,N,0
-13.7948,132.3303,339.2,1.1,1,2014-06-17,1355,Terra,MODIS,100,6.2,292.7,46.6,N,0
-13.486,132.4862,309.8,1.1,1,2014-06-17,1355,Terra,MODIS,78,6.2,292,9.3,N,0
-13.5398,131.6811,307,1,1,2014-06-17,1355,Terra,MODIS,70,6.2,292.1,7.5,N,0
-13.4968,131.6004,304.3,1,1,2014-06-17,1355,Terra,MODIS,59,6.2,291.1,6,N,0
-13.804,132.3318,313.6,1.1,1,2014-06-17,1355,Terra,MODIS,87,6.2,292,13.2,N,0
-13.8026,132.3416,311.3,1.1,1,2014-06-17,1355,Terra,MODIS,82,6.2,291.5,11.3,N,0
-12.6829,132.8655,304.3,1.2,1.1,2014-06-17,1355,Terra,MODIS,60,6.2,291,6.4,N,0
-15.8562,124.8895,304,2.1,1.4,2014-06-17,1355,Terra,MODIS,58,6.2,290.6,18.5,N,0
-15.7289,124.8608,302.2,2.1,1.4,2014-06-17,1355,Terra,MODIS,33,6.2,290.2,14.5,N,0
-14.4653,130.0366,307.5,1,1,2014-06-17,1355,Terra,MODIS,72,6.2,291.3,8.3,N,0
-14.0689,130.5025,301.9,1,1,2014-06-17,1355,Terra,MODIS,17,6.2,290.9,4.1,N,0
-14.4703,130.133,302.8,1,1,2014-06-17,1355,Terra,MODIS,51,6.2,288.7,6.3,N,0
-15.7295,124.8676,303.5,2.1,1.4,2014-06-17,1355,Terra,MODIS,56,6.2,290.1,17.8,N,0
-14.9914,125.5317,303.8,1.8,1.3,2014-06-17,1355,Terra,MODIS,56,6.2,288.8,15.5,N,0
-14.7042,126.0406,302.5,1.6,1.3,2014-06-17,1355,Terra,MODIS,50,6.2,291.4,10.8,N,0
-15.6255,129.2626,300.9,1.1,1,2014-06-17,1355,Terra,MODIS,8,6.2,289.9,4.6,N,0
-15.6192,129.2662,316.1,1.1,1,2014-06-17,1355,Terra,MODIS,93,6.2,292.1,17,N,0
-15.6206,129.256,306.3,1.1,1,2014-06-17,1355,Terra,MODIS,68,6.2,290.7,8.8,N,0
-26.1316,149.9736,310.7,1,1,2014-06-17,1523,Aqua,MODIS,81,6.2,276.2,15.1,N,0
-28.9994,148.6792,313.2,1,1,2014-06-17,1524,Aqua,MODIS,87,6.2,278.7,16.6,N,0
-11.4234,132.2915,301.9,1.6,1.2,2014-06-17,1658,Aqua,MODIS,45,6.2,290.5,7.2,N,0
-14.9842,125.5317,302.8,1,1,2014-06-17,1659,Aqua,MODIS,51,6.2,289,6.8,N,0
-14.9857,125.5414,313.8,1,1,2014-06-17,1659,Aqua,MODIS,88,6.2,289.1,15.1,N,0
-14.702,126.0396,317.2,1,1,2014-06-17,1659,Aqua,MODIS,95,6.2,290.8,16.8,N,0
-14.7743,125.9735,321.4,1,1,2014-06-17,1659,Aqua,MODIS,100,6.2,291.6,20.9,N,0
-14.7757,125.9829,308.4,1,1,2014-06-17,1659,Aqua,MODIS,74,6.2,290.9,9.4,N,0
-16.0576,125.4432,301.8,1,1,2014-06-17,1659,Aqua,MODIS,44,6.2,288.5,6.1,N,0
-15.7394,129.2032,304.5,1.2,1.1,2014-06-17,1659,Aqua,MODIS,60,6.2,290.3,8.5,N,0
-15.7379,129.2102,319.8,1.2,1.1,2014-06-17,1659,Aqua,MODIS,99,6.2,290.6,22.5,N,0
-15.7408,129.2139,313.7,1.2,1.1,2014-06-17,1659,Aqua,MODIS,88,6.2,290.5,16.6,N,0
-15.6109,129.2451,346,1.2,1.1,2014-06-17,1659,Aqua,MODIS,100,6.2,293.1,68.4,N,0
-15.6123,129.2558,353,1.2,1.1,2014-06-17,1659,Aqua,MODIS,100,6.2,295.6,86.9,N,0
-15.6138,129.2666,305.5,1.2,1.1,2014-06-17,1659,Aqua,MODIS,63,6.2,291.5,8.3,N,0
-15.625,129.2761,300.4,1.2,1.1,2014-06-17,1659,Aqua,MODIS,4,6.2,290.2,4.7,N,0
-14.2031,126.7064,306.9,1,1,2014-06-17,1659,Aqua,MODIS,38,6.2,289.9,8.1,N,0
-14.2239,126.7221,308.3,1,1,2014-06-17,1659,Aqua,MODIS,56,6.2,290.9,8.3,N,0
-15.1507,129.7649,309.3,1.2,1.1,2014-06-17,1659,Aqua,MODIS,42,6.2,291.2,11.1,N,0
-14.2415,126.2285,310.7,1,1,2014-06-17,1659,Aqua,MODIS,81,6.2,288,11.7,N,0
-14.7905,126.0192,306,1,1,2014-06-17,1659,Aqua,MODIS,66,6.2,289.7,8,N,0
-13.9679,127.1716,310.3,1,1,2014-06-17,1659,Aqua,MODIS,70,6.2,291.1,10.2,N,0
-13.5063,132.2318,303.9,1.7,1.3,2014-06-17,1659,Aqua,MODIS,44,6.2,290.2,11.5,N,0
-13.5044,132.2163,319.6,1.7,1.3,2014-06-17,1659,Aqua,MODIS,99,6.2,290.5,37.1,N,0
-13.904,132.3983,301.1,1.8,1.3,2014-06-17,1659,Aqua,MODIS,37,6.2,289.9,11.3,N,0
-14.0565,130.4854,330.6,1.3,1.1,2014-06-17,1659,Aqua,MODIS,100,6.2,294.3,43.5,N,0
-15.8585,124.8787,300.2,1.1,1,2014-06-17,1659,Aqua,MODIS,19,6.2,289.4,4.8,N,0
-15.7209,124.8723,300.7,1.1,1,2014-06-17,1659,Aqua,MODIS,32,6.2,289.5,5.5,N,0
-15.6975,124.8449,307.6,1.1,1,2014-06-17,1659,Aqua,MODIS,72,6.2,289.5,10.1,N,0
-14.07,130.5082,303.6,1.3,1.1,2014-06-17,1659,Aqua,MODIS,26,6.2,292.3,6.8,N,0
-15.8601,124.8887,304.9,1.1,1,2014-06-17,1659,Aqua,MODIS,62,6.2,290,7.8,N,0
-14.4657,130.0484,300.4,1.3,1.1,2014-06-17,1659,Aqua,MODIS,26,6.2,290,6,N,0
-14.0667,130.484,318.7,1.3,1.1,2014-06-17,1659,Aqua,MODIS,97,6.2,292.2,24.1,N,0
-13.8407,130.3208,303.5,1.3,1.1,2014-06-17,1659,Aqua,MODIS,55,6.2,291.5,8.7,N,0
-14.0684,130.4961,319.7,1.3,1.1,2014-06-17,1659,Aqua,MODIS,99,6.2,293,25,N,0
-14.0549,130.4734,310.6,1.3,1.1,2014-06-17,1659,Aqua,MODIS,81,6.2,292.1,14.6,N,0
-16.4387,124.2761,300.8,1.1,1.1,2014-06-17,1700,Aqua,MODIS,34,6.2,290.2,5.3,N,0
-16.7289,126.7371,306.5,1,1,2014-06-17,1700,Aqua,MODIS,68,6.2,283.3,10.4,N,0
-17.6089,123.7038,322.2,1.2,1.1,2014-06-17,1700,Aqua,MODIS,100,6.2,286.9,28.2,N,0
-17.6107,123.7147,322.3,1.2,1.1,2014-06-17,1700,Aqua,MODIS,100,6.2,287,28.3,N,0
-22.6537,122.085,302.6,1.2,1.1,2014-06-17,1701,Aqua,MODIS,50,6.2,282.1,11.8,N,0
-14.3655,142.4925,322,1.1,1,2014-06-18,0046,Terra,MODIS,78,6.2,294.6,16.2,D,0
-14.3764,142.4409,319.1,1.1,1,2014-06-18,0046,Terra,MODIS,75,6.2,295,13,D,0
-14.364,142.4828,310.3,1.1,1,2014-06-18,0046,Terra,MODIS,45,6.2,295.2,5.2,D,0
-13.8336,134.708,308.5,3.6,1.8,2014-06-18,0046,Terra,MODIS,60,6.2,290,27.9,D,0
-13.8116,134.6781,308.3,3.6,1.8,2014-06-18,0046,Terra,MODIS,58,6.2,290.2,25.9,D,0
-17.6695,138.4641,312.8,1.6,1.2,2014-06-18,0047,Terra,MODIS,46,6.2,295.5,11.6,D,0
-17.6693,138.4581,313.7,1.6,1.2,2014-06-18,0047,Terra,MODIS,62,6.2,295.6,13.3,D,0
-17.6755,138.8325,312.5,1.5,1.2,2014-06-18,0047,Terra,MODIS,61,6.2,296.4,11.7,D,0
-28.8971,148.6529,301.8,2.5,1.5,2014-06-18,0049,Terra,MODIS,49,6.2,291.1,11.5,D,0
-27.8924,148.8259,306.2,2.5,1.5,2014-06-18,0049,Terra,MODIS,63,6.2,289.7,27.5,D,0
-30.4421,136.8625,301.9,1.2,1.1,2014-06-18,0050,Terra,MODIS,47,6.2,289.3,5.3,D,0
-33.665,142.5916,301.2,1.2,1.1,2014-06-18,0051,Terra,MODIS,45,6.2,288.9,5.7,D,0
-15.0489,126.0204,314.8,2.3,1.5,2014-06-18,0224,Terra,MODIS,62,6.2,299.1,23.3,D,0
-14.2966,126.7217,313.2,2.6,1.5,2014-06-18,0224,Terra,MODIS,23,6.2,299.1,17.4,D,0
-14.2911,126.7278,314.5,2.6,1.5,2014-06-18,0224,Terra,MODIS,57,6.2,298.4,22.6,D,0
-14.6252,127.6572,322.1,3.1,1.7,2014-06-18,0224,Terra,MODIS,76,6.2,298,66.4,D,0
-14.1971,126.6994,313,2.6,1.5,2014-06-18,0224,Terra,MODIS,34,6.2,299.4,18,D,0
-13.9966,127.1895,319.5,2.8,1.6,2014-06-18,0224,Terra,MODIS,63,6.2,298.4,40.4,D,0
-15.0412,125.4966,312.1,2.1,1.4,2014-06-18,0224,Terra,MODIS,58,6.2,299.1,18.7,D,0
-15.0435,125.5161,320.8,2.1,1.4,2014-06-18,0224,Terra,MODIS,75,6.2,300.9,41.8,D,0
-14.0483,127.2303,320.4,2.8,1.6,2014-06-18,0224,Terra,MODIS,64,6.2,297.3,49.8,D,0
-14.0512,127.256,319.2,2.8,1.6,2014-06-18,0224,Terra,MODIS,68,6.2,297.6,46.9,D,0
-14.8354,125.6224,313.5,2.2,1.4,2014-06-18,0224,Terra,MODIS,63,6.2,300.5,20.4,D,0
-15.251,125.1796,311.8,2,1.4,2014-06-18,0224,Terra,MODIS,58,6.2,299.5,16.8,D,0
-14.0454,127.2045,331.8,2.8,1.6,2014-06-18,0224,Terra,MODIS,84,6.2,297.8,106.7,D,0
-15.1305,125.7052,312.1,2.2,1.4,2014-06-18,0224,Terra,MODIS,59,6.2,299.7,17,D,0
-15.0831,126.0827,315.6,2.4,1.5,2014-06-18,0224,Terra,MODIS,61,6.2,299.3,28.1,D,0
-14.9291,125.5371,315.3,2.1,1.4,2014-06-18,0224,Terra,MODIS,25,6.2,298.9,21.6,D,0
-14.9337,125.5771,320.6,2.2,1.4,2014-06-18,0224,Terra,MODIS,70,6.2,299.4,33.3,D,0
-14.8468,125.3943,311.8,2.1,1.4,2014-06-18,0224,Terra,MODIS,58,6.2,300,15.6,D,0
-15.2351,127.4509,321,3,1.7,2014-06-18,0224,Terra,MODIS,75,6.2,296.6,65.7,D,0
-15.2363,127.4577,319.4,3,1.7,2014-06-18,0224,Terra,MODIS,71,6.2,296.3,52.8,D,0
-15.1099,126.0796,315.1,2.4,1.5,2014-06-18,0224,Terra,MODIS,51,6.2,298.5,25.5,D,0
-13.9965,127.1585,323.4,2.8,1.6,2014-06-18,0224,Terra,MODIS,73,6.2,296.6,63,D,0
-13.9993,127.1838,322.7,2.8,1.6,2014-06-18,0224,Terra,MODIS,74,6.2,298.1,57,D,0
-14.6236,127.652,324.9,3.1,1.7,2014-06-18,0224,Terra,MODIS,79,6.2,298.3,86,D,0
-13.9936,127.1641,326,2.8,1.6,2014-06-18,0224,Terra,MODIS,79,6.2,297.1,74,D,0
-14.9932,125.5299,313.4,2.1,1.4,2014-06-18,0224,Terra,MODIS,53,6.2,298.5,20.8,D,0
-14.9956,125.5496,314.5,2.2,1.4,2014-06-18,0224,Terra,MODIS,65,6.2,299.6,23.3,D,0
-14.9946,125.543,312.4,2.2,1.4,2014-06-18,0224,Terra,MODIS,50,6.2,299.4,18.6,D,0
-14.9969,125.5628,316.4,2.2,1.4,2014-06-18,0224,Terra,MODIS,64,6.2,299.2,27.2,D,0
-15.0367,125.6809,327.3,2.2,1.4,2014-06-18,0224,Terra,MODIS,81,6.2,300.1,66.4,D,0
-14.7034,126.0301,318.2,2.3,1.5,2014-06-18,0224,Terra,MODIS,71,6.2,297.7,32.6,D,0
-14.7127,126.0226,313.8,2.3,1.5,2014-06-18,0224,Terra,MODIS,62,6.2,297.4,22.6,D,0
-14.9361,125.5973,333.2,2.2,1.4,2014-06-18,0224,Terra,MODIS,86,6.2,301.4,79.4,D,0
-16.0648,125.4669,317.3,2.2,1.4,2014-06-18,0225,Terra,MODIS,40,6.2,300.2,31.1,D,0
-16.0753,125.4448,313.3,2.2,1.4,2014-06-18,0225,Terra,MODIS,39,6.2,299.3,21.7,D,0
-16.0777,125.4655,316.9,2.2,1.4,2014-06-18,0225,Terra,MODIS,58,6.2,298.4,30.8,D,0
-16.0759,125.4589,320.8,2.2,1.4,2014-06-18,0225,Terra,MODIS,73,6.2,299.3,42.7,D,0
-15.879,124.8884,321,2,1.4,2014-06-18,0225,Terra,MODIS,62,6.2,297.7,35.2,D,0
-15.7611,124.8722,311.6,2,1.4,2014-06-18,0225,Terra,MODIS,52,6.2,299.3,13.1,D,0
-15.7734,124.8708,309.8,2,1.4,2014-06-18,0225,Terra,MODIS,38,6.2,298.1,9.4,D,0
-15.7981,124.5209,314.9,1.9,1.3,2014-06-18,0225,Terra,MODIS,52,6.2,302.6,15.5,D,0
-15.7045,124.8485,315.8,2,1.4,2014-06-18,0225,Terra,MODIS,42,6.2,299.8,21.5,D,0
-16.9988,122.5688,317.7,1.4,1.2,2014-06-18,0225,Terra,MODIS,64,6.2,302.2,14.7,D,0
-15.796,124.5029,316.2,1.8,1.3,2014-06-18,0225,Terra,MODIS,68,6.2,302.8,19.3,D,0
-16.5511,122.855,311.5,1.4,1.2,2014-06-18,0225,Terra,MODIS,44,6.2,299.5,9.4,D,0
-15.7944,124.942,311.8,2,1.4,2014-06-18,0225,Terra,MODIS,58,6.2,299.1,15.1,D,0
-15.722,124.8586,318.2,2,1.4,2014-06-18,0225,Terra,MODIS,53,6.2,299.2,25.6,D,0
-15.8666,124.8896,317.8,2,1.4,2014-06-18,0225,Terra,MODIS,27,6.2,298.2,25.2,D,0
-16.4432,124.2757,310,1.8,1.3,2014-06-18,0225,Terra,MODIS,39,6.2,299.8,13.5,D,0
-15.808,124.5017,343.1,1.8,1.3,2014-06-18,0225,Terra,MODIS,92,6.2,302.2,102.9,D,0
-15.7189,124.8645,314,2,1.4,2014-06-18,0225,Terra,MODIS,46,6.2,298.8,17.9,D,0
-15.8768,124.8699,336,2,1.4,2014-06-18,0225,Terra,MODIS,88,6.2,299.2,84.4,D,0
-15.7167,124.8467,314.1,2,1.4,2014-06-18,0225,Terra,MODIS,46,6.2,299.9,17.5,D,0
-16.6973,126.74,320.9,2.8,1.6,2014-06-18,0225,Terra,MODIS,72,6.2,301.1,51.3,D,0
-16.7118,126.7388,318.6,2.8,1.6,2014-06-18,0225,Terra,MODIS,55,6.2,299.5,39.5,D,0
-15.9705,124.6458,317.3,1.9,1.3,2014-06-18,0225,Terra,MODIS,61,6.2,299.5,25.8,D,0
-15.9686,124.67,328.7,1.9,1.3,2014-06-18,0225,Terra,MODIS,83,6.2,299.8,56,D,0
-15.9664,124.6524,333.4,1.9,1.3,2014-06-18,0225,Terra,MODIS,81,6.2,301,70.7,D,0
-16.9069,126.5672,321.4,2.8,1.6,2014-06-18,0225,Terra,MODIS,76,6.2,299.9,57.5,D,0
-16.9042,126.5743,313,2.8,1.6,2014-06-18,0225,Terra,MODIS,24,6.2,299.6,24.6,D,0
-15.9725,124.663,331.1,1.9,1.3,2014-06-18,0225,Terra,MODIS,80,6.2,299.7,65,D,0
-16.6952,126.746,320.5,2.8,1.6,2014-06-18,0225,Terra,MODIS,41,6.2,301,46.6,D,0
-19.0932,121.9064,318.1,1.4,1.2,2014-06-18,0226,Terra,MODIS,54,6.2,302.2,13.5,D,0
-19.1036,121.905,322.2,1.4,1.2,2014-06-18,0226,Terra,MODIS,71,6.2,303,19.2,D,0
-21.7964,118.8214,314.4,1,1,2014-06-18,0226,Terra,MODIS,65,6.2,301,7.3,D,0
-20.5947,116.7785,312.8,1,1,2014-06-18,0226,Terra,MODIS,0,6.2,299.8,7.5,D,0
-20.8754,119.7413,332.8,1.1,1,2014-06-18,0226,Terra,MODIS,85,6.2,304.5,29.3,D,0
-20.8769,119.7519,319.4,1.1,1,2014-06-18,0226,Terra,MODIS,72,6.2,303.5,11.7,D,0
-20.8397,119.6189,314.3,1.1,1,2014-06-18,0226,Terra,MODIS,56,6.2,302.6,6.8,D,0
-20.8411,119.6293,319.3,1.1,1,2014-06-18,0226,Terra,MODIS,72,6.2,302.1,11.6,D,0
-21.8405,120.0298,312.8,1.2,1.1,2014-06-18,0226,Terra,MODIS,52,6.2,300,6.9,D,0
-21.8117,120.034,314.2,1.2,1.1,2014-06-18,0226,Terra,MODIS,61,6.2,299.1,9.1,D,0
-21.8391,120.0187,330.7,1.1,1.1,2014-06-18,0226,Terra,MODIS,85,6.2,301.9,28.9,D,0
-32.2782,116.0216,302,1,1,2014-06-18,0229,Terra,MODIS,50,6.2,285.2,7.1,D,0
-34.4605,150.872,302.8,1.8,1.3,2014-06-18,0328,Aqua,MODIS,32,6.2,292.3,9.5,D,0
-34.4646,150.8775,304.9,1.8,1.3,2014-06-18,0328,Aqua,MODIS,45,6.2,292.4,13.2,D,2
-30.8982,151.6422,311.8,1.5,1.2,2014-06-18,0329,Aqua,MODIS,68,6.2,285.6,20,D,0
-31.2225,149.5835,315.1,2,1.4,2014-06-18,0329,Aqua,MODIS,75,6.2,291.4,36.8,D,0
-31.2213,149.5764,315.2,2,1.4,2014-06-18,0329,Aqua,MODIS,75,6.2,290.7,37.1,D,0
-31.2244,149.5623,300.5,2,1.4,2014-06-18,0329,Aqua,MODIS,35,6.2,288.5,9.9,D,0
-29.9422,151.9566,307.4,1.4,1.2,2014-06-18,0330,Aqua,MODIS,65,6.2,287.3,13.5,D,0
-27.4116,152.6006,309,1.2,1.1,2014-06-18,0330,Aqua,MODIS,64,6.2,294.6,7.5,D,0
-30.3805,151.4841,302.6,1.5,1.2,2014-06-18,0330,Aqua,MODIS,53,6.2,289.4,9.2,D,0
-27.4101,152.6128,317,1.2,1.1,2014-06-18,0330,Aqua,MODIS,71,6.2,294.2,15.7,D,0
-26.9928,153.023,308.3,1.1,1.1,2014-06-18,0330,Aqua,MODIS,61,6.2,292.2,8.3,D,0
-26.9832,153.0215,326.8,1.1,1.1,2014-06-18,0330,Aqua,MODIS,84,6.2,292,28.5,D,0
-26.9846,153.0101,313.2,1.1,1.1,2014-06-18,0330,Aqua,MODIS,71,6.2,291.8,13,D,0
-28.4761,152.0202,304.8,1.3,1.1,2014-06-18,0330,Aqua,MODIS,54,6.2,292.8,8,D,0
-27.8937,148.824,320.5,2.1,1.4,2014-06-18,0330,Aqua,MODIS,79,6.2,295.2,47.3,D,0
-25.1984,152.5851,308,1.1,1.1,2014-06-18,0331,Aqua,MODIS,52,6.2,294.1,6.6,D,0
-25.8126,152.6431,314.8,1.1,1.1,2014-06-18,0331,Aqua,MODIS,73,6.2,294.3,13.7,D,0
-26.8392,151.7079,318.1,1.3,1.1,2014-06-18,0331,Aqua,MODIS,77,6.2,294.9,21.2,D,0
-24.4503,151.8294,320.4,1.2,1.1,2014-06-18,0331,Aqua,MODIS,79,6.2,296.5,21.2,D,0
-25.4037,152.8289,309.9,1.1,1.1,2014-06-18,0331,Aqua,MODIS,66,6.2,294.3,8.7,D,0
-25.6186,152.807,307.3,1.1,1.1,2014-06-18,0331,Aqua,MODIS,61,6.2,292.6,7,D,0
-21.1027,120.6465,332.7,3,1.6,2014-06-18,0511,Aqua,MODIS,85,6.2,300.8,126.9,D,0
-21.0416,120.6644,343.3,3,1.6,2014-06-18,0511,Aqua,MODIS,92,6.2,301.2,209.5,D,0
-21.104,120.6421,332,3,1.6,2014-06-18,0511,Aqua,MODIS,85,6.2,300.5,121.3,D,0
-21.089,120.6406,319.3,3,1.6,2014-06-18,0511,Aqua,MODIS,51,6.2,302.1,49.3,D,0
-22.6705,122.0787,315.1,2.5,1.5,2014-06-18,0511,Aqua,MODIS,49,6.2,301.6,24.4,D,0
-19.405,130.4551,325.7,1.1,1,2014-06-18,0511,Aqua,MODIS,77,6.2,305.4,16.5,D,0
-22.6771,122.0721,317.1,2.5,1.5,2014-06-18,0511,Aqua,MODIS,65,6.2,300.8,31.5,D,0
-22.6746,122.0962,320.2,2.5,1.5,2014-06-18,0511,Aqua,MODIS,74,6.2,300.9,43,D,0
-19.4035,130.4652,316.2,1.1,1,2014-06-18,0511,Aqua,MODIS,59,6.2,304.1,6,D,0
-22.8329,121.9039,315.5,2.5,1.5,2014-06-18,0511,Aqua,MODIS,67,6.2,297.9,33.1,D,0
-19.6851,130.2464,329.6,1,1,2014-06-18,0511,Aqua,MODIS,81,6.2,305.5,21.8,D,0
-19.6836,130.2562,317.7,1,1,2014-06-18,0511,Aqua,MODIS,63,6.2,303.8,7.9,D,0
-22.8353,121.8786,316.5,2.6,1.5,2014-06-18,0511,Aqua,MODIS,68,6.2,299.9,35.4,D,0
-22.6842,122.0802,318.4,2.5,1.5,2014-06-18,0511,Aqua,MODIS,72,6.2,300.2,35.4,D,0
-16.5571,122.8477,331.8,1.8,1.3,2014-06-18,0512,Aqua,MODIS,73,6.2,302.6,58.2,D,0
-15.8058,125.2024,316.2,1.2,1.1,2014-06-18,0512,Aqua,MODIS,47,6.2,304.5,8,D,0
-16.6309,122.796,315.4,1.8,1.3,2014-06-18,0512,Aqua,MODIS,59,6.2,301,16.5,D,0
-15.7531,124.9775,316.4,1.2,1.1,2014-06-18,0512,Aqua,MODIS,13,6.2,303.3,7.3,D,0
-16.5552,122.8643,317.4,1.8,1.3,2014-06-18,0512,Aqua,MODIS,64,6.2,302.5,20.7,D,0
-15.8035,124.5082,319.1,1.3,1.1,2014-06-18,0512,Aqua,MODIS,59,6.2,305.2,12,D,0
-15.8154,124.4971,328.5,1.3,1.1,2014-06-18,0512,Aqua,MODIS,74,6.2,304.6,26.7,D,0
-15.8138,124.5093,357.3,1.3,1.1,2014-06-18,0512,Aqua,MODIS,98,6.2,306.4,106.7,D,0
-15.8122,124.5216,335.2,1.3,1.1,2014-06-18,0512,Aqua,MODIS,86,6.2,303.5,39.8,D,0
-15.8781,124.8825,324.5,1.3,1.1,2014-06-18,0512,Aqua,MODIS,49,6.2,303.2,18.7,D,0
-17.0044,122.563,320,1.9,1.3,2014-06-18,0512,Aqua,MODIS,64,6.2,302.3,25.9,D,0
-16.4363,125.2039,321.2,1.2,1.1,2014-06-18,0512,Aqua,MODIS,69,6.2,304.9,13.2,D,0
-16.4378,125.1924,321.2,1.2,1.1,2014-06-18,0512,Aqua,MODIS,70,6.2,305.7,13.5,D,0
-15.1385,129.7405,336.7,1.1,1,2014-06-18,0512,Aqua,MODIS,81,6.2,301.2,30,D,0
-15.4278,128.9147,330,1,1,2014-06-18,0512,Aqua,MODIS,79,6.2,306.4,18.4,D,0
-15.4185,128.9163,320.2,1,1,2014-06-18,0512,Aqua,MODIS,63,6.2,305.4,8.2,D,0
-15.7567,124.8711,323.3,1.3,1.1,2014-06-18,0512,Aqua,MODIS,70,6.2,304.1,17.2,D,0
-15.1343,130.021,322.2,1.1,1.1,2014-06-18,0512,Aqua,MODIS,24,6.2,308.2,10.2,D,0
-15.1359,130.0108,327.8,1.1,1.1,2014-06-18,0512,Aqua,MODIS,65,6.2,305.1,18.4,D,0
-15.8922,124.775,336,1.3,1.1,2014-06-18,0512,Aqua,MODIS,86,6.2,304.6,41,D,0
-15.8463,124.8906,316.9,1.3,1.1,2014-06-18,0512,Aqua,MODIS,10,6.2,304.5,8.2,D,0
-15.7987,124.9437,315.7,1.3,1.1,2014-06-18,0512,Aqua,MODIS,52,6.2,303.5,8.4,D,0
-15.8002,124.9319,330.9,1.3,1.1,2014-06-18,0512,Aqua,MODIS,82,6.2,305.2,31.1,D,0
-15.7281,124.8551,326.5,1.3,1.1,2014-06-18,0512,Aqua,MODIS,58,6.2,305.1,20.1,D,0
-15.7296,124.8431,327,1.3,1.1,2014-06-18,0512,Aqua,MODIS,64,6.2,304.5,20.4,D,0
-15.4637,131.8348,334.7,1.4,1.2,2014-06-18,0512,Aqua,MODIS,85,6.2,306.5,37.5,D,0
-14.988,131.1604,323.9,1.3,1.1,2014-06-18,0512,Aqua,MODIS,64,6.2,305.1,15.3,D,0
-14.8127,130.6557,318.6,1.2,1.1,2014-06-18,0512,Aqua,MODIS,36,6.2,305.3,7.2,D,0
-14.8144,130.6447,324,1.2,1.1,2014-06-18,0512,Aqua,MODIS,71,6.2,307.6,14.3,D,0
-14.4353,133.1867,325.2,1.8,1.3,2014-06-18,0512,Aqua,MODIS,74,6.2,302.7,29.1,D,0
-15.4721,131.8495,322.3,1.4,1.2,2014-06-18,0512,Aqua,MODIS,63,6.2,304.2,15.2,D,0
-14.9923,131.1976,321,1.3,1.1,2014-06-18,0512,Aqua,MODIS,24,6.2,306.4,9.7,D,0
-16.0816,125.419,322.9,1.2,1.1,2014-06-18,0512,Aqua,MODIS,73,6.2,304.1,15.9,D,0
-16.087,125.4534,322.4,1.2,1.1,2014-06-18,0512,Aqua,MODIS,67,6.2,303.6,13.3,D,0
-16.0855,125.4644,323.7,1.2,1.1,2014-06-18,0512,Aqua,MODIS,70,6.2,302.4,15.5,D,0
-14.5639,132.6908,319.4,1.6,1.3,2014-06-18,0512,Aqua,MODIS,37,6.2,302.2,11.1,D,0
-14.438,133.1705,324.4,1.8,1.3,2014-06-18,0512,Aqua,MODIS,73,6.2,301.6,27.6,D,0
-14.5615,132.6958,320.8,1.6,1.3,2014-06-18,0512,Aqua,MODIS,66,6.2,302.1,14.7,D,0
-15.7412,129.2262,321.3,1,1,2014-06-18,0512,Aqua,MODIS,53,6.2,305.9,7.6,D,0
-15.711,129.2411,332.4,1,1,2014-06-18,0512,Aqua,MODIS,82,6.2,306.6,22,D,0
-18.2718,127.8681,319.8,1,1,2014-06-18,0512,Aqua,MODIS,64,6.2,305.3,9.1,D,0
-15.6154,129.2692,327.5,1,1,2014-06-18,0512,Aqua,MODIS,72,6.2,304.9,15.4,D,0
-15.6211,129.2308,321.1,1,1,2014-06-18,0512,Aqua,MODIS,36,6.2,302.9,9.1,D,0
-15.6091,129.2486,336.9,1,1,2014-06-18,0512,Aqua,MODIS,85,6.2,306.8,28.2,D,0
-14.3808,133.3662,319.3,1.9,1.3,2014-06-18,0512,Aqua,MODIS,62,6.2,301.1,17.5,D,0
-16.7461,126.7349,331.2,1.1,1,2014-06-18,0512,Aqua,MODIS,81,6.2,307.7,20.6,D,0
-16.7447,126.7448,322,1.1,1,2014-06-18,0512,Aqua,MODIS,60,6.2,304.8,9.4,D,0
-15.9779,124.6575,345,1.3,1.1,2014-06-18,0512,Aqua,MODIS,80,6.2,308.4,64.8,D,0
-16.9076,126.5717,325.4,1.1,1,2014-06-18,0512,Aqua,MODIS,64,6.2,306.1,14.1,D,0
-15.3075,127.8384,329.6,1,1,2014-06-18,0512,Aqua,MODIS,75,6.2,305.8,17,D,0
-15.2474,129.8779,327.1,1.1,1,2014-06-18,0512,Aqua,MODIS,29,6.2,304.9,14.2,D,0
-15.2396,129.8661,327.3,1.1,1,2014-06-18,0512,Aqua,MODIS,68,6.2,302.3,16.5,D,0
-15.1276,129.7488,326,1.1,1,2014-06-18,0512,Aqua,MODIS,66,6.2,298.3,15.6,D,0
-15.2287,129.8747,325.3,1.1,1,2014-06-18,0512,Aqua,MODIS,58,6.2,302.4,13.7,D,0
-15.9763,124.6697,350.7,1.3,1.1,2014-06-18,0512,Aqua,MODIS,95,6.2,305.2,83,D,0
-17.5879,123.6631,320.9,1.6,1.2,2014-06-18,0512,Aqua,MODIS,39,6.2,308.1,14.2,D,0
-16.7033,126.3262,327.7,1.1,1,2014-06-18,0512,Aqua,MODIS,77,6.2,307.7,16.3,D,0
-15.2243,130.0944,320.1,1.1,1.1,2014-06-18,0512,Aqua,MODIS,58,6.2,303.8,9,D,0
-15.3164,127.8398,323.9,1,1,2014-06-18,0512,Aqua,MODIS,34,6.2,303,11.2,D,0
-16.7097,126.3233,329.5,1.1,1,2014-06-18,0512,Aqua,MODIS,70,6.2,307.6,18.1,D,0
-15.9676,124.6561,318.5,1.3,1.1,2014-06-18,0512,Aqua,MODIS,62,6.2,305.5,10.6,D,0
-15.966,124.6684,330.2,1.3,1.1,2014-06-18,0512,Aqua,MODIS,82,6.2,305.6,30.7,D,0
-15.3151,127.849,370.2,1,1,2014-06-18,0512,Aqua,MODIS,100,6.2,309.3,105.4,D,0
-15.3138,127.8583,353.1,1,1,2014-06-18,0512,Aqua,MODIS,96,6.2,308.7,57.5,D,0
-15.4306,128.8958,330,1,1,2014-06-18,0512,Aqua,MODIS,79,6.2,305.1,18.9,D,0
-15.9881,124.6587,355.4,1.3,1.1,2014-06-18,0512,Aqua,MODIS,85,6.2,302.8,99.2,D,0
-15.2886,130.0902,325.3,1.1,1.1,2014-06-18,0512,Aqua,MODIS,73,6.2,304.2,14.7,D,0
-16.909,126.5616,322.1,1.1,1,2014-06-18,0512,Aqua,MODIS,33,6.2,309.2,9.9,D,0
-14.9165,130.3709,322,1.2,1.1,2014-06-18,0512,Aqua,MODIS,55,6.2,305.1,10,D,0
-15.2227,130.1047,327,1.1,1.1,2014-06-18,0512,Aqua,MODIS,75,6.2,304.4,18.2,D,0
-15.2902,130.0797,323.2,1.1,1.1,2014-06-18,0512,Aqua,MODIS,63,6.2,302.6,12.4,D,0
-16.6996,126.7529,342.2,1.1,1,2014-06-18,0512,Aqua,MODIS,90,6.2,309.5,37.6,D,0
-16.6982,126.7627,340.7,1.1,1,2014-06-18,0512,Aqua,MODIS,89,6.2,306.9,36.4,D,0
-16.7102,126.7443,342.5,1.1,1,2014-06-18,0512,Aqua,MODIS,90,6.2,310.7,38.1,D,0
-16.7088,126.7542,341.7,1.1,1,2014-06-18,0512,Aqua,MODIS,90,6.2,307.7,37.1,D,0
-14.0255,130.4459,326.1,1.2,1.1,2014-06-18,0513,Aqua,MODIS,74,6.2,302.1,16.3,D,0
-13.9989,127.1445,331.6,1,1,2014-06-18,0513,Aqua,MODIS,77,6.2,302.9,21,D,0
-15.0617,125.5059,326.2,1.2,1.1,2014-06-18,0513,Aqua,MODIS,40,6.2,301.6,18.3,D,0
-15.1202,126.0754,320.7,1.1,1,2014-06-18,0513,Aqua,MODIS,49,6.2,299,10.4,D,0
-15.1216,126.0654,320.9,1.1,1,2014-06-18,0513,Aqua,MODIS,46,6.2,302.5,9.9,D,0
-15.0631,125.4953,325.4,1.2,1.1,2014-06-18,0513,Aqua,MODIS,40,6.2,301.5,18.2,D,0
-15.0506,125.5153,330.8,1.1,1.1,2014-06-18,0513,Aqua,MODIS,79,6.2,304.6,26.3,D,0
-14.8414,125.6339,327.2,1.1,1.1,2014-06-18,0513,Aqua,MODIS,78,6.2,301.6,20.7,D,0
-14.004,127.1736,330.2,1,1,2014-06-18,0513,Aqua,MODIS,73,6.2,304.7,16.7,D,0
-14.8119,125.3859,315.8,1.2,1.1,2014-06-18,0513,Aqua,MODIS,54,6.2,302.1,8.2,D,0
-13.9909,127.2661,321.6,1,1,2014-06-18,0513,Aqua,MODIS,40,6.2,301.3,9.5,D,0
-15.029,127.4018,322.4,1,1,2014-06-18,0513,Aqua,MODIS,59,6.2,306.3,8.7,D,0
-15.0393,127.3938,319.8,1,1,2014-06-18,0513,Aqua,MODIS,37,6.2,305.9,5.7,D,0
-15.1276,125.6929,316.5,1.1,1.1,2014-06-18,0513,Aqua,MODIS,23,6.2,300.3,7.6,D,0
-14.9032,125.563,320.1,1.1,1.1,2014-06-18,0513,Aqua,MODIS,51,6.2,303.7,10.1,D,0
-15.0164,127.7502,326,1,1,2014-06-18,0513,Aqua,MODIS,74,6.2,305.8,13.6,D,0
-14.8865,126.6498,318.9,1,1,2014-06-18,0513,Aqua,MODIS,62,6.2,305.9,6.2,D,0
-14.9156,125.5432,340.7,1.1,1.1,2014-06-18,0513,Aqua,MODIS,85,6.2,306.9,40.2,D,0
-14.2541,126.2271,321.2,1.1,1,2014-06-18,0513,Aqua,MODIS,59,6.2,303.9,11,D,0
-14.9142,125.5538,332,1.1,1.1,2014-06-18,0513,Aqua,MODIS,43,6.2,304.7,23.6,D,0
-14.0026,127.1829,338,1,1,2014-06-18,0513,Aqua,MODIS,87,6.2,304.6,28.5,D,0
-15.0492,125.5259,324.8,1.1,1.1,2014-06-18,0513,Aqua,MODIS,75,6.2,302.6,18.4,D,0
-14.9042,125.7016,317.6,1.1,1.1,2014-06-18,0513,Aqua,MODIS,60,6.2,300.9,9.6,D,0
-14.8428,125.6234,347,1.1,1.1,2014-06-18,0513,Aqua,MODIS,93,6.2,303.7,57.3,D,0
-14.0143,127.1657,330.3,1,1,2014-06-18,0513,Aqua,MODIS,45,6.2,303.4,16.4,D,0
-14.0242,127.1642,345.6,1,1,2014-06-18,0513,Aqua,MODIS,89,6.2,304.8,40.2,D,0
-14.0319,127.1748,330.4,1,1,2014-06-18,0513,Aqua,MODIS,41,6.2,304.3,15.4,D,0
-14.0409,127.1762,345.6,1,1,2014-06-18,0513,Aqua,MODIS,91,6.2,305.2,41.4,D,0
-14.0524,127.2252,329.6,1,1,2014-06-18,0513,Aqua,MODIS,70,6.2,302.3,16.6,D,0
-14.0511,127.2345,340.2,1,1,2014-06-18,0513,Aqua,MODIS,88,6.2,304.3,31.8,D,0
-14.7352,126.1376,319,1.1,1,2014-06-18,0513,Aqua,MODIS,24,6.2,305.1,6.8,D,0
-14.7219,126.166,329.3,1.1,1,2014-06-18,0513,Aqua,MODIS,75,6.2,304.7,18.9,D,0
-14.7113,126.1746,322.2,1.1,1,2014-06-18,0513,Aqua,MODIS,38,6.2,304,9.8,D,0
-14.8445,125.5382,334.2,1.1,1.1,2014-06-18,0513,Aqua,MODIS,85,6.2,301.9,31.1,D,0
-15.0839,126.0841,319.9,1.1,1,2014-06-18,0513,Aqua,MODIS,58,6.2,298.8,10.3,D,0
-14.7975,125.4924,328.3,1.1,1.1,2014-06-18,0513,Aqua,MODIS,79,6.2,300.2,21.8,D,0
-14.8023,125.4889,328.8,1.1,1.1,2014-06-18,0513,Aqua,MODIS,80,6.2,301,22.2,D,0
-14.8767,127.6381,339.5,1,1,2014-06-18,0513,Aqua,MODIS,88,6.2,307.7,30,D,0
-14.4924,130.0624,374.4,1.1,1.1,2014-06-18,0513,Aqua,MODIS,100,6.2,308,145,D,0
-14.4829,130.0608,327,1.1,1.1,2014-06-18,0513,Aqua,MODIS,34,6.2,307.3,14.7,D,0
-14.8857,127.6395,348.5,1,1,2014-06-18,0513,Aqua,MODIS,94,6.2,306,47.2,D,0
-14.494,130.052,347.7,1.1,1.1,2014-06-18,0513,Aqua,MODIS,91,6.2,302.1,55.6,D,0
-14.4845,130.0504,342.1,1.1,1.1,2014-06-18,0513,Aqua,MODIS,90,6.2,306.9,42.3,D,0
-14.6907,125.2417,318.9,1.2,1.1,2014-06-18,0513,Aqua,MODIS,24,6.2,301.3,10.6,D,0
-14.8689,130.2322,319.7,1.1,1.1,2014-06-18,0513,Aqua,MODIS,61,6.2,302,10,D,0
-14.8706,130.2217,321.3,1.1,1.1,2014-06-18,0513,Aqua,MODIS,63,6.2,302.6,11.2,D,0
-14.0246,132.256,323.7,1.6,1.2,2014-06-18,0513,Aqua,MODIS,61,6.2,301.7,20.4,D,0
-14.6922,125.2309,330.8,1.2,1.1,2014-06-18,0513,Aqua,MODIS,77,6.2,303.6,27.4,D,0
-14.0486,127.1868,346.7,1,1,2014-06-18,0513,Aqua,MODIS,93,6.2,306.3,43.4,D,0
-14.0563,127.1974,341.9,1,1,2014-06-18,0513,Aqua,MODIS,89,6.2,304.9,35.5,D,0
-15.2537,127.4386,326.1,1,1,2014-06-18,0513,Aqua,MODIS,54,6.2,303.1,12.1,D,0
-15.255,127.4293,328.8,1,1,2014-06-18,0513,Aqua,MODIS,66,6.2,303.8,14.8,D,0
-15.2563,127.4199,331.4,1,1,2014-06-18,0513,Aqua,MODIS,81,6.2,306.9,18.5,D,0
-15.2446,127.4372,348.5,1,1,2014-06-18,0513,Aqua,MODIS,94,6.2,309.3,47.9,D,0
-15.246,127.4279,327.8,1,1,2014-06-18,0513,Aqua,MODIS,75,6.2,308.2,13.8,D,0
-15.2491,125.1781,327,1.2,1.1,2014-06-18,0513,Aqua,MODIS,78,6.2,301.1,22.9,D,0
-13.7386,132.7316,337,1.7,1.3,2014-06-18,0513,Aqua,MODIS,86,6.2,300,65.3,D,0
-13.7323,132.6986,342.1,1.7,1.3,2014-06-18,0513,Aqua,MODIS,90,6.2,300.2,82.7,D,0
-14.8844,127.6488,338.9,1,1,2014-06-18,0513,Aqua,MODIS,87,6.2,304.7,28.9,D,0
-14.8741,127.6566,366.8,1,1,2014-06-18,0513,Aqua,MODIS,100,6.2,307.5,93.4,D,0
-14.8754,127.6474,353.2,1,1,2014-06-18,0513,Aqua,MODIS,96,6.2,309,56.1,D,0
-13.7349,132.6831,323.3,1.7,1.3,2014-06-18,0513,Aqua,MODIS,36,6.2,298.6,27,D,0
-13.7208,132.6968,327.4,1.7,1.3,2014-06-18,0513,Aqua,MODIS,60,6.2,301.2,33.5,D,0
-13.7234,132.6812,324.1,1.7,1.3,2014-06-18,0513,Aqua,MODIS,24,6.2,300.4,27.1,D,0
-13.7321,132.7077,327.7,1.7,1.3,2014-06-18,0513,Aqua,MODIS,67,6.2,299.6,33.1,D,0
-13.7346,132.6922,335,1.7,1.3,2014-06-18,0513,Aqua,MODIS,85,6.2,299.6,54.3,D,0
-13.7231,132.6904,331.8,1.7,1.3,2014-06-18,0513,Aqua,MODIS,63,6.2,301.5,43.8,D,0
-15.4996,124.8177,316.7,1.3,1.1,2014-06-18,0513,Aqua,MODIS,52,6.2,304.3,7.8,D,0
-14.055,127.2067,334,1,1,2014-06-18,0513,Aqua,MODIS,74,6.2,304.5,22.8,D,0
-14.0588,127.2451,325.6,1,1,2014-06-18,0513,Aqua,MODIS,74,6.2,301.9,13.1,D,0
-14.0575,127.2543,320.4,1,1,2014-06-18,0513,Aqua,MODIS,34,6.2,303.2,7.1,D,0
-14.8009,125.4995,320,1.1,1.1,2014-06-18,0513,Aqua,MODIS,67,6.2,301,10.5,D,0
-15.2673,125.1919,318.4,1.2,1.1,2014-06-18,0513,Aqua,MODIS,65,6.2,302.5,11.4,D,0
-13.0761,130.1664,338.5,1.2,1.1,2014-06-18,0513,Aqua,MODIS,87,6.2,301.5,39.5,D,0
-13.8811,132.7789,317.7,1.7,1.3,2014-06-18,0513,Aqua,MODIS,48,6.2,300.2,11.5,D,0
-13.7927,132.8114,351.7,1.7,1.3,2014-06-18,0513,Aqua,MODIS,95,6.2,299.1,121,D,0
-13.7973,132.8065,345.6,1.7,1.3,2014-06-18,0513,Aqua,MODIS,86,6.2,297.8,93.9,D,0
-15.0309,126.664,320.5,1,1,2014-06-18,0513,Aqua,MODIS,66,6.2,303.3,10,D,0
-13.7448,132.7652,329.2,1.7,1.3,2014-06-18,0513,Aqua,MODIS,73,6.2,298.4,41.7,D,0
-15.0561,127.7346,323,1,1,2014-06-18,0513,Aqua,MODIS,70,6.2,303.9,10.7,D,0
-13.7474,132.7494,332.2,1.7,1.3,2014-06-18,0513,Aqua,MODIS,82,6.2,297.4,50.8,D,0
-13.7359,132.7473,360.3,1.7,1.3,2014-06-18,0513,Aqua,MODIS,100,6.2,302.2,171.6,D,0
-14.4717,129.8163,338.7,1.1,1,2014-06-18,0513,Aqua,MODIS,88,6.2,306.2,32.5,D,0
-14.4828,130.1254,321.8,1.1,1.1,2014-06-18,0513,Aqua,MODIS,42,6.2,301.7,12.2,D,0
-14.6056,129.9923,320.3,1.1,1.1,2014-06-18,0513,Aqua,MODIS,51,6.2,302.4,10.3,D,0
-14.4136,126.6758,321,1,1,2014-06-18,0513,Aqua,MODIS,60,6.2,305.1,8.1,D,0
-14.0156,127.1564,343.4,1,1,2014-06-18,0513,Aqua,MODIS,91,6.2,305,37.6,D,0
-14.6266,127.6472,335.1,1,1,2014-06-18,0513,Aqua,MODIS,84,6.2,307,24.3,D,0
-14.6252,127.6565,332,1,1,2014-06-18,0513,Aqua,MODIS,81,6.2,306,20,D,0
-14.0229,129.8708,361.9,1.1,1.1,2014-06-18,0513,Aqua,MODIS,100,6.2,305.4,100,D,0
-14.015,129.8589,318.7,1.1,1.1,2014-06-18,0513,Aqua,MODIS,29,6.2,301.3,9.9,D,0
-14.0165,129.8486,321.2,1.1,1.1,2014-06-18,0513,Aqua,MODIS,44,6.2,301.9,12.6,D,0
-14.8728,127.6659,324.7,1,1,2014-06-18,0513,Aqua,MODIS,67,6.2,303.4,10.3,D,0
-14.0135,132.2544,335,1.6,1.2,2014-06-18,0513,Aqua,MODIS,85,6.2,301.7,46.3,D,0
-14.5133,129.5443,320.6,1.1,1,2014-06-18,0513,Aqua,MODIS,31,6.2,305,9.7,D,0
-13.9933,129.8382,320.3,1.1,1.1,2014-06-18,0513,Aqua,MODIS,53,6.2,303.4,12.4,D,0
-13.9948,129.828,342.5,1.1,1.1,2014-06-18,0513,Aqua,MODIS,90,6.2,303.3,48.4,D,0
-13.9854,129.8264,327.6,1.1,1.1,2014-06-18,0513,Aqua,MODIS,76,6.2,302.3,22.1,D,0
-14.8755,125.3798,321.7,1.2,1.1,2014-06-18,0513,Aqua,MODIS,37,6.2,301.4,13.1,D,0
-14.8658,125.3784,325.2,1.2,1.1,2014-06-18,0513,Aqua,MODIS,24,6.2,303.5,16.4,D,0
-14.8562,125.377,327.4,1.2,1.1,2014-06-18,0513,Aqua,MODIS,39,6.2,301.9,18.4,D,0
-15.3613,126.5328,315.2,1.1,1,2014-06-18,0513,Aqua,MODIS,44,6.2,303.5,5.6,D,0
-15.2317,127.4637,323.4,1,1,2014-06-18,0513,Aqua,MODIS,64,6.2,305.2,10.6,D,0
-15.2433,127.4465,348.5,1,1,2014-06-18,0513,Aqua,MODIS,94,6.2,307.6,47,D,0
-15.242,127.4558,330.6,1,1,2014-06-18,0513,Aqua,MODIS,78,6.2,305.4,18.6,D,0
-15.0727,125.4964,322.7,1.2,1.1,2014-06-18,0513,Aqua,MODIS,39,6.2,298.1,15,D,0
-14.0244,129.8604,327.4,1.1,1.1,2014-06-18,0513,Aqua,MODIS,55,6.2,302.6,20.7,D,0
-14.8437,125.3971,326,1.2,1.1,2014-06-18,0513,Aqua,MODIS,54,6.2,303.2,17.9,D,0
-14.8383,125.3634,317.5,1.2,1.1,2014-06-18,0513,Aqua,MODIS,15,6.2,300.5,8,D,0
-14.4812,130.1359,327.2,1.1,1.1,2014-06-18,0513,Aqua,MODIS,69,6.2,304.4,19.4,D,0
-14.0255,127.155,358.1,1,1,2014-06-18,0513,Aqua,MODIS,99,6.2,306.6,70.6,D,0
-14.9956,125.5612,321,1.1,1.1,2014-06-18,0513,Aqua,MODIS,63,6.2,301.5,12.5,D,0
-14.997,125.5506,338.8,1.1,1.1,2014-06-18,0513,Aqua,MODIS,88,6.2,303.7,40.9,D,0
-14.9649,125.5394,327.6,1.1,1.1,2014-06-18,0513,Aqua,MODIS,60,6.2,300.1,19.6,D,0
-14.9553,125.5381,370.5,1.1,1.1,2014-06-18,0513,Aqua,MODIS,100,6.2,304.9,130.9,D,0
-14.9567,125.5274,337,1.1,1.1,2014-06-18,0513,Aqua,MODIS,69,6.2,301.2,35,D,0
-14.7296,125.2472,345.1,1.2,1.1,2014-06-18,0513,Aqua,MODIS,92,6.2,302.1,56.7,D,0
-14.731,125.2363,322.3,1.2,1.1,2014-06-18,0513,Aqua,MODIS,71,6.2,300.4,15.3,D,0
-14.7199,125.2457,345.3,1.2,1.1,2014-06-18,0513,Aqua,MODIS,92,6.2,302.7,55.7,D,0
-14.7213,125.2348,326.1,1.2,1.1,2014-06-18,0513,Aqua,MODIS,44,6.2,301.3,18.9,D,0
-14.7101,125.2444,336.6,1.2,1.1,2014-06-18,0513,Aqua,MODIS,67,6.2,301.6,35.5,D,0
-14.7116,125.2335,341.5,1.2,1.1,2014-06-18,0513,Aqua,MODIS,79,6.2,303.4,45.6,D,0
-14.7004,125.2431,327.3,1.2,1.1,2014-06-18,0513,Aqua,MODIS,59,6.2,302.3,21.7,D,0
-15.05,125.6923,345.5,1.1,1.1,2014-06-18,0513,Aqua,MODIS,92,6.2,293.2,54.2,D,0
-15.0514,125.6819,384.3,1.1,1.1,2014-06-18,0513,Aqua,MODIS,100,6.2,304.8,195.3,D,0
-15.0528,125.6714,381,1.1,1.1,2014-06-18,0513,Aqua,MODIS,100,6.2,307.1,177.3,D,0
-15.0541,125.661,371.8,1.1,1.1,2014-06-18,0513,Aqua,MODIS,100,6.2,306,136.5,D,0
-15.0555,125.6506,318,1.1,1.1,2014-06-18,0513,Aqua,MODIS,42,6.2,301,9.4,D,0
-15.047,125.6864,348.1,1.1,1.1,2014-06-18,0513,Aqua,MODIS,94,6.2,298.5,59,D,0
-15.0484,125.676,334.3,1.1,1.1,2014-06-18,0513,Aqua,MODIS,65,6.2,303.3,29.4,D,0
-15.0498,125.6656,345.1,1.1,1.1,2014-06-18,0513,Aqua,MODIS,92,6.2,305.6,50.5,D,0
-15.0512,125.6552,331.3,1.1,1.1,2014-06-18,0513,Aqua,MODIS,82,6.2,303.2,24.8,D,0
-14.9797,125.8982,377,1.1,1,2014-06-18,0513,Aqua,MODIS,100,6.2,303.5,156,D,0
-14.9811,125.888,369.4,1.1,1,2014-06-18,0513,Aqua,MODIS,100,6.2,304.4,124.6,D,0
-14.9825,125.8776,314.8,1.1,1,2014-06-18,0513,Aqua,MODIS,31,6.2,298.7,7.9,D,0
-14.9838,125.8674,319.9,1.1,1,2014-06-18,0513,Aqua,MODIS,65,6.2,299.6,13.2,D,0
-14.973,125.8763,345.9,1.1,1,2014-06-18,0513,Aqua,MODIS,92,6.2,304,52.9,D,0
-14.9744,125.866,338.6,1.1,1,2014-06-18,0513,Aqua,MODIS,88,6.2,302.7,38.8,D,0
-14.7486,126.1092,339.1,1.1,1,2014-06-18,0513,Aqua,MODIS,88,6.2,304.8,36,D,0
-15.1151,125.8984,345.1,1.1,1,2014-06-18,0513,Aqua,MODIS,92,6.2,303.1,51.6,D,0
-12.7541,134.6251,312.8,2.5,1.5,2014-06-18,0513,Aqua,MODIS,40,6.2,291.7,23.3,D,0
-11.261,132.5623,314.5,1.8,1.3,2014-06-18,0513,Aqua,MODIS,47,6.2,294.5,12.7,D,0
-15.2713,125.9161,327.4,1.1,1,2014-06-18,0513,Aqua,MODIS,78,6.2,304.4,18.8,D,0
-12.8266,131.4177,349.2,1.4,1.2,2014-06-18,0513,Aqua,MODIS,94,6.2,302.8,84.7,D,0
-14.9689,125.9071,344.1,1.1,1,2014-06-18,0513,Aqua,MODIS,91,6.2,300.5,47.8,D,0
-14.9703,125.8969,358.9,1.1,1,2014-06-18,0513,Aqua,MODIS,99,6.2,306.1,86.2,D,0
-14.9716,125.8866,355.8,1.1,1,2014-06-18,0513,Aqua,MODIS,98,6.2,305.6,77.3,D,0
-14.9513,125.9666,336,1.1,1,2014-06-18,0513,Aqua,MODIS,86,6.2,304.4,32.8,D,0
-14.9527,125.9564,320.6,1.1,1,2014-06-18,0513,Aqua,MODIS,67,6.2,305.7,11.1,D,0
-14.9568,125.9261,320.6,1.1,1,2014-06-18,0513,Aqua,MODIS,40,6.2,301.4,10.1,D,0
-14.9581,125.9159,350.1,1.1,1,2014-06-18,0513,Aqua,MODIS,95,6.2,304.3,61.1,D,0
-14.9595,125.9058,341.8,1.1,1,2014-06-18,0513,Aqua,MODIS,90,6.2,302.8,41.1,D,0
-14.9609,125.8955,328.5,1.1,1,2014-06-18,0513,Aqua,MODIS,71,6.2,301.9,18.9,D,0
-14.9419,125.9652,332.6,1.1,1,2014-06-18,0513,Aqua,MODIS,83,6.2,304.4,27.2,D,0
-14.9433,125.9552,318.8,1.1,1,2014-06-18,0513,Aqua,MODIS,58,6.2,304.5,9.1,D,0
-14.9473,125.9248,335.7,1.1,1,2014-06-18,0513,Aqua,MODIS,85,6.2,303,31.3,D,0
-14.9487,125.9146,325.1,1.1,1,2014-06-18,0513,Aqua,MODIS,68,6.2,306.6,15.1,D,0
-12.5646,132.1002,326.6,1.6,1.2,2014-06-18,0513,Aqua,MODIS,60,6.2,298.4,29.1,D,0
-15.1138,125.9087,349.4,1.1,1,2014-06-18,0513,Aqua,MODIS,94,6.2,303.2,60.9,D,0
-15.1075,125.9116,349.9,1.1,1,2014-06-18,0513,Aqua,MODIS,95,6.2,304,61.8,D,0
-15.1089,125.9014,351.1,1.1,1,2014-06-18,0513,Aqua,MODIS,95,6.2,306.2,65.6,D,0
-15.1103,125.891,316.8,1.1,1,2014-06-18,0513,Aqua,MODIS,39,6.2,302.7,8,D,0
-15.0981,125.9103,317.2,1.1,1,2014-06-18,0513,Aqua,MODIS,26,6.2,302.2,7.3,D,0
-11.6141,130.6832,318.2,1.3,1.1,2014-06-18,0513,Aqua,MODIS,66,6.2,293.3,16.1,D,0
-12.5669,132.3004,324.4,1.7,1.3,2014-06-18,0513,Aqua,MODIS,64,6.2,298.3,27.2,D,0
-12.7617,134.6214,313.2,2.5,1.5,2014-06-18,0513,Aqua,MODIS,35,6.2,291.5,23.5,D,0
-15.2727,125.9058,318.6,1.1,1.1,2014-06-18,0513,Aqua,MODIS,54,6.2,304.4,7.8,D,0
-11.6225,130.697,314.2,1.3,1.1,2014-06-18,0513,Aqua,MODIS,41,6.2,291.8,10.1,D,0
-12.8219,131.41,332,1.4,1.2,2014-06-18,0513,Aqua,MODIS,82,6.2,303,34.6,D,0
-12.8198,131.423,327.2,1.4,1.2,2014-06-18,0513,Aqua,MODIS,77,6.2,302.6,24.3,D,0
-14.9344,125.6209,331.3,1.1,1.1,2014-06-18,0513,Aqua,MODIS,82,6.2,301.6,25.2,D,0
-14.3993,130.0098,320.1,1.1,1.1,2014-06-18,0513,Aqua,MODIS,47,6.2,305.4,8.5,D,0
-14.2436,130.292,334.8,1.2,1.1,2014-06-18,0513,Aqua,MODIS,84,6.2,305.6,30.7,D,0
-14.242,130.3028,360.2,1.2,1.1,2014-06-18,0513,Aqua,MODIS,100,6.2,306.3,95.7,D,0
-14.1988,130.4527,324,1.2,1.1,2014-06-18,0513,Aqua,MODIS,53,6.2,304,10.6,D,0
-14.2005,130.4416,325.2,1.2,1.1,2014-06-18,0513,Aqua,MODIS,56,6.2,303.4,12.7,D,0
-14.3798,130.3322,324.2,1.2,1.1,2014-06-18,0513,Aqua,MODIS,71,6.2,302.7,16.7,D,0
-14.2067,130.275,322.3,1.2,1.1,2014-06-18,0513,Aqua,MODIS,27,6.2,305,9.9,D,0
-15.0547,126.0181,318.2,1.1,1,2014-06-18,0513,Aqua,MODIS,29,6.2,303.7,7.2,D,0
-14.064,129.92,319.4,1.1,1.1,2014-06-18,0513,Aqua,MODIS,61,6.2,299.8,13.1,D,0
-14.2053,130.2691,324.6,1.2,1.1,2014-06-18,0513,Aqua,MODIS,72,6.2,304.8,11.2,D,0
-15.0172,126.0128,317.1,1.1,1,2014-06-18,0513,Aqua,MODIS,28,6.2,302.8,6.8,D,0
-14.4607,130.0146,330.8,1.1,1.1,2014-06-18,0513,Aqua,MODIS,60,6.2,304.7,20.6,D,0
-14.4575,130.0354,326,1.1,1.1,2014-06-18,0513,Aqua,MODIS,68,6.2,304.3,14.2,D,0
-14.9397,125.6538,321.4,1.1,1.1,2014-06-18,0513,Aqua,MODIS,61,6.2,303.2,11.8,D,0
-14.0612,130.4745,328.4,1.2,1.1,2014-06-18,0513,Aqua,MODIS,36,6.2,305.1,15.6,D,0
-14.4591,130.025,327.7,1.1,1.1,2014-06-18,0513,Aqua,MODIS,62,6.2,303.4,16,D,0
-14.1613,130.3624,321,1.2,1.1,2014-06-18,0513,Aqua,MODIS,54,6.2,306.4,9.3,D,0
-14.2575,129.8578,341.2,1.1,1.1,2014-06-18,0513,Aqua,MODIS,89,6.2,304.3,41.5,D,0
-14.4477,130.1629,322.9,1.1,1.1,2014-06-18,0513,Aqua,MODIS,37,6.2,304.1,10.5,D,0
-14.0531,130.4618,350.9,1.2,1.1,2014-06-18,0513,Aqua,MODIS,95,6.2,304.1,67.6,D,0
-14.0549,130.4507,327.3,1.2,1.1,2014-06-18,0513,Aqua,MODIS,61,6.2,301.5,18.6,D,0
-14.4572,129.8187,331.3,1.1,1.1,2014-06-18,0513,Aqua,MODIS,78,6.2,306.2,21.9,D,0
-14.2071,129.9344,348,1.1,1.1,2014-06-18,0513,Aqua,MODIS,93,6.2,304.8,58.3,D,0
-12.9876,130.5419,326.3,1.3,1.1,2014-06-18,0513,Aqua,MODIS,60,6.2,305.9,16.3,D,0
-14.2406,129.4618,321.2,1.1,1,2014-06-18,0513,Aqua,MODIS,67,6.2,298,13.5,D,0
-14.4623,129.8148,352.2,1.1,1,2014-06-18,0513,Aqua,MODIS,96,6.2,305.8,63.7,D,0
-14.0656,129.9096,338.8,1.1,1.1,2014-06-18,0513,Aqua,MODIS,87,6.2,304,42.9,D,0
-14.4587,129.8085,330.1,1.1,1,2014-06-18,0513,Aqua,MODIS,76,6.2,303.8,21.5,D,0
-14.1992,129.9224,332.6,1.1,1.1,2014-06-18,0513,Aqua,MODIS,82,6.2,304.7,28.6,D,0
-14.1976,129.9328,324.4,1.1,1.1,2014-06-18,0513,Aqua,MODIS,72,6.2,304.1,16.8,D,0
-14.9968,125.9836,317.1,1.1,1,2014-06-18,0513,Aqua,MODIS,41,6.2,303.8,6.7,D,0
-13.0697,130.143,338,1.2,1.1,2014-06-18,0513,Aqua,MODIS,87,6.2,299.3,39.6,D,0
-13.0714,130.1322,322,1.2,1.1,2014-06-18,0513,Aqua,MODIS,38,6.2,298.3,12.3,D,0
-14.1724,129.9073,322.9,1.1,1.1,2014-06-18,0513,Aqua,MODIS,62,6.2,302.2,13.4,D,0
-13.8912,130.514,321.2,1.2,1.1,2014-06-18,0513,Aqua,MODIS,32,6.2,304.4,7.3,D,0
-14.1976,129.8692,321.3,1.1,1.1,2014-06-18,0513,Aqua,MODIS,58,6.2,301,14,D,0
-14.1961,129.8795,320.1,1.1,1.1,2014-06-18,0513,Aqua,MODIS,42,6.2,301.4,11.9,D,0
-14.2087,129.924,352.4,1.1,1.1,2014-06-18,0513,Aqua,MODIS,96,6.2,303.9,69.7,D,0
-14.3811,130.338,324.2,1.2,1.1,2014-06-18,0513,Aqua,MODIS,69,6.2,302.2,16.4,D,0
-13.6676,132.4601,327.7,1.6,1.3,2014-06-18,0513,Aqua,MODIS,78,6.2,300,36,D,0
-14.0159,132.24,326,1.6,1.2,2014-06-18,0513,Aqua,MODIS,73,6.2,301,24.4,D,0
-13.7378,132.8786,342.5,1.8,1.3,2014-06-18,0513,Aqua,MODIS,90,6.2,299.1,82.6,D,0
-13.4677,132.2115,378.7,1.6,1.2,2014-06-18,0513,Aqua,MODIS,100,6.2,300,267.1,D,0
-13.3918,132.1772,340.5,1.6,1.2,2014-06-18,0513,Aqua,MODIS,86,6.2,298.7,69.2,D,0
-13.3593,132.166,381,1.6,1.2,2014-06-18,0513,Aqua,MODIS,87,6.2,300,290.2,D,0
-13.3609,132.1572,341.5,1.6,1.2,2014-06-18,0513,Aqua,MODIS,78,6.2,292.2,74.3,D,0
-13.2888,132.3198,342.4,1.6,1.3,2014-06-18,0513,Aqua,MODIS,85,6.2,301.7,74,D,0
-13.9537,132.8308,320.9,1.7,1.3,2014-06-18,0513,Aqua,MODIS,49,6.2,300.8,16.1,D,0
-13.2776,132.3179,353.9,1.6,1.3,2014-06-18,0513,Aqua,MODIS,91,6.2,302.8,120.2,D,0
-14.1668,131.4415,324.8,1.4,1.2,2014-06-18,0513,Aqua,MODIS,61,6.2,308.8,17.3,D,0
-13.3981,132.2082,333.1,1.6,1.2,2014-06-18,0513,Aqua,MODIS,75,6.2,302.9,39.7,D,0
-13.8024,132.2792,351.7,1.6,1.2,2014-06-18,0513,Aqua,MODIS,96,6.2,302.3,105.8,D,0
-12.7913,131.1937,320.4,1.4,1.2,2014-06-18,0513,Aqua,MODIS,67,6.2,299.4,15.8,D,0
-13.5103,132.1597,340.5,1.6,1.2,2014-06-18,0513,Aqua,MODIS,89,6.2,297.9,61.8,D,0
-13.8298,132.8022,323,1.7,1.3,2014-06-18,0513,Aqua,MODIS,40,6.2,298.6,24.2,D,0
-14.1316,131.0762,328.1,1.3,1.1,2014-06-18,0513,Aqua,MODIS,58,6.2,305.7,19.9,D,0
-13.7515,133.0141,322.4,1.8,1.3,2014-06-18,0513,Aqua,MODIS,25,6.2,301.8,22.7,D,0
-13.3894,132.1918,361.2,1.6,1.2,2014-06-18,0513,Aqua,MODIS,100,6.2,304.9,154.1,D,0
-13.4969,132.1721,330,1.6,1.2,2014-06-18,0513,Aqua,MODIS,60,6.2,296.3,33.1,D,0
-13.9796,132.322,318.6,1.6,1.2,2014-06-18,0513,Aqua,MODIS,61,6.2,300.8,14.5,D,0
-13.3317,132.3329,331.1,1.6,1.3,2014-06-18,0513,Aqua,MODIS,81,6.2,300.2,39.2,D,0
-13.3337,132.3275,328.3,1.6,1.3,2014-06-18,0513,Aqua,MODIS,77,6.2,298.7,31.1,D,0
-13.4741,132.2427,326.6,1.6,1.2,2014-06-18,0513,Aqua,MODIS,53,6.2,300,24.2,D,0
-13.6477,131.8026,318.4,1.5,1.2,2014-06-18,0513,Aqua,MODIS,50,6.2,301,8.3,D,0
-13.3927,131.0884,330.9,1.3,1.1,2014-06-18,0513,Aqua,MODIS,70,6.2,301.8,27.9,D,0
-13.2595,132.149,331.4,1.6,1.2,2014-06-18,0513,Aqua,MODIS,51,6.2,301.2,36.7,D,0
-13.9679,133.5535,316.6,1.9,1.4,2014-06-18,0513,Aqua,MODIS,54,6.2,293.2,21.3,D,0
-13.685,132.6354,325.1,1.7,1.3,2014-06-18,0513,Aqua,MODIS,58,6.2,300.6,27.6,D,0
-13.3946,131.0764,323.4,1.3,1.1,2014-06-18,0513,Aqua,MODIS,27,6.2,299.8,14.6,D,0
-13.5236,132.1473,333,1.6,1.2,2014-06-18,0513,Aqua,MODIS,67,6.2,297.8,44.7,D,0
-13.2588,132.1422,336,1.6,1.2,2014-06-18,0513,Aqua,MODIS,67,6.2,302.4,48.3,D,0
-13.5259,132.133,351.8,1.6,1.2,2014-06-18,0513,Aqua,MODIS,96,6.2,295.8,113.1,D,0
-13.5126,132.1454,332.7,1.6,1.2,2014-06-18,0513,Aqua,MODIS,64,6.2,298.2,43.8,D,0
-13.7334,132.9776,333.4,1.8,1.3,2014-06-18,0513,Aqua,MODIS,68,6.2,302.3,49.6,D,0
-13.7217,132.9756,327,1.8,1.3,2014-06-18,0513,Aqua,MODIS,61,6.2,301.1,31.4,D,0
-13.8198,132.312,323.2,1.6,1.2,2014-06-18,0513,Aqua,MODIS,10,6.2,302,17.8,D,0
-13.4767,131.45,323.7,1.4,1.2,2014-06-18,0513,Aqua,MODIS,23,6.2,302.8,14.4,D,0
-13.2477,132.1402,350.5,1.6,1.2,2014-06-18,0513,Aqua,MODIS,95,6.2,303.3,101.6,D,0
-13.7244,132.9593,327.1,1.8,1.3,2014-06-18,0513,Aqua,MODIS,66,6.2,301.4,33.5,D,0
-13.7127,132.9572,326.8,1.8,1.3,2014-06-18,0513,Aqua,MODIS,77,6.2,300.5,33.6,D,0
-13.7154,132.941,337.2,1.8,1.3,2014-06-18,0513,Aqua,MODIS,87,6.2,301,65.5,D,0
-13.7181,132.9249,331.8,1.8,1.3,2014-06-18,0513,Aqua,MODIS,82,6.2,300.6,48.4,D,0
-12.962,132.7703,318.8,1.8,1.3,2014-06-18,0513,Aqua,MODIS,51,6.2,298.1,18.7,D,0
-13.5535,131.6842,328.7,1.5,1.2,2014-06-18,0513,Aqua,MODIS,78,6.2,303.1,28.8,D,0
-13.5322,131.6468,321.3,1.4,1.2,2014-06-18,0513,Aqua,MODIS,52,6.2,302.8,10.1,D,0
-13.4915,131.4921,321.5,1.4,1.2,2014-06-18,0513,Aqua,MODIS,61,6.2,303,12.2,D,0
-13.4802,132.4783,322.1,1.7,1.3,2014-06-18,0513,Aqua,MODIS,59,6.2,300.4,19.8,D,0
-13.4829,132.4733,317.2,1.7,1.3,2014-06-18,0513,Aqua,MODIS,41,6.2,300.1,11.4,D,0
-13.7208,132.9087,324,1.8,1.3,2014-06-18,0513,Aqua,MODIS,71,6.2,298.6,26.5,D,0
-13.5041,132.6873,318.5,1.7,1.3,2014-06-18,0513,Aqua,MODIS,62,6.2,299.3,12.7,D,0
-13.1797,132.1378,347.9,1.6,1.2,2014-06-18,0513,Aqua,MODIS,93,6.2,304.6,93.7,D,0
-13.1774,132.1524,359.6,1.6,1.2,2014-06-18,0513,Aqua,MODIS,99,6.2,304.7,145.8,D,0
-13.7262,132.8765,336.3,1.8,1.3,2014-06-18,0513,Aqua,MODIS,85,6.2,300.1,60.4,D,0
-13.7289,132.8605,328.3,1.7,1.3,2014-06-18,0513,Aqua,MODIS,69,6.2,299.1,37.6,D,0
-13.7405,132.8625,330.4,1.7,1.3,2014-06-18,0513,Aqua,MODIS,65,6.2,298,42.4,D,0
-13.1751,132.167,366,1.6,1.2,2014-06-18,0513,Aqua,MODIS,100,6.2,304.8,183.5,D,0
-13.1728,132.1816,335.8,1.6,1.2,2014-06-18,0513,Aqua,MODIS,85,6.2,302.5,52.4,D,0
-13.1812,132.1288,369.8,1.6,1.2,2014-06-18,0513,Aqua,MODIS,100,6.2,303.4,206,D,0
-13.7361,132.9613,333,1.8,1.3,2014-06-18,0513,Aqua,MODIS,82,6.2,300.8,51.8,D,0
-13.7038,132.939,334.7,1.8,1.3,2014-06-18,0513,Aqua,MODIS,85,6.2,300.7,56.4,D,0
-13.7065,132.9228,326.1,1.8,1.3,2014-06-18,0513,Aqua,MODIS,55,6.2,300.2,29.8,D,0
-13.797,132.3014,327.6,1.6,1.2,2014-06-18,0513,Aqua,MODIS,70,6.2,301.2,29.1,D,0
-13.7994,132.2868,347.8,1.6,1.2,2014-06-18,0513,Aqua,MODIS,93,6.2,302.9,91.7,D,0
-13.6824,132.6512,328.9,1.7,1.3,2014-06-18,0513,Aqua,MODIS,70,6.2,303,36.4,D,0
-13.1788,132.1432,351.4,1.6,1.2,2014-06-18,0513,Aqua,MODIS,95,6.2,304.1,106.2,D,0
-13.8017,132.2724,327.3,1.6,1.2,2014-06-18,0513,Aqua,MODIS,77,6.2,301.1,27.6,D,0
-13.5765,130.771,323.4,1.3,1.1,2014-06-18,0513,Aqua,MODIS,54,6.2,302.7,12.3,D,0
-13.2343,132.1528,348.2,1.6,1.2,2014-06-18,0513,Aqua,MODIS,92,6.2,300.5,91.9,D,0
-13.2439,132.312,324.9,1.6,1.3,2014-06-18,0513,Aqua,MODIS,60,6.2,301.2,21.4,D,0
-13.9029,132.3614,325.2,1.6,1.2,2014-06-18,0513,Aqua,MODIS,74,6.2,299.9,27.5,D,0
-13.7547,132.8486,367.6,1.7,1.3,2014-06-18,0513,Aqua,MODIS,100,6.2,299.8,217.3,D,0
-13.4005,132.1937,342.1,1.6,1.2,2014-06-18,0513,Aqua,MODIS,90,6.2,302.7,72.1,D,0
-13.1764,132.1579,371,1.6,1.2,2014-06-18,0513,Aqua,MODIS,100,6.2,304.2,211.1,D,0
-13.174,132.1724,358.6,1.6,1.2,2014-06-18,0513,Aqua,MODIS,99,6.2,303.8,140.7,D,0
-13.2443,132.3052,326,1.6,1.3,2014-06-18,0513,Aqua,MODIS,44,6.2,300.6,22.4,D,0
-13.322,132.1151,341.2,1.6,1.2,2014-06-18,0513,Aqua,MODIS,73,6.2,297.2,69.7,D,0
-13.7663,132.8508,362.4,1.7,1.3,2014-06-18,0513,Aqua,MODIS,100,6.2,300.5,179.5,D,0
-13.3109,132.1132,360.8,1.6,1.2,2014-06-18,0513,Aqua,MODIS,100,6.2,300.5,151.1,D,0
-13.1716,132.187,324.4,1.6,1.2,2014-06-18,0513,Aqua,MODIS,72,6.2,301.4,22.5,D,0
-13.1899,132.145,361.6,1.6,1.2,2014-06-18,0513,Aqua,MODIS,100,6.2,301,153.4,D,0
-13.7637,132.8667,345.3,1.7,1.3,2014-06-18,0513,Aqua,MODIS,92,6.2,300.4,93.7,D,0
-13.1875,132.1597,356.8,1.6,1.2,2014-06-18,0513,Aqua,MODIS,98,6.2,298.1,125.4,D,0
-13.6497,132.4362,319.6,1.6,1.3,2014-06-18,0513,Aqua,MODIS,36,6.2,299.7,16.3,D,0
-13.5888,132.2383,343.5,1.6,1.2,2014-06-18,0513,Aqua,MODIS,91,6.2,301.5,75,D,0
-13.1851,132.1743,355.2,1.6,1.2,2014-06-18,0513,Aqua,MODIS,97,6.2,302.1,118,D,0
-13.1827,132.1889,343.4,1.6,1.2,2014-06-18,0513,Aqua,MODIS,88,6.2,302.3,72.6,D,0
-13.1962,132.1762,390.9,1.6,1.2,2014-06-18,0513,Aqua,MODIS,100,6.2,305.1,371.8,D,0
-13.1939,132.1908,341.8,1.6,1.2,2014-06-18,0513,Aqua,MODIS,62,6.2,302.6,65.2,D,0
-13.5911,132.224,352.7,1.6,1.2,2014-06-18,0513,Aqua,MODIS,96,6.2,302.1,109.2,D,0
-13.2138,132.2092,363,1.6,1.2,2014-06-18,0513,Aqua,MODIS,100,6.2,299.7,167.7,D,0
-13.2376,132.2806,340,1.6,1.3,2014-06-18,0513,Aqua,MODIS,88,6.2,299.9,63.6,D,0
-13.2351,132.2953,325.4,1.6,1.3,2014-06-18,0513,Aqua,MODIS,34,6.2,299.6,20.8,D,0
-13.2464,132.2971,322.9,1.6,1.3,2014-06-18,0513,Aqua,MODIS,37,6.2,300.2,17,D,0
-13.4518,132.2391,328.4,1.6,1.2,2014-06-18,0513,Aqua,MODIS,69,6.2,303.1,23.9,D,0
-13.4542,132.2245,349.5,1.6,1.2,2014-06-18,0513,Aqua,MODIS,94,6.2,303.6,92.3,D,0
-13.4566,132.2097,361.1,1.6,1.2,2014-06-18,0513,Aqua,MODIS,100,6.2,299.3,154.9,D,0
-13.3561,132.1861,399.6,1.6,1.2,2014-06-18,0513,Aqua,MODIS,100,6.2,307.5,467.4,D,0
-13.345,132.1842,345.4,1.6,1.2,2014-06-18,0513,Aqua,MODIS,87,6.2,303,81.6,D,0
-13.357,132.1805,400.2,1.6,1.2,2014-06-18,0513,Aqua,MODIS,94,6.2,308.5,475,D,0
-13.3459,132.1786,349.7,1.6,1.2,2014-06-18,0513,Aqua,MODIS,82,6.2,301.6,98.6,D,0
-13.3325,132.1913,325.5,1.6,1.2,2014-06-18,0513,Aqua,MODIS,69,6.2,301.5,23.3,D,0
-13.3348,132.1767,338.1,1.6,1.2,2014-06-18,0513,Aqua,MODIS,37,6.2,301.5,54.6,D,0
-13.3214,132.1894,327.3,1.6,1.2,2014-06-18,0513,Aqua,MODIS,77,6.2,301.4,28.3,D,0
-13.3237,132.1748,356.3,1.6,1.2,2014-06-18,0513,Aqua,MODIS,92,6.2,302.5,124.4,D,0
-13.3103,132.1875,319.5,1.6,1.2,2014-06-18,0513,Aqua,MODIS,63,6.2,300.7,13.9,D,0
-13.3126,132.1729,338.8,1.6,1.2,2014-06-18,0513,Aqua,MODIS,46,6.2,303.3,55.5,D,0
-13.4431,132.2226,334.7,1.6,1.2,2014-06-18,0513,Aqua,MODIS,60,6.2,303.1,38.7,D,0
-13.09,132.1974,323.3,1.6,1.2,2014-06-18,0513,Aqua,MODIS,62,6.2,302,19.4,D,0
-13.4455,132.2079,370.6,1.6,1.2,2014-06-18,0513,Aqua,MODIS,100,6.2,301.7,209.9,D,0
-12.3119,132.6646,328.1,1.8,1.3,2014-06-18,0513,Aqua,MODIS,72,6.2,293.2,45.9,D,0
-13.4319,132.2207,334.6,1.6,1.2,2014-06-18,0513,Aqua,MODIS,81,6.2,303.4,39.9,D,0
-13.4344,132.2061,345,1.6,1.2,2014-06-18,0513,Aqua,MODIS,92,6.2,303,81.3,D,0
-13.3527,132.2756,325.2,1.6,1.2,2014-06-18,0513,Aqua,MODIS,43,6.2,303.3,22.1,D,0
-13.4894,131.5051,340.6,1.4,1.2,2014-06-18,0513,Aqua,MODIS,89,6.2,304.7,54.7,D,0
-13.1978,132.2367,320,1.6,1.2,2014-06-18,0513,Aqua,MODIS,48,6.2,301.8,13.8,D,0
-13.8,132.2937,342.1,1.6,1.2,2014-06-18,0513,Aqua,MODIS,90,6.2,302.1,68.7,D,0
-13.2002,132.222,335.4,1.6,1.2,2014-06-18,0513,Aqua,MODIS,85,6.2,302.6,50.3,D,0
-13.4368,132.1915,332.1,1.6,1.2,2014-06-18,0513,Aqua,MODIS,77,6.2,298.8,45.6,D,0
-13.4426,132.2158,352.1,1.6,1.2,2014-06-18,0513,Aqua,MODIS,96,6.2,303.8,102.4,D,0
-13.2026,132.2072,371.1,1.6,1.2,2014-06-18,0513,Aqua,MODIS,100,6.2,305.6,217,D,0
-13.4315,132.2139,342.1,1.6,1.2,2014-06-18,0513,Aqua,MODIS,90,6.2,304.1,64.8,D,0
-13.4338,132.1993,337.5,1.6,1.2,2014-06-18,0513,Aqua,MODIS,71,6.2,301.6,54.9,D,0
-13.4806,132.4877,318.8,1.7,1.3,2014-06-18,0513,Aqua,MODIS,53,6.2,300.5,14.9,D,0
-13.3503,132.2904,333.9,1.6,1.2,2014-06-18,0513,Aqua,MODIS,81,6.2,301.1,44.4,D,0
-13.3672,132.1879,390.9,1.6,1.2,2014-06-18,0513,Aqua,MODIS,100,6.2,305.3,376.2,D,0
-13.3783,132.1898,344.5,1.6,1.2,2014-06-18,0513,Aqua,MODIS,91,6.2,302.9,79,D,0
-12.6647,130.8309,318.5,1.3,1.1,2014-06-18,0513,Aqua,MODIS,20,6.2,300.7,9.5,D,0
-13.6699,132.4549,324.6,1.6,1.3,2014-06-18,0513,Aqua,MODIS,73,6.2,299.6,28.9,D,0
-13.3479,132.3051,356.9,1.6,1.3,2014-06-18,0513,Aqua,MODIS,98,6.2,300.1,135.9,D,0
-13.3639,132.2775,334.7,1.6,1.2,2014-06-18,0513,Aqua,MODIS,84,6.2,299.3,46.2,D,0
-13.4764,132.2281,341,1.6,1.2,2014-06-18,0513,Aqua,MODIS,89,6.2,298.4,63.7,D,0
-13.4629,132.2409,342.5,1.6,1.2,2014-06-18,0513,Aqua,MODIS,90,6.2,302.6,67.7,D,0
-13.4653,132.2263,352.9,1.6,1.2,2014-06-18,0513,Aqua,MODIS,96,6.2,299.7,108.7,D,0
-13.9999,130.8722,319.2,1.3,1.1,2014-06-18,0513,Aqua,MODIS,51,6.2,300.9,10.2,D,0
-13.6586,132.4529,326.4,1.6,1.3,2014-06-18,0513,Aqua,MODIS,72,6.2,300.3,31.5,D,0
-13.2114,132.2239,346.5,1.6,1.2,2014-06-18,0513,Aqua,MODIS,93,6.2,300.2,88.3,D,0
-13.3436,132.1932,328.6,1.6,1.2,2014-06-18,0513,Aqua,MODIS,78,6.2,302,30,D,0
-13.3585,132.1716,412.9,1.6,1.2,2014-06-18,0513,Aqua,MODIS,94,6.2,304.8,644.3,D,0
-13.3547,132.1951,355.1,1.6,1.2,2014-06-18,0513,Aqua,MODIS,97,6.2,303.7,119,D,0
-11.5123,132.7516,312.6,1.9,1.3,2014-06-18,0513,Aqua,MODIS,42,6.2,294.5,11.9,D,0
-13.7113,131.8479,319.1,1.5,1.2,2014-06-18,0513,Aqua,MODIS,48,6.2,302.2,10.1,D,0
-13.3201,132.3405,325.1,1.6,1.3,2014-06-18,0513,Aqua,MODIS,49,6.2,301.3,24.1,D,0
-13.2378,132.2739,331,1.6,1.3,2014-06-18,0513,Aqua,MODIS,76,6.2,299.7,37.4,D,0
-13.2242,132.2867,335.2,1.6,1.3,2014-06-18,0513,Aqua,MODIS,85,6.2,299.8,51.6,D,0
-13.2354,132.2887,333.9,1.6,1.3,2014-06-18,0513,Aqua,MODIS,83,6.2,299.7,44.4,D,0
-13.2219,132.3015,345.6,1.6,1.3,2014-06-18,0513,Aqua,MODIS,92,6.2,301,88.5,D,0
-13.1021,132.6753,317.5,1.7,1.3,2014-06-18,0513,Aqua,MODIS,54,6.2,298.5,16.4,D,0
-13.2331,132.3035,325.1,1.6,1.3,2014-06-18,0513,Aqua,MODIS,47,6.2,300.3,22.3,D,0
-13.2888,132.1095,371.2,1.6,1.2,2014-06-18,0513,Aqua,MODIS,100,6.2,299.6,212.5,D,0
-13.2366,132.1384,372.1,1.6,1.2,2014-06-18,0513,Aqua,MODIS,100,6.2,303.3,219,D,0
-13.25,132.1258,394.4,1.6,1.2,2014-06-18,0513,Aqua,MODIS,94,6.2,305.7,407.3,D,0
-13.4873,131.5181,326.6,1.4,1.2,2014-06-18,0513,Aqua,MODIS,76,6.2,304.2,21.8,D,0
-13.2619,132.1346,345.8,1.6,1.2,2014-06-18,0513,Aqua,MODIS,87,6.2,303.4,79.8,D,0
-13.315,132.1584,355.2,1.6,1.2,2014-06-18,0513,Aqua,MODIS,97,6.2,303.1,116.3,D,0
-13.5935,132.2096,330.9,1.6,1.2,2014-06-18,0513,Aqua,MODIS,81,6.2,301.7,34.5,D,0
-13.6989,133.3337,318.6,1.9,1.3,2014-06-18,0513,Aqua,MODIS,57,6.2,297.5,25.3,D,0
-13.3173,132.144,348.5,1.6,1.2,2014-06-18,0513,Aqua,MODIS,85,6.2,299.3,88.3,D,0
-13.3196,132.1295,359.6,1.6,1.2,2014-06-18,0513,Aqua,MODIS,99,6.2,298.5,143.7,D,0
-13.3086,132.1277,359.1,1.6,1.2,2014-06-18,0513,Aqua,MODIS,99,6.2,301.7,140.1,D,0
-13.2975,132.1258,333.2,1.6,1.2,2014-06-18,0513,Aqua,MODIS,39,6.2,301.5,40.7,D,0
-13.8367,132.6903,330.8,1.7,1.3,2014-06-18,0513,Aqua,MODIS,80,6.2,297.5,43.7,D,0
-13.2865,132.1239,359.7,1.6,1.2,2014-06-18,0513,Aqua,MODIS,99,6.2,303,139,D,0
-13.4092,132.2102,337.9,1.6,1.2,2014-06-18,0513,Aqua,MODIS,87,6.2,302.4,54.6,D,0
-13.4204,132.212,336.1,1.6,1.2,2014-06-18,0513,Aqua,MODIS,86,6.2,302.2,47,D,0
-14.1297,131.0881,348.6,1.3,1.1,2014-06-18,0513,Aqua,MODIS,94,6.2,303.7,69.3,D,0
-13.3537,132.2007,333.2,1.6,1.2,2014-06-18,0513,Aqua,MODIS,69,6.2,301.8,37.4,D,0
-13.3648,132.2025,341.9,1.6,1.2,2014-06-18,0513,Aqua,MODIS,90,6.2,303.2,64.9,D,0
-13.2754,132.122,346.5,1.6,1.2,2014-06-18,0513,Aqua,MODIS,87,6.2,301,82.4,D,0
-12.4462,130.6667,314.1,1.3,1.1,2014-06-18,0513,Aqua,MODIS,53,6.2,298.1,8.8,D,0
-12.619,132.1149,327.2,1.6,1.2,2014-06-18,0513,Aqua,MODIS,78,6.2,300,33.5,D,0
-12.6621,132.0621,322.7,1.6,1.2,2014-06-18,0513,Aqua,MODIS,48,6.2,300.6,21.1,D,0
-12.6206,132.1096,329.7,1.6,1.2,2014-06-18,0513,Aqua,MODIS,81,6.2,299.7,39.9,D,0
-12.9644,130.8875,331.5,1.3,1.1,2014-06-18,0513,Aqua,MODIS,70,6.2,303.8,26.5,D,0
-12.5782,132.0875,320.5,1.6,1.2,2014-06-18,0513,Aqua,MODIS,23,6.2,298.2,16.9,D,0
-12.6557,132.0312,319,1.6,1.2,2014-06-18,0513,Aqua,MODIS,43,6.2,298.6,12.7,D,0
-12.7039,132.4467,315.7,1.7,1.3,2014-06-18,0513,Aqua,MODIS,48,6.2,298.8,12.2,D,0
-12.7421,130.8631,325.3,1.3,1.1,2014-06-18,0513,Aqua,MODIS,43,6.2,301.5,17,D,0
-12.8367,131.9072,324.6,1.5,1.2,2014-06-18,0513,Aqua,MODIS,36,6.2,300.5,20.1,D,0
-12.4481,130.6549,312.5,1.3,1.1,2014-06-18,0513,Aqua,MODIS,47,6.2,297.4,7.2,D,0
-12.8284,131.4379,333.7,1.4,1.2,2014-06-18,0513,Aqua,MODIS,84,6.2,301.1,37,D,0
-12.9626,130.8996,331.9,1.3,1.1,2014-06-18,0513,Aqua,MODIS,74,6.2,301.7,26.5,D,0
-13.0454,130.8204,326.6,1.3,1.1,2014-06-18,0513,Aqua,MODIS,60,6.2,302,18.8,D,0
-13.0473,130.8085,322.9,1.3,1.1,2014-06-18,0513,Aqua,MODIS,42,6.2,304.2,11.9,D,0
-12.6207,132.3152,326.2,1.7,1.3,2014-06-18,0513,Aqua,MODIS,63,6.2,298.4,31,D,0
-12.7893,131.2063,315,1.4,1.2,2014-06-18,0513,Aqua,MODIS,37,6.2,299.3,7.8,D,0
-12.8304,131.4249,341.4,1.4,1.2,2014-06-18,0513,Aqua,MODIS,90,6.2,302.4,57.7,D,0
-12.6597,132.0767,332.6,1.6,1.2,2014-06-18,0513,Aqua,MODIS,83,6.2,300.5,46.4,D,0
-12.5758,132.1021,321.6,1.6,1.2,2014-06-18,0513,Aqua,MODIS,56,6.2,299.5,19.5,D,0
-12.8245,131.4307,353.1,1.4,1.2,2014-06-18,0513,Aqua,MODIS,96,6.2,302.4,98.9,D,0
-12.5758,131.1526,316.8,1.4,1.2,2014-06-18,0513,Aqua,MODIS,64,6.2,299,9.7,D,0
-12.6573,132.0913,319.1,1.6,1.2,2014-06-18,0513,Aqua,MODIS,52,6.2,299.1,15.3,D,0
-12.6533,132.0457,337,1.6,1.2,2014-06-18,0513,Aqua,MODIS,87,6.2,300.7,57.1,D,0
-12.6645,132.0475,327.7,1.6,1.2,2014-06-18,0513,Aqua,MODIS,78,6.2,299.6,32.2,D,0
-12.6628,130.843,321.1,1.3,1.1,2014-06-18,0513,Aqua,MODIS,53,6.2,298.9,14.3,D,0
-12.6093,132.3132,324.9,1.7,1.3,2014-06-18,0513,Aqua,MODIS,66,6.2,299.6,28.2,D,0
-12.6214,132.1003,317.4,1.6,1.2,2014-06-18,0513,Aqua,MODIS,54,6.2,298.2,13.2,D,0
-12.8368,131.9128,327.4,1.5,1.2,2014-06-18,0513,Aqua,MODIS,64,6.2,300.6,27,D,0
-13.9519,142.6773,302.4,1.1,1,2014-06-18,1259,Terra,MODIS,49,6.2,290.4,5,N,0
-13.9587,142.6264,305.2,1.1,1,2014-06-18,1259,Terra,MODIS,63,6.2,290.4,7.2,N,0
-12.5442,141.9083,303.2,1.2,1.1,2014-06-18,1300,Terra,MODIS,54,6.2,291.3,4.9,N,0
-12.5414,141.9294,312.1,1.2,1.1,2014-06-18,1300,Terra,MODIS,84,6.2,291.2,12,N,0
-22.8325,121.898,304.7,1,1,2014-06-18,1436,Terra,MODIS,33,6.2,283.4,8.6,N,0
-19.6276,131.0937,300.6,3.7,1.8,2014-06-18,1436,Terra,MODIS,31,6.2,285.6,40.8,N,0
-22.8145,121.895,301.9,1,1,2014-06-18,1436,Terra,MODIS,13,6.2,283.7,6.5,N,0
-21.0006,120.7479,307,1,1,2014-06-18,1436,Terra,MODIS,70,6.2,283.7,10.5,N,0
-21.0322,120.6534,318.9,1,1,2014-06-18,1436,Terra,MODIS,70,6.2,287.9,18,N,0
-21.8338,120.0208,304.6,1.1,1,2014-06-18,1436,Terra,MODIS,61,6.2,281.8,10.3,N,0
-21.0023,120.6686,309.5,1,1,2014-06-18,1436,Terra,MODIS,45,6.2,286.7,10.9,N,0
-21.0231,120.6519,321.7,1,1,2014-06-18,1436,Terra,MODIS,67,6.2,287.5,20.5,N,0
-21.0446,120.6911,309.9,1,1,2014-06-18,1436,Terra,MODIS,79,6.2,284.6,11.6,N,0
-21.0953,120.6594,302.4,1,1,2014-06-18,1436,Terra,MODIS,49,6.2,286.6,6.7,N,0
-21.0036,120.6588,320.3,1,1,2014-06-18,1436,Terra,MODIS,100,6.2,285.7,20,N,0
-19.0946,121.9268,310.4,1,1,2014-06-18,1437,Terra,MODIS,80,6.2,284.7,12.5,N,0
-14.7018,126.187,305.3,2,1.4,2014-06-18,1438,Terra,MODIS,64,6.2,290.7,17.9,N,0
-14.6927,126.1659,304.4,2,1.4,2014-06-18,1438,Terra,MODIS,60,6.2,289.8,16.6,N,0
-14.705,126.1681,310.1,2,1.4,2014-06-18,1438,Terra,MODIS,79,6.2,290.3,26.7,N,0
-16.0474,125.4493,300.4,1.7,1.3,2014-06-18,1438,Terra,MODIS,28,6.2,288.2,9.9,N,0
-14.9548,125.9285,310.5,1.9,1.3,2014-06-18,1438,Terra,MODIS,80,6.2,289.5,26.7,N,0
-14.9428,125.9262,310.4,1.9,1.3,2014-06-18,1438,Terra,MODIS,80,6.2,289.6,26.8,N,0
-15.8381,124.9025,302.2,1.5,1.2,2014-06-18,1438,Terra,MODIS,32,6.2,289.4,9.6,N,0
-15.8514,124.8899,304.6,1.5,1.2,2014-06-18,1438,Terra,MODIS,34,6.2,289.6,12.7,N,0
-15.708,124.8593,300.9,1.5,1.2,2014-06-18,1438,Terra,MODIS,26,6.2,288.6,8.4,N,0
-13.9908,127.1077,305.9,2.4,1.5,2014-06-18,1438,Terra,MODIS,39,6.2,290.3,24.5,N,0
-15.7056,124.8736,301.8,1.5,1.2,2014-06-18,1438,Terra,MODIS,35,6.2,288.8,9.4,N,0
-15.8405,124.888,305.4,1.5,1.2,2014-06-18,1438,Terra,MODIS,55,6.2,288.6,13.6,N,0
-15.7049,124.8669,300.7,1.5,1.2,2014-06-18,1438,Terra,MODIS,13,6.2,288.3,6.7,N,0
-15.7979,124.9396,301.1,1.6,1.2,2014-06-18,1438,Terra,MODIS,37,6.2,289.3,8.8,N,0
-13.9869,127.1302,309.5,2.4,1.5,2014-06-18,1438,Terra,MODIS,66,6.2,290.7,31.8,N,0
-14.625,132.452,300.4,3,1.6,2014-06-18,1604,Aqua,MODIS,27,6.2,288.6,20.2,N,0
-14.6259,132.4473,300.2,3,1.6,2014-06-18,1604,Aqua,MODIS,21,6.2,288.7,19.7,N,0
-19.2731,131.296,319.2,2.9,1.6,2014-06-18,1605,Aqua,MODIS,98,6.2,285.6,94.8,N,0
-19.2599,131.3067,300.9,2.9,1.6,2014-06-18,1605,Aqua,MODIS,36,6.2,285.7,31.5,N,0
-19.2676,131.2685,322,2.9,1.6,2014-06-18,1605,Aqua,MODIS,100,6.2,286.2,108.4,N,0
-19.2546,131.2791,321.4,2.9,1.6,2014-06-18,1605,Aqua,MODIS,100,6.2,286.3,105.4,N,0
-19.2744,131.3036,303.2,2.9,1.6,2014-06-18,1605,Aqua,MODIS,54,6.2,284.6,38,N,0
-19.253,131.2715,310.9,2.9,1.6,2014-06-18,1605,Aqua,MODIS,81,6.2,284.9,61.7,N,0
-19.2692,131.2761,328.1,2.9,1.6,2014-06-18,1605,Aqua,MODIS,100,6.2,286.6,141.2,N,0
-19.2585,131.2991,311.7,2.9,1.6,2014-06-18,1605,Aqua,MODIS,83,6.2,286.2,64.1,N,0
-19.4037,131.1756,301.2,3,1.6,2014-06-18,1605,Aqua,MODIS,38,6.2,285,35.8,N,0
-21.0029,120.6752,303.8,1.9,1.4,2014-06-18,1744,Aqua,MODIS,57,6.2,283.8,21.3,N,0
-21.0302,120.665,300.7,1.9,1.4,2014-06-18,1744,Aqua,MODIS,23,6.2,284.6,16.8,N,0
-20.5902,116.7867,309.7,1.1,1,2014-06-18,1744,Aqua,MODIS,78,6.2,290,12.3,N,2
-26.8859,150.3566,305.6,1.5,1.2,2014-06-18,2354,Terra,MODIS,62,6.2,289.8,11.5,D,0
-31.226,149.5811,300.8,1.4,1.2,2014-06-18,2355,Terra,MODIS,42,6.2,286.1,7.8,D,0
-34.4566,150.8784,303.1,1.1,1,2014-06-18,2356,Terra,MODIS,42,6.2,290.4,6.2,D,2
-13.2333,132.1771,335.5,1,1,2014-06-19,0128,Terra,MODIS,66,6.2,290.7,31.1,D,0
-13.0917,132.2117,321.1,1,1,2014-06-19,0128,Terra,MODIS,76,6.2,295.5,12.2,D,0
-13.1599,132.1165,330.7,1,1,2014-06-19,0128,Terra,MODIS,64,6.2,287.1,25.3,D,0
-12.5605,132.1201,318,1.1,1,2014-06-19,0128,Terra,MODIS,48,6.2,297.5,8.4,D,0
-14.9537,125.8967,324.1,2.4,1.5,2014-06-19,0129,Terra,MODIS,78,6.2,294.8,61.6,D,0
-14.9484,125.8912,325.6,2.4,1.5,2014-06-19,0129,Terra,MODIS,79,6.2,295.3,68.4,D,0
-14.9525,125.9137,311.8,2.4,1.5,2014-06-19,0129,Terra,MODIS,25,6.2,292.8,19.7,D,0
-15.7172,129.2454,313.1,1.3,1.1,2014-06-19,0129,Terra,MODIS,25,6.2,297.1,6.6,D,0
-15.7275,129.2438,313.5,1.3,1.1,2014-06-19,0129,Terra,MODIS,47,6.2,297,7.5,D,0
-14.3813,132.5763,315.6,1,1,2014-06-19,0129,Terra,MODIS,55,6.2,297.9,5.8,D,0
-13.4576,132.2558,321,1,1,2014-06-19,0129,Terra,MODIS,76,6.2,289.6,11,D,0
-14.1719,131.4432,320.8,1.1,1,2014-06-19,0129,Terra,MODIS,55,6.2,299.5,10.6,D,0
-13.3101,131.8934,316.7,1.1,1,2014-06-19,0129,Terra,MODIS,69,6.2,287.5,8.5,D,0
-13.3569,132.1999,318.3,1,1,2014-06-19,0129,Terra,MODIS,62,6.2,286.6,10.6,D,0
-15.4677,131.8441,316.1,1,1,2014-06-19,0129,Terra,MODIS,56,6.2,300.2,6,D,0
-13.7844,132.2862,323.4,1,1,2014-06-19,0129,Terra,MODIS,78,6.2,291.9,14.3,D,0
-13.7712,132.2558,352.5,1,1,2014-06-19,0129,Terra,MODIS,73,6.2,293.9,61.9,D,0
-13.7698,132.2463,371.3,1,1,2014-06-19,0129,Terra,MODIS,87,6.2,294.8,116.1,D,0
-13.7016,132.835,332.3,1,1,2014-06-19,0129,Terra,MODIS,50,6.2,296.6,21.9,D,0
-13.4895,132.1669,315.2,1,1,2014-06-19,0129,Terra,MODIS,66,6.2,284.6,6.5,D,0
-13.4341,132.1626,317.7,1,1,2014-06-19,0129,Terra,MODIS,71,6.2,283.2,9.8,D,0
-13.4326,132.153,318.9,1,1,2014-06-19,0129,Terra,MODIS,73,6.2,283.2,11.3,D,0
-13.9769,132.3399,318.1,1,1,2014-06-19,0129,Terra,MODIS,69,6.2,294.9,8,D,0
-13.7673,132.8438,322.8,1,1,2014-06-19,0129,Terra,MODIS,73,6.2,295.5,12.2,D,0
-13.7687,132.853,317.3,1,1,2014-06-19,0129,Terra,MODIS,39,6.2,295.3,7.3,D,0
-13.537,132.1108,309.1,1,1,2014-06-19,0129,Terra,MODIS,0,6.2,283.7,5.3,D,0
-13.2491,132.0966,321,1,1,2014-06-19,0129,Terra,MODIS,55,6.2,288.2,12.5,D,0
-13.6544,132.6436,327.7,1,1,2014-06-19,0129,Terra,MODIS,77,6.2,293.8,20,D,0
-13.653,132.6344,326.4,1,1,2014-06-19,0129,Terra,MODIS,80,6.2,290.2,18.7,D,0
-13.9143,132.4131,316.9,1,1,2014-06-19,0129,Terra,MODIS,24,6.2,292.4,7.5,D,0
-13.5529,132.2153,322.1,1,1,2014-06-19,0129,Terra,MODIS,47,6.2,290,12,D,0
-13.9053,132.4146,319.7,1,1,2014-06-19,0129,Terra,MODIS,49,6.2,291.9,10.2,D,0
-13.5481,132.2453,312.3,1,1,2014-06-19,0129,Terra,MODIS,44,6.2,288.7,4.4,D,0
-14.8165,130.6591,319.7,1.1,1.1,2014-06-19,0129,Terra,MODIS,69,6.2,298.1,11.6,D,0
-14.9934,131.1668,316.4,1.1,1,2014-06-19,0129,Terra,MODIS,62,6.2,296.2,9.1,D,0
-13.763,133.6867,312.9,1,1,2014-06-19,0129,Terra,MODIS,57,6.2,294.9,5.5,D,0
-14.3309,132.9179,317.4,1,1,2014-06-19,0129,Terra,MODIS,64,6.2,298.9,6.8,D,0
-13.8264,132.3182,323.4,1,1,2014-06-19,0129,Terra,MODIS,78,6.2,292.7,12.4,D,0
-13.7459,132.8847,316.6,1,1,2014-06-19,0129,Terra,MODIS,58,6.2,294.3,8.1,D,0
-13.6519,132.4441,316.3,1,1,2014-06-19,0129,Terra,MODIS,59,6.2,294.6,8.2,D,0
-13.6505,132.4348,315.6,1,1,2014-06-19,0129,Terra,MODIS,62,6.2,294.4,8.1,D,0
-13.7684,132.2369,325.2,1,1,2014-06-19,0129,Terra,MODIS,66,6.2,292.8,15.9,D,0
-14.7295,134.7195,314.4,1.1,1,2014-06-19,0129,Terra,MODIS,47,6.2,298.8,5.3,D,0
-14.4838,130.0382,325.6,1.2,1.1,2014-06-19,0129,Terra,MODIS,78,6.2,297.8,21.4,D,0
-13.7258,132.8124,344.4,1,1,2014-06-19,0129,Terra,MODIS,86,6.2,298.1,40.7,D,0
-13.7245,132.8032,349.7,1,1,2014-06-19,0129,Terra,MODIS,95,6.2,298.2,52,D,0
-15.251,127.4503,315.2,1.8,1.3,2014-06-19,0129,Terra,MODIS,55,6.2,296.9,14.9,D,0
-13.7196,132.7094,319.4,1,1,2014-06-19,0129,Terra,MODIS,48,6.2,294.2,8.5,D,0
-13.7657,132.7715,316.3,1,1,2014-06-19,0129,Terra,MODIS,65,6.2,296.1,7.2,D,0
-14.4905,130.1426,319.8,1.2,1.1,2014-06-19,0129,Terra,MODIS,43,6.2,297,13.2,D,0
-13.7699,132.7992,326.5,1,1,2014-06-19,0129,Terra,MODIS,81,6.2,296.3,16.7,D,0
-15.1534,129.7435,318.5,1.3,1.1,2014-06-19,0129,Terra,MODIS,44,6.2,297.4,11.7,D,0
-15.2781,130.0759,315.1,1.2,1.1,2014-06-19,0129,Terra,MODIS,53,6.2,298.9,7.6,D,0
-15.2805,130.081,314.2,1.2,1.1,2014-06-19,0129,Terra,MODIS,50,6.2,299,6.8,D,0
-14.5992,127.6682,315.3,1.8,1.3,2014-06-19,0129,Terra,MODIS,56,6.2,298.2,12.6,D,0
-14.4938,130.0366,319.9,1.2,1.1,2014-06-19,0129,Terra,MODIS,59,6.2,295.4,14.2,D,0
-14.4886,130.1313,320.2,1.2,1.1,2014-06-19,0129,Terra,MODIS,46,6.2,297.1,14.1,D,0
-13.7335,132.8018,328.1,1,1,2014-06-19,0129,Terra,MODIS,41,6.2,295.7,16.1,D,0
-14.0188,130.4639,318.8,1.2,1.1,2014-06-19,0129,Terra,MODIS,53,6.2,299.2,7.9,D,0
-13.7279,132.7649,314.9,1,1,2014-06-19,0129,Terra,MODIS,41,6.2,294.3,5.8,D,0
-14.1039,130.5452,316.8,1.2,1.1,2014-06-19,0129,Terra,MODIS,26,6.2,298.7,7.4,D,0
-14.4604,129.7648,342.1,1.3,1.1,2014-06-19,0129,Terra,MODIS,91,6.2,300.4,54.9,D,0
-14.1966,130.4225,318.4,1.2,1.1,2014-06-19,0129,Terra,MODIS,20,6.2,299.4,9,D,0
-15.9284,128.5913,314.9,1.5,1.2,2014-06-19,0129,Terra,MODIS,62,6.2,298.1,12.4,D,0
-14.1762,130.3577,336.9,1.2,1.1,2014-06-19,0129,Terra,MODIS,87,6.2,299.4,39.2,D,0
-14.1781,130.3693,320.8,1.2,1.1,2014-06-19,0129,Terra,MODIS,61,6.2,298.3,13.4,D,0
-14.2047,130.4103,323.2,1.2,1.1,2014-06-19,0129,Terra,MODIS,71,6.2,296.9,17.1,D,0
-14.4483,129.7546,319.3,1.3,1.1,2014-06-19,0129,Terra,MODIS,64,6.2,298.7,13.4,D,0
-15.4189,128.9221,316.9,1.4,1.2,2014-06-19,0129,Terra,MODIS,62,6.2,301.1,12,D,0
-14.2064,130.4212,325.1,1.2,1.1,2014-06-19,0129,Terra,MODIS,76,6.2,297.1,18.6,D,0
-14.4459,129.8038,318.9,1.3,1.1,2014-06-19,0129,Terra,MODIS,58,6.2,299.7,11.7,D,0
-14.0108,130.4766,319.7,1.2,1.1,2014-06-19,0129,Terra,MODIS,50,6.2,298.3,9.5,D,0
-14.4585,129.7529,340.4,1.3,1.1,2014-06-19,0129,Terra,MODIS,90,6.2,298.6,51.9,D,0
-14.4503,129.7665,318.7,1.3,1.1,2014-06-19,0129,Terra,MODIS,46,6.2,299.2,12.1,D,0
-14.0257,130.5079,319.5,1.2,1.1,2014-06-19,0129,Terra,MODIS,39,6.2,299.2,9.4,D,0
-13.8506,130.304,321.2,1.2,1.1,2014-06-19,0129,Terra,MODIS,71,6.2,299,12.4,D,0
-14.4628,130.1656,322.5,1.2,1.1,2014-06-19,0129,Terra,MODIS,57,6.2,298.6,15.2,D,0
-14.1948,130.4115,326.7,1.2,1.1,2014-06-19,0129,Terra,MODIS,76,6.2,299.3,21.2,D,0
-14.1671,129.9184,317.2,1.3,1.1,2014-06-19,0129,Terra,MODIS,62,6.2,298.1,12.3,D,0
-14.0205,130.475,327,1.2,1.1,2014-06-19,0129,Terra,MODIS,79,6.2,298.5,19.1,D,0
-14.024,130.497,325.8,1.2,1.1,2014-06-19,0129,Terra,MODIS,73,6.2,299.8,16.9,D,0
-19.4209,131.1818,315.5,1,1,2014-06-19,0130,Terra,MODIS,65,6.2,300.3,7.9,D,0
-19.7306,130.9731,318.6,1,1,2014-06-19,0130,Terra,MODIS,54,6.2,300.7,9.5,D,0
-19.7382,130.9619,321.4,1,1,2014-06-19,0130,Terra,MODIS,70,6.2,299.8,12.6,D,0
-19.7894,130.8772,320.2,1,1,2014-06-19,0130,Terra,MODIS,73,6.2,300.1,12.2,D,0
-19.6841,130.7913,319.6,1,1,2014-06-19,0130,Terra,MODIS,72,6.2,300.5,11.1,D,0
-19.4258,131.0921,310.9,1,1,2014-06-19,0130,Terra,MODIS,49,6.2,299.1,5,D,0
-19.8239,130.7452,314.8,1,1,2014-06-19,0130,Terra,MODIS,48,6.2,299,6.8,D,0
-19.43,131.1803,311,1,1,2014-06-19,0130,Terra,MODIS,30,6.2,298.6,4,D,0
-19.6932,130.7898,320.4,1,1,2014-06-19,0130,Terra,MODIS,68,6.2,300.2,11.6,D,0
-19.8421,130.7421,319.6,1,1,2014-06-19,0130,Terra,MODIS,62,6.2,300.4,10.5,D,0
-19.6546,131.1404,320.4,1,1,2014-06-19,0130,Terra,MODIS,73,6.2,302.3,11.3,D,0
-19.8801,130.7458,316.4,1,1,2014-06-19,0130,Terra,MODIS,26,6.2,299.7,7.8,D,0
-19.2851,131.2562,345,1,1,2014-06-19,0130,Terra,MODIS,93,6.2,301.1,44.8,D,0
-19.2836,131.2466,394.9,1,1,2014-06-19,0130,Terra,MODIS,100,6.2,306.4,221.8,D,0
-19.2746,131.2481,323.3,1,1,2014-06-19,0130,Terra,MODIS,77,6.2,300.6,14.5,D,0
-19.2761,131.2577,346.5,1,1,2014-06-19,0130,Terra,MODIS,93,6.2,302.8,48.6,D,0
-19.6622,131.1292,336,1,1,2014-06-19,0130,Terra,MODIS,87,6.2,301.6,30.2,D,0
-19.2822,131.237,312.7,1,1,2014-06-19,0130,Terra,MODIS,35,6.2,298.9,5.1,D,0
-19.6636,131.1388,351.8,1,1,2014-06-19,0130,Terra,MODIS,96,6.2,300.8,60.5,D,0
-21.8334,120.0463,305.4,4.6,2,2014-06-19,0131,Terra,MODIS,51,6.2,293.6,37.3,D,0
-21.026,120.6575,308.6,4.3,1.9,2014-06-19,0131,Terra,MODIS,61,6.2,295.1,52.5,D,0
-21.0251,120.6656,307.4,4.3,1.9,2014-06-19,0131,Terra,MODIS,55,6.2,295.2,44,D,0
-21.8321,120.039,307,4.6,2,2014-06-19,0131,Terra,MODIS,60,6.2,293.8,49.5,D,0
-23.9415,133.2746,309.2,1.1,1.1,2014-06-19,0131,Terra,MODIS,59,6.2,294.5,6.3,D,0
-22.7982,121.8812,305,3.2,1.7,2014-06-19,0132,Terra,MODIS,53,6.2,291.5,25.3,D,0
-22.8198,121.9086,303.6,3.2,1.7,2014-06-19,0132,Terra,MODIS,38,6.2,292,20.8,D,0
-30.8972,151.6471,300,1.7,1.3,2014-06-19,0412,Aqua,MODIS,16,6.2,289.8,6.9,D,0
-30.9008,151.6288,301.6,1.7,1.3,2014-06-19,0412,Aqua,MODIS,48,6.2,289.9,8.7,D,0
-30.18,151.2237,302.3,1.7,1.3,2014-06-19,0412,Aqua,MODIS,52,6.2,290.9,9.7,D,0
-31.2937,150.4053,306.3,1.4,1.2,2014-06-19,0412,Aqua,MODIS,63,6.2,290.1,8.3,D,0
-24.5918,151.8838,307.4,2.5,1.5,2014-06-19,0414,Aqua,MODIS,62,6.2,293.8,22.5,D,0
-23.1588,142.6638,316.8,1,1,2014-06-19,0415,Aqua,MODIS,58,6.2,303.6,8.2,D,0
-14.5458,134.5444,318.1,2.4,1.5,2014-06-19,0417,Aqua,MODIS,68,6.2,297.3,27.5,D,0
-14.4514,142.801,314.2,1,1,2014-06-19,0417,Aqua,MODIS,58,6.2,292.8,9.3,D,0
-16.0487,141.5457,342,1,1,2014-06-19,0417,Aqua,MODIS,90,6.2,308.4,35.2,D,0
-14.2881,142.8367,331.2,1,1,2014-06-19,0417,Aqua,MODIS,85,6.2,292.8,25.2,D,0
-14.3063,142.8396,317.7,1,1,2014-06-19,0417,Aqua,MODIS,39,6.2,290.9,9.7,D,0
-14.7232,144.057,324.1,1.1,1.1,2014-06-19,0417,Aqua,MODIS,77,6.2,296.2,20.4,D,0
-13.9638,143.54,313.4,1.1,1,2014-06-19,0417,Aqua,MODIS,52,6.2,289.9,8.9,D,0
-13.9601,142.5664,318.1,1,1,2014-06-19,0417,Aqua,MODIS,70,6.2,274.7,16,D,0
-14.5433,134.567,323.3,2.4,1.5,2014-06-19,0417,Aqua,MODIS,76,6.2,298.1,46.1,D,0
-14.549,134.5604,331,2.4,1.5,2014-06-19,0417,Aqua,MODIS,84,6.2,298.5,79.3,D,0
-13.4557,142.6829,318.5,1,1,2014-06-19,0417,Aqua,MODIS,74,6.2,294.7,10.3,D,0
-13.2261,142.8009,325.6,1.1,1,2014-06-19,0417,Aqua,MODIS,81,6.2,294.1,20.3,D,0
-14.0371,143.2806,311.1,1.1,1,2014-06-19,0417,Aqua,MODIS,61,6.2,295.8,6.6,D,0
-13.8447,134.6805,322.2,2.3,1.5,2014-06-19,0417,Aqua,MODIS,77,6.2,292.7,44.7,D,0
-13.8137,134.6257,316,2.3,1.5,2014-06-19,0418,Aqua,MODIS,45,6.2,291.3,27.6,D,0
-12.3368,141.9687,317.1,1,1,2014-06-19,0418,Aqua,MODIS,70,6.2,295.9,11.4,D,0
-12.3354,141.9779,314.4,1,1,2014-06-19,0418,Aqua,MODIS,62,6.2,294.1,8.8,D,0
-12.4826,130.6736,311.1,4.5,2,2014-06-19,0418,Aqua,MODIS,38,6.2,288.4,49.9,D,0
-13.7264,132.8032,317.5,3.2,1.7,2014-06-19,0418,Aqua,MODIS,56,6.2,272.9,52.9,D,0
-13.7256,132.7781,333.8,3.3,1.7,2014-06-19,0418,Aqua,MODIS,82,6.2,273.9,145.8,D,0
-13.7297,132.7737,331.8,3.3,1.7,2014-06-19,0418,Aqua,MODIS,65,6.2,274.3,141.3,D,0
-12.5479,141.9094,335.7,1,1,2014-06-19,0418,Aqua,MODIS,89,6.2,292.3,32.1,D,0
-12.5492,141.9001,320.4,1,1,2014-06-19,0418,Aqua,MODIS,78,6.2,293.2,13.1,D,0
-30.8706,121.4899,307.1,1,1,2014-06-19,0551,Aqua,MODIS,65,6.2,287.4,7.9,D,0
-20.8484,119.6234,324.4,1,1,2014-06-19,0554,Aqua,MODIS,67,6.2,308.5,11.9,D,0
-20.8291,119.6337,322.5,1,1,2014-06-19,0554,Aqua,MODIS,60,6.2,308.2,10.8,D,0
-21.1019,120.6822,335.6,1.1,1.1,2014-06-19,0554,Aqua,MODIS,86,6.2,306,32.6,D,0
-21.0238,120.6506,331.6,1.1,1.1,2014-06-19,0554,Aqua,MODIS,82,6.2,308.2,24.7,D,0
-21.8264,120.0352,321.5,1,1,2014-06-19,0554,Aqua,MODIS,45,6.2,304.1,10,D,0
-21.0349,120.6416,331.1,1.1,1.1,2014-06-19,0554,Aqua,MODIS,82,6.2,307.1,24.7,D,0
-21.0925,120.6805,333.5,1.1,1.1,2014-06-19,0554,Aqua,MODIS,84,6.2,305.8,29.2,D,0
-21.0908,120.6912,317.6,1.1,1.1,2014-06-19,0554,Aqua,MODIS,60,6.2,305.4,8.1,D,0
-21.1053,120.6607,315.2,1.1,1.1,2014-06-19,0554,Aqua,MODIS,28,6.2,304.5,5.8,D,0
-21.0254,120.64,349.9,1.1,1.1,2014-06-19,0554,Aqua,MODIS,95,6.2,306.7,61.5,D,0
-21.8371,120.0268,323,1,1,2014-06-19,0554,Aqua,MODIS,52,6.2,305.2,11.1,D,0
-22.8327,121.906,318.9,1.2,1.1,2014-06-19,0554,Aqua,MODIS,63,6.2,301.4,13,D,0
-22.821,121.9158,314.9,1.2,1.1,2014-06-19,0554,Aqua,MODIS,43,6.2,299.6,9.1,D,0
-22.8229,121.9041,329.6,1.2,1.1,2014-06-19,0554,Aqua,MODIS,81,6.2,302.4,28.6,D,0
-15.288,127.3933,315.9,4.1,1.9,2014-06-19,0555,Aqua,MODIS,57,6.2,295.3,55.6,D,0
-15.398,125.4213,312.2,2.9,1.6,2014-06-19,0555,Aqua,MODIS,51,6.2,295.6,24.4,D,0
-15.071,125.6241,317.7,3.1,1.7,2014-06-19,0555,Aqua,MODIS,67,6.2,296.8,45.5,D,0
-15.2598,127.4179,315.6,4.1,1.9,2014-06-19,0555,Aqua,MODIS,24,6.2,296.1,46.8,D,0
-15.2641,127.4264,316,4.1,1.9,2014-06-19,0555,Aqua,MODIS,55,6.2,295.5,53.4,D,0
-19.0689,121.9355,322.4,1.4,1.2,2014-06-19,0555,Aqua,MODIS,51,6.2,307.4,13.7,D,0
-19.159,121.8777,326.6,1.4,1.2,2014-06-19,0555,Aqua,MODIS,72,6.2,309.2,21.1,D,0
-19.1611,121.8648,338,1.4,1.2,2014-06-19,0555,Aqua,MODIS,87,6.2,308.6,46.4,D,0
-19.0523,121.9056,322.1,1.4,1.2,2014-06-19,0555,Aqua,MODIS,52,6.2,306.5,15.6,D,0
-19.0419,121.9036,333.3,1.4,1.2,2014-06-19,0555,Aqua,MODIS,83,6.2,307.8,37.1,D,0
-19.044,121.8906,326.5,1.4,1.2,2014-06-19,0555,Aqua,MODIS,76,6.2,305.9,22.7,D,0
-16.562,122.864,314.6,1.8,1.3,2014-06-19,0555,Aqua,MODIS,63,6.2,300.9,15,D,0
-15.9049,124.7794,316.7,2.5,1.5,2014-06-19,0555,Aqua,MODIS,35,6.2,296.4,29.2,D,0
-15.8984,124.7701,316.6,2.5,1.5,2014-06-19,0555,Aqua,MODIS,52,6.2,299.2,30.2,D,0
-16.4359,124.2646,315.1,2.3,1.5,2014-06-19,0555,Aqua,MODIS,48,6.2,299,25.1,D,0
-14.0107,127.0842,328.3,4.1,1.9,2014-06-19,0556,Aqua,MODIS,70,6.2,293.5,142.6,D,0
-14.0066,127.0752,334.2,4.1,1.9,2014-06-19,0556,Aqua,MODIS,74,6.2,293.3,202.3,D,0
-14.0203,127.1251,319.9,4.2,1.9,2014-06-19,0556,Aqua,MODIS,50,6.2,294.5,71.7,D,0
-13.9939,127.0811,330.6,4.1,1.9,2014-06-19,0556,Aqua,MODIS,78,6.2,292.7,167.7,D,0
-14.0372,127.1284,325.6,4.2,1.9,2014-06-19,0556,Aqua,MODIS,72,6.2,294.6,118.2,D,0
-33.0136,137.5902,309.4,1,1,2014-06-19,1337,Terra,MODIS,77,6.2,279.7,12.5,N,2
-18.9475,130.7,314.6,1.5,1.2,2014-06-19,1341,Terra,MODIS,90,6.2,287.6,25.5,N,0
-18.9559,130.9901,306.8,1.4,1.2,2014-06-19,1341,Terra,MODIS,69,6.2,289.5,13.5,N,0
-19.4067,130.1802,303.8,1.6,1.2,2014-06-19,1341,Terra,MODIS,36,6.2,286.3,13.9,N,0
-19.3308,130.149,303.3,1.6,1.2,2014-06-19,1341,Terra,MODIS,55,6.2,287.7,14.4,N,0
-19.6681,130.1858,300.3,1.6,1.3,2014-06-19,1341,Terra,MODIS,7,6.2,285.5,10.1,N,0
-19.6871,130.2196,300.6,1.6,1.2,2014-06-19,1341,Terra,MODIS,19,6.2,286.3,10.8,N,0
-19.3954,130.1787,302.3,1.6,1.2,2014-06-19,1341,Terra,MODIS,24,6.2,286.3,12.1,N,0
-19.0739,130.681,305.2,1.5,1.2,2014-06-19,1341,Terra,MODIS,63,6.2,287.2,15.1,N,0
-18.9445,130.6938,312.9,1.5,1.2,2014-06-19,1341,Terra,MODIS,86,6.2,287.3,22.9,N,0
-18.9428,130.7076,316.3,1.5,1.2,2014-06-19,1341,Terra,MODIS,93,6.2,287.5,27.4,N,0
-18.9367,130.6985,321.9,1.5,1.2,2014-06-19,1341,Terra,MODIS,100,6.2,287.8,36.9,N,0
-18.8125,130.978,313,1.4,1.2,2014-06-19,1341,Terra,MODIS,37,6.2,288.8,19.4,N,0
-18.823,130.9795,304,1.4,1.2,2014-06-19,1341,Terra,MODIS,43,6.2,288.5,11.1,N,0
-18.9453,130.9886,308,1.4,1.2,2014-06-19,1341,Terra,MODIS,73,6.2,289.7,14.8,N,0
-18.8076,130.971,303.8,1.4,1.2,2014-06-19,1341,Terra,MODIS,45,6.2,288.2,10.8,N,0
-15.1254,129.7237,308.1,1.5,1.2,2014-06-19,1342,Terra,MODIS,73,6.2,291,12.2,N,0
-15.1289,129.7161,314.3,1.5,1.2,2014-06-19,1342,Terra,MODIS,59,6.2,291.6,18.5,N,0
-15.1272,129.7094,306.1,1.5,1.2,2014-06-19,1342,Terra,MODIS,67,6.2,292.1,9.6,N,0
-15.6899,124.8704,300.9,3.6,1.8,2014-06-19,1342,Terra,MODIS,35,6.2,290.7,22.8,N,0
-15.6975,124.8644,300.8,3.6,1.8,2014-06-19,1342,Terra,MODIS,34,6.2,290.7,22.4,N,0
-15.1582,129.7488,304.4,1.5,1.2,2014-06-19,1342,Terra,MODIS,45,6.2,290.9,7.3,N,0
-14.4915,130.1334,316.1,1.4,1.2,2014-06-19,1343,Terra,MODIS,92,6.2,291,21.9,N,0
-14.6805,131.8942,302.1,1.1,1.1,2014-06-19,1343,Terra,MODIS,47,6.2,289.2,5,N,0
-14.4899,130.1463,314,1.4,1.2,2014-06-19,1343,Terra,MODIS,88,6.2,290.8,19,N,0
-14.4794,130.1448,303.4,1.4,1.2,2014-06-19,1343,Terra,MODIS,55,6.2,290.6,7.5,N,0
-13.2391,132.0496,305.3,1.1,1,2014-06-19,1343,Terra,MODIS,38,6.2,281,7.3,N,0
-14.1739,132.8589,305.4,1,1,2014-06-19,1343,Terra,MODIS,64,6.2,291.7,5.3,N,0
-13.2284,132.058,304.3,1.1,1,2014-06-19,1343,Terra,MODIS,10,6.2,283.9,6.5,N,0
-13.3962,132.1047,301.7,1.1,1,2014-06-19,1343,Terra,MODIS,2,6.2,277.6,4.5,N,0
-14.6515,132.4631,304.1,1.1,1,2014-06-19,1343,Terra,MODIS,39,6.2,290.8,4.5,N,0
-14.6529,132.4533,324.8,1.1,1,2014-06-19,1343,Terra,MODIS,100,6.2,290,23,N,0
-14.6423,132.4617,305.3,1.1,1,2014-06-19,1343,Terra,MODIS,57,6.2,290.9,5.1,N,0
-14.6436,132.4519,353.2,1.1,1,2014-06-19,1343,Terra,MODIS,100,6.2,293.6,73.8,N,0
-14.645,132.4421,326.8,1.1,1,2014-06-19,1343,Terra,MODIS,100,6.2,292.1,25,N,0
-14.6344,132.4505,315.2,1.1,1,2014-06-19,1343,Terra,MODIS,91,6.2,291.2,12.4,N,0
-14.6357,132.4408,321.7,1.1,1,2014-06-19,1343,Terra,MODIS,100,6.2,292.3,19,N,0
-14.1119,130.5585,305.9,1.3,1.1,2014-06-19,1343,Terra,MODIS,64,6.2,292.1,6.9,N,0
-14.1128,130.5406,304.8,1.3,1.1,2014-06-19,1343,Terra,MODIS,47,6.2,291.7,6,N,0
-14.1017,130.5572,312.9,1.3,1.1,2014-06-19,1343,Terra,MODIS,86,6.2,292.3,13.9,N,0
-14.1135,130.5464,313.3,1.3,1.1,2014-06-19,1343,Terra,MODIS,87,6.2,292.2,14.7,N,0
-14.1113,130.5527,320.4,1.3,1.1,2014-06-19,1343,Terra,MODIS,100,6.2,292.7,23.7,N,0
-13.9844,132.3556,302.3,1.1,1.1,2014-06-19,1646,Aqua,MODIS,40,6.2,288.4,5.7,N,0
-13.5652,132.1903,302.2,1.1,1,2014-06-19,1646,Aqua,MODIS,47,6.2,290,4.5,N,0
-15.1431,129.7164,305.5,1,1,2014-06-19,1647,Aqua,MODIS,33,6.2,293.3,3.8,N,0
-14.274,126.7563,303,1.3,1.1,2014-06-19,1647,Aqua,MODIS,53,6.2,290.6,7.4,N,0
-15.6835,124.8661,311.1,1.6,1.3,2014-06-19,1647,Aqua,MODIS,82,6.2,292.3,20.7,N,0
-15.6861,124.8813,303.8,1.6,1.3,2014-06-19,1647,Aqua,MODIS,56,6.2,292.2,10.8,N,0
-15.1445,129.7256,315.3,1,1,2014-06-19,1647,Aqua,MODIS,91,6.2,293.8,10.5,N,0
-15.2272,127.4754,302.4,1.2,1.1,2014-06-19,1647,Aqua,MODIS,38,6.2,291.7,5.3,N,0
-15.1603,129.7705,304.7,1,1,2014-06-19,1647,Aqua,MODIS,61,6.2,292.7,4.3,N,0
-15.1562,129.7427,307.2,1,1,2014-06-19,1647,Aqua,MODIS,71,6.2,293.5,5.3,N,0
-15.6147,129.2349,304.6,1,1,2014-06-19,1647,Aqua,MODIS,61,6.2,292.9,4.9,N,0
-18.8159,130.9826,310.9,1.1,1,2014-06-19,1648,Aqua,MODIS,59,6.2,287.8,12.5,N,0
-18.8065,130.9839,304.1,1.1,1,2014-06-19,1648,Aqua,MODIS,6,6.2,287.4,7.3,N,0
-18.9461,130.9881,313.9,1.1,1,2014-06-19,1648,Aqua,MODIS,88,6.2,289.3,15.6,N,0
-18.9476,130.9984,314.5,1.1,1,2014-06-19,1648,Aqua,MODIS,89,6.2,289.3,16.2,N,0
-18.7957,130.975,309.2,1.1,1,2014-06-19,1648,Aqua,MODIS,52,6.2,287.8,11.4,N,0
-19.6858,130.2233,321.9,1,1,2014-06-19,1648,Aqua,MODIS,100,6.2,286.4,22.8,N,0
-19.6872,130.2332,330.9,1,1,2014-06-19,1648,Aqua,MODIS,100,6.2,286.6,33.7,N,0
-19.3569,130.1805,301.8,1,1,2014-06-19,1648,Aqua,MODIS,39,6.2,285.3,6.6,N,0
-19.3844,130.1763,308.1,1,1,2014-06-19,1648,Aqua,MODIS,15,6.2,286.3,9.7,N,0
-19.3253,130.1553,306.8,1,1,2014-06-19,1648,Aqua,MODIS,69,6.2,286.6,9.8,N,0
-19.4127,130.1863,302.7,1,1,2014-06-19,1648,Aqua,MODIS,51,6.2,285.6,8.1,N,0
-19.4041,130.1834,310.2,1,1,2014-06-19,1648,Aqua,MODIS,22,6.2,286.2,11.2,N,0
-19.3949,130.1848,306.1,1,1,2014-06-19,1648,Aqua,MODIS,23,6.2,285.9,8.6,N,0
-19.678,130.2345,327.3,1,1,2014-06-19,1648,Aqua,MODIS,100,6.2,286.7,28.6,N,0
-19.6766,130.2246,361.4,1,1,2014-06-19,1648,Aqua,MODIS,100,6.2,290.3,97.9,N,0
-19.3358,130.1637,322.2,1,1,2014-06-19,1648,Aqua,MODIS,100,6.2,286.9,22.2,N,0
-12.5545,141.9084,315.3,1.8,1.3,2014-06-20,0033,Terra,MODIS,50,6.2,294.4,21,D,0
-12.5426,141.9104,311.9,1.8,1.3,2014-06-20,0033,Terra,MODIS,48,6.2,294.2,14.7,D,0
-13.951,142.6251,324.4,1.5,1.2,2014-06-20,0033,Terra,MODIS,80,6.2,298.1,30.2,D,0
-13.9486,142.6109,321.4,1.6,1.2,2014-06-20,0033,Terra,MODIS,78,6.2,296.6,24.6,D,0
-16.813,145.2539,308.9,1,1,2014-06-20,0034,Terra,MODIS,59,6.2,295.9,6.3,D,0
-16.8145,145.2636,321.5,1,1,2014-06-20,0034,Terra,MODIS,78,6.2,295.6,17.6,D,0
-31.6149,146.0211,302.5,1.2,1.1,2014-06-20,0038,Terra,MODIS,52,6.2,288.6,6.9,D,0
-35.9245,141.026,314.6,1,1,2014-06-20,0039,Terra,MODIS,75,6.2,284.5,14.4,D,0
-13.2607,132.0805,324.7,3.8,1.8,2014-06-20,0211,Terra,MODIS,55,6.2,295.3,88.3,D,0
-13.4311,132.299,316.2,3.9,1.8,2014-06-20,0211,Terra,MODIS,43,6.2,294.2,51.7,D,0
-11.6145,132.7451,310.8,4,1.9,2014-06-20,0211,Terra,MODIS,37,6.2,291.1,36.2,D,0
-13.402,132.0941,324.3,3.8,1.8,2014-06-20,0211,Terra,MODIS,77,6.2,294.2,102.1,D,0
-13.4653,132.1503,316.2,3.8,1.8,2014-06-20,0211,Terra,MODIS,58,6.2,294.9,45.3,D,0
-13.2885,132.1831,317.2,3.8,1.8,2014-06-20,0211,Terra,MODIS,33,6.2,295,46.3,D,0
-13.3857,132.0959,329.5,3.8,1.8,2014-06-20,0211,Terra,MODIS,82,6.2,294.4,139.2,D,0
-13.3923,132.0883,339.7,3.8,1.8,2014-06-20,0211,Terra,MODIS,90,6.2,294.4,246.9,D,0
-13.3539,132.3196,314.4,3.9,1.8,2014-06-20,0211,Terra,MODIS,47,6.2,294.5,40.1,D,0
-13.1812,131.9518,324.8,3.7,1.8,2014-06-20,0211,Terra,MODIS,44,6.2,296.9,83,D,0
-13.1933,131.9912,319.2,3.7,1.8,2014-06-20,0211,Terra,MODIS,59,6.2,295.7,55.4,D,0
-13.1895,131.9578,329.9,3.7,1.8,2014-06-20,0211,Terra,MODIS,82,6.2,296,133.8,D,0
-13.396,132.1232,320.6,3.8,1.8,2014-06-20,0211,Terra,MODIS,72,6.2,295.3,75.5,D,0
-12.7334,130.4937,314.9,2.8,1.6,2014-06-20,0211,Terra,MODIS,48,6.2,292.3,32.8,D,0
-12.7477,130.4919,327.6,2.8,1.6,2014-06-20,0211,Terra,MODIS,76,6.2,292.4,87.2,D,0
-13.0547,131.1825,317,3.2,1.7,2014-06-20,0211,Terra,MODIS,65,6.2,295.9,36.8,D,0
-13.0572,131.1873,317.9,3.2,1.7,2014-06-20,0211,Terra,MODIS,64,6.2,295.9,38.8,D,0
-15.0098,131.1608,319.6,3.4,1.7,2014-06-20,0212,Terra,MODIS,70,6.2,294.7,59.4,D,0
-14.9992,131.1673,318.9,3.4,1.7,2014-06-20,0212,Terra,MODIS,69,6.2,295,56.6,D,0
-13.9215,132.4032,311.8,4.1,1.9,2014-06-20,0212,Terra,MODIS,45,6.2,293,37.7,D,0
-14.9541,125.8709,321.1,1.4,1.2,2014-06-20,0212,Terra,MODIS,64,6.2,300.9,16.9,D,0
-14.9645,125.8695,319.7,1.4,1.2,2014-06-20,0212,Terra,MODIS,56,6.2,299.8,14,D,0
-14.9836,125.8539,315.2,1.4,1.2,2014-06-20,0212,Terra,MODIS,38,6.2,299.5,10.3,D,0
-14.762,126.0967,331.8,1.4,1.2,2014-06-20,0212,Terra,MODIS,83,6.2,300.4,38.4,D,0
-14.7637,126.1097,318.2,1.4,1.2,2014-06-20,0212,Terra,MODIS,64,6.2,300.1,13.5,D,0
-14.946,125.9418,314.7,1.4,1.2,2014-06-20,0212,Terra,MODIS,41,6.2,299,6.9,D,0
-15.2263,127.4741,317.2,1.8,1.3,2014-06-20,0212,Terra,MODIS,36,6.2,298.9,11.6,D,0
-14.489,130.1117,322.1,2.8,1.6,2014-06-20,0212,Terra,MODIS,73,6.2,295.2,52.2,D,0
-15.2642,127.429,318.8,1.8,1.3,2014-06-20,0212,Terra,MODIS,36,6.2,299.1,15.4,D,0
-14.6842,131.8985,314.6,3.8,1.8,2014-06-20,0212,Terra,MODIS,57,6.2,294.5,40.3,D,0
-13.9527,127.1649,326.7,1.6,1.2,2014-06-20,0212,Terra,MODIS,0,6.2,296.2,34.6,D,0
-14.2161,126.7323,318.5,1.5,1.2,2014-06-20,0212,Terra,MODIS,65,6.2,296.7,13.6,D,0
-14.4919,130.137,332,2.8,1.6,2014-06-20,0212,Terra,MODIS,84,6.2,295.7,106.3,D,0
-14.9245,125.563,321.4,1.3,1.1,2014-06-20,0212,Terra,MODIS,65,6.2,301.1,12.9,D,0
-13.9393,129.9399,336.3,2.6,1.6,2014-06-20,0212,Terra,MODIS,87,6.2,295.5,123.2,D,0
-15.0864,125.6394,323.8,1.3,1.1,2014-06-20,0212,Terra,MODIS,74,6.2,301.6,19.6,D,0
-15.0672,125.6355,321.2,1.3,1.1,2014-06-20,0212,Terra,MODIS,70,6.2,300,15.2,D,0
-14.0058,129.8535,316.8,2.6,1.5,2014-06-20,0212,Terra,MODIS,64,6.2,294.6,35.2,D,0
-14.926,125.5751,321.5,1.3,1.1,2014-06-20,0212,Terra,MODIS,60,6.2,301.4,12.6,D,0
-15.9006,124.8572,317.8,1.2,1.1,2014-06-20,0212,Terra,MODIS,67,6.2,300.3,12.7,D,0
-14.025,127.1043,335.2,1.6,1.2,2014-06-20,0212,Terra,MODIS,75,6.2,291.9,57.1,D,0
-15.8985,124.8518,325.6,1.2,1.1,2014-06-20,0212,Terra,MODIS,78,6.2,300.3,21.3,D,0
-15.7456,124.9955,315.4,1.2,1.1,2014-06-20,0212,Terra,MODIS,60,6.2,300.6,8.4,D,0
-16.4353,124.2967,312.6,1.2,1.1,2014-06-20,0212,Terra,MODIS,43,6.2,300.3,6.2,D,0
-14.1167,130.5531,313.7,2.9,1.6,2014-06-20,0212,Terra,MODIS,31,6.2,294.4,21.6,D,0
-15.6861,124.8596,316.8,1.2,1.1,2014-06-20,0212,Terra,MODIS,17,6.2,301.3,8.5,D,0
-15.7088,124.8792,319,1.2,1.1,2014-06-20,0212,Terra,MODIS,31,6.2,301.6,10.3,D,0
-14.0038,130.4973,327.4,2.9,1.6,2014-06-20,0212,Terra,MODIS,80,6.2,296,79.6,D,0
-15.77,124.876,323.1,1.2,1.1,2014-06-20,0212,Terra,MODIS,71,6.2,300.8,15.8,D,0
-14.0007,130.4707,330.9,2.9,1.6,2014-06-20,0212,Terra,MODIS,83,6.2,296.6,97,D,0
-14.2054,130.3998,321.3,2.9,1.6,2014-06-20,0212,Terra,MODIS,73,6.2,294.4,53.4,D,0
-15.0893,125.6449,338.2,1.3,1.1,2014-06-20,0212,Terra,MODIS,88,6.2,301.7,46.6,D,0
-15.0879,125.6517,325.6,1.3,1.1,2014-06-20,0212,Terra,MODIS,77,6.2,301,23.2,D,0
-14.2039,130.4056,319.2,2.9,1.6,2014-06-20,0212,Terra,MODIS,66,6.2,294.7,42.9,D,0
-14.2025,130.3733,315.4,2.9,1.6,2014-06-20,0212,Terra,MODIS,41,6.2,293.8,27.4,D,0
-14.2008,130.3789,320.4,2.9,1.6,2014-06-20,0212,Terra,MODIS,66,6.2,294.1,47.6,D,0
-13.9421,129.964,314.4,2.6,1.6,2014-06-20,0212,Terra,MODIS,13,6.2,294.6,23,D,0
-15.8103,124.9509,322.8,1.2,1.1,2014-06-20,0212,Terra,MODIS,74,6.2,302.4,14.8,D,0
-15.8991,124.8457,316.5,1.2,1.1,2014-06-20,0212,Terra,MODIS,64,6.2,299.4,10.8,D,0
-15.8004,124.9523,320.8,1.2,1.1,2014-06-20,0212,Terra,MODIS,53,6.2,301.1,11.9,D,0
-15.7715,124.8873,324.1,1.2,1.1,2014-06-20,0212,Terra,MODIS,76,6.2,300.6,17.4,D,0
-16.5233,122.8894,324.4,1,1,2014-06-20,0213,Terra,MODIS,59,6.2,299.1,16.3,D,0
-16.5657,122.8672,312.2,1,1,2014-06-20,0213,Terra,MODIS,51,6.2,300.6,4.5,D,0
-19.4087,130.1988,313.7,3.3,1.7,2014-06-20,0213,Terra,MODIS,55,6.2,297.2,32.1,D,0
-16.5247,122.8989,327.1,1,1,2014-06-20,0213,Terra,MODIS,76,6.2,300.8,20,D,0
-19.4125,130.2039,311.3,3.3,1.7,2014-06-20,0213,Terra,MODIS,48,6.2,296.9,23.2,D,0
-19.0229,121.9178,333.9,1,1,2014-06-20,0213,Terra,MODIS,86,6.2,303.3,26.2,D,0
-19.0243,121.9274,335.2,1,1,2014-06-20,0213,Terra,MODIS,86,6.2,302.9,28.5,D,0
-19.0438,121.9341,317.2,1,1,2014-06-20,0213,Terra,MODIS,66,6.2,303.9,7.9,D,0
-19.0853,121.97,318.6,1,1,2014-06-20,0213,Terra,MODIS,66,6.2,303,9.4,D,0
-18.323,127.7677,313.7,2.1,1.4,2014-06-20,0213,Terra,MODIS,56,6.2,299,16.4,D,0
-19.6988,130.7922,312.7,3.6,1.8,2014-06-20,0213,Terra,MODIS,56,6.2,296.9,33.7,D,0
-19.6393,130.1998,313.2,3.3,1.7,2014-06-20,0213,Terra,MODIS,50,6.2,297.6,31.1,D,0
-19.6694,130.223,313.8,3.3,1.7,2014-06-20,0213,Terra,MODIS,24,6.2,297.5,30.5,D,0
-19.3783,130.3347,323.2,3.3,1.7,2014-06-20,0213,Terra,MODIS,76,6.2,297.1,86.6,D,0
-19.6663,130.1917,313.7,3.3,1.7,2014-06-20,0213,Terra,MODIS,28,6.2,296.8,32.2,D,0
-19.3832,130.3406,320.1,3.3,1.7,2014-06-20,0213,Terra,MODIS,72,6.2,296.8,63.6,D,0
-19.2724,130.2938,313.2,3.3,1.7,2014-06-20,0213,Terra,MODIS,40,6.2,296.1,32.1,D,0
-19.38,130.3088,312.2,3.3,1.7,2014-06-20,0213,Terra,MODIS,30,6.2,296.4,24.5,D,0
-19.2837,130.2869,315.6,3.3,1.7,2014-06-20,0213,Terra,MODIS,64,6.2,296.1,45.9,D,0
-23.1014,122.6476,388.3,1.1,1.1,2014-06-20,0214,Terra,MODIS,100,6.2,301.6,222.1,D,0
-23.1796,122.6187,307.6,1.1,1.1,2014-06-20,0214,Terra,MODIS,40,6.2,296.4,4.5,D,0
-23.1781,122.6077,316,1.1,1.1,2014-06-20,0214,Terra,MODIS,70,6.2,296.7,11.9,D,0
-22.8274,121.9137,328.6,1.1,1,2014-06-20,0214,Terra,MODIS,83,6.2,297.5,25,D,0
-23.0934,122.66,349.5,1.1,1.1,2014-06-20,0214,Terra,MODIS,95,6.2,299.2,68.2,D,0
-22.8182,121.9151,319.9,1.1,1,2014-06-20,0214,Terra,MODIS,75,6.2,296.9,15.4,D,0
-23.0948,122.6709,336.4,1.1,1.1,2014-06-20,0214,Terra,MODIS,88,6.2,298.3,39.8,D,0
-23.1029,122.6585,392.2,1.1,1.1,2014-06-20,0214,Terra,MODIS,100,6.2,307.6,246.4,D,0
-23.1044,122.6695,324.5,1.1,1.1,2014-06-20,0214,Terra,MODIS,80,6.2,297.3,22.2,D,0
-20.5982,116.7788,311.8,1.4,1.2,2014-06-20,0214,Terra,MODIS,42,6.2,298.3,11.9,D,2
-20.1597,119.8519,337.2,1,1,2014-06-20,0214,Terra,MODIS,88,6.2,304.4,33.3,D,0
-20.1582,119.8421,332.3,1,1,2014-06-20,0214,Terra,MODIS,85,6.2,303.5,25.7,D,0
-20.8522,119.6227,314.8,1,1,2014-06-20,0214,Terra,MODIS,64,6.2,302.3,7.6,D,0
-20.8537,119.6326,314.1,1,1,2014-06-20,0214,Terra,MODIS,62,6.2,301.4,7.1,D,0
-21.0954,120.6749,318.5,1,1,2014-06-20,0214,Terra,MODIS,72,6.2,300.2,11,D,0
-21.0462,120.6535,310.1,1,1,2014-06-20,0214,Terra,MODIS,42,6.2,299.5,4.3,D,0
-21.8294,120.0416,320.4,1,1,2014-06-20,0214,Terra,MODIS,75,6.2,298.9,13.2,D,0
-21.8279,120.032,319.5,1,1,2014-06-20,0214,Terra,MODIS,74,6.2,299.8,12.2,D,0
-21.102,120.6576,312.5,1,1,2014-06-20,0214,Terra,MODIS,60,6.2,300.1,7,D,0
-21.8372,120.0343,308.4,1,1,2014-06-20,0214,Terra,MODIS,48,6.2,298.4,3.7,D,0
-30.8683,121.5001,301.9,1.2,1.1,2014-06-20,0216,Terra,MODIS,50,6.2,281.3,7.5,D,2
-30.8667,121.4875,300.2,1.2,1.1,2014-06-20,0216,Terra,MODIS,31,6.2,281.9,6.3,D,2
-33.7337,122.3614,302,1.4,1.2,2014-06-20,0217,Terra,MODIS,50,6.2,286.9,9.5,D,0
-42.0324,148.0599,302.7,2.5,1.5,2014-06-20,0452,Aqua,MODIS,50,6.2,284.6,26.8,D,0
-34.3884,142.2672,300.1,1.8,1.3,2014-06-20,0454,Aqua,MODIS,28,6.2,289.2,7.8,D,0
-30.4476,136.8615,306.7,1.1,1,2014-06-20,0456,Aqua,MODIS,47,6.2,295.4,4.3,D,0
-22.8523,134.5244,315.9,1.1,1,2014-06-20,0458,Aqua,MODIS,51,6.2,304,5.5,D,0
-23.0968,122.6312,327.2,3.8,1.8,2014-06-20,0458,Aqua,MODIS,79,6.2,298,140.5,D,0
-22.5555,130.1094,324,1.2,1.1,2014-06-20,0458,Aqua,MODIS,74,6.2,305.5,16.7,D,0
-23.0802,122.6299,316.6,3.8,1.8,2014-06-20,0458,Aqua,MODIS,63,6.2,297.6,68.4,D,0
-22.5556,130.1264,319.7,1.2,1.1,2014-06-20,0458,Aqua,MODIS,66,6.2,305.2,10.6,D,0
-22.554,130.1207,331.7,1.2,1.1,2014-06-20,0458,Aqua,MODIS,82,6.2,306.1,28.3,D,0
-22.557,130.1151,335.9,1.2,1.1,2014-06-20,0458,Aqua,MODIS,86,6.2,306.2,35.2,D,0
-23.103,122.6392,328.8,3.8,1.8,2014-06-20,0458,Aqua,MODIS,81,6.2,298.7,156.9,D,0
-23.0864,122.6378,325.9,3.8,1.8,2014-06-20,0458,Aqua,MODIS,78,6.2,298.2,134.5,D,0
-23.0935,122.6686,314.8,3.8,1.8,2014-06-20,0458,Aqua,MODIS,41,6.2,299.2,50.8,D,0
-23.2923,122.5141,319.9,3.9,1.8,2014-06-20,0458,Aqua,MODIS,70,6.2,299.1,95.7,D,0
-23.287,122.5062,318.4,3.9,1.8,2014-06-20,0458,Aqua,MODIS,68,6.2,298.9,80,D,0
-19.2777,130.2646,330.1,1.1,1,2014-06-20,0459,Aqua,MODIS,80,6.2,304.9,21.1,D,0
-19.279,130.2544,322.4,1.1,1,2014-06-20,0459,Aqua,MODIS,69,6.2,304,12.5,D,0
-18.0167,128.0593,322.6,1.3,1.1,2014-06-20,0459,Aqua,MODIS,70,6.2,303.1,15.1,D,0
-18.8828,130.9427,333.4,1,1,2014-06-20,0459,Aqua,MODIS,72,6.2,304.5,22.3,D,0
-18.8842,130.9331,384,1,1,2014-06-20,0459,Aqua,MODIS,100,6.2,306.4,164.3,D,0
-19.1305,130.815,339.4,1,1,2014-06-20,0459,Aqua,MODIS,88,6.2,304.4,33.6,D,0
-19.1319,130.8052,328.9,1,1,2014-06-20,0459,Aqua,MODIS,78,6.2,301.2,17.8,D,0
-19.7419,130.9715,322.9,1,1,2014-06-20,0459,Aqua,MODIS,43,6.2,306,9.1,D,0
-19.141,130.8066,322.7,1,1,2014-06-20,0459,Aqua,MODIS,53,6.2,300.5,9.9,D,0
-19.1397,130.8163,336.5,1,1,2014-06-20,0459,Aqua,MODIS,86,6.2,303,28.4,D,0
-19.1671,130.8061,335.6,1,1,2014-06-20,0459,Aqua,MODIS,77,6.2,305.5,25.4,D,0
-19.6932,130.7978,321.8,1,1,2014-06-20,0459,Aqua,MODIS,66,6.2,305.9,8.4,D,0
-19.7524,130.9631,320.5,1,1,2014-06-20,0459,Aqua,MODIS,39,6.2,303.9,7.4,D,0
-19.1854,130.8089,328.6,1,1,2014-06-20,0459,Aqua,MODIS,59,6.2,302.3,18,D,0
-19.1867,130.7992,333,1,1,2014-06-20,0459,Aqua,MODIS,83,6.2,300.3,23.9,D,0
-19.1762,130.8075,326.6,1,1,2014-06-20,0459,Aqua,MODIS,46,6.2,302.5,13.9,D,0
-19.7037,130.7894,320,1,1,2014-06-20,0459,Aqua,MODIS,46,6.2,306,6.6,D,0
-19.1776,130.7978,361.7,1,1,2014-06-20,0459,Aqua,MODIS,100,6.2,304.6,82.6,D,0
-16.4972,141.7749,317.1,4.2,1.9,2014-06-20,0459,Aqua,MODIS,67,6.2,297.8,70.3,D,0
-16.4936,141.7666,317.3,4.2,1.9,2014-06-20,0459,Aqua,MODIS,68,6.2,297.9,71.7,D,0
-18.9434,130.7041,323.2,1,1,2014-06-20,0459,Aqua,MODIS,71,6.2,303.1,12.3,D,0
-19.3804,130.3281,322.8,1.1,1,2014-06-20,0459,Aqua,MODIS,63,6.2,307.6,9.9,D,0
-19.3066,130.331,323.3,1.1,1,2014-06-20,0459,Aqua,MODIS,63,6.2,305.3,11.6,D,0
-19.308,130.3208,322,1.1,1,2014-06-20,0459,Aqua,MODIS,55,6.2,306.6,10.3,D,0
-19.2935,130.2877,324.2,1.1,1,2014-06-20,0459,Aqua,MODIS,68,6.2,303.7,12.8,D,0
-19.4182,130.1884,327.6,1.1,1,2014-06-20,0459,Aqua,MODIS,77,6.2,304.4,18.1,D,0
-19.4089,130.187,330.9,1.1,1,2014-06-20,0459,Aqua,MODIS,81,6.2,305.6,22.2,D,0
-19.3394,130.1594,319.1,1.1,1,2014-06-20,0459,Aqua,MODIS,59,6.2,305.8,7.5,D,0
-19.2843,130.2863,355.4,1.1,1,2014-06-20,0459,Aqua,MODIS,97,6.2,308.4,70.6,D,0
-19.2856,130.2761,345.8,1.1,1,2014-06-20,0459,Aqua,MODIS,92,6.2,307.2,47.4,D,0
-19.2763,130.2747,325.7,1.1,1,2014-06-20,0459,Aqua,MODIS,39,6.2,304.5,14.2,D,0
-18.0064,128.0579,319.7,1.3,1.1,2014-06-20,0459,Aqua,MODIS,63,6.2,304.6,10.6,D,0
-18.933,130.7125,327.4,1,1,2014-06-20,0459,Aqua,MODIS,77,6.2,301.4,15.8,D,0
-19.8743,130.7469,319.3,1,1,2014-06-20,0459,Aqua,MODIS,39,6.2,300.8,7,D,0
-19.1789,130.788,374.3,1,1,2014-06-20,0459,Aqua,MODIS,100,6.2,303.9,126,D,0
-19.188,130.7894,320.6,1,1,2014-06-20,0459,Aqua,MODIS,58,6.2,294.9,9.7,D,0
-19.2523,130.7292,358.5,1,1,2014-06-20,0459,Aqua,MODIS,99,6.2,305.3,76.8,D,0
-19.2614,130.7306,324.1,1,1,2014-06-20,0459,Aqua,MODIS,65,6.2,304.5,12.6,D,0
-19.2601,130.7404,326.2,1,1,2014-06-20,0459,Aqua,MODIS,75,6.2,302.7,15.3,D,0
-19.2686,130.7384,324.4,1,1,2014-06-20,0459,Aqua,MODIS,55,6.2,302.4,11.6,D,0
-18.9316,130.7222,328.6,1,1,2014-06-20,0459,Aqua,MODIS,78,6.2,304,17.8,D,0
-18.9303,130.732,319.2,1,1,2014-06-20,0459,Aqua,MODIS,62,6.2,302.9,8,D,0
-19.6642,131.1427,322.3,1,1,2014-06-20,0459,Aqua,MODIS,68,6.2,305.4,8.4,D,0
-19.6724,131.1397,319.9,1,1,2014-06-20,0459,Aqua,MODIS,40,6.2,305.1,6.3,D,0
-19.7133,130.2987,325.8,1.1,1,2014-06-20,0459,Aqua,MODIS,56,6.2,297.6,17.5,D,0
-19.2047,131.2727,319.8,1,1,2014-06-20,0459,Aqua,MODIS,62,6.2,305.8,7.5,D,0
-13.7645,132.7346,328.3,1.1,1,2014-06-20,0500,Aqua,MODIS,77,6.2,302.2,17.2,D,0
-15.2768,125.184,316.3,1.9,1.4,2014-06-20,0500,Aqua,MODIS,59,6.2,300,17.4,D,0
-13.9965,132.3553,320.8,1.1,1,2014-06-20,0500,Aqua,MODIS,43,6.2,302.3,7.1,D,0
-15.2322,129.8484,333.5,1,1,2014-06-20,0500,Aqua,MODIS,82,6.2,299.4,23.4,D,0
-15.2309,129.858,323.4,1,1,2014-06-20,0500,Aqua,MODIS,68,6.2,297.8,10.3,D,0
-14.0023,132.3164,323.4,1.1,1,2014-06-20,0500,Aqua,MODIS,67,6.2,302.4,10,D,0
-14.5107,130.0085,328.7,1,1,2014-06-20,0500,Aqua,MODIS,78,6.2,299.6,18.1,D,0
-14.512,129.9991,325.1,1,1,2014-06-20,0500,Aqua,MODIS,73,6.2,298.9,13.6,D,0
-15.2788,130.0366,322.9,1,1,2014-06-20,0500,Aqua,MODIS,65,6.2,297.1,10.5,D,0
-13.7074,132.6991,321,1.1,1,2014-06-20,0500,Aqua,MODIS,21,6.2,302.4,7.9,D,0
-13.7198,132.6803,345.9,1.1,1,2014-06-20,0500,Aqua,MODIS,92,6.2,302.8,48.1,D,0
-13.7292,132.6818,336.1,1.1,1,2014-06-20,0500,Aqua,MODIS,85,6.2,302.8,28.8,D,0
-14.0054,129.9442,323.2,1,1,2014-06-20,0500,Aqua,MODIS,39,6.2,301,10.9,D,0
-13.7961,132.7812,322,1.1,1.1,2014-06-20,0500,Aqua,MODIS,22,6.2,303.1,7.9,D,0
-13.7772,132.7782,323.1,1.1,1.1,2014-06-20,0500,Aqua,MODIS,41,6.2,303.9,9.1,D,0
-13.763,132.7448,324.6,1.1,1,2014-06-20,0500,Aqua,MODIS,66,6.2,302.4,12.2,D,0
-14.7787,126.0837,317.9,1.6,1.3,2014-06-20,0500,Aqua,MODIS,39,6.2,298.1,13.6,D,0
-13.7536,132.7433,323.6,1.1,1,2014-06-20,0500,Aqua,MODIS,63,6.2,302.1,10.2,D,0
-14.7768,126.0988,322.5,1.6,1.3,2014-06-20,0500,Aqua,MODIS,68,6.2,298.7,22.4,D,0
-15.315,127.8741,317.8,1.3,1.1,2014-06-20,0500,Aqua,MODIS,54,6.2,299,13.1,D,0
-15.0679,127.7373,318.7,1.3,1.1,2014-06-20,0500,Aqua,MODIS,64,6.2,300,9,D,0
-15.3021,130.0694,331.9,1,1,2014-06-20,0500,Aqua,MODIS,80,6.2,298.3,21,D,0
-15.3034,130.0599,327.7,1,1,2014-06-20,0500,Aqua,MODIS,75,6.2,298,15.7,D,0
-15.2943,130.0585,320,1,1,2014-06-20,0500,Aqua,MODIS,30,6.2,296.8,7,D,0
-15.2853,130.0571,325.2,1,1,2014-06-20,0500,Aqua,MODIS,64,6.2,295.5,11.5,D,0
-14.0003,129.8476,320.7,1,1,2014-06-20,0500,Aqua,MODIS,57,6.2,298.6,9.4,D,0
-15.2866,130.0475,369.7,1,1,2014-06-20,0500,Aqua,MODIS,100,6.2,300.6,107.6,D,0
-15.2879,130.038,333.6,1,1,2014-06-20,0500,Aqua,MODIS,82,6.2,297.5,24,D,0
-15.2762,130.0556,325.2,1,1,2014-06-20,0500,Aqua,MODIS,63,6.2,298.4,11.5,D,0
-15.2775,130.0461,340.3,1,1,2014-06-20,0500,Aqua,MODIS,88,6.2,298.8,33.8,D,0
-14.504,130.1225,323.8,1,1,2014-06-20,0500,Aqua,MODIS,41,6.2,300,12.2,D,0
-14.4873,130.1105,364.6,1,1,2014-06-20,0500,Aqua,MODIS,100,6.2,297.7,89.5,D,0
-14.4886,130.1011,360.6,1,1,2014-06-20,0500,Aqua,MODIS,100,6.2,302.8,78.1,D,0
-14.6908,131.9,323.7,1,1,2014-06-20,0500,Aqua,MODIS,58,6.2,302.6,9.1,D,0
-13.714,132.7834,323.6,1.1,1.1,2014-06-20,0500,Aqua,MODIS,52,6.2,297.3,11.4,D,0
-13.7186,132.7527,317.5,1.1,1.1,2014-06-20,0500,Aqua,MODIS,26,6.2,300.4,6,D,0
-13.6999,132.8127,341.3,1.1,1.1,2014-06-20,0500,Aqua,MODIS,89,6.2,301.8,37.1,D,0
-13.7015,132.8024,347.7,1.1,1.1,2014-06-20,0500,Aqua,MODIS,93,6.2,302.8,50.7,D,0
-13.703,132.7921,328.5,1.1,1.1,2014-06-20,0500,Aqua,MODIS,53,6.2,299.2,17,D,0
-14.9331,125.5607,324.9,1.8,1.3,2014-06-20,0500,Aqua,MODIS,75,6.2,301.2,28.2,D,0
-14.4964,130.0448,323.6,1,1,2014-06-20,0500,Aqua,MODIS,51,6.2,297.8,11.7,D,0
-14.5067,130.0368,320.4,1,1,2014-06-20,0500,Aqua,MODIS,35,6.2,297.7,8.4,D,0
-14.5054,130.0462,324.3,1,1,2014-06-20,0500,Aqua,MODIS,64,6.2,298.2,13,D,0
-13.7551,132.7331,334.4,1.1,1,2014-06-20,0500,Aqua,MODIS,84,6.2,302.5,25.9,D,0
-13.7072,132.6367,336.8,1.1,1,2014-06-20,0500,Aqua,MODIS,86,6.2,302.1,32,D,0
-13.7769,131.6688,336.7,1,1,2014-06-20,0500,Aqua,MODIS,84,6.2,306.3,24.5,D,0
-13.9255,132.4087,326.5,1.1,1,2014-06-20,0500,Aqua,MODIS,61,6.2,302.1,13.5,D,0
-13.927,132.3988,332.5,1.1,1,2014-06-20,0500,Aqua,MODIS,81,6.2,302.8,22.2,D,0
-13.9285,132.389,323.6,1.1,1,2014-06-20,0500,Aqua,MODIS,68,6.2,302.7,10.8,D,0
-13.9148,132.417,326.4,1.1,1,2014-06-20,0500,Aqua,MODIS,71,6.2,302.9,14.6,D,0
-13.9055,132.4155,324.3,1.1,1,2014-06-20,0500,Aqua,MODIS,67,6.2,302.8,12.7,D,0
-13.6978,132.6352,323.7,1.1,1,2014-06-20,0500,Aqua,MODIS,59,6.2,301.9,12.3,D,0
-13.6254,132.6277,324.2,1.1,1,2014-06-20,0500,Aqua,MODIS,67,6.2,304.3,12.2,D,0
-13.6269,132.6174,319.4,1.1,1,2014-06-20,0500,Aqua,MODIS,32,6.2,303.1,7.1,D,0
-13.7087,132.6265,343.4,1.1,1,2014-06-20,0500,Aqua,MODIS,91,6.2,300.9,45.3,D,0
-14.2344,132.6766,340.7,1.1,1,2014-06-20,0500,Aqua,MODIS,88,6.2,305.3,34.4,D,0
-13.7601,132.8913,323,1.1,1.1,2014-06-20,0500,Aqua,MODIS,40,6.2,303.3,9.6,D,0
-13.6992,134.2705,320.5,1.3,1.1,2014-06-20,0500,Aqua,MODIS,67,6.2,300.3,17.4,D,0
-13.7017,132.8657,326.8,1.1,1.1,2014-06-20,0500,Aqua,MODIS,43,6.2,302.2,15.5,D,0
-13.8494,132.7864,320.8,1.1,1.1,2014-06-20,0500,Aqua,MODIS,40,6.2,302.6,7.4,D,0
-14.2328,132.6867,343.7,1.1,1,2014-06-20,0500,Aqua,MODIS,91,6.2,306.7,39.7,D,0
-13.8306,132.7832,321.1,1.1,1.1,2014-06-20,0500,Aqua,MODIS,38,6.2,302.8,7.6,D,0
-13.978,132.3524,319.8,1.1,1,2014-06-20,0500,Aqua,MODIS,40,6.2,302.5,6.1,D,0
-13.7959,134.1812,317,1.3,1.1,2014-06-20,0500,Aqua,MODIS,61,6.2,299,10.5,D,0
-13.9872,132.3539,327,1.1,1,2014-06-20,0500,Aqua,MODIS,74,6.2,303.2,14,D,0
-13.7474,132.9104,323.7,1.1,1.1,2014-06-20,0500,Aqua,MODIS,40,6.2,302.4,10.7,D,0
-13.6744,132.6628,327.2,1.1,1,2014-06-20,0500,Aqua,MODIS,76,6.2,303.7,15.5,D,0
-13.6938,132.8538,323.8,1.1,1.1,2014-06-20,0500,Aqua,MODIS,35,6.2,301.1,11.1,D,0
-13.6972,132.9605,318.1,1.1,1.1,2014-06-20,0500,Aqua,MODIS,51,6.2,299.7,6.1,D,0
-14.2298,132.7067,324.5,1.1,1,2014-06-20,0500,Aqua,MODIS,55,6.2,305.3,8.4,D,0
-13.7307,132.6716,337.7,1.1,1,2014-06-20,0500,Aqua,MODIS,86,6.2,303.6,32.9,D,0
-13.7213,132.6702,371.4,1.1,1,2014-06-20,0500,Aqua,MODIS,100,6.2,304.2,126.2,D,0
-13.7056,132.6469,320.8,1.1,1,2014-06-20,0500,Aqua,MODIS,30,6.2,302.6,8.3,D,0
-14.2313,132.6967,325.3,1.1,1,2014-06-20,0500,Aqua,MODIS,53,6.2,306.7,9.4,D,0
-13.8493,132.7239,319.9,1.1,1,2014-06-20,0500,Aqua,MODIS,48,6.2,299.7,6.7,D,0
-13.749,132.9001,323.3,1.1,1.1,2014-06-20,0500,Aqua,MODIS,33,6.2,304,10.4,D,0
-13.9066,132.3454,318.5,1.1,1,2014-06-20,0500,Aqua,MODIS,27,6.2,300.7,5.8,D,0
-13.8462,132.3193,320.9,1.1,1,2014-06-20,0500,Aqua,MODIS,49,6.2,302.9,5.7,D,0
-14.222,132.6952,325.6,1.1,1,2014-06-20,0500,Aqua,MODIS,55,6.2,305.9,9.7,D,0
-14.1941,130.3716,326.5,1,1,2014-06-20,0500,Aqua,MODIS,15,6.2,299.4,12.1,D,0
-16.5702,122.8587,315.3,3,1.7,2014-06-20,0500,Aqua,MODIS,57,6.2,294.2,40.9,D,0
-16.571,122.8512,315.4,3,1.7,2014-06-20,0500,Aqua,MODIS,54,6.2,293.9,41.5,D,0
-14.2572,129.6561,318.7,1,1,2014-06-20,0500,Aqua,MODIS,42,6.2,294.4,7.9,D,0
-14.4362,130.0204,321.8,1,1,2014-06-20,0500,Aqua,MODIS,52,6.2,299.8,10.8,D,0
-14.2095,130.3928,341.5,1,1,2014-06-20,0500,Aqua,MODIS,89,6.2,304.1,33.6,D,0
-14.2108,130.3835,336.6,1,1,2014-06-20,0500,Aqua,MODIS,60,6.2,302.3,25.5,D,0
-14.2005,130.3914,326.8,1,1,2014-06-20,0500,Aqua,MODIS,40,6.2,303.6,12.6,D,0
-15.8947,124.7994,321,2.1,1.4,2014-06-20,0500,Aqua,MODIS,55,6.2,299.9,30.3,D,0
-15.8941,124.8045,321.4,2.1,1.4,2014-06-20,0500,Aqua,MODIS,71,6.2,299.4,33,D,0
-15.7303,124.8718,316.5,2.1,1.4,2014-06-20,0500,Aqua,MODIS,58,6.2,300.4,15.1,D,0
-15.8005,124.9467,320.1,2.1,1.4,2014-06-20,0500,Aqua,MODIS,68,6.2,300.8,23.1,D,0
-14.1027,130.5585,328.8,1,1,2014-06-20,0500,Aqua,MODIS,67,6.2,303.8,13.7,D,0
-15.4218,128.9164,325.8,1.1,1.1,2014-06-20,0500,Aqua,MODIS,75,6.2,300.2,17.4,D,0
-13.9503,129.9495,320.9,1,1,2014-06-20,0500,Aqua,MODIS,44,6.2,302.8,8.1,D,0
-15.7819,124.8852,331.5,2.1,1.4,2014-06-20,0500,Aqua,MODIS,83,6.2,298.7,60.3,D,0
-15.784,124.8656,360.4,2.1,1.4,2014-06-20,0500,Aqua,MODIS,100,6.2,302,228.5,D,0
-15.7809,124.8783,350.5,2.1,1.4,2014-06-20,0500,Aqua,MODIS,95,6.2,299.6,156,D,0
-15.7832,124.8585,345,2.1,1.4,2014-06-20,0500,Aqua,MODIS,92,6.2,301.4,126.1,D,0
-15.766,124.8958,317.9,2.1,1.4,2014-06-20,0500,Aqua,MODIS,65,6.2,300.2,17.7,D,0
-14.2031,130.3729,327.2,1,1,2014-06-20,0500,Aqua,MODIS,50,6.2,298.6,14.9,D,0
-14.2121,130.3743,340,1,1,2014-06-20,0500,Aqua,MODIS,86,6.2,301.9,33.1,D,0
-14.9279,125.9758,321,1.7,1.3,2014-06-20,0500,Aqua,MODIS,43,6.2,299.4,18.2,D,0
-14.93,125.969,324,1.7,1.3,2014-06-20,0500,Aqua,MODIS,74,6.2,300.3,26,D,0
-14.7673,126.0822,319.2,1.6,1.3,2014-06-20,0500,Aqua,MODIS,33,6.2,299,15,D,0
-14.6565,132.4448,321.1,1.1,1,2014-06-20,0500,Aqua,MODIS,33,6.2,303.6,7,D,0
-14.6027,134.7841,320.9,1.4,1.2,2014-06-20,0500,Aqua,MODIS,65,6.2,295.5,17.1,D,0
-14.6006,134.797,317,1.4,1.2,2014-06-20,0500,Aqua,MODIS,14,6.2,297.3,11,D,0
-12.5206,130.693,317.9,1,1,2014-06-20,0501,Aqua,MODIS,62,6.2,293.4,6.3,D,0
-13.3174,133.8437,328.3,1.3,1.1,2014-06-20,0501,Aqua,MODIS,81,6.2,299.9,28.3,D,0
-12.912,132.537,323.6,1.1,1,2014-06-20,0501,Aqua,MODIS,72,6.2,301.7,14.9,D,0
-12.3119,131.2383,325.2,1,1,2014-06-20,0501,Aqua,MODIS,77,6.2,300.1,15.7,D,0
-13.0099,131.1899,327.7,1,1,2014-06-20,0501,Aqua,MODIS,62,6.2,303.8,13.1,D,0
-12.8342,131.4416,322.7,1,1,2014-06-20,0501,Aqua,MODIS,52,6.2,304.5,7.7,D,0
-12.4655,130.6873,318.1,1,1,2014-06-20,0501,Aqua,MODIS,54,6.2,298.1,6.4,D,0
-13.3193,133.832,323.9,1.3,1.1,2014-06-20,0501,Aqua,MODIS,76,6.2,299.2,21.6,D,0
-12.7168,131.4303,318.8,1,1,2014-06-20,0501,Aqua,MODIS,43,6.2,302.4,6,D,0
-12.954,131.1274,349.9,1,1,2014-06-20,0501,Aqua,MODIS,94,6.2,306.4,49.8,D,0
-12.4668,130.6781,317.5,1,1,2014-06-20,0501,Aqua,MODIS,50,6.2,297,5.9,D,0
-13.0718,131.139,335.1,1,1,2014-06-20,0501,Aqua,MODIS,83,6.2,303.9,22,D,0
-13.2936,133.8637,317.3,1.3,1.1,2014-06-20,0501,Aqua,MODIS,63,6.2,297.7,12.5,D,0
-13.065,131.1853,328.2,1,1,2014-06-20,0501,Aqua,MODIS,70,6.2,302.7,12.6,D,0
-12.6768,131.0763,327.4,1,1,2014-06-20,0501,Aqua,MODIS,78,6.2,302.9,14.9,D,0
-12.1053,133.932,316.3,1.3,1.1,2014-06-20,0501,Aqua,MODIS,36,6.2,296.4,12,D,0
-12.9526,131.1367,333.3,1,1,2014-06-20,0501,Aqua,MODIS,82,6.2,302.7,21.3,D,0
-12.5179,130.7113,332.5,1,1,2014-06-20,0501,Aqua,MODIS,84,6.2,298.4,23.1,D,0
-13.3074,133.842,337.9,1.3,1.1,2014-06-20,0501,Aqua,MODIS,88,6.2,297.6,46.2,D,0
-12.5192,130.7021,344.5,1,1,2014-06-20,0501,Aqua,MODIS,92,6.2,296.1,42.2,D,0
-12.9882,131.1487,326.5,1,1,2014-06-20,0501,Aqua,MODIS,70,6.2,304,13.2,D,0
-12.7626,130.86,325.4,1,1,2014-06-20,0501,Aqua,MODIS,74,6.2,303.6,11.3,D,0
-13.3092,133.8303,344.4,1.3,1.1,2014-06-20,0501,Aqua,MODIS,92,6.2,298.4,62.8,D,0
-12.7562,130.4604,381,1,1,2014-06-20,0501,Aqua,MODIS,100,6.2,305.4,147.2,D,0
-12.7535,130.4787,370.7,1,1,2014-06-20,0501,Aqua,MODIS,100,6.2,305.3,106.4,D,0
-12.7549,130.4695,360.7,1,1,2014-06-20,0501,Aqua,MODIS,100,6.2,304.3,76.2,D,0
-12.7433,130.4865,325.8,1,1,2014-06-20,0501,Aqua,MODIS,75,6.2,303.6,13.7,D,0
-14.0332,127.087,336,1.4,1.2,2014-06-20,0501,Aqua,MODIS,87,6.2,298.4,41,D,0
-14.0195,127.1109,327,1.4,1.2,2014-06-20,0501,Aqua,MODIS,65,6.2,300.7,17.5,D,0
-14.0211,127.0983,331.5,1.4,1.2,2014-06-20,0501,Aqua,MODIS,80,6.2,300.1,27,D,0
-14.0227,127.0857,336.4,1.4,1.2,2014-06-20,0501,Aqua,MODIS,88,6.2,300.2,41.8,D,0
-14.0244,127.0729,323,1.4,1.2,2014-06-20,0501,Aqua,MODIS,61,6.2,298.7,17.5,D,0
-14.0299,127.1123,324.1,1.4,1.2,2014-06-20,0501,Aqua,MODIS,49,6.2,299.7,13.2,D,0
-12.7356,130.476,359.3,1,1,2014-06-20,0501,Aqua,MODIS,99,6.2,302.9,74.9,D,0
-12.7343,130.4851,318.3,1,1,2014-06-20,0501,Aqua,MODIS,55,6.2,300.2,7.2,D,0
-12.7459,130.4682,363.9,1,1,2014-06-20,0501,Aqua,MODIS,100,6.2,305.5,86.5,D,0
-12.7446,130.4773,341,1,1,2014-06-20,0501,Aqua,MODIS,89,6.2,305.5,34.3,D,0
-13.02,130.1528,322.9,1,1,2014-06-20,0501,Aqua,MODIS,51,6.2,300.8,10.9,D,0
-13.0187,130.162,321.3,1,1,2014-06-20,0501,Aqua,MODIS,39,6.2,302.1,9.2,D,0
-12.7472,130.459,355.4,1,1,2014-06-20,0501,Aqua,MODIS,97,6.2,303.2,65.4,D,0
-14.0315,127.0996,336,1.4,1.2,2014-06-20,0501,Aqua,MODIS,87,6.2,299.5,38.8,D,0
-12.7575,130.4512,336,1,1,2014-06-20,0501,Aqua,MODIS,86,6.2,299.8,27.8,D,0
-12.7369,130.4668,353.8,1,1,2014-06-20,0501,Aqua,MODIS,97,6.2,302.9,60.8,D,0
-14.2706,126.7497,325.7,1.4,1.2,2014-06-20,0501,Aqua,MODIS,76,6.2,299.1,23,D,0
-12.7522,130.4878,349,1,1,2014-06-20,0501,Aqua,MODIS,94,6.2,302.4,48.8,D,0
-14.0628,127.1615,316.5,1.4,1.2,2014-06-20,0501,Aqua,MODIS,42,6.2,297.5,7.6,D,0
-14.0613,127.174,325.5,1.3,1.2,2014-06-20,0501,Aqua,MODIS,75,6.2,298.3,21,D,0
-14.074,127.2387,329.8,1.3,1.1,2014-06-20,0501,Aqua,MODIS,80,6.2,298.7,28.5,D,0
-11.7003,130.191,320.3,1,1,2014-06-20,0501,Aqua,MODIS,72,6.2,296.4,12.4,D,0
-14.0756,127.2264,319.5,1.3,1.1,2014-06-20,0501,Aqua,MODIS,60,6.2,297.6,11,D,0
-14.0653,127.2249,325,1.3,1.1,2014-06-20,0501,Aqua,MODIS,73,6.2,298.1,18.4,D,0
-13.2035,131.9961,421.6,1.1,1,2014-06-20,0501,Aqua,MODIS,100,6.2,309.2,424.1,D,0
-13.3713,132.2939,329,1.1,1,2014-06-20,0501,Aqua,MODIS,68,6.2,303.1,15.8,D,0
-13.3591,132.3121,326.8,1.1,1,2014-06-20,0501,Aqua,MODIS,58,6.2,304.7,12.7,D,0
-13.3605,132.3023,341.5,1.1,1,2014-06-20,0501,Aqua,MODIS,89,6.2,305.9,35.7,D,0
-13.362,132.2924,328.2,1.1,1,2014-06-20,0501,Aqua,MODIS,70,6.2,305,14.2,D,0
-13.1974,132.4162,323.3,1.1,1,2014-06-20,0501,Aqua,MODIS,47,6.2,303.9,8.9,D,0
-13.1959,132.4261,331,1.1,1,2014-06-20,0501,Aqua,MODIS,80,6.2,304.3,18.3,D,0
-13.3879,132.0573,336.2,1.1,1,2014-06-20,0501,Aqua,MODIS,82,6.2,303.3,27.3,D,0
-13.3893,132.0476,334.8,1.1,1,2014-06-20,0501,Aqua,MODIS,83,6.2,302,26.8,D,0
-13.6029,131.6003,325.2,1,1,2014-06-20,0501,Aqua,MODIS,69,6.2,303,12.2,D,0
-13.0865,132.22,325,1.1,1,2014-06-20,0501,Aqua,MODIS,57,6.2,303.2,10.3,D,0
-13.2204,132.0087,331.6,1.1,1,2014-06-20,0501,Aqua,MODIS,79,6.2,302.3,22,D,0
-13.2649,132.0256,335.2,1.1,1,2014-06-20,0501,Aqua,MODIS,77,6.2,302.9,26.6,D,0
-13.2558,132.0241,360.5,1.1,1,2014-06-20,0501,Aqua,MODIS,100,6.2,305.5,80.7,D,0
-13.2871,132.1738,331.9,1.1,1,2014-06-20,0501,Aqua,MODIS,65,6.2,305.3,18.1,D,0
-13.0787,132.2087,336.9,1.1,1,2014-06-20,0501,Aqua,MODIS,85,6.2,304.5,27.3,D,0
-13.0722,132.2119,323,1.1,1,2014-06-20,0501,Aqua,MODIS,58,6.2,302,9.2,D,0
-13.0737,132.202,325.3,1.1,1,2014-06-20,0501,Aqua,MODIS,62,6.2,303.2,11.3,D,0
-13.2572,132.0145,340.4,1.1,1,2014-06-20,0501,Aqua,MODIS,88,6.2,303.2,34.9,D,0
-13.2541,132.1629,328.2,1.1,1,2014-06-20,0501,Aqua,MODIS,63,6.2,304.1,12.5,D,0
-13.248,132.013,326.9,1.1,1,2014-06-20,0501,Aqua,MODIS,46,6.2,303.9,14.8,D,0
-13.2434,132.1711,327.7,1.1,1,2014-06-20,0501,Aqua,MODIS,57,6.2,306,11.5,D,0
-13.242,132.1808,327.9,1.1,1,2014-06-20,0501,Aqua,MODIS,49,6.2,306.3,11.8,D,0
-11.3212,132.0309,317.9,1.1,1,2014-06-20,0501,Aqua,MODIS,66,6.2,299.2,7.4,D,0
-13.2127,131.9976,395.5,1.1,1,2014-06-20,0501,Aqua,MODIS,100,6.2,310.4,233.1,D,0
-13.2713,132.0463,329.9,1.1,1,2014-06-20,0501,Aqua,MODIS,57,6.2,299.3,17.5,D,0
-13.49,132.238,325.8,1.1,1,2014-06-20,0501,Aqua,MODIS,64,6.2,303.5,11,D,0
-13.4543,132.1171,343.1,1.1,1,2014-06-20,0501,Aqua,MODIS,90,6.2,305.4,39.7,D,0
-13.0449,131.1386,327.9,1,1,2014-06-20,0501,Aqua,MODIS,69,6.2,304.4,14.4,D,0
-13.0463,131.1293,327.5,1,1,2014-06-20,0501,Aqua,MODIS,73,6.2,305,13.9,D,0
-13.0476,131.1201,327.2,1,1,2014-06-20,0501,Aqua,MODIS,74,6.2,304.7,14.1,D,0
-13.2526,132.1726,332.6,1.1,1,2014-06-20,0501,Aqua,MODIS,78,6.2,303.8,19,D,0
-13.34,132.0728,350.9,1.1,1,2014-06-20,0501,Aqua,MODIS,95,6.2,305.8,55.6,D,0
-13.4148,131.1256,324,1,1,2014-06-20,0501,Aqua,MODIS,51,6.2,301.4,9.2,D,0
-13.636,130.7394,328.4,1,1,2014-06-20,0501,Aqua,MODIS,73,6.2,306.2,11.9,D,0
-13.1896,132.4047,386.3,1.1,1,2014-06-20,0501,Aqua,MODIS,100,6.2,306.7,190.6,D,0
-13.4162,131.1163,324.1,1,1,2014-06-20,0501,Aqua,MODIS,58,6.2,301.9,9.3,D,0
-13.4662,132.1446,324.7,1.1,1,2014-06-20,0501,Aqua,MODIS,46,6.2,305.5,9.1,D,0
-13.4677,132.1349,336.7,1.1,1,2014-06-20,0501,Aqua,MODIS,85,6.2,304.1,25.9,D,0
-13.4585,132.1334,327.7,1.1,1,2014-06-20,0501,Aqua,MODIS,72,6.2,305.5,14.2,D,0
-13.4529,132.1268,332,1.1,1,2014-06-20,0501,Aqua,MODIS,80,6.2,305.1,20.9,D,0
-13.5573,132.1558,324.1,1.1,1,2014-06-20,0501,Aqua,MODIS,60,6.2,305,7.9,D,0
-13.5588,132.1461,345.3,1.1,1,2014-06-20,0501,Aqua,MODIS,91,6.2,306,42.3,D,0
-13.5602,132.1365,357.4,1.1,1,2014-06-20,0501,Aqua,MODIS,98,6.2,305.4,71.8,D,0
-13.4032,131.1427,321.2,1,1,2014-06-20,0501,Aqua,MODIS,34,6.2,302.4,6.2,D,0
-13.4175,131.1071,326.4,1,1,2014-06-20,0501,Aqua,MODIS,25,6.2,302.2,10.9,D,0
-13.4188,131.0979,331.5,1,1,2014-06-20,0501,Aqua,MODIS,79,6.2,302.7,18,D,0
-13.2362,132.2201,335.9,1.1,1,2014-06-20,0501,Aqua,MODIS,84,6.2,305.1,25.3,D,0
-13.2376,132.2103,327.9,1.1,1,2014-06-20,0501,Aqua,MODIS,45,6.2,305.1,12.2,D,0
-13.3428,132.0534,345.2,1.1,1,2014-06-20,0501,Aqua,MODIS,91,6.2,301.7,44.4,D,0
-13.3307,132.0713,325.3,1.1,1,2014-06-20,0501,Aqua,MODIS,70,6.2,306.2,11.9,D,0
-13.3328,132.1213,325.9,1.1,1,2014-06-20,0501,Aqua,MODIS,61,6.2,305.9,11.4,D,0
-13.2006,132.0154,369.9,1.1,1,2014-06-20,0501,Aqua,MODIS,100,6.2,306.7,107.8,D,0
-11.4381,132.2876,326.9,1.1,1.1,2014-06-20,0501,Aqua,MODIS,76,6.2,296.7,19.4,D,0
-13.4097,132.1002,338.1,1.1,1,2014-06-20,0501,Aqua,MODIS,74,6.2,304.5,27,D,0
-13.3976,132.1182,334.1,1.1,1,2014-06-20,0501,Aqua,MODIS,74,6.2,305.8,20.9,D,0
-13.2098,132.0168,339.6,1.1,1,2014-06-20,0501,Aqua,MODIS,86,6.2,307.2,32,D,0
-13.4112,132.0906,344.7,1.1,1,2014-06-20,0501,Aqua,MODIS,88,6.2,303.9,39.8,D,0
-13.4063,132.0602,324,1.1,1,2014-06-20,0501,Aqua,MODIS,47,6.2,301.7,11.9,D,0
-13.3971,132.0587,360.7,1.1,1,2014-06-20,0501,Aqua,MODIS,100,6.2,304.7,82.2,D,0
-13.568,132.1476,326.2,1.1,1,2014-06-20,0501,Aqua,MODIS,70,6.2,303.8,10.8,D,0
-13.2084,132.0265,334.5,1.1,1,2014-06-20,0501,Aqua,MODIS,82,6.2,306,24.2,D,0
-13.4112,131.0874,322.2,1,1,2014-06-20,0501,Aqua,MODIS,48,6.2,302,7.4,D,0
-13.2069,132.0361,332.8,1.1,1,2014-06-20,0501,Aqua,MODIS,80,6.2,305.2,20.1,D,0
-13.219,132.0183,338.3,1.1,1,2014-06-20,0501,Aqua,MODIS,86,6.2,304.2,31.4,D,0
-13.3322,132.0616,386.3,1.1,1,2014-06-20,0501,Aqua,MODIS,100,6.2,309.4,182.8,D,0
-13.3414,132.0631,413,1.1,1,2014-06-20,0501,Aqua,MODIS,100,6.2,311.3,354.9,D,0
-13.2175,132.028,340.3,1.1,1,2014-06-20,0501,Aqua,MODIS,88,6.2,304.5,34.6,D,0
-13.2684,132.0657,369,1.1,1,2014-06-20,0501,Aqua,MODIS,100,6.2,307.5,108.1,D,0
-13.267,132.0754,347.7,1.1,1,2014-06-20,0501,Aqua,MODIS,93,6.2,306,47.6,D,0
-13.5714,132.1879,324.6,1.1,1,2014-06-20,0501,Aqua,MODIS,70,6.2,306.7,7.4,D,0
-13.3962,132.1279,346.4,1.1,1,2014-06-20,0501,Aqua,MODIS,92,6.2,306.7,43.4,D,0
-13.4113,132.2802,330.9,1.1,1,2014-06-20,0501,Aqua,MODIS,55,6.2,305.6,16.2,D,0
-13.5297,131.6563,323.7,1,1,2014-06-20,0501,Aqua,MODIS,53,6.2,305.7,7.5,D,0
-13.2656,132.0851,329,1.1,1,2014-06-20,0501,Aqua,MODIS,76,6.2,304.7,15.3,D,0
-13.3336,132.052,352.4,1.1,1,2014-06-20,0501,Aqua,MODIS,96,6.2,303.8,60.5,D,0
-13.2161,132.0376,330.9,1.1,1,2014-06-20,0501,Aqua,MODIS,73,6.2,305,17.6,D,0
-13.2147,132.0473,330.9,1.1,1,2014-06-20,0501,Aqua,MODIS,65,6.2,306.3,17,D,0
-13.2253,132.0391,350.1,1.1,1,2014-06-20,0501,Aqua,MODIS,94,6.2,304.7,51.3,D,0
-13.2224,132.0584,324.4,1.1,1,2014-06-20,0501,Aqua,MODIS,62,6.2,305.4,8.6,D,0
-13.3947,132.1376,330.1,1.1,1,2014-06-20,0501,Aqua,MODIS,72,6.2,305.9,15.9,D,0
-13.3933,132.1473,325.2,1.1,1,2014-06-20,0501,Aqua,MODIS,54,6.2,305.2,9.7,D,0
-13.2302,132.0695,330,1.1,1,2014-06-20,0501,Aqua,MODIS,78,6.2,304.2,14.8,D,0
-13.2287,132.0792,325.6,1.1,1,2014-06-20,0501,Aqua,MODIS,65,6.2,303.8,9.4,D,0
-13.1831,131.8883,321.7,1,1,2014-06-20,0501,Aqua,MODIS,52,6.2,302.6,9,D,0
-13.1817,131.8979,334.4,1,1,2014-06-20,0501,Aqua,MODIS,82,6.2,302.8,25,D,0
-13.2112,132.0072,358.9,1.1,1,2014-06-20,0501,Aqua,MODIS,99,6.2,308.6,76.8,D,0
-13.2021,132.0058,425.8,1.1,1,2014-06-20,0501,Aqua,MODIS,100,6.2,313.6,463.3,D,0
-13.1881,132.4147,365.1,1.1,1,2014-06-20,0501,Aqua,MODIS,100,6.2,306.5,99.6,D,0
-13.1936,132.0079,334.1,1.1,1,2014-06-20,0501,Aqua,MODIS,55,6.2,306.5,21.1,D,0
-13.3698,132.3038,338.6,1.1,1,2014-06-20,0501,Aqua,MODIS,87,6.2,303.7,31.5,D,0
-12.6755,131.0855,320.1,1,1,2014-06-20,0501,Aqua,MODIS,52,6.2,301.1,7.4,D,0
-13.0423,131.157,323.3,1,1,2014-06-20,0501,Aqua,MODIS,59,6.2,303.9,10.3,D,0
-12.563,132.0903,324.9,1.1,1,2014-06-20,0501,Aqua,MODIS,67,6.2,300.6,15.1,D,0
-11.1924,132.564,319.7,1.2,1.1,2014-06-20,0501,Aqua,MODIS,50,6.2,297.5,11.4,D,0
-11.1907,132.5745,325.4,1.2,1.1,2014-06-20,0501,Aqua,MODIS,74,6.2,297.2,18.7,D,0
-11.5601,130.7197,316.1,1,1,2014-06-20,0501,Aqua,MODIS,57,6.2,297.7,6.1,D,0
-12.5616,132.1001,325.6,1.1,1,2014-06-20,0501,Aqua,MODIS,64,6.2,303.1,15.4,D,0
-13.0058,131.2176,323.9,1,1,2014-06-20,0501,Aqua,MODIS,58,6.2,302.6,8.9,D,0
-11.4093,132.2565,318.9,1.1,1.1,2014-06-20,0501,Aqua,MODIS,53,6.2,296.5,13.8,D,0
-11.4128,132.2629,323.2,1.1,1.1,2014-06-20,0501,Aqua,MODIS,75,6.2,297.1,17.3,D,0
-11.4078,132.2666,313.7,1.1,1.1,2014-06-20,0501,Aqua,MODIS,31,6.2,292.9,7.9,D,0
-33.7152,121.4521,321.4,3.3,1.7,2014-06-20,0633,Aqua,MODIS,81,6.2,290.4,105.4,D,0
-23.4784,148.3082,303.7,1.1,1,2014-06-20,1244,Terra,MODIS,57,6.2,286.2,8.6,N,0
-12.548,141.9143,303.1,1.8,1.3,2014-06-20,1248,Terra,MODIS,53,6.2,291.6,10.9,N,0
-12.5502,141.8973,320.8,1.9,1.3,2014-06-20,1248,Terra,MODIS,100,6.2,291.9,44.3,N,0
-20.5494,119.1837,334.8,1.7,1.3,2014-06-20,1424,Terra,MODIS,100,6.2,286.3,83.6,N,0
-20.5513,119.1672,322.2,1.7,1.3,2014-06-20,1424,Terra,MODIS,100,6.2,285.2,49.7,N,0
-19.6647,131.1432,301.4,2.2,1.4,2014-06-20,1424,Terra,MODIS,41,6.2,287.1,21.5,N,0
-19.2699,130.2517,301.9,1.9,1.4,2014-06-20,1424,Terra,MODIS,45,6.2,287.4,16.5,N,0
-15.6789,124.8774,310.6,1.1,1,2014-06-20,1425,Terra,MODIS,73,6.2,295.1,8.7,N,0
-15.6882,124.8788,306.3,1.1,1,2014-06-20,1425,Terra,MODIS,50,6.2,294.1,5.5,N,0
-15.6974,124.8804,304.2,1.1,1,2014-06-20,1425,Terra,MODIS,33,6.2,293.9,4.5,N,0
-15.0425,126.0364,306.8,1.2,1.1,2014-06-20,1425,Terra,MODIS,69,6.2,291.2,9.5,N,0
-15.0523,126.0381,302.8,1.2,1.1,2014-06-20,1425,Terra,MODIS,46,6.2,291.3,6.1,N,0
-14.5105,130.0166,301.7,2.3,1.5,2014-06-20,1425,Terra,MODIS,43,6.2,290.5,13.4,N,0
-15.2214,127.4733,302.7,1.5,1.2,2014-06-20,1425,Terra,MODIS,42,6.2,292,6.4,N,0
-14.7865,126.1015,303.2,1.2,1.1,2014-06-20,1426,Terra,MODIS,17,6.2,290.4,5.9,N,0
-13.7541,132.6932,300.2,3.8,1.8,2014-06-20,1426,Terra,MODIS,21,6.2,290.1,23.6,N,0
-14.7885,126.0962,306.2,1.2,1.1,2014-06-20,1426,Terra,MODIS,53,6.2,290.5,8.3,N,0
-14.0323,130.5322,304.7,2.6,1.5,2014-06-20,1426,Terra,MODIS,61,6.2,291.1,20.1,N,0
-14.0037,130.4969,301.2,2.6,1.5,2014-06-20,1426,Terra,MODIS,38,6.2,290.9,13.3,N,0
-14.0366,130.5087,306.3,2.6,1.5,2014-06-20,1426,Terra,MODIS,68,6.2,291.4,24.1,N,0
-14.0409,130.5282,306.8,2.6,1.5,2014-06-20,1426,Terra,MODIS,69,6.2,291.4,25.5,N,0
-14.9985,125.8539,304.5,1.2,1.1,2014-06-20,1426,Terra,MODIS,61,6.2,291.2,7.2,N,0
-14.9656,125.9381,302.2,1.2,1.1,2014-06-20,1426,Terra,MODIS,47,6.2,290.7,5.9,N,0
-13.3194,132.0168,305.2,3.4,1.7,2014-06-20,1426,Terra,MODIS,43,6.2,290.8,32.6,N,0
-13.313,132.0225,309.2,3.4,1.7,2014-06-20,1426,Terra,MODIS,69,6.2,290.8,46.4,N,0
-13.3033,131.9882,310.2,3.4,1.7,2014-06-20,1426,Terra,MODIS,38,6.2,291.1,48.4,N,0
-13.1947,132.0199,305.2,3.5,1.8,2014-06-20,1426,Terra,MODIS,63,6.2,290.9,34.8,N,0
-13.416,131.1242,300.6,2.9,1.6,2014-06-20,1426,Terra,MODIS,30,6.2,289.9,15.1,N,0
-13.3037,132.0139,305.3,3.4,1.7,2014-06-20,1426,Terra,MODIS,64,6.2,290.9,33.5,N,0
-13.4163,131.1298,301.4,2.9,1.6,2014-06-20,1426,Terra,MODIS,40,6.2,290,17.7,N,0
-13.3094,131.9824,307.4,3.4,1.7,2014-06-20,1426,Terra,MODIS,71,6.2,291.3,41.7,N,0
-12.5516,141.905,307.6,1.2,1.1,2014-06-20,1551,Aqua,MODIS,72,6.2,291.7,9,N,0
-12.5419,141.9066,307.1,1.2,1.1,2014-06-20,1551,Aqua,MODIS,70,6.2,292.1,8.7,N,0
-20.5527,119.1872,304.1,1,1,2014-06-20,1731,Aqua,MODIS,53,6.2,282.8,8.9,N,0
-20.5597,119.1804,304.7,1,1,2014-06-20,1731,Aqua,MODIS,61,6.2,282.9,10.2,N,0
-20.5951,116.7759,301.6,1,1,2014-06-20,1732,Aqua,MODIS,43,6.2,289.2,6,N,0
-26.5154,149.6258,301.4,2.7,1.6,2014-06-20,2341,Terra,MODIS,35,6.2,290.3,12.1,D,0
-26.5181,149.6178,306,2.7,1.6,2014-06-20,2341,Terra,MODIS,63,6.2,290.5,24.8,D,0
-26.7967,150.198,301.3,2.4,1.5,2014-06-20,2341,Terra,MODIS,46,6.2,290.4,11.6,D,2
-34.4577,150.8818,303.7,1.5,1.2,2014-06-20,2343,Terra,MODIS,43,6.2,290.2,10.2,D,2
-13.7645,143.1667,313.8,2.3,1.5,2014-06-21,0116,Terra,MODIS,67,6.2,296.6,24.9,D,0
-12.0573,133.8914,322,1.2,1.1,2014-06-21,0116,Terra,MODIS,66,6.2,298.3,15.6,D,0
-14.4078,142.5804,314.3,2.1,1.4,2014-06-21,0116,Terra,MODIS,69,6.2,296.6,24.7,D,0
-12.5956,132.2113,317,1.5,1.2,2014-06-21,0116,Terra,MODIS,66,6.2,298.4,15.4,D,0
-13.761,143.1618,313.4,2.3,1.5,2014-06-21,0116,Terra,MODIS,66,6.2,297,26.1,D,0
-12.0474,133.893,329.6,1.2,1.1,2014-06-21,0116,Terra,MODIS,81,6.2,299,26.1,D,0
-12.8487,131.445,327.6,1.7,1.3,2014-06-21,0116,Terra,MODIS,79,6.2,300.1,37.5,D,0
-14.4078,142.586,313.6,2.1,1.4,2014-06-21,0116,Terra,MODIS,66,6.2,296.5,21.4,D,0
-15.4102,141.7492,315.3,1.9,1.3,2014-06-21,0116,Terra,MODIS,64,6.2,301.3,16.9,D,0
-14.4054,142.5665,310,2.1,1.4,2014-06-21,0116,Terra,MODIS,46,6.2,296.4,13.9,D,0
-14.5273,135.205,315.6,1,1,2014-06-21,0116,Terra,MODIS,60,6.2,300.7,7.5,D,0
-12.8461,131.4292,330.4,1.7,1.3,2014-06-21,0116,Terra,MODIS,82,6.2,300,45,D,0
-15.4165,141.7604,313.3,1.9,1.3,2014-06-21,0116,Terra,MODIS,67,6.2,300.6,13.3,D,0
-12.1256,133.9312,321,1.2,1.1,2014-06-21,0116,Terra,MODIS,73,6.2,301.5,14.4,D,0
-12.5497,141.8921,316.4,1.8,1.3,2014-06-21,0116,Terra,MODIS,64,6.2,297.1,21.1,D,0
-12.5518,141.9081,353.8,1.8,1.3,2014-06-21,0116,Terra,MODIS,73,6.2,302.3,151.2,D,0
-12.7543,130.4918,320.3,2,1.4,2014-06-21,0116,Terra,MODIS,69,6.2,298.3,33.7,D,0
-12.7636,130.4712,315.8,2,1.4,2014-06-21,0116,Terra,MODIS,36,6.2,298.5,20.9,D,0
-12.7792,130.4875,334.3,2,1.4,2014-06-21,0116,Terra,MODIS,85,6.2,298.3,78.1,D,0
-12.7668,130.4897,335.8,2,1.4,2014-06-21,0116,Terra,MODIS,86,6.2,298.9,84.9,D,0
-13.783,132.7711,315.9,1.3,1.1,2014-06-21,0116,Terra,MODIS,29,6.2,300.4,7.7,D,0
-13.744,132.707,332.3,1.4,1.2,2014-06-21,0116,Terra,MODIS,84,6.2,302.5,34.5,D,0
-13.7625,132.7105,349.4,1.4,1.2,2014-06-21,0116,Terra,MODIS,95,6.2,302.8,78.7,D,0
-13.7398,132.7016,324,1.4,1.2,2014-06-21,0116,Terra,MODIS,73,6.2,302,20,D,0
-13.7748,132.7212,321.5,1.4,1.2,2014-06-21,0116,Terra,MODIS,28,6.2,301.3,15.1,D,0
-13.7728,132.7087,321.9,1.4,1.2,2014-06-21,0116,Terra,MODIS,54,6.2,301,16.5,D,0
-13.7645,132.7229,339.5,1.4,1.2,2014-06-21,0116,Terra,MODIS,81,6.2,303.3,49.4,D,0
-13.4184,131.1394,316.6,1.8,1.3,2014-06-21,0116,Terra,MODIS,59,6.2,298.6,15.5,D,0
-13.9803,132.3542,315,1.4,1.2,2014-06-21,0116,Terra,MODIS,39,6.2,301.6,9.1,D,0
-13.267,132.1674,320.6,1.5,1.2,2014-06-21,0116,Terra,MODIS,63,6.2,301.6,13.4,D,0
-13.2208,132.09,318,1.5,1.2,2014-06-21,0116,Terra,MODIS,60,6.2,301.9,9,D,0
-13.3693,132.2976,335.2,1.5,1.2,2014-06-21,0116,Terra,MODIS,86,6.2,302.4,45.5,D,0
-13.3714,132.311,320.3,1.5,1.2,2014-06-21,0116,Terra,MODIS,56,6.2,300.9,15.7,D,0
-13.2932,131.9709,317.4,1.5,1.2,2014-06-21,0116,Terra,MODIS,64,6.2,299.8,14.9,D,0
-12.6557,132.8409,316.8,1.4,1.2,2014-06-21,0116,Terra,MODIS,61,6.2,301.1,10.4,D,0
-12.6607,132.8462,315.5,1.4,1.2,2014-06-21,0116,Terra,MODIS,58,6.2,301.3,8.9,D,0
-13.9108,132.426,324.1,1.4,1.2,2014-06-21,0116,Terra,MODIS,31,6.2,300.9,21.1,D,0
-13.9276,132.3965,324,1.4,1.2,2014-06-21,0116,Terra,MODIS,52,6.2,301,20.8,D,0
-13.4099,131.09,315.7,1.8,1.3,2014-06-21,0116,Terra,MODIS,45,6.2,299.4,13.2,D,0
-13.367,132.2841,376.1,1.5,1.2,2014-06-21,0116,Terra,MODIS,100,6.2,305.5,223.7,D,0
-13.3786,132.0651,336.1,1.5,1.2,2014-06-21,0116,Terra,MODIS,87,6.2,301.1,51.9,D,0
-13.5345,131.5508,316.7,1.6,1.3,2014-06-21,0116,Terra,MODIS,59,6.2,301,13.4,D,0
-13.2421,132.0145,321.8,1.5,1.2,2014-06-21,0116,Terra,MODIS,39,6.2,301.9,14.3,D,0
-13.1928,131.9209,322.8,1.6,1.2,2014-06-21,0116,Terra,MODIS,57,6.2,301.4,19.9,D,0
-13.6816,132.844,323.2,1.3,1.1,2014-06-21,0116,Terra,MODIS,74,6.2,302.1,18,D,0
-13.6795,132.8317,328.6,1.3,1.1,2014-06-21,0116,Terra,MODIS,80,6.2,302.4,27.8,D,0
-13.8982,132.4149,329.5,1.4,1.2,2014-06-21,0116,Terra,MODIS,79,6.2,301.4,33.4,D,0
-13.7172,132.6727,320.9,1.4,1.2,2014-06-21,0116,Terra,MODIS,64,6.2,302.5,15.4,D,0
-13.1897,132.038,328.7,1.5,1.2,2014-06-21,0116,Terra,MODIS,80,6.2,303,30.1,D,0
-13.1904,131.9065,319.8,1.6,1.2,2014-06-21,0116,Terra,MODIS,48,6.2,301.3,14.8,D,0
-13.3003,132.0131,331.8,1.5,1.2,2014-06-21,0116,Terra,MODIS,65,6.2,302.2,38.7,D,0
-13.2979,131.999,327.1,1.5,1.2,2014-06-21,0116,Terra,MODIS,32,6.2,301.8,28.2,D,0
-13.2956,131.9849,327.8,1.5,1.2,2014-06-21,0116,Terra,MODIS,79,6.2,301.9,33.6,D,0
-13.2807,132.0309,322.5,1.5,1.2,2014-06-21,0116,Terra,MODIS,62,6.2,301.3,20,D,0
-13.2784,132.0168,319.8,1.5,1.2,2014-06-21,0116,Terra,MODIS,47,6.2,300.6,15.2,D,0
-13.6705,134.3727,315.5,1.1,1,2014-06-21,0116,Terra,MODIS,61,6.2,301.9,5.8,D,0
-13.4067,132.0316,324.2,1.5,1.2,2014-06-21,0116,Terra,MODIS,55,6.2,299.6,23.5,D,0
-13.8469,132.7279,320.6,1.3,1.2,2014-06-21,0116,Terra,MODIS,29,6.2,301.9,13.2,D,0
-13.8366,132.7296,319.9,1.3,1.2,2014-06-21,0116,Terra,MODIS,31,6.2,301.1,12.4,D,0
-13.8388,132.7232,320.8,1.4,1.2,2014-06-21,0116,Terra,MODIS,58,6.2,301.7,14.5,D,0
-13.9519,136.4684,316.2,1,1,2014-06-21,0116,Terra,MODIS,66,6.2,302.3,7.2,D,0
-13.9297,132.4094,373.2,1.4,1.2,2014-06-21,0116,Terra,MODIS,100,6.2,303.7,195.9,D,0
-13.8261,132.776,320.8,1.3,1.1,2014-06-21,0116,Terra,MODIS,55,6.2,301.6,14,D,0
-13.1985,132.3803,324.4,1.5,1.2,2014-06-21,0116,Terra,MODIS,76,6.2,301.4,22.5,D,0
-13.8571,132.7893,317.5,1.3,1.1,2014-06-21,0116,Terra,MODIS,23,6.2,300.7,9.9,D,0
-13.5405,131.657,318.2,1.6,1.2,2014-06-21,0116,Terra,MODIS,56,6.2,301.1,14.1,D,0
-13.1873,132.0239,324.5,1.5,1.2,2014-06-21,0116,Terra,MODIS,76,6.2,303.2,20.4,D,0
-13.409,132.0455,347,1.5,1.2,2014-06-21,0116,Terra,MODIS,93,6.2,301.3,87.1,D,0
-13.4113,132.0595,322.6,1.5,1.2,2014-06-21,0116,Terra,MODIS,38,6.2,300.3,19,D,0
-11.4433,132.2827,312.8,1.6,1.2,2014-06-21,0116,Terra,MODIS,44,6.2,296.8,9.5,D,0
-13.4272,131.121,316.7,1.8,1.3,2014-06-21,0116,Terra,MODIS,47,6.2,298.3,15.4,D,0
-13.7485,132.9326,322.4,1.3,1.1,2014-06-21,0116,Terra,MODIS,73,6.2,300.6,17.4,D,0
-13.7175,132.9991,317.3,1.3,1.1,2014-06-21,0116,Terra,MODIS,63,6.2,301.4,9.3,D,0
-12.6587,132.8335,316,1.4,1.2,2014-06-21,0116,Terra,MODIS,63,6.2,301.1,9.5,D,0
-13.3158,132.0394,322.2,1.5,1.2,2014-06-21,0116,Terra,MODIS,50,6.2,302.4,19.2,D,0
-13.7504,132.9447,319.1,1.3,1.1,2014-06-21,0116,Terra,MODIS,67,6.2,300.7,13.3,D,0
-15.0208,131.137,326.1,1.7,1.3,2014-06-21,0117,Terra,MODIS,78,6.2,299.2,35.8,D,0
-15.0182,131.1216,323.6,1.7,1.3,2014-06-21,0117,Terra,MODIS,75,6.2,298.9,30.6,D,0
-14.6679,135.1571,314.6,1,1,2014-06-21,0117,Terra,MODIS,55,6.2,301.3,5.4,D,0
-14.6664,135.1476,323.1,1,1,2014-06-21,0117,Terra,MODIS,74,6.2,301.3,14.1,D,0
-14.9506,125.8332,310.7,4.1,1.9,2014-06-21,0117,Terra,MODIS,41,6.2,293,42,D,0
-14.958,125.871,311.9,4.1,1.9,2014-06-21,0117,Terra,MODIS,51,6.2,293.7,48.1,D,0
-14.6519,132.4449,316.1,1.4,1.2,2014-06-21,0117,Terra,MODIS,59,6.2,300.6,9.8,D,0
-18.0746,137.1258,320.2,1.1,1,2014-06-21,0117,Terra,MODIS,72,6.2,302.2,12.3,D,0
-14.8031,126.1074,311.6,4,1.9,2014-06-21,0117,Terra,MODIS,28,6.2,293.4,38.6,D,0
-14.5179,130.1076,375.7,2,1.4,2014-06-21,0117,Terra,MODIS,100,6.2,302.6,360,D,0
-14.5212,130.126,325.1,2,1.4,2014-06-21,0117,Terra,MODIS,77,6.2,297.7,44.2,D,0
-15.0773,125.6326,310.6,4.3,1.9,2014-06-21,0117,Terra,MODIS,39,6.2,293.6,41.8,D,0
-14.5039,130.117,330.9,2,1.4,2014-06-21,0117,Terra,MODIS,83,6.2,299.2,60.9,D,0
-14.5131,130.0961,367.6,2,1.4,2014-06-21,0117,Terra,MODIS,100,6.2,301.6,277.7,D,0
-15.2983,130.0635,319,2,1.4,2014-06-21,0117,Terra,MODIS,68,6.2,299,23.9,D,0
-14.5303,130.1053,334.1,2,1.4,2014-06-21,0117,Terra,MODIS,86,6.2,298.7,78.6,D,0
-14.5269,130.0862,327.7,2,1.4,2014-06-21,0117,Terra,MODIS,80,6.2,297.3,55.1,D,0
-14.5163,130.1147,357.2,2,1.4,2014-06-21,0117,Terra,MODIS,98,6.2,300.7,196.8,D,0
-14.5055,130.1099,333.4,2,1.4,2014-06-21,0117,Terra,MODIS,85,6.2,299,70.6,D,0
-14.7865,126.1105,312.3,4,1.9,2014-06-21,0117,Terra,MODIS,54,6.2,293.6,45,D,0
-14.7792,126.0734,317.7,4,1.9,2014-06-21,0117,Terra,MODIS,68,6.2,293.8,76.8,D,0
-14.7984,126.114,314,4,1.9,2014-06-21,0117,Terra,MODIS,60,6.2,293.5,56.3,D,0
-14.7914,126.077,322.4,4,1.9,2014-06-21,0117,Terra,MODIS,75,6.2,293.6,112.1,D,0
-14.5088,130.1283,329.7,2,1.4,2014-06-21,0117,Terra,MODIS,82,6.2,299.2,57.8,D,0
-14.5071,130.1354,322.5,2,1.4,2014-06-21,0117,Terra,MODIS,55,6.2,298.7,34.5,D,0
-14.5146,130.0889,361.1,2,1.4,2014-06-21,0117,Terra,MODIS,100,6.2,300.2,230.3,D,0
-14.4733,130.1606,327.1,2,1.4,2014-06-21,0117,Terra,MODIS,80,6.2,298.8,48.7,D,0
-18.9394,130.722,315.6,1.5,1.2,2014-06-21,0118,Terra,MODIS,64,6.2,298.5,12.9,D,0
-19.6639,131.1514,315,1.4,1.2,2014-06-21,0118,Terra,MODIS,60,6.2,300.2,10.4,D,0
-19.7112,130.3027,312.9,1.6,1.2,2014-06-21,0118,Terra,MODIS,41,6.2,300.1,10.3,D,0
-19.6764,130.2398,318.8,1.6,1.2,2014-06-21,0118,Terra,MODIS,72,6.2,299.7,20.8,D,0
-18.9309,130.7382,317.1,1.5,1.2,2014-06-21,0118,Terra,MODIS,68,6.2,299.4,15.4,D,0
-19.7112,130.3094,313.2,1.6,1.2,2014-06-21,0118,Terra,MODIS,25,6.2,299.8,9.9,D,0
-18.4859,130.0343,318.8,1.7,1.3,2014-06-21,0118,Terra,MODIS,71,6.2,299.2,24.9,D,0
-19.6832,130.1454,313.8,1.6,1.2,2014-06-21,0118,Terra,MODIS,58,6.2,297,14.5,D,0
-19.6858,130.1606,329.2,1.6,1.2,2014-06-21,0118,Terra,MODIS,83,6.2,298.3,44.8,D,0
-18.4887,130.0504,317.1,1.7,1.3,2014-06-21,0118,Terra,MODIS,68,6.2,297.3,20.7,D,0
-19.2901,131.2262,312.8,1.4,1.2,2014-06-21,0118,Terra,MODIS,55,6.2,299.6,7.5,D,0
-19.8786,130.7546,315.6,1.4,1.2,2014-06-21,0118,Terra,MODIS,58,6.2,299.8,12.2,D,0
-19.7222,130.3005,342.6,1.6,1.2,2014-06-21,0118,Terra,MODIS,92,6.2,299.5,80.2,D,0
-19.2933,130.2926,309.6,1.6,1.2,2014-06-21,0118,Terra,MODIS,39,6.2,298.2,7.1,D,0
-19.6848,130.154,329.7,1.6,1.2,2014-06-21,0118,Terra,MODIS,83,6.2,298.4,46.7,D,0
-19.6875,130.1691,312.8,1.6,1.2,2014-06-21,0118,Terra,MODIS,56,6.2,297.7,12.5,D,0
-19.7196,130.2858,344.5,1.6,1.2,2014-06-21,0118,Terra,MODIS,93,6.2,299.3,87.3,D,0
-19.2879,131.2132,331.9,1.4,1.2,2014-06-21,0118,Terra,MODIS,85,6.2,300.2,39.6,D,0
-19.2857,131.2001,327.1,1.4,1.2,2014-06-21,0118,Terra,MODIS,81,6.2,300.6,29.8,D,0
-19.3795,130.1915,312.2,1.6,1.2,2014-06-21,0118,Terra,MODIS,58,6.2,298.1,11.2,D,0
-18.7985,130.9565,324.4,1.5,1.2,2014-06-21,0118,Terra,MODIS,77,6.2,300.6,24.3,D,0
-18.7931,130.9494,313.7,1.5,1.2,2014-06-21,0118,Terra,MODIS,58,6.2,299.6,9.2,D,0
-18.7954,130.9632,324.2,1.5,1.2,2014-06-21,0118,Terra,MODIS,77,6.2,300.9,25.8,D,0
-19.798,130.8883,312.6,1.4,1.2,2014-06-21,0118,Terra,MODIS,59,6.2,299,9.6,D,0
-22.5542,130.1082,325.4,1.4,1.2,2014-06-21,0119,Terra,MODIS,81,6.2,298.3,33,D,0
-22.8063,131.3383,311.1,1.2,1.1,2014-06-21,0119,Terra,MODIS,60,6.2,297.7,7.7,D,0
-22.5518,130.0944,308,1.4,1.2,2014-06-21,0119,Terra,MODIS,48,6.2,297.1,6.9,D,0
-33.6912,122.1928,300.3,2.7,1.6,2014-06-21,0122,Terra,MODIS,34,6.2,286.1,20.9,D,0
-20.1256,119.8394,324.1,3.6,1.8,2014-06-21,0257,Terra,MODIS,77,6.2,303.8,88.5,D,0
-20.1417,119.8378,315.4,3.6,1.8,2014-06-21,0257,Terra,MODIS,28,6.2,302.7,29.8,D,0
-34.7592,149.9975,301.8,1,1,2014-06-21,0359,Aqua,MODIS,49,6.2,286.6,5.5,D,0
-34.4625,150.8748,307.9,1,1,2014-06-21,0359,Aqua,MODIS,62,6.2,293.7,7.1,D,2
-34.4608,150.8859,310.9,1,1,2014-06-21,0359,Aqua,MODIS,0,6.2,292.6,9.1,D,2
-29.868,148.0697,307.7,1,1,2014-06-21,0400,Aqua,MODIS,55,6.2,296.9,3.2,D,0
-32.4678,149.6851,300.8,1,1,2014-06-21,0400,Aqua,MODIS,41,6.2,288.3,4.6,D,0
-29.8694,148.0593,327.1,1,1,2014-06-21,0400,Aqua,MODIS,83,6.2,298.5,20.7,D,0
-30.7404,146.9146,333.7,1.1,1,2014-06-21,0400,Aqua,MODIS,88,6.2,295.5,33.7,D,0
-30.7419,146.9035,317.3,1.1,1,2014-06-21,0400,Aqua,MODIS,76,6.2,294.9,13.7,D,0
-30.8527,147.7871,308.4,1,1,2014-06-21,0400,Aqua,MODIS,65,6.2,295.5,5.1,D,0
-29.0065,151.8083,313.8,1.3,1.1,2014-06-21,0401,Aqua,MODIS,54,6.2,287.9,18.7,D,0
-29.1948,148.9117,315.2,1,1,2014-06-21,0401,Aqua,MODIS,73,6.2,295.3,10.9,D,0
-27.8924,148.8208,316.3,1,1,2014-06-21,0401,Aqua,MODIS,74,6.2,293.8,11.9,D,0
-27.8908,148.8311,338.9,1,1,2014-06-21,0401,Aqua,MODIS,91,6.2,297.2,39.5,D,0
-26.8013,150.1984,308,1.1,1.1,2014-06-21,0401,Aqua,MODIS,61,6.2,293.8,8.3,D,2
-28.5295,149.4788,306.7,1,1,2014-06-21,0401,Aqua,MODIS,55,6.2,295.5,3.9,D,0
-23.383,150.6353,308.5,1.3,1.1,2014-06-21,0402,Aqua,MODIS,50,6.2,294.8,8.1,D,0
-23.1793,148.2607,322.6,1.1,1,2014-06-21,0402,Aqua,MODIS,78,6.2,302.6,14.3,D,0
-24.2498,150.547,327.4,1.3,1.1,2014-06-21,0402,Aqua,MODIS,83,6.2,296.5,32.2,D,0
-24.2519,150.5346,320,1.3,1.1,2014-06-21,0402,Aqua,MODIS,77,6.2,297.5,20.3,D,0
-19.7482,147.2022,313.3,1,1,2014-06-21,0403,Aqua,MODIS,54,6.2,298.8,7,D,0
-17.6741,137.8335,314.9,2.6,1.6,2014-06-21,0404,Aqua,MODIS,57,6.2,303,23.4,D,0
-17.6698,137.8282,316.9,2.6,1.6,2014-06-21,0404,Aqua,MODIS,64,6.2,302.7,30.9,D,0
-16.1104,144.1677,320.3,1,1,2014-06-21,0404,Aqua,MODIS,57,6.2,298.6,11.7,D,0
-16.1117,144.1582,316.9,1,1,2014-06-21,0404,Aqua,MODIS,34,6.2,298,8.6,D,0
-16.1195,144.1691,343.6,1,1,2014-06-21,0404,Aqua,MODIS,92,6.2,299.9,44.1,D,0
-16.1208,144.1596,324.1,1,1,2014-06-21,0404,Aqua,MODIS,63,6.2,298.9,15.3,D,0
-17.5462,138.8152,335.3,2.2,1.4,2014-06-21,0404,Aqua,MODIS,81,6.2,305.1,86.8,D,0
-17.5485,138.7945,315.3,2.2,1.4,2014-06-21,0404,Aqua,MODIS,53,6.2,303.7,15.5,D,0
-16.1756,144.2221,309.9,1,1,2014-06-21,0404,Aqua,MODIS,48,6.2,298.8,4.2,D,0
-13.2685,142.9272,320.2,1.1,1,2014-06-21,0405,Aqua,MODIS,74,6.2,300.2,12.4,D,0
-13.2699,142.9173,325.3,1.1,1,2014-06-21,0405,Aqua,MODIS,79,6.2,301,18.1,D,0
-13.2712,142.9074,337.7,1.1,1,2014-06-21,0405,Aqua,MODIS,89,6.2,300.9,35.8,D,0
-13.262,142.9061,320.4,1.1,1,2014-06-21,0405,Aqua,MODIS,74,6.2,299.6,12.6,D,0
-13.3928,143.017,315.1,1.1,1,2014-06-21,0405,Aqua,MODIS,65,6.2,299.9,7.7,D,0
-12.5629,141.9004,356.6,1.2,1.1,2014-06-21,0405,Aqua,MODIS,74,6.2,304.9,86.7,D,0
-12.5518,141.9097,338.5,1.2,1.1,2014-06-21,0405,Aqua,MODIS,77,6.2,306.3,39.3,D,0
-12.5643,141.8898,324.7,1.2,1.1,2014-06-21,0405,Aqua,MODIS,66,6.2,301.5,18.9,D,0
-12.5532,141.8991,360.7,1.2,1.1,2014-06-21,0405,Aqua,MODIS,94,6.2,307.2,99.6,D,0
-15.16,144.3287,311,1,1,2014-06-21,0405,Aqua,MODIS,22,6.2,298.9,4.5,D,0
-12.9039,142.6992,369.6,1.1,1,2014-06-21,0405,Aqua,MODIS,100,6.2,306.3,120.1,D,0
-12.9026,142.7091,380.8,1.1,1,2014-06-21,0405,Aqua,MODIS,100,6.2,308.4,166.5,D,0
-12.4582,142.2086,322.2,1.1,1.1,2014-06-21,0405,Aqua,MODIS,60,6.2,304.9,12.1,D,0
-15.151,144.3274,313.7,1,1,2014-06-21,0405,Aqua,MODIS,63,6.2,298.2,7.2,D,0
-12.9013,142.719,338,1.1,1,2014-06-21,0405,Aqua,MODIS,89,6.2,303.4,36,D,0
-14.8617,141.6141,317.4,1.3,1.1,2014-06-21,0405,Aqua,MODIS,50,6.2,303.9,8,D,0
-12.8946,142.6978,339.7,1.1,1,2014-06-21,0405,Aqua,MODIS,90,6.2,300.2,39.8,D,0
-12.8933,142.7077,359.6,1.1,1,2014-06-21,0405,Aqua,MODIS,99,6.2,302.5,87,D,0
-12.892,142.7176,361.8,1.1,1,2014-06-21,0405,Aqua,MODIS,100,6.2,302.8,93.4,D,0
-14.2217,142.8112,329,1.1,1,2014-06-21,0405,Aqua,MODIS,80,6.2,303.1,21.2,D,0
-14.4159,142.5902,313.6,1.1,1.1,2014-06-21,0405,Aqua,MODIS,59,6.2,300.5,6.3,D,0
-14.2551,142.8227,320.5,1.1,1,2014-06-21,0405,Aqua,MODIS,67,6.2,303.9,10.6,D,0
-14.8539,144.1531,321.2,1,1,2014-06-21,0405,Aqua,MODIS,64,6.2,299.3,14.3,D,0
-14.2325,142.8025,321.3,1.1,1,2014-06-21,0405,Aqua,MODIS,74,6.2,302.3,13.3,D,0
-13.7602,143.1543,313.9,1.1,1,2014-06-21,0405,Aqua,MODIS,52,6.2,301.3,5.7,D,0
-12.7569,142.286,318.6,1.1,1.1,2014-06-21,0405,Aqua,MODIS,56,6.2,302.8,9.5,D,0
-15.4887,141.7184,321.6,1.3,1.1,2014-06-21,0405,Aqua,MODIS,64,6.2,304.5,14.1,D,0
-14.2311,142.8126,324.3,1.1,1,2014-06-21,0405,Aqua,MODIS,78,6.2,304.4,16.7,D,0
-12.752,142.2902,316.5,1.1,1.1,2014-06-21,0405,Aqua,MODIS,68,6.2,302.7,8.7,D,0
-15.4974,141.7262,326.9,1.3,1.1,2014-06-21,0405,Aqua,MODIS,79,6.2,304.9,20,D,0
-15.036,141.7517,316.3,1.3,1.1,2014-06-21,0405,Aqua,MODIS,59,6.2,302.7,7.4,D,0
-12.668,142.3407,340.7,1.1,1.1,2014-06-21,0405,Aqua,MODIS,90,6.2,305.6,42.1,D,0
-12.7534,142.2799,315.2,1.1,1.1,2014-06-21,0405,Aqua,MODIS,65,6.2,302.3,7.2,D,0
-14.393,142.5445,314.5,1.1,1.1,2014-06-21,0405,Aqua,MODIS,62,6.2,301,7.6,D,0
-15.4888,141.7129,320.2,1.3,1.1,2014-06-21,0405,Aqua,MODIS,63,6.2,303.6,11.2,D,0
-15.1523,144.318,310.9,1,1,2014-06-21,0405,Aqua,MODIS,48,6.2,298.5,4.7,D,0
-14.8526,144.1624,316.5,1,1,2014-06-21,0405,Aqua,MODIS,27,6.2,298.5,9.9,D,0
-12.3997,142.1109,311.2,1.1,1.1,2014-06-21,0405,Aqua,MODIS,40,6.2,296.5,3.9,D,0
-12.8112,142.7105,321.4,1.1,1,2014-06-21,0405,Aqua,MODIS,66,6.2,303,11.7,D,0
-15.4989,141.7143,345.1,1.3,1.1,2014-06-21,0405,Aqua,MODIS,92,6.2,305.6,59.9,D,0
-12.4487,142.2073,339.6,1.1,1.1,2014-06-21,0405,Aqua,MODIS,90,6.2,303.1,39.1,D,0
-12.75,142.3371,316.1,1.1,1.1,2014-06-21,0405,Aqua,MODIS,30,6.2,302.4,6.4,D,0
-15.0217,144.2669,314.6,1,1,2014-06-21,0405,Aqua,MODIS,65,6.2,296.7,8.5,D,0
-12.8045,142.6894,337.7,1.1,1,2014-06-21,0405,Aqua,MODIS,89,6.2,300.6,34.4,D,0
-13.3208,133.804,311.6,4.6,2,2014-06-21,0405,Aqua,MODIS,59,6.2,295.1,47.6,D,0
-14.2564,142.8126,322.2,1.1,1,2014-06-21,0405,Aqua,MODIS,71,6.2,301.4,13.1,D,0
-12.7952,142.6881,331.8,1.1,1,2014-06-21,0405,Aqua,MODIS,85,6.2,300.7,25.3,D,0
-14.2297,142.8227,330.3,1.1,1,2014-06-21,0405,Aqua,MODIS,83,6.2,303,24.2,D,0
-13.3164,133.8388,311.6,4.6,2,2014-06-21,0405,Aqua,MODIS,60,6.2,295.1,46.6,D,0
-12.7449,142.3413,314.1,1.1,1.1,2014-06-21,0405,Aqua,MODIS,60,6.2,301.8,5.6,D,0
-12.7939,142.698,334.7,1.1,1,2014-06-21,0405,Aqua,MODIS,87,6.2,303.1,29.1,D,0
-14.2203,142.8213,328,1.1,1,2014-06-21,0405,Aqua,MODIS,77,6.2,301.9,19.6,D,0
-12.7635,142.3806,314.6,1.1,1.1,2014-06-21,0405,Aqua,MODIS,65,6.2,301.8,6.8,D,0
-12.4501,142.197,334.6,1.1,1.1,2014-06-21,0405,Aqua,MODIS,87,6.2,303.3,29.9,D,0
-12.8032,142.6993,351.1,1.1,1,2014-06-21,0405,Aqua,MODIS,96,6.2,304.1,62,D,0
-15.4017,141.7547,321.2,1.3,1.1,2014-06-21,0405,Aqua,MODIS,67,6.2,307.6,12,D,0
-12.2402,133.6454,316.8,4.6,2,2014-06-21,0406,Aqua,MODIS,67,6.2,292.7,69.2,D,0
-12.2401,133.6531,320.6,4.6,2,2014-06-21,0406,Aqua,MODIS,73,6.2,292.8,101.4,D,0
-12.1214,133.9237,314.2,4.4,1.9,2014-06-21,0406,Aqua,MODIS,47,6.2,292.7,53.8,D,0
-12.0362,133.8614,314.4,4.4,1.9,2014-06-21,0406,Aqua,MODIS,36,6.2,292.6,57.7,D,0
-12.0899,133.8764,317.9,4.4,1.9,2014-06-21,0406,Aqua,MODIS,36,6.2,291.5,73.6,D,0
-12.0377,133.8699,316.6,4.4,1.9,2014-06-21,0406,Aqua,MODIS,60,6.2,292.4,73.9,D,0
-12.2355,133.6873,313.1,4.6,2,2014-06-21,0406,Aqua,MODIS,38,6.2,293.1,42.3,D,0
-30.8734,121.4952,309.8,1.1,1.1,2014-06-21,0539,Aqua,MODIS,65,6.2,296.9,7.4,D,2
-22.7962,122.5184,315.4,1,1,2014-06-21,0541,Aqua,MODIS,42,6.2,304.4,5.7,D,0
-23.2755,122.6432,355.4,1,1,2014-06-21,0541,Aqua,MODIS,97,6.2,308.2,66.4,D,0
-22.8386,121.9123,393.1,1,1,2014-06-21,0541,Aqua,MODIS,100,6.2,318,204.5,D,0
-22.8283,121.9205,321.5,1,1,2014-06-21,0541,Aqua,MODIS,67,6.2,304.6,10.9,D,0
-23.0831,122.6375,340.7,1,1,2014-06-21,0541,Aqua,MODIS,89,6.2,306.8,36,D,0
-23.0741,122.6359,324.6,1,1,2014-06-21,0541,Aqua,MODIS,74,6.2,305.9,14.7,D,0
-22.8297,121.9108,318.5,1,1,2014-06-21,0541,Aqua,MODIS,40,6.2,307.6,7.4,D,0
-23.0726,122.6457,327.5,1,1,2014-06-21,0541,Aqua,MODIS,77,6.2,303.6,18.2,D,0
-23.0817,122.6473,336.7,1,1,2014-06-21,0541,Aqua,MODIS,86,6.2,304.3,29.4,D,0
-23.2575,122.64,319.9,1,1,2014-06-21,0541,Aqua,MODIS,65,6.2,305.4,9,D,0
-22.8476,121.9138,326.7,1,1,2014-06-21,0541,Aqua,MODIS,76,6.2,303.2,15.4,D,0
-23.2737,122.5926,322.6,1,1,2014-06-21,0541,Aqua,MODIS,71,6.2,305.6,11.3,D,0
-22.8373,121.922,364.3,1,1,2014-06-21,0541,Aqua,MODIS,100,6.2,306.9,89.2,D,0
-23.1429,122.9771,337.4,1,1,2014-06-21,0541,Aqua,MODIS,87,6.2,306.9,30.4,D,0
-23.2722,122.6024,324.2,1,1,2014-06-21,0541,Aqua,MODIS,73,6.2,305.8,13.1,D,0
-23.277,122.6334,328.1,1,1,2014-06-21,0541,Aqua,MODIS,78,6.2,306.1,17.5,D,0
-23.1535,122.9688,324.2,1,1,2014-06-21,0541,Aqua,MODIS,73,6.2,306.8,13,D,0
-23.152,122.9788,355.7,1,1,2014-06-21,0541,Aqua,MODIS,98,6.2,308.3,67.8,D,0
-22.8618,122.5766,320.9,1,1,2014-06-21,0541,Aqua,MODIS,67,6.2,306.5,9.7,D,0
-22.8709,122.5781,332.1,1,1,2014-06-21,0541,Aqua,MODIS,82,6.2,306,22.7,D,0
-23.297,122.4963,340.1,1,1,2014-06-21,0541,Aqua,MODIS,89,6.2,307,34.2,D,0
-23.2894,122.485,334.3,1,1,2014-06-21,0541,Aqua,MODIS,84,6.2,309,25.6,D,0
-23.2998,122.4768,379.1,1,1,2014-06-21,0541,Aqua,MODIS,100,6.2,315.5,141.3,D,0
-23.2984,122.4865,389.4,1,1,2014-06-21,0541,Aqua,MODIS,100,6.2,313.1,187.3,D,0
-23.288,122.4947,319.4,1,1,2014-06-21,0541,Aqua,MODIS,64,6.2,308,7.8,D,0
-20.601,116.7796,316.3,1.5,1.2,2014-06-21,0542,Aqua,MODIS,44,6.2,302.6,17.2,D,2
-19.1377,121.9345,331.7,1,1,2014-06-21,0542,Aqua,MODIS,65,6.2,308.3,17.4,D,0
-19.0943,121.9765,343.2,1,1,2014-06-21,0542,Aqua,MODIS,90,6.2,310,36.7,D,0
-19.0853,121.975,333.3,1,1,2014-06-21,0542,Aqua,MODIS,77,6.2,309.7,19,D,0
-20.5828,119.1891,367.1,1.1,1.1,2014-06-21,0542,Aqua,MODIS,100,6.2,315,110.8,D,0
-20.5842,119.1783,330.8,1.1,1.1,2014-06-21,0542,Aqua,MODIS,69,6.2,312.1,19.2,D,0
-20.1495,119.8414,340.9,1.1,1,2014-06-21,0542,Aqua,MODIS,88,6.2,311.3,32.4,D,0
-20.1231,119.8271,330.7,1.1,1,2014-06-21,0542,Aqua,MODIS,70,6.2,310.1,16.7,D,0
-20.8818,119.6363,384.5,1.1,1,2014-06-21,0542,Aqua,MODIS,100,6.2,313.4,182.3,D,0
-20.8831,119.6258,363.2,1.1,1,2014-06-21,0542,Aqua,MODIS,100,6.2,312.6,94.6,D,0
-20.8751,119.6394,346.2,1.1,1,2014-06-21,0542,Aqua,MODIS,92,6.2,309.7,48.4,D,0
-20.8765,119.629,362.2,1.1,1,2014-06-21,0542,Aqua,MODIS,100,6.2,315.6,91,D,0
-20.8657,119.6379,331.8,1.1,1,2014-06-21,0542,Aqua,MODIS,80,6.2,309.3,22.4,D,0
-20.8671,119.6275,323.4,1.1,1,2014-06-21,0542,Aqua,MODIS,66,6.2,309.9,10.9,D,0
-20.5733,119.1876,337,1.1,1.1,2014-06-21,0542,Aqua,MODIS,85,6.2,310.6,28.9,D,0
-20.5747,119.1769,331.1,1.1,1.1,2014-06-21,0542,Aqua,MODIS,78,6.2,313.2,19.4,D,0
-20.5585,119.1898,360.4,1.1,1.1,2014-06-21,0542,Aqua,MODIS,100,6.2,312.6,87.9,D,0
-20.56,119.179,336.8,1.1,1.1,2014-06-21,0542,Aqua,MODIS,85,6.2,314.2,29.9,D,0
-21.1351,120.6258,379,1,1,2014-06-21,0542,Aqua,MODIS,100,6.2,314.7,141.6,D,0
-21.1338,120.6357,371.7,1,1,2014-06-21,0542,Aqua,MODIS,100,6.2,312.2,113,D,0
-21.1324,120.6455,369.2,1,1,2014-06-21,0542,Aqua,MODIS,100,6.2,308.3,104.8,D,0
-21.1247,120.6342,334.1,1,1,2014-06-21,0542,Aqua,MODIS,67,6.2,313.3,21.9,D,0
-21.1233,120.644,392.9,1,1,2014-06-21,0542,Aqua,MODIS,100,6.2,318.2,206.1,D,0
-21.122,120.6538,347.6,1,1,2014-06-21,0542,Aqua,MODIS,93,6.2,307.7,47,D,0
-21.1169,120.6229,329.5,1,1,2014-06-21,0542,Aqua,MODIS,78,6.2,309.7,16.4,D,0
-21.1129,120.6524,323.1,1,1,2014-06-21,0542,Aqua,MODIS,58,6.2,308.6,9.1,D,0
-21.1116,120.6621,358.4,1,1,2014-06-21,0542,Aqua,MODIS,99,6.2,311.5,72.7,D,0
-21.1102,120.6719,330.7,1,1,2014-06-21,0542,Aqua,MODIS,79,6.2,308.3,18.8,D,0
-19.7088,130.2697,336.8,3.2,1.7,2014-06-21,0542,Aqua,MODIS,86,6.2,302.3,161.7,D,0
-19.7064,130.2772,355.4,3.2,1.7,2014-06-21,0542,Aqua,MODIS,97,6.2,303.4,358.8,D,0
-18.9464,130.718,313.8,3.6,1.8,2014-06-21,0542,Aqua,MODIS,45,6.2,297.5,34.9,D,0
-19.7004,130.3074,326.7,3.2,1.7,2014-06-21,0542,Aqua,MODIS,77,6.2,303,90.6,D,0
-19.703,130.3,338.7,3.2,1.7,2014-06-21,0542,Aqua,MODIS,88,6.2,303.3,179,D,0
-14.8012,126.0981,334.2,2,1.4,2014-06-21,0543,Aqua,MODIS,79,6.2,298.9,68.3,D,0
-14.5251,130.1163,313.3,4,1.9,2014-06-21,0543,Aqua,MODIS,38,6.2,297.3,33.7,D,0
-13.7464,130.2637,323.8,4.3,1.9,2014-06-21,0543,Aqua,MODIS,76,6.2,298.9,102.5,D,0
-16.666,126.354,328.4,1.9,1.3,2014-06-21,0543,Aqua,MODIS,80,6.2,301.9,42,D,0
-15.2927,130.0283,315.6,3.8,1.8,2014-06-21,0543,Aqua,MODIS,53,6.2,299.4,35.5,D,0
-14.5051,129.7432,317.3,3.8,1.8,2014-06-21,0543,Aqua,MODIS,52,6.2,298.7,32.9,D,0
-14.0564,127.1435,329.3,2.4,1.5,2014-06-21,0543,Aqua,MODIS,81,6.2,292.4,76.3,D,0
-15.2999,130.0375,320.2,3.8,1.8,2014-06-21,0543,Aqua,MODIS,68,6.2,299.2,63.6,D,0
-13.7537,130.2251,321,4.2,1.9,2014-06-21,0543,Aqua,MODIS,69,6.2,297.6,80.7,D,0
-14.5023,129.5247,313.7,3.6,1.8,2014-06-21,0543,Aqua,MODIS,0,6.2,296.9,39.6,D,0
-15.2838,125.2042,320.6,1.7,1.3,2014-06-21,0543,Aqua,MODIS,71,6.2,297.7,20.3,D,0
-14.963,125.8242,325.1,1.9,1.3,2014-06-21,0543,Aqua,MODIS,70,6.2,297.5,40.2,D,0
-14.9249,125.9785,313.1,1.9,1.4,2014-06-21,0543,Aqua,MODIS,22,6.2,293.7,13.3,D,0
-14.4038,129.7868,328,3.8,1.8,2014-06-21,0543,Aqua,MODIS,80,6.2,297,128.4,D,0
-14.4109,129.7961,328.3,3.8,1.8,2014-06-21,0543,Aqua,MODIS,80,6.2,297.5,124.2,D,0
-16.7742,122.8867,317.5,1.1,1.1,2014-06-21,0543,Aqua,MODIS,60,6.2,302.9,8.1,D,0
-14.0539,129.919,316.6,3.9,1.8,2014-06-21,0543,Aqua,MODIS,63,6.2,297,67.2,D,0
-14.4177,129.7612,314.6,3.8,1.8,2014-06-21,0543,Aqua,MODIS,37,6.2,296.7,28.9,D,0
-16.4404,122.9974,317.1,1.2,1.1,2014-06-21,0543,Aqua,MODIS,58,6.2,302.4,8.7,D,0
-14.0645,129.9137,314.4,3.9,1.8,2014-06-21,0543,Aqua,MODIS,56,6.2,297.6,55.8,D,0
-13.6971,130.7227,315.4,4.6,2,2014-06-21,0543,Aqua,MODIS,60,6.2,298.2,52.2,D,0
-13.6966,130.7146,315.9,4.6,2,2014-06-21,0543,Aqua,MODIS,62,6.2,298.3,56.4,D,0
-13.0275,130.1905,315.5,4.3,1.9,2014-06-21,0544,Aqua,MODIS,56,6.2,296.3,58.5,D,0
-13.0271,130.1861,316,4.3,1.9,2014-06-21,0544,Aqua,MODIS,40,6.2,296.2,58.8,D,0
-17.6101,137.8167,301.2,1,1,2014-06-21,1329,Terra,MODIS,24,6.2,291.2,3.9,N,0
-17.6011,137.8152,304.5,1,1,2014-06-21,1329,Terra,MODIS,59,6.2,290.7,5.9,N,0
-17.638,137.8787,304,1,1,2014-06-21,1329,Terra,MODIS,58,6.2,291.4,6.4,N,0
-12.5574,141.9047,310.3,1.8,1.3,2014-06-21,1330,Terra,MODIS,80,6.2,291.4,21.2,N,0
-12.56,141.8887,303.9,1.8,1.3,2014-06-21,1330,Terra,MODIS,58,6.2,291.3,12,N,0
-13.7852,132.7381,308.5,1.5,1.2,2014-06-21,1330,Terra,MODIS,53,6.2,294.1,11,N,0
-13.7943,132.7527,310.8,1.5,1.2,2014-06-21,1330,Terra,MODIS,56,6.2,294.2,13,N,0
-14.5342,130.0948,304,2.4,1.5,2014-06-21,1330,Terra,MODIS,58,6.2,293.1,15.1,N,0
-13.9159,132.4242,303.4,1.5,1.2,2014-06-21,1330,Terra,MODIS,55,6.2,292.3,8.4,N,0
-13.3358,132.0375,304.1,1.6,1.3,2014-06-21,1331,Terra,MODIS,33,6.2,293.9,8,N,0
-13.6961,132.7201,314.4,1.5,1.2,2014-06-21,1331,Terra,MODIS,47,6.2,293.4,16.8,N,0
-13.117,132.145,314.7,1.6,1.2,2014-06-21,1331,Terra,MODIS,90,6.2,292.6,24.3,N,0
-13.1188,132.1306,316.3,1.6,1.2,2014-06-21,1331,Terra,MODIS,93,6.2,292.6,27.4,N,0
-13.4831,131.3351,304.8,1.8,1.3,2014-06-21,1331,Terra,MODIS,62,6.2,292.6,13.9,N,0
-13.422,131.1376,302.9,1.9,1.3,2014-06-21,1331,Terra,MODIS,52,6.2,292.8,10.5,N,0
-13.6539,132.7961,310.4,1.4,1.2,2014-06-21,1331,Terra,MODIS,51,6.2,293.6,12.4,N,0
-13.6556,132.7828,322.6,1.4,1.2,2014-06-21,1331,Terra,MODIS,100,6.2,294.4,30,N,0
-13.6572,132.7694,321.1,1.5,1.2,2014-06-21,1331,Terra,MODIS,97,6.2,293.9,26.8,N,0
-13.661,132.7906,308.3,1.4,1.2,2014-06-21,1331,Terra,MODIS,31,6.2,293.6,9.9,N,0
-13.6503,132.7892,310.9,1.4,1.2,2014-06-21,1331,Terra,MODIS,10,6.2,293.8,12.8,N,0
-13.652,132.7759,326.2,1.4,1.2,2014-06-21,1331,Terra,MODIS,100,6.2,294.7,36.6,N,0
-13.6413,132.7744,313.9,1.4,1.2,2014-06-21,1331,Terra,MODIS,52,6.2,293.9,17.8,N,0
-13.3376,132.0228,332.4,1.6,1.3,2014-06-21,1331,Terra,MODIS,100,6.2,295.1,62.3,N,0
-13.3452,132.0537,310.2,1.6,1.2,2014-06-21,1331,Terra,MODIS,23,6.2,293.7,14.5,N,0
-13.3564,132.0552,313.1,1.6,1.2,2014-06-21,1331,Terra,MODIS,49,6.2,293.8,18.8,N,0
-13.3546,132.07,318.2,1.6,1.2,2014-06-21,1331,Terra,MODIS,90,6.2,294.2,27.4,N,0
-13.3658,132.0715,307.7,1.6,1.2,2014-06-21,1331,Terra,MODIS,57,6.2,293.8,12.5,N,0
-13.2693,131.9314,315.4,1.6,1.3,2014-06-21,1331,Terra,MODIS,91,6.2,292.8,26.1,N,0
-13.548,131.5077,311.6,1.8,1.3,2014-06-21,1331,Terra,MODIS,83,6.2,294.5,20.3,N,0
-13.5531,131.5027,304.5,1.8,1.3,2014-06-21,1331,Terra,MODIS,48,6.2,294.1,8.7,N,0
-13.5081,131.4799,305.1,1.8,1.3,2014-06-21,1331,Terra,MODIS,63,6.2,293.9,11.7,N,0
-13.3639,132.0862,307.8,1.6,1.2,2014-06-21,1331,Terra,MODIS,69,6.2,293.9,13.4,N,0
-13.666,132.6683,310.8,1.5,1.2,2014-06-21,1331,Terra,MODIS,19,6.2,294.4,13.5,N,0
-13.675,132.6834,325.5,1.5,1.2,2014-06-21,1331,Terra,MODIS,95,6.2,295,36,N,0
-13.6689,132.675,325.8,1.5,1.2,2014-06-21,1331,Terra,MODIS,100,6.2,294.8,37.7,N,0
-13.678,132.6902,315.7,1.5,1.2,2014-06-21,1331,Terra,MODIS,37,6.2,294.3,19.1,N,0
-12.2237,134.2573,307.3,1.1,1.1,2014-06-21,1331,Terra,MODIS,71,6.2,292.4,8.6,N,0
-12.339,133.39,303.8,1.3,1.1,2014-06-21,1331,Terra,MODIS,57,6.2,293.7,5.5,N,0
-12.7981,130.4729,303.5,2.1,1.4,2014-06-21,1331,Terra,MODIS,55,6.2,291.8,14.9,N,0
-14.0384,130.5351,303.9,1.2,1.1,2014-06-21,1634,Aqua,MODIS,24,6.2,293.6,4.9,N,0
-14.0287,130.5367,307.3,1.2,1.1,2014-06-21,1634,Aqua,MODIS,71,6.2,294,7.8,N,0
-13.649,132.8146,302,1,1,2014-06-21,1634,Aqua,MODIS,45,6.2,291.6,4.3,N,0
-13.8349,132.7641,308.7,1,1,2014-06-21,1634,Aqua,MODIS,75,6.2,292.3,8.4,N,0
-13.1833,132.0495,303.4,1.1,1,2014-06-21,1634,Aqua,MODIS,55,6.2,292.8,5.4,N,0
-13.5101,131.4704,306.6,1.1,1,2014-06-21,1634,Aqua,MODIS,69,6.2,293.8,7.7,N,0
-13.3674,132.1026,304.5,1,1,2014-06-21,1634,Aqua,MODIS,60,6.2,293.2,5.9,N,0
-13.3011,131.9752,308.7,1.1,1,2014-06-21,1634,Aqua,MODIS,75,6.2,293.8,8.3,N,0
-13.5116,131.4804,306.8,1.1,1,2014-06-21,1634,Aqua,MODIS,69,6.2,294.1,7.8,N,0
-13.4182,131.1298,304.5,1.1,1.1,2014-06-21,1634,Aqua,MODIS,60,6.2,292.5,6.7,N,0
-13.3495,132.0465,304.1,1,1,2014-06-21,1634,Aqua,MODIS,50,6.2,293.3,4.7,N,0
-13.1145,132.1446,309.9,1,1,2014-06-21,1634,Aqua,MODIS,79,6.2,292.8,9.8,N,0
-13.7857,132.7434,309.6,1,1,2014-06-21,1634,Aqua,MODIS,78,6.2,293.3,8.2,N,0
-13.7843,132.7341,305.9,1,1,2014-06-21,1634,Aqua,MODIS,46,6.2,293,5.8,N,0
-14.534,130.106,309.2,1.2,1.1,2014-06-21,1634,Aqua,MODIS,75,6.2,294,10.2,N,0
-13.9424,127.0984,308.5,2,1.4,2014-06-21,1634,Aqua,MODIS,61,6.2,292.2,23.6,N,0
-14.5361,130.1116,306.3,1.2,1.1,2014-06-21,1634,Aqua,MODIS,30,6.2,294,7.7,N,0
-17.5872,137.8172,305.7,1.8,1.3,2014-06-21,1635,Aqua,MODIS,65,6.2,289.8,17,N,0
-15.3656,141.663,310.3,2.9,1.6,2014-06-22,0021,Terra,MODIS,63,6.2,297.6,24.6,D,0
-15.4189,141.6246,313.1,2.9,1.6,2014-06-22,0021,Terra,MODIS,68,6.2,297.9,31.2,D,0
-15.419,141.6175,309.4,2.9,1.6,2014-06-22,0021,Terra,MODIS,61,6.2,297.7,19.5,D,0
-16.3751,141.5502,312.3,2.8,1.6,2014-06-22,0022,Terra,MODIS,63,6.2,298.2,28.1,D,0
-16.3733,141.5568,314.1,2.8,1.6,2014-06-22,0022,Terra,MODIS,67,6.2,298.5,36.4,D,0
-19.7887,147.22,311.1,1.1,1,2014-06-22,0022,Terra,MODIS,54,6.2,297,7.4,D,0
-25.8654,145.2355,310.2,1.1,1.1,2014-06-22,0024,Terra,MODIS,68,6.2,292.9,9.4,D,0
-25.7427,145.3175,308.7,1.1,1,2014-06-22,0024,Terra,MODIS,64,6.2,293.3,7.8,D,0
-25.7483,145.3217,308,1.1,1,2014-06-22,0024,Terra,MODIS,64,6.2,292.4,8.2,D,0
-25.8636,145.2245,310.4,1.1,1.1,2014-06-22,0024,Terra,MODIS,68,6.2,292,9.6,D,0
-26.7988,150.2006,305.5,1.2,1.1,2014-06-22,0024,Terra,MODIS,57,6.2,293,5.7,D,2
-34.3682,142.2784,303.7,1.2,1.1,2014-06-22,0026,Terra,MODIS,57,6.2,285.1,8.9,D,0
-34.4647,150.8853,305.7,1.6,1.3,2014-06-22,0026,Terra,MODIS,47,6.2,289.7,13.2,D,2
-38.1383,145.5788,303.8,1,1,2014-06-22,0027,Terra,MODIS,57,6.2,284,8.5,D,0
-12.5147,131.4469,315.3,1.9,1.3,2014-06-22,0159,Terra,MODIS,61,6.2,300.3,19.2,D,0
-12.5174,131.4234,331.8,1.9,1.3,2014-06-22,0159,Terra,MODIS,84,6.2,301.1,59.1,D,0
-11.7262,131.0964,308.7,1.7,1.3,2014-06-22,0159,Terra,MODIS,25,6.2,295.6,8.2,D,0
-12.5125,131.4297,326.4,1.9,1.3,2014-06-22,0159,Terra,MODIS,80,6.2,301.5,45.7,D,0
-12.7204,131.1967,315.3,1.8,1.3,2014-06-22,0159,Terra,MODIS,62,6.2,300.4,16,D,0
-12.0826,133.9187,316.6,2.9,1.6,2014-06-22,0159,Terra,MODIS,24,6.2,300.3,33.5,D,0
-11.9994,133.8546,320.7,2.8,1.6,2014-06-22,0159,Terra,MODIS,25,6.2,299.3,49.9,D,0
-12.5245,131.4282,338.1,1.9,1.3,2014-06-22,0159,Terra,MODIS,89,6.2,301.4,84.5,D,0
-12.5315,131.439,324.1,1.9,1.3,2014-06-22,0159,Terra,MODIS,78,6.2,299.4,39.9,D,0
-11.9976,133.8617,324.5,2.8,1.6,2014-06-22,0159,Terra,MODIS,63,6.2,299.7,68.2,D,0
-12.078,133.8978,326,2.9,1.6,2014-06-22,0159,Terra,MODIS,80,6.2,300.2,77,D,0
-11.9849,133.8564,325.9,2.8,1.6,2014-06-22,0159,Terra,MODIS,80,6.2,298.8,78.4,D,0
-12.0797,133.8923,324.3,2.9,1.6,2014-06-22,0159,Terra,MODIS,79,6.2,299.7,68.4,D,0
-12.5797,131.4329,320.2,1.9,1.3,2014-06-22,0159,Terra,MODIS,73,6.2,300.3,30.6,D,0
-12.5268,131.4454,328.1,1.9,1.3,2014-06-22,0159,Terra,MODIS,81,6.2,299.7,50.4,D,0
-12.5195,131.4406,329.2,1.9,1.3,2014-06-22,0159,Terra,MODIS,82,6.2,301.8,52,D,0
-12.0283,133.8512,320.2,2.8,1.6,2014-06-22,0159,Terra,MODIS,50,6.2,299.1,47.8,D,0
-12.0266,133.8584,324.9,2.8,1.6,2014-06-22,0159,Terra,MODIS,29,6.2,299.4,63.7,D,0
-12.5294,131.4219,312.6,1.9,1.3,2014-06-22,0159,Terra,MODIS,34,6.2,300.3,12.8,D,0
-13.0155,130.1939,319.8,1.5,1.2,2014-06-22,0159,Terra,MODIS,53,6.2,301.1,17.3,D,0
-14.0427,130.542,321.5,1.7,1.3,2014-06-22,0159,Terra,MODIS,31,6.2,303.5,17.8,D,0
-14.4171,129.817,326.2,1.5,1.2,2014-06-22,0159,Terra,MODIS,78,6.2,303.9,26.2,D,0
-13.0127,130.1862,326.1,1.5,1.2,2014-06-22,0159,Terra,MODIS,74,6.2,300.8,28.9,D,0
-13.0108,130.1721,330.8,1.5,1.2,2014-06-22,0159,Terra,MODIS,81,6.2,300.8,39.6,D,0
-13.8534,130.315,322.5,1.6,1.3,2014-06-22,0159,Terra,MODIS,72,6.2,302.2,18.1,D,0
-13.0119,130.1656,319.4,1.5,1.2,2014-06-22,0159,Terra,MODIS,58,6.2,300.5,17.5,D,0
-13.8544,130.3245,330.1,1.6,1.3,2014-06-22,0159,Terra,MODIS,81,6.2,303,36.5,D,0
-13.0137,130.1797,330.9,1.5,1.2,2014-06-22,0159,Terra,MODIS,82,6.2,301.1,42.3,D,0
-13.8555,130.3304,331.9,1.6,1.3,2014-06-22,0159,Terra,MODIS,83,6.2,304.2,38.9,D,0
-13.8575,130.3456,326.3,1.6,1.3,2014-06-22,0159,Terra,MODIS,69,6.2,305.2,22.9,D,0
-13.8563,130.3399,326,1.6,1.3,2014-06-22,0159,Terra,MODIS,71,6.2,305.1,26.5,D,0
-13.8639,130.3082,326.6,1.6,1.3,2014-06-22,0159,Terra,MODIS,78,6.2,302.6,29.8,D,0
-13.7949,132.7696,324.4,2.5,1.5,2014-06-22,0159,Terra,MODIS,77,6.2,302.4,50.3,D,0
-13.7923,132.7472,321.4,2.5,1.5,2014-06-22,0159,Terra,MODIS,73,6.2,302.3,40.7,D,0
-13.9517,127.0911,325.9,1.1,1,2014-06-22,0159,Terra,MODIS,79,6.2,300.4,16.9,D,0
-13.8658,130.3234,340.3,1.6,1.3,2014-06-22,0159,Terra,MODIS,89,6.2,303.5,69.1,D,0
-13.8676,130.3385,325.2,1.6,1.3,2014-06-22,0159,Terra,MODIS,63,6.2,302.9,26.6,D,0
-13.971,127.1122,316.8,1.1,1,2014-06-22,0159,Terra,MODIS,0,6.2,301.5,4.1,D,0
-13.7897,132.7247,319.9,2.5,1.5,2014-06-22,0159,Terra,MODIS,56,6.2,302.1,34.1,D,0
-13.9438,127.1022,327.3,1.1,1,2014-06-22,0159,Terra,MODIS,70,6.2,301.4,18.8,D,0
-13.7471,130.7426,316.7,1.7,1.3,2014-06-22,0159,Terra,MODIS,62,6.2,302,15.5,D,0
-14.0563,127.1802,318.3,1.1,1,2014-06-22,0159,Terra,MODIS,17,6.2,303.2,5.4,D,0
-14.0577,127.1901,320.7,1.1,1,2014-06-22,0159,Terra,MODIS,56,6.2,302.6,8,D,0
-13.8695,130.3535,326,1.6,1.3,2014-06-22,0159,Terra,MODIS,62,6.2,302.7,28.3,D,0
-13.6819,132.6974,333.3,2.4,1.5,2014-06-22,0159,Terra,MODIS,78,6.2,303.7,80.4,D,0
-13.6773,132.7273,336.1,2.5,1.5,2014-06-22,0159,Terra,MODIS,84,6.2,304.6,96.7,D,0
-13.6637,132.7288,341.8,2.5,1.5,2014-06-22,0159,Terra,MODIS,84,6.2,302.2,133.3,D,0
-13.2856,132.1887,346.3,2.2,1.4,2014-06-22,0159,Terra,MODIS,93,6.2,305.3,141.8,D,0
-13.5057,131.5407,412.5,2,1.4,2014-06-22,0159,Terra,MODIS,100,6.2,313.2,884.5,D,0
-13.9251,132.4098,316,2.3,1.5,2014-06-22,0159,Terra,MODIS,63,6.2,301.6,22.2,D,0
-13.2719,132.1765,335.8,2.2,1.4,2014-06-22,0159,Terra,MODIS,87,6.2,305.4,81.7,D,0
-13.5034,131.5227,387.5,2,1.4,2014-06-22,0159,Terra,MODIS,100,6.2,305.5,475,D,0
-13.4933,131.5423,394.9,2,1.4,2014-06-22,0159,Terra,MODIS,100,6.2,310.7,579.6,D,0
-13.4911,131.5243,328,2,1.4,2014-06-22,0159,Terra,MODIS,80,6.2,304.2,44.6,D,0
-13.4813,131.3447,322.2,1.9,1.3,2014-06-22,0159,Terra,MODIS,73,6.2,303.2,23.7,D,0
-13.1438,132.0912,317.2,2.2,1.4,2014-06-22,0159,Terra,MODIS,14,6.2,301.7,13.5,D,0
-13.6734,132.744,337.3,2.5,1.5,2014-06-22,0159,Terra,MODIS,79,6.2,304.9,88.1,D,0
-13.6609,132.7059,365.3,2.4,1.5,2014-06-22,0159,Terra,MODIS,100,6.2,303.7,340.9,D,0
-13.6692,132.6607,325.6,2.4,1.5,2014-06-22,0159,Terra,MODIS,70,6.2,302.8,57.3,D,0
-13.6719,132.6827,346.3,2.4,1.5,2014-06-22,0159,Terra,MODIS,93,6.2,303.9,169.9,D,0
-13.6745,132.7046,323.5,2.4,1.5,2014-06-22,0159,Terra,MODIS,27,6.2,303.1,42.7,D,0
-13.6882,132.7034,339.5,2.4,1.5,2014-06-22,0159,Terra,MODIS,89,6.2,303.4,115.3,D,0
-13.6683,132.6985,351,2.4,1.5,2014-06-22,0159,Terra,MODIS,96,6.2,303,194,D,0
-13.6794,132.6756,350.7,2.4,1.5,2014-06-22,0159,Terra,MODIS,95,6.2,303.8,198.7,D,0
-13.6708,132.7212,357.6,2.5,1.5,2014-06-22,0159,Terra,MODIS,99,6.2,304.7,247.1,D,0
-13.365,132.0913,320.1,2.2,1.4,2014-06-22,0159,Terra,MODIS,65,6.2,303.7,24.3,D,0
-13.2832,132.1685,333,2.2,1.4,2014-06-22,0159,Terra,MODIS,85,6.2,305.7,68.2,D,0
-13.3498,132.073,327.4,2.2,1.4,2014-06-22,0159,Terra,MODIS,55,6.2,303.1,40.9,D,0
-13.3474,132.0533,335.3,2.2,1.4,2014-06-22,0159,Terra,MODIS,87,6.2,303.5,74.1,D,0
-13.3322,132.035,323.5,2.1,1.4,2014-06-22,0159,Terra,MODIS,59,6.2,304.2,33.8,D,0
-13.3506,132.0786,323.8,2.2,1.4,2014-06-22,0159,Terra,MODIS,18,6.2,302.7,29.5,D,0
-13.3481,132.059,339.8,2.2,1.4,2014-06-22,0159,Terra,MODIS,89,6.2,303.6,96.7,D,0
-13.8469,132.7409,317.2,2.5,1.5,2014-06-22,0159,Terra,MODIS,66,6.2,302,26.7,D,0
-13.836,132.7655,316.8,2.5,1.5,2014-06-22,0159,Terra,MODIS,47,6.2,302.9,23.6,D,0
-13.8333,132.7426,331.9,2.5,1.5,2014-06-22,0159,Terra,MODIS,84,6.2,303.1,86.1,D,0
-13.1469,132.1167,338.8,2.2,1.4,2014-06-22,0159,Terra,MODIS,89,6.2,303,93,D,0
-13.8826,132.3931,326.6,2.3,1.5,2014-06-22,0159,Terra,MODIS,79,6.2,301.5,61.1,D,0
-13.1493,132.1364,339,2.2,1.4,2014-06-22,0159,Terra,MODIS,89,6.2,304.3,92.6,D,0
-13.1462,132.111,325.3,2.2,1.4,2014-06-22,0159,Terra,MODIS,77,6.2,302.4,36.6,D,0
-13.5079,131.5589,322.2,2,1.4,2014-06-22,0159,Terra,MODIS,74,6.2,304.4,25.9,D,0
-13.1485,132.1309,340.8,2.2,1.4,2014-06-22,0159,Terra,MODIS,90,6.2,304.7,101.7,D,0
-13.6981,132.7184,318.2,2.5,1.5,2014-06-22,0159,Terra,MODIS,47,6.2,303.3,23,D,0
-13.3303,132.021,321.4,2.1,1.4,2014-06-22,0159,Terra,MODIS,26,6.2,301.9,29.2,D,0
-13.4067,132.0062,318.1,2.1,1.4,2014-06-22,0159,Terra,MODIS,57,6.2,302.8,22.3,D,0
-13.4084,132.0194,326.3,2.1,1.4,2014-06-22,0159,Terra,MODIS,75,6.2,304.3,46,D,0
-13.4091,132.0259,324.3,2.1,1.4,2014-06-22,0159,Terra,MODIS,77,6.2,304.2,41,D,0
-13.2139,132.3495,321.4,2.3,1.5,2014-06-22,0159,Terra,MODIS,70,6.2,302.8,35.6,D,0
-13.5967,131.5406,326.6,2,1.4,2014-06-22,0159,Terra,MODIS,79,6.2,304,46.4,D,0
-13.5945,131.5224,329.7,2,1.4,2014-06-22,0159,Terra,MODIS,82,6.2,303.5,56.1,D,0
-13.88,132.3717,324.7,2.3,1.5,2014-06-22,0159,Terra,MODIS,77,6.2,302.3,53.7,D,0
-13.6792,130.7411,319.2,1.7,1.3,2014-06-22,0159,Terra,MODIS,56,6.2,302.5,18,D,0
-11.4493,132.2808,313.2,2.1,1.4,2014-06-22,0159,Terra,MODIS,39,6.2,297.5,15,D,0
-11.4492,132.2875,313.9,2.1,1.4,2014-06-22,0159,Terra,MODIS,0,6.2,297.6,15.3,D,0
-13.4791,131.3272,320.9,1.9,1.3,2014-06-22,0159,Terra,MODIS,71,6.2,304.4,19.7,D,0
-13.3674,132.1114,323.1,2.2,1.4,2014-06-22,0159,Terra,MODIS,75,6.2,302.8,34.5,D,0
-13.4956,131.5605,328.6,2,1.4,2014-06-22,0159,Terra,MODIS,81,6.2,304.4,45.2,D,0
-13.3579,132.032,320.6,2.1,1.4,2014-06-22,0159,Terra,MODIS,27,6.2,302.8,24.2,D,0
-13.4165,132.0851,316.4,2.2,1.4,2014-06-22,0159,Terra,MODIS,36,6.2,302.1,17.9,D,0
-13.6473,132.8236,332.5,2.5,1.5,2014-06-22,0159,Terra,MODIS,64,6.2,304.3,85.7,D,0
-13.2548,131.9323,333.4,2.1,1.4,2014-06-22,0159,Terra,MODIS,84,6.2,303.2,65.1,D,0
-13.6692,132.7744,342.7,2.5,1.5,2014-06-22,0159,Terra,MODIS,91,6.2,304.5,134.2,D,0
-13.6719,132.7974,324.8,2.5,1.5,2014-06-22,0159,Terra,MODIS,25,6.2,302.9,38.5,D,0
-13.9234,132.4263,317.1,2.3,1.5,2014-06-22,0159,Terra,MODIS,65,6.2,301,26.5,D,0
-15.0203,131.1534,314.1,1.9,1.4,2014-06-22,0200,Terra,MODIS,43,6.2,300.8,12.4,D,0
-15.7793,124.9765,320.4,1,1,2014-06-22,0200,Terra,MODIS,26,6.2,301.8,8.4,D,0
-16.4447,122.9976,313.9,1.1,1,2014-06-22,0200,Terra,MODIS,48,6.2,298.5,6.4,D,0
-15.0259,125.8646,327.1,1,1,2014-06-22,0200,Terra,MODIS,77,6.2,301.4,17.7,D,0
-15.9434,128.599,314.9,1.3,1.1,2014-06-22,0200,Terra,MODIS,46,6.2,301.7,8,D,0
-15.7186,125.0018,321.9,1,1,2014-06-22,0200,Terra,MODIS,71,6.2,300.9,10.7,D,0
-15.6875,124.8548,316.8,1,1,2014-06-22,0200,Terra,MODIS,24,6.2,301.6,5.8,D,0
-15.7966,124.9074,319,1,1,2014-06-22,0200,Terra,MODIS,66,6.2,302.1,7.7,D,0
-15.0398,126.0247,317,1,1,2014-06-22,0200,Terra,MODIS,57,6.2,302.9,5.4,D,0
-15.7883,124.9751,320,1,1,2014-06-22,0200,Terra,MODIS,68,6.2,301.7,8.6,D,0
-15.7869,124.9658,323.9,1,1,2014-06-22,0200,Terra,MODIS,74,6.2,301.4,12.3,D,0
-15.7172,124.9925,327.7,1,1,2014-06-22,0200,Terra,MODIS,79,6.2,301.5,16.8,D,0
-14.7684,126.0556,328.5,1,1,2014-06-22,0200,Terra,MODIS,79,6.2,301.8,17.5,D,0
-14.7697,126.0649,328.3,1,1,2014-06-22,0200,Terra,MODIS,79,6.2,301.8,17.4,D,0
-14.7711,126.0742,321.5,1,1,2014-06-22,0200,Terra,MODIS,60,6.2,301.6,9.1,D,0
-14.9698,125.9844,319.2,1,1,2014-06-22,0200,Terra,MODIS,56,6.2,302.7,6.9,D,0
-15.6416,129.301,319.7,1.5,1.2,2014-06-22,0200,Terra,MODIS,52,6.2,302.5,14.5,D,0
-15.6464,129.3074,316.2,1.5,1.2,2014-06-22,0200,Terra,MODIS,55,6.2,301.4,11.2,D,0
-15.686,129.2746,317.8,1.5,1.2,2014-06-22,0200,Terra,MODIS,42,6.2,303.2,10.9,D,0
-15.4506,128.1799,318.3,1.2,1.1,2014-06-22,0200,Terra,MODIS,48,6.2,305.1,9.6,D,0
-15.4521,128.1914,318.7,1.2,1.1,2014-06-22,0200,Terra,MODIS,47,6.2,304.5,9.8,D,0
-15.4605,128.1784,352.5,1.2,1.1,2014-06-22,0200,Terra,MODIS,96,6.2,305.1,78.7,D,0
-15.462,128.19,338.2,1.2,1.1,2014-06-22,0200,Terra,MODIS,87,6.2,305.8,41.2,D,0
-14.5362,130.1156,325.2,1.6,1.2,2014-06-22,0200,Terra,MODIS,77,6.2,301.3,30.3,D,0
-14.0684,127.152,316.2,1.1,1,2014-06-22,0200,Terra,MODIS,40,6.2,301.8,6.7,D,0
-15.3029,130.0368,317.3,1.6,1.3,2014-06-22,0200,Terra,MODIS,43,6.2,301.1,13.6,D,0
-15.2264,127.4918,320.7,1.1,1.1,2014-06-22,0200,Terra,MODIS,42,6.2,302.9,9.9,D,0
-15.2359,127.4904,322.8,1.1,1.1,2014-06-22,0200,Terra,MODIS,61,6.2,302.5,12.4,D,0
-14.5063,130.1496,319.4,1.6,1.2,2014-06-22,0200,Terra,MODIS,16,6.2,301.1,16.7,D,0
-14.4857,130.1674,323.4,1.6,1.3,2014-06-22,0200,Terra,MODIS,65,6.2,301.1,24.9,D,0
-14.4744,130.1689,319.8,1.6,1.3,2014-06-22,0200,Terra,MODIS,32,6.2,301.8,17.3,D,0
-14.4754,130.1752,316.2,1.6,1.3,2014-06-22,0200,Terra,MODIS,38,6.2,300.9,12.1,D,0
-14.5248,130.0275,319,1.6,1.2,2014-06-22,0200,Terra,MODIS,64,6.2,300.1,17.5,D,0
-14.5155,130.0435,344.9,1.6,1.2,2014-06-22,0200,Terra,MODIS,92,6.2,302.5,86.4,D,0
-14.5137,130.029,341.9,1.6,1.2,2014-06-22,0200,Terra,MODIS,91,6.2,302.9,74.7,D,0
-19.3023,130.293,314,1.9,1.4,2014-06-22,0201,Terra,MODIS,56,6.2,301.1,14.4,D,0
-18.4864,130.0652,314.5,1.8,1.3,2014-06-22,0201,Terra,MODIS,20,6.2,300.3,14.1,D,0
-19.7109,130.2128,313.6,1.9,1.4,2014-06-22,0201,Terra,MODIS,55,6.2,299.6,14.7,D,0
-18.5259,129.9914,346.9,1.8,1.3,2014-06-22,0201,Terra,MODIS,93,6.2,301.7,112.7,D,0
-18.9524,130.7444,320.1,2.1,1.4,2014-06-22,0201,Terra,MODIS,70,6.2,300.8,30.3,D,0
-19.7129,130.2312,313.5,1.9,1.4,2014-06-22,0201,Terra,MODIS,54,6.2,299.6,14.3,D,0
-18.518,130.0266,323.3,1.8,1.3,2014-06-22,0201,Terra,MODIS,37,6.2,300.6,28.3,D,0
-18.516,130.0097,339.6,1.8,1.3,2014-06-22,0201,Terra,MODIS,89,6.2,302.3,80.8,D,0
-18.9502,130.7248,319.5,2.1,1.4,2014-06-22,0201,Terra,MODIS,69,6.2,301.5,28.8,D,0
-18.5062,130.0281,323.9,1.8,1.3,2014-06-22,0201,Terra,MODIS,30,6.2,302,29.9,D,0
-18.5279,130.0083,324.2,1.8,1.3,2014-06-22,0201,Terra,MODIS,45,6.2,300.5,32.7,D,0
-19.7565,130.9691,313.9,2.2,1.4,2014-06-22,0201,Terra,MODIS,50,6.2,299.8,17.6,D,0
-21.1318,120.6639,329,1.3,1.1,2014-06-22,0202,Terra,MODIS,82,6.2,297.7,28.3,D,0
-21.1218,120.6657,317.9,1.3,1.1,2014-06-22,0202,Terra,MODIS,69,6.2,297.2,12.9,D,0
-21.1498,120.6483,325.1,1.3,1.1,2014-06-22,0202,Terra,MODIS,78,6.2,297.1,22.5,D,0
-23.0728,122.6478,316.1,1,1,2014-06-22,0202,Terra,MODIS,70,6.2,295.1,9.8,D,0
-23.0976,123.3005,313.4,1,1,2014-06-22,0202,Terra,MODIS,63,6.2,296.6,6.5,D,0
-23.0962,123.2908,316.9,1,1,2014-06-22,0202,Terra,MODIS,70,6.2,297.3,9.3,D,0
-23.0856,122.9732,311.4,1,1,2014-06-22,0202,Terra,MODIS,59,6.2,296.4,5.3,D,0
-23.0841,122.9635,309.2,1,1,2014-06-22,0202,Terra,MODIS,27,6.2,294.3,4.4,D,0
-30.8637,121.4849,302.1,1,1,2014-06-22,0204,Terra,MODIS,50,6.2,287.1,5.3,D,2
-30.8652,121.4954,306.6,1,1,2014-06-22,0204,Terra,MODIS,64,6.2,287.9,7.9,D,2
-30.8094,147.0804,304,2.8,1.6,2014-06-22,0443,Aqua,MODIS,58,6.2,290.6,22.9,D,0
-30.8112,147.0887,305.6,2.8,1.6,2014-06-22,0443,Aqua,MODIS,62,6.2,290.9,26.9,D,0
-24.5779,126.4104,314.4,3.6,1.8,2014-06-22,0445,Aqua,MODIS,57,6.2,298.7,31.4,D,0
-24.5706,126.417,314.8,3.6,1.8,2014-06-22,0445,Aqua,MODIS,59,6.2,298.8,32.7,D,0
-16.4729,137.0708,319.4,1.2,1.1,2014-06-22,0447,Aqua,MODIS,66,6.2,306.5,11.2,D,0
-17.758,137.6265,317.2,1.2,1.1,2014-06-22,0447,Aqua,MODIS,37,6.2,303.3,9.9,D,0
-17.7043,137.6336,341.1,1.2,1.1,2014-06-22,0447,Aqua,MODIS,90,6.2,306.2,49.9,D,0
-17.7159,137.6239,328.2,1.2,1.1,2014-06-22,0447,Aqua,MODIS,79,6.2,304.9,24.9,D,0
-17.7177,137.6126,319.5,1.2,1.1,2014-06-22,0447,Aqua,MODIS,56,6.2,304,12.3,D,0
-17.6975,137.4242,337.7,1.2,1.1,2014-06-22,0447,Aqua,MODIS,87,6.2,305.5,38.4,D,0
-17.7061,137.6222,323.4,1.2,1.1,2014-06-22,0447,Aqua,MODIS,73,6.2,304.5,17.4,D,0
-17.6992,137.4131,335.8,1.2,1.1,2014-06-22,0447,Aqua,MODIS,81,6.2,306.3,34.4,D,0
-17.6899,137.4632,320.7,1.2,1.1,2014-06-22,0447,Aqua,MODIS,69,6.2,304.3,14.8,D,0
-17.6951,137.4297,316.5,1.2,1.1,2014-06-22,0447,Aqua,MODIS,42,6.2,304.2,8.8,D,0
-17.6968,137.4186,338.6,1.2,1.1,2014-06-22,0447,Aqua,MODIS,88,6.2,306.3,42.7,D,0
-17.6888,137.4058,338.8,1.2,1.1,2014-06-22,0447,Aqua,MODIS,88,6.2,305.4,42.4,D,0
-17.6922,137.3836,330.1,1.2,1.1,2014-06-22,0447,Aqua,MODIS,67,6.2,304.9,25,D,0
-17.6939,137.3725,342,1.2,1.1,2014-06-22,0447,Aqua,MODIS,90,6.2,307.2,48.2,D,0
-17.6466,137.6768,323.1,1.2,1.1,2014-06-22,0447,Aqua,MODIS,67,6.2,303.9,16.4,D,0
-17.6484,137.6653,325.2,1.2,1.1,2014-06-22,0447,Aqua,MODIS,71,6.2,304.1,19.3,D,0
-17.6501,137.6539,319.8,1.2,1.1,2014-06-22,0447,Aqua,MODIS,43,6.2,304.3,11.9,D,0
-17.6071,137.6698,322.1,1.2,1.1,2014-06-22,0447,Aqua,MODIS,71,6.2,305.4,16.3,D,0
-17.6089,137.6584,324.3,1.2,1.1,2014-06-22,0447,Aqua,MODIS,75,6.2,304.8,19.4,D,0
-17.6519,137.6425,318.9,1.2,1.1,2014-06-22,0447,Aqua,MODIS,63,6.2,304.2,11.8,D,0
-17.6542,137.3089,326.8,1.2,1.1,2014-06-22,0447,Aqua,MODIS,56,6.2,302.3,19.8,D,0
-17.6559,137.2979,330,1.2,1.1,2014-06-22,0447,Aqua,MODIS,80,6.2,305,24.9,D,0
-17.6375,137.3512,343.3,1.2,1.1,2014-06-22,0447,Aqua,MODIS,91,6.2,305.8,51.9,D,0
-17.6278,137.3495,362.8,1.2,1.1,2014-06-22,0447,Aqua,MODIS,100,6.2,308.5,107.9,D,0
-17.6576,137.287,322.4,1.2,1.1,2014-06-22,0447,Aqua,MODIS,34,6.2,303.8,13.7,D,0
-17.9694,137.9026,330.9,1.3,1.1,2014-06-22,0447,Aqua,MODIS,54,6.2,308.2,25.6,D,0
-17.9632,137.8774,324.6,1.2,1.1,2014-06-22,0447,Aqua,MODIS,64,6.2,308.1,17,D,0
-17.9688,137.8423,323.9,1.2,1.1,2014-06-22,0447,Aqua,MODIS,60,6.2,306.1,16.1,D,0
-17.9669,137.8541,326.3,1.2,1.1,2014-06-22,0447,Aqua,MODIS,74,6.2,305.9,19.5,D,0
-17.9588,137.8406,338.9,1.2,1.1,2014-06-22,0447,Aqua,MODIS,88,6.2,307.5,43.4,D,0
-17.9607,137.829,338.5,1.2,1.1,2014-06-22,0447,Aqua,MODIS,88,6.2,307.2,43.1,D,0
-17.9644,137.8058,320.8,1.2,1.1,2014-06-22,0447,Aqua,MODIS,59,6.2,306.6,12.7,D,0
-17.9662,137.7942,350.9,1.2,1.1,2014-06-22,0447,Aqua,MODIS,95,6.2,308.8,72.7,D,0
-17.968,137.7826,351.4,1.2,1.1,2014-06-22,0447,Aqua,MODIS,95,6.2,310.5,73.1,D,0
-17.9489,137.8387,329.9,1.2,1.1,2014-06-22,0447,Aqua,MODIS,73,6.2,303.5,26.6,D,0
-17.9508,137.8271,328.4,1.2,1.1,2014-06-22,0447,Aqua,MODIS,70,6.2,302.8,24,D,0
-17.9582,137.7808,365.3,1.2,1.1,2014-06-22,0447,Aqua,MODIS,100,6.2,308.6,122.4,D,0
-17.96,137.7693,364.3,1.2,1.1,2014-06-22,0447,Aqua,MODIS,100,6.2,310,118.1,D,0
-17.952,137.7561,319.2,1.2,1.1,2014-06-22,0447,Aqua,MODIS,33,6.2,304.4,9.7,D,0
-17.5911,137.8343,327.1,1.3,1.1,2014-06-22,0447,Aqua,MODIS,56,6.2,306.3,21,D,0
-17.593,137.8226,360.7,1.3,1.1,2014-06-22,0447,Aqua,MODIS,100,6.2,310.2,109.2,D,0
-17.583,137.8211,371.4,1.3,1.1,2014-06-22,0447,Aqua,MODIS,100,6.2,307,155.9,D,0
-17.7841,137.5266,319.4,1.2,1.1,2014-06-22,0447,Aqua,MODIS,65,6.2,306.1,11.1,D,0
-17.5983,137.3263,322.7,1.2,1.1,2014-06-22,0447,Aqua,MODIS,33,6.2,303,14.4,D,0
-17.8894,137.8211,318.8,1.2,1.1,2014-06-22,0447,Aqua,MODIS,27,6.2,305.9,10.6,D,0
-17.8076,137.8253,333.1,1.2,1.1,2014-06-22,0447,Aqua,MODIS,78,6.2,309.4,28.9,D,0
-16.5166,136.5155,317.5,1.1,1.1,2014-06-22,0447,Aqua,MODIS,60,6.2,306.9,6.9,D,0
-17.8203,137.3616,315.3,1.2,1.1,2014-06-22,0447,Aqua,MODIS,37,6.2,305.2,7.5,D,0
-17.8106,137.3599,336.3,1.2,1.1,2014-06-22,0447,Aqua,MODIS,86,6.2,305.1,37.8,D,0
-17.801,137.3582,333.9,1.2,1.1,2014-06-22,0447,Aqua,MODIS,82,6.2,304.6,31.7,D,0
-17.7969,137.3619,326.3,1.2,1.1,2014-06-22,0447,Aqua,MODIS,30,6.2,302.1,18.8,D,0
-17.7873,137.3602,323.1,1.2,1.1,2014-06-22,0447,Aqua,MODIS,30,6.2,301.8,15.2,D,0
-17.789,137.3492,352,1.2,1.1,2014-06-22,0447,Aqua,MODIS,96,6.2,305.9,72.2,D,0
-17.7793,137.3475,338.8,1.2,1.1,2014-06-22,0447,Aqua,MODIS,81,6.2,303.9,40.3,D,0
-17.9021,137.7403,316.1,1.2,1.1,2014-06-22,0447,Aqua,MODIS,42,6.2,303,7.9,D,0
-17.8959,137.7157,316.6,1.2,1.1,2014-06-22,0447,Aqua,MODIS,41,6.2,305.4,8.4,D,0
-17.8769,137.7714,343.9,1.2,1.1,2014-06-22,0447,Aqua,MODIS,91,6.2,307.9,56.4,D,0
-17.886,137.714,327.9,1.2,1.1,2014-06-22,0447,Aqua,MODIS,78,6.2,305.1,23.8,D,0
-17.8652,137.7813,331.9,1.2,1.1,2014-06-22,0447,Aqua,MODIS,82,6.2,305,29.7,D,0
-17.867,137.7697,372,1.2,1.1,2014-06-22,0447,Aqua,MODIS,100,6.2,311.9,155.7,D,0
-17.8571,137.768,362.4,1.2,1.1,2014-06-22,0447,Aqua,MODIS,100,6.2,307.2,115.9,D,0
-17.859,137.7564,319.2,1.2,1.1,2014-06-22,0447,Aqua,MODIS,48,6.2,304,12.1,D,0
-17.7932,137.7869,324.6,1.2,1.1,2014-06-22,0447,Aqua,MODIS,46,6.2,307.4,15.7,D,0
-17.9797,137.7729,326.5,1.2,1.1,2014-06-22,0447,Aqua,MODIS,56,6.2,306.8,18.6,D,0
-17.6011,137.8359,322.7,1.3,1.1,2014-06-22,0447,Aqua,MODIS,52,6.2,306.5,15,D,0
-17.4798,138.8158,322.5,1.4,1.2,2014-06-22,0447,Aqua,MODIS,72,6.2,306.9,19.6,D,0
-17.4771,138.8098,319.9,1.4,1.2,2014-06-22,0447,Aqua,MODIS,60,6.2,305.8,14.8,D,0
-17.7058,137.7522,317.2,1.2,1.1,2014-06-22,0447,Aqua,MODIS,29,6.2,305.6,8.8,D,0
-17.6941,137.7619,320.7,1.2,1.1,2014-06-22,0447,Aqua,MODIS,60,6.2,306,13.5,D,0
-17.6464,137.7414,323.7,1.2,1.1,2014-06-22,0447,Aqua,MODIS,43,6.2,305.4,16,D,0
-17.9147,137.5323,324.5,1.2,1.1,2014-06-22,0447,Aqua,MODIS,34,6.2,304.6,16.1,D,0
-17.8775,137.5143,343.1,1.2,1.1,2014-06-22,0447,Aqua,MODIS,90,6.2,305,49.1,D,0
-17.8587,137.563,323.8,1.2,1.1,2014-06-22,0447,Aqua,MODIS,64,6.2,306,15.5,D,0
-17.8674,137.5069,319.7,1.2,1.1,2014-06-22,0447,Aqua,MODIS,33,6.2,303.1,11.8,D,0
-17.8169,137.5091,347.2,1.2,1.1,2014-06-22,0447,Aqua,MODIS,93,6.2,307.6,62.9,D,0
-17.6821,137.5831,316.4,1.2,1.1,2014-06-22,0447,Aqua,MODIS,44,6.2,305.4,8.1,D,0
-17.8808,137.9403,318.3,1.3,1.1,2014-06-22,0447,Aqua,MODIS,60,6.2,308,9.4,D,0
-17.869,137.9501,330.4,1.3,1.1,2014-06-22,0447,Aqua,MODIS,81,6.2,306.6,27.9,D,0
-17.8709,137.9384,345.1,1.3,1.1,2014-06-22,0447,Aqua,MODIS,92,6.2,308.4,60,D,0
-17.6099,137.9103,322.3,1.3,1.1,2014-06-22,0447,Aqua,MODIS,72,6.2,305.8,16.9,D,0
-17.5999,137.9084,336.9,1.3,1.1,2014-06-22,0447,Aqua,MODIS,87,6.2,305.4,42.4,D,0
-17.5184,138.7812,321.5,1.4,1.2,2014-06-22,0447,Aqua,MODIS,69,6.2,306.5,15.7,D,0
-15.392,141.6953,319.6,2.6,1.5,2014-06-22,0447,Aqua,MODIS,75,6.2,300.2,37.7,D,0
-17.7434,137.9711,321.5,1.3,1.1,2014-06-22,0447,Aqua,MODIS,69,6.2,306.8,12.5,D,0
-17.7534,137.9731,360.8,1.3,1.1,2014-06-22,0447,Aqua,MODIS,100,6.2,311.6,111.2,D,0
-17.9312,137.3641,325.2,1.2,1.1,2014-06-22,0447,Aqua,MODIS,75,6.2,307.1,16.9,D,0
-17.9295,137.3751,325.8,1.2,1.1,2014-06-22,0447,Aqua,MODIS,75,6.2,308.8,17.8,D,0
-17.9836,137.6208,328.2,1.2,1.1,2014-06-22,0447,Aqua,MODIS,78,6.2,307.2,21.9,D,0
-17.9854,137.6095,326.9,1.2,1.1,2014-06-22,0447,Aqua,MODIS,77,6.2,306.1,19.8,D,0
-17.9889,137.5871,340.1,1.2,1.1,2014-06-22,0447,Aqua,MODIS,89,6.2,307.2,43.7,D,0
-17.9907,137.5758,323.4,1.2,1.1,2014-06-22,0447,Aqua,MODIS,52,6.2,307.1,14.1,D,0
-17.9604,137.6399,339.7,1.2,1.1,2014-06-22,0447,Aqua,MODIS,88,6.2,307.8,43.4,D,0
-17.981,137.574,350.7,1.2,1.1,2014-06-22,0447,Aqua,MODIS,95,6.2,309.3,70.3,D,0
-17.9712,137.5723,350.2,1.2,1.1,2014-06-22,0447,Aqua,MODIS,95,6.2,307.4,67.4,D,0
-17.973,137.561,341.1,1.2,1.1,2014-06-22,0447,Aqua,MODIS,89,6.2,307.6,44.7,D,0
-17.9748,137.5498,329.3,1.2,1.1,2014-06-22,0447,Aqua,MODIS,52,6.2,307.4,22.4,D,0
-17.952,137.5505,320.6,1.2,1.1,2014-06-22,0447,Aqua,MODIS,53,6.2,303.5,12.4,D,0
-17.9422,137.5487,324.1,1.2,1.1,2014-06-22,0447,Aqua,MODIS,73,6.2,304.7,17.6,D,0
-17.7344,137.3172,315,1.2,1.1,2014-06-22,0447,Aqua,MODIS,21,6.2,304.3,7.4,D,0
-17.9023,137.4842,329.3,1.2,1.1,2014-06-22,0447,Aqua,MODIS,46,6.2,304.5,23.4,D,0
-17.8997,137.4379,336.3,1.2,1.1,2014-06-22,0447,Aqua,MODIS,86,6.2,306.2,36,D,0
-17.8979,137.449,324.9,1.2,1.1,2014-06-22,0447,Aqua,MODIS,42,6.2,305.6,17.4,D,0
-17.8882,137.4472,325.2,1.2,1.1,2014-06-22,0447,Aqua,MODIS,45,6.2,305.1,18.6,D,0
-17.89,137.4362,334.2,1.2,1.1,2014-06-22,0447,Aqua,MODIS,84,6.2,304.6,32.8,D,0
-17.8766,137.3829,321.9,1.2,1.1,2014-06-22,0447,Aqua,MODIS,50,6.2,306.6,12.7,D,0
-17.9023,137.6113,323.2,1.2,1.1,2014-06-22,0447,Aqua,MODIS,57,6.2,308.7,14.3,D,0
-17.8834,137.6665,318.4,1.2,1.1,2014-06-22,0447,Aqua,MODIS,29,6.2,307,8.4,D,0
-17.8576,137.6385,324.9,1.2,1.1,2014-06-22,0447,Aqua,MODIS,48,6.2,307.4,13.1,D,0
-17.8588,137.5686,325.1,1.2,1.1,2014-06-22,0447,Aqua,MODIS,25,6.2,305.2,14.3,D,0
-17.8454,137.5838,327.1,1.2,1.1,2014-06-22,0447,Aqua,MODIS,23,6.2,305.8,18.1,D,0
-18.9436,130.7377,321.1,1.5,1.2,2014-06-22,0447,Aqua,MODIS,65,6.2,307.1,15,D,0
-18.2599,130.4421,317.4,1.5,1.2,2014-06-22,0447,Aqua,MODIS,52,6.2,304.8,11.2,D,0
-19.306,130.2764,319,1.6,1.2,2014-06-22,0447,Aqua,MODIS,60,6.2,306.2,14,D,0
-19.7387,130.2867,317.4,1.6,1.2,2014-06-22,0447,Aqua,MODIS,55,6.2,306,10.5,D,0
-19.3858,130.1857,320,1.6,1.2,2014-06-22,0447,Aqua,MODIS,58,6.2,305.5,15.1,D,0
-19.3042,130.2914,324,1.6,1.2,2014-06-22,0447,Aqua,MODIS,72,6.2,305.1,23.2,D,0
-19.712,130.221,320.6,1.6,1.3,2014-06-22,0447,Aqua,MODIS,65,6.2,304.6,17.7,D,0
-19.7369,130.3019,330.6,1.6,1.2,2014-06-22,0447,Aqua,MODIS,80,6.2,306.6,38.7,D,0
-18.519,129.9972,322,1.6,1.3,2014-06-22,0447,Aqua,MODIS,48,6.2,307.4,18.4,D,0
-18.4891,130.0552,321.3,1.6,1.2,2014-06-22,0447,Aqua,MODIS,63,6.2,305.5,18.5,D,0
-15.8842,136.5585,333.7,1.1,1.1,2014-06-22,0447,Aqua,MODIS,84,6.2,307,28.4,D,0
-15.4323,141.6304,314.5,2.5,1.5,2014-06-22,0447,Aqua,MODIS,68,6.2,301.4,20.7,D,0
-15.3953,141.7129,325.7,2.6,1.5,2014-06-22,0447,Aqua,MODIS,81,6.2,300.8,63.4,D,0
-15.8975,136.5676,331.8,1.1,1.1,2014-06-22,0447,Aqua,MODIS,71,6.2,308.4,25,D,0
-15.4256,141.6216,317.3,2.5,1.5,2014-06-22,0447,Aqua,MODIS,72,6.2,302.3,29.9,D,0
-15.8992,136.5571,332.1,1.1,1.1,2014-06-22,0447,Aqua,MODIS,65,6.2,310.5,25.9,D,0
-16.0159,136.2375,317.9,1.1,1,2014-06-22,0447,Aqua,MODIS,57,6.2,307.6,7.2,D,0
-15.8937,136.5602,323.5,1.1,1.1,2014-06-22,0447,Aqua,MODIS,70,6.2,309.5,13.6,D,0
-15.3877,141.719,320.5,2.6,1.5,2014-06-22,0447,Aqua,MODIS,76,6.2,301.5,40.6,D,0
-15.8858,136.548,321.3,1.1,1.1,2014-06-22,0447,Aqua,MODIS,38,6.2,308.4,11.1,D,0
-16.2477,136.5902,325.4,1.1,1.1,2014-06-22,0447,Aqua,MODIS,74,6.2,308.5,15.9,D,0
-16.2604,136.5709,321.6,1.1,1.1,2014-06-22,0447,Aqua,MODIS,43,6.2,307.4,11.4,D,0
-16.0277,136.3184,322.8,1.1,1,2014-06-22,0447,Aqua,MODIS,70,6.2,307.2,12.2,D,0
-16.274,136.5799,330.5,1.1,1.1,2014-06-22,0447,Aqua,MODIS,42,6.2,309,20.5,D,0
-19.7354,130.9821,319,1.4,1.2,2014-06-22,0447,Aqua,MODIS,38,6.2,307.5,10.3,D,0
-15.9393,136.3612,326,1.1,1.1,2014-06-22,0447,Aqua,MODIS,57,6.2,306.4,16.5,D,0
-16.0254,136.3018,319.1,1.1,1,2014-06-22,0447,Aqua,MODIS,31,6.2,308.6,7.3,D,0
-16.0293,136.3082,330,1.1,1,2014-06-22,0447,Aqua,MODIS,80,6.2,310.5,21.6,D,0
-16.0239,136.3121,330.8,1.1,1,2014-06-22,0447,Aqua,MODIS,81,6.2,309.3,22.9,D,0
-16.2572,136.5918,334.8,1.1,1.1,2014-06-22,0447,Aqua,MODIS,83,6.2,311.2,29.4,D,0
-13.1638,132.3507,324.6,1,1,2014-06-22,0448,Aqua,MODIS,37,6.2,308.2,11.2,D,0
-13.2427,131.9847,328.6,1.1,1,2014-06-22,0448,Aqua,MODIS,63,6.2,308.4,13.9,D,0
-13.2579,131.9936,328.9,1.1,1,2014-06-22,0448,Aqua,MODIS,59,6.2,308.6,14.2,D,0
-13.1598,132.3794,341,1,1,2014-06-22,0448,Aqua,MODIS,88,6.2,306.1,35.8,D,0
-13.5221,131.4634,343.6,1.1,1.1,2014-06-22,0448,Aqua,MODIS,90,6.2,307.9,45.7,D,0
-13.5235,131.453,359.2,1.1,1.1,2014-06-22,0448,Aqua,MODIS,99,6.2,309.7,86.7,D,0
-13.5249,131.4426,370.3,1.1,1.1,2014-06-22,0448,Aqua,MODIS,100,6.2,309.9,128.2,D,0
-13.5126,131.4621,324.8,1.1,1.1,2014-06-22,0448,Aqua,MODIS,50,6.2,306.9,12.3,D,0
-13.5154,131.4411,395.2,1.1,1.1,2014-06-22,0448,Aqua,MODIS,100,6.2,314.6,258.7,D,0
-13.503,131.4607,330.7,1.1,1.1,2014-06-22,0448,Aqua,MODIS,57,6.2,306,19.5,D,0
-13.5044,131.4502,329.5,1.1,1.1,2014-06-22,0448,Aqua,MODIS,35,6.2,306.7,17.2,D,0
-13.3811,132.1073,326,1.1,1,2014-06-22,0448,Aqua,MODIS,59,6.2,310.3,10.6,D,0
-13.3704,132.1158,342,1.1,1,2014-06-22,0448,Aqua,MODIS,89,6.2,308,37.6,D,0
-13.1585,132.389,334.7,1,1,2014-06-22,0448,Aqua,MODIS,83,6.2,304.7,25.1,D,0
-13.3718,132.106,354.2,1.1,1,2014-06-22,0448,Aqua,MODIS,97,6.2,311.7,63.4,D,0
-13.8117,134.1413,324.5,1,1,2014-06-22,0448,Aqua,MODIS,53,6.2,305.9,11.6,D,0
-13.8221,134.1335,328,1,1,2014-06-22,0448,Aqua,MODIS,55,6.2,307.1,15.5,D,0
-13.8207,134.1427,340.5,1,1,2014-06-22,0448,Aqua,MODIS,89,6.2,308.8,32.9,D,0
-13.8284,134.1533,324.3,1,1,2014-06-22,0448,Aqua,MODIS,72,6.2,307.4,11.6,D,0
-13.8194,134.1519,330.6,1,1,2014-06-22,0448,Aqua,MODIS,77,6.2,306.7,18.2,D,0
-13.3652,132.085,325.6,1.1,1,2014-06-22,0448,Aqua,MODIS,42,6.2,309,9.8,D,0
-13.3559,132.0837,385.5,1.1,1,2014-06-22,0448,Aqua,MODIS,100,6.2,312.3,180.1,D,0
-13.3626,132.0343,323.5,1.1,1,2014-06-22,0448,Aqua,MODIS,55,6.2,308.2,7.6,D,0
-13.356,132.0132,337.7,1.1,1,2014-06-22,0448,Aqua,MODIS,86,6.2,308.1,28.1,D,0
-13.3507,131.9821,363.9,1.1,1,2014-06-22,0448,Aqua,MODIS,100,6.2,308.8,96.4,D,0
-13.4171,132.0523,320.2,1.1,1,2014-06-22,0448,Aqua,MODIS,32,6.2,306.8,5.7,D,0
-13.4157,132.0621,326.5,1.1,1,2014-06-22,0448,Aqua,MODIS,73,6.2,308.6,13.4,D,0
-13.295,132.0693,320.8,1.1,1,2014-06-22,0448,Aqua,MODIS,18,6.2,306.8,6.6,D,0
-13.7348,132.6727,324.8,1,1,2014-06-22,0448,Aqua,MODIS,57,6.2,307,11.4,D,0
-13.679,132.6773,324.5,1,1,2014-06-22,0448,Aqua,MODIS,19,6.2,308.6,8.1,D,0
-13.6594,132.6842,333.6,1,1,2014-06-22,0448,Aqua,MODIS,61,6.2,309,19.2,D,0
-13.9791,132.3676,320.4,1.1,1,2014-06-22,0448,Aqua,MODIS,40,6.2,306.1,7.8,D,0
-13.9712,132.3566,321.2,1.1,1,2014-06-22,0448,Aqua,MODIS,32,6.2,306.8,7.7,D,0
-13.6607,132.6747,328.3,1,1,2014-06-22,0448,Aqua,MODIS,51,6.2,306.1,13.2,D,0
-13.6476,132.7019,340,1,1,2014-06-22,0448,Aqua,MODIS,74,6.2,310.9,30.5,D,0
-13.7265,132.9982,322.8,1,1,2014-06-22,0448,Aqua,MODIS,64,6.2,307.6,8.1,D,0
-12.6535,132.8511,320.4,1,1,2014-06-22,0448,Aqua,MODIS,60,6.2,307.2,7.9,D,0
-13.6503,132.6829,335.2,1,1,2014-06-22,0448,Aqua,MODIS,71,6.2,310.1,24.7,D,0
-13.6516,132.6734,335.9,1,1,2014-06-22,0448,Aqua,MODIS,78,6.2,306.8,26.3,D,0
-13.6385,132.7005,365.2,1,1,2014-06-22,0448,Aqua,MODIS,100,6.2,309.4,93.1,D,0
-13.6398,132.6911,382.9,1,1,2014-06-22,0448,Aqua,MODIS,100,6.2,313.8,161.4,D,0
-13.6411,132.6816,343.6,1,1,2014-06-22,0448,Aqua,MODIS,90,6.2,308.1,40.7,D,0
-13.6425,132.6721,344.4,1,1,2014-06-22,0448,Aqua,MODIS,91,6.2,307.1,43.3,D,0
-13.6255,132.7949,335.5,1,1,2014-06-22,0448,Aqua,MODIS,22,6.2,304.3,24.1,D,0
-13.6281,132.776,339.6,1,1,2014-06-22,0448,Aqua,MODIS,48,6.2,306.4,29.2,D,0
-12.4131,134.9594,322.1,1.1,1,2014-06-22,0448,Aqua,MODIS,72,6.2,302.8,13.7,D,0
-12.4116,134.969,326,1.1,1,2014-06-22,0448,Aqua,MODIS,77,6.2,304.4,18.3,D,0
-13.9805,132.3579,326.4,1.1,1,2014-06-22,0448,Aqua,MODIS,73,6.2,309.4,14.1,D,0
-13.6025,131.5444,324.2,1.1,1.1,2014-06-22,0448,Aqua,MODIS,35,6.2,307.2,10.7,D,0
-13.6039,131.5341,332.8,1.1,1.1,2014-06-22,0448,Aqua,MODIS,81,6.2,309.1,24,D,0
-13.5805,131.5358,324.2,1.1,1.1,2014-06-22,0448,Aqua,MODIS,68,6.2,308.5,12,D,0
-13.5819,131.5253,325.4,1.1,1.1,2014-06-22,0448,Aqua,MODIS,70,6.2,307.1,13.6,D,0
-13.5642,131.5123,328.5,1.1,1.1,2014-06-22,0448,Aqua,MODIS,73,6.2,306,17.5,D,0
-13.5356,131.508,323.9,1.1,1.1,2014-06-22,0448,Aqua,MODIS,62,6.2,306.2,12.1,D,0
-13.5342,131.5185,341.9,1.1,1.1,2014-06-22,0448,Aqua,MODIS,89,6.2,310.3,39.3,D,0
-13.5328,131.5289,336.4,1.1,1.1,2014-06-22,0448,Aqua,MODIS,72,6.2,310.9,26.9,D,0
-13.5168,131.4306,353.6,1.1,1.1,2014-06-22,0448,Aqua,MODIS,96,6.2,307.1,70.4,D,0
-13.7525,132.9449,326.5,1,1,2014-06-22,0448,Aqua,MODIS,73,6.2,308.5,13.2,D,0
-13.7434,132.9435,322.7,1,1,2014-06-22,0448,Aqua,MODIS,42,6.2,308.6,8.3,D,0
-13.3099,131.9608,321.8,1.1,1,2014-06-22,0448,Aqua,MODIS,54,6.2,305.3,10.4,D,0
-13.7534,131.3248,320.9,1.2,1.1,2014-06-22,0448,Aqua,MODIS,54,6.2,306.2,8.6,D,0
-13.7549,131.314,324.1,1.2,1.1,2014-06-22,0448,Aqua,MODIS,69,6.2,306.4,12.4,D,0
-13.6982,132.8697,333,1,1,2014-06-22,0448,Aqua,MODIS,82,6.2,310,20.6,D,0
-13.3621,132.3132,322.7,1.1,1,2014-06-22,0448,Aqua,MODIS,47,6.2,306.5,9.4,D,0
-13.3713,132.3145,321.9,1.1,1,2014-06-22,0448,Aqua,MODIS,47,6.2,306.3,9.4,D,0
-13.7745,134.145,325.3,1,1,2014-06-22,0448,Aqua,MODIS,68,6.2,306.9,12.7,D,0
-13.7641,134.1564,317.2,1,1,2014-06-22,0448,Aqua,MODIS,55,6.2,305.7,5.2,D,0
-13.7654,134.1472,340,1,1,2014-06-22,0448,Aqua,MODIS,89,6.2,309.4,33,D,0
-13.7667,134.138,339.1,1,1,2014-06-22,0448,Aqua,MODIS,88,6.2,308.7,31.3,D,0
-13.6891,132.8684,328.5,1,1,2014-06-22,0448,Aqua,MODIS,63,6.2,307,14.1,D,0
-13.7564,134.1458,379.8,1,1,2014-06-22,0448,Aqua,MODIS,100,6.2,309.6,142.5,D,0
-13.816,130.6984,320.4,1.3,1.1,2014-06-22,0448,Aqua,MODIS,39,6.2,306.6,9.5,D,0
-13.3324,132.0044,326.6,1.1,1,2014-06-22,0448,Aqua,MODIS,59,6.2,306.5,13,D,0
-13.806,130.6971,322.1,1.3,1.1,2014-06-22,0448,Aqua,MODIS,59,6.2,306.5,11.7,D,0
-13.7578,134.1366,418.2,1,1,2014-06-22,0448,Aqua,MODIS,100,6.2,320.1,371.8,D,0
-13.7591,134.1274,324.2,1,1,2014-06-22,0448,Aqua,MODIS,72,6.2,303.8,12.5,D,0
-13.3231,132.0031,342.4,1.1,1,2014-06-22,0448,Aqua,MODIS,89,6.2,307.5,38.2,D,0
-13.5752,131.5032,330.6,1.1,1.1,2014-06-22,0448,Aqua,MODIS,79,6.2,306.3,21.9,D,0
-13.5657,131.5018,327.1,1.1,1.1,2014-06-22,0448,Aqua,MODIS,75,6.2,305.9,16.5,D,0
-13.3244,131.9932,337.2,1.1,1,2014-06-22,0448,Aqua,MODIS,85,6.2,307.2,29.3,D,0
-13.3138,132.0017,323.3,1.1,1,2014-06-22,0448,Aqua,MODIS,27,6.2,307.7,8.5,D,0
-13.3151,131.9918,334,1.1,1,2014-06-22,0448,Aqua,MODIS,82,6.2,307.8,24.4,D,0
-13.2871,132.0582,323.6,1.1,1,2014-06-22,0448,Aqua,MODIS,66,6.2,307,9.5,D,0
-13.0952,132.118,328.2,1.1,1,2014-06-22,0448,Aqua,MODIS,47,6.2,306.9,14.6,D,0
-13.1045,132.1193,363.2,1.1,1,2014-06-22,0448,Aqua,MODIS,100,6.2,312.4,88.1,D,0
-13.1032,132.129,334.5,1.1,1,2014-06-22,0448,Aqua,MODIS,60,6.2,309.4,20.2,D,0
-13.1124,132.1304,329.7,1.1,1,2014-06-22,0448,Aqua,MODIS,61,6.2,309.8,12.7,D,0
-13.5196,131.8401,387,1.1,1,2014-06-22,0448,Aqua,MODIS,100,6.2,312.8,196.6,D,0
-13.2468,131.955,325.3,1.1,1,2014-06-22,0448,Aqua,MODIS,44,6.2,306.7,12,D,0
-13.2455,131.9649,322.8,1.1,1,2014-06-22,0448,Aqua,MODIS,50,6.2,307.3,9.2,D,0
-13.2527,131.9625,330.3,1.1,1,2014-06-22,0448,Aqua,MODIS,43,6.2,306.7,15.5,D,0
-13.529,131.8415,320.4,1.1,1,2014-06-22,0448,Aqua,MODIS,60,6.2,306.5,7.3,D,0
-13.3521,131.9722,355,1.1,1,2014-06-22,0448,Aqua,MODIS,97,6.2,306.8,71.1,D,0
-13.271,132.1756,326.8,1.1,1,2014-06-22,0448,Aqua,MODIS,66,6.2,309.4,12.5,D,0
-13.6932,132.7085,328,1,1,2014-06-22,0448,Aqua,MODIS,70,6.2,309.1,11.7,D,0
-13.6502,132.7505,332.1,1,1,2014-06-22,0448,Aqua,MODIS,37,6.2,307.4,17.3,D,0
-13.6554,132.7127,330.2,1,1,2014-06-22,0448,Aqua,MODIS,30,6.2,309.9,14.6,D,0
-13.6411,132.7491,361,1,1,2014-06-22,0448,Aqua,MODIS,100,6.2,309.1,78.5,D,0
-13.2264,132.1027,321.1,1.1,1,2014-06-22,0448,Aqua,MODIS,49,6.2,307.6,5.1,D,0
-13.204,132.0595,324.3,1.1,1,2014-06-22,0448,Aqua,MODIS,40,6.2,307.8,7.7,D,0
-13.1404,132.1102,330.4,1.1,1,2014-06-22,0448,Aqua,MODIS,24,6.2,310.2,14,D,0
-13.1496,132.1115,334.9,1.1,1,2014-06-22,0448,Aqua,MODIS,83,6.2,308.9,20.3,D,0
-13.1562,132.1324,328,1.1,1,2014-06-22,0448,Aqua,MODIS,75,6.2,310.2,11.2,D,0
-13.1947,132.0582,325.8,1.1,1,2014-06-22,0448,Aqua,MODIS,60,6.2,309.3,9.9,D,0
-13.1854,132.0569,324.4,1.1,1,2014-06-22,0448,Aqua,MODIS,45,6.2,310.1,8.4,D,0
-13.151,132.1018,351.5,1.1,1,2014-06-22,0448,Aqua,MODIS,95,6.2,309.7,54.5,D,0
-13.1417,132.1004,335.5,1.1,1,2014-06-22,0448,Aqua,MODIS,84,6.2,310.1,24.1,D,0
-13.143,132.0907,323.1,1.1,1,2014-06-22,0448,Aqua,MODIS,57,6.2,308.8,8.4,D,0
-13.1444,132.0809,323.4,1.1,1,2014-06-22,0448,Aqua,MODIS,66,6.2,308.7,9.1,D,0
-13.1377,132.0843,328.2,1.1,1,2014-06-22,0448,Aqua,MODIS,75,6.2,307.7,14.4,D,0
-13.139,132.0745,342.2,1.1,1,2014-06-22,0448,Aqua,MODIS,89,6.2,310.1,37.5,D,0
-13.5383,132.0921,319.6,1.1,1,2014-06-22,0448,Aqua,MODIS,36,6.2,308.1,6.6,D,0
-13.3625,132.1046,377.4,1.1,1,2014-06-22,0448,Aqua,MODIS,100,6.2,310.4,143,D,0
-13.3638,132.0948,368.5,1.1,1,2014-06-22,0448,Aqua,MODIS,100,6.2,312.8,107.3,D,0
-13.3546,132.0935,385.9,1.1,1,2014-06-22,0448,Aqua,MODIS,100,6.2,309.7,182.1,D,0
-13.0314,132.7125,323,1,1,2014-06-22,0448,Aqua,MODIS,67,6.2,308,10.7,D,0
-13.0966,132.1082,329.7,1.1,1,2014-06-22,0448,Aqua,MODIS,77,6.2,304.7,18.6,D,0
-13.1058,132.1096,357.4,1.1,1,2014-06-22,0448,Aqua,MODIS,98,6.2,308.7,73.4,D,0
-14.1542,132.7548,327.1,1,1,2014-06-22,0448,Aqua,MODIS,74,6.2,309.6,11.6,D,0
-14.3482,132.7469,327.9,1,1,2014-06-22,0448,Aqua,MODIS,76,6.2,309.7,16.6,D,0
-14.3391,132.7456,338.7,1,1,2014-06-22,0448,Aqua,MODIS,87,6.2,308.6,31.2,D,0
-14.3404,132.736,330.4,1,1,2014-06-22,0448,Aqua,MODIS,79,6.2,306.3,18.8,D,0
-13.6332,132.8057,350.1,1,1,2014-06-22,0448,Aqua,MODIS,94,6.2,309.2,50.1,D,0
-13.6319,132.8151,344.3,1,1,2014-06-22,0448,Aqua,MODIS,86,6.2,307.6,38.8,D,0
-13.641,132.8165,356.6,1,1,2014-06-22,0448,Aqua,MODIS,98,6.2,309.8,64.8,D,0
-13.6735,132.7828,333.7,1,1,2014-06-22,0448,Aqua,MODIS,79,6.2,309.5,18.3,D,0
-14.1555,132.7453,322.4,1,1,2014-06-22,0448,Aqua,MODIS,34,6.2,308.6,5.8,D,0
-14.1476,132.7482,332,1,1,2014-06-22,0448,Aqua,MODIS,81,6.2,310.9,18.2,D,0
-14.1385,132.7469,326,1,1,2014-06-22,0448,Aqua,MODIS,72,6.2,310.6,10.5,D,0
-14.0851,132.7292,321.1,1,1,2014-06-22,0448,Aqua,MODIS,47,6.2,309.6,5.3,D,0
-13.348,132.0725,326.6,1.1,1,2014-06-22,0448,Aqua,MODIS,73,6.2,306.3,11.2,D,0
-13.8116,132.7769,322.9,1,1,2014-06-22,0448,Aqua,MODIS,49,6.2,308.4,7.2,D,0
-15.0339,131.1178,324.3,1.2,1.1,2014-06-22,0448,Aqua,MODIS,70,6.2,307.1,15.4,D,0
-13.8233,132.7592,340.3,1,1,2014-06-22,0448,Aqua,MODIS,85,6.2,308.8,28.9,D,0
-13.8247,132.7498,350.5,1,1,2014-06-22,0448,Aqua,MODIS,95,6.2,310.1,50.1,D,0
-13.8338,132.7511,335.4,1,1,2014-06-22,0448,Aqua,MODIS,56,6.2,311,19.9,D,0
-13.8442,132.743,336.4,1,1,2014-06-22,0448,Aqua,MODIS,58,6.2,310.4,22.3,D,0
-14.5362,133.25,324.4,1,1,2014-06-22,0448,Aqua,MODIS,70,6.2,310.8,9.4,D,0
-13.4736,131.4284,318.8,1.1,1.1,2014-06-22,0448,Aqua,MODIS,52,6.2,304.8,7.6,D,0
-13.5724,131.6978,322.1,1.1,1.1,2014-06-22,0448,Aqua,MODIS,39,6.2,307.1,8.7,D,0
-13.5629,131.6964,324.2,1.1,1.1,2014-06-22,0448,Aqua,MODIS,28,6.2,307.9,10.7,D,0
-14.3273,132.8315,319.3,1,1,2014-06-22,0448,Aqua,MODIS,55,6.2,308.3,5.8,D,0
-13.5579,131.7006,320.7,1.1,1.1,2014-06-22,0448,Aqua,MODIS,50,6.2,307.6,5.7,D,0
-13.6722,132.7922,346.8,1,1,2014-06-22,0448,Aqua,MODIS,93,6.2,309.8,41.7,D,0
-13.8325,132.7606,345.6,1,1,2014-06-22,0448,Aqua,MODIS,92,6.2,311.4,38.3,D,0
-13.8144,134.1229,335.2,1,1,2014-06-22,0448,Aqua,MODIS,85,6.2,305.5,26.4,D,0
-14.3429,132.9209,320.1,1,1,2014-06-22,0448,Aqua,MODIS,33,6.2,308.1,6.3,D,0
-13.6709,132.8016,325,1,1,2014-06-22,0448,Aqua,MODIS,38,6.2,310.4,7.6,D,0
-13.6813,132.7936,328.7,1,1,2014-06-22,0448,Aqua,MODIS,64,6.2,310.9,11.7,D,0
-13.9343,132.4206,323.4,1.1,1,2014-06-22,0448,Aqua,MODIS,33,6.2,305.8,8.6,D,0
-13.68,132.803,337.3,1,1,2014-06-22,0448,Aqua,MODIS,86,6.2,309.3,24.2,D,0
-13.251,131.9252,328.6,1.1,1,2014-06-22,0448,Aqua,MODIS,67,6.2,307.5,18.5,D,0
-13.2416,131.9239,327.9,1.1,1,2014-06-22,0448,Aqua,MODIS,67,6.2,305,17.7,D,0
-13.243,131.9139,324.8,1.1,1,2014-06-22,0448,Aqua,MODIS,63,6.2,303.9,14.2,D,0
-13.7611,134.2372,320.2,1,1,2014-06-22,0448,Aqua,MODIS,65,6.2,305.9,8.4,D,0
-13.7625,134.228,324.9,1,1,2014-06-22,0448,Aqua,MODIS,74,6.2,308.3,13.4,D,0
-13.7535,134.2302,337.9,1,1,2014-06-22,0448,Aqua,MODIS,87,6.2,308.7,30.8,D,0
-13.7548,134.221,339.6,1,1,2014-06-22,0448,Aqua,MODIS,88,6.2,309.1,33.3,D,0
-13.1755,132.4012,325.8,1,1,2014-06-22,0448,Aqua,MODIS,58,6.2,306.7,12.4,D,0
-13.1677,132.3904,351.1,1,1,2014-06-22,0448,Aqua,MODIS,95,6.2,307.5,55,D,0
-12.3401,134.9621,314.4,1.1,1,2014-06-22,0448,Aqua,MODIS,49,6.2,300.4,6.4,D,0
-13.156,132.3398,373.9,1,1,2014-06-22,0448,Aqua,MODIS,100,6.2,312,126.9,D,0
-13.1573,132.3302,355.8,1,1,2014-06-22,0448,Aqua,MODIS,97,6.2,307.5,69.5,D,0
-13.1468,132.3384,347.7,1,1,2014-06-22,0448,Aqua,MODIS,93,6.2,306.1,51.2,D,0
-13.1481,132.3288,324.4,1,1,2014-06-22,0448,Aqua,MODIS,69,6.2,303.8,13.4,D,0
-13.4878,131.3227,325.7,1.2,1.1,2014-06-22,0448,Aqua,MODIS,69,6.2,308.8,11.5,D,0
-13.4974,131.3241,327.8,1.2,1.1,2014-06-22,0448,Aqua,MODIS,63,6.2,307.7,13.7,D,0
-13.4768,131.332,337.7,1.2,1.1,2014-06-22,0448,Aqua,MODIS,86,6.2,307.9,31.1,D,0
-13.1455,132.348,341.2,1,1,2014-06-22,0448,Aqua,MODIS,89,6.2,305.6,37.1,D,0
-13.3613,132.0442,324,1.1,1,2014-06-22,0448,Aqua,MODIS,55,6.2,308.5,8.2,D,0
-13.488,131.5368,330.4,1.1,1.1,2014-06-22,0448,Aqua,MODIS,66,6.2,310.2,19.4,D,0
-13.4994,131.4534,324.7,1.1,1.1,2014-06-22,0448,Aqua,MODIS,70,6.2,306,13.5,D,0
-13.4785,131.5354,337.5,1.1,1.1,2014-06-22,0448,Aqua,MODIS,86,6.2,307,31.9,D,0
-13.1325,132.1686,330.8,1.1,1,2014-06-22,0448,Aqua,MODIS,62,6.2,310.1,16.7,D,0
-13.1137,132.1206,330.1,1.1,1,2014-06-22,0448,Aqua,MODIS,52,6.2,307.5,14.4,D,0
-13.2543,131.3314,326.9,1.1,1.1,2014-06-22,0448,Aqua,MODIS,61,6.2,310.2,13.1,D,0
-13.4206,131.1445,323.3,1.2,1.1,2014-06-22,0448,Aqua,MODIS,66,6.2,306.6,12.3,D,0
-13.8854,132.3773,324.6,1.1,1,2014-06-22,0448,Aqua,MODIS,62,6.2,307.5,10.9,D,0
-13.8893,132.4174,341.4,1.1,1,2014-06-22,0448,Aqua,MODIS,89,6.2,305,37.7,D,0
-13.8985,132.4188,342.8,1.1,1,2014-06-22,0448,Aqua,MODIS,90,6.2,309,38.9,D,0
-13.9251,132.4192,324.4,1.1,1,2014-06-22,0448,Aqua,MODIS,40,6.2,307.3,9.9,D,0
-13.1546,132.3494,363.1,1,1,2014-06-22,0448,Aqua,MODIS,100,6.2,312.1,88.9,D,0
-13.1533,132.3589,334,1,1,2014-06-22,0448,Aqua,MODIS,82,6.2,307,24.4,D,0
-13.8131,134.1321,340.7,1,1,2014-06-22,0448,Aqua,MODIS,89,6.2,306.4,34.5,D,0
-13.5182,131.8502,358.7,1.1,1,2014-06-22,0448,Aqua,MODIS,99,6.2,308.5,80.7,D,0
-13.5276,131.8515,323.9,1.1,1,2014-06-22,0448,Aqua,MODIS,69,6.2,307.9,11.8,D,0
-13.5247,131.517,346.3,1.1,1.1,2014-06-22,0448,Aqua,MODIS,83,6.2,308.2,45.9,D,0
-13.5152,131.5157,360.6,1.1,1.1,2014-06-22,0448,Aqua,MODIS,100,6.2,309.6,84.7,D,0
-13.1625,132.3603,337.3,1,1,2014-06-22,0448,Aqua,MODIS,85,6.2,308.8,29.6,D,0
-14.8227,126.081,317.4,2.8,1.6,2014-06-22,0448,Aqua,MODIS,36,6.2,300.1,32.2,D,0
-14.5172,130.0173,325.4,1.4,1.2,2014-06-22,0448,Aqua,MODIS,52,6.2,306,19.5,D,0
-13.7061,132.7459,328.8,1,1,2014-06-22,0448,Aqua,MODIS,65,6.2,310.5,11.8,D,0
-13.7021,132.7742,337.5,1,1,2014-06-22,0448,Aqua,MODIS,86,6.2,310.8,25.5,D,0
-13.7588,130.7428,318.8,1.3,1.1,2014-06-22,0448,Aqua,MODIS,29,6.2,306.3,7.8,D,0
-13.7604,130.731,319.2,1.3,1.1,2014-06-22,0448,Aqua,MODIS,39,6.2,305.5,7.9,D,0
-14.488,130.1586,326.4,1.4,1.2,2014-06-22,0448,Aqua,MODIS,52,6.2,306,20,D,0
-14.4817,129.697,324.9,1.5,1.2,2014-06-22,0448,Aqua,MODIS,73,6.2,304.9,19.2,D,0
-14.0664,127.1796,330,2.3,1.5,2014-06-22,0448,Aqua,MODIS,83,6.2,300.9,59.7,D,0
-15.0532,127.7369,324.2,2.1,1.4,2014-06-22,0448,Aqua,MODIS,73,6.2,303.9,35.4,D,0
-14.5358,130.0777,321.9,1.4,1.2,2014-06-22,0448,Aqua,MODIS,25,6.2,304.3,14.7,D,0
-13.9487,127.0886,314.8,2.3,1.5,2014-06-22,0448,Aqua,MODIS,39,6.2,298.9,17.6,D,0
-14.0688,127.1587,325.8,2.3,1.5,2014-06-22,0448,Aqua,MODIS,78,6.2,300.6,44.4,D,0
-14.5194,130.0366,332.5,1.4,1.2,2014-06-22,0448,Aqua,MODIS,82,6.2,305.6,36.4,D,0
-13.8757,130.3183,324.8,1.3,1.1,2014-06-22,0448,Aqua,MODIS,36,6.2,306.4,14.2,D,0
-15.0663,127.7453,320,2.1,1.4,2014-06-22,0448,Aqua,MODIS,34,6.2,302.2,20,D,0
-15.0535,127.7439,331.1,2.1,1.4,2014-06-22,0448,Aqua,MODIS,81,6.2,303.3,57,D,0
-14.0713,127.1376,331.8,2.3,1.5,2014-06-22,0448,Aqua,MODIS,84,6.2,300.5,71.7,D,0
-15.066,127.7384,330.7,2.1,1.4,2014-06-22,0448,Aqua,MODIS,81,6.2,302.5,56.8,D,0
-13.8741,130.3305,333.7,1.3,1.1,2014-06-22,0448,Aqua,MODIS,78,6.2,308.3,31.5,D,0
-15.472,128.1715,338.1,2,1.4,2014-06-22,0448,Aqua,MODIS,87,6.2,306.1,79.2,D,0
-14.9585,130.0986,353.6,1.4,1.2,2014-06-22,0448,Aqua,MODIS,96,6.2,308.3,95,D,0
-14.9627,130.1059,343.2,1.4,1.2,2014-06-22,0448,Aqua,MODIS,90,6.2,307.8,59,D,0
-15.468,128.1835,323.4,2,1.4,2014-06-22,0448,Aqua,MODIS,37,6.2,307,25,D,0
-14.8243,126.0865,316.5,2.8,1.6,2014-06-22,0448,Aqua,MODIS,47,6.2,300,30.4,D,0
-14.9644,130.0928,325.7,1.4,1.2,2014-06-22,0448,Aqua,MODIS,52,6.2,305.8,15.8,D,0
-13.7895,132.735,321.6,1,1,2014-06-22,0448,Aqua,MODIS,21,6.2,308.8,6.6,D,0
-14.5341,130.0909,323.4,1.4,1.2,2014-06-22,0448,Aqua,MODIS,35,6.2,306,16.6,D,0
-14.5178,130.0497,321.9,1.4,1.2,2014-06-22,0448,Aqua,MODIS,53,6.2,304.7,15.8,D,0
-14.5211,130.0234,328.6,1.4,1.2,2014-06-22,0448,Aqua,MODIS,78,6.2,305.8,27.3,D,0
-13.7074,132.7364,327.8,1,1,2014-06-22,0448,Aqua,MODIS,61,6.2,309.1,10.6,D,0
-13.7386,132.712,329.9,1,1,2014-06-22,0448,Aqua,MODIS,79,6.2,309.3,15.4,D,0
-13.7373,132.7215,333.7,1,1,2014-06-22,0448,Aqua,MODIS,83,6.2,309.5,20.2,D,0
-13.7464,132.7229,328,1,1,2014-06-22,0448,Aqua,MODIS,76,6.2,309.9,13.6,D,0
-15.4701,128.1664,339.1,2,1.4,2014-06-22,0448,Aqua,MODIS,88,6.2,305.5,84,D,0
-13.7451,132.7323,333.6,1,1,2014-06-22,0448,Aqua,MODIS,82,6.2,309.2,20.9,D,0
-14.5227,130.01,321.9,1.4,1.2,2014-06-22,0448,Aqua,MODIS,67,6.2,304.9,15.9,D,0
-15.4742,128.1524,327.7,2,1.4,2014-06-22,0448,Aqua,MODIS,64,6.2,302.7,39,D,0
-13.7452,131.3127,352.4,1.2,1.1,2014-06-22,0448,Aqua,MODIS,96,6.2,310.3,68.2,D,0
-14.9569,130.1118,331.8,1.4,1.2,2014-06-22,0448,Aqua,MODIS,69,6.2,307.5,29.8,D,0
-14.2434,130.3057,329.2,1.3,1.2,2014-06-22,0448,Aqua,MODIS,77,6.2,307.5,24.8,D,0
-14.1718,130.3899,322.1,1.3,1.1,2014-06-22,0448,Aqua,MODIS,62,6.2,306.1,11.4,D,0
-15.9407,128.5906,317.9,1.9,1.3,2014-06-22,0448,Aqua,MODIS,54,6.2,304,14.5,D,0
-15.0311,125.8471,326.5,3,1.6,2014-06-22,0448,Aqua,MODIS,76,6.2,295.4,83.9,D,0
-15.0309,125.8517,327.4,3,1.6,2014-06-22,0448,Aqua,MODIS,77,6.2,295.3,90,D,0
-14.2418,130.3182,331.9,1.3,1.1,2014-06-22,0448,Aqua,MODIS,80,6.2,307.4,29.5,D,0
-14.3907,130.3383,317.2,1.3,1.2,2014-06-22,0448,Aqua,MODIS,35,6.2,303.1,9.5,D,0
-14.4439,129.5296,322.2,1.5,1.2,2014-06-22,0448,Aqua,MODIS,37,6.2,303.9,20.3,D,0
-14.4277,129.5703,317.7,1.5,1.2,2014-06-22,0448,Aqua,MODIS,48,6.2,302.4,14.7,D,0
-14.4005,129.8728,332.5,1.4,1.2,2014-06-22,0448,Aqua,MODIS,82,6.2,305.7,34.5,D,0
-15.6775,124.8532,325.3,3.6,1.8,2014-06-22,0448,Aqua,MODIS,75,6.2,297.1,98.4,D,0
-15.6696,124.8477,327.6,3.6,1.8,2014-06-22,0448,Aqua,MODIS,78,6.2,296.5,116,D,0
-14.0305,130.5363,328.3,1.3,1.1,2014-06-22,0448,Aqua,MODIS,48,6.2,307.2,19,D,0
-14.1059,130.5773,320.2,1.3,1.1,2014-06-22,0448,Aqua,MODIS,32,6.2,305.4,9.8,D,0
-14.077,130.5606,327.2,1.3,1.1,2014-06-22,0448,Aqua,MODIS,70,6.2,307.5,17.2,D,0
-14.0781,130.5672,324.6,1.3,1.1,2014-06-22,0448,Aqua,MODIS,49,6.2,307.6,14,D,0
-13.0114,130.1642,367.1,1.3,1.1,2014-06-22,0448,Aqua,MODIS,100,6.2,306.9,146.4,D,0
-13.0098,130.1763,367.4,1.3,1.1,2014-06-22,0448,Aqua,MODIS,100,6.2,307,147,D,0
-13.0201,130.1777,376,1.3,1.1,2014-06-22,0448,Aqua,MODIS,100,6.2,310.4,191.1,D,0
-13.0185,130.1899,365.7,1.3,1.1,2014-06-22,0448,Aqua,MODIS,100,6.2,307,136.6,D,0
-14.3915,129.858,326.2,1.4,1.2,2014-06-22,0448,Aqua,MODIS,74,6.2,306.2,20.9,D,0
-14.4022,129.8594,336,1.4,1.2,2014-06-22,0448,Aqua,MODIS,85,6.2,308.3,43,D,0
-14.283,126.7552,317.3,2.5,1.5,2014-06-22,0448,Aqua,MODIS,52,6.2,298.8,22.3,D,0
-12.8269,133.8953,328.5,1,1,2014-06-22,0448,Aqua,MODIS,75,6.2,304.7,16.6,D,0
-14.7679,126.0469,316.5,2.8,1.6,2014-06-22,0448,Aqua,MODIS,53,6.2,298.1,25.4,D,0
-12.7989,134.5873,325.9,1,1,2014-06-22,0448,Aqua,MODIS,76,6.2,304.6,15.9,D,0
-12.7885,135.5328,314.4,1.1,1,2014-06-22,0448,Aqua,MODIS,52,6.2,301.8,5.8,D,0
-12.7975,134.5967,320,1,1,2014-06-22,0448,Aqua,MODIS,67,6.2,304.4,9.3,D,0
-12.8102,135.5157,338.7,1.1,1,2014-06-22,0448,Aqua,MODIS,89,6.2,305.5,37.5,D,0
-14.3702,132.925,319.7,1,1,2014-06-22,0448,Aqua,MODIS,36,6.2,308.4,6.2,D,0
-14.6332,132.8857,322.8,1,1,2014-06-22,0448,Aqua,MODIS,66,6.2,310.6,8.7,D,0
-14.4337,141.8695,310.2,2.8,1.6,2014-06-22,0448,Aqua,MODIS,27,6.2,293.1,23.7,D,0
-12.8525,133.9086,322.8,1,1,2014-06-22,0448,Aqua,MODIS,65,6.2,305.2,10.5,D,0
-12.9321,133.9262,321.1,1,1,2014-06-22,0448,Aqua,MODIS,66,6.2,304.4,8.9,D,0
-12.9231,133.9248,351.2,1,1,2014-06-22,0448,Aqua,MODIS,95,6.2,307.5,55.2,D,0
-12.8196,135.5172,324.7,1.1,1,2014-06-22,0448,Aqua,MODIS,77,6.2,303.7,17,D,0
-12.9245,133.9157,347.6,1,1,2014-06-22,0448,Aqua,MODIS,93,6.2,307.3,47.5,D,0
-13.4709,133.571,317.7,1,1,2014-06-22,0448,Aqua,MODIS,54,6.2,305.8,6.6,D,0
-13.4696,133.5802,318.5,1,1,2014-06-22,0448,Aqua,MODIS,57,6.2,306.8,7.2,D,0
-15.6482,129.3055,317.8,1.6,1.3,2014-06-22,0448,Aqua,MODIS,35,6.2,305.1,10.9,D,0
-12.5451,141.9043,325.2,3,1.7,2014-06-22,0448,Aqua,MODIS,68,6.2,291,93.4,D,0
-12.5469,141.8994,319.3,3,1.7,2014-06-22,0448,Aqua,MODIS,71,6.2,291,60.2,D,0
-12.5401,141.9319,319.2,3,1.7,2014-06-22,0448,Aqua,MODIS,58,6.2,291.6,65.2,D,0
-12.5422,141.927,325.8,3,1.7,2014-06-22,0448,Aqua,MODIS,79,6.2,292.2,97,D,0
-12.7187,134.5118,325.3,1,1,2014-06-22,0448,Aqua,MODIS,76,6.2,303.9,14.5,D,0
-12.7277,134.5132,317.9,1,1,2014-06-22,0448,Aqua,MODIS,63,6.2,304.9,7.3,D,0
-12.6382,133.474,321,1,1,2014-06-22,0448,Aqua,MODIS,52,6.2,307.7,6.4,D,0
-13.0327,134.3116,334.1,1,1,2014-06-22,0448,Aqua,MODIS,84,6.2,302.8,26.8,D,0
-15.5551,135.4375,319.5,1,1,2014-06-22,0448,Aqua,MODIS,33,6.2,307,6.2,D,0
-14.5354,133.3232,329.5,1,1,2014-06-22,0448,Aqua,MODIS,78,6.2,310.9,15.9,D,0
-12.3414,134.3843,326.2,1,1,2014-06-22,0448,Aqua,MODIS,73,6.2,307.2,13,D,0
-13.2726,133.8621,336.6,1,1,2014-06-22,0448,Aqua,MODIS,86,6.2,307.4,29.1,D,0
-12.7173,134.5211,328.8,1,1,2014-06-22,0448,Aqua,MODIS,80,6.2,304.4,18.9,D,0
-13.2712,133.8713,318.8,1,1,2014-06-22,0448,Aqua,MODIS,53,6.2,304.7,7.5,D,0
-13.0313,134.3209,326.2,1,1,2014-06-22,0448,Aqua,MODIS,76,6.2,302.7,16.3,D,0
-13.4374,133.6128,326.3,1,1,2014-06-22,0448,Aqua,MODIS,76,6.2,308.2,14.1,D,0
-13.2739,133.8529,323.1,1,1,2014-06-22,0448,Aqua,MODIS,71,6.2,305.4,11.3,D,0
-15.5565,135.4279,321.2,1,1,2014-06-22,0448,Aqua,MODIS,55,6.2,308.3,8.6,D,0
-12.9649,134.0224,319.9,1,1,2014-06-22,0448,Aqua,MODIS,65,6.2,305.5,7.2,D,0
-12.6618,135.6301,315.3,1.1,1.1,2014-06-22,0448,Aqua,MODIS,61,6.2,300.5,8.4,D,0
-14.7476,134.734,323.3,1,1,2014-06-22,0448,Aqua,MODIS,69,6.2,308,10,D,0
-12.5447,135.3119,332.1,1.1,1,2014-06-22,0448,Aqua,MODIS,84,6.2,301.7,27.2,D,0
-13.3034,133.8387,338.8,1,1,2014-06-22,0448,Aqua,MODIS,88,6.2,306.6,31.9,D,0
-12.5462,135.302,328.6,1.1,1,2014-06-22,0448,Aqua,MODIS,81,6.2,301.6,22.3,D,0
-12.9662,134.0132,318.7,1,1,2014-06-22,0448,Aqua,MODIS,61,6.2,305.8,6.3,D,0
-12.7264,134.5225,331.6,1,1,2014-06-22,0448,Aqua,MODIS,82,6.2,305.7,23.1,D,0
-12.8063,133.9109,321.4,1,1,2014-06-22,0448,Aqua,MODIS,68,6.2,304.4,9.6,D,0
-12.534,134.1984,320.4,1,1,2014-06-22,0448,Aqua,MODIS,67,6.2,304,8.7,D,0
-12.5748,132.8867,330.3,1,1,2014-06-22,0448,Aqua,MODIS,79,6.2,307,18.3,D,0
-12.7916,131.9299,325.5,1.1,1,2014-06-22,0448,Aqua,MODIS,72,6.2,308,12.4,D,0
-15.5642,135.439,322.3,1,1,2014-06-22,0448,Aqua,MODIS,59,6.2,307.3,8.8,D,0
-14.5392,133.3618,324.1,1,1,2014-06-22,0448,Aqua,MODIS,70,6.2,309.1,9.4,D,0
-14.5341,133.3325,321.2,1,1,2014-06-22,0448,Aqua,MODIS,45,6.2,309.7,5.9,D,0
-13.3264,134.1306,321.3,1,1,2014-06-22,0448,Aqua,MODIS,68,6.2,305.5,9.7,D,0
-13.3047,133.8295,329.3,1,1,2014-06-22,0448,Aqua,MODIS,79,6.2,308.7,18.4,D,0
-14.5722,134.675,327,1,1,2014-06-22,0448,Aqua,MODIS,76,6.2,306.9,15.2,D,0
-12.3401,134.3936,330.4,1,1,2014-06-22,0448,Aqua,MODIS,81,6.2,306.3,19.1,D,0
-12.5109,134.1665,319.6,1,1,2014-06-22,0448,Aqua,MODIS,65,6.2,303.9,8,D,0
-14.5708,134.6844,328.4,1,1,2014-06-22,0448,Aqua,MODIS,78,6.2,308.3,17.5,D,0
-12.8076,133.9017,316.2,1,1,2014-06-22,0448,Aqua,MODIS,47,6.2,303.6,4.9,D,0
-12.5096,134.1758,318.8,1,1,2014-06-22,0448,Aqua,MODIS,63,6.2,304,7.4,D,0
-13.0403,134.3223,315.8,1,1,2014-06-22,0448,Aqua,MODIS,53,6.2,303.7,6.3,D,0
-14.5695,134.6937,324,1,1,2014-06-22,0448,Aqua,MODIS,72,6.2,307.2,12.6,D,0
-13.4361,133.622,318.9,1,1,2014-06-22,0448,Aqua,MODIS,49,6.2,305.3,7,D,0
-12.6466,135.3146,314,1.1,1,2014-06-22,0448,Aqua,MODIS,56,6.2,301.4,6.4,D,0
-12.554,135.3133,318.6,1.1,1,2014-06-22,0448,Aqua,MODIS,68,6.2,302.2,10.9,D,0
-12.2398,134.3914,324.1,1,1,2014-06-22,0449,Aqua,MODIS,73,6.2,303.6,13.9,D,0
-12.3226,133.3713,332.9,1,1,2014-06-22,0449,Aqua,MODIS,81,6.2,309.7,19.1,D,0
-12.1939,134.4513,318.4,1,1,2014-06-22,0449,Aqua,MODIS,61,6.2,302.6,9.2,D,0
-12.0144,133.8473,341.5,1,1,2014-06-22,0449,Aqua,MODIS,89,6.2,304.5,32.5,D,0
-12.4278,131.1645,317.3,1.1,1.1,2014-06-22,0449,Aqua,MODIS,42,6.2,303.7,7.8,D,0
-12.5249,131.4437,332.4,1.1,1.1,2014-06-22,0449,Aqua,MODIS,83,6.2,305.7,28.8,D,0
-11.9888,133.8341,342,1,1,2014-06-22,0449,Aqua,MODIS,82,6.2,306.2,36.2,D,0
-11.9785,133.8419,337.8,1,1,2014-06-22,0449,Aqua,MODIS,61,6.2,306.7,27.1,D,0
-12.5372,131.4246,335.6,1.1,1.1,2014-06-22,0449,Aqua,MODIS,78,6.2,305.6,31.4,D,0
-12.0795,133.9106,341.1,1,1,2014-06-22,0449,Aqua,MODIS,89,6.2,307.8,27.1,D,0
-12.464,131.2188,323.5,1.1,1.1,2014-06-22,0449,Aqua,MODIS,73,6.2,303.6,16.9,D,0
-12.0438,133.8986,330,1,1,2014-06-22,0449,Aqua,MODIS,71,6.2,307.6,16.3,D,0
-12.5889,131.4386,326.5,1.1,1.1,2014-06-22,0449,Aqua,MODIS,47,6.2,305.4,17.3,D,0
-11.9811,133.8236,327.7,1,1,2014-06-22,0449,Aqua,MODIS,77,6.2,302.5,18.8,D,0
-12.0641,134.1434,339.1,1,1,2014-06-22,0449,Aqua,MODIS,87,6.2,305.2,33.8,D,0
-11.9694,133.8441,332.5,1,1,2014-06-22,0449,Aqua,MODIS,82,6.2,307.2,22.7,D,0
-12.0451,133.8895,328.9,1,1,2014-06-22,0449,Aqua,MODIS,62,6.2,307.5,14,D,0
-12.0158,133.8382,376.5,1,1,2014-06-22,0449,Aqua,MODIS,100,6.2,309.5,127.7,D,0
-12.1049,133.6713,340.4,1,1,2014-06-22,0449,Aqua,MODIS,88,6.2,308.7,32.6,D,0
-11.9604,133.8428,342.4,1,1,2014-06-22,0449,Aqua,MODIS,90,6.2,306,38.2,D,0
-11.9681,133.8533,325.1,1,1,2014-06-22,0449,Aqua,MODIS,49,6.2,305.6,12.7,D,0
-12.1925,134.4607,334.3,1,1,2014-06-22,0449,Aqua,MODIS,84,6.2,302.6,28.6,D,0
-12.0464,133.8803,337.8,1,1,2014-06-22,0449,Aqua,MODIS,86,6.2,308.3,25.5,D,0
-12.1097,134.894,338.3,1.1,1,2014-06-22,0449,Aqua,MODIS,88,6.2,304.3,32.1,D,0
-12.1261,133.8427,322.3,1,1,2014-06-22,0449,Aqua,MODIS,68,6.2,309.3,9.5,D,0
-12.7163,131.1652,328.8,1.2,1.1,2014-06-22,0449,Aqua,MODIS,78,6.2,302.5,21.3,D,0
-12.5291,131.413,324.8,1.1,1.1,2014-06-22,0449,Aqua,MODIS,46,6.2,304.1,15.4,D,0
-12.0171,133.829,355.4,1,1,2014-06-22,0449,Aqua,MODIS,97,6.2,305.3,64.2,D,0
-12.4983,131.181,315.7,1.1,1.1,2014-06-22,0449,Aqua,MODIS,53,6.2,303.9,7.8,D,0
-12.2321,133.6776,330.2,1,1,2014-06-22,0449,Aqua,MODIS,79,6.2,308.6,13.7,D,0
-12.1318,133.6754,322.2,1,1,2014-06-22,0449,Aqua,MODIS,35,6.2,306.3,6.9,D,0
-11.9875,133.8432,335.6,1,1,2014-06-22,0449,Aqua,MODIS,67,6.2,307.1,23.6,D,0
-12.0478,133.8711,328.4,1,1,2014-06-22,0449,Aqua,MODIS,59,6.2,307,13.3,D,0
-12.329,133.3909,325.6,1,1,2014-06-22,0449,Aqua,MODIS,52,6.2,310,10.4,D,0
-12.0491,133.8619,326,1,1,2014-06-22,0449,Aqua,MODIS,36,6.2,306,11.3,D,0
-12.1082,134.9036,326.1,1.1,1,2014-06-22,0449,Aqua,MODIS,62,6.2,302.8,13.9,D,0
-11.9798,133.8327,365.4,1,1,2014-06-22,0449,Aqua,MODIS,100,6.2,306.3,91.9,D,0
-12.5796,131.0359,322.7,1.2,1.1,2014-06-22,0449,Aqua,MODIS,71,6.2,305.6,14.2,D,0
-12.0401,133.8606,332.9,1,1,2014-06-22,0449,Aqua,MODIS,40,6.2,305.6,17.8,D,0
-12.7177,131.1546,318.3,1.2,1.1,2014-06-22,0449,Aqua,MODIS,34,6.2,302.8,8.2,D,0
-12.7128,131.1698,351.6,1.2,1.1,2014-06-22,0449,Aqua,MODIS,95,6.2,306.9,70.2,D,0
-12.5831,131.4416,323.7,1.1,1.1,2014-06-22,0449,Aqua,MODIS,73,6.2,304.4,15.6,D,0
-11.9707,133.835,325.4,1,1,2014-06-22,0449,Aqua,MODIS,39,6.2,304.1,13.3,D,0
-12.5277,131.4232,344.6,1.1,1.1,2014-06-22,0449,Aqua,MODIS,92,6.2,307.1,49.7,D,0
-12.4072,131.1723,321,1.1,1.1,2014-06-22,0449,Aqua,MODIS,69,6.2,302.7,12.3,D,0
-12.1348,133.9096,330.6,1,1,2014-06-22,0449,Aqua,MODIS,70,6.2,309.5,16.4,D,0
-12.0628,134.1527,319.9,1,1,2014-06-22,0449,Aqua,MODIS,58,6.2,302.9,8.9,D,0
-12.4518,131.1637,316,1.1,1.1,2014-06-22,0449,Aqua,MODIS,35,6.2,303.7,6.6,D,0
-12.0105,133.8748,332.1,1,1,2014-06-22,0449,Aqua,MODIS,66,6.2,306.5,17.6,D,0
-12.7032,131.1685,328.5,1.2,1.1,2014-06-22,0449,Aqua,MODIS,78,6.2,303.5,22.5,D,0
-12.5903,131.4283,331.8,1.1,1.1,2014-06-22,0449,Aqua,MODIS,81,6.2,305.4,25.4,D,0
-12.5358,131.4348,331.7,1.1,1.1,2014-06-22,0449,Aqua,MODIS,62,6.2,304.5,25,D,0
-12.1305,133.6845,323.9,1,1,2014-06-22,0449,Aqua,MODIS,51,6.2,306.5,9,D,0
-11.9965,133.8446,329.3,1,1,2014-06-22,0449,Aqua,MODIS,54,6.2,306.4,14.6,D,0
-12.2731,133.9711,323.2,1,1,2014-06-22,0449,Aqua,MODIS,71,6.2,305.4,11.1,D,0
-12.4058,131.1828,341.6,1.1,1.1,2014-06-22,0449,Aqua,MODIS,90,6.2,303.6,46.1,D,0
-12.1062,133.6622,328.1,1,1,2014-06-22,0449,Aqua,MODIS,76,6.2,306.2,14.5,D,0
-12.0414,133.8514,350.6,1,1,2014-06-22,0449,Aqua,MODIS,95,6.2,306.5,50.4,D,0
-12.1139,133.6727,327.5,1,1,2014-06-22,0449,Aqua,MODIS,68,6.2,308.6,13.9,D,0
-12.4293,131.154,339,1.1,1.1,2014-06-22,0449,Aqua,MODIS,88,6.2,305.8,40.5,D,0
-12.4626,131.2292,324,1.1,1.1,2014-06-22,0449,Aqua,MODIS,74,6.2,305,17.8,D,0
-12.2427,133.5392,319.7,1,1,2014-06-22,0449,Aqua,MODIS,55,6.2,307,6.4,D,0
-12.0248,133.8395,345.8,1,1,2014-06-22,0449,Aqua,MODIS,92,6.2,306.9,42.2,D,0
-12.0261,133.8304,341.1,1,1,2014-06-22,0449,Aqua,MODIS,89,6.2,305.8,34.4,D,0
-12.6212,131.02,320.8,1.2,1.1,2014-06-22,0449,Aqua,MODIS,55,6.2,305.6,9.8,D,0
-12.5846,131.4313,325.4,1.1,1.1,2014-06-22,0449,Aqua,MODIS,75,6.2,307.8,18.4,D,0
-12.0731,134.1448,336,1,1,2014-06-22,0449,Aqua,MODIS,85,6.2,306,28.9,D,0
-12.5782,131.0466,323.7,1.2,1.1,2014-06-22,0449,Aqua,MODIS,73,6.2,305.5,14.9,D,0
-12.3213,133.3804,352.3,1,1,2014-06-22,0449,Aqua,MODIS,96,6.2,310.8,53.6,D,0
-12.0515,133.9091,328,1,1,2014-06-22,0449,Aqua,MODIS,64,6.2,306,14.1,D,0
-12.0718,134.1541,322,1,1,2014-06-22,0449,Aqua,MODIS,67,6.2,304.8,11,D,0
-12.5928,130.6298,325.7,1.2,1.1,2014-06-22,0449,Aqua,MODIS,66,6.2,302.9,19.8,D,0
-12.7718,130.4338,322.3,1.3,1.1,2014-06-22,0449,Aqua,MODIS,55,6.2,304.9,14.5,D,0
-12.8073,130.4681,325.3,1.3,1.1,2014-06-22,0449,Aqua,MODIS,39,6.2,306.4,17.6,D,0
-11.4247,130.445,316.5,1.2,1.1,2014-06-22,0449,Aqua,MODIS,49,6.2,303.4,8.9,D,0
-12.8088,130.4565,374.4,1.3,1.1,2014-06-22,0449,Aqua,MODIS,100,6.2,309,171.8,D,0
-12.8103,130.4449,352.7,1.3,1.1,2014-06-22,0449,Aqua,MODIS,96,6.2,304.7,83.2,D,0
-12.8004,130.4496,335.6,1.3,1.1,2014-06-22,0449,Aqua,MODIS,85,6.2,303.4,34,D,0
-12.5943,130.6185,325.9,1.2,1.1,2014-06-22,0449,Aqua,MODIS,0,6.2,301.3,20.4,D,0
-12.5829,130.6284,317.2,1.2,1.1,2014-06-22,0449,Aqua,MODIS,61,6.2,303.7,9.5,D,0
-12.7989,130.4613,353.2,1.3,1.1,2014-06-22,0449,Aqua,MODIS,96,6.2,307.9,79,D,0
-12.8105,130.451,359.3,1.3,1.1,2014-06-22,0449,Aqua,MODIS,99,6.2,307.6,103,D,0
-12.7734,130.4222,320.4,1.3,1.1,2014-06-22,0449,Aqua,MODIS,56,6.2,303.2,13.4,D,0
-11.4263,130.4339,321.5,1.2,1.1,2014-06-22,0449,Aqua,MODIS,55,6.2,302.4,15,D,0
-12.8089,130.4626,335.2,1.3,1.1,2014-06-22,0449,Aqua,MODIS,83,6.2,305.9,32.8,D,0
-11.4528,132.3044,325.6,1,1,2014-06-22,0449,Aqua,MODIS,57,6.2,303,10.7,D,0
-12.2568,132.6638,320.5,1,1,2014-06-22,0449,Aqua,MODIS,44,6.2,305.2,7.1,D,0
-12.3213,131.1331,326.9,1.1,1.1,2014-06-22,0449,Aqua,MODIS,78,6.2,304.5,18.4,D,0
-12.3227,131.1226,354.2,1.2,1.1,2014-06-22,0449,Aqua,MODIS,97,6.2,306.8,76.1,D,0
-12.2581,132.6546,326.6,1,1,2014-06-22,0449,Aqua,MODIS,71,6.2,304.9,14,D,0
-11.3983,132.3631,320.5,1,1,2014-06-22,0449,Aqua,MODIS,70,6.2,302.2,8.9,D,0
-12.3757,132.9957,318.9,1,1,2014-06-22,0449,Aqua,MODIS,60,6.2,306.4,8.3,D,0
-12.5506,132.0718,324,1.1,1,2014-06-22,0449,Aqua,MODIS,69,6.2,306.9,12.4,D,0
-12.7114,131.1803,346.6,1.2,1.1,2014-06-22,0449,Aqua,MODIS,93,6.2,307.5,57.5,D,0
-12.5414,132.0705,322.8,1.1,1,2014-06-22,0449,Aqua,MODIS,57,6.2,305,11.8,D,0
-12.7099,131.1908,318.2,1.2,1.1,2014-06-22,0449,Aqua,MODIS,60,6.2,304.6,9.2,D,0
-12.7149,131.1758,344.8,1.2,1.1,2014-06-22,0449,Aqua,MODIS,91,6.2,307.9,49.4,D,0
-12.7136,131.1863,330.5,1.2,1.1,2014-06-22,0449,Aqua,MODIS,79,6.2,306.3,22.5,D,0
-12.5275,132.506,322.1,1,1,2014-06-22,0449,Aqua,MODIS,43,6.2,308.4,8.5,D,0
-12.5074,131.4308,352.6,1.1,1.1,2014-06-22,0449,Aqua,MODIS,96,6.2,305.9,66.9,D,0
-12.5101,131.4103,377.5,1.1,1.1,2014-06-22,0449,Aqua,MODIS,100,6.2,306.3,157.3,D,0
-12.5168,131.4321,345.2,1.1,1.1,2014-06-22,0449,Aqua,MODIS,92,6.2,307.1,48.2,D,0
-12.5155,131.4424,326.7,1.1,1.1,2014-06-22,0449,Aqua,MODIS,73,6.2,304.9,17.8,D,0
-11.7472,131.0904,337,1.1,1.1,2014-06-22,0449,Aqua,MODIS,88,6.2,301.1,36.9,D,0
-11.7377,131.0891,321.8,1.1,1.1,2014-06-22,0449,Aqua,MODIS,45,6.2,299.6,13.9,D,0
-11.7281,131.0878,329,1.1,1.1,2014-06-22,0449,Aqua,MODIS,49,6.2,301.1,22.8,D,0
-11.7486,131.08,330.5,1.1,1.1,2014-06-22,0449,Aqua,MODIS,64,6.2,301.5,25.5,D,0
-11.7391,131.0787,330.6,1.1,1.1,2014-06-22,0449,Aqua,MODIS,75,6.2,301.6,25.8,D,0
-11.7024,131.0986,325.1,1.1,1.1,2014-06-22,0449,Aqua,MODIS,78,6.2,300.4,18.8,D,0
-11.712,131.1,318.5,1.1,1.1,2014-06-22,0449,Aqua,MODIS,68,6.2,300.1,11.7,D,0
-11.7134,131.0896,316.4,1.1,1.1,2014-06-22,0449,Aqua,MODIS,64,6.2,300.5,9.3,D,0
-11.7039,131.0882,326.9,1.1,1.1,2014-06-22,0449,Aqua,MODIS,79,6.2,301.2,21.4,D,0
-11.423,132.2523,318.6,1,1,2014-06-22,0449,Aqua,MODIS,43,6.2,303.1,7.7,D,0
-11.2669,131.9864,324.9,1,1,2014-06-22,0449,Aqua,MODIS,69,6.2,305,14.6,D,0
-11.5607,130.7215,316.8,1.2,1.1,2014-06-22,0449,Aqua,MODIS,64,6.2,301.9,9.9,D,0
-11.5621,130.7107,316.7,1.2,1.1,2014-06-22,0449,Aqua,MODIS,65,6.2,302.4,9.9,D,0
-11.0641,132.5127,323.7,1,1,2014-06-22,0449,Aqua,MODIS,72,6.2,302.1,15.1,D,0
-12.5087,131.4205,420.1,1.1,1.1,2014-06-22,0449,Aqua,MODIS,100,6.2,313.5,455.1,D,0
-12.5182,131.4219,335.7,1.1,1.1,2014-06-22,0449,Aqua,MODIS,86,6.2,306.9,29.4,D,0
-12.7232,131.1876,334.6,1.2,1.1,2014-06-22,0449,Aqua,MODIS,84,6.2,306.7,29.7,D,0
-11.0718,132.5233,325.4,1,1,2014-06-22,0449,Aqua,MODIS,67,6.2,304.7,15.9,D,0
-11.0628,132.522,327.1,1,1,2014-06-22,0449,Aqua,MODIS,70,6.2,302.2,18.9,D,0
-29.4902,153.2195,314.1,1,1,2014-06-22,1230,Terra,MODIS,88,6.2,283.1,16.2,N,0
-22.0153,123.0272,305.6,1.6,1.2,2014-06-22,1411,Terra,MODIS,65,6.2,288.7,15.5,N,0
-18.802,130.9956,300.4,1.4,1.2,2014-06-22,1412,Terra,MODIS,28,6.2,287.3,9,N,0
-19.7136,130.2279,301.2,1.2,1.1,2014-06-22,1412,Terra,MODIS,39,6.2,288.4,7.3,N,0
-15.34,127.8787,325.9,1.1,1,2014-06-22,1413,Terra,MODIS,100,6.2,295.3,23.8,N,0
-15.3492,127.8802,331.6,1.1,1,2014-06-22,1413,Terra,MODIS,100,6.2,295.9,31.5,N,0
-14.8347,126.1105,306.1,1,1,2014-06-22,1413,Terra,MODIS,67,6.2,291.2,6.9,N,0
-15.2231,127.4919,318,1,1,2014-06-22,1413,Terra,MODIS,96,6.2,294.1,15.1,N,0
-15.3324,127.8816,306.6,1.1,1,2014-06-22,1413,Terra,MODIS,69,6.2,294.5,6.6,N,0
-14.5379,130.1158,307.3,1.4,1.2,2014-06-22,1413,Terra,MODIS,71,6.2,292.7,12,N,0
-15.6978,129.269,306.1,1.2,1.1,2014-06-22,1413,Terra,MODIS,67,6.2,293.8,7.9,N,0
-13.6463,132.6594,309.3,2.2,1.4,2014-06-22,1413,Terra,MODIS,77,6.2,290.9,28.3,N,0
-13.8543,132.7515,303.4,2.2,1.4,2014-06-22,1413,Terra,MODIS,55,6.2,290.3,19.6,N,0
-13.6483,132.6541,307.5,2.2,1.4,2014-06-22,1413,Terra,MODIS,71,6.2,291,25.2,N,0
-13.6252,132.7121,309.4,2.2,1.4,2014-06-22,1413,Terra,MODIS,77,6.2,291.7,28.5,N,0
-13.6382,132.7143,313.3,2.2,1.4,2014-06-22,1413,Terra,MODIS,84,6.2,291.5,35.2,N,0
-13.6358,132.7196,309.1,2.2,1.4,2014-06-22,1413,Terra,MODIS,22,6.2,291.2,25.4,N,0
-13.2576,131.348,309.9,3.3,1.7,2014-06-22,1717,Aqua,MODIS,79,6.2,289.2,63.5,N,0
-19.3535,130.1774,312.1,3.2,1.7,2014-06-22,1719,Aqua,MODIS,84,6.2,284.6,74,N,0
-19.3566,130.2081,338.9,3.2,1.7,2014-06-22,1719,Aqua,MODIS,100,6.2,286.4,243,N,0
-19.3537,130.2039,341.6,3.2,1.7,2014-06-22,1719,Aqua,MODIS,100,6.2,286.6,269.7,N,0
-22.0154,123.0313,301.1,1.1,1.1,2014-06-22,1719,Aqua,MODIS,37,6.2,286.4,7.6,N,0
-28.4732,152.0575,306.1,2.7,1.6,2014-06-22,2329,Terra,MODIS,63,6.2,284,37.7,D,0
-12.7545,142.3833,312.8,1.2,1.1,2014-06-23,0103,Terra,MODIS,64,6.2,299.5,8,D,0
-12.5375,141.9287,315,1.1,1.1,2014-06-23,0103,Terra,MODIS,32,6.2,302,6.9,D,0
-12.5361,141.9184,324.1,1.1,1.1,2014-06-23,0103,Terra,MODIS,79,6.2,301.3,17.3,D,0
-12.5456,141.9171,344.8,1.1,1.1,2014-06-23,0103,Terra,MODIS,88,6.2,302.2,51.8,D,0
-12.547,141.9274,331,1.1,1.1,2014-06-23,0103,Terra,MODIS,73,6.2,299.6,25.2,D,0
-13.4735,133.581,313,2,1.4,2014-06-23,0104,Terra,MODIS,62,6.2,298.5,20.9,D,0
-13.471,133.5885,314.3,2,1.4,2014-06-23,0104,Terra,MODIS,66,6.2,298.8,24.6,D,0
-14.5176,130.1416,308.6,3.4,1.7,2014-06-23,0104,Terra,MODIS,44,6.2,297.5,23.9,D,0
-13.7928,132.6997,325.6,2.3,1.5,2014-06-23,0104,Terra,MODIS,49,6.2,302,51.6,D,0
-13.7084,132.7436,314.5,2.3,1.5,2014-06-23,0104,Terra,MODIS,58,6.2,303,17,D,0
-14.5243,130.0343,312.5,3.5,1.8,2014-06-23,0104,Terra,MODIS,63,6.2,297.6,42.6,D,0
-13.7936,132.7151,322.8,2.3,1.5,2014-06-23,0104,Terra,MODIS,70,6.2,302.3,42.9,D,0
-13.7012,132.7015,314.5,2.3,1.5,2014-06-23,0104,Terra,MODIS,54,6.2,303.1,16.5,D,0
-14.5313,130.0401,308.2,3.5,1.8,2014-06-23,0104,Terra,MODIS,24,6.2,297,20.2,D,0
-13.8066,132.7128,324.3,2.3,1.5,2014-06-23,0104,Terra,MODIS,79,6.2,302.5,49.8,D,0
-13.8029,132.6923,319.2,2.3,1.5,2014-06-23,0104,Terra,MODIS,61,6.2,301.3,34.9,D,0
-13.7303,132.9485,312.3,2.2,1.4,2014-06-23,0104,Terra,MODIS,52,6.2,302,14.1,D,0
-13.6778,132.8753,326.3,2.2,1.4,2014-06-23,0104,Terra,MODIS,81,6.2,302.7,53.3,D,0
-13.7363,134.1428,358.9,1.8,1.3,2014-06-23,0104,Terra,MODIS,99,6.2,302.8,180.3,D,0
-13.3112,131.9583,325.5,2.6,1.6,2014-06-23,0104,Terra,MODIS,80,6.2,303.3,64.2,D,0
-14.9792,141.7295,313.2,1.2,1.1,2014-06-23,0104,Terra,MODIS,48,6.2,299.1,5.6,D,0
-13.1101,132.3458,317.9,2.5,1.5,2014-06-23,0104,Terra,MODIS,65,6.2,301.6,34.6,D,0
-13.1102,132.1063,316.6,2.6,1.5,2014-06-23,0104,Terra,MODIS,67,6.2,303.4,25.7,D,0
-13.143,132.0943,326.8,2.6,1.5,2014-06-23,0104,Terra,MODIS,81,6.2,304.5,67.3,D,0
-13.3593,132.1151,326.1,2.6,1.5,2014-06-23,0104,Terra,MODIS,80,6.2,303.8,64.2,D,0
-13.2458,131.9947,315.5,2.6,1.6,2014-06-23,0104,Terra,MODIS,67,6.2,304.4,20.7,D,0
-13.8013,134.1246,315.9,1.8,1.3,2014-06-23,0104,Terra,MODIS,68,6.2,300.2,22.5,D,0
-14.1735,131.4443,314.8,2.8,1.6,2014-06-23,0104,Terra,MODIS,65,6.2,301.7,33.2,D,0
-13.5757,131.5181,314.6,2.8,1.6,2014-06-23,0104,Terra,MODIS,25,6.2,302,27.9,D,0
-13.6319,132.8418,341.8,2.2,1.4,2014-06-23,0104,Terra,MODIS,91,6.2,303.1,123.4,D,0
-13.5309,131.4517,315.8,2.9,1.6,2014-06-23,0104,Terra,MODIS,54,6.2,301.8,32.1,D,0
-13.6907,132.8729,315.8,2.2,1.4,2014-06-23,0104,Terra,MODIS,23,6.2,302.9,20.6,D,0
-13.6614,132.8574,325,2.2,1.4,2014-06-23,0104,Terra,MODIS,68,6.2,301.8,47.7,D,0
-13.3113,131.9268,315.6,2.7,1.6,2014-06-23,0104,Terra,MODIS,60,6.2,303,27.1,D,0
-13.6342,132.8475,332.8,2.2,1.4,2014-06-23,0104,Terra,MODIS,86,6.2,302.1,81.7,D,0
-13.5261,131.4252,311.5,2.9,1.6,2014-06-23,0104,Terra,MODIS,43,6.2,301.2,19.4,D,0
-13.307,131.9336,326.9,2.7,1.6,2014-06-23,0104,Terra,MODIS,81,6.2,303.2,73.5,D,0
-13.6826,132.9777,313.9,2.2,1.4,2014-06-23,0104,Terra,MODIS,64,6.2,301.9,21.2,D,0
-13.6527,132.7323,329.1,2.3,1.5,2014-06-23,0104,Terra,MODIS,83,6.2,303.1,63.7,D,0
-13.6,132.7263,320.2,2.3,1.5,2014-06-23,0104,Terra,MODIS,65,6.2,302.6,37.1,D,0
-13.6547,132.6669,315.2,2.3,1.5,2014-06-23,0104,Terra,MODIS,54,6.2,302.3,22.4,D,0
-13.7507,134.1569,314.1,1.8,1.3,2014-06-23,0104,Terra,MODIS,65,6.2,300,17.9,D,0
-13.1153,132.0993,318.3,2.6,1.5,2014-06-23,0104,Terra,MODIS,68,6.2,302.9,32,D,0
-13.6307,132.8271,347.5,2.2,1.4,2014-06-23,0104,Terra,MODIS,94,6.2,303.3,162.1,D,0
-13.1517,132.0988,328.3,2.6,1.5,2014-06-23,0104,Terra,MODIS,82,6.2,304,75.3,D,0
-13.748,134.1408,318.9,1.8,1.3,2014-06-23,0104,Terra,MODIS,73,6.2,301.2,28,D,0
-13.6283,132.8214,334.7,2.2,1.4,2014-06-23,0104,Terra,MODIS,78,6.2,302.5,87.7,D,0
-13.6153,132.8237,316,2.2,1.4,2014-06-23,0104,Terra,MODIS,26,6.2,300.4,25.1,D,0
-13.6116,132.803,320.2,2.2,1.5,2014-06-23,0104,Terra,MODIS,56,6.2,299.5,36.6,D,0
-13.6471,132.8452,319.5,2.2,1.4,2014-06-23,0104,Terra,MODIS,31,6.2,302,31.3,D,0
-13.6978,132.6952,317.3,2.3,1.5,2014-06-23,0104,Terra,MODIS,70,6.2,303.3,25.1,D,0
-13.6743,132.8551,320.4,2.2,1.4,2014-06-23,0104,Terra,MODIS,52,6.2,302.8,32.4,D,0
-13.739,134.1589,327.3,1.8,1.3,2014-06-23,0104,Terra,MODIS,82,6.2,300.7,46.3,D,0
-13.8696,132.3188,313.1,2.4,1.5,2014-06-23,0104,Terra,MODIS,58,6.2,301.8,19.6,D,0
-13.8041,134.1407,313.6,1.8,1.3,2014-06-23,0104,Terra,MODIS,64,6.2,299.7,17.3,D,0
-13.1237,132.3434,323.9,2.5,1.5,2014-06-23,0104,Terra,MODIS,78,6.2,302.2,57.6,D,0
-13.6142,132.8088,328.4,2.2,1.5,2014-06-23,0104,Terra,MODIS,82,6.2,300.2,67.7,D,0
-13.3156,131.9512,329.2,2.6,1.6,2014-06-23,0104,Terra,MODIS,83,6.2,302.9,83.4,D,0
-13.3017,131.9539,316.1,2.6,1.6,2014-06-23,0104,Terra,MODIS,59,6.2,303.2,26.2,D,0
-13.1617,132.3538,316.2,2.5,1.5,2014-06-23,0104,Terra,MODIS,65,6.2,303.1,29.7,D,0
-13.6178,132.8296,314.1,2.2,1.4,2014-06-23,0104,Terra,MODIS,42,6.2,300.5,21.7,D,0
-13.1225,132.1768,324.8,2.6,1.5,2014-06-23,0104,Terra,MODIS,79,6.2,303.7,59.2,D,0
-11.4461,132.2994,311.2,2.7,1.6,2014-06-23,0104,Terra,MODIS,0,6.2,298.8,23.5,D,0
-15.4852,141.7834,320.9,1.2,1.1,2014-06-23,0104,Terra,MODIS,30,6.2,302.5,13.2,D,0
-15.4245,141.7025,313.5,1.2,1.1,2014-06-23,0104,Terra,MODIS,53,6.2,300.4,7.1,D,0
-16.668,143.2574,319.5,1.5,1.2,2014-06-23,0104,Terra,MODIS,73,6.2,300.5,20.6,D,0
-12.6409,133.9789,334.1,1.9,1.3,2014-06-23,0104,Terra,MODIS,87,6.2,300.6,72.5,D,0
-12.478,131.4757,317.9,3,1.6,2014-06-23,0104,Terra,MODIS,73,6.2,297.7,61.1,D,0
-16.6028,143.1803,311.9,1.5,1.2,2014-06-23,0104,Terra,MODIS,41,6.2,300.3,8,D,0
-12.6475,133.9886,315,1.9,1.3,2014-06-23,0104,Terra,MODIS,65,6.2,299.7,19.5,D,0
-12.4778,131.4696,315.7,3,1.6,2014-06-23,0104,Terra,MODIS,64,6.2,297.6,48.2,D,0
-14.9308,141.7363,314.8,1.2,1.1,2014-06-23,0104,Terra,MODIS,55,6.2,301.9,6.8,D,0
-12.6195,133.9999,311.5,1.9,1.3,2014-06-23,0104,Terra,MODIS,61,6.2,299.8,14.3,D,0
-14.9289,141.743,316.8,1.2,1.1,2014-06-23,0104,Terra,MODIS,54,6.2,302.6,8.8,D,0
-14.9323,141.7471,315,1.2,1.1,2014-06-23,0104,Terra,MODIS,61,6.2,301.6,6.7,D,0
-15.4709,141.7518,327.5,1.2,1.1,2014-06-23,0104,Terra,MODIS,81,6.2,300.6,23.4,D,0
-15.4864,141.7767,319.5,1.2,1.1,2014-06-23,0104,Terra,MODIS,72,6.2,300.9,13.6,D,0
-16.6281,143.2054,311.7,1.5,1.2,2014-06-23,0104,Terra,MODIS,39,6.2,300.1,7.8,D,0
-15.6853,136.664,312.1,1.1,1.1,2014-06-23,0104,Terra,MODIS,43,6.2,299.6,7.8,D,0
-12.0013,133.8328,316.8,2,1.4,2014-06-23,0104,Terra,MODIS,64,6.2,301.3,22.2,D,0
-15.5485,135.4308,313.6,1.3,1.1,2014-06-23,0104,Terra,MODIS,58,6.2,302.3,9.2,D,0
-11.9981,133.8144,318.7,2,1.4,2014-06-23,0104,Terra,MODIS,69,6.2,300.3,28.4,D,0
-14.9904,141.739,317.5,1.2,1.1,2014-06-23,0104,Terra,MODIS,70,6.2,299.9,10.5,D,0
-15.5505,135.4433,315.1,1.3,1.1,2014-06-23,0104,Terra,MODIS,62,6.2,301.2,10.1,D,0
-13.0143,134.3036,311.3,1.8,1.3,2014-06-23,0104,Terra,MODIS,60,6.2,298.5,14.5,D,0
-15.4879,141.7878,314.5,1.2,1.1,2014-06-23,0104,Terra,MODIS,51,6.2,302.8,7.8,D,0
-13.0287,134.3179,309.1,1.8,1.3,2014-06-23,0104,Terra,MODIS,41,6.2,298.7,10.4,D,0
-12.6446,133.9715,320.8,1.9,1.3,2014-06-23,0104,Terra,MODIS,76,6.2,300.1,33.3,D,0
-12.7033,130.9392,308.6,3.2,1.7,2014-06-23,0104,Terra,MODIS,44,6.2,298.3,24.6,D,0
-15.5467,135.4379,326.3,1.3,1.1,2014-06-23,0104,Terra,MODIS,80,6.2,302.2,26,D,0
-15.9369,136.3828,334.4,1.2,1.1,2014-06-23,0105,Terra,MODIS,86,6.2,303.7,35.7,D,0
-16.0179,136.2503,318.3,1.2,1.1,2014-06-23,0105,Terra,MODIS,38,6.2,302.3,10.9,D,0
-16.0308,136.3939,318,1.2,1.1,2014-06-23,0105,Terra,MODIS,70,6.2,302.8,11.7,D,0
-15.9272,136.3844,314.7,1.2,1.1,2014-06-23,0105,Terra,MODIS,37,6.2,302.2,8,D,0
-16.0294,136.2596,318.8,1.2,1.1,2014-06-23,0105,Terra,MODIS,65,6.2,302.2,11.6,D,0
-16.0311,136.2706,319.2,1.2,1.1,2014-06-23,0105,Terra,MODIS,70,6.2,303.2,12,D,0
-17.6153,137.3296,334.5,1,1,2014-06-23,0105,Terra,MODIS,86,6.2,303.2,30.6,D,0
-17.6168,137.3394,315.2,1,1,2014-06-23,0105,Terra,MODIS,64,6.2,303.3,7.4,D,0
-17.6794,137.2589,320.9,1,1,2014-06-23,0105,Terra,MODIS,74,6.2,302.3,13.3,D,0
-17.6891,137.2713,313.9,1,1,2014-06-23,0105,Terra,MODIS,61,6.2,302,6.9,D,0
-17.6906,137.2811,324.7,1,1,2014-06-23,0105,Terra,MODIS,78,6.2,303.3,17.7,D,0
-17.9717,137.3618,321,1,1,2014-06-23,0105,Terra,MODIS,74,6.2,302.5,13.2,D,0
-17.9724,137.3153,315.1,1,1,2014-06-23,0105,Terra,MODIS,55,6.2,301.7,7.4,D,0
-17.9801,137.3041,315,1,1,2014-06-23,0105,Terra,MODIS,59,6.2,300.7,7.5,D,0
-17.9921,137.3816,311.7,1,1,2014-06-23,0105,Terra,MODIS,52,6.2,301.1,5,D,0
-17.9605,137.7765,312.7,1,1,2014-06-23,0105,Terra,MODIS,52,6.2,302.3,5.1,D,0
-17.9419,137.8342,311.9,1,1,2014-06-23,0105,Terra,MODIS,51,6.2,301.4,5.3,D,0
-17.5849,137.849,326.7,1,1,2014-06-23,0105,Terra,MODIS,80,6.2,302.9,18.4,D,0
-17.5821,137.83,319.7,1,1,2014-06-23,0105,Terra,MODIS,72,6.2,305.2,11.5,D,0
-17.5835,137.8395,345.3,1,1,2014-06-23,0105,Terra,MODIS,93,6.2,305.7,47.6,D,0
-17.778,137.19,316.8,1,1,2014-06-23,0105,Terra,MODIS,56,6.2,301.7,8.5,D,0
-17.8452,137.1989,315,1,1,2014-06-23,0105,Terra,MODIS,64,6.2,302.4,7.2,D,0
-17.87,137.1888,326.8,1,1,2014-06-23,0105,Terra,MODIS,80,6.2,302.4,19,D,0
-17.7864,137.3552,318.3,1,1,2014-06-23,0105,Terra,MODIS,54,6.2,304.6,9.6,D,0
-17.7879,137.3649,318.7,1,1,2014-06-23,0105,Terra,MODIS,56,6.2,301.3,10.1,D,0
-17.7946,137.3573,320.4,1,1,2014-06-23,0105,Terra,MODIS,73,6.2,305.2,12.9,D,0
-17.8114,137.3446,333.2,1,1,2014-06-23,0105,Terra,MODIS,85,6.2,301.4,28.1,D,0
-17.8129,137.3543,327,1,1,2014-06-23,0105,Terra,MODIS,80,6.2,302.9,19.7,D,0
-17.6122,137.8483,310.8,1,1,2014-06-23,0105,Terra,MODIS,35,6.2,300.7,4.3,D,0
-17.5526,137.2161,325.9,1,1,2014-06-23,0105,Terra,MODIS,60,6.2,302.3,17.4,D,0
-17.5511,137.2063,372.5,1.1,1,2014-06-23,0105,Terra,MODIS,100,6.2,307.7,127.4,D,0
-17.5587,137.195,313,1.1,1,2014-06-23,0105,Terra,MODIS,46,6.2,300.8,6.2,D,0
-17.6799,137.2126,318.9,1,1,2014-06-23,0105,Terra,MODIS,71,6.2,302.9,10.9,D,0
-17.6906,137.2209,312.2,1,1,2014-06-23,0105,Terra,MODIS,19,6.2,301.9,4.8,D,0
-17.5603,137.2048,314,1.1,1,2014-06-23,0105,Terra,MODIS,45,6.2,301.5,6.8,D,0
-17.5464,137.2372,324.8,1,1,2014-06-23,0105,Terra,MODIS,78,6.2,302.5,16.7,D,0
-17.5496,137.1965,312.8,1.1,1,2014-06-23,0105,Terra,MODIS,32,6.2,300.2,5.7,D,0
-17.5372,137.2989,313.5,1,1,2014-06-23,0105,Terra,MODIS,36,6.2,302.4,5.5,D,0
-17.5403,137.2583,332.3,1,1,2014-06-23,0105,Terra,MODIS,81,6.2,304.5,25.1,D,0
-17.5418,137.2681,328.9,1,1,2014-06-23,0105,Terra,MODIS,82,6.2,303,21.2,D,0
-17.5433,137.2779,320.1,1,1,2014-06-23,0105,Terra,MODIS,73,6.2,301.9,11.9,D,0
-17.548,137.247,318.3,1,1,2014-06-23,0105,Terra,MODIS,63,6.2,302,9.5,D,0
-17.9387,137.2075,314.5,1,1,2014-06-23,0105,Terra,MODIS,14,6.2,303.8,6.2,D,0
-17.9524,137.2353,315.9,1,1,2014-06-23,0105,Terra,MODIS,31,6.2,303.1,7.2,D,0
-17.9447,137.2466,313.1,1,1,2014-06-23,0105,Terra,MODIS,24,6.2,302.9,5.2,D,0
-17.5527,137.1556,327.4,1.1,1,2014-06-23,0105,Terra,MODIS,81,6.2,301.9,21.3,D,0
-17.5542,137.1654,321.2,1.1,1,2014-06-23,0105,Terra,MODIS,64,6.2,301.1,13.3,D,0
-17.5619,137.1541,326.4,1.1,1,2014-06-23,0105,Terra,MODIS,70,6.2,302,19.4,D,0
-17.5741,137.1723,328,1.1,1,2014-06-23,0105,Terra,MODIS,52,6.2,301.6,20,D,0
-17.5817,137.1745,318.8,1.1,1,2014-06-23,0105,Terra,MODIS,71,6.2,302,12.5,D,0
-17.5832,137.1844,319,1.1,1,2014-06-23,0105,Terra,MODIS,72,6.2,302,12.6,D,0
-17.7105,137.1673,313,1.1,1,2014-06-23,0105,Terra,MODIS,59,6.2,301.5,5.9,D,0
-17.9735,137.6181,313.2,1,1,2014-06-23,0105,Terra,MODIS,51,6.2,302.1,5.5,D,0
-17.9844,137.5672,317.9,1,1,2014-06-23,0105,Terra,MODIS,64,6.2,300.8,9.1,D,0
-17.7426,137.1923,310.7,1,1,2014-06-23,0105,Terra,MODIS,29,6.2,300.3,4.5,D,0
-17.7533,137.2006,312.1,1,1,2014-06-23,0105,Terra,MODIS,31,6.2,301.1,5.5,D,0
-17.9509,137.2256,329.5,1,1,2014-06-23,0105,Terra,MODIS,82,6.2,303.1,21.4,D,0
-17.8822,137.2068,322.8,1,1,2014-06-23,0105,Terra,MODIS,76,6.2,302.9,14.4,D,0
-17.9494,137.2158,329.8,1,1,2014-06-23,0105,Terra,MODIS,83,6.2,301.3,22.1,D,0
-17.8809,137.4324,312.8,1,1,2014-06-23,0105,Terra,MODIS,56,6.2,301.7,6,D,0
-17.8812,137.3727,316.8,1,1,2014-06-23,0105,Terra,MODIS,67,6.2,300.5,9.4,D,0
-17.8827,137.3824,319.8,1,1,2014-06-23,0105,Terra,MODIS,72,6.2,300.7,12.1,D,0
-17.89,137.4308,311.5,1,1,2014-06-23,0105,Terra,MODIS,45,6.2,300.5,4.9,D,0
-16.2841,136.5807,316,1.1,1.1,2014-06-23,0105,Terra,MODIS,20,6.2,303.6,7.7,D,0
-15.9352,136.3719,315.5,1.2,1.1,2014-06-23,0105,Terra,MODIS,41,6.2,302.5,8.7,D,0
-16.289,136.5848,322.1,1.1,1.1,2014-06-23,0105,Terra,MODIS,75,6.2,304,16.4,D,0
-19.3919,130.2001,310,2.7,1.6,2014-06-23,0106,Terra,MODIS,57,6.2,296.2,19.9,D,0
-19.7102,130.2362,312,2.6,1.6,2014-06-23,0106,Terra,MODIS,63,6.2,296,25.3,D,0
-19.7201,130.2409,308.8,2.6,1.6,2014-06-23,0106,Terra,MODIS,47,6.2,295.9,15.9,D,0
-23.9811,144.5769,311.3,2.4,1.5,2014-06-23,0106,Terra,MODIS,61,6.2,300.8,19.7,D,0
-33.0034,137.5802,302.3,1.1,1.1,2014-06-23,0109,Terra,MODIS,45,6.2,286.8,7.5,D,0
-27.905,152.8854,304.5,1.1,1,2014-06-23,0348,Aqua,MODIS,54,6.2,293.4,5.1,D,0
-29.1904,148.9181,313,1.1,1.1,2014-06-23,0348,Aqua,MODIS,71,6.2,280.7,11.3,D,0
-29.4927,153.2213,300.1,1.1,1,2014-06-23,0348,Aqua,MODIS,23,6.2,285.6,4.1,D,0
-28.4733,152.0596,325.8,1,1,2014-06-23,0348,Aqua,MODIS,84,6.2,275.1,25.6,D,0
-28.4749,152.0493,308.9,1,1,2014-06-23,0348,Aqua,MODIS,64,6.2,278.8,9.8,D,0
-28.931,148.1422,312.9,1.2,1.1,2014-06-23,0348,Aqua,MODIS,69,6.2,295.3,10.6,D,0
-28.4824,152.0613,343.4,1,1,2014-06-23,0348,Aqua,MODIS,93,6.2,279.6,52.1,D,0
-28.4839,152.051,312.9,1,1,2014-06-23,0348,Aqua,MODIS,73,6.2,280.1,13,D,0
-28.9326,148.1298,312.9,1.2,1.1,2014-06-23,0348,Aqua,MODIS,69,6.2,296,10.7,D,0
-29.1919,148.9065,309.5,1.1,1.1,2014-06-23,0348,Aqua,MODIS,65,6.2,281.9,8.3,D,0
-28.6722,150.8145,303.5,1,1,2014-06-23,0348,Aqua,MODIS,56,6.2,285.8,5.4,D,0
-28.5232,152.1499,304.1,1,1,2014-06-23,0348,Aqua,MODIS,57,6.2,281.9,6.2,D,0
-24.6006,151.9038,310,1.1,1,2014-06-23,0349,Aqua,MODIS,63,6.2,297.1,5.7,D,0
-24.6022,151.8934,310.3,1.1,1,2014-06-23,0349,Aqua,MODIS,63,6.2,297.4,6,D,0
-26.6872,151.8793,311.2,1,1,2014-06-23,0349,Aqua,MODIS,51,6.2,297.9,7.7,D,0
-26.6887,151.869,312,1,1,2014-06-23,0349,Aqua,MODIS,59,6.2,296.3,8.7,D,0
-25.7603,152.6759,307.4,1.1,1,2014-06-23,0349,Aqua,MODIS,56,6.2,293.5,7.2,D,0
-25.1982,152.6082,313.5,1.1,1.1,2014-06-23,0349,Aqua,MODIS,52,6.2,294.8,9.7,D,0
-25.902,149.5366,316.8,1,1,2014-06-23,0349,Aqua,MODIS,70,6.2,301.7,9,D,0
-25.9034,149.5264,319.1,1,1,2014-06-23,0349,Aqua,MODIS,73,6.2,302.4,11.2,D,0
-26.7763,150.8971,329,1,1,2014-06-23,0349,Aqua,MODIS,84,6.2,302.2,22.6,D,0
-26.7777,150.8871,314.6,1,1,2014-06-23,0349,Aqua,MODIS,70,6.2,300.9,7.7,D,0
-25.1964,152.6191,333.9,1.1,1.1,2014-06-23,0349,Aqua,MODIS,66,6.2,295.4,35.4,D,0
-25.1924,152.6118,314.1,1.1,1.1,2014-06-23,0349,Aqua,MODIS,0,6.2,295.3,11.7,D,0
-25.7694,151.3627,316.6,1,1,2014-06-23,0349,Aqua,MODIS,72,6.2,298.9,11,D,0
-25.771,151.3527,318.2,1,1,2014-06-23,0349,Aqua,MODIS,74,6.2,299.7,12.2,D,0
-26.8005,150.2045,311.6,1,1,2014-06-23,0349,Aqua,MODIS,64,6.2,298.6,6.5,D,2
-24.9982,151.7146,326.5,1,1,2014-06-23,0349,Aqua,MODIS,82,6.2,298.9,21.3,D,0
-24.9966,151.7249,309,1,1,2014-06-23,0349,Aqua,MODIS,58,6.2,298.2,4.6,D,0
-27.7157,149.552,306.9,1,1,2014-06-23,0349,Aqua,MODIS,58,6.2,291.1,5.1,D,0
-27.7143,149.5625,310.2,1,1,2014-06-23,0349,Aqua,MODIS,66,6.2,289.9,7.3,D,0
-27.7427,148.0661,308.9,1.2,1.1,2014-06-23,0349,Aqua,MODIS,60,6.2,295.8,5.6,D,0
-27.9035,148.8093,310.7,1.1,1,2014-06-23,0349,Aqua,MODIS,66,6.2,295.6,8.2,D,0
-19.5072,146.2214,318.3,1.2,1.1,2014-06-23,0351,Aqua,MODIS,70,6.2,300.4,14.2,D,0
-19.7167,147.4295,317.2,1.1,1,2014-06-23,0351,Aqua,MODIS,67,6.2,299.9,10.4,D,0
-16.8101,143.0518,320.3,1.8,1.3,2014-06-23,0352,Aqua,MODIS,57,6.2,300.3,22.4,D,0
-16.7067,142.8444,318.6,1.8,1.3,2014-06-23,0352,Aqua,MODIS,38,6.2,302.5,16.6,D,0
-16.8082,143.0683,323.5,1.8,1.3,2014-06-23,0352,Aqua,MODIS,75,6.2,301,30.7,D,0
-17.5766,137.8308,323.4,4.5,1.9,2014-06-23,0352,Aqua,MODIS,74,6.2,303.9,132.9,D,0
-17.5766,137.8271,323.8,4.5,1.9,2014-06-23,0352,Aqua,MODIS,75,6.2,304,136.7,D,0
-17.9728,137.8059,314.5,4.5,2,2014-06-23,0352,Aqua,MODIS,47,6.2,304.2,50.5,D,0
-17.9766,137.7628,316.4,4.6,2,2014-06-23,0352,Aqua,MODIS,59,6.2,304.3,66.1,D,0
-17.9733,137.8024,315.7,4.5,2,2014-06-23,0352,Aqua,MODIS,57,6.2,304.2,58.1,D,0
-17.9774,137.7594,315.4,4.6,2,2014-06-23,0352,Aqua,MODIS,54,6.2,304.3,57.6,D,0
-15.5354,143.7747,322.8,1.5,1.2,2014-06-23,0352,Aqua,MODIS,73,6.2,294,31.6,D,0
-15.6683,143.7135,316,1.5,1.2,2014-06-23,0352,Aqua,MODIS,69,6.2,299.2,15.3,D,0
-16.7813,143.0243,317.6,1.8,1.3,2014-06-23,0352,Aqua,MODIS,48,6.2,301.4,18,D,0
-16.7322,143.2323,319.8,1.7,1.3,2014-06-23,0352,Aqua,MODIS,70,6.2,301.7,22.2,D,0
-16.7603,142.4533,313.9,1.9,1.4,2014-06-23,0352,Aqua,MODIS,33,6.2,301.7,10.9,D,0
-16.7625,142.4351,314.6,2,1.4,2014-06-23,0352,Aqua,MODIS,33,6.2,302.2,11.7,D,0
-16.7927,143.1985,323.7,1.7,1.3,2014-06-23,0352,Aqua,MODIS,76,6.2,302.1,30.6,D,0
-16.8278,143.0037,318.1,1.8,1.3,2014-06-23,0352,Aqua,MODIS,66,6.2,301.8,17.5,D,0
-16.7788,143.0143,318.3,1.8,1.3,2014-06-23,0352,Aqua,MODIS,55,6.2,301.7,19.5,D,0
-16.6588,143.282,333.8,1.7,1.3,2014-06-23,0352,Aqua,MODIS,71,6.2,303.6,51.1,D,0
-16.8734,143.0815,316.7,1.8,1.3,2014-06-23,0352,Aqua,MODIS,44,6.2,301.2,15.4,D,0
-17.8817,137.4309,316.2,4.8,2,2014-06-23,0352,Aqua,MODIS,59,6.2,302.2,81.6,D,0
-16.5914,142.2564,317,2,1.4,2014-06-23,0352,Aqua,MODIS,54,6.2,302.2,18.3,D,0
-16.4777,142.6761,322.8,1.9,1.3,2014-06-23,0352,Aqua,MODIS,75,6.2,301.7,31.7,D,0
-16.5284,142.7052,317.1,1.9,1.3,2014-06-23,0352,Aqua,MODIS,53,6.2,301.4,16.4,D,0
-16.4537,142.6731,334.8,1.9,1.3,2014-06-23,0352,Aqua,MODIS,61,6.2,301,62.6,D,0
-16.4462,142.683,323.9,1.9,1.3,2014-06-23,0352,Aqua,MODIS,28,6.2,300.5,31.8,D,0
-16.3989,142.0025,316.8,2.1,1.4,2014-06-23,0352,Aqua,MODIS,65,6.2,303.5,18.2,D,0
-16.517,142.8546,325.1,1.8,1.3,2014-06-23,0352,Aqua,MODIS,74,6.2,301.8,33.8,D,0
-16.5191,142.8378,339.2,1.8,1.3,2014-06-23,0352,Aqua,MODIS,89,6.2,301.7,77.9,D,0
-16.7909,142.644,321.8,1.9,1.3,2014-06-23,0352,Aqua,MODIS,73,6.2,303.1,27.4,D,0
-16.5645,142.3846,321.3,2,1.4,2014-06-23,0352,Aqua,MODIS,25,6.2,302.1,24.9,D,0
-16.793,142.6263,323.7,1.9,1.3,2014-06-23,0352,Aqua,MODIS,75,6.2,302.9,31.7,D,0
-16.6281,143.2459,328.1,1.7,1.3,2014-06-23,0352,Aqua,MODIS,80,6.2,302.9,36.8,D,0
-16.7999,142.7236,322,1.9,1.3,2014-06-23,0352,Aqua,MODIS,61,6.2,302,26.1,D,0
-14.4382,143.1435,315.6,1.6,1.2,2014-06-23,0352,Aqua,MODIS,59,6.2,300.4,14.9,D,0
-14.3937,143.0398,317.5,1.6,1.3,2014-06-23,0352,Aqua,MODIS,70,6.2,299.5,21.5,D,0
-16.7797,142.9395,315.9,1.8,1.3,2014-06-23,0352,Aqua,MODIS,27,6.2,302,13.7,D,0
-16.5074,142.9937,317.5,1.8,1.3,2014-06-23,0352,Aqua,MODIS,67,6.2,302.3,17.6,D,0
-16.4161,141.9651,315.3,2.1,1.4,2014-06-23,0352,Aqua,MODIS,19,6.2,302.9,13,D,0
-16.7979,142.741,324.6,1.9,1.3,2014-06-23,0352,Aqua,MODIS,76,6.2,302.5,33.2,D,0
-16.7081,142.6821,322.4,1.9,1.3,2014-06-23,0352,Aqua,MODIS,71,6.2,302.6,28.4,D,0
-14.9851,141.7516,327.6,2.1,1.4,2014-06-23,0352,Aqua,MODIS,63,6.2,301.7,47.8,D,0
-15.0232,141.7614,324.2,2.1,1.4,2014-06-23,0352,Aqua,MODIS,78,6.2,302.2,37.8,D,0
-16.4798,142.6588,318.6,1.9,1.3,2014-06-23,0352,Aqua,MODIS,55,6.2,300.8,21.7,D,0
-16.5768,142.3862,322.4,2,1.4,2014-06-23,0352,Aqua,MODIS,53,6.2,302.6,28.9,D,0
-14.4856,143.1248,310.7,1.6,1.2,2014-06-23,0352,Aqua,MODIS,31,6.2,297.4,8.9,D,0
-16.3941,142.7115,330.4,1.8,1.3,2014-06-23,0352,Aqua,MODIS,67,6.2,299.9,48.7,D,0
-16.3881,142.7628,332.3,1.8,1.3,2014-06-23,0352,Aqua,MODIS,74,6.2,301.2,53.2,D,0
-14.9805,141.7899,323.9,2.1,1.4,2014-06-23,0352,Aqua,MODIS,77,6.2,302.3,37.9,D,0
-16.5128,142.842,339,1.8,1.3,2014-06-23,0352,Aqua,MODIS,89,6.2,302.5,76.9,D,0
-16.4715,142.9337,316.7,1.8,1.3,2014-06-23,0352,Aqua,MODIS,23,6.2,300.9,14.3,D,0
-16.562,142.3793,319.8,2,1.4,2014-06-23,0352,Aqua,MODIS,37,6.2,301.8,21.6,D,0
-16.4011,141.9831,321.4,2.1,1.4,2014-06-23,0352,Aqua,MODIS,73,6.2,303.3,30.7,D,0
-16.5125,142.9893,316,1.8,1.3,2014-06-23,0352,Aqua,MODIS,35,6.2,302.4,13.1,D,0
-16.3842,142.6927,316.3,1.8,1.3,2014-06-23,0352,Aqua,MODIS,44,6.2,298.9,17.4,D,0
-16.3962,142.6942,347.1,1.8,1.3,2014-06-23,0352,Aqua,MODIS,94,6.2,301.5,118.1,D,0
-16.7926,142.7331,327.5,1.9,1.3,2014-06-23,0352,Aqua,MODIS,80,6.2,302,41.5,D,0
-15.4797,141.7505,318.7,2.1,1.4,2014-06-23,0352,Aqua,MODIS,47,6.2,302.5,23.2,D,0
-16.5104,143.0057,315.6,1.8,1.3,2014-06-23,0352,Aqua,MODIS,40,6.2,302.3,12.9,D,0
-15.023,141.7562,323.3,2.1,1.4,2014-06-23,0352,Aqua,MODIS,56,6.2,301.7,32.5,D,0
-16.7764,142.7663,324,1.8,1.3,2014-06-23,0352,Aqua,MODIS,57,6.2,303.2,29.2,D,0
-16.5336,142.7183,320.1,1.8,1.3,2014-06-23,0352,Aqua,MODIS,71,6.2,301.6,22.5,D,0
-16.402,142.7472,329.9,1.8,1.3,2014-06-23,0352,Aqua,MODIS,13,6.2,301.5,42.4,D,0
-14.4737,143.1331,311.5,1.6,1.2,2014-06-23,0352,Aqua,MODIS,18,6.2,298.2,8.5,D,0
-16.5264,142.7225,315.4,1.8,1.3,2014-06-23,0352,Aqua,MODIS,36,6.2,301.6,12.4,D,0
-16.4735,142.9171,319.2,1.8,1.3,2014-06-23,0352,Aqua,MODIS,63,6.2,300.9,20.5,D,0
-16.6309,142.2423,318.3,2,1.4,2014-06-23,0352,Aqua,MODIS,67,6.2,302.4,22,D,0
-16.5955,143.2256,320.9,1.7,1.3,2014-06-23,0352,Aqua,MODIS,44,6.2,303.2,20.9,D,0
-16.7946,143.1824,313.6,1.7,1.3,2014-06-23,0352,Aqua,MODIS,55,6.2,302,10,D,0
-16.7344,142.9166,318.4,1.8,1.3,2014-06-23,0352,Aqua,MODIS,58,6.2,301.6,18.8,D,0
-16.5425,142.7941,322.1,1.8,1.3,2014-06-23,0352,Aqua,MODIS,72,6.2,301.5,28.2,D,0
-16.7785,142.749,330.1,1.9,1.3,2014-06-23,0352,Aqua,MODIS,82,6.2,302.6,47.7,D,0
-16.7818,142.9227,317.6,1.8,1.3,2014-06-23,0352,Aqua,MODIS,29,6.2,301.6,15.6,D,0
-14.3929,143.0463,317.8,1.6,1.3,2014-06-23,0352,Aqua,MODIS,71,6.2,299.4,21.2,D,0
-16.7507,142.5668,321.2,1.9,1.3,2014-06-23,0352,Aqua,MODIS,36,6.2,302.2,25.3,D,0
-14.44,143.1288,314.1,1.6,1.2,2014-06-23,0352,Aqua,MODIS,55,6.2,299.4,12.5,D,0
-16.5876,142.2699,316.1,2,1.4,2014-06-23,0352,Aqua,MODIS,53,6.2,302.2,15.3,D,0
-16.6011,142.4996,314.9,1.9,1.4,2014-06-23,0352,Aqua,MODIS,46,6.2,302.7,14,D,0
-16.5721,142.3991,319,2,1.4,2014-06-23,0352,Aqua,MODIS,47,6.2,302.2,20.7,D,0
-16.5743,142.3808,322.7,2,1.4,2014-06-23,0352,Aqua,MODIS,73,6.2,302.7,30.3,D,0
-16.5444,142.777,314.6,1.8,1.3,2014-06-23,0352,Aqua,MODIS,48,6.2,301.3,12.9,D,0
-16.4657,142.6746,350.2,1.9,1.3,2014-06-23,0352,Aqua,MODIS,95,6.2,302.5,133.7,D,0
-12.539,141.92,318.5,1.9,1.3,2014-06-23,0353,Aqua,MODIS,42,6.2,303,24.1,D,0
-12.5468,141.9104,328.1,1.9,1.3,2014-06-23,0353,Aqua,MODIS,72,6.2,299.7,51.2,D,0
-12.5447,141.9274,323.2,1.9,1.3,2014-06-23,0353,Aqua,MODIS,60,6.2,302,37.4,D,0
-30.8756,121.4835,302,1.7,1.3,2014-06-23,0527,Aqua,MODIS,50,6.2,290.2,7.8,D,2
-20.0785,128.0412,343.3,1.3,1.1,2014-06-23,0529,Aqua,MODIS,91,6.2,300.1,60.7,D,0
-20.0805,128.0286,322.2,1.3,1.1,2014-06-23,0529,Aqua,MODIS,68,6.2,301.2,16.1,D,0
-19.7246,130.2297,314.1,1.9,1.3,2014-06-23,0529,Aqua,MODIS,39,6.2,299.3,11.1,D,0
-19.7126,130.2272,314.9,1.9,1.3,2014-06-23,0529,Aqua,MODIS,42,6.2,299.2,12.1,D,0
-19.762,130.973,317.8,2.1,1.4,2014-06-23,0529,Aqua,MODIS,63,6.2,301.8,22.3,D,0
-19.6161,127.7401,320.1,1.3,1.1,2014-06-23,0530,Aqua,MODIS,61,6.2,301.2,11.2,D,0
-16.8422,126.04,321.8,1.1,1.1,2014-06-23,0530,Aqua,MODIS,65,6.2,307.1,10.6,D,0
-15.024,125.8194,347.6,1.2,1.1,2014-06-23,0531,Aqua,MODIS,93,6.2,304.5,61.1,D,0
-14.2662,126.75,320,1.4,1.2,2014-06-23,0531,Aqua,MODIS,48,6.2,307.7,9.6,D,0
-14.2558,126.7483,357.9,1.4,1.2,2014-06-23,0531,Aqua,MODIS,99,6.2,308.4,107.1,D,0
-14.2578,126.736,352.7,1.3,1.2,2014-06-23,0531,Aqua,MODIS,96,6.2,309.1,86.6,D,0
-14.969,125.8545,317.1,1.2,1.1,2014-06-23,0531,Aqua,MODIS,35,6.2,304.3,5.6,D,0
-14.9266,125.9875,323.5,1.2,1.1,2014-06-23,0531,Aqua,MODIS,63,6.2,305.2,11.7,D,0
-14.7628,126.0563,328.9,1.2,1.1,2014-06-23,0531,Aqua,MODIS,65,6.2,307.1,19.3,D,0
-14.7646,126.0452,328.7,1.2,1.1,2014-06-23,0531,Aqua,MODIS,56,6.2,307,18.9,D,0
-14.7548,126.0436,327.9,1.2,1.1,2014-06-23,0531,Aqua,MODIS,61,6.2,306.1,18.5,D,0
-14.7547,126.038,325.3,1.2,1.1,2014-06-23,0531,Aqua,MODIS,57,6.2,306,15.8,D,0
-12.8467,131.0832,335.5,3,1.6,2014-06-23,0531,Aqua,MODIS,75,6.2,304.6,145.1,D,0
-13.3596,133.2863,334.8,4.3,1.9,2014-06-23,0531,Aqua,MODIS,58,6.2,303.4,222.9,D,0
-14.5426,133.0719,316.9,3.9,1.8,2014-06-23,0531,Aqua,MODIS,60,6.2,305.7,50.2,D,0
-14.5526,133.0664,317.6,3.9,1.8,2014-06-23,0531,Aqua,MODIS,62,6.2,306.8,54.7,D,0
-14.9581,125.9872,357.1,1.2,1.1,2014-06-23,0531,Aqua,MODIS,98,6.2,310.3,83.8,D,0
-14.9598,125.9762,376.5,1.2,1.1,2014-06-23,0531,Aqua,MODIS,100,6.2,311.7,162.4,D,0
-14.9444,126.0018,320.8,1.2,1.1,2014-06-23,0531,Aqua,MODIS,39,6.2,305.9,8.4,D,0
-14.9347,126.0002,332.9,1.2,1.1,2014-06-23,0531,Aqua,MODIS,82,6.2,305.6,26.7,D,0
-14.9363,125.9892,338.9,1.2,1.1,2014-06-23,0531,Aqua,MODIS,87,6.2,307.3,38.4,D,0
-14.5307,132.7368,323.9,3.7,1.8,2014-06-23,0531,Aqua,MODIS,74,6.2,305.4,90.3,D,0
-14.5371,132.7032,315.5,3.7,1.8,2014-06-23,0531,Aqua,MODIS,49,6.2,304.8,39.1,D,0
-14.5405,132.7339,331.4,3.7,1.8,2014-06-23,0531,Aqua,MODIS,82,6.2,306.3,150.1,D,0
-13.3522,133.3253,336.1,4.3,1.9,2014-06-23,0531,Aqua,MODIS,50,6.2,302.8,237.2,D,0
-13.3515,133.3206,338.8,4.3,1.9,2014-06-23,0531,Aqua,MODIS,67,6.2,303.1,267.8,D,0
-15.6327,129.2973,318.9,1.9,1.4,2014-06-23,0531,Aqua,MODIS,48,6.2,306.2,17.7,D,0
-13.3026,133.3933,330.6,4.4,1.9,2014-06-23,0531,Aqua,MODIS,73,6.2,302,190.1,D,0
-12.6303,130.6723,317.9,2.8,1.6,2014-06-23,0531,Aqua,MODIS,41,6.2,306.1,33.5,D,0
-13.6072,132.7334,321.3,3.8,1.8,2014-06-23,0531,Aqua,MODIS,63,6.2,305.6,76.8,D,0
-13.3431,133.0799,369.9,4.1,1.9,2014-06-23,0531,Aqua,MODIS,100,6.2,305.9,826.2,D,0
-15.0238,131.0832,322.9,2.7,1.6,2014-06-23,0531,Aqua,MODIS,72,6.2,304.7,52.3,D,0
-13.6784,130.7359,318.2,2.7,1.6,2014-06-23,0531,Aqua,MODIS,53,6.2,307.2,28.2,D,0
-13.1423,132.358,322,3.7,1.8,2014-06-23,0531,Aqua,MODIS,72,6.2,304.1,82.3,D,0
-13.336,133.118,370.8,4.2,1.9,2014-06-23,0531,Aqua,MODIS,100,6.2,303.7,864.9,D,0
-13.3528,133.1214,346.1,4.2,1.9,2014-06-23,0531,Aqua,MODIS,93,6.2,303.5,373,D,0
-13.338,133.1232,356.9,4.2,1.9,2014-06-23,0531,Aqua,MODIS,98,6.2,302.9,548,D,0
-13.3621,133.0885,363.5,4.1,1.9,2014-06-23,0531,Aqua,MODIS,100,6.2,305,697.6,D,0
-13.3548,133.1265,339.4,4.2,1.9,2014-06-23,0531,Aqua,MODIS,89,6.2,302.9,283.2,D,0
-13.3692,133.0509,314.3,4.1,1.9,2014-06-23,0531,Aqua,MODIS,51,6.2,301.2,54.2,D,0
-13.3598,133.0833,364.9,4.1,1.9,2014-06-23,0531,Aqua,MODIS,100,6.2,305,722.5,D,0
-13.7885,134.1123,311.7,4.8,2,2014-06-23,0531,Aqua,MODIS,40,6.2,300.9,62.1,D,0
-13.7897,134.1042,311.6,4.8,2,2014-06-23,0531,Aqua,MODIS,34,6.2,300.7,61.6,D,0
-12.9616,133.2657,313.9,4.3,1.9,2014-06-23,0531,Aqua,MODIS,49,6.2,301.3,54.8,D,0
-13.0546,133.2428,313.7,4.3,1.9,2014-06-23,0531,Aqua,MODIS,43,6.2,301.4,51.2,D,0
-13.0231,133.2452,315,4.3,1.9,2014-06-23,0531,Aqua,MODIS,32,6.2,302.5,58.3,D,0
-12.9612,133.2608,314.9,4.3,1.9,2014-06-23,0531,Aqua,MODIS,56,6.2,301.2,61.6,D,0
-12.8117,131.9374,319.2,3.5,1.8,2014-06-23,0531,Aqua,MODIS,43,6.2,305.9,51.3,D,0
-13.3203,131.9383,317.3,3.4,1.7,2014-06-23,0531,Aqua,MODIS,44,6.2,307.2,31.1,D,0
-15.0354,131.0801,320.2,2.7,1.6,2014-06-23,0531,Aqua,MODIS,38,6.2,305.7,37.9,D,0
-13.2067,133.1253,316.9,4.2,1.9,2014-06-23,0531,Aqua,MODIS,63,6.2,300.7,77.1,D,0
-13.1105,132.0805,317.6,3.5,1.8,2014-06-23,0531,Aqua,MODIS,53,6.2,307.1,34.2,D,0
-13.566,131.6851,325.8,3.2,1.7,2014-06-23,0531,Aqua,MODIS,78,6.2,305.9,80.3,D,0
-13.5957,132.736,317.4,3.8,1.8,2014-06-23,0531,Aqua,MODIS,25,6.2,303.8,53,D,0
-13.6073,131.5429,332.1,3.1,1.7,2014-06-23,0531,Aqua,MODIS,84,6.2,306.6,122.2,D,0
-13.3586,133.2815,333,4.3,1.9,2014-06-23,0531,Aqua,MODIS,56,6.2,303.6,198.9,D,0
-13.785,132.6722,342.3,3.8,1.8,2014-06-23,0531,Aqua,MODIS,91,6.2,305.4,269.3,D,0
-13.1325,132.3612,318.3,3.7,1.8,2014-06-23,0531,Aqua,MODIS,66,6.2,302.8,57.4,D,0
-13.1643,133.1513,314.9,4.2,1.9,2014-06-23,0531,Aqua,MODIS,37,6.2,302.1,55.9,D,0
-13.3644,133.1679,321,4.2,1.9,2014-06-23,0531,Aqua,MODIS,47,6.2,301.6,101.1,D,0
-13.205,133.1203,317.6,4.2,1.9,2014-06-23,0531,Aqua,MODIS,53,6.2,300.7,76.3,D,0
-13.1657,133.1562,315.3,4.2,1.9,2014-06-23,0531,Aqua,MODIS,38,6.2,301.9,58,D,0
-12.0889,133.0309,318.6,4.3,1.9,2014-06-23,0531,Aqua,MODIS,70,6.2,302.5,88.6,D,0
-13.5811,131.6883,320.1,3.2,1.7,2014-06-23,0531,Aqua,MODIS,55,6.2,306,46.2,D,0
-13.3164,133.0366,352.8,4.1,1.9,2014-06-23,0531,Aqua,MODIS,96,6.2,302.3,473.9,D,0
-13.3024,133.1109,320.5,4.2,1.9,2014-06-23,0531,Aqua,MODIS,30,6.2,297.2,94.7,D,0
-13.3285,133.0818,352.6,4.1,1.9,2014-06-23,0531,Aqua,MODIS,93,6.2,299.9,451.3,D,0
-13.3211,133.1198,339.8,4.2,1.9,2014-06-23,0531,Aqua,MODIS,68,6.2,298.4,269.5,D,0
-13.3557,133.2009,344.8,4.2,1.9,2014-06-23,0531,Aqua,MODIS,92,6.2,303,358,D,0
-13.8992,132.316,322.6,3.5,1.8,2014-06-23,0531,Aqua,MODIS,74,6.2,303.3,74,D,0
-13.9069,132.3221,335.8,3.5,1.8,2014-06-23,0531,Aqua,MODIS,86,6.2,304.7,179.5,D,0
-13.3541,132.1069,316.7,3.5,1.8,2014-06-23,0531,Aqua,MODIS,62,6.2,306.1,26.6,D,0
-13.1403,133.1863,312.1,4.3,1.9,2014-06-23,0531,Aqua,MODIS,25,6.2,301.8,39.7,D,0
-13.1498,132.0933,319.4,3.5,1.8,2014-06-23,0531,Aqua,MODIS,60,6.2,308,39.4,D,0
-13.2571,131.9507,318.9,3.4,1.7,2014-06-23,0531,Aqua,MODIS,63,6.2,308.2,38.8,D,0
-13.9011,132.3534,316.6,3.6,1.8,2014-06-23,0531,Aqua,MODIS,41,6.2,305.1,43,D,0
-13.1577,132.0896,321,3.5,1.8,2014-06-23,0531,Aqua,MODIS,71,6.2,307.6,49.5,D,0
-13.6839,130.7537,317,2.7,1.6,2014-06-23,0531,Aqua,MODIS,47,6.2,305.5,25.1,D,0
-13.3499,133.2443,326.3,4.3,1.9,2014-06-23,0531,Aqua,MODIS,26,6.2,301.8,137.1,D,0
-13.3572,133.2058,345.6,4.2,1.9,2014-06-23,0531,Aqua,MODIS,93,6.2,303.3,372.9,D,0
-13.3453,133.0851,368.1,4.1,1.9,2014-06-23,0531,Aqua,MODIS,100,6.2,306,791.5,D,0
-15.0463,125.8676,328.8,1.2,1.1,2014-06-23,0531,Aqua,MODIS,57,6.2,306.4,18.1,D,0
-13.9794,130.4831,361.3,2.5,1.5,2014-06-23,0531,Aqua,MODIS,100,6.2,306.7,313.5,D,0
-13.9931,130.4857,332.6,2.5,1.5,2014-06-23,0531,Aqua,MODIS,68,6.2,305.7,78.8,D,0
-13.0092,130.1608,316.4,2.5,1.5,2014-06-23,0531,Aqua,MODIS,45,6.2,306.2,24.2,D,0
-13.0052,130.1837,319.7,2.5,1.5,2014-06-23,0531,Aqua,MODIS,70,6.2,306.6,37.4,D,0
-13.998,130.4915,333.3,2.5,1.5,2014-06-23,0531,Aqua,MODIS,82,6.2,306.1,81.8,D,0
-14.2775,129.8277,329.7,2.2,1.5,2014-06-23,0531,Aqua,MODIS,81,6.2,304,69.7,D,0
-14.2646,129.8253,342.8,2.2,1.5,2014-06-23,0531,Aqua,MODIS,91,6.2,306.3,133.9,D,0
-14.2681,129.8048,326.9,2.2,1.4,2014-06-23,0531,Aqua,MODIS,78,6.2,304.1,56.6,D,0
-14.2516,129.8229,342.6,2.2,1.5,2014-06-23,0531,Aqua,MODIS,91,6.2,306.2,133.6,D,0
-14.2551,129.8026,342.8,2.2,1.4,2014-06-23,0531,Aqua,MODIS,91,6.2,304.1,133.1,D,0
-15.6716,124.8392,325.8,1.1,1,2014-06-23,0531,Aqua,MODIS,74,6.2,306.8,13.6,D,0
-15.6806,124.8863,326.6,1.1,1,2014-06-23,0531,Aqua,MODIS,75,6.2,305,15.1,D,0
-14.0308,130.5459,324.2,2.6,1.5,2014-06-23,0531,Aqua,MODIS,49,6.2,306.1,41,D,0
-14.3893,130.3232,316.9,2.4,1.5,2014-06-23,0531,Aqua,MODIS,62,6.2,302.9,29.5,D,0
-14.3959,130.3291,317,2.4,1.5,2014-06-23,0531,Aqua,MODIS,60,6.2,302.6,29.2,D,0
-15.0223,125.8301,341.1,1.2,1.1,2014-06-23,0531,Aqua,MODIS,89,6.2,306.7,44.7,D,0
-12.7796,130.4225,318.8,2.7,1.6,2014-06-23,0531,Aqua,MODIS,47,6.2,306.2,33.6,D,0
-13.9937,130.5148,337,2.6,1.5,2014-06-23,0531,Aqua,MODIS,87,6.2,306,105.9,D,0
-13.9891,130.5091,348.3,2.6,1.5,2014-06-23,0531,Aqua,MODIS,94,6.2,306.3,185.5,D,0
-15.032,125.8317,328.2,1.2,1.1,2014-06-23,0531,Aqua,MODIS,37,6.2,305.4,19.7,D,0
-13.9753,130.5064,322.9,2.6,1.5,2014-06-23,0531,Aqua,MODIS,26,6.2,304,41.7,D,0
-14.0584,130.551,351.7,2.6,1.5,2014-06-23,0531,Aqua,MODIS,96,6.2,307.2,213.5,D,0
-14.449,129.5224,320.8,2.1,1.4,2014-06-23,0531,Aqua,MODIS,59,6.2,305.4,33.4,D,0
-14.4451,129.5341,322.6,2.1,1.4,2014-06-23,0531,Aqua,MODIS,72,6.2,305.6,40.8,D,0
-12.5488,130.5922,343.2,2.8,1.6,2014-06-23,0531,Aqua,MODIS,69,6.2,305.4,178.2,D,0
-12.5505,130.5973,348,2.8,1.6,2014-06-23,0531,Aqua,MODIS,71,6.2,305.5,218.3,D,0
-12.5647,130.5998,320.9,2.8,1.6,2014-06-23,0531,Aqua,MODIS,0,6.2,304.3,46.9,D,0
-14.1135,130.5608,321.7,2.6,1.5,2014-06-23,0531,Aqua,MODIS,69,6.2,307,36.1,D,0
-14.1197,130.5696,328.7,2.6,1.5,2014-06-23,0531,Aqua,MODIS,80,6.2,306,70.5,D,0
-15.0416,125.8333,343.6,1.2,1.1,2014-06-23,0531,Aqua,MODIS,85,6.2,306.1,46.5,D,0
-14.0028,130.5116,331.9,2.6,1.5,2014-06-23,0531,Aqua,MODIS,68,6.2,306.3,76.2,D,0
-14.1664,130.3862,321.2,2.5,1.5,2014-06-23,0531,Aqua,MODIS,70,6.2,307.3,31.7,D,0
-14.1526,130.385,328.3,2.5,1.5,2014-06-23,0531,Aqua,MODIS,80,6.2,306.4,59.7,D,0
-15.04,125.8441,353.8,1.2,1.1,2014-06-23,0531,Aqua,MODIS,96,6.2,306.6,71.5,D,0
-15.0206,125.841,320.1,1.2,1.1,2014-06-23,0531,Aqua,MODIS,23,6.2,304.3,8.6,D,0
-15.661,124.8475,339.6,1.1,1,2014-06-23,0531,Aqua,MODIS,88,6.2,307.4,33.5,D,0
-15.6624,124.8378,349.2,1.1,1,2014-06-23,0531,Aqua,MODIS,94,6.2,307.4,52.5,D,0
-13.9458,127.0638,337.6,1.4,1.2,2014-06-23,0531,Aqua,MODIS,70,6.2,304.9,46,D,0
-14.072,127.1178,350.5,1.4,1.2,2014-06-23,0531,Aqua,MODIS,95,6.2,307.3,88.1,D,0
-13.9496,127.0714,332.9,1.4,1.2,2014-06-23,0531,Aqua,MODIS,61,6.2,306,36.2,D,0
-13.9517,127.0583,348,1.4,1.2,2014-06-23,0531,Aqua,MODIS,94,6.2,306.9,81.4,D,0
-13.8011,132.6757,321.7,3.8,1.8,2014-06-23,0531,Aqua,MODIS,38,6.2,305.9,77.8,D,0
-13.7742,132.6747,329.3,3.8,1.8,2014-06-23,0531,Aqua,MODIS,78,6.2,304.7,136.7,D,0
-14.8119,126.0642,322.2,1.2,1.1,2014-06-23,0531,Aqua,MODIS,27,6.2,305.8,9.2,D,0
-14.8234,126.0547,326.7,1.2,1.1,2014-06-23,0531,Aqua,MODIS,39,6.2,305.7,16.5,D,0
-14.8413,126.0689,331.5,1.2,1.1,2014-06-23,0531,Aqua,MODIS,68,6.2,306.3,22.6,D,0
-13.7903,132.6782,338.1,3.8,1.8,2014-06-23,0531,Aqua,MODIS,88,6.2,306.1,220.4,D,0
-13.8065,132.6816,321.5,3.8,1.8,2014-06-23,0531,Aqua,MODIS,61,6.2,305.7,80.3,D,0
-14.8396,126.0801,337.5,1.2,1.1,2014-06-23,0531,Aqua,MODIS,86,6.2,308.1,31.1,D,0
-14.8379,126.0913,332.9,1.2,1.1,2014-06-23,0531,Aqua,MODIS,82,6.2,308.4,23.3,D,0
-14.8345,126.1137,326.9,1.2,1.1,2014-06-23,0531,Aqua,MODIS,50,6.2,305.9,16.5,D,0
-14.8444,126.0649,328.7,1.2,1.1,2014-06-23,0531,Aqua,MODIS,30,6.2,304.4,20.5,D,0
-14.8426,126.076,344.6,1.2,1.1,2014-06-23,0531,Aqua,MODIS,91,6.2,307.8,50.4,D,0
-14.8408,126.0872,343.2,1.2,1.1,2014-06-23,0531,Aqua,MODIS,90,6.2,308.7,43.8,D,0
-14.8391,126.0983,328.2,1.2,1.1,2014-06-23,0531,Aqua,MODIS,27,6.2,308.1,15.7,D,0
-14.8373,126.1096,325.9,1.2,1.1,2014-06-23,0531,Aqua,MODIS,33,6.2,307.1,14.8,D,0
-14.8542,126.0665,322.3,1.2,1.1,2014-06-23,0531,Aqua,MODIS,46,6.2,303.1,13.6,D,0
-13.948,127.0506,332.5,1.4,1.2,2014-06-23,0531,Aqua,MODIS,60,6.2,303.6,35.7,D,0
-13.9538,127.045,321.9,1.4,1.2,2014-06-23,0531,Aqua,MODIS,75,6.2,303.1,19,D,0
-14.0698,127.131,326.3,1.4,1.2,2014-06-23,0531,Aqua,MODIS,65,6.2,307.2,20.4,D,0
-14.8524,126.0776,335.8,1.2,1.1,2014-06-23,0531,Aqua,MODIS,85,6.2,307.5,34.7,D,0
-14.8622,126.0791,323.1,1.2,1.1,2014-06-23,0531,Aqua,MODIS,17,6.2,304.2,13.9,D,0
-14.8605,126.0903,327,1.2,1.1,2014-06-23,0531,Aqua,MODIS,28,6.2,304.9,18.2,D,0
-15.0379,131.0858,317.8,2.7,1.6,2014-06-23,0531,Aqua,MODIS,42,6.2,305.8,30.9,D,0
-15.3306,127.8815,322.6,1.5,1.2,2014-06-23,0531,Aqua,MODIS,30,6.2,306.4,16.3,D,0
-15.3525,127.8856,321,1.5,1.2,2014-06-23,0531,Aqua,MODIS,38,6.2,306,14.7,D,0
-16.4453,126.4171,326,1.2,1.1,2014-06-23,0531,Aqua,MODIS,74,6.2,305.8,18.3,D,0
-16.4435,126.4283,331,1.2,1.1,2014-06-23,0531,Aqua,MODIS,80,6.2,305.9,26.8,D,0
-16.4467,126.4242,341.3,1.2,1.1,2014-06-23,0531,Aqua,MODIS,89,6.2,306.3,47.2,D,0
-15.2936,130.4915,321.3,2.4,1.5,2014-06-23,0531,Aqua,MODIS,69,6.2,308.5,30.2,D,0
-14.4805,130.1637,318.9,2.4,1.5,2014-06-23,0531,Aqua,MODIS,54,6.2,304.6,28.1,D,0
-14.5277,130.1282,322.5,2.3,1.5,2014-06-23,0531,Aqua,MODIS,37,6.2,303.4,37.1,D,0
-14.5241,130.1353,326,2.3,1.5,2014-06-23,0531,Aqua,MODIS,38,6.2,303.8,47.8,D,0
-15.2209,127.4936,320.5,1.5,1.2,2014-06-23,0531,Aqua,MODIS,59,6.2,306.9,10.9,D,0
-15.3005,130.4981,327.2,2.4,1.5,2014-06-23,0531,Aqua,MODIS,76,6.2,309.1,49.6,D,0
-15.2826,130.0182,326.7,2.2,1.4,2014-06-23,0531,Aqua,MODIS,75,6.2,307.6,46.6,D,0
-15.2897,130.5138,326.2,2.4,1.5,2014-06-23,0531,Aqua,MODIS,76,6.2,308.5,49,D,0
-15.1386,126.0751,321.2,1.2,1.1,2014-06-23,0531,Aqua,MODIS,49,6.2,305.2,10.1,D,0
-15.1136,126.0996,319.4,1.2,1.1,2014-06-23,0531,Aqua,MODIS,32,6.2,306.3,9,D,0
-14.8932,126.7231,319.2,1.3,1.1,2014-06-23,0531,Aqua,MODIS,51,6.2,306.2,7.5,D,0
-15.2743,127.4333,327.4,1.4,1.2,2014-06-23,0531,Aqua,MODIS,76,6.2,308.8,24,D,0
-15.2688,127.4243,320.2,1.4,1.2,2014-06-23,0531,Aqua,MODIS,46,6.2,307.9,10.6,D,0
-15.2794,127.4263,320,1.4,1.2,2014-06-23,0531,Aqua,MODIS,51,6.2,306.6,11.3,D,0
-15.2772,127.4396,328.8,1.4,1.2,2014-06-23,0531,Aqua,MODIS,78,6.2,308.4,28.1,D,0
-14.0741,127.1724,323.4,1.4,1.2,2014-06-23,0531,Aqua,MODIS,60,6.2,307,17.1,D,0
-15.2733,129.9952,322.8,2.2,1.4,2014-06-23,0531,Aqua,MODIS,51,6.2,305.2,32.5,D,0
-15.3198,130.0331,315.8,2.2,1.4,2014-06-23,0531,Aqua,MODIS,30,6.2,305,14,D,0
-15.2811,130.0256,329.5,2.2,1.4,2014-06-23,0531,Aqua,MODIS,47,6.2,308.3,53.1,D,0
-15.4739,128.1293,351.3,1.6,1.2,2014-06-23,0531,Aqua,MODIS,95,6.2,309,102.2,D,0
-14.0891,127.2161,319.3,1.5,1.2,2014-06-23,0531,Aqua,MODIS,53,6.2,305.5,12.2,D,0
-15.4716,128.1436,325.8,1.6,1.2,2014-06-23,0531,Aqua,MODIS,62,6.2,308.6,20.6,D,0
-15.2659,130.0374,340.7,2.2,1.4,2014-06-23,0531,Aqua,MODIS,89,6.2,306.8,106.7,D,0
-15.2964,130.5203,322.8,2.4,1.5,2014-06-23,0531,Aqua,MODIS,48,6.2,308.8,32.3,D,0
-14.5329,130.0194,318,2.3,1.5,2014-06-23,0531,Aqua,MODIS,64,6.2,304.9,25.2,D,0
-14.5292,130.0404,319.1,2.3,1.5,2014-06-23,0531,Aqua,MODIS,62,6.2,304,28,D,0
-13.9564,127.0656,347.8,1.4,1.2,2014-06-23,0531,Aqua,MODIS,94,6.2,307.2,74.7,D,0
-13.9585,127.0524,356.7,1.4,1.2,2014-06-23,0531,Aqua,MODIS,98,6.2,306.3,111.4,D,0
-13.967,127.0673,323.5,1.4,1.2,2014-06-23,0531,Aqua,MODIS,50,6.2,306.9,16.2,D,0
-13.9712,127.1087,331.9,1.4,1.2,2014-06-23,0531,Aqua,MODIS,64,6.2,304.2,33,D,0
-12.9465,133.8288,324.3,4.8,2,2014-06-23,0531,Aqua,MODIS,55,6.2,300.1,154.6,D,0
-13.4283,133.6046,313.2,4.5,2,2014-06-23,0531,Aqua,MODIS,49,6.2,300.2,69.4,D,0
-12.584,131.6136,313.5,3.3,1.7,2014-06-23,0531,Aqua,MODIS,48,6.2,301.4,36.4,D,0
-13.195,133.5838,318.6,4.5,2,2014-06-23,0531,Aqua,MODIS,28,6.2,300.2,87.4,D,0
-12.4881,131.4673,323.6,3.2,1.7,2014-06-23,0531,Aqua,MODIS,36,6.2,304.2,75.8,D,0
-12.7722,131.9246,316.4,3.5,1.8,2014-06-23,0531,Aqua,MODIS,37,6.2,305.5,38.1,D,0
-12.5226,131.6019,321.8,3.3,1.7,2014-06-23,0531,Aqua,MODIS,74,6.2,301.8,80.2,D,0
-13.1935,133.4973,319,4.5,1.9,2014-06-23,0531,Aqua,MODIS,59,6.2,300.3,92.9,D,0
-12.9444,133.263,312.5,4.3,1.9,2014-06-23,0531,Aqua,MODIS,25,6.2,301.1,45.5,D,0
-13.2531,133.4674,316.7,4.4,1.9,2014-06-23,0531,Aqua,MODIS,44,6.2,300.3,76.4,D,0
-12.5227,131.6284,314.1,3.3,1.7,2014-06-23,0531,Aqua,MODIS,22,6.2,300.9,38.5,D,0
-12.7774,131.9181,317,3.5,1.8,2014-06-23,0531,Aqua,MODIS,37,6.2,305.9,39,D,0
-12.8191,131.9335,318.7,3.5,1.8,2014-06-23,0531,Aqua,MODIS,51,6.2,306.3,51.1,D,0
-13.1855,133.5389,319.9,4.5,2,2014-06-23,0531,Aqua,MODIS,55,6.2,301.4,101.9,D,0
-12.528,131.598,324.7,3.3,1.7,2014-06-23,0531,Aqua,MODIS,78,6.2,303.1,95.8,D,0
-12.4595,131.6401,316.7,3.4,1.7,2014-06-23,0531,Aqua,MODIS,56,6.2,300.7,52.8,D,0
-12.5892,131.0744,317.3,3,1.7,2014-06-23,0531,Aqua,MODIS,68,6.2,305.6,40.1,D,0
-12.4765,131.6196,320.8,3.3,1.7,2014-06-23,0531,Aqua,MODIS,73,6.2,300.9,76.3,D,0
-13.1708,133.7008,326.6,4.6,2,2014-06-23,0531,Aqua,MODIS,78,6.2,300.5,173.9,D,0
-13.171,133.709,315.5,4.6,2,2014-06-23,0531,Aqua,MODIS,46,6.2,300.1,77.8,D,0
-13.3028,133.398,330.8,4.4,1.9,2014-06-23,0531,Aqua,MODIS,70,6.2,302.1,190.7,D,0
-12.5894,131.5832,326.1,3.3,1.7,2014-06-23,0531,Aqua,MODIS,79,6.2,303.6,102.7,D,0
-13.1787,133.6581,355.6,4.6,2,2014-06-23,0531,Aqua,MODIS,98,6.2,303.5,626.1,D,0
-12.7239,130.9095,328.9,2.9,1.6,2014-06-23,0531,Aqua,MODIS,79,6.2,308,85.5,D,0
-13.4291,133.6003,312.6,4.5,2,2014-06-23,0531,Aqua,MODIS,45,6.2,300.3,65.8,D,0
-13.2527,133.4721,317.2,4.4,1.9,2014-06-23,0531,Aqua,MODIS,51,6.2,300.4,80.7,D,0
-12.4828,131.4967,321.9,3.3,1.7,2014-06-23,0531,Aqua,MODIS,31,6.2,302,69.8,D,0
-13.1871,133.6249,326.2,4.6,2,2014-06-23,0531,Aqua,MODIS,72,6.2,301.3,160.8,D,0
-13.1791,133.6664,357.1,4.6,2,2014-06-23,0531,Aqua,MODIS,98,6.2,303.6,663.9,D,0
-12.5033,132.4815,315.9,3.9,1.8,2014-06-23,0531,Aqua,MODIS,40,6.2,303.4,50.3,D,0
-13.1864,133.6167,318,4.6,2,2014-06-23,0531,Aqua,MODIS,30,6.2,300.6,84.3,D,0
-12.6446,130.6751,316.7,2.8,1.6,2014-06-23,0531,Aqua,MODIS,36,6.2,305.5,29.7,D,0
-12.9475,133.8207,323.6,4.8,2,2014-06-23,0531,Aqua,MODIS,57,6.2,300,148.4,D,0
-12.7046,130.9335,327.2,2.9,1.6,2014-06-23,0531,Aqua,MODIS,50,6.2,304.9,76.9,D,0
-12.7093,130.907,328.8,2.9,1.6,2014-06-23,0531,Aqua,MODIS,64,6.2,307,83.2,D,0
-12.7192,130.9363,332.8,2.9,1.6,2014-06-23,0531,Aqua,MODIS,85,6.2,305.6,113,D,0
-13.1843,133.5304,322.9,4.5,2,2014-06-23,0531,Aqua,MODIS,56,6.2,301.5,125.6,D,0
-12.4611,131.6168,333.2,3.3,1.7,2014-06-23,0531,Aqua,MODIS,85,6.2,301.5,157.8,D,0
-12.4648,131.6096,327.6,3.3,1.7,2014-06-23,0531,Aqua,MODIS,81,6.2,301.2,118.5,D,0
-12.944,133.2579,314,4.3,1.9,2014-06-23,0531,Aqua,MODIS,49,6.2,301,56.3,D,0
-12.5844,131.1018,317.1,3,1.7,2014-06-23,0531,Aqua,MODIS,67,6.2,304.4,39.8,D,0
-11.6778,130.3182,315.2,2.8,1.6,2014-06-23,0532,Aqua,MODIS,30,6.2,300.9,29.9,D,0
-11.6841,130.299,338.9,2.7,1.6,2014-06-23,0532,Aqua,MODIS,67,6.2,302.4,154.9,D,0
-11.4091,132.4555,316.9,4.1,1.9,2014-06-23,0532,Aqua,MODIS,25,6.2,299.2,65.9,D,0
-11.404,132.447,321.1,4.1,1.9,2014-06-23,0532,Aqua,MODIS,41,6.2,299.2,93.2,D,0
-11.3958,132.3401,324.4,4,1.9,2014-06-23,0532,Aqua,MODIS,46,6.2,301.3,110.7,D,0
-11.3726,132.3731,320.5,4,1.9,2014-06-23,0532,Aqua,MODIS,35,6.2,299.1,85.3,D,0
-11.5355,132.6393,318.2,4.2,1.9,2014-06-23,0532,Aqua,MODIS,0,6.2,300.8,85.6,D,0
-11.3792,132.3372,319.3,4,1.9,2014-06-23,0532,Aqua,MODIS,25,6.2,299,75.3,D,0
-11.39,132.3315,325.5,4,1.9,2014-06-23,0532,Aqua,MODIS,79,6.2,300.9,126.2,D,0
-11.3836,132.3675,331,4,1.9,2014-06-23,0532,Aqua,MODIS,84,6.2,300.7,173.7,D,0
-11.5396,132.6476,314,4.2,1.9,2014-06-23,0532,Aqua,MODIS,44,6.2,300.9,54,D,0
-11.7006,130.0956,310.5,2.6,1.6,2014-06-23,0532,Aqua,MODIS,0,6.2,299.9,23.3,D,0
-11.6743,130.2718,345.1,2.7,1.6,2014-06-23,0532,Aqua,MODIS,0,6.2,301.3,198.1,D,0
-11.6678,130.291,316.4,2.7,1.6,2014-06-23,0532,Aqua,MODIS,0,6.2,300.2,30.9,D,0
-19.7162,130.2223,306.7,4.6,2,2014-06-23,1317,Terra,MODIS,69,6.2,284.5,89,N,0
-19.7172,130.2154,301.9,4.6,2,2014-06-23,1317,Terra,MODIS,26,6.2,284.5,57.7,N,0
-17.983,137.6022,313.1,1.3,1.1,2014-06-23,1317,Terra,MODIS,86,6.2,288.2,18.9,N,0
-12.8272,131.0597,317,3.3,1.7,2014-06-23,1318,Terra,MODIS,94,6.2,292.2,89.7,N,0
-14.5104,131.7835,301.5,3,1.7,2014-06-23,1318,Terra,MODIS,41,6.2,285,31.7,N,0
-12.8237,131.0644,309.6,3.3,1.7,2014-06-23,1318,Terra,MODIS,78,6.2,291.5,53.1,N,0
-12.8391,131.066,304.4,3.3,1.7,2014-06-23,1318,Terra,MODIS,11,6.2,290.6,32.5,N,0
-12.5422,141.9187,303.8,1.1,1.1,2014-06-23,1318,Terra,MODIS,57,6.2,290.5,6.7,N,0
-12.5938,133.3568,308.9,2.1,1.4,2014-06-23,1318,Terra,MODIS,76,6.2,292.3,24.2,N,0
-12.8794,133.2491,304,2.2,1.4,2014-06-23,1318,Terra,MODIS,58,6.2,292.2,16.8,N,0
-12.5791,133.3692,311.3,2.1,1.4,2014-06-23,1318,Terra,MODIS,82,6.2,293,29.1,N,0
-12.5919,133.3709,315.3,2.1,1.4,2014-06-23,1318,Terra,MODIS,91,6.2,292.5,39.3,N,0
-12.6967,134.021,305,1.9,1.4,2014-06-23,1318,Terra,MODIS,62,6.2,292.4,15.4,N,0
-12.5788,133.3746,308.8,2.1,1.4,2014-06-23,1318,Terra,MODIS,76,6.2,292.9,24.8,N,0
-12.5915,133.3762,312.4,2.1,1.4,2014-06-23,1318,Terra,MODIS,85,6.2,292.4,32.4,N,0
-13.173,133.63,321.5,2.1,1.4,2014-06-23,1318,Terra,MODIS,100,6.2,290.7,59.2,N,0
-13.1725,133.6235,314.8,2.1,1.4,2014-06-23,1318,Terra,MODIS,90,6.2,290.6,42.2,N,0
-12.6946,134.0379,307.9,1.9,1.3,2014-06-23,1318,Terra,MODIS,73,6.2,293,19.7,N,0
-13.1701,133.6428,302.5,2.1,1.4,2014-06-23,1318,Terra,MODIS,49,6.2,288.6,17.6,N,0
-12.827,133.2563,306.7,2.2,1.4,2014-06-23,1318,Terra,MODIS,69,6.2,292.8,21.6,N,0
-13.7364,132.952,302.1,2.4,1.5,2014-06-23,1318,Terra,MODIS,45,6.2,286.1,23.1,N,0
-13.6524,132.8517,301.5,2.4,1.5,2014-06-23,1318,Terra,MODIS,42,6.2,285.8,24.3,N,0
-14.9613,126.0081,311.2,4.3,1.9,2014-06-23,1456,Terra,MODIS,74,6.2,289.1,95.3,N,0
-14.9594,126.003,309.1,4.3,1.9,2014-06-23,1456,Terra,MODIS,64,6.2,288.9,82.8,N,0
-12.8276,133.2556,306.3,1.3,1.1,2014-06-23,1621,Aqua,MODIS,46,6.2,291.8,10.2,N,0
-12.5784,133.3699,303.3,1.3,1.1,2014-06-23,1621,Aqua,MODIS,55,6.2,291.7,7.5,N,0
-12.8262,133.2612,303.6,1.3,1.1,2014-06-23,1621,Aqua,MODIS,21,6.2,291.4,7.5,N,0
-12.877,133.2529,301.1,1.3,1.1,2014-06-23,1622,Aqua,MODIS,24,6.2,290.3,6,N,0
-13.1746,133.6357,302,1.2,1.1,2014-06-23,1622,Aqua,MODIS,46,6.2,288.1,8.9,N,0
-12.6826,130.943,308.1,1.9,1.3,2014-06-23,1622,Aqua,MODIS,73,6.2,286.3,25.4,N,0
-13.8528,132.7475,304.6,1.4,1.2,2014-06-23,1622,Aqua,MODIS,61,6.2,285.8,12.7,N,0
-13.8601,132.7522,327.6,1.4,1.2,2014-06-23,1622,Aqua,MODIS,100,6.2,288.2,43.3,N,0
-13.8548,132.7598,332,1.4,1.2,2014-06-23,1622,Aqua,MODIS,100,6.2,288.3,52.5,N,0
-13.8622,132.7645,312,1.3,1.2,2014-06-23,1622,Aqua,MODIS,84,6.2,286.3,19.7,N,0
-14.0727,130.5967,304.1,1.9,1.3,2014-06-23,1622,Aqua,MODIS,58,6.2,289.5,16.5,N,0
-12.8246,131.0888,311.8,1.8,1.3,2014-06-23,1622,Aqua,MODIS,83,6.2,292,28.6,N,0
-12.8288,131.081,313.2,1.8,1.3,2014-06-23,1622,Aqua,MODIS,87,6.2,292.3,31.4,N,0
-12.8317,131.0977,303.4,1.8,1.3,2014-06-23,1622,Aqua,MODIS,42,6.2,291.2,14.7,N,0
-19.7092,130.2439,307,1.6,1.2,2014-06-23,1623,Aqua,MODIS,70,6.2,284.1,18.6,N,0
-19.7103,130.252,303.2,1.6,1.2,2014-06-23,1623,Aqua,MODIS,54,6.2,284.5,15,N,0
-19.3557,130.2057,302.7,1.6,1.3,2014-06-23,1623,Aqua,MODIS,51,6.2,284.9,15.6,N,0
-19.739,147.2104,310.8,1.6,1.2,2014-06-24,0010,Terra,MODIS,65,6.2,295.3,12.9,D,0
-19.7384,147.2038,307.4,1.6,1.2,2014-06-24,0010,Terra,MODIS,36,6.2,295.3,7.9,D,0
-21.722,148.3884,314,1.2,1.1,2014-06-24,0011,Terra,MODIS,68,6.2,298.5,9.7,D,0
-21.72,148.3764,365.7,1.2,1.1,2014-06-24,0011,Terra,MODIS,100,6.2,301.4,134.2,D,0
-27.8887,148.8372,315.1,1,1,2014-06-24,0012,Terra,MODIS,75,6.2,289.7,14.4,D,0
-28.474,152.0653,342.3,1.1,1,2014-06-24,0012,Terra,MODIS,93,6.2,286.5,56.2,D,0
-27.8871,148.8268,341.2,1,1,2014-06-24,0012,Terra,MODIS,92,6.2,291.2,48.3,D,0
-28.4835,152.0637,320.9,1.1,1,2014-06-24,0012,Terra,MODIS,80,6.2,284.9,24.1,D,0
-29.3012,151.7921,303.4,1.1,1,2014-06-24,0012,Terra,MODIS,50,6.2,283.8,8.2,D,0
-29.3053,151.7848,306.6,1.1,1,2014-06-24,0012,Terra,MODIS,64,6.2,283,10.7,D,0
-29.1004,150.0904,306.3,1,1,2014-06-24,0012,Terra,MODIS,63,6.2,289.2,6.8,D,0
-29.1913,148.9124,323.8,1,1,2014-06-24,0013,Terra,MODIS,83,6.2,291.7,22.3,D,0
-31.0344,148.4335,301,1,1,2014-06-24,0013,Terra,MODIS,43,6.2,285.7,4.9,D,0
-31.8732,145.8651,311,1.2,1.1,2014-06-24,0013,Terra,MODIS,71,6.2,284.2,15.4,D,0
-29.1929,148.9228,315.1,1,1,2014-06-24,0013,Terra,MODIS,75,6.2,290.7,13.8,D,0
-31.8711,145.8526,301.9,1.2,1.1,2014-06-24,0013,Terra,MODIS,50,6.2,284.6,7.7,D,0
-29.9061,149.8106,304.5,1,1,2014-06-24,0013,Terra,MODIS,59,6.2,285.7,7.1,D,0
-34.4558,150.8813,304.6,1.1,1.1,2014-06-24,0014,Terra,MODIS,51,6.2,287.9,8.2,D,2
-12.0727,133.8568,340.2,1.6,1.3,2014-06-24,0146,Terra,MODIS,90,6.2,303.5,71.4,D,0
-12.0708,133.8419,322.3,1.6,1.3,2014-06-24,0146,Terra,MODIS,58,6.2,301.7,24,D,0
-12.0974,133.8688,322,1.6,1.3,2014-06-24,0146,Terra,MODIS,60,6.2,303.3,22,D,0
-12.0958,133.8633,320.2,1.6,1.3,2014-06-24,0146,Terra,MODIS,49,6.2,302.3,19.2,D,0
-11.5245,132.6541,316.1,1.3,1.1,2014-06-24,0146,Terra,MODIS,68,6.2,301.6,11.4,D,0
-11.2281,131.9002,310.7,1.2,1.1,2014-06-24,0146,Terra,MODIS,0,6.2,299.5,6.2,D,0
-11.6863,130.3152,312.7,1,1,2014-06-24,0146,Terra,MODIS,49,6.2,300.9,5.7,D,0
-11.6849,130.3058,322.9,1,1,2014-06-24,0146,Terra,MODIS,71,6.2,303.3,14.7,D,0
-11.0663,132.5045,312.8,1.3,1.1,2014-06-24,0146,Terra,MODIS,0,6.2,299.6,7.1,D,0
-11.5459,130.3029,311.9,1,1,2014-06-24,0146,Terra,MODIS,60,6.2,300.4,5.9,D,0
-11.705,130.3802,310.1,1,1,2014-06-24,0146,Terra,MODIS,54,6.2,300,4.7,D,0
-11.5472,130.3123,327.7,1,1,2014-06-24,0146,Terra,MODIS,82,6.2,301.5,21.9,D,0
-14.5314,130.1448,346,1.1,1,2014-06-24,0147,Terra,MODIS,93,6.2,304.5,49.6,D,0
-14.53,130.135,327.9,1.1,1,2014-06-24,0147,Terra,MODIS,44,6.2,304.8,17.5,D,0
-13.7055,132.7689,321.7,1.5,1.2,2014-06-24,0147,Terra,MODIS,74,6.2,305.6,18.1,D,0
-13.7162,132.7673,325.3,1.5,1.2,2014-06-24,0147,Terra,MODIS,78,6.2,304.5,24,D,0
-14.0899,127.1487,320.9,1.1,1,2014-06-24,0147,Terra,MODIS,60,6.2,303.2,10.4,D,0
-14.091,127.2178,323.8,1,1,2014-06-24,0147,Terra,MODIS,75,6.2,304.7,14.7,D,0
-13.9492,127.0778,319.9,1.1,1,2014-06-24,0147,Terra,MODIS,49,6.2,304.8,9.4,D,0
-14.0759,127.1807,321.4,1.1,1,2014-06-24,0147,Terra,MODIS,71,6.2,305.3,11.2,D,0
-14.5327,130.0382,333.9,1.1,1,2014-06-24,0147,Terra,MODIS,85,6.2,304,28.8,D,0
-14.7952,126.0636,321.4,1.1,1.1,2014-06-24,0147,Terra,MODIS,74,6.2,290.2,17.8,D,0
-15.28,129.9909,315.9,1.1,1,2014-06-24,0147,Terra,MODIS,46,6.2,302.9,7.3,D,0
-14.5194,130.0103,313.8,1.1,1,2014-06-24,0147,Terra,MODIS,50,6.2,303.5,5.3,D,0
-14.4799,130.1826,337,1.1,1,2014-06-24,0147,Terra,MODIS,87,6.2,305.4,32.9,D,0
-14.4971,130.17,325,1.1,1,2014-06-24,0147,Terra,MODIS,67,6.2,303.8,15.5,D,0
-15.0481,127.76,317.5,1,1,2014-06-24,0147,Terra,MODIS,55,6.2,301.3,7.7,D,0
-15.0571,127.7586,320.6,1,1,2014-06-24,0147,Terra,MODIS,66,6.2,301.8,10.3,D,0
-14.505,130.1587,330.2,1.1,1,2014-06-24,0147,Terra,MODIS,49,6.2,305.3,20.8,D,0
-14.5143,130.1574,330.6,1.1,1,2014-06-24,0147,Terra,MODIS,31,6.2,304.4,21.5,D,0
-14.5221,130.1462,321.3,1.1,1,2014-06-24,0147,Terra,MODIS,45,6.2,305.2,11.2,D,0
-13.935,127.1696,346.5,1.1,1,2014-06-24,0147,Terra,MODIS,0,6.2,304.8,51.7,D,0
-14.5235,130.156,323.6,1.1,1,2014-06-24,0147,Terra,MODIS,64,6.2,303.3,14.5,D,0
-14.5372,130.138,334.6,1.1,1,2014-06-24,0147,Terra,MODIS,86,6.2,302.8,29.3,D,0
-13.9649,126.9952,360.2,1.1,1,2014-06-24,0147,Terra,MODIS,100,6.2,307.3,86.4,D,0
-13.9432,127.0388,324.2,1.1,1,2014-06-24,0147,Terra,MODIS,65,6.2,302.8,14,D,0
-14.0548,127.1045,319.8,1.1,1,2014-06-24,0147,Terra,MODIS,57,6.2,304.7,9.1,D,0
-14.8899,126.7277,323.1,1.1,1,2014-06-24,0147,Terra,MODIS,76,6.2,301.1,14.3,D,0
-13.9507,127.0875,318.7,1.1,1,2014-06-24,0147,Terra,MODIS,43,6.2,304,8.1,D,0
-14.8914,126.7376,326.7,1.1,1,2014-06-24,0147,Terra,MODIS,79,6.2,301,18.8,D,0
-14.0563,127.1143,336.8,1.1,1,2014-06-24,0147,Terra,MODIS,87,6.2,306,31,D,0
-14.0578,127.124,325.2,1.1,1,2014-06-24,0147,Terra,MODIS,75,6.2,305,13.6,D,0
-13.9634,126.9853,335.1,1.1,1,2014-06-24,0147,Terra,MODIS,87,6.2,302.9,31.6,D,0
-13.9724,127.0442,323.1,1.1,1,2014-06-24,0147,Terra,MODIS,66,6.2,303.5,12,D,0
-13.7695,130.7413,322.2,1.1,1.1,2014-06-24,0147,Terra,MODIS,73,6.2,304.1,14.2,D,0
-15.0467,127.7507,317.8,1,1,2014-06-24,0147,Terra,MODIS,58,6.2,303.1,7.6,D,0
-13.9442,127.1682,336.1,1.1,1,2014-06-24,0147,Terra,MODIS,66,6.2,303.4,31.9,D,0
-12.3833,132.7484,334.5,1.4,1.2,2014-06-24,0147,Terra,MODIS,86,6.2,302.7,45.2,D,0
-13.9457,127.1779,333.6,1.1,1,2014-06-24,0147,Terra,MODIS,65,6.2,303.1,28.4,D,0
-14.5313,130.0284,329.5,1.1,1,2014-06-24,0147,Terra,MODIS,82,6.2,303.6,21.9,D,0
-14.5248,130.0493,322.2,1.1,1,2014-06-24,0147,Terra,MODIS,74,6.2,303.7,14.3,D,0
-14.5544,130.1259,331.4,1.1,1,2014-06-24,0147,Terra,MODIS,83,6.2,303.2,25.1,D,0
-14.5437,130.1171,315.8,1.1,1,2014-06-24,0147,Terra,MODIS,43,6.2,302.3,5.8,D,0
-14.8513,126.1086,321.7,1.1,1.1,2014-06-24,0147,Terra,MODIS,67,6.2,286.2,17,D,0
-14.8562,126.1125,318.5,1.1,1.1,2014-06-24,0147,Terra,MODIS,70,6.2,286.5,15.9,D,0
-13.9664,127.005,339.2,1.1,1,2014-06-24,0147,Terra,MODIS,89,6.2,306.3,36.6,D,0
-14.1281,130.5407,326.1,1.1,1,2014-06-24,0147,Terra,MODIS,67,6.2,306.1,15,D,0
-14.1309,130.5609,322.8,1.1,1,2014-06-24,0147,Terra,MODIS,56,6.2,305.4,12.1,D,0
-14.0665,130.5806,341.5,1.1,1,2014-06-24,0147,Terra,MODIS,90,6.2,308.1,39.2,D,0
-14.0651,130.5704,333.7,1.1,1,2014-06-24,0147,Terra,MODIS,78,6.2,308.7,24.6,D,0
-14.4149,130.038,319.8,1.1,1,2014-06-24,0147,Terra,MODIS,70,6.2,305,10.6,D,0
-14.2441,129.4249,326.1,1,1,2014-06-24,0147,Terra,MODIS,57,6.2,303.3,17.4,D,0
-14.0716,130.5488,324,1.1,1,2014-06-24,0147,Terra,MODIS,75,6.2,308.5,12,D,0
-14.0731,130.5589,319.3,1.1,1,2014-06-24,0147,Terra,MODIS,57,6.2,307.2,6.5,D,0
-14.1173,130.5319,379,1.1,1,2014-06-24,0147,Terra,MODIS,100,6.2,310.1,159.3,D,0
-14.1187,130.542,348.2,1.1,1,2014-06-24,0147,Terra,MODIS,94,6.2,309.9,54.2,D,0
-14.0787,130.5995,326.9,1.1,1,2014-06-24,0147,Terra,MODIS,73,6.2,307.3,16.7,D,0
-14.4692,130.174,320.3,1.1,1,2014-06-24,0147,Terra,MODIS,58,6.2,304.7,10.4,D,0
-14.2572,129.4554,332.6,1,1,2014-06-24,0147,Terra,MODIS,73,6.2,305.1,27.2,D,0
-14.3874,130.3139,335,1.1,1,2014-06-24,0147,Terra,MODIS,86,6.2,303.7,31.7,D,0
-14.2107,130.434,316.3,1.1,1,2014-06-24,0147,Terra,MODIS,56,6.2,304.2,6.2,D,0
-14.2093,130.4238,315.4,1.1,1,2014-06-24,0147,Terra,MODIS,41,6.2,305.2,5.4,D,0
-14.0434,130.5528,324.5,1.1,1,2014-06-24,0147,Terra,MODIS,63,6.2,309,13.8,D,0
-13.9753,130.517,324.5,1.1,1,2014-06-24,0147,Terra,MODIS,57,6.2,306.5,13.9,D,0
-13.9739,130.507,323.1,1.1,1,2014-06-24,0147,Terra,MODIS,42,6.2,307.3,11.3,D,0
-14.3887,130.3239,360.2,1.1,1,2014-06-24,0147,Terra,MODIS,100,6.2,306.4,89.6,D,0
-14.3901,130.3339,328.5,1.1,1,2014-06-24,0147,Terra,MODIS,81,6.2,304.5,23.1,D,0
-14.3915,130.3439,318.5,1.1,1,2014-06-24,0147,Terra,MODIS,68,6.2,303.1,11.6,D,0
-14.4163,130.0477,315.3,1.1,1,2014-06-24,0147,Terra,MODIS,48,6.2,303.8,5.8,D,0
-13.951,130.4795,328.9,1.1,1,2014-06-24,0147,Terra,MODIS,80,6.2,305.8,18.4,D,0
-13.9524,130.4895,342.1,1.1,1,2014-06-24,0147,Terra,MODIS,90,6.2,306.8,40.7,D,0
-13.9617,130.4882,323.4,1.1,1,2014-06-24,0147,Terra,MODIS,39,6.2,308.1,11.8,D,0
-13.9631,130.4982,335.1,1.1,1,2014-06-24,0147,Terra,MODIS,80,6.2,307.5,28.1,D,0
-14.1734,130.4146,320.7,1.1,1,2014-06-24,0147,Terra,MODIS,64,6.2,308.5,8.2,D,0
-14.1641,130.416,328.5,1.1,1,2014-06-24,0147,Terra,MODIS,81,6.2,307.5,18,D,0
-14.2558,129.446,322.7,1,1,2014-06-24,0147,Terra,MODIS,56,6.2,302,14.8,D,0
-14.2455,129.4343,328.7,1,1,2014-06-24,0147,Terra,MODIS,72,6.2,304.8,19.6,D,0
-12.9881,130.8913,330.9,1.1,1.1,2014-06-24,0147,Terra,MODIS,82,6.2,306.3,24.8,D,0
-12.876,133.9776,325.4,1.7,1.3,2014-06-24,0147,Terra,MODIS,79,6.2,299.5,39.6,D,0
-12.7336,130.9043,318.6,1.1,1.1,2014-06-24,0147,Terra,MODIS,60,6.2,304.6,8.7,D,0
-12.981,130.8775,347.4,1.1,1.1,2014-06-24,0147,Terra,MODIS,93,6.2,305.7,53.9,D,0
-12.6742,131.1386,350,1.1,1.1,2014-06-24,0147,Terra,MODIS,95,6.2,305.1,66.7,D,0
-12.6647,131.14,327.4,1.1,1.1,2014-06-24,0147,Terra,MODIS,77,6.2,301.6,22,D,0
-12.6742,130.9295,338.5,1.1,1.1,2014-06-24,0147,Terra,MODIS,89,6.2,304.9,38.4,D,0
-12.5118,131.4592,321.1,1.2,1.1,2014-06-24,0147,Terra,MODIS,35,6.2,303.4,13.6,D,0
-12.7322,130.8941,316.8,1.1,1,2014-06-24,0147,Terra,MODIS,57,6.2,304.3,6.9,D,0
-12.6757,131.1491,320.8,1.1,1.1,2014-06-24,0147,Terra,MODIS,60,6.2,302.8,13.3,D,0
-12.7277,134.1562,316.1,1.8,1.3,2014-06-24,0147,Terra,MODIS,68,6.2,301.9,18.6,D,0
-13.1632,133.6327,325.3,1.6,1.3,2014-06-24,0147,Terra,MODIS,60,6.2,302.9,30.8,D,0
-12.7867,133.2785,313.3,1.5,1.2,2014-06-24,0147,Terra,MODIS,61,6.2,302.1,11,D,0
-12.3191,131.0876,322.3,1.1,1.1,2014-06-24,0147,Terra,MODIS,76,6.2,302.5,16.2,D,0
-12.6851,130.9383,327.4,1.1,1.1,2014-06-24,0147,Terra,MODIS,63,6.2,304.2,19.5,D,0
-12.7252,134.0427,321.3,1.7,1.3,2014-06-24,0147,Terra,MODIS,75,6.2,303.9,27.2,D,0
-12.5735,131.5988,316.7,1.2,1.1,2014-06-24,0147,Terra,MODIS,62,6.2,303.4,10.6,D,0
-12.9867,130.8811,326.2,1.1,1.1,2014-06-24,0147,Terra,MODIS,77,6.2,304.5,18.6,D,0
-13.1628,133.6234,320.4,1.6,1.3,2014-06-24,0147,Terra,MODIS,73,6.2,301.4,24.2,D,0
-15.9819,136.7247,316.2,3.1,1.7,2014-06-24,0147,Terra,MODIS,66,6.2,303.8,36.3,D,0
-12.8758,133.2606,325.5,1.5,1.2,2014-06-24,0147,Terra,MODIS,79,6.2,301.9,32.1,D,0
-14.2538,133.4861,320.3,1.7,1.3,2014-06-24,0147,Terra,MODIS,61,6.2,301.9,23.8,D,0
-12.8178,133.2602,313.8,1.5,1.2,2014-06-24,0147,Terra,MODIS,38,6.2,301.6,10.9,D,0
-14.2537,133.4959,323,1.7,1.3,2014-06-24,0147,Terra,MODIS,76,6.2,302.5,30.5,D,0
-14.2651,133.4947,314.8,1.7,1.3,2014-06-24,0147,Terra,MODIS,36,6.2,302.7,13,D,0
-12.9839,130.8979,326.6,1.1,1.1,2014-06-24,0147,Terra,MODIS,73,6.2,307.2,16.5,D,0
-12.583,133.2902,312.5,1.5,1.2,2014-06-24,0147,Terra,MODIS,59,6.2,301.3,11.5,D,0
-12.9701,130.8687,348.3,1.1,1.1,2014-06-24,0147,Terra,MODIS,94,6.2,310.8,57.8,D,0
-12.6728,131.1283,319,1.1,1.1,2014-06-24,0147,Terra,MODIS,47,6.2,302.2,11.7,D,0
-12.7395,134.1548,314,1.8,1.3,2014-06-24,0147,Terra,MODIS,63,6.2,303.8,15,D,0
-12.9795,130.8674,383.2,1.1,1.1,2014-06-24,0147,Terra,MODIS,100,6.2,306.8,184.8,D,0
-12.919,134.0369,313.6,1.7,1.3,2014-06-24,0147,Terra,MODIS,62,6.2,298.8,14.3,D,0
-12.4346,132.9321,322.7,1.4,1.2,2014-06-24,0147,Terra,MODIS,76,6.2,303.1,23.5,D,0
-12.5926,133.3798,319.6,1.5,1.2,2014-06-24,0147,Terra,MODIS,32,6.2,303.3,16.1,D,0
-12.7541,134.0158,313.7,1.7,1.3,2014-06-24,0147,Terra,MODIS,48,6.2,301.9,13,D,0
-13.1647,133.6382,324.1,1.6,1.3,2014-06-24,0147,Terra,MODIS,77,6.2,303.6,31.3,D,0
-12.6139,133.3565,316.1,1.5,1.2,2014-06-24,0147,Terra,MODIS,53,6.2,303.4,15,D,0
-12.572,131.5878,322.7,1.2,1.1,2014-06-24,0147,Terra,MODIS,76,6.2,303.7,18,D,0
-12.9781,130.8572,349.5,1.1,1.1,2014-06-24,0147,Terra,MODIS,95,6.2,301.7,62.3,D,0
-12.9887,131.1393,314.9,1.1,1.1,2014-06-24,0147,Terra,MODIS,48,6.2,302.2,6.5,D,0
-12.8288,133.259,320.3,1.5,1.2,2014-06-24,0147,Terra,MODIS,74,6.2,301.2,22.1,D,0
-12.9069,133.2422,325.8,1.5,1.2,2014-06-24,0147,Terra,MODIS,80,6.2,303.4,32.8,D,0
-12.7831,133.2505,334.1,1.5,1.2,2014-06-24,0147,Terra,MODIS,86,6.2,303.2,52.4,D,0
-14.2558,133.5015,317.6,1.7,1.3,2014-06-24,0147,Terra,MODIS,43,6.2,302,18,D,0
-12.366,131.4968,310.9,1.2,1.1,2014-06-24,0147,Terra,MODIS,42,6.2,299.9,6.9,D,0
-12.5273,134.0165,312.5,1.7,1.3,2014-06-24,0147,Terra,MODIS,59,6.2,301.1,11.8,D,0
-12.6157,133.3706,314.3,1.5,1.2,2014-06-24,0147,Terra,MODIS,23,6.2,304.3,11.9,D,0
-12.4918,132.5051,318.9,1.3,1.1,2014-06-24,0147,Terra,MODIS,28,6.2,305.6,13.7,D,0
-12.5818,131.5865,334,1.2,1.1,2014-06-24,0147,Terra,MODIS,86,6.2,305,34.8,D,0
-15.997,136.7229,315.5,3.1,1.7,2014-06-24,0147,Terra,MODIS,44,6.2,304.9,35.7,D,0
-15.984,136.7313,314.8,3.1,1.7,2014-06-24,0147,Terra,MODIS,60,6.2,303.7,30.9,D,0
-12.4306,132.939,314.6,1.4,1.2,2014-06-24,0147,Terra,MODIS,54,6.2,303.7,10.3,D,0
-12.5248,131.6226,316,1.2,1.1,2014-06-24,0147,Terra,MODIS,58,6.2,305,11.5,D,0
-12.9824,130.8877,356.1,1.1,1.1,2014-06-24,0147,Terra,MODIS,98,6.2,309.4,77.8,D,0
-12.7849,133.2645,329.6,1.5,1.2,2014-06-24,0147,Terra,MODIS,83,6.2,303.5,41.8,D,0
-12.9687,130.8585,369.6,1.1,1.1,2014-06-24,0147,Terra,MODIS,100,6.2,309.4,124.2,D,0
-12.5816,133.3812,322.1,1.5,1.2,2014-06-24,0147,Terra,MODIS,55,6.2,303.8,21.8,D,0
-15.9808,136.7023,317.5,3.1,1.7,2014-06-24,0147,Terra,MODIS,68,6.2,304.1,42.2,D,0
-14.174,131.4456,325.3,1.2,1.1,2014-06-24,0147,Terra,MODIS,71,6.2,308.1,19.5,D,0
-13.274,131.3519,319.9,1.2,1.1,2014-06-24,0147,Terra,MODIS,62,6.2,305.6,9.4,D,0
-13.8859,132.3364,344.7,1.4,1.2,2014-06-24,0147,Terra,MODIS,92,6.2,305.4,66,D,0
-13.6667,132.673,316.5,1.4,1.2,2014-06-24,0147,Terra,MODIS,64,6.2,305.4,10.2,D,0
-13.0748,132.2213,316.3,1.3,1.1,2014-06-24,0147,Terra,MODIS,46,6.2,305.6,8.6,D,0
-13.1578,132.1553,320,1.3,1.1,2014-06-24,0147,Terra,MODIS,33,6.2,306.9,9.1,D,0
-13.6175,132.228,318.7,1.3,1.1,2014-06-24,0147,Terra,MODIS,68,6.2,306.8,12.1,D,0
-13.2947,133.0467,326.3,1.5,1.2,2014-06-24,0147,Terra,MODIS,79,6.2,303.1,31.6,D,0
-13.3035,133.1158,315.2,1.5,1.2,2014-06-24,0147,Terra,MODIS,54,6.2,303.5,12.8,D,0
-13.5896,131.5009,326.3,1.2,1.1,2014-06-24,0147,Terra,MODIS,78,6.2,307.1,20.3,D,0
-13.1315,131.8024,318.7,1.2,1.1,2014-06-24,0147,Terra,MODIS,38,6.2,306.3,9.1,D,0
-13.7721,132.6593,316.1,1.4,1.2,2014-06-24,0147,Terra,MODIS,49,6.2,300.3,12.6,D,0
-13.3473,133.1101,326.2,1.5,1.2,2014-06-24,0147,Terra,MODIS,69,6.2,305.6,29,D,0
-13.1248,132.3632,321.7,1.3,1.1,2014-06-24,0147,Terra,MODIS,67,6.2,304.6,17.6,D,0
-13.1587,132.4597,318,1.4,1.2,2014-06-24,0147,Terra,MODIS,45,6.2,306.2,10.1,D,0
-13.3491,133.1241,332,1.5,1.2,2014-06-24,0147,Terra,MODIS,84,6.2,306.4,43,D,0
-13.4437,131.1086,318.5,1.2,1.1,2014-06-24,0147,Terra,MODIS,67,6.2,303.3,9.4,D,0
-13.076,132.2153,318.3,1.3,1.1,2014-06-24,0147,Terra,MODIS,66,6.2,306.5,10.7,D,0
-12.9888,131.7308,338.3,1.2,1.1,2014-06-24,0147,Terra,MODIS,88,6.2,304.5,41.7,D,0
-12.9904,131.742,334.1,1.2,1.1,2014-06-24,0147,Terra,MODIS,85,6.2,304.5,33.4,D,0
-13.5993,131.4993,319.7,1.2,1.1,2014-06-24,0147,Terra,MODIS,42,6.2,303.7,11.5,D,0
-13.362,133.2224,316.1,1.5,1.2,2014-06-24,0147,Terra,MODIS,41,6.2,301.8,13.6,D,0
-13.849,133.3637,320.5,1.6,1.2,2014-06-24,0147,Terra,MODIS,73,6.2,299.4,25,D,0
-13.8622,133.3772,312.2,1.6,1.2,2014-06-24,0147,Terra,MODIS,27,6.2,299.5,9.5,D,0
-13.4012,132.2949,321.5,1.3,1.1,2014-06-24,0147,Terra,MODIS,61,6.2,303.1,17.5,D,0
-13.1691,132.4583,320.7,1.4,1.2,2014-06-24,0147,Terra,MODIS,71,6.2,305.4,13.9,D,0
-13.2914,132.0818,320.1,1.3,1.1,2014-06-24,0147,Terra,MODIS,65,6.2,306,11.1,D,0
-13.6192,132.2403,334.1,1.3,1.1,2014-06-24,0147,Terra,MODIS,85,6.2,305.3,40.5,D,0
-14.6995,133.1327,327.9,1.6,1.2,2014-06-24,0147,Terra,MODIS,80,6.2,304.3,37.2,D,0
-13.5972,131.5567,324.4,1.2,1.1,2014-06-24,0147,Terra,MODIS,76,6.2,306.1,17.9,D,0
-13.133,131.8138,318.2,1.2,1.1,2014-06-24,0147,Terra,MODIS,46,6.2,304.1,8.9,D,0
-13.607,131.5551,328.6,1.2,1.1,2014-06-24,0147,Terra,MODIS,81,6.2,305.3,24.1,D,0
-13.4422,131.0981,323.7,1.1,1.1,2014-06-24,0147,Terra,MODIS,75,6.2,304.6,15.7,D,0
-13.9433,132.4001,331.4,1.4,1.2,2014-06-24,0147,Terra,MODIS,83,6.2,303.3,38.7,D,0
-13.1384,132.3866,318.3,1.3,1.2,2014-06-24,0147,Terra,MODIS,41,6.2,302,12.2,D,0
-13.3601,133.2083,322,1.5,1.2,2014-06-24,0147,Terra,MODIS,69,6.2,302.5,23.9,D,0
-13.138,133.1651,319.2,1.5,1.2,2014-06-24,0147,Terra,MODIS,50,6.2,301.9,17.7,D,0
-13.9257,132.4284,315,1.4,1.2,2014-06-24,0147,Terra,MODIS,50,6.2,303.5,9.4,D,0
-13.6636,132.443,314.8,1.4,1.2,2014-06-24,0147,Terra,MODIS,59,6.2,301.3,12.6,D,0
-13.4441,132.3015,316.8,1.3,1.1,2014-06-24,0147,Terra,MODIS,26,6.2,303.3,10.5,D,0
-13.6055,131.5439,325.9,1.2,1.1,2014-06-24,0147,Terra,MODIS,73,6.2,306.2,19.2,D,0
-13.5383,131.418,315.7,1.2,1.1,2014-06-24,0147,Terra,MODIS,47,6.2,303.4,6.9,D,0
-13.5398,131.4288,321.4,1.2,1.1,2014-06-24,0147,Terra,MODIS,66,6.2,302.8,12.7,D,0
-15.0326,131.099,332.8,1.2,1.1,2014-06-24,0147,Terra,MODIS,84,6.2,305.1,32.3,D,0
-13.6951,132.8869,316.8,1.5,1.2,2014-06-24,0147,Terra,MODIS,44,6.2,303.2,12.2,D,0
-12.9592,130.8599,322.2,1.1,1.1,2014-06-24,0147,Terra,MODIS,58,6.2,304.9,13.8,D,0
-13.3399,133.2253,334.4,1.5,1.2,2014-06-24,0147,Terra,MODIS,86,6.2,304.7,51.1,D,0
-13.8963,132.335,324.8,1.4,1.2,2014-06-24,0147,Terra,MODIS,38,6.2,304.7,22,D,0
-13.5412,131.4397,383,1.2,1.1,2014-06-24,0147,Terra,MODIS,100,6.2,310.8,203.5,D,0
-13.5427,131.4508,340.7,1.2,1.1,2014-06-24,0147,Terra,MODIS,87,6.2,307,43.1,D,0
-13.554,131.4606,336.6,1.2,1.1,2014-06-24,0147,Terra,MODIS,87,6.2,304.6,36.5,D,0
-13.5555,131.4716,325.2,1.2,1.1,2014-06-24,0147,Terra,MODIS,53,6.2,305.5,16,D,0
-13.6009,131.5104,345.6,1.2,1.1,2014-06-24,0147,Terra,MODIS,93,6.2,305,59.4,D,0
-13.5911,131.5121,338.3,1.2,1.1,2014-06-24,0147,Terra,MODIS,88,6.2,309.7,41.7,D,0
-13.1398,133.1787,322.1,1.5,1.2,2014-06-24,0147,Terra,MODIS,69,6.2,302.7,22.8,D,0
-14.3408,132.8413,315.2,1.5,1.2,2014-06-24,0147,Terra,MODIS,62,6.2,304.3,10.2,D,0
-13.1288,133.1802,322.5,1.5,1.2,2014-06-24,0147,Terra,MODIS,53,6.2,302.6,23.4,D,0
-15.0339,131.0929,337.1,1.2,1.1,2014-06-24,0147,Terra,MODIS,87,6.2,305.2,41.4,D,0
-13.8842,132.324,336.1,1.4,1.2,2014-06-24,0147,Terra,MODIS,87,6.2,303.1,42.9,D,0
-13.8793,132.2869,318.1,1.4,1.2,2014-06-24,0147,Terra,MODIS,47,6.2,302.8,12.2,D,0
-13.3699,132.1382,321.6,1.3,1.1,2014-06-24,0147,Terra,MODIS,72,6.2,303,13.8,D,0
-15.0311,131.0879,333.3,1.2,1.1,2014-06-24,0147,Terra,MODIS,85,6.2,304,33.5,D,0
-13.6108,132.8291,320.5,1.5,1.2,2014-06-24,0147,Terra,MODIS,59,6.2,302.3,18.5,D,0
-13.6183,132.8339,326.7,1.5,1.2,2014-06-24,0147,Terra,MODIS,79,6.2,302.5,29.9,D,0
-13.3509,133.1381,321.2,1.5,1.2,2014-06-24,0147,Terra,MODIS,57,6.2,304.6,21.4,D,0
-13.2752,132.1938,324.3,1.3,1.1,2014-06-24,0147,Terra,MODIS,69,6.2,306,20,D,0
-13.3582,133.1087,319.7,1.5,1.2,2014-06-24,0147,Terra,MODIS,53,6.2,303.5,18.4,D,0
-13.9309,132.4337,320.5,1.4,1.2,2014-06-24,0147,Terra,MODIS,71,6.2,304.2,17.8,D,0
-13.3273,133.0426,314.2,1.5,1.2,2014-06-24,0147,Terra,MODIS,37,6.2,302.5,10.4,D,0
-13.3683,132.1262,329.8,1.3,1.1,2014-06-24,0147,Terra,MODIS,82,6.2,305.4,27.8,D,0
-15.0304,131.1557,324.3,1.2,1.1,2014-06-24,0147,Terra,MODIS,76,6.2,304.4,17.6,D,0
-15.0289,131.1446,346.4,1.2,1.1,2014-06-24,0147,Terra,MODIS,93,6.2,306.1,61.3,D,0
-15.0139,131.1808,319.5,1.2,1.1,2014-06-24,0147,Terra,MODIS,33,6.2,305.2,11.2,D,0
-13.9067,132.3337,318.7,1.4,1.2,2014-06-24,0147,Terra,MODIS,32,6.2,302.6,13.7,D,0
-13.323,131.9397,327.4,1.3,1.1,2014-06-24,0147,Terra,MODIS,80,6.2,305.6,23.3,D,0
-13.3245,131.9514,338.4,1.3,1.1,2014-06-24,0147,Terra,MODIS,88,6.2,309.1,43.4,D,0
-13.6472,131.9239,350.7,1.3,1.1,2014-06-24,0147,Terra,MODIS,95,6.2,307.8,80.5,D,0
-13.6707,130.761,328.4,1.1,1.1,2014-06-24,0147,Terra,MODIS,80,6.2,304.6,21.6,D,0
-13.3377,131.9734,325.4,1.3,1.1,2014-06-24,0147,Terra,MODIS,77,6.2,307.7,19.7,D,0
-13.3464,132.117,319.2,1.3,1.1,2014-06-24,0147,Terra,MODIS,54,6.2,304.8,10.5,D,0
-13.2736,132.1818,318.7,1.3,1.1,2014-06-24,0147,Terra,MODIS,48,6.2,307.9,10.3,D,0
-13.3361,131.9616,356.9,1.3,1.1,2014-06-24,0147,Terra,MODIS,98,6.2,308.7,98.6,D,0
-13.3346,131.95,334.8,1.3,1.1,2014-06-24,0147,Terra,MODIS,86,6.2,304.1,36.3,D,0
-13.6456,131.9121,317.2,1.3,1.1,2014-06-24,0147,Terra,MODIS,61,6.2,305.2,10.2,D,0
-13.6843,132.8883,321,1.5,1.2,2014-06-24,0147,Terra,MODIS,73,6.2,302.5,19.7,D,0
-13.6483,132.8652,322.3,1.5,1.2,2014-06-24,0147,Terra,MODIS,66,6.2,302.5,21.5,D,0
-13.8608,132.7562,313.2,1.5,1.2,2014-06-24,0147,Terra,MODIS,55,6.2,301.9,6.6,D,0
-13.7514,132.9562,326.7,1.5,1.2,2014-06-24,0147,Terra,MODIS,75,6.2,303.9,30.2,D,0
-13.293,133.0332,319.8,1.5,1.2,2014-06-24,0147,Terra,MODIS,58,6.2,303.6,18.9,D,0
-13.5599,131.6535,320.7,1.2,1.1,2014-06-24,0147,Terra,MODIS,71,6.2,304.3,14.2,D,0
-13.5614,131.6648,313.9,1.2,1.1,2014-06-24,0147,Terra,MODIS,30,6.2,303.2,5.3,D,0
-13.7441,132.9853,323.5,1.5,1.2,2014-06-24,0147,Terra,MODIS,73,6.2,301.1,24.4,D,0
-12.6392,131.1284,311.6,1.1,1.1,2014-06-24,0147,Terra,MODIS,35,6.2,301,5.3,D,0
-12.9805,131.7434,321,1.2,1.1,2014-06-24,0147,Terra,MODIS,64,6.2,304.2,11.7,D,0
-13.034,133.2414,312.1,1.5,1.2,2014-06-24,0147,Terra,MODIS,50,6.2,301.1,8.8,D,0
-13.0798,133.2495,327,1.5,1.2,2014-06-24,0147,Terra,MODIS,80,6.2,302.7,35.6,D,0
-13.6466,132.8518,323.7,1.5,1.2,2014-06-24,0147,Terra,MODIS,74,6.2,304.6,23,D,0
-12.979,131.7322,369.7,1.2,1.1,2014-06-24,0147,Terra,MODIS,100,6.2,307.8,143.1,D,0
-13.4425,132.2892,316.9,1.3,1.1,2014-06-24,0147,Terra,MODIS,30,6.2,305.1,9,D,0
-12.9175,133.8448,312.6,1.7,1.3,2014-06-24,0147,Terra,MODIS,59,6.2,298.2,13.4,D,0
-14.7414,126.0569,351.5,1.1,1.1,2014-06-24,0147,Terra,MODIS,96,6.2,293.4,72.7,D,0
-14.2517,126.7727,320.3,1.1,1,2014-06-24,0147,Terra,MODIS,70,6.2,303,11,D,0
-14.7553,126.059,315.6,1.1,1.1,2014-06-24,0147,Terra,MODIS,65,6.2,292.8,11,D,0
-14.757,126.0696,311.3,1.1,1.1,2014-06-24,0147,Terra,MODIS,42,6.2,292,6.6,D,0
-12.8272,131.0895,328.8,1.1,1.1,2014-06-24,0147,Terra,MODIS,51,6.2,303.6,20.9,D,0
-14.6483,131.7919,328,1.3,1.1,2014-06-24,0147,Terra,MODIS,80,6.2,304.3,26,D,0
-14.6536,131.7549,344.3,1.3,1.1,2014-06-24,0147,Terra,MODIS,92,6.2,307.4,58.3,D,0
-14.6552,131.7667,331.9,1.3,1.1,2014-06-24,0147,Terra,MODIS,43,6.2,306.7,28.7,D,0
-14.6472,131.7076,322,1.3,1.1,2014-06-24,0147,Terra,MODIS,73,6.2,302.2,18.9,D,0
-14.6488,131.7193,351.5,1.3,1.1,2014-06-24,0147,Terra,MODIS,96,6.2,305.5,83.8,D,0
-14.6504,131.7311,375.5,1.3,1.1,2014-06-24,0147,Terra,MODIS,100,6.2,308.6,182.6,D,0
-14.6617,131.7473,324.2,1.3,1.1,2014-06-24,0147,Terra,MODIS,22,6.2,305.5,17.2,D,0
-12.8199,131.0378,328.8,1.1,1.1,2014-06-24,0147,Terra,MODIS,81,6.2,303,24,D,0
-12.8237,131.0314,336.9,1.1,1.1,2014-06-24,0147,Terra,MODIS,76,6.2,301.9,37.2,D,0
-14.4918,131.7706,328.4,1.3,1.1,2014-06-24,0147,Terra,MODIS,81,6.2,304.8,27.6,D,0
-14.5019,131.7691,316.5,1.3,1.1,2014-06-24,0147,Terra,MODIS,26,6.2,302.8,10.3,D,0
-14.5035,131.781,333.8,1.3,1.1,2014-06-24,0147,Terra,MODIS,85,6.2,304.7,38.1,D,0
-14.5051,131.7929,316.2,1.3,1.1,2014-06-24,0147,Terra,MODIS,19,6.2,304.5,9.2,D,0
-14.5152,131.7915,336.3,1.3,1.1,2014-06-24,0147,Terra,MODIS,87,6.2,304.8,42.2,D,0
-14.5456,131.7874,373.2,1.3,1.1,2014-06-24,0147,Terra,MODIS,100,6.2,310.5,173.6,D,0
-14.5472,131.7993,323.2,1.3,1.1,2014-06-24,0147,Terra,MODIS,60,6.2,307.3,18.3,D,0
-14.5574,131.7979,340.8,1.3,1.1,2014-06-24,0147,Terra,MODIS,90,6.2,306,51.8,D,0
-14.6371,131.7089,327.8,1.3,1.1,2014-06-24,0147,Terra,MODIS,80,6.2,301.1,27.5,D,0
-14.5675,131.7966,328.9,1.3,1.1,2014-06-24,0147,Terra,MODIS,47,6.2,305.5,25.5,D,0
-14.5793,131.8071,320.6,1.3,1.1,2014-06-24,0147,Terra,MODIS,43,6.2,305.4,13.9,D,0
-14.5772,131.8017,322.9,1.3,1.1,2014-06-24,0147,Terra,MODIS,75,6.2,305.3,18,D,0
-14.6178,131.796,347.4,1.3,1.1,2014-06-24,0147,Terra,MODIS,94,6.2,309,72.7,D,0
-14.6194,131.8079,317,1.3,1.1,2014-06-24,0147,Terra,MODIS,65,6.2,305.9,10.9,D,0
-14.628,131.7946,385.1,1.3,1.1,2014-06-24,0147,Terra,MODIS,100,6.2,313,245,D,0
-14.6296,131.8065,345.8,1.3,1.1,2014-06-24,0147,Terra,MODIS,93,6.2,308.6,67.2,D,0
-14.6381,131.7933,350.9,1.3,1.1,2014-06-24,0147,Terra,MODIS,95,6.2,306.5,82.3,D,0
-14.6397,131.8052,335.1,1.3,1.1,2014-06-24,0147,Terra,MODIS,86,6.2,304.9,40.4,D,0
-14.6387,131.7207,328,1.3,1.1,2014-06-24,0147,Terra,MODIS,80,6.2,302.2,27.4,D,0
-12.5124,132.5023,333,1.3,1.1,2014-06-24,0147,Terra,MODIS,85,6.2,306.8,37.7,D,0
-12.5108,132.49,320,1.3,1.1,2014-06-24,0147,Terra,MODIS,44,6.2,304.8,13.7,D,0
-12.5005,132.4914,318.5,1.3,1.1,2014-06-24,0147,Terra,MODIS,22,6.2,305.9,12.5,D,0
-12.8375,131.061,323.9,1.1,1.1,2014-06-24,0147,Terra,MODIS,74,6.2,302.3,17.5,D,0
-14.5323,133.0778,317.7,1.6,1.2,2014-06-24,0147,Terra,MODIS,67,6.2,306.5,13.9,D,0
-12.7298,133.8973,313.2,1.7,1.3,2014-06-24,0147,Terra,MODIS,61,6.2,300.3,14.2,D,0
-12.8251,131.0417,325.7,1.1,1.1,2014-06-24,0147,Terra,MODIS,37,6.2,302.5,18.3,D,0
-12.8322,131.0934,326.3,1.1,1.1,2014-06-24,0147,Terra,MODIS,58,6.2,303.9,19.6,D,0
-12.9147,133.8386,310.9,1.7,1.3,2014-06-24,0147,Terra,MODIS,39,6.2,297.7,9.8,D,0
-12.8389,131.0713,323.3,1.1,1.1,2014-06-24,0147,Terra,MODIS,62,6.2,302.5,16.4,D,0
-13.5943,134.4184,317.2,1.9,1.3,2014-06-24,0147,Terra,MODIS,70,6.2,301.3,25,D,0
-12.8184,131.0275,321.7,1.1,1.1,2014-06-24,0147,Terra,MODIS,73,6.2,301.7,15.2,D,0
-13.4778,133.5882,331.3,1.6,1.3,2014-06-24,0147,Terra,MODIS,84,6.2,302.4,53.2,D,0
-13.4759,133.5732,340.7,1.6,1.3,2014-06-24,0147,Terra,MODIS,90,6.2,303.2,82.5,D,0
-16.8935,137.3287,311.4,3.6,1.8,2014-06-24,0148,Terra,MODIS,51,6.2,301,32.4,D,0
-16.8863,137.3237,311.2,3.6,1.8,2014-06-24,0148,Terra,MODIS,60,6.2,300.6,35.8,D,0
-17.5628,137.8582,313.3,4,1.9,2014-06-24,0148,Terra,MODIS,66,6.2,297.6,59.6,D,0
-17.5676,137.8508,315.2,4,1.9,2014-06-24,0148,Terra,MODIS,70,6.2,298,71.4,D,0
-17.7842,137.3788,313.2,3.7,1.8,2014-06-24,0148,Terra,MODIS,67,6.2,297.5,52.9,D,0
-17.7917,137.3728,317.1,3.7,1.8,2014-06-24,0148,Terra,MODIS,73,6.2,297.9,77.1,D,0
-17.7806,137.3441,310.2,3.7,1.8,2014-06-24,0148,Terra,MODIS,61,6.2,299.4,39,D,0
-15.7288,129.2632,322.4,1,1,2014-06-24,0148,Terra,MODIS,67,6.2,304.8,11.6,D,0
-15.6864,129.2851,316.8,1,1,2014-06-24,0148,Terra,MODIS,37,6.2,304.9,6.4,D,0
-15.3448,127.895,326.1,1,1,2014-06-24,0148,Terra,MODIS,78,6.2,302,15.7,D,0
-15.4904,128.1314,316.4,1,1,2014-06-24,0148,Terra,MODIS,26,6.2,303.8,5.3,D,0
-18.9584,130.7475,311.7,1.3,1.1,2014-06-24,0148,Terra,MODIS,52,6.2,298.1,6.9,D,0
-15.2313,127.508,314.4,1,1,2014-06-24,0148,Terra,MODIS,57,6.2,302.7,4.6,D,0
-14.9256,125.9931,311.9,1.2,1.1,2014-06-24,0148,Terra,MODIS,53,6.2,294.6,6.5,D,0
-15.2695,127.4575,317.6,1,1,2014-06-24,0148,Terra,MODIS,33,6.2,303.5,7,D,0
-15.2299,127.4986,320.1,1,1,2014-06-24,0148,Terra,MODIS,71,6.2,303.5,9.8,D,0
-15.3538,127.8936,314.2,1,1,2014-06-24,0148,Terra,MODIS,49,6.2,300.7,5,D,0
-15.3524,127.8843,313.9,1,1,2014-06-24,0148,Terra,MODIS,52,6.2,301.6,4.9,D,0
-15.3268,127.8978,314.4,1,1,2014-06-24,0148,Terra,MODIS,42,6.2,301.5,4.9,D,0
-15.2771,127.4467,317.6,1,1,2014-06-24,0148,Terra,MODIS,51,6.2,304.4,7.4,D,0
-15.9544,128.595,319.2,1,1,2014-06-24,0148,Terra,MODIS,65,6.2,302.8,9.1,D,0
-15.0594,125.8597,324.9,1.2,1.1,2014-06-24,0148,Terra,MODIS,78,6.2,301.1,19.7,D,0
-15.9504,128.5671,316.8,1,1,2014-06-24,0148,Terra,MODIS,42,6.2,303.3,6.8,D,0
-15.0674,125.8475,321.9,1.2,1.1,2014-06-24,0148,Terra,MODIS,72,6.2,299.2,16.4,D,0
-15.9531,128.5857,317,1,1,2014-06-24,0148,Terra,MODIS,24,6.2,303,6.5,D,0
-15.7054,124.9053,314.5,1.3,1.1,2014-06-24,0148,Terra,MODIS,59,6.2,300.8,8.8,D,0
-15.0657,125.8368,314.2,1.2,1.1,2014-06-24,0148,Terra,MODIS,40,6.2,298.6,8.2,D,0
-19.7167,130.238,314.9,1.2,1.1,2014-06-24,0149,Terra,MODIS,68,6.2,298.2,10.5,D,0
-30.8671,121.4902,337.5,1.2,1.1,2014-06-24,0152,Terra,MODIS,91,6.2,288.1,52.3,D,2
-27.8868,148.8368,303.1,2.7,1.6,2014-06-24,0431,Aqua,MODIS,49,6.2,289.3,17.7,D,0
-27.8884,148.8018,303.8,2.7,1.6,2014-06-24,0431,Aqua,MODIS,35,6.2,292.1,18.2,D,0
-29.1913,148.8953,305.6,2.5,1.5,2014-06-24,0431,Aqua,MODIS,62,6.2,286.4,25.6,D,0
-29.1937,148.9156,316.5,2.5,1.5,2014-06-24,0431,Aqua,MODIS,77,6.2,286.3,55.2,D,0
-27.8925,148.8101,304.9,2.7,1.6,2014-06-24,0431,Aqua,MODIS,58,6.2,292.4,22,D,0
-27.8969,148.8324,311.8,2.7,1.6,2014-06-24,0431,Aqua,MODIS,72,6.2,290.4,42.3,D,0
-31.529,147.7268,304,1.9,1.3,2014-06-24,0431,Aqua,MODIS,58,6.2,286.8,16.8,D,0
-19.8215,129.7717,322.5,3,1.6,2014-06-24,0434,Aqua,MODIS,76,6.2,290.6,73.9,D,0
-19.5109,146.2796,313.2,2.7,1.6,2014-06-24,0434,Aqua,MODIS,60,6.2,297.9,32.4,D,0
-19.5057,146.2588,324.6,2.7,1.6,2014-06-24,0434,Aqua,MODIS,79,6.2,298.1,77.4,D,0
-19.5157,146.2538,322,2.7,1.6,2014-06-24,0434,Aqua,MODIS,76,6.2,298.8,66.5,D,0
-15.9372,136.4501,332.3,1,1,2014-06-24,0435,Aqua,MODIS,55,6.2,309.3,21.2,D,0
-14.9638,141.8524,319.5,1.6,1.2,2014-06-24,0435,Aqua,MODIS,59,6.2,301.7,16.6,D,0
-16.2792,135.7651,339.5,1.1,1,2014-06-24,0435,Aqua,MODIS,88,6.2,310.3,34.8,D,0
-16.0457,136.268,321.5,1,1,2014-06-24,0435,Aqua,MODIS,67,6.2,311.4,8.4,D,0
-15.0327,141.8497,326.6,1.6,1.2,2014-06-24,0435,Aqua,MODIS,81,6.2,303.6,29.7,D,0
-15.9204,136.4379,326.3,1,1,2014-06-24,0435,Aqua,MODIS,36,6.2,306,13.7,D,0
-15.0351,141.8351,324.1,1.6,1.2,2014-06-24,0435,Aqua,MODIS,79,6.2,303,24,D,0
-15.4435,141.7269,328.2,1.5,1.2,2014-06-24,0435,Aqua,MODIS,75,6.2,304.1,30.6,D,0
-15.9758,136.7038,338.5,1,1,2014-06-24,0435,Aqua,MODIS,76,6.2,308.7,27.4,D,0
-14.8008,144.091,309.2,2.3,1.5,2014-06-24,0435,Aqua,MODIS,0,6.2,271.1,27,D,0
-15.1505,142.8501,316.9,1.9,1.3,2014-06-24,0435,Aqua,MODIS,38,6.2,298.9,19.3,D,0
-16.2779,135.7751,352.8,1.1,1,2014-06-24,0435,Aqua,MODIS,96,6.2,310.2,64.2,D,0
-16.6233,142.2631,323.7,1.6,1.2,2014-06-24,0435,Aqua,MODIS,75,6.2,306.9,22.6,D,0
-16.7807,142.5671,319.8,1.6,1.3,2014-06-24,0435,Aqua,MODIS,67,6.2,304.3,16.7,D,0
-15.9386,136.4406,328.5,1,1,2014-06-24,0435,Aqua,MODIS,50,6.2,309.2,17.2,D,0
-15.9437,136.4705,320.2,1,1,2014-06-24,0435,Aqua,MODIS,23,6.2,306.9,7.9,D,0
-15.5606,135.437,320.2,1.1,1,2014-06-24,0435,Aqua,MODIS,62,6.2,308.6,8,D,0
-16.0042,136.6985,335.5,1,1,2014-06-24,0435,Aqua,MODIS,54,6.2,308.3,23.5,D,0
-15.5102,142.6427,316.7,1.8,1.3,2014-06-24,0435,Aqua,MODIS,60,6.2,300,16.5,D,0
-14.945,141.8874,316.3,1.6,1.2,2014-06-24,0435,Aqua,MODIS,20,6.2,300.8,12.4,D,0
-16.778,142.5724,318.1,1.6,1.3,2014-06-24,0435,Aqua,MODIS,65,6.2,304.7,13.9,D,0
-16.2699,135.7637,328.4,1.1,1,2014-06-24,0435,Aqua,MODIS,79,6.2,307.7,17.9,D,0
-15.9888,136.6769,341.9,1,1,2014-06-24,0435,Aqua,MODIS,82,6.2,310.4,34.4,D,0
-15.9999,136.3297,320,1,1,2014-06-24,0435,Aqua,MODIS,53,6.2,308.3,7.9,D,0
-16.7892,142.5744,317.7,1.6,1.3,2014-06-24,0435,Aqua,MODIS,65,6.2,304.9,13.1,D,0
-15.945,136.461,332.5,1,1,2014-06-24,0435,Aqua,MODIS,81,6.2,310.3,22.3,D,0
-15.9295,136.4392,332.7,1,1,2014-06-24,0435,Aqua,MODIS,46,6.2,310.4,22,D,0
-15.4441,141.7327,328.6,1.5,1.2,2014-06-24,0435,Aqua,MODIS,81,6.2,303.5,31.3,D,0
-15.4682,141.7225,338.8,1.5,1.2,2014-06-24,0435,Aqua,MODIS,89,6.2,304.2,57.3,D,0
-16.5511,142.7704,316.4,1.7,1.3,2014-06-24,0435,Aqua,MODIS,63,6.2,303.9,13.4,D,0
-16.2686,135.7737,318.6,1.1,1,2014-06-24,0435,Aqua,MODIS,40,6.2,307,6.7,D,0
-15.5512,135.4356,320.7,1.1,1,2014-06-24,0435,Aqua,MODIS,65,6.2,307.8,9.1,D,0
-15.4587,142.8031,319.9,1.8,1.3,2014-06-24,0435,Aqua,MODIS,73,6.2,299,27.6,D,0
-15.3692,144.5137,313.9,2.4,1.5,2014-06-24,0435,Aqua,MODIS,59,6.2,294,29.1,D,0
-15.0611,142.9456,326.3,1.9,1.3,2014-06-24,0435,Aqua,MODIS,71,6.2,293.2,45.8,D,0
-15.4573,141.7206,322,1.5,1.2,2014-06-24,0435,Aqua,MODIS,55,6.2,305.3,18.5,D,0
-16.558,142.7773,316.9,1.7,1.3,2014-06-24,0435,Aqua,MODIS,63,6.2,303.1,13.8,D,0
-16.2295,136.1993,323.3,1,1,2014-06-24,0435,Aqua,MODIS,71,6.2,308.7,11.3,D,0
-15.953,128.5843,314.1,3.2,1.7,2014-06-24,0435,Aqua,MODIS,44,6.2,302.8,27.6,D,0
-17.691,137.2531,319.4,1,1,2014-06-24,0435,Aqua,MODIS,66,6.2,305.3,8,D,0
-17.6923,137.2437,319.7,1,1,2014-06-24,0435,Aqua,MODIS,67,6.2,306.3,8.4,D,0
-17.9394,137.8965,322.2,1,1,2014-06-24,0435,Aqua,MODIS,70,6.2,306.3,9.8,D,0
-17.9407,137.8871,336.6,1,1,2014-06-24,0435,Aqua,MODIS,86,6.2,308.2,28.3,D,0
-17.9317,137.8857,318,1,1,2014-06-24,0435,Aqua,MODIS,45,6.2,306,6.3,D,0
-17.5688,137.8515,319.9,1,1,2014-06-24,0435,Aqua,MODIS,65,6.2,306.5,8.2,D,0
-17.8246,138.8737,322.6,1,1,2014-06-24,0435,Aqua,MODIS,71,6.2,306.9,11.1,D,0
-15.0933,143.8407,316.1,2.2,1.4,2014-06-24,0435,Aqua,MODIS,59,6.2,291.9,34.8,D,0
-17.8625,137.8594,318,1,1,2014-06-24,0435,Aqua,MODIS,61,6.2,306.9,5.4,D,0
-17.8754,137.1811,316.9,1,1,2014-06-24,0435,Aqua,MODIS,59,6.2,306.7,5.4,D,0
-17.7857,137.3605,324.7,1,1,2014-06-24,0435,Aqua,MODIS,67,6.2,305.9,13.2,D,0
-17.8231,138.8833,329.3,1,1,2014-06-24,0435,Aqua,MODIS,80,6.2,307.2,19.2,D,0
-17.5591,137.2108,319.5,1,1,2014-06-24,0435,Aqua,MODIS,67,6.2,306.8,8.6,D,0
-17.5605,137.2013,325.4,1,1,2014-06-24,0435,Aqua,MODIS,76,6.2,307.5,15.2,D,0
-17.5792,137.3295,318.6,1,1,2014-06-24,0435,Aqua,MODIS,65,6.2,306.3,7.9,D,0
-17.635,137.9069,325.1,1,1,2014-06-24,0435,Aqua,MODIS,75,6.2,304.4,14.3,D,0
-17.626,137.9055,316.9,1,1,2014-06-24,0435,Aqua,MODIS,58,6.2,304.9,6.8,D,0
-17.9482,137.1891,317.7,1,1,2014-06-24,0435,Aqua,MODIS,61,6.2,306.3,6,D,0
-15.127,143.9526,312,2.2,1.5,2014-06-24,0435,Aqua,MODIS,54,6.2,292.3,23,D,0
-14.8585,141.9938,316.3,1.6,1.3,2014-06-24,0435,Aqua,MODIS,60,6.2,300.8,15.8,D,0
-15.3953,144.2901,320.5,2.3,1.5,2014-06-24,0435,Aqua,MODIS,63,6.2,293,45.5,D,0
-15.3158,144.2257,313.7,2.3,1.5,2014-06-24,0435,Aqua,MODIS,52,6.2,290.3,30.4,D,0
-15.3196,144.2043,310.6,2.3,1.5,2014-06-24,0435,Aqua,MODIS,33,6.2,290.8,24.1,D,0
-17.9755,137.6429,323.8,1,1,2014-06-24,0435,Aqua,MODIS,72,6.2,307.8,11.1,D,0
-17.9876,137.5583,320.1,1,1,2014-06-24,0435,Aqua,MODIS,66,6.2,306.2,7.8,D,0
-17.9549,137.6589,321.6,1,1,2014-06-24,0435,Aqua,MODIS,57,6.2,306.8,8,D,0
-17.9556,137.5244,316.1,1,1,2014-06-24,0435,Aqua,MODIS,53,6.2,305.9,5.6,D,0
-17.8893,137.412,320.7,1,1,2014-06-24,0435,Aqua,MODIS,68,6.2,305.6,9.3,D,0
-17.8946,137.3742,317.8,1,1,2014-06-24,0435,Aqua,MODIS,57,6.2,305.5,6,D,0
-17.8623,137.4078,319.3,1,1,2014-06-24,0435,Aqua,MODIS,65,6.2,307.8,8.2,D,0
-17.8843,137.3823,317.2,1,1,2014-06-24,0435,Aqua,MODIS,40,6.2,305.7,5.3,D,0
-12.7143,133.9135,321.1,1.2,1.1,2014-06-24,0436,Aqua,MODIS,71,6.2,301.9,14.1,D,0
-12.8302,134.1196,363.8,1.2,1.1,2014-06-24,0436,Aqua,MODIS,100,6.2,306.8,111.7,D,0
-12.8288,134.1304,318.6,1.2,1.1,2014-06-24,0436,Aqua,MODIS,55,6.2,303.7,8.8,D,0
-14.6707,131.7868,321.4,1.8,1.3,2014-06-24,0436,Aqua,MODIS,23,6.2,308.7,19.7,D,0
-14.6609,131.7689,338.8,1.8,1.3,2014-06-24,0436,Aqua,MODIS,64,6.2,312.4,65.3,D,0
-14.6492,131.7674,377.7,1.8,1.3,2014-06-24,0436,Aqua,MODIS,100,6.2,314.7,300.3,D,0
-14.6511,131.7508,370.5,1.8,1.3,2014-06-24,0436,Aqua,MODIS,100,6.2,311.4,239.2,D,0
-14.6525,131.7795,337.1,1.8,1.3,2014-06-24,0436,Aqua,MODIS,64,6.2,311.2,58.1,D,0
-14.6546,131.763,353.7,1.8,1.3,2014-06-24,0436,Aqua,MODIS,97,6.2,314.7,126.2,D,0
-14.6428,131.7615,377.5,1.8,1.3,2014-06-24,0436,Aqua,MODIS,100,6.2,310.9,291.6,D,0
-14.6413,131.733,355.2,1.8,1.3,2014-06-24,0436,Aqua,MODIS,97,6.2,306.6,146.1,D,0
-14.6432,131.7162,327.4,1.8,1.3,2014-06-24,0436,Aqua,MODIS,64,6.2,305.6,34.5,D,0
-14.6448,131.7451,376,1.8,1.3,2014-06-24,0436,Aqua,MODIS,100,6.2,311,281.2,D,0
-14.6469,131.7287,335.2,1.8,1.3,2014-06-24,0436,Aqua,MODIS,63,6.2,306.3,56.5,D,0
-12.7908,133.8734,325.4,1.2,1.1,2014-06-24,0436,Aqua,MODIS,75,6.2,303.2,19.6,D,0
-12.6957,133.7522,339.2,1.2,1.1,2014-06-24,0436,Aqua,MODIS,89,6.2,304.7,44.3,D,0
-12.6972,133.7409,335,1.2,1.1,2014-06-24,0436,Aqua,MODIS,86,6.2,303.9,35.3,D,0
-12.785,135.5276,321.5,1,1,2014-06-24,0436,Aqua,MODIS,73,6.2,304.1,12.1,D,0
-12.6987,133.7296,334.7,1.2,1.1,2014-06-24,0436,Aqua,MODIS,78,6.2,304.8,34.5,D,0
-12.7923,133.8623,317.1,1.2,1.1,2014-06-24,0436,Aqua,MODIS,28,6.2,303.1,8.6,D,0
-12.6578,133.6481,326.2,1.2,1.1,2014-06-24,0436,Aqua,MODIS,54,6.2,304,17.6,D,0
-12.6625,133.614,343.9,1.3,1.1,2014-06-24,0436,Aqua,MODIS,91,6.2,305.8,54.6,D,0
-14.5354,131.7904,339.7,1.8,1.3,2014-06-24,0436,Aqua,MODIS,86,6.2,311,69.4,D,0
-14.5277,131.7563,362.2,1.8,1.3,2014-06-24,0436,Aqua,MODIS,100,6.2,312,183,D,0
-14.5298,131.7399,350.9,1.8,1.3,2014-06-24,0436,Aqua,MODIS,95,6.2,307.9,123.4,D,0
-14.516,131.7548,332.4,1.8,1.3,2014-06-24,0436,Aqua,MODIS,60,6.2,309.2,46.8,D,0
-14.518,131.7383,335.2,1.8,1.3,2014-06-24,0436,Aqua,MODIS,81,6.2,306,58.8,D,0
-14.5395,131.7579,329.7,1.8,1.3,2014-06-24,0436,Aqua,MODIS,37,6.2,307.8,36,D,0
-14.5257,131.7728,330.9,1.8,1.3,2014-06-24,0436,Aqua,MODIS,47,6.2,310.5,39.6,D,0
-14.5374,131.7742,329.7,1.8,1.3,2014-06-24,0436,Aqua,MODIS,39,6.2,310.8,35.6,D,0
-12.794,134.1691,318.9,1.2,1.1,2014-06-24,0436,Aqua,MODIS,67,6.2,302.8,10.7,D,0
-14.6372,131.7104,354,1.8,1.3,2014-06-24,0436,Aqua,MODIS,97,6.2,305.9,145,D,0
-14.6254,131.7089,338,1.8,1.3,2014-06-24,0436,Aqua,MODIS,87,6.2,301.5,75.8,D,0
-14.6274,131.6923,320.9,1.8,1.3,2014-06-24,0436,Aqua,MODIS,57,6.2,300.5,25.5,D,0
-14.6374,131.7659,343.3,1.8,1.3,2014-06-24,0436,Aqua,MODIS,91,6.2,310.2,76,D,0
-14.6172,131.7753,325,1.8,1.3,2014-06-24,0436,Aqua,MODIS,30,6.2,311.8,21.7,D,0
-14.6035,131.7899,339.5,1.8,1.3,2014-06-24,0436,Aqua,MODIS,88,6.2,310.2,67.5,D,0
-14.6055,131.7737,357.1,1.8,1.3,2014-06-24,0436,Aqua,MODIS,98,6.2,313.5,147.8,D,0
-14.5937,131.7721,372.5,1.8,1.3,2014-06-24,0436,Aqua,MODIS,100,6.2,313.2,256.5,D,0
-14.582,131.7705,338,1.8,1.3,2014-06-24,0436,Aqua,MODIS,87,6.2,308.3,65,D,0
-14.6393,131.7495,372.2,1.8,1.3,2014-06-24,0436,Aqua,MODIS,100,6.2,309.3,249.3,D,0
-14.631,131.7601,342.5,1.8,1.3,2014-06-24,0436,Aqua,MODIS,90,6.2,311.5,79.5,D,0
-14.633,131.7438,354.2,1.8,1.3,2014-06-24,0436,Aqua,MODIS,97,6.2,307.7,136.2,D,0
-14.6351,131.7272,360.3,1.8,1.3,2014-06-24,0436,Aqua,MODIS,100,6.2,304.5,179.6,D,0
-14.6193,131.7587,332.6,1.8,1.3,2014-06-24,0436,Aqua,MODIS,72,6.2,312.1,45.8,D,0
-14.6213,131.7423,369,1.8,1.3,2014-06-24,0436,Aqua,MODIS,100,6.2,314,234.8,D,0
-14.6233,131.7257,353.8,1.8,1.3,2014-06-24,0436,Aqua,MODIS,97,6.2,307.2,142.2,D,0
-14.6075,131.7572,373.3,1.8,1.3,2014-06-24,0436,Aqua,MODIS,100,6.2,315.7,267.4,D,0
-14.6095,131.7407,406.3,1.8,1.3,2014-06-24,0436,Aqua,MODIS,100,6.2,319.1,654.7,D,0
-14.6115,131.724,378.9,1.8,1.3,2014-06-24,0436,Aqua,MODIS,100,6.2,308.5,327.1,D,0
-14.5957,131.7557,388.7,1.8,1.3,2014-06-24,0436,Aqua,MODIS,100,6.2,317.5,413.3,D,0
-14.5978,131.739,392.3,1.8,1.3,2014-06-24,0436,Aqua,MODIS,100,6.2,316.3,466.5,D,0
-14.584,131.7542,378.7,1.8,1.3,2014-06-24,0436,Aqua,MODIS,100,6.2,311.4,316,D,0
-14.586,131.7375,420.6,1.8,1.3,2014-06-24,0436,Aqua,MODIS,100,6.2,321.7,910.6,D,0
-14.588,131.7208,365.6,1.8,1.3,2014-06-24,0436,Aqua,MODIS,100,6.2,306.6,221.1,D,0
-12.9176,133.841,320.5,1.2,1.1,2014-06-24,0436,Aqua,MODIS,44,6.2,305.1,12.3,D,0
-12.6464,133.6581,336,1.2,1.1,2014-06-24,0436,Aqua,MODIS,71,6.2,303.7,34.4,D,0
-12.6479,133.6467,346.2,1.2,1.1,2014-06-24,0436,Aqua,MODIS,93,6.2,305.2,57.7,D,0
-14.6361,132.4435,319.1,1.6,1.2,2014-06-24,0436,Aqua,MODIS,62,6.2,308.5,14.7,D,0
-14.5062,133.035,329.7,1.4,1.2,2014-06-24,0436,Aqua,MODIS,80,6.2,308.8,30.4,D,0
-12.6724,133.6154,326.4,1.3,1.1,2014-06-24,0436,Aqua,MODIS,56,6.2,305.6,19.8,D,0
-12.8233,131.0303,328.6,1.9,1.3,2014-06-24,0436,Aqua,MODIS,60,6.2,301.1,47.5,D,0
-12.6814,133.7842,331.4,1.2,1.1,2014-06-24,0436,Aqua,MODIS,83,6.2,303.3,28.7,D,0
-13.3538,133.3004,326.6,1.3,1.1,2014-06-24,0436,Aqua,MODIS,70,6.2,308.4,21,D,0
-13.2967,133.3611,321.9,1.3,1.1,2014-06-24,0436,Aqua,MODIS,71,6.2,301.9,15.9,D,0
-12.6679,133.6562,326.5,1.2,1.1,2014-06-24,0436,Aqua,MODIS,46,6.2,304.2,18.3,D,0
-12.6738,133.6105,320.4,1.3,1.1,2014-06-24,0436,Aqua,MODIS,56,6.2,304.3,12.7,D,0
-12.7007,133.6375,324.8,1.2,1.1,2014-06-24,0436,Aqua,MODIS,51,6.2,304.8,17,D,0
-12.6992,133.6489,330.7,1.2,1.1,2014-06-24,0436,Aqua,MODIS,73,6.2,306.3,26.6,D,0
-12.6898,133.7968,320.1,1.2,1.1,2014-06-24,0436,Aqua,MODIS,31,6.2,301.8,11.5,D,0
-12.6734,133.6916,322.8,1.2,1.1,2014-06-24,0436,Aqua,MODIS,32,6.2,302.2,15.3,D,0
-12.664,133.6024,332.6,1.3,1.1,2014-06-24,0436,Aqua,MODIS,82,6.2,303.3,30.8,D,0
-12.7092,133.6503,331.8,1.2,1.1,2014-06-24,0436,Aqua,MODIS,73,6.2,306.6,29.5,D,0
-13.5963,134.4123,320.9,1.2,1.1,2014-06-24,0436,Aqua,MODIS,70,6.2,307.5,12.3,D,0
-13.5978,134.4016,324.5,1.2,1.1,2014-06-24,0436,Aqua,MODIS,76,6.2,306.7,16.4,D,0
-13.307,133.3625,326.1,1.3,1.1,2014-06-24,0436,Aqua,MODIS,73,6.2,303.3,21.5,D,0
-13.3577,133.2952,326,1.3,1.1,2014-06-24,0436,Aqua,MODIS,58,6.2,307.7,19.6,D,0
-12.3301,131.0868,317.6,1.8,1.3,2014-06-24,0436,Aqua,MODIS,62,6.2,301.6,20.9,D,0
-13.3553,133.2882,322,1.3,1.1,2014-06-24,0436,Aqua,MODIS,28,6.2,309.2,13.4,D,0
-12.7289,133.8873,314.4,1.2,1.1,2014-06-24,0436,Aqua,MODIS,18,6.2,300.8,6.4,D,0
-13.5404,134.4424,317.7,1.2,1.1,2014-06-24,0436,Aqua,MODIS,64,6.2,304.5,10.1,D,0
-12.7358,133.9107,315.4,1.2,1.1,2014-06-24,0436,Aqua,MODIS,26,6.2,300.3,7.5,D,0
-12.7825,133.8608,321.8,1.2,1.1,2014-06-24,0436,Aqua,MODIS,71,6.2,302.5,15.3,D,0
-12.724,133.7673,337.5,1.2,1.1,2014-06-24,0436,Aqua,MODIS,87,6.2,303.7,41,D,0
-13.4806,133.593,318.1,1.3,1.1,2014-06-24,0436,Aqua,MODIS,63,6.2,304.7,12,D,0
-13.4821,133.5812,328.9,1.3,1.1,2014-06-24,0436,Aqua,MODIS,80,6.2,306.9,28.4,D,0
-13.5389,134.453,321.5,1.2,1.1,2014-06-24,0436,Aqua,MODIS,71,6.2,305.5,13.7,D,0
-13.5867,134.4109,334.6,1.2,1.1,2014-06-24,0436,Aqua,MODIS,85,6.2,306.6,31.2,D,0
-13.4837,133.5694,338.7,1.3,1.1,2014-06-24,0436,Aqua,MODIS,88,6.2,307.1,48.5,D,0
-13.5881,134.4002,334.6,1.2,1.1,2014-06-24,0436,Aqua,MODIS,85,6.2,306.7,30.9,D,0
-13.5785,134.3988,330.4,1.2,1.1,2014-06-24,0436,Aqua,MODIS,82,6.2,305.2,24.6,D,0
-12.8186,131.0228,322.2,1.9,1.3,2014-06-24,0436,Aqua,MODIS,49,6.2,300,28.3,D,0
-12.9189,133.8353,318.6,1.2,1.1,2014-06-24,0436,Aqua,MODIS,55,6.2,303.9,10.1,D,0
-12.7278,133.8134,318.6,1.2,1.1,2014-06-24,0436,Aqua,MODIS,47,6.2,301.9,10.4,D,0
-12.7407,133.7924,335.6,1.2,1.1,2014-06-24,0436,Aqua,MODIS,86,6.2,304.7,36.3,D,0
-12.7405,133.7979,341.1,1.2,1.1,2014-06-24,0436,Aqua,MODIS,90,6.2,304.4,47.9,D,0
-13.3409,133.3426,322,1.3,1.1,2014-06-24,0436,Aqua,MODIS,62,6.2,305.7,16,D,0
-12.742,133.7867,333.4,1.2,1.1,2014-06-24,0436,Aqua,MODIS,83,6.2,304.5,32.1,D,0
-12.9047,133.862,319.2,1.2,1.1,2014-06-24,0436,Aqua,MODIS,47,6.2,303.8,10.1,D,0
-12.7392,133.8036,326.6,1.2,1.1,2014-06-24,0436,Aqua,MODIS,64,6.2,302.4,20.4,D,0
-12.6395,133.6339,337.5,1.2,1.1,2014-06-24,0436,Aqua,MODIS,80,6.2,303.3,35.1,D,0
-12.641,133.6226,335.2,1.2,1.1,2014-06-24,0436,Aqua,MODIS,73,6.2,304.3,32.9,D,0
-12.644,133.5997,328.7,1.3,1.1,2014-06-24,0436,Aqua,MODIS,38,6.2,303.9,23.6,D,0
-12.631,133.6212,330.6,1.2,1.1,2014-06-24,0436,Aqua,MODIS,57,6.2,301.7,24.6,D,0
-12.615,133.6653,330.9,1.2,1.1,2014-06-24,0436,Aqua,MODIS,56,6.2,303.3,26.7,D,0
-12.5981,133.6397,334.6,1.2,1.1,2014-06-24,0436,Aqua,MODIS,59,6.2,304.1,32.9,D,0
-12.5775,133.6429,325.3,1.2,1.1,2014-06-24,0436,Aqua,MODIS,49,6.2,306.1,18.9,D,0
-12.7387,133.8887,327.2,1.2,1.1,2014-06-24,0436,Aqua,MODIS,79,6.2,301.1,23,D,0
-12.7373,133.8997,327.2,1.2,1.1,2014-06-24,0436,Aqua,MODIS,79,6.2,301,23.4,D,0
-13.7849,134.1357,315.2,1.2,1.1,2014-06-24,0436,Aqua,MODIS,31,6.2,299.8,6,D,0
-13.6113,131.4963,322.1,1.8,1.3,2014-06-24,0436,Aqua,MODIS,62,6.2,303.5,24.5,D,0
-13.7864,134.1246,315.9,1.2,1.1,2014-06-24,0436,Aqua,MODIS,29,6.2,299.4,6.5,D,0
-13.733,134.1509,327.5,1.2,1.1,2014-06-24,0436,Aqua,MODIS,64,6.2,306.3,19.1,D,0
-13.2789,132.0694,319.2,1.6,1.2,2014-06-24,0436,Aqua,MODIS,59,6.2,308.9,8.4,D,0
-13.747,132.9599,329.6,1.4,1.2,2014-06-24,0436,Aqua,MODIS,53,6.2,308.1,24.7,D,0
-13.7521,132.9206,364.1,1.4,1.2,2014-06-24,0436,Aqua,MODIS,100,6.2,311.3,144.7,D,0
-13.7538,132.9073,334.1,1.4,1.2,2014-06-24,0436,Aqua,MODIS,84,6.2,307.5,39.5,D,0
-13.4914,131.4403,326,1.8,1.3,2014-06-24,0436,Aqua,MODIS,76,6.2,306.3,30.3,D,0
-12.1908,133.0294,319.7,1.3,1.1,2014-06-24,0436,Aqua,MODIS,64,6.2,306.1,13.5,D,0
-13.7364,132.9583,327.8,1.4,1.2,2014-06-24,0436,Aqua,MODIS,46,6.2,307.6,21.1,D,0
-13.4827,131.4495,322.4,1.8,1.3,2014-06-24,0436,Aqua,MODIS,69,6.2,307.1,23.7,D,0
-13.3095,133.099,333.6,1.4,1.2,2014-06-24,0436,Aqua,MODIS,84,6.2,306.8,39.2,D,0
-13.1443,131.7781,334.9,1.7,1.3,2014-06-24,0436,Aqua,MODIS,85,6.2,309.1,50.3,D,0
-12.6799,132.2042,314.7,1.5,1.2,2014-06-24,0436,Aqua,MODIS,52,6.2,301.8,12.1,D,0
-13.3392,131.9556,320.5,1.6,1.3,2014-06-24,0436,Aqua,MODIS,51,6.2,307.5,13.2,D,0
-15.0311,131.1643,321.2,2,1.4,2014-06-24,0436,Aqua,MODIS,68,6.2,307.9,25.2,D,0
-15.0333,131.1459,319.7,2,1.4,2014-06-24,0436,Aqua,MODIS,57,6.2,308.3,21,D,0
-13.9383,132.3698,330.9,1.6,1.2,2014-06-24,0436,Aqua,MODIS,82,6.2,308.4,39.6,D,0
-13.9494,132.3715,331.4,1.6,1.2,2014-06-24,0436,Aqua,MODIS,82,6.2,307.3,40.2,D,0
-13.8876,132.3115,337.2,1.6,1.2,2014-06-24,0436,Aqua,MODIS,79,6.2,309.7,50.5,D,0
-12.9891,131.7457,319.1,1.7,1.3,2014-06-24,0436,Aqua,MODIS,48,6.2,305.5,10.7,D,0
-13.1268,132.0972,322.5,1.6,1.2,2014-06-24,0436,Aqua,MODIS,71,6.2,311.8,13.1,D,0
-13.6872,132.8782,321.2,1.4,1.2,2014-06-24,0436,Aqua,MODIS,45,6.2,308.6,13.5,D,0
-12.9599,130.8546,332.5,2,1.4,2014-06-24,0436,Aqua,MODIS,83,6.2,303.5,56.5,D,0
-13.6463,132.8594,323.7,1.4,1.2,2014-06-24,0436,Aqua,MODIS,38,6.2,306.2,17.2,D,0
-13.2398,132.1024,336,1.6,1.2,2014-06-24,0436,Aqua,MODIS,86,6.2,311.1,45.9,D,0
-13.2415,132.0945,328.9,1.6,1.2,2014-06-24,0436,Aqua,MODIS,79,6.2,310.8,28,D,0
-13.8857,132.3265,343.7,1.6,1.2,2014-06-24,0436,Aqua,MODIS,91,6.2,308.5,70.9,D,0
-13.1287,132.0826,324.5,1.6,1.2,2014-06-24,0436,Aqua,MODIS,74,6.2,311.5,18.6,D,0
-13.1652,132.152,322.8,1.6,1.2,2014-06-24,0436,Aqua,MODIS,62,6.2,312.6,11.9,D,0
-13.895,132.3426,326.4,1.6,1.2,2014-06-24,0436,Aqua,MODIS,72,6.2,309.4,25.5,D,0
-13.439,131.0739,327,1.9,1.4,2014-06-24,0436,Aqua,MODIS,77,6.2,302.5,40.7,D,0
-13.4368,131.0917,315.8,1.9,1.4,2014-06-24,0436,Aqua,MODIS,29,6.2,301.5,12.6,D,0
-13.3588,133.2075,326.9,1.4,1.2,2014-06-24,0436,Aqua,MODIS,56,6.2,309.8,21.1,D,0
-13.8653,133.3753,334.4,1.3,1.1,2014-06-24,0436,Aqua,MODIS,85,6.2,308.1,38.4,D,0
-13.8462,133.3603,323.8,1.3,1.1,2014-06-24,0436,Aqua,MODIS,73,6.2,305.7,19.3,D,0
-13.2267,132.1156,321.7,1.6,1.2,2014-06-24,0436,Aqua,MODIS,27,6.2,310,10,D,0
-13.2397,132.1091,335.1,1.6,1.2,2014-06-24,0436,Aqua,MODIS,85,6.2,310.8,44.1,D,0
-13.6243,132.2292,319.8,1.6,1.2,2014-06-24,0436,Aqua,MODIS,53,6.2,308.9,13.6,D,0
-13.4423,131.0796,317.7,1.9,1.4,2014-06-24,0436,Aqua,MODIS,51,6.2,302.2,14.9,D,0
-13.362,132.1308,330.8,1.6,1.2,2014-06-24,0436,Aqua,MODIS,81,6.2,307.5,33.7,D,0
-13.3365,133.217,339.4,1.3,1.2,2014-06-24,0436,Aqua,MODIS,88,6.2,308.9,47.2,D,0
-13.3381,133.2047,332.7,1.4,1.2,2014-06-24,0436,Aqua,MODIS,73,6.2,306.6,30.1,D,0
-12.9911,131.7302,319.1,1.7,1.3,2014-06-24,0436,Aqua,MODIS,35,6.2,307.4,11.5,D,0
-12.9815,131.7132,321.7,1.7,1.3,2014-06-24,0436,Aqua,MODIS,58,6.2,306.6,17.6,D,0
-13.6881,130.7522,315.1,2.1,1.4,2014-06-24,0436,Aqua,MODIS,42,6.2,303.3,13.7,D,0
-13.6801,132.9772,323.6,1.4,1.2,2014-06-24,0436,Aqua,MODIS,73,6.2,309.3,18.5,D,0
-13.3397,133.1922,335.2,1.4,1.2,2014-06-24,0436,Aqua,MODIS,80,6.2,307.2,35.7,D,0
-13.3414,133.1798,359.1,1.4,1.2,2014-06-24,0436,Aqua,MODIS,99,6.2,311.2,112.7,D,0
-13.343,133.1673,336.2,1.4,1.2,2014-06-24,0436,Aqua,MODIS,86,6.2,309.1,41.4,D,0
-13.3294,133.1908,344.4,1.4,1.2,2014-06-24,0436,Aqua,MODIS,92,6.2,305.9,62.6,D,0
-13.2773,131.3428,318.8,1.8,1.3,2014-06-24,0436,Aqua,MODIS,60,6.2,308.2,13.9,D,0
-13.331,133.1784,362.9,1.4,1.2,2014-06-24,0436,Aqua,MODIS,100,6.2,310.4,132.1,D,0
-12.1177,132.7344,324.1,1.4,1.2,2014-06-24,0436,Aqua,MODIS,71,6.2,302.7,23.9,D,0
-13.0382,133.2325,320.3,1.3,1.1,2014-06-24,0436,Aqua,MODIS,61,6.2,303.5,13.7,D,0
-13.0367,133.2445,320.1,1.3,1.1,2014-06-24,0436,Aqua,MODIS,59,6.2,305.2,12.4,D,0
-13.0469,133.2458,318.7,1.3,1.1,2014-06-24,0436,Aqua,MODIS,30,6.2,305.6,10.2,D,0
-13.3326,133.1659,347.3,1.4,1.2,2014-06-24,0436,Aqua,MODIS,93,6.2,305.7,72.7,D,0
-13.319,133.1893,336,1.4,1.2,2014-06-24,0436,Aqua,MODIS,86,6.2,305.3,43.5,D,0
-13.3206,133.177,367.6,1.4,1.2,2014-06-24,0436,Aqua,MODIS,100,6.2,309.2,156,D,0
-13.2358,133.1209,324.5,1.4,1.2,2014-06-24,0436,Aqua,MODIS,46,6.2,300.3,21.4,D,0
-13.5155,134.4821,328.4,1.1,1.1,2014-06-24,0436,Aqua,MODIS,80,6.2,305.9,23.3,D,0
-13.5169,134.4715,322.7,1.2,1.1,2014-06-24,0436,Aqua,MODIS,73,6.2,303.7,15,D,0
-13.2254,133.1193,325.2,1.4,1.2,2014-06-24,0436,Aqua,MODIS,35,6.2,299.3,21.4,D,0
-13.9312,132.4274,319.6,1.6,1.2,2014-06-24,0436,Aqua,MODIS,62,6.2,307.2,13.8,D,0
-13.4752,134.4589,319.7,1.2,1.1,2014-06-24,0436,Aqua,MODIS,36,6.2,305.4,9.2,D,0
-13.3222,133.1645,356.4,1.4,1.2,2014-06-24,0436,Aqua,MODIS,98,6.2,306.5,106.7,D,0
-13.6656,132.4456,318.2,1.5,1.2,2014-06-24,0436,Aqua,MODIS,63,6.2,306.5,16.5,D,0
-13.3616,133.106,328.4,1.4,1.2,2014-06-24,0436,Aqua,MODIS,64,6.2,307.8,25.5,D,0
-13.9365,132.3842,323.9,1.6,1.2,2014-06-24,0436,Aqua,MODIS,73,6.2,308.9,22.7,D,0
-13.1424,131.7936,320.3,1.7,1.3,2014-06-24,0436,Aqua,MODIS,46,6.2,308.7,14,D,0
-11.55,132.7109,323.2,1.4,1.2,2014-06-24,0436,Aqua,MODIS,76,6.2,305.4,20.3,D,0
-13.9476,132.3858,352.4,1.6,1.2,2014-06-24,0436,Aqua,MODIS,96,6.2,310.2,110.7,D,0
-12.2371,132.5179,318.5,1.4,1.2,2014-06-24,0436,Aqua,MODIS,66,6.2,303.6,15.9,D,0
-13.9458,132.4002,335.5,1.6,1.2,2014-06-24,0436,Aqua,MODIS,86,6.2,308.9,48.9,D,0
-13.215,133.1177,320.3,1.4,1.2,2014-06-24,0436,Aqua,MODIS,35,6.2,299.1,14.5,D,0
-13.3281,133.0369,327.9,1.4,1.2,2014-06-24,0436,Aqua,MODIS,79,6.2,306.6,27.5,D,0
-13.1391,133.1647,331.1,1.4,1.2,2014-06-24,0436,Aqua,MODIS,82,6.2,303.8,31.8,D,0
-13.6267,132.8432,323.8,1.4,1.2,2014-06-24,0436,Aqua,MODIS,28,6.2,306.3,17.4,D,0
-12.1592,132.95,324.1,1.4,1.2,2014-06-24,0436,Aqua,MODIS,75,6.2,305.8,20.9,D,0
-13.7589,134.2551,315.3,1.2,1.1,2014-06-24,0436,Aqua,MODIS,56,6.2,302.7,6.7,D,0
-12.1608,132.9376,321.6,1.4,1.2,2014-06-24,0436,Aqua,MODIS,71,6.2,304.4,16.6,D,0
-13.2891,133.0382,321.4,1.4,1.2,2014-06-24,0436,Aqua,MODIS,64,6.2,304.5,18.4,D,0
-13.1172,132.3441,325,1.5,1.2,2014-06-24,0436,Aqua,MODIS,74,6.2,308.6,23.9,D,0
-13.5779,131.6733,318.7,1.7,1.3,2014-06-24,0436,Aqua,MODIS,65,6.2,305,15.5,D,0
-13.4439,134.4004,334.6,1.2,1.1,2014-06-24,0436,Aqua,MODIS,85,6.2,302.7,34.4,D,0
-13.1154,132.358,330.3,1.5,1.2,2014-06-24,0436,Aqua,MODIS,81,6.2,308.5,36.4,D,0
-13.1181,132.3493,335.3,1.5,1.2,2014-06-24,0436,Aqua,MODIS,85,6.2,309.5,48.8,D,0
-13.1164,132.3633,322.7,1.5,1.2,2014-06-24,0436,Aqua,MODIS,69,6.2,307.7,19.5,D,0
-13.4425,134.411,353.9,1.2,1.1,2014-06-24,0436,Aqua,MODIS,97,6.2,306.2,77.6,D,0
-13.4603,134.4243,355.6,1.2,1.1,2014-06-24,0436,Aqua,MODIS,98,6.2,307.5,79,D,0
-13.4847,132.2488,323.9,1.6,1.2,2014-06-24,0436,Aqua,MODIS,58,6.2,309.2,20.5,D,0
-13.485,132.2432,325.5,1.6,1.2,2014-06-24,0436,Aqua,MODIS,69,6.2,309.4,23.9,D,0
-13.6171,131.547,322.2,1.8,1.3,2014-06-24,0436,Aqua,MODIS,60,6.2,305,22.7,D,0
-13.6093,131.5129,342,1.8,1.3,2014-06-24,0436,Aqua,MODIS,90,6.2,306.6,85.6,D,0
-13.3111,133.0864,342.5,1.4,1.2,2014-06-24,0436,Aqua,MODIS,91,6.2,307.3,60.9,D,0
-12.7091,132.1501,339.9,1.6,1.2,2014-06-24,0436,Aqua,MODIS,89,6.2,303.2,69.6,D,0
-12.7109,132.1358,339.4,1.6,1.2,2014-06-24,0436,Aqua,MODIS,89,6.2,302.3,68.2,D,0
-13.7609,132.9354,324.9,1.4,1.2,2014-06-24,0436,Aqua,MODIS,35,6.2,309.3,19.8,D,0
-12.3036,132.8748,318.9,1.4,1.2,2014-06-24,0436,Aqua,MODIS,57,6.2,305.1,14.3,D,0
-13.7627,132.9223,321,1.4,1.2,2014-06-24,0436,Aqua,MODIS,20,6.2,307.1,13.5,D,0
-13.6865,131.9172,318.7,1.7,1.3,2014-06-24,0436,Aqua,MODIS,65,6.2,308.4,15.9,D,0
-13.779,130.8648,325.9,2,1.4,2014-06-24,0436,Aqua,MODIS,77,6.2,301.2,43,D,0
-13.5624,131.45,320.7,1.8,1.3,2014-06-24,0436,Aqua,MODIS,32,6.2,301.9,18.9,D,0
-13.705,134.1357,327.3,1.2,1.1,2014-06-24,0436,Aqua,MODIS,35,6.2,304.3,18,D,0
-13.7036,134.1288,329.1,1.2,1.1,2014-06-24,0436,Aqua,MODIS,65,6.2,305,23.1,D,0
-13.6938,134.1275,358.9,1.2,1.1,2014-06-24,0436,Aqua,MODIS,99,6.2,305.8,97,D,0
-13.6953,134.1164,344.5,1.2,1.1,2014-06-24,0436,Aqua,MODIS,92,6.2,304.3,55.2,D,0
-13.7452,132.9731,344,1.4,1.2,2014-06-24,0436,Aqua,MODIS,91,6.2,308.9,63.1,D,0
-13.388,132.2818,322.5,1.6,1.2,2014-06-24,0436,Aqua,MODIS,58,6.2,308.9,15.9,D,0
-12.3261,134.9229,323.2,1.1,1,2014-06-24,0436,Aqua,MODIS,74,6.2,304.1,14.9,D,0
-13.2641,132.1866,327.7,1.6,1.2,2014-06-24,0436,Aqua,MODIS,75,6.2,308.2,25.8,D,0
-12.9796,131.7287,328.2,1.7,1.3,2014-06-24,0436,Aqua,MODIS,79,6.2,307.2,33,D,0
-13.449,131.0932,315.6,1.9,1.4,2014-06-24,0436,Aqua,MODIS,38,6.2,301.2,12.3,D,0
-13.3297,133.0241,319.2,1.4,1.2,2014-06-24,0436,Aqua,MODIS,57,6.2,304.7,12.6,D,0
-12.3168,134.9216,326,1.1,1,2014-06-24,0436,Aqua,MODIS,77,6.2,304.2,17.9,D,0
-15.0399,131.0898,320.7,2,1.4,2014-06-24,0436,Aqua,MODIS,68,6.2,307.1,26.5,D,0
-14.0856,127.097,317.6,4,1.9,2014-06-24,0436,Aqua,MODIS,49,6.2,295.4,61.4,D,0
-14.0816,127.1341,316.9,3.9,1.8,2014-06-24,0436,Aqua,MODIS,45,6.2,297.7,52.3,D,0
-14.0983,127.1355,326,3.9,1.8,2014-06-24,0436,Aqua,MODIS,64,6.2,298.8,116.3,D,0
-14.0899,127.1027,322.1,4,1.9,2014-06-24,0436,Aqua,MODIS,52,6.2,296.8,88.9,D,0
-14.0862,127.1396,328.8,3.9,1.8,2014-06-24,0436,Aqua,MODIS,79,6.2,298.1,138.1,D,0
-15.2839,127.4275,316.1,3.9,1.8,2014-06-24,0436,Aqua,MODIS,56,6.2,303.3,47.9,D,0
-15.2788,127.4231,316.7,3.9,1.8,2014-06-24,0436,Aqua,MODIS,59,6.2,304.1,52,D,0
-13.7815,132.6933,325.7,1.5,1.2,2014-06-24,0436,Aqua,MODIS,76,6.2,309,20.5,D,0
-13.7173,132.7675,322.2,1.5,1.2,2014-06-24,0436,Aqua,MODIS,71,6.2,306.6,14.9,D,0
-13.719,132.754,334.8,1.5,1.2,2014-06-24,0436,Aqua,MODIS,85,6.2,308.3,41.9,D,0
-14.539,130.0353,319.5,2.4,1.5,2014-06-24,0436,Aqua,MODIS,30,6.2,300.2,31.5,D,0
-14.5416,130.0128,316.3,2.4,1.5,2014-06-24,0436,Aqua,MODIS,8,6.2,300.3,22,D,0
-13.9544,127.0007,363.2,4,1.9,2014-06-24,0436,Aqua,MODIS,100,6.2,302.4,646.2,D,0
-13.9376,126.9988,325,4,1.9,2014-06-24,0436,Aqua,MODIS,51,6.2,297.5,116.1,D,0
-13.9463,127.0326,334.3,4,1.9,2014-06-24,0436,Aqua,MODIS,77,6.2,299.7,194.8,D,0
-13.9505,126.9952,357.8,4,1.9,2014-06-24,0436,Aqua,MODIS,99,6.2,301.3,545.9,D,0
-14.5397,130.146,318.4,2.3,1.5,2014-06-24,0436,Aqua,MODIS,51,6.2,298.1,29.5,D,0
-13.9436,130.4587,335.6,2.2,1.4,2014-06-24,0436,Aqua,MODIS,86,6.2,304.9,82.9,D,0
-13.092,130.191,318.6,2.2,1.4,2014-06-24,0436,Aqua,MODIS,50,6.2,304,26.6,D,0
-14.4813,130.1833,317.7,2.3,1.5,2014-06-24,0436,Aqua,MODIS,46,6.2,300.2,26.5,D,0
-12.4044,132.4711,316.5,1.5,1.2,2014-06-24,0436,Aqua,MODIS,48,6.2,302.7,12.6,D,0
-14.5674,130.1104,327.7,2.4,1.5,2014-06-24,0436,Aqua,MODIS,79,6.2,300.1,64.1,D,0
-14.5539,130.1091,320.6,2.4,1.5,2014-06-24,0436,Aqua,MODIS,33,6.2,300.6,34.9,D,0
-14.5558,130.1242,327.5,2.4,1.5,2014-06-24,0436,Aqua,MODIS,79,6.2,300.4,61.2,D,0
-14.5584,130.1025,328.8,2.4,1.5,2014-06-24,0436,Aqua,MODIS,80,6.2,301.6,67.3,D,0
-12.3793,132.7483,341.6,1.4,1.2,2014-06-24,0436,Aqua,MODIS,90,6.2,308.2,61.2,D,0
-12.381,132.7355,328.5,1.4,1.2,2014-06-24,0436,Aqua,MODIS,80,6.2,309.7,30,D,0
-12.3567,133.0019,321.6,1.4,1.2,2014-06-24,0436,Aqua,MODIS,59,6.2,305.3,16.7,D,0
-12.3671,133.0034,320.5,1.4,1.2,2014-06-24,0436,Aqua,MODIS,51,6.2,306.7,15.2,D,0
-13.976,127.01,328.8,4,1.9,2014-06-24,0436,Aqua,MODIS,61,6.2,302.4,136.9,D,0
-13.9584,126.9626,359.6,4.1,1.9,2014-06-24,0436,Aqua,MODIS,94,6.2,301.3,568.1,D,0
-13.9547,126.9572,345,4.1,1.9,2014-06-24,0436,Aqua,MODIS,93,6.2,299.9,331.6,D,0
-14.099,127.1783,321.7,3.9,1.8,2014-06-24,0436,Aqua,MODIS,59,6.2,299.2,86.1,D,0
-14.0824,127.1764,330,3.9,1.8,2014-06-24,0436,Aqua,MODIS,70,6.2,299.1,142.2,D,0
-14.0942,127.1727,339.1,3.9,1.8,2014-06-24,0436,Aqua,MODIS,89,6.2,299.7,243.9,D,0
-12.0788,133.8588,334,1.2,1.1,2014-06-24,0436,Aqua,MODIS,82,6.2,309.3,26.3,D,0
-14.6639,134.7341,314.9,1.1,1.1,2014-06-24,0436,Aqua,MODIS,47,6.2,303.2,6.6,D,0
-12.6494,134.0263,319.3,1.2,1.1,2014-06-24,0436,Aqua,MODIS,68,6.2,302.2,11.8,D,0
-14.7066,134.7074,326.8,1.2,1.1,2014-06-24,0436,Aqua,MODIS,77,6.2,303.5,18.7,D,0
-12.1004,133.6253,328.6,1.2,1.1,2014-06-24,0436,Aqua,MODIS,33,6.2,308.2,20,D,0
-12.9727,133.8087,332.5,1.2,1.1,2014-06-24,0436,Aqua,MODIS,82,6.2,305.1,29.7,D,0
-12.1757,134.4225,314.1,1.1,1.1,2014-06-24,0436,Aqua,MODIS,45,6.2,302.8,6.5,D,0
-12.9911,133.8226,336.6,1.2,1.1,2014-06-24,0436,Aqua,MODIS,87,6.2,306.2,38.6,D,0
-14.7234,134.6554,317.5,1.2,1.1,2014-06-24,0436,Aqua,MODIS,46,6.2,304.4,7,D,0
-13.2736,133.8459,322.5,1.2,1.1,2014-06-24,0436,Aqua,MODIS,46,6.2,306.9,14.2,D,0
-12.576,131.5818,328.5,1.7,1.3,2014-06-24,0436,Aqua,MODIS,77,6.2,305.3,41.4,D,0
-14.7038,134.7287,321.2,1.1,1.1,2014-06-24,0436,Aqua,MODIS,69,6.2,305.6,12.2,D,0
-12.5496,135.3679,317.8,1,1,2014-06-24,0436,Aqua,MODIS,66,6.2,301.9,9.5,D,0
-13.4397,134.4322,366,1.2,1.1,2014-06-24,0436,Aqua,MODIS,100,6.2,309.8,114.1,D,0
-14.7052,134.7181,337.8,1.2,1.1,2014-06-24,0436,Aqua,MODIS,87,6.2,306.5,37.8,D,0
-12.161,133.56,319.4,1.2,1.1,2014-06-24,0436,Aqua,MODIS,67,6.2,307.2,11.6,D,0
-11.951,133.8353,329.5,1.2,1.1,2014-06-24,0436,Aqua,MODIS,81,6.2,307.1,24.1,D,0
-12.5636,131.5712,336.6,1.7,1.3,2014-06-24,0436,Aqua,MODIS,87,6.2,302.6,66.1,D,0
-12.5758,132.8909,323.6,1.4,1.2,2014-06-24,0436,Aqua,MODIS,73,6.2,307.7,19.3,D,0
-12.3064,133.6084,318.6,1.2,1.1,2014-06-24,0436,Aqua,MODIS,40,6.2,307.4,8.6,D,0
-14.7331,134.6567,319.7,1.2,1.1,2014-06-24,0436,Aqua,MODIS,59,6.2,303.1,9.4,D,0
-12.7078,134.0347,327.3,1.2,1.1,2014-06-24,0436,Aqua,MODIS,79,6.2,303,22.4,D,0
-12.5986,134.0127,329,1.2,1.1,2014-06-24,0436,Aqua,MODIS,81,6.2,303.1,23.6,D,0
-13.4411,134.4216,332.1,1.2,1.1,2014-06-24,0436,Aqua,MODIS,75,6.2,303.7,27,D,0
-12.1743,134.4327,325.2,1.1,1.1,2014-06-24,0436,Aqua,MODIS,76,6.2,303.4,19.5,D,0
-12.4212,142.061,313.8,1.8,1.3,2014-06-24,0436,Aqua,MODIS,51,6.2,290.5,19.2,D,0
-12.8075,133.8983,316.2,1.2,1.1,2014-06-24,0436,Aqua,MODIS,59,6.2,301.6,9.2,D,0
-11.4939,133.4414,316.5,1.2,1.1,2014-06-24,0436,Aqua,MODIS,47,6.2,304.8,8.8,D,0
-12.4506,142.1401,317.3,1.8,1.3,2014-06-24,0436,Aqua,MODIS,35,6.2,286.9,31.8,D,0
-13.1884,133.6411,344.6,1.3,1.1,2014-06-24,0436,Aqua,MODIS,92,6.2,307.5,56.8,D,0
-12.1002,133.8685,328.5,1.2,1.1,2014-06-24,0436,Aqua,MODIS,78,6.2,311.1,18.6,D,0
-12.4692,133.0864,316.9,1.3,1.1,2014-06-24,0436,Aqua,MODIS,55,6.2,306.3,8.3,D,0
-12.4282,132.9167,328.1,1.4,1.2,2014-06-24,0436,Aqua,MODIS,80,6.2,305.6,27.3,D,0
-12.5225,135.3095,320.1,1,1,2014-06-24,0436,Aqua,MODIS,55,6.2,303.8,10.5,D,0
-14.697,134.7061,325.1,1.2,1.1,2014-06-24,0436,Aqua,MODIS,75,6.2,302.9,16.8,D,0
-13.1051,133.8103,316.5,1.2,1.1,2014-06-24,0436,Aqua,MODIS,37,6.2,302.5,8.8,D,0
-12.83,133.2656,319.8,1.3,1.1,2014-06-24,0436,Aqua,MODIS,35,6.2,304.7,12.6,D,0
-12.9139,134.0262,323.4,1.2,1.1,2014-06-24,0436,Aqua,MODIS,55,6.2,302.4,14.6,D,0
-12.8799,133.9713,323,1.2,1.1,2014-06-24,0436,Aqua,MODIS,43,6.2,303.6,14.5,D,0
-13.19,133.6295,322.8,1.3,1.1,2014-06-24,0436,Aqua,MODIS,32,6.2,306.1,13.4,D,0
-13.2836,133.8473,349.2,1.2,1.1,2014-06-24,0436,Aqua,MODIS,94,6.2,308.8,68.2,D,0
-12.5509,135.3583,342.3,1,1,2014-06-24,0436,Aqua,MODIS,91,6.2,304.3,43.6,D,0
-12.6991,134.4811,320.2,1.1,1.1,2014-06-24,0436,Aqua,MODIS,69,6.2,305.8,10.2,D,0
-14.2498,133.4767,335.2,1.3,1.1,2014-06-24,0436,Aqua,MODIS,75,6.2,308,39.3,D,0
-13.1653,133.6616,338.4,1.3,1.1,2014-06-24,0436,Aqua,MODIS,87,6.2,307.8,40.3,D,0
-12.9744,130.8382,341.8,2,1.4,2014-06-24,0436,Aqua,MODIS,90,6.2,304.7,101.3,D,0
-12.6098,134.0032,322.6,1.2,1.1,2014-06-24,0436,Aqua,MODIS,62,6.2,303.3,14.5,D,0
-12.8451,131.4418,316.4,1.8,1.3,2014-06-24,0436,Aqua,MODIS,49,6.2,306,9.8,D,0
-12.0442,133.8205,338.4,1.2,1.1,2014-06-24,0436,Aqua,MODIS,67,6.2,309.4,35.6,D,0
-14.2411,133.4631,328.2,1.3,1.1,2014-06-24,0436,Aqua,MODIS,79,6.2,304.1,27,D,0
-13.1852,133.5096,319.7,1.3,1.1,2014-06-24,0436,Aqua,MODIS,66,6.2,306.3,12.6,D,0
-12.809,133.8873,328.2,1.2,1.1,2014-06-24,0436,Aqua,MODIS,80,6.2,303.9,24.9,D,0
-11.9495,133.8462,325,1.2,1.1,2014-06-24,0436,Aqua,MODIS,68,6.2,306,16.8,D,0
-14.4911,135.0157,316.3,1.1,1.1,2014-06-24,0436,Aqua,MODIS,50,6.2,300.5,7.8,D,0
-12.5751,131.5728,328.5,1.7,1.3,2014-06-24,0436,Aqua,MODIS,76,6.2,302.8,40.7,D,0
-12.9826,133.81,322.7,1.2,1.1,2014-06-24,0436,Aqua,MODIS,58,6.2,304.1,15,D,0
-12.2455,133.9826,329.5,1.2,1.1,2014-06-24,0436,Aqua,MODIS,80,6.2,306.9,24.2,D,0
-14.6193,134.6787,321.2,1.2,1.1,2014-06-24,0436,Aqua,MODIS,54,6.2,305.2,11.5,D,0
-13.4258,134.4626,320.3,1.1,1.1,2014-06-24,0436,Aqua,MODIS,33,6.2,304.8,9.8,D,0
-12.3565,133.3883,320,1.3,1.1,2014-06-24,0436,Aqua,MODIS,66,6.2,306.8,12.6,D,0
-12.7063,134.0453,317.7,1.2,1.1,2014-06-24,0436,Aqua,MODIS,61,6.2,303.3,9,D,0
-12.5264,134.0191,329.3,1.2,1.1,2014-06-24,0436,Aqua,MODIS,81,6.2,303.7,24.8,D,0
-12.4291,142.0507,318.3,1.8,1.3,2014-06-24,0436,Aqua,MODIS,63,6.2,290.3,27.5,D,0
-12.0602,133.9225,327.6,1.2,1.1,2014-06-24,0436,Aqua,MODIS,63,6.2,308.9,18.2,D,0
-12.7957,134.0816,318.5,1.2,1.1,2014-06-24,0436,Aqua,MODIS,57,6.2,303.8,8.7,D,0
-14.5273,134.3043,340.5,1.2,1.1,2014-06-24,0436,Aqua,MODIS,89,6.2,303.2,46.3,D,0
-12.8418,133.2549,327.2,1.3,1.1,2014-06-24,0436,Aqua,MODIS,38,6.2,303.9,22.5,D,0
-12.9222,134.0383,318.6,1.2,1.1,2014-06-24,0436,Aqua,MODIS,28,6.2,302.2,8.5,D,0
-12.8007,133.8748,327.3,1.2,1.1,2014-06-24,0436,Aqua,MODIS,68,6.2,304.1,21.6,D,0
-12.843,131.4581,316.7,1.8,1.3,2014-06-24,0436,Aqua,MODIS,53,6.2,305.6,10.3,D,0
-12.9642,130.8184,331,2,1.4,2014-06-24,0436,Aqua,MODIS,82,6.2,299,58.6,D,0
-13.1553,133.6603,328.2,1.3,1.1,2014-06-24,0436,Aqua,MODIS,65,6.2,304.8,22.9,D,0
-14.2562,133.4831,328.1,1.3,1.1,2014-06-24,0436,Aqua,MODIS,45,6.2,308,23.3,D,0
-12.5732,131.5884,341.5,1.7,1.3,2014-06-24,0436,Aqua,MODIS,90,6.2,305.7,83.1,D,0
-12.5259,131.6068,320,1.7,1.3,2014-06-24,0436,Aqua,MODIS,50,6.2,302.5,24,D,0
-12.5394,131.5928,325.7,1.7,1.3,2014-06-24,0436,Aqua,MODIS,52,6.2,303.8,34.1,D,0
-12.4103,131.1707,324.9,1.8,1.3,2014-06-24,0436,Aqua,MODIS,77,6.2,302.6,39.9,D,0
-12.8433,133.2428,339.5,1.3,1.1,2014-06-24,0436,Aqua,MODIS,88,6.2,304,48.2,D,0
-12.4718,131.5946,329,1.7,1.3,2014-06-24,0436,Aqua,MODIS,81,6.2,300.6,48.3,D,0
-12.7089,134.0402,327.3,1.2,1.1,2014-06-24,0436,Aqua,MODIS,77,6.2,303.8,20.3,D,0
-12.5841,133.2873,315.5,1.3,1.1,2014-06-24,0436,Aqua,MODIS,54,6.2,303.7,9,D,0
-13.0204,134.2895,317.1,1.2,1.1,2014-06-24,0436,Aqua,MODIS,63,6.2,301.9,9.8,D,0
-12.0564,134.1246,320.1,1.2,1.1,2014-06-24,0436,Aqua,MODIS,39,6.2,302.8,11.6,D,0
-12.0705,133.8465,337.5,1.2,1.1,2014-06-24,0436,Aqua,MODIS,87,6.2,309.4,32.1,D,0
-12.4658,134.1743,322.9,1.2,1.1,2014-06-24,0436,Aqua,MODIS,73,6.2,305.2,15.3,D,0
-12.6084,134.0141,330.7,1.2,1.1,2014-06-24,0436,Aqua,MODIS,82,6.2,304.2,26.2,D,0
-13.3221,134.163,316.4,1.2,1.1,2014-06-24,0436,Aqua,MODIS,51,6.2,304.3,7.9,D,0
-13.3367,134.1493,317.6,1.2,1.1,2014-06-24,0436,Aqua,MODIS,29,6.2,304.7,7.7,D,0
-12.6286,133.5624,339.1,1.3,1.1,2014-06-24,0436,Aqua,MODIS,88,6.2,304.2,46.8,D,0
-12.7992,133.8859,336.6,1.2,1.1,2014-06-24,0436,Aqua,MODIS,87,6.2,303.8,38.6,D,0
-12.5146,135.2986,345.6,1,1,2014-06-24,0436,Aqua,MODIS,93,6.2,305.6,48.4,D,0
-12.9945,130.8776,332,2,1.4,2014-06-24,0436,Aqua,MODIS,81,6.2,304.5,56.3,D,0
-14.5006,135.0171,315.3,1.1,1.1,2014-06-24,0436,Aqua,MODIS,23,6.2,301.4,7.1,D,0
-12.1089,133.6378,328.1,1.2,1.1,2014-06-24,0436,Aqua,MODIS,55,6.2,309.9,19.1,D,0
-12.6485,133.2525,320.3,1.3,1.1,2014-06-24,0436,Aqua,MODIS,41,6.2,303.5,13.1,D,0
-14.5174,134.3029,322.5,1.2,1.1,2014-06-24,0436,Aqua,MODIS,65,6.2,301,14.9,D,0
-12.4644,134.1849,322,1.2,1.1,2014-06-24,0436,Aqua,MODIS,72,6.2,306.1,14.3,D,0
-12.7334,134.1538,339.4,1.2,1.1,2014-06-24,0436,Aqua,MODIS,89,6.2,304.4,42,D,0
-12.9722,130.8563,322.6,2,1.4,2014-06-24,0436,Aqua,MODIS,45,6.2,304.9,26.4,D,0
-12.072,133.8356,345.9,1.2,1.1,2014-06-24,0436,Aqua,MODIS,93,6.2,309.8,53.2,D,0
-12.4703,131.5836,312.5,1.7,1.3,2014-06-24,0436,Aqua,MODIS,42,6.2,298.7,12.4,D,0
-12.5823,133.456,324.9,1.3,1.1,2014-06-24,0436,Aqua,MODIS,76,6.2,302.8,20.8,D,0
-12.6162,133.28,323.6,1.3,1.1,2014-06-24,0436,Aqua,MODIS,73,6.2,304.4,18.4,D,0
-14.6111,134.6665,352.8,1.2,1.1,2014-06-24,0436,Aqua,MODIS,96,6.2,307.4,72.7,D,0
-12.3692,131.4947,317.4,1.7,1.3,2014-06-24,0436,Aqua,MODIS,56,6.2,298.3,22.7,D,0
-12.0623,133.8342,336.5,1.2,1.1,2014-06-24,0436,Aqua,MODIS,76,6.2,307.2,32.3,D,0
-13.0387,134.0055,315.9,1.2,1.1,2014-06-24,0436,Aqua,MODIS,44,6.2,304,5.6,D,0
-13.0625,133.8273,321.3,1.2,1.1,2014-06-24,0436,Aqua,MODIS,15,6.2,304.2,13.6,D,0
-13.2944,133.843,319.2,1.2,1.1,2014-06-24,0436,Aqua,MODIS,56,6.2,305.2,10.8,D,0
-12.7349,134.143,321.4,1.2,1.1,2014-06-24,0436,Aqua,MODIS,59,6.2,303.5,12.5,D,0
-12.7431,134.1551,320.1,1.2,1.1,2014-06-24,0436,Aqua,MODIS,36,6.2,305.2,10.9,D,0
-12.9811,133.8212,324.2,1.2,1.1,2014-06-24,0436,Aqua,MODIS,66,6.2,305.3,16.8,D,0
-12.8552,133.232,322.4,1.3,1.1,2014-06-24,0436,Aqua,MODIS,21,6.2,303.5,15.6,D,0
-12.7005,134.4708,320.7,1.1,1.1,2014-06-24,0436,Aqua,MODIS,70,6.2,305,11.1,D,0
-12.7536,134.0025,322.5,1.2,1.1,2014-06-24,0436,Aqua,MODIS,73,6.2,304.7,15.7,D,0
-13.4154,133.6198,320.5,1.3,1.1,2014-06-24,0436,Aqua,MODIS,17,6.2,302.2,13,D,0
-12.4684,131.5992,326.5,1.7,1.3,2014-06-24,0436,Aqua,MODIS,78,6.2,300.1,40.7,D,0
-13.4064,133.612,320.3,1.3,1.1,2014-06-24,0436,Aqua,MODIS,42,6.2,300.9,13.3,D,0
-13.6484,134.4631,318.2,1.2,1.1,2014-06-24,0436,Aqua,MODIS,63,6.2,307.3,7.1,D,0
-12.4239,142.0444,310.3,1.8,1.3,2014-06-24,0436,Aqua,MODIS,36,6.2,289.5,13.1,D,0
-12.6171,133.5724,327,1.3,1.1,2014-06-24,0436,Aqua,MODIS,39,6.2,302.4,22.8,D,0
-12.6167,133.3531,324.6,1.3,1.1,2014-06-24,0436,Aqua,MODIS,38,6.2,308.9,16.4,D,0
-12.7234,134.5161,320.4,1.1,1.1,2014-06-24,0436,Aqua,MODIS,64,6.2,307.2,11.2,D,0
-12.5617,131.5869,336.2,1.7,1.3,2014-06-24,0436,Aqua,MODIS,87,6.2,304.3,64.4,D,0
-12.0803,133.8479,329.9,1.2,1.1,2014-06-24,0436,Aqua,MODIS,65,6.2,309.2,19.9,D,0
-12.2794,134.339,316.4,1.1,1.1,2014-06-24,0436,Aqua,MODIS,58,6.2,303.7,7.6,D,0
-12.7263,134.4955,323.4,1.1,1.1,2014-06-24,0436,Aqua,MODIS,73,6.2,305.9,14.3,D,0
-12.1104,133.6266,325.1,1.2,1.1,2014-06-24,0436,Aqua,MODIS,43,6.2,307.2,15.1,D,0
-12.9621,130.8365,353,2,1.4,2014-06-24,0436,Aqua,MODIS,96,6.2,305.2,159.4,D,0
-12.278,134.3494,319.7,1.1,1.1,2014-06-24,0436,Aqua,MODIS,68,6.2,303.6,11.7,D,0
-12.5856,133.2753,316.4,1.3,1.1,2014-06-24,0436,Aqua,MODIS,59,6.2,304.4,10.5,D,0
-14.4708,135.0233,331.2,1.1,1.1,2014-06-24,0436,Aqua,MODIS,82,6.2,303,26.3,D,0
-12.5375,131.6083,321.1,1.7,1.3,2014-06-24,0436,Aqua,MODIS,45,6.2,302.6,24.9,D,0
-13.1762,133.7331,315.8,1.2,1.1,2014-06-24,0436,Aqua,MODIS,55,6.2,303.4,8.3,D,0
-12.5246,134.1227,326.3,1.2,1.1,2014-06-24,0436,Aqua,MODIS,78,6.2,305.1,17.8,D,0
-12.7659,134.0596,320,1.2,1.1,2014-06-24,0436,Aqua,MODIS,57,6.2,303.5,10.3,D,0
-12.7453,133.9902,317.8,1.2,1.1,2014-06-24,0436,Aqua,MODIS,42,6.2,302.2,10.1,D,0
-13.1736,133.5199,319.4,1.3,1.1,2014-06-24,0436,Aqua,MODIS,47,6.2,306,10.9,D,0
-12.9345,133.2496,326.5,1.3,1.1,2014-06-24,0436,Aqua,MODIS,63,6.2,305,23.5,D,0
-13.1046,133.8159,320.5,1.2,1.1,2014-06-24,0436,Aqua,MODIS,62,6.2,303.2,13.5,D,0
-13.2422,133.4691,324.6,1.3,1.1,2014-06-24,0436,Aqua,MODIS,57,6.2,301.2,19,D,0
-12.6645,131.1375,317.4,1.9,1.3,2014-06-24,0436,Aqua,MODIS,45,6.2,301.8,19.1,D,0
-12.8026,133.2567,334.5,1.3,1.1,2014-06-24,0436,Aqua,MODIS,85,6.2,307.5,35.9,D,0
-12.7439,134.0012,334.4,1.2,1.1,2014-06-24,0436,Aqua,MODIS,85,6.2,304.8,34.5,D,0
-11.9871,133.8626,324.9,1.2,1.1,2014-06-24,0436,Aqua,MODIS,56,6.2,310.1,12.9,D,0
-12.7821,133.2539,327.2,1.3,1.1,2014-06-24,0436,Aqua,MODIS,76,6.2,307.7,24,D,0
-12.4991,134.1463,317.5,1.2,1.1,2014-06-24,0436,Aqua,MODIS,63,6.2,306.8,8.2,D,0
-12.7103,134.0296,319.7,1.2,1.1,2014-06-24,0436,Aqua,MODIS,38,6.2,301.6,10.7,D,0
-12.5278,134.0083,325.6,1.2,1.1,2014-06-24,0436,Aqua,MODIS,77,6.2,303.6,19.3,D,0
-12.6666,131.1203,320.6,1.9,1.3,2014-06-24,0436,Aqua,MODIS,64,6.2,302.7,26.4,D,0
-12.5665,131.5647,318.4,1.7,1.3,2014-06-24,0436,Aqua,MODIS,35,6.2,300.8,19.2,D,0
-12.8962,133.2379,329.1,1.3,1.1,2014-06-24,0436,Aqua,MODIS,53,6.2,303,25.3,D,0
-13.3348,134.1426,316.7,1.2,1.1,2014-06-24,0436,Aqua,MODIS,39,6.2,304.6,7.9,D,0
-12.1186,134.4872,315.7,1.1,1.1,2014-06-24,0436,Aqua,MODIS,51,6.2,301.4,7.8,D,0
-12.0163,133.8054,344.9,1.2,1.1,2014-06-24,0436,Aqua,MODIS,92,6.2,311.9,52.3,D,0
-12.529,134.0139,325.2,1.2,1.1,2014-06-24,0436,Aqua,MODIS,76,6.2,304.1,18.8,D,0
-12.7673,134.0487,320.2,1.2,1.1,2014-06-24,0436,Aqua,MODIS,67,6.2,303.4,11.3,D,0
-12.6382,133.2515,324.6,1.3,1.1,2014-06-24,0436,Aqua,MODIS,68,6.2,305.4,19.7,D,0
-13.0907,133.8426,319,1.2,1.1,2014-06-24,0436,Aqua,MODIS,65,6.2,304.8,12,D,0
-12.6001,134.0018,320.1,1.2,1.1,2014-06-24,0436,Aqua,MODIS,62,6.2,302.3,11.3,D,0
-12.5645,131.5803,355,1.7,1.3,2014-06-24,0436,Aqua,MODIS,97,6.2,306.3,144.2,D,0
-13.0327,133.8234,328.7,1.2,1.1,2014-06-24,0436,Aqua,MODIS,80,6.2,304.9,25.7,D,0
-13.2851,133.8359,328.9,1.2,1.1,2014-06-24,0436,Aqua,MODIS,75,6.2,306,23.5,D,0
-12.3181,131.0853,314,1.8,1.3,2014-06-24,0436,Aqua,MODIS,16,6.2,301.7,13.6,D,0
-14.6097,134.6772,324.4,1.2,1.1,2014-06-24,0436,Aqua,MODIS,74,6.2,306.7,15.1,D,0
-14.6015,134.6651,326,1.2,1.1,2014-06-24,0436,Aqua,MODIS,74,6.2,304.5,16.5,D,0
-12.8315,133.2536,332.3,1.3,1.1,2014-06-24,0436,Aqua,MODIS,83,6.2,305.3,33.7,D,0
-13.2845,133.8416,358.4,1.2,1.1,2014-06-24,0436,Aqua,MODIS,99,6.2,308.6,98.1,D,0
-13.2752,133.8345,325.7,1.2,1.1,2014-06-24,0436,Aqua,MODIS,76,6.2,305.3,19.8,D,0
-12.0427,133.8314,339.4,1.2,1.1,2014-06-24,0436,Aqua,MODIS,79,6.2,313.5,35.5,D,0
-13.2706,133.8685,322.5,1.2,1.1,2014-06-24,0436,Aqua,MODIS,52,6.2,306.2,15.1,D,0
-12.7805,133.2659,331.6,1.3,1.1,2014-06-24,0436,Aqua,MODIS,82,6.2,307.8,32.5,D,0
-13.283,133.853,335.6,1.2,1.1,2014-06-24,0436,Aqua,MODIS,85,6.2,307.6,35.3,D,0
-13.242,133.4633,324.4,1.3,1.1,2014-06-24,0436,Aqua,MODIS,56,6.2,301.2,18.3,D,0
-12.6039,134.0466,315,1.2,1.1,2014-06-24,0436,Aqua,MODIS,32,6.2,301.3,6.1,D,0
-12.1096,134.9028,320.1,1.1,1,2014-06-24,0436,Aqua,MODIS,51,6.2,304.6,8.7,D,0
-12.0177,133.7944,334.2,1.2,1.1,2014-06-24,0436,Aqua,MODIS,82,6.2,306.7,30.6,D,0
-14.1957,129.62,328.4,2.5,1.5,2014-06-24,0436,Aqua,MODIS,79,6.2,303.4,78,D,0
-14.1701,130.4169,322,2.2,1.4,2014-06-24,0436,Aqua,MODIS,57,6.2,306.2,27.7,D,0
-14.412,129.5616,331.3,2.6,1.5,2014-06-24,0436,Aqua,MODIS,82,6.2,302.3,98.3,D,0
-14.4259,129.5632,313.1,2.6,1.5,2014-06-24,0436,Aqua,MODIS,36,6.2,301.3,23.6,D,0
-14.1248,130.5749,319.4,2.1,1.4,2014-06-24,0436,Aqua,MODIS,52,6.2,303.6,24.6,D,0
-14.3784,130.31,319.3,2.3,1.5,2014-06-24,0436,Aqua,MODIS,62,6.2,300.9,33,D,0
-14.1874,129.6379,313.9,2.5,1.5,2014-06-24,0436,Aqua,MODIS,44,6.2,300.8,24.3,D,0
-13.9331,130.437,358.1,2.2,1.4,2014-06-24,0436,Aqua,MODIS,99,6.2,306.5,221.9,D,0
-14.0608,130.5663,326.5,2.1,1.4,2014-06-24,0436,Aqua,MODIS,77,6.2,306.7,38.1,D,0
-14.048,130.5647,336.4,2.1,1.4,2014-06-24,0436,Aqua,MODIS,86,6.2,305.6,77.8,D,0
-14.0619,130.5616,322.5,2.1,1.4,2014-06-24,0436,Aqua,MODIS,60,6.2,307.3,25.3,D,0
-14.0491,130.56,337.5,2.1,1.4,2014-06-24,0436,Aqua,MODIS,87,6.2,306.4,81.8,D,0
-13.9307,130.4572,344.5,2.2,1.4,2014-06-24,0436,Aqua,MODIS,92,6.2,306.8,128.1,D,0
-14.3914,130.2974,325.4,2.3,1.5,2014-06-24,0436,Aqua,MODIS,76,6.2,302.8,52,D,0
-14.0235,130.5568,323,2.1,1.4,2014-06-24,0436,Aqua,MODIS,52,6.2,304.9,29.6,D,0
-14.2454,129.4316,321.2,2.6,1.6,2014-06-24,0436,Aqua,MODIS,53,6.2,302.7,50.1,D,0
-14.2731,129.4914,321.7,2.6,1.6,2014-06-24,0436,Aqua,MODIS,71,6.2,300.5,52.2,D,0
-13.9412,130.4789,320.6,2.2,1.4,2014-06-24,0436,Aqua,MODIS,23,6.2,302.3,25.2,D,0
-13.9541,130.4805,328.5,2.2,1.4,2014-06-24,0436,Aqua,MODIS,63,6.2,303.9,51,D,0
-14.2818,129.4853,322.3,2.6,1.6,2014-06-24,0436,Aqua,MODIS,72,6.2,300.2,56.2,D,0
-14.1903,129.6144,327,2.5,1.5,2014-06-24,0436,Aqua,MODIS,78,6.2,303.6,73.6,D,0
-14.1819,129.6183,321.5,2.5,1.5,2014-06-24,0436,Aqua,MODIS,70,6.2,301.8,50.4,D,0
-14.389,130.3184,326.6,2.3,1.5,2014-06-24,0436,Aqua,MODIS,78,6.2,301.4,58.9,D,0
-11.6916,130.3618,346.6,2.1,1.4,2014-06-24,0437,Aqua,MODIS,94,6.2,297.8,136.6,D,0
-11.6892,130.3806,334.8,2,1.4,2014-06-24,0437,Aqua,MODIS,38,6.2,296.9,73.7,D,0
-11.7017,130.3821,346.3,2,1.4,2014-06-24,0437,Aqua,MODIS,93,6.2,297.6,133.3,D,0
-11.7368,130.5228,314.5,2,1.4,2014-06-24,0437,Aqua,MODIS,64,6.2,296.8,22.7,D,0
-11.6235,130.5027,312.8,2,1.4,2014-06-24,0437,Aqua,MODIS,0,6.2,297.1,15.9,D,0
-11.6814,130.3413,335.9,2.1,1.4,2014-06-24,0437,Aqua,MODIS,80,6.2,296.1,86.7,D,0
-11.6982,130.4243,343.9,2,1.4,2014-06-24,0437,Aqua,MODIS,80,6.2,297.7,125.2,D,0
-11.6971,130.419,335.1,2,1.4,2014-06-24,0437,Aqua,MODIS,29,6.2,297.3,74.6,D,0
-11.6823,130.4356,354.1,2,1.4,2014-06-24,0437,Aqua,MODIS,73,6.2,299.2,180.9,D,0
-11.6846,130.4174,335.8,2,1.4,2014-06-24,0437,Aqua,MODIS,46,6.2,297,79.3,D,0
-11.6698,130.4344,365.4,2,1.4,2014-06-24,0437,Aqua,MODIS,94,6.2,301.9,264.1,D,0
-11.6721,130.416,363.3,2,1.4,2014-06-24,0437,Aqua,MODIS,100,6.2,301.5,244.4,D,0
-11.6573,130.4327,333.3,2,1.4,2014-06-24,0437,Aqua,MODIS,66,6.2,298.8,71.7,D,0
-11.6449,130.431,323.8,2,1.4,2014-06-24,0437,Aqua,MODIS,77,6.2,298.3,43.6,D,0
-11.6471,130.4127,348.9,2,1.4,2014-06-24,0437,Aqua,MODIS,95,6.2,300.4,151.9,D,0
-11.6347,130.4109,334.3,2,1.4,2014-06-24,0437,Aqua,MODIS,86,6.2,300.3,79.4,D,0
-11.7002,130.4939,321.3,2,1.4,2014-06-24,0437,Aqua,MODIS,71,6.2,296.9,41.1,D,0
-11.6978,130.5122,312.4,2,1.4,2014-06-24,0437,Aqua,MODIS,51,6.2,295.6,19.2,D,0
-11.7019,130.4993,324,2,1.4,2014-06-24,0437,Aqua,MODIS,68,6.2,297,47,D,0
-11.679,130.3602,369.6,2.1,1.4,2014-06-24,0437,Aqua,MODIS,100,6.2,301.2,311.6,D,0
-11.6665,130.3584,351.3,2.1,1.4,2014-06-24,0437,Aqua,MODIS,96,6.2,298.3,166.7,D,0
-11.6517,130.3754,343.9,2,1.4,2014-06-24,0437,Aqua,MODIS,75,6.2,297.6,116,D,0
-11.654,130.3566,358.7,2.1,1.4,2014-06-24,0437,Aqua,MODIS,99,6.2,298.4,213.6,D,0
-11.6369,130.3924,341.3,2,1.4,2014-06-24,0437,Aqua,MODIS,76,6.2,298.4,105.3,D,0
-11.6392,130.3737,343.5,2,1.4,2014-06-24,0437,Aqua,MODIS,92,6.2,297.7,120.6,D,0
-11.635,130.3855,344.1,2,1.4,2014-06-24,0437,Aqua,MODIS,84,6.2,298.5,118.5,D,0
-11.6374,130.3667,336.5,2,1.4,2014-06-24,0437,Aqua,MODIS,84,6.2,297.2,88,D,0
-11.6249,130.3651,321.9,2,1.4,2014-06-24,0437,Aqua,MODIS,73,6.2,294.9,40.8,D,0
-11.7255,130.4088,343.4,2,1.4,2014-06-24,0437,Aqua,MODIS,87,6.2,299.3,124,D,0
-11.5417,130.317,313.3,2.1,1.4,2014-06-24,0437,Aqua,MODIS,61,6.2,296.7,21.6,D,0
-11.7232,130.4273,333,2,1.4,2014-06-24,0437,Aqua,MODIS,65,6.2,297.5,78.3,D,0
-11.7041,130.3633,339.9,2.1,1.4,2014-06-24,0437,Aqua,MODIS,90,6.2,296.6,104.3,D,0
-11.7152,130.3888,330.3,2,1.4,2014-06-24,0437,Aqua,MODIS,84,6.2,296.6,67.8,D,0
-11.7143,130.3836,331.3,2,1.4,2014-06-24,0437,Aqua,MODIS,84,6.2,296.4,71.6,D,0
-11.7107,130.4259,348.1,2,1.4,2014-06-24,0437,Aqua,MODIS,89,6.2,298.8,148.8,D,0
-11.7129,130.4074,335,2,1.4,2014-06-24,0437,Aqua,MODIS,87,6.2,297.9,82.2,D,0
-11.6267,130.3721,336.1,2,1.4,2014-06-24,0437,Aqua,MODIS,88,6.2,296,89.9,D,0
-11.6289,130.3533,317.9,2.1,1.4,2014-06-24,0437,Aqua,MODIS,46,6.2,293.8,29.3,D,0
-11.541,130.3118,318.7,2.1,1.4,2014-06-24,0437,Aqua,MODIS,72,6.2,297,34.3,D,0
-11.7026,130.3873,328.5,2,1.4,2014-06-24,0437,Aqua,MODIS,82,6.2,296.6,59.8,D,0
-11.7049,130.3686,349.5,2.1,1.4,2014-06-24,0437,Aqua,MODIS,95,6.2,297.7,158.8,D,0
-11.7244,130.4035,331.5,2,1.4,2014-06-24,0437,Aqua,MODIS,56,6.2,298.7,65.5,D,0
-11.544,130.2978,317.9,2.1,1.4,2014-06-24,0437,Aqua,MODIS,70,6.2,296.2,32.6,D,0
-11.7095,130.4207,353,2,1.4,2014-06-24,0437,Aqua,MODIS,84,6.2,299.5,178.5,D,0
-11.722,130.422,338.3,2,1.4,2014-06-24,0437,Aqua,MODIS,83,6.2,298.5,94,D,0
-11.5435,130.2926,310.5,2.1,1.4,2014-06-24,0437,Aqua,MODIS,43,6.2,295.8,15.1,D,0
-11.7174,130.3703,315.1,2.1,1.4,2014-06-24,0437,Aqua,MODIS,66,6.2,295.2,24,D,0
-11.7119,130.4021,324.3,2,1.4,2014-06-24,0437,Aqua,MODIS,69,6.2,297,43.6,D,0
-11.0702,132.5068,322.6,1.4,1.2,2014-06-24,0437,Aqua,MODIS,54,6.2,302.9,22.2,D,0
-11.5636,130.9908,310.3,1.8,1.3,2014-06-24,0437,Aqua,MODIS,49,6.2,297.6,12,D,0
-11.7067,130.6649,321.3,1.9,1.4,2014-06-24,0437,Aqua,MODIS,75,6.2,294.9,35.4,D,0
-11.7031,131.0821,312,1.8,1.3,2014-06-24,0437,Aqua,MODIS,57,6.2,297.9,16,D,0
-11.6748,130.6919,316.5,1.9,1.4,2014-06-24,0437,Aqua,MODIS,51,6.2,296.4,23.6,D,0
-11.4195,132.4737,319.6,1.4,1.2,2014-06-24,0437,Aqua,MODIS,73,6.2,301.9,16.5,D,0
-11.3978,132.3912,324.5,1.4,1.2,2014-06-24,0437,Aqua,MODIS,41,6.2,304,22.1,D,0
-11.4212,132.4607,327.2,1.4,1.2,2014-06-24,0437,Aqua,MODIS,81,6.2,301.7,29.6,D,0
-11.4084,132.3926,328.4,1.4,1.2,2014-06-24,0437,Aqua,MODIS,82,6.2,302.5,32.1,D,0
-11.3721,132.3814,321,1.4,1.2,2014-06-24,0437,Aqua,MODIS,35,6.2,304.1,16.4,D,0
-11.3995,132.378,326.7,1.4,1.2,2014-06-24,0437,Aqua,MODIS,67,6.2,301.8,25.8,D,0
-32.4838,116.045,303.8,1,1,2014-06-24,0609,Aqua,MODIS,57,6.2,287.1,7.3,D,0
-33.1285,118.6422,300,1.1,1,2014-06-24,0609,Aqua,MODIS,17,6.2,289.3,3.8,D,0
-31.5331,115.8114,310.2,1,1,2014-06-24,0610,Aqua,MODIS,27,6.2,289.4,8.7,D,0
-31.5436,115.8025,322.5,1,1,2014-06-24,0610,Aqua,MODIS,82,6.2,289.8,19.9,D,0
-31.5422,115.8131,316.1,1,1,2014-06-24,0610,Aqua,MODIS,76,6.2,289.9,13.8,D,0
-31.5346,115.8008,317.9,1,1,2014-06-24,0610,Aqua,MODIS,67,6.2,289.4,15,D,0
-22.79,123.2503,312.9,3.1,1.7,2014-06-24,0612,Aqua,MODIS,68,6.2,290.7,41.6,D,0
-22.7752,123.2468,312.4,3.1,1.7,2014-06-24,0612,Aqua,MODIS,47,6.2,290.3,38.3,D,0
-22.8048,123.2539,325.9,3.1,1.7,2014-06-24,0612,Aqua,MODIS,81,6.2,292.4,98.3,D,0
-22.784,123.2799,315.8,3.1,1.7,2014-06-24,0612,Aqua,MODIS,72,6.2,291.7,54.7,D,0
-22.7988,123.2834,351.1,3.1,1.7,2014-06-24,0612,Aqua,MODIS,96,6.2,293.9,307.8,D,0
-23.0218,123.5436,311.1,3.2,1.7,2014-06-24,0612,Aqua,MODIS,62,6.2,295.7,30.8,D,0
-22.9489,123.5904,310.2,3.2,1.7,2014-06-24,0612,Aqua,MODIS,61,6.2,294.1,31.3,D,0
-22.9534,123.5868,314.1,3.2,1.7,2014-06-24,0612,Aqua,MODIS,69,6.2,294.3,48.2,D,0
-22.964,123.5941,309.9,3.2,1.7,2014-06-24,0612,Aqua,MODIS,59,6.2,294.4,29.3,D,0
-21.0886,118.8583,340.6,1.6,1.3,2014-06-24,0612,Aqua,MODIS,92,6.2,295,79.9,D,0
-21.0882,118.8683,320.7,1.6,1.3,2014-06-24,0612,Aqua,MODIS,78,6.2,295,25.4,D,0
-21.0241,118.9034,314.3,1.6,1.3,2014-06-24,0612,Aqua,MODIS,39,6.2,295.3,13.3,D,0
-21.0155,118.8857,314.8,1.6,1.3,2014-06-24,0612,Aqua,MODIS,53,6.2,295,14.2,D,0
-21.0908,118.8529,333.5,1.6,1.3,2014-06-24,0612,Aqua,MODIS,88,6.2,295.3,55.9,D,0
-21.0913,118.8429,317.4,1.6,1.2,2014-06-24,0612,Aqua,MODIS,76,6.2,293.2,20.5,D,0
-21.0625,118.8154,329.5,1.6,1.2,2014-06-24,0612,Aqua,MODIS,85,6.2,295.2,44.6,D,0
-21.046,118.8439,315,1.6,1.3,2014-06-24,0612,Aqua,MODIS,72,6.2,294.8,14.5,D,0
-21.0348,118.8417,338,1.6,1.3,2014-06-24,0612,Aqua,MODIS,90,6.2,295.9,66.9,D,0
-21.0375,118.8263,334.7,1.6,1.2,2014-06-24,0612,Aqua,MODIS,88,6.2,295,56.7,D,0
-21.0236,118.8394,325.9,1.6,1.3,2014-06-24,0612,Aqua,MODIS,83,6.2,295.5,34.8,D,0
-21.0263,118.824,354.4,1.6,1.2,2014-06-24,0612,Aqua,MODIS,97,6.2,296.9,132,D,0
-21.0152,118.8218,362.8,1.6,1.2,2014-06-24,0612,Aqua,MODIS,100,6.2,297.1,179,D,0
-21.0178,118.8065,318.1,1.6,1.2,2014-06-24,0612,Aqua,MODIS,76,6.2,294.4,20.9,D,0
-20.0229,125.5078,356.6,1.7,1.3,2014-06-24,1400,Terra,MODIS,100,6.2,292.7,163.4,N,0
-20.0968,125.5555,325.5,1.6,1.3,2014-06-24,1400,Terra,MODIS,100,6.2,288.6,49.5,N,0
-20.0855,125.554,319,1.6,1.3,2014-06-24,1400,Terra,MODIS,98,6.2,288.6,36.2,N,0
-20.0627,125.551,329,1.6,1.3,2014-06-24,1400,Terra,MODIS,100,6.2,289,55.8,N,0
-20.0645,125.5351,329.1,1.6,1.3,2014-06-24,1400,Terra,MODIS,100,6.2,289.2,56.3,N,0
-20.0648,125.5454,338.2,1.6,1.3,2014-06-24,1400,Terra,MODIS,100,6.2,289.7,83.2,N,0
-20.0534,125.5439,327,1.6,1.3,2014-06-24,1400,Terra,MODIS,99,6.2,289.2,50.9,N,0
-20.0552,125.5281,339.3,1.6,1.3,2014-06-24,1400,Terra,MODIS,100,6.2,290.2,87.1,N,0
-20.0247,125.492,300.1,1.7,1.3,2014-06-24,1400,Terra,MODIS,11,6.2,288.7,8.8,N,0
-20.0741,125.5525,315.3,1.6,1.3,2014-06-24,1400,Terra,MODIS,78,6.2,288.7,28.3,N,0
-20.095,125.5713,310.7,1.6,1.3,2014-06-24,1400,Terra,MODIS,59,6.2,288.2,21.1,N,0
-20.0438,125.5266,328.6,1.6,1.3,2014-06-24,1400,Terra,MODIS,100,6.2,290,56.1,N,0
-20.0325,125.525,343,1.6,1.3,2014-06-24,1400,Terra,MODIS,100,6.2,291,101,N,0
-20.0343,125.5093,336.6,1.7,1.3,2014-06-24,1400,Terra,MODIS,100,6.2,291.1,79.2,N,0
-20.0211,125.5236,315,1.6,1.3,2014-06-24,1400,Terra,MODIS,90,6.2,288.9,28.2,N,0
-14.0242,130.5617,304.7,1,1,2014-06-24,1401,Terra,MODIS,49,6.2,289,7,N,0
-14.1402,130.3999,301.1,1,1,2014-06-24,1401,Terra,MODIS,38,6.2,288.8,5.2,N,0
-14.1388,130.4094,318.5,1,1,2014-06-24,1401,Terra,MODIS,97,6.2,290.4,18.3,N,0
-15.9558,128.5678,306.3,1,1,2014-06-24,1401,Terra,MODIS,66,6.2,294.5,5.9,N,0
-15.9622,128.5885,309.3,1,1,2014-06-24,1401,Terra,MODIS,77,6.2,294,7.5,N,0
-14.4673,130.1796,300.2,1,1,2014-06-24,1401,Terra,MODIS,2,6.2,287.4,4.5,N,0
-14.2082,130.4364,303.2,1,1,2014-06-24,1401,Terra,MODIS,54,6.2,289.4,5.5,N,0
-14.0503,130.5757,309.8,1,1,2014-06-24,1401,Terra,MODIS,78,6.2,289.2,10.6,N,0
-14.5566,131.7163,322.6,1.1,1.1,2014-06-24,1401,Terra,MODIS,100,6.2,289,26,N,0
-14.5522,131.72,314.9,1.1,1.1,2014-06-24,1401,Terra,MODIS,90,6.2,288,18.2,N,0
-14.5852,131.7863,309.8,1.2,1.1,2014-06-24,1401,Terra,MODIS,78,6.2,289.7,12.1,N,0
-14.5538,131.7095,303.4,1.1,1.1,2014-06-24,1401,Terra,MODIS,55,6.2,286.9,8.8,N,0
-14.567,132.4951,302.5,1.3,1.1,2014-06-24,1401,Terra,MODIS,50,6.2,288.3,9.7,N,0
-13.2812,133.3489,301,1.5,1.2,2014-06-24,1401,Terra,MODIS,20,6.2,290.1,8.5,N,0
-15.7202,129.2701,306.7,1,1,2014-06-24,1401,Terra,MODIS,69,6.2,293.3,6.5,N,0
-14.5813,131.9397,305.8,1.2,1.1,2014-06-24,1401,Terra,MODIS,28,6.2,287,9.7,N,0
-14.57,131.949,301.8,1.2,1.1,2014-06-24,1401,Terra,MODIS,5,6.2,287,7.2,N,0
-14.5717,131.9381,304.3,1.2,1.1,2014-06-24,1401,Terra,MODIS,24,6.2,288.1,8.8,N,0
-13.292,133.3506,304,1.5,1.2,2014-06-24,1401,Terra,MODIS,56,6.2,288.9,12.1,N,0
-13.2898,133.3446,310.1,1.5,1.2,2014-06-24,1401,Terra,MODIS,79,6.2,290.4,18.7,N,0
-13.4857,133.5675,301.7,1.5,1.2,2014-06-24,1401,Terra,MODIS,44,6.2,287.3,11.7,N,0
-15.6155,129.2951,315.3,1,1,2014-06-24,1401,Terra,MODIS,91,6.2,293.4,12.9,N,0
-15.6168,129.2858,305.1,1,1,2014-06-24,1401,Terra,MODIS,63,6.2,292.9,5.5,N,0
-12.62,133.7977,307.2,1.6,1.3,2014-06-24,1401,Terra,MODIS,69,6.2,292.4,14.3,N,0
-13.23,133.0995,305.3,1.4,1.2,2014-06-24,1401,Terra,MODIS,44,6.2,290,10.9,N,0
-13.2499,131.356,309.2,1.1,1.1,2014-06-24,1401,Terra,MODIS,77,6.2,293.2,10.5,N,0
-12.1988,133.7729,309.3,1.7,1.3,2014-06-24,1401,Terra,MODIS,77,6.2,293.6,17,N,0
-13.2278,133.1129,304.2,1.4,1.2,2014-06-24,1401,Terra,MODIS,30,6.2,291.3,9.7,N,0
-12.1989,133.7637,316,1.7,1.3,2014-06-24,1401,Terra,MODIS,92,6.2,293.6,26.6,N,0
-12.2899,133.7792,308.9,1.7,1.3,2014-06-24,1401,Terra,MODIS,51,6.2,292.8,14.7,N,0
-13.5534,131.4345,305.3,1.1,1.1,2014-06-24,1401,Terra,MODIS,36,6.2,292.6,7.5,N,0
-13.2349,133.1076,305.4,1.4,1.2,2014-06-24,1401,Terra,MODIS,47,6.2,290.2,10.8,N,0
-13.2242,133.106,306,1.4,1.2,2014-06-24,1401,Terra,MODIS,46,6.2,291.3,11.3,N,0
-13.6427,131.9247,301,1.2,1.1,2014-06-24,1401,Terra,MODIS,36,6.2,284.5,8.3,N,0
-13.5519,131.4449,309,1.1,1.1,2014-06-24,1401,Terra,MODIS,76,6.2,292.6,10.2,N,0
-12.2012,133.7577,308.4,1.7,1.3,2014-06-24,1401,Terra,MODIS,74,6.2,293.5,15.7,N,0
-13.0461,131.8745,306.8,1.2,1.1,2014-06-24,1401,Terra,MODIS,69,6.2,290.7,10.2,N,0
-13.0363,131.8728,313.4,1.2,1.1,2014-06-24,1401,Terra,MODIS,87,6.2,291.9,16.1,N,0
-13.6057,131.5023,304.2,1.1,1.1,2014-06-24,1401,Terra,MODIS,59,6.2,291.4,7.8,N,0
-13.1523,132.3161,308,1.3,1.1,2014-06-24,1401,Terra,MODIS,73,6.2,291.2,12.2,N,0
-12.2901,133.7693,307.6,1.7,1.3,2014-06-24,1401,Terra,MODIS,9,6.2,292.8,13,N,0
-14.5479,130.1313,306.8,1,1,2014-06-24,1401,Terra,MODIS,57,6.2,291.2,7.3,N,0
-13.9169,126.961,323.4,1.1,1.1,2014-06-24,1401,Terra,MODIS,100,6.2,290.6,26,N,0
-13.9155,126.9715,317.6,1.1,1.1,2014-06-24,1401,Terra,MODIS,94,6.2,291.7,19.7,N,0
-13.9141,126.9819,307.5,1.1,1.1,2014-06-24,1401,Terra,MODIS,54,6.2,292.1,10,N,0
-13.925,126.9728,317.2,1.1,1.1,2014-06-24,1401,Terra,MODIS,93,6.2,291.2,18.7,N,0
-13.9236,126.9833,324.7,1.1,1.1,2014-06-24,1401,Terra,MODIS,100,6.2,293.3,26.9,N,0
-15.3416,127.892,303.7,1.1,1,2014-06-24,1401,Terra,MODIS,13,6.2,292.9,4.7,N,0
-15.6931,130.4797,308.4,1,1,2014-06-24,1401,Terra,MODIS,74,6.2,290.1,8.3,N,0
-13.9208,127.0041,315.5,1.1,1.1,2014-06-24,1401,Terra,MODIS,88,6.2,292.8,15.8,N,0
-14.0782,127.1966,306.2,1.1,1.1,2014-06-24,1401,Terra,MODIS,53,6.2,290.3,7.9,N,0
-13.9311,127.1796,315.3,1.1,1,2014-06-24,1401,Terra,MODIS,88,6.2,293.4,15.6,N,0
-13.9127,126.9923,314.3,1.1,1.1,2014-06-24,1401,Terra,MODIS,85,6.2,291.5,15.5,N,0
-13.9222,126.9937,330.5,1.1,1.1,2014-06-24,1401,Terra,MODIS,100,6.2,294.3,34.7,N,0
-15.2519,130.0364,308.2,1,1,2014-06-24,1401,Terra,MODIS,74,6.2,293.5,7.7,N,0
-14.0796,127.1864,316.8,1.1,1.1,2014-06-24,1401,Terra,MODIS,94,6.2,291.2,17,N,0
-15.2533,130.0271,314.9,1,1,2014-06-24,1401,Terra,MODIS,90,6.2,294,12.8,N,0
-14.5331,130.0426,300.8,1,1,2014-06-24,1401,Terra,MODIS,32,6.2,290.2,4,N,0
-14.0702,127.185,301.6,1.1,1.1,2014-06-24,1401,Terra,MODIS,11,6.2,290.5,5.2,N,0
-15.3402,127.9018,304.4,1.1,1,2014-06-24,1401,Terra,MODIS,27,6.2,292.9,5.2,N,0
-14.5361,130.1484,313,1,1,2014-06-24,1401,Terra,MODIS,37,6.2,290.4,11.3,N,0
-12.853,133.2182,309.9,1.5,1.2,2014-06-24,1401,Terra,MODIS,78,6.2,293.3,15.2,N,0
-12.5218,135.3478,320,2.2,1.4,2014-06-24,1401,Terra,MODIS,100,6.2,290.9,56.2,N,0
-12.0431,133.8041,301.3,1.7,1.3,2014-06-24,1401,Terra,MODIS,33,6.2,290.8,9.1,N,0
-12.8089,131.0052,303.9,1.1,1.1,2014-06-24,1401,Terra,MODIS,57,6.2,290.6,8.1,N,0
-12.6709,130.9257,305.8,1.1,1,2014-06-24,1401,Terra,MODIS,11,6.2,288.4,8.2,N,0
-13.1946,133.6605,301.6,1.6,1.2,2014-06-24,1401,Terra,MODIS,42,6.2,288,11.5,N,0
-12.6615,130.9242,306.6,1.1,1,2014-06-24,1401,Terra,MODIS,27,6.2,288.1,9,N,0
-12.8312,133.2641,306.6,1.5,1.2,2014-06-24,1401,Terra,MODIS,16,6.2,292.9,10.6,N,0
-12.5101,135.3392,302,2.2,1.4,2014-06-24,1401,Terra,MODIS,41,6.2,290.4,14.5,N,0
-12.6694,130.9358,325.5,1.1,1,2014-06-24,1401,Terra,MODIS,100,6.2,289.4,27.7,N,0
-12.0546,133.806,302.5,1.7,1.3,2014-06-24,1401,Terra,MODIS,38,6.2,290.8,9.8,N,0
-12.8104,130.9951,306.3,1.1,1.1,2014-06-24,1401,Terra,MODIS,68,6.2,291.5,9.9,N,0
-12.509,135.3456,301,2.2,1.4,2014-06-24,1401,Terra,MODIS,36,6.2,290.5,13.7,N,0
-11.668,130.4378,301.3,1.1,1,2014-06-24,1402,Terra,MODIS,18,6.2,289.8,5.2,N,0
-15.526,142.6416,300.4,2.5,1.5,2014-06-24,1527,Aqua,MODIS,26,6.2,288.9,17.6,N,0
-12.8095,130.9926,308.9,1.7,1.3,2014-06-24,1704,Aqua,MODIS,76,6.2,292.2,22.7,N,0
-12.8116,131.0085,306,1.7,1.3,2014-06-24,1704,Aqua,MODIS,66,6.2,292.4,18.1,N,0
-14.0757,130.6151,303.5,1.7,1.3,2014-06-24,1705,Aqua,MODIS,26,6.2,291.8,11,N,0
-14.0718,130.6089,306.8,1.7,1.3,2014-06-24,1705,Aqua,MODIS,52,6.2,291.7,14.9,N,0
-14.1523,130.42,301.5,1.7,1.3,2014-06-24,1705,Aqua,MODIS,42,6.2,290.3,9.7,N,0
-14.1537,130.4253,304.1,1.7,1.3,2014-06-24,1705,Aqua,MODIS,58,6.2,290.8,12.5,N,0
-13.9318,130.4819,300.4,1.7,1.3,2014-06-24,1705,Aqua,MODIS,28,6.2,287.1,12.1,N,0
-13.5467,131.4471,304.5,1.9,1.4,2014-06-24,1705,Aqua,MODIS,60,6.2,291,18.5,N,0
-13.5549,131.4518,302.6,1.9,1.4,2014-06-24,1705,Aqua,MODIS,50,6.2,290,15.5,N,0
-14.231,126.7602,305.9,1,1,2014-06-24,1705,Aqua,MODIS,66,6.2,293.8,7.2,N,0
-14.5579,131.9748,307.7,2.2,1.4,2014-06-24,1705,Aqua,MODIS,55,6.2,285.5,29.8,N,0
-14.5684,131.9528,317.4,2.2,1.4,2014-06-24,1705,Aqua,MODIS,95,6.2,288.9,52.1,N,0
-14.5708,131.9731,308,2.2,1.4,2014-06-24,1705,Aqua,MODIS,53,6.2,286.4,29.9,N,0
-15.2463,130.0348,302.3,1.6,1.2,2014-06-24,1705,Aqua,MODIS,48,6.2,291.1,10.7,N,0
-15.3351,127.9019,302.7,1.2,1.1,2014-06-24,1705,Aqua,MODIS,40,6.2,291.3,6,N,0
-13.931,127.1756,305.6,1.1,1,2014-06-24,1705,Aqua,MODIS,34,6.2,292.7,7.3,N,0
-15.6784,130.4791,304.2,1.8,1.3,2014-06-24,1705,Aqua,MODIS,59,6.2,289.3,13.7,N,0
-15.6804,130.495,304.1,1.8,1.3,2014-06-24,1705,Aqua,MODIS,58,6.2,290,13.7,N,0
-15.6921,130.4936,303.2,1.8,1.3,2014-06-24,1705,Aqua,MODIS,41,6.2,288.6,12.5,N,0
-14.5408,130.1456,302.7,1.6,1.2,2014-06-24,1705,Aqua,MODIS,22,6.2,290.6,10.4,N,0
-18.2354,127.654,300,1.2,1.1,2014-06-24,1706,Aqua,MODIS,12,6.2,287.1,6.5,N,0
-20.0498,125.5395,304.7,1,1,2014-06-24,1707,Aqua,MODIS,11,6.2,287.1,6.8,N,0
-20.0773,125.5353,317.7,1,1,2014-06-24,1707,Aqua,MODIS,96,6.2,287.9,17.1,N,0
-20.0999,125.5623,305.5,1,1,2014-06-24,1707,Aqua,MODIS,65,6.2,286.9,8.8,N,0
-20.0337,125.4912,324.4,1,1,2014-06-24,1707,Aqua,MODIS,100,6.2,288.6,24.9,N,0
-20.0787,125.5452,334.5,1,1,2014-06-24,1707,Aqua,MODIS,100,6.2,289.4,37.8,N,0
-20.0879,125.5438,362.7,1,1,2014-06-24,1707,Aqua,MODIS,100,6.2,290.4,101.2,N,0
-20.0893,125.5537,375.5,1,1,2014-06-24,1707,Aqua,MODIS,100,6.2,293.4,146.2,N,0
-20.0442,125.4997,329.7,1,1,2014-06-24,1707,Aqua,MODIS,100,6.2,289,31.3,N,0
-20.0907,125.5637,319.9,1,1,2014-06-24,1707,Aqua,MODIS,99,6.2,287.8,19.6,N,0
-20.0921,125.5737,310.1,1,1,2014-06-24,1707,Aqua,MODIS,67,6.2,287.1,11.2,N,0
-20.0668,125.5267,311.4,1,1,2014-06-24,1707,Aqua,MODIS,31,6.2,287.5,11.3,N,0
-20.0429,125.4898,300.4,1,1,2014-06-24,1707,Aqua,MODIS,13,6.2,287.4,5.2,N,0
-22.8123,123.0211,303.7,1,1,2014-06-24,1707,Aqua,MODIS,57,6.2,281.9,9.2,N,0
-30.8603,121.4983,303.3,1,1,2014-06-24,1710,Aqua,MODIS,54,6.2,275.3,10.4,N,2
-34.0365,116.8015,308.8,1.3,1.1,2014-06-24,1711,Aqua,MODIS,76,6.2,280.8,16.9,N,0
-34.0346,116.7968,305.3,1.3,1.1,2014-06-24,1711,Aqua,MODIS,64,6.2,280.1,13.7,N,0
-13.4751,142.6022,310.2,1,1,2014-06-25,0051,Terra,MODIS,56,6.2,299.3,4.3,D,0
-12.7419,142.3789,321,1,1,2014-06-25,0051,Terra,MODIS,76,6.2,300.9,12.3,D,0
-12.4204,142.4461,316.1,1,1,2014-06-25,0051,Terra,MODIS,69,6.2,300.3,7.7,D,0
-12.4294,142.4447,342.1,1,1,2014-06-25,0051,Terra,MODIS,91,6.2,301.3,39.9,D,0
-12.4474,142.442,319.2,1,1,2014-06-25,0051,Terra,MODIS,56,6.2,299.8,10.3,D,0
-13.4846,142.6663,313.6,1,1,2014-06-25,0051,Terra,MODIS,44,6.2,299.6,5.3,D,0
-12.7433,142.388,312.2,1,1,2014-06-25,0051,Terra,MODIS,56,6.2,301.1,5,D,0
-12.0578,133.815,318.4,3.5,1.8,2014-06-25,0051,Terra,MODIS,40,6.2,298.4,61,D,0
-12.0644,133.8212,319.9,3.5,1.8,2014-06-25,0051,Terra,MODIS,77,6.2,297.9,74.9,D,0
-12.3017,133.7911,308.4,3.4,1.7,2014-06-25,0051,Terra,MODIS,37,6.2,296.9,24.3,D,0
-12.1106,132.7566,307.4,4.2,1.9,2014-06-25,0051,Terra,MODIS,14,6.2,297.4,34.3,D,0
-12.1081,132.7646,311.3,4.2,1.9,2014-06-25,0051,Terra,MODIS,56,6.2,297.5,51.7,D,0
-14.8734,141.6676,333.4,1,1,2014-06-25,0052,Terra,MODIS,86,6.2,295.4,25.8,D,0
-14.2309,133.4484,306.2,3.4,1.7,2014-06-25,0052,Terra,MODIS,48,6.2,296,21.6,D,0
-14.8524,141.6487,327,1,1,2014-06-25,0052,Terra,MODIS,54,6.2,295.1,14.6,D,0
-14.8628,141.6566,334.1,1,1,2014-06-25,0052,Terra,MODIS,86,6.2,296.3,23.7,D,0
-13.2186,133.1095,307.6,3.7,1.8,2014-06-25,0052,Terra,MODIS,55,6.2,297.3,30.1,D,0
-13.7165,134.1589,318.4,3,1.7,2014-06-25,0052,Terra,MODIS,66,6.2,296.8,58,D,0
-13.7173,134.1649,314.7,3,1.7,2014-06-25,0052,Terra,MODIS,38,6.2,296.5,41.3,D,0
-14.872,141.6582,371.5,1,1,2014-06-25,0052,Terra,MODIS,100,6.2,298.1,115.5,D,0
-14.8642,141.6659,324.5,1,1,2014-06-25,0052,Terra,MODIS,36,6.2,295,12.3,D,0
-14.7437,141.6621,316.1,1,1,2014-06-25,0052,Terra,MODIS,67,6.2,300.9,7.3,D,0
-15.4273,142.0444,321.6,1,1,2014-06-25,0052,Terra,MODIS,38,6.2,303.5,11.2,D,0
-15.5298,142.6163,330.9,1,1,2014-06-25,0052,Terra,MODIS,84,6.2,300,23.4,D,0
-15.9206,141.4635,365.2,1,1,2014-06-25,0052,Terra,MODIS,100,6.2,304.8,93.4,D,0
-13.1565,133.5348,314,3.5,1.8,2014-06-25,0052,Terra,MODIS,70,6.2,296.5,57.6,D,0
-15.4376,142.0523,327.5,1,1,2014-06-25,0052,Terra,MODIS,81,6.2,302.5,18.1,D,0
-13.1473,133.544,317.8,3.5,1.8,2014-06-25,0052,Terra,MODIS,75,6.2,296.1,74.6,D,0
-15.9802,136.3373,312.3,1.9,1.3,2014-06-25,0052,Terra,MODIS,65,6.2,297.3,17.4,D,0
-13.6246,134.0739,333.1,3.1,1.7,2014-06-25,0052,Terra,MODIS,87,6.2,296.8,150.9,D,0
-15.439,142.0615,322.1,1,1,2014-06-25,0052,Terra,MODIS,43,6.2,302.8,11.8,D,0
-15.5154,142.5804,311,1,1,2014-06-25,0052,Terra,MODIS,45,6.2,299.2,4.3,D,0
-15.4494,142.0694,354.5,1,1,2014-06-25,0052,Terra,MODIS,97,6.2,304.1,64.5,D,0
-15.5009,142.1686,340.7,1,1,2014-06-25,0052,Terra,MODIS,90,6.2,304.7,38.1,D,0
-13.6377,134.0645,328,3.1,1.7,2014-06-25,0052,Terra,MODIS,83,6.2,297.4,111.7,D,0
-15.5208,142.6176,341.7,1,1,2014-06-25,0052,Terra,MODIS,91,6.2,302.3,39.8,D,0
-13.6227,134.0672,331.1,3.1,1.7,2014-06-25,0052,Terra,MODIS,86,6.2,296.6,132.5,D,0
-15.4445,142.0986,318.5,1,1,2014-06-25,0052,Terra,MODIS,38,6.2,302,8,D,0
-14.5418,144.1311,316.6,1.1,1,2014-06-25,0052,Terra,MODIS,25,6.2,301.3,7.7,D,0
-15.4996,142.1594,342.2,1,1,2014-06-25,0052,Terra,MODIS,91,6.2,303,40.6,D,0
-15.5099,142.5433,328.2,1,1,2014-06-25,0052,Terra,MODIS,82,6.2,299.6,21.2,D,0
-15.4521,142.0879,348.3,1,1,2014-06-25,0052,Terra,MODIS,94,6.2,303.4,50,D,0
-14.4388,141.5947,313.2,1,1,2014-06-25,0052,Terra,MODIS,61,6.2,300.6,4.3,D,0
-15.5312,142.6256,316,1,1,2014-06-25,0052,Terra,MODIS,67,6.2,300.9,7.3,D,0
-15.9216,136.4603,310.6,1.8,1.3,2014-06-25,0052,Terra,MODIS,33,6.2,297,10.8,D,0
-15.4431,142.0893,320.3,1,1,2014-06-25,0052,Terra,MODIS,38,6.2,302.3,9.6,D,0
-15.5221,142.627,328.4,1,1,2014-06-25,0052,Terra,MODIS,82,6.2,302,20,D,0
-15.448,142.0602,346.8,1,1,2014-06-25,0052,Terra,MODIS,94,6.2,302.1,46.9,D,0
-15.9187,136.4433,318.3,1.8,1.3,2014-06-25,0052,Terra,MODIS,0,6.2,298.5,27.2,D,0
-15.4363,142.043,323.3,1,1,2014-06-25,0052,Terra,MODIS,62,6.2,301.7,13.4,D,0
-15.922,141.4728,323.6,1,1,2014-06-25,0052,Terra,MODIS,76,6.2,303.8,12.5,D,0
-14.5099,142.7533,314.3,1,1,2014-06-25,0052,Terra,MODIS,64,6.2,300.6,6.8,D,0
-15.9116,141.4649,337.5,1,1,2014-06-25,0052,Terra,MODIS,88,6.2,305.4,30.4,D,0
-15.514,142.5711,312.5,1,1,2014-06-25,0052,Terra,MODIS,59,6.2,298.6,5.7,D,0
-14.5511,144.1298,321,1.1,1,2014-06-25,0052,Terra,MODIS,72,6.2,300.5,12.7,D,0
-15.4404,142.0708,315.5,1,1,2014-06-25,0052,Terra,MODIS,28,6.2,302,6.1,D,0
-15.4535,142.0972,344.8,1,1,2014-06-25,0052,Terra,MODIS,93,6.2,305.1,43.2,D,0
-16.1498,144.1879,318,1.1,1.1,2014-06-25,0052,Terra,MODIS,62,6.2,298.6,12.5,D,0
-16.1513,144.1984,316,1.1,1.1,2014-06-25,0052,Terra,MODIS,58,6.2,298.9,10.4,D,0
-16.155,144.1914,318.1,1.1,1.1,2014-06-25,0052,Terra,MODIS,74,6.2,298.8,14.3,D,0
-12.623,133.7783,309.4,3.4,1.7,2014-06-25,0052,Terra,MODIS,61,6.2,296.4,33.5,D,0
-12.6285,133.8091,306.9,3.4,1.7,2014-06-25,0052,Terra,MODIS,51,6.2,296.4,23.4,D,0
-12.6173,133.7721,307.3,3.4,1.7,2014-06-25,0052,Terra,MODIS,53,6.2,296.4,25.1,D,0
-12.644,133.8062,307.8,3.4,1.7,2014-06-25,0052,Terra,MODIS,42,6.2,296.3,25,D,0
-12.623,133.8026,308.3,3.4,1.7,2014-06-25,0052,Terra,MODIS,59,6.2,296.7,28.5,D,0
-12.6386,133.8,310.7,3.4,1.7,2014-06-25,0052,Terra,MODIS,65,6.2,296.5,38.3,D,0
-17.6163,137.3256,310.5,1.5,1.2,2014-06-25,0053,Terra,MODIS,47,6.2,296.3,11,D,0
-17.6271,137.3237,312.5,1.5,1.2,2014-06-25,0053,Terra,MODIS,63,6.2,294.3,14.2,D,0
-17.9443,137.8557,306.9,1.4,1.2,2014-06-25,0053,Terra,MODIS,49,6.2,295.2,5.9,D,0
-17.6649,138.8402,312.2,1.2,1.1,2014-06-25,0053,Terra,MODIS,65,6.2,296.7,9.2,D,0
-25.7467,145.3252,307.6,1.7,1.3,2014-06-25,0055,Terra,MODIS,65,6.2,292.2,14,D,0
-27.1051,145.7661,304.3,1.9,1.4,2014-06-25,0055,Terra,MODIS,54,6.2,292,9.5,D,0
-27.8962,142.2181,307.7,1.2,1.1,2014-06-25,0055,Terra,MODIS,61,6.2,293.1,6.9,D,0
-27.8969,142.2121,308.1,1.2,1.1,2014-06-25,0055,Terra,MODIS,63,6.2,293.4,7.6,D,0
-29.1877,148.9109,303,3.4,1.7,2014-06-25,0055,Terra,MODIS,54,6.2,290.6,27.4,D,0
-31.8674,145.8658,302.4,2.2,1.5,2014-06-25,0056,Terra,MODIS,52,6.2,286.6,17.8,D,0
-34.6375,142.2007,300.7,1.4,1.2,2014-06-25,0057,Terra,MODIS,40,6.2,286.6,8.2,D,0
-34.6406,142.1945,302.9,1.4,1.2,2014-06-25,0057,Terra,MODIS,54,6.2,286.5,9.7,D,0
-14.9217,125.991,324,3,1.7,2014-06-25,0230,Terra,MODIS,78,6.2,297.9,81.2,D,0
-13.9845,127.0592,313.8,3.6,1.8,2014-06-25,0230,Terra,MODIS,46,6.2,298.8,31.3,D,0
-13.9171,127.0334,334.4,3.6,1.8,2014-06-25,0230,Terra,MODIS,63,6.2,299.4,150.8,D,0
-14.8713,126.0828,315,3.1,1.7,2014-06-25,0230,Terra,MODIS,53,6.2,296,37.8,D,0
-14.7435,126.0197,313.2,3,1.7,2014-06-25,0230,Terra,MODIS,60,6.2,297.6,25.7,D,0
-13.9048,127.0087,327.3,3.5,1.8,2014-06-25,0230,Terra,MODIS,33,6.2,298.1,106.1,D,0
-15.2865,127.4287,309.9,4,1.9,2014-06-25,0230,Terra,MODIS,45,6.2,295.5,31.3,D,0
-13.9386,126.9331,322.5,3.5,1.8,2014-06-25,0230,Terra,MODIS,49,6.2,298.3,79.1,D,0
-13.9137,127.001,328.5,3.5,1.8,2014-06-25,0230,Terra,MODIS,31,6.2,298,104.4,D,0
-14.8595,126.1138,317,3.1,1.7,2014-06-25,0230,Terra,MODIS,62,6.2,297.8,46.8,D,0
-15.0714,125.8492,314.6,3,1.6,2014-06-25,0230,Terra,MODIS,62,6.2,296.1,38.6,D,0
-15.0712,125.842,316.4,3,1.6,2014-06-25,0230,Terra,MODIS,68,6.2,296.1,47,D,0
-15.0682,125.8213,309.5,3,1.6,2014-06-25,0230,Terra,MODIS,39,6.2,295.8,21.5,D,0
-14.9207,125.9844,325.3,3,1.7,2014-06-25,0230,Terra,MODIS,79,6.2,297.8,87.6,D,0
-14.7446,126.0264,318.2,3,1.7,2014-06-25,0230,Terra,MODIS,70,6.2,298.1,44.1,D,0
-14.7466,126.0475,315.4,3.1,1.7,2014-06-25,0230,Terra,MODIS,66,6.2,299.1,34.3,D,0
-15.11,125.9227,311.7,3,1.7,2014-06-25,0230,Terra,MODIS,48,6.2,297.2,21.1,D,0
-15.6719,128.2176,318.5,4.6,2,2014-06-25,0231,Terra,MODIS,72,6.2,295.6,99.7,D,0
-17.3261,123.145,318.6,2,1.4,2014-06-25,0231,Terra,MODIS,67,6.2,297.6,26.1,D,0
-17.3137,123.1465,318,2,1.4,2014-06-25,0231,Terra,MODIS,69,6.2,298.4,25.3,D,0
-17.0954,123.079,316.1,2,1.4,2014-06-25,0231,Terra,MODIS,65,6.2,298.9,20.3,D,0
-15.6757,128.2553,315.9,4.6,2,2014-06-25,0231,Terra,MODIS,68,6.2,295.8,80.8,D,0
-15.6714,128.2101,315.6,4.6,2,2014-06-25,0231,Terra,MODIS,68,6.2,295.4,76.9,D,0
-15.6765,128.2625,313.3,4.6,2,2014-06-25,0231,Terra,MODIS,63,6.2,295.7,61.2,D,0
-20.1136,125.5595,325.8,3.3,1.7,2014-06-25,0232,Terra,MODIS,79,6.2,298.7,100,D,0
-20.0997,125.536,326.7,3.3,1.7,2014-06-25,0232,Terra,MODIS,80,6.2,299.6,97.3,D,0
-20.1106,125.5281,319,3.3,1.7,2014-06-25,0232,Terra,MODIS,71,6.2,298,57.6,D,0
-20.1184,125.5658,319,3.3,1.7,2014-06-25,0232,Terra,MODIS,53,6.2,298,55.5,D,0
-21.0189,118.835,311,1.2,1.1,2014-06-25,0232,Terra,MODIS,52,6.2,289.7,6.4,D,0
-20.8102,119.7303,317.3,1.3,1.1,2014-06-25,0232,Terra,MODIS,69,6.2,298.5,12.3,D,0
-20.8194,119.736,312.9,1.3,1.1,2014-06-25,0232,Terra,MODIS,35,6.2,297.8,6.8,D,0
-22.8282,121.9393,312.2,1.9,1.4,2014-06-25,0233,Terra,MODIS,61,6.2,298,19.8,D,0
-22.9051,123.1715,344.2,2.4,1.5,2014-06-25,0233,Terra,MODIS,93,6.2,298,168.2,D,0
-22.9003,123.1248,318.5,2.4,1.5,2014-06-25,0233,Terra,MODIS,75,6.2,296.5,46,D,0
-22.8302,121.9582,312.7,2,1.4,2014-06-25,0233,Terra,MODIS,63,6.2,295.2,21.5,D,0
-22.9075,123.1949,312,2.4,1.5,2014-06-25,0233,Terra,MODIS,67,6.2,296.4,26.9,D,0
-22.8405,121.938,312.6,1.9,1.4,2014-06-25,0233,Terra,MODIS,50,6.2,296.6,19.2,D,0
-22.7704,123.2228,327,2.4,1.5,2014-06-25,0233,Terra,MODIS,68,6.2,297.5,68.7,D,0
-22.7689,123.2638,327.1,2.4,1.5,2014-06-25,0233,Terra,MODIS,83,6.2,298.9,76.7,D,0
-22.7753,123.2699,321.3,2.4,1.5,2014-06-25,0233,Terra,MODIS,49,6.2,298.9,47,D,0
-22.7712,123.2876,312.3,2.4,1.5,2014-06-25,0233,Terra,MODIS,67,6.2,297.6,26.1,D,0
-22.7568,123.2244,312.1,2.4,1.5,2014-06-25,0233,Terra,MODIS,25,6.2,298.1,21.6,D,0
-22.7728,123.2463,367.5,2.4,1.5,2014-06-25,0233,Terra,MODIS,100,6.2,299.8,369.9,D,0
-22.7666,123.2402,375.2,2.4,1.5,2014-06-25,0233,Terra,MODIS,100,6.2,303.2,472.2,D,0
-22.7593,123.2479,324.4,2.4,1.5,2014-06-25,0233,Terra,MODIS,73,6.2,299.5,60.1,D,0
-32.4686,116.0359,303.7,1.1,1.1,2014-06-25,0235,Terra,MODIS,57,6.2,286.2,8.9,D,0
-32.4701,116.0481,300.9,1.1,1.1,2014-06-25,0235,Terra,MODIS,42,6.2,285.6,7,D,0
-32.5022,116.0678,300.1,1.1,1.1,2014-06-25,0235,Terra,MODIS,26,6.2,284.6,6.8,D,0
-30.8379,152.9836,309.6,1.1,1,2014-06-25,0335,Aqua,MODIS,69,6.2,292.9,9.9,D,0
-31.6661,151.1726,301.9,1.3,1.1,2014-06-25,0335,Aqua,MODIS,50,6.2,284.6,10.8,D,0
-31.1198,151.9503,311.3,1.2,1.1,2014-06-25,0335,Aqua,MODIS,71,6.2,291.5,15.6,D,0
-31.1183,151.9631,301.5,1.2,1.1,2014-06-25,0335,Aqua,MODIS,44,6.2,288.3,7,D,0
-31.8737,145.8824,300.3,2.9,1.6,2014-06-25,0335,Aqua,MODIS,33,6.2,289.4,14.7,D,0
-31.8761,145.8516,304.4,2.9,1.6,2014-06-25,0335,Aqua,MODIS,59,6.2,290.7,25.8,D,0
-34.4599,150.8745,303.2,1.5,1.2,2014-06-25,0335,Aqua,MODIS,48,6.2,291,9,D,0
-31.8755,145.8565,305.7,2.9,1.6,2014-06-25,0335,Aqua,MODIS,62,6.2,290.7,30.3,D,0
-28.3048,153.4175,321.7,1,1,2014-06-25,0336,Aqua,MODIS,81,6.2,294.8,17.6,D,0
-28.4755,152.0546,338.4,1.1,1,2014-06-25,0336,Aqua,MODIS,91,6.2,290.4,48.6,D,0
-28.4769,152.0432,315.1,1.1,1,2014-06-25,0336,Aqua,MODIS,75,6.2,289.2,16.1,D,0
-29.1897,148.909,330,1.7,1.3,2014-06-25,0336,Aqua,MODIS,86,6.2,295.8,56.3,D,0
-28.2808,152.2939,302.2,1.1,1,2014-06-25,0336,Aqua,MODIS,34,6.2,291.4,5.3,D,0
-28.3139,153.4191,311.9,1,1,2014-06-25,0336,Aqua,MODIS,42,6.2,294.5,8.4,D,0
-28.4301,152.5543,304.7,1.1,1,2014-06-25,0336,Aqua,MODIS,60,6.2,291.9,6.3,D,0
-29.3918,153.116,307.2,1,1,2014-06-25,0336,Aqua,MODIS,56,6.2,293.9,6.8,D,0
-27.8955,148.8011,311,1.6,1.3,2014-06-25,0336,Aqua,MODIS,67,6.2,296.1,15.5,D,0
-27.8937,148.8177,311.7,1.6,1.3,2014-06-25,0336,Aqua,MODIS,68,6.2,296.2,16.7,D,0
-28.6671,153.4534,305.5,1,1,2014-06-25,0336,Aqua,MODIS,61,6.2,291.8,6.4,D,0
-29.3811,152.545,308.6,1.1,1,2014-06-25,0336,Aqua,MODIS,67,6.2,294.2,8.5,D,0
-29.1994,148.9278,305.7,1.7,1.3,2014-06-25,0336,Aqua,MODIS,41,6.2,295.6,8.6,D,0
-27.8938,148.8077,319,1.6,1.3,2014-06-25,0336,Aqua,MODIS,77,6.2,296.4,27.8,D,0
-28.3034,153.4278,312.4,1,1,2014-06-25,0336,Aqua,MODIS,71,6.2,294.3,9.3,D,0
-28.6762,153.455,302.7,1,1,2014-06-25,0336,Aqua,MODIS,53,6.2,291.2,4.6,D,0
-30.1651,153.0853,302.8,1.1,1,2014-06-25,0336,Aqua,MODIS,47,6.2,291.9,4.9,D,0
-30.1679,153.0635,304.9,1.1,1,2014-06-25,0336,Aqua,MODIS,60,6.2,290.8,6.6,D,0
-29.4214,150.5304,307.9,1.3,1.1,2014-06-25,0336,Aqua,MODIS,66,6.2,293.2,11,D,0
-29.5996,151.9227,304.1,1.1,1.1,2014-06-25,0336,Aqua,MODIS,58,6.2,288.3,7.7,D,0
-27.8175,151.2221,306.8,1.2,1.1,2014-06-25,0336,Aqua,MODIS,62,6.2,295.3,6.9,D,0
-29.8646,149.1969,302.3,1.6,1.3,2014-06-25,0336,Aqua,MODIS,42,6.2,290.6,7.7,D,0
-28.7904,149.6677,306.2,1.5,1.2,2014-06-25,0336,Aqua,MODIS,58,6.2,295.9,8.2,D,0
-29.8628,149.2034,306.4,1.6,1.3,2014-06-25,0336,Aqua,MODIS,62,6.2,290.6,13.4,D,0
-29.5982,151.9347,325.1,1.1,1.1,2014-06-25,0336,Aqua,MODIS,83,6.2,289.3,29.1,D,0
-28.7887,149.6829,307.1,1.5,1.2,2014-06-25,0336,Aqua,MODIS,61,6.2,295.3,9.1,D,0
-26.5926,152.7871,301.3,1,1,2014-06-25,0337,Aqua,MODIS,37,6.2,287.4,5.2,D,0
-26.5082,151.6119,319.9,1.1,1,2014-06-25,0337,Aqua,MODIS,80,6.2,294.6,18.8,D,0
-26.5096,151.6008,311.4,1.1,1,2014-06-25,0337,Aqua,MODIS,71,6.2,292.5,10.6,D,0
-26.8032,150.1985,307.6,1.3,1.1,2014-06-25,0337,Aqua,MODIS,61,6.2,295.5,7.3,D,0
-25.7046,148.6588,314.1,1.6,1.2,2014-06-25,0337,Aqua,MODIS,72,6.2,296.2,19,D,0
-25.7064,148.6433,306.7,1.6,1.2,2014-06-25,0337,Aqua,MODIS,57,6.2,295.6,9,D,0
-19.545,146.1994,309.9,1.9,1.3,2014-06-25,0339,Aqua,MODIS,55,6.2,297.7,13.9,D,0
-18.1002,144.8409,313.2,2.3,1.5,2014-06-25,0339,Aqua,MODIS,63,6.2,296.8,29.5,D,0
-19.5484,146.2048,308.6,1.9,1.3,2014-06-25,0339,Aqua,MODIS,47,6.2,297.6,11.9,D,0
-13.9316,143.0333,338.1,2.8,1.6,2014-06-25,0340,Aqua,MODIS,68,6.2,299.5,142,D,0
-13.9078,142.7062,342.5,2.9,1.6,2014-06-25,0340,Aqua,MODIS,92,6.2,299.2,194.8,D,0
-15.4762,142.2819,322.5,3.3,1.7,2014-06-25,0340,Aqua,MODIS,39,6.2,298.7,80.7,D,0
-13.8998,142.9248,316.6,2.8,1.6,2014-06-25,0340,Aqua,MODIS,29,6.2,295,35.6,D,0
-15.5504,142.3212,320.4,3.3,1.7,2014-06-25,0340,Aqua,MODIS,50,6.2,295,69.8,D,0
-15.7548,142.3632,315.5,3.3,1.7,2014-06-25,0340,Aqua,MODIS,69,6.2,298.5,45.4,D,0
-13.8576,143.0195,322,2.8,1.6,2014-06-25,0340,Aqua,MODIS,58,6.2,298.1,59.1,D,0
-13.9723,142.8008,319.2,2.9,1.6,2014-06-25,0340,Aqua,MODIS,36,6.2,295,49.8,D,0
-13.9225,142.708,328.6,2.9,1.6,2014-06-25,0340,Aqua,MODIS,36,6.2,297.8,94.7,D,0
-13.9292,143.028,339.3,2.8,1.6,2014-06-25,0340,Aqua,MODIS,90,6.2,299.6,155.9,D,0
-15.505,142.1586,319.4,3.4,1.7,2014-06-25,0340,Aqua,MODIS,70,6.2,293.8,70.1,D,0
-13.5491,142.8016,320,2.8,1.6,2014-06-25,0340,Aqua,MODIS,38,6.2,298.3,48.5,D,0
-13.8981,142.9197,316.5,2.8,1.6,2014-06-25,0340,Aqua,MODIS,57,6.2,295,38.1,D,0
-13.9323,143.0024,322.2,2.8,1.6,2014-06-25,0340,Aqua,MODIS,34,6.2,297.2,54.3,D,0
-13.9109,142.679,329.8,2.9,1.6,2014-06-25,0340,Aqua,MODIS,47,6.2,296.7,100.8,D,0
-13.9488,143.0092,335.6,2.8,1.6,2014-06-25,0340,Aqua,MODIS,66,6.2,295.5,124.3,D,0
-13.4439,142.3977,313.8,3,1.7,2014-06-25,0340,Aqua,MODIS,56,6.2,293.3,40.4,D,0
-13.4453,142.3929,312.1,3,1.7,2014-06-25,0340,Aqua,MODIS,26,6.2,293.2,32.6,D,0
-16.1485,144.1821,329.7,2.4,1.5,2014-06-25,0340,Aqua,MODIS,84,6.2,299.7,87,D,0
-16.1547,144.1781,316,2.4,1.5,2014-06-25,0340,Aqua,MODIS,33,6.2,299.2,30,D,0
-16.1412,144.1765,317.8,2.4,1.5,2014-06-25,0340,Aqua,MODIS,51,6.2,298.2,36,D,0
-13.9217,142.843,315.8,2.9,1.6,2014-06-25,0340,Aqua,MODIS,42,6.2,292.9,38.1,D,0
-16.1461,144.2039,313.3,2.4,1.5,2014-06-25,0340,Aqua,MODIS,65,6.2,300,25.9,D,0
-16.1521,144.2,316.1,2.4,1.5,2014-06-25,0340,Aqua,MODIS,19,6.2,300.2,29.8,D,0
-13.5461,142.8277,323.3,2.8,1.6,2014-06-25,0340,Aqua,MODIS,58,6.2,298.8,64.3,D,0
-13.9632,143.011,323.6,2.8,1.6,2014-06-25,0340,Aqua,MODIS,31,6.2,296.4,66.9,D,0
-12.4175,142.4069,321.8,2.9,1.6,2014-06-25,0341,Aqua,MODIS,41,6.2,294.8,63.9,D,0
-12.428,142.4285,326.3,2.9,1.6,2014-06-25,0341,Aqua,MODIS,76,6.2,296.2,87.3,D,0
-12.4133,142.4267,332.9,2.9,1.6,2014-06-25,0341,Aqua,MODIS,85,6.2,297.6,131.9,D,0
-12.4145,142.4337,328.1,2.9,1.6,2014-06-25,0341,Aqua,MODIS,66,6.2,297.5,95.1,D,0
-12.3987,142.4249,311.6,2.9,1.6,2014-06-25,0341,Aqua,MODIS,30,6.2,291.8,29.2,D,0
-17.9356,137.8283,315.2,4.4,1.9,2014-06-25,0517,Aqua,MODIS,69,6.2,295.6,73.5,D,0
-17.9357,137.8235,313.5,4.4,1.9,2014-06-25,0517,Aqua,MODIS,66,6.2,295.7,61.9,D,0
-17.8037,137.36,307.8,4.1,1.9,2014-06-25,0517,Aqua,MODIS,46,6.2,295.5,29.7,D,0
-17.7915,137.3653,311.1,4.1,1.9,2014-06-25,0517,Aqua,MODIS,61,6.2,295.8,48.7,D,0
-19.8161,129.7625,313.8,1.1,1.1,2014-06-25,0517,Aqua,MODIS,47,6.2,302.8,6.1,D,0
-20.8833,130.4083,314.1,1.2,1.1,2014-06-25,0517,Aqua,MODIS,47,6.2,303.1,5.9,D,0
-21.023,118.8408,316.5,3.1,1.7,2014-06-25,0517,Aqua,MODIS,53,6.2,297.9,34.6,D,0
-21.0251,118.834,317.1,3.1,1.7,2014-06-25,0517,Aqua,MODIS,63,6.2,298.1,39.6,D,0
-22.7635,123.2233,335.4,1.6,1.2,2014-06-25,0517,Aqua,MODIS,86,6.2,305.4,54.6,D,0
-22.8591,123.2832,315.7,1.6,1.2,2014-06-25,0517,Aqua,MODIS,39,6.2,303.3,9.5,D,0
-20.0217,125.5131,324,1.1,1,2014-06-25,0517,Aqua,MODIS,68,6.2,307.8,11.1,D,0
-22.773,123.2403,321.4,1.6,1.2,2014-06-25,0517,Aqua,MODIS,41,6.2,305.6,20.5,D,0
-22.7732,123.2335,322.5,1.6,1.2,2014-06-25,0517,Aqua,MODIS,42,6.2,305.5,21.6,D,0
-22.762,123.232,332.2,1.6,1.2,2014-06-25,0517,Aqua,MODIS,84,6.2,305.7,44.6,D,0
-22.7638,123.2166,322.2,1.6,1.2,2014-06-25,0517,Aqua,MODIS,51,6.2,304.5,21.7,D,0
-20.1152,125.5765,328.4,1.1,1,2014-06-25,0517,Aqua,MODIS,76,6.2,306.9,18.1,D,0
-20.1166,125.566,320.7,1.1,1,2014-06-25,0517,Aqua,MODIS,18,6.2,307.9,7.6,D,0
-17.3208,123.1546,324.3,1.4,1.2,2014-06-25,0518,Aqua,MODIS,72,6.2,304.5,18.8,D,0
-17.3224,123.1418,326.5,1.4,1.2,2014-06-25,0518,Aqua,MODIS,76,6.2,305.2,23.1,D,0
-17.324,123.129,339.7,1.4,1.2,2014-06-25,0518,Aqua,MODIS,88,6.2,305.8,50.8,D,0
-16.9748,122.6895,323.9,1.4,1.2,2014-06-25,0518,Aqua,MODIS,67,6.2,303.7,20.9,D,0
-15.7858,128.2937,321.5,1.1,1,2014-06-25,0518,Aqua,MODIS,66,6.2,306.7,8.9,D,0
-15.9642,128.5836,319.6,1.1,1,2014-06-25,0518,Aqua,MODIS,35,6.2,303.3,8.3,D,0
-15.6774,128.2329,328,1.1,1,2014-06-25,0518,Aqua,MODIS,75,6.2,307.3,15.5,D,0
-15.6481,128.2383,338.3,1.1,1,2014-06-25,0518,Aqua,MODIS,87,6.2,309.2,29.9,D,0
-15.6496,128.2282,327.8,1.1,1,2014-06-25,0518,Aqua,MODIS,61,6.2,308.4,13.7,D,0
-15.6403,128.2267,357.1,1.1,1,2014-06-25,0518,Aqua,MODIS,98,6.2,307.2,72.9,D,0
-15.634,128.2053,340.4,1.1,1,2014-06-25,0518,Aqua,MODIS,89,6.2,305.5,35.5,D,0
-15.9563,128.5719,319.2,1.1,1,2014-06-25,0518,Aqua,MODIS,43,6.2,303.6,7.7,D,0
-15.6881,124.8851,322.3,1.1,1,2014-06-25,0518,Aqua,MODIS,61,6.2,304.2,9.7,D,0
-15.7249,125.007,318.3,1.1,1,2014-06-25,0518,Aqua,MODIS,55,6.2,304.4,6.3,D,0
-17.3256,123.1162,373.5,1.4,1.2,2014-06-25,0518,Aqua,MODIS,100,6.2,307.8,188.3,D,0
-17.1082,123.0813,319,1.4,1.2,2014-06-25,0518,Aqua,MODIS,44,6.2,302.7,11.1,D,0
-17.3151,123.1148,350.2,1.4,1.2,2014-06-25,0518,Aqua,MODIS,95,6.2,303.7,86,D,0
-15.6867,124.8949,329.1,1.1,1,2014-06-25,0518,Aqua,MODIS,79,6.2,303.8,18.5,D,0
-16.9731,122.703,323.8,1.4,1.2,2014-06-25,0518,Aqua,MODIS,68,6.2,303.9,20.4,D,0
-15.696,124.8963,325.6,1.1,1,2014-06-25,0518,Aqua,MODIS,75,6.2,305.6,14.1,D,0
-17.3312,123.156,333.7,1.4,1.2,2014-06-25,0518,Aqua,MODIS,83,6.2,303.9,36.4,D,0
-17.3328,123.1432,336.7,1.4,1.2,2014-06-25,0518,Aqua,MODIS,86,6.2,303.5,43.6,D,0
-17.3167,123.1019,322,1.4,1.2,2014-06-25,0518,Aqua,MODIS,69,6.2,301.8,17.5,D,0
-17.3271,123.1034,348.4,1.4,1.2,2014-06-25,0518,Aqua,MODIS,94,6.2,303.3,79.4,D,0
-15.7012,124.9027,322.7,1.1,1,2014-06-25,0518,Aqua,MODIS,30,6.2,305.5,10.7,D,0
-17.3344,123.1305,330.1,1.4,1.2,2014-06-25,0518,Aqua,MODIS,59,6.2,303.1,28.7,D,0
-16.4334,124.2969,316.4,1.1,1.1,2014-06-25,0518,Aqua,MODIS,41,6.2,302.3,8.4,D,0
-16.0474,136.6325,310,3.9,1.8,2014-06-25,0518,Aqua,MODIS,49,6.2,296.7,34.6,D,0
-14.6549,134.7148,315.4,3,1.7,2014-06-25,0518,Aqua,MODIS,62,6.2,301,36.6,D,0
-14.5041,134.2856,314.2,2.8,1.6,2014-06-25,0518,Aqua,MODIS,31,6.2,301,24.4,D,0
-16.3053,137.0497,322.5,4.2,1.9,2014-06-25,0518,Aqua,MODIS,64,6.2,296.4,114.7,D,0
-16.3029,136.0482,312.5,3.5,1.8,2014-06-25,0518,Aqua,MODIS,61,6.2,298.8,36.1,D,0
-16.0579,136.6264,310.4,3.9,1.8,2014-06-25,0518,Aqua,MODIS,52,6.2,297,37.6,D,0
-16.3071,137.0546,321.9,4.2,1.9,2014-06-25,0518,Aqua,MODIS,77,6.2,296.7,116.1,D,0
-14.5231,134.2626,316.2,2.8,1.6,2014-06-25,0518,Aqua,MODIS,56,6.2,302.1,30.6,D,0
-14.5184,134.2884,315.4,2.8,1.6,2014-06-25,0518,Aqua,MODIS,40,6.2,303.2,28.9,D,0
-16.2951,136.042,311.8,3.5,1.8,2014-06-25,0518,Aqua,MODIS,55,6.2,297.7,30.3,D,0
-15.9132,136.554,310.2,3.9,1.8,2014-06-25,0518,Aqua,MODIS,32,6.2,297.8,25,D,0
-14.5156,134.28,320.5,2.8,1.6,2014-06-25,0518,Aqua,MODIS,61,6.2,303,47.9,D,0
-15.0372,131.1727,319.3,1.6,1.2,2014-06-25,0518,Aqua,MODIS,36,6.2,302.8,14.1,D,0
-15.6806,130.4678,321.9,1.4,1.2,2014-06-25,0518,Aqua,MODIS,70,6.2,303,18.8,D,0
-15.3489,127.9021,325.6,1.1,1,2014-06-25,0518,Aqua,MODIS,74,6.2,304.1,14,D,0
-15.3044,127.8847,329.3,1.1,1,2014-06-25,0518,Aqua,MODIS,79,6.2,305.8,16.8,D,0
-15.6019,129.2796,316.9,1.2,1.1,2014-06-25,0518,Aqua,MODIS,41,6.2,303.5,7.1,D,0
-15.361,127.884,318.6,1.1,1,2014-06-25,0518,Aqua,MODIS,38,6.2,304.5,6.3,D,0
-15.2658,130.0525,318.6,1.3,1.1,2014-06-25,0518,Aqua,MODIS,48,6.2,305,8.7,D,0
-15.3059,127.8749,323.2,1.1,1,2014-06-25,0518,Aqua,MODIS,69,6.2,306.5,9.2,D,0
-15.3122,127.896,321.7,1.1,1,2014-06-25,0518,Aqua,MODIS,47,6.2,305.4,8.4,D,0
-14.6455,132.4401,317.1,2,1.4,2014-06-25,0518,Aqua,MODIS,63,6.2,305,19.2,D,0
-15.62,129.2994,332.2,1.2,1.1,2014-06-25,0518,Aqua,MODIS,82,6.2,305,27.1,D,0
-15.6102,129.2977,368.4,1.2,1.1,2014-06-25,0518,Aqua,MODIS,100,6.2,305.6,130.6,D,0
-15.6378,129.3136,317.6,1.2,1.1,2014-06-25,0518,Aqua,MODIS,41,6.2,302.4,8.2,D,0
-15.6083,129.3033,318.9,1.2,1.1,2014-06-25,0518,Aqua,MODIS,57,6.2,302.4,10,D,0
-15.612,129.2867,397.5,1.2,1.1,2014-06-25,0518,Aqua,MODIS,100,6.2,311.7,296.6,D,0
-15.61,129.2922,383,1.2,1.1,2014-06-25,0518,Aqua,MODIS,100,6.2,309.7,205.2,D,0
-15.6117,129.2812,358.2,1.2,1.1,2014-06-25,0518,Aqua,MODIS,99,6.2,308.6,93.4,D,0
-14.8377,126.036,321.5,1,1,2014-06-25,0519,Aqua,MODIS,57,6.2,306.4,8.8,D,0
-14.469,126.1063,318.8,1,1,2014-06-25,0519,Aqua,MODIS,48,6.2,303.8,6.8,D,0
-14.2376,126.7566,338.5,1,1,2014-06-25,0519,Aqua,MODIS,87,6.2,307.4,28.2,D,0
-14.9212,125.9701,337.1,1,1,2014-06-25,0519,Aqua,MODIS,86,6.2,307.1,26.7,D,0
-14.9199,125.9794,321.3,1,1,2014-06-25,0519,Aqua,MODIS,23,6.2,306.2,5.7,D,0
-14.9225,125.9608,323.4,1,1,2014-06-25,0519,Aqua,MODIS,39,6.2,304.9,9.7,D,0
-14.9498,125.8321,324.3,1,1,2014-06-25,0519,Aqua,MODIS,72,6.2,302.1,14.7,D,0
-14.2363,126.7658,340.4,1,1,2014-06-25,0519,Aqua,MODIS,88,6.2,307.4,31.8,D,0
-15.0745,125.8568,318.4,1,1,2014-06-25,0519,Aqua,MODIS,49,6.2,303,7.1,D,0
-15.0758,125.8474,320,1,1,2014-06-25,0519,Aqua,MODIS,52,6.2,302.6,8.6,D,0
-15.0771,125.8381,325.5,1,1,2014-06-25,0519,Aqua,MODIS,74,6.2,302.8,14.5,D,0
-15.0784,125.8288,328.7,1,1,2014-06-25,0519,Aqua,MODIS,78,6.2,304.1,19.1,D,0
-15.0797,125.8195,316.4,1,1,2014-06-25,0519,Aqua,MODIS,48,6.2,303.8,7,D,0
-14.9596,126.0233,323.1,1,1,2014-06-25,0519,Aqua,MODIS,38,6.2,302.5,9.9,D,0
-14.8211,126.024,324.2,1,1,2014-06-25,0519,Aqua,MODIS,53,6.2,306.4,10.4,D,0
-14.7735,126.0394,327.4,1,1,2014-06-25,0519,Aqua,MODIS,77,6.2,306.3,13.8,D,0
-14.7489,126.0829,318.8,1,1,2014-06-25,0519,Aqua,MODIS,59,6.2,304,5.5,D,0
-14.7478,126.026,322.3,1,1,2014-06-25,0519,Aqua,MODIS,26,6.2,305.9,8.4,D,0
-14.7298,126.0232,325,1,1,2014-06-25,0519,Aqua,MODIS,65,6.2,304.6,12.1,D,0
-12.8295,131.0947,321.4,1.7,1.3,2014-06-25,0519,Aqua,MODIS,62,6.2,306.8,21.4,D,0
-14.5891,131.7888,322,1.8,1.3,2014-06-25,0519,Aqua,MODIS,55,6.2,306.7,21,D,0
-12.7026,133.6191,318.7,2.7,1.6,2014-06-25,0519,Aqua,MODIS,68,6.2,299.6,41.3,D,0
-12.7051,133.6244,319,2.7,1.6,2014-06-25,0519,Aqua,MODIS,69,6.2,299.9,46.6,D,0
-14.9519,126.0127,326.3,1,1,2014-06-25,0519,Aqua,MODIS,52,6.2,304.3,12.1,D,0
-12.8261,131.1009,321.4,1.7,1.3,2014-06-25,0519,Aqua,MODIS,48,6.2,306,20.6,D,0
-12.1353,132.9155,318.2,2.5,1.5,2014-06-25,0519,Aqua,MODIS,68,6.2,301.2,34,D,0
-13.3046,133.353,318.4,2.5,1.5,2014-06-25,0519,Aqua,MODIS,68,6.2,303.3,32.9,D,0
-15.1229,125.9085,326.2,1,1,2014-06-25,0519,Aqua,MODIS,68,6.2,304.3,13.1,D,0
-11.2639,131.2183,335.8,1.9,1.3,2014-06-25,0519,Aqua,MODIS,66,6.2,299.9,76.9,D,0
-11.2519,131.2163,335.2,1.9,1.3,2014-06-25,0519,Aqua,MODIS,53,6.2,301.9,72.8,D,0
-11.2457,131.2273,312.9,1.9,1.3,2014-06-25,0519,Aqua,MODIS,23,6.2,300,16,D,0
-11.2484,131.2101,323,1.9,1.3,2014-06-25,0519,Aqua,MODIS,0,6.2,301,37,D,0
-11.4928,131.3229,328.7,1.9,1.4,2014-06-25,0519,Aqua,MODIS,79,6.2,301.8,52.4,D,0
-13.3085,133.3305,314.1,2.5,1.5,2014-06-25,0519,Aqua,MODIS,50,6.2,301.4,18.4,D,0
-11.4807,131.3207,331.1,1.9,1.4,2014-06-25,0519,Aqua,MODIS,84,6.2,301.9,60,D,0
-11.4594,131.2993,339.4,1.9,1.3,2014-06-25,0519,Aqua,MODIS,84,6.2,301.1,88.5,D,0
-12.1431,132.9245,330.3,2.5,1.5,2014-06-25,0519,Aqua,MODIS,83,6.2,302.1,79.3,D,0
-11.4572,131.0896,336.3,1.8,1.3,2014-06-25,0519,Aqua,MODIS,62,6.2,303.5,69.5,D,0
-11.4426,131.1039,332.3,1.8,1.3,2014-06-25,0519,Aqua,MODIS,54,6.2,302.5,56.9,D,0
-11.4499,131.1,337.3,1.8,1.3,2014-06-25,0519,Aqua,MODIS,69,6.2,303.1,73.9,D,0
-11.426,131.276,324.4,1.9,1.3,2014-06-25,0519,Aqua,MODIS,68,6.2,299.3,43,D,0
-11.42,131.2872,353.4,1.9,1.3,2014-06-25,0519,Aqua,MODIS,97,6.2,302.7,161.5,D,0
-11.4079,131.2852,338.8,1.9,1.3,2014-06-25,0519,Aqua,MODIS,84,6.2,300.6,87.1,D,0
-11.3958,131.2832,334.9,1.9,1.3,2014-06-25,0519,Aqua,MODIS,81,6.2,300.8,72.3,D,0
-11.3837,131.2811,328,1.9,1.3,2014-06-25,0519,Aqua,MODIS,69,6.2,300.6,50.3,D,0
-11.3504,131.2577,320.5,1.9,1.3,2014-06-25,0519,Aqua,MODIS,26,6.2,299.5,29.6,D,0
-11.3267,131.3251,324.7,1.9,1.4,2014-06-25,0519,Aqua,MODIS,15,6.2,302.1,39.8,D,0
-11.3296,131.3077,330.9,1.9,1.4,2014-06-25,0519,Aqua,MODIS,69,6.2,301.4,58.2,D,0
-11.3175,131.3057,331,1.9,1.4,2014-06-25,0519,Aqua,MODIS,57,6.2,300.4,57.5,D,0
-11.3223,131.3171,344.2,1.9,1.4,2014-06-25,0519,Aqua,MODIS,92,6.2,302.2,111.9,D,0
-11.4886,131.3832,320,1.9,1.4,2014-06-25,0519,Aqua,MODIS,73,6.2,299.4,32.1,D,0
-11.4937,131.3947,317.3,1.9,1.4,2014-06-25,0519,Aqua,MODIS,68,6.2,299.5,26.3,D,0
-11.4722,131.3729,332.2,1.9,1.4,2014-06-25,0519,Aqua,MODIS,78,6.2,301.2,64.5,D,0
-11.4751,131.3553,333.3,1.9,1.4,2014-06-25,0519,Aqua,MODIS,55,6.2,300.9,64,D,0
-11.463,131.3533,334,1.9,1.4,2014-06-25,0519,Aqua,MODIS,58,6.2,301.6,66.8,D,0
-11.4508,131.3513,338.5,1.9,1.4,2014-06-25,0519,Aqua,MODIS,87,6.2,301.9,85.7,D,0
-11.4023,131.3432,332.6,1.9,1.4,2014-06-25,0519,Aqua,MODIS,85,6.2,301.1,65.5,D,0
-11.4116,131.3396,340.4,1.9,1.4,2014-06-25,0519,Aqua,MODIS,89,6.2,302.1,93.2,D,0
-11.7373,130.9466,314.9,1.8,1.3,2014-06-25,0519,Aqua,MODIS,66,6.2,300.3,19.2,D,0
-11.4883,130.9757,313.7,1.8,1.3,2014-06-25,0519,Aqua,MODIS,60,6.2,302.3,16.8,D,0
-11.4232,131.2931,341.2,1.9,1.3,2014-06-25,0519,Aqua,MODIS,91,6.2,301.9,97.4,D,0
-11.3874,131.3353,337.9,1.9,1.4,2014-06-25,0519,Aqua,MODIS,82,6.2,301.5,84.7,D,0
-11.3752,131.3332,333.6,1.9,1.4,2014-06-25,0519,Aqua,MODIS,86,6.2,301.6,69.8,D,0
-11.3631,131.3312,323.1,1.9,1.4,2014-06-25,0519,Aqua,MODIS,49,6.2,300.7,36.7,D,0
-11.2852,131.2396,338.4,1.9,1.3,2014-06-25,0519,Aqua,MODIS,74,6.2,300.1,86.8,D,0
-11.4479,131.3688,321,1.9,1.4,2014-06-25,0519,Aqua,MODIS,50,6.2,300.6,32.3,D,0
-11.4387,131.3493,335.1,1.9,1.4,2014-06-25,0519,Aqua,MODIS,60,6.2,303.2,71.4,D,0
-11.4265,131.3473,353.3,1.9,1.4,2014-06-25,0519,Aqua,MODIS,97,6.2,303.9,162.6,D,0
-11.4144,131.3453,356.2,1.9,1.4,2014-06-25,0519,Aqua,MODIS,98,6.2,303.3,180.1,D,0
-11.4237,131.3416,342.8,1.9,1.4,2014-06-25,0519,Aqua,MODIS,91,6.2,303.7,103.4,D,0
-11.4473,131.2974,335.5,1.9,1.3,2014-06-25,0519,Aqua,MODIS,53,6.2,300.9,70.6,D,0
-11.4352,131.2952,343.1,1.9,1.3,2014-06-25,0519,Aqua,MODIS,82,6.2,302.5,104.6,D,0
-11.432,131.2894,332.2,1.9,1.3,2014-06-25,0519,Aqua,MODIS,72,6.2,302,61.4,D,0
-13.2949,133.3282,317.2,2.5,1.5,2014-06-25,0519,Aqua,MODIS,62,6.2,302.1,28.4,D,0
-11.4051,131.0752,321,1.8,1.3,2014-06-25,0519,Aqua,MODIS,29,6.2,300.5,29.8,D,0
-11.4928,131.0957,320.3,1.8,1.3,2014-06-25,0519,Aqua,MODIS,38,6.2,303.2,26.2,D,0
-12.6439,133.7915,313.5,2.8,1.6,2014-06-25,0519,Aqua,MODIS,54,6.2,299.5,28.5,D,0
-12.601,131.5614,343.2,1.9,1.3,2014-06-25,0519,Aqua,MODIS,91,6.2,303.6,103.5,D,0
-12.531,130.6616,321.7,1.6,1.3,2014-06-25,0519,Aqua,MODIS,66,6.2,303.7,21.6,D,0
-12.213,133.1726,313.6,2.6,1.5,2014-06-25,0519,Aqua,MODIS,41,6.2,301.1,18.9,D,0
-12.6102,131.5809,330.8,1.9,1.3,2014-06-25,0519,Aqua,MODIS,83,6.2,304.8,56.1,D,0
-12.8019,132.0023,329.3,2,1.4,2014-06-25,0519,Aqua,MODIS,81,6.2,306.9,53.6,D,0
-12.8143,132.0047,322.5,2,1.4,2014-06-25,0519,Aqua,MODIS,70,6.2,307.7,31,D,0
-12.9907,130.8018,327.2,1.6,1.3,2014-06-25,0519,Aqua,MODIS,72,6.2,306.3,32.1,D,0
-12.3612,133.382,325.7,2.7,1.6,2014-06-25,0519,Aqua,MODIS,78,6.2,301.3,65.8,D,0
-13.0142,134.8209,318.6,3.3,1.7,2014-06-25,0519,Aqua,MODIS,70,6.2,293.2,68.8,D,0
-12.9794,130.7999,331.1,1.6,1.3,2014-06-25,0519,Aqua,MODIS,82,6.2,306.1,42.1,D,0
-12.0647,133.7838,333.1,2.9,1.6,2014-06-25,0519,Aqua,MODIS,75,6.2,301.7,105.1,D,0
-12.9257,132.4333,317.4,2.2,1.4,2014-06-25,0519,Aqua,MODIS,62,6.2,304.3,23.6,D,0
-12.2424,131.0882,363,1.8,1.3,2014-06-25,0519,Aqua,MODIS,100,6.2,307.9,201.3,D,0
-12.0502,133.7811,329.6,2.9,1.6,2014-06-25,0519,Aqua,MODIS,43,6.2,302.9,81.6,D,0
-12.9921,130.864,325,1.7,1.3,2014-06-25,0519,Aqua,MODIS,67,6.2,308.3,24.2,D,0
-12.1373,133.8017,321.4,2.9,1.6,2014-06-25,0519,Aqua,MODIS,70,6.2,297.8,50.3,D,0
-12.8816,132.613,319.2,2.3,1.5,2014-06-25,0519,Aqua,MODIS,63,6.2,302.7,26.9,D,0
-12.6131,131.5635,322.1,1.9,1.3,2014-06-25,0519,Aqua,MODIS,74,6.2,303.5,29.4,D,0
-12.6597,133.88,314.7,2.9,1.6,2014-06-25,0519,Aqua,MODIS,31,6.2,299.5,30,D,0
-12.5322,135.1932,311.1,3.6,1.8,2014-06-25,0519,Aqua,MODIS,42,6.2,294.5,43.9,D,0
-13.1523,133.5387,314.6,2.6,1.6,2014-06-25,0519,Aqua,MODIS,60,6.2,300.9,26,D,0
-12.1968,133.7393,327,2.8,1.6,2014-06-25,0519,Aqua,MODIS,79,6.2,299.4,77.8,D,0
-12.8406,133.2554,312.9,2.5,1.5,2014-06-25,0519,Aqua,MODIS,16,6.2,300.6,16.8,D,0
-12.0292,133.797,326.4,2.9,1.6,2014-06-25,0519,Aqua,MODIS,62,6.2,302.4,68.2,D,0
-12.1941,133.7319,324.3,2.8,1.6,2014-06-25,0519,Aqua,MODIS,77,6.2,299.4,62.3,D,0
-13.6505,134.0833,322.6,2.8,1.6,2014-06-25,0519,Aqua,MODIS,73,6.2,301.6,55.4,D,0
-13.1608,133.5326,314.6,2.6,1.6,2014-06-25,0519,Aqua,MODIS,59,6.2,301.8,25.4,D,0
-12.2834,133.6803,330.8,2.8,1.6,2014-06-25,0519,Aqua,MODIS,83,6.2,300.1,99,D,0
-12.5293,130.6698,323.1,1.6,1.3,2014-06-25,0519,Aqua,MODIS,75,6.2,305,25.5,D,0
-12.982,130.7947,330.1,1.6,1.3,2014-06-25,0519,Aqua,MODIS,74,6.2,305.9,38.6,D,0
-12.5981,131.5788,342.6,1.9,1.3,2014-06-25,0519,Aqua,MODIS,91,6.2,306.2,101.6,D,0
-13.1469,133.5299,313,2.6,1.6,2014-06-25,0519,Aqua,MODIS,42,6.2,300.6,20.1,D,0
-13.1642,134.8313,313.2,3.3,1.7,2014-06-25,0519,Aqua,MODIS,58,6.2,290.3,43.7,D,0
-12.3548,133.3624,329.1,2.6,1.6,2014-06-25,0519,Aqua,MODIS,71,6.2,301.8,77.3,D,0
-13.324,134.1038,314.4,2.9,1.6,2014-06-25,0519,Aqua,MODIS,61,6.2,299.9,31.5,D,0
-12.3647,133.3878,320.8,2.7,1.6,2014-06-25,0519,Aqua,MODIS,67,6.2,300.7,43.4,D,0
-12.2307,131.0862,333.4,1.8,1.3,2014-06-25,0519,Aqua,MODIS,85,6.2,304.5,59.1,D,0
-12.4981,135.2889,313.2,3.7,1.8,2014-06-25,0519,Aqua,MODIS,44,6.2,293.3,50.4,D,0
-12.5594,133.3802,322.7,2.6,1.6,2014-06-25,0519,Aqua,MODIS,74,6.2,300.9,54.5,D,0
-12.5632,133.3857,320.8,2.6,1.6,2014-06-25,0519,Aqua,MODIS,71,6.2,301.3,46.1,D,0
-12.9946,130.8487,324,1.7,1.3,2014-06-25,0519,Aqua,MODIS,54,6.2,305.8,21.9,D,0
-12.2821,133.6747,331.6,2.8,1.6,2014-06-25,0519,Aqua,MODIS,84,6.2,299.9,105.5,D,0
-12.5,135.3158,311.4,3.7,1.8,2014-06-25,0519,Aqua,MODIS,20,6.2,291.1,41.3,D,0
-12.0358,133.7785,328.9,2.9,1.6,2014-06-25,0519,Aqua,MODIS,58,6.2,301.4,82.8,D,0
-12.3056,131.1227,321.1,1.8,1.3,2014-06-25,0519,Aqua,MODIS,73,6.2,305.4,26.9,D,0
-12.0604,134.1509,311.3,3.1,1.7,2014-06-25,0519,Aqua,MODIS,31,6.2,297.8,26.9,D,0
-13.2433,131.3534,331.5,1.8,1.3,2014-06-25,0519,Aqua,MODIS,73,6.2,309.1,41.2,D,0
-12.3688,133.3644,317.3,2.6,1.6,2014-06-25,0519,Aqua,MODIS,51,6.2,299.9,31.1,D,0
-13.2232,131.3613,336.8,1.8,1.3,2014-06-25,0519,Aqua,MODIS,87,6.2,308.4,63.7,D,0
-12.3083,131.1065,370.2,1.8,1.3,2014-06-25,0519,Aqua,MODIS,100,6.2,309.3,256.4,D,0
-12.1418,133.7758,322.6,2.9,1.6,2014-06-25,0519,Aqua,MODIS,75,6.2,300.9,55.3,D,0
-12.311,131.0903,319.1,1.8,1.3,2014-06-25,0519,Aqua,MODIS,65,6.2,303.2,22,D,0
-13.2259,131.345,326.5,1.8,1.3,2014-06-25,0519,Aqua,MODIS,72,6.2,308.3,30.4,D,0
-13.2349,131.3633,328.8,1.8,1.3,2014-06-25,0519,Aqua,MODIS,52,6.2,307.2,35.2,D,0
-12.0337,133.7706,326.2,2.9,1.6,2014-06-25,0519,Aqua,MODIS,54,6.2,300.4,70.6,D,0
-13.1582,133.632,314.9,2.7,1.6,2014-06-25,0519,Aqua,MODIS,58,6.2,301.2,26.8,D,0
-13.0297,134.7975,314.2,3.3,1.7,2014-06-25,0519,Aqua,MODIS,42,6.2,296,48.1,D,0
-12.2878,133.6557,319.8,2.8,1.6,2014-06-25,0519,Aqua,MODIS,54,6.2,298.1,43.8,D,0
-13.3242,134.1087,312.5,2.9,1.6,2014-06-25,0519,Aqua,MODIS,54,6.2,299.9,24.1,D,0
-12.8102,130.9942,325.1,1.7,1.3,2014-06-25,0519,Aqua,MODIS,67,6.2,305.9,33,D,0
-12.3373,133.3541,315.8,2.6,1.6,2014-06-25,0519,Aqua,MODIS,43,6.2,302.6,23.7,D,0
-12.1403,133.6165,317.5,2.8,1.6,2014-06-25,0519,Aqua,MODIS,59,6.2,300.6,33.7,D,0
-12.32,131.1086,349.4,1.8,1.3,2014-06-25,0519,Aqua,MODIS,95,6.2,308.2,123.4,D,0
-14.2396,133.4274,313.8,2.5,1.5,2014-06-25,0519,Aqua,MODIS,30,6.2,302.2,16.7,D,0
-12.1389,133.611,319.8,2.8,1.6,2014-06-25,0519,Aqua,MODIS,69,6.2,300.5,43.7,D,0
-12.5493,133.3834,313.8,2.6,1.6,2014-06-25,0519,Aqua,MODIS,41,6.2,299.9,20.9,D,0
-12.9819,130.7849,323.5,1.6,1.3,2014-06-25,0519,Aqua,MODIS,72,6.2,303.6,24.6,D,0
-12.4118,133.9863,314.4,2.9,1.6,2014-06-25,0519,Aqua,MODIS,25,6.2,294,34.6,D,0
-12.3512,133.3565,329.1,2.6,1.6,2014-06-25,0519,Aqua,MODIS,81,6.2,302.7,81.5,D,0
-14.3996,130.3464,314.8,1.4,1.2,2014-06-25,0519,Aqua,MODIS,44,6.2,301.7,10.2,D,0
-13.9333,130.0488,319.1,1.4,1.2,2014-06-25,0519,Aqua,MODIS,24,6.2,301.6,14.7,D,0
-13.9312,130.0617,320.1,1.4,1.2,2014-06-25,0519,Aqua,MODIS,27,6.2,302.5,15.5,D,0
-14.0425,130.5764,330,1.5,1.2,2014-06-25,0519,Aqua,MODIS,43,6.2,306.2,27.1,D,0
-14.9879,126.0181,325.3,1,1,2014-06-25,0519,Aqua,MODIS,63,6.2,303.2,11.1,D,0
-11.5313,130.2965,315.1,1.6,1.2,2014-06-25,0519,Aqua,MODIS,57,6.2,302.6,13.5,D,0
-11.529,130.3108,314.2,1.6,1.2,2014-06-25,0519,Aqua,MODIS,51,6.2,303.6,12.5,D,0
-15.0059,126.0172,325.4,1,1,2014-06-25,0519,Aqua,MODIS,72,6.2,303.7,12.3,D,0
-15.0165,125.8765,363.7,1,1,2014-06-25,0519,Aqua,MODIS,100,6.2,308.2,86.9,D,0
-14.4262,129.5359,323.6,1.3,1.1,2014-06-25,0519,Aqua,MODIS,70,6.2,304.5,18.8,D,0
-14.2862,129.702,316.9,1.3,1.1,2014-06-25,0519,Aqua,MODIS,58,6.2,301.1,10.3,D,0
-13.8454,129.9164,321.5,1.4,1.2,2014-06-25,0519,Aqua,MODIS,49,6.2,305,17.3,D,0
-14.1854,129.6301,324.7,1.3,1.1,2014-06-25,0519,Aqua,MODIS,75,6.2,303.4,22.7,D,0
-13.835,129.9145,339.4,1.4,1.2,2014-06-25,0519,Aqua,MODIS,88,6.2,303.1,54.7,D,0
-13.8286,129.8875,338.8,1.4,1.2,2014-06-25,0519,Aqua,MODIS,88,6.2,302.7,57,D,0
-13.8266,129.9001,346.9,1.4,1.2,2014-06-25,0519,Aqua,MODIS,93,6.2,303.1,78.8,D,0
-11.6546,130.3829,328.7,1.6,1.3,2014-06-25,0519,Aqua,MODIS,47,6.2,305.3,30.6,D,0
-11.691,130.306,324.3,1.6,1.2,2014-06-25,0519,Aqua,MODIS,66,6.2,303.7,30.6,D,0
-11.6544,130.3898,335.6,1.6,1.3,2014-06-25,0519,Aqua,MODIS,68,6.2,306.1,47.4,D,0
-11.6656,130.3916,373.8,1.6,1.3,2014-06-25,0519,Aqua,MODIS,100,6.2,308.4,238.2,D,0
-11.6768,130.3934,326.4,1.6,1.3,2014-06-25,0519,Aqua,MODIS,47,6.2,303.7,27.9,D,0
-14.2706,129.4852,315.4,1.3,1.1,2014-06-25,0519,Aqua,MODIS,52,6.2,303,9.7,D,0
-14.062,130.5941,327.3,1.5,1.2,2014-06-25,0519,Aqua,MODIS,63,6.2,308.4,21.6,D,0
-12.5657,130.5912,323.2,1.6,1.3,2014-06-25,0519,Aqua,MODIS,75,6.2,305,25.2,D,0
-14.0511,130.5923,331.9,1.5,1.2,2014-06-25,0519,Aqua,MODIS,31,6.2,306.8,29.8,D,0
-15.0178,125.8671,324.3,1,1,2014-06-25,0519,Aqua,MODIS,72,6.2,305.7,11.7,D,0
-15.0152,125.8857,322.6,1,1,2014-06-25,0519,Aqua,MODIS,69,6.2,305.1,9.4,D,0
-15.0732,125.8661,318.9,1,1,2014-06-25,0519,Aqua,MODIS,47,6.2,303.4,7.1,D,0
-11.734,130.5308,311.7,1.7,1.3,2014-06-25,0519,Aqua,MODIS,57,6.2,301.2,11.1,D,0
-14.4584,130.1813,316.7,1.4,1.2,2014-06-25,0519,Aqua,MODIS,11,6.2,301.9,8.5,D,0
-14.3496,129.8205,327.2,1.3,1.1,2014-06-25,0519,Aqua,MODIS,78,6.2,304.5,26.9,D,0
-11.6659,130.3848,331.8,1.6,1.3,2014-06-25,0519,Aqua,MODIS,44,6.2,305.4,36,D,0
-11.7768,130.5533,317.5,1.7,1.3,2014-06-25,0519,Aqua,MODIS,70,6.2,301.8,21,D,0
-14.0842,129.6807,320.1,1.3,1.1,2014-06-25,0519,Aqua,MODIS,67,6.2,301.4,16.5,D,0
-13.9405,130.4949,324.1,1.5,1.2,2014-06-25,0519,Aqua,MODIS,38,6.2,305.5,18,D,0
-13.839,129.8892,325.1,1.4,1.2,2014-06-25,0519,Aqua,MODIS,70,6.2,302.1,27.3,D,0
-13.837,129.9019,367.4,1.4,1.2,2014-06-25,0519,Aqua,MODIS,100,6.2,307.3,162.2,D,0
-12.5633,130.6059,319.3,1.6,1.3,2014-06-25,0519,Aqua,MODIS,70,6.2,307.8,18.4,D,0
-14.2597,129.4232,333.9,1.3,1.1,2014-06-25,0519,Aqua,MODIS,64,6.2,301.8,37.1,D,0
-14.2496,129.4215,315.7,1.3,1.1,2014-06-25,0519,Aqua,MODIS,39,6.2,302.7,8.9,D,0
-11.6388,130.4106,331.1,1.6,1.3,2014-06-25,0519,Aqua,MODIS,55,6.2,307.2,40.4,D,0
-11.6364,130.4254,348.3,1.6,1.3,2014-06-25,0519,Aqua,MODIS,94,6.2,305.5,99.9,D,0
-11.6523,130.3977,347.8,1.6,1.3,2014-06-25,0519,Aqua,MODIS,94,6.2,308.8,92.3,D,0
-11.65,130.4124,352,1.6,1.3,2014-06-25,0519,Aqua,MODIS,96,6.2,309,114.9,D,0
-11.6636,130.3995,371.6,1.6,1.3,2014-06-25,0519,Aqua,MODIS,100,6.2,310.7,218.9,D,0
-14.436,129.6725,318.8,1.3,1.1,2014-06-25,0519,Aqua,MODIS,35,6.2,303.7,10.8,D,0
-14.4548,129.6691,323.7,1.3,1.1,2014-06-25,0519,Aqua,MODIS,73,6.2,303.5,17.7,D,0
-14.1597,130.4184,323.1,1.5,1.2,2014-06-25,0519,Aqua,MODIS,53,6.2,308.3,14.2,D,0
-14.1489,130.4165,325.3,1.5,1.2,2014-06-25,0519,Aqua,MODIS,63,6.2,306.7,18.1,D,0
-14.4183,129.719,318.2,1.3,1.1,2014-06-25,0519,Aqua,MODIS,40,6.2,304.5,10.1,D,0
-14.389,130.3446,317,1.4,1.2,2014-06-25,0519,Aqua,MODIS,50,6.2,302.7,13.2,D,0
-14.1615,129.6565,321,1.3,1.1,2014-06-25,0519,Aqua,MODIS,69,6.2,302,18.1,D,0
-14.1634,129.6444,325.4,1.3,1.1,2014-06-25,0519,Aqua,MODIS,75,6.2,302.4,24.8,D,0
-14.4017,130.3332,316,1.4,1.2,2014-06-25,0519,Aqua,MODIS,51,6.2,302.1,11.3,D,0
-11.652,130.4045,360.5,1.6,1.3,2014-06-25,0519,Aqua,MODIS,100,6.2,310.6,147.3,D,0
-11.6632,130.4063,363.3,1.6,1.3,2014-06-25,0519,Aqua,MODIS,100,6.2,308.6,166.3,D,0
-11.6744,130.4081,348.6,1.6,1.3,2014-06-25,0519,Aqua,MODIS,95,6.2,305.1,95.5,D,0
-14.9982,126.0065,319.5,1,1,2014-06-25,0519,Aqua,MODIS,37,6.2,304.7,6,D,0
-11.6887,130.3205,316.6,1.6,1.2,2014-06-25,0519,Aqua,MODIS,28,6.2,302.3,15,D,0
-13.6062,132.8358,318.6,2.3,1.5,2014-06-25,0519,Aqua,MODIS,19,6.2,305,24.9,D,0
-14.31,133.2432,327.3,2.4,1.5,2014-06-25,0519,Aqua,MODIS,79,6.2,305,59.7,D,0
-14.0926,133.1367,321.1,2.3,1.5,2014-06-25,0519,Aqua,MODIS,72,6.2,302.2,40.6,D,0
-13.3308,133.1248,324,2.4,1.5,2014-06-25,0519,Aqua,MODIS,76,6.2,301.6,48.4,D,0
-13.7015,131.8842,327.8,1.9,1.4,2014-06-25,0519,Aqua,MODIS,80,6.2,307.2,40.9,D,0
-13.3351,132.1155,328.9,2,1.4,2014-06-25,0519,Aqua,MODIS,75,6.2,309,39.3,D,0
-13.2668,131.3572,323.3,1.8,1.3,2014-06-25,0519,Aqua,MODIS,60,6.2,308.6,21.3,D,0
-14.0679,133.149,324.2,2.4,1.5,2014-06-25,0519,Aqua,MODIS,76,6.2,302.6,47.4,D,0
-13.1502,131.8041,321.1,1.9,1.4,2014-06-25,0519,Aqua,MODIS,68,6.2,307.4,20.7,D,0
-12.145,132.9405,318.7,2.5,1.5,2014-06-25,0519,Aqua,MODIS,56,6.2,302.5,34.2,D,0
-12.1314,132.938,319.7,2.5,1.5,2014-06-25,0519,Aqua,MODIS,71,6.2,300.9,39.1,D,0
-13.3269,133.147,329.6,2.4,1.5,2014-06-25,0519,Aqua,MODIS,82,6.2,302.4,72.3,D,0
-12.805,131.9837,320.6,2,1.4,2014-06-25,0519,Aqua,MODIS,37,6.2,303.2,23.6,D,0
-13.0463,131.87,325,2,1.4,2014-06-25,0519,Aqua,MODIS,77,6.2,308.9,29.8,D,0
-14.0964,133.1153,327.8,2.3,1.5,2014-06-25,0519,Aqua,MODIS,80,6.2,303,64.9,D,0
-14.1227,133.1205,342.7,2.3,1.5,2014-06-25,0519,Aqua,MODIS,91,6.2,302.8,138,D,0
-13.3319,132.1342,341.5,2,1.4,2014-06-25,0519,Aqua,MODIS,90,6.2,309.2,91.5,D,0
-13.1575,132.3056,320.5,2.1,1.4,2014-06-25,0519,Aqua,MODIS,56,6.2,306.3,25.3,D,0
-13.9507,132.3656,318,2.1,1.4,2014-06-25,0519,Aqua,MODIS,66,6.2,305,21.8,D,0
-11.4246,132.447,318.5,2.3,1.5,2014-06-25,0519,Aqua,MODIS,58,6.2,300,33.7,D,0
-14.0832,133.1127,367.9,2.3,1.5,2014-06-25,0519,Aqua,MODIS,100,6.2,305,352.5,D,0
-13.2584,131.3671,328.1,1.8,1.3,2014-06-25,0519,Aqua,MODIS,51,6.2,307.1,32.4,D,0
-13.1531,131.7864,323.3,1.9,1.4,2014-06-25,0519,Aqua,MODIS,74,6.2,309,25.4,D,0
-13.7165,131.8687,319.9,1.9,1.4,2014-06-25,0519,Aqua,MODIS,63,6.2,305.5,18.8,D,0
-13.7495,134.2232,314.2,2.9,1.6,2014-06-25,0519,Aqua,MODIS,50,6.2,301.5,26.3,D,0
-13.7475,134.2153,316.2,2.9,1.6,2014-06-25,0519,Aqua,MODIS,63,6.2,301.4,34.9,D,0
-13.0433,131.888,319.4,2,1.4,2014-06-25,0519,Aqua,MODIS,56,6.2,307.6,14.9,D,0
-14.0716,133.1272,371.4,2.3,1.5,2014-06-25,0519,Aqua,MODIS,100,6.2,307.5,395.1,D,0
-11.4091,132.3792,317.6,2.3,1.5,2014-06-25,0519,Aqua,MODIS,31,6.2,300.9,26.6,D,0
-14.0794,133.1341,357.5,2.3,1.5,2014-06-25,0519,Aqua,MODIS,98,6.2,305.5,250.8,D,0
-13.7044,131.8901,324.1,1.9,1.4,2014-06-25,0519,Aqua,MODIS,57,6.2,307.1,28.5,D,0
-13.319,133.1915,326,2.5,1.5,2014-06-25,0519,Aqua,MODIS,79,6.2,303,62.1,D,0
-13.3127,133.1855,320,2.5,1.5,2014-06-25,0519,Aqua,MODIS,50,6.2,302.4,34.7,D,0
-13.7681,132.9641,316.3,2.3,1.5,2014-06-25,0519,Aqua,MODIS,47,6.2,303.7,19.9,D,0
-13.3443,132.1364,328.6,2,1.4,2014-06-25,0519,Aqua,MODIS,63,6.2,309.3,36.3,D,0
-13.7136,131.8863,327.2,1.9,1.4,2014-06-25,0519,Aqua,MODIS,79,6.2,307,40.1,D,0
-13.6748,132.4342,320.2,2.1,1.4,2014-06-25,0519,Aqua,MODIS,70,6.2,303.4,35,D,0
-11.4137,132.3751,317,2.3,1.5,2014-06-25,0519,Aqua,MODIS,57,6.2,299.9,25.3,D,0
-13.2598,132.174,320,2.1,1.4,2014-06-25,0519,Aqua,MODIS,59,6.2,309.1,17.3,D,0
-12.5656,131.5129,315.4,1.9,1.3,2014-06-25,0519,Aqua,MODIS,61,6.2,300.9,20,D,0
-12.5707,131.5206,320.7,1.9,1.3,2014-06-25,0519,Aqua,MODIS,72,6.2,301.6,30.6,D,0
-13.7174,133.0212,317.9,2.3,1.5,2014-06-25,0519,Aqua,MODIS,60,6.2,304.7,27.1,D,0
-12.3119,132.6621,314.5,2.3,1.5,2014-06-25,0519,Aqua,MODIS,59,6.2,303.5,24.2,D,0
-13.255,131.3553,334.3,1.8,1.3,2014-06-25,0519,Aqua,MODIS,85,6.2,308.7,50.4,D,0
-13.7726,130.8795,323.8,1.6,1.3,2014-06-25,0519,Aqua,MODIS,65,6.2,306.1,22.9,D,0
-13.7614,130.8776,321.7,1.6,1.3,2014-06-25,0519,Aqua,MODIS,61,6.2,305.1,19.9,D,0
-13.96,132.3868,314.4,2.1,1.4,2014-06-25,0519,Aqua,MODIS,28,6.2,303.1,12.2,D,0
-13.7047,132.8829,318.7,2.3,1.5,2014-06-25,0519,Aqua,MODIS,68,6.2,306.2,24.7,D,0
-13.644,131.9287,321.9,1.9,1.4,2014-06-25,0519,Aqua,MODIS,73,6.2,306.5,28.5,D,0
-13.7754,132.9217,327.1,2.3,1.5,2014-06-25,0519,Aqua,MODIS,79,6.2,303,55.7,D,0
-14.0976,130.7959,321.5,1.6,1.2,2014-06-25,0519,Aqua,MODIS,70,6.2,305.2,19.4,D,0
-14.3233,133.2457,315.8,2.4,1.5,2014-06-25,0519,Aqua,MODIS,61,6.2,304.3,19.9,D,0
-12.3174,131.1247,332.2,1.8,1.3,2014-06-25,0519,Aqua,MODIS,84,6.2,306.9,55.5,D,0
-13.7718,132.9425,337.3,2.3,1.5,2014-06-25,0519,Aqua,MODIS,88,6.2,305.2,103.5,D,0
-13.6831,131.8447,343.6,1.9,1.3,2014-06-25,0519,Aqua,MODIS,91,6.2,304.5,106.6,D,0
-13.613,131.5609,316.8,1.8,1.3,2014-06-25,0519,Aqua,MODIS,43,6.2,304.5,13.7,D,0
-13.6952,131.8469,334.2,1.9,1.3,2014-06-25,0519,Aqua,MODIS,85,6.2,303.9,64.6,D,0
-12.6589,131.1417,322.9,1.8,1.3,2014-06-25,0519,Aqua,MODIS,74,6.2,304.7,28.4,D,0
-13.6802,131.8623,362.6,1.9,1.4,2014-06-25,0519,Aqua,MODIS,100,6.2,306.9,220.2,D,0
-13.2566,132.1928,347.5,2.1,1.4,2014-06-25,0519,Aqua,MODIS,94,6.2,307.7,133.9,D,0
-12.6512,131.1336,324.2,1.8,1.3,2014-06-25,0519,Aqua,MODIS,69,6.2,304,30.6,D,0
-13.2879,132.0829,319.6,2,1.4,2014-06-25,0519,Aqua,MODIS,69,6.2,308.9,15.8,D,0
-14.3104,133.2582,314.9,2.4,1.5,2014-06-25,0519,Aqua,MODIS,40,6.2,303.4,16.3,D,0
-13.7073,131.849,325.9,1.9,1.3,2014-06-25,0519,Aqua,MODIS,78,6.2,304.9,35.6,D,0
-14.3141,133.2365,325.6,2.4,1.5,2014-06-25,0519,Aqua,MODIS,78,6.2,304.9,52.5,D,0
-13.3337,133.1434,328.3,2.4,1.5,2014-06-25,0519,Aqua,MODIS,47,6.2,302,58.2,D,0
-13.6923,131.8645,351,1.9,1.4,2014-06-25,0519,Aqua,MODIS,95,6.2,308.9,141.8,D,0
-13.6894,131.882,327.6,1.9,1.4,2014-06-25,0519,Aqua,MODIS,79,6.2,305.5,42,D,0
-14.0662,133.1315,363.7,2.3,1.5,2014-06-25,0519,Aqua,MODIS,100,6.2,304.1,309,D,0
-13.3595,133.1988,317.1,2.5,1.5,2014-06-25,0519,Aqua,MODIS,66,6.2,303,31.8,D,0
-14.07,133.1102,335,2.3,1.5,2014-06-25,0519,Aqua,MODIS,86,6.2,300.7,96.5,D,0
-13.7044,131.8665,357.4,1.9,1.4,2014-06-25,0519,Aqua,MODIS,98,6.2,309.1,178.2,D,0
-13.5563,131.4273,334.7,1.8,1.3,2014-06-25,0519,Aqua,MODIS,85,6.2,305.7,56.3,D,0
-12.2305,132.5104,324.5,2.3,1.5,2014-06-25,0519,Aqua,MODIS,77,6.2,302.1,53.6,D,0
-12.2281,132.5173,322.6,2.3,1.5,2014-06-25,0519,Aqua,MODIS,75,6.2,301.7,46.8,D,0
-14.0752,133.1059,321.6,2.3,1.5,2014-06-25,0519,Aqua,MODIS,69,6.2,300.3,39.2,D,0
-13.7104,131.855,321.8,1.9,1.3,2014-06-25,0519,Aqua,MODIS,46,6.2,304.6,21.6,D,0
-13.5653,131.4458,323.4,1.8,1.3,2014-06-25,0519,Aqua,MODIS,74,6.2,305.7,25.7,D,0
-13.568,131.4296,321.6,1.8,1.3,2014-06-25,0519,Aqua,MODIS,71,6.2,306.2,22.2,D,0
-12.8142,132.5538,313.5,2.2,1.5,2014-06-25,0519,Aqua,MODIS,35,6.2,302,15.8,D,0
-13.2302,133.1011,313.7,2.4,1.5,2014-06-25,0519,Aqua,MODIS,39,6.2,301.1,18.9,D,0
-11.3612,132.3655,320.5,2.3,1.5,2014-06-25,0519,Aqua,MODIS,73,6.2,300.1,38.5,D,0
-14.1,130.7811,323.2,1.6,1.2,2014-06-25,0519,Aqua,MODIS,73,6.2,304.7,22.8,D,0
-13.7074,131.8725,352.2,1.9,1.4,2014-06-25,0519,Aqua,MODIS,96,6.2,308.7,146.4,D,0
-14.5283,130.0549,320.8,1.4,1.2,2014-06-25,0519,Aqua,MODIS,27,6.2,301.9,13.5,D,0
-15.2762,127.4608,319.7,1,1,2014-06-25,0519,Aqua,MODIS,37,6.2,305.5,6.7,D,0
-15.2552,127.477,325.2,1,1,2014-06-25,0519,Aqua,MODIS,64,6.2,304.8,12,D,0
-15.2447,127.4851,323.5,1,1,2014-06-25,0519,Aqua,MODIS,71,6.2,306.3,10.6,D,0
-15.2461,127.4756,334,1,1,2014-06-25,0519,Aqua,MODIS,84,6.2,306.5,23.9,D,0
-14.8632,126.1155,325.1,1,1,2014-06-25,0519,Aqua,MODIS,48,6.2,306,12,D,0
-14.8237,126.0055,342.9,1,1,2014-06-25,0519,Aqua,MODIS,90,6.2,305.3,37.4,D,0
-14.8224,126.0147,365.2,1,1,2014-06-25,0519,Aqua,MODIS,100,6.2,308.7,90.2,D,0
-14.8645,126.1062,325.9,1,1,2014-06-25,0519,Aqua,MODIS,39,6.2,305.6,12,D,0
-14.8658,126.097,326.8,1,1,2014-06-25,0519,Aqua,MODIS,50,6.2,304.7,12.8,D,0
-14.8671,126.0878,322.9,1,1,2014-06-25,0519,Aqua,MODIS,44,6.2,305.3,9.7,D,0
-14.8684,126.0785,324.1,1,1,2014-06-25,0519,Aqua,MODIS,47,6.2,305.4,11,D,0
-14.8246,126.1285,326.7,1,1,2014-06-25,0519,Aqua,MODIS,61,6.2,306,12.8,D,0
-14.1363,133.1081,326.4,2.3,1.5,2014-06-25,0519,Aqua,MODIS,79,6.2,303.5,57,D,0
-14.1396,133.1014,316.5,2.3,1.5,2014-06-25,0519,Aqua,MODIS,62,6.2,302.7,24,D,0
-14.1265,133.0989,360.5,2.3,1.5,2014-06-25,0519,Aqua,MODIS,100,6.2,306.3,272.8,D,0
-14.8697,126.0693,327.4,1,1,2014-06-25,0519,Aqua,MODIS,57,6.2,305,14.8,D,0
-14.871,126.06,341.3,1,1,2014-06-25,0519,Aqua,MODIS,89,6.2,303.6,35.8,D,0
-14.0643,127.1928,324.7,1,1,2014-06-25,0519,Aqua,MODIS,68,6.2,306.5,9.8,D,0
-14.0733,127.1942,323.6,1,1,2014-06-25,0519,Aqua,MODIS,54,6.2,305.3,9.1,D,0
-14.0996,127.1943,330.2,1,1,2014-06-25,0519,Aqua,MODIS,74,6.2,306.1,17,D,0
-13.9263,127.184,353.3,1,1,2014-06-25,0519,Aqua,MODIS,0,6.2,304.8,62.6,D,0
-14.0789,127.1564,320.5,1,1,2014-06-25,0519,Aqua,MODIS,62,6.2,306.8,6.4,D,0
-14.1052,127.1566,321.1,1,1,2014-06-25,0519,Aqua,MODIS,26,6.2,305.8,7.1,D,0
-14.1038,127.166,321.9,1,1,2014-06-25,0519,Aqua,MODIS,38,6.2,304.6,7.9,D,0
-13.9294,126.9192,331.8,1,1,2014-06-25,0519,Aqua,MODIS,84,6.2,304.3,21.2,D,0
-13.928,126.9285,336.7,1,1,2014-06-25,0519,Aqua,MODIS,83,6.2,305.6,27.7,D,0
-13.9398,126.9112,331.9,1,1,2014-06-25,0519,Aqua,MODIS,84,6.2,305.7,21,D,0
-13.9384,126.9206,337.4,1,1,2014-06-25,0519,Aqua,MODIS,88,6.2,308.6,29.3,D,0
-13.937,126.9299,326.2,1,1,2014-06-25,0519,Aqua,MODIS,54,6.2,307.8,14.4,D,0
-14.5578,130.1398,333.6,1.4,1.2,2014-06-25,0519,Aqua,MODIS,78,6.2,304.3,37.6,D,0
-14.5641,130.1335,336.7,1.4,1.2,2014-06-25,0519,Aqua,MODIS,87,6.2,305.5,45,D,0
-14.5621,130.146,328.2,1.4,1.2,2014-06-25,0519,Aqua,MODIS,65,6.2,302.9,27.3,D,0
-13.9357,126.9393,325.4,1,1,2014-06-25,0519,Aqua,MODIS,72,6.2,307.6,13.9,D,0
-13.9469,126.9181,357,1,1,2014-06-25,0519,Aqua,MODIS,98,6.2,306.7,69.1,D,0
-13.9456,126.9274,363.7,1,1,2014-06-25,0519,Aqua,MODIS,100,6.2,309.8,86.1,D,0
-14.5363,130.0046,326.1,1.4,1.2,2014-06-25,0519,Aqua,MODIS,77,6.2,303.3,22.8,D,0
-14.5447,130.0188,324.9,1.4,1.2,2014-06-25,0519,Aqua,MODIS,67,6.2,303.5,21.8,D,0
-13.908,127.002,328.7,1,1,2014-06-25,0519,Aqua,MODIS,61,6.2,305.2,15.7,D,0
-13.9067,127.0113,331,1,1,2014-06-25,0519,Aqua,MODIS,75,6.2,304.9,19.2,D,0
-13.9144,127.0221,325.4,1,1,2014-06-25,0519,Aqua,MODIS,71,6.2,305.7,12.9,D,0
-13.913,127.0315,333.9,1,1,2014-06-25,0519,Aqua,MODIS,86,6.2,306.4,23.7,D,0
-13.9116,127.0409,337.3,1,1,2014-06-25,0519,Aqua,MODIS,88,6.2,305.3,29.1,D,0
-13.9102,127.0503,322.5,1,1,2014-06-25,0519,Aqua,MODIS,42,6.2,302.8,10.6,D,0
-15.039,127.754,324.5,1,1,2014-06-25,0519,Aqua,MODIS,64,6.2,305,12.1,D,0
-13.955,127.1787,325.5,1,1,2014-06-25,0519,Aqua,MODIS,63,6.2,305.9,14,D,0
-13.982,127.0577,331,1,1,2014-06-25,0519,Aqua,MODIS,80,6.2,306.8,17.5,D,0
-13.9834,127.0483,332.5,1,1,2014-06-25,0519,Aqua,MODIS,82,6.2,307.2,19.7,D,0
-14.2313,126.7367,333.4,1,1,2014-06-25,0519,Aqua,MODIS,82,6.2,308.3,20.7,D,0
-11.6098,130.3755,331.3,1.6,1.3,2014-06-25,0519,Aqua,MODIS,73,6.2,306.4,45.3,D,0
-11.6186,130.392,331.8,1.6,1.3,2014-06-25,0519,Aqua,MODIS,78,6.2,306,43.8,D,0
-13.9848,127.0389,326.5,1,1,2014-06-25,0519,Aqua,MODIS,75,6.2,307.3,12.1,D,0
-11.7674,130.0422,313.7,1.5,1.2,2014-06-25,0519,Aqua,MODIS,0,6.2,301.1,12.1,D,0
-13.8754,130.032,316.4,1.4,1.2,2014-06-25,0519,Aqua,MODIS,42,6.2,302.7,9.8,D,0
-13.9522,130.0654,328.6,1.4,1.2,2014-06-25,0519,Aqua,MODIS,58,6.2,305.6,30.2,D,0
-13.9543,130.0525,323.7,1.4,1.2,2014-06-25,0519,Aqua,MODIS,23,6.2,303.7,21.4,D,0
-14.0982,127.2037,325.9,1,1,2014-06-25,0519,Aqua,MODIS,38,6.2,306.2,11.2,D,0
-11.6616,130.3458,335.3,1.6,1.2,2014-06-25,0519,Aqua,MODIS,71,6.2,304,51.5,D,0
-11.664,130.3312,334.3,1.6,1.2,2014-06-25,0519,Aqua,MODIS,67,6.2,302.4,49.2,D,0
-15.1216,125.9178,332.2,1,1,2014-06-25,0519,Aqua,MODIS,82,6.2,306.1,20.8,D,0
-15.1203,125.9272,322.8,1,1,2014-06-25,0519,Aqua,MODIS,57,6.2,305.7,8.9,D,0
-11.6593,130.3536,322.8,1.6,1.2,2014-06-25,0519,Aqua,MODIS,54,6.2,303.4,22.2,D,0
-11.6616,130.3388,342.5,1.6,1.2,2014-06-25,0519,Aqua,MODIS,91,6.2,303.9,78.7,D,0
-14.0948,127.1108,320.5,1,1,2014-06-25,0519,Aqua,MODIS,55,6.2,306,8.3,D,0
-11.5402,130.3127,313.3,1.6,1.2,2014-06-25,0519,Aqua,MODIS,25,6.2,302.8,10.5,D,0
-14.0962,127.1014,322.6,1,1,2014-06-25,0519,Aqua,MODIS,67,6.2,303.9,11.1,D,0
-15.0864,126.1021,325.9,1,1,2014-06-25,0519,Aqua,MODIS,57,6.2,305.9,12.5,D,0
-15.1044,126.1049,334.8,1,1,2014-06-25,0519,Aqua,MODIS,84,6.2,306.4,23.5,D,0
-15.0788,126.0915,329.2,1,1,2014-06-25,0519,Aqua,MODIS,79,6.2,305.4,16.2,D,0
-15.1121,126.1155,320.4,1,1,2014-06-25,0519,Aqua,MODIS,29,6.2,303.1,8.5,D,0
-14.5054,130.0641,322.4,1.4,1.2,2014-06-25,0519,Aqua,MODIS,56,6.2,303.8,15.8,D,0
-14.495,130.0623,318,1.4,1.2,2014-06-25,0519,Aqua,MODIS,48,6.2,305.1,9.2,D,0
-13.9193,127.0518,328.9,1,1,2014-06-25,0519,Aqua,MODIS,72,6.2,306,17.9,D,0
-31.5097,115.794,302.4,3.2,1.7,2014-06-25,0652,Aqua,MODIS,52,6.2,291.1,25.2,D,0
-34.1287,116.7406,304.3,3.2,1.7,2014-06-25,0652,Aqua,MODIS,44,6.2,280.8,39.3,D,0
-29.8194,115.5092,304.6,3.4,1.7,2014-06-25,0653,Aqua,MODIS,59,6.2,292.9,30.9,D,0
-34.4621,150.8856,301.4,1.1,1.1,2014-06-25,1300,Terra,MODIS,39,6.2,285.3,8.1,N,2
-15.4994,141.7931,301.5,1.1,1,2014-06-25,1305,Terra,MODIS,42,6.2,289,6,N,0
-17.9423,137.8533,308.1,2,1.4,2014-06-25,1305,Terra,MODIS,73,6.2,288.4,25.8,N,0
-17.9383,137.8653,302,2,1.4,2014-06-25,1305,Terra,MODIS,46,6.2,287.9,16.2,N,0
-17.9405,137.8466,304.5,2,1.4,2014-06-25,1305,Terra,MODIS,60,6.2,288.1,20.1,N,0
-16.1278,144.1869,318.3,1,1,2014-06-25,1305,Terra,MODIS,97,6.2,289.4,17.3,N,0
-34.6605,118.3097,300.1,1.5,1.2,2014-06-25,1439,Terra,MODIS,18,6.2,280.2,13.9,N,0
-33.7747,120.689,314.3,1.1,1.1,2014-06-25,1439,Terra,MODIS,89,6.2,277.3,20.9,N,0
-33.7732,120.7012,305.6,1.1,1.1,2014-06-25,1439,Terra,MODIS,65,6.2,277,13.5,N,0
-14.7243,126.0141,308.4,2.5,1.5,2014-06-25,1444,Terra,MODIS,74,6.2,291.3,30.3,N,0
-13.8918,126.9919,313.8,3.1,1.7,2014-06-25,1444,Terra,MODIS,71,6.2,289.3,63.4,N,0
-13.8891,127.0143,315.2,3.1,1.7,2014-06-25,1444,Terra,MODIS,82,6.2,289.6,69.8,N,0
-13.8942,126.9858,308.7,3.1,1.7,2014-06-25,1444,Terra,MODIS,45,6.2,288.6,45.1,N,0
-14.7162,126.0184,302.6,2.5,1.5,2014-06-25,1444,Terra,MODIS,50,6.2,291.2,15.7,N,0
-13.2292,131.3757,304.1,3,1.6,2014-06-25,1609,Aqua,MODIS,41,6.2,289.3,33.1,N,0
-12.272,133.6915,307.6,2.1,1.4,2014-06-25,1609,Aqua,MODIS,72,6.2,291.7,23.7,N,0
-13.2439,131.3731,307.6,3,1.6,2014-06-25,1609,Aqua,MODIS,72,6.2,290,43.3,N,0
-13.2424,131.378,309.9,3,1.6,2014-06-25,1609,Aqua,MODIS,58,6.2,289.7,49,N,0
-12.6238,130.9094,304.2,3.3,1.7,2014-06-25,1609,Aqua,MODIS,59,6.2,287.8,40.4,N,0
-17.9278,137.8568,312.6,1,1,2014-06-25,1610,Aqua,MODIS,85,6.2,287.6,12.9,N,0
-17.9293,137.8663,311.6,1,1,2014-06-25,1610,Aqua,MODIS,83,6.2,287.2,12.3,N,0
-17.9383,137.8649,304.9,1,1,2014-06-25,1610,Aqua,MODIS,62,6.2,287.1,8.1,N,0
-21.1967,148.0421,324.7,2.1,1.4,2014-06-25,2358,Terra,MODIS,83,6.2,294.5,59,D,0
-21.1944,148.0286,318.9,2.1,1.4,2014-06-25,2358,Terra,MODIS,79,6.2,294.7,44.2,D,0
-21.1981,148.0488,315.8,2.1,1.4,2014-06-25,2358,Terra,MODIS,76,6.2,294.1,37.2,D,0
-24.913,152.3108,305,1.1,1,2014-06-25,2359,Terra,MODIS,60,6.2,293.5,5.3,D,0
-25.6041,152.2978,307.4,1,1,2014-06-25,2359,Terra,MODIS,65,6.2,290.9,8.2,D,0
-28.4782,152.0485,329.7,1,1,2014-06-26,0000,Terra,MODIS,86,6.2,287.8,30.3,D,0
-28.4799,152.0589,319.7,1,1,2014-06-26,0000,Terra,MODIS,80,6.2,288.3,19.4,D,0
-30.3753,151.4963,301.5,1,1,2014-06-26,0000,Terra,MODIS,48,6.2,282.6,6.7,D,0
-27.0862,151.4184,302.5,1.1,1,2014-06-26,0000,Terra,MODIS,47,6.2,291.9,4.2,D,0
-26.7996,150.2013,308.3,1.2,1.1,2014-06-26,0000,Terra,MODIS,67,6.2,290.6,10.3,D,2
-28.2709,151.9619,311.3,1,1,2014-06-26,0000,Terra,MODIS,71,6.2,288.6,11.6,D,0
-29.595,151.9362,318.7,1,1,2014-06-26,0000,Terra,MODIS,79,6.2,285,19,D,0
-31.5637,147.0234,302.3,1.5,1.2,2014-06-26,0001,Terra,MODIS,52,6.2,285.6,12.1,D,0
-31.5667,147.0394,300.6,1.5,1.2,2014-06-26,0001,Terra,MODIS,39,6.2,285.6,10.2,D,0
-30.7488,151.2349,315,1,1,2014-06-26,0001,Terra,MODIS,75,6.2,282.6,16.4,D,0
-30.7792,152.399,308.4,1,1,2014-06-26,0001,Terra,MODIS,67,6.2,291.3,8.3,D,0
-30.7808,152.4094,309.8,1,1,2014-06-26,0001,Terra,MODIS,69,6.2,289.8,9.5,D,0
-30.7882,152.3972,303.7,1,1,2014-06-26,0001,Terra,MODIS,25,6.2,290,5.2,D,0
-34.4563,150.8754,303.4,1,1,2014-06-26,0002,Terra,MODIS,49,6.2,291.1,4.9,D,2
-12.3188,133.7733,316.8,1.1,1,2014-06-26,0134,Terra,MODIS,59,6.2,300.2,7.9,D,0
-12.6763,130.9453,320.9,1,1,2014-06-26,0134,Terra,MODIS,52,6.2,303.8,10.7,D,0
-12.3315,133.8625,316.1,1.1,1,2014-06-26,0134,Terra,MODIS,65,6.2,299.6,9.6,D,0
-12.5511,130.7291,367.1,1,1,2014-06-26,0134,Terra,MODIS,100,6.2,305.4,105.9,D,0
-12.5837,131.5508,328.5,1,1,2014-06-26,0134,Terra,MODIS,79,6.2,301.4,20.2,D,0
-12.5823,131.5416,334.4,1,1,2014-06-26,0134,Terra,MODIS,86,6.2,302.6,28.3,D,0
-12.6376,130.9288,334.6,1,1,2014-06-26,0134,Terra,MODIS,67,6.2,301.3,26.4,D,0
-12.2506,133.9408,321.1,1.1,1,2014-06-26,0134,Terra,MODIS,74,6.2,300.4,13.3,D,0
-12.0712,133.7916,319.5,1.1,1,2014-06-26,0134,Terra,MODIS,54,6.2,301.6,12.1,D,0
-12.0598,133.7592,328.1,1.1,1,2014-06-26,0134,Terra,MODIS,77,6.2,300.3,20.2,D,0
-12.9032,131.4084,318.5,1,1,2014-06-26,0134,Terra,MODIS,53,6.2,304.3,7.7,D,0
-12.2896,133.569,315.5,1.1,1,2014-06-26,0134,Terra,MODIS,64,6.2,302.3,6.9,D,0
-12.3234,133.5575,318.8,1.1,1,2014-06-26,0134,Terra,MODIS,70,6.2,300.7,10.4,D,0
-12.3172,136.8561,317.2,1.6,1.3,2014-06-26,0134,Terra,MODIS,71,6.2,295.6,21.9,D,0
-12.0056,133.777,317.1,1.1,1,2014-06-26,0134,Terra,MODIS,36,6.2,299.3,8,D,0
-12.8815,133.2729,316.9,1,1,2014-06-26,0134,Terra,MODIS,66,6.2,298.9,9.3,D,0
-12.1311,133.813,322.7,1.1,1,2014-06-26,0134,Terra,MODIS,76,6.2,302.3,15.1,D,0
-12.0725,133.8014,323.9,1.1,1,2014-06-26,0134,Terra,MODIS,74,6.2,302.4,17.5,D,0
-12.3248,133.5674,316.6,1.1,1,2014-06-26,0134,Terra,MODIS,66,6.2,302.2,8.1,D,0
-12.603,131.5573,317.8,1,1,2014-06-26,0134,Terra,MODIS,54,6.2,302.2,8.1,D,0
-12.4894,133.9497,314.1,1.1,1,2014-06-26,0134,Terra,MODIS,61,6.2,299,7.6,D,0
-12.2034,133.1634,315.5,1,1,2014-06-26,0134,Terra,MODIS,58,6.2,302.8,5.5,D,0
-12.3487,133.6034,321.8,1.1,1,2014-06-26,0134,Terra,MODIS,74,6.2,300.6,13.5,D,0
-12.8618,133.2659,338.7,1,1,2014-06-26,0134,Terra,MODIS,89,6.2,300.8,36.8,D,0
-12.2706,133.7004,324.3,1.1,1,2014-06-26,0134,Terra,MODIS,77,6.2,302.7,15.1,D,0
-12.8457,131.4548,317.4,1,1,2014-06-26,0134,Terra,MODIS,59,6.2,303.8,6.8,D,0
-12.3174,133.7635,326.6,1.1,1,2014-06-26,0134,Terra,MODIS,80,6.2,299.9,18.8,D,0
-12.5485,133.3848,312.5,1,1,2014-06-26,0134,Terra,MODIS,55,6.2,299.6,5.5,D,0
-12.4908,133.9597,312,1.1,1,2014-06-26,0134,Terra,MODIS,54,6.2,299,6.1,D,0
-12.5043,131.5129,315.8,1,1,2014-06-26,0134,Terra,MODIS,45,6.2,301.5,8.2,D,0
-12.5526,130.7386,333.1,1,1,2014-06-26,0134,Terra,MODIS,85,6.2,301.4,27.4,D,0
-12.5927,131.5494,320.3,1,1,2014-06-26,0134,Terra,MODIS,66,6.2,301.9,10.9,D,0
-12.6377,133.9424,314.5,1.1,1,2014-06-26,0134,Terra,MODIS,62,6.2,299.5,7.7,D,0
-12.8251,133.2712,312.5,1,1,2014-06-26,0134,Terra,MODIS,44,6.2,298.9,5.9,D,0
-12.2533,131.0707,320.6,1,1,2014-06-26,0134,Terra,MODIS,74,6.2,302.3,11.4,D,0
-12.3295,133.782,315.3,1.1,1,2014-06-26,0134,Terra,MODIS,31,6.2,299.9,6.4,D,0
-12.3401,133.4763,324,1.1,1,2014-06-26,0134,Terra,MODIS,73,6.2,302.7,14.5,D,0
-12.5222,130.6516,319,1.1,1,2014-06-26,0134,Terra,MODIS,71,6.2,300.6,11.1,D,0
-12.847,131.464,321.6,1,1,2014-06-26,0134,Terra,MODIS,73,6.2,304,10.9,D,0
-12.2548,131.08,316.3,1,1,2014-06-26,0134,Terra,MODIS,57,6.2,300.9,7.2,D,0
-12.6873,130.7112,313.3,1,1,2014-06-26,0134,Terra,MODIS,49,6.2,301.6,6.9,D,0
-12.5603,130.7276,321.3,1,1,2014-06-26,0134,Terra,MODIS,74,6.2,300.6,12.7,D,0
-12.3387,133.4667,353.5,1.1,1,2014-06-26,0134,Terra,MODIS,97,6.2,303.4,66.8,D,0
-12.8905,132.6326,317.1,1,1,2014-06-26,0134,Terra,MODIS,63,6.2,303.9,7.1,D,0
-12.5172,135.2664,318.2,1.3,1.1,2014-06-26,0134,Terra,MODIS,72,6.2,298.2,15.3,D,0
-12.2692,133.6906,347.1,1.1,1,2014-06-26,0134,Terra,MODIS,94,6.2,302.7,52.9,D,0
-12.8891,132.6233,315.3,1,1,2014-06-26,0134,Terra,MODIS,56,6.2,303,6,D,0
-12.273,133.6506,316.5,1.1,1,2014-06-26,0134,Terra,MODIS,49,6.2,303,6.7,D,0
-12.0042,133.7672,318.6,1.1,1,2014-06-26,0134,Terra,MODIS,57,6.2,298.3,10,D,0
-12.0612,133.769,325.6,1.1,1,2014-06-26,0134,Terra,MODIS,60,6.2,302.7,15.9,D,0
-12.0068,133.2045,315,1,1,2014-06-26,0134,Terra,MODIS,62,6.2,301.9,6.6,D,0
-12.8212,131.1084,316.5,1,1,2014-06-26,0134,Terra,MODIS,15,6.2,302.3,6.7,D,0
-12.6724,133.6077,314,1.1,1,2014-06-26,0134,Terra,MODIS,54,6.2,298.9,6.4,D,0
-12.2289,131.0935,322.7,1,1,2014-06-26,0134,Terra,MODIS,54,6.2,300.6,13.9,D,0
-11.2049,132.5622,317.7,1,1,2014-06-26,0134,Terra,MODIS,65,6.2,302.6,8.1,D,0
-12.8121,131.1098,315.4,1,1,2014-06-26,0134,Terra,MODIS,19,6.2,302.1,6.1,D,0
-11.2447,131.2264,327.7,1,1,2014-06-26,0134,Terra,MODIS,72,6.2,300.7,20,D,0
-11.2538,131.2251,319.8,1,1,2014-06-26,0134,Terra,MODIS,44,6.2,301.4,11.6,D,0
-11.4337,130.8264,315.6,1.1,1,2014-06-26,0134,Terra,MODIS,68,6.2,299.2,9.2,D,0
-12.7316,133.9165,310.4,1.1,1,2014-06-26,0134,Terra,MODIS,44,6.2,299.5,5,D,0
-11.4374,131.098,314.2,1,1,2014-06-26,0134,Terra,MODIS,60,6.2,301.1,6.4,D,0
-11.4513,131.3732,327.5,1,1,2014-06-26,0134,Terra,MODIS,82,6.2,299.9,19.9,D,0
-11.3915,131.3413,311.3,1,1,2014-06-26,0134,Terra,MODIS,42,6.2,299.2,4.7,D,0
-11.2552,131.2344,316.2,1,1,2014-06-26,0134,Terra,MODIS,28,6.2,298.8,8.4,D,0
-11.4499,131.3639,319.9,1,1,2014-06-26,0134,Terra,MODIS,69,6.2,301.6,11.7,D,0
-11.4324,131.3095,322.4,1,1,2014-06-26,0134,Terra,MODIS,64,6.2,300.1,13.2,D,0
-11.574,130.7233,311.8,1.1,1,2014-06-26,0134,Terra,MODIS,39,6.2,300.1,5.5,D,0
-11.5618,130.7054,311.2,1.1,1,2014-06-26,0134,Terra,MODIS,48,6.2,299.4,5.6,D,0
-11.5725,130.7137,327,1.1,1,2014-06-26,0134,Terra,MODIS,82,6.2,300.1,21.5,D,0
-11.5633,130.7151,312.7,1.1,1,2014-06-26,0134,Terra,MODIS,57,6.2,299.7,6.8,D,0
-12.5813,133.7471,314,1.1,1,2014-06-26,0134,Terra,MODIS,38,6.2,299.7,6.3,D,0
-12.5734,133.7584,313.8,1.1,1,2014-06-26,0134,Terra,MODIS,54,6.2,299.4,6.2,D,0
-12.6417,133.793,314.9,1.1,1,2014-06-26,0134,Terra,MODIS,63,6.2,301.1,7.3,D,0
-11.6058,130.3922,337.8,1.1,1,2014-06-26,0134,Terra,MODIS,86,6.2,302.7,34.8,D,0
-11.5934,130.3737,357.8,1.1,1,2014-06-26,0134,Terra,MODIS,93,6.2,300.6,84.9,D,0
-11.6528,130.3478,353.4,1.1,1,2014-06-26,0134,Terra,MODIS,73,6.2,304.5,71.4,D,0
-11.6167,130.4007,349.9,1.1,1,2014-06-26,0134,Terra,MODIS,95,6.2,303.4,60.1,D,0
-11.6043,130.3822,346.9,1.1,1,2014-06-26,0134,Terra,MODIS,94,6.2,303.5,54.5,D,0
-11.648,130.3551,353,1.1,1,2014-06-26,0134,Terra,MODIS,97,6.2,303.5,70.1,D,0
-11.6465,130.3452,343.6,1.1,1,2014-06-26,0134,Terra,MODIS,92,6.2,301.7,49.2,D,0
-11.6682,130.4467,320.2,1.1,1,2014-06-26,0134,Terra,MODIS,0,6.2,299.8,12,D,0
-11.6321,130.4387,325.1,1.1,1,2014-06-26,0134,Terra,MODIS,66,6.2,300.1,18,D,0
-11.6306,130.4289,336.8,1.1,1,2014-06-26,0134,Terra,MODIS,88,6.2,302.1,34.3,D,0
-11.6291,130.419,329.9,1.1,1,2014-06-26,0134,Terra,MODIS,71,6.2,302.8,21.8,D,0
-11.6777,130.3846,318.3,1.1,1,2014-06-26,0134,Terra,MODIS,39,6.2,301.1,8.4,D,0
-11.6543,130.3577,330.1,1.1,1,2014-06-26,0134,Terra,MODIS,64,6.2,303,23.4,D,0
-11.6871,130.322,314.9,1.1,1,2014-06-26,0134,Terra,MODIS,57,6.2,299.5,8.2,D,0
-11.6856,130.3121,324.5,1.1,1,2014-06-26,0134,Terra,MODIS,79,6.2,301.7,18.6,D,0
-11.6824,130.3534,317.6,1.1,1,2014-06-26,0134,Terra,MODIS,56,6.2,300.4,10,D,0
-12.0807,132.7602,332.2,1,1,2014-06-26,0134,Terra,MODIS,61,6.2,302,23.1,D,0
-12.652,131.1469,328.8,1,1,2014-06-26,0134,Terra,MODIS,82,6.2,302.5,19.4,D,0
-11.5619,132.7363,312.6,1,1,2014-06-26,0134,Terra,MODIS,52,6.2,300.7,4.9,D,0
-12.7998,131.952,324.3,1,1,2014-06-26,0134,Terra,MODIS,77,6.2,304.4,12.6,D,0
-12.2565,133.8026,317.6,1.1,1,2014-06-26,0134,Terra,MODIS,66,6.2,302,8.3,D,0
-12.8011,131.9611,321.2,1,1,2014-06-26,0134,Terra,MODIS,66,6.2,302.7,10.2,D,0
-11.4209,132.465,316.5,1,1,2014-06-26,0134,Terra,MODIS,24,6.2,299.2,8.1,D,0
-12.6443,132.8388,314.1,1,1,2014-06-26,0134,Terra,MODIS,52,6.2,301.8,4.5,D,0
-12.2127,133.8753,314.5,1.1,1,2014-06-26,0134,Terra,MODIS,60,6.2,301,5.8,D,0
-12.3081,133.7649,335.5,1.1,1,2014-06-26,0134,Terra,MODIS,87,6.2,300.7,31.1,D,0
-12.3095,133.7747,328,1.1,1,2014-06-26,0134,Terra,MODIS,81,6.2,300.4,20.2,D,0
-11.4192,132.3909,310.9,1,1,2014-06-26,0134,Terra,MODIS,44,6.2,298.1,4.4,D,0
-12.1236,132.7385,321.2,1,1,2014-06-26,0134,Terra,MODIS,32,6.2,302.3,9.8,D,0
-11.5669,132.7076,317.3,1,1,2014-06-26,0134,Terra,MODIS,56,6.2,301.4,8.8,D,0
-11.4285,132.4545,321.2,1,1,2014-06-26,0134,Terra,MODIS,46,6.2,299.2,12,D,0
-12.9665,132.5865,314.1,1,1,2014-06-26,0134,Terra,MODIS,38,6.2,301.5,5.1,D,0
-11.4205,132.4,332.7,1,1,2014-06-26,0134,Terra,MODIS,85,6.2,299.6,26.8,D,0
-11.2267,131.902,319.8,1,1,2014-06-26,0134,Terra,MODIS,62,6.2,300.1,12.1,D,0
-12.1159,132.749,329,1,1,2014-06-26,0134,Terra,MODIS,44,6.2,303.3,17,D,0
-12.9827,142.8042,325.6,4.8,2,2014-06-26,0134,Terra,MODIS,71,6.2,290.1,185.1,D,0
-12.6415,131.139,324,1,1,2014-06-26,0134,Terra,MODIS,77,6.2,301,14.2,D,0
-12.6429,131.1483,321.2,1,1,2014-06-26,0134,Terra,MODIS,61,6.2,301.1,11.4,D,0
-12.9813,142.7993,321.7,4.8,2,2014-06-26,0134,Terra,MODIS,61,6.2,289.3,146.4,D,0
-12.1199,132.7767,324,1,1,2014-06-26,0134,Terra,MODIS,55,6.2,302.9,14.4,D,0
-13.147,131.8093,319.1,1,1,2014-06-26,0135,Terra,MODIS,44,6.2,305,6.6,D,0
-13.6356,131.9385,330.4,1,1,2014-06-26,0135,Terra,MODIS,82,6.2,304.9,21.1,D,0
-13.6369,131.9476,322.9,1,1,2014-06-26,0135,Terra,MODIS,75,6.2,303.1,12.6,D,0
-13.7728,132.9446,320.7,1,1,2014-06-26,0135,Terra,MODIS,57,6.2,302.2,10.9,D,0
-13.7715,132.9351,320,1,1,2014-06-26,0135,Terra,MODIS,53,6.2,302,10.6,D,0
-13.3346,133.03,312.3,1,1,2014-06-26,0135,Terra,MODIS,31,6.2,301.4,4.6,D,0
-13.6818,130.7692,318.5,1,1,2014-06-26,0135,Terra,MODIS,69,6.2,301.3,9.9,D,0
-13.6637,130.772,317,1,1,2014-06-26,0135,Terra,MODIS,34,6.2,300.6,7.9,D,0
-13.6022,132.8503,320.7,1,1,2014-06-26,0135,Terra,MODIS,39,6.2,304,10.8,D,0
-14.1061,133.0966,327.7,1.1,1,2014-06-26,0135,Terra,MODIS,80,6.2,300.5,20.6,D,0
-14.1075,133.1063,332.9,1.1,1,2014-06-26,0135,Terra,MODIS,85,6.2,302.3,28.3,D,0
-13.5904,132.8327,335.7,1,1,2014-06-26,0135,Terra,MODIS,87,6.2,304.1,29.7,D,0
-14.2023,133.4438,315.2,1.1,1,2014-06-26,0135,Terra,MODIS,54,6.2,302.1,7.6,D,0
-13.5718,131.4447,317.9,1,1,2014-06-26,0135,Terra,MODIS,63,6.2,303.7,8.2,D,0
-13.3358,132.1525,319,1,1,2014-06-26,0135,Terra,MODIS,66,6.2,305.4,5.4,D,0
-13.3268,132.1538,328.3,1,1,2014-06-26,0135,Terra,MODIS,80,6.2,306.9,14.8,D,0
-13.3255,132.1446,331.3,1,1,2014-06-26,0135,Terra,MODIS,83,6.2,306.5,19,D,0
-13.1922,133.1346,316.1,1,1,2014-06-26,0135,Terra,MODIS,63,6.2,301.3,8.9,D,0
-13.1936,133.1441,314.2,1,1,2014-06-26,0135,Terra,MODIS,57,6.2,299.7,7.3,D,0
-13.2261,133.11,312.6,1,1,2014-06-26,0135,Terra,MODIS,47,6.2,301.1,4.8,D,0
-14.2037,133.4537,314.6,1.1,1,2014-06-26,0135,Terra,MODIS,46,6.2,301.3,7.1,D,0
-14.2131,133.4524,315.2,1.1,1,2014-06-26,0135,Terra,MODIS,42,6.2,302.1,7.2,D,0
-13.0645,131.8746,324.5,1,1,2014-06-26,0135,Terra,MODIS,75,6.2,305.3,13,D,0
-14.237,133.443,316.8,1.1,1,2014-06-26,0135,Terra,MODIS,66,6.2,302.3,9.7,D,0
-13.5803,132.8209,328.7,1,1,2014-06-26,0135,Terra,MODIS,81,6.2,303.6,21.6,D,0
-13.9139,132.3304,311.4,1,1,2014-06-26,0135,Terra,MODIS,37,6.2,300.5,4.4,D,0
-13.9567,132.3715,324.3,1,1,2014-06-26,0135,Terra,MODIS,77,6.2,301.7,15.5,D,0
-13.5918,132.8421,333.1,1,1,2014-06-26,0135,Terra,MODIS,83,6.2,304.4,25.5,D,0
-13.6546,130.7734,314.4,1,1,2014-06-26,0135,Terra,MODIS,37,6.2,300.6,6.2,D,0
-13.4437,131.0829,319.2,1,1,2014-06-26,0135,Terra,MODIS,69,6.2,303.4,8.3,D,0
-13.7009,134.1486,320,1.2,1.1,2014-06-26,0135,Terra,MODIS,50,6.2,302,11.6,D,0
-13.7024,134.1592,327.2,1.2,1.1,2014-06-26,0135,Terra,MODIS,79,6.2,301.8,21.6,D,0
-13.2486,131.3778,319.9,1,1,2014-06-26,0135,Terra,MODIS,59,6.2,305.6,7.3,D,0
-13.9581,132.3808,341,1,1,2014-06-26,0135,Terra,MODIS,90,6.2,303,39.2,D,0
-13.6833,132.8964,320,1,1,2014-06-26,0135,Terra,MODIS,49,6.2,302.5,9.2,D,0
-13.6127,132.8584,320.7,1,1,2014-06-26,0135,Terra,MODIS,52,6.2,301.8,9.8,D,0
-13.696,131.8483,329,1,1,2014-06-26,0135,Terra,MODIS,81,6.2,304.1,17.6,D,0
-13.6947,131.8391,320,1,1,2014-06-26,0135,Terra,MODIS,63,6.2,303,8.6,D,0
-13.2094,132.4849,317.4,1,1,2014-06-26,0135,Terra,MODIS,55,6.2,305.6,5.8,D,0
-13.6603,133.3773,315.9,1.1,1,2014-06-26,0135,Terra,MODIS,64,6.2,302.7,6.7,D,0
-13.6589,133.3675,312.9,1.1,1,2014-06-26,0135,Terra,MODIS,52,6.2,301.5,4.2,D,0
-13.7008,132.8971,322.7,1,1,2014-06-26,0135,Terra,MODIS,75,6.2,304.1,13.4,D,0
-13.6974,131.8575,326.5,1,1,2014-06-26,0135,Terra,MODIS,79,6.2,305.1,14.1,D,0
-13.7831,130.8908,322.5,1,1,2014-06-26,0135,Terra,MODIS,75,6.2,304.8,11.9,D,0
-13.7817,130.8815,318.2,1,1,2014-06-26,0135,Terra,MODIS,63,6.2,303.9,7.5,D,0
-13.5817,132.8303,322,1,1,2014-06-26,0135,Terra,MODIS,74,6.2,303.3,13.6,D,0
-13.5878,132.8139,314.7,1,1,2014-06-26,0135,Terra,MODIS,52,6.2,299.9,7.3,D,0
-13.7416,131.8443,315.9,1,1,2014-06-26,0135,Terra,MODIS,62,6.2,302.6,6.2,D,0
-13.5891,132.8233,364.1,1,1,2014-06-26,0135,Terra,MODIS,100,6.2,304.9,95.2,D,0
-13.7326,131.8457,313.5,1,1,2014-06-26,0135,Terra,MODIS,39,6.2,302.3,4.1,D,0
-13.0659,131.8837,322.2,1,1,2014-06-26,0135,Terra,MODIS,72,6.2,304.4,10.4,D,0
-13.0403,131.8969,316.2,1,1,2014-06-26,0135,Terra,MODIS,52,6.2,303,4.9,D,0
-13.0389,131.8878,317.6,1,1,2014-06-26,0135,Terra,MODIS,62,6.2,304.9,5.9,D,0
-14.0565,133.1299,314,1.1,1,2014-06-26,0135,Terra,MODIS,47,6.2,302.6,6.2,D,0
-13.3015,133.1907,315.2,1,1,2014-06-26,0135,Terra,MODIS,54,6.2,302.2,5.3,D,0
-13.3029,133.2003,315.1,1,1,2014-06-26,0135,Terra,MODIS,56,6.2,301.9,5.2,D,0
-13.4324,132.3103,318,1,1,2014-06-26,0135,Terra,MODIS,44,6.2,302.4,7.8,D,0
-13.4414,132.3089,334.4,1,1,2014-06-26,0135,Terra,MODIS,86,6.2,304,27.1,D,0
-14.1708,131.4476,318,1,1,2014-06-26,0135,Terra,MODIS,53,6.2,305.5,8.4,D,0
-13.3117,133.1305,315.2,1,1,2014-06-26,0135,Terra,MODIS,51,6.2,300.9,6.4,D,0
-13.1546,131.7988,322.3,1,1,2014-06-26,0135,Terra,MODIS,63,6.2,305.8,9.7,D,0
-13.9183,126.9287,313.7,1.6,1.3,2014-06-26,0135,Terra,MODIS,56,6.2,298.5,10.5,D,0
-13.9591,130.0508,311.8,1.1,1,2014-06-26,0135,Terra,MODIS,43,6.2,299,6.5,D,0
-13.9606,130.0606,325.8,1.1,1,2014-06-26,0135,Terra,MODIS,79,6.2,300.3,20.9,D,0
-15.1039,126.1157,312.3,1.8,1.3,2014-06-26,0135,Terra,MODIS,27,6.2,298,13,D,0
-14.4959,130.0687,318.4,1.1,1,2014-06-26,0135,Terra,MODIS,56,6.2,301.3,9.4,D,0
-14.7213,126.0095,315.8,1.8,1.3,2014-06-26,0135,Terra,MODIS,29,6.2,299.1,16.8,D,0
-15.255,127.4653,324.1,1.4,1.2,2014-06-26,0135,Terra,MODIS,69,6.2,299.6,22.5,D,0
-13.8596,126.991,334.6,1.6,1.2,2014-06-26,0135,Terra,MODIS,62,6.2,300.2,51.9,D,0
-14.533,130.0025,324.6,1.1,1,2014-06-26,0135,Terra,MODIS,79,6.2,300.1,17.7,D,0
-15.6522,130.4572,323.4,1,1,2014-06-26,0135,Terra,MODIS,77,6.2,302.4,14.7,D,0
-15.3406,127.915,313.3,1.3,1.1,2014-06-26,0135,Terra,MODIS,28,6.2,299,7.7,D,0
-13.7741,130.7095,311.3,1,1,2014-06-26,0135,Terra,MODIS,41,6.2,300.9,4.8,D,0
-14.5908,130.0866,319.8,1.1,1,2014-06-26,0135,Terra,MODIS,61,6.2,300.9,11.6,D,0
-15.2928,127.4318,316.7,1.4,1.2,2014-06-26,0135,Terra,MODIS,68,6.2,299.1,14.4,D,0
-14.5708,130.1396,316.8,1.1,1,2014-06-26,0135,Terra,MODIS,60,6.2,301.6,9.3,D,0
-15.1084,126.1207,312.7,1.8,1.3,2014-06-26,0135,Terra,MODIS,46,6.2,297.3,14.4,D,0
-13.8795,126.9726,338.3,1.6,1.2,2014-06-26,0135,Terra,MODIS,61,6.2,299.2,60.6,D,0
-13.8684,126.9745,324.5,1.6,1.2,2014-06-26,0135,Terra,MODIS,73,6.2,299.5,31.1,D,0
-13.8572,126.9764,383.9,1.6,1.2,2014-06-26,0135,Terra,MODIS,100,6.2,304.7,324.6,D,0
-15.2906,127.4188,310.4,1.4,1.2,2014-06-26,0135,Terra,MODIS,41,6.2,298.3,6.4,D,0
-13.866,126.9598,317.3,1.6,1.2,2014-06-26,0135,Terra,MODIS,48,6.2,297.6,18.1,D,0
-13.8548,126.9617,328.3,1.6,1.2,2014-06-26,0135,Terra,MODIS,64,6.2,298.3,38.8,D,0
-14.8712,126.0924,314.7,1.8,1.3,2014-06-26,0135,Terra,MODIS,59,6.2,297.9,18.3,D,0
-15.2507,127.4725,324.1,1.4,1.2,2014-06-26,0135,Terra,MODIS,78,6.2,300.1,22.5,D,0
-14.1337,133.0926,313.7,1.1,1,2014-06-26,0135,Terra,MODIS,48,6.2,301.2,5.6,D,0
-13.9533,129.7658,314.5,1.1,1,2014-06-26,0135,Terra,MODIS,48,6.2,298.4,9.5,D,0
-15.3147,130.06,314,1,1,2014-06-26,0135,Terra,MODIS,59,6.2,299.6,6.6,D,0
-14.8739,126.1087,312,1.8,1.3,2014-06-26,0135,Terra,MODIS,42,6.2,297.2,13.3,D,0
-15.6042,129.306,316.5,1.1,1,2014-06-26,0135,Terra,MODIS,57,6.2,298.8,9.4,D,0
-15.3508,127.9132,315.3,1.3,1.1,2014-06-26,0135,Terra,MODIS,61,6.2,298.9,10.5,D,0
-15.2972,127.8919,318.8,1.3,1.1,2014-06-26,0135,Terra,MODIS,71,6.2,300.1,13.9,D,0
-15.0434,131.0619,327.4,1,1,2014-06-26,0135,Terra,MODIS,81,6.2,301.6,20.3,D,0
-15.0381,127.7587,313.1,1.4,1.2,2014-06-26,0135,Terra,MODIS,58,6.2,299.4,8.7,D,0
-15.0448,131.0712,312.4,1,1,2014-06-26,0135,Terra,MODIS,40,6.2,300.9,5.3,D,0
-15.0277,127.7606,316,1.4,1.2,2014-06-26,0135,Terra,MODIS,67,6.2,298.6,12.5,D,0
-15.0563,126.0965,313.3,1.8,1.3,2014-06-26,0135,Terra,MODIS,61,6.2,297.9,16.7,D,0
-15.0462,131.0805,312.2,1,1,2014-06-26,0135,Terra,MODIS,45,6.2,300.8,5.2,D,0
-14.5125,130.1757,325.9,1.1,1,2014-06-26,0135,Terra,MODIS,37,6.2,299.8,16.8,D,0
-14.5346,130.0125,325.5,1.1,1,2014-06-26,0135,Terra,MODIS,79,6.2,301.2,18.1,D,0
-14.5468,130.0306,318.5,1.1,1,2014-06-26,0135,Terra,MODIS,40,6.2,299.7,10.6,D,0
-13.8891,127.0313,328.4,1.6,1.2,2014-06-26,0135,Terra,MODIS,50,6.2,300.6,32.6,D,0
-13.8732,127.0039,327.4,1.6,1.2,2014-06-26,0135,Terra,MODIS,36,6.2,300.2,32.1,D,0
-15.0406,131.1666,319.3,1,1,2014-06-26,0135,Terra,MODIS,71,6.2,302.5,10.3,D,0
-15.042,131.1758,318.5,1,1,2014-06-26,0135,Terra,MODIS,70,6.2,301.2,9.9,D,0
-15.6508,130.4477,319.1,1,1,2014-06-26,0135,Terra,MODIS,68,6.2,300.4,10.6,D,0
-15.0535,126.0802,314.5,1.8,1.3,2014-06-26,0135,Terra,MODIS,64,6.2,297.6,18.6,D,0
-13.9519,126.9227,313.5,1.6,1.3,2014-06-26,0135,Terra,MODIS,46,6.2,299.2,11.4,D,0
-15.6823,130.4717,323.6,1,1,2014-06-26,0135,Terra,MODIS,77,6.2,300.2,15.3,D,0
-15.6837,130.481,318.6,1,1,2014-06-26,0135,Terra,MODIS,71,6.2,301.6,10.7,D,0
-13.9617,127.1896,313.6,1.5,1.2,2014-06-26,0135,Terra,MODIS,39,6.2,297.8,11.1,D,0
-13.9594,127.1757,313.9,1.6,1.2,2014-06-26,0135,Terra,MODIS,50,6.2,299.8,11.7,D,0
-14.4716,129.6653,315.5,1.1,1,2014-06-26,0135,Terra,MODIS,59,6.2,300.7,7.8,D,0
-13.8897,126.9639,321.9,1.6,1.2,2014-06-26,0135,Terra,MODIS,58,6.2,299,23.3,D,0
-13.8872,126.9492,316.9,1.6,1.2,2014-06-26,0135,Terra,MODIS,43,6.2,298.1,16.3,D,0
-13.6817,134.1514,320.1,1.2,1.1,2014-06-26,0135,Terra,MODIS,65,6.2,301.1,13.4,D,0
-16.3108,137.0267,315,1.9,1.4,2014-06-26,0135,Terra,MODIS,50,6.2,297.7,19,D,0
-16.2721,137.0135,339.7,1.9,1.4,2014-06-26,0135,Terra,MODIS,90,6.2,300.3,94.6,D,0
-15.9886,135.9895,378.2,1.6,1.2,2014-06-26,0135,Terra,MODIS,100,6.2,306.3,274.2,D,0
-15.9792,136.006,344.9,1.6,1.2,2014-06-26,0135,Terra,MODIS,92,6.2,301.6,84.5,D,0
-15.9774,135.991,380.5,1.6,1.2,2014-06-26,0135,Terra,MODIS,100,6.2,306.4,294.8,D,0
-15.983,136.036,324.9,1.6,1.2,2014-06-26,0135,Terra,MODIS,67,6.2,300,28.9,D,0
-15.9905,136.0045,348.3,1.6,1.2,2014-06-26,0135,Terra,MODIS,94,6.2,304.1,97.3,D,0
-12.9969,130.8676,324.9,1,1,2014-06-26,0135,Terra,MODIS,63,6.2,303.2,14,D,0
-12.994,130.8488,324.7,1,1,2014-06-26,0135,Terra,MODIS,66,6.2,302.3,14.6,D,0
-15.9717,136.0374,341.6,1.6,1.2,2014-06-26,0135,Terra,MODIS,91,6.2,301.9,77.1,D,0
-15.9568,136.0088,328.5,1.6,1.2,2014-06-26,0135,Terra,MODIS,82,6.2,298.8,41.4,D,0
-14.661,134.6936,323.4,1.3,1.1,2014-06-26,0135,Terra,MODIS,63,6.2,301.3,19.8,D,0
-15.9586,136.0238,348.8,1.6,1.2,2014-06-26,0135,Terra,MODIS,95,6.2,302.4,105.8,D,0
-16.27,136.9957,326.9,1.9,1.3,2014-06-26,0135,Terra,MODIS,78,6.2,297.9,48.9,D,0
-13.21,130.7579,342.9,1,1,2014-06-26,0135,Terra,MODIS,91,6.2,303.8,43.4,D,0
-13.6304,134.0899,316.1,1.1,1.1,2014-06-26,0135,Terra,MODIS,52,6.2,301.3,8.2,D,0
-16.3129,137.0447,314.6,1.9,1.4,2014-06-26,0135,Terra,MODIS,51,6.2,299.5,18.5,D,0
-13.2085,130.7484,368.2,1,1,2014-06-26,0135,Terra,MODIS,100,6.2,306,109,D,0
-14.497,134.2401,330.5,1.2,1.1,2014-06-26,0135,Terra,MODIS,83,6.2,303.8,27.5,D,0
-15.9338,141.4653,315.9,4.1,1.9,2014-06-26,0135,Terra,MODIS,65,6.2,300.4,60.4,D,0
-13.6775,134.1476,316.2,1.1,1.1,2014-06-26,0135,Terra,MODIS,38,6.2,301,8.8,D,0
-15.9605,136.0388,329.3,1.6,1.2,2014-06-26,0135,Terra,MODIS,82,6.2,300.6,42.2,D,0
-13.3802,133.75,310.7,1.1,1,2014-06-26,0135,Terra,MODIS,47,6.2,299.2,5.8,D,0
-12.9954,130.8582,347.7,1,1,2014-06-26,0135,Terra,MODIS,94,6.2,304.5,51.6,D,0
-14.4955,134.2291,312.9,1.2,1.1,2014-06-26,0135,Terra,MODIS,26,6.2,300.9,5.8,D,0
-15.9755,135.9762,347.8,1.6,1.2,2014-06-26,0135,Terra,MODIS,94,6.2,300,104.4,D,0
-14.5098,134.2606,324.9,1.2,1.1,2014-06-26,0135,Terra,MODIS,78,6.2,304.7,18.6,D,0
-16.2842,137.012,330.4,1.9,1.4,2014-06-26,0135,Terra,MODIS,70,6.2,298.9,57.4,D,0
-15.9374,141.4598,314.2,4.1,1.9,2014-06-26,0135,Terra,MODIS,60,6.2,300.1,48.8,D,0
-15.9979,135.9733,309,1.6,1.2,2014-06-26,0135,Terra,MODIS,28,6.2,297.4,8.2,D,0
-12.9883,130.811,317,1,1,2014-06-26,0135,Terra,MODIS,20,6.2,304.8,7.1,D,0
-15.9867,135.9747,393.6,1.6,1.2,2014-06-26,0135,Terra,MODIS,100,6.2,305,419.2,D,0
-16.2599,137.015,316.7,1.9,1.4,2014-06-26,0135,Terra,MODIS,54,6.2,299.6,23.7,D,0
-13.2071,130.7389,322.9,1,1,2014-06-26,0135,Terra,MODIS,74,6.2,300.1,14.9,D,0
-14.6713,134.6975,321.4,1.3,1.1,2014-06-26,0135,Terra,MODIS,59,6.2,300.9,16.3,D,0
-14.7327,126.0774,332.3,1.8,1.3,2014-06-26,0135,Terra,MODIS,85,6.2,299.5,56.5,D,0
-14.7389,126.0703,323.5,1.8,1.3,2014-06-26,0135,Terra,MODIS,76,6.2,299,33.2,D,0
-14.7419,126.087,322.8,1.8,1.3,2014-06-26,0135,Terra,MODIS,73,6.2,298.8,30.8,D,0
-15.0779,125.8294,311.1,1.9,1.3,2014-06-26,0135,Terra,MODIS,50,6.2,296.8,15,D,0
-14.9512,126.0213,319.2,1.8,1.3,2014-06-26,0135,Terra,MODIS,54,6.2,297.1,24.6,D,0
-14.7066,125.9947,325.7,1.8,1.3,2014-06-26,0135,Terra,MODIS,79,6.2,299.3,41,D,0
-14.7152,126.0045,326.7,1.8,1.3,2014-06-26,0135,Terra,MODIS,80,6.2,299.7,42.4,D,0
-14.7094,126.0115,316.5,1.8,1.3,2014-06-26,0135,Terra,MODIS,56,6.2,298.2,19.2,D,0
-14.4906,133.0162,317.7,1.1,1,2014-06-26,0135,Terra,MODIS,68,6.2,302.6,9.3,D,0
-14.5369,131.7434,319.7,1,1,2014-06-26,0135,Terra,MODIS,28,6.2,301.8,9.2,D,0
-14.55,131.7697,320.3,1,1,2014-06-26,0135,Terra,MODIS,40,6.2,301,9.2,D,0
-14.5706,131.7854,316.7,1,1,2014-06-26,0135,Terra,MODIS,33,6.2,303.2,5.2,D,0
-14.5495,131.7038,318.8,1,1,2014-06-26,0135,Terra,MODIS,65,6.2,298.7,9.6,D,0
-14.4171,132.7617,312.5,1,1,2014-06-26,0135,Terra,MODIS,52,6.2,301.7,4.8,D,0
-14.6379,132.4403,321.8,1,1,2014-06-26,0135,Terra,MODIS,74,6.2,302.6,13.3,D,0
-14.6393,132.4497,318.6,1,1,2014-06-26,0135,Terra,MODIS,70,6.2,303.1,10.3,D,0
-14.4955,133.1847,314.7,1.1,1,2014-06-26,0135,Terra,MODIS,61,6.2,302,7.1,D,0
-14.3955,132.9278,315.4,1,1,2014-06-26,0135,Terra,MODIS,62,6.2,303.1,6.7,D,0
-14.3942,132.9182,314.6,1,1,2014-06-26,0135,Terra,MODIS,59,6.2,302,5.9,D,0
-15.7631,129.2668,314.6,1.1,1,2014-06-26,0135,Terra,MODIS,48,6.2,299.4,7.8,D,0
-15.7725,129.2652,315,1.1,1,2014-06-26,0135,Terra,MODIS,56,6.2,299.2,8,D,0
-14.4157,132.7522,318.6,1,1,2014-06-26,0135,Terra,MODIS,69,6.2,302.2,10.2,D,0
-15.7255,129.2731,321,1.1,1,2014-06-26,0135,Terra,MODIS,74,6.2,299.8,14.4,D,0
-15.7742,129.2754,315.1,1.1,1,2014-06-26,0135,Terra,MODIS,55,6.2,299.8,8.3,D,0
-13.364,133.2995,313.5,1.1,1,2014-06-26,0135,Terra,MODIS,49,6.2,301.9,5.2,D,0
-13.4871,133.5856,313.2,1.1,1,2014-06-26,0135,Terra,MODIS,46,6.2,299.7,6.9,D,0
-15.7647,129.2769,315.3,1.1,1,2014-06-26,0135,Terra,MODIS,53,6.2,299.6,8.5,D,0
-14.0843,129.67,380.8,1.1,1,2014-06-26,0135,Terra,MODIS,100,6.2,306,175.5,D,0
-13.9156,130.4903,320.5,1,1,2014-06-26,0135,Terra,MODIS,32,6.2,303.6,8.6,D,0
-13.9714,130.5498,321.8,1,1,2014-06-26,0135,Terra,MODIS,32,6.2,302.6,10.5,D,0
-14.2093,129.6328,322.5,1.1,1,2014-06-26,0135,Terra,MODIS,76,6.2,301.3,15.8,D,0
-14.2136,129.6261,312.1,1.1,1,2014-06-26,0135,Terra,MODIS,55,6.2,300.3,6.5,D,0
-14.2152,129.6362,316.9,1.1,1,2014-06-26,0135,Terra,MODIS,69,6.2,300.6,11.4,D,0
-13.9488,130.5242,321.4,1,1,2014-06-26,0135,Terra,MODIS,29,6.2,303.2,10,D,0
-14.4601,130.19,317.4,1.1,1,2014-06-26,0135,Terra,MODIS,48,6.2,300.6,9.1,D,0
-14.0223,130.5844,321,1,1,2014-06-26,0135,Terra,MODIS,40,6.2,304.1,9,D,0
-14.3932,130.3551,314.4,1,1,2014-06-26,0135,Terra,MODIS,61,6.2,299.1,8.3,D,0
-14.138,130.433,322.4,1,1,2014-06-26,0135,Terra,MODIS,75,6.2,302.6,10.1,D,0
-14.1471,130.4316,319,1,1,2014-06-26,0135,Terra,MODIS,50,6.2,304.4,6.2,D,0
-14.3918,130.3455,313.9,1,1,2014-06-26,0135,Terra,MODIS,60,6.2,301.3,7.7,D,0
-14.1429,130.5884,318.1,1,1,2014-06-26,0135,Terra,MODIS,27,6.2,300.1,9.2,D,0
-13.9383,130.5161,330.5,1,1,2014-06-26,0135,Terra,MODIS,56,6.2,303.6,20.1,D,0
-13.9277,130.508,323.4,1,1,2014-06-26,0135,Terra,MODIS,37,6.2,303.3,12.5,D,0
-15.0665,125.8718,312.1,1.8,1.3,2014-06-26,0135,Terra,MODIS,25,6.2,298.4,12,D,0
-14.1338,130.5897,321,1,1,2014-06-26,0135,Terra,MODIS,66,6.2,301.8,11.9,D,0
-13.9205,130.0469,310.8,1.1,1,2014-06-26,0135,Terra,MODIS,33,6.2,299.5,5.4,D,0
-13.922,130.0568,313.9,1.1,1,2014-06-26,0135,Terra,MODIS,58,6.2,299.8,7.9,D,0
-14.0591,129.6322,318.2,1.1,1.1,2014-06-26,0135,Terra,MODIS,53,6.2,299.4,14.1,D,0
-14.1365,130.4235,317.7,1,1,2014-06-26,0135,Terra,MODIS,56,6.2,304.6,5.4,D,0
-14.0575,129.622,330.9,1.1,1.1,2014-06-26,0135,Terra,MODIS,0,6.2,300.8,30.3,D,0
-14.1506,130.5774,326.4,1,1,2014-06-26,0135,Terra,MODIS,74,6.2,299.4,18.1,D,0
-14.0859,129.6802,355.1,1.1,1,2014-06-26,0135,Terra,MODIS,97,6.2,303.7,78.6,D,0
-14.0937,129.6685,323.3,1.1,1,2014-06-26,0135,Terra,MODIS,76,6.2,299.2,19.4,D,0
-14.0953,129.6787,315.9,1.1,1,2014-06-26,0135,Terra,MODIS,65,6.2,299.8,10.7,D,0
-14.1415,130.5788,326.6,1,1,2014-06-26,0135,Terra,MODIS,79,6.2,303.2,17.9,D,0
-13.9262,130.4984,322.9,1,1,2014-06-26,0135,Terra,MODIS,65,6.2,304.1,12,D,0
-17.316,123.118,326.4,2.7,1.6,2014-06-26,0136,Terra,MODIS,81,6.2,297.1,83.7,D,0
-15.709,125.0075,310.7,2.1,1.4,2014-06-26,0136,Terra,MODIS,44,6.2,298.9,13.5,D,0
-17.3114,123.0932,315.4,2.7,1.6,2014-06-26,0136,Terra,MODIS,67,6.2,295.5,39.6,D,0
-17.3199,123.1112,324,2.7,1.6,2014-06-26,0136,Terra,MODIS,78,6.2,296.4,70.5,D,0
-15.9843,126.4663,312.7,1.6,1.2,2014-06-26,0136,Terra,MODIS,57,6.2,298.9,12.3,D,0
-17.9265,137.8519,320.7,2.3,1.5,2014-06-26,0136,Terra,MODIS,76,6.2,299,47,D,0
-17.7314,137.2735,312.5,2.1,1.4,2014-06-26,0136,Terra,MODIS,63,6.2,297.2,20.1,D,0
-17.7314,137.2668,308.4,2.1,1.4,2014-06-26,0136,Terra,MODIS,31,6.2,297.1,11.5,D,0
-17.7336,137.2867,308.7,2.1,1.4,2014-06-26,0136,Terra,MODIS,34,6.2,297.1,11.7,D,0
-24.0054,133.4222,307.3,1.4,1.2,2014-06-26,0137,Terra,MODIS,55,6.2,293.5,10.2,D,0
-24.007,133.4358,308.3,1.4,1.2,2014-06-26,0137,Terra,MODIS,58,6.2,293.3,11.2,D,0
-20.8299,130.3512,327,1,1,2014-06-26,0137,Terra,MODIS,82,6.2,297.8,20.5,D,0
-20.8313,130.3607,328.5,1,1,2014-06-26,0137,Terra,MODIS,83,6.2,296.8,22.7,D,0
-22.7749,123.2472,306.9,2,1.4,2014-06-26,0137,Terra,MODIS,56,6.2,295.7,12.3,D,0
-20.0988,125.5717,316.5,1.6,1.2,2014-06-26,0137,Terra,MODIS,39,6.2,299.6,14.1,D,0
-20.0469,125.5354,313.1,1.6,1.2,2014-06-26,0137,Terra,MODIS,40,6.2,299.7,10.7,D,0
-20.0904,125.5817,315.7,1.6,1.2,2014-06-26,0137,Terra,MODIS,22,6.2,298.8,13.8,D,0
-20.1014,125.5796,326.1,1.6,1.2,2014-06-26,0137,Terra,MODIS,80,6.2,298.9,33.6,D,0
-20.1013,125.5865,320.8,1.6,1.2,2014-06-26,0137,Terra,MODIS,68,6.2,298,22.9,D,0
-24.3675,124.4858,318.6,1.5,1.2,2014-06-26,0138,Terra,MODIS,76,6.2,295,25.4,D,0
-23.2585,122.6616,316.4,2.2,1.4,2014-06-26,0138,Terra,MODIS,74,6.2,294.4,38,D,0
-23.2568,122.6553,308.5,2.2,1.4,2014-06-26,0138,Terra,MODIS,62,6.2,293.9,19.2,D,0
-23.2624,122.6824,314.3,2.2,1.4,2014-06-26,0138,Terra,MODIS,68,6.2,293.5,32,D,0
-24.3702,124.5008,328.4,1.5,1.2,2014-06-26,0138,Terra,MODIS,84,6.2,295.7,45.2,D,0
-23.2608,122.6761,320.2,2.2,1.4,2014-06-26,0138,Terra,MODIS,78,6.2,294.1,48.6,D,0
-33.7346,122.3637,300.4,1.4,1.2,2014-06-26,0140,Terra,MODIS,36,6.2,286.2,8.2,D,0
-37.7392,141.4562,309.4,1.4,1.2,2014-06-26,0417,Aqua,MODIS,69,6.2,284.9,17.8,D,0
-37.9652,140.5567,302.1,1.5,1.2,2014-06-26,0417,Aqua,MODIS,27,6.2,283.5,11.8,D,0
-37.9541,140.5551,303,1.5,1.2,2014-06-26,0417,Aqua,MODIS,45,6.2,281.8,12.8,D,0
-37.7408,141.4405,302.2,1.4,1.2,2014-06-26,0417,Aqua,MODIS,51,6.2,284.6,10.8,D,0
-30.8102,147.0996,311.7,1.2,1.1,2014-06-26,0418,Aqua,MODIS,72,6.2,293.9,11.6,D,0
-30.8081,147.112,304.7,1.2,1.1,2014-06-26,0418,Aqua,MODIS,59,6.2,293.6,5.3,D,0
-31.1706,151.9749,301.4,2.3,1.5,2014-06-26,0418,Aqua,MODIS,46,6.2,289.2,16.2,D,0
-31.2638,149.9133,304.7,1.7,1.3,2014-06-26,0418,Aqua,MODIS,60,6.2,294.1,10.1,D,0
-30.797,150.1124,307.9,1.8,1.3,2014-06-26,0418,Aqua,MODIS,66,6.2,293.1,16.6,D,0
-31.8785,145.8718,318.6,1,1,2014-06-26,0418,Aqua,MODIS,79,6.2,294.1,15.1,D,0
-30.0745,150.9007,300.5,2,1.4,2014-06-26,0418,Aqua,MODIS,38,6.2,287.9,13.5,D,0
-30.8076,150.1031,305.8,1.7,1.3,2014-06-26,0418,Aqua,MODIS,43,6.2,293.6,11.7,D,0
-31.8802,145.8607,314.5,1,1,2014-06-26,0418,Aqua,MODIS,70,6.2,293.1,10.9,D,0
-31.0288,148.4315,312.2,1.4,1.2,2014-06-26,0418,Aqua,MODIS,72,6.2,292.2,15.1,D,0
-31.0351,148.4274,307.3,1.4,1.2,2014-06-26,0418,Aqua,MODIS,65,6.2,292.6,9.6,D,0
-31.8768,145.8828,319.6,1,1,2014-06-26,0418,Aqua,MODIS,79,6.2,293.4,16.4,D,0
-30.8004,150.0943,304.3,1.7,1.3,2014-06-26,0418,Aqua,MODIS,59,6.2,294,10.5,D,0
-31.8819,145.8497,312.6,1,1,2014-06-26,0418,Aqua,MODIS,59,6.2,294.4,9.4,D,0
-27.6418,153.196,303.9,3.3,1.7,2014-06-26,0419,Aqua,MODIS,52,6.2,293.1,23.7,D,0
-29.1886,148.9186,317.8,1.6,1.2,2014-06-26,0419,Aqua,MODIS,72,6.2,295.8,24.4,D,0
-29.9054,148.3508,308.2,1.4,1.2,2014-06-26,0419,Aqua,MODIS,61,6.2,298.1,6.6,D,0
-28.6468,149.2686,311.5,1.7,1.3,2014-06-26,0419,Aqua,MODIS,62,6.2,297.9,14.6,D,0
-30.0001,150.7474,302,2,1.4,2014-06-26,0419,Aqua,MODIS,50,6.2,291.6,12.1,D,0
-29.1915,148.9024,313.1,1.6,1.2,2014-06-26,0419,Aqua,MODIS,48,6.2,297.6,16.7,D,0
-29.1913,148.9092,323.4,1.6,1.2,2014-06-26,0419,Aqua,MODIS,81,6.2,297.8,36.8,D,0
-28.5393,149.4764,308.1,1.8,1.3,2014-06-26,0419,Aqua,MODIS,61,6.2,298.1,10.2,D,0
-25.7483,145.3181,311.1,1.1,1.1,2014-06-26,0420,Aqua,MODIS,60,6.2,299.8,7.4,D,0
-17.6951,137.2603,317.1,1.3,1.1,2014-06-26,0422,Aqua,MODIS,43,6.2,305.4,7.9,D,0
-17.699,138.7472,336.3,1.1,1.1,2014-06-26,0422,Aqua,MODIS,86,6.2,306.7,34,D,0
-17.7003,138.7367,340.2,1.1,1.1,2014-06-26,0422,Aqua,MODIS,89,6.2,304.5,41.5,D,0
-17.6895,138.7458,337.4,1.1,1.1,2014-06-26,0422,Aqua,MODIS,87,6.2,305.8,36.2,D,0
-17.6909,138.7353,368.5,1.1,1.1,2014-06-26,0422,Aqua,MODIS,100,6.2,309.6,121.5,D,0
-17.9243,137.8638,318.2,1.2,1.1,2014-06-26,0422,Aqua,MODIS,28,6.2,303.3,9,D,0
-17.9257,137.8521,343,1.2,1.1,2014-06-26,0422,Aqua,MODIS,91,6.2,306,54.7,D,0
-17.7348,137.2787,341.3,1.3,1.1,2014-06-26,0422,Aqua,MODIS,90,6.2,304.7,57.6,D,0
-17.7363,137.2662,317.7,1.3,1.1,2014-06-26,0422,Aqua,MODIS,63,6.2,303.3,12,D,0
-18.3772,144.6122,330.9,1.3,1.1,2014-06-26,0422,Aqua,MODIS,82,6.2,295.4,37.3,D,0
-18.3646,144.5792,333.5,1.3,1.1,2014-06-26,0422,Aqua,MODIS,86,6.2,297.5,41.3,D,0
-18.3564,144.5652,322.1,1.3,1.1,2014-06-26,0422,Aqua,MODIS,76,6.2,298.7,21.1,D,0
-19.1858,146.0351,308.8,1.6,1.2,2014-06-26,0422,Aqua,MODIS,47,6.2,295.9,10.3,D,0
-18.381,144.6075,328.3,1.3,1.1,2014-06-26,0422,Aqua,MODIS,82,6.2,295.2,32.7,D,0
-18.3791,144.6197,321.9,1.3,1.1,2014-06-26,0422,Aqua,MODIS,67,6.2,293.4,22.7,D,0
-16.3146,137.0986,318.3,1.3,1.1,2014-06-26,0423,Aqua,MODIS,64,6.2,304.3,12,D,0
-15.4843,141.5653,323.2,1,1,2014-06-26,0423,Aqua,MODIS,30,6.2,306.1,8.5,D,0
-14.659,134.4115,323.7,1.9,1.4,2014-06-26,0423,Aqua,MODIS,76,6.2,303.4,34.1,D,0
-13.5814,142.9121,316.8,1.2,1.1,2014-06-26,0423,Aqua,MODIS,61,6.2,299.7,12.2,D,0
-12.9437,142.8623,333.6,1.2,1.1,2014-06-26,0423,Aqua,MODIS,72,6.2,296.1,34.3,D,0
-15.584,142.3193,329.1,1.1,1,2014-06-26,0423,Aqua,MODIS,81,6.2,300.5,22.8,D,0
-14.7335,141.6622,324.1,1.1,1,2014-06-26,0423,Aqua,MODIS,78,6.2,306.2,12.1,D,0
-15.9632,136.0001,344.6,1.5,1.2,2014-06-26,0423,Aqua,MODIS,86,6.2,306.3,73.7,D,0
-14.7434,142.8722,331.4,1.2,1.1,2014-06-26,0423,Aqua,MODIS,72,6.2,294.4,27,D,0
-16.2861,136.9942,343.7,1.3,1.1,2014-06-26,0423,Aqua,MODIS,90,6.2,303,61,D,0
-13.6015,142.7035,327.8,1.2,1.1,2014-06-26,0423,Aqua,MODIS,82,6.2,301.2,26.7,D,0
-13.191,142.782,356.9,1.2,1.1,2014-06-26,0423,Aqua,MODIS,93,6.2,300.5,95.7,D,0
-16.0201,135.9931,334.6,1.5,1.2,2014-06-26,0423,Aqua,MODIS,70,6.2,304.1,41.7,D,0
-14.7485,142.8396,337.3,1.2,1.1,2014-06-26,0423,Aqua,MODIS,84,6.2,290,41.9,D,0
-14.5069,141.5773,320.7,1.1,1,2014-06-26,0423,Aqua,MODIS,60,6.2,305,9.8,D,0
-16.0492,136.6061,315.3,1.4,1.2,2014-06-26,0423,Aqua,MODIS,42,6.2,303.4,9.2,D,0
-15.417,142.8723,330.4,1.2,1.1,2014-06-26,0423,Aqua,MODIS,83,6.2,303,28.5,D,0
-14.251,143.0082,327.3,1.2,1.1,2014-06-26,0423,Aqua,MODIS,74,6.2,298.3,26.4,D,0
-14.7694,134.922,320,1.8,1.3,2014-06-26,0423,Aqua,MODIS,66,6.2,302.1,21.6,D,0
-15.5013,142.0627,324.2,1.1,1,2014-06-26,0423,Aqua,MODIS,76,6.2,303.5,15.4,D,0
-13.6545,142.8324,317.2,1.2,1.1,2014-06-26,0423,Aqua,MODIS,66,6.2,300.6,9.7,D,0
-14.7291,141.6914,325.2,1.1,1,2014-06-26,0423,Aqua,MODIS,79,6.2,306.1,14.1,D,0
-16.0201,136.6682,318.3,1.4,1.2,2014-06-26,0423,Aqua,MODIS,64,6.2,302.2,13.4,D,0
-16.3122,136.041,322.6,1.5,1.2,2014-06-26,0423,Aqua,MODIS,74,6.2,302.9,22.5,D,0
-15.9685,135.957,321.7,1.5,1.2,2014-06-26,0423,Aqua,MODIS,23,6.2,299.3,20.7,D,0
-15.4285,142.7974,323.7,1.2,1.1,2014-06-26,0423,Aqua,MODIS,74,6.2,301.5,15.5,D,0
-14.9192,144.1653,321.3,1.4,1.2,2014-06-26,0423,Aqua,MODIS,76,6.2,299.9,22.4,D,0
-15.5208,141.5712,318.6,1,1,2014-06-26,0423,Aqua,MODIS,62,6.2,305.6,7.2,D,0
-14.7812,134.9233,335.5,1.8,1.3,2014-06-26,0423,Aqua,MODIS,87,6.2,304.2,63.9,D,0
-14.7746,134.9175,329.6,1.8,1.3,2014-06-26,0423,Aqua,MODIS,82,6.2,302.7,45.7,D,0
-16.3035,137.0219,348.4,1.3,1.1,2014-06-26,0423,Aqua,MODIS,94,6.2,306.5,71.5,D,0
-14.4932,134.246,324,2,1.4,2014-06-26,0423,Aqua,MODIS,77,6.2,303.9,35.7,D,0
-16.3105,136.0555,324.6,1.5,1.2,2014-06-26,0423,Aqua,MODIS,77,6.2,306,26.5,D,0
-13.4987,142.6475,316.9,1.2,1.1,2014-06-26,0423,Aqua,MODIS,54,6.2,300.8,10.9,D,0
-16.0025,136.3372,317.6,1.5,1.2,2014-06-26,0423,Aqua,MODIS,58,6.2,302.8,11.8,D,0
-14.6557,134.4061,317.8,1.9,1.4,2014-06-26,0423,Aqua,MODIS,45,6.2,303.1,17.5,D,0
-15.4065,141.6544,367,1,1,2014-06-26,0423,Aqua,MODIS,100,6.2,309.5,102.1,D,0
-15.4475,142.8294,329.9,1.2,1.1,2014-06-26,0423,Aqua,MODIS,83,6.2,302.6,26.2,D,0
-15.506,141.6081,331.7,1,1,2014-06-26,0423,Aqua,MODIS,83,6.2,306.6,21.4,D,0
-14.8791,143.2502,338.8,1.2,1.1,2014-06-26,0423,Aqua,MODIS,65,6.2,301.1,44.3,D,0
-14.7548,142.8629,357,1.2,1.1,2014-06-26,0423,Aqua,MODIS,98,6.2,298.8,88.2,D,0
-15.559,142.2945,326.4,1.1,1,2014-06-26,0423,Aqua,MODIS,64,6.2,301.8,17.5,D,0
-14.6742,134.6952,314.9,1.8,1.3,2014-06-26,0423,Aqua,MODIS,42,6.2,302.9,12.5,D,0
-14.5161,141.5787,323.1,1.1,1,2014-06-26,0423,Aqua,MODIS,69,6.2,308.3,12.5,D,0
-13.5378,142.5869,322.1,1.2,1.1,2014-06-26,0423,Aqua,MODIS,77,6.2,296.5,17.3,D,0
-16.0198,136.0141,330.5,1.5,1.2,2014-06-26,0423,Aqua,MODIS,50,6.2,308,31.5,D,0
-15.5046,141.6178,325.2,1,1,2014-06-26,0423,Aqua,MODIS,77,6.2,306.4,13.2,D,0
-15.4934,141.5668,325.4,1,1,2014-06-26,0423,Aqua,MODIS,43,6.2,305.1,11.2,D,0
-15.4949,141.5572,333.9,1,1,2014-06-26,0423,Aqua,MODIS,85,6.2,303.8,23.2,D,0
-15.4051,141.6641,347.8,1,1,2014-06-26,0423,Aqua,MODIS,94,6.2,305.2,50.5,D,0
-12.942,142.8738,333,1.2,1.1,2014-06-26,0423,Aqua,MODIS,73,6.2,289.6,35.6,D,0
-16.0308,136.0155,322.3,1.5,1.2,2014-06-26,0423,Aqua,MODIS,39,6.2,304.5,17.8,D,0
-16.0008,136.3507,313.3,1.5,1.2,2014-06-26,0423,Aqua,MODIS,25,6.2,301.6,6.1,D,0
-14.9098,143.2493,332.4,1.2,1.1,2014-06-26,0423,Aqua,MODIS,73,6.2,303.9,31.1,D,0
-14.7612,142.8863,324,1.2,1.1,2014-06-26,0423,Aqua,MODIS,62,6.2,298.4,18.5,D,0
-13.5405,142.5818,331.3,1.2,1.1,2014-06-26,0423,Aqua,MODIS,80,6.2,296.8,29.2,D,0
-15.9725,136.0157,357.4,1.5,1.2,2014-06-26,0423,Aqua,MODIS,98,6.2,308,123.4,D,0
-16.0109,135.9773,339.1,1.5,1.2,2014-06-26,0423,Aqua,MODIS,86,6.2,303.8,59.4,D,0
-15.5825,142.3295,324,1.1,1,2014-06-26,0423,Aqua,MODIS,68,6.2,300.6,15.8,D,0
-14.6545,141.6331,321.6,1.1,1,2014-06-26,0423,Aqua,MODIS,75,6.2,301.3,11.9,D,0
-15.9668,135.9714,339.1,1.5,1.2,2014-06-26,0423,Aqua,MODIS,87,6.2,301.5,61,D,0
-15.4142,141.6656,320.7,1,1,2014-06-26,0423,Aqua,MODIS,70,6.2,304,8.9,D,0
-14.7645,142.8645,319.2,1.2,1.1,2014-06-26,0423,Aqua,MODIS,41,6.2,293.7,11.4,D,0
-15.4234,141.667,324.4,1,1,2014-06-26,0423,Aqua,MODIS,77,6.2,305.4,13.1,D,0
-15.5032,141.6274,322.2,1,1,2014-06-26,0423,Aqua,MODIS,73,6.2,305.2,9.6,D,0
-14.4977,134.2331,318.8,2,1.4,2014-06-26,0423,Aqua,MODIS,48,6.2,303.7,20.5,D,0
-15.0019,143.6433,316.7,1.3,1.1,2014-06-26,0423,Aqua,MODIS,67,6.2,297.7,14.7,D,0
-15.9998,135.9758,335.2,1.5,1.2,2014-06-26,0423,Aqua,MODIS,71,6.2,304.9,46.4,D,0
-15.4413,142.8065,343.3,1.2,1.1,2014-06-26,0423,Aqua,MODIS,92,6.2,303,49.1,D,0
-12.9425,142.8679,355.9,1.2,1.1,2014-06-26,0423,Aqua,MODIS,98,6.2,293.7,92.8,D,0
-16.3051,137.0095,342.5,1.3,1.1,2014-06-26,0423,Aqua,MODIS,86,6.2,303,56.2,D,0
-16.3138,137.0234,341.2,1.3,1.1,2014-06-26,0423,Aqua,MODIS,90,6.2,304.3,54.6,D,0
-15.4267,142.8739,325.1,1.2,1.1,2014-06-26,0423,Aqua,MODIS,77,6.2,304.4,19.4,D,0
-15.9522,135.9986,329.9,1.5,1.2,2014-06-26,0423,Aqua,MODIS,54,6.2,303.8,35,D,0
-16.2742,137.0052,329.3,1.3,1.1,2014-06-26,0423,Aqua,MODIS,48,6.2,302.9,25.2,D,0
-14.9007,143.2421,335,1.2,1.1,2014-06-26,0423,Aqua,MODIS,71,6.2,303.5,36.4,D,0
-16.0016,135.9614,324,1.5,1.2,2014-06-26,0423,Aqua,MODIS,36,6.2,301.6,23.8,D,0
-14.8675,143.2598,343.4,1.2,1.1,2014-06-26,0423,Aqua,MODIS,90,6.2,301,56.7,D,0
-13.5394,142.5761,315.6,1.2,1.1,2014-06-26,0423,Aqua,MODIS,68,6.2,296.5,9.6,D,0
-15.4381,142.799,341.3,1.2,1.1,2014-06-26,0423,Aqua,MODIS,91,6.2,304.5,44.2,D,0
-14.7628,142.8754,335.6,1.2,1.1,2014-06-26,0423,Aqua,MODIS,88,6.2,299,37.2,D,0
-16.0183,136.0072,342.8,1.5,1.2,2014-06-26,0423,Aqua,MODIS,91,6.2,308.1,66.4,D,0
-15.9742,136.0015,342.4,1.5,1.2,2014-06-26,0423,Aqua,MODIS,88,6.2,303.6,62.5,D,0
-14.9171,144.1783,316.3,1.4,1.2,2014-06-26,0423,Aqua,MODIS,61,6.2,298.5,15.2,D,0
-14.9106,143.2438,329,1.2,1.1,2014-06-26,0423,Aqua,MODIS,38,6.2,303.2,24.3,D,0
-14.4956,134.2514,320.7,2,1.4,2014-06-26,0423,Aqua,MODIS,60,6.2,303.8,25.1,D,0
-15.4935,142.0513,331,1.1,1,2014-06-26,0423,Aqua,MODIS,83,6.2,301.6,23.9,D,0
-16.0215,135.9998,354.2,1.5,1.2,2014-06-26,0423,Aqua,MODIS,97,6.2,305.9,112.4,D,0
-14.7276,141.7011,331.2,1.1,1,2014-06-26,0423,Aqua,MODIS,84,6.2,306.7,22.1,D,0
-14.3616,143.6768,317,1.3,1.1,2014-06-26,0423,Aqua,MODIS,71,6.2,298.6,15.1,D,0
-13.0092,142.8321,328.9,1.2,1.1,2014-06-26,0423,Aqua,MODIS,39,6.2,300.6,24.9,D,0
-15.4187,142.8616,323.6,1.2,1.1,2014-06-26,0423,Aqua,MODIS,77,6.2,301.9,18.3,D,0
-15.4857,141.5558,353.3,1,1,2014-06-26,0423,Aqua,MODIS,97,6.2,307.9,60.3,D,0
-13.5791,142.9163,318.3,1.2,1.1,2014-06-26,0423,Aqua,MODIS,69,6.2,299.9,14.3,D,0
-16.2933,137.0205,340.8,1.3,1.1,2014-06-26,0423,Aqua,MODIS,87,6.2,304.2,48.4,D,0
-14.7582,142.8412,331.3,1.2,1.1,2014-06-26,0423,Aqua,MODIS,71,6.2,297.1,30.3,D,0
-14.2411,143.0066,335.5,1.2,1.1,2014-06-26,0423,Aqua,MODIS,88,6.2,299.5,42.5,D,0
-14.2429,142.9954,320.7,1.2,1.1,2014-06-26,0423,Aqua,MODIS,75,6.2,298.4,18.1,D,0
-14.7531,142.8738,348.9,1.2,1.1,2014-06-26,0423,Aqua,MODIS,95,6.2,301.7,64.5,D,0
-15.5054,142.2892,330,1.1,1,2014-06-26,0423,Aqua,MODIS,82,6.2,304.5,24.1,D,0
-14.7565,142.8521,355,1.2,1.1,2014-06-26,0423,Aqua,MODIS,97,6.2,295.7,84.3,D,0
-14.7843,134.9351,322.1,1.8,1.3,2014-06-26,0423,Aqua,MODIS,72,6.2,305.4,26.6,D,0
-15.5028,142.0528,326.5,1.1,1,2014-06-26,0423,Aqua,MODIS,79,6.2,302.2,18.4,D,0
-15.5069,142.2791,347.6,1.1,1,2014-06-26,0423,Aqua,MODIS,94,6.2,305.5,56.8,D,0
-15.4364,142.8097,329,1.2,1.1,2014-06-26,0423,Aqua,MODIS,79,6.2,299.3,22.6,D,0
-15.4492,142.8187,332.1,1.2,1.1,2014-06-26,0423,Aqua,MODIS,84,6.2,302.2,30.1,D,0
-14.7418,142.8831,340.5,1.2,1.1,2014-06-26,0423,Aqua,MODIS,90,6.2,298.4,45.6,D,0
-14.665,134.4661,316.4,1.9,1.3,2014-06-26,0423,Aqua,MODIS,64,6.2,303.8,15.1,D,0
-15.9813,135.944,339.7,1.6,1.2,2014-06-26,0423,Aqua,MODIS,89,6.2,301.3,66.1,D,0
-15.9835,136.0171,348.7,1.5,1.2,2014-06-26,0423,Aqua,MODIS,94,6.2,304.9,86,D,0
-15.4014,142.782,322.4,1.2,1.1,2014-06-26,0423,Aqua,MODIS,69,6.2,302.2,14.7,D,0
-14.7863,134.9188,318.1,1.8,1.3,2014-06-26,0423,Aqua,MODIS,55,6.2,302.9,17.2,D,0
-14.6763,134.6783,316,1.8,1.3,2014-06-26,0423,Aqua,MODIS,57,6.2,302.2,14.5,D,0
-16.2727,137.0176,334.3,1.3,1.1,2014-06-26,0423,Aqua,MODIS,59,6.2,304.6,34,D,0
-13.4602,142.5743,316.6,1.2,1.1,2014-06-26,0423,Aqua,MODIS,58,6.2,299.9,9.3,D,0
-13.4618,142.5635,322.5,1.2,1.1,2014-06-26,0423,Aqua,MODIS,77,6.2,302.1,16.3,D,0
-14.9214,143.2397,322.6,1.2,1.1,2014-06-26,0423,Aqua,MODIS,41,6.2,300.4,17,D,0
-13.4693,142.4257,319.6,1.2,1.1,2014-06-26,0423,Aqua,MODIS,53,6.2,299.5,12.8,D,0
-13.4614,142.6302,319.1,1.2,1.1,2014-06-26,0423,Aqua,MODIS,66,6.2,299.9,13.5,D,0
-16.4349,136.0639,314.9,1.5,1.2,2014-06-26,0423,Aqua,MODIS,40,6.2,302.5,10.4,D,0
-16.4367,136.0495,314.2,1.5,1.2,2014-06-26,0423,Aqua,MODIS,52,6.2,301.6,10.8,D,0
-14.4812,132.347,322.2,2.8,1.6,2014-06-26,0423,Aqua,MODIS,74,6.2,302.1,59.1,D,0
-14.4841,132.3214,314.9,2.8,1.6,2014-06-26,0423,Aqua,MODIS,61,6.2,301.4,29.4,D,0
-13.1927,142.7708,360.2,1.2,1.1,2014-06-26,0423,Aqua,MODIS,87,6.2,301.7,105.8,D,0
-14.19,133.0715,321.8,2.4,1.5,2014-06-26,0423,Aqua,MODIS,59,6.2,300.9,42.5,D,0
-13.1207,142.7762,315.2,1.2,1.1,2014-06-26,0423,Aqua,MODIS,30,6.2,299.9,8.3,D,0
-13.1224,142.765,318.4,1.2,1.1,2014-06-26,0423,Aqua,MODIS,73,6.2,299.6,13.2,D,0
-13.1126,142.7634,334.9,1.2,1.1,2014-06-26,0423,Aqua,MODIS,87,6.2,299.9,36.7,D,0
-13.1143,142.7522,327.2,1.2,1.1,2014-06-26,0423,Aqua,MODIS,70,6.2,299.3,23.7,D,0
-13.0894,142.7825,326.9,1.2,1.1,2014-06-26,0423,Aqua,MODIS,67,6.2,302,22,D,0
-13.0911,142.7713,323.1,1.2,1.1,2014-06-26,0423,Aqua,MODIS,40,6.2,299.3,15.5,D,0
-13.0865,142.7361,338.9,1.2,1.1,2014-06-26,0423,Aqua,MODIS,90,6.2,300.4,45.5,D,0
-14.2841,132.9692,328,2.4,1.5,2014-06-26,0423,Aqua,MODIS,64,6.2,300.5,69.9,D,0
-14.3032,132.9254,310.5,2.5,1.5,2014-06-26,0423,Aqua,MODIS,22,6.2,298.8,18,D,0
-14.3004,132.9482,325.6,2.5,1.5,2014-06-26,0423,Aqua,MODIS,59,6.2,301,63.2,D,0
-14.2977,132.9707,343.9,2.4,1.5,2014-06-26,0423,Aqua,MODIS,92,6.2,305.6,156.2,D,0
-14.3099,132.9314,351.8,2.5,1.5,2014-06-26,0423,Aqua,MODIS,96,6.2,303.5,219.6,D,0
-14.3073,132.9541,346.2,2.5,1.5,2014-06-26,0423,Aqua,MODIS,93,6.2,304.8,170.8,D,0
-14.3261,132.91,323.8,2.5,1.5,2014-06-26,0423,Aqua,MODIS,76,6.2,304.1,53.3,D,0
-14.3235,132.9328,333.8,2.5,1.5,2014-06-26,0423,Aqua,MODIS,86,6.2,303.9,99.4,D,0
-13.0784,142.7234,345.7,1.2,1.1,2014-06-26,0423,Aqua,MODIS,93,6.2,299.5,62.9,D,0
-14.7262,141.7108,328.2,1.1,1,2014-06-26,0423,Aqua,MODIS,82,6.2,305.9,17.6,D,0
-15.4527,136.1718,316.2,1.5,1.2,2014-06-26,0423,Aqua,MODIS,60,6.2,299.4,12.2,D,0
-12.9443,142.8564,328.9,1.2,1.1,2014-06-26,0423,Aqua,MODIS,51,6.2,298,25.5,D,0
-12.9355,142.8492,359.3,1.2,1.1,2014-06-26,0423,Aqua,MODIS,99,6.2,297.5,102.3,D,0
-12.9373,142.8379,372,1.2,1.1,2014-06-26,0423,Aqua,MODIS,100,6.2,301,155,D,0
-12.9407,142.8152,332.5,1.2,1.1,2014-06-26,0423,Aqua,MODIS,57,6.2,296.6,27.9,D,0
-12.9425,142.8038,333.9,1.2,1.1,2014-06-26,0423,Aqua,MODIS,75,6.2,299,32.7,D,0
-15.4476,136.1784,323.4,1.5,1.2,2014-06-26,0423,Aqua,MODIS,74,6.2,300.2,24.3,D,0
-15.451,136.1854,313.9,1.5,1.2,2014-06-26,0423,Aqua,MODIS,42,6.2,299.9,8.8,D,0
-12.9685,142.7678,330.4,1.2,1.1,2014-06-26,0423,Aqua,MODIS,74,6.2,297.8,27.9,D,0
-12.9568,142.7774,330.1,1.2,1.1,2014-06-26,0423,Aqua,MODIS,60,6.2,297.1,24.9,D,0
-12.9586,142.7662,337.5,1.2,1.1,2014-06-26,0423,Aqua,MODIS,87,6.2,298.2,41.1,D,0
-12.9575,142.7717,334.7,1.2,1.1,2014-06-26,0423,Aqua,MODIS,87,6.2,298.6,36,D,0
-14.222,133.03,333.7,2.4,1.5,2014-06-26,0423,Aqua,MODIS,83,6.2,303.3,92.7,D,0
-14.1786,133.0858,351.8,2.4,1.5,2014-06-26,0423,Aqua,MODIS,96,6.2,303.2,204.9,D,0
-14.1921,133.0874,324.5,2.4,1.5,2014-06-26,0423,Aqua,MODIS,55,6.2,302.3,50.7,D,0
-14.174,133.0922,326.1,2.4,1.5,2014-06-26,0423,Aqua,MODIS,65,6.2,301.3,56.6,D,0
-14.1874,133.0938,346.2,2.4,1.5,2014-06-26,0423,Aqua,MODIS,93,6.2,303.7,166.4,D,0
-14.2035,133.0729,326.8,2.4,1.5,2014-06-26,0423,Aqua,MODIS,57,6.2,302.2,59.6,D,0
-14.0796,133.1573,320.8,2.3,1.5,2014-06-26,0423,Aqua,MODIS,71,6.2,303.7,35.4,D,0
-14.0772,133.1403,323.5,2.4,1.5,2014-06-26,0423,Aqua,MODIS,60,6.2,303.9,42.6,D,0
-14.0822,133.1358,324.6,2.4,1.5,2014-06-26,0423,Aqua,MODIS,78,6.2,303.5,50.2,D,0
-14.0956,133.1372,326.1,2.4,1.5,2014-06-26,0423,Aqua,MODIS,32,6.2,303.1,50,D,0
-14.0906,133.1418,333,2.4,1.5,2014-06-26,0423,Aqua,MODIS,85,6.2,303.7,81.6,D,0
-14.104,133.1433,321.1,2.4,1.5,2014-06-26,0423,Aqua,MODIS,25,6.2,302.6,34.2,D,0
-13.0359,142.7903,327.5,1.2,1.1,2014-06-26,0423,Aqua,MODIS,57,6.2,300.4,21.4,D,0
-13.0144,142.7983,365.2,1.2,1.1,2014-06-26,0423,Aqua,MODIS,100,6.2,302.1,123.9,D,0
-13.0161,142.787,349.1,1.2,1.1,2014-06-26,0423,Aqua,MODIS,95,6.2,298.3,68.6,D,0
-13.0062,142.7854,370.1,1.2,1.1,2014-06-26,0423,Aqua,MODIS,100,6.2,303.7,146.7,D,0
-13.008,142.7742,337.4,1.2,1.1,2014-06-26,0423,Aqua,MODIS,89,6.2,299.5,42.2,D,0
-14.2381,133.0095,332.9,2.4,1.5,2014-06-26,0423,Aqua,MODIS,85,6.2,302.4,91.5,D,0
-14.2543,132.9887,350.8,2.4,1.5,2014-06-26,0423,Aqua,MODIS,96,6.2,303.4,205.5,D,0
-14.2517,133.011,333.9,2.4,1.5,2014-06-26,0423,Aqua,MODIS,68,6.2,303.2,91.3,D,0
-14.2679,132.9903,321.4,2.4,1.5,2014-06-26,0423,Aqua,MODIS,44,6.2,300.8,42.9,D,0
-14.2814,132.9917,340.1,2.4,1.5,2014-06-26,0423,Aqua,MODIS,90,6.2,303.8,131.6,D,0
-14.295,132.9932,334.2,2.4,1.5,2014-06-26,0423,Aqua,MODIS,86,6.2,305,95.7,D,0
-14.2614,132.9947,339.7,2.4,1.5,2014-06-26,0423,Aqua,MODIS,90,6.2,302.3,129.4,D,0
-14.275,132.9962,328.7,2.4,1.5,2014-06-26,0423,Aqua,MODIS,74,6.2,302.4,70.6,D,0
-14.2911,132.9751,358.3,2.4,1.5,2014-06-26,0423,Aqua,MODIS,99,6.2,305.4,275,D,0
-14.2886,132.9977,331.6,2.4,1.5,2014-06-26,0423,Aqua,MODIS,84,6.2,304.3,84.7,D,0
-14.3047,132.9766,332.8,2.4,1.5,2014-06-26,0423,Aqua,MODIS,85,6.2,305.6,91.3,D,0
-15.2665,130.0547,313.7,4.2,1.9,2014-06-26,0423,Aqua,MODIS,58,6.2,301,50,D,0
-14.5735,130.1292,315.7,4.1,1.9,2014-06-26,0423,Aqua,MODIS,56,6.2,299.9,61.7,D,0
-14.2246,133.0079,328.6,2.4,1.5,2014-06-26,0423,Aqua,MODIS,82,6.2,300.3,72.1,D,0
-14.5769,130.1344,315.4,4.1,1.9,2014-06-26,0423,Aqua,MODIS,54,6.2,299.2,60.3,D,0
-13.8275,133.1808,332.7,2.3,1.5,2014-06-26,0424,Aqua,MODIS,85,6.2,302.2,83.7,D,0
-14.0105,133.1709,338.9,2.3,1.5,2014-06-26,0424,Aqua,MODIS,89,6.2,302.5,114.7,D,0
-13.9983,133.1847,322.7,2.3,1.5,2014-06-26,0424,Aqua,MODIS,62,6.2,302,41.9,D,0
-13.825,133.2023,324.9,2.3,1.5,2014-06-26,0424,Aqua,MODIS,78,6.2,302.2,50.6,D,0
-13.7258,133.2687,311.7,2.3,1.5,2014-06-26,0424,Aqua,MODIS,25,6.2,298.4,13.5,D,0
-13.8143,133.1789,321.8,2.3,1.5,2014-06-26,0424,Aqua,MODIS,69,6.2,302.6,38.2,D,0
-14.0079,133.1929,375.5,2.3,1.5,2014-06-26,0424,Aqua,MODIS,100,6.2,308,436,D,0
-13.8178,133.1722,325.8,2.3,1.5,2014-06-26,0424,Aqua,MODIS,51,6.2,303.2,48.9,D,0
-14.0055,133.2143,338.9,2.3,1.5,2014-06-26,0424,Aqua,MODIS,89,6.2,303.4,113,D,0
-12.8017,133.8085,316.6,2,1.4,2014-06-26,0424,Aqua,MODIS,65,6.2,299.4,20.9,D,0
-12.8044,133.8155,319.7,2,1.4,2014-06-26,0424,Aqua,MODIS,70,6.2,299.9,26.8,D,0
-12.7948,134.1044,316.4,1.9,1.3,2014-06-26,0424,Aqua,MODIS,61,6.2,301.3,14.6,D,0
-12.5605,132.1875,327.2,2.7,1.6,2014-06-26,0424,Aqua,MODIS,80,6.2,298.7,77.3,D,0
-12.5634,132.1632,315,2.7,1.6,2014-06-26,0424,Aqua,MODIS,53,6.2,298.3,27.6,D,0
-12.5674,132.1687,323.3,2.7,1.6,2014-06-26,0424,Aqua,MODIS,75,6.2,299.1,59.9,D,0
-12.5646,132.193,323.7,2.7,1.6,2014-06-26,0424,Aqua,MODIS,76,6.2,299,60.9,D,0
-13.3733,133.286,315.1,2.2,1.5,2014-06-26,0424,Aqua,MODIS,62,6.2,302.4,17.5,D,0
-13.3741,133.3896,317.6,2.2,1.4,2014-06-26,0424,Aqua,MODIS,68,6.2,302.1,25.8,D,0
-13.3612,133.3879,318,2.2,1.4,2014-06-26,0424,Aqua,MODIS,55,6.2,302.6,26,D,0
-12.7901,134.0972,316.3,1.9,1.3,2014-06-26,0424,Aqua,MODIS,53,6.2,301.7,14.2,D,0
-11.4507,130.8335,324,3.3,1.7,2014-06-26,0424,Aqua,MODIS,77,6.2,296.4,94.5,D,0
-11.4547,130.8292,325.3,3.3,1.7,2014-06-26,0424,Aqua,MODIS,78,6.2,296.8,101.1,D,0
-13.4675,133.5898,313.5,2.1,1.4,2014-06-26,0424,Aqua,MODIS,26,6.2,300.7,14.8,D,0
-13.5704,134.4264,312.4,1.8,1.3,2014-06-26,0424,Aqua,MODIS,42,6.2,299.7,10.3,D,0
-13.5726,134.4092,315.3,1.9,1.3,2014-06-26,0424,Aqua,MODIS,59,6.2,301.4,15.4,D,0
-13.5655,134.4131,316.1,1.9,1.3,2014-06-26,0424,Aqua,MODIS,64,6.2,299.9,17.3,D,0
-11.4359,131.0966,322,3.1,1.7,2014-06-26,0424,Aqua,MODIS,70,6.2,297,79.9,D,0
-11.438,131.0919,326.6,3.1,1.7,2014-06-26,0424,Aqua,MODIS,60,6.2,297.4,97.1,D,0
-11.4357,130.8569,310,3.2,1.7,2014-06-26,0424,Aqua,MODIS,16,6.2,295.8,28.2,D,0
-11.3922,131.3444,315,3,1.6,2014-06-26,0424,Aqua,MODIS,39,6.2,296.4,37.5,D,0
-11.3925,131.3395,317.6,3,1.6,2014-06-26,0424,Aqua,MODIS,54,6.2,296.5,48.3,D,0
-11.2688,131.2341,314.6,3,1.7,2014-06-26,0424,Aqua,MODIS,37,6.2,296.1,40.1,D,0
-11.4392,131.0678,321.8,3.1,1.7,2014-06-26,0424,Aqua,MODIS,56,6.2,296.6,78.7,D,0
-12.5763,133.749,318.2,2,1.4,2014-06-26,0424,Aqua,MODIS,68,6.2,300.3,24.1,D,0
-12.6734,133.5981,313.4,2.1,1.4,2014-06-26,0424,Aqua,MODIS,53,6.2,300.9,13,D,0
-12.5741,133.7674,315.4,2,1.4,2014-06-26,0424,Aqua,MODIS,58,6.2,299.7,17.2,D,0
-11.4909,130.333,314,3.6,1.8,2014-06-26,0424,Aqua,MODIS,52,6.2,295.4,53.6,D,0
-13.9196,130.49,314.3,3.8,1.8,2014-06-26,0424,Aqua,MODIS,41,6.2,301.1,30.3,D,0
-11.6363,130.4228,328.6,3.5,1.8,2014-06-26,0424,Aqua,MODIS,62,6.2,298.4,116.8,D,0
-14.0845,129.6457,312.2,4.4,1.9,2014-06-26,0424,Aqua,MODIS,32,6.2,296.4,58.3,D,0
-13.9268,130.4986,314.4,3.8,1.8,2014-06-26,0424,Aqua,MODIS,38,6.2,301.2,31.9,D,0
-12.5698,130.5895,314.1,3.5,1.8,2014-06-26,0424,Aqua,MODIS,0,6.2,300.2,41.7,D,0
-14.0855,129.6495,313.6,4.4,1.9,2014-06-26,0424,Aqua,MODIS,40,6.2,296.5,69.1,D,0
-13.4339,133.5455,317.5,2.1,1.4,2014-06-26,0424,Aqua,MODIS,68,6.2,300.3,27,D,0
-12.9121,131.3949,318.7,3.1,1.7,2014-06-26,0424,Aqua,MODIS,63,6.2,303.3,39,D,0
-12.7569,133.9678,320.3,1.9,1.4,2014-06-26,0424,Aqua,MODIS,72,6.2,299.7,28.3,D,0
-13.2235,133.5668,323.5,2.1,1.4,2014-06-26,0424,Aqua,MODIS,76,6.2,301,41.1,D,0
-13.3084,133.5028,319.2,2.2,1.4,2014-06-26,0424,Aqua,MODIS,71,6.2,300.5,30.3,D,0
-12.9596,133.593,319.3,2.1,1.4,2014-06-26,0424,Aqua,MODIS,49,6.2,299.3,28.2,D,0
-12.0714,134.88,315.4,1.6,1.3,2014-06-26,0424,Aqua,MODIS,0,6.2,300.5,13.1,D,0
-12.002,133.7434,326,2,1.4,2014-06-26,0424,Aqua,MODIS,78,6.2,300.1,43.7,D,0
-12.8698,133.6925,334.1,2.1,1.4,2014-06-26,0424,Aqua,MODIS,86,6.2,301.8,72.8,D,0
-13.0846,133.6358,316.1,2.1,1.4,2014-06-26,0424,Aqua,MODIS,47,6.2,300.7,19.6,D,0
-12.9973,130.797,334.9,3.4,1.7,2014-06-26,0424,Aqua,MODIS,86,6.2,304.1,156.5,D,0
-11.9821,133.1773,315.5,2.2,1.4,2014-06-26,0424,Aqua,MODIS,64,6.2,302.5,19.1,D,0
-13.2258,133.5473,322.6,2.1,1.4,2014-06-26,0424,Aqua,MODIS,75,6.2,300.4,39,D,0
-12.27,133.6849,319,2,1.4,2014-06-26,0424,Aqua,MODIS,68,6.2,301.7,19.1,D,0
-12.9954,130.7715,322.8,3.5,1.8,2014-06-26,0424,Aqua,MODIS,64,6.2,301.1,71.5,D,0
-12.0022,133.7667,332.2,2,1.4,2014-06-26,0424,Aqua,MODIS,84,6.2,302.2,60.4,D,0
-12.3154,133.754,324,2,1.4,2014-06-26,0424,Aqua,MODIS,70,6.2,299.5,32.6,D,0
-12.0807,134.8963,322.6,1.6,1.3,2014-06-26,0424,Aqua,MODIS,70,6.2,302.1,26.6,D,0
-12.7384,142.3895,315.3,1.2,1.1,2014-06-26,0424,Aqua,MODIS,50,6.2,300.2,10.6,D,0
-12.8472,131.4396,328.1,3.1,1.7,2014-06-26,0424,Aqua,MODIS,80,6.2,303.5,85.4,D,0
-12.2648,142.4165,319.1,1.2,1.1,2014-06-26,0424,Aqua,MODIS,61,6.2,299,13.8,D,0
-12.2725,133.6921,321.4,2,1.4,2014-06-26,0424,Aqua,MODIS,66,6.2,302.3,25,D,0
-12.1911,134.0176,342.7,1.9,1.3,2014-06-26,0424,Aqua,MODIS,91,6.2,301.7,102,D,0
-12.3538,134.2747,319.9,1.8,1.3,2014-06-26,0424,Aqua,MODIS,53,6.2,301.9,20,D,0
-12.525,135.2663,315.8,1.5,1.2,2014-06-26,0424,Aqua,MODIS,43,6.2,295.7,14.9,D,0
-12.0044,133.7487,335,2,1.4,2014-06-26,0424,Aqua,MODIS,86,6.2,300.8,73.2,D,0
-12.5158,135.2506,327.6,1.6,1.2,2014-06-26,0424,Aqua,MODIS,81,6.2,297.1,38,D,0
-12.3496,133.4745,323.4,2.1,1.4,2014-06-26,0424,Aqua,MODIS,67,6.2,301.7,35.7,D,0
-13.2012,130.7372,325.5,3.5,1.8,2014-06-26,0424,Aqua,MODIS,77,6.2,301.8,106.5,D,0
-12.8846,133.6754,324.1,2.1,1.4,2014-06-26,0424,Aqua,MODIS,49,6.2,300,37.2,D,0
-13.3297,134.1018,323.7,1.9,1.4,2014-06-26,0424,Aqua,MODIS,77,6.2,301.9,37.4,D,0
-12.9975,133.5979,332.9,2.1,1.4,2014-06-26,0424,Aqua,MODIS,85,6.2,301.4,72.5,D,0
-12.6245,133.3487,318.1,2.2,1.4,2014-06-26,0424,Aqua,MODIS,67,6.2,301.1,28,D,0
-13.0076,130.8053,323.4,3.4,1.7,2014-06-26,0424,Aqua,MODIS,64,6.2,301.5,73.1,D,0
-12.9372,133.6628,347.6,2.1,1.4,2014-06-26,0424,Aqua,MODIS,94,6.2,303.5,138.6,D,0
-13.2233,133.5595,327.4,2.1,1.4,2014-06-26,0424,Aqua,MODIS,79,6.2,301,51.7,D,0
-12.3559,134.258,323.6,1.8,1.3,2014-06-26,0424,Aqua,MODIS,76,6.2,300.8,31.3,D,0
-12.0359,133.8974,321.3,1.9,1.4,2014-06-26,0424,Aqua,MODIS,50,6.2,302.7,23.2,D,0
-12.911,131.4016,317.3,3.1,1.7,2014-06-26,0424,Aqua,MODIS,57,6.2,303.1,32.9,D,0
-12.0268,133.7699,325.8,2,1.4,2014-06-26,0424,Aqua,MODIS,49,6.2,304.6,33.2,D,0
-12.7994,133.8269,315.7,2,1.4,2014-06-26,0424,Aqua,MODIS,63,6.2,299.9,18.4,D,0
-13.1779,133.6129,318.5,2.1,1.4,2014-06-26,0424,Aqua,MODIS,58,6.2,302.1,21.9,D,0
-12.9849,133.5961,324.4,2.1,1.4,2014-06-26,0424,Aqua,MODIS,25,6.2,300.2,40.6,D,0
-13.2109,130.7455,325.9,3.5,1.8,2014-06-26,0424,Aqua,MODIS,77,6.2,301.7,110.1,D,0
-13.3236,133.4846,334.1,2.2,1.4,2014-06-26,0424,Aqua,MODIS,86,6.2,302.2,84.6,D,0
-12.2978,133.8963,328.8,1.9,1.4,2014-06-26,0424,Aqua,MODIS,81,6.2,300.5,53.5,D,0
-12.8731,133.9716,317,2,1.4,2014-06-26,0424,Aqua,MODIS,66,6.2,301.1,20.6,D,0
-12.9539,134.3965,315.9,1.8,1.3,2014-06-26,0424,Aqua,MODIS,41,6.2,301.1,15,D,0
-13.3121,133.4785,356.6,2.2,1.4,2014-06-26,0424,Aqua,MODIS,98,6.2,303.2,214.7,D,0
-13.3318,134.0837,314,1.9,1.4,2014-06-26,0424,Aqua,MODIS,60,6.2,300,13.7,D,0
-13.6844,134.1451,315.2,1.9,1.4,2014-06-26,0424,Aqua,MODIS,16,6.2,301.3,14.3,D,0
-13.3213,133.5044,316.3,2.2,1.4,2014-06-26,0424,Aqua,MODIS,42,6.2,300.8,22.1,D,0
-12.0796,133.6479,314.4,2,1.4,2014-06-26,0424,Aqua,MODIS,26,6.2,300.8,12.7,D,0
-13.3258,134.0943,325.4,1.9,1.4,2014-06-26,0424,Aqua,MODIS,79,6.2,302.4,42.6,D,0
-12.5642,130.7231,314.1,3.4,1.7,2014-06-26,0424,Aqua,MODIS,38,6.2,299.3,43.2,D,0
-12.2505,133.9375,320.7,1.9,1.4,2014-06-26,0424,Aqua,MODIS,61,6.2,302,24.5,D,0
-12.6755,133.2521,319.2,2.2,1.4,2014-06-26,0424,Aqua,MODIS,69,6.2,300.5,34.2,D,0
-13.001,130.7652,321.5,3.5,1.8,2014-06-26,0424,Aqua,MODIS,53,6.2,300.4,61.5,D,0
-12.358,134.2413,317.6,1.8,1.3,2014-06-26,0424,Aqua,MODIS,43,6.2,301.1,17.6,D,0
-13.1803,133.5935,328.1,2.1,1.4,2014-06-26,0424,Aqua,MODIS,81,6.2,301.7,52.8,D,0
-13.3107,133.4831,352,2.2,1.4,2014-06-26,0424,Aqua,MODIS,96,6.2,302.8,183.6,D,0
-13.313,133.4632,334.7,2.2,1.4,2014-06-26,0424,Aqua,MODIS,86,6.2,300.5,83.4,D,0
-13.2147,130.7114,316.4,3.5,1.8,2014-06-26,0424,Aqua,MODIS,60,6.2,299.8,49.9,D,0
-12.9527,133.6507,322.4,2.1,1.4,2014-06-26,0424,Aqua,MODIS,38,6.2,299.9,33.9,D,0
-12.0737,133.7942,330.3,2,1.4,2014-06-26,0424,Aqua,MODIS,78,6.2,303.6,48.8,D,0
-12.0145,133.7684,328.6,2,1.4,2014-06-26,0424,Aqua,MODIS,73,6.2,303.5,46,D,0
-12.5548,130.7174,316.9,3.4,1.7,2014-06-26,0424,Aqua,MODIS,39,6.2,300.2,51.6,D,0
-12.9097,133.6785,336.1,2.1,1.4,2014-06-26,0424,Aqua,MODIS,78,6.2,302.7,78.9,D,0
-12.9104,133.6837,325,2.1,1.4,2014-06-26,0424,Aqua,MODIS,56,6.2,302.5,40.1,D,0
-12.9658,134.3983,322,1.8,1.3,2014-06-26,0424,Aqua,MODIS,74,6.2,300.2,30.5,D,0
-12.0123,133.7862,322.3,2,1.4,2014-06-26,0424,Aqua,MODIS,60,6.2,303.3,23.3,D,0
-12.1209,134.6713,311.5,1.7,1.3,2014-06-26,0424,Aqua,MODIS,32,6.2,298.7,10.3,D,0
-12.8168,133.2629,315.5,2.2,1.4,2014-06-26,0424,Aqua,MODIS,62,6.2,300.7,20.7,D,0
-12.8971,133.6769,343.9,2.1,1.4,2014-06-26,0424,Aqua,MODIS,92,6.2,302.1,115.8,D,0
-12.2383,133.9359,318.2,1.9,1.4,2014-06-26,0424,Aqua,MODIS,30,6.2,301.1,17.8,D,0
-12.3519,133.455,321.4,2.1,1.4,2014-06-26,0424,Aqua,MODIS,61,6.2,300.9,31,D,0
-13.3096,133.4982,324.5,2.2,1.4,2014-06-26,0424,Aqua,MODIS,42,6.2,300.7,42.9,D,0
-12.0772,133.8016,325,2,1.4,2014-06-26,0424,Aqua,MODIS,46,6.2,302.5,33,D,0
-11.8653,133.1778,313.7,2.2,1.4,2014-06-26,0424,Aqua,MODIS,59,6.2,299.2,16.9,D,0
-12.0794,133.7835,326.6,2,1.4,2014-06-26,0424,Aqua,MODIS,65,6.2,301.3,38.3,D,0
-12.8605,131.4464,316.8,3.1,1.7,2014-06-26,0424,Aqua,MODIS,52,6.2,303.8,27.6,D,0
-12.8823,133.694,327.9,2.1,1.4,2014-06-26,0424,Aqua,MODIS,79,6.2,301.6,49.2,D,0
-12.1923,133.1614,340.7,2.2,1.4,2014-06-26,0424,Aqua,MODIS,90,6.2,302.2,114.7,D,0
-11.9996,133.7614,331.8,2,1.4,2014-06-26,0424,Aqua,MODIS,84,6.2,301.8,61.1,D,0
-12.8456,131.4445,331.1,3.1,1.7,2014-06-26,0424,Aqua,MODIS,83,6.2,303.6,105.8,D,0
-13.264,133.5523,313.9,2.1,1.4,2014-06-26,0424,Aqua,MODIS,49,6.2,301.4,17.5,D,0
-11.9416,133.8264,314.6,1.9,1.4,2014-06-26,0424,Aqua,MODIS,57,6.2,301.2,15.3,D,0
-11.9394,133.8441,313.6,1.9,1.4,2014-06-26,0424,Aqua,MODIS,49,6.2,300.3,13.7,D,0
-12.0826,134.8815,334.6,1.6,1.3,2014-06-26,0424,Aqua,MODIS,65,6.2,300.7,53.8,D,0
-12.9378,133.668,358.1,2.1,1.4,2014-06-26,0424,Aqua,MODIS,99,6.2,303.6,209.1,D,0
-12.1994,142.4509,334.1,1.2,1.1,2014-06-26,0424,Aqua,MODIS,87,6.2,302.5,35.6,D,0
-13.7708,133.3379,324.4,2.3,1.5,2014-06-26,0424,Aqua,MODIS,77,6.2,301.9,50.2,D,0
-13.771,133.3239,328.9,2.3,1.5,2014-06-26,0424,Aqua,MODIS,82,6.2,300.4,63,D,0
-13.4247,133.0793,321.5,2.3,1.5,2014-06-26,0424,Aqua,MODIS,57,6.2,298.8,40.8,D,0
-13.6794,133.2359,326.3,2.3,1.5,2014-06-26,0424,Aqua,MODIS,68,6.2,300.6,50.6,D,0
-11.6407,133.0967,310.7,2.2,1.4,2014-06-26,0424,Aqua,MODIS,0,6.2,296.6,12.4,D,0
-11.3532,132.2723,315,2.5,1.5,2014-06-26,0424,Aqua,MODIS,59,6.2,298.9,27.1,D,0
-13.9931,133.2275,325.3,2.3,1.5,2014-06-26,0424,Aqua,MODIS,48,6.2,303.2,47.5,D,0
-13.9898,133.2338,318.6,2.3,1.5,2014-06-26,0424,Aqua,MODIS,59,6.2,302.4,28.4,D,0
-11.6536,133.0984,313.4,2.2,1.4,2014-06-26,0424,Aqua,MODIS,44,6.2,297.5,18.9,D,0
-13.3414,133.0202,315.1,2.3,1.5,2014-06-26,0424,Aqua,MODIS,60,6.2,302.2,20.2,D,0
-13.8887,133.2313,314.4,2.3,1.5,2014-06-26,0424,Aqua,MODIS,52,6.2,300,21.3,D,0
-13.9019,133.2327,315.9,2.3,1.5,2014-06-26,0424,Aqua,MODIS,33,6.2,300.6,24.1,D,0
-13.8872,133.2144,313.8,2.3,1.5,2014-06-26,0424,Aqua,MODIS,50,6.2,300.4,20.9,D,0
-13.8997,132.2951,317.9,2.7,1.6,2014-06-26,0424,Aqua,MODIS,62,6.2,303.2,31.6,D,0
-13.6321,133.2019,325.5,2.3,1.5,2014-06-26,0424,Aqua,MODIS,57,6.2,301.9,50.4,D,0
-13.6295,133.2227,329,2.3,1.5,2014-06-26,0424,Aqua,MODIS,73,6.2,302.7,63.8,D,0
-13.6291,133.2087,338.2,2.3,1.5,2014-06-26,0424,Aqua,MODIS,89,6.2,302.5,107.3,D,0
-13.7725,133.0999,333.3,2.3,1.5,2014-06-26,0424,Aqua,MODIS,85,6.2,301.8,86.1,D,0
-13.6423,133.2102,323.2,2.3,1.5,2014-06-26,0424,Aqua,MODIS,51,6.2,301.8,43,D,0
-13.9112,133.2387,331.3,2.3,1.5,2014-06-26,0424,Aqua,MODIS,84,6.2,301.1,77.4,D,0
-13.9219,133.2614,322,2.3,1.5,2014-06-26,0424,Aqua,MODIS,75,6.2,302.2,39.5,D,0
-13.4874,133.094,323.1,2.3,1.5,2014-06-26,0424,Aqua,MODIS,70,6.2,302.2,43.9,D,0
-13.5592,133.0585,313.2,2.3,1.5,2014-06-26,0424,Aqua,MODIS,26,6.2,299.7,17,D,0
-13.8483,133.1178,323.1,2.3,1.5,2014-06-26,0424,Aqua,MODIS,76,6.2,302,46,D,0
-13.9621,132.38,314.6,2.7,1.6,2014-06-26,0424,Aqua,MODIS,55,6.2,302.8,22.9,D,0
-13.8084,133.1128,322.1,2.3,1.5,2014-06-26,0424,Aqua,MODIS,24,6.2,301.7,38.9,D,0
-13.799,133.1044,318.7,2.3,1.5,2014-06-26,0424,Aqua,MODIS,45,6.2,301.4,29.8,D,0
-13.548,133.2343,330.2,2.3,1.5,2014-06-26,0424,Aqua,MODIS,80,6.2,301.1,69.2,D,0
-13.5768,133.2166,326.2,2.3,1.5,2014-06-26,0424,Aqua,MODIS,79,6.2,300.8,54.9,D,0
-13.7266,133.0279,324.8,2.4,1.5,2014-06-26,0424,Aqua,MODIS,58,6.2,301.6,47.6,D,0
-13.6819,133.2148,327.2,2.3,1.5,2014-06-26,0424,Aqua,MODIS,77,6.2,301.6,56.6,D,0
-13.7158,133.0442,341.5,2.4,1.5,2014-06-26,0424,Aqua,MODIS,91,6.2,302.9,128,D,0
-13.7241,133.0499,336.1,2.4,1.5,2014-06-26,0424,Aqua,MODIS,87,6.2,302.3,99.9,D,0
-13.6768,133.2569,320.6,2.3,1.5,2014-06-26,0424,Aqua,MODIS,35,6.2,299.8,29.4,D,0
-13.5886,130.7439,314.6,3.6,1.8,2014-06-26,0424,Aqua,MODIS,46,6.2,302.5,34.5,D,0
-12.1211,132.7647,321.7,2.4,1.5,2014-06-26,0424,Aqua,MODIS,55,6.2,302.3,38.9,D,0
-13.965,132.3551,314.6,2.7,1.6,2014-06-26,0424,Aqua,MODIS,57,6.2,302.7,24,D,0
-13.0548,131.8733,320.8,2.9,1.6,2014-06-26,0424,Aqua,MODIS,70,6.2,304.7,35.1,D,0
-13.9102,132.2892,316.6,2.7,1.6,2014-06-26,0424,Aqua,MODIS,65,6.2,302.1,28.5,D,0
-13.9072,132.3145,318.2,2.7,1.6,2014-06-26,0424,Aqua,MODIS,68,6.2,303.6,34.6,D,0
-13.6755,133.0411,321.3,2.4,1.5,2014-06-26,0424,Aqua,MODIS,32,6.2,301,37.6,D,0
-13.6996,133.2651,326.6,2.3,1.5,2014-06-26,0424,Aqua,MODIS,80,6.2,300.4,55.8,D,0
-13.6972,133.2861,354.2,2.3,1.5,2014-06-26,0424,Aqua,MODIS,97,6.2,303.7,211.4,D,0
-13.6817,133.3048,341.8,2.3,1.5,2014-06-26,0424,Aqua,MODIS,91,6.2,305.2,124.6,D,0
-13.6841,133.2842,356.2,2.3,1.5,2014-06-26,0424,Aqua,MODIS,98,6.2,304.3,223.4,D,0
-13.4645,133.0844,325.6,2.3,1.5,2014-06-26,0424,Aqua,MODIS,71,6.2,303.9,52.8,D,0
-13.7005,133.2818,347,2.3,1.5,2014-06-26,0424,Aqua,MODIS,94,6.2,302.4,158.3,D,0
-13.4476,133.0892,322.7,2.3,1.5,2014-06-26,0424,Aqua,MODIS,17,6.2,302.8,41.2,D,0
-13.6849,133.3006,345.1,2.3,1.5,2014-06-26,0424,Aqua,MODIS,93,6.2,304.8,142,D,0
-13.6874,133.2799,352.4,2.3,1.5,2014-06-26,0424,Aqua,MODIS,96,6.2,303.8,192.4,D,0
-13.6718,133.2987,331.8,2.3,1.5,2014-06-26,0424,Aqua,MODIS,83,6.2,303.9,71.2,D,0
-13.6743,133.2779,332.5,2.3,1.5,2014-06-26,0424,Aqua,MODIS,85,6.2,302.1,75.9,D,0
-13.4409,133.1672,342.9,2.3,1.5,2014-06-26,0424,Aqua,MODIS,78,6.2,301.3,129.6,D,0
-13.4383,133.1881,349.6,2.3,1.5,2014-06-26,0424,Aqua,MODIS,95,6.2,302.8,176.2,D,0
-13.4515,133.1897,363.2,2.3,1.5,2014-06-26,0424,Aqua,MODIS,100,6.2,305.6,290.9,D,0
-13.4489,133.2104,366.5,2.3,1.5,2014-06-26,0424,Aqua,MODIS,100,6.2,306.1,320.4,D,0
-13.4379,133.1738,352.1,2.3,1.5,2014-06-26,0424,Aqua,MODIS,96,6.2,302.4,198.7,D,0
-13.4487,133.1963,392.6,2.3,1.5,2014-06-26,0424,Aqua,MODIS,100,6.2,307.9,681.4,D,0
-13.4463,133.2171,337.1,2.3,1.5,2014-06-26,0424,Aqua,MODIS,88,6.2,302.1,101.4,D,0
-13.4618,133.1979,375.4,2.3,1.5,2014-06-26,0424,Aqua,MODIS,100,6.2,305.3,425.4,D,0
-13.4594,133.2187,352.8,2.3,1.5,2014-06-26,0424,Aqua,MODIS,96,6.2,302.4,200.9,D,0
-13.6986,134.0627,315.4,2,1.4,2014-06-26,0424,Aqua,MODIS,56,6.2,300.9,17.8,D,0
-12.2272,133.8265,321.2,2,1.4,2014-06-26,0424,Aqua,MODIS,57,6.2,303,22.2,D,0
-13.5348,133.2327,329.9,2.3,1.5,2014-06-26,0424,Aqua,MODIS,82,6.2,301.6,69.2,D,0
-13.5217,133.231,316.4,2.3,1.5,2014-06-26,0424,Aqua,MODIS,53,6.2,301.2,23.7,D,0
-12.2662,133.8137,318.7,2,1.4,2014-06-26,0424,Aqua,MODIS,67,6.2,301.6,18.6,D,0
-12.2696,133.8209,317.1,2,1.4,2014-06-26,0424,Aqua,MODIS,52,6.2,301.2,15.5,D,0
-13.5383,133.2283,326.3,2.3,1.5,2014-06-26,0424,Aqua,MODIS,79,6.2,301.4,55.5,D,0
-13.6802,132.8827,314.6,2.4,1.5,2014-06-26,0424,Aqua,MODIS,36,6.2,300.1,18.7,D,0
-13.5252,133.2267,322.2,2.3,1.5,2014-06-26,0424,Aqua,MODIS,75,6.2,301.5,41.9,D,0
-12.3131,133.772,321.1,2,1.4,2014-06-26,0424,Aqua,MODIS,45,6.2,300.4,24.4,D,0
-13.777,132.9457,318.4,2.4,1.5,2014-06-26,0424,Aqua,MODIS,69,6.2,302.4,32.5,D,0
-13.5793,133.1956,320,2.3,1.5,2014-06-26,0424,Aqua,MODIS,48,6.2,299.7,32.2,D,0
-13.6296,132.9669,321.8,2.4,1.5,2014-06-26,0424,Aqua,MODIS,58,6.2,302.7,44,D,0
-12.1909,134.9326,317.1,1.6,1.3,2014-06-26,0424,Aqua,MODIS,35,6.2,300.7,11.4,D,0
-13.4857,133.2219,327.4,2.3,1.5,2014-06-26,0424,Aqua,MODIS,80,6.2,301.5,60.6,D,0
-13.6321,132.9446,318.9,2.4,1.5,2014-06-26,0424,Aqua,MODIS,44,6.2,301,33.9,D,0
-13.4726,133.2203,337.8,2.3,1.5,2014-06-26,0424,Aqua,MODIS,88,6.2,301.2,108.1,D,0
-12.189,134.9474,328.5,1.6,1.2,2014-06-26,0424,Aqua,MODIS,81,6.2,304.9,35.2,D,0
-13.6344,132.9601,328.2,2.4,1.5,2014-06-26,0424,Aqua,MODIS,78,6.2,303.3,68,D,0
-13.621,132.9585,327.6,2.4,1.5,2014-06-26,0424,Aqua,MODIS,80,6.2,302.9,67,D,0
-13.6075,132.9568,317.1,2.4,1.5,2014-06-26,0424,Aqua,MODIS,66,6.2,302.3,30.3,D,0
-13.4221,133.1004,321.3,2.3,1.5,2014-06-26,0424,Aqua,MODIS,59,6.2,299.1,39.2,D,0
-13.417,133.143,323.4,2.3,1.5,2014-06-26,0424,Aqua,MODIS,60,6.2,300.8,45.6,D,0
-11.4149,132.4018,313.4,2.5,1.5,2014-06-26,0424,Aqua,MODIS,41,6.2,299.2,18.5,D,0
-11.4245,132.3849,314.9,2.5,1.5,2014-06-26,0424,Aqua,MODIS,11,6.2,298.2,20.9,D,0
-12.2127,133.8429,329.8,2,1.4,2014-06-26,0424,Aqua,MODIS,82,6.2,301.6,47,D,0
-12.2249,133.8445,320.7,2,1.4,2014-06-26,0424,Aqua,MODIS,30,6.2,303.1,21.1,D,0
-11.4177,132.3791,315.8,2.5,1.5,2014-06-26,0424,Aqua,MODIS,60,6.2,298.9,25.6,D,0
-13.7185,133.0221,329,2.4,1.5,2014-06-26,0424,Aqua,MODIS,50,6.2,303,61.1,D,0
-11.3466,132.2785,313.3,2.5,1.5,2014-06-26,0424,Aqua,MODIS,44,6.2,298.3,20,D,0
-13.9195,133.2825,333.4,2.3,1.5,2014-06-26,0424,Aqua,MODIS,85,6.2,303.4,84.1,D,0
-13.7132,133.0262,336.6,2.4,1.5,2014-06-26,0424,Aqua,MODIS,83,6.2,304.1,100.3,D,0
-12.1236,132.7431,319,2.4,1.5,2014-06-26,0424,Aqua,MODIS,37,6.2,301.1,26.4,D,0
-13.0496,131.8925,328.5,2.8,1.6,2014-06-26,0424,Aqua,MODIS,80,6.2,304.7,74.7,D,0
-13.0519,131.8996,323.5,2.8,1.6,2014-06-26,0424,Aqua,MODIS,74,6.2,304.6,49.9,D,0
-13.4114,133.0775,339.4,2.3,1.5,2014-06-26,0424,Aqua,MODIS,89,6.2,300.3,118,D,0
-13.7733,133.3172,319.4,2.3,1.5,2014-06-26,0424,Aqua,MODIS,71,6.2,299.6,33.1,D,0
-33.8882,120.3308,301.7,1,1,2014-06-26,0557,Aqua,MODIS,48,6.2,290.6,4.1,D,0
-34.1275,116.7591,332.4,1.2,1.1,2014-06-26,0557,Aqua,MODIS,88,6.2,287.5,45.4,D,0
-34.129,116.7456,322.1,1.2,1.1,2014-06-26,0557,Aqua,MODIS,81,6.2,286.7,28.9,D,0
-34.1291,116.7539,331.1,1.2,1.1,2014-06-26,0557,Aqua,MODIS,87,6.2,288.3,42,D,0
-31.6301,115.8347,309,1.3,1.1,2014-06-26,0557,Aqua,MODIS,68,6.2,284.2,15.5,D,0
-31.6285,115.8483,305.4,1.3,1.1,2014-06-26,0557,Aqua,MODIS,57,6.2,286.5,11.6,D,0
-31.6403,115.8363,342.2,1.3,1.1,2014-06-26,0557,Aqua,MODIS,81,6.2,285.3,68.8,D,0
-31.6387,115.8499,336.7,1.3,1.1,2014-06-26,0557,Aqua,MODIS,0,6.2,282.4,55.6,D,0
-33.6669,118.0431,305.3,1.1,1,2014-06-26,0557,Aqua,MODIS,61,6.2,287.7,8.4,D,0
-32.4766,116.0444,306.1,1.3,1.1,2014-06-26,0557,Aqua,MODIS,63,6.2,286.7,11.1,D,0
-32.4782,116.0308,300.4,1.3,1.1,2014-06-26,0557,Aqua,MODIS,27,6.2,285.3,6.2,D,0
-32.4788,116.0381,307.9,1.3,1.1,2014-06-26,0557,Aqua,MODIS,66,6.2,286.5,12.6,D,0
-30.8743,121.4912,313,1.1,1,2014-06-26,0557,Aqua,MODIS,73,6.2,294.9,10.9,D,2
-22.9026,123.126,316.1,1.8,1.3,2014-06-26,0559,Aqua,MODIS,46,6.2,305.1,15.1,D,0
-22.9143,123.1285,318.6,1.8,1.3,2014-06-26,0559,Aqua,MODIS,67,6.2,303.5,20.9,D,0
-22.9175,123.1111,314.5,1.8,1.3,2014-06-26,0559,Aqua,MODIS,52,6.2,303.7,12.5,D,0
-22.7782,123.2396,334.3,1.8,1.3,2014-06-26,0559,Aqua,MODIS,85,6.2,307.2,65.3,D,0
-22.8619,123.2818,346.4,1.8,1.3,2014-06-26,0559,Aqua,MODIS,93,6.2,307.6,112.9,D,0
-22.8586,123.2996,331.6,1.9,1.3,2014-06-26,0559,Aqua,MODIS,83,6.2,304.2,54.9,D,0
-22.8738,123.2843,320.8,1.8,1.3,2014-06-26,0559,Aqua,MODIS,71,6.2,303.8,24.8,D,0
-21.0907,118.9717,330.4,1.1,1,2014-06-26,0600,Aqua,MODIS,80,6.2,306.4,20.8,D,0
-21.0923,118.9612,325.1,1.1,1,2014-06-26,0600,Aqua,MODIS,54,6.2,305.7,13.3,D,0
-21.083,118.9595,324.2,1.1,1,2014-06-26,0600,Aqua,MODIS,51,6.2,305.5,12.4,D,0
-21.0736,118.9578,324.9,1.1,1,2014-06-26,0600,Aqua,MODIS,52,6.2,306.3,13.2,D,0
-15.0782,125.8108,312.7,4.1,1.9,2014-06-26,0601,Aqua,MODIS,46,6.2,297.5,43.3,D,0
-15.0904,125.8058,313.4,4.1,1.9,2014-06-26,0601,Aqua,MODIS,56,6.2,296.7,48.6,D,0
-14.8853,126.0396,312.2,4.3,1.9,2014-06-26,0601,Aqua,MODIS,41,6.2,297.1,41.1,D,0
-15.0614,125.8078,311,4.1,1.9,2014-06-26,0601,Aqua,MODIS,18,6.2,296.7,33.1,D,0
-14.7376,126.0455,314.8,4.3,1.9,2014-06-26,0601,Aqua,MODIS,62,6.2,299.4,46.8,D,0
-14.7372,126.0411,314.6,4.3,1.9,2014-06-26,0601,Aqua,MODIS,62,6.2,299.4,46.3,D,0
-19.1378,121.6399,319.5,1.7,1.3,2014-06-26,0601,Aqua,MODIS,64,6.2,307.6,14.3,D,0
-19.1405,121.6242,318.5,1.7,1.3,2014-06-26,0601,Aqua,MODIS,52,6.2,306.5,12.4,D,0
-19.1292,121.6219,340.9,1.7,1.3,2014-06-26,0601,Aqua,MODIS,89,6.2,309.5,72.8,D,0
-19.1318,121.6063,373.2,1.7,1.3,2014-06-26,0601,Aqua,MODIS,100,6.2,309.6,247.2,D,0
-19.1205,121.6041,332.2,1.7,1.3,2014-06-26,0601,Aqua,MODIS,82,6.2,306.8,46.6,D,0
-17.7931,123.3795,322.9,2.4,1.5,2014-06-26,0601,Aqua,MODIS,66,6.2,301,42.1,D,0
-17.7891,123.4018,327.5,2.4,1.5,2014-06-26,0601,Aqua,MODIS,79,6.2,302,60.9,D,0
-17.3161,123.16,317.5,2.3,1.5,2014-06-26,0601,Aqua,MODIS,54,6.2,302.9,23.9,D,0
-17.315,123.0924,315.4,2.3,1.5,2014-06-26,0601,Aqua,MODIS,33,6.2,300.8,19.8,D,0
-17.8064,123.3822,338.3,2.4,1.5,2014-06-26,0601,Aqua,MODIS,88,6.2,302.6,109.3,D,0
-17.7839,123.3547,327.6,2.4,1.5,2014-06-26,0601,Aqua,MODIS,79,6.2,300.1,61.9,D,0
-17.7798,123.3768,347.3,2.4,1.5,2014-06-26,0601,Aqua,MODIS,93,6.2,300.3,170.3,D,0
-15.0668,126.0494,313.2,4.3,1.9,2014-06-26,0601,Aqua,MODIS,54,6.2,298.7,48.2,D,0
-15.0591,126.0888,311.1,4.3,1.9,2014-06-26,0601,Aqua,MODIS,39,6.2,297.9,38.6,D,0
-15.0564,126.0802,314.1,4.3,1.9,2014-06-26,0601,Aqua,MODIS,52,6.2,297.9,55.8,D,0
-15.9907,126.4787,311.4,4.4,1.9,2014-06-26,0601,Aqua,MODIS,20,6.2,299.3,36.5,D,0
-15.9896,126.3942,314,4.3,1.9,2014-06-26,0601,Aqua,MODIS,56,6.2,300.1,55.1,D,0
-14.8752,126.0701,314.7,4.3,1.9,2014-06-26,0601,Aqua,MODIS,32,6.2,297.9,53.3,D,0
-14.8777,126.0788,317.1,4.3,1.9,2014-06-26,0601,Aqua,MODIS,67,6.2,297.9,78.3,D,0
-15.5858,129.2979,303.3,1.3,1.1,2014-06-26,1348,Terra,MODIS,55,6.2,291.8,7.6,N,0
-16.2477,127.702,300.4,1.7,1.3,2014-06-26,1348,Terra,MODIS,26,6.2,289.2,10.9,N,0
-17.6689,138.7362,324.1,1.8,1.3,2014-06-26,1348,Terra,MODIS,100,6.2,287.9,57.1,N,0
-17.6722,138.7487,315.6,1.8,1.3,2014-06-26,1348,Terra,MODIS,92,6.2,287.5,37.1,N,0
-17.675,138.7317,315.1,1.8,1.3,2014-06-26,1348,Terra,MODIS,91,6.2,287.5,36,N,0
-14.66,132.4378,304.9,1,1,2014-06-26,1349,Terra,MODIS,62,6.2,288.4,7.6,N,0
-12.8054,131.1159,300.2,1,1,2014-06-26,1349,Terra,MODIS,18,6.2,289.1,4.5,N,0
-12.8431,131.112,302.7,1,1,2014-06-26,1349,Terra,MODIS,51,6.2,291.4,5.5,N,0
-12.5775,133.8346,302.6,1.1,1,2014-06-26,1349,Terra,MODIS,50,6.2,292.4,4.9,N,0
-11.6323,130.4344,304.6,1,1,2014-06-26,1349,Terra,MODIS,61,6.2,290.9,6.6,N,0
-11.6507,130.437,301.1,1,1,2014-06-26,1349,Terra,MODIS,22,6.2,289.8,4.3,N,0
-11.694,130.3124,300.1,1.1,1,2014-06-26,1349,Terra,MODIS,16,6.2,289.5,4.7,N,0
-13.3991,133.0814,304.1,1,1,2014-06-26,1349,Terra,MODIS,58,6.2,289.3,6.6,N,0
-13.5284,133.0756,301.9,1,1,2014-06-26,1349,Terra,MODIS,45,6.2,290.9,4.6,N,0
-14.0823,133.1897,300.1,1,1,2014-06-26,1349,Terra,MODIS,17,6.2,289.6,4,N,0
-13.6436,131.9552,300.8,1,1,2014-06-26,1349,Terra,MODIS,27,6.2,287.4,4.8,N,0
-13.7785,133.3157,300.3,1,1,2014-06-26,1349,Terra,MODIS,24,6.2,288.5,4.7,N,0
-13.7771,133.3251,303.2,1,1,2014-06-26,1349,Terra,MODIS,54,6.2,288.5,6.3,N,0
-14.1478,133.2443,305.7,1,1,2014-06-26,1349,Terra,MODIS,62,6.2,288.9,7.3,N,0
-14.1568,133.2457,303.6,1,1,2014-06-26,1349,Terra,MODIS,38,6.2,288.4,5.8,N,0
-13.6532,132.9771,300.8,1,1,2014-06-26,1349,Terra,MODIS,34,6.2,290.6,4,N,0
-13.7789,132.9362,305.6,1,1,2014-06-26,1349,Terra,MODIS,65,6.2,291.2,7.2,N,0
-13.8834,132.2734,301.7,1,1,2014-06-26,1349,Terra,MODIS,43,6.2,289.7,5.1,N,0
-13.4368,133.1989,305.1,1,1,2014-06-26,1349,Terra,MODIS,34,6.2,290.7,6.3,N,0
-13.7776,132.9456,307.1,1,1,2014-06-26,1349,Terra,MODIS,70,6.2,291.4,8.1,N,0
-13.6519,132.9864,302.3,1,1,2014-06-26,1349,Terra,MODIS,48,6.2,291.3,4.8,N,0
-13.2176,132.4917,304.4,1,1,2014-06-26,1349,Terra,MODIS,60,6.2,293.5,5.2,N,0
-13.1234,132.3148,305.8,1,1,2014-06-26,1349,Terra,MODIS,66,6.2,292.6,6.6,N,0
-13.7071,133.0489,302.7,1,1,2014-06-26,1349,Terra,MODIS,51,6.2,290.9,5,N,0
-14.3162,133.0379,304.7,1,1,2014-06-26,1349,Terra,MODIS,39,6.2,291.1,6.3,N,0
-13.8917,132.2805,308.3,1,1,2014-06-26,1349,Terra,MODIS,74,6.2,290.5,8.8,N,0
-13.6609,130.7717,302,1.1,1,2014-06-26,1349,Terra,MODIS,11,6.2,290.9,4.4,N,0
-14.5454,130.1578,300.3,1.1,1.1,2014-06-26,1349,Terra,MODIS,23,6.2,288.6,5.5,N,0
-13.7477,133.2722,300.7,1,1,2014-06-26,1349,Terra,MODIS,33,6.2,289.1,4.8,N,0
-14.8728,126.0955,302.4,2.1,1.4,2014-06-26,1349,Terra,MODIS,49,6.2,288.5,18.1,N,0
-13.9968,133.2082,303.3,1,1,2014-06-26,1349,Terra,MODIS,31,6.2,288.9,5.2,N,0
-14.5843,130.1149,310.4,1.1,1.1,2014-06-26,1349,Terra,MODIS,80,6.2,286.8,13.2,N,0
-14.2008,133.2622,317.5,1,1,2014-06-26,1349,Terra,MODIS,95,6.2,289.5,16.5,N,0
-15.2496,127.4842,300.1,1.7,1.3,2014-06-26,1349,Terra,MODIS,14,6.2,289.8,9.2,N,0
-14.5815,130.1361,304.3,1.1,1.1,2014-06-26,1349,Terra,MODIS,15,6.2,290,7,N,0
-14.2021,133.2529,308,1,1,2014-06-26,1349,Terra,MODIS,73,6.2,289.1,8.9,N,0
-11.6008,130.3907,302.7,1.1,1,2014-06-26,1349,Terra,MODIS,38,6.2,289.1,5.7,N,0
-14.5829,130.1255,309.8,1.1,1.1,2014-06-26,1349,Terra,MODIS,78,6.2,288.3,12.2,N,0
-14.5583,130.0625,302.7,1.1,1.1,2014-06-26,1349,Terra,MODIS,15,6.2,290.5,6.6,N,0
-14.5691,130.1562,307.1,1.1,1.1,2014-06-26,1349,Terra,MODIS,22,6.2,290.1,8.9,N,0
-15.3577,127.8976,307.4,1.6,1.2,2014-06-26,1349,Terra,MODIS,71,6.2,290.7,16.1,N,0
-12.8653,133.2663,313.7,1,1,2014-06-26,1349,Terra,MODIS,88,6.2,292.9,12.1,N,0
-13.2147,130.7452,308.9,1.1,1,2014-06-26,1349,Terra,MODIS,76,6.2,291.6,8.9,N,0
-13.199,130.7231,311.6,1.1,1,2014-06-26,1349,Terra,MODIS,49,6.2,291.4,10,N,0
-12.2597,133.689,307.7,1.1,1,2014-06-26,1349,Terra,MODIS,72,6.2,294.2,7.9,N,0
-13.0035,130.8097,315.2,1,1,2014-06-26,1349,Terra,MODIS,91,6.2,290.3,15.2,N,0
-12.0669,133.7478,306.7,1.1,1,2014-06-26,1349,Terra,MODIS,69,6.2,292.9,7.1,N,0
-12.5878,131.5542,303.8,1,1,2014-06-26,1349,Terra,MODIS,57,6.2,290.1,5.8,N,0
-13.2161,130.7355,310.7,1.1,1,2014-06-26,1349,Terra,MODIS,66,6.2,291.7,9.8,N,0
-13.0087,130.8398,303.5,1,1,2014-06-26,1349,Terra,MODIS,53,6.2,290.5,6.3,N,0
-12.0718,133.7793,304.2,1.1,1,2014-06-26,1349,Terra,MODIS,16,6.2,292.8,5,N,0
-13.0048,130.8001,331.9,1,1,2014-06-26,1349,Terra,MODIS,100,6.2,290.3,34.9,N,0
-13.0061,130.7905,306.9,1,1,2014-06-26,1349,Terra,MODIS,70,6.2,287.4,9.7,N,0
-12.5788,131.5528,307.3,1,1,2014-06-26,1349,Terra,MODIS,71,6.2,290.4,8.2,N,0
-12.0654,133.7578,302.6,1.1,1,2014-06-26,1349,Terra,MODIS,18,6.2,292.6,4.2,N,0
-13.2069,130.7341,308.1,1.1,1,2014-06-26,1349,Terra,MODIS,31,6.2,292.1,7.6,N,0
-13.2082,130.7244,328.2,1.1,1,2014-06-26,1349,Terra,MODIS,100,6.2,292.9,27.7,N,0
-11.9936,133.7508,303.2,1.1,1,2014-06-26,1349,Terra,MODIS,54,6.2,292.2,5.5,N,0
-12.0782,133.8007,305.8,1.1,1,2014-06-26,1349,Terra,MODIS,66,6.2,293.4,6.2,N,0
-13.2074,130.7324,315,1.1,1,2014-06-26,1652,Aqua,MODIS,90,6.2,292.5,14.8,N,0
-13.206,130.7224,322.3,1.1,1,2014-06-26,1652,Aqua,MODIS,100,6.2,292.9,23.2,N,0
-13.2102,130.7524,304,1.1,1,2014-06-26,1652,Aqua,MODIS,56,6.2,290.2,6.8,N,0
-13.2088,130.7424,310.3,1.1,1,2014-06-26,1652,Aqua,MODIS,80,6.2,291.7,11.1,N,0
-13.6426,130.7643,304.7,1.1,1.1,2014-06-26,1652,Aqua,MODIS,61,6.2,291.3,7.3,N,0
-13.6364,130.7604,332.2,1.1,1.1,2014-06-26,1652,Aqua,MODIS,100,6.2,293.1,36.8,N,0
-11.6521,130.4431,302.2,1,1,2014-06-26,1652,Aqua,MODIS,48,6.2,290,5.7,N,0
-13.9077,127.0791,307,1.1,1,2014-06-26,1653,Aqua,MODIS,51,6.2,290.4,9,N,0
-15.9677,126.4664,300.9,1.1,1,2014-06-26,1653,Aqua,MODIS,35,6.2,285.2,7.4,N,0
-15.2934,127.901,301,1,1,2014-06-26,1653,Aqua,MODIS,36,6.2,288.8,4.8,N,0
-15.9692,126.4764,302.4,1.1,1,2014-06-26,1653,Aqua,MODIS,49,6.2,286,8.3,N,0
-14.5853,130.1411,305.5,1.1,1,2014-06-26,1653,Aqua,MODIS,38,6.2,288.8,7.7,N,0
-14.563,130.1608,310.4,1.1,1,2014-06-26,1653,Aqua,MODIS,41,6.2,289.7,10.9,N,0
-15.2498,127.4865,301.2,1,1,2014-06-26,1653,Aqua,MODIS,39,6.2,289.4,5.5,N,0
-13.8847,127.0526,305.4,1.1,1,2014-06-26,1653,Aqua,MODIS,29,6.2,288.4,8.1,N,0
-14.5695,130.1633,305.7,1.1,1,2014-06-26,1653,Aqua,MODIS,31,6.2,289.1,7.9,N,0
-14.5681,130.1535,305.1,1.1,1,2014-06-26,1653,Aqua,MODIS,14,6.2,290.7,7.5,N,0
-14.8802,126.0888,305.2,1.1,1.1,2014-06-26,1653,Aqua,MODIS,64,6.2,287.9,9,N,0
-15.3486,127.9047,304.3,1,1,2014-06-26,1653,Aqua,MODIS,59,6.2,290.2,6.6,N,0
-17.7661,123.3936,301.3,1.5,1.2,2014-06-26,1654,Aqua,MODIS,39,6.2,286.9,9.7,N,0
-17.7671,123.3868,300.4,1.5,1.2,2014-06-26,1654,Aqua,MODIS,27,6.2,287.3,9.7,N,0
-30.8668,121.4954,317.4,1.2,1.1,2014-06-26,1657,Aqua,MODIS,95,6.2,281.7,24.8,N,2
-12.2723,141.9298,321.3,1.4,1.2,2014-06-27,0039,Terra,MODIS,77,6.2,296.8,25.8,D,0
-12.2701,141.9167,307.1,1.4,1.2,2014-06-27,0039,Terra,MODIS,37,6.2,295.1,5.8,D,0
-13.0745,142.7702,314.8,1.2,1.1,2014-06-27,0039,Terra,MODIS,51,6.2,300.2,7.8,D,0
-13.0908,142.7441,313.6,1.3,1.1,2014-06-27,0039,Terra,MODIS,50,6.2,297.6,8.6,D,0
-12.8877,142.7545,316.8,1.3,1.1,2014-06-27,0039,Terra,MODIS,60,6.2,298.3,11.6,D,0
-12.8895,142.766,360.5,1.3,1.1,2014-06-27,0039,Terra,MODIS,100,6.2,302.5,112.5,D,0
-12.9391,142.8862,310.9,1.2,1.1,2014-06-27,0039,Terra,MODIS,58,6.2,298.4,6.6,D,0
-12.8913,142.7775,335.3,1.3,1.1,2014-06-27,0039,Terra,MODIS,88,6.2,301.2,39.6,D,0
-14.2899,141.5987,312.9,1.4,1.2,2014-06-27,0039,Terra,MODIS,51,6.2,298,9.9,D,0
-14.766,142.8458,305.2,1.2,1.1,2014-06-27,0039,Terra,MODIS,46,6.2,289,5.8,D,0
-14.7643,142.8349,305.7,1.2,1.1,2014-06-27,0039,Terra,MODIS,43,6.2,289.5,5.9,D,0
-18.3637,144.5566,314.9,1,1,2014-06-27,0040,Terra,MODIS,65,6.2,298.1,8,D,0
-18.3732,144.5582,326.2,1,1,2014-06-27,0040,Terra,MODIS,82,6.2,296.4,19.5,D,0
-15.4472,141.6064,340.8,1.4,1.2,2014-06-27,0040,Terra,MODIS,91,6.2,298.8,55.4,D,0
-15.4368,141.6081,320.2,1.4,1.2,2014-06-27,0040,Terra,MODIS,36,6.2,300,15.2,D,0
-15.4347,141.5956,323.6,1.4,1.2,2014-06-27,0040,Terra,MODIS,72,6.2,299.1,21.1,D,0
-15.4451,141.5938,336.3,1.4,1.2,2014-06-27,0040,Terra,MODIS,83,6.2,297.8,43.8,D,0
-15.9347,136.0051,307.5,3.4,1.7,2014-06-27,0040,Terra,MODIS,39,6.2,295.1,23.9,D,0
-17.6591,138.698,372.8,2,1.4,2014-06-27,0040,Terra,MODIS,100,6.2,299.3,318.7,D,0
-17.6623,138.7164,357.7,2,1.4,2014-06-27,0040,Terra,MODIS,99,6.2,300.6,194.6,D,0
-17.6868,138.7117,336.2,2,1.4,2014-06-27,0040,Terra,MODIS,88,6.2,298.1,84.1,D,0
-17.6772,138.7075,326.6,2,1.4,2014-06-27,0040,Terra,MODIS,61,6.2,298.5,48.5,D,0
-17.6806,138.7257,326,2,1.4,2014-06-27,0040,Terra,MODIS,59,6.2,300,45.8,D,0
-17.6928,138.7234,312.8,2,1.4,2014-06-27,0040,Terra,MODIS,29,6.2,297.8,16,D,0
-17.6379,138.7211,324.9,2,1.4,2014-06-27,0040,Terra,MODIS,67,6.2,299.4,45.8,D,0
-17.6468,138.7004,350.8,2,1.4,2014-06-27,0040,Terra,MODIS,96,6.2,299.6,152.5,D,0
-17.6501,138.7187,337.4,2,1.4,2014-06-27,0040,Terra,MODIS,68,6.2,301.4,84,D,0
-16.115,144.1812,321.8,1,1,2014-06-27,0040,Terra,MODIS,78,6.2,298.1,15.5,D,0
-16.1164,144.1907,328.6,1,1,2014-06-27,0040,Terra,MODIS,84,6.2,298.2,23.1,D,0
-26.6939,150.1868,310.9,2.3,1.5,2014-06-27,0042,Terra,MODIS,69,6.2,292.9,32.1,D,0
-31.868,145.8855,301.9,1.4,1.2,2014-06-27,0044,Terra,MODIS,25,6.2,288,7.3,D,0
-31.8787,145.8839,306.4,1.4,1.2,2014-06-27,0044,Terra,MODIS,63,6.2,288.3,11.9,D,0
-31.614,148.522,305.1,2.1,1.4,2014-06-27,0044,Terra,MODIS,61,6.2,288.3,20,D,0
-13.2147,130.7086,313.5,3.8,1.8,2014-06-27,0217,Terra,MODIS,58,6.2,296.8,45.8,D,0
-13.2085,130.7143,314,3.8,1.8,2014-06-27,0217,Terra,MODIS,60,6.2,297.5,47.4,D,0
-12.8553,131.427,318.1,4.3,1.9,2014-06-27,0217,Terra,MODIS,69,6.2,297,76.2,D,0
-13.0103,130.8565,317.8,3.9,1.8,2014-06-27,0217,Terra,MODIS,67,6.2,297.3,61.3,D,0
-13.2183,130.7423,313.6,3.9,1.8,2014-06-27,0217,Terra,MODIS,59,6.2,297.2,48.7,D,0
-13.0064,130.821,316.1,3.9,1.8,2014-06-27,0217,Terra,MODIS,56,6.2,297.7,52.1,D,0
-12.8569,131.4196,318.8,4.3,1.9,2014-06-27,0217,Terra,MODIS,70,6.2,296.7,82.7,D,0
-11.6026,130.3935,315.1,3.4,1.7,2014-06-27,0217,Terra,MODIS,27,6.2,295.3,49.3,D,0
-14.8796,126.0834,317.4,1.8,1.3,2014-06-27,0218,Terra,MODIS,42,6.2,300.6,20.2,D,0
-14.8816,126.1,321.5,1.8,1.3,2014-06-27,0218,Terra,MODIS,66,6.2,300.1,29.8,D,0
-14.5866,130.1194,334.3,3.6,1.8,2014-06-27,0218,Terra,MODIS,86,6.2,300,171.3,D,0
-14.5901,130.1509,317.7,3.6,1.8,2014-06-27,0218,Terra,MODIS,62,6.2,297.6,62.6,D,0
-13.8425,126.991,336.2,2,1.4,2014-06-27,0218,Terra,MODIS,87,6.2,303,81.2,D,0
-13.855,126.9894,325.5,2,1.4,2014-06-27,0218,Terra,MODIS,74,6.2,303.5,41.2,D,0
-13.8698,127.0064,319.1,2,1.4,2014-06-27,0218,Terra,MODIS,58,6.2,302.3,21,D,0
-13.8745,127.0438,333.4,2,1.4,2014-06-27,0218,Terra,MODIS,65,6.2,303.4,67.5,D,0
-13.8722,127.0249,342.3,2,1.4,2014-06-27,0218,Terra,MODIS,91,6.2,302.9,108.7,D,0
-13.8737,127.0192,329.9,2,1.4,2014-06-27,0218,Terra,MODIS,82,6.2,302.7,51.1,D,0
-14.5557,130.0483,323.2,3.6,1.8,2014-06-27,0218,Terra,MODIS,52,6.2,298.6,78.5,D,0
-15.048,126.0671,318.6,1.8,1.3,2014-06-27,0218,Terra,MODIS,41,6.2,303.4,20.1,D,0
-13.8379,126.9537,318.6,2,1.4,2014-06-27,0218,Terra,MODIS,70,6.2,300.9,25.5,D,0
-13.8605,126.9078,318.6,2,1.4,2014-06-27,0218,Terra,MODIS,62,6.2,302.4,24.5,D,0
-14.6005,130.0122,320.8,3.6,1.8,2014-06-27,0218,Terra,MODIS,73,6.2,297.9,74.5,D,0
-14.6075,130.0166,330.6,3.6,1.8,2014-06-27,0218,Terra,MODIS,84,6.2,298.3,140.5,D,0
-14.6113,130.0497,322.1,3.6,1.8,2014-06-27,0218,Terra,MODIS,46,6.2,299.5,80.7,D,0
-14.4891,130.2018,310.7,3.7,1.8,2014-06-27,0218,Terra,MODIS,31,6.2,298.3,28.2,D,0
-14.9666,126.0493,312.3,1.8,1.3,2014-06-27,0218,Terra,MODIS,24,6.2,299.3,11.8,D,0
-14.5631,130.053,317.6,3.6,1.8,2014-06-27,0218,Terra,MODIS,45,6.2,298.8,51.9,D,0
-15.046,126.0505,335.7,1.8,1.3,2014-06-27,0218,Terra,MODIS,87,6.2,302.8,67.1,D,0
-14.5594,130.0193,315.7,3.6,1.8,2014-06-27,0218,Terra,MODIS,30,6.2,297.4,41.7,D,0
-13.9662,126.9256,317,2,1.4,2014-06-27,0218,Terra,MODIS,46,6.2,300.4,18.3,D,0
-14.1122,127.1699,314.9,2.1,1.4,2014-06-27,0218,Terra,MODIS,43,6.2,302.1,15.6,D,0
-14.604,130.0453,327.1,3.6,1.8,2014-06-27,0218,Terra,MODIS,81,6.2,300.5,118.6,D,0
-15.6718,130.4628,314.6,4,1.9,2014-06-27,0218,Terra,MODIS,63,6.2,299.8,59.8,D,0
-15.6768,130.4567,316,4,1.9,2014-06-27,0218,Terra,MODIS,66,6.2,299.4,66.9,D,0
-15.2533,127.4736,323.4,2.3,1.5,2014-06-27,0218,Terra,MODIS,77,6.2,301.9,46.5,D,0
-14.5788,130.1154,325.6,3.6,1.8,2014-06-27,0218,Terra,MODIS,46,6.2,301.3,95.6,D,0
-15.2558,127.4951,317.2,2.3,1.5,2014-06-27,0218,Terra,MODIS,68,6.2,300.7,28.2,D,0
-13.876,127.038,333.6,2,1.4,2014-06-27,0218,Terra,MODIS,81,6.2,304.1,64.9,D,0
-14.7364,126.0162,316,1.8,1.3,2014-06-27,0218,Terra,MODIS,64,6.2,300.9,15.1,D,0
-14.3801,126.0866,321.5,1.8,1.3,2014-06-27,0218,Terra,MODIS,73,6.2,301.3,28.3,D,0
-14.5821,130.1469,320.4,3.6,1.8,2014-06-27,0218,Terra,MODIS,60,6.2,298.9,74,D,0
-13.9101,126.9013,321.6,2,1.4,2014-06-27,0218,Terra,MODIS,74,6.2,304.9,29.3,D,0
-13.8402,126.9724,346.8,2,1.4,2014-06-27,0218,Terra,MODIS,94,6.2,303.8,134.1,D,0
-14.9527,126.0339,314.6,1.8,1.3,2014-06-27,0218,Terra,MODIS,45,6.2,299.9,14.7,D,0
-15.0243,125.8711,314.3,1.7,1.3,2014-06-27,0218,Terra,MODIS,60,6.2,302.3,13.5,D,0
-15.0255,126.0419,319.5,1.8,1.3,2014-06-27,0218,Terra,MODIS,40,6.2,301.3,21.6,D,0
-15.6703,124.9164,319.1,1.5,1.2,2014-06-27,0218,Terra,MODIS,70,6.2,301.5,16.4,D,0
-15.0804,125.8473,324.6,1.7,1.3,2014-06-27,0218,Terra,MODIS,77,6.2,300.2,36.2,D,0
-15.0824,125.8636,311.3,1.7,1.3,2014-06-27,0218,Terra,MODIS,28,6.2,299.7,8.5,D,0
-15.0996,125.9369,314.5,1.8,1.3,2014-06-27,0218,Terra,MODIS,57,6.2,301.6,11.2,D,0
-19.135,121.6092,316.3,1.1,1,2014-06-27,0219,Terra,MODIS,18,6.2,303.4,6.8,D,0
-19.1364,121.6195,318.3,1.1,1,2014-06-27,0219,Terra,MODIS,63,6.2,304,9.1,D,0
-19.1378,121.6298,324.9,1.1,1,2014-06-27,0219,Terra,MODIS,77,6.2,304.1,16.4,D,0
-17.8762,127.9166,322.3,2.7,1.6,2014-06-27,0219,Terra,MODIS,76,6.2,301.2,65.3,D,0
-17.873,127.9237,322.9,2.7,1.6,2014-06-27,0219,Terra,MODIS,77,6.2,300.7,67.2,D,0
-17.7674,123.3586,325.6,1.3,1.1,2014-06-27,0219,Terra,MODIS,77,6.2,305.8,21.1,D,0
-17.7659,123.3466,321.8,1.3,1.1,2014-06-27,0219,Terra,MODIS,73,6.2,303.9,16.2,D,0
-17.2948,123.0971,341.5,1.2,1.1,2014-06-27,0219,Terra,MODIS,90,6.2,306.2,50.1,D,0
-17.9001,123.6733,316,1.3,1.1,2014-06-27,0219,Terra,MODIS,61,6.2,303.3,10.9,D,0
-17.7978,123.3544,326,1.3,1.1,2014-06-27,0219,Terra,MODIS,63,6.2,305.9,20.5,D,0
-17.3077,123.1122,327.8,1.2,1.1,2014-06-27,0219,Terra,MODIS,80,6.2,306,23.1,D,0
-17.796,123.3488,321.6,1.3,1.1,2014-06-27,0219,Terra,MODIS,53,6.2,305,14.4,D,0
-17.7975,123.3609,323.2,1.3,1.1,2014-06-27,0219,Terra,MODIS,68,6.2,307,16.2,D,0
-17.3063,123.1072,338,1.2,1.1,2014-06-27,0219,Terra,MODIS,86,6.2,305.9,41.2,D,0
-17.2964,123.1086,338.3,1.2,1.1,2014-06-27,0219,Terra,MODIS,79,6.2,307.5,41.9,D,0
-17.9154,123.7099,328.2,1.4,1.2,2014-06-27,0219,Terra,MODIS,80,6.2,305.8,29.4,D,0
-17.3063,123.1007,332.4,1.2,1.1,2014-06-27,0219,Terra,MODIS,75,6.2,304.6,30.9,D,0
-17.9121,123.6845,326.4,1.3,1.1,2014-06-27,0219,Terra,MODIS,78,6.2,303.1,26.3,D,0
-17.9034,123.6986,328.1,1.3,1.2,2014-06-27,0219,Terra,MODIS,80,6.2,307.4,28.4,D,0
-17.9137,123.6972,341.6,1.3,1.2,2014-06-27,0219,Terra,MODIS,90,6.2,305.5,59.2,D,0
-17.9017,123.6859,339.8,1.3,1.1,2014-06-27,0219,Terra,MODIS,89,6.2,306.2,55.4,D,0
-17.2933,123.0857,325,1.2,1.1,2014-06-27,0219,Terra,MODIS,71,6.2,302.5,20.9,D,0
-17.7722,123.3948,322.3,1.3,1.1,2014-06-27,0219,Terra,MODIS,67,6.2,304.8,15.2,D,0
-22.7364,123.2256,344,1.5,1.2,2014-06-27,0220,Terra,MODIS,92,6.2,300.6,76.7,D,0
-22.7256,123.2271,347.4,1.5,1.2,2014-06-27,0220,Terra,MODIS,94,6.2,301.7,88.1,D,0
-22.724,123.2129,385.1,1.5,1.2,2014-06-27,0220,Terra,MODIS,100,6.2,304.9,292.7,D,0
-22.7209,123.2192,343.4,1.5,1.2,2014-06-27,0220,Terra,MODIS,92,6.2,302.9,74.8,D,0
-22.7192,123.2051,313.7,1.4,1.2,2014-06-27,0220,Terra,MODIS,64,6.2,298.8,10.5,D,0
-22.8463,123.2911,314.7,1.5,1.2,2014-06-27,0220,Terra,MODIS,56,6.2,299.1,12,D,0
-22.7347,123.2115,355.5,1.5,1.2,2014-06-27,0220,Terra,MODIS,98,6.2,300.7,118.3,D,0
-21.1029,118.9709,314.7,1,1,2014-06-27,0220,Terra,MODIS,58,6.2,299.6,6.1,D,0
-22.7942,121.9543,321.4,1.2,1.1,2014-06-27,0220,Terra,MODIS,77,6.2,295.1,20.7,D,0
-22.7926,121.9424,315.7,1.2,1.1,2014-06-27,0220,Terra,MODIS,70,6.2,294.5,13.8,D,0
-23.2499,122.6718,352.5,1.4,1.2,2014-06-27,0220,Terra,MODIS,97,6.2,298.7,96.6,D,0
-23.2482,122.6584,328.7,1.4,1.2,2014-06-27,0220,Terra,MODIS,61,6.2,295.5,31.9,D,0
-23.2411,122.6865,324.1,1.4,1.2,2014-06-27,0220,Terra,MODIS,67,6.2,295.5,26.6,D,0
-23.2394,122.6732,323.9,1.4,1.2,2014-06-27,0220,Terra,MODIS,79,6.2,295.7,26,D,0
-22.8498,117.5539,320.8,1,1,2014-06-27,0221,Terra,MODIS,53,6.2,292.4,15.6,D,0
-22.8513,117.564,344.7,1,1,2014-06-27,0221,Terra,MODIS,93,6.2,290.9,51.1,D,0
-33.0748,117.0426,302.2,1,1,2014-06-27,0223,Terra,MODIS,51,6.2,284.6,6.5,D,0
-30.8634,121.4896,301.2,1.4,1.2,2014-06-27,0223,Terra,MODIS,45,6.2,287.1,8.2,D,2
-31.1701,151.6472,302.1,1.9,1.3,2014-06-27,0323,Aqua,MODIS,51,6.2,289.4,12.5,D,0
-31.8803,145.8806,302,4.6,2,2014-06-27,0323,Aqua,MODIS,50,6.2,291.3,41,D,0
-31.8827,145.8776,302.5,4.6,2,2014-06-27,0323,Aqua,MODIS,52,6.2,291.3,43.7,D,0
-30.2371,149.1282,310,2.7,1.6,2014-06-27,0323,Aqua,MODIS,69,6.2,296.7,31.8,D,0
-30.2347,149.1235,308.1,2.7,1.6,2014-06-27,0323,Aqua,MODIS,67,6.2,296.8,26.6,D,0
-30.0135,152.1003,311.8,1.7,1.3,2014-06-27,0323,Aqua,MODIS,63,6.2,292.9,22.2,D,0
-30.0118,152.1176,323.3,1.7,1.3,2014-06-27,0323,Aqua,MODIS,82,6.2,292.7,44.4,D,0
-28.5539,149.4838,314.8,2.4,1.5,2014-06-27,0324,Aqua,MODIS,72,6.2,299.8,33.9,D,0
-29.0236,153.3103,341.9,1.4,1.2,2014-06-27,0324,Aqua,MODIS,86,6.2,297.6,67.4,D,0
-29.198,148.9454,308.7,2.7,1.6,2014-06-27,0324,Aqua,MODIS,48,6.2,297.6,21.7,D,0
-29.0167,153.3172,323.3,1.4,1.2,2014-06-27,0324,Aqua,MODIS,70,6.2,296.5,27.8,D,0
-29.0272,153.3187,322.6,1.4,1.2,2014-06-27,0324,Aqua,MODIS,56,6.2,296.7,26,D,0
-29.2026,148.9229,308.8,2.7,1.6,2014-06-27,0324,Aqua,MODIS,63,6.2,297.5,24.5,D,0
-26.9021,152.4904,310.8,1.5,1.2,2014-06-27,0324,Aqua,MODIS,65,6.2,297.6,13.1,D,0
-26.6929,150.1899,325.7,2.1,1.4,2014-06-27,0324,Aqua,MODIS,82,6.2,298.4,58.6,D,0
-26.6949,150.1691,333.9,2.1,1.4,2014-06-27,0324,Aqua,MODIS,88,6.2,298.7,89.8,D,0
-26.7968,150.1929,310.8,2.1,1.4,2014-06-27,0324,Aqua,MODIS,64,6.2,299.9,17.2,D,2
-25.4183,152.3323,310.2,1.4,1.2,2014-06-27,0325,Aqua,MODIS,62,6.2,293.1,12.2,D,0
-19.5,146.2687,311.9,3.2,1.7,2014-06-27,0326,Aqua,MODIS,52,6.2,293.3,43.1,D,0
-19.5116,146.2743,315.9,3.2,1.7,2014-06-27,0326,Aqua,MODIS,72,6.2,292.3,61.6,D,0
-19.5154,146.27,309.7,3.2,1.7,2014-06-27,0326,Aqua,MODIS,48,6.2,290.4,33.2,D,0
-18.3767,144.536,312.3,4.2,1.9,2014-06-27,0327,Aqua,MODIS,51,6.2,297.5,53.8,D,0
-18.3744,144.5316,310.6,4.2,1.9,2014-06-27,0327,Aqua,MODIS,40,6.2,297.5,45.9,D,0
-23.2517,122.6687,324.5,3,1.6,2014-06-27,0504,Aqua,MODIS,67,6.2,299.4,80.1,D,0
-23.2535,122.6444,312,3,1.6,2014-06-27,0504,Aqua,MODIS,49,6.2,298.7,25.2,D,0
-23.251,122.6735,323.8,3,1.6,2014-06-27,0504,Aqua,MODIS,58,6.2,299,76.9,D,0
-22.7789,123.2314,323,2.7,1.6,2014-06-27,0504,Aqua,MODIS,75,6.2,300.7,57.8,D,0
-22.7247,123.199,318.6,2.7,1.6,2014-06-27,0504,Aqua,MODIS,68,6.2,300.1,35.8,D,0
-22.7388,123.2006,319.9,2.7,1.6,2014-06-27,0504,Aqua,MODIS,71,6.2,300.8,41.4,D,0
-22.7347,123.1927,324,2.7,1.6,2014-06-27,0504,Aqua,MODIS,76,6.2,300.9,60.9,D,0
-22.7322,123.2187,317.2,2.7,1.6,2014-06-27,0504,Aqua,MODIS,65,6.2,301,32.3,D,0
-22.7764,123.2572,322.2,2.6,1.6,2014-06-27,0504,Aqua,MODIS,74,6.2,301.1,53.5,D,0
-22.8624,123.2972,315.7,2.6,1.6,2014-06-27,0504,Aqua,MODIS,63,6.2,300.3,26.5,D,0
-20.0424,125.5305,336.4,1.7,1.3,2014-06-27,0505,Aqua,MODIS,85,6.2,307,55,D,0
-20.0511,125.537,388.5,1.7,1.3,2014-06-27,0505,Aqua,MODIS,100,6.2,312.1,372.6,D,0
-20.0494,125.5529,363.3,1.6,1.3,2014-06-27,0505,Aqua,MODIS,100,6.2,309.2,172.5,D,0
-20.0538,125.532,347.5,1.7,1.3,2014-06-27,0505,Aqua,MODIS,93,6.2,308.9,94.7,D,0
-20.0519,125.5479,370.2,1.6,1.3,2014-06-27,0505,Aqua,MODIS,100,6.2,310,218.9,D,0
-20.0625,125.5385,362.3,1.7,1.3,2014-06-27,0505,Aqua,MODIS,100,6.2,309.5,165.4,D,0
-20.0607,125.5544,345.8,1.6,1.3,2014-06-27,0505,Aqua,MODIS,92,6.2,308.6,84.5,D,0
-20.0405,125.5463,341.6,1.6,1.3,2014-06-27,0505,Aqua,MODIS,89,6.2,307.5,72.9,D,0
-20.0397,125.5355,319.7,1.7,1.3,2014-06-27,0505,Aqua,MODIS,30,6.2,305.6,11.4,D,0
-16.9009,137.355,313.7,2.5,1.5,2014-06-27,0505,Aqua,MODIS,42,6.2,301.6,17.5,D,0
-19.6017,127.7683,320.1,1.2,1.1,2014-06-27,0505,Aqua,MODIS,53,6.2,307.6,9.2,D,0
-17.6418,137.3382,338.5,2.4,1.5,2014-06-27,0505,Aqua,MODIS,88,6.2,303.8,119.5,D,0
-17.6459,137.3158,340.6,2.4,1.5,2014-06-27,0505,Aqua,MODIS,90,6.2,303.9,130.5,D,0
-17.6468,137.332,347.1,2.4,1.5,2014-06-27,0505,Aqua,MODIS,93,6.2,302.8,175.8,D,0
-17.6508,137.3096,325.6,2.4,1.5,2014-06-27,0505,Aqua,MODIS,77,6.2,301.9,56.2,D,0
-17.6334,137.3291,316.1,2.4,1.5,2014-06-27,0505,Aqua,MODIS,61,6.2,304.5,24,D,0
-17.9547,137.8662,316.8,2.6,1.6,2014-06-27,0505,Aqua,MODIS,39,6.2,301.9,25.6,D,0
-17.9316,137.836,316.9,2.6,1.5,2014-06-27,0505,Aqua,MODIS,50,6.2,303.6,26.2,D,0
-17.9397,137.8303,319.6,2.6,1.5,2014-06-27,0505,Aqua,MODIS,59,6.2,303.5,34.2,D,0
-17.6379,138.7238,317.3,3.1,1.7,2014-06-27,0505,Aqua,MODIS,56,6.2,302.9,38.8,D,0
-20.8262,130.3531,324.3,1,1,2014-06-27,0505,Aqua,MODIS,64,6.2,306.4,11.2,D,0
-20.8275,130.3435,330.9,1,1,2014-06-27,0505,Aqua,MODIS,81,6.2,310.1,18.8,D,0
-20.8185,130.3421,327.1,1,1,2014-06-27,0505,Aqua,MODIS,76,6.2,308.8,14.6,D,0
-18.804,128.5614,317.3,1.1,1,2014-06-27,0505,Aqua,MODIS,44,6.2,306.2,6.3,D,0
-19.8462,127.439,317.2,1.2,1.1,2014-06-27,0505,Aqua,MODIS,41,6.2,306,6.3,D,0
-14.6036,130.0154,325.4,1,1,2014-06-27,0506,Aqua,MODIS,11,6.2,304.5,13,D,0
-14.4754,130.2029,325.7,1,1,2014-06-27,0506,Aqua,MODIS,74,6.2,304.6,13.7,D,0
-14.5212,130.0721,318.2,1,1,2014-06-27,0506,Aqua,MODIS,24,6.2,304.7,5.2,D,0
-14.4838,130.2002,329,1,1,2014-06-27,0506,Aqua,MODIS,76,6.2,306.4,16.3,D,0
-14.4943,130.1923,327.4,1,1,2014-06-27,0506,Aqua,MODIS,70,6.2,307.8,14.6,D,0
-15.0307,126.0571,323.3,1.3,1.1,2014-06-27,0506,Aqua,MODIS,47,6.2,305.1,15.9,D,0
-13.8372,133.1716,349.6,1.4,1.2,2014-06-27,0506,Aqua,MODIS,95,6.2,304.6,88.6,D,0
-13.8393,133.1587,314.3,1.4,1.2,2014-06-27,0506,Aqua,MODIS,23,6.2,301.4,7,D,0
-15.1224,130.5574,319,1,1,2014-06-27,0506,Aqua,MODIS,54,6.2,304,7.6,D,0
-13.8315,133.1784,346.2,1.4,1.2,2014-06-27,0506,Aqua,MODIS,93,6.2,304.8,76.8,D,0
-13.8335,133.1654,338.6,1.4,1.2,2014-06-27,0506,Aqua,MODIS,88,6.2,303.7,54.2,D,0
-13.8209,133.1767,318,1.4,1.2,2014-06-27,0506,Aqua,MODIS,61,6.2,304.1,12.5,D,0
-15.0464,126.0772,324,1.3,1.1,2014-06-27,0506,Aqua,MODIS,54,6.2,305.7,16,D,0
-15.983,126.4744,320.7,1.3,1.1,2014-06-27,0506,Aqua,MODIS,26,6.2,304.9,11,D,0
-15.9729,126.4731,321.3,1.3,1.1,2014-06-27,0506,Aqua,MODIS,35,6.2,305.9,11.2,D,0
-14.0419,133.1789,324.2,1.4,1.2,2014-06-27,0506,Aqua,MODIS,74,6.2,302.8,18.6,D,0
-14.0004,133.2063,323.7,1.4,1.2,2014-06-27,0506,Aqua,MODIS,46,6.2,304.4,17.1,D,0
-14.5677,130.07,321.5,1,1,2014-06-27,0506,Aqua,MODIS,39,6.2,305.1,7.2,D,0
-15.605,129.3155,320.4,1,1,2014-06-27,0506,Aqua,MODIS,47,6.2,305,7.7,D,0
-15.5601,128.3919,319.5,1,1,2014-06-27,0506,Aqua,MODIS,51,6.2,305,7.3,D,0
-15.0474,127.7716,317.5,1.1,1,2014-06-27,0506,Aqua,MODIS,32,6.2,305.1,5.1,D,0
-15.2968,127.8977,324.1,1.1,1,2014-06-27,0506,Aqua,MODIS,72,6.2,307.9,10,D,0
-15.0554,131.0712,325.2,1.1,1,2014-06-27,0506,Aqua,MODIS,72,6.2,307.3,14,D,0
-15.2596,130.0559,324.9,1,1,2014-06-27,0506,Aqua,MODIS,63,6.2,311.6,9.3,D,0
-14.5047,130.1843,326.7,1,1,2014-06-27,0506,Aqua,MODIS,42,6.2,306.4,12.8,D,0
-15.0484,131.1814,334.3,1.1,1,2014-06-27,0506,Aqua,MODIS,83,6.2,308.7,25.5,D,0
-15.0499,131.1715,329.1,1.1,1,2014-06-27,0506,Aqua,MODIS,77,6.2,308.6,18.1,D,0
-15.0514,131.1616,324.5,1.1,1,2014-06-27,0506,Aqua,MODIS,59,6.2,308,11.7,D,0
-15.3603,127.8922,323,1.1,1,2014-06-27,0506,Aqua,MODIS,70,6.2,307.2,11.2,D,0
-14.6126,130.0168,328.8,1,1,2014-06-27,0506,Aqua,MODIS,58,6.2,305.1,17.1,D,0
-14.605,130.0061,326.8,1,1,2014-06-27,0506,Aqua,MODIS,63,6.2,303.4,15.9,D,0
-14.554,130.1633,327.5,1,1,2014-06-27,0506,Aqua,MODIS,53,6.2,305.7,14.4,D,0
-14.5436,130.1712,327.2,1,1,2014-06-27,0506,Aqua,MODIS,32,6.2,306.1,14.2,D,0
-14.6023,130.0247,332.4,1,1,2014-06-27,0506,Aqua,MODIS,74,6.2,305.2,20.8,D,0
-15.359,127.902,332.9,1.1,1,2014-06-27,0506,Aqua,MODIS,82,6.2,308.9,24.5,D,0
-13.835,133.1845,326.7,1.4,1.2,2014-06-27,0506,Aqua,MODIS,77,6.2,302.9,26.8,D,0
-14.5898,130.0447,319.7,1,1,2014-06-27,0506,Aqua,MODIS,43,6.2,306.3,7.1,D,0
-14.5911,130.0354,320,1,1,2014-06-27,0506,Aqua,MODIS,58,6.2,304.2,8.2,D,0
-15.6886,130.4617,330.7,1,1,2014-06-27,0506,Aqua,MODIS,49,6.2,307.5,17.3,D,0
-15.69,130.4522,347.6,1,1,2014-06-27,0506,Aqua,MODIS,93,6.2,309,46.6,D,0
-15.681,130.4508,328.9,1,1,2014-06-27,0506,Aqua,MODIS,58,6.2,310,16.1,D,0
-15.6823,130.4414,345.5,1,1,2014-06-27,0506,Aqua,MODIS,92,6.2,308.3,43.1,D,0
-14.7409,126.0099,335.5,1.3,1.1,2014-06-27,0506,Aqua,MODIS,85,6.2,306.2,38,D,0
-15.9993,126.4284,321.6,1.3,1.1,2014-06-27,0506,Aqua,MODIS,69,6.2,306.7,11.7,D,0
-14.5668,130.0124,319.5,1,1,2014-06-27,0506,Aqua,MODIS,22,6.2,302.7,8.8,D,0
-14.5523,130.0483,323.8,1,1,2014-06-27,0506,Aqua,MODIS,54,6.2,303.5,10.8,D,0
-14.5537,130.039,319.3,1,1,2014-06-27,0506,Aqua,MODIS,51,6.2,304.1,7.2,D,0
-15.6719,130.4494,328.9,1,1,2014-06-27,0506,Aqua,MODIS,67,6.2,309.1,15.7,D,0
-15.6733,130.44,330.5,1,1,2014-06-27,0506,Aqua,MODIS,70,6.2,306.6,18.3,D,0
-15.9435,128.6079,318.8,1,1,2014-06-27,0506,Aqua,MODIS,54,6.2,305.8,6.9,D,0
-14.8854,126.0678,317.9,1.3,1.1,2014-06-27,0506,Aqua,MODIS,38,6.2,301,10.7,D,0
-14.8823,126.0918,318.4,1.3,1.1,2014-06-27,0506,Aqua,MODIS,32,6.2,300.8,10.1,D,0
-14.5935,130.1474,331.7,1,1,2014-06-27,0506,Aqua,MODIS,78,6.2,303.3,20.9,D,0
-13.7382,133.2502,324.7,1.4,1.2,2014-06-27,0506,Aqua,MODIS,56,6.2,299.9,23.9,D,0
-17.8806,127.9256,317.6,1.1,1.1,2014-06-27,0506,Aqua,MODIS,53,6.2,306.8,7.2,D,0
-14.5949,130.1381,347,1,1,2014-06-27,0506,Aqua,MODIS,93,6.2,306.3,46.6,D,0
-14.8808,126.1038,324.7,1.3,1.1,2014-06-27,0506,Aqua,MODIS,73,6.2,300.6,19.7,D,0
-14.5501,130.0003,318.3,1,1,2014-06-27,0506,Aqua,MODIS,24,6.2,303.9,6.9,D,0
-15.2492,127.4938,324.6,1.1,1,2014-06-27,0506,Aqua,MODIS,73,6.2,306.1,14,D,0
-15.2627,127.4645,319.1,1.1,1.1,2014-06-27,0506,Aqua,MODIS,53,6.2,303.6,7,D,0
-15.2614,127.4748,328.3,1.1,1.1,2014-06-27,0506,Aqua,MODIS,78,6.2,305.6,17.9,D,0
-15.26,127.485,326.6,1.1,1,2014-06-27,0506,Aqua,MODIS,71,6.2,305,16.2,D,0
-15.2586,127.4952,319.3,1.1,1,2014-06-27,0506,Aqua,MODIS,39,6.2,304.1,7.9,D,0
-14.3909,130.0204,328.4,1,1,2014-06-27,0506,Aqua,MODIS,71,6.2,306.6,14.8,D,0
-17.9073,123.6566,329.4,2.1,1.4,2014-06-27,0506,Aqua,MODIS,75,6.2,307,53.1,D,0
-16.0652,127.8548,341.6,1.1,1,2014-06-27,0506,Aqua,MODIS,89,6.2,305,41.3,D,0
-14.0129,130.5915,360.5,1,1,2014-06-27,0506,Aqua,MODIS,100,6.2,308.8,78.9,D,0
-17.2875,123.0503,340.3,2.3,1.5,2014-06-27,0506,Aqua,MODIS,89,6.2,305.1,118.2,D,0
-16.0666,127.8445,355.5,1.1,1,2014-06-27,0506,Aqua,MODIS,97,6.2,306.2,73.9,D,0
-17.2983,123.0733,322.3,2.3,1.5,2014-06-27,0506,Aqua,MODIS,51,6.2,305.9,37.3,D,0
-17.8924,123.675,326.1,2.1,1.4,2014-06-27,0506,Aqua,MODIS,67,6.2,307.5,40.7,D,0
-17.9057,123.6719,329.9,2.1,1.4,2014-06-27,0506,Aqua,MODIS,73,6.2,308.6,52.7,D,0
-17.893,123.6702,328.3,2.1,1.4,2014-06-27,0506,Aqua,MODIS,62,6.2,307.4,46.6,D,0
-17.2851,123.0718,359.7,2.3,1.5,2014-06-27,0506,Aqua,MODIS,99,6.2,307.8,256.5,D,0
-15.0323,126.0451,322.3,1.3,1.1,2014-06-27,0506,Aqua,MODIS,63,6.2,304.5,14.5,D,0
-14.971,126.0367,315.8,1.3,1.1,2014-06-27,0506,Aqua,MODIS,14,6.2,303,8.7,D,0
-15.6684,124.918,322.1,1.6,1.2,2014-06-27,0506,Aqua,MODIS,49,6.2,306.9,16.8,D,0
-15.8635,128.3135,329.3,1,1,2014-06-27,0506,Aqua,MODIS,78,6.2,308.9,17.1,D,0
-15.8726,128.3149,320.6,1,1,2014-06-27,0506,Aqua,MODIS,48,6.2,308.2,7.1,D,0
-15.6702,124.9034,322.5,1.6,1.2,2014-06-27,0506,Aqua,MODIS,51,6.2,305.6,18.8,D,0
-15.6572,124.9095,324.5,1.6,1.2,2014-06-27,0506,Aqua,MODIS,48,6.2,306.3,22.7,D,0
-14.2321,129.9739,324.2,1,1,2014-06-27,0506,Aqua,MODIS,46,6.2,306.3,11.4,D,0
-14.3999,130.0217,322.3,1,1,2014-06-27,0506,Aqua,MODIS,53,6.2,307.4,8.6,D,0
-16.076,127.8459,323.9,1.1,1,2014-06-27,0506,Aqua,MODIS,70,6.2,301.9,14.5,D,0
-14.0221,130.593,323.2,1,1,2014-06-27,0506,Aqua,MODIS,40,6.2,308.6,6.8,D,0
-14.408,130.3464,318.9,1,1,2014-06-27,0506,Aqua,MODIS,57,6.2,305.2,8.2,D,0
-15.9748,128.5832,318.7,1,1,2014-06-27,0506,Aqua,MODIS,53,6.2,305.4,6.9,D,0
-16.0746,127.8561,321.1,1.1,1,2014-06-27,0506,Aqua,MODIS,64,6.2,303,11.4,D,0
-16.0732,127.866,318.7,1.1,1,2014-06-27,0506,Aqua,MODIS,42,6.2,303.2,8.2,D,0
-17.7658,123.3112,327.2,2.2,1.4,2014-06-27,0506,Aqua,MODIS,77,6.2,303.8,53.7,D,0
-17.7634,123.3322,323.6,2.2,1.4,2014-06-27,0506,Aqua,MODIS,30,6.2,305.4,36.7,D,0
-17.7782,123.2963,327.9,2.2,1.5,2014-06-27,0506,Aqua,MODIS,53,6.2,306,51.7,D,0
-14.4587,130.1906,318.4,1,1,2014-06-27,0506,Aqua,MODIS,48,6.2,305.3,5.4,D,0
-17.7759,123.3174,360.2,2.2,1.4,2014-06-27,0506,Aqua,MODIS,100,6.2,308.5,244.8,D,0
-17.789,123.3191,324.2,2.2,1.4,2014-06-27,0506,Aqua,MODIS,32,6.2,308.3,35.1,D,0
-17.9051,123.6767,328.3,2.1,1.4,2014-06-27,0506,Aqua,MODIS,72,6.2,309.2,48.8,D,0
-14.3926,129.7547,322.5,1,1,2014-06-27,0506,Aqua,MODIS,66,6.2,304.8,11.8,D,0
-13.9714,130.5554,326.6,1,1,2014-06-27,0506,Aqua,MODIS,73,6.2,307.1,12.6,D,0
-13.97,130.565,328.2,1,1,2014-06-27,0506,Aqua,MODIS,71,6.2,305.5,15.5,D,0
-13.9791,130.5664,323.2,1,1,2014-06-27,0506,Aqua,MODIS,29,6.2,305.7,8.8,D,0
-14.4112,129.8808,322.4,1,1,2014-06-27,0506,Aqua,MODIS,51,6.2,306.4,8.4,D,0
-15.659,124.9017,325.1,1.6,1.2,2014-06-27,0506,Aqua,MODIS,49,6.2,304.9,24.1,D,0
-14.1361,130.4404,324.1,1,1,2014-06-27,0506,Aqua,MODIS,70,6.2,308.9,6.9,D,0
-14.3527,129.5256,332.2,1,1,2014-06-27,0506,Aqua,MODIS,81,6.2,304.8,23.1,D,0
-17.7736,123.3385,337.5,2.2,1.4,2014-06-27,0506,Aqua,MODIS,80,6.2,308,87.1,D,0
-15.0547,125.8729,321.2,1.3,1.1,2014-06-27,0506,Aqua,MODIS,67,6.2,304.1,14,D,0
-15.0748,125.7996,318.4,1.4,1.2,2014-06-27,0506,Aqua,MODIS,60,6.2,302.3,13.5,D,0
-16.0364,135.9349,316.5,2,1.4,2014-06-27,0506,Aqua,MODIS,31,6.2,303.4,16.6,D,0
-16.3084,137.0221,316.5,2.4,1.5,2014-06-27,0506,Aqua,MODIS,37,6.2,302.9,23.1,D,0
-15.9482,135.9969,322.2,2.1,1.4,2014-06-27,0506,Aqua,MODIS,68,6.2,304.4,32.1,D,0
-15.9485,135.9916,320.3,2.1,1.4,2014-06-27,0506,Aqua,MODIS,63,6.2,304.3,27.3,D,0
-16.3188,137.0064,334.7,2.4,1.5,2014-06-27,0506,Aqua,MODIS,86,6.2,301.8,98.8,D,0
-16.3124,136.9996,337,2.4,1.5,2014-06-27,0506,Aqua,MODIS,87,6.2,302.6,113.3,D,0
-16.3233,137.0956,318.4,2.5,1.5,2014-06-27,0506,Aqua,MODIS,56,6.2,303.1,30.6,D,0
-16.3333,137.0795,316.9,2.5,1.5,2014-06-27,0506,Aqua,MODIS,61,6.2,300.8,27.5,D,0
-16.0348,135.9615,320,2.1,1.4,2014-06-27,0506,Aqua,MODIS,42,6.2,303.8,22.1,D,0
-13.7937,133.3484,321.2,1.5,1.2,2014-06-27,0506,Aqua,MODIS,46,6.2,302,16.6,D,0
-16.0331,135.9539,327.7,2.1,1.4,2014-06-27,0506,Aqua,MODIS,79,6.2,304.4,46.4,D,0
-16.2659,136.8911,312.9,2.4,1.5,2014-06-27,0506,Aqua,MODIS,40,6.2,300,18.3,D,0
-16.0382,135.9426,324.9,2,1.4,2014-06-27,0506,Aqua,MODIS,73,6.2,303.7,39.4,D,0
-16.3292,137.1022,314.8,2.5,1.5,2014-06-27,0506,Aqua,MODIS,56,6.2,301.5,22.8,D,0
-13.6803,133.6183,326.9,1.5,1.2,2014-06-27,0506,Aqua,MODIS,78,6.2,300.3,31.9,D,0
-13.6825,133.6044,332.7,1.5,1.2,2014-06-27,0506,Aqua,MODIS,84,6.2,300.6,45.2,D,0
-13.6694,133.6165,314.7,1.5,1.2,2014-06-27,0506,Aqua,MODIS,40,6.2,299.8,10,D,0
-13.6716,133.6024,336.4,1.5,1.2,2014-06-27,0506,Aqua,MODIS,87,6.2,301.5,56.5,D,0
-13.6607,133.6006,315.6,1.5,1.2,2014-06-27,0506,Aqua,MODIS,44,6.2,300.7,11.7,D,0
-13.6142,133.6795,322.7,1.6,1.2,2014-06-27,0506,Aqua,MODIS,62,6.2,299,24.3,D,0
-14.3344,132.9684,327,1.4,1.2,2014-06-27,0506,Aqua,MODIS,77,6.2,303,23.4,D,0
-14.3104,133.0542,324.9,1.4,1.2,2014-06-27,0506,Aqua,MODIS,44,6.2,305,17.3,D,0
-15.4688,136.1811,318.9,2.2,1.4,2014-06-27,0506,Aqua,MODIS,64,6.2,302,27.5,D,0
-13.8638,132.7697,330.6,1.3,1.1,2014-06-27,0506,Aqua,MODIS,81,6.2,307.1,27,D,0
-14.1154,133.1921,317,1.4,1.2,2014-06-27,0506,Aqua,MODIS,50,6.2,301.6,9.2,D,0
-13.5999,133.5611,318.6,1.5,1.2,2014-06-27,0506,Aqua,MODIS,65,6.2,301.1,15.5,D,0
-13.5947,133.5833,327.3,1.5,1.2,2014-06-27,0506,Aqua,MODIS,78,6.2,302.2,31.1,D,0
-13.5969,133.5692,326.5,1.5,1.2,2014-06-27,0506,Aqua,MODIS,78,6.2,302.3,29.7,D,0
-13.6056,133.2356,357.4,1.4,1.2,2014-06-27,0506,Aqua,MODIS,98,6.2,304,123.3,D,0
-14.0968,130.7689,319.8,1.1,1,2014-06-27,0506,Aqua,MODIS,54,6.2,305.2,7.3,D,0
-15.4723,136.161,321.9,2.2,1.4,2014-06-27,0506,Aqua,MODIS,70,6.2,301.8,36.8,D,0
-13.9673,132.3711,327.5,1.3,1.1,2014-06-27,0506,Aqua,MODIS,58,6.2,305.1,18.3,D,0
-15.017,133.11,318.3,1.3,1.2,2014-06-27,0506,Aqua,MODIS,56,6.2,305.5,10.6,D,0
-13.6096,133.708,341.2,1.6,1.2,2014-06-27,0506,Aqua,MODIS,84,6.2,302.4,68.3,D,0
-15.4696,136.1738,325,2.2,1.4,2014-06-27,0506,Aqua,MODIS,63,6.2,302.2,44,D,0
-13.7764,133.5274,318.5,1.5,1.2,2014-06-27,0506,Aqua,MODIS,59,6.2,301.4,14.2,D,0
-13.783,133.486,321.2,1.5,1.2,2014-06-27,0506,Aqua,MODIS,64,6.2,301.3,18.7,D,0
-13.7255,133.2955,333.4,1.5,1.2,2014-06-27,0506,Aqua,MODIS,84,6.2,301.5,41.8,D,0
-13.6183,133.7243,335.4,1.6,1.2,2014-06-27,0506,Aqua,MODIS,73,6.2,302.4,51.8,D,0
-13.6316,133.712,325,1.6,1.2,2014-06-27,0506,Aqua,MODIS,49,6.2,297.3,27.6,D,0
-14.1693,131.4498,328.3,1.1,1.1,2014-06-27,0506,Aqua,MODIS,77,6.2,311.6,16.8,D,0
-14.1709,131.4395,328.2,1.1,1.1,2014-06-27,0506,Aqua,MODIS,67,6.2,313.7,18.1,D,0
-13.8147,133.5112,340.2,1.5,1.2,2014-06-27,0506,Aqua,MODIS,89,6.2,302.2,62.8,D,0
-13.8255,133.513,327.6,1.5,1.2,2014-06-27,0506,Aqua,MODIS,70,6.2,299.9,30.1,D,0
-13.5949,133.2338,326.6,1.4,1.2,2014-06-27,0506,Aqua,MODIS,77,6.2,300.5,28.7,D,0
-13.8363,133.5149,323.2,1.5,1.2,2014-06-27,0506,Aqua,MODIS,72,6.2,300.3,22.1,D,0
-13.8341,133.5287,342,1.5,1.2,2014-06-27,0506,Aqua,MODIS,90,6.2,301.7,68.9,D,0
-13.6293,133.7263,359.4,1.6,1.2,2014-06-27,0506,Aqua,MODIS,99,6.2,304.1,148.9,D,0
-13.627,133.7406,324.2,1.6,1.2,2014-06-27,0506,Aqua,MODIS,55,6.2,301.4,26.1,D,0
-13.6403,133.7283,350,1.6,1.2,2014-06-27,0506,Aqua,MODIS,95,6.2,299.7,102.4,D,0
-13.638,133.7426,356.7,1.6,1.2,2014-06-27,0506,Aqua,MODIS,98,6.2,302.6,133.2,D,0
-13.66,133.7464,327.4,1.6,1.2,2014-06-27,0506,Aqua,MODIS,71,6.2,296.4,33,D,0
-13.6038,133.6052,360.3,1.5,1.2,2014-06-27,0506,Aqua,MODIS,100,6.2,303.7,148.9,D,0
-13.9001,132.2779,318.8,1.2,1.1,2014-06-27,0506,Aqua,MODIS,34,6.2,306.6,7.2,D,0
-13.5906,133.6173,315.4,1.5,1.2,2014-06-27,0506,Aqua,MODIS,55,6.2,302.1,11.9,D,0
-13.5929,133.6032,315.5,1.5,1.2,2014-06-27,0506,Aqua,MODIS,54,6.2,302.1,11.6,D,0
-13.5952,133.5892,325.8,1.5,1.2,2014-06-27,0506,Aqua,MODIS,77,6.2,302.2,28.5,D,0
-13.5976,133.5751,336.3,1.5,1.2,2014-06-27,0506,Aqua,MODIS,86,6.2,302.4,54.6,D,0
-13.6955,133.6134,333.4,1.5,1.2,2014-06-27,0506,Aqua,MODIS,84,6.2,301.3,45.4,D,0
-13.6846,133.6114,346.7,1.5,1.2,2014-06-27,0506,Aqua,MODIS,93,6.2,300.9,86.6,D,0
-13.6737,133.6095,343.6,1.5,1.2,2014-06-27,0506,Aqua,MODIS,91,6.2,301.4,77.4,D,0
-13.676,133.5956,324.7,1.5,1.2,2014-06-27,0506,Aqua,MODIS,75,6.2,301,26.6,D,0
-13.5119,133.4482,317.9,1.5,1.2,2014-06-27,0506,Aqua,MODIS,64,6.2,302.6,14.2,D,0
-13.7717,133.705,323.4,1.5,1.2,2014-06-27,0506,Aqua,MODIS,66,6.2,299.3,23.2,D,0
-13.7584,133.7173,321.8,1.6,1.2,2014-06-27,0506,Aqua,MODIS,36,6.2,299.2,19.7,D,0
-13.7451,133.7295,355.8,1.6,1.2,2014-06-27,0506,Aqua,MODIS,98,6.2,302.8,124.4,D,0
-13.7474,133.7154,341.3,1.6,1.2,2014-06-27,0506,Aqua,MODIS,90,6.2,299.7,66.5,D,0
-13.7452,133.7239,366.9,1.6,1.2,2014-06-27,0506,Aqua,MODIS,100,6.2,303.2,183.2,D,0
-13.7342,133.722,332.5,1.6,1.2,2014-06-27,0506,Aqua,MODIS,83,6.2,299.7,43.4,D,0
-13.7209,133.7345,341.9,1.6,1.2,2014-06-27,0506,Aqua,MODIS,90,6.2,300.5,72.3,D,0
-13.7076,133.7467,344.2,1.6,1.2,2014-06-27,0506,Aqua,MODIS,92,6.2,301.2,79.3,D,0
-13.7099,133.7326,340.8,1.6,1.2,2014-06-27,0506,Aqua,MODIS,89,6.2,299.9,68.3,D,0
-13.8535,132.7679,349.9,1.3,1.1,2014-06-27,0506,Aqua,MODIS,95,6.2,310,76,D,0
-13.8555,132.7555,334.8,1.3,1.1,2014-06-27,0506,Aqua,MODIS,84,6.2,309.8,34.6,D,0
-13.9656,132.3764,331.5,1.3,1.1,2014-06-27,0506,Aqua,MODIS,78,6.2,306.3,27,D,0
-14.2883,133.1945,330.5,1.4,1.2,2014-06-27,0506,Aqua,MODIS,81,6.2,304.7,30.5,D,0
-13.7361,133.2973,340.2,1.5,1.2,2014-06-27,0506,Aqua,MODIS,89,6.2,301.1,60,D,0
-13.6206,133.2791,334.3,1.5,1.2,2014-06-27,0506,Aqua,MODIS,85,6.2,302.2,43.1,D,0
-13.5884,133.412,327.9,1.5,1.2,2014-06-27,0506,Aqua,MODIS,71,6.2,303.4,29.4,D,0
-13.5863,133.4255,331.1,1.5,1.2,2014-06-27,0506,Aqua,MODIS,82,6.2,301.8,38.3,D,0
-14.3412,132.9765,326.8,1.4,1.2,2014-06-27,0506,Aqua,MODIS,72,6.2,304,22.2,D,0
-13.6035,133.2488,334,1.4,1.2,2014-06-27,0506,Aqua,MODIS,82,6.2,303.3,42.8,D,0
-13.7042,133.258,319.4,1.4,1.2,2014-06-27,0506,Aqua,MODIS,33,6.2,303.6,12.5,D,0
-13.717,133.2466,321.8,1.4,1.2,2014-06-27,0506,Aqua,MODIS,21,6.2,301.9,16.4,D,0
-14.3325,132.9808,318.8,1.4,1.2,2014-06-27,0506,Aqua,MODIS,20,6.2,303.9,9,D,0
-13.8311,133.1118,322.6,1.4,1.2,2014-06-27,0506,Aqua,MODIS,71,6.2,303.6,19.7,D,0
-13.8332,133.099,335.6,1.4,1.2,2014-06-27,0506,Aqua,MODIS,85,6.2,304.1,46.6,D,0
-13.8362,132.0237,321.6,1.2,1.1,2014-06-27,0506,Aqua,MODIS,45,6.2,308.6,8,D,0
-13.9899,133.2722,319.3,1.4,1.2,2014-06-27,0506,Aqua,MODIS,65,6.2,303.1,12.4,D,0
-13.7149,133.2597,329.2,1.4,1.2,2014-06-27,0506,Aqua,MODIS,74,6.2,301.9,29.3,D,0
-13.7688,134.2132,319.2,1.7,1.3,2014-06-27,0506,Aqua,MODIS,67,6.2,302.2,20.2,D,0
-13.6014,133.4002,340.4,1.5,1.2,2014-06-27,0506,Aqua,MODIS,89,6.2,301.6,63.2,D,0
-13.5906,133.3984,328.6,1.5,1.2,2014-06-27,0506,Aqua,MODIS,80,6.2,305.2,30.8,D,0
-13.6808,133.034,319.3,1.4,1.2,2014-06-27,0506,Aqua,MODIS,48,6.2,302.3,13.3,D,0
-13.7682,134.2221,317.3,1.7,1.3,2014-06-27,0506,Aqua,MODIS,42,6.2,302.2,14.9,D,0
-13.5928,133.3849,331.8,1.5,1.2,2014-06-27,0506,Aqua,MODIS,83,6.2,303.6,37.8,D,0
-13.7627,133.0939,319.4,1.4,1.2,2014-06-27,0506,Aqua,MODIS,64,6.2,301.6,15.8,D,0
-14.2128,133.2611,316.9,1.4,1.2,2014-06-27,0506,Aqua,MODIS,17,6.2,302.7,8.3,D,0
-14.2149,133.2481,329.8,1.4,1.2,2014-06-27,0506,Aqua,MODIS,80,6.2,303.2,31.5,D,0
-13.7041,133.6294,322.2,1.5,1.2,2014-06-27,0506,Aqua,MODIS,71,6.2,301,22.6,D,0
-13.7064,133.6154,334.4,1.5,1.2,2014-06-27,0506,Aqua,MODIS,85,6.2,300.8,50,D,0
-14.0068,133.2344,321.5,1.4,1.2,2014-06-27,0506,Aqua,MODIS,41,6.2,302.2,15,D,0
-13.6033,133.6776,364.4,1.6,1.2,2014-06-27,0506,Aqua,MODIS,100,6.2,305.4,173,D,0
-13.6056,133.6634,345.2,1.5,1.2,2014-06-27,0506,Aqua,MODIS,92,6.2,302.2,85.3,D,0
-13.5946,133.6615,332,1.5,1.2,2014-06-27,0506,Aqua,MODIS,83,6.2,300.5,44.8,D,0
-13.5969,133.6474,341.2,1.5,1.2,2014-06-27,0506,Aqua,MODIS,90,6.2,301.4,70.6,D,0
-13.5992,133.6334,342.9,1.5,1.2,2014-06-27,0506,Aqua,MODIS,91,6.2,302.4,76.7,D,0
-13.6015,133.6193,344,1.5,1.2,2014-06-27,0506,Aqua,MODIS,92,6.2,302.3,80.3,D,0
-13.6061,133.5911,342.3,1.5,1.2,2014-06-27,0506,Aqua,MODIS,91,6.2,301.8,72.8,D,0
-14.1134,133.205,326.1,1.4,1.2,2014-06-27,0506,Aqua,MODIS,76,6.2,303.8,25.3,D,0
-14.1186,133.2127,331.4,1.4,1.2,2014-06-27,0506,Aqua,MODIS,82,6.2,303.1,36,D,0
-14.1354,133.2424,325,1.4,1.2,2014-06-27,0506,Aqua,MODIS,62,6.2,302.8,20.8,D,0
-14.146,133.2441,340.5,1.4,1.2,2014-06-27,0506,Aqua,MODIS,89,6.2,304.9,55.6,D,0
-14.1671,133.2478,333.7,1.4,1.2,2014-06-27,0506,Aqua,MODIS,75,6.2,303.6,36.8,D,0
-13.6578,133.7608,337.1,1.6,1.2,2014-06-27,0506,Aqua,MODIS,87,6.2,299.8,57.5,D,0
-13.6611,133.7534,350.3,1.6,1.2,2014-06-27,0506,Aqua,MODIS,95,6.2,298.1,104.8,D,0
-13.6722,133.7553,348.6,1.6,1.2,2014-06-27,0506,Aqua,MODIS,94,6.2,300.9,97.1,D,0
-13.7299,133.3032,331.8,1.5,1.2,2014-06-27,0506,Aqua,MODIS,83,6.2,301.6,38.4,D,0
-13.7722,133.4841,317,1.5,1.2,2014-06-27,0506,Aqua,MODIS,25,6.2,301.1,11.8,D,0
-13.5886,133.2735,322.7,1.5,1.2,2014-06-27,0506,Aqua,MODIS,26,6.2,303.4,17.9,D,0
-13.7354,133.5058,316.8,1.5,1.2,2014-06-27,0506,Aqua,MODIS,58,6.2,299.9,13.2,D,0
-14.2745,132.9451,320.7,1.4,1.2,2014-06-27,0506,Aqua,MODIS,66,6.2,301.8,17.4,D,0
-13.5797,133.4664,316,1.5,1.2,2014-06-27,0506,Aqua,MODIS,21,6.2,300.1,11.3,D,0
-14.2765,132.9327,334.2,1.3,1.2,2014-06-27,0506,Aqua,MODIS,84,6.2,302.4,42.9,D,0
-13.732,133.2898,328.3,1.5,1.2,2014-06-27,0506,Aqua,MODIS,78,6.2,300.3,30.4,D,0
-13.5689,133.4646,325.2,1.5,1.2,2014-06-27,0506,Aqua,MODIS,76,6.2,300.8,27,D,0
-13.5492,133.5177,324.4,1.5,1.2,2014-06-27,0506,Aqua,MODIS,74,6.2,300.1,26.4,D,0
-13.5383,133.5159,320.9,1.5,1.2,2014-06-27,0506,Aqua,MODIS,43,6.2,301.7,20,D,0
-13.5907,133.2603,335.8,1.5,1.2,2014-06-27,0506,Aqua,MODIS,86,6.2,302.6,46.1,D,0
-13.9133,133.2385,322.1,1.4,1.2,2014-06-27,0506,Aqua,MODIS,56,6.2,304.6,16.9,D,0
-13.6009,133.6918,331.7,1.6,1.2,2014-06-27,0506,Aqua,MODIS,83,6.2,301.9,44.3,D,0
-13.7698,133.569,332.6,1.5,1.2,2014-06-27,0506,Aqua,MODIS,83,6.2,303.4,42.8,D,0
-13.9239,133.2403,321.4,1.4,1.2,2014-06-27,0506,Aqua,MODIS,54,6.2,303.2,15,D,0
-13.7676,133.5828,323.7,1.5,1.2,2014-06-27,0506,Aqua,MODIS,74,6.2,303,22.2,D,0
-13.5928,133.247,339.6,1.4,1.2,2014-06-27,0506,Aqua,MODIS,89,6.2,301.4,57.3,D,0
-13.7767,133.3178,329.4,1.5,1.2,2014-06-27,0506,Aqua,MODIS,59,6.2,301.8,29.5,D,0
-13.7708,133.5747,336.7,1.5,1.2,2014-06-27,0506,Aqua,MODIS,87,6.2,303.4,51.4,D,0
-13.9201,133.233,325.5,1.4,1.2,2014-06-27,0506,Aqua,MODIS,75,6.2,303.7,23.2,D,0
-13.9179,133.2462,322,1.4,1.2,2014-06-27,0506,Aqua,MODIS,57,6.2,304.4,16.1,D,0
-13.7797,134.3599,323.3,1.7,1.3,2014-06-27,0506,Aqua,MODIS,72,6.2,297.7,29.4,D,0
-13.838,132.0182,326.9,1.2,1.1,2014-06-27,0506,Aqua,MODIS,75,6.2,309.1,15,D,0
-13.996,133.1659,322.1,1.4,1.2,2014-06-27,0506,Aqua,MODIS,70,6.2,305.5,15.1,D,0
-13.7173,133.6173,338.7,1.5,1.2,2014-06-27,0506,Aqua,MODIS,88,6.2,299.5,60.1,D,0
-13.715,133.6313,354.8,1.5,1.2,2014-06-27,0506,Aqua,MODIS,97,6.2,302.8,120.2,D,0
-13.7259,133.6333,336.3,1.5,1.2,2014-06-27,0506,Aqua,MODIS,86,6.2,302,53.6,D,0
-13.8449,133.5307,331.6,1.5,1.2,2014-06-27,0506,Aqua,MODIS,82,6.2,301.3,38.8,D,0
-14.0878,133.0945,319.6,1.4,1.2,2014-06-27,0506,Aqua,MODIS,63,6.2,304.7,11.9,D,0
-13.6044,132.8591,322.3,1.4,1.2,2014-06-27,0506,Aqua,MODIS,36,6.2,305.7,14,D,0
-13.6148,132.8609,326.6,1.4,1.2,2014-06-27,0506,Aqua,MODIS,51,6.2,305.2,20.5,D,0
-13.613,132.8544,321.8,1.4,1.2,2014-06-27,0506,Aqua,MODIS,39,6.2,306.6,11.7,D,0
-13.611,132.8669,321,1.4,1.2,2014-06-27,0506,Aqua,MODIS,31,6.2,305,11.6,D,0
-13.69,132.9062,321.5,1.4,1.2,2014-06-27,0506,Aqua,MODIS,45,6.2,304.6,12.7,D,0
-14.2288,133.0607,323.6,1.4,1.2,2014-06-27,0506,Aqua,MODIS,35,6.2,302.8,17,D,0
-14.204,133.0823,322,1.4,1.2,2014-06-27,0506,Aqua,MODIS,21,6.2,302.5,15.2,D,0
-14.1916,133.093,324.6,1.4,1.2,2014-06-27,0506,Aqua,MODIS,74,6.2,302.5,21.5,D,0
-15.0765,125.7867,348.5,1.4,1.2,2014-06-27,0506,Aqua,MODIS,94,6.2,302.2,81.6,D,0
-14.861,126.034,317.6,1.3,1.1,2014-06-27,0506,Aqua,MODIS,56,6.2,302.8,9.2,D,0
-14.8085,126.0387,316.4,1.3,1.1,2014-06-27,0506,Aqua,MODIS,40,6.2,303,6.1,D,0
-15.083,125.8698,322.2,1.3,1.1,2014-06-27,0506,Aqua,MODIS,66,6.2,302.8,15.8,D,0
-15.0861,125.8451,318.8,1.4,1.2,2014-06-27,0506,Aqua,MODIS,33,6.2,303.3,12,D,0
-15.0876,125.8326,317.4,1.4,1.2,2014-06-27,0506,Aqua,MODIS,45,6.2,302,11.2,D,0
-14.4295,132.7526,319.8,1.3,1.1,2014-06-27,0506,Aqua,MODIS,63,6.2,307.4,9.2,D,0
-14.6638,132.4318,337.7,1.2,1.1,2014-06-27,0506,Aqua,MODIS,86,6.2,310.4,39,D,0
-14.6656,132.4203,372.5,1.2,1.1,2014-06-27,0506,Aqua,MODIS,100,6.2,310.3,156.3,D,0
-14.6557,132.4187,358.8,1.2,1.1,2014-06-27,0506,Aqua,MODIS,99,6.2,309.8,98.4,D,0
-14.6574,132.4072,327.6,1.2,1.1,2014-06-27,0506,Aqua,MODIS,76,6.2,306,21.1,D,0
-14.6422,132.4399,328.2,1.2,1.1,2014-06-27,0506,Aqua,MODIS,77,6.2,309.4,20.6,D,0
-15.7488,129.2738,327.6,1,1,2014-06-27,0506,Aqua,MODIS,52,6.2,303.9,13.5,D,0
-15.7205,129.2789,324.8,1,1,2014-06-27,0506,Aqua,MODIS,26,6.2,306.2,10.4,D,0
-15.0957,125.935,324.2,1.3,1.1,2014-06-27,0506,Aqua,MODIS,73,6.2,305.8,16.6,D,0
-14.4313,132.7405,319.2,1.3,1.1,2014-06-27,0506,Aqua,MODIS,61,6.2,306.9,8.6,D,0
-14.2331,126.7833,320.5,1.2,1.1,2014-06-27,0507,Aqua,MODIS,53,6.2,306,6.3,D,0
-14.039,126.7705,320.7,1.2,1.1,2014-06-27,0507,Aqua,MODIS,47,6.2,308.3,8.5,D,0
-13.4537,133.3957,326.9,1.5,1.2,2014-06-27,0507,Aqua,MODIS,35,6.2,300.9,25.7,D,0
-13.4667,133.3838,327.8,1.5,1.2,2014-06-27,0507,Aqua,MODIS,61,6.2,300.3,29.3,D,0
-13.456,133.382,351.3,1.5,1.2,2014-06-27,0507,Aqua,MODIS,95,6.2,302.9,98,D,0
-12.8555,131.4181,328.6,1.2,1.1,2014-06-27,0507,Aqua,MODIS,72,6.2,306.6,16.5,D,0
-13.4326,133.3028,327.8,1.5,1.2,2014-06-27,0507,Aqua,MODIS,54,6.2,299,31.1,D,0
-12.8106,133.8053,315.4,1.6,1.3,2014-06-27,0507,Aqua,MODIS,27,6.2,300.1,11.7,D,0
-12.8104,133.8149,331.5,1.6,1.3,2014-06-27,0507,Aqua,MODIS,83,6.2,301.4,47.7,D,0
-13.4584,133.2993,330.9,1.5,1.2,2014-06-27,0507,Aqua,MODIS,76,6.2,301.3,38.2,D,0
-13.4713,133.2877,349.9,1.5,1.2,2014-06-27,0507,Aqua,MODIS,95,6.2,302,91.8,D,0
-13.4433,133.3047,334.1,1.5,1.2,2014-06-27,0507,Aqua,MODIS,54,6.2,300.8,44,D,0
-13.4477,133.2975,329.1,1.5,1.2,2014-06-27,0507,Aqua,MODIS,65,6.2,299.7,34.5,D,0
-11.126,132.5422,322.4,1.4,1.2,2014-06-27,0507,Aqua,MODIS,39,6.2,299.1,20.4,D,0
-13.3918,133.3514,328.1,1.5,1.2,2014-06-27,0507,Aqua,MODIS,43,6.2,299.8,29.7,D,0
-11.3201,132.276,318.8,1.4,1.2,2014-06-27,0507,Aqua,MODIS,52,6.2,298.8,12.9,D,0
-13.4262,133.3433,348.7,1.5,1.2,2014-06-27,0507,Aqua,MODIS,94,6.2,302.5,87.3,D,0
-13.4366,133.3648,325.6,1.5,1.2,2014-06-27,0507,Aqua,MODIS,33,6.2,301.7,24.4,D,0
-13.442,133.5358,314.2,1.5,1.2,2014-06-27,0507,Aqua,MODIS,31,6.2,300.5,9.5,D,0
-13.396,133.394,323.1,1.5,1.2,2014-06-27,0507,Aqua,MODIS,48,6.2,300.1,22.2,D,0
-13.3788,133.3632,321.4,1.5,1.2,2014-06-27,0507,Aqua,MODIS,17,6.2,299.7,18.5,D,0
-11.124,132.5551,321.6,1.4,1.2,2014-06-27,0507,Aqua,MODIS,21,6.2,298.5,19.1,D,0
-11.2777,131.2178,327,1.2,1.1,2014-06-27,0507,Aqua,MODIS,45,6.2,298.9,20.1,D,0
-11.4188,130.8291,320.3,1.1,1.1,2014-06-27,0507,Aqua,MODIS,72,6.2,298.5,12.8,D,0
-11.5623,130.9061,318.1,1.1,1.1,2014-06-27,0507,Aqua,MODIS,55,6.2,299.4,9.6,D,0
-12.8651,131.4196,323.4,1.2,1.1,2014-06-27,0507,Aqua,MODIS,58,6.2,304.4,9.5,D,0
-13.4775,133.3858,323.2,1.5,1.2,2014-06-27,0507,Aqua,MODIS,46,6.2,301,21.5,D,0
-11.4203,130.8188,317.3,1.1,1.1,2014-06-27,0507,Aqua,MODIS,67,6.2,299.4,9.6,D,0
-11.1154,132.5405,324.8,1.4,1.2,2014-06-27,0507,Aqua,MODIS,61,6.2,298.5,23.8,D,0
-11.4726,131.3009,328.6,1.2,1.1,2014-06-27,0507,Aqua,MODIS,81,6.2,300.1,23,D,0
-11.4742,131.2902,322,1.2,1.1,2014-06-27,0507,Aqua,MODIS,57,6.2,299,14.6,D,0
-11.4541,131.3351,325.8,1.2,1.1,2014-06-27,0507,Aqua,MODIS,40,6.2,299.5,18.3,D,0
-11.4137,131.2736,322.9,1.2,1.1,2014-06-27,0507,Aqua,MODIS,65,6.2,298.6,15.8,D,0
-11.4885,131.3919,317.1,1.2,1.1,2014-06-27,0507,Aqua,MODIS,66,6.2,297.9,11.4,D,0
-11.474,131.3562,348.9,1.2,1.1,2014-06-27,0507,Aqua,MODIS,95,6.2,300.8,65.5,D,0
-11.5544,130.8943,334.4,1.1,1.1,2014-06-27,0507,Aqua,MODIS,86,6.2,297.5,30.8,D,0
-11.5559,130.884,329.7,1.1,1.1,2014-06-27,0507,Aqua,MODIS,82,6.2,298.8,23.7,D,0
-11.5449,130.8928,383.1,1.1,1.1,2014-06-27,0507,Aqua,MODIS,100,6.2,301.7,187.2,D,0
-11.5433,130.9031,359.9,1.1,1.1,2014-06-27,0507,Aqua,MODIS,99,6.2,298.8,91.3,D,0
-11.5338,130.9016,379.7,1.1,1.1,2014-06-27,0507,Aqua,MODIS,100,6.2,302.4,172.2,D,0
-11.5354,130.8913,349.1,1.1,1.1,2014-06-27,0507,Aqua,MODIS,95,6.2,294.4,61.7,D,0
-11.5227,130.9104,322.1,1.1,1.1,2014-06-27,0507,Aqua,MODIS,74,6.2,296.8,16,D,0
-11.3666,131.3213,326.6,1.2,1.1,2014-06-27,0507,Aqua,MODIS,45,6.2,299.1,20.6,D,0
-11.4493,131.3677,323.9,1.2,1.1,2014-06-27,0507,Aqua,MODIS,72,6.2,299.2,19,D,0
-11.3809,130.8232,315,1.1,1.1,2014-06-27,0507,Aqua,MODIS,62,6.2,299.3,8.4,D,0
-12.761,131.0191,320,1.1,1.1,2014-06-27,0507,Aqua,MODIS,46,6.2,301.5,9.7,D,0
-13.4691,133.3011,331.4,1.5,1.2,2014-06-27,0507,Aqua,MODIS,82,6.2,301.5,39.2,D,0
-12.5906,133.7496,313.1,1.6,1.3,2014-06-27,0507,Aqua,MODIS,51,6.2,296.8,10.1,D,0
-12.7705,131.0206,325.8,1.1,1.1,2014-06-27,0507,Aqua,MODIS,62,6.2,300.9,15.5,D,0
-13.4744,133.6136,316.2,1.5,1.2,2014-06-27,0507,Aqua,MODIS,59,6.2,300,12.9,D,0
-13.284,133.5828,340.3,1.5,1.2,2014-06-27,0507,Aqua,MODIS,89,6.2,297.1,68.8,D,0
-13.3478,133.4852,324.8,1.5,1.2,2014-06-27,0507,Aqua,MODIS,76,6.2,299.5,28.4,D,0
-12.9742,133.5852,314.3,1.6,1.2,2014-06-27,0507,Aqua,MODIS,46,6.2,298.4,9.2,D,0
-13.2707,133.5953,328,1.6,1.2,2014-06-27,0507,Aqua,MODIS,61,6.2,299.2,34.2,D,0
-13.2843,133.5106,314.3,1.5,1.2,2014-06-27,0507,Aqua,MODIS,13,6.2,296.3,9.6,D,0
-12.6851,130.7242,321.1,1.1,1,2014-06-27,0507,Aqua,MODIS,70,6.2,304.2,11,D,0
-13.2752,133.5669,336.5,1.5,1.2,2014-06-27,0507,Aqua,MODIS,87,6.2,299.9,59.1,D,0
-13.3231,133.5672,334.3,1.5,1.2,2014-06-27,0507,Aqua,MODIS,85,6.2,296.8,54.6,D,0
-13.2794,133.6113,324.6,1.6,1.2,2014-06-27,0507,Aqua,MODIS,54,6.2,297.8,26.9,D,0
-13.2798,133.5387,327.7,1.5,1.2,2014-06-27,0507,Aqua,MODIS,79,6.2,297.8,35.5,D,0
-12.8634,131.4301,345.1,1.2,1.1,2014-06-27,0507,Aqua,MODIS,92,6.2,305.9,48.5,D,0
-12.579,131.5524,315.3,1.2,1.1,2014-06-27,0507,Aqua,MODIS,35,6.2,296.5,7,D,0
-13.3255,133.5531,314.6,1.5,1.2,2014-06-27,0507,Aqua,MODIS,39,6.2,296.9,13.7,D,0
-12.5888,131.554,315.8,1.2,1.1,2014-06-27,0507,Aqua,MODIS,40,6.2,296.7,6.4,D,0
-12.808,133.8298,317.2,1.6,1.3,2014-06-27,0507,Aqua,MODIS,61,6.2,300.5,15.2,D,0
-12.0879,133.7887,330.4,1.7,1.3,2014-06-27,0507,Aqua,MODIS,82,6.2,294.4,46.5,D,0
-13.3483,133.4143,343.9,1.5,1.2,2014-06-27,0507,Aqua,MODIS,91,6.2,302.4,76.3,D,0
-13.3473,133.8378,324.6,1.6,1.2,2014-06-27,0507,Aqua,MODIS,76,6.2,299.2,29.4,D,0
-13.4288,133.548,315.9,1.5,1.2,2014-06-27,0507,Aqua,MODIS,56,6.2,301.8,11.7,D,0
-13.2866,133.4966,324.8,1.5,1.2,2014-06-27,0507,Aqua,MODIS,76,6.2,296.7,28.3,D,0
-13.2775,133.5529,325.4,1.5,1.2,2014-06-27,0507,Aqua,MODIS,77,6.2,298.4,31.2,D,0
-12.9719,133.5995,314.3,1.6,1.2,2014-06-27,0507,Aqua,MODIS,42,6.2,299.1,9.2,D,0
-13.3169,133.5885,337.3,1.5,1.2,2014-06-27,0507,Aqua,MODIS,85,6.2,296.8,59.7,D,0
-13.3692,133.5607,350.3,1.5,1.2,2014-06-27,0507,Aqua,MODIS,95,6.2,301.9,105.2,D,0
-13.2123,130.7035,329.7,1.1,1,2014-06-27,0507,Aqua,MODIS,74,6.2,303.2,18.7,D,0
-13.3191,133.5743,328,1.5,1.2,2014-06-27,0507,Aqua,MODIS,80,6.2,296.5,37.3,D,0
-12.8421,133.2639,319.4,1.5,1.2,2014-06-27,0507,Aqua,MODIS,67,6.2,301.2,16.3,D,0
-12.0912,133.7838,326.7,1.7,1.3,2014-06-27,0507,Aqua,MODIS,78,6.2,294.3,35.8,D,0
-12.8473,131.4709,322.5,1.2,1.1,2014-06-27,0507,Aqua,MODIS,70,6.2,305.6,8.8,D,0
-11.7335,133.1246,312.3,1.5,1.2,2014-06-27,0507,Aqua,MODIS,53,6.2,298.4,9.7,D,0
-13.3785,133.4334,327.1,1.5,1.2,2014-06-27,0507,Aqua,MODIS,73,6.2,299.2,31.5,D,0
-11.8122,133.1442,313,1.5,1.2,2014-06-27,0507,Aqua,MODIS,57,6.2,298.9,9,D,0
-12.2029,133.1553,321.2,1.5,1.2,2014-06-27,0507,Aqua,MODIS,66,6.2,302.7,14.9,D,0
-13.3162,133.6096,325.8,1.6,1.2,2014-06-27,0507,Aqua,MODIS,36,6.2,295.8,30.5,D,0
-13.273,133.5811,349.6,1.5,1.2,2014-06-27,0507,Aqua,MODIS,95,6.2,301.5,101.9,D,0
-13.3715,133.5466,327.2,1.5,1.2,2014-06-27,0507,Aqua,MODIS,79,6.2,298,34.4,D,0
-13.2821,133.5246,333.3,1.5,1.2,2014-06-27,0507,Aqua,MODIS,84,6.2,298.2,47.7,D,0
-13.3208,133.5812,335.3,1.5,1.2,2014-06-27,0507,Aqua,MODIS,86,6.2,297.3,55.9,D,0
-12.2007,133.169,322.3,1.5,1.2,2014-06-27,0507,Aqua,MODIS,68,6.2,302.8,16.7,D,0
-13.2021,133.666,320.5,1.6,1.2,2014-06-27,0507,Aqua,MODIS,70,6.2,299.6,18.9,D,0
-12.772,131.0105,326.8,1.1,1.1,2014-06-27,0507,Aqua,MODIS,75,6.2,301.2,17.9,D,0
-12.6032,131.5897,314.2,1.2,1.1,2014-06-27,0507,Aqua,MODIS,24,6.2,298.1,5.8,D,0
-13.3583,133.5587,326.1,1.5,1.2,2014-06-27,0507,Aqua,MODIS,77,6.2,298.3,33.1,D,0
-13.1519,134.0541,327.8,1.7,1.3,2014-06-27,0507,Aqua,MODIS,55,6.2,300.1,38.5,D,0
-12.7501,131.0278,324.1,1.1,1.1,2014-06-27,0507,Aqua,MODIS,70,6.2,303.4,14.8,D,0
-12.8081,133.8203,336.2,1.6,1.3,2014-06-27,0507,Aqua,MODIS,87,6.2,301.6,60.7,D,0
-12.6822,130.7441,319.1,1.1,1,2014-06-27,0507,Aqua,MODIS,55,6.2,302.8,7.8,D,0
-13.3138,133.6238,344.4,1.6,1.2,2014-06-27,0507,Aqua,MODIS,92,6.2,299.2,82.5,D,0
-13.3411,133.4348,323.4,1.5,1.2,2014-06-27,0507,Aqua,MODIS,69,6.2,301,23.1,D,0
-12.0798,133.7818,325.4,1.7,1.3,2014-06-27,0507,Aqua,MODIS,68,6.2,297.5,31.2,D,0
-13.3677,133.4316,329.4,1.5,1.2,2014-06-27,0507,Aqua,MODIS,62,6.2,298.7,33.7,D,0
-13.151,134.0441,329.7,1.7,1.3,2014-06-27,0507,Aqua,MODIS,82,6.2,297.8,44.7,D,0
-12.1943,133.1398,325.3,1.5,1.2,2014-06-27,0507,Aqua,MODIS,18,6.2,302.2,21.4,D,0
-13.2817,133.5971,345.6,1.6,1.2,2014-06-27,0507,Aqua,MODIS,93,6.2,297.3,86,D,0
-13.3185,133.5954,343.4,1.5,1.2,2014-06-27,0507,Aqua,MODIS,91,6.2,296.9,79.9,D,0
-13.3546,133.4436,321.4,1.5,1.2,2014-06-27,0507,Aqua,MODIS,47,6.2,299.8,19.9,D,0
-13.346,133.4281,366.5,1.5,1.2,2014-06-27,0507,Aqua,MODIS,100,6.2,305.2,177.2,D,0
-13.2039,133.6574,328.3,1.6,1.2,2014-06-27,0507,Aqua,MODIS,80,6.2,300.2,34.6,D,0
-12.5106,131.5237,315.2,1.2,1.1,2014-06-27,0507,Aqua,MODIS,27,6.2,295.5,8.1,D,0
-13.2881,133.6275,332.5,1.6,1.2,2014-06-27,0507,Aqua,MODIS,45,6.2,298.9,41.6,D,0
-12.1821,133.1322,319.8,1.5,1.2,2014-06-27,0507,Aqua,MODIS,48,6.2,301.6,14.3,D,0
-13.3564,133.5009,316.8,1.5,1.2,2014-06-27,0507,Aqua,MODIS,26,6.2,300,13.9,D,0
-13.1485,134.0593,325,1.7,1.3,2014-06-27,0507,Aqua,MODIS,63,6.2,299.6,33.2,D,0
-12.6837,130.7341,357.7,1.1,1,2014-06-27,0507,Aqua,MODIS,99,6.2,304.8,80.1,D,0
-12.1799,133.1459,320.8,1.5,1.2,2014-06-27,0507,Aqua,MODIS,41,6.2,302.6,14.9,D,0
-13.3473,133.5568,317.3,1.5,1.2,2014-06-27,0507,Aqua,MODIS,58,6.2,296,17.1,D,0
-13.2044,133.6517,322,1.6,1.2,2014-06-27,0507,Aqua,MODIS,72,6.2,300,22,D,0
-12.7595,131.0293,341.2,1.1,1.1,2014-06-27,0507,Aqua,MODIS,90,6.2,302.7,41.8,D,0
-13.3432,133.421,341.4,1.5,1.2,2014-06-27,0507,Aqua,MODIS,90,6.2,304,68.1,D,0
-12.1835,133.1381,328.8,1.5,1.2,2014-06-27,0507,Aqua,MODIS,44,6.2,302.3,29.3,D,0
-13.3655,133.4454,332,1.5,1.2,2014-06-27,0507,Aqua,MODIS,72,6.2,300,40.1,D,0
-13.3248,133.6257,317.9,1.6,1.2,2014-06-27,0507,Aqua,MODIS,65,6.2,298.5,18.3,D,0
-12.5025,131.5113,330.3,1.2,1.1,2014-06-27,0507,Aqua,MODIS,81,6.2,298.1,27,D,0
-12.4831,131.5082,323.4,1.2,1.1,2014-06-27,0507,Aqua,MODIS,74,6.2,296.3,18.2,D,0
-13.4311,133.5341,318,1.5,1.2,2014-06-27,0507,Aqua,MODIS,64,6.2,301.2,15.9,D,0
-13.3568,133.4298,325.9,1.5,1.2,2014-06-27,0507,Aqua,MODIS,75,6.2,300.3,28.8,D,0
-13.3271,133.6115,318.5,1.6,1.2,2014-06-27,0507,Aqua,MODIS,66,6.2,295.8,19.9,D,0
-13.8427,126.9622,332.6,1.1,1.1,2014-06-27,0507,Aqua,MODIS,50,6.2,307.8,23.4,D,0
-13.9844,126.957,322.8,1.1,1.1,2014-06-27,0507,Aqua,MODIS,64,6.2,306.4,12.4,D,0
-13.9695,126.9229,334.8,1.1,1.1,2014-06-27,0507,Aqua,MODIS,75,6.2,305.7,30.4,D,0
-13.8414,126.9726,339.5,1.1,1.1,2014-06-27,0507,Aqua,MODIS,88,6.2,307.2,37,D,0
-11.6096,130.4007,347.2,1.1,1,2014-06-27,0507,Aqua,MODIS,94,6.2,301.3,50.1,D,0
-11.5942,130.3916,317.7,1.1,1,2014-06-27,0507,Aqua,MODIS,67,6.2,298.7,11.2,D,0
-13.862,126.8903,324.4,1.1,1.1,2014-06-27,0507,Aqua,MODIS,55,6.2,305.9,13.9,D,0
-13.8725,127.0302,325.9,1.1,1.1,2014-06-27,0507,Aqua,MODIS,17,6.2,307,14.1,D,0
-14.0766,127.2046,320.4,1.1,1.1,2014-06-27,0507,Aqua,MODIS,59,6.2,307.2,5.4,D,0
-14.0035,126.9598,319,1.1,1.1,2014-06-27,0507,Aqua,MODIS,47,6.2,305.6,8.2,D,0
-11.6238,130.433,332,1.1,1,2014-06-27,0507,Aqua,MODIS,67,6.2,299.8,25.2,D,0
-14.1186,127.1792,321.8,1.1,1.1,2014-06-27,0507,Aqua,MODIS,38,6.2,308.1,8.8,D,0
-13.9715,130.0546,319.7,1,1,2014-06-27,0507,Aqua,MODIS,62,6.2,302.6,10.2,D,0
-13.8346,126.9504,324.2,1.1,1.1,2014-06-27,0507,Aqua,MODIS,77,6.2,304.6,15.1,D,0
-13.8469,126.9309,328.7,1.1,1.1,2014-06-27,0507,Aqua,MODIS,82,6.2,303.8,20.3,D,0
-13.8551,126.9427,331,1.1,1.1,2014-06-27,0507,Aqua,MODIS,81,6.2,306.3,21.4,D,0
-13.8455,126.9414,327.1,1.1,1.1,2014-06-27,0507,Aqua,MODIS,61,6.2,304.6,16.9,D,0
-14.3654,126.0793,321.2,1.3,1.1,2014-06-27,0507,Aqua,MODIS,41,6.2,303.4,12.9,D,0
-13.8537,126.9532,327.6,1.1,1.1,2014-06-27,0507,Aqua,MODIS,73,6.2,306.2,16.2,D,0
-14.3755,126.0808,324.5,1.3,1.1,2014-06-27,0507,Aqua,MODIS,69,6.2,304.3,18,D,0
-13.8907,126.8944,333.4,1.1,1.1,2014-06-27,0507,Aqua,MODIS,85,6.2,308,23.2,D,0
-13.9138,126.9404,317.7,1.1,1.1,2014-06-27,0507,Aqua,MODIS,42,6.2,304.4,5.3,D,0
-14.1199,127.169,324.2,1.1,1.1,2014-06-27,0507,Aqua,MODIS,61,6.2,307.2,12.1,D,0
-14.1213,127.1587,335.8,1.1,1.1,2014-06-27,0507,Aqua,MODIS,85,6.2,307.6,29.3,D,0
-13.8893,126.9049,327.6,1.1,1.1,2014-06-27,0507,Aqua,MODIS,76,6.2,308,14.1,D,0
-11.7118,130.3923,315.7,1.1,1,2014-06-27,0507,Aqua,MODIS,60,6.2,299.7,7.2,D,0
-13.8441,126.9518,351.6,1.1,1.1,2014-06-27,0507,Aqua,MODIS,96,6.2,307.3,65.4,D,0
-14.2414,126.7954,319.9,1.2,1.1,2014-06-27,0507,Aqua,MODIS,52,6.2,307.3,6.1,D,0
-13.8576,126.9962,339.4,1.1,1.1,2014-06-27,0507,Aqua,MODIS,89,6.2,306.4,36.4,D,0
-11.5956,130.3819,318.5,1.1,1,2014-06-27,0507,Aqua,MODIS,69,6.2,298.3,12.1,D,0
-13.7328,130.0567,335.4,1,1,2014-06-27,0507,Aqua,MODIS,85,6.2,307.7,24.3,D,0
-11.6306,130.3241,319,1.1,1,2014-06-27,0507,Aqua,MODIS,55,6.2,296.5,9.8,D,0
-11.6252,130.4232,334.4,1.1,1,2014-06-27,0507,Aqua,MODIS,78,6.2,301.4,27.7,D,0
-11.4073,130.4574,323.1,1.1,1,2014-06-27,0507,Aqua,MODIS,72,6.2,299.3,14,D,0
-11.4001,130.4597,314.3,1.1,1,2014-06-27,0507,Aqua,MODIS,61,6.2,298.8,6.8,D,0
-11.6516,130.4374,335,1.1,1,2014-06-27,0507,Aqua,MODIS,80,6.2,299.5,28.3,D,0
-11.6947,130.3796,326.5,1.1,1,2014-06-27,0507,Aqua,MODIS,79,6.2,301,17.7,D,0
-11.4015,130.4498,315.2,1.1,1,2014-06-27,0507,Aqua,MODIS,63,6.2,298.4,7.3,D,0
-11.6933,130.3894,327,1.1,1,2014-06-27,0507,Aqua,MODIS,80,6.2,299.5,18,D,0
-12.5038,130.6428,332.8,1.1,1,2014-06-27,0507,Aqua,MODIS,84,6.2,303.6,24.9,D,0
-11.6996,130.305,318.1,1.1,1,2014-06-27,0507,Aqua,MODIS,0,6.2,299.4,6.8,D,0
-11.6775,130.3912,326.3,1.1,1,2014-06-27,0507,Aqua,MODIS,71,6.2,301.4,16.5,D,0
-11.5361,132.6212,330.8,1.4,1.2,2014-06-27,0507,Aqua,MODIS,81,6.2,300.9,32.8,D,0
-13.4345,133.153,326.6,1.4,1.2,2014-06-27,0507,Aqua,MODIS,72,6.2,302.3,26.8,D,0
-13.463,133.2045,326.1,1.4,1.2,2014-06-27,0507,Aqua,MODIS,77,6.2,299.7,29.1,D,0
-11.5292,132.6258,351.4,1.4,1.2,2014-06-27,0507,Aqua,MODIS,96,6.2,303.3,92.8,D,0
-13.4885,133.2496,328.6,1.5,1.2,2014-06-27,0507,Aqua,MODIS,74,6.2,300.3,32.8,D,0
-13.0575,131.9036,336.5,1.2,1.1,2014-06-27,0507,Aqua,MODIS,85,6.2,306.1,31.9,D,0
-11.5312,132.613,325.9,1.4,1.2,2014-06-27,0507,Aqua,MODIS,54,6.2,299.9,23.6,D,0
-11.5341,132.6341,325.4,1.4,1.2,2014-06-27,0507,Aqua,MODIS,59,6.2,301.9,22.2,D,0
-13.4991,133.2515,331,1.5,1.2,2014-06-27,0507,Aqua,MODIS,61,6.2,300.8,35.8,D,0
-11.5235,132.6324,320.6,1.4,1.2,2014-06-27,0507,Aqua,MODIS,66,6.2,301.5,14.8,D,0
-13.6599,130.7848,322.9,1.1,1,2014-06-27,0507,Aqua,MODIS,52,6.2,304.7,9.9,D,0
-13.4366,133.1398,329.5,1.4,1.2,2014-06-27,0507,Aqua,MODIS,72,6.2,300.4,31.4,D,0
-13.4239,133.1512,347.3,1.4,1.2,2014-06-27,0507,Aqua,MODIS,93,6.2,304.6,82,D,0
-11.9698,132.8236,322.4,1.4,1.2,2014-06-27,0507,Aqua,MODIS,74,6.2,299.8,22.4,D,0
-13.6498,130.7475,321.5,1.1,1,2014-06-27,0507,Aqua,MODIS,41,6.2,307.3,7.5,D,0
-11.4178,132.438,316.5,1.4,1.2,2014-06-27,0507,Aqua,MODIS,66,6.2,299.8,11.7,D,0
-13.5558,133.0325,333,1.4,1.2,2014-06-27,0507,Aqua,MODIS,83,6.2,304.8,40.3,D,0
-13.6284,130.7641,334.4,1.1,1,2014-06-27,0507,Aqua,MODIS,83,6.2,304.5,25.3,D,0
-11.9653,132.8161,327.1,1.4,1.2,2014-06-27,0507,Aqua,MODIS,79,6.2,300.1,28,D,0
-13.3427,133.0106,325.3,1.4,1.2,2014-06-27,0507,Aqua,MODIS,75,6.2,303.3,22.4,D,0
-11.515,132.6177,318.8,1.4,1.2,2014-06-27,0507,Aqua,MODIS,46,6.2,300.2,13.8,D,0
-13.6547,130.7781,336.2,1.1,1,2014-06-27,0507,Aqua,MODIS,85,6.2,305.9,29.7,D,0
-13.4735,133.2743,341.3,1.5,1.2,2014-06-27,0507,Aqua,MODIS,90,6.2,300.3,65.9,D,0
-13.0477,131.9021,330.2,1.2,1.1,2014-06-27,0507,Aqua,MODIS,79,6.2,307.1,20.1,D,0
-13.4323,133.0988,351.4,1.4,1.2,2014-06-27,0507,Aqua,MODIS,95,6.2,303.3,92.5,D,0
-11.5462,132.655,320.6,1.4,1.2,2014-06-27,0507,Aqua,MODIS,66,6.2,300,16.8,D,0
-13.7312,131.8418,325.8,1.2,1.1,2014-06-27,0507,Aqua,MODIS,53,6.2,307.1,12.6,D,0
-11.5255,132.6195,330,1.4,1.2,2014-06-27,0507,Aqua,MODIS,83,6.2,301.8,33.3,D,0
-13.5663,133.0343,319.9,1.4,1.2,2014-06-27,0507,Aqua,MODIS,66,6.2,303.1,16.1,D,0
-11.9719,132.8104,323.2,1.4,1.2,2014-06-27,0507,Aqua,MODIS,75,6.2,299.2,24,D,0
-13.4217,133.097,324.2,1.4,1.2,2014-06-27,0507,Aqua,MODIS,39,6.2,302.5,20,D,0
-13.6341,131.944,323.8,1.2,1.1,2014-06-27,0507,Aqua,MODIS,68,6.2,308.2,12.6,D,0
-11.5783,132.7272,324.9,1.4,1.2,2014-06-27,0507,Aqua,MODIS,78,6.2,300.6,24.4,D,0
-11.2357,131.9054,314.7,1.3,1.1,2014-06-27,0507,Aqua,MODIS,52,6.2,296.9,9,D,0
-13.428,133.0578,331.3,1.4,1.2,2014-06-27,0507,Aqua,MODIS,82,6.2,301,38.8,D,0
-13.4863,133.2628,324,1.5,1.2,2014-06-27,0507,Aqua,MODIS,58,6.2,301.2,23.9,D,0
-13.4651,133.1911,327.5,1.4,1.2,2014-06-27,0507,Aqua,MODIS,78,6.2,300,31.5,D,0
-13.4601,133.1982,336.4,1.4,1.2,2014-06-27,0507,Aqua,MODIS,86,6.2,300.7,52.4,D,0
-13.6799,130.778,318.6,1.1,1,2014-06-27,0507,Aqua,MODIS,23,6.2,304.7,5.7,D,0
-13.6614,130.775,333.2,1.1,1,2014-06-27,0507,Aqua,MODIS,82,6.2,306.6,23,D,0
-11.5803,132.7142,325.4,1.4,1.2,2014-06-27,0507,Aqua,MODIS,79,6.2,299.5,25.3,D,0
-13.7198,131.8512,325.2,1.2,1.1,2014-06-27,0507,Aqua,MODIS,46,6.2,307.1,10.2,D,0
-13.7295,131.8527,337.9,1.2,1.1,2014-06-27,0507,Aqua,MODIS,86,6.2,305.8,32.7,D,0
-13.7392,131.8543,338.2,1.2,1.1,2014-06-27,0507,Aqua,MODIS,87,6.2,307,33.9,D,0
-31.7857,148.4925,305.4,1.1,1,2014-06-27,1248,Terra,MODIS,64,6.2,280.4,11.5,N,0
-26.7994,150.1991,315.6,1,1,2014-06-27,1250,Terra,MODIS,92,6.2,283.8,17.7,N,2
-16.1123,144.181,301.1,1.2,1.1,2014-06-27,1253,Terra,MODIS,38,6.2,289.3,6.2,N,0
-14.7662,142.8641,303.3,1.3,1.1,2014-06-27,1253,Terra,MODIS,55,6.2,291.6,7.7,N,0
-21.7485,118.8272,301.2,1.5,1.2,2014-06-27,1430,Terra,MODIS,39,6.2,288,9.7,N,0
-20.388,118.479,323.3,1.5,1.2,2014-06-27,1430,Terra,MODIS,100,6.2,290,37.7,N,0
-20.3897,118.4646,324.9,1.5,1.2,2014-06-27,1430,Terra,MODIS,100,6.2,287.1,41.2,N,0
-20.3914,118.4502,302.9,1.5,1.2,2014-06-27,1430,Terra,MODIS,16,6.2,286.8,9,N,0
-20.3771,118.4775,332.5,1.5,1.2,2014-06-27,1430,Terra,MODIS,100,6.2,291.2,57.7,N,0
-20.3788,118.4632,348.5,1.5,1.2,2014-06-27,1430,Terra,MODIS,100,6.2,292.9,107.5,N,0
-21.6649,118.7866,300.7,1.5,1.2,2014-06-27,1430,Terra,MODIS,22,6.2,287.3,8.8,N,0
-22.8061,121.9527,304.6,1.1,1,2014-06-27,1430,Terra,MODIS,41,6.2,284.1,8.9,N,0
-22.7968,121.9513,302.6,1.1,1,2014-06-27,1430,Terra,MODIS,30,6.2,284,7.7,N,0
-22.789,121.9395,300.6,1.1,1,2014-06-27,1430,Terra,MODIS,9,6.2,284.1,6.4,N,0
-20.0796,125.5825,317.4,1.2,1.1,2014-06-27,1430,Terra,MODIS,95,6.2,287.8,22.5,N,0
-17.7759,123.4058,301.7,1,1,2014-06-27,1431,Terra,MODIS,44,6.2,286.4,6.6,N,0
-17.2566,123.0581,301.4,1,1,2014-06-27,1431,Terra,MODIS,41,6.2,289.8,6.1,N,0
-14.9547,126.0415,344.7,1.5,1.2,2014-06-27,1432,Terra,MODIS,100,6.2,291.7,95.9,N,0
-14.9525,126.0346,319.4,1.5,1.2,2014-06-27,1432,Terra,MODIS,99,6.2,288.5,33.8,N,0
-13.6578,130.7881,302.3,3.6,1.8,2014-06-27,1432,Terra,MODIS,20,6.2,289.6,33.4,N,0
-13.688,130.7655,303.9,3.6,1.8,2014-06-27,1432,Terra,MODIS,40,6.2,290.1,38.7,N,0
-14.9504,126.0484,338.2,1.5,1.2,2014-06-27,1432,Terra,MODIS,100,6.2,291.8,76.6,N,0
-14.9524,126.0552,320.9,1.5,1.2,2014-06-27,1432,Terra,MODIS,100,6.2,290.2,36.5,N,0
-14.3698,126.0843,306.8,1.5,1.2,2014-06-27,1432,Terra,MODIS,69,6.2,292.3,13.1,N,0
-17.9168,137.8661,318.7,1.4,1.2,2014-06-27,1558,Aqua,MODIS,97,6.2,290.6,26.9,N,0
-17.9189,137.8786,365.1,1.4,1.2,2014-06-27,1558,Aqua,MODIS,100,6.2,295.9,160.4,N,0
-17.921,137.8913,303.8,1.4,1.2,2014-06-27,1558,Aqua,MODIS,57,6.2,289.2,9.8,N,0
-17.9293,137.8768,304,1.4,1.2,2014-06-27,1558,Aqua,MODIS,58,6.2,290.1,10.1,N,0
-21.7402,118.8325,302,1.2,1.1,2014-06-27,1738,Aqua,MODIS,43,6.2,286,8.1,N,0
-21.7416,118.844,307.5,1.2,1.1,2014-06-27,1738,Aqua,MODIS,71,6.2,286.3,12.1,N,0
-20.375,118.4658,345.2,1.1,1,2014-06-27,1738,Aqua,MODIS,100,6.2,292.5,62.2,N,0
-20.3764,118.4764,329.8,1.1,1,2014-06-27,1738,Aqua,MODIS,100,6.2,291.5,34.2,N,0
-20.3844,118.4644,348.2,1.1,1,2014-06-27,1738,Aqua,MODIS,100,6.2,292.4,68.9,N,0
-20.3859,118.475,360.6,1.1,1,2014-06-27,1738,Aqua,MODIS,100,6.2,295,102.7,N,0
-20.3873,118.4856,316.5,1.1,1,2014-06-27,1738,Aqua,MODIS,93,6.2,290.4,17.7,N,0
-20.3904,118.4687,326.1,1.1,1,2014-06-27,1738,Aqua,MODIS,100,6.2,291,29.3,N,0
-20.3918,118.4793,329.8,1.1,1,2014-06-27,1738,Aqua,MODIS,100,6.2,292.5,34.7,N,0
-21.6626,118.7913,303.9,1.2,1.1,2014-06-27,1738,Aqua,MODIS,58,6.2,285.7,9.4,N,0
-26.7954,150.211,305.4,1.9,1.3,2014-06-27,2347,Terra,MODIS,61,6.2,290.8,13.1,D,2
-13.4435,133.2967,316.1,1.1,1,2014-06-28,0122,Terra,MODIS,39,6.2,302.5,6,D,0
-13.442,133.2869,329.1,1.1,1,2014-06-28,0122,Terra,MODIS,81,6.2,301.5,21.2,D,0
-11.1106,132.5291,314.1,1.2,1.1,2014-06-28,0122,Terra,MODIS,42,6.2,297.9,8,D,0
-11.4486,131.3255,312.3,1.4,1.2,2014-06-28,0122,Terra,MODIS,48,6.2,289.6,11.6,D,0
-13.1682,134.0874,313.5,1,1,2014-06-28,0122,Terra,MODIS,61,6.2,299.9,5.8,D,0
-11.6087,130.4139,322.9,1.7,1.3,2014-06-28,0122,Terra,MODIS,51,6.2,296.2,26.9,D,0
-11.5949,130.4007,333.4,1.7,1.3,2014-06-28,0122,Terra,MODIS,76,6.2,297.5,55.1,D,0
-12.8999,131.7982,339.3,1.3,1.1,2014-06-28,0122,Terra,MODIS,74,6.2,298.8,46.5,D,0
-12.9471,131.7113,321.7,1.3,1.1,2014-06-28,0122,Terra,MODIS,64,6.2,301.5,14.8,D,0
-12.8981,131.7865,335.5,1.3,1.1,2014-06-28,0122,Terra,MODIS,70,6.2,296.9,39.3,D,0
-12.0398,133.9411,315.3,1,1,2014-06-28,0122,Terra,MODIS,60,6.2,297,7.5,D,0
-12.8652,131.84,313.5,1.3,1.1,2014-06-28,0122,Terra,MODIS,57,6.2,298.5,6.9,D,0
-13.1668,134.0781,324.9,1,1,2014-06-28,0122,Terra,MODIS,79,6.2,301.2,17.1,D,0
-12.949,131.7232,323.7,1.3,1.1,2014-06-28,0122,Terra,MODIS,76,6.2,302.1,17.1,D,0
-13.7744,133.4047,324.2,1.1,1,2014-06-28,0122,Terra,MODIS,76,6.2,300.2,16.3,D,0
-12.2779,141.9947,316.4,2.3,1.5,2014-06-28,0122,Terra,MODIS,37,6.2,292.2,31.7,D,0
-12.5014,131.0949,311.2,1.4,1.2,2014-06-28,0122,Terra,MODIS,60,6.2,296.2,8.9,D,0
-12.9573,131.7097,319.9,1.3,1.1,2014-06-28,0122,Terra,MODIS,31,6.2,299.7,11,D,0
-14.7731,142.8767,310.1,3,1.6,2014-06-28,0122,Terra,MODIS,34,6.2,296.1,21.5,D,0
-12.3203,142.0108,312.4,2.3,1.5,2014-06-28,0122,Terra,MODIS,37,6.2,292.2,20.2,D,0
-12.3161,142.0046,314.6,2.3,1.5,2014-06-28,0122,Terra,MODIS,62,6.2,291.8,28.3,D,0
-12.8935,131.8233,345,1.3,1.1,2014-06-28,0122,Terra,MODIS,93,6.2,300.4,60.7,D,0
-12.5074,131.1013,314,1.4,1.2,2014-06-28,0122,Terra,MODIS,67,6.2,296.9,12.1,D,0
-12.898,131.7919,343.3,1.3,1.1,2014-06-28,0122,Terra,MODIS,76,6.2,298.7,55.4,D,0
-11.6614,130.4516,313.2,1.6,1.3,2014-06-28,0122,Terra,MODIS,35,6.2,295.7,10.7,D,0
-12.4983,130.6424,312.9,1.5,1.2,2014-06-28,0122,Terra,MODIS,59,6.2,297.9,11.7,D,0
-13.5001,133.2511,315.4,1.1,1,2014-06-28,0122,Terra,MODIS,59,6.2,300.8,7.5,D,0
-13.8416,133.4868,313.5,1,1,2014-06-28,0122,Terra,MODIS,29,6.2,300.5,4.7,D,0
-13.8309,133.4786,342.2,1,1,2014-06-28,0122,Terra,MODIS,91,6.2,302.8,42,D,0
-13.8294,133.469,353.4,1,1,2014-06-28,0122,Terra,MODIS,97,6.2,303,67,D,0
-13.6682,133.7412,313.7,1,1,2014-06-28,0122,Terra,MODIS,54,6.2,301.7,5.9,D,0
-13.6236,133.6863,333.9,1,1,2014-06-28,0122,Terra,MODIS,85,6.2,301.3,27.7,D,0
-13.8291,133.528,325.1,1,1,2014-06-28,0122,Terra,MODIS,76,6.2,302.1,15.5,D,0
-13.8089,133.5078,317.3,1,1,2014-06-28,0122,Terra,MODIS,36,6.2,302.4,7.1,D,0
-13.7953,133.4804,317.5,1,1,2014-06-28,0122,Terra,MODIS,65,6.2,300.8,8.2,D,0
-13.6203,133.7257,317.7,1,1,2014-06-28,0122,Terra,MODIS,52,6.2,302.6,7.6,D,0
-13.6145,133.6878,317.9,1,1,2014-06-28,0122,Terra,MODIS,67,6.2,302.6,8.8,D,0
-13.6112,133.7272,319.8,1,1,2014-06-28,0122,Terra,MODIS,54,6.2,301.6,10.2,D,0
-13.8398,133.5361,320.1,1,1,2014-06-28,0122,Terra,MODIS,70,6.2,302,10.6,D,0
-13.6007,134.0814,324.8,1,1,2014-06-28,0122,Terra,MODIS,78,6.2,301.3,15.9,D,0
-13.9423,133.5428,315.5,1,1,2014-06-28,0122,Terra,MODIS,59,6.2,300.9,7.6,D,0
-13.5016,133.2609,318.7,1.1,1,2014-06-28,0122,Terra,MODIS,67,6.2,300.8,10.9,D,0
-13.1773,131.8055,317.1,1.3,1.1,2014-06-28,0122,Terra,MODIS,45,6.2,298.9,8.2,D,0
-13.5669,133.4995,328.1,1.1,1,2014-06-28,0122,Terra,MODIS,80,6.2,300.3,21.7,D,0
-13.686,130.7808,317.1,1.4,1.2,2014-06-28,0122,Terra,MODIS,65,6.2,300.7,13.7,D,0
-13.5745,133.1788,315.5,1.1,1,2014-06-28,0122,Terra,MODIS,51,6.2,300.4,7.2,D,0
-13.6754,130.7826,316.1,1.4,1.2,2014-06-28,0122,Terra,MODIS,60,6.2,300,11.5,D,0
-13.0973,142.7614,313.4,2.8,1.6,2014-06-28,0122,Terra,MODIS,51,6.2,290.9,27.2,D,0
-13.083,142.763,311.4,2.8,1.6,2014-06-28,0122,Terra,MODIS,13,6.2,290.9,20.9,D,0
-13.819,133.4016,315.5,1.1,1,2014-06-28,0122,Terra,MODIS,58,6.2,301.3,6.9,D,0
-13.6002,132.871,318.5,1.1,1,2014-06-28,0122,Terra,MODIS,44,6.2,301.9,9.2,D,0
-13.7291,133.7122,323.6,1,1,2014-06-28,0122,Terra,MODIS,75,6.2,301.5,14.8,D,0
-13.7306,133.7218,319.8,1,1,2014-06-28,0122,Terra,MODIS,70,6.2,302.7,10.7,D,0
-13.2615,132.2026,321.4,1.2,1.1,2014-06-28,0122,Terra,MODIS,60,6.2,302.8,12.6,D,0
-13.5297,133.5511,317.7,1,1,2014-06-28,0122,Terra,MODIS,66,6.2,300.2,10.5,D,0
-13.5283,133.5415,315.7,1,1,2014-06-28,0122,Terra,MODIS,61,6.2,301.1,8.3,D,0
-13.6857,134.1571,322.5,1,1,2014-06-28,0122,Terra,MODIS,75,6.2,301.9,12.4,D,0
-13.4284,133.1376,314.1,1.1,1,2014-06-28,0122,Terra,MODIS,39,6.2,299.7,5.4,D,0
-13.6934,134.2698,312.8,1,1,2014-06-28,0122,Terra,MODIS,51,6.2,300.2,5.1,D,0
-13.6843,133.6024,322.1,1,1,2014-06-28,0122,Terra,MODIS,59,6.2,301.4,13,D,0
-13.5981,133.6416,313.5,1,1,2014-06-28,0122,Terra,MODIS,45,6.2,301.4,5.7,D,0
-13.7024,134.2684,314.1,1,1,2014-06-28,0122,Terra,MODIS,61,6.2,300.8,6.2,D,0
-13.8293,133.0994,316.8,1.1,1,2014-06-28,0122,Terra,MODIS,58,6.2,302.6,7.9,D,0
-13.8277,133.0894,320.1,1.1,1,2014-06-28,0122,Terra,MODIS,69,6.2,301.4,11.5,D,0
-13.4911,132.2984,314.9,1.2,1.1,2014-06-28,0122,Terra,MODIS,51,6.2,300.1,8,D,0
-14.1507,133.2842,324.1,1.1,1,2014-06-28,0122,Terra,MODIS,66,6.2,301.6,14,D,0
-13.7176,133.6362,321.5,1,1,2014-06-28,0122,Terra,MODIS,72,6.2,301.3,12.7,D,0
-14.0648,133.264,313.6,1.1,1,2014-06-28,0122,Terra,MODIS,43,6.2,301.4,5.1,D,0
-14.0857,130.7691,326.8,1.4,1.2,2014-06-28,0123,Terra,MODIS,79,6.2,301.9,29.5,D,0
-14.265,132.9369,314.9,1.1,1,2014-06-28,0123,Terra,MODIS,55,6.2,299.7,8.2,D,0
-14.2634,132.9269,318.1,1.1,1,2014-06-28,0123,Terra,MODIS,65,6.2,299.7,11.4,D,0
-14.0835,130.756,325.3,1.4,1.2,2014-06-28,0123,Terra,MODIS,77,6.2,302.5,25.7,D,0
-15.9569,136.05,389.6,1.1,1,2014-06-28,0123,Terra,MODIS,100,6.2,310,208,D,0
-15.9463,136.0414,341.1,1.1,1,2014-06-28,0123,Terra,MODIS,90,6.2,303.1,40.7,D,0
-16.0513,135.9997,319.7,1.1,1,2014-06-28,0123,Terra,MODIS,68,6.2,302.2,10.4,D,0
-15.9476,136.0514,321,1.1,1,2014-06-28,0123,Terra,MODIS,58,6.2,302.3,11.6,D,0
-15.9556,136.0401,361.7,1.1,1,2014-06-28,0123,Terra,MODIS,100,6.2,307.3,90.1,D,0
-15.9662,136.0487,322.5,1.1,1,2014-06-28,0123,Terra,MODIS,61,6.2,303.9,11.9,D,0
-14.801,126.0402,308.9,3.1,1.7,2014-06-28,0123,Terra,MODIS,40,6.2,297.9,18.4,D,0
-18.0141,137.6601,322.4,1.4,1.2,2014-06-28,0123,Terra,MODIS,74,6.2,301.8,20.7,D,0
-18.0157,137.673,316.6,1.4,1.2,2014-06-28,0123,Terra,MODIS,65,6.2,301.4,12.1,D,0
-17.5859,138.813,314.8,1.6,1.2,2014-06-28,0123,Terra,MODIS,61,6.2,302.2,12,D,0
-14.6563,132.4246,318,1.1,1.1,2014-06-28,0123,Terra,MODIS,57,6.2,304.1,9.1,D,0
-14.6596,132.4175,313.7,1.1,1.1,2014-06-28,0123,Terra,MODIS,55,6.2,302.2,6.7,D,0
-14.5008,133.0427,322.2,1.1,1,2014-06-28,0123,Terra,MODIS,73,6.2,302.2,12.3,D,0
-14.5116,133.051,325.1,1.1,1,2014-06-28,0123,Terra,MODIS,76,6.2,302.6,14.7,D,0
-15.6316,129.3199,321.2,1.7,1.3,2014-06-28,0123,Terra,MODIS,74,6.2,300.5,25.5,D,0
-15.6284,129.3135,316.4,1.7,1.3,2014-06-28,0123,Terra,MODIS,65,6.2,300.5,16.8,D,0
-15.6425,129.3272,313.9,1.7,1.3,2014-06-28,0123,Terra,MODIS,36,6.2,300.2,12.5,D,0
-13.8301,126.9453,320.9,2.8,1.6,2014-06-28,0123,Terra,MODIS,47,6.2,297.2,53.3,D,0
-15.6561,130.424,313,1.4,1.2,2014-06-28,0123,Terra,MODIS,29,6.2,301.7,7.7,D,0
-15.6584,130.4372,320,1.4,1.2,2014-06-28,0123,Terra,MODIS,71,6.2,302.9,17,D,0
-15.6944,130.4584,317.6,1.4,1.2,2014-06-28,0123,Terra,MODIS,61,6.2,301.9,13.6,D,0
-13.8158,126.9478,322,2.8,1.6,2014-06-28,0123,Terra,MODIS,56,6.2,294.9,60.4,D,0
-13.8186,126.9414,327.6,2.8,1.6,2014-06-28,0123,Terra,MODIS,81,6.2,296.1,91.4,D,0
-13.8329,126.9388,312.5,2.8,1.6,2014-06-28,0123,Terra,MODIS,23,6.2,297.5,26.3,D,0
-13.8421,126.989,337.4,2.7,1.6,2014-06-28,0123,Terra,MODIS,86,6.2,297.2,135.8,D,0
-13.8389,126.9956,354.6,2.7,1.6,2014-06-28,0123,Terra,MODIS,92,6.2,297.3,272.7,D,0
-13.8434,127.0206,346.4,2.7,1.6,2014-06-28,0123,Terra,MODIS,71,6.2,297,196.8,D,0
-13.8575,127.018,338.3,2.7,1.6,2014-06-28,0123,Terra,MODIS,84,6.2,298,139.9,D,0
-13.8619,127.043,346,2.7,1.6,2014-06-28,0123,Terra,MODIS,0,6.2,297.6,197.8,D,0
-13.8467,127.0141,356.6,2.7,1.6,2014-06-28,0123,Terra,MODIS,93,6.2,298.4,297,D,0
-13.8608,127.0115,322.8,2.7,1.6,2014-06-28,0123,Terra,MODIS,33,6.2,298.3,54.4,D,0
-13.8654,127.0365,330.2,2.7,1.6,2014-06-28,0123,Terra,MODIS,63,6.2,297.6,91.5,D,0
-14.123,127.1716,310.6,2.6,1.6,2014-06-28,0123,Terra,MODIS,41,6.2,296.7,19.7,D,0
-14.7955,126.0109,314.9,3.1,1.7,2014-06-28,0123,Terra,MODIS,66,6.2,298.6,43.8,D,0
-15.5831,129.3123,316.1,1.7,1.3,2014-06-28,0123,Terra,MODIS,66,6.2,301.2,17.3,D,0
-15.5858,129.3279,312.9,1.7,1.3,2014-06-28,0123,Terra,MODIS,52,6.2,300.4,12,D,0
-14.562,130.0198,313.4,1.6,1.2,2014-06-28,0123,Terra,MODIS,26,6.2,298.4,10.6,D,0
-14.4772,130.2095,317,1.5,1.2,2014-06-28,0123,Terra,MODIS,46,6.2,299.4,14.6,D,0
-15.3528,127.9116,328.7,2.2,1.4,2014-06-28,0123,Terra,MODIS,82,6.2,302,63.7,D,0
-15.3622,127.8897,315.2,2.2,1.4,2014-06-28,0123,Terra,MODIS,65,6.2,301,23.3,D,0
-15.3656,127.9093,313.5,2.2,1.4,2014-06-28,0123,Terra,MODIS,61,6.2,301.1,18.2,D,0
-14.9573,126.0573,309,3.1,1.7,2014-06-28,0123,Terra,MODIS,38,6.2,296.2,24.3,D,0
-14.6172,130.0089,328.1,1.6,1.2,2014-06-28,0123,Terra,MODIS,81,6.2,301.8,37.2,D,0
-14.6196,130.0234,341.4,1.6,1.2,2014-06-28,0123,Terra,MODIS,91,6.2,302.6,74.8,D,0
-14.622,130.0378,313.4,1.6,1.2,2014-06-28,0123,Terra,MODIS,34,6.2,300.6,9,D,0
-14.5524,130.1752,318.6,1.5,1.2,2014-06-28,0123,Terra,MODIS,44,6.2,299.8,17,D,0
-14.5634,130.1733,315.9,1.5,1.2,2014-06-28,0123,Terra,MODIS,32,6.2,299.5,12.6,D,0
-14.5644,130.167,316.3,1.5,1.2,2014-06-28,0123,Terra,MODIS,21,6.2,299.8,13.4,D,0
-15.2997,127.9074,313.6,2.2,1.4,2014-06-28,0123,Terra,MODIS,47,6.2,300.3,15.4,D,0
-15.2981,127.9018,312.8,2.2,1.4,2014-06-28,0123,Terra,MODIS,52,6.2,300.8,14.6,D,0
-15.2529,127.5014,312.8,2.3,1.5,2014-06-28,0123,Terra,MODIS,47,6.2,301,17.6,D,0
-15.0543,131.1847,313.8,1.3,1.1,2014-06-28,0123,Terra,MODIS,53,6.2,300.9,8,D,0
-13.9208,130.5278,331.3,1.5,1.2,2014-06-28,0123,Terra,MODIS,83,6.2,302.6,40.1,D,0
-15.6923,127.8212,313.9,2.2,1.4,2014-06-28,0123,Terra,MODIS,63,6.2,301.6,19.4,D,0
-15.1118,130.5445,314.1,1.4,1.2,2014-06-28,0123,Terra,MODIS,32,6.2,301.9,8.2,D,0
-15.1034,130.5594,315.5,1.4,1.2,2014-06-28,0123,Terra,MODIS,42,6.2,302,9.1,D,0
-14.1592,130.5872,321.9,1.5,1.2,2014-06-28,0123,Terra,MODIS,73,6.2,297.8,23.3,D,0
-14.3998,129.7469,311.4,1.7,1.3,2014-06-28,0123,Terra,MODIS,29,6.2,299.2,8.4,D,0
-13.9929,130.6063,315.8,1.5,1.2,2014-06-28,0123,Terra,MODIS,36,6.2,302.4,7.2,D,0
-15.9222,128.6048,312.8,1.9,1.3,2014-06-28,0123,Terra,MODIS,35,6.2,300.1,12.4,D,0
-14.453,130.1992,312.2,1.5,1.2,2014-06-28,0123,Terra,MODIS,28,6.2,298.2,8.2,D,0
-14.0036,130.6045,317.3,1.5,1.2,2014-06-28,0123,Terra,MODIS,65,6.2,303.9,9,D,0
-14.0009,130.6117,320.4,1.5,1.2,2014-06-28,0123,Terra,MODIS,71,6.2,303.3,14.4,D,0
-22.724,123.2057,302.9,3.4,1.7,2014-06-28,0125,Terra,MODIS,54,6.2,290.6,24.6,D,0
-22.7713,123.2209,320.4,3.4,1.7,2014-06-28,0125,Terra,MODIS,80,6.2,290.4,101.4,D,0
-22.7769,123.227,327.4,3.4,1.7,2014-06-28,0125,Terra,MODIS,85,6.2,290.8,144.8,D,0
-20.3889,118.4537,310.7,3.7,1.8,2014-06-28,0303,Terra,MODIS,34,6.2,298,33.3,D,0
-20.3921,118.4893,314.6,3.7,1.8,2014-06-28,0303,Terra,MODIS,62,6.2,298.7,55,D,0
-20.4085,118.4877,310.3,3.7,1.8,2014-06-28,0303,Terra,MODIS,20,6.2,297.3,29.8,D,0
-20.8291,118.7956,344.3,4,1.9,2014-06-28,0303,Terra,MODIS,92,6.2,299.4,335.8,D,0
-20.8458,118.794,319.9,4,1.9,2014-06-28,0303,Terra,MODIS,72,6.2,298,92.4,D,0
-21.6561,118.7733,307,4.1,1.9,2014-06-28,0303,Terra,MODIS,55,6.2,295.8,33.2,D,0
-21.6524,118.7807,316.6,4.1,1.9,2014-06-28,0303,Terra,MODIS,74,6.2,296.1,90.1,D,0
-21.6392,118.7749,307,4.1,1.9,2014-06-28,0303,Terra,MODIS,55,6.2,295,33.1,D,0
-20.8089,118.7592,316.5,3.9,1.8,2014-06-28,0303,Terra,MODIS,63,6.2,298.2,70.6,D,0
-20.8138,118.7528,312.4,3.9,1.8,2014-06-28,0303,Terra,MODIS,49,6.2,297.5,46.3,D,0
-20.8169,118.7908,313.5,4,1.9,2014-06-28,0303,Terra,MODIS,57,6.2,297.9,52.3,D,0
-20.8256,118.7575,325.4,3.9,1.8,2014-06-28,0303,Terra,MODIS,79,6.2,297.4,130,D,0
-20.8305,118.7511,316,3.9,1.8,2014-06-28,0303,Terra,MODIS,65,6.2,297.1,65.4,D,0
-20.8337,118.7892,351.4,4,1.9,2014-06-28,0303,Terra,MODIS,96,6.2,300,445.3,D,0
-31.7713,145.381,320.8,1.1,1,2014-06-28,0406,Aqua,MODIS,80,6.2,288.6,22,D,0
-31.7698,145.3924,306.4,1.1,1,2014-06-28,0406,Aqua,MODIS,63,6.2,286.6,9,D,0
-31.7619,145.3793,333.7,1.1,1,2014-06-28,0406,Aqua,MODIS,89,6.2,287.1,38.1,D,0
-31.7605,145.3908,333.7,1.1,1,2014-06-28,0406,Aqua,MODIS,89,6.2,286.3,38,D,0
-32.759,149.8774,301.7,1.1,1,2014-06-28,0406,Aqua,MODIS,49,6.2,283.9,7.3,D,0
-31.8796,145.8854,313.9,1,1,2014-06-28,0406,Aqua,MODIS,0,6.2,289.8,14.4,D,0
-28.6861,150.8114,305.2,1.4,1.2,2014-06-28,0407,Aqua,MODIS,43,6.2,289.8,7.4,D,0
-28.6757,150.8092,350.3,1.4,1.2,2014-06-28,0407,Aqua,MODIS,91,6.2,290.2,98.3,D,0
-28.6795,150.8191,351.7,1.4,1.2,2014-06-28,0407,Aqua,MODIS,73,6.2,287.4,103.8,D,0
-28.6819,150.805,326.7,1.4,1.2,2014-06-28,0407,Aqua,MODIS,85,6.2,291,37.6,D,0
-24.409,145.0294,321.6,1,1,2014-06-28,0408,Aqua,MODIS,74,6.2,303.4,12.6,D,0
-25.504,144.3367,312.1,1,1,2014-06-28,0408,Aqua,MODIS,63,6.2,296.7,8.5,D,0
-25.5026,144.3471,317.9,1,1,2014-06-28,0408,Aqua,MODIS,73,6.2,296.3,13.6,D,0
-20.4747,148.6572,328.9,1.4,1.2,2014-06-28,0409,Aqua,MODIS,82,6.2,297.1,38.9,D,0
-17.6955,138.7107,334.3,1.7,1.3,2014-06-28,0410,Aqua,MODIS,85,6.2,309.2,52.7,D,0
-18.0129,137.6642,323.8,2.1,1.4,2014-06-28,0410,Aqua,MODIS,75,6.2,305.7,37,D,0
-18.0131,137.6592,324.9,2.1,1.4,2014-06-28,0410,Aqua,MODIS,76,6.2,305.9,42.4,D,0
-17.4752,138.8327,326,1.7,1.3,2014-06-28,0410,Aqua,MODIS,77,6.2,306.1,30,D,0
-16.1051,144.1978,339.9,1,1,2014-06-28,0410,Aqua,MODIS,90,6.2,300.3,36.8,D,0
-16.1065,144.1884,347.5,1,1,2014-06-28,0410,Aqua,MODIS,94,6.2,302,51.1,D,0
-17.5792,138.8192,319,1.7,1.3,2014-06-28,0410,Aqua,MODIS,65,6.2,306.3,15.4,D,0
-17.5811,138.8032,322.2,1.7,1.3,2014-06-28,0410,Aqua,MODIS,71,6.2,306.7,22.5,D,0
-17.4982,138.8357,327.7,1.7,1.3,2014-06-28,0410,Aqua,MODIS,71,6.2,307.4,30.5,D,0
-17.4867,138.8342,322.3,1.7,1.3,2014-06-28,0410,Aqua,MODIS,59,6.2,307,19.7,D,0
-16.1155,144.1898,318.3,1,1,2014-06-28,0410,Aqua,MODIS,69,6.2,301.5,9.4,D,0
-17.6763,138.7738,321.6,1.7,1.3,2014-06-28,0410,Aqua,MODIS,68,6.2,304.2,20.4,D,0
-17.6782,138.7578,327.1,1.7,1.3,2014-06-28,0410,Aqua,MODIS,78,6.2,308.7,32.2,D,0
-17.6647,138.7724,381.9,1.7,1.3,2014-06-28,0410,Aqua,MODIS,100,6.2,308.2,329,D,0
-17.6666,138.7563,374.2,1.7,1.3,2014-06-28,0410,Aqua,MODIS,100,6.2,310.2,262.1,D,0
-15.9532,144.421,311.2,1,1,2014-06-28,0410,Aqua,MODIS,22,6.2,298.5,5.1,D,0
-15.4558,145.168,311.3,1.1,1,2014-06-28,0410,Aqua,MODIS,46,6.2,296.1,5.9,D,0
-15.4543,145.1779,309.9,1.1,1,2014-06-28,0410,Aqua,MODIS,29,6.2,296.1,5.1,D,0
-16.2013,144.4893,318.4,1,1,2014-06-28,0410,Aqua,MODIS,72,6.2,297.9,11.7,D,0
-16.1999,144.4987,318.2,1,1,2014-06-28,0410,Aqua,MODIS,58,6.2,299.7,11.5,D,0
-15.4636,145.1794,309.8,1.1,1,2014-06-28,0410,Aqua,MODIS,19,6.2,296.8,4.5,D,0
-15.4651,145.1694,312.1,1.1,1,2014-06-28,0410,Aqua,MODIS,50,6.2,296.7,6.3,D,0
-13.0836,134.8821,312.4,2.9,1.6,2014-06-28,0411,Aqua,MODIS,46,6.2,295.1,29.3,D,0
-14.7119,144.1642,314,1,1,2014-06-28,0411,Aqua,MODIS,45,6.2,296.6,6,D,0
-15.9426,136.0253,331.7,2.6,1.5,2014-06-28,0411,Aqua,MODIS,83,6.2,303.6,88.1,D,0
-14.7284,142.7706,314.8,1,1,2014-06-28,0411,Aqua,MODIS,47,6.2,295.6,7.7,D,0
-14.7132,144.1548,314.8,1,1,2014-06-28,0411,Aqua,MODIS,39,6.2,297.5,6.8,D,0
-15.9341,136.0317,333.6,2.6,1.5,2014-06-28,0411,Aqua,MODIS,85,6.2,302.5,98,D,0
-14.6753,134.5379,326.2,3.2,1.7,2014-06-28,0411,Aqua,MODIS,78,6.2,299.5,89.9,D,0
-13.3427,133.7899,314.3,3.6,1.8,2014-06-28,0411,Aqua,MODIS,65,6.2,298.1,42.5,D,0
-15.9367,136.0073,322.8,2.6,1.6,2014-06-28,0411,Aqua,MODIS,53,6.2,301.8,44.4,D,0
-14.6785,134.5077,317.5,3.3,1.7,2014-06-28,0411,Aqua,MODIS,66,6.2,300.1,41.6,D,0
-15.9287,136.0235,329.7,2.6,1.5,2014-06-28,0411,Aqua,MODIS,82,6.2,301,80.5,D,0
-14.7038,144.1563,313,1,1,2014-06-28,0411,Aqua,MODIS,44,6.2,296.9,6.4,D,0
-13.0831,134.8771,312.9,2.9,1.6,2014-06-28,0411,Aqua,MODIS,62,6.2,294.7,29.6,D,0
-14.5952,134.5814,315.7,3.2,1.7,2014-06-28,0411,Aqua,MODIS,63,6.2,299.2,33.6,D,0
-14.6785,134.5305,328.2,3.2,1.7,2014-06-28,0411,Aqua,MODIS,81,6.2,299.7,100.8,D,0
-13.4528,133.2465,331.2,3.9,1.8,2014-06-28,0411,Aqua,MODIS,84,6.2,298.3,161.5,D,0
-13.594,133.6664,320.5,3.7,1.8,2014-06-28,0411,Aqua,MODIS,35,6.2,296.7,73.7,D,0
-13.4412,133.2495,315.8,3.9,1.8,2014-06-28,0411,Aqua,MODIS,53,6.2,297.5,47.9,D,0
-13.4578,133.2514,332.1,3.9,1.8,2014-06-28,0411,Aqua,MODIS,85,6.2,298.8,171.4,D,0
-13.8313,133.0873,314,4.1,1.9,2014-06-28,0411,Aqua,MODIS,63,6.2,299.4,46.4,D,0
-13.8347,133.0926,313.6,4.1,1.9,2014-06-28,0411,Aqua,MODIS,60,6.2,299.4,44.2,D,0
-14.3103,133.018,314.8,4.2,1.9,2014-06-28,0411,Aqua,MODIS,60,6.2,298.8,43.3,D,0
-13.6934,134.1725,318,3.4,1.7,2014-06-28,0411,Aqua,MODIS,67,6.2,294.8,57.5,D,0
-13.9477,133.5143,316.6,3.8,1.8,2014-06-28,0411,Aqua,MODIS,67,6.2,298.8,53.7,D,0
-13.9439,133.5492,320.6,3.8,1.8,2014-06-28,0411,Aqua,MODIS,73,6.2,299.4,78.2,D,0
-13.9373,133.5178,318.6,3.8,1.8,2014-06-28,0411,Aqua,MODIS,70,6.2,298,65,D,0
-13.7279,133.7212,315.3,3.6,1.8,2014-06-28,0411,Aqua,MODIS,40,6.2,298.6,39.5,D,0
-13.7228,133.6184,321.9,3.7,1.8,2014-06-28,0411,Aqua,MODIS,72,6.2,299.2,80.3,D,0
-13.4321,133.2813,319,3.9,1.8,2014-06-28,0411,Aqua,MODIS,61,6.2,299.2,65.8,D,0
-13.0931,142.7625,323,1,1,2014-06-28,0411,Aqua,MODIS,49,6.2,298.4,11.4,D,0
-13.0637,142.7702,316.7,1,1,2014-06-28,0411,Aqua,MODIS,43,6.2,298.7,7.7,D,0
-13.5989,133.6959,318.2,3.6,1.8,2014-06-28,0411,Aqua,MODIS,19,6.2,296.2,58.4,D,0
-13.6065,133.7016,333.6,3.6,1.8,2014-06-28,0411,Aqua,MODIS,69,6.2,297.6,162.3,D,0
-13.9337,133.5528,316.5,3.8,1.8,2014-06-28,0411,Aqua,MODIS,66,6.2,299.1,51.8,D,0
-13.6438,133.7458,323.2,3.6,1.8,2014-06-28,0411,Aqua,MODIS,36,6.2,297.9,80.1,D,0
-13.6351,133.738,320.6,3.6,1.8,2014-06-28,0411,Aqua,MODIS,33,6.2,297.1,65.4,D,0
-13.619,133.7364,344,3.6,1.8,2014-06-28,0411,Aqua,MODIS,92,6.2,297.4,265.3,D,0
-13.8093,133.4937,321.2,3.8,1.8,2014-06-28,0411,Aqua,MODIS,54,6.2,297.7,76.1,D,0
-13.397,133.0852,311.2,4,1.9,2014-06-28,0411,Aqua,MODIS,42,6.2,297.1,32.4,D,0
-13.0219,142.4826,320.4,1,1,2014-06-28,0411,Aqua,MODIS,68,6.2,297.8,11.9,D,0
-13.0309,142.4839,316.6,1,1,2014-06-28,0411,Aqua,MODIS,18,6.2,298.1,8.2,D,0
-13.5976,133.6323,314.4,3.7,1.8,2014-06-28,0411,Aqua,MODIS,34,6.2,297.7,45.2,D,0
-13.4628,133.3617,316.4,3.8,1.8,2014-06-28,0411,Aqua,MODIS,40,6.2,297.9,49.8,D,0
-14.4912,133.0081,318.9,4.2,1.9,2014-06-28,0411,Aqua,MODIS,71,6.2,299.3,70.8,D,0
-14.4872,133.0468,319.5,4.2,1.9,2014-06-28,0411,Aqua,MODIS,72,6.2,300.6,75.3,D,0
-14.4839,133.039,321.2,4.2,1.9,2014-06-28,0411,Aqua,MODIS,71,6.2,299.8,83.8,D,0
-13.7632,142.8309,313.9,1,1,2014-06-28,0411,Aqua,MODIS,64,6.2,299.7,5.5,D,0
-13.4373,133.2861,320.7,3.9,1.8,2014-06-28,0411,Aqua,MODIS,59,6.2,299.9,76.6,D,0
-12.8553,133.9599,312.7,3.4,1.7,2014-06-28,0412,Aqua,MODIS,62,6.2,297.8,30.5,D,0
-30.8686,121.494,310.5,1,1,2014-06-28,0545,Aqua,MODIS,70,6.2,293.4,8.9,D,2
-30.87,121.4833,304.4,1,1,2014-06-28,0545,Aqua,MODIS,59,6.2,292.9,4.8,D,0
-31.4514,115.7295,303.5,2,1.4,2014-06-28,0545,Aqua,MODIS,56,6.2,287.9,17.2,D,0
-22.7851,123.229,316,1.2,1.1,2014-06-28,0547,Aqua,MODIS,62,6.2,300.8,10,D,0
-22.7833,123.2405,321.2,1.2,1.1,2014-06-28,0547,Aqua,MODIS,75,6.2,302.1,16.2,D,0
-25.9041,120.8762,310.7,1,1,2014-06-28,0547,Aqua,MODIS,61,6.2,298.7,5.7,D,0
-22.8133,122.6007,310.9,1.1,1.1,2014-06-28,0547,Aqua,MODIS,53,6.2,299.9,5.8,D,0
-22.8012,121.957,310.6,1.1,1,2014-06-28,0547,Aqua,MODIS,51,6.2,298.8,5.6,D,0
-22.815,122.59,311.1,1.1,1,2014-06-28,0547,Aqua,MODIS,54,6.2,299.9,5.9,D,0
-22.8273,122.4495,311.4,1.1,1,2014-06-28,0547,Aqua,MODIS,56,6.2,301.3,5.7,D,0
-25.9055,120.8662,319,1,1,2014-06-28,0547,Aqua,MODIS,75,6.2,298.2,12.8,D,0
-21.0328,120.5493,340.4,1,1,2014-06-28,0548,Aqua,MODIS,90,6.2,304.2,38.2,D,0
-21.0342,120.5396,356.2,1,1,2014-06-28,0548,Aqua,MODIS,98,6.2,305.4,71,D,0
-21.0049,118.6634,318.4,1,1,2014-06-28,0548,Aqua,MODIS,65,6.2,305.6,8.1,D,0
-21.7967,118.8419,319.3,1,1,2014-06-28,0548,Aqua,MODIS,71,6.2,302.2,11.3,D,0
-21.798,118.8318,323,1,1,2014-06-28,0548,Aqua,MODIS,76,6.2,302.1,15.2,D,0
-21.7357,118.8266,319.4,1,1,2014-06-28,0548,Aqua,MODIS,71,6.2,301.8,11.1,D,0
-21.7371,118.8165,333.6,1,1,2014-06-28,0548,Aqua,MODIS,86,6.2,303.3,29,D,0
-21.7384,118.8065,313.4,1,1,2014-06-28,0548,Aqua,MODIS,32,6.2,301.4,5.2,D,0
-21.1112,118.9563,316.9,1,1,2014-06-28,0548,Aqua,MODIS,64,6.2,304,7.9,D,0
-20.4061,118.4762,347.3,1,1,2014-06-28,0548,Aqua,MODIS,93,6.2,306.5,50.2,D,0
-20.4075,118.4662,352.3,1,1,2014-06-28,0548,Aqua,MODIS,96,6.2,307.2,61.2,D,0
-20.3982,118.4648,344.7,1,1,2014-06-28,0548,Aqua,MODIS,92,6.2,308,45.3,D,0
-20.8479,118.795,322.4,1,1,2014-06-28,0548,Aqua,MODIS,47,6.2,305.2,10.2,D,0
-20.8892,119.757,335.7,1,1,2014-06-28,0548,Aqua,MODIS,86,6.2,305.7,28.4,D,0
-20.8906,119.7474,328.4,1,1,2014-06-28,0548,Aqua,MODIS,80,6.2,305.3,18.2,D,0
-20.8817,119.7501,315.7,1,1,2014-06-28,0548,Aqua,MODIS,52,6.2,305.7,5.8,D,0
-20.075,125.5885,318.1,1.8,1.3,2014-06-28,0548,Aqua,MODIS,57,6.2,303.1,18.2,D,0
-20.0781,125.5711,325.4,1.8,1.3,2014-06-28,0548,Aqua,MODIS,77,6.2,305.6,35.1,D,0
-20.0486,125.5582,316.1,1.8,1.3,2014-06-28,0548,Aqua,MODIS,43,6.2,304.2,13.2,D,0
-16.0629,127.8267,326.9,3.3,1.7,2014-06-28,0549,Aqua,MODIS,78,6.2,304.1,95.7,D,0
-17.7907,123.4376,320.8,1.4,1.2,2014-06-28,0549,Aqua,MODIS,47,6.2,306.7,14.8,D,0
-17.7504,123.4162,351.7,1.4,1.2,2014-06-28,0549,Aqua,MODIS,96,6.2,308.8,95.5,D,0
-17.7527,123.4028,325.7,1.4,1.2,2014-06-28,0549,Aqua,MODIS,76,6.2,307.6,22,D,0
-17.7398,123.4143,343,1.4,1.2,2014-06-28,0549,Aqua,MODIS,91,6.2,305.4,65.4,D,0
-17.7421,123.4009,332.5,1.4,1.2,2014-06-28,0549,Aqua,MODIS,83,6.2,306,36.7,D,0
-17.7443,123.3875,339.5,1.4,1.2,2014-06-28,0549,Aqua,MODIS,89,6.2,307.1,54.7,D,0
-17.7454,123.4235,339.6,1.4,1.2,2014-06-28,0549,Aqua,MODIS,89,6.2,306,56.2,D,0
-17.7476,123.41,348.6,1.4,1.2,2014-06-28,0549,Aqua,MODIS,94,6.2,308.9,83.8,D,0
-17.7392,123.3946,352.6,1.4,1.2,2014-06-28,0549,Aqua,MODIS,96,6.2,307,98.2,D,0
-17.7413,123.3812,331.4,1.4,1.2,2014-06-28,0549,Aqua,MODIS,82,6.2,305.5,35,D,0
-15.7263,124.898,316.1,2,1.4,2014-06-28,0549,Aqua,MODIS,56,6.2,301.3,14,D,0
-15.8923,128.5924,318.5,3.8,1.8,2014-06-28,0549,Aqua,MODIS,63,6.2,303.2,55.9,D,0
-15.9086,128.5953,319.7,3.8,1.8,2014-06-28,0549,Aqua,MODIS,67,6.2,303.4,63.1,D,0
-15.898,128.5975,323.5,3.8,1.8,2014-06-28,0549,Aqua,MODIS,74,6.2,303.3,91.2,D,0
-15.9143,128.6001,316.9,3.8,1.8,2014-06-28,0549,Aqua,MODIS,40,6.2,303.7,44.8,D,0
-17.7205,123.3088,317.7,1.4,1.2,2014-06-28,0549,Aqua,MODIS,50,6.2,305.5,10.6,D,0
-15.6124,127.7955,315.6,3.3,1.7,2014-06-28,0549,Aqua,MODIS,44,6.2,304.5,26.6,D,0
-16.0572,127.8568,321.7,3.3,1.7,2014-06-28,0549,Aqua,MODIS,72,6.2,303.8,63,D,0
-17.9205,123.7003,324.5,1.5,1.2,2014-06-28,0549,Aqua,MODIS,75,6.2,307.8,24,D,0
-17.9228,123.6863,324.9,1.5,1.2,2014-06-28,0549,Aqua,MODIS,75,6.2,306.6,25.1,D,0
-16.042,127.8534,326.8,3.3,1.7,2014-06-28,0549,Aqua,MODIS,78,6.2,303.7,91.4,D,0
-16.0476,127.8239,333.2,3.3,1.7,2014-06-28,0549,Aqua,MODIS,84,6.2,304.1,138,D,0
-16.0471,127.8496,332.3,3.3,1.7,2014-06-28,0549,Aqua,MODIS,63,6.2,304,124.1,D,0
-16.0525,127.8201,327.8,3.3,1.7,2014-06-28,0549,Aqua,MODIS,35,6.2,303.9,92.3,D,0
-16.0372,127.8172,323,3.3,1.7,2014-06-28,0549,Aqua,MODIS,72,6.2,302.5,71.7,D,0
-16.0324,127.821,318.3,3.3,1.7,2014-06-28,0549,Aqua,MODIS,64,6.2,302.3,48,D,0
-16.0318,127.8466,317.2,3.3,1.7,2014-06-28,0549,Aqua,MODIS,26,6.2,303.3,38.8,D,0
-17.261,123.0317,324.6,1.4,1.2,2014-06-28,0549,Aqua,MODIS,27,6.2,303.9,20,D,0
-17.2693,123.0465,373.3,1.4,1.2,2014-06-28,0549,Aqua,MODIS,100,6.2,310.5,187.3,D,0
-13.8313,126.8904,321.8,3.1,1.7,2014-06-28,0549,Aqua,MODIS,25,6.2,299.8,58.4,D,0
-15.4356,128.8839,320.5,4,1.9,2014-06-28,0549,Aqua,MODIS,68,6.2,305.3,74.6,D,0
-14.139,127.1466,318.5,3.2,1.7,2014-06-28,0549,Aqua,MODIS,70,6.2,302.5,42.2,D,0
-15.0391,126.0561,322.6,2.5,1.5,2014-06-28,0549,Aqua,MODIS,74,6.2,298,53.7,D,0
-14.1339,127.1753,322.8,3.2,1.7,2014-06-28,0549,Aqua,MODIS,76,6.2,303.2,64.6,D,0
-15.2691,127.4862,316.1,3.2,1.7,2014-06-28,0549,Aqua,MODIS,43,6.2,304,28.8,D,0
-15.2712,127.479,316.7,3.2,1.7,2014-06-28,0549,Aqua,MODIS,42,6.2,303.9,30.9,D,0
-13.8261,126.9186,331.1,3.1,1.7,2014-06-28,0549,Aqua,MODIS,76,6.2,301.6,112.5,D,0
-15.4427,128.847,331.2,4,1.9,2014-06-28,0549,Aqua,MODIS,83,6.2,304.5,166.6,D,0
-13.8462,126.8932,329.5,3.1,1.7,2014-06-28,0549,Aqua,MODIS,73,6.2,302.8,99.8,D,0
-15.3572,127.9233,316.6,3.4,1.7,2014-06-28,0549,Aqua,MODIS,52,6.2,304.6,34.7,D,0
-14.1354,127.1503,321.4,3.2,1.7,2014-06-28,0549,Aqua,MODIS,74,6.2,303.1,57.9,D,0
-14.7975,126.015,314.1,2.5,1.5,2014-06-28,0549,Aqua,MODIS,49,6.2,298.7,16.7,D,0
-13.8288,126.9141,335.2,3.1,1.7,2014-06-28,0549,Aqua,MODIS,78,6.2,301.9,137.1,D,0
-13.8487,126.8886,327.6,3.1,1.7,2014-06-28,0549,Aqua,MODIS,36,6.2,303.2,85.3,D,0
-14.1299,127.1793,321.7,3.2,1.7,2014-06-28,0549,Aqua,MODIS,74,6.2,303.3,59,D,0
-15.035,126.0795,324.3,2.5,1.5,2014-06-28,0549,Aqua,MODIS,76,6.2,297.2,61.5,D,0
-15.4459,128.8522,329.9,4,1.9,2014-06-28,0549,Aqua,MODIS,81,6.2,304.6,146.9,D,0
-17.6064,138.7481,301.5,1.2,1.1,2014-06-28,1335,Terra,MODIS,15,6.2,289.5,5.5,N,0
-17.6239,138.7623,310.5,1.2,1.1,2014-06-28,1335,Terra,MODIS,37,6.2,291,11.4,N,0
-17.6109,138.7824,304.6,1.2,1.1,2014-06-28,1335,Terra,MODIS,47,6.2,290.1,7.8,N,0
-17.6143,138.7606,338.3,1.2,1.1,2014-06-28,1335,Terra,MODIS,100,6.2,293.1,49.8,N,0
-17.6047,138.7589,330.5,1.2,1.1,2014-06-28,1335,Terra,MODIS,100,6.2,291.2,36.4,N,0
-17.7953,138.594,304.6,1.1,1.1,2014-06-28,1335,Terra,MODIS,48,6.2,290.5,7.2,N,0
-17.7906,138.5984,310.1,1.1,1.1,2014-06-28,1335,Terra,MODIS,79,6.2,290.9,12.1,N,0
-17.7923,138.5877,301.6,1.1,1.1,2014-06-28,1335,Terra,MODIS,36,6.2,290.2,5.6,N,0
-17.7811,138.5967,313.4,1.1,1.1,2014-06-28,1335,Terra,MODIS,87,6.2,291.2,15.1,N,0
-14.6237,130.0056,302.4,1.8,1.3,2014-06-28,1336,Terra,MODIS,48,6.2,289.6,13.7,N,0
-14.5471,130.1789,300.1,1.8,1.3,2014-06-28,1336,Terra,MODIS,6,6.2,289.4,8.7,N,0
-14.6196,130.0395,300.3,1.8,1.3,2014-06-28,1336,Terra,MODIS,19,6.2,289.5,10.2,N,0
-15.6895,130.4363,305.8,1.8,1.3,2014-06-28,1336,Terra,MODIS,66,6.2,292.9,14.3,N,0
-14.6216,130.0226,305.9,1.8,1.3,2014-06-28,1336,Terra,MODIS,66,6.2,290.7,18.4,N,0
-14.7925,142.8488,322,2.5,1.5,2014-06-28,1336,Terra,MODIS,100,6.2,291.7,72.7,N,0
-15.9243,136.5419,308.4,1,1,2014-06-28,1336,Terra,MODIS,74,6.2,288.6,9.7,N,0
-13.7739,133.3841,309.8,1.1,1,2014-06-28,1336,Terra,MODIS,78,6.2,289.8,11.7,N,0
-14.7855,142.8412,322.2,2.5,1.5,2014-06-28,1336,Terra,MODIS,100,6.2,291.8,73.4,N,0
-14.7816,142.8637,327.4,2.5,1.5,2014-06-28,1336,Terra,MODIS,100,6.2,292.3,95.5,N,0
-15.9153,136.5405,302.2,1,1,2014-06-28,1336,Terra,MODIS,20,6.2,289,5.4,N,0
-14.775,142.8687,318.1,2.5,1.5,2014-06-28,1336,Terra,MODIS,96,6.2,291.5,58.8,N,0
-14.7885,142.8713,305.9,2.5,1.5,2014-06-28,1336,Terra,MODIS,37,6.2,291.4,24.3,N,0
-14.7777,142.8863,311.1,2.5,1.5,2014-06-28,1336,Terra,MODIS,82,6.2,291.4,38.8,N,0
-14.779,142.8463,304.8,2.5,1.5,2014-06-28,1336,Terra,MODIS,36,6.2,291.1,20.9,N,0
-14.7709,142.8912,302.7,2.5,1.5,2014-06-28,1336,Terra,MODIS,22,6.2,291,17.1,N,0
-13.8443,133.4727,314.8,1.1,1,2014-06-28,1336,Terra,MODIS,67,6.2,291.7,13.7,N,0
-13.8395,133.4657,312.9,1.1,1,2014-06-28,1336,Terra,MODIS,86,6.2,291.8,14.1,N,0
-13.8524,133.4841,333.9,1.1,1,2014-06-28,1336,Terra,MODIS,100,6.2,293.1,38.4,N,0
-13.8457,133.4626,326.3,1.1,1,2014-06-28,1336,Terra,MODIS,100,6.2,293,27.5,N,0
-13.851,133.4942,309.7,1.1,1,2014-06-28,1336,Terra,MODIS,78,6.2,291.1,10.2,N,0
-14.173,133.288,301.9,1.1,1.1,2014-06-28,1336,Terra,MODIS,23,6.2,290.4,5.4,N,0
-13.8409,133.4556,306.5,1.1,1,2014-06-28,1336,Terra,MODIS,68,6.2,290.8,9.1,N,0
-16.0252,127.8582,302.1,2.8,1.6,2014-06-28,1336,Terra,MODIS,47,6.2,290.8,20.9,N,0
-14.1387,130.6029,312.5,1.6,1.3,2014-06-28,1336,Terra,MODIS,85,6.2,293.4,21.6,N,0
-14.1289,130.5956,310.6,1.6,1.3,2014-06-28,1336,Terra,MODIS,80,6.2,293.8,19,N,0
-14.1274,130.6013,310.5,1.6,1.3,2014-06-28,1336,Terra,MODIS,80,6.2,293.8,18.8,N,0
-14.165,130.5758,305,1.6,1.3,2014-06-28,1336,Terra,MODIS,57,6.2,292.1,12.3,N,0
-12.7046,133.2186,303.3,1.1,1,2014-06-28,1337,Terra,MODIS,54,6.2,290.3,5.1,N,0
-13.7309,130.3001,307.2,1.7,1.3,2014-06-28,1337,Terra,MODIS,71,6.2,289.8,18.3,N,0
-13.4333,133.2592,324.6,1.1,1.1,2014-06-28,1337,Terra,MODIS,97,6.2,293.3,23.1,N,0
-13.5616,133.2734,302.7,1.1,1.1,2014-06-28,1337,Terra,MODIS,51,6.2,291.1,6.4,N,0
-13.5609,133.0631,303.2,1.1,1.1,2014-06-28,1337,Terra,MODIS,54,6.2,291.7,5.8,N,0
-13.4346,133.2489,329.9,1.1,1.1,2014-06-28,1337,Terra,MODIS,100,6.2,294,31.4,N,0
-13.6325,133.6838,300.4,1.1,1,2014-06-28,1337,Terra,MODIS,24,6.2,290,4.4,N,0
-13.6827,130.7821,305.2,1.6,1.2,2014-06-28,1337,Terra,MODIS,63,6.2,290.4,12.9,N,0
-13.4427,133.2605,316.6,1.1,1.1,2014-06-28,1337,Terra,MODIS,50,6.2,293.1,13.9,N,0
-13.4441,133.2503,313.5,1.1,1.1,2014-06-28,1337,Terra,MODIS,35,6.2,293.1,11.5,N,0
-13.4413,133.2708,311.7,1.1,1,2014-06-28,1337,Terra,MODIS,30,6.2,291.8,10.3,N,0
-12.7062,133.0637,305.4,1.1,1.1,2014-06-28,1337,Terra,MODIS,64,6.2,290.5,6.1,N,0
-13.6268,133.6767,312,1.1,1,2014-06-28,1337,Terra,MODIS,84,6.2,291.8,11.9,N,0
-13.4507,133.2721,311.9,1.1,1,2014-06-28,1337,Terra,MODIS,83,6.2,291.4,11.8,N,0
-13.6282,133.6669,322.6,1.1,1,2014-06-28,1337,Terra,MODIS,100,6.2,292.1,22.3,N,0
-13.6189,133.6655,312.3,1.1,1,2014-06-28,1337,Terra,MODIS,84,6.2,290.5,12.2,N,0
-13.4494,133.2823,304.7,1.1,1,2014-06-28,1337,Terra,MODIS,31,6.2,291.7,6.9,N,0
-26.7973,150.2102,300.3,1.2,1.1,2014-06-28,1505,Aqua,MODIS,23,6.2,279.8,10.4,N,2
-30.8622,121.4949,304.9,1.9,1.4,2014-06-28,1510,Terra,MODIS,62,6.2,274.5,30.5,N,2
-13.8264,133.0803,312.1,1,1,2014-06-28,1640,Aqua,MODIS,84,6.2,288.9,13.1,N,0
-14.0767,130.7746,305.2,1,1,2014-06-28,1640,Aqua,MODIS,63,6.2,292.4,6.7,N,0
-13.6752,130.7915,300.5,1,1,2014-06-28,1640,Aqua,MODIS,25,6.2,290.1,4.5,N,0
-13.4359,133.2502,303.5,1.1,1,2014-06-28,1640,Aqua,MODIS,55,6.2,290.1,6.3,N,0
-12.7022,133.0664,304.5,1,1,2014-06-28,1640,Aqua,MODIS,60,6.2,292.9,5.5,N,0
-14.1359,130.6146,306.6,1,1,2014-06-28,1640,Aqua,MODIS,32,6.2,292.6,6.6,N,0
-11.6612,130.4577,301.1,1.1,1,2014-06-28,1640,Aqua,MODIS,38,6.2,286,5.4,N,0
-11.5825,130.416,316.2,1.1,1,2014-06-28,1640,Aqua,MODIS,93,6.2,290.3,15.9,N,0
-11.581,130.406,321.7,1.1,1,2014-06-28,1640,Aqua,MODIS,100,6.2,290.4,21.7,N,0
-14.5697,130.0111,302.5,1.1,1,2014-06-28,1640,Aqua,MODIS,30,6.2,291.6,5.1,N,0
-11.5976,130.417,305.4,1.1,1,2014-06-28,1640,Aqua,MODIS,64,6.2,289.3,8.3,N,0
-14.5397,130.1859,304.9,1.1,1,2014-06-28,1640,Aqua,MODIS,35,6.2,290,7,N,0
-14.5489,130.1844,302.2,1.1,1,2014-06-28,1640,Aqua,MODIS,11,6.2,289.7,5.3,N,0
-11.5919,130.4145,339.1,1.1,1,2014-06-28,1640,Aqua,MODIS,100,6.2,291.2,48.2,N,0
-11.5934,130.4244,306.1,1.1,1,2014-06-28,1640,Aqua,MODIS,67,6.2,289,7.8,N,0
-15.6839,130.4385,315.6,1,1,2014-06-28,1641,Aqua,MODIS,92,6.2,293.3,14.2,N,0
-15.5758,129.3253,303.2,1.1,1,2014-06-28,1641,Aqua,MODIS,54,6.2,292.3,5.9,N,0
-15.2595,127.4955,302.7,1.4,1.2,2014-06-28,1641,Aqua,MODIS,51,6.2,291.2,8.2,N,0
-15.5694,129.3216,312,1.1,1.1,2014-06-28,1641,Aqua,MODIS,84,6.2,293.2,12,N,0
-15.6245,129.328,302.7,1.1,1,2014-06-28,1641,Aqua,MODIS,51,6.2,291.5,6.1,N,0
-15.8928,128.6277,304.1,1.2,1.1,2014-06-28,1641,Aqua,MODIS,30,6.2,292.1,6.2,N,0
-16.0014,127.8454,308.2,1.3,1.1,2014-06-28,1641,Aqua,MODIS,34,6.2,291.2,11.9,N,0
-16.0782,127.8686,309.2,1.3,1.1,2014-06-28,1641,Aqua,MODIS,77,6.2,291.9,13,N,0
-16.0766,127.8637,305.4,1.3,1.1,2014-06-28,1641,Aqua,MODIS,64,6.2,291.5,9.3,N,0
-13.0897,142.776,312.1,2,1.4,2014-06-29,0027,Terra,MODIS,35,6.2,296.3,13.2,D,0
-18.368,144.5337,310,1.3,1.1,2014-06-29,0028,Terra,MODIS,65,6.2,297.1,7.6,D,0
-17.7861,138.5754,311.5,3.4,1.7,2014-06-29,0028,Terra,MODIS,43,6.2,294.9,44.4,D,0
-17.8676,138.6823,306.3,3.3,1.7,2014-06-29,0028,Terra,MODIS,57,6.2,294.7,28,D,0
-17.5955,138.7661,321,3.3,1.7,2014-06-29,0028,Terra,MODIS,68,6.2,294.5,87.3,D,0
-17.7766,138.5847,317.7,3.4,1.7,2014-06-29,0028,Terra,MODIS,76,6.2,295,75.5,D,0
-24.7847,147.8225,308.8,1.1,1,2014-06-29,0030,Terra,MODIS,68,6.2,286.6,10.7,D,0
-26.7913,150.1978,306.5,1.5,1.2,2014-06-29,0030,Terra,MODIS,64,6.2,287.9,12.9,D,0
-26.793,150.2125,306.7,1.5,1.2,2014-06-29,0030,Terra,MODIS,64,6.2,288.3,13.3,D,2
-26.4664,149.8575,303.4,1.4,1.2,2014-06-29,0030,Terra,MODIS,56,6.2,290,9.3,D,0
-24.7833,147.8122,312.2,1.1,1,2014-06-29,0030,Terra,MODIS,72,6.2,287.5,13.3,D,0
-12.7029,131.2099,319.4,2.4,1.5,2014-06-29,0205,Terra,MODIS,74,6.2,298.5,39.4,D,0
-12.6944,131.2178,319,2.4,1.5,2014-06-29,0205,Terra,MODIS,74,6.2,298.1,38.6,D,0
-11.1077,132.5571,315.3,2.9,1.6,2014-06-29,0205,Terra,MODIS,60,6.2,295.9,38.3,D,0
-11.1062,132.5627,312.3,2.9,1.6,2014-06-29,0205,Terra,MODIS,39,6.2,295.4,26.8,D,0
-11.103,132.5368,313.6,2.9,1.6,2014-06-29,0205,Terra,MODIS,40,6.2,295.9,31.2,D,0
-12.8328,131.1152,312.8,2.3,1.5,2014-06-29,0205,Terra,MODIS,34,6.2,298.8,17.1,D,0
-11.1047,132.5312,312.1,2.9,1.6,2014-06-29,0205,Terra,MODIS,38,6.2,296,26.3,D,0
-13.791,134.1552,312.8,4.2,1.9,2014-06-29,0205,Terra,MODIS,58,6.2,296.8,61.1,D,0
-13.7944,134.1492,313.7,4.2,1.9,2014-06-29,0205,Terra,MODIS,60,6.2,296.7,64,D,0
-13.2576,131.1723,319.3,2.4,1.5,2014-06-29,0205,Terra,MODIS,72,6.2,304.2,28.4,D,0
-13.7065,133.6802,326.5,3.8,1.8,2014-06-29,0205,Terra,MODIS,80,6.2,297.6,131.1,D,0
-13.6142,133.6606,320.6,3.8,1.8,2014-06-29,0205,Terra,MODIS,73,6.2,296.9,88.6,D,0
-13.624,133.6651,321.2,3.8,1.8,2014-06-29,0205,Terra,MODIS,66,6.2,296.8,88.5,D,0
-14.2745,132.9368,317.7,3.4,1.7,2014-06-29,0205,Terra,MODIS,69,6.2,297.9,63.9,D,0
-14.2711,132.9057,323.1,3.4,1.7,2014-06-29,0205,Terra,MODIS,76,6.2,297.8,96.5,D,0
-14.2606,132.9121,314.9,3.4,1.7,2014-06-29,0205,Terra,MODIS,30,6.2,297.4,46,D,0
-13.7167,133.6856,320.2,3.8,1.8,2014-06-29,0205,Terra,MODIS,37,6.2,297.6,78.3,D,0
-13.9799,133.2535,314.9,3.6,1.8,2014-06-29,0205,Terra,MODIS,64,6.2,298.4,51.3,D,0
-12.8354,131.1373,316,2.4,1.5,2014-06-29,0205,Terra,MODIS,47,6.2,298.6,26.8,D,0
-13.5758,133.1571,316.6,3.5,1.8,2014-06-29,0205,Terra,MODIS,67,6.2,297.5,61,D,0
-13.8127,133.5217,315,3.7,1.8,2014-06-29,0205,Terra,MODIS,64,6.2,298.1,56.2,D,0
-13.6245,130.7708,313.8,2.3,1.5,2014-06-29,0205,Terra,MODIS,28,6.2,301.2,15.6,D,0
-13.6273,130.7758,315.8,2.3,1.5,2014-06-29,0205,Terra,MODIS,57,6.2,301.2,21.1,D,0
-13.9885,133.2456,313.5,3.6,1.8,2014-06-29,0205,Terra,MODIS,54,6.2,298.2,42,D,0
-13.6686,134.1747,313.3,4.2,1.9,2014-06-29,0205,Terra,MODIS,60,6.2,295.4,61.4,D,0
-13.4232,133.1224,319,3.4,1.7,2014-06-29,0205,Terra,MODIS,70,6.2,298.6,65,D,0
-13.3848,133.0632,312.5,3.4,1.7,2014-06-29,0205,Terra,MODIS,45,6.2,296.6,34.8,D,0
-13.3883,133.0947,316.6,3.4,1.7,2014-06-29,0205,Terra,MODIS,62,6.2,298,54.9,D,0
-13.6938,133.7175,314.1,3.8,1.8,2014-06-29,0205,Terra,MODIS,37,6.2,296.8,50.1,D,0
-13.7002,133.6873,323.6,3.8,1.8,2014-06-29,0205,Terra,MODIS,68,6.2,297.4,104.4,D,0
-13.6344,133.6943,315.9,3.8,1.8,2014-06-29,0205,Terra,MODIS,45,6.2,297.3,57.5,D,0
-13.0164,132.4749,313.8,3,1.7,2014-06-29,0205,Terra,MODIS,62,6.2,298.4,37.3,D,0
-14.1739,133.4518,312.1,3.7,1.8,2014-06-29,0205,Terra,MODIS,53,6.2,298,40.5,D,0
-13.8699,129.7646,313.1,1.9,1.4,2014-06-29,0205,Terra,MODIS,52,6.2,299.8,16.8,D,0
-14.0801,129.6901,320.6,1.9,1.3,2014-06-29,0205,Terra,MODIS,73,6.2,299.9,33.7,D,0
-14.0823,129.7077,322.3,1.9,1.3,2014-06-29,0205,Terra,MODIS,75,6.2,300.8,38.1,D,0
-14.1273,130.6146,320.3,2.2,1.5,2014-06-29,0205,Terra,MODIS,69,6.2,302.2,35.4,D,0
-14.1403,130.6125,316.6,2.2,1.5,2014-06-29,0205,Terra,MODIS,36,6.2,301.4,24.8,D,0
-13.8821,129.7632,317.6,1.9,1.4,2014-06-29,0205,Terra,MODIS,64,6.2,298.7,26.8,D,0
-13.8781,129.7692,321,1.9,1.4,2014-06-29,0205,Terra,MODIS,73,6.2,299.3,34.6,D,0
-13.7971,126.943,368,1.2,1.1,2014-06-29,0205,Terra,MODIS,100,6.2,308.1,134.5,D,0
-13.7763,130.2933,320.3,2.1,1.4,2014-06-29,0205,Terra,MODIS,71,6.2,305.2,25.3,D,0
-13.7252,130.3055,318.2,2.1,1.4,2014-06-29,0205,Terra,MODIS,56,6.2,303.8,21.9,D,0
-13.7378,130.3039,332.8,2.1,1.4,2014-06-29,0205,Terra,MODIS,85,6.2,304.3,67.5,D,0
-13.8131,126.9869,343.7,1.2,1.1,2014-06-29,0205,Terra,MODIS,92,6.2,304.1,55.6,D,0
-13.823,126.9855,346.1,1.2,1.1,2014-06-29,0205,Terra,MODIS,93,6.2,304.1,61.5,D,0
-13.8245,126.9969,319.6,1.2,1.1,2014-06-29,0205,Terra,MODIS,45,6.2,303.4,10.8,D,0
-13.8391,127.0297,333,1.2,1.1,2014-06-29,0205,Terra,MODIS,64,6.2,304.1,32.1,D,0
-13.8123,126.9065,331.9,1.2,1.1,2014-06-29,0205,Terra,MODIS,78,6.2,303,27.3,D,0
-13.8093,126.8842,337.1,1.2,1.1,2014-06-29,0205,Terra,MODIS,83,6.2,301.7,39.2,D,0
-13.8108,126.8954,351.2,1.2,1.1,2014-06-29,0205,Terra,MODIS,96,6.2,302.2,72.7,D,0
-13.7429,130.3369,322.4,2.1,1.4,2014-06-29,0205,Terra,MODIS,49,6.2,303.3,29.4,D,0
-13.8537,127.0624,333.3,1.2,1.1,2014-06-29,0205,Terra,MODIS,0,6.2,302.9,33.1,D,0
-13.7406,130.3175,346.6,2.1,1.4,2014-06-29,0205,Terra,MODIS,93,6.2,305.4,133.9,D,0
-11.5909,130.4114,322.9,2,1.4,2014-06-29,0205,Terra,MODIS,79,6.2,290.8,48.2,D,0
-13.7403,130.3233,348.4,2.1,1.4,2014-06-29,0205,Terra,MODIS,94,6.2,304.9,146.8,D,0
-13.7956,126.9318,406.6,1.2,1.1,2014-06-29,0205,Terra,MODIS,100,6.2,312.2,383.2,D,0
-13.7427,130.3427,318.1,2.1,1.4,2014-06-29,0205,Terra,MODIS,37,6.2,303.2,21.4,D,0
-13.7994,126.8856,357.7,1.2,1.1,2014-06-29,0205,Terra,MODIS,86,6.2,303.1,96.9,D,0
-13.8009,126.8967,360.4,1.2,1.1,2014-06-29,0205,Terra,MODIS,100,6.2,305.3,105.1,D,0
-13.8024,126.9079,331.9,1.2,1.1,2014-06-29,0205,Terra,MODIS,84,6.2,303.9,29.3,D,0
-13.807,126.9417,323.1,1.2,1.1,2014-06-29,0205,Terra,MODIS,31,6.2,302.6,14,D,0
-13.8085,126.9529,329.8,1.2,1.1,2014-06-29,0205,Terra,MODIS,83,6.2,302.8,25.2,D,0
-12.4824,133.9459,331.1,3.8,1.8,2014-06-29,0205,Terra,MODIS,84,6.2,291,193.8,D,0
-13.661,134.1425,317.3,4.1,1.9,2014-06-29,0205,Terra,MODIS,69,6.2,295,84.4,D,0
-14.6153,134.8141,309.6,4.8,2,2014-06-29,0205,Terra,MODIS,33,6.2,297.9,53.2,D,0
-12.4758,133.9756,323.7,3.9,1.8,2014-06-29,0205,Terra,MODIS,81,6.2,290.7,138.3,D,0
-12.4659,133.9473,314.2,3.8,1.8,2014-06-29,0205,Terra,MODIS,49,6.2,290,71.6,D,0
-12.4719,133.9394,331.7,3.8,1.8,2014-06-29,0205,Terra,MODIS,86,6.2,290.7,204.4,D,0
-13.6646,134.1367,316,4.1,1.9,2014-06-29,0205,Terra,MODIS,66,6.2,295.7,76.9,D,0
-14.6134,134.8089,310.5,4.8,2,2014-06-29,0205,Terra,MODIS,48,6.2,298,59.8,D,0
-16.0879,127.8598,327.7,1.5,1.2,2014-06-29,0206,Terra,MODIS,81,6.2,300.9,34.9,D,0
-15.7036,124.9178,318.5,1,1,2014-06-29,0206,Terra,MODIS,57,6.2,303.7,8.9,D,0
-15.705,124.9275,337,1,1,2014-06-29,0206,Terra,MODIS,88,6.2,304.7,33.1,D,0
-15.7064,124.9372,320,1,1,2014-06-29,0206,Terra,MODIS,68,6.2,304.7,10.4,D,0
-16.0734,127.8333,319.6,1.5,1.2,2014-06-29,0206,Terra,MODIS,71,6.2,302.5,18.4,D,0
-14.362,129.4607,328.2,1.8,1.3,2014-06-29,0206,Terra,MODIS,82,6.2,300.9,51.2,D,0
-15.9958,127.8297,327.5,1.5,1.2,2014-06-29,0206,Terra,MODIS,46,6.2,303.8,27.4,D,0
-15.9915,127.8224,335.1,1.5,1.2,2014-06-29,0206,Terra,MODIS,74,6.2,303.5,45.7,D,0
-14.3501,129.4624,315.6,1.8,1.3,2014-06-29,0206,Terra,MODIS,61,6.2,299.4,19.2,D,0
-14.3241,129.8591,316.8,2,1.4,2014-06-29,0206,Terra,MODIS,54,6.2,302.1,22.1,D,0
-15.8958,128.5912,314.6,1.7,1.3,2014-06-29,0206,Terra,MODIS,38,6.2,300.2,12.4,D,0
-14.3339,129.8642,315,2,1.4,2014-06-29,0206,Terra,MODIS,35,6.2,304,16.9,D,0
-14.3599,129.4437,319.9,1.8,1.3,2014-06-29,0206,Terra,MODIS,73,6.2,300.3,29,D,0
-14.4073,129.9232,316.5,2,1.4,2014-06-29,0206,Terra,MODIS,66,6.2,304.2,16.2,D,0
-15.9771,127.7965,328.8,1.5,1.2,2014-06-29,0206,Terra,MODIS,31,6.2,302.7,32.9,D,0
-15.9878,127.7946,323.9,1.5,1.2,2014-06-29,0206,Terra,MODIS,38,6.2,301.6,24.1,D,0
-14.9356,126.0387,320.8,1.1,1.1,2014-06-29,0206,Terra,MODIS,67,6.2,302.3,13,D,0
-14.4696,130.2156,314.9,2.1,1.4,2014-06-29,0206,Terra,MODIS,26,6.2,302.1,16.8,D,0
-16.0752,127.8469,340.5,1.5,1.2,2014-06-29,0206,Terra,MODIS,90,6.2,303.1,66.6,D,0
-16.077,127.861,345.3,1.5,1.2,2014-06-29,0206,Terra,MODIS,93,6.2,304.6,83.1,D,0
-14.4466,129.9124,317.7,2,1.4,2014-06-29,0206,Terra,MODIS,68,6.2,303,21.3,D,0
-15.0966,125.8764,319,1.1,1.1,2014-06-29,0206,Terra,MODIS,70,6.2,302.8,11.7,D,0
-14.0097,126.7872,316.8,1.2,1.1,2014-06-29,0206,Terra,MODIS,34,6.2,304.1,9,D,0
-15.1018,125.8797,313.4,1.1,1.1,2014-06-29,0206,Terra,MODIS,56,6.2,301.7,6.7,D,0
-15.2019,134.4009,309.7,4.5,2,2014-06-29,0206,Terra,MODIS,48,6.2,298.5,41.3,D,0
-15.7328,129.2825,327.8,1.9,1.3,2014-06-29,0206,Terra,MODIS,81,6.2,302,48.3,D,0
-15.735,129.3,320,1.9,1.3,2014-06-29,0206,Terra,MODIS,73,6.2,301.5,29.1,D,0
-15.7374,129.2754,316.8,1.9,1.3,2014-06-29,0206,Terra,MODIS,68,6.2,301.8,21.2,D,0
-15.7395,129.2929,330.3,1.9,1.3,2014-06-29,0206,Terra,MODIS,83,6.2,302.4,59.1,D,0
-15.202,134.4079,311.4,4.5,2,2014-06-29,0206,Terra,MODIS,57,6.2,298.8,51.5,D,0
-15.6479,129.333,317.8,1.9,1.3,2014-06-29,0206,Terra,MODIS,54,6.2,300.8,22.7,D,0
-15.6525,129.3269,315.7,1.9,1.3,2014-06-29,0206,Terra,MODIS,41,6.2,301.1,18.6,D,0
-14.6311,130.0546,332.3,2.1,1.4,2014-06-29,0206,Terra,MODIS,85,6.2,304.7,65.5,D,0
-14.1417,127.1576,331.6,1.3,1.1,2014-06-29,0206,Terra,MODIS,84,6.2,303,31.2,D,0
-17.1263,127.7474,321.3,1.5,1.2,2014-06-29,0206,Terra,MODIS,75,6.2,300.7,24.8,D,0
-14.3646,126.1048,316.8,1.1,1.1,2014-06-29,0206,Terra,MODIS,65,6.2,295.5,11.2,D,0
-14.6288,130.0354,324.4,2.1,1.4,2014-06-29,0206,Terra,MODIS,78,6.2,303.9,37.5,D,0
-14.6264,130.0164,316.6,2.1,1.4,2014-06-29,0206,Terra,MODIS,25,6.2,303.5,16,D,0
-15.2644,127.49,323.7,1.4,1.2,2014-06-29,0206,Terra,MODIS,74,6.2,303.3,20.6,D,0
-14.9527,126.0619,319.6,1.1,1.1,2014-06-29,0206,Terra,MODIS,48,6.2,302.3,11.6,D,0
-14.1402,127.146,324.4,1.3,1.1,2014-06-29,0206,Terra,MODIS,73,6.2,303.4,19,D,0
-14.8908,126.0663,325,1.1,1.1,2014-06-29,0206,Terra,MODIS,77,6.2,300.9,20.3,D,0
-14.6129,130.115,322.9,2.1,1.4,2014-06-29,0206,Terra,MODIS,60,6.2,303.4,34.2,D,0
-15.1208,130.5542,315.9,2.3,1.5,2014-06-29,0206,Terra,MODIS,67,6.2,301.8,22.5,D,0
-15.9774,128.6056,311.3,1.7,1.3,2014-06-29,0206,Terra,MODIS,51,6.2,298.6,11.5,D,0
-14.8893,126.0559,334.7,1.1,1.1,2014-06-29,0206,Terra,MODIS,86,6.2,301.6,35.4,D,0
-14.576,130.0214,317.2,2.1,1.4,2014-06-29,0206,Terra,MODIS,51,6.2,301.2,21.2,D,0
-15.5713,129.3082,315.7,1.9,1.3,2014-06-29,0206,Terra,MODIS,65,6.2,301,19.2,D,0
-14.1007,127.235,316.9,1.3,1.1,2014-06-29,0206,Terra,MODIS,58,6.2,302.5,10.9,D,0
-17.2052,127.9281,312.5,1.6,1.2,2014-06-29,0206,Terra,MODIS,61,6.2,299.3,12.6,D,0
-14.5886,130.0202,318.6,2.1,1.4,2014-06-29,0206,Terra,MODIS,54,6.2,300.9,23.6,D,0
-14.6151,130.1329,320.7,2.1,1.4,2014-06-29,0206,Terra,MODIS,44,6.2,300.5,31.1,D,0
-15.6918,130.4289,327.3,2.3,1.5,2014-06-29,0206,Terra,MODIS,62,6.2,300.3,58.8,D,0
-15.6943,130.4497,333.8,2.3,1.5,2014-06-29,0206,Terra,MODIS,85,6.2,303.4,87.6,D,0
-15.3711,127.8926,319.3,1.5,1.2,2014-06-29,0206,Terra,MODIS,41,6.2,302.4,15,D,0
-15.6883,130.4227,325.9,2.3,1.5,2014-06-29,0206,Terra,MODIS,76,6.2,300.2,56.5,D,0
-15.6907,130.4435,328.8,2.3,1.5,2014-06-29,0206,Terra,MODIS,83,6.2,303.1,68.5,D,0
-17.2071,127.9364,311.8,1.6,1.2,2014-06-29,0206,Terra,MODIS,59,6.2,299.5,12.5,D,0
-14.8789,126.1219,322.4,1.1,1.1,2014-06-29,0206,Terra,MODIS,74,6.2,302.4,16.6,D,0
-14.5689,130.1773,316.7,2.1,1.4,2014-06-29,0206,Terra,MODIS,24,6.2,301.2,21.5,D,0
-14.5436,130.187,319.4,2.1,1.4,2014-06-29,0206,Terra,MODIS,35,6.2,302,27.8,D,0
-15.3693,127.8787,327.1,1.5,1.2,2014-06-29,0206,Terra,MODIS,80,6.2,302.3,30.5,D,0
-15.9675,126.4918,314.6,1.2,1.1,2014-06-29,0206,Terra,MODIS,44,6.2,303.5,7.3,D,0
-15.9576,126.4932,313.8,1.2,1.1,2014-06-29,0206,Terra,MODIS,29,6.2,302.9,6.1,D,0
-14.5486,130.0051,313.1,2,1.4,2014-06-29,0206,Terra,MODIS,44,6.2,301.8,13,D,0
-14.4824,130.2201,319.4,2.1,1.4,2014-06-29,0206,Terra,MODIS,56,6.2,301.5,28.1,D,0
-14.4823,130.2141,319.1,2.1,1.4,2014-06-29,0206,Terra,MODIS,48,6.2,302.2,27.6,D,0
-15.5734,129.3254,313.8,1.9,1.3,2014-06-29,0206,Terra,MODIS,58,6.2,301.1,15.8,D,0
-15.7038,130.4418,324.9,2.3,1.5,2014-06-29,0206,Terra,MODIS,79,6.2,300.5,57.2,D,0
-15.7064,130.4639,315.9,2.3,1.5,2014-06-29,0206,Terra,MODIS,68,6.2,300.1,28.3,D,0
-14.6322,130.0488,328.1,2.1,1.4,2014-06-29,0206,Terra,MODIS,81,6.2,304.2,49.9,D,0
-14.6299,130.0296,324.9,2.1,1.4,2014-06-29,0206,Terra,MODIS,79,6.2,303.5,38.7,D,0
-14.6277,130.0106,316.8,2.1,1.4,2014-06-29,0206,Terra,MODIS,49,6.2,303.4,16.9,D,0
-20.1028,127.5495,311.9,1.6,1.3,2014-06-29,0207,Terra,MODIS,61,6.2,298.6,12.7,D,0
-17.9194,123.6906,314.4,1,1,2014-06-29,0207,Terra,MODIS,32,6.2,303.7,7.1,D,0
-20.0631,125.5857,315.3,1.2,1.1,2014-06-29,0207,Terra,MODIS,60,6.2,299,9.8,D,0
-17.7922,123.4468,319.9,1,1,2014-06-29,0207,Terra,MODIS,74,6.2,301.2,12.3,D,0
-18.77,131.7381,310.6,3.2,1.7,2014-06-29,0207,Terra,MODIS,63,6.2,296.5,36.5,D,0
-18.9179,132.1596,307.8,3.4,1.7,2014-06-29,0207,Terra,MODIS,56,6.2,296,29.5,D,0
-22.5928,130.3694,308.7,2.8,1.6,2014-06-29,0208,Terra,MODIS,63,6.2,292.7,31.1,D,0
-21.1814,119.9513,307.1,1.1,1.1,2014-06-29,0208,Terra,MODIS,50,6.2,294.5,5.3,D,0
-22.1275,123.09,326,1,1,2014-06-29,0208,Terra,MODIS,78,6.2,294.7,21,D,0
-22.1261,123.0801,342.3,1,1,2014-06-29,0208,Terra,MODIS,0,6.2,295.7,45,D,0
-22.921,120.3903,305.9,1.1,1,2014-06-29,0208,Terra,MODIS,58,6.2,293.2,4.1,D,0
-22.9194,120.3801,348.3,1.1,1,2014-06-29,0208,Terra,MODIS,95,6.2,296.1,60.2,D,0
-22.9162,120.3596,314.6,1.1,1,2014-06-29,0208,Terra,MODIS,73,6.2,293.3,11.1,D,0
-22.9178,120.3698,378.7,1.1,1,2014-06-29,0208,Terra,MODIS,100,6.2,299.6,157.9,D,0
-21.6423,118.9485,304.2,1.3,1.1,2014-06-29,0208,Terra,MODIS,51,6.2,292.6,4.7,D,0
-21.6403,118.9364,312.6,1.3,1.1,2014-06-29,0208,Terra,MODIS,71,6.2,292.9,12.7,D,0
-21.1132,118.9734,308.9,1.3,1.1,2014-06-29,0208,Terra,MODIS,62,6.2,295,8.5,D,0
-20.4055,118.4791,312.3,1.4,1.2,2014-06-29,0208,Terra,MODIS,64,6.2,297.1,11.1,D,0
-21.3184,118.9727,355,1.3,1.1,2014-06-29,0208,Terra,MODIS,98,6.2,295.2,100.9,D,0
-21.3204,118.9847,374.3,1.3,1.1,2014-06-29,0208,Terra,MODIS,100,6.2,299.8,182.9,D,0
-21.3224,118.9968,315.6,1.3,1.1,2014-06-29,0208,Terra,MODIS,73,6.2,294.8,15.3,D,0
-21.3305,118.9829,360,1.3,1.1,2014-06-29,0208,Terra,MODIS,99,6.2,295.6,118.2,D,0
-21.3325,118.995,388.4,1.3,1.1,2014-06-29,0208,Terra,MODIS,100,6.2,300.2,265.3,D,0
-21.3288,118.9771,339.6,1.3,1.1,2014-06-29,0208,Terra,MODIS,91,6.2,293.5,56.4,D,0
-21.3309,118.9892,382,1.3,1.1,2014-06-29,0208,Terra,MODIS,100,6.2,301.4,224.8,D,0
-21.3329,119.0013,341.8,1.3,1.1,2014-06-29,0208,Terra,MODIS,92,6.2,295.9,61.3,D,0
-21.3709,118.9815,350.6,1.3,1.1,2014-06-29,0208,Terra,MODIS,96,6.2,295.8,86.1,D,0
-21.3729,118.9936,361.5,1.3,1.1,2014-06-29,0208,Terra,MODIS,100,6.2,298.6,124.4,D,0
-21.375,119.0058,319.8,1.3,1.1,2014-06-29,0208,Terra,MODIS,78,6.2,294.7,21.5,D,0
-20.8899,119.7382,308.8,1.2,1.1,2014-06-29,0208,Terra,MODIS,59,6.2,296.7,5.8,D,0
-20.8917,119.7494,315.3,1.2,1.1,2014-06-29,0208,Terra,MODIS,71,6.2,297,12.1,D,0
-26.8043,150.1976,300.7,3.4,1.7,2014-06-29,0312,Aqua,MODIS,41,6.2,290.2,19.6,D,0
-26.7953,150.192,301.6,3.4,1.7,2014-06-29,0312,Aqua,MODIS,45,6.2,290.5,21.3,D,0
-23.097,148.2702,311.2,4.3,1.9,2014-06-29,0313,Aqua,MODIS,67,6.2,298.6,50.7,D,0
-18.366,144.5294,308,4.7,2,2014-06-29,0452,Aqua,MODIS,34,6.2,297,44.9,D,0
-18.3685,144.5254,308.1,4.7,2,2014-06-29,0452,Aqua,MODIS,30,6.2,297.2,45.6,D,0
-16.4805,142.8503,318,3.9,1.8,2014-06-29,0453,Aqua,MODIS,71,6.2,299.6,73.7,D,0
-16.2667,137.0307,316.4,1.5,1.2,2014-06-29,0453,Aqua,MODIS,51,6.2,304,10.3,D,0
-16.3098,136.9691,317.6,1.4,1.2,2014-06-29,0453,Aqua,MODIS,66,6.2,304.2,14.3,D,0
-16.4918,142.8212,314.1,3.8,1.8,2014-06-29,0453,Aqua,MODIS,37,6.2,300.1,42.5,D,0
-16.4874,142.8147,315.3,3.8,1.8,2014-06-29,0453,Aqua,MODIS,67,6.2,300.1,55.8,D,0
-15.0189,141.9747,320.3,3.6,1.8,2014-06-29,0453,Aqua,MODIS,72,6.2,288.7,85.8,D,0
-17.7482,138.5648,317.1,1.8,1.3,2014-06-29,0453,Aqua,MODIS,37,6.2,303.3,16.3,D,0
-17.9152,137.854,320.5,1.6,1.2,2014-06-29,0453,Aqua,MODIS,72,6.2,303.4,20.1,D,0
-17.9067,137.8372,317.6,1.6,1.2,2014-06-29,0453,Aqua,MODIS,62,6.2,302.9,15.4,D,0
-17.9042,137.8519,332.6,1.6,1.2,2014-06-29,0453,Aqua,MODIS,85,6.2,304.1,46.9,D,0
-17.8932,137.8497,379.3,1.6,1.2,2014-06-29,0453,Aqua,MODIS,100,6.2,306,272,D,0
-17.8957,137.8352,339.6,1.6,1.2,2014-06-29,0453,Aqua,MODIS,89,6.2,304.1,66.6,D,0
-17.8896,137.8573,339.4,1.6,1.2,2014-06-29,0453,Aqua,MODIS,89,6.2,302.4,66.8,D,0
-17.892,137.8426,359.5,1.6,1.2,2014-06-29,0453,Aqua,MODIS,99,6.2,306.5,148.5,D,0
-17.4784,138.8496,316.1,1.9,1.3,2014-06-29,0453,Aqua,MODIS,66,6.2,302.6,19.5,D,0
-17.8375,138.697,322.7,1.8,1.3,2014-06-29,0453,Aqua,MODIS,76,6.2,303,30.9,D,0
-17.8437,138.6927,324.3,1.8,1.3,2014-06-29,0453,Aqua,MODIS,77,6.2,304.1,34.5,D,0
-17.8111,138.6007,318.2,1.8,1.3,2014-06-29,0453,Aqua,MODIS,29,6.2,304.4,16.9,D,0
-15.0118,141.968,317.7,3.6,1.8,2014-06-29,0453,Aqua,MODIS,68,6.2,289.1,74.1,D,0
-17.609,138.7747,315.3,1.8,1.3,2014-06-29,0453,Aqua,MODIS,30,6.2,303.7,14,D,0
-16.5018,136.4928,318.4,1.3,1.1,2014-06-29,0453,Aqua,MODIS,68,6.2,304.2,13.1,D,0
-16.6564,139.1852,316.2,2,1.4,2014-06-29,0453,Aqua,MODIS,0,6.2,297.3,31.2,D,0
-16.6562,139.1799,315.6,2,1.4,2014-06-29,0453,Aqua,MODIS,0,6.2,297.4,27.2,D,0
-18.0041,137.6699,314.9,1.5,1.2,2014-06-29,0453,Aqua,MODIS,62,6.2,304.2,10.7,D,0
-17.7138,137.3345,322.2,1.4,1.2,2014-06-29,0453,Aqua,MODIS,75,6.2,303.9,22.9,D,0
-17.7617,138.6084,324.5,1.8,1.3,2014-06-29,0453,Aqua,MODIS,58,6.2,302.5,31.4,D,0
-17.814,138.5843,320.8,1.8,1.3,2014-06-29,0453,Aqua,MODIS,66,6.2,305.7,22.3,D,0
-18.7703,131.7206,326.7,1.1,1,2014-06-29,0453,Aqua,MODIS,79,6.2,306.2,18.9,D,0
-18.9155,132.1417,326.2,1,1,2014-06-29,0453,Aqua,MODIS,78,6.2,305.4,17.1,D,0
-18.7624,131.7091,334.1,1.1,1,2014-06-29,0453,Aqua,MODIS,85,6.2,305.8,29.1,D,0
-18.9169,132.1319,319.9,1,1,2014-06-29,0453,Aqua,MODIS,36,6.2,303.6,9.7,D,0
-18.761,131.7192,325.2,1.1,1,2014-06-29,0453,Aqua,MODIS,77,6.2,303.8,16.4,D,0
-18.9142,132.1515,318.8,1,1,2014-06-29,0453,Aqua,MODIS,25,6.2,303.8,8.4,D,0
-18.9247,132.1431,320.2,1,1,2014-06-29,0453,Aqua,MODIS,48,6.2,304,10.2,D,0
-17.1837,127.7282,330.2,1.7,1.3,2014-06-29,0453,Aqua,MODIS,81,6.2,304.9,46.4,D,0
-17.9899,130.7671,364.3,1.2,1.1,2014-06-29,0453,Aqua,MODIS,100,6.2,310.1,109.3,D,0
-17.9913,130.7562,332,1.2,1.1,2014-06-29,0453,Aqua,MODIS,84,6.2,305,26.4,D,0
-17.9817,130.7549,389.8,1.2,1.1,2014-06-29,0453,Aqua,MODIS,100,6.2,312.4,232.1,D,0
-17.9831,130.744,319.5,1.2,1.1,2014-06-29,0453,Aqua,MODIS,65,6.2,302.5,10.7,D,0
-18.1424,130.7013,321.8,1.2,1.1,2014-06-29,0453,Aqua,MODIS,73,6.2,305.5,15,D,0
-17.9995,130.7684,317.6,1.2,1.1,2014-06-29,0453,Aqua,MODIS,38,6.2,304.7,8.3,D,0
-17.9981,130.7793,322.6,1.2,1.1,2014-06-29,0453,Aqua,MODIS,74,6.2,305.2,15.1,D,0
-18.1438,130.6903,318.1,1.2,1.1,2014-06-29,0453,Aqua,MODIS,48,6.2,303.9,10.2,D,0
-17.9802,130.7657,334.7,1.2,1.1,2014-06-29,0453,Aqua,MODIS,86,6.2,305.6,31.1,D,0
-15.2733,127.4844,321.1,1.7,1.3,2014-06-29,0454,Aqua,MODIS,48,6.2,305.2,18.3,D,0
-14.9358,126.0542,321.5,2.2,1.4,2014-06-29,0454,Aqua,MODIS,70,6.2,303.1,35.9,D,0
-14.8948,126.0697,320.9,2.2,1.4,2014-06-29,0454,Aqua,MODIS,64,6.2,302,32.9,D,0
-14.8972,126.0496,318.4,2.2,1.4,2014-06-29,0454,Aqua,MODIS,52,6.2,301.3,24.7,D,0
-14.5757,130.0144,322.6,1.2,1.1,2014-06-29,0454,Aqua,MODIS,71,6.2,306.7,12.2,D,0
-13.8399,126.8712,336.1,1.8,1.3,2014-06-29,0454,Aqua,MODIS,87,6.2,301.3,64.4,D,0
-13.8203,126.8804,345.6,1.8,1.3,2014-06-29,0454,Aqua,MODIS,93,6.2,302,91.8,D,0
-13.8182,126.8969,333.1,1.8,1.3,2014-06-29,0454,Aqua,MODIS,52,6.2,301.2,44.8,D,0
-13.8321,126.8819,329.8,1.8,1.3,2014-06-29,0454,Aqua,MODIS,17,6.2,302.7,36.3,D,0
-13.83,126.8984,328.9,1.8,1.3,2014-06-29,0454,Aqua,MODIS,31,6.2,302.1,33.9,D,0
-14.624,130.1254,341,1.1,1.1,2014-06-29,0454,Aqua,MODIS,89,6.2,307.9,40.7,D,0
-14.6254,130.1145,332.2,1.1,1.1,2014-06-29,0454,Aqua,MODIS,74,6.2,308.7,23.8,D,0
-15.3747,127.8683,318.2,1.6,1.2,2014-06-29,0454,Aqua,MODIS,52,6.2,305,13.9,D,0
-15.373,127.8828,324.2,1.6,1.2,2014-06-29,0454,Aqua,MODIS,74,6.2,307,24.8,D,0
-15.3712,127.8973,319.8,1.6,1.2,2014-06-29,0454,Aqua,MODIS,20,6.2,307.6,13.7,D,0
-14.6191,130.1288,337.2,1.1,1.1,2014-06-29,0454,Aqua,MODIS,82,6.2,307.8,32.7,D,0
-14.6206,130.1179,334.9,1.1,1.1,2014-06-29,0454,Aqua,MODIS,85,6.2,310.4,29.3,D,0
-14.622,130.1073,327.7,1.1,1.1,2014-06-29,0454,Aqua,MODIS,67,6.2,310.4,17.8,D,0
-14.5078,130.2043,326.5,1.1,1.1,2014-06-29,0454,Aqua,MODIS,43,6.2,307.3,15.5,D,0
-14.5093,130.1938,327.6,1.1,1.1,2014-06-29,0454,Aqua,MODIS,57,6.2,308.8,16.8,D,0
-14.1366,127.1778,317.2,1.7,1.3,2014-06-29,0454,Aqua,MODIS,43,6.2,303.7,12.5,D,0
-14.6336,130.0222,323,1.2,1.1,2014-06-29,0454,Aqua,MODIS,54,6.2,310.3,9,D,0
-14.6263,130.0755,322.8,1.1,1.1,2014-06-29,0454,Aqua,MODIS,41,6.2,310,10.9,D,0
-13.7619,130.2893,322.7,1.1,1,2014-06-29,0454,Aqua,MODIS,59,6.2,308.8,8.1,D,0
-13.7874,130.2779,325.6,1.1,1,2014-06-29,0454,Aqua,MODIS,70,6.2,310.3,12,D,0
-13.7861,130.288,327.4,1.1,1,2014-06-29,0454,Aqua,MODIS,74,6.2,312.4,13.8,D,0
-15.2752,127.4688,318.9,1.7,1.3,2014-06-29,0454,Aqua,MODIS,29,6.2,306,13.3,D,0
-13.9217,129.7855,318.2,1.2,1.1,2014-06-29,0454,Aqua,MODIS,38,6.2,303.1,9.8,D,0
-15.023,127.7635,320.6,1.6,1.3,2014-06-29,0454,Aqua,MODIS,39,6.2,305.7,15.6,D,0
-13.7134,130.2926,331,1.1,1,2014-06-29,0454,Aqua,MODIS,74,6.2,310.3,18.9,D,0
-13.9698,129.8208,325.3,1.2,1.1,2014-06-29,0454,Aqua,MODIS,66,6.2,304.8,19,D,0
-13.9795,129.8222,359,1.2,1.1,2014-06-29,0454,Aqua,MODIS,99,6.2,306.8,94.4,D,0
-13.9684,129.8316,328.7,1.2,1.1,2014-06-29,0454,Aqua,MODIS,75,6.2,306,22.3,D,0
-13.978,129.833,377.1,1.2,1.1,2014-06-29,0454,Aqua,MODIS,100,6.2,310.1,166.6,D,0
-13.9766,129.8437,326,1.2,1.1,2014-06-29,0454,Aqua,MODIS,73,6.2,306.7,18,D,0
-15.0217,127.7683,319.8,1.6,1.3,2014-06-29,0454,Aqua,MODIS,49,6.2,304.8,14.3,D,0
-17.17,127.7431,331.4,1.7,1.3,2014-06-29,0454,Aqua,MODIS,82,6.2,304.6,50.2,D,0
-17.172,127.7266,323.9,1.7,1.3,2014-06-29,0454,Aqua,MODIS,74,6.2,303.5,30,D,0
-13.7905,126.9268,338.6,1.8,1.3,2014-06-29,0454,Aqua,MODIS,40,6.2,299.4,70.8,D,0
-13.7946,126.8938,338,1.8,1.3,2014-06-29,0454,Aqua,MODIS,63,6.2,303.5,62.8,D,0
-13.7807,126.9088,359.1,1.8,1.3,2014-06-29,0454,Aqua,MODIS,90,6.2,303,168.1,D,0
-13.7828,126.8923,370.4,1.8,1.3,2014-06-29,0454,Aqua,MODIS,87,6.2,307.2,249.8,D,0
-14.2814,132.8702,329.9,1,1,2014-06-29,0454,Aqua,MODIS,79,6.2,304.7,19.5,D,0
-13.7729,126.8741,372.5,1.8,1.3,2014-06-29,0454,Aqua,MODIS,0,6.2,306.4,272.5,D,0
-14.6365,130.0008,323.4,1.2,1.1,2014-06-29,0454,Aqua,MODIS,58,6.2,308.6,10,D,0
-14.635,130.0115,323.4,1.2,1.1,2014-06-29,0454,Aqua,MODIS,65,6.2,309.3,10,D,0
-14.6394,130.008,334.7,1.2,1.1,2014-06-29,0454,Aqua,MODIS,85,6.2,308.9,26.7,D,0
-14.638,130.0187,334.3,1.2,1.1,2014-06-29,0454,Aqua,MODIS,74,6.2,309.5,25.3,D,0
-14.6366,130.0294,334.3,1.2,1.1,2014-06-29,0454,Aqua,MODIS,63,6.2,310.6,24.7,D,0
-13.8244,126.847,344,1.8,1.3,2014-06-29,0454,Aqua,MODIS,87,6.2,299.9,97.8,D,0
-15.673,130.4061,329.1,1.1,1.1,2014-06-29,0454,Aqua,MODIS,79,6.2,305.9,22.8,D,0
-15.6826,130.4075,328.3,1.1,1.1,2014-06-29,0454,Aqua,MODIS,78,6.2,306.7,21.2,D,0
-15.6811,130.4182,329.4,1.1,1.1,2014-06-29,0454,Aqua,MODIS,79,6.2,307.9,22,D,0
-13.8363,126.8486,348.9,1.8,1.3,2014-06-29,0454,Aqua,MODIS,95,6.2,298.3,121,D,0
-13.8223,126.8638,345.1,1.8,1.3,2014-06-29,0454,Aqua,MODIS,87,6.2,300.9,94.6,D,0
-15.1248,130.5731,321.3,1.1,1,2014-06-29,0454,Aqua,MODIS,52,6.2,306,8.8,D,0
-13.9954,133.1873,321.8,1,1,2014-06-29,0454,Aqua,MODIS,52,6.2,307.4,9.1,D,0
-15.1262,130.5628,343,1.1,1,2014-06-29,0454,Aqua,MODIS,90,6.2,307,43.3,D,0
-15.1275,130.5527,325.4,1.1,1,2014-06-29,0454,Aqua,MODIS,70,6.2,306.9,13.4,D,0
-15.1289,130.5424,326.1,1.1,1,2014-06-29,0454,Aqua,MODIS,75,6.2,308.3,15,D,0
-15.1302,130.5322,322.9,1.1,1.1,2014-06-29,0454,Aqua,MODIS,62,6.2,307.3,10.1,D,0
-13.8418,126.8545,338,1.8,1.3,2014-06-29,0454,Aqua,MODIS,89,6.2,297.4,73.8,D,0
-13.846,126.8669,322.1,1.8,1.3,2014-06-29,0454,Aqua,MODIS,65,6.2,298.4,25.6,D,0
-13.8342,126.8653,353.4,1.8,1.3,2014-06-29,0454,Aqua,MODIS,97,6.2,302.3,139.3,D,0
-15.3677,127.9264,320,1.6,1.2,2014-06-29,0454,Aqua,MODIS,55,6.2,307.5,13.3,D,0
-13.8376,130.1912,320.6,1.1,1.1,2014-06-29,0454,Aqua,MODIS,45,6.2,306.1,9.9,D,0
-13.8407,133.1767,331.3,1,1,2014-06-29,0454,Aqua,MODIS,80,6.2,306.9,20.9,D,0
-15.1012,125.8578,317,2.3,1.5,2014-06-29,0454,Aqua,MODIS,53,6.2,304.3,23.4,D,0
-15.2066,134.4041,318.9,1.1,1,2014-06-29,0454,Aqua,MODIS,57,6.2,308.5,7.2,D,0
-15.7381,129.2896,338,1.3,1.1,2014-06-29,0454,Aqua,MODIS,87,6.2,307.4,43,D,0
-15.7413,129.2844,326.5,1.3,1.1,2014-06-29,0454,Aqua,MODIS,76,6.2,307.8,20.8,D,0
-15.7397,129.2965,320.9,1.3,1.1,2014-06-29,0454,Aqua,MODIS,49,6.2,306.5,12.4,D,0
-15.731,129.283,328.5,1.3,1.1,2014-06-29,0454,Aqua,MODIS,72,6.2,306.1,23.4,D,0
-13.4488,133.3995,317.2,1,1,2014-06-29,0454,Aqua,MODIS,53,6.2,305.4,6.1,D,0
-12.7502,133.6302,312.4,1.1,1,2014-06-29,0454,Aqua,MODIS,52,6.2,285.3,8.1,D,0
-13.3858,133.3248,319.2,1,1,2014-06-29,0454,Aqua,MODIS,65,6.2,306.7,7,D,0
-15.2625,134.4498,333.2,1.1,1,2014-06-29,0454,Aqua,MODIS,84,6.2,310.1,24.4,D,0
-15.264,134.4398,354.7,1.1,1,2014-06-29,0454,Aqua,MODIS,97,6.2,308.8,70.4,D,0
-14.3325,129.8524,321.9,1.2,1.1,2014-06-29,0454,Aqua,MODIS,36,6.2,306.9,11,D,0
-14.1844,129.585,322.5,1.2,1.1,2014-06-29,0454,Aqua,MODIS,68,6.2,307.5,13.8,D,0
-14.183,129.5961,322.3,1.2,1.1,2014-06-29,0454,Aqua,MODIS,65,6.2,304.5,13.1,D,0
-13.9255,130.5459,346.3,1.1,1,2014-06-29,0454,Aqua,MODIS,92,6.2,308.9,44.3,D,0
-14.3553,129.4494,354.6,1.2,1.1,2014-06-29,0454,Aqua,MODIS,97,6.2,308.2,87.7,D,0
-14.3652,129.4509,324.3,1.2,1.1,2014-06-29,0454,Aqua,MODIS,72,6.2,306.2,20,D,0
-14.1733,130.5638,321.9,1.1,1,2014-06-29,0454,Aqua,MODIS,64,6.2,305.2,10.1,D,0
-14.1206,129.6708,317.2,1.2,1.1,2014-06-29,0454,Aqua,MODIS,47,6.2,304.2,9.6,D,0
-16.0853,127.851,319.9,1.6,1.3,2014-06-29,0454,Aqua,MODIS,59,6.2,307.2,17.4,D,0
-14.1119,130.5953,340.7,1.1,1,2014-06-29,0454,Aqua,MODIS,88,6.2,309.4,34.1,D,0
-14.1106,130.6053,345.6,1.1,1,2014-06-29,0454,Aqua,MODIS,92,6.2,309.2,44.7,D,0
-14.0885,129.6886,344.2,1.2,1.1,2014-06-29,0454,Aqua,MODIS,91,6.2,307.3,53.2,D,0
-14.087,129.6995,331.4,1.2,1.1,2014-06-29,0454,Aqua,MODIS,80,6.2,307.7,26.4,D,0
-14.1212,130.5968,366.4,1.1,1,2014-06-29,0454,Aqua,MODIS,100,6.2,310.7,101,D,0
-14.1199,130.6069,362.7,1.1,1,2014-06-29,0454,Aqua,MODIS,100,6.2,312.5,89.5,D,0
-14.0967,129.7009,327,1.2,1.1,2014-06-29,0454,Aqua,MODIS,75,6.2,306.8,19.8,D,0
-14.0953,129.7118,319.5,1.2,1.1,2014-06-29,0454,Aqua,MODIS,58,6.2,306.2,9.9,D,0
-14.3637,129.4622,321.6,1.2,1.1,2014-06-29,0454,Aqua,MODIS,67,6.2,303.3,15.3,D,0
-14.3538,129.4608,332.4,1.2,1.1,2014-06-29,0454,Aqua,MODIS,82,6.2,303.2,31.5,D,0
-14.1372,130.6195,337.8,1.1,1,2014-06-29,0454,Aqua,MODIS,62,6.2,307.4,30.5,D,0
-14.1109,129.6694,337,1.2,1.1,2014-06-29,0454,Aqua,MODIS,86,6.2,305.8,39.7,D,0
-15.7194,124.9145,322.7,2.7,1.6,2014-06-29,0454,Aqua,MODIS,73,6.2,304.6,46.8,D,0
-15.7166,124.9394,317.4,2.7,1.6,2014-06-29,0454,Aqua,MODIS,56,6.2,306.4,25.2,D,0
-15.7082,124.9177,329.9,2.7,1.6,2014-06-29,0454,Aqua,MODIS,81,6.2,306.4,82.9,D,0
-13.6282,130.5898,319.2,1.1,1,2014-06-29,0454,Aqua,MODIS,53,6.2,307.1,9.3,D,0
-14.1094,129.6804,318.4,1.2,1.1,2014-06-29,0454,Aqua,MODIS,53,6.2,304.3,10.2,D,0
-15.9787,127.7827,343.6,1.7,1.3,2014-06-29,0454,Aqua,MODIS,91,6.2,306,82.7,D,0
-15.9901,127.7845,329.7,1.7,1.3,2014-06-29,0454,Aqua,MODIS,49,6.2,305.2,35.6,D,0
-15.9883,127.7994,327.7,1.7,1.3,2014-06-29,0454,Aqua,MODIS,34,6.2,307.6,29.3,D,0
-16.0015,127.786,342.4,1.7,1.3,2014-06-29,0454,Aqua,MODIS,90,6.2,306.6,77.6,D,0
-14.2471,129.4913,318.3,1.2,1.1,2014-06-29,0454,Aqua,MODIS,47,6.2,304.4,9.2,D,0
-14.9381,126.0344,315.9,2.2,1.4,2014-06-29,0454,Aqua,MODIS,37,6.2,303.7,17.5,D,0
-14.9373,126.0414,320.6,2.2,1.4,2014-06-29,0454,Aqua,MODIS,38,6.2,303.6,28.6,D,0
-14.976,126.0458,314.5,2.2,1.4,2014-06-29,0454,Aqua,MODIS,15,6.2,303.1,15.7,D,0
-14.1191,130.2922,327.1,1.1,1.1,2014-06-29,0454,Aqua,MODIS,75,6.2,311,12.9,D,0
-14.1286,130.2935,324.3,1.1,1.1,2014-06-29,0454,Aqua,MODIS,34,6.2,310,9,D,0
-14.1719,130.5738,324.3,1.1,1,2014-06-29,0454,Aqua,MODIS,68,6.2,305.5,13.3,D,0
-15.918,128.6255,317.6,1.4,1.2,2014-06-29,0454,Aqua,MODIS,40,6.2,306.3,9.5,D,0
-15.8859,128.6206,320.9,1.4,1.2,2014-06-29,0454,Aqua,MODIS,53,6.2,307.5,14.4,D,0
-15.8753,128.6187,320.8,1.4,1.2,2014-06-29,0454,Aqua,MODIS,63,6.2,305.7,14.7,D,0
-16.0873,127.8351,318.4,1.7,1.3,2014-06-29,0454,Aqua,MODIS,52,6.2,305.3,14.2,D,0
-14.446,129.9069,322.1,1.2,1.1,2014-06-29,0454,Aqua,MODIS,49,6.2,308.1,10.2,D,0
-13.8329,129.7674,321.3,1.2,1.1,2014-06-29,0454,Aqua,MODIS,66,6.2,303.1,14.9,D,0
-13.8776,129.7464,336.3,1.2,1.1,2014-06-29,0454,Aqua,MODIS,80,6.2,304.1,36.9,D,0
-13.8761,129.7572,328.6,1.2,1.1,2014-06-29,0454,Aqua,MODIS,77,6.2,305.8,23.6,D,0
-13.8858,129.7586,339,1.2,1.1,2014-06-29,0454,Aqua,MODIS,87,6.2,305.3,42.5,D,0
-13.8872,129.7478,325.2,1.2,1.1,2014-06-29,0454,Aqua,MODIS,63,6.2,302.4,18.8,D,0
-14.1205,130.2819,327.3,1.1,1.1,2014-06-29,0454,Aqua,MODIS,76,6.2,308.7,12.9,D,0
-13.7485,133.4258,316.8,1,1,2014-06-29,0454,Aqua,MODIS,50,6.2,305.2,6.2,D,0
-13.1482,133.5589,325.5,1.1,1,2014-06-29,0454,Aqua,MODIS,77,6.2,305,13.5,D,0
-13.3249,133.798,318.5,1.1,1,2014-06-29,0454,Aqua,MODIS,52,6.2,301.2,8.1,D,0
-13.6604,134.0177,319,1.1,1,2014-06-29,0454,Aqua,MODIS,38,6.2,304.8,8.5,D,0
-13.6619,134.0078,334.3,1.1,1,2014-06-29,0454,Aqua,MODIS,85,6.2,303.9,28.9,D,0
-13.7471,133.4353,326.4,1,1,2014-06-29,0454,Aqua,MODIS,76,6.2,304.7,16.7,D,0
-14.611,134.7797,360.5,1.1,1.1,2014-06-29,0454,Aqua,MODIS,100,6.2,308.2,92.6,D,0
-15.4882,136.1588,317.7,1.3,1.1,2014-06-29,0454,Aqua,MODIS,51,6.2,306.2,10,D,0
-13.1327,133.5367,326.1,1.1,1,2014-06-29,0454,Aqua,MODIS,57,6.2,304.3,14.2,D,0
-14.6205,134.7812,326,1.1,1.1,2014-06-29,0454,Aqua,MODIS,73,6.2,305.2,17.1,D,0
-12.8688,133.2752,335.3,1,1,2014-06-29,0454,Aqua,MODIS,86,6.2,303.9,28.5,D,0
-13.6547,134.119,333.5,1.1,1,2014-06-29,0454,Aqua,MODIS,85,6.2,304.3,25.7,D,0
-13.3533,133.5443,323,1,1,2014-06-29,0454,Aqua,MODIS,73,6.2,302.7,13.6,D,0
-14.6047,134.7571,325.6,1.1,1.1,2014-06-29,0454,Aqua,MODIS,62,6.2,303.9,17.2,D,0
-13.6689,134.1522,326.4,1.1,1,2014-06-29,0454,Aqua,MODIS,37,6.2,304.5,15,D,0
-13.2838,133.5866,330.1,1.1,1,2014-06-29,0454,Aqua,MODIS,82,6.2,302.7,21.9,D,0
-13.6517,134.1391,368.2,1.1,1,2014-06-29,0454,Aqua,MODIS,100,6.2,306.7,113.8,D,0
-15.933,136.4587,325.3,1.4,1.2,2014-06-29,0454,Aqua,MODIS,61,6.2,306.7,18.7,D,0
-13.2952,133.5096,323.3,1,1,2014-06-29,0454,Aqua,MODIS,74,6.2,304.9,12.1,D,0
-13.6532,134.1291,346.2,1.1,1,2014-06-29,0454,Aqua,MODIS,93,6.2,306.5,49.3,D,0
-13.286,133.5081,332.6,1,1,2014-06-29,0454,Aqua,MODIS,84,6.2,304.5,24,D,0
-14.6886,134.5269,327.6,1.1,1.1,2014-06-29,0454,Aqua,MODIS,78,6.2,308.4,17,D,0
-12.8414,133.271,322.7,1,1,2014-06-29,0454,Aqua,MODIS,73,6.2,302.7,12.5,D,0
-13.2937,133.5192,337.9,1,1,2014-06-29,0454,Aqua,MODIS,88,6.2,305.5,33,D,0
-13.6611,134.1406,344.2,1.1,1,2014-06-29,0454,Aqua,MODIS,92,6.2,305.4,44.1,D,0
-13.1225,134.0479,319.4,1.1,1,2014-06-29,0454,Aqua,MODIS,71,6.2,294,13.2,D,0
-15.9291,136.5491,324,1.4,1.2,2014-06-29,0454,Aqua,MODIS,60,6.2,307.5,18.8,D,0
-13.7394,133.4243,329,1,1,2014-06-29,0454,Aqua,MODIS,79,6.2,304.6,19.5,D,0
-13.6712,134.0093,333.1,1.1,1,2014-06-29,0454,Aqua,MODIS,84,6.2,304.3,27.2,D,0
-13.3463,133.7814,317.5,1.1,1,2014-06-29,0454,Aqua,MODIS,52,6.2,300,7.6,D,0
-13.6454,134.1176,386.6,1.1,1,2014-06-29,0454,Aqua,MODIS,100,6.2,310.8,196.6,D,0
-12.9971,134.1461,319.8,1.1,1.1,2014-06-29,0454,Aqua,MODIS,72,6.2,282.5,17,D,0
-14.6031,134.7676,350.1,1.1,1.1,2014-06-29,0454,Aqua,MODIS,95,6.2,307,62.2,D,0
-14.599,134.772,320.1,1.1,1.1,2014-06-29,0454,Aqua,MODIS,67,6.2,305,12.1,D,0
-12.887,133.278,319.9,1,1,2014-06-29,0454,Aqua,MODIS,67,6.2,302.6,9.3,D,0
-12.7631,132.9932,322.7,1,1,2014-06-29,0454,Aqua,MODIS,66,6.2,302.6,10.9,D,0
-13.3483,133.8318,323.1,1.1,1,2014-06-29,0454,Aqua,MODIS,74,6.2,302.9,13.4,D,0
-13.6469,134.1075,328.2,1.1,1,2014-06-29,0454,Aqua,MODIS,80,6.2,301.2,19.2,D,0
-13.3342,133.7995,332.3,1.1,1,2014-06-29,0454,Aqua,MODIS,84,6.2,303.3,24.9,D,0
-13.2846,133.5177,343.6,1,1,2014-06-29,0454,Aqua,MODIS,91,6.2,305.2,43.2,D,0
-14.6015,134.7781,331.5,1.1,1.1,2014-06-29,0454,Aqua,MODIS,47,6.2,305.7,23.1,D,0
-13.156,134.0597,312.4,1.1,1,2014-06-29,0454,Aqua,MODIS,52,6.2,295.4,5.7,D,0
-13.3519,133.5539,335.8,1,1,2014-06-29,0454,Aqua,MODIS,86,6.2,304,31.3,D,0
-13.2901,133.6074,324,1.1,1,2014-06-29,0454,Aqua,MODIS,75,6.2,301.6,14.2,D,0
-13.2703,133.6142,316.1,1.1,1,2014-06-29,0454,Aqua,MODIS,26,6.2,302.2,5.9,D,0
-14.9723,133.3709,320.5,1,1,2014-06-29,0454,Aqua,MODIS,45,6.2,307.1,7.7,D,0
-13.1496,133.5492,326,1.1,1,2014-06-29,0454,Aqua,MODIS,77,6.2,306.9,13.8,D,0
-14.6006,134.7615,319.7,1.1,1.1,2014-06-29,0454,Aqua,MODIS,66,6.2,304.8,11.2,D,0
-14.698,134.5285,330.5,1.1,1.1,2014-06-29,0454,Aqua,MODIS,81,6.2,307.7,20.9,D,0
-13.7828,133.3826,318.1,1,1,2014-06-29,0454,Aqua,MODIS,58,6.2,305.4,7.3,D,0
-13.3224,133.8782,324.1,1.1,1,2014-06-29,0454,Aqua,MODIS,76,6.2,301.1,15.8,D,0
-14.6094,134.7901,326,1.1,1.1,2014-06-29,0454,Aqua,MODIS,36,6.2,306.1,15.5,D,0
-13.6697,134.0192,323.5,1.1,1,2014-06-29,0454,Aqua,MODIS,74,6.2,304.6,13.7,D,0
-13.1404,133.5477,350,1.1,1,2014-06-29,0454,Aqua,MODIS,95,6.2,306,55.5,D,0
-13.3469,133.8417,317.8,1.1,1,2014-06-29,0454,Aqua,MODIS,64,6.2,303.6,8,D,0
-14.6189,134.7917,323.1,1.1,1.1,2014-06-29,0454,Aqua,MODIS,50,6.2,306.9,13,D,0
-13.6439,134.1276,395.5,1.1,1,2014-06-29,0454,Aqua,MODIS,100,6.2,308.9,248.2,D,0
-13.6596,134.1507,350.9,1.1,1,2014-06-29,0454,Aqua,MODIS,95,6.2,305,59.9,D,0
-13.121,134.058,315,1.1,1,2014-06-29,0454,Aqua,MODIS,62,6.2,294.8,8.9,D,0
-14.6126,134.7692,336.8,1.1,1.1,2014-06-29,0454,Aqua,MODIS,73,6.2,306,32.6,D,0
-13.139,133.5574,324.5,1.1,1,2014-06-29,0454,Aqua,MODIS,72,6.2,304.3,12.7,D,0
-13.5752,132.8537,324.6,1,1,2014-06-29,0454,Aqua,MODIS,56,6.2,304.6,11.8,D,0
-13.6139,133.6538,344.4,1.1,1,2014-06-29,0454,Aqua,MODIS,92,6.2,306.5,42.1,D,0
-13.6231,133.6552,330.7,1.1,1,2014-06-29,0454,Aqua,MODIS,51,6.2,304.7,19.3,D,0
-13.6308,133.6664,329.3,1.1,1,2014-06-29,0454,Aqua,MODIS,80,6.2,304.7,18.1,D,0
-13.6386,133.6775,356.9,1.1,1,2014-06-29,0454,Aqua,MODIS,98,6.2,308,73,D,0
-13.8585,133.4986,327.3,1,1,2014-06-29,0454,Aqua,MODIS,74,6.2,307.1,14.9,D,0
-13.6669,133.6128,320.3,1,1,2014-06-29,0454,Aqua,MODIS,66,6.2,302.1,10.3,D,0
-13.6729,133.6194,321.8,1,1,2014-06-29,0454,Aqua,MODIS,54,6.2,302.2,11.7,D,0
-13.8571,133.5081,320.8,1,1,2014-06-29,0454,Aqua,MODIS,60,6.2,307.1,8,D,0
-13.6835,133.6112,326.3,1,1,2014-06-29,0454,Aqua,MODIS,44,6.2,303.7,15.7,D,0
-14.0847,133.0837,330.4,1,1,2014-06-29,0454,Aqua,MODIS,80,6.2,306.8,19.2,D,0
-13.9259,133.4079,328.9,1,1,2014-06-29,0454,Aqua,MODIS,78,6.2,306.9,17.2,D,0
-13.6645,130.7912,329.8,1.1,1,2014-06-29,0454,Aqua,MODIS,45,6.2,308.3,15.7,D,0
-13.5786,133.6383,323.2,1.1,1,2014-06-29,0454,Aqua,MODIS,62,6.2,302.8,12.9,D,0
-13.5979,133.5723,317.4,1,1,2014-06-29,0454,Aqua,MODIS,57,6.2,303.5,7.7,D,0
-13.5921,133.6108,319.2,1,1,2014-06-29,0454,Aqua,MODIS,66,6.2,303,9.8,D,0
-13.5907,133.6205,321.7,1.1,1,2014-06-29,0454,Aqua,MODIS,21,6.2,303.5,10.7,D,0
-13.5878,133.6397,328.4,1.1,1,2014-06-29,0454,Aqua,MODIS,26,6.2,306.6,17.5,D,0
-13.5864,133.6494,327.9,1.1,1,2014-06-29,0454,Aqua,MODIS,46,6.2,304.4,16.6,D,0
-13.5835,133.6687,355.2,1.1,1,2014-06-29,0454,Aqua,MODIS,97,6.2,304.2,68.3,D,0
-13.607,133.5738,315.5,1,1,2014-06-29,0454,Aqua,MODIS,42,6.2,302.8,5.7,D,0
-13.6056,133.5834,315.5,1,1,2014-06-29,0454,Aqua,MODIS,30,6.2,303.5,5.7,D,0
-13.6821,133.6208,340.9,1,1,2014-06-29,0454,Aqua,MODIS,89,6.2,303.6,37.8,D,0
-13.6912,133.6223,326.3,1,1,2014-06-29,0454,Aqua,MODIS,47,6.2,303.4,15.5,D,0
-13.6961,133.6527,339.5,1.1,1,2014-06-29,0454,Aqua,MODIS,88,6.2,302.2,34.8,D,0
-13.6946,133.6624,343.5,1.1,1,2014-06-29,0454,Aqua,MODIS,82,6.2,304.7,40.5,D,0
-13.7053,133.6542,347.6,1.1,1,2014-06-29,0454,Aqua,MODIS,93,6.2,304.6,50,D,0
-13.5738,132.863,339.2,1,1,2014-06-29,0454,Aqua,MODIS,88,6.2,306.2,32,D,0
-13.5842,132.8551,323.1,1,1,2014-06-29,0454,Aqua,MODIS,21,6.2,307.2,9.4,D,0
-13.7038,133.6638,361.5,1.1,1,2014-06-29,0454,Aqua,MODIS,100,6.2,308.9,84.1,D,0
-13.4267,133.1096,321.1,1,1,2014-06-29,0454,Aqua,MODIS,66,6.2,304.3,8.6,D,0
-13.4254,133.119,326.1,1,1,2014-06-29,0454,Aqua,MODIS,76,6.2,306.5,14.4,D,0
-13.5764,133.1548,328.5,1,1,2014-06-29,0454,Aqua,MODIS,77,6.2,306.2,17.5,D,0
-13.5828,132.8643,331.8,1,1,2014-06-29,0454,Aqua,MODIS,81,6.2,308.2,20.1,D,0
-13.5866,133.0225,321.1,1,1,2014-06-29,0454,Aqua,MODIS,66,6.2,303.7,10.4,D,0
-13.6737,130.7925,324.7,1.1,1,2014-06-29,0454,Aqua,MODIS,32,6.2,307.3,10.3,D,0
-13.6843,130.7843,324.1,1.1,1,2014-06-29,0454,Aqua,MODIS,43,6.2,309.4,10.6,D,0
-13.784,133.4965,321.9,1,1,2014-06-29,0454,Aqua,MODIS,54,6.2,304.5,10.3,D,0
-13.7917,133.5075,330.5,1,1,2014-06-29,0454,Aqua,MODIS,60,6.2,305.1,18.6,D,0
-14.0573,133.2711,320.8,1,1,2014-06-29,0454,Aqua,MODIS,64,6.2,306.8,8.5,D,0
-13.7994,133.5186,336.2,1,1,2014-06-29,0454,Aqua,MODIS,86,6.2,306.6,26.9,D,0
-13.6349,133.7663,318.5,1.1,1,2014-06-29,0454,Aqua,MODIS,40,6.2,303.5,7.1,D,0
-14.172,133.4269,338.9,1,1,2014-06-29,0454,Aqua,MODIS,87,6.2,307.2,31.2,D,0
-14.1706,133.4364,341.3,1,1,2014-06-29,0454,Aqua,MODIS,89,6.2,308,35.4,D,0
-14.1692,133.4459,326.5,1,1,2014-06-29,0454,Aqua,MODIS,46,6.2,306.6,13.2,D,0
-14.1783,133.4473,326.5,1,1,2014-06-29,0454,Aqua,MODIS,29,6.2,307.7,12.8,D,0
-13.94,133.4392,322.4,1,1,2014-06-29,0454,Aqua,MODIS,48,6.2,305.7,9.7,D,0
-14.2967,132.8916,331.2,1,1,2014-06-29,0454,Aqua,MODIS,29,6.2,307.5,17.9,D,0
-13.3491,133.0153,324.7,1,1,2014-06-29,0454,Aqua,MODIS,73,6.2,304.9,13.4,D,0
-13.7386,133.4924,322.6,1,1,2014-06-29,0454,Aqua,MODIS,70,6.2,306.5,12.8,D,0
-13.0251,132.4589,352.5,1,1,2014-06-29,0454,Aqua,MODIS,96,6.2,307.5,57.8,D,0
-13.0237,132.4681,341.6,1,1,2014-06-29,0454,Aqua,MODIS,89,6.2,307.8,35.9,D,0
-13.0341,132.4603,328.1,1,1,2014-06-29,0454,Aqua,MODIS,76,6.2,306.7,16.7,D,0
-13.5932,133.7298,320.9,1.1,1,2014-06-29,0454,Aqua,MODIS,60,6.2,303.5,10.3,D,0
-13.6513,133.7192,325.3,1.1,1,2014-06-29,0454,Aqua,MODIS,72,6.2,304.4,12.8,D,0
-13.5688,133.2691,321.3,1,1,2014-06-29,0454,Aqua,MODIS,28,6.2,304.5,9,D,0
-13.9872,133.2437,324.9,1,1,2014-06-29,0454,Aqua,MODIS,72,6.2,306.3,13,D,0
-13.6498,133.7289,330.4,1.1,1,2014-06-29,0454,Aqua,MODIS,82,6.2,306.1,20.1,D,0
-13.7124,133.606,315.4,1,1,2014-06-29,0454,Aqua,MODIS,28,6.2,303.6,4.7,D,0
-13.6441,133.7678,322.5,1.1,1,2014-06-29,0454,Aqua,MODIS,53,6.2,304.9,11,D,0
-13.8557,133.5176,322.5,1,1,2014-06-29,0454,Aqua,MODIS,63,6.2,307,9.2,D,0
-13.6569,133.7258,333.7,1.1,1,2014-06-29,0454,Aqua,MODIS,84,6.2,305.9,24.8,D,0
-13.7081,133.6349,331.2,1,1,2014-06-29,0454,Aqua,MODIS,82,6.2,303.4,22.2,D,0
-13.2623,131.1755,325,1,1,2014-06-29,0454,Aqua,MODIS,25,6.2,312.2,6.9,D,0
-13.6219,133.5369,326.8,1,1,2014-06-29,0454,Aqua,MODIS,77,6.2,303.9,18.9,D,0
-13.4899,133.7366,315.8,1.1,1,2014-06-29,0454,Aqua,MODIS,59,6.2,302.1,7.5,D,0
-13.8626,133.3438,318.9,1,1,2014-06-29,0454,Aqua,MODIS,59,6.2,306.8,7.3,D,0
-13.5507,133.2663,330.7,1,1,2014-06-29,0454,Aqua,MODIS,71,6.2,304.3,19.8,D,0
-13.5521,133.2568,344.7,1,1,2014-06-29,0454,Aqua,MODIS,92,6.2,303.6,43,D,0
-13.575,133.1642,322.8,1,1,2014-06-29,0454,Aqua,MODIS,45,6.2,306.4,10.4,D,0
-13.6363,133.7566,320.7,1.1,1,2014-06-29,0454,Aqua,MODIS,42,6.2,305.6,8.8,D,0
-13.6153,133.6441,327.9,1.1,1,2014-06-29,0454,Aqua,MODIS,42,6.2,303.2,16.1,D,0
-13.9016,131.7294,332.6,1,1,2014-06-29,0454,Aqua,MODIS,81,6.2,308.6,20.7,D,0
-13.5818,134.2834,337.6,1.1,1.1,2014-06-29,0454,Aqua,MODIS,88,6.2,303,35.7,D,0
-15.6427,136.1672,317.7,1.3,1.1,2014-06-29,0454,Aqua,MODIS,62,6.2,304.3,11.8,D,0
-14.0731,130.766,318,1.1,1,2014-06-29,0454,Aqua,MODIS,35,6.2,307.4,4.6,D,0
-13.6749,133.0525,321.4,1,1,2014-06-29,0454,Aqua,MODIS,66,6.2,304.7,10.6,D,0
-13.5612,133.2582,325,1,1,2014-06-29,0454,Aqua,MODIS,60,6.2,303.4,13.4,D,0
-14.267,132.9059,329.6,1,1,2014-06-29,0454,Aqua,MODIS,42,6.2,306.4,17,D,0
-13.5635,133.0611,326.1,1,1,2014-06-29,0454,Aqua,MODIS,75,6.2,305.1,16.1,D,0
-13.6084,132.8739,321.2,1,1,2014-06-29,0454,Aqua,MODIS,55,6.2,306.4,8.4,D,0
-13.5912,134.2849,338.3,1.1,1.1,2014-06-29,0454,Aqua,MODIS,88,6.2,303.7,35.9,D,0
-13.5991,134.2966,325.3,1.1,1.1,2014-06-29,0454,Aqua,MODIS,21,6.2,304.3,14.1,D,0
-13.6054,134.3185,325.4,1.1,1.1,2014-06-29,0454,Aqua,MODIS,44,6.2,304.9,14.8,D,0
-13.688,133.026,317,1,1,2014-06-29,0454,Aqua,MODIS,37,6.2,303.8,4.7,D,0
-13.6867,133.0353,330.9,1,1,2014-06-29,0454,Aqua,MODIS,80,6.2,304.8,19.9,D,0
-13.6778,132.9036,321.1,1,1,2014-06-29,0454,Aqua,MODIS,66,6.2,307.2,9.1,D,0
-13.6768,134.1637,322.6,1.1,1,2014-06-29,0454,Aqua,MODIS,74,6.2,304.7,12.2,D,0
-13.8599,133.489,325.8,1,1,2014-06-29,0454,Aqua,MODIS,59,6.2,305.7,13,D,0
-13.6876,132.9024,320,1,1,2014-06-29,0454,Aqua,MODIS,31,6.2,307.7,6.2,D,0
-13.6863,132.9117,320.9,1,1,2014-06-29,0454,Aqua,MODIS,54,6.2,306.1,7.6,D,0
-13.6372,133.6872,328.1,1.1,1,2014-06-29,0454,Aqua,MODIS,79,6.2,306.8,16.9,D,0
-13.5855,133.1561,346.4,1,1,2014-06-29,0454,Aqua,MODIS,93,6.2,307.7,46.2,D,0
-13.2636,131.1661,328.5,1,1,2014-06-29,0454,Aqua,MODIS,65,6.2,311.1,11.2,D,0
-13.8796,132.3343,320.4,1,1,2014-06-29,0454,Aqua,MODIS,57,6.2,309.4,5.6,D,0
-13.7103,134.1757,320.5,1.1,1,2014-06-29,0454,Aqua,MODIS,58,6.2,305.2,9.8,D,0
-13.2532,131.1741,333.1,1,1,2014-06-29,0454,Aqua,MODIS,81,6.2,313.4,18.2,D,0
-14.2882,133.0136,321.6,1,1,2014-06-29,0454,Aqua,MODIS,55,6.2,307.6,7.6,D,0
-13.7173,133.6364,335.3,1,1,2014-06-29,0454,Aqua,MODIS,85,6.2,305.2,28.5,D,0
-13.4344,133.1204,320.6,1,1,2014-06-29,0454,Aqua,MODIS,30,6.2,304.1,7.9,D,0
-13.6995,134.2464,316.4,1.1,1,2014-06-29,0454,Aqua,MODIS,62,6.2,303.7,6.6,D,0
-13.6554,133.7355,328.9,1.1,1,2014-06-29,0454,Aqua,MODIS,80,6.2,307,17.4,D,0
-13.438,133.1593,318.9,1,1,2014-06-29,0454,Aqua,MODIS,50,6.2,305.1,7.4,D,0
-13.7159,133.646,319.7,1.1,1,2014-06-29,0454,Aqua,MODIS,51,6.2,302.5,8.4,D,0
-14.3366,133.0553,323.2,1,1,2014-06-29,0454,Aqua,MODIS,64,6.2,309,8.8,D,0
-14.3082,133.0604,320.8,1,1,2014-06-29,0454,Aqua,MODIS,36,6.2,309.1,6.9,D,0
-13.599,133.6909,324.5,1.1,1,2014-06-29,0454,Aqua,MODIS,56,6.2,305.5,12.1,D,0
-13.5946,133.72,320.9,1.1,1,2014-06-29,0454,Aqua,MODIS,57,6.2,304,9.8,D,0
-13.8281,133.0724,320.7,1,1,2014-06-29,0454,Aqua,MODIS,42,6.2,308.5,8,D,0
-13.8295,133.0631,321.8,1,1,2014-06-29,0454,Aqua,MODIS,53,6.2,306.7,9.1,D,0
-13.6024,133.7312,333.7,1.1,1,2014-06-29,0454,Aqua,MODIS,85,6.2,306.1,25.3,D,0
-13.6511,133.7646,324.7,1.1,1,2014-06-29,0454,Aqua,MODIS,42,6.2,306.7,12.2,D,0
-13.8536,133.4685,324.4,1,1,2014-06-29,0454,Aqua,MODIS,47,6.2,305.4,11.1,D,0
-13.4471,133.1608,332.3,1,1,2014-06-29,0454,Aqua,MODIS,82,6.2,306.8,23.4,D,0
-13.7034,133.0475,330,1,1,2014-06-29,0454,Aqua,MODIS,79,6.2,305.2,17.6,D,0
-13.7956,132.0838,328.5,1,1,2014-06-29,0454,Aqua,MODIS,77,6.2,311,14,D,0
-13.6115,132.9788,335.1,1,1,2014-06-29,0454,Aqua,MODIS,84,6.2,306.7,26.4,D,0
-13.702,133.0567,337.7,1,1,2014-06-29,0454,Aqua,MODIS,87,6.2,306.6,30,D,0
-13.7354,133.0811,326.1,1,1,2014-06-29,0454,Aqua,MODIS,75,6.2,305.1,13,D,0
-13.7341,133.0904,323.8,1,1,2014-06-29,0454,Aqua,MODIS,68,6.2,305.2,10.8,D,0
-13.7431,133.0918,327.1,1,1,2014-06-29,0454,Aqua,MODIS,72,6.2,306.9,14.2,D,0
-13.8352,134.3748,318.6,1.1,1.1,2014-06-29,0454,Aqua,MODIS,67,6.2,305.3,8.7,D,0
-13.5598,133.2676,334.7,1,1,2014-06-29,0454,Aqua,MODIS,85,6.2,305.6,26,D,0
-13.6981,133.7025,333,1.1,1,2014-06-29,0454,Aqua,MODIS,67,6.2,306.7,22.1,D,0
-13.4349,133.0535,316.6,1,1,2014-06-29,0454,Aqua,MODIS,36,6.2,303.4,6.2,D,0
-13.4336,133.0628,323,1,1,2014-06-29,0454,Aqua,MODIS,71,6.2,304.2,12.2,D,0
-13.7058,133.7137,328.2,1.1,1,2014-06-29,0454,Aqua,MODIS,75,6.2,305.8,15.9,D,0
-13.3505,133.006,319.9,1,1,2014-06-29,0454,Aqua,MODIS,64,6.2,304.1,8.4,D,0
-13.9245,133.544,318.5,1,1,2014-06-29,0454,Aqua,MODIS,38,6.2,306.3,6.3,D,0
-13.7827,132.1101,322.4,1,1,2014-06-29,0454,Aqua,MODIS,53,6.2,310.3,7,D,0
-13.9769,132.3652,320.5,1,1,2014-06-29,0454,Aqua,MODIS,31,6.2,308.6,6.6,D,0
-13.7645,133.69,329.4,1.1,1,2014-06-29,0454,Aqua,MODIS,80,6.2,305.6,18.9,D,0
-13.7447,131.8598,323.8,1,1,2014-06-29,0454,Aqua,MODIS,65,6.2,310.3,7.8,D,0
-14.2746,132.9165,333.9,1,1,2014-06-29,0454,Aqua,MODIS,55,6.2,307.5,21.7,D,0
-13.6265,133.6954,329.3,1.1,1,2014-06-29,0454,Aqua,MODIS,81,6.2,305.9,18.1,D,0
-13.4698,133.2576,337,1,1,2014-06-29,0454,Aqua,MODIS,86,6.2,304.7,27.9,D,0
-13.3856,133.0745,320.3,1,1,2014-06-29,0454,Aqua,MODIS,66,6.2,303.1,10.2,D,0
-13.4259,133.0521,329.2,1,1,2014-06-29,0454,Aqua,MODIS,79,6.2,304.1,19.6,D,0
-14.2904,132.8716,326.7,1,1,2014-06-29,0454,Aqua,MODIS,51,6.2,304.5,14,D,0
-14.289,132.8809,336.4,1,1,2014-06-29,0454,Aqua,MODIS,74,6.2,308.9,26.5,D,0
-13.7009,134.1742,335.2,1.1,1,2014-06-29,0454,Aqua,MODIS,86,6.2,305.2,29.3,D,0
-13.5621,133.0704,322.6,1,1,2014-06-29,0454,Aqua,MODIS,70,6.2,303.8,12.2,D,0
-14.276,132.9073,353.6,1,1,2014-06-29,0454,Aqua,MODIS,96,6.2,308.5,58.5,D,0
-13.9505,133.558,318.8,1,1,2014-06-29,0454,Aqua,MODIS,41,6.2,305.8,5.2,D,0
-13.7408,133.2889,323.1,1,1,2014-06-29,0454,Aqua,MODIS,70,6.2,302.2,13.1,D,0
-13.7317,133.2875,332.9,1,1,2014-06-29,0454,Aqua,MODIS,82,6.2,304,24.5,D,0
-13.8927,132.2424,320.7,1,1,2014-06-29,0454,Aqua,MODIS,42,6.2,308,5.7,D,0
-14.1234,133.1911,321,1,1,2014-06-29,0454,Aqua,MODIS,64,6.2,305.2,10.2,D,0
-14.173,133.2948,322.1,1,1,2014-06-29,0454,Aqua,MODIS,20,6.2,305,9.2,D,0
-13.784,132.1009,346.1,1,1,2014-06-29,0454,Aqua,MODIS,92,6.2,312,40.7,D,0
-13.6197,130.7748,329.8,1.1,1,2014-06-29,0454,Aqua,MODIS,78,6.2,307.1,18.3,D,0
-13.9537,132.3992,319.8,1,1,2014-06-29,0454,Aqua,MODIS,43,6.2,307.8,6,D,0
-13.9627,132.4006,321.4,1,1,2014-06-29,0454,Aqua,MODIS,52,6.2,308.4,8.1,D,0
-13.5531,133.069,315.7,1,1,2014-06-29,0454,Aqua,MODIS,19,6.2,303.1,5.6,D,0
-13.5841,133.1655,322.6,1,1,2014-06-29,0454,Aqua,MODIS,46,6.2,306.3,9.6,D,0
-13.3094,131.8206,323.5,1,1,2014-06-29,0454,Aqua,MODIS,55,6.2,309.7,7.4,D,0
-13.7866,132.0825,372.4,1,1,2014-06-29,0454,Aqua,MODIS,100,6.2,311.3,111,D,0
-13.7879,132.0733,371.5,1,1,2014-06-29,0454,Aqua,MODIS,100,6.2,312.3,108.6,D,0
-14.0786,130.7722,330.3,1.1,1,2014-06-29,0454,Aqua,MODIS,79,6.2,307.5,19.4,D,0
-13.7107,133.7443,320.3,1.1,1,2014-06-29,0454,Aqua,MODIS,40,6.2,306.8,8.3,D,0
-11.2358,131.9094,318.7,1,1,2014-06-29,0455,Aqua,MODIS,61,6.2,297.4,9.5,D,0
-11.5878,132.7261,321.2,1,1,2014-06-29,0455,Aqua,MODIS,63,6.2,295,10.8,D,0
-12.5591,131.5309,351.4,1,1,2014-06-29,0455,Aqua,MODIS,96,6.2,306.3,56.2,D,0
-12.7931,131.9593,323.5,1,1,2014-06-29,0455,Aqua,MODIS,66,6.2,309.2,9.3,D,0
-11.3475,132.2837,318.5,1,1,2014-06-29,0455,Aqua,MODIS,19,6.2,299.7,7,D,0
-12.7918,131.9684,318.9,1,1,2014-06-29,0455,Aqua,MODIS,33,6.2,305.7,5.1,D,0
-12.5694,131.523,334,1,1,2014-06-29,0455,Aqua,MODIS,78,6.2,306.2,24.1,D,0
-11.5496,132.9887,312.6,1,1,2014-06-29,0455,Aqua,MODIS,55,6.2,298.5,4.9,D,0
-11.9618,132.8043,317.4,1,1,2014-06-29,0455,Aqua,MODIS,69,6.2,283.4,11.2,D,0
-12.5681,131.5322,353.8,1,1,2014-06-29,0455,Aqua,MODIS,97,6.2,308.1,60.8,D,0
-12.7413,132.1291,334.4,1,1,2014-06-29,0455,Aqua,MODIS,84,6.2,306.6,25.3,D,0
-12.74,132.1382,322.8,1,1,2014-06-29,0455,Aqua,MODIS,71,6.2,306.8,10.9,D,0
-12.1996,133.871,321.3,1.1,1,2014-06-29,0455,Aqua,MODIS,73,6.2,298.9,10.1,D,0
-12.5604,131.5217,367.3,1,1,2014-06-29,0455,Aqua,MODIS,100,6.2,307,99,D,0
-11.744,130.2005,325,1.1,1,2014-06-29,0455,Aqua,MODIS,82,6.2,295.3,19.5,D,0
-11.7347,130.1992,318,1.1,1,2014-06-29,0455,Aqua,MODIS,36,6.2,293,11.2,D,0
-11.7454,130.1908,318.1,1.1,1,2014-06-29,0455,Aqua,MODIS,74,6.2,295.1,11.6,D,0
-11.5867,130.2607,313.3,1.1,1,2014-06-29,0455,Aqua,MODIS,68,6.2,283.1,11.1,D,0
-11.7599,130.2681,310.8,1.1,1,2014-06-29,0455,Aqua,MODIS,58,6.2,292.5,6.1,D,0
-12.6919,131.179,353.6,1,1,2014-06-29,0455,Aqua,MODIS,97,6.2,305.2,60.7,D,0
-12.7314,131.2191,335.1,1,1,2014-06-29,0455,Aqua,MODIS,76,6.2,305.1,23.1,D,0
-12.7405,131.2204,384.9,1,1,2014-06-29,0455,Aqua,MODIS,100,6.2,309.5,166.3,D,0
-11.3192,132.2888,322.7,1,1,2014-06-29,0455,Aqua,MODIS,47,6.2,301,11.3,D,0
-11.3385,132.2823,321.8,1,1,2014-06-29,0455,Aqua,MODIS,17,6.2,299.5,9.1,D,0
-11.3295,132.281,331.5,1,1,2014-06-29,0455,Aqua,MODIS,75,6.2,301.3,19.9,D,0
-12.7327,131.2097,334.1,1,1,2014-06-29,0455,Aqua,MODIS,84,6.2,307.6,20.9,D,0
-11.2702,131.2168,330.7,1,1,2014-06-29,0455,Aqua,MODIS,79,6.2,305.1,19.3,D,0
-11.2715,131.2077,329.9,1,1,2014-06-29,0455,Aqua,MODIS,0,6.2,302,19.2,D,0
-11.107,132.5455,326.3,1,1,2014-06-29,0455,Aqua,MODIS,42,6.2,300.7,13.8,D,0
-12.7495,131.2217,336.4,1,1,2014-06-29,0455,Aqua,MODIS,85,6.2,305.7,27.3,D,0
-11.4576,131.3223,335,1,1,2014-06-29,0455,Aqua,MODIS,88,6.2,291.2,28.1,D,0
-12.8274,131.1284,320,1,1,2014-06-29,0455,Aqua,MODIS,49,6.2,308.2,7.1,D,0
-11.098,132.5441,328.9,1,1,2014-06-29,0455,Aqua,MODIS,63,6.2,299,17.4,D,0
-11.4845,131.3916,333.2,1,1,2014-06-29,0455,Aqua,MODIS,86,6.2,293.2,29,D,0
-11.401,131.3361,324.1,1,1,2014-06-29,0455,Aqua,MODIS,72,6.2,294.3,14.7,D,0
-11.4229,131.3113,315,1,1,2014-06-29,0455,Aqua,MODIS,41,6.2,289.7,8.7,D,0
-11.4242,131.3021,318.8,1,1,2014-06-29,0455,Aqua,MODIS,56,6.2,293,12,D,0
-11.4023,131.3269,327,1,1,2014-06-29,0455,Aqua,MODIS,77,6.2,293,17.3,D,0
-11.3933,131.3256,336.2,1,1,2014-06-29,0455,Aqua,MODIS,88,6.2,294.1,29.8,D,0
-11.3843,131.3243,345,1,1,2014-06-29,0455,Aqua,MODIS,93,6.2,295.5,44.5,D,0
-11.4306,131.3183,321.2,1,1,2014-06-29,0455,Aqua,MODIS,34,6.2,290.8,10.8,D,0
-11.4294,131.2655,322.7,1,1,2014-06-29,0455,Aqua,MODIS,66,6.2,287.5,16.1,D,0
-12.701,131.1804,363.2,1,1,2014-06-29,0455,Aqua,MODIS,100,6.2,309.9,84.3,D,0
-12.6997,131.1897,336.5,1,1,2014-06-29,0455,Aqua,MODIS,76,6.2,307.4,24.7,D,0
-12.734,131.2004,324.2,1,1,2014-06-29,0455,Aqua,MODIS,40,6.2,306.2,9.1,D,0
-12.6443,132.9912,317.7,1,1,2014-06-29,0455,Aqua,MODIS,54,6.2,296.5,8.2,D,0
-12.8713,130.7481,379.1,1,1,2014-06-29,0455,Aqua,MODIS,100,6.2,310.5,147.4,D,0
-12.6855,133.08,322.2,1,1,2014-06-29,0455,Aqua,MODIS,73,6.2,295.5,13.2,D,0
-12.7023,131.1711,333.8,1,1,2014-06-29,0455,Aqua,MODIS,82,6.2,306.6,22.5,D,0
-12.4875,132.922,313.7,1,1,2014-06-29,0455,Aqua,MODIS,50,6.2,296,6,D,0
-12.4737,133.9538,312,1.1,1,2014-06-29,0455,Aqua,MODIS,56,6.2,287.8,6.5,D,0
-12.6869,133.0707,319.2,1,1,2014-06-29,0455,Aqua,MODIS,68,6.2,294.5,9.7,D,0
-12.2609,131.0371,318.5,1,1,2014-06-29,0455,Aqua,MODIS,48,6.2,305,7.3,D,0
-12.4475,130.7497,316.3,1,1,2014-06-29,0455,Aqua,MODIS,34,6.2,303.7,6.5,D,0
-12.4752,133.9438,317.2,1.1,1,2014-06-29,0455,Aqua,MODIS,69,6.2,288.1,11.7,D,0
-12.5902,133.2335,312.5,1,1,2014-06-29,0455,Aqua,MODIS,49,6.2,288.8,7.6,D,0
-12.0024,133.7663,329.9,1.1,1,2014-06-29,0455,Aqua,MODIS,83,6.2,299.7,21.7,D,0
-12.746,132.9839,328,1,1,2014-06-29,0455,Aqua,MODIS,35,6.2,303.9,15.5,D,0
-12.4488,130.7402,322.9,1,1,2014-06-29,0455,Aqua,MODIS,67,6.2,305,12.6,D,0
-12.5668,131.5414,322.7,1,1,2014-06-29,0455,Aqua,MODIS,18,6.2,305.4,9.6,D,0
-12.7301,131.2284,346.5,1,1,2014-06-29,0455,Aqua,MODIS,93,6.2,306,45.2,D,0
-12.7237,133.0092,330.3,1,1,2014-06-29,0455,Aqua,MODIS,82,6.2,301.3,19.5,D,0
-12.3259,133.5835,316.8,1.1,1,2014-06-29,0455,Aqua,MODIS,68,6.2,277,12.1,D,0
-11.9931,133.7648,342.2,1.1,1,2014-06-29,0455,Aqua,MODIS,91,6.2,298.9,43,D,0
-11.9946,133.7548,329.9,1.1,1,2014-06-29,0455,Aqua,MODIS,83,6.2,295.3,22.6,D,0
-12.6311,133.0179,321.2,1,1,2014-06-29,0455,Aqua,MODIS,72,6.2,296.6,12.4,D,0
-12.0475,134.1438,315.2,1.1,1.1,2014-06-29,0455,Aqua,MODIS,65,6.2,293.4,8.1,D,0
-12.8726,130.7386,362.9,1,1,2014-06-29,0455,Aqua,MODIS,100,6.2,309.4,87.8,D,0
-12.7392,131.2297,395.8,1,1,2014-06-29,0455,Aqua,MODIS,100,6.2,311,223.9,D,0
-12.7328,133.0106,319.8,1,1,2014-06-29,0455,Aqua,MODIS,23,6.2,301.9,7.6,D,0
-12.6325,133.0085,314.9,1,1,2014-06-29,0455,Aqua,MODIS,38,6.2,294.5,6.2,D,0
-12.7251,132.9998,350.5,1,1,2014-06-29,0455,Aqua,MODIS,95,6.2,304.5,54.9,D,0
-12.0009,133.7762,324.8,1.1,1,2014-06-29,0455,Aqua,MODIS,79,6.2,300,14.2,D,0
-12.7483,131.231,321.8,1,1,2014-06-29,0455,Aqua,MODIS,61,6.2,304.8,10.3,D,0
-12.6932,131.1697,359.3,1,1,2014-06-29,0455,Aqua,MODIS,99,6.2,306.2,75.5,D,0
-12.4889,132.9127,320.2,1,1,2014-06-29,0455,Aqua,MODIS,71,6.2,294.3,11.6,D,0
-21.646,118.9199,312.4,3.4,1.7,2014-06-29,0631,Aqua,MODIS,62,6.2,298.7,40,D,0
-21.6511,118.9128,309.7,3.4,1.7,2014-06-29,0631,Aqua,MODIS,53,6.2,298.2,30.4,D,0
-21.1147,118.9636,327.9,3.5,1.8,2014-06-29,0631,Aqua,MODIS,82,6.2,300.3,136.5,D,0
-21.1216,118.9303,318,3.5,1.8,2014-06-29,0631,Aqua,MODIS,72,6.2,298.9,70.9,D,0
-21.1212,118.9572,331,3.5,1.8,2014-06-29,0631,Aqua,MODIS,84,6.2,299.8,159.2,D,0
-21.35,119.0011,324.8,3.5,1.8,2014-06-29,0631,Aqua,MODIS,43,6.2,297.7,96.9,D,0
-21.3581,118.9985,322.3,3.5,1.8,2014-06-29,0631,Aqua,MODIS,23,6.2,297.7,82.5,D,0
-21.3173,118.9807,315.5,3.5,1.8,2014-06-29,0631,Aqua,MODIS,55,6.2,298.7,54.9,D,0
-21.3782,118.8995,320.8,3.4,1.7,2014-06-29,0631,Aqua,MODIS,63,6.2,298.8,77.8,D,0
-27.6313,150.9572,342.5,1.1,1,2014-06-29,1237,Terra,MODIS,100,6.2,278.3,56.7,N,0
-27.6242,150.9606,328.6,1.1,1,2014-06-29,1237,Terra,MODIS,100,6.2,277.2,34.6,N,0
-27.63,150.9679,333.5,1.1,1,2014-06-29,1237,Terra,MODIS,100,6.2,276.9,41.4,N,0
-24.6789,151.8092,315.9,1,1,2014-06-29,1238,Terra,MODIS,92,6.2,278.9,18.5,N,0
-15.5394,141.807,301.1,2.8,1.6,2014-06-29,1241,Terra,MODIS,37,6.2,289.1,22.1,N,0
-12.8879,142.52,301,2.2,1.4,2014-06-29,1241,Terra,MODIS,36,6.2,289.1,14.1,N,0
-12.6455,141.9082,301.6,2.5,1.5,2014-06-29,1241,Terra,MODIS,23,6.2,287.5,14.8,N,0
-12.6382,141.9008,305,2.5,1.5,2014-06-29,1241,Terra,MODIS,62,6.2,287.9,24.6,N,0
-22.1081,123.2176,303.9,1.3,1.1,2014-06-29,1417,Terra,MODIS,57,6.2,279.4,12.7,N,0
-22.1092,123.2119,316.5,1.3,1.1,2014-06-29,1417,Terra,MODIS,93,6.2,280.6,25.3,N,0
-22.1096,123.2054,312.8,1.3,1.1,2014-06-29,1417,Terra,MODIS,86,6.2,280.5,21.2,N,0
-21.3461,119.0068,307.4,2.4,1.5,2014-06-29,1418,Terra,MODIS,71,6.2,285.3,34.1,N,0
-21.3327,119.0053,309.6,2.4,1.5,2014-06-29,1418,Terra,MODIS,78,6.2,284.9,37.9,N,0
-21.3485,118.9839,302,2.4,1.5,2014-06-29,1418,Terra,MODIS,30,6.2,285.4,23.2,N,0
-21.2689,118.8748,310.4,2.4,1.5,2014-06-29,1418,Terra,MODIS,80,6.2,284.1,46.4,N,0
-15.692,129.3031,300.1,1.5,1.2,2014-06-29,1419,Terra,MODIS,14,6.2,289.5,7.8,N,0
-15.9692,127.8144,320.4,1.2,1.1,2014-06-29,1419,Terra,MODIS,100,6.2,294,22.1,N,0
-14.1055,130.6298,303.2,2,1.4,2014-06-29,1419,Terra,MODIS,54,6.2,292.2,13,N,0
-15.9504,127.7945,306.3,1.2,1.1,2014-06-29,1419,Terra,MODIS,68,6.2,293.4,9.5,N,0
-16.0191,127.8804,303.4,1.2,1.1,2014-06-29,1419,Terra,MODIS,55,6.2,291.3,6.8,N,0
-15.881,128.6305,304,1.3,1.1,2014-06-29,1419,Terra,MODIS,58,6.2,291.8,8.2,N,0
-15.9647,127.7797,307.2,1.2,1.1,2014-06-29,1419,Terra,MODIS,20,6.2,293,8.6,N,0
-15.9594,127.8127,312.8,1.2,1.1,2014-06-29,1419,Terra,MODIS,33,6.2,293.5,12.6,N,0
-15.9664,127.7688,304.7,1.2,1.1,2014-06-29,1419,Terra,MODIS,61,6.2,291.4,7.7,N,0
-14.1209,130.6134,313.1,2,1.4,2014-06-29,1419,Terra,MODIS,86,6.2,292.7,29.4,N,0
-15.9514,127.8003,312.6,1.2,1.1,2014-06-29,1419,Terra,MODIS,23,6.2,294.1,12.6,N,0
-15.7125,124.9199,311.5,1,1,2014-06-29,1419,Terra,MODIS,83,6.2,294.1,9.7,N,0
-14.0987,130.6167,307.6,2,1.4,2014-06-29,1419,Terra,MODIS,72,6.2,292.5,19.8,N,0
-14.1085,130.6116,304.2,2,1.4,2014-06-29,1419,Terra,MODIS,59,6.2,292.5,14.4,N,0
-15.7112,124.9292,304.9,1,1,2014-06-29,1419,Terra,MODIS,62,6.2,294.1,5.2,N,0
-16.0209,127.8688,307.1,1.2,1.1,2014-06-29,1419,Terra,MODIS,70,6.2,290.9,10,N,0
-14.1233,130.6206,312.9,2,1.4,2014-06-29,1419,Terra,MODIS,86,6.2,292.4,29,N,0
-15.3669,127.865,309.7,1.2,1.1,2014-06-29,1419,Terra,MODIS,78,6.2,292.7,11.7,N,0
-15.375,127.8782,304.2,1.2,1.1,2014-06-29,1419,Terra,MODIS,31,6.2,292.6,6.7,N,0
-14.9239,126.047,303.6,1,1,2014-06-29,1419,Terra,MODIS,56,6.2,284.6,8.1,N,0
-13.7112,130.308,300.8,1.9,1.3,2014-06-29,1419,Terra,MODIS,29,6.2,289.7,11.6,N,0
-13.6992,130.3058,312.4,1.9,1.3,2014-06-29,1419,Terra,MODIS,85,6.2,290.1,30.3,N,0
-15.6577,130.4123,303.2,1.8,1.3,2014-06-29,1419,Terra,MODIS,48,6.2,291.4,11.9,N,0
-15.3714,127.9014,303.3,1.2,1.1,2014-06-29,1419,Terra,MODIS,54,6.2,292.5,6.4,N,0
-14.5071,130.2055,300.5,1.8,1.3,2014-06-29,1419,Terra,MODIS,19,6.2,289.3,10.3,N,0
-14.9474,126.0666,306,1,1,2014-06-29,1419,Terra,MODIS,31,6.2,286.6,8.5,N,0
-13.715,130.3144,303,1.9,1.3,2014-06-29,1419,Terra,MODIS,53,6.2,289.3,15.3,N,0
-15.2584,127.5032,303.9,1.2,1.1,2014-06-29,1419,Terra,MODIS,58,6.2,290.7,7.6,N,0
-14.3704,126.1058,308.5,1.1,1,2014-06-29,1419,Terra,MODIS,75,6.2,292.9,8.4,N,0
-15.5662,129.3039,303.8,1.5,1.2,2014-06-29,1419,Terra,MODIS,57,6.2,290.5,10.4,N,0
-13.7029,130.3122,311.9,1.9,1.3,2014-06-29,1419,Terra,MODIS,84,6.2,290.2,29.6,N,0
-13.8967,131.707,302.2,2.4,1.5,2014-06-29,1419,Terra,MODIS,47,6.2,290.5,18,N,0
-13.7796,126.9341,312.6,1.1,1.1,2014-06-29,1420,Terra,MODIS,79,6.2,291.3,15.1,N,0
-13.8062,126.9773,339,1.2,1.1,2014-06-29,1420,Terra,MODIS,100,6.2,292.3,52.4,N,0
-13.8078,126.9668,311.6,1.2,1.1,2014-06-29,1420,Terra,MODIS,75,6.2,289.5,13.4,N,0
-13.7966,126.9758,312.2,1.2,1.1,2014-06-29,1420,Terra,MODIS,78,6.2,290.2,14.3,N,0
-13.7982,126.9652,337,1.2,1.1,2014-06-29,1420,Terra,MODIS,100,6.2,292.4,47.9,N,0
-11.5928,130.4203,311.3,2.1,1.4,2014-06-29,1420,Terra,MODIS,74,6.2,288.5,32.1,N,0
-13.7668,126.8888,314.1,1.1,1.1,2014-06-29,1420,Terra,MODIS,84,6.2,292.2,14.2,N,0
-13.8547,127.0674,307.4,1.2,1.1,2014-06-29,1420,Terra,MODIS,54,6.2,293.1,9.3,N,0
-13.7588,126.8768,320.1,1.1,1.1,2014-06-29,1420,Terra,MODIS,100,6.2,292.6,21.6,N,0
-13.8049,126.8584,310.8,1.1,1.1,2014-06-29,1420,Terra,MODIS,72,6.2,291.5,12.3,N,0
-13.8033,126.8689,308.4,1.1,1.1,2014-06-29,1420,Terra,MODIS,61,6.2,290.9,9.9,N,0
-13.7823,126.9409,312.4,1.1,1.1,2014-06-29,1420,Terra,MODIS,78,6.2,290.5,13.5,N,0
-13.7999,126.9546,311.7,1.2,1.1,2014-06-29,1420,Terra,MODIS,76,6.2,290.2,13.4,N,0
-13.8413,127.0704,367.4,1.2,1.1,2014-06-29,1420,Terra,MODIS,100,6.2,298,0,N,0
-13.7572,126.8873,309.7,1.1,1.1,2014-06-29,1420,Terra,MODIS,67,6.2,291.3,10.8,N,0
-13.7732,126.9115,311.6,1.1,1.1,2014-06-29,1420,Terra,MODIS,44,6.2,291.8,12.2,N,0
-15.496,141.9489,307.3,1.3,1.1,2014-06-29,1545,Aqua,MODIS,27,6.2,285.4,11.9,N,0
-15.534,141.8116,301,1.3,1.1,2014-06-29,1545,Aqua,MODIS,36,6.2,286.8,8.2,N,0
-15.4832,141.6303,303.5,1.4,1.2,2014-06-29,1545,Aqua,MODIS,56,6.2,287.5,11.1,N,0
-13.6901,130.3051,315.9,3.6,1.8,2014-06-29,1723,Aqua,MODIS,89,6.2,288.6,98,N,0
-13.6667,130.3157,307.6,3.6,1.8,2014-06-29,1723,Aqua,MODIS,55,6.2,287.3,58.6,N,0
-13.6792,130.2806,307.8,3.6,1.8,2014-06-29,1723,Aqua,MODIS,57,6.2,288,57.7,N,0
-13.6828,130.3139,322.2,3.6,1.8,2014-06-29,1723,Aqua,MODIS,100,6.2,288.8,136.6,N,0
-13.6631,130.2824,319.2,3.6,1.8,2014-06-29,1723,Aqua,MODIS,98,6.2,288.5,116,N,0
-16.0771,127.8557,330.6,2.5,1.5,2014-06-29,1724,Aqua,MODIS,100,6.2,290.4,118.8,N,0
-15.9698,127.8282,308,2.5,1.5,2014-06-29,1724,Aqua,MODIS,59,6.2,289.8,31.8,N,0
-16.0812,127.8261,328.7,2.5,1.5,2014-06-29,1724,Aqua,MODIS,100,6.2,289.1,110,N,0
-16.0744,127.8322,341.4,2.5,1.5,2014-06-29,1724,Aqua,MODIS,100,6.2,290.4,180.5,N,0
-15.9642,127.8453,303,2.5,1.5,2014-06-29,1724,Aqua,MODIS,32,6.2,289.7,21,N,0
-16.0837,127.8495,348.6,2.5,1.5,2014-06-29,1724,Aqua,MODIS,100,6.2,292.3,235.4,N,0
-15.9617,127.8223,307.9,2.5,1.5,2014-06-29,1724,Aqua,MODIS,27,6.2,290.6,30.1,N,0
-16.0909,127.8541,317.2,2.5,1.5,2014-06-29,1724,Aqua,MODIS,95,6.2,289.8,63,N,0
-15.9645,127.7824,304.7,2.5,1.5,2014-06-29,1724,Aqua,MODIS,25,6.2,289.9,23.6,N,0
-21.2648,118.8923,309.6,1,1,2014-06-29,1725,Aqua,MODIS,78,6.2,283.5,12.3,N,0
-21.3388,119.018,302.8,1,1,2014-06-29,1726,Aqua,MODIS,35,6.2,285.1,6.8,N,0
-21.3402,119.0276,301.2,1,1,2014-06-29,1726,Aqua,MODIS,33,6.2,285.4,6.1,N,0
-21.346,119.0011,303.3,1,1,2014-06-29,1726,Aqua,MODIS,54,6.2,284.4,7.7,N,0
-30.3312,152.95,305.3,1.7,1.3,2014-06-29,2336,Terra,MODIS,61,6.2,282.3,20.9,D,0
-11.0953,132.5516,324.3,2,1.4,2014-06-30,0109,Terra,MODIS,77,6.2,297.3,47,D,0
-12.6392,141.8978,310.9,1.4,1.2,2014-06-30,0109,Terra,MODIS,40,6.2,296.3,6.7,D,0
-12.6409,141.9103,329.5,1.4,1.2,2014-06-30,0109,Terra,MODIS,84,6.2,296.8,36.4,D,0
-12.3732,141.9644,314.6,1.4,1.2,2014-06-30,0109,Terra,MODIS,67,6.2,295.1,11.8,D,0
-12.3628,141.9659,312.5,1.4,1.2,2014-06-30,0109,Terra,MODIS,43,6.2,296.6,8.6,D,0
-12.5499,135.3452,310,1.2,1.1,2014-06-30,0110,Terra,MODIS,42,6.2,297.4,6.1,D,0
-15.1246,143.0103,318,1.8,1.3,2014-06-30,0110,Terra,MODIS,74,6.2,298.2,25.2,D,0
-14.6908,134.5061,322.8,1.3,1.1,2014-06-30,0110,Terra,MODIS,79,6.2,300.2,21,D,0
-16.4488,142.8077,350.9,1.8,1.3,2014-06-30,0110,Terra,MODIS,96,6.2,297.8,133.1,D,0
-14.6889,134.4943,315.5,1.3,1.1,2014-06-30,0110,Terra,MODIS,51,6.2,299.4,11.6,D,0
-15.4943,141.9455,315.7,1.5,1.2,2014-06-30,0110,Terra,MODIS,63,6.2,299.7,14.8,D,0
-14.7984,142.8466,319.8,1.7,1.3,2014-06-30,0110,Terra,MODIS,54,6.2,297.2,25.8,D,0
-13.643,134.0977,331.8,1.4,1.2,2014-06-30,0110,Terra,MODIS,69,6.2,300.3,38.7,D,0
-12.4609,133.9642,311.6,1.5,1.2,2014-06-30,0110,Terra,MODIS,62,6.2,298.6,10.3,D,0
-16.4667,142.7989,324.3,1.8,1.3,2014-06-30,0110,Terra,MODIS,73,6.2,297.1,38.3,D,0
-12.8552,133.2799,324.7,1.6,1.3,2014-06-30,0110,Terra,MODIS,80,6.2,298.7,36.3,D,0
-13.645,134.1104,325.7,1.4,1.2,2014-06-30,0110,Terra,MODIS,39,6.2,299.2,25.9,D,0
-16.4687,142.8157,319.8,1.8,1.3,2014-06-30,0110,Terra,MODIS,56,6.2,299,26.2,D,0
-15.5243,141.8088,332.1,1.5,1.2,2014-06-30,0110,Terra,MODIS,86,6.2,297.8,46.3,D,0
-14.6788,134.4961,318.5,1.3,1.1,2014-06-30,0110,Terra,MODIS,57,6.2,299.8,14.9,D,0
-15.4821,141.6821,332.4,1.4,1.2,2014-06-30,0110,Terra,MODIS,86,6.2,299.1,42.4,D,0
-16.4369,142.8092,323.5,1.8,1.3,2014-06-30,0110,Terra,MODIS,69,6.2,296.3,35.9,D,0
-15.526,141.8225,316.4,1.5,1.2,2014-06-30,0110,Terra,MODIS,60,6.2,296.8,15.2,D,0
-12.6321,132.9892,312,1.7,1.3,2014-06-30,0110,Terra,MODIS,61,6.2,298.7,13.1,D,0
-15.4838,141.6955,327.7,1.5,1.2,2014-06-30,0110,Terra,MODIS,83,6.2,298.3,34.2,D,0
-15.1136,142.9841,314.2,1.8,1.3,2014-06-30,0110,Terra,MODIS,69,6.2,296.7,16.3,D,0
-13.6374,134.0926,319.3,1.4,1.2,2014-06-30,0110,Terra,MODIS,75,6.2,299.3,18,D,0
-15.5053,141.9441,325.8,1.5,1.2,2014-06-30,0110,Terra,MODIS,81,6.2,299.7,32.6,D,0
-16.439,142.826,323.9,1.8,1.3,2014-06-30,0110,Terra,MODIS,72,6.2,299.2,36.3,D,0
-12.5693,131.6361,309,2.2,1.4,2014-06-30,0110,Terra,MODIS,55,6.2,295.3,18.3,D,0
-15.4925,141.9315,351,1.5,1.2,2014-06-30,0110,Terra,MODIS,96,6.2,300.1,107.8,D,0
-12.8532,133.2734,330.8,1.6,1.3,2014-06-30,0110,Terra,MODIS,85,6.2,299.5,49.8,D,0
-15.4874,141.6892,320.8,1.5,1.2,2014-06-30,0110,Terra,MODIS,76,6.2,297.6,19.7,D,0
-14.7868,142.8481,322,1.7,1.3,2014-06-30,0110,Terra,MODIS,42,6.2,299.8,28.4,D,0
-11.9805,133.7752,317.4,1.6,1.2,2014-06-30,0110,Terra,MODIS,66,6.2,300.2,18,D,0
-12.7273,132.989,322,1.7,1.3,2014-06-30,0110,Terra,MODIS,78,6.2,299.2,31.1,D,0
-12.5686,131.5529,316.8,2.2,1.5,2014-06-30,0110,Terra,MODIS,36,6.2,297.7,31.3,D,0
-16.4606,142.8062,350.6,1.8,1.3,2014-06-30,0110,Terra,MODIS,94,6.2,299.7,128.7,D,0
-15.4798,141.919,328.5,1.5,1.2,2014-06-30,0110,Terra,MODIS,83,6.2,297.5,39.3,D,0
-12.8661,131.0585,357.2,2.4,1.5,2014-06-30,0110,Terra,MODIS,86,6.2,299.2,265.5,D,0
-11.934,133.8474,309.7,1.6,1.2,2014-06-30,0110,Terra,MODIS,57,6.2,298,9.6,D,0
-15.1226,142.9938,343.3,1.8,1.3,2014-06-30,0110,Terra,MODIS,92,6.2,297.6,103,D,0
-12.8816,141.9754,323.9,1.4,1.2,2014-06-30,0110,Terra,MODIS,80,6.2,297.9,27.9,D,0
-12.8698,131.0804,321.1,2.4,1.5,2014-06-30,0110,Terra,MODIS,60,6.2,297.7,47.9,D,0
-12.4587,133.9508,317.5,1.5,1.2,2014-06-30,0110,Terra,MODIS,72,6.2,298.7,19.5,D,0
-13.2988,133.8793,308.6,1.5,1.2,2014-06-30,0110,Terra,MODIS,51,6.2,296.2,8.5,D,0
-12.5521,135.3502,311.6,1.2,1.1,2014-06-30,0110,Terra,MODIS,58,6.2,296.9,8.4,D,0
-13.2966,133.866,331.1,1.5,1.2,2014-06-30,0110,Terra,MODIS,85,6.2,297.9,46.8,D,0
-16.445,142.8187,350.3,1.8,1.3,2014-06-30,0110,Terra,MODIS,96,6.2,300.7,126.6,D,0
-12.5556,131.5552,325,2.2,1.5,2014-06-30,0110,Terra,MODIS,81,6.2,297.3,60.3,D,0
-15.4679,141.6567,318.2,1.4,1.2,2014-06-30,0110,Terra,MODIS,47,6.2,297.6,15.7,D,0
-12.7049,133.2802,308.8,1.7,1.3,2014-06-30,0110,Terra,MODIS,51,6.2,297.3,8.3,D,0
-16.4568,142.8172,348.5,1.8,1.3,2014-06-30,0110,Terra,MODIS,95,6.2,299.1,121.3,D,0
-15.5161,141.6581,315.3,1.4,1.2,2014-06-30,0110,Terra,MODIS,68,6.2,299.1,12.4,D,0
-12.5322,130.6821,308.3,2.6,1.6,2014-06-30,0110,Terra,MODIS,50,6.2,296.8,17.6,D,0
-15.4816,141.9329,331.8,1.5,1.2,2014-06-30,0110,Terra,MODIS,86,6.2,299.5,46.6,D,0
-12.864,131.0746,323.2,2.4,1.5,2014-06-30,0110,Terra,MODIS,73,6.2,297.3,60.5,D,0
-15.1157,143.0005,331.9,1.8,1.3,2014-06-30,0110,Terra,MODIS,86,6.2,298.3,59.5,D,0
-12.8601,131.0526,345.2,2.4,1.5,2014-06-30,0110,Terra,MODIS,0,6.2,298.4,175.6,D,0
-16.4508,142.8245,352.8,1.8,1.3,2014-06-30,0110,Terra,MODIS,97,6.2,300.4,142.2,D,0
-16.4549,142.8004,348.6,1.8,1.3,2014-06-30,0110,Terra,MODIS,95,6.2,298.2,122.6,D,0
-12.8832,141.9883,314.4,1.4,1.2,2014-06-30,0110,Terra,MODIS,70,6.2,296.4,13,D,0
-13.646,134.1437,315.5,1.4,1.2,2014-06-30,0110,Terra,MODIS,50,6.2,296.9,12.3,D,0
-15.4696,141.6701,329.9,1.4,1.2,2014-06-30,0110,Terra,MODIS,84,6.2,300.6,38.2,D,0
-12.5521,131.5347,313.8,2.3,1.5,2014-06-30,0110,Terra,MODIS,49,6.2,296.4,27.3,D,0
-13.1427,133.5576,312.8,1.6,1.2,2014-06-30,0110,Terra,MODIS,65,6.2,299,13.6,D,0
-12.8774,131.0721,327.3,2.4,1.5,2014-06-30,0110,Terra,MODIS,77,6.2,298.6,72.7,D,0
-15.4803,141.6687,339.3,1.4,1.2,2014-06-30,0110,Terra,MODIS,90,6.2,299.2,59.9,D,0
-12.9694,134.3855,317.8,1.4,1.2,2014-06-30,0110,Terra,MODIS,73,6.2,297.9,19.2,D,0
-11.9781,133.7609,314.8,1.6,1.2,2014-06-30,0110,Terra,MODIS,54,6.2,301.2,14.2,D,0
-11.9671,133.7628,325.3,1.6,1.2,2014-06-30,0110,Terra,MODIS,81,6.2,298.8,33.7,D,0
-16.4133,142.8122,321,1.8,1.3,2014-06-30,0110,Terra,MODIS,37,6.2,296.9,30.5,D,0
-15.5368,141.8211,316.2,1.5,1.2,2014-06-30,0110,Terra,MODIS,67,6.2,296.4,16,D,0
-13.6585,134.1546,347.4,1.4,1.2,2014-06-30,0110,Terra,MODIS,94,6.2,300.4,82.7,D,0
-12.6248,132.9975,308.6,1.7,1.3,2014-06-30,0110,Terra,MODIS,27,6.2,297.8,8.5,D,0
-13.6396,134.1054,340.2,1.4,1.2,2014-06-30,0110,Terra,MODIS,91,6.2,301,61.4,D,0
-14.8004,142.8624,321.6,1.7,1.3,2014-06-30,0110,Terra,MODIS,66,6.2,297.6,29.3,D,0
-13.6325,134.0994,332.6,1.4,1.2,2014-06-30,0110,Terra,MODIS,38,6.2,299.2,39.1,D,0
-12.7024,133.2652,319.1,1.7,1.3,2014-06-30,0110,Terra,MODIS,75,6.2,297.8,25.9,D,0
-13.6511,134.1488,336.9,1.4,1.2,2014-06-30,0110,Terra,MODIS,89,6.2,298.1,52,D,0
-12.735,132.9816,317.1,1.7,1.3,2014-06-30,0110,Terra,MODIS,72,6.2,300.6,21.4,D,0
-12.8831,142.525,314.4,1.5,1.2,2014-06-30,0110,Terra,MODIS,69,6.2,294.5,15.2,D,0
-16.4251,142.8107,337.4,1.8,1.3,2014-06-30,0110,Terra,MODIS,85,6.2,298.4,77,D,0
-12.0299,133.9406,316,1.5,1.2,2014-06-30,0110,Terra,MODIS,70,6.2,297.6,17.7,D,0
-12.4853,132.9282,309.8,1.8,1.3,2014-06-30,0110,Terra,MODIS,57,6.2,299.1,11.4,D,0
-12.8527,133.2647,328.1,1.6,1.3,2014-06-30,0110,Terra,MODIS,83,6.2,299.3,44.3,D,0
-15.5034,141.9301,334.6,1.5,1.2,2014-06-30,0110,Terra,MODIS,88,6.2,298.8,53,D,0
-12.567,131.6295,310.2,2.2,1.4,2014-06-30,0110,Terra,MODIS,54,6.2,295.7,19.5,D,0
-11.4653,131.3361,313.3,2.4,1.5,2014-06-30,0110,Terra,MODIS,64,6.2,296.4,26.8,D,0
-11.4276,131.3265,311.9,2.5,1.5,2014-06-30,0110,Terra,MODIS,54,6.2,296.3,21.6,D,0
-11.4209,131.3206,310.2,2.5,1.5,2014-06-30,0110,Terra,MODIS,43,6.2,296,17.4,D,0
-15.2634,134.4372,324.1,1.3,1.1,2014-06-30,0110,Terra,MODIS,78,6.2,299.8,22.8,D,0
-12.7468,131.22,314.6,2.4,1.5,2014-06-30,0110,Terra,MODIS,67,6.2,298.4,30,D,0
-15.2629,134.432,323,1.3,1.1,2014-06-30,0110,Terra,MODIS,75,6.2,298.8,21.2,D,0
-14.2133,129.9623,307.3,2.8,1.6,2014-06-30,0110,Terra,MODIS,42,6.2,296.1,21,D,0
-11.6452,130.4464,309.5,2.8,1.6,2014-06-30,0110,Terra,MODIS,33,6.2,294.7,17.8,D,0
-14.4579,130.2113,309.7,2.6,1.6,2014-06-30,0110,Terra,MODIS,63,6.2,297.3,23.6,D,0
-14.2469,129.4871,307.8,3,1.6,2014-06-30,0110,Terra,MODIS,58,6.2,294.6,28.2,D,0
-14.2427,129.4665,308.4,3,1.6,2014-06-30,0110,Terra,MODIS,46,6.2,294.6,26.4,D,0
-14.3652,129.7891,321.8,2.8,1.6,2014-06-30,0110,Terra,MODIS,79,6.2,294.4,74.4,D,0
-14.37,129.8146,308.2,2.8,1.6,2014-06-30,0110,Terra,MODIS,43,6.2,295.4,22.1,D,0
-14.4623,130.235,306.6,2.6,1.5,2014-06-30,0110,Terra,MODIS,43,6.2,295.9,16.3,D,0
-14.4529,130.218,312.9,2.6,1.6,2014-06-30,0110,Terra,MODIS,69,6.2,296.7,33,D,0
-14.1596,129.6009,307.2,2.9,1.6,2014-06-30,0110,Terra,MODIS,51,6.2,295.5,24,D,0
-14.2104,129.969,309.9,2.8,1.6,2014-06-30,0110,Terra,MODIS,54,6.2,295.8,28.6,D,0
-14.3774,129.7924,321.7,2.8,1.6,2014-06-30,0110,Terra,MODIS,79,6.2,295,71.8,D,0
-14.1134,130.6184,311.5,2.5,1.5,2014-06-30,0110,Terra,MODIS,18,6.2,298.8,20.4,D,0
-14.3631,129.7952,310.5,2.8,1.6,2014-06-30,0110,Terra,MODIS,23,6.2,294.7,27.2,D,0
-14.1599,129.5948,306.9,2.9,1.6,2014-06-30,0110,Terra,MODIS,41,6.2,295.6,23,D,0
-14.2823,132.8621,316.6,1.7,1.3,2014-06-30,0110,Terra,MODIS,71,6.2,297.1,22.3,D,0
-14.5134,130.201,310.6,2.6,1.6,2014-06-30,0110,Terra,MODIS,56,6.2,296.8,24.7,D,0
-13.9658,130.0614,307,2.7,1.6,2014-06-30,0110,Terra,MODIS,47,6.2,295.3,22.3,D,0
-13.8392,130.1941,312,2.7,1.6,2014-06-30,0110,Terra,MODIS,63,6.2,296.5,31.4,D,0
-13.8303,133.0519,334.6,1.6,1.3,2014-06-30,0110,Terra,MODIS,88,6.2,297.6,63.9,D,0
-13.8317,133.0577,334.5,1.6,1.3,2014-06-30,0110,Terra,MODIS,87,6.2,297.3,64.5,D,0
-14.5548,130.1926,307.6,2.6,1.6,2014-06-30,0110,Terra,MODIS,14,6.2,295.6,16.8,D,0
-14.5595,130.1847,308.8,2.6,1.6,2014-06-30,0110,Terra,MODIS,53,6.2,295.4,21.3,D,0
-13.7131,130.3251,312.3,2.6,1.6,2014-06-30,0110,Terra,MODIS,50,6.2,298.8,24.7,D,0
-13.6721,130.2884,312.7,2.7,1.6,2014-06-30,0110,Terra,MODIS,57,6.2,298.8,32.7,D,0
-13.8293,133.0428,312.9,1.6,1.3,2014-06-30,0110,Terra,MODIS,65,6.2,295.9,16.2,D,0
-11.6177,130.4442,310.9,2.8,1.6,2014-06-30,0110,Terra,MODIS,0,6.2,294.4,20,D,0
-13.7506,130.2934,315.8,2.7,1.6,2014-06-30,0110,Terra,MODIS,71,6.2,299.7,35.3,D,0
-13.7464,130.2999,316.3,2.7,1.6,2014-06-30,0110,Terra,MODIS,47,6.2,300,33.8,D,0
-13.7227,130.3292,312.7,2.6,1.6,2014-06-30,0110,Terra,MODIS,40,6.2,298.6,24,D,0
-13.822,131.8033,308.2,2,1.4,2014-06-30,0110,Terra,MODIS,48,6.2,297.6,11.9,D,0
-13.9685,130.0541,309.1,2.7,1.6,2014-06-30,0110,Terra,MODIS,58,6.2,294.7,29.3,D,0
-13.783,126.9618,309.2,4.7,2,2014-06-30,0110,Terra,MODIS,0,6.2,292.9,41.1,D,0
-13.6905,130.3102,325.8,2.7,1.6,2014-06-30,0110,Terra,MODIS,81,6.2,299,78.6,D,0
-13.8569,133.4857,316.8,1.5,1.2,2014-06-30,0110,Terra,MODIS,72,6.2,297.6,19.2,D,0
-13.8546,133.4718,309.4,1.5,1.2,2014-06-30,0110,Terra,MODIS,24,6.2,297.8,8.4,D,0
-13.6405,133.7819,308.6,1.5,1.2,2014-06-30,0110,Terra,MODIS,49,6.2,297.9,7.7,D,0
-13.6383,133.7684,311.7,1.5,1.2,2014-06-30,0110,Terra,MODIS,61,6.2,298.4,11,D,0
-14.3801,133.0303,317.6,1.6,1.2,2014-06-30,0110,Terra,MODIS,73,6.2,297.9,21.2,D,0
-13.8123,133.4212,308.1,1.5,1.2,2014-06-30,0110,Terra,MODIS,50,6.2,296.7,8.8,D,0
-14.2813,132.9248,309.9,1.6,1.3,2014-06-30,0110,Terra,MODIS,58,6.2,296.9,11.5,D,0
-14.2849,132.8773,315.1,1.7,1.3,2014-06-30,0110,Terra,MODIS,69,6.2,297.8,19.5,D,0
-13.5436,133.2645,308.1,1.6,1.2,2014-06-30,0110,Terra,MODIS,24,6.2,296.2,7.2,D,0
-13.8188,133.5418,311.3,1.5,1.2,2014-06-30,0110,Terra,MODIS,56,6.2,298.2,10.1,D,0
-13.5989,134.0918,330.3,1.4,1.2,2014-06-30,0110,Terra,MODIS,66,6.2,297.4,38.3,D,0
-14.1555,133.4153,313.9,1.5,1.2,2014-06-30,0110,Terra,MODIS,30,6.2,297,14.5,D,0
-13.716,133.4067,325.8,1.6,1.2,2014-06-30,0110,Terra,MODIS,81,6.2,298.2,36.2,D,0
-13.7183,133.4211,322.8,1.6,1.2,2014-06-30,0110,Terra,MODIS,78,6.2,297.1,30.1,D,0
-13.7056,133.4023,317.4,1.6,1.2,2014-06-30,0110,Terra,MODIS,58,6.2,295.8,19.9,D,0
-13.6711,134.1656,326.3,1.4,1.2,2014-06-30,0110,Terra,MODIS,70,6.2,298.6,28.6,D,0
-13.708,133.4167,328.5,1.6,1.2,2014-06-30,0110,Terra,MODIS,83,6.2,297.3,42.4,D,0
-13.719,133.4148,324.2,1.6,1.2,2014-06-30,0110,Terra,MODIS,80,6.2,297.9,33.8,D,0
-13.6606,134.1673,319.5,1.4,1.2,2014-06-30,0110,Terra,MODIS,55,6.2,297.8,18.4,D,0
-14.3379,133.0533,311.1,1.6,1.2,2014-06-30,0110,Terra,MODIS,61,6.2,299.2,9.8,D,0
-14.3403,133.0677,314.2,1.6,1.2,2014-06-30,0110,Terra,MODIS,68,6.2,298.4,14.5,D,0
-13.8204,133.0596,311.2,1.6,1.3,2014-06-30,0110,Terra,MODIS,56,6.2,298,13.6,D,0
-13.7345,133.0968,316.7,1.6,1.3,2014-06-30,0110,Terra,MODIS,69,6.2,297.2,20.2,D,0
-13.7208,133.0839,317.6,1.6,1.3,2014-06-30,0110,Terra,MODIS,67,6.2,297.1,21.5,D,0
-14.159,133.2986,312.6,1.6,1.2,2014-06-30,0110,Terra,MODIS,38,6.2,297,12.9,D,0
-12.9975,131.838,321.1,2.1,1.4,2014-06-30,0110,Terra,MODIS,76,6.2,301.9,33.3,D,0
-12.9975,131.8311,318.1,2.1,1.4,2014-06-30,0110,Terra,MODIS,72,6.2,302,26.1,D,0
-13.4286,133.06,315,1.7,1.3,2014-06-30,0110,Terra,MODIS,68,6.2,298.4,19.7,D,0
-13.8329,133.0668,314.7,1.6,1.3,2014-06-30,0110,Terra,MODIS,54,6.2,296.9,17.6,D,0
-13.9118,133.5475,308.6,1.5,1.2,2014-06-30,0110,Terra,MODIS,49,6.2,297.1,8.3,D,0
-11.9688,132.8119,310.1,1.8,1.3,2014-06-30,0110,Terra,MODIS,58,6.2,297.9,13.9,D,0
-13.6532,134.1615,338.6,1.4,1.2,2014-06-30,0110,Terra,MODIS,90,6.2,298.9,57.1,D,0
-11.9634,132.8187,309.4,1.8,1.3,2014-06-30,0110,Terra,MODIS,53,6.2,298.6,10.9,D,0
-13.3415,133.0185,315.1,1.7,1.3,2014-06-30,0110,Terra,MODIS,68,6.2,298,18.9,D,0
-13.4275,133.1225,314.2,1.6,1.3,2014-06-30,0110,Terra,MODIS,67,6.2,298.6,16,D,0
-13.7568,133.7275,310.2,1.5,1.2,2014-06-30,0110,Terra,MODIS,52,6.2,299.2,8.6,D,0
-13.7161,133.7484,312.3,1.5,1.2,2014-06-30,0110,Terra,MODIS,46,6.2,298,11.1,D,0
-13.3961,133.1432,322.2,1.6,1.3,2014-06-30,0110,Terra,MODIS,77,6.2,298.5,31,D,0
-13.3935,133.1282,313.7,1.6,1.3,2014-06-30,0110,Terra,MODIS,26,6.2,297.8,14.8,D,0
-13.6836,134.1767,331.2,1.4,1.2,2014-06-30,0110,Terra,MODIS,81,6.2,299.4,37.7,D,0
-13.7003,133.6534,328.8,1.5,1.2,2014-06-30,0110,Terra,MODIS,83,6.2,299.1,38.6,D,0
-13.3956,133.1348,319.8,1.6,1.3,2014-06-30,0110,Terra,MODIS,26,6.2,298.8,25.1,D,0
-13.6981,133.6397,378.7,1.5,1.2,2014-06-30,0110,Terra,MODIS,100,6.2,303.9,257.7,D,0
-13.6741,133.6297,319.4,1.5,1.2,2014-06-30,0110,Terra,MODIS,52,6.2,297.7,22.3,D,0
-13.6718,133.616,317.7,1.5,1.2,2014-06-30,0110,Terra,MODIS,43,6.2,297.7,20.1,D,0
-13.6335,133.6715,315.2,1.5,1.2,2014-06-30,0110,Terra,MODIS,69,6.2,298.3,16.4,D,0
-13.8188,131.7851,306.9,2,1.4,2014-06-30,0110,Terra,MODIS,39,6.2,296.6,10.2,D,0
-13.8175,131.7912,308.5,2,1.4,2014-06-30,0110,Terra,MODIS,35,6.2,296.7,11.8,D,0
-13.5966,134.2743,309.5,1.4,1.2,2014-06-30,0110,Terra,MODIS,40,6.2,297.7,6.9,D,0
-13.5748,133.6535,310.7,1.5,1.2,2014-06-30,0110,Terra,MODIS,52,6.2,296.7,10.9,D,0
-13.5727,133.6598,307.8,1.5,1.2,2014-06-30,0110,Terra,MODIS,27,6.2,296.2,7.4,D,0
-13.5834,133.1599,314.8,1.6,1.3,2014-06-30,0110,Terra,MODIS,68,6.2,297.8,18.8,D,0
-13.585,133.1664,315.7,1.6,1.3,2014-06-30,0110,Terra,MODIS,68,6.2,298,19.5,D,0
-13.5513,132.8331,326.5,1.7,1.3,2014-06-30,0110,Terra,MODIS,82,6.2,297.8,44.6,D,0
-13.5628,132.831,348.7,1.7,1.3,2014-06-30,0110,Terra,MODIS,95,6.2,299.4,122.9,D,0
-13.5655,132.8468,323.6,1.7,1.3,2014-06-30,0110,Terra,MODIS,79,6.2,298.7,36.4,D,0
-13.5855,133.0349,310.6,1.7,1.3,2014-06-30,0110,Terra,MODIS,58,6.2,295,13.8,D,0
-13.5677,133.0608,307.2,1.7,1.3,2014-06-30,0110,Terra,MODIS,26,6.2,295.4,7.7,D,0
-13.2718,131.9057,310.4,2,1.4,2014-06-30,0110,Terra,MODIS,47,6.2,300.3,9.7,D,0
-13.6485,132.9925,315.1,1.7,1.3,2014-06-30,0110,Terra,MODIS,66,6.2,295.1,20,D,0
-13.6461,132.9866,316.9,1.7,1.3,2014-06-30,0110,Terra,MODIS,71,6.2,296,23.9,D,0
-13.6793,133.0445,308.3,1.7,1.3,2014-06-30,0110,Terra,MODIS,35,6.2,295.2,9,D,0
-13.9501,132.3981,310.1,1.8,1.3,2014-06-30,0110,Terra,MODIS,59,6.2,299,12.3,D,0
-13.9529,132.4149,310.2,1.8,1.3,2014-06-30,0110,Terra,MODIS,60,6.2,298,12.7,D,0
-13.344,133.034,308.9,1.7,1.3,2014-06-30,0110,Terra,MODIS,43,6.2,297.2,9.2,D,0
-13.7495,136.6774,322.4,1,1,2014-06-30,0110,Terra,MODIS,0,6.2,297.1,17.7,D,0
-13.951,133.563,308.2,1.5,1.2,2014-06-30,0110,Terra,MODIS,48,6.2,297.5,7.1,D,0
-12.3506,134.9248,310,1.3,1.1,2014-06-30,0110,Terra,MODIS,59,6.2,293.9,9.2,D,0
-13.5829,133.02,307.1,1.7,1.3,2014-06-30,0110,Terra,MODIS,31,6.2,295.4,8.8,D,0
-13.6111,134.2976,310.6,1.4,1.2,2014-06-30,0110,Terra,MODIS,44,6.2,298.3,7.7,D,0
-14.2055,133.0894,310.3,1.6,1.2,2014-06-30,0110,Terra,MODIS,60,6.2,297.4,11.7,D,0
-13.6119,132.9832,307.6,1.7,1.3,2014-06-30,0110,Terra,MODIS,39,6.2,296.1,9.1,D,0
-13.6459,132.9765,308.7,1.7,1.3,2014-06-30,0110,Terra,MODIS,19,6.2,296.6,9.5,D,0
-14.2867,133.0231,309.9,1.6,1.3,2014-06-30,0110,Terra,MODIS,56,6.2,299,9.6,D,0
-14.3825,133.045,312.3,1.6,1.2,2014-06-30,0110,Terra,MODIS,64,6.2,298.9,12.1,D,0
-14.3817,133.0392,319.4,1.6,1.2,2014-06-30,0110,Terra,MODIS,75,6.2,298.5,23.5,D,0
-13.705,133.4086,325.2,1.6,1.2,2014-06-30,0110,Terra,MODIS,70,6.2,296.8,33.8,D,0
-13.702,133.3143,309.3,1.6,1.2,2014-06-30,0110,Terra,MODIS,53,6.2,295.8,10.1,D,0
-13.7053,133.7502,318.5,1.5,1.2,2014-06-30,0110,Terra,MODIS,73,6.2,299,21,D,0
-13.6986,133.7096,312.8,1.5,1.2,2014-06-30,0110,Terra,MODIS,30,6.2,299.3,11.3,D,0
-14.0722,133.2544,322.4,1.6,1.2,2014-06-30,0110,Terra,MODIS,78,6.2,297.3,32.5,D,0
-14.0697,133.24,316.9,1.6,1.2,2014-06-30,0110,Terra,MODIS,72,6.2,296.2,22.6,D,0
-14.1954,132.962,310.6,1.6,1.3,2014-06-30,0110,Terra,MODIS,60,6.2,298.5,12.9,D,0
-13.4822,133.7381,308.2,1.5,1.2,2014-06-30,0110,Terra,MODIS,48,6.2,296.9,9.2,D,0
-13.4843,133.7309,307.1,1.5,1.2,2014-06-30,0110,Terra,MODIS,28,6.2,296.8,7.4,D,0
-13.4866,133.7446,307.4,1.5,1.2,2014-06-30,0110,Terra,MODIS,36,6.2,296.8,7.8,D,0
-13.6878,133.7115,312.2,1.5,1.2,2014-06-30,0110,Terra,MODIS,35,6.2,297.8,10.9,D,0
-14.1971,132.9678,309.1,1.6,1.3,2014-06-30,0110,Terra,MODIS,46,6.2,297.8,9.7,D,0
-13.9387,133.4223,309.2,1.5,1.2,2014-06-30,0110,Terra,MODIS,56,6.2,296.6,9,D,0
-13.9411,133.4362,309.3,1.5,1.2,2014-06-30,0110,Terra,MODIS,54,6.2,296.8,9.2,D,0
-13.6773,134.2037,314.8,1.4,1.2,2014-06-30,0110,Terra,MODIS,53,6.2,297.3,13.4,D,0
-13.6815,134.1639,327.7,1.4,1.2,2014-06-30,0110,Terra,MODIS,79,6.2,299.6,30.6,D,0
-13.7287,133.6905,310.6,1.5,1.2,2014-06-30,0110,Terra,MODIS,57,6.2,297.8,8.8,D,0
-13.8615,133.5137,308.5,1.5,1.2,2014-06-30,0110,Terra,MODIS,21,6.2,297.4,7,D,0
-13.8592,133.4997,315.7,1.5,1.2,2014-06-30,0110,Terra,MODIS,70,6.2,297.9,17.7,D,0
-16.0038,127.8607,331.7,3.6,1.8,2014-06-30,0111,Terra,MODIS,87,6.2,298,168.3,D,0
-16.0222,127.7857,312.3,3.7,1.8,2014-06-30,0111,Terra,MODIS,53,6.2,295.3,46.1,D,0
-15.8665,128.6346,307.1,3.2,1.7,2014-06-30,0111,Terra,MODIS,58,6.2,295.7,24.5,D,0
-15.9504,127.8054,316.2,3.7,1.8,2014-06-30,0111,Terra,MODIS,74,6.2,297.6,70.6,D,0
-16.0102,127.893,327.4,3.6,1.8,2014-06-30,0111,Terra,MODIS,84,6.2,297.7,141.3,D,0
-16.0062,127.7891,322.1,3.7,1.8,2014-06-30,0111,Terra,MODIS,80,6.2,296.9,104.8,D,0
-16.0147,127.7933,326,3.7,1.8,2014-06-30,0111,Terra,MODIS,83,6.2,296.6,134.9,D,0
-16.008,127.7579,312,3.7,1.8,2014-06-30,0111,Terra,MODIS,69,6.2,295.2,49.2,D,0
-16.0182,127.8979,306.6,3.6,1.8,2014-06-30,0111,Terra,MODIS,22,6.2,296.2,22.9,D,0
-16.0022,127.9006,326.2,3.6,1.8,2014-06-30,0111,Terra,MODIS,83,6.2,297.1,130,D,0
-15.9958,127.8677,338.6,3.6,1.8,2014-06-30,0111,Terra,MODIS,91,6.2,298.3,237.1,D,0
-15.9573,127.8404,309.4,3.7,1.8,2014-06-30,0111,Terra,MODIS,42,6.2,295.8,34.8,D,0
-15.9436,127.8141,319.4,3.7,1.8,2014-06-30,0111,Terra,MODIS,76,6.2,296.9,88.6,D,0
-16.0971,127.8684,308.3,3.6,1.8,2014-06-30,0111,Terra,MODIS,36,6.2,295.6,35.5,D,0
-16.0906,127.8355,314.7,3.6,1.8,2014-06-30,0111,Terra,MODIS,73,6.2,296.1,66.2,D,0
-16.0994,127.8407,307.7,3.6,1.8,2014-06-30,0111,Terra,MODIS,57,6.2,295.3,34,D,0
-16.0835,127.8442,312.3,3.6,1.8,2014-06-30,0111,Terra,MODIS,69,6.2,297.2,54.7,D,0
-15.9184,136.3986,329.2,1,1,2014-06-30,0111,Terra,MODIS,84,6.2,301,22.5,D,0
-16.2611,135.9357,321.3,1.1,1,2014-06-30,0111,Terra,MODIS,77,6.2,300.1,14.9,D,0
-16.2519,135.9372,322.8,1.1,1,2014-06-30,0111,Terra,MODIS,78,6.2,300.9,16.4,D,0
-15.8867,136.3743,318.4,1,1,2014-06-30,0111,Terra,MODIS,24,6.2,299,11,D,0
-15.9311,136.0643,315.2,1.1,1,2014-06-30,0111,Terra,MODIS,58,6.2,301.3,8.7,D,0
-16.4028,136.9848,322.8,1,1,2014-06-30,0111,Terra,MODIS,79,6.2,299.8,16,D,0
-15.8881,136.3839,319.7,1,1,2014-06-30,0111,Terra,MODIS,46,6.2,301.6,12.1,D,0
-16.2658,135.7836,327.9,1.1,1,2014-06-30,0111,Terra,MODIS,83,6.2,298.7,24.1,D,0
-15.9326,136.0741,317.8,1,1,2014-06-30,0111,Terra,MODIS,71,6.2,299.4,11.4,D,0
-16.2806,136.9687,315.8,1,1,2014-06-30,0111,Terra,MODIS,70,6.2,298.9,9.7,D,0
-16.2503,135.9275,343.2,1.1,1,2014-06-30,0111,Terra,MODIS,92,6.2,301.2,47.3,D,0
-16.9517,138.9282,315.4,1.1,1,2014-06-30,0111,Terra,MODIS,71,6.2,295.1,10.6,D,0
-17.7518,138.5545,318.5,1.1,1,2014-06-30,0111,Terra,MODIS,74,6.2,299.7,12.2,D,0
-17.7532,138.5644,315.2,1.1,1,2014-06-30,0111,Terra,MODIS,70,6.2,300.4,9,D,0
-17.7457,138.6468,308.5,1.1,1,2014-06-30,0111,Terra,MODIS,55,6.2,297,5.3,D,0
-17.3324,138.8413,308.1,1.1,1,2014-06-30,0111,Terra,MODIS,55,6.2,298,5.7,D,0
-17.799,138.69,332,1.1,1,2014-06-30,0111,Terra,MODIS,86,6.2,299.6,28.1,D,0
-17.8204,138.7073,312.2,1.1,1,2014-06-30,0111,Terra,MODIS,64,6.2,298.9,6.7,D,0
-17.8418,138.6777,312.1,1.1,1,2014-06-30,0111,Terra,MODIS,34,6.2,299.1,6.3,D,0
-17.8511,138.6763,312,1.1,1,2014-06-30,0111,Terra,MODIS,60,6.2,298.2,6.4,D,0
-17.8525,138.6864,312,1.1,1,2014-06-30,0111,Terra,MODIS,58,6.2,298.6,6.6,D,0
-17.6119,138.8019,310.8,1.1,1,2014-06-30,0111,Terra,MODIS,60,6.2,298.6,5.9,D,0
-16.4723,136.4674,334,1,1,2014-06-30,0111,Terra,MODIS,80,6.2,301.6,28.6,D,0
-16.4814,136.466,329.6,1,1,2014-06-30,0111,Terra,MODIS,30,6.2,302.5,21.2,D,0
-16.4919,136.474,353.4,1,1,2014-06-30,0111,Terra,MODIS,97,6.2,303.5,63.2,D,0
-16.5023,136.482,337,1,1,2014-06-30,0111,Terra,MODIS,89,6.2,300.9,32.3,D,0
-16.5188,136.4729,320,1,1,2014-06-30,0111,Terra,MODIS,76,6.2,301.3,12.9,D,0
-16.5293,136.4809,312,1,1,2014-06-30,0111,Terra,MODIS,42,6.2,299.7,5.3,D,0
-16.4933,136.4835,328.7,1,1,2014-06-30,0111,Terra,MODIS,64,6.2,303.7,20.1,D,0
-16.4709,136.4579,323,1,1,2014-06-30,0111,Terra,MODIS,72,6.2,298.5,15.9,D,0
-16.4415,136.9978,338.8,1,1,2014-06-30,0111,Terra,MODIS,90,6.2,300.9,37.8,D,0
-16.4429,137.0071,315.7,1,1,2014-06-30,0111,Terra,MODIS,70,6.2,300.4,10,D,0
-15.6999,129.2994,307.6,2.9,1.6,2014-06-30,0111,Terra,MODIS,52,6.2,295.1,22.6,D,0
-17.7763,138.6627,352.1,1.1,1,2014-06-30,0111,Terra,MODIS,96,6.2,297.9,68.8,D,0
-17.7777,138.6727,375.9,1.1,1,2014-06-30,0111,Terra,MODIS,100,6.2,305.1,145.8,D,0
-17.7855,138.6613,308.8,1.1,1,2014-06-30,0111,Terra,MODIS,55,6.2,296.4,5,D,0
-17.7869,138.6713,376.7,1.1,1,2014-06-30,0111,Terra,MODIS,100,6.2,304.7,149.1,D,0
-17.7883,138.6813,370.8,1.1,1,2014-06-30,0111,Terra,MODIS,100,6.2,304.8,125.3,D,0
-17.7897,138.6914,312,1.1,1,2014-06-30,0111,Terra,MODIS,65,6.2,298.8,6.6,D,0
-17.7878,138.61,311.2,1.1,1,2014-06-30,0111,Terra,MODIS,49,6.2,299.9,5.4,D,0
-17.7962,138.67,325.8,1.1,1,2014-06-30,0111,Terra,MODIS,82,6.2,298.7,20.6,D,0
-17.7976,138.68,362.5,1.1,1,2014-06-30,0111,Terra,MODIS,100,6.2,302.1,96.3,D,0
-17.81,138.5661,311.9,1.1,1,2014-06-30,0111,Terra,MODIS,64,6.2,300.5,6.3,D,0
-14.6338,130.1188,314.9,2.6,1.6,2014-06-30,0111,Terra,MODIS,37,6.2,296.7,33.4,D,0
-15.5868,129.2776,311.2,2.9,1.6,2014-06-30,0111,Terra,MODIS,67,6.2,296.3,33.4,D,0
-15.3817,127.8903,309.9,3.7,1.8,2014-06-30,0111,Terra,MODIS,54,6.2,295.6,43.2,D,0
-15.3752,127.8987,311.4,3.7,1.8,2014-06-30,0111,Terra,MODIS,67,6.2,296.4,50.6,D,0
-15.7022,130.4399,323.5,2.4,1.5,2014-06-30,0111,Terra,MODIS,79,6.2,297.2,58.2,D,0
-15.6967,130.4337,320,2.4,1.5,2014-06-30,0111,Terra,MODIS,47,6.2,297.1,45.5,D,0
-15.3037,127.9192,314.6,3.7,1.8,2014-06-30,0111,Terra,MODIS,72,6.2,295,67.1,D,0
-18.0003,130.7772,309,2,1.4,2014-06-30,0111,Terra,MODIS,65,6.2,294.3,17.8,D,0
-15.67,130.4384,312.7,2.4,1.5,2014-06-30,0111,Terra,MODIS,45,6.2,298.1,23.5,D,0
-14.6528,130.0329,314.1,2.7,1.6,2014-06-30,0111,Terra,MODIS,64,6.2,295.8,32.3,D,0
-14.6383,130.1117,313,2.6,1.6,2014-06-30,0111,Terra,MODIS,33,6.2,296.4,29.8,D,0
-15.3108,127.912,310.8,3.7,1.8,2014-06-30,0111,Terra,MODIS,66,6.2,295.7,46.8,D,0
-15.714,130.4532,314.1,2.4,1.5,2014-06-30,0111,Terra,MODIS,65,6.2,295.5,32,D,0
-15.6582,130.4247,330,2.4,1.5,2014-06-30,0111,Terra,MODIS,86,6.2,298.8,90.3,D,0
-15.6659,130.4164,322,2.4,1.5,2014-06-30,0111,Terra,MODIS,80,6.2,298.1,53.5,D,0
-15.5875,129.2709,310,2.9,1.6,2014-06-30,0111,Terra,MODIS,65,6.2,296,30.9,D,0
-18.4863,130.5453,306.3,2,1.4,2014-06-30,0112,Terra,MODIS,60,6.2,293.2,14.3,D,0
-18.4856,130.5523,304.6,2,1.4,2014-06-30,0112,Terra,MODIS,52,6.2,293.5,10.3,D,0
-18.924,132.1522,305.6,1.5,1.2,2014-06-30,0112,Terra,MODIS,41,6.2,293.4,7.1,D,0
-31.7727,145.4029,300.1,4.3,1.9,2014-06-30,0115,Terra,MODIS,24,6.2,283,43.2,D,0
-20.4515,118.3872,321,2.2,1.4,2014-06-30,0250,Terra,MODIS,57,6.2,300.8,33.8,D,0
-20.4539,118.4078,318.7,2.2,1.4,2014-06-30,0250,Terra,MODIS,36,6.2,300.8,27.5,D,0
-20.4525,118.4012,323.2,2.2,1.4,2014-06-30,0250,Terra,MODIS,78,6.2,301.1,42.7,D,0
-20.4654,118.3997,332.7,2.2,1.4,2014-06-30,0250,Terra,MODIS,86,6.2,302.4,75.8,D,0
-20.4783,118.3982,336.3,2.2,1.4,2014-06-30,0250,Terra,MODIS,88,6.2,300.3,92.3,D,0
-21.1107,118.9773,324.8,2.4,1.5,2014-06-30,0251,Terra,MODIS,81,6.2,298.1,69.4,D,0
-21.1182,118.9709,319.5,2.4,1.5,2014-06-30,0251,Terra,MODIS,77,6.2,297.2,47,D,0
-21.1205,118.9944,310.7,2.4,1.5,2014-06-30,0251,Terra,MODIS,33,6.2,296.4,20,D,0
-21.339,118.9572,321.1,2.4,1.5,2014-06-30,0251,Terra,MODIS,79,6.2,296.3,53.3,D,0
-21.3414,118.9806,323.4,2.5,1.5,2014-06-30,0251,Terra,MODIS,81,6.2,297.6,61.4,D,0
-21.3527,118.9558,318.1,2.4,1.5,2014-06-30,0251,Terra,MODIS,43,6.2,294.4,39.5,D,0
-21.3551,118.9792,332.4,2.5,1.5,2014-06-30,0251,Terra,MODIS,87,6.2,295.3,98,D,0
-21.3575,119.0031,352.2,2.5,1.5,2014-06-30,0251,Terra,MODIS,97,6.2,298,229.4,D,0
-21.3599,119.0268,311.7,2.5,1.5,2014-06-30,0251,Terra,MODIS,33,6.2,295.7,22.5,D,0
-21.1181,118.7904,316.3,2.4,1.5,2014-06-30,0251,Terra,MODIS,73,6.2,297,35.7,D,0
-21.1134,118.7854,317.2,2.4,1.5,2014-06-30,0251,Terra,MODIS,75,6.2,297,38.8,D,0
-21.2676,118.8768,316.1,2.4,1.5,2014-06-30,0251,Terra,MODIS,74,6.2,297.8,34.9,D,0
-21.2811,118.8752,312.1,2.4,1.5,2014-06-30,0251,Terra,MODIS,53,6.2,296.8,22.2,D,0
-22.1222,120.5137,312.2,3.3,1.7,2014-06-30,0251,Terra,MODIS,49,6.2,293.8,44.9,D,0
-22.1334,120.5058,322.5,3.3,1.7,2014-06-30,0251,Terra,MODIS,82,6.2,293.4,98.4,D,0
-22.1362,120.5375,334.4,3.3,1.7,2014-06-30,0251,Terra,MODIS,89,6.2,294.5,180.8,D,0
-22.1517,120.5362,311,3.3,1.7,2014-06-30,0251,Terra,MODIS,43,6.2,292.9,38.3,D,0
-33.1083,115.9714,321.7,2.1,1.4,2014-06-30,0254,Terra,MODIS,74,6.2,285.7,62.6,D,0
-31.8922,145.8376,309.5,1.4,1.2,2014-06-30,0354,Aqua,MODIS,69,6.2,288.7,15.3,D,0
-28.847,149.8496,304.8,1,1,2014-06-30,0354,Aqua,MODIS,52,6.2,283.5,6.7,D,0
-28.8419,151.0036,302.3,1,1,2014-06-30,0354,Aqua,MODIS,51,6.2,283.9,7,D,0
-31.8781,145.8666,302.6,1.4,1.2,2014-06-30,0354,Aqua,MODIS,24,6.2,289.7,7.4,D,0
-31.8954,145.8447,303.9,1.4,1.2,2014-06-30,0354,Aqua,MODIS,20,6.2,288,8.3,D,0
-29.8319,153.1084,309.4,1.2,1.1,2014-06-30,0354,Aqua,MODIS,69,6.2,290,13.1,D,0
-31.897,145.8294,301.9,1.4,1.2,2014-06-30,0354,Aqua,MODIS,14,6.2,288,7.3,D,0
-29.5413,147.554,307,1.1,1.1,2014-06-30,0354,Aqua,MODIS,65,6.2,293.4,5.8,D,0
-31.7841,150.7747,305.8,1,1,2014-06-30,0354,Aqua,MODIS,62,6.2,279.5,9.7,D,0
-31.7718,145.3735,324.7,1.5,1.2,2014-06-30,0354,Aqua,MODIS,75,6.2,289.7,40.6,D,0
-29.6004,151.934,302,1.1,1,2014-06-30,0354,Aqua,MODIS,44,6.2,277.9,8.9,D,0
-31.091,148.8097,310.4,1,1,2014-06-30,0354,Aqua,MODIS,70,6.2,287,10.3,D,0
-31.7836,145.382,310.6,1.5,1.2,2014-06-30,0354,Aqua,MODIS,56,6.2,284.3,18,D,0
-31.7725,145.3804,330.7,1.5,1.2,2014-06-30,0354,Aqua,MODIS,87,6.2,288.8,54.8,D,0
-29.8661,149.1994,305.6,1,1,2014-06-30,0354,Aqua,MODIS,58,6.2,289.3,7.6,D,0
-31.0924,148.7987,306.2,1,1,2014-06-30,0354,Aqua,MODIS,63,6.2,289.3,7.1,D,0
-31.7742,145.364,318.4,1.5,1.2,2014-06-30,0354,Aqua,MODIS,69,6.2,287.9,29.5,D,0
-25.2175,149.067,321.4,1,1,2014-06-30,0355,Aqua,MODIS,80,6.2,290.8,18,D,0
-25.2161,149.0769,323.6,1,1,2014-06-30,0355,Aqua,MODIS,82,6.2,291.4,20.8,D,0
-25.2147,149.0868,318.3,1,1,2014-06-30,0355,Aqua,MODIS,75,6.2,291.5,14.7,D,0
-25.2118,149.1066,357.5,1,1,2014-06-30,0355,Aqua,MODIS,99,6.2,296.8,78.9,D,0
-25.2103,149.1165,326,1,1,2014-06-30,0355,Aqua,MODIS,84,6.2,291.4,23.9,D,0
-25.2132,149.0967,328.4,1,1,2014-06-30,0355,Aqua,MODIS,85,6.2,292.8,25.4,D,0
-25.0896,151.5725,301.9,1.2,1.1,2014-06-30,0355,Aqua,MODIS,39,6.2,291.9,4.9,D,0
-25.0877,151.5843,301.6,1.2,1.1,2014-06-30,0355,Aqua,MODIS,36,6.2,291.1,4.7,D,0
-28.2235,148.7971,309.9,1,1,2014-06-30,0355,Aqua,MODIS,69,6.2,294.5,7.3,D,0
-24.786,147.8329,306.2,1,1,2014-06-30,0356,Aqua,MODIS,34,6.2,291,6.2,D,0
-22.7438,150.3983,309.8,1.1,1.1,2014-06-30,0356,Aqua,MODIS,63,6.2,296,9.3,D,0
-23.3665,150.7552,310.7,1.1,1.1,2014-06-30,0356,Aqua,MODIS,63,6.2,296.5,9.3,D,0
-24.7979,147.8142,311.8,1,1,2014-06-30,0356,Aqua,MODIS,69,6.2,292.7,10.1,D,0
-22.9732,150.6946,319.9,1.1,1.1,2014-06-30,0356,Aqua,MODIS,77,6.2,294.4,19.7,D,0
-22.9827,150.6964,311.6,1.1,1.1,2014-06-30,0356,Aqua,MODIS,54,6.2,295.1,10.5,D,0
-19.5068,146.2815,316.5,1,1,2014-06-30,0357,Aqua,MODIS,71,6.2,296.4,11.7,D,0
-19.7383,147.2032,316.7,1,1,2014-06-30,0357,Aqua,MODIS,71,6.2,297.1,11.2,D,0
-19.6831,146.2143,309.6,1,1,2014-06-30,0357,Aqua,MODIS,19,6.2,297.2,4.3,D,0
-16.4059,142.782,326.1,1.4,1.2,2014-06-30,0358,Aqua,MODIS,79,6.2,301.1,27.1,D,0
-16.2424,135.8894,311.8,4.6,2,2014-06-30,0358,Aqua,MODIS,40,6.2,300.4,52.4,D,0
-16.4271,142.7849,325.8,1.4,1.2,2014-06-30,0358,Aqua,MODIS,66,6.2,301.3,24.7,D,0
-14.8027,142.858,319.5,1.3,1.1,2014-06-30,0358,Aqua,MODIS,52,6.2,301.3,13.6,D,0
-15.5189,141.8132,329.9,1.6,1.2,2014-06-30,0358,Aqua,MODIS,82,6.2,301.6,40.6,D,0
-16.2598,135.7077,324.9,4.7,2,2014-06-30,0358,Aqua,MODIS,78,6.2,299.8,167.8,D,0
-16.745,145.2666,312.3,1.1,1,2014-06-30,0358,Aqua,MODIS,61,6.2,298.2,7.3,D,0
-18.0399,145.8734,323.4,1,1,2014-06-30,0358,Aqua,MODIS,81,6.2,295.6,19.5,D,0
-18.0385,145.8832,316.9,1,1,2014-06-30,0358,Aqua,MODIS,75,6.2,294.2,12.6,D,0
-14.7957,142.8318,317.4,1.3,1.1,2014-06-30,0358,Aqua,MODIS,37,6.2,300.7,11.9,D,0
-15.1105,142.9867,321.9,1.3,1.1,2014-06-30,0358,Aqua,MODIS,61,6.2,301.6,16.2,D,0
-16.2554,135.7517,318.8,4.7,2,2014-06-30,0358,Aqua,MODIS,70,6.2,300.9,107.8,D,0
-16.7782,145.231,313.1,1.1,1,2014-06-30,0358,Aqua,MODIS,63,6.2,299.6,7.2,D,0
-16.2247,135.8874,311,4.6,2,2014-06-30,0358,Aqua,MODIS,23,6.2,299.7,45.4,D,0
-15.5207,141.7982,328.5,1.6,1.2,2014-06-30,0358,Aqua,MODIS,81,6.2,302.9,37.1,D,0
-14.8011,142.8704,320.7,1.3,1.1,2014-06-30,0358,Aqua,MODIS,54,6.2,301.6,15.3,D,0
-16.2545,135.7587,312.7,4.7,2,2014-06-30,0358,Aqua,MODIS,14,6.2,300.6,58.4,D,0
-15.5208,142.548,316.6,1.4,1.2,2014-06-30,0358,Aqua,MODIS,66,6.2,300.1,12.5,D,0
-16.4483,142.7878,328.7,1.4,1.2,2014-06-30,0358,Aqua,MODIS,74,6.2,302.4,29.6,D,0
-16.7436,145.2766,309.3,1.1,1,2014-06-30,0358,Aqua,MODIS,49,6.2,298.2,5,D,0
-16.2765,135.7164,318,4.7,2,2014-06-30,0358,Aqua,MODIS,69,6.2,300.7,103.3,D,0
-16.4361,142.7996,321.4,1.4,1.2,2014-06-30,0358,Aqua,MODIS,64,6.2,303.2,15.7,D,0
-16.4377,142.7864,348.5,1.4,1.2,2014-06-30,0358,Aqua,MODIS,94,6.2,302.6,83.6,D,0
-16.7517,145.217,313.5,1.1,1,2014-06-30,0358,Aqua,MODIS,61,6.2,299.8,8.2,D,0
-15.1152,142.9499,317.7,1.3,1.1,2014-06-30,0358,Aqua,MODIS,63,6.2,298.7,12.8,D,0
-15.131,142.9896,318.6,1.3,1.1,2014-06-30,0358,Aqua,MODIS,29,6.2,301.3,11.6,D,0
-15.5225,142.5347,327,1.4,1.2,2014-06-30,0358,Aqua,MODIS,80,6.2,301.9,30.9,D,0
-15.5301,141.8147,320.5,1.6,1.2,2014-06-30,0358,Aqua,MODIS,72,6.2,304,21.6,D,0
-15.5413,141.8161,315.8,1.6,1.2,2014-06-30,0358,Aqua,MODIS,44,6.2,303.3,13.2,D,0
-15.5241,142.5214,313.9,1.4,1.2,2014-06-30,0358,Aqua,MODIS,52,6.2,300.2,8.3,D,0
-15.4967,136.1846,311.2,4.3,1.9,2014-06-30,0358,Aqua,MODIS,45,6.2,298.6,51.9,D,0
-16.4076,142.7688,315.5,1.4,1.2,2014-06-30,0358,Aqua,MODIS,52,6.2,299.8,10.1,D,0
-15.1121,142.9745,341.2,1.3,1.1,2014-06-30,0358,Aqua,MODIS,91,6.2,303.7,55,D,0
-15.1136,142.9622,329.6,1.3,1.1,2014-06-30,0358,Aqua,MODIS,81,6.2,302.4,29.9,D,0
-16.2585,135.7147,327.8,4.7,2,2014-06-30,0358,Aqua,MODIS,81,6.2,300.1,199.3,D,0
-16.493,142.8127,318,1.4,1.2,2014-06-30,0358,Aqua,MODIS,36,6.2,302.3,11.3,D,0
-16.4569,136.4673,311.4,4.2,1.9,2014-06-30,0358,Aqua,MODIS,42,6.2,300,41.7,D,0
-16.4606,136.4283,322.6,4.2,1.9,2014-06-30,0358,Aqua,MODIS,75,6.2,300.5,121.5,D,0
-16.4546,136.4628,313.4,4.2,1.9,2014-06-30,0358,Aqua,MODIS,58,6.2,299.8,54.2,D,0
-16.4585,136.4238,319.8,4.2,1.9,2014-06-30,0358,Aqua,MODIS,72,6.2,300.2,98.7,D,0
-17.5288,138.8542,319,2.9,1.6,2014-06-30,0358,Aqua,MODIS,73,6.2,301.4,51.1,D,0
-12.6484,141.9075,328.9,1.4,1.2,2014-06-30,0359,Aqua,MODIS,82,6.2,285.5,39.6,D,0
-12.6984,142.1453,315.4,1.4,1.2,2014-06-30,0359,Aqua,MODIS,54,6.2,280.9,14.7,D,0
-15.4943,136.1761,316.4,4.3,1.9,2014-06-30,0359,Aqua,MODIS,66,6.2,298.8,88.5,D,0
-12.488,135.1962,313.9,4.6,2,2014-06-30,0359,Aqua,MODIS,57,6.2,293,87.3,D,0
-12.4869,135.1998,314.1,4.6,2,2014-06-30,0359,Aqua,MODIS,60,6.2,293,91.8,D,0
-12.6967,142.1581,317.6,1.4,1.2,2014-06-30,0359,Aqua,MODIS,60,6.2,280.6,17.5,D,0
-13.9889,142.8527,321.3,1.3,1.1,2014-06-30,0359,Aqua,MODIS,76,6.2,299.1,17.4,D,0
-33.5433,116.4657,306.9,3,1.7,2014-06-30,0532,Aqua,MODIS,64,6.2,287.5,40.7,D,0
-33.0849,117.0576,301,2.7,1.6,2014-06-30,0532,Aqua,MODIS,44,6.2,288,17.5,D,0
-33.5456,116.4611,301.2,3,1.7,2014-06-30,0532,Aqua,MODIS,45,6.2,287.4,23.4,D,0
-34.5889,118.2202,300.3,2.4,1.5,2014-06-30,0532,Aqua,MODIS,34,6.2,288.9,11.4,D,0
-34.5813,118.2122,305,2.4,1.5,2014-06-30,0532,Aqua,MODIS,60,6.2,288.9,20.7,D,0
-32.4854,116.0251,305,3.2,1.7,2014-06-30,0533,Aqua,MODIS,57,6.2,284.8,34.1,D,0
-32.4814,116.0293,309.1,3.2,1.7,2014-06-30,0533,Aqua,MODIS,68,6.2,284.7,47.7,D,0
-31.4757,115.6926,325.5,3.2,1.7,2014-06-30,0533,Aqua,MODIS,84,6.2,289.4,126.4,D,0
-31.478,115.6576,301.1,3.3,1.7,2014-06-30,0533,Aqua,MODIS,44,6.2,288.8,17.8,D,0
-22.1317,123.1981,324.9,1,1,2014-06-30,0535,Aqua,MODIS,77,6.2,305.6,13.6,D,0
-22.1296,123.1483,328,1,1,2014-06-30,0535,Aqua,MODIS,80,6.2,304.8,17.7,D,0
-22.1445,120.5138,322.5,1.2,1.1,2014-06-30,0535,Aqua,MODIS,76,6.2,300.2,18.3,D,0
-22.1268,123.1676,333.6,1,1,2014-06-30,0535,Aqua,MODIS,85,6.2,306.1,24.2,D,0
-22.1386,123.1497,321,1,1,2014-06-30,0535,Aqua,MODIS,71,6.2,303.4,10.9,D,0
-22.1372,123.1594,318.6,1,1,2014-06-30,0535,Aqua,MODIS,32,6.2,304.2,7.7,D,0
-22.1528,120.5267,320.2,1.2,1.1,2014-06-30,0535,Aqua,MODIS,64,6.2,300.2,15.1,D,0
-22.143,120.5253,335.2,1.2,1.1,2014-06-30,0535,Aqua,MODIS,87,6.2,302.5,38.3,D,0
-22.1263,120.4994,336.8,1.2,1.1,2014-06-30,0535,Aqua,MODIS,88,6.2,302,41.7,D,0
-22.1358,123.1691,337.1,1,1,2014-06-30,0535,Aqua,MODIS,87,6.2,305.3,30.3,D,0
-22.1278,120.4878,346.3,1.2,1.1,2014-06-30,0535,Aqua,MODIS,93,6.2,302.4,63.6,D,0
-22.1282,123.1579,345.5,1,1,2014-06-30,0535,Aqua,MODIS,93,6.2,306.3,43.7,D,0
-22.7878,123.2416,324.8,1,1,2014-06-30,0535,Aqua,MODIS,77,6.2,305.6,14,D,0
-22.7864,123.2513,326.8,1,1,2014-06-30,0535,Aqua,MODIS,79,6.2,305.4,16.1,D,0
-22.7954,123.2528,320.7,1,1,2014-06-30,0535,Aqua,MODIS,64,6.2,303.5,9.7,D,0
-22.1121,123.0761,317.5,1,1,2014-06-30,0535,Aqua,MODIS,49,6.2,305.8,7,D,0
-22.0398,123.1376,331.1,1,1,2014-06-30,0535,Aqua,MODIS,83,6.2,305.3,21.6,D,0
-22.156,123.2219,319.6,1,1,2014-06-30,0535,Aqua,MODIS,69,6.2,303.5,9.7,D,0
-22.1407,123.1996,383.6,1,1,2014-06-30,0535,Aqua,MODIS,100,6.2,308.9,159,D,0
-22.1309,123.1386,319.3,1,1,2014-06-30,0535,Aqua,MODIS,49,6.2,304,8.5,D,0
-22.1303,123.2078,337.4,1,1,2014-06-30,0535,Aqua,MODIS,88,6.2,305.7,30.7,D,0
-22.1332,120.5239,364.1,1.2,1.1,2014-06-30,0535,Aqua,MODIS,100,6.2,304.2,117.6,D,0
-22.1331,123.1884,329,1,1,2014-06-30,0535,Aqua,MODIS,81,6.2,304.8,18.9,D,0
-22.1393,123.2093,389.4,1,1,2014-06-30,0535,Aqua,MODIS,100,6.2,309.3,186.4,D,0
-22.1376,120.4892,379.9,1.2,1.1,2014-06-30,0535,Aqua,MODIS,100,6.2,303,191.9,D,0
-22.1362,120.5008,376.4,1.2,1.1,2014-06-30,0535,Aqua,MODIS,100,6.2,304,172.4,D,0
-22.1347,120.5124,360.3,1.2,1.1,2014-06-30,0535,Aqua,MODIS,100,6.2,305.5,103.9,D,0
-17.6859,123.4048,326.3,1,1,2014-06-30,0536,Aqua,MODIS,76,6.2,308.7,13.6,D,0
-20.0624,125.59,317.8,1.2,1.1,2014-06-30,0536,Aqua,MODIS,55,6.2,305.2,8.5,D,0
-17.7362,123.4395,322.7,1,1,2014-06-30,0536,Aqua,MODIS,44,6.2,309.7,9.1,D,0
-16.9755,126.8063,325.6,1.6,1.2,2014-06-30,0536,Aqua,MODIS,65,6.2,303.5,27.8,D,0
-16.9865,126.8084,351.2,1.6,1.2,2014-06-30,0536,Aqua,MODIS,96,6.2,305.4,107.9,D,0
-16.9779,126.7919,322,1.6,1.2,2014-06-30,0536,Aqua,MODIS,39,6.2,304.1,20.5,D,0
-16.9585,126.773,328.7,1.6,1.2,2014-06-30,0536,Aqua,MODIS,80,6.2,304.5,36.2,D,0
-16.9889,126.7939,319.7,1.6,1.2,2014-06-30,0536,Aqua,MODIS,44,6.2,302.9,16.9,D,0
-16.8921,126.6233,321.4,1.5,1.2,2014-06-30,0536,Aqua,MODIS,71,6.2,303.1,21.1,D,0
-16.8898,126.6374,313.5,1.5,1.2,2014-06-30,0536,Aqua,MODIS,38,6.2,303.2,8,D,0
-18.8255,131.0873,334.6,2.9,1.6,2014-06-30,0536,Aqua,MODIS,87,6.2,300.5,146.7,D,0
-18.8193,131.1075,315.2,3,1.6,2014-06-30,0536,Aqua,MODIS,68,6.2,299.5,43.1,D,0
-18.8246,131.0796,328,2.9,1.6,2014-06-30,0536,Aqua,MODIS,83,6.2,300.2,104.3,D,0
-20.3505,127.5785,334.2,1.5,1.2,2014-06-30,0536,Aqua,MODIS,86,6.2,303.9,51.1,D,0
-21.0427,118.4163,319.1,1.5,1.2,2014-06-30,0536,Aqua,MODIS,67,6.2,304,14.1,D,0
-21.0334,118.3999,316.6,1.6,1.2,2014-06-30,0536,Aqua,MODIS,56,6.2,304.3,9.9,D,0
-20.4883,118.381,324.7,1.5,1.2,2014-06-30,0536,Aqua,MODIS,74,6.2,305.5,22.7,D,0
-20.4756,118.3942,331.5,1.5,1.2,2014-06-30,0536,Aqua,MODIS,82,6.2,308.2,36.2,D,0
-20.4536,118.3912,320.3,1.5,1.2,2014-06-30,0536,Aqua,MODIS,64,6.2,306.6,14.2,D,0
-21.6457,118.9289,318.2,1.5,1.2,2014-06-30,0536,Aqua,MODIS,68,6.2,303.7,14.5,D,0
-21.6474,118.9147,327.2,1.5,1.2,2014-06-30,0536,Aqua,MODIS,81,6.2,303.7,32.1,D,0
-21.649,118.9006,317.3,1.5,1.2,2014-06-30,0536,Aqua,MODIS,62,6.2,301,14,D,0
-21.6423,118.9217,318.8,1.5,1.2,2014-06-30,0536,Aqua,MODIS,48,6.2,304.9,14.6,D,0
-21.6441,118.9076,325.9,1.5,1.2,2014-06-30,0536,Aqua,MODIS,79,6.2,303.5,28.2,D,0
-20.4958,118.4117,331.1,1.5,1.2,2014-06-30,0536,Aqua,MODIS,82,6.2,306.2,36.3,D,0
-20.4866,118.3957,333.7,1.5,1.2,2014-06-30,0536,Aqua,MODIS,84,6.2,305.7,43.3,D,0
-21.3724,119.0143,319.1,1.4,1.2,2014-06-30,0536,Aqua,MODIS,69,6.2,302,15.3,D,0
-21.3741,119.0005,317.4,1.4,1.2,2014-06-30,0536,Aqua,MODIS,58,6.2,301.4,12.9,D,0
-21.3618,119.0129,330.3,1.4,1.2,2014-06-30,0536,Aqua,MODIS,83,6.2,304.7,34.6,D,0
-21.3634,118.9991,334,1.4,1.2,2014-06-30,0536,Aqua,MODIS,86,6.2,305.5,42.3,D,0
-21.365,118.9852,344,1.4,1.2,2014-06-30,0536,Aqua,MODIS,92,6.2,304.8,70.4,D,0
-21.3666,118.9714,331.8,1.4,1.2,2014-06-30,0536,Aqua,MODIS,84,6.2,301.9,39.9,D,0
-21.277,118.8685,327.3,1.5,1.2,2014-06-30,0536,Aqua,MODIS,80,6.2,305.2,29.4,D,0
-21.2718,118.8755,318.3,1.5,1.2,2014-06-30,0536,Aqua,MODIS,48,6.2,305.7,13,D,0
-21.2735,118.8614,327.1,1.5,1.2,2014-06-30,0536,Aqua,MODIS,80,6.2,305,29.2,D,0
-21.2628,118.86,316.3,1.5,1.2,2014-06-30,0536,Aqua,MODIS,31,6.2,302.8,10.5,D,0
-21.2305,118.8556,343.3,1.5,1.2,2014-06-30,0536,Aqua,MODIS,91,6.2,303.2,70.6,D,0
-21.223,118.8259,324.9,1.5,1.2,2014-06-30,0536,Aqua,MODIS,54,6.2,303.5,23.2,D,0
-21.2247,118.8119,345.5,1.5,1.2,2014-06-30,0536,Aqua,MODIS,93,6.2,302.6,77,D,0
-21.2264,118.7978,359.6,1.5,1.2,2014-06-30,0536,Aqua,MODIS,99,6.2,302.1,132.5,D,0
-21.2139,118.8104,323.1,1.5,1.2,2014-06-30,0536,Aqua,MODIS,68,6.2,303.5,20.5,D,0
-21.2156,118.7963,318.1,1.5,1.2,2014-06-30,0536,Aqua,MODIS,32,6.2,301.8,12.2,D,0
-14.1199,126.4548,317.2,1.6,1.3,2014-06-30,0537,Aqua,MODIS,55,6.2,303.9,16.4,D,0
-14.1186,126.4632,316.6,1.7,1.3,2014-06-30,0537,Aqua,MODIS,66,6.2,303.7,16,D,0
-14.9226,126.0421,325.7,1.5,1.2,2014-06-30,0537,Aqua,MODIS,44,6.2,301.7,24.7,D,0
-14.914,126.0266,328,1.5,1.2,2014-06-30,0537,Aqua,MODIS,67,6.2,303.2,29.9,D,0
-14.8924,126.0229,330.3,1.5,1.2,2014-06-30,0537,Aqua,MODIS,82,6.2,304.3,35.8,D,0
-15.736,129.3053,314.6,2.5,1.5,2014-06-30,0537,Aqua,MODIS,52,6.2,303.6,24.3,D,0
-15.7306,129.2991,316.5,2.5,1.5,2014-06-30,0537,Aqua,MODIS,60,6.2,303.4,29.6,D,0
-15.0499,127.7721,318,2,1.4,2014-06-30,0537,Aqua,MODIS,67,6.2,303.2,20.9,D,0
-14.9795,126.0588,320.9,1.5,1.2,2014-06-30,0537,Aqua,MODIS,69,6.2,303.5,20,D,0
-14.0048,129.9545,315.4,3,1.7,2014-06-30,0537,Aqua,MODIS,54,6.2,299.3,42.8,D,0
-14.0027,129.9591,311.7,3,1.7,2014-06-30,0537,Aqua,MODIS,38,6.2,298.9,29.5,D,0
-14.1377,127.1734,324,1.9,1.3,2014-06-30,0537,Aqua,MODIS,75,6.2,305.2,29.1,D,0
-13.9724,130.0404,313.2,3.1,1.7,2014-06-30,0537,Aqua,MODIS,56,6.2,299.7,37.4,D,0
-14.372,126.1187,321.3,1.5,1.2,2014-06-30,0537,Aqua,MODIS,70,6.2,304,18.4,D,0
-16.8161,126.3882,372.1,1.5,1.2,2014-06-30,0537,Aqua,MODIS,100,6.2,307.3,200.6,D,0
-16.8184,126.3745,363.9,1.5,1.2,2014-06-30,0537,Aqua,MODIS,100,6.2,306.8,155.2,D,0
-16.8055,126.3861,326.8,1.5,1.2,2014-06-30,0537,Aqua,MODIS,76,6.2,306.4,27.8,D,0
-16.8078,126.3724,320.6,1.5,1.2,2014-06-30,0537,Aqua,MODIS,62,6.2,306,17,D,0
-16.814,126.3818,372.1,1.5,1.2,2014-06-30,0537,Aqua,MODIS,100,6.2,310.3,201,D,0
-16.8162,126.3681,332.8,1.5,1.2,2014-06-30,0537,Aqua,MODIS,84,6.2,305.2,42,D,0
-16.7779,126.3332,316.5,1.5,1.2,2014-06-30,0537,Aqua,MODIS,55,6.2,305.9,9.7,D,0
-14.9255,126.0493,328.3,1.5,1.2,2014-06-30,0537,Aqua,MODIS,60,6.2,302.4,30.5,D,0
-14.8766,126.1199,321.3,1.5,1.2,2014-06-30,0537,Aqua,MODIS,71,6.2,305.8,20.1,D,0
-14.934,126.0652,327.5,1.5,1.2,2014-06-30,0537,Aqua,MODIS,50,6.2,304.5,30.2,D,0
-13.792,126.9662,320.9,1.8,1.3,2014-06-30,0537,Aqua,MODIS,59,6.2,301.4,25.9,D,0
-13.9752,130.0358,311.3,3.1,1.7,2014-06-30,0537,Aqua,MODIS,47,6.2,299.3,30.3,D,0
-15.9826,128.6113,317.4,2.2,1.4,2014-06-30,0537,Aqua,MODIS,58,6.2,301.6,25.9,D,0
-15.6537,130.405,314,3,1.7,2014-06-30,0537,Aqua,MODIS,60,6.2,302.7,31.4,D,0
-14.0509,127.295,321.2,1.9,1.3,2014-06-30,0537,Aqua,MODIS,72,6.2,302.9,28.2,D,0
-16.7442,126.2378,324,1.4,1.2,2014-06-30,0537,Aqua,MODIS,74,6.2,307.9,22.8,D,0
-16.7124,126.2321,323,1.4,1.2,2014-06-30,0537,Aqua,MODIS,73,6.2,304.8,21.9,D,0
-16.8693,126.4682,339.9,1.5,1.2,2014-06-30,0537,Aqua,MODIS,89,6.2,307.9,61.5,D,0
-16.8023,126.4705,329.6,1.5,1.2,2014-06-30,0537,Aqua,MODIS,80,6.2,307.2,32.5,D,0
-16.8047,126.4564,350,1.5,1.2,2014-06-30,0537,Aqua,MODIS,95,6.2,308.3,91.8,D,0
-16.8093,126.4291,323.6,1.5,1.2,2014-06-30,0537,Aqua,MODIS,60,6.2,305.9,20.7,D,0
-16.8115,126.4156,324,1.5,1.2,2014-06-30,0537,Aqua,MODIS,75,6.2,304.5,23,D,0
-14.1021,127.2377,315.4,1.9,1.3,2014-06-30,0537,Aqua,MODIS,41,6.2,303.8,15.3,D,0
-16.8138,126.4019,338,1.5,1.2,2014-06-30,0537,Aqua,MODIS,88,6.2,304,53.5,D,0
-16.8031,126.3999,326.5,1.5,1.2,2014-06-30,0537,Aqua,MODIS,24,6.2,304.5,24.7,D,0
-16.8008,126.4641,343.7,1.5,1.2,2014-06-30,0537,Aqua,MODIS,91,6.2,308.8,70.6,D,0
-16.6576,126.4317,320,1.5,1.2,2014-06-30,0537,Aqua,MODIS,68,6.2,306.6,15.9,D,0
-16.8096,126.4093,327.7,1.5,1.2,2014-06-30,0537,Aqua,MODIS,37,6.2,304.1,27.2,D,0
-16.8118,126.3956,354.2,1.5,1.2,2014-06-30,0537,Aqua,MODIS,97,6.2,306.4,107.4,D,0
-16.7837,126.4329,324,1.5,1.2,2014-06-30,0537,Aqua,MODIS,42,6.2,305,21.3,D,0
-16.7707,126.4447,346.5,1.5,1.2,2014-06-30,0537,Aqua,MODIS,93,6.2,307,81.1,D,0
-16.7729,126.4309,358.5,1.5,1.2,2014-06-30,0537,Aqua,MODIS,99,6.2,306.6,129.5,D,0
-13.6715,129.9279,325.1,3.1,1.7,2014-06-30,0537,Aqua,MODIS,78,6.2,300,90,D,0
-15.1891,127.8627,334.1,2,1.4,2014-06-30,0537,Aqua,MODIS,74,6.2,303.5,67.6,D,0
-16.6724,126.4772,320.2,1.5,1.2,2014-06-30,0537,Aqua,MODIS,69,6.2,307.3,16.3,D,0
-16.6832,126.4791,317.3,1.5,1.2,2014-06-30,0537,Aqua,MODIS,38,6.2,306.2,11,D,0
-16.7162,126.3438,320.9,1.5,1.2,2014-06-30,0537,Aqua,MODIS,70,6.2,307.7,16.4,D,0
-16.7204,126.3866,321.1,1.5,1.2,2014-06-30,0537,Aqua,MODIS,31,6.2,306.8,15.5,D,0
-16.7222,126.3374,323.8,1.5,1.2,2014-06-30,0537,Aqua,MODIS,70,6.2,307.8,20.7,D,0
-16.7368,126.3821,325.7,1.5,1.2,2014-06-30,0537,Aqua,MODIS,77,6.2,307.1,25.1,D,0
-16.7452,126.3977,333.1,1.5,1.2,2014-06-30,0537,Aqua,MODIS,84,6.2,305.9,41.3,D,0
-16.867,126.4821,332.7,1.5,1.2,2014-06-30,0537,Aqua,MODIS,84,6.2,307.9,41.2,D,0
-15.9815,128.6182,314.7,2.2,1.4,2014-06-30,0537,Aqua,MODIS,58,6.2,301.3,20.5,D,0
-15.3841,127.8981,319.6,2,1.4,2014-06-30,0537,Aqua,MODIS,51,6.2,305.7,24.3,D,0
-15.5873,129.2646,321.5,2.5,1.5,2014-06-30,0537,Aqua,MODIS,74,6.2,304.6,45.3,D,0
-14.2019,126.6486,318.2,1.7,1.3,2014-06-30,0537,Aqua,MODIS,61,6.2,304.6,15.8,D,0
-14.3705,126.1116,326,1.5,1.2,2014-06-30,0537,Aqua,MODIS,75,6.2,304.8,27.1,D,0
-13.6818,130.2988,313.5,3.3,1.7,2014-06-30,0537,Aqua,MODIS,31,6.2,302.6,36.1,D,0
-15.3874,127.8793,317.9,2,1.4,2014-06-30,0537,Aqua,MODIS,51,6.2,304,21.5,D,0
-15.5915,129.2415,321.1,2.5,1.5,2014-06-30,0537,Aqua,MODIS,73,6.2,302.7,44.8,D,0
-15.5957,129.2607,324.8,2.5,1.5,2014-06-30,0537,Aqua,MODIS,78,6.2,305.2,57,D,0
-14.3743,126.1046,321.7,1.5,1.2,2014-06-30,0537,Aqua,MODIS,71,6.2,305.2,19.5,D,0
-14.1553,127.1415,318.8,1.9,1.3,2014-06-30,0537,Aqua,MODIS,33,6.2,305.2,17,D,0
-15.9482,126.398,317.6,1.5,1.2,2014-06-30,0537,Aqua,MODIS,64,6.2,301.9,16,D,0
-15.9459,126.4122,351.2,1.5,1.2,2014-06-30,0537,Aqua,MODIS,96,6.2,305.7,106,D,0
-15.9435,126.4264,327.2,1.5,1.2,2014-06-30,0537,Aqua,MODIS,79,6.2,305.8,31.5,D,0
-15.9412,126.4407,319,1.5,1.2,2014-06-30,0537,Aqua,MODIS,56,6.2,305.3,16.1,D,0
-15.9686,126.4967,318.7,1.5,1.2,2014-06-30,0537,Aqua,MODIS,31,6.2,305.1,12.8,D,0
-13.9959,130.4158,317.1,3.3,1.7,2014-06-30,0537,Aqua,MODIS,66,6.2,304.9,31.2,D,0
-13.9806,130.4129,315.3,3.3,1.7,2014-06-30,0537,Aqua,MODIS,51,6.2,303.6,23.9,D,0
-13.984,130.4059,315.6,3.3,1.7,2014-06-30,0537,Aqua,MODIS,60,6.2,304.2,26.9,D,0
-15.2723,127.4776,315.9,1.9,1.3,2014-06-30,0537,Aqua,MODIS,14,6.2,305.8,13,D,0
-14.0175,129.9619,313.7,3,1.7,2014-06-30,0537,Aqua,MODIS,55,6.2,300.1,37.7,D,0
-15.5996,129.2379,315,2.5,1.5,2014-06-30,0537,Aqua,MODIS,54,6.2,303,22.9,D,0
-14.9051,126.0818,322.6,1.5,1.2,2014-06-30,0537,Aqua,MODIS,47,6.2,301.7,21.5,D,0
-15.7109,130.4199,315,3,1.7,2014-06-30,0537,Aqua,MODIS,38,6.2,303,35.5,D,0
-16.0148,127.8838,329.3,1.9,1.4,2014-06-30,0537,Aqua,MODIS,81,6.2,306,48.5,D,0
-16.7744,122.5971,318.4,1,1,2014-06-30,0537,Aqua,MODIS,49,6.2,304.2,8.8,D,0
-16.1023,127.8314,319,1.9,1.4,2014-06-30,0537,Aqua,MODIS,68,6.2,304,23.7,D,0
-16.0993,127.8492,314.5,1.9,1.4,2014-06-30,0537,Aqua,MODIS,52,6.2,303.8,14,D,0
-14.374,129.687,324.3,2.9,1.6,2014-06-30,0537,Aqua,MODIS,77,6.2,300.2,79.7,D,0
-15.9404,128.6251,318.5,2.2,1.4,2014-06-30,0537,Aqua,MODIS,69,6.2,303.2,26.9,D,0
-16.0946,127.837,322.2,1.9,1.4,2014-06-30,0537,Aqua,MODIS,74,6.2,306.2,31.5,D,0
-14.3694,129.7133,369.7,2.9,1.6,2014-06-30,0537,Aqua,MODIS,100,6.2,304.2,509.1,D,0
-14.3744,129.6922,340.9,2.9,1.6,2014-06-30,0537,Aqua,MODIS,90,6.2,301.1,180.9,D,0
-14.3696,129.7185,363.5,2.9,1.6,2014-06-30,0537,Aqua,MODIS,100,6.2,303.4,413.4,D,0
-14.1683,130.5785,318.1,3.4,1.7,2014-06-30,0537,Aqua,MODIS,61,6.2,302.1,51.1,D,0
-14.9818,126.0452,321.1,1.5,1.2,2014-06-30,0537,Aqua,MODIS,70,6.2,304.2,19,D,0
-16.2923,126.1451,316.7,1.4,1.2,2014-06-30,0537,Aqua,MODIS,19,6.2,300.5,12.5,D,0
-14.1798,130.5873,314.1,3.4,1.7,2014-06-30,0537,Aqua,MODIS,50,6.2,300.2,37.7,D,0
-14.1933,129.5865,311.9,2.8,1.6,2014-06-30,0537,Aqua,MODIS,32,6.2,301.2,23.1,D,0
-15.8751,128.6298,316.1,2.2,1.4,2014-06-30,0537,Aqua,MODIS,60,6.2,305.4,20.6,D,0
-16.7592,126.2471,316.2,1.4,1.2,2014-06-30,0537,Aqua,MODIS,58,6.2,305.5,10.1,D,0
-16.7486,126.2452,331.1,1.4,1.2,2014-06-30,0537,Aqua,MODIS,72,6.2,308.8,34.2,D,0
-16.7508,126.2319,355.3,1.4,1.2,2014-06-30,0537,Aqua,MODIS,97,6.2,309.9,109.9,D,0
-14.3597,129.7717,316.5,2.9,1.6,2014-06-30,0537,Aqua,MODIS,47,6.2,299.4,35.5,D,0
-14.2273,129.9871,314.5,3,1.7,2014-06-30,0537,Aqua,MODIS,31,6.2,302.6,32.5,D,0
-14.2667,130.0236,313.2,3,1.7,2014-06-30,0537,Aqua,MODIS,45,6.2,302.6,20.4,D,0
-16.298,126.1542,327.2,1.4,1.2,2014-06-30,0537,Aqua,MODIS,78,6.2,302.6,30.3,D,0
-16.2852,126.1657,318.2,1.4,1.2,2014-06-30,0537,Aqua,MODIS,44,6.2,305.3,12.8,D,0
-16.2873,126.1523,331.1,1.4,1.2,2014-06-30,0537,Aqua,MODIS,82,6.2,304.2,38.5,D,0
-16.2767,126.1503,351.5,1.4,1.2,2014-06-30,0537,Aqua,MODIS,96,6.2,305.5,97.3,D,0
-16.7475,126.3841,332.1,1.5,1.2,2014-06-30,0537,Aqua,MODIS,83,6.2,306.1,38.5,D,0
-16.757,126.2605,324.5,1.4,1.2,2014-06-30,0537,Aqua,MODIS,75,6.2,306.1,23.8,D,0
-16.2788,126.137,347,1.4,1.2,2014-06-30,0537,Aqua,MODIS,93,6.2,303.9,82.1,D,0
-16.2901,126.1584,335.6,1.4,1.2,2014-06-30,0537,Aqua,MODIS,86,6.2,305.1,49.4,D,0
-16.0172,127.8898,336.5,1.9,1.4,2014-06-30,0537,Aqua,MODIS,87,6.2,304.4,76.5,D,0
-15.942,127.7978,322.6,1.9,1.4,2014-06-30,0537,Aqua,MODIS,64,6.2,305.6,29.9,D,0
-16.2682,126.135,335.3,1.4,1.2,2014-06-30,0537,Aqua,MODIS,86,6.2,303.2,48.3,D,0
-16.2704,126.1217,335,1.4,1.2,2014-06-30,0537,Aqua,MODIS,85,6.2,302.5,48.8,D,0
-15.939,127.8149,323.8,1.9,1.4,2014-06-30,0537,Aqua,MODIS,72,6.2,305.4,34.5,D,0
-14.1886,129.6125,317,2.8,1.6,2014-06-30,0537,Aqua,MODIS,66,6.2,302.5,43.1,D,0
-15.9846,127.8407,328.1,1.9,1.4,2014-06-30,0537,Aqua,MODIS,80,6.2,305.8,43.1,D,0
-16.2576,126.1331,315.4,1.4,1.2,2014-06-30,0537,Aqua,MODIS,48,6.2,304.4,10.4,D,0
-16.2598,126.1197,336.8,1.4,1.2,2014-06-30,0537,Aqua,MODIS,87,6.2,303.3,53.7,D,0
-12.8581,131.0649,314.6,3.9,1.8,2014-06-30,0537,Aqua,MODIS,0,6.2,300.4,49.1,D,0
-12.8624,131.0705,314.2,3.9,1.8,2014-06-30,0537,Aqua,MODIS,0,6.2,300.2,45.4,D,0
-13.186,131.7889,325.2,4.3,1.9,2014-06-30,0537,Aqua,MODIS,78,6.2,304.2,118.4,D,0
-13.6191,130.7753,311.6,3.6,1.8,2014-06-30,0537,Aqua,MODIS,26,6.2,298,27.2,D,0
-13.7374,130.6662,311.2,3.5,1.8,2014-06-30,0537,Aqua,MODIS,32,6.2,297.9,26.9,D,0
-13.8547,131.7169,318.7,4.2,1.9,2014-06-30,0537,Aqua,MODIS,67,6.2,300.8,80.9,D,0
-13.847,131.6814,316.5,4.1,1.9,2014-06-30,0537,Aqua,MODIS,58,6.2,299.9,67.8,D,0
-13.8398,131.7187,313.2,4.2,1.9,2014-06-30,0537,Aqua,MODIS,30,6.2,300.1,44.2,D,0
-13.6117,130.7695,312.7,3.6,1.8,2014-06-30,0537,Aqua,MODIS,56,6.2,297.6,35.1,D,0
-13.1836,131.7799,323.9,4.3,1.9,2014-06-30,0537,Aqua,MODIS,77,6.2,304.2,105.1,D,0
-11.4505,131.3548,310.1,4.4,1.9,2014-06-30,0538,Aqua,MODIS,12,6.2,295,45.6,D,0
-11.5925,130.2699,316.5,3.6,1.8,2014-06-30,0538,Aqua,MODIS,60,6.2,296.3,63.1,D,0
-11.6084,130.2729,315.3,3.6,1.8,2014-06-30,0538,Aqua,MODIS,48,6.2,297.3,53,D,0
-11.6016,130.28,325.3,3.6,1.8,2014-06-30,0538,Aqua,MODIS,78,6.2,296.9,113.2,D,0
-17.9374,138.4412,306.1,1,1,2014-06-30,1323,Terra,MODIS,67,6.2,287.7,9,N,0
-17.4647,138.7329,318.1,1,1,2014-06-30,1323,Terra,MODIS,96,6.2,288.6,16.8,N,0
-16.4376,136.4235,303.8,1.2,1.1,2014-06-30,1323,Terra,MODIS,28,6.2,287.8,8.5,N,0
-16.439,136.4125,322.1,1.2,1.1,2014-06-30,1323,Terra,MODIS,100,6.2,286.9,26.6,N,0
-16.4293,136.4111,328.8,1.2,1.1,2014-06-30,1323,Terra,MODIS,100,6.2,286.9,36,N,0
-16.4181,136.4207,303.2,1.2,1.1,2014-06-30,1323,Terra,MODIS,7,6.2,287.9,7.8,N,0
-16.3034,135.7278,306.4,1.3,1.1,2014-06-30,1323,Terra,MODIS,68,6.2,289.1,11.3,N,0
-15.1243,142.9599,315,1.5,1.2,2014-06-30,1323,Terra,MODIS,90,6.2,289.1,24.8,N,0
-15.1306,142.9889,301.7,1.5,1.2,2014-06-30,1323,Terra,MODIS,44,6.2,287.9,9.8,N,0
-16.312,135.7411,317.9,1.3,1.1,2014-06-30,1323,Terra,MODIS,96,6.2,289.4,23.8,N,0
-12.8607,133.261,305.4,1.7,1.3,2014-06-30,1324,Terra,MODIS,64,6.2,280.3,16.2,N,0
-12.8589,133.2763,303.6,1.7,1.3,2014-06-30,1324,Terra,MODIS,56,6.2,279.8,14.1,N,0
-12.8615,133.2709,305.5,1.7,1.3,2014-06-30,1324,Terra,MODIS,34,6.2,280,15.2,N,0
-15.0569,131.0154,301.4,2.7,1.6,2014-06-30,1324,Terra,MODIS,32,6.2,284.3,23.6,N,0
-15.0711,131.0166,306,2.7,1.6,2014-06-30,1324,Terra,MODIS,66,6.2,285,35.7,N,0
-13.8354,133.041,305.8,1.8,1.3,2014-06-30,1324,Terra,MODIS,66,6.2,285.2,20.3,N,0
-13.455,133.1673,301,1.8,1.3,2014-06-30,1324,Terra,MODIS,36,6.2,281.7,13.2,N,0
-13.5092,133.2779,301.8,1.7,1.3,2014-06-30,1324,Terra,MODIS,20,6.2,281.7,13.9,N,0
-13.862,133.4747,313.5,1.7,1.3,2014-06-30,1324,Terra,MODIS,87,6.2,286,29.4,N,0
-13.8639,133.4591,300.6,1.7,1.3,2014-06-30,1324,Terra,MODIS,30,6.2,286,12.7,N,0
-13.5228,133.2633,306.1,1.7,1.3,2014-06-30,1324,Terra,MODIS,67,6.2,284.6,19.3,N,0
-14.4138,133.2406,303,1.8,1.3,2014-06-30,1324,Terra,MODIS,53,6.2,287.5,16.4,N,0
-13.427,133.0429,302.5,1.8,1.3,2014-06-30,1324,Terra,MODIS,49,6.2,284.9,15.5,N,0
-13.4569,133.1512,306.7,1.8,1.3,2014-06-30,1324,Terra,MODIS,69,6.2,283.9,20.3,N,0
-13.8716,133.4916,328.4,1.7,1.3,2014-06-30,1324,Terra,MODIS,100,6.2,287,61.8,N,0
-13.8696,133.5072,309.4,1.7,1.3,2014-06-30,1324,Terra,MODIS,77,6.2,285.2,23.8,N,0
-13.5111,133.262,319.7,1.7,1.3,2014-06-30,1324,Terra,MODIS,99,6.2,285.4,42.8,N,0
-14.4169,133.2515,304.3,1.8,1.3,2014-06-30,1324,Terra,MODIS,59,6.2,287.5,16.7,N,0
-12.6484,141.9098,307.2,1.4,1.2,2014-06-30,1324,Terra,MODIS,71,6.2,288.6,11.6,N,0
-12.6406,141.9149,310,1.4,1.2,2014-06-30,1324,Terra,MODIS,79,6.2,288.5,14.8,N,0
-12.6425,141.9025,317.8,1.4,1.2,2014-06-30,1324,Terra,MODIS,96,6.2,288.9,24.7,N,0
-12.7018,132.9689,301.7,1.8,1.3,2014-06-30,1325,Terra,MODIS,31,6.2,289.5,10.2,N,0
-12.5328,131.5349,301.4,2.3,1.5,2014-06-30,1325,Terra,MODIS,31,6.2,288.1,17.1,N,0
-12.2636,133.9239,300.6,1.5,1.2,2014-06-30,1325,Terra,MODIS,31,6.2,287.7,7.5,N,0
-27.6317,150.9727,305.6,1.6,1.3,2014-06-30,1453,Aqua,MODIS,65,6.2,275.3,22.9,N,0
-30.3271,152.9613,307.4,1.1,1.1,2014-06-30,1454,Aqua,MODIS,71,6.2,280.4,14.5,N,0
-30.8614,121.4933,308.1,1.3,1.1,2014-06-30,1458,Terra,MODIS,73,6.2,277.6,18.1,N,2
-31.4851,115.6963,310.3,1.1,1,2014-06-30,1458,Terra,MODIS,80,6.2,284,14.2,N,0
-31.4872,115.7148,315.1,1.1,1,2014-06-30,1458,Terra,MODIS,91,6.2,285.6,17.9,N,0
-31.4836,115.7079,336.4,1.1,1,2014-06-30,1458,Terra,MODIS,100,6.2,287,46.6,N,0
-31.4886,115.7032,333.3,1.1,1,2014-06-30,1458,Terra,MODIS,100,6.2,287,41.5,N,0
-22.1276,120.4891,310.1,1.6,1.2,2014-06-30,1500,Terra,MODIS,79,6.2,278.8,26.2,N,0
-21.031,118.4227,309.1,1.2,1.1,2014-06-30,1501,Terra,MODIS,77,6.2,286.5,14.7,N,0
-21.023,118.4091,312.1,1.2,1.1,2014-06-30,1501,Terra,MODIS,84,6.2,286.3,17.4,N,0
-20.729,119.6279,314.7,1.5,1.2,2014-06-30,1501,Terra,MODIS,90,6.2,285.8,27.5,N,0
-11.0917,132.5598,309.1,1.2,1.1,2014-06-30,1627,Aqua,MODIS,64,6.2,290.6,10.7,N,0
-12.2587,133.9342,304.4,1,1,2014-06-30,1627,Aqua,MODIS,60,6.2,286.9,7.6,N,0
-16.2214,135.9346,305.6,1.1,1,2014-06-30,1628,Aqua,MODIS,65,6.2,281.8,10.5,N,0
-12.5381,130.6457,335.6,1.5,1.2,2014-06-30,1628,Aqua,MODIS,100,6.2,287.2,72.7,N,0
-12.8597,133.2714,301.3,1.1,1,2014-06-30,1628,Aqua,MODIS,22,6.2,289.2,5.1,N,0
-12.5404,130.6597,303.3,1.5,1.2,2014-06-30,1628,Aqua,MODIS,55,6.2,283,13.2,N,0
-15.4555,141.9217,307.3,2.5,1.5,2014-06-30,1628,Aqua,MODIS,71,6.2,279.2,41.1,N,0
-12.5618,130.6359,300,1.5,1.2,2014-06-30,1628,Aqua,MODIS,9,6.2,284.6,9.3,N,0
-13.8315,130.1688,300.4,1.6,1.2,2014-06-30,1628,Aqua,MODIS,27,6.2,286.2,11.4,N,0
-12.5491,130.6438,319.3,1.5,1.2,2014-06-30,1628,Aqua,MODIS,98,6.2,285.1,34.2,N,0
-13.9018,131.742,300.8,1.3,1.1,2014-06-30,1628,Aqua,MODIS,34,6.2,280,8.3,N,0
-13.9026,131.6824,307.3,1.3,1.1,2014-06-30,1628,Aqua,MODIS,71,6.2,280.2,13.1,N,0
-13.9045,131.6941,310.4,1.3,1.1,2014-06-30,1628,Aqua,MODIS,80,6.2,280.4,16.4,N,0
-13.5019,133.2576,301.6,1.1,1,2014-06-30,1628,Aqua,MODIS,42,6.2,286,7.3,N,0
-13.5141,133.2758,311.9,1.1,1,2014-06-30,1628,Aqua,MODIS,84,6.2,286.9,14.4,N,0
-13.5034,133.2674,311.5,1.1,1,2014-06-30,1628,Aqua,MODIS,83,6.2,286.4,14.4,N,0
-13.2509,131.9036,302.8,1.3,1.1,2014-06-30,1628,Aqua,MODIS,51,6.2,284.5,10.4,N,0
-13.8426,131.6925,306,1.3,1.1,2014-06-30,1628,Aqua,MODIS,56,6.2,285.8,11.1,N,0
-13.8545,131.7024,302.7,1.3,1.1,2014-06-30,1628,Aqua,MODIS,19,6.2,284.8,8.3,N,0
-13.5126,133.266,310.3,1.1,1,2014-06-30,1628,Aqua,MODIS,80,6.2,285.7,13.1,N,0
-13.5957,130.7786,302.3,1.5,1.2,2014-06-30,1628,Aqua,MODIS,48,6.2,285.5,10.5,N,0
-15.068,131.0318,305.2,1.3,1.1,2014-06-30,1628,Aqua,MODIS,43,6.2,285.4,11.3,N,0
-14.5168,130.2129,301.3,1.5,1.2,2014-06-30,1628,Aqua,MODIS,17,6.2,282.8,10.8,N,0
-15.0762,131.0176,311.6,1.3,1.1,2014-06-30,1628,Aqua,MODIS,72,6.2,285.7,17.6,N,0
-13.7765,126.9682,310.8,2.8,1.6,2014-06-30,1628,Aqua,MODIS,72,6.2,285.9,51.1,N,0
-12.5513,130.6579,325.2,1.5,1.2,2014-06-30,1628,Aqua,MODIS,100,6.2,284.6,45.7,N,0
-12.5532,130.6519,319.9,1.5,1.2,2014-06-30,1628,Aqua,MODIS,99,6.2,284.9,35.3,N,0
-15.7268,129.3068,303.1,1.7,1.3,2014-06-30,1629,Aqua,MODIS,53,6.2,287,14.7,N,0
-15.7295,129.323,300.7,1.7,1.3,2014-06-30,1629,Aqua,MODIS,33,6.2,287.3,11.8,N,0
-15.9122,126.4087,302.2,2.8,1.6,2014-06-30,1629,Aqua,MODIS,48,6.2,283.2,33.8,N,0
-15.711,130.4536,301.7,1.4,1.2,2014-06-30,1629,Aqua,MODIS,44,6.2,287.6,10.5,N,0
-16.4766,142.7639,312.5,3,1.6,2014-07-01,0015,Terra,MODIS,50,6.2,283.7,44,D,0
-16.4619,142.7668,311.3,3,1.6,2014-07-01,0015,Terra,MODIS,46,6.2,286.7,40.5,D,0
-16.4823,142.7974,338.4,3,1.6,2014-07-01,0015,Terra,MODIS,91,6.2,286,184.9,D,0
-16.4772,142.7696,324.2,3,1.6,2014-07-01,0015,Terra,MODIS,74,6.2,284.3,93.1,D,0
-16.4673,142.7946,309.8,3,1.6,2014-07-01,0015,Terra,MODIS,36,6.2,286.4,33.6,D,0
-16.4819,142.7916,338.8,3,1.6,2014-07-01,0015,Terra,MODIS,91,6.2,285.2,192.9,D,0
-24.7236,151.8335,317,1.1,1.1,2014-07-01,0017,Terra,MODIS,77,6.2,293.4,17.3,D,0
-25.1948,149.0946,343.4,1,1,2014-07-01,0017,Terra,MODIS,63,6.2,289.2,45.9,D,0
-25.2055,149.1065,319.3,1,1,2014-07-01,0017,Terra,MODIS,79,6.2,287.5,18.4,D,0
-25.2086,149.0654,309.4,1,1,2014-07-01,0017,Terra,MODIS,37,6.2,286.9,9.1,D,0
-25.2101,149.0753,316.4,1,1,2014-07-01,0017,Terra,MODIS,38,6.2,287.4,14,D,0
-25.2011,149.0769,340.7,1,1,2014-07-01,0017,Terra,MODIS,82,6.2,290.4,43.2,D,0
-25.1982,149.0571,340.8,1,1,2014-07-01,0017,Terra,MODIS,92,6.2,288.4,44.4,D,0
-25.1963,149.1045,339.2,1,1,2014-07-01,0017,Terra,MODIS,70,6.2,288.8,39.7,D,0
-25.1997,149.067,324.4,1,1,2014-07-01,0017,Terra,MODIS,52,6.2,287.3,21.4,D,0
-25.1978,149.1144,349.9,1,1,2014-07-01,0017,Terra,MODIS,96,6.2,290.1,61.5,D,0
-26.6609,152.7755,304.8,1.3,1.1,2014-07-01,0018,Terra,MODIS,60,6.2,289.3,11.4,D,0
-27.6331,150.9662,301.4,1.1,1.1,2014-07-01,0018,Terra,MODIS,47,6.2,286.3,7,D,0
-28.3106,151.3282,301.5,1.2,1.1,2014-07-01,0018,Terra,MODIS,47,6.2,286.5,7.1,D,0
-28.3091,151.3162,305.8,1.2,1.1,2014-07-01,0018,Terra,MODIS,62,6.2,286.3,10.2,D,0
-27.6919,148.5541,301.8,1,1,2014-07-01,0018,Terra,MODIS,49,6.2,289.4,4.1,D,0
-28.2251,148.805,305.2,1,1,2014-07-01,0018,Terra,MODIS,61,6.2,289.3,5.5,D,0
-28.9288,148.1472,308.3,1,1,2014-07-01,0018,Terra,MODIS,67,6.2,290.3,7.7,D,0
-28.2236,148.7948,301,1,1,2014-07-01,0018,Terra,MODIS,43,6.2,289.4,3.1,D,0
-29.3782,148.4492,304.9,1,1,2014-07-01,0019,Terra,MODIS,60,6.2,287.6,6.1,D,0
-29.3767,148.4389,304.1,1,1,2014-07-01,0019,Terra,MODIS,58,6.2,288.7,5.4,D,0
-31.6153,146.0159,300.1,1,1,2014-07-01,0019,Terra,MODIS,27,6.2,286.6,5.4,D,0
-31.8897,145.8399,323.5,1.1,1,2014-07-01,0019,Terra,MODIS,82,6.2,287,24.1,D,0
-30.2422,147.6325,300.7,1,1,2014-07-01,0019,Terra,MODIS,40,6.2,289,2.9,D,0
-34.466,150.8855,301.8,1.3,1.1,2014-07-01,0020,Terra,MODIS,37,6.2,288.7,7.4,D,2
-11.9863,133.9174,329.9,2.2,1.4,2014-07-01,0152,Terra,MODIS,43,6.2,290.5,65.8,D,0
-11.9421,133.9834,337.4,2.2,1.4,2014-07-01,0152,Terra,MODIS,77,6.2,290.9,102.9,D,0
-11.9564,133.9881,327.9,2.2,1.4,2014-07-01,0152,Terra,MODIS,28,6.2,290.3,61.6,D,0
-12.079,134.1459,312.9,2.3,1.5,2014-07-01,0152,Terra,MODIS,51,6.2,288.5,27.5,D,0
-12.017,133.9538,321.2,2.2,1.4,2014-07-01,0152,Terra,MODIS,29,6.2,291,39.1,D,0
-11.9955,134.0993,322.4,2.2,1.4,2014-07-01,0152,Terra,MODIS,71,6.2,288.3,49.5,D,0
-11.9693,133.9865,340.8,2.2,1.4,2014-07-01,0152,Terra,MODIS,91,6.2,291.3,122.3,D,0
-11.9153,133.9731,326.9,2.2,1.4,2014-07-01,0152,Terra,MODIS,34,6.2,289.7,57.6,D,0
-12.0041,133.9554,328.6,2.2,1.4,2014-07-01,0152,Terra,MODIS,48,6.2,291.4,61.2,D,0
-11.9306,133.9914,319.4,2.2,1.4,2014-07-01,0152,Terra,MODIS,41,6.2,289.3,37.8,D,0
-11.9463,133.9091,317.9,2.2,1.4,2014-07-01,0152,Terra,MODIS,75,6.2,289.1,39.4,D,0
-11.9178,133.993,353.7,2.2,1.4,2014-07-01,0152,Terra,MODIS,84,6.2,291.9,202.8,D,0
-11.9438,133.8895,306.4,2.1,1.4,2014-07-01,0152,Terra,MODIS,51,6.2,289,12.3,D,0
-11.9382,134.0515,318.4,2.2,1.4,2014-07-01,0152,Terra,MODIS,57,6.2,288.1,36.3,D,0
-11.9435,133.9897,352.6,2.2,1.4,2014-07-01,0152,Terra,MODIS,97,6.2,291.6,195.3,D,0
-11.998,134.1197,323,2.2,1.5,2014-07-01,0152,Terra,MODIS,64,6.2,288.6,51.4,D,0
-12.0816,134.1512,313.3,2.3,1.5,2014-07-01,0152,Terra,MODIS,45,6.2,288.2,25.4,D,0
-11.955,133.9818,325.4,2.2,1.4,2014-07-01,0152,Terra,MODIS,69,6.2,290,55.9,D,0
-11.9719,134.0065,324.1,2.2,1.4,2014-07-01,0152,Terra,MODIS,49,6.2,289.6,50.5,D,0
-11.9679,133.9801,323.4,2.2,1.4,2014-07-01,0152,Terra,MODIS,37,6.2,290.4,46.6,D,0
-11.9574,134.0017,322.3,2.2,1.4,2014-07-01,0152,Terra,MODIS,32,6.2,290.2,44.8,D,0
-11.9703,134.0001,334.6,2.2,1.4,2014-07-01,0152,Terra,MODIS,86,6.2,290.7,91,D,0
-11.9454,133.9027,318.2,2.2,1.4,2014-07-01,0152,Terra,MODIS,75,6.2,289.3,38.9,D,0
-11.9462,132.7787,315.1,1.8,1.3,2014-07-01,0152,Terra,MODIS,56,6.2,292,20.4,D,0
-11.9579,132.7772,321.9,1.8,1.3,2014-07-01,0152,Terra,MODIS,79,6.2,292.3,36.3,D,0
-11.96,132.7933,310.8,1.8,1.3,2014-07-01,0152,Terra,MODIS,62,6.2,293.1,13.9,D,0
-11.4686,131.4014,326.3,1.4,1.2,2014-07-01,0152,Terra,MODIS,82,6.2,293.1,31.4,D,0
-11.4791,131.3999,316.6,1.4,1.2,2014-07-01,0152,Terra,MODIS,73,6.2,293.5,17.1,D,0
-11.4808,131.4125,306.6,1.4,1.2,2014-07-01,0152,Terra,MODIS,50,6.2,291.5,5.7,D,0
-11.2706,131.2132,334.5,1.3,1.1,2014-07-01,0152,Terra,MODIS,66,6.2,294.2,43.7,D,0
-11.6589,130.9879,327,1.3,1.1,2014-07-01,0152,Terra,MODIS,73,6.2,294.1,29.5,D,0
-11.6564,130.9824,316.4,1.3,1.1,2014-07-01,0152,Terra,MODIS,59,6.2,293.7,15,D,0
-11.6234,130.9563,308.8,1.3,1.1,2014-07-01,0152,Terra,MODIS,31,6.2,292.6,7.4,D,0
-11.6353,130.9668,311.3,1.3,1.1,2014-07-01,0152,Terra,MODIS,44,6.2,292.8,10,D,0
-11.467,131.3888,337,1.4,1.2,2014-07-01,0152,Terra,MODIS,89,6.2,293.4,53.7,D,0
-11.3695,131.3445,315,1.4,1.2,2014-07-01,0152,Terra,MODIS,71,6.2,293.7,14.6,D,0
-11.4548,131.3775,311.9,1.4,1.2,2014-07-01,0152,Terra,MODIS,31,6.2,292.8,8.2,D,0
-11.7439,130.9516,306.6,1.3,1.1,2014-07-01,0152,Terra,MODIS,46,6.2,292.9,6.6,D,0
-11.2756,131.2499,314.7,1.3,1.2,2014-07-01,0152,Terra,MODIS,30,6.2,292.8,12.4,D,0
-11.3678,131.3321,309.9,1.4,1.2,2014-07-01,0152,Terra,MODIS,57,6.2,294.7,8.6,D,0
-11.4199,131.3251,316.1,1.4,1.2,2014-07-01,0152,Terra,MODIS,46,6.2,293.5,12.1,D,0
-11.4273,131.3303,314.2,1.4,1.2,2014-07-01,0152,Terra,MODIS,24,6.2,293.5,8.5,D,0
-11.0821,132.5511,319.3,1.6,1.3,2014-07-01,0152,Terra,MODIS,48,6.2,289.8,25.1,D,0
-11.2533,131.2405,312,1.3,1.1,2014-07-01,0152,Terra,MODIS,37,6.2,292.6,10,D,0
-11.2946,131.2349,317.5,1.3,1.1,2014-07-01,0152,Terra,MODIS,64,6.2,292.6,16.6,D,0
-11.658,130.9943,319.7,1.3,1.1,2014-07-01,0152,Terra,MODIS,76,6.2,293.9,19.5,D,0
-11.4729,130.6756,317.2,1.3,1.1,2014-07-01,0152,Terra,MODIS,56,6.2,293,16.3,D,0
-11.4744,130.6871,333.7,1.3,1.1,2014-07-01,0152,Terra,MODIS,76,6.2,294.9,42.4,D,0
-11.6902,130.7736,321.5,1.3,1.1,2014-07-01,0152,Terra,MODIS,59,6.2,294,20.9,D,0
-11.7003,130.7724,328.2,1.3,1.1,2014-07-01,0152,Terra,MODIS,67,6.2,294.7,30.5,D,0
-11.7253,130.8045,339.2,1.3,1.1,2014-07-01,0152,Terra,MODIS,90,6.2,295.3,52.2,D,0
-11.7235,130.7982,333,1.3,1.1,2014-07-01,0152,Terra,MODIS,87,6.2,295,39.6,D,0
-11.7251,130.8098,328.4,1.3,1.1,2014-07-01,0152,Terra,MODIS,76,6.2,294.8,31.3,D,0
-11.5805,130.426,328.3,1.2,1.1,2014-07-01,0152,Terra,MODIS,61,6.2,296.4,27.7,D,0
-11.5815,130.275,320,1.2,1.1,2014-07-01,0152,Terra,MODIS,77,6.2,296.7,16.3,D,0
-11.5812,130.42,328.2,1.2,1.1,2014-07-01,0152,Terra,MODIS,65,6.2,297.8,27,D,0
-11.6138,130.4381,326.4,1.2,1.1,2014-07-01,0152,Terra,MODIS,76,6.2,297.1,24.1,D,0
-11.6153,130.4492,327,1.2,1.1,2014-07-01,0152,Terra,MODIS,54,6.2,295.6,25.4,D,0
-11.4428,130.3841,311.6,1.2,1.1,2014-07-01,0152,Terra,MODIS,49,6.2,293.6,10.1,D,0
-11.3922,130.4644,307.9,1.2,1.1,2014-07-01,0152,Terra,MODIS,56,6.2,293.9,5.7,D,0
-13.837,129.773,315.6,1.2,1.1,2014-07-01,0153,Terra,MODIS,65,6.2,299.3,12.6,D,0
-14.2072,129.5094,334.7,1.2,1.1,2014-07-01,0153,Terra,MODIS,66,6.2,300.8,37.6,D,0
-14.2098,129.5031,351,1.2,1.1,2014-07-01,0153,Terra,MODIS,90,6.2,304.1,74.4,D,0
-13.1519,130.1315,323.3,1.2,1.1,2014-07-01,0153,Terra,MODIS,58,6.2,298.2,23.5,D,0
-13.8373,130.1484,346.7,1.2,1.1,2014-07-01,0153,Terra,MODIS,93,6.2,304.4,65.3,D,0
-13.8363,130.1434,342.1,1.2,1.1,2014-07-01,0153,Terra,MODIS,91,6.2,302.9,54.4,D,0
-13.8264,130.1448,319.8,1.2,1.1,2014-07-01,0153,Terra,MODIS,72,6.2,301.3,15.9,D,0
-14.311,129.8109,335.2,1.2,1.1,2014-07-01,0153,Terra,MODIS,87,6.2,302.1,40.3,D,0
-14.2676,130.018,317.3,1.2,1.1,2014-07-01,0153,Terra,MODIS,64,6.2,303.8,10.5,D,0
-14.0711,129.6887,311.7,1.2,1.1,2014-07-01,0153,Terra,MODIS,52,6.2,298.6,7.8,D,0
-14.3578,129.7753,324.5,1.2,1.1,2014-07-01,0153,Terra,MODIS,79,6.2,299.7,22.7,D,0
-14.2692,130.0294,322.3,1.2,1.1,2014-07-01,0153,Terra,MODIS,77,6.2,301.8,17.2,D,0
-14.4681,129.914,320.4,1.2,1.1,2014-07-01,0153,Terra,MODIS,66,6.2,303.2,15.4,D,0
-14.3684,129.7062,311.2,1.2,1.1,2014-07-01,0153,Terra,MODIS,58,6.2,299.2,7.9,D,0
-14.3563,129.7642,324.1,1.2,1.1,2014-07-01,0153,Terra,MODIS,79,6.2,298.8,22.6,D,0
-14.385,126.1108,318,1,1,2014-07-01,0153,Terra,MODIS,70,6.2,300,9.7,D,0
-13.6337,129.8471,318.1,1.2,1.1,2014-07-01,0153,Terra,MODIS,37,6.2,299,13.9,D,0
-13.6239,129.8484,317.3,1.2,1.1,2014-07-01,0153,Terra,MODIS,42,6.2,299.2,13.4,D,0
-13.6322,129.8362,327.1,1.2,1.1,2014-07-01,0153,Terra,MODIS,80,6.2,299.2,26.2,D,0
-11.6976,130.3078,313,1.2,1.1,2014-07-01,0153,Terra,MODIS,39,6.2,296.5,9.3,D,0
-14.4504,130.2393,311.2,1.3,1.1,2014-07-01,0153,Terra,MODIS,30,6.2,299.9,6.5,D,0
-14.3465,129.7656,348,1.2,1.1,2014-07-01,0153,Terra,MODIS,94,6.2,302.7,67.7,D,0
-14.2083,129.4925,327,1.2,1.1,2014-07-01,0153,Terra,MODIS,77,6.2,300.3,24.5,D,0
-13.9015,130.5594,316.1,1.3,1.1,2014-07-01,0153,Terra,MODIS,63,6.2,303,10.2,D,0
-14.3751,129.8298,317.8,1.2,1.1,2014-07-01,0153,Terra,MODIS,71,6.2,302.9,11.2,D,0
-14.348,129.7767,329.8,1.2,1.1,2014-07-01,0153,Terra,MODIS,68,6.2,301.8,28.6,D,0
-14.2058,129.4987,359.4,1.2,1.1,2014-07-01,0153,Terra,MODIS,94,6.2,304,99.5,D,0
-14.4488,130.2275,323,1.3,1.1,2014-07-01,0153,Terra,MODIS,78,6.2,301.3,20.8,D,0
-14.2817,129.5257,310.3,1.2,1.1,2014-07-01,0153,Terra,MODIS,55,6.2,299.5,6.3,D,0
-14.3711,126.6901,315.7,1,1,2014-07-01,0153,Terra,MODIS,52,6.2,299.9,8,D,0
-14.3697,126.6809,316.5,1,1,2014-07-01,0153,Terra,MODIS,53,6.2,301.8,8.3,D,0
-14.1371,130.6392,313.8,1.3,1.1,2014-07-01,0153,Terra,MODIS,34,6.2,299.1,10.6,D,0
-13.7559,126.95,344.2,1,1,2014-07-01,0153,Terra,MODIS,0,6.2,303.2,41.6,D,0
-13.7573,126.9592,336.2,1,1,2014-07-01,0153,Terra,MODIS,39,6.2,301.1,25.4,D,0
-13.8076,126.9891,319.6,1,1,2014-07-01,0153,Terra,MODIS,48,6.2,300.7,8.5,D,0
-13.7676,126.967,329.8,1,1,2014-07-01,0153,Terra,MODIS,56,6.2,301.7,18.3,D,0
-13.8354,133.1858,309.3,2,1.4,2014-07-01,0153,Terra,MODIS,46,6.2,297,13.5,D,0
-13.9656,130.0437,317.9,1.2,1.1,2014-07-01,0153,Terra,MODIS,70,6.2,299.9,16,D,0
-13.9672,130.055,314,1.2,1.1,2014-07-01,0153,Terra,MODIS,62,6.2,300.7,11.3,D,0
-13.8388,130.1599,336.2,1.2,1.1,2014-07-01,0153,Terra,MODIS,86,6.2,305.2,41.5,D,0
-13.8379,130.1548,353.2,1.2,1.1,2014-07-01,0153,Terra,MODIS,97,6.2,305.6,83.1,D,0
-11.7532,130.2608,327.5,1.2,1.1,2014-07-01,0153,Terra,MODIS,81,6.2,296.2,28.7,D,0
-14.6024,130.1587,318,1.3,1.1,2014-07-01,0153,Terra,MODIS,57,6.2,298.7,14,D,0
-13.6879,129.9518,336.5,1.2,1.1,2014-07-01,0153,Terra,MODIS,88,6.2,300.7,43.3,D,0
-14.1478,127.1727,328.1,1,1,2014-07-01,0153,Terra,MODIS,81,6.2,302.4,17.8,D,0
-14.1464,127.1635,333.8,1,1,2014-07-01,0153,Terra,MODIS,86,6.2,301.6,25,D,0
-14.5179,130.2121,326.6,1.3,1.1,2014-07-01,0153,Terra,MODIS,64,6.2,301.9,24.3,D,0
-14.528,130.2108,321.7,1.3,1.1,2014-07-01,0153,Terra,MODIS,63,6.2,301.7,17.8,D,0
-14.3621,126.6915,325.9,1,1,2014-07-01,0153,Terra,MODIS,71,6.2,302.2,17.2,D,0
-14.6533,130.0042,342.4,1.2,1.1,2014-07-01,0153,Terra,MODIS,92,6.2,306.2,54.1,D,0
-14.6633,130.0029,327,1.2,1.1,2014-07-01,0153,Terra,MODIS,81,6.2,302.6,23.3,D,0
-13.6864,129.9408,327.9,1.2,1.1,2014-07-01,0153,Terra,MODIS,82,6.2,298.9,28.4,D,0
-13.8395,130.1662,326.6,1.2,1.1,2014-07-01,0153,Terra,MODIS,55,6.2,303.6,22.3,D,0
-13.8403,130.1714,318.9,1.2,1.1,2014-07-01,0153,Terra,MODIS,42,6.2,302.4,13.9,D,0
-15.0768,130.9896,337.5,1.5,1.2,2014-07-01,0153,Terra,MODIS,87,6.2,299.2,55,D,0
-15.0785,131.0032,344.1,1.5,1.2,2014-07-01,0153,Terra,MODIS,93,6.2,302,74,D,0
-14.5909,132.7608,310.5,1.9,1.4,2014-07-01,0153,Terra,MODIS,58,6.2,297.7,13.7,D,0
-14.0418,130.0036,313.3,1.2,1.1,2014-07-01,0153,Terra,MODIS,57,6.2,298.8,9.9,D,0
-11.7547,130.2717,314.7,1.2,1.1,2014-07-01,0153,Terra,MODIS,62,6.2,296.2,11.9,D,0
-11.7434,130.2622,327.6,1.2,1.1,2014-07-01,0153,Terra,MODIS,70,6.2,296.6,28.3,D,0
-14.0304,129.9937,349.5,1.2,1.1,2014-07-01,0153,Terra,MODIS,95,6.2,301.8,74,D,0
-13.997,130.4304,319.2,1.3,1.1,2014-07-01,0153,Terra,MODIS,72,6.2,304.5,12.3,D,0
-14.1623,127.1453,318.2,1,1,2014-07-01,0153,Terra,MODIS,59,6.2,300.5,8.8,D,0
-14.1547,127.1558,320.7,1,1,2014-07-01,0153,Terra,MODIS,72,6.2,301.4,11.1,D,0
-13.9763,127.1953,324.7,1,1,2014-07-01,0153,Terra,MODIS,59,6.2,300.9,15.1,D,0
-13.9716,129.9398,321.3,1.2,1.1,2014-07-01,0153,Terra,MODIS,68,6.2,300.9,16.9,D,0
-14.0554,127.2961,326.9,1,1,2014-07-01,0153,Terra,MODIS,76,6.2,300.2,17.7,D,0
-14.9875,127.759,311.5,1,1,2014-07-01,0153,Terra,MODIS,33,6.2,300.7,4.2,D,0
-13.9868,129.8181,318.2,1.2,1.1,2014-07-01,0153,Terra,MODIS,68,6.2,299.3,15.7,D,0
-13.8358,130.137,340,1.2,1.1,2014-07-01,0153,Terra,MODIS,90,6.2,301.5,50.2,D,0
-13.8343,130.1255,327.4,1.2,1.1,2014-07-01,0153,Terra,MODIS,65,6.2,298.2,26.2,D,0
-11.742,130.2682,318.6,1.2,1.1,2014-07-01,0153,Terra,MODIS,70,6.2,296,16.2,D,0
-11.7404,130.2573,318.8,1.2,1.1,2014-07-01,0153,Terra,MODIS,69,6.2,295.4,16.5,D,0
-13.8348,130.1319,342.1,1.2,1.1,2014-07-01,0153,Terra,MODIS,91,6.2,300.2,55.4,D,0
-14.1832,126.6654,340.8,1,1,2014-07-01,0153,Terra,MODIS,88,6.2,304.5,34.8,D,0
-14.1818,126.6561,338,1,1,2014-07-01,0153,Terra,MODIS,63,6.2,302.8,29.1,D,0
-14.1742,126.6668,336.3,1,1,2014-07-01,0153,Terra,MODIS,66,6.2,303.9,29.1,D,0
-14.161,126.7031,327.9,1,1,2014-07-01,0153,Terra,MODIS,81,6.2,303.7,19,D,0
-11.7313,130.1924,310.3,1.2,1.1,2014-07-01,0153,Terra,MODIS,30,6.2,295.4,7.9,D,0
-15.126,130.5776,314.4,1.4,1.2,2014-07-01,0153,Terra,MODIS,59,6.2,300,9.1,D,0
-14.6548,130.0157,327.8,1.3,1.1,2014-07-01,0153,Terra,MODIS,82,6.2,305.4,24.1,D,0
-13.8248,130.1333,322.3,1.2,1.1,2014-07-01,0153,Terra,MODIS,76,6.2,300,19.7,D,0
-13.983,129.9496,337.7,1.2,1.1,2014-07-01,0153,Terra,MODIS,89,6.2,303.7,44.2,D,0
-14.1356,127.09,324.5,1,1,2014-07-01,0153,Terra,MODIS,77,6.2,302.2,15.7,D,0
-14.1369,127.0992,322.5,1,1,2014-07-01,0153,Terra,MODIS,64,6.2,303.3,12.8,D,0
-14.1452,127.0915,332.2,1,1,2014-07-01,0153,Terra,MODIS,85,6.2,302.1,24.9,D,0
-14.1465,127.1007,323.3,1,1,2014-07-01,0153,Terra,MODIS,77,6.2,302.9,14.1,D,0
-13.8036,130.277,314.1,1.3,1.1,2014-07-01,0153,Terra,MODIS,56,6.2,303.5,6.1,D,0
-14.0854,127.248,321.8,1,1,2014-07-01,0153,Terra,MODIS,54,6.2,302.4,11.9,D,0
-13.8318,133.0558,310.9,2,1.4,2014-07-01,0153,Terra,MODIS,60,6.2,296.7,16.8,D,0
-14.6663,130.0259,331.8,1.3,1.1,2014-07-01,0153,Terra,MODIS,85,6.2,304.3,32,D,0
-14.6679,130.0375,330.9,1.3,1.1,2014-07-01,0153,Terra,MODIS,84,6.2,302.4,31.1,D,0
-14.0187,126.7973,318.9,1,1,2014-07-01,0153,Terra,MODIS,32,6.2,302.2,8.3,D,0
-14.1984,126.6442,313.3,1,1,2014-07-01,0153,Terra,MODIS,48,6.2,300.9,4.8,D,0
-14.0091,129.9851,318.2,1.2,1.1,2014-07-01,0153,Terra,MODIS,71,6.2,299,15.6,D,0
-14.0076,129.9739,318.1,1.2,1.1,2014-07-01,0153,Terra,MODIS,71,6.2,300,15.1,D,0
-14.6549,130.0924,331.4,1.3,1.1,2014-07-01,0153,Terra,MODIS,44,6.2,304.2,28.3,D,0
-14.6648,130.0144,330.6,1.3,1.1,2014-07-01,0153,Terra,MODIS,84,6.2,303.2,29.3,D,0
-14.0097,126.7987,322.8,1,1,2014-07-01,0153,Terra,MODIS,50,6.2,302.7,12.1,D,0
-13.745,126.9393,341.5,1,1,2014-07-01,0153,Terra,MODIS,0,6.2,300.3,38.3,D,0
-13.7463,126.9485,338.9,1,1,2014-07-01,0153,Terra,MODIS,0,6.2,299.4,33.1,D,0
-14.0319,130.0049,361.4,1.2,1.1,2014-07-01,0153,Terra,MODIS,100,6.2,305,114.2,D,0
-14.0433,130.0149,313.4,1.2,1.1,2014-07-01,0153,Terra,MODIS,62,6.2,299.2,10.2,D,0
-12.8693,133.2814,308.4,2,1.4,2014-07-01,0153,Terra,MODIS,48,6.2,293.5,12,D,0
-13.0532,130.8356,313.9,1.3,1.1,2014-07-01,0153,Terra,MODIS,24,6.2,300.6,9.4,D,0
-13.082,134.1659,325.9,2.3,1.5,2014-07-01,0153,Terra,MODIS,81,6.2,291.1,74.1,D,0
-12.951,134.6581,305.8,2.5,1.5,2014-07-01,0153,Terra,MODIS,42,6.2,290.2,14.3,D,0
-13.1594,134.2842,312.2,2.4,1.5,2014-07-01,0153,Terra,MODIS,64,6.2,290.7,27.9,D,0
-13.4111,134.1021,319.7,2.3,1.5,2014-07-01,0153,Terra,MODIS,54,6.2,292.6,42.8,D,0
-16.0622,135.9874,308.5,3.6,1.8,2014-07-01,0153,Terra,MODIS,59,6.2,295.8,33.1,D,0
-12.4614,133.9695,307.5,2.2,1.4,2014-07-01,0153,Terra,MODIS,53,6.2,291.9,14.1,D,0
-13.278,134.2481,309.3,2.4,1.5,2014-07-01,0153,Terra,MODIS,56,6.2,290.4,20.2,D,0
-12.5266,131.5363,319.2,1.5,1.2,2014-07-01,0153,Terra,MODIS,66,6.2,295.6,20.5,D,0
-12.5735,130.6751,315.6,1.3,1.1,2014-07-01,0153,Terra,MODIS,66,6.2,297.9,11,D,0
-13.2859,133.5868,307.4,2.1,1.4,2014-07-01,0153,Terra,MODIS,32,6.2,292.8,13,D,0
-12.5249,131.5229,312.3,1.5,1.2,2014-07-01,0153,Terra,MODIS,44,6.2,295.6,11.2,D,0
-13.2928,133.8503,308.3,2.2,1.4,2014-07-01,0153,Terra,MODIS,47,6.2,293,15.5,D,0
-13.6321,133.9764,311.9,2.3,1.5,2014-07-01,0153,Terra,MODIS,45,6.2,287.4,25.1,D,0
-13.2857,133.5811,307.4,2.1,1.4,2014-07-01,0153,Terra,MODIS,24,6.2,292.6,14.4,D,0
-13.0846,134.1877,318.6,2.4,1.5,2014-07-01,0153,Terra,MODIS,74,6.2,291.5,48.9,D,0
-13.1648,134.2891,306.9,2.4,1.5,2014-07-01,0153,Terra,MODIS,45,6.2,290.7,16.5,D,0
-13.0732,134.1738,319.3,2.3,1.5,2014-07-01,0153,Terra,MODIS,61,6.2,290.7,46,D,0
-13.3644,134.3215,313.8,2.4,1.5,2014-07-01,0153,Terra,MODIS,37,6.2,293.3,29.2,D,0
-12.5672,131.5653,316.6,1.5,1.2,2014-07-01,0153,Terra,MODIS,58,6.2,296.9,14.6,D,0
-13.0548,130.8478,312,1.3,1.1,2014-07-01,0153,Terra,MODIS,38,6.2,299.6,8.1,D,0
-13.2727,134.2419,307.5,2.4,1.5,2014-07-01,0153,Terra,MODIS,43,6.2,290.4,17.1,D,0
-12.4909,131.5139,314.6,1.5,1.2,2014-07-01,0153,Terra,MODIS,69,6.2,296.7,15.9,D,0
-12.6362,132.9843,309.2,1.9,1.3,2014-07-01,0153,Terra,MODIS,51,6.2,294.4,11.4,D,0
-13.1274,134.0949,306.5,2.3,1.5,2014-07-01,0153,Terra,MODIS,32,6.2,289.7,13.4,D,0
-13.3587,134.3168,313.3,2.4,1.5,2014-07-01,0153,Terra,MODIS,65,6.2,293.2,29.9,D,0
-12.879,130.748,316.9,1.3,1.1,2014-07-01,0153,Terra,MODIS,67,6.2,300.6,12,D,0
-13.1248,134.0736,307,2.3,1.5,2014-07-01,0153,Terra,MODIS,39,6.2,288.2,15.3,D,0
-13.3373,134.3246,316.7,2.4,1.5,2014-07-01,0153,Terra,MODIS,70,6.2,291.7,39.3,D,0
-14.9906,133.3789,307,2.2,1.4,2014-07-01,0153,Terra,MODIS,43,6.2,294.4,11.4,D,0
-13.0037,134.5741,310.9,2.5,1.5,2014-07-01,0153,Terra,MODIS,63,6.2,292.1,25.7,D,0
-12.5951,135.1949,307.8,2.8,1.6,2014-07-01,0153,Terra,MODIS,55,6.2,288.3,24.7,D,0
-12.2478,133.9267,309,2.2,1.4,2014-07-01,0153,Terra,MODIS,59,6.2,291.4,14.6,D,0
-15.9893,135.4503,305.7,3.2,1.7,2014-07-01,0153,Terra,MODIS,46,6.2,295.4,21.3,D,0
-12.8774,130.7358,323.8,1.3,1.1,2014-07-01,0153,Terra,MODIS,77,6.2,300.5,21.8,D,0
-12.575,130.6869,316.5,1.3,1.1,2014-07-01,0153,Terra,MODIS,70,6.2,299,12.8,D,0
-13.6453,133.9746,310.5,2.3,1.5,2014-07-01,0153,Terra,MODIS,47,6.2,287.5,22,D,0
-13.3722,134.3152,309.1,2.4,1.5,2014-07-01,0153,Terra,MODIS,31,6.2,293.1,18.6,D,0
-13.0897,134.4182,306.3,2.5,1.5,2014-07-01,0153,Terra,MODIS,42,6.2,291,15.5,D,0
-13.2717,133.8945,309.3,2.3,1.5,2014-07-01,0153,Terra,MODIS,32,6.2,291.3,17.4,D,0
-13.1369,134.0882,311.4,2.3,1.5,2014-07-01,0153,Terra,MODIS,48,6.2,288.9,23.4,D,0
-13.6427,133.9534,310.7,2.3,1.5,2014-07-01,0153,Terra,MODIS,52,6.2,286.6,22.9,D,0
-13.0865,134.1721,318.6,2.3,1.5,2014-07-01,0153,Terra,MODIS,55,6.2,291.1,42.7,D,0
-12.592,135.1691,309.4,2.8,1.6,2014-07-01,0153,Terra,MODIS,60,6.2,287.9,30,D,0
-13.0977,134.3714,308.5,2.4,1.5,2014-07-01,0153,Terra,MODIS,56,6.2,290,21.1,D,0
-13.4157,134.1083,318.1,2.3,1.5,2014-07-01,0153,Terra,MODIS,69,6.2,293.1,40.6,D,0
-12.9188,131.0431,313.5,1.4,1.2,2014-07-01,0153,Terra,MODIS,45,6.2,301.1,7,D,0
-13.1412,133.5722,307.9,2.1,1.4,2014-07-01,0153,Terra,MODIS,47,6.2,294.8,11.9,D,0
-14.1188,126.7285,320.2,1,1,2014-07-01,0153,Terra,MODIS,44,6.2,302.5,9.6,D,0
-14.1264,126.7179,320.7,1,1,2014-07-01,0153,Terra,MODIS,37,6.2,302.5,10.3,D,0
-14.1354,126.7165,338.4,1,1,2014-07-01,0153,Terra,MODIS,84,6.2,303.9,32.5,D,0
-14.1431,126.7059,336.2,1,1,2014-07-01,0153,Terra,MODIS,88,6.2,300.7,29.7,D,0
-14.1444,126.7151,328.5,1,1,2014-07-01,0153,Terra,MODIS,81,6.2,303.2,19.2,D,0
-14.1341,126.7073,357.3,1,1,2014-07-01,0153,Terra,MODIS,86,6.2,305.4,70.8,D,0
-14.1161,126.464,322.8,1,1,2014-07-01,0153,Terra,MODIS,76,6.2,300.8,15.4,D,0
-14.1175,126.4733,319.6,1,1,2014-07-01,0153,Terra,MODIS,72,6.2,300.6,12.2,D,0
-12.5804,130.6501,315.7,1.3,1.1,2014-07-01,0153,Terra,MODIS,57,6.2,299.8,10.8,D,0
-14.673,132.8915,311.5,2,1.4,2014-07-01,0153,Terra,MODIS,59,6.2,300.5,13.6,D,0
-14.6446,132.994,314.8,2,1.4,2014-07-01,0153,Terra,MODIS,68,6.2,296.7,20.4,D,0
-14.6467,132.9881,315.1,2,1.4,2014-07-01,0153,Terra,MODIS,66,6.2,296.1,19.7,D,0
-14.6489,133.0069,311.5,2,1.4,2014-07-01,0153,Terra,MODIS,25,6.2,297.4,12,D,0
-14.6841,132.9836,311.1,2,1.4,2014-07-01,0153,Terra,MODIS,60,6.2,298,13.5,D,0
-14.6863,133.0023,318.3,2,1.4,2014-07-01,0153,Terra,MODIS,73,6.2,299.9,30.2,D,0
-13.461,133.633,316.1,2.2,1.4,2014-07-01,0153,Terra,MODIS,70,6.2,292.7,34.2,D,0
-13.4602,133.6275,317.5,2.2,1.4,2014-07-01,0153,Terra,MODIS,72,6.2,293,38.1,D,0
-11.8104,130.9063,309.4,1.3,1.1,2014-07-01,0153,Terra,MODIS,23,6.2,295.2,8.1,D,0
-11.8055,130.8709,314.7,1.3,1.1,2014-07-01,0153,Terra,MODIS,70,6.2,294.7,14,D,0
-13.2503,131.9031,312.2,1.6,1.2,2014-07-01,0153,Terra,MODIS,46,6.2,298.9,7.3,D,0
-13.2505,131.9089,312.6,1.6,1.2,2014-07-01,0153,Terra,MODIS,39,6.2,299,7.1,D,0
-13.6913,133.7101,309.3,2.2,1.4,2014-07-01,0153,Terra,MODIS,34,6.2,293.6,14.5,D,0
-14.3651,133.0467,311.9,2,1.4,2014-07-01,0153,Terra,MODIS,52,6.2,298.5,13.3,D,0
-13.4385,133.129,328.6,2,1.4,2014-07-01,0153,Terra,MODIS,83,6.2,294.5,58.1,D,0
-13.6495,131.7222,318.6,1.6,1.2,2014-07-01,0153,Terra,MODIS,73,6.2,301.7,19,D,0
-13.5081,133.2636,325.8,2,1.4,2014-07-01,0153,Terra,MODIS,81,6.2,296.1,52.5,D,0
-13.4532,133.1459,311,2,1.4,2014-07-01,0153,Terra,MODIS,41,6.2,293.2,13.4,D,0
-13.4554,133.1642,316.8,2,1.4,2014-07-01,0153,Terra,MODIS,71,6.2,294.7,28.4,D,0
-13.9186,131.6823,320,1.6,1.2,2014-07-01,0153,Terra,MODIS,53,6.2,300.3,20.5,D,0
-13.9205,131.6968,315.9,1.6,1.2,2014-07-01,0153,Terra,MODIS,39,6.2,299.5,13.1,D,0
-14.3628,133.0283,312,2,1.4,2014-07-01,0153,Terra,MODIS,54,6.2,298,13.5,D,0
-13.1889,131.7845,314.9,1.6,1.2,2014-07-01,0153,Terra,MODIS,44,6.2,301,10.4,D,0
-13.5042,133.2518,319.1,2,1.4,2014-07-01,0153,Terra,MODIS,40,6.2,294.4,29.9,D,0
-12.0661,132.724,309.2,1.8,1.3,2014-07-01,0153,Terra,MODIS,51,6.2,291.8,9.2,D,0
-15.2805,131.6076,331.8,1.6,1.3,2014-07-01,0153,Terra,MODIS,85,6.2,301.8,50.2,D,0
-15.2786,131.5928,327,1.6,1.3,2014-07-01,0153,Terra,MODIS,63,6.2,300.9,36.5,D,0
-15.2692,131.6091,320.8,1.6,1.3,2014-07-01,0153,Terra,MODIS,75,6.2,302.5,26.3,D,0
-15.2674,131.5943,320.9,1.6,1.3,2014-07-01,0153,Terra,MODIS,72,6.2,302.7,25.8,D,0
-13.5206,133.2622,315.5,2,1.4,2014-07-01,0153,Terra,MODIS,36,6.2,294.2,22.1,D,0
-14.1624,131.4453,314.7,1.5,1.2,2014-07-01,0153,Terra,MODIS,54,6.2,304.4,13.4,D,0
-13.1871,131.7704,317.5,1.6,1.2,2014-07-01,0153,Terra,MODIS,55,6.2,300.4,14.1,D,0
-13.743,130.6679,320.5,1.3,1.1,2014-07-01,0153,Terra,MODIS,66,6.2,303.2,18.1,D,0
-13.8997,132.2445,314.2,1.7,1.3,2014-07-01,0153,Terra,MODIS,56,6.2,300.6,13.1,D,0
-13.6477,131.7077,316.6,1.6,1.2,2014-07-01,0153,Terra,MODIS,66,6.2,301.1,15.2,D,0
-13.865,131.7045,331.5,1.6,1.2,2014-07-01,0153,Terra,MODIS,85,6.2,303,44.8,D,0
-13.5339,134.261,313.7,2.4,1.5,2014-07-01,0153,Terra,MODIS,67,6.2,292.9,30.8,D,0
-13.8632,131.6901,324,1.6,1.2,2014-07-01,0153,Terra,MODIS,78,6.2,300.1,27.9,D,0
-13.863,131.6964,334.3,1.6,1.2,2014-07-01,0153,Terra,MODIS,87,6.2,301.9,52,D,0
-13.5313,134.2387,310.2,2.4,1.5,2014-07-01,0153,Terra,MODIS,39,6.2,292.7,20.5,D,0
-13.8649,131.7108,323.6,1.6,1.2,2014-07-01,0153,Terra,MODIS,64,6.2,302.8,25,D,0
-13.5004,132.7938,317.3,1.9,1.3,2014-07-01,0153,Terra,MODIS,70,6.2,297.9,25.1,D,0
-13.5578,134.3493,314.7,2.5,1.5,2014-07-01,0153,Terra,MODIS,51,6.2,293.2,31.4,D,0
-13.5232,134.245,314.3,2.4,1.5,2014-07-01,0153,Terra,MODIS,67,6.2,292.8,34.9,D,0
-14.1336,133.2838,310.7,2.1,1.4,2014-07-01,0153,Terra,MODIS,53,6.2,296.8,15.8,D,0
-14.4159,133.2514,311.4,2.1,1.4,2014-07-01,0153,Terra,MODIS,60,6.2,298.8,14.8,D,0
-13.8372,130.6867,315.2,1.3,1.1,2014-07-01,0153,Terra,MODIS,63,6.2,300,11.8,D,0
-13.759,133.7367,309,2.2,1.4,2014-07-01,0153,Terra,MODIS,55,6.2,293,17,D,0
-13.9017,132.2603,318.4,1.7,1.3,2014-07-01,0153,Terra,MODIS,73,6.2,298.9,22.1,D,0
-14.1367,133.2973,310.2,2.1,1.4,2014-07-01,0153,Terra,MODIS,15,6.2,296.5,13,D,0
-13.9306,132.3309,311.2,1.8,1.3,2014-07-01,0153,Terra,MODIS,53,6.2,297.4,12.1,D,0
-13.9331,132.3206,309.7,1.7,1.3,2014-07-01,0153,Terra,MODIS,54,6.2,297,10.3,D,0
-13.4363,133.1108,313.4,2,1.4,2014-07-01,0153,Terra,MODIS,65,6.2,294.5,18.2,D,0
-14.2189,132.9039,313.2,2,1.4,2014-07-01,0153,Terra,MODIS,38,6.2,298.7,15.1,D,0
-13.5415,132.7829,308.7,1.9,1.3,2014-07-01,0153,Terra,MODIS,37,6.2,297,8.9,D,0
-14.2168,132.8862,320.1,1.9,1.4,2014-07-01,0153,Terra,MODIS,75,6.2,298.7,30.3,D,0
-13.79,132.0125,321,1.6,1.3,2014-07-01,0153,Terra,MODIS,76,6.2,300.8,25.9,D,0
-13.4274,133.0388,310.2,1.9,1.4,2014-07-01,0153,Terra,MODIS,56,6.2,294.6,15.7,D,0
-13.3598,131.7787,320.4,1.6,1.2,2014-07-01,0153,Terra,MODIS,75,6.2,298.5,21,D,0
-13.358,131.7646,321.5,1.6,1.2,2014-07-01,0153,Terra,MODIS,76,6.2,300.1,23.1,D,0
-13.9067,133.449,311.9,2.1,1.4,2014-07-01,0153,Terra,MODIS,63,6.2,296.8,19.1,D,0
-13.9063,133.4425,314.2,2.1,1.4,2014-07-01,0153,Terra,MODIS,67,6.2,297.1,25.3,D,0
-13.7201,133.0938,312.2,2,1.4,2014-07-01,0153,Terra,MODIS,63,6.2,298,17.3,D,0
-13.6356,133.7849,308.4,2.2,1.4,2014-07-01,0153,Terra,MODIS,49,6.2,293,15.5,D,0
-13.7613,133.7432,309.6,2.2,1.4,2014-07-01,0153,Terra,MODIS,54,6.2,292.6,17.1,D,0
-13.5619,132.8918,316,1.9,1.3,2014-07-01,0153,Terra,MODIS,59,6.2,297.6,22.9,D,0
-13.5065,133.2701,322.1,2,1.4,2014-07-01,0153,Terra,MODIS,75,6.2,295.8,39.6,D,0
-13.5613,134.3315,321.5,2.5,1.5,2014-07-01,0153,Terra,MODIS,51,6.2,293.5,51.6,D,0
-13.7481,131.8658,316.8,1.6,1.2,2014-07-01,0153,Terra,MODIS,70,6.2,303,14.1,D,0
-13.8732,133.4926,313.7,2.1,1.4,2014-07-01,0153,Terra,MODIS,67,6.2,295.9,23,D,0
-13.5365,132.7892,312.3,1.9,1.3,2014-07-01,0153,Terra,MODIS,46,6.2,297.2,13.2,D,0
-13.6157,132.986,315.8,1.9,1.4,2014-07-01,0153,Terra,MODIS,70,6.2,295,25.4,D,0
-14.074,133.2139,313,2.1,1.4,2014-07-01,0153,Terra,MODIS,64,6.2,295.2,22.1,D,0
-13.6606,133.6723,306.9,2.2,1.4,2014-07-01,0153,Terra,MODIS,25,6.2,292.5,11.1,D,0
-13.6848,134.1902,310.3,2.4,1.5,2014-07-01,0153,Terra,MODIS,26,6.2,286.5,18.3,D,0
-13.8295,133.0374,309.5,2,1.4,2014-07-01,0153,Terra,MODIS,56,6.2,295.4,14.3,D,0
-13.5684,132.903,310.2,1.9,1.3,2014-07-01,0153,Terra,MODIS,38,6.2,297,12.7,D,0
-13.5103,133.2822,321.9,2,1.4,2014-07-01,0153,Terra,MODIS,77,6.2,295.6,40.5,D,0
-13.5069,134.3379,315.7,2.5,1.5,2014-07-01,0153,Terra,MODIS,70,6.2,293.7,39.3,D,0
-13.6534,132.8923,321.9,1.9,1.3,2014-07-01,0153,Terra,MODIS,74,6.2,298,33.7,D,0
-13.6572,132.8852,319.2,1.9,1.3,2014-07-01,0153,Terra,MODIS,74,6.2,298.2,27.9,D,0
-13.6594,132.9028,311.5,1.9,1.4,2014-07-01,0153,Terra,MODIS,47,6.2,297.6,12.6,D,0
-13.5662,132.8854,316.9,1.9,1.3,2014-07-01,0153,Terra,MODIS,71,6.2,298.8,25.7,D,0
-14.2312,132.9022,326.4,2,1.4,2014-07-01,0153,Terra,MODIS,81,6.2,298.9,47.8,D,0
-14.229,132.8845,336.2,1.9,1.4,2014-07-01,0153,Terra,MODIS,88,6.2,298.2,81.1,D,0
-16.2358,135.9231,312.9,3.6,1.8,2014-07-01,0154,Terra,MODIS,68,6.2,297.7,49,D,0
-16.2252,135.7208,308.5,3.4,1.7,2014-07-01,0154,Terra,MODIS,59,6.2,297,29.6,D,0
-16.2319,135.952,315.1,3.6,1.8,2014-07-01,0154,Terra,MODIS,63,6.2,295.9,58.8,D,0
-16.2309,135.7258,308.4,3.4,1.7,2014-07-01,0154,Terra,MODIS,59,6.2,297.8,29.2,D,0
-16.2393,135.9564,310.7,3.6,1.8,2014-07-01,0154,Terra,MODIS,61,6.2,295.6,39.3,D,0
-15.9208,127.7916,312.1,1,1,2014-07-01,0154,Terra,MODIS,47,6.2,300.9,5.4,D,0
-15.8756,128.6468,325.1,1.1,1,2014-07-01,0154,Terra,MODIS,79,6.2,299.8,19.1,D,0
-14.9824,126.0377,352.9,1,1,2014-07-01,0154,Terra,MODIS,97,6.2,303.3,64.7,D,0
-15.9272,128.6333,311,1.1,1,2014-07-01,0154,Terra,MODIS,56,6.2,298.7,5.8,D,0
-15.9741,127.7737,313.7,1,1,2014-07-01,0154,Terra,MODIS,54,6.2,299.3,5.5,D,0
-16.0232,127.7996,310.8,1,1,2014-07-01,0154,Terra,MODIS,43,6.2,300.1,4.3,D,0
-15.9668,127.8531,318.9,1,1,2014-07-01,0154,Terra,MODIS,65,6.2,301.6,10.5,D,0
-16.1008,127.8307,313,1,1,2014-07-01,0154,Terra,MODIS,57,6.2,301.7,6.1,D,0
-15.9682,127.8628,321.7,1,1,2014-07-01,0154,Terra,MODIS,71,6.2,301,13.7,D,0
-17.9286,123.6976,313.6,1.2,1.1,2014-07-01,0154,Terra,MODIS,53,6.2,302,7.8,D,0
-14.899,126.0957,323.5,1,1,2014-07-01,0154,Terra,MODIS,55,6.2,299.2,15.1,D,0
-14.9852,126.0565,326,1,1,2014-07-01,0154,Terra,MODIS,80,6.2,299.6,18.4,D,0
-14.9838,126.0471,348,1,1,2014-07-01,0154,Terra,MODIS,94,6.2,302,53.4,D,0
-16.8712,126.4763,312.2,1,1,2014-07-01,0154,Terra,MODIS,62,6.2,299.8,6.2,D,0
-15.3807,127.9383,322,1,1,2014-07-01,0154,Terra,MODIS,73,6.2,301.3,13.8,D,0
-15.3794,127.9287,317.2,1,1,2014-07-01,0154,Terra,MODIS,38,6.2,301.1,8.7,D,0
-15.9822,128.6147,312.4,1.1,1,2014-07-01,0154,Terra,MODIS,60,6.2,298.6,7.8,D,0
-15.5589,129.3253,316.8,1.2,1.1,2014-07-01,0154,Terra,MODIS,68,6.2,300.2,11.7,D,0
-17.2809,123.9304,314.5,1.1,1.1,2014-07-01,0154,Terra,MODIS,57,6.2,301.8,8.4,D,0
-16.8698,126.467,315.1,1,1,2014-07-01,0154,Terra,MODIS,68,6.2,301.5,8.4,D,0
-16.8229,126.398,316.9,1,1,2014-07-01,0154,Terra,MODIS,69,6.2,294.2,9.5,D,0
-15.2566,127.5182,317.6,1,1,2014-07-01,0154,Terra,MODIS,62,6.2,302.2,9.1,D,0
-16.8215,126.3887,314.2,1,1,2014-07-01,0154,Terra,MODIS,49,6.2,295.1,7.2,D,0
-15.9238,126.4198,314.2,1,1,2014-07-01,0154,Terra,MODIS,52,6.2,302.1,5.2,D,0
-15.9479,126.397,315.9,1,1,2014-07-01,0154,Terra,MODIS,68,6.2,302,7.8,D,0
-15.9493,126.4063,316.4,1,1,2014-07-01,0154,Terra,MODIS,69,6.2,302,7.7,D,0
-15.0975,126.1287,320.3,1,1,2014-07-01,0154,Terra,MODIS,74,6.2,299,12.4,D,0
-15.0884,126.1302,313.9,1,1,2014-07-01,0154,Terra,MODIS,35,6.2,300.2,6.5,D,0
-15.2796,127.486,316.3,1,1,2014-07-01,0154,Terra,MODIS,64,6.2,300.4,8.3,D,0
-15.383,127.8889,318.8,1,1,2014-07-01,0154,Terra,MODIS,65,6.2,300.7,10.6,D,0
-15.3844,127.8985,333.3,1,1,2014-07-01,0154,Terra,MODIS,86,6.2,302.4,27.9,D,0
-15.3858,127.9081,322.6,1,1,2014-07-01,0154,Terra,MODIS,66,6.2,300.8,13.6,D,0
-14.9338,126.0837,323.3,1,1,2014-07-01,0154,Terra,MODIS,29,6.2,300.3,14.2,D,0
-14.9233,126.0758,324.5,1,1,2014-07-01,0154,Terra,MODIS,33,6.2,300.6,14.1,D,0
-14.9024,126.0568,326.5,1,1,2014-07-01,0154,Terra,MODIS,77,6.2,299.1,17.5,D,0
-14.901,126.0474,312.7,1,1,2014-07-01,0154,Terra,MODIS,33,6.2,297.8,4.8,D,0
-16.907,126.5947,344.4,1,1,2014-07-01,0154,Terra,MODIS,93,6.2,300.5,44.8,D,0
-16.9056,126.5854,349.1,1,1,2014-07-01,0154,Terra,MODIS,95,6.2,300.3,54.3,D,0
-16.898,126.5961,318.1,1,1,2014-07-01,0154,Terra,MODIS,37,6.2,301,9.7,D,0
-16.9008,126.6148,320.2,1,1,2014-07-01,0154,Terra,MODIS,60,6.2,300.5,11.8,D,0
-16.8994,126.6054,318.2,1,1,2014-07-01,0154,Terra,MODIS,68,6.2,300.8,10.4,D,0
-16.4502,136.4147,307.3,3.9,1.8,2014-07-01,0154,Terra,MODIS,42,6.2,291.8,31.9,D,0
-16.4559,136.409,307.5,3.9,1.8,2014-07-01,0154,Terra,MODIS,30,6.2,291.4,31.5,D,0
-15.6655,129.3417,310.3,1.2,1.1,2014-07-01,0154,Terra,MODIS,33,6.2,298.6,6.3,D,0
-18.7999,124.6709,312.5,1,1,2014-07-01,0155,Terra,MODIS,59,6.2,301.4,5.1,D,0
-20.7457,119.6204,320.6,1.9,1.3,2014-07-01,0155,Terra,MODIS,76,6.2,296.7,34.7,D,0
-20.7489,119.6383,309.9,1.9,1.3,2014-07-01,0155,Terra,MODIS,27,6.2,296.9,11.4,D,0
-20.7337,119.6229,318,1.9,1.3,2014-07-01,0155,Terra,MODIS,70,6.2,297.6,27,D,0
-20.0645,125.5993,322.1,1,1,2014-07-01,0155,Terra,MODIS,76,6.2,298.4,14.2,D,0
-22.1336,123.1861,309.3,1.1,1,2014-07-01,0156,Terra,MODIS,58,6.2,297.2,5.7,D,0
-22.7913,123.2599,314.4,1.1,1,2014-07-01,0156,Terra,MODIS,70,6.2,296.5,9.4,D,0
-21.2295,118.8705,307.8,2.1,1.4,2014-07-01,0156,Terra,MODIS,57,6.2,296.2,13.2,D,0
-29.2068,124.5276,303,1,1,2014-07-01,0157,Terra,MODIS,54,6.2,290,4.8,D,0
-29.2053,124.5171,303.3,1,1,2014-07-01,0157,Terra,MODIS,55,6.2,289.9,5,D,0
-30.8623,121.4989,300.7,1,1,2014-07-01,0158,Terra,MODIS,37,6.2,289.7,3.6,D,2
-34.2317,118.3692,331.6,1.3,1.1,2014-07-01,0159,Terra,MODIS,87,6.2,285.6,45.3,D,0
-33.6514,121.8249,308.3,1,1,2014-07-01,0159,Terra,MODIS,67,6.2,288.2,8.9,D,0
-33.6531,121.8357,301.2,1,1,2014-07-01,0159,Terra,MODIS,45,6.2,288,4.6,D,0
-25.5641,152.755,316.1,3.6,1.8,2014-07-01,0300,Aqua,MODIS,65,6.2,292.3,88.7,D,0
-25.5553,152.7583,314.5,3.6,1.8,2014-07-01,0300,Aqua,MODIS,58,6.2,291.8,80.5,D,0
-34.6182,144.6953,306.3,1.3,1.1,2014-07-01,0436,Aqua,MODIS,63,6.2,283.5,12.2,D,0
-25.1936,149.0865,307.8,4.1,1.9,2014-07-01,0438,Aqua,MODIS,66,6.2,287.8,67,D,0
-25.2104,149.0904,303.3,4.1,1.9,2014-07-01,0438,Aqua,MODIS,56,6.2,288.2,44.9,D,0
-25.1952,149.0917,308.7,4.1,1.9,2014-07-01,0438,Aqua,MODIS,67,6.2,287.9,68.9,D,0
-17.938,138.4231,318.5,1.1,1.1,2014-07-01,0441,Aqua,MODIS,53,6.2,305.5,9,D,0
-17.9299,138.4755,316.4,1.1,1.1,2014-07-01,0441,Aqua,MODIS,62,6.2,306.1,7.9,D,0
-17.4596,138.7251,318.8,1.2,1.1,2014-07-01,0441,Aqua,MODIS,51,6.2,305.3,10.2,D,0
-17.4466,138.7452,328.4,1.2,1.1,2014-07-01,0441,Aqua,MODIS,76,6.2,305,23.4,D,0
-17.4562,138.7468,350.6,1.2,1.1,2014-07-01,0441,Aqua,MODIS,95,6.2,309.1,69,D,0
-17.4659,138.7485,322.3,1.2,1.1,2014-07-01,0441,Aqua,MODIS,65,6.2,306.7,14,D,0
-16.4553,136.3885,343.8,1,1,2014-07-01,0441,Aqua,MODIS,92,6.2,308.7,39.5,D,0
-16.445,136.3964,344.1,1,1,2014-07-01,0441,Aqua,MODIS,92,6.2,308.1,37.3,D,0
-16.4463,136.387,337.3,1,1,2014-07-01,0441,Aqua,MODIS,58,6.2,310.1,27.1,D,0
-16.4477,136.3777,342.1,1,1,2014-07-01,0441,Aqua,MODIS,91,6.2,307,37.8,D,0
-16.4374,136.3898,360.9,1,1,2014-07-01,0441,Aqua,MODIS,100,6.2,308.8,80.8,D,0
-16.4387,136.3804,355.8,1,1,2014-07-01,0441,Aqua,MODIS,98,6.2,310.2,67.7,D,0
-16.3987,136.4028,323.3,1,1,2014-07-01,0441,Aqua,MODIS,75,6.2,306,12,D,0
-16.4,136.3934,322.3,1,1,2014-07-01,0441,Aqua,MODIS,67,6.2,304.3,10.8,D,0
-17.4684,138.7558,325.5,1.2,1.1,2014-07-01,0441,Aqua,MODIS,74,6.2,305.8,16.4,D,0
-17.4642,138.7594,328.2,1.2,1.1,2014-07-01,0441,Aqua,MODIS,81,6.2,304.5,23.7,D,0
-17.4545,138.7578,349.4,1.2,1.1,2014-07-01,0441,Aqua,MODIS,95,6.2,306.2,67,D,0
-16.4401,136.371,340,1,1,2014-07-01,0441,Aqua,MODIS,89,6.2,307.1,36,D,0
-16.4311,136.3696,316.3,1,1,2014-07-01,0441,Aqua,MODIS,62,6.2,303.6,7.1,D,0
-17.7515,138.6284,318.6,1.1,1.1,2014-07-01,0441,Aqua,MODIS,50,6.2,304.4,9.6,D,0
-16.3888,136.9672,318.9,1,1,2014-07-01,0441,Aqua,MODIS,40,6.2,304.5,8.9,D,0
-16.3902,136.9576,331.1,1,1,2014-07-01,0441,Aqua,MODIS,83,6.2,303.1,23.4,D,0
-16.3812,136.9562,317.5,1,1,2014-07-01,0441,Aqua,MODIS,53,6.2,301,8.5,D,0
-17.6173,138.8322,316,1.2,1.1,2014-07-01,0441,Aqua,MODIS,53,6.2,302.5,8.3,D,0
-17.619,138.8212,318.2,1.2,1.1,2014-07-01,0441,Aqua,MODIS,67,6.2,302.2,10.3,D,0
-16.5075,136.4734,319.9,1,1,2014-07-01,0441,Aqua,MODIS,60,6.2,308.4,7.5,D,0
-16.5367,136.4656,322,1,1,2014-07-01,0441,Aqua,MODIS,69,6.2,308,10.4,D,0
-16.5381,136.4563,326,1,1,2014-07-01,0441,Aqua,MODIS,78,6.2,306.6,15.3,D,0
-16.4769,136.4302,328.7,1,1,2014-07-01,0441,Aqua,MODIS,66,6.2,306.7,15.5,D,0
-16.5291,136.4548,329.4,1,1,2014-07-01,0441,Aqua,MODIS,77,6.2,306.3,18.5,D,0
-16.442,136.9855,326.3,1,1,2014-07-01,0441,Aqua,MODIS,78,6.2,304.9,17.9,D,0
-16.4329,136.9841,326.5,1,1,2014-07-01,0441,Aqua,MODIS,79,6.2,304.6,17.6,D,0
-14.3825,141.8142,308.3,2.1,1.4,2014-07-01,0441,Aqua,MODIS,37,6.2,289.1,12.6,D,0
-16.5046,139.6446,310.8,1.3,1.2,2014-07-01,0441,Aqua,MODIS,9,6.2,294.1,8.3,D,0
-16.4722,139.6075,314.7,1.3,1.1,2014-07-01,0441,Aqua,MODIS,35,6.2,295.3,12.3,D,0
-16.4619,139.6057,312.1,1.3,1.1,2014-07-01,0441,Aqua,MODIS,27,6.2,293.9,9.8,D,0
-14.3606,141.7905,326.8,2.1,1.4,2014-07-01,0441,Aqua,MODIS,83,6.2,292.2,59.2,D,0
-14.3699,141.8119,313,2.1,1.4,2014-07-01,0441,Aqua,MODIS,69,6.2,290.3,22.3,D,0
-14.3574,141.8096,325.1,2.1,1.4,2014-07-01,0441,Aqua,MODIS,82,6.2,292.1,54.8,D,0
-17.7745,138.6268,320.4,1.1,1.1,2014-07-01,0441,Aqua,MODIS,38,6.2,305,9.5,D,0
-17.761,138.63,319.8,1.1,1.1,2014-07-01,0441,Aqua,MODIS,56,6.2,305.5,10.8,D,0
-14.5629,141.608,315.8,2,1.4,2014-07-01,0441,Aqua,MODIS,55,6.2,295.6,21.4,D,0
-15.7924,142.7783,316.6,2.3,1.5,2014-07-01,0441,Aqua,MODIS,21,6.2,293.9,32.4,D,0
-16.2259,135.9371,328,1,1,2014-07-01,0441,Aqua,MODIS,79,6.2,306,16,D,0
-14.8039,141.6719,314.4,2,1.4,2014-07-01,0441,Aqua,MODIS,71,6.2,298.3,17.2,D,0
-15.7597,142.6788,322.2,2.3,1.5,2014-07-01,0441,Aqua,MODIS,57,6.2,290.8,50.8,D,0
-15.9775,136.0667,328.9,1,1,2014-07-01,0441,Aqua,MODIS,80,6.2,306.3,17.5,D,0
-16.2453,135.8707,315.6,1,1,2014-07-01,0441,Aqua,MODIS,45,6.2,304.7,6.1,D,0
-16.2142,135.6976,337.8,1,1,2014-07-01,0441,Aqua,MODIS,88,6.2,305.9,31.1,D,0
-15.4952,136.1606,321.1,1,1,2014-07-01,0441,Aqua,MODIS,71,6.2,303.2,10.1,D,0
-15.1238,142.9409,316.6,2.5,1.5,2014-07-01,0441,Aqua,MODIS,65,6.2,289.7,38.1,D,0
-16.2501,135.7032,360.5,1,1,2014-07-01,0441,Aqua,MODIS,100,6.2,307.7,77.5,D,0
-15.7691,142.7025,364.1,2.3,1.5,2014-07-01,0441,Aqua,MODIS,100,6.2,297.7,309.2,D,0
-16.2128,135.7069,317,1,1,2014-07-01,0441,Aqua,MODIS,32,6.2,303,6,D,0
-15.4605,141.8939,325.3,2,1.4,2014-07-01,0441,Aqua,MODIS,82,6.2,298.5,48.5,D,0
-15.4481,141.8916,337.5,2,1.4,2014-07-01,0441,Aqua,MODIS,90,6.2,298.4,93.9,D,0
-16.1273,136.1119,323.9,1,1,2014-07-01,0441,Aqua,MODIS,72,6.2,307.9,12.8,D,0
-16.2733,135.9321,319.6,1,1,2014-07-01,0441,Aqua,MODIS,65,6.2,307.4,8.8,D,0
-14.8108,142.8397,313,2.5,1.5,2014-07-01,0441,Aqua,MODIS,60,6.2,291.9,29,D,0
-16.2823,135.9335,319.3,1,1,2014-07-01,0441,Aqua,MODIS,56,6.2,305.6,8.3,D,0
-15.4939,136.1699,319,1,1,2014-07-01,0441,Aqua,MODIS,65,6.2,304.4,8.5,D,0
-15.9221,136.0713,317.7,1,1,2014-07-01,0441,Aqua,MODIS,61,6.2,306.6,7.7,D,0
-14.5935,141.6017,314.5,2,1.4,2014-07-01,0441,Aqua,MODIS,54,6.2,295.3,18.6,D,0
-15.875,142.9135,312.7,2.4,1.5,2014-07-01,0441,Aqua,MODIS,30,6.2,294.7,26.1,D,0
-16.236,135.9359,321.4,1,1,2014-07-01,0441,Aqua,MODIS,66,6.2,307.9,9,D,0
-14.8068,142.8622,312.2,2.5,1.5,2014-07-01,0441,Aqua,MODIS,59,6.2,293.7,25.5,D,0
-15.984,135.4441,315.7,1,1,2014-07-01,0441,Aqua,MODIS,59,6.2,304.7,6.4,D,0
-15.756,142.7,330.8,2.3,1.5,2014-07-01,0441,Aqua,MODIS,86,6.2,294,82.9,D,0
-15.5215,141.9321,317.9,2,1.4,2014-07-01,0441,Aqua,MODIS,75,6.2,298.3,25.4,D,0
-16.2746,135.9229,316,1,1,2014-07-01,0441,Aqua,MODIS,29,6.2,304.1,5.6,D,0
-15.4628,141.9019,316.4,2,1.4,2014-07-01,0441,Aqua,MODIS,59,6.2,299.3,22.8,D,0
-16.244,135.88,321,1,1,2014-07-01,0441,Aqua,MODIS,71,6.2,304,11.1,D,0
-16.0933,135.4476,317.4,1,1,2014-07-01,0441,Aqua,MODIS,64,6.2,304.5,7.8,D,0
-18.7381,131.3452,356.5,1.7,1.3,2014-07-01,0441,Aqua,MODIS,98,6.2,304.3,152.6,D,0
-16.9168,126.5848,311.5,3.6,1.8,2014-07-01,0441,Aqua,MODIS,44,6.2,301.4,29.1,D,0
-18.7362,131.3611,313.4,1.7,1.3,2014-07-01,0441,Aqua,MODIS,61,6.2,301,12.6,D,0
-18.7077,131.4055,316.4,1.7,1.3,2014-07-01,0441,Aqua,MODIS,68,6.2,301,19.2,D,0
-16.9093,126.5796,314.1,3.6,1.8,2014-07-01,0441,Aqua,MODIS,62,6.2,303.1,42.9,D,0
-18.74,131.3293,325.6,1.7,1.3,2014-07-01,0441,Aqua,MODIS,80,6.2,300.4,37.2,D,0
-13.8332,130.1194,316,1.8,1.3,2014-07-01,0442,Aqua,MODIS,23,6.2,303.4,15.5,D,0
-15.9302,126.3827,325.2,3.6,1.8,2014-07-01,0442,Aqua,MODIS,76,6.2,302.8,104.2,D,0
-13.9604,130.0261,325.2,1.8,1.3,2014-07-01,0442,Aqua,MODIS,76,6.2,302.1,39.7,D,0
-13.7487,133.2137,327,1.1,1.1,2014-07-01,0442,Aqua,MODIS,78,6.2,299.8,21.6,D,0
-12.3627,132.3129,360.2,1.2,1.1,2014-07-01,0442,Aqua,MODIS,100,6.2,302.3,103.9,D,0
-12.374,132.3033,343.6,1.2,1.1,2014-07-01,0442,Aqua,MODIS,86,6.2,300,54.6,D,0
-12.3725,132.3143,323.9,1.2,1.1,2014-07-01,0442,Aqua,MODIS,46,6.2,299.7,18,D,0
-12.3936,132.306,327.7,1.2,1.1,2014-07-01,0442,Aqua,MODIS,77,6.2,301.8,22.9,D,0
-13.6632,129.9187,333.4,1.8,1.3,2014-07-01,0442,Aqua,MODIS,84,6.2,304.6,58.7,D,0
-14.1457,127.0599,313.8,3,1.7,2014-07-01,0442,Aqua,MODIS,43,6.2,301,31,D,0
-13.6849,129.9382,330.1,1.8,1.3,2014-07-01,0442,Aqua,MODIS,77,6.2,304.3,49.7,D,0
-13.9875,129.807,314.2,1.9,1.3,2014-07-01,0442,Aqua,MODIS,43,6.2,302.9,18.5,D,0
-13.6731,129.9368,320.3,1.8,1.3,2014-07-01,0442,Aqua,MODIS,53,6.2,305.6,23.7,D,0
-15.5408,129.3366,319.2,2.1,1.4,2014-07-01,0442,Aqua,MODIS,71,6.2,301.6,32.1,D,0
-13.8445,133.1802,318.9,1.1,1.1,2014-07-01,0442,Aqua,MODIS,57,6.2,303.6,10.3,D,0
-14.1443,127.064,316.6,3,1.7,2014-07-01,0442,Aqua,MODIS,57,6.2,301.4,42,D,0
-13.9707,129.9429,335.1,1.8,1.3,2014-07-01,0442,Aqua,MODIS,86,6.2,304,66.9,D,0
-15.543,129.3172,321.2,2.1,1.4,2014-07-01,0442,Aqua,MODIS,73,6.2,302,37.8,D,0
-14.0586,127.3006,313.8,2.9,1.6,2014-07-01,0442,Aqua,MODIS,44,6.2,301.6,25.6,D,0
-14.0574,127.2935,314.8,2.9,1.6,2014-07-01,0442,Aqua,MODIS,52,6.2,301.7,26.5,D,0
-15.5417,129.3317,325.4,2.1,1.4,2014-07-01,0442,Aqua,MODIS,78,6.2,301.8,47.9,D,0
-14.1502,127.1499,314.8,3,1.6,2014-07-01,0442,Aqua,MODIS,40,6.2,303.5,26.3,D,0
-14.0013,130.4258,319.3,1.7,1.3,2014-07-01,0442,Aqua,MODIS,55,6.2,308.6,11.1,D,0
-14.1509,127.1456,315.3,3,1.6,2014-07-01,0442,Aqua,MODIS,44,6.2,303.6,26.3,D,0
-15.2777,127.4721,314.6,2.9,1.6,2014-07-01,0442,Aqua,MODIS,42,6.2,303.3,28.2,D,0
-15.0173,127.7718,312.7,2.8,1.6,2014-07-01,0442,Aqua,MODIS,57,6.2,301.3,18.6,D,0
-14.6737,130.0636,330.5,1.8,1.3,2014-07-01,0442,Aqua,MODIS,80,6.2,305.4,46.4,D,0
-13.9728,129.9261,334.8,1.8,1.3,2014-07-01,0442,Aqua,MODIS,86,6.2,304.9,65.2,D,0
-14.5283,130.2088,322.6,1.8,1.3,2014-07-01,0442,Aqua,MODIS,53,6.2,304.2,25.3,D,0
-13.9609,129.9245,354,1.8,1.3,2014-07-01,0442,Aqua,MODIS,97,6.2,304.1,152.3,D,0
-13.8118,133.2072,323.7,1.1,1.1,2014-07-01,0442,Aqua,MODIS,74,6.2,304.3,15.8,D,0
-13.9763,130.05,314.3,1.8,1.3,2014-07-01,0442,Aqua,MODIS,41,6.2,302.4,15.8,D,0
-13.9701,130.0442,323.1,1.8,1.3,2014-07-01,0442,Aqua,MODIS,74,6.2,304.3,35.5,D,0
-14.6299,130.1271,323,1.8,1.3,2014-07-01,0442,Aqua,MODIS,56,6.2,305.2,26.8,D,0
-14.9063,126.0539,327.4,3.7,1.8,2014-07-01,0442,Aqua,MODIS,81,6.2,299.8,131.2,D,0
-14.9138,126.0619,320.3,3.7,1.8,2014-07-01,0442,Aqua,MODIS,73,6.2,299.5,78.2,D,0
-15.3017,127.9242,312.9,2.7,1.6,2014-07-01,0442,Aqua,MODIS,42,6.2,302.5,21.5,D,0
-14.9101,126.0187,321.3,3.8,1.8,2014-07-01,0442,Aqua,MODIS,74,6.2,299,85.7,D,0
-14.6716,130.0805,321.1,1.8,1.3,2014-07-01,0442,Aqua,MODIS,50,6.2,305,22.5,D,0
-15.3957,127.8897,316.1,2.7,1.6,2014-07-01,0442,Aqua,MODIS,51,6.2,301.4,33.2,D,0
-14.1239,126.4479,312.3,3.4,1.7,2014-07-01,0442,Aqua,MODIS,53,6.2,300.1,37.9,D,0
-15.9141,126.3808,321.3,3.6,1.8,2014-07-01,0442,Aqua,MODIS,70,6.2,300.8,81.1,D,0
-13.963,129.9077,328,1.8,1.3,2014-07-01,0442,Aqua,MODIS,80,6.2,302.9,44.1,D,0
-13.8429,130.137,327.5,1.8,1.3,2014-07-01,0442,Aqua,MODIS,73,6.2,305.3,40.1,D,0
-13.8342,133.0404,324.3,1.1,1.1,2014-07-01,0442,Aqua,MODIS,60,6.2,304.7,15.9,D,0
-13.8424,133.0523,323.9,1.1,1.1,2014-07-01,0442,Aqua,MODIS,54,6.2,303.2,14.9,D,0
-13.7589,133.2417,315.2,1.1,1.1,2014-07-01,0442,Aqua,MODIS,53,6.2,302.9,7.6,D,0
-13.7602,133.2314,317.2,1.1,1.1,2014-07-01,0442,Aqua,MODIS,61,6.2,302,9.5,D,0
-13.7553,133.2357,329.1,1.1,1.1,2014-07-01,0442,Aqua,MODIS,80,6.2,304.4,24.2,D,0
-13.7458,133.2343,346.7,1.1,1.1,2014-07-01,0442,Aqua,MODIS,93,6.2,303.5,56.7,D,0
-14.2338,132.8703,322.2,1.2,1.1,2014-07-01,0442,Aqua,MODIS,23,6.2,304,11,D,0
-12.4152,132.3034,331.5,1.2,1.1,2014-07-01,0442,Aqua,MODIS,83,6.2,300.1,29.3,D,0
-12.4137,132.3144,333.3,1.2,1.1,2014-07-01,0442,Aqua,MODIS,85,6.2,301.3,32,D,0
-12.4235,132.3158,319.7,1.2,1.1,2014-07-01,0442,Aqua,MODIS,69,6.2,301.9,11.9,D,0
-15.9219,126.3739,336.9,3.6,1.8,2014-07-01,0442,Aqua,MODIS,88,6.2,302.1,213.8,D,0
-13.9722,130.0277,330.9,1.8,1.3,2014-07-01,0442,Aqua,MODIS,82,6.2,302.1,57.5,D,0
-13.7567,133.2254,327.3,1.1,1.1,2014-07-01,0442,Aqua,MODIS,78,6.2,302.8,21.9,D,0
-13.7473,133.224,355.7,1.1,1.1,2014-07-01,0442,Aqua,MODIS,98,6.2,305.5,80.6,D,0
-14.3674,133.0223,325.3,1.2,1.1,2014-07-01,0442,Aqua,MODIS,76,6.2,304.7,15.5,D,0
-13.742,130.6709,320.3,1.6,1.2,2014-07-01,0442,Aqua,MODIS,54,6.2,302.7,17.9,D,0
-13.5397,134.3226,331.4,1,1,2014-07-01,0442,Aqua,MODIS,63,6.2,299.2,20.3,D,0
-13.5306,134.3212,327.5,1,1,2014-07-01,0442,Aqua,MODIS,33,6.2,299.6,16.7,D,0
-13.4374,133.0453,321.6,1.1,1.1,2014-07-01,0442,Aqua,MODIS,71,6.2,303.2,14.8,D,0
-13.5164,134.3575,335.2,1,1,2014-07-01,0442,Aqua,MODIS,86,6.2,298,27.7,D,0
-13.5203,134.3293,330.6,1,1,2014-07-01,0442,Aqua,MODIS,76,6.2,298.9,21.2,D,0
-13.5216,134.3199,331.4,1,1,2014-07-01,0442,Aqua,MODIS,67,6.2,297.8,22.9,D,0
-13.5345,134.3602,341.6,1,1,2014-07-01,0442,Aqua,MODIS,90,6.2,300.2,36.4,D,0
-13.8276,131.7007,323.1,1.4,1.2,2014-07-01,0442,Aqua,MODIS,68,6.2,301.6,18.3,D,0
-13.4453,133.1308,329.9,1.1,1.1,2014-07-01,0442,Aqua,MODIS,81,6.2,301.2,22.4,D,0
-13.4439,133.1411,333.7,1.1,1.1,2014-07-01,0442,Aqua,MODIS,85,6.2,301.4,27.8,D,0
-13.4534,133.1424,339.5,1.1,1.1,2014-07-01,0442,Aqua,MODIS,89,6.2,302.1,39.1,D,0
-13.4615,133.154,316.4,1.1,1.1,2014-07-01,0442,Aqua,MODIS,27,6.2,301.5,6.9,D,0
-13.5501,134.3145,339.6,1,1,2014-07-01,0442,Aqua,MODIS,89,6.2,300.1,33.3,D,0
-13.5436,134.3616,344.4,1,1,2014-07-01,0442,Aqua,MODIS,92,6.2,301.6,42.8,D,0
-13.5592,134.3158,336.7,1,1,2014-07-01,0442,Aqua,MODIS,85,6.2,300.5,28.6,D,0
-13.554,134.3535,335.3,1,1,2014-07-01,0442,Aqua,MODIS,86,6.2,300.5,27.1,D,0
-13.5527,134.3629,330.2,1,1,2014-07-01,0442,Aqua,MODIS,82,6.2,300,21.5,D,0
-13.7002,133.0694,321.8,1.1,1.1,2014-07-01,0442,Aqua,MODIS,63,6.2,302.4,13.1,D,0
-13.7097,133.0707,332.8,1.1,1.1,2014-07-01,0442,Aqua,MODIS,84,6.2,303.9,27.5,D,0
-13.7084,133.0812,375.5,1.1,1.1,2014-07-01,0442,Aqua,MODIS,100,6.2,307.6,152.7,D,0
-13.7179,133.0826,328.4,1.1,1.1,2014-07-01,0442,Aqua,MODIS,71,6.2,306.4,20.1,D,0
-13.7165,133.0929,329.1,1.1,1.1,2014-07-01,0442,Aqua,MODIS,72,6.2,304.5,21.6,D,0
-13.726,133.0943,317.1,1.1,1.1,2014-07-01,0442,Aqua,MODIS,22,6.2,304,7.5,D,0
-13.4601,133.1643,320.4,1.1,1.1,2014-07-01,0442,Aqua,MODIS,69,6.2,302.2,11.5,D,0
-13.4587,133.1746,316,1.1,1.1,2014-07-01,0442,Aqua,MODIS,47,6.2,301.3,6.9,D,0
-14.2951,133.0283,317.8,1.2,1.1,2014-07-01,0442,Aqua,MODIS,58,6.2,304.6,7.6,D,0
-14.3315,133.0716,322.1,1.2,1.1,2014-07-01,0442,Aqua,MODIS,37,6.2,304.9,11.3,D,0
-14.3279,133.0763,317.9,1.2,1.1,2014-07-01,0442,Aqua,MODIS,46,6.2,304.1,6.5,D,0
-14.3197,133.0644,319.1,1.2,1.1,2014-07-01,0442,Aqua,MODIS,54,6.2,305.9,8.6,D,0
-13.9156,131.7322,319.4,1.4,1.2,2014-07-01,0442,Aqua,MODIS,61,6.2,302.9,10.6,D,0
-13.7416,134.3261,313.8,1,1,2014-07-01,0442,Aqua,MODIS,54,6.2,300.8,5.4,D,0
-14.2323,132.8811,335.2,1.2,1.1,2014-07-01,0442,Aqua,MODIS,86,6.2,304.8,30.9,D,0
-13.7964,132.0201,321.8,1.3,1.1,2014-07-01,0442,Aqua,MODIS,70,6.2,306.1,13.9,D,0
-13.5644,134.3454,325.2,1,1,2014-07-01,0442,Aqua,MODIS,24,6.2,301.1,13.4,D,0
-12.2705,132.9982,314.8,1.1,1.1,2014-07-01,0442,Aqua,MODIS,56,6.2,299.2,9.5,D,0
-13.5943,134.3306,315.4,1,1,2014-07-01,0442,Aqua,MODIS,45,6.2,299.7,5.9,D,0
-13.6493,133.6617,330.7,1.1,1,2014-07-01,0442,Aqua,MODIS,82,6.2,302.9,23.2,D,0
-13.6586,133.663,320.6,1.1,1,2014-07-01,0442,Aqua,MODIS,70,6.2,303.3,11.7,D,0
-13.6572,133.6729,323.5,1.1,1,2014-07-01,0442,Aqua,MODIS,74,6.2,302.4,14,D,0
-13.6974,133.5878,317.4,1.1,1,2014-07-01,0442,Aqua,MODIS,26,6.2,301.1,7.3,D,0
-13.704,133.609,322.4,1.1,1,2014-07-01,0442,Aqua,MODIS,72,6.2,303.7,11.7,D,0
-13.5795,133.6348,314.5,1.1,1,2014-07-01,0442,Aqua,MODIS,41,6.2,301.4,6,D,0
-14.1307,133.2769,346.8,1.1,1.1,2014-07-01,0442,Aqua,MODIS,93,6.2,303.5,54.6,D,0
-13.6009,133.6177,325.1,1.1,1,2014-07-01,0442,Aqua,MODIS,76,6.2,301.8,16,D,0
-13.5995,133.6276,339.3,1.1,1,2014-07-01,0442,Aqua,MODIS,89,6.2,303.1,37.4,D,0
-13.7317,130.6644,319.5,1.6,1.2,2014-07-01,0442,Aqua,MODIS,36,6.2,301.4,16.4,D,0
-13.5098,132.7966,323.6,1.2,1.1,2014-07-01,0442,Aqua,MODIS,70,6.2,303.7,15.3,D,0
-13.5926,133.1848,315.9,1.1,1.1,2014-07-01,0442,Aqua,MODIS,50,6.2,302.1,6.7,D,0
-13.9084,132.2516,318.3,1.3,1.1,2014-07-01,0442,Aqua,MODIS,30,6.2,305.6,8.7,D,0
-13.6864,132.9205,318.2,1.2,1.1,2014-07-01,0442,Aqua,MODIS,46,6.2,304.6,7.5,D,0
-13.6522,132.8832,315.9,1.2,1.1,2014-07-01,0442,Aqua,MODIS,42,6.2,304,6.1,D,0
-13.6005,132.8814,321.5,1.2,1.1,2014-07-01,0442,Aqua,MODIS,66,6.2,304.1,12.1,D,0
-13.6285,132.9878,321,1.1,1.1,2014-07-01,0442,Aqua,MODIS,40,6.2,301.9,11.9,D,0
-13.6189,132.9866,322.4,1.1,1.1,2014-07-01,0442,Aqua,MODIS,57,6.2,300.2,13.6,D,0
-13.7538,131.8667,319.8,1.3,1.1,2014-07-01,0442,Aqua,MODIS,67,6.2,307.6,8.8,D,0
-13.3714,131.7718,320.5,1.3,1.1,2014-07-01,0442,Aqua,MODIS,54,6.2,305.7,10.6,D,0
-13.3611,131.7704,321.1,1.3,1.1,2014-07-01,0442,Aqua,MODIS,61,6.2,305.3,11,D,0
-13.5002,133.5474,319.2,1.1,1,2014-07-01,0442,Aqua,MODIS,67,6.2,299.8,12.1,D,0
-13.5016,133.5375,313.3,1.1,1,2014-07-01,0442,Aqua,MODIS,46,6.2,301,6.5,D,0
-14.3757,133.0343,319.7,1.2,1.1,2014-07-01,0442,Aqua,MODIS,25,6.2,304.5,7.5,D,0
-13.6132,133.5284,327.6,1.1,1,2014-07-01,0442,Aqua,MODIS,79,6.2,300.6,21.3,D,0
-12.8319,131.1994,328.4,1.4,1.2,2014-07-01,0442,Aqua,MODIS,79,6.2,302.4,31.9,D,0
-12.8336,131.1865,315.1,1.4,1.2,2014-07-01,0442,Aqua,MODIS,22,6.2,299.7,9.5,D,0
-12.8255,131.2051,322.5,1.4,1.2,2014-07-01,0442,Aqua,MODIS,52,6.2,302.1,20,D,0
-12.8272,131.1923,331.8,1.4,1.2,2014-07-01,0442,Aqua,MODIS,83,6.2,301.6,39.3,D,0
-12.8149,131.2038,320.3,1.4,1.2,2014-07-01,0442,Aqua,MODIS,64,6.2,302.1,17.5,D,0
-13.6774,133.0594,322,1.1,1.1,2014-07-01,0442,Aqua,MODIS,72,6.2,302.4,14.1,D,0
-13.9424,133.4568,318.8,1.1,1,2014-07-01,0442,Aqua,MODIS,66,6.2,305.2,9.8,D,0
-13.9156,133.4426,335.7,1.1,1,2014-07-01,0442,Aqua,MODIS,86,6.2,305.2,31.5,D,0
-13.9101,133.4465,321.3,1.1,1,2014-07-01,0442,Aqua,MODIS,70,6.2,303.1,13.3,D,0
-13.9114,133.4364,323.8,1.1,1,2014-07-01,0442,Aqua,MODIS,74,6.2,304.5,16.1,D,0
-13.7055,134.1886,326.2,1,1,2014-07-01,0442,Aqua,MODIS,73,6.2,304,15.3,D,0
-14.0894,133.2656,330.4,1.1,1.1,2014-07-01,0442,Aqua,MODIS,81,6.2,303.3,25.5,D,0
-13.5914,133.0202,322.4,1.1,1.1,2014-07-01,0442,Aqua,MODIS,73,6.2,299.6,15.6,D,0
-14.0908,133.2553,319.3,1.1,1.1,2014-07-01,0442,Aqua,MODIS,67,6.2,303.4,11.1,D,0
-13.5076,133.2821,339.7,1.1,1,2014-07-01,0442,Aqua,MODIS,89,6.2,304.6,37.5,D,0
-13.6259,134.1712,330,1,1,2014-07-01,0442,Aqua,MODIS,82,6.2,302.1,21.6,D,0
-13.6272,134.1617,319.4,1,1,2014-07-01,0442,Aqua,MODIS,16,6.2,300.2,8,D,0
-13.6167,134.1699,355.1,1,1,2014-07-01,0442,Aqua,MODIS,97,6.2,303,69,D,0
-13.6181,134.1603,373.4,1,1,2014-07-01,0442,Aqua,MODIS,100,6.2,304.7,125.5,D,0
-13.5075,134.1568,317,1,1,2014-07-01,0442,Aqua,MODIS,59,6.2,299.7,8.4,D,0
-13.6051,134.1196,327.6,1,1,2014-07-01,0442,Aqua,MODIS,79,6.2,300.9,19.1,D,0
-13.8417,133.3852,314.3,1.1,1,2014-07-01,0442,Aqua,MODIS,44,6.2,303.3,5.4,D,0
-14.1546,133.458,319.5,1.1,1,2014-07-01,0442,Aqua,MODIS,64,6.2,304.1,10,D,0
-13.5417,132.7792,332.5,1.2,1.1,2014-07-01,0442,Aqua,MODIS,84,6.2,303.5,28,D,0
-12.383,134.8986,350.8,1,1,2014-07-01,0442,Aqua,MODIS,96,6.2,287.7,57.4,D,0
-13.5457,132.7754,329.7,1.2,1.1,2014-07-01,0442,Aqua,MODIS,81,6.2,303.2,25.7,D,0
-14.1691,131.4379,320.2,1.4,1.2,2014-07-01,0442,Aqua,MODIS,60,6.2,308.1,16.5,D,0
-13.5736,133.2552,323.1,1.1,1.1,2014-07-01,0442,Aqua,MODIS,73,6.2,305.4,11.8,D,0
-13.7559,134.3571,321.2,1,1,2014-07-01,0442,Aqua,MODIS,72,6.2,300,11.7,D,0
-13.5509,133.2466,323.6,1.1,1.1,2014-07-01,0442,Aqua,MODIS,16,6.2,304.2,11.5,D,0
-13.8481,133.5504,317.3,1.1,1,2014-07-01,0442,Aqua,MODIS,23,6.2,303.2,6.5,D,0
-13.8387,133.5491,319.5,1.1,1,2014-07-01,0442,Aqua,MODIS,54,6.2,304.4,9,D,0
-13.5212,133.2528,333.5,1.1,1.1,2014-07-01,0442,Aqua,MODIS,76,6.2,303.6,25.6,D,0
-13.5272,134.0821,317.1,1,1,2014-07-01,0442,Aqua,MODIS,50,6.2,299.6,8.3,D,0
-12.3817,134.9077,357.3,1,1,2014-07-01,0442,Aqua,MODIS,98,6.2,285.8,72.6,D,0
-13.4931,133.737,323.3,1.1,1,2014-07-01,0442,Aqua,MODIS,74,6.2,300.8,16.5,D,0
-14.076,133.2215,318,1.1,1.1,2014-07-01,0442,Aqua,MODIS,30,6.2,302.3,9.3,D,0
-13.6996,133.7546,320,1.1,1,2014-07-01,0442,Aqua,MODIS,33,6.2,303.2,9.8,D,0
-13.6956,133.7139,322.9,1.1,1,2014-07-01,0442,Aqua,MODIS,73,6.2,303,12.8,D,0
-13.6332,133.7794,322.7,1.1,1,2014-07-01,0442,Aqua,MODIS,51,6.2,302.2,12.5,D,0
-13.624,133.778,340.5,1.1,1,2014-07-01,0442,Aqua,MODIS,89,6.2,301.8,38.9,D,0
-13.6253,133.7683,348.8,1.1,1,2014-07-01,0442,Aqua,MODIS,94,6.2,303.1,56,D,0
-13.891,133.5158,333.5,1.1,1,2014-07-01,0442,Aqua,MODIS,80,6.2,303.8,26.7,D,0
-13.8722,133.5131,319.2,1.1,1,2014-07-01,0442,Aqua,MODIS,58,6.2,302.9,8.2,D,0
-13.8736,133.5031,321.4,1.1,1,2014-07-01,0442,Aqua,MODIS,70,6.2,303.3,10.9,D,0
-13.875,133.4929,323.1,1.1,1,2014-07-01,0442,Aqua,MODIS,73,6.2,302.6,13.1,D,0
-13.9711,133.3155,318.9,1.1,1.1,2014-07-01,0442,Aqua,MODIS,60,6.2,304.3,9,D,0
-14.0774,133.2111,323.2,1.1,1.1,2014-07-01,0442,Aqua,MODIS,71,6.2,301.8,15.5,D,0
-14.0664,133.2202,317.2,1.1,1.1,2014-07-01,0442,Aqua,MODIS,27,6.2,302,8.2,D,0
-14.0678,133.2097,321.5,1.1,1.1,2014-07-01,0442,Aqua,MODIS,57,6.2,301.1,12.9,D,0
-13.509,133.2719,329.5,1.1,1.1,2014-07-01,0442,Aqua,MODIS,79,6.2,304.4,20.4,D,0
-13.5009,133.2604,326.1,1.1,1.1,2014-07-01,0442,Aqua,MODIS,68,6.2,301.1,16.8,D,0
-13.59,130.7869,315.2,1.6,1.2,2014-07-01,0442,Aqua,MODIS,38,6.2,301,10.2,D,0
-13.8764,133.4829,319.7,1.1,1,2014-07-01,0442,Aqua,MODIS,59,6.2,301.8,9.5,D,0
-13.8805,133.4526,318.7,1.1,1,2014-07-01,0442,Aqua,MODIS,65,6.2,303.2,9.7,D,0
-13.6809,134.029,333.7,1,1,2014-07-01,0442,Aqua,MODIS,85,6.2,303.4,27.2,D,0
-13.6822,134.0193,348.8,1,1,2014-07-01,0442,Aqua,MODIS,94,6.2,304.3,54.9,D,0
-13.6731,134.018,317,1,1,2014-07-01,0442,Aqua,MODIS,63,6.2,302.1,7.3,D,0
-13.6744,134.0084,316.3,1,1,2014-07-01,0442,Aqua,MODIS,50,6.2,301.3,6.2,D,0
-13.9221,131.6822,318.6,1.4,1.2,2014-07-01,0442,Aqua,MODIS,39,6.2,304.8,11.1,D,0
-13.8976,133.5371,320.4,1.1,1,2014-07-01,0442,Aqua,MODIS,69,6.2,301.9,10.8,D,0
-13.8073,133.3114,316.1,1.1,1.1,2014-07-01,0442,Aqua,MODIS,57,6.2,303.4,8,D,0
-13.8773,131.7012,321.4,1.4,1.2,2014-07-01,0442,Aqua,MODIS,46,6.2,305.1,12,D,0
-13.7199,133.283,313.9,1.1,1.1,2014-07-01,0442,Aqua,MODIS,29,6.2,302.2,5.1,D,0
-13.7105,133.2816,330.1,1.1,1.1,2014-07-01,0442,Aqua,MODIS,81,6.2,302.6,23.7,D,0
-14.2036,133.0954,315.5,1.1,1.1,2014-07-01,0442,Aqua,MODIS,40,6.2,303.1,6.4,D,0
-14.1926,133.1046,316.2,1.1,1.1,2014-07-01,0442,Aqua,MODIS,43,6.2,302.9,7.4,D,0
-12.392,134.8999,344.8,1,1,2014-07-01,0442,Aqua,MODIS,93,6.2,287.2,45.5,D,0
-12.3907,134.909,346.1,1,1,2014-07-01,0442,Aqua,MODIS,93,6.2,286.9,47.6,D,0
-12.401,134.9013,345.1,1,1,2014-07-01,0442,Aqua,MODIS,93,6.2,287.2,46.8,D,0
-12.3997,134.9104,322.7,1,1,2014-07-01,0442,Aqua,MODIS,75,6.2,286,14.8,D,0
-13.9485,132.4102,323.3,1.2,1.1,2014-07-01,0442,Aqua,MODIS,64,6.2,305.8,14.5,D,0
-13.9584,132.4116,322.6,1.2,1.1,2014-07-01,0442,Aqua,MODIS,48,6.2,304.8,13.1,D,0
-13.6348,133.5586,314.2,1.1,1,2014-07-01,0442,Aqua,MODIS,18,6.2,300.9,6.4,D,0
-12.3445,134.9115,318.7,1,1,2014-07-01,0442,Aqua,MODIS,72,6.2,285.7,12.2,D,0
-13.5443,132.7862,326.2,1.2,1.1,2014-07-01,0442,Aqua,MODIS,78,6.2,302.9,19.8,D,0
-13.5552,132.8533,316.4,1.2,1.1,2014-07-01,0442,Aqua,MODIS,56,6.2,301.5,8.1,D,0
-13.6225,133.5298,316.9,1.1,1,2014-07-01,0442,Aqua,MODIS,62,6.2,301.4,9.8,D,0
-13.6118,133.5384,325.7,1.1,1,2014-07-01,0442,Aqua,MODIS,77,6.2,300.8,18.4,D,0
-13.562,132.8759,331.1,1.2,1.1,2014-07-01,0442,Aqua,MODIS,82,6.2,303.8,25.7,D,0
-13.5606,132.8865,327.1,1.2,1.1,2014-07-01,0442,Aqua,MODIS,78,6.2,303.7,20.3,D,0
-13.5702,132.8879,321.4,1.2,1.1,2014-07-01,0442,Aqua,MODIS,66,6.2,304.4,12.8,D,0
-13.6843,134.34,316.1,1,1,2014-07-01,0442,Aqua,MODIS,61,6.2,299,7,D,0
-13.6856,134.3306,316.3,1,1,2014-07-01,0442,Aqua,MODIS,62,6.2,299.3,7.4,D,0
-13.5918,130.7726,323.4,1.6,1.2,2014-07-01,0442,Aqua,MODIS,73,6.2,302.6,24,D,0
-13.4039,133.1195,324.3,1.1,1.1,2014-07-01,0442,Aqua,MODIS,74,6.2,302.9,15.8,D,0
-13.3822,133.1374,320.1,1.1,1.1,2014-07-01,0442,Aqua,MODIS,56,6.2,302.9,11.3,D,0
-13.8925,131.6649,320.9,1.4,1.2,2014-07-01,0442,Aqua,MODIS,46,6.2,304.9,15,D,0
-11.9681,132.8062,318,1.1,1.1,2014-07-01,0442,Aqua,MODIS,20,6.2,295.6,10.3,D,0
-11.9695,132.796,324.1,1.1,1.1,2014-07-01,0442,Aqua,MODIS,65,6.2,295.2,17.2,D,0
-13.9596,133.5413,319.2,1.1,1,2014-07-01,0442,Aqua,MODIS,52,6.2,304.2,9.2,D,0
-12.9853,131.842,323.6,1.3,1.1,2014-07-01,0442,Aqua,MODIS,73,6.2,304.4,14.1,D,0
-13.4291,133.1074,316.5,1.1,1.1,2014-07-01,0442,Aqua,MODIS,15,6.2,302.5,6.2,D,0
-13.9021,133.5434,334.4,1.1,1,2014-07-01,0442,Aqua,MODIS,85,6.2,304.3,29.2,D,0
-13.9034,133.5333,324.8,1.1,1,2014-07-01,0442,Aqua,MODIS,76,6.2,304,15.5,D,0
-14.1754,133.3044,322.4,1.1,1.1,2014-07-01,0442,Aqua,MODIS,37,6.2,302.7,12.5,D,0
-13.7302,133.6687,324.4,1.1,1,2014-07-01,0442,Aqua,MODIS,75,6.2,302.3,14,D,0
-13.7766,133.6754,317.3,1.1,1,2014-07-01,0442,Aqua,MODIS,62,6.2,303.3,6.4,D,0
-13.4487,134.3793,348.3,1,1,2014-07-01,0442,Aqua,MODIS,94,6.2,301.1,50.6,D,0
-13.4474,134.3887,345,1,1,2014-07-01,0442,Aqua,MODIS,92,6.2,301,44.1,D,0
-13.4681,134.3726,341.9,1,1,2014-07-01,0442,Aqua,MODIS,91,6.2,301,38.9,D,0
-13.7632,136.6731,311,1,1,2014-07-01,0442,Aqua,MODIS,45,6.2,292.3,6.9,D,0
-13.5557,133.0686,315.5,1.1,1.1,2014-07-01,0442,Aqua,MODIS,29,6.2,302.7,7.7,D,0
-13.5543,133.0791,322.1,1.1,1.1,2014-07-01,0442,Aqua,MODIS,72,6.2,302.5,15.3,D,0
-13.5073,134.2246,345.2,1,1,2014-07-01,0442,Aqua,MODIS,92,6.2,296.5,47.6,D,0
-13.506,134.234,328.9,1,1,2014-07-01,0442,Aqua,MODIS,74,6.2,296.7,21,D,0
-13.5164,134.2259,341.4,1,1,2014-07-01,0442,Aqua,MODIS,90,6.2,298.6,39.9,D,0
-13.5151,134.2354,358.9,1,1,2014-07-01,0442,Aqua,MODIS,99,6.2,300.3,79.2,D,0
-13.5138,134.2448,317.8,1,1,2014-07-01,0442,Aqua,MODIS,26,6.2,296.9,8.7,D,0
-13.5229,134.2461,320.5,1,1,2014-07-01,0442,Aqua,MODIS,63,6.2,298,11.5,D,0
-13.5333,134.2349,336.3,1,1,2014-07-01,0442,Aqua,MODIS,67,6.2,298.2,28.4,D,0
-13.5424,134.2363,327.7,1,1,2014-07-01,0442,Aqua,MODIS,27,6.2,299.7,17.5,D,0
-13.6035,134.2646,316.2,1,1,2014-07-01,0442,Aqua,MODIS,61,6.2,299.8,7.3,D,0
-14.4894,132.6435,319,1.2,1.1,2014-07-01,0442,Aqua,MODIS,66,6.2,302.7,12.1,D,0
-13.6872,134.1859,321.3,1,1,2014-07-01,0442,Aqua,MODIS,50,6.2,303.7,8.3,D,0
-14.4114,133.2399,333,1.1,1.1,2014-07-01,0442,Aqua,MODIS,84,6.2,305.5,27.8,D,0
-14.41,133.2504,323.4,1.1,1.1,2014-07-01,0442,Aqua,MODIS,73,6.2,305.7,13.9,D,0
-14.366,133.033,319.8,1.2,1.1,2014-07-01,0442,Aqua,MODIS,33,6.2,305.7,8.3,D,0
-14.119,126.4543,313.5,3.4,1.7,2014-07-01,0442,Aqua,MODIS,0,6.2,300,44.6,D,0
-14.9174,126.0271,320.9,3.8,1.8,2014-07-01,0442,Aqua,MODIS,73,6.2,299.3,81.5,D,0
-12.7636,133.8831,314.5,1,1,2014-07-01,0442,Aqua,MODIS,60,6.2,299.2,6.3,D,0
-12.5652,132.3198,325.9,1.2,1.1,2014-07-01,0442,Aqua,MODIS,61,6.2,306.4,17.3,D,0
-12.9265,134.6982,344.8,1,1,2014-07-01,0442,Aqua,MODIS,59,6.2,299.6,39.3,D,0
-12.8946,134.7246,335.3,1,1,2014-07-01,0442,Aqua,MODIS,87,6.2,294.5,28.4,D,0
-12.901,134.7443,329.7,1,1,2014-07-01,0442,Aqua,MODIS,84,6.2,295.5,21.2,D,0
-12.9317,134.6614,347.4,1,1,2014-07-01,0442,Aqua,MODIS,94,6.2,297.7,46,D,0
-12.9304,134.6706,373.1,1,1,2014-07-01,0442,Aqua,MODIS,100,6.2,302.7,116.3,D,0
-13.1815,134.1206,320.8,1,1,2014-07-01,0442,Aqua,MODIS,36,6.2,299.6,10.3,D,0
-12.8501,131.0542,316.7,1.5,1.2,2014-07-01,0442,Aqua,MODIS,45,6.2,302.5,10.7,D,0
-13.5332,134.3696,339.3,1,1,2014-07-01,0442,Aqua,MODIS,89,6.2,303.2,34,D,0
-13.1673,134.1601,317.5,1,1,2014-07-01,0442,Aqua,MODIS,17,6.2,299,7.2,D,0
-12.9278,134.689,335.7,1,1,2014-07-01,0442,Aqua,MODIS,32,6.2,297.7,24.7,D,0
-12.9049,134.7167,335.2,1,1,2014-07-01,0442,Aqua,MODIS,64,6.2,298.1,27.5,D,0
-14.6693,132.9734,330.1,1.2,1.1,2014-07-01,0442,Aqua,MODIS,57,6.2,305.4,20.7,D,0
-12.9036,134.7259,333.1,1,1,2014-07-01,0442,Aqua,MODIS,65,6.2,296,24.1,D,0
-14.6776,132.9856,324,1.2,1.1,2014-07-01,0442,Aqua,MODIS,42,6.2,307.4,12.2,D,0
-14.6679,132.9843,331.4,1.2,1.1,2014-07-01,0442,Aqua,MODIS,69,6.2,306.2,21.8,D,0
-13.1726,134.1223,319.4,1,1,2014-07-01,0442,Aqua,MODIS,70,6.2,300,10.1,D,0
-14.5768,131.9588,325.9,1.3,1.1,2014-07-01,0442,Aqua,MODIS,77,6.2,309.2,21.6,D,0
-13.4602,133.6324,315.3,1.1,1,2014-07-01,0442,Aqua,MODIS,50,6.2,299.2,7.3,D,0
-13.4615,133.6225,321,1.1,1,2014-07-01,0442,Aqua,MODIS,71,6.2,301.2,12.9,D,0
-15.6234,130.4031,316.9,1.8,1.3,2014-07-01,0442,Aqua,MODIS,65,6.2,302.9,16.3,D,0
-15.2553,134.3996,324,1,1,2014-07-01,0442,Aqua,MODIS,76,6.2,305.8,12.7,D,0
-13.2037,134.0948,326.5,1,1,2014-07-01,0442,Aqua,MODIS,62,6.2,300.9,16.2,D,0
-13.5423,134.371,340.8,1,1,2014-07-01,0442,Aqua,MODIS,90,6.2,302.4,37.4,D,0
-12.905,134.6509,319,1,1,2014-07-01,0442,Aqua,MODIS,39,6.2,294.8,9.4,D,0
-13.5151,134.3669,320.5,1,1,2014-07-01,0442,Aqua,MODIS,45,6.2,298,10.2,D,0
-12.5372,132.3047,327.2,1.2,1.1,2014-07-01,0442,Aqua,MODIS,43,6.2,302.4,20.7,D,0
-12.5637,132.3308,324.3,1.2,1.1,2014-07-01,0442,Aqua,MODIS,51,6.2,306.1,14.7,D,0
-13.5208,133.9933,357.4,1,1,2014-07-01,0442,Aqua,MODIS,98,6.2,302.3,78,D,0
-12.9062,134.7075,324.1,1,1,2014-07-01,0442,Aqua,MODIS,61,6.2,296.8,14.6,D,0
-13.5195,134.0029,334.6,1,1,2014-07-01,0442,Aqua,MODIS,86,6.2,300.3,29,D,0
-12.8947,134.6588,329.1,1,1,2014-07-01,0442,Aqua,MODIS,39,6.2,296.2,19.1,D,0
-12.8933,134.7338,319.2,1,1,2014-07-01,0442,Aqua,MODIS,36,6.2,294,9.8,D,0
-13.0568,130.8378,320.1,1.5,1.2,2014-07-01,0442,Aqua,MODIS,50,6.2,303.2,16.1,D,0
-13.4305,134.3766,322.2,1,1,2014-07-01,0442,Aqua,MODIS,50,6.2,297.4,12.4,D,0
-12.9781,134.5929,332.5,1,1,2014-07-01,0442,Aqua,MODIS,42,6.2,297.6,22.1,D,0
-13.2844,133.5748,343.1,1.1,1,2014-07-01,0442,Aqua,MODIS,91,6.2,303.8,45.7,D,0
-12.4613,132.3323,321.7,1.2,1.1,2014-07-01,0442,Aqua,MODIS,64,6.2,301.9,13.8,D,0
-13.2156,134.6651,338.5,1,1,2014-07-01,0442,Aqua,MODIS,89,6.2,300.1,34.5,D,0
-13.3105,134.2509,319.6,1,1,2014-07-01,0442,Aqua,MODIS,26,6.2,297.9,9.8,D,0
-13.1075,134.7188,328.6,1,1,2014-07-01,0442,Aqua,MODIS,41,6.2,300.1,17,D,0
-13.4031,134.1167,339.7,1,1,2014-07-01,0442,Aqua,MODIS,89,6.2,302.5,34.4,D,0
-13.0744,134.6885,347.3,1,1,2014-07-01,0442,Aqua,MODIS,94,6.2,300.7,47.1,D,0
-12.4725,132.3227,322.2,1.2,1.1,2014-07-01,0442,Aqua,MODIS,59,6.2,301.5,14.7,D,0
-13.1885,134.7271,336.1,1,1,2014-07-01,0442,Aqua,MODIS,52,6.2,302.1,25.8,D,0
-12.8594,134.3263,320.4,1,1,2014-07-01,0442,Aqua,MODIS,74,6.2,298,12.1,D,0
-13.2491,134.2364,323.4,1,1,2014-07-01,0442,Aqua,MODIS,76,6.2,299.5,15.7,D,0
-13.0994,134.3799,328.8,1,1,2014-07-01,0442,Aqua,MODIS,77,6.2,298.9,19.6,D,0
-13.2477,134.2458,321.5,1,1,2014-07-01,0442,Aqua,MODIS,73,6.2,299.8,13.5,D,0
-13.4044,134.1072,347.1,1,1,2014-07-01,0442,Aqua,MODIS,93,6.2,302,48.6,D,0
-13.0001,134.5678,323.4,1,1,2014-07-01,0442,Aqua,MODIS,50,6.2,297.9,14.5,D,0
-12.9911,134.5665,325.1,1,1,2014-07-01,0442,Aqua,MODIS,31,6.2,295.7,15.4,D,0
-13.1172,130.8242,323.5,1.5,1.2,2014-07-01,0442,Aqua,MODIS,69,6.2,303.7,24.9,D,0
-11.9633,134.0951,337.5,1,1,2014-07-01,0442,Aqua,MODIS,88,6.2,293.1,34.8,D,0
-11.9793,133.7815,326.4,1,1,2014-07-01,0442,Aqua,MODIS,66,6.2,297.1,15.9,D,0
-13.76,133.3772,332.9,1.1,1,2014-07-01,0442,Aqua,MODIS,84,6.2,304.6,25.9,D,0
-12.6924,132.8095,321.3,1.1,1.1,2014-07-01,0442,Aqua,MODIS,71,6.2,303.7,11.1,D,0
-13.1403,133.5617,331.2,1.1,1,2014-07-01,0442,Aqua,MODIS,83,6.2,303.7,23.9,D,0
-13.0878,134.3972,317.2,1,1,2014-07-01,0442,Aqua,MODIS,47,6.2,298.2,7.9,D,0
-11.9219,134.0605,348.5,1,1,2014-07-01,0442,Aqua,MODIS,71,6.2,293.1,53.2,D,0
-13.752,133.3658,369.8,1.1,1,2014-07-01,0442,Aqua,MODIS,100,6.2,307.2,123.7,D,0
-13.4161,134.0895,316.7,1,1,2014-07-01,0442,Aqua,MODIS,30,6.2,299.8,7.5,D,0
-13.0654,134.1683,322.4,1,1,2014-07-01,0442,Aqua,MODIS,48,6.2,299,12.9,D,0
-11.9427,133.9778,327.2,1,1,2014-07-01,0442,Aqua,MODIS,59,6.2,293.6,18.6,D,0
-13.1496,133.563,321.5,1.1,1,2014-07-01,0442,Aqua,MODIS,71,6.2,303,12.3,D,0
-12.8553,131.0619,315.2,1.5,1.2,2014-07-01,0442,Aqua,MODIS,38,6.2,300.9,8.6,D,0
-12.9639,134.6285,338.6,1,1,2014-07-01,0442,Aqua,MODIS,75,6.2,298.2,27,D,0
-13.7614,133.3671,321.4,1.1,1,2014-07-01,0442,Aqua,MODIS,42,6.2,305.3,10.7,D,0
-12.5944,135.1539,309.3,1,1,2014-07-01,0442,Aqua,MODIS,48,6.2,285.3,5.2,D,0
-12.8858,130.7455,318.9,1.5,1.2,2014-07-01,0442,Aqua,MODIS,65,6.2,303.8,12.3,D,0
-13.1525,134.7255,340.3,1,1,2014-07-01,0442,Aqua,MODIS,79,6.2,302.5,32.8,D,0
-13.0931,134.0373,314.7,1,1,2014-07-01,0442,Aqua,MODIS,60,6.2,297.7,7.9,D,0
-12.0326,134.1205,334.3,1,1,2014-07-01,0442,Aqua,MODIS,85,6.2,294,27.6,D,0
-13.101,134.0345,334,1,1,2014-07-01,0442,Aqua,MODIS,86,6.2,300,28.9,D,0
-11.9788,134.1163,327.3,1,1,2014-07-01,0442,Aqua,MODIS,80,6.2,293.6,18.1,D,0
-13.2923,134.2482,328.5,1,1,2014-07-01,0442,Aqua,MODIS,81,6.2,299.8,20.4,D,0
-13.1972,134.0744,314.3,1,1,2014-07-01,0442,Aqua,MODIS,26,6.2,299,5.4,D,0
-13.1268,134.7122,331.1,1,1,2014-07-01,0442,Aqua,MODIS,61,6.2,300.2,21.2,D,0
-11.9466,133.8826,314.5,1,1,2014-07-01,0442,Aqua,MODIS,57,6.2,287.7,8.7,D,0
-12.5982,135.1918,308.8,1,1,2014-07-01,0442,Aqua,MODIS,43,6.2,289.6,4.1,D,0
-12.0818,134.5581,317.2,1,1,2014-07-01,0442,Aqua,MODIS,55,6.2,286.5,10.4,D,0
-13.2091,134.7113,333.7,1,1,2014-07-01,0442,Aqua,MODIS,65,6.2,303,23.6,D,0
-13.3275,134.4608,316.3,1,1,2014-07-01,0442,Aqua,MODIS,60,6.2,300,7.2,D,0
-11.9701,133.7802,319,1,1,2014-07-01,0442,Aqua,MODIS,31,6.2,295.8,9.2,D,0
-11.9323,133.9858,326.2,1,1,2014-07-01,0442,Aqua,MODIS,63,6.2,290.8,17.8,D,0
-12.8398,134.4657,313.3,1,1,2014-07-01,0442,Aqua,MODIS,44,6.2,296.1,6.3,D,0
-12.9626,134.6377,331.1,1,1,2014-07-01,0442,Aqua,MODIS,29,6.2,299.1,15.1,D,0
-13.2634,134.5871,323.5,1,1,2014-07-01,0442,Aqua,MODIS,76,6.2,301.1,13.6,D,0
-13.0944,134.0278,311.7,1,1,2014-07-01,0442,Aqua,MODIS,46,6.2,297,5.1,D,0
-13.3767,134.3727,326.6,1,1,2014-07-01,0442,Aqua,MODIS,51,6.2,299.9,16.6,D,0
-13.1594,134.2807,321.5,1,1,2014-07-01,0442,Aqua,MODIS,73,6.2,300,11.9,D,0
-13.3183,134.2616,324.8,1,1,2014-07-01,0442,Aqua,MODIS,77,6.2,298.9,16.1,D,0
-12.8997,134.7535,325.8,1,1,2014-07-01,0442,Aqua,MODIS,38,6.2,295.9,16,D,0
-13.1435,134.7242,360.2,1,1,2014-07-01,0442,Aqua,MODIS,100,6.2,304.5,77.1,D,0
-13.0904,134.3786,353.6,1,1,2014-07-01,0442,Aqua,MODIS,97,6.2,300.7,64.8,D,0
-11.9414,133.9872,326.6,1,1,2014-07-01,0442,Aqua,MODIS,49,6.2,293.2,17.9,D,0
-11.9609,133.9805,330.8,1,1,2014-07-01,0442,Aqua,MODIS,54,6.2,293.2,20.9,D,0
-13.4135,134.1085,333.1,1,1,2014-07-01,0442,Aqua,MODIS,79,6.2,301.3,23.4,D,0
-13.1165,134.7201,350.1,1,1,2014-07-01,0442,Aqua,MODIS,95,6.2,303,53.1,D,0
-12.1253,133.1758,322.7,1.1,1,2014-07-01,0442,Aqua,MODIS,69,6.2,299.6,12.3,D,0
-13.2285,134.6387,322.7,1,1,2014-07-01,0442,Aqua,MODIS,59,6.2,301.2,11.8,D,0
-13.3301,134.3754,353.9,1,1,2014-07-01,0442,Aqua,MODIS,97,6.2,302.2,64.6,D,0
-12.0757,134.1428,328.6,1,1,2014-07-01,0442,Aqua,MODIS,81,6.2,295.6,19.4,D,0
-13.7506,133.3759,324.5,1.1,1,2014-07-01,0442,Aqua,MODIS,75,6.2,303,14.4,D,0
-13.6473,133.9498,333.6,1.1,1,2014-07-01,0442,Aqua,MODIS,81,6.2,302.4,26.5,D,0
-13.3366,134.3284,318.9,1,1,2014-07-01,0442,Aqua,MODIS,68,6.2,299.3,9.4,D,0
-13.3014,134.2496,331.3,1,1,2014-07-01,0442,Aqua,MODIS,66,6.2,298.8,23,D,0
-13.2104,134.7021,324.4,1,1,2014-07-01,0442,Aqua,MODIS,43,6.2,300.7,13,D,0
-11.9659,134.0765,329.7,1,1,2014-07-01,0442,Aqua,MODIS,82,6.2,293.9,24.4,D,0
-12.526,131.5261,323.8,1.3,1.1,2014-07-01,0442,Aqua,MODIS,41,6.2,298.1,20.8,D,0
-12.0744,134.1521,317.8,1,1,2014-07-01,0442,Aqua,MODIS,26,6.2,296,8.1,D,0
-11.9232,134.0512,340.7,1,1,2014-07-01,0442,Aqua,MODIS,90,6.2,292.1,38.9,D,0
-11.9581,134.1323,313.2,1,1,2014-07-01,0442,Aqua,MODIS,16,6.2,291.4,6.4,D,0
-11.9699,133.9818,327.7,1,1,2014-07-01,0442,Aqua,MODIS,35,6.2,293.9,17.3,D,0
-13.3275,134.3941,338.4,1,1,2014-07-01,0442,Aqua,MODIS,89,6.2,298.9,33.9,D,0
-12.9533,134.3745,315.2,1,1,2014-07-01,0442,Aqua,MODIS,65,6.2,298.3,7.5,D,0
-13.2755,134.2362,325.2,1,1,2014-07-01,0442,Aqua,MODIS,29,6.2,298.8,15.1,D,0
-13.2143,134.6743,339.7,1,1,2014-07-01,0442,Aqua,MODIS,89,6.2,300,35.6,D,0
-13.2829,134.5141,320.8,1,1,2014-07-01,0442,Aqua,MODIS,72,6.2,299.1,11,D,0
-13.2816,134.5235,315.5,1,1,2014-07-01,0442,Aqua,MODIS,34,6.2,298.9,5.8,D,0
-13.0273,134.5057,314.6,1,1,2014-07-01,0442,Aqua,MODIS,64,6.2,297.8,7.2,D,0
-13.2259,134.6572,360.3,1,1,2014-07-01,0442,Aqua,MODIS,100,6.2,304.7,79.3,D,0
-12.077,134.1335,329.7,1,1,2014-07-01,0442,Aqua,MODIS,82,6.2,294.2,21,D,0
-11.8873,133.1848,318,1.1,1,2014-07-01,0442,Aqua,MODIS,69,6.2,297.4,9.9,D,0
-12.703,132.9753,322.5,1.1,1.1,2014-07-01,0442,Aqua,MODIS,72,6.2,303.4,12.8,D,0
-13.0731,134.6977,339.8,1,1,2014-07-01,0442,Aqua,MODIS,76,6.2,297.9,32.9,D,0
-13.2117,134.6928,340.8,1,1,2014-07-01,0442,Aqua,MODIS,90,6.2,302.2,36.4,D,0
-13.0681,134.1494,338.3,1,1,2014-07-01,0442,Aqua,MODIS,89,6.2,300.2,34.1,D,0
-13.407,134.0882,352.5,1,1,2014-07-01,0442,Aqua,MODIS,96,6.2,300.5,63.9,D,0
-13.2846,134.2375,327.8,1,1,2014-07-01,0442,Aqua,MODIS,56,6.2,298.3,18.6,D,0
-12.9097,134.7521,361.9,1,1,2014-07-01,0442,Aqua,MODIS,100,6.2,297.2,82.2,D,0
-13.2103,134.0473,315.3,1,1,2014-07-01,0442,Aqua,MODIS,59,6.2,300.8,6.4,D,0
-13.2535,133.9368,319,1,1,2014-07-01,0442,Aqua,MODIS,69,6.2,300,11.7,D,0
-13.0218,134.6052,328.3,1,1,2014-07-01,0442,Aqua,MODIS,66,6.2,297.7,19.1,D,0
-14.9821,133.379,317.9,1.1,1.1,2014-07-01,0442,Aqua,MODIS,57,6.2,305.7,8.6,D,0
-13.0205,134.6145,340.7,1,1,2014-07-01,0442,Aqua,MODIS,90,6.2,299.8,36.5,D,0
-13.1189,130.8105,318.8,1.5,1.2,2014-07-01,0442,Aqua,MODIS,47,6.2,302.2,15.8,D,0
-13.0116,134.6167,337.8,1,1,2014-07-01,0442,Aqua,MODIS,89,6.2,300.4,33.1,D,0
-13.3312,134.3019,315.7,1,1,2014-07-01,0442,Aqua,MODIS,56,6.2,299.9,7.5,D,0
-13.0436,134.6462,318.6,1,1,2014-07-01,0442,Aqua,MODIS,58,6.2,298,8.5,D,0
-13.1059,134.3333,357,1,1,2014-07-01,0442,Aqua,MODIS,98,6.2,301.7,73.3,D,0
-13.4069,134.1559,316.5,1,1,2014-07-01,0442,Aqua,MODIS,46,6.2,299.2,8.3,D,0
-12.9966,134.1966,318.9,1,1,2014-07-01,0442,Aqua,MODIS,50,6.2,299.2,9.8,D,0
-12.9084,134.7613,331,1,1,2014-07-01,0442,Aqua,MODIS,51,6.2,294.9,20.7,D,0
-13.4292,134.386,344.4,1,1,2014-07-01,0442,Aqua,MODIS,92,6.2,301.6,44.5,D,0
-13.3207,134.377,323.1,1,1,2014-07-01,0442,Aqua,MODIS,75,6.2,297.3,15.1,D,0
-13.0709,134.4517,314.5,1,1,2014-07-01,0442,Aqua,MODIS,59,6.2,298.6,6.5,D,0
-13.327,133.5406,322.9,1.1,1,2014-07-01,0442,Aqua,MODIS,42,6.2,300.1,13.3,D,0
-13.1358,134.3185,321,1,1,2014-07-01,0442,Aqua,MODIS,38,6.2,300.6,11.1,D,0
-12.8204,134.4723,312.6,1,1,2014-07-01,0442,Aqua,MODIS,32,6.2,296.5,5.3,D,0
-13.2611,134.0838,324.2,1,1,2014-07-01,0442,Aqua,MODIS,76,6.2,298.4,15,D,0
-13.2246,134.6664,352,1,1,2014-07-01,0442,Aqua,MODIS,96,6.2,303.8,59.7,D,0
-13.1046,134.3426,367.4,1,1,2014-07-01,0442,Aqua,MODIS,100,6.2,302.8,102.6,D,0
-12.476,135.2142,324.6,1,1,2014-07-01,0442,Aqua,MODIS,80,6.2,291.4,16.9,D,0
-13.1033,134.3519,331.3,1,1,2014-07-01,0442,Aqua,MODIS,84,6.2,299.3,23.5,D,0
-13.1628,134.7176,338.5,1,1,2014-07-01,0442,Aqua,MODIS,49,6.2,301.1,29.7,D,0
-12.1007,133.7661,326.9,1,1,2014-07-01,0442,Aqua,MODIS,79,6.2,300,15.4,D,0
-14.4045,133.2922,321.4,1.1,1.1,2014-07-01,0442,Aqua,MODIS,70,6.2,306.6,11.7,D,0
-12.281,133.4515,319,1.1,1,2014-07-01,0442,Aqua,MODIS,62,6.2,302.6,6.5,D,0
-13.2205,134.2418,313.7,1,1,2014-07-01,0442,Aqua,MODIS,48,6.2,298.3,5.5,D,0
-13.4383,134.3874,336.9,1,1,2014-07-01,0442,Aqua,MODIS,87,6.2,300.5,30.6,D,0
-13.2832,134.2469,336.1,1,1,2014-07-01,0442,Aqua,MODIS,86,6.2,300.3,30.1,D,0
-12.2505,133.6736,322.9,1,1,2014-07-01,0442,Aqua,MODIS,74,6.2,301.7,10.5,D,0
-14.598,134.9073,325.6,1,1,2014-07-01,0442,Aqua,MODIS,78,6.2,299.8,17.9,D,0
-13.067,134.4795,320.9,1,1,2014-07-01,0442,Aqua,MODIS,58,6.2,298.6,11.3,D,0
-13.1719,134.719,341.2,1,1,2014-07-01,0442,Aqua,MODIS,87,6.2,302.3,35.9,D,0
-13.2233,134.6757,337,1,1,2014-07-01,0442,Aqua,MODIS,88,6.2,302.9,30.7,D,0
-13.6368,133.958,331.9,1,1,2014-07-01,0442,Aqua,MODIS,64,6.2,302.1,23.4,D,0
-11.9713,133.9724,334.1,1,1,2014-07-01,0442,Aqua,MODIS,59,6.2,294.3,25.4,D,0
-11.9646,134.0858,326.2,1,1,2014-07-01,0442,Aqua,MODIS,78,6.2,293.2,19.4,D,0
-13.642,133.9883,334.3,1,1,2014-07-01,0442,Aqua,MODIS,85,6.2,302.1,26.7,D,0
-12.8459,133.2776,313.7,1.1,1,2014-07-01,0442,Aqua,MODIS,30,6.2,300.1,5.1,D,0
-13.3069,133.8716,314.5,1.1,1,2014-07-01,0442,Aqua,MODIS,20,6.2,298.9,6.1,D,0
-11.962,134.1044,330.1,1,1,2014-07-01,0442,Aqua,MODIS,82,6.2,293.5,23.4,D,0
-13.1414,134.0791,316.2,1,1,2014-07-01,0442,Aqua,MODIS,25,6.2,298.6,6.7,D,0
-13.345,133.8673,314.8,1.1,1,2014-07-01,0442,Aqua,MODIS,24,6.2,300.9,5.8,D,0
-13.3236,134.4221,319.3,1,1,2014-07-01,0442,Aqua,MODIS,53,6.2,295.7,10.7,D,0
-12.8834,133.2831,315.1,1.1,1,2014-07-01,0442,Aqua,MODIS,32,6.2,300.5,6.3,D,0
-11.9022,134.0035,318.6,1,1,2014-07-01,0442,Aqua,MODIS,63,6.2,290.3,11.4,D,0
-13.2673,134.5593,325,1,1,2014-07-01,0442,Aqua,MODIS,75,6.2,300.9,14.6,D,0
-12.6667,134.3235,310.7,1,1,2014-07-01,0442,Aqua,MODIS,49,6.2,295.5,4.5,D,0
-11.8944,133.9928,318.7,1,1,2014-07-01,0442,Aqua,MODIS,40,6.2,288.9,11,D,0
-13.3288,134.4514,355.1,1,1,2014-07-01,0442,Aqua,MODIS,97,6.2,302.8,68.5,D,0
-13.3405,134.3674,327.6,1,1,2014-07-01,0442,Aqua,MODIS,53,6.2,299.4,17.4,D,0
-13.1988,134.7192,353,1,1,2014-07-01,0442,Aqua,MODIS,97,6.2,303.9,58.9,D,0
-13.0955,134.4079,326.3,1,1,2014-07-01,0442,Aqua,MODIS,75,6.2,300.5,16.9,D,0
-12.874,133.2817,315.6,1.1,1,2014-07-01,0442,Aqua,MODIS,40,6.2,300.3,6.6,D,0
-12.786,132.192,316.6,1.2,1.1,2014-07-01,0442,Aqua,MODIS,59,6.2,303.1,9,D,0
-12.48,135.1868,352.4,1,1,2014-07-01,0442,Aqua,MODIS,96,6.2,292.7,62.7,D,0
-11.9672,134.0672,325.9,1,1,2014-07-01,0442,Aqua,MODIS,78,6.2,292.8,19.4,D,0
-13.1615,134.7269,343.2,1,1,2014-07-01,0442,Aqua,MODIS,81,6.2,303.2,36.8,D,0
-13.0459,130.8362,331.6,1.5,1.2,2014-07-01,0442,Aqua,MODIS,82,6.2,302.4,40,D,0
-13.3301,134.4421,375.5,1,1,2014-07-01,0442,Aqua,MODIS,100,6.2,303.7,131.3,D,0
-13.1898,134.7178,359.4,1,1,2014-07-01,0442,Aqua,MODIS,99,6.2,302.4,74,D,0
-13.3314,134.4328,356.5,1,1,2014-07-01,0442,Aqua,MODIS,98,6.2,301.1,71.3,D,0
-12.0728,134.5568,320.2,1,1,2014-07-01,0442,Aqua,MODIS,70,6.2,284.7,12.9,D,0
-13.3249,134.4128,324.2,1,1,2014-07-01,0442,Aqua,MODIS,76,6.2,295.7,16.5,D,0
-13.2938,134.1038,320.4,1,1,2014-07-01,0442,Aqua,MODIS,37,6.2,297.8,10.4,D,0
-13.1241,134.3359,321.2,1,1,2014-07-01,0442,Aqua,MODIS,30,6.2,299.7,11,D,0
-13.334,134.4141,336,1,1,2014-07-01,0442,Aqua,MODIS,87,6.2,298.5,30.1,D,0
-12.9953,134.206,323.4,1,1,2014-07-01,0442,Aqua,MODIS,76,6.2,298,15.1,D,0
-13.2207,134.6942,323.9,1,1,2014-07-01,0442,Aqua,MODIS,56,6.2,301.7,12.9,D,0
-11.9726,133.9631,346.1,1,1,2014-07-01,0442,Aqua,MODIS,93,6.2,294.1,47.7,D,0
-13.2272,134.6479,330,1,1,2014-07-01,0442,Aqua,MODIS,82,6.2,301.9,20.4,D,0
-12.2633,133.9181,326.3,1,1,2014-07-01,0442,Aqua,MODIS,47,6.2,298.6,15.5,D,0
-12.5259,132.3143,321.1,1.2,1.1,2014-07-01,0442,Aqua,MODIS,51,6.2,304.8,12.9,D,0
-12.2529,133.9262,322.7,1,1,2014-07-01,0442,Aqua,MODIS,35,6.2,299.3,10.9,D,0
-12.9806,134.6404,370.9,1,1,2014-07-01,0442,Aqua,MODIS,100,6.2,303.4,105,D,0
-13.0148,134.9799,311.4,1,1,2014-07-01,0442,Aqua,MODIS,45,6.2,290.9,4.9,D,0
-13.076,134.4809,323,1,1,2014-07-01,0442,Aqua,MODIS,60,6.2,299.7,13.3,D,0
-13.115,134.3346,349.9,1,1,2014-07-01,0442,Aqua,MODIS,95,6.2,301.3,54.9,D,0
-12.9575,134.6087,342.3,1,1,2014-07-01,0442,Aqua,MODIS,67,6.2,298.3,37.5,D,0
-12.5357,132.3157,349.4,1.2,1.1,2014-07-01,0442,Aqua,MODIS,95,6.2,306.5,66.9,D,0
-13.1163,134.3252,339.4,1,1,2014-07-01,0442,Aqua,MODIS,81,6.2,300.1,34.5,D,0
-13.3372,133.8564,316.1,1.1,1,2014-07-01,0442,Aqua,MODIS,36,6.2,299.9,6.5,D,0
-12.5199,131.5197,317.4,1.3,1.1,2014-07-01,0442,Aqua,MODIS,32,6.2,297.7,13,D,0
-13.4183,134.3405,314.6,1,1,2014-07-01,0442,Aqua,MODIS,58,6.2,297,6.8,D,0
-13.4201,134.3847,334,1,1,2014-07-01,0442,Aqua,MODIS,81,6.2,300.5,26.3,D,0
-12.9433,134.6443,341.3,1,1,2014-07-01,0442,Aqua,MODIS,88,6.2,297.2,36.1,D,0
-12.3153,136.8853,323.7,1.1,1,2014-07-01,0442,Aqua,MODIS,57,6.2,293.1,19.6,D,0
-12.942,134.6535,339.3,1,1,2014-07-01,0442,Aqua,MODIS,76,6.2,297.6,31.3,D,0
-12.0417,134.1218,324.1,1,1,2014-07-01,0442,Aqua,MODIS,76,6.2,293.8,15.5,D,0
-13.0931,134.0914,319.9,1,1,2014-07-01,0442,Aqua,MODIS,71,6.2,298.5,12,D,0
-12.9562,134.6179,337,1,1,2014-07-01,0442,Aqua,MODIS,54,6.2,296.7,28.1,D,0
-12.0904,134.8826,309.5,1,1,2014-07-01,0442,Aqua,MODIS,27,6.2,285.9,3.7,D,0
-13.0773,134.4716,335.8,1,1,2014-07-01,0442,Aqua,MODIS,87,6.2,300.5,29.8,D,0
-12.9822,134.3663,323.1,1,1,2014-07-01,0442,Aqua,MODIS,60,6.2,299.4,13.7,D,0
-12.4627,132.3213,343.6,1.2,1.1,2014-07-01,0442,Aqua,MODIS,92,6.2,304.8,53.5,D,0
-12.0688,134.1258,326.2,1,1,2014-07-01,0442,Aqua,MODIS,59,6.2,294.2,17.9,D,0
-13.0983,134.1211,314.9,1,1,2014-07-01,0442,Aqua,MODIS,39,6.2,298.6,6.2,D,0
-13.1945,134.2283,326.7,1,1,2014-07-01,0442,Aqua,MODIS,77,6.2,300,17.2,D,0
-11.9801,134.1071,321,1,1,2014-07-01,0442,Aqua,MODIS,63,6.2,293.9,11.8,D,0
-13.0129,134.6075,319.3,1,1,2014-07-01,0442,Aqua,MODIS,61,6.2,296.4,10.3,D,0
-13.3022,133.8557,312.6,1.1,1,2014-07-01,0442,Aqua,MODIS,35,6.2,299.1,4.5,D,0
-12.9923,134.6233,384.1,1,1,2014-07-01,0442,Aqua,MODIS,100,6.2,305.4,158.8,D,0
-12.8894,130.7384,325.9,1.5,1.2,2014-07-01,0442,Aqua,MODIS,77,6.2,303.5,25.6,D,0
-13.3363,133.542,325,1.1,1,2014-07-01,0442,Aqua,MODIS,57,6.2,302.3,15.6,D,0
-14.4031,133.3027,323.4,1.1,1.1,2014-07-01,0442,Aqua,MODIS,74,6.2,306.8,14.3,D,0
-13.123,134.144,320.8,1,1,2014-07-01,0442,Aqua,MODIS,25,6.2,301.4,9.8,D,0
-13.1737,134.2445,319.9,1,1,2014-07-01,0442,Aqua,MODIS,39,6.2,300,9.3,D,0
-13.2716,134.0756,317.7,1,1,2014-07-01,0442,Aqua,MODIS,26,6.2,296.3,7.5,D,0
-13.3314,134.366,340.2,1,1,2014-07-01,0442,Aqua,MODIS,90,6.2,300.5,36.6,D,0
-13.102,134.3613,328.5,1,1,2014-07-01,0442,Aqua,MODIS,81,6.2,300.7,20.3,D,0
-12.0835,134.1534,327.2,1,1,2014-07-01,0442,Aqua,MODIS,69,6.2,295.5,18.3,D,0
-12.4889,131.5154,314.1,1.3,1.1,2014-07-01,0442,Aqua,MODIS,53,6.2,298.1,10.3,D,0
-13.266,134.5685,335.3,1,1,2014-07-01,0442,Aqua,MODIS,86,6.2,301.7,27.9,D,0
-12.1267,133.1659,335.5,1.1,1,2014-07-01,0442,Aqua,MODIS,86,6.2,299.9,30.5,D,0
-14.3077,133.3984,316.4,1.1,1.1,2014-07-01,0442,Aqua,MODIS,42,6.2,303.5,6.4,D,0
-13.4083,134.0786,340.9,1,1,2014-07-01,0442,Aqua,MODIS,90,6.2,299.8,39.4,D,0
-12.1347,133.1772,320.9,1.1,1,2014-07-01,0442,Aqua,MODIS,63,6.2,301.3,10.1,D,0
-13.0013,134.6246,336.3,1,1,2014-07-01,0442,Aqua,MODIS,59,6.2,300.8,27.3,D,0
-11.9336,133.9765,328.3,1,1,2014-07-01,0442,Aqua,MODIS,76,6.2,290.8,20.5,D,0
-12.9819,134.6312,373.2,1,1,2014-07-01,0442,Aqua,MODIS,100,6.2,302.9,112.6,D,0
-13.0026,134.6154,352.1,1,1,2014-07-01,0442,Aqua,MODIS,96,6.2,300.3,57.7,D,0
-12.991,134.6325,361.3,1,1,2014-07-01,0442,Aqua,MODIS,100,6.2,302.1,75.1,D,0
-12.9897,134.6417,342.8,1,1,2014-07-01,0442,Aqua,MODIS,88,6.2,302,34.1,D,0
-13.007,134.1885,326.6,1,1,2014-07-01,0442,Aqua,MODIS,54,6.2,300,16.8,D,0
-13.2001,134.7099,333.2,1,1,2014-07-01,0442,Aqua,MODIS,36,6.2,300.5,21.7,D,0
-13.427,133.7375,312.6,1.1,1,2014-07-01,0442,Aqua,MODIS,36,6.2,299.2,5.3,D,0
-13.3464,133.8577,317,1.1,1,2014-07-01,0442,Aqua,MODIS,60,6.2,300.7,7.9,D,0
-12.4513,133.1598,317.4,1.1,1,2014-07-01,0442,Aqua,MODIS,64,6.2,302.4,7.1,D,0
-13.0751,133.8299,313.6,1.1,1,2014-07-01,0442,Aqua,MODIS,54,6.2,300,6,D,0
-13.213,134.6836,366,1,1,2014-07-01,0442,Aqua,MODIS,100,6.2,304.2,95.8,D,0
-12.4786,135.196,327.6,1,1,2014-07-01,0442,Aqua,MODIS,82,6.2,293.4,19.5,D,0
-13.2195,134.6373,319.6,1,1,2014-07-01,0442,Aqua,MODIS,27,6.2,298.9,9,D,0
-13.3288,134.3847,362,1,1,2014-07-01,0442,Aqua,MODIS,100,6.2,302.6,86.4,D,0
-12.9546,134.3652,323.5,1,1,2014-07-01,0442,Aqua,MODIS,77,6.2,298.8,15.9,D,0
-12.5245,132.3253,333.9,1.2,1.1,2014-07-01,0442,Aqua,MODIS,85,6.2,303.8,32.8,D,0
-13.1205,134.0954,320.8,1,1,2014-07-01,0442,Aqua,MODIS,72,6.2,299.4,11.5,D,0
-12.5499,134.0326,325.1,1,1,2014-07-01,0442,Aqua,MODIS,78,6.2,302.1,15.6,D,0
-12.7875,132.1806,326.6,1.2,1.1,2014-07-01,0442,Aqua,MODIS,77,6.2,303.6,22.4,D,0
-13.0668,134.1589,324.3,1,1,2014-07-01,0442,Aqua,MODIS,40,6.2,298.8,14.7,D,0
-12.8877,130.7315,321.1,1.5,1.2,2014-07-01,0442,Aqua,MODIS,71,6.2,303,17.1,D,0
-13.3596,133.83,314.6,1.1,1,2014-07-01,0442,Aqua,MODIS,33,6.2,299.6,6.4,D,0
-12.4403,133.2397,318.8,1.1,1,2014-07-01,0442,Aqua,MODIS,68,6.2,301.5,9.5,D,0
-13.3327,134.4234,344.2,1,1,2014-07-01,0442,Aqua,MODIS,92,6.2,299.8,44,D,0
-13.3036,133.846,315.3,1.1,1,2014-07-01,0442,Aqua,MODIS,59,6.2,299.5,6.8,D,0
-11.9873,134.1138,327.4,1,1,2014-07-01,0442,Aqua,MODIS,47,6.2,295.3,17.8,D,0
-14.5993,134.8979,326.3,1,1,2014-07-01,0442,Aqua,MODIS,78,6.2,297.6,18.5,D,0
-13.1218,134.0859,317.9,1,1,2014-07-01,0442,Aqua,MODIS,67,6.2,300.4,8.6,D,0
-13.222,134.6849,352.4,1,1,2014-07-01,0442,Aqua,MODIS,96,6.2,304.1,59.6,D,0
-12.46,133.9591,318.7,1,1,2014-07-01,0442,Aqua,MODIS,70,6.2,301,9.5,D,0
-13.1007,134.3706,331.7,1,1,2014-07-01,0442,Aqua,MODIS,84,6.2,300.7,24.1,D,0
-13.1371,134.3092,315.7,1,1,2014-07-01,0442,Aqua,MODIS,37,6.2,299.9,6.8,D,0
-13.1501,134.2824,314.9,1,1,2014-07-01,0442,Aqua,MODIS,60,6.2,299.2,7,D,0
-13.2518,134.6043,326,1,1,2014-07-01,0442,Aqua,MODIS,55,6.2,300.5,15,D,0
-13.3952,134.1058,336.3,1,1,2014-07-01,0442,Aqua,MODIS,79,6.2,300.4,30,D,0
-14.0434,129.9911,322,1.8,1.3,2014-07-01,0442,Aqua,MODIS,72,6.2,302.7,31.6,D,0
-14.069,129.6813,314.5,1.9,1.3,2014-07-01,0442,Aqua,MODIS,44,6.2,300.4,17.9,D,0
-13.8333,129.7758,313.6,1.9,1.3,2014-07-01,0442,Aqua,MODIS,48,6.2,300.2,18,D,0
-13.1573,130.1358,315.1,1.7,1.3,2014-07-01,0442,Aqua,MODIS,0,6.2,299.6,18.8,D,0
-14.3652,129.7026,313.5,1.9,1.4,2014-07-01,0442,Aqua,MODIS,49,6.2,302.9,16.4,D,0
-14.1753,130.5867,319,1.6,1.3,2014-07-01,0442,Aqua,MODIS,65,6.2,304.3,19,D,0
-14.2712,130.0153,317.7,1.8,1.3,2014-07-01,0442,Aqua,MODIS,33,6.2,307.1,12.6,D,0
-14.3444,129.7713,317.1,1.9,1.3,2014-07-01,0442,Aqua,MODIS,64,6.2,302.3,21.7,D,0
-14.4591,130.2283,319.3,1.8,1.3,2014-07-01,0442,Aqua,MODIS,63,6.2,305.7,19.5,D,0
-13.1603,130.1295,316.5,1.7,1.3,2014-07-01,0442,Aqua,MODIS,0,6.2,299.6,20,D,0
-14.2776,130.0232,318.3,1.8,1.3,2014-07-01,0442,Aqua,MODIS,62,6.2,305.2,14,D,0
-15.9862,127.896,323.6,2.8,1.6,2014-07-01,0442,Aqua,MODIS,77,6.2,299.3,63.3,D,0
-12.5366,130.6174,316.2,1.5,1.2,2014-07-01,0442,Aqua,MODIS,58,6.2,299.3,11,D,0
-12.5379,130.6244,317.4,1.5,1.2,2014-07-01,0442,Aqua,MODIS,58,6.2,300,12.1,D,0
-14.316,129.8032,314,1.9,1.3,2014-07-01,0442,Aqua,MODIS,48,6.2,303.4,13.2,D,0
-14.2831,129.5202,314.3,2,1.4,2014-07-01,0442,Aqua,MODIS,57,6.2,302,19.1,D,0
-14.4474,130.2267,316,1.8,1.3,2014-07-01,0442,Aqua,MODIS,30,6.2,303.2,12.1,D,0
-11.6866,130.3936,315.5,1.6,1.2,2014-07-01,0443,Aqua,MODIS,51,6.2,297.7,13,D,0
-11.7573,130.5515,308.4,1.5,1.2,2014-07-01,0443,Aqua,MODIS,51,6.2,294.8,9,D,0
-11.3411,130.4092,310.9,1.5,1.2,2014-07-01,0443,Aqua,MODIS,36,6.2,296.2,11.1,D,0
-11.3379,132.2792,317.4,1.2,1.1,2014-07-01,0443,Aqua,MODIS,37,6.2,295.9,8.5,D,0
-11.4362,132.2338,311.2,1.2,1.1,2014-07-01,0443,Aqua,MODIS,58,6.2,294,6.9,D,0
-11.2938,131.223,340.5,1.4,1.2,2014-07-01,0443,Aqua,MODIS,0,6.2,295.2,56.7,D,0
-11.2746,131.2078,319.8,1.4,1.2,2014-07-01,0443,Aqua,MODIS,0,6.2,294.5,14.7,D,0
-11.5805,133.0613,314.1,1.1,1,2014-07-01,0443,Aqua,MODIS,33,6.2,296.5,6.5,D,0
-11.6792,130.9917,311.8,1.4,1.2,2014-07-01,0443,Aqua,MODIS,55,6.2,295.7,9.7,D,0
-11.4122,130.8115,326.2,1.4,1.2,2014-07-01,0443,Aqua,MODIS,81,6.2,296,30.8,D,0
-11.4015,130.81,321.1,1.4,1.2,2014-07-01,0443,Aqua,MODIS,72,6.2,295.8,22.3,D,0
-11.4348,132.2446,313.9,1.2,1.1,2014-07-01,0443,Aqua,MODIS,63,6.2,294.7,9,D,0
-11.4367,130.6581,309.7,1.5,1.2,2014-07-01,0443,Aqua,MODIS,0,6.2,294.3,10.8,D,0
-11.4729,131.3349,314.7,1.3,1.1,2014-07-01,0443,Aqua,MODIS,56,6.2,296.6,9.4,D,0
-11.4571,131.2951,316.2,1.3,1.1,2014-07-01,0443,Aqua,MODIS,66,6.2,296.9,10.8,D,0
-11.4587,131.2827,319.1,1.3,1.2,2014-07-01,0443,Aqua,MODIS,72,6.2,295.9,15.5,D,0
-11.0935,132.5586,319.1,1.1,1.1,2014-07-01,0443,Aqua,MODIS,39,6.2,294.2,12.3,D,0
-11.0759,132.5455,326.3,1.1,1.1,2014-07-01,0443,Aqua,MODIS,59,6.2,295,21.3,D,0
-11.084,132.5573,325.7,1.1,1.1,2014-07-01,0443,Aqua,MODIS,67,6.2,293.9,20.8,D,0
-11.4752,131.3969,324.2,1.3,1.1,2014-07-01,0443,Aqua,MODIS,70,6.2,296.4,23.5,D,0
-11.465,131.3954,342.1,1.3,1.1,2014-07-01,0443,Aqua,MODIS,91,6.2,296,59.5,D,0
-11.4666,131.3833,383.6,1.3,1.1,2014-07-01,0443,Aqua,MODIS,100,6.2,301.7,243.2,D,0
-11.3707,131.3399,326.5,1.3,1.1,2014-07-01,0443,Aqua,MODIS,81,6.2,296.8,28,D,0
-11.4681,131.3713,326.9,1.3,1.1,2014-07-01,0443,Aqua,MODIS,44,6.2,296.3,24.7,D,0
-11.4664,130.852,332.3,1.4,1.2,2014-07-01,0443,Aqua,MODIS,85,6.2,297.3,43.5,D,0
-11.7249,130.9715,350,1.4,1.2,2014-07-01,0443,Aqua,MODIS,95,6.2,297.7,96.8,D,0
-11.7355,130.973,309.1,1.4,1.2,2014-07-01,0443,Aqua,MODIS,47,6.2,295.5,7.8,D,0
-11.7372,130.9599,310.4,1.4,1.2,2014-07-01,0443,Aqua,MODIS,57,6.2,295.6,9.7,D,0
-11.7266,130.9584,325.7,1.4,1.2,2014-07-01,0443,Aqua,MODIS,81,6.2,295.3,32,D,0
-11.2725,131.252,324.9,1.3,1.1,2014-07-01,0443,Aqua,MODIS,76,6.2,292.9,26.2,D,0
-11.573,130.8986,325.7,1.4,1.2,2014-07-01,0443,Aqua,MODIS,59,6.2,299,27.8,D,0
-11.5623,130.8972,318.5,1.4,1.2,2014-07-01,0443,Aqua,MODIS,32,6.2,298.9,15.9,D,0
-11.5641,130.884,330.9,1.4,1.2,2014-07-01,0443,Aqua,MODIS,81,6.2,299.1,38.7,D,0
-11.5534,130.8827,345,1.4,1.2,2014-07-01,0443,Aqua,MODIS,93,6.2,300.2,75.1,D,0
-11.5551,130.8695,336,1.4,1.2,2014-07-01,0443,Aqua,MODIS,74,6.2,297.9,49.6,D,0
-11.5445,130.8681,335.8,1.4,1.2,2014-07-01,0443,Aqua,MODIS,83,6.2,300.5,49,D,0
-11.4254,131.3226,322.1,1.3,1.1,2014-07-01,0443,Aqua,MODIS,69,6.2,295.5,18.1,D,0
-11.3723,131.3277,317.4,1.3,1.1,2014-07-01,0443,Aqua,MODIS,35,6.2,297.7,13.7,D,0
-11.3739,131.3154,325.4,1.3,1.1,2014-07-01,0443,Aqua,MODIS,78,6.2,296.8,26.2,D,0
-11.5338,130.8667,330.4,1.4,1.2,2014-07-01,0443,Aqua,MODIS,83,6.2,301.3,36.6,D,0
-11.5355,130.8533,338.3,1.4,1.2,2014-07-01,0443,Aqua,MODIS,87,6.2,299,56.2,D,0
-11.5248,130.8519,353.1,1.4,1.2,2014-07-01,0443,Aqua,MODIS,97,6.2,301.5,106.7,D,0
-11.5266,130.8387,338.2,1.4,1.2,2014-07-01,0443,Aqua,MODIS,84,6.2,297.8,58,D,0
-11.5125,130.8636,316,1.4,1.2,2014-07-01,0443,Aqua,MODIS,33,6.2,298.1,12.9,D,0
-11.5142,130.8505,342.8,1.4,1.2,2014-07-01,0443,Aqua,MODIS,92,6.2,301.9,73.4,D,0
-11.5159,130.8372,337.5,1.4,1.2,2014-07-01,0443,Aqua,MODIS,84,6.2,296.9,57.3,D,0
-11.5018,130.8621,339.6,1.4,1.2,2014-07-01,0443,Aqua,MODIS,90,6.2,299.6,61.4,D,0
-11.5035,130.8489,361.2,1.4,1.2,2014-07-01,0443,Aqua,MODIS,100,6.2,300.8,143.1,D,0
-11.5091,130.8576,326,1.4,1.2,2014-07-01,0443,Aqua,MODIS,65,6.2,300.6,29.4,D,0
-11.5108,130.8444,334.4,1.4,1.2,2014-07-01,0443,Aqua,MODIS,87,6.2,300,48.3,D,0
-11.4984,130.856,358.7,1.4,1.2,2014-07-01,0443,Aqua,MODIS,99,6.2,301.2,129.9,D,0
-11.5002,130.8429,336.9,1.4,1.2,2014-07-01,0443,Aqua,MODIS,88,6.2,297.1,54.5,D,0
-11.4877,130.8547,332.2,1.4,1.2,2014-07-01,0443,Aqua,MODIS,85,6.2,297.8,43.6,D,0
-11.4771,130.8534,336.7,1.4,1.2,2014-07-01,0443,Aqua,MODIS,88,6.2,298.1,54.7,D,0
-11.2699,131.2448,328.8,1.3,1.2,2014-07-01,0443,Aqua,MODIS,48,6.2,293.3,29.7,D,0
-11.2742,131.2397,318.1,1.3,1.2,2014-07-01,0443,Aqua,MODIS,40,6.2,293.7,14.6,D,0
-11.4373,131.367,323.9,1.3,1.1,2014-07-01,0443,Aqua,MODIS,54,6.2,295.8,21.5,D,0
-11.4674,130.676,320.8,1.5,1.2,2014-07-01,0443,Aqua,MODIS,0,6.2,293.9,27.2,D,0
-11.4357,131.3241,322.5,1.3,1.1,2014-07-01,0443,Aqua,MODIS,43,6.2,296.3,17.2,D,0
-11.0869,132.5366,325.2,1.1,1.1,2014-07-01,0443,Aqua,MODIS,75,6.2,293.8,19.3,D,0
-11.7051,130.7616,326.9,1.5,1.2,2014-07-01,0443,Aqua,MODIS,41,6.2,296.7,31.8,D,0
-11.7331,130.8254,354.8,1.5,1.2,2014-07-01,0443,Aqua,MODIS,97,6.2,300.3,114.6,D,0
-11.7348,130.812,330.3,1.5,1.2,2014-07-01,0443,Aqua,MODIS,45,6.2,296.9,37.5,D,0
-11.7546,130.8282,321.1,1.5,1.2,2014-07-01,0443,Aqua,MODIS,62,6.2,296.7,22.9,D,0
-11.7438,130.8268,343.9,1.5,1.2,2014-07-01,0443,Aqua,MODIS,93,6.2,298.3,75,D,0
-11.8159,130.8969,316.1,1.4,1.2,2014-07-01,0443,Aqua,MODIS,65,6.2,299,16.5,D,0
-11.8176,130.8837,321.8,1.4,1.2,2014-07-01,0443,Aqua,MODIS,74,6.2,298.8,25,D,0
-11.8193,130.8705,325.8,1.5,1.2,2014-07-01,0443,Aqua,MODIS,79,6.2,298,32,D,0
-11.7497,130.2551,328.2,1.6,1.2,2014-07-01,0443,Aqua,MODIS,83,6.2,295.3,43.8,D,0
-11.7609,130.2566,319.4,1.6,1.2,2014-07-01,0443,Aqua,MODIS,72,6.2,293.3,25.2,D,0
-11.5875,130.2711,314.3,1.6,1.2,2014-07-01,0443,Aqua,MODIS,47,6.2,298.5,13.2,D,0
-11.5805,130.4156,326.4,1.6,1.2,2014-07-01,0443,Aqua,MODIS,55,6.2,297.7,33.1,D,0
-11.7123,130.0997,321,1.6,1.3,2014-07-01,0443,Aqua,MODIS,72,6.2,294.1,31.4,D,0
-11.7349,130.1933,323.2,1.6,1.3,2014-07-01,0443,Aqua,MODIS,78,6.2,294.2,35.5,D,0
-11.5375,132.9174,313.6,1.1,1,2014-07-01,0443,Aqua,MODIS,28,6.2,294.5,6.5,D,0
-11.314,132.292,314.7,1.2,1.1,2014-07-01,0443,Aqua,MODIS,43,6.2,295.9,7.2,D,0
-11.5819,133.0514,313.3,1.1,1,2014-07-01,0443,Aqua,MODIS,26,6.2,297.4,5.9,D,0
-11.5585,133.0426,323.7,1.1,1,2014-07-01,0443,Aqua,MODIS,77,6.2,297,17.6,D,0
-11.6353,133.0793,332.8,1.1,1,2014-07-01,0443,Aqua,MODIS,85,6.2,297.7,29.8,D,0
-11.5574,132.9815,314.6,1.1,1,2014-07-01,0443,Aqua,MODIS,62,6.2,295.7,8.2,D,0
-11.6339,133.0892,313.6,1.1,1,2014-07-01,0443,Aqua,MODIS,55,6.2,296,6.7,D,0
-11.4063,132.4576,315,1.2,1.1,2014-07-01,0443,Aqua,MODIS,67,6.2,295,8.5,D,0
-11.6849,133.1133,316.7,1.1,1,2014-07-01,0443,Aqua,MODIS,66,6.2,298.1,9.3,D,0
-11.5294,132.906,325.9,1.1,1,2014-07-01,0443,Aqua,MODIS,79,6.2,294.8,20.7,D,0
-11.5281,132.916,324.5,1.1,1,2014-07-01,0443,Aqua,MODIS,78,6.2,294.9,18.9,D,0
-11.8269,133.1594,322.6,1.1,1,2014-07-01,0443,Aqua,MODIS,75,6.2,297.6,14.3,D,0
-11.8363,133.1607,318.6,1.1,1,2014-07-01,0443,Aqua,MODIS,63,6.2,299.5,9.8,D,0
-33.0442,119.7239,305.2,1.4,1.2,2014-07-01,0615,Aqua,MODIS,58,6.2,293.8,6.4,D,0
-34.4225,116.7894,301.4,1,1,2014-07-01,0615,Aqua,MODIS,47,6.2,290,4,D,0
-29.8261,115.5101,317.5,1,1,2014-07-01,0616,Aqua,MODIS,74,6.2,297.7,12,D,0
-32.4599,116.0542,306,1,1,2014-07-01,0616,Aqua,MODIS,59,6.2,286.9,7.3,D,0
-32.5052,116.0639,325.6,1,1,2014-07-01,0616,Aqua,MODIS,84,6.2,290,24.6,D,0
-32.5036,116.0747,301.7,1,1,2014-07-01,0616,Aqua,MODIS,48,6.2,288.8,4.7,D,0
-29.8245,115.5206,314,1,1,2014-07-01,0616,Aqua,MODIS,69,6.2,296.7,8.9,D,0
-27.8614,114.7941,310,1,1,2014-07-01,0617,Aqua,MODIS,50,6.2,297.8,4.3,D,0
-27.8599,114.8044,321.6,1,1,2014-07-01,0617,Aqua,MODIS,76,6.2,297.6,14.6,D,0
-23.0013,122.4991,308.3,3.4,1.7,2014-07-01,0618,Aqua,MODIS,34,6.2,298.1,24.6,D,0
-22.8257,122.7667,309.6,3.6,1.8,2014-07-01,0618,Aqua,MODIS,49,6.2,298.9,32.5,D,0
-23.0069,122.4927,309.5,3.4,1.7,2014-07-01,0618,Aqua,MODIS,46,6.2,297.9,29,D,0
-22.1528,123.1307,329.3,4,1.9,2014-07-01,0618,Aqua,MODIS,72,6.2,300.3,170.2,D,0
-22.1448,123.1689,311.6,4,1.9,2014-07-01,0618,Aqua,MODIS,57,6.2,301.1,40.9,D,0
-23.0256,120.2549,319.9,2.4,1.5,2014-07-01,0618,Aqua,MODIS,73,6.2,302,41.5,D,0
-23.0301,120.2319,313.1,2.4,1.5,2014-07-01,0618,Aqua,MODIS,60,6.2,302.5,20.4,D,0
-22.1576,123.1403,327.3,4,1.9,2014-07-01,0618,Aqua,MODIS,77,6.2,300.3,150.2,D,0
-21.7681,118.6665,346.5,2,1.4,2014-07-01,0618,Aqua,MODIS,93,6.2,305.8,125.4,D,0
-21.7715,118.6479,351.3,1.9,1.4,2014-07-01,0618,Aqua,MODIS,96,6.2,304.4,150.2,D,0
-21.7803,118.669,325.3,2,1.4,2014-07-01,0618,Aqua,MODIS,78,6.2,303.8,39.4,D,0
-21.7647,118.6852,321,2,1.4,2014-07-01,0618,Aqua,MODIS,73,6.2,303.5,27.9,D,0
-21.2271,118.8784,318.4,2.1,1.4,2014-07-01,0618,Aqua,MODIS,40,6.2,303.2,23,D,0
-21.2308,118.8589,322.2,2.1,1.4,2014-07-01,0618,Aqua,MODIS,68,6.2,304,33.3,D,0
-21.2183,118.8562,325.2,2.1,1.4,2014-07-01,0618,Aqua,MODIS,45,6.2,304.3,39.9,D,0
-21.2276,118.8734,324.5,2.1,1.4,2014-07-01,0618,Aqua,MODIS,74,6.2,303.7,40.2,D,0
-21.2187,118.8511,321.4,2.1,1.4,2014-07-01,0618,Aqua,MODIS,53,6.2,304,29.9,D,0
-20.5048,118.4321,342.1,2,1.4,2014-07-01,0619,Aqua,MODIS,91,6.2,305.7,103.6,D,0
-20.5082,118.4132,320.7,2,1.4,2014-07-01,0619,Aqua,MODIS,71,6.2,303.8,26,D,0
-20.7327,119.6071,320.3,2.4,1.5,2014-07-01,0619,Aqua,MODIS,71,6.2,304.4,35.6,D,0
-20.7259,119.6006,317,2.4,1.5,2014-07-01,0619,Aqua,MODIS,41,6.2,304.1,22.3,D,0
-17.576,122.308,337.2,4.4,1.9,2014-07-01,0619,Aqua,MODIS,88,6.2,300,296.3,D,0
-17.5763,122.3033,331.5,4.4,1.9,2014-07-01,0619,Aqua,MODIS,84,6.2,299.9,226.3,D,0
-17.5681,122.3438,330.7,4.4,1.9,2014-07-01,0619,Aqua,MODIS,83,6.2,300.8,219.4,D,0
-17.5675,122.3484,325.9,4.4,1.9,2014-07-01,0619,Aqua,MODIS,79,6.2,300.6,168.9,D,0
-25.8083,152.6456,311.1,1.1,1.1,2014-07-01,1225,Terra,MODIS,82,6.2,277.9,18,N,0
-25.8098,152.6342,310.2,1.1,1.1,2014-07-01,1225,Terra,MODIS,80,6.2,278,17.2,N,0
-26.5048,151.6081,301,1.3,1.1,2014-07-01,1225,Terra,MODIS,36,6.2,277.1,12.9,N,0
-20.0663,125.597,303.6,1.3,1.1,2014-07-01,1406,Terra,MODIS,56,6.2,283.5,12.4,N,0
-15.9392,127.8313,301.5,1,1,2014-07-01,1407,Terra,MODIS,22,6.2,290.3,4.6,N,0
-14.3722,126.6827,301.7,1,1,2014-07-01,1407,Terra,MODIS,44,6.2,287.6,6,N,0
-14.1431,130.6272,302.4,1.2,1.1,2014-07-01,1407,Terra,MODIS,49,6.2,288.9,7.9,N,0
-16.0217,127.8974,300.8,1,1,2014-07-01,1407,Terra,MODIS,34,6.2,289.9,4.7,N,0
-15.8762,128.6548,304.6,1,1,2014-07-01,1407,Terra,MODIS,61,6.2,291,6.2,N,0
-14.3708,126.6922,304.6,1,1,2014-07-01,1407,Terra,MODIS,61,6.2,288.7,7.6,N,0
-12.379,132.5922,300.7,1.8,1.3,2014-07-01,1407,Terra,MODIS,32,6.2,286.4,10.6,N,0
-12.9565,130.8248,304.1,1.3,1.1,2014-07-01,1407,Terra,MODIS,58,6.2,284.3,11.2,N,0
-11.952,134.0668,301.7,2.3,1.5,2014-07-01,1407,Terra,MODIS,44,6.2,279,20,N,0
-12.9463,130.8231,314,1.3,1.1,2014-07-01,1407,Terra,MODIS,88,6.2,284.7,20.9,N,0
-15.3433,127.9493,307.4,1,1,2014-07-01,1407,Terra,MODIS,71,6.2,286.4,9.3,N,0
-14.893,126.0943,300.5,1.1,1,2014-07-01,1407,Terra,MODIS,7,6.2,286.4,5.6,N,0
-15.9825,128.6206,302.4,1,1,2014-07-01,1407,Terra,MODIS,46,6.2,289.9,5,N,0
-15.9839,128.6112,302.4,1,1,2014-07-01,1407,Terra,MODIS,49,6.2,289.9,5.4,N,0
-14.9037,126.0856,302.4,1.1,1,2014-07-01,1407,Terra,MODIS,45,6.2,286.7,7.6,N,0
-13.7536,126.9664,321.8,1,1,2014-07-01,1407,Terra,MODIS,65,6.2,289.3,18.1,N,0
-15.9852,128.6019,307.4,1,1,2014-07-01,1407,Terra,MODIS,71,6.2,290.6,8.2,N,0
-15.3871,127.8992,305.3,1,1,2014-07-01,1407,Terra,MODIS,64,6.2,290.4,6.7,N,0
-15.5378,129.3301,303.5,1,1,2014-07-01,1407,Terra,MODIS,55,6.2,289.9,6.1,N,0
-14.6683,130.0816,300.8,1.1,1.1,2014-07-01,1407,Terra,MODIS,30,6.2,288,6.2,N,0
-14.9023,126.0957,304.8,1.1,1,2014-07-01,1407,Terra,MODIS,62,6.2,286.1,9.1,N,0
-15.0617,131.0368,301.3,1.3,1.1,2014-07-01,1407,Terra,MODIS,24,6.2,287.1,6.7,N,0
-14.6667,130.092,301.9,1.1,1.1,2014-07-01,1407,Terra,MODIS,40,6.2,289,6.3,N,0
-13.7549,126.9571,340,1,1,2014-07-01,1407,Terra,MODIS,100,6.2,290.2,43.1,N,0
-15.274,131.6337,303.4,1.3,1.2,2014-07-01,1407,Terra,MODIS,19,6.2,286.8,9.5,N,0
-15.2554,131.6177,310.9,1.3,1.1,2014-07-01,1407,Terra,MODIS,55,6.2,288.2,16.7,N,0
-15.2657,131.6194,304.8,1.3,1.1,2014-07-01,1407,Terra,MODIS,33,6.2,287.6,10.7,N,0
-12.8091,131.1832,310.2,1.4,1.2,2014-07-01,1407,Terra,MODIS,76,6.2,284.9,16.8,N,0
-12.8071,131.1958,308.1,1.4,1.2,2014-07-01,1407,Terra,MODIS,73,6.2,285.3,15.3,N,0
-12.8195,131.1848,312.2,1.4,1.2,2014-07-01,1407,Terra,MODIS,49,6.2,286.5,18.1,N,0
-12.8146,131.1903,320.5,1.4,1.2,2014-07-01,1407,Terra,MODIS,100,6.2,287.4,29.7,N,0
-13.5672,130.7762,302.7,1.3,1.1,2014-07-01,1407,Terra,MODIS,51,6.2,287.8,8,N,0
-24.7411,147.1376,304.2,1,1,2014-07-01,1535,Aqua,MODIS,59,6.2,280.9,9.2,N,0
-14.365,126.6972,306.4,1.2,1.1,2014-07-01,1711,Aqua,MODIS,68,6.2,287.7,10.8,N,0
-14.3748,126.6957,308.2,1.2,1.1,2014-07-01,1711,Aqua,MODIS,74,6.2,288.2,12.7,N,0
-14.3733,126.6849,300.9,1.2,1.1,2014-07-01,1711,Aqua,MODIS,32,6.2,286.2,7,N,0
-15.9354,127.8385,301.4,1.5,1.2,2014-07-01,1711,Aqua,MODIS,40,6.2,288.9,9.8,N,0
-15.9324,127.8445,301.1,1.5,1.2,2014-07-01,1711,Aqua,MODIS,18,6.2,289.5,8.8,N,0
-14.6671,130.1012,304.7,2.1,1.4,2014-07-01,1711,Aqua,MODIS,44,6.2,288.2,20.3,N,0
-15.3905,127.8982,304,1.5,1.2,2014-07-01,1711,Aqua,MODIS,58,6.2,289.7,11.2,N,0
-15.3849,127.9076,302.8,1.5,1.2,2014-07-01,1711,Aqua,MODIS,35,6.2,289.2,9.8,N,0
-14.9049,126.0918,302.9,1.1,1.1,2014-07-01,1711,Aqua,MODIS,52,6.2,285.1,9.2,N,0
-14.6647,130.0823,301.6,2.1,1.4,2014-07-01,1711,Aqua,MODIS,16,6.2,286.9,15.5,N,0
-14.6669,130.0944,306.1,2.1,1.4,2014-07-01,1711,Aqua,MODIS,67,6.2,288,25,N,0
-17.5684,122.289,303.7,1,1,2014-07-01,1712,Aqua,MODIS,57,6.2,284.8,8.4,N,0
-17.5728,122.3176,308,1,1,2014-07-01,1712,Aqua,MODIS,25,6.2,283.7,10.2,N,0
-30.8667,121.4907,308,1,1,2014-07-01,1716,Aqua,MODIS,73,6.2,280.5,13.1,N,2
-12.067,141.8674,343.9,1,1,2014-07-02,0057,Terra,MODIS,93,6.2,300.5,45.4,D,0
-12.0683,141.8765,319.6,1,1,2014-07-02,0057,Terra,MODIS,78,6.2,300.1,12.2,D,0
-12.6345,142.2283,310.8,1,1,2014-07-02,0057,Terra,MODIS,33,6.2,295.2,6.8,D,0
-11.9625,133.9979,315.8,2.6,1.5,2014-07-02,0057,Terra,MODIS,72,6.2,296.3,40.4,D,0
-11.9575,134.0061,311.8,2.6,1.5,2014-07-02,0057,Terra,MODIS,55,6.2,295.4,27.1,D,0
-12.9279,142.4165,311.1,1,1,2014-07-02,0057,Terra,MODIS,64,6.2,298.6,6.1,D,0
-12.9018,142.4851,313.7,1,1,2014-07-02,0057,Terra,MODIS,69,6.2,299.3,7.8,D,0
-12.3086,136.884,330.8,1.5,1.2,2014-07-02,0057,Terra,MODIS,83,6.2,296.8,48.8,D,0
-12.873,142.4795,311.6,1,1,2014-07-02,0057,Terra,MODIS,60,6.2,295.9,6,D,0
-12.8716,142.47,310.1,1,1,2014-07-02,0057,Terra,MODIS,50,6.2,296.1,5,D,0
-12.1206,133.1719,310.4,3,1.6,2014-07-02,0057,Terra,MODIS,64,6.2,295.2,29.6,D,0
-11.9663,133.7747,310.7,2.7,1.6,2014-07-02,0057,Terra,MODIS,59,6.2,295.6,23.5,D,0
-15.5299,141.7677,314.7,1,1,2014-07-02,0058,Terra,MODIS,50,6.2,301.6,6.8,D,0
-14.2836,142.9141,316.6,1.1,1,2014-07-02,0058,Terra,MODIS,72,6.2,296.7,11.6,D,0
-13.3669,134.8026,314.7,2.1,1.4,2014-07-02,0058,Terra,MODIS,36,6.2,295.6,24.1,D,0
-14.414,142.3265,317.2,1.1,1,2014-07-02,0058,Terra,MODIS,73,6.2,296.5,11.5,D,0
-13.4257,134.6853,323.3,2.1,1.4,2014-07-02,0058,Terra,MODIS,70,6.2,295.2,49.5,D,0
-13.3943,134.731,324.9,2.1,1.4,2014-07-02,0058,Terra,MODIS,77,6.2,296.2,53.7,D,0
-15.1213,142.9279,314.2,1.1,1.1,2014-07-02,0058,Terra,MODIS,68,6.2,296.6,9.1,D,0
-13.2189,134.8616,339.2,2.1,1.4,2014-07-02,0058,Terra,MODIS,79,6.2,292.8,106.3,D,0
-13.2818,134.8436,314.6,2.1,1.4,2014-07-02,0058,Terra,MODIS,39,6.2,295.7,23.6,D,0
-15.1199,142.9175,312,1.1,1.1,2014-07-02,0058,Terra,MODIS,64,6.2,295.5,7.4,D,0
-13.4036,134.7093,338.6,2.1,1.4,2014-07-02,0058,Terra,MODIS,90,6.2,296.9,107.4,D,0
-15.9662,136.0791,310.2,1.5,1.2,2014-07-02,0058,Terra,MODIS,47,6.2,296.6,9.4,D,0
-13.3909,134.7116,334.9,2.1,1.4,2014-07-02,0058,Terra,MODIS,88,6.2,296.8,93.9,D,0
-16.2164,135.7171,313.3,1.6,1.2,2014-07-02,0058,Terra,MODIS,34,6.2,294.2,14.6,D,0
-14.8137,142.8701,314.6,1.1,1.1,2014-07-02,0058,Terra,MODIS,69,6.2,293.6,10.3,D,0
-13.2566,134.8481,332.7,2.1,1.4,2014-07-02,0058,Terra,MODIS,87,6.2,296,81.4,D,0
-15.5348,141.9338,316.5,1,1,2014-07-02,0058,Terra,MODIS,17,6.2,300.2,8.1,D,0
-13.2221,134.8738,324.1,2.1,1.4,2014-07-02,0058,Terra,MODIS,58,6.2,290.7,49,D,0
-13.1843,134.8875,325.4,2.1,1.4,2014-07-02,0058,Terra,MODIS,57,6.2,292.2,53,D,0
-13.2187,134.8546,328.9,2.1,1.4,2014-07-02,0058,Terra,MODIS,72,6.2,293.8,65.5,D,0
-13.1148,130.8125,313.5,4.3,1.9,2014-07-02,0058,Terra,MODIS,71,6.2,288.2,90.7,D,0
-16.2189,135.7321,312.6,1.6,1.2,2014-07-02,0058,Terra,MODIS,35,6.2,293,13.2,D,0
-13.1171,130.8066,313.1,4.3,1.9,2014-07-02,0058,Terra,MODIS,72,6.2,288.7,88.6,D,0
-13.3636,134.7832,319,2.1,1.4,2014-07-02,0058,Terra,MODIS,55,6.2,295.4,35.2,D,0
-14.4181,142.3556,312.2,1.1,1,2014-07-02,0058,Terra,MODIS,64,6.2,295.7,6.7,D,0
-16.2184,135.7262,321.5,1.6,1.2,2014-07-02,0058,Terra,MODIS,78,6.2,293.2,31.1,D,0
-13.1465,134.894,311.3,2.1,1.4,2014-07-02,0058,Terra,MODIS,51,6.2,289.6,19.9,D,0
-13.1717,134.8897,325.4,2.1,1.4,2014-07-02,0058,Terra,MODIS,52,6.2,291.5,52.7,D,0
-15.9078,143.0253,311,1.2,1.1,2014-07-02,0058,Terra,MODIS,58,6.2,298.4,6.8,D,0
-13.1591,134.8918,314.8,2.1,1.4,2014-07-02,0058,Terra,MODIS,38,6.2,290.5,26.1,D,0
-15.5242,141.9255,321.5,1,1,2014-07-02,0058,Terra,MODIS,55,6.2,302.5,13.5,D,0
-15.5361,141.9435,317.5,1,1,2014-07-02,0058,Terra,MODIS,24,6.2,300,9,D,0
-15.4982,141.6751,313.3,1,1,2014-07-02,0058,Terra,MODIS,52,6.2,302.7,5.9,D,0
-15.9128,143.1348,311.2,1.2,1.1,2014-07-02,0058,Terra,MODIS,49,6.2,300,6.1,D,0
-14.3133,142.9202,310.7,1.1,1,2014-07-02,0058,Terra,MODIS,33,6.2,295,6,D,0
-13.373,134.7616,317.8,2.1,1.4,2014-07-02,0058,Terra,MODIS,44,6.2,294.9,31.8,D,0
-14.4154,142.3362,309.8,1.1,1,2014-07-02,0058,Terra,MODIS,27,6.2,295.2,4.7,D,0
-15.5375,141.9531,328.5,1,1,2014-07-02,0058,Terra,MODIS,83,6.2,299.3,22.2,D,0
-12.5643,131.619,304.7,3.8,1.8,2014-07-02,0058,Terra,MODIS,43,6.2,282.1,37.5,D,0
-13.1237,133.5606,306.3,2.7,1.6,2014-07-02,0058,Terra,MODIS,54,6.2,292.1,18.2,D,0
-16.3577,144.7138,305.1,1.5,1.2,2014-07-02,0058,Terra,MODIS,35,6.2,293.9,6.7,D,0
-13.5768,134.1975,307.2,2.3,1.5,2014-07-02,0058,Terra,MODIS,27,6.2,294.2,14.6,D,0
-13.4479,133.1333,314.7,2.8,1.6,2014-07-02,0058,Terra,MODIS,73,6.2,291.4,47.8,D,0
-13.4965,132.8158,310,3,1.6,2014-07-02,0058,Terra,MODIS,67,6.2,292.2,30.5,D,0
-13.4915,132.7886,311.3,3,1.6,2014-07-02,0058,Terra,MODIS,69,6.2,292.8,36.6,D,0
-13.4469,134.655,322.6,2.2,1.4,2014-07-02,0058,Terra,MODIS,68,6.2,294.4,48.3,D,0
-12.317,132.558,312,3.3,1.7,2014-07-02,0058,Terra,MODIS,57,6.2,292.8,38.4,D,0
-13.597,134.4566,322.6,2.2,1.4,2014-07-02,0058,Terra,MODIS,80,6.2,294.1,52.9,D,0
-15.2503,131.6152,305.9,3.4,1.7,2014-07-02,0058,Terra,MODIS,41,6.2,295.9,22.8,D,0
-13.4478,134.661,333,2.2,1.4,2014-07-02,0058,Terra,MODIS,87,6.2,294.8,85.1,D,0
-13.59,134.1953,308.4,2.3,1.5,2014-07-02,0058,Terra,MODIS,51,6.2,294.6,17.6,D,0
-13.4917,132.7946,315,3,1.6,2014-07-02,0058,Terra,MODIS,73,6.2,293.1,48.8,D,0
-12.3223,132.5879,311.7,3.3,1.7,2014-07-02,0058,Terra,MODIS,55,6.2,294.2,40.1,D,0
-13.4504,134.6747,318.6,2.1,1.4,2014-07-02,0058,Terra,MODIS,48,6.2,293.9,35.9,D,0
-14.956,141.6769,311.6,1,1,2014-07-02,0058,Terra,MODIS,45,6.2,288.3,6.8,D,0
-14.1409,130.6114,317.7,4.2,1.9,2014-07-02,0058,Terra,MODIS,76,6.2,294.6,104.7,D,0
-14.1436,130.605,312.7,4.2,1.9,2014-07-02,0058,Terra,MODIS,40,6.2,294.4,63.5,D,0
-14.1513,130.6437,320.1,4.2,1.9,2014-07-02,0058,Terra,MODIS,79,6.2,294.1,114.7,D,0
-13.179,134.1859,308.9,2.4,1.5,2014-07-02,0058,Terra,MODIS,61,6.2,294.6,18.3,D,0
-13.5201,134.6218,311,2.2,1.4,2014-07-02,0058,Terra,MODIS,43,6.2,295.9,18.9,D,0
-13.5338,134.5513,317,2.2,1.4,2014-07-02,0058,Terra,MODIS,74,6.2,295.3,34.9,D,0
-13.5303,134.5312,311.9,2.2,1.4,2014-07-02,0058,Terra,MODIS,30,6.2,295.3,21.2,D,0
-13.5373,134.5712,323.6,2.2,1.4,2014-07-02,0058,Terra,MODIS,81,6.2,295.7,52.6,D,0
-13.1751,134.1644,312.9,2.4,1.5,2014-07-02,0058,Terra,MODIS,69,6.2,293.8,27.9,D,0
-13.1801,134.1697,318.7,2.4,1.5,2014-07-02,0058,Terra,MODIS,76,6.2,294.1,45.3,D,0
-16.3804,136.4162,318.5,1.4,1.2,2014-07-02,0058,Terra,MODIS,27,6.2,298.5,16.7,D,0
-16.427,136.4353,312.6,1.4,1.2,2014-07-02,0058,Terra,MODIS,48,6.2,299.3,10.1,D,0
-16.4184,136.3822,333,1.4,1.2,2014-07-02,0058,Terra,MODIS,71,6.2,299.7,43.8,D,0
-16.4115,136.3767,325.7,1.4,1.2,2014-07-02,0058,Terra,MODIS,37,6.2,298.6,28.4,D,0
-16.4228,136.4429,311.2,1.4,1.2,2014-07-02,0058,Terra,MODIS,54,6.2,297.8,9.5,D,0
-16.4244,136.3882,318.4,1.4,1.2,2014-07-02,0058,Terra,MODIS,25,6.2,299.4,16.1,D,0
-16.4334,136.4411,310,1.4,1.2,2014-07-02,0058,Terra,MODIS,31,6.2,298.6,7.3,D,0
-16.4562,136.3826,319.3,1.4,1.2,2014-07-02,0058,Terra,MODIS,64,6.2,297.8,18.8,D,0
-16.4221,136.3749,323,1.4,1.2,2014-07-02,0058,Terra,MODIS,61,6.2,298.6,24.6,D,0
-16.4539,136.3693,321.7,1.4,1.2,2014-07-02,0058,Terra,MODIS,64,6.2,297.3,23.2,D,0
-16.4967,136.4299,323.9,1.4,1.2,2014-07-02,0058,Terra,MODIS,25,6.2,296.7,22.6,D,0
-16.4988,136.4431,343.6,1.4,1.2,2014-07-02,0058,Terra,MODIS,93,6.2,300.1,68.7,D,0
-16.5115,136.4541,343,1.4,1.2,2014-07-02,0058,Terra,MODIS,71,6.2,300.8,62.1,D,0
-12.2655,132.6059,312.2,3.3,1.7,2014-07-02,0058,Terra,MODIS,67,6.2,291.9,49.7,D,0
-12.2613,132.5996,309.2,3.3,1.7,2014-07-02,0058,Terra,MODIS,61,6.2,292,37.6,D,0
-16.4826,139.6096,311.4,1,1,2014-07-02,0058,Terra,MODIS,40,6.2,299,5.9,D,0
-16.4945,139.6271,326.6,1,1,2014-07-02,0058,Terra,MODIS,80,6.2,298.5,20.6,D,0
-13.595,134.4511,324.8,2.2,1.4,2014-07-02,0058,Terra,MODIS,82,6.2,294.2,61.5,D,0
-12.37,132.6041,312.2,3.2,1.7,2014-07-02,0058,Terra,MODIS,28,6.2,294.1,37,D,0
-13.5935,134.4362,307.9,2.2,1.4,2014-07-02,0058,Terra,MODIS,46,6.2,294,14.5,D,0
-12.3739,132.8772,311.2,3.1,1.7,2014-07-02,0058,Terra,MODIS,57,6.2,290.1,40,D,0
-14.1483,130.6498,316.3,4.2,1.9,2014-07-02,0058,Terra,MODIS,75,6.2,294.1,95.1,D,0
-12.3777,132.8996,315.1,3.1,1.7,2014-07-02,0058,Terra,MODIS,50,6.2,291.9,50.8,D,0
-12.3789,132.9053,311.5,3.1,1.7,2014-07-02,0058,Terra,MODIS,62,6.2,291.7,39.6,D,0
-15.0832,131.0018,308.7,3.8,1.8,2014-07-02,0058,Terra,MODIS,63,6.2,295.8,40.5,D,0
-15.0869,130.9723,307.9,3.8,1.8,2014-07-02,0058,Terra,MODIS,61,6.2,294.9,35,D,0
-14.0396,129.992,322.8,4.7,2,2014-07-02,0058,Terra,MODIS,81,6.2,293.6,177.2,D,0
-14.0384,129.9866,320.5,4.7,2,2014-07-02,0058,Terra,MODIS,79,6.2,293.4,156.6,D,0
-15.0934,131.0073,307,3.8,1.8,2014-07-02,0058,Terra,MODIS,57,6.2,294.6,33,D,0
-14.0469,130.0292,305.2,4.7,2,2014-07-02,0058,Terra,MODIS,55,6.2,293.6,41.7,D,0
-17.1183,139.0608,314,1,1,2014-07-02,0059,Terra,MODIS,31,6.2,296.2,8.1,D,0
-17.1168,139.0511,315.1,1,1,2014-07-02,0059,Terra,MODIS,47,6.2,297.6,9.4,D,0
-17.1616,139.0476,316.6,1,1,2014-07-02,0059,Terra,MODIS,46,6.2,297.1,10.5,D,0
-17.0938,139.0846,313.5,1,1,2014-07-02,0059,Terra,MODIS,58,6.2,295.2,8.7,D,0
-17.1708,139.0461,345.8,1,1,2014-07-02,0059,Terra,MODIS,94,6.2,297.5,52.7,D,0
-17.1723,139.0558,321.8,1,1,2014-07-02,0059,Terra,MODIS,78,6.2,296.4,16.2,D,0
-17.13,138.7212,344.7,1.1,1,2014-07-02,0059,Terra,MODIS,93,6.2,299.2,52.3,D,0
-17.1562,138.7067,311.9,1.1,1,2014-07-02,0059,Terra,MODIS,65,6.2,296.6,7.6,D,0
-17.1803,138.6962,319,1.1,1,2014-07-02,0059,Terra,MODIS,75,6.2,297.4,14.1,D,0
-17.1819,138.7061,314.6,1.1,1,2014-07-02,0059,Terra,MODIS,69,6.2,297.4,9.9,D,0
-17.208,138.6916,349.1,1.1,1,2014-07-02,0059,Terra,MODIS,95,6.2,301,60.9,D,0
-17.2173,138.6901,355.9,1.1,1,2014-07-02,0059,Terra,MODIS,98,6.2,300.9,77.6,D,0
-17.245,138.6855,317.8,1.1,1,2014-07-02,0059,Terra,MODIS,50,6.2,297.8,11.6,D,0
-17.2509,138.6785,321.7,1.1,1,2014-07-02,0059,Terra,MODIS,45,6.2,297.8,15.3,D,0
-17.2525,138.6884,326.1,1.1,1,2014-07-02,0059,Terra,MODIS,65,6.2,298.6,20.4,D,0
-17.2601,138.6769,337.3,1.1,1,2014-07-02,0059,Terra,MODIS,89,6.2,299.6,36.4,D,0
-17.2617,138.6868,330.1,1.1,1,2014-07-02,0059,Terra,MODIS,65,6.2,299.3,25.3,D,0
-17.2358,138.687,332.2,1.1,1,2014-07-02,0059,Terra,MODIS,77,6.2,298.5,28.1,D,0
-17.2709,138.6853,323.3,1.1,1,2014-07-02,0059,Terra,MODIS,45,6.2,299.3,16.9,D,0
-17.2786,138.6739,335.9,1.1,1,2014-07-02,0059,Terra,MODIS,60,6.2,299.5,32.9,D,0
-17.2879,138.6723,349.8,1.1,1,2014-07-02,0059,Terra,MODIS,95,6.2,301,61.2,D,0
-17.2971,138.6708,355.6,1.1,1,2014-07-02,0059,Terra,MODIS,98,6.2,300.2,77.2,D,0
-17.2986,138.6807,320.9,1.1,1,2014-07-02,0059,Terra,MODIS,77,6.2,298.1,15.1,D,0
-17.2096,138.7015,318.5,1.1,1,2014-07-02,0059,Terra,MODIS,63,6.2,297.9,12.5,D,0
-17.2188,138.7,316.7,1.1,1,2014-07-02,0059,Terra,MODIS,51,6.2,298.1,10.6,D,0
-17.4749,138.6898,331.7,1.1,1,2014-07-02,0059,Terra,MODIS,85,6.2,299.8,28.3,D,0
-17.4734,138.6799,311.9,1.1,1,2014-07-02,0059,Terra,MODIS,33,6.2,296.9,6.3,D,0
-17.1285,138.7112,338.4,1.1,1,2014-07-02,0059,Terra,MODIS,90,6.2,298,40.4,D,0
-17.0854,138.7387,307.2,1.1,1,2014-07-02,0059,Terra,MODIS,52,6.2,296,4.7,D,0
-17.7155,138.6411,309,1.1,1,2014-07-02,0059,Terra,MODIS,54,6.2,298.5,4.6,D,0
-17.2671,139.0735,335.8,1,1,2014-07-02,0059,Terra,MODIS,52,6.2,300,30.8,D,0
-17.2959,139.0788,322,1,1,2014-07-02,0059,Terra,MODIS,35,6.2,298.3,14.3,D,0
-17.2974,139.0884,321.7,1,1,2014-07-02,0059,Terra,MODIS,31,6.2,298.2,13.9,D,0
-17.3226,139.0782,321.2,1,1,2014-07-02,0059,Terra,MODIS,60,6.2,299.1,14.3,D,0
-17.3241,139.0879,326.3,1,1,2014-07-02,0059,Terra,MODIS,82,6.2,299.7,20,D,0
-17.353,139.0931,347.1,1,1,2014-07-02,0059,Terra,MODIS,94,6.2,299.7,53.2,D,0
-17.3332,139.0864,323,1,1,2014-07-02,0059,Terra,MODIS,68,6.2,299.5,16,D,0
-17.3979,139.0298,314.5,1,1,2014-07-02,0059,Terra,MODIS,29,6.2,299.7,7.8,D,0
-17.3994,139.0394,320.9,1,1,2014-07-02,0059,Terra,MODIS,76,6.2,299.8,14,D,0
-17.4026,138.9394,313.1,1,1,2014-07-02,0059,Terra,MODIS,37,6.2,300.3,6.5,D,0
-17.3949,138.9506,316.3,1,1,2014-07-02,0059,Terra,MODIS,51,6.2,300.1,9.6,D,0
-17.4041,138.9491,316.6,1,1,2014-07-02,0059,Terra,MODIS,71,6.2,300.2,9.6,D,0
-17.4116,138.9977,310.7,1,1,2014-07-02,0059,Terra,MODIS,58,6.2,298.9,5.6,D,0
-17.4131,139.0074,325.7,1,1,2014-07-02,0059,Terra,MODIS,81,6.2,300.3,19.3,D,0
-17.4072,138.9086,313.9,1,1,2014-07-02,0059,Terra,MODIS,51,6.2,300.2,7.5,D,0
-17.4225,138.8861,311.6,1,1,2014-07-02,0059,Terra,MODIS,38,6.2,299.1,5.8,D,0
-17.4257,138.8454,318.2,1,1,2014-07-02,0059,Terra,MODIS,73,6.2,298,12.2,D,0
-17.4335,138.7737,316.1,1.1,1,2014-07-02,0059,Terra,MODIS,21,6.2,298.7,9.4,D,0
-17.4857,138.6982,342.8,1.1,1,2014-07-02,0059,Terra,MODIS,92,6.2,300.6,45.6,D,0
-17.4841,138.6273,320.1,1.1,1,2014-07-02,0059,Terra,MODIS,39,6.2,297.7,13.8,D,0
-17.4934,138.6257,330.7,1.1,1,2014-07-02,0059,Terra,MODIS,85,6.2,298.4,26.8,D,0
-17.5252,138.6037,307.2,1.1,1,2014-07-02,0059,Terra,MODIS,41,6.2,296.7,4.4,D,0
-17.5267,138.6137,310.5,1.1,1,2014-07-02,0059,Terra,MODIS,59,6.2,298.3,6.8,D,0
-17.4872,138.7081,332.5,1.1,1,2014-07-02,0059,Terra,MODIS,86,6.2,302.4,27.4,D,0
-17.4964,138.7066,338,1.1,1,2014-07-02,0059,Terra,MODIS,89,6.2,300.8,37.5,D,0
-19.7071,147.0073,306.1,2.4,1.5,2014-07-02,0059,Terra,MODIS,52,6.2,292.8,12.9,D,0
-19.701,147.0014,309.2,2.4,1.5,2014-07-02,0059,Terra,MODIS,59,6.2,292.8,18.9,D,0
-17.78,138.6303,314.8,1.1,1,2014-07-02,0059,Terra,MODIS,42,6.2,299.3,6.7,D,0
-17.2012,139.061,320.2,1,1,2014-07-02,0059,Terra,MODIS,62,6.2,296.7,14.2,D,0
-17.2103,139.0595,319.6,1,1,2014-07-02,0059,Terra,MODIS,46,6.2,297,13.3,D,0
-17.2184,139.0616,326.3,1,1,2014-07-02,0059,Terra,MODIS,71,6.2,299,20.1,D,0
-17.2276,139.0602,333,1,1,2014-07-02,0059,Terra,MODIS,76,6.2,299,28.3,D,0
-17.2367,139.0587,332.7,1,1,2014-07-02,0059,Terra,MODIS,52,6.2,298.3,27.3,D,0
-17.2473,139.0668,329,1,1,2014-07-02,0059,Terra,MODIS,36,6.2,299.2,22.2,D,0
-17.2565,139.0654,356.1,1,1,2014-07-02,0059,Terra,MODIS,98,6.2,301.7,73.6,D,0
-25.3645,131.1285,323.3,2.2,1.4,2014-07-02,0101,Terra,MODIS,82,6.2,287.8,65.7,D,0
-25.3543,131.1368,325.5,2.2,1.4,2014-07-02,0101,Terra,MODIS,61,6.2,288.6,67.7,D,0
-25.3672,131.1338,327.8,2.2,1.4,2014-07-02,0101,Terra,MODIS,80,6.2,287.8,77.1,D,0
-25.3689,131.1503,323.3,2.2,1.4,2014-07-02,0101,Terra,MODIS,82,6.2,288.2,65.4,D,0
-31.8889,145.8454,308,2.8,1.6,2014-07-02,0102,Terra,MODIS,66,6.2,287.2,41.9,D,0
-31.8899,145.8383,307.5,2.8,1.6,2014-07-02,0102,Terra,MODIS,65,6.2,287,40.8,D,0
-14.9124,126.0928,310.9,4.1,1.9,2014-07-02,0236,Terra,MODIS,43,6.2,297.1,43.1,D,0
-14.9167,126.0871,310.2,4.1,1.9,2014-07-02,0236,Terra,MODIS,32,6.2,297.4,39.5,D,0
-15.9297,126.355,315.5,4.4,1.9,2014-07-02,0237,Terra,MODIS,71,6.2,297.8,79.8,D,0
-15.931,126.348,311.9,4.4,1.9,2014-07-02,0237,Terra,MODIS,52,6.2,297.3,55.8,D,0
-16.437,122.9574,324.3,2.4,1.5,2014-07-02,0237,Terra,MODIS,76,6.2,300.4,65.3,D,0
-17.5951,122.3106,328.5,2.3,1.5,2014-07-02,0237,Terra,MODIS,73,6.2,301.9,65.7,D,0
-17.5928,122.2895,328.1,2.3,1.5,2014-07-02,0237,Terra,MODIS,74,6.2,302.1,65.4,D,0
-17.5905,122.2684,316.8,2.3,1.5,2014-07-02,0237,Terra,MODIS,52,6.2,299.9,29.9,D,0
-17.5843,122.3333,317.6,2.3,1.5,2014-07-02,0237,Terra,MODIS,33,6.2,302.1,29.9,D,0
-17.5797,122.2909,327.3,2.3,1.5,2014-07-02,0237,Terra,MODIS,55,6.2,303.8,57.8,D,0
-17.5774,122.2698,338.4,2.3,1.5,2014-07-02,0237,Terra,MODIS,89,6.2,303.8,109.7,D,0
-17.5776,122.2543,316.1,2.2,1.5,2014-07-02,0237,Terra,MODIS,25,6.2,300.8,25.9,D,0
-17.5801,122.2752,346,2.3,1.5,2014-07-02,0237,Terra,MODIS,94,6.2,304.3,150.3,D,0
-17.5957,122.2949,331.8,2.3,1.5,2014-07-02,0237,Terra,MODIS,47,6.2,301.3,74,D,0
-20.058,125.5946,310.4,4.3,1.9,2014-07-02,0238,Terra,MODIS,37,6.2,298.6,39.6,D,0
-21.8145,118.8187,311.8,1.5,1.2,2014-07-02,0238,Terra,MODIS,61,6.2,298.7,9.3,D,0
-21.8037,118.8202,315.4,1.5,1.2,2014-07-02,0238,Terra,MODIS,70,6.2,299.2,14.4,D,0
-21.7496,118.6443,316.8,1.4,1.2,2014-07-02,0238,Terra,MODIS,72,6.2,299.3,15.6,D,0
-21.7513,118.658,326,1.4,1.2,2014-07-02,0238,Terra,MODIS,81,6.2,300.4,31.4,D,0
-20.5048,118.44,318.5,1.3,1.1,2014-07-02,0238,Terra,MODIS,70,6.2,302.1,13.3,D,0
-21.2853,118.85,310,1.4,1.2,2014-07-02,0238,Terra,MODIS,55,6.2,299.2,7.2,D,0
-21.1169,118.7873,328.2,1.4,1.2,2014-07-02,0238,Terra,MODIS,82,6.2,301,36.2,D,0
-21.1275,118.7859,309.5,1.4,1.2,2014-07-02,0238,Terra,MODIS,49,6.2,298.8,6.8,D,0
-20.7482,119.6159,324.6,1.6,1.2,2014-07-02,0238,Terra,MODIS,71,6.2,301.3,30.1,D,0
-20.75,119.6313,329.2,1.6,1.2,2014-07-02,0238,Terra,MODIS,83,6.2,302.2,40.5,D,0
-20.7594,119.6145,324.1,1.6,1.2,2014-07-02,0238,Terra,MODIS,78,6.2,299.4,30.9,D,0
-20.7612,119.6298,323.4,1.6,1.2,2014-07-02,0238,Terra,MODIS,77,6.2,300.2,29.4,D,0
-21.2177,118.8655,311.8,1.4,1.2,2014-07-02,0238,Terra,MODIS,50,6.2,300.8,8.6,D,0
-21.2301,118.878,312.4,1.4,1.2,2014-07-02,0238,Terra,MODIS,55,6.2,300.4,9.9,D,0
-21.282,118.8569,314.5,1.4,1.2,2014-07-02,0238,Terra,MODIS,66,6.2,299.6,12,D,0
-21.874,116.4631,336.6,1.1,1,2014-07-02,0239,Terra,MODIS,89,6.2,297.4,36.9,D,0
-21.8646,116.4646,342.9,1.1,1,2014-07-02,0239,Terra,MODIS,92,6.2,297.1,48.7,D,0
-21.8632,116.454,326.6,1.1,1,2014-07-02,0239,Terra,MODIS,82,6.2,294.8,21.7,D,0
-21.8538,116.4554,332.7,1.1,1,2014-07-02,0239,Terra,MODIS,86,6.2,294.6,31.5,D,0
-21.8552,116.466,323.3,1.1,1,2014-07-02,0239,Terra,MODIS,79,6.2,294.3,18.4,D,0
-31.8895,149.7187,313.5,1.3,1.1,2014-07-02,0341,Aqua,MODIS,74,6.2,289.7,19.1,D,0
-31.7085,150.2364,301.4,1.2,1.1,2014-07-02,0341,Aqua,MODIS,42,6.2,289.9,5.3,D,0
-34.8231,150.6564,302.4,1.3,1.1,2014-07-02,0341,Aqua,MODIS,52,6.2,289.5,7,D,0
-31.7084,150.243,300.4,1.2,1.1,2014-07-02,0341,Aqua,MODIS,30,6.2,290.4,4.9,D,0
-34.5782,144.734,301.2,2.9,1.6,2014-07-02,0341,Aqua,MODIS,30,6.2,288.3,16.4,D,0
-34.8247,150.6425,304.9,1.3,1.1,2014-07-02,0341,Aqua,MODIS,60,6.2,290,9.1,D,0
-34.5931,144.7354,311.3,2.9,1.6,2014-07-02,0341,Aqua,MODIS,71,6.2,288.6,47.3,D,0
-34.4618,150.8829,310.3,1.2,1.1,2014-07-02,0341,Aqua,MODIS,53,6.2,292.9,10.3,D,0
-34.5928,144.7281,312.8,2.9,1.6,2014-07-02,0341,Aqua,MODIS,73,6.2,288.8,50.1,D,0
-34.4632,150.8777,309.8,1.2,1.1,2014-07-02,0341,Aqua,MODIS,33,6.2,293.6,9.8,D,2
-31.3852,152.8693,300.7,1,1,2014-07-02,0341,Aqua,MODIS,41,6.2,289.7,4.4,D,0
-31.6646,151.1792,304.7,1.1,1.1,2014-07-02,0341,Aqua,MODIS,60,6.2,286.6,9.9,D,0
-31.1521,151.5293,305.7,1.1,1,2014-07-02,0342,Aqua,MODIS,62,6.2,288.3,8.3,D,0
-30.7149,152.6072,307.9,1,1,2014-07-02,0342,Aqua,MODIS,66,6.2,288.7,8.7,D,0
-30.7163,152.5967,304.5,1,1,2014-07-02,0342,Aqua,MODIS,59,6.2,289.1,6.7,D,0
-30.335,152.9619,304.2,1,1,2014-07-02,0342,Aqua,MODIS,58,6.2,287.1,7.4,D,0
-30.3364,152.9515,309.7,1,1,2014-07-02,0342,Aqua,MODIS,69,6.2,287,11.2,D,0
-30.3156,152.6375,321.9,1,1,2014-07-02,0342,Aqua,MODIS,81,6.2,287.7,21.2,D,0
-30.5984,151.9743,302.8,1,1,2014-07-02,0342,Aqua,MODIS,50,6.2,286.9,6.5,D,0
-30.1711,153.0732,303.5,1,1,2014-07-02,0342,Aqua,MODIS,56,6.2,288.2,5.9,D,0
-28.7996,150.0288,317.2,1.2,1.1,2014-07-02,0342,Aqua,MODIS,76,6.2,296.2,14.9,D,0
-29.995,149.6367,304.8,1.3,1.1,2014-07-02,0342,Aqua,MODIS,42,6.2,294.5,5.1,D,0
-29.9935,149.6497,315.4,1.3,1.1,2014-07-02,0342,Aqua,MODIS,75,6.2,293.6,16.2,D,0
-29.8402,151.9577,301.4,1,1,2014-07-02,0342,Aqua,MODIS,47,6.2,289.3,5.2,D,0
-27.8491,151.3425,326.3,1,1,2014-07-02,0342,Aqua,MODIS,83,6.2,298.9,21,D,0
-28.2802,151.9591,314,1,1,2014-07-02,0342,Aqua,MODIS,74,6.2,293.4,11.2,D,0
-29.4635,151.063,309.1,1.1,1,2014-07-02,0342,Aqua,MODIS,68,6.2,292,8.6,D,0
-30.2123,149.4262,309.4,1.3,1.1,2014-07-02,0342,Aqua,MODIS,68,6.2,293.7,11,D,0
-29.5946,151.934,306.8,1,1,2014-07-02,0342,Aqua,MODIS,64,6.2,291.5,7.3,D,0
-27.8506,151.3321,309.5,1,1,2014-07-02,0342,Aqua,MODIS,65,6.2,297,4.9,D,0
-29.596,151.9234,300.4,1,1,2014-07-02,0342,Aqua,MODIS,37,6.2,289.8,3.5,D,0
-27.9409,149.6801,304.1,1.2,1.1,2014-07-02,0342,Aqua,MODIS,52,6.2,293.8,4.1,D,0
-29.9937,152.0409,300.1,1,1,2014-07-02,0342,Aqua,MODIS,19,6.2,288.7,4,D,0
-31.5562,147.7005,301.2,1.7,1.3,2014-07-02,0342,Aqua,MODIS,45,6.2,290.1,9.1,D,0
-30.2107,149.4397,312.8,1.3,1.1,2014-07-02,0342,Aqua,MODIS,73,6.2,295.4,14.5,D,0
-27.84,151.341,309.2,1,1,2014-07-02,0342,Aqua,MODIS,64,6.2,298.1,4.8,D,0
-28.3453,153.4254,306.1,1,1,2014-07-02,0342,Aqua,MODIS,60,6.2,294.2,6,D,0
-27.8908,153.0141,330.6,1,1,2014-07-02,0342,Aqua,MODIS,86,6.2,295.5,28,D,0
-28.8435,152.5244,303.6,1,1,2014-07-02,0342,Aqua,MODIS,53,6.2,292.3,4.7,D,0
-28.2018,148.4826,309.6,1.4,1.2,2014-07-02,0342,Aqua,MODIS,65,6.2,294.8,10.1,D,0
-29.6463,152.7561,303.3,1,1,2014-07-02,0342,Aqua,MODIS,54,6.2,291.2,4.9,D,0
-29.5429,153.2925,303.7,1,1,2014-07-02,0342,Aqua,MODIS,57,6.2,291.8,5.6,D,0
-28.2276,148.809,312.5,1.3,1.1,2014-07-02,0342,Aqua,MODIS,67,6.2,295.6,10.8,D,0
-29.1365,152.9194,306.2,1,1,2014-07-02,0342,Aqua,MODIS,62,6.2,291.2,6.3,D,0
-28.2257,148.8017,316.5,1.3,1.1,2014-07-02,0342,Aqua,MODIS,74,6.2,296.8,15.5,D,0
-27.629,153.1654,320.4,1,1,2014-07-02,0342,Aqua,MODIS,79,6.2,293.1,16.6,D,0
-28.9798,153.1791,307.2,1,1,2014-07-02,0342,Aqua,MODIS,65,6.2,290.2,7.4,D,0
-28.9813,153.1688,306.9,1,1,2014-07-02,0342,Aqua,MODIS,64,6.2,291.1,7.4,D,0
-29.3731,148.1682,304.1,1.5,1.2,2014-07-02,0342,Aqua,MODIS,47,6.2,293.9,5.6,D,0
-28.5011,150.5591,306.7,1.1,1,2014-07-02,0342,Aqua,MODIS,61,6.2,294.6,5.7,D,0
-31.8919,145.8313,309,2.3,1.5,2014-07-02,0342,Aqua,MODIS,68,6.2,291.6,28.3,D,0
-27.8923,153.004,306.7,1,1,2014-07-02,0342,Aqua,MODIS,60,6.2,295.9,5.3,D,0
-28.853,152.5222,305,1,1,2014-07-02,0342,Aqua,MODIS,58,6.2,289.9,5.4,D,0
-27.6275,153.1756,311.6,1,1,2014-07-02,0342,Aqua,MODIS,69,6.2,292,9.3,D,0
-29.7869,152.8741,314.8,1,1,2014-07-02,0342,Aqua,MODIS,75,6.2,293.8,11.7,D,0
-28.2292,148.7955,310.6,1.3,1.1,2014-07-02,0342,Aqua,MODIS,50,6.2,296.4,8.7,D,0
-25.2045,151.6233,317.2,1,1,2014-07-02,0343,Aqua,MODIS,75,6.2,295.8,11.4,D,0
-24.7335,151.8306,320.8,1,1,2014-07-02,0343,Aqua,MODIS,72,6.2,299.4,14.2,D,0
-24.7245,151.8291,322.3,1,1,2014-07-02,0343,Aqua,MODIS,80,6.2,300.6,15.9,D,0
-25.2031,151.6331,314.3,1,1,2014-07-02,0343,Aqua,MODIS,71,6.2,296.4,9.1,D,0
-24.7259,151.8192,318.3,1,1,2014-07-02,0343,Aqua,MODIS,74,6.2,299.6,12.1,D,0
-26.3245,151.9495,314,1,1,2014-07-02,0343,Aqua,MODIS,73,6.2,292.5,10.8,D,0
-26.3515,151.9543,308.7,1,1,2014-07-02,0343,Aqua,MODIS,56,6.2,293,6.3,D,0
-26.9084,152.4987,320.4,1,1,2014-07-02,0343,Aqua,MODIS,79,6.2,295.7,17,D,0
-25.8105,152.6419,328.9,1,1,2014-07-02,0343,Aqua,MODIS,85,6.2,297.8,26.2,D,0
-25.812,152.6318,309.3,1,1,2014-07-02,0343,Aqua,MODIS,65,6.2,295.2,7.3,D,0
-26.7836,151.6908,303.6,1,1,2014-07-02,0343,Aqua,MODIS,51,6.2,293.6,3,D,0
-26.2589,152.7244,303.1,1,1,2014-07-02,0343,Aqua,MODIS,18,6.2,292.5,3.1,D,0
-26.2499,152.7227,304.4,1,1,2014-07-02,0343,Aqua,MODIS,41,6.2,292.6,4,D,0
-26.2419,152.7145,305.5,1,1,2014-07-02,0343,Aqua,MODIS,55,6.2,293.1,5.1,D,0
-27.4146,151.2378,320.9,1,1,2014-07-02,0343,Aqua,MODIS,79,6.2,298.4,15,D,0
-25.2696,152.6916,317.5,1,1,2014-07-02,0343,Aqua,MODIS,75,6.2,295.1,14.3,D,0
-25.2711,152.6816,316.9,1,1,2014-07-02,0343,Aqua,MODIS,74,6.2,294.1,13.7,D,0
-27.2404,148.6444,306.4,1.3,1.1,2014-07-02,0343,Aqua,MODIS,54,6.2,295.7,6.2,D,0
-25.1903,149.0814,319.7,1.2,1.1,2014-07-02,0343,Aqua,MODIS,78,6.2,294.6,19.4,D,0
-25.2015,149.0713,311.3,1.2,1.1,2014-07-02,0343,Aqua,MODIS,55,6.2,293,10.7,D,0
-27.3979,152.864,305.9,1,1,2014-07-02,0343,Aqua,MODIS,56,6.2,295.2,5.2,D,0
-26.35,151.9643,304.6,1,1,2014-07-02,0343,Aqua,MODIS,19,6.2,292.2,3.8,D,0
-24.7365,147.0945,317.2,1.5,1.2,2014-07-02,0343,Aqua,MODIS,36,6.2,294.3,21.1,D,0
-24.7533,147.1423,314.4,1.5,1.2,2014-07-02,0343,Aqua,MODIS,33,6.2,297.1,15.7,D,0
-26.68,152.0988,309.8,1,1,2014-07-02,0343,Aqua,MODIS,67,6.2,293.4,9,D,0
-25.6666,152.8095,317.7,1,1,2014-07-02,0343,Aqua,MODIS,50,6.2,291,13.3,D,0
-25.6681,152.7995,364.3,1,1,2014-07-02,0343,Aqua,MODIS,100,6.2,294.5,97.9,D,0
-25.6576,152.8079,365.9,1,1,2014-07-02,0343,Aqua,MODIS,100,6.2,295,102.1,D,0
-25.6591,152.7978,390,1,1,2014-07-02,0343,Aqua,MODIS,100,6.2,300.8,199.2,D,0
-25.65,152.7961,343,1,1,2014-07-02,0343,Aqua,MODIS,93,6.2,289.5,46.7,D,0
-18.8458,145.8059,314.9,1.5,1.2,2014-07-02,0345,Aqua,MODIS,70,6.2,292.1,21.8,D,0
-15.1557,142.9777,312.4,2.2,1.4,2014-07-02,0346,Aqua,MODIS,36,6.2,298.4,14.8,D,0
-15.9041,143.1221,320.3,2.2,1.4,2014-07-02,0346,Aqua,MODIS,76,6.2,294.8,39.6,D,0
-15.124,142.9114,316.8,2.2,1.4,2014-07-02,0346,Aqua,MODIS,72,6.2,298.7,28.8,D,0
-15.9064,143.1015,310.4,2.2,1.4,2014-07-02,0346,Aqua,MODIS,50,6.2,294.6,14.1,D,0
-16.3555,144.7031,315.9,1.7,1.3,2014-07-02,0346,Aqua,MODIS,68,6.2,298.1,22.1,D,0
-15.1534,142.9826,315.1,2.2,1.4,2014-07-02,0346,Aqua,MODIS,70,6.2,298.7,24,D,0
-14.3165,142.9225,310.7,2.2,1.4,2014-07-02,0346,Aqua,MODIS,46,6.2,294.2,19.6,D,0
-15.1265,142.8906,311.4,2.2,1.4,2014-07-02,0346,Aqua,MODIS,57,6.2,296.6,15.9,D,0
-15.9053,142.9958,318.1,2.3,1.5,2014-07-02,0346,Aqua,MODIS,73,6.2,296,38.2,D,0
-17.3255,139.015,313.4,4.7,2,2014-07-02,0346,Aqua,MODIS,33,6.2,297.6,68.5,D,0
-17.3198,139.0627,323.4,4.7,2,2014-07-02,0346,Aqua,MODIS,41,6.2,299.4,140.9,D,0
-17.3215,139.0591,324.9,4.7,2,2014-07-02,0346,Aqua,MODIS,78,6.2,299.3,167.9,D,0
-17.2685,139.0466,315.5,4.7,2,2014-07-02,0346,Aqua,MODIS,30,6.2,297.7,87.3,D,0
-16.9922,144.8109,317.4,1.7,1.3,2014-07-02,0346,Aqua,MODIS,72,6.2,298.2,24.4,D,0
-12.6345,142.2039,314.2,2.3,1.5,2014-07-02,0347,Aqua,MODIS,56,6.2,295.7,32.2,D,0
-12.494,142.3025,317.6,2.3,1.5,2014-07-02,0347,Aqua,MODIS,56,6.2,296.6,38.1,D,0
-12.7729,142.5682,313.9,2.2,1.4,2014-07-02,0347,Aqua,MODIS,67,6.2,290.2,27.9,D,0
-12.0756,141.8558,314.9,2.4,1.5,2014-07-02,0347,Aqua,MODIS,52,6.2,296.3,30.8,D,0
-30.8732,121.4854,307.1,2.1,1.4,2014-07-02,0521,Aqua,MODIS,57,6.2,296.8,12.3,D,2
-25.3784,131.11,323.7,1.3,1.1,2014-07-02,0522,Aqua,MODIS,55,6.2,296.7,24,D,0
-25.2956,131.1837,310.9,1.4,1.2,2014-07-02,0522,Aqua,MODIS,55,6.2,297.9,8.7,D,0
-25.3659,131.1211,321.9,1.3,1.1,2014-07-02,0522,Aqua,MODIS,36,6.2,296.9,20.6,D,0
-25.3337,131.1833,331.8,1.4,1.2,2014-07-02,0522,Aqua,MODIS,86,6.2,298.4,40,D,0
-25.3369,131.1924,326.3,1.4,1.2,2014-07-02,0522,Aqua,MODIS,61,6.2,298.6,28.2,D,0
-25.3481,131.1257,314.2,1.3,1.1,2014-07-02,0522,Aqua,MODIS,54,6.2,296.3,12,D,0
-25.3314,131.1967,324.1,1.4,1.2,2014-07-02,0522,Aqua,MODIS,71,6.2,298.6,25.4,D,0
-25.3298,131.1082,314.7,1.3,1.1,2014-07-02,0522,Aqua,MODIS,29,6.2,296.5,11.9,D,0
-25.3266,131.1903,324.1,1.4,1.2,2014-07-02,0522,Aqua,MODIS,70,6.2,298.5,25.3,D,0
-25.3503,131.1125,323.9,1.3,1.1,2014-07-02,0522,Aqua,MODIS,79,6.2,296.9,26.2,D,0
-25.3556,131.1189,338.1,1.3,1.1,2014-07-02,0522,Aqua,MODIS,68,6.2,297.6,50.7,D,0
-25.3762,131.1232,330.3,1.3,1.1,2014-07-02,0522,Aqua,MODIS,85,6.2,298.1,36.5,D,0
-22.5816,131.5157,325.5,1.6,1.2,2014-07-02,0523,Aqua,MODIS,80,6.2,299.1,38.2,D,0
-22.5843,131.5004,320.4,1.6,1.2,2014-07-02,0523,Aqua,MODIS,75,6.2,298.4,27.3,D,0
-21.8337,118.8203,329,2.5,1.5,2014-07-02,0523,Aqua,MODIS,82,6.2,302.6,79.5,D,0
-21.8276,118.8149,332.3,2.5,1.5,2014-07-02,0523,Aqua,MODIS,85,6.2,302.7,93.8,D,0
-21.8138,118.8134,340.4,2.5,1.5,2014-07-02,0523,Aqua,MODIS,90,6.2,303.2,138.1,D,0
-21.8001,118.8117,320.4,2.5,1.5,2014-07-02,0523,Aqua,MODIS,73,6.2,303.4,41.8,D,0
-21.7591,118.6593,316.1,2.5,1.5,2014-07-02,0523,Aqua,MODIS,58,6.2,304.3,23.1,D,0
-21.753,118.6514,320.6,2.5,1.5,2014-07-02,0523,Aqua,MODIS,73,6.2,304,42.3,D,0
-21.1273,118.7872,314.3,2.4,1.5,2014-07-02,0523,Aqua,MODIS,57,6.2,303.6,20.4,D,0
-20.7587,119.6264,319.1,2.1,1.4,2014-07-02,0523,Aqua,MODIS,35,6.2,305.8,23.4,D,0
-20.7607,119.6063,317,2.1,1.4,2014-07-02,0523,Aqua,MODIS,24,6.2,303.4,19,D,0
-20.7581,119.6194,324,2.1,1.4,2014-07-02,0523,Aqua,MODIS,75,6.2,305.7,39,D,0
-20.0608,125.6044,328.7,1,1,2014-07-02,0523,Aqua,MODIS,78,6.2,306.3,16.5,D,0
-20.0788,125.6073,317.1,1,1,2014-07-02,0523,Aqua,MODIS,28,6.2,304.1,5.6,D,0
-20.0801,125.5978,321.9,1,1,2014-07-02,0523,Aqua,MODIS,60,6.2,305.7,9.9,D,0
-20.0531,125.5934,329.8,1,1,2014-07-02,0523,Aqua,MODIS,80,6.2,307,18.3,D,0
-20.0698,125.6059,331.3,1,1,2014-07-02,0523,Aqua,MODIS,81,6.2,306.6,20.1,D,0
-17.602,122.2675,341.5,1.3,1.1,2014-07-02,0524,Aqua,MODIS,90,6.2,307.5,50.8,D,0
-17.7126,123.4406,328.4,1.1,1,2014-07-02,0524,Aqua,MODIS,76,6.2,310.1,17.9,D,0
-17.7032,123.4392,325.1,1.1,1,2014-07-02,0524,Aqua,MODIS,51,6.2,307.1,12.3,D,0
-17.6858,123.4261,320.3,1.1,1,2014-07-02,0524,Aqua,MODIS,29,6.2,310.1,7.6,D,0
-15.9472,127.8652,323.7,1.2,1.1,2014-07-02,0524,Aqua,MODIS,45,6.2,305.8,15,D,0
-15.949,127.8537,327.3,1.2,1.1,2014-07-02,0524,Aqua,MODIS,71,6.2,305.2,19.9,D,0
-15.9776,127.9289,316.3,1.2,1.1,2014-07-02,0524,Aqua,MODIS,44,6.2,305.4,5.6,D,0
-17.6005,122.2793,324.6,1.2,1.1,2014-07-02,0524,Aqua,MODIS,37,6.2,307.8,16.7,D,0
-18.8235,128.6467,316.1,1.2,1.1,2014-07-02,0524,Aqua,MODIS,61,6.2,304,8.4,D,0
-18.8217,128.6582,330.3,1.2,1.1,2014-07-02,0524,Aqua,MODIS,82,6.2,306.3,28.9,D,0
-17.5944,122.3262,333,1.2,1.1,2014-07-02,0524,Aqua,MODIS,83,6.2,308,31.3,D,0
-18.8272,128.6237,341.9,1.2,1.1,2014-07-02,0524,Aqua,MODIS,91,6.2,306,51.8,D,0
-15.9793,127.9177,319.9,1.2,1.1,2014-07-02,0524,Aqua,MODIS,61,6.2,306.3,9.6,D,0
-17.5929,122.3379,328.8,1.2,1.1,2014-07-02,0524,Aqua,MODIS,76,6.2,305.9,24,D,0
-16.4228,136.3615,317.4,4.8,2,2014-07-02,0524,Aqua,MODIS,59,6.2,298.9,93,D,0
-16.4262,136.3574,318.2,4.8,2,2014-07-02,0524,Aqua,MODIS,62,6.2,298.8,100.4,D,0
-15.7463,129.3174,321.5,1.5,1.2,2014-07-02,0524,Aqua,MODIS,64,6.2,305.6,19.8,D,0
-15.7484,129.3042,318.1,1.5,1.2,2014-07-02,0524,Aqua,MODIS,55,6.2,306.5,13.3,D,0
-15.6769,129.3332,315.4,1.5,1.2,2014-07-02,0524,Aqua,MODIS,26,6.2,303.7,9.1,D,0
-15.268,131.6203,316.6,2.2,1.5,2014-07-02,0524,Aqua,MODIS,21,6.2,304.8,22,D,0
-13.5021,133.2695,315.8,3.2,1.7,2014-07-02,0525,Aqua,MODIS,51,6.2,299.8,38.8,D,0
-13.8869,134.9706,310.6,4.3,1.9,2014-07-02,0525,Aqua,MODIS,32,6.2,292.5,49.2,D,0
-13.8482,135.0121,309.6,4.3,1.9,2014-07-02,0525,Aqua,MODIS,34,6.2,290.4,46.8,D,0
-13.7184,134.6084,322.4,4.1,1.9,2014-07-02,0525,Aqua,MODIS,46,6.2,297.4,95.2,D,0
-13.7208,134.5411,323.6,4,1.9,2014-07-02,0525,Aqua,MODIS,38,6.2,296.5,102.2,D,0
-13.5578,134.4865,320.7,4,1.9,2014-07-02,0525,Aqua,MODIS,49,6.2,295.2,99,D,0
-12.8062,131.1691,315.2,2.3,1.5,2014-07-02,0525,Aqua,MODIS,67,6.2,296.7,23.9,D,0
-13.7139,134.577,332.3,4,1.9,2014-07-02,0525,Aqua,MODIS,62,6.2,298.1,177.3,D,0
-12.7978,131.1625,312.2,2.3,1.5,2014-07-02,0525,Aqua,MODIS,31,6.2,297.1,16.1,D,0
-13.9102,134.471,312.4,3.9,1.8,2014-07-02,0525,Aqua,MODIS,48,6.2,299.4,33.8,D,0
-13.9819,134.4939,313.3,3.9,1.8,2014-07-02,0525,Aqua,MODIS,25,6.2,298.5,36.2,D,0
-13.9752,134.5298,319.4,3.9,1.8,2014-07-02,0525,Aqua,MODIS,71,6.2,299.8,74.7,D,0
-13.9716,134.841,311.1,4.2,1.9,2014-07-02,0525,Aqua,MODIS,24,6.2,296.3,40.2,D,0
-13.5631,134.4958,323,4,1.9,2014-07-02,0525,Aqua,MODIS,58,6.2,296.4,114.2,D,0
-13.9789,134.8029,318.5,4.1,1.9,2014-07-02,0525,Aqua,MODIS,70,6.2,296.3,88.3,D,0
-13.9768,134.7979,315.8,4.1,1.9,2014-07-02,0525,Aqua,MODIS,65,6.2,296,68.4,D,0
-13.4948,134.8255,321,4.3,1.9,2014-07-02,0525,Aqua,MODIS,70,6.2,293.7,114.8,D,0
-13.5437,134.257,311.6,3.8,1.8,2014-07-02,0525,Aqua,MODIS,55,6.2,298.4,39.8,D,0
-13.7212,134.6866,325.2,4.1,1.9,2014-07-02,0525,Aqua,MODIS,77,6.2,297.2,130.7,D,0
-12.3138,132.5734,310.4,3,1.7,2014-07-02,0525,Aqua,MODIS,28,6.2,291.3,24.5,D,0
-13.5484,134.2628,311.7,3.8,1.8,2014-07-02,0525,Aqua,MODIS,55,6.2,298.6,39.6,D,0
-12.6176,132.1564,325,2.8,1.6,2014-07-02,0525,Aqua,MODIS,79,6.2,287.2,84.7,D,0
-14.418,132.6187,316,2.8,1.6,2014-07-02,0525,Aqua,MODIS,64,6.2,300,36.1,D,0
-13.789,132.0202,313.5,2.6,1.5,2014-07-02,0525,Aqua,MODIS,60,6.2,301.5,18.3,D,0
-13.5897,133.911,317.8,3.6,1.8,2014-07-02,0525,Aqua,MODIS,41,6.2,297.5,63.8,D,0
-13.5966,133.9173,317,3.6,1.8,2014-07-02,0525,Aqua,MODIS,32,6.2,298.2,59.7,D,0
-13.481,134.8311,318.7,4.3,1.9,2014-07-02,0525,Aqua,MODIS,38,6.2,293,92.8,D,0
-13.9769,134.7229,314.6,4.1,1.9,2014-07-02,0525,Aqua,MODIS,25,6.2,296.8,55.6,D,0
-14.3758,133.0202,319.1,3,1.6,2014-07-02,0525,Aqua,MODIS,70,6.2,303.1,43.4,D,0
-13.6239,134.8198,317.3,4.2,1.9,2014-07-02,0525,Aqua,MODIS,54,6.2,292.8,84.8,D,0
-13.6253,134.8248,315.4,4.2,1.9,2014-07-02,0525,Aqua,MODIS,43,6.2,293,73.3,D,0
-13.9841,134.6859,315.6,4.1,1.9,2014-07-02,0525,Aqua,MODIS,62,6.2,296.4,63.3,D,0
-13.8455,135.0032,309.3,4.3,1.9,2014-07-02,0525,Aqua,MODIS,36,6.2,290.3,45.4,D,0
-13.9978,134.6844,320.1,4.1,1.9,2014-07-02,0525,Aqua,MODIS,73,6.2,297.4,93,D,0
-12.6161,132.151,323.2,2.8,1.6,2014-07-02,0525,Aqua,MODIS,78,6.2,287.7,76.2,D,0
-14.1309,133.4391,322,3.2,1.7,2014-07-02,0525,Aqua,MODIS,74,6.2,300.6,76.1,D,0
-14.366,132.9901,315.8,3,1.6,2014-07-02,0525,Aqua,MODIS,30,6.2,302.2,29.3,D,0
-13.5918,133.8095,314.7,3.6,1.8,2014-07-02,0525,Aqua,MODIS,18,6.2,297.5,43.1,D,0
-13.5858,133.8424,318.9,3.6,1.8,2014-07-02,0525,Aqua,MODIS,42,6.2,298.1,64.9,D,0
-14.1336,133.4319,324.3,3.2,1.7,2014-07-02,0525,Aqua,MODIS,78,6.2,300.7,89.2,D,0
-13.5013,134.2118,310.3,3.8,1.8,2014-07-02,0525,Aqua,MODIS,45,6.2,296.2,38.9,D,0
-13.9892,134.9199,314.8,4.2,1.9,2014-07-02,0525,Aqua,MODIS,48,6.2,294.4,66,D,0
-13.5562,134.8062,315,4.2,1.9,2014-07-02,0525,Aqua,MODIS,41,6.2,292.9,69.2,D,0
-13.9906,134.9245,313.6,4.2,1.9,2014-07-02,0525,Aqua,MODIS,56,6.2,293.6,63.6,D,0
-13.4778,134.8222,316.2,4.3,1.9,2014-07-02,0525,Aqua,MODIS,46,6.2,291.8,79.8,D,0
-13.7087,134.568,348.5,4,1.9,2014-07-02,0525,Aqua,MODIS,95,6.2,297.9,388.1,D,0
-13.5066,133.2654,313.6,3.2,1.7,2014-07-02,0525,Aqua,MODIS,55,6.2,300.5,31.3,D,0
-14.3886,126.6919,322.6,1.1,1,2014-07-02,0525,Aqua,MODIS,47,6.2,304,11.2,D,0
-14.3777,126.7003,320.2,1.1,1,2014-07-02,0525,Aqua,MODIS,43,6.2,304.8,10,D,0
-13.5297,133.9684,309.8,3.7,1.8,2014-07-02,0525,Aqua,MODIS,42,6.2,298,33.4,D,0
-12.5267,132.2402,313.1,2.8,1.6,2014-07-02,0525,Aqua,MODIS,52,6.2,294.1,30.3,D,0
-12.524,132.232,310.5,2.8,1.6,2014-07-02,0525,Aqua,MODIS,12,6.2,294.7,21.4,D,0
-12.3925,132.5594,320.9,3,1.7,2014-07-02,0525,Aqua,MODIS,19,6.2,293.6,53.4,D,0
-13.543,133.6333,313.4,3.4,1.7,2014-07-02,0525,Aqua,MODIS,25,6.2,297.5,45,D,0
-12.3762,132.561,330.8,3,1.7,2014-07-02,0525,Aqua,MODIS,84,6.2,292.4,112.3,D,0
-13.5325,133.6237,312.9,3.4,1.7,2014-07-02,0525,Aqua,MODIS,59,6.2,296.2,49,D,0
-11.7446,130.9248,310.2,2.3,1.5,2014-07-02,0525,Aqua,MODIS,25,6.2,295.1,17.4,D,0
-12.3778,132.5566,336.9,3,1.7,2014-07-02,0525,Aqua,MODIS,82,6.2,292.5,150.2,D,0
-11.7161,130.9581,313.7,2.3,1.5,2014-07-02,0525,Aqua,MODIS,58,6.2,295.7,26.6,D,0
-13.595,134.9767,308.9,4.3,1.9,2014-07-02,0525,Aqua,MODIS,19,6.2,292.7,37.6,D,0
-12.2054,132.5738,320.3,3,1.7,2014-07-02,0525,Aqua,MODIS,75,6.2,294.6,70,D,0
-11.7482,130.9039,311.3,2.3,1.5,2014-07-02,0525,Aqua,MODIS,48,6.2,295.1,21.5,D,0
-14.3806,132.9931,317.1,3,1.6,2014-07-02,0525,Aqua,MODIS,65,6.2,302.8,35.8,D,0
-12.3909,132.5636,320.1,3,1.7,2014-07-02,0525,Aqua,MODIS,72,6.2,293.6,53.8,D,0
-13.5014,133.2948,312.5,3.3,1.7,2014-07-02,0525,Aqua,MODIS,46,6.2,300,27.4,D,0
-12.2075,132.5693,316.2,3,1.7,2014-07-02,0525,Aqua,MODIS,59,6.2,294.3,46.6,D,0
-12.7078,131.2119,312.9,2.3,1.5,2014-07-02,0525,Aqua,MODIS,36,6.2,297.2,19.1,D,0
-13.5235,134.0017,310.3,3.7,1.8,2014-07-02,0525,Aqua,MODIS,47,6.2,298.3,35.1,D,0
-12.3811,132.5335,341.1,3,1.6,2014-07-02,0525,Aqua,MODIS,91,6.2,293.1,188.4,D,0
-15.5366,127.0115,321,1.1,1.1,2014-07-02,0525,Aqua,MODIS,59,6.2,305.5,11,D,0
-15.5382,127.0011,320.9,1.1,1.1,2014-07-02,0525,Aqua,MODIS,68,6.2,306.3,11.5,D,0
-15.5178,126.9452,317.8,1.1,1,2014-07-02,0525,Aqua,MODIS,61,6.2,306.3,8,D,0
-15.5634,127.154,350.8,1.1,1.1,2014-07-02,0525,Aqua,MODIS,95,6.2,309.7,65.3,D,0
-15.5692,127.151,354.8,1.1,1.1,2014-07-02,0525,Aqua,MODIS,97,6.2,308.1,75.2,D,0
-15.5676,127.1614,341.9,1.1,1.1,2014-07-02,0525,Aqua,MODIS,90,6.2,308.1,43.7,D,0
-15.5787,127.1526,356.7,1.1,1.1,2014-07-02,0525,Aqua,MODIS,98,6.2,308.8,81.5,D,0
-15.5771,127.163,318.6,1.1,1.1,2014-07-02,0525,Aqua,MODIS,45,6.2,305.8,8.1,D,0
-14.2247,132.9218,312.1,3,1.6,2014-07-02,0525,Aqua,MODIS,41,6.2,300.6,24,D,0
-15.5103,126.7722,330,1.1,1,2014-07-02,0525,Aqua,MODIS,81,6.2,305.9,22.9,D,0
-15.5088,126.7822,316.8,1.1,1,2014-07-02,0525,Aqua,MODIS,40,6.2,305.8,6.6,D,0
-15.8464,127.0503,320.8,1.1,1,2014-07-02,0525,Aqua,MODIS,68,6.2,306,12.2,D,0
-13.6989,129.9398,321,1.8,1.3,2014-07-02,0525,Aqua,MODIS,69,6.2,298.6,30.6,D,0
-13.0883,130.2153,320,1.9,1.4,2014-07-02,0525,Aqua,MODIS,74,6.2,288.6,37.5,D,0
-15.886,127.0733,331.5,1.1,1.1,2014-07-02,0525,Aqua,MODIS,82,6.2,303.5,26.4,D,0
-15.8844,127.0836,356.1,1.1,1.1,2014-07-02,0525,Aqua,MODIS,98,6.2,308.9,79.9,D,0
-15.8828,127.0939,323.5,1.1,1.1,2014-07-02,0525,Aqua,MODIS,72,6.2,304.7,15.5,D,0
-15.6597,126.6246,318.1,1.1,1,2014-07-02,0525,Aqua,MODIS,45,6.2,304.5,7.3,D,0
-15.6722,126.6672,324.2,1.1,1,2014-07-02,0525,Aqua,MODIS,74,6.2,306.6,14.8,D,0
-15.6707,126.6772,324.6,1.1,1,2014-07-02,0525,Aqua,MODIS,74,6.2,308.9,15,D,0
-15.9324,126.3498,325.8,1,1,2014-07-02,0525,Aqua,MODIS,64,6.2,306.4,14.5,D,0
-15.5665,128.2016,331.9,1.3,1.1,2014-07-02,0525,Aqua,MODIS,82,6.2,307.9,28,D,0
-15.5684,128.1896,328.5,1.3,1.1,2014-07-02,0525,Aqua,MODIS,76,6.2,308.8,22.3,D,0
-15.5584,128.188,324.5,1.3,1.1,2014-07-02,0525,Aqua,MODIS,51,6.2,309,14.7,D,0
-15.5603,128.1755,333.8,1.3,1.1,2014-07-02,0525,Aqua,MODIS,84,6.2,308.2,31.4,D,0
-15.0913,130.9613,321.6,2,1.4,2014-07-02,0525,Aqua,MODIS,73,6.2,305.3,29.6,D,0
-15.6291,126.7626,320.1,1.1,1,2014-07-02,0525,Aqua,MODIS,67,6.2,305.3,10.6,D,0
-15.6276,126.7726,324.7,1.1,1,2014-07-02,0525,Aqua,MODIS,74,6.2,306.1,16.4,D,0
-15.468,126.6729,317,1.1,1,2014-07-02,0525,Aqua,MODIS,58,6.2,305,8.4,D,0
-15.513,126.6905,321.2,1.1,1,2014-07-02,0525,Aqua,MODIS,69,6.2,303.7,12.2,D,0
-15.5115,126.7005,315.7,1.1,1,2014-07-02,0525,Aqua,MODIS,53,6.2,303.8,6.7,D,0
-13.995,129.9599,321.2,1.8,1.3,2014-07-02,0525,Aqua,MODIS,72,6.2,301.9,28.4,D,0
-13.9815,130.042,321,1.8,1.3,2014-07-02,0525,Aqua,MODIS,73,6.2,300.4,31.4,D,0
-14.0617,130.0464,323.8,1.8,1.3,2014-07-02,0525,Aqua,MODIS,77,6.2,304.9,35.1,D,0
-14.6747,130.0146,331.8,1.7,1.3,2014-07-02,0525,Aqua,MODIS,84,6.2,308.3,43.1,D,0
-14.1472,127.0664,313.3,1.2,1.1,2014-07-02,0525,Aqua,MODIS,32,6.2,277.6,11.3,D,0
-15.6308,126.705,316.2,1.1,1,2014-07-02,0525,Aqua,MODIS,55,6.2,305.3,6.7,D,0
-15.6293,126.715,325.6,1.1,1,2014-07-02,0525,Aqua,MODIS,76,6.2,307.6,16.7,D,0
-15.6278,126.7251,328.4,1.1,1,2014-07-02,0525,Aqua,MODIS,79,6.2,306,20.7,D,0
-15.6264,126.7351,317.9,1.1,1,2014-07-02,0525,Aqua,MODIS,51,6.2,303.7,7.8,D,0
-15.6755,126.7086,360,1.1,1,2014-07-02,0525,Aqua,MODIS,99,6.2,311.1,85.6,D,0
-15.6739,126.7186,322.3,1.1,1,2014-07-02,0525,Aqua,MODIS,71,6.2,307.5,11.9,D,0
-15.6847,126.7102,334.4,1.1,1,2014-07-02,0525,Aqua,MODIS,85,6.2,307,27.5,D,0
-15.6832,126.7202,319.8,1.1,1,2014-07-02,0525,Aqua,MODIS,58,6.2,306.8,8.8,D,0
-14.9217,126.0793,322.8,1,1,2014-07-02,0525,Aqua,MODIS,51,6.2,304,10.4,D,0
-14.9097,126.097,330.4,1,1,2014-07-02,0525,Aqua,MODIS,56,6.2,303.7,20.2,D,0
-14.914,126.0682,326,1,1,2014-07-02,0525,Aqua,MODIS,63,6.2,305.8,13.8,D,0
-13.809,126.9975,315,1.2,1.1,2014-07-02,0525,Aqua,MODIS,49,6.2,288.9,10.1,D,0
-13.7643,126.9685,327.3,1.2,1.1,2014-07-02,0525,Aqua,MODIS,61,6.2,294.2,23.9,D,0
-13.7547,126.9669,312.3,1.2,1.1,2014-07-02,0525,Aqua,MODIS,30,6.2,290.2,7,D,0
-15.8479,127.0401,321.8,1.1,1,2014-07-02,0525,Aqua,MODIS,70,6.2,305.9,13.4,D,0
-15.3937,127.9324,322.2,1.2,1.1,2014-07-02,0525,Aqua,MODIS,54,6.2,308,12.4,D,0
-15.3956,127.9208,332.8,1.2,1.1,2014-07-02,0525,Aqua,MODIS,83,6.2,306.6,30.5,D,0
-15.3485,127.9604,334.9,1.2,1.1,2014-07-02,0525,Aqua,MODIS,66,6.2,308.5,30.4,D,0
-15.7301,126.8881,315.2,1.1,1,2014-07-02,0525,Aqua,MODIS,35,6.2,304.3,5.8,D,0
-15.7395,126.8896,315.1,1.1,1,2014-07-02,0525,Aqua,MODIS,18,6.2,304.5,5.9,D,0
-15.609,126.8937,333,1.1,1,2014-07-02,0525,Aqua,MODIS,83,6.2,306.9,27.4,D,0
-15.6946,126.8352,326.7,1.1,1,2014-07-02,0525,Aqua,MODIS,77,6.2,306,18,D,0
-15.5073,126.7923,316,1.1,1,2014-07-02,0525,Aqua,MODIS,54,6.2,305.4,6.4,D,0
-15.5057,126.8024,321.9,1.1,1,2014-07-02,0525,Aqua,MODIS,70,6.2,305.6,12,D,0
-15.5105,126.8344,320.1,1.1,1,2014-07-02,0525,Aqua,MODIS,64,6.2,306.3,9.7,D,0
-11.7435,130.2464,311.8,2.1,1.4,2014-07-02,0525,Aqua,MODIS,46,6.2,289.7,21.1,D,0
-14.99,126.0606,322.8,1,1,2014-07-02,0525,Aqua,MODIS,39,6.2,304.7,9.4,D,0
-14.9794,126.0688,325.7,1,1,2014-07-02,0525,Aqua,MODIS,40,6.2,305.9,13.2,D,0
-14.9583,126.0851,339.7,1,1,2014-07-02,0525,Aqua,MODIS,88,6.2,306,34.1,D,0
-13.9509,129.9355,322.2,1.8,1.3,2014-07-02,0525,Aqua,MODIS,65,6.2,303.8,27.8,D,0
-14.1488,127.0557,321.2,1.2,1.1,2014-07-02,0525,Aqua,MODIS,73,6.2,274.8,21.2,D,0
-13.1151,130.2986,315.8,2,1.4,2014-07-02,0525,Aqua,MODIS,68,6.2,289.6,28.4,D,0
-13.6519,129.9314,312.5,1.8,1.3,2014-07-02,0525,Aqua,MODIS,26,6.2,299.3,10.3,D,0
-13.9626,129.9375,319.3,1.8,1.3,2014-07-02,0525,Aqua,MODIS,54,6.2,301,20.4,D,0
-15.0877,126.138,320.9,1,1,2014-07-02,0525,Aqua,MODIS,63,6.2,304.6,10.4,D,0
-15.0968,126.1395,317.4,1,1,2014-07-02,0525,Aqua,MODIS,39,6.2,303.4,7,D,0
-13.9547,129.771,313.5,1.7,1.3,2014-07-02,0525,Aqua,MODIS,34,6.2,301.2,15.1,D,0
-15.5429,127.0336,324.8,1.1,1.1,2014-07-02,0525,Aqua,MODIS,75,6.2,306,16,D,0
-15.5382,127.0646,315.5,1.1,1.1,2014-07-02,0525,Aqua,MODIS,51,6.2,304.7,6.6,D,0
-15.5413,127.1076,333.1,1.1,1.1,2014-07-02,0525,Aqua,MODIS,84,6.2,304.1,29.5,D,0
-15.5397,127.118,315.9,1.1,1.1,2014-07-02,0525,Aqua,MODIS,39,6.2,304.3,6.4,D,0
-15.5539,127.1524,318.6,1.1,1.1,2014-07-02,0525,Aqua,MODIS,44,6.2,306.5,8.6,D,0
-15.6246,127.0432,336.2,1.1,1.1,2014-07-02,0525,Aqua,MODIS,86,6.2,306.1,34.2,D,0
-15.623,127.0535,320.9,1.1,1.1,2014-07-02,0525,Aqua,MODIS,68,6.2,305.9,11.8,D,0
-15.6261,127.0966,321.4,1.1,1.1,2014-07-02,0525,Aqua,MODIS,65,6.2,305.7,11.2,D,0
-15.6356,127.0982,327.1,1.1,1.1,2014-07-02,0525,Aqua,MODIS,77,6.2,305,18.3,D,0
-15.634,127.1085,321.6,1.1,1.1,2014-07-02,0525,Aqua,MODIS,66,6.2,307.2,11.1,D,0
-15.4011,127.8858,328.6,1.2,1.1,2014-07-02,0525,Aqua,MODIS,79,6.2,306.4,25.3,D,0
-15.3992,127.8975,336,1.2,1.1,2014-07-02,0525,Aqua,MODIS,86,6.2,307.1,38.1,D,0
-15.3974,127.9091,334.3,1.2,1.1,2014-07-02,0525,Aqua,MODIS,84,6.2,305.2,33.7,D,0
-14.5939,132.7458,338.2,2.8,1.6,2014-07-02,0525,Aqua,MODIS,88,6.2,300.4,151.4,D,0
-14.5985,132.7201,337.5,2.8,1.6,2014-07-02,0525,Aqua,MODIS,88,6.2,301.1,147,D,0
-15.2324,127.5192,320.8,1.2,1.1,2014-07-02,0525,Aqua,MODIS,68,6.2,306.5,11.6,D,0
-13.1129,130.293,314.1,2,1.4,2014-07-02,0525,Aqua,MODIS,65,6.2,289.5,25.4,D,0
-14.9908,127.7625,317.1,1.2,1.1,2014-07-02,0525,Aqua,MODIS,34,6.2,304.4,7.1,D,0
-14.989,127.774,319.1,1.2,1.1,2014-07-02,0525,Aqua,MODIS,57,6.2,304.2,9.7,D,0
-12.3825,132.5292,334.9,3,1.6,2014-07-02,0525,Aqua,MODIS,65,6.2,293,133.8,D,0
-12.3958,132.5365,328.5,3,1.6,2014-07-02,0525,Aqua,MODIS,83,6.2,293.1,98,D,0
-14.1665,129.6226,314.5,1.7,1.3,2014-07-02,0525,Aqua,MODIS,34,6.2,302.2,11.2,D,0
-14.3902,126.6818,326.9,1.1,1,2014-07-02,0525,Aqua,MODIS,78,6.2,305.6,16.2,D,0
-14.0714,129.701,316.4,1.7,1.3,2014-07-02,0525,Aqua,MODIS,64,6.2,303.2,17.5,D,0
-14.1815,130.5993,314.2,2,1.4,2014-07-02,0525,Aqua,MODIS,48,6.2,301,15.2,D,0
-14.1797,130.5937,316.6,2,1.4,2014-07-02,0525,Aqua,MODIS,16,6.2,302.2,18.4,D,0
-14.1771,129.6143,317.4,1.7,1.3,2014-07-02,0525,Aqua,MODIS,65,6.2,303.4,16,D,0
-14.1491,130.6257,319.5,2,1.4,2014-07-02,0525,Aqua,MODIS,57,6.2,302.9,26.2,D,0
-12.0876,134.0203,310,3.9,1.8,2014-07-02,0525,Aqua,MODIS,46,6.2,294.5,35.5,D,0
-12.5938,130.655,315.8,2.1,1.4,2014-07-02,0525,Aqua,MODIS,38,6.2,295,20.7,D,0
-12.5903,130.667,318.2,2.1,1.4,2014-07-02,0525,Aqua,MODIS,72,6.2,296.2,29.5,D,0
-11.9429,133.8389,315.6,3.8,1.8,2014-07-02,0525,Aqua,MODIS,68,6.2,295,66.3,D,0
-12.2423,133.9891,314.3,3.9,1.8,2014-07-02,0525,Aqua,MODIS,59,6.2,295.8,48.9,D,0
-12.1245,134.0318,320.8,3.9,1.8,2014-07-02,0525,Aqua,MODIS,45,6.2,294.5,83,D,0
-13.1739,135.0807,314.1,4.5,2,2014-07-02,0525,Aqua,MODIS,25,6.2,291.7,64,D,0
-13.3166,133.5365,309.9,3.4,1.7,2014-07-02,0525,Aqua,MODIS,45,6.2,296.8,30.2,D,0
-11.9809,133.8775,312.2,3.9,1.8,2014-07-02,0525,Aqua,MODIS,45,6.2,295.4,36.1,D,0
-12.4836,130.6832,319.4,2.2,1.4,2014-07-02,0525,Aqua,MODIS,62,6.2,287.3,40.3,D,0
-13.1201,130.7979,320.9,2.1,1.4,2014-07-02,0525,Aqua,MODIS,75,6.2,286.3,46.4,D,0
-13.3598,134.8758,322.3,4.3,1.9,2014-07-02,0525,Aqua,MODIS,60,6.2,291.1,116.6,D,0
-12.0294,134.1135,307.9,4,1.9,2014-07-02,0525,Aqua,MODIS,27,6.2,292.6,27.2,D,0
-13.1329,130.7998,315.7,2.1,1.4,2014-07-02,0525,Aqua,MODIS,54,6.2,288.3,31,D,0
-13.13,133.5527,312.2,3.5,1.8,2014-07-02,0525,Aqua,MODIS,57,6.2,298.2,32.6,D,0
-11.9381,133.8331,311,3.8,1.8,2014-07-02,0525,Aqua,MODIS,49,6.2,294.6,40.2,D,0
-13.4289,133.6969,325.3,3.5,1.8,2014-07-02,0525,Aqua,MODIS,79,6.2,298.3,118.9,D,0
-13.3234,133.5323,311.4,3.4,1.7,2014-07-02,0525,Aqua,MODIS,52,6.2,297.2,34.4,D,0
-11.9855,133.8831,314.5,3.9,1.8,2014-07-02,0525,Aqua,MODIS,66,6.2,295.8,51.1,D,0
-12.5266,131.6003,311.3,2.5,1.5,2014-07-02,0525,Aqua,MODIS,50,6.2,294.1,23.3,D,0
-11.9363,133.874,313.8,3.9,1.8,2014-07-02,0525,Aqua,MODIS,61,6.2,294.3,56,D,0
-11.9595,134.0255,313,4,1.9,2014-07-02,0525,Aqua,MODIS,35,6.2,294.4,44.7,D,0
-13.4271,133.6684,312.2,3.5,1.8,2014-07-02,0525,Aqua,MODIS,31,6.2,295.7,37.5,D,0
-12.1206,134.0266,326.5,3.9,1.8,2014-07-02,0525,Aqua,MODIS,79,6.2,294.8,133.4,D,0
-12.3971,132.5322,324.4,3,1.6,2014-07-02,0525,Aqua,MODIS,37,6.2,293,70.9,D,0
-12.4868,130.6636,312.6,2.1,1.4,2014-07-02,0525,Aqua,MODIS,20,6.2,285.2,22.1,D,0
-12.5344,131.5543,308.2,2.5,1.5,2014-07-02,0525,Aqua,MODIS,21,6.2,291.5,12.8,D,0
-12.4846,132.7326,311.8,3.1,1.7,2014-07-02,0525,Aqua,MODIS,56,6.2,296.7,23.9,D,0
-13.4347,133.6649,311,3.5,1.8,2014-07-02,0525,Aqua,MODIS,51,6.2,296.5,36.5,D,0
-13.175,135.0759,314.4,4.5,2,2014-07-02,0525,Aqua,MODIS,33,6.2,291.4,65.7,D,0
-13.1203,130.8054,326.3,2.1,1.4,2014-07-02,0525,Aqua,MODIS,81,6.2,289,61.3,D,0
-11.9318,133.8682,314.7,3.9,1.8,2014-07-02,0525,Aqua,MODIS,58,6.2,293.9,61,D,0
-13.421,133.7005,315.4,3.5,1.8,2014-07-02,0525,Aqua,MODIS,50,6.2,297.3,55.6,D,0
-13.2403,130.714,309.9,2.1,1.4,2014-07-02,0525,Aqua,MODIS,43,6.2,291.9,11.2,D,0
-11.4669,131.386,316.2,2.5,1.5,2014-07-02,0526,Aqua,MODIS,55,6.2,296,34,D,0
-11.4531,131.3836,326,2.5,1.5,2014-07-02,0526,Aqua,MODIS,81,6.2,295.1,68.4,D,0
-11.4757,131.3826,313.7,2.5,1.5,2014-07-02,0526,Aqua,MODIS,36,6.2,295.8,26.9,D,0
-11.462,131.3801,328.8,2.5,1.5,2014-07-02,0526,Aqua,MODIS,82,6.2,296.1,83.3,D,0
-11.5368,130.8497,318.4,2.3,1.5,2014-07-02,0526,Aqua,MODIS,62,6.2,298.8,35.4,D,0
-11.4973,130.8429,313.7,2.3,1.5,2014-07-02,0526,Aqua,MODIS,40,6.2,299.3,21.9,D,0
-16.4149,136.3391,301.7,1.9,1.3,2014-07-02,1311,Terra,MODIS,43,6.2,288.2,14.9,N,0
-15.5182,141.7717,315.1,1,1,2014-07-02,1311,Terra,MODIS,91,6.2,289.3,14.6,N,0
-14.6463,132.393,310.6,3.6,1.8,2014-07-02,1312,Terra,MODIS,80,6.2,280.1,84.1,N,0
-14.6541,132.387,311.9,3.6,1.8,2014-07-02,1312,Terra,MODIS,84,6.2,280.5,87,N,0
-21.6744,120.4864,304.3,1.1,1,2014-07-02,1448,Terra,MODIS,59,6.2,280.7,10,N,0
-20.7906,119.6387,301,1,1,2014-07-02,1449,Terra,MODIS,37,6.2,283,7.6,N,0
-15.9123,127.8561,304.7,4.3,1.9,2014-07-02,1449,Terra,MODIS,61,6.2,289.1,62.4,N,0
-15.9141,127.863,303.2,4.3,1.9,2014-07-02,1449,Terra,MODIS,54,6.2,289.1,54.9,N,0
-14.9134,126.0809,318,3.3,1.7,2014-07-02,1450,Terra,MODIS,96,6.2,285.9,104.8,N,0
-14.9077,126.1116,312,3.3,1.7,2014-07-02,1450,Terra,MODIS,84,6.2,285.8,77.9,N,0
-11.9516,134.1388,301.2,1.5,1.2,2014-07-02,1615,Aqua,MODIS,38,6.2,290.1,7.7,N,0
-11.8444,133.7771,317.1,1.6,1.2,2014-07-02,1615,Aqua,MODIS,94,6.2,290.4,29.3,N,0
-11.8532,133.7609,310,1.6,1.2,2014-07-02,1615,Aqua,MODIS,79,6.2,290.1,19.5,N,0
-11.9319,134.0864,303,1.5,1.2,2014-07-02,1615,Aqua,MODIS,53,6.2,290.6,9.5,N,0
-11.7503,133.8291,300.3,1.6,1.2,2014-07-02,1615,Aqua,MODIS,25,6.2,290.2,7.7,N,0
-15.9071,127.8576,302.6,3.7,1.8,2014-07-02,1616,Aqua,MODIS,50,6.2,288.6,43.5,N,0
-15.9175,127.8642,300.3,3.7,1.8,2014-07-02,1616,Aqua,MODIS,25,6.2,288.6,34,N,0
-13.8749,134.3645,302.9,1.3,1.1,2014-07-02,1616,Aqua,MODIS,52,6.2,284,10.9,N,0
-17.7036,138.6382,304.4,1.1,1,2014-07-02,1616,Aqua,MODIS,60,6.2,284.5,9.1,N,0
-17.705,138.6481,306.9,1.1,1,2014-07-02,1616,Aqua,MODIS,70,6.2,284.2,10.9,N,0
-14.6448,132.396,305.9,1.8,1.3,2014-07-02,1616,Aqua,MODIS,66,6.2,280.3,21.3,N,0
-14.6538,132.3776,302.7,1.8,1.3,2014-07-02,1616,Aqua,MODIS,32,6.2,281.6,16.2,N,0
-25.1875,149.073,308.7,1.2,1.1,2014-07-03,0005,Terra,MODIS,67,6.2,291.2,11.3,D,0
-25.1896,149.0853,310.1,1.2,1.1,2014-07-03,0005,Terra,MODIS,69,6.2,291.8,12.5,D,0
-24.6926,147.0515,325.5,1.7,1.3,2014-07-03,0005,Terra,MODIS,84,6.2,291.6,48,D,0
-24.6957,147.068,321.5,1.7,1.3,2014-07-03,0005,Terra,MODIS,81,6.2,291.3,38.5,D,0
-24.7358,147.0938,310.6,1.7,1.3,2014-07-03,0005,Terra,MODIS,25,6.2,290.1,17.5,D,0
-24.75,147.1075,324.6,1.7,1.3,2014-07-03,0005,Terra,MODIS,83,6.2,291.1,44.9,D,0
-24.7529,147.1234,307.5,1.6,1.3,2014-07-03,0005,Terra,MODIS,17,6.2,290.7,13.3,D,0
-25.6604,152.8072,302.1,1,1,2014-07-03,0005,Terra,MODIS,40,6.2,291.1,3.7,D,0
-24.7245,151.8267,316.1,1,1,2014-07-03,0005,Terra,MODIS,76,6.2,297,12.4,D,0
-24.947,150.0864,309.7,1.1,1.1,2014-07-03,0005,Terra,MODIS,68,6.2,295.6,8.1,D,0
-28.6576,153.3074,300.7,1.1,1,2014-07-03,0006,Terra,MODIS,41,6.2,287.1,5.4,D,0
-28.2251,148.8092,304.1,1.2,1.1,2014-07-03,0006,Terra,MODIS,58,6.2,291.2,5.5,D,0
-26.9025,152.4954,308.1,1,1,2014-07-03,0006,Terra,MODIS,66,6.2,291.3,8.5,D,0
-25.867,145.2426,301.6,2.1,1.4,2014-07-03,0006,Terra,MODIS,48,6.2,289.6,12.4,D,0
-25.863,145.2219,302.3,2.1,1.4,2014-07-03,0006,Terra,MODIS,52,6.2,288.6,13.6,D,0
-27.3704,152.4238,327.2,1,1,2014-07-03,0006,Terra,MODIS,85,6.2,291,24.8,D,0
-27.3794,152.4222,320.5,1,1,2014-07-03,0006,Terra,MODIS,80,6.2,290,18.3,D,0
-26.7933,150.2039,321.5,1.1,1,2014-07-03,0006,Terra,MODIS,81,6.2,292.7,20.4,D,0
-28.7958,150.031,308.8,1,1,2014-07-03,0006,Terra,MODIS,68,6.2,290.8,8.9,D,0
-27.8461,151.3383,310.2,1,1,2014-07-03,0006,Terra,MODIS,70,6.2,292.7,7.6,D,0
-28.5001,149.4974,300.7,1.1,1,2014-07-03,0006,Terra,MODIS,38,6.2,289.2,3.9,D,0
-29.7068,150.5498,307.1,1,1,2014-07-03,0006,Terra,MODIS,65,6.2,287.7,8.9,D,0
-29.7084,150.5602,305.2,1,1,2014-07-03,0006,Terra,MODIS,61,6.2,287.5,7.8,D,0
-27.8476,151.3484,303.3,1,1,2014-07-03,0006,Terra,MODIS,56,6.2,293,3,D,0
-28.5019,149.5084,302.3,1.1,1,2014-07-03,0006,Terra,MODIS,52,6.2,290.8,4.9,D,0
-31.5733,147.0635,302.9,1.3,1.1,2014-07-03,0007,Terra,MODIS,54,6.2,284.2,9.4,D,0
-30.711,152.6092,302.6,1.1,1,2014-07-03,0007,Terra,MODIS,53,6.2,287,6.9,D,0
-30.0498,147.8248,305.4,1.2,1.1,2014-07-03,0007,Terra,MODIS,61,6.2,287.9,8.5,D,0
-31.8865,145.8449,311.3,1.4,1.2,2014-07-03,0007,Terra,MODIS,71,6.2,286.4,20.1,D,0
-34.4663,150.8879,306.9,1,1,2014-07-03,0008,Terra,MODIS,0,6.2,289.3,8.1,D,2
-12.3874,132.8226,316.6,1.1,1.1,2014-07-03,0140,Terra,MODIS,64,6.2,298.4,12.2,D,0
-12.6174,132.1538,323.3,1.1,1,2014-07-03,0140,Terra,MODIS,77,6.2,295.1,15.9,D,0
-11.9377,134.0886,314.7,1.3,1.1,2014-07-03,0140,Terra,MODIS,24,6.2,297.7,9.9,D,0
-11.8523,133.7583,352.4,1.3,1.1,2014-07-03,0140,Terra,MODIS,96,6.2,300.4,82.1,D,0
-12.4569,134.1489,316.5,1.4,1.2,2014-07-03,0140,Terra,MODIS,48,6.2,296.8,12.1,D,0
-12.0714,134.0148,325.5,1.3,1.1,2014-07-03,0140,Terra,MODIS,40,6.2,300,22,D,0
-12.1809,134.0862,318.3,1.3,1.1,2014-07-03,0140,Terra,MODIS,36,6.2,297.2,12.7,D,0
-12.5714,130.6917,349.5,1,1,2014-07-03,0140,Terra,MODIS,95,6.2,300.6,54.2,D,0
-12.5445,130.6957,324.6,1,1,2014-07-03,0140,Terra,MODIS,78,6.2,299.8,15.4,D,0
-12.0596,134.0042,337.3,1.3,1.1,2014-07-03,0140,Terra,MODIS,88,6.2,299,47.8,D,0
-12.3815,134.0589,313.3,1.3,1.1,2014-07-03,0140,Terra,MODIS,59,6.2,297.5,9.1,D,0
-12.5153,131.5714,323.1,1,1,2014-07-03,0140,Terra,MODIS,77,6.2,297.7,16.5,D,0
-12.1918,134.0107,334.6,1.3,1.1,2014-07-03,0140,Terra,MODIS,86,6.2,299.7,40.4,D,0
-11.8407,133.7482,334,1.3,1.1,2014-07-03,0140,Terra,MODIS,86,6.2,298.2,39,D,0
-12.6376,130.7034,317.4,1,1,2014-07-03,0140,Terra,MODIS,59,6.2,298.3,9.3,D,0
-12.5167,131.5808,329.7,1,1,2014-07-03,0140,Terra,MODIS,83,6.2,299.6,24.2,D,0
-11.8499,133.7412,347.1,1.3,1.1,2014-07-03,0140,Terra,MODIS,94,6.2,297,70.8,D,0
-12.5711,134.8896,313.5,1.5,1.2,2014-07-03,0140,Terra,MODIS,62,6.2,295.9,13.6,D,0
-12.4077,132.6201,314.4,1.1,1.1,2014-07-03,0140,Terra,MODIS,47,6.2,299.3,6.5,D,0
-11.9442,134.1371,331.3,1.3,1.1,2014-07-03,0140,Terra,MODIS,79,6.2,297.1,38,D,0
-11.9031,133.7573,316.3,1.3,1.1,2014-07-03,0140,Terra,MODIS,43,6.2,298.5,12,D,0
-11.9545,134.1357,314.2,1.3,1.1,2014-07-03,0140,Terra,MODIS,58,6.2,297.6,10.6,D,0
-11.9323,133.1597,318.3,1.2,1.1,2014-07-03,0140,Terra,MODIS,69,6.2,299.4,11.9,D,0
-12.5624,130.693,319.4,1,1,2014-07-03,0140,Terra,MODIS,54,6.2,300.3,9.4,D,0
-11.7511,133.8375,317.9,1.3,1.1,2014-07-03,0140,Terra,MODIS,63,6.2,297.6,13,D,0
-12.5038,132.3374,314.5,1.1,1,2014-07-03,0140,Terra,MODIS,37,6.2,298,7.2,D,0
-11.9375,133.8589,322.3,1.3,1.1,2014-07-03,0140,Terra,MODIS,75,6.2,298.6,19.5,D,0
-12.8784,133.2882,309.6,1.2,1.1,2014-07-03,0140,Terra,MODIS,17,6.2,293.6,5.8,D,0
-12.1825,134.0983,322.8,1.3,1.1,2014-07-03,0140,Terra,MODIS,66,6.2,299.2,19.3,D,0
-13.2689,134.9868,319.3,1.6,1.2,2014-07-03,0140,Terra,MODIS,73,6.2,300.9,19.1,D,0
-12.202,134.0093,316.4,1.3,1.1,2014-07-03,0140,Terra,MODIS,50,6.2,299.2,9.7,D,0
-12.4062,132.6099,342.7,1.1,1.1,2014-07-03,0140,Terra,MODIS,91,6.2,301.8,47.4,D,0
-12.0126,133.2192,314.7,1.2,1.1,2014-07-03,0140,Terra,MODIS,61,6.2,300.2,6.7,D,0
-11.8423,133.7597,351.8,1.3,1.1,2014-07-03,0140,Terra,MODIS,96,6.2,300,81.7,D,0
-11.7495,133.8259,313.6,1.3,1.1,2014-07-03,0140,Terra,MODIS,25,6.2,296.9,7.9,D,0
-12.0688,134.0093,336.5,1.3,1.1,2014-07-03,0140,Terra,MODIS,84,6.2,300.9,42.5,D,0
-12.5535,130.6943,336.7,1,1,2014-07-03,0140,Terra,MODIS,88,6.2,300.2,29.9,D,0
-12.4224,132.55,318.9,1.1,1.1,2014-07-03,0140,Terra,MODIS,71,6.2,298.2,11.5,D,0
-12.5729,134.9036,326.4,1.5,1.2,2014-07-03,0140,Terra,MODIS,80,6.2,296.5,36.9,D,0
-11.8539,133.7698,327,1.3,1.1,2014-07-03,0140,Terra,MODIS,45,6.2,299.6,22.9,D,0
-11.8514,133.7527,345.5,1.3,1.1,2014-07-03,0140,Terra,MODIS,93,6.2,299.6,64.5,D,0
-12.0681,133.9908,318.8,1.3,1.1,2014-07-03,0140,Terra,MODIS,49,6.2,295.9,14.5,D,0
-11.8439,133.7712,332.7,1.3,1.1,2014-07-03,0140,Terra,MODIS,79,6.2,299.2,34.2,D,0
-11.9359,133.8472,316.5,1.3,1.1,2014-07-03,0140,Terra,MODIS,63,6.2,298.2,11.6,D,0
-13.2974,134.5894,319.3,1.5,1.2,2014-07-03,0140,Terra,MODIS,34,6.2,297.2,17.9,D,0
-12.0698,134.0027,352.1,1.3,1.1,2014-07-03,0140,Terra,MODIS,96,6.2,300.9,88.1,D,0
-12.5431,130.6865,339.6,1,1,2014-07-03,0140,Terra,MODIS,90,6.2,300.4,36.1,D,0
-12.5521,130.6852,353.7,1,1,2014-07-03,0140,Terra,MODIS,97,6.2,298.9,62.9,D,0
-12.2078,133.8987,315.9,1.3,1.1,2014-07-03,0140,Terra,MODIS,65,6.2,298.9,9.1,D,0
-12.1366,134.0491,315.8,1.3,1.1,2014-07-03,0140,Terra,MODIS,36,6.2,298.3,8.7,D,0
-12.4238,132.5602,318.5,1.1,1.1,2014-07-03,0140,Terra,MODIS,70,6.2,298.4,10.9,D,0
-12.4048,132.5998,345.6,1.1,1.1,2014-07-03,0140,Terra,MODIS,93,6.2,301.8,52.4,D,0
-12.4485,130.6694,316.5,1,1,2014-07-03,0140,Terra,MODIS,68,6.2,297,10.2,D,0
-12.0672,133.9973,344,1.3,1.1,2014-07-03,0140,Terra,MODIS,92,6.2,299,61.5,D,0
-11.8529,133.7642,342.4,1.3,1.1,2014-07-03,0140,Terra,MODIS,91,6.2,300.6,57.6,D,0
-11.8323,133.7611,320.3,1.3,1.1,2014-07-03,0140,Terra,MODIS,60,6.2,298,16.6,D,0
-11.8339,133.7726,315.9,1.3,1.1,2014-07-03,0140,Terra,MODIS,66,6.2,297.7,11.3,D,0
-11.8507,133.7468,348.4,1.3,1.1,2014-07-03,0140,Terra,MODIS,94,6.2,298.8,72.2,D,0
-12.5701,130.6825,339.5,1,1,2014-07-03,0140,Terra,MODIS,90,6.2,298.7,35.5,D,0
-12.418,132.5565,331.1,1.1,1.1,2014-07-03,0140,Terra,MODIS,84,6.2,299.8,24.6,D,0
-12.2095,133.9106,317.4,1.3,1.1,2014-07-03,0140,Terra,MODIS,68,6.2,298.8,11.3,D,0
-12.7909,135.531,309.9,1.7,1.3,2014-07-03,0140,Terra,MODIS,51,6.2,295.9,9.9,D,0
-11.0862,132.5776,315.6,1.1,1,2014-07-03,0140,Terra,MODIS,36,6.2,296.3,7.4,D,0
-11.4709,131.412,316.8,1,1,2014-07-03,0140,Terra,MODIS,69,6.2,297.5,9,D,0
-11.2495,131.9185,312.8,1,1,2014-07-03,0140,Terra,MODIS,18,6.2,299.3,5.4,D,0
-12.3561,132.5963,320.3,1.1,1.1,2014-07-03,0140,Terra,MODIS,69,6.2,300.3,10,D,0
-12.367,132.6051,318.7,1.1,1.1,2014-07-03,0140,Terra,MODIS,48,6.2,300.9,8.9,D,0
-12.2083,132.578,330.5,1.1,1,2014-07-03,0140,Terra,MODIS,83,6.2,299.6,27.6,D,0
-12.5193,132.2442,311.8,1.1,1,2014-07-03,0140,Terra,MODIS,54,6.2,294.8,5.4,D,0
-12.1242,132.9102,314,1.1,1.1,2014-07-03,0140,Terra,MODIS,40,6.2,299.8,6.5,D,0
-12.1227,132.8998,316.7,1.1,1.1,2014-07-03,0140,Terra,MODIS,64,6.2,299.1,9.7,D,0
-12.2476,133.0695,318.5,1.2,1.1,2014-07-03,0140,Terra,MODIS,69,6.2,300.1,10.1,D,0
-12.2069,132.5679,320.3,1.1,1,2014-07-03,0140,Terra,MODIS,72,6.2,298.3,14.1,D,0
-11.6058,130.4509,322.7,1,1,2014-07-03,0140,Terra,MODIS,51,6.2,298.4,13.8,D,0
-11.7417,130.25,311.5,1,1,2014-07-03,0140,Terra,MODIS,49,6.2,297.7,5.9,D,0
-12.3854,132.5301,315.2,1.1,1,2014-07-03,0140,Terra,MODIS,40,6.2,298.8,6.2,D,0
-12.3868,132.5403,340.9,1.1,1,2014-07-03,0140,Terra,MODIS,90,6.2,300.9,42.3,D,0
-15.4343,128.8949,315,1,1,2014-07-03,0141,Terra,MODIS,48,6.2,304.4,6.4,D,0
-15.8621,126.976,313.1,1.2,1.1,2014-07-03,0141,Terra,MODIS,62,6.2,301,8.9,D,0
-14.9302,126.0878,318.6,1.4,1.2,2014-07-03,0141,Terra,MODIS,35,6.2,301.7,14.2,D,0
-14.9861,127.7848,313.1,1.1,1.1,2014-07-03,0141,Terra,MODIS,34,6.2,301.7,5.4,D,0
-14.5992,132.7452,314.1,1.2,1.1,2014-07-03,0141,Terra,MODIS,62,6.2,299.7,8.4,D,0
-13.7959,126.9969,313.1,1.3,1.1,2014-07-03,0141,Terra,MODIS,48,6.2,299.5,6.4,D,0
-14.1595,127.0309,313.5,1.3,1.1,2014-07-03,0141,Terra,MODIS,59,6.2,300.7,9.6,D,0
-14.6987,130.0716,319.3,1,1,2014-07-03,0141,Terra,MODIS,52,6.2,302.6,9.1,D,0
-13.8504,130.1248,330.4,1,1,2014-07-03,0141,Terra,MODIS,83,6.2,300.9,23.8,D,0
-15.0619,131.0562,313.4,1,1,2014-07-03,0141,Terra,MODIS,42,6.2,300.6,5.8,D,0
-15.1021,131.0114,322.5,1,1,2014-07-03,0141,Terra,MODIS,63,6.2,302.6,12.8,D,0
-15.1035,131.021,334.1,1,1,2014-07-03,0141,Terra,MODIS,86,6.2,304.1,27.9,D,0
-15.1062,131.0399,328.6,1,1,2014-07-03,0141,Terra,MODIS,82,6.2,301.4,20.8,D,0
-15.2799,127.4962,342.5,1.1,1.1,2014-07-03,0141,Terra,MODIS,91,6.2,302.2,49.6,D,0
-15.2703,127.4977,321.4,1.1,1.1,2014-07-03,0141,Terra,MODIS,74,6.2,304,14.2,D,0
-14.1704,127.0998,317.6,1.2,1.1,2014-07-03,0141,Terra,MODIS,68,6.2,302.6,12.4,D,0
-14.6007,132.7562,317,1.2,1.1,2014-07-03,0141,Terra,MODIS,68,6.2,299.4,11.2,D,0
-13.6959,129.954,332.6,1,1,2014-07-03,0141,Terra,MODIS,86,6.2,300,27.5,D,0
-14.0406,129.98,316.8,1,1,2014-07-03,0141,Terra,MODIS,55,6.2,302.9,8.2,D,0
-14.0392,129.9708,314.7,1,1,2014-07-03,0141,Terra,MODIS,41,6.2,302,6.7,D,0
-13.6973,129.9632,314.6,1,1,2014-07-03,0141,Terra,MODIS,62,6.2,298.5,7.6,D,0
-15.3943,127.9134,323.3,1.1,1,2014-07-03,0141,Terra,MODIS,61,6.2,302.8,14.4,D,0
-15.7857,126.9497,311.1,1.2,1.1,2014-07-03,0141,Terra,MODIS,57,6.2,300.3,7.1,D,0
-15.3958,127.9235,330.6,1.1,1,2014-07-03,0141,Terra,MODIS,83,6.2,303.2,24.7,D,0
-15.3896,127.9451,316.5,1.1,1,2014-07-03,0141,Terra,MODIS,35,6.2,304,6.8,D,0
-15.3273,127.9515,328.8,1.1,1,2014-07-03,0141,Terra,MODIS,82,6.2,301.7,22.3,D,0
-15.3258,127.9414,317.3,1.1,1,2014-07-03,0141,Terra,MODIS,55,6.2,300.3,8.6,D,0
-15.2883,127.9477,313.9,1.1,1,2014-07-03,0141,Terra,MODIS,43,6.2,301.8,6.7,D,0
-15.2867,127.9376,333.3,1.1,1,2014-07-03,0141,Terra,MODIS,85,6.2,303.8,30.3,D,0
-15.2773,127.9391,313.8,1.1,1,2014-07-03,0141,Terra,MODIS,41,6.2,301,6.8,D,0
-14.0611,127.3101,316.2,1.2,1.1,2014-07-03,0141,Terra,MODIS,65,6.2,301.4,10.1,D,0
-15.6284,127.057,312.6,1.2,1.1,2014-07-03,0141,Terra,MODIS,61,6.2,299.4,8.1,D,0
-15.6267,127.046,320.3,1.2,1.1,2014-07-03,0141,Terra,MODIS,74,6.2,300.6,16.9,D,0
-15.6249,127.0349,325.9,1.2,1.1,2014-07-03,0141,Terra,MODIS,80,6.2,299.8,24.5,D,0
-14.8715,126.1244,312.7,1.4,1.2,2014-07-03,0141,Terra,MODIS,48,6.2,302.7,9.2,D,0
-14.8737,126.1371,311.3,1.4,1.2,2014-07-03,0141,Terra,MODIS,41,6.2,299.7,8,D,0
-15.4352,126.8064,310.6,1.2,1.1,2014-07-03,0141,Terra,MODIS,51,6.2,300,6.7,D,0
-14.6816,130.0177,323.1,1,1,2014-07-03,0141,Terra,MODIS,75,6.2,305.4,10.7,D,0
-14.6829,130.0269,325.4,1,1,2014-07-03,0141,Terra,MODIS,79,6.2,305.5,13,D,0
-14.6919,130.0255,326.9,1,1,2014-07-03,0141,Terra,MODIS,70,6.2,303.8,14.6,D,0
-14.6933,130.0347,321.5,1,1,2014-07-03,0141,Terra,MODIS,28,6.2,305.1,8.7,D,0
-14.6974,130.0624,342.3,1,1,2014-07-03,0141,Terra,MODIS,91,6.2,303.4,38.5,D,0
-14.9845,127.7745,315.4,1.1,1.1,2014-07-03,0141,Terra,MODIS,63,6.2,301.3,7.7,D,0
-15.4005,127.8918,319.6,1.1,1,2014-07-03,0141,Terra,MODIS,38,6.2,302.6,11.3,D,0
-14.9197,126.0897,321.9,1.4,1.2,2014-07-03,0141,Terra,MODIS,47,6.2,300.8,19.5,D,0
-15.0994,130.9924,325.9,1,1,2014-07-03,0141,Terra,MODIS,79,6.2,302.6,17,D,0
-15.098,130.9829,317.3,1,1,2014-07-03,0141,Terra,MODIS,64,6.2,302.4,8.3,D,0
-15.4021,127.9019,327.5,1.1,1,2014-07-03,0141,Terra,MODIS,81,6.2,302.3,21.1,D,0
-13.1019,130.2944,311.9,1,1,2014-07-03,0141,Terra,MODIS,54,6.2,295,7.5,D,0
-14.9687,126.0885,312.7,1.4,1.2,2014-07-03,0141,Terra,MODIS,46,6.2,299.9,9.6,D,0
-13.849,130.1156,327.2,1,1,2014-07-03,0141,Terra,MODIS,81,6.2,299.6,20.1,D,0
-13.6619,133.962,322,1.4,1.2,2014-07-03,0141,Terra,MODIS,61,6.2,287.9,23.2,D,0
-13.4393,134.1145,312.2,1.4,1.2,2014-07-03,0141,Terra,MODIS,59,6.2,297.3,7.8,D,0
-14.9814,133.3904,318.8,1.3,1.1,2014-07-03,0141,Terra,MODIS,72,6.2,301.7,15.2,D,0
-13.428,134.5517,342.7,1.5,1.2,2014-07-03,0141,Terra,MODIS,92,6.2,299.1,72.8,D,0
-13.4215,134.5607,327.7,1.5,1.2,2014-07-03,0141,Terra,MODIS,46,6.2,299,32.5,D,0
-16.2964,135.9497,312.9,2.1,1.4,2014-07-03,0141,Terra,MODIS,61,6.2,301.7,16.8,D,0
-13.3901,134.5985,330,1.5,1.2,2014-07-03,0141,Terra,MODIS,84,6.2,297.9,39.3,D,0
-13.0599,130.8217,327.7,1,1,2014-07-03,0141,Terra,MODIS,80,6.2,297.5,19.6,D,0
-13.3449,134.5906,322.2,1.5,1.2,2014-07-03,0141,Terra,MODIS,77,6.2,297.4,24.4,D,0
-13.3426,134.5973,327.7,1.5,1.2,2014-07-03,0141,Terra,MODIS,64,6.2,297.5,32.9,D,0
-13.0612,130.8309,316.4,1,1,2014-07-03,0141,Terra,MODIS,61,6.2,296.8,8.3,D,0
-15.9638,135.4509,313.7,1.9,1.3,2014-07-03,0141,Terra,MODIS,63,6.2,301.1,17.2,D,0
-13.3792,134.6,325.6,1.5,1.2,2014-07-03,0141,Terra,MODIS,80,6.2,298.1,30.9,D,0
-13.381,134.6138,320,1.5,1.2,2014-07-03,0141,Terra,MODIS,68,6.2,297.1,20.4,D,0
-13.41,134.582,340.8,1.5,1.2,2014-07-03,0141,Terra,MODIS,91,6.2,299.1,65.6,D,0
-13.334,134.5921,325.9,1.5,1.2,2014-07-03,0141,Terra,MODIS,55,6.2,297.5,29.3,D,0
-13.4324,134.5592,321.9,1.5,1.2,2014-07-03,0141,Terra,MODIS,38,6.2,298.3,22.3,D,0
-14.1766,133.3127,311.6,1.3,1.1,2014-07-03,0141,Terra,MODIS,46,6.2,298.5,6.3,D,0
-14.1956,133.3042,310.8,1.3,1.1,2014-07-03,0141,Terra,MODIS,47,6.2,297.8,6.1,D,0
-13.7933,134.3491,311.5,1.5,1.2,2014-07-03,0141,Terra,MODIS,61,6.2,294,9.3,D,0
-13.8438,131.6612,310,1.1,1,2014-07-03,0141,Terra,MODIS,55,6.2,294.2,6.3,D,0
-13.6227,134.1956,316.1,1.4,1.2,2014-07-03,0141,Terra,MODIS,64,6.2,297.3,12.3,D,0
-14.418,132.6163,314.9,1.2,1.1,2014-07-03,0141,Terra,MODIS,64,6.2,298.2,10.1,D,0
-13.6027,133.8876,321.8,1.4,1.2,2014-07-03,0141,Terra,MODIS,0,6.2,286.9,22.9,D,0
-13.7293,133.8581,309.3,1.4,1.2,2014-07-03,0141,Terra,MODIS,25,6.2,282.7,9,D,0
-13.7544,132.082,313.1,1.1,1,2014-07-03,0141,Terra,MODIS,54,6.2,298.1,7.2,D,0
-13.5688,133.7917,308,1.3,1.1,2014-07-03,0141,Terra,MODIS,0,6.2,281.5,9.1,D,0
-12.8368,131.1849,310.8,1,1,2014-07-03,0141,Terra,MODIS,28,6.2,297.6,4,D,0
-13.5904,130.7996,309.3,1,1,2014-07-03,0141,Terra,MODIS,37,6.2,297.8,3.9,D,0
-13.5995,130.7982,309.8,1,1,2014-07-03,0141,Terra,MODIS,47,6.2,298,4.2,D,0
-13.6898,133.9327,313.6,1.4,1.2,2014-07-03,0141,Terra,MODIS,34,6.2,285.5,11.9,D,0
-13.6326,134.7967,312.1,1.6,1.2,2014-07-03,0141,Terra,MODIS,51,6.2,295.2,10.5,D,0
-13.6333,134.7907,310.8,1.6,1.2,2014-07-03,0141,Terra,MODIS,24,6.2,294.7,9,D,0
-13.2622,132.2307,319.3,1.1,1,2014-07-03,0141,Terra,MODIS,71,6.2,292,13.4,D,0
-13.5372,134.0818,317.1,1.4,1.2,2014-07-03,0141,Terra,MODIS,60,6.2,295.8,14.8,D,0
-13.683,134.5695,323.6,1.5,1.2,2014-07-03,0141,Terra,MODIS,79,6.2,295.5,26.7,D,0
-13.6299,132.8929,310,1.2,1.1,2014-07-03,0141,Terra,MODIS,43,6.2,294,5.3,D,0
-13.8859,134.3577,337.3,1.5,1.2,2014-07-03,0141,Terra,MODIS,89,6.2,297.3,57.3,D,0
-13.8876,134.3711,315.7,1.5,1.2,2014-07-03,0141,Terra,MODIS,70,6.2,295.5,13.5,D,0
-13.9697,132.3812,313.7,1.1,1.1,2014-07-03,0141,Terra,MODIS,64,6.2,296.6,8.9,D,0
-13.8931,134.3293,313.2,1.5,1.2,2014-07-03,0141,Terra,MODIS,52,6.2,294.6,9.8,D,0
-13.8949,134.3428,327.3,1.5,1.2,2014-07-03,0141,Terra,MODIS,82,6.2,293.5,32.9,D,0
-13.8966,134.3562,327,1.5,1.2,2014-07-03,0141,Terra,MODIS,82,6.2,293.7,31.9,D,0
-13.6049,134.7568,315.4,1.5,1.2,2014-07-03,0141,Terra,MODIS,59,6.2,293.2,14.3,D,0
-13.8968,134.2744,314.3,1.4,1.2,2014-07-03,0141,Terra,MODIS,68,6.2,297.2,10.6,D,0
-13.456,134.4867,321.2,1.5,1.2,2014-07-03,0141,Terra,MODIS,76,6.2,290.5,21.8,D,0
-13.4578,134.5003,360.1,1.5,1.2,2014-07-03,0141,Terra,MODIS,100,6.2,294,143.3,D,0
-13.987,134.5193,318.9,1.5,1.2,2014-07-03,0141,Terra,MODIS,75,6.2,296.8,19,D,0
-13.4668,134.4853,326.8,1.5,1.2,2014-07-03,0141,Terra,MODIS,80,6.2,292.2,31.6,D,0
-13.8659,134.0388,309.8,1.4,1.2,2014-07-03,0141,Terra,MODIS,24,6.2,290.1,6.9,D,0
-13.8604,134.079,311,1.4,1.2,2014-07-03,0141,Terra,MODIS,16,6.2,294.2,8.1,D,0
-13.5162,134.4996,321.4,1.5,1.2,2014-07-03,0141,Terra,MODIS,77,6.2,292.1,24.4,D,0
-13.8382,133.9906,316.5,1.4,1.2,2014-07-03,0141,Terra,MODIS,67,6.2,288.5,17.2,D,0
-14.2858,130.0181,318.2,1,1,2014-07-03,0141,Terra,MODIS,71,6.2,305.2,6.4,D,0
-13.837,129.7881,313.3,1,1,2014-07-03,0141,Terra,MODIS,59,6.2,298.7,7.5,D,0
-15.9923,127.9169,312.4,1.1,1,2014-07-03,0141,Terra,MODIS,51,6.2,301.9,5,D,0
-13.1437,130.1412,315.1,1,1,2014-07-03,0141,Terra,MODIS,45,6.2,294.5,9.2,D,0
-13.1527,130.1398,316.7,1,1,2014-07-03,0141,Terra,MODIS,41,6.2,295.4,10.5,D,0
-15.8984,127.8455,334.5,1.1,1,2014-07-03,0141,Terra,MODIS,23,6.2,300.8,28.3,D,0
-15.8999,127.8556,344.5,1.1,1,2014-07-03,0141,Terra,MODIS,85,6.2,303.6,47.8,D,0
-15.9093,127.854,325,1.1,1,2014-07-03,0141,Terra,MODIS,35,6.2,301.6,16.1,D,0
-15.9343,127.8914,333,1.1,1,2014-07-03,0141,Terra,MODIS,86,6.2,302.2,28.4,D,0
-15.9437,127.89,316.6,1.1,1,2014-07-03,0141,Terra,MODIS,36,6.2,302,8,D,0
-15.8879,128.6649,316.9,1,1,2014-07-03,0141,Terra,MODIS,62,6.2,301.3,8.1,D,0
-15.8696,128.6675,316.8,1,1,2014-07-03,0141,Terra,MODIS,56,6.2,303.1,7.9,D,0
-14.4475,130.2412,316.4,1,1,2014-07-03,0141,Terra,MODIS,63,6.2,304.5,7.3,D,0
-14.4488,130.2504,321.3,1,1,2014-07-03,0141,Terra,MODIS,75,6.2,302.7,12.3,D,0
-14.1784,130.6024,322.8,1,1,2014-07-03,0141,Terra,MODIS,76,6.2,298.1,14.3,D,0
-14.186,130.5918,315,1,1,2014-07-03,0141,Terra,MODIS,23,6.2,297.1,6.6,D,0
-14.1562,130.6401,335.8,1,1,2014-07-03,0141,Terra,MODIS,87,6.2,299,32.3,D,0
-14.1548,130.6308,343.4,1,1,2014-07-03,0141,Terra,MODIS,92,6.2,299.9,44,D,0
-14.1535,130.6216,328.8,1,1,2014-07-03,0141,Terra,MODIS,82,6.2,299,21.5,D,0
-14.1521,130.6123,314.6,1,1,2014-07-03,0141,Terra,MODIS,63,6.2,298.1,6.9,D,0
-14.0482,129.9694,374.8,1,1,2014-07-03,0141,Terra,MODIS,100,6.2,302.5,126.9,D,0
-13.9567,130.5975,314.9,1,1,2014-07-03,0141,Terra,MODIS,50,6.2,298.6,5.1,D,0
-14.32,129.815,313.9,1,1,2014-07-03,0141,Terra,MODIS,44,6.2,301.9,5.5,D,0
-14.0496,129.9786,388,1,1,2014-07-03,0141,Terra,MODIS,100,6.2,307,182.8,D,0
-14.3923,126.7008,314.7,1.3,1.1,2014-07-03,0141,Terra,MODIS,59,6.2,301.2,9.9,D,0
-14.3931,126.6949,316.2,1.3,1.1,2014-07-03,0141,Terra,MODIS,55,6.2,301.5,10.9,D,0
-16.3742,136.3889,314.4,2.2,1.5,2014-07-03,0141,Terra,MODIS,50,6.2,300.9,19.1,D,0
-16.3767,136.4098,321,2.3,1.5,2014-07-03,0141,Terra,MODIS,75,6.2,302.2,39,D,0
-16.374,136.4046,328.8,2.3,1.5,2014-07-03,0141,Terra,MODIS,83,6.2,302.5,65,D,0
-16.4026,136.4225,312.9,2.3,1.5,2014-07-03,0141,Terra,MODIS,26,6.2,301.1,15.4,D,0
-16.5333,136.4212,311,2.3,1.5,2014-07-03,0141,Terra,MODIS,46,6.2,300.3,14.3,D,0
-14.6511,132.3807,316.5,1.1,1.1,2014-07-03,0141,Terra,MODIS,58,6.2,301.3,10.4,D,0
-14.6526,132.3913,317,1.1,1.1,2014-07-03,0141,Terra,MODIS,68,6.2,302,11,D,0
-13.5651,134.3703,320.8,1.5,1.2,2014-07-03,0141,Terra,MODIS,55,6.2,296.8,18.6,D,0
-13.5471,134.3997,333.3,1.5,1.2,2014-07-03,0141,Terra,MODIS,87,6.2,298.3,43.2,D,0
-13.4986,134.4469,326.1,1.5,1.2,2014-07-03,0141,Terra,MODIS,80,6.2,292.9,31.9,D,0
-13.4956,134.4539,325.1,1.5,1.2,2014-07-03,0141,Terra,MODIS,80,6.2,292.2,29.4,D,0
-15.6757,129.3346,315.1,1,1,2014-07-03,0141,Terra,MODIS,57,6.2,301.3,7,D,0
-15.6847,129.3332,312.7,1,1,2014-07-03,0141,Terra,MODIS,15,6.2,301.2,5,D,0
-17.7297,138.8341,309.2,3.6,1.8,2014-07-03,0142,Terra,MODIS,53,6.2,296.9,27.6,D,0
-17.7412,138.862,309.8,3.6,1.8,2014-07-03,0142,Terra,MODIS,56,6.2,296.3,31.3,D,0
-17.738,138.828,309.4,3.6,1.8,2014-07-03,0142,Terra,MODIS,54,6.2,296.5,29.6,D,0
-17.5161,138.6665,333.1,3.5,1.8,2014-07-03,0142,Terra,MODIS,86,6.2,297,164.2,D,0
-17.5195,138.6992,328.3,3.5,1.8,2014-07-03,0142,Terra,MODIS,83,6.2,297.7,125.9,D,0
-17.532,138.6648,323.7,3.5,1.8,2014-07-03,0142,Terra,MODIS,79,6.2,295,102,D,0
-17.5354,138.6976,328,3.5,1.8,2014-07-03,0142,Terra,MODIS,83,6.2,295.8,132.2,D,0
-17.5258,138.6601,336.9,3.5,1.8,2014-07-03,0142,Terra,MODIS,89,6.2,296.3,202.5,D,0
-17.5289,138.6929,341.4,3.5,1.8,2014-07-03,0142,Terra,MODIS,91,6.2,297.3,251,D,0
-18.006,138.8919,321.2,3.7,1.8,2014-07-03,0142,Terra,MODIS,76,6.2,296.2,98.9,D,0
-18.0135,138.8844,323.9,3.7,1.8,2014-07-03,0142,Terra,MODIS,79,6.2,295.9,116.8,D,0
-18.0025,138.8575,316.7,3.6,1.8,2014-07-03,0142,Terra,MODIS,71,6.2,296,70.4,D,0
-18.0102,138.8499,309.5,3.6,1.8,2014-07-03,0142,Terra,MODIS,55,6.2,295.7,33.4,D,0
-17.8013,138.6526,340.8,3.5,1.8,2014-07-03,0142,Terra,MODIS,91,6.2,298.5,238.4,D,0
-17.8171,138.651,312.4,3.5,1.8,2014-07-03,0142,Terra,MODIS,51,6.2,296.6,31,D,0
-17.8105,138.6445,332.9,3.5,1.8,2014-07-03,0142,Terra,MODIS,86,6.2,296.8,163,D,0
-17.8074,138.6117,312.1,3.5,1.8,2014-07-03,0142,Terra,MODIS,33,6.2,297.1,30.6,D,0
-17.5321,138.7258,321.1,3.5,1.8,2014-07-03,0142,Terra,MODIS,76,6.2,296.8,83,D,0
-17.7979,138.6198,333.9,3.5,1.8,2014-07-03,0142,Terra,MODIS,87,6.2,298.8,169.9,D,0
-17.7915,138.6134,316,3.5,1.8,2014-07-03,0142,Terra,MODIS,70,6.2,299,47.4,D,0
-17.7947,138.6462,331.8,3.5,1.8,2014-07-03,0142,Terra,MODIS,85,6.2,299.1,152.6,D,0
-17.6028,122.3226,312.9,2.3,1.5,2014-07-03,0142,Terra,MODIS,59,6.2,299.5,23.8,D,0
-16.12,127.8382,314.8,1.1,1,2014-07-03,0142,Terra,MODIS,63,6.2,304.4,8,D,0
-16.4375,122.929,308.7,2.2,1.4,2014-07-03,0142,Terra,MODIS,38,6.2,297.7,15.1,D,0
-17.607,122.3278,311.7,2.3,1.5,2014-07-03,0142,Terra,MODIS,53,6.2,298.5,20.9,D,0
-20.0686,125.6143,322.1,1.3,1.1,2014-07-03,0143,Terra,MODIS,70,6.2,299.3,18.5,D,0
-20.0785,125.6125,319.2,1.3,1.1,2014-07-03,0143,Terra,MODIS,66,6.2,298,15,D,0
-20.0766,125.6006,315.8,1.3,1.1,2014-07-03,0143,Terra,MODIS,44,6.2,299,10.3,D,0
-21.6817,120.4773,305.5,2.6,1.6,2014-07-03,0143,Terra,MODIS,51,6.2,295,16.6,D,0
-20.8069,119.5838,307.1,3.2,1.7,2014-07-03,0143,Terra,MODIS,54,6.2,296.7,22.6,D,0
-20.8129,119.6137,308.7,3.1,1.7,2014-07-03,0143,Terra,MODIS,59,6.2,297,27.2,D,0
-20.8219,119.5804,331.9,3.2,1.7,2014-07-03,0143,Terra,MODIS,86,6.2,295.7,147.5,D,0
-20.8279,119.6103,334.8,3.1,1.7,2014-07-03,0143,Terra,MODIS,88,6.2,297.6,167.8,D,0
-38.0365,144.1742,304,1,1,2014-07-03,0423,Aqua,MODIS,58,6.2,286.5,7.1,D,0
-36.9443,149.3776,306.8,1.5,1.2,2014-07-03,0423,Aqua,MODIS,64,6.2,285.8,15.7,D,0
-36.9261,149.3552,328,1.5,1.2,2014-07-03,0423,Aqua,MODIS,79,6.2,286.3,46,D,0
-36.9218,149.3651,311.9,1.5,1.2,2014-07-03,0423,Aqua,MODIS,72,6.2,285.3,21.9,D,0
-36.9248,149.3492,315.4,1.5,1.2,2014-07-03,0423,Aqua,MODIS,76,6.2,285.5,26.7,D,0
-38.0349,144.1856,333.1,1,1,2014-07-03,0423,Aqua,MODIS,88,6.2,288.6,34.6,D,0
-37.535,140.2948,301.6,1.3,1.1,2014-07-03,0423,Aqua,MODIS,45,6.2,286.3,7.8,D,0
-37.5334,140.3096,306.8,1.3,1.1,2014-07-03,0423,Aqua,MODIS,64,6.2,286.4,12.2,D,0
-38.3416,141.4217,306.3,1.2,1.1,2014-07-03,0423,Aqua,MODIS,43,6.2,286,10.3,D,0
-37.5372,140.3048,312.8,1.3,1.1,2014-07-03,0423,Aqua,MODIS,73,6.2,286.5,18.3,D,0
-35.4764,143.8717,317.7,1,1,2014-07-03,0424,Aqua,MODIS,78,6.2,289,16.9,D,0
-31.7768,150.7825,304.9,2.3,1.5,2014-07-03,0424,Aqua,MODIS,60,6.2,287,24.9,D,0
-35.0496,143.8395,310.4,1,1,2014-07-03,0424,Aqua,MODIS,70,6.2,290.1,10,D,0
-31.0128,150.1606,317.8,2.2,1.4,2014-07-03,0424,Aqua,MODIS,78,6.2,290.3,50.3,D,0
-31.8976,145.8452,311.3,1.2,1.1,2014-07-03,0424,Aqua,MODIS,65,6.2,295.2,10.1,D,0
-34.5194,142.7023,302.8,1,1,2014-07-03,0424,Aqua,MODIS,54,6.2,292.2,4.6,D,0
-31.8879,145.843,307,1.2,1.1,2014-07-03,0424,Aqua,MODIS,51,6.2,296.2,6.5,D,0
-33.5532,151.0679,300.1,2.2,1.4,2014-07-03,0424,Aqua,MODIS,26,6.2,288.5,14.3,D,0
-28.8857,149.3329,312.9,2.2,1.4,2014-07-03,0425,Aqua,MODIS,69,6.2,298.6,23.9,D,0
-28.544,149.5056,310.6,2.3,1.5,2014-07-03,0425,Aqua,MODIS,66,6.2,298.3,19.8,D,0
-30.5043,148.8741,314.5,1.9,1.3,2014-07-03,0425,Aqua,MODIS,75,6.2,292.7,30.6,D,0
-30.5131,148.871,307.9,1.9,1.3,2014-07-03,0425,Aqua,MODIS,66,6.2,292.2,18.7,D,0
-28.9989,148.4108,322.9,1.9,1.3,2014-07-03,0425,Aqua,MODIS,80,6.2,298.6,43.2,D,0
-29.0688,148.8749,324.1,2,1.4,2014-07-03,0425,Aqua,MODIS,81,6.2,298.3,52.8,D,0
-25.1946,149.0546,304.3,2.5,1.5,2014-07-03,0426,Aqua,MODIS,30,6.2,292.6,16.3,D,0
-25.1897,149.0797,307.4,2.5,1.5,2014-07-03,0426,Aqua,MODIS,53,6.2,293.7,24.3,D,0
-24.7496,147.1047,341,1.9,1.3,2014-07-03,0426,Aqua,MODIS,91,6.2,298.4,102.4,D,0
-24.7375,147.1023,311.8,1.9,1.3,2014-07-03,0426,Aqua,MODIS,60,6.2,296,19.5,D,0
-24.7411,147.0835,316.8,1.9,1.3,2014-07-03,0426,Aqua,MODIS,72,6.2,294.7,31.5,D,0
-24.7464,147.0989,326.3,1.9,1.3,2014-07-03,0426,Aqua,MODIS,82,6.2,298,53.4,D,0
-24.7497,147.0803,316.2,1.9,1.3,2014-07-03,0426,Aqua,MODIS,71,6.2,295.1,29.7,D,0
-24.7052,147.0521,310.6,1.9,1.3,2014-07-03,0426,Aqua,MODIS,48,6.2,295.5,17.5,D,0
-24.7701,147.1284,320.1,1.9,1.3,2014-07-03,0426,Aqua,MODIS,76,6.2,294.6,39.6,D,0
-24.7735,147.1101,331,1.9,1.3,2014-07-03,0426,Aqua,MODIS,85,6.2,294.2,71.6,D,0
-24.758,147.1261,334.3,1.9,1.3,2014-07-03,0426,Aqua,MODIS,87,6.2,297.8,76,D,0
-24.7615,147.1074,333.2,1.9,1.3,2014-07-03,0426,Aqua,MODIS,85,6.2,296.8,73.4,D,0
-24.7531,147.0862,328.3,1.9,1.3,2014-07-03,0426,Aqua,MODIS,72,6.2,295.9,57.1,D,0
-25.201,149.0636,305.8,2.5,1.5,2014-07-03,0426,Aqua,MODIS,53,6.2,291.8,21.8,D,0
-19.5102,146.2999,316,2.1,1.4,2014-07-03,0428,Aqua,MODIS,57,6.2,293.4,32.1,D,0
-18.0149,137.6912,319.4,1.1,1,2014-07-03,0428,Aqua,MODIS,65,6.2,305.2,8.8,D,0
-17.9995,138.8622,323.9,1,1,2014-07-03,0428,Aqua,MODIS,49,6.2,305.7,13,D,0
-17.8311,138.6203,326.8,1,1,2014-07-03,0428,Aqua,MODIS,77,6.2,301.6,15.2,D,0
-17.818,138.6474,332.6,1,1,2014-07-03,0428,Aqua,MODIS,83,6.2,305,22.6,D,0
-17.8194,138.6379,331.8,1,1,2014-07-03,0428,Aqua,MODIS,83,6.2,302.1,21.3,D,0
-19.5084,146.2375,329.8,2.1,1.4,2014-07-03,0428,Aqua,MODIS,86,6.2,295.8,70.7,D,0
-19.5614,146.2333,309.7,2.1,1.4,2014-07-03,0428,Aqua,MODIS,66,6.2,293.6,18.1,D,0
-14.6148,134.9309,315.7,1.4,1.2,2014-07-03,0429,Aqua,MODIS,58,6.2,300.8,10.7,D,0
-15.549,141.8586,324.8,1.2,1.1,2014-07-03,0429,Aqua,MODIS,79,6.2,301.8,21,D,0
-15.5528,141.9658,320.9,1.3,1.1,2014-07-03,0429,Aqua,MODIS,37,6.2,297.2,15,D,0
-14.7556,142.7385,323.2,1.4,1.2,2014-07-03,0429,Aqua,MODIS,70,6.2,298.3,27.5,D,0
-15.1637,142.9228,316.2,1.5,1.2,2014-07-03,0429,Aqua,MODIS,64,6.2,297.1,15.3,D,0
-16.3031,135.9485,331.5,1.2,1.1,2014-07-03,0429,Aqua,MODIS,83,6.2,308.5,27.5,D,0
-15.5336,141.7626,320,1.2,1.1,2014-07-03,0429,Aqua,MODIS,46,6.2,303.7,11.5,D,0
-16.3046,135.9368,329.2,1.2,1.1,2014-07-03,0429,Aqua,MODIS,80,6.2,310,23.9,D,0
-14.4337,142.6772,316,1.4,1.2,2014-07-03,0429,Aqua,MODIS,66,6.2,297,16.7,D,0
-16.3146,135.9382,330.1,1.2,1.1,2014-07-03,0429,Aqua,MODIS,81,6.2,307,25.2,D,0
-15.9716,135.4412,319.7,1.3,1.1,2014-07-03,0429,Aqua,MODIS,68,6.2,307,13.7,D,0
-15.8983,143.0744,351.3,1.5,1.2,2014-07-03,0429,Aqua,MODIS,83,6.2,299.1,101,D,0
-16.2931,135.947,334.5,1.2,1.1,2014-07-03,0429,Aqua,MODIS,85,6.2,308.5,32.2,D,0
-15.8876,143.0724,348.3,1.5,1.2,2014-07-03,0429,Aqua,MODIS,71,6.2,295.6,89.8,D,0
-16.8996,138.5799,322.3,1,1,2014-07-03,0429,Aqua,MODIS,75,6.2,301.3,13.8,D,0
-16.9009,138.5705,314.2,1,1,2014-07-03,0429,Aqua,MODIS,59,6.2,299.6,6.3,D,0
-16.9109,137.362,318.9,1.1,1,2014-07-03,0429,Aqua,MODIS,64,6.2,305.2,8.7,D,0
-15.1205,143.7494,310.5,1.7,1.3,2014-07-03,0429,Aqua,MODIS,38,6.2,294.9,11.8,D,0
-17.3888,139.0858,331.4,1,1,2014-07-03,0429,Aqua,MODIS,83,6.2,303.8,23,D,0
-17.3902,139.0764,317.3,1,1,2014-07-03,0429,Aqua,MODIS,47,6.2,303.2,7.1,D,0
-17.3785,139.0937,316.4,1,1,2014-07-03,0429,Aqua,MODIS,53,6.2,303.5,6.7,D,0
-16.4183,136.3905,334.4,1.2,1.1,2014-07-03,0429,Aqua,MODIS,85,6.2,307.8,27.5,D,0
-16.4042,136.4221,321.2,1.2,1.1,2014-07-03,0429,Aqua,MODIS,65,6.2,306.8,10,D,0
-16.4057,136.4111,321.5,1.2,1.1,2014-07-03,0429,Aqua,MODIS,53,6.2,309.6,9.7,D,0
-16.3765,136.407,321,1.2,1.1,2014-07-03,0429,Aqua,MODIS,68,6.2,308.6,9.7,D,0
-16.6121,136.8526,372.3,1.1,1.1,2014-07-03,0429,Aqua,MODIS,100,6.2,311.3,138.3,D,0
-16.6025,136.8512,315.2,1.1,1.1,2014-07-03,0429,Aqua,MODIS,57,6.2,304.7,6.3,D,0
-17.4244,138.8996,339.5,1,1,2014-07-03,0429,Aqua,MODIS,89,6.2,306.2,32.9,D,0
-17.4257,138.8902,333.4,1,1,2014-07-03,0429,Aqua,MODIS,85,6.2,306.6,23.7,D,0
-17.4271,138.8808,328.1,1,1,2014-07-03,0429,Aqua,MODIS,80,6.2,305.6,17,D,0
-17.4361,138.8822,317,1,1,2014-07-03,0429,Aqua,MODIS,50,6.2,303.4,5.9,D,0
-17.5665,138.6777,319.8,1,1,2014-07-03,0429,Aqua,MODIS,39,6.2,292.7,10.4,D,0
-17.5588,138.6668,334.6,1,1,2014-07-03,0429,Aqua,MODIS,61,6.2,298.4,25.4,D,0
-17.5561,138.6858,349.4,1,1,2014-07-03,0429,Aqua,MODIS,95,6.2,305.3,52,D,0
-17.5484,138.6749,343.3,1,1,2014-07-03,0429,Aqua,MODIS,77,6.2,305.7,38.3,D,0
-17.5524,138.6465,340.5,1,1,2014-07-03,0429,Aqua,MODIS,84,6.2,299.1,35.2,D,0
-16.6107,136.8631,328.9,1.1,1.1,2014-07-03,0429,Aqua,MODIS,80,6.2,306.3,22.5,D,0
-16.4324,136.3588,331.9,1.2,1.1,2014-07-03,0429,Aqua,MODIS,76,6.2,308.9,24.2,D,0
-17.5405,138.7316,325.5,1,1,2014-07-03,0429,Aqua,MODIS,57,6.2,303.5,13.6,D,0
-17.5418,138.7222,357.7,1,1,2014-07-03,0429,Aqua,MODIS,99,6.2,306.5,70.5,D,0
-17.5431,138.7127,338.4,1,1,2014-07-03,0429,Aqua,MODIS,88,6.2,304,30.3,D,0
-17.5444,138.7033,328.6,1,1,2014-07-03,0429,Aqua,MODIS,42,6.2,301.6,15.9,D,0
-16.5382,136.4199,357,1.2,1.1,2014-07-03,0429,Aqua,MODIS,98,6.2,310.4,87.7,D,0
-16.5397,136.4089,343.9,1.2,1.1,2014-07-03,0429,Aqua,MODIS,92,6.2,307.8,52.5,D,0
-16.5347,136.4241,334.6,1.2,1.1,2014-07-03,0429,Aqua,MODIS,85,6.2,308.6,31.2,D,0
-16.5362,136.4131,347.8,1.2,1.1,2014-07-03,0429,Aqua,MODIS,94,6.2,310.8,60.8,D,0
-16.5264,136.4117,317.2,1.2,1.1,2014-07-03,0429,Aqua,MODIS,56,6.2,306.3,6.8,D,0
-14.4448,141.9201,321.6,1.3,1.1,2014-07-03,0429,Aqua,MODIS,75,6.2,303,17.3,D,0
-13.4172,142.9731,318.8,1.6,1.2,2014-07-03,0429,Aqua,MODIS,54,6.2,297.6,21.4,D,0
-13.4062,142.9712,323.7,1.6,1.2,2014-07-03,0429,Aqua,MODIS,79,6.2,298,31.1,D,0
-14.4596,141.9537,315.3,1.3,1.1,2014-07-03,0429,Aqua,MODIS,59,6.2,300.6,9.6,D,0
-15.1152,131.0295,314.4,2.7,1.6,2014-07-03,0429,Aqua,MODIS,33,6.2,302,22.7,D,0
-15.3252,127.9497,318.2,4.6,2,2014-07-03,0429,Aqua,MODIS,66,6.2,302.6,77.1,D,0
-15.3247,127.958,315.3,4.6,2,2014-07-03,0429,Aqua,MODIS,49,6.2,302.5,53.3,D,0
-15.3949,127.9673,322.4,4.6,2,2014-07-03,0429,Aqua,MODIS,59,6.2,308.8,95.2,D,0
-15.4002,127.9227,325.2,4.7,2,2014-07-03,0429,Aqua,MODIS,70,6.2,305.1,139.7,D,0
-15.3988,127.9257,326.6,4.7,2,2014-07-03,0429,Aqua,MODIS,69,6.2,305.3,150.8,D,0
-15.3961,127.9641,323.4,4.6,2,2014-07-03,0429,Aqua,MODIS,69,6.2,308.6,108.1,D,0
-12.3938,132.5294,322.7,1.9,1.3,2014-07-03,0430,Aqua,MODIS,72,6.2,290.4,39,D,0
-13.8421,130.1154,318,3,1.7,2014-07-03,0430,Aqua,MODIS,69,6.2,297,49.2,D,0
-13.8448,130.0943,315.5,3,1.7,2014-07-03,0430,Aqua,MODIS,63,6.2,298.5,42.2,D,0
-13.8417,130.1227,313.7,3,1.7,2014-07-03,0430,Aqua,MODIS,48,6.2,296.5,33.2,D,0
-13.2879,142.1158,321.9,1.4,1.2,2014-07-03,0430,Aqua,MODIS,63,6.2,297.6,22,D,0
-13.2899,142.1031,343.5,1.4,1.2,2014-07-03,0430,Aqua,MODIS,92,6.2,299.4,70.1,D,0
-13.2282,142.4933,323,1.5,1.2,2014-07-03,0430,Aqua,MODIS,67,6.2,295.2,26,D,0
-13.2364,142.3048,342.4,1.4,1.2,2014-07-03,0430,Aqua,MODIS,92,6.2,300.9,68.3,D,0
-12.5534,130.6738,314.7,2.6,1.6,2014-07-03,0430,Aqua,MODIS,42,6.2,296,24.2,D,0
-13.2399,142.0816,345.1,1.4,1.2,2014-07-03,0430,Aqua,MODIS,93,6.2,300,71.4,D,0
-13.2123,142.0846,347.1,1.4,1.2,2014-07-03,0430,Aqua,MODIS,94,6.2,300.3,77.7,D,0
-13.1934,142.0686,333.3,1.4,1.2,2014-07-03,0430,Aqua,MODIS,54,6.2,299.6,39.6,D,0
-12.924,134.2203,312.8,1.4,1.2,2014-07-03,0430,Aqua,MODIS,39,6.2,291.8,10.5,D,0
-13.5472,134.6107,316.7,1.4,1.2,2014-07-03,0430,Aqua,MODIS,54,6.2,298.6,11.8,D,0
-12.9218,134.1526,313.6,1.5,1.2,2014-07-03,0430,Aqua,MODIS,49,6.2,295.1,11.4,D,0
-12.7926,135.5295,315.9,1.2,1.1,2014-07-03,0430,Aqua,MODIS,65,6.2,299.4,10.2,D,0
-12.0617,141.8964,321.7,1.4,1.2,2014-07-03,0430,Aqua,MODIS,66,6.2,301.3,20.3,D,0
-14.6522,132.3759,324.7,2.1,1.4,2014-07-03,0430,Aqua,MODIS,73,6.2,301.7,45.3,D,0
-14.649,132.388,322.5,2.1,1.4,2014-07-03,0430,Aqua,MODIS,73,6.2,302.8,39.9,D,0
-14.6513,132.3689,315.8,2.1,1.4,2014-07-03,0430,Aqua,MODIS,54,6.2,300.6,22.8,D,0
-13.2092,134.1415,345.3,1.5,1.2,2014-07-03,0430,Aqua,MODIS,93,6.2,299.5,82.3,D,0
-13.2075,134.1549,333.1,1.5,1.2,2014-07-03,0430,Aqua,MODIS,85,6.2,297,45.8,D,0
-14.6651,133.0072,319.5,1.9,1.3,2014-07-03,0430,Aqua,MODIS,66,6.2,303.9,17.2,D,0
-11.0876,132.5648,316.5,1.8,1.3,2014-07-03,0430,Aqua,MODIS,58,6.2,298,15.2,D,0
-12.8839,134.6935,318,1.3,1.1,2014-07-03,0430,Aqua,MODIS,71,6.2,293.1,14.5,D,0
-13.3107,142.1066,328.7,1.4,1.2,2014-07-03,0430,Aqua,MODIS,84,6.2,301.1,33.1,D,0
-13.2983,142.1175,331.1,1.4,1.2,2014-07-03,0430,Aqua,MODIS,85,6.2,299.8,37.9,D,0
-13.3003,142.1049,351.6,1.4,1.2,2014-07-03,0430,Aqua,MODIS,96,6.2,302.2,95,D,0
-13.2343,142.3178,318.8,1.4,1.2,2014-07-03,0430,Aqua,MODIS,44,6.2,300.9,16,D,0
-12.1244,132.8822,310.7,1.8,1.3,2014-07-03,0430,Aqua,MODIS,30,6.2,293.4,11.2,D,0
-11.6007,130.6902,309.1,2.5,1.5,2014-07-03,0430,Aqua,MODIS,52,6.2,290.4,19,D,0
-13.4989,134.4404,323.5,1.4,1.2,2014-07-03,0430,Aqua,MODIS,62,6.2,296.7,23.1,D,0
-13.4948,134.4331,332.4,1.4,1.2,2014-07-03,0430,Aqua,MODIS,84,6.2,296.9,40.7,D,0
-13.5006,134.4274,333,1.4,1.2,2014-07-03,0430,Aqua,MODIS,85,6.2,297.6,42.8,D,0
-11.7545,130.9671,311.2,2.4,1.5,2014-07-03,0430,Aqua,MODIS,47,6.2,290.2,23.1,D,0
-13.5054,134.4346,332.5,1.4,1.2,2014-07-03,0430,Aqua,MODIS,84,6.2,297.7,41.8,D,0
-12.2073,132.5628,315.8,1.9,1.3,2014-07-03,0430,Aqua,MODIS,63,6.2,293.5,22.8,D,0
-11.5913,130.7053,324.7,2.5,1.5,2014-07-03,0430,Aqua,MODIS,80,6.2,291,68.2,D,0
-13.544,134.3861,332.7,1.4,1.2,2014-07-03,0430,Aqua,MODIS,85,6.2,300,41.7,D,0
-13.5457,134.373,319.5,1.4,1.2,2014-07-03,0430,Aqua,MODIS,54,6.2,297.4,15.7,D,0
-12.5222,132.2289,311.5,2,1.4,2014-07-03,0430,Aqua,MODIS,41,6.2,293.4,14,D,0
-13.2562,134.3159,330.6,1.4,1.2,2014-07-03,0430,Aqua,MODIS,83,6.2,296.5,39.1,D,0
-11.9632,134.0368,316.3,1.4,1.2,2014-07-03,0430,Aqua,MODIS,53,6.2,300.8,11.7,D,0
-13.1115,134.6552,333.9,1.4,1.2,2014-07-03,0430,Aqua,MODIS,69,6.2,302.1,35.2,D,0
-13.1338,134.6456,346.5,1.4,1.2,2014-07-03,0430,Aqua,MODIS,93,6.2,301.8,68.8,D,0
-13.2775,134.3186,344.9,1.4,1.2,2014-07-03,0430,Aqua,MODIS,93,6.2,296.3,79,D,0
-12.9424,134.3293,312.3,1.4,1.2,2014-07-03,0430,Aqua,MODIS,22,6.2,291.1,10.1,D,0
-13.0601,141.9877,323.4,1.4,1.2,2014-07-03,0430,Aqua,MODIS,55,6.2,296.5,24.3,D,0
-11.6936,133.1177,311.3,1.7,1.3,2014-07-03,0430,Aqua,MODIS,45,6.2,298.1,10.5,D,0
-12.0254,134.0908,322.7,1.4,1.2,2014-07-03,0430,Aqua,MODIS,76,6.2,298.9,24.3,D,0
-13.3775,134.5885,342.6,1.4,1.2,2014-07-03,0430,Aqua,MODIS,91,6.2,302.6,59,D,0
-12.7465,132.5281,317.9,1.9,1.3,2014-07-03,0430,Aqua,MODIS,69,6.2,294.3,28.8,D,0
-13.181,142.0793,323.1,1.4,1.2,2014-07-03,0430,Aqua,MODIS,66,6.2,298.5,23.7,D,0
-13.316,134.8953,344.7,1.3,1.1,2014-07-03,0430,Aqua,MODIS,93,6.2,299.7,62.5,D,0
-11.9087,133.7496,328.2,1.5,1.2,2014-07-03,0430,Aqua,MODIS,76,6.2,299.4,34.2,D,0
-12.6066,134.8717,316.1,1.3,1.1,2014-07-03,0430,Aqua,MODIS,13,6.2,292.8,11.4,D,0
-13.182,134.6011,355.6,1.4,1.2,2014-07-03,0430,Aqua,MODIS,98,6.2,301,103.9,D,0
-13.3058,134.8939,324.5,1.3,1.1,2014-07-03,0430,Aqua,MODIS,78,6.2,298.6,19.9,D,0
-13.3045,134.0201,322.9,1.5,1.2,2014-07-03,0430,Aqua,MODIS,70,6.2,295.9,26.2,D,0
-13.4165,134.2082,319.2,1.5,1.2,2014-07-03,0430,Aqua,MODIS,65,6.2,295.7,19.1,D,0
-13.3677,134.796,324.2,1.3,1.1,2014-07-03,0430,Aqua,MODIS,77,6.2,303,18.9,D,0
-13.2025,134.571,325.8,1.4,1.2,2014-07-03,0430,Aqua,MODIS,60,6.2,296.6,24.6,D,0
-13.3792,134.5758,342.1,1.4,1.2,2014-07-03,0430,Aqua,MODIS,91,6.2,302.5,59.8,D,0
-12.7486,132.5106,317.6,1.9,1.3,2014-07-03,0430,Aqua,MODIS,69,6.2,293.6,28.3,D,0
-13.3527,134.8316,319.3,1.3,1.1,2014-07-03,0430,Aqua,MODIS,40,6.2,300,9.8,D,0
-12.0237,134.1039,324.1,1.4,1.2,2014-07-03,0430,Aqua,MODIS,78,6.2,299.6,26.6,D,0
-13.4068,134.572,330.3,1.4,1.2,2014-07-03,0430,Aqua,MODIS,66,6.2,301.8,30.4,D,0
-12.8432,131.1795,341.3,2.4,1.5,2014-07-03,0430,Aqua,MODIS,91,6.2,297.7,138.7,D,0
-12.0039,133.8934,316.1,1.5,1.2,2014-07-03,0430,Aqua,MODIS,54,6.2,295.6,14.6,D,0
-13.2639,134.1676,322.5,1.5,1.2,2014-07-03,0430,Aqua,MODIS,42,6.2,298.6,23.8,D,0
-13.6562,133.9433,335,1.5,1.2,2014-07-03,0430,Aqua,MODIS,60,6.2,298.4,48.7,D,0
-13.2532,134.1661,329.9,1.5,1.2,2014-07-03,0430,Aqua,MODIS,63,6.2,297.3,36.7,D,0
-13.3764,134.8098,334.6,1.3,1.1,2014-07-03,0430,Aqua,MODIS,86,6.2,301.2,37.9,D,0
-13.2548,134.1527,328.3,1.5,1.2,2014-07-03,0430,Aqua,MODIS,63,6.2,294.6,32.9,D,0
-13.2614,134.1618,334.7,1.5,1.2,2014-07-03,0430,Aqua,MODIS,77,6.2,298.5,48.1,D,0
-13.1231,133.5574,317.9,1.6,1.3,2014-07-03,0430,Aqua,MODIS,65,6.2,297.5,19.7,D,0
-11.9563,134.0892,316.8,1.4,1.2,2014-07-03,0430,Aqua,MODIS,47,6.2,299.3,12.3,D,0
-12.0021,133.9069,313.9,1.5,1.2,2014-07-03,0430,Aqua,MODIS,27,6.2,295.1,10.9,D,0
-11.9511,134.1282,317.4,1.4,1.2,2014-07-03,0430,Aqua,MODIS,48,6.2,298.5,13.9,D,0
-13.1916,134.8222,323.3,1.3,1.1,2014-07-03,0430,Aqua,MODIS,72,6.2,296.8,16.6,D,0
-13.1332,142.0645,324.2,1.4,1.2,2014-07-03,0430,Aqua,MODIS,65,6.2,298.4,24.8,D,0
-13.3252,134.5813,327.6,1.4,1.2,2014-07-03,0430,Aqua,MODIS,41,6.2,302.2,25.4,D,0
-13.3533,134.611,321.6,1.4,1.2,2014-07-03,0430,Aqua,MODIS,42,6.2,300.7,15.8,D,0
-13.3897,134.5772,328.6,1.4,1.2,2014-07-03,0430,Aqua,MODIS,56,6.2,302,26.9,D,0
-13.1666,134.6373,326.6,1.4,1.2,2014-07-03,0430,Aqua,MODIS,15,6.2,299.8,21.8,D,0
-11.8544,133.7229,339.1,1.5,1.2,2014-07-03,0430,Aqua,MODIS,59,6.2,299.9,59.6,D,0
-11.856,133.7287,376.8,1.5,1.2,2014-07-03,0430,Aqua,MODIS,100,6.2,302.3,240.3,D,0
-12.5675,130.6756,316.5,2.6,1.6,2014-07-03,0430,Aqua,MODIS,60,6.2,295.9,31.5,D,0
-12.6846,135.6528,311.3,1.2,1.1,2014-07-03,0430,Aqua,MODIS,53,6.2,295.6,7.2,D,0
-13.2472,134.3013,318.4,1.4,1.2,2014-07-03,0430,Aqua,MODIS,69,6.2,296.1,18.7,D,0
-12.6412,134.2041,310.5,1.4,1.2,2014-07-03,0430,Aqua,MODIS,30,6.2,292.4,8.3,D,0
-12.4094,132.601,314.6,1.9,1.3,2014-07-03,0430,Aqua,MODIS,37,6.2,294.6,18.7,D,0
-13.1049,134.6477,328.4,1.4,1.2,2014-07-03,0430,Aqua,MODIS,49,6.2,298.5,25.7,D,0
-13.6586,133.9346,337.5,1.5,1.2,2014-07-03,0430,Aqua,MODIS,74,6.2,297.9,54.8,D,0
-13.6568,133.9488,333.8,1.5,1.2,2014-07-03,0430,Aqua,MODIS,54,6.2,297.2,45.8,D,0
-13.6678,133.9503,352.8,1.5,1.2,2014-07-03,0430,Aqua,MODIS,91,6.2,299.3,114.5,D,0
-13.2446,134.4073,339.8,1.4,1.2,2014-07-03,0430,Aqua,MODIS,90,6.2,297.3,59.8,D,0
-13.3131,134.4231,321.5,1.4,1.2,2014-07-03,0430,Aqua,MODIS,55,6.2,295.5,19.3,D,0
-13.3357,134.5827,333.1,1.4,1.2,2014-07-03,0430,Aqua,MODIS,66,6.2,301.9,36.5,D,0
-13.3858,134.5691,332.9,1.4,1.2,2014-07-03,0430,Aqua,MODIS,71,6.2,300.3,36.1,D,0
-13.3032,134.1176,322.5,1.5,1.2,2014-07-03,0430,Aqua,MODIS,75,6.2,299.2,22.7,D,0
-13.2685,134.3041,327,1.4,1.2,2014-07-03,0430,Aqua,MODIS,59,6.2,293.7,30.5,D,0
-13.2348,134.4846,320,1.4,1.2,2014-07-03,0430,Aqua,MODIS,54,6.2,297.9,17.5,D,0
-12.5629,134.8898,334.3,1.3,1.1,2014-07-03,0430,Aqua,MODIS,87,6.2,298.3,41.7,D,0
-13.2079,134.5661,321.3,1.4,1.2,2014-07-03,0430,Aqua,MODIS,60,6.2,296.7,18.1,D,0
-13.1886,135.0056,322,1.3,1.1,2014-07-03,0430,Aqua,MODIS,75,6.2,298.1,15,D,0
-13.3049,134.9796,320,1.3,1.1,2014-07-03,0430,Aqua,MODIS,73,6.2,297.5,13.1,D,0
-13.0912,134.6712,324.8,1.4,1.2,2014-07-03,0430,Aqua,MODIS,79,6.2,299.9,19.7,D,0
-13.2579,134.3027,341.6,1.4,1.2,2014-07-03,0430,Aqua,MODIS,91,6.2,296.9,67,D,0
-13.1234,134.6441,331.7,1.4,1.2,2014-07-03,0430,Aqua,MODIS,48,6.2,300,31.4,D,0
-13.2668,134.3173,338.2,1.4,1.2,2014-07-03,0430,Aqua,MODIS,89,6.2,296,57,D,0
-13.3842,134.5819,337.7,1.4,1.2,2014-07-03,0430,Aqua,MODIS,88,6.2,303.5,47,D,0
-12.8458,131.1572,319.7,2.4,1.5,2014-07-03,0430,Aqua,MODIS,50,6.2,295.4,36.3,D,0
-13.251,134.9964,323.8,1.3,1.1,2014-07-03,0430,Aqua,MODIS,68,6.2,298.5,16.6,D,0
-13.4148,134.2216,315.3,1.5,1.2,2014-07-03,0430,Aqua,MODIS,38,6.2,297.8,12.1,D,0
-12.5644,134.878,312.3,1.3,1.1,2014-07-03,0430,Aqua,MODIS,49,6.2,295.8,7,D,0
-13.2938,134.577,335.8,1.4,1.2,2014-07-03,0430,Aqua,MODIS,70,6.2,301,42.5,D,0
-11.8887,133.7329,324.2,1.5,1.2,2014-07-03,0430,Aqua,MODIS,14,6.2,296.6,24,D,0
-12.5225,131.5755,314.8,2.2,1.4,2014-07-03,0430,Aqua,MODIS,51,6.2,297.4,24.6,D,0
-13.19,134.8344,350.8,1.3,1.1,2014-07-03,0430,Aqua,MODIS,96,6.2,299.6,82.3,D,0
-13.3445,134.5969,331.5,1.4,1.2,2014-07-03,0430,Aqua,MODIS,61,6.2,302.6,32.5,D,0
-13.0565,134.8533,330.1,1.3,1.1,2014-07-03,0430,Aqua,MODIS,83,6.2,296,33.3,D,0
-13.0848,134.8638,313.4,1.3,1.1,2014-07-03,0430,Aqua,MODIS,51,6.2,292.9,8,D,0
-13.0669,130.8212,320.7,2.6,1.6,2014-07-03,0430,Aqua,MODIS,73,6.2,300.5,44.2,D,0
-13.0668,134.8548,325.1,1.3,1.1,2014-07-03,0430,Aqua,MODIS,79,6.2,296.5,23.5,D,0
-13.0882,134.9982,315.3,1.3,1.1,2014-07-03,0430,Aqua,MODIS,57,6.2,295.3,7.3,D,0
-13.2552,134.4087,340.6,1.4,1.2,2014-07-03,0430,Aqua,MODIS,90,6.2,297.1,61.1,D,0
-13.2243,134.4832,321.4,1.4,1.2,2014-07-03,0430,Aqua,MODIS,57,6.2,297.2,19.9,D,0
-13.217,134.6243,323.5,1.4,1.2,2014-07-03,0430,Aqua,MODIS,56,6.2,299.7,18.3,D,0
-13.4084,134.5593,334.9,1.4,1.2,2014-07-03,0430,Aqua,MODIS,64,6.2,301.1,41,D,0
-12.2114,133.8978,317.1,1.5,1.2,2014-07-03,0430,Aqua,MODIS,38,6.2,294.3,16.7,D,0
-13.1054,134.1482,320.7,1.5,1.2,2014-07-03,0430,Aqua,MODIS,73,6.2,293.2,21.8,D,0
-13.1837,134.5885,329.9,1.4,1.2,2014-07-03,0430,Aqua,MODIS,55,6.2,298.6,31.2,D,0
-13.378,134.7975,327.1,1.3,1.1,2014-07-03,0430,Aqua,MODIS,80,6.2,300.3,23.7,D,0
-13.2332,134.4974,322.4,1.4,1.2,2014-07-03,0430,Aqua,MODIS,72,6.2,298.4,21.4,D,0
-13.0581,134.8413,319.1,1.3,1.1,2014-07-03,0430,Aqua,MODIS,72,6.2,295.6,15.2,D,0
-13.315,134.3638,324.1,1.4,1.2,2014-07-03,0430,Aqua,MODIS,57,6.2,293,25.1,D,0
-13.2792,134.3054,337,1.4,1.2,2014-07-03,0430,Aqua,MODIS,88,6.2,294.1,56.4,D,0
-12.525,131.555,315.6,2.2,1.5,2014-07-03,0430,Aqua,MODIS,64,6.2,296,26.6,D,0
-13.0928,134.6587,334.2,1.4,1.2,2014-07-03,0430,Aqua,MODIS,86,6.2,300.2,38.9,D,0
-12.5336,131.256,315.2,2.4,1.5,2014-07-03,0430,Aqua,MODIS,65,6.2,295.7,31.9,D,0
-13.1885,134.8466,322.9,1.3,1.1,2014-07-03,0430,Aqua,MODIS,69,6.2,299.7,14.7,D,0
-12.4642,130.6561,312.8,2.6,1.6,2014-07-03,0430,Aqua,MODIS,21,6.2,292.2,23.9,D,0
-11.9495,134.1411,318.8,1.4,1.2,2014-07-03,0430,Aqua,MODIS,66,6.2,298.1,16.7,D,0
-12.7428,132.5225,320.6,1.9,1.3,2014-07-03,0430,Aqua,MODIS,69,6.2,294.6,32.1,D,0
-13.37,130.5489,318.7,2.8,1.6,2014-07-03,0430,Aqua,MODIS,69,6.2,298.2,43.4,D,0
-13.373,130.5234,325.9,2.8,1.6,2014-07-03,0430,Aqua,MODIS,78,6.2,297.2,77.5,D,0
-14.1639,130.6224,314.3,2.8,1.6,2014-07-03,0430,Aqua,MODIS,56,6.2,300,30,D,0
-14.1611,130.6151,314,2.8,1.6,2014-07-03,0430,Aqua,MODIS,42,6.2,300.6,26.2,D,0
-13.6123,134.7279,324.4,1.4,1.2,2014-07-03,0430,Aqua,MODIS,77,6.2,298.2,20.6,D,0
-13.6106,134.7404,354,1.4,1.2,2014-07-03,0430,Aqua,MODIS,97,6.2,302.8,96.8,D,0
-13.7294,134.6989,320.4,1.4,1.2,2014-07-03,0430,Aqua,MODIS,62,6.2,301.8,14.6,D,0
-13.9767,134.6598,324.5,1.4,1.2,2014-07-03,0430,Aqua,MODIS,77,6.2,302.9,22.6,D,0
-13.6145,134.936,318.3,1.3,1.1,2014-07-03,0430,Aqua,MODIS,45,6.2,302.3,9.8,D,0
-13.683,134.5627,321.5,1.4,1.2,2014-07-03,0430,Aqua,MODIS,58,6.2,301.6,16,D,0
-13.6651,134.7031,321.8,1.4,1.2,2014-07-03,0430,Aqua,MODIS,68,6.2,301.7,16.7,D,0
-13.7591,134.3051,315,1.5,1.2,2014-07-03,0430,Aqua,MODIS,59,6.2,298.4,10.1,D,0
-13.2774,132.2229,317.9,2,1.4,2014-07-03,0430,Aqua,MODIS,54,6.2,299,21.7,D,0
-13.4589,134.8027,325.7,1.3,1.1,2014-07-03,0430,Aqua,MODIS,78,6.2,302.5,22.3,D,0
-13.807,133.9315,315,1.6,1.2,2014-07-03,0430,Aqua,MODIS,17,6.2,295.8,9.7,D,0
-13.5708,134.0879,327.2,1.5,1.2,2014-07-03,0430,Aqua,MODIS,80,6.2,292.7,35.3,D,0
-13.4604,134.7903,333.9,1.3,1.1,2014-07-03,0430,Aqua,MODIS,86,6.2,301.5,39.3,D,0
-13.6341,133.8532,330.8,1.6,1.2,2014-07-03,0430,Aqua,MODIS,18,6.2,297.3,40,D,0
-13.6813,134.5759,323.9,1.4,1.2,2014-07-03,0430,Aqua,MODIS,72,6.2,303,19.4,D,0
-13.933,133.8427,323.9,1.6,1.2,2014-07-03,0430,Aqua,MODIS,66,6.2,295.5,28.7,D,0
-13.4518,134.7952,325.2,1.3,1.1,2014-07-03,0430,Aqua,MODIS,78,6.2,301.6,23,D,0
-13.8756,134.0184,330.9,1.5,1.2,2014-07-03,0430,Aqua,MODIS,83,6.2,296.3,43.3,D,0
-13.9141,133.98,314.4,1.5,1.2,2014-07-03,0430,Aqua,MODIS,36,6.2,295.5,10.9,D,0
-13.9233,133.9084,314.4,1.6,1.2,2014-07-03,0430,Aqua,MODIS,45,6.2,294.5,13.1,D,0
-13.4482,134.4995,339.5,1.4,1.2,2014-07-03,0430,Aqua,MODIS,88,6.2,297.3,55.9,D,0
-13.6656,133.8774,343.3,1.6,1.2,2014-07-03,0430,Aqua,MODIS,86,6.2,294.9,75,D,0
-13.7077,133.72,311.5,1.6,1.2,2014-07-03,0430,Aqua,MODIS,31,6.2,296.9,9.1,D,0
-13.5219,132.8075,327.7,1.9,1.3,2014-07-03,0430,Aqua,MODIS,80,6.2,294.5,48.8,D,0
-13.9543,134.4975,321.4,1.4,1.2,2014-07-03,0430,Aqua,MODIS,44,6.2,302.9,13.6,D,0
-13.9505,134.4915,326.1,1.4,1.2,2014-07-03,0430,Aqua,MODIS,75,6.2,302.6,21.5,D,0
-13.9259,134.5149,318.6,1.4,1.2,2014-07-03,0430,Aqua,MODIS,69,6.2,299.6,9.9,D,0
-13.6281,134.7682,375.8,1.4,1.2,2014-07-03,0430,Aqua,MODIS,100,6.2,304.5,195.4,D,0
-13.6364,134.7631,321,1.4,1.2,2014-07-03,0430,Aqua,MODIS,26,6.2,296.7,15.9,D,0
-13.4498,134.4865,354.5,1.4,1.2,2014-07-03,0430,Aqua,MODIS,97,6.2,297.1,106.4,D,0
-13.8558,134.0869,324.2,1.5,1.2,2014-07-03,0430,Aqua,MODIS,65,6.2,298.8,29.7,D,0
-13.6156,134.942,321.2,1.3,1.1,2014-07-03,0430,Aqua,MODIS,73,6.2,302.9,14.5,D,0
-13.623,133.8516,321.4,1.6,1.2,2014-07-03,0430,Aqua,MODIS,44,6.2,295.3,21.5,D,0
-13.9047,133.788,332,1.6,1.2,2014-07-03,0430,Aqua,MODIS,84,6.2,294.6,48.5,D,0
-12.8079,131.1682,320.7,2.4,1.5,2014-07-03,0430,Aqua,MODIS,63,6.2,297.9,38.7,D,0
-13.5018,134.7961,349.8,1.3,1.1,2014-07-03,0430,Aqua,MODIS,95,6.2,304.2,81.1,D,0
-13.4594,134.0667,318.1,1.5,1.2,2014-07-03,0430,Aqua,MODIS,45,6.2,292.7,19.7,D,0
-13.4914,134.7947,324.8,1.3,1.1,2014-07-03,0430,Aqua,MODIS,66,6.2,304.3,20.5,D,0
-13.8643,133.9299,341.2,1.6,1.2,2014-07-03,0430,Aqua,MODIS,90,6.2,299.2,72.1,D,0
-13.8404,133.9414,319.8,1.6,1.2,2014-07-03,0430,Aqua,MODIS,45,6.2,296.2,17.8,D,0
-13.8311,133.9256,338.9,1.6,1.2,2014-07-03,0430,Aqua,MODIS,89,6.2,298.6,65.5,D,0
-13.8402,133.9359,323.3,1.6,1.2,2014-07-03,0430,Aqua,MODIS,54,6.2,296.4,24.1,D,0
-13.8082,134.2897,319.1,1.5,1.2,2014-07-03,0430,Aqua,MODIS,69,6.2,299.2,16,D,0
-13.6327,134.4035,318.3,1.4,1.2,2014-07-03,0430,Aqua,MODIS,68,6.2,303.1,12.1,D,0
-13.2797,132.204,318.3,2.1,1.4,2014-07-03,0430,Aqua,MODIS,50,6.2,297.7,21,D,0
-13.8291,133.9344,331.9,1.6,1.2,2014-07-03,0430,Aqua,MODIS,71,6.2,298.4,41.4,D,0
-13.8309,133.9201,329.6,1.6,1.2,2014-07-03,0430,Aqua,MODIS,47,6.2,297.9,37.2,D,0
-13.7616,134.9866,324.3,1.3,1.1,2014-07-03,0430,Aqua,MODIS,77,6.2,300.9,21.4,D,0
-13.493,134.7823,319.4,1.3,1.2,2014-07-03,0430,Aqua,MODIS,42,6.2,300.6,13.4,D,0
-13.7192,133.899,330.9,1.6,1.2,2014-07-03,0430,Aqua,MODIS,79,6.2,295.8,39.5,D,0
-13.9238,134.4475,332.4,1.4,1.2,2014-07-03,0430,Aqua,MODIS,84,6.2,302.9,35.3,D,0
-13.9131,134.4461,343,1.4,1.2,2014-07-03,0430,Aqua,MODIS,91,6.2,305.4,65,D,0
-13.9148,134.4328,327.9,1.4,1.2,2014-07-03,0430,Aqua,MODIS,80,6.2,301.8,27.1,D,0
-13.609,134.7529,333.1,1.4,1.2,2014-07-03,0430,Aqua,MODIS,85,6.2,303.1,34.4,D,0
-13.7173,133.9134,351.4,1.6,1.2,2014-07-03,0430,Aqua,MODIS,96,6.2,301.3,105.9,D,0
-12.8162,131.176,322.8,2.4,1.5,2014-07-03,0430,Aqua,MODIS,76,6.2,297.9,47.7,D,0
-13.9308,133.8507,314.1,1.6,1.2,2014-07-03,0430,Aqua,MODIS,27,6.2,293.1,11.1,D,0
-13.7469,133.8588,324.3,1.6,1.2,2014-07-03,0430,Aqua,MODIS,64,6.2,294,26,D,0
-13.6638,133.8917,357.5,1.6,1.2,2014-07-03,0430,Aqua,MODIS,98,6.2,294.9,131.4,D,0
-13.745,133.8733,341,1.6,1.2,2014-07-03,0430,Aqua,MODIS,90,6.2,298.4,71.4,D,0
-13.9326,133.8361,326.8,1.6,1.2,2014-07-03,0430,Aqua,MODIS,75,6.2,296.9,35,D,0
-13.7459,133.88,331.9,1.6,1.2,2014-07-03,0430,Aqua,MODIS,55,6.2,298.8,41.7,D,0
-13.6348,134.7756,336.1,1.4,1.2,2014-07-03,0430,Aqua,MODIS,87,6.2,300.5,44.8,D,0
-13.7311,134.6862,320.5,1.4,1.2,2014-07-03,0430,Aqua,MODIS,59,6.2,299.3,14.3,D,0
-13.1315,142.3218,322.9,1.4,1.2,2014-07-03,0430,Aqua,MODIS,52,6.2,297.4,24.7,D,0
-14.4163,132.5957,315.7,2,1.4,2014-07-03,0430,Aqua,MODIS,62,6.2,300.5,18.4,D,0
-13.5617,134.0727,337.7,1.5,1.2,2014-07-03,0430,Aqua,MODIS,67,6.2,289.7,60.8,D,0
-13.5726,134.0741,314,1.5,1.2,2014-07-03,0430,Aqua,MODIS,23,6.2,290.1,11.8,D,0
-13.5164,132.8001,321.9,1.9,1.3,2014-07-03,0430,Aqua,MODIS,74,6.2,293.7,33.4,D,0
-13.9215,133.8347,322.6,1.6,1.2,2014-07-03,0430,Aqua,MODIS,36,6.2,296.3,25.2,D,0
-13.9028,133.8026,319.8,1.6,1.2,2014-07-03,0430,Aqua,MODIS,25,6.2,294.4,18.9,D,0
-13.6636,133.8863,357.2,1.6,1.2,2014-07-03,0430,Aqua,MODIS,98,6.2,296.6,130.4,D,0
-13.8125,133.9758,325.8,1.5,1.2,2014-07-03,0430,Aqua,MODIS,76,6.2,295.5,29,D,0
-13.6178,134.7668,341.2,1.4,1.2,2014-07-03,0430,Aqua,MODIS,90,6.2,302.1,53.4,D,0
-13.6161,134.7793,354.5,1.4,1.2,2014-07-03,0430,Aqua,MODIS,97,6.2,304.8,95.4,D,0
-13.5909,134.4781,330.1,1.4,1.2,2014-07-03,0430,Aqua,MODIS,82,6.2,301.1,34.9,D,0
-13.4621,134.475,321.2,1.4,1.2,2014-07-03,0430,Aqua,MODIS,33,6.2,295.9,19,D,0
-30.8704,121.484,307,1.3,1.1,2014-07-03,0604,Aqua,MODIS,65,6.2,293.7,8.5,D,0
-25.7668,126.6854,311.9,3.6,1.8,2014-07-03,0605,Aqua,MODIS,61,6.2,297.1,43.8,D,0
-25.7757,126.6829,310.3,3.6,1.8,2014-07-03,0605,Aqua,MODIS,56,6.2,297.2,36.2,D,0
-21.8757,116.4454,330.7,1,1,2014-07-03,0606,Aqua,MODIS,81,6.2,306.9,20.5,D,0
-21.9015,116.4598,329.6,1,1,2014-07-03,0606,Aqua,MODIS,80,6.2,304.3,19.5,D,0
-21.9,116.4697,318.9,1,1,2014-07-03,0606,Aqua,MODIS,41,6.2,304.6,7,D,0
-21.891,116.4681,358.6,1,1,2014-07-03,0606,Aqua,MODIS,99,6.2,308,74.3,D,0
-21.8924,116.4583,354.2,1,1,2014-07-03,0606,Aqua,MODIS,97,6.2,308.2,63.2,D,0
-21.8848,116.447,322.3,1,1,2014-07-03,0606,Aqua,MODIS,53,6.2,305.3,10.2,D,0
-20.1826,119.505,338.7,1.5,1.2,2014-07-03,0606,Aqua,MODIS,88,6.2,306.6,56.6,D,0
-20.1803,119.5189,342.9,1.5,1.2,2014-07-03,0606,Aqua,MODIS,91,6.2,307,69.3,D,0
-20.1672,119.5308,322.9,1.5,1.2,2014-07-03,0606,Aqua,MODIS,72,6.2,305,21.7,D,0
-20.1695,119.5169,342.4,1.5,1.2,2014-07-03,0606,Aqua,MODIS,90,6.2,307.4,69.7,D,0
-22.7741,122.6616,317.3,2.2,1.4,2014-07-03,0606,Aqua,MODIS,67,6.2,301.1,29.1,D,0
-22.7702,122.6827,321.1,2.2,1.4,2014-07-03,0606,Aqua,MODIS,73,6.2,301.9,40.1,D,0
-21.6034,116.5404,316.1,1,1,2014-07-03,0606,Aqua,MODIS,50,6.2,304.4,6.4,D,0
-20.6128,116.7562,319.4,1.1,1,2014-07-03,0606,Aqua,MODIS,0,6.2,299.7,11.4,D,0
-21.1325,118.7892,320.6,1.3,1.1,2014-07-03,0606,Aqua,MODIS,67,6.2,306.3,13.6,D,0
-20.7541,119.5952,323.1,1.5,1.2,2014-07-03,0606,Aqua,MODIS,58,6.2,306.9,18.5,D,0
-20.1994,119.537,317.2,1.5,1.2,2014-07-03,0606,Aqua,MODIS,44,6.2,305.3,11.3,D,0
-20.8135,119.5993,320.6,1.4,1.2,2014-07-03,0606,Aqua,MODIS,16,6.2,306.6,13.5,D,0
-20.7851,119.6367,322.6,1.5,1.2,2014-07-03,0606,Aqua,MODIS,62,6.2,306.6,17.7,D,0
-20.7744,119.6347,322.5,1.5,1.2,2014-07-03,0606,Aqua,MODIS,38,6.2,307,16.9,D,0
-21.2386,118.8907,317.6,1.3,1.1,2014-07-03,0606,Aqua,MODIS,60,6.2,305.1,10.5,D,0
-20.101,119.5124,370.7,1.5,1.2,2014-07-03,0607,Aqua,MODIS,100,6.2,308.2,195.7,D,0
-20.0903,119.5103,320.5,1.5,1.2,2014-07-03,0607,Aqua,MODIS,69,6.2,304.3,20.1,D,0
-20.0986,119.5263,328.2,1.5,1.2,2014-07-03,0607,Aqua,MODIS,79,6.2,303,34.2,D,0
-17.0806,122.3629,317.7,2.7,1.6,2014-07-03,0607,Aqua,MODIS,69,6.2,302.4,42.2,D,0
-17.09,122.391,325.3,2.7,1.6,2014-07-03,0607,Aqua,MODIS,79,6.2,304.3,71.9,D,0
-17.0947,122.3658,330.3,2.7,1.6,2014-07-03,0607,Aqua,MODIS,83,6.2,302.1,97.6,D,0
-17.6118,122.2988,318.8,2.6,1.6,2014-07-03,0607,Aqua,MODIS,62,6.2,306.3,36.6,D,0
-17.6156,122.3047,317.6,2.6,1.6,2014-07-03,0607,Aqua,MODIS,59,6.2,305.2,32.4,D,0
-15.8861,127.8569,310.1,1.3,1.1,2014-07-03,1354,Terra,MODIS,23,6.2,289.9,12.5,N,0
-15.8799,127.8367,302.7,1.3,1.1,2014-07-03,1354,Terra,MODIS,33,6.2,289.7,7.8,N,0
-15.8783,127.849,301.6,1.3,1.1,2014-07-03,1354,Terra,MODIS,6,6.2,289.2,6.6,N,0
-15.8884,127.8511,310.5,1.3,1.1,2014-07-03,1354,Terra,MODIS,39,6.2,290,13.9,N,0
-15.9064,127.8596,309.9,1.3,1.1,2014-07-03,1354,Terra,MODIS,50,6.2,289.5,12.9,N,0
-15.9049,127.8716,329.4,1.3,1.1,2014-07-03,1354,Terra,MODIS,100,6.2,291.7,40.5,N,0
-17.8981,128.3555,304.4,1.3,1.1,2014-07-03,1354,Terra,MODIS,60,6.2,280.2,13.3,N,0
-17.888,128.3541,316.6,1.3,1.1,2014-07-03,1354,Terra,MODIS,94,6.2,280.5,25.4,N,0
-15.6326,127.035,309.1,1.5,1.2,2014-07-03,1355,Terra,MODIS,77,6.2,285,19.8,N,0
-13.8157,129.8002,310.9,1,1,2014-07-03,1355,Terra,MODIS,44,6.2,286.4,10.7,N,0
-13.8235,129.811,309.8,1,1,2014-07-03,1355,Terra,MODIS,78,6.2,285.6,10.9,N,0
-14.2136,132.0286,302.5,1,1,2014-07-03,1355,Terra,MODIS,50,6.2,289.6,5.5,N,0
-15.4006,127.9222,305.2,1.3,1.1,2014-07-03,1355,Terra,MODIS,63,6.2,290.3,9.6,N,0
-15.4152,127.8888,302.1,1.3,1.1,2014-07-03,1355,Terra,MODIS,34,6.2,289.9,6.9,N,0
-15.4021,127.9106,304.1,1.3,1.1,2014-07-03,1355,Terra,MODIS,49,6.2,290.5,8.3,N,0
-15.4036,127.899,301,1.3,1.1,2014-07-03,1355,Terra,MODIS,8,6.2,290,5.7,N,0
-15.3991,127.9337,301.6,1.3,1.1,2014-07-03,1355,Terra,MODIS,29,6.2,289.5,7.5,N,0
-11.6098,130.449,302,1,1,2014-07-03,1355,Terra,MODIS,46,6.2,291.2,4.3,N,0
-15.2264,127.5312,300.8,1.3,1.1,2014-07-03,1355,Terra,MODIS,34,6.2,286.2,8.5,N,0
-15.629,127.0283,303,1.5,1.2,2014-07-03,1355,Terra,MODIS,34,6.2,284.2,11.4,N,0
-13.8248,129.8016,340.9,1,1,2014-07-03,1355,Terra,MODIS,100,6.2,288.2,47.8,N,0
-13.6361,133.8522,309.7,1.3,1.1,2014-07-03,1355,Terra,MODIS,78,6.2,289.1,14.8,N,0
-13.673,133.8762,305.4,1.3,1.1,2014-07-03,1355,Terra,MODIS,64,6.2,287.9,11,N,0
-14.6503,132.375,303.2,1.1,1,2014-07-03,1355,Terra,MODIS,54,6.2,288.1,7,N,0
-12.4995,134.3048,310.5,1.4,1.2,2014-07-03,1355,Terra,MODIS,80,6.2,291.4,15.9,N,0
-12.5099,132.3356,303.8,1.1,1,2014-07-03,1355,Terra,MODIS,57,6.2,290.7,6.4,N,0
-11.9363,134.1292,304,1.4,1.2,2014-07-03,1355,Terra,MODIS,14,6.2,291.6,7.4,N,0
-12.1935,134.1127,304.6,1.4,1.2,2014-07-03,1355,Terra,MODIS,61,6.2,289.4,10.4,N,0
-12.489,134.3031,305.5,1.4,1.2,2014-07-03,1355,Terra,MODIS,65,6.2,291.4,10.4,N,0
-12.4884,130.7365,305,1,1,2014-07-03,1355,Terra,MODIS,63,6.2,290.5,6.2,N,0
-12.4974,134.3176,307.1,1.4,1.2,2014-07-03,1355,Terra,MODIS,70,6.2,291.3,12,N,0
-13.8261,129.7921,304.9,1,1,2014-07-03,1355,Terra,MODIS,39,6.2,285.3,7.1,N,0
-14.1601,130.6227,302.2,1,1,2014-07-03,1355,Terra,MODIS,43,6.2,285.9,5.7,N,0
-14.1614,130.6135,301.6,1,1,2014-07-03,1355,Terra,MODIS,42,6.2,285.2,5.5,N,0
-13.817,129.7908,327.5,1,1,2014-07-03,1355,Terra,MODIS,100,6.2,286.2,27.1,N,0
-13.3554,130.4875,300.7,1.3,1.1,2014-07-03,1658,Aqua,MODIS,32,6.2,287.1,9,N,0
-11.9374,134.1312,303,2.2,1.5,2014-07-03,1658,Aqua,MODIS,52,6.2,289.9,17.4,N,0
-15.4082,127.8871,300.4,1,1,2014-07-03,1659,Aqua,MODIS,21,6.2,289.2,5,N,0
-14.9249,126.0915,317.6,1,1,2014-07-03,1659,Aqua,MODIS,95,6.2,282.3,18.8,N,0
-15.2569,127.5381,306.6,1,1,2014-07-03,1659,Aqua,MODIS,68,6.2,284.1,9.3,N,0
-15.2317,127.5484,307.7,1,1,2014-07-03,1659,Aqua,MODIS,32,6.2,284.1,9.5,N,0
-15.2304,127.539,313.7,1,1,2014-07-03,1659,Aqua,MODIS,82,6.2,285.4,13.8,N,0
-14.9263,126.1009,313.4,1,1,2014-07-03,1659,Aqua,MODIS,87,6.2,282,15.2,N,0
-15.3279,127.9735,307.2,1,1,2014-07-03,1659,Aqua,MODIS,71,6.2,288.4,10.2,N,0
-15.4096,127.8967,305.5,1,1,2014-07-03,1659,Aqua,MODIS,65,6.2,289.9,7.8,N,0
-15.266,127.5368,313.9,1,1,2014-07-03,1659,Aqua,MODIS,88,6.2,285.5,14.4,N,0
-15.8811,127.8541,304.9,1,1,2014-07-03,1659,Aqua,MODIS,40,6.2,290.3,7.1,N,0
-15.893,127.8722,311.3,1,1,2014-07-03,1659,Aqua,MODIS,28,6.2,291.2,10.6,N,0
-15.9337,127.8956,302.9,1,1,2014-07-03,1659,Aqua,MODIS,40,6.2,289.5,6.1,N,0
-20.1291,119.5755,300.9,1.9,1.4,2014-07-03,1701,Aqua,MODIS,36,6.2,280.6,20.4,N,0
-20.1608,119.5829,300.1,1.9,1.4,2014-07-03,1701,Aqua,MODIS,8,6.2,281.7,16.7,N,0
-20.173,119.5804,311.8,1.9,1.4,2014-07-03,1701,Aqua,MODIS,83,6.2,282.2,36.2,N,0
-13.2358,142.0676,315.3,1.1,1.1,2014-07-04,0045,Terra,MODIS,56,6.2,298.8,8.5,D,0
-14.8095,142.8856,306.4,1,1,2014-07-04,0045,Terra,MODIS,42,6.2,292.3,5.4,D,0
-14.7926,142.6539,327.6,1,1,2014-07-04,0045,Terra,MODIS,84,6.2,296.1,23.6,D,0
-14.8047,142.6716,336.7,1,1,2014-07-04,0045,Terra,MODIS,89,6.2,296,36.2,D,0
-14.8153,142.6797,311.1,1,1,2014-07-04,0045,Terra,MODIS,66,6.2,291.8,7.4,D,0
-14.8138,142.6701,307.2,1,1,2014-07-04,0045,Terra,MODIS,39,6.2,292.4,4.6,D,0
-14.794,142.6635,333.1,1,1,2014-07-04,0045,Terra,MODIS,87,6.2,296.1,30.6,D,0
-12.7059,141.9656,311.6,1.2,1.1,2014-07-04,0045,Terra,MODIS,58,6.2,295.6,6.8,D,0
-14.8032,142.662,327.6,1,1,2014-07-04,0045,Terra,MODIS,84,6.2,296.8,23.2,D,0
-12.7043,141.955,316.5,1.2,1.1,2014-07-04,0045,Terra,MODIS,64,6.2,297.7,11.8,D,0
-15.6373,142.9944,323.9,1,1,2014-07-04,0046,Terra,MODIS,79,6.2,297.8,15.9,D,0
-15.6207,143.0067,319.7,1,1,2014-07-04,0046,Terra,MODIS,39,6.2,297.8,10.7,D,0
-14.9416,142.7808,344.3,1,1,2014-07-04,0046,Terra,MODIS,93,6.2,297.9,46.9,D,0
-15.0152,142.7822,311.5,1,1,2014-07-04,0046,Terra,MODIS,44,6.2,292.6,6,D,0
-14.8767,142.7227,318.6,1,1,2014-07-04,0046,Terra,MODIS,76,6.2,296.2,13.2,D,0
-14.9522,142.7889,320.2,1,1,2014-07-04,0046,Terra,MODIS,56,6.2,295.9,13.4,D,0
-14.8682,142.7203,341.8,1,1,2014-07-04,0046,Terra,MODIS,92,6.2,298.9,42.4,D,0
-14.8668,142.7108,323.8,1,1,2014-07-04,0046,Terra,MODIS,53,6.2,297.7,16.1,D,0
-15.6117,143.0081,315.9,1,1,2014-07-04,0046,Terra,MODIS,41,6.2,298.3,7.9,D,0
-15.237,142.7831,312.7,1,1,2014-07-04,0046,Terra,MODIS,66,6.2,294.9,7,D,0
-15.044,142.7874,323.4,1,1,2014-07-04,0046,Terra,MODIS,80,6.2,297.5,16.5,D,0
-14.9507,142.7794,339.7,1,1,2014-07-04,0046,Terra,MODIS,91,6.2,296.8,39.1,D,0
-14.9879,142.7865,309,1,1,2014-07-04,0046,Terra,MODIS,45,6.2,293.9,5.6,D,0
-14.8576,142.7122,359.7,1,1,2014-07-04,0046,Terra,MODIS,99,6.2,298.3,83,D,0
-15.6388,143.0038,334.6,1,1,2014-07-04,0046,Terra,MODIS,87,6.2,299.3,29.6,D,0
-14.9205,142.7647,338.1,1,1,2014-07-04,0046,Terra,MODIS,90,6.2,294.7,37.6,D,0
-14.7913,141.8679,318,1.1,1.1,2014-07-04,0046,Terra,MODIS,74,6.2,300.1,11.4,D,0
-17.6902,138.6519,310.2,1.5,1.2,2014-07-04,0046,Terra,MODIS,50,6.2,298.7,7.1,D,0
-15.0146,133.0856,312.5,4.5,2,2014-07-04,0046,Terra,MODIS,67,6.2,293.3,78.4,D,0
-15.0147,133.0798,310.5,4.5,2,2014-07-04,0046,Terra,MODIS,63,6.2,293.3,64.6,D,0
-15.023,133.121,305.7,4.5,1.9,2014-07-04,0046,Terra,MODIS,42,6.2,293.4,35.8,D,0
-20.7308,139.4764,315.1,1.2,1.1,2014-07-04,0047,Terra,MODIS,60,6.2,300.5,10,D,2
-26.6214,149.1351,306.7,2.5,1.5,2014-07-04,0048,Terra,MODIS,57,6.2,294.6,15.3,D,0
-24.7706,147.0991,315.3,1.7,1.3,2014-07-04,0048,Terra,MODIS,45,6.2,286.1,23.9,D,0
-24.7725,147.1162,335.3,1.7,1.3,2014-07-04,0048,Terra,MODIS,89,6.2,290.2,73.8,D,0
-24.7841,147.1145,311.7,1.7,1.3,2014-07-04,0048,Terra,MODIS,49,6.2,283.8,18.4,D,0
-28.111,140.2073,304.7,1,1,2014-07-04,0049,Terra,MODIS,20,6.2,292.7,3,D,0
-32.229,150.8842,306.1,3.8,1.8,2014-07-04,0050,Terra,MODIS,63,6.2,289.4,53.1,D,0
-32.2338,150.8771,303.8,3.8,1.8,2014-07-04,0050,Terra,MODIS,57,6.2,289,43.4,D,0
-14.5998,126.4476,321.1,2.5,1.5,2014-07-04,0224,Terra,MODIS,74,6.2,302.6,44.8,D,0
-14.6026,126.4706,316.5,2.5,1.5,2014-07-04,0224,Terra,MODIS,53,6.2,301.8,28.7,D,0
-14.5958,126.4645,315.2,2.5,1.5,2014-07-04,0224,Terra,MODIS,59,6.2,301.8,26.6,D,0
-14.6095,126.4628,313.4,2.5,1.5,2014-07-04,0224,Terra,MODIS,34,6.2,301.6,19.1,D,0
-14.6859,126.4073,317.8,2.5,1.5,2014-07-04,0224,Terra,MODIS,65,6.2,301.4,33.9,D,0
-14.7612,126.3917,367.8,2.5,1.5,2014-07-04,0224,Terra,MODIS,100,6.2,304.5,383.7,D,0
-14.7548,126.3861,324.8,2.5,1.5,2014-07-04,0224,Terra,MODIS,79,6.2,300.6,64,D,0
-14.7683,126.3842,378.5,2.5,1.5,2014-07-04,0224,Terra,MODIS,100,6.2,304.5,522.5,D,0
-14.7709,126.4068,337.8,2.5,1.5,2014-07-04,0224,Terra,MODIS,89,6.2,301.3,124.3,D,0
-14.7585,126.3691,343.5,2.4,1.5,2014-07-04,0224,Terra,MODIS,92,6.2,299.9,160.3,D,0
-15.928,127.9007,311.1,3.3,1.7,2014-07-04,0224,Terra,MODIS,54,6.2,300.1,24,D,0
-13.3284,130.468,327,4.8,2,2014-07-04,0224,Terra,MODIS,75,6.2,299.7,200.2,D,0
-14.0982,130.1077,310.9,4.6,2,2014-07-04,0224,Terra,MODIS,36,6.2,299.2,46.2,D,0
-13.3263,130.4633,325.4,4.8,2,2014-07-04,0224,Terra,MODIS,78,6.2,299.5,184.8,D,0
-13.3416,130.4219,316.9,4.8,2,2014-07-04,0224,Terra,MODIS,41,6.2,295.7,98.3,D,0
-13.3464,130.466,345.1,4.8,2,2014-07-04,0224,Terra,MODIS,93,6.2,300.3,461.9,D,0
-13.3578,130.4154,313.3,4.8,2,2014-07-04,0224,Terra,MODIS,49,6.2,296.2,71.1,D,0
-13.3603,130.4527,353.2,4.8,2,2014-07-04,0224,Terra,MODIS,97,6.2,299.3,620.9,D,0
-13.3625,130.4595,350.1,4.8,2,2014-07-04,0224,Terra,MODIS,95,6.2,299.1,560,D,0
-13.3444,130.4612,339.7,4.8,2,2014-07-04,0224,Terra,MODIS,90,6.2,300,371.3,D,0
-14.9185,126.1063,322,2.3,1.5,2014-07-04,0224,Terra,MODIS,76,6.2,302.1,45.8,D,0
-14.7776,126.413,321.8,2.5,1.5,2014-07-04,0224,Terra,MODIS,71,6.2,300.4,50.5,D,0
-14.9231,126.1127,320.9,2.3,1.5,2014-07-04,0224,Terra,MODIS,54,6.2,301.4,39,D,0
-15.5253,126.9313,311.4,2.8,1.6,2014-07-04,0224,Terra,MODIS,59,6.2,299,24.6,D,0
-15.0051,126.0685,312.5,2.3,1.5,2014-07-04,0224,Terra,MODIS,51,6.2,299.9,18.3,D,0
-14.0991,130.1148,310.3,4.6,2,2014-07-04,0224,Terra,MODIS,29,6.2,299.3,42.4,D,0
-15.2287,127.5469,312,3.1,1.7,2014-07-04,0224,Terra,MODIS,39,6.2,300.7,20.4,D,0
-15.5198,126.9127,310,2.8,1.6,2014-07-04,0224,Terra,MODIS,53,6.2,299.6,22.4,D,0
-14.7748,126.3904,352.3,2.5,1.5,2014-07-04,0224,Terra,MODIS,96,6.2,301.9,228.1,D,0
-14.1828,127.0799,314.4,2.7,1.6,2014-07-04,0224,Terra,MODIS,52,6.2,301,28,D,0
-15.8291,126.9578,309.4,2.8,1.6,2014-07-04,0224,Terra,MODIS,47,6.2,298.4,19,D,0
-13.9888,129.9141,311.2,4.5,1.9,2014-07-04,0224,Terra,MODIS,38,6.2,299.5,49.5,D,0
-14.1792,127.0857,315.7,2.7,1.6,2014-07-04,0224,Terra,MODIS,64,6.2,301.6,33.2,D,0
-14.0055,129.9176,313.7,4.5,1.9,2014-07-04,0224,Terra,MODIS,53,6.2,296.7,63.4,D,0
-14.0656,127.2914,314.1,2.8,1.6,2014-07-04,0224,Terra,MODIS,40,6.2,301.8,22.4,D,0
-14.0678,127.2854,314.1,2.8,1.6,2014-07-04,0224,Terra,MODIS,52,6.2,301.4,24.7,D,0
-14.0708,127.3118,312.6,2.8,1.6,2014-07-04,0224,Terra,MODIS,44,6.2,300.6,21.7,D,0
-14.6959,126.4235,315.4,2.5,1.5,2014-07-04,0224,Terra,MODIS,65,6.2,302.7,30,D,0
-18.0039,128.1034,331.1,3.7,1.8,2014-07-04,0225,Terra,MODIS,84,6.2,300.3,174.4,D,0
-17.9967,128.1111,317.9,3.7,1.8,2014-07-04,0225,Terra,MODIS,64,6.2,300.1,71.6,D,0
-18.0008,128.0694,317.9,3.7,1.8,2014-07-04,0225,Terra,MODIS,71,6.2,300,77.9,D,0
-17.9933,128.0769,314.7,3.7,1.8,2014-07-04,0225,Terra,MODIS,39,6.2,300.3,53.2,D,0
-18.0095,128.0753,313.6,3.7,1.8,2014-07-04,0225,Terra,MODIS,43,6.2,298.6,47.2,D,0
-18.0129,128.1092,319.1,3.7,1.8,2014-07-04,0225,Terra,MODIS,73,6.2,298.8,78.7,D,0
-16.441,122.9197,322.3,1.4,1.2,2014-07-04,0225,Terra,MODIS,50,6.2,300.3,22.6,D,0
-17.0156,122.6973,328.9,1.4,1.2,2014-07-04,0225,Terra,MODIS,82,6.2,303.2,33.6,D,0
-17.0139,122.6841,326.4,1.4,1.2,2014-07-04,0225,Terra,MODIS,75,6.2,301.8,28.8,D,0
-17.0101,122.7386,315.2,1.4,1.2,2014-07-04,0225,Terra,MODIS,39,6.2,304.1,9.7,D,0
-17.0084,122.7253,326.2,1.4,1.2,2014-07-04,0225,Terra,MODIS,78,6.2,304.6,27.1,D,0
-17.005,122.6988,321.9,1.4,1.2,2014-07-04,0225,Terra,MODIS,75,6.2,304,22.2,D,0
-17.0033,122.6856,324.7,1.4,1.2,2014-07-04,0225,Terra,MODIS,78,6.2,303.1,27.6,D,0
-17.0852,122.3655,333.8,1.4,1.2,2014-07-04,0225,Terra,MODIS,86,6.2,305.9,39,D,0
-17.0915,122.3588,323.7,1.4,1.2,2014-07-04,0225,Terra,MODIS,75,6.2,302.7,22,D,0
-17.0931,122.3715,323.9,1.4,1.2,2014-07-04,0225,Terra,MODIS,77,6.2,303.9,22.8,D,0
-20.0774,125.6284,315,2.5,1.5,2014-07-04,0226,Terra,MODIS,55,6.2,300.7,25.4,D,0
-20.0748,125.6041,316.3,2.5,1.5,2014-07-04,0226,Terra,MODIS,57,6.2,302.4,27.1,D,0
-21.8974,116.4565,315.9,1,1,2014-07-04,0226,Terra,MODIS,56,6.2,300.5,8,D,0
-21.8776,116.4497,314.4,1,1,2014-07-04,0226,Terra,MODIS,46,6.2,301.3,6.9,D,0
-21.876,116.4398,328.4,1,1,2014-07-04,0226,Terra,MODIS,82,6.2,301,21.9,D,0
-20.3153,119.4075,318,1.1,1,2014-07-04,0226,Terra,MODIS,69,6.2,302.9,10.5,D,0
-20.3167,119.4175,317.8,1.1,1,2014-07-04,0226,Terra,MODIS,69,6.2,302.9,10.6,D,0
-20.1931,119.5104,321,1.1,1,2014-07-04,0226,Terra,MODIS,73,6.2,302.9,13.4,D,0
-20.1945,119.5205,340.6,1.1,1,2014-07-04,0226,Terra,MODIS,90,6.2,303,40.9,D,0
-20.2004,119.5136,335.2,1.1,1,2014-07-04,0226,Terra,MODIS,87,6.2,300.2,33,D,0
-20.2018,119.5237,320.9,1.1,1,2014-07-04,0226,Terra,MODIS,74,6.2,299.3,13.8,D,0
-21.1306,118.8029,318.8,1,1,2014-07-04,0226,Terra,MODIS,72,6.2,301,11.5,D,0
-20.1275,119.5823,318.6,1.1,1,2014-07-04,0226,Terra,MODIS,71,6.2,302.6,10.6,D,0
-20.1325,119.5505,352.6,1.1,1,2014-07-04,0226,Terra,MODIS,96,6.2,307.5,66.4,D,0
-20.1339,119.5606,365.8,1.1,1,2014-07-04,0226,Terra,MODIS,100,6.2,309.7,103.2,D,0
-20.1353,119.5708,335.6,1.1,1,2014-07-04,0226,Terra,MODIS,87,6.2,305.8,31.3,D,0
-20.1367,119.5809,341.4,1.1,1,2014-07-04,0226,Terra,MODIS,91,6.2,305,40.6,D,0
-20.1418,119.5491,349.5,1.1,1,2014-07-04,0226,Terra,MODIS,95,6.2,306.1,56.1,D,0
-20.1432,119.5592,348.6,1.1,1,2014-07-04,0226,Terra,MODIS,95,6.2,308.4,51.9,D,0
-20.1446,119.5693,403.4,1.1,1,2014-07-04,0226,Terra,MODIS,100,6.2,315.1,287.1,D,0
-20.146,119.5795,362.4,1.1,1,2014-07-04,0226,Terra,MODIS,100,6.2,306.2,89.9,D,0
-20.1497,119.5376,346.4,1.1,1,2014-07-04,0226,Terra,MODIS,93,6.2,302.9,49.7,D,0
-20.1511,119.5477,380.5,1.1,1,2014-07-04,0226,Terra,MODIS,100,6.2,309.9,158,D,0
-20.1525,119.5578,345,1.1,1,2014-07-04,0226,Terra,MODIS,93,6.2,303.9,43.5,D,0
-20.1539,119.5679,344.1,1.1,1,2014-07-04,0226,Terra,MODIS,92,6.2,303.6,43,D,0
-20.1567,119.5882,341.1,1.1,1,2014-07-04,0226,Terra,MODIS,91,6.2,303.8,41.2,D,0
-20.1581,119.5983,324.1,1.1,1,2014-07-04,0226,Terra,MODIS,78,6.2,302.7,16.1,D,0
-20.1589,119.5362,318.8,1.1,1,2014-07-04,0226,Terra,MODIS,33,6.2,302.6,9.3,D,0
-20.1603,119.5463,320.3,1.1,1,2014-07-04,0226,Terra,MODIS,66,6.2,304.5,10.7,D,0
-20.1617,119.5564,322.2,1.1,1,2014-07-04,0226,Terra,MODIS,16,6.2,304.2,10.8,D,0
-20.1645,119.5766,327.3,1.1,1,2014-07-04,0226,Terra,MODIS,49,6.2,304.1,16.5,D,0
-20.1659,119.5868,326.3,1.1,1,2014-07-04,0226,Terra,MODIS,65,6.2,303.9,16.9,D,0
-20.1682,119.5348,366.8,1.1,1,2014-07-04,0226,Terra,MODIS,100,6.2,306.6,105.7,D,0
-20.7585,119.5681,347.6,1.1,1,2014-07-04,0226,Terra,MODIS,94,6.2,304.5,55.9,D,0
-20.7599,119.5784,334.6,1.1,1,2014-07-04,0226,Terra,MODIS,86,6.2,304.9,31.9,D,0
-20.7613,119.5887,322.5,1.1,1,2014-07-04,0226,Terra,MODIS,61,6.2,302.9,15,D,0
-20.7627,119.599,344.5,1.1,1,2014-07-04,0226,Terra,MODIS,92,6.2,303.9,50.6,D,0
-20.7641,119.6093,319.8,1.1,1,2014-07-04,0226,Terra,MODIS,72,6.2,300.8,12.4,D,0
-20.1816,119.5637,343.2,1.1,1,2014-07-04,0226,Terra,MODIS,92,6.2,307.6,42.6,D,0
-20.183,119.5738,336.2,1.1,1,2014-07-04,0226,Terra,MODIS,88,6.2,306.5,31.3,D,0
-20.1909,119.5623,410.8,1.1,1,2014-07-04,0226,Terra,MODIS,100,6.2,309.6,344.5,D,0
-20.1923,119.5724,356.4,1.1,1,2014-07-04,0226,Terra,MODIS,98,6.2,303.6,75.1,D,0
-20.1696,119.5449,369.8,1.1,1,2014-07-04,0226,Terra,MODIS,100,6.2,306.5,115,D,0
-20.1895,119.5522,347.8,1.1,1,2014-07-04,0226,Terra,MODIS,94,6.2,304.2,53.7,D,0
-20.7692,119.577,314.8,1.1,1,2014-07-04,0226,Terra,MODIS,44,6.2,299.4,7.3,D,0
-20.8014,119.6036,318.7,1.1,1,2014-07-04,0226,Terra,MODIS,71,6.2,301.8,11.8,D,0
-20.8107,119.6022,328.2,1.1,1,2014-07-04,0226,Terra,MODIS,82,6.2,303.1,22.3,D,0
-20.7678,119.5667,349.4,1.1,1,2014-07-04,0226,Terra,MODIS,95,6.2,299.4,60.8,D,0
-20.838,119.5246,313.6,1.1,1,2014-07-04,0226,Terra,MODIS,41,6.2,300.6,6.8,D,0
-20.8395,119.5348,341.7,1.1,1,2014-07-04,0226,Terra,MODIS,91,6.2,302.8,44.8,D,0
-20.8447,119.5275,327.8,1.1,1,2014-07-04,0226,Terra,MODIS,81,6.2,299.2,23.7,D,0
-20.8461,119.5377,324,1.1,1,2014-07-04,0226,Terra,MODIS,78,6.2,300,19.2,D,0
-30.8696,121.4912,309.2,1.8,1.3,2014-07-04,0229,Terra,MODIS,68,6.2,288.9,21.2,D,2
-33.8547,122.5463,303.1,2.3,1.5,2014-07-04,0229,Terra,MODIS,55,6.2,285.2,24.1,D,0
-33.8567,122.5716,311.2,2.3,1.5,2014-07-04,0229,Terra,MODIS,71,6.2,285.1,42.4,D,0
-32.4734,116.0358,313.6,1,1,2014-07-04,0229,Terra,MODIS,74,6.2,285.8,14,D,0
-34.0421,116.8619,301,1.1,1,2014-07-04,0230,Terra,MODIS,44,6.2,283.4,7.8,D,0
-34.4598,150.875,312.2,1.8,1.3,2014-07-04,0328,Aqua,MODIS,43,6.2,294.5,21.5,D,0
-34.4648,150.883,311.4,1.8,1.3,2014-07-04,0328,Aqua,MODIS,0,6.2,293.6,21.8,D,2
-31.0214,149.37,300.6,2.1,1.4,2014-07-04,0329,Aqua,MODIS,39,6.2,290.1,11.6,D,0
-34.2461,146.0895,311.4,3.7,1.8,2014-07-04,0329,Aqua,MODIS,71,6.2,288.2,77.3,D,0
-34.2396,146.0818,307.2,3.7,1.8,2014-07-04,0329,Aqua,MODIS,61,6.2,288.1,56.8,D,0
-34.2373,146.1227,304.9,3.7,1.8,2014-07-04,0329,Aqua,MODIS,60,6.2,288.4,46.5,D,0
-31.4679,150.2738,306.6,1.8,1.3,2014-07-04,0329,Aqua,MODIS,64,6.2,291.8,14.5,D,0
-33.5539,151.0772,316.5,1.7,1.3,2014-07-04,0329,Aqua,MODIS,77,6.2,291.5,33.3,D,0
-33.5557,151.0584,320,1.7,1.3,2014-07-04,0329,Aqua,MODIS,80,6.2,292.4,40.6,D,0
-30.7092,152.6071,306.9,1.3,1.1,2014-07-04,0329,Aqua,MODIS,64,6.2,292.1,10,D,0
-31.4483,152.2396,302.5,1.4,1.2,2014-07-04,0329,Aqua,MODIS,52,6.2,290.2,8.1,D,0
-31.4499,152.2249,303.6,1.4,1.2,2014-07-04,0329,Aqua,MODIS,57,6.2,290.8,9.8,D,0
-32.236,150.8839,317.3,1.7,1.3,2014-07-04,0329,Aqua,MODIS,77,6.2,292.3,31.9,D,0
-32.2378,150.8657,303.6,1.7,1.3,2014-07-04,0329,Aqua,MODIS,56,6.2,292.4,10.4,D,0
-29.1157,150.2258,307.2,1.7,1.3,2014-07-04,0330,Aqua,MODIS,56,6.2,297,7.9,D,0
-28.2442,148.8061,316.1,2.1,1.4,2014-07-04,0330,Aqua,MODIS,72,6.2,300.5,24.7,D,0
-27.9006,153.0091,313.8,1.2,1.1,2014-07-04,0330,Aqua,MODIS,74,6.2,294.6,12,D,0
-29.0783,148.8712,316.7,2.1,1.4,2014-07-04,0330,Aqua,MODIS,73,6.2,300,32,D,0
-28.8207,150.328,310.7,1.7,1.3,2014-07-04,0330,Aqua,MODIS,66,6.2,295.6,14.3,D,0
-28.2314,148.8046,314.7,2.1,1.4,2014-07-04,0330,Aqua,MODIS,70,6.2,299.9,20.8,D,0
-29.2284,148.9229,315.4,2.1,1.4,2014-07-04,0330,Aqua,MODIS,71,6.2,300.3,26.8,D,0
-29.5091,153.2296,303.1,1.2,1.1,2014-07-04,0330,Aqua,MODIS,55,6.2,292,5,D,0
-29.9896,153.1116,313.1,1.2,1.1,2014-07-04,0330,Aqua,MODIS,73,6.2,291,15.1,D,0
-26.8886,150.3425,308.6,1.6,1.2,2014-07-04,0330,Aqua,MODIS,31,6.2,291.9,10.1,D,0
-27.2242,148.6643,308.8,2.1,1.4,2014-07-04,0330,Aqua,MODIS,56,6.2,297.6,11.9,D,0
-25.2119,149.0562,306,1.8,1.3,2014-07-04,0331,Aqua,MODIS,52,6.2,286.4,17.2,D,0
-24.7861,147.1074,315.8,2.5,1.5,2014-07-04,0331,Aqua,MODIS,63,6.2,286.6,49.3,D,0
-33.8628,122.551,310.3,3.1,1.7,2014-07-04,0508,Aqua,MODIS,35,6.2,288.7,52.1,D,0
-20.0504,125.6056,330,1.3,1.1,2014-07-04,0511,Aqua,MODIS,79,6.2,309,26,D,0
-20.0809,125.6099,327.7,1.3,1.1,2014-07-04,0511,Aqua,MODIS,76,6.2,309.5,22.4,D,0
-20.9689,118.7367,323.5,4.1,1.9,2014-07-04,0511,Aqua,MODIS,75,6.2,301.4,109.6,D,0
-20.9664,118.7327,327.1,4.1,1.9,2014-07-04,0511,Aqua,MODIS,79,6.2,301.7,144.4,D,0
-18.0011,138.8767,311.2,4,1.9,2014-07-04,0511,Aqua,MODIS,29,6.2,297.3,34.9,D,0
-21.0475,118.8244,317.5,4.1,1.9,2014-07-04,0511,Aqua,MODIS,65,6.2,303.2,66.8,D,0
-21.0509,118.7847,313.6,4.1,1.9,2014-07-04,0511,Aqua,MODIS,52,6.2,302,40.9,D,0
-21.0305,118.8229,350.1,4.1,1.9,2014-07-04,0511,Aqua,MODIS,95,6.2,306.1,422.3,D,0
-21.0339,118.783,374,4.1,1.9,2014-07-04,0511,Aqua,MODIS,100,6.2,307.6,946.8,D,0
-21.0275,118.8186,340.3,4.1,1.9,2014-07-04,0511,Aqua,MODIS,89,6.2,305.6,279.1,D,0
-21.0311,118.7788,342.5,4.1,1.9,2014-07-04,0511,Aqua,MODIS,91,6.2,306.2,310.2,D,0
-20.9629,118.7726,316.4,4.1,1.9,2014-07-04,0511,Aqua,MODIS,62,6.2,302.7,58.2,D,0
-20.1416,119.5645,322.1,3.5,1.8,2014-07-04,0511,Aqua,MODIS,46,6.2,307.1,70.2,D,0
-20.1323,119.5564,321.9,3.5,1.8,2014-07-04,0511,Aqua,MODIS,37,6.2,306.2,70.4,D,0
-20.7541,119.564,318.5,3.6,1.8,2014-07-04,0511,Aqua,MODIS,45,6.2,303.9,52.7,D,0
-20.7624,119.5607,329.3,3.6,1.8,2014-07-04,0511,Aqua,MODIS,81,6.2,304.5,127,D,0
-20.7656,119.5263,318.7,3.6,1.8,2014-07-04,0511,Aqua,MODIS,45,6.2,301.3,55.9,D,0
-20.7702,119.5657,327.7,3.6,1.8,2014-07-04,0511,Aqua,MODIS,79,6.2,304.1,118.4,D,0
-20.7732,119.5313,322.1,3.6,1.8,2014-07-04,0511,Aqua,MODIS,72,6.2,301.4,79.3,D,0
-20.9459,118.7709,314.7,4.1,1.9,2014-07-04,0511,Aqua,MODIS,56,6.2,302.1,47.4,D,0
-20.9493,118.7312,325.7,4.1,1.9,2014-07-04,0511,Aqua,MODIS,77,6.2,302.2,132.3,D,0
-14.4236,132.8679,320.4,1.7,1.3,2014-07-04,0512,Aqua,MODIS,66,6.2,304.9,17.5,D,0
-14.4095,132.8816,318.2,1.7,1.3,2014-07-04,0512,Aqua,MODIS,47,6.2,305.4,12,D,0
-14.4121,132.8658,319.9,1.7,1.3,2014-07-04,0512,Aqua,MODIS,64,6.2,305.2,16,D,0
-15.7343,130.4677,320.6,1.1,1.1,2014-07-04,0512,Aqua,MODIS,58,6.2,306.1,10.9,D,0
-18.0147,128.095,344.4,1,1,2014-07-04,0512,Aqua,MODIS,91,6.2,307.4,40.2,D,0
-18.0161,128.0855,325.2,1,1,2014-07-04,0512,Aqua,MODIS,16,6.2,305.4,12,D,0
-15.7019,129.3322,325.4,1,1,2014-07-04,0512,Aqua,MODIS,72,6.2,309.7,13.5,D,0
-15.6913,129.3403,323.2,1,1,2014-07-04,0512,Aqua,MODIS,46,6.2,308.5,10.9,D,0
-17.1004,122.3459,328,2,1.4,2014-07-04,0512,Aqua,MODIS,69,6.2,306.8,45.8,D,0
-16.5545,128.4737,320.1,1,1,2014-07-04,0512,Aqua,MODIS,63,6.2,309.4,6.7,D,0
-17.7088,123.4548,321.6,1.7,1.3,2014-07-04,0512,Aqua,MODIS,55,6.2,310.5,16.5,D,0
-17.088,122.3445,334.5,2,1.4,2014-07-04,0512,Aqua,MODIS,80,6.2,309.1,65.6,D,0
-17.6973,123.4532,320.1,1.7,1.3,2014-07-04,0512,Aqua,MODIS,48,6.2,310.1,13.2,D,0
-17.0735,122.3615,357.1,2,1.4,2014-07-04,0512,Aqua,MODIS,98,6.2,308.6,183.9,D,0
-16.9999,122.6789,334.6,1.9,1.3,2014-07-04,0512,Aqua,MODIS,67,6.2,307.1,56.6,D,0
-17.0612,122.3598,331.4,2,1.4,2014-07-04,0512,Aqua,MODIS,78,6.2,305.7,58,D,0
-17.6272,122.2953,319,2,1.4,2014-07-04,0512,Aqua,MODIS,58,6.2,308.4,23.2,D,0
-17.0633,122.3413,328.2,2,1.4,2014-07-04,0512,Aqua,MODIS,68,6.2,304.8,46.6,D,0
-17.0019,122.6615,355.3,1.9,1.3,2014-07-04,0512,Aqua,MODIS,97,6.2,308.1,158,D,0
-15.8278,128.6632,363.4,1,1,2014-07-04,0512,Aqua,MODIS,100,6.2,313.4,87.7,D,0
-15.8352,128.6701,335,1,1,2014-07-04,0512,Aqua,MODIS,84,6.2,310.8,25.7,D,0
-16.4931,128.4478,335.2,1,1,2014-07-04,0512,Aqua,MODIS,84,6.2,307.8,25.1,D,0
-16.1328,127.819,328.2,1,1,2014-07-04,0512,Aqua,MODIS,76,6.2,309.9,15.5,D,0
-16.4496,122.9156,313.9,1.8,1.3,2014-07-04,0512,Aqua,MODIS,0,6.2,302.9,13.4,D,0
-16.1342,127.8097,327.5,1,1,2014-07-04,0512,Aqua,MODIS,76,6.2,307.3,15.4,D,0
-15.8874,127.8641,327.6,1,1,2014-07-04,0512,Aqua,MODIS,76,6.2,307.6,14.1,D,0
-15.8264,128.6726,343.9,1,1,2014-07-04,0512,Aqua,MODIS,91,6.2,308.5,41.6,D,0
-15.8623,128.6744,327.5,1,1,2014-07-04,0512,Aqua,MODIS,74,6.2,310.2,14.5,D,0
-17.0099,122.6979,327,1.9,1.3,2014-07-04,0512,Aqua,MODIS,58,6.2,308.8,35,D,0
-15.9297,127.8896,322.4,1,1,2014-07-04,0512,Aqua,MODIS,37,6.2,307,8.6,D,0
-15.9374,127.9003,322.8,1,1,2014-07-04,0512,Aqua,MODIS,35,6.2,307.1,9.4,D,0
-15.9284,127.8989,342.3,1,1,2014-07-04,0512,Aqua,MODIS,90,6.2,308,36.2,D,0
-17.0982,122.3645,328.1,2,1.4,2014-07-04,0512,Aqua,MODIS,79,6.2,308.2,48,D,0
-15.273,131.6563,332.4,1.4,1.2,2014-07-04,0512,Aqua,MODIS,82,6.2,306.5,34.1,D,0
-15.275,131.6439,329.3,1.4,1.2,2014-07-04,0512,Aqua,MODIS,78,6.2,309.3,26.7,D,0
-15.2817,131.6516,318.3,1.4,1.2,2014-07-04,0512,Aqua,MODIS,53,6.2,306.5,11.5,D,0
-15.2646,131.6422,323.1,1.4,1.2,2014-07-04,0512,Aqua,MODIS,68,6.2,306.2,17.2,D,0
-14.2164,133.4858,315.8,1.9,1.3,2014-07-04,0512,Aqua,MODIS,54,6.2,303.3,12.7,D,0
-14.1428,133.3071,328.7,1.9,1.3,2014-07-04,0512,Aqua,MODIS,80,6.2,303.4,45.4,D,0
-15.4111,127.9114,342.7,1,1,2014-07-04,0512,Aqua,MODIS,90,6.2,309.9,36.4,D,0
-15.2865,127.9461,327.2,1,1,2014-07-04,0512,Aqua,MODIS,63,6.2,309.4,13.8,D,0
-18.0044,128.103,396.8,1,1,2014-07-04,0512,Aqua,MODIS,100,6.2,313.7,223.5,D,0
-18.0031,128.1125,334.5,1,1,2014-07-04,0512,Aqua,MODIS,76,6.2,307.2,23.4,D,0
-15.9151,126.4746,320.1,1.1,1,2014-07-04,0512,Aqua,MODIS,46,6.2,307.1,7.9,D,0
-15.739,130.5014,317.7,1.2,1.1,2014-07-04,0512,Aqua,MODIS,47,6.2,305.7,7.3,D,0
-15.8795,127.0601,317.7,1,1,2014-07-04,0512,Aqua,MODIS,50,6.2,306.2,6.7,D,0
-15.4138,127.8929,321.3,1,1,2014-07-04,0512,Aqua,MODIS,56,6.2,307.9,8,D,0
-15.7327,130.4783,329.7,1.2,1.1,2014-07-04,0512,Aqua,MODIS,79,6.2,308.2,23.2,D,0
-15.7427,130.4967,321.8,1.2,1.1,2014-07-04,0512,Aqua,MODIS,24,6.2,307,10.9,D,0
-15.4254,127.8757,316.8,1,1,2014-07-04,0512,Aqua,MODIS,32,6.2,305.8,5.2,D,0
-15.6359,127.035,318.2,1,1,2014-07-04,0512,Aqua,MODIS,44,6.2,306.6,6.2,D,0
-15.7937,126.9572,317.1,1,1,2014-07-04,0512,Aqua,MODIS,46,6.2,306,5.5,D,0
-15.1216,130.9896,321.7,1.2,1.1,2014-07-04,0512,Aqua,MODIS,56,6.2,308.4,11.7,D,0
-15.7041,126.8105,320.4,1,1,2014-07-04,0512,Aqua,MODIS,63,6.2,307.5,8.6,D,0
-15.4125,127.9021,341.9,1,1,2014-07-04,0512,Aqua,MODIS,90,6.2,310,35.6,D,0
-14.7132,130.0681,325.9,1.1,1.1,2014-07-04,0512,Aqua,MODIS,60,6.2,309.8,14.3,D,0
-14.7148,130.0577,325.8,1.1,1.1,2014-07-04,0512,Aqua,MODIS,64,6.2,309,13.7,D,0
-15.2712,127.5365,325,1,1,2014-07-04,0512,Aqua,MODIS,57,6.2,307.5,11.3,D,0
-15.4072,127.9392,330.7,1,1,2014-07-04,0512,Aqua,MODIS,80,6.2,310.3,17.3,D,0
-15.5267,126.8993,324,1,1,2014-07-04,0512,Aqua,MODIS,72,6.2,308.5,11.9,D,0
-15.7407,130.4907,321.1,1.2,1.1,2014-07-04,0512,Aqua,MODIS,53,6.2,307.5,10.8,D,0
-15.5216,126.8691,316.3,1,1,2014-07-04,0512,Aqua,MODIS,49,6.2,305.1,5.7,D,0
-15.4085,127.9299,355.9,1,1,2014-07-04,0512,Aqua,MODIS,98,6.2,311.9,63.8,D,0
-15.2828,127.5193,329.4,1,1,2014-07-04,0512,Aqua,MODIS,72,6.2,307.2,17,D,0
-15.4098,127.9207,329.5,1,1,2014-07-04,0512,Aqua,MODIS,79,6.2,308.9,16.4,D,0
-15.7028,126.8202,337.4,1,1,2014-07-04,0512,Aqua,MODIS,87,6.2,309.5,31.2,D,0
-18.0057,128.0936,356.2,1,1,2014-07-04,0512,Aqua,MODIS,98,6.2,309.8,64.7,D,0
-15.4241,127.885,329.5,1,1,2014-07-04,0512,Aqua,MODIS,79,6.2,307.9,18.2,D,0
-15.4228,127.8943,328.1,1,1,2014-07-04,0512,Aqua,MODIS,77,6.2,307.1,15.9,D,0
-15.4695,126.7731,318.5,1,1,2014-07-04,0512,Aqua,MODIS,60,6.2,307.4,8,D,0
-15.3209,127.9675,323.7,1,1,2014-07-04,0512,Aqua,MODIS,50,6.2,309.7,9.4,D,0
-15.8886,127.0614,317.7,1,1,2014-07-04,0512,Aqua,MODIS,49,6.2,307.1,6.5,D,0
-14.4363,135.1792,320.4,2.5,1.5,2014-07-04,0512,Aqua,MODIS,69,6.2,298.8,42.8,D,0
-14.5323,135.0319,315,2.5,1.5,2014-07-04,0512,Aqua,MODIS,52,6.2,299,23.6,D,0
-14.5267,135.0382,318.7,2.5,1.5,2014-07-04,0512,Aqua,MODIS,53,6.2,299,32.7,D,0
-14.5226,135.0608,332.9,2.5,1.5,2014-07-04,0512,Aqua,MODIS,84,6.2,301.2,92.1,D,0
-14.6555,134.856,316.5,2.4,1.5,2014-07-04,0512,Aqua,MODIS,36,6.2,300.4,23.7,D,0
-14.4321,135.2025,316.1,2.5,1.5,2014-07-04,0512,Aqua,MODIS,54,6.2,299.6,28.2,D,0
-14.5149,135.0519,330.4,2.5,1.5,2014-07-04,0512,Aqua,MODIS,82,6.2,299.7,79.8,D,0
-14.6952,134.7583,315.3,2.3,1.5,2014-07-04,0512,Aqua,MODIS,47,6.2,299.8,20,D,0
-16.3077,135.9515,316.5,2.7,1.6,2014-07-04,0512,Aqua,MODIS,50,6.2,300.9,32.2,D,0
-14.5747,135.5136,320.8,2.7,1.6,2014-07-04,0512,Aqua,MODIS,0,6.2,296.1,54.6,D,0
-14.5284,135.0546,323.3,2.5,1.5,2014-07-04,0512,Aqua,MODIS,74,6.2,300.5,52.2,D,0
-14.6914,134.7797,314.5,2.3,1.5,2014-07-04,0512,Aqua,MODIS,34,6.2,299.4,17.9,D,0
-14.5091,135.0582,328,2.5,1.5,2014-07-04,0512,Aqua,MODIS,79,6.2,299.1,68.6,D,0
-14.5607,135.5109,318.3,2.7,1.6,2014-07-04,0512,Aqua,MODIS,55,6.2,296.6,44.7,D,0
-14.9687,133.392,318.6,1.8,1.3,2014-07-04,0512,Aqua,MODIS,64,6.2,303.9,16.1,D,0
-14.4894,135.1178,318,2.5,1.5,2014-07-04,0512,Aqua,MODIS,47,6.2,300.4,31.5,D,0
-14.5109,135.0747,329.2,2.5,1.5,2014-07-04,0512,Aqua,MODIS,75,6.2,300.4,72.7,D,0
-13.3998,134.5616,322.5,2.4,1.5,2014-07-04,0513,Aqua,MODIS,73,6.2,296.2,49.1,D,0
-12.4698,131.5678,317.9,1.5,1.2,2014-07-04,0513,Aqua,MODIS,53,6.2,301.5,15.1,D,0
-11.8817,133.7013,317.5,2.2,1.4,2014-07-04,0513,Aqua,MODIS,36,6.2,297.7,26.5,D,0
-12.4375,131.5624,322.8,1.5,1.2,2014-07-04,0513,Aqua,MODIS,73,6.2,302.4,25.6,D,0
-11.8655,133.7189,333.7,2.2,1.4,2014-07-04,0513,Aqua,MODIS,61,6.2,299.4,76,D,0
-13.4146,134.1902,319.3,2.2,1.4,2014-07-04,0513,Aqua,MODIS,43,6.2,298.2,34.1,D,0
-12.7537,132.5223,318.7,1.7,1.3,2014-07-04,0513,Aqua,MODIS,58,6.2,301.5,18.9,D,0
-12.0432,133.977,328.2,2.3,1.5,2014-07-04,0513,Aqua,MODIS,71,6.2,298.7,62.8,D,0
-13.633,133.9161,328.4,2.1,1.4,2014-07-04,0513,Aqua,MODIS,80,6.2,302.2,53.1,D,0
-13.4017,134.1879,319,2.2,1.4,2014-07-04,0513,Aqua,MODIS,32,6.2,295.3,32.5,D,0
-13.1243,133.5652,317.4,2,1.4,2014-07-04,0513,Aqua,MODIS,48,6.2,302.3,17.6,D,0
-13.6321,133.9084,332.7,2.1,1.4,2014-07-04,0513,Aqua,MODIS,84,6.2,302.3,69.9,D,0
-12.4504,131.5507,328,1.5,1.2,2014-07-04,0513,Aqua,MODIS,69,6.2,301.7,32.6,D,0
-12.4222,132.5771,317.4,1.8,1.3,2014-07-04,0513,Aqua,MODIS,40,6.2,303.8,13.2,D,0
-12.0383,134.0836,314.3,2.3,1.5,2014-07-04,0513,Aqua,MODIS,52,6.2,297.8,21.6,D,0
-13.2641,134.1498,319.9,2.2,1.4,2014-07-04,0513,Aqua,MODIS,53,6.2,298,36.7,D,0
-12.7509,132.5287,319.3,1.7,1.3,2014-07-04,0513,Aqua,MODIS,65,6.2,301.3,21.3,D,0
-13.6675,133.9417,322,2.1,1.4,2014-07-04,0513,Aqua,MODIS,70,6.2,298.5,32.1,D,0
-12.4485,131.5449,313.5,1.5,1.2,2014-07-04,0513,Aqua,MODIS,22,6.2,300.4,9.6,D,0
-11.8527,133.7167,342.5,2.2,1.4,2014-07-04,0513,Aqua,MODIS,80,6.2,300.8,117.9,D,0
-12.529,131.2658,317.2,1.4,1.2,2014-07-04,0513,Aqua,MODIS,61,6.2,305.2,13.9,D,0
-13.6195,133.9061,317.6,2.1,1.4,2014-07-04,0513,Aqua,MODIS,48,6.2,301.7,20.8,D,0
-11.9868,134.0913,318.7,2.3,1.5,2014-07-04,0513,Aqua,MODIS,66,6.2,299.1,33.8,D,0
-13.6204,133.9137,319.1,2.1,1.4,2014-07-04,0513,Aqua,MODIS,66,6.2,302,25.8,D,0
-11.9581,134.0214,321.3,2.3,1.5,2014-07-04,0513,Aqua,MODIS,71,6.2,299.7,42.3,D,0
-11.9436,134.1056,316,2.3,1.5,2014-07-04,0513,Aqua,MODIS,53,6.2,297.5,24.5,D,0
-13.4112,135.0556,318.1,2.6,1.5,2014-07-04,0513,Aqua,MODIS,42,6.2,298.3,37.3,D,0
-13.0369,130.9711,318.4,1.3,1.1,2014-07-04,0513,Aqua,MODIS,54,6.2,305.4,9.5,D,0
-12.4005,134.1955,318.1,2.3,1.5,2014-07-04,0513,Aqua,MODIS,33,6.2,298.1,30.9,D,0
-13.3923,134.5553,327.1,2.4,1.5,2014-07-04,0513,Aqua,MODIS,79,6.2,298.7,68.5,D,0
-13.0651,134.9744,314.5,2.6,1.5,2014-07-04,0513,Aqua,MODIS,58,6.2,298.2,23.5,D,0
-13.073,134.9683,315.4,2.6,1.5,2014-07-04,0513,Aqua,MODIS,63,6.2,299.4,27,D,0
-13.0834,134.6609,321.1,2.5,1.5,2014-07-04,0513,Aqua,MODIS,55,6.2,298.1,44.6,D,0
-11.9399,134.127,320.4,2.3,1.5,2014-07-04,0513,Aqua,MODIS,60,6.2,298.6,37.5,D,0
-12.4464,131.5584,326.9,1.5,1.2,2014-07-04,0513,Aqua,MODIS,78,6.2,302.9,33.5,D,0
-11.8432,133.6947,337.4,2.2,1.4,2014-07-04,0513,Aqua,MODIS,76,6.2,298,96.3,D,0
-13.1267,133.5726,317.7,2,1.4,2014-07-04,0513,Aqua,MODIS,52,6.2,302.4,18,D,0
-13.0689,134.9919,311.9,2.6,1.6,2014-07-04,0513,Aqua,MODIS,43,6.2,297,15.9,D,0
-11.9609,134.0141,321.9,2.3,1.5,2014-07-04,0513,Aqua,MODIS,73,6.2,300.1,40.6,D,0
-12.0472,133.9727,329.2,2.3,1.5,2014-07-04,0513,Aqua,MODIS,66,6.2,298.8,65.2,D,0
-12.4483,131.5642,326.3,1.5,1.2,2014-07-04,0513,Aqua,MODIS,58,6.2,301.6,29.1,D,0
-11.9616,134.0005,313.1,2.3,1.5,2014-07-04,0513,Aqua,MODIS,33,6.2,299,16.7,D,0
-12.4806,131.5696,320.9,1.5,1.2,2014-07-04,0513,Aqua,MODIS,69,6.2,301.5,20.2,D,0
-12.515,131.5614,324.4,1.5,1.2,2014-07-04,0513,Aqua,MODIS,75,6.2,302.4,25.7,D,0
-13.7367,132.0742,324.8,1.5,1.2,2014-07-04,0513,Aqua,MODIS,64,6.2,305.6,23.6,D,0
-13.6648,133.8819,337.2,2.1,1.4,2014-07-04,0513,Aqua,MODIS,81,6.2,300.7,83.2,D,0
-13.668,133.8628,354.4,2.1,1.4,2014-07-04,0513,Aqua,MODIS,97,6.2,299.6,185.1,D,0
-13.8221,133.9629,320.5,2.1,1.4,2014-07-04,0513,Aqua,MODIS,20,6.2,300.6,26.3,D,0
-13.7028,133.7337,319.2,2,1.4,2014-07-04,0513,Aqua,MODIS,66,6.2,301.1,27.2,D,0
-13.5148,131.6478,321.2,1.4,1.2,2014-07-04,0513,Aqua,MODIS,51,6.2,307.5,11.2,D,0
-13.8302,134.7563,313,2.4,1.5,2014-07-04,0513,Aqua,MODIS,32,6.2,295.5,17.7,D,0
-13.7179,133.8769,336.3,2.1,1.4,2014-07-04,0513,Aqua,MODIS,86,6.2,301,78.8,D,0
-13.7181,133.872,328.9,2.1,1.4,2014-07-04,0513,Aqua,MODIS,46,6.2,300.2,49.1,D,0
-13.5947,130.8072,318.8,1.3,1.1,2014-07-04,0513,Aqua,MODIS,38,6.2,306.1,8.5,D,0
-13.5846,130.8055,339.7,1.3,1.1,2014-07-04,0513,Aqua,MODIS,88,6.2,307.1,45.4,D,0
-13.1777,132.7967,317.2,1.8,1.3,2014-07-04,0513,Aqua,MODIS,38,6.2,304.6,12.3,D,0
-13.1805,132.7805,333.7,1.8,1.3,2014-07-04,0513,Aqua,MODIS,84,6.2,304.8,54.7,D,0
-13.1717,132.7899,326.6,1.8,1.3,2014-07-04,0513,Aqua,MODIS,77,6.2,304.6,32.5,D,0
-13.26,132.2361,325.6,1.6,1.2,2014-07-04,0513,Aqua,MODIS,56,6.2,304.7,24,D,0
-13.6402,133.0077,322,1.8,1.3,2014-07-04,0513,Aqua,MODIS,72,6.2,302.8,27.1,D,0
-13.2833,132.2307,323.1,1.6,1.2,2014-07-04,0513,Aqua,MODIS,20,6.2,304,19.3,D,0
-13.8254,133.9437,332.8,2.1,1.4,2014-07-04,0513,Aqua,MODIS,84,6.2,299.9,69.7,D,0
-13.9356,133.8321,319.2,2,1.4,2014-07-04,0513,Aqua,MODIS,66,6.2,297.4,26.8,D,0
-13.8855,133.8178,330.7,2,1.4,2014-07-04,0513,Aqua,MODIS,82,6.2,301.9,62.3,D,0
-13.8128,133.9414,328.6,2.1,1.4,2014-07-04,0513,Aqua,MODIS,80,6.2,298.2,52.7,D,0
-13.8118,133.9338,323.3,2.1,1.4,2014-07-04,0513,Aqua,MODIS,59,6.2,297.2,34.7,D,0
-13.6363,133.8968,328.3,2.1,1.4,2014-07-04,0513,Aqua,MODIS,80,6.2,301.2,51.4,D,0
-13.7842,133.7155,313.3,2,1.4,2014-07-04,0513,Aqua,MODIS,30,6.2,300.1,13.9,D,0
-13.7249,134.2931,314.2,2.2,1.4,2014-07-04,0513,Aqua,MODIS,32,6.2,298.1,17.8,D,0
-13.7265,134.2857,314.5,2.2,1.4,2014-07-04,0513,Aqua,MODIS,51,6.2,296.8,19.3,D,0
-13.7809,133.9752,320.9,2.1,1.4,2014-07-04,0513,Aqua,MODIS,36,6.2,300.2,27.3,D,0
-13.8293,134.7413,319.3,2.4,1.5,2014-07-04,0513,Aqua,MODIS,44,6.2,297.1,34.6,D,0
-13.834,134.7344,319.6,2.4,1.5,2014-07-04,0513,Aqua,MODIS,68,6.2,297.9,38.2,D,0
-13.7974,134.3974,316.6,2.3,1.5,2014-07-04,0513,Aqua,MODIS,23,6.2,299.1,19.3,D,0
-13.7659,134.365,319.1,2.3,1.5,2014-07-04,0513,Aqua,MODIS,62,6.2,298.9,29.1,D,0
-13.567,133.759,323.5,2.1,1.4,2014-07-04,0513,Aqua,MODIS,28,6.2,297.2,37.8,D,0
-13.7239,132.0649,317.7,1.5,1.2,2014-07-04,0513,Aqua,MODIS,57,6.2,302.8,12.7,D,0
-13.7216,132.0793,319.6,1.5,1.2,2014-07-04,0513,Aqua,MODIS,63,6.2,303.2,15.7,D,0
-13.7348,132.067,331.7,1.5,1.2,2014-07-04,0513,Aqua,MODIS,82,6.2,305.5,39.7,D,0
-14.1693,131.4445,328.4,1.4,1.2,2014-07-04,0513,Aqua,MODIS,78,6.2,312.8,25.6,D,0
-13.7326,132.081,339.7,1.5,1.2,2014-07-04,0513,Aqua,MODIS,88,6.2,304.7,62,D,0
-13.6931,133.8674,330.7,2.1,1.4,2014-07-04,0513,Aqua,MODIS,55,6.2,297.8,58.1,D,0
-13.1715,132.7626,318.4,1.8,1.3,2014-07-04,0513,Aqua,MODIS,49,6.2,304.5,13.9,D,0
-13.1743,132.7738,326.6,1.8,1.3,2014-07-04,0513,Aqua,MODIS,77,6.2,304.4,32.1,D,0
-13.1626,132.7718,316.6,1.8,1.3,2014-07-04,0513,Aqua,MODIS,35,6.2,303.6,10.4,D,0
-13.5637,133.7778,324.9,2.1,1.4,2014-07-04,0513,Aqua,MODIS,36,6.2,299.4,41.3,D,0
-13.5826,133.7425,324.3,2,1.4,2014-07-04,0513,Aqua,MODIS,23,6.2,298.1,39.6,D,0
-13.5794,133.7612,324.5,2.1,1.4,2014-07-04,0513,Aqua,MODIS,43,6.2,298.3,40.7,D,0
-13.8786,134.013,324,2.1,1.4,2014-07-04,0513,Aqua,MODIS,74,6.2,298.9,38.9,D,0
-13.881,133.9985,320.3,2.1,1.4,2014-07-04,0513,Aqua,MODIS,68,6.2,301.2,27.6,D,0
-13.8776,134.0179,319.9,2.1,1.4,2014-07-04,0513,Aqua,MODIS,68,6.2,298.7,26,D,0
-14.5974,126.4352,321.1,1,1,2014-07-04,0513,Aqua,MODIS,57,6.2,307.1,8.2,D,0
-14.769,126.3969,328.3,1.1,1,2014-07-04,0513,Aqua,MODIS,39,6.2,305.6,18.4,D,0
-14.7598,126.3956,323.1,1.1,1,2014-07-04,0513,Aqua,MODIS,53,6.2,304.1,13.1,D,0
-14.7611,126.3858,325.3,1.1,1,2014-07-04,0513,Aqua,MODIS,74,6.2,305.7,15.8,D,0
-14.7625,126.3761,320.8,1.1,1,2014-07-04,0513,Aqua,MODIS,56,6.2,304.5,10.3,D,0
-14.7006,126.4164,336.5,1.1,1,2014-07-04,0513,Aqua,MODIS,86,6.2,308.1,28.9,D,0
-14.7019,126.4067,325,1.1,1,2014-07-04,0513,Aqua,MODIS,54,6.2,307.2,13.5,D,0
-14.6927,126.4053,321.6,1.1,1,2014-07-04,0513,Aqua,MODIS,24,6.2,306.3,9.2,D,0
-14.694,126.3956,327,1.1,1,2014-07-04,0513,Aqua,MODIS,72,6.2,303.2,16.2,D,0
-14.6835,126.404,328,1.1,1,2014-07-04,0513,Aqua,MODIS,62,6.2,305.1,16.4,D,0
-11.2399,132.5615,314.9,1.8,1.3,2014-07-04,0513,Aqua,MODIS,49,6.2,295.8,15,D,0
-12.5166,132.3413,320.9,1.7,1.3,2014-07-04,0513,Aqua,MODIS,45,6.2,302.3,20,D,0
-13.496,135.103,317.9,2.6,1.6,2014-07-04,0513,Aqua,MODIS,50,6.2,297,35.5,D,0
-12.5052,132.3394,319.7,1.7,1.3,2014-07-04,0513,Aqua,MODIS,26,6.2,300.8,17.2,D,0
-13.4919,135.1266,322.4,2.6,1.6,2014-07-04,0513,Aqua,MODIS,74,6.2,296.7,56.2,D,0
-13.4819,135.1295,317.9,2.6,1.6,2014-07-04,0513,Aqua,MODIS,47,6.2,294.7,35,D,0
-12.1947,132.5679,315.6,1.8,1.3,2014-07-04,0513,Aqua,MODIS,42,6.2,299.4,17.4,D,0
-11.3646,131.3445,316,1.5,1.2,2014-07-04,0513,Aqua,MODIS,60,6.2,299.9,13.9,D,0
-11.2855,131.2559,315.5,1.5,1.2,2014-07-04,0513,Aqua,MODIS,41,6.2,298.4,12.1,D,0
-11.264,131.2523,317,1.5,1.2,2014-07-04,0513,Aqua,MODIS,43,6.2,298.7,13.7,D,0
-11.4245,131.3325,315.9,1.5,1.2,2014-07-04,0513,Aqua,MODIS,48,6.2,301.5,9.9,D,0
-12.1933,132.5584,312.5,1.8,1.3,2014-07-04,0513,Aqua,MODIS,11,6.2,297.9,11.8,D,0
-13.5219,135.0348,317,2.6,1.5,2014-07-04,0513,Aqua,MODIS,48,6.2,299.7,30.8,D,0
-11.713,130.7339,320.1,1.3,1.1,2014-07-04,0513,Aqua,MODIS,59,6.2,303,16.2,D,0
-11.7149,130.7218,342.1,1.3,1.1,2014-07-04,0513,Aqua,MODIS,91,6.2,302.1,62,D,0
-11.762,130.8116,326.1,1.4,1.2,2014-07-04,0513,Aqua,MODIS,80,6.2,300.3,27.5,D,0
-11.8236,130.8654,315.1,1.4,1.2,2014-07-04,0513,Aqua,MODIS,57,6.2,300.6,10,D,0
-11.8183,130.8589,312.9,1.4,1.2,2014-07-04,0513,Aqua,MODIS,47,6.2,300.3,7,D,0
-13.3271,130.4222,352.7,1.2,1.1,2014-07-04,0513,Aqua,MODIS,87,6.2,303.8,78,D,0
-14.1132,130.099,347.3,1.2,1.1,2014-07-04,0513,Aqua,MODIS,93,6.2,309,53.2,D,0
-15.0074,126.0464,323.4,1.1,1,2014-07-04,0513,Aqua,MODIS,71,6.2,305,12.6,D,0
-13.8112,129.7896,332.7,1.1,1.1,2014-07-04,0513,Aqua,MODIS,81,6.2,303.5,28.6,D,0
-14.429,129.5178,320.1,1.1,1,2014-07-04,0513,Aqua,MODIS,58,6.2,307.5,10.1,D,0
-13.8128,129.7793,322.5,1.1,1.1,2014-07-04,0513,Aqua,MODIS,23,6.2,301.2,13.7,D,0
-14.7244,126.3106,325.9,1.1,1,2014-07-04,0513,Aqua,MODIS,75,6.2,306.8,17.1,D,0
-14.7257,126.3008,332.2,1.1,1,2014-07-04,0513,Aqua,MODIS,82,6.2,306.7,25.9,D,0
-14.1844,129.9124,335.4,1.1,1.1,2014-07-04,0513,Aqua,MODIS,85,6.2,306.3,31.2,D,0
-13.1556,130.1444,320.6,1.2,1.1,2014-07-04,0513,Aqua,MODIS,53,6.2,305.1,13.2,D,0
-13.3968,130.4969,317.4,1.2,1.1,2014-07-04,0513,Aqua,MODIS,25,6.2,304,7.4,D,0
-13.3852,130.5065,325.6,1.2,1.1,2014-07-04,0513,Aqua,MODIS,68,6.2,305.1,17,D,0
-13.8444,129.7901,322,1.1,1.1,2014-07-04,0513,Aqua,MODIS,58,6.2,304.6,12.7,D,0
-13.3202,130.4671,335.4,1.2,1.1,2014-07-04,0513,Aqua,MODIS,60,6.2,306.7,34.4,D,0
-14.1667,130.6218,323.9,1.2,1.1,2014-07-04,0513,Aqua,MODIS,62,6.2,305.9,15.7,D,0
-14.1649,130.6329,322.9,1.2,1.1,2014-07-04,0513,Aqua,MODIS,59,6.2,306.2,15.5,D,0
-14.1916,130.5914,322.2,1.2,1.1,2014-07-04,0513,Aqua,MODIS,68,6.2,304.7,12.7,D,0
-13.9399,130.6238,318.4,1.2,1.1,2014-07-04,0513,Aqua,MODIS,21,6.2,306.6,7,D,0
-13.3869,130.4953,325,1.2,1.1,2014-07-04,0513,Aqua,MODIS,71,6.2,305,17.1,D,0
-13.3753,130.5049,342.3,1.2,1.1,2014-07-04,0513,Aqua,MODIS,89,6.2,306.5,47.6,D,0
-13.3562,130.4326,380,1.2,1.1,2014-07-04,0513,Aqua,MODIS,100,6.2,315.4,188.5,D,0
-14.1663,129.6215,317.7,1.1,1,2014-07-04,0513,Aqua,MODIS,39,6.2,306.6,7.3,D,0
-13.377,130.4936,328.4,1.2,1.1,2014-07-04,0513,Aqua,MODIS,59,6.2,306.1,20.2,D,0
-13.358,130.4215,369.2,1.2,1.1,2014-07-04,0513,Aqua,MODIS,100,6.2,312,135.8,D,0
-13.3597,130.4103,357.1,1.2,1.1,2014-07-04,0513,Aqua,MODIS,98,6.2,308.1,91.2,D,0
-13.3549,130.4382,345.5,1.2,1.1,2014-07-04,0513,Aqua,MODIS,92,6.2,311.7,50.8,D,0
-13.3636,130.5145,333.1,1.2,1.1,2014-07-04,0513,Aqua,MODIS,16,6.2,310.3,26.8,D,0
-13.3566,130.427,370.4,1.2,1.1,2014-07-04,0513,Aqua,MODIS,100,6.2,316,137.4,D,0
-13.3654,130.5032,347.5,1.2,1.1,2014-07-04,0513,Aqua,MODIS,93,6.2,310.2,61.3,D,0
-13.3583,130.4158,356.6,1.2,1.1,2014-07-04,0513,Aqua,MODIS,98,6.2,309.5,85.7,D,0
-13.36,130.4047,329.4,1.2,1.1,2014-07-04,0513,Aqua,MODIS,25,6.2,305.8,23.8,D,0
-13.3451,130.4365,343.9,1.2,1.1,2014-07-04,0513,Aqua,MODIS,89,6.2,310.1,46.2,D,0
-13.3501,130.5355,324.7,1.2,1.1,2014-07-04,0513,Aqua,MODIS,55,6.2,306.3,15.6,D,0
-13.3555,130.5016,338.3,1.2,1.1,2014-07-04,0513,Aqua,MODIS,86,6.2,307.8,39,D,0
-13.3573,130.4903,327,1.2,1.1,2014-07-04,0513,Aqua,MODIS,54,6.2,306.6,17.1,D,0
-13.3474,130.4887,336.3,1.2,1.1,2014-07-04,0513,Aqua,MODIS,82,6.2,306.4,33.1,D,0
-13.3464,130.4945,327.5,1.2,1.1,2014-07-04,0513,Aqua,MODIS,34,6.2,305.6,18.8,D,0
-13.3468,130.4254,357.4,1.2,1.1,2014-07-04,0513,Aqua,MODIS,98,6.2,307.4,86.9,D,0
-13.3502,130.403,324.5,1.2,1.1,2014-07-04,0513,Aqua,MODIS,65,6.2,300.8,21.3,D,0
-13.3369,130.4238,385,1.2,1.1,2014-07-04,0513,Aqua,MODIS,100,6.2,312.5,218.7,D,0
-14.1037,130.0975,325.2,1.2,1.1,2014-07-04,0513,Aqua,MODIS,62,6.2,308.5,14.1,D,0
-13.3386,130.4126,374.8,1.2,1.1,2014-07-04,0513,Aqua,MODIS,100,6.2,306.2,164.7,D,0
-13.3382,130.4816,326,1.2,1.1,2014-07-04,0513,Aqua,MODIS,22,6.2,306.3,15.8,D,0
-14.2081,129.9482,346.4,1.1,1.1,2014-07-04,0513,Aqua,MODIS,92,6.2,309.2,52.7,D,0
-14.1828,129.9228,334.3,1.1,1.1,2014-07-04,0513,Aqua,MODIS,78,6.2,305.6,29.6,D,0
-13.3288,130.411,343.9,1.2,1.1,2014-07-04,0513,Aqua,MODIS,83,6.2,301.4,56.2,D,0
-13.33,130.4687,335.7,1.2,1.1,2014-07-04,0513,Aqua,MODIS,57,6.2,307.9,31.9,D,0
-14.1178,130.2639,327.2,1.2,1.1,2014-07-04,0513,Aqua,MODIS,76,6.2,310.8,15.5,D,0
-14.1565,129.4967,322.3,1.1,1,2014-07-04,0513,Aqua,MODIS,64,6.2,305.2,14,D,0
-13.8564,130.1862,327.4,1.2,1.1,2014-07-04,0513,Aqua,MODIS,70,6.2,307.3,20.1,D,0
-11.5759,130.4293,319.3,1.3,1.1,2014-07-04,0513,Aqua,MODIS,28,6.2,300.1,13.5,D,0
-11.5658,130.4277,330,1.3,1.1,2014-07-04,0513,Aqua,MODIS,71,6.2,299.2,30.2,D,0
-14.9657,126.0952,322.4,1.1,1,2014-07-04,0513,Aqua,MODIS,53,6.2,306.4,11.5,D,0
-14.9257,126.1097,341.6,1.1,1,2014-07-04,0513,Aqua,MODIS,89,6.2,308.2,39.8,D,0
-14.185,127.0938,322.3,1,1,2014-07-04,0513,Aqua,MODIS,66,6.2,308.2,9,D,0
-14.9564,126.0938,325.7,1.1,1,2014-07-04,0513,Aqua,MODIS,52,6.2,306.4,14.3,D,0
-14.1863,127.0844,326.6,1,1,2014-07-04,0513,Aqua,MODIS,75,6.2,309,13.6,D,0
-14.4929,129.8972,319.7,1.1,1.1,2014-07-04,0513,Aqua,MODIS,59,6.2,308,8.2,D,0
-14.5322,129.893,328.5,1.1,1.1,2014-07-04,0513,Aqua,MODIS,78,6.2,305.8,19.3,D,0
-14.5237,130.2287,341.5,1.2,1.1,2014-07-04,0513,Aqua,MODIS,90,6.2,308.3,44.1,D,0
-13.6691,130.3327,320.4,1.2,1.1,2014-07-04,0513,Aqua,MODIS,31,6.2,305.8,12.2,D,0
-14.927,126.0997,333.1,1.1,1,2014-07-04,0513,Aqua,MODIS,83,6.2,308.3,24.2,D,0
-14.9377,126.091,324.9,1.1,1,2014-07-04,0513,Aqua,MODIS,46,6.2,307.1,12.6,D,0
-14.1876,127.0751,333.7,1,1,2014-07-04,0513,Aqua,MODIS,83,6.2,308.8,23.1,D,0
-11.6131,130.4542,314.5,1.3,1.1,2014-07-04,0513,Aqua,MODIS,0,6.2,298.8,7,D,0
-13.8428,129.8004,328,1.1,1.1,2014-07-04,0513,Aqua,MODIS,77,6.2,304.5,21,D,0
-14.0729,127.2977,331.5,1,1,2014-07-04,0513,Aqua,MODIS,80,6.2,308.6,19.5,D,0
-14.0742,127.2885,325.1,1,1,2014-07-04,0513,Aqua,MODIS,53,6.2,308.7,11.7,D,0
-14.0755,127.2793,325.8,1,1,2014-07-04,0513,Aqua,MODIS,66,6.2,308.3,13.1,D,0
-14.0768,127.27,327.5,1,1,2014-07-04,0513,Aqua,MODIS,65,6.2,307.9,14.2,D,0
-13.1041,130.2821,318.3,1.2,1.1,2014-07-04,0513,Aqua,MODIS,46,6.2,305,9.7,D,0
-13.5774,130.3902,325.1,1.2,1.1,2014-07-04,0513,Aqua,MODIS,70,6.2,308.4,19.5,D,0
-14.915,126.1184,329.6,1.1,1,2014-07-04,0513,Aqua,MODIS,79,6.2,306.9,21,D,0
-14.1785,127.1403,324.3,1,1,2014-07-04,0513,Aqua,MODIS,70,6.2,306.8,11.2,D,0
-13.9625,130.0079,327.6,1.1,1.1,2014-07-04,0513,Aqua,MODIS,76,6.2,302.2,22.2,D,0
-11.7758,130.2602,311.5,1.3,1.1,2014-07-04,0513,Aqua,MODIS,40,6.2,298.9,6.4,D,0
-14.5243,129.8813,329.5,1.1,1.1,2014-07-04,0513,Aqua,MODIS,79,6.2,306.2,21,D,0
-14.5259,129.8711,320,1.1,1.1,2014-07-04,0513,Aqua,MODIS,59,6.2,306.8,7.8,D,0
-15.0061,126.0564,327.8,1.1,1,2014-07-04,0513,Aqua,MODIS,77,6.2,306.3,18.4,D,0
-13.9641,129.9973,341.4,1.1,1.1,2014-07-04,0513,Aqua,MODIS,89,6.2,303.1,46.9,D,0
-13.9888,129.9855,333,1.1,1.1,2014-07-04,0513,Aqua,MODIS,82,6.2,303.4,30.7,D,0
-13.9905,129.9751,325.4,1.1,1.1,2014-07-04,0513,Aqua,MODIS,67,6.2,303.4,17.6,D,0
-13.9744,130.0154,323.4,1.1,1.1,2014-07-04,0513,Aqua,MODIS,70,6.2,303,15.9,D,0
-13.9761,130.0049,334.3,1.1,1.1,2014-07-04,0513,Aqua,MODIS,84,6.2,303.9,33.2,D,0
-13.9721,130.0094,341.4,1.1,1.1,2014-07-04,0513,Aqua,MODIS,89,6.2,304.8,46.6,D,0
-13.9736,129.9989,326.9,1.1,1.1,2014-07-04,0513,Aqua,MODIS,75,6.2,303.9,21.3,D,0
-14.0032,129.9557,323.1,1.1,1.1,2014-07-04,0513,Aqua,MODIS,68,6.2,305.7,14.2,D,0
-14.1351,126.4541,320.3,1,1,2014-07-04,0513,Aqua,MODIS,59,6.2,307.9,8,D,0
-14.1062,127.262,324.4,1,1,2014-07-04,0513,Aqua,MODIS,55,6.2,308.2,11.9,D,0
-13.852,130.19,328.4,1.2,1.1,2014-07-04,0513,Aqua,MODIS,77,6.2,307.7,18.8,D,0
-13.8547,130.1971,325.7,1.2,1.1,2014-07-04,0513,Aqua,MODIS,67,6.2,305.4,16.9,D,0
-27.4714,149.4327,306.1,1.1,1,2014-07-04,1255,Terra,MODIS,67,6.2,278.8,12.3,N,0
-27.473,149.4221,319.8,1.1,1,2014-07-04,1255,Terra,MODIS,99,6.2,279.1,23.9,N,0
-28.9863,148.4124,326.9,1,1,2014-07-04,1255,Terra,MODIS,100,6.2,279.2,29.6,N,0
-28.9289,149.419,303.3,1,1,2014-07-04,1255,Terra,MODIS,54,6.2,277.3,10.4,N,0
-29.1098,150.2174,301.1,1.1,1,2014-07-04,1255,Terra,MODIS,38,6.2,278.2,9.3,N,0
-25.2345,149.0609,306.8,1.1,1,2014-07-04,1256,Terra,MODIS,9,6.2,281.5,10.1,N,0
-14.8687,142.664,311.6,1.1,1.1,2014-07-04,1259,Terra,MODIS,83,6.2,287.4,13.7,N,0
-15.58,142.1419,305.6,1.2,1.1,2014-07-04,1259,Terra,MODIS,65,6.2,288.3,9.1,N,0
-14.8701,142.6535,303.2,1.1,1.1,2014-07-04,1259,Terra,MODIS,54,6.2,287.2,7,N,0
-15.5815,142.1305,323.8,1.2,1.1,2014-07-04,1259,Terra,MODIS,100,6.2,289,29.4,N,0
-15.5716,142.1291,302.9,1.2,1.1,2014-07-04,1259,Terra,MODIS,30,6.2,288.2,6.9,N,0
-15.2058,143.0683,304.9,1.1,1,2014-07-04,1259,Terra,MODIS,62,6.2,288.8,7.4,N,0
-15.2045,143.0784,300.3,1.1,1,2014-07-04,1259,Terra,MODIS,24,6.2,288.8,4.5,N,0
-12.6391,141.9693,301.1,1.2,1.1,2014-07-04,1300,Terra,MODIS,38,6.2,290.9,4.7,N,0
-12.9254,142.4262,304.4,1.1,1.1,2014-07-04,1300,Terra,MODIS,60,6.2,290.2,7.1,N,0
-12.6405,141.9586,307.4,1.2,1.1,2014-07-04,1300,Terra,MODIS,71,6.2,291,9.3,N,0
-20.1509,119.5829,304.3,1.1,1,2014-07-04,1436,Terra,MODIS,59,6.2,285.3,9.2,N,0
-20.1271,119.5731,304.6,1.1,1,2014-07-04,1436,Terra,MODIS,61,6.2,285.5,9.7,N,0
-20.7647,119.6069,303.4,1.1,1,2014-07-04,1436,Terra,MODIS,55,6.2,284.2,8.8,N,0
-20.7661,119.5964,306.7,1.1,1,2014-07-04,1436,Terra,MODIS,69,6.2,284.2,10.9,N,0
-20.7553,119.6054,302.9,1.1,1,2014-07-04,1436,Terra,MODIS,34,6.2,284.4,8.1,N,0
-20.7707,119.6029,304.4,1.1,1,2014-07-04,1436,Terra,MODIS,16,6.2,283.6,8.5,N,0
-20.8461,119.5398,305,1.1,1,2014-07-04,1436,Terra,MODIS,28,6.2,292.2,7.3,N,0
-20.8301,119.5156,302.5,1.1,1,2014-07-04,1436,Terra,MODIS,12,6.2,289.9,5.7,N,0
-21.238,119.9693,302.2,1.1,1,2014-07-04,1436,Terra,MODIS,47,6.2,283.3,8.5,N,0
-21.8683,116.44,306,1.7,1.3,2014-07-04,1436,Terra,MODIS,66,6.2,284.7,20,N,0
-21.8702,116.4235,309.7,1.7,1.3,2014-07-04,1436,Terra,MODIS,78,6.2,284.6,25.9,N,0
-12.6383,141.9642,304.2,1,1,2014-07-04,1603,Aqua,MODIS,59,6.2,290.8,6,N,0
-13.8821,134.0407,305,2.3,1.5,2014-07-04,1603,Aqua,MODIS,63,6.2,287.9,27.5,N,0
-17.6676,138.6494,306.3,1.1,1,2014-07-04,1604,Aqua,MODIS,68,6.2,288.1,9.2,N,0
-17.6692,138.6593,322.2,1.1,1,2014-07-04,1604,Aqua,MODIS,100,6.2,290.3,23.2,N,0
-20.7328,139.4815,307.3,1,1,2014-07-04,1605,Aqua,MODIS,71,6.2,285.9,10.1,N,2
-21.2341,119.97,300.1,1.7,1.3,2014-07-04,1744,Aqua,MODIS,16,6.2,283,15.6,N,0
-20.7695,119.6028,302.9,1.6,1.2,2014-07-04,1744,Aqua,MODIS,52,6.2,282.4,16.2,N,0
-25.2221,149.046,308.2,1.9,1.4,2014-07-04,2353,Terra,MODIS,67,6.2,292.3,19.9,D,0
-27.4025,151.2873,305,1.3,1.1,2014-07-04,2353,Terra,MODIS,60,6.2,293.1,5.8,D,0
-24.2395,150.5379,304.5,1.6,1.2,2014-07-04,2353,Terra,MODIS,37,6.2,291.9,9.5,D,0
-24.2506,150.5354,307.9,1.6,1.2,2014-07-04,2353,Terra,MODIS,66,6.2,292.3,13.8,D,0
-24.2534,150.5513,302.2,1.6,1.2,2014-07-04,2353,Terra,MODIS,29,6.2,291.2,7.3,D,0
-24.2523,150.5454,312.2,1.6,1.2,2014-07-04,2353,Terra,MODIS,66,6.2,291.8,18.9,D,0
-30.6999,152.611,303.4,1,1,2014-07-04,2354,Terra,MODIS,47,6.2,287.9,6.6,D,0
-28.2361,148.8068,307,1.7,1.3,2014-07-04,2354,Terra,MODIS,65,6.2,291.5,13.4,D,0
-28.2394,148.8243,304.3,1.7,1.3,2014-07-04,2354,Terra,MODIS,59,6.2,291.7,9.3,D,0
-34.4558,150.8804,301,1.1,1,2014-07-04,2355,Terra,MODIS,32,6.2,288.9,5,D,2
-34.467,150.8899,301.2,1.1,1,2014-07-04,2355,Terra,MODIS,30,6.2,288.1,4.9,D,2
-31.5764,147.0446,302.7,1.9,1.4,2014-07-04,2355,Terra,MODIS,53,6.2,285,16.5,D,0
-31.5712,147.0612,300.2,1.9,1.4,2014-07-04,2355,Terra,MODIS,31,6.2,285,12.9,D,0
-31.5833,147.0579,301.6,1.9,1.4,2014-07-04,2355,Terra,MODIS,48,6.2,284.8,14.8,D,0
-31.5803,147.0645,304.4,1.9,1.4,2014-07-04,2355,Terra,MODIS,59,6.2,284.7,18.8,D,0
-13.9587,134.2692,316.9,1,1,2014-07-05,0128,Terra,MODIS,66,6.2,304.7,6.5,D,0
-13.7446,133.9317,316,1,1,2014-07-05,0128,Terra,MODIS,57,6.2,302.2,6.3,D,0
-13.8733,134.0581,324.3,1,1,2014-07-05,0128,Terra,MODIS,43,6.2,303.7,12.1,D,0
-13.881,134.0475,324.7,1,1,2014-07-05,0128,Terra,MODIS,17,6.2,302.4,12.3,D,0
-13.6665,131.7588,319.7,1.1,1,2014-07-05,0128,Terra,MODIS,67,6.2,304.7,8.8,D,0
-13.665,131.7491,324.4,1.1,1,2014-07-05,0128,Terra,MODIS,75,6.2,305.1,14,D,0
-13.8823,134.0568,325,1,1,2014-07-05,0128,Terra,MODIS,53,6.2,303.7,13,D,0
-13.8873,134.0275,324.4,1,1,2014-07-05,0128,Terra,MODIS,46,6.2,302.3,12.8,D,0
-13.6929,132.0388,334.9,1,1,2014-07-05,0128,Terra,MODIS,85,6.2,303.9,29.7,D,0
-13.9329,133.8345,317.3,1,1,2014-07-05,0128,Terra,MODIS,63,6.2,304.2,7,D,0
-13.4699,133.6897,320.5,1,1,2014-07-05,0128,Terra,MODIS,70,6.2,301.9,11.7,D,0
-13.4669,134.4942,317.2,1,1,2014-07-05,0128,Terra,MODIS,61,6.2,303.5,6.9,D,0
-13.7004,133.9443,324.3,1,1,2014-07-05,0128,Terra,MODIS,57,6.2,304.5,12.3,D,0
-13.5305,134.1051,315.7,1,1,2014-07-05,0128,Terra,MODIS,26,6.2,302.1,5.7,D,0
-13.9013,133.9969,318.3,1,1,2014-07-05,0128,Terra,MODIS,55,6.2,303.1,7.3,D,0
-13.4683,134.5037,319.1,1,1,2014-07-05,0128,Terra,MODIS,70,6.2,303.4,9.4,D,0
-13.7065,132.0663,327,1,1,2014-07-05,0128,Terra,MODIS,78,6.2,304.2,18.5,D,0
-13.6747,133.9576,326.5,1,1,2014-07-05,0128,Terra,MODIS,68,6.2,302.7,15.3,D,0
-13.6914,133.9457,327,1,1,2014-07-05,0128,Terra,MODIS,23,6.2,304.3,14.7,D,0
-13.9419,133.8332,315.6,1,1,2014-07-05,0128,Terra,MODIS,36,6.2,302.8,5.5,D,0
-13.6824,133.947,325,1,1,2014-07-05,0128,Terra,MODIS,77,6.2,302.8,13.4,D,0
-13.681,133.9377,322.7,1,1,2014-07-05,0128,Terra,MODIS,67,6.2,304.2,10.4,D,0
-13.5396,134.1038,317.1,1,1,2014-07-05,0128,Terra,MODIS,55,6.2,302,6.9,D,0
-13.2887,132.2345,328.2,1,1,2014-07-05,0128,Terra,MODIS,75,6.2,304.3,17.6,D,0
-13.6272,133.0096,314,1,1,2014-07-05,0128,Terra,MODIS,32,6.2,301.6,5.4,D,0
-13.4433,134.7762,314.7,1,1,2014-07-05,0128,Terra,MODIS,60,6.2,300.6,6.9,D,0
-13.7419,134.1662,316.6,1,1,2014-07-05,0128,Terra,MODIS,47,6.2,304.8,5.5,D,0
-13.4712,133.6988,316,1,1,2014-07-05,0128,Terra,MODIS,61,6.2,302.2,7.5,D,0
-13.705,132.0567,317.5,1,1,2014-07-05,0128,Terra,MODIS,62,6.2,302.4,8.3,D,0
-13.886,134.0181,335.4,1,1,2014-07-05,0128,Terra,MODIS,86,6.2,302.6,27.3,D,0
-13.9925,136.4468,311.3,1.3,1.1,2014-07-05,0128,Terra,MODIS,53,6.2,291.6,11.4,D,0
-13.6733,133.9483,339.1,1,1,2014-07-05,0128,Terra,MODIS,89,6.2,304.4,32.6,D,0
-13.8147,133.9717,317.6,1,1,2014-07-05,0128,Terra,MODIS,65,6.2,302.9,7.6,D,0
-13.2795,132.2359,325.4,1,1,2014-07-05,0128,Terra,MODIS,69,6.2,306.2,14.5,D,0
-13.6944,132.0485,317.7,1,1,2014-07-05,0128,Terra,MODIS,63,6.2,303.4,8.5,D,0
-13.688,133.7326,326.8,1,1,2014-07-05,0128,Terra,MODIS,75,6.2,303.1,15.2,D,0
-13.9357,134.2978,323.6,1,1,2014-07-05,0128,Terra,MODIS,42,6.2,304.6,12,D,0
-13.9266,134.2992,324.8,1,1,2014-07-05,0128,Terra,MODIS,71,6.2,302.9,13.7,D,0
-13.9253,134.2897,319.5,1,1,2014-07-05,0128,Terra,MODIS,35,6.2,304.2,7.6,D,0
-13.697,133.7313,321.5,1,1,2014-07-05,0128,Terra,MODIS,72,6.2,304.1,10.5,D,0
-13.6984,133.7405,316.1,1,1,2014-07-05,0128,Terra,MODIS,52,6.2,303.8,5.6,D,0
-13.6792,133.8624,321.2,1,1,2014-07-05,0128,Terra,MODIS,72,6.2,302.4,10,D,0
-13.6806,133.8717,329,1,1,2014-07-05,0128,Terra,MODIS,81,6.2,303.3,19.1,D,0
-13.6819,133.8809,320.1,1,1,2014-07-05,0128,Terra,MODIS,70,6.2,302.9,8.5,D,0
-13.5661,130.8108,315.3,1.2,1.1,2014-07-05,0128,Terra,MODIS,36,6.2,302.4,5.9,D,0
-12.5315,132.3401,322.4,1,1,2014-07-05,0128,Terra,MODIS,74,6.2,304.1,11.4,D,0
-12.7968,131.0685,319.7,1.2,1.1,2014-07-05,0128,Terra,MODIS,68,6.2,297.2,14.1,D,0
-11.7127,130.7488,316.4,1.2,1.1,2014-07-05,0128,Terra,MODIS,69,6.2,301,11.4,D,0
-12.4903,132.7381,320.5,1,1,2014-07-05,0128,Terra,MODIS,71,6.2,303,10.3,D,0
-13.1088,130.445,333.2,1.2,1.1,2014-07-05,0128,Terra,MODIS,84,6.2,302,33.6,D,0
-13.1007,130.458,334.8,1.2,1.1,2014-07-05,0128,Terra,MODIS,85,6.2,304.8,37.1,D,0
-13.1106,130.4564,346.7,1.2,1.1,2014-07-05,0128,Terra,MODIS,93,6.2,302.8,64.2,D,0
-13.0988,130.4466,323.4,1.2,1.1,2014-07-05,0128,Terra,MODIS,74,6.2,302.7,17.4,D,0
-13.1069,130.4336,342.1,1.2,1.1,2014-07-05,0128,Terra,MODIS,90,6.2,302.2,53.3,D,0
-13.3666,130.4539,328.4,1.2,1.1,2014-07-05,0128,Terra,MODIS,72,6.2,301.9,24.3,D,0
-13.382,130.4861,331.6,1.2,1.1,2014-07-05,0128,Terra,MODIS,36,6.2,304.2,27.3,D,0
-13.3703,130.4764,329.2,1.2,1.1,2014-07-05,0128,Terra,MODIS,47,6.2,305.6,22,D,0
-13.3667,130.4599,352.9,1.2,1.1,2014-07-05,0128,Terra,MODIS,96,6.2,303.4,78.9,D,0
-13.3685,130.4651,344.2,1.2,1.1,2014-07-05,0128,Terra,MODIS,92,6.2,304.2,54.7,D,0
-13.3703,130.4825,327.9,1.2,1.1,2014-07-05,0128,Terra,MODIS,79,6.2,305.9,18,D,0
-13.3398,130.4179,321.5,1.2,1.1,2014-07-05,0128,Terra,MODIS,39,6.2,301.7,14.5,D,0
-13.3685,130.4712,331.3,1.2,1.1,2014-07-05,0128,Terra,MODIS,83,6.2,305,24.8,D,0
-11.5186,130.5562,317.5,1.3,1.1,2014-07-05,0128,Terra,MODIS,72,6.2,299.5,14.6,D,0
-13.3209,130.4906,323.6,1.2,1.1,2014-07-05,0128,Terra,MODIS,52,6.2,302.7,17.2,D,0
-12.6088,134.9239,317.8,1,1,2014-07-05,0128,Terra,MODIS,68,6.2,301,9.8,D,0
-12.6674,132.9356,316.1,1,1,2014-07-05,0128,Terra,MODIS,58,6.2,302.4,6.2,D,0
-11.8784,133.6974,316.4,1,1,2014-07-05,0128,Terra,MODIS,54,6.2,302.4,6.9,D,0
-11.812,133.6855,327.5,1,1,2014-07-05,0128,Terra,MODIS,60,6.2,302.3,16.8,D,0
-12.4271,132.5659,332.3,1,1,2014-07-05,0128,Terra,MODIS,84,6.2,302.4,23.3,D,0
-12.9741,130.7548,316.1,1.2,1.1,2014-07-05,0128,Terra,MODIS,47,6.2,303.7,8.5,D,0
-12.6101,134.9335,333.8,1,1,2014-07-05,0128,Terra,MODIS,81,6.2,300.9,29.7,D,0
-12.4285,132.5753,344.5,1,1,2014-07-05,0128,Terra,MODIS,92,6.2,305.2,44.1,D,0
-12.2543,133.9988,328.6,1,1,2014-07-05,0128,Terra,MODIS,80,6.2,304.5,18.2,D,0
-12.003,133.7935,320.3,1,1,2014-07-05,0128,Terra,MODIS,64,6.2,306.2,6.4,D,0
-14.8604,142.6376,321.8,3.7,1.8,2014-07-05,0128,Terra,MODIS,78,6.2,296.9,97.2,D,0
-11.8501,133.6923,335.9,1,1,2014-07-05,0128,Terra,MODIS,87,6.2,303.3,27.4,D,0
-12.6549,132.9753,324.2,1,1,2014-07-05,0128,Terra,MODIS,76,6.2,304.2,14.9,D,0
-12.4129,134.2032,326.3,1,1,2014-07-05,0128,Terra,MODIS,78,6.2,303.1,15.3,D,0
-12.4299,132.5847,320.1,1,1,2014-07-05,0128,Terra,MODIS,63,6.2,304.8,9.1,D,0
-11.8147,133.7037,326.4,1,1,2014-07-05,0128,Terra,MODIS,56,6.2,303.1,15.3,D,0
-13.6271,134.009,317.3,1,1,2014-07-05,0128,Terra,MODIS,65,6.2,302.2,8.1,D,0
-11.9734,134.0933,320.4,1,1,2014-07-05,0128,Terra,MODIS,71,6.2,301.4,10.4,D,0
-13.0548,134.8281,317.3,1,1,2014-07-05,0128,Terra,MODIS,67,6.2,301.8,8.9,D,0
-12.4115,134.194,317,1,1,2014-07-05,0128,Terra,MODIS,56,6.2,301.8,6.3,D,0
-12.8031,132.4926,318.6,1,1,2014-07-05,0128,Terra,MODIS,63,6.2,305.1,9.5,D,0
-13.1762,134.9028,318.3,1.1,1,2014-07-05,0128,Terra,MODIS,61,6.2,303.4,7,D,0
-12.8515,133.3053,318.6,1,1,2014-07-05,0128,Terra,MODIS,56,6.2,300.8,9.5,D,0
-11.8228,133.7583,324,1,1,2014-07-05,0128,Terra,MODIS,43,6.2,301.5,12.5,D,0
-12.253,133.9896,319.8,1,1,2014-07-05,0128,Terra,MODIS,69,6.2,302.5,8.5,D,0
-11.8107,133.6764,332,1,1,2014-07-05,0128,Terra,MODIS,58,6.2,302.8,23,D,0
-11.816,133.7128,333.2,1,1,2014-07-05,0128,Terra,MODIS,81,6.2,304.1,24.2,D,0
-11.821,133.6841,326.6,1,1,2014-07-05,0128,Terra,MODIS,59,6.2,304.8,14.3,D,0
-12.8501,133.2961,339.1,1,1,2014-07-05,0128,Terra,MODIS,89,6.2,302.6,35.1,D,0
-13.2057,134.7938,328.6,1,1,2014-07-05,0128,Terra,MODIS,81,6.2,302.4,20.9,D,0
-13.672,133.9391,326.8,1,1,2014-07-05,0128,Terra,MODIS,74,6.2,304.1,14.8,D,0
-14.864,142.6721,332.1,3.8,1.8,2014-07-05,0128,Terra,MODIS,86,6.2,299.1,180.9,D,0
-12.6535,132.966,320.1,1,1,2014-07-05,0128,Terra,MODIS,71,6.2,304.4,11.2,D,0
-12.0222,133.9863,332.7,1,1,2014-07-05,0128,Terra,MODIS,84,6.2,302.8,23.9,D,0
-12.53,132.3306,320.3,1,1,2014-07-05,0128,Terra,MODIS,72,6.2,304.2,8.6,D,0
-12.865,132.7793,329.3,1,1,2014-07-05,0128,Terra,MODIS,81,6.2,302.6,20.6,D,0
-13.3096,134.3566,314.8,1,1,2014-07-05,0128,Terra,MODIS,60,6.2,302.5,5.8,D,0
-12.0832,133.9619,316.6,1,1,2014-07-05,0128,Terra,MODIS,51,6.2,304.3,6.4,D,0
-11.8515,133.7014,322.6,1,1,2014-07-05,0128,Terra,MODIS,25,6.2,303.7,10.3,D,0
-13.412,134.1767,313.6,1,1,2014-07-05,0128,Terra,MODIS,42,6.2,301.1,5.1,D,0
-11.9748,134.1024,318.6,1,1,2014-07-05,0128,Terra,MODIS,68,6.2,302.7,9,D,0
-12.8017,132.4831,316.2,1,1,2014-07-05,0128,Terra,MODIS,48,6.2,303.1,6.4,D,0
-12.0845,133.971,322.4,1,1,2014-07-05,0128,Terra,MODIS,74,6.2,304.9,11.5,D,0
-11.9519,133.9472,326.3,1,1,2014-07-05,0128,Terra,MODIS,79,6.2,304.2,17.2,D,0
-12.0311,133.985,356,1,1,2014-07-05,0128,Terra,MODIS,98,6.2,305.2,67.1,D,0
-15.3586,141.7964,312,3.3,1.7,2014-07-05,0129,Terra,MODIS,58,6.2,297.3,23.9,D,0
-14.9642,133.3969,320.8,1,1,2014-07-05,0129,Terra,MODIS,63,6.2,303.9,9,D,0
-15.571,142.1346,314.3,3.5,1.8,2014-07-05,0129,Terra,MODIS,61,6.2,298.1,44.2,D,0
-14.9552,133.3983,317.8,1,1,2014-07-05,0129,Terra,MODIS,22,6.2,303.6,6.1,D,0
-15.3548,141.7902,314.4,3.3,1.7,2014-07-05,0129,Terra,MODIS,67,6.2,297.1,35.5,D,0
-15.5776,142.1407,314.8,3.5,1.8,2014-07-05,0129,Terra,MODIS,60,6.2,298.9,43.9,D,0
-15.5743,142.1671,311.7,3.5,1.8,2014-07-05,0129,Terra,MODIS,52,6.2,297.7,30.5,D,0
-16.2171,137.0315,315.5,1.5,1.2,2014-07-05,0129,Terra,MODIS,63,6.2,300.7,14.3,D,0
-15.4192,127.9056,320.1,1.7,1.3,2014-07-05,0129,Terra,MODIS,47,6.2,300.8,22.3,D,0
-13.798,129.8218,316.6,1.3,1.1,2014-07-05,0129,Terra,MODIS,39,6.2,300.6,13.8,D,0
-14.9149,126.1229,314.4,2.3,1.5,2014-07-05,0129,Terra,MODIS,64,6.2,300,26.7,D,0
-14.7198,130.0768,323,1.2,1.1,2014-07-05,0129,Terra,MODIS,40,6.2,302.6,16.3,D,0
-14.1994,127.08,318.1,2,1.4,2014-07-05,0129,Terra,MODIS,65,6.2,300.8,27.5,D,0
-14.2005,127.0729,317.8,2,1.4,2014-07-05,0129,Terra,MODIS,70,6.2,300.3,28.3,D,0
-15.262,127.9385,321.9,1.7,1.3,2014-07-05,0129,Terra,MODIS,54,6.2,299.8,27.8,D,0
-15.8747,128.6895,323.5,1.5,1.2,2014-07-05,0129,Terra,MODIS,77,6.2,302.2,24.2,D,0
-13.8357,129.8095,315.2,1.3,1.1,2014-07-05,0129,Terra,MODIS,55,6.2,301.4,11.7,D,0
-14.7179,130.0653,324.7,1.2,1.1,2014-07-05,0129,Terra,MODIS,45,6.2,304.8,17.5,D,0
-14.7241,130.0406,322.2,1.2,1.1,2014-07-05,0129,Terra,MODIS,50,6.2,304.2,15.2,D,0
-13.7878,129.8235,315.3,1.3,1.1,2014-07-05,0129,Terra,MODIS,24,6.2,298.9,12.4,D,0
-15.7299,130.5012,314.8,1.1,1.1,2014-07-05,0129,Terra,MODIS,55,6.2,302.1,8.1,D,0
-15.1227,130.9885,317.1,1.1,1,2014-07-05,0129,Terra,MODIS,64,6.2,302.4,8.9,D,0
-13.8575,130.1299,323.2,1.3,1.1,2014-07-05,0129,Terra,MODIS,74,6.2,300.8,20.6,D,0
-15.1211,130.9783,315.4,1.1,1.1,2014-07-05,0129,Terra,MODIS,51,6.2,301.5,6.6,D,0
-15.5258,129.3649,313.7,1.3,1.1,2014-07-05,0129,Terra,MODIS,59,6.2,301.5,9.5,D,0
-15.2902,127.9658,328.5,1.7,1.3,2014-07-05,0129,Terra,MODIS,36,6.2,302,37.9,D,0
-15.3016,127.9636,322.9,1.7,1.3,2014-07-05,0129,Terra,MODIS,65,6.2,301.4,26,D,0
-15.4103,127.9224,322,1.7,1.3,2014-07-05,0129,Terra,MODIS,76,6.2,301.3,25.1,D,0
-15.4129,127.9376,316.4,1.7,1.3,2014-07-05,0129,Terra,MODIS,47,6.2,300.8,13.5,D,0
-14.9498,126.1094,310.1,2.3,1.5,2014-07-05,0129,Terra,MODIS,37,6.2,299.5,14.1,D,0
-14.9507,126.0941,311.1,2.3,1.5,2014-07-05,0129,Terra,MODIS,32,6.2,300.9,14.9,D,0
-14.5095,130.237,315.9,1.2,1.1,2014-07-05,0129,Terra,MODIS,22,6.2,302.7,8.6,D,0
-14.4996,130.2386,321.1,1.2,1.1,2014-07-05,0129,Terra,MODIS,70,6.2,300.8,15.4,D,0
-14.0031,129.8864,349.1,1.3,1.1,2014-07-05,0129,Terra,MODIS,94,6.2,302.5,78.8,D,0
-15.0903,131.0627,318,1.1,1,2014-07-05,0129,Terra,MODIS,54,6.2,300.6,8.7,D,0
-15.5295,126.909,313.3,2,1.4,2014-07-05,0129,Terra,MODIS,63,6.2,299.9,20.2,D,0
-15.5261,126.8905,312.7,2,1.4,2014-07-05,0129,Terra,MODIS,62,6.2,298.2,18.7,D,0
-15.5359,126.8947,319.5,2,1.4,2014-07-05,0129,Terra,MODIS,73,6.2,298.2,35.2,D,0
-14.1841,127.141,311.4,2,1.4,2014-07-05,0129,Terra,MODIS,34,6.2,298.6,12.4,D,0
-15.2185,127.5506,321.5,1.8,1.3,2014-07-05,0129,Terra,MODIS,75,6.2,301.9,29,D,0
-14.5488,130.2239,314.8,1.2,1.1,2014-07-05,0129,Terra,MODIS,51,6.2,300.6,9,D,0
-14.4818,129.9336,321.5,1.3,1.1,2014-07-05,0129,Terra,MODIS,69,6.2,301.7,15.1,D,0
-14.4799,129.9274,322.5,1.3,1.1,2014-07-05,0129,Terra,MODIS,68,6.2,302.5,17.4,D,0
-14.005,129.8983,323.6,1.3,1.1,2014-07-05,0129,Terra,MODIS,66,6.2,301.7,20.7,D,0
-15.2651,131.6572,333.2,1,1,2014-07-05,0129,Terra,MODIS,85,6.2,303.5,26.4,D,0
-15.2559,131.6587,321.7,1,1,2014-07-05,0129,Terra,MODIS,70,6.2,301.7,12.8,D,0
-15.2544,131.649,322.8,1,1,2014-07-05,0129,Terra,MODIS,70,6.2,302,13.5,D,0
-15.0035,133.1011,325.5,1,1,2014-07-05,0129,Terra,MODIS,78,6.2,305.5,14.8,D,0
-14.166,130.6479,321.6,1.2,1.1,2014-07-05,0129,Terra,MODIS,55,6.2,301,15.1,D,0
-14.59,126.4458,311.9,2.2,1.4,2014-07-05,0129,Terra,MODIS,56,6.2,300.9,18.4,D,0
-14.7535,126.4041,323,2.2,1.4,2014-07-05,0129,Terra,MODIS,77,6.2,299.8,52.8,D,0
-17.639,138.6406,359.8,2,1.4,2014-07-05,0129,Terra,MODIS,99,6.2,302,220.2,D,0
-17.643,138.6535,334.6,2,1.4,2014-07-05,0129,Terra,MODIS,87,6.2,300.7,77.4,D,0
-17.6555,138.652,320.3,2,1.4,2014-07-05,0129,Terra,MODIS,73,6.2,301.1,31.3,D,0
-16.3944,136.363,315.4,1.3,1.1,2014-07-05,0129,Terra,MODIS,58,6.2,303.2,8.9,D,0
-17.6409,138.6346,355.4,2,1.4,2014-07-05,0129,Terra,MODIS,98,6.2,301.8,188.8,D,0
-17.6534,138.633,317.2,2,1.4,2014-07-05,0129,Terra,MODIS,68,6.2,300.6,24.1,D,0
-16.5514,136.4059,313.2,1.4,1.2,2014-07-05,0129,Terra,MODIS,57,6.2,301.8,8.2,D,0
-16.553,136.4186,311.9,1.4,1.2,2014-07-05,0129,Terra,MODIS,49,6.2,301.3,6.6,D,0
-16.1031,127.7954,337,1.7,1.3,2014-07-05,0129,Terra,MODIS,88,6.2,302.7,64.4,D,0
-16.0979,127.7655,401.2,1.7,1.3,2014-07-05,0129,Terra,MODIS,100,6.2,305.1,540.8,D,0
-15.8628,127.8718,312.9,1.7,1.3,2014-07-05,0129,Terra,MODIS,54,6.2,301.4,10.8,D,0
-16.1005,127.7801,362.2,1.7,1.3,2014-07-05,0129,Terra,MODIS,100,6.2,304.5,180.5,D,0
-15.9114,127.8893,316.1,1.6,1.3,2014-07-05,0129,Terra,MODIS,64,6.2,301.4,14.1,D,0
-14.3678,130.0547,318.5,1.3,1.1,2014-07-05,0129,Terra,MODIS,69,6.2,302.7,12,D,0
-14.7048,126.2686,318.8,2.3,1.5,2014-07-05,0129,Terra,MODIS,72,6.2,298.7,40.3,D,0
-16.0891,127.7821,327.9,1.7,1.3,2014-07-05,0129,Terra,MODIS,72,6.2,302.1,41.2,D,0
-16.0865,127.7674,372.9,1.7,1.3,2014-07-05,0129,Terra,MODIS,100,6.2,307.3,256.1,D,0
-16.0838,127.7515,309.4,1.7,1.3,2014-07-05,0129,Terra,MODIS,43,6.2,297.6,9.3,D,0
-16.1058,127.8109,337.7,1.7,1.3,2014-07-05,0129,Terra,MODIS,89,6.2,303,66.1,D,0
-14.1705,130.6137,320.1,1.2,1.1,2014-07-05,0129,Terra,MODIS,41,6.2,301.8,11.9,D,0
-14.7084,126.2894,332.9,2.3,1.5,2014-07-05,0129,Terra,MODIS,86,6.2,300.9,94,D,0
-13.9466,130.6171,320.2,1.2,1.1,2014-07-05,0129,Terra,MODIS,69,6.2,304.2,11.2,D,0
-13.9452,130.6235,316.5,1.2,1.1,2014-07-05,0129,Terra,MODIS,35,6.2,303.8,7,D,0
-14.705,126.2839,329.9,2.3,1.5,2014-07-05,0129,Terra,MODIS,83,6.2,300.4,81.1,D,0
-14.7182,126.2819,327.5,2.3,1.5,2014-07-05,0129,Terra,MODIS,81,6.2,299.6,72.1,D,0
-14.7219,126.3026,314.3,2.3,1.5,2014-07-05,0129,Terra,MODIS,64,6.2,300.2,28.2,D,0
-14.1642,130.6371,322,1.2,1.1,2014-07-05,0129,Terra,MODIS,46,6.2,302,14.8,D,0
-16.9532,122.6501,323.8,3.8,1.8,2014-07-05,0130,Terra,MODIS,57,6.2,294.7,133.1,D,0
-16.9602,122.6857,328.5,3.8,1.8,2014-07-05,0130,Terra,MODIS,79,6.2,295.8,169.4,D,0
-16.9662,122.6786,330.8,3.8,1.8,2014-07-05,0130,Terra,MODIS,80,6.2,296,188.6,D,0
-20.0804,125.6179,316.1,2,1.4,2014-07-05,0130,Terra,MODIS,71,6.2,298.2,26.3,D,0
-17.2555,127.9262,309.9,1.6,1.2,2014-07-05,0130,Terra,MODIS,56,6.2,296.9,9.6,D,0
-17.2579,127.9401,309.9,1.6,1.2,2014-07-05,0130,Terra,MODIS,56,6.2,298,9.9,D,0
-18.0811,130.7334,311.1,1.1,1,2014-07-05,0130,Terra,MODIS,60,6.2,298.7,6,D,0
-18.0202,128.0832,325.1,1.5,1.2,2014-07-05,0130,Terra,MODIS,81,6.2,298.7,31,D,0
-18.0226,128.097,312.5,1.5,1.2,2014-07-05,0130,Terra,MODIS,64,6.2,298.3,10.5,D,0
-18.0179,128.0693,342.8,1.5,1.2,2014-07-05,0130,Terra,MODIS,92,6.2,299.9,75.7,D,0
-34.4611,150.8764,304.4,1.3,1.1,2014-07-05,0411,Aqua,MODIS,44,6.2,290.9,8.9,D,0
-37.9207,144.2899,300.1,1.2,1.1,2014-07-05,0411,Aqua,MODIS,26,6.2,283.6,6.8,D,0
-31.8806,152.4087,318.7,1.9,1.3,2014-07-05,0412,Aqua,MODIS,79,6.2,292.9,38.1,D,0
-31.2345,149.2132,316.8,1.2,1.1,2014-07-05,0412,Aqua,MODIS,77,6.2,285.1,22.4,D,0
-32.0479,146.6971,313.4,1,1,2014-07-05,0412,Aqua,MODIS,74,6.2,282.6,14.8,D,0
-32.1085,146.0312,300.3,1,1,2014-07-05,0412,Aqua,MODIS,31,6.2,285.5,5.3,D,0
-28.2333,148.8067,313.9,1.3,1.1,2014-07-05,0413,Aqua,MODIS,46,6.2,297.6,10.7,D,0
-30.0907,148.1264,305.6,1.2,1.1,2014-07-05,0413,Aqua,MODIS,56,6.2,295.3,4.6,D,0
-29.1167,152.6879,319.9,2.2,1.4,2014-07-05,0413,Aqua,MODIS,80,6.2,292.4,55.7,D,0
-28.239,148.8137,329,1.3,1.1,2014-07-05,0413,Aqua,MODIS,85,6.2,298.2,33.2,D,0
-28.3071,148.7874,308.2,1.3,1.1,2014-07-05,0413,Aqua,MODIS,59,6.2,296.9,6.1,D,0
-28.2435,148.809,318.6,1.3,1.1,2014-07-05,0413,Aqua,MODIS,76,6.2,298.2,17,D,0
-29.4842,149.7455,304.3,1.4,1.2,2014-07-05,0413,Aqua,MODIS,57,6.2,293.4,7.3,D,0
-29.1187,150.2215,308.1,1.5,1.2,2014-07-05,0413,Aqua,MODIS,65,6.2,296.2,10.3,D,0
-27.95,150.0944,308.9,1.6,1.2,2014-07-05,0413,Aqua,MODIS,50,6.2,296.2,10.7,D,0
-28.5233,149.4816,310.2,1.4,1.2,2014-07-05,0413,Aqua,MODIS,66,6.2,297.4,10.2,D,0
-28.9366,149.4233,306.1,1.4,1.2,2014-07-05,0413,Aqua,MODIS,50,6.2,295.3,7.3,D,0
-25.2127,149.044,332.2,1.5,1.2,2014-07-05,0414,Aqua,MODIS,73,6.2,296.2,51.3,D,0
-24.7836,147.097,319.9,1.2,1.1,2014-07-05,0414,Aqua,MODIS,75,6.2,296.3,19.6,D,0
-19.9464,147.9212,315.6,1.6,1.3,2014-07-05,0415,Aqua,MODIS,57,6.2,296.3,19.9,D,0
-19.6873,146.2854,332.7,1.3,1.1,2014-07-05,0415,Aqua,MODIS,85,6.2,301.1,37.7,D,0
-19.9661,148.1422,313.5,1.7,1.3,2014-07-05,0415,Aqua,MODIS,56,6.2,298.4,15.7,D,0
-20.7409,139.4731,322.4,1.3,1.1,2014-07-05,0415,Aqua,MODIS,66,6.2,304.3,18.3,D,2
-18.2727,139.8588,319.4,1.2,1.1,2014-07-05,0416,Aqua,MODIS,61,6.2,307.3,8.3,D,0
-17.6447,138.6369,320.3,1.4,1.2,2014-07-05,0416,Aqua,MODIS,36,6.2,306.7,10.5,D,0
-17.8845,138.6622,320.8,1.4,1.2,2014-07-05,0416,Aqua,MODIS,67,6.2,307.1,12.7,D,0
-17.6343,138.6355,350.7,1.4,1.2,2014-07-05,0416,Aqua,MODIS,95,6.2,306.9,83.4,D,0
-17.7384,138.9306,323.9,1.3,1.1,2014-07-05,0416,Aqua,MODIS,72,6.2,305.9,16.2,D,0
-17.7338,138.9675,317.5,1.3,1.1,2014-07-05,0416,Aqua,MODIS,50,6.2,305.6,7.7,D,0
-14.8383,143.8353,322,1.1,1.1,2014-07-05,0417,Aqua,MODIS,34,6.2,301.9,8.8,D,0
-14.9062,143.8627,327,1.1,1.1,2014-07-05,0417,Aqua,MODIS,55,6.2,302.1,17.1,D,0
-13.3595,142.0648,319,1,1,2014-07-05,0417,Aqua,MODIS,72,6.2,302.7,9.4,D,0
-14.7253,142.6658,322,1,1,2014-07-05,0417,Aqua,MODIS,16,6.2,305,9.4,D,0
-13.2327,142.0518,317,1,1,2014-07-05,0417,Aqua,MODIS,44,6.2,297,7.5,D,0
-13.234,142.0426,322.4,1,1,2014-07-05,0417,Aqua,MODIS,77,6.2,297.5,13,D,0
-16.7852,137.0872,324.5,1.7,1.3,2014-07-05,0417,Aqua,MODIS,75,6.2,304.5,28.2,D,0
-14.5559,143.132,314.5,1.1,1,2014-07-05,0417,Aqua,MODIS,57,6.2,301.3,6.3,D,0
-14.823,143.2527,328.6,1.1,1,2014-07-05,0417,Aqua,MODIS,54,6.2,303.9,18.7,D,0
-15.1217,143.8854,324,1.1,1.1,2014-07-05,0417,Aqua,MODIS,56,6.2,302.8,15.1,D,0
-15.1155,143.8634,324,1.1,1,2014-07-05,0417,Aqua,MODIS,27,6.2,302.7,13.9,D,0
-15.1137,143.8356,325.9,1.1,1,2014-07-05,0417,Aqua,MODIS,42,6.2,302.1,15.5,D,0
-15.1168,143.8152,326.5,1.1,1,2014-07-05,0417,Aqua,MODIS,46,6.2,301.5,15.6,D,0
-15.0966,143.8852,323.1,1.1,1.1,2014-07-05,0417,Aqua,MODIS,75,6.2,300.2,16.2,D,0
-15.1058,143.8239,321.3,1.1,1,2014-07-05,0417,Aqua,MODIS,24,6.2,301.5,10.7,D,0
-15.1135,143.7729,329,1.1,1,2014-07-05,0417,Aqua,MODIS,81,6.2,303.1,21.7,D,0
-15.1211,143.7222,321.8,1.1,1,2014-07-05,0417,Aqua,MODIS,73,6.2,301.7,15.1,D,0
-15.1041,143.7714,328.4,1.1,1,2014-07-05,0417,Aqua,MODIS,67,6.2,301.6,20.3,D,0
-15.0854,143.7683,325.4,1.1,1,2014-07-05,0417,Aqua,MODIS,46,6.2,297.6,17.6,D,0
-14.8497,143.8535,326.1,1.1,1.1,2014-07-05,0417,Aqua,MODIS,66,6.2,302.4,15.9,D,0
-14.8481,143.8637,323.1,1.1,1.1,2014-07-05,0417,Aqua,MODIS,36,6.2,302.4,12.8,D,0
-15.1041,144.0627,317.6,1.1,1.1,2014-07-05,0417,Aqua,MODIS,27,6.2,301.1,9,D,0
-15.1057,144.0523,320.5,1.1,1.1,2014-07-05,0417,Aqua,MODIS,46,6.2,300.8,11.8,D,0
-16.3548,136.4044,334.1,1.9,1.3,2014-07-05,0417,Aqua,MODIS,85,6.2,308,60.2,D,0
-16.3853,136.3549,318.5,1.9,1.3,2014-07-05,0417,Aqua,MODIS,61,6.2,305.6,15.2,D,0
-14.9218,143.8233,322.9,1.1,1,2014-07-05,0417,Aqua,MODIS,38,6.2,302.7,11.6,D,0
-15.0542,143.8468,328.5,1.1,1,2014-07-05,0417,Aqua,MODIS,81,6.2,301,22.1,D,0
-15.0385,143.8233,322.9,1.1,1,2014-07-05,0417,Aqua,MODIS,68,6.2,299.9,13.3,D,0
-15.1007,144.1481,324.2,1.1,1.1,2014-07-05,0417,Aqua,MODIS,68,6.2,302.5,16.8,D,0
-15.0401,143.8131,323.3,1.1,1,2014-07-05,0417,Aqua,MODIS,56,6.2,300.5,13.6,D,0
-15.142,144.1982,319,1.1,1.1,2014-07-05,0417,Aqua,MODIS,46,6.2,300.3,11,D,0
-16.5612,136.4075,318.5,1.9,1.3,2014-07-05,0417,Aqua,MODIS,67,6.2,305,18.3,D,0
-15.1436,144.1877,324,1.1,1.1,2014-07-05,0417,Aqua,MODIS,69,6.2,300.5,16.9,D,0
-14.9162,143.5429,312.1,1.1,1,2014-07-05,0417,Aqua,MODIS,41,6.2,301.3,5.5,D,0
-15.2093,144.2914,320.8,1.2,1.1,2014-07-05,0417,Aqua,MODIS,72,6.2,300.1,14.2,D,0
-15.7345,143.7424,317.4,1.1,1,2014-07-05,0417,Aqua,MODIS,65,6.2,303.5,7.2,D,0
-15.1185,143.9692,329.1,1.1,1.1,2014-07-05,0417,Aqua,MODIS,57,6.2,301.8,20.9,D,0
-15.1154,143.9264,337.5,1.1,1.1,2014-07-05,0417,Aqua,MODIS,87,6.2,304.1,33.1,D,0
-15.117,143.9162,329,1.1,1.1,2014-07-05,0417,Aqua,MODIS,59,6.2,303.7,20.3,D,0
-15.0952,143.9588,314,1.1,1.1,2014-07-05,0417,Aqua,MODIS,52,6.2,300.6,6.6,D,0
-15.0967,143.9485,320.8,1.1,1.1,2014-07-05,0417,Aqua,MODIS,72,6.2,301,13.7,D,0
-15.0983,143.9382,318.8,1.1,1.1,2014-07-05,0417,Aqua,MODIS,64,6.2,301.6,11,D,0
-14.8379,142.6478,341.5,1,1,2014-07-05,0417,Aqua,MODIS,90,6.2,305.7,36.2,D,0
-14.8393,142.6384,328,1,1,2014-07-05,0417,Aqua,MODIS,55,6.2,303.4,16.5,D,0
-14.71,142.6441,327.7,1,1,2014-07-05,0417,Aqua,MODIS,44,6.2,305.1,15,D,0
-14.9956,143.8209,323.6,1.1,1,2014-07-05,0417,Aqua,MODIS,31,6.2,303.1,11.6,D,0
-14.9972,143.8107,326.8,1.1,1,2014-07-05,0417,Aqua,MODIS,68,6.2,302.3,16.6,D,0
-14.8249,141.7877,317.4,1,1,2014-07-05,0417,Aqua,MODIS,59,6.2,304.9,4.8,D,0
-14.9313,143.8629,350.1,1.1,1.1,2014-07-05,0417,Aqua,MODIS,95,6.2,304.4,61.8,D,0
-16.6201,139.1743,318.5,1.2,1.1,2014-07-05,0417,Aqua,MODIS,58,6.2,303.7,13.3,D,0
-12.9253,141.6318,316.4,1,1,2014-07-05,0417,Aqua,MODIS,50,6.2,299.8,8.5,D,0
-14.9266,143.8555,325.7,1.1,1.1,2014-07-05,0417,Aqua,MODIS,78,6.2,302.8,17.2,D,0
-15.3182,144.2506,316.6,1.1,1.1,2014-07-05,0417,Aqua,MODIS,65,6.2,299.3,9.8,D,0
-15.3198,144.24,316.1,1.1,1.1,2014-07-05,0417,Aqua,MODIS,63,6.2,301.8,9,D,0
-15.2976,144.193,318.7,1.1,1.1,2014-07-05,0417,Aqua,MODIS,56,6.2,300.9,10.7,D,0
-15.2881,144.1914,321.3,1.1,1.1,2014-07-05,0417,Aqua,MODIS,69,6.2,300.7,13.7,D,0
-15.2335,144.1974,320.2,1.1,1.1,2014-07-05,0417,Aqua,MODIS,26,6.2,298.9,12.2,D,0
-15.2223,144.2064,329.2,1.1,1.1,2014-07-05,0417,Aqua,MODIS,52,6.2,299.9,23.1,D,0
-13.4072,142.9844,315.2,1.1,1,2014-07-05,0417,Aqua,MODIS,50,6.2,291.7,8.7,D,0
-13.4005,142.977,318.6,1.1,1,2014-07-05,0417,Aqua,MODIS,71,6.2,292.7,12.9,D,0
-13.4086,142.9747,313.9,1.1,1,2014-07-05,0417,Aqua,MODIS,26,6.2,293.6,7.2,D,0
-15.112,143.7831,363.7,1.1,1,2014-07-05,0417,Aqua,MODIS,100,6.2,305.3,100.7,D,0
-15.1026,143.7815,378.4,1.1,1,2014-07-05,0417,Aqua,MODIS,100,6.2,306.7,158.4,D,0
-15.0838,143.7785,377.8,1.1,1,2014-07-05,0417,Aqua,MODIS,100,6.2,305.1,155.8,D,0
-15.0729,143.7871,337.9,1.1,1,2014-07-05,0417,Aqua,MODIS,86,6.2,302.9,35,D,0
-15.0932,143.78,368.3,1.1,1,2014-07-05,0417,Aqua,MODIS,100,6.2,304.2,116.4,D,0
-16.8661,137.0704,335.2,1.7,1.3,2014-07-05,0417,Aqua,MODIS,86,6.2,305,62.1,D,0
-15.0635,143.7856,327.5,1.1,1,2014-07-05,0417,Aqua,MODIS,47,6.2,301.5,19.2,D,0
-16.8679,137.0545,328.9,1.7,1.3,2014-07-05,0417,Aqua,MODIS,81,6.2,304.3,43.6,D,0
-16.8545,137.0689,355.8,1.7,1.3,2014-07-05,0417,Aqua,MODIS,98,6.2,306.4,148.7,D,0
-16.8564,137.0529,381.4,1.7,1.3,2014-07-05,0417,Aqua,MODIS,100,6.2,309.7,332.2,D,0
-16.8698,137.0659,328.1,1.7,1.3,2014-07-05,0417,Aqua,MODIS,80,6.2,304.6,41.6,D,0
-16.8582,137.0644,372,1.7,1.3,2014-07-05,0417,Aqua,MODIS,100,6.2,308.3,251.1,D,0
-16.8467,137.0629,343.3,1.7,1.3,2014-07-05,0417,Aqua,MODIS,91,6.2,305.5,88.6,D,0
-16.8351,137.0614,319.4,1.7,1.3,2014-07-05,0417,Aqua,MODIS,57,6.2,304.5,19.7,D,0
-16.7986,137.0728,325.1,1.7,1.3,2014-07-05,0417,Aqua,MODIS,58,6.2,305.6,29.9,D,0
-14.8016,141.8218,353.4,1,1,2014-07-05,0417,Aqua,MODIS,96,6.2,307.3,58.2,D,0
-14.8003,141.8311,323.7,1,1,2014-07-05,0417,Aqua,MODIS,67,6.2,306.7,9.3,D,0
-14.7926,141.8204,331.6,1,1,2014-07-05,0417,Aqua,MODIS,82,6.2,306.4,19.1,D,0
-14.8029,141.8126,326.2,1,1,2014-07-05,0417,Aqua,MODIS,76,6.2,305.5,12.6,D,0
-14.8399,143.8251,331.5,1.1,1.1,2014-07-05,0417,Aqua,MODIS,83,6.2,303.7,22,D,0
-16.0219,144.085,318.7,1.1,1,2014-07-05,0417,Aqua,MODIS,68,6.2,302.7,10.2,D,0
-14.8654,143.814,318.4,1.1,1,2014-07-05,0417,Aqua,MODIS,18,6.2,302.8,7.7,D,0
-14.5574,143.1223,324.9,1.1,1,2014-07-05,0417,Aqua,MODIS,77,6.2,301.4,17.2,D,0
-16.8602,137.0485,351.7,1.7,1.3,2014-07-05,0417,Aqua,MODIS,96,6.2,306.3,126.1,D,0
-16.8486,137.047,335.4,1.7,1.3,2014-07-05,0417,Aqua,MODIS,86,6.2,303.9,60.2,D,0
-14.7928,143.8174,328,1.1,1.1,2014-07-05,0417,Aqua,MODIS,75,6.2,302.9,20,D,0
-15.6048,142.1248,328.6,1,1,2014-07-05,0417,Aqua,MODIS,71,6.2,304,16.9,D,0
-15.2808,144.5711,324.9,1.2,1.1,2014-07-05,0417,Aqua,MODIS,69,6.2,299.7,19.1,D,0
-14.8448,143.9478,314.2,1.1,1.1,2014-07-05,0417,Aqua,MODIS,43,6.2,301.2,6.3,D,0
-14.6543,143.9254,318.8,1.1,1.1,2014-07-05,0417,Aqua,MODIS,58,6.2,298.3,12,D,0
-14.7629,143.2131,320,1.1,1,2014-07-05,0417,Aqua,MODIS,54,6.2,302.7,10,D,0
-14.855,143.155,322.5,1,1,2014-07-05,0417,Aqua,MODIS,41,6.2,303,12.4,D,0
-15.2784,144.5763,316.1,1.2,1.1,2014-07-05,0417,Aqua,MODIS,31,6.2,299.6,9.1,D,0
-14.9659,143.953,320.7,1.1,1.1,2014-07-05,0417,Aqua,MODIS,71,6.2,301.3,14.1,D,0
-14.626,134.8474,320.5,2.3,1.5,2014-07-05,0417,Aqua,MODIS,71,6.2,301.3,35.6,D,0
-15.5958,142.1234,336.2,1,1,2014-07-05,0417,Aqua,MODIS,81,6.2,305.4,26.3,D,0
-14.7127,142.6253,346.2,1,1,2014-07-05,0417,Aqua,MODIS,93,6.2,304.4,46.1,D,0
-14.6777,142.1751,321.9,1,1,2014-07-05,0417,Aqua,MODIS,55,6.2,306.2,8.6,D,0
-15.3337,144.4235,329.5,1.2,1.1,2014-07-05,0417,Aqua,MODIS,82,6.2,302.5,26.5,D,0
-13.0548,142.2554,331,1,1,2014-07-05,0417,Aqua,MODIS,84,6.2,299.1,24,D,0
-14.9297,143.8731,357.2,1.1,1.1,2014-07-05,0417,Aqua,MODIS,98,6.2,304.1,81.1,D,0
-15.9461,144.4191,315,1.1,1.1,2014-07-05,0417,Aqua,MODIS,61,6.2,301.4,10.1,D,0
-14.8416,143.9686,330.2,1.1,1.1,2014-07-05,0417,Aqua,MODIS,82,6.2,301,25.6,D,0
-14.7549,143.938,322.9,1.1,1.1,2014-07-05,0417,Aqua,MODIS,75,6.2,299.7,15.1,D,0
-14.8051,142.6274,319.1,1,1,2014-07-05,0417,Aqua,MODIS,67,6.2,305.4,9,D,0
-13.1307,142.9818,340,1.1,1,2014-07-05,0417,Aqua,MODIS,90,6.2,293.8,40.9,D,0
-16.2222,137.0254,317.1,1.7,1.3,2014-07-05,0417,Aqua,MODIS,59,6.2,304.4,14.4,D,0
-14.9376,143.8849,328.1,1.1,1.1,2014-07-05,0417,Aqua,MODIS,76,6.2,302.2,22.1,D,0
-14.8479,143.9909,319.4,1.1,1.1,2014-07-05,0417,Aqua,MODIS,57,6.2,301.3,11.1,D,0
-14.7021,143.1976,330.1,1.1,1,2014-07-05,0417,Aqua,MODIS,80,6.2,302.2,21,D,0
-14.7802,143.8997,323.4,1.1,1.1,2014-07-05,0417,Aqua,MODIS,75,6.2,301.5,15.8,D,0
-15.1551,143.0535,350.9,1,1,2014-07-05,0417,Aqua,MODIS,95,6.2,306.2,57.2,D,0
-14.9057,144.0284,319.3,1.1,1.1,2014-07-05,0417,Aqua,MODIS,60,6.2,301.3,11,D,0
-14.7975,143.8497,325.5,1.1,1.1,2014-07-05,0417,Aqua,MODIS,21,6.2,303,14.1,D,0
-14.8176,144.0609,326.6,1.1,1.1,2014-07-05,0417,Aqua,MODIS,79,6.2,300.1,21.1,D,0
-14.67,142.1644,330.1,1,1,2014-07-05,0417,Aqua,MODIS,81,6.2,306.2,18.4,D,0
-14.2044,143.3783,321.8,1.1,1,2014-07-05,0417,Aqua,MODIS,73,6.2,302.5,14.8,D,0
-14.8764,143.9318,324.6,1.1,1.1,2014-07-05,0417,Aqua,MODIS,77,6.2,301.4,17.3,D,0
-15.1614,142.834,320.3,1,1,2014-07-05,0417,Aqua,MODIS,58,6.2,307,8.9,D,0
-14.8717,143.9629,319.3,1.1,1.1,2014-07-05,0417,Aqua,MODIS,69,6.2,301.7,11,D,0
-14.8481,143.2633,321,1.1,1,2014-07-05,0417,Aqua,MODIS,71,6.2,304.3,10.5,D,0
-14.9375,143.9483,312.8,1.1,1.1,2014-07-05,0417,Aqua,MODIS,49,6.2,300.9,5.4,D,0
-15.7291,143.2222,316.4,1,1,2014-07-05,0417,Aqua,MODIS,42,6.2,304.5,6.1,D,0
-15.8985,135.4117,316.9,2.2,1.4,2014-07-05,0417,Aqua,MODIS,63,6.2,303.1,20.3,D,0
-14.8732,143.9525,319,1.1,1.1,2014-07-05,0417,Aqua,MODIS,48,6.2,300.9,10,D,0
-15.2176,143.0734,320.1,1,1,2014-07-05,0417,Aqua,MODIS,63,6.2,303.6,8.6,D,0
-14.661,142.163,344.1,1,1,2014-07-05,0417,Aqua,MODIS,92,6.2,306.1,39.8,D,0
-14.9047,143.873,337.1,1.1,1.1,2014-07-05,0417,Aqua,MODIS,88,6.2,303.3,34.6,D,0
-14.8065,142.618,316.8,1,1,2014-07-05,0417,Aqua,MODIS,61,6.2,304,7.3,D,0
-14.8724,143.2273,343.2,1.1,1,2014-07-05,0417,Aqua,MODIS,91,6.2,305.1,41.9,D,0
-15.2707,144.4964,318.3,1.2,1.1,2014-07-05,0417,Aqua,MODIS,68,6.2,300.7,12.8,D,0
-14.8117,143.8837,323,1.1,1.1,2014-07-05,0417,Aqua,MODIS,74,6.2,302.1,14.8,D,0
-14.9048,143.9364,326.1,1.1,1.1,2014-07-05,0417,Aqua,MODIS,78,6.2,301.6,20.2,D,0
-14.8456,142.6587,327.8,1,1,2014-07-05,0417,Aqua,MODIS,58,6.2,307.3,14.2,D,0
-15.9495,144.4263,322.7,1.1,1.1,2014-07-05,0417,Aqua,MODIS,75,6.2,302.2,17.4,D,0
-12.9294,142.4252,316.4,1,1,2014-07-05,0417,Aqua,MODIS,68,6.2,297,7.5,D,0
-14.6657,134.853,315.2,2.3,1.5,2014-07-05,0417,Aqua,MODIS,56,6.2,300.5,20.6,D,0
-14.883,143.2191,322.5,1.1,1,2014-07-05,0417,Aqua,MODIS,45,6.2,303,11.2,D,0
-14.8738,143.2176,340.5,1.1,1,2014-07-05,0417,Aqua,MODIS,90,6.2,305.9,36.4,D,0
-15.1628,143.0646,318,1,1,2014-07-05,0417,Aqua,MODIS,38,6.2,303.6,5.8,D,0
-14.8449,143.8843,326,1.1,1.1,2014-07-05,0417,Aqua,MODIS,74,6.2,302.2,18,D,0
-14.8329,142.8698,318.7,1,1,2014-07-05,0417,Aqua,MODIS,31,6.2,304.2,7.9,D,0
-15.9445,144.4296,314.3,1.2,1.1,2014-07-05,0417,Aqua,MODIS,58,6.2,301.3,9.1,D,0
-14.8162,144.0071,317.3,1.1,1.1,2014-07-05,0417,Aqua,MODIS,32,6.2,300.7,8.7,D,0
-15.3083,144.587,314.7,1.2,1.1,2014-07-05,0417,Aqua,MODIS,42,6.2,301.2,8,D,0
-14.7818,143.8893,323.4,1.1,1.1,2014-07-05,0417,Aqua,MODIS,75,6.2,301.7,16.2,D,0
-15.4838,141.62,320.2,1,1,2014-07-05,0417,Aqua,MODIS,45,6.2,303.5,6.9,D,0
-15.3434,144.4251,312.1,1.2,1.1,2014-07-05,0417,Aqua,MODIS,25,6.2,298.9,5.1,D,0
-15.2046,144.4741,319.5,1.2,1.1,2014-07-05,0417,Aqua,MODIS,21,6.2,298,13.5,D,0
-14.7127,143.1894,324.2,1.1,1,2014-07-05,0417,Aqua,MODIS,58,6.2,304,14.2,D,0
-14.6685,143.9597,361.9,1.1,1.1,2014-07-05,0417,Aqua,MODIS,100,6.2,303.2,97.7,D,0
-14.6559,143.915,326,1.1,1.1,2014-07-05,0417,Aqua,MODIS,78,6.2,299.7,21.4,D,0
-14.8463,144.0013,320.2,1.1,1.1,2014-07-05,0417,Aqua,MODIS,71,6.2,301.6,12.2,D,0
-12.8236,142.2686,322.5,1,1,2014-07-05,0417,Aqua,MODIS,76,6.2,298.4,11.8,D,0
-14.816,144.0714,322.7,1.1,1.1,2014-07-05,0417,Aqua,MODIS,72,6.2,300.9,15.9,D,0
-15.8753,143.1006,354.3,1,1,2014-07-05,0417,Aqua,MODIS,97,6.2,310,64.4,D,0
-14.9675,143.9427,317.9,1.1,1.1,2014-07-05,0417,Aqua,MODIS,67,6.2,301,10.9,D,0
-14.9178,143.5329,315.8,1.1,1,2014-07-05,0417,Aqua,MODIS,61,6.2,300.9,8.4,D,0
-14.6701,143.9493,328.3,1.1,1.1,2014-07-05,0417,Aqua,MODIS,35,6.2,298.7,19.6,D,0
-14.7834,143.9426,324.3,1.1,1.1,2014-07-05,0417,Aqua,MODIS,76,6.2,302.3,16.1,D,0
-15.2127,143.0431,317.9,1,1,2014-07-05,0417,Aqua,MODIS,52,6.2,304,6.8,D,0
-12.825,142.2593,323.4,1,1,2014-07-05,0417,Aqua,MODIS,77,6.2,300.7,12.5,D,0
-15.6034,142.1341,335.2,1,1,2014-07-05,0417,Aqua,MODIS,85,6.2,307.1,24.6,D,0
-14.878,143.9852,315,1.1,1.1,2014-07-05,0417,Aqua,MODIS,29,6.2,300.5,6.4,D,0
-14.6687,142.1737,327.7,1,1,2014-07-05,0417,Aqua,MODIS,79,6.2,309.4,15.3,D,0
-12.6545,142.5347,323.4,1,1,2014-07-05,0417,Aqua,MODIS,77,6.2,296.3,16.2,D,0
-15.2006,144.4779,321.5,1.2,1.1,2014-07-05,0417,Aqua,MODIS,73,6.2,300.5,15,D,0
-15.0354,143.8437,333,1.1,1,2014-07-05,0417,Aqua,MODIS,85,6.2,302.2,27.7,D,0
-14.9032,143.9468,342.4,1.1,1.1,2014-07-05,0417,Aqua,MODIS,91,6.2,302.5,47.9,D,0
-12.8714,142.6297,314.8,1,1,2014-07-05,0417,Aqua,MODIS,58,6.2,297.2,8.4,D,0
-13.1399,142.9832,322.4,1.1,1,2014-07-05,0417,Aqua,MODIS,75,6.2,296.6,16,D,0
-14.7143,143.914,328.8,1.1,1.1,2014-07-05,0417,Aqua,MODIS,81,6.2,300.9,23.7,D,0
-14.7973,142.1709,332.8,1,1,2014-07-05,0417,Aqua,MODIS,84,6.2,306.9,23.2,D,0
-12.7792,142.5707,317.5,1,1,2014-07-05,0417,Aqua,MODIS,36,6.2,301.4,8.7,D,0
-14.6597,142.1723,339.9,1,1,2014-07-05,0417,Aqua,MODIS,89,6.2,307.1,32.2,D,0
-15.8739,143.1102,326.4,1,1,2014-07-05,0417,Aqua,MODIS,72,6.2,305.3,14.5,D,0
-16.304,135.9493,320,2,1.4,2014-07-05,0417,Aqua,MODIS,70,6.2,308.2,22.9,D,0
-14.8462,144.0656,317.9,1.1,1.1,2014-07-05,0417,Aqua,MODIS,51,6.2,300.7,9.7,D,0
-14.8224,142.8778,320,1,1,2014-07-05,0417,Aqua,MODIS,54,6.2,304.7,8.7,D,0
-15.3511,141.7732,322.5,1,1,2014-07-05,0417,Aqua,MODIS,65,6.2,303.5,10.1,D,0
-15.4955,136.0742,314,1.9,1.4,2014-07-05,0417,Aqua,MODIS,52,6.2,302.6,12.4,D,0
-15.6021,142.1434,331.9,1,1,2014-07-05,0417,Aqua,MODIS,82,6.2,309.2,19,D,0
-14.9359,143.9587,314.4,1.1,1.1,2014-07-05,0417,Aqua,MODIS,57,6.2,300.8,7.3,D,0
-14.9016,143.8936,313.4,1.1,1.1,2014-07-05,0417,Aqua,MODIS,51,6.2,301,5.8,D,0
-15.2568,144.3939,314.9,1.2,1.1,2014-07-05,0417,Aqua,MODIS,59,6.2,302,7,D,0
-14.9282,143.8834,350.8,1.1,1.1,2014-07-05,0417,Aqua,MODIS,90,6.2,302.8,65.4,D,0
-14.835,144.0746,327.7,1.1,1.1,2014-07-05,0417,Aqua,MODIS,72,6.2,300.9,21.2,D,0
-14.8464,143.9375,317.3,1.1,1.1,2014-07-05,0417,Aqua,MODIS,65,6.2,301.6,9.6,D,0
-14.69,143.2156,327.6,1.1,1,2014-07-05,0417,Aqua,MODIS,80,6.2,302.7,18.6,D,0
-14.8384,143.9894,347.5,1.1,1.1,2014-07-05,0417,Aqua,MODIS,94,6.2,300.4,58.1,D,0
-15.1643,143.055,334.9,1,1,2014-07-05,0417,Aqua,MODIS,85,6.2,306.5,26.4,D,0
-14.8255,144.073,348.3,1.1,1.1,2014-07-05,0417,Aqua,MODIS,94,6.2,302.6,60.8,D,0
-15.1739,143.1156,323.2,1,1,2014-07-05,0417,Aqua,MODIS,74,6.2,303.4,11.5,D,0
-14.84,143.979,336.5,1.1,1.1,2014-07-05,0417,Aqua,MODIS,87,6.2,300,35,D,0
-14.7114,142.6347,344.3,1,1,2014-07-05,0417,Aqua,MODIS,92,6.2,306.2,41.7,D,0
-14.878,144.0494,317.7,1.1,1.1,2014-07-05,0417,Aqua,MODIS,38,6.2,301,8.6,D,0
-15.8767,143.091,321.7,1,1,2014-07-05,0417,Aqua,MODIS,54,6.2,306.3,9,D,0
-14.7849,143.9323,318.2,1.1,1.1,2014-07-05,0417,Aqua,MODIS,54,6.2,302,9.3,D,0
-15.5945,142.1327,330.1,1,1,2014-07-05,0417,Aqua,MODIS,69,6.2,307.6,16.3,D,0
-14.8535,143.1647,322.1,1.1,1,2014-07-05,0417,Aqua,MODIS,48,6.2,302.1,12.1,D,0
-14.7518,143.895,314.8,1.1,1.1,2014-07-05,0417,Aqua,MODIS,59,6.2,301,7.8,D,0
-14.6527,143.9358,326.1,1.1,1.1,2014-07-05,0417,Aqua,MODIS,78,6.2,294.2,20.9,D,0
-14.8748,144.006,314.9,1.1,1.1,2014-07-05,0417,Aqua,MODIS,59,6.2,301.8,7,D,0
-14.6235,134.869,322.3,2.3,1.5,2014-07-05,0417,Aqua,MODIS,74,6.2,302.3,42.2,D,0
-15.2937,144.4111,319,1.2,1.1,2014-07-05,0417,Aqua,MODIS,69,6.2,300.3,12,D,0
-15.5648,142.147,325.8,1,1,2014-07-05,0417,Aqua,MODIS,37,6.2,307.7,10.5,D,0
-15.8673,143.1034,346.5,1,1,2014-07-05,0417,Aqua,MODIS,93,6.2,306,48.7,D,0
-15.1775,142.7881,321.6,1,1,2014-07-05,0417,Aqua,MODIS,71,6.2,306.1,10.5,D,0
-15.1566,143.0439,349.8,1,1,2014-07-05,0417,Aqua,MODIS,95,6.2,304.8,54.2,D,0
-15.2801,144.5653,318.6,1.2,1.1,2014-07-05,0417,Aqua,MODIS,59,6.2,298.1,11.8,D,0
-14.659,143.9581,348,1.1,1.1,2014-07-05,0417,Aqua,MODIS,94,6.2,300.8,58.3,D,0
-14.8417,143.9049,320.6,1.1,1.1,2014-07-05,0417,Aqua,MODIS,67,6.2,301.5,13.4,D,0
-14.7112,143.9347,324.9,1.1,1.1,2014-07-05,0417,Aqua,MODIS,77,6.2,301.9,17.2,D,0
-15.8687,143.0939,356.9,1,1,2014-07-05,0417,Aqua,MODIS,98,6.2,309.4,72.9,D,0
-14.7159,143.9036,319.3,1.1,1.1,2014-07-05,0417,Aqua,MODIS,70,6.2,300.4,12.3,D,0
-15.4933,136.0921,316.1,1.9,1.4,2014-07-05,0417,Aqua,MODIS,60,6.2,302.7,16.6,D,0
-13.1643,142.947,310.7,1.1,1,2014-07-05,0417,Aqua,MODIS,42,6.2,291.9,6.3,D,0
-14.8146,144.0175,317.5,1.1,1.1,2014-07-05,0417,Aqua,MODIS,41,6.2,301.2,8.9,D,0
-14.7096,143.9451,339,1.1,1.1,2014-07-05,0417,Aqua,MODIS,89,6.2,304.8,39.2,D,0
-14.8764,144.0599,315.8,1.1,1.1,2014-07-05,0417,Aqua,MODIS,55,6.2,301.1,7.6,D,0
-15.3575,141.7931,321.3,1,1,2014-07-05,0417,Aqua,MODIS,33,6.2,306.6,8,D,0
-14.8732,144.0165,318.4,1.1,1.1,2014-07-05,0417,Aqua,MODIS,68,6.2,302.1,11,D,0
-14.9017,143.9572,314.5,1.1,1.1,2014-07-05,0417,Aqua,MODIS,58,6.2,301.4,6.9,D,0
-12.7869,142.5816,316.3,1,1,2014-07-05,0417,Aqua,MODIS,42,6.2,300.8,7.9,D,0
-14.8748,143.9421,325.6,1.1,1.1,2014-07-05,0417,Aqua,MODIS,78,6.2,301.3,18.5,D,0
-14.9002,144.0316,320.9,1.1,1.1,2014-07-05,0417,Aqua,MODIS,68,6.2,301.6,12.9,D,0
-14.9031,143.8833,320.8,1.1,1.1,2014-07-05,0417,Aqua,MODIS,72,6.2,302.6,12.4,D,0
-14.7128,143.9243,313.5,1.1,1.1,2014-07-05,0417,Aqua,MODIS,25,6.2,300.9,5.4,D,0
-14.8579,143.1357,318.1,1,1,2014-07-05,0417,Aqua,MODIS,34,6.2,304.2,8.6,D,0
-14.1676,130.6215,312,4.8,2,2014-07-05,0417,Aqua,MODIS,36,6.2,299.7,43.9,D,0
-13.7878,133.7139,317.8,2.8,1.6,2014-07-05,0417,Aqua,MODIS,68,6.2,301.2,35.3,D,0
-13.7903,133.7189,316.4,2.8,1.6,2014-07-05,0417,Aqua,MODIS,65,6.2,301,30.4,D,0
-13.9453,133.8258,318.9,2.7,1.6,2014-07-05,0417,Aqua,MODIS,48,6.2,302.1,36.6,D,0
-15.2171,144.3697,313.5,1.2,1.1,2014-07-05,0417,Aqua,MODIS,54,6.2,299.7,6.9,D,0
-15.2199,144.3768,314.7,1.2,1.1,2014-07-05,0417,Aqua,MODIS,55,6.2,300,7.1,D,0
-15.2211,144.4323,313,1.2,1.1,2014-07-05,0417,Aqua,MODIS,41,6.2,299.8,8.1,D,0
-13.8886,134.0385,318.1,2.6,1.6,2014-07-05,0417,Aqua,MODIS,59,6.2,301.7,27,D,0
-14.3113,132.0555,317.5,3.8,1.8,2014-07-05,0417,Aqua,MODIS,40,6.2,301.8,50.2,D,0
-14.305,132.0507,321.5,3.8,1.8,2014-07-05,0417,Aqua,MODIS,73,6.2,301.8,82.7,D,0
-12.6372,142.285,318.7,1,1,2014-07-05,0417,Aqua,MODIS,72,6.2,301.1,9.2,D,0
-13.9251,133.9692,316.8,2.7,1.6,2014-07-05,0417,Aqua,MODIS,26,6.2,300.6,25.5,D,0
-13.9897,136.4518,315.1,1.7,1.3,2014-07-05,0417,Aqua,MODIS,60,6.2,301.3,15.8,D,0
-12.6532,142.2395,324.6,1,1,2014-07-05,0417,Aqua,MODIS,79,6.2,303.8,13.9,D,0
-12.6545,142.2301,323.6,1,1,2014-07-05,0417,Aqua,MODIS,78,6.2,302,12.8,D,0
-13.8526,134.1069,322.3,2.6,1.5,2014-07-05,0417,Aqua,MODIS,72,6.2,300.8,45.9,D,0
-13.8469,134.0991,320.8,2.6,1.5,2014-07-05,0417,Aqua,MODIS,68,6.2,299.2,40.5,D,0
-14.3087,132.0155,319.2,3.8,1.8,2014-07-05,0417,Aqua,MODIS,70,6.2,301.4,70.2,D,0
-14.3148,132.0203,316.4,3.8,1.8,2014-07-05,0417,Aqua,MODIS,31,6.2,301.5,45.4,D,0
-13.7726,133.9644,321.8,2.6,1.6,2014-07-05,0417,Aqua,MODIS,74,6.2,302.3,46.4,D,0
-13.7371,134.3218,312.1,2.5,1.5,2014-07-05,0417,Aqua,MODIS,23,6.2,295.9,18.8,D,0
-13.7768,133.9696,318.9,2.6,1.6,2014-07-05,0417,Aqua,MODIS,69,6.2,302.5,34.4,D,0
-13.928,133.8194,321.5,2.7,1.6,2014-07-05,0417,Aqua,MODIS,73,6.2,301.4,48.4,D,0
-13.9423,133.821,328,2.7,1.6,2014-07-05,0417,Aqua,MODIS,81,6.2,302.2,79.8,D,0
-14.1506,136.4362,316.8,1.7,1.3,2014-07-05,0417,Aqua,MODIS,0,6.2,298.4,22.8,D,0
-15.1364,130.9694,313.5,4.7,2,2014-07-05,0417,Aqua,MODIS,43,6.2,299.3,45.5,D,0
-15.1349,130.9733,313.8,4.7,2,2014-07-05,0417,Aqua,MODIS,48,6.2,299.4,50,D,0
-13.3901,130.4879,318.7,4.8,2,2014-07-05,0418,Aqua,MODIS,33,6.2,300.8,78.3,D,0
-13.3876,130.4915,319.1,4.8,2,2014-07-05,0418,Aqua,MODIS,30,6.2,301.1,79.5,D,0
-13.4606,133.6833,343.9,2.8,1.6,2014-07-05,0418,Aqua,MODIS,92,6.2,301.9,189.8,D,0
-13.458,133.6778,329.3,2.8,1.6,2014-07-05,0418,Aqua,MODIS,82,6.2,300.9,89.2,D,0
-13.4634,133.658,323.1,2.8,1.6,2014-07-05,0418,Aqua,MODIS,76,6.2,298.9,62,D,0
-12.0936,141.8439,322.2,1,1,2014-07-05,0418,Aqua,MODIS,75,6.2,299.9,12.6,D,0
-11.7075,132.8932,311.9,3,1.6,2014-07-05,0418,Aqua,MODIS,52,6.2,291.2,35.1,D,0
-13.4778,133.6595,313.4,2.8,1.6,2014-07-05,0418,Aqua,MODIS,35,6.2,299.4,21.9,D,0
-12.3605,132.5871,321,3.2,1.7,2014-07-05,0418,Aqua,MODIS,72,6.2,302.9,55.3,D,0
-12.3599,132.6094,335.1,3.2,1.7,2014-07-05,0418,Aqua,MODIS,87,6.2,301.6,151.9,D,0
-12.3573,132.6166,330.1,3.2,1.7,2014-07-05,0418,Aqua,MODIS,83,6.2,300.8,113.5,D,0
-11.2656,131.9082,312.6,3.5,1.8,2014-07-05,0418,Aqua,MODIS,52,6.2,282.4,50,D,0
-12.0968,134.1268,314.7,2.4,1.5,2014-07-05,0418,Aqua,MODIS,44,6.2,292,27.2,D,0
-12.6546,132.9299,315.4,3.1,1.7,2014-07-05,0418,Aqua,MODIS,53,6.2,301.6,26.3,D,0
-12.6431,130.754,316.7,4.5,2,2014-07-05,0418,Aqua,MODIS,62,6.2,299.2,71.3,D,0
-11.7573,133.128,316.4,2.9,1.6,2014-07-05,0418,Aqua,MODIS,66,6.2,297.9,39.5,D,0
-11.7554,133.121,312.3,2.9,1.6,2014-07-05,0418,Aqua,MODIS,53,6.2,297.8,25.8,D,0
-12.6891,134.9608,315.3,2.1,1.4,2014-07-05,0418,Aqua,MODIS,41,6.2,287.7,29.1,D,0
-12.0301,133.97,317.1,2.5,1.5,2014-07-05,0418,Aqua,MODIS,54,6.2,292.5,31.8,D,0
-12.6474,141.9628,338.7,1,1,2014-07-05,0418,Aqua,MODIS,89,6.2,303.3,33.5,D,0
-12.8123,132.4804,324.1,3.3,1.7,2014-07-05,0418,Aqua,MODIS,73,6.2,303.4,82.1,D,0
-13.4149,134.5516,315.3,2.3,1.5,2014-07-05,0418,Aqua,MODIS,30,6.2,298.4,29.7,D,0
-11.9892,134.0792,323.6,2.4,1.5,2014-07-05,0418,Aqua,MODIS,72,6.2,288.8,57.2,D,0
-13.4193,134.167,315.5,2.5,1.5,2014-07-05,0418,Aqua,MODIS,64,6.2,297.3,25.3,D,0
-11.8866,133.7117,317.5,2.6,1.5,2014-07-05,0418,Aqua,MODIS,56,6.2,292,36.1,D,0
-13.4394,134.7764,315.3,2.3,1.5,2014-07-05,0418,Aqua,MODIS,63,6.2,295.4,29.7,D,0
-12.1029,134.1227,313.5,2.4,1.5,2014-07-05,0418,Aqua,MODIS,33,6.2,293.4,26.7,D,0
-11.8113,133.6952,325,2.6,1.5,2014-07-05,0418,Aqua,MODIS,49,6.2,294,60.4,D,0
-13.4062,133.7484,313.6,2.7,1.6,2014-07-05,0418,Aqua,MODIS,58,6.2,299.3,25.3,D,0
-13.6216,133.9881,313.2,2.6,1.6,2014-07-05,0418,Aqua,MODIS,38,6.2,300.4,16,D,0
-11.9757,134.0775,319,2.4,1.5,2014-07-05,0418,Aqua,MODIS,50,6.2,289.6,38,D,0
-12.643,130.7508,315,4.5,2,2014-07-05,0418,Aqua,MODIS,59,6.2,299.3,64.3,D,0
-12.4251,132.5645,319.3,3.2,1.7,2014-07-05,0418,Aqua,MODIS,63,6.2,303,49.5,D,0
-12.8574,133.2804,315.8,2.9,1.6,2014-07-05,0418,Aqua,MODIS,64,6.2,301.2,32.7,D,0
-11.8203,133.6914,328.8,2.6,1.5,2014-07-05,0418,Aqua,MODIS,70,6.2,294.4,81.2,D,0
-13.2717,133.9957,318,2.6,1.5,2014-07-05,0418,Aqua,MODIS,66,6.2,300.8,31.3,D,0
-12.7968,132.4786,317.2,3.3,1.7,2014-07-05,0418,Aqua,MODIS,36,6.2,302.2,40.2,D,0
-11.8559,133.6769,321,2.6,1.6,2014-07-05,0418,Aqua,MODIS,37,6.2,291.6,43.1,D,0
-13.587,133.7558,318.2,2.7,1.6,2014-07-05,0418,Aqua,MODIS,45,6.2,301.6,31.9,D,0
-13.7139,132.0555,318.3,3.7,1.8,2014-07-05,0418,Aqua,MODIS,69,6.2,301,56.3,D,0
-13.7061,132.0472,313.4,3.7,1.8,2014-07-05,0418,Aqua,MODIS,10,6.2,300.5,28.1,D,0
-13.4749,133.6848,336.4,2.8,1.6,2014-07-05,0418,Aqua,MODIS,88,6.2,301.9,133.8,D,0
-13.6808,133.8473,332.3,2.7,1.6,2014-07-05,0418,Aqua,MODIS,84,6.2,302.2,96.4,D,0
-13.6095,132.9007,321.3,3.2,1.7,2014-07-05,0418,Aqua,MODIS,74,6.2,302.1,55.4,D,0
-11.7108,132.8658,310.7,3,1.6,2014-07-05,0418,Aqua,MODIS,41,6.2,291.1,30.3,D,0
-11.7101,132.8706,314.2,3,1.6,2014-07-05,0418,Aqua,MODIS,61,6.2,291.2,44.8,D,0
-13.5473,134.0945,316.7,2.6,1.5,2014-07-05,0418,Aqua,MODIS,57,6.2,300.3,28,D,0
-13.5525,134.1,315.3,2.6,1.5,2014-07-05,0418,Aqua,MODIS,38,6.2,300,22.7,D,0
-13.6937,132.0105,313.3,3.7,1.8,2014-07-05,0418,Aqua,MODIS,35,6.2,300.2,28.4,D,0
-13.3099,132.214,323,3.6,1.8,2014-07-05,0418,Aqua,MODIS,42,6.2,302.9,58.2,D,0
-13.6106,132.878,318.8,3.2,1.7,2014-07-05,0418,Aqua,MODIS,67,6.2,303.2,41.4,D,0
-13.6075,132.9072,316.8,3.2,1.7,2014-07-05,0418,Aqua,MODIS,62,6.2,301.4,33.3,D,0
-13.5727,133.7542,347.4,2.7,1.6,2014-07-05,0418,Aqua,MODIS,94,6.2,301.7,209.6,D,0
-11.2693,131.8763,329.9,3.5,1.8,2014-07-05,0418,Aqua,MODIS,68,6.2,287.8,160.9,D,0
-13.5756,133.729,337.1,2.7,1.6,2014-07-05,0418,Aqua,MODIS,88,6.2,300,133.2,D,0
-13.3136,132.1812,333.8,3.6,1.8,2014-07-05,0418,Aqua,MODIS,85,6.2,305.1,138.9,D,0
-13.3067,132.1872,327.7,3.6,1.8,2014-07-05,0418,Aqua,MODIS,68,6.2,303.9,88.5,D,0
-13.3227,132.1891,335.9,3.6,1.8,2014-07-05,0418,Aqua,MODIS,87,6.2,305.2,159.4,D,0
-13.671,133.8531,316.8,2.7,1.6,2014-07-05,0418,Aqua,MODIS,49,6.2,301.4,24.3,D,0
-13.6852,133.8547,326.4,2.7,1.6,2014-07-05,0418,Aqua,MODIS,79,6.2,302.3,63.8,D,0
-13.4912,131.0689,316,4.4,1.9,2014-07-05,0418,Aqua,MODIS,58,6.2,300.9,56.6,D,0
-13.5585,133.7524,323.2,2.7,1.6,2014-07-05,0418,Aqua,MODIS,76,6.2,301.1,59.6,D,0
-13.6743,133.9529,319.4,2.6,1.6,2014-07-05,0418,Aqua,MODIS,70,6.2,301,32.9,D,0
-13.677,133.9285,318.5,2.7,1.6,2014-07-05,0418,Aqua,MODIS,31,6.2,302.1,27.4,D,0
-13.4893,131.0615,315.6,4.4,1.9,2014-07-05,0418,Aqua,MODIS,49,6.2,301.2,48.6,D,0
-13.6833,133.947,323.5,2.6,1.6,2014-07-05,0418,Aqua,MODIS,76,6.2,301,49,D,0
-13.5755,133.8544,313.7,2.7,1.6,2014-07-05,0418,Aqua,MODIS,43,6.2,301.2,17.9,D,0
-34.3972,119.3032,323.4,1.1,1.1,2014-07-05,0550,Aqua,MODIS,82,6.2,292,24.7,D,0
-34.3957,119.3154,314.2,1.1,1.1,2014-07-05,0550,Aqua,MODIS,74,6.2,290.8,14.4,D,0
-33.1137,120.0397,311.2,1,1,2014-07-05,0551,Aqua,MODIS,67,6.2,291.8,10,D,0
-31.5408,119.5261,310.7,1,1,2014-07-05,0551,Aqua,MODIS,67,6.2,293.1,8.5,D,0
-32.5081,116.0589,301.3,1.6,1.2,2014-07-05,0551,Aqua,MODIS,44,6.2,289.3,9,D,0
-30.8714,121.4877,316.8,1,1,2014-07-05,0551,Aqua,MODIS,74,6.2,298.7,11.1,D,2
-30.8699,121.4983,310.4,1,1,2014-07-05,0551,Aqua,MODIS,63,6.2,298.3,5.8,D,2
-33.8138,117.6352,301.4,1.3,1.1,2014-07-05,0551,Aqua,MODIS,47,6.2,288.2,6.2,D,0
-31.9964,118.7548,307.4,1.1,1.1,2014-07-05,0551,Aqua,MODIS,41,6.2,291.1,7.7,D,0
-22.5641,130.1788,309.8,4.5,2,2014-07-05,0553,Aqua,MODIS,51,6.2,298.9,49.8,D,0
-22.5634,130.1707,310.9,4.5,2,2014-07-05,0553,Aqua,MODIS,55,6.2,298.9,56.5,D,0
-20.0915,125.6095,324.5,2.4,1.5,2014-07-05,0554,Aqua,MODIS,75,6.2,306.4,43.8,D,0
-20.0847,125.6132,324.7,2.4,1.5,2014-07-05,0554,Aqua,MODIS,76,6.2,307.6,49.3,D,0
-21.242,119.9449,317.4,1,1,2014-07-05,0554,Aqua,MODIS,60,6.2,306.4,7,D,0
-21.2436,119.9349,323.2,1,1,2014-07-05,0554,Aqua,MODIS,72,6.2,306.8,12.5,D,0
-21.2298,119.9634,328.5,1.1,1,2014-07-05,0554,Aqua,MODIS,79,6.2,306.5,18.9,D,0
-21.2405,119.955,324.1,1.1,1,2014-07-05,0554,Aqua,MODIS,74,6.2,306.4,13.7,D,0
-21.7499,119.1984,319.9,1,1,2014-07-05,0554,Aqua,MODIS,67,6.2,307.6,8.4,D,0
-20.5076,118.4457,320.1,1,1,2014-07-05,0554,Aqua,MODIS,63,6.2,308.7,6.8,D,0
-20.5089,118.4362,349.2,1,1,2014-07-05,0554,Aqua,MODIS,94,6.2,311.7,49.9,D,0
-21.0453,118.793,321.3,1,1,2014-07-05,0554,Aqua,MODIS,63,6.2,308.6,8.5,D,0
-20.8764,119.7583,321.3,1,1,2014-07-05,0554,Aqua,MODIS,67,6.2,308.1,9.5,D,0
-20.1566,119.5846,327.3,1,1,2014-07-05,0554,Aqua,MODIS,77,6.2,312.1,15,D,0
-20.8347,119.5982,329.4,1,1,2014-07-05,0554,Aqua,MODIS,79,6.2,308.3,18.5,D,0
-20.7789,119.6022,330.7,1,1,2014-07-05,0554,Aqua,MODIS,80,6.2,307.5,19.7,D,0
-20.7803,119.5923,344.8,1,1,2014-07-05,0554,Aqua,MODIS,92,6.2,308.6,42.9,D,0
-20.7818,119.5824,335.8,1,1,2014-07-05,0554,Aqua,MODIS,85,6.2,307.8,27.3,D,0
-20.7697,119.6006,321.9,1,1,2014-07-05,0554,Aqua,MODIS,68,6.2,308.6,9.3,D,0
-20.8422,119.5489,322.2,1,1,2014-07-05,0554,Aqua,MODIS,67,6.2,307.1,10.8,D,0
-20.8436,119.5389,328.5,1,1,2014-07-05,0554,Aqua,MODIS,78,6.2,308.2,18.4,D,0
-20.8345,119.5375,323.9,1,1,2014-07-05,0554,Aqua,MODIS,72,6.2,308.2,12.5,D,0
-20.7833,119.5725,316.1,1,1,2014-07-05,0554,Aqua,MODIS,37,6.2,305.5,4.1,D,0
-18.0331,128.0681,315.3,4,1.9,2014-07-05,0554,Aqua,MODIS,55,6.2,302.5,54.3,D,0
-18.0281,128.0594,313.8,4,1.9,2014-07-05,0554,Aqua,MODIS,45,6.2,302.9,44.9,D,0
-14.5854,126.4212,316.3,3.6,1.8,2014-07-05,0555,Aqua,MODIS,64,6.2,303,47.7,D,0
-14.5784,126.4148,312,3.6,1.8,2014-07-05,0555,Aqua,MODIS,42,6.2,301.8,25.3,D,0
-14.7498,126.3917,313.2,3.6,1.8,2014-07-05,0555,Aqua,MODIS,37,6.2,302.7,32.7,D,0
-15.3691,126.9173,315.9,3.8,1.8,2014-07-05,0555,Aqua,MODIS,62,6.2,302.9,50.5,D,0
-15.3744,126.9231,316.3,3.8,1.8,2014-07-05,0555,Aqua,MODIS,48,6.2,303.1,47.7,D,0
-15.4203,127.8854,314.7,4.4,1.9,2014-07-05,0555,Aqua,MODIS,21,6.2,302.1,45,D,0
-15.3756,126.8828,316.9,3.8,1.8,2014-07-05,0555,Aqua,MODIS,65,6.2,301.9,56.6,D,0
-15.3811,126.8887,321.7,3.8,1.8,2014-07-05,0555,Aqua,MODIS,73,6.2,302.5,82.6,D,0
-15.8962,127.8971,317.1,4.3,1.9,2014-07-05,0555,Aqua,MODIS,63,6.2,304,60.4,D,0
-16.9967,122.7243,326.8,1.7,1.3,2014-07-05,0555,Aqua,MODIS,43,6.2,307.8,27.9,D,0
-15.8939,127.8883,318.3,4.3,1.9,2014-07-05,0555,Aqua,MODIS,65,6.2,304,68.1,D,0
-17.0626,122.334,343.5,1.6,1.2,2014-07-05,0555,Aqua,MODIS,74,6.2,308.8,73,D,0
-17.0652,122.3258,378.2,1.6,1.2,2014-07-05,0555,Aqua,MODIS,75,6.2,310.9,263,D,0
-16.117,127.7087,361.2,4.2,1.9,2014-07-05,0555,Aqua,MODIS,100,6.2,303.6,621.9,D,0
-14.7106,126.2757,312.1,3.5,1.8,2014-07-05,0555,Aqua,MODIS,20,6.2,301.7,27,D,0
-14.7164,126.2439,327.6,3.5,1.8,2014-07-05,0555,Aqua,MODIS,80,6.2,301.6,117.2,D,0
-17.0385,122.6183,333.1,1.7,1.3,2014-07-05,0555,Aqua,MODIS,84,6.2,305.7,54.7,D,0
-16.1096,127.746,381.7,4.2,1.9,2014-07-05,0555,Aqua,MODIS,100,6.2,308,1192.5,D,0
-17.065,122.319,349.3,1.6,1.2,2014-07-05,0555,Aqua,MODIS,70,6.2,309.5,90.3,D,0
-17.6368,122.2877,320.2,1.5,1.2,2014-07-05,0555,Aqua,MODIS,61,6.2,309,16.9,D,0
-17.0411,122.6026,320.2,1.7,1.3,2014-07-05,0555,Aqua,MODIS,69,6.2,302.6,22.1,D,0
-17.0738,122.3427,325.7,1.6,1.2,2014-07-05,0555,Aqua,MODIS,35,6.2,310,22.2,D,0
-16.9905,122.6999,328.3,1.7,1.3,2014-07-05,0555,Aqua,MODIS,36,6.2,308.3,30.2,D,0
-16.1132,127.6992,335.8,4.2,1.9,2014-07-05,0555,Aqua,MODIS,70,6.2,301.9,218.1,D,0
-14.7111,126.2502,324.7,3.5,1.8,2014-07-05,0555,Aqua,MODIS,77,6.2,301,98.1,D,0
-16.1059,127.7379,374.6,4.2,1.9,2014-07-05,0555,Aqua,MODIS,100,6.2,307.8,976.4,D,0
-16.0817,127.7722,319.7,4.2,1.9,2014-07-05,0555,Aqua,MODIS,45,6.2,302.6,76,D,0
-14.1999,127.0933,313.4,4.1,1.9,2014-07-05,0556,Aqua,MODIS,54,6.2,301.7,38.3,D,0
-14.1928,127.1302,315.2,4.1,1.9,2014-07-05,0556,Aqua,MODIS,61,6.2,301.7,48.5,D,0
-14.0923,127.2605,312.5,4.3,1.9,2014-07-05,0556,Aqua,MODIS,45,6.2,301.2,33.2,D,0
-17.6758,138.6534,303.3,1.4,1.2,2014-07-05,1341,Terra,MODIS,53,6.2,288.7,9.7,N,0
-17.6059,138.6477,324.9,1.4,1.2,2014-07-05,1341,Terra,MODIS,100,6.2,290.8,37.6,N,0
-17.5954,138.6458,309.9,1.4,1.2,2014-07-05,1341,Terra,MODIS,79,6.2,290.2,15.9,N,0
-17.6526,138.6626,314.3,1.4,1.2,2014-07-05,1341,Terra,MODIS,80,6.2,289.7,21.1,N,0
-17.6422,138.6607,322.9,1.4,1.2,2014-07-05,1341,Terra,MODIS,100,6.2,290.7,34.1,N,0
-17.6457,138.6685,304.7,1.4,1.2,2014-07-05,1341,Terra,MODIS,39,6.2,289.4,10.8,N,0
-17.6478,138.6554,318.9,1.4,1.2,2014-07-05,1341,Terra,MODIS,98,6.2,289.8,28.3,N,0
-17.6373,138.6535,311.1,1.4,1.2,2014-07-05,1341,Terra,MODIS,71,6.2,289.6,17.2,N,0
-17.6164,138.6496,306.6,1.4,1.2,2014-07-05,1341,Terra,MODIS,15,6.2,289.9,11.7,N,0
-16.3882,136.4363,319.9,1.1,1,2014-07-05,1342,Terra,MODIS,99,6.2,291.9,19.4,N,0
-16.3632,136.3484,308.2,1.1,1,2014-07-05,1342,Terra,MODIS,74,6.2,290.9,9.2,N,0
-16.5551,136.424,302.3,1.1,1,2014-07-05,1342,Terra,MODIS,48,6.2,291.8,5.3,N,0
-16.5566,136.4137,316.3,1.1,1,2014-07-05,1342,Terra,MODIS,93,6.2,291.9,16.6,N,0
-15.4206,127.9053,305.7,2.1,1.4,2014-07-05,1342,Terra,MODIS,44,6.2,293,16.6,N,0
-15.4251,127.8665,307.5,2.1,1.4,2014-07-05,1342,Terra,MODIS,72,6.2,292.4,21.7,N,0
-15.4228,127.8862,302.6,2.1,1.4,2014-07-05,1342,Terra,MODIS,50,6.2,292.5,13,N,0
-15.2619,127.9374,312.5,2.1,1.4,2014-07-05,1342,Terra,MODIS,66,6.2,292.6,30,N,0
-15.259,127.9498,305.3,2.1,1.4,2014-07-05,1342,Terra,MODIS,64,6.2,292.2,17.9,N,0
-15.2613,127.931,305.3,2.1,1.4,2014-07-05,1342,Terra,MODIS,64,6.2,292.2,18.4,N,0
-15.4184,127.9241,311.3,2.1,1.4,2014-07-05,1342,Terra,MODIS,82,6.2,293.7,29.6,N,0
-13.8913,134.0219,316.9,1,1,2014-07-05,1342,Terra,MODIS,94,6.2,291.4,15.3,N,0
-13.8926,134.0127,306.1,1,1,2014-07-05,1342,Terra,MODIS,65,6.2,291.3,7.1,N,0
-15.24,131.6375,305.3,1.2,1.1,2014-07-05,1342,Terra,MODIS,64,6.2,290.8,8.5,N,0
-16.0582,127.7851,322.5,2.2,1.4,2014-07-05,1342,Terra,MODIS,100,6.2,292.4,63.9,N,0
-15.8877,127.9119,304.4,2.1,1.4,2014-07-05,1342,Terra,MODIS,56,6.2,290.6,17.6,N,0
-15.8899,127.8926,307.4,2.1,1.4,2014-07-05,1342,Terra,MODIS,71,6.2,291.8,23,N,0
-15.8772,127.8908,310.1,2.1,1.4,2014-07-05,1342,Terra,MODIS,64,6.2,291.4,27.7,N,0
-16.05,127.7416,310.1,2.2,1.4,2014-07-05,1342,Terra,MODIS,79,6.2,291,29.3,N,0
-16.0475,127.7631,333.1,2.2,1.4,2014-07-05,1342,Terra,MODIS,100,6.2,292.4,103.2,N,0
-16.0629,127.7438,319.4,2.2,1.4,2014-07-05,1342,Terra,MODIS,99,6.2,292.2,53.3,N,0
-16.0604,127.7651,353.3,2.2,1.4,2014-07-05,1342,Terra,MODIS,100,6.2,296.7,218.4,N,0
-16.0711,127.7865,306,2.2,1.4,2014-07-05,1342,Terra,MODIS,66,6.2,290.5,23.5,N,0
-13.3588,130.457,300.5,1.3,1.1,2014-07-05,1343,Terra,MODIS,22,6.2,288.5,6.4,N,0
-13.3962,130.4862,314.8,1.3,1.1,2014-07-05,1343,Terra,MODIS,90,6.2,291,20,N,0
-13.369,130.4583,317.8,1.3,1.1,2014-07-05,1343,Terra,MODIS,96,6.2,290.3,24.1,N,0
-14.1715,130.6248,301.3,1.3,1.1,2014-07-05,1343,Terra,MODIS,40,6.2,289.3,6.5,N,0
-13.3705,130.4465,308.7,1.3,1.1,2014-07-05,1343,Terra,MODIS,75,6.2,289.2,13.8,N,0
-13.3931,130.5099,339.2,1.3,1.1,2014-07-05,1343,Terra,MODIS,100,6.2,291.9,62.1,N,0
-13.3915,130.5217,307.9,1.3,1.1,2014-07-05,1343,Terra,MODIS,73,6.2,290,12.5,N,0
-13.3861,130.4849,316.3,1.3,1.1,2014-07-05,1343,Terra,MODIS,93,6.2,290.4,21.5,N,0
-13.3978,130.4744,303.4,1.3,1.1,2014-07-05,1343,Terra,MODIS,50,6.2,290.4,8.4,N,0
-13.462,132.0359,308.5,1.1,1,2014-07-05,1343,Terra,MODIS,75,6.2,293.9,8.4,N,0
-13.4833,132.0655,317.3,1.1,1,2014-07-05,1343,Terra,MODIS,95,6.2,294.2,15.2,N,0
-13.681,133.9492,304.2,1,1,2014-07-05,1343,Terra,MODIS,59,6.2,289.3,6.6,N,0
-13.4379,132.0728,326.9,1.1,1,2014-07-05,1343,Terra,MODIS,100,6.2,294.6,26.3,N,0
-13.6871,132.0568,305.5,1.1,1,2014-07-05,1343,Terra,MODIS,65,6.2,292.2,6.5,N,0
-13.5916,133.8013,306.3,1,1,2014-07-05,1343,Terra,MODIS,67,6.2,289.9,7.8,N,0
-11.2799,131.8726,306.5,1.1,1,2014-07-05,1343,Terra,MODIS,16,6.2,290.8,6.2,N,0
-13.2849,132.2445,302.4,1.1,1,2014-07-05,1343,Terra,MODIS,23,6.2,292.3,3.9,N,0
-13.4286,132.0714,304.4,1.1,1,2014-07-05,1343,Terra,MODIS,55,6.2,293.4,5,N,0
-13.4847,132.0556,306,1.1,1,2014-07-05,1343,Terra,MODIS,38,6.2,293.4,6,N,0
-13.4153,132.0998,308.4,1.1,1,2014-07-05,1343,Terra,MODIS,61,6.2,294,7.6,N,0
-13.4366,132.0827,313.7,1.1,1,2014-07-05,1343,Terra,MODIS,72,6.2,294.2,11.3,N,0
-13.4139,132.1097,304.7,1.1,1,2014-07-05,1343,Terra,MODIS,32,6.2,293.1,5.2,N,0
-11.2707,131.8713,310.7,1.1,1,2014-07-05,1343,Terra,MODIS,41,6.2,291.2,9.1,N,0
-13.7005,132.028,302.9,1.1,1,2014-07-05,1343,Terra,MODIS,52,6.2,292.7,4.4,N,0
-13.4606,132.0458,311.1,1.1,1,2014-07-05,1343,Terra,MODIS,82,6.2,294.3,10.3,N,0
-13.4566,133.653,300.1,1,1,2014-07-05,1343,Terra,MODIS,4,6.2,289.1,4.1,N,0
-13.4553,133.6622,304.2,1,1,2014-07-05,1343,Terra,MODIS,40,6.2,289.6,6.1,N,0
-11.2483,131.8974,307.2,1.1,1,2014-07-05,1343,Terra,MODIS,63,6.2,290.4,7.5,N,0
-12.0194,133.9887,311.2,1,1,2014-07-05,1343,Terra,MODIS,82,6.2,292.7,10.2,N,0
-12.8456,133.2929,308.1,1,1,2014-07-05,1343,Terra,MODIS,24,6.2,293.8,6.2,N,0
-12.6568,132.9359,308.3,1,1,2014-07-05,1343,Terra,MODIS,74,6.2,293.7,6.7,N,0
-12.8469,133.2837,308.2,1,1,2014-07-05,1343,Terra,MODIS,35,6.2,294.2,6.4,N,0
-12.6658,132.9373,308.2,1,1,2014-07-05,1343,Terra,MODIS,51,6.2,293.6,6.6,N,0
-12.0208,133.9795,311.1,1,1,2014-07-05,1343,Terra,MODIS,82,6.2,292.5,10.2,N,0
-11.8069,133.6763,313,1,1,2014-07-05,1343,Terra,MODIS,86,6.2,293.4,10.9,N,0
-25.1936,149.0446,313.7,1.2,1.1,2014-07-05,1511,Aqua,MODIS,88,6.2,283.5,20.6,N,0
-25.1957,149.0569,309,1.2,1.1,2014-07-05,1511,Aqua,MODIS,72,6.2,283.7,15.5,N,0
-25.1957,149.0513,321.3,1.2,1.1,2014-07-05,1511,Aqua,MODIS,100,6.2,284.4,29,N,0
-25.2055,149.049,301.8,1.2,1.1,2014-07-05,1511,Aqua,MODIS,6,6.2,281.4,9.5,N,0
-30.6981,152.6229,317.3,1.1,1,2014-07-05,1512,Aqua,MODIS,95,6.2,284.1,19,N,0
-30.6966,152.6115,320,1.1,1,2014-07-05,1512,Aqua,MODIS,99,6.2,284.7,21.8,N,0
-30.7074,152.6211,301.6,1.1,1,2014-07-05,1512,Aqua,MODIS,43,6.2,284,7.7,N,0
-20.842,119.5429,310.1,3,1.7,2014-07-05,1519,Terra,MODIS,79,6.2,289.9,57.5,N,0
-20.8432,119.5376,307.5,3,1.7,2014-07-05,1519,Terra,MODIS,72,6.2,289.9,48.2,N,0
-13.6837,132.0626,308.1,1.1,1,2014-07-05,1646,Aqua,MODIS,74,6.2,291.6,9.4,N,0
-14.1665,130.6162,302.8,1,1,2014-07-05,1646,Aqua,MODIS,51,6.2,289.9,5.3,N,0
-11.5167,130.5644,301.3,1,1,2014-07-05,1646,Aqua,MODIS,39,6.2,288.5,5.2,N,0
-14.1678,130.6254,308.4,1,1,2014-07-05,1646,Aqua,MODIS,74,6.2,290.1,8.8,N,0
-12.8576,133.3046,303,1.2,1.1,2014-07-05,1646,Aqua,MODIS,29,6.2,291.3,6.2,N,0
-14.7366,126.414,307.5,1.3,1.1,2014-07-05,1647,Aqua,MODIS,72,6.2,288.7,14.3,N,0
-16.5491,136.4324,301,2.3,1.5,2014-07-05,1647,Aqua,MODIS,21,6.2,288.7,15.8,N,0
-16.5595,136.4256,305.3,2.3,1.5,2014-07-05,1647,Aqua,MODIS,64,6.2,288.3,25.5,N,0
-14.7293,130.0627,312,1,1,2014-07-05,1647,Aqua,MODIS,84,6.2,291.9,10,N,0
-15.4196,127.8658,303.4,1.1,1,2014-07-05,1647,Aqua,MODIS,55,6.2,290.5,6.7,N,0
-15.4244,127.8963,303.4,1.1,1,2014-07-05,1647,Aqua,MODIS,55,6.2,290.7,6,N,0
-15.4228,127.8861,301.6,1.1,1,2014-07-05,1647,Aqua,MODIS,16,6.2,290.2,4.8,N,0
-15.4197,127.9279,315.4,1.1,1,2014-07-05,1647,Aqua,MODIS,91,6.2,292.9,14.9,N,0
-15.4182,127.9178,311.3,1.1,1,2014-07-05,1647,Aqua,MODIS,77,6.2,292,10.9,N,0
-15.4213,127.938,303.3,1.1,1,2014-07-05,1647,Aqua,MODIS,54,6.2,292.4,5.6,N,0
-14.208,127.0703,302.2,1.2,1.1,2014-07-05,1647,Aqua,MODIS,47,6.2,286.4,8.4,N,0
-15.4119,127.9394,302.6,1.1,1,2014-07-05,1647,Aqua,MODIS,39,6.2,292.2,5.6,N,0
-15.327,127.9901,300.2,1.1,1,2014-07-05,1647,Aqua,MODIS,21,6.2,289,5.6,N,0
-15.5825,128.1411,307.4,1.1,1,2014-07-05,1647,Aqua,MODIS,71,6.2,291.3,8.6,N,0
-14.7204,130.064,312.3,1,1,2014-07-05,1647,Aqua,MODIS,80,6.2,292.1,10.3,N,0
-15.8784,128.6923,302.4,1,1,2014-07-05,1647,Aqua,MODIS,29,6.2,291.2,4.1,N,0
-14.7231,130.0825,309.4,1,1,2014-07-05,1647,Aqua,MODIS,77,6.2,292.4,8.7,N,0
-15.5193,129.3674,303.7,1,1,2014-07-05,1647,Aqua,MODIS,56,6.2,290.9,5.6,N,0
-15.2574,127.946,309,1.1,1,2014-07-05,1647,Aqua,MODIS,66,6.2,292.2,9.4,N,0
-16.0665,127.7574,306.2,1.1,1,2014-07-05,1647,Aqua,MODIS,67,6.2,291.4,8.6,N,0
-16.0587,127.7692,321.5,1.1,1,2014-07-05,1647,Aqua,MODIS,100,6.2,292.5,21.3,N,0
-16.0571,127.7588,316.3,1.1,1,2014-07-05,1647,Aqua,MODIS,93,6.2,292.7,15.7,N,0
-16.0555,127.7484,312.8,1.1,1,2014-07-05,1647,Aqua,MODIS,61,6.2,292.1,12.2,N,0
-16.0539,127.7383,315.2,1.1,1,2014-07-05,1647,Aqua,MODIS,68,6.2,292,14.4,N,0
-16.0525,127.7907,321.3,1.1,1,2014-07-05,1647,Aqua,MODIS,100,6.2,292,21.8,N,0
-16.0509,127.7809,318.8,1.1,1,2014-07-05,1647,Aqua,MODIS,97,6.2,292.6,18.1,N,0
-15.8762,127.904,304.5,1.1,1,2014-07-05,1647,Aqua,MODIS,42,6.2,289,7.1,N,0
-15.8871,127.9126,300.5,1.1,1,2014-07-05,1647,Aqua,MODIS,4,6.2,289.4,4.4,N,0
-15.8951,128.68,301,1,1,2014-07-05,1647,Aqua,MODIS,23,6.2,290.8,4,N,0
-16.0384,127.7621,332.2,1.1,1,2014-07-05,1647,Aqua,MODIS,100,6.2,292.8,36.7,N,0
-15.8747,127.894,307,1.1,1,2014-07-05,1647,Aqua,MODIS,64,6.2,290.7,8.6,N,0
-16.0601,127.7164,305.5,1.1,1,2014-07-05,1647,Aqua,MODIS,64,6.2,289.5,8.1,N,0
-16.0634,127.7993,340.6,1.1,1,2014-07-05,1647,Aqua,MODIS,100,6.2,292.4,51,N,0
-15.9339,127.9055,309.6,1.1,1,2014-07-05,1647,Aqua,MODIS,78,6.2,291.1,10.6,N,0
-16.0477,127.7604,331.8,1.1,1,2014-07-05,1647,Aqua,MODIS,100,6.2,293.5,34.7,N,0
-15.9354,127.9154,311.9,1.1,1,2014-07-05,1647,Aqua,MODIS,84,6.2,291.7,12.6,N,0
-16.0493,127.7708,342.5,1.1,1,2014-07-05,1647,Aqua,MODIS,100,6.2,294.5,53.7,N,0
-16.0618,127.7892,341.8,1.1,1,2014-07-05,1647,Aqua,MODIS,100,6.2,293.2,53.2,N,0
-16.1137,127.7122,300.4,1.1,1,2014-07-05,1647,Aqua,MODIS,17,6.2,288.4,5.5,N,0
-16.1154,127.7225,310.7,1.1,1,2014-07-05,1647,Aqua,MODIS,81,6.2,288.3,12.8,N,0
-17.6273,122.2348,306.1,2.3,1.5,2014-07-05,1648,Aqua,MODIS,67,6.2,287.8,32.4,N,0
-17.6233,122.2127,306,2.4,1.5,2014-07-05,1648,Aqua,MODIS,66,6.2,287.7,31.8,N,0
-20.839,119.5651,301.9,3.2,1.7,2014-07-05,1649,Aqua,MODIS,45,6.2,289.7,34.3,N,0
-20.8344,119.5581,301.2,3.2,1.7,2014-07-05,1649,Aqua,MODIS,38,6.2,289.2,32.4,N,0
-14.6742,142.0949,319.4,1.7,1.3,2014-07-06,0033,Terra,MODIS,74,6.2,297.4,24.2,D,0
-13.2158,142.0488,327.3,1.8,1.3,2014-07-06,0033,Terra,MODIS,83,6.2,297.1,46.9,D,0
-13.2275,142.047,312.7,1.8,1.3,2014-07-06,0033,Terra,MODIS,50,6.2,296.4,14,D,0
-13.2226,142.0418,330.8,1.8,1.3,2014-07-06,0033,Terra,MODIS,85,6.2,296.9,56.3,D,0
-13.2131,142.0326,315.7,1.8,1.3,2014-07-06,0033,Terra,MODIS,71,6.2,296.2,21.1,D,0
-14.6767,142.1101,360.2,1.6,1.3,2014-07-06,0033,Terra,MODIS,100,6.2,301.7,169.1,D,0
-14.6818,142.1404,329.1,1.6,1.3,2014-07-06,0033,Terra,MODIS,84,6.2,298.2,44.4,D,0
-14.6793,142.1253,334.2,1.6,1.3,2014-07-06,0033,Terra,MODIS,87,6.2,299,57,D,0
-14.6705,142.1424,314.5,1.6,1.3,2014-07-06,0033,Terra,MODIS,19,6.2,298,13.2,D,0
-14.6804,142.0624,313.4,1.7,1.3,2014-07-06,0033,Terra,MODIS,42,6.2,297.1,14.1,D,0
-14.6976,142.6516,309.4,1.5,1.2,2014-07-06,0033,Terra,MODIS,49,6.2,297.3,7.4,D,0
-14.6654,142.1121,343.3,1.6,1.3,2014-07-06,0033,Terra,MODIS,92,6.2,299.6,89.2,D,0
-14.668,142.1273,337.2,1.6,1.3,2014-07-06,0033,Terra,MODIS,89,6.2,299.4,66.3,D,0
-14.8815,143.2793,364.2,1.4,1.2,2014-07-06,0033,Terra,MODIS,100,6.2,298.7,145.9,D,0
-14.8691,143.2684,317.7,1.4,1.2,2014-07-06,0033,Terra,MODIS,73,6.2,297.7,15.8,D,0
-14.5494,144.4538,306.5,1.2,1.1,2014-07-06,0033,Terra,MODIS,45,6.2,294.1,4.7,D,0
-15.5332,142.1317,319.7,1.6,1.2,2014-07-06,0033,Terra,MODIS,75,6.2,300.1,21.6,D,0
-12.2962,141.9815,311.4,1.9,1.3,2014-07-06,0033,Terra,MODIS,33,6.2,293.3,13.8,D,0
-14.8286,142.8886,309.9,1.4,1.2,2014-07-06,0033,Terra,MODIS,44,6.2,296.9,8.4,D,0
-14.8939,143.2901,318.8,1.4,1.2,2014-07-06,0033,Terra,MODIS,74,6.2,296.1,18.5,D,0
-14.6844,142.1555,317.1,1.6,1.3,2014-07-06,0033,Terra,MODIS,64,6.2,297.3,18.4,D,0
-15.9499,144.4357,334.9,1.1,1.1,2014-07-06,0033,Terra,MODIS,88,6.2,299.7,38.9,D,0
-14.6585,141.6016,312.4,1.8,1.3,2014-07-06,0033,Terra,MODIS,60,6.2,297.4,14.1,D,0
-15.5283,142.1023,316.5,1.6,1.2,2014-07-06,0033,Terra,MODIS,64,6.2,298.4,17.2,D,0
-15.8508,143.0681,310.4,1.4,1.2,2014-07-06,0033,Terra,MODIS,23,6.2,298.7,6.9,D,0
-15.9516,144.4465,310.3,1.1,1.1,2014-07-06,0033,Terra,MODIS,63,6.2,296.8,7.5,D,0
-14.8836,143.2918,343.6,1.4,1.2,2014-07-06,0033,Terra,MODIS,92,6.2,298.1,69.5,D,0
-14.8712,143.2811,362.1,1.4,1.2,2014-07-06,0033,Terra,MODIS,100,6.2,300.6,136.6,D,0
-14.5476,144.4602,309.2,1.2,1.1,2014-07-06,0033,Terra,MODIS,58,6.2,294.2,6.9,D,0
-15.6067,142.1571,319.3,1.6,1.2,2014-07-06,0033,Terra,MODIS,73,6.2,300.1,21,D,0
-12.3041,141.9917,312.2,1.9,1.3,2014-07-06,0033,Terra,MODIS,60,6.2,293.8,16.4,D,0
-15.8529,143.0807,313.8,1.4,1.2,2014-07-06,0033,Terra,MODIS,49,6.2,300.3,10.5,D,0
-14.8179,142.8905,310.1,1.4,1.2,2014-07-06,0033,Terra,MODIS,34,6.2,297,7.8,D,0
-15.5308,142.117,328.1,1.6,1.2,2014-07-06,0033,Terra,MODIS,83,6.2,300.4,40.9,D,0
-16.1757,135.4817,306,4.8,2,2014-07-06,0034,Terra,MODIS,54,6.2,294.7,41.6,D,0
-17.6901,138.6649,306.5,2.6,1.5,2014-07-06,0034,Terra,MODIS,43,6.2,294.4,13.6,D,0
-17.6947,138.6569,307.2,2.6,1.5,2014-07-06,0034,Terra,MODIS,53,6.2,294.8,16.1,D,0
-16.7513,137.0515,306.2,3.6,1.8,2014-07-06,0034,Terra,MODIS,32,6.2,295.1,23.8,D,0
-16.7333,137.0954,306,3.6,1.8,2014-07-06,0034,Terra,MODIS,23,6.2,295.4,23.4,D,0
-16.7586,137.0559,309.6,3.6,1.8,2014-07-06,0034,Terra,MODIS,65,6.2,295.7,37.7,D,0
-16.5708,136.4389,305.2,4,1.9,2014-07-06,0034,Terra,MODIS,52,6.2,295.1,25.6,D,0
-16.56,136.4101,305.8,4,1.9,2014-07-06,0034,Terra,MODIS,45,6.2,295.3,26.7,D,0
-16.8605,137.0558,313.8,3.6,1.8,2014-07-06,0034,Terra,MODIS,71,6.2,295.6,62.8,D,0
-20.7415,139.481,312.3,2,1.4,2014-07-06,0035,Terra,MODIS,58,6.2,295.4,20.4,D,2
-25.1978,149.0289,306.1,1.5,1.2,2014-07-06,0036,Terra,MODIS,49,6.2,290.4,10.3,D,0
-25.2022,149.0364,317.7,1.5,1.2,2014-07-06,0036,Terra,MODIS,62,6.2,291.4,23.5,D,0
-25.1995,149.0431,323.7,1.5,1.2,2014-07-06,0036,Terra,MODIS,83,6.2,291.1,35.8,D,0
-26.7813,148.2193,304.1,1.4,1.2,2014-07-06,0036,Terra,MODIS,57,6.2,293.3,5.8,D,0
-26.4126,147.4366,303.4,1.2,1.1,2014-07-06,0036,Terra,MODIS,52,6.2,289.4,6,D,0
-25.2413,149.0906,301.9,1.5,1.2,2014-07-06,0036,Terra,MODIS,42,6.2,289.5,8.4,D,0
-25.2396,149.076,307.2,1.5,1.2,2014-07-06,0036,Terra,MODIS,63,6.2,290.5,13.3,D,0
-24.78,147.0938,300.6,1.1,1.1,2014-07-06,0036,Terra,MODIS,31,6.2,290.1,4.4,D,0
-24.7815,147.1051,301,1.1,1.1,2014-07-06,0036,Terra,MODIS,39,6.2,291,4.6,D,0
-29.7032,148.2755,301.4,1.5,1.2,2014-07-06,0037,Terra,MODIS,47,6.2,288.5,6,D,0
-28.2369,148.8048,316,1.5,1.2,2014-07-06,0037,Terra,MODIS,76,6.2,291.7,24,D,0
-28.2386,148.8206,311.1,1.5,1.2,2014-07-06,0037,Terra,MODIS,71,6.2,291.9,16.6,D,0
-32.4924,147.0587,310.4,1.4,1.2,2014-07-06,0038,Terra,MODIS,70,6.2,278.5,19.7,D,0
-32.4907,147.044,307.1,1.4,1.2,2014-07-06,0038,Terra,MODIS,65,6.2,280.2,16,D,0
-11.8195,133.7386,311.8,4.7,2,2014-07-06,0211,Terra,MODIS,29,6.2,296.4,48.4,D,0
-12.9566,132.4529,310.6,3.9,1.8,2014-07-06,0211,Terra,MODIS,47,6.2,300,32.6,D,0
-12.8129,132.4812,314.1,3.9,1.8,2014-07-06,0211,Terra,MODIS,64,6.2,299.9,52.2,D,0
-12.8181,132.4735,311.1,3.9,1.8,2014-07-06,0211,Terra,MODIS,48,6.2,299.2,35.8,D,0
-12.3505,132.6294,313.2,4,1.9,2014-07-06,0211,Terra,MODIS,42,6.2,298.8,42.3,D,0
-11.3006,132.3296,314.1,3.6,1.8,2014-07-06,0211,Terra,MODIS,57,6.2,298.3,46.2,D,0
-11.2924,132.336,315.9,3.6,1.8,2014-07-06,0211,Terra,MODIS,40,6.2,298.1,55.7,D,0
-12.3453,132.6351,310.8,4,1.9,2014-07-06,0211,Terra,MODIS,34,6.2,298.2,33.4,D,0
-12.3412,132.5991,311.9,3.9,1.8,2014-07-06,0211,Terra,MODIS,39,6.2,300.2,38.3,D,0
-11.4663,131.4231,313.5,3.1,1.7,2014-07-06,0211,Terra,MODIS,58,6.2,298.3,38.6,D,0
-11.7197,130.7446,310.8,2.8,1.6,2014-07-06,0211,Terra,MODIS,37,6.2,300.1,21.7,D,0
-11.7282,130.7249,316.4,2.8,1.6,2014-07-06,0211,Terra,MODIS,65,6.2,299.2,39.7,D,0
-11.731,130.7177,312,2.8,1.6,2014-07-06,0211,Terra,MODIS,47,6.2,298.9,25.8,D,0
-11.2379,131.8918,318.5,3.4,1.7,2014-07-06,0211,Terra,MODIS,0,6.2,298.6,64.4,D,0
-11.3029,131.9407,312.3,3.4,1.7,2014-07-06,0211,Terra,MODIS,39,6.2,298.2,32.3,D,0
-13.3237,132.2083,316.7,3.8,1.8,2014-07-06,0211,Terra,MODIS,59,6.2,301.6,41.4,D,0
-11.2489,131.8849,340.9,3.4,1.7,2014-07-06,0211,Terra,MODIS,0,6.2,300.2,224.5,D,0
-13.4525,132.0419,318.4,3.7,1.8,2014-07-06,0211,Terra,MODIS,70,6.2,299.8,65.6,D,0
-13.33,132.2007,317,3.8,1.8,2014-07-06,0211,Terra,MODIS,64,6.2,301.3,43.5,D,0
-11.2752,131.8751,322.8,3.4,1.7,2014-07-06,0211,Terra,MODIS,0,6.2,299,84,D,0
-11.2799,131.881,328,3.4,1.7,2014-07-06,0211,Terra,MODIS,0,6.2,298.7,119.4,D,0
-13.4488,132.0082,310.1,3.7,1.8,2014-07-06,0211,Terra,MODIS,20,6.2,297.7,22.5,D,0
-11.5257,130.5609,313.1,2.7,1.6,2014-07-06,0211,Terra,MODIS,57,6.2,300.2,28.7,D,0
-11.5158,130.5551,313.2,2.7,1.6,2014-07-06,0211,Terra,MODIS,54,6.2,299.6,29.7,D,0
-14.0864,130.0235,307.6,2.6,1.6,2014-07-06,0211,Terra,MODIS,61,6.2,287.5,25.7,D,0
-13.4283,131.2968,313.7,3.2,1.7,2014-07-06,0211,Terra,MODIS,44,6.2,298.1,25.2,D,0
-15.4352,127.8952,316,1.9,1.3,2014-07-06,0212,Terra,MODIS,50,6.2,299.4,18,D,0
-15.5586,129.3448,319.2,2.5,1.5,2014-07-06,0212,Terra,MODIS,71,6.2,300.5,38.8,D,0
-14.739,130.0536,319.9,2.7,1.6,2014-07-06,0212,Terra,MODIS,71,6.2,296.7,49.1,D,0
-15.4287,127.8426,337.7,1.9,1.3,2014-07-06,0212,Terra,MODIS,88,6.2,299.4,85.6,D,0
-15.4309,127.8602,353.6,1.9,1.3,2014-07-06,0212,Terra,MODIS,97,6.2,302.9,161.3,D,0
-15.4331,127.878,328,1.9,1.3,2014-07-06,0212,Terra,MODIS,81,6.2,301.4,50.1,D,0
-15.7997,126.9702,312.5,1.6,1.3,2014-07-06,0212,Terra,MODIS,45,6.2,300.9,9.5,D,0
-15.4252,127.9146,354.7,1.9,1.3,2014-07-06,0212,Terra,MODIS,97,6.2,304.2,166.2,D,0
-15.5205,129.3737,312,2.5,1.5,2014-07-06,0212,Terra,MODIS,54,6.2,301.3,20.7,D,0
-14.1832,127.1046,317.9,1.6,1.2,2014-07-06,0212,Terra,MODIS,34,6.2,303.1,13,D,0
-15.3185,127.9901,322.5,1.9,1.4,2014-07-06,0212,Terra,MODIS,73,6.2,302.4,28,D,0
-15.3307,127.9887,322.5,1.9,1.4,2014-07-06,0212,Terra,MODIS,74,6.2,303.7,26.9,D,0
-15.2595,127.949,315.6,1.9,1.3,2014-07-06,0212,Terra,MODIS,0,6.2,300.2,17.7,D,0
-15.5386,126.894,315.8,1.6,1.2,2014-07-06,0212,Terra,MODIS,65,6.2,301.2,15.1,D,0
-15.5404,126.9088,311.4,1.6,1.2,2014-07-06,0212,Terra,MODIS,43,6.2,300.8,8.1,D,0
-15.5037,128.3539,325.9,2.1,1.4,2014-07-06,0212,Terra,MODIS,79,6.2,301.9,49.4,D,0
-15.4274,127.9326,328.8,1.9,1.3,2014-07-06,0212,Terra,MODIS,82,6.2,302,48.5,D,0
-14.9254,126.1256,319.4,1.4,1.2,2014-07-06,0212,Terra,MODIS,70,6.2,301.7,16.2,D,0
-14.7239,126.2311,318.6,1.4,1.2,2014-07-06,0212,Terra,MODIS,60,6.2,301.3,15.3,D,0
-14.9149,126.1268,314,1.4,1.2,2014-07-06,0212,Terra,MODIS,23,6.2,302.4,8.5,D,0
-14.1666,127.0621,320.6,1.6,1.2,2014-07-06,0212,Terra,MODIS,45,6.2,301.7,18.3,D,0
-15.5756,128.3007,327.7,2,1.4,2014-07-06,0212,Terra,MODIS,81,6.2,304.8,50.2,D,0
-14.7417,130.0782,318.6,2.7,1.6,2014-07-06,0212,Terra,MODIS,57,6.2,297.8,43.9,D,0
-15.506,128.3731,322.5,2.1,1.4,2014-07-06,0212,Terra,MODIS,75,6.2,301.8,38.3,D,0
-14.1647,127.054,322.1,1.6,1.2,2014-07-06,0212,Terra,MODIS,74,6.2,301.4,23.2,D,0
-15.5047,128.3481,315.8,2.1,1.4,2014-07-06,0212,Terra,MODIS,51,6.2,300.7,19.7,D,0
-15.5069,128.3672,328.3,2.1,1.4,2014-07-06,0212,Terra,MODIS,81,6.2,302.4,56.6,D,0
-15.2861,127.5238,315,1.8,1.3,2014-07-06,0212,Terra,MODIS,37,6.2,301.9,12.6,D,0
-15.8553,128.688,315.8,2.2,1.4,2014-07-06,0212,Terra,MODIS,40,6.2,303.2,19.9,D,0
-15.2764,127.5423,317.7,1.8,1.3,2014-07-06,0212,Terra,MODIS,23,6.2,302.7,16.3,D,0
-15.2549,127.562,317.8,1.8,1.3,2014-07-06,0212,Terra,MODIS,56,6.2,302.1,16.3,D,0
-14.7356,130.0611,327.2,2.7,1.6,2014-07-06,0212,Terra,MODIS,68,6.2,297.7,75.6,D,0
-15.2319,131.6569,346.6,3.7,1.8,2014-07-06,0212,Terra,MODIS,94,6.2,302.8,319,D,0
-15.2122,131.6252,321.8,3.6,1.8,2014-07-06,0212,Terra,MODIS,75,6.2,301.8,89.3,D,0
-15.2283,131.6233,327.2,3.6,1.8,2014-07-06,0212,Terra,MODIS,74,6.2,298.7,120,D,0
-15.22,131.6179,317.8,3.6,1.8,2014-07-06,0212,Terra,MODIS,21,6.2,299.5,59.6,D,0
-15.2395,131.6496,342.3,3.7,1.8,2014-07-06,0212,Terra,MODIS,91,6.2,301.8,272.2,D,0
-15.2234,131.6514,332.9,3.7,1.8,2014-07-06,0212,Terra,MODIS,85,6.2,303.1,172.2,D,0
-15.248,131.6553,321.6,3.7,1.8,2014-07-06,0212,Terra,MODIS,66,6.2,300.7,84.8,D,0
-15.2157,131.6587,315.2,3.7,1.8,2014-07-06,0212,Terra,MODIS,40,6.2,301.5,50.6,D,0
-14.7305,126.283,316.4,1.4,1.2,2014-07-06,0212,Terra,MODIS,47,6.2,302.1,12,D,0
-16.1171,127.7073,325.1,1.9,1.3,2014-07-06,0212,Terra,MODIS,74,6.2,303.5,36.5,D,0
-16.0789,127.8013,333.3,1.9,1.3,2014-07-06,0212,Terra,MODIS,86,6.2,304.6,58.4,D,0
-16.0487,127.7939,322.9,1.9,1.3,2014-07-06,0212,Terra,MODIS,48,6.2,303.4,28.8,D,0
-16.1497,127.7743,322.5,1.9,1.3,2014-07-06,0212,Terra,MODIS,50,6.2,302.8,29.1,D,0
-16.1518,127.7918,342.3,1.9,1.3,2014-07-06,0212,Terra,MODIS,91,6.2,304.1,100.6,D,0
-14.7272,126.2569,350.7,1.4,1.2,2014-07-06,0212,Terra,MODIS,95,6.2,305.1,91.9,D,0
-16.154,127.8097,331.1,1.9,1.4,2014-07-06,0212,Terra,MODIS,84,6.2,302.8,57.5,D,0
-16.081,127.8191,324.8,1.9,1.4,2014-07-06,0212,Terra,MODIS,78,6.2,304.1,32.1,D,0
-16.0751,127.8083,335.5,1.9,1.3,2014-07-06,0212,Terra,MODIS,87,6.2,304.1,66.1,D,0
-14.7289,126.2699,323.6,1.4,1.2,2014-07-06,0212,Terra,MODIS,76,6.2,303.2,22.7,D,0
-16.1292,127.7061,335.9,1.9,1.3,2014-07-06,0212,Terra,MODIS,87,6.2,303,72.6,D,0
-14.3752,130.0445,318,2.7,1.6,2014-07-06,0212,Terra,MODIS,75,6.2,298.6,50,D,0
-16.4515,122.9202,316.2,1,1,2014-07-06,0212,Terra,MODIS,62,6.2,302.8,8.1,D,0
-16.4501,122.9107,318.3,1,1,2014-07-06,0212,Terra,MODIS,62,6.2,302.5,10.3,D,0
-16.1149,127.6897,332.1,1.9,1.3,2014-07-06,0212,Terra,MODIS,85,6.2,302.4,61.1,D,0
-16.9923,122.786,323.4,1,1,2014-07-06,0212,Terra,MODIS,76,6.2,302,15.5,D,0
-16.9937,122.7955,313.9,1,1,2014-07-06,0212,Terra,MODIS,57,6.2,302.1,6.5,D,0
-14.7255,126.244,372.1,1.4,1.2,2014-07-06,0212,Terra,MODIS,100,6.2,307.8,191.3,D,0
-14.7015,126.2664,319.6,1.4,1.2,2014-07-06,0212,Terra,MODIS,70,6.2,303.1,15.6,D,0
-14.6997,126.2533,316,1.4,1.2,2014-07-06,0212,Terra,MODIS,55,6.2,303.5,10.9,D,0
-16.1313,127.7234,338.7,1.9,1.3,2014-07-06,0212,Terra,MODIS,89,6.2,304.9,82.3,D,0
-16.1476,127.7568,320.9,1.9,1.3,2014-07-06,0212,Terra,MODIS,49,6.2,302.7,26.2,D,0
-16.8972,122.699,325.8,1,1,2014-07-06,0212,Terra,MODIS,79,6.2,302.7,19,D,0
-17.6482,122.2286,329.2,1,1,2014-07-06,0213,Terra,MODIS,82,6.2,305.7,21.5,D,0
-17.6167,122.2008,334.5,1,1,2014-07-06,0213,Terra,MODIS,54,6.2,304.7,23.6,D,0
-17.6496,122.238,325.4,1,1,2014-07-06,0213,Terra,MODIS,78,6.2,302.4,17.4,D,0
-17.6334,122.1885,345,1,1,2014-07-06,0213,Terra,MODIS,0,6.2,305.8,40.7,D,0
-17.6545,122.2083,312.3,1,1,2014-07-06,0213,Terra,MODIS,46,6.2,300.8,5.3,D,0
-17.6559,122.2177,313.7,1,1,2014-07-06,0213,Terra,MODIS,56,6.2,300.7,6.4,D,0
-17.6244,122.1899,332.8,1,1,2014-07-06,0213,Terra,MODIS,36,6.2,306.1,21.8,D,0
-17.6348,122.198,341.7,1,1,2014-07-06,0213,Terra,MODIS,79,6.2,306.2,33.2,D,0
-20.0924,125.5984,320.3,1.5,1.2,2014-07-06,0213,Terra,MODIS,70,6.2,302.1,18.3,D,0
-17.6441,122.2002,421.3,1,1,2014-07-06,0213,Terra,MODIS,100,6.2,325.3,403.4,D,0
-20.0942,125.6129,314.7,1.5,1.2,2014-07-06,0213,Terra,MODIS,47,6.2,301.7,10.1,D,0
-17.6416,122.2452,345.4,1,1,2014-07-06,0213,Terra,MODIS,93,6.2,310.5,43.2,D,0
-17.6402,122.2357,328.2,1,1,2014-07-06,0213,Terra,MODIS,28,6.2,310,16.2,D,0
-17.6455,122.2097,375.4,1,1,2014-07-06,0213,Terra,MODIS,100,6.2,317.7,130,D,0
-17.6468,122.2191,342.4,1,1,2014-07-06,0213,Terra,MODIS,91,6.2,310.8,41.3,D,0
-17.6427,122.1908,328.4,1,1,2014-07-06,0213,Terra,MODIS,70,6.2,303.1,20.2,D,0
-17.6444,122.2641,324.8,1,1,2014-07-06,0213,Terra,MODIS,69,6.2,303.8,14.9,D,0
-17.643,122.2546,339.4,1,1,2014-07-06,0213,Terra,MODIS,89,6.2,307.7,33.4,D,0
-20.1598,118.9275,319.7,1.1,1.1,2014-07-06,0213,Terra,MODIS,50,6.2,300.5,13,D,0
-20.3422,128.5582,325.6,2.5,1.5,2014-07-06,0213,Terra,MODIS,80,6.2,298.4,72.9,D,0
-20.3447,128.5821,314,2.5,1.5,2014-07-06,0213,Terra,MODIS,65,6.2,298.5,30.5,D,0
-20.3348,128.5522,315.8,2.5,1.5,2014-07-06,0213,Terra,MODIS,69,6.2,298.3,35.1,D,0
-20.3371,128.5762,317.8,2.5,1.5,2014-07-06,0213,Terra,MODIS,72,6.2,298.4,42,D,0
-18.7982,121.6591,314.6,1,1,2014-07-06,0213,Terra,MODIS,0,6.2,303.6,5.8,D,0
-20.1806,118.9064,313,1.1,1.1,2014-07-06,0213,Terra,MODIS,0,6.2,302.7,7.3,D,0
-20.2245,118.8768,323.5,1.1,1.1,2014-07-06,0214,Terra,MODIS,0,6.2,299,19.1,D,0
-21.0451,118.8164,313.5,1.1,1,2014-07-06,0214,Terra,MODIS,53,6.2,300.9,6.4,D,0
-20.8702,119.763,316.6,1,1,2014-07-06,0214,Terra,MODIS,68,6.2,303.2,8.1,D,0
-20.7227,119.577,348.1,1,1,2014-07-06,0214,Terra,MODIS,94,6.2,305,55.4,D,0
-20.7242,119.5869,328.1,1,1,2014-07-06,0214,Terra,MODIS,81,6.2,303.2,21,D,0
-20.7318,119.5754,359.5,1,1,2014-07-06,0214,Terra,MODIS,99,6.2,302.4,83.8,D,0
-20.7334,119.5854,341.9,1,1,2014-07-06,0214,Terra,MODIS,91,6.2,302.6,42.5,D,0
-20.7719,119.6033,319.7,1,1,2014-07-06,0214,Terra,MODIS,72,6.2,302.8,11.1,D,0
-20.7735,119.6133,319.8,1,1,2014-07-06,0214,Terra,MODIS,72,6.2,301.6,11.3,D,0
-20.8377,119.5548,328.1,1,1,2014-07-06,0214,Terra,MODIS,82,6.2,302.5,22.4,D,0
-21.2412,119.9527,314.6,1,1,2014-07-06,0214,Terra,MODIS,65,6.2,300.1,7.5,D,0
-21.2397,119.943,317.5,1,1,2014-07-06,0214,Terra,MODIS,71,6.2,301.9,10.1,D,0
-21.2155,119.9671,314.8,1,1,2014-07-06,0214,Terra,MODIS,66,6.2,299.7,8.5,D,0
-21.2488,119.9414,345.7,1,1,2014-07-06,0214,Terra,MODIS,93,6.2,301.1,49.1,D,0
-30.4063,115.7143,302.6,1.2,1.1,2014-07-06,0216,Terra,MODIS,53,6.2,287.8,5.8,D,0
-30.0527,152.8447,302.8,1.9,1.3,2014-07-06,0317,Aqua,MODIS,54,6.2,290.1,14.8,D,0
-30.0498,152.8395,304.4,1.9,1.3,2014-07-06,0317,Aqua,MODIS,59,6.2,290.6,16.3,D,0
-29.8206,153.0724,304.9,1.8,1.3,2014-07-06,0317,Aqua,MODIS,60,6.2,290.2,16.5,D,0
-30.7074,152.6167,300.2,2,1.4,2014-07-06,0317,Aqua,MODIS,15,6.2,281.7,15.1,D,0
-25.8442,152.8873,312.2,1.7,1.3,2014-07-06,0318,Aqua,MODIS,71,6.2,292.8,22.5,D,0
-28.6861,147.0774,311,4.6,2,2014-07-06,0318,Aqua,MODIS,71,6.2,291.6,81.9,D,0
-28.6887,147.0298,309.9,4.6,2,2014-07-06,0318,Aqua,MODIS,69,6.2,291.7,74.6,D,0
-28.6877,147.0734,310.9,4.6,2,2014-07-06,0318,Aqua,MODIS,71,6.2,291.6,79.5,D,0
-28.6906,147.0258,305.7,4.6,2,2014-07-06,0318,Aqua,MODIS,62,6.2,291.5,48.1,D,0
-25.846,152.8706,316,1.7,1.3,2014-07-06,0318,Aqua,MODIS,76,6.2,293.9,29,D,0
-28.2945,153.4471,318.2,1.6,1.3,2014-07-06,0318,Aqua,MODIS,78,6.2,293.3,31.8,D,0
-27.8097,147.4087,304.3,4.3,1.9,2014-07-06,0318,Aqua,MODIS,56,6.2,292.9,27.4,D,0
-25.2129,149.0365,302.9,3.1,1.7,2014-07-06,0319,Aqua,MODIS,37,6.2,292.7,21.2,D,0
-19.9409,147.921,310.2,3.2,1.7,2014-07-06,0320,Aqua,MODIS,25,6.2,298.6,21.3,D,0
-19.7228,146.3112,311.9,4.2,1.9,2014-07-06,0320,Aqua,MODIS,52,6.2,298.3,47.4,D,0
-19.7364,146.3051,310.9,4.2,1.9,2014-07-06,0320,Aqua,MODIS,44,6.2,298.5,40.5,D,0
-27.1856,129.0941,312.6,1.5,1.2,2014-07-06,0457,Aqua,MODIS,61,6.2,300.6,10,D,0
-27.1966,129.0957,315.8,1.5,1.2,2014-07-06,0457,Aqua,MODIS,68,6.2,300.6,14.9,D,0
-27.1949,129.1109,334,1.5,1.2,2014-07-06,0457,Aqua,MODIS,87,6.2,301.5,51.6,D,0
-18.2849,130.5622,315,1,1,2014-07-06,0459,Aqua,MODIS,54,6.2,304.8,6.3,D,0
-18.2835,130.5719,315.2,1,1,2014-07-06,0459,Aqua,MODIS,55,6.2,304.6,6.6,D,0
-19.9984,127.5889,317.7,1.5,1.2,2014-07-06,0459,Aqua,MODIS,60,6.2,307.5,12.2,D,0
-16.779,137.0504,325.3,1.8,1.3,2014-07-06,0459,Aqua,MODIS,52,6.2,306.1,33.1,D,0
-16.7422,137.0914,329.9,1.9,1.3,2014-07-06,0459,Aqua,MODIS,80,6.2,307.7,46.2,D,0
-16.7372,137.0781,336.3,1.9,1.3,2014-07-06,0459,Aqua,MODIS,84,6.2,306.1,65.2,D,0
-17.8297,138.8577,318.3,2.4,1.5,2014-07-06,0459,Aqua,MODIS,55,6.2,304.1,28.7,D,0
-17.9821,138.8628,313.9,2.4,1.5,2014-07-06,0459,Aqua,MODIS,37,6.2,302.6,16.5,D,0
-16.576,136.4219,333.5,1.7,1.3,2014-07-06,0459,Aqua,MODIS,84,6.2,305.6,52,D,0
-16.5787,136.4063,320,1.7,1.3,2014-07-06,0459,Aqua,MODIS,68,6.2,304.4,18.2,D,0
-16.578,136.4151,320.5,1.7,1.3,2014-07-06,0459,Aqua,MODIS,70,6.2,304.6,20,D,0
-16.564,136.4288,332.5,1.7,1.3,2014-07-06,0459,Aqua,MODIS,84,6.2,306.7,47.2,D,0
-16.5666,136.4131,344.4,1.7,1.3,2014-07-06,0459,Aqua,MODIS,92,6.2,307.8,88.7,D,0
-16.5692,136.3975,327.1,1.7,1.3,2014-07-06,0459,Aqua,MODIS,79,6.2,305,33.7,D,0
-17.9825,138.8783,316.3,2.4,1.5,2014-07-06,0459,Aqua,MODIS,61,6.2,302.8,26.9,D,0
-17.8382,138.8672,319.4,2.4,1.5,2014-07-06,0459,Aqua,MODIS,68,6.2,304.3,36.1,D,0
-16.8709,137.0569,324,1.8,1.3,2014-07-06,0459,Aqua,MODIS,69,6.2,305.3,33,D,0
-16.77,137.0313,342.5,1.8,1.3,2014-07-06,0459,Aqua,MODIS,91,6.2,305.7,91.8,D,0
-16.7581,137.0291,348.7,1.8,1.3,2014-07-06,0459,Aqua,MODIS,94,6.2,305.8,119.3,D,0
-16.7611,137.0121,328.2,1.8,1.3,2014-07-06,0459,Aqua,MODIS,32,6.2,302.9,40.4,D,0
-16.7433,137.0438,331.1,1.8,1.3,2014-07-06,0459,Aqua,MODIS,61,6.2,304.2,47.1,D,0
-16.7493,137.0099,319.5,1.8,1.3,2014-07-06,0459,Aqua,MODIS,39,6.2,302.5,21.8,D,0
-16.7463,137.0268,338.6,1.8,1.3,2014-07-06,0459,Aqua,MODIS,88,6.2,304.8,78.8,D,0
-16.7657,137.025,349.9,1.8,1.3,2014-07-06,0459,Aqua,MODIS,95,6.2,306.3,126.1,D,0
-16.7509,137.0397,326.5,1.8,1.3,2014-07-06,0459,Aqua,MODIS,15,6.2,305.1,32.8,D,0
-16.7538,137.0228,327.2,1.8,1.3,2014-07-06,0459,Aqua,MODIS,52,6.2,304.2,38.2,D,0
-16.739,137.0376,325.5,1.8,1.3,2014-07-06,0459,Aqua,MODIS,27,6.2,303.7,32.4,D,0
-16.7419,137.0206,330.9,1.8,1.3,2014-07-06,0459,Aqua,MODIS,82,6.2,303.7,52.4,D,0
-17.9323,138.7764,318.6,2.3,1.5,2014-07-06,0459,Aqua,MODIS,67,6.2,304.5,32.2,D,0
-17.9379,138.7726,316.6,2.3,1.5,2014-07-06,0459,Aqua,MODIS,62,6.2,303.4,24.2,D,0
-17.8423,138.8449,318.9,2.4,1.5,2014-07-06,0459,Aqua,MODIS,67,6.2,303.8,34.1,D,0
-16.8532,137.0185,330,1.8,1.3,2014-07-06,0459,Aqua,MODIS,59,6.2,305.9,44.9,D,0
-16.8413,137.0164,325.1,1.8,1.3,2014-07-06,0459,Aqua,MODIS,61,6.2,304.3,32.3,D,0
-16.8588,137.0126,326.8,1.8,1.3,2014-07-06,0459,Aqua,MODIS,67,6.2,304.4,36.7,D,0
-16.847,137.0106,325,1.8,1.3,2014-07-06,0459,Aqua,MODIS,70,6.2,304.7,34,D,0
-20.0945,125.5746,323,2.1,1.4,2014-07-06,0459,Aqua,MODIS,24,6.2,310.5,24.9,D,0
-20.1052,125.5895,321.7,2.1,1.4,2014-07-06,0459,Aqua,MODIS,46,6.2,307.7,24.9,D,0
-15.4902,142.0758,312.7,4.6,2,2014-07-06,0459,Aqua,MODIS,32,6.2,301.9,43.2,D,0
-15.5077,142.0795,313.1,4.6,2,2014-07-06,0459,Aqua,MODIS,45,6.2,302.5,47.5,D,0
-14.5869,134.9941,318.6,1.4,1.2,2014-07-06,0500,Aqua,MODIS,64,6.2,302.6,15.6,D,0
-14.2703,133.2887,335.9,1.2,1.1,2014-07-06,0500,Aqua,MODIS,85,6.2,310,30.9,D,0
-13.2667,134.4082,316.8,1.4,1.2,2014-07-06,0500,Aqua,MODIS,60,6.2,305.7,10.9,D,0
-16.0842,135.5788,329,1.5,1.2,2014-07-06,0500,Aqua,MODIS,80,6.2,305.6,33.3,D,0
-13.4096,133.7611,315.4,1.3,1.1,2014-07-06,0500,Aqua,MODIS,42,6.2,302.5,8.5,D,0
-13.6365,134.0094,322,1.3,1.1,2014-07-06,0500,Aqua,MODIS,58,6.2,304.6,13.1,D,0
-14.696,135.0528,321.9,1.5,1.2,2014-07-06,0500,Aqua,MODIS,17,6.2,302.6,17.3,D,0
-14.775,135.3404,315.8,1.5,1.2,2014-07-06,0500,Aqua,MODIS,49,6.2,303.6,13.9,D,0
-16.1113,135.3949,334.5,1.5,1.2,2014-07-06,0500,Aqua,MODIS,85,6.2,308.6,41,D,0
-13.0953,134.3275,314.2,1.4,1.2,2014-07-06,0500,Aqua,MODIS,48,6.2,301.5,9.3,D,0
-13.2703,134.318,317.7,1.4,1.2,2014-07-06,0500,Aqua,MODIS,43,6.2,304,10,D,0
-15.4923,142.072,313.3,4.6,2,2014-07-06,0500,Aqua,MODIS,39,6.2,302,50.7,D,0
-13.068,134.9978,323.2,1.5,1.2,2014-07-06,0500,Aqua,MODIS,34,6.2,306.3,17.6,D,0
-14.3353,133.4051,320.2,1.2,1.1,2014-07-06,0500,Aqua,MODIS,64,6.2,307.7,8.8,D,0
-14.3071,133.3057,329.6,1.2,1.1,2014-07-06,0500,Aqua,MODIS,74,6.2,306.6,21.3,D,0
-14.6185,135.1028,315.1,1.5,1.2,2014-07-06,0500,Aqua,MODIS,38,6.2,302.2,10.4,D,0
-13.2456,134.1543,327.8,1.3,1.1,2014-07-06,0500,Aqua,MODIS,79,6.2,306.3,24.2,D,0
-14.3151,133.318,342,1.2,1.1,2014-07-06,0500,Aqua,MODIS,90,6.2,311.6,44.9,D,0
-13.2945,134.2327,316.5,1.4,1.2,2014-07-06,0500,Aqua,MODIS,58,6.2,305,9,D,0
-14.3167,133.3073,321.8,1.2,1.1,2014-07-06,0500,Aqua,MODIS,37,6.2,305.7,10.9,D,0
-13.2885,133.8776,316.5,1.3,1.1,2014-07-06,0500,Aqua,MODIS,50,6.2,305.3,8.2,D,0
-16.1879,136.0628,318.7,1.6,1.2,2014-07-06,0500,Aqua,MODIS,53,6.2,306.8,14.6,D,0
-14.3055,133.3164,340.8,1.2,1.1,2014-07-06,0500,Aqua,MODIS,89,6.2,309.9,42,D,0
-13.0501,134.8186,317.8,1.5,1.2,2014-07-06,0500,Aqua,MODIS,64,6.2,304,12.8,D,0
-14.3135,133.3288,332,1.2,1.1,2014-07-06,0500,Aqua,MODIS,32,6.2,311.7,24.4,D,0
-13.3287,133.8192,319.5,1.3,1.1,2014-07-06,0500,Aqua,MODIS,64,6.2,305.1,10.3,D,0
-14.3998,133.3716,327.9,1.2,1.1,2014-07-06,0500,Aqua,MODIS,77,6.2,308.1,17.8,D,0
-13.254,134.1684,318.9,1.3,1.1,2014-07-06,0500,Aqua,MODIS,52,6.2,306.6,10.2,D,0
-13.317,134.024,317.5,1.3,1.1,2014-07-06,0500,Aqua,MODIS,55,6.2,306.3,7.9,D,0
-14.4199,134.7502,314.3,1.4,1.2,2014-07-06,0500,Aqua,MODIS,41,6.2,303.5,7,D,0
-13.2599,133.995,324.3,1.3,1.1,2014-07-06,0500,Aqua,MODIS,74,6.2,306.1,18.3,D,0
-16.0081,136.644,320.1,1.8,1.3,2014-07-06,0500,Aqua,MODIS,66,6.2,305.4,19,D,0
-14.5741,135.0056,315.2,1.4,1.2,2014-07-06,0500,Aqua,MODIS,41,6.2,302,10,D,0
-14.4013,133.3775,325.6,1.2,1.1,2014-07-06,0500,Aqua,MODIS,58,6.2,307.8,14.1,D,0
-14.3181,133.3251,334.2,1.2,1.1,2014-07-06,0500,Aqua,MODIS,20,6.2,312.5,25.6,D,0
-14.3854,133.3361,327.2,1.2,1.1,2014-07-06,0500,Aqua,MODIS,76,6.2,309.6,17.2,D,0
-16.0009,136.6357,318.8,1.8,1.3,2014-07-06,0500,Aqua,MODIS,52,6.2,305,14.3,D,0
-13.6162,134.0061,331.8,1.3,1.1,2014-07-06,0500,Aqua,MODIS,82,6.2,305.2,30.9,D,0
-16.1139,135.4011,336.3,1.5,1.2,2014-07-06,0500,Aqua,MODIS,85,6.2,308.9,44.6,D,0
-14.2719,133.278,329.7,1.2,1.1,2014-07-06,0500,Aqua,MODIS,79,6.2,309.8,20.1,D,0
-14.6333,135.1473,317,1.5,1.2,2014-07-06,0500,Aqua,MODIS,42,6.2,304.1,13.1,D,0
-13.2559,134.156,324.1,1.3,1.1,2014-07-06,0500,Aqua,MODIS,74,6.2,307.8,18,D,0
-14.3277,133.3268,340.1,1.2,1.1,2014-07-06,0500,Aqua,MODIS,80,6.2,312.5,36.6,D,0
-14.2975,133.3041,338.6,1.2,1.1,2014-07-06,0500,Aqua,MODIS,87,6.2,308.1,37.2,D,0
-15.4904,136.095,318.3,1.7,1.3,2014-07-06,0500,Aqua,MODIS,59,6.2,304.7,17,D,0
-13.4966,135.131,322.4,1.5,1.2,2014-07-06,0500,Aqua,MODIS,71,6.2,304.9,22.1,D,0
-13.4721,134.2751,320.5,1.4,1.2,2014-07-06,0500,Aqua,MODIS,67,6.2,304.6,15.9,D,0
-14.7889,142.1016,313.3,4.8,2,2014-07-06,0500,Aqua,MODIS,58,6.2,297.1,72,D,0
-13.4637,134.2609,326.8,1.3,1.2,2014-07-06,0500,Aqua,MODIS,77,6.2,304.2,24.9,D,0
-13.474,134.2626,316.2,1.3,1.2,2014-07-06,0500,Aqua,MODIS,54,6.2,303.6,9.8,D,0
-15.0891,141.778,321.8,4.5,2,2014-07-06,0500,Aqua,MODIS,74,6.2,301.6,108.3,D,0
-15.0902,141.7863,320.9,4.5,2,2014-07-06,0500,Aqua,MODIS,73,6.2,301.5,106.4,D,0
-13.4375,133.3171,320.1,1.2,1.1,2014-07-06,0500,Aqua,MODIS,40,6.2,308.4,8,D,0
-13.4523,133.6795,328.2,1.2,1.1,2014-07-06,0500,Aqua,MODIS,63,6.2,306.2,21,D,0
-14.7876,142.1094,316.4,4.8,2,2014-07-06,0500,Aqua,MODIS,66,6.2,297.1,95.8,D,0
-13.4943,135.145,314.9,1.5,1.2,2014-07-06,0500,Aqua,MODIS,37,6.2,303.8,9.4,D,0
-14.4807,132.7056,324.6,1.1,1,2014-07-06,0500,Aqua,MODIS,73,6.2,307.9,13,D,0
-13.53,133.9738,318.5,1.3,1.1,2014-07-06,0500,Aqua,MODIS,20,6.2,304.3,10,D,0
-13.4658,133.6584,326.2,1.2,1.1,2014-07-06,0500,Aqua,MODIS,44,6.2,305,19.6,D,0
-13.5401,133.9754,330.9,1.3,1.1,2014-07-06,0500,Aqua,MODIS,81,6.2,304.8,30.5,D,0
-15.1076,141.79,313.8,4.5,2,2014-07-06,0500,Aqua,MODIS,35,6.2,302.3,49.2,D,0
-13.7566,134.1525,332.3,1.3,1.1,2014-07-06,0500,Aqua,MODIS,82,6.2,307.4,31.1,D,0
-13.7506,133.9384,357.6,1.3,1.1,2014-07-06,0500,Aqua,MODIS,98,6.2,307.7,96,D,0
-13.6981,132.0132,337.2,1,1,2014-07-06,0500,Aqua,MODIS,85,6.2,309.7,28.8,D,0
-13.8454,134.1129,318.9,1.3,1.1,2014-07-06,0500,Aqua,MODIS,52,6.2,305.8,9.7,D,0
-13.5401,133.7127,355.9,1.2,1.1,2014-07-06,0500,Aqua,MODIS,98,6.2,306.6,94.1,D,0
-13.55,133.7143,325.2,1.2,1.1,2014-07-06,0500,Aqua,MODIS,74,6.2,303.6,21.1,D,0
-13.5599,133.716,316.9,1.2,1.1,2014-07-06,0500,Aqua,MODIS,33,6.2,302.5,8.9,D,0
-13.7768,134.8806,320.7,1.5,1.2,2014-07-06,0500,Aqua,MODIS,68,6.2,305.1,15,D,0
-13.8203,133.0326,339.3,1.1,1.1,2014-07-06,0500,Aqua,MODIS,87,6.2,308.2,38.8,D,0
-13.8219,133.0221,331.3,1.1,1.1,2014-07-06,0500,Aqua,MODIS,80,6.2,308.6,24.7,D,0
-14.0605,130.7942,335.9,1,1,2014-07-06,0500,Aqua,MODIS,84,6.2,309.2,25.6,D,0
-14.0591,130.8034,322.7,1,1,2014-07-06,0500,Aqua,MODIS,46,6.2,307.2,9.3,D,0
-13.7589,133.9519,330.7,1.3,1.1,2014-07-06,0500,Aqua,MODIS,63,6.2,306.2,26.1,D,0
-13.5195,134.1073,321.6,1.3,1.1,2014-07-06,0500,Aqua,MODIS,55,6.2,305.5,13.2,D,0
-13.5586,134.1071,316.2,1.3,1.1,2014-07-06,0500,Aqua,MODIS,36,6.2,304.6,7.3,D,0
-13.9153,133.8001,357.2,1.2,1.1,2014-07-06,0500,Aqua,MODIS,98,6.2,309.9,93.1,D,0
-13.9135,133.8116,334.1,1.2,1.1,2014-07-06,0500,Aqua,MODIS,84,6.2,308.5,30.5,D,0
-13.6995,133.7333,324.4,1.2,1.1,2014-07-06,0500,Aqua,MODIS,72,6.2,306.2,17,D,0
-13.7826,133.7306,322.1,1.2,1.1,2014-07-06,0500,Aqua,MODIS,24,6.2,306.1,12.2,D,0
-13.6978,133.7448,321,1.2,1.1,2014-07-06,0500,Aqua,MODIS,60,6.2,306.6,12.9,D,0
-13.9234,133.8132,321.8,1.2,1.1,2014-07-06,0500,Aqua,MODIS,45,6.2,307.8,11,D,0
-13.9515,133.8297,323,1.3,1.1,2014-07-06,0500,Aqua,MODIS,49,6.2,307.4,13.4,D,0
-13.6996,133.7402,328.4,1.2,1.1,2014-07-06,0500,Aqua,MODIS,78,6.2,306.5,21.7,D,0
-16.1499,135.4496,323.4,1.5,1.2,2014-07-06,0500,Aqua,MODIS,57,6.2,307,17.7,D,0
-13.7942,133.7209,324.4,1.2,1.1,2014-07-06,0500,Aqua,MODIS,51,6.2,306.6,16,D,0
-13.795,133.715,322.6,1.2,1.1,2014-07-06,0500,Aqua,MODIS,42,6.2,306.9,13,D,0
-13.7584,133.9452,335.8,1.3,1.1,2014-07-06,0500,Aqua,MODIS,66,6.2,307.2,33.4,D,0
-13.4518,132.0058,325.8,1,1,2014-07-06,0500,Aqua,MODIS,49,6.2,306.1,12.9,D,0
-14.1407,133.4714,319.3,1.2,1.1,2014-07-06,0500,Aqua,MODIS,48,6.2,307.9,8.6,D,0
-13.4595,132.0169,333.6,1,1,2014-07-06,0500,Aqua,MODIS,66,6.2,309,22.1,D,0
-14.7491,131.2509,315.7,1,1,2014-07-06,0500,Aqua,MODIS,54,6.2,299.9,4.9,D,0
-13.6259,133.0034,323.7,1.1,1.1,2014-07-06,0500,Aqua,MODIS,68,6.2,307.8,13.1,D,0
-15.2524,131.6513,327.6,1,1,2014-07-06,0500,Aqua,MODIS,62,6.2,309.6,13.2,D,0
-13.4418,132.0732,330.8,1.1,1,2014-07-06,0500,Aqua,MODIS,77,6.2,311.7,15.8,D,0
-15.2295,131.6191,328.5,1,1,2014-07-06,0500,Aqua,MODIS,36,6.2,310.7,13.1,D,0
-13.5582,133.7274,327,1.2,1.1,2014-07-06,0500,Aqua,MODIS,76,6.2,304.9,22.4,D,0
-13.9027,134.0126,318.6,1.3,1.1,2014-07-06,0500,Aqua,MODIS,38,6.2,305.9,8.1,D,0
-13.9008,134.0246,321.1,1.3,1.1,2014-07-06,0500,Aqua,MODIS,63,6.2,307.1,11.9,D,0
-15.2191,131.627,346,1,1,2014-07-06,0500,Aqua,MODIS,92,6.2,310.8,39.8,D,0
-15.2205,131.6176,357.8,1,1,2014-07-06,0500,Aqua,MODIS,99,6.2,310.8,67.2,D,0
-15.2117,131.6202,326.5,1,1,2014-07-06,0500,Aqua,MODIS,77,6.2,309.7,15.2,D,0
-13.5482,133.7258,318.9,1.2,1.1,2014-07-06,0500,Aqua,MODIS,51,6.2,305.3,11.8,D,0
-14.1737,130.6489,325.5,1,1,2014-07-06,0500,Aqua,MODIS,39,6.2,305.3,11.9,D,0
-13.5909,133.7801,335.3,1.3,1.1,2014-07-06,0500,Aqua,MODIS,85,6.2,306.9,32.6,D,0
-13.5809,133.7784,357.1,1.3,1.1,2014-07-06,0500,Aqua,MODIS,98,6.2,309.9,93.1,D,0
-13.5827,133.7668,363.7,1.3,1.1,2014-07-06,0500,Aqua,MODIS,100,6.2,309.1,118.6,D,0
-13.7621,133.9219,330,1.3,1.1,2014-07-06,0500,Aqua,MODIS,62,6.2,305.7,22.9,D,0
-13.5709,133.7767,323.9,1.3,1.1,2014-07-06,0500,Aqua,MODIS,56,6.2,307.4,14.4,D,0
-13.4919,134.4195,325.7,1.4,1.2,2014-07-06,0500,Aqua,MODIS,76,6.2,304.8,23.2,D,0
-13.5383,133.7241,327.6,1.2,1.1,2014-07-06,0500,Aqua,MODIS,77,6.2,304.6,24.2,D,0
-14.0515,130.7928,323.1,1,1,2014-07-06,0500,Aqua,MODIS,62,6.2,305.5,9,D,0
-13.6549,133.5634,329.2,1.2,1.1,2014-07-06,0500,Aqua,MODIS,79,6.2,303.6,26.7,D,0
-13.7136,132.0353,324.2,1,1,2014-07-06,0500,Aqua,MODIS,52,6.2,308.2,10.6,D,0
-13.4939,134.4069,321,1.4,1.2,2014-07-06,0500,Aqua,MODIS,69,6.2,302.2,15.7,D,0
-13.7747,134.8941,321,1.5,1.2,2014-07-06,0500,Aqua,MODIS,68,6.2,306.9,15.9,D,0
-13.9513,134.2856,322.3,1.3,1.1,2014-07-06,0500,Aqua,MODIS,64,6.2,308.4,13.2,D,0
-13.5877,132.8064,321.4,1.1,1.1,2014-07-06,0500,Aqua,MODIS,57,6.2,308.1,9.4,D,0
-13.715,132.0257,337.8,1,1,2014-07-06,0500,Aqua,MODIS,86,6.2,308.7,29.8,D,0
-13.7058,132.0243,355,1,1,2014-07-06,0500,Aqua,MODIS,97,6.2,314,65.2,D,0
-13.7073,132.0147,342.5,1,1,2014-07-06,0500,Aqua,MODIS,90,6.2,310,38,D,0
-13.5926,133.7685,330.7,1.3,1.1,2014-07-06,0500,Aqua,MODIS,61,6.2,306.5,24.5,D,0
-13.7078,132.0737,323.8,1,1,2014-07-06,0500,Aqua,MODIS,38,6.2,309.3,10.1,D,0
-13.4504,132.0154,331.9,1,1,2014-07-06,0500,Aqua,MODIS,21,6.2,311.2,18.6,D,0
-13.4489,132.025,355.6,1.1,1,2014-07-06,0500,Aqua,MODIS,97,6.2,312.3,62.4,D,0
-13.4475,132.0347,335.8,1.1,1,2014-07-06,0500,Aqua,MODIS,65,6.2,308.6,20.9,D,0
-13.671,132.9324,327.7,1.1,1.1,2014-07-06,0500,Aqua,MODIS,76,6.2,309.9,16.1,D,0
-14.131,133.4698,328.4,1.2,1.1,2014-07-06,0500,Aqua,MODIS,77,6.2,306.5,21.4,D,0
-16.049,136.3368,322.7,1.7,1.3,2014-07-06,0500,Aqua,MODIS,71,6.2,306.5,22.9,D,0
-16.0512,136.3303,322.3,1.7,1.3,2014-07-06,0500,Aqua,MODIS,69,6.2,306.2,21.3,D,0
-14.1148,133.2942,317,1.2,1.1,2014-07-06,0500,Aqua,MODIS,41,6.2,306.6,5.7,D,0
-13.7107,134.2643,318.7,1.3,1.1,2014-07-06,0500,Aqua,MODIS,46,6.2,304.9,10.5,D,0
-13.7088,134.2766,317.9,1.3,1.1,2014-07-06,0500,Aqua,MODIS,38,6.2,304.3,9.4,D,0
-13.7167,134.2708,318.8,1.3,1.1,2014-07-06,0500,Aqua,MODIS,22,6.2,305.5,10.1,D,0
-13.6866,133.9518,330,1.3,1.1,2014-07-06,0500,Aqua,MODIS,79,6.2,306.5,25.1,D,0
-13.6967,133.9536,321.8,1.3,1.1,2014-07-06,0500,Aqua,MODIS,36,6.2,306.3,12.2,D,0
-13.6631,132.9205,321.1,1.1,1.1,2014-07-06,0500,Aqua,MODIS,36,6.2,307.6,7.8,D,0
-13.7632,133.8569,324.7,1.3,1.1,2014-07-06,0500,Aqua,MODIS,73,6.2,306.7,18.3,D,0
-14.1834,133.3231,322.1,1.2,1.1,2014-07-06,0500,Aqua,MODIS,52,6.2,306.7,10.8,D,0
-13.7614,133.8686,315.8,1.3,1.1,2014-07-06,0500,Aqua,MODIS,26,6.2,303.7,6.1,D,0
-13.4432,132.0636,328,1.1,1,2014-07-06,0500,Aqua,MODIS,47,6.2,309.7,11.7,D,0
-13.7867,133.9621,324.1,1.3,1.1,2014-07-06,0500,Aqua,MODIS,49,6.2,309.2,13.8,D,0
-13.6758,132.0533,322.7,1,1,2014-07-06,0500,Aqua,MODIS,66,6.2,308.1,9.4,D,0
-13.6987,132.0723,322.3,1,1,2014-07-06,0500,Aqua,MODIS,26,6.2,307.3,8.2,D,0
-13.93,133.9691,321.7,1.3,1.1,2014-07-06,0500,Aqua,MODIS,23,6.2,307.7,10.5,D,0
-13.621,132.9069,328.3,1.1,1.1,2014-07-06,0500,Aqua,MODIS,64,6.2,309.5,16.8,D,0
-13.5974,133.7987,320.7,1.3,1.1,2014-07-06,0500,Aqua,MODIS,52,6.2,306.2,11,D,0
-13.9416,133.9528,320.1,1.3,1.1,2014-07-06,0500,Aqua,MODIS,17,6.2,306.7,10,D,0
-13.5683,133.8597,322.5,1.3,1.1,2014-07-06,0500,Aqua,MODIS,70,6.2,305.7,15,D,0
-13.5701,133.848,327.8,1.3,1.1,2014-07-06,0500,Aqua,MODIS,78,6.2,307.7,22.7,D,0
-13.5419,133.9637,316.9,1.3,1.1,2014-07-06,0500,Aqua,MODIS,24,6.2,302.6,8.6,D,0
-13.7766,133.9604,327.2,1.3,1.1,2014-07-06,0500,Aqua,MODIS,59,6.2,308.5,18.9,D,0
-13.7875,134.0228,327.8,1.3,1.1,2014-07-06,0500,Aqua,MODIS,71,6.2,307.3,22.7,D,0
-13.7774,134.0211,323.2,1.3,1.1,2014-07-06,0500,Aqua,MODIS,44,6.2,305.6,15.2,D,0
-13.7893,134.011,325.5,1.3,1.1,2014-07-06,0500,Aqua,MODIS,57,6.2,309.1,17.9,D,0
-13.7792,134.0093,346.9,1.3,1.1,2014-07-06,0500,Aqua,MODIS,93,6.2,307.7,65.6,D,0
-13.7524,133.9267,362.4,1.3,1.1,2014-07-06,0500,Aqua,MODIS,100,6.2,309.2,114.6,D,0
-13.7546,134.1646,329.3,1.3,1.1,2014-07-06,0500,Aqua,MODIS,79,6.2,306.7,26,D,0
-14.0163,130.0007,316.6,1,1,2014-07-06,0500,Aqua,MODIS,15,6.2,304.3,6.4,D,0
-15.4444,127.7985,321.1,1.3,1.1,2014-07-06,0500,Aqua,MODIS,67,6.2,303,15,D,0
-15.4428,127.8104,337,1.3,1.1,2014-07-06,0500,Aqua,MODIS,86,6.2,304,43.7,D,0
-14.609,132.7594,324,1.1,1,2014-07-06,0500,Aqua,MODIS,73,6.2,303.3,13.2,D,0
-15.2935,127.4697,322.7,1.3,1.1,2014-07-06,0500,Aqua,MODIS,44,6.2,305.7,14.4,D,0
-15.2628,127.9405,319.4,1.3,1.1,2014-07-06,0500,Aqua,MODIS,0,6.2,306.9,10.9,D,0
-15.4436,127.8829,327.6,1.3,1.1,2014-07-06,0500,Aqua,MODIS,59,6.2,304.2,20.6,D,0
-14.5654,130.2151,314.8,1,1,2014-07-06,0500,Aqua,MODIS,40,6.2,291.1,6.4,D,0
-14.5577,130.2044,315.4,1,1,2014-07-06,0500,Aqua,MODIS,36,6.2,292.4,6,D,0
-15.4451,127.8711,336.7,1.3,1.1,2014-07-06,0500,Aqua,MODIS,83,6.2,304.8,38.3,D,0
-14.1961,127.132,320,1.4,1.2,2014-07-06,0500,Aqua,MODIS,48,6.2,303.3,11.8,D,0
-15.4327,127.8091,372.7,1.3,1.1,2014-07-06,0500,Aqua,MODIS,100,6.2,311.3,167.1,D,0
-15.4311,127.8211,365.7,1.3,1.1,2014-07-06,0500,Aqua,MODIS,100,6.2,311.1,132.6,D,0
-15.4296,127.8331,351.8,1.3,1.1,2014-07-06,0500,Aqua,MODIS,96,6.2,309.6,81.1,D,0
-15.4258,127.94,321,1.3,1.1,2014-07-06,0500,Aqua,MODIS,33,6.2,306.6,9.3,D,0
-15.428,127.8452,321.9,1.3,1.1,2014-07-06,0500,Aqua,MODIS,64,6.2,306.6,13.4,D,0
-15.4413,127.8224,328.2,1.3,1.1,2014-07-06,0500,Aqua,MODIS,75,6.2,305.5,24.4,D,0
-15.4397,127.8344,328.3,1.3,1.1,2014-07-06,0500,Aqua,MODIS,78,6.2,308.2,24.4,D,0
-14.7209,126.2187,328.2,1.6,1.2,2014-07-06,0500,Aqua,MODIS,72,6.2,301.7,33.5,D,0
-14.7432,126.2288,321.5,1.6,1.2,2014-07-06,0500,Aqua,MODIS,55,6.2,301.7,21.9,D,0
-15.4381,127.8464,339.6,1.3,1.1,2014-07-06,0500,Aqua,MODIS,88,6.2,308.7,46.3,D,0
-14.497,130.243,338.9,1,1,2014-07-06,0500,Aqua,MODIS,89,6.2,302.6,32.7,D,0
-14.4983,130.2337,326.2,1,1,2014-07-06,0500,Aqua,MODIS,79,6.2,302.3,14.7,D,0
-15.5194,129.3714,318.9,1.1,1,2014-07-06,0500,Aqua,MODIS,48,6.2,305.5,7.9,D,0
-15.5576,129.342,330.1,1.1,1,2014-07-06,0500,Aqua,MODIS,79,6.2,307.8,19.3,D,0
-15.5669,129.3432,319.4,1.1,1,2014-07-06,0500,Aqua,MODIS,48,6.2,306.1,6.5,D,0
-13.8608,130.1271,322.7,1,1,2014-07-06,0500,Aqua,MODIS,59,6.2,308.4,9.1,D,0
-14.9272,126.1217,319,1.6,1.3,2014-07-06,0500,Aqua,MODIS,59,6.2,301,16.9,D,0
-15.4366,127.8582,337.3,1.3,1.1,2014-07-06,0500,Aqua,MODIS,86,6.2,308.9,40.3,D,0
-15.4343,127.7971,330.1,1.3,1.1,2014-07-06,0500,Aqua,MODIS,80,6.2,305.6,28,D,0
-14.1366,130.646,323.3,1,1,2014-07-06,0500,Aqua,MODIS,47,6.2,304.6,9.9,D,0
-14.7391,130.0235,330.9,1,1,2014-07-06,0500,Aqua,MODIS,83,6.2,299.1,22.9,D,0
-14.7429,130.0626,323.3,1,1,2014-07-06,0500,Aqua,MODIS,26,6.2,301.2,11.5,D,0
-15.5043,128.3566,328.1,1.2,1.1,2014-07-06,0500,Aqua,MODIS,77,6.2,307.5,21.4,D,0
-14.1456,130.6474,345.8,1,1,2014-07-06,0500,Aqua,MODIS,92,6.2,310.8,42.9,D,0
-14.1443,130.6566,327.8,1,1,2014-07-06,0500,Aqua,MODIS,47,6.2,306.2,15.3,D,0
-13.851,129.8014,319,1,1,2014-07-06,0500,Aqua,MODIS,49,6.2,304.5,8.2,D,0
-13.8497,129.8107,322.4,1,1,2014-07-06,0500,Aqua,MODIS,67,6.2,304.4,12,D,0
-14.1634,130.6568,324.3,1,1,2014-07-06,0500,Aqua,MODIS,31,6.2,307.1,11.4,D,0
-15.6456,127.038,316.1,1.4,1.2,2014-07-06,0500,Aqua,MODIS,52,6.2,304.8,8.9,D,0
-15.6488,127.0438,317.5,1.4,1.2,2014-07-06,0500,Aqua,MODIS,59,6.2,305.9,11,D,0
-15.284,127.5431,326.7,1.3,1.1,2014-07-06,0500,Aqua,MODIS,76,6.2,306.9,20.6,D,0
-14.1709,127.0328,324.3,1.4,1.2,2014-07-06,0500,Aqua,MODIS,60,6.2,303.6,19.9,D,0
-14.1692,127.0455,328.3,1.4,1.2,2014-07-06,0500,Aqua,MODIS,78,6.2,304,26.1,D,0
-14.0892,130.0086,322.9,1,1,2014-07-06,0500,Aqua,MODIS,52,6.2,308.9,12.7,D,0
-13.8024,129.8268,327.5,1,1,2014-07-06,0500,Aqua,MODIS,65,6.2,303,17.9,D,0
-14.2928,129.6687,352.3,1,1,2014-07-06,0500,Aqua,MODIS,96,6.2,307,61.6,D,0
-16.1656,127.7249,330.7,1.3,1.1,2014-07-06,0500,Aqua,MODIS,60,6.2,305.2,26.5,D,0
-17.0433,122.6103,326.3,3.2,1.7,2014-07-06,0500,Aqua,MODIS,78,6.2,303.6,99.4,D,0
-14.7379,126.2732,326,1.6,1.2,2014-07-06,0500,Aqua,MODIS,67,6.2,303.7,29.2,D,0
-14.7397,126.2585,346.9,1.6,1.2,2014-07-06,0500,Aqua,MODIS,93,6.2,305.8,90.6,D,0
-14.7414,126.2437,346.1,1.6,1.2,2014-07-06,0500,Aqua,MODIS,93,6.2,305.3,90.6,D,0
-17.0472,122.6062,328.6,3.2,1.7,2014-07-06,0500,Aqua,MODIS,80,6.2,303.3,114.3,D,0
-14.3889,129.7632,324.8,1,1,2014-07-06,0500,Aqua,MODIS,61,6.2,301.3,14.1,D,0
-14.7376,126.2662,334.1,1.6,1.2,2014-07-06,0500,Aqua,MODIS,84,6.2,304.6,48.2,D,0
-16.0327,127.726,343,1.3,1.1,2014-07-06,0500,Aqua,MODIS,90,6.2,306.2,57.3,D,0
-14.7414,126.2366,332.7,1.6,1.2,2014-07-06,0500,Aqua,MODIS,83,6.2,303.9,44.9,D,0
-16.0312,127.7384,334.5,1.3,1.1,2014-07-06,0500,Aqua,MODIS,84,6.2,306.9,36.6,D,0
-16.0399,127.7522,322.8,1.3,1.1,2014-07-06,0500,Aqua,MODIS,63,6.2,307.7,14.2,D,0
-16.0455,127.7901,322.7,1.3,1.1,2014-07-06,0500,Aqua,MODIS,58,6.2,307.9,12.7,D,0
-14.7302,126.2351,328.3,1.6,1.2,2014-07-06,0500,Aqua,MODIS,79,6.2,303.8,33.4,D,0
-17.6564,122.2596,322.2,3.5,1.8,2014-07-06,0500,Aqua,MODIS,67,6.2,303.1,73.8,D,0
-16.1679,127.7881,332.8,1.3,1.1,2014-07-06,0500,Aqua,MODIS,64,6.2,307.4,30,D,0
-16.1609,127.7619,354.4,1.3,1.1,2014-07-06,0500,Aqua,MODIS,97,6.2,314.7,87.2,D,0
-17.6758,122.2277,328.3,3.5,1.8,2014-07-06,0500,Aqua,MODIS,52,6.2,301.9,111.5,D,0
-17.6524,122.2304,322.4,3.5,1.8,2014-07-06,0500,Aqua,MODIS,48,6.2,308.2,76.9,D,0
-16.1711,127.7634,367,1.3,1.1,2014-07-06,0500,Aqua,MODIS,100,6.2,309,140.7,D,0
-17.6492,122.2638,318.6,3.5,1.8,2014-07-06,0500,Aqua,MODIS,58,6.2,303.9,55.7,D,0
-17.6684,122.232,337.4,3.5,1.8,2014-07-06,0500,Aqua,MODIS,65,6.2,305.8,190.5,D,0
-14.2282,130.0637,322.7,1,1,2014-07-06,0500,Aqua,MODIS,40,6.2,309.7,7.7,D,0
-14.2296,130.0543,351.7,1,1,2014-07-06,0500,Aqua,MODIS,95,6.2,310.3,55,D,0
-17.6599,122.2262,333.6,3.5,1.8,2014-07-06,0500,Aqua,MODIS,64,6.2,309.2,155.5,D,0
-14.1892,130.6042,317.4,1,1,2014-07-06,0500,Aqua,MODIS,29,6.2,306,4.5,D,0
-14.1905,130.595,319,1,1,2014-07-06,0500,Aqua,MODIS,46,6.2,306.4,5.5,D,0
-16.1276,127.6943,340,1.3,1.1,2014-07-06,0500,Aqua,MODIS,88,6.2,307.8,47.4,D,0
-16.1292,127.6822,324,1.3,1.1,2014-07-06,0500,Aqua,MODIS,65,6.2,305.7,15.4,D,0
-14.175,130.6397,325.9,1,1,2014-07-06,0500,Aqua,MODIS,57,6.2,305.3,12.5,D,0
-14.1763,130.6305,325.7,1,1,2014-07-06,0500,Aqua,MODIS,65,6.2,305.4,12.5,D,0
-14.1776,130.6213,328.5,1,1,2014-07-06,0500,Aqua,MODIS,77,6.2,306.5,16,D,0
-14.2526,129.4174,318.6,1.1,1,2014-07-06,0500,Aqua,MODIS,0,6.2,304.8,7.4,D,0
-14.3654,129.7445,324.6,1,1,2014-07-06,0500,Aqua,MODIS,73,6.2,297,15.7,D,0
-14.4007,129.7455,322,1,1,2014-07-06,0500,Aqua,MODIS,62,6.2,299.5,11.3,D,0
-15.9013,128.6788,318,1.2,1.1,2014-07-06,0500,Aqua,MODIS,32,6.2,306.8,5.9,D,0
-14.3003,129.6765,324.6,1,1,2014-07-06,0500,Aqua,MODIS,72,6.2,304.7,12.9,D,0
-16.1695,127.7757,334.3,1.3,1.1,2014-07-06,0500,Aqua,MODIS,48,6.2,306.6,31.4,D,0
-16.4567,122.9177,316,3,1.6,2014-07-06,0500,Aqua,MODIS,0,6.2,301.3,42.9,D,0
-14.7395,126.2515,349.6,1.6,1.2,2014-07-06,0500,Aqua,MODIS,95,6.2,306.4,100.5,D,0
-17.0504,122.5759,315,3.2,1.7,2014-07-06,0500,Aqua,MODIS,56,6.2,301.9,38.2,D,0
-17.0462,122.5799,320.2,3.2,1.7,2014-07-06,0500,Aqua,MODIS,69,6.2,302.4,64.1,D,0
-16.1624,127.7496,375.7,1.3,1.1,2014-07-06,0500,Aqua,MODIS,100,6.2,314.5,184.1,D,0
-16.164,127.7374,339.9,1.3,1.1,2014-07-06,0500,Aqua,MODIS,80,6.2,308.7,46.6,D,0
-14.2941,129.6592,341.4,1,1,2014-07-06,0500,Aqua,MODIS,89,6.2,303.8,39.4,D,0
-14.3016,129.667,369.9,1,1,2014-07-06,0500,Aqua,MODIS,100,6.2,306.3,112.5,D,0
-11.7719,130.5217,320.1,1,1,2014-07-06,0501,Aqua,MODIS,62,6.2,301.7,10.5,D,0
-11.4747,130.2263,348.1,1,1,2014-07-06,0501,Aqua,MODIS,94,6.2,307.7,49.9,D,0
-11.5202,130.5459,350.8,1,1,2014-07-06,0501,Aqua,MODIS,95,6.2,308.2,55,D,0
-11.4828,130.5533,318.1,1,1,2014-07-06,0501,Aqua,MODIS,47,6.2,303.4,8.3,D,0
-13.3384,130.5078,333.2,1,1,2014-07-06,0501,Aqua,MODIS,81,6.2,307.5,21.7,D,0
-11.5189,130.5551,371.2,1,1,2014-07-06,0501,Aqua,MODIS,100,6.2,309.3,111.2,D,0
-13.3348,130.4042,351.3,1,1,2014-07-06,0501,Aqua,MODIS,95,6.2,307.1,54.7,D,0
-11.5265,130.5656,318.6,1,1,2014-07-06,0501,Aqua,MODIS,58,6.2,306.6,8.2,D,0
-11.5175,130.5642,330.2,1,1,2014-07-06,0501,Aqua,MODIS,82,6.2,305.7,20.4,D,0
-11.4455,130.557,313.3,1,1,2014-07-06,0501,Aqua,MODIS,47,6.2,302.5,5.8,D,0
-13.3473,130.5092,324.9,1,1,2014-07-06,0501,Aqua,MODIS,63,6.2,309,12,D,0
-13.3421,130.5459,324.7,1,1,2014-07-06,0501,Aqua,MODIS,69,6.2,308.8,11.9,D,0
-11.7706,130.5308,344,1,1,2014-07-06,0501,Aqua,MODIS,92,6.2,303.3,42.3,D,0
-13.35,130.5527,323.3,1,1,2014-07-06,0501,Aqua,MODIS,17,6.2,309.4,8.4,D,0
-11.4773,130.2081,318.1,1,1,2014-07-06,0501,Aqua,MODIS,66,6.2,305.4,8,D,0
-11.476,130.2172,365.5,1,1,2014-07-06,0501,Aqua,MODIS,100,6.2,309.5,93.7,D,0
-13.4014,130.5137,327,1,1,2014-07-06,0501,Aqua,MODIS,28,6.2,307.4,12.8,D,0
-11.3001,132.2928,331.9,1.1,1.1,2014-07-06,0501,Aqua,MODIS,78,6.2,303.9,22.8,D,0
-11.2796,132.3,340.5,1.1,1.1,2014-07-06,0501,Aqua,MODIS,84,6.2,306.2,39.7,D,0
-11.2906,132.2913,333.5,1.1,1.1,2014-07-06,0501,Aqua,MODIS,68,6.2,302.4,25.4,D,0
-12.6375,132.1599,322.3,1.1,1,2014-07-06,0501,Aqua,MODIS,38,6.2,309,9.4,D,0
-11.3489,132.3909,319.3,1.1,1.1,2014-07-06,0501,Aqua,MODIS,57,6.2,305.4,9.2,D,0
-11.3059,131.9352,359.6,1.1,1,2014-07-06,0501,Aqua,MODIS,75,6.2,308.4,84.5,D,0
-11.2998,131.9384,334,1.1,1,2014-07-06,0501,Aqua,MODIS,80,6.2,304.8,29.4,D,0
-11.3016,132.2826,324.6,1.1,1.1,2014-07-06,0501,Aqua,MODIS,41,6.2,306.5,12.8,D,0
-11.2891,132.3015,416.2,1.1,1.1,2014-07-06,0501,Aqua,MODIS,100,6.2,321,416.3,D,0
-11.5921,133.0762,321.2,1.2,1.1,2014-07-06,0501,Aqua,MODIS,27,6.2,303,12.9,D,0
-12.2691,132.5878,333.6,1.1,1.1,2014-07-06,0501,Aqua,MODIS,83,6.2,307.3,29.9,D,0
-12.3699,132.5256,321.1,1.1,1.1,2014-07-06,0501,Aqua,MODIS,59,6.2,308.5,7.5,D,0
-13.432,132.0125,351.3,1,1,2014-07-06,0501,Aqua,MODIS,95,6.2,308.1,55.1,D,0
-13.4306,132.0221,346.4,1.1,1,2014-07-06,0501,Aqua,MODIS,92,6.2,311.2,42.6,D,0
-13.4291,132.0318,328.2,1.1,1,2014-07-06,0501,Aqua,MODIS,56,6.2,310.6,12.8,D,0
-13.4412,132.014,358.4,1,1,2014-07-06,0501,Aqua,MODIS,99,6.2,311.5,73,D,0
-13.4398,132.0236,356.7,1.1,1,2014-07-06,0501,Aqua,MODIS,98,6.2,311.4,65.5,D,0
-13.3304,132.1982,332.4,1.1,1,2014-07-06,0501,Aqua,MODIS,80,6.2,311.4,18.2,D,0
-11.2542,131.861,368.6,1.1,1,2014-07-06,0501,Aqua,MODIS,75,6.2,305.1,113.1,D,0
-11.2527,131.8708,362.5,1.1,1,2014-07-06,0501,Aqua,MODIS,100,6.2,308.1,90.7,D,0
-11.2512,131.8806,332.6,1.1,1,2014-07-06,0501,Aqua,MODIS,67,6.2,306.9,22,D,0
-11.2634,131.8625,385.6,1.1,1,2014-07-06,0501,Aqua,MODIS,75,6.2,309.5,185.1,D,0
-11.262,131.8722,339.9,1.1,1,2014-07-06,0501,Aqua,MODIS,89,6.2,306,33.7,D,0
-11.2727,131.8639,333.9,1.1,1,2014-07-06,0501,Aqua,MODIS,38,6.2,306.5,22.9,D,0
-13.4282,132.1007,333.4,1.1,1,2014-07-06,0501,Aqua,MODIS,82,6.2,310.4,20.3,D,0
-13.4297,132.0911,334.7,1.1,1,2014-07-06,0501,Aqua,MODIS,81,6.2,308.8,21.2,D,0
-11.6485,132.9059,331.2,1.2,1.1,2014-07-06,0501,Aqua,MODIS,84,6.2,306.1,27,D,0
-12.7943,131.2179,319,1,1,2014-07-06,0501,Aqua,MODIS,53,6.2,308.2,6.8,D,0
-13.4176,132.109,333,1.1,1,2014-07-06,0501,Aqua,MODIS,81,6.2,312.1,18.5,D,0
-11.2405,131.889,332.2,1.1,1,2014-07-06,0501,Aqua,MODIS,44,6.2,305.6,20.9,D,0
-13.4268,132.1105,328.2,1.1,1,2014-07-06,0501,Aqua,MODIS,62,6.2,310.4,13.1,D,0
-11.6516,132.9509,321.3,1.2,1.1,2014-07-06,0501,Aqua,MODIS,74,6.2,303.1,14.7,D,0
-11.6499,132.9618,317.6,1.2,1.1,2014-07-06,0501,Aqua,MODIS,50,6.2,303.5,9,D,0
-13.5994,130.8064,321.2,1,1,2014-07-06,0501,Aqua,MODIS,31,6.2,308.2,6.7,D,0
-13.2158,131.7933,322.5,1,1,2014-07-06,0501,Aqua,MODIS,42,6.2,311.3,5.1,D,0
-13.6254,130.6885,327.3,1,1,2014-07-06,0501,Aqua,MODIS,75,6.2,308.5,11.3,D,0
-13.6344,130.6898,328.1,1,1,2014-07-06,0501,Aqua,MODIS,76,6.2,310,12.6,D,0
-12.3296,134.7176,319.3,1.5,1.2,2014-07-06,0501,Aqua,MODIS,66,6.2,302.8,18.6,D,0
-13.4157,131.7494,327,1,1,2014-07-06,0501,Aqua,MODIS,73,6.2,310,11.2,D,0
-11.6793,132.8997,344.8,1.2,1.1,2014-07-06,0501,Aqua,MODIS,93,6.2,306.1,51.1,D,0
-12.9762,132.5929,321.2,1.1,1.1,2014-07-06,0501,Aqua,MODIS,43,6.2,310.6,8.3,D,0
-11.6891,132.9013,325.7,1.2,1.1,2014-07-06,0501,Aqua,MODIS,45,6.2,308.4,16,D,0
-11.3029,131.9549,336.1,1.1,1,2014-07-06,0501,Aqua,MODIS,82,6.2,306.7,31.2,D,0
-11.3122,131.9563,331.4,1.1,1,2014-07-06,0501,Aqua,MODIS,72,6.2,307.4,24.5,D,0
-12.3119,134.9066,322.8,1.6,1.2,2014-07-06,0501,Aqua,MODIS,73,6.2,301.9,25.5,D,0
-12.2047,134.9201,319.8,1.6,1.2,2014-07-06,0501,Aqua,MODIS,52,6.2,305.9,14.3,D,0
-12.207,134.9059,320.5,1.6,1.2,2014-07-06,0501,Aqua,MODIS,57,6.2,304.8,15.7,D,0
-11.554,132.9172,319.2,1.2,1.1,2014-07-06,0501,Aqua,MODIS,71,6.2,304.2,12.3,D,0
-12.2121,132.6423,320.6,1.1,1.1,2014-07-06,0501,Aqua,MODIS,14,6.2,307.6,9.7,D,0
-12.2067,132.6454,319.6,1.1,1.1,2014-07-06,0501,Aqua,MODIS,26,6.2,308.1,8.9,D,0
-11.681,132.8889,347.9,1.2,1.1,2014-07-06,0501,Aqua,MODIS,94,6.2,308.3,56.6,D,0
-12.2082,132.635,338.6,1.1,1.1,2014-07-06,0501,Aqua,MODIS,87,6.2,308.4,39,D,0
-11.5523,132.9281,318.4,1.2,1.1,2014-07-06,0501,Aqua,MODIS,69,6.2,302.3,11.4,D,0
-12.1971,132.6439,352.8,1.1,1.1,2014-07-06,0501,Aqua,MODIS,96,6.2,307.4,70.7,D,0
-12.1987,132.6335,376.8,1.1,1.1,2014-07-06,0501,Aqua,MODIS,100,6.2,312.2,159,D,0
-12.2002,132.6231,384,1.1,1.1,2014-07-06,0501,Aqua,MODIS,100,6.2,312.5,194.9,D,0
-11.3096,132.2942,326.7,1.1,1.1,2014-07-06,0501,Aqua,MODIS,65,6.2,307.3,15.1,D,0
-11.2986,132.303,360.8,1.1,1.1,2014-07-06,0501,Aqua,MODIS,100,6.2,306.5,88.8,D,0
-12.8183,132.4827,324.2,1.1,1,2014-07-06,0501,Aqua,MODIS,38,6.2,310.8,11.8,D,0
-11.8711,133.7117,329,1.3,1.1,2014-07-06,0501,Aqua,MODIS,62,6.2,304.4,21.3,D,0
-12.3142,134.8868,313.8,1.6,1.2,2014-07-06,0501,Aqua,MODIS,39,6.2,301.3,10.2,D,0
-12.6674,132.9283,326.8,1.2,1.1,2014-07-06,0501,Aqua,MODIS,43,6.2,309.4,15.6,D,0
-12.2719,134.0839,319.3,1.4,1.2,2014-07-06,0501,Aqua,MODIS,63,6.2,302.9,15.8,D,0
-11.9673,134.0857,323.1,1.4,1.2,2014-07-06,0501,Aqua,MODIS,37,6.2,304.1,16.9,D,0
-12.4986,134.8927,331.8,1.5,1.2,2014-07-06,0501,Aqua,MODIS,83,6.2,302.1,42.8,D,0
-11.9388,133.9277,334.3,1.4,1.2,2014-07-06,0501,Aqua,MODIS,84,6.2,303,40.6,D,0
-12.3995,131.1449,344.7,1,1,2014-07-06,0501,Aqua,MODIS,92,6.2,306.9,42.9,D,0
-12.9198,134.2726,315,1.4,1.2,2014-07-06,0501,Aqua,MODIS,54,6.2,303,10.2,D,0
-12.8674,133.3002,318.7,1.2,1.1,2014-07-06,0501,Aqua,MODIS,31,6.2,304.1,8.8,D,0
-12.9473,132.4885,323.2,1.1,1,2014-07-06,0501,Aqua,MODIS,66,6.2,308.8,11.4,D,0
-11.9857,134.0826,323.9,1.4,1.2,2014-07-06,0501,Aqua,MODIS,63,6.2,304.9,19.9,D,0
-12.716,134.8271,315.9,1.5,1.2,2014-07-06,0501,Aqua,MODIS,20,6.2,302.8,9.9,D,0
-12.1933,133.9381,319.1,1.3,1.1,2014-07-06,0501,Aqua,MODIS,48,6.2,304.7,10.4,D,0
-12.5754,134.8336,336.8,1.5,1.2,2014-07-06,0501,Aqua,MODIS,70,6.2,302.3,51.2,D,0
-12.3084,133.988,319.9,1.3,1.2,2014-07-06,0501,Aqua,MODIS,65,6.2,304.2,12.3,D,0
-12.5072,134.9089,321,1.5,1.2,2014-07-06,0501,Aqua,MODIS,41,6.2,300.2,21.4,D,0
-12.6736,134.8006,342.9,1.5,1.2,2014-07-06,0501,Aqua,MODIS,91,6.2,303.2,67.1,D,0
-12.6845,134.8024,356.1,1.5,1.2,2014-07-06,0501,Aqua,MODIS,98,6.2,305.6,120.5,D,0
-12.4983,134.8866,321.7,1.5,1.2,2014-07-06,0501,Aqua,MODIS,66,6.2,301.5,21.7,D,0
-12.665,134.7849,328.3,1.5,1.2,2014-07-06,0501,Aqua,MODIS,49,6.2,304.1,29.5,D,0
-12.3805,131.0852,322.5,1,1,2014-07-06,0501,Aqua,MODIS,60,6.2,309.3,12.4,D,0
-11.9491,133.9295,317.8,1.4,1.2,2014-07-06,0501,Aqua,MODIS,24,6.2,304.6,10.8,D,0
-11.7792,133.8388,318.3,1.3,1.1,2014-07-06,0501,Aqua,MODIS,57,6.2,304.2,12.5,D,0
-12.1133,134.5023,330,1.5,1.2,2014-07-06,0501,Aqua,MODIS,80,6.2,303.6,35.3,D,0
-11.9796,134.0748,342.6,1.4,1.2,2014-07-06,0501,Aqua,MODIS,90,6.2,304.4,58.3,D,0
-12.2279,131.059,342.5,1,1,2014-07-06,0501,Aqua,MODIS,91,6.2,310.3,37.9,D,0
-12.8576,133.2985,323.5,1.2,1.1,2014-07-06,0501,Aqua,MODIS,70,6.2,306,15.6,D,0
-12.317,133.4148,326.9,1.2,1.1,2014-07-06,0501,Aqua,MODIS,76,6.2,308.9,16.7,D,0
-13.0301,134.2195,318.8,1.4,1.2,2014-07-06,0501,Aqua,MODIS,65,6.2,302.4,14.7,D,0
-13.0385,134.2337,325.6,1.4,1.2,2014-07-06,0501,Aqua,MODIS,76,6.2,304.4,24.8,D,0
-11.8749,133.6878,328.7,1.3,1.1,2014-07-06,0501,Aqua,MODIS,60,6.2,303,24,D,0
-11.9478,134.0054,328.3,1.4,1.2,2014-07-06,0501,Aqua,MODIS,65,6.2,304.7,24,D,0
-12.329,134.1966,325.6,1.4,1.2,2014-07-06,0501,Aqua,MODIS,31,6.2,305.7,20.5,D,0
-12.0914,134.2626,319.5,1.4,1.2,2014-07-06,0501,Aqua,MODIS,61,6.2,302.5,14.9,D,0
-12.4521,132.725,335.9,1.1,1.1,2014-07-06,0501,Aqua,MODIS,85,6.2,307.3,28.8,D,0
-12.2222,133.2316,321.4,1.2,1.1,2014-07-06,0501,Aqua,MODIS,66,6.2,310,10.5,D,0
-12.3981,131.1541,350.9,1,1,2014-07-06,0501,Aqua,MODIS,95,6.2,309.6,55.6,D,0
-12.0894,134.2755,325.4,1.4,1.2,2014-07-06,0501,Aqua,MODIS,73,6.2,303.2,25.7,D,0
-12.1963,133.9318,328.8,1.3,1.1,2014-07-06,0501,Aqua,MODIS,78,6.2,306.3,26.6,D,0
-12.0516,134.0036,324.3,1.4,1.2,2014-07-06,0501,Aqua,MODIS,61,6.2,305.7,15.9,D,0
-12.2576,133.9995,331,1.4,1.2,2014-07-06,0501,Aqua,MODIS,81,6.2,307.8,30.5,D,0
-12.1011,134.1332,319.2,1.4,1.2,2014-07-06,0501,Aqua,MODIS,36,6.2,304.6,13,D,0
-12.8584,132.7568,328.6,1.1,1.1,2014-07-06,0501,Aqua,MODIS,77,6.2,305.7,20.4,D,0
-12.1952,133.9259,330.1,1.3,1.1,2014-07-06,0501,Aqua,MODIS,80,6.2,306.3,28.4,D,0
-12.5015,130.7625,331.3,1,1,2014-07-06,0501,Aqua,MODIS,0,6.2,305.8,21,D,0
-12.5069,134.903,330.3,1.5,1.2,2014-07-06,0501,Aqua,MODIS,75,6.2,301.8,40.2,D,0
-13.0193,130.7403,325,1,1,2014-07-06,0501,Aqua,MODIS,55,6.2,313.1,9.3,D,0
-12.0121,133.9845,320,1.4,1.2,2014-07-06,0501,Aqua,MODIS,46,6.2,303.5,11.6,D,0
-12.7835,132.481,337.9,1.1,1,2014-07-06,0501,Aqua,MODIS,86,6.2,310.3,35.6,D,0
-11.84,133.7864,319.6,1.3,1.1,2014-07-06,0501,Aqua,MODIS,61,6.2,302.2,11.5,D,0
-12.5646,134.8318,323,1.5,1.2,2014-07-06,0501,Aqua,MODIS,37,6.2,301.3,21.2,D,0
-12.496,134.901,321.8,1.5,1.2,2014-07-06,0501,Aqua,MODIS,63,6.2,301.7,22.6,D,0
-12.3186,134.1949,332.8,1.4,1.2,2014-07-06,0501,Aqua,MODIS,76,6.2,303.4,36.3,D,0
-11.9777,134.0874,343.1,1.4,1.2,2014-07-06,0501,Aqua,MODIS,90,6.2,305.6,59.9,D,0
-11.9692,134.0732,327.8,1.4,1.2,2014-07-06,0501,Aqua,MODIS,54,6.2,303.5,24.9,D,0
-12.876,131.1641,319,1,1,2014-07-06,0501,Aqua,MODIS,48,6.2,307.2,6.4,D,0
-12.5029,130.7533,349.5,1,1,2014-07-06,0501,Aqua,MODIS,71,6.2,304.5,52.3,D,0
-12.595,134.8513,324.2,1.5,1.2,2014-07-06,0501,Aqua,MODIS,60,6.2,303.6,23.8,D,0
-12.4506,132.7353,357.2,1.1,1.1,2014-07-06,0501,Aqua,MODIS,98,6.2,311.6,79.6,D,0
-12.6658,132.9389,323.7,1.2,1.1,2014-07-06,0501,Aqua,MODIS,16,6.2,308.9,10.7,D,0
-12.5095,134.8947,329.8,1.5,1.2,2014-07-06,0501,Aqua,MODIS,81,6.2,302.2,38.9,D,0
-12.6146,134.798,322.7,1.5,1.2,2014-07-06,0501,Aqua,MODIS,23,6.2,303.7,18.9,D,0
-11.8418,133.7743,320.7,1.3,1.1,2014-07-06,0501,Aqua,MODIS,57,6.2,304.1,12.7,D,0
-12.3142,134.8925,327.9,1.6,1.2,2014-07-06,0501,Aqua,MODIS,79,6.2,301.8,36.2,D,0
-12.6085,134.7897,321.3,1.5,1.2,2014-07-06,0501,Aqua,MODIS,50,6.2,303.2,16.8,D,0
-12.0255,134.1021,318.4,1.4,1.2,2014-07-06,0501,Aqua,MODIS,56,6.2,302.9,12.4,D,0
-12.5668,134.818,339.2,1.5,1.2,2014-07-06,0501,Aqua,MODIS,89,6.2,301.8,59.2,D,0
-12.0224,133.9862,324.1,1.4,1.2,2014-07-06,0501,Aqua,MODIS,62,6.2,304.8,17.3,D,0
-12.2739,134.0715,315.4,1.4,1.2,2014-07-06,0501,Aqua,MODIS,45,6.2,303,9.2,D,0
-12.4617,132.7265,343.5,1.1,1.1,2014-07-06,0501,Aqua,MODIS,91,6.2,308.4,44.6,D,0
-12.7756,132.4694,329.1,1.1,1,2014-07-06,0501,Aqua,MODIS,72,6.2,306.7,20,D,0
-12.9488,132.4784,342.9,1.1,1,2014-07-06,0501,Aqua,MODIS,90,6.2,311.1,42.6,D,0
-11.8832,133.7014,323.2,1.3,1.1,2014-07-06,0501,Aqua,MODIS,51,6.2,305.4,15,D,0
-13.0281,134.2319,327.1,1.4,1.2,2014-07-06,0501,Aqua,MODIS,78,6.2,304.6,28.5,D,0
-12.6497,134.8106,323.2,1.5,1.2,2014-07-06,0501,Aqua,MODIS,27,6.2,303.7,20.5,D,0
-12.6758,134.7868,353.4,1.5,1.2,2014-07-06,0501,Aqua,MODIS,97,6.2,305.1,106.2,D,0
-12.0907,134.1315,323.6,1.4,1.2,2014-07-06,0501,Aqua,MODIS,70,6.2,302.8,19.6,D,0
-12.7181,134.4509,327.3,1.4,1.2,2014-07-06,0501,Aqua,MODIS,79,6.2,303.9,28.2,D,0
-12.3119,134.9009,332.8,1.6,1.2,2014-07-06,0501,Aqua,MODIS,84,6.2,302.2,49.2,D,0
-12.0922,133.947,320.9,1.4,1.2,2014-07-06,0501,Aqua,MODIS,46,6.2,305.8,10,D,0
-11.873,133.6997,364.3,1.3,1.1,2014-07-06,0501,Aqua,MODIS,100,6.2,306,128.4,D,0
-12.9518,132.4583,319.9,1.1,1,2014-07-06,0501,Aqua,MODIS,50,6.2,307.3,7.2,D,0
-12.5118,130.7547,326.9,1,1,2014-07-06,0501,Aqua,MODIS,73,6.2,305.3,17.6,D,0
-12.5239,134.5135,315.1,1.4,1.2,2014-07-06,0501,Aqua,MODIS,53,6.2,302.6,9.6,D,0
-12.8568,132.7672,331.8,1.1,1.1,2014-07-06,0501,Aqua,MODIS,80,6.2,305.8,25.1,D,0
-12.6173,131.0394,324.2,1,1,2014-07-06,0501,Aqua,MODIS,63,6.2,310.2,10.7,D,0
-12.0235,134.1147,318.2,1.4,1.2,2014-07-06,0501,Aqua,MODIS,55,6.2,302.6,12.3,D,0
-12.4072,131.1555,323.9,1,1,2014-07-06,0501,Aqua,MODIS,73,6.2,306.1,12.3,D,0
-12.8559,133.3095,316.9,1.2,1.1,2014-07-06,0501,Aqua,MODIS,38,6.2,304.4,7.6,D,0
-12.0082,133.2247,320.5,1.2,1.1,2014-07-06,0501,Aqua,MODIS,65,6.2,306.7,9.5,D,0
-11.9394,133.9913,330.1,1.4,1.2,2014-07-06,0501,Aqua,MODIS,72,6.2,304.7,29.3,D,0
-12.9533,132.4483,322.6,1.1,1,2014-07-06,0501,Aqua,MODIS,65,6.2,309.8,10.2,D,0
-12.5777,134.8198,356.2,1.5,1.2,2014-07-06,0501,Aqua,MODIS,98,6.2,304.5,120.7,D,0
-12.5105,130.7639,323.7,1,1,2014-07-06,0501,Aqua,MODIS,55,6.2,305.7,13.6,D,0
-11.6424,132.8165,326.1,1.2,1.1,2014-07-06,0501,Aqua,MODIS,79,6.2,307.4,16.9,D,0
-11.286,132.3219,353,1.1,1.1,2014-07-06,0501,Aqua,MODIS,96,6.2,307.7,69.6,D,0
-12.2755,132.61,316.9,1.1,1.1,2014-07-06,0501,Aqua,MODIS,46,6.2,305.5,7,D,0
-11.305,132.3249,332.1,1.1,1.1,2014-07-06,0501,Aqua,MODIS,83,6.2,306.6,24.9,D,0
-12.4928,132.7372,321.2,1.1,1.1,2014-07-06,0501,Aqua,MODIS,49,6.2,308.9,9.7,D,0
-12.5331,132.3465,328.8,1.1,1,2014-07-06,0501,Aqua,MODIS,76,6.2,310.2,16.8,D,0
-12.5274,132.3501,331,1.1,1,2014-07-06,0501,Aqua,MODIS,72,6.2,308.8,21.2,D,0
-11.6203,133.0243,326.8,1.2,1.1,2014-07-06,0501,Aqua,MODIS,80,6.2,303,20.9,D,0
-12.3464,132.6165,325,1.1,1.1,2014-07-06,0501,Aqua,MODIS,52,6.2,308,13.2,D,0
-11.0817,132.5857,329,1.2,1.1,2014-07-06,0501,Aqua,MODIS,62,6.2,303.8,24.2,D,0
-11.0833,132.5752,328.7,1.2,1.1,2014-07-06,0501,Aqua,MODIS,74,6.2,304.8,22.6,D,0
-11.2876,132.3117,392.5,1.1,1.1,2014-07-06,0501,Aqua,MODIS,100,6.2,315,236.7,D,0
-11.6318,133.0149,332.3,1.2,1.1,2014-07-06,0501,Aqua,MODIS,85,6.2,304.6,29.8,D,0
-12.1907,132.6216,344.1,1.1,1.1,2014-07-06,0501,Aqua,MODIS,91,6.2,304.6,50.9,D,0
-11.4763,131.4163,321.8,1,1,2014-07-06,0501,Aqua,MODIS,42,6.2,303.8,11.3,D,0
-11.4674,131.418,325,1,1,2014-07-06,0501,Aqua,MODIS,58,6.2,302.7,15.5,D,0
-11.4688,131.4085,329.5,1,1,2014-07-06,0501,Aqua,MODIS,75,6.2,306,20.9,D,0
-11.4596,131.4071,338.1,1,1,2014-07-06,0501,Aqua,MODIS,88,6.2,304.6,33.9,D,0
-11.2341,131.2448,326.5,1,1,2014-07-06,0501,Aqua,MODIS,53,6.2,303,16.8,D,0
-11.591,133.0691,328.9,1.2,1.1,2014-07-06,0501,Aqua,MODIS,45,6.2,303.4,23.1,D,0
-11.5938,133.0652,323.3,1.2,1.1,2014-07-06,0501,Aqua,MODIS,61,6.2,303,16.1,D,0
-11.2483,131.9002,330.8,1.1,1,2014-07-06,0501,Aqua,MODIS,73,6.2,308.6,19.3,D,0
-11.297,132.3132,360.2,1.1,1.1,2014-07-06,0501,Aqua,MODIS,100,6.2,309.1,88.9,D,0
-11.352,131.3269,329.8,1,1,2014-07-06,0501,Aqua,MODIS,81,6.2,304,20.6,D,0
-11.4519,131.3963,339.2,1,1,2014-07-06,0501,Aqua,MODIS,89,6.2,304.1,35.2,D,0
-11.3766,131.3499,319.6,1,1,2014-07-06,0501,Aqua,MODIS,36,6.2,302.9,8.7,D,0
-11.3506,131.3363,346.3,1,1,2014-07-06,0501,Aqua,MODIS,93,6.2,305.3,48.4,D,0
-11.2978,131.2546,321.5,1,1,2014-07-06,0501,Aqua,MODIS,29,6.2,302,10.7,D,0
-11.2874,131.2626,320.7,1,1,2014-07-06,0501,Aqua,MODIS,46,6.2,301.5,10.5,D,0
-11.2887,131.2532,319.8,1,1,2014-07-06,0501,Aqua,MODIS,23,6.2,303.3,9.2,D,0
-11.2523,131.2476,323.4,1,1,2014-07-06,0501,Aqua,MODIS,40,6.2,302.8,12.6,D,0
-11.2418,131.2556,328.5,1,1,2014-07-06,0501,Aqua,MODIS,60,6.2,302.7,19.3,D,0
-11.6067,130.7151,317.6,1,1,2014-07-06,0501,Aqua,MODIS,64,6.2,304.7,7.8,D,0
-11.6081,130.706,316.4,1,1,2014-07-06,0501,Aqua,MODIS,61,6.2,304.7,6.6,D,0
-11.4505,131.4057,320.5,1,1,2014-07-06,0501,Aqua,MODIS,29,6.2,302.7,10.3,D,0
-11.7263,130.7109,328.6,1,1,2014-07-06,0501,Aqua,MODIS,81,6.2,307.9,18.2,D,0
-11.7276,130.7017,318.8,1,1,2014-07-06,0501,Aqua,MODIS,51,6.2,303.7,8.3,D,0
-11.7173,130.7095,347.2,1,1,2014-07-06,0501,Aqua,MODIS,94,6.2,307.4,47.1,D,0
-11.5161,130.8918,335.3,1,1,2014-07-06,0501,Aqua,MODIS,86,6.2,309.3,27.4,D,0
-11.5174,130.8826,332.1,1,1,2014-07-06,0501,Aqua,MODIS,79,6.2,307.3,21.2,D,0
-11.5071,130.8905,333,1,1,2014-07-06,0501,Aqua,MODIS,84,6.2,306.7,24.9,D,0
-11.5084,130.8813,341.8,1,1,2014-07-06,0501,Aqua,MODIS,90,6.2,306.3,37.7,D,0
-11.4237,131.3341,318.9,1,1,2014-07-06,0501,Aqua,MODIS,58,6.2,304.6,7.4,D,0
-11.4083,131.3125,327.4,1,1,2014-07-06,0501,Aqua,MODIS,79,6.2,303.6,17.1,D,0
-11.4096,131.3031,323.3,1,1,2014-07-06,0501,Aqua,MODIS,69,6.2,303.9,12.6,D,0
-11.6186,133.0353,329.6,1.2,1.1,2014-07-06,0501,Aqua,MODIS,82,6.2,303.6,26.4,D,0
-11.3027,131.9188,351.8,1.1,1,2014-07-06,0501,Aqua,MODIS,72,6.2,307.1,65.2,D,0
-11.6514,133.018,328.4,1.2,1.1,2014-07-06,0501,Aqua,MODIS,63,6.2,303.4,21.1,D,0
-11.6547,132.9961,330.6,1.2,1.1,2014-07-06,0501,Aqua,MODIS,73,6.2,303.4,24.4,D,0
-11.6416,133.0164,349.7,1.2,1.1,2014-07-06,0501,Aqua,MODIS,95,6.2,305.1,68,D,0
-11.6301,133.0258,333.3,1.2,1.1,2014-07-06,0501,Aqua,MODIS,85,6.2,303.9,31.6,D,0
-11.717,130.775,328.2,1,1,2014-07-06,0501,Aqua,MODIS,80,6.2,307.6,16.6,D,0
-11.7184,130.7658,324.7,1,1,2014-07-06,0501,Aqua,MODIS,70,6.2,306.8,12.4,D,0
-11.734,130.7214,325.6,1,1,2014-07-06,0501,Aqua,MODIS,53,6.2,305.3,13.6,D,0
-11.716,130.7187,336.7,1,1,2014-07-06,0501,Aqua,MODIS,87,6.2,308.1,28,D,0
-11.2955,132.3234,322.9,1.1,1.1,2014-07-06,0501,Aqua,MODIS,66,6.2,307.3,12.2,D,0
-11.644,132.8058,319.6,1.2,1.1,2014-07-06,0501,Aqua,MODIS,71,6.2,306.8,8.9,D,0
-11.6457,132.7952,325.7,1.2,1.1,2014-07-06,0501,Aqua,MODIS,79,6.2,306.2,16.7,D,0
-12.92,134.6377,316.9,1.5,1.2,2014-07-06,0501,Aqua,MODIS,53,6.2,304.4,10.9,D,0
-11.3074,131.9254,360.5,1.1,1,2014-07-06,0501,Aqua,MODIS,75,6.2,309.9,88,D,0
-11.6473,132.7845,325.6,1.2,1.1,2014-07-06,0501,Aqua,MODIS,79,6.2,305.2,17.3,D,0
-12.1892,132.6319,325.5,1.1,1.1,2014-07-06,0501,Aqua,MODIS,73,6.2,305.2,17.7,D,0
-11.3012,131.9286,388.2,1.1,1,2014-07-06,0501,Aqua,MODIS,87,6.2,313.9,204.5,D,0
-11.6169,133.0463,345.9,1.2,1.1,2014-07-06,0501,Aqua,MODIS,93,6.2,304.7,60,D,0
-11.7731,130.837,319.9,1,1,2014-07-06,0501,Aqua,MODIS,70,6.2,305.1,9.8,D,0
-11.7627,130.8448,318.5,1,1,2014-07-06,0501,Aqua,MODIS,54,6.2,303.5,8.4,D,0
-11.5916,130.2403,320,1,1,2014-07-06,0501,Aqua,MODIS,69,6.2,305.2,9.2,D,0
-11.7819,130.067,329.7,1,1,2014-07-06,0501,Aqua,MODIS,82,6.2,302.6,22.3,D,0
-11.7353,130.2032,318.1,1,1,2014-07-06,0501,Aqua,MODIS,21,6.2,303,8.6,D,0
-11.5642,130.4315,329.8,1,1,2014-07-06,0501,Aqua,MODIS,62,6.2,305.3,18,D,0
-11.7806,130.0761,312.7,1,1,2014-07-06,0501,Aqua,MODIS,36,6.2,299.7,5.2,D,0
-12.4426,132.7234,334.9,1.1,1.1,2014-07-06,0501,Aqua,MODIS,84,6.2,308.7,28.5,D,0
-11.706,130.0872,319.2,1,1,2014-07-06,0501,Aqua,MODIS,68,6.2,304.6,9.2,D,0
-12.441,132.7338,328.2,1.1,1.1,2014-07-06,0501,Aqua,MODIS,78,6.2,310.2,17.2,D,0
-13.5879,130.3663,325,1,1,2014-07-06,0501,Aqua,MODIS,65,6.2,307.2,13.9,D,0
-11.513,130.2785,316.5,1,1,2014-07-06,0501,Aqua,MODIS,62,6.2,305.1,6.1,D,0
-12.3714,132.5154,322.1,1.1,1.1,2014-07-06,0501,Aqua,MODIS,61,6.2,309,9.5,D,0
-11.5903,130.2494,324.5,1,1,2014-07-06,0501,Aqua,MODIS,76,6.2,309.2,13.6,D,0
-11.7366,130.1941,321.2,1,1,2014-07-06,0501,Aqua,MODIS,46,6.2,304.7,11.9,D,0
-11.7047,130.0963,321.3,1,1,2014-07-06,0501,Aqua,MODIS,71,6.2,305.9,11.6,D,0
-11.7909,130.0683,315.6,1,1,2014-07-06,0501,Aqua,MODIS,60,6.2,302.4,7.9,D,0
-21.6059,118.5247,317.4,4.1,1.9,2014-07-06,0637,Aqua,MODIS,66,6.2,305.5,59,D,0
-21.6188,118.5201,319.9,4.1,1.9,2014-07-06,0637,Aqua,MODIS,70,6.2,305.9,77.6,D,0
-28.6838,147.0571,302.3,1.4,1.2,2014-07-06,1243,Terra,MODIS,48,6.2,276.5,15.1,N,0
-28.6706,152.3249,300.2,1,1,2014-07-06,1243,Terra,MODIS,23,6.2,278.2,8.2,N,0
-25.1969,149.0286,321.2,1,1,2014-07-06,1244,Terra,MODIS,100,6.2,280.8,23.6,N,0
-25.1877,149.0271,302.6,1,1,2014-07-06,1244,Terra,MODIS,50,6.2,278.8,9.4,N,0
-25.1863,149.0376,307.8,1,1,2014-07-06,1244,Terra,MODIS,73,6.2,281.4,12.6,N,0
-25.1955,149.039,304.8,1,1,2014-07-06,1244,Terra,MODIS,24,6.2,281.5,9.9,N,0
-25.6117,146.9006,302.2,1.3,1.1,2014-07-06,1244,Terra,MODIS,47,6.2,274.5,14,N,0
-19.6907,146.3046,305.6,1.2,1.1,2014-07-06,1245,Terra,MODIS,65,6.2,283,11.8,N,0
-19.6809,146.3032,300.5,1.2,1.1,2014-07-06,1245,Terra,MODIS,20,6.2,282.1,8,N,0
-18.8295,121.6778,301.5,1.2,1.1,2014-07-06,1424,Terra,MODIS,41,6.2,282,8.8,N,0
-20.7795,119.6208,317.5,1.6,1.3,2014-07-06,1424,Terra,MODIS,95,6.2,286.5,37.1,N,0
-21.0495,118.5174,304.1,2,1.4,2014-07-06,1424,Terra,MODIS,58,6.2,285.3,22.2,N,0
-21.0515,118.4986,300,2,1.4,2014-07-06,1424,Terra,MODIS,10,6.2,285.8,16.2,N,0
-21.2535,119.9543,328.1,1.6,1.2,2014-07-06,1424,Terra,MODIS,100,6.2,285.3,55.8,N,0
-21.2646,119.9558,300.3,1.6,1.2,2014-07-06,1424,Terra,MODIS,15,6.2,283.9,11.7,N,0
-21.2423,119.9528,308.2,1.6,1.2,2014-07-06,1424,Terra,MODIS,74,6.2,283.9,20.8,N,0
-13.6697,132.0406,302.6,3.4,1.7,2014-07-06,1425,Terra,MODIS,48,6.2,289.7,35.6,N,0
-14.0312,130.7903,308.9,2.7,1.6,2014-07-06,1425,Terra,MODIS,76,6.2,291.4,40.1,N,0
-13.6802,132.0476,303.9,3.4,1.7,2014-07-06,1425,Terra,MODIS,58,6.2,290.1,39.1,N,0
-17.6847,122.237,309.8,1.1,1,2014-07-06,1425,Terra,MODIS,78,6.2,286.9,12.6,N,0
-16.0297,127.7898,304.5,1.5,1.2,2014-07-06,1425,Terra,MODIS,60,6.2,290,11.3,N,0
-16.032,127.7755,320.4,1.5,1.2,2014-07-06,1425,Terra,MODIS,100,6.2,292.1,31.7,N,0
-16.0342,127.7619,320.8,1.5,1.2,2014-07-06,1425,Terra,MODIS,100,6.2,291.6,31.1,N,0
-16.0235,127.7604,318.7,1.5,1.2,2014-07-06,1425,Terra,MODIS,97,6.2,292.4,28,N,0
-16.0301,127.7202,301.4,1.5,1.2,2014-07-06,1425,Terra,MODIS,14,6.2,291.3,7.2,N,0
-16.0149,127.7456,304,1.5,1.2,2014-07-06,1425,Terra,MODIS,30,6.2,291.2,9.2,N,0
-17.609,122.1891,321.9,1.1,1,2014-07-06,1425,Terra,MODIS,100,6.2,287.4,24.4,N,0
-14.1164,130.6321,338.7,2.6,1.5,2014-07-06,1425,Terra,MODIS,100,6.2,294.1,165.4,N,0
-14.1302,130.6347,318.8,2.6,1.5,2014-07-06,1425,Terra,MODIS,97,6.2,292.7,66.3,N,0
-14.1079,130.6361,311,2.6,1.5,2014-07-06,1425,Terra,MODIS,81,6.2,292.1,40.8,N,0
-14.1259,130.6149,314.5,2.6,1.5,2014-07-06,1425,Terra,MODIS,89,6.2,291.9,50.4,N,0
-14.1217,130.6385,335.9,2.6,1.5,2014-07-06,1425,Terra,MODIS,100,6.2,294.4,147.9,N,0
-15.4176,127.9455,301.8,1.5,1.2,2014-07-06,1425,Terra,MODIS,31,6.2,291.2,9.9,N,0
-15.4404,127.8759,306.5,1.5,1.2,2014-07-06,1425,Terra,MODIS,68,6.2,290.9,13.2,N,0
-14.7156,126.2088,301.7,1.2,1.1,2014-07-06,1425,Terra,MODIS,44,6.2,291.4,6.3,N,0
-15.4427,127.8618,302.3,1.5,1.2,2014-07-06,1425,Terra,MODIS,48,6.2,290.4,8.6,N,0
-15.4451,127.8477,303.8,1.5,1.2,2014-07-06,1425,Terra,MODIS,38,6.2,290.8,9.7,N,0
-14.7368,130.0747,304.8,2.3,1.5,2014-07-06,1425,Terra,MODIS,62,6.2,291.3,23.5,N,0
-15.2917,127.5256,300.7,1.5,1.2,2014-07-06,1425,Terra,MODIS,32,6.2,289.9,8,N,0
-15.2577,127.9342,305.2,1.6,1.2,2014-07-06,1425,Terra,MODIS,63,6.2,292.2,12.3,N,0
-15.4433,127.7905,303.9,1.5,1.2,2014-07-06,1425,Terra,MODIS,58,6.2,290.2,10.9,N,0
-15.317,127.9954,308,1.6,1.2,2014-07-06,1425,Terra,MODIS,73,6.2,289.8,17.1,N,0
-15.4381,127.8899,312.2,1.5,1.2,2014-07-06,1425,Terra,MODIS,84,6.2,291.4,20.8,N,0
-16.5694,136.4262,300,2.3,1.5,2014-07-06,1552,Aqua,MODIS,10,6.2,286.1,19.1,N,0
-16.5659,136.4217,300.3,2.3,1.5,2014-07-06,1552,Aqua,MODIS,24,6.2,286.3,18.7,N,0
-20.7323,139.4779,311.9,1.2,1.1,2014-07-06,1553,Aqua,MODIS,84,6.2,282.4,19.5,N,2
-15.2539,127.9453,306.3,3.3,1.7,2014-07-06,1730,Aqua,MODIS,67,6.2,290.7,47.2,N,0
-18.8299,121.6744,306.4,1.3,1.1,2014-07-06,1731,Aqua,MODIS,68,6.2,283.1,15.4,N,0
-20.1081,119.8005,305.5,1.1,1,2014-07-06,1731,Aqua,MODIS,64,6.2,284.1,10.1,N,0
-20.1095,119.8109,307,1.1,1,2014-07-06,1731,Aqua,MODIS,70,6.2,284.2,11.3,N,0
-20.1189,119.8095,305.7,1.1,1,2014-07-06,1731,Aqua,MODIS,55,6.2,283.7,10,N,0
-20.7699,119.6199,306.4,1.1,1,2014-07-06,1731,Aqua,MODIS,44,6.2,283.2,10.6,N,0
-20.7793,119.6185,303.8,1.1,1,2014-07-06,1731,Aqua,MODIS,49,6.2,282.9,9.2,N,0
-20.7807,119.6289,304,1.1,1,2014-07-06,1731,Aqua,MODIS,57,6.2,283.2,9.4,N,0
-17.6836,122.2353,302.8,1.4,1.2,2014-07-06,1731,Aqua,MODIS,51,6.2,284.4,12.2,N,0
-21.2399,119.9551,301.2,1.1,1.1,2014-07-06,1732,Aqua,MODIS,16,6.2,282.1,8,N,0
-21.2537,119.9573,305,1.1,1.1,2014-07-06,1732,Aqua,MODIS,63,6.2,281.4,11.1,N,0
-21.2441,119.9587,303.9,1.1,1.1,2014-07-06,1732,Aqua,MODIS,58,6.2,281.8,9.9,N,0
-24.7246,151.8313,302.5,2.1,1.4,2014-07-06,2340,Terra,MODIS,52,6.2,290.3,15.4,D,0
-24.9009,151.9932,300.2,2,1.4,2014-07-06,2340,Terra,MODIS,30,6.2,290.1,10.4,D,0
-24.1892,151.5984,306.7,2.2,1.4,2014-07-06,2340,Terra,MODIS,64,6.2,290.3,25.9,D,0
-25.2107,149.0411,300,3.2,1.7,2014-07-06,2341,Terra,MODIS,22,6.2,285.7,28.5,D,0
-25.4057,152.8259,306.8,1.7,1.3,2014-07-06,2341,Terra,MODIS,61,6.2,288,18.9,D,0
-28.4939,153.4288,309.9,1.4,1.2,2014-07-06,2341,Terra,MODIS,69,6.2,286.8,18.1,D,0
-28.2395,148.7988,302.3,2.8,1.6,2014-07-06,2342,Terra,MODIS,52,6.2,288.6,19.5,D,0
-28.2253,148.8027,303.9,2.8,1.6,2014-07-06,2342,Terra,MODIS,57,6.2,288.1,23.5,D,0
-32.1494,152.1796,308.3,1.4,1.2,2014-07-06,2342,Terra,MODIS,67,6.2,286.9,16,D,0
-28.5251,149.5027,302.3,2.5,1.5,2014-07-06,2342,Terra,MODIS,51,6.2,288.7,17.7,D,0
-32.6589,151.253,308.9,1.6,1.2,2014-07-06,2343,Terra,MODIS,68,6.2,284.3,21.3,D,0
-12.672,141.9004,311.2,1.8,1.3,2014-07-07,0115,Terra,MODIS,43,6.2,299.3,10.8,D,0
-13.201,142.2784,327.5,1.9,1.3,2014-07-07,0116,Terra,MODIS,83,6.2,299.2,51,D,0
-13.2252,142.2753,315.1,1.9,1.3,2014-07-07,0116,Terra,MODIS,70,6.2,297.5,20.9,D,0
-13.2275,142.2928,324.1,1.9,1.4,2014-07-07,0116,Terra,MODIS,80,6.2,298,43.5,D,0
-13.2051,142.2721,320.5,1.9,1.3,2014-07-07,0116,Terra,MODIS,77,6.2,297.9,33.7,D,0
-13.2072,142.2896,314.4,1.9,1.4,2014-07-07,0116,Terra,MODIS,69,6.2,299.1,19.7,D,0
-13.2315,142.2865,333.6,1.9,1.4,2014-07-07,0116,Terra,MODIS,87,6.2,298.5,72.2,D,0
-12.5095,132.351,317.8,1.5,1.2,2014-07-07,0116,Terra,MODIS,51,6.2,302,15.7,D,0
-12.5078,132.3574,319.8,1.5,1.2,2014-07-07,0116,Terra,MODIS,68,6.2,300.6,20.9,D,0
-13.616,143.1974,311.4,2.3,1.5,2014-07-07,0116,Terra,MODIS,63,6.2,296.1,20.2,D,0
-14.6111,132.7675,313.3,1.3,1.1,2014-07-07,0116,Terra,MODIS,54,6.2,300.9,7.8,D,0
-13.6154,143.212,325.4,2.3,1.5,2014-07-07,0116,Terra,MODIS,81,6.2,296.9,64,D,0
-11.6547,132.9864,314.4,1.4,1.2,2014-07-07,0116,Terra,MODIS,65,6.2,299.4,12.4,D,0
-13.678,143.1988,326.1,2.3,1.5,2014-07-07,0116,Terra,MODIS,29,6.2,297.1,48.1,D,0
-13.6186,143.2183,323.8,2.3,1.5,2014-07-07,0116,Terra,MODIS,80,6.2,297.1,58.5,D,0
-11.4667,131.4221,316,1.8,1.3,2014-07-07,0116,Terra,MODIS,69,6.2,297.7,22.6,D,0
-15.578,136.1243,318.1,1,1,2014-07-07,0116,Terra,MODIS,46,6.2,301.1,9.1,D,0
-13.0843,134.3207,311.1,1.1,1.1,2014-07-07,0116,Terra,MODIS,52,6.2,299.4,6.7,D,0
-13.6761,143.1622,346.8,2.3,1.5,2014-07-07,0116,Terra,MODIS,83,6.2,296.7,153.8,D,0
-15.1804,141.818,340.3,1.9,1.3,2014-07-07,0116,Terra,MODIS,91,6.2,303,94,D,0
-12.87,131.1479,312.1,1.8,1.3,2014-07-07,0116,Terra,MODIS,39,6.2,300.3,13.2,D,0
-15.2312,143.0375,312.8,2.3,1.5,2014-07-07,0116,Terra,MODIS,37,6.2,299.1,18.5,D,0
-13.6756,143.1778,353.4,2.3,1.5,2014-07-07,0116,Terra,MODIS,97,6.2,299.5,201.2,D,0
-12.6692,134.8029,315.6,1.1,1,2014-07-07,0116,Terra,MODIS,60,6.2,302,7.8,D,0
-11.8204,133.7675,310.7,1.3,1.1,2014-07-07,0116,Terra,MODIS,24,6.2,298.1,6.1,D,0
-13.4067,133.7554,316.3,1.2,1.1,2014-07-07,0116,Terra,MODIS,66,6.2,298.5,12.4,D,0
-13.6732,143.157,344.4,2.3,1.5,2014-07-07,0116,Terra,MODIS,91,6.2,296.4,143.9,D,0
-13.4049,133.7444,313.3,1.2,1.1,2014-07-07,0116,Terra,MODIS,58,6.2,299.1,8.9,D,0
-14.6982,134.6264,317.3,1.1,1,2014-07-07,0116,Terra,MODIS,65,6.2,302.3,8.6,D,0
-15.2566,143.5708,315.2,2.6,1.5,2014-07-07,0116,Terra,MODIS,69,6.2,299.9,37,D,0
-12.3767,134.1741,312.3,1.2,1.1,2014-07-07,0116,Terra,MODIS,57,6.2,299.7,7.4,D,0
-15.2178,143.0391,323.4,2.3,1.5,2014-07-07,0116,Terra,MODIS,79,6.2,300,54.1,D,0
-15.2223,143.0451,324,2.3,1.5,2014-07-07,0116,Terra,MODIS,80,6.2,300,55.7,D,0
-13.6655,143.1846,341.7,2.3,1.5,2014-07-07,0116,Terra,MODIS,62,6.2,298.4,122.5,D,0
-14.5893,144.3365,323.4,2.9,1.6,2014-07-07,0116,Terra,MODIS,79,6.2,297.9,80.6,D,0
-13.611,134.0258,312.1,1.2,1.1,2014-07-07,0116,Terra,MODIS,54,6.2,299.5,6.5,D,0
-12.7767,131.5415,315.4,1.7,1.3,2014-07-07,0116,Terra,MODIS,63,6.2,300.7,15.9,D,0
-12.6708,134.813,315.9,1.1,1,2014-07-07,0116,Terra,MODIS,60,6.2,300.4,8.2,D,0
-12.8723,133.3008,314.8,1.3,1.1,2014-07-07,0116,Terra,MODIS,45,6.2,299.3,9.9,D,0
-12.4057,134.1694,337.3,1.2,1.1,2014-07-07,0116,Terra,MODIS,88,6.2,301.1,42,D,0
-12.5741,134.845,312.3,1.1,1,2014-07-07,0116,Terra,MODIS,53,6.2,300,6.1,D,0
-15.1783,141.8005,321.9,1.9,1.3,2014-07-07,0116,Terra,MODIS,78,6.2,301.4,31.5,D,0
-13.663,143.1638,355.3,2.3,1.5,2014-07-07,0116,Terra,MODIS,97,6.2,298.3,213.1,D,0
-12.4074,134.1801,316,1.2,1.1,2014-07-07,0116,Terra,MODIS,67,6.2,300.2,9.7,D,0
-12.7626,131.5277,327.7,1.7,1.3,2014-07-07,0116,Terra,MODIS,81,6.2,300.8,43.2,D,0
-15.1758,141.8243,328.7,1.9,1.3,2014-07-07,0116,Terra,MODIS,83,6.2,302.4,49.3,D,0
-13.6367,143.167,331.2,2.3,1.5,2014-07-07,0116,Terra,MODIS,42,6.2,297.2,74.7,D,0
-12.8542,133.3101,317.3,1.3,1.1,2014-07-07,0116,Terra,MODIS,51,6.2,299.7,12.9,D,0
-14.9698,133.4128,315.2,1.2,1.1,2014-07-07,0116,Terra,MODIS,56,6.2,301.8,8.3,D,0
-12.876,131.1528,313,1.8,1.3,2014-07-07,0116,Terra,MODIS,26,6.2,299.8,13.7,D,0
-11.9659,134.0985,315.9,1.2,1.1,2014-07-07,0116,Terra,MODIS,44,6.2,300.7,8.1,D,0
-15.2594,143.5945,312.1,2.6,1.5,2014-07-07,0116,Terra,MODIS,63,6.2,301.2,29,D,0
-15.2197,143.0234,315.5,2.3,1.5,2014-07-07,0116,Terra,MODIS,63,6.2,299,28.1,D,0
-13.6787,143.183,351.2,2.3,1.5,2014-07-07,0116,Terra,MODIS,96,6.2,298.1,184.3,D,0
-12.009,133.9902,312.6,1.2,1.1,2014-07-07,0116,Terra,MODIS,57,6.2,299.8,6.6,D,0
-13.6499,143.1654,330.8,2.3,1.5,2014-07-07,0116,Terra,MODIS,25,6.2,297.2,70.8,D,0
-12.7652,131.5434,327.2,1.7,1.3,2014-07-07,0116,Terra,MODIS,80,6.2,301.4,41.4,D,0
-14.7075,134.6249,316.5,1.1,1,2014-07-07,0116,Terra,MODIS,57,6.2,303.6,7.5,D,0
-15.1736,141.8069,337.8,1.9,1.3,2014-07-07,0116,Terra,MODIS,89,6.2,302.7,81,D,0
-15.8687,143.0537,315,2.4,1.5,2014-07-07,0116,Terra,MODIS,67,6.2,300.1,29,D,0
-13.4271,134.1544,317.2,1.1,1.1,2014-07-07,0116,Terra,MODIS,66,6.2,299.3,10.9,D,0
-13.6708,143.1362,337,2.3,1.5,2014-07-07,0116,Terra,MODIS,89,6.2,294.4,109.1,D,0
-14.2934,133.2814,322.9,1.2,1.1,2014-07-07,0116,Terra,MODIS,76,6.2,301.3,19.3,D,0
-13.6605,143.143,366,2.3,1.5,2014-07-07,0116,Terra,MODIS,100,6.2,298,313.1,D,0
-15.2188,141.8309,318.3,1.9,1.3,2014-07-07,0116,Terra,MODIS,74,6.2,302.2,23.7,D,0
-12.8728,131.1645,312.4,1.8,1.3,2014-07-07,0116,Terra,MODIS,45,6.2,300.3,13.9,D,0
-15.2209,141.8485,321.7,1.9,1.3,2014-07-07,0116,Terra,MODIS,77,6.2,302.8,32,D,0
-14.6081,132.7619,312.9,1.3,1.1,2014-07-07,0116,Terra,MODIS,50,6.2,301.1,7.7,D,0
-11.5026,130.5494,315.4,2.1,1.4,2014-07-07,0116,Terra,MODIS,69,6.2,297.1,28.1,D,0
-14.2671,129.5819,313.3,2.3,1.5,2014-07-07,0116,Terra,MODIS,64,6.2,298.7,23.2,D,0
-14.3893,130.0506,314.5,2.1,1.4,2014-07-07,0116,Terra,MODIS,66,6.2,300,18.1,D,0
-14.3183,129.7202,309.7,2.2,1.4,2014-07-07,0116,Terra,MODIS,53,6.2,299.3,15.2,D,0
-14.1718,130.6395,313.8,1.9,1.3,2014-07-07,0116,Terra,MODIS,34,6.2,295.2,15.8,D,0
-11.5058,130.5685,317.8,2.1,1.4,2014-07-07,0116,Terra,MODIS,72,6.2,298.1,34.5,D,0
-14.1759,130.6318,314,1.9,1.3,2014-07-07,0116,Terra,MODIS,58,6.2,295.4,17.3,D,0
-14.2699,129.5873,313.1,2.3,1.5,2014-07-07,0116,Terra,MODIS,61,6.2,298.3,20.4,D,0
-14.1602,129.4997,318.9,2.3,1.5,2014-07-07,0116,Terra,MODIS,0,6.2,297,41.6,D,0
-14.1639,129.5057,314.9,2.3,1.5,2014-07-07,0116,Terra,MODIS,32,6.2,296.1,26.9,D,0
-14.3699,130.014,316.3,2.1,1.4,2014-07-07,0116,Terra,MODIS,70,6.2,300.7,21,D,0
-13.7326,133.9391,315.7,1.2,1.1,2014-07-07,0116,Terra,MODIS,23,6.2,299.9,7.9,D,0
-13.6196,132.9224,312.7,1.3,1.1,2014-07-07,0116,Terra,MODIS,36,6.2,301.4,6.8,D,0
-13.6737,131.9421,328.7,1.5,1.2,2014-07-07,0116,Terra,MODIS,82,6.2,300.9,37.7,D,0
-13.9396,133.9578,313.1,1.2,1.1,2014-07-07,0116,Terra,MODIS,27,6.2,300.9,6,D,0
-13.9649,130.6512,318.6,1.9,1.3,2014-07-07,0116,Terra,MODIS,71,6.2,297.2,27.3,D,0
-13.6584,132.0669,316.9,1.5,1.2,2014-07-07,0116,Terra,MODIS,26,6.2,301.8,13.9,D,0
-13.6731,132.0721,318.1,1.5,1.2,2014-07-07,0116,Terra,MODIS,22,6.2,302.4,14.9,D,0
-13.7439,133.9482,321.2,1.2,1.1,2014-07-07,0116,Terra,MODIS,73,6.2,300.4,14.9,D,0
-13.6957,131.9384,328,1.5,1.2,2014-07-07,0116,Terra,MODIS,81,6.2,300.4,35.8,D,0
-13.692,133.7461,313.9,1.2,1.1,2014-07-07,0116,Terra,MODIS,59,6.2,300.9,8.4,D,0
-13.3362,132.1969,318.3,1.5,1.2,2014-07-07,0116,Terra,MODIS,59,6.2,303.9,11,D,0
-13.6871,131.9544,324.6,1.5,1.2,2014-07-07,0116,Terra,MODIS,78,6.2,301.8,30.6,D,0
-15.569,136.1257,331.1,1,1,2014-07-07,0116,Terra,MODIS,81,6.2,302.3,22.7,D,0
-13.6847,131.9403,327.6,1.5,1.2,2014-07-07,0116,Terra,MODIS,81,6.2,300.8,36.7,D,0
-13.6761,131.9562,346.8,1.5,1.2,2014-07-07,0116,Terra,MODIS,94,6.2,303,92.2,D,0
-13.6916,133.9517,319.1,1.2,1.1,2014-07-07,0116,Terra,MODIS,60,6.2,301.6,11.5,D,0
-13.6957,133.9559,321.6,1.2,1.1,2014-07-07,0116,Terra,MODIS,74,6.2,301.1,16.4,D,0
-13.5476,134.1224,312.2,1.1,1.1,2014-07-07,0116,Terra,MODIS,44,6.2,299.5,6.2,D,0
-13.2977,132.2524,326,1.5,1.2,2014-07-07,0116,Terra,MODIS,79,6.2,302.1,28.6,D,0
-13.2954,132.2387,328.3,1.5,1.2,2014-07-07,0116,Terra,MODIS,81,6.2,302.9,32.5,D,0
-13.2868,132.2542,314.1,1.5,1.2,2014-07-07,0116,Terra,MODIS,32,6.2,302.6,9.2,D,0
-14.1456,133.3189,314.4,1.2,1.1,2014-07-07,0116,Terra,MODIS,62,6.2,300.3,8.6,D,0
-11.2414,131.8518,328.5,1.7,1.3,2014-07-07,0116,Terra,MODIS,51,6.2,297,43.6,D,0
-15.5524,136.1377,317.2,1,1,2014-07-07,0116,Terra,MODIS,26,6.2,302.8,7.6,D,0
-13.712,132.0369,320,1.5,1.2,2014-07-07,0116,Terra,MODIS,71,6.2,301.3,19.8,D,0
-13.7097,132.0228,333.3,1.5,1.2,2014-07-07,0116,Terra,MODIS,85,6.2,302.4,48.9,D,0
-13.7011,132.0387,317.3,1.5,1.2,2014-07-07,0116,Terra,MODIS,51,6.2,302.5,14.4,D,0
-13.4216,131.7449,317.4,1.6,1.2,2014-07-07,0116,Terra,MODIS,56,6.2,302.6,13.7,D,0
-13.4228,131.7515,318.3,1.6,1.2,2014-07-07,0116,Terra,MODIS,69,6.2,303.2,15.9,D,0
-14.1177,133.4628,315.1,1.2,1.1,2014-07-07,0116,Terra,MODIS,54,6.2,300,9.7,D,0
-13.4744,132.0679,315.6,1.5,1.2,2014-07-07,0116,Terra,MODIS,33,6.2,303.4,10.9,D,0
-13.698,131.9525,334.4,1.5,1.2,2014-07-07,0116,Terra,MODIS,86,6.2,302.3,52.4,D,0
-13.9716,130.6608,320.2,1.9,1.3,2014-07-07,0116,Terra,MODIS,70,6.2,297.4,29.5,D,0
-13.5291,131.766,313.8,1.6,1.2,2014-07-07,0116,Terra,MODIS,56,6.2,302.5,9.4,D,0
-12.8119,131.9603,336,1.6,1.2,2014-07-07,0116,Terra,MODIS,87,6.2,303.2,57.7,D,0
-13.9677,130.6683,314,1.9,1.3,2014-07-07,0116,Terra,MODIS,60,6.2,296.1,18.1,D,0
-14.2254,133.496,311.8,1.2,1.1,2014-07-07,0116,Terra,MODIS,49,6.2,300.2,6,D,0
-13.6503,132.9173,315.3,1.3,1.1,2014-07-07,0116,Terra,MODIS,62,6.2,302.1,10,D,0
-14.1117,130.6495,311.7,1.9,1.3,2014-07-07,0116,Terra,MODIS,36,6.2,296.3,12.3,D,0
-13.5553,133.8591,326,1.2,1.1,2014-07-07,0116,Terra,MODIS,79,6.2,300.9,23.2,D,0
-13.5536,133.8483,326.7,1.2,1.1,2014-07-07,0116,Terra,MODIS,80,6.2,301.6,23.8,D,0
-12.8116,131.9542,328.8,1.6,1.2,2014-07-07,0116,Terra,MODIS,82,6.2,303.9,37.9,D,0
-12.8141,131.9688,321.7,1.6,1.2,2014-07-07,0116,Terra,MODIS,74,6.2,301.9,23.2,D,0
-13.6145,133.0053,312.5,1.3,1.1,2014-07-07,0116,Terra,MODIS,52,6.2,299.8,8.5,D,0
-13.8548,133.8794,311.4,1.2,1.1,2014-07-07,0116,Terra,MODIS,44,6.2,299.1,6.7,D,0
-13.8468,133.8917,325.6,1.2,1.1,2014-07-07,0116,Terra,MODIS,79,6.2,301.4,22.1,D,0
-13.8452,133.881,354.7,1.2,1.1,2014-07-07,0116,Terra,MODIS,97,6.2,302.4,84.8,D,0
-13.5315,131.7805,317.7,1.6,1.2,2014-07-07,0116,Terra,MODIS,69,6.2,301.7,15.8,D,0
-13.5296,131.7719,320.2,1.6,1.2,2014-07-07,0116,Terra,MODIS,72,6.2,302.4,19,D,0
-13.8435,133.8703,326.1,1.2,1.1,2014-07-07,0116,Terra,MODIS,79,6.2,298.4,24.2,D,0
-11.2516,131.8595,334.5,1.7,1.3,2014-07-07,0116,Terra,MODIS,0,6.2,297.6,58.7,D,0
-15.551,136.1285,316.3,1,1,2014-07-07,0116,Terra,MODIS,24,6.2,301.7,7.1,D,0
-11.3155,131.9604,312.5,1.7,1.3,2014-07-07,0116,Terra,MODIS,23,6.2,295.7,13.5,D,0
-14.1885,133.3291,310.6,1.2,1.1,2014-07-07,0116,Terra,MODIS,34,6.2,299.6,5.3,D,0
-15.5137,136.1247,337.6,1,1,2014-07-07,0116,Terra,MODIS,88,6.2,304.6,33.4,D,0
-15.5124,136.1154,327.2,1,1,2014-07-07,0116,Terra,MODIS,81,6.2,302.8,19.4,D,0
-14.5532,131.2809,310.7,1.7,1.3,2014-07-07,0116,Terra,MODIS,57,6.2,297.5,11,D,0
-11.2439,131.8675,330.5,1.7,1.3,2014-07-07,0116,Terra,MODIS,78,6.2,299.2,49.2,D,0
-12.1973,132.6241,310.8,1.5,1.2,2014-07-07,0116,Terra,MODIS,45,6.2,299.5,9.1,D,0
-13.8002,133.7217,314.1,1.2,1.1,2014-07-07,0116,Terra,MODIS,54,6.2,300,7.9,D,0
-13.7824,133.7359,314,1.2,1.1,2014-07-07,0116,Terra,MODIS,46,6.2,299.7,7.8,D,0
-13.9199,134.2982,323.9,1.1,1.1,2014-07-07,0116,Terra,MODIS,33,6.2,301.6,13.9,D,0
-13.9215,134.3085,323.8,1.1,1.1,2014-07-07,0116,Terra,MODIS,21,6.2,301.2,14,D,0
-13.9309,134.3069,353.3,1.1,1.1,2014-07-07,0116,Terra,MODIS,97,6.2,305.1,70.5,D,0
-13.935,134.3002,322.1,1.1,1.1,2014-07-07,0116,Terra,MODIS,76,6.2,304.5,14,D,0
-13.9366,134.3104,339.9,1.1,1.1,2014-07-07,0116,Terra,MODIS,90,6.2,304.4,42.3,D,0
-15.4437,127.7985,318.3,2.9,1.6,2014-07-07,0117,Terra,MODIS,73,6.2,298.6,52.8,D,0
-15.5578,129.3597,311.1,2.2,1.4,2014-07-07,0117,Terra,MODIS,43,6.2,299.4,15.8,D,0
-15.5448,129.3613,312.1,2.2,1.4,2014-07-07,0117,Terra,MODIS,51,6.2,299.6,17.9,D,0
-15.2688,127.9288,311.1,2.9,1.6,2014-07-07,0117,Terra,MODIS,47,6.2,298.3,20.2,D,0
-15.0736,131.078,310.9,1.7,1.3,2014-07-07,0117,Terra,MODIS,43,6.2,299.1,9.9,D,0
-15.4256,128.9046,312.1,2.4,1.5,2014-07-07,0117,Terra,MODIS,62,6.2,301.7,20.5,D,0
-15.4386,127.7711,309.6,2.9,1.6,2014-07-07,0117,Terra,MODIS,30,6.2,298.2,20.1,D,0
-15.1456,130.9719,315.3,1.7,1.3,2014-07-07,0117,Terra,MODIS,67,6.2,299.4,18.4,D,0
-15.2673,127.9345,313.1,2.9,1.6,2014-07-07,0117,Terra,MODIS,41,6.2,298,26.2,D,0
-15.3119,128.0007,314.5,2.8,1.6,2014-07-07,0117,Terra,MODIS,67,6.2,298.9,27.5,D,0
-15.2542,127.9308,310,2.9,1.6,2014-07-07,0117,Terra,MODIS,31,6.2,297.6,18.1,D,0
-16.4864,137.0661,323.4,1,1,2014-07-07,0117,Terra,MODIS,77,6.2,300.8,15.9,D,0
-16.4956,137.0648,317.7,1,1,2014-07-07,0117,Terra,MODIS,46,6.2,301,9.8,D,0
-17.6004,138.665,314.2,1.2,1.1,2014-07-07,0117,Terra,MODIS,44,6.2,302,8.2,D,0
-16.7174,137.0688,332.9,1,1,2014-07-07,0117,Terra,MODIS,86,6.2,302.7,27.5,D,0
-16.7083,137.0701,317.5,1,1,2014-07-07,0117,Terra,MODIS,70,6.2,301.9,9.8,D,0
-16.7188,137.0785,329.8,1,1,2014-07-07,0117,Terra,MODIS,83,6.2,304.4,23.1,D,0
-16.3488,136.4231,317.2,1,1,2014-07-07,0117,Terra,MODIS,57,6.2,304,6.5,D,0
-16.3801,136.4501,315,1,1,2014-07-07,0117,Terra,MODIS,34,6.2,304.4,5.3,D,0
-16.6163,136.8735,322,1,1,2014-07-07,0117,Terra,MODIS,74,6.2,303.2,13.5,D,0
-16.6233,136.8659,312.3,1,1,2014-07-07,0117,Terra,MODIS,59,6.2,300.7,6.2,D,0
-16.6247,136.8755,316.8,1,1,2014-07-07,0117,Terra,MODIS,69,6.2,301.3,10.2,D,0
-16.3679,136.3657,318.2,1,1,2014-07-07,0117,Terra,MODIS,63,6.2,305.7,7.9,D,0
-16.3818,136.3349,323.2,1,1,2014-07-07,0117,Terra,MODIS,77,6.2,304.2,13.2,D,0
-16.5701,136.428,321.2,1,1,2014-07-07,0117,Terra,MODIS,69,6.2,304.1,11.7,D,0
-16.5714,136.4374,320.4,1,1,2014-07-07,0117,Terra,MODIS,68,6.2,301.8,11.2,D,0
-16.5764,136.4078,326.8,1,1,2014-07-07,0117,Terra,MODIS,81,6.2,303.2,17.3,D,0
-16.5777,136.4172,329.6,1,1,2014-07-07,0117,Terra,MODIS,67,6.2,303.2,19.8,D,0
-16.5791,136.4266,338.9,1,1,2014-07-07,0117,Terra,MODIS,89,6.2,302.6,34.7,D,0
-16.5374,136.3914,318,1,1,2014-07-07,0117,Terra,MODIS,63,6.2,301.2,9.3,D,0
-16.5388,136.4008,319,1,1,2014-07-07,0117,Terra,MODIS,60,6.2,302,9.7,D,0
-16.5478,136.3995,322.8,1,1,2014-07-07,0117,Terra,MODIS,47,6.2,303.8,12.9,D,0
-16.5533,136.4371,330.1,1,1,2014-07-07,0117,Terra,MODIS,83,6.2,302.2,21.1,D,0
-16.566,136.3998,319.4,1,1,2014-07-07,0117,Terra,MODIS,68,6.2,302.6,10,D,0
-16.8723,137.063,313.5,1,1,2014-07-07,0117,Terra,MODIS,56,6.2,300.7,6.8,D,0
-16.7448,137.0092,312.6,1,1,2014-07-07,0117,Terra,MODIS,60,6.2,301.6,6.1,D,0
-16.7672,137.0355,319,1,1,2014-07-07,0117,Terra,MODIS,72,6.2,302.6,11.2,D,0
-16.7659,137.0258,331.5,1,1,2014-07-07,0117,Terra,MODIS,85,6.2,302.1,26.1,D,0
-16.1693,136.2654,314.7,1,1,2014-07-07,0117,Terra,MODIS,34,6.2,301.4,5,D,0
-16.3156,135.9448,314.4,1,1,2014-07-07,0117,Terra,MODIS,57,6.2,302.9,6.2,D,0
-16.317,135.9541,319.2,1,1,2014-07-07,0117,Terra,MODIS,71,6.2,303.6,10.6,D,0
-16.1783,136.264,318.8,1,1,2014-07-07,0117,Terra,MODIS,68,6.2,303.8,9.1,D,0
-16.1649,127.7162,316.7,2.9,1.6,2014-07-07,0117,Terra,MODIS,71,6.2,299.2,37.5,D,0
-16.1699,127.743,312.5,2.8,1.6,2014-07-07,0117,Terra,MODIS,31,6.2,300,22.3,D,0
-20.3554,128.5647,311,2,1.4,2014-07-07,0118,Terra,MODIS,63,6.2,297.1,16.5,D,0
-20.3567,128.5586,311.8,2,1.4,2014-07-07,0118,Terra,MODIS,65,6.2,297,19.4,D,0
-25.3785,131.092,333,1.2,1.1,2014-07-07,0119,Terra,MODIS,87,6.2,293.9,37.7,D,0
-25.3766,131.0806,305.7,1.2,1.1,2014-07-07,0119,Terra,MODIS,54,6.2,293.5,5.1,D,0
-27.1079,129.5461,303.9,1.3,1.1,2014-07-07,0120,Terra,MODIS,51,6.2,293,4.9,D,0
-20.0393,119.9595,315.7,3.6,1.8,2014-07-07,0256,Terra,MODIS,64,6.2,302.6,47.6,D,0
-20.0588,119.9927,313,3.6,1.8,2014-07-07,0256,Terra,MODIS,49,6.2,301.9,31.7,D,0
-20.0426,119.9943,327.8,3.6,1.8,2014-07-07,0256,Terra,MODIS,81,6.2,303.9,126.4,D,0
-20.0501,119.9864,334.3,3.6,1.8,2014-07-07,0256,Terra,MODIS,86,6.2,304,184.9,D,0
-21.1825,118.5857,313.8,3,1.6,2014-07-07,0257,Terra,MODIS,60,6.2,301.9,26.4,D,0
-20.7693,119.6249,321.3,3.5,1.8,2014-07-07,0257,Terra,MODIS,73,6.2,304.1,70.4,D,0
-20.7852,119.6233,325,3.5,1.8,2014-07-07,0257,Terra,MODIS,78,6.2,303.3,93,D,0
-20.7944,119.6168,321.5,3.5,1.8,2014-07-07,0257,Terra,MODIS,74,6.2,302,75.1,D,0
-32.9243,151.198,303,1.1,1,2014-07-07,0359,Aqua,MODIS,54,6.2,286.8,7.5,D,0
-34.4892,146.185,306.7,1.2,1.1,2014-07-07,0359,Aqua,MODIS,61,6.2,288.5,9.7,D,0
-34.5854,146.2272,316.3,1.2,1.1,2014-07-07,0359,Aqua,MODIS,77,6.2,287.1,19.4,D,0
-34.4602,150.8769,308.9,1,1,2014-07-07,0359,Aqua,MODIS,59,6.2,292.7,8,D,0
-34.4891,146.1767,304.2,1.2,1.1,2014-07-07,0359,Aqua,MODIS,54,6.2,288.3,8,D,0
-34.4876,146.1902,302.6,1.2,1.1,2014-07-07,0359,Aqua,MODIS,41,6.2,288.8,6.7,D,0
-34.5869,146.2137,317.2,1.2,1.1,2014-07-07,0359,Aqua,MODIS,77,6.2,288.3,20.5,D,0
-29.6606,152.7165,308,1.4,1.2,2014-07-07,0400,Aqua,MODIS,56,6.2,290.9,11.9,D,0
-29.7546,147.8785,315.3,1,1,2014-07-07,0400,Aqua,MODIS,72,6.2,295.9,9.7,D,0
-29.7517,147.8993,308.3,1,1,2014-07-07,0400,Aqua,MODIS,51,6.2,295.6,4.3,D,0
-29.9071,148.362,312.6,1,1,2014-07-07,0400,Aqua,MODIS,70,6.2,296.2,7.8,D,0
-30.8916,146.4828,303.1,1.1,1,2014-07-07,0400,Aqua,MODIS,52,6.2,291.8,5,D,0
-29.658,152.7309,305.7,1.4,1.2,2014-07-07,0400,Aqua,MODIS,43,6.2,290.6,9.5,D,0
-29.6641,152.7229,314.7,1.4,1.2,2014-07-07,0400,Aqua,MODIS,75,6.2,291,19.6,D,0
-29.423,152.7663,303.5,1.4,1.2,2014-07-07,0400,Aqua,MODIS,56,6.2,289.4,9.4,D,0
-29.476,148.5454,311.4,1,1,2014-07-07,0400,Aqua,MODIS,67,6.2,293.9,9.1,D,0
-30.5761,147.8504,309.8,1,1,2014-07-07,0400,Aqua,MODIS,68,6.2,294.8,7,D,0
-29.6685,152.7335,305.6,1.4,1.2,2014-07-07,0400,Aqua,MODIS,15,6.2,291,9.1,D,0
-29.7532,147.8889,330.6,1,1,2014-07-07,0400,Aqua,MODIS,86,6.2,295.8,26.2,D,0
-29.9085,148.3517,308,1,1,2014-07-07,0400,Aqua,MODIS,61,6.2,296.3,4.3,D,0
-30.2183,148.7553,305,1,1,2014-07-07,0400,Aqua,MODIS,56,6.2,293.9,3.8,D,0
-30.7013,147.738,301.6,1,1,2014-07-07,0400,Aqua,MODIS,45,6.2,291.3,2.7,D,0
-30.3158,148.0693,309.4,1,1,2014-07-07,0400,Aqua,MODIS,66,6.2,296.8,5.3,D,0
-30.2147,147.4053,313,1,1,2014-07-07,0400,Aqua,MODIS,70,6.2,296.2,8.7,D,0
-32.6588,151.2509,307.7,1.1,1,2014-07-07,0400,Aqua,MODIS,66,6.2,289.7,9.4,D,0
-31.349,152.5831,306.9,1.3,1.1,2014-07-07,0400,Aqua,MODIS,64,6.2,291,10.8,D,0
-30.6964,152.6077,302.7,1.3,1.1,2014-07-07,0400,Aqua,MODIS,49,6.2,290.7,7.8,D,0
-31.572,152.3601,309.8,1.2,1.1,2014-07-07,0400,Aqua,MODIS,69,6.2,290.2,13.2,D,0
-31.4897,152.6582,309.3,1.3,1.1,2014-07-07,0400,Aqua,MODIS,68,6.2,291.2,12.9,D,0
-28.6836,147.061,313.5,1,1,2014-07-07,0401,Aqua,MODIS,68,6.2,298.8,8.5,D,0
-27.6592,146.9626,308.2,1,1,2014-07-07,0401,Aqua,MODIS,56,6.2,296,5.2,D,0
-28.8183,150.3225,303,1.1,1,2014-07-07,0401,Aqua,MODIS,52,6.2,292.4,4,D,0
-27.9024,148.8042,314.6,1,1,2014-07-07,0401,Aqua,MODIS,72,6.2,296.1,10.3,D,0
-28.2432,148.7995,309.1,1,1,2014-07-07,0401,Aqua,MODIS,54,6.2,297.3,4.4,D,0
-28.2625,149.8804,306.4,1.1,1,2014-07-07,0401,Aqua,MODIS,58,6.2,295.6,4.9,D,0
-28.8165,150.3337,314.3,1.1,1,2014-07-07,0401,Aqua,MODIS,74,6.2,293.5,12.7,D,0
-28.2417,148.8098,313.8,1,1,2014-07-07,0401,Aqua,MODIS,70,6.2,297.7,8.1,D,0
-27.9486,148.5449,307.3,1,1,2014-07-07,0401,Aqua,MODIS,57,6.2,295.3,4.9,D,0
-27.9501,148.5347,308.1,1,1,2014-07-07,0401,Aqua,MODIS,59,6.2,296.5,5.5,D,0
-27.9088,148.8112,319,1,1,2014-07-07,0401,Aqua,MODIS,71,6.2,294.7,13.5,D,0
-28.6879,152.3303,302.8,1.4,1.2,2014-07-07,0401,Aqua,MODIS,50,6.2,289.2,8.5,D,0
-28.1965,148.4888,312.8,1,1,2014-07-07,0401,Aqua,MODIS,69,6.2,295.7,7.7,D,0
-28.8904,148.6495,308.7,1,1,2014-07-07,0401,Aqua,MODIS,60,6.2,297.4,4.9,D,0
-29.2173,148.9285,307.2,1,1,2014-07-07,0401,Aqua,MODIS,58,6.2,294.9,4.8,D,0
-28.2342,148.7977,310.2,1,1,2014-07-07,0401,Aqua,MODIS,51,6.2,297.3,5,D,0
-28.1874,148.4871,308.9,1,1,2014-07-07,0401,Aqua,MODIS,45,6.2,294,4.6,D,0
-27.7997,147.4087,344.9,1,1,2014-07-07,0401,Aqua,MODIS,93,6.2,299.1,47.8,D,0
-27.7983,147.4189,341.3,1,1,2014-07-07,0401,Aqua,MODIS,92,6.2,298.2,41.5,D,0
-27.7969,147.4291,308.9,1,1,2014-07-07,0401,Aqua,MODIS,57,6.2,297.2,4.6,D,0
-28.2327,148.808,308.6,1,1,2014-07-07,0401,Aqua,MODIS,35,6.2,296.9,3.9,D,0
-27.8105,148.5483,314.2,1,1,2014-07-07,0401,Aqua,MODIS,71,6.2,296,9.7,D,0
-27.9008,148.8145,317.9,1,1,2014-07-07,0401,Aqua,MODIS,76,6.2,295.4,13.3,D,0
-28.6857,150.8213,336.9,1.2,1.1,2014-07-07,0401,Aqua,MODIS,90,6.2,294.1,45.5,D,0
-28.6838,150.8332,311.5,1.2,1.1,2014-07-07,0401,Aqua,MODIS,62,6.2,291.6,11.1,D,0
-28.678,150.8075,310.6,1.2,1.1,2014-07-07,0401,Aqua,MODIS,56,6.2,294.8,9.4,D,0
-28.6761,150.8193,370.3,1.2,1.1,2014-07-07,0401,Aqua,MODIS,100,6.2,297.2,142.3,D,0
-29.1122,150.219,307.5,1.1,1,2014-07-07,0401,Aqua,MODIS,65,6.2,294.4,5.9,D,0
-28.7451,152.0001,300.9,1.3,1.1,2014-07-07,0401,Aqua,MODIS,43,6.2,289.2,6.4,D,0
-29.3506,149.0204,309.5,1,1,2014-07-07,0401,Aqua,MODIS,65,6.2,294.9,6.3,D,0
-29.349,149.0308,306.2,1,1,2014-07-07,0401,Aqua,MODIS,58,6.2,294.9,4,D,0
-29.114,150.208,320.2,1.1,1,2014-07-07,0401,Aqua,MODIS,80,6.2,295,17.5,D,0
-28.5242,149.5026,305,1,1,2014-07-07,0401,Aqua,MODIS,50,6.2,293.6,3.6,D,0
-28.5259,149.492,308.7,1,1,2014-07-07,0401,Aqua,MODIS,64,6.2,296,6.2,D,0
-24.7337,151.8288,313.2,1.5,1.2,2014-07-07,0402,Aqua,MODIS,71,6.2,296.8,17.4,D,0
-25.2145,149.0247,325.4,1.1,1,2014-07-07,0402,Aqua,MODIS,83,6.2,295.5,22.3,D,0
-25.2052,149.0229,314.3,1.1,1,2014-07-07,0402,Aqua,MODIS,39,6.2,294,10.4,D,0
-25.1886,149.0238,308,1.1,1,2014-07-07,0402,Aqua,MODIS,63,6.2,293.4,7,D,0
-25.187,149.0341,302.3,1.1,1,2014-07-07,0402,Aqua,MODIS,13,6.2,292.1,3.2,D,0
-25.1978,149.0256,311.9,1.1,1,2014-07-07,0402,Aqua,MODIS,70,6.2,293.7,10.1,D,0
-24.7317,151.8213,315.6,1.5,1.2,2014-07-07,0402,Aqua,MODIS,74,6.2,297.5,21.8,D,0
-22.5801,148.6185,313.6,1.1,1,2014-07-07,0402,Aqua,MODIS,64,6.2,301.8,6.1,D,0
-24.1836,151.5918,313.5,1.5,1.2,2014-07-07,0402,Aqua,MODIS,71,6.2,297.6,17.8,D,0
-24.1861,151.5773,308.5,1.5,1.2,2014-07-07,0402,Aqua,MODIS,63,6.2,298.2,11.1,D,0
-22.5818,148.6079,337,1.1,1,2014-07-07,0402,Aqua,MODIS,88,6.2,304,36.6,D,0
-25.2265,149.0703,318.4,1.1,1,2014-07-07,0402,Aqua,MODIS,77,6.2,292.7,15.6,D,0
-25.2172,149.0685,320.7,1.1,1,2014-07-07,0402,Aqua,MODIS,79,6.2,291.5,18.1,D,0
-24.7849,147.0958,307.2,1,1,2014-07-07,0402,Aqua,MODIS,45,6.2,295.1,5.4,D,0
-24.7703,147.1336,307.8,1,1,2014-07-07,0402,Aqua,MODIS,46,6.2,295.7,5.2,D,0
-24.7759,147.0942,340.3,1,1,2014-07-07,0402,Aqua,MODIS,91,6.2,295.9,41.4,D,0
-24.7773,147.0844,307.3,1,1,2014-07-07,0402,Aqua,MODIS,39,6.2,294.4,5.4,D,0
-22.9935,150.7408,307.9,1.4,1.2,2014-07-07,0402,Aqua,MODIS,56,6.2,294,11.4,D,0
-22.9958,150.7275,306.6,1.4,1.2,2014-07-07,0402,Aqua,MODIS,49,6.2,293.3,9.8,D,0
-22.9892,150.7345,315,1.4,1.2,2014-07-07,0402,Aqua,MODIS,71,6.2,295.2,18.9,D,0
-19.6835,146.3097,339.2,1,1,2014-07-07,0403,Aqua,MODIS,89,6.2,304.5,35.5,D,0
-21.5625,148.982,310,1.2,1.1,2014-07-07,0403,Aqua,MODIS,55,6.2,299,10.1,D,0
-21.5643,148.9707,312.8,1.2,1.1,2014-07-07,0403,Aqua,MODIS,63,6.2,295.2,13.2,D,0
-19.3514,145.9978,324.5,1,1,2014-07-07,0403,Aqua,MODIS,77,6.2,305.9,15.1,D,0
-17.7831,145.9692,349.5,1,1,2014-07-07,0404,Aqua,MODIS,95,6.2,300.2,59.1,D,0
-16.9221,145.435,313.1,1,1,2014-07-07,0404,Aqua,MODIS,58,6.2,302.9,7.2,D,0
-15.7724,144.8561,310.6,1,1,2014-07-07,0404,Aqua,MODIS,34,6.2,299.9,3.8,D,0
-15.2189,144.6111,348.3,1,1,2014-07-07,0404,Aqua,MODIS,94,6.2,304.7,50.7,D,0
-15.2265,144.6217,318,1,1,2014-07-07,0404,Aqua,MODIS,69,6.2,304.8,7.8,D,0
-15.8514,143.034,326,1.1,1,2014-07-07,0404,Aqua,MODIS,77,6.2,307,18,D,0
-17.7261,145.9148,372.4,1,1,2014-07-07,0404,Aqua,MODIS,100,6.2,303.2,122.8,D,0
-16.9831,144.8071,314.4,1,1,2014-07-07,0404,Aqua,MODIS,56,6.2,301.7,7.6,D,0
-17.6785,146.0519,323,1,1,2014-07-07,0404,Aqua,MODIS,80,6.2,298.6,17.6,D,0
-15.2176,144.6204,330.5,1,1,2014-07-07,0404,Aqua,MODIS,83,6.2,304.7,21,D,0
-18.3654,145.3032,309.1,1,1,2014-07-07,0404,Aqua,MODIS,13,6.2,296.4,4.7,D,0
-15.7737,144.8468,315.3,1,1,2014-07-07,0404,Aqua,MODIS,64,6.2,300,7.5,D,0
-15.8552,143.0398,333.1,1.1,1,2014-07-07,0404,Aqua,MODIS,82,6.2,308.7,24.2,D,0
-15.8566,143.0295,357.5,1.1,1.1,2014-07-07,0404,Aqua,MODIS,98,6.2,308.5,80.8,D,0
-16.2182,137.0575,323.3,2.9,1.6,2014-07-07,0404,Aqua,MODIS,76,6.2,303.2,71.5,D,0
-16.1916,144.6175,330.3,1,1,2014-07-07,0404,Aqua,MODIS,84,6.2,301.5,24.1,D,0
-16.1929,144.6081,318.2,1,1,2014-07-07,0404,Aqua,MODIS,71,6.2,300.8,10.8,D,0
-16.2152,137.0841,323,2.8,1.6,2014-07-07,0404,Aqua,MODIS,76,6.2,302.6,69.4,D,0
-15.2529,143.5675,321.4,1,1,2014-07-07,0404,Aqua,MODIS,58,6.2,307.4,11,D,0
-18.001,145.8622,313.7,1,1,2014-07-07,0404,Aqua,MODIS,67,6.2,299.1,8.1,D,0
-18.3564,145.3018,330.2,1,1,2014-07-07,0404,Aqua,MODIS,84,6.2,298.2,25.4,D,0
-15.8674,143.0206,335,1.1,1.1,2014-07-07,0404,Aqua,MODIS,86,6.2,303.8,31.8,D,0
-17.7845,145.9597,325.4,1,1,2014-07-07,0404,Aqua,MODIS,81,6.2,297.6,21.2,D,0
-16.2192,137.0624,326.5,2.9,1.6,2014-07-07,0404,Aqua,MODIS,80,6.2,303.5,87.1,D,0
-17.1565,145.0157,316.8,1,1,2014-07-07,0404,Aqua,MODIS,65,6.2,305.3,7,D,0
-15.8741,143.0426,344.7,1.1,1,2014-07-07,0404,Aqua,MODIS,92,6.2,309.8,48.7,D,0
-15.2099,144.6097,315.2,1,1,2014-07-07,0404,Aqua,MODIS,49,6.2,302,5.6,D,0
-16.2006,144.6189,356.6,1,1,2014-07-07,0404,Aqua,MODIS,98,6.2,303.5,72.6,D,0
-15.5493,143.086,322.9,1.1,1,2014-07-07,0404,Aqua,MODIS,74,6.2,304.6,14.9,D,0
-16.2019,144.6095,352,1,1,2014-07-07,0404,Aqua,MODIS,96,6.2,303.2,61.8,D,0
-15.8528,143.0237,341.5,1.1,1.1,2014-07-07,0404,Aqua,MODIS,90,6.2,306.3,44.2,D,0
-18.3551,145.3112,326.5,1,1,2014-07-07,0404,Aqua,MODIS,81,6.2,297.7,20.3,D,0
-15.8727,143.0529,320.6,1.1,1,2014-07-07,0404,Aqua,MODIS,56,6.2,309,9.3,D,0
-18.3577,145.2923,314.7,1,1,2014-07-07,0404,Aqua,MODIS,68,6.2,297.4,9.4,D,0
-15.866,143.0309,340.9,1.1,1.1,2014-07-07,0404,Aqua,MODIS,90,6.2,308.3,40.8,D,0
-15.8755,143.0323,365.3,1.1,1.1,2014-07-07,0404,Aqua,MODIS,100,6.2,309.2,107.4,D,0
-16.2164,137.089,316.7,2.8,1.6,2014-07-07,0404,Aqua,MODIS,67,6.2,302.1,41.2,D,0
-17.7274,145.9054,349.8,1,1,2014-07-07,0404,Aqua,MODIS,95,6.2,301.5,59.8,D,0
-17.1552,145.0251,319.2,1,1,2014-07-07,0404,Aqua,MODIS,70,6.2,304.2,9.2,D,0
-15.858,143.0192,356.7,1.1,1.1,2014-07-07,0404,Aqua,MODIS,98,6.2,305.3,80.9,D,0
-15.515,141.573,320.9,1.3,1.1,2014-07-07,0404,Aqua,MODIS,69,6.2,307.8,12.6,D,0
-17.9996,145.8717,319.4,1,1,2014-07-07,0404,Aqua,MODIS,75,6.2,298.6,13.3,D,0
-15.9508,144.4381,313.3,1,1,2014-07-07,0404,Aqua,MODIS,53,6.2,303.1,6.2,D,0
-16.4769,137.0569,314.6,2.9,1.6,2014-07-07,0404,Aqua,MODIS,30,6.2,303.8,30.1,D,0
-16.4754,137.0494,315.4,2.9,1.6,2014-07-07,0404,Aqua,MODIS,43,6.2,303.4,32.7,D,0
-16.4943,137.0315,314.6,2.9,1.6,2014-07-07,0404,Aqua,MODIS,44,6.2,303,30.3,D,0
-16.0723,144.1532,318.5,1,1,2014-07-07,0404,Aqua,MODIS,70,6.2,303.1,10.7,D,0
-16.5894,136.4053,316.5,3.2,1.7,2014-07-07,0404,Aqua,MODIS,46,6.2,304.1,36.5,D,0
-16.5463,136.3696,323.8,3.3,1.7,2014-07-07,0404,Aqua,MODIS,64,6.2,303.1,72.9,D,0
-16.5618,136.3714,326.6,3.3,1.7,2014-07-07,0404,Aqua,MODIS,52,6.2,303.4,85.4,D,0
-16.5433,136.3999,320.7,3.2,1.7,2014-07-07,0404,Aqua,MODIS,21,6.2,306.1,51.7,D,0
-16.0736,144.1437,312.5,1,1,2014-07-07,0404,Aqua,MODIS,53,6.2,301.9,5.5,D,0
-16.7538,136.9946,329.8,2.9,1.6,2014-07-07,0404,Aqua,MODIS,83,6.2,304.2,97.8,D,0
-16.7391,136.9927,328.3,2.9,1.6,2014-07-07,0404,Aqua,MODIS,70,6.2,303.9,85.2,D,0
-16.754,136.9898,328.6,2.9,1.6,2014-07-07,0404,Aqua,MODIS,75,6.2,303.9,88.4,D,0
-16.7392,136.9881,324.8,2.9,1.6,2014-07-07,0404,Aqua,MODIS,56,6.2,303.8,67.7,D,0
-16.7098,136.9847,327.7,2.9,1.6,2014-07-07,0404,Aqua,MODIS,76,6.2,302.3,87.6,D,0
-15.1413,144.3744,339.5,1,1,2014-07-07,0404,Aqua,MODIS,89,6.2,306.5,35.7,D,0
-15.1426,144.3651,326.9,1,1,2014-07-07,0404,Aqua,MODIS,80,6.2,303.4,18.5,D,0
-13.5523,133.7066,316.1,4.7,2,2014-07-07,0405,Aqua,MODIS,51,6.2,297.3,81.5,D,0
-14.8993,141.7008,321.4,1.3,1.1,2014-07-07,0405,Aqua,MODIS,48,6.2,308.6,12.2,D,0
-14.8893,141.6994,321.3,1.3,1.1,2014-07-07,0405,Aqua,MODIS,35,6.2,308.3,11.6,D,0
-15.5198,136.1208,312.6,3.3,1.7,2014-07-07,0405,Aqua,MODIS,14,6.2,302.4,27.5,D,0
-15.5662,136.1259,317,3.3,1.7,2014-07-07,0405,Aqua,MODIS,67,6.2,302.5,50.4,D,0
-13.5374,133.6938,317.9,4.7,2,2014-07-07,0405,Aqua,MODIS,69,6.2,296.5,104.4,D,0
-14.1562,136.4638,310.5,3,1.6,2014-07-07,0405,Aqua,MODIS,34,6.2,295.7,32.8,D,0
-13.9556,133.807,313.2,4.7,2,2014-07-07,0405,Aqua,MODIS,57,6.2,298.9,63.6,D,0
-13.9547,133.815,311.7,4.7,2,2014-07-07,0405,Aqua,MODIS,50,6.2,299,52,D,0
-13.8439,133.8391,314.9,4.7,2,2014-07-07,0405,Aqua,MODIS,61,6.2,296.3,71,D,0
-13.8453,133.8352,313.7,4.7,2,2014-07-07,0405,Aqua,MODIS,56,6.2,296.2,62.3,D,0
-13.8396,133.882,314.6,4.6,2,2014-07-07,0405,Aqua,MODIS,58,6.2,298,65.2,D,0
-13.8408,133.8782,316.9,4.6,2,2014-07-07,0405,Aqua,MODIS,67,6.2,298,83.8,D,0
-13.7076,133.9427,311.7,4.6,2,2014-07-07,0405,Aqua,MODIS,48,6.2,297.9,42.2,D,0
-13.5534,133.6989,317.5,4.7,2,2014-07-07,0405,Aqua,MODIS,68,6.2,297.3,101,D,0
-13.2634,142.275,325.2,1.1,1.1,2014-07-07,0405,Aqua,MODIS,40,6.2,305.6,14.7,D,0
-13.2648,142.2646,335.7,1.1,1.1,2014-07-07,0405,Aqua,MODIS,80,6.2,303.2,31.4,D,0
-13.2003,142.2816,322.5,1.1,1.1,2014-07-07,0405,Aqua,MODIS,58,6.2,303.2,13.1,D,0
-14.73,142.6834,316.9,1.1,1.1,2014-07-07,0405,Aqua,MODIS,33,6.2,305.4,7.1,D,0
-13.3612,142.3061,359.1,1.1,1.1,2014-07-07,0405,Aqua,MODIS,99,6.2,305.9,92.1,D,0
-13.3626,142.2957,363.1,1.1,1.1,2014-07-07,0405,Aqua,MODIS,100,6.2,306.3,105.5,D,0
-13.3517,142.3048,327,1.1,1.1,2014-07-07,0405,Aqua,MODIS,81,6.2,302.8,21.6,D,0
-13.3531,142.2943,341.2,1.1,1.1,2014-07-07,0405,Aqua,MODIS,91,6.2,303.9,46.2,D,0
-14.0031,142.984,335.3,1.1,1,2014-07-07,0405,Aqua,MODIS,85,6.2,307,28.7,D,0
-14.0096,143.0051,315.8,1.1,1,2014-07-07,0405,Aqua,MODIS,46,6.2,304.3,6.5,D,0
-14.7754,141.8654,329.9,1.2,1.1,2014-07-07,0405,Aqua,MODIS,82,6.2,307,25.6,D,0
-14.7219,142.6717,322.2,1.1,1.1,2014-07-07,0405,Aqua,MODIS,73,6.2,305.9,12.7,D,0
-14.7205,142.6821,329.7,1.1,1.1,2014-07-07,0405,Aqua,MODIS,82,6.2,304.5,23.7,D,0
-14.6972,142.6723,316.1,1.1,1.1,2014-07-07,0405,Aqua,MODIS,51,6.2,304.6,7.3,D,0
-13.2045,142.0358,318.9,1.2,1.1,2014-07-07,0405,Aqua,MODIS,67,6.2,303.7,10.4,D,0
-13.2382,142.0246,313.8,1.2,1.1,2014-07-07,0405,Aqua,MODIS,49,6.2,300.9,6.6,D,0
-13.2348,142.0294,316.1,1.2,1.1,2014-07-07,0405,Aqua,MODIS,55,6.2,301.6,7.8,D,0
-13.3762,142.0506,313.8,1.2,1.1,2014-07-07,0405,Aqua,MODIS,49,6.2,302.3,6.1,D,0
-13.3068,142.2772,345.9,1.1,1.1,2014-07-07,0405,Aqua,MODIS,93,6.2,306.4,54.3,D,0
-13.3082,142.2668,342.7,1.1,1.1,2014-07-07,0405,Aqua,MODIS,92,6.2,303.1,47.1,D,0
-13.2987,142.2655,337.9,1.1,1.1,2014-07-07,0405,Aqua,MODIS,87,6.2,304.7,36.7,D,0
-13.2948,142.2583,324.7,1.1,1.1,2014-07-07,0405,Aqua,MODIS,43,6.2,302.3,16.1,D,0
-13.2934,142.2687,340.1,1.1,1.1,2014-07-07,0405,Aqua,MODIS,90,6.2,306.5,41,D,0
-14.0044,142.9741,334.7,1.1,1,2014-07-07,0405,Aqua,MODIS,86,6.2,306.6,29,D,0
-13.9965,142.9629,346.4,1.1,1,2014-07-07,0405,Aqua,MODIS,93,6.2,305.9,49.6,D,0
-13.6242,143.2033,320.4,1.1,1,2014-07-07,0405,Aqua,MODIS,61,6.2,302.8,10.8,D,0
-14.0175,143.0164,330.7,1.1,1,2014-07-07,0405,Aqua,MODIS,84,6.2,305.4,24.3,D,0
-14.9444,144.1452,328.7,1,1,2014-07-07,0405,Aqua,MODIS,78,6.2,300.7,19.2,D,0
-12.9324,141.6357,323.3,1.2,1.1,2014-07-07,0405,Aqua,MODIS,72,6.2,300.8,20.8,D,0
-14.0241,143.0127,339.9,1.1,1,2014-07-07,0405,Aqua,MODIS,90,6.2,306.2,38.7,D,0
-15.058,144.2511,313,1,1,2014-07-07,0405,Aqua,MODIS,50,6.2,301.8,5,D,0
-13.7239,143.2006,334.9,1.1,1,2014-07-07,0405,Aqua,MODIS,84,6.2,304.8,28.1,D,0
-13.7129,143.222,331.2,1.1,1,2014-07-07,0405,Aqua,MODIS,45,6.2,304,23.8,D,0
-13.7156,143.2026,327.7,1.1,1,2014-07-07,0405,Aqua,MODIS,38,6.2,304.5,19.2,D,0
-13.6296,143.1647,322.8,1.1,1,2014-07-07,0405,Aqua,MODIS,64,6.2,301.8,13.8,D,0
-13.6271,143.1148,344.9,1.1,1,2014-07-07,0405,Aqua,MODIS,93,6.2,303.2,47.8,D,0
-13.6284,143.1051,328.5,1.1,1,2014-07-07,0405,Aqua,MODIS,82,6.2,300.4,21.6,D,0
-13.6165,143.1232,319.5,1.1,1,2014-07-07,0405,Aqua,MODIS,34,6.2,301.7,10.3,D,0
-14.0123,142.9854,338.3,1.1,1,2014-07-07,0405,Aqua,MODIS,89,6.2,304.5,35.1,D,0
-14.5078,143.0434,350.4,1.1,1,2014-07-07,0405,Aqua,MODIS,95,6.2,302.8,64,D,0
-14.0017,142.9939,330.2,1.1,1,2014-07-07,0405,Aqua,MODIS,81,6.2,304.9,21.3,D,0
-14.7739,141.8768,326.9,1.2,1.1,2014-07-07,0405,Aqua,MODIS,79,6.2,306.2,20.9,D,0
-14.011,142.9952,332.9,1.1,1,2014-07-07,0405,Aqua,MODIS,85,6.2,304.8,26.5,D,0
-14.5991,143.1126,335.2,1.1,1,2014-07-07,0405,Aqua,MODIS,86,6.2,305.8,32.5,D,0
-14.0137,142.9755,318.8,1.1,1,2014-07-07,0405,Aqua,MODIS,37,6.2,301.9,9.2,D,0
-15.5817,136.1277,314,3.3,1.7,2014-07-07,0405,Aqua,MODIS,25,6.2,302,33.2,D,0
-14.0386,143.045,327.8,1.1,1,2014-07-07,0405,Aqua,MODIS,49,6.2,305.4,18.2,D,0
-14.4878,143.0507,328.2,1.1,1,2014-07-07,0405,Aqua,MODIS,47,6.2,299.1,21.2,D,0
-14.4971,143.0521,324.7,1.1,1,2014-07-07,0405,Aqua,MODIS,77,6.2,299.4,19.2,D,0
-14.3719,143.0417,344.4,1.1,1,2014-07-07,0405,Aqua,MODIS,92,6.2,301.8,47,D,0
-14.7183,142.298,323.2,1.2,1.1,2014-07-07,0405,Aqua,MODIS,59,6.2,308.5,13.3,D,0
-12.7089,134.9282,312.6,3.7,1.8,2014-07-07,0405,Aqua,MODIS,46,6.2,296.4,35.5,D,0
-13.6802,143.1875,336.5,1.1,1,2014-07-07,0405,Aqua,MODIS,69,6.2,304.4,28.9,D,0
-12.14,142.4351,318.2,1.1,1,2014-07-07,0405,Aqua,MODIS,69,6.2,301.3,8.6,D,0
-12.1375,142.3839,315,1.1,1,2014-07-07,0405,Aqua,MODIS,60,6.2,299.1,6.6,D,0
-14.3809,143.089,332.9,1.1,1,2014-07-07,0405,Aqua,MODIS,37,6.2,302.2,24.8,D,0
-15.2686,143.0587,345.4,1.1,1,2014-07-07,0405,Aqua,MODIS,93,6.2,308.3,49.3,D,0
-14.0809,143.0813,332.6,1.1,1,2014-07-07,0405,Aqua,MODIS,62,6.2,305.8,24.5,D,0
-14.4087,143.0931,327.9,1.1,1,2014-07-07,0405,Aqua,MODIS,57,6.2,300.7,21,D,0
-14.2165,143.4302,317.4,1,1,2014-07-07,0405,Aqua,MODIS,67,6.2,301.9,9.5,D,0
-14.2902,143.0332,341,1.1,1,2014-07-07,0405,Aqua,MODIS,75,6.2,306.1,38,D,0
-14.6363,143.1181,313.8,1.1,1,2014-07-07,0405,Aqua,MODIS,48,6.2,301.3,6.2,D,0
-12.1334,142.4138,365.6,1.1,1,2014-07-07,0405,Aqua,MODIS,100,6.2,303.8,107,D,0
-14.0651,143.0589,329.5,1.1,1,2014-07-07,0405,Aqua,MODIS,53,6.2,304.3,20.5,D,0
-15.5695,136.0952,316.8,3.3,1.7,2014-07-07,0405,Aqua,MODIS,67,6.2,301.1,49.6,D,0
-15.1719,141.7921,327.2,1.3,1.1,2014-07-07,0405,Aqua,MODIS,71,6.2,308.2,20.3,D,0
-14.5281,144.1631,320.8,1,1,2014-07-07,0405,Aqua,MODIS,73,6.2,302.8,10.7,D,0
-14.5294,144.1537,340.9,1,1,2014-07-07,0405,Aqua,MODIS,90,6.2,303.3,37.5,D,0
-14.2962,143.0408,334.8,1.1,1,2014-07-07,0405,Aqua,MODIS,72,6.2,305.4,29.6,D,0
-15.5646,136.0994,318.7,3.3,1.7,2014-07-07,0405,Aqua,MODIS,31,6.2,301.3,53.2,D,0
-14.4366,143.0972,318.6,1.1,1,2014-07-07,0405,Aqua,MODIS,54,6.2,300.1,10.6,D,0
-14.4341,143.0462,332.2,1.1,1,2014-07-07,0405,Aqua,MODIS,57,6.2,301.9,27.2,D,0
-14.4958,143.062,319.4,1.1,1,2014-07-07,0405,Aqua,MODIS,66,6.2,300.2,11.9,D,0
-14.2304,143.0547,330.9,1.1,1,2014-07-07,0405,Aqua,MODIS,40,6.2,302.7,21.4,D,0
-14.4352,143.1072,341.9,1.1,1,2014-07-07,0405,Aqua,MODIS,91,6.2,304.4,43.6,D,0
-14.8671,143.2412,315,1.1,1,2014-07-07,0405,Aqua,MODIS,37,6.2,304.6,4.9,D,0
-14.4985,143.0422,329.3,1.1,1,2014-07-07,0405,Aqua,MODIS,82,6.2,298.7,25.2,D,0
-14.4892,143.0408,334.4,1.1,1,2014-07-07,0405,Aqua,MODIS,65,6.2,299.3,31.1,D,0
-14.7129,142.2642,332.4,1.2,1.1,2014-07-07,0405,Aqua,MODIS,79,6.2,305.7,27.2,D,0
-15.4926,136.1109,314.4,3.3,1.7,2014-07-07,0405,Aqua,MODIS,46,6.2,301.9,35.7,D,0
-14.2543,143.0179,343.2,1.1,1,2014-07-07,0405,Aqua,MODIS,83,6.2,304.4,43.2,D,0
-14.5881,144.3204,329.5,1,1,2014-07-07,0405,Aqua,MODIS,82,6.2,303.9,21.1,D,0
-14.4074,143.103,347.2,1.1,1,2014-07-07,0405,Aqua,MODIS,92,6.2,303.3,52.3,D,0
-14.5065,143.0534,328.6,1.1,1,2014-07-07,0405,Aqua,MODIS,77,6.2,300.5,23.2,D,0
-14.4912,144.1606,332.3,1,1,2014-07-07,0405,Aqua,MODIS,0,6.2,306.3,23.6,D,0
-12.6975,134.9545,317.9,3.7,1.8,2014-07-07,0405,Aqua,MODIS,73,6.2,298.2,68.5,D,0
-14.3968,143.1115,331.5,1.1,1,2014-07-07,0405,Aqua,MODIS,34,6.2,301.7,20.2,D,0
-15.5081,136.1126,314.3,3.3,1.7,2014-07-07,0405,Aqua,MODIS,21,6.2,302.2,33.3,D,0
-15.2231,143.0418,320.2,1.1,1,2014-07-07,0405,Aqua,MODIS,43,6.2,305.9,9.2,D,0
-14.3347,143.0362,337.5,1.1,1,2014-07-07,0405,Aqua,MODIS,88,6.2,301.3,35.6,D,0
-14.3848,143.1299,338.8,1.1,1,2014-07-07,0405,Aqua,MODIS,84,6.2,305.8,34,D,0
-14.7215,142.1989,321.4,1.2,1.1,2014-07-07,0405,Aqua,MODIS,72,6.2,304.3,15.4,D,0
-14.4672,143.0815,316.6,1.1,1,2014-07-07,0405,Aqua,MODIS,65,6.2,299.4,10.2,D,0
-14.4273,141.5689,318.7,1.3,1.1,2014-07-07,0405,Aqua,MODIS,55,6.2,306.4,7.7,D,0
-14.934,144.1532,321.7,1,1,2014-07-07,0405,Aqua,MODIS,40,6.2,306.1,10,D,0
-14.373,143.1024,337.6,1.1,1,2014-07-07,0405,Aqua,MODIS,78,6.2,304.6,32.9,D,0
-14.3254,143.0349,330.8,1.1,1,2014-07-07,0405,Aqua,MODIS,83,6.2,300.5,26.1,D,0
-13.6723,143.1765,360.1,1.1,1,2014-07-07,0405,Aqua,MODIS,100,6.2,306.7,78.1,D,0
-14.1455,143.0773,332.6,1.1,1,2014-07-07,0405,Aqua,MODIS,44,6.2,306,24.8,D,0
-14.5752,144.3469,319.2,1,1,2014-07-07,0405,Aqua,MODIS,60,6.2,302.6,9.2,D,0
-12.9166,142.3378,317.6,1.1,1.1,2014-07-07,0405,Aqua,MODIS,69,6.2,302.1,10.3,D,0
-14.4799,143.0394,328.3,1.1,1,2014-07-07,0405,Aqua,MODIS,37,6.2,300,22,D,0
-14.0902,143.0827,324.2,1.1,1,2014-07-07,0405,Aqua,MODIS,36,6.2,304,14.1,D,0
-15.19,141.8129,336.3,1.3,1.1,2014-07-07,0405,Aqua,MODIS,64,6.2,307.9,34.4,D,0
-13.1199,134.8513,315.6,3.8,1.8,2014-07-07,0405,Aqua,MODIS,52,6.2,297.6,52.4,D,0
-14.4727,143.0418,318,1.1,1,2014-07-07,0405,Aqua,MODIS,35,6.2,300.4,11.2,D,0
-15.1827,143.4819,319.8,1.1,1,2014-07-07,0405,Aqua,MODIS,70,6.2,304.4,11.6,D,0
-14.414,143.1242,327.5,1.1,1,2014-07-07,0405,Aqua,MODIS,41,6.2,303.7,16.6,D,0
-15.1312,143.4578,328.8,1.1,1,2014-07-07,0405,Aqua,MODIS,81,6.2,303.7,22.2,D,0
-13.6434,143.1129,331.9,1.1,1,2014-07-07,0405,Aqua,MODIS,60,6.2,299.8,24.4,D,0
-14.1932,143.0741,324.7,1.1,1,2014-07-07,0405,Aqua,MODIS,53,6.2,304.2,15.8,D,0
-13.6815,143.1778,334.4,1.1,1,2014-07-07,0405,Aqua,MODIS,41,6.2,304.1,23.9,D,0
-13.6828,143.1682,329.5,1.1,1,2014-07-07,0405,Aqua,MODIS,41,6.2,301.8,18.4,D,0
-14.032,143.0239,343.2,1.1,1,2014-07-07,0405,Aqua,MODIS,92,6.2,305.9,43.7,D,0
-15.131,143.5273,318.5,1.1,1,2014-07-07,0405,Aqua,MODIS,68,6.2,302.2,10.1,D,0
-11.7873,142.6571,331.3,1.1,1,2014-07-07,0405,Aqua,MODIS,84,6.2,299.9,27,D,0
-12.7069,141.9563,316.9,1.2,1.1,2014-07-07,0405,Aqua,MODIS,0,6.2,305.4,9.6,D,0
-14.6011,144.2939,320.1,1,1,2014-07-07,0405,Aqua,MODIS,72,6.2,302.9,11,D,0
-12.3249,142.0702,321.5,1.1,1.1,2014-07-07,0405,Aqua,MODIS,73,6.2,303.9,13.7,D,0
-15.2391,143.0648,328.3,1.1,1,2014-07-07,0405,Aqua,MODIS,73,6.2,303.9,19,D,0
-14.0307,143.0338,336,1.1,1,2014-07-07,0405,Aqua,MODIS,87,6.2,305.4,30.4,D,0
-13.639,143.0967,314,1.1,1,2014-07-07,0405,Aqua,MODIS,34,6.2,297.4,7.1,D,0
-13.671,143.1862,335.9,1.1,1,2014-07-07,0405,Aqua,MODIS,61,6.2,302.5,26.8,D,0
-14.3744,143.0925,357.6,1.1,1,2014-07-07,0405,Aqua,MODIS,99,6.2,308.5,77,D,0
-11.786,142.6668,321.8,1.1,1,2014-07-07,0405,Aqua,MODIS,74,6.2,299.4,15.1,D,0
-13.1923,142.2699,345.4,1.1,1.1,2014-07-07,0405,Aqua,MODIS,93,6.2,304.6,52.9,D,0
-14.0638,143.0688,330.3,1.1,1,2014-07-07,0405,Aqua,MODIS,51,6.2,303.8,20.9,D,0
-15.1298,143.4675,320.7,1.1,1,2014-07-07,0405,Aqua,MODIS,71,6.2,303.8,12.5,D,0
-12.3168,142.0584,316.7,1.1,1.1,2014-07-07,0405,Aqua,MODIS,49,6.2,301,8.2,D,0
-12.7053,134.9623,312.9,3.7,1.8,2014-07-07,0405,Aqua,MODIS,43,6.2,297.3,36.1,D,0
-15.2284,143.0735,319.9,1.1,1,2014-07-07,0405,Aqua,MODIS,67,6.2,306.1,9.9,D,0
-13.675,143.1571,375,1.1,1,2014-07-07,0405,Aqua,MODIS,100,6.2,304.2,132.2,D,0
-12.3263,142.0598,331.3,1.1,1.1,2014-07-07,0405,Aqua,MODIS,83,6.2,302.8,27.2,D,0
-12.9152,142.3481,327.2,1.1,1.1,2014-07-07,0405,Aqua,MODIS,81,6.2,304,22.1,D,0
-15.0092,142.7941,316.2,1.1,1.1,2014-07-07,0405,Aqua,MODIS,60,6.2,306,6.9,D,0
-14.2609,143.039,333.9,1.1,1,2014-07-07,0405,Aqua,MODIS,48,6.2,303.9,23.6,D,0
-14.1548,143.0786,330.7,1.1,1,2014-07-07,0405,Aqua,MODIS,39,6.2,304.3,21.5,D,0
-12.132,142.4238,334.3,1.1,1,2014-07-07,0405,Aqua,MODIS,86,6.2,301,29.6,D,0
-15.2766,143.0702,322.3,1.1,1,2014-07-07,0405,Aqua,MODIS,68,6.2,305.1,11.3,D,0
-14.3161,143.0336,334.7,1.1,1,2014-07-07,0405,Aqua,MODIS,85,6.2,300.7,31,D,0
-13.6447,143.1031,329.6,1.1,1,2014-07-07,0405,Aqua,MODIS,71,6.2,298.7,23.6,D,0
-14.5307,144.1444,331.2,1,1,2014-07-07,0405,Aqua,MODIS,84,6.2,301.7,21.6,D,0
-14.3703,143.1222,325.4,1.1,1,2014-07-07,0405,Aqua,MODIS,39,6.2,304.7,15.7,D,0
-14.5002,144.162,316.7,1,1,2014-07-07,0405,Aqua,MODIS,0,6.2,304.3,7.1,D,0
-14.4681,144.1286,360.6,1,1,2014-07-07,0405,Aqua,MODIS,75,6.2,310.1,79.8,D,0
-14.9353,144.1438,328.5,1,1,2014-07-07,0405,Aqua,MODIS,79,6.2,304.8,17.9,D,0
-13.6377,143.1064,326,1.1,1,2014-07-07,0405,Aqua,MODIS,80,6.2,299.3,18.9,D,0
-13.6658,143.1558,331.6,1.1,1,2014-07-07,0405,Aqua,MODIS,53,6.2,301.2,20.8,D,0
-13.0995,134.8843,314.3,3.8,1.8,2014-07-07,0405,Aqua,MODIS,42,6.2,296.6,44,D,0
-14.7197,142.2872,320.1,1.2,1.1,2014-07-07,0405,Aqua,MODIS,47,6.2,307.7,10.3,D,0
-14.2716,143.0305,324,1.1,1,2014-07-07,0405,Aqua,MODIS,46,6.2,302.9,14.2,D,0
-15.278,143.0601,336.7,1.1,1,2014-07-07,0405,Aqua,MODIS,87,6.2,306.2,32.3,D,0
-13.6763,143.1474,370.8,1.1,1,2014-07-07,0405,Aqua,MODIS,100,6.2,303.9,118,D,0
-14.3796,143.0988,356.6,1.1,1,2014-07-07,0405,Aqua,MODIS,98,6.2,306.8,73.3,D,0
-14.3954,143.1214,350.7,1.1,1,2014-07-07,0405,Aqua,MODIS,95,6.2,305.3,54.9,D,0
-14.4047,143.1228,351.4,1.1,1,2014-07-07,0405,Aqua,MODIS,96,6.2,303.9,57.8,D,0
-12.7868,134.507,311,4,1.9,2014-07-07,0405,Aqua,MODIS,61,6.2,296.4,39.7,D,0
-12.7013,134.9205,310.1,3.7,1.8,2014-07-07,0405,Aqua,MODIS,54,6.2,296.1,27.5,D,0
-14.0558,143.0576,328,1.1,1,2014-07-07,0405,Aqua,MODIS,58,6.2,304.2,18.5,D,0
-14.4168,143.0335,320.6,1.1,1,2014-07-07,0405,Aqua,MODIS,32,6.2,301,13.3,D,0
-14.943,144.1546,320.6,1,1,2014-07-07,0405,Aqua,MODIS,39,6.2,301.7,9.9,D,0
-14.2975,143.0309,320.8,1.1,1,2014-07-07,0405,Aqua,MODIS,62,6.2,302.8,14.4,D,0
-14.6024,144.2846,314.4,1,1,2014-07-07,0405,Aqua,MODIS,59,6.2,301.8,6.1,D,0
-14.6935,142.2614,323.5,1.2,1.1,2014-07-07,0405,Aqua,MODIS,74,6.2,306.9,15.1,D,0
-13.11,134.8579,319.3,3.8,1.8,2014-07-07,0405,Aqua,MODIS,75,6.2,296.9,79.1,D,0
-14.2437,143.0264,323.6,1.1,1,2014-07-07,0405,Aqua,MODIS,56,6.2,301.2,14.1,D,0
-14.5829,144.3575,316.8,1,1,2014-07-07,0405,Aqua,MODIS,48,6.2,302.7,7.4,D,0
-12.9198,142.3553,315.1,1.1,1.1,2014-07-07,0405,Aqua,MODIS,44,6.2,303,6.6,D,0
-14.7115,142.275,332,1.2,1.1,2014-07-07,0405,Aqua,MODIS,74,6.2,308.2,25.7,D,0
-14.5247,134.7312,312.7,4.1,1.9,2014-07-07,0405,Aqua,MODIS,55,6.2,301.2,44.6,D,0
-14.3941,143.1314,342.5,1.1,1,2014-07-07,0405,Aqua,MODIS,83,6.2,307.4,40.1,D,0
-14.229,143.0646,332.8,1.1,1,2014-07-07,0405,Aqua,MODIS,61,6.2,304.1,24.8,D,0
-12.7819,134.4995,309.9,4,1.9,2014-07-07,0405,Aqua,MODIS,58,6.2,296.3,33.8,D,0
-13.1063,134.8927,314.5,3.8,1.8,2014-07-07,0405,Aqua,MODIS,60,6.2,296.6,45.3,D,0
-15.4888,136.1173,312.8,3.3,1.7,2014-07-07,0405,Aqua,MODIS,15,6.2,302.1,26.8,D,0
-14.8802,143.2834,324.6,1.1,1,2014-07-07,0405,Aqua,MODIS,76,6.2,305,14.8,D,0
-14.3705,143.0516,331.7,1.1,1,2014-07-07,0405,Aqua,MODIS,22,6.2,301,21.9,D,0
-15.1876,142.8318,322.9,1.1,1.1,2014-07-07,0405,Aqua,MODIS,69,6.2,308.9,12.6,D,0
-14.4034,143.1328,349.6,1.1,1,2014-07-07,0405,Aqua,MODIS,95,6.2,307.8,55.8,D,0
-12.1414,142.4251,325.8,1.1,1,2014-07-07,0405,Aqua,MODIS,79,6.2,301.6,17.5,D,0
-14.6576,141.6009,320.6,1.3,1.1,2014-07-07,0405,Aqua,MODIS,39,6.2,306.9,11.5,D,0
-14.2383,143.066,331.7,1.1,1,2014-07-07,0405,Aqua,MODIS,50,6.2,304.4,23.2,D,0
-14.4865,143.0606,337.7,1.1,1,2014-07-07,0405,Aqua,MODIS,80,6.2,300.3,34.8,D,0
-15.1759,143.1312,317.7,1.1,1,2014-07-07,0405,Aqua,MODIS,49,6.2,305.8,6.9,D,0
-11.9871,134.0505,311.7,4.3,1.9,2014-07-07,0406,Aqua,MODIS,38,6.2,297.3,36.9,D,0
-12.618,134.4001,315,4.1,1.9,2014-07-07,0406,Aqua,MODIS,69,6.2,298.9,55.8,D,0
-12.622,134.3627,311.2,4.1,1.9,2014-07-07,0406,Aqua,MODIS,41,6.2,297.1,33,D,0
-12.6136,134.3922,314.5,4.1,1.9,2014-07-07,0406,Aqua,MODIS,53,6.2,298.7,50.6,D,0
-12.3472,134.8573,322.2,3.7,1.8,2014-07-07,0406,Aqua,MODIS,77,6.2,297.3,102.5,D,0
-25.3875,131.0956,310.1,2.7,1.6,2014-07-07,0540,Aqua,MODIS,55,6.2,299,21.9,D,0
-22.8091,122.6936,317.7,1,1,2014-07-07,0541,Aqua,MODIS,29,6.2,305.4,7.1,D,0
-22.7863,122.6595,319,1,1,2014-07-07,0541,Aqua,MODIS,34,6.2,305.8,7,D,0
-22.8105,122.6838,320.4,1,1,2014-07-07,0541,Aqua,MODIS,36,6.2,304.7,9.2,D,0
-22.7849,122.6693,328.7,1,1,2014-07-07,0541,Aqua,MODIS,79,6.2,305.9,17.6,D,0
-22.8044,122.6626,324.5,1,1,2014-07-07,0541,Aqua,MODIS,40,6.2,307.8,12.8,D,0
-22.803,122.6724,349.6,1,1,2014-07-07,0541,Aqua,MODIS,94,6.2,308.2,52.1,D,0
-18.8142,121.7004,349.8,1,1,2014-07-07,0542,Aqua,MODIS,94,6.2,306.5,52.2,D,0
-18.8156,121.6908,382.4,1,1,2014-07-07,0542,Aqua,MODIS,100,6.2,310.7,155.4,D,0
-18.8052,121.6989,335.9,1,1,2014-07-07,0542,Aqua,MODIS,85,6.2,308.1,26.7,D,0
-18.8066,121.6893,351.6,1,1,2014-07-07,0542,Aqua,MODIS,95,6.2,312.4,55.6,D,0
-21.0552,118.8361,320.7,1.2,1.1,2014-07-07,0542,Aqua,MODIS,46,6.2,308.5,8.3,D,0
-21.0567,118.8247,337,1.2,1.1,2014-07-07,0542,Aqua,MODIS,86,6.2,310.8,34.4,D,0
-20.8021,119.631,327.5,1.1,1,2014-07-07,0542,Aqua,MODIS,75,6.2,303.3,19.1,D,0
-20.8035,119.6206,348.8,1.1,1,2014-07-07,0542,Aqua,MODIS,94,6.2,302.6,56.5,D,0
-20.7928,119.6296,343,1.1,1,2014-07-07,0542,Aqua,MODIS,90,6.2,307.5,43.4,D,0
-20.7941,119.6192,370,1.1,1,2014-07-07,0542,Aqua,MODIS,100,6.2,310.7,118.9,D,0
-20.7955,119.6088,358.5,1.1,1,2014-07-07,0542,Aqua,MODIS,99,6.2,308.9,80.4,D,0
-20.7673,119.6298,326,1.1,1,2014-07-07,0542,Aqua,MODIS,72,6.2,308.8,15.4,D,0
-21.2448,119.9604,350.4,1.1,1,2014-07-07,0542,Aqua,MODIS,95,6.2,309.2,57.5,D,0
-21.2527,119.9721,320,1.1,1,2014-07-07,0542,Aqua,MODIS,50,6.2,304.4,9.8,D,0
-21.2647,119.953,355.2,1.1,1,2014-07-07,0542,Aqua,MODIS,97,6.2,308.6,70.8,D,0
-21.2434,119.9706,360.8,1.1,1,2014-07-07,0542,Aqua,MODIS,100,6.2,307,85.6,D,0
-20.0416,119.9739,328,1,1,2014-07-07,0542,Aqua,MODIS,76,6.2,308.1,16.5,D,0
-21.2619,119.9735,395.2,1.1,1,2014-07-07,0542,Aqua,MODIS,100,6.2,314.6,238,D,0
-21.2633,119.9632,350.6,1.1,1,2014-07-07,0542,Aqua,MODIS,95,6.2,305.9,59.9,D,0
-21.2606,119.9837,343.5,1.1,1,2014-07-07,0542,Aqua,MODIS,91,6.2,301.2,45.8,D,0
-14.1764,127.0953,318.9,2.4,1.5,2014-07-07,0543,Aqua,MODIS,59,6.2,306.2,21.1,D,0
-15.5634,128.207,320.1,2.7,1.6,2014-07-07,0543,Aqua,MODIS,68,6.2,306.8,31.1,D,0
-15.415,127.8564,338.1,2.6,1.5,2014-07-07,0543,Aqua,MODIS,88,6.2,303.9,115.6,D,0
-15.4193,127.8332,341.7,2.6,1.5,2014-07-07,0543,Aqua,MODIS,90,6.2,306.7,138.7,D,0
-14.1576,130.655,313.6,4.5,1.9,2014-07-07,0543,Aqua,MODIS,38,6.2,300.6,41.7,D,0
-14.0913,127.2636,321.9,2.5,1.5,2014-07-07,0543,Aqua,MODIS,71,6.2,303.2,42.9,D,0
-15.4133,127.8248,340.4,2.6,1.5,2014-07-07,0543,Aqua,MODIS,89,6.2,305.9,137,D,0
-15.451,127.8161,317.5,2.6,1.5,2014-07-07,0543,Aqua,MODIS,55,6.2,306,23,D,0
-15.2769,127.9186,317.8,2.6,1.6,2014-07-07,0543,Aqua,MODIS,64,6.2,305.5,23.9,D,0
-14.0872,127.2868,314.5,2.5,1.5,2014-07-07,0543,Aqua,MODIS,37,6.2,303.2,18.3,D,0
-15.4092,127.8478,352.9,2.6,1.5,2014-07-07,0543,Aqua,MODIS,96,6.2,304.4,234.8,D,0
-15.5776,128.2096,329.9,2.7,1.6,2014-07-07,0543,Aqua,MODIS,81,6.2,306.4,79.9,D,0
-15.5738,128.2013,328.5,2.7,1.6,2014-07-07,0543,Aqua,MODIS,80,6.2,306.2,71.3,D,0
-15.5693,128.2269,324,2.8,1.6,2014-07-07,0543,Aqua,MODIS,75,6.2,306.9,47.2,D,0
-15.423,127.8506,339.5,2.6,1.5,2014-07-07,0543,Aqua,MODIS,89,6.2,304.3,128.8,D,0
-15.1495,130.9328,312.9,4.5,1.9,2014-07-07,0543,Aqua,MODIS,23,6.2,301.3,35.3,D,0
-15.8402,128.6857,333.3,2.9,1.6,2014-07-07,0543,Aqua,MODIS,84,6.2,305,116.7,D,0
-15.8413,128.6936,334.9,2.9,1.6,2014-07-07,0543,Aqua,MODIS,80,6.2,304.1,129.2,D,0
-15.8999,128.7038,316.4,2.9,1.6,2014-07-07,0543,Aqua,MODIS,42,6.2,304.1,29.8,D,0
-15.1323,131.0213,313.3,4.5,2,2014-07-07,0543,Aqua,MODIS,26,6.2,301.3,43.4,D,0
-15.1489,130.9374,314.3,4.5,1.9,2014-07-07,0543,Aqua,MODIS,41,6.2,301.4,44.3,D,0
-15.4271,127.8274,320.9,2.6,1.5,2014-07-07,0543,Aqua,MODIS,27,6.2,306.2,32.1,D,0
-15.0995,126.1441,313.9,2,1.4,2014-07-07,0543,Aqua,MODIS,33,6.2,302.4,11.1,D,0
-14.1699,127.0996,320.5,2.4,1.5,2014-07-07,0543,Aqua,MODIS,60,6.2,306.5,24.4,D,0
-16.9097,122.6816,315.4,1.1,1.1,2014-07-07,0543,Aqua,MODIS,53,6.2,303.4,6.7,D,0
-16.9003,122.68,315.9,1.1,1.1,2014-07-07,0543,Aqua,MODIS,51,6.2,304,7.2,D,0
-16.0774,127.8342,318.8,2.5,1.5,2014-07-07,0543,Aqua,MODIS,39,6.2,306.9,25,D,0
-15.954,128.4186,316.1,2.8,1.6,2014-07-07,0543,Aqua,MODIS,56,6.2,305,25.8,D,0
-15.9042,128.6818,319.6,2.9,1.6,2014-07-07,0543,Aqua,MODIS,48,6.2,305.3,39.8,D,0
-15.9048,128.6768,317.1,2.9,1.6,2014-07-07,0543,Aqua,MODIS,44,6.2,305.4,30,D,0
-15.9592,127.9045,319.6,2.5,1.5,2014-07-07,0543,Aqua,MODIS,64,6.2,306.1,25.8,D,0
-13.7557,129.9066,312.9,4,1.9,2014-07-07,0543,Aqua,MODIS,29,6.2,298.2,46.9,D,0
-13.7627,129.8704,318.9,4,1.9,2014-07-07,0543,Aqua,MODIS,63,6.2,299.5,88.9,D,0
-13.7502,129.8982,316.4,4,1.9,2014-07-07,0543,Aqua,MODIS,57,6.2,297.9,70.3,D,0
-17.5831,122.1757,349,1.1,1,2014-07-07,0543,Aqua,MODIS,82,6.2,304.5,56.2,D,0
-17.5816,122.1855,343.6,1.1,1,2014-07-07,0543,Aqua,MODIS,91,6.2,302.2,44.4,D,0
-17.5922,122.1773,333.3,1.1,1,2014-07-07,0543,Aqua,MODIS,0,6.2,304,25.8,D,0
-17.5878,122.2068,333.3,1.1,1,2014-07-07,0543,Aqua,MODIS,67,6.2,305.4,25.9,D,0
-17.5863,122.2166,334.3,1.1,1,2014-07-07,0543,Aqua,MODIS,84,6.2,302.9,28.2,D,0
-17.6,122.1886,329.3,1.1,1,2014-07-07,0543,Aqua,MODIS,42,6.2,303.3,18.2,D,0
-17.5985,122.1985,323.1,1.1,1,2014-07-07,0543,Aqua,MODIS,36,6.2,305,12.1,D,0
-17.597,122.2083,321.4,1.1,1,2014-07-07,0543,Aqua,MODIS,30,6.2,305.3,11.3,D,0
-15.9485,127.9197,319.7,2.6,1.5,2014-07-07,0543,Aqua,MODIS,66,6.2,306.8,30.5,D,0
-15.8704,127.8802,317.9,2.5,1.5,2014-07-07,0543,Aqua,MODIS,48,6.2,306.9,23.5,D,0
-17.6835,122.2497,341.8,1.1,1,2014-07-07,0543,Aqua,MODIS,90,6.2,307.3,39.2,D,0
-17.682,122.2595,325.6,1.1,1,2014-07-07,0543,Aqua,MODIS,69,6.2,304.3,15.1,D,0
-17.6971,122.2216,332.2,1.1,1,2014-07-07,0543,Aqua,MODIS,82,6.2,305,23,D,0
-14.7506,126.2685,318.2,2,1.4,2014-07-07,0543,Aqua,MODIS,52,6.2,304.3,20.6,D,0
-17.7263,123.488,358.5,1.2,1.1,2014-07-07,0543,Aqua,MODIS,99,6.2,311,89.7,D,0
-16.0762,127.8049,319.9,2.5,1.5,2014-07-07,0543,Aqua,MODIS,59,6.2,307.3,24.6,D,0
-16.0817,127.811,326.8,2.5,1.5,2014-07-07,0543,Aqua,MODIS,78,6.2,308.6,53.6,D,0
-16.0721,127.8281,321.3,2.5,1.5,2014-07-07,0543,Aqua,MODIS,56,6.2,307.3,32.1,D,0
-15.6862,129.3451,314.1,3.3,1.7,2014-07-07,0543,Aqua,MODIS,24,6.2,301.7,27.5,D,0
-14.6942,126.2148,315.8,2,1.4,2014-07-07,0543,Aqua,MODIS,25,6.2,303.6,13.9,D,0
-19.5539,144.2261,307.6,1.9,1.3,2014-07-07,1328,Terra,MODIS,72,6.2,278.7,29.7,N,0
-19.5571,144.2081,307.2,1.9,1.3,2014-07-07,1328,Terra,MODIS,71,6.2,278.7,29,N,0
-20.7348,139.4696,302.6,1,1,2014-07-07,1328,Terra,MODIS,50,6.2,283.3,8.4,N,0
-20.7333,139.4795,304,1,1,2014-07-07,1328,Terra,MODIS,58,6.2,282.3,9.3,N,2
-16.58,136.4337,312.9,1,1,2014-07-07,1329,Terra,MODIS,86,6.2,288,13,N,0
-16.5813,136.424,323.1,1,1,2014-07-07,1329,Terra,MODIS,100,6.2,288.6,23.3,N,0
-16.5826,136.4144,302.8,1,1,2014-07-07,1329,Terra,MODIS,51,6.2,287,7,N,0
-16.5604,136.4405,306,1,1,2014-07-07,1329,Terra,MODIS,66,6.2,288.9,8.1,N,0
-16.5513,136.4391,306.6,1,1,2014-07-07,1329,Terra,MODIS,62,6.2,289.5,8.5,N,0
-16.5383,136.3978,305.6,1,1,2014-07-07,1329,Terra,MODIS,12,6.2,287.8,7.6,N,0
-16.5317,136.3771,309.4,1,1,2014-07-07,1329,Terra,MODIS,45,6.2,288.1,10.2,N,0
-16.5235,136.3794,316.7,1,1,2014-07-07,1329,Terra,MODIS,94,6.2,288.1,17.4,N,0
-16.5262,136.3601,300.5,1,1,2014-07-07,1329,Terra,MODIS,29,6.2,287.9,6.1,N,0
-15.663,129.3544,303.1,2.8,1.6,2014-07-07,1330,Terra,MODIS,53,6.2,288.8,26.1,N,0
-15.6774,129.3562,309.4,2.8,1.6,2014-07-07,1330,Terra,MODIS,77,6.2,288.8,44.9,N,0
-15.6756,129.3506,309.1,2.8,1.6,2014-07-07,1330,Terra,MODIS,76,6.2,288.8,42.4,N,0
-13.109,134.8889,301.9,1.1,1,2014-07-07,1330,Terra,MODIS,45,6.2,290,5.9,N,0
-12.5522,135.2595,324.7,1.1,1,2014-07-07,1330,Terra,MODIS,100,6.2,291.8,24.2,N,0
-12.5459,135.2527,303.8,1.1,1,2014-07-07,1330,Terra,MODIS,57,6.2,290.7,6.8,N,0
-12.8406,133.3053,306,1.3,1.1,2014-07-07,1330,Terra,MODIS,66,6.2,292.5,8.9,N,0
-16.1813,135.4567,300.3,1.1,1,2014-07-07,1330,Terra,MODIS,24,6.2,288.3,6.4,N,0
-12.5535,135.2499,318.1,1.1,1,2014-07-07,1330,Terra,MODIS,96,6.2,291.2,17.1,N,0
-12.5614,135.2609,305.1,1.1,1,2014-07-07,1330,Terra,MODIS,63,6.2,290.8,7,N,0
-15.4628,127.7868,301.4,3.7,1.8,2014-07-07,1330,Terra,MODIS,41,6.2,289.7,33.4,N,0
-14.7449,130.0896,301,2.4,1.5,2014-07-07,1330,Terra,MODIS,36,6.2,290.4,17.1,N,0
-15.4593,127.8219,310.7,3.7,1.8,2014-07-07,1330,Terra,MODIS,81,6.2,291.5,70.8,N,0
-15.1391,130.9352,308,2.1,1.4,2014-07-07,1330,Terra,MODIS,73,6.2,289.5,26.7,N,0
-15.3101,127.9965,303,3.6,1.8,2014-07-07,1330,Terra,MODIS,52,6.2,290.4,38,N,0
-15.4519,127.8162,313.8,3.7,1.8,2014-07-07,1330,Terra,MODIS,88,6.2,291.6,86.6,N,0
-14.1051,133.4393,306.7,1.3,1.1,2014-07-07,1330,Terra,MODIS,69,6.2,289.9,12.5,N,0
-13.9069,134.0253,301.4,1.2,1.1,2014-07-07,1330,Terra,MODIS,31,6.2,288.2,7.1,N,0
-14.1066,133.4269,313.2,1.3,1.1,2014-07-07,1330,Terra,MODIS,87,6.2,289.8,19.9,N,0
-14.0363,130.7971,304.2,2.1,1.4,2014-07-07,1330,Terra,MODIS,59,6.2,292.2,17.3,N,0
-14.0372,130.8027,302.3,2.1,1.4,2014-07-07,1330,Terra,MODIS,22,6.2,292.2,13.4,N,0
-16.1716,127.7366,302.4,3.8,1.8,2014-07-07,1330,Terra,MODIS,49,6.2,288,41.9,N,0
-16.1845,127.7743,312.1,3.8,1.8,2014-07-07,1330,Terra,MODIS,76,6.2,288.4,79.5,N,0
-16.1743,127.8043,304.2,3.8,1.8,2014-07-07,1330,Terra,MODIS,59,6.2,288.4,46.4,N,0
-16.178,127.7685,323.4,3.8,1.8,2014-07-07,1330,Terra,MODIS,100,6.2,289.4,156.3,N,0
-14.3049,129.7295,301.4,2.5,1.5,2014-07-07,1330,Terra,MODIS,40,6.2,288,22,N,0
-16.1818,127.7324,301.9,3.8,1.8,2014-07-07,1330,Terra,MODIS,36,6.2,288.1,39.8,N,0
-16.1681,127.7726,309.5,3.8,1.8,2014-07-07,1330,Terra,MODIS,78,6.2,287.9,70.5,N,0
-11.9721,132.6491,304.7,1.4,1.2,2014-07-07,1331,Terra,MODIS,61,6.2,286.1,12.9,N,0
-11.9766,132.6554,307.5,1.4,1.2,2014-07-07,1331,Terra,MODIS,68,6.2,286.5,14.4,N,0
-12.8577,131.1786,306.6,1.9,1.3,2014-07-07,1331,Terra,MODIS,69,6.2,290.2,19,N,0
-12.764,131.5518,302.2,1.7,1.3,2014-07-07,1331,Terra,MODIS,12,6.2,290.2,10.9,N,0
-12.7564,131.5444,305,1.7,1.3,2014-07-07,1331,Terra,MODIS,63,6.2,289.2,16.3,N,0
-12.797,131.5722,313.9,1.7,1.3,2014-07-07,1331,Terra,MODIS,88,6.2,290.1,29.5,N,0
-12.8698,131.1801,304.6,1.9,1.3,2014-07-07,1331,Terra,MODIS,54,6.2,290,16.1,N,0
-32.5057,116.0663,300.3,1,1,2014-07-07,1504,Terra,MODIS,23,6.2,278.8,7.6,N,0
-20.0288,119.9728,311,2,1.4,2014-07-07,1507,Terra,MODIS,81,6.2,283.8,35.5,N,0
-20.0412,119.9754,307,2,1.4,2014-07-07,1507,Terra,MODIS,70,6.2,283.9,29.4,N,0
-14.1316,130.6725,316.7,1.2,1.1,2014-07-07,1634,Aqua,MODIS,94,6.2,292.1,18.5,N,0
-14.13,130.6619,306.5,1.2,1.1,2014-07-07,1634,Aqua,MODIS,44,6.2,291.4,8.8,N,0
-13.6869,133.9638,300.7,1,1,2014-07-07,1634,Aqua,MODIS,22,6.2,286.3,5.5,N,0
-14.1203,130.6632,309.2,1.2,1.1,2014-07-07,1634,Aqua,MODIS,77,6.2,291.8,11.7,N,0
-13.9456,133.8409,301,1,1,2014-07-07,1634,Aqua,MODIS,37,6.2,285.6,6.6,N,0
-13.9386,133.9844,304.8,1,1,2014-07-07,1634,Aqua,MODIS,62,6.2,287.3,8.4,N,0
-14.1075,133.4389,300.7,1,1,2014-07-07,1634,Aqua,MODIS,32,6.2,288.1,5.6,N,0
-14.1062,133.4297,306.6,1,1,2014-07-07,1634,Aqua,MODIS,69,6.2,287.5,9.2,N,0
-14.1929,133.3263,301.8,1,1,2014-07-07,1634,Aqua,MODIS,44,6.2,286.6,6.5,N,0
-14.1413,130.6712,317.1,1.2,1.1,2014-07-07,1634,Aqua,MODIS,94,6.2,291.2,18.5,N,0
-12.8374,133.3143,304.3,1,1,2014-07-07,1634,Aqua,MODIS,59,6.2,291.2,5.8,N,0
-12.8638,131.193,339.6,1.1,1.1,2014-07-07,1634,Aqua,MODIS,100,6.2,293.2,51.9,N,0
-12.8717,131.181,341.9,1.1,1.1,2014-07-07,1634,Aqua,MODIS,100,6.2,292.2,57.2,N,0
-12.8701,131.1706,304.9,1.1,1.1,2014-07-07,1634,Aqua,MODIS,33,6.2,289.8,8,N,0
-12.8796,131.1691,305.5,1.1,1.1,2014-07-07,1634,Aqua,MODIS,60,6.2,289.9,9,N,0
-12.8621,131.1825,355.7,1.1,1.1,2014-07-07,1634,Aqua,MODIS,100,6.2,293.1,91.6,N,0
-12.8464,133.313,301,1,1,2014-07-07,1634,Aqua,MODIS,11,6.2,290.9,3.6,N,0
-12.8733,131.1914,332.2,1.1,1.1,2014-07-07,1634,Aqua,MODIS,100,6.2,291.6,38.4,N,0
-11.9987,132.6319,312.6,1,1,2014-07-07,1634,Aqua,MODIS,85,6.2,288.4,13.1,N,0
-11.9651,132.6562,318.3,1,1,2014-07-07,1634,Aqua,MODIS,97,6.2,288,18.1,N,0
-16.5845,136.4265,302.5,1.4,1.2,2014-07-07,1635,Aqua,MODIS,50,6.2,285.5,11.5,N,0
-16.5548,136.4436,307.6,1.4,1.2,2014-07-07,1635,Aqua,MODIS,72,6.2,287.8,15.5,N,0
-15.4574,127.8292,307.9,1.7,1.3,2014-07-07,1635,Aqua,MODIS,37,6.2,291.3,17.8,N,0
-15.466,127.8109,305.2,1.7,1.3,2014-07-07,1635,Aqua,MODIS,11,6.2,289.7,14.2,N,0
-16.0126,127.7715,302.4,1.7,1.3,2014-07-07,1635,Aqua,MODIS,49,6.2,289.3,12.2,N,0
-15.6595,145.2575,311.5,1.6,1.2,2014-07-08,0021,Terra,MODIS,66,6.2,296.6,15.3,D,0
-14.3029,143.2942,310.4,2.3,1.5,2014-07-08,0021,Terra,MODIS,65,6.2,295,23.1,D,0
-14.2987,143.289,305.8,2.3,1.5,2014-07-08,0021,Terra,MODIS,50,6.2,294.9,13.9,D,0
-14.3026,143.3104,306.4,2.3,1.5,2014-07-08,0021,Terra,MODIS,53,6.2,295.2,15.3,D,0
-15.236,141.8725,308.9,2.9,1.6,2014-07-08,0021,Terra,MODIS,60,6.2,298.7,19.3,D,0
-13.6376,143.1674,310.4,2.5,1.5,2014-07-08,0021,Terra,MODIS,65,6.2,295.3,22.2,D,0
-16.9804,144.8211,307.1,1.6,1.2,2014-07-08,0021,Terra,MODIS,56,6.2,295.6,9.3,D,0
-19.553,144.217,310.1,1.6,1.2,2014-07-08,0022,Terra,MODIS,58,6.2,297.6,13.7,D,0
-24.6777,151.8232,353.5,1.4,1.2,2014-07-08,0023,Terra,MODIS,97,6.2,296.7,108.7,D,0
-24.6761,151.8097,340.8,1.4,1.2,2014-07-08,0023,Terra,MODIS,92,6.2,297.8,68.6,D,0
-22.7046,150.0908,338.1,1.1,1,2014-07-08,0023,Terra,MODIS,90,6.2,297.2,42.3,D,0
-22.706,150.1012,350.8,1.1,1,2014-07-08,0023,Terra,MODIS,96,6.2,298.8,69,D,0
-22.7154,150.0998,364.1,1.1,1,2014-07-08,0023,Terra,MODIS,100,6.2,297.4,106.6,D,0
-22.7139,150.0894,325.2,1.1,1,2014-07-08,0023,Terra,MODIS,83,6.2,294.3,23.2,D,0
-22.9881,148.5817,306.3,1,1,2014-07-08,0023,Terra,MODIS,56,6.2,295.9,4.7,D,0
-25.2268,149.0752,311.2,1,1,2014-07-08,0023,Terra,MODIS,71,6.2,287.8,11.2,D,0
-24.7925,147.0976,328.8,1,1,2014-07-08,0023,Terra,MODIS,86,6.2,289.6,28.2,D,0
-25.2176,149.0767,306.3,1,1,2014-07-08,0023,Terra,MODIS,63,6.2,288.4,7.4,D,0
-26.3064,151.2951,302.9,1.3,1.1,2014-07-08,0024,Terra,MODIS,54,6.2,291.6,6.5,D,0
-26.308,151.3085,301.4,1.3,1.1,2014-07-08,0024,Terra,MODIS,47,6.2,290.4,5.4,D,0
-28.2736,151.9722,308.6,1.6,1.2,2014-07-08,0024,Terra,MODIS,67,6.2,288.5,16,D,0
-28.2719,151.962,310.8,1.6,1.2,2014-07-08,0024,Terra,MODIS,70,6.2,288.9,20.1,D,0
-28.5497,151.9029,318.9,1.6,1.2,2014-07-08,0024,Terra,MODIS,79,6.2,285.1,33.6,D,0
-28.2718,151.9561,301.5,1.6,1.2,2014-07-08,0024,Terra,MODIS,22,6.2,288.2,7.5,D,0
-28.5202,149.4907,308.1,1.1,1.1,2014-07-08,0024,Terra,MODIS,66,6.2,293.7,8.1,D,0
-27.8931,148.836,328,1.1,1,2014-07-08,0024,Terra,MODIS,85,6.2,291.7,27.9,D,0
-27.8982,148.8292,332.9,1.1,1,2014-07-08,0024,Terra,MODIS,88,6.2,290.9,35.9,D,0
-28.228,148.8114,309,1.1,1,2014-07-08,0024,Terra,MODIS,68,6.2,293.1,7.2,D,0
-28.5478,151.8803,308.3,1.6,1.2,2014-07-08,0024,Terra,MODIS,67,6.2,286.3,19.3,D,0
-28.2265,148.8004,328.7,1.1,1,2014-07-08,0024,Terra,MODIS,86,6.2,293.9,27.9,D,0
-27.8996,148.8401,300.6,1.1,1,2014-07-08,0024,Terra,MODIS,37,6.2,290.1,3.7,D,0
-27.8916,148.8251,329,1.1,1,2014-07-08,0024,Terra,MODIS,86,6.2,293.4,29,D,0
-28.5479,151.8869,331.7,1.6,1.2,2014-07-08,0024,Terra,MODIS,88,6.2,286.9,61.8,D,0
-28.1948,148.4962,304.9,1.1,1,2014-07-08,0024,Terra,MODIS,60,6.2,291.8,5,D,0
-28.5495,151.8963,331.8,1.6,1.2,2014-07-08,0024,Terra,MODIS,88,6.2,286,62.7,D,0
-30.4679,149.7017,310.3,1.2,1.1,2014-07-08,0025,Terra,MODIS,70,6.2,285.8,15,D,0
-29.9135,147.6478,302,1,1,2014-07-08,0025,Terra,MODIS,50,6.2,291.2,3.3,D,0
-30.4663,149.6889,314.9,1.2,1.1,2014-07-08,0025,Terra,MODIS,75,6.2,287.1,19.6,D,0
-29.4765,148.5492,318.7,1.1,1,2014-07-08,0025,Terra,MODIS,79,6.2,289.5,18.6,D,0
-32.6502,151.2485,306.5,1.6,1.2,2014-07-08,0025,Terra,MODIS,64,6.2,285.8,17.8,D,0
-32.6503,151.2593,303.5,1.6,1.2,2014-07-08,0025,Terra,MODIS,56,6.2,285.5,13.6,D,0
-30.8859,151.6396,303.4,1.6,1.2,2014-07-08,0025,Terra,MODIS,56,6.2,284.8,13.2,D,0
-30.5104,152.8617,304.8,1.9,1.3,2014-07-08,0025,Terra,MODIS,28,6.2,287.9,17.5,D,0
-30.5124,152.8824,347.7,1.9,1.4,2014-07-08,0025,Terra,MODIS,95,6.2,289.7,150.6,D,0
-30.5227,152.8604,308.5,1.9,1.3,2014-07-08,0025,Terra,MODIS,67,6.2,287.2,25.2,D,0
-30.5247,152.8808,311.9,1.9,1.4,2014-07-08,0025,Terra,MODIS,72,6.2,287.1,31.2,D,0
-31.3834,148.0845,304.8,1.1,1,2014-07-08,0025,Terra,MODIS,60,6.2,288.1,7.6,D,0
-30.1832,148.0899,315.3,1.1,1,2014-07-08,0025,Terra,MODIS,76,6.2,291.7,13.1,D,0
-30.1763,148.0859,308.8,1.1,1,2014-07-08,0025,Terra,MODIS,62,6.2,291.8,7,D,0
-34.4616,150.8833,304.6,1.6,1.2,2014-07-08,0026,Terra,MODIS,45,6.2,289.4,13,D,0
-11.9522,132.766,319.7,2.3,1.5,2014-07-08,0158,Terra,MODIS,62,6.2,299,37.2,D,0
-11.9528,132.6604,324.4,2.3,1.5,2014-07-08,0158,Terra,MODIS,23,6.2,299.6,45.7,D,0
-11.9449,132.6879,325,2.3,1.5,2014-07-08,0158,Terra,MODIS,44,6.2,299.1,46.2,D,0
-11.9556,132.7711,327.5,2.3,1.5,2014-07-08,0158,Terra,MODIS,82,6.2,299.5,62.3,D,0
-11.4564,131.414,313.4,1.8,1.3,2014-07-08,0158,Terra,MODIS,64,6.2,295.8,16.7,D,0
-11.267,131.2728,310.4,1.7,1.3,2014-07-08,0158,Terra,MODIS,25,6.2,294.9,9.8,D,0
-11.2997,131.2527,312.4,1.7,1.3,2014-07-08,0158,Terra,MODIS,54,6.2,295.2,14.9,D,0
-11.298,131.2623,310.1,1.7,1.3,2014-07-08,0158,Terra,MODIS,29,6.2,294,12.3,D,0
-11.4703,131.4288,312.8,1.8,1.3,2014-07-08,0158,Terra,MODIS,52,6.2,296.5,14.8,D,0
-12.4867,132.7551,314.4,2.3,1.5,2014-07-08,0159,Terra,MODIS,50,6.2,300.3,19.4,D,0
-12.0022,132.6477,312.7,2.3,1.5,2014-07-08,0159,Terra,MODIS,44,6.2,298.1,20.2,D,0
-12.496,132.7486,313.6,2.3,1.5,2014-07-08,0159,Terra,MODIS,51,6.2,299.3,18.8,D,0
-11.7401,130.6982,309.6,1.6,1.2,2014-07-08,0159,Terra,MODIS,22,6.2,296,8.3,D,0
-12.6274,132.6396,314.7,2.3,1.5,2014-07-08,0159,Terra,MODIS,55,6.2,301.5,18.3,D,0
-12.1177,133.6409,314.7,2.7,1.6,2014-07-08,0159,Terra,MODIS,43,6.2,300.4,21.7,D,0
-12.4067,131.1744,313.1,1.8,1.3,2014-07-08,0159,Terra,MODIS,60,6.2,298.8,15,D,0
-12.5852,132.6233,315.2,2.3,1.5,2014-07-08,0159,Terra,MODIS,47,6.2,301.2,19.1,D,0
-12.4046,131.1584,320,1.8,1.3,2014-07-08,0159,Terra,MODIS,73,6.2,298.3,27.9,D,0
-12.5406,135.2363,313.6,3.7,1.8,2014-07-08,0159,Terra,MODIS,64,6.2,296,50.3,D,0
-13.6389,134.2714,314.3,3.2,1.7,2014-07-08,0159,Terra,MODIS,58,6.2,298.1,38.4,D,0
-12.8861,131.165,316.3,1.8,1.3,2014-07-08,0159,Terra,MODIS,50,6.2,299.4,17.9,D,0
-14.5113,134.7115,312.2,3.6,1.8,2014-07-08,0159,Terra,MODIS,52,6.2,301.2,34.1,D,0
-12.8061,131.5846,318.2,1.9,1.4,2014-07-08,0159,Terra,MODIS,69,6.2,299.9,22.6,D,0
-12.5443,135.2698,317.4,3.7,1.8,2014-07-08,0159,Terra,MODIS,71,6.2,296.3,70.4,D,0
-13.6124,134.0413,311.7,3.1,1.7,2014-07-08,0159,Terra,MODIS,20,6.2,299.3,23.5,D,0
-12.8098,131.5777,317,1.9,1.4,2014-07-08,0159,Terra,MODIS,66,6.2,299.8,20.9,D,0
-13.3475,134.234,314.3,3.1,1.7,2014-07-08,0159,Terra,MODIS,58,6.2,299.1,37.8,D,0
-13.6111,134.0347,312.6,3.1,1.7,2014-07-08,0159,Terra,MODIS,38,6.2,299,24.7,D,0
-14.5702,130.2198,322.3,1.6,1.3,2014-07-08,0159,Terra,MODIS,75,6.2,302.4,25.4,D,0
-14.1374,130.6716,314.7,1.7,1.3,2014-07-08,0159,Terra,MODIS,34,6.2,302.5,12.3,D,0
-15.152,130.9433,333.8,1.9,1.3,2014-07-08,0159,Terra,MODIS,85,6.2,304.4,64.2,D,0
-14.4792,129.9566,316.2,1.5,1.2,2014-07-08,0159,Terra,MODIS,64,6.2,304.1,11,D,0
-15.15,130.9264,318.3,1.9,1.3,2014-07-08,0159,Terra,MODIS,50,6.2,301.3,19.6,D,0
-14.1918,127.1564,317,1.1,1,2014-07-08,0159,Terra,MODIS,46,6.2,302.6,6.7,D,0
-14.1923,127.0267,316.1,1.1,1,2014-07-08,0159,Terra,MODIS,57,6.2,303.6,7.9,D,0
-14.1839,127.1676,317.3,1.1,1,2014-07-08,0159,Terra,MODIS,55,6.2,304,7.3,D,0
-14.3036,129.7322,315.3,1.5,1.2,2014-07-08,0159,Terra,MODIS,60,6.2,304.3,12.1,D,0
-12.8272,130.6168,316.5,1.6,1.3,2014-07-08,0159,Terra,MODIS,52,6.2,302.3,15.8,D,0
-14.214,127.1132,328.5,1.1,1,2014-07-08,0159,Terra,MODIS,79,6.2,302.2,20,D,0
-14.7495,126.2993,316.5,1,1,2014-07-08,0159,Terra,MODIS,60,6.2,301.9,7.4,D,0
-14.7405,126.2971,322,1,1,2014-07-08,0159,Terra,MODIS,71,6.2,301.8,10.6,D,0
-14.7418,126.3066,340.3,1,1,2014-07-08,0159,Terra,MODIS,89,6.2,301.4,36.4,D,0
-14.3994,130.0467,319.1,1.6,1.2,2014-07-08,0159,Terra,MODIS,70,6.2,303.5,15.8,D,0
-14.7508,126.3088,320.4,1,1,2014-07-08,0159,Terra,MODIS,69,6.2,301.2,11.4,D,0
-13.6359,134.2651,313,3.2,1.7,2014-07-08,0159,Terra,MODIS,46,6.2,298.3,31.7,D,0
-13.492,132.0526,324.7,2.1,1.4,2014-07-08,0159,Terra,MODIS,13,6.2,302.9,43.1,D,0
-13.5052,132.0568,319,2.1,1.4,2014-07-08,0159,Terra,MODIS,54,6.2,299.1,29.1,D,0
-13.8688,133.9079,319.6,3,1.7,2014-07-08,0159,Terra,MODIS,71,6.2,299.3,55.5,D,0
-13.8681,133.9021,315.9,3,1.7,2014-07-08,0159,Terra,MODIS,49,6.2,298.8,37.2,D,0
-13.4821,132.0795,327.4,2.1,1.4,2014-07-08,0159,Terra,MODIS,80,6.2,303.2,52.5,D,0
-13.4924,132.0582,340.5,2.1,1.4,2014-07-08,0159,Terra,MODIS,90,6.2,303.2,109.9,D,0
-13.4228,132.1269,322.8,2.2,1.4,2014-07-08,0159,Terra,MODIS,75,6.2,303.7,32.5,D,0
-13.4949,132.0778,345,2.1,1.4,2014-07-08,0159,Terra,MODIS,92,6.2,301,134.3,D,0
-13.4239,132.1333,321.9,2.2,1.4,2014-07-08,0159,Terra,MODIS,65,6.2,303.6,26.2,D,0
-13.4943,132.0722,347.5,2.1,1.4,2014-07-08,0159,Terra,MODIS,94,6.2,302.2,149.2,D,0
-13.7105,132.0326,314,2.1,1.4,2014-07-08,0159,Terra,MODIS,37,6.2,302.2,16.1,D,0
-13.4064,131.99,318.8,2.1,1.4,2014-07-08,0159,Terra,MODIS,49,6.2,303.1,23.6,D,0
-13.4191,131.9884,339.4,2.1,1.4,2014-07-08,0159,Terra,MODIS,89,6.2,302,101.3,D,0
-13.4356,132.125,338.1,2.2,1.4,2014-07-08,0159,Terra,MODIS,88,6.2,301.4,94,D,0
-13.7872,133.7299,311.3,2.9,1.6,2014-07-08,0159,Terra,MODIS,34,6.2,300.4,20,D,0
-13.542,133.6887,325.8,2.9,1.6,2014-07-08,0159,Terra,MODIS,78,6.2,300.2,88.3,D,0
-13.6794,133.9692,314.9,3,1.7,2014-07-08,0159,Terra,MODIS,60,6.2,299.6,32.9,D,0
-13.7129,132.0519,323.5,2.2,1.4,2014-07-08,0159,Terra,MODIS,76,6.2,300.7,43.2,D,0
-13.3224,132.2686,320.3,2.2,1.4,2014-07-08,0159,Terra,MODIS,70,6.2,301.7,27.1,D,0
-14.1,133.4292,312.5,2.8,1.6,2014-07-08,0159,Terra,MODIS,47,6.2,299.9,21.9,D,0
-14.1052,133.448,312,2.8,1.6,2014-07-08,0159,Terra,MODIS,45,6.2,300.5,22,D,0
-14.1685,130.6604,315.4,1.7,1.3,2014-07-08,0159,Terra,MODIS,32,6.2,302.2,12.7,D,0
-15.5346,129.377,316.3,1.5,1.2,2014-07-08,0200,Terra,MODIS,39,6.2,302.9,10.4,D,0
-15.0695,126.156,339.8,1,1,2014-07-08,0200,Terra,MODIS,89,6.2,301.7,36.9,D,0
-15.515,129.3939,314.2,1.5,1.2,2014-07-08,0200,Terra,MODIS,19,6.2,302.6,9.3,D,0
-15.0709,126.1654,326.5,1,1,2014-07-08,0200,Terra,MODIS,78,6.2,300.4,18.2,D,0
-15.4108,127.8551,317.6,1.2,1.1,2014-07-08,0200,Terra,MODIS,63,6.2,303.8,9.1,D,0
-15.089,126.1627,343.5,1,1,2014-07-08,0200,Terra,MODIS,91,6.2,302.7,43.9,D,0
-15.8998,128.7,318.3,1.3,1.1,2014-07-08,0200,Terra,MODIS,38,6.2,304.2,11.7,D,0
-15.9033,128.7056,318.3,1.3,1.1,2014-07-08,0200,Terra,MODIS,46,6.2,302.9,10.9,D,0
-15.4679,127.8193,319.4,1.2,1.1,2014-07-08,0200,Terra,MODIS,68,6.2,302.7,11.2,D,0
-15.718,129.3469,317.4,1.5,1.2,2014-07-08,0200,Terra,MODIS,62,6.2,301.7,14.5,D,0
-15.7147,129.3534,316.7,1.5,1.2,2014-07-08,0200,Terra,MODIS,38,6.2,301.8,12.2,D,0
-15.661,129.3607,315,1.5,1.2,2014-07-08,0200,Terra,MODIS,46,6.2,302.7,10.4,D,0
-15.6593,129.3473,314.9,1.5,1.2,2014-07-08,0200,Terra,MODIS,51,6.2,303.6,9.4,D,0
-16.1276,136.1495,315,4.8,2,2014-07-08,0200,Terra,MODIS,66,6.2,300.5,79.5,D,0
-16.1258,136.1446,315.7,4.8,2,2014-07-08,0200,Terra,MODIS,67,6.2,300.7,86.2,D,0
-16.0007,127.7623,317.7,1.2,1.1,2014-07-08,0200,Terra,MODIS,61,6.2,301.2,9.5,D,0
-16.9021,122.6862,313.6,1.1,1.1,2014-07-08,0200,Terra,MODIS,52,6.2,303,7.6,D,0
-16.9005,122.6757,322.1,1.1,1.1,2014-07-08,0200,Terra,MODIS,74,6.2,301.3,16.7,D,0
-16.1835,127.7575,320.1,1.2,1.1,2014-07-08,0200,Terra,MODIS,38,6.2,302.5,10.8,D,0
-16.1693,127.7259,323.1,1.2,1.1,2014-07-08,0200,Terra,MODIS,73,6.2,304.3,13.8,D,0
-17.6859,122.211,316.9,1.2,1.1,2014-07-08,0200,Terra,MODIS,0,6.2,302,9.1,D,0
-15.7507,128.3296,319.8,1.3,1.1,2014-07-08,0200,Terra,MODIS,69,6.2,304.7,14.1,D,0
-16.1796,127.8028,325.4,1.2,1.1,2014-07-08,0200,Terra,MODIS,67,6.2,301.7,19.8,D,0
-16.1781,127.7916,331.2,1.2,1.1,2014-07-08,0200,Terra,MODIS,81,6.2,303.4,28,D,0
-16.1699,127.8043,332,1.2,1.1,2014-07-08,0200,Terra,MODIS,81,6.2,304,29.8,D,0
-20.0224,119.9551,327.6,1.4,1.2,2014-07-08,0201,Terra,MODIS,61,6.2,302.2,32,D,0
-20.0247,119.9689,327,1.4,1.2,2014-07-08,0201,Terra,MODIS,78,6.2,304.2,30.9,D,0
-20.0198,119.978,326.2,1.4,1.2,2014-07-08,0201,Terra,MODIS,76,6.2,303.1,28.6,D,0
-20.028,119.9623,326.3,1.4,1.2,2014-07-08,0201,Terra,MODIS,70,6.2,303.4,28.8,D,0
-20.3477,128.5735,326.5,1.5,1.2,2014-07-08,0201,Terra,MODIS,79,6.2,303.5,31.1,D,0
-20.3586,128.572,321.9,1.5,1.2,2014-07-08,0201,Terra,MODIS,74,6.2,302.9,23.5,D,0
-20.3604,128.5863,314.1,1.5,1.2,2014-07-08,0201,Terra,MODIS,58,6.2,301.1,10.7,D,0
-20.3625,128.5803,319.2,1.5,1.2,2014-07-08,0201,Terra,MODIS,52,6.2,300.9,17.3,D,0
-18.8196,121.6804,325.5,1.2,1.1,2014-07-08,0201,Terra,MODIS,79,6.2,305,21.2,D,0
-18.8214,121.6917,332.4,1.2,1.1,2014-07-08,0201,Terra,MODIS,85,6.2,302.6,32.4,D,0
-20.7987,119.6133,314.1,1.5,1.2,2014-07-08,0201,Terra,MODIS,65,6.2,300.1,11.1,D,0
-20.8119,119.6253,312.1,1.5,1.2,2014-07-08,0201,Terra,MODIS,60,6.2,299.9,8.4,D,0
-21.2621,119.9636,308.8,1.4,1.2,2014-07-08,0201,Terra,MODIS,49,6.2,298.5,6.1,D,0
-20.0304,119.976,330.7,1.4,1.2,2014-07-08,0201,Terra,MODIS,83,6.2,303.8,37.3,D,0
-25.3315,131.2355,371,2.7,1.6,2014-07-08,0202,Terra,MODIS,100,6.2,300.6,492.4,D,0
-25.3197,131.264,310.5,2.7,1.6,2014-07-08,0202,Terra,MODIS,65,6.2,295.6,25.1,D,0
-25.334,131.2625,358.5,2.7,1.6,2014-07-08,0202,Terra,MODIS,99,6.2,296.6,335.8,D,0
-25.3172,131.237,337.4,2.7,1.6,2014-07-08,0202,Terra,MODIS,90,6.2,299.7,151.7,D,0
-29.6456,152.1381,319.9,3.4,1.7,2014-07-08,0305,Aqua,MODIS,80,6.2,287.2,109.2,D,0
-29.6393,152.1463,322.1,3.4,1.7,2014-07-08,0305,Aqua,MODIS,81,6.2,288.9,129.3,D,0
-28.5498,151.9063,312.3,3.5,1.8,2014-07-08,0305,Aqua,MODIS,72,6.2,291.7,67,D,0
-28.5563,151.8995,320.6,3.5,1.8,2014-07-08,0305,Aqua,MODIS,80,6.2,291.1,111.6,D,0
-30.5145,152.8868,353.9,3.1,1.7,2014-07-08,0305,Aqua,MODIS,97,6.2,292.4,373,D,0
-30.5168,152.8555,346,3.1,1.7,2014-07-08,0305,Aqua,MODIS,94,6.2,291.9,288.8,D,0
-28.5522,151.8703,325.7,3.5,1.8,2014-07-08,0305,Aqua,MODIS,84,6.2,290.8,146.2,D,0
-28.559,151.8635,318.3,3.5,1.8,2014-07-08,0305,Aqua,MODIS,78,6.2,290.2,100.2,D,0
-29.8299,152.2093,300.4,3.4,1.7,2014-07-08,0305,Aqua,MODIS,36,6.2,286.6,30.4,D,0
-24.6875,151.8134,326.3,3.2,1.7,2014-07-08,0306,Aqua,MODIS,84,6.2,298.2,121,D,0
-24.6838,151.8171,325.6,3.2,1.7,2014-07-08,0306,Aqua,MODIS,83,6.2,298.3,116.7,D,0
-28.2836,151.959,312.1,3.4,1.7,2014-07-08,0306,Aqua,MODIS,72,6.2,293.8,55.7,D,0
-28.2768,151.9627,311.3,3.4,1.7,2014-07-08,0306,Aqua,MODIS,71,6.2,294.2,52.3,D,0
-25.2499,152.6089,316.2,2.8,1.6,2014-07-08,0306,Aqua,MODIS,75,6.2,294.8,55.5,D,0
-27.2985,152.0862,309.5,3.3,1.7,2014-07-08,0306,Aqua,MODIS,63,6.2,290.8,51.1,D,0
-25.2482,152.6019,318,2.8,1.6,2014-07-08,0306,Aqua,MODIS,77,6.2,295.2,66.3,D,0
-27.2869,152.0778,302,3.3,1.7,2014-07-08,0306,Aqua,MODIS,32,6.2,291.6,23.2,D,0
-41.0708,147.305,301,1.6,1.3,2014-07-08,0440,Aqua,MODIS,44,6.2,283.7,12.5,D,0
-37.9784,144.1168,304.6,1.3,1.1,2014-07-08,0441,Aqua,MODIS,59,6.2,283,13.2,D,0
-35.3496,144.0596,304.5,1.4,1.2,2014-07-08,0442,Aqua,MODIS,59,6.2,287.2,10.8,D,0
-35.1956,144.1426,300.4,1.5,1.2,2014-07-08,0442,Aqua,MODIS,36,6.2,288.1,8,D,0
-35.3419,144.0409,354.1,1.4,1.2,2014-07-08,0442,Aqua,MODIS,97,6.2,291.3,121.9,D,0
-37.3823,141.0671,326.6,1,1,2014-07-08,0442,Aqua,MODIS,85,6.2,284.9,27.8,D,0
-35.339,144.0566,335.9,1.4,1.2,2014-07-08,0442,Aqua,MODIS,90,6.2,288.7,62.9,D,0
-35.342,145.4944,309.3,1.7,1.3,2014-07-08,0442,Aqua,MODIS,68,6.2,284.6,24.1,D,0
-25.3057,131.2369,325.4,1.6,1.3,2014-07-08,0445,Aqua,MODIS,79,6.2,300.9,34.3,D,0
-25.3075,131.2205,315.8,1.6,1.3,2014-07-08,0445,Aqua,MODIS,66,6.2,300.1,15.2,D,0
-15.3987,142.0081,319.9,2.7,1.6,2014-07-08,0447,Aqua,MODIS,72,6.2,302,42.8,D,0
-15.4031,141.9831,325.1,2.7,1.6,2014-07-08,0447,Aqua,MODIS,80,6.2,303,66.9,D,0
-15.401,142.0137,318.5,2.7,1.6,2014-07-08,0447,Aqua,MODIS,66,6.2,302.5,36.9,D,0
-14.7342,142.2058,316,2.9,1.6,2014-07-08,0447,Aqua,MODIS,42,6.2,299.7,31.9,D,0
-15.9196,135.4277,322.3,1,1,2014-07-08,0447,Aqua,MODIS,67,6.2,306.1,10.5,D,0
-16.3254,135.9693,331.2,1.1,1,2014-07-08,0447,Aqua,MODIS,72,6.2,309.4,21,D,0
-15.0294,142.7856,313.7,3.2,1.7,2014-07-08,0447,Aqua,MODIS,65,6.2,299.9,40.5,D,0
-15.876,135.4698,320.9,1,1,2014-07-08,0447,Aqua,MODIS,65,6.2,307.1,9.2,D,0
-15.9696,136.4207,353.3,1.1,1.1,2014-07-08,0447,Aqua,MODIS,96,6.2,309.3,70.4,D,0
-16.085,135.4274,328.8,1,1,2014-07-08,0447,Aqua,MODIS,78,6.2,308.5,17.3,D,0
-16.1264,136.129,330.2,1.1,1,2014-07-08,0447,Aqua,MODIS,80,6.2,310.6,20.7,D,0
-14.7358,142.2142,312.3,2.9,1.6,2014-07-08,0447,Aqua,MODIS,38,6.2,299.6,19.8,D,0
-14.6747,143.294,312.3,3.5,1.8,2014-07-08,0447,Aqua,MODIS,61,6.2,297.2,41.7,D,0
-15.2375,143.0595,323.5,3.3,1.7,2014-07-08,0447,Aqua,MODIS,78,6.2,300.4,83.7,D,0
-15.8669,135.4684,320.5,1,1,2014-07-08,0447,Aqua,MODIS,64,6.2,309.9,8.9,D,0
-15.2318,143.0896,327.5,3.3,1.7,2014-07-08,0447,Aqua,MODIS,82,6.2,300,109.3,D,0
-15.4051,143.4681,309.2,3.5,1.8,2014-07-08,0447,Aqua,MODIS,47,6.2,298.2,25.9,D,0
-15.4056,141.9888,326.9,2.7,1.6,2014-07-08,0447,Aqua,MODIS,81,6.2,302.7,76.2,D,0
-15.9105,135.4262,345.7,1,1,2014-07-08,0447,Aqua,MODIS,92,6.2,311.7,45.7,D,0
-16.1249,136.139,342.4,1.1,1,2014-07-08,0447,Aqua,MODIS,90,6.2,310.4,41.8,D,0
-15.9091,135.4358,327.4,1,1,2014-07-08,0447,Aqua,MODIS,76,6.2,306.4,16.7,D,0
-15.2045,142.8333,320.5,3.2,1.7,2014-07-08,0447,Aqua,MODIS,75,6.2,300.5,66.1,D,0
-16.1169,135.389,330.4,1,1,2014-07-08,0447,Aqua,MODIS,80,6.2,309.8,18.7,D,0
-15.4107,143.4618,309.8,3.5,1.8,2014-07-08,0447,Aqua,MODIS,50,6.2,298.1,28.5,D,0
-15.9712,136.4104,323.5,1.1,1.1,2014-07-08,0447,Aqua,MODIS,70,6.2,308.8,14.1,D,0
-16.1978,136.2606,343.7,1.1,1,2014-07-08,0447,Aqua,MODIS,91,6.2,309.9,44.2,D,0
-15.2098,142.8042,311.9,3.1,1.7,2014-07-08,0447,Aqua,MODIS,56,6.2,300.5,26.3,D,0
-16.0836,135.437,340.1,1,1,2014-07-08,0447,Aqua,MODIS,88,6.2,308.9,34.9,D,0
-16.2023,136.7699,321,1.2,1.1,2014-07-08,0447,Aqua,MODIS,67,6.2,305.8,12.2,D,0
-16.2007,136.7806,324.2,1.2,1.1,2014-07-08,0447,Aqua,MODIS,73,6.2,306.5,16.4,D,0
-16.1994,136.2504,331.1,1.1,1,2014-07-08,0447,Aqua,MODIS,81,6.2,311.6,21.8,D,0
-16.5026,137.0791,336.9,1.2,1.1,2014-07-08,0447,Aqua,MODIS,79,6.2,306.6,35.6,D,0
-16.5043,137.0681,360.6,1.2,1.1,2014-07-08,0447,Aqua,MODIS,100,6.2,312.7,98.9,D,0
-16.5004,137.0721,348.6,1.2,1.1,2014-07-08,0447,Aqua,MODIS,94,6.2,310.8,63.7,D,0
-16.5021,137.0611,331.3,1.2,1.1,2014-07-08,0447,Aqua,MODIS,82,6.2,311.5,25.9,D,0
-14.7146,142.1473,317.5,2.9,1.6,2014-07-08,0447,Aqua,MODIS,20,6.2,301.3,36.4,D,0
-16.8928,137.0693,361.2,1.2,1.1,2014-07-08,0447,Aqua,MODIS,100,6.2,307.9,102.7,D,0
-16.8945,137.0584,333,1.2,1.1,2014-07-08,0447,Aqua,MODIS,83,6.2,306.2,31.2,D,0
-16.8831,137.0677,331.4,1.2,1.1,2014-07-08,0447,Aqua,MODIS,82,6.2,305.4,29.2,D,0
-16.8849,137.0567,325.6,1.2,1.1,2014-07-08,0447,Aqua,MODIS,75,6.2,306.1,20.1,D,0
-17.7158,138.6508,323.5,1.4,1.2,2014-07-08,0447,Aqua,MODIS,52,6.2,307,17.5,D,0
-17.7137,138.6639,331.5,1.4,1.2,2014-07-08,0447,Aqua,MODIS,78,6.2,306.1,34.9,D,0
-17.701,138.6752,347.1,1.4,1.2,2014-07-08,0447,Aqua,MODIS,93,6.2,308.6,75.3,D,0
-17.7032,138.662,333.7,1.4,1.2,2014-07-08,0447,Aqua,MODIS,83,6.2,311.1,37.1,D,0
-17.6673,138.6826,360.4,1.4,1.2,2014-07-08,0447,Aqua,MODIS,100,6.2,312.8,123.6,D,0
-17.6695,138.6694,331.6,1.4,1.2,2014-07-08,0447,Aqua,MODIS,82,6.2,310.8,29.9,D,0
-17.659,138.6675,321.9,1.4,1.2,2014-07-08,0447,Aqua,MODIS,61,6.2,311.1,12.6,D,0
-17.6568,138.6807,334.2,1.4,1.2,2014-07-08,0447,Aqua,MODIS,84,6.2,309.8,37.8,D,0
-16.4228,136.4745,323.8,1.1,1.1,2014-07-08,0447,Aqua,MODIS,60,6.2,306.7,13.6,D,0
-16.3804,136.4607,337.4,1.1,1.1,2014-07-08,0447,Aqua,MODIS,84,6.2,307.2,31.7,D,0
-16.371,136.4591,364,1.1,1.1,2014-07-08,0447,Aqua,MODIS,100,6.2,312.5,100.2,D,0
-16.3725,136.4488,347.5,1.1,1.1,2014-07-08,0447,Aqua,MODIS,93,6.2,313,51.3,D,0
-16.6251,136.8827,324.1,1.2,1.1,2014-07-08,0447,Aqua,MODIS,73,6.2,308.1,16.1,D,0
-16.3897,136.336,327.9,1.1,1,2014-07-08,0447,Aqua,MODIS,78,6.2,309.7,16.2,D,0
-16.3913,136.3258,323.5,1.1,1,2014-07-08,0447,Aqua,MODIS,58,6.2,308.2,10.7,D,0
-16.5879,136.4338,326.4,1.1,1,2014-07-08,0447,Aqua,MODIS,55,6.2,304.8,15.8,D,0
-16.5676,136.4409,332.9,1.1,1,2014-07-08,0447,Aqua,MODIS,81,6.2,306.2,25.2,D,0
-16.5566,136.4496,334,1.1,1,2014-07-08,0447,Aqua,MODIS,84,6.2,305.1,26.7,D,0
-16.5582,136.4394,332.2,1.1,1,2014-07-08,0447,Aqua,MODIS,81,6.2,308,23.3,D,0
-16.5347,136.4039,335.1,1.1,1,2014-07-08,0447,Aqua,MODIS,85,6.2,307.8,28.5,D,0
-16.5363,136.3937,329.8,1.1,1,2014-07-08,0447,Aqua,MODIS,80,6.2,309.6,19.5,D,0
-16.792,137.0566,328.1,1.2,1.1,2014-07-08,0447,Aqua,MODIS,45,6.2,304.6,19.5,D,0
-16.7937,137.0457,333.3,1.2,1.1,2014-07-08,0447,Aqua,MODIS,67,6.2,306.1,28.3,D,0
-16.7684,137.0023,352.2,1.2,1.1,2014-07-08,0447,Aqua,MODIS,96,6.2,309.2,70.8,D,0
-16.7327,137.0408,321.7,1.2,1.1,2014-07-08,0447,Aqua,MODIS,64,6.2,305.3,11.3,D,0
-16.7344,137.0299,346.8,1.2,1.1,2014-07-08,0447,Aqua,MODIS,93,6.2,309.3,57,D,0
-16.7248,137.0283,332.4,1.2,1.1,2014-07-08,0447,Aqua,MODIS,83,6.2,308,25.9,D,0
-16.7299,136.9958,317.9,1.2,1.1,2014-07-08,0447,Aqua,MODIS,50,6.2,306.1,6.5,D,0
-14.762,126.323,338.9,2.7,1.6,2014-07-08,0448,Aqua,MODIS,88,6.2,301.5,140.5,D,0
-13.5024,135.147,319.9,1.1,1,2014-07-08,0448,Aqua,MODIS,56,6.2,305.9,8.2,D,0
-12.4957,132.7502,324.7,1,1,2014-07-08,0448,Aqua,MODIS,63,6.2,304.7,11.2,D,0
-14.3993,141.7698,313.5,2.7,1.6,2014-07-08,0448,Aqua,MODIS,66,6.2,298.4,27.8,D,0
-12.536,132.5944,327,1,1,2014-07-08,0448,Aqua,MODIS,74,6.2,305.7,13.7,D,0
-12.7602,134.1243,319.5,1,1,2014-07-08,0448,Aqua,MODIS,56,6.2,305.7,6.9,D,0
-12.5387,132.5757,327.1,1,1,2014-07-08,0448,Aqua,MODIS,72,6.2,306.4,14.5,D,0
-12.5374,132.585,351.9,1,1,2014-07-08,0448,Aqua,MODIS,96,6.2,305.8,56.7,D,0
-12.5076,132.5329,339.7,1,1,2014-07-08,0448,Aqua,MODIS,88,6.2,305.4,33.9,D,0
-12.8049,134.8218,325.2,1,1,2014-07-08,0448,Aqua,MODIS,75,6.2,305.2,14,D,0
-13.2187,134.1305,318.4,1,1,2014-07-08,0448,Aqua,MODIS,48,6.2,305.1,5.3,D,0
-15.7166,129.3522,331.3,1.6,1.3,2014-07-08,0448,Aqua,MODIS,80,6.2,306.3,41.8,D,0
-12.8232,134.8247,317.4,1,1,2014-07-08,0448,Aqua,MODIS,56,6.2,305.1,5.6,D,0
-12.497,132.7409,322.3,1,1,2014-07-08,0448,Aqua,MODIS,55,6.2,307.1,9.3,D,0
-14.4033,141.7781,314.7,2.7,1.6,2014-07-08,0448,Aqua,MODIS,60,6.2,298.1,30,D,0
-14.3569,141.7617,314.7,2.7,1.6,2014-07-08,0448,Aqua,MODIS,68,6.2,299.8,31.5,D,0
-12.9152,134.632,322.2,1,1,2014-07-08,0448,Aqua,MODIS,68,6.2,306.1,10.4,D,0
-15.7034,129.3659,344.5,1.6,1.3,2014-07-08,0448,Aqua,MODIS,91,6.2,306.8,84,D,0
-15.6902,129.3796,333.8,1.6,1.3,2014-07-08,0448,Aqua,MODIS,75,6.2,303.1,48,D,0
-15.6921,129.3644,361.2,1.6,1.3,2014-07-08,0448,Aqua,MODIS,100,6.2,310.8,160.3,D,0
-15.6808,129.3629,339.9,1.6,1.3,2014-07-08,0448,Aqua,MODIS,88,6.2,308.7,66.8,D,0
-15.6582,129.3597,337.8,1.6,1.3,2014-07-08,0448,Aqua,MODIS,86,6.2,305.6,61.4,D,0
-13.22,134.1213,321.2,1,1,2014-07-08,0448,Aqua,MODIS,64,6.2,308.3,8.3,D,0
-13.5426,133.6734,324.2,1,1,2014-07-08,0448,Aqua,MODIS,69,6.2,306.5,12,D,0
-13.4632,133.6454,323.1,1,1,2014-07-08,0448,Aqua,MODIS,68,6.2,305.7,11.4,D,0
-12.9166,134.6226,316.6,1,1,2014-07-08,0448,Aqua,MODIS,28,6.2,304,5.3,D,0
-15.66,129.3444,328.7,1.6,1.3,2014-07-08,0448,Aqua,MODIS,78,6.2,308.3,34.2,D,0
-14.3949,141.7948,313.5,2.7,1.6,2014-07-08,0448,Aqua,MODIS,66,6.2,298.6,27.5,D,0
-13.3579,134.2491,333.5,1,1,2014-07-08,0448,Aqua,MODIS,83,6.2,306.5,21.6,D,0
-12.8667,131.1733,321.8,1.2,1.1,2014-07-08,0448,Aqua,MODIS,61,6.2,305,11,D,0
-13.2963,134.234,318.8,1,1,2014-07-08,0448,Aqua,MODIS,57,6.2,306.4,7,D,0
-14.5091,134.6887,320.8,1,1,2014-07-08,0448,Aqua,MODIS,44,6.2,305.3,7.8,D,0
-12.2383,134.3539,335.5,1,1,2014-07-08,0448,Aqua,MODIS,85,6.2,304.9,28.2,D,0
-14.5209,134.6714,332.9,1,1,2014-07-08,0448,Aqua,MODIS,82,6.2,307.1,22.5,D,0
-12.2292,134.3525,323.7,1,1,2014-07-08,0448,Aqua,MODIS,71,6.2,304.5,13.7,D,0
-12.4972,132.5409,322.7,1,1,2014-07-08,0448,Aqua,MODIS,65,6.2,301.8,12.1,D,0
-12.822,131.5791,322.3,1.1,1,2014-07-08,0448,Aqua,MODIS,62,6.2,304.9,10.9,D,0
-15.5789,136.0949,356.9,1.1,1,2014-07-08,0448,Aqua,MODIS,98,6.2,308.9,79.1,D,0
-13.6662,133.967,321,1,1,2014-07-08,0448,Aqua,MODIS,50,6.2,304.3,7.7,D,0
-13.4103,133.7591,322.9,1,1,2014-07-08,0448,Aqua,MODIS,67,6.2,305.2,11.1,D,0
-12.7832,131.5474,322.8,1.1,1.1,2014-07-08,0448,Aqua,MODIS,49,6.2,304.8,10.6,D,0
-12.7846,131.5372,327.3,1.1,1.1,2014-07-08,0448,Aqua,MODIS,73,6.2,307.9,16.2,D,0
-13.3503,134.2385,321.2,1,1,2014-07-08,0448,Aqua,MODIS,46,6.2,305.7,7.5,D,0
-12.7766,134.5118,319.4,1,1,2014-07-08,0448,Aqua,MODIS,64,6.2,307.5,8.2,D,0
-14.3931,133.3759,321.2,1,1,2014-07-08,0448,Aqua,MODIS,61,6.2,309.3,6.9,D,0
-14.3918,133.3852,321.9,1,1,2014-07-08,0448,Aqua,MODIS,63,6.2,307.4,7.7,D,0
-14.967,133.4132,325.2,1,1,2014-07-08,0448,Aqua,MODIS,65,6.2,310.5,11.2,D,0
-14.5057,142.9824,308.8,3.4,1.7,2014-07-08,0448,Aqua,MODIS,21,6.2,294.2,29.4,D,0
-12.8682,133.3072,319.1,1,1,2014-07-08,0448,Aqua,MODIS,47,6.2,304.3,7,D,0
-12.19,134.5033,319.6,1,1,2014-07-08,0448,Aqua,MODIS,45,6.2,302.5,9,D,0
-12.604,133.2207,317.9,1,1,2014-07-08,0448,Aqua,MODIS,41,6.2,305.8,6.3,D,0
-13.3533,134.1541,326.6,1,1,2014-07-08,0448,Aqua,MODIS,75,6.2,306.1,14.7,D,0
-14.6896,134.5864,323.8,1,1,2014-07-08,0448,Aqua,MODIS,69,6.2,308.1,10.4,D,0
-12.476,132.5032,323.8,1,1,2014-07-08,0448,Aqua,MODIS,54,6.2,301.8,15.2,D,0
-12.57,135.2878,323,1.1,1,2014-07-08,0448,Aqua,MODIS,73,6.2,303.1,14.1,D,0
-12.6796,132.5509,318.8,1,1,2014-07-08,0448,Aqua,MODIS,30,6.2,305.6,7.5,D,0
-13.0526,134.834,325.3,1,1,2014-07-08,0448,Aqua,MODIS,75,6.2,304.9,12.7,D,0
-13.3593,134.2399,326.9,1,1,2014-07-08,0448,Aqua,MODIS,75,6.2,307.9,13.1,D,0
-12.4773,132.4938,320.8,1,1,2014-07-08,0448,Aqua,MODIS,49,6.2,304.4,11.4,D,0
-14.6946,134.6157,326.8,1,1,2014-07-08,0448,Aqua,MODIS,74,6.2,307.8,13.1,D,0
-13.6404,134.013,322.9,1,1,2014-07-08,0448,Aqua,MODIS,61,6.2,305.5,8.9,D,0
-13.2476,133.9939,327.5,1,1,2014-07-08,0448,Aqua,MODIS,76,6.2,306,15.8,D,0
-12.9121,134.2825,322,1,1,2014-07-08,0448,Aqua,MODIS,68,6.2,304,11.2,D,0
-13.3493,134.1818,317.8,1,1,2014-07-08,0448,Aqua,MODIS,27,6.2,305.7,5.1,D,0
-13.054,134.8245,321.3,1,1,2014-07-08,0448,Aqua,MODIS,64,6.2,307.3,8.3,D,0
-12.4894,132.5302,327.7,1,1,2014-07-08,0448,Aqua,MODIS,35,6.2,301.8,16.6,D,0
-15.5316,136.1117,361.5,1.1,1,2014-07-08,0448,Aqua,MODIS,100,6.2,309.4,92.3,D,0
-12.638,134.8322,320,1,1,2014-07-08,0448,Aqua,MODIS,56,6.2,304.1,9.1,D,0
-14.9657,133.4225,319,1,1,2014-07-08,0448,Aqua,MODIS,36,6.2,306.9,5.3,D,0
-12.4985,132.5315,369.8,1,1,2014-07-08,0448,Aqua,MODIS,100,6.2,307.5,110.3,D,0
-15.519,136.0681,324.5,1.1,1,2014-07-08,0448,Aqua,MODIS,72,6.2,305.6,14.9,D,0
-13.3637,134.1463,327.4,1,1,2014-07-08,0448,Aqua,MODIS,66,6.2,305,15.4,D,0
-12.5405,135.2462,318.1,1.1,1,2014-07-08,0448,Aqua,MODIS,58,6.2,301.8,8.6,D,0
-12.4668,133.1506,321.7,1,1,2014-07-08,0448,Aqua,MODIS,40,6.2,308.4,8,D,0
-12.4842,132.5007,348.3,1,1,2014-07-08,0448,Aqua,MODIS,94,6.2,305.9,48.8,D,0
-12.8206,131.5893,318.6,1.1,1,2014-07-08,0448,Aqua,MODIS,37,6.2,303.8,7,D,0
-12.5607,135.2863,365.8,1.1,1,2014-07-08,0448,Aqua,MODIS,100,6.2,303.4,104.5,D,0
-14.5215,133.3827,324.5,1,1,2014-07-08,0448,Aqua,MODIS,63,6.2,307.9,8.9,D,0
-13.2386,133.9926,345.4,1,1,2014-07-08,0448,Aqua,MODIS,92,6.2,304.9,43.7,D,0
-14.6932,134.625,323.7,1,1,2014-07-08,0448,Aqua,MODIS,69,6.2,308.3,9.5,D,0
-12.492,132.5114,341.5,1,1,2014-07-08,0448,Aqua,MODIS,89,6.2,305.9,35,D,0
-12.9581,132.4661,326.3,1,1,2014-07-08,0448,Aqua,MODIS,71,6.2,306.1,14.1,D,0
-15.5066,136.0868,321.1,1.1,1,2014-07-08,0448,Aqua,MODIS,44,6.2,306.4,9.2,D,0
-12.9328,134.8281,316.3,1,1,2014-07-08,0448,Aqua,MODIS,56,6.2,303.5,5.7,D,0
-14.2389,133.4919,338.6,1,1,2014-07-08,0448,Aqua,MODIS,86,6.2,308.9,29.3,D,0
-14.5228,133.3734,342,1,1,2014-07-08,0448,Aqua,MODIS,89,6.2,311.5,33.8,D,0
-12.4786,132.4844,327.1,1,1,2014-07-08,0448,Aqua,MODIS,58,6.2,306.5,16.6,D,0
-12.4998,132.5221,347.1,1,1,2014-07-08,0448,Aqua,MODIS,93,6.2,306.7,47,D,0
-12.666,131.2295,316.6,1.1,1.1,2014-07-08,0448,Aqua,MODIS,50,6.2,302.2,8.6,D,0
-14.5078,134.698,330.4,1,1,2014-07-08,0448,Aqua,MODIS,79,6.2,307.2,18.9,D,0
-13.2399,133.9834,344.1,1,1,2014-07-08,0448,Aqua,MODIS,91,6.2,306.4,41.1,D,0
-14.4777,133.3666,321.5,1,1,2014-07-08,0448,Aqua,MODIS,34,6.2,309.9,6.5,D,0
-12.2922,134.4291,315.9,1,1,2014-07-08,0448,Aqua,MODIS,39,6.2,303.5,5.3,D,0
-15.5174,136.0782,372.9,1.1,1,2014-07-08,0448,Aqua,MODIS,100,6.2,310.4,132.6,D,0
-15.505,136.0969,320.3,1.1,1,2014-07-08,0448,Aqua,MODIS,63,6.2,307.9,8.8,D,0
-14.4271,143.0625,316.3,3.4,1.7,2014-07-08,0448,Aqua,MODIS,69,6.2,294.1,61.7,D,0
-12.837,132.4844,327.3,1,1,2014-07-08,0448,Aqua,MODIS,75,6.2,304.8,16.1,D,0
-12.4907,132.5208,381.6,1,1,2014-07-08,0448,Aqua,MODIS,100,6.2,306.7,153.9,D,0
-12.8859,131.1759,328.3,1.2,1.1,2014-07-08,0448,Aqua,MODIS,76,6.2,302.9,20.9,D,0
-12.5622,135.2765,341.7,1.1,1,2014-07-08,0448,Aqua,MODIS,90,6.2,302.9,41.1,D,0
-15.5805,136.0848,328.2,1.1,1,2014-07-08,0448,Aqua,MODIS,77,6.2,305.5,20.6,D,0
-13.4129,133.7408,319.3,1,1,2014-07-08,0448,Aqua,MODIS,33,6.2,306.1,6.2,D,0
-13.4116,133.75,325.6,1,1,2014-07-08,0448,Aqua,MODIS,72,6.2,306,13.8,D,0
-12.8489,133.3137,319.4,1,1,2014-07-08,0448,Aqua,MODIS,56,6.2,305.5,7.8,D,0
-12.7059,134.9269,322.2,1,1,2014-07-08,0448,Aqua,MODIS,64,6.2,303.2,11.1,D,0
-14.4867,133.368,327.2,1,1,2014-07-08,0448,Aqua,MODIS,74,6.2,310.8,13,D,0
-12.6809,132.5415,322.8,1,1,2014-07-08,0448,Aqua,MODIS,62,6.2,305,11.1,D,0
-12.4829,132.5101,355.8,1,1,2014-07-08,0448,Aqua,MODIS,98,6.2,303.8,67,D,0
-15.5268,136.0797,331.2,1.1,1,2014-07-08,0448,Aqua,MODIS,74,6.2,304.8,23.6,D,0
-16.0458,127.8153,332.4,2.2,1.4,2014-07-08,0448,Aqua,MODIS,83,6.2,306.9,62.7,D,0
-14.3664,129.9078,324.3,1.4,1.2,2014-07-08,0448,Aqua,MODIS,71,6.2,308.2,15.2,D,0
-14.2079,130.0141,328.9,1.4,1.2,2014-07-08,0448,Aqua,MODIS,77,6.2,301.9,32.8,D,0
-14.4614,129.9681,321.1,1.4,1.2,2014-07-08,0448,Aqua,MODIS,51,6.2,305.7,13,D,0
-14.4668,129.9608,349.2,1.4,1.2,2014-07-08,0448,Aqua,MODIS,94,6.2,307,82.8,D,0
-14.1796,130.6407,321.2,1.3,1.1,2014-07-08,0448,Aqua,MODIS,50,6.2,305.3,10.6,D,0
-14.1246,130.114,321.3,1.4,1.2,2014-07-08,0448,Aqua,MODIS,42,6.2,309.8,9.1,D,0
-14.1827,130.6169,328.8,1.3,1.1,2014-07-08,0448,Aqua,MODIS,76,6.2,307.1,21.9,D,0
-16.0006,127.7631,318.3,2.2,1.4,2014-07-08,0448,Aqua,MODIS,56,6.2,306.6,15.7,D,0
-16.0135,127.7649,341.8,2.2,1.4,2014-07-08,0448,Aqua,MODIS,90,6.2,305.6,108.6,D,0
-16.0263,127.7673,329.6,2.2,1.4,2014-07-08,0448,Aqua,MODIS,80,6.2,305.9,53,D,0
-16.0118,127.7698,323.1,2.2,1.4,2014-07-08,0448,Aqua,MODIS,57,6.2,305.3,29.1,D,0
-16.0269,127.7516,323.7,2.2,1.4,2014-07-08,0448,Aqua,MODIS,56,6.2,308.2,32.2,D,0
-16.0247,127.7721,345,2.2,1.4,2014-07-08,0448,Aqua,MODIS,92,6.2,305.6,127.2,D,0
-14.401,129.9325,320.8,1.4,1.2,2014-07-08,0448,Aqua,MODIS,49,6.2,309.2,9.6,D,0
-16.1832,127.7574,322.6,2.2,1.4,2014-07-08,0448,Aqua,MODIS,19,6.2,307.2,23.9,D,0
-14.123,130.1267,319.9,1.4,1.2,2014-07-08,0448,Aqua,MODIS,29,6.2,307.6,7.5,D,0
-15.7548,128.3267,320.3,2,1.4,2014-07-08,0448,Aqua,MODIS,61,6.2,308.6,20.6,D,0
-14.3199,129.7327,316.4,1.5,1.2,2014-07-08,0448,Aqua,MODIS,21,6.2,305.4,8.7,D,0
-14.1974,130.0127,326.2,1.4,1.2,2014-07-08,0448,Aqua,MODIS,74,6.2,301.4,29.4,D,0
-16.1856,127.7367,327,2.2,1.4,2014-07-08,0448,Aqua,MODIS,77,6.2,306.1,41,D,0
-14.7647,126.2984,341.6,2.7,1.6,2014-07-08,0448,Aqua,MODIS,90,6.2,303.8,162.2,D,0
-14.4631,129.9548,341.2,1.4,1.2,2014-07-08,0448,Aqua,MODIS,89,6.2,307,57.8,D,0
-14.1944,130.6065,318.9,1.3,1.1,2014-07-08,0448,Aqua,MODIS,36,6.2,306.5,7.6,D,0
-15.7522,128.3214,321.4,2,1.4,2014-07-08,0448,Aqua,MODIS,68,6.2,309.3,25,D,0
-16.0587,127.817,321.2,2.2,1.4,2014-07-08,0448,Aqua,MODIS,47,6.2,308.7,21.6,D,0
-14.3984,130.0392,320.5,1.4,1.2,2014-07-08,0448,Aqua,MODIS,60,6.2,308.7,10.7,D,0
-14.2186,127.1111,340.3,2.3,1.5,2014-07-08,0448,Aqua,MODIS,89,6.2,304.3,109.8,D,0
-14.4684,129.9475,336.5,1.4,1.2,2014-07-08,0448,Aqua,MODIS,85,6.2,306.9,43.1,D,0
-16.1836,127.7418,327,2.2,1.4,2014-07-08,0448,Aqua,MODIS,76,6.2,307,39,D,0
-14.5692,130.219,319.5,1.4,1.2,2014-07-08,0448,Aqua,MODIS,34,6.2,308.5,11,D,0
-13.9648,129.7619,317.7,1.4,1.2,2014-07-08,0448,Aqua,MODIS,36,6.2,302.8,17.7,D,0
-15.8946,128.6969,322.2,1.8,1.3,2014-07-08,0448,Aqua,MODIS,33,6.2,309.2,21.1,D,0
-15.8995,128.7105,319.8,1.8,1.3,2014-07-08,0448,Aqua,MODIS,39,6.2,307.1,17.4,D,0
-15.9016,128.6933,319.9,1.8,1.3,2014-07-08,0448,Aqua,MODIS,39,6.2,308.4,17.1,D,0
-15.0687,126.1459,318.7,2.8,1.6,2014-07-08,0448,Aqua,MODIS,57,6.2,299.5,41.4,D,0
-15.0658,126.1717,319.5,2.8,1.6,2014-07-08,0448,Aqua,MODIS,65,6.2,298.2,47.9,D,0
-15.0831,126.1477,325.1,2.8,1.6,2014-07-08,0448,Aqua,MODIS,69,6.2,302.3,65.8,D,0
-13.8723,130.1909,320.4,1.4,1.2,2014-07-08,0448,Aqua,MODIS,18,6.2,306.8,12.9,D,0
-13.8707,130.2032,326.2,1.4,1.2,2014-07-08,0448,Aqua,MODIS,68,6.2,305,21.4,D,0
-15.0802,126.1734,333.8,2.8,1.6,2014-07-08,0448,Aqua,MODIS,84,6.2,299.2,117.2,D,0
-15.0849,126.1527,326,2.8,1.6,2014-07-08,0448,Aqua,MODIS,72,6.2,302.3,69.2,D,0
-15.0822,126.1785,319.4,2.8,1.6,2014-07-08,0448,Aqua,MODIS,39,6.2,298.6,41.6,D,0
-14.4737,129.9563,333.6,1.4,1.2,2014-07-08,0448,Aqua,MODIS,83,6.2,306.9,37.2,D,0
-15.158,130.9379,322.4,1.3,1.1,2014-07-08,0448,Aqua,MODIS,43,6.2,308.7,13.2,D,0
-15.5179,129.3891,317.9,1.6,1.3,2014-07-08,0448,Aqua,MODIS,33,6.2,305.3,13,D,0
-15.531,129.3761,321.6,1.6,1.3,2014-07-08,0448,Aqua,MODIS,55,6.2,307.1,19.1,D,0
-15.5423,129.3776,332.7,1.6,1.3,2014-07-08,0448,Aqua,MODIS,82,6.2,305.4,42.9,D,0
-15.8046,126.9798,316.9,2.5,1.5,2014-07-08,0448,Aqua,MODIS,58,6.2,303,24.5,D,0
-15.5442,129.3624,338.4,1.6,1.3,2014-07-08,0448,Aqua,MODIS,87,6.2,307.2,59.5,D,0
-15.5554,129.3644,328.5,1.6,1.3,2014-07-08,0448,Aqua,MODIS,45,6.2,307.6,29.9,D,0
-15.5434,129.3691,346.1,1.6,1.3,2014-07-08,0448,Aqua,MODIS,92,6.2,306.8,86,D,0
-15.1263,130.9453,330.8,1.3,1.1,2014-07-08,0448,Aqua,MODIS,80,6.2,306.1,24.6,D,0
-15.473,127.8279,318.2,2.1,1.4,2014-07-08,0448,Aqua,MODIS,52,6.2,305.6,16.1,D,0
-15.4753,127.8078,321.9,2.1,1.4,2014-07-08,0448,Aqua,MODIS,69,6.2,307,26.4,D,0
-15.4735,127.8229,320.1,2.1,1.4,2014-07-08,0448,Aqua,MODIS,30,6.2,305.9,19.8,D,0
-15.4759,127.8029,319.5,2.1,1.4,2014-07-08,0448,Aqua,MODIS,21,6.2,306.7,17.1,D,0
-13.6699,130.3378,343.8,1.3,1.1,2014-07-08,0448,Aqua,MODIS,90,6.2,306.5,61.3,D,0
-14.6069,132.7699,335,1,1,2014-07-08,0448,Aqua,MODIS,83,6.2,309.7,23.7,D,0
-14.6055,132.7794,323.9,1,1,2014-07-08,0448,Aqua,MODIS,65,6.2,309.4,9.6,D,0
-13.6817,130.3271,337,1.3,1.1,2014-07-08,0448,Aqua,MODIS,80,6.2,308.5,40,D,0
-13.6249,130.2822,334.4,1.3,1.1,2014-07-08,0448,Aqua,MODIS,80,6.2,308.8,36.2,D,0
-13.6352,130.2835,325.2,1.3,1.1,2014-07-08,0448,Aqua,MODIS,45,6.2,306.5,17.7,D,0
-14.7235,130.1071,328.3,1.4,1.2,2014-07-08,0448,Aqua,MODIS,55,6.2,303.7,24.9,D,0
-14.1887,127.02,317.3,2.3,1.5,2014-07-08,0448,Aqua,MODIS,45,6.2,303.9,21.3,D,0
-14.1899,127.0348,323.8,2.3,1.5,2014-07-08,0448,Aqua,MODIS,73,6.2,302.9,40.2,D,0
-14.7462,130.097,328.3,1.4,1.2,2014-07-08,0448,Aqua,MODIS,70,6.2,306.3,26.9,D,0
-14.7251,130.0941,348.1,1.4,1.2,2014-07-08,0448,Aqua,MODIS,93,6.2,308.1,75.1,D,0
-14.7289,130.1011,345.1,1.4,1.2,2014-07-08,0448,Aqua,MODIS,92,6.2,306,68.5,D,0
-14.7306,130.0883,328.4,1.4,1.2,2014-07-08,0448,Aqua,MODIS,57,6.2,309.3,23.6,D,0
-14.756,130.0188,337,1.4,1.2,2014-07-08,0448,Aqua,MODIS,86,6.2,306.6,46,D,0
-14.7454,130.0169,341.4,1.4,1.2,2014-07-08,0448,Aqua,MODIS,89,6.2,309.6,58,D,0
-15.1311,131.0641,326.2,1.2,1.1,2014-07-08,0448,Aqua,MODIS,74,6.2,305.3,19.7,D,0
-15.1327,131.0525,326,1.2,1.1,2014-07-08,0448,Aqua,MODIS,73,6.2,308.6,19.5,D,0
-14.2005,127.152,322.3,2.3,1.5,2014-07-08,0448,Aqua,MODIS,38,6.2,302.9,31.6,D,0
-14.1875,127.1647,325,2.3,1.5,2014-07-08,0448,Aqua,MODIS,54,6.2,303.4,39.3,D,0
-13.6683,130.3499,326.6,1.3,1.1,2014-07-08,0448,Aqua,MODIS,74,6.2,303.5,25,D,0
-13.6801,130.3392,350.1,1.3,1.1,2014-07-08,0448,Aqua,MODIS,94,6.2,306.4,78.3,D,0
-14.7577,130.0051,328.9,1.4,1.2,2014-07-08,0448,Aqua,MODIS,70,6.2,308.7,27.4,D,0
-14.1447,130.6716,353.6,1.3,1.1,2014-07-08,0448,Aqua,MODIS,96,6.2,309.1,84.2,D,0
-14.1548,130.6731,339.4,1.3,1.1,2014-07-08,0448,Aqua,MODIS,87,6.2,307.4,43.3,D,0
-12.3176,134.826,317.3,1,1,2014-07-08,0448,Aqua,MODIS,57,6.2,303.1,7.6,D,0
-12.8011,131.2015,324.6,1.2,1.1,2014-07-08,0448,Aqua,MODIS,72,6.2,302.5,15.3,D,0
-13.6002,133.7816,318.8,1,1,2014-07-08,0448,Aqua,MODIS,45,6.2,304.7,4.9,D,0
-13.6469,132.9338,343.3,1,1,2014-07-08,0448,Aqua,MODIS,90,6.2,308.9,38.6,D,0
-14.2286,133.4998,321.3,1,1,2014-07-08,0448,Aqua,MODIS,34,6.2,307.5,7.5,D,0
-13.956,134.3122,324,1,1,2014-07-08,0448,Aqua,MODIS,56,6.2,306.6,8.8,D,0
-13.9412,133.8429,331.6,1,1,2014-07-08,0448,Aqua,MODIS,80,6.2,309.5,19.6,D,0
-13.5603,134.1229,319.6,1,1,2014-07-08,0448,Aqua,MODIS,44,6.2,305.1,7.3,D,0
-14.178,130.6525,321.6,1.3,1.1,2014-07-08,0448,Aqua,MODIS,39,6.2,306,11.4,D,0
-13.617,133.0153,319.9,1,1,2014-07-08,0448,Aqua,MODIS,45,6.2,303.8,8.1,D,0
-13.6482,132.9245,353.1,1,1,2014-07-08,0448,Aqua,MODIS,96,6.2,313.6,58.5,D,0
-13.6261,133.0167,344.7,1,1,2014-07-08,0448,Aqua,MODIS,91,6.2,306.6,41,D,0
-13.4405,132.1083,324.3,1.1,1,2014-07-08,0448,Aqua,MODIS,57,6.2,307.3,9.7,D,0
-13.4675,131.1639,319.9,1.2,1.1,2014-07-08,0448,Aqua,MODIS,49,6.2,308.1,7.9,D,0
-13.5413,133.6825,321.8,1,1,2014-07-08,0448,Aqua,MODIS,57,6.2,305.2,9.6,D,0
-12.3238,134.7198,318.7,1,1,2014-07-08,0448,Aqua,MODIS,61,6.2,306.4,8.9,D,0
-13.6721,132.0793,328.8,1.1,1,2014-07-08,0448,Aqua,MODIS,70,6.2,308.6,17,D,0
-13.6707,132.0891,327.2,1.1,1,2014-07-08,0448,Aqua,MODIS,66,6.2,306.1,15.8,D,0
-13.6093,133.0046,330.7,1,1,2014-07-08,0448,Aqua,MODIS,79,6.2,306.5,19.8,D,0
-13.6814,132.0806,335.3,1.1,1,2014-07-08,0448,Aqua,MODIS,83,6.2,307.9,27.8,D,0
-13.68,132.0905,324.9,1.1,1,2014-07-08,0448,Aqua,MODIS,63,6.2,304.4,14.1,D,0
-13.6944,133.962,324.5,1,1,2014-07-08,0448,Aqua,MODIS,20,6.2,304.7,10.8,D,0
-13.751,133.9483,352,1,1,2014-07-08,0448,Aqua,MODIS,95,6.2,310.2,54.2,D,0
-13.5536,133.8532,324.2,1,1,2014-07-08,0448,Aqua,MODIS,69,6.2,306.8,11.6,D,0
-13.6183,133.006,320.6,1,1,2014-07-08,0448,Aqua,MODIS,50,6.2,307,8.2,D,0
-15.53,136.1218,327.2,1.1,1,2014-07-08,0448,Aqua,MODIS,76,6.2,305.9,18.4,D,0
-13.7419,133.9504,337.5,1,1,2014-07-08,0448,Aqua,MODIS,86,6.2,305.7,28.9,D,0
-13.5423,134.1202,318.8,1,1,2014-07-08,0448,Aqua,MODIS,19,6.2,304.7,5.7,D,0
-13.9202,133.99,321.6,1,1,2014-07-08,0448,Aqua,MODIS,60,6.2,305.9,7.7,D,0
-14.1015,133.4276,323.9,1,1,2014-07-08,0448,Aqua,MODIS,67,6.2,305.4,11.6,D,0
-13.4392,132.1182,327.8,1.1,1,2014-07-08,0448,Aqua,MODIS,71,6.2,307.5,14.7,D,0
-13.4103,131.983,323.6,1.1,1,2014-07-08,0448,Aqua,MODIS,32,6.2,309.1,9.8,D,0
-14.1002,133.4369,347.8,1,1,2014-07-08,0448,Aqua,MODIS,93,6.2,306.2,47.6,D,0
-14.0989,133.4461,330.1,1,1,2014-07-08,0448,Aqua,MODIS,66,6.2,304.3,17.9,D,0
-14.1219,133.478,325.1,1,1,2014-07-08,0448,Aqua,MODIS,32,6.2,305.5,12.4,D,0
-13.6869,133.4945,324.9,1,1,2014-07-08,0448,Aqua,MODIS,70,6.2,307,12.3,D,0
-13.7351,132.0851,325,1.1,1,2014-07-08,0448,Aqua,MODIS,65,6.2,305.3,14.1,D,0
-13.8642,133.8687,322.8,1,1,2014-07-08,0448,Aqua,MODIS,65,6.2,304.9,11.7,D,0
-13.8666,133.916,322.8,1,1,2014-07-08,0448,Aqua,MODIS,60,6.2,308.3,9,D,0
-13.7497,133.9574,349.2,1,1,2014-07-08,0448,Aqua,MODIS,94,6.2,306.5,49,D,0
-13.8424,133.8871,324.2,1,1,2014-07-08,0448,Aqua,MODIS,68,6.2,305,11.4,D,0
-13.7432,133.9413,325.5,1,1,2014-07-08,0448,Aqua,MODIS,65,6.2,307.2,12.3,D,0
-13.7793,133.9432,325.4,1,1,2014-07-08,0448,Aqua,MODIS,71,6.2,309.1,9.6,D,0
-13.9188,133.9992,319.4,1,1,2014-07-08,0448,Aqua,MODIS,50,6.2,306.2,6.2,D,0
-12.3313,134.8437,334.4,1,1,2014-07-08,0448,Aqua,MODIS,84,6.2,304.6,26.9,D,0
-13.6351,133.0181,347.2,1,1,2014-07-08,0448,Aqua,MODIS,93,6.2,308.2,46.1,D,0
-12.3299,134.8533,324.7,1,1,2014-07-08,0448,Aqua,MODIS,74,6.2,304,13.9,D,0
-13.6338,133.0274,351.4,1,1,2014-07-08,0448,Aqua,MODIS,95,6.2,305.4,55.5,D,0
-13.6441,133.0194,325.1,1,1,2014-07-08,0448,Aqua,MODIS,68,6.2,306.6,13.7,D,0
-13.6428,133.0287,318.2,1,1,2014-07-08,0448,Aqua,MODIS,23,6.2,303.9,7,D,0
-13.6197,132.9298,331.8,1,1,2014-07-08,0448,Aqua,MODIS,70,6.2,308.7,18.8,D,0
-13.6102,132.9314,326.6,1,1,2014-07-08,0448,Aqua,MODIS,52,6.2,308.2,12.1,D,0
-14.1347,130.6699,325.6,1.3,1.1,2014-07-08,0448,Aqua,MODIS,61,6.2,305.7,18.3,D,0
-13.7147,132.045,328,1.1,1,2014-07-08,0448,Aqua,MODIS,67,6.2,308.7,16.2,D,0
-14.0454,130.8048,322.3,1.2,1.1,2014-07-08,0448,Aqua,MODIS,47,6.2,309.6,11.6,D,0
-14.0354,130.8032,349.2,1.2,1.1,2014-07-08,0448,Aqua,MODIS,94,6.2,313.6,66.7,D,0
-14.0254,130.8017,383.6,1.2,1.1,2014-07-08,0448,Aqua,MODIS,100,6.2,318.6,217.1,D,0
-14.0155,130.8001,339.6,1.2,1.1,2014-07-08,0448,Aqua,MODIS,87,6.2,306.6,45.1,D,0
-14.017,130.7887,328.4,1.3,1.1,2014-07-08,0448,Aqua,MODIS,76,6.2,310.2,21.6,D,0
-13.4936,132.0411,327.9,1.1,1,2014-07-08,0448,Aqua,MODIS,75,6.2,307.2,17.2,D,0
-13.5636,134.2271,324.6,1,1,2014-07-08,0448,Aqua,MODIS,71,6.2,303.7,13.2,D,0
-13.9186,130.6868,322,1.3,1.1,2014-07-08,0448,Aqua,MODIS,18,6.2,306.8,11.1,D,0
-12.3413,134.7768,324.1,1,1,2014-07-08,0448,Aqua,MODIS,73,6.2,304,15.1,D,0
-13.4286,132.1266,341.6,1.1,1,2014-07-08,0448,Aqua,MODIS,89,6.2,308.8,35.6,D,0
-13.822,133.8371,333.3,1,1,2014-07-08,0448,Aqua,MODIS,82,6.2,304.2,25.3,D,0
-13.8207,133.8462,340.5,1,1,2014-07-08,0448,Aqua,MODIS,88,6.2,303.9,36.2,D,0
-13.447,134.1469,319.5,1,1,2014-07-08,0448,Aqua,MODIS,40,6.2,304.6,7.2,D,0
-13.4573,134.1391,332,1,1,2014-07-08,0448,Aqua,MODIS,81,6.2,305.8,21.8,D,0
-13.456,134.1483,320,1,1,2014-07-08,0448,Aqua,MODIS,43,6.2,304.4,8,D,0
-13.5546,134.2257,330.8,1,1,2014-07-08,0448,Aqua,MODIS,80,6.2,303.5,19.7,D,0
-13.5559,134.2165,337.3,1,1,2014-07-08,0448,Aqua,MODIS,86,6.2,305.6,29.8,D,0
-13.9194,130.6801,327.9,1.3,1.1,2014-07-08,0448,Aqua,MODIS,61,6.2,308.5,20,D,0
-13.8257,133.8752,369.2,1,1,2014-07-08,0448,Aqua,MODIS,100,6.2,309.5,104.3,D,0
-14.4364,132.6738,333.7,1,1,2014-07-08,0448,Aqua,MODIS,82,6.2,308.2,24,D,0
-13.8244,133.8844,357.8,1,1,2014-07-08,0448,Aqua,MODIS,98,6.2,304.8,70,D,0
-14.4377,132.6642,330.4,1,1,2014-07-08,0448,Aqua,MODIS,78,6.2,309.5,18.9,D,0
-13.8334,133.8857,372.6,1,1,2014-07-08,0448,Aqua,MODIS,100,6.2,310.5,114.9,D,0
-13.8321,133.8949,359.5,1,1,2014-07-08,0448,Aqua,MODIS,99,6.2,304.9,73.4,D,0
-13.5029,132.0425,334.3,1.1,1,2014-07-08,0448,Aqua,MODIS,82,6.2,307.3,26.3,D,0
-13.841,133.8963,339.7,1,1,2014-07-08,0448,Aqua,MODIS,87,6.2,304.9,31.7,D,0
-13.8019,133.7213,325.1,1,1,2014-07-08,0448,Aqua,MODIS,70,6.2,307.6,11.8,D,0
-13.7903,133.7383,319.4,1,1,2014-07-08,0448,Aqua,MODIS,25,6.2,304.5,6.5,D,0
-13.6977,133.7466,331.4,1,1,2014-07-08,0448,Aqua,MODIS,79,6.2,310.2,18.8,D,0
-14.1982,133.3286,326.4,1,1,2014-07-08,0448,Aqua,MODIS,61,6.2,306.9,13.1,D,0
-13.5002,132.0623,339.1,1.1,1,2014-07-08,0448,Aqua,MODIS,84,6.2,307.5,33,D,0
-13.5095,132.0636,337.8,1.1,1,2014-07-08,0448,Aqua,MODIS,80,6.2,303.3,32.1,D,0
-14.0239,130.8132,379,1.2,1.1,2014-07-08,0448,Aqua,MODIS,100,6.2,308,191.1,D,0
-13.9491,133.8498,349.5,1,1,2014-07-08,0448,Aqua,MODIS,94,6.2,307.7,49,D,0
-13.9504,133.8406,359.6,1,1,2014-07-08,0448,Aqua,MODIS,99,6.2,310.7,73.3,D,0
-14.0339,130.8147,350.9,1.2,1.1,2014-07-08,0448,Aqua,MODIS,95,6.2,307.5,72.2,D,0
-13.9517,133.8314,322.1,1,1,2014-07-08,0448,Aqua,MODIS,63,6.2,308.7,8.5,D,0
-13.9399,133.8521,326.7,1,1,2014-07-08,0448,Aqua,MODIS,73,6.2,307.5,13.2,D,0
-13.8072,134.454,322,1,1,2014-07-08,0448,Aqua,MODIS,32,6.2,307.6,6.4,D,0
-13.5016,132.0524,331,1.1,1,2014-07-08,0448,Aqua,MODIS,67,6.2,309,20.3,D,0
-13.5122,132.0438,319.2,1.1,1,2014-07-08,0448,Aqua,MODIS,45,6.2,305.9,7.8,D,0
-13.8176,134.4461,321.8,1,1,2014-07-08,0448,Aqua,MODIS,59,6.2,307.9,6.3,D,0
-13.5109,132.0537,351.1,1.1,1,2014-07-08,0448,Aqua,MODIS,95,6.2,307.8,60.5,D,0
-13.8162,134.4554,326.4,1,1,2014-07-08,0448,Aqua,MODIS,74,6.2,307.4,11.5,D,0
-11.9435,132.7547,359.6,1,1,2014-07-08,0449,Aqua,MODIS,99,6.2,304.8,75.4,D,0
-12.3225,132.6078,366.1,1,1,2014-07-08,0449,Aqua,MODIS,100,6.2,308.1,94.3,D,0
-11.521,132.7561,321.4,1,1,2014-07-08,0449,Aqua,MODIS,60,6.2,304.2,9,D,0
-12.2118,132.6143,315.5,1,1,2014-07-08,0449,Aqua,MODIS,21,6.2,303.4,5.1,D,0
-11.2859,131.9318,329.6,1,1,2014-07-08,0449,Aqua,MODIS,81,6.2,301.3,21.6,D,0
-11.2925,131.884,320.3,1.1,1,2014-07-08,0449,Aqua,MODIS,53,6.2,301.3,11.3,D,0
-11.3187,131.9657,323.4,1,1,2014-07-08,0449,Aqua,MODIS,71,6.2,303.2,13.6,D,0
-11.3013,132.2898,323.4,1,1,2014-07-08,0449,Aqua,MODIS,57,6.2,303.5,9.7,D,0
-11.9358,132.7441,363,1,1,2014-07-08,0449,Aqua,MODIS,100,6.2,303.5,85.5,D,0
-12.3212,132.6171,353.8,1,1,2014-07-08,0449,Aqua,MODIS,97,6.2,304.4,61.4,D,0
-11.5595,132.8049,319.2,1,1,2014-07-08,0449,Aqua,MODIS,71,6.2,305,7.9,D,0
-11.5197,132.7653,320.2,1,1,2014-07-08,0449,Aqua,MODIS,66,6.2,304.1,8.2,D,0
-11.9371,132.7349,327.9,1,1,2014-07-08,0449,Aqua,MODIS,58,6.2,300.2,17,D,0
-11.309,132.3004,324.2,1,1,2014-07-08,0449,Aqua,MODIS,45,6.2,302.6,9.8,D,0
-11.7702,130.5327,314.9,1.2,1.1,2014-07-08,0449,Aqua,MODIS,63,6.2,298.9,9.9,D,0
-11.4271,130.5052,312.4,1.2,1.1,2014-07-08,0449,Aqua,MODIS,49,6.2,297.9,7.5,D,0
-11.4505,130.5535,319.9,1.2,1.1,2014-07-08,0449,Aqua,MODIS,71,6.2,297.2,16.1,D,0
-11.4491,130.5643,325.9,1.2,1.1,2014-07-08,0449,Aqua,MODIS,78,6.2,298.6,24.2,D,0
-12.4269,130.6429,313.7,1.2,1.1,2014-07-08,0449,Aqua,MODIS,46,6.2,301.7,7.7,D,0
-12.7261,130.5422,314.9,1.2,1.1,2014-07-08,0449,Aqua,MODIS,50,6.2,302,10.1,D,0
-12.5226,130.6172,327.2,1.2,1.1,2014-07-08,0449,Aqua,MODIS,76,6.2,303.5,20.2,D,0
-11.9409,132.7731,331.3,1,1,2014-07-08,0449,Aqua,MODIS,53,6.2,302.9,19.9,D,0
-12.3316,132.6091,330.8,1,1,2014-07-08,0449,Aqua,MODIS,61,6.2,308.4,17,D,0
-11.2846,131.9413,326,1,1,2014-07-08,0449,Aqua,MODIS,77,6.2,295.1,16.4,D,0
-12.226,132.6449,351.4,1,1,2014-07-08,0449,Aqua,MODIS,95,6.2,306.3,54.6,D,0
-12.1885,132.6488,321.9,1,1,2014-07-08,0449,Aqua,MODIS,54,6.2,302.7,10,D,0
-11.9758,132.7217,354.3,1,1,2014-07-08,0449,Aqua,MODIS,97,6.2,305,64.6,D,0
-12.4293,130.6999,319.1,1.2,1.1,2014-07-08,0449,Aqua,MODIS,60,6.2,301,12.2,D,0
-12.3303,132.6185,350.2,1,1,2014-07-08,0449,Aqua,MODIS,95,6.2,306.4,52,D,0
-11.2768,131.9304,348.3,1,1,2014-07-08,0449,Aqua,MODIS,94,6.2,300,55.6,D,0
-11.4675,131.4184,321.9,1.1,1,2014-07-08,0449,Aqua,MODIS,15,6.2,301.8,11.9,D,0
-11.4581,131.417,322.9,1.1,1,2014-07-08,0449,Aqua,MODIS,32,6.2,300.4,13.1,D,0
-11.9475,132.6609,336.7,1,1,2014-07-08,0449,Aqua,MODIS,86,6.2,299,30,D,0
-11.9732,132.7402,323.7,1,1,2014-07-08,0449,Aqua,MODIS,33,6.2,301.5,12.1,D,0
-11.2792,132.3151,319.9,1,1,2014-07-08,0449,Aqua,MODIS,30,6.2,302.8,7.3,D,0
-11.9462,132.6702,346.8,1,1,2014-07-08,0449,Aqua,MODIS,93,6.2,298.9,47.5,D,0
-11.9526,132.69,315.2,1,1,2014-07-08,0449,Aqua,MODIS,35,6.2,300.3,6.8,D,0
-11.9863,132.6478,331.9,1,1,2014-07-08,0449,Aqua,MODIS,40,6.2,301.5,19.6,D,0
-11.2912,131.8936,318.3,1.1,1,2014-07-08,0449,Aqua,MODIS,63,6.2,300.2,8.9,D,0
-11.3928,131.2885,317.9,1.1,1,2014-07-08,0449,Aqua,MODIS,57,6.2,301.2,8.9,D,0
-11.3846,131.3489,315.9,1.1,1,2014-07-08,0449,Aqua,MODIS,24,6.2,299.9,7.1,D,0
-11.3054,131.2602,334.6,1.1,1,2014-07-08,0449,Aqua,MODIS,86,6.2,297.5,32.1,D,0
-11.3068,131.2501,368.5,1.1,1.1,2014-07-08,0449,Aqua,MODIS,100,6.2,301.3,120.7,D,0
-11.2974,131.2487,326.6,1.1,1.1,2014-07-08,0449,Aqua,MODIS,79,6.2,300.1,19.3,D,0
-11.252,131.2563,324.4,1.1,1,2014-07-08,0449,Aqua,MODIS,32,6.2,300.1,15.2,D,0
-11.7483,130.6972,325.8,1.2,1.1,2014-07-08,0449,Aqua,MODIS,78,6.2,301.2,21.6,D,0
-11.7497,130.6863,325,1.2,1.1,2014-07-08,0449,Aqua,MODIS,67,6.2,299.5,20.3,D,0
-11.74,130.6849,316.6,1.2,1.1,2014-07-08,0449,Aqua,MODIS,61,6.2,297.8,10.3,D,0
-11.3995,131.3099,316.2,1.1,1,2014-07-08,0449,Aqua,MODIS,31,6.2,300.1,5.7,D,0
-12.2765,132.6143,320.9,1,1,2014-07-08,0449,Aqua,MODIS,62,6.2,303.1,9.7,D,0
-12.0036,132.7229,335,1,1,2014-07-08,0449,Aqua,MODIS,85,6.2,302.2,27.4,D,0
-11.9745,132.731,340.6,1,1,2014-07-08,0449,Aqua,MODIS,89,6.2,301,36.7,D,0
-12.285,132.6118,321.6,1,1,2014-07-08,0449,Aqua,MODIS,53,6.2,302.9,9.7,D,0
-12.2247,132.6542,346.9,1,1,2014-07-08,0449,Aqua,MODIS,93,6.2,306.5,45,D,0
-11.9859,134.0698,325.3,1,1,2014-07-08,0449,Aqua,MODIS,67,6.2,302.8,14.4,D,0
-11.8145,133.7248,332.5,1,1,2014-07-08,0449,Aqua,MODIS,73,6.2,304.3,20.9,D,0
-11.9846,134.079,327.2,1,1,2014-07-08,0449,Aqua,MODIS,75,6.2,305.2,16,D,0
-11.9966,133.2276,339.8,1,1,2014-07-08,0449,Aqua,MODIS,88,6.2,306.3,32.1,D,0
-12.1277,134.4841,333,1,1,2014-07-08,0449,Aqua,MODIS,82,6.2,302.3,27.4,D,0
-12.169,134.5193,322.6,1,1,2014-07-08,0449,Aqua,MODIS,44,6.2,301.2,11.5,D,0
-12.1733,133.533,329.1,1,1,2014-07-08,0449,Aqua,MODIS,77,6.2,305.1,16.7,D,0
-12.0056,133.2289,328.4,1,1,2014-07-08,0449,Aqua,MODIS,78,6.2,305.9,15.5,D,0
-12.0403,134.2674,324.8,1,1,2014-07-08,0449,Aqua,MODIS,71,6.2,302.7,15.1,D,0
-12.1746,133.5238,329.8,1,1,2014-07-08,0449,Aqua,MODIS,78,6.2,306.6,17.9,D,0
-12.1663,134.5381,317.9,1,1,2014-07-08,0449,Aqua,MODIS,21,6.2,301.3,7,D,0
-11.9426,133.7939,319.7,1,1,2014-07-08,0449,Aqua,MODIS,50,6.2,305.7,8.3,D,0
-11.9932,134.1464,321.1,1,1,2014-07-08,0449,Aqua,MODIS,55,6.2,300.9,11.4,D,0
-11.9293,133.8855,330.7,1,1,2014-07-08,0449,Aqua,MODIS,80,6.2,303.6,22.5,D,0
-12.2622,133.3599,328,1,1,2014-07-08,0449,Aqua,MODIS,76,6.2,304.7,15.1,D,0
-12.1228,133.6316,331.4,1,1,2014-07-08,0449,Aqua,MODIS,80,6.2,308.1,16.2,D,0
-12.2635,133.3507,344,1,1,2014-07-08,0449,Aqua,MODIS,91,6.2,307,39,D,0
-12.2545,133.3494,326,1,1,2014-07-08,0449,Aqua,MODIS,73,6.2,304.6,12.8,D,0
-12.0327,134.0016,346.4,1,1,2014-07-08,0449,Aqua,MODIS,92,6.2,307.7,41.4,D,0
-11.8,133.8255,317.4,1,1,2014-07-08,0449,Aqua,MODIS,32,6.2,303,6,D,0
-12.1649,134.5476,320.2,1,1,2014-07-08,0449,Aqua,MODIS,63,6.2,302.6,9.7,D,0
-11.9147,133.6719,320.6,1,1,2014-07-08,0449,Aqua,MODIS,38,6.2,302.9,8.8,D,0
-12.1656,133.5225,318.2,1,1,2014-07-08,0449,Aqua,MODIS,40,6.2,304,5.7,D,0
-12.1336,134.1264,327.8,1,1,2014-07-08,0449,Aqua,MODIS,71,6.2,304.4,17,D,0
-11.9396,133.8777,318.5,1,1,2014-07-08,0449,Aqua,MODIS,48,6.2,304.8,7.7,D,0
-12.4141,132.2852,319.3,1,1,2014-07-08,0449,Aqua,MODIS,62,6.2,304.5,8.3,D,0
-12.4228,132.2834,330.7,1,1,2014-07-08,0449,Aqua,MODIS,80,6.2,303.3,22,D,0
-22.6773,122.6259,350.5,4.6,2,2014-07-08,0624,Aqua,MODIS,96,6.2,299.9,538,D,0
-22.675,122.6305,346.4,4.6,2,2014-07-08,0624,Aqua,MODIS,94,6.2,299.5,460.1,D,0
-20.0327,119.9509,319.2,3.4,1.7,2014-07-08,0625,Aqua,MODIS,67,6.2,306.1,53.3,D,0
-20.0377,119.9443,320.3,3.4,1.7,2014-07-08,0625,Aqua,MODIS,68,6.2,305.7,57.4,D,0
-20.8107,119.6006,321,3.1,1.7,2014-07-08,0625,Aqua,MODIS,70,6.2,306.2,51.3,D,0
-20.8061,119.6222,315.6,3.1,1.7,2014-07-08,0625,Aqua,MODIS,55,6.2,304.6,26,D,0
-20.8119,119.5927,318,3.1,1.7,2014-07-08,0625,Aqua,MODIS,63,6.2,306.5,36.1,D,0
-30.507,152.8773,302.6,1.1,1,2014-07-08,1230,Terra,MODIS,50,6.2,278.8,9.9,N,0
-30.5046,148.6203,302.6,1.8,1.3,2014-07-08,1230,Terra,MODIS,50,6.2,276.5,23.5,N,0
-30.5065,148.6011,308.7,1.8,1.3,2014-07-08,1230,Terra,MODIS,75,6.2,277.4,32.9,N,0
-28.5177,149.4995,308.7,1.5,1.2,2014-07-08,1231,Terra,MODIS,75,6.2,275.4,25,N,0
-25.6629,152.755,315.7,1,1,2014-07-08,1231,Terra,MODIS,92,6.2,281,18.2,N,0
-27.8041,153.0701,300.3,1,1,2014-07-08,1231,Terra,MODIS,25,6.2,278.7,8.1,N,0
-23.6541,147.5066,311.9,1.8,1.3,2014-07-08,1232,Terra,MODIS,84,6.2,277,34.7,N,0
-15.2012,141.8873,304.1,3.6,1.8,2014-07-08,1234,Terra,MODIS,58,6.2,289.2,45,N,0
-13.494,132.0437,302.9,2,1.4,2014-07-08,1413,Terra,MODIS,52,6.2,290,15.7,N,0
-14.0144,130.8174,301.2,1.6,1.2,2014-07-08,1413,Terra,MODIS,28,6.2,289.8,9.7,N,0
-13.3254,132.2751,302,2.1,1.4,2014-07-08,1413,Terra,MODIS,46,6.2,289.6,15.2,N,0
-14.755,130.09,302.2,1.4,1.2,2014-07-08,1413,Terra,MODIS,42,6.2,291.4,7.9,N,0
-15.4747,127.8256,314.1,1,1,2014-07-08,1413,Terra,MODIS,88,6.2,292.8,13,N,0
-15.4761,127.816,310.4,1,1,2014-07-08,1413,Terra,MODIS,80,6.2,292.1,10.3,N,0
-15.3093,128.0163,302.1,1.1,1,2014-07-08,1413,Terra,MODIS,21,6.2,291.7,5.6,N,0
-15.3,128.0147,307.1,1.1,1,2014-07-08,1413,Terra,MODIS,70,6.2,292.2,8.8,N,0
-15.4775,127.8064,305.3,1,1,2014-07-08,1413,Terra,MODIS,64,6.2,291.4,6.9,N,0
-15.4006,127.9569,301.2,1.1,1,2014-07-08,1413,Terra,MODIS,23,6.2,287.4,5.3,N,0
-12.7937,130.5345,303.7,1.6,1.2,2014-07-08,1413,Terra,MODIS,57,6.2,289.7,13.1,N,0
-15.9938,127.7428,311.3,1,1,2014-07-08,1413,Terra,MODIS,82,6.2,292.4,11.2,N,0
-16.1824,127.7756,306.1,1,1,2014-07-08,1413,Terra,MODIS,67,6.2,289.8,8,N,0
-16.181,127.7852,307.5,1,1,2014-07-08,1413,Terra,MODIS,71,6.2,290.5,9.1,N,0
-16.0029,127.7443,324.9,1,1,2014-07-08,1413,Terra,MODIS,100,6.2,293.2,23.9,N,0
-16.0043,127.7348,314.6,1,1,2014-07-08,1413,Terra,MODIS,90,6.2,292,13.3,N,0
-15.7234,129.3407,303,1.2,1.1,2014-07-08,1413,Terra,MODIS,53,6.2,289,7.5,N,0
-23.6511,147.5085,300.5,1.2,1.1,2014-07-08,1541,Aqua,MODIS,29,6.2,274.9,10.8,N,0
-30.5015,148.6132,315.9,1.6,1.2,2014-07-08,1543,Aqua,MODIS,92,6.2,277,38.5,N,0
-15.2984,128.0176,302.6,1.9,1.4,2014-07-08,1717,Aqua,MODIS,47,6.2,291.5,15.5,N,0
-15.6601,129.3852,302.5,2.5,1.5,2014-07-08,1718,Aqua,MODIS,49,6.2,290.3,23.7,N,0
-20.1087,119.7019,337,1,1,2014-07-08,1719,Aqua,MODIS,100,6.2,287.5,43.8,N,0
-20.1102,119.7118,303.5,1,1,2014-07-08,1719,Aqua,MODIS,13,6.2,284,7.9,N,0
-20.1178,119.7003,302.3,1,1,2014-07-08,1719,Aqua,MODIS,40,6.2,283.4,7.7,N,0
-20.1194,119.7102,308.4,1,1,2014-07-08,1719,Aqua,MODIS,74,6.2,284.2,11.7,N,0
-20.8058,119.624,309.3,1,1,2014-07-08,1719,Aqua,MODIS,77,6.2,286.4,12.1,N,0
-30.8605,121.4961,308.7,1.2,1.1,2014-07-08,1722,Aqua,MODIS,75,6.2,277.3,17.4,N,2
-27.4364,152.6457,300.4,2.6,1.6,2014-07-08,2329,Terra,MODIS,36,6.2,287.5,18.3,D,0
-13.7404,143.185,312.4,1.4,1.2,2014-07-09,0103,Terra,MODIS,52,6.2,299.6,7.7,D,0
-11.872,142.4174,328.4,1.2,1.1,2014-07-09,0103,Terra,MODIS,84,6.2,292.8,27.5,D,0
-11.8468,142.3778,316.1,1.2,1.1,2014-07-09,0103,Terra,MODIS,72,6.2,297.6,12.1,D,0
-13.1864,142.2499,312.1,1.2,1.1,2014-07-09,0103,Terra,MODIS,59,6.2,298.4,6.6,D,0
-11.8705,142.4068,326.7,1.2,1.1,2014-07-09,0103,Terra,MODIS,82,6.2,296.9,24.6,D,0
-11.8816,142.416,316.9,1.2,1.1,2014-07-09,0103,Terra,MODIS,73,6.2,292.4,12.8,D,0
-12.025,142.4816,318,1.2,1.1,2014-07-09,0103,Terra,MODIS,74,6.2,295.8,14.6,D,0
-12.0899,142.4507,316.7,1.2,1.1,2014-07-09,0103,Terra,MODIS,72,6.2,293.6,12.8,D,0
-11.9319,142.1889,310.7,1.1,1.1,2014-07-09,0103,Terra,MODIS,37,6.2,295.9,5.6,D,0
-12.0257,132.6927,311.4,2.5,1.5,2014-07-09,0103,Terra,MODIS,54,6.2,296.2,20.8,D,0
-11.9305,142.1786,315.7,1.1,1.1,2014-07-09,0103,Terra,MODIS,71,6.2,295.9,10.3,D,0
-13.684,132.1036,312.4,2.6,1.5,2014-07-09,0104,Terra,MODIS,53,6.2,299.6,17.7,D,0
-13.4965,132.0471,318.6,2.6,1.6,2014-07-09,0104,Terra,MODIS,72,6.2,298.5,46.7,D,0
-13.9393,134.3422,315.2,1.7,1.3,2014-07-09,0104,Terra,MODIS,65,6.2,298.9,16.1,D,0
-13.7143,133.9589,313.6,1.9,1.3,2014-07-09,0104,Terra,MODIS,50,6.2,299.3,13.4,D,0
-13.821,133.8275,319.7,1.9,1.3,2014-07-09,0104,Terra,MODIS,74,6.2,298.3,31.1,D,0
-13.8105,133.7337,311.9,1.9,1.4,2014-07-09,0104,Terra,MODIS,60,6.2,298.6,14.1,D,0
-13.4871,132.0301,312.9,2.6,1.6,2014-07-09,0104,Terra,MODIS,56,6.2,295.9,26.1,D,0
-13.4914,132.0542,311.8,2.6,1.6,2014-07-09,0104,Terra,MODIS,53,6.2,298.8,22.5,D,0
-13.8036,133.7228,316.7,1.9,1.4,2014-07-09,0104,Terra,MODIS,69,6.2,299.1,22.1,D,0
-13.8074,133.7161,310.5,1.9,1.4,2014-07-09,0104,Terra,MODIS,53,6.2,298.3,10.6,D,0
-13.4921,132.023,310.8,2.6,1.6,2014-07-09,0104,Terra,MODIS,53,6.2,295,21.6,D,0
-14.1108,133.4148,312.5,2,1.4,2014-07-09,0104,Terra,MODIS,60,6.2,298.1,16.6,D,0
-14.1086,133.4212,311.8,2,1.4,2014-07-09,0104,Terra,MODIS,56,6.2,298.5,14.6,D,0
-13.7024,133.961,313.5,1.9,1.3,2014-07-09,0104,Terra,MODIS,48,6.2,300.1,13.2,D,0
-13.8256,133.8206,312.7,1.9,1.3,2014-07-09,0104,Terra,MODIS,62,6.2,297.2,17.1,D,0
-13.8286,133.8378,312.2,1.9,1.3,2014-07-09,0104,Terra,MODIS,60,6.2,297.2,15.8,D,0
-14.4451,142.5199,316.6,1.3,1.1,2014-07-09,0104,Terra,MODIS,70,6.2,299,12.7,D,0
-15.4817,143.5338,309.1,1.5,1.2,2014-07-09,0104,Terra,MODIS,49,6.2,298.8,7.8,D,0
-16.9666,144.8056,325,2,1.4,2014-07-09,0104,Terra,MODIS,80,6.2,297.3,51.5,D,0
-14.3918,142.4275,332,1.2,1.1,2014-07-09,0104,Terra,MODIS,85,6.2,299.7,33.6,D,0
-14.6669,142.5009,315.2,1.3,1.1,2014-07-09,0104,Terra,MODIS,50,6.2,300.9,8.9,D,0
-14.5175,142.9866,316.7,1.3,1.2,2014-07-09,0104,Terra,MODIS,68,6.2,299.8,14,D,0
-15.3989,143.2589,313.3,1.4,1.2,2014-07-09,0104,Terra,MODIS,52,6.2,298.9,10.3,D,0
-16.271,135.9801,323.1,1.2,1.1,2014-07-09,0104,Terra,MODIS,68,6.2,302.3,18.4,D,0
-14.5342,142.5011,317.9,1.3,1.1,2014-07-09,0104,Terra,MODIS,72,6.2,298.9,14.8,D,0
-15.9106,135.4623,310.1,1.3,1.1,2014-07-09,0104,Terra,MODIS,41,6.2,299.6,6.4,D,0
-14.6592,142.2155,326.9,1.2,1.1,2014-07-09,0104,Terra,MODIS,81,6.2,300,23.6,D,0
-16.9639,144.8125,329.6,2,1.4,2014-07-09,0104,Terra,MODIS,84,6.2,297.5,67.4,D,0
-14.3913,142.4217,329.7,1.2,1.1,2014-07-09,0104,Terra,MODIS,76,6.2,300.4,28.9,D,0
-14.3902,142.4161,321.1,1.2,1.1,2014-07-09,0104,Terra,MODIS,39,6.2,300.6,15.9,D,0
-16.9687,144.824,319.6,2,1.4,2014-07-09,0104,Terra,MODIS,75,6.2,296.8,36.4,D,0
-14.6493,142.2169,322.4,1.2,1.1,2014-07-09,0104,Terra,MODIS,76,6.2,300.7,18.7,D,0
-12.4775,132.485,314.3,2.5,1.5,2014-07-09,0104,Terra,MODIS,63,6.2,296.9,25.5,D,0
-14.4067,142.3846,326.5,1.2,1.1,2014-07-09,0104,Terra,MODIS,81,6.2,300.2,24.8,D,0
-15.1909,143.1509,316.7,1.4,1.2,2014-07-09,0104,Terra,MODIS,55,6.2,301.3,13.3,D,0
-14.5974,142.288,318.4,1.2,1.1,2014-07-09,0104,Terra,MODIS,72,6.2,300.2,14.3,D,0
-14.7481,142.4241,321.2,1.3,1.1,2014-07-09,0104,Terra,MODIS,72,6.2,300.6,15.4,D,0
-14.4952,142.5131,310.7,1.3,1.1,2014-07-09,0104,Terra,MODIS,45,6.2,298.7,6.4,D,0
-14.7496,142.4356,327.2,1.3,1.1,2014-07-09,0104,Terra,MODIS,81,6.2,302.2,25.3,D,0
-14.738,142.4254,315.1,1.3,1.1,2014-07-09,0104,Terra,MODIS,17,6.2,300.5,8.6,D,0
-12.47,132.48,319.3,2.5,1.5,2014-07-09,0104,Terra,MODIS,74,6.2,296.5,43.5,D,0
-13.2337,133.9874,313,1.9,1.3,2014-07-09,0104,Terra,MODIS,62,6.2,298.3,15.1,D,0
-14.4435,142.5083,313.5,1.3,1.1,2014-07-09,0104,Terra,MODIS,47,6.2,298.9,9.1,D,0
-14.5959,142.2767,319.6,1.2,1.1,2014-07-09,0104,Terra,MODIS,73,6.2,300.7,15.7,D,0
-14.5659,142.5086,314.4,1.3,1.1,2014-07-09,0104,Terra,MODIS,41,6.2,299,9.8,D,0
-15.3882,143.2603,320.5,1.4,1.2,2014-07-09,0104,Terra,MODIS,75,6.2,299.6,21.8,D,0
-14.5752,144.5787,313.5,1.7,1.3,2014-07-09,0104,Terra,MODIS,33,6.2,297.2,17.3,D,0
-15.413,141.9927,324.1,1.2,1.1,2014-07-09,0104,Terra,MODIS,78,6.2,302.2,20.1,D,0
-14.3929,142.4331,318.2,1.2,1.1,2014-07-09,0104,Terra,MODIS,53,6.2,298.7,13.1,D,0
-12.4735,132.4618,312.6,2.5,1.5,2014-07-09,0104,Terra,MODIS,49,6.2,296,20,D,0
-14.3983,142.3974,319.8,1.2,1.1,2014-07-09,0104,Terra,MODIS,41,6.2,300.3,14.3,D,0
-14.4082,142.396,315.7,1.2,1.1,2014-07-09,0104,Terra,MODIS,14,6.2,298.6,9.6,D,0
-15.9085,135.4497,313,1.3,1.1,2014-07-09,0104,Terra,MODIS,57,6.2,301.3,9.3,D,0
-16.9661,144.8309,311,2,1.4,2014-07-09,0104,Terra,MODIS,59,6.2,296.3,17.9,D,0
-14.4135,142.5124,313.1,1.3,1.1,2014-07-09,0104,Terra,MODIS,63,6.2,298.5,9.1,D,0
-15.1926,143.1639,323.5,1.4,1.2,2014-07-09,0104,Terra,MODIS,78,6.2,299,25.2,D,0
-14.5358,142.5127,328.7,1.3,1.1,2014-07-09,0104,Terra,MODIS,83,6.2,299.7,30.9,D,0
-14.6607,142.2267,328.5,1.2,1.1,2014-07-09,0104,Terra,MODIS,82,6.2,301.7,26.4,D,0
-14.586,142.5059,316.2,1.3,1.1,2014-07-09,0104,Terra,MODIS,29,6.2,299,11.4,D,0
-15.0918,130.6429,315,3.1,1.7,2014-07-09,0104,Terra,MODIS,57,6.2,303.6,31.5,D,0
-13.8725,130.2077,309.1,3.5,1.8,2014-07-09,0104,Terra,MODIS,23,6.2,297.8,26.8,D,0
-15.1349,131.0426,309.8,2.9,1.6,2014-07-09,0104,Terra,MODIS,41,6.2,299.1,19.1,D,0
-16.4888,137.0794,317.1,1.1,1,2014-07-09,0104,Terra,MODIS,68,6.2,301.3,10.1,D,0
-13.5465,133.984,310.9,1.9,1.3,2014-07-09,0104,Terra,MODIS,53,6.2,298.7,12.8,D,0
-14.6413,142.0816,316.6,1.2,1.1,2014-07-09,0104,Terra,MODIS,24,6.2,299.8,8.8,D,0
-14.6549,142.0348,328.3,1.2,1.1,2014-07-09,0104,Terra,MODIS,82,6.2,299.6,23.6,D,0
-16.3583,136.4664,337.1,1.2,1.1,2014-07-09,0104,Terra,MODIS,88,6.2,302,39.8,D,0
-16.4024,136.4745,323.8,1.2,1.1,2014-07-09,0104,Terra,MODIS,77,6.2,301.5,17.9,D,0
-16.36,136.4771,325.6,1.2,1.1,2014-07-09,0104,Terra,MODIS,79,6.2,301.5,21.1,D,0
-16.5739,136.4551,320.2,1.2,1.1,2014-07-09,0104,Terra,MODIS,68,6.2,301.8,12.5,D,0
-16.5835,136.4535,320.8,1.2,1.1,2014-07-09,0104,Terra,MODIS,73,6.2,301.7,13.3,D,0
-14.6451,142.0362,323.1,1.2,1.1,2014-07-09,0104,Terra,MODIS,75,6.2,301,17.1,D,0
-14.6398,142.0706,317,1.2,1.1,2014-07-09,0104,Terra,MODIS,33,6.2,300.1,8.5,D,0
-14.6253,142.1242,322.8,1.2,1.1,2014-07-09,0104,Terra,MODIS,70,6.2,299.1,17.9,D,0
-14.6261,142.1176,324.5,1.2,1.1,2014-07-09,0104,Terra,MODIS,51,6.2,299.6,18.6,D,0
-16.6915,137.0126,314,1.1,1,2014-07-09,0104,Terra,MODIS,40,6.2,301.7,6.5,D,0
-13.3176,130.5629,310.2,3.4,1.7,2014-07-09,0104,Terra,MODIS,52,6.2,294.5,31.1,D,0
-16.7837,137.0121,319.8,1.1,1,2014-07-09,0105,Terra,MODIS,73,6.2,301,12.4,D,0
-21.7077,130.9634,305.9,2.1,1.4,2014-07-09,0106,Terra,MODIS,58,6.2,293.6,12.9,D,0
-21.7204,130.9607,338.9,2.1,1.4,2014-07-09,0106,Terra,MODIS,91,6.2,293.9,118.4,D,0
-16.9055,122.667,314.4,3.1,1.7,2014-07-09,0243,Terra,MODIS,61,6.2,293.9,49.9,D,0
-21.4694,118.4575,311.6,1.7,1.3,2014-07-09,0244,Terra,MODIS,64,6.2,298.1,13.6,D,0
-20.0761,119.6539,318.5,2,1.4,2014-07-09,0244,Terra,MODIS,73,6.2,296.8,33.9,D,0
-20.0782,119.6732,312.5,2,1.4,2014-07-09,0244,Terra,MODIS,48,6.2,298.2,19.1,D,0
-20.0886,119.6524,337.2,2,1.4,2014-07-09,0244,Terra,MODIS,89,6.2,298.3,94,D,0
-20.0907,119.6717,352.1,2,1.4,2014-07-09,0244,Terra,MODIS,96,6.2,301.1,172.5,D,0
-20.0928,119.691,350.2,2,1.4,2014-07-09,0244,Terra,MODIS,95,6.2,301,159.8,D,0
-20.1032,119.6701,333.3,2,1.4,2014-07-09,0244,Terra,MODIS,86,6.2,299.7,78.2,D,0
-20.1054,119.6895,327.3,2,1.4,2014-07-09,0244,Terra,MODIS,80,6.2,300.8,54.5,D,0
-20.1075,119.7089,336.1,2,1.4,2014-07-09,0244,Terra,MODIS,88,6.2,300.9,90.8,D,0
-20.1179,119.6879,325.7,2,1.4,2014-07-09,0244,Terra,MODIS,81,6.2,300.8,51,D,0
-20.1201,119.7073,328.4,2,1.4,2014-07-09,0244,Terra,MODIS,83,6.2,301.7,60.7,D,0
-20.8111,119.6143,316.1,2.1,1.4,2014-07-09,0244,Terra,MODIS,70,6.2,300.4,24.9,D,0
-22.5774,118.5884,305,1.8,1.3,2014-07-09,0245,Terra,MODIS,43,6.2,294,10.3,D,0
-23.0624,120.6592,306,2.6,1.6,2014-07-09,0245,Terra,MODIS,57,6.2,294.6,16.1,D,0
-23.06,120.6336,312.7,2.6,1.6,2014-07-09,0245,Terra,MODIS,70,6.2,295.2,34.6,D,0
-23.0553,120.6396,313.4,2.6,1.6,2014-07-09,0245,Terra,MODIS,71,6.2,295.1,36.6,D,0
-31.8713,151.8474,346.8,1,1,2014-07-09,0347,Aqua,MODIS,95,6.2,297.3,55.7,D,0
-31.8728,151.8368,317.8,1,1,2014-07-09,0347,Aqua,MODIS,78,6.2,294.9,15.7,D,0
-31.8206,152.4567,311.5,1,1,2014-07-09,0347,Aqua,MODIS,71,6.2,293.5,10.1,D,0
-34.6063,146.2323,308.6,1.8,1.3,2014-07-09,0347,Aqua,MODIS,59,6.2,281,26.1,D,0
-32.0028,150.6315,305.1,1,1,2014-07-09,0347,Aqua,MODIS,61,6.2,291,6.5,D,0
-30.4898,150.8957,306.8,1,1,2014-07-09,0348,Aqua,MODIS,64,6.2,288.6,7.9,D,0
-28.5208,149.4989,351.8,1.1,1,2014-07-09,0348,Aqua,MODIS,96,6.2,301.6,66.9,D,0
-29.8908,149.0324,306.8,1.1,1.1,2014-07-09,0348,Aqua,MODIS,55,6.2,296.7,5.5,D,0
-28.5222,149.488,323.7,1.1,1,2014-07-09,0348,Aqua,MODIS,80,6.2,300.7,17.6,D,0
-28.5115,149.4973,327,1.1,1,2014-07-09,0348,Aqua,MODIS,80,6.2,299.8,21,D,0
-29.7467,152.4109,314,1,1,2014-07-09,0348,Aqua,MODIS,74,6.2,294.3,11.8,D,0
-28.591,149.7375,310.7,1,1,2014-07-09,0348,Aqua,MODIS,62,6.2,299.5,5.7,D,0
-30.4427,147.9935,313.6,1.3,1.1,2014-07-09,0348,Aqua,MODIS,72,6.2,297.2,12.9,D,0
-29.7558,152.4125,306.3,1,1,2014-07-09,0348,Aqua,MODIS,36,6.2,293.5,5.9,D,0
-29.4649,151.0647,307.6,1,1,2014-07-09,0348,Aqua,MODIS,66,6.2,293.1,6.8,D,0
-30.3518,149.0068,308.9,1.1,1.1,2014-07-09,0348,Aqua,MODIS,65,6.2,294.8,7.8,D,0
-28.5194,149.5097,317.7,1.1,1,2014-07-09,0348,Aqua,MODIS,58,6.2,297.9,10.9,D,0
-31.4283,146.7687,304.8,1.6,1.2,2014-07-09,0348,Aqua,MODIS,60,6.2,289.1,11,D,0
-28.5315,149.4896,331.9,1.1,1,2014-07-09,0348,Aqua,MODIS,86,6.2,300.4,27.4,D,0
-29.6963,149.2008,308.1,1.1,1,2014-07-09,0348,Aqua,MODIS,59,6.2,296.1,7,D,0
-30.4912,150.8852,313.1,1,1,2014-07-09,0348,Aqua,MODIS,73,6.2,290.1,12.2,D,0
-29.7483,152.4001,306.6,1,1,2014-07-09,0348,Aqua,MODIS,64,6.2,293,6.5,D,0
-29.354,149.0138,310,1.1,1.1,2014-07-09,0348,Aqua,MODIS,38,6.2,298.7,5.5,D,0
-30.211,149.5458,319,1.1,1,2014-07-09,0348,Aqua,MODIS,78,6.2,294.9,16.9,D,0
-30.2095,149.5571,305.4,1.1,1,2014-07-09,0348,Aqua,MODIS,57,6.2,293.6,5.1,D,0
-31.5947,152.8025,304.3,1,1,2014-07-09,0348,Aqua,MODIS,51,6.2,292,5.7,D,0
-31.4982,152.711,326.7,1,1,2014-07-09,0348,Aqua,MODIS,85,6.2,294.3,24.2,D,0
-31.5073,152.7129,309.7,1,1,2014-07-09,0348,Aqua,MODIS,69,6.2,292.1,8.6,D,0
-31.1052,152.8137,312.1,1,1,2014-07-09,0348,Aqua,MODIS,72,6.2,292.8,10.2,D,0
-31.4347,152.4514,305.4,1,1,2014-07-09,0348,Aqua,MODIS,61,6.2,292.8,4.9,D,0
-30.5234,151.4405,306.8,1,1,2014-07-09,0348,Aqua,MODIS,64,6.2,290,7.5,D,0
-31.4998,152.7003,306.5,1,1,2014-07-09,0348,Aqua,MODIS,62,6.2,293.5,6.4,D,0
-31.4566,152.2386,302,1,1,2014-07-09,0348,Aqua,MODIS,50,6.2,290.4,4.5,D,0
-31.4581,152.2281,303.4,1,1,2014-07-09,0348,Aqua,MODIS,56,6.2,290.7,5.5,D,0
-31.61,151.1521,301.3,1,1,2014-07-09,0348,Aqua,MODIS,45,6.2,286.1,6.3,D,0
-30.4091,151.3422,307.9,1,1,2014-07-09,0348,Aqua,MODIS,66,6.2,289.4,8.4,D,0
-31.5364,152.6423,316.4,1,1,2014-07-09,0348,Aqua,MODIS,53,6.2,292.6,12.8,D,0
-31.5258,152.6511,306.4,1,1,2014-07-09,0348,Aqua,MODIS,28,6.2,291,5.9,D,0
-31.5273,152.6405,324.1,1,1,2014-07-09,0348,Aqua,MODIS,83,6.2,292.8,21,D,0
-30.6453,152.1293,313.2,1,1,2014-07-09,0348,Aqua,MODIS,73,6.2,292.1,12.9,D,0
-29.8735,149.8121,314.6,1.1,1,2014-07-09,0348,Aqua,MODIS,73,6.2,294.6,11.8,D,0
-29.875,149.8011,305.7,1.1,1,2014-07-09,0348,Aqua,MODIS,45,6.2,294.3,4.8,D,0
-30.2413,150.2091,313.4,1,1,2014-07-09,0348,Aqua,MODIS,74,6.2,290.6,13.9,D,0
-28.499,152.9229,306.2,1.1,1,2014-07-09,0348,Aqua,MODIS,63,6.2,296.1,5.5,D,0
-28.7167,152.6472,302.8,1,1,2014-07-09,0348,Aqua,MODIS,51,6.2,292.1,4.4,D,0
-31.0129,149.3369,379.8,1.1,1.1,2014-07-09,0348,Aqua,MODIS,100,6.2,298.3,181.7,D,0
-29.223,152.7145,303.7,1,1,2014-07-09,0348,Aqua,MODIS,57,6.2,292,5.6,D,0
-28.6551,152.2107,310.8,1,1,2014-07-09,0348,Aqua,MODIS,36,6.2,291.2,8.2,D,0
-28.6803,152.34,309.9,1,1,2014-07-09,0348,Aqua,MODIS,57,6.2,294.4,8,D,0
-29.8232,152.2104,322.6,1,1,2014-07-09,0348,Aqua,MODIS,48,6.2,290.7,18.6,D,0
-29.8247,152.2,323.7,1,1,2014-07-09,0348,Aqua,MODIS,83,6.2,291.2,20.7,D,0
-28.555,151.8865,302.2,1,1,2014-07-09,0348,Aqua,MODIS,48,6.2,291.3,4.7,D,0
-28.6461,152.2089,314.5,1,1,2014-07-09,0348,Aqua,MODIS,75,6.2,292.1,11.6,D,0
-29.0327,152.6309,303.9,1,1,2014-07-09,0348,Aqua,MODIS,57,6.2,293.4,5,D,0
-28.7389,152.5644,307.4,1,1,2014-07-09,0348,Aqua,MODIS,65,6.2,294.4,6.7,D,0
-31.0166,149.3857,315.2,1.1,1.1,2014-07-09,0348,Aqua,MODIS,75,6.2,291.3,15.9,D,0
-28.8883,152.6072,307.4,1,1,2014-07-09,0348,Aqua,MODIS,65,6.2,294.6,6.4,D,0
-30.2398,150.22,312.6,1,1,2014-07-09,0348,Aqua,MODIS,73,6.2,290.8,12.8,D,0
-27.9763,153.3077,305.3,1.1,1.1,2014-07-09,0348,Aqua,MODIS,29,6.2,294.3,5.1,D,0
-27.9839,153.3212,311.1,1.1,1.1,2014-07-09,0348,Aqua,MODIS,63,6.2,294,8.8,D,0
-31.0115,149.3488,352.5,1.1,1.1,2014-07-09,0348,Aqua,MODIS,97,6.2,293.7,79.6,D,0
-27.9745,153.319,315.7,1.1,1.1,2014-07-09,0348,Aqua,MODIS,74,6.2,295.7,13.6,D,0
-31.0181,149.374,319.9,1.1,1.1,2014-07-09,0348,Aqua,MODIS,80,6.2,291.4,20.7,D,0
-29.8111,152.2295,316.7,1,1,2014-07-09,0348,Aqua,MODIS,31,6.2,290.2,12.8,D,0
-28.6712,152.3383,314.9,1,1,2014-07-09,0348,Aqua,MODIS,75,6.2,295.9,12,D,0
-28.428,152.4336,316.2,1,1,2014-07-09,0348,Aqua,MODIS,76,6.2,294,13.7,D,0
-30.3533,148.9949,308.5,1.1,1.1,2014-07-09,0348,Aqua,MODIS,64,6.2,295.4,7.6,D,0
-24.951,150.1031,334.4,1,1,2014-07-09,0349,Aqua,MODIS,88,6.2,302.2,29.2,D,0
-28.1924,148.4862,314.8,1.1,1.1,2014-07-09,0349,Aqua,MODIS,68,6.2,298.7,10.3,D,0
-27.8924,148.8393,314.5,1.1,1,2014-07-09,0349,Aqua,MODIS,68,6.2,300.4,9.7,D,0
-27.8938,148.8281,313.3,1.1,1,2014-07-09,0349,Aqua,MODIS,65,6.2,301.1,8.6,D,0
-24.9496,150.113,317.5,1,1,2014-07-09,0349,Aqua,MODIS,73,6.2,299.5,9.7,D,0
-25.8051,152.6478,309.6,1.1,1,2014-07-09,0349,Aqua,MODIS,63,6.2,296.9,8.5,D,0
-25.8068,152.6369,314,1.1,1,2014-07-09,0349,Aqua,MODIS,71,6.2,298,12.1,D,0
-26.2503,151.6664,314.5,1,1,2014-07-09,0349,Aqua,MODIS,34,6.2,293.6,8.8,D,0
-26.2519,151.6562,354.8,1,1,2014-07-09,0349,Aqua,MODIS,98,6.2,297.5,71.4,D,0
-26.2534,151.6461,322.7,1,1,2014-07-09,0349,Aqua,MODIS,54,6.2,297.4,15.9,D,0
-26.2428,151.6545,332.9,1,1,2014-07-09,0349,Aqua,MODIS,87,6.2,297.9,28.6,D,0
-26.226,151.7038,305.5,1,1,2014-07-09,0349,Aqua,MODIS,30,6.2,295.1,4.2,D,0
-26.2352,151.6427,346.8,1,1,2014-07-09,0349,Aqua,MODIS,94,6.2,299.9,52.6,D,0
-26.2368,151.6324,317.4,1,1,2014-07-09,0349,Aqua,MODIS,75,6.2,298.2,11.4,D,0
-25.2393,149.0913,337.2,1,1,2014-07-09,0349,Aqua,MODIS,89,6.2,300.5,38.1,D,0
-26.7794,153.0529,324.5,1.1,1.1,2014-07-09,0349,Aqua,MODIS,82,6.2,295.4,24.4,D,0
-26.7812,153.0417,312.3,1.1,1.1,2014-07-09,0349,Aqua,MODIS,70,6.2,294,11.2,D,0
-25.2439,149.1085,323.8,1,1,2014-07-09,0349,Aqua,MODIS,80,6.2,295.5,19.8,D,0
-25.2379,149.1016,344.9,1,1,2014-07-09,0349,Aqua,MODIS,93,6.2,299.2,51.8,D,0
-27.4811,151.6181,310.4,1,1,2014-07-09,0349,Aqua,MODIS,64,6.2,300.1,5.3,D,0
-26.9393,150.9247,315.2,1,1,2014-07-09,0349,Aqua,MODIS,71,6.2,301.1,7.8,D,0
-25.221,149.0884,306.4,1,1,2014-07-09,0349,Aqua,MODIS,27,6.2,293.7,4.3,D,0
-26.7202,152.0903,305.4,1,1,2014-07-09,0349,Aqua,MODIS,44,6.2,293.1,4.9,D,0
-25.7146,152.789,307,1.1,1.1,2014-07-09,0349,Aqua,MODIS,56,6.2,293.7,7.7,D,0
-25.7164,152.7779,312.6,1.1,1.1,2014-07-09,0349,Aqua,MODIS,68,6.2,294.5,12.1,D,0
-25.2302,149.0898,332.8,1,1,2014-07-09,0349,Aqua,MODIS,87,6.2,298.9,31.3,D,0
-25.2288,149.1001,332,1,1,2014-07-09,0349,Aqua,MODIS,86,6.2,295.9,30.2,D,0
-25.2453,149.0981,348.4,1,1,2014-07-09,0349,Aqua,MODIS,95,6.2,298.9,59.4,D,0
-25.4545,152.7415,314.3,1.1,1.1,2014-07-09,0349,Aqua,MODIS,66,6.2,295.9,12.2,D,0
-25.4527,152.7527,311.4,1.1,1.1,2014-07-09,0349,Aqua,MODIS,65,6.2,295.7,9.3,D,0
-23.3364,150.2061,322.7,1,1,2014-07-09,0350,Aqua,MODIS,77,6.2,302.8,15.7,D,0
-24.1186,151.6982,307.1,1.1,1,2014-07-09,0350,Aqua,MODIS,47,6.2,295.3,6,D,0
-24.1888,151.5892,316.3,1.1,1,2014-07-09,0350,Aqua,MODIS,72,6.2,299.5,10.9,D,0
-24.1796,151.5875,309,1.1,1,2014-07-09,0350,Aqua,MODIS,31,6.2,298.7,4.7,D,0
-24.7028,147.0404,313,1.2,1.1,2014-07-09,0350,Aqua,MODIS,57,6.2,299.3,9.8,D,0
-24.7013,147.0526,323.5,1.2,1.1,2014-07-09,0350,Aqua,MODIS,78,6.2,300.5,22.4,D,0
-24.7969,147.0976,316.1,1.2,1.1,2014-07-09,0350,Aqua,MODIS,69,6.2,298.1,14.5,D,0
-24.767,147.093,317.7,1.2,1.1,2014-07-09,0350,Aqua,MODIS,35,6.2,298.4,13.9,D,0
-23.7027,150.903,321.8,1,1,2014-07-09,0350,Aqua,MODIS,77,6.2,297.1,16,D,0
-22.9908,150.7375,312.1,1,1,2014-07-09,0350,Aqua,MODIS,62,6.2,296.9,9.5,D,0
-22.9923,150.7276,307.3,1,1,2014-07-09,0350,Aqua,MODIS,26,6.2,295.6,6,D,0
-19.1284,146.4885,315.4,1.1,1.1,2014-07-09,0351,Aqua,MODIS,29,6.2,297.3,10.7,D,0
-19.1202,146.4762,318.5,1.1,1.1,2014-07-09,0351,Aqua,MODIS,58,6.2,297.7,14.5,D,0
-19.3548,145.9979,327.7,1.2,1.1,2014-07-09,0351,Aqua,MODIS,81,6.2,304.2,24.9,D,0
-19.6982,146.1768,318.9,1.2,1.1,2014-07-09,0351,Aqua,MODIS,70,6.2,304.1,12.4,D,0
-19.6968,146.1883,316.4,1.2,1.1,2014-07-09,0351,Aqua,MODIS,62,6.2,302.3,9.7,D,0
-18.4213,145.4145,313.8,1.3,1.1,2014-07-09,0351,Aqua,MODIS,62,6.2,297.4,10.9,D,0
-19.6608,146.1415,331.1,1.2,1.1,2014-07-09,0351,Aqua,MODIS,83,6.2,302,28.9,D,0
-19.3534,146.0095,316.5,1.2,1.1,2014-07-09,0351,Aqua,MODIS,66,6.2,304.4,9.5,D,0
-18.3133,145.4683,324.7,1.3,1.1,2014-07-09,0351,Aqua,MODIS,80,6.2,298.1,25.8,D,0
-18.4157,145.3767,312.7,1.3,1.1,2014-07-09,0351,Aqua,MODIS,62,6.2,298.5,10.3,D,0
-18.4198,145.4267,308.8,1.3,1.1,2014-07-09,0351,Aqua,MODIS,47,6.2,298,6.8,D,0
-18.4183,145.4387,319.5,1.3,1.1,2014-07-09,0351,Aqua,MODIS,74,6.2,298.8,18.9,D,0
-19.6692,146.1543,319.9,1.2,1.1,2014-07-09,0351,Aqua,MODIS,55,6.2,301.7,13.1,D,0
-19.6702,146.1612,319.2,1.2,1.1,2014-07-09,0351,Aqua,MODIS,50,6.2,301.1,11.3,D,0
-18.3234,145.4697,313.5,1.3,1.1,2014-07-09,0351,Aqua,MODIS,33,6.2,296.3,10.2,D,0
-17.9803,145.7626,309.9,1.2,1.1,2014-07-09,0351,Aqua,MODIS,54,6.2,298,6.7,D,0
-15.5061,142.4543,318.5,1.9,1.3,2014-07-09,0352,Aqua,MODIS,63,6.2,298.7,23.7,D,0
-15.4462,142.2994,324.8,1.9,1.3,2014-07-09,0352,Aqua,MODIS,76,6.2,299.8,39.9,D,0
-15.5385,142.3877,349.2,1.9,1.3,2014-07-09,0352,Aqua,MODIS,95,6.2,298.1,133.7,D,0
-14.8703,143.2752,321.4,1.6,1.2,2014-07-09,0352,Aqua,MODIS,74,6.2,301.5,22.4,D,0
-15.5406,142.3701,327.3,1.9,1.3,2014-07-09,0352,Aqua,MODIS,72,6.2,295.8,43.6,D,0
-14.5913,142.2781,321.3,1.9,1.3,2014-07-09,0352,Aqua,MODIS,66,6.2,295.8,30.8,D,0
-17.1593,145.0179,320,1.3,1.1,2014-07-09,0352,Aqua,MODIS,73,6.2,304.1,15.2,D,0
-15.434,142.2978,325.5,1.9,1.3,2014-07-09,0352,Aqua,MODIS,64,6.2,298.5,41.6,D,0
-15.3985,142.1404,356.9,2,1.4,2014-07-09,0352,Aqua,MODIS,98,6.2,299.5,186.2,D,0
-15.19,142.0467,318.2,2,1.4,2014-07-09,0352,Aqua,MODIS,67,6.2,294.7,26.7,D,0
-16.9827,144.8252,316.9,1.3,1.1,2014-07-09,0352,Aqua,MODIS,53,6.2,301.2,11.4,D,0
-15.4185,142.0004,326,2,1.4,2014-07-09,0352,Aqua,MODIS,70,6.2,302.4,42.2,D,0
-15.3963,142.1585,336.7,2,1.4,2014-07-09,0352,Aqua,MODIS,88,6.2,296.7,78.1,D,0
-15.5364,142.4052,338.2,1.9,1.3,2014-07-09,0352,Aqua,MODIS,89,6.2,298.3,83.4,D,0
-17.1608,145.025,327.6,1.3,1.1,2014-07-09,0352,Aqua,MODIS,81,6.2,303.5,25.9,D,0
-15.3862,142.1388,316.7,2,1.4,2014-07-09,0352,Aqua,MODIS,47,6.2,296.5,18.4,D,0
-15.4018,142.1479,344.7,2,1.4,2014-07-09,0352,Aqua,MODIS,92,6.2,297.5,112.7,D,0
-16.9724,144.8238,350.3,1.3,1.1,2014-07-09,0352,Aqua,MODIS,95,6.2,302.9,84.6,D,0
-15.4728,143.4864,367.2,1.6,1.2,2014-07-09,0352,Aqua,MODIS,100,6.2,301.6,193.8,D,0
-15.9442,144.4433,317.9,1.4,1.2,2014-07-09,0352,Aqua,MODIS,65,6.2,301.9,15.6,D,0
-16.4978,144.9515,323.1,1.3,1.1,2014-07-09,0352,Aqua,MODIS,76,6.2,302.9,20.8,D,0
-14.6033,142.2796,321.4,1.9,1.3,2014-07-09,0352,Aqua,MODIS,74,6.2,297.4,31,D,0
-15.5222,142.4211,325.3,1.9,1.3,2014-07-09,0352,Aqua,MODIS,73,6.2,297.4,39.6,D,0
-14.6053,142.2624,314.2,1.9,1.3,2014-07-09,0352,Aqua,MODIS,22,6.2,296.2,15.1,D,0
-15.4746,143.4718,339.5,1.6,1.2,2014-07-09,0352,Aqua,MODIS,90,6.2,298,69,D,0
-15.4792,142.231,334.8,1.9,1.4,2014-07-09,0352,Aqua,MODIS,86,6.2,300,71.2,D,0
-15.3702,142.0625,334.4,2,1.4,2014-07-09,0352,Aqua,MODIS,86,6.2,297.9,70.2,D,0
-14.7434,142.4306,328.9,1.8,1.3,2014-07-09,0352,Aqua,MODIS,33,6.2,300.6,41.1,D,0
-17.1577,145.0301,320.3,1.3,1.1,2014-07-09,0352,Aqua,MODIS,73,6.2,302,15.6,D,0
-14.5176,144.15,325.7,1.4,1.2,2014-07-09,0352,Aqua,MODIS,79,6.2,303.1,21.2,D,0
-15.5243,142.4036,331.6,1.9,1.3,2014-07-09,0352,Aqua,MODIS,84,6.2,296.5,60.9,D,0
-16.9637,144.8098,318.2,1.3,1.1,2014-07-09,0352,Aqua,MODIS,68,6.2,302.8,14.8,D,0
-15.4207,141.9817,316.5,2,1.4,2014-07-09,0352,Aqua,MODIS,50,6.2,302,19.2,D,0
-15.4162,141.993,327.5,2,1.4,2014-07-09,0352,Aqua,MODIS,80,6.2,303.1,49.2,D,0
-15.7198,142.6565,319,1.8,1.3,2014-07-09,0352,Aqua,MODIS,71,6.2,297.8,23.8,D,0
-16.9739,144.8117,328.8,1.3,1.1,2014-07-09,0352,Aqua,MODIS,82,6.2,304.7,30.4,D,0
-15.1831,143.1525,313.5,1.6,1.3,2014-07-09,0352,Aqua,MODIS,28,6.2,295.3,11,D,0
-14.5024,144.5654,320.5,1.3,1.1,2014-07-09,0352,Aqua,MODIS,73,6.2,298.3,18.2,D,0
-14.6388,143.122,315.9,1.6,1.3,2014-07-09,0352,Aqua,MODIS,66,6.2,300.6,16.4,D,0
-14.5919,144.5852,312,1.3,1.1,2014-07-09,0352,Aqua,MODIS,44,6.2,298.1,9.5,D,0
-14.706,142.4891,316.1,1.8,1.3,2014-07-09,0352,Aqua,MODIS,56,6.2,297.8,18.6,D,0
-14.8685,143.2899,326.7,1.6,1.2,2014-07-09,0352,Aqua,MODIS,80,6.2,298.8,34.9,D,0
-14.5039,144.5535,322,1.3,1.1,2014-07-09,0352,Aqua,MODIS,75,6.2,299.7,20.5,D,0
-14.3949,142.3965,317.3,1.8,1.3,2014-07-09,0352,Aqua,MODIS,48,6.2,296.3,23.4,D,0
-15.4085,142.1601,331.1,2,1.4,2014-07-09,0352,Aqua,MODIS,74,6.2,299.3,56.5,D,0
-14.6369,143.137,313.7,1.6,1.2,2014-07-09,0352,Aqua,MODIS,60,6.2,300.3,12.3,D,0
-14.5159,144.1626,332.8,1.4,1.2,2014-07-09,0352,Aqua,MODIS,85,6.2,300.6,36.3,D,0
-15.4785,143.5314,332.7,1.6,1.2,2014-07-09,0352,Aqua,MODIS,85,6.2,298.5,49.9,D,0
-14.5214,144.1687,315.6,1.4,1.2,2014-07-09,0352,Aqua,MODIS,51,6.2,299.8,8.3,D,0
-15.1812,143.1677,316.6,1.6,1.3,2014-07-09,0352,Aqua,MODIS,65,6.2,296.4,16.9,D,0
-16.0883,144.1559,317,1.4,1.2,2014-07-09,0352,Aqua,MODIS,28,6.2,300.3,13.3,D,0
-16.0866,144.169,325.6,1.4,1.2,2014-07-09,0352,Aqua,MODIS,80,6.2,299.9,27.9,D,0
-16.076,144.1676,332.4,1.4,1.2,2014-07-09,0352,Aqua,MODIS,85,6.2,300.4,42.2,D,0
-16.0806,144.175,317.1,1.4,1.2,2014-07-09,0352,Aqua,MODIS,33,6.2,298.1,13.8,D,0
-16.0822,144.1619,325.6,1.4,1.2,2014-07-09,0352,Aqua,MODIS,79,6.2,301.7,28.2,D,0
-16.0716,144.1605,317.6,1.4,1.2,2014-07-09,0352,Aqua,MODIS,36,6.2,300.3,15,D,0
-15.9773,143.7496,311.9,1.5,1.2,2014-07-09,0352,Aqua,MODIS,38,6.2,298.2,6.8,D,0
-14.297,143.2966,312.2,1.6,1.2,2014-07-09,0352,Aqua,MODIS,36,6.2,298,10.7,D,0
-16.1818,144.1334,324.4,1.4,1.2,2014-07-09,0352,Aqua,MODIS,78,6.2,299.8,30.3,D,0
-16.177,144.141,314.3,1.4,1.2,2014-07-09,0352,Aqua,MODIS,52,6.2,299.1,12.5,D,0
-16.1787,144.1276,318.7,1.4,1.2,2014-07-09,0352,Aqua,MODIS,71,6.2,299.7,19,D,0
-16.4746,144.1626,323.6,1.5,1.2,2014-07-09,0352,Aqua,MODIS,61,6.2,303,21.2,D,0
-16.4762,144.149,323.1,1.5,1.2,2014-07-09,0352,Aqua,MODIS,41,6.2,304.4,19.9,D,0
-16.2478,144.1281,327.1,1.4,1.2,2014-07-09,0352,Aqua,MODIS,81,6.2,299,35.8,D,0
-16.3725,144.1566,327.5,1.4,1.2,2014-07-09,0352,Aqua,MODIS,81,6.2,298,33.8,D,0
-16.3618,144.1554,327,1.4,1.2,2014-07-09,0352,Aqua,MODIS,77,6.2,296.6,31.8,D,0
-16.3742,144.143,339,1.5,1.2,2014-07-09,0352,Aqua,MODIS,89,6.2,301.2,61.2,D,0
-16.3634,144.1418,343.6,1.5,1.2,2014-07-09,0352,Aqua,MODIS,92,6.2,300.6,73.5,D,0
-16.3511,144.1541,323,1.4,1.2,2014-07-09,0352,Aqua,MODIS,69,6.2,297.3,24.9,D,0
-16.3588,144.1497,330.7,1.4,1.2,2014-07-09,0352,Aqua,MODIS,84,6.2,297.6,40.4,D,0
-16.3527,144.1403,325.9,1.5,1.2,2014-07-09,0352,Aqua,MODIS,79,6.2,298.7,29.4,D,0
-16.3481,144.1482,359.6,1.4,1.2,2014-07-09,0352,Aqua,MODIS,99,6.2,300.1,135.1,D,0
-16.3374,144.1466,333.9,1.4,1.2,2014-07-09,0352,Aqua,MODIS,81,6.2,299.1,45.1,D,0
-16.3194,144.1163,325.3,1.5,1.2,2014-07-09,0352,Aqua,MODIS,46,6.2,301.4,25.9,D,0
-16.3087,144.1147,320,1.5,1.2,2014-07-09,0352,Aqua,MODIS,56,6.2,300.4,18.3,D,0
-16.2509,144.0169,316.1,1.5,1.2,2014-07-09,0352,Aqua,MODIS,67,6.2,299.2,14.6,D,0
-16.3064,144.0448,318.6,1.5,1.2,2014-07-09,0352,Aqua,MODIS,71,6.2,301.4,17.1,D,0
-16.2526,144.0032,315.8,1.5,1.2,2014-07-09,0352,Aqua,MODIS,66,6.2,300.7,14.2,D,0
-16.3104,144.1011,324.6,1.5,1.2,2014-07-09,0352,Aqua,MODIS,78,6.2,301.3,26.1,D,0
-14.6513,141.9803,315.1,2,1.4,2014-07-09,0352,Aqua,MODIS,55,6.2,296.3,20.9,D,0
-14.6448,142.0346,315.4,1.9,1.4,2014-07-09,0352,Aqua,MODIS,57,6.2,296.2,19.8,D,0
-13.3682,142.592,341.6,1.7,1.3,2014-07-09,0353,Aqua,MODIS,91,6.2,298,85.8,D,0
-13.3701,142.5764,341.6,1.7,1.3,2014-07-09,0353,Aqua,MODIS,91,6.2,296.2,86.8,D,0
-13.3586,142.5748,335.6,1.7,1.3,2014-07-09,0353,Aqua,MODIS,88,6.2,294.9,65.5,D,0
-13.3592,142.5837,334.3,1.7,1.3,2014-07-09,0353,Aqua,MODIS,87,6.2,296.6,60.3,D,0
-13.3612,142.5681,325.2,1.7,1.3,2014-07-09,0353,Aqua,MODIS,75,6.2,294.7,35.3,D,0
-13.3557,142.5196,324.7,1.7,1.3,2014-07-09,0353,Aqua,MODIS,38,6.2,296.6,33.5,D,0
-13.2072,142.606,317.2,1.7,1.3,2014-07-09,0353,Aqua,MODIS,64,6.2,297.1,18.6,D,0
-13.1957,142.6045,326.7,1.7,1.3,2014-07-09,0353,Aqua,MODIS,81,6.2,298.2,38.9,D,0
-13.3578,142.5038,320.8,1.7,1.3,2014-07-09,0353,Aqua,MODIS,43,6.2,296.1,25.4,D,0
-13.3797,142.5935,339.1,1.7,1.3,2014-07-09,0353,Aqua,MODIS,90,6.2,297.2,77.5,D,0
-13.2357,142.6568,321.1,1.7,1.3,2014-07-09,0353,Aqua,MODIS,62,6.2,298.2,23.9,D,0
-13.2204,142.6857,324.1,1.7,1.3,2014-07-09,0353,Aqua,MODIS,79,6.2,297.9,30.1,D,0
-11.0889,142.6373,312.7,1.6,1.2,2014-07-09,0353,Aqua,MODIS,55,6.2,291.2,15.3,D,0
-11.6442,142.7621,334.6,1.6,1.2,2014-07-09,0353,Aqua,MODIS,86,6.2,296,60.3,D,0
-13.3583,142.4069,310.5,1.7,1.3,2014-07-09,0353,Aqua,MODIS,33,6.2,294.7,9.4,D,0
-13.2998,142.5918,314.1,1.7,1.3,2014-07-09,0353,Aqua,MODIS,61,6.2,296.2,13.8,D,0
-13.3362,142.5807,318.8,1.7,1.3,2014-07-09,0353,Aqua,MODIS,72,6.2,296.9,22.9,D,0
-11.9952,142.4403,316.6,1.7,1.3,2014-07-09,0353,Aqua,MODIS,26,6.2,298.6,15.5,D,0
-11.7946,142.6634,315.5,1.6,1.2,2014-07-09,0353,Aqua,MODIS,56,6.2,292.1,19.9,D,0
-11.9611,142.4359,320.4,1.7,1.3,2014-07-09,0353,Aqua,MODIS,74,6.2,297.8,24.8,D,0
-11.9933,142.4554,318.9,1.7,1.3,2014-07-09,0353,Aqua,MODIS,60,6.2,299.1,20.3,D,0
-11.7931,142.6728,324,1.6,1.2,2014-07-09,0353,Aqua,MODIS,77,6.2,294.2,35.5,D,0
-14.3732,142.4782,312.1,1.8,1.3,2014-07-09,0353,Aqua,MODIS,51,6.2,296.9,13.6,D,0
-11.9156,142.4299,323.1,1.7,1.3,2014-07-09,0353,Aqua,MODIS,40,6.2,299.3,27.7,D,0
-12.0046,142.4569,333.5,1.7,1.3,2014-07-09,0353,Aqua,MODIS,79,6.2,301.6,52.1,D,0
-11.9171,142.423,331.6,1.7,1.3,2014-07-09,0353,Aqua,MODIS,65,6.2,299.7,46.8,D,0
-13.1579,142.7238,346.3,1.6,1.3,2014-07-09,0353,Aqua,MODIS,94,6.2,299.7,98.7,D,0
-13.1597,142.7086,324.7,1.6,1.3,2014-07-09,0353,Aqua,MODIS,79,6.2,297.6,31.7,D,0
-12.1167,142.3749,325.4,1.7,1.3,2014-07-09,0353,Aqua,MODIS,80,6.2,298.2,34.2,D,0
-12.163,142.2863,318.9,1.7,1.3,2014-07-09,0353,Aqua,MODIS,61,6.2,297.1,21.2,D,0
-14.3789,142.4736,319.1,1.8,1.3,2014-07-09,0353,Aqua,MODIS,70,6.2,296.3,25.4,D,0
-14.3751,142.4616,317,1.8,1.3,2014-07-09,0353,Aqua,MODIS,70,6.2,297.3,23.2,D,0
-12.0576,142.3918,316.8,1.7,1.3,2014-07-09,0353,Aqua,MODIS,69,6.2,296.9,18.1,D,0
-11.9174,142.4147,333.3,1.7,1.3,2014-07-09,0353,Aqua,MODIS,86,6.2,297.3,54.3,D,0
-11.7928,142.6778,326.1,1.6,1.2,2014-07-09,0353,Aqua,MODIS,79,6.2,294,41.3,D,0
-13.1692,142.7253,314.1,1.6,1.3,2014-07-09,0353,Aqua,MODIS,32,6.2,297.4,10.7,D,0
-13.1591,142.717,339.1,1.6,1.3,2014-07-09,0353,Aqua,MODIS,90,6.2,299.4,70.4,D,0
-13.1572,142.7322,323.2,1.6,1.3,2014-07-09,0353,Aqua,MODIS,58,6.2,298.9,26.3,D,0
-11.1275,142.6857,312.2,1.5,1.2,2014-07-09,0353,Aqua,MODIS,53,6.2,295.5,14.8,D,0
-12.0043,142.4465,343.1,1.7,1.3,2014-07-09,0353,Aqua,MODIS,92,6.2,300.6,83.6,D,0
-13.1672,142.6477,323.6,1.7,1.3,2014-07-09,0353,Aqua,MODIS,78,6.2,298.1,31.3,D,0
-11.9077,142.4063,329.1,1.7,1.3,2014-07-09,0353,Aqua,MODIS,40,6.2,297.7,38.9,D,0
-12.0066,142.4418,329.5,1.7,1.3,2014-07-09,0353,Aqua,MODIS,73,6.2,299,40.5,D,0
-13.167,142.6563,323.3,1.7,1.3,2014-07-09,0353,Aqua,MODIS,54,6.2,296.6,27.9,D,0
-13.1653,142.663,318.9,1.7,1.3,2014-07-09,0353,Aqua,MODIS,73,6.2,296.9,21.5,D,0
-13.1711,142.7102,316.5,1.6,1.3,2014-07-09,0353,Aqua,MODIS,38,6.2,297.9,14.9,D,0
-12.2112,142.3453,316.4,1.7,1.3,2014-07-09,0353,Aqua,MODIS,68,6.2,295.6,17,D,0
-11.906,142.4132,330.1,1.7,1.3,2014-07-09,0353,Aqua,MODIS,62,6.2,298.4,43.1,D,0
-12.0979,142.3501,318,1.7,1.3,2014-07-09,0353,Aqua,MODIS,20,6.2,297.1,17.3,D,0
-12.0865,142.3485,324.5,1.7,1.3,2014-07-09,0353,Aqua,MODIS,74,6.2,299.1,33,D,0
-12.1186,142.3596,329.8,1.7,1.3,2014-07-09,0353,Aqua,MODIS,83,6.2,298.7,46.3,D,0
-12.0329,142.3098,324.3,1.7,1.3,2014-07-09,0353,Aqua,MODIS,63,6.2,298.5,31.4,D,0
-12.031,142.3254,338.2,1.7,1.3,2014-07-09,0353,Aqua,MODIS,89,6.2,300,71.7,D,0
-12.0057,142.2697,340.6,1.7,1.3,2014-07-09,0353,Aqua,MODIS,91,6.2,299.2,76.6,D,0
-11.9127,142.1865,325.2,1.7,1.3,2014-07-09,0353,Aqua,MODIS,78,6.2,297.8,37.6,D,0
-11.9578,142.1836,315.3,1.7,1.3,2014-07-09,0353,Aqua,MODIS,55,6.2,297.7,17.7,D,0
-21.6341,130.8771,340.4,1.9,1.4,2014-07-09,0529,Aqua,MODIS,90,6.2,297.3,97.5,D,0
-21.6507,130.786,381.3,1.9,1.3,2014-07-09,0529,Aqua,MODIS,100,6.2,307.7,381.3,D,0
-21.6539,130.768,353.4,1.9,1.3,2014-07-09,0529,Aqua,MODIS,97,6.2,304.2,154.2,D,0
-21.622,130.8746,316.9,1.9,1.4,2014-07-09,0529,Aqua,MODIS,58,6.2,296.2,26.7,D,0
-21.6387,130.7835,327.1,1.9,1.3,2014-07-09,0529,Aqua,MODIS,77,6.2,300.8,45.6,D,0
-21.6474,130.8041,349.6,1.9,1.3,2014-07-09,0529,Aqua,MODIS,95,6.2,300.7,133.8,D,0
-21.6254,130.8562,323.5,1.9,1.4,2014-07-09,0529,Aqua,MODIS,76,6.2,297,42.5,D,0
-21.6374,130.8588,354.7,1.9,1.4,2014-07-09,0529,Aqua,MODIS,97,6.2,301.6,170.4,D,0
-21.6267,130.781,319.8,1.9,1.3,2014-07-09,0529,Aqua,MODIS,71,6.2,300.8,27.6,D,0
-22.5851,118.5793,310.6,2,1.4,2014-07-09,0529,Aqua,MODIS,48,6.2,298.8,15.5,D,0
-21.9173,118.6493,312.3,2,1.4,2014-07-09,0529,Aqua,MODIS,55,6.2,302.1,14.9,D,0
-23.0493,120.6424,312.5,1.5,1.2,2014-07-09,0529,Aqua,MODIS,59,6.2,302.3,9,D,0
-17.2731,125.3452,325,1.1,1,2014-07-09,0530,Aqua,MODIS,72,6.2,306.7,14.4,D,0
-17.3195,125.4141,320.8,1.1,1,2014-07-09,0530,Aqua,MODIS,63,6.2,308.2,10.1,D,0
-17.2654,125.3337,323.6,1.1,1,2014-07-09,0530,Aqua,MODIS,64,6.2,306.2,12.2,D,0
-20.1284,119.6926,322.2,1.6,1.2,2014-07-09,0530,Aqua,MODIS,34,6.2,307.6,18.7,D,0
-20.1156,119.706,333.1,1.6,1.2,2014-07-09,0530,Aqua,MODIS,67,6.2,307.2,41.5,D,0
-20.1131,119.7143,328.9,1.6,1.2,2014-07-09,0530,Aqua,MODIS,42,6.2,305.4,31.7,D,0
-20.1038,119.6979,365.9,1.6,1.2,2014-07-09,0530,Aqua,MODIS,100,6.2,306.2,179,D,0
-20.0927,119.6964,341.6,1.6,1.2,2014-07-09,0530,Aqua,MODIS,90,6.2,302.2,69.4,D,0
-20.0945,119.6814,343.9,1.6,1.2,2014-07-09,0530,Aqua,MODIS,91,6.2,302,75.5,D,0
-20.0963,119.6665,329.8,1.6,1.2,2014-07-09,0530,Aqua,MODIS,56,6.2,305.8,36.4,D,0
-20.0833,119.68,356.4,1.6,1.2,2014-07-09,0530,Aqua,MODIS,98,6.2,302.2,130.6,D,0
-20.0851,119.665,348.1,1.6,1.2,2014-07-09,0530,Aqua,MODIS,94,6.2,303.1,98.1,D,0
-20.074,119.6635,344.8,1.6,1.2,2014-07-09,0530,Aqua,MODIS,92,6.2,298,87.5,D,0
-20.8193,119.6242,317.2,1.6,1.3,2014-07-09,0530,Aqua,MODIS,62,6.2,305.9,12.7,D,0
-20.8211,119.6087,322.6,1.6,1.3,2014-07-09,0530,Aqua,MODIS,73,6.2,305.8,23.3,D,0
-17.5802,122.1725,364.5,1.1,1,2014-07-09,0530,Aqua,MODIS,75,6.2,307.5,100.6,D,0
-14.5084,126.5941,348.5,1.3,1.1,2014-07-09,0531,Aqua,MODIS,94,6.2,306.6,73.1,D,0
-16.4224,122.9781,355.5,1,1,2014-07-09,0531,Aqua,MODIS,98,6.2,306.4,66.4,D,0
-16.1913,127.7879,321.9,1.5,1.2,2014-07-09,0531,Aqua,MODIS,53,6.2,309.8,12.5,D,0
-15.7599,128.3142,322.3,1.6,1.3,2014-07-09,0531,Aqua,MODIS,50,6.2,311.3,16,D,0
-16.1523,127.8232,325.7,1.5,1.2,2014-07-09,0531,Aqua,MODIS,66,6.2,310.5,19.8,D,0
-16.9165,122.6569,331.3,1,1,2014-07-09,0531,Aqua,MODIS,82,6.2,305.3,22.7,D,0
-14.4515,126.6413,329,1.3,1.1,2014-07-09,0531,Aqua,MODIS,38,6.2,305.8,21.8,D,0
-16.4587,122.9163,313.9,1,1,2014-07-09,0531,Aqua,MODIS,48,6.2,302.2,5.5,D,0
-16.9138,122.6761,321.7,1,1,2014-07-09,0531,Aqua,MODIS,71,6.2,308.2,11.1,D,0
-16.9151,122.6665,349.9,1,1,2014-07-09,0531,Aqua,MODIS,95,6.2,310.2,55.7,D,0
-16.906,122.6651,317.8,1,1,2014-07-09,0531,Aqua,MODIS,41,6.2,307.6,7.4,D,0
-15.7687,128.331,321.4,1.6,1.3,2014-07-09,0531,Aqua,MODIS,20,6.2,310.4,14.6,D,0
-13.3183,130.5457,324.9,2.7,1.6,2014-07-09,0531,Aqua,MODIS,77,6.2,303.1,56,D,0
-13.3043,130.5432,329.9,2.7,1.6,2014-07-09,0531,Aqua,MODIS,82,6.2,301.3,80.5,D,0
-14.2422,127.1041,325.9,1.4,1.2,2014-07-09,0531,Aqua,MODIS,68,6.2,305.9,21.2,D,0
-14.4617,126.643,333.5,1.3,1.1,2014-07-09,0531,Aqua,MODIS,82,6.2,306.3,32.6,D,0
-14.4776,126.6082,328.8,1.3,1.1,2014-07-09,0531,Aqua,MODIS,70,6.2,305.6,23.4,D,0
-14.4757,126.6203,327.3,1.3,1.1,2014-07-09,0531,Aqua,MODIS,61,6.2,304,20.2,D,0
-14.4842,126.6148,333.4,1.3,1.1,2014-07-09,0531,Aqua,MODIS,82,6.2,305.4,33,D,0
-14.4822,126.6268,333,1.3,1.1,2014-07-09,0531,Aqua,MODIS,79,6.2,304.9,32.7,D,0
-15.9015,128.7029,324.3,1.7,1.3,2014-07-09,0531,Aqua,MODIS,51,6.2,311.4,23.2,D,0
-14.2167,127.1267,324.1,1.4,1.2,2014-07-09,0531,Aqua,MODIS,70,6.2,307.2,16.5,D,0
-14.7487,130.0376,320.7,2.3,1.5,2014-07-09,0531,Aqua,MODIS,27,6.2,307.6,17.3,D,0
-15.4967,127.8229,323,1.5,1.2,2014-07-09,0531,Aqua,MODIS,69,6.2,309.7,15.9,D,0
-14.4394,126.6517,324.7,1.3,1.1,2014-07-09,0531,Aqua,MODIS,18,6.2,309.4,15.1,D,0
-14.111,127.2815,321.4,1.5,1.2,2014-07-09,0531,Aqua,MODIS,48,6.2,305.3,15.2,D,0
-15.0744,126.1243,349.3,1.2,1.1,2014-07-09,0531,Aqua,MODIS,94,6.2,306.4,65.4,D,0
-14.7046,130.1245,327.4,2.3,1.5,2014-07-09,0531,Aqua,MODIS,57,6.2,303.6,50.7,D,0
-14.7084,130.1034,331.3,2.3,1.5,2014-07-09,0531,Aqua,MODIS,68,6.2,305.6,61.9,D,0
-14.4375,126.6639,324.4,1.3,1.1,2014-07-09,0531,Aqua,MODIS,59,6.2,307.6,15.3,D,0
-15.8672,128.7074,328.2,1.7,1.3,2014-07-09,0531,Aqua,MODIS,50,6.2,308.5,30,D,0
-15.0611,126.1452,361.5,1.2,1.1,2014-07-09,0531,Aqua,MODIS,100,6.2,309,105.4,D,0
-15.8903,128.7115,328.4,1.7,1.3,2014-07-09,0531,Aqua,MODIS,27,6.2,310.3,29.6,D,0
-13.892,130.0265,321.1,2.4,1.5,2014-07-09,0531,Aqua,MODIS,53,6.2,299.8,38.1,D,0
-15.0565,126.1099,333,1.2,1.1,2014-07-09,0531,Aqua,MODIS,82,6.2,303.2,32.2,D,0
-13.8918,130.4205,337.6,2.5,1.5,2014-07-09,0531,Aqua,MODIS,88,6.2,307.1,106.5,D,0
-14.1003,127.2796,321.4,1.5,1.2,2014-07-09,0531,Aqua,MODIS,35,6.2,306.8,14.6,D,0
-15.3915,127.8195,321.3,1.5,1.2,2014-07-09,0531,Aqua,MODIS,57,6.2,307.8,14.8,D,0
-15.0548,126.1211,384.6,1.2,1.1,2014-07-09,0531,Aqua,MODIS,100,6.2,310.5,218.2,D,0
-14.1374,130.6803,320.4,2.6,1.6,2014-07-09,0531,Aqua,MODIS,43,6.2,303.6,31.7,D,0
-15.053,126.1323,390.7,1.2,1.1,2014-07-09,0531,Aqua,MODIS,100,6.2,309.7,256.1,D,0
-13.8844,130.0201,320.5,2.4,1.5,2014-07-09,0531,Aqua,MODIS,63,6.2,301.8,35.8,D,0
-15.0513,126.1436,340.7,1.2,1.1,2014-07-09,0531,Aqua,MODIS,88,6.2,304.2,46.6,D,0
-13.8637,130.221,320.5,2.5,1.5,2014-07-09,0531,Aqua,MODIS,58,6.2,305.4,30.4,D,0
-14.7079,130.1178,329.4,2.3,1.5,2014-07-09,0531,Aqua,MODIS,68,6.2,304.1,59.3,D,0
-15.887,128.718,331.1,1.7,1.3,2014-07-09,0531,Aqua,MODIS,71,6.2,307.9,39.6,D,0
-15.0663,126.1115,342.4,1.2,1.1,2014-07-09,0531,Aqua,MODIS,90,6.2,303.7,49.6,D,0
-15.0646,126.1227,348.7,1.2,1.1,2014-07-09,0531,Aqua,MODIS,94,6.2,306.5,64.9,D,0
-15.0629,126.1339,338.8,1.2,1.1,2014-07-09,0531,Aqua,MODIS,82,6.2,308.1,39.4,D,0
-15.0825,126.1372,322.5,1.2,1.1,2014-07-09,0531,Aqua,MODIS,29,6.2,305.8,11.4,D,0
-15.2973,127.4838,321.6,1.5,1.2,2014-07-09,0531,Aqua,MODIS,49,6.2,308.6,13,D,0
-15.392,127.8252,319.4,1.5,1.2,2014-07-09,0531,Aqua,MODIS,41,6.2,307.9,10.8,D,0
-12.7227,131.1461,319.4,3,1.7,2014-07-09,0531,Aqua,MODIS,41,6.2,299.5,41,D,0
-12.7226,131.1541,316.1,3,1.7,2014-07-09,0531,Aqua,MODIS,48,6.2,299.9,29.9,D,0
-12.9029,131.1643,316.1,3,1.7,2014-07-09,0531,Aqua,MODIS,44,6.2,299.4,28.3,D,0
-12.4419,131.5282,309.9,3.3,1.7,2014-07-09,0531,Aqua,MODIS,29,6.2,294.5,26.9,D,0
-12.4441,131.5055,312.6,3.3,1.7,2014-07-09,0531,Aqua,MODIS,55,6.2,293.9,35.7,D,0
-12.7127,131.1236,316.8,3,1.7,2014-07-09,0531,Aqua,MODIS,41,6.2,298.2,33.2,D,0
-12.7275,131.1262,318.5,3,1.7,2014-07-09,0531,Aqua,MODIS,67,6.2,298.1,40.6,D,0
-14.1734,130.6661,325.4,2.6,1.6,2014-07-09,0531,Aqua,MODIS,76,6.2,303.6,55,D,0
-14.9688,130.6519,342.7,2.5,1.5,2014-07-09,0531,Aqua,MODIS,90,6.2,305.6,139.6,D,0
-14.9647,130.6751,323.7,2.5,1.5,2014-07-09,0531,Aqua,MODIS,52,6.2,305.6,37.8,D,0
-13.3672,131.9698,323.3,3.4,1.7,2014-07-09,0531,Aqua,MODIS,74,6.2,287.6,87.6,D,0
-13.906,130.668,315.3,2.7,1.6,2014-07-09,0531,Aqua,MODIS,41,6.2,303.4,16.8,D,0
-14.9825,130.6546,321.4,2.5,1.5,2014-07-09,0531,Aqua,MODIS,31,6.2,305.4,26.7,D,0
-14.98,130.6375,322.9,2.5,1.5,2014-07-09,0531,Aqua,MODIS,29,6.2,305.8,32.4,D,0
-14.9758,130.6607,347.2,2.5,1.5,2014-07-09,0531,Aqua,MODIS,93,6.2,306,169.7,D,0
-13.7273,132.0954,316.6,3.4,1.7,2014-07-09,0531,Aqua,MODIS,46,6.2,302.1,33.6,D,0
-14.0806,133.4382,313.6,4.3,1.9,2014-07-09,0531,Aqua,MODIS,32,6.2,298.9,41.9,D,0
-13.911,130.6769,319,2.7,1.6,2014-07-09,0531,Aqua,MODIS,66,6.2,303.9,31.5,D,0
-13.5315,133.6972,322.3,4.6,2,2014-07-09,0531,Aqua,MODIS,72,6.2,297.1,136.1,D,0
-13.819,133.8349,314.2,4.6,2,2014-07-09,0531,Aqua,MODIS,28,6.2,297.5,48.6,D,0
-13.8186,133.8266,313.6,4.6,2,2014-07-09,0531,Aqua,MODIS,35,6.2,297.4,49.1,D,0
-13.8028,133.8192,313.8,4.6,2,2014-07-09,0531,Aqua,MODIS,25,6.2,296.5,48.9,D,0
-13.5321,133.7058,317.8,4.6,2,2014-07-09,0531,Aqua,MODIS,63,6.2,297,96.6,D,0
-14.0369,130.8054,320.6,2.7,1.6,2014-07-09,0531,Aqua,MODIS,69,6.2,307.3,33.8,D,0
-14.0271,130.8119,320.9,2.7,1.6,2014-07-09,0531,Aqua,MODIS,69,6.2,306.6,34.3,D,0
-13.481,132.0317,320.7,3.4,1.7,2014-07-09,0531,Aqua,MODIS,64,6.2,296.8,61.4,D,0
-13.4859,132.0248,322.1,3.4,1.7,2014-07-09,0531,Aqua,MODIS,65,6.2,297.4,69.4,D,0
-11.9385,132.7398,311.7,4.2,1.9,2014-07-09,0531,Aqua,MODIS,35,6.2,294.5,32.9,D,0
-13.6874,132.0831,320.1,3.4,1.7,2014-07-09,0531,Aqua,MODIS,67,6.2,300.9,49.9,D,0
-13.6718,132.0802,317.7,3.4,1.7,2014-07-09,0531,Aqua,MODIS,26,6.2,300.3,37.2,D,0
-14.5205,126.5837,318.9,1.3,1.1,2014-07-09,0531,Aqua,MODIS,56,6.2,304.1,11.1,D,0
-14.5103,126.582,328.8,1.3,1.1,2014-07-09,0531,Aqua,MODIS,77,6.2,305,25.3,D,0
-14.4446,132.5957,315.1,3.6,1.8,2014-07-09,0531,Aqua,MODIS,42,6.2,303.7,31,D,0
-12.2364,132.6248,310.2,4,1.9,2014-07-09,0531,Aqua,MODIS,32,6.2,295.6,28.7,D,0
-13.5402,133.6639,317.7,4.5,2,2014-07-09,0531,Aqua,MODIS,63,6.2,298,95.8,D,0
-29.8047,152.2193,300,2.5,1.5,2014-07-09,1313,Terra,MODIS,13,6.2,283.3,22.7,N,0
-25.2254,149.095,315.8,2,1.4,2014-07-09,1314,Terra,MODIS,92,6.2,283.8,44.6,N,0
-24.7648,147.0874,304.2,1.5,1.2,2014-07-09,1314,Terra,MODIS,59,6.2,283.9,15.4,N,0
-25.2279,149.1021,317.4,2,1.4,2014-07-09,1314,Terra,MODIS,95,6.2,283.9,49.2,N,0
-16.3674,136.4982,302,1.4,1.2,2014-07-09,1317,Terra,MODIS,46,6.2,287.9,10.6,N,0
-15.485,143.5263,317.8,1.2,1.1,2014-07-09,1317,Terra,MODIS,96,6.2,288.6,23.3,N,0
-15.475,143.5246,301.9,1.2,1.1,2014-07-09,1317,Terra,MODIS,45,6.2,287.9,7.7,N,0
-12.5635,135.2879,303.4,1.6,1.2,2014-07-09,1318,Terra,MODIS,55,6.2,290.3,10.8,N,0
-12.6244,134.8145,317.8,1.7,1.3,2014-07-09,1318,Terra,MODIS,96,6.2,291.4,35.2,N,0
-13.3756,142.6057,302.4,1.2,1.1,2014-07-09,1318,Terra,MODIS,49,6.2,289.3,7.3,N,0
-13.3599,130.5499,305.6,3.7,1.8,2014-07-09,1318,Terra,MODIS,65,6.2,287.1,55.5,N,0
-13.4427,134.15,307.4,1.9,1.4,2014-07-09,1318,Terra,MODIS,71,6.2,288.7,22.9,N,0
-13.4493,134.1626,306,1.9,1.4,2014-07-09,1318,Terra,MODIS,67,6.2,289.3,21,N,0
-13.7969,133.7796,305.8,2.1,1.4,2014-07-09,1318,Terra,MODIS,66,6.2,288.4,23.4,N,0
-13.8073,133.8005,312.3,2.1,1.4,2014-07-09,1318,Terra,MODIS,26,6.2,290,32.5,N,0
-13.8327,133.8033,305,2.1,1.4,2014-07-09,1318,Terra,MODIS,63,6.2,288.3,22,N,0
-13.8303,133.8227,309.3,2.1,1.4,2014-07-09,1318,Terra,MODIS,77,6.2,289.4,30.1,N,0
-13.4516,134.1446,304,1.9,1.4,2014-07-09,1318,Terra,MODIS,58,6.2,288.6,18.2,N,0
-25.4783,152.3625,306.3,1.8,1.3,2014-07-09,1446,Aqua,MODIS,68,6.2,283.6,25.2,N,0
-29.8174,152.2053,305.1,1.5,1.2,2014-07-09,1447,Aqua,MODIS,23,6.2,282,16.3,N,0
-29.7985,152.2263,303.3,1.5,1.2,2014-07-09,1447,Aqua,MODIS,15,6.2,281.8,13.9,N,0
-29.7992,152.2324,307.9,1.5,1.2,2014-07-09,1447,Aqua,MODIS,41,6.2,282.5,19.2,N,0
-31.4205,152.4577,301.4,1.4,1.2,2014-07-09,1448,Aqua,MODIS,40,6.2,284.3,11.6,N,0
-31.5898,152.8222,300.4,1.3,1.1,2014-07-09,1448,Aqua,MODIS,27,6.2,282.6,10,N,0
-31.5874,152.8085,310.6,1.3,1.1,2014-07-09,1448,Aqua,MODIS,81,6.2,283.9,19.7,N,0
-31.5339,152.6327,300.9,1.4,1.2,2014-07-09,1448,Aqua,MODIS,34,6.2,284.7,9.8,N,0
-32.5072,116.0575,311.7,1.3,1.1,2014-07-09,1452,Terra,MODIS,83,6.2,277.4,20.4,N,0
-32.4708,116.0324,300,1.3,1.1,2014-07-09,1452,Terra,MODIS,12,6.2,278.5,11.1,N,0
-32.5085,116.066,309.9,1.3,1.1,2014-07-09,1452,Terra,MODIS,79,6.2,277.3,19.5,N,0
-14.6847,130.1266,302.5,2,1.4,2014-07-09,1622,Aqua,MODIS,49,6.2,290.7,15.4,N,0
-14.0943,130.6848,324.5,1.9,1.3,2014-07-09,1622,Aqua,MODIS,100,6.2,292.4,56.1,N,0
-14.0914,130.6681,319.9,1.9,1.3,2014-07-09,1622,Aqua,MODIS,99,6.2,292.4,44.2,N,0
-13.9425,134.3452,300.9,1.1,1,2014-07-09,1622,Aqua,MODIS,35,6.2,287.4,6.3,N,0
-13.6395,132.945,310,1.3,1.1,2014-07-09,1622,Aqua,MODIS,79,6.2,287.4,16.2,N,0
-14.9885,130.7366,304.7,1.8,1.3,2014-07-09,1622,Aqua,MODIS,61,6.2,283.5,20.4,N,0
-14.9803,130.7283,306.6,1.8,1.3,2014-07-09,1622,Aqua,MODIS,69,6.2,283.7,21.6,N,0
-14.1063,130.683,305,1.9,1.3,2014-07-09,1622,Aqua,MODIS,63,6.2,292.4,15.5,N,0
-13.4173,133.7393,304,1.2,1.1,2014-07-09,1622,Aqua,MODIS,58,6.2,287.7,9.7,N,0
-15.8834,135.4681,306.9,1,1,2014-07-09,1622,Aqua,MODIS,69,6.2,287.2,9.7,N,0
-13.419,133.7503,319.3,1.2,1.1,2014-07-09,1622,Aqua,MODIS,98,6.2,289,24.7,N,0
-21.615,130.8368,313.6,1.3,1.1,2014-07-09,1624,Aqua,MODIS,87,6.2,281.2,23.7,N,0
-21.6047,130.8388,301.7,1.3,1.1,2014-07-09,1624,Aqua,MODIS,31,6.2,280.1,12,N,0
-15.3281,143.4784,311.5,3.7,1.8,2014-07-10,0009,Terra,MODIS,68,6.2,293.7,48.9,D,0
-15.3434,143.5166,310.6,3.7,1.8,2014-07-10,0009,Terra,MODIS,67,6.2,293.4,41.7,D,0
-15.3348,143.5126,311.2,3.7,1.8,2014-07-10,0009,Terra,MODIS,68,6.2,293.5,47.2,D,0
-15.337,143.4824,307.9,3.7,1.8,2014-07-10,0009,Terra,MODIS,53,6.2,293.3,29.5,D,0
-20.8654,143.9901,305.9,2.6,1.5,2014-07-10,0010,Terra,MODIS,58,6.2,295.7,14.4,D,0
-20.9127,149.0353,306.7,1.2,1.1,2014-07-10,0010,Terra,MODIS,0,6.2,294.8,7.5,D,0
-25.4745,152.3587,303,1.1,1,2014-07-10,0011,Terra,MODIS,52,6.2,291.4,4.8,D,0
-24.6804,151.8091,343,1,1,2014-07-10,0011,Terra,MODIS,93,6.2,297.4,48.3,D,0
-24.6818,151.8191,359.1,1,1,2014-07-10,0011,Terra,MODIS,99,6.2,298.5,84,D,0
-24.9075,151.9863,307.1,1,1,2014-07-10,0011,Terra,MODIS,65,6.2,296.7,5.7,D,0
-24.7799,152.3231,304.9,1,1,2014-07-10,0011,Terra,MODIS,56,6.2,293.5,5,D,0
-25.4838,152.3572,308.4,1.1,1,2014-07-10,0011,Terra,MODIS,67,6.2,292.6,8.7,D,0
-26.2487,151.6589,300.7,1,1,2014-07-10,0011,Terra,MODIS,31,6.2,288.5,3.9,D,0
-24.1801,151.5837,310.5,1,1,2014-07-10,0011,Terra,MODIS,69,6.2,296.7,7.7,D,0
-24.1815,151.5936,321.7,1,1,2014-07-10,0011,Terra,MODIS,81,6.2,296.5,17.4,D,0
-26.3085,151.2987,312.7,1,1,2014-07-10,0011,Terra,MODIS,73,6.2,290.8,11.2,D,0
-24.7538,147.0914,332.2,1.3,1.1,2014-07-10,0011,Terra,MODIS,88,6.2,290.1,46.7,D,0
-24.7599,147.0835,322.7,1.3,1.1,2014-07-10,0011,Terra,MODIS,82,6.2,289.2,30.3,D,0
-25.2214,149.1009,313.2,1.1,1,2014-07-10,0011,Terra,MODIS,51,6.2,288.7,12.1,D,0
-25.2122,149.1028,312.8,1.1,1,2014-07-10,0011,Terra,MODIS,48,6.2,288,11.8,D,0
-22.9863,150.7325,306.1,1,1,2014-07-10,0011,Terra,MODIS,61,6.2,292.8,6.8,D,0
-26.6294,149.1355,306,1,1,2014-07-10,0012,Terra,MODIS,63,6.2,291.2,5.5,D,0
-26.936,150.9288,310.7,1,1,2014-07-10,0012,Terra,MODIS,70,6.2,292,8.5,D,0
-29.8161,152.2146,321.8,1.1,1.1,2014-07-10,0012,Terra,MODIS,79,6.2,283.2,25,D,0
-28.1878,148.4903,303.2,1.1,1,2014-07-10,0012,Terra,MODIS,48,6.2,289.1,4.7,D,0
-29.479,148.5485,302.9,1,1,2014-07-10,0012,Terra,MODIS,51,6.2,286.5,5.6,D,0
-29.4806,148.5591,311.6,1,1,2014-07-10,0012,Terra,MODIS,71,6.2,287.2,11.4,D,0
-29.8146,152.2029,312.6,1.1,1.1,2014-07-10,0012,Terra,MODIS,64,6.2,283.3,15.5,D,0
-30.0532,148.9259,303.5,1,1,2014-07-10,0012,Terra,MODIS,56,6.2,287.7,5.7,D,0
-27.9736,153.3239,307.3,1.2,1.1,2014-07-10,0012,Terra,MODIS,65,6.2,289.5,10.5,D,0
-29.0693,148.878,300.1,1,1,2014-07-10,0012,Terra,MODIS,29,6.2,289.9,3.2,D,0
-28.2378,148.8073,317.3,1,1,2014-07-10,0012,Terra,MODIS,77,6.2,290.3,14.9,D,0
-28.8904,152.6166,300.9,1.2,1.1,2014-07-10,0012,Terra,MODIS,42,6.2,289,5.8,D,0
-27.9013,148.8337,300.1,1,1,2014-07-10,0012,Terra,MODIS,28,6.2,288.1,3.8,D,0
-28.2362,148.7968,319.7,1,1,2014-07-10,0012,Terra,MODIS,80,6.2,290.4,17.3,D,0
-29.739,152.4054,301.3,1.2,1.1,2014-07-10,0012,Terra,MODIS,46,6.2,286.7,7.1,D,0
-29.7405,152.4176,306.6,1.2,1.1,2014-07-10,0012,Terra,MODIS,64,6.2,287,10.9,D,0
-28.6826,152.3508,304.7,1.1,1.1,2014-07-10,0012,Terra,MODIS,45,6.2,286.5,8.1,D,0
-28.6732,152.3527,313.6,1.1,1.1,2014-07-10,0012,Terra,MODIS,74,6.2,288.9,15.9,D,0
-29.0544,150.774,302.9,1,1,2014-07-10,0012,Terra,MODIS,54,6.2,285.5,6.4,D,0
-31.6948,152.0366,300.1,1.2,1.1,2014-07-10,0013,Terra,MODIS,25,6.2,286.1,6.1,D,0
-31.6964,152.0497,300.7,1.2,1.1,2014-07-10,0013,Terra,MODIS,41,6.2,287.6,6.4,D,0
-31.5344,152.6391,304,1.2,1.1,2014-07-10,0013,Terra,MODIS,58,6.2,287.3,9.9,D,0
-11.2933,131.9154,317.6,1.2,1.1,2014-07-10,0146,Terra,MODIS,58,6.2,301.1,9.3,D,0
-12.2274,132.6342,315.9,1.3,1.1,2014-07-10,0146,Terra,MODIS,44,6.2,301.7,9.7,D,0
-11.2918,131.9045,319.3,1.2,1.1,2014-07-10,0146,Terra,MODIS,59,6.2,300.8,11.1,D,0
-11.2221,131.2671,326.6,1.1,1,2014-07-10,0146,Terra,MODIS,80,6.2,298.6,21.2,D,0
-11.2315,131.2658,317.7,1.1,1,2014-07-10,0146,Terra,MODIS,68,6.2,298,10.4,D,0
-11.2504,131.2631,312.8,1.1,1,2014-07-10,0146,Terra,MODIS,18,6.2,297.8,4.9,D,0
-11.7442,130.6777,328.3,1.1,1,2014-07-10,0146,Terra,MODIS,77,6.2,296.3,23.1,D,0
-11.4579,131.4289,314.6,1.1,1.1,2014-07-10,0146,Terra,MODIS,43,6.2,299.3,7.1,D,0
-12.7987,131.1305,321.6,1.1,1.1,2014-07-10,0146,Terra,MODIS,70,6.2,299.9,13.3,D,0
-12.8015,131.1512,340.4,1.1,1.1,2014-07-10,0146,Terra,MODIS,89,6.2,299.5,41.8,D,0
-12.03,132.686,321.5,1.3,1.2,2014-07-10,0146,Terra,MODIS,69,6.2,302.2,18.3,D,0
-12.7952,131.1376,345.6,1.1,1.1,2014-07-10,0146,Terra,MODIS,93,6.2,301.4,53.6,D,0
-13.046,132.7495,321,1.4,1.2,2014-07-10,0146,Terra,MODIS,71,6.2,303.4,18.3,D,0
-12.8001,131.1409,353.8,1.1,1.1,2014-07-10,0146,Terra,MODIS,97,6.2,300,74.9,D,0
-12.7981,131.1582,337.7,1.1,1.1,2014-07-10,0146,Terra,MODIS,88,6.2,300.6,37.7,D,0
-12.7966,131.1479,370.6,1.1,1.1,2014-07-10,0146,Terra,MODIS,100,6.2,302.6,131.6,D,0
-12.9615,132.8858,317.2,1.4,1.2,2014-07-10,0146,Terra,MODIS,60,6.2,301.6,14,D,0
-12.8835,131.182,319.4,1.1,1.1,2014-07-10,0146,Terra,MODIS,66,6.2,300.1,9.7,D,0
-12.885,131.1924,324.3,1.1,1.1,2014-07-10,0146,Terra,MODIS,74,6.2,299.4,16.3,D,0
-11.9834,133.1915,315.1,1.5,1.2,2014-07-10,0146,Terra,MODIS,59,6.2,302.1,9.2,D,0
-12.9509,132.8877,327.2,1.4,1.2,2014-07-10,0146,Terra,MODIS,79,6.2,304.7,30.3,D,0
-12.7637,131.1208,315.5,1.1,1.1,2014-07-10,0146,Terra,MODIS,47,6.2,300.3,6.2,D,0
-12.7652,131.1312,324.7,1.1,1.1,2014-07-10,0146,Terra,MODIS,76,6.2,300.7,16.9,D,0
-12.9308,132.8566,316.8,1.4,1.2,2014-07-10,0146,Terra,MODIS,62,6.2,302.8,11.6,D,0
-12.9353,132.85,318.6,1.4,1.2,2014-07-10,0146,Terra,MODIS,51,6.2,301.5,13.8,D,0
-12.8465,133.3257,316.3,1.5,1.2,2014-07-10,0146,Terra,MODIS,64,6.2,300.6,15.5,D,0
-12.6171,134.8285,315.8,2,1.4,2014-07-10,0146,Terra,MODIS,65,6.2,299.9,20,D,0
-12.9291,132.8436,318.2,1.4,1.2,2014-07-10,0146,Terra,MODIS,67,6.2,301.9,14.1,D,0
-12.7936,130.548,318.3,1.1,1,2014-07-10,0146,Terra,MODIS,61,6.2,304.7,9.1,D,0
-13.3607,130.5439,385.6,1.1,1,2014-07-10,0147,Terra,MODIS,100,6.2,314.6,187.4,D,0
-13.3045,130.5278,352.5,1.1,1,2014-07-10,0147,Terra,MODIS,96,6.2,305.3,66.6,D,0
-13.3286,130.5646,322.7,1.1,1,2014-07-10,0147,Terra,MODIS,52,6.2,306,10.2,D,0
-13.3273,130.5547,339.8,1.1,1,2014-07-10,0147,Terra,MODIS,89,6.2,305.4,35.4,D,0
-14.2436,127.1004,319.9,1.1,1,2014-07-10,0147,Terra,MODIS,57,6.2,302.2,10.2,D,0
-15.765,128.325,326,1,1,2014-07-10,0147,Terra,MODIS,78,6.2,306.1,15.6,D,0
-15.7664,128.3343,316.3,1,1,2014-07-10,0147,Terra,MODIS,44,6.2,306,6.2,D,0
-14.1857,130.6417,321,1.1,1,2014-07-10,0147,Terra,MODIS,62,6.2,304.1,10.4,D,0
-14.1843,130.6315,323.5,1.1,1,2014-07-10,0147,Terra,MODIS,74,6.2,304.9,14.1,D,0
-14.4127,130.0471,314.4,1.1,1,2014-07-10,0147,Terra,MODIS,51,6.2,303.5,4.8,D,0
-13.3741,130.5723,320.9,1.1,1,2014-07-10,0147,Terra,MODIS,61,6.2,306,10,D,0
-13.3727,130.5624,337.9,1.1,1,2014-07-10,0147,Terra,MODIS,87,6.2,304.1,34.2,D,0
-13.3058,130.5376,352.5,1.1,1,2014-07-10,0147,Terra,MODIS,96,6.2,307.6,65.7,D,0
-13.3714,130.5525,336.7,1.1,1,2014-07-10,0147,Terra,MODIS,86,6.2,302.6,31.5,D,0
-13.3648,130.5737,327.9,1.1,1,2014-07-10,0147,Terra,MODIS,77,6.2,306.6,17.6,D,0
-13.3634,130.5638,332,1.1,1,2014-07-10,0147,Terra,MODIS,83,6.2,309,23.7,D,0
-13.362,130.5538,388.2,1.1,1,2014-07-10,0147,Terra,MODIS,100,6.2,315.5,200.9,D,0
-13.358,130.5705,325.7,1.1,1,2014-07-10,0147,Terra,MODIS,60,6.2,307.2,13.5,D,0
-14.5095,126.6014,332.5,1.1,1,2014-07-10,0147,Terra,MODIS,84,6.2,305.3,28.8,D,0
-14.5111,126.6117,321.7,1.1,1,2014-07-10,0147,Terra,MODIS,72,6.2,302.7,14.3,D,0
-13.9073,130.6901,317.6,1.1,1,2014-07-10,0147,Terra,MODIS,61,6.2,304.3,7.8,D,0
-14.1792,130.6635,322,1.1,1,2014-07-10,0147,Terra,MODIS,26,6.2,304.6,11,D,0
-14.1777,130.6532,328.7,1.1,1,2014-07-10,0147,Terra,MODIS,70,6.2,305.2,19.1,D,0
-13.9239,133.9917,319.8,1.8,1.3,2014-07-10,0147,Terra,MODIS,71,6.2,303,21.8,D,0
-14.9904,130.6929,335.9,1.1,1.1,2014-07-10,0147,Terra,MODIS,86,6.2,305.8,32.3,D,0
-16.8341,138.288,309.1,4.1,1.9,2014-07-10,0147,Terra,MODIS,53,6.2,296.3,42.6,D,0
-13.5317,133.6814,312.8,1.7,1.3,2014-07-10,0147,Terra,MODIS,49,6.2,301.9,10.8,D,0
-16.8302,138.2494,317,4.1,1.9,2014-07-10,0147,Terra,MODIS,72,6.2,295.7,91.3,D,0
-13.9259,134.0081,319.3,1.8,1.3,2014-07-10,0147,Terra,MODIS,70,6.2,302.4,21.2,D,0
-13.7186,133.9702,318.3,1.8,1.3,2014-07-10,0147,Terra,MODIS,40,6.2,302.6,16.9,D,0
-13.8052,133.7695,319.9,1.7,1.3,2014-07-10,0147,Terra,MODIS,66,6.2,300.4,23.4,D,0
-13.8048,133.8394,316.3,1.7,1.3,2014-07-10,0147,Terra,MODIS,32,6.2,301.9,13.5,D,0
-13.8015,133.834,315.8,1.7,1.3,2014-07-10,0147,Terra,MODIS,48,6.2,301.8,14.1,D,0
-13.8034,133.8498,313.5,1.7,1.3,2014-07-10,0147,Terra,MODIS,41,6.2,302.1,10,D,0
-13.8091,133.8009,333.1,1.7,1.3,2014-07-10,0147,Terra,MODIS,85,6.2,303.7,53.6,D,0
-13.8362,133.8296,316,1.7,1.3,2014-07-10,0147,Terra,MODIS,56,6.2,300.8,15.1,D,0
-13.8382,133.8453,314.3,1.7,1.3,2014-07-10,0147,Terra,MODIS,49,6.2,300.6,11.8,D,0
-13.6312,132.9422,317.3,1.5,1.2,2014-07-10,0147,Terra,MODIS,41,6.2,303.4,9,D,0
-13.8072,133.7852,353.2,1.7,1.3,2014-07-10,0147,Terra,MODIS,97,6.2,304.3,136.1,D,0
-12.963,130.9901,341.7,1.1,1.1,2014-07-10,0147,Terra,MODIS,78,6.2,303.2,44.5,D,0
-13.9481,130.6681,333.1,1.1,1,2014-07-10,0147,Terra,MODIS,84,6.2,304.3,28,D,0
-13.5163,132.0711,346.9,1.3,1.1,2014-07-10,0147,Terra,MODIS,93,6.2,303,68.5,D,0
-13.5062,132.0724,327.1,1.3,1.1,2014-07-10,0147,Terra,MODIS,78,6.2,304.6,23.5,D,0
-13.5046,132.0607,321,1.3,1.1,2014-07-10,0147,Terra,MODIS,59,6.2,304.7,13.6,D,0
-13.6639,131.5817,322.8,1.2,1.1,2014-07-10,0147,Terra,MODIS,72,6.2,303.1,15,D,0
-14.1742,133.3425,318.5,1.6,1.2,2014-07-10,0147,Terra,MODIS,67,6.2,304,16.4,D,0
-14.1761,133.3573,316.4,1.6,1.2,2014-07-10,0147,Terra,MODIS,62,6.2,302.8,12.9,D,0
-14.1854,133.3409,325.1,1.6,1.2,2014-07-10,0147,Terra,MODIS,77,6.2,304.2,28.3,D,0
-13.3507,131.9748,328.3,1.3,1.1,2014-07-10,0147,Terra,MODIS,79,6.2,302.4,22,D,0
-14.9947,130.7243,341.2,1.1,1.1,2014-07-10,0147,Terra,MODIS,90,6.2,308.2,41.6,D,0
-14.1867,133.3493,323.1,1.6,1.2,2014-07-10,0147,Terra,MODIS,74,6.2,303,24.7,D,0
-14.0885,130.6726,336.5,1.1,1,2014-07-10,0147,Terra,MODIS,86,6.2,304.8,31.6,D,0
-12.9725,130.9888,337.2,1.1,1.1,2014-07-10,0147,Terra,MODIS,86,6.2,303.4,35.8,D,0
-14.918,130.7627,319.9,1.1,1.1,2014-07-10,0147,Terra,MODIS,58,6.2,305,9.1,D,0
-13.9414,130.6896,329.2,1.1,1,2014-07-10,0147,Terra,MODIS,80,6.2,303.8,22.7,D,0
-13.7069,133.9717,321.1,1.8,1.3,2014-07-10,0147,Terra,MODIS,54,6.2,303.7,22.8,D,0
-13.6624,131.5705,328.1,1.2,1.1,2014-07-10,0147,Terra,MODIS,79,6.2,303.2,23.4,D,0
-14.1254,130.6925,327.4,1.1,1.1,2014-07-10,0147,Terra,MODIS,78,6.2,304.4,18.5,D,0
-16.8373,138.2824,311.6,4.1,1.9,2014-07-10,0147,Terra,MODIS,62,6.2,296.4,57.7,D,0
-16.8337,138.2438,314.9,4.1,1.9,2014-07-10,0147,Terra,MODIS,69,6.2,295.6,79,D,0
-13.6952,133.973,319.2,1.8,1.3,2014-07-10,0147,Terra,MODIS,40,6.2,302.8,17.9,D,0
-13.7966,133.7765,319.1,1.7,1.3,2014-07-10,0147,Terra,MODIS,44,6.2,301.5,19.9,D,0
-13.9495,130.6783,317.7,1.1,1,2014-07-10,0147,Terra,MODIS,31,6.2,303.5,8.2,D,0
-13.5539,134.204,313.9,1.8,1.3,2014-07-10,0147,Terra,MODIS,48,6.2,302.2,13,D,0
-13.7143,133.9643,320.1,1.8,1.3,2014-07-10,0147,Terra,MODIS,53,6.2,303.9,20.1,D,0
-13.5582,134.2375,313.8,1.8,1.3,2014-07-10,0147,Terra,MODIS,47,6.2,301.9,11.8,D,0
-13.56,134.1967,315.9,1.8,1.3,2014-07-10,0147,Terra,MODIS,37,6.2,301.2,15.7,D,0
-13.3491,131.9632,324.6,1.3,1.1,2014-07-10,0147,Terra,MODIS,59,6.2,301.7,16.7,D,0
-13.781,133.7468,315.4,1.7,1.3,2014-07-10,0147,Terra,MODIS,51,6.2,301.8,13.9,D,0
-14.1146,130.6836,317.4,1.1,1.1,2014-07-10,0147,Terra,MODIS,29,6.2,305.5,7,D,0
-14.1136,133.492,315,1.6,1.3,2014-07-10,0147,Terra,MODIS,36,6.2,302.7,10.4,D,0
-14.1103,130.6903,324.5,1.1,1.1,2014-07-10,0147,Terra,MODIS,71,6.2,304.5,14.3,D,0
-14.989,130.6825,317.3,1.1,1.1,2014-07-10,0147,Terra,MODIS,54,6.2,306,6.5,D,0
-13.559,131.706,323.5,1.2,1.1,2014-07-10,0147,Terra,MODIS,73,6.2,301.8,15.9,D,0
-13.5605,131.7173,321.3,1.2,1.1,2014-07-10,0147,Terra,MODIS,70,6.2,301.5,13,D,0
-13.4115,131.9724,319.2,1.3,1.1,2014-07-10,0147,Terra,MODIS,53,6.2,302,10.8,D,0
-14.0994,130.6815,336.4,1.1,1,2014-07-10,0147,Terra,MODIS,86,6.2,305.4,31.4,D,0
-13.932,130.691,316,1.1,1,2014-07-10,0147,Terra,MODIS,42,6.2,304.2,7.1,D,0
-14.9498,130.752,319.4,1.1,1.1,2014-07-10,0147,Terra,MODIS,49,6.2,305.6,8.1,D,0
-13.9372,130.6593,316.6,1.1,1,2014-07-10,0147,Terra,MODIS,46,6.2,303.1,6.3,D,0
-13.9387,130.6695,350.1,1.1,1,2014-07-10,0147,Terra,MODIS,95,6.2,306.8,62,D,0
-13.94,130.6796,330.6,1.1,1,2014-07-10,0147,Terra,MODIS,81,6.2,306.7,24.2,D,0
-14.9933,130.7139,368.7,1.1,1.1,2014-07-10,0147,Terra,MODIS,100,6.2,308.4,121.6,D,0
-13.8946,130.42,318.9,1.1,1,2014-07-10,0147,Terra,MODIS,34,6.2,307.2,6.2,D,0
-14.1174,127.2323,340.6,1.1,1,2014-07-10,0147,Terra,MODIS,89,6.2,303.7,38.3,D,0
-15.0489,126.1101,333.6,1.1,1.1,2014-07-10,0147,Terra,MODIS,85,6.2,303.1,31.9,D,0
-15.0505,126.1206,324.6,1.1,1.1,2014-07-10,0147,Terra,MODIS,77,6.2,304.5,18,D,0
-13.8892,130.4268,323.1,1.1,1,2014-07-10,0147,Terra,MODIS,68,6.2,307.2,9.5,D,0
-14.6901,130.1279,335.1,1.1,1,2014-07-10,0147,Terra,MODIS,86,6.2,305.3,29.5,D,0
-14.718,130.124,324.2,1.1,1,2014-07-10,0147,Terra,MODIS,44,6.2,304.6,14.4,D,0
-14.7272,130.1227,319.6,1.1,1,2014-07-10,0147,Terra,MODIS,32,6.2,302.5,9.8,D,0
-14.1188,127.242,397.4,1.1,1,2014-07-10,0147,Terra,MODIS,100,6.2,315,246.4,D,0
-15.4342,128.8941,316.3,1,1,2014-07-10,0147,Terra,MODIS,52,6.2,304.9,6.4,D,0
-14.1203,127.2516,347.1,1.1,1,2014-07-10,0147,Terra,MODIS,93,6.2,307.7,50.8,D,0
-14.1218,127.2613,320.4,1.1,1,2014-07-10,0147,Terra,MODIS,69,6.2,304.3,9.9,D,0
-15.8962,128.717,328.9,1,1,2014-07-10,0147,Terra,MODIS,74,6.2,306.3,17.9,D,0
-15.9052,128.7155,322.4,1,1,2014-07-10,0147,Terra,MODIS,56,6.2,302.9,11.5,D,0
-15.4901,127.8389,319.7,1,1,2014-07-10,0147,Terra,MODIS,69,6.2,306.4,8.9,D,0
-15.4547,127.7872,315.5,1,1,2014-07-10,0147,Terra,MODIS,49,6.2,304.5,5.7,D,0
-15.4533,127.7779,316.3,1,1,2014-07-10,0147,Terra,MODIS,62,6.2,304.3,6.7,D,0
-15.4457,127.7887,316.6,1,1,2014-07-10,0147,Terra,MODIS,33,6.2,304.6,6.2,D,0
-15.4443,127.7793,345,1,1,2014-07-10,0147,Terra,MODIS,92,6.2,305.9,44.7,D,0
-13.896,130.4299,321.6,1.1,1,2014-07-10,0147,Terra,MODIS,67,6.2,305.8,8.9,D,0
-14.7633,130.0611,318.5,1.1,1,2014-07-10,0147,Terra,MODIS,51,6.2,303.1,9.1,D,0
-14.2222,127.1302,314.6,1.1,1,2014-07-10,0147,Terra,MODIS,39,6.2,303.1,4.9,D,0
-15.1553,130.9157,329.9,1.2,1.1,2014-07-10,0147,Terra,MODIS,81,6.2,306.2,25.1,D,0
-14.5836,130.206,320.4,1.1,1,2014-07-10,0147,Terra,MODIS,58,6.2,302.6,11.1,D,0
-14.1443,130.6895,330.6,1.1,1.1,2014-07-10,0147,Terra,MODIS,82,6.2,305.9,23.2,D,0
-14.1457,130.7,322.6,1.1,1.1,2014-07-10,0147,Terra,MODIS,54,6.2,303.4,12.8,D,0
-15.1391,131.0351,325.3,1.2,1.1,2014-07-10,0147,Terra,MODIS,77,6.2,305.1,19.7,D,0
-15.1405,131.0459,321.2,1.2,1.1,2014-07-10,0147,Terra,MODIS,71,6.2,304.8,14.4,D,0
-15.0073,126.0953,313.6,1.1,1.1,2014-07-10,0147,Terra,MODIS,50,6.2,301.2,7,D,0
-15.0393,126.1116,351.6,1.1,1.1,2014-07-10,0147,Terra,MODIS,96,6.2,304.1,70.8,D,0
-15.041,126.1221,329,1.1,1.1,2014-07-10,0147,Terra,MODIS,80,6.2,303.3,24.1,D,0
-15.5422,129.3877,324.5,1,1,2014-07-10,0147,Terra,MODIS,72,6.2,304.9,13.9,D,0
-15.142,131.0568,314.7,1.2,1.1,2014-07-10,0147,Terra,MODIS,49,6.2,302.8,7,D,0
-14.1233,127.2709,315.1,1,1,2014-07-10,0147,Terra,MODIS,53,6.2,302.7,5.6,D,0
-14.128,127.2405,318,1.1,1,2014-07-10,0147,Terra,MODIS,64,6.2,303.1,8.2,D,0
-14.1295,127.2502,315.4,1.1,1,2014-07-10,0147,Terra,MODIS,23,6.2,303.1,5.4,D,0
-14.1899,127.1653,320.2,1.1,1,2014-07-10,0147,Terra,MODIS,69,6.2,305.7,10.7,D,0
-14.1914,127.175,326.6,1.1,1,2014-07-10,0147,Terra,MODIS,78,6.2,305,18.3,D,0
-15.4345,127.9588,322.8,1,1,2014-07-10,0147,Terra,MODIS,71,6.2,303.9,11.7,D,0
-15.1679,130.9359,316.8,1.2,1.1,2014-07-10,0147,Terra,MODIS,37,6.2,302.9,7.6,D,0
-15.1568,130.9264,322.8,1.2,1.1,2014-07-10,0147,Terra,MODIS,56,6.2,306.3,14.7,D,0
-14.5785,130.2369,316.9,1.1,1,2014-07-10,0147,Terra,MODIS,56,6.2,302.2,8.3,D,0
-14.4454,126.622,321.8,1.1,1,2014-07-10,0147,Terra,MODIS,72,6.2,303.6,13.4,D,0
-14.4381,132.5629,329.5,1.4,1.2,2014-07-10,0147,Terra,MODIS,80,6.2,304.7,31.2,D,0
-14.4469,132.5483,322.1,1.4,1.2,2014-07-10,0147,Terra,MODIS,31,6.2,304.2,17.8,D,0
-14.4486,132.5613,339,1.4,1.2,2014-07-10,0147,Terra,MODIS,89,6.2,306.2,54.5,D,0
-14.4528,132.5542,328.8,1.4,1.2,2014-07-10,0147,Terra,MODIS,73,6.2,303.6,29.4,D,0
-14.4544,132.5672,329.2,1.4,1.2,2014-07-10,0147,Terra,MODIS,69,6.2,305.1,29.9,D,0
-15.736,129.3267,321.3,1,1,2014-07-10,0147,Terra,MODIS,64,6.2,301.2,11.7,D,0
-15.7373,129.3362,317.7,1,1,2014-07-10,0147,Terra,MODIS,53,6.2,301.7,8.7,D,0
-15.7387,129.3457,320,1,1,2014-07-10,0147,Terra,MODIS,51,6.2,301.1,10.6,D,0
-15.6537,129.3941,328.7,1,1,2014-07-10,0147,Terra,MODIS,81,6.2,303.2,20.6,D,0
-15.8455,135.3982,346.5,2.4,1.5,2014-07-10,0147,Terra,MODIS,94,6.2,302.5,174.9,D,0
-15.8481,135.4211,328.2,2.4,1.5,2014-07-10,0147,Terra,MODIS,66,6.2,303.2,70.8,D,0
-15.5452,136.0834,321.8,2.7,1.6,2014-07-10,0147,Terra,MODIS,75,6.2,299.6,59.9,D,0
-13.4255,133.7479,311.3,1.7,1.3,2014-07-10,0147,Terra,MODIS,17,6.2,300.7,8.4,D,0
-16.1547,136.1244,310.9,2.8,1.6,2014-07-10,0147,Terra,MODIS,54,6.2,300.1,21.1,D,0
-16.1523,136.1316,313.8,2.8,1.6,2014-07-10,0147,Terra,MODIS,63,6.2,300.5,30.5,D,0
-13.4198,134.7832,313,2,1.4,2014-07-10,0147,Terra,MODIS,55,6.2,301.6,14,D,0
-15.8616,135.4189,321.4,2.4,1.5,2014-07-10,0147,Terra,MODIS,75,6.2,302.3,45.9,D,0
-15.5385,136.0641,324.7,2.7,1.6,2014-07-10,0147,Terra,MODIS,60,6.2,300.1,67.5,D,0
-15.5594,136.0818,336.7,2.7,1.6,2014-07-10,0147,Terra,MODIS,88,6.2,300.2,136.5,D,0
-15.5425,136.0583,321.4,2.7,1.6,2014-07-10,0147,Terra,MODIS,75,6.2,299.4,58.2,D,0
-15.859,135.3967,320,2.4,1.5,2014-07-10,0147,Terra,MODIS,73,6.2,299.2,41.6,D,0
-16.8927,128.2951,314.4,1,1,2014-07-10,0148,Terra,MODIS,59,6.2,302.6,5.9,D,0
-16.901,128.2879,314,1,1,2014-07-10,0148,Terra,MODIS,60,6.2,302.5,5.8,D,0
-18.0909,122.5549,354.7,1.7,1.3,2014-07-10,0148,Terra,MODIS,97,6.2,302.4,145.6,D,0
-16.1959,127.7549,320.7,1,1,2014-07-10,0148,Terra,MODIS,71,6.2,304.2,9.9,D,0
-16.1911,127.7843,332.7,1,1,2014-07-10,0148,Terra,MODIS,84,6.2,305.5,22.5,D,0
-18.0943,122.5612,365.6,1.7,1.3,2014-07-10,0148,Terra,MODIS,100,6.2,303.5,212.5,D,0
-16.9134,122.6664,314.5,1.8,1.3,2014-07-10,0148,Terra,MODIS,66,6.2,299.2,19.7,D,0
-18.0937,122.5709,333,1.7,1.3,2014-07-10,0148,Terra,MODIS,86,6.2,301.2,59,D,0
-18.097,122.5772,319.5,1.7,1.3,2014-07-10,0148,Terra,MODIS,74,6.2,299.5,26.6,D,0
-18.0915,122.5453,323.7,1.7,1.3,2014-07-10,0148,Terra,MODIS,78,6.2,298.6,36,D,0
-16.9206,122.6592,309.7,1.8,1.3,2014-07-10,0148,Terra,MODIS,44,6.2,297.3,11.5,D,0
-16.1883,127.7656,333.1,1,1,2014-07-10,0148,Terra,MODIS,85,6.2,304.3,22.5,D,0
-16.1939,127.803,316.8,1,1,2014-07-10,0148,Terra,MODIS,37,6.2,304.8,6.3,D,0
-16.1897,127.7749,327.1,1,1,2014-07-10,0148,Terra,MODIS,67,6.2,304.8,15,D,0
-16.1987,127.7735,318.5,1,1,2014-07-10,0148,Terra,MODIS,37,6.2,303.3,7.3,D,0
-16.1945,127.7455,320,1,1,2014-07-10,0148,Terra,MODIS,70,6.2,304.1,9.5,D,0
-21.6128,130.8116,322.7,1.4,1.2,2014-07-10,0149,Terra,MODIS,79,6.2,294.7,24.6,D,0
-21.604,130.8262,318,1.4,1.2,2014-07-10,0149,Terra,MODIS,69,6.2,295.4,17.7,D,0
-21.6227,130.891,311.3,1.4,1.2,2014-07-10,0149,Terra,MODIS,48,6.2,296.8,10.8,D,0
-21.8321,118.6889,306.2,2.7,1.6,2014-07-10,0149,Terra,MODIS,61,6.2,294.2,19.4,D,0
-21.8346,118.6811,306.1,2.7,1.6,2014-07-10,0149,Terra,MODIS,61,6.2,294,20.6,D,0
-20.7806,119.6906,319,2.4,1.5,2014-07-10,0149,Terra,MODIS,76,6.2,294.6,47.4,D,0
-20.7849,119.7136,335.1,2.4,1.5,2014-07-10,0149,Terra,MODIS,88,6.2,297,116,D,0
-20.7983,119.7107,331.6,2.4,1.5,2014-07-10,0149,Terra,MODIS,86,6.2,295.5,97.6,D,0
-20.7925,119.7057,342.2,2.4,1.5,2014-07-10,0149,Terra,MODIS,92,6.2,296.6,155.3,D,0
-20.797,119.7285,316.8,2.4,1.5,2014-07-10,0149,Terra,MODIS,70,6.2,295.9,36.3,D,0
-20.0962,119.713,308.5,2.5,1.5,2014-07-10,0149,Terra,MODIS,59,6.2,297.3,18.7,D,0
-22.8353,122.6565,354.1,1.4,1.2,2014-07-10,0150,Terra,MODIS,97,6.2,296.5,111.8,D,0
-22.8457,122.6544,310.8,1.4,1.2,2014-07-10,0150,Terra,MODIS,68,6.2,291.9,14.1,D,0
-22.8329,122.6432,337.2,1.4,1.2,2014-07-10,0150,Terra,MODIS,90,6.2,293.1,60.1,D,0
-30.8679,121.4937,309.7,1.2,1.1,2014-07-10,0152,Terra,MODIS,69,6.2,277.9,13.8,D,2
-41.0681,147.314,301.6,1.2,1.1,2014-07-10,0428,Aqua,MODIS,48,6.2,284.8,8.4,D,0
-41.0706,147.3001,313.9,1.2,1.1,2014-07-10,0428,Aqua,MODIS,74,6.2,285.6,18.7,D,0
-32.3015,146.6472,316.8,1.6,1.2,2014-07-10,0430,Aqua,MODIS,77,6.2,286.4,31.1,D,0
-29.918,147.6558,305.2,2,1.4,2014-07-10,0431,Aqua,MODIS,42,6.2,289.2,11.9,D,0
-29.8345,153.1325,302.2,4.6,2,2014-07-10,0431,Aqua,MODIS,51,6.2,287.9,53.3,D,0
-28.1844,148.4953,304.9,2.5,1.5,2014-07-10,0431,Aqua,MODIS,47,6.2,291.6,18.1,D,0
-28.1958,148.4792,306.8,2.5,1.5,2014-07-10,0431,Aqua,MODIS,56,6.2,290.3,23,D,0
-28.222,148.8421,315.5,2.7,1.6,2014-07-10,0431,Aqua,MODIS,27,6.2,292.8,43,D,0
-28.1895,148.47,302.7,2.5,1.5,2014-07-10,0431,Aqua,MODIS,39,6.2,289.6,11.7,D,0
-31.3952,147.71,303.2,1.9,1.3,2014-07-10,0431,Aqua,MODIS,12,6.2,287,17,D,0
-28.2358,148.7946,318.5,2.6,1.6,2014-07-10,0431,Aqua,MODIS,79,6.2,292.3,57.3,D,0
-28.2165,148.8688,308.2,2.7,1.6,2014-07-10,0431,Aqua,MODIS,32,6.2,291.5,24.6,D,0
-31.3888,147.7233,301.8,1.9,1.3,2014-07-10,0431,Aqua,MODIS,37,6.2,284.6,15.7,D,0
-28.219,148.8743,302.8,2.7,1.6,2014-07-10,0431,Aqua,MODIS,53,6.2,291,14.8,D,0
-29.8316,153.1362,300.6,4.6,2,2014-07-10,0431,Aqua,MODIS,39,6.2,287.8,45.8,D,0
-29.9219,147.63,302.6,2,1.4,2014-07-10,0431,Aqua,MODIS,51,6.2,290.1,8.6,D,0
-29.8429,153.0904,302,4.6,2,2014-07-10,0431,Aqua,MODIS,50,6.2,288.5,51.6,D,0
-29.9221,147.6353,307.8,2,1.4,2014-07-10,0431,Aqua,MODIS,60,6.2,290,16.2,D,0
-29.9179,147.6506,309.5,2,1.4,2014-07-10,0431,Aqua,MODIS,69,6.2,289.8,20.9,D,0
-28.2246,148.8476,318.9,2.7,1.6,2014-07-10,0431,Aqua,MODIS,79,6.2,292.5,60.6,D,0
-29.0486,149.1907,310.5,2.7,1.6,2014-07-10,0431,Aqua,MODIS,70,6.2,289.4,39.9,D,0
-31.3928,146.7309,303,1.6,1.3,2014-07-10,0431,Aqua,MODIS,55,6.2,286.9,13.1,D,0
-29.7494,152.4088,303.6,4.2,1.9,2014-07-10,0431,Aqua,MODIS,56,6.2,282.6,65,D,0
-29.7471,152.3981,301.7,4.2,1.9,2014-07-10,0431,Aqua,MODIS,49,6.2,280.7,57.5,D,0
-29.0508,149.1964,309.3,2.7,1.6,2014-07-10,0431,Aqua,MODIS,68,6.2,289.6,36.8,D,0
-29.0566,149.1694,301.8,2.7,1.6,2014-07-10,0431,Aqua,MODIS,44,6.2,287.9,16.3,D,0
-31.42,146.7615,324.6,1.6,1.3,2014-07-10,0431,Aqua,MODIS,63,6.2,287.9,48.8,D,0
-25.2324,149.0972,303.2,3.2,1.7,2014-07-10,0432,Aqua,MODIS,53,6.2,290.4,29.4,D,0
-24.7537,147.0913,319.5,2.4,1.5,2014-07-10,0432,Aqua,MODIS,78,6.2,293.3,57.7,D,0
-24.7584,147.0679,317,2.4,1.5,2014-07-10,0432,Aqua,MODIS,75,6.2,292.4,50.1,D,0
-24.7588,147.0852,324.7,2.4,1.5,2014-07-10,0432,Aqua,MODIS,82,6.2,293.5,76.2,D,0
-24.7633,147.062,307.5,2.4,1.5,2014-07-10,0432,Aqua,MODIS,53,6.2,292.1,23.5,D,0
-20.6804,140.4759,313.8,1.1,1,2014-07-10,0434,Aqua,MODIS,51,6.2,302.9,5.6,D,0
-20.7414,139.476,315.5,1,1,2014-07-10,0434,Aqua,MODIS,56,6.2,302,7.5,D,2
-21.626,130.7615,313,2.6,1.6,2014-07-10,0434,Aqua,MODIS,44,6.2,300.4,23.2,D,0
-21.6162,130.8046,317.3,2.6,1.6,2014-07-10,0434,Aqua,MODIS,41,6.2,300.9,32.9,D,0
-21.6236,130.787,315.6,2.6,1.6,2014-07-10,0434,Aqua,MODIS,61,6.2,299.9,30.8,D,0
-16.8336,138.2666,326,1,1,2014-07-10,0435,Aqua,MODIS,78,6.2,305.9,16.1,D,0
-16.835,138.2572,328.8,1,1,2014-07-10,0435,Aqua,MODIS,81,6.2,306.2,19.4,D,0
-16.826,138.2557,315.1,1,1,2014-07-10,0435,Aqua,MODIS,41,6.2,302.7,6.1,D,0
-14.7331,144.8195,311.2,2.7,1.6,2014-07-10,0435,Aqua,MODIS,21,6.2,290.3,24.6,D,0
-16.926,138.2688,316.5,1,1,2014-07-10,0435,Aqua,MODIS,33,6.2,305.2,6.9,D,0
-16.9197,138.2485,318.2,1,1,2014-07-10,0435,Aqua,MODIS,42,6.2,305,7.9,D,0
-16.921,138.239,316.2,1,1,2014-07-10,0435,Aqua,MODIS,47,6.2,304.5,6.5,D,0
-16.9107,138.247,325.9,1,1,2014-07-10,0435,Aqua,MODIS,75,6.2,303.9,15,D,0
-16.912,138.2376,327.8,1,1,2014-07-10,0435,Aqua,MODIS,80,6.2,304.6,17.9,D,0
-16.8433,138.2652,327.6,1,1,2014-07-10,0435,Aqua,MODIS,80,6.2,306.9,17.9,D,0
-16.8447,138.2557,317.6,1,1,2014-07-10,0435,Aqua,MODIS,58,6.2,306.4,7.8,D,0
-14.6282,141.9206,317.5,1.6,1.3,2014-07-10,0435,Aqua,MODIS,66,6.2,301.4,15.9,D,0
-16.5341,137.0895,321.5,1,1,2014-07-10,0435,Aqua,MODIS,67,6.2,306.7,10,D,0
-15.1432,133.9694,319.9,1.3,1.1,2014-07-10,0435,Aqua,MODIS,66,6.2,306.6,12.4,D,0
-16.3574,136.4458,323.2,1,1,2014-07-10,0435,Aqua,MODIS,50,6.2,310.5,9.7,D,0
-16.5632,136.883,327.4,1,1,2014-07-10,0435,Aqua,MODIS,47,6.2,309.1,15.6,D,0
-16.1125,144.1503,312.1,2.2,1.4,2014-07-10,0435,Aqua,MODIS,49,6.2,299,17.5,D,0
-16.5555,136.8723,327.2,1,1,2014-07-10,0435,Aqua,MODIS,16,6.2,306.3,14.6,D,0
-16.1943,144.1283,323.8,2.2,1.4,2014-07-10,0435,Aqua,MODIS,76,6.2,298.3,54.2,D,0
-15.7405,129.3321,318.9,2.8,1.6,2014-07-10,0435,Aqua,MODIS,64,6.2,304.7,37.4,D,0
-14.5715,141.9808,317.5,1.6,1.3,2014-07-10,0435,Aqua,MODIS,66,6.2,298.7,17.8,D,0
-16.2865,144.1336,318.6,2.2,1.4,2014-07-10,0435,Aqua,MODIS,69,6.2,297.7,36,D,0
-16.29,144.1139,321.9,2.2,1.4,2014-07-10,0435,Aqua,MODIS,74,6.2,299.3,45.7,D,0
-16.424,144.1732,326.8,2.2,1.4,2014-07-10,0435,Aqua,MODIS,73,6.2,300.7,53.8,D,0
-16.4215,144.1867,318.3,2.2,1.4,2014-07-10,0435,Aqua,MODIS,62,6.2,299.9,29.8,D,0
-16.3352,144.1482,316.1,2.2,1.4,2014-07-10,0435,Aqua,MODIS,63,6.2,299.5,25.5,D,0
-16.3379,144.1435,314.7,2.2,1.4,2014-07-10,0435,Aqua,MODIS,60,6.2,299.6,22.9,D,0
-16.3086,144.1591,325.4,2.2,1.4,2014-07-10,0435,Aqua,MODIS,64,6.2,298.7,52,D,0
-16.425,144.1663,319.6,2.2,1.4,2014-07-10,0435,Aqua,MODIS,67,6.2,300.7,33.2,D,0
-14.657,141.9566,322.1,1.6,1.3,2014-07-10,0435,Aqua,MODIS,75,6.2,302.2,23.8,D,0
-17.0505,138.2334,324,1,1,2014-07-10,0435,Aqua,MODIS,28,6.2,307.3,12.9,D,0
-17.0519,138.224,334.7,1,1,2014-07-10,0435,Aqua,MODIS,86,6.2,305.4,26.7,D,0
-17.0415,138.2319,344.8,1,1,2014-07-10,0435,Aqua,MODIS,92,6.2,307,42.2,D,0
-17.0428,138.2225,342.4,1,1,2014-07-10,0435,Aqua,MODIS,91,6.2,306.8,38.3,D,0
-17.0338,138.2211,366.4,1,1,2014-07-10,0435,Aqua,MODIS,100,6.2,307.5,97.1,D,0
-17.0352,138.2116,322.8,1,1,2014-07-10,0435,Aqua,MODIS,26,6.2,302.8,12,D,0
-17.0254,138.2131,319.1,1,1,2014-07-10,0435,Aqua,MODIS,68,6.2,300.5,10.2,D,0
-17.0324,138.2305,357.6,1,1,2014-07-10,0435,Aqua,MODIS,98,6.2,305.2,71,D,0
-16.8015,137.0144,317.4,1,1,2014-07-10,0435,Aqua,MODIS,35,6.2,305,5.9,D,0
-16.759,136.9886,317.1,1,1,2014-07-10,0435,Aqua,MODIS,43,6.2,305.7,5.4,D,0
-17.0417,139.5206,320.9,1.1,1,2014-07-10,0435,Aqua,MODIS,42,6.2,303.1,12.4,D,0
-16.9038,128.2841,314.3,3.5,1.8,2014-07-10,0435,Aqua,MODIS,49,6.2,304.1,31.8,D,0
-16.2029,127.7497,321.3,3.8,1.8,2014-07-10,0435,Aqua,MODIS,67,6.2,305,68.5,D,0
-16.1994,127.7858,329.4,3.8,1.8,2014-07-10,0435,Aqua,MODIS,80,6.2,306.8,135,D,0
-15.9173,128.6559,329.6,3.2,1.7,2014-07-10,0435,Aqua,MODIS,80,6.2,305.8,101,D,0
-15.9206,128.6519,323.7,3.2,1.7,2014-07-10,0435,Aqua,MODIS,73,6.2,305.3,68.1,D,0
-15.9175,128.6808,318.4,3.2,1.7,2014-07-10,0435,Aqua,MODIS,48,6.2,305.7,40.6,D,0
-16.2092,127.7832,324.8,3.8,1.8,2014-07-10,0435,Aqua,MODIS,71,6.2,304,95.7,D,0
-16.9622,144.8262,313.5,2.4,1.5,2014-07-10,0435,Aqua,MODIS,57,6.2,302,23.7,D,0
-15.8829,135.4041,326.8,1.1,1,2014-07-10,0435,Aqua,MODIS,74,6.2,305.2,15.7,D,0
-14.9997,144.1933,319.2,2.4,1.5,2014-07-10,0435,Aqua,MODIS,41,6.2,297.6,33.4,D,0
-15.5637,136.0766,359.9,1,1,2014-07-10,0435,Aqua,MODIS,99,6.2,310.7,76.9,D,0
-15.5624,136.0862,333.9,1,1,2014-07-10,0435,Aqua,MODIS,64,6.2,308.8,23.1,D,0
-16.2263,135.9991,317.3,1.1,1,2014-07-10,0435,Aqua,MODIS,42,6.2,307.1,6.4,D,0
-15.3142,142.7267,317,1.8,1.3,2014-07-10,0435,Aqua,MODIS,66,6.2,301.3,18.6,D,0
-15.3664,143.5239,313.3,2.1,1.4,2014-07-10,0435,Aqua,MODIS,46,6.2,298.8,15.8,D,0
-15.86,135.3953,329.8,1.1,1,2014-07-10,0435,Aqua,MODIS,45,6.2,307.1,18.3,D,0
-15.8748,135.3925,328.1,1.1,1,2014-07-10,0435,Aqua,MODIS,61,6.2,304.3,18.1,D,0
-15.2203,142.0325,318.2,1.6,1.3,2014-07-10,0435,Aqua,MODIS,68,6.2,302.5,14.4,D,0
-15.5533,136.0849,324.4,1,1,2014-07-10,0435,Aqua,MODIS,44,6.2,306.9,11,D,0
-16.3629,144.5208,311.2,2.3,1.5,2014-07-10,0435,Aqua,MODIS,42,6.2,297.6,21.1,D,0
-16.3107,144.3569,317.1,2.3,1.5,2014-07-10,0435,Aqua,MODIS,62,6.2,298,30.3,D,0
-15.1905,142.0733,315.2,1.6,1.3,2014-07-10,0435,Aqua,MODIS,57,6.2,301.5,10.4,D,0
-16.3248,136.4799,341.7,1,1,2014-07-10,0435,Aqua,MODIS,88,6.2,309.3,33.1,D,0
-15.3179,144.3391,312,2.4,1.5,2014-07-10,0435,Aqua,MODIS,51,6.2,297.4,17.8,D,0
-15.4287,142.2279,323.3,1.7,1.3,2014-07-10,0435,Aqua,MODIS,76,6.2,303.6,25.7,D,0
-15.317,142.7101,316.7,1.8,1.3,2014-07-10,0435,Aqua,MODIS,65,6.2,299.6,18,D,0
-15.5165,142.3295,330.7,1.7,1.3,2014-07-10,0435,Aqua,MODIS,83,6.2,302.1,41,D,0
-15.5664,136.0573,330.2,1,1,2014-07-10,0435,Aqua,MODIS,50,6.2,303.3,19.4,D,0
-16.2355,136.0005,319,1.1,1,2014-07-10,0435,Aqua,MODIS,60,6.2,308.5,8.1,D,0
-15.3698,143.505,320.4,2.1,1.4,2014-07-10,0435,Aqua,MODIS,72,6.2,297.7,32,D,0
-15.3666,143.5186,318.6,2.1,1.4,2014-07-10,0435,Aqua,MODIS,44,6.2,298.7,26.2,D,0
-15.454,135.5385,320.8,1.1,1,2014-07-10,0435,Aqua,MODIS,67,6.2,304.6,11.3,D,0
-15.3222,142.7166,326.6,1.8,1.3,2014-07-10,0435,Aqua,MODIS,79,6.2,301,42.6,D,0
-15.5651,136.067,343.8,1,1,2014-07-10,0435,Aqua,MODIS,87,6.2,307,40.1,D,0
-15.3672,143.4464,316.1,2,1.4,2014-07-10,0435,Aqua,MODIS,20,6.2,296.9,20,D,0
-16.3326,136.4908,330,1,1,2014-07-10,0435,Aqua,MODIS,73,6.2,309.5,17.4,D,0
-15.5573,136.056,325,1,1,2014-07-10,0435,Aqua,MODIS,44,6.2,303.3,13.7,D,0
-16.1616,136.129,322.8,1,1,2014-07-10,0435,Aqua,MODIS,55,6.2,308.9,10.3,D,0
-15.5279,142.3316,332,1.7,1.3,2014-07-10,0435,Aqua,MODIS,84,6.2,303.2,44.8,D,0
-15.8735,135.4027,336.9,1.1,1,2014-07-10,0435,Aqua,MODIS,85,6.2,307.4,30.3,D,0
-15.8654,135.3911,335,1.1,1,2014-07-10,0435,Aqua,MODIS,74,6.2,305.1,27.9,D,0
-16.3535,144.3438,313.1,2.3,1.5,2014-07-10,0435,Aqua,MODIS,14,6.2,299.2,18.6,D,0
-16.557,145.1488,311.9,2.6,1.5,2014-07-10,0435,Aqua,MODIS,41,6.2,298.1,26.1,D,0
-16.32,144.3803,326.3,2.3,1.5,2014-07-10,0435,Aqua,MODIS,73,6.2,298.8,60,D,0
-16.5655,145.1307,315.6,2.6,1.5,2014-07-10,0435,Aqua,MODIS,63,6.2,298.4,38.3,D,0
-15.0262,144.1983,316.7,2.4,1.5,2014-07-10,0435,Aqua,MODIS,14,6.2,297.3,25.9,D,0
-15.518,136.0698,320.9,1,1,2014-07-10,0435,Aqua,MODIS,49,6.2,306.7,8.5,D,0
-15.5454,136.0739,338.3,1,1,2014-07-10,0435,Aqua,MODIS,78,6.2,308.5,27.8,D,0
-15.2832,141.7151,317.4,1.5,1.2,2014-07-10,0435,Aqua,MODIS,59,6.2,302.8,13.6,D,0
-15.1447,133.9575,322,1.3,1.1,2014-07-10,0435,Aqua,MODIS,70,6.2,306.1,15.3,D,0
-16.3149,144.3528,324.3,2.3,1.5,2014-07-10,0435,Aqua,MODIS,40,6.2,298.7,49.7,D,0
-16.3275,144.3385,326.5,2.3,1.5,2014-07-10,0435,Aqua,MODIS,74,6.2,299.1,59.1,D,0
-15.8641,135.4014,331.1,1.1,1,2014-07-10,0435,Aqua,MODIS,52,6.2,307.7,19,D,0
-16.1524,136.1275,321.4,1,1,2014-07-10,0435,Aqua,MODIS,24,6.2,309.7,8.2,D,0
-15.5232,136.1,318.5,1,1,2014-07-10,0435,Aqua,MODIS,45,6.2,306.6,6.5,D,0
-16.5614,145.1245,313,2.6,1.5,2014-07-10,0435,Aqua,MODIS,52,6.2,297.6,27.6,D,0
-14.5374,144.2784,311.4,2.4,1.5,2014-07-10,0435,Aqua,MODIS,20,6.2,293.4,22.4,D,0
-15.5546,136.0752,328.2,1,1,2014-07-10,0435,Aqua,MODIS,49,6.2,308.2,14.8,D,0
-15.3323,143.4928,332.8,2.1,1.4,2014-07-10,0435,Aqua,MODIS,85,6.2,298.9,71.6,D,0
-15.4634,135.5398,317.5,1.1,1,2014-07-10,0435,Aqua,MODIS,53,6.2,305,7.3,D,0
-16.3261,136.4704,336.4,1,1,2014-07-10,0435,Aqua,MODIS,26,6.2,310.4,22.6,D,0
-15.8721,135.4131,378.8,1.1,1,2014-07-10,0435,Aqua,MODIS,100,6.2,314.8,154.6,D,0
-16.3145,144.3359,313.6,2.3,1.5,2014-07-10,0435,Aqua,MODIS,28,6.2,298.1,20.2,D,0
-15.4133,142.3202,321.2,1.7,1.3,2014-07-10,0435,Aqua,MODIS,73,6.2,302.7,22.6,D,0
-15.5193,136.0602,319.4,1,1,2014-07-10,0435,Aqua,MODIS,37,6.2,306.5,7.7,D,0
-13.4219,133.7482,323.4,1.3,1.1,2014-07-10,0436,Aqua,MODIS,69,6.2,304.5,16,D,0
-12.0362,133.9047,332.5,1.2,1.1,2014-07-10,0436,Aqua,MODIS,82,6.2,309.5,24.1,D,0
-12.8018,132.7361,336.1,1.4,1.2,2014-07-10,0436,Aqua,MODIS,85,6.2,308.5,46.9,D,0
-12.0155,133.8963,322.4,1.2,1.1,2014-07-10,0436,Aqua,MODIS,64,6.2,308.9,9.3,D,0
-12.8565,133.3159,319.7,1.3,1.1,2014-07-10,0436,Aqua,MODIS,59,6.2,304.4,12.5,D,0
-13.2838,134.2535,320.5,1.2,1.1,2014-07-10,0436,Aqua,MODIS,65,6.2,305.4,11,D,0
-13.1139,134.1517,319.1,1.2,1.1,2014-07-10,0436,Aqua,MODIS,61,6.2,307.1,7.8,D,0
-12.935,132.8715,327.6,1.4,1.2,2014-07-10,0436,Aqua,MODIS,11,6.2,308.6,19.8,D,0
-12.014,133.9071,320.2,1.2,1.1,2014-07-10,0436,Aqua,MODIS,52,6.2,307,6.7,D,0
-12.7226,134.832,320.8,1.1,1,2014-07-10,0436,Aqua,MODIS,67,6.2,304.5,10.2,D,0
-12.9294,132.8314,353.4,1.4,1.2,2014-07-10,0436,Aqua,MODIS,96,6.2,306.8,96.8,D,0
-12.4933,131.6664,331.5,1.7,1.3,2014-07-10,0436,Aqua,MODIS,82,6.2,299.7,51.3,D,0
-12.7742,134.4946,327.5,1.1,1.1,2014-07-10,0436,Aqua,MODIS,77,6.2,305.1,18.3,D,0
-12.94,132.8329,337.2,1.4,1.2,2014-07-10,0436,Aqua,MODIS,86,6.2,305.4,46.6,D,0
-12.5735,135.2983,325.7,1,1,2014-07-10,0436,Aqua,MODIS,51,6.2,304.7,13.7,D,0
-12.7687,134.4977,335,1.1,1.1,2014-07-10,0436,Aqua,MODIS,85,6.2,306.7,31.6,D,0
-12.0058,133.8949,337.6,1.2,1.1,2014-07-10,0436,Aqua,MODIS,86,6.2,308.5,34.1,D,0
-12.7592,134.4964,328,1.1,1.1,2014-07-10,0436,Aqua,MODIS,78,6.2,304.7,19.8,D,0
-12.7606,134.486,334.8,1.1,1.1,2014-07-10,0436,Aqua,MODIS,85,6.2,304.8,30.5,D,0
-12.7701,134.4874,324.3,1.1,1.1,2014-07-10,0436,Aqua,MODIS,73,6.2,304.1,15.3,D,0
-13.3527,133.8824,326,1.2,1.1,2014-07-10,0436,Aqua,MODIS,74,6.2,307.3,17.7,D,0
-11.9048,133.6624,355.6,1.2,1.1,2014-07-10,0436,Aqua,MODIS,97,6.2,305.7,88.4,D,0
-13.3818,133.9664,326.8,1.2,1.1,2014-07-10,0436,Aqua,MODIS,75,6.2,306.6,19,D,0
-12.903,134.2845,324.9,1.2,1.1,2014-07-10,0436,Aqua,MODIS,74,6.2,305.2,18,D,0
-13.22,133.8929,325.9,1.2,1.1,2014-07-10,0436,Aqua,MODIS,72,6.2,302.1,20.5,D,0
-13.261,133.8873,331.8,1.2,1.1,2014-07-10,0436,Aqua,MODIS,81,6.2,303.8,28.4,D,0
-13.2463,133.9984,319.1,1.2,1.1,2014-07-10,0436,Aqua,MODIS,50,6.2,307,8.4,D,0
-12.9311,132.8185,340.8,1.4,1.2,2014-07-10,0436,Aqua,MODIS,89,6.2,305.4,58,D,0
-12.5476,135.2987,325.7,1,1,2014-07-10,0436,Aqua,MODIS,60,6.2,306.6,11.1,D,0
-12.858,132.7635,320.4,1.4,1.2,2014-07-10,0436,Aqua,MODIS,59,6.2,306.2,13.2,D,0
-12.0445,133.9169,336.7,1.2,1.1,2014-07-10,0436,Aqua,MODIS,85,6.2,308.7,32.2,D,0
-12.4846,131.6604,366,1.7,1.3,2014-07-10,0436,Aqua,MODIS,100,6.2,303.4,204,D,0
-12.0987,134.2018,320,1.1,1.1,2014-07-10,0436,Aqua,MODIS,53,6.2,304.3,11.4,D,0
-12.431,134.3898,323.9,1.1,1.1,2014-07-10,0436,Aqua,MODIS,72,6.2,304.6,13.3,D,0
-12.0043,133.9058,332.1,1.2,1.1,2014-07-10,0436,Aqua,MODIS,82,6.2,307.2,24.3,D,0
-12.9383,132.8458,350.1,1.4,1.2,2014-07-10,0436,Aqua,MODIS,94,6.2,308.1,81.8,D,0
-13.3542,133.8713,341.4,1.2,1.1,2014-07-10,0436,Aqua,MODIS,89,6.2,307.3,47.7,D,0
-13.2177,133.8975,326.3,1.2,1.1,2014-07-10,0436,Aqua,MODIS,74,6.2,303.5,20.3,D,0
-12.2265,134.363,326.2,1.1,1.1,2014-07-10,0436,Aqua,MODIS,75,6.2,304.6,18.2,D,0
-13.0194,134.9293,317.9,1.1,1,2014-07-10,0436,Aqua,MODIS,61,6.2,304.8,7.7,D,0
-12.1711,142.2878,323.2,1.9,1.4,2014-07-10,0436,Aqua,MODIS,35,6.2,296.8,35.6,D,0
-12.5688,135.2136,350.1,1.1,1,2014-07-10,0436,Aqua,MODIS,95,6.2,307.3,54.6,D,0
-12.9561,132.8744,344.5,1.4,1.2,2014-07-10,0436,Aqua,MODIS,91,6.2,311.7,63.5,D,0
-11.9147,133.6638,325.1,1.2,1.1,2014-07-10,0436,Aqua,MODIS,74,6.2,303.1,19.6,D,0
-13.2295,133.9736,328.8,1.2,1.1,2014-07-10,0436,Aqua,MODIS,78,6.2,306.4,22.5,D,0
-13.2266,133.9958,317.4,1.2,1.1,2014-07-10,0436,Aqua,MODIS,18,6.2,305.4,6.4,D,0
-13.4157,134.7849,320.5,1.1,1.1,2014-07-10,0436,Aqua,MODIS,58,6.2,305.3,8.9,D,0
-13.3508,133.4398,318.2,1.3,1.1,2014-07-10,0436,Aqua,MODIS,54,6.2,306.2,10.2,D,0
-13.2397,133.8957,340.2,1.2,1.1,2014-07-10,0436,Aqua,MODIS,88,6.2,304.6,46.7,D,0
-12.2856,133.2558,318.5,1.3,1.1,2014-07-10,0436,Aqua,MODIS,60,6.2,306.5,8.5,D,0
-13.2724,134.3392,317,1.2,1.1,2014-07-10,0436,Aqua,MODIS,46,6.2,304.8,6.7,D,0
-12.5411,135.2782,328.1,1,1,2014-07-10,0436,Aqua,MODIS,79,6.2,307.3,13.9,D,0
-12.2356,133.9339,322,1.2,1.1,2014-07-10,0436,Aqua,MODIS,67,6.2,307.2,10.3,D,0
-13.3797,135.5883,346.9,1,1,2014-07-10,0436,Aqua,MODIS,93,6.2,304.2,51,D,0
-12.4391,134.4015,327.5,1.1,1.1,2014-07-10,0436,Aqua,MODIS,77,6.2,305.1,17.5,D,0
-11.9941,134.1483,316.4,1.1,1.1,2014-07-10,0436,Aqua,MODIS,30,6.2,300.3,8.3,D,0
-13.0207,134.9193,335.1,1.1,1,2014-07-10,0436,Aqua,MODIS,85,6.2,305.8,30.2,D,0
-11.9785,133.1827,325.5,1.3,1.1,2014-07-10,0436,Aqua,MODIS,75,6.2,307.7,18.2,D,0
-12.1683,133.5236,325.6,1.2,1.1,2014-07-10,0436,Aqua,MODIS,74,6.2,307.2,17.7,D,0
-13.4077,134.7733,325.2,1.1,1.1,2014-07-10,0436,Aqua,MODIS,75,6.2,305.6,15.2,D,0
-13.0467,133.9697,320.9,1.2,1.1,2014-07-10,0436,Aqua,MODIS,65,6.2,305.5,9.7,D,0
-12.805,133.9395,342.9,1.2,1.1,2014-07-10,0436,Aqua,MODIS,90,6.2,306.4,50.8,D,0
-12.4486,134.4029,328.5,1.1,1.1,2014-07-10,0436,Aqua,MODIS,78,6.2,306.2,19.2,D,0
-12.9577,132.8616,352.8,1.4,1.2,2014-07-10,0436,Aqua,MODIS,96,6.2,309.2,91.4,D,0
-12.0945,134.2332,319.4,1.1,1.1,2014-07-10,0436,Aqua,MODIS,60,6.2,303.4,9.7,D,0
-12.549,135.2891,328.8,1,1,2014-07-10,0436,Aqua,MODIS,80,6.2,307.5,14.7,D,0
-11.9921,134.0674,339.1,1.2,1.1,2014-07-10,0436,Aqua,MODIS,88,6.2,305.2,41,D,0
-12.2692,133.9054,318.8,1.2,1.1,2014-07-10,0436,Aqua,MODIS,33,6.2,305.7,7.9,D,0
-13.0481,133.9587,320.5,1.2,1.1,2014-07-10,0436,Aqua,MODIS,64,6.2,305.6,8.9,D,0
-13.3081,133.8364,319.6,1.2,1.1,2014-07-10,0436,Aqua,MODIS,60,6.2,306.6,10.4,D,0
-13.4006,135.572,338.9,1,1,2014-07-10,0436,Aqua,MODIS,88,6.2,305.4,34.3,D,0
-12.2238,134.0959,343.7,1.2,1.1,2014-07-10,0436,Aqua,MODIS,91,6.2,306.9,49,D,0
-13.4234,133.7367,326.6,1.3,1.1,2014-07-10,0436,Aqua,MODIS,75,6.2,305.1,20.6,D,0
-12.8036,133.9505,319.7,1.2,1.1,2014-07-10,0436,Aqua,MODIS,63,6.2,306.5,9.8,D,0
-12.5478,135.2302,341.9,1.1,1,2014-07-10,0436,Aqua,MODIS,90,6.2,306.5,38.7,D,0
-12.2224,134.1065,346.9,1.2,1.1,2014-07-10,0436,Aqua,MODIS,93,6.2,309,56.7,D,0
-12.7952,133.9382,328.1,1.2,1.1,2014-07-10,0436,Aqua,MODIS,78,6.2,306.8,21.6,D,0
-11.9132,133.6749,319.1,1.2,1.1,2014-07-10,0436,Aqua,MODIS,50,6.2,306,10.8,D,0
-12.9261,132.8572,329.8,1.4,1.2,2014-07-10,0436,Aqua,MODIS,35,6.2,308.7,23.5,D,0
-13.3901,135.5802,327.3,1,1,2014-07-10,0436,Aqua,MODIS,78,6.2,303.5,18.1,D,0
-13.2496,133.8971,353,1.2,1.1,2014-07-10,0436,Aqua,MODIS,96,6.2,305.9,80.4,D,0
-11.9033,133.6735,331,1.2,1.1,2014-07-10,0436,Aqua,MODIS,80,6.2,306.3,27,D,0
-12.0347,133.9155,341.7,1.2,1.1,2014-07-10,0436,Aqua,MODIS,89,6.2,307.6,43,D,0
-12.228,134.3526,324.4,1.1,1.1,2014-07-10,0436,Aqua,MODIS,72,6.2,306.8,16,D,0
-12.6865,134.8166,328.7,1.1,1,2014-07-10,0436,Aqua,MODIS,71,6.2,305.4,16.9,D,0
-12.6602,135.8087,317.3,1,1,2014-07-10,0436,Aqua,MODIS,63,6.2,303.3,7.9,D,0
-12.557,135.2315,326.7,1.1,1,2014-07-10,0436,Aqua,MODIS,38,6.2,304.9,13.5,D,0
-12.2428,134.4244,322.3,1.1,1.1,2014-07-10,0436,Aqua,MODIS,69,6.2,302.5,14.6,D,0
-13.3557,133.86,324.1,1.2,1.1,2014-07-10,0436,Aqua,MODIS,53,6.2,304.8,15,D,0
-13.2284,133.9055,333.7,1.2,1.1,2014-07-10,0436,Aqua,MODIS,78,6.2,304.3,30.8,D,0
-13.231,133.9624,319.2,1.2,1.1,2014-07-10,0436,Aqua,MODIS,60,6.2,304.5,9.5,D,0
-12.574,135.2438,327.9,1.1,1,2014-07-10,0436,Aqua,MODIS,68,6.2,304.2,14.5,D,0
-12.45,134.3925,332.3,1.1,1.1,2014-07-10,0436,Aqua,MODIS,82,6.2,305.7,24.9,D,0
-13.2185,133.9041,327.4,1.2,1.1,2014-07-10,0436,Aqua,MODIS,72,6.2,304,21.4,D,0
-13.1578,136.0614,318.5,1,1,2014-07-10,0436,Aqua,MODIS,66,6.2,301.6,9.3,D,0
-13.4321,134.2038,317.1,1.2,1.1,2014-07-10,0436,Aqua,MODIS,31,6.2,305.4,6.5,D,0
-13.2595,133.8985,335.7,1.2,1.1,2014-07-10,0436,Aqua,MODIS,85,6.2,304.6,36,D,0
-13.3783,135.5979,342,1,1,2014-07-10,0436,Aqua,MODIS,90,6.2,304.7,41.4,D,0
-13.2299,133.8943,334.1,1.2,1.1,2014-07-10,0436,Aqua,MODIS,82,6.2,302.9,33.4,D,0
-13.3066,133.8477,333.9,1.2,1.1,2014-07-10,0436,Aqua,MODIS,83,6.2,305.8,32.7,D,0
-13.4019,135.5624,328.8,1,1,2014-07-10,0436,Aqua,MODIS,57,6.2,304.1,19.1,D,0
-12.6902,135.6604,316.7,1,1,2014-07-10,0436,Aqua,MODIS,61,6.2,303.9,6.9,D,0
-11.9117,133.686,321.8,1.2,1.1,2014-07-10,0436,Aqua,MODIS,62,6.2,305.8,13.9,D,0
-12.6852,134.8266,325.2,1.1,1,2014-07-10,0436,Aqua,MODIS,43,6.2,303.7,13.1,D,0
-12.2609,133.8931,337.1,1.2,1.1,2014-07-10,0436,Aqua,MODIS,86,6.2,307.9,36.2,D,0
-12.6889,135.6698,325.7,1,1,2014-07-10,0436,Aqua,MODIS,77,6.2,306,16.1,D,0
-12.4405,134.3912,349.3,1.1,1.1,2014-07-10,0436,Aqua,MODIS,94,6.2,308.4,59.5,D,0
-13.3572,133.8487,329.6,1.2,1.1,2014-07-10,0436,Aqua,MODIS,79,6.2,305.5,25,D,0
-12.4419,134.3809,341.5,1.1,1.1,2014-07-10,0436,Aqua,MODIS,89,6.2,307,41,D,0
-11.9855,133.2077,328,1.3,1.1,2014-07-10,0436,Aqua,MODIS,66,6.2,307.8,19.8,D,0
-12.0973,134.2123,321.6,1.1,1.1,2014-07-10,0436,Aqua,MODIS,66,6.2,305,12.8,D,0
-12.6945,134.8279,325,1.1,1,2014-07-10,0436,Aqua,MODIS,66,6.2,304.8,14,D,0
-11.9776,133.9568,340.8,1.2,1.1,2014-07-10,0436,Aqua,MODIS,89,6.2,304.8,42.3,D,0
-12.6959,134.8179,322.2,1.1,1,2014-07-10,0436,Aqua,MODIS,50,6.2,307.5,9.5,D,0
-11.9762,133.9675,321.6,1.2,1.1,2014-07-10,0436,Aqua,MODIS,58,6.2,307,10,D,0
-12.2707,133.8945,330.6,1.2,1.1,2014-07-10,0436,Aqua,MODIS,80,6.2,305.6,25,D,0
-12.1668,133.5282,324.1,1.2,1.1,2014-07-10,0436,Aqua,MODIS,67,6.2,307,15.2,D,0
-13.3888,135.5897,328.2,1,1,2014-07-10,0436,Aqua,MODIS,79,6.2,304.4,19.6,D,0
-12.0409,134.0905,317.4,1.2,1.1,2014-07-10,0436,Aqua,MODIS,49,6.2,302,8.1,D,0
-12.4731,131.6589,348.2,1.7,1.3,2014-07-10,0436,Aqua,MODIS,94,6.2,299.8,108,D,0
-13.3671,133.8501,323.3,1.2,1.1,2014-07-10,0436,Aqua,MODIS,70,6.2,304.5,15.3,D,0
-11.9936,134.0568,318.9,1.2,1.1,2014-07-10,0436,Aqua,MODIS,33,6.2,302.5,9.4,D,0
-12.8035,132.7231,328.3,1.4,1.2,2014-07-10,0436,Aqua,MODIS,77,6.2,304.5,30.5,D,0
-13.4221,133.7418,326.2,1.3,1.1,2014-07-10,0436,Aqua,MODIS,74,6.2,304.8,19.7,D,0
-12.8505,132.4784,316.7,1.5,1.2,2014-07-10,0436,Aqua,MODIS,31,6.2,303.6,9.5,D,0
-13.0823,134.8875,326.9,1.1,1,2014-07-10,0436,Aqua,MODIS,47,6.2,308.9,14.1,D,0
-11.9839,134.0554,327.6,1.2,1.1,2014-07-10,0436,Aqua,MODIS,70,6.2,304,20.2,D,0
-11.9839,133.2195,326.2,1.3,1.1,2014-07-10,0436,Aqua,MODIS,69,6.2,308.5,17.4,D,0
-12.0459,133.9061,324,1.2,1.1,2014-07-10,0436,Aqua,MODIS,66,6.2,310.1,10.7,D,0
-13.4206,133.7533,319.6,1.3,1.1,2014-07-10,0436,Aqua,MODIS,16,6.2,304.2,10.8,D,0
-11.9907,134.078,321.5,1.2,1.1,2014-07-10,0436,Aqua,MODIS,46,6.2,305.5,11.4,D,0
-13.3656,133.8613,332.9,1.2,1.1,2014-07-10,0436,Aqua,MODIS,82,6.2,306.1,29.6,D,0
-12.4826,131.6757,326.9,1.7,1.3,2014-07-10,0436,Aqua,MODIS,53,6.2,299.3,35,D,0
-13.9048,130.414,323.3,2.2,1.4,2014-07-10,0436,Aqua,MODIS,70,6.2,308.2,25.1,D,0
-15.1491,130.9979,321,2.1,1.4,2014-07-10,0436,Aqua,MODIS,29,6.2,305.3,21.2,D,0
-14.2336,127.0742,322.5,4,1.9,2014-07-10,0436,Aqua,MODIS,65,6.2,302.3,88.8,D,0
-14.5897,130.2106,325.1,2.3,1.5,2014-07-10,0436,Aqua,MODIS,73,6.2,305.3,47,D,0
-13.8235,130.1042,324.1,2.3,1.5,2014-07-10,0436,Aqua,MODIS,71,6.2,304.4,43,D,0
-14.5932,130.2037,320.6,2.3,1.5,2014-07-10,0436,Aqua,MODIS,58,6.2,304.4,31.4,D,0
-15.1683,130.9421,318,2.1,1.4,2014-07-10,0436,Aqua,MODIS,57,6.2,306.8,16.6,D,0
-15.4416,127.7545,326.5,3.7,1.8,2014-07-10,0436,Aqua,MODIS,77,6.2,305.2,104.8,D,0
-15.1463,131.0115,327.9,2.1,1.4,2014-07-10,0436,Aqua,MODIS,56,6.2,307,39,D,0
-15.1469,131.0168,325.6,2.1,1.4,2014-07-10,0436,Aqua,MODIS,67,6.2,307.6,35.6,D,0
-14.2503,127.0763,317.2,4,1.9,2014-07-10,0436,Aqua,MODIS,29,6.2,301.6,54,D,0
-13.821,130.1252,336.4,2.3,1.5,2014-07-10,0436,Aqua,MODIS,85,6.2,305.2,93.7,D,0
-12.3216,134.7298,323.6,1.1,1,2014-07-10,0436,Aqua,MODIS,72,6.2,306,15.2,D,0
-12.0285,132.6361,344.7,1.4,1.2,2014-07-10,0436,Aqua,MODIS,69,6.2,303.5,69.2,D,0
-11.9932,132.7812,319.5,1.4,1.2,2014-07-10,0436,Aqua,MODIS,65,6.2,303.8,13.5,D,0
-12.0268,132.649,333.7,1.4,1.2,2014-07-10,0436,Aqua,MODIS,78,6.2,304.4,39.3,D,0
-13.9427,133.9725,323.3,1.2,1.1,2014-07-10,0436,Aqua,MODIS,44,6.2,307.3,12.5,D,0
-13.7934,133.7883,328.9,1.3,1.1,2014-07-10,0436,Aqua,MODIS,38,6.2,304.6,22.2,D,0
-13.8094,133.7433,328.1,1.3,1.1,2014-07-10,0436,Aqua,MODIS,58,6.2,301.5,24.5,D,0
-13.5197,132.0535,328.3,1.6,1.3,2014-07-10,0436,Aqua,MODIS,75,6.2,308.1,31,D,0
-14.0632,133.4376,323.2,1.3,1.1,2014-07-10,0436,Aqua,MODIS,69,6.2,306.7,16.9,D,0
-14.0908,133.4663,318.4,1.3,1.1,2014-07-10,0436,Aqua,MODIS,20,6.2,305.3,7.7,D,0
-14.0892,133.4787,320.3,1.3,1.1,2014-07-10,0436,Aqua,MODIS,54,6.2,305.5,11.3,D,0
-14.1156,133.4126,324.8,1.3,1.1,2014-07-10,0436,Aqua,MODIS,72,6.2,308.3,17.5,D,0
-14.1165,133.4879,322.4,1.3,1.1,2014-07-10,0436,Aqua,MODIS,39,6.2,306.9,13.1,D,0
-13.8079,133.7549,335.9,1.3,1.1,2014-07-10,0436,Aqua,MODIS,75,6.2,305.1,37.9,D,0
-13.8718,133.8866,339.4,1.2,1.1,2014-07-10,0436,Aqua,MODIS,88,6.2,306.9,44.3,D,0
-13.8164,133.7679,333.2,1.3,1.1,2014-07-10,0436,Aqua,MODIS,54,6.2,302.2,31.6,D,0
-12.9683,132.8629,331.8,1.4,1.2,2014-07-10,0436,Aqua,MODIS,81,6.2,306.6,33.9,D,0
-12.9666,132.876,349.1,1.4,1.2,2014-07-10,0436,Aqua,MODIS,94,6.2,310.1,81.5,D,0
-13.5527,131.6982,336.4,1.7,1.3,2014-07-10,0436,Aqua,MODIS,85,6.2,304.8,57.6,D,0
-13.8235,133.7924,350.1,1.3,1.1,2014-07-10,0436,Aqua,MODIS,95,6.2,305.2,70.4,D,0
-13.8335,133.7937,329.9,1.3,1.1,2014-07-10,0436,Aqua,MODIS,72,6.2,302.4,25.8,D,0
-13.5508,131.7138,333.6,1.7,1.3,2014-07-10,0436,Aqua,MODIS,83,6.2,305.8,48.8,D,0
-13.5829,134.226,321,1.2,1.1,2014-07-10,0436,Aqua,MODIS,44,6.2,306.3,10.5,D,0
-13.0413,132.7607,324.5,1.4,1.2,2014-07-10,0436,Aqua,MODIS,69,6.2,307.9,18.3,D,0
-12.3919,135.8169,316.6,1,1,2014-07-10,0436,Aqua,MODIS,60,6.2,303.2,6.9,D,0
-13.5463,134.1809,328.9,1.2,1.1,2014-07-10,0436,Aqua,MODIS,79,6.2,306.9,22.4,D,0
-13.9522,130.6653,320.5,2.1,1.4,2014-07-10,0436,Aqua,MODIS,54,6.2,305.9,22.2,D,0
-13.6622,132.0999,328.8,1.6,1.3,2014-07-10,0436,Aqua,MODIS,78,6.2,307.3,31.2,D,0
-13.5648,133.9698,320,1.2,1.1,2014-07-10,0436,Aqua,MODIS,51,6.2,304.7,11.1,D,0
-12.2162,134.9703,324.4,1.1,1,2014-07-10,0436,Aqua,MODIS,66,6.2,305,14.1,D,0
-13.5549,133.9684,342.2,1.2,1.1,2014-07-10,0436,Aqua,MODIS,90,6.2,308.3,49.3,D,0
-13.5564,133.9572,405.6,1.2,1.1,2014-07-10,0436,Aqua,MODIS,100,6.2,317.3,374.3,D,0
-13.5466,133.9558,337.8,1.2,1.1,2014-07-10,0436,Aqua,MODIS,87,6.2,305.7,40.3,D,0
-13.5579,133.946,361.5,1.2,1.1,2014-07-10,0436,Aqua,MODIS,100,6.2,306.6,109.5,D,0
-13.5178,132.0684,322.5,1.6,1.3,2014-07-10,0436,Aqua,MODIS,45,6.2,307.2,16.7,D,0
-13.8004,133.8128,323.7,1.3,1.1,2014-07-10,0436,Aqua,MODIS,62,6.2,304.9,14.4,D,0
-13.7989,133.8243,337.8,1.3,1.1,2014-07-10,0436,Aqua,MODIS,87,6.2,305.2,40.2,D,0
-13.8089,133.8257,330.7,1.3,1.1,2014-07-10,0436,Aqua,MODIS,79,6.2,305.6,23.5,D,0
-13.8074,133.8372,332.9,1.3,1.1,2014-07-10,0436,Aqua,MODIS,82,6.2,306.2,28,D,0
-13.8059,133.8487,358.4,1.2,1.1,2014-07-10,0436,Aqua,MODIS,99,6.2,309.4,97.4,D,0
-13.8044,133.8602,345.7,1.2,1.1,2014-07-10,0436,Aqua,MODIS,92,6.2,308.1,57.8,D,0
-13.8219,133.804,363.1,1.3,1.1,2014-07-10,0436,Aqua,MODIS,100,6.2,309.6,114.8,D,0
-13.8159,133.8501,319.1,1.2,1.1,2014-07-10,0436,Aqua,MODIS,57,6.2,306.2,6.9,D,0
-13.8144,133.8616,329.9,1.2,1.1,2014-07-10,0436,Aqua,MODIS,79,6.2,308,23.3,D,0
-13.8319,133.8053,366.1,1.3,1.1,2014-07-10,0436,Aqua,MODIS,100,6.2,309.5,130.6,D,0
-13.8404,133.8183,330.1,1.3,1.1,2014-07-10,0436,Aqua,MODIS,79,6.2,304.5,26.2,D,0
-13.8389,133.8298,330.9,1.3,1.1,2014-07-10,0436,Aqua,MODIS,79,6.2,306.6,26.4,D,0
-13.8374,133.8414,332.4,1.3,1.1,2014-07-10,0436,Aqua,MODIS,82,6.2,306.3,29,D,0
-13.8398,133.9,321.1,1.2,1.1,2014-07-10,0436,Aqua,MODIS,65,6.2,306.6,8.2,D,0
-13.5448,134.1918,317.1,1.2,1.1,2014-07-10,0436,Aqua,MODIS,40,6.2,305.7,6.6,D,0
-13.557,132.5597,321.7,1.5,1.2,2014-07-10,0436,Aqua,MODIS,63,6.2,305,15.6,D,0
-13.0536,132.7491,325.9,1.4,1.2,2014-07-10,0436,Aqua,MODIS,73,6.2,307.5,22.2,D,0
-13.5103,132.037,349.6,1.6,1.3,2014-07-10,0436,Aqua,MODIS,94,6.2,307,100.9,D,0
-13.7592,133.9631,320.6,1.2,1.1,2014-07-10,0436,Aqua,MODIS,34,6.2,307.7,8.4,D,0
-13.5312,133.6864,338.5,1.3,1.1,2014-07-10,0436,Aqua,MODIS,87,6.2,307.6,43.8,D,0
-14.1992,133.3355,320.7,1.4,1.2,2014-07-10,0436,Aqua,MODIS,31,6.2,306.1,11.1,D,0
-11.9895,132.7735,331.5,1.4,1.2,2014-07-10,0436,Aqua,MODIS,82,6.2,304.8,34,D,0
-12.9769,130.9871,323.4,1.9,1.4,2014-07-10,0436,Aqua,MODIS,70,6.2,300.5,28.1,D,0
-14.1768,133.3451,325.6,1.4,1.2,2014-07-10,0436,Aqua,MODIS,68,6.2,307.5,18.6,D,0
-11.9949,132.7686,325.7,1.4,1.2,2014-07-10,0436,Aqua,MODIS,76,6.2,304.6,23.3,D,0
-13.9279,133.9983,320.1,1.2,1.1,2014-07-10,0436,Aqua,MODIS,53,6.2,307.1,8.9,D,0
-13.9662,134.3262,324.9,1.2,1.1,2014-07-10,0436,Aqua,MODIS,60,6.2,308.7,13.1,D,0
-13.7974,133.8358,327.8,1.3,1.1,2014-07-10,0436,Aqua,MODIS,75,6.2,305.4,19.9,D,0
-13.4151,131.9719,323.6,1.6,1.3,2014-07-10,0436,Aqua,MODIS,53,6.2,308.6,17.9,D,0
-14.1171,133.4002,337.9,1.3,1.1,2014-07-10,0436,Aqua,MODIS,87,6.2,308.1,45.4,D,0
-13.9647,134.337,323.7,1.2,1.1,2014-07-10,0436,Aqua,MODIS,57,6.2,307.3,12,D,0
-13.562,134.234,319.7,1.2,1.1,2014-07-10,0436,Aqua,MODIS,44,6.2,306.4,8.4,D,0
-13.7182,133.9688,328.8,1.2,1.1,2014-07-10,0436,Aqua,MODIS,70,6.2,308.6,20.2,D,0
-12.2224,132.635,330.9,1.4,1.2,2014-07-10,0436,Aqua,MODIS,81,6.2,305.6,31.8,D,0
-13.4448,134.1834,316.9,1.2,1.1,2014-07-10,0436,Aqua,MODIS,28,6.2,305,6,D,0
-13.4433,134.1943,318,1.2,1.1,2014-07-10,0436,Aqua,MODIS,36,6.2,305.2,7.3,D,0
-14.002,136.4664,317,1,1,2014-07-10,0436,Aqua,MODIS,60,6.2,302.6,7.9,D,0
-13.9508,133.8272,321.8,1.3,1.1,2014-07-10,0436,Aqua,MODIS,56,6.2,309.8,10.9,D,0
-13.8484,131.8029,331.1,1.7,1.3,2014-07-10,0436,Aqua,MODIS,80,6.2,305.8,42.4,D,0
-13.7083,133.9674,327.4,1.2,1.1,2014-07-10,0436,Aqua,MODIS,64,6.2,308.8,18,D,0
-13.9294,133.9871,326.6,1.2,1.1,2014-07-10,0436,Aqua,MODIS,73,6.2,307.2,16.7,D,0
-13.8455,131.8092,340,1.7,1.3,2014-07-10,0436,Aqua,MODIS,83,6.2,307.2,71.1,D,0
-13.6515,131.5369,345,1.8,1.3,2014-07-10,0436,Aqua,MODIS,91,6.2,303.6,99.1,D,0
-13.6984,133.9661,333,1.2,1.1,2014-07-10,0436,Aqua,MODIS,82,6.2,308.9,27.3,D,0
-13.6969,133.9774,322.9,1.2,1.1,2014-07-10,0436,Aqua,MODIS,24,6.2,305.8,11.2,D,0
-13.8464,131.8187,327.9,1.7,1.3,2014-07-10,0436,Aqua,MODIS,76,6.2,306.1,32.6,D,0
-13.9618,133.8236,321.1,1.3,1.1,2014-07-10,0436,Aqua,MODIS,54,6.2,305.4,11.8,D,0
-13.9592,133.8401,331.6,1.3,1.1,2014-07-10,0436,Aqua,MODIS,81,6.2,307.7,26.6,D,0
-13.9608,133.8286,333,1.3,1.1,2014-07-10,0436,Aqua,MODIS,82,6.2,307.1,29.5,D,0
-13.5478,134.17,327.7,1.2,1.1,2014-07-10,0436,Aqua,MODIS,77,6.2,307.6,21.1,D,0
-12.3229,134.7198,318.2,1.1,1,2014-07-10,0436,Aqua,MODIS,61,6.2,307.5,9.1,D,0
-12.0374,132.6504,323.4,1.4,1.2,2014-07-10,0436,Aqua,MODIS,58,6.2,304.4,18.5,D,0
-12.0252,132.6618,327.9,1.4,1.2,2014-07-10,0436,Aqua,MODIS,63,6.2,304.7,27.5,D,0
-13.6633,131.5385,326.9,1.8,1.3,2014-07-10,0436,Aqua,MODIS,75,6.2,301.1,36,D,0
-13.5084,132.052,357.8,1.6,1.3,2014-07-10,0436,Aqua,MODIS,98,6.2,310.5,139.1,D,0
-15.0042,130.6829,331.8,2.2,1.4,2014-07-10,0436,Aqua,MODIS,82,6.2,308.6,54.3,D,0
-14.0936,130.7924,321.4,2.1,1.4,2014-07-10,0436,Aqua,MODIS,66,6.2,306.8,23.1,D,0
-13.6495,131.5533,337.1,1.8,1.3,2014-07-10,0436,Aqua,MODIS,86,6.2,306.2,65.7,D,0
-13.6613,131.555,348.6,1.8,1.3,2014-07-10,0436,Aqua,MODIS,94,6.2,306,113.4,D,0
-13.6592,131.5712,327.1,1.8,1.3,2014-07-10,0436,Aqua,MODIS,75,6.2,305.8,32.4,D,0
-15.0051,130.6677,323.6,2.2,1.4,2014-07-10,0436,Aqua,MODIS,72,6.2,307.7,26.1,D,0
-13.8643,133.8684,327.7,1.2,1.1,2014-07-10,0436,Aqua,MODIS,77,6.2,306,21.5,D,0
-13.8627,133.8799,343.6,1.2,1.1,2014-07-10,0436,Aqua,MODIS,91,6.2,310.2,52.7,D,0
-13.9603,133.8352,345.8,1.3,1.1,2014-07-10,0436,Aqua,MODIS,92,6.2,308.5,60.5,D,0
-15.0028,130.6878,332.2,2.2,1.4,2014-07-10,0436,Aqua,MODIS,82,6.2,308.6,57.6,D,0
-13.7785,133.7441,321,1.3,1.1,2014-07-10,0436,Aqua,MODIS,44,6.2,303.5,13.2,D,0
-12.0714,134.7571,316.5,1.1,1,2014-07-10,0436,Aqua,MODIS,41,6.2,302.1,8.1,D,0
-14.0965,130.6574,324.7,2.1,1.4,2014-07-10,0436,Aqua,MODIS,73,6.2,305.1,33.9,D,0
-12.0807,134.7585,331.8,1.1,1,2014-07-10,0436,Aqua,MODIS,81,6.2,302.8,25.4,D,0
-13.4795,133.6971,320.5,1.3,1.1,2014-07-10,0436,Aqua,MODIS,63,6.2,305.3,12.6,D,0
-13.8009,133.7302,331.9,1.3,1.1,2014-07-10,0436,Aqua,MODIS,81,6.2,301.7,32.2,D,0
-14.4726,132.6647,320.2,1.5,1.2,2014-07-10,0436,Aqua,MODIS,21,6.2,307,10.8,D,0
-12.0121,132.7637,320.2,1.4,1.2,2014-07-10,0436,Aqua,MODIS,62,6.2,302.4,13.5,D,0
-14.4687,132.6717,325.8,1.5,1.2,2014-07-10,0436,Aqua,MODIS,74,6.2,307.6,22.7,D,0
-13.8633,133.8737,345.5,1.2,1.1,2014-07-10,0436,Aqua,MODIS,92,6.2,308,59.7,D,0
-13.8618,133.8852,330.8,1.2,1.1,2014-07-10,0436,Aqua,MODIS,80,6.2,309.3,26.3,D,0
-13.8733,133.8751,326.9,1.2,1.1,2014-07-10,0436,Aqua,MODIS,76,6.2,304,21.2,D,0
-13.673,131.5566,334.3,1.8,1.3,2014-07-10,0436,Aqua,MODIS,83,6.2,303.9,56.6,D,0
-13.7994,133.7419,389.9,1.3,1.1,2014-07-10,0436,Aqua,MODIS,100,6.2,311.5,266.1,D,0
-13.9498,130.685,322.5,2.1,1.4,2014-07-10,0436,Aqua,MODIS,68,6.2,305.9,30.1,D,0
-13.7979,133.7535,339.8,1.3,1.1,2014-07-10,0436,Aqua,MODIS,85,6.2,305.6,45.3,D,0
-13.5406,134.0007,321.4,1.2,1.1,2014-07-10,0436,Aqua,MODIS,62,6.2,305.7,12.1,D,0
-14.4973,132.8228,331.1,1.5,1.2,2014-07-10,0436,Aqua,MODIS,80,6.2,308.7,34.2,D,0
-14.499,132.809,330.8,1.5,1.2,2014-07-10,0436,Aqua,MODIS,80,6.2,307.4,33.6,D,0
-12.807,134.8202,327.1,1.1,1,2014-07-10,0436,Aqua,MODIS,77,6.2,308.2,17.3,D,0
-12.8084,134.8102,329.9,1.1,1,2014-07-10,0436,Aqua,MODIS,80,6.2,307.2,21.2,D,0
-13.2236,142.6741,320.6,2,1.4,2014-07-10,0436,Aqua,MODIS,71,6.2,294.9,34.8,D,0
-14.4612,132.5556,324.1,1.5,1.2,2014-07-10,0436,Aqua,MODIS,48,6.2,306.6,18.4,D,0
-14.452,132.5397,336.4,1.5,1.2,2014-07-10,0436,Aqua,MODIS,85,6.2,308.8,49.8,D,0
-14.4538,132.5252,330.2,1.6,1.2,2014-07-10,0436,Aqua,MODIS,75,6.2,306.5,34.1,D,0
-14.4882,132.8076,331.9,1.5,1.2,2014-07-10,0436,Aqua,MODIS,81,6.2,306.2,37.9,D,0
-13.2316,134.1086,319.7,1.2,1.1,2014-07-10,0436,Aqua,MODIS,58,6.2,305.8,9.4,D,0
-14.4709,132.6788,324.8,1.5,1.2,2014-07-10,0436,Aqua,MODIS,63,6.2,308.2,19,D,0
-12.2241,132.622,336.1,1.4,1.2,2014-07-10,0436,Aqua,MODIS,86,6.2,302.8,45.8,D,0
-12.5155,132.7461,327.1,1.4,1.2,2014-07-10,0436,Aqua,MODIS,76,6.2,304.7,24.2,D,0
-14.4324,132.6953,321.8,1.5,1.2,2014-07-10,0436,Aqua,MODIS,63,6.2,306,15.1,D,0
-14.4306,132.7093,321.2,1.5,1.2,2014-07-10,0436,Aqua,MODIS,43,6.2,307.2,12.7,D,0
-13.2302,134.1194,323.3,1.2,1.1,2014-07-10,0436,Aqua,MODIS,70,6.2,307.2,13.9,D,0
-13.5327,133.6748,328,1.3,1.1,2014-07-10,0436,Aqua,MODIS,77,6.2,307.2,23.1,D,0
-13.4684,135.5388,315.7,1,1,2014-07-10,0436,Aqua,MODIS,20,6.2,302.8,6.4,D,0
-11.6636,132.8693,318.8,1.3,1.1,2014-07-10,0436,Aqua,MODIS,54,6.2,305.7,9.3,D,0
-12.7025,133.8748,320.5,1.2,1.1,2014-07-10,0436,Aqua,MODIS,65,6.2,306.5,11.2,D,0
-12.7777,131.1252,318.5,1.9,1.3,2014-07-10,0436,Aqua,MODIS,46,6.2,300.1,15.6,D,0
-13.3777,130.5722,351.1,2.1,1.4,2014-07-10,0436,Aqua,MODIS,95,6.2,308.6,150.6,D,0
-14.1927,130.6181,318.8,2.1,1.4,2014-07-10,0436,Aqua,MODIS,60,6.2,304.4,21.3,D,0
-13.3777,130.5773,327.4,2.1,1.4,2014-07-10,0436,Aqua,MODIS,65,6.2,307.7,40.2,D,0
-13.3191,130.5255,326.5,2.1,1.4,2014-07-10,0436,Aqua,MODIS,48,6.2,306,39.5,D,0
-14.1904,130.638,316.5,2.1,1.4,2014-07-10,0436,Aqua,MODIS,40,6.2,304,14.2,D,0
-13.3825,130.5336,351.5,2.1,1.4,2014-07-10,0436,Aqua,MODIS,95,6.2,307.1,152.7,D,0
-13.38,130.558,408,2.1,1.4,2014-07-10,0436,Aqua,MODIS,100,6.2,315.3,861,D,0
-13.3823,130.5387,381.6,2.1,1.4,2014-07-10,0436,Aqua,MODIS,100,6.2,309.8,436.2,D,0
-13.3801,130.5529,397.6,2.1,1.4,2014-07-10,0436,Aqua,MODIS,100,6.2,315.7,664.9,D,0
-13.3294,130.5465,331.1,2.1,1.4,2014-07-10,0436,Aqua,MODIS,72,6.2,307.4,52.5,D,0
-11.3032,132.2983,327.7,1.5,1.2,2014-07-10,0437,Aqua,MODIS,81,6.2,302.9,25.6,D,0
-11.2942,132.2836,327,1.5,1.2,2014-07-10,0437,Aqua,MODIS,80,6.2,302.4,24.6,D,0
-11.2925,132.2968,322.1,1.5,1.2,2014-07-10,0437,Aqua,MODIS,64,6.2,302.5,15.7,D,0
-11.3003,131.895,324.9,1.6,1.2,2014-07-10,0437,Aqua,MODIS,0,6.2,297.6,27,D,0
-11.2804,131.9429,321.7,1.5,1.2,2014-07-10,0437,Aqua,MODIS,58,6.2,302.1,20.6,D,0
-11.2985,131.9091,339.4,1.5,1.2,2014-07-10,0437,Aqua,MODIS,78,6.2,300.5,62.2,D,0
-11.2822,131.9497,319.9,1.5,1.2,2014-07-10,0437,Aqua,MODIS,41,6.2,301.2,16.1,D,0
-11.3809,131.3494,321.2,1.7,1.3,2014-07-10,0437,Aqua,MODIS,69,6.2,300.1,25,D,0
-11.2993,131.2681,313.3,1.7,1.3,2014-07-10,0437,Aqua,MODIS,12,6.2,298,9.5,D,0
-11.2664,131.2746,312.8,1.7,1.3,2014-07-10,0437,Aqua,MODIS,31,6.2,297.3,9.5,D,0
-11.2877,131.2665,318,1.7,1.3,2014-07-10,0437,Aqua,MODIS,69,6.2,298,17.7,D,0
-11.4522,131.4112,320.6,1.7,1.3,2014-07-10,0437,Aqua,MODIS,45,6.2,299.9,21.6,D,0
-11.4618,131.4279,319.7,1.7,1.3,2014-07-10,0437,Aqua,MODIS,42,6.2,299.8,20,D,0
-32.6684,117.4998,316.3,1,1,2014-07-10,0609,Aqua,MODIS,77,6.2,288.7,15.2,D,0
-32.4749,116.0294,300.3,1,1,2014-07-10,0609,Aqua,MODIS,34,6.2,283.4,4.7,D,0
-29.9816,115.4705,305.6,1,1,2014-07-10,0610,Aqua,MODIS,62,6.2,291.3,6.1,D,0
-31.4899,115.718,314.5,1,1,2014-07-10,0610,Aqua,MODIS,75,6.2,290.7,12.9,D,0
-21.9749,123.0396,316.3,3.1,1.7,2014-07-10,0612,Aqua,MODIS,68,6.2,299.4,44.5,D,0
-21.9689,123.0692,318,3.1,1.7,2014-07-10,0612,Aqua,MODIS,70,6.2,300.6,52,D,0
-21.9867,123.0473,319.4,3.1,1.7,2014-07-10,0612,Aqua,MODIS,36,6.2,299.7,51,D,0
-22.8522,122.6538,309.6,2.8,1.6,2014-07-10,0612,Aqua,MODIS,49,6.2,296.8,24.1,D,0
-21.7287,118.6367,317.9,1.5,1.2,2014-07-10,0612,Aqua,MODIS,67,6.2,303.8,15.5,D,0
-20.7847,119.7157,319.9,1.9,1.3,2014-07-10,0612,Aqua,MODIS,53,6.2,306.2,21.8,D,0
-20.788,119.6978,330.7,1.9,1.3,2014-07-10,0612,Aqua,MODIS,82,6.2,304.8,52.9,D,0
-20.776,119.6954,316.5,1.9,1.3,2014-07-10,0612,Aqua,MODIS,16,6.2,303.3,14.8,D,0
-20.7815,119.7094,327.8,1.9,1.3,2014-07-10,0612,Aqua,MODIS,79,6.2,306.3,44.2,D,0
-20.7846,119.6915,327,1.9,1.3,2014-07-10,0612,Aqua,MODIS,78,6.2,303.3,42.2,D,0
-18.0929,122.5318,325.9,3.4,1.7,2014-07-10,0613,Aqua,MODIS,79,6.2,303.4,105.3,D,0
-18.0867,122.5638,330.2,3.5,1.8,2014-07-10,0613,Aqua,MODIS,83,6.2,303,136.8,D,0
-31.5933,152.8101,306.4,1.6,1.2,2014-07-10,1217,Terra,MODIS,68,6.2,283.2,20.7,N,0
-31.5932,152.8209,310.1,1.6,1.2,2014-07-10,1217,Terra,MODIS,35,6.2,283.2,22.5,N,0
-29.8212,153.1241,302.7,1.5,1.2,2014-07-10,1218,Terra,MODIS,51,6.2,281.6,13.7,N,0
-29.8027,152.2372,302.1,1.7,1.3,2014-07-10,1218,Terra,MODIS,46,6.2,278.7,17.6,N,0
-22.7296,131.1555,317.7,1,1,2014-07-10,1358,Terra,MODIS,96,6.2,280.3,20.1,N,0
-15.5318,129.4074,304.7,1,1,2014-07-10,1400,Terra,MODIS,61,6.2,292.9,5.7,N,0
-18.0615,122.546,302.6,2.6,1.6,2014-07-10,1400,Terra,MODIS,50,6.2,286.9,28.6,N,0
-18.0566,122.5388,300.2,2.6,1.6,2014-07-10,1400,Terra,MODIS,22,6.2,286.7,24.2,N,0
-16.2041,127.7988,300.5,1.1,1,2014-07-10,1400,Terra,MODIS,28,6.2,288.8,5.5,N,0
-15.7362,129.3276,303.4,1,1,2014-07-10,1400,Terra,MODIS,55,6.2,290.7,5.6,N,0
-15.6524,129.4003,301.9,1,1,2014-07-10,1400,Terra,MODIS,40,6.2,290.2,4.8,N,0
-14.3244,126.6153,308.7,1.2,1.1,2014-07-10,1401,Terra,MODIS,13,6.2,292.3,9.8,N,0
-14.316,126.6029,328.4,1.2,1.1,2014-07-10,1401,Terra,MODIS,100,6.2,293.2,33.2,N,0
-14.3174,126.5919,324,1.2,1.1,2014-07-10,1401,Terra,MODIS,98,6.2,294.1,26.8,N,0
-14.3189,126.5808,319.7,1.2,1.1,2014-07-10,1401,Terra,MODIS,99,6.2,293.1,22.2,N,0
-14.4374,132.5111,307.3,1.3,1.1,2014-07-10,1401,Terra,MODIS,71,6.2,292.2,10.6,N,0
-14.4626,132.5449,302.7,1.3,1.1,2014-07-10,1401,Terra,MODIS,51,6.2,291.9,6.7,N,0
-12.7315,130.9469,301.1,1.1,1,2014-07-10,1401,Terra,MODIS,37,6.2,290.1,5.4,N,0
-13.3981,130.5426,303.9,1.1,1,2014-07-10,1401,Terra,MODIS,57,6.2,285.9,6.8,N,0
-14.225,129.4795,306.6,1,1,2014-07-10,1401,Terra,MODIS,69,6.2,291.7,7.6,N,0
-14.1955,130.6253,300,1,1,2014-07-10,1401,Terra,MODIS,11,6.2,288.6,4.2,N,0
-14.1835,130.6431,303.3,1,1,2014-07-10,1401,Terra,MODIS,54,6.2,288.7,6.2,N,0
-13.3967,130.5522,302.6,1.1,1,2014-07-10,1401,Terra,MODIS,50,6.2,288,5.9,N,0
-13.3889,130.5411,301.3,1.1,1,2014-07-10,1401,Terra,MODIS,22,6.2,286.8,5,N,0
-11.8084,133.7245,304.2,1.7,1.3,2014-07-10,1401,Terra,MODIS,59,6.2,291.3,10.4,N,0
-12.94,132.8493,308.6,1.4,1.2,2014-07-10,1401,Terra,MODIS,75,6.2,292.1,12.2,N,0
-14.6654,130.1247,307.8,1,1,2014-07-10,1401,Terra,MODIS,20,6.2,291.6,6.8,N,0
-14.1592,130.6925,316.6,1,1,2014-07-10,1401,Terra,MODIS,94,6.2,291.6,15.5,N,0
-14.5025,129.9156,304,1,1,2014-07-10,1401,Terra,MODIS,58,6.2,292.1,5.4,N,0
-14.1607,130.6828,304.4,1,1,2014-07-10,1401,Terra,MODIS,30,6.2,290.6,6,N,0
-14.7301,130.1221,301.4,1,1,2014-07-10,1401,Terra,MODIS,29,6.2,290.3,3.8,N,0
-14.1394,130.6994,313,1,1,2014-07-10,1401,Terra,MODIS,86,6.2,292.1,11.4,N,0
-14.5885,130.2118,302.9,1,1,2014-07-10,1401,Terra,MODIS,52,6.2,291,5.9,N,0
-14.7315,130.1127,302.3,1,1,2014-07-10,1401,Terra,MODIS,42,6.2,290.5,4.5,N,0
-14.1684,130.6939,303.2,1,1,2014-07-10,1401,Terra,MODIS,8,6.2,290.7,5.4,N,0
-13.7107,132.1185,300.7,1.2,1.1,2014-07-10,1401,Terra,MODIS,28,6.2,290.6,4.7,N,0
-13.6659,131.5327,307.3,1.1,1.1,2014-07-10,1401,Terra,MODIS,37,6.2,292.5,8.6,N,0
-12.9673,132.8796,314.9,1.4,1.2,2014-07-10,1401,Terra,MODIS,90,6.2,293.9,19.3,N,0
-13.0468,132.7577,305.5,1.4,1.2,2014-07-10,1401,Terra,MODIS,64,6.2,292.5,9.5,N,0
-14.0716,130.6626,311.6,1,1,2014-07-10,1401,Terra,MODIS,82,6.2,293.2,10.5,N,0
-14.0993,130.6534,310.5,1,1,2014-07-10,1401,Terra,MODIS,80,6.2,292.8,9,N,0
-14.0858,130.6811,325.5,1,1,2014-07-10,1401,Terra,MODIS,100,6.2,292.7,23,N,0
-14.0701,130.6723,308.3,1,1,2014-07-10,1401,Terra,MODIS,49,6.2,292.9,8.1,N,0
-14.0793,130.6737,310.5,1,1,2014-07-10,1401,Terra,MODIS,31,6.2,293.1,9.2,N,0
-14.1777,130.6816,303,1,1,2014-07-10,1401,Terra,MODIS,17,6.2,289.8,5.3,N,0
-13.4269,131.7652,301.2,1.2,1.1,2014-07-10,1401,Terra,MODIS,38,6.2,288.6,6.3,N,0
-12.9693,132.8673,322.2,1.4,1.2,2014-07-10,1401,Terra,MODIS,100,6.2,293.5,30.3,N,0
-12.0202,132.6674,300.1,1.4,1.2,2014-07-10,1401,Terra,MODIS,19,6.2,289.7,7.1,N,0
-14.0558,133.4253,300.2,1.5,1.2,2014-07-10,1401,Terra,MODIS,20,6.2,290.1,7.4,N,0
-14.0288,130.8245,303,1.1,1,2014-07-10,1401,Terra,MODIS,47,6.2,291.7,5.7,N,0
-14.0579,130.8192,303.4,1.1,1,2014-07-10,1401,Terra,MODIS,41,6.2,292.3,5.6,N,0
-13.6739,131.5446,319.7,1.1,1.1,2014-07-10,1401,Terra,MODIS,99,6.2,292.7,20.1,N,0
-14.1698,130.6843,313.5,1,1,2014-07-10,1401,Terra,MODIS,87,6.2,290.1,13,N,0
-13.9478,130.6865,304.6,1.1,1,2014-07-10,1401,Terra,MODIS,59,6.2,292.4,6.2,N,0
-14.1792,130.672,303.5,1,1,2014-07-10,1401,Terra,MODIS,55,6.2,289.3,6,N,0
-14.1302,130.698,318,1,1,2014-07-10,1401,Terra,MODIS,96,6.2,293.6,15.9,N,0
-14.1027,130.6937,309.2,1,1,2014-07-10,1401,Terra,MODIS,26,6.2,292.1,8.1,N,0
-14.1041,130.684,318.3,1,1,2014-07-10,1401,Terra,MODIS,97,6.2,293.2,15.7,N,0
-14.1085,130.6549,306.3,1,1,2014-07-10,1401,Terra,MODIS,67,6.2,292.6,6.5,N,0
-13.6563,131.531,305.7,1.1,1.1,2014-07-10,1401,Terra,MODIS,31,6.2,291.3,7.1,N,0
-14.0978,130.6632,310.3,1,1,2014-07-10,1401,Terra,MODIS,31,6.2,293,8.2,N,0
-11.2209,131.2659,307.2,1.2,1.1,2014-07-10,1402,Terra,MODIS,52,6.2,293.3,8.6,N,0
-16.6278,145.13,301.1,1.5,1.2,2014-07-10,1527,Aqua,MODIS,14,6.2,287.5,9.9,N,0
-25.215,149.1112,308.4,1,1,2014-07-10,1529,Aqua,MODIS,75,6.2,279.9,12.9,N,0
-25.2058,149.1127,324.4,1,1,2014-07-10,1529,Aqua,MODIS,100,6.2,280.4,27.4,N,0
-29.8091,152.2108,301.8,1.7,1.3,2014-07-10,1530,Aqua,MODIS,44,6.2,278,18.5,N,0
-31.5931,152.8319,311.9,2,1.4,2014-07-10,1531,Aqua,MODIS,83,6.2,282.7,39,N,0
-32.1528,152.4482,303.8,1.9,1.3,2014-07-10,1531,Aqua,MODIS,57,6.2,278.8,22.7,N,0
-41.0633,147.3111,305.5,1.3,1.1,2014-07-10,1533,Aqua,MODIS,65,6.2,278.4,15.6,N,0
-12.4523,132.5669,301,2.3,1.5,2014-07-10,1704,Aqua,MODIS,36,6.2,289,15.8,N,0
-12.4561,132.5736,310.5,2.3,1.5,2014-07-10,1704,Aqua,MODIS,80,6.2,289.6,33.8,N,0
-14.121,130.7006,302,1.7,1.3,2014-07-10,1705,Aqua,MODIS,46,6.2,290.4,10.7,N,0
-13.6703,131.5336,308.1,2,1.4,2014-07-10,1705,Aqua,MODIS,74,6.2,289.9,23.6,N,0
-13.6669,131.5384,316,2,1.4,2014-07-10,1705,Aqua,MODIS,92,6.2,290.6,40.4,N,0
-13.6692,131.5563,300.2,2,1.4,2014-07-10,1705,Aqua,MODIS,19,6.2,289.4,11.7,N,0
-13.6723,131.5512,305.6,2,1.4,2014-07-10,1705,Aqua,MODIS,65,6.2,290.1,19.3,N,0
-13.3934,130.5532,313.3,1.7,1.3,2014-07-10,1705,Aqua,MODIS,87,6.2,289.1,28.2,N,0
-13.3915,130.538,301.8,1.6,1.3,2014-07-10,1705,Aqua,MODIS,44,6.2,288.6,12.2,N,0
-15.495,127.8532,300.3,1.2,1.1,2014-07-10,1705,Aqua,MODIS,16,6.2,286.8,6.5,N,0
-18.054,122.5384,335.6,1.1,1,2014-07-10,1706,Aqua,MODIS,100,6.2,289.3,45.8,N,0
-18.0557,122.5488,301.5,1.1,1,2014-07-10,1706,Aqua,MODIS,35,6.2,286.3,7.6,N,0
-20.0907,119.73,308.3,1.5,1.2,2014-07-10,1707,Aqua,MODIS,74,6.2,283.3,21.3,N,0
-13.3604,142.616,322.5,1,1,2014-07-11,0051,Terra,MODIS,76,6.2,299.3,14.2,D,0
-11.6411,142.7597,320.2,1,1,2014-07-11,0051,Terra,MODIS,75,6.2,295.8,15.1,D,0
-13.2248,142.6958,311.1,1,1,2014-07-11,0051,Terra,MODIS,53,6.2,295.3,4.9,D,0
-14.8041,141.9843,314,1,1,2014-07-11,0051,Terra,MODIS,63,6.2,299.7,6.7,D,0
-14.809,141.9551,314.2,1,1,2014-07-11,0051,Terra,MODIS,63,6.2,300.1,6.6,D,0
-14.8027,141.975,312.2,1,1,2014-07-11,0051,Terra,MODIS,41,6.2,299.8,4.8,D,0
-12.614,134.8283,308.5,2.9,1.6,2014-07-11,0051,Terra,MODIS,48,6.2,295.8,18.6,D,0
-12.2014,142.4412,326.6,1,1,2014-07-11,0051,Terra,MODIS,81,6.2,300.3,17.8,D,0
-12.6127,134.8347,309,2.9,1.6,2014-07-11,0051,Terra,MODIS,58,6.2,295.5,21,D,0
-12.7135,142.7261,310.5,1,1,2014-07-11,0051,Terra,MODIS,55,6.2,296.6,4.2,D,0
-12.209,142.4306,364.3,1,1,2014-07-11,0051,Terra,MODIS,100,6.2,302.2,91.9,D,0
-12.2076,142.4214,360.7,1,1,2014-07-11,0051,Terra,MODIS,100,6.2,300.7,82.3,D,0
-12.2027,142.4503,319.8,1,1,2014-07-11,0051,Terra,MODIS,74,6.2,300.7,10.6,D,0
-15.2003,144.5674,315.9,1.1,1.1,2014-07-11,0051,Terra,MODIS,70,6.2,299.4,10.7,D,0
-12.4423,132.5876,311.2,4.3,1.9,2014-07-11,0051,Terra,MODIS,57,6.2,295.2,52.6,D,0
-12.2,142.432,314.3,1,1,2014-07-11,0051,Terra,MODIS,32,6.2,298.6,5.4,D,0
-12.4273,132.5847,308,4.3,1.9,2014-07-11,0051,Terra,MODIS,34,6.2,295.6,34.9,D,0
-14.6404,144.7441,319.1,1.1,1.1,2014-07-11,0051,Terra,MODIS,74,6.2,300.1,14,D,0
-14.4828,141.6237,311.4,1,1,2014-07-11,0051,Terra,MODIS,30,6.2,299.4,4.1,D,0
-12.2104,142.4398,326.7,1,1,2014-07-11,0051,Terra,MODIS,81,6.2,300.4,17.4,D,0
-12.7737,132.4962,306.3,4.3,1.9,2014-07-11,0051,Terra,MODIS,48,6.2,293.9,30.7,D,0
-15.2074,143.1654,323.1,1,1,2014-07-11,0052,Terra,MODIS,78,6.2,299.1,15.5,D,0
-15.3756,143.5034,329.6,1,1,2014-07-11,0052,Terra,MODIS,84,6.2,301.3,24,D,0
-16.4042,144.6536,309.8,1.2,1.1,2014-07-11,0052,Terra,MODIS,59,6.2,298.1,7,D,0
-16.1663,136.1268,312.3,2,1.4,2014-07-11,0052,Terra,MODIS,67,6.2,299.3,17.6,D,0
-15.2212,142.0021,323.1,1,1,2014-07-11,0052,Terra,MODIS,36,6.2,303.6,12.8,D,0
-15.2122,142.0035,322.2,1,1,2014-07-11,0052,Terra,MODIS,43,6.2,301.5,11.6,D,0
-16.2776,135.999,314.1,2,1.4,2014-07-11,0052,Terra,MODIS,56,6.2,300.6,19.1,D,0
-15.354,142.4643,324.6,1,1,2014-07-11,0052,Terra,MODIS,79,6.2,300.1,17.2,D,0
-16.6467,145.1065,331.2,1.3,1.1,2014-07-11,0052,Terra,MODIS,85,6.2,299.2,35.4,D,0
-15.5023,141.7878,319.4,1,1,2014-07-11,0052,Terra,MODIS,64,6.2,301,8.9,D,0
-15.3553,142.4736,318.6,1,1,2014-07-11,0052,Terra,MODIS,71,6.2,299.6,11.2,D,0
-15.4519,143.5251,324.5,1,1,2014-07-11,0052,Terra,MODIS,80,6.2,302,16.5,D,0
-15.3743,143.4938,316.8,1,1,2014-07-11,0052,Terra,MODIS,70,6.2,299.5,9.5,D,0
-15.8285,135.4036,316,2.2,1.5,2014-07-11,0052,Terra,MODIS,73,6.2,299.3,30.5,D,0
-15.2343,142.0285,320,1,1,2014-07-11,0052,Terra,MODIS,50,6.2,301.7,9.6,D,0
-15.2302,142.0007,331,1,1,2014-07-11,0052,Terra,MODIS,75,6.2,301.6,21.7,D,0
-15.4899,143.5293,313.8,1,1,2014-07-11,0052,Terra,MODIS,38,6.2,301.1,6.6,D,0
-15.8948,135.4769,310.4,2.2,1.4,2014-07-11,0052,Terra,MODIS,32,6.2,298.8,13.9,D,0
-16.4932,145.0998,309.3,1.2,1.1,2014-07-11,0052,Terra,MODIS,56,6.2,297.1,7.7,D,0
-15.3911,142.216,315.5,1,1,2014-07-11,0052,Terra,MODIS,66,6.2,301.5,7.3,D,0
-16.6475,145.1123,325.6,1.3,1.1,2014-07-11,0052,Terra,MODIS,81,6.2,297.3,28.1,D,0
-16.4023,144.6597,315.7,1.2,1.1,2014-07-11,0052,Terra,MODIS,72,6.2,298.4,12.2,D,0
-15.4505,143.5155,322.8,1,1,2014-07-11,0052,Terra,MODIS,78,6.2,301,14.6,D,0
-15.3035,142.8104,319.2,1,1,2014-07-11,0052,Terra,MODIS,73,6.2,299.7,10.9,D,0
-16.6461,145.1009,322.2,1.3,1.1,2014-07-11,0052,Terra,MODIS,78,6.2,299.2,22.4,D,0
-16.3092,136.491,309.3,1.8,1.3,2014-07-11,0052,Terra,MODIS,35,6.2,297.8,10.2,D,0
-15.1818,143.1756,313.4,1,1,2014-07-11,0052,Terra,MODIS,50,6.2,300.3,6.1,D,0
-16.4057,144.6644,308.6,1.2,1.1,2014-07-11,0052,Terra,MODIS,54,6.2,297.8,6.1,D,0
-16.6299,145.1328,312.3,1.3,1.1,2014-07-11,0052,Terra,MODIS,53,6.2,295.6,10.6,D,0
-16.3062,136.474,312.7,1.8,1.3,2014-07-11,0052,Terra,MODIS,66,6.2,299.3,16.1,D,0
-16.9931,138.1882,313.3,1.4,1.2,2014-07-11,0052,Terra,MODIS,25,6.2,298.7,10.7,D,0
-15.0817,141.9318,313.1,1,1,2014-07-11,0052,Terra,MODIS,59,6.2,299.9,5.8,D,0
-16.3425,144.1215,313.4,1.1,1.1,2014-07-11,0052,Terra,MODIS,66,6.2,298.9,9.4,D,0
-14.9865,141.9721,312.4,1,1,2014-07-11,0052,Terra,MODIS,48,6.2,298.8,5.7,D,0
-14.9207,141.9633,312.5,1,1,2014-07-11,0052,Terra,MODIS,12,6.2,300.9,5.3,D,0
-14.4319,132.5144,307.3,3.9,1.8,2014-07-11,0052,Terra,MODIS,55,6.2,293.2,33.6,D,0
-16.5189,136.8443,326.6,1.7,1.3,2014-07-11,0052,Terra,MODIS,79,6.2,299.9,39.9,D,0
-16.5304,136.8422,319.5,1.7,1.3,2014-07-11,0052,Terra,MODIS,73,6.2,297.9,26.3,D,0
-16.5162,136.8284,342.6,1.7,1.3,2014-07-11,0052,Terra,MODIS,92,6.2,299.7,91.8,D,0
-16.1787,144.1254,326.8,1.1,1,2014-07-11,0052,Terra,MODIS,82,6.2,299.7,24.4,D,0
-16.2164,144.12,308.1,1.1,1,2014-07-11,0052,Terra,MODIS,27,6.2,297.9,4.9,D,0
-16.2178,144.1303,309.7,1.1,1,2014-07-11,0052,Terra,MODIS,40,6.2,297.3,6.5,D,0
-15.0069,141.9244,331.4,1,1,2014-07-11,0052,Terra,MODIS,84,6.2,303.3,22.8,D,0
-15.0263,141.9309,316.1,1,1,2014-07-11,0052,Terra,MODIS,63,6.2,300.5,8,D,0
-16.4201,144.195,310.9,1.1,1.1,2014-07-11,0052,Terra,MODIS,27,6.2,300.3,5.2,D,0
-16.3142,144.1631,322.9,1.1,1.1,2014-07-11,0052,Terra,MODIS,79,6.2,299.2,18.8,D,0
-16.4078,144.1755,328.2,1.1,1.1,2014-07-11,0052,Terra,MODIS,83,6.2,301,25.2,D,0
-16.3156,144.1734,327.9,1.1,1.1,2014-07-11,0052,Terra,MODIS,83,6.2,298.9,25.6,D,0
-16.4063,144.1651,321.9,1.1,1.1,2014-07-11,0052,Terra,MODIS,77,6.2,299,17.4,D,0
-16.0598,144.1383,309.2,1.1,1,2014-07-11,0052,Terra,MODIS,58,6.2,297.5,5.6,D,0
-16.3061,144.1746,311.5,1.1,1.1,2014-07-11,0052,Terra,MODIS,38,6.2,298.1,7.2,D,0
-17.0377,139.5117,322,1.1,1.1,2014-07-11,0052,Terra,MODIS,0,6.2,299.6,17.9,D,0
-16.9418,138.1778,353.3,1.4,1.2,2014-07-11,0052,Terra,MODIS,97,6.2,299.7,100.7,D,0
-16.9293,138.167,322.9,1.4,1.2,2014-07-11,0052,Terra,MODIS,77,6.2,297.3,25.6,D,0
-16.9314,138.1797,322.1,1.4,1.2,2014-07-11,0052,Terra,MODIS,73,6.2,297.4,24,D,0
-19.3322,134.7404,304.8,2.1,1.4,2014-07-11,0053,Terra,MODIS,51,6.2,294.5,11.3,D,0
-20.7317,139.4773,311.2,1.1,1,2014-07-11,0053,Terra,MODIS,60,6.2,296.8,7.5,D,2
-24.755,147.0762,310.7,2.2,1.4,2014-07-11,0054,Terra,MODIS,70,6.2,290.5,31.2,D,0
-24.8091,147.0917,312.2,2.2,1.4,2014-07-11,0054,Terra,MODIS,72,6.2,289.2,37.6,D,0
-24.8114,147.1137,300.5,2.2,1.4,2014-07-11,0054,Terra,MODIS,37,6.2,288.8,14.1,D,0
-24.807,147.0852,303.6,2.2,1.4,2014-07-11,0054,Terra,MODIS,56,6.2,288.6,19.7,D,0
-24.8092,147.1071,309.7,2.2,1.4,2014-07-11,0054,Terra,MODIS,69,6.2,289.2,32.1,D,0
-25.2139,149.1155,302.9,3.1,1.7,2014-07-11,0054,Terra,MODIS,54,6.2,287.5,31.6,D,0
-27.3472,150.7924,304.2,4.3,1.9,2014-07-11,0055,Terra,MODIS,58,6.2,291.3,47.6,D,0
-27.3458,150.7978,306.6,4.3,1.9,2014-07-11,0055,Terra,MODIS,64,6.2,291.3,60.6,D,0
-29.073,148.8972,307.1,3.3,1.7,2014-07-11,0055,Terra,MODIS,65,6.2,293.1,38.7,D,0
-30.7734,148.4878,300.4,3.2,1.7,2014-07-11,0056,Terra,MODIS,36,6.2,288.1,20.4,D,0
-33.0036,137.5874,302.6,1,1,2014-07-11,0057,Terra,MODIS,40,6.2,288.5,5.2,D,0
-14.3001,126.5658,318.1,3.3,1.7,2014-07-11,0230,Terra,MODIS,68,6.2,298,48,D,0
-14.3154,126.564,327.2,3.3,1.7,2014-07-11,0230,Terra,MODIS,80,6.2,298.3,98.6,D,0
-14.3117,126.5579,325.3,3.3,1.7,2014-07-11,0230,Terra,MODIS,78,6.2,298,84.2,D,0
-14.3149,126.5881,318.7,3.3,1.7,2014-07-11,0230,Terra,MODIS,45,6.2,299.5,44.2,D,0
-15.4563,127.7469,312.5,4.2,1.9,2014-07-11,0230,Terra,MODIS,58,6.2,298.6,41.2,D,0
-14.2507,127.0854,312.3,3.6,1.8,2014-07-11,0230,Terra,MODIS,46,6.2,297,31.5,D,0
-21.971,123.0707,310.4,2.3,1.5,2014-07-11,0232,Terra,MODIS,58,6.2,298.8,15.6,D,0
-21.7142,118.6445,319.8,1.2,1.1,2014-07-11,0232,Terra,MODIS,75,6.2,299.1,15.1,D,0
-21.7157,118.6556,312.6,1.2,1.1,2014-07-11,0232,Terra,MODIS,64,6.2,298.8,7.2,D,0
-21.7239,118.6431,340.2,1.2,1.1,2014-07-11,0232,Terra,MODIS,91,6.2,300.8,46.8,D,0
-20.0836,119.7208,324.5,1.3,1.1,2014-07-11,0232,Terra,MODIS,75,6.2,300.6,21.7,D,0
-20.0851,119.7328,339.5,1.3,1.1,2014-07-11,0232,Terra,MODIS,90,6.2,303.5,50.6,D,0
-20.0837,119.7266,337.5,1.3,1.1,2014-07-11,0232,Terra,MODIS,88,6.2,303,44.4,D,0
-20.0852,119.7386,322.7,1.3,1.1,2014-07-11,0232,Terra,MODIS,59,6.2,301.8,17.5,D,0
-20.0953,119.7372,326.5,1.3,1.1,2014-07-11,0232,Terra,MODIS,58,6.2,303.1,22.3,D,0
-31.8708,119.4273,301.4,1.7,1.3,2014-07-11,0235,Terra,MODIS,45,6.2,282.4,11.9,D,0
-32.6284,152.1887,317.4,1.2,1.1,2014-07-11,0335,Aqua,MODIS,0,6.2,289.3,20.8,D,0
-30.7086,152.5934,306.2,1.1,1,2014-07-11,0335,Aqua,MODIS,63,6.2,290.6,8.4,D,0
-31.6081,152.8254,343.9,1.1,1,2014-07-11,0335,Aqua,MODIS,71,6.2,293.3,56.5,D,0
-31.6095,152.8138,308.1,1.1,1,2014-07-11,0335,Aqua,MODIS,0,6.2,291.2,8.1,D,0
-31.6034,152.831,326.5,1.1,1,2014-07-11,0335,Aqua,MODIS,0,6.2,292.8,27.3,D,0
-31.6049,152.8193,325.2,1.1,1,2014-07-11,0335,Aqua,MODIS,0,6.2,293,25.2,D,0
-31.5969,152.8061,305.3,1.1,1,2014-07-11,0335,Aqua,MODIS,53,6.2,291.9,7.3,D,0
-32.5885,152.273,306.1,1.2,1.1,2014-07-11,0335,Aqua,MODIS,0,6.2,289.6,9.1,D,0
-32.1704,152.4528,317.2,1.2,1.1,2014-07-11,0335,Aqua,MODIS,34,6.2,292,15.8,D,0
-32.1719,152.4405,316,1.2,1.1,2014-07-11,0335,Aqua,MODIS,38,6.2,292.3,13.9,D,0
-32.1399,152.4601,322.8,1.2,1.1,2014-07-11,0335,Aqua,MODIS,82,6.2,290.8,24,D,0
-32.1414,152.4479,331.9,1.2,1.1,2014-07-11,0335,Aqua,MODIS,88,6.2,293.3,36.4,D,0
-30.7315,152.9736,345.8,1.1,1,2014-07-11,0335,Aqua,MODIS,82,6.2,295,58.9,D,0
-30.7329,152.9624,307.4,1.1,1,2014-07-11,0335,Aqua,MODIS,65,6.2,293.8,8,D,0
-31.1932,151.8868,304.8,1.2,1.1,2014-07-11,0335,Aqua,MODIS,60,6.2,288.3,8.8,D,0
-32.0302,150.7996,309.6,1.4,1.2,2014-07-11,0335,Aqua,MODIS,69,6.2,291.3,14,D,0
-32.0357,150.7909,310.6,1.4,1.2,2014-07-11,0335,Aqua,MODIS,70,6.2,291.4,16.3,D,0
-34.4666,150.8882,304,1.5,1.2,2014-07-11,0335,Aqua,MODIS,0,6.2,291.4,8.6,D,2
-32.0318,150.7851,305.1,1.4,1.2,2014-07-11,0335,Aqua,MODIS,49,6.2,291.2,9.8,D,0
-28.6859,152.3601,316.3,1.1,1,2014-07-11,0336,Aqua,MODIS,77,6.2,295.2,14.5,D,0
-27.9799,150.845,311.2,1.2,1.1,2014-07-11,0336,Aqua,MODIS,68,6.2,293.3,12.7,D,0
-28.8763,150.9,319.5,1.3,1.1,2014-07-11,0336,Aqua,MODIS,79,6.2,292.7,22.2,D,0
-27.6938,150.3575,310.9,1.3,1.1,2014-07-11,0336,Aqua,MODIS,67,6.2,297.1,10,D,0
-29.0568,149.1898,319.4,1.6,1.2,2014-07-11,0336,Aqua,MODIS,77,6.2,298,25.4,D,0
-28.5116,149.4976,308.6,1.5,1.2,2014-07-11,0336,Aqua,MODIS,62,6.2,296.7,9.1,D,0
-28.4989,149.5114,305.9,1.5,1.2,2014-07-11,0336,Aqua,MODIS,44,6.2,295,5.9,D,0
-30.2456,148.5618,303.9,1.8,1.3,2014-07-11,0336,Aqua,MODIS,36,6.2,293.4,6.7,D,0
-28.6665,150.3481,310.4,1.3,1.1,2014-07-11,0336,Aqua,MODIS,63,6.2,295.5,10.9,D,0
-28.6681,150.3343,314.7,1.3,1.1,2014-07-11,0336,Aqua,MODIS,73,6.2,295.3,15.7,D,0
-29.3988,150.5062,305.4,1.3,1.1,2014-07-11,0336,Aqua,MODIS,61,6.2,292,8.1,D,0
-27.356,150.7958,309.9,1.2,1.1,2014-07-11,0336,Aqua,MODIS,33,6.2,297.1,7.9,D,0
-27.3446,150.8066,314.9,1.2,1.1,2014-07-11,0336,Aqua,MODIS,72,6.2,296.5,13.1,D,0
-27.3461,150.7943,311.3,1.2,1.1,2014-07-11,0336,Aqua,MODIS,64,6.2,297.8,9.4,D,0
-27.3545,150.8081,309.3,1.2,1.1,2014-07-11,0336,Aqua,MODIS,30,6.2,296.4,7.3,D,0
-30.2685,152.9439,301.4,1.1,1,2014-07-11,0336,Aqua,MODIS,47,6.2,289.9,5.8,D,0
-30.6464,152.1221,319.7,1.1,1.1,2014-07-11,0336,Aqua,MODIS,80,6.2,291.8,23.7,D,0
-30.6479,152.1098,313.8,1.2,1.1,2014-07-11,0336,Aqua,MODIS,74,6.2,292.2,16.8,D,0
-28.761,150.0401,305.2,1.4,1.2,2014-07-11,0336,Aqua,MODIS,42,6.2,294.9,4.8,D,0
-28.7146,149.7283,311,1.5,1.2,2014-07-11,0336,Aqua,MODIS,66,6.2,298.8,11.6,D,0
-28.7594,150.0545,319.3,1.4,1.2,2014-07-11,0336,Aqua,MODIS,77,6.2,296,22.7,D,0
-30.0589,148.9217,305.8,1.7,1.3,2014-07-11,0336,Aqua,MODIS,46,6.2,295.2,7.8,D,0
-29.6768,152.3297,314.5,1.1,1,2014-07-11,0336,Aqua,MODIS,70,6.2,290.9,13.8,D,0
-28.7466,152.8098,309.9,1,1,2014-07-11,0336,Aqua,MODIS,69,6.2,293.7,9,D,0
-30.0519,148.9155,312.2,1.7,1.3,2014-07-11,0336,Aqua,MODIS,70,6.2,296.2,16.8,D,0
-29.0768,148.8856,317.8,1.7,1.3,2014-07-11,0336,Aqua,MODIS,75,6.2,298.3,26.3,D,0
-29.5779,152.4682,304.2,1.1,1,2014-07-11,0336,Aqua,MODIS,44,6.2,291.5,6.1,D,0
-28.7038,153.3286,311.1,1,1,2014-07-11,0336,Aqua,MODIS,71,6.2,292.8,9.9,D,0
-30.7721,148.4899,303.9,1.9,1.3,2014-07-11,0336,Aqua,MODIS,57,6.2,292.8,10.3,D,0
-29.0785,148.8684,312.2,1.7,1.3,2014-07-11,0336,Aqua,MODIS,68,6.2,297.4,17.1,D,0
-29.7996,152.2392,306.3,1.1,1.1,2014-07-11,0336,Aqua,MODIS,56,6.2,291.1,7.6,D,0
-28.8748,150.9129,361.6,1.3,1.1,2014-07-11,0336,Aqua,MODIS,100,6.2,296.1,124.5,D,0
-28.9707,153.1943,310.2,1,1,2014-07-11,0336,Aqua,MODIS,70,6.2,294.6,8.6,D,0
-30.05,148.9333,307.1,1.7,1.3,2014-07-11,0336,Aqua,MODIS,38,6.2,296.3,8.7,D,0
-29.83,153.1332,307.2,1,1,2014-07-11,0336,Aqua,MODIS,65,6.2,292,7.9,D,0
-27.6459,153.0799,336.4,1,1,2014-07-11,0336,Aqua,MODIS,89,6.2,295.5,36.6,D,0
-28.748,152.7991,309.6,1,1,2014-07-11,0336,Aqua,MODIS,69,6.2,295.2,8.9,D,0
-29.43,152.7546,301.8,1.1,1,2014-07-11,0336,Aqua,MODIS,49,6.2,290.6,4.8,D,0
-28.9722,153.1837,307.9,1,1,2014-07-11,0336,Aqua,MODIS,66,6.2,294.3,7.1,D,0
-30.0473,148.9201,311.6,1.7,1.3,2014-07-11,0336,Aqua,MODIS,70,6.2,297,16.6,D,0
-29.6783,152.318,314.1,1.1,1,2014-07-11,0336,Aqua,MODIS,52,6.2,291.9,13.2,D,0
-29.8314,153.1223,314.4,1,1,2014-07-11,0336,Aqua,MODIS,75,6.2,294,13.4,D,0
-29.8134,152.2067,312.2,1.1,1.1,2014-07-11,0336,Aqua,MODIS,72,6.2,291,13.5,D,0
-27.6445,153.0902,324.6,1,1,2014-07-11,0336,Aqua,MODIS,82,6.2,294.8,20.8,D,0
-29.8149,152.1946,315.2,1.1,1.1,2014-07-11,0336,Aqua,MODIS,75,6.2,293.3,16.1,D,0
-28.6526,152.2017,301.9,1.1,1,2014-07-11,0336,Aqua,MODIS,35,6.2,290.1,4.5,D,0
-26.5202,152.5116,324.1,1,1,2014-07-11,0337,Aqua,MODIS,65,6.2,296.7,20,D,0
-26.5128,152.5152,315.8,1,1,2014-07-11,0337,Aqua,MODIS,75,6.2,296.7,12.1,D,0
-26.5143,152.5047,320.8,1,1,2014-07-11,0337,Aqua,MODIS,79,6.2,298.3,16.8,D,0
-24.5873,151.83,311.5,1,1,2014-07-11,0337,Aqua,MODIS,68,6.2,299,8.6,D,0
-26.5037,152.5134,314.9,1,1,2014-07-11,0337,Aqua,MODIS,58,6.2,295.4,10.9,D,0
-26.5051,152.5031,336.6,1,1,2014-07-11,0337,Aqua,MODIS,90,6.2,297.4,36.9,D,0
-26.2417,151.6542,306.5,1.1,1,2014-07-11,0337,Aqua,MODIS,51,6.2,296.5,5.2,D,0
-26.7736,152.8163,302.8,1,1,2014-07-11,0337,Aqua,MODIS,49,6.2,292.8,4.3,D,0
-26.8572,150.8144,311.3,1.2,1.1,2014-07-11,0337,Aqua,MODIS,67,6.2,300.9,7.3,D,0
-27.2376,148.6684,310.8,1.6,1.3,2014-07-11,0337,Aqua,MODIS,64,6.2,297.3,13.5,D,0
-24.7483,147.0817,312.8,1.9,1.4,2014-07-11,0337,Aqua,MODIS,67,6.2,296.7,23.9,D,0
-24.7773,147.0708,323.5,1.9,1.4,2014-07-11,0337,Aqua,MODIS,80,6.2,294.1,51.6,D,0
-24.7792,147.0516,307.3,2,1.4,2014-07-11,0337,Aqua,MODIS,50,6.2,292.7,16.1,D,0
-24.775,147.0656,330.2,1.9,1.4,2014-07-11,0337,Aqua,MODIS,85,6.2,294.5,71.2,D,0
-23.7021,150.8984,315.9,1.1,1.1,2014-07-11,0337,Aqua,MODIS,72,6.2,297.5,12.2,D,0
-24.8123,147.0947,306.1,1.9,1.4,2014-07-11,0337,Aqua,MODIS,47,6.2,294.1,15.5,D,0
-25.9033,152.8762,306.1,1,1,2014-07-11,0337,Aqua,MODIS,55,6.2,293.4,6.1,D,0
-25.9047,152.8661,310.7,1,1,2014-07-11,0337,Aqua,MODIS,66,6.2,295.8,9.2,D,0
-20.5722,148.3902,312.2,1.4,1.2,2014-07-11,0338,Aqua,MODIS,61,6.2,296.7,15.9,D,0
-15.3712,143.4314,321.6,2.7,1.6,2014-07-11,0340,Aqua,MODIS,62,6.2,301.7,51.4,D,0
-15.374,143.4063,315.1,2.7,1.6,2014-07-11,0340,Aqua,MODIS,65,6.2,299.4,31,D,0
-15.3796,143.4829,322.6,2.7,1.6,2014-07-11,0340,Aqua,MODIS,57,6.2,300.8,53,D,0
-15.2295,142.8161,334.6,3,1.6,2014-07-11,0340,Aqua,MODIS,87,6.2,299.6,140.6,D,0
-16.6582,145.0987,325.3,2.1,1.4,2014-07-11,0340,Aqua,MODIS,79,6.2,299.7,56.5,D,0
-15.2053,143.1677,312.8,2.8,1.6,2014-07-11,0340,Aqua,MODIS,50,6.2,299.2,24.2,D,0
-15.3627,143.5061,316.4,2.7,1.6,2014-07-11,0340,Aqua,MODIS,27,6.2,300.9,30.3,D,0
-16.4107,144.6525,314.3,2.2,1.5,2014-07-11,0340,Aqua,MODIS,65,6.2,299.6,24.8,D,0
-15.2083,143.1415,313.7,2.8,1.6,2014-07-11,0340,Aqua,MODIS,59,6.2,301,26.4,D,0
-15.0005,141.8875,317.6,3.5,1.8,2014-07-11,0340,Aqua,MODIS,71,6.2,299.5,53.9,D,0
-15.2015,144.5505,312.5,2.2,1.4,2014-07-11,0340,Aqua,MODIS,60,6.2,299,18.9,D,0
-16.4976,145.0248,312.6,2.1,1.4,2014-07-11,0340,Aqua,MODIS,58,6.2,300.1,17.5,D,0
-14.6456,144.7469,317.4,2.1,1.4,2014-07-11,0340,Aqua,MODIS,70,6.2,298.2,29.9,D,0
-15.3772,143.4117,321.6,2.7,1.6,2014-07-11,0340,Aqua,MODIS,76,6.2,299.7,56.4,D,0
-15.2584,142.8246,316.8,3,1.6,2014-07-11,0340,Aqua,MODIS,26,6.2,299.7,40.5,D,0
-15.2623,142.7917,311.7,3,1.6,2014-07-11,0340,Aqua,MODIS,57,6.2,297.7,25.8,D,0
-15.0095,141.8927,319.7,3.5,1.8,2014-07-11,0340,Aqua,MODIS,74,6.2,299.7,65.4,D,0
-15.2436,142.8228,325,3,1.6,2014-07-11,0340,Aqua,MODIS,79,6.2,300,81.9,D,0
-14.4567,141.7585,311.3,3.5,1.8,2014-07-11,0340,Aqua,MODIS,59,6.2,296.4,32.4,D,0
-15.3989,142.1916,315.8,3.4,1.7,2014-07-11,0340,Aqua,MODIS,62,6.2,301,36.8,D,0
-15.2098,143.1469,316.5,2.8,1.6,2014-07-11,0340,Aqua,MODIS,61,6.2,300.6,35.5,D,0
-16.6604,145.0788,313.6,2.1,1.4,2014-07-11,0340,Aqua,MODIS,61,6.2,298.8,23.5,D,0
-15.2444,142.8178,327.3,3,1.6,2014-07-11,0340,Aqua,MODIS,82,6.2,300,94.5,D,0
-15.2376,142.0019,328.7,3.4,1.7,2014-07-11,0340,Aqua,MODIS,83,6.2,301,114.1,D,0
-15.4033,142.1855,315.2,3.4,1.7,2014-07-11,0340,Aqua,MODIS,67,6.2,300.8,36.9,D,0
-15.3665,143.5115,314.6,2.7,1.6,2014-07-11,0340,Aqua,MODIS,22,6.2,301,25.3,D,0
-15.3833,143.4883,320.1,2.7,1.6,2014-07-11,0340,Aqua,MODIS,53,6.2,300.8,43.4,D,0
-15.2397,142.0276,320.1,3.4,1.7,2014-07-11,0340,Aqua,MODIS,74,6.2,300.8,63.2,D,0
-15.2613,142.7968,316.8,3,1.6,2014-07-11,0340,Aqua,MODIS,41,6.2,298.1,41.1,D,0
-15.2265,142.8438,327.1,3,1.6,2014-07-11,0340,Aqua,MODIS,81,6.2,299.6,92,D,0
-15.3564,142.7574,311.6,3,1.7,2014-07-11,0340,Aqua,MODIS,50,6.2,299.6,23.9,D,0
-16.4085,144.6595,311.2,2.2,1.5,2014-07-11,0340,Aqua,MODIS,36,6.2,299.5,15.4,D,0
-16.6079,145.0854,323.7,2.1,1.4,2014-07-11,0340,Aqua,MODIS,75,6.2,300,44.2,D,0
-15.2431,141.9956,323,3.4,1.7,2014-07-11,0340,Aqua,MODIS,78,6.2,300,81.3,D,0
-16.6584,145.0936,326.7,2.1,1.4,2014-07-11,0340,Aqua,MODIS,80,6.2,300,59.1,D,0
-15.2592,142.8194,320.5,3,1.6,2014-07-11,0340,Aqua,MODIS,75,6.2,299.8,62.5,D,0
-15.3746,143.4367,319.3,2.7,1.6,2014-07-11,0340,Aqua,MODIS,42,6.2,302,41.7,D,0
-14.4496,141.7621,311.5,3.5,1.8,2014-07-11,0340,Aqua,MODIS,55,6.2,296.2,33.6,D,0
-15.0887,141.9014,314,3.5,1.8,2014-07-11,0340,Aqua,MODIS,61,6.2,298.8,36.6,D,0
-15.0827,141.908,315.6,3.5,1.8,2014-07-11,0340,Aqua,MODIS,68,6.2,298.4,45.3,D,0
-16.2992,144.162,317,2.4,1.5,2014-07-11,0340,Aqua,MODIS,71,6.2,299.9,36.6,D,0
-14.908,142.0069,312,3.4,1.7,2014-07-11,0340,Aqua,MODIS,44,6.2,298.4,28.6,D,0
-14.6565,142.1172,316.9,3.3,1.7,2014-07-11,0340,Aqua,MODIS,55,6.2,300.1,40.6,D,0
-14.6458,142.1114,324.1,3.3,1.7,2014-07-11,0340,Aqua,MODIS,79,6.2,299.5,83.7,D,0
-14.9132,141.9998,312.2,3.4,1.7,2014-07-11,0340,Aqua,MODIS,58,6.2,298.9,30,D,0
-16.3393,144.1274,323.1,2.5,1.5,2014-07-11,0340,Aqua,MODIS,78,6.2,301.4,55.2,D,0
-14.8162,141.9204,313.5,3.4,1.7,2014-07-11,0340,Aqua,MODIS,51,6.2,299,36.9,D,0
-15.0889,144.1845,313.4,2.3,1.5,2014-07-11,0340,Aqua,MODIS,63,6.2,297.8,23.9,D,0
-15.0022,142.0174,327.7,3.4,1.7,2014-07-11,0340,Aqua,MODIS,82,6.2,300.7,104.7,D,0
-15.0119,142.0228,323.1,3.4,1.7,2014-07-11,0340,Aqua,MODIS,78,6.2,300.7,75.6,D,0
-15.0864,144.2061,310.3,2.3,1.5,2014-07-11,0340,Aqua,MODIS,54,6.2,297.5,16.5,D,0
-14.2726,143.6928,313.4,2.5,1.5,2014-07-11,0340,Aqua,MODIS,60,6.2,298.4,27.7,D,0
-16.2227,144.1072,316.1,2.5,1.5,2014-07-11,0340,Aqua,MODIS,69,6.2,298.9,36.8,D,0
-16.2295,144.1031,319.3,2.5,1.5,2014-07-11,0340,Aqua,MODIS,74,6.2,298.8,45.7,D,0
-16.1724,144.1205,325.4,2.4,1.5,2014-07-11,0340,Aqua,MODIS,80,6.2,300.6,68.2,D,0
-16.186,144.1221,320.6,2.4,1.5,2014-07-11,0340,Aqua,MODIS,75,6.2,299.8,52.4,D,0
-14.6868,141.8331,321.3,3.5,1.8,2014-07-11,0340,Aqua,MODIS,66,6.2,298.2,73.1,D,0
-14.7027,141.8349,321.2,3.5,1.8,2014-07-11,0340,Aqua,MODIS,54,6.2,297.9,70.2,D,0
-16.4604,144.1758,314.4,2.4,1.5,2014-07-11,0340,Aqua,MODIS,64,6.2,304.1,20,D,0
-14.997,141.9198,312.4,3.5,1.8,2014-07-11,0340,Aqua,MODIS,35,6.2,297.5,26.7,D,0
-16.4118,144.1635,324.4,2.4,1.5,2014-07-11,0340,Aqua,MODIS,79,6.2,301.9,58.7,D,0
-14.573,141.8088,310.5,3.5,1.8,2014-07-11,0340,Aqua,MODIS,49,6.2,296.3,27.2,D,0
-14.8098,141.9238,316.7,3.4,1.7,2014-07-11,0340,Aqua,MODIS,69,6.2,299.2,51.4,D,0
-16.4093,144.1862,316.9,2.4,1.5,2014-07-11,0340,Aqua,MODIS,67,6.2,302.4,31.2,D,0
-16.3071,144.1703,319.9,2.4,1.5,2014-07-11,0340,Aqua,MODIS,74,6.2,299.8,45.1,D,0
-16.3982,144.1619,315.7,2.4,1.5,2014-07-11,0340,Aqua,MODIS,14,6.2,301.2,26.6,D,0
-16.3419,144.1037,314.4,2.5,1.5,2014-07-11,0340,Aqua,MODIS,66,6.2,300.5,27.6,D,0
-14.336,141.7374,317.9,3.5,1.8,2014-07-11,0340,Aqua,MODIS,71,6.2,297.4,61.3,D,0
-14.5766,141.7763,311.8,3.5,1.8,2014-07-11,0340,Aqua,MODIS,60,6.2,296.8,32.4,D,0
-14.5703,141.7829,319.5,3.5,1.8,2014-07-11,0340,Aqua,MODIS,74,6.2,297.2,74.9,D,0
-14.3394,141.7048,318.3,3.5,1.8,2014-07-11,0340,Aqua,MODIS,73,6.2,297.9,63.5,D,0
-12.8736,141.8869,319.4,3.3,1.7,2014-07-11,0341,Aqua,MODIS,58,6.2,293.4,70.1,D,0
-12.8623,141.8815,335.3,3.3,1.7,2014-07-11,0341,Aqua,MODIS,66,6.2,295.7,168.8,D,0
-12.8582,141.8854,341.8,3.3,1.7,2014-07-11,0341,Aqua,MODIS,0,6.2,296.1,229.6,D,0
-20.1709,127.4222,334.4,1,1,2014-07-11,0517,Aqua,MODIS,0,6.2,308.6,22.9,D,0
-20.1039,127.4405,320.4,1,1,2014-07-11,0517,Aqua,MODIS,54,6.2,308.1,7.8,D,0
-21.7107,118.6509,310.7,3.3,1.7,2014-07-11,0517,Aqua,MODIS,35,6.2,299.6,21,D,0
-20.0747,119.7132,334.8,2.6,1.6,2014-07-11,0517,Aqua,MODIS,84,6.2,302,111.3,D,0
-20.6889,119.6179,321.2,2.7,1.6,2014-07-11,0517,Aqua,MODIS,69,6.2,303,41.5,D,0
-20.6995,119.6121,324.4,2.7,1.6,2014-07-11,0517,Aqua,MODIS,74,6.2,303.8,54.9,D,0
-20.1783,127.8777,323.5,1,1,2014-07-11,0517,Aqua,MODIS,70,6.2,307.1,10.9,D,0
-20.1769,127.8872,327.3,1,1,2014-07-11,0517,Aqua,MODIS,76,6.2,307.9,15.2,D,0
-21.9725,123.0761,315.3,1.6,1.2,2014-07-11,0517,Aqua,MODIS,44,6.2,304,9.5,D,0
-16.2257,127.7879,331.5,1,1,2014-07-11,0518,Aqua,MODIS,79,6.2,309.4,19.2,D,0
-16.2228,127.8072,343.1,1,1,2014-07-11,0518,Aqua,MODIS,90,6.2,307.6,39.2,D,0
-17.7033,122.2547,324.7,1.6,1.2,2014-07-11,0518,Aqua,MODIS,47,6.2,290.1,27.5,D,0
-15.7892,128.3053,325.7,1.1,1,2014-07-11,0518,Aqua,MODIS,69,6.2,307.5,11.9,D,0
-18.1078,122.589,340.5,1.5,1.2,2014-07-11,0518,Aqua,MODIS,45,6.2,287.1,56.6,D,0
-15.9287,128.6636,323.2,1.1,1.1,2014-07-11,0518,Aqua,MODIS,41,6.2,305.7,10.9,D,0
-15.7877,128.3153,352.4,1.1,1,2014-07-11,0518,Aqua,MODIS,96,6.2,311,61,D,0
-16.2242,127.7975,390.8,1,1,2014-07-11,0518,Aqua,MODIS,100,6.2,316.3,200.3,D,0
-15.797,128.3168,330.5,1.1,1,2014-07-11,0518,Aqua,MODIS,73,6.2,306.5,18.9,D,0
-15.7847,128.3352,341.1,1.1,1,2014-07-11,0518,Aqua,MODIS,89,6.2,307.4,37.2,D,0
-15.7862,128.3253,351.2,1.1,1,2014-07-11,0518,Aqua,MODIS,95,6.2,310.1,57.6,D,0
-16.4979,136.8144,312.2,4,1.9,2014-07-11,0518,Aqua,MODIS,41,6.2,302.1,39.7,D,0
-14.6468,132.9153,315.8,2.2,1.4,2014-07-11,0518,Aqua,MODIS,57,6.2,302.8,13.8,D,0
-15.7516,129.3416,330.7,1.2,1.1,2014-07-11,0518,Aqua,MODIS,80,6.2,302.8,25.4,D,0
-15.7534,129.3303,322.9,1.2,1.1,2014-07-11,0518,Aqua,MODIS,63,6.2,302.3,13.7,D,0
-15.7286,129.3606,320.1,1.2,1.1,2014-07-11,0518,Aqua,MODIS,55,6.2,303.7,9.5,D,0
-16.1463,136.9091,312.9,4.1,1.9,2014-07-11,0518,Aqua,MODIS,58,6.2,298.8,53.8,D,0
-14.8111,134.9784,311.3,3.1,1.7,2014-07-11,0518,Aqua,MODIS,21,6.2,299.3,22.9,D,0
-16.2931,136.4116,314.9,3.8,1.8,2014-07-11,0518,Aqua,MODIS,63,6.2,302.3,43.4,D,0
-16.2866,136.4462,337,3.8,1.8,2014-07-11,0518,Aqua,MODIS,88,6.2,303.1,220.1,D,0
-15.8516,135.4063,317.3,3.2,1.7,2014-07-11,0518,Aqua,MODIS,37,6.2,305,40,D,0
-15.849,135.4136,321.4,3.2,1.7,2014-07-11,0518,Aqua,MODIS,73,6.2,304.7,62.8,D,0
-16.2986,136.4174,315.3,3.8,1.8,2014-07-11,0518,Aqua,MODIS,56,6.2,302.5,41.9,D,0
-16.2756,136.4487,327,3.8,1.8,2014-07-11,0518,Aqua,MODIS,80,6.2,302.1,125,D,0
-16.2918,136.452,321.5,3.8,1.8,2014-07-11,0518,Aqua,MODIS,75,6.2,302.9,83.7,D,0
-15.846,135.4368,317.2,3.2,1.7,2014-07-11,0518,Aqua,MODIS,45,6.2,302.7,40.9,D,0
-15.4645,127.7643,331.3,1,1,2014-07-11,0518,Aqua,MODIS,74,6.2,308.2,17.2,D,0
-16.7678,128.2787,319.7,1.1,1,2014-07-11,0518,Aqua,MODIS,30,6.2,306,6.7,D,0
-15.1468,130.5683,318.4,1.5,1.2,2014-07-11,0518,Aqua,MODIS,50,6.2,297.9,9.6,D,0
-15.4433,127.7246,338.4,1,1,2014-07-11,0518,Aqua,MODIS,87,6.2,306.5,30.8,D,0
-15.586,129.3658,318.9,1.2,1.1,2014-07-11,0518,Aqua,MODIS,36,6.2,302,9.3,D,0
-15.5743,129.3754,319.1,1.2,1.1,2014-07-11,0518,Aqua,MODIS,35,6.2,304.3,9.3,D,0
-16.7586,128.2771,321.6,1.1,1,2014-07-11,0518,Aqua,MODIS,54,6.2,305.3,8.4,D,0
-16.7532,128.2703,326.6,1.1,1,2014-07-11,0518,Aqua,MODIS,71,6.2,306,14.4,D,0
-15.4581,127.932,321.8,1.1,1,2014-07-11,0518,Aqua,MODIS,22,6.2,305.1,9.2,D,0
-15.4625,127.7146,318.2,1,1,2014-07-11,0518,Aqua,MODIS,33,6.2,304.2,5,D,0
-15.4659,127.7546,338.7,1,1,2014-07-11,0518,Aqua,MODIS,87,6.2,308.1,28.8,D,0
-15.4611,127.7243,332.1,1,1,2014-07-11,0518,Aqua,MODIS,76,6.2,305.9,20,D,0
-15.4717,127.7161,366.2,1,1,2014-07-11,0518,Aqua,MODIS,100,6.2,309.3,98.2,D,0
-15.4702,127.7258,366,1,1,2014-07-11,0518,Aqua,MODIS,100,6.2,311.4,96.3,D,0
-15.4596,127.9223,321.4,1.1,1,2014-07-11,0518,Aqua,MODIS,18,6.2,304.3,8.9,D,0
-15.4459,127.9503,344.4,1.1,1,2014-07-11,0518,Aqua,MODIS,91,6.2,306.6,41.1,D,0
-15.4688,127.7354,338.9,1,1,2014-07-11,0518,Aqua,MODIS,87,6.2,309.3,29.8,D,0
-15.9145,128.6929,344.2,1.1,1.1,2014-07-11,0518,Aqua,MODIS,91,6.2,308.3,44.2,D,0
-15.4489,127.9306,324.9,1.1,1,2014-07-11,0518,Aqua,MODIS,53,6.2,305.2,11.8,D,0
-15.4536,127.9617,334.3,1.1,1,2014-07-11,0518,Aqua,MODIS,83,6.2,305.2,24.4,D,0
-15.4504,127.9208,326.4,1.1,1,2014-07-11,0518,Aqua,MODIS,53,6.2,304.4,13.5,D,0
-15.1701,130.9936,363.8,1.6,1.2,2014-07-11,0518,Aqua,MODIS,100,6.2,304.4,165.4,D,0
-15.4444,127.9603,358.6,1.1,1,2014-07-11,0518,Aqua,MODIS,99,6.2,308.9,75.8,D,0
-15.5079,127.8508,322.1,1,1,2014-07-11,0518,Aqua,MODIS,32,6.2,307.3,7.5,D,0
-15.1653,131.0228,328.5,1.6,1.2,2014-07-11,0518,Aqua,MODIS,79,6.2,305.9,28.8,D,0
-15.451,127.7358,326.5,1,1,2014-07-11,0518,Aqua,MODIS,74,6.2,308.3,13.7,D,0
-15.4524,127.7261,329.1,1,1,2014-07-11,0518,Aqua,MODIS,78,6.2,307.5,17.6,D,0
-15.1677,131.0083,358,1.6,1.2,2014-07-11,0518,Aqua,MODIS,99,6.2,306.1,133.1,D,0
-15.4418,127.7342,331.5,1,1,2014-07-11,0518,Aqua,MODIS,80,6.2,306.5,19.7,D,0
-15.4987,127.8493,322.7,1,1,2014-07-11,0518,Aqua,MODIS,46,6.2,306.4,8.3,D,0
-11.7371,130.2188,310.7,1.6,1.2,2014-07-11,0519,Aqua,MODIS,39,6.2,296.2,8.5,D,0
-14.6075,130.1868,327.3,1.4,1.2,2014-07-11,0519,Aqua,MODIS,70,6.2,304.4,25,D,0
-14.5969,130.185,325,1.4,1.2,2014-07-11,0519,Aqua,MODIS,61,6.2,303.9,19.1,D,0
-14.599,130.1719,322.2,1.4,1.2,2014-07-11,0519,Aqua,MODIS,56,6.2,302.6,15.3,D,0
-14.7076,130.1308,327.6,1.4,1.2,2014-07-11,0519,Aqua,MODIS,70,6.2,305.2,23.5,D,0
-14.6847,130.1397,337.6,1.4,1.2,2014-07-11,0519,Aqua,MODIS,87,6.2,304.5,47.2,D,0
-14.6054,130.1996,324.3,1.4,1.2,2014-07-11,0519,Aqua,MODIS,59,6.2,304.1,19.1,D,0
-14.2252,127.0555,324.4,1,1,2014-07-11,0519,Aqua,MODIS,35,6.2,309.6,9.4,D,0
-14.6135,130.1803,331.1,1.4,1.2,2014-07-11,0519,Aqua,MODIS,81,6.2,303.5,34,D,0
-14.7364,130.1292,341.7,1.4,1.2,2014-07-11,0519,Aqua,MODIS,90,6.2,305.1,58.3,D,0
-15.3103,127.5009,322.8,1,1,2014-07-11,0519,Aqua,MODIS,33,6.2,305.8,8.7,D,0
-14.2573,127.0892,330.9,1,1,2014-07-11,0519,Aqua,MODIS,79,6.2,306.4,17.9,D,0
-14.7632,130.0293,322.8,1.4,1.2,2014-07-11,0519,Aqua,MODIS,70,6.2,305,13.8,D,0
-14.7134,130.1381,330.2,1.4,1.2,2014-07-11,0519,Aqua,MODIS,42,6.2,304.6,27.3,D,0
-14.2587,127.0798,326,1,1,2014-07-11,0519,Aqua,MODIS,71,6.2,307.1,12.9,D,0
-15.0369,126.0872,325.8,1,1,2014-07-11,0519,Aqua,MODIS,61,6.2,305.2,11.8,D,0
-15.3117,127.4914,337.9,1,1,2014-07-11,0519,Aqua,MODIS,86,6.2,307.7,29.7,D,0
-14.6095,130.1739,328.5,1.4,1.2,2014-07-11,0519,Aqua,MODIS,73,6.2,302.9,27.6,D,0
-14.7384,130.1167,324.8,1.4,1.2,2014-07-11,0519,Aqua,MODIS,54,6.2,304.8,18.6,D,0
-14.7652,130.0168,329.7,1.4,1.2,2014-07-11,0519,Aqua,MODIS,80,6.2,304,26.7,D,0
-14.6867,130.127,340.7,1.4,1.2,2014-07-11,0519,Aqua,MODIS,89,6.2,305.7,54.1,D,0
-14.6762,130.1255,324.3,1.4,1.2,2014-07-11,0519,Aqua,MODIS,65,6.2,304.5,18.9,D,0
-15.3131,127.4819,325.9,1,1,2014-07-11,0519,Aqua,MODIS,67,6.2,306.4,12.5,D,0
-11.7394,130.2044,319.2,1.6,1.2,2014-07-11,0519,Aqua,MODIS,71,6.2,297.8,22.5,D,0
-15.3222,127.4834,323.4,1,1,2014-07-11,0519,Aqua,MODIS,46,6.2,306.2,9.8,D,0
-14.1982,127.1763,322.1,1,1,2014-07-11,0519,Aqua,MODIS,59,6.2,308.3,7.7,D,0
-14.4955,126.6526,318.6,1,1,2014-07-11,0519,Aqua,MODIS,34,6.2,303.9,5.9,D,0
-11.9963,133.9421,315,3,1.6,2014-07-11,0519,Aqua,MODIS,39,6.2,298.3,23.3,D,0
-12.0787,133.6651,336.2,2.8,1.6,2014-07-11,0519,Aqua,MODIS,87,6.2,300.4,126.3,D,0
-12.093,133.6678,321,2.8,1.6,2014-07-11,0519,Aqua,MODIS,63,6.2,301.4,39.7,D,0
-12.0903,133.6598,324.6,2.8,1.6,2014-07-11,0519,Aqua,MODIS,76,6.2,301.2,58.9,D,0
-12.4687,132.5092,320.3,2.3,1.5,2014-07-11,0519,Aqua,MODIS,58,6.2,300.1,28.4,D,0
-12.076,133.6569,341,2.8,1.6,2014-07-11,0519,Aqua,MODIS,90,6.2,300.2,164.2,D,0
-12.787,132.4857,319.6,2.2,1.4,2014-07-11,0519,Aqua,MODIS,66,6.2,302.4,27.8,D,0
-11.8669,133.1927,312.7,2.6,1.6,2014-07-11,0519,Aqua,MODIS,55,6.2,296.2,20.6,D,0
-12.4268,130.6567,322.8,1.6,1.3,2014-07-11,0519,Aqua,MODIS,75,6.2,297.5,29.9,D,0
-12.9491,132.8499,327.2,2.4,1.5,2014-07-11,0519,Aqua,MODIS,63,6.2,302.6,53.1,D,0
-12.0805,133.6308,319.7,2.8,1.6,2014-07-11,0519,Aqua,MODIS,51,6.2,299.1,39.9,D,0
-11.9918,134.0543,315.2,3,1.7,2014-07-11,0519,Aqua,MODIS,54,6.2,297.4,33.8,D,0
-12.4282,130.6485,326.1,1.6,1.3,2014-07-11,0519,Aqua,MODIS,78,6.2,298.1,36.8,D,0
-12.0834,133.639,331.7,2.8,1.6,2014-07-11,0519,Aqua,MODIS,83,6.2,299.8,98.3,D,0
-12.8462,132.7607,316.5,2.3,1.5,2014-07-11,0519,Aqua,MODIS,58,6.2,302,21.8,D,0
-12.4583,132.5712,326.4,2.3,1.5,2014-07-11,0519,Aqua,MODIS,69,6.2,304,47.4,D,0
-12.4292,130.6417,314.6,1.6,1.3,2014-07-11,0519,Aqua,MODIS,25,6.2,297.9,13.5,D,0
-14.4968,126.6433,328.9,1,1,2014-07-11,0519,Aqua,MODIS,78,6.2,305.9,16.5,D,0
-14.3279,129.4205,321.3,1.3,1.1,2014-07-11,0519,Aqua,MODIS,39,6.2,300.6,15.7,D,0
-14.2252,129.6159,319,1.3,1.1,2014-07-11,0519,Aqua,MODIS,55,6.2,302.2,9.8,D,0
-14.3261,129.4322,336.1,1.3,1.1,2014-07-11,0519,Aqua,MODIS,86,6.2,299.1,42,D,0
-14.3562,129.4372,315.5,1.3,1.1,2014-07-11,0519,Aqua,MODIS,37,6.2,299.9,9.2,D,0
-14.316,129.4306,320.4,1.3,1.1,2014-07-11,0519,Aqua,MODIS,55,6.2,298.2,15.5,D,0
-14.3179,129.4188,318.1,1.3,1.1,2014-07-11,0519,Aqua,MODIS,31,6.2,300.6,12.1,D,0
-14.2559,127.0987,333.9,1,1,2014-07-11,0519,Aqua,MODIS,82,6.2,307.1,21.1,D,0
-14.2354,129.6176,317.3,1.3,1.1,2014-07-11,0519,Aqua,MODIS,38,6.2,301.3,7.7,D,0
-14.2255,129.481,315.2,1.3,1.1,2014-07-11,0519,Aqua,MODIS,30,6.2,300.7,7.2,D,0
-14.3426,126.6329,332.8,1,1,2014-07-11,0519,Aqua,MODIS,81,6.2,308.1,18.1,D,0
-14.1584,129.5254,336.7,1.3,1.1,2014-07-11,0519,Aqua,MODIS,81,6.2,299.4,45.7,D,0
-12.7894,130.546,320.3,1.6,1.2,2014-07-11,0519,Aqua,MODIS,68,6.2,301.9,18.1,D,0
-14.1603,129.5135,335.3,1.3,1.1,2014-07-11,0519,Aqua,MODIS,85,6.2,300.3,43,D,0
-14.2546,127.1081,322,1,1,2014-07-11,0519,Aqua,MODIS,30,6.2,306.7,7.5,D,0
-14.3439,126.6237,328,1,1,2014-07-11,0519,Aqua,MODIS,35,6.2,306.1,12.3,D,0
-14.3336,126.6315,336,1,1,2014-07-11,0519,Aqua,MODIS,85,6.2,311.5,22.1,D,0
-14.3349,126.6223,350.5,1,1,2014-07-11,0519,Aqua,MODIS,95,6.2,311.5,48.7,D,0
-14.3363,126.613,371.9,1,1,2014-07-11,0519,Aqua,MODIS,100,6.2,310.9,109.1,D,0
-14.3376,126.6038,371,1,1,2014-07-11,0519,Aqua,MODIS,100,6.2,310.9,105.9,D,0
-14.3389,126.5945,362.6,1,1,2014-07-11,0519,Aqua,MODIS,100,6.2,311.3,78.8,D,0
-12.8164,131.0786,352.2,1.7,1.3,2014-07-11,0519,Aqua,MODIS,96,6.2,303.7,127.9,D,0
-14.3403,126.5853,332.9,1,1,2014-07-11,0519,Aqua,MODIS,44,6.2,310.3,16.8,D,0
-14.3416,126.576,335.6,1,1,2014-07-11,0519,Aqua,MODIS,76,6.2,309.5,20.4,D,0
-14.343,126.5668,337.9,1,1,2014-07-11,0519,Aqua,MODIS,86,6.2,309.7,24.4,D,0
-14.3443,126.5575,335,1,1,2014-07-11,0519,Aqua,MODIS,84,6.2,308.9,20.9,D,0
-14.3342,126.5587,326.1,1,1,2014-07-11,0519,Aqua,MODIS,31,6.2,308.4,10.5,D,0
-14.3046,126.573,326.3,1,1,2014-07-11,0519,Aqua,MODIS,39,6.2,306.9,8.7,D,0
-14.3073,126.5546,326,1,1,2014-07-11,0519,Aqua,MODIS,22,6.2,308,9,D,0
-14.2969,126.5624,328.5,1,1,2014-07-11,0519,Aqua,MODIS,43,6.2,305.5,12,D,0
-14.3596,126.5787,328,1,1,2014-07-11,0519,Aqua,MODIS,76,6.2,300.8,18.4,D,0
-14.3493,126.5866,375.3,1,1,2014-07-11,0519,Aqua,MODIS,100,6.2,311.6,123.3,D,0
-14.352,126.5681,419.8,1,1,2014-07-11,0519,Aqua,MODIS,100,6.2,319,382.5,D,0
-14.3506,126.5774,397.7,1,1,2014-07-11,0519,Aqua,MODIS,100,6.2,316.3,228,D,0
-14.3533,126.5589,397.2,1,1,2014-07-11,0519,Aqua,MODIS,100,6.2,313.7,225.2,D,0
-13.5659,133.987,318.5,2.8,1.6,2014-07-11,0519,Aqua,MODIS,66,6.2,298.4,43,D,0
-12.8189,131.0896,333.4,1.7,1.3,2014-07-11,0519,Aqua,MODIS,84,6.2,304.8,50.3,D,0
-11.4112,132.2327,311.5,2.3,1.5,2014-07-11,0519,Aqua,MODIS,41,6.2,296.2,15.2,D,0
-11.2762,131.9415,317.2,2.2,1.4,2014-07-11,0519,Aqua,MODIS,67,6.2,297.5,25.9,D,0
-11.276,131.949,314.4,2.2,1.4,2014-07-11,0519,Aqua,MODIS,50,6.2,296.9,17.5,D,0
-12.8137,131.0945,327.3,1.7,1.3,2014-07-11,0519,Aqua,MODIS,78,6.2,305,33,D,0
-12.2379,132.6274,316.4,2.3,1.5,2014-07-11,0519,Aqua,MODIS,59,6.2,301.6,23.1,D,0
-14.4271,132.5096,321.8,2.1,1.4,2014-07-11,0519,Aqua,MODIS,72,6.2,304,28.4,D,0
-14.4275,132.5044,324.4,2.1,1.4,2014-07-11,0519,Aqua,MODIS,64,6.2,304.1,35.2,D,0
-14.4303,132.4909,317.8,2.1,1.4,2014-07-11,0519,Aqua,MODIS,50,6.2,302.3,18.1,D,0
-12.8098,131.0717,328.3,1.7,1.3,2014-07-11,0519,Aqua,MODIS,79,6.2,302.8,35.4,D,0
-12.8073,131.0876,325.1,1.7,1.3,2014-07-11,0519,Aqua,MODIS,75,6.2,303.4,25.5,D,0
-11.3219,132.3107,312.3,2.3,1.5,2014-07-11,0519,Aqua,MODIS,42,6.2,297.2,15.2,D,0
-11.321,132.294,318.3,2.3,1.5,2014-07-11,0519,Aqua,MODIS,70,6.2,298,31.5,D,0
-11.3254,132.2897,314.8,2.3,1.5,2014-07-11,0519,Aqua,MODIS,63,6.2,297.3,20.5,D,0
-12.8214,131.0735,324.3,1.7,1.3,2014-07-11,0519,Aqua,MODIS,74,6.2,301.6,26.3,D,0
-11.4831,131.4152,318.6,2,1.4,2014-07-11,0519,Aqua,MODIS,44,6.2,296.7,26.3,D,0
-11.2331,131.2646,310.2,1.9,1.4,2014-07-11,0519,Aqua,MODIS,22,6.2,294,12.1,D,0
-11.2257,131.2744,316.5,1.9,1.4,2014-07-11,0519,Aqua,MODIS,48,6.2,295.3,23.7,D,0
-13.5579,133.6678,313.4,2.7,1.6,2014-07-11,0519,Aqua,MODIS,47,6.2,297.9,22.9,D,0
-11.3116,131.2655,312.5,1.9,1.4,2014-07-11,0519,Aqua,MODIS,43,6.2,295.6,13.7,D,0
-11.3085,131.2596,313.9,1.9,1.4,2014-07-11,0519,Aqua,MODIS,50,6.2,295.9,16.6,D,0
-11.3979,131.3053,317.6,1.9,1.4,2014-07-11,0519,Aqua,MODIS,68,6.2,297.2,19.3,D,0
-11.3934,131.2973,315,1.9,1.4,2014-07-11,0519,Aqua,MODIS,62,6.2,296.8,16.3,D,0
-12.2415,132.6062,318,2.3,1.5,2014-07-11,0519,Aqua,MODIS,65,6.2,299.3,28.8,D,0
-13.563,133.6764,313.9,2.7,1.6,2014-07-11,0519,Aqua,MODIS,50,6.2,297.8,24.1,D,0
-11.4535,131.4232,320.7,2,1.4,2014-07-11,0519,Aqua,MODIS,61,6.2,296.6,30.9,D,0
-11.6843,130.7,312.1,1.7,1.3,2014-07-11,0519,Aqua,MODIS,37,6.2,298.6,9.2,D,0
-11.3545,130.9717,310.7,1.8,1.3,2014-07-11,0519,Aqua,MODIS,0,6.2,295.7,14,D,0
-11.9535,132.8105,320.6,2.4,1.5,2014-07-11,0519,Aqua,MODIS,27,6.2,298.9,34.6,D,0
-13.5632,132.0926,321.8,2,1.4,2014-07-11,0519,Aqua,MODIS,26,6.2,303.9,21.3,D,0
-14.0599,130.6597,339.8,1.5,1.2,2014-07-11,0519,Aqua,MODIS,88,6.2,304.6,59.9,D,0
-13.7004,131.7372,350.9,1.9,1.3,2014-07-11,0519,Aqua,MODIS,95,6.2,304.2,132.5,D,0
-13.9652,130.6816,319.4,1.6,1.2,2014-07-11,0519,Aqua,MODIS,40,6.2,303.8,12.7,D,0
-13.6884,131.7352,347.1,1.9,1.3,2014-07-11,0519,Aqua,MODIS,93,6.2,306.1,112.5,D,0
-14.0557,133.4126,313.9,2.5,1.5,2014-07-11,0519,Aqua,MODIS,53,6.2,300.4,18.5,D,0
-13.7221,133.9763,313.4,2.8,1.6,2014-07-11,0519,Aqua,MODIS,37,6.2,300.3,20.4,D,0
-13.6905,132.1277,323.2,2,1.4,2014-07-11,0519,Aqua,MODIS,72,6.2,302.7,25.2,D,0
-11.9606,132.8066,317.8,2.4,1.5,2014-07-11,0519,Aqua,MODIS,56,6.2,298.5,28.2,D,0
-11.9568,132.8289,315.6,2.5,1.5,2014-07-11,0519,Aqua,MODIS,38,6.2,297.9,20.6,D,0
-14.0594,133.4313,313.6,2.5,1.5,2014-07-11,0519,Aqua,MODIS,51,6.2,301.5,18.6,D,0
-11.9703,132.8313,321,2.5,1.5,2014-07-11,0519,Aqua,MODIS,72,6.2,298.4,39.2,D,0
-13.5416,132.0698,339.7,2,1.4,2014-07-11,0519,Aqua,MODIS,89,6.2,303.3,87.7,D,0
-14.0577,130.6737,341,1.6,1.2,2014-07-11,0519,Aqua,MODIS,89,6.2,303.1,63.2,D,0
-13.8447,133.7991,317.1,2.7,1.6,2014-07-11,0519,Aqua,MODIS,37,6.2,300.7,27.6,D,0
-13.6259,131.8857,320.8,1.9,1.4,2014-07-11,0519,Aqua,MODIS,59,6.2,304.1,23.1,D,0
-13.1375,132.7437,321.6,2.3,1.5,2014-07-11,0519,Aqua,MODIS,71,6.2,302.5,36.4,D,0
-13.5704,133.9613,319.5,2.8,1.6,2014-07-11,0519,Aqua,MODIS,56,6.2,298.4,44,D,0
-13.7306,132.1158,320.1,2,1.4,2014-07-11,0519,Aqua,MODIS,39,6.2,303.5,18.6,D,0
-13.5607,133.9331,331.8,2.8,1.6,2014-07-11,0519,Aqua,MODIS,83,6.2,299.9,103.4,D,0
-14.0687,130.6756,320.6,1.6,1.2,2014-07-11,0519,Aqua,MODIS,33,6.2,302.9,11.8,D,0
-12.9717,132.8619,323.7,2.4,1.5,2014-07-11,0519,Aqua,MODIS,65,6.2,303.9,44.3,D,0
-12.9756,132.8549,324.4,2.4,1.5,2014-07-11,0519,Aqua,MODIS,53,6.2,302.7,45.9,D,0
-14.0796,130.6775,324,1.6,1.2,2014-07-11,0519,Aqua,MODIS,53,6.2,303.7,17.8,D,0
-13.7938,133.8402,316.6,2.7,1.6,2014-07-11,0519,Aqua,MODIS,61,6.2,299.8,25.3,D,0
-13.6936,132.1092,327.6,2,1.4,2014-07-11,0519,Aqua,MODIS,78,6.2,303.5,39,D,0
-13.8256,133.7449,316.3,2.7,1.6,2014-07-11,0519,Aqua,MODIS,19,6.2,300.3,23.4,D,0
-13.6855,131.7525,320.7,1.9,1.3,2014-07-11,0519,Aqua,MODIS,53,6.2,305,16.5,D,0
-13.543,133.9225,316.9,2.8,1.6,2014-07-11,0519,Aqua,MODIS,33,6.2,298.6,35.7,D,0
-13.8384,131.7916,320.9,1.9,1.3,2014-07-11,0519,Aqua,MODIS,61,6.2,300.9,21.7,D,0
-30.6424,152.1137,306.6,1.5,1.2,2014-07-11,1300,Terra,MODIS,68,6.2,278.5,21.6,N,0
-27.2184,149.3346,307.9,1.2,1.1,2014-07-11,1301,Terra,MODIS,73,6.2,275.4,17.5,N,0
-29.6648,152.3278,319.8,1.6,1.2,2014-07-11,1301,Terra,MODIS,83,6.2,282.6,39.8,N,0
-29.6534,152.3263,306.9,1.6,1.2,2014-07-11,1301,Terra,MODIS,58,6.2,279.2,20.9,N,0
-29.6792,152.313,310.5,1.6,1.2,2014-07-11,1301,Terra,MODIS,37,6.2,281.4,24.7,N,0
-29.6678,152.312,315.6,1.6,1.2,2014-07-11,1301,Terra,MODIS,56,6.2,280.7,32,N,0
-29.4764,148.5516,317,1.1,1,2014-07-11,1301,Terra,MODIS,94,6.2,276.6,21.9,N,0
-20.7379,139.4698,301,1.7,1.3,2014-07-11,1304,Terra,MODIS,36,6.2,283.1,14.5,N,2
-16.6129,145.0735,301.5,1,1,2014-07-11,1304,Terra,MODIS,42,6.2,287.6,5.8,N,0
-20.7346,139.4755,306,1.7,1.3,2014-07-11,1304,Terra,MODIS,67,6.2,282.9,22.2,N,2
-16.6316,145.1362,301.3,1,1,2014-07-11,1304,Terra,MODIS,40,6.2,286.9,6.1,N,0
-14.2815,142.8166,300.2,1,1,2014-07-11,1305,Terra,MODIS,20,6.2,290.1,3.8,N,0
-15.2492,141.9996,301.2,1.1,1,2014-07-11,1305,Terra,MODIS,39,6.2,288.3,5.8,N,0
-14.2828,142.8073,301.3,1,1,2014-07-11,1305,Terra,MODIS,40,6.2,290,4.4,N,0
-15.3843,143.4047,301.3,1,1,2014-07-11,1305,Terra,MODIS,40,6.2,288.5,5.3,N,0
-16.3229,144.1703,300.6,1,1,2014-07-11,1305,Terra,MODIS,31,6.2,286.3,5.6,N,0
-16.1835,144.1167,309.6,1,1,2014-07-11,1305,Terra,MODIS,44,6.2,288.7,9.8,N,0
-16.1655,144.1138,313,1,1,2014-07-11,1305,Terra,MODIS,66,6.2,288.2,12.1,N,0
-16.1745,144.1153,308.2,1,1,2014-07-11,1305,Terra,MODIS,61,6.2,287.7,9,N,0
-16.4587,144.1851,300.5,1,1,2014-07-11,1305,Terra,MODIS,29,6.2,289,5,N,0
-14.2647,142.8707,309.1,1,1,2014-07-11,1305,Terra,MODIS,76,6.2,290,9.1,N,0
-14.266,142.8615,321.9,1,1,2014-07-11,1305,Terra,MODIS,100,6.2,290.8,20.2,N,0
-14.2673,142.8522,304.5,1,1,2014-07-11,1305,Terra,MODIS,60,6.2,290.3,5.9,N,0
-16.3243,144.1609,302.1,1,1,2014-07-11,1305,Terra,MODIS,47,6.2,286.5,6.3,N,0
-16.3876,144.1673,309.3,1,1,2014-07-11,1305,Terra,MODIS,77,6.2,287.9,10.7,N,0
-14.2081,143.6536,301.4,1,1,2014-07-11,1305,Terra,MODIS,41,6.2,290.7,4.4,N,0
-11.6417,142.7561,304.2,1,1,2014-07-11,1306,Terra,MODIS,59,6.2,292.2,5.2,N,0
-11.7402,142.5818,304.1,1,1,2014-07-11,1306,Terra,MODIS,58,6.2,290.5,6.1,N,0
-11.7389,142.5909,304.1,1,1,2014-07-11,1306,Terra,MODIS,59,6.2,290.8,6,N,0
-29.6613,152.3276,302.7,2.4,1.5,2014-07-11,1435,Aqua,MODIS,51,6.2,278.8,32.8,N,0
-14.2764,142.779,314.5,1.3,1.1,2014-07-11,1609,Aqua,MODIS,89,6.2,289.5,19.8,N,0
-14.2662,142.7804,311.9,1.3,1.1,2014-07-11,1609,Aqua,MODIS,83,6.2,289.6,16.8,N,0
-14.2732,142.7729,313.2,1.3,1.1,2014-07-11,1609,Aqua,MODIS,86,6.2,289.5,18.1,N,0
-14.2763,142.797,300.2,1.3,1.1,2014-07-11,1609,Aqua,MODIS,10,6.2,288.9,6.3,N,0
-14.2678,142.7924,300.4,1.3,1.1,2014-07-11,1609,Aqua,MODIS,13,6.2,288.9,6.1,N,0
-14.2747,142.785,320.2,1.3,1.1,2014-07-11,1609,Aqua,MODIS,100,6.2,290.2,27.5,N,0
-14.2603,142.8925,300.9,1.3,1.1,2014-07-11,1609,Aqua,MODIS,35,6.2,288.7,7.3,N,0
-16.1777,144.118,303,1.7,1.3,2014-07-11,1610,Aqua,MODIS,50,6.2,287.5,14.1,N,0
-16.2595,136.4507,301.4,1.2,1.1,2014-07-11,1610,Aqua,MODIS,41,6.2,285.1,8.7,N,0
-15.8021,135.399,306.4,1.3,1.1,2014-07-11,1610,Aqua,MODIS,68,6.2,284.5,15.3,N,0
-16.2612,136.4615,302.6,1.2,1.1,2014-07-11,1610,Aqua,MODIS,50,6.2,286.1,9.1,N,0
-14.733,130.132,308.2,3.4,1.7,2014-07-11,1610,Aqua,MODIS,74,6.2,287.3,55.8,N,0
-14.0376,130.6697,302.8,3.2,1.7,2014-07-11,1610,Aqua,MODIS,52,6.2,288.8,29.3,N,0
-14.0422,130.6762,305,3.2,1.7,2014-07-11,1610,Aqua,MODIS,63,6.2,288.5,35.7,N,0
-14.7372,130.1361,306.1,3.4,1.7,2014-07-11,1610,Aqua,MODIS,67,6.2,287.3,47.6,N,0
-23.0233,150.6659,303.4,1.3,1.1,2014-07-11,2358,Terra,MODIS,55,6.2,289.6,7.7,D,0
-23.0212,150.653,302.7,1.3,1.1,2014-07-11,2358,Terra,MODIS,47,6.2,290.7,7,D,0
-23.0194,150.6607,310.7,1.3,1.1,2014-07-11,2358,Terra,MODIS,70,6.2,289.8,14.7,D,0
-26.516,152.5256,302.9,1,1,2014-07-11,2359,Terra,MODIS,51,6.2,290.8,5.7,D,0
-24.7569,147.0744,302,2.1,1.4,2014-07-11,2359,Terra,MODIS,49,6.2,289.6,13.9,D,0
-24.7559,147.0684,300,2.1,1.4,2014-07-11,2359,Terra,MODIS,5,6.2,288.9,10.2,D,0
-27.831,153.0544,302.1,1,1,2014-07-11,2359,Terra,MODIS,51,6.2,288,5.3,D,0
-29.2181,152.7894,302.6,1,1,2014-07-12,0000,Terra,MODIS,53,6.2,287.9,6.7,D,0
-29.811,152.1972,306,1,1,2014-07-12,0000,Terra,MODIS,63,6.2,283.9,9.5,D,0
-30.7083,152.5961,308.4,1,1,2014-07-12,0000,Terra,MODIS,67,6.2,287,9.9,D,0
-31.6057,152.8255,307.4,1,1,2014-07-12,0000,Terra,MODIS,0,6.2,286.9,9.2,D,0
-30.6468,152.244,304.6,1,1,2014-07-12,0000,Terra,MODIS,59,6.2,281,8.7,D,0
-30.6453,152.2335,344.5,1,1,2014-07-12,0000,Terra,MODIS,94,6.2,286,54.4,D,0
-30.6462,152.1201,301.6,1,1,2014-07-12,0000,Terra,MODIS,48,6.2,284,7.5,D,0
-30.9297,152.793,302.3,1,1,2014-07-12,0000,Terra,MODIS,51,6.2,287.4,6.1,D,0
-34.4573,150.8818,306.3,1,1,2014-07-12,0001,Terra,MODIS,48,6.2,289.1,7.6,D,2
-33.5243,146.9625,319.5,1.4,1.2,2014-07-12,0001,Terra,MODIS,79,6.2,283.5,33.5,D,0
-11.9631,133.1865,338.1,1,1,2014-07-12,0134,Terra,MODIS,88,6.2,302.3,33.1,D,0
-12.4414,132.5503,334.5,1,1,2014-07-12,0134,Terra,MODIS,86,6.2,304.1,24.3,D,0
-15.2485,141.9847,311.8,4.4,1.9,2014-07-12,0134,Terra,MODIS,41,6.2,296.7,38.6,D,0
-12.9424,132.832,322.1,1,1,2014-07-12,0134,Terra,MODIS,72,6.2,301.6,11.3,D,0
-11.9983,134.1517,315.5,1.1,1,2014-07-12,0134,Terra,MODIS,54,6.2,298.2,8.5,D,0
-15.2529,142.0254,313.7,4.4,1.9,2014-07-12,0134,Terra,MODIS,57,6.2,296.8,53.1,D,0
-11.853,133.1894,322.8,1,1,2014-07-12,0134,Terra,MODIS,75,6.2,300.4,14.1,D,0
-12.2303,134.086,314.3,1.1,1,2014-07-12,0134,Terra,MODIS,60,6.2,296.8,6.5,D,0
-12.4311,132.5425,334.3,1,1,2014-07-12,0134,Terra,MODIS,86,6.2,303.4,23.8,D,0
-12.4388,132.532,318.2,1,1,2014-07-12,0134,Terra,MODIS,47,6.2,301.8,7,D,0
-15.2542,142.0201,315,4.4,1.9,2014-07-12,0134,Terra,MODIS,63,6.2,296.9,66.6,D,0
-11.8131,133.7393,320.6,1.1,1,2014-07-12,0134,Terra,MODIS,30,6.2,299.9,9.4,D,0
-11.9844,134.0519,317.1,1.1,1,2014-07-12,0134,Terra,MODIS,66,6.2,298.6,9.6,D,0
-12.4298,132.5333,338.1,1,1,2014-07-12,0134,Terra,MODIS,89,6.2,303.9,30.6,D,0
-12.9438,132.8413,320.8,1,1,2014-07-12,0134,Terra,MODIS,61,6.2,302.1,9.3,D,0
-12.4157,130.6602,317.5,1.1,1,2014-07-12,0134,Terra,MODIS,63,6.2,298.9,10.6,D,0
-12.4401,132.5412,324.8,1,1,2014-07-12,0134,Terra,MODIS,78,6.2,302.7,12.4,D,0
-12.4301,132.5989,321.1,1,1,2014-07-12,0134,Terra,MODIS,57,6.2,304.2,9.1,D,0
-11.9644,133.1958,319,1,1,2014-07-12,0134,Terra,MODIS,57,6.2,299.3,8.5,D,0
-14.6733,141.9531,312.4,4.3,1.9,2014-07-12,0134,Terra,MODIS,50,6.2,296.8,51.9,D,0
-14.7038,141.9101,311,4.3,1.9,2014-07-12,0134,Terra,MODIS,23,6.2,297.2,39.2,D,0
-11.6522,132.8817,318.8,1,1,2014-07-12,0134,Terra,MODIS,63,6.2,301.7,8.1,D,0
-11.2207,131.2819,322,1,1,2014-07-12,0134,Terra,MODIS,72,6.2,299.7,14.4,D,0
-11.2298,131.2805,321.6,1,1,2014-07-12,0134,Terra,MODIS,69,6.2,298.5,13.2,D,0
-12.3586,132.8036,319.9,1,1,2014-07-12,0134,Terra,MODIS,72,6.2,297.5,13.6,D,0
-13.5647,133.9791,315.4,1.1,1.1,2014-07-12,0134,Terra,MODIS,55,6.2,299.3,8,D,0
-11.2676,131.2844,324.5,1,1,2014-07-12,0134,Terra,MODIS,73,6.2,298.8,15,D,0
-11.2571,131.2764,317.1,1,1,2014-07-12,0134,Terra,MODIS,27,6.2,298.6,7.4,D,0
-11.4454,131.4263,314.8,1,1,2014-07-12,0134,Terra,MODIS,47,6.2,299.1,6.6,D,0
-11.474,131.4315,319.3,1,1,2014-07-12,0134,Terra,MODIS,68,6.2,300.5,10.2,D,0
-11.4754,131.4408,318.2,1,1,2014-07-12,0134,Terra,MODIS,70,6.2,299.2,9.8,D,0
-14.6709,141.9584,311,4.3,1.9,2014-07-12,0134,Terra,MODIS,29,6.2,296.8,41.5,D,0
-11.6535,132.8909,320.9,1,1,2014-07-12,0134,Terra,MODIS,65,6.2,301,10.5,D,0
-13.7059,132.1342,323.7,1,1,2014-07-12,0134,Terra,MODIS,74,6.2,304,10.9,D,0
-13.732,132.1237,330.6,1,1,2014-07-12,0134,Terra,MODIS,82,6.2,303,20,D,0
-12.7874,130.5574,316.2,1.1,1,2014-07-12,0134,Terra,MODIS,40,6.2,299.7,7,D,0
-12.7859,130.5477,323.2,1.1,1,2014-07-12,0134,Terra,MODIS,72,6.2,301.1,14.4,D,0
-13.6247,133.034,314.3,1,1,2014-07-12,0134,Terra,MODIS,42,6.2,300.6,6.3,D,0
-13.523,132.0802,322.7,1,1,2014-07-12,0134,Terra,MODIS,63,6.2,302.6,10,D,0
-13.6425,132.9638,320.6,1,1,2014-07-12,0134,Terra,MODIS,64,6.2,302.9,9.2,D,0
-13.6517,132.9625,326.5,1,1,2014-07-12,0134,Terra,MODIS,71,6.2,303.3,14.2,D,0
-13.6587,132.955,326.9,1,1,2014-07-12,0134,Terra,MODIS,75,6.2,304.3,16.3,D,0
-13.6665,132.9442,320.1,1,1,2014-07-12,0134,Terra,MODIS,66,6.2,303.4,9.2,D,0
-13.6678,132.9537,317.7,1,1,2014-07-12,0134,Terra,MODIS,49,6.2,303.7,6.9,D,0
-13.6653,131.8587,352.5,1,1,2014-07-12,0134,Terra,MODIS,96,6.2,305.1,57.9,D,0
-13.7094,133.9776,317.5,1.1,1.1,2014-07-12,0134,Terra,MODIS,36,6.2,301.4,8,D,0
-13.7189,133.9763,324.6,1.1,1.1,2014-07-12,0134,Terra,MODIS,77,6.2,301.6,16.8,D,0
-13.7021,131.7341,336.5,1,1,2014-07-12,0134,Terra,MODIS,87,6.2,303.4,26.5,D,0
-14.1681,133.3578,321.1,1.1,1,2014-07-12,0134,Terra,MODIS,68,6.2,302.6,11.6,D,0
-14.1846,133.3595,317.3,1.1,1,2014-07-12,0134,Terra,MODIS,35,6.2,301.5,7.7,D,0
-13.144,132.7614,318.8,1,1,2014-07-12,0134,Terra,MODIS,61,6.2,303,7.6,D,0
-13.7109,133.9879,315.7,1.1,1.1,2014-07-12,0134,Terra,MODIS,14,6.2,299.5,6.3,D,0
-14.1925,133.3483,318.5,1.1,1,2014-07-12,0134,Terra,MODIS,51,6.2,301.4,8.9,D,0
-13.7035,131.7433,333.3,1,1,2014-07-12,0134,Terra,MODIS,84,6.2,302.2,21.9,D,0
-13.525,130.8578,322.2,1,1,2014-07-12,0134,Terra,MODIS,71,6.2,301.9,11.8,D,0
-13.5533,133.8974,312.7,1.1,1,2014-07-12,0134,Terra,MODIS,37,6.2,298.1,5.5,D,0
-13.5312,132.0724,322.8,1,1,2014-07-12,0134,Terra,MODIS,73,6.2,303.2,11.8,D,0
-13.5547,133.9076,348.1,1.1,1.1,2014-07-12,0134,Terra,MODIS,94,6.2,301.2,60.4,D,0
-13.5561,133.9178,320.5,1.1,1.1,2014-07-12,0134,Terra,MODIS,72,6.2,300,12.9,D,0
-13.7055,133.9841,322,1.1,1.1,2014-07-12,0134,Terra,MODIS,53,6.2,299.8,12.3,D,0
-13.0598,132.7517,318,1,1,2014-07-12,0134,Terra,MODIS,62,6.2,302.8,8.1,D,0
-13.0612,132.761,315.5,1,1,2014-07-12,0134,Terra,MODIS,47,6.2,301.7,5.7,D,0
-13.8512,131.8087,318.4,1,1,2014-07-12,0134,Terra,MODIS,65,6.2,303.2,7.3,D,0
-13.9437,134.3519,315.8,1.2,1.1,2014-07-12,0134,Terra,MODIS,15,6.2,301.6,7.1,D,0
-14.1132,133.5069,314.1,1.1,1,2014-07-12,0134,Terra,MODIS,55,6.2,300.6,6.2,D,0
-13.9416,134.358,317.2,1.2,1.1,2014-07-12,0134,Terra,MODIS,52,6.2,300.2,8.8,D,0
-13.7307,132.1145,326.8,1,1,2014-07-12,0134,Terra,MODIS,77,6.2,304.2,15,D,0
-13.7397,132.1132,322.9,1,1,2014-07-12,0134,Terra,MODIS,70,6.2,302.3,12,D,0
-13.0354,132.7743,320.9,1,1,2014-07-12,0134,Terra,MODIS,71,6.2,302.2,10.4,D,0
-13.7706,133.7545,315.2,1.1,1,2014-07-12,0134,Terra,MODIS,55,6.2,299.9,6.4,D,0
-13.772,133.7647,314.8,1.1,1,2014-07-12,0134,Terra,MODIS,51,6.2,299.5,6.2,D,0
-13.8255,133.7365,316.1,1.1,1,2014-07-12,0134,Terra,MODIS,48,6.2,300,7.2,D,0
-13.8269,133.7465,315.9,1.1,1,2014-07-12,0134,Terra,MODIS,51,6.2,299.7,7.2,D,0
-14.0646,133.4092,314.9,1.1,1,2014-07-12,0134,Terra,MODIS,58,6.2,300.5,6.8,D,0
-12.0651,134.6357,313.5,1.2,1.1,2014-07-12,0134,Terra,MODIS,55,6.2,299.1,6.1,D,0
-13.8283,133.7566,316.9,1.1,1,2014-07-12,0134,Terra,MODIS,47,6.2,299.5,7.9,D,0
-13.626,133.0435,319.1,1,1,2014-07-12,0134,Terra,MODIS,67,6.2,300.1,11.1,D,0
-11.5063,132.7659,314.5,1,1,2014-07-12,0134,Terra,MODIS,61,6.2,300.8,5.9,D,0
-13.6359,131.7225,316.4,1,1,2014-07-12,0134,Terra,MODIS,59,6.2,303.6,5.4,D,0
-13.6932,131.7355,322.3,1,1,2014-07-12,0134,Terra,MODIS,72,6.2,305.6,9.3,D,0
-13.7204,133.9866,327.3,1.1,1.1,2014-07-12,0134,Terra,MODIS,80,6.2,300.8,20.8,D,0
-13.6959,131.7538,319.8,1,1,2014-07-12,0134,Terra,MODIS,52,6.2,302.7,7,D,0
-13.6373,131.7316,321,1,1,2014-07-12,0134,Terra,MODIS,70,6.2,303.2,9.5,D,0
-13.9675,130.6834,318.6,1,1,2014-07-12,0135,Terra,MODIS,58,6.2,300.9,9.2,D,0
-14.0193,130.8395,316.7,1,1,2014-07-12,0135,Terra,MODIS,35,6.2,300.7,5.9,D,0
-13.9766,130.682,315.6,1,1,2014-07-12,0135,Terra,MODIS,39,6.2,299.5,6.1,D,0
-16.0144,136.8633,314.1,1.8,1.3,2014-07-12,0135,Terra,MODIS,39,6.2,300.3,13.6,D,0
-14.2967,132.0203,318.8,1,1,2014-07-12,0135,Terra,MODIS,61,6.2,303.2,8.3,D,0
-16.8994,138.2637,311.4,2.4,1.5,2014-07-12,0135,Terra,MODIS,57,6.2,298.8,19.6,D,0
-14.0805,130.698,326.3,1,1,2014-07-12,0135,Terra,MODIS,78,6.2,302.5,15.1,D,0
-14.2746,131.9953,317.3,1,1,2014-07-12,0135,Terra,MODIS,49,6.2,302.4,7.4,D,0
-14.0594,130.6819,322.2,1,1,2014-07-12,0135,Terra,MODIS,62,6.2,301.4,11.1,D,0
-14.0509,130.6801,325.3,1,1,2014-07-12,0135,Terra,MODIS,65,6.2,300.5,13.5,D,0
-14.1941,130.6552,313.9,1,1,2014-07-12,0135,Terra,MODIS,56,6.2,300.9,5,D,0
-16.8938,138.2576,317,2.4,1.5,2014-07-12,0135,Terra,MODIS,70,6.2,299.4,35.8,D,0
-14.0283,130.8381,317.3,1,1,2014-07-12,0135,Terra,MODIS,35,6.2,300.6,6.4,D,0
-14.5673,129.8374,313.3,1.1,1,2014-07-12,0135,Terra,MODIS,15,6.2,293.1,5.4,D,0
-14.7477,130.1197,321.3,1.1,1,2014-07-12,0135,Terra,MODIS,57,6.2,298.2,11.6,D,0
-14.668,130.139,322.9,1.1,1,2014-07-12,0135,Terra,MODIS,61,6.2,300.6,13.3,D,0
-14.6265,130.1756,324.9,1.1,1,2014-07-12,0135,Terra,MODIS,77,6.2,300.6,17.7,D,0
-15.1512,131.0755,313.6,1,1,2014-07-12,0135,Terra,MODIS,22,6.2,299.4,5,D,0
-14.0404,130.672,325.8,1,1,2014-07-12,0135,Terra,MODIS,77,6.2,302.4,15,D,0
-14.0313,130.6734,326.3,1,1,2014-07-12,0135,Terra,MODIS,78,6.2,301.8,16.1,D,0
-15.1746,130.9863,312.9,1,1,2014-07-12,0135,Terra,MODIS,41,6.2,299.6,4.3,D,0
-14.625,130.1659,327.5,1.1,1,2014-07-12,0135,Terra,MODIS,80,6.2,299.3,20.6,D,0
-14.6588,130.1404,321.1,1.1,1,2014-07-12,0135,Terra,MODIS,33,6.2,298.7,11.2,D,0
-14.6695,130.1487,322.4,1.1,1,2014-07-12,0135,Terra,MODIS,66,6.2,299.7,13.4,D,0
-14.6202,130.1826,320,1.1,1,2014-07-12,0135,Terra,MODIS,20,6.2,299.7,10.4,D,0
-15.1732,130.9769,313.5,1,1,2014-07-12,0135,Terra,MODIS,49,6.2,300.2,4.9,D,0
-14.6125,130.194,327.4,1.1,1,2014-07-12,0135,Terra,MODIS,42,6.2,299.5,16.6,D,0
-14.5971,130.2164,316.8,1.1,1,2014-07-12,0135,Terra,MODIS,34,6.2,299.7,7.2,D,0
-14.5926,130.1871,317.6,1.1,1,2014-07-12,0135,Terra,MODIS,53,6.2,301.1,7.5,D,0
-14.6787,130.1473,326.2,1.1,1,2014-07-12,0135,Terra,MODIS,39,6.2,299.8,15.8,D,0
-15.1754,131.0527,316.5,1,1,2014-07-12,0135,Terra,MODIS,53,6.2,300.3,6.4,D,0
-14.0418,130.6815,322.1,1,1,2014-07-12,0135,Terra,MODIS,69,6.2,301,11,D,0
-15.8736,135.4827,323.6,1.4,1.2,2014-07-12,0135,Terra,MODIS,77,6.2,302.2,23.7,D,0
-16.2441,136.4418,351.1,1.7,1.3,2014-07-12,0135,Terra,MODIS,96,6.2,303.1,125.1,D,0
-16.2595,136.4722,327.6,1.7,1.3,2014-07-12,0135,Terra,MODIS,72,6.2,301.7,37.9,D,0
-16.1416,136.1608,322.3,1.6,1.3,2014-07-12,0135,Terra,MODIS,76,6.2,301.5,25.5,D,0
-16.2339,136.433,381.8,1.7,1.3,2014-07-12,0135,Terra,MODIS,100,6.2,304.5,341.9,D,0
-15.8753,135.4962,316.9,1.5,1.2,2014-07-12,0135,Terra,MODIS,51,6.2,300.9,13.5,D,0
-16.2825,136.0076,323.1,1.6,1.2,2014-07-12,0135,Terra,MODIS,63,6.2,302.6,24.5,D,0
-16.2422,136.4259,364.6,1.7,1.3,2014-07-12,0135,Terra,MODIS,100,6.2,302.2,201.5,D,0
-15.9146,135.4634,318.7,1.4,1.2,2014-07-12,0135,Terra,MODIS,62,6.2,301.7,14.6,D,0
-16.2306,136.4274,343.9,1.7,1.3,2014-07-12,0135,Terra,MODIS,92,6.2,297.6,95.6,D,0
-16.2552,136.0632,314.6,1.6,1.2,2014-07-12,0135,Terra,MODIS,63,6.2,300.6,13.6,D,0
-15.8207,135.4082,317.5,1.4,1.2,2014-07-12,0135,Terra,MODIS,41,6.2,302,13.3,D,0
-16.1285,136.147,315,1.6,1.3,2014-07-12,0135,Terra,MODIS,23,6.2,301.8,10.9,D,0
-15.8045,135.4033,326.6,1.4,1.2,2014-07-12,0135,Terra,MODIS,80,6.2,302.1,29.9,D,0
-16.2576,136.4562,323.8,1.7,1.3,2014-07-12,0135,Terra,MODIS,55,6.2,302.2,28.2,D,0
-16.2325,136.4433,361.7,1.7,1.3,2014-07-12,0135,Terra,MODIS,100,6.2,302,184.8,D,0
-16.2557,136.4403,320.7,1.7,1.3,2014-07-12,0135,Terra,MODIS,46,6.2,302.4,23.5,D,0
-15.5828,136.0736,312,1.6,1.2,2014-07-12,0135,Terra,MODIS,39,6.2,298.7,9.4,D,0
-15.8275,135.4137,318.4,1.4,1.2,2014-07-12,0135,Terra,MODIS,52,6.2,301.4,14.5,D,0
-16.2359,136.4489,349.4,1.7,1.3,2014-07-12,0135,Terra,MODIS,95,6.2,301.3,122.6,D,0
-16.2963,136.4836,319.7,1.7,1.3,2014-07-12,0135,Terra,MODIS,60,6.2,302.4,19.9,D,0
-16.3796,136.516,315.3,1.7,1.3,2014-07-12,0135,Terra,MODIS,47,6.2,300.6,15.3,D,0
-14.41,129.8486,321.6,1.1,1,2014-07-12,0135,Terra,MODIS,74,6.2,303.3,9.9,D,0
-19.3237,134.7397,311.8,1.4,1.2,2014-07-12,0136,Terra,MODIS,62,6.2,299.1,10.9,D,0
-42.0413,148.0305,311.3,1,1,2014-07-12,0415,Aqua,MODIS,71,6.2,280.5,13.4,D,0
-35.1763,144.167,332,1,1,2014-07-12,0417,Aqua,MODIS,88,6.2,288.1,33.9,D,0
-31.2091,147.6222,307.5,1.2,1.1,2014-07-12,0418,Aqua,MODIS,66,6.2,291.2,9.1,D,0
-32.6007,152.2298,303.1,2.2,1.4,2014-07-12,0418,Aqua,MODIS,0,6.2,288.1,20,D,0
-31.5204,152.6695,301.3,2.5,1.5,2014-07-12,0418,Aqua,MODIS,46,6.2,288.5,18.1,D,0
-31.5217,152.6905,301.3,2.5,1.5,2014-07-12,0418,Aqua,MODIS,46,6.2,288.4,16.7,D,0
-32.1602,152.4238,301.4,2.3,1.5,2014-07-12,0418,Aqua,MODIS,0,6.2,290.6,15,D,0
-32.142,152.4442,300.9,2.3,1.5,2014-07-12,0418,Aqua,MODIS,30,6.2,289.4,14.5,D,0
-32.8692,151.4231,311.7,1.9,1.4,2014-07-12,0418,Aqua,MODIS,72,6.2,289,30.4,D,0
-32.8732,151.403,302.2,1.9,1.3,2014-07-12,0418,Aqua,MODIS,51,6.2,289.3,14.3,D,0
-26.639,150.0714,305.2,2.1,1.4,2014-07-12,0419,Aqua,MODIS,50,6.2,293.5,14.4,D,0
-27.3869,152.4075,305.8,3,1.6,2014-07-12,0419,Aqua,MODIS,61,6.2,295.2,25.4,D,0
-29.7144,150.5466,309.9,2,1.4,2014-07-12,0419,Aqua,MODIS,69,6.2,291.5,25.9,D,0
-30.4617,148.1865,308.3,1.4,1.2,2014-07-12,0419,Aqua,MODIS,66,6.2,295.6,8.3,D,0
-29.0521,149.1875,314,1.7,1.3,2014-07-12,0419,Aqua,MODIS,72,6.2,295.9,18.7,D,0
-29.7081,150.5584,302.2,2,1.4,2014-07-12,0419,Aqua,MODIS,51,6.2,289.3,13,D,0
-29.2082,150.2659,306.7,1.9,1.4,2014-07-12,0419,Aqua,MODIS,64,6.2,291.3,15.1,D,0
-29.712,150.5386,303.6,2,1.4,2014-07-12,0419,Aqua,MODIS,57,6.2,291.3,14.2,D,0
-29.2113,150.2738,304.9,1.9,1.4,2014-07-12,0419,Aqua,MODIS,60,6.2,291.9,12.4,D,0
-29.6709,152.3021,309.1,2.6,1.5,2014-07-12,0419,Aqua,MODIS,41,6.2,292.6,34.7,D,0
-30.7551,146.9088,315.5,1.2,1.1,2014-07-12,0419,Aqua,MODIS,75,6.2,293.4,14.7,D,0
-30.7415,146.9116,303.6,1.2,1.1,2014-07-12,0419,Aqua,MODIS,53,6.2,292.8,4.6,D,0
-29.6656,152.327,309.7,2.6,1.6,2014-07-12,0419,Aqua,MODIS,48,6.2,292.2,36.6,D,0
-30.7531,146.921,312.6,1.2,1.1,2014-07-12,0419,Aqua,MODIS,72,6.2,293.3,11.5,D,0
-29.6851,152.3037,308.1,2.6,1.5,2014-07-12,0419,Aqua,MODIS,31,6.2,291.2,30.7,D,0
-29.8192,152.1824,301.5,2.5,1.5,2014-07-12,0419,Aqua,MODIS,47,6.2,290.8,20.6,D,0
-28.7599,150.0594,304,1.9,1.4,2014-07-12,0419,Aqua,MODIS,52,6.2,293.8,8.6,D,0
-24.7721,147.062,318.5,1.5,1.2,2014-07-12,0420,Aqua,MODIS,73,6.2,294.1,23.9,D,0
-24.7614,147.0598,331.5,1.5,1.2,2014-07-12,0420,Aqua,MODIS,85,6.2,296.8,48.4,D,0
-16.4102,144.1521,328.8,1.3,1.1,2014-07-12,0422,Aqua,MODIS,81,6.2,303.9,27.9,D,0
-19.3168,134.7392,311.6,2.1,1.4,2014-07-12,0422,Aqua,MODIS,48,6.2,300.2,11.7,D,0
-16.3877,144.1607,317.1,1.3,1.1,2014-07-12,0422,Aqua,MODIS,30,6.2,302.6,10.2,D,0
-16.4545,144.1922,319.5,1.3,1.1,2014-07-12,0422,Aqua,MODIS,69,6.2,304.6,12.4,D,0
-16.3857,144.1729,319.1,1.3,1.1,2014-07-12,0422,Aqua,MODIS,61,6.2,301.5,13.6,D,0
-19.6751,146.4989,320.7,1.7,1.3,2014-07-12,0422,Aqua,MODIS,73,6.2,302,28.9,D,0
-16.4525,144.2047,316.3,1.3,1.1,2014-07-12,0422,Aqua,MODIS,54,6.2,304.5,8.4,D,0
-16.353,144.1796,318.7,1.3,1.1,2014-07-12,0422,Aqua,MODIS,60,6.2,300.7,13.8,D,0
-17.8392,138.86,320.6,1.1,1,2014-07-12,0422,Aqua,MODIS,66,6.2,306.6,10.1,D,0
-16.607,145.0784,311.9,1.5,1.2,2014-07-12,0422,Aqua,MODIS,30,6.2,300.4,9.2,D,0
-20.7355,139.4695,316,1.1,1,2014-07-12,0422,Aqua,MODIS,50,6.2,303.5,7.1,D,0
-18.3413,145.4569,313.8,1.5,1.2,2014-07-12,0422,Aqua,MODIS,62,6.2,294.9,16.2,D,0
-20.7341,139.4799,315.2,1.1,1,2014-07-12,0422,Aqua,MODIS,49,6.2,303.4,6.6,D,2
-18.3339,145.4465,309.9,1.5,1.2,2014-07-12,0422,Aqua,MODIS,24,6.2,296.7,10.6,D,0
-18.3423,145.4627,308.4,1.5,1.2,2014-07-12,0422,Aqua,MODIS,19,6.2,294.4,8.8,D,0
-15.8043,135.3939,317.9,1.7,1.3,2014-07-12,0423,Aqua,MODIS,64,6.2,304.6,14.8,D,0
-15.3871,142.1814,333.5,1.1,1,2014-07-12,0423,Aqua,MODIS,84,6.2,305.6,25.1,D,0
-16.2756,136.0101,327.7,1.5,1.2,2014-07-12,0423,Aqua,MODIS,73,6.2,305.3,27.3,D,0
-14.2365,142.8651,317.2,1.2,1.1,2014-07-12,0423,Aqua,MODIS,66,6.2,300.1,12.1,D,0
-16.1498,136.9171,323.9,1.3,1.1,2014-07-12,0423,Aqua,MODIS,74,6.2,305.3,20.3,D,0
-15.2157,143.1604,318.7,1.2,1.1,2014-07-12,0423,Aqua,MODIS,59,6.2,304,10,D,0
-15.1065,142.937,317.4,1.2,1.1,2014-07-12,0423,Aqua,MODIS,58,6.2,302.8,8.6,D,0
-15.3997,143.4847,318.2,1.3,1.1,2014-07-12,0423,Aqua,MODIS,50,6.2,302.3,9.8,D,0
-16.1514,136.9046,323.7,1.3,1.1,2014-07-12,0423,Aqua,MODIS,73,6.2,304.6,20.4,D,0
-14.2416,142.832,319.7,1.2,1.1,2014-07-12,0423,Aqua,MODIS,58,6.2,300,13,D,0
-14.265,142.7641,319.8,1.2,1.1,2014-07-12,0423,Aqua,MODIS,70,6.2,301.2,12.6,D,0
-15.2139,143.1716,315.7,1.2,1.1,2014-07-12,0423,Aqua,MODIS,44,6.2,302.3,7.2,D,0
-15.3572,143.43,323.5,1.2,1.1,2014-07-12,0423,Aqua,MODIS,69,6.2,303.4,15.7,D,0
-16.3091,144.3472,316.3,1.4,1.2,2014-07-12,0423,Aqua,MODIS,31,6.2,301.3,11.2,D,0
-15.3716,143.468,318.5,1.3,1.1,2014-07-12,0423,Aqua,MODIS,64,6.2,304.2,8.9,D,0
-15.5837,136.0771,317.6,1.5,1.2,2014-07-12,0423,Aqua,MODIS,49,6.2,304,11.1,D,0
-14.2399,142.843,331.7,1.2,1.1,2014-07-12,0423,Aqua,MODIS,84,6.2,301.2,31.8,D,0
-15.3698,143.4796,321.9,1.3,1.1,2014-07-12,0423,Aqua,MODIS,73,6.2,305,13,D,0
-15.4012,142.2146,320.3,1.1,1,2014-07-12,0423,Aqua,MODIS,33,6.2,306.5,7.4,D,0
-15.0963,143.0028,321.4,1.2,1.1,2014-07-12,0423,Aqua,MODIS,64,6.2,301.1,13.8,D,0
-15.2751,143.1019,319.6,1.2,1.1,2014-07-12,0423,Aqua,MODIS,62,6.2,303.7,8.8,D,0
-15.8024,135.4095,318.1,1.7,1.3,2014-07-12,0423,Aqua,MODIS,65,6.2,303.7,15.2,D,0
-14.4313,141.7451,323.9,1.1,1,2014-07-12,0423,Aqua,MODIS,76,6.2,302.3,15.3,D,0
-14.6444,144.7546,321,1.6,1.2,2014-07-12,0423,Aqua,MODIS,42,6.2,299.3,25.3,D,0
-14.4328,141.7353,314.1,1.1,1,2014-07-12,0423,Aqua,MODIS,43,6.2,301.8,5.1,D,0
-14.2696,142.7984,352.2,1.2,1.1,2014-07-12,0423,Aqua,MODIS,96,6.2,303.1,75.2,D,0
-16.2338,136.4281,324.6,1.4,1.2,2014-07-12,0423,Aqua,MODIS,63,6.2,303.6,22.7,D,0
-14.3744,142.7768,316.9,1.2,1.1,2014-07-12,0423,Aqua,MODIS,61,6.2,300.1,10.6,D,0
-14.273,142.7766,338.2,1.2,1.1,2014-07-12,0423,Aqua,MODIS,88,6.2,304.8,41,D,0
-15.2535,141.9736,319.1,1.1,1,2014-07-12,0423,Aqua,MODIS,47,6.2,305.4,6.8,D,0
-15.4537,143.5367,333.4,1.3,1.1,2014-07-12,0423,Aqua,MODIS,85,6.2,302.7,34.1,D,0
-15.4518,143.5483,322.4,1.3,1.1,2014-07-12,0423,Aqua,MODIS,52,6.2,302,15.8,D,0
-15.3778,142.1798,331.2,1.1,1,2014-07-12,0423,Aqua,MODIS,82,6.2,306.6,22.1,D,0
-16.1329,136.1584,323.4,1.5,1.2,2014-07-12,0423,Aqua,MODIS,66,6.2,304.1,18.4,D,0
-15.0946,143.0138,324,1.2,1.1,2014-07-12,0423,Aqua,MODIS,76,6.2,302.2,17.9,D,0
-14.2954,142.8253,335.6,1.2,1.1,2014-07-12,0423,Aqua,MODIS,87,6.2,303.2,36.9,D,0
-14.3874,144.5026,321.8,1.5,1.2,2014-07-12,0423,Aqua,MODIS,67,6.2,296.9,25.9,D,0
-14.2382,142.8541,322.5,1.2,1.1,2014-07-12,0423,Aqua,MODIS,75,6.2,299.8,17.7,D,0
-15.1043,143.0154,360.4,1.2,1.1,2014-07-12,0423,Aqua,MODIS,100,6.2,303.7,101.2,D,0
-14.4308,144.5103,313,1.5,1.2,2014-07-12,0423,Aqua,MODIS,40,6.2,296.7,11.4,D,0
-15.252,141.9835,320.7,1.1,1,2014-07-12,0423,Aqua,MODIS,33,6.2,307.4,7.8,D,0
-14.5389,143.2294,314.5,1.2,1.1,2014-07-12,0423,Aqua,MODIS,57,6.2,299.9,8.6,D,0
-15.1026,143.0265,327.7,1.2,1.1,2014-07-12,0423,Aqua,MODIS,79,6.2,303.5,21.8,D,0
-14.6542,142.2827,315.4,1.1,1.1,2014-07-12,0423,Aqua,MODIS,48,6.2,301,6.2,D,0
-14.2301,142.8414,340.5,1.2,1.1,2014-07-12,0423,Aqua,MODIS,90,6.2,298.8,47.8,D,0
-14.5082,143.2952,321.8,1.3,1.1,2014-07-12,0423,Aqua,MODIS,73,6.2,301,18.7,D,0
-14.2971,142.8143,326.7,1.2,1.1,2014-07-12,0423,Aqua,MODIS,79,6.2,301.6,21.8,D,0
-14.2633,142.775,316.3,1.2,1.1,2014-07-12,0423,Aqua,MODIS,32,6.2,301.4,7.8,D,0
-14.2318,142.8304,335.5,1.2,1.1,2014-07-12,0423,Aqua,MODIS,87,6.2,299.2,37.5,D,0
-14.3516,142.7954,317.8,1.2,1.1,2014-07-12,0423,Aqua,MODIS,57,6.2,300.1,11.4,D,0
-16.2465,136.0643,318.7,1.5,1.2,2014-07-12,0423,Aqua,MODIS,58,6.2,305.7,12,D,0
-16.2574,136.0657,316.7,1.5,1.2,2014-07-12,0423,Aqua,MODIS,38,6.2,304.5,9.1,D,0
-14.2713,142.7875,391.3,1.2,1.1,2014-07-12,0423,Aqua,MODIS,100,6.2,309.2,252.7,D,0
-16.1346,136.1446,321.9,1.5,1.2,2014-07-12,0423,Aqua,MODIS,62,6.2,306.6,15,D,0
-15.3856,142.1914,322.4,1.1,1,2014-07-12,0423,Aqua,MODIS,52,6.2,304.5,9.7,D,0
-14.6065,142.1853,320.9,1.1,1,2014-07-12,0423,Aqua,MODIS,72,6.2,303.3,11.8,D,0
-16.9977,138.2232,337.9,1.2,1.1,2014-07-12,0423,Aqua,MODIS,88,6.2,304.3,36.6,D,0
-14.5654,141.9041,319.7,1.1,1,2014-07-12,0423,Aqua,MODIS,51,6.2,304.4,9.9,D,0
-14.5669,141.8941,350.6,1.1,1,2014-07-12,0423,Aqua,MODIS,95,6.2,305.7,61.6,D,0
-16.9952,138.1675,332.4,1.2,1.1,2014-07-12,0423,Aqua,MODIS,83,6.2,305.7,28.4,D,0
-16.9966,138.1566,319,1.2,1.1,2014-07-12,0423,Aqua,MODIS,53,6.2,302.2,9.9,D,0
-14.7429,141.8842,324,1.1,1,2014-07-12,0423,Aqua,MODIS,73,6.2,309,12.4,D,0
-14.6984,141.9278,324.4,1.1,1,2014-07-12,0423,Aqua,MODIS,51,6.2,305.8,12,D,0
-14.7062,141.9392,320.8,1.1,1,2014-07-12,0423,Aqua,MODIS,34,6.2,304.4,9,D,0
-14.5635,141.853,313.7,1.1,1,2014-07-12,0423,Aqua,MODIS,48,6.2,301.3,4.6,D,0
-14.5561,141.9026,315.9,1.1,1,2014-07-12,0423,Aqua,MODIS,33,6.2,302.9,6.5,D,0
-14.2362,143.6542,319.4,1.3,1.1,2014-07-12,0423,Aqua,MODIS,71,6.2,296.7,19.3,D,0
-16.3345,144.1638,319.3,1.3,1.1,2014-07-12,0423,Aqua,MODIS,9,6.2,301.6,12.1,D,0
-14.2077,143.6563,310.8,1.3,1.1,2014-07-12,0423,Aqua,MODIS,35,6.2,297.6,8.1,D,0
-15.0124,141.9975,321,1.1,1,2014-07-12,0423,Aqua,MODIS,55,6.2,303.2,9.6,D,0
-14.2381,143.6418,320.1,1.3,1.1,2014-07-12,0423,Aqua,MODIS,72,6.2,296.2,20.5,D,0
-14.7444,141.8743,334.8,1.1,1,2014-07-12,0423,Aqua,MODIS,85,6.2,307.8,27.7,D,0
-15.0109,142.0075,329.3,1.1,1,2014-07-12,0423,Aqua,MODIS,81,6.2,305.2,19.6,D,0
-16.3536,136.4976,327.2,1.4,1.2,2014-07-12,0423,Aqua,MODIS,75,6.2,304.6,24.5,D,0
-16.0001,143.8378,320,1.3,1.1,2014-07-12,0423,Aqua,MODIS,28,6.2,304.9,11,D,0
-14.4892,141.841,319.8,1.1,1,2014-07-12,0423,Aqua,MODIS,70,6.2,303.7,10.6,D,0
-14.4877,141.8509,319.6,1.1,1,2014-07-12,0423,Aqua,MODIS,70,6.2,304.2,10.5,D,0
-14.6141,142.1344,316.8,1.1,1,2014-07-12,0423,Aqua,MODIS,16,6.2,302.1,7,D,0
-15.6059,143.8688,320.8,1.3,1.1,2014-07-12,0423,Aqua,MODIS,73,6.2,299.6,18.5,D,0
-15.6078,143.8566,317.8,1.3,1.1,2014-07-12,0423,Aqua,MODIS,68,6.2,299.7,14.3,D,0
-14.4241,132.5226,322.3,2.7,1.6,2014-07-12,0423,Aqua,MODIS,73,6.2,302,44.7,D,0
-14.4268,132.4976,316.7,2.7,1.6,2014-07-12,0423,Aqua,MODIS,50,6.2,301.9,23.4,D,0
-14.4202,132.5169,323.7,2.7,1.6,2014-07-12,0423,Aqua,MODIS,75,6.2,301.7,51.2,D,0
-14.4231,132.4918,316.7,2.7,1.6,2014-07-12,0423,Aqua,MODIS,58,6.2,301.3,23.4,D,0
-15.9736,143.8086,334.7,1.3,1.1,2014-07-12,0423,Aqua,MODIS,86,6.2,305.8,37.5,D,0
-16.2124,144.1043,315.2,1.3,1.1,2014-07-12,0423,Aqua,MODIS,22,6.2,300.7,9.7,D,0
-16.1593,144.1074,329.6,1.3,1.1,2014-07-12,0423,Aqua,MODIS,49,6.2,300.5,29.7,D,0
-16.1695,144.1092,326.7,1.3,1.1,2014-07-12,0423,Aqua,MODIS,47,6.2,300.8,24.5,D,0
-16.1513,144.113,324.3,1.3,1.1,2014-07-12,0423,Aqua,MODIS,49,6.2,300.1,22.4,D,0
-14.2524,142.9086,332.3,1.2,1.1,2014-07-12,0423,Aqua,MODIS,82,6.2,301.3,29.7,D,0
-14.2541,142.8976,339.4,1.2,1.1,2014-07-12,0423,Aqua,MODIS,89,6.2,300.3,43,D,0
-16.3242,144.1185,323.5,1.3,1.1,2014-07-12,0423,Aqua,MODIS,76,6.2,303,20.4,D,0
-16.0457,144.1267,314.8,1.3,1.1,2014-07-12,0423,Aqua,MODIS,60,6.2,299.5,10,D,0
-14.6126,142.1446,320.6,1.1,1,2014-07-12,0423,Aqua,MODIS,68,6.2,302.7,11.4,D,0
-16.3266,144.1696,318,1.3,1.1,2014-07-12,0423,Aqua,MODIS,58,6.2,302.1,12.8,D,0
-16.056,144.1285,314.1,1.3,1.1,2014-07-12,0423,Aqua,MODIS,45,6.2,300.2,8.5,D,0
-14.7777,141.7651,323.5,1.1,1,2014-07-12,0423,Aqua,MODIS,49,6.2,304.2,11,D,0
-14.7683,141.7773,333.1,1.1,1,2014-07-12,0423,Aqua,MODIS,84,6.2,306.9,24.7,D,0
-17.0073,138.2246,320.1,1.2,1.1,2014-07-12,0423,Aqua,MODIS,51,6.2,306.5,9.9,D,0
-14.7698,141.7674,324,1.1,1,2014-07-12,0423,Aqua,MODIS,74,6.2,306.4,12.3,D,0
-14.5728,141.9016,335.7,1.1,1,2014-07-12,0423,Aqua,MODIS,86,6.2,304.3,30.5,D,0
-14.5743,141.8917,336.7,1.1,1,2014-07-12,0423,Aqua,MODIS,87,6.2,302.3,32.1,D,0
-14.762,130.1006,319.6,4.1,1.9,2014-07-12,0423,Aqua,MODIS,57,6.2,295.9,79.9,D,0
-14.6323,130.1593,316.7,4.1,1.9,2014-07-12,0423,Aqua,MODIS,39,6.2,296.2,52.9,D,0
-14.7492,130.106,321.1,4.1,1.9,2014-07-12,0423,Aqua,MODIS,70,6.2,297.4,88.6,D,0
-13.9053,136.497,312.1,1.3,1.1,2014-07-12,0423,Aqua,MODIS,50,6.2,299.6,7.4,D,0
-16.8528,138.2508,319.2,1.2,1.1,2014-07-12,0423,Aqua,MODIS,45,6.2,304.4,8.8,D,0
-14.1896,133.3553,316.9,2.3,1.5,2014-07-12,0423,Aqua,MODIS,63,6.2,301.7,20.2,D,0
-14.1765,133.3537,326.7,2.3,1.5,2014-07-12,0423,Aqua,MODIS,78,6.2,302.5,52.3,D,0
-14.8738,141.6906,325.8,1.1,1,2014-07-12,0423,Aqua,MODIS,76,6.2,307.3,13.7,D,0
-14.8724,141.7003,320,1.1,1,2014-07-12,0423,Aqua,MODIS,67,6.2,306.3,7.2,D,0
-16.0057,136.8598,320.6,1.3,1.1,2014-07-12,0423,Aqua,MODIS,51,6.2,307.4,11.4,D,0
-13.6957,132.1293,330.1,2.8,1.6,2014-07-12,0424,Aqua,MODIS,81,6.2,304.3,73.9,D,0
-11.9869,132.8683,315.6,2.3,1.5,2014-07-12,0424,Aqua,MODIS,52,6.2,297.7,24.3,D,0
-14.0776,130.6785,320.3,3.6,1.8,2014-07-12,0424,Aqua,MODIS,68,6.2,299.9,57.4,D,0
-14.0615,130.6766,330.1,3.6,1.8,2014-07-12,0424,Aqua,MODIS,81,6.2,299.5,122.2,D,0
-14.07,130.6734,318.7,3.6,1.8,2014-07-12,0424,Aqua,MODIS,65,6.2,299.4,45.4,D,0
-14.0539,130.6714,328.6,3.6,1.8,2014-07-12,0424,Aqua,MODIS,80,6.2,299.6,112.8,D,0
-13.7233,133.9841,321,2,1.4,2014-07-12,0424,Aqua,MODIS,50,6.2,301.3,24.4,D,0
-13.6642,132.9496,318.5,2.4,1.5,2014-07-12,0424,Aqua,MODIS,52,6.2,302.6,20.5,D,0
-13.6699,132.9453,319.9,2.4,1.5,2014-07-12,0424,Aqua,MODIS,31,6.2,302.5,23.9,D,0
-13.5741,133.9398,325.7,2,1.4,2014-07-12,0424,Aqua,MODIS,77,6.2,299.9,37.5,D,0
-13.5763,133.9213,329.7,2,1.4,2014-07-12,0424,Aqua,MODIS,81,6.2,300,49.3,D,0
-13.5639,133.9197,331.7,2,1.4,2014-07-12,0424,Aqua,MODIS,83,6.2,301.1,59.3,D,0
-13.5558,133.8809,323.3,2,1.4,2014-07-12,0424,Aqua,MODIS,74,6.2,299.3,36.1,D,0
-13.833,133.7422,319.3,2.1,1.4,2014-07-12,0424,Aqua,MODIS,49,6.2,300.5,20.8,D,0
-13.8401,133.775,324.1,2.1,1.4,2014-07-12,0424,Aqua,MODIS,46,6.2,300.2,30.4,D,0
-13.8322,133.7351,320.1,2.1,1.4,2014-07-12,0424,Aqua,MODIS,11,6.2,300.5,21.5,D,0
-13.9711,134.3291,322.7,1.9,1.3,2014-07-12,0424,Aqua,MODIS,69,6.2,304.4,23.1,D,0
-13.9732,134.3115,324.8,1.9,1.3,2014-07-12,0424,Aqua,MODIS,76,6.2,303,27.8,D,0
-13.7417,132.1093,320.6,2.8,1.6,2014-07-12,0424,Aqua,MODIS,54,6.2,303.1,33.6,D,0
-13.8493,133.8218,322.8,2.1,1.4,2014-07-12,0424,Aqua,MODIS,73,6.2,301.8,31.8,D,0
-13.847,133.841,315.2,2.1,1.4,2014-07-12,0424,Aqua,MODIS,39,6.2,300.5,11.8,D,0
-13.0637,132.7659,315.4,2.4,1.5,2014-07-12,0424,Aqua,MODIS,52,6.2,300.5,18.8,D,0
-13.1503,132.731,324.1,2.4,1.5,2014-07-12,0424,Aqua,MODIS,61,6.2,300.7,45.3,D,0
-13.1476,132.7535,320.6,2.4,1.5,2014-07-12,0424,Aqua,MODIS,31,6.2,302,29.5,D,0
-13.1438,132.7351,320.1,2.4,1.5,2014-07-12,0424,Aqua,MODIS,55,6.2,301.7,32.3,D,0
-13.1574,132.7367,320.8,2.4,1.5,2014-07-12,0424,Aqua,MODIS,59,6.2,300.6,33.6,D,0
-14.0523,133.4178,316.5,2.2,1.4,2014-07-12,0424,Aqua,MODIS,62,6.2,300.4,21.2,D,0
-13.7273,133.9709,317.2,2,1.4,2014-07-12,0424,Aqua,MODIS,28,6.2,301.7,15.2,D,0
-13.7438,132.1141,318.5,2.8,1.6,2014-07-12,0424,Aqua,MODIS,50,6.2,302.5,26.3,D,0
-13.6783,132.1201,320.5,2.8,1.6,2014-07-12,0424,Aqua,MODIS,44,6.2,302.5,27.3,D,0
-13.6527,132.124,319.1,2.8,1.6,2014-07-12,0424,Aqua,MODIS,53,6.2,303.2,26.5,D,0
-12.9561,132.8303,327.4,2.4,1.5,2014-07-12,0424,Aqua,MODIS,74,6.2,300,53,D,0
-12.1806,142.399,323.6,1.2,1.1,2014-07-12,0424,Aqua,MODIS,58,6.2,297,17.4,D,0
-11.9867,134.0471,333.7,1.9,1.3,2014-07-12,0424,Aqua,MODIS,85,6.2,299.1,63.9,D,0
-12.688,135.6632,316.4,1.5,1.2,2014-07-12,0424,Aqua,MODIS,60,6.2,298,15.8,D,0
-12.1871,142.4226,333.2,1.2,1.1,2014-07-12,0424,Aqua,MODIS,76,6.2,296.9,32.1,D,0
-11.979,134.0565,318.2,1.9,1.3,2014-07-12,0424,Aqua,MODIS,50,6.2,299.5,17,D,0
-12.6897,135.6499,318.1,1.5,1.2,2014-07-12,0424,Aqua,MODIS,70,6.2,297.2,19.1,D,0
-12.8304,132.0473,323.8,2.7,1.6,2014-07-12,0424,Aqua,MODIS,74,6.2,302.5,58.1,D,0
-12.9505,132.8346,349.4,2.4,1.5,2014-07-12,0424,Aqua,MODIS,95,6.2,302.2,183.5,D,0
-10.6277,142.1804,312,1.2,1.1,2014-07-12,0424,Aqua,MODIS,49,6.2,299.1,7.5,D,0
-12.6278,131.5488,322.9,3,1.6,2014-07-12,0424,Aqua,MODIS,74,6.2,299,67,D,0
-12.51,142.1349,325,1.2,1.1,2014-07-12,0424,Aqua,MODIS,40,6.2,301.9,14.5,D,0
-12.6254,131.5826,324.3,3,1.6,2014-07-12,0424,Aqua,MODIS,76,6.2,298.3,73.8,D,0
-12.9426,132.8286,333,2.4,1.5,2014-07-12,0424,Aqua,MODIS,84,6.2,302.8,77.9,D,0
-12.9534,132.8521,323.2,2.4,1.5,2014-07-12,0424,Aqua,MODIS,51,6.2,302.3,36.2,D,0
-12.4267,132.5308,322.7,2.5,1.5,2014-07-12,0424,Aqua,MODIS,45,6.2,301.8,38.1,D,0
-12.8246,132.0672,315.8,2.7,1.6,2014-07-12,0424,Aqua,MODIS,54,6.2,301.1,23.7,D,0
-12.6284,131.5557,330.2,3,1.6,2014-07-12,0424,Aqua,MODIS,82,6.2,299,108.5,D,0
-12.6247,131.5757,332.3,3,1.6,2014-07-12,0424,Aqua,MODIS,84,6.2,298.7,121.3,D,0
-12.505,142.0736,349.3,1.1,1.1,2014-07-12,0424,Aqua,MODIS,95,6.2,299.3,61.6,D,0
-12.948,132.8565,319,2.4,1.5,2014-07-12,0424,Aqua,MODIS,37,6.2,302.2,24.2,D,0
-12.5051,142.1383,323.4,1.2,1.1,2014-07-12,0424,Aqua,MODIS,77,6.2,302,15.2,D,0
-12.4338,132.5265,324.4,2.5,1.5,2014-07-12,0424,Aqua,MODIS,54,6.2,301.3,45.1,D,0
-12.9531,132.8126,317.6,2.4,1.5,2014-07-12,0424,Aqua,MODIS,30,6.2,298.9,20.3,D,0
-12.8276,132.042,325.6,2.7,1.6,2014-07-12,0424,Aqua,MODIS,77,6.2,302.6,66.8,D,0
-12.5228,142.1154,327.1,1.2,1.1,2014-07-12,0424,Aqua,MODIS,39,6.2,300.3,17.5,D,0
-12.8134,132.0402,316.6,2.7,1.6,2014-07-12,0424,Aqua,MODIS,60,6.2,300.7,28.5,D,0
-11.9846,134.0642,316.8,1.9,1.3,2014-07-12,0424,Aqua,MODIS,41,6.2,300.4,16.3,D,0
-11.9981,134.1514,317.2,1.8,1.3,2014-07-12,0424,Aqua,MODIS,0,6.2,296.9,19.6,D,0
-11.6595,132.8715,317.6,2.3,1.5,2014-07-12,0424,Aqua,MODIS,61,6.2,299.5,25.4,D,0
-12.5608,131.3437,319.8,3.1,1.7,2014-07-12,0424,Aqua,MODIS,70,6.2,300.6,56.3,D,0
-12.5625,131.3388,322.7,3.1,1.7,2014-07-12,0424,Aqua,MODIS,74,6.2,300.6,71.2,D,0
-12.4449,141.9301,316.8,1.1,1.1,2014-07-12,0424,Aqua,MODIS,56,6.2,299.4,8.4,D,0
-12.4493,141.9259,320.4,1.1,1.1,2014-07-12,0424,Aqua,MODIS,73,6.2,299.9,13.3,D,0
-12.4465,141.9198,325.1,1.1,1.1,2014-07-12,0424,Aqua,MODIS,78,6.2,300.5,17.7,D,0
-12.8606,141.9006,320.5,1.1,1.1,2014-07-12,0424,Aqua,MODIS,35,6.2,301.8,11.6,D,0
-11.6602,132.8878,316.1,2.3,1.5,2014-07-12,0424,Aqua,MODIS,47,6.2,298.5,23.5,D,0
-12.3609,132.7869,314.8,2.4,1.5,2014-07-12,0424,Aqua,MODIS,57,6.2,298.7,24.9,D,0
-11.4503,131.4187,320,2.9,1.6,2014-07-12,0424,Aqua,MODIS,40,6.2,296.9,51.6,D,0
-11.45,131.4138,321.8,2.9,1.6,2014-07-12,0424,Aqua,MODIS,74,6.2,297.2,66.4,D,0
-12.242,132.6053,314.6,2.4,1.5,2014-07-12,0424,Aqua,MODIS,43,6.2,298.5,19,D,0
-12.2359,132.6094,315.7,2.4,1.5,2014-07-12,0424,Aqua,MODIS,54,6.2,299.9,22.4,D,0
-11.6568,130.6669,310.1,3.4,1.7,2014-07-12,0424,Aqua,MODIS,28,6.2,295.6,28.5,D,0
-14.1737,130.1866,320,4,1.9,2014-07-12,0424,Aqua,MODIS,63,6.2,299.7,59.9,D,0
-11.4993,130.315,311.7,3.6,1.8,2014-07-12,0424,Aqua,MODIS,51,6.2,295.3,39.9,D,0
-11.5061,130.3089,310,3.6,1.8,2014-07-12,0424,Aqua,MODIS,21,6.2,295.4,31.9,D,0
-14.1781,130.1914,319.2,4,1.9,2014-07-12,0424,Aqua,MODIS,66,6.2,299.7,58.8,D,0
-31.5675,115.7437,329.2,1.3,1.1,2014-07-12,0557,Aqua,MODIS,86,6.2,290.7,39.6,D,0
-31.5777,115.7453,321.7,1.3,1.1,2014-07-12,0557,Aqua,MODIS,81,6.2,288.6,28.4,D,0
-20.5969,116.779,313.6,1,1,2014-07-12,0600,Aqua,MODIS,51,6.2,302.3,6.7,D,2
-31.5101,152.6786,301.5,2.6,1.6,2014-07-12,1205,Terra,MODIS,42,6.2,282.1,32.9,N,0
-28.3149,151.9427,323.4,2.7,1.6,2014-07-12,1206,Terra,MODIS,100,6.2,273.7,112.8,N,0
-28.3263,151.9392,306.6,2.7,1.6,2014-07-12,1206,Terra,MODIS,68,6.2,273.5,51.9,N,0
-28.3097,151.9653,319.2,2.7,1.6,2014-07-12,1206,Terra,MODIS,98,6.2,274.8,91.5,N,0
-28.3269,151.9725,313.3,2.7,1.6,2014-07-12,1206,Terra,MODIS,87,6.2,274.8,72.6,N,0
-28.3126,151.971,350.8,2.7,1.6,2014-07-12,1206,Terra,MODIS,100,6.2,276.7,293.6,N,0
-28.3239,151.9668,349.7,2.7,1.6,2014-07-12,1206,Terra,MODIS,100,6.2,277.6,283.4,N,0
-19.3161,134.7477,300.6,1,1,2014-07-12,1347,Terra,MODIS,31,6.2,285.5,6,N,0
-19.3084,134.7364,312.7,1,1,2014-07-12,1347,Terra,MODIS,85,6.2,286,13.9,N,0
-14.4229,132.5259,301,1,1,2014-07-12,1348,Terra,MODIS,37,6.2,290.3,3.7,N,0
-15.6276,129.3974,310.3,1.3,1.1,2014-07-12,1348,Terra,MODIS,80,6.2,290.2,13.1,N,0
-15.6175,129.396,323,1.3,1.1,2014-07-12,1348,Terra,MODIS,100,6.2,290.7,29.4,N,0
-15.6292,129.3853,312.6,1.3,1.1,2014-07-12,1348,Terra,MODIS,85,6.2,290.3,15.6,N,0
-15.619,129.3838,345.9,1.3,1.1,2014-07-12,1348,Terra,MODIS,100,6.2,292.5,78.9,N,0
-15.6206,129.3716,308.4,1.3,1.1,2014-07-12,1348,Terra,MODIS,75,6.2,290.5,11.9,N,0
-14.1933,133.3508,305.3,1,1,2014-07-12,1348,Terra,MODIS,64,6.2,291.1,6.7,N,0
-13.8379,133.7636,319.2,1.1,1,2014-07-12,1348,Terra,MODIS,98,6.2,290.3,18.3,N,0
-13.8365,133.7733,304.3,1.1,1,2014-07-12,1348,Terra,MODIS,59,6.2,289.4,6.6,N,0
-13.8316,133.7429,306.6,1.1,1,2014-07-12,1348,Terra,MODIS,69,6.2,290.2,8.3,N,0
-13.8331,133.7332,307.8,1,1,2014-07-12,1348,Terra,MODIS,73,6.2,290.2,9.2,N,0
-15.502,129.422,302.7,1.3,1.1,2014-07-12,1348,Terra,MODIS,51,6.2,290.2,6.2,N,0
-14.6393,130.1713,309,1.1,1.1,2014-07-12,1348,Terra,MODIS,47,6.2,290.8,9.6,N,0
-14.656,130.1477,304.3,1.2,1.1,2014-07-12,1348,Terra,MODIS,23,6.2,291.6,5.4,N,0
-14.6656,130.149,310.6,1.2,1.1,2014-07-12,1348,Terra,MODIS,62,6.2,292.2,10.1,N,0
-14.6943,130.1535,309,1.2,1.1,2014-07-12,1348,Terra,MODIS,45,6.2,292.4,8.6,N,0
-14.6283,130.1806,308.8,1.1,1.1,2014-07-12,1348,Terra,MODIS,15,6.2,291.1,8.8,N,0
-15.1812,130.982,303,1.1,1,2014-07-12,1348,Terra,MODIS,53,6.2,290.7,5.8,N,0
-14.7812,130.0403,312.4,1.2,1.1,2014-07-12,1348,Terra,MODIS,85,6.2,292.9,13,N,0
-14.6532,130.1409,302.8,1.2,1.1,2014-07-12,1348,Terra,MODIS,51,6.2,291,5.1,N,0
-14.6574,130.1369,301.6,1.2,1.1,2014-07-12,1348,Terra,MODIS,7,6.2,291.3,3.6,N,0
-14.7039,130.155,308,1.2,1.1,2014-07-12,1348,Terra,MODIS,18,6.2,292.6,7.7,N,0
-15.5005,129.4341,305.6,1.3,1.1,2014-07-12,1348,Terra,MODIS,65,6.2,290.6,8.7,N,0
-15.8881,135.4939,304.2,1.2,1.1,2014-07-12,1348,Terra,MODIS,59,6.2,287.3,9.4,N,0
-14.2835,129.5629,302,1.2,1.1,2014-07-12,1348,Terra,MODIS,46,6.2,290.8,6.5,N,0
-14.0445,130.6821,306.6,1.1,1,2014-07-12,1349,Terra,MODIS,69,6.2,292.6,7.4,N,0
-14.0352,130.6806,301.6,1.1,1,2014-07-12,1349,Terra,MODIS,17,6.2,291.2,4,N,0
-12.6038,131.3447,307.9,1,1,2014-07-12,1349,Terra,MODIS,63,6.2,288.8,7.7,N,0
-12.5948,131.3433,312.3,1,1,2014-07-12,1349,Terra,MODIS,81,6.2,288.7,10.5,N,0
-12.5845,131.3513,312.3,1,1,2014-07-12,1349,Terra,MODIS,84,6.2,288.2,10.8,N,0
-12.5858,131.342,305.8,1,1,2014-07-12,1349,Terra,MODIS,45,6.2,287.7,6.2,N,0
-11.4828,131.4062,302.7,1,1,2014-07-12,1349,Terra,MODIS,51,6.2,289.4,5.2,N,0
-11.2242,131.2844,304,1,1,2014-07-12,1349,Terra,MODIS,58,6.2,291.9,4.3,N,0
-11.2615,131.2806,302,1,1,2014-07-12,1349,Terra,MODIS,43,6.2,291.1,3.6,N,0
-13.9712,130.6853,304.3,1.1,1,2014-07-12,1349,Terra,MODIS,59,6.2,293.3,5.2,N,0
-13.9819,130.6766,311.1,1.1,1,2014-07-12,1349,Terra,MODIS,82,6.2,293.3,10.2,N,0
-13.7464,132.1104,313.6,1,1,2014-07-12,1349,Terra,MODIS,87,6.2,290.1,11.6,N,0
-13.7477,132.1012,312,1,1,2014-07-12,1349,Terra,MODIS,84,6.2,290.2,10.5,N,0
-13.7368,132.1125,304.1,1,1,2014-07-12,1349,Terra,MODIS,58,6.2,291.1,5.2,N,0
-13.0642,132.7622,304.2,1,1,2014-07-12,1349,Terra,MODIS,59,6.2,293.5,4.4,N,0
-13.9619,130.6839,311.7,1.1,1,2014-07-12,1349,Terra,MODIS,83,6.2,293,10.6,N,0
-13.0345,132.7765,310.3,1,1,2014-07-12,1349,Terra,MODIS,80,6.2,292.8,8.8,N,0
-13.6386,132.0913,305.8,1,1,2014-07-12,1349,Terra,MODIS,66,6.2,290.1,6.5,N,0
-13.7355,132.1217,313.7,1,1,2014-07-12,1349,Terra,MODIS,88,6.2,291.8,11.9,N,0
-14.0338,130.8315,300.6,1.1,1,2014-07-12,1349,Terra,MODIS,22,6.2,290.5,4.3,N,0
-12.9188,132.8755,310.9,1,1,2014-07-12,1349,Terra,MODIS,81,6.2,293.8,9,N,0
-12.6746,132.0809,308.8,1,1,2014-07-12,1349,Terra,MODIS,16,6.2,291.6,6.7,N,0
-12.6759,132.0718,306.8,1,1,2014-07-12,1349,Terra,MODIS,19,6.2,291,5.8,N,0
-12.0525,134.7517,308.6,1.2,1.1,2014-07-12,1349,Terra,MODIS,75,6.2,287.5,11.3,N,0
-12.69,132.6141,302.6,1,1,2014-07-12,1349,Terra,MODIS,50,6.2,292,4.3,N,0
-12.9513,132.8426,316,1,1,2014-07-12,1349,Terra,MODIS,92,6.2,293,13.3,N,0
-12.95,132.8518,306.5,1,1,2014-07-12,1349,Terra,MODIS,68,6.2,293.5,5.9,N,0
-12.4225,130.6652,300.9,1.1,1,2014-07-12,1349,Terra,MODIS,35,6.2,289,3.2,N,0
-12.6733,132.0901,335.7,1,1,2014-07-12,1349,Terra,MODIS,100,6.2,292.8,34.9,N,0
-24.7505,147.0646,306.6,1.3,1.1,2014-07-12,1517,Aqua,MODIS,23,6.2,281.1,14.8,N,0
-24.7812,147.0585,301.5,1.3,1.1,2014-07-12,1517,Aqua,MODIS,23,6.2,279.1,11.6,N,0
-31.5157,152.6928,304.6,1.3,1.1,2014-07-12,1518,Aqua,MODIS,61,6.2,283.3,12.9,N,0
-28.3284,151.9324,320.2,1.1,1,2014-07-12,1518,Aqua,MODIS,100,6.2,272.4,26.6,N,0
-30.3198,148.1033,307.2,1,1,2014-07-12,1518,Aqua,MODIS,71,6.2,277.8,12.4,N,0
-28.3141,151.9687,311.1,1.1,1,2014-07-12,1518,Aqua,MODIS,82,6.2,272.7,17.5,N,0
-13.9804,130.6808,305.1,1.1,1.1,2014-07-12,1652,Aqua,MODIS,63,6.2,290.4,7.9,N,0
-13.9769,130.6879,304.1,1.1,1.1,2014-07-12,1652,Aqua,MODIS,20,6.2,291.5,6.4,N,0
-12.6699,132.0757,309.2,1.3,1.1,2014-07-12,1652,Aqua,MODIS,77,6.2,291.4,12.2,N,0
-14.0386,130.683,302.1,1.1,1.1,2014-07-12,1652,Aqua,MODIS,47,6.2,291.1,6,N,0
-14.6063,130.2086,319.1,1.1,1,2014-07-12,1653,Aqua,MODIS,98,6.2,291.2,19.2,N,0
-14.6315,130.1851,316.3,1.1,1,2014-07-12,1653,Aqua,MODIS,93,6.2,291.1,14.9,N,0
-14.75,130.1252,303.8,1.1,1,2014-07-12,1653,Aqua,MODIS,57,6.2,291.2,6.1,N,0
-14.6908,130.1594,306.6,1.1,1,2014-07-12,1653,Aqua,MODIS,69,6.2,291,7.3,N,0
-14.6615,130.1537,305.5,1.1,1,2014-07-12,1653,Aqua,MODIS,37,6.2,291,6.3,N,0
-14.6395,130.1738,309.3,1.1,1,2014-07-12,1653,Aqua,MODIS,77,6.2,289.3,9.3,N,0
-14.6077,130.2186,300.3,1.1,1,2014-07-12,1653,Aqua,MODIS,13,6.2,289.8,4.3,N,0
-14.6143,130.1974,301.8,1.1,1,2014-07-12,1653,Aqua,MODIS,12,6.2,290.9,4.5,N,0
-14.6222,130.1864,310.9,1.1,1,2014-07-12,1653,Aqua,MODIS,48,6.2,290.2,9.8,N,0
-14.6236,130.1961,310.2,1.1,1,2014-07-12,1653,Aqua,MODIS,26,6.2,291.2,9.5,N,0
-14.2349,142.8951,338.8,1.2,1.1,2014-07-13,0039,Terra,MODIS,90,6.2,298.6,44.8,D,0
-15.4001,143.3976,340.3,1.1,1,2014-07-13,0039,Terra,MODIS,91,6.2,299.7,43.5,D,0
-14.2279,142.8508,336.3,1.2,1.1,2014-07-13,0039,Terra,MODIS,89,6.2,298.9,41.7,D,0
-15.3593,143.3834,328,1.1,1,2014-07-13,0039,Terra,MODIS,83,6.2,299.5,23.9,D,0
-14.2366,142.9061,319.6,1.2,1.1,2014-07-13,0039,Terra,MODIS,45,6.2,297.9,13.7,D,0
-15.2644,141.9647,318.8,1.3,1.1,2014-07-13,0039,Terra,MODIS,73,6.2,299,15.2,D,0
-14.2314,142.873,318.1,1.2,1.1,2014-07-13,0039,Terra,MODIS,25,6.2,297.9,12.3,D,0
-12.6587,141.9479,326.1,1.4,1.2,2014-07-13,0039,Terra,MODIS,82,6.2,294.6,33.3,D,0
-15.2663,141.9768,315.7,1.3,1.1,2014-07-13,0039,Terra,MODIS,69,6.2,299.3,10.7,D,0
-14.2297,142.8619,324.9,1.2,1.1,2014-07-13,0039,Terra,MODIS,77,6.2,298.8,21.4,D,0
-14.2452,142.9608,316.3,1.2,1.1,2014-07-13,0039,Terra,MODIS,57,6.2,298.3,11.5,D,0
-15.3577,143.3732,318.3,1.1,1,2014-07-13,0039,Terra,MODIS,73,6.2,298.6,12,D,0
-14.2262,142.8397,324.9,1.2,1.1,2014-07-13,0039,Terra,MODIS,81,6.2,298.7,21.6,D,0
-14.2579,142.9634,311.5,1.2,1.1,2014-07-13,0039,Terra,MODIS,47,6.2,298.5,7.3,D,0
-14.2331,142.8841,337,1.2,1.1,2014-07-13,0039,Terra,MODIS,84,6.2,298.3,40.2,D,0
-15.4392,143.5262,311.3,1.1,1,2014-07-13,0039,Terra,MODIS,49,6.2,294,4.9,D,0
-15.2558,142.0404,337.6,1.3,1.1,2014-07-13,0039,Terra,MODIS,89,6.2,297.9,47.6,D,0
-15.4377,143.5161,310.8,1.1,1,2014-07-13,0039,Terra,MODIS,58,6.2,293.3,4.7,D,0
-15.1074,143.0209,312.3,1.2,1.1,2014-07-13,0039,Terra,MODIS,55,6.2,299.5,6.5,D,0
-14.2624,142.8044,313.9,1.2,1.1,2014-07-13,0039,Terra,MODIS,67,6.2,298.7,8.1,D,0
-15.1091,143.0315,313.2,1.2,1.1,2014-07-13,0039,Terra,MODIS,59,6.2,299.5,7.6,D,0
-14.6736,141.6016,338,1.4,1.2,2014-07-13,0039,Terra,MODIS,89,6.2,292.6,56.1,D,0
-15.2519,142.0164,321.5,1.3,1.1,2014-07-13,0039,Terra,MODIS,76,6.2,298.4,18.6,D,0
-14.6435,144.7742,315.5,1,1,2014-07-13,0039,Terra,MODIS,70,6.2,296.1,9.2,D,0
-15.2538,142.0284,320.2,1.3,1.1,2014-07-13,0039,Terra,MODIS,75,6.2,297.1,16.2,D,0
-15.2104,143.177,312.5,1.1,1.1,2014-07-13,0039,Terra,MODIS,63,6.2,289.9,7.1,D,0
-14.249,142.7837,311.7,1.2,1.1,2014-07-13,0039,Terra,MODIS,33,6.2,297.8,6.5,D,0
-15.4017,143.4078,318.4,1.1,1,2014-07-13,0039,Terra,MODIS,73,6.2,298,11,D,0
-15.3609,143.3936,315.2,1.1,1,2014-07-13,0039,Terra,MODIS,33,6.2,298.7,7.8,D,0
-16.1444,144.101,325.8,1,1,2014-07-13,0039,Terra,MODIS,60,6.2,298.1,18.6,D,0
-14.2455,142.8868,315.1,1.2,1.1,2014-07-13,0039,Terra,MODIS,59,6.2,298.3,10.1,D,0
-12.6565,141.9347,313.4,1.4,1.2,2014-07-13,0039,Terra,MODIS,69,6.2,294.2,12.2,D,0
-16.956,138.211,312.9,2.2,1.5,2014-07-13,0040,Terra,MODIS,68,6.2,295.8,23,D,0
-16.3601,136.5365,316.7,3.1,1.7,2014-07-13,0040,Terra,MODIS,74,6.2,294.3,55.5,D,0
-16.3586,136.5309,317.2,3.1,1.7,2014-07-13,0040,Terra,MODIS,74,6.2,294.4,58.2,D,0
-16.1909,144.1071,312.7,1,1,2014-07-13,0040,Terra,MODIS,19,6.2,294.2,6.8,D,0
-16.2015,144.1153,311.1,1,1,2014-07-13,0040,Terra,MODIS,26,6.2,293.8,5.6,D,0
-16.2059,144.1441,307.4,1,1,2014-07-13,0040,Terra,MODIS,35,6.2,294.9,4.4,D,0
-16.3036,144.1803,313.7,1,1,2014-07-13,0040,Terra,MODIS,68,6.2,297.6,8,D,0
-16.3777,144.1781,309.6,1,1,2014-07-13,0040,Terra,MODIS,44,6.2,294.7,4.4,D,0
-16.3504,144.1826,311.3,1,1,2014-07-13,0040,Terra,MODIS,26,6.2,296.9,5.3,D,0
-16.4184,144.1459,314.1,1,1,2014-07-13,0040,Terra,MODIS,62,6.2,298,8.7,D,0
-16.4199,144.1554,327.7,1,1,2014-07-13,0040,Terra,MODIS,83,6.2,296.9,22.2,D,0
-16.3414,144.184,318.6,1,1,2014-07-13,0040,Terra,MODIS,75,6.2,298.4,11.8,D,0
-16.305,144.1898,318.2,1,1,2014-07-13,0040,Terra,MODIS,74,6.2,297.6,12,D,0
-16.9431,138.2135,313.5,2.2,1.5,2014-07-13,0040,Terra,MODIS,66,6.2,295,24.5,D,0
-16.9393,138.1927,328.8,2.3,1.5,2014-07-13,0040,Terra,MODIS,84,6.2,296.9,75.4,D,0
-16.936,138.1862,320.4,2.3,1.5,2014-07-13,0040,Terra,MODIS,77,6.2,296.6,42.9,D,0
-16.9399,138.2071,321.3,2.2,1.5,2014-07-13,0040,Terra,MODIS,79,6.2,295.5,45.2,D,0
-16.6044,145.0771,314,1,1,2014-07-13,0040,Terra,MODIS,67,6.2,300.7,7.6,D,0
-16.3764,144.3533,309.8,1,1,2014-07-13,0040,Terra,MODIS,60,6.2,298.3,4.9,D,0
-16.2608,136.4137,309.8,3.2,1.7,2014-07-13,0040,Terra,MODIS,51,6.2,294.2,27.3,D,0
-16.2897,136.4918,309.8,3.1,1.7,2014-07-13,0040,Terra,MODIS,53,6.2,295.1,25.4,D,0
-16.2921,136.4984,309.7,3.1,1.7,2014-07-13,0040,Terra,MODIS,42,6.2,294.9,23.8,D,0
-16.6058,145.0864,311.9,1,1,2014-07-13,0040,Terra,MODIS,63,6.2,299.6,5.8,D,0
-15.8807,135.5067,308,3.8,1.8,2014-07-13,0040,Terra,MODIS,45,6.2,295.3,28.1,D,0
-22.1321,149.4986,309.4,1.8,1.3,2014-07-13,0041,Terra,MODIS,64,6.2,292.2,19.2,D,0
-22.138,149.492,306.8,1.8,1.3,2014-07-13,0041,Terra,MODIS,57,6.2,294,15,D,0
-24.7582,147.0503,320.1,1.3,1.1,2014-07-13,0042,Terra,MODIS,80,6.2,286.8,24.5,D,0
-28.3258,151.9436,303.6,3.2,1.7,2014-07-13,0043,Terra,MODIS,57,6.2,290.1,27.8,D,0
-28.3217,151.9373,302.4,3.2,1.7,2014-07-13,0043,Terra,MODIS,52,6.2,290.3,23.5,D,0
-32.9161,142.6109,304.6,1,1,2014-07-13,0044,Terra,MODIS,59,6.2,283,7.9,D,0
-32.9176,142.6221,301.3,1,1,2014-07-13,0044,Terra,MODIS,46,6.2,283.1,5.7,D,0
-34.5421,146.4061,304.8,1.6,1.3,2014-07-13,0044,Terra,MODIS,60,6.2,282.2,18.3,D,0
-36.3878,140.4356,303.1,1,1,2014-07-13,0045,Terra,MODIS,55,6.2,284.2,7.7,D,0
-12.4989,131.1788,313.6,4,1.9,2014-07-13,0217,Terra,MODIS,58,6.2,292.7,54.5,D,0
-12.6378,131.0112,312.8,3.9,1.8,2014-07-13,0217,Terra,MODIS,52,6.2,295.8,41,D,0
-12.5157,131.1769,316.1,4,1.9,2014-07-13,0217,Terra,MODIS,65,6.2,293.1,70.3,D,0
-12.5876,131.3591,312,4.2,1.9,2014-07-13,0217,Terra,MODIS,52,6.2,296.3,41.2,D,0
-14.2628,127.052,318.2,2,1.4,2014-07-13,0218,Terra,MODIS,28,6.2,281.5,34.5,D,0
-14.2643,127.046,318.3,2,1.4,2014-07-13,0218,Terra,MODIS,52,6.2,282,40.1,D,0
-29.2706,114.9314,302.7,1.1,1.1,2014-07-13,0222,Terra,MODIS,46,6.2,287.9,6.8,D,0
-32.4678,116.0449,310.9,1,1,2014-07-13,0223,Terra,MODIS,71,6.2,285.7,12.4,D,0
-34.1017,150.9851,305.9,2.2,1.5,2014-07-13,0322,Aqua,MODIS,62,6.2,286.3,28.2,D,0
-29.9505,152.9378,301.3,1.5,1.2,2014-07-13,0323,Aqua,MODIS,46,6.2,289.5,7.8,D,0
-29.9522,152.9225,309.6,1.5,1.2,2014-07-13,0323,Aqua,MODIS,69,6.2,289.9,17.2,D,0
-29.9533,152.9277,314.2,1.5,1.2,2014-07-13,0323,Aqua,MODIS,74,6.2,289.9,22.5,D,0
-29.8082,152.251,300.5,1.6,1.3,2014-07-13,0323,Aqua,MODIS,34,6.2,289.1,10.2,D,0
-31.2995,152.759,302,1.6,1.2,2014-07-13,0323,Aqua,MODIS,35,6.2,285.5,9.8,D,0
-31.3013,152.7415,303.8,1.6,1.2,2014-07-13,0323,Aqua,MODIS,28,6.2,289.5,11.4,D,0
-29.8153,152.1828,301.6,1.7,1.3,2014-07-13,0323,Aqua,MODIS,48,6.2,289.1,12.5,D,0
-29.0155,150.7175,312.7,2,1.4,2014-07-13,0324,Aqua,MODIS,73,6.2,294.3,28.3,D,0
-29.0136,150.7383,312.3,2,1.4,2014-07-13,0324,Aqua,MODIS,72,6.2,293.4,28.2,D,0
-29.012,150.7312,319.8,2,1.4,2014-07-13,0324,Aqua,MODIS,80,6.2,293.9,43.8,D,0
-29.517,152.758,302.5,1.5,1.2,2014-07-13,0324,Aqua,MODIS,52,6.2,289.9,8.3,D,0
-28.968,153.1901,307.7,1.4,1.2,2014-07-13,0324,Aqua,MODIS,66,6.2,292,11.8,D,0
-29.2074,152.7711,316.5,1.5,1.2,2014-07-13,0324,Aqua,MODIS,77,6.2,287.2,27.4,D,0
-27.9521,153.3022,304.5,1.3,1.1,2014-07-13,0324,Aqua,MODIS,51,6.2,294.3,7,D,0
-29.7116,152.3012,313,1.6,1.3,2014-07-13,0324,Aqua,MODIS,73,6.2,286.1,25.8,D,0
-29.2058,152.7859,304,1.5,1.2,2014-07-13,0324,Aqua,MODIS,56,6.2,287.1,11.2,D,0
-28.5056,149.4846,303.2,2.4,1.5,2014-07-13,0324,Aqua,MODIS,55,6.2,292.6,12.4,D,0
-28.5034,149.5096,306.9,2.4,1.5,2014-07-13,0324,Aqua,MODIS,64,6.2,293.4,20.6,D,0
-28.3309,151.9229,310.7,1.6,1.3,2014-07-13,0324,Aqua,MODIS,70,6.2,295.9,14.8,D,0
-28.4967,149.5041,303.2,2.4,1.5,2014-07-13,0324,Aqua,MODIS,38,6.2,292.6,11.1,D,0
-28.331,151.9331,305.2,1.6,1.3,2014-07-13,0324,Aqua,MODIS,61,6.2,294.1,7.8,D,0
-26.6017,150.6439,305,1.9,1.3,2014-07-13,0324,Aqua,MODIS,58,6.2,292.9,12.5,D,0
-24.7488,147.0416,340.1,3.3,1.7,2014-07-13,0325,Aqua,MODIS,91,6.2,292.8,226.4,D,0
-24.7798,147.0451,320.9,3.3,1.7,2014-07-13,0325,Aqua,MODIS,67,6.2,293.1,88,D,0
-24.7643,147.0431,317,3.3,1.7,2014-07-13,0325,Aqua,MODIS,44,6.2,293.3,66.2,D,0
-24.7536,147.0374,340.2,3.3,1.7,2014-07-13,0325,Aqua,MODIS,91,6.2,293.8,228.7,D,0
-22.1349,149.4823,340.9,2,1.4,2014-07-13,0326,Aqua,MODIS,91,6.2,298.2,117.8,D,0
-22.1315,149.4969,320,2,1.4,2014-07-13,0326,Aqua,MODIS,76,6.2,294.5,43.8,D,0
-22.1337,149.477,331.1,2,1.4,2014-07-13,0326,Aqua,MODIS,85,6.2,298,79.7,D,0
-21.2105,146.6979,315.6,3.1,1.7,2014-07-13,0326,Aqua,MODIS,71,6.2,299.1,49.9,D,0
-16.0603,144.1283,312.3,4.2,1.9,2014-07-13,0327,Aqua,MODIS,54,6.2,295.3,57.2,D,0
-15.3625,143.3292,316.4,4.7,2,2014-07-13,0328,Aqua,MODIS,58,6.2,295.5,85.9,D,0
-15.3584,143.3731,324.2,4.7,2,2014-07-13,0328,Aqua,MODIS,77,6.2,296.3,152.4,D,0
-15.3643,143.3258,314.9,4.7,2,2014-07-13,0328,Aqua,MODIS,53,6.2,295.4,74.6,D,0
-15.4113,143.3867,312.9,4.7,2,2014-07-13,0328,Aqua,MODIS,51,6.2,296,61.4,D,0
-15.412,143.3788,312.9,4.7,2,2014-07-13,0328,Aqua,MODIS,30,6.2,295.8,56.9,D,0
-15.3598,143.3696,327.3,4.7,2,2014-07-13,0328,Aqua,MODIS,80,6.2,296.6,186.2,D,0
-15.3777,143.3716,313.8,4.7,2,2014-07-13,0328,Aqua,MODIS,30,6.2,297,59.9,D,0
-30.8656,121.4894,302.5,4.3,1.9,2014-07-13,0502,Aqua,MODIS,0,6.2,288.9,34.7,D,2
-30.8642,121.4814,302.4,4.3,1.9,2014-07-13,0502,Aqua,MODIS,39,6.2,288.7,32.3,D,0
-16.8287,138.6509,313.3,3.2,1.7,2014-07-13,0505,Aqua,MODIS,46,6.2,298.2,31.4,D,0
-16.8251,138.6547,312.1,3.2,1.7,2014-07-13,0505,Aqua,MODIS,33,6.2,297.9,24.8,D,0
-16.8137,138.6477,312.9,3.2,1.7,2014-07-13,0505,Aqua,MODIS,27,6.2,297.8,27.8,D,0
-16.8307,138.6256,313.8,3.1,1.7,2014-07-13,0505,Aqua,MODIS,54,6.2,297.9,31.2,D,0
-17.9748,138.8295,313.2,3.1,1.7,2014-07-13,0505,Aqua,MODIS,49,6.2,301.5,24.9,D,0
-17.9756,138.8217,313.3,3.1,1.7,2014-07-13,0505,Aqua,MODIS,50,6.2,301.6,25.5,D,0
-19.3004,134.7396,316.2,1.5,1.2,2014-07-13,0505,Aqua,MODIS,30,6.2,300.6,10.5,D,0
-16.984,138.1364,314.2,2.9,1.6,2014-07-13,0505,Aqua,MODIS,40,6.2,300,26.8,D,0
-13.4718,134.1688,322.7,1.7,1.3,2014-07-13,0506,Aqua,MODIS,70,6.2,297.1,24.3,D,0
-16.4052,136.5339,315.1,2.2,1.4,2014-07-13,0506,Aqua,MODIS,47,6.2,301.6,16.3,D,0
-16.4089,136.5132,322.6,2.2,1.4,2014-07-13,0506,Aqua,MODIS,73,6.2,303.1,38.1,D,0
-16.7083,135.6149,322.3,1.9,1.3,2014-07-13,0506,Aqua,MODIS,73,6.2,303.8,28.9,D,0
-14.5876,132.991,346.8,1.3,1.2,2014-07-13,0506,Aqua,MODIS,93,6.2,308.6,65.2,D,0
-14.5896,132.9786,331.8,1.3,1.1,2014-07-13,0506,Aqua,MODIS,68,6.2,306.7,27.3,D,0
-14.5793,132.9768,327.8,1.3,1.1,2014-07-13,0506,Aqua,MODIS,54,6.2,307.3,20.5,D,0
-14.5807,132.9829,327.1,1.3,1.2,2014-07-13,0506,Aqua,MODIS,76,6.2,308.7,20.2,D,0
-15.7162,129.382,329.1,1,1,2014-07-13,0506,Aqua,MODIS,80,6.2,284.5,22.2,D,0
-16.1918,136.1001,351.9,2.1,1.4,2014-07-13,0506,Aqua,MODIS,96,6.2,304.9,167.5,D,0
-16.2771,136.0568,330.8,2.1,1.4,2014-07-13,0506,Aqua,MODIS,82,6.2,302.1,58.1,D,0
-16.1884,136.1195,325.7,2.1,1.4,2014-07-13,0506,Aqua,MODIS,77,6.2,303.7,42.2,D,0
-16.1832,136.0734,327.1,2.1,1.4,2014-07-13,0506,Aqua,MODIS,78,6.2,304.3,45.2,D,0
-15.5872,136.0238,341.4,2.1,1.4,2014-07-13,0506,Aqua,MODIS,90,6.2,302.5,114.5,D,0
-15.5838,136.0435,318.1,2.1,1.4,2014-07-13,0506,Aqua,MODIS,34,6.2,303.4,23.8,D,0
-15.9151,135.4831,329.2,1.9,1.3,2014-07-13,0506,Aqua,MODIS,76,6.2,304,45.5,D,0
-15.9181,135.489,331.1,1.9,1.3,2014-07-13,0506,Aqua,MODIS,75,6.2,303.3,51.3,D,0
-16.266,136.0617,324.5,2.1,1.4,2014-07-13,0506,Aqua,MODIS,72,6.2,303.7,35.3,D,0
-16.1799,136.0926,395.2,2.1,1.4,2014-07-13,0506,Aqua,MODIS,100,6.2,310.3,635.6,D,0
-16.3204,135.9732,322.7,2,1.4,2014-07-13,0506,Aqua,MODIS,57,6.2,305.5,30.4,D,0
-16.2713,136.0158,320.5,2.1,1.4,2014-07-13,0506,Aqua,MODIS,61,6.2,303.3,20.3,D,0
-15.906,135.4866,321.6,1.9,1.3,2014-07-13,0506,Aqua,MODIS,25,6.2,304.3,22.3,D,0
-15.593,136.0656,327,2.1,1.4,2014-07-13,0506,Aqua,MODIS,78,6.2,301.3,51.3,D,0
-16.1827,136.0785,355.6,2.1,1.4,2014-07-13,0506,Aqua,MODIS,98,6.2,305.4,191.1,D,0
-15.5606,136.1005,314.7,2.2,1.4,2014-07-13,0506,Aqua,MODIS,36,6.2,301.9,14.9,D,0
-16.2694,136.0425,328.3,2.1,1.4,2014-07-13,0506,Aqua,MODIS,80,6.2,302.4,46.3,D,0
-16.1925,136.095,335.6,2.1,1.4,2014-07-13,0506,Aqua,MODIS,86,6.2,303.8,76.8,D,0
-16.1792,136.0978,387.9,2.1,1.4,2014-07-13,0506,Aqua,MODIS,100,6.2,309.8,524.4,D,0
-16.1766,136.112,325.7,2.1,1.4,2014-07-13,0506,Aqua,MODIS,77,6.2,306.2,40.9,D,0
-16.2804,136.0375,318.9,2.1,1.4,2014-07-13,0506,Aqua,MODIS,46,6.2,301.7,17.9,D,0
-16.1892,136.1145,337.6,2.1,1.4,2014-07-13,0506,Aqua,MODIS,88,6.2,304.5,86.8,D,0
-15.9001,135.4985,323,1.9,1.4,2014-07-13,0506,Aqua,MODIS,54,6.2,303.3,27.5,D,0
-15.5964,136.0459,317.9,2.1,1.4,2014-07-13,0506,Aqua,MODIS,50,6.2,300.9,22.8,D,0
-14.1405,129.7812,323.4,1,1,2014-07-13,0506,Aqua,MODIS,69,6.2,301.5,13.8,D,0
-14.3634,129.8346,325.7,1,1,2014-07-13,0506,Aqua,MODIS,73,6.2,302.6,10.8,D,0
-14.1699,129.7733,337,1,1,2014-07-13,0506,Aqua,MODIS,27,6.2,302.4,26.7,D,0
-14.1015,130.3661,322.8,1,1,2014-07-13,0506,Aqua,MODIS,48,6.2,304.2,7.9,D,0
-14.3621,129.8439,324.5,1,1,2014-07-13,0506,Aqua,MODIS,72,6.2,304.4,9.1,D,0
-14.2933,129.5524,327.5,1,1,2014-07-13,0506,Aqua,MODIS,75,6.2,299.2,16.3,D,0
-14.1996,129.759,341.3,1,1,2014-07-13,0506,Aqua,MODIS,89,6.2,297.6,38.2,D,0
-14.1712,129.764,358,1,1,2014-07-13,0506,Aqua,MODIS,93,6.2,302.6,69,D,0
-14.1492,129.7891,325,1,1,2014-07-13,0506,Aqua,MODIS,32,6.2,299.9,13.8,D,0
-14.1636,129.7534,330.8,1,1,2014-07-13,0506,Aqua,MODIS,79,6.2,301,19.4,D,0
-14.1622,129.7626,365.3,1,1,2014-07-13,0506,Aqua,MODIS,100,6.2,305,89.9,D,0
-14.1609,129.7719,345.8,1,1,2014-07-13,0506,Aqua,MODIS,79,6.2,303.6,41.5,D,0
-14.1595,129.7812,335.4,1,1,2014-07-13,0506,Aqua,MODIS,41,6.2,300.4,24.5,D,0
-14.1726,129.7548,365.5,1,1,2014-07-13,0506,Aqua,MODIS,87,6.2,302,91.8,D,0
-14.2843,129.551,323.5,1,1,2014-07-13,0506,Aqua,MODIS,61,6.2,301.6,11.6,D,0
-15.1737,131.0717,336.9,1.1,1,2014-07-13,0506,Aqua,MODIS,85,6.2,304.2,29.9,D,0
-15.1751,131.0618,320,1.1,1,2014-07-13,0506,Aqua,MODIS,36,6.2,303.4,6.1,D,0
-15.1884,130.9738,324.1,1.1,1,2014-07-13,0506,Aqua,MODIS,70,6.2,306.3,10.2,D,0
-14.7795,130.0057,321.6,1,1,2014-07-13,0506,Aqua,MODIS,60,6.2,301.8,7.5,D,0
-15.1869,130.9835,322.2,1.1,1,2014-07-13,0506,Aqua,MODIS,62,6.2,305.5,7.9,D,0
-15.1644,131.0702,328,1.1,1,2014-07-13,0506,Aqua,MODIS,76,6.2,307.3,16.2,D,0
-14.6214,130.2076,333,1,1,2014-07-13,0506,Aqua,MODIS,80,6.2,302.3,22.1,D,0
-14.6227,130.1983,347.6,1,1,2014-07-13,0506,Aqua,MODIS,93,6.2,306.1,46.7,D,0
-14.6441,130.1797,347.5,1,1,2014-07-13,0506,Aqua,MODIS,93,6.2,307.1,47.4,D,0
-15.1851,130.9333,322.6,1.1,1,2014-07-13,0506,Aqua,MODIS,67,6.2,305.5,8.8,D,0
-15.1836,130.9431,321.7,1.1,1,2014-07-13,0506,Aqua,MODIS,65,6.2,304.2,7.6,D,0
-15.798,130.5288,323.3,1,1,2014-07-13,0506,Aqua,MODIS,69,6.2,305.5,10.3,D,0
-15.7781,129.3308,316.8,1,1,2014-07-13,0506,Aqua,MODIS,25,6.2,292.8,7.8,D,0
-15.7794,129.3215,318,1,1,2014-07-13,0506,Aqua,MODIS,48,6.2,290.9,9.7,D,0
-15.7807,129.3122,327.8,1,1,2014-07-13,0506,Aqua,MODIS,74,6.2,291.9,20.6,D,0
-14.741,130.1429,340.1,1,1,2014-07-13,0506,Aqua,MODIS,89,6.2,302.9,33.1,D,0
-14.6331,130.1904,326.5,1,1,2014-07-13,0506,Aqua,MODIS,67,6.2,304.6,12.8,D,0
-14.2046,133.3475,327.7,1.4,1.2,2014-07-13,0506,Aqua,MODIS,77,6.2,304.8,25.2,D,0
-14.1919,133.3591,323,1.4,1.2,2014-07-13,0506,Aqua,MODIS,61,6.2,305.4,15.4,D,0
-14.3025,131.8809,322.7,1.2,1.1,2014-07-13,0506,Aqua,MODIS,68,6.2,304.1,12.8,D,0
-14.3009,131.8917,348.6,1.2,1.1,2014-07-13,0506,Aqua,MODIS,94,6.2,306,62.3,D,0
-14.0622,130.6939,325.3,1.1,1,2014-07-13,0506,Aqua,MODIS,70,6.2,306.3,9.7,D,0
-13.5798,133.937,323.2,1.6,1.3,2014-07-13,0506,Aqua,MODIS,65,6.2,300.3,22.2,D,0
-13.5822,133.9222,339,1.6,1.3,2014-07-13,0506,Aqua,MODIS,88,6.2,301.7,63.7,D,0
-13.5781,133.876,331.4,1.6,1.2,2014-07-13,0506,Aqua,MODIS,82,6.2,299.2,40.3,D,0
-13.474,134.1625,318.5,1.7,1.3,2014-07-13,0506,Aqua,MODIS,28,6.2,297.2,14.8,D,0
-16.0578,136.8455,322.9,2.4,1.5,2014-07-13,0506,Aqua,MODIS,73,6.2,299.5,50.3,D,0
-16.0241,136.8338,322.3,2.4,1.5,2014-07-13,0506,Aqua,MODIS,68,6.2,302.2,43.5,D,0
-13.5646,133.6794,317.8,1.6,1.2,2014-07-13,0506,Aqua,MODIS,58,6.2,301.9,12.8,D,0
-14.0551,133.4053,318.8,1.5,1.2,2014-07-13,0506,Aqua,MODIS,61,6.2,304.6,11.7,D,0
-14.0489,133.396,322.6,1.5,1.2,2014-07-13,0506,Aqua,MODIS,70,6.2,303.6,17.9,D,0
-16.0508,136.839,323.6,2.4,1.5,2014-07-13,0506,Aqua,MODIS,61,6.2,299.5,48.6,D,0
-12.0023,132.7805,321.7,1.4,1.2,2014-07-13,0507,Aqua,MODIS,70,6.2,302.2,17.3,D,0
-13.6454,132.0916,328.9,1.2,1.1,2014-07-13,0507,Aqua,MODIS,69,6.2,308.2,17.6,D,0
-13.6472,132.0803,340.8,1.2,1.1,2014-07-13,0507,Aqua,MODIS,88,6.2,308.9,41.1,D,0
-13.7535,132.115,322.1,1.2,1.1,2014-07-13,0507,Aqua,MODIS,47,6.2,307.1,8.5,D,0
-13.649,132.0691,366.3,1.2,1.1,2014-07-13,0507,Aqua,MODIS,100,6.2,310.3,123.6,D,0
-13.6507,132.0578,354,1.2,1.1,2014-07-13,0507,Aqua,MODIS,96,6.2,308.3,79.7,D,0
-13.6356,132.09,334.3,1.2,1.1,2014-07-13,0507,Aqua,MODIS,83,6.2,308.6,29.3,D,0
-13.5118,132.0919,358.9,1.2,1.1,2014-07-13,0507,Aqua,MODIS,99,6.2,309.5,94.6,D,0
-13.6617,132.1175,325.5,1.2,1.1,2014-07-13,0507,Aqua,MODIS,67,6.2,307.2,12.7,D,0
-13.0454,132.7659,326,1.4,1.2,2014-07-13,0507,Aqua,MODIS,51,6.2,308.6,16.9,D,0
-13.9712,130.6827,325.1,1.1,1,2014-07-13,0507,Aqua,MODIS,49,6.2,305.8,10.3,D,0
-12.0559,134.7383,315.8,2,1.4,2014-07-13,0507,Aqua,MODIS,43,6.2,297.9,21.7,D,0
-13.6588,131.877,372.5,1.2,1.1,2014-07-13,0507,Aqua,MODIS,100,6.2,310.2,145.8,D,0
-12.7683,132.5923,322,1.4,1.2,2014-07-13,0507,Aqua,MODIS,66,6.2,303.6,17,D,0
-11.4169,132.8502,319.1,1.5,1.2,2014-07-13,0507,Aqua,MODIS,0,6.2,297,18.3,D,0
-13.6606,131.866,359.2,1.2,1.1,2014-07-13,0507,Aqua,MODIS,99,6.2,311.5,92,D,0
-11.419,132.8367,334.7,1.5,1.2,2014-07-13,0507,Aqua,MODIS,0,6.2,299.5,50.2,D,0
-13.6408,132.0562,321,1.2,1.1,2014-07-13,0507,Aqua,MODIS,60,6.2,306.3,9.9,D,0
-13.6391,132.0675,333.9,1.2,1.1,2014-07-13,0507,Aqua,MODIS,82,6.2,308.4,30.1,D,0
-13.6373,132.0787,333.6,1.2,1.1,2014-07-13,0507,Aqua,MODIS,82,6.2,309.5,27.4,D,0
-12.359,132.7847,336.9,1.4,1.2,2014-07-13,0507,Aqua,MODIS,86,6.2,304.4,51.6,D,0
-12.6902,132.0409,327.4,1.3,1.1,2014-07-13,0507,Aqua,MODIS,52,6.2,302.5,19,D,0
-12.9902,130.7661,324.9,1.1,1,2014-07-13,0507,Aqua,MODIS,51,6.2,307.5,9.6,D,0
-12.5622,135.3361,318.7,2.2,1.4,2014-07-13,0507,Aqua,MODIS,68,6.2,297.7,32.7,D,0
-12.5055,133.0923,336.4,1.5,1.2,2014-07-13,0507,Aqua,MODIS,86,6.2,306.6,48.9,D,0
-12.9514,132.8486,326,1.4,1.2,2014-07-13,0507,Aqua,MODIS,66,6.2,307.8,16.4,D,0
-12.4799,132.5392,349.1,1.4,1.2,2014-07-13,0507,Aqua,MODIS,94,6.2,303.7,75.1,D,0
-11.9985,134.0352,338.5,1.8,1.3,2014-07-13,0507,Aqua,MODIS,87,6.2,299.1,76.2,D,0
-12.7988,130.8763,343.6,1.1,1,2014-07-13,0507,Aqua,MODIS,91,6.2,298,46.7,D,0
-11.9959,134.0512,320.1,1.8,1.3,2014-07-13,0507,Aqua,MODIS,65,6.2,298.9,22.8,D,0
-12.9995,130.7675,343.5,1.1,1,2014-07-13,0507,Aqua,MODIS,90,6.2,306.3,40.6,D,0
-12.8551,132.0335,337.4,1.3,1.1,2014-07-13,0507,Aqua,MODIS,86,6.2,305.7,38.1,D,0
-12.4819,132.5268,341.5,1.4,1.2,2014-07-13,0507,Aqua,MODIS,90,6.2,302.2,53.2,D,0
-12.6384,130.9728,352.5,1.1,1.1,2014-07-13,0507,Aqua,MODIS,0,6.2,299.9,68.5,D,0
-12.4716,132.5251,331.2,1.4,1.2,2014-07-13,0507,Aqua,MODIS,77,6.2,303.1,28.8,D,0
-12.5054,133.0235,322.3,1.5,1.2,2014-07-13,0507,Aqua,MODIS,61,6.2,303,21,D,0
-12.4775,133.1292,322.4,1.5,1.2,2014-07-13,0507,Aqua,MODIS,38,6.2,304.1,13,D,0
-12.951,132.5341,330.5,1.3,1.1,2014-07-13,0507,Aqua,MODIS,79,6.2,304.6,28.3,D,0
-12.865,132.0351,321.4,1.3,1.1,2014-07-13,0507,Aqua,MODIS,63,6.2,303.2,11.8,D,0
-12.433,132.6337,328.3,1.4,1.2,2014-07-13,0507,Aqua,MODIS,78,6.2,302.8,25.7,D,0
-12.5163,133.0938,326.5,1.5,1.2,2014-07-13,0507,Aqua,MODIS,76,6.2,304.7,26.9,D,0
-12.478,132.5515,345.4,1.4,1.2,2014-07-13,0507,Aqua,MODIS,92,6.2,304,63,D,0
-12.4612,132.5234,332.9,1.4,1.2,2014-07-13,0507,Aqua,MODIS,83,6.2,304.5,32.5,D,0
-12.4111,132.5209,322.4,1.4,1.2,2014-07-13,0507,Aqua,MODIS,38,6.2,303.5,13.2,D,0
-12.9917,130.7561,329.8,1.1,1,2014-07-13,0507,Aqua,MODIS,78,6.2,307,16.8,D,0
-12.6785,132.0508,359.4,1.3,1.1,2014-07-13,0507,Aqua,MODIS,99,6.2,306.2,100.4,D,0
-12.5655,135.3165,323,2.1,1.4,2014-07-13,0507,Aqua,MODIS,75,6.2,295.5,45,D,0
-12.9538,131.1312,322.7,1.1,1.1,2014-07-13,0507,Aqua,MODIS,38,6.2,307,9.3,D,0
-12.4668,133.1272,330.3,1.5,1.2,2014-07-13,0507,Aqua,MODIS,81,6.2,305,30.3,D,0
-12.6932,132.6254,326,1.4,1.2,2014-07-13,0507,Aqua,MODIS,66,6.2,305.1,19.8,D,0
-13.0025,130.7477,327,1.1,1,2014-07-13,0507,Aqua,MODIS,63,6.2,305.7,13.3,D,0
-13.001,130.7576,345.9,1.1,1,2014-07-13,0507,Aqua,MODIS,92,6.2,306.6,45.9,D,0
-12.7023,132.6068,358.9,1.4,1.2,2014-07-13,0507,Aqua,MODIS,75,6.2,305.7,117,D,0
-12.9393,132.8135,323.8,1.4,1.2,2014-07-13,0507,Aqua,MODIS,54,6.2,305.4,13.6,D,0
-12.6767,132.0624,325,1.3,1.1,2014-07-13,0507,Aqua,MODIS,49,6.2,305.8,13.5,D,0
-12.5111,131.1463,331,1.1,1.1,2014-07-13,0507,Aqua,MODIS,82,6.2,297.8,26.8,D,0
-12.9529,132.5219,320.9,1.3,1.1,2014-07-13,0507,Aqua,MODIS,61,6.2,303.5,12.5,D,0
-12.469,133.1136,324.2,1.5,1.2,2014-07-13,0507,Aqua,MODIS,55,6.2,303.7,16.8,D,0
-12.5034,133.1058,326.4,1.5,1.2,2014-07-13,0507,Aqua,MODIS,71,6.2,304.9,24.2,D,0
-12.4086,134.0555,317.7,1.7,1.3,2014-07-13,0507,Aqua,MODIS,61,6.2,300.2,18.2,D,0
-12.8533,132.0449,335.1,1.3,1.1,2014-07-13,0507,Aqua,MODIS,84,6.2,306.7,33,D,0
-12.9535,132.8358,329.6,1.4,1.2,2014-07-13,0507,Aqua,MODIS,69,6.2,307.4,24.5,D,0
-12.8633,132.0465,321.2,1.3,1.1,2014-07-13,0507,Aqua,MODIS,62,6.2,303.8,11.3,D,0
-12.1112,134.061,315.9,1.8,1.3,2014-07-13,0507,Aqua,MODIS,27,6.2,299.8,13.1,D,0
-12.4249,132.6384,326.1,1.4,1.2,2014-07-13,0507,Aqua,MODIS,76,6.2,302.8,21.5,D,0
-12.697,132.6005,348.6,1.4,1.2,2014-07-13,0507,Aqua,MODIS,89,6.2,304.7,78.6,D,0
-12.5142,133.1071,317,1.5,1.2,2014-07-13,0507,Aqua,MODIS,17,6.2,302.3,9.5,D,0
-12.9443,131.1297,324,1.1,1.1,2014-07-13,0507,Aqua,MODIS,47,6.2,305.7,11.5,D,0
-12.7043,132.5944,325.8,1.4,1.2,2014-07-13,0507,Aqua,MODIS,56,6.2,304.3,24.7,D,0
-12.7894,130.8749,350.7,1.1,1,2014-07-13,0507,Aqua,MODIS,95,6.2,296.6,62.1,D,0
-12.4189,130.6634,321.6,1.1,1,2014-07-13,0507,Aqua,MODIS,67,6.2,300.8,13.6,D,0
-12.7003,132.6192,344,1.4,1.2,2014-07-13,0507,Aqua,MODIS,79,6.2,304.8,63.4,D,0
-12.4229,132.651,322.4,1.4,1.2,2014-07-13,0507,Aqua,MODIS,71,6.2,303.4,16.1,D,0
-12.4309,132.6463,337.5,1.4,1.2,2014-07-13,0507,Aqua,MODIS,87,6.2,303.7,46.8,D,0
-12.6951,132.6129,353.6,1.4,1.2,2014-07-13,0507,Aqua,MODIS,91,6.2,307,93.4,D,0
-12.9412,132.8009,327.2,1.4,1.2,2014-07-13,0507,Aqua,MODIS,69,6.2,304.8,20.5,D,0
-11.9688,133.7986,318.8,1.7,1.3,2014-07-13,0507,Aqua,MODIS,33,6.2,300.8,14,D,0
-12.435,132.6211,321.6,1.4,1.2,2014-07-13,0507,Aqua,MODIS,42,6.2,301.8,13.5,D,0
-12.6369,130.983,339.7,1.1,1.1,2014-07-13,0507,Aqua,MODIS,84,6.2,297.1,39.3,D,0
-12.6463,130.9845,324.1,1.1,1.1,2014-07-13,0507,Aqua,MODIS,64,6.2,300.7,16.3,D,0
-13.7418,132.1247,341.9,1.2,1.1,2014-07-13,0507,Aqua,MODIS,89,6.2,309.5,44.7,D,0
-13.7517,132.1263,361.2,1.2,1.1,2014-07-13,0507,Aqua,MODIS,100,6.2,307.6,103.6,D,0
-34.4597,150.8779,303.1,1,1,2014-07-13,1247,Terra,MODIS,53,6.2,280.4,9.3,N,0
-32.0041,146.744,319.9,1.3,1.1,2014-07-13,1248,Terra,MODIS,99,6.2,272.3,33.6,N,0
-32.0057,146.7302,347.2,1.3,1.1,2014-07-13,1248,Terra,MODIS,100,6.2,271.4,91.9,N,0
-30.9275,152.7964,300.2,1.1,1.1,2014-07-13,1248,Terra,MODIS,21,6.2,281.3,8.4,N,0
-27.9577,153.309,307.8,1.3,1.1,2014-07-13,1249,Terra,MODIS,72,6.2,283.1,15.8,N,0
-24.7455,147.0616,306,1.1,1,2014-07-13,1250,Terra,MODIS,67,6.2,275.7,10.9,N,0
-24.7468,147.051,304,1.1,1,2014-07-13,1250,Terra,MODIS,58,6.2,273.1,9.6,N,0
-20.478,118.2645,382.7,1.6,1.2,2014-07-13,1430,Terra,MODIS,100,6.2,293.9,327.1,N,0
-20.4797,118.2494,317,1.6,1.2,2014-07-13,1430,Terra,MODIS,94,6.2,285.7,34.8,N,0
-20.4668,118.2631,351.3,1.6,1.2,2014-07-13,1430,Terra,MODIS,100,6.2,287.3,132.6,N,0
-20.4686,118.2479,313.3,1.6,1.2,2014-07-13,1430,Terra,MODIS,87,6.2,284.8,28.6,N,0
-21.6357,118.784,303,1.5,1.2,2014-07-13,1430,Terra,MODIS,45,6.2,284.5,12.9,N,0
-21.6373,118.7907,305,1.5,1.2,2014-07-13,1430,Terra,MODIS,62,6.2,284.4,15.8,N,0
-13.6469,131.8791,300.9,4.3,1.9,2014-07-13,1431,Terra,MODIS,35,6.2,289.1,36.5,N,0
-31.996,146.7284,301.5,2.6,1.5,2014-07-13,1602,Aqua,MODIS,42,6.2,272.6,39.1,N,0
-26.9059,152.4972,307.4,1.4,1.2,2014-07-13,2347,Terra,MODIS,65,6.2,290.6,11.4,D,0
-26.314,151.292,300.9,1.7,1.3,2014-07-13,2347,Terra,MODIS,43,6.2,289.4,6.7,D,0
-26.317,151.3087,300.4,1.7,1.3,2014-07-13,2347,Terra,MODIS,37,6.2,288.9,6.4,D,0
-27.4467,152.3544,327,1.4,1.2,2014-07-13,2347,Terra,MODIS,85,6.2,289.4,39.6,D,0
-26.3139,151.3025,305.6,1.7,1.3,2014-07-13,2347,Terra,MODIS,62,6.2,289.3,12.1,D,0
-27.5223,152.4785,322.4,1.3,1.1,2014-07-13,2347,Terra,MODIS,82,6.2,291.1,29.1,D,0
-24.7768,147.0568,304.4,3.5,1.8,2014-07-13,2347,Terra,MODIS,49,6.2,277.9,50.1,D,0
-27.4442,152.3408,309.7,1.4,1.2,2014-07-13,2347,Terra,MODIS,69,6.2,289.1,14.7,D,0
-30.7338,151.7905,308.4,1.3,1.1,2014-07-13,2348,Terra,MODIS,67,6.2,286.5,13.9,D,0
-30.7362,151.8038,310.9,1.3,1.1,2014-07-13,2348,Terra,MODIS,71,6.2,286.4,16.4,D,0
-30.4077,151.3372,302,1.4,1.2,2014-07-13,2348,Terra,MODIS,38,6.2,284.4,10,D,0
-30.4041,151.3462,301,1.4,1.2,2014-07-13,2348,Terra,MODIS,37,6.2,283.2,9.1,D,0
-30.9171,152.7949,301,1.2,1.1,2014-07-13,2348,Terra,MODIS,44,6.2,286.8,6.5,D,0
-30.9191,152.8069,303,1.2,1.1,2014-07-13,2348,Terra,MODIS,54,6.2,286.8,7.8,D,0
-29.9443,152.9256,306.2,1.2,1.1,2014-07-13,2348,Terra,MODIS,63,6.2,287.7,9.6,D,0
-33.6713,147.3192,307.8,2.1,1.4,2014-07-13,2349,Terra,MODIS,57,6.2,270.3,34.7,D,0
-12.6526,141.9404,312,2.3,1.5,2014-07-14,0121,Terra,MODIS,51,6.2,294.2,19.6,D,0
-12.656,141.9457,318.4,2.3,1.5,2014-07-14,0121,Terra,MODIS,69,6.2,294.8,36.4,D,0
-11.4005,132.9084,310.3,1.2,1.1,2014-07-14,0121,Terra,MODIS,0,6.2,296.8,5.9,D,0
-14.1204,131.4051,316,1.3,1.1,2014-07-14,0122,Terra,MODIS,54,6.2,299.2,10.2,D,0
-14.3002,131.8831,315.1,1.2,1.1,2014-07-14,0122,Terra,MODIS,55,6.2,300.3,7.6,D,0
-14.1742,133.3669,316.3,1.1,1,2014-07-14,0122,Terra,MODIS,41,6.2,301.6,6,D,0
-14.1102,131.4068,314.4,1.3,1.1,2014-07-14,0122,Terra,MODIS,42,6.2,299.7,8.5,D,0
-13.6566,131.8944,317.8,1.2,1.1,2014-07-14,0122,Terra,MODIS,51,6.2,300.6,8.9,D,0
-13.7185,134.0034,323.9,1,1,2014-07-14,0122,Terra,MODIS,69,6.2,303.5,12.9,D,0
-13.6261,132.091,319.9,1.2,1.1,2014-07-14,0122,Terra,MODIS,64,6.2,300.9,11.2,D,0
-13.6243,132.0798,333.9,1.2,1.1,2014-07-14,0122,Terra,MODIS,85,6.2,300.9,33.7,D,0
-14.1926,133.3639,319.4,1.1,1,2014-07-14,0122,Terra,MODIS,67,6.2,300.9,9.3,D,0
-13.5593,133.6859,315.4,1,1,2014-07-14,0122,Terra,MODIS,57,6.2,299.8,7.1,D,0
-12.89,132.5416,316,1.2,1.1,2014-07-14,0122,Terra,MODIS,53,6.2,298.9,9.2,D,0
-12.1315,133.3316,353.3,1.1,1,2014-07-14,0122,Terra,MODIS,97,6.2,302.9,67.8,D,0
-12.2377,133.4217,322.5,1.1,1,2014-07-14,0122,Terra,MODIS,73,6.2,300.9,13.6,D,0
-12.6979,132.0495,316.6,1.3,1.1,2014-07-14,0122,Terra,MODIS,55,6.2,298.6,8.3,D,0
-12.1362,133.3618,338.4,1.1,1,2014-07-14,0122,Terra,MODIS,88,6.2,304.2,36.5,D,0
-12.2097,133.3031,326.1,1.1,1,2014-07-14,0122,Terra,MODIS,76,6.2,302.9,15.6,D,0
-11.9214,133.9451,313.3,1.1,1,2014-07-14,0122,Terra,MODIS,29,6.2,299.5,5.7,D,0
-15.3048,143.4925,311.6,3.3,1.7,2014-07-14,0122,Terra,MODIS,31,6.2,290,32.2,D,0
-12.1798,133.3959,356.9,1.1,1,2014-07-14,0122,Terra,MODIS,98,6.2,303.7,76.4,D,0
-15.2895,135.348,314.9,1,1,2014-07-14,0122,Terra,MODIS,57,6.2,301,6.3,D,0
-15.5991,136.0327,314.2,1.1,1,2014-07-14,0122,Terra,MODIS,43,6.2,298.9,5.7,D,0
-12.205,133.3961,328.7,1.1,1,2014-07-14,0122,Terra,MODIS,80,6.2,302.2,20.6,D,0
-12.144,133.3503,362.8,1.1,1,2014-07-14,0122,Terra,MODIS,100,6.2,302,95.4,D,0
-12.5904,131.3728,314.5,1.4,1.2,2014-07-14,0122,Terra,MODIS,57,6.2,297.6,9.2,D,0
-12.13,133.3216,326.6,1.1,1,2014-07-14,0122,Terra,MODIS,24,6.2,301,15.4,D,0
-12.1783,133.3859,357.4,1.1,1,2014-07-14,0122,Terra,MODIS,98,6.2,302.6,78.2,D,0
-12.169,133.3874,362.2,1.1,1,2014-07-14,0122,Terra,MODIS,100,6.2,304.1,94.6,D,0
-12.1784,133.2874,323,1.1,1,2014-07-14,0122,Terra,MODIS,69,6.2,301.5,13.6,D,0
-12.7974,130.8529,317.8,1.5,1.2,2014-07-14,0122,Terra,MODIS,43,6.2,298.6,12.3,D,0
-12.1331,133.3417,369.9,1.1,1,2014-07-14,0122,Terra,MODIS,100,6.2,305.3,121.4,D,0
-12.8063,130.8581,319.9,1.5,1.2,2014-07-14,0122,Terra,MODIS,59,6.2,299.7,15.9,D,0
-12.2544,133.1233,323.1,1.1,1.1,2014-07-14,0122,Terra,MODIS,61,6.2,300.5,13.1,D,0
-12.9323,132.8064,319.9,1.1,1.1,2014-07-14,0122,Terra,MODIS,69,6.2,299.8,11.8,D,0
-12.1143,133.2828,317.2,1.1,1,2014-07-14,0122,Terra,MODIS,62,6.2,299.4,7.8,D,0
-12.1629,133.2855,325.9,1.1,1,2014-07-14,0122,Terra,MODIS,53,6.2,301.1,15.8,D,0
-12.1049,133.2843,353.7,1.1,1,2014-07-14,0122,Terra,MODIS,97,6.2,303.1,72,D,0
-11.9895,134.0225,361.8,1,1,2014-07-14,0122,Terra,MODIS,100,6.2,302,88.7,D,0
-12.205,133.2106,321.3,1.1,1.1,2014-07-14,0122,Terra,MODIS,39,6.2,300.4,11.2,D,0
-12.1519,133.3388,320.3,1.1,1,2014-07-14,0122,Terra,MODIS,53,6.2,299.6,9.8,D,0
-12.1284,133.2495,324.5,1.1,1.1,2014-07-14,0122,Terra,MODIS,75,6.2,300.8,16.9,D,0
-12.1269,133.3015,328.9,1.1,1,2014-07-14,0122,Terra,MODIS,80,6.2,301.1,20.1,D,0
-12.1955,133.2121,348.5,1.1,1.1,2014-07-14,0122,Terra,MODIS,94,6.2,301.8,58.9,D,0
-12.7607,131.5504,317.7,1.3,1.2,2014-07-14,0122,Terra,MODIS,62,6.2,299.8,11,D,0
-12.2034,133.3862,324,1.1,1,2014-07-14,0122,Terra,MODIS,75,6.2,303,14.3,D,0
-12.449,132.3527,318.4,1.2,1.1,2014-07-14,0122,Terra,MODIS,68,6.2,298.8,11.1,D,0
-12.776,130.8772,328.4,1.5,1.2,2014-07-14,0122,Terra,MODIS,80,6.2,298.9,32.9,D,0
-12.1174,133.3029,327.9,1.1,1,2014-07-14,0122,Terra,MODIS,79,6.2,300.6,19.4,D,0
-12.119,133.313,334.5,1.1,1,2014-07-14,0122,Terra,MODIS,85,6.2,301.9,29,D,0
-12.2348,133.2163,325.5,1.1,1.1,2014-07-14,0122,Terra,MODIS,71,6.2,301.3,15.8,D,0
-12.1206,133.3231,326.4,1.1,1,2014-07-14,0122,Terra,MODIS,75,6.2,302.4,16.9,D,0
-12.873,132.0555,319.7,1.3,1.1,2014-07-14,0122,Terra,MODIS,44,6.2,299.5,12,D,0
-12.1674,133.3774,321.7,1.1,1,2014-07-14,0122,Terra,MODIS,19,6.2,301.4,10.7,D,0
-12.2733,133.1202,321.7,1.1,1.1,2014-07-14,0122,Terra,MODIS,40,6.2,301,10.2,D,0
-12.4508,132.3638,314.4,1.2,1.1,2014-07-14,0122,Terra,MODIS,58,6.2,298.3,6.9,D,0
-11.991,134.032,326.5,1,1,2014-07-14,0122,Terra,MODIS,79,6.2,301,18.1,D,0
-12.1457,133.2985,329.3,1.1,1,2014-07-14,0122,Terra,MODIS,81,6.2,301.5,22.3,D,0
-12.1347,133.3517,386.9,1.1,1,2014-07-14,0122,Terra,MODIS,100,6.2,309.7,199,D,0
-12.1971,133.2222,332.2,1.1,1.1,2014-07-14,0122,Terra,MODIS,83,6.2,300.5,26.5,D,0
-12.1723,133.284,321.2,1.1,1,2014-07-14,0122,Terra,MODIS,52,6.2,301.1,11.6,D,0
-12.1471,133.3703,362.2,1.1,1,2014-07-14,0122,Terra,MODIS,100,6.2,304.8,94.8,D,0
-12.1159,133.2929,327.9,1.1,1,2014-07-14,0122,Terra,MODIS,79,6.2,299.9,20.3,D,0
-12.6997,132.061,322.3,1.3,1.1,2014-07-14,0122,Terra,MODIS,74,6.2,299.8,16.6,D,0
-12.1284,133.3115,332,1.1,1,2014-07-14,0122,Terra,MODIS,74,6.2,301.2,23.7,D,0
-12.1487,133.3803,326.6,1.1,1,2014-07-14,0122,Terra,MODIS,48,6.2,302,16.5,D,0
-12.2392,133.4316,315.1,1.1,1,2014-07-14,0122,Terra,MODIS,33,6.2,300.6,5.9,D,0
-12.1739,133.2941,332.8,1.1,1,2014-07-14,0122,Terra,MODIS,84,6.2,302.3,26.7,D,0
-12.1799,133.2974,325.1,1.1,1,2014-07-14,0122,Terra,MODIS,51,6.2,302.2,14.7,D,0
-12.1893,133.2959,351.9,1.1,1,2014-07-14,0122,Terra,MODIS,96,6.2,305.8,64.9,D,0
-12.1847,133.3276,319.8,1.1,1,2014-07-14,0122,Terra,MODIS,28,6.2,301.6,8.6,D,0
-12.1987,133.2945,332.7,1.1,1,2014-07-14,0122,Terra,MODIS,82,6.2,302.6,24.9,D,0
-15.252,143.4366,316.4,3.3,1.7,2014-07-14,0122,Terra,MODIS,29,6.2,293.2,53.6,D,0
-15.2552,143.4673,316.7,3.3,1.7,2014-07-14,0122,Terra,MODIS,40,6.2,291.5,53.4,D,0
-12.7997,130.8665,316,1.5,1.2,2014-07-14,0122,Terra,MODIS,26,6.2,299.4,9.1,D,0
-15.4313,143.5348,309.4,3.4,1.7,2014-07-14,0122,Terra,MODIS,34,6.2,291.5,27.6,D,0
-12.8494,132.0358,324.6,1.3,1.1,2014-07-14,0122,Terra,MODIS,74,6.2,300.5,18.3,D,0
-12.0423,134.74,315,1,1,2014-07-14,0122,Terra,MODIS,44,6.2,298.1,6.8,D,0
-12.158,133.3789,351.5,1.1,1,2014-07-14,0122,Terra,MODIS,96,6.2,303.1,63.6,D,0
-12.1565,133.3688,337.7,1.1,1,2014-07-14,0122,Terra,MODIS,88,6.2,301.3,34.1,D,0
-12.1503,133.3287,322,1.1,1,2014-07-14,0122,Terra,MODIS,64,6.2,299.5,11.1,D,0
-12.1892,133.3944,337.9,1.1,1,2014-07-14,0122,Terra,MODIS,88,6.2,303,32.4,D,0
-12.9277,132.8029,317.8,1.1,1.1,2014-07-14,0122,Terra,MODIS,55,6.2,299.7,7.5,D,0
-12.1925,133.3161,320.2,1.1,1,2014-07-14,0122,Terra,MODIS,16,6.2,302.4,8.8,D,0
-15.5964,136.0131,313.5,1.1,1,2014-07-14,0122,Terra,MODIS,13,6.2,299.4,5.3,D,0
-15.5978,136.0229,320.3,1.1,1,2014-07-14,0122,Terra,MODIS,73,6.2,299.5,12,D,0
-12.1645,133.2956,334,1.1,1,2014-07-14,0122,Terra,MODIS,85,6.2,301.7,27.8,D,0
-15.2596,143.4733,316,3.3,1.7,2014-07-14,0122,Terra,MODIS,26,6.2,290.5,49.9,D,0
-12.1269,133.2393,322.2,1.1,1.1,2014-07-14,0122,Terra,MODIS,72,6.2,299.9,14.1,D,0
-12.1878,133.2859,328.8,1.1,1,2014-07-14,0122,Terra,MODIS,80,6.2,301.1,20.9,D,0
-12.1705,133.3974,321.7,1.1,1,2014-07-14,0122,Terra,MODIS,16,6.2,301.6,9.9,D,0
-15.2562,143.4427,323.1,3.3,1.7,2014-07-14,0122,Terra,MODIS,73,6.2,293,89.4,D,0
-12.1456,133.3603,374.9,1.1,1,2014-07-14,0122,Terra,MODIS,100,6.2,304.8,141.5,D,0
-14.1997,129.7393,328,1.7,1.3,2014-07-14,0122,Terra,MODIS,81,6.2,295.2,46.1,D,0
-14.2023,129.7547,322.5,1.7,1.3,2014-07-14,0122,Terra,MODIS,75,6.2,296.2,32.4,D,0
-13.0803,130.4838,315.5,1.6,1.2,2014-07-14,0122,Terra,MODIS,40,6.2,299.5,9.8,D,0
-12.2812,133.1084,343.8,1.1,1.1,2014-07-14,0122,Terra,MODIS,92,6.2,302.2,46.9,D,0
-13.4682,134.1759,313.5,1,1,2014-07-14,0122,Terra,MODIS,54,6.2,300.1,4.6,D,0
-14.6257,132.4352,322.8,1.1,1.1,2014-07-14,0122,Terra,MODIS,74,6.2,300.2,14.6,D,0
-13.5528,134.0032,313.4,1,1,2014-07-14,0122,Terra,MODIS,32,6.2,300.1,4.7,D,0
-14.7508,130.134,318.1,1.6,1.2,2014-07-14,0122,Terra,MODIS,60,6.2,297.1,17.3,D,0
-14.6273,132.4457,335.9,1.1,1.1,2014-07-14,0122,Terra,MODIS,87,6.2,301.3,34.4,D,0
-14.6224,132.4418,347.1,1.1,1.1,2014-07-14,0122,Terra,MODIS,93,6.2,301.5,57.2,D,0
-14.6241,132.4522,318.4,1.1,1.1,2014-07-14,0122,Terra,MODIS,65,6.2,300,8.6,D,0
-15.2025,130.9955,321.7,1.3,1.1,2014-07-14,0123,Terra,MODIS,74,6.2,298,17.4,D,0
-15.2005,130.983,318.3,1.3,1.1,2014-07-14,0123,Terra,MODIS,68,6.2,297.9,12.9,D,0
-15.7833,129.2936,312.7,1.7,1.3,2014-07-14,0123,Terra,MODIS,64,6.2,291.7,16.6,D,0
-15.5748,129.4156,320,1.7,1.3,2014-07-14,0123,Terra,MODIS,70,6.2,286.7,28.8,D,0
-15.6062,129.4047,328,1.7,1.3,2014-07-14,0123,Terra,MODIS,62,6.2,293.3,44.3,D,0
-15.9319,135.4689,337,1,1,2014-07-14,0123,Terra,MODIS,88,6.2,302,32.3,D,0
-15.9333,135.4783,326.7,1,1,2014-07-14,0123,Terra,MODIS,80,6.2,300.6,18,D,0
-16.3223,135.9474,341,1.1,1,2014-07-14,0123,Terra,MODIS,91,6.2,301.6,40.1,D,0
-15.9178,135.5002,316,1,1,2014-07-14,0123,Terra,MODIS,64,6.2,300.9,7.8,D,0
-16.3209,135.9375,334.9,1.1,1,2014-07-14,0123,Terra,MODIS,86,6.2,300.8,29.7,D,0
-16.3316,135.946,323.3,1.1,1,2014-07-14,0123,Terra,MODIS,69,6.2,299.5,15.9,D,0
-16.333,135.9559,323.2,1.1,1,2014-07-14,0123,Terra,MODIS,77,6.2,294.1,15.3,D,0
-16.3434,136.514,313.1,1.1,1.1,2014-07-14,0123,Terra,MODIS,58,6.2,299.4,6.4,D,0
-15.6092,129.4101,331.1,1.7,1.3,2014-07-14,0123,Terra,MODIS,77,6.2,292.8,51.1,D,0
-20.4844,118.28,311.4,3.6,1.8,2014-07-14,0302,Terra,MODIS,48,6.2,298.4,29.1,D,0
-20.4768,118.2753,315.3,3.6,1.8,2014-07-14,0302,Terra,MODIS,63,6.2,298.7,48.2,D,0
-21.6139,118.7871,306.4,4,1.9,2014-07-14,0303,Terra,MODIS,44,6.2,294.3,29.1,D,0
-41.0733,147.3061,301.5,1.1,1.1,2014-07-14,0403,Aqua,MODIS,47,6.2,275.3,8.9,D,0
-29.6778,151.1238,308.2,1.4,1.2,2014-07-14,0406,Aqua,MODIS,67,6.2,292.1,9.8,D,0
-29.6473,151.235,311.6,1.4,1.2,2014-07-14,0406,Aqua,MODIS,72,6.2,293,14.9,D,0
-30.5756,150.507,308,1.2,1.1,2014-07-14,0406,Aqua,MODIS,66,6.2,280.9,14.2,D,0
-30.892,151.6492,300.7,1.4,1.2,2014-07-14,0406,Aqua,MODIS,38,6.2,279,10.4,D,0
-28.2214,148.854,332.1,1.1,1.1,2014-07-14,0407,Aqua,MODIS,88,6.2,297.9,31.7,D,0
-28.2327,148.8446,317.2,1.1,1.1,2014-07-14,0407,Aqua,MODIS,77,6.2,297.4,12.4,D,0
-28.2309,148.8559,355.4,1.1,1.1,2014-07-14,0407,Aqua,MODIS,98,6.2,298.8,83.1,D,0
-24.937,150.073,309.2,1.4,1.2,2014-07-14,0408,Aqua,MODIS,65,6.2,295.9,6.7,D,0
-16.2883,144.3499,322.8,1,1,2014-07-14,0410,Aqua,MODIS,60,6.2,292.6,16.5,D,0
-16.1966,144.0996,332,1,1,2014-07-14,0410,Aqua,MODIS,75,6.2,301.8,24.5,D,0
-16.3678,144.1869,316.5,1,1,2014-07-14,0410,Aqua,MODIS,38,6.2,296.2,7.4,D,0
-16.3891,144.1042,318.2,1,1,2014-07-14,0410,Aqua,MODIS,31,6.2,295.7,7.9,D,0
-16.348,135.9429,323.8,2.7,1.6,2014-07-14,0411,Aqua,MODIS,67,6.2,302,54.1,D,0
-14.7756,143.4876,321.8,1,1,2014-07-14,0411,Aqua,MODIS,62,6.2,296.3,13.5,D,0
-14.2256,142.8994,316.9,1,1,2014-07-14,0411,Aqua,MODIS,63,6.2,297.7,10.4,D,0
-15.4593,135.522,319.5,2.8,1.6,2014-07-14,0411,Aqua,MODIS,70,6.2,300.8,43.7,D,0
-16.212,136.0932,336.7,2.6,1.5,2014-07-14,0411,Aqua,MODIS,88,6.2,302,113.3,D,0
-14.3903,142.776,315.2,1,1,2014-07-14,0411,Aqua,MODIS,58,6.2,298.9,8.2,D,0
-15.3214,143.4009,336.1,1,1,2014-07-14,0411,Aqua,MODIS,76,6.2,293.3,26.2,D,0
-16.2072,136.0879,343.7,2.6,1.5,2014-07-14,0411,Aqua,MODIS,92,6.2,303.2,163,D,0
-15.5992,136.0285,317.2,2.6,1.5,2014-07-14,0411,Aqua,MODIS,67,6.2,300,29.7,D,0
-14.6256,144.7626,342.4,1.1,1,2014-07-14,0411,Aqua,MODIS,91,6.2,302.7,43.3,D,0
-15.2929,143.4722,337.3,1,1,2014-07-14,0411,Aqua,MODIS,77,6.2,296.1,31.1,D,0
-14.2406,143.6298,311.8,1,1,2014-07-14,0411,Aqua,MODIS,40,6.2,292.7,5.9,D,0
-15.9139,135.4975,319.5,2.8,1.6,2014-07-14,0411,Aqua,MODIS,61,6.2,301.4,36.5,D,0
-15.9127,135.4926,318.9,2.8,1.6,2014-07-14,0411,Aqua,MODIS,46,6.2,301.7,31,D,0
-16.21,136.0637,331.7,2.6,1.5,2014-07-14,0411,Aqua,MODIS,84,6.2,302.9,89.4,D,0
-15.4621,135.496,318.2,2.8,1.6,2014-07-14,0411,Aqua,MODIS,68,6.2,300.1,37.9,D,0
-15.3061,143.3796,341.9,1,1,2014-07-14,0411,Aqua,MODIS,91,6.2,292.3,36.1,D,0
-15.2972,143.3782,327.7,1,1,2014-07-14,0411,Aqua,MODIS,29,6.2,289.5,13.8,D,0
-15.6019,136.0046,320.9,2.6,1.5,2014-07-14,0411,Aqua,MODIS,73,6.2,299.5,43.8,D,0
-15.5966,136.0522,326,2.5,1.5,2014-07-14,0411,Aqua,MODIS,79,6.2,300.4,62.5,D,0
-14.6241,144.7723,337.1,1.1,1,2014-07-14,0411,Aqua,MODIS,88,6.2,298.8,34.5,D,0
-15.3201,143.4101,333.7,1,1,2014-07-14,0411,Aqua,MODIS,72,6.2,294.9,23.5,D,0
-16.3339,135.9412,325.7,2.7,1.6,2014-07-14,0411,Aqua,MODIS,64,6.2,304.2,58.6,D,0
-16.2007,136.0672,323.7,2.6,1.5,2014-07-14,0411,Aqua,MODIS,76,6.2,302.7,51.6,D,0
-15.2916,143.4814,369,1,1,2014-07-14,0411,Aqua,MODIS,100,6.2,302.1,103.3,D,0
-14.2393,143.6391,319.9,1,1,2014-07-14,0411,Aqua,MODIS,74,6.2,297.6,12.6,D,0
-13.9799,143.0755,323.4,1,1,2014-07-14,0411,Aqua,MODIS,67,6.2,301.3,13.2,D,0
-15.3599,143.3945,319.4,1,1,2014-07-14,0411,Aqua,MODIS,45,6.2,289.3,9.5,D,0
-16.2147,136.0689,342.3,2.6,1.5,2014-07-14,0411,Aqua,MODIS,91,6.2,302.5,152.5,D,0
-16.3366,135.9161,322.8,2.7,1.6,2014-07-14,0411,Aqua,MODIS,52,6.2,301.8,48.4,D,0
-15.2889,143.4999,330.3,1,1,2014-07-14,0411,Aqua,MODIS,54,6.2,296.8,18.9,D,0
-15.2749,141.9709,321.1,1.1,1,2014-07-14,0411,Aqua,MODIS,40,6.2,303.8,8.4,D,0
-15.2903,143.4906,366,1,1,2014-07-14,0411,Aqua,MODIS,100,6.2,302.5,93.2,D,0
-15.3164,143.3717,347.3,1,1,2014-07-14,0411,Aqua,MODIS,89,6.2,293.8,46,D,0
-16.1981,136.0915,320.6,2.6,1.5,2014-07-14,0411,Aqua,MODIS,73,6.2,303.8,37.3,D,0
-15.4234,143.5274,326.9,1,1,2014-07-14,0411,Aqua,MODIS,65,6.2,296.2,18.5,D,0
-14.4328,144.5146,316.1,1,1,2014-07-14,0411,Aqua,MODIS,68,6.2,298.5,8.9,D,0
-14.6164,144.7611,325.2,1.1,1,2014-07-14,0411,Aqua,MODIS,79,6.2,297.1,17.9,D,0
-10.7208,142.1915,314.6,1,1,2014-07-14,0412,Aqua,MODIS,52,6.2,297.3,5.9,D,0
-12.1491,133.3179,331.5,3.7,1.8,2014-07-14,0412,Aqua,MODIS,58,6.2,295.7,135.9,D,0
-12.5045,133.2842,326.9,3.8,1.8,2014-07-14,0412,Aqua,MODIS,39,6.2,295.7,106.8,D,0
-12.1636,133.6897,314.5,3.5,1.8,2014-07-14,0412,Aqua,MODIS,55,6.2,292.3,27.8,D,0
-12.2008,133.3632,325.3,3.7,1.8,2014-07-14,0412,Aqua,MODIS,63,6.2,295.1,96.7,D,0
-12.4419,133.122,314.9,3.9,1.8,2014-07-14,0412,Aqua,MODIS,46,6.2,294.1,42.2,D,0
-12.9604,132.5231,316,4.4,1.9,2014-07-14,0412,Aqua,MODIS,68,6.2,290.6,68.8,D,0
-12.5408,133.2546,319,3.8,1.8,2014-07-14,0412,Aqua,MODIS,32,6.2,294.2,65.9,D,0
-12.0058,134.0095,317.8,3.3,1.7,2014-07-14,0412,Aqua,MODIS,52,6.2,296.1,48.6,D,0
-12.4316,133.1285,315.2,3.9,1.8,2014-07-14,0412,Aqua,MODIS,64,6.2,293.6,46.3,D,0
-11.9058,142.1392,310.3,1,1,2014-07-14,0412,Aqua,MODIS,49,6.2,291,5.7,D,0
-12.4353,133.0932,312.4,3.9,1.8,2014-07-14,0412,Aqua,MODIS,45,6.2,292.4,31.9,D,0
-12.5308,133.2835,332.7,3.8,1.8,2014-07-14,0412,Aqua,MODIS,84,6.2,296,165.5,D,0
-11.9904,134.0074,318.5,3.3,1.7,2014-07-14,0412,Aqua,MODIS,59,6.2,295.1,48.3,D,0
-12.156,133.3237,329.5,3.7,1.8,2014-07-14,0412,Aqua,MODIS,71,6.2,295.2,124.3,D,0
-12.4982,133.2794,324.8,3.8,1.8,2014-07-14,0412,Aqua,MODIS,48,6.2,295.6,93.1,D,0
-12.1737,133.6978,321.7,3.5,1.8,2014-07-14,0412,Aqua,MODIS,75,6.2,294.4,63.5,D,0
-11.9935,134.0009,319.8,3.3,1.7,2014-07-14,0412,Aqua,MODIS,61,6.2,295.7,52.9,D,0
-12.261,133.1255,318.8,3.8,1.8,2014-07-14,0412,Aqua,MODIS,26,6.2,294.8,59.4,D,0
-12.7054,132.0535,316.9,4.7,2,2014-07-14,0412,Aqua,MODIS,69,6.2,291,83.6,D,0
-12.1884,133.3276,326.8,3.7,1.8,2014-07-14,0412,Aqua,MODIS,55,6.2,294.1,99.1,D,0
-12.7089,132.0182,322.4,4.7,2,2014-07-14,0412,Aqua,MODIS,75,6.2,291.8,125.6,D,0
-12.7101,132.0103,318.7,4.7,2,2014-07-14,0412,Aqua,MODIS,72,6.2,291.7,98,D,0
-12.1846,133.3614,336.1,3.7,1.8,2014-07-14,0412,Aqua,MODIS,84,6.2,296.2,180.4,D,0
-12.2536,133.4105,316.8,3.7,1.8,2014-07-14,0412,Aqua,MODIS,14,6.2,296,41.2,D,0
-12.1205,133.2801,322.5,3.7,1.8,2014-07-14,0412,Aqua,MODIS,31,6.2,294.8,80.6,D,0
-12.5371,133.289,327.6,3.8,1.8,2014-07-14,0412,Aqua,MODIS,82,6.2,295.4,127.6,D,0
-12.4812,133.1335,314.6,3.9,1.8,2014-07-14,0412,Aqua,MODIS,11,6.2,294.2,33.8,D,0
-12.9615,132.5267,315.1,4.4,1.9,2014-07-14,0412,Aqua,MODIS,66,6.2,290.7,62,D,0
-12.2651,133.0898,333.8,3.9,1.8,2014-07-14,0412,Aqua,MODIS,86,6.2,294,193.3,D,0
-12.2816,133.0916,321.7,3.9,1.8,2014-07-14,0412,Aqua,MODIS,73,6.2,293.5,91,D,0
-12.2548,133.0958,318.1,3.9,1.8,2014-07-14,0412,Aqua,MODIS,44,6.2,293.8,62.8,D,0
-12.2714,133.0975,335.9,3.9,1.8,2014-07-14,0412,Aqua,MODIS,87,6.2,294.1,212.2,D,0
-20.4858,118.2757,324.8,1.1,1,2014-07-14,0548,Aqua,MODIS,56,6.2,304.9,11.9,D,0
-21.7717,119.2075,315.2,1,1,2014-07-14,0548,Aqua,MODIS,57,6.2,304.2,5.2,D,0
-21.7731,119.1976,325.8,1,1,2014-07-14,0548,Aqua,MODIS,78,6.2,305,15.9,D,0
-21.764,119.1998,327.2,1,1,2014-07-14,0548,Aqua,MODIS,79,6.2,304.8,17.7,D,0
-21.6421,118.8086,323.7,1,1,2014-07-14,0548,Aqua,MODIS,70,6.2,302.8,12.7,D,0
-21.6365,118.791,320.8,1,1,2014-07-14,0548,Aqua,MODIS,70,6.2,305.7,10.6,D,0
-21.6352,118.801,363.3,1,1,2014-07-14,0548,Aqua,MODIS,100,6.2,307.2,92.5,D,0
-21.6434,118.7986,339.6,1,1,2014-07-14,0548,Aqua,MODIS,89,6.2,305.7,34.9,D,0
-21.3678,121.1328,315,1,1,2014-07-14,0548,Aqua,MODIS,56,6.2,298,8.6,D,0
-20.7354,139.4804,302.4,1.1,1.1,2014-07-14,1334,Terra,MODIS,49,6.2,286.2,8.2,N,2
-20.7371,139.4693,302.5,1.1,1.1,2014-07-14,1334,Terra,MODIS,49,6.2,286.8,8.2,N,0
-12.8845,132.0576,300.3,1.3,1.1,2014-07-14,1336,Terra,MODIS,24,6.2,289.9,4.9,N,0
-13.9838,143.0345,304.6,2.6,1.5,2014-07-14,1336,Terra,MODIS,61,6.2,289.3,26.2,N,0
-14.752,132.6451,301.7,1.2,1.1,2014-07-14,1336,Terra,MODIS,43,6.2,291.2,5.7,N,0
-14.7722,130.1254,301.5,1.8,1.3,2014-07-14,1336,Terra,MODIS,37,6.2,286.9,12.7,N,0
-14.6868,130.1778,304.5,1.8,1.3,2014-07-14,1336,Terra,MODIS,45,6.2,288.3,14.2,N,0
-14.6888,130.1607,309.3,1.8,1.3,2014-07-14,1336,Terra,MODIS,77,6.2,289.8,21.1,N,0
-14.4073,131.857,303.8,1.4,1.2,2014-07-14,1336,Terra,MODIS,27,6.2,287.9,7.5,N,0
-14.409,131.8443,310.2,1.4,1.2,2014-07-14,1336,Terra,MODIS,79,6.2,286.8,14.7,N,0
-12.5629,132.4104,301.7,1.2,1.1,2014-07-14,1337,Terra,MODIS,31,6.2,288.5,5.9,N,0
-11.4937,131.4047,300.7,1.3,1.1,2014-07-14,1337,Terra,MODIS,32,6.2,290.3,6,N,0
-12.5068,133.1868,304.9,1.1,1,2014-07-14,1337,Terra,MODIS,61,6.2,292.8,6,N,0
-32.4968,116.2365,309.6,1,1,2014-07-14,1510,Terra,MODIS,78,6.2,280,13.6,N,0
-32.5067,116.2222,321.8,1,1,2014-07-14,1510,Terra,MODIS,100,6.2,280.2,23.4,N,0
-32.479,116.0436,330.4,1,1,2014-07-14,1510,Terra,MODIS,100,6.2,281.6,33.3,N,0
-32.4699,116.0416,302.6,1,1,2014-07-14,1510,Terra,MODIS,50,6.2,280.4,8.5,N,0
-32.4984,116.2257,323.3,1,1,2014-07-14,1510,Terra,MODIS,100,6.2,280.3,25.8,N,0
-32.5051,116.2331,351,1,1,2014-07-14,1510,Terra,MODIS,100,6.2,282,69.6,N,0
-20.5994,116.776,308.3,1.5,1.2,2014-07-14,1513,Terra,MODIS,27,6.2,289.9,15.1,N,2
-20.5952,116.7841,309,1.5,1.2,2014-07-14,1513,Terra,MODIS,64,6.2,290.3,18.1,N,0
-14.3872,131.862,304.2,1,1,2014-07-14,1640,Aqua,MODIS,59,6.2,291.7,5.1,N,0
-14.3886,131.8713,305.9,1,1,2014-07-14,1640,Aqua,MODIS,66,6.2,291.9,6,N,0
-14.6683,130.1751,303.8,1.1,1,2014-07-14,1640,Aqua,MODIS,47,6.2,292.6,5,N,0
-14.7613,130.1236,303,1.1,1,2014-07-14,1640,Aqua,MODIS,29,6.2,292.5,5.1,N,0
-12.5046,133.2242,301.5,1,1,2014-07-14,1640,Aqua,MODIS,40,6.2,290.7,4,N,0
-12.5084,133.185,304.3,1,1,2014-07-14,1640,Aqua,MODIS,59,6.2,291.9,5.5,N,0
-16.3482,135.8797,303,1.6,1.2,2014-07-14,1641,Aqua,MODIS,53,6.2,287.4,13.4,N,0
-32.4967,116.2294,300.6,3.6,1.8,2014-07-14,1646,Aqua,MODIS,30,6.2,278.6,49.7,N,0
-15.432,141.8198,311.5,2.2,1.4,2014-07-15,0027,Terra,MODIS,62,6.2,297.6,14.8,D,0
-13.9816,143.0242,317.1,1.9,1.3,2014-07-15,0027,Terra,MODIS,71,6.2,295.8,23.5,D,0
-14.4255,142.609,311.8,2,1.4,2014-07-15,0027,Terra,MODIS,63,6.2,296.2,18.3,D,0
-15.4295,143.558,312.3,1.6,1.3,2014-07-15,0027,Terra,MODIS,63,6.2,295.8,13.2,D,0
-15.2365,143.3666,313.8,1.7,1.3,2014-07-15,0027,Terra,MODIS,54,6.2,297.3,14.6,D,0
-15.4269,143.5429,311.1,1.6,1.3,2014-07-15,0027,Terra,MODIS,62,6.2,295,10.7,D,0
-15.4337,141.8254,312.3,2.2,1.4,2014-07-15,0027,Terra,MODIS,60,6.2,297.3,16.7,D,0
-15.2411,143.4073,318,1.7,1.3,2014-07-15,0027,Terra,MODIS,63,6.2,296.7,20.1,D,0
-15.3551,143.3968,313.6,1.7,1.3,2014-07-15,0027,Terra,MODIS,48,6.2,298.2,12.7,D,0
-15.2339,143.3508,311.7,1.7,1.3,2014-07-15,0027,Terra,MODIS,51,6.2,296.1,12,D,0
-15.3787,143.3279,310.1,1.7,1.3,2014-07-15,0027,Terra,MODIS,59,6.2,296.3,9.8,D,0
-15.3842,141.7714,320.7,2.2,1.4,2014-07-15,0027,Terra,MODIS,76,6.2,296.8,40.7,D,0
-15.3853,142.7572,308.7,1.9,1.3,2014-07-15,0027,Terra,MODIS,47,6.2,295,9.5,D,0
-15.2444,143.4135,313.9,1.7,1.3,2014-07-15,0027,Terra,MODIS,59,6.2,296.7,14.4,D,0
-13.9725,143.044,313.2,1.9,1.3,2014-07-15,0027,Terra,MODIS,48,6.2,293.2,15,D,0
-13.9766,143.0374,312.5,1.9,1.3,2014-07-15,0027,Terra,MODIS,10,6.2,292.9,12.9,D,0
-16.1948,144.1427,308.6,1.5,1.2,2014-07-15,0027,Terra,MODIS,54,6.2,294,8.5,D,0
-16.1513,144.0795,317,1.5,1.2,2014-07-15,0027,Terra,MODIS,26,6.2,295.5,16.3,D,0
-16.1942,144.0718,319.9,1.5,1.2,2014-07-15,0027,Terra,MODIS,76,6.2,294.5,22.6,D,0
-16.197,144.065,310.4,1.5,1.2,2014-07-15,0027,Terra,MODIS,59,6.2,293.5,9.6,D,0
-16.1994,144.0789,314.5,1.5,1.2,2014-07-15,0027,Terra,MODIS,68,6.2,293.1,14.7,D,0
-24.7427,147.0224,334.2,1,1,2014-07-15,0029,Terra,MODIS,60,6.2,292.8,30,D,0
-24.7517,147.0209,325.3,1,1,2014-07-15,0029,Terra,MODIS,41,6.2,291.6,19,D,0
-24.7593,147.0094,312.9,1,1,2014-07-15,0029,Terra,MODIS,40,6.2,290.8,9.8,D,0
-25.2311,149.1161,302.7,1.2,1.1,2014-07-15,0029,Terra,MODIS,48,6.2,289.7,5.1,D,0
-25.2166,149.082,303.3,1.2,1.1,2014-07-15,0029,Terra,MODIS,54,6.2,290,5.1,D,0
-24.7288,147.0554,326.1,1,1,2014-07-15,0029,Terra,MODIS,57,6.2,292,21.3,D,0
-24.7365,147.0439,323.6,1,1,2014-07-15,0029,Terra,MODIS,60,6.2,291.5,18.2,D,0
-24.7441,147.0324,328.1,1,1,2014-07-15,0029,Terra,MODIS,44,6.2,291.5,21.4,D,0
-24.7887,147.0904,310.6,1,1,2014-07-15,0029,Terra,MODIS,69,6.2,290.9,8.5,D,0
-24.7997,147.0375,332.3,1,1,2014-07-15,0029,Terra,MODIS,71,6.2,292.6,28.4,D,0
-24.8034,147.1289,321.9,1,1,2014-07-15,0029,Terra,MODIS,81,6.2,290.5,19.3,D,0
-24.802,147.1189,325.7,1,1,2014-07-15,0029,Terra,MODIS,83,6.2,291.2,23.5,D,0
-24.804,147.0674,327.2,1,1,2014-07-15,0029,Terra,MODIS,83,6.2,291.3,23,D,0
-26.3169,151.3042,304.9,1.7,1.3,2014-07-15,0030,Terra,MODIS,60,6.2,291.4,8.8,D,0
-27.9362,148.8041,350.8,1.2,1.1,2014-07-15,0030,Terra,MODIS,96,6.2,290.7,83.3,D,0
-28.1926,148.4935,303.4,1.2,1.1,2014-07-15,0030,Terra,MODIS,46,6.2,279.7,5.2,D,0
-27.937,148.8098,334.8,1.2,1.1,2014-07-15,0030,Terra,MODIS,89,6.2,288.2,43.5,D,0
-27.9255,148.7988,307,1.2,1.1,2014-07-15,0030,Terra,MODIS,49,6.2,286.8,6.1,D,0
-27.9347,148.7915,340.4,1.2,1.1,2014-07-15,0030,Terra,MODIS,92,6.2,289.9,55.9,D,0
-28.2183,148.8653,379.4,1.3,1.1,2014-07-15,0030,Terra,MODIS,100,6.2,297.9,204.7,D,0
-28.2199,148.8781,356.6,1.3,1.1,2014-07-15,0030,Terra,MODIS,98,6.2,295.6,102.4,D,0
-28.2198,148.8847,329,1.3,1.1,2014-07-15,0030,Terra,MODIS,86,6.2,293.8,33.8,D,0
-28.2183,148.8719,368.1,1.3,1.1,2014-07-15,0030,Terra,MODIS,100,6.2,298,148,D,0
-28.2167,148.8591,353.7,1.3,1.1,2014-07-15,0030,Terra,MODIS,97,6.2,296.3,92,D,0
-27.9354,148.7972,361.6,1.2,1.1,2014-07-15,0030,Terra,MODIS,100,6.2,291,119.2,D,0
-28.2167,148.8525,314.8,1.3,1.1,2014-07-15,0030,Terra,MODIS,75,6.2,294.1,12.7,D,0
-12.4928,133.2849,309.8,3.4,1.7,2014-07-15,0205,Terra,MODIS,51,6.2,292.1,25.6,D,0
-12.3,133.3201,312,3.4,1.7,2014-07-15,0205,Terra,MODIS,58,6.2,290.3,33.5,D,0
-12.3051,133.3261,312.2,3.4,1.7,2014-07-15,0205,Terra,MODIS,46,6.2,291.2,34.7,D,0
-12.7245,132.0057,314.6,2.7,1.6,2014-07-15,0205,Terra,MODIS,50,6.2,295.6,25,D,0
-13.6078,132.0772,318.2,2.8,1.6,2014-07-15,0205,Terra,MODIS,63,6.2,301.8,31.9,D,0
-13.6048,132.0516,315.9,2.8,1.6,2014-07-15,0205,Terra,MODIS,56,6.2,300.1,24.1,D,0
-12.3145,132.6381,310.2,3,1.6,2014-07-15,0205,Terra,MODIS,28,6.2,293.4,21.3,D,0
-13.5954,132.0718,316.2,2.8,1.6,2014-07-15,0205,Terra,MODIS,48,6.2,299.8,23.6,D,0
-14.2755,129.5474,314.3,1.8,1.3,2014-07-15,0205,Terra,MODIS,45,6.2,298.4,12.5,D,0
-14.2222,129.7536,328.3,1.9,1.3,2014-07-15,0205,Terra,MODIS,80,6.2,299.2,53.4,D,0
-14.2244,129.7713,321,1.9,1.3,2014-07-15,0205,Terra,MODIS,71,6.2,298.4,32.8,D,0
-12.5582,132.4074,312.2,2.9,1.6,2014-07-15,0205,Terra,MODIS,38,6.2,294.9,24.8,D,0
-12.5436,132.4091,330.6,2.9,1.6,2014-07-15,0205,Terra,MODIS,0,6.2,295.4,107.5,D,0
-12.5448,132.4022,328.9,2.9,1.6,2014-07-15,0205,Terra,MODIS,78,6.2,294.7,92.7,D,0
-14.6303,132.4382,318.7,3.1,1.7,2014-07-15,0205,Terra,MODIS,69,6.2,302.6,41.6,D,0
-14.3948,131.8261,335.4,2.8,1.6,2014-07-15,0205,Terra,MODIS,86,6.2,299.7,123.2,D,0
-14.3978,131.8515,323.4,2.8,1.6,2014-07-15,0205,Terra,MODIS,75,6.2,301.1,59.1,D,0
-14.3978,131.8205,329.8,2.8,1.6,2014-07-15,0205,Terra,MODIS,82,6.2,299.4,90.1,D,0
-14.4006,131.8459,327.8,2.8,1.6,2014-07-15,0205,Terra,MODIS,80,6.2,301.1,81,D,0
-14.6319,132.4435,318.5,3.1,1.7,2014-07-15,0205,Terra,MODIS,68,6.2,302.8,41.1,D,0
-14.5082,132.7012,316.6,3.2,1.7,2014-07-15,0205,Terra,MODIS,64,6.2,301.7,35.4,D,0
-15.7173,129.4054,322,1.9,1.3,2014-07-15,0206,Terra,MODIS,71,6.2,302.2,24.8,D,0
-15.7294,129.4041,316.4,1.9,1.3,2014-07-15,0206,Terra,MODIS,30,6.2,301.9,12.3,D,0
-15.6178,129.3366,316.6,1.9,1.3,2014-07-15,0206,Terra,MODIS,62,6.2,302,13.6,D,0
-20.347,119.1456,319.7,1.3,1.1,2014-07-15,0207,Terra,MODIS,74,6.2,297.2,18.8,D,0
-20.349,119.1579,335.2,1.3,1.1,2014-07-15,0207,Terra,MODIS,88,6.2,298.9,45.8,D,0
-20.384,118.4586,320.1,1.4,1.2,2014-07-15,0207,Terra,MODIS,74,6.2,299.9,21.1,D,0
-25.3029,131.0826,310.4,3.4,1.7,2014-07-15,0208,Terra,MODIS,69,6.2,289.8,49.5,D,0
-30.8646,121.4896,304.5,1,1,2014-07-15,0210,Terra,MODIS,59,6.2,285.8,7.8,D,2
-32.5051,116.2366,309.2,1.2,1.1,2014-07-15,0211,Terra,MODIS,68,6.2,283.6,15.6,D,0
-33.6193,121.7186,317.9,1.1,1.1,2014-07-15,0211,Terra,MODIS,78,6.2,284.8,20.9,D,0
-33.6177,121.7066,300.1,1.1,1.1,2014-07-15,0211,Terra,MODIS,29,6.2,284.4,6.3,D,0
-32.481,116.0385,301.4,1.2,1.1,2014-07-15,0211,Terra,MODIS,46,6.2,285.5,8.2,D,0
-32.4833,116.0515,301.9,1.2,1.1,2014-07-15,0211,Terra,MODIS,49,6.2,285.3,8.6,D,0
-32.5029,116.2237,300.7,1.2,1.1,2014-07-15,0211,Terra,MODIS,41,6.2,283.8,8.3,D,0
-25.2951,131.0406,323.6,1.3,1.2,2014-07-15,0451,Aqua,MODIS,79,6.2,299,24,D,0
-25.2902,131.0456,314.7,1.3,1.2,2014-07-15,0451,Aqua,MODIS,27,6.2,298.4,10.5,D,0
-20.2356,127.2133,310.4,2.1,1.4,2014-07-15,0453,Aqua,MODIS,54,6.2,296.5,13.2,D,0
-16.3907,135.8285,337.8,1.2,1.1,2014-07-15,0453,Aqua,MODIS,73,6.2,303.7,38.5,D,0
-16.3845,135.8041,331,1.2,1.1,2014-07-15,0453,Aqua,MODIS,50,6.2,302.3,26.2,D,0
-15.1546,143.1774,316.9,4.4,1.9,2014-07-15,0453,Aqua,MODIS,67,6.2,293.4,84.5,D,0
-15.389,141.7602,321.3,3.4,1.7,2014-07-15,0453,Aqua,MODIS,74,6.2,298.8,64.5,D,0
-15.1568,143.1862,316.1,4.4,1.9,2014-07-15,0453,Aqua,MODIS,65,6.2,293.7,79.4,D,0
-15.341,143.3651,323.9,4.5,1.9,2014-07-15,0453,Aqua,MODIS,77,6.2,293.8,134.2,D,0
-15.349,143.3242,317.6,4.4,1.9,2014-07-15,0453,Aqua,MODIS,47,6.2,292.2,79.5,D,0
-15.1469,142.8519,314.3,4.1,1.9,2014-07-15,0453,Aqua,MODIS,61,6.2,295.5,58.1,D,0
-15.1448,142.8468,314.5,4.1,1.9,2014-07-15,0453,Aqua,MODIS,61,6.2,295.6,59.3,D,0
-15.1489,143.2263,311.6,4.4,1.9,2014-07-15,0453,Aqua,MODIS,47,6.2,294.4,51.3,D,0
-15.3396,143.3563,325.2,4.5,1.9,2014-07-15,0453,Aqua,MODIS,45,6.2,293.2,137.9,D,0
-15.3293,143.153,313.9,4.3,1.9,2014-07-15,0453,Aqua,MODIS,60,6.2,294.8,62.7,D,0
-15.9404,135.4951,373.4,1.2,1.1,2014-07-15,0454,Aqua,MODIS,100,6.2,309.3,149.8,D,0
-15.9387,135.5062,323.5,1.2,1.1,2014-07-15,0454,Aqua,MODIS,38,6.2,304.7,12.4,D,0
-14.4457,142.573,317.7,4.1,1.9,2014-07-15,0454,Aqua,MODIS,64,6.2,296.3,81.9,D,0
-15.9306,135.4936,344.2,1.2,1.1,2014-07-15,0454,Aqua,MODIS,91,6.2,308.1,49,D,0
-12.9609,132.5103,329.8,1,1,2014-07-15,0454,Aqua,MODIS,77,6.2,307.4,16.1,D,0
-14.4482,142.5787,315.2,4.1,1.9,2014-07-15,0454,Aqua,MODIS,63,6.2,296.2,64.3,D,0
-15.9421,135.4841,369.1,1.2,1.1,2014-07-15,0454,Aqua,MODIS,100,6.2,309.7,129.7,D,0
-14.4625,133.4449,328.8,1,1,2014-07-15,0454,Aqua,MODIS,76,6.2,307.9,14.5,D,0
-15.9571,135.4709,334,1.2,1.1,2014-07-15,0454,Aqua,MODIS,83,6.2,305,31.4,D,0
-15.9289,135.5046,324,1.2,1.1,2014-07-15,0454,Aqua,MODIS,32,6.2,306.2,12.7,D,0
-12.9519,132.509,321.2,1,1,2014-07-15,0454,Aqua,MODIS,43,6.2,305.1,6.9,D,0
-15.9535,135.4748,328.8,1.2,1.1,2014-07-15,0454,Aqua,MODIS,78,6.2,304.8,20.9,D,0
-15.9324,135.4825,330,1.2,1.1,2014-07-15,0454,Aqua,MODIS,61,6.2,307,18.6,D,0
-14.4315,142.5754,311.8,4.1,1.9,2014-07-15,0454,Aqua,MODIS,46,6.2,296.3,41.9,D,0
-14.3841,131.8778,325.2,1,1,2014-07-15,0454,Aqua,MODIS,44,6.2,309,8.8,D,0
-14.3764,131.8672,335.2,1,1,2014-07-15,0454,Aqua,MODIS,83,6.2,307,22.4,D,0
-14.3777,131.8579,327.1,1,1,2014-07-15,0454,Aqua,MODIS,53,6.2,305.2,11.8,D,0
-14.6276,132.4341,328,1,1,2014-07-15,0454,Aqua,MODIS,72,6.2,312.8,11.3,D,0
-14.3932,131.8128,343,1,1,2014-07-15,0454,Aqua,MODIS,89,6.2,309.4,34.7,D,0
-14.3958,131.7942,333.4,1,1,2014-07-15,0454,Aqua,MODIS,79,6.2,309.1,19.6,D,0
-14.3907,131.7648,321.4,1,1,2014-07-15,0454,Aqua,MODIS,53,6.2,306.7,6.1,D,0
-14.462,132.7509,323.8,1,1,2014-07-15,0454,Aqua,MODIS,63,6.2,309.3,7,D,0
-14.7538,132.6449,345.5,1,1,2014-07-15,0454,Aqua,MODIS,91,6.2,311.1,40.4,D,0
-14.7552,132.6356,322.9,1,1,2014-07-15,0454,Aqua,MODIS,52,6.2,309.1,7.6,D,0
-14.5033,132.7195,329.6,1,1,2014-07-15,0454,Aqua,MODIS,75,6.2,311,13.4,D,0
-14.4956,132.7089,352.6,1,1,2014-07-15,0454,Aqua,MODIS,96,6.2,310.4,52,D,0
-14.4969,132.6997,328.3,1,1,2014-07-15,0454,Aqua,MODIS,52,6.2,307.3,11.3,D,0
-14.5046,132.7103,328,1,1,2014-07-15,0454,Aqua,MODIS,72,6.2,310.3,11.6,D,0
-14.4943,132.7181,348.9,1,1,2014-07-15,0454,Aqua,MODIS,93,6.2,311.5,44.1,D,0
-14.6255,132.8927,325.8,1,1,2014-07-15,0454,Aqua,MODIS,64,6.2,310.7,8.8,D,0
-14.6268,132.8834,327.5,1,1,2014-07-15,0454,Aqua,MODIS,72,6.2,311.6,11.2,D,0
-15.7706,129.3613,322.3,1.3,1.1,2014-07-15,0454,Aqua,MODIS,65,6.2,304.4,13.1,D,0
-13.5605,133.9977,317.5,1.1,1,2014-07-15,0454,Aqua,MODIS,27,6.2,303.1,6.3,D,0
-15.7354,129.3937,329.3,1.3,1.1,2014-07-15,0454,Aqua,MODIS,77,6.2,307.5,22.3,D,0
-15.6296,129.4215,317.8,1.3,1.1,2014-07-15,0454,Aqua,MODIS,16,6.2,303.7,6.6,D,0
-15.6285,129.3479,325.5,1.3,1.1,2014-07-15,0454,Aqua,MODIS,40,6.2,306.8,14,D,0
-15.6311,129.3427,328,1.3,1.1,2014-07-15,0454,Aqua,MODIS,59,6.2,306.2,16.6,D,0
-12.9838,131.2519,324.5,1,1,2014-07-15,0454,Aqua,MODIS,56,6.2,309,8.1,D,0
-15.769,129.3734,334.7,1.3,1.1,2014-07-15,0454,Aqua,MODIS,83,6.2,304.2,35.2,D,0
-14.1107,131.4022,329,1,1,2014-07-15,0454,Aqua,MODIS,73,6.2,312.4,15.2,D,0
-14.2507,131.9117,320.9,1,1,2014-07-15,0454,Aqua,MODIS,52,6.2,308.2,6.9,D,0
-13.862,133.833,321.5,1.1,1,2014-07-15,0454,Aqua,MODIS,53,6.2,305.7,8.5,D,0
-13.4492,131.3384,329.1,1,1,2014-07-15,0454,Aqua,MODIS,71,6.2,312.5,9.9,D,0
-13.5691,133.6877,317.8,1.1,1,2014-07-15,0454,Aqua,MODIS,39,6.2,304.2,6.1,D,0
-14.9963,130.7673,334.9,1.1,1,2014-07-15,0454,Aqua,MODIS,82,6.2,308.1,21.9,D,0
-14.1885,133.3631,335.9,1,1,2014-07-15,0454,Aqua,MODIS,83,6.2,309.2,24.5,D,0
-14.0524,130.8344,325.6,1.1,1,2014-07-15,0454,Aqua,MODIS,53,6.2,307.1,9.6,D,0
-14.9977,130.7573,348,1.1,1,2014-07-15,0454,Aqua,MODIS,93,6.2,308.2,47,D,0
-13.5967,132.0531,322.9,1,1,2014-07-15,0454,Aqua,MODIS,22,6.2,309.7,6.3,D,0
-14.1871,133.3726,321.3,1,1,2014-07-15,0454,Aqua,MODIS,41,6.2,307.3,5.8,D,0
-14.5411,129.8755,337.5,1.2,1.1,2014-07-15,0454,Aqua,MODIS,86,6.2,304.5,34,D,0
-14.6739,130.1786,318.3,1.1,1.1,2014-07-15,0454,Aqua,MODIS,36,6.2,302.5,5.8,D,0
-15.5898,129.4221,334.2,1.3,1.1,2014-07-15,0454,Aqua,MODIS,82,6.2,305.5,30.7,D,0
-14.6263,132.4433,328.2,1,1,2014-07-15,0454,Aqua,MODIS,73,6.2,312.6,11.5,D,0
-14.6658,130.1666,333,1.1,1.1,2014-07-15,0454,Aqua,MODIS,82,6.2,304.3,23.9,D,0
-15.548,129.4281,322.5,1.3,1.1,2014-07-15,0454,Aqua,MODIS,53,6.2,306.9,9.6,D,0
-14.6643,130.1771,337.4,1.1,1.1,2014-07-15,0454,Aqua,MODIS,86,6.2,303.4,32.4,D,0
-14.775,130.113,330.3,1.1,1.1,2014-07-15,0454,Aqua,MODIS,59,6.2,302.8,23.5,D,0
-14.2813,129.5409,323.4,1.2,1.1,2014-07-15,0454,Aqua,MODIS,65,6.2,303.4,15,D,0
-14.432,129.7879,333,1.2,1.1,2014-07-15,0454,Aqua,MODIS,81,6.2,303.6,25.4,D,0
-14.1818,129.745,324.4,1.2,1.1,2014-07-15,0454,Aqua,MODIS,55,6.2,302.9,14.9,D,0
-16.9305,122.6328,313,4.2,1.9,2014-07-15,0454,Aqua,MODIS,0,6.2,295.6,69.3,D,0
-16.9328,122.6365,312.4,4.2,1.9,2014-07-15,0454,Aqua,MODIS,0,6.2,295.7,64.3,D,0
-11.4709,130.5623,317.8,1,1,2014-07-15,0455,Aqua,MODIS,66,6.2,294.5,10.6,D,0
-12.7955,130.5563,323.7,1.1,1,2014-07-15,0455,Aqua,MODIS,49,6.2,306.3,11.7,D,0
-12.262,132.567,318.5,1,1,2014-07-15,0455,Aqua,MODIS,44,6.2,302,7.3,D,0
-12.3332,134.9354,319.4,1.2,1.1,2014-07-15,0455,Aqua,MODIS,68,6.2,298.8,13.8,D,0
-12.052,134.6439,317.5,1.2,1.1,2014-07-15,0455,Aqua,MODIS,52,6.2,296.2,9.7,D,0
-11.7173,132.7691,324.9,1,1,2014-07-15,0455,Aqua,MODIS,65,6.2,302.4,13.8,D,0
-11.7431,132.7825,336.9,1,1,2014-07-15,0455,Aqua,MODIS,84,6.2,304.5,29,D,0
-11.7418,132.7919,350.3,1,1,2014-07-15,0455,Aqua,MODIS,95,6.2,305,55.2,D,0
-12.3081,132.6307,328.7,1,1,2014-07-15,0455,Aqua,MODIS,72,6.2,302.3,17.2,D,0
-12.3094,132.6214,357.4,1,1,2014-07-15,0455,Aqua,MODIS,98,6.2,304.7,70.1,D,0
-11.6923,132.8129,328.6,1,1,2014-07-15,0455,Aqua,MODIS,82,6.2,303.9,19.1,D,0
-12.2869,132.7126,322.6,1,1,2014-07-15,0455,Aqua,MODIS,46,6.2,302.7,12,D,0
-12.2896,132.6941,332.7,1,1,2014-07-15,0455,Aqua,MODIS,77,6.2,302.3,22.8,D,0
-12.291,132.6848,325.3,1,1,2014-07-15,0455,Aqua,MODIS,64,6.2,301.4,13.3,D,0
-12.271,132.5684,320.2,1,1,2014-07-15,0455,Aqua,MODIS,55,6.2,301.6,9.7,D,0
-12.2806,132.6927,330.5,1,1,2014-07-15,0455,Aqua,MODIS,75,6.2,304,19.4,D,0
-12.3107,132.6122,322,1,1,2014-07-15,0455,Aqua,MODIS,49,6.2,303.2,8.5,D,0
-12.3332,132.6507,319.5,1,1,2014-07-15,0455,Aqua,MODIS,45,6.2,300.8,7.3,D,0
-12.3318,132.6599,320.1,1,1,2014-07-15,0455,Aqua,MODIS,58,6.2,301.7,8.5,D,0
-12.0537,134.633,331.9,1.2,1.1,2014-07-15,0455,Aqua,MODIS,82,6.2,297.5,30.7,D,0
-12.2883,132.7034,334.4,1,1,2014-07-15,0455,Aqua,MODIS,84,6.2,303.5,26.2,D,0
-12.2819,132.6834,328.8,1,1,2014-07-15,0455,Aqua,MODIS,78,6.2,302.2,17.3,D,0
-11.4131,132.838,319,1,1,2014-07-15,0455,Aqua,MODIS,53,6.2,302.5,9.1,D,0
-12.2154,132.6393,329.9,1,1,2014-07-15,0455,Aqua,MODIS,80,6.2,303.7,16.9,D,0
-11.7327,132.7905,361.6,1,1,2014-07-15,0455,Aqua,MODIS,100,6.2,305.9,83,D,0
-11.7341,132.7812,362.3,1,1,2014-07-15,0455,Aqua,MODIS,100,6.2,305,83.6,D,0
-11.7041,132.7957,333.9,1,1,2014-07-15,0455,Aqua,MODIS,86,6.2,303.2,24.6,D,0
-11.4868,132.769,318.4,1,1,2014-07-15,0455,Aqua,MODIS,0,6.2,299,7.3,D,0
-12.2946,132.7233,324.3,1,1,2014-07-15,0455,Aqua,MODIS,72,6.2,301.3,14.8,D,0
-11.7236,132.7891,348.9,1,1,2014-07-15,0455,Aqua,MODIS,94,6.2,306.8,50.4,D,0
-11.725,132.7798,373.8,1,1,2014-07-15,0455,Aqua,MODIS,100,6.2,307.6,121.5,D,0
-11.7132,132.797,343.2,1,1,2014-07-15,0455,Aqua,MODIS,83,6.2,304.6,40.2,D,0
-11.7146,132.7877,371.6,1,1,2014-07-15,0455,Aqua,MODIS,100,6.2,307.6,113,D,0
-11.7159,132.7784,360.4,1,1,2014-07-15,0455,Aqua,MODIS,100,6.2,306.4,78.3,D,0
-12.6363,132.4607,326.1,1,1,2014-07-15,0455,Aqua,MODIS,51,6.2,305,11.7,D,0
-12.5259,130.972,340.1,1,1,2014-07-15,0455,Aqua,MODIS,67,6.2,306.4,34,D,0
-12.4519,132.3396,322.8,1,1,2014-07-15,0455,Aqua,MODIS,41,6.2,307,8.5,D,0
-12.5156,133.1686,329.9,1,1,2014-07-15,0455,Aqua,MODIS,80,6.2,302.5,19.7,D,0
-12.0217,134.0201,339.9,1.1,1.1,2014-07-15,0455,Aqua,MODIS,86,6.2,300.9,37.4,D,0
-12.724,132.0435,334.8,1,1,2014-07-15,0455,Aqua,MODIS,79,6.2,307.3,22.1,D,0
-12.5496,130.7341,325,1,1,2014-07-15,0455,Aqua,MODIS,56,6.2,305.9,12.6,D,0
-11.9601,133.1915,321,1,1,2014-07-15,0455,Aqua,MODIS,67,6.2,304.3,8.5,D,0
-12.0138,134.0084,331.8,1.1,1.1,2014-07-15,0455,Aqua,MODIS,81,6.2,302.7,21.2,D,0
-12.0332,134.7653,316.6,1.2,1.1,2014-07-15,0455,Aqua,MODIS,54,6.2,294.5,11.9,D,0
-12.5142,133.1781,318.9,1,1,2014-07-15,0455,Aqua,MODIS,50,6.2,302,6.8,D,0
-12.5483,130.7436,336.3,1,1,2014-07-15,0455,Aqua,MODIS,86,6.2,304.1,29.5,D,0
-12.4506,132.3488,325.5,1,1,2014-07-15,0455,Aqua,MODIS,68,6.2,306.9,12.3,D,0
-12.7163,132.033,329,1,1,2014-07-15,0455,Aqua,MODIS,56,6.2,308.9,13.4,D,0
-12.5864,132.4286,334.5,1,1,2014-07-15,0455,Aqua,MODIS,51,6.2,305,21.6,D,0
-12.5227,133.2336,315.4,1,1,2014-07-15,0455,Aqua,MODIS,10,6.2,301,4.9,D,0
-12.4987,133.1564,320.4,1,1,2014-07-15,0455,Aqua,MODIS,40,6.2,304.1,7.3,D,0
-12.4939,133.2528,328.4,1,1,2014-07-15,0455,Aqua,MODIS,66,6.2,304,14.6,D,0
-12.4897,133.2814,321.4,1,1,2014-07-15,0455,Aqua,MODIS,59,6.2,304.8,6,D,0
-12.5246,130.9814,337.9,1,1,2014-07-15,0455,Aqua,MODIS,76,6.2,306.2,30,D,0
-12.7318,131.9886,333.1,1,1,2014-07-15,0455,Aqua,MODIS,81,6.2,306.7,21,D,0
-12.2155,133.2005,334.8,1,1,2014-07-15,0455,Aqua,MODIS,84,6.2,307,23.6,D,0
-12.7305,131.9977,332.1,1,1,2014-07-15,0455,Aqua,MODIS,80,6.2,307.6,19.4,D,0
-12.5588,130.7354,327.2,1,1,2014-07-15,0455,Aqua,MODIS,48,6.2,306.1,13.6,D,0
-11.7959,133.8473,318.3,1.1,1,2014-07-15,0455,Aqua,MODIS,48,6.2,299.9,9.2,D,0
-12.5108,133.2652,329,1,1,2014-07-15,0455,Aqua,MODIS,45,6.2,305.3,16,D,0
-12.7228,131.9872,349.2,1,1,2014-07-15,0455,Aqua,MODIS,94,6.2,308,48.1,D,0
-12.6839,132.0691,331.9,1,1,2014-07-15,0455,Aqua,MODIS,80,6.2,309.4,17.5,D,0
-12.7215,131.9964,333,1,1,2014-07-15,0455,Aqua,MODIS,81,6.2,308.2,20,D,0
-12.2169,133.191,322.5,1,1,2014-07-15,0455,Aqua,MODIS,69,6.2,303.3,6.8,D,0
-12.4416,132.3474,327.4,1,1,2014-07-15,0455,Aqua,MODIS,65,6.2,304.8,13,D,0
-12.4911,133.2719,323.9,1,1,2014-07-15,0455,Aqua,MODIS,57,6.2,304.8,8.3,D,0
-12.6957,132.0486,330.1,1,1,2014-07-15,0455,Aqua,MODIS,72,6.2,307.7,13.8,D,0
-12.7139,131.9859,336.7,1,1,2014-07-15,0455,Aqua,MODIS,85,6.2,306.2,25.4,D,0
-12.7125,131.995,335.1,1,1,2014-07-15,0455,Aqua,MODIS,83,6.2,306.8,22.4,D,0
-12.4925,133.2623,336.1,1,1,2014-07-15,0455,Aqua,MODIS,86,6.2,305.4,25.2,D,0
-12.5684,132.4259,337.3,1,1,2014-07-15,0455,Aqua,MODIS,77,6.2,306.6,25.6,D,0
-12.261,133.0816,322.1,1,1,2014-07-15,0455,Aqua,MODIS,58,6.2,304.5,8.3,D,0
-12.5607,132.4153,341.4,1,1,2014-07-15,0455,Aqua,MODIS,89,6.2,306.8,33.7,D,0
-12.5594,132.4245,338.2,1,1,2014-07-15,0455,Aqua,MODIS,81,6.2,305.7,26.2,D,0
-12.5443,132.3968,320.9,1,1,2014-07-15,0455,Aqua,MODIS,59,6.2,303.5,9,D,0
-12.5429,132.406,337,1,1,2014-07-15,0455,Aqua,MODIS,86,6.2,306.5,29,D,0
-11.2657,131.9495,319.9,1,1,2014-07-15,0455,Aqua,MODIS,46,6.2,302.3,9.2,D,0
-11.3246,132.3103,317.1,1,1,2014-07-15,0455,Aqua,MODIS,37,6.2,300,5.8,D,0
-12.2141,132.6485,327.1,1,1,2014-07-15,0455,Aqua,MODIS,77,6.2,306,13.5,D,0
-11.7601,130.9256,315.4,1,1,2014-07-15,0455,Aqua,MODIS,63,6.2,301.2,6.4,D,0
-11.2309,131.2906,320.9,1,1,2014-07-15,0455,Aqua,MODIS,66,6.2,296.4,11.9,D,0
-11.6402,130.6665,320.6,1,1,2014-07-15,0455,Aqua,MODIS,70,6.2,301.7,10.2,D,0
-11.7666,130.8789,315.5,1,1,2014-07-15,0455,Aqua,MODIS,64,6.2,302.2,5.8,D,0
-11.499,131.4108,320.2,1,1,2014-07-15,0455,Aqua,MODIS,60,6.2,298.4,10.6,D,0
-11.5003,131.4016,321.1,1,1,2014-07-15,0455,Aqua,MODIS,66,6.2,298.1,11.8,D,0
-11.3861,131.3633,325.4,1,1,2014-07-15,0455,Aqua,MODIS,63,6.2,298.2,15.4,D,0
-11.7153,130.9891,352.6,1,1,2014-07-15,0455,Aqua,MODIS,96,6.2,303.8,60.9,D,0
-11.7166,130.9798,318.7,1,1,2014-07-15,0455,Aqua,MODIS,31,6.2,301.4,7.6,D,0
-11.736,130.9732,321.7,1,1,2014-07-15,0455,Aqua,MODIS,51,6.2,301.6,10.9,D,0
-11.3078,131.2711,315.3,1,1,2014-07-15,0455,Aqua,MODIS,58,6.2,300.3,6.3,D,0
-11.2692,131.2841,319.2,1,1,2014-07-15,0455,Aqua,MODIS,66,6.2,298.9,10,D,0
-11.4501,131.435,323.6,1,1,2014-07-15,0455,Aqua,MODIS,48,6.2,299.3,12.1,D,0
-11.4347,131.4141,323.1,1,1,2014-07-15,0455,Aqua,MODIS,58,6.2,299.3,12.1,D,0
-12.2505,133.0896,330.1,1,1,2014-07-15,0455,Aqua,MODIS,80,6.2,304.7,17.4,D,0
-11.468,131.4377,319.1,1,1,2014-07-15,0455,Aqua,MODIS,28,6.2,300.2,7.9,D,0
-11.5176,130.6908,348.2,1,1,2014-07-15,0455,Aqua,MODIS,94,6.2,296.9,54.3,D,0
-12.2281,132.6791,327.6,1,1,2014-07-15,0455,Aqua,MODIS,66,6.2,305.4,16.1,D,0
-12.2178,132.687,327.3,1,1,2014-07-15,0455,Aqua,MODIS,72,6.2,301.8,16.3,D,0
-11.5189,130.6814,317.7,1,1,2014-07-15,0455,Aqua,MODIS,17,6.2,292.7,9.2,D,0
-12.3754,132.4875,328.5,1,1,2014-07-15,0455,Aqua,MODIS,77,6.2,305.2,14.3,D,0
-12.4295,132.6805,326.6,1,1,2014-07-15,0455,Aqua,MODIS,75,6.2,304,14.1,D,0
-32.4827,116.0403,300.2,1.3,1.1,2014-07-15,0628,Aqua,MODIS,24,6.2,282.8,8.5,D,0
-20.9297,120.5238,314,4.6,2,2014-07-15,0631,Aqua,MODIS,57,6.2,298.4,67.1,D,0
-20.9411,120.4763,312.3,4.6,2,2014-07-15,0631,Aqua,MODIS,50,6.2,298,56.5,D,0
-20.9318,120.5198,315.6,4.6,2,2014-07-15,0631,Aqua,MODIS,63,6.2,298.5,81.6,D,0
-20.9393,120.4803,314,4.6,2,2014-07-15,0631,Aqua,MODIS,58,6.2,297.9,66,D,0
-20.3507,119.1604,310.9,3.8,1.8,2014-07-15,0631,Aqua,MODIS,40,6.2,299.9,26.6,D,0
-20.3874,118.4558,370.4,3.4,1.7,2014-07-15,0631,Aqua,MODIS,100,6.2,304,652.8,D,0
-20.3938,118.424,334,3.4,1.7,2014-07-15,0631,Aqua,MODIS,86,6.2,300.9,164,D,0
-20.3857,118.4812,316.5,3.4,1.7,2014-07-15,0631,Aqua,MODIS,50,6.2,302.2,50.3,D,0
-20.3919,118.4492,364,3.4,1.7,2014-07-15,0631,Aqua,MODIS,100,6.2,305.3,535.3,D,0
-28.4622,150.144,313,1.2,1.1,2014-07-15,1236,Terra,MODIS,86,6.2,284.7,17.4,N,0
-15.22,143.2023,302.8,2.2,1.4,2014-07-15,1240,Terra,MODIS,51,6.2,289.8,16.8,N,0
-15.2633,143.1667,300.2,2.2,1.4,2014-07-15,1240,Terra,MODIS,20,6.2,290,12.3,N,0
-15.3629,141.759,301.8,2.8,1.6,2014-07-15,1240,Terra,MODIS,44,6.2,289.5,21.6,N,0
-15.3651,141.7645,300.3,2.8,1.6,2014-07-15,1240,Terra,MODIS,19,6.2,289.6,17.4,N,0
-16.3344,144.3253,303.1,1.8,1.3,2014-07-15,1240,Terra,MODIS,53,6.2,288.4,15.3,N,0
-16.2122,144.0704,305.9,1.9,1.4,2014-07-15,1240,Terra,MODIS,66,6.2,290.3,18.1,N,0
-14.237,143.615,301.4,1.9,1.4,2014-07-15,1241,Terra,MODIS,41,6.2,290.3,11.5,N,0
-20.3535,119.1207,301.9,2.3,1.5,2014-07-15,1418,Terra,MODIS,45,6.2,284.2,22.8,N,0
-20.3512,119.1426,313,2.3,1.5,2014-07-15,1418,Terra,MODIS,86,6.2,285.6,46.9,N,0
-20.3415,119.1351,320.6,2.3,1.5,2014-07-15,1418,Terra,MODIS,100,6.2,287.4,67.5,N,0
-15.722,129.4141,320.8,1.5,1.2,2014-07-15,1419,Terra,MODIS,100,6.2,293.8,31.1,N,0
-15.7112,129.4122,307.9,1.5,1.2,2014-07-15,1419,Terra,MODIS,48,6.2,293,12,N,0
-15.6982,129.4241,315.3,1.5,1.2,2014-07-15,1419,Terra,MODIS,84,6.2,293.6,21.3,N,0
-12.7857,130.5621,301.5,2,1.4,2014-07-15,1419,Terra,MODIS,41,6.2,290.9,12.1,N,0
-15.605,129.4296,307.7,1.5,1.2,2014-07-15,1419,Terra,MODIS,72,6.2,293.5,11.4,N,0
-14.7684,130.1061,315.6,1.7,1.3,2014-07-15,1419,Terra,MODIS,92,6.2,291.4,29,N,0
-14.78,130.108,319.7,1.7,1.3,2014-07-15,1419,Terra,MODIS,99,6.2,292.1,37.5,N,0
-16.3255,144.3268,300.6,1,1,2014-07-15,1545,Aqua,MODIS,31,6.2,288.7,5.3,N,0
-15.2725,143.1602,301.7,1.1,1.1,2014-07-15,1545,Aqua,MODIS,43,6.2,289.4,5.8,N,0
-15.263,143.1618,302.4,1.1,1.1,2014-07-15,1545,Aqua,MODIS,49,6.2,289.9,6.3,N,0
-20.7374,139.4796,301.9,1.5,1.2,2014-07-15,1547,Aqua,MODIS,45,6.2,288.1,11.1,N,2
-24.7369,147.0289,302.6,1.4,1.2,2014-07-15,1547,Aqua,MODIS,18,6.2,281.6,11.6,N,0
-14.7615,130.1123,306.3,3.6,1.8,2014-07-15,1723,Aqua,MODIS,67,6.2,289.8,56.8,N,0
-14.7702,130.1184,306.3,3.6,1.8,2014-07-15,1723,Aqua,MODIS,67,6.2,289.8,54,N,0
-20.3422,119.1451,302.1,1,1,2014-07-15,1725,Aqua,MODIS,34,6.2,284.8,6.9,N,0
-20.4028,118.4505,307,1,1,2014-07-15,1725,Aqua,MODIS,70,6.2,282.5,11.6,N,0
-30.8605,121.5005,300.8,1.4,1.2,2014-07-15,1728,Aqua,MODIS,33,6.2,279.8,13.8,N,2
-11.9851,134.0408,302.1,1.5,1.2,2014-07-16,0109,Terra,MODIS,16,6.2,277.4,6.3,D,0
-15.3981,141.8138,363.7,1.5,1.2,2014-07-16,0110,Terra,MODIS,100,6.2,303.2,151.4,D,0
-15.891,135.5128,317.4,1.1,1,2014-07-16,0110,Terra,MODIS,59,6.2,302,7.9,D,0
-15.2942,143.1599,321.8,1.8,1.3,2014-07-16,0110,Terra,MODIS,59,6.2,299.3,23.9,D,0
-15.2705,143.1628,331.4,1.8,1.3,2014-07-16,0110,Terra,MODIS,70,6.2,299.7,48.5,D,0
-15.2251,143.1854,339,1.8,1.3,2014-07-16,0110,Terra,MODIS,90,6.2,301.1,76.9,D,0
-15.2231,143.1687,327,1.8,1.3,2014-07-16,0110,Terra,MODIS,75,6.2,299.9,37.7,D,0
-15.1418,143.1515,324.9,1.8,1.3,2014-07-16,0110,Terra,MODIS,80,6.2,298.7,36.7,D,0
-15.3932,141.8073,345.1,1.5,1.2,2014-07-16,0110,Terra,MODIS,93,6.2,302.1,73.9,D,0
-15.2468,143.1657,349.4,1.8,1.3,2014-07-16,0110,Terra,MODIS,95,6.2,300.4,121.9,D,0
-15.2447,143.149,348.8,1.8,1.3,2014-07-16,0110,Terra,MODIS,95,6.2,299.4,119.4,D,0
-15.3964,141.8004,344.4,1.5,1.2,2014-07-16,0110,Terra,MODIS,92,6.2,301.5,71.8,D,0
-15.1619,143.2169,321.2,1.8,1.3,2014-07-16,0110,Terra,MODIS,76,6.2,297.2,26.6,D,0
-15.2767,143.1562,338.8,1.8,1.3,2014-07-16,0110,Terra,MODIS,90,6.2,300.1,75.9,D,0
-15.4124,143.5373,313.5,1.9,1.4,2014-07-16,0110,Terra,MODIS,28,6.2,298,13.3,D,0
-16.3334,135.8596,318.6,1.1,1,2014-07-16,0110,Terra,MODIS,47,6.2,302.2,8.4,D,0
-16.3411,135.8481,331,1.1,1,2014-07-16,0110,Terra,MODIS,82,6.2,304.8,22.1,D,0
-15.0505,141.8709,315.7,1.5,1.2,2014-07-16,0110,Terra,MODIS,41,6.2,300.3,10.3,D,0
-15.2271,143.2023,330,1.8,1.3,2014-07-16,0110,Terra,MODIS,82,6.2,300.3,47.6,D,0
-15.4106,141.8259,316.5,1.5,1.2,2014-07-16,0110,Terra,MODIS,39,6.2,301.7,9.4,D,0
-15.237,143.184,332.4,1.8,1.3,2014-07-16,0110,Terra,MODIS,86,6.2,297.8,53.7,D,0
-15.1439,143.1681,318.3,1.8,1.3,2014-07-16,0110,Terra,MODIS,29,6.2,298.6,20,D,0
-15.2598,143.3716,314.9,1.9,1.3,2014-07-16,0110,Terra,MODIS,57,6.2,298.6,13.8,D,0
-15.2885,143.1548,325.2,1.8,1.3,2014-07-16,0110,Terra,MODIS,80,6.2,300.1,33,D,0
-15.2823,143.1614,325.5,1.8,1.3,2014-07-16,0110,Terra,MODIS,46,6.2,299.5,32,D,0
-15.395,141.8207,322.3,1.5,1.2,2014-07-16,0110,Terra,MODIS,71,6.2,300.5,18.3,D,0
-16.3349,135.8695,318.2,1.1,1,2014-07-16,0110,Terra,MODIS,39,6.2,302.6,7.6,D,0
-15.0488,141.8575,317.9,1.4,1.2,2014-07-16,0110,Terra,MODIS,52,6.2,302.1,12.9,D,0
-16.3457,135.8168,318.3,1.1,1,2014-07-16,0110,Terra,MODIS,54,6.2,301.7,8.8,D,0
-15.6832,129.4498,314.4,2.9,1.6,2014-07-16,0110,Terra,MODIS,64,6.2,296.8,31.4,D,0
-16.1832,144.1388,308.8,2.2,1.4,2014-07-16,0110,Terra,MODIS,28,6.2,296,13.9,D,0
-16.2416,144.0855,310.3,2.2,1.4,2014-07-16,0110,Terra,MODIS,49,6.2,297.1,15.5,D,0
-16.0976,144.0736,313.1,2.2,1.4,2014-07-16,0110,Terra,MODIS,62,6.2,296.3,22.5,D,0
-15.6784,129.4238,314.9,2.9,1.6,2014-07-16,0110,Terra,MODIS,65,6.2,297.5,32.6,D,0
-15.6488,129.437,324.9,2.9,1.6,2014-07-16,0110,Terra,MODIS,79,6.2,296.5,75.3,D,0
-15.6776,129.4309,319.7,2.9,1.6,2014-07-16,0110,Terra,MODIS,29,6.2,297.3,45.7,D,0
-15.6495,129.4295,325.9,2.9,1.6,2014-07-16,0110,Terra,MODIS,80,6.2,296.7,81.4,D,0
-14.8803,141.7175,316.7,1.4,1.2,2014-07-16,0110,Terra,MODIS,65,6.2,301.7,9.6,D,0
-14.882,141.7306,318.1,1.4,1.2,2014-07-16,0110,Terra,MODIS,71,6.2,300.4,11.5,D,0
-14.7607,130.0928,315,2.7,1.6,2014-07-16,0110,Terra,MODIS,41,6.2,298.3,23.2,D,0
-14.7705,130.0967,318.6,2.7,1.6,2014-07-16,0110,Terra,MODIS,48,6.2,298.2,36.9,D,0
-14.6499,130.1779,311.8,2.6,1.6,2014-07-16,0110,Terra,MODIS,43,6.2,297.6,17.8,D,0
-14.6762,131.8899,323.5,2,1.4,2014-07-16,0110,Terra,MODIS,77,6.2,299.8,37.1,D,0
-14.6792,131.9077,319.8,2,1.4,2014-07-16,0110,Terra,MODIS,65,6.2,302.4,25.9,D,0
-19.0949,132.3044,312.9,1.5,1.2,2014-07-16,0111,Terra,MODIS,42,6.2,298.6,9.2,D,0
-19.1058,132.3023,329.2,1.5,1.2,2014-07-16,0111,Terra,MODIS,83,6.2,299.9,39.2,D,0
-19.1034,132.2881,315.4,1.5,1.2,2014-07-16,0111,Terra,MODIS,68,6.2,298.8,12.5,D,0
-19.1083,132.3166,312.5,1.5,1.2,2014-07-16,0111,Terra,MODIS,34,6.2,298.5,8,D,0
-20.7325,139.4698,317.6,1.2,1.1,2014-07-16,0111,Terra,MODIS,58,6.2,299.2,12.2,D,2
-20.7341,139.4817,329.4,1.2,1.1,2014-07-16,0111,Terra,MODIS,82,6.2,299.8,29.5,D,2
-19.1042,132.7094,335,1.4,1.2,2014-07-16,0111,Terra,MODIS,87,6.2,298.9,51.1,D,0
-19.3257,133.0605,321.4,1.3,1.1,2014-07-16,0111,Terra,MODIS,76,6.2,298,21.7,D,0
-19.4028,133.2213,327.9,1.3,1.1,2014-07-16,0111,Terra,MODIS,82,6.2,297.7,32.4,D,0
-19.0975,132.7046,339,1.4,1.2,2014-07-16,0111,Terra,MODIS,90,6.2,299.6,61.5,D,0
-19.102,132.696,332,1.4,1.2,2014-07-16,0111,Terra,MODIS,85,6.2,298.4,44,D,0
-20.9434,120.4931,316.9,3.1,1.7,2014-07-16,0250,Terra,MODIS,73,6.2,297.3,60.3,D,0
-20.9462,120.5229,327.3,3.1,1.7,2014-07-16,0250,Terra,MODIS,83,6.2,298.6,116.5,D,0
-21.6,118.5379,309.4,2.3,1.5,2014-07-16,0250,Terra,MODIS,63,6.2,297.5,14.7,D,0
-20.3427,119.1377,311.8,2.4,1.5,2014-07-16,0250,Terra,MODIS,21,6.2,299.2,19.2,D,0
-20.3451,119.1609,312,2.4,1.5,2014-07-16,0250,Terra,MODIS,22,6.2,299.5,20,D,0
-20.3563,119.1364,322.1,2.4,1.5,2014-07-16,0250,Terra,MODIS,78,6.2,299.6,51.5,D,0
-20.3994,118.4448,312.9,2.1,1.4,2014-07-16,0250,Terra,MODIS,46,6.2,301.5,15.9,D,0
-20.4122,118.4432,328,2.1,1.4,2014-07-16,0250,Terra,MODIS,83,6.2,300.7,59.4,D,0
-20.4145,118.4637,312.3,2.1,1.4,2014-07-16,0250,Terra,MODIS,20,6.2,300.3,13.6,D,0
-20.4112,118.4368,322.5,2.1,1.4,2014-07-16,0250,Terra,MODIS,78,6.2,300.7,41.6,D,0
-20.4133,118.4573,320.1,2.1,1.4,2014-07-16,0250,Terra,MODIS,76,6.2,300.5,34.9,D,0
-31.5256,152.2297,305.9,1.1,1,2014-07-16,0354,Aqua,MODIS,62,6.2,289.6,8.5,D,0
-30.6309,152.8703,308.3,1.1,1.1,2014-07-16,0354,Aqua,MODIS,67,6.2,287.8,9.7,D,0
-31.4494,148.7559,307.7,1.1,1,2014-07-16,0354,Aqua,MODIS,66,6.2,287.1,9.6,D,0
-26.0817,152.6412,307.8,1.3,1.1,2014-07-16,0355,Aqua,MODIS,63,6.2,292.9,8,D,0
-24.7266,151.8399,320.7,1.2,1.1,2014-07-16,0355,Aqua,MODIS,77,6.2,296.8,18,D,0
-27.8006,147.4151,316.2,1.1,1,2014-07-16,0355,Aqua,MODIS,73,6.2,296.8,11.4,D,0
-27.802,147.404,314.5,1.1,1,2014-07-16,0355,Aqua,MODIS,71,6.2,296.6,9.7,D,0
-25.0977,151.8278,308.3,1.2,1.1,2014-07-16,0355,Aqua,MODIS,55,6.2,294.4,7.9,D,0
-24.7356,147.0307,334.3,1.1,1,2014-07-16,0356,Aqua,MODIS,82,6.2,295.4,31.3,D,0
-24.824,146.9871,334.1,1.1,1,2014-07-16,0356,Aqua,MODIS,78,6.2,294.3,33.2,D,0
-24.7314,147.0623,404.1,1.1,1,2014-07-16,0356,Aqua,MODIS,75,6.2,310.7,297.9,D,0
-24.7328,147.0518,351.8,1.1,1,2014-07-16,0356,Aqua,MODIS,96,6.2,305.7,65.6,D,0
-24.7342,147.0413,354,1.1,1,2014-07-16,0356,Aqua,MODIS,97,6.2,301.3,70.8,D,0
-24.7222,147.0607,382.5,1.1,1,2014-07-16,0356,Aqua,MODIS,87,6.2,303.6,171.5,D,0
-24.7236,147.0502,363.4,1.1,1,2014-07-16,0356,Aqua,MODIS,100,6.2,305.9,98.1,D,0
-24.7249,147.0397,322,1.1,1,2014-07-16,0356,Aqua,MODIS,53,6.2,298.3,15.2,D,0
-19.2051,146.2096,313.9,1,1,2014-07-16,0357,Aqua,MODIS,51,6.2,291.5,10,D,0
-19.3586,146.2251,318.7,1,1,2014-07-16,0357,Aqua,MODIS,67,6.2,296.1,12.5,D,0
-15.2751,143.4442,317.9,1.2,1.1,2014-07-16,0358,Aqua,MODIS,20,6.2,301.9,14.9,D,0
-15.1464,141.7791,321.1,1.6,1.2,2014-07-16,0358,Aqua,MODIS,58,6.2,302.3,16.2,D,0
-15.1568,141.7858,327.1,1.6,1.2,2014-07-16,0358,Aqua,MODIS,80,6.2,303.7,27.8,D,0
-15.1656,143.1835,340.4,1.3,1.1,2014-07-16,0358,Aqua,MODIS,90,6.2,300.5,50.7,D,0
-15.1626,143.2074,319.6,1.3,1.1,2014-07-16,0358,Aqua,MODIS,32,6.2,299.7,12.8,D,0
-16.3381,135.8166,321.9,4.7,2,2014-07-16,0358,Aqua,MODIS,64,6.2,296.8,97.4,D,0
-15.3929,141.814,336.9,1.6,1.2,2014-07-16,0358,Aqua,MODIS,87,6.2,302.8,52.3,D,0
-15.3947,141.7991,345.6,1.6,1.2,2014-07-16,0358,Aqua,MODIS,93,6.2,303.5,83,D,0
-15.2429,143.1454,325.2,1.3,1.1,2014-07-16,0358,Aqua,MODIS,48,6.2,299.2,19.9,D,0
-16.3708,144.3132,322.3,1.2,1.1,2014-07-16,0358,Aqua,MODIS,74,6.2,302.2,16,D,0
-15.1641,143.1954,348,1.3,1.1,2014-07-16,0358,Aqua,MODIS,94,6.2,300.5,71.3,D,0
-15.4652,141.5999,319.4,1.7,1.3,2014-07-16,0358,Aqua,MODIS,31,6.2,303.1,12.3,D,0
-15.0573,141.8568,328.3,1.6,1.2,2014-07-16,0358,Aqua,MODIS,74,6.2,304.1,31.8,D,0
-14.7455,142.334,311.8,1.4,1.2,2014-07-16,0358,Aqua,MODIS,25,6.2,294.4,11,D,0
-15.1456,141.7843,322.5,1.6,1.2,2014-07-16,0358,Aqua,MODIS,70,6.2,302.4,19.1,D,0
-16.3753,144.3094,318.5,1.2,1.1,2014-07-16,0358,Aqua,MODIS,51,6.2,301,10.6,D,0
-15.4766,141.6014,326.4,1.7,1.3,2014-07-16,0358,Aqua,MODIS,78,6.2,304.4,28.7,D,0
-16.3354,135.8561,320.9,4.6,2,2014-07-16,0358,Aqua,MODIS,52,6.2,298.4,82.4,D,0
-16.3397,135.8123,320.9,4.7,2,2014-07-16,0358,Aqua,MODIS,61,6.2,296.9,88.4,D,0
-15.4076,143.5219,309.8,1.2,1.1,2014-07-16,0358,Aqua,MODIS,22,6.2,293.1,7.6,D,0
-15.2413,143.1574,328.4,1.3,1.1,2014-07-16,0358,Aqua,MODIS,27,6.2,299.7,23.8,D,0
-15.2411,143.1516,335.3,1.3,1.1,2014-07-16,0358,Aqua,MODIS,87,6.2,299.6,39.5,D,0
-17.8069,138.7941,321.5,2.9,1.6,2014-07-16,0358,Aqua,MODIS,69,6.2,302.2,48.9,D,0
-17.7922,138.7924,345.1,2.9,1.6,2014-07-16,0358,Aqua,MODIS,92,6.2,302.9,207.2,D,0
-17.795,138.765,318.3,2.9,1.6,2014-07-16,0358,Aqua,MODIS,57,6.2,300.5,34.4,D,0
-16.4187,144.1266,316.3,1.2,1.1,2014-07-16,0358,Aqua,MODIS,22,6.2,301.8,6.1,D,0
-16.3778,135.7779,319.5,4.7,2,2014-07-16,0358,Aqua,MODIS,34,6.2,298.8,73.6,D,0
-16.0404,144.2915,313.2,1.1,1.1,2014-07-16,0358,Aqua,MODIS,49,6.2,299.3,5.6,D,0
-14.6687,144.1105,331.6,1.1,1.1,2014-07-16,0358,Aqua,MODIS,66,6.2,301.8,26.7,D,0
-14.6564,144.1032,317.1,1.1,1.1,2014-07-16,0358,Aqua,MODIS,65,6.2,300.3,11.7,D,0
-14.6769,144.1224,320.7,1.1,1.1,2014-07-16,0358,Aqua,MODIS,56,6.2,301.1,13,D,0
-16.1807,144.1417,324.8,1.2,1.1,2014-07-16,0358,Aqua,MODIS,74,6.2,301.7,18.1,D,0
-16.1904,144.1432,324.7,1.2,1.1,2014-07-16,0358,Aqua,MODIS,74,6.2,301.3,18.2,D,0
-16.1337,144.1239,317.7,1.2,1.1,2014-07-16,0358,Aqua,MODIS,60,6.2,300.7,9.7,D,0
-16.1255,144.1115,318.1,1.2,1.1,2014-07-16,0358,Aqua,MODIS,57,6.2,300.3,10.1,D,0
-16.4281,144.206,318.1,1.2,1.1,2014-07-16,0358,Aqua,MODIS,49,6.2,304.2,7.6,D,0
-16.366,144.2019,319.7,1.2,1.1,2014-07-16,0358,Aqua,MODIS,19,6.2,301.9,10,D,0
-16.3675,144.191,320.6,1.2,1.1,2014-07-16,0358,Aqua,MODIS,45,6.2,301.4,10.4,D,0
-16.409,144.1253,335.6,1.2,1.1,2014-07-16,0358,Aqua,MODIS,86,6.2,303.4,34.4,D,0
-16.1076,144.0807,321,1.2,1.1,2014-07-16,0358,Aqua,MODIS,37,6.2,301,12,D,0
-14.6783,144.1119,329.9,1.1,1.1,2014-07-16,0358,Aqua,MODIS,84,6.2,302.8,25.1,D,0
-16.109,144.0697,320.3,1.2,1.1,2014-07-16,0358,Aqua,MODIS,28,6.2,301.1,11.6,D,0
-16.0896,144.0669,339.4,1.2,1.1,2014-07-16,0358,Aqua,MODIS,89,6.2,300.7,42.3,D,0
-16.4104,144.1141,322,1.2,1.1,2014-07-16,0358,Aqua,MODIS,73,6.2,302.7,12.8,D,0
-14.2328,143.6198,369.4,1.2,1.1,2014-07-16,0359,Aqua,MODIS,100,6.2,301,138.4,D,0
-14.0913,143.5495,322.1,1.2,1.1,2014-07-16,0359,Aqua,MODIS,77,6.2,299.5,16.2,D,0
-14.088,143.5536,323.3,1.2,1.1,2014-07-16,0359,Aqua,MODIS,79,6.2,298.7,20.8,D,0
-14.4683,142.6092,314.3,1.4,1.2,2014-07-16,0359,Aqua,MODIS,61,6.2,299.3,9,D,0
-14.2313,143.6307,344.3,1.2,1.1,2014-07-16,0359,Aqua,MODIS,93,6.2,298.3,57,D,0
-14.223,143.6184,315.9,1.2,1.1,2014-07-16,0359,Aqua,MODIS,29,6.2,297.5,9.8,D,0
-14.2342,143.6088,350.6,1.2,1.1,2014-07-16,0359,Aqua,MODIS,96,6.2,299.1,73.5,D,0
-12.3962,141.8473,324.3,1.4,1.2,2014-07-16,0359,Aqua,MODIS,82,6.2,291.1,32.3,D,0
-12.3979,141.834,321,1.4,1.2,2014-07-16,0359,Aqua,MODIS,80,6.2,293.9,26.2,D,0
-12.3928,141.8413,325.9,1.4,1.2,2014-07-16,0359,Aqua,MODIS,75,6.2,293.2,32.4,D,0
-14.4355,142.6175,318,1.4,1.2,2014-07-16,0359,Aqua,MODIS,35,6.2,299.8,17.3,D,0
-11.9016,142.141,314.1,1.4,1.2,2014-07-16,0359,Aqua,MODIS,43,6.2,298.5,10.1,D,0
-11.9,142.1534,341.7,1.4,1.2,2014-07-16,0359,Aqua,MODIS,92,6.2,299.6,62.8,D,0
-14.2425,143.6211,320.2,1.2,1.1,2014-07-16,0359,Aqua,MODIS,70,6.2,298.4,15,D,0
-14.244,143.6102,349.2,1.2,1.1,2014-07-16,0359,Aqua,MODIS,95,6.2,299.4,70.4,D,0
-19.7802,133.1634,316.2,4,1.9,2014-07-16,0535,Aqua,MODIS,67,6.2,298.5,56.3,D,0
-19.7858,133.1996,330.4,4,1.9,2014-07-16,0535,Aqua,MODIS,83,6.2,299.3,169.3,D,0
-19.7723,133.201,325.2,4,1.9,2014-07-16,0535,Aqua,MODIS,79,6.2,299.7,123.1,D,0
-19.7692,133.1957,313.8,4,1.9,2014-07-16,0535,Aqua,MODIS,61,6.2,299.5,43.4,D,0
-19.7888,133.2048,315,4,1.9,2014-07-16,0535,Aqua,MODIS,64,6.2,299.1,48.9,D,0
-19.7934,133.1618,311.7,4,1.9,2014-07-16,0535,Aqua,MODIS,54,6.2,298.7,29.7,D,0
-23.0169,122.5364,311,1,1,2014-07-16,0535,Aqua,MODIS,58,6.2,298.7,5.8,D,0
-19.2649,132.6233,325.3,3.7,1.8,2014-07-16,0535,Aqua,MODIS,78,6.2,300,110.1,D,0
-20.1993,127.2121,326.1,1.5,1.2,2014-07-16,0536,Aqua,MODIS,78,6.2,300.6,28.7,D,0
-19.2734,132.6173,315.9,3.7,1.8,2014-07-16,0536,Aqua,MODIS,65,6.2,299.1,51.2,D,0
-19.2574,132.6134,327.3,3.7,1.8,2014-07-16,0536,Aqua,MODIS,80,6.2,299.6,127.5,D,0
-20.9416,120.4885,327.6,1.2,1.1,2014-07-16,0536,Aqua,MODIS,31,6.2,304,18.6,D,0
-20.943,120.4773,351.1,1.2,1.1,2014-07-16,0536,Aqua,MODIS,96,6.2,305.3,69.4,D,0
-19.2489,132.6194,318.8,3.7,1.8,2014-07-16,0536,Aqua,MODIS,70,6.2,299.2,69.4,D,0
-20.9566,120.5248,322,1.2,1.1,2014-07-16,0536,Aqua,MODIS,20,6.2,303.8,12.9,D,0
-20.9581,120.5137,322.1,1.2,1.1,2014-07-16,0536,Aqua,MODIS,36,6.2,303.8,13,D,0
-20.9527,120.4787,321.8,1.2,1.1,2014-07-16,0536,Aqua,MODIS,37,6.2,303.8,13.5,D,0
-20.9513,120.4899,334.3,1.2,1.1,2014-07-16,0536,Aqua,MODIS,86,6.2,305.2,31.2,D,0
-20.3571,119.1468,320.2,1.4,1.2,2014-07-16,0536,Aqua,MODIS,68,6.2,306.6,13.6,D,0
-20.3451,119.1584,328.6,1.4,1.2,2014-07-16,0536,Aqua,MODIS,80,6.2,305.6,28.5,D,0
-20.4185,118.4449,319.9,1.5,1.2,2014-07-16,0536,Aqua,MODIS,47,6.2,306.1,12.8,D,0
-20.4075,118.4435,319.4,1.5,1.2,2014-07-16,0536,Aqua,MODIS,18,6.2,308.1,11.7,D,0
-20.4147,118.4524,320.5,1.5,1.2,2014-07-16,0536,Aqua,MODIS,46,6.2,306.2,13.6,D,0
-20.3837,118.4335,346.4,1.5,1.2,2014-07-16,0536,Aqua,MODIS,93,6.2,307.6,84,D,0
-12.9713,131.2505,317.2,4,1.9,2014-07-16,0537,Aqua,MODIS,49,6.2,301.8,40.1,D,0
-15.645,129.4235,324.3,2.6,1.5,2014-07-16,0537,Aqua,MODIS,69,6.2,301.3,45.3,D,0
-15.6526,129.4176,326.4,2.6,1.5,2014-07-16,0537,Aqua,MODIS,45,6.2,301.9,51.5,D,0
-15.6587,129.4265,322.2,2.6,1.5,2014-07-16,0537,Aqua,MODIS,43,6.2,301.9,35.2,D,0
-12.9679,131.2452,317.1,4,1.9,2014-07-16,0537,Aqua,MODIS,66,6.2,301.3,43,D,0
-12.5364,130.7282,322.5,3.7,1.8,2014-07-16,0537,Aqua,MODIS,57,6.2,296.9,77.5,D,0
-12.5526,130.731,319.8,3.7,1.8,2014-07-16,0537,Aqua,MODIS,34,6.2,298.3,56.3,D,0
-12.9783,131.2139,316.3,4,1.9,2014-07-16,0537,Aqua,MODIS,45,6.2,301,33.8,D,0
-12.5467,130.7249,330,3.7,1.8,2014-07-16,0537,Aqua,MODIS,63,6.2,298.1,141.2,D,0
-14.0799,130.0953,330.3,3.1,1.7,2014-07-16,0537,Aqua,MODIS,81,6.2,299.4,104.6,D,0
-14.3307,131.8895,319.2,4.2,1.9,2014-07-16,0537,Aqua,MODIS,67,6.2,300,70.3,D,0
-14.3324,131.8945,317.3,4.2,1.9,2014-07-16,0537,Aqua,MODIS,62,6.2,300,56.5,D,0
-24.7168,147.0584,314.4,1.8,1.3,2014-07-16,1320,Terra,MODIS,64,6.2,285.7,34.4,N,0
-19.178,132.8802,307.2,2.3,1.5,2014-07-16,1322,Terra,MODIS,70,6.2,286.9,31.4,N,0
-19.1749,132.8864,309.1,2.3,1.5,2014-07-16,1322,Terra,MODIS,76,6.2,287,35.7,N,0
-19.2311,132.6039,308.1,2.4,1.5,2014-07-16,1322,Terra,MODIS,73,6.2,287.4,37.4,N,0
-14.2248,143.6037,309.9,1.7,1.3,2014-07-16,1323,Terra,MODIS,79,6.2,291.1,18,N,0
-14.2252,143.5946,304.6,1.7,1.3,2014-07-16,1323,Terra,MODIS,61,6.2,290.9,12,N,0
-14.2227,143.6097,306,1.7,1.3,2014-07-16,1323,Terra,MODIS,66,6.2,291,13.6,N,0
-16.1208,144.1109,301.4,1.7,1.3,2014-07-16,1323,Terra,MODIS,41,6.2,290.5,10.2,N,0
-13.0353,131.1929,318.6,2.5,1.5,2014-07-16,1324,Terra,MODIS,97,6.2,293.2,61.9,N,0
-13.0312,131.1627,308.1,2.5,1.5,2014-07-16,1324,Terra,MODIS,74,6.2,292.1,29.8,N,0
-13.0379,131.1701,324.5,2.5,1.5,2014-07-16,1324,Terra,MODIS,100,6.2,292.9,84.5,N,0
-13.0284,131.1856,307.3,2.5,1.5,2014-07-16,1324,Terra,MODIS,71,6.2,292.8,28.1,N,0
-30.9309,152.7994,312.3,1.1,1.1,2014-07-16,1454,Aqua,MODIS,85,6.2,285,17,N,0
-30.9329,152.8113,310.9,1.1,1.1,2014-07-16,1454,Aqua,MODIS,81,6.2,285.7,15.7,N,0
-30.9213,152.8017,306.9,1.1,1.1,2014-07-16,1454,Aqua,MODIS,70,6.2,284.7,12.9,N,0
-20.9565,120.5,305.8,1.6,1.3,2014-07-16,1500,Terra,MODIS,12,6.2,286,15.3,N,0
-20.948,120.4823,309.7,1.6,1.3,2014-07-16,1500,Terra,MODIS,43,6.2,286.1,20.6,N,0
-20.9507,120.4669,304.9,1.6,1.3,2014-07-16,1500,Terra,MODIS,42,6.2,286,14.9,N,0
-20.9538,120.5155,306.6,1.6,1.3,2014-07-16,1500,Terra,MODIS,54,6.2,286.4,17.2,N,0
-20.4281,118.4496,325.3,1.2,1.1,2014-07-16,1501,Terra,MODIS,100,6.2,286.4,34.3,N,0
-20.4182,118.4477,305.7,1.2,1.1,2014-07-16,1501,Terra,MODIS,36,6.2,285.1,11.6,N,0
-20.4169,118.4534,300.8,1.2,1.1,2014-07-16,1501,Terra,MODIS,14,6.2,284.7,8.2,N,0
-20.1314,119.7987,301.6,1.5,1.2,2014-07-16,1501,Terra,MODIS,43,6.2,287.2,11.6,N,0
-20.1338,119.7844,318.3,1.5,1.2,2014-07-16,1501,Terra,MODIS,97,6.2,287.3,33.5,N,0
-16.3211,135.8777,311,1.1,1,2014-07-16,1628,Aqua,MODIS,81,6.2,289.3,12.2,N,0
-16.3077,135.8493,340.9,1.1,1,2014-07-16,1628,Aqua,MODIS,100,6.2,292.7,49.9,N,0
-16.3063,135.8394,324,1.1,1,2014-07-16,1628,Aqua,MODIS,100,6.2,290.9,24.9,N,0
-16.3197,135.8677,316.5,1.1,1,2014-07-16,1628,Aqua,MODIS,93,6.2,290.3,17,N,0
-16.3091,135.8592,316.7,1.1,1,2014-07-16,1628,Aqua,MODIS,94,6.2,290.4,17,N,0
-19.2486,132.608,303.7,1,1,2014-07-16,1629,Aqua,MODIS,56,6.2,284.5,8.2,N,0
-19.1697,132.8836,395,1,1,2014-07-16,1629,Aqua,MODIS,100,6.2,296.5,230.1,N,0
-19.2319,132.6207,303.4,1,1,2014-07-16,1629,Aqua,MODIS,52,6.2,286.4,7.9,N,0
-19.1683,132.874,302,1,1,2014-07-16,1629,Aqua,MODIS,17,6.2,286.6,5.7,N,0
-19.1607,132.8851,363.4,1,1,2014-07-16,1629,Aqua,MODIS,100,6.2,295,98.6,N,0
-19.1593,132.8755,351.1,1,1,2014-07-16,1629,Aqua,MODIS,100,6.2,291.2,67.1,N,0
-19.1712,132.8932,397.3,1,1,2014-07-16,1629,Aqua,MODIS,100,6.2,300.3,243.3,N,0
-12.6476,141.9591,311.7,4.2,1.9,2014-07-17,0014,Terra,MODIS,46,6.2,293.3,51.6,D,0
-12.6618,141.962,319.7,4.2,1.9,2014-07-17,0014,Terra,MODIS,72,6.2,293.6,108.3,D,0
-12.6645,141.9559,315.2,4.2,1.9,2014-07-17,0014,Terra,MODIS,63,6.2,293.5,73.5,D,0
-16.4217,144.3398,307.9,2.3,1.5,2014-07-17,0015,Terra,MODIS,54,6.2,296.7,13.3,D,0
-19.2226,146.2029,305.7,1.5,1.2,2014-07-17,0016,Terra,MODIS,23,6.2,294,6.9,D,0
-19.3346,146.2997,310,1.5,1.2,2014-07-17,0016,Terra,MODIS,60,6.2,293.7,11.7,D,0
-19.343,146.2838,307.6,1.5,1.2,2014-07-17,0016,Terra,MODIS,52,6.2,293.9,8.9,D,0
-19.3454,146.298,306.2,1.5,1.2,2014-07-17,0016,Terra,MODIS,42,6.2,293.5,7.5,D,0
-24.7333,147.0141,324.1,1.1,1.1,2014-07-17,0017,Terra,MODIS,82,6.2,293.1,24.2,D,0
-24.7351,147.0252,311.6,1.1,1.1,2014-07-17,0017,Terra,MODIS,36,6.2,293.6,9.8,D,0
-24.779,146.994,305.6,1.1,1.1,2014-07-17,0017,Terra,MODIS,50,6.2,291.4,6.4,D,0
-24.7695,146.9959,362.6,1.1,1.1,2014-07-17,0017,Terra,MODIS,100,6.2,293.9,110.8,D,0
-26.3372,151.8568,303.8,1.2,1.1,2014-07-17,0017,Terra,MODIS,57,6.2,290.9,6.1,D,0
-26.3398,151.8618,301.4,1.2,1.1,2014-07-17,0017,Terra,MODIS,38,6.2,289.8,4.6,D,0
-24.8219,146.9913,327.7,1.1,1.1,2014-07-17,0017,Terra,MODIS,85,6.2,293.4,29.5,D,0
-24.8351,147.0115,312.4,1.1,1.1,2014-07-17,0017,Terra,MODIS,71,6.2,291.3,11.7,D,0
-26.3157,151.2925,300.1,1.1,1.1,2014-07-17,0017,Terra,MODIS,24,6.2,290,3.4,D,0
-24.7216,147.0621,309,1.1,1.1,2014-07-17,0017,Terra,MODIS,36,6.2,297.4,7.3,D,0
-24.8201,146.9802,305.5,1.1,1.1,2014-07-17,0017,Terra,MODIS,54,6.2,291.2,7,D,0
-24.6839,151.7952,308.2,1.1,1.1,2014-07-17,0017,Terra,MODIS,63,6.2,295.4,6.8,D,0
-28.6634,148.6926,301.8,1,1,2014-07-17,0018,Terra,MODIS,49,6.2,289.2,4.2,D,0
-29.2251,148.9498,300.2,1,1,2014-07-17,0018,Terra,MODIS,28,6.2,289.8,3,D,0
-28.8454,149.8551,301.3,1,1,2014-07-17,0018,Terra,MODIS,46,6.2,289.1,3.9,D,0
-28.5927,148.2719,321.5,1,1,2014-07-17,0018,Terra,MODIS,81,6.2,290.8,19.1,D,0
-30.6268,152.8727,304.4,1.5,1.2,2014-07-17,0018,Terra,MODIS,59,6.2,288.8,11.7,D,0
-29.272,151.9214,306.2,1.3,1.1,2014-07-17,0018,Terra,MODIS,63,6.2,281.3,12.1,D,0
-29.2796,151.9137,311.9,1.3,1.1,2014-07-17,0018,Terra,MODIS,72,6.2,282.5,17.9,D,0
-30.9247,152.7954,301.3,1.5,1.2,2014-07-17,0019,Terra,MODIS,22,6.2,289.4,8.1,D,0
-30.9275,152.8056,308.2,1.5,1.2,2014-07-17,0019,Terra,MODIS,67,6.2,289.6,16.7,D,0
-31.5261,148.5248,302.6,1,1,2014-07-17,0019,Terra,MODIS,53,6.2,286,6.1,D,0
-33.4345,145.6524,302.3,1,1,2014-07-17,0019,Terra,MODIS,52,6.2,284.5,6.3,D,0
-34.285,146.1393,302.1,1,1,2014-07-17,0020,Terra,MODIS,51,6.2,283.8,6.9,D,0
-12.4233,132.9118,367.4,1.8,1.3,2014-07-17,0152,Terra,MODIS,94,6.2,303,234.7,D,0
-12.4253,132.9283,327.3,1.8,1.3,2014-07-17,0152,Terra,MODIS,70,6.2,301.6,39.2,D,0
-13.0327,131.1664,340.6,1.4,1.2,2014-07-17,0152,Terra,MODIS,89,6.2,304.5,54.4,D,0
-13.0449,131.1777,332.8,1.4,1.2,2014-07-17,0152,Terra,MODIS,83,6.2,305.7,34.8,D,0
-13.0466,131.1904,321.8,1.4,1.2,2014-07-17,0152,Terra,MODIS,66,6.2,304,13.6,D,0
-13.0432,131.165,342.3,1.4,1.2,2014-07-17,0152,Terra,MODIS,90,6.2,305.9,58.3,D,0
-12.933,132.5147,318.1,1.7,1.3,2014-07-17,0152,Terra,MODIS,48,6.2,301.6,16.3,D,0
-13.0344,131.1791,319.6,1.4,1.2,2014-07-17,0152,Terra,MODIS,50,6.2,304.2,10.7,D,0
-12.9792,133.9397,313,2.2,1.4,2014-07-17,0152,Terra,MODIS,52,6.2,298.7,15.5,D,0
-12.4114,132.9134,323.9,1.8,1.3,2014-07-17,0152,Terra,MODIS,67,6.2,302.3,30.8,D,0
-12.981,133.9451,314.9,2.2,1.4,2014-07-17,0152,Terra,MODIS,61,6.2,298.7,20.8,D,0
-12.2654,132.5551,315.4,1.7,1.3,2014-07-17,0152,Terra,MODIS,61,6.2,298.6,13.8,D,0
-11.9862,132.7851,315.2,1.7,1.3,2014-07-17,0152,Terra,MODIS,54,6.2,298,14.2,D,0
-11.9883,132.801,321.5,1.7,1.3,2014-07-17,0152,Terra,MODIS,75,6.2,296.8,27.5,D,0
-12.2708,132.7076,314.6,1.7,1.3,2014-07-17,0152,Terra,MODIS,42,6.2,299.3,13.5,D,0
-12.2648,132.565,317.7,1.7,1.3,2014-07-17,0152,Terra,MODIS,69,6.2,299.6,19.8,D,0
-12.5681,132.4288,319,1.7,1.3,2014-07-17,0152,Terra,MODIS,29,6.2,302.3,16.7,D,0
-12.2008,132.6903,319.9,1.7,1.3,2014-07-17,0152,Terra,MODIS,73,6.2,299.3,21.9,D,0
-11.2376,131.2922,326.6,1.3,1.1,2014-07-17,0152,Terra,MODIS,53,6.2,300,23.9,D,0
-12.755,134.2388,315.6,2.3,1.5,2014-07-17,0152,Terra,MODIS,64,6.2,294.9,24.2,D,0
-11.4973,131.4135,311.7,1.4,1.2,2014-07-17,0152,Terra,MODIS,16,6.2,298.6,6.9,D,0
-11.4153,131.4059,329.6,1.4,1.2,2014-07-17,0152,Terra,MODIS,83,6.2,299.6,34,D,0
-11.417,131.4183,316.1,1.4,1.2,2014-07-17,0152,Terra,MODIS,52,6.2,298.8,11.5,D,0
-11.2479,131.2908,332,1.3,1.1,2014-07-17,0152,Terra,MODIS,64,6.2,299.7,34.5,D,0
-12.2448,133.0892,317.1,1.9,1.3,2014-07-17,0152,Terra,MODIS,56,6.2,298.7,16.3,D,0
-11.4642,130.5639,310.9,1.2,1.1,2014-07-17,0152,Terra,MODIS,37,6.2,298.6,6.1,D,0
-14.1046,131.4107,314.3,1.5,1.2,2014-07-17,0153,Terra,MODIS,40,6.2,301.3,8.8,D,0
-13.2758,131.0888,319.6,1.4,1.2,2014-07-17,0153,Terra,MODIS,66,6.2,303.5,11.7,D,0
-13.7026,133.9961,314.4,2.3,1.5,2014-07-17,0153,Terra,MODIS,43,6.2,299.3,17.1,D,0
-13.751,132.1171,317.1,1.6,1.3,2014-07-17,0153,Terra,MODIS,51,6.2,303.4,12.1,D,0
-13.3041,130.7647,318.3,1.3,1.1,2014-07-17,0153,Terra,MODIS,29,6.2,302.2,10.4,D,0
-13.7052,134.0173,315,2.3,1.5,2014-07-17,0153,Terra,MODIS,49,6.2,298.2,20.2,D,0
-13.3554,131.8061,338.4,1.5,1.2,2014-07-17,0153,Terra,MODIS,88,6.2,304,58,D,0
-14.2497,131.9091,314.3,1.6,1.3,2014-07-17,0153,Terra,MODIS,46,6.2,301.2,9.6,D,0
-13.3573,131.8201,322.9,1.6,1.2,2014-07-17,0153,Terra,MODIS,72,6.2,302.2,20,D,0
-13.3562,131.7995,321.2,1.5,1.2,2014-07-17,0153,Terra,MODIS,70,6.2,303.8,17.4,D,0
-14.3217,131.8478,319,1.6,1.2,2014-07-17,0153,Terra,MODIS,57,6.2,301.9,15.8,D,0
-13.358,131.8135,335.8,1.6,1.2,2014-07-17,0153,Terra,MODIS,86,6.2,303.3,52.5,D,0
-15.5924,129.4462,318.3,1.2,1.1,2014-07-17,0153,Terra,MODIS,56,6.2,303,9.4,D,0
-15.5827,129.4476,317.7,1.2,1.1,2014-07-17,0153,Terra,MODIS,49,6.2,302.7,8.9,D,0
-14.6535,130.1848,317,1.3,1.1,2014-07-17,0153,Terra,MODIS,52,6.2,302.6,8.3,D,0
-16.2182,136.4358,316.9,3.8,1.8,2014-07-17,0153,Terra,MODIS,36,6.2,293.1,60.9,D,0
-16.311,135.8053,316.1,3.4,1.7,2014-07-17,0153,Terra,MODIS,29,6.2,296.9,36.9,D,0
-16.2324,136.4772,316.6,3.8,1.8,2014-07-17,0153,Terra,MODIS,39,6.2,294.3,59.6,D,0
-16.3018,135.8715,331.9,3.5,1.8,2014-07-17,0153,Terra,MODIS,85,6.2,298.1,140.2,D,0
-16.3077,135.8759,336.6,3.5,1.8,2014-07-17,0153,Terra,MODIS,88,6.2,298.9,182.1,D,0
-16.2884,135.8452,310.9,3.4,1.7,2014-07-17,0153,Terra,MODIS,19,6.2,296.3,22.4,D,0
-16.2122,136.4435,319.1,3.8,1.8,2014-07-17,0153,Terra,MODIS,72,6.2,293.2,79.2,D,0
-16.2158,136.4789,317.6,3.8,1.8,2014-07-17,0153,Terra,MODIS,68,6.2,293.9,70,D,0
-16.2216,136.4713,323.4,3.8,1.8,2014-07-17,0153,Terra,MODIS,73,6.2,294.2,105.6,D,0
-16.3176,135.8697,324.2,3.5,1.8,2014-07-17,0153,Terra,MODIS,79,6.2,299.2,84.7,D,0
-14.6561,132.4219,316.5,1.8,1.3,2014-07-17,0153,Terra,MODIS,63,6.2,302.8,15.3,D,0
-14.6581,132.4384,319.6,1.8,1.3,2014-07-17,0153,Terra,MODIS,69,6.2,302.5,22.3,D,0
-15.6441,129.4435,318.1,1.2,1.1,2014-07-17,0153,Terra,MODIS,48,6.2,301.6,9,D,0
-15.6426,129.4326,316.6,1.2,1.1,2014-07-17,0153,Terra,MODIS,24,6.2,303.1,7,D,0
-15.6927,129.4368,317.8,1.2,1.1,2014-07-17,0153,Terra,MODIS,31,6.2,304,7.3,D,0
-15.7334,129.4253,332.6,1.2,1.1,2014-07-17,0153,Terra,MODIS,84,6.2,304.1,29.1,D,0
-15.7349,129.4362,325.3,1.2,1.1,2014-07-17,0153,Terra,MODIS,76,6.2,302.9,17.8,D,0
-19.7168,132.4357,342.5,2.1,1.4,2014-07-17,0154,Terra,MODIS,92,6.2,297,127.2,D,0
-19.704,132.4373,315,2.1,1.4,2014-07-17,0154,Terra,MODIS,68,6.2,294,23.6,D,0
-19.7172,132.4413,335.1,2.1,1.4,2014-07-17,0154,Terra,MODIS,87,6.2,296.7,91.9,D,0
-19.7149,132.4212,346.9,2.1,1.4,2014-07-17,0154,Terra,MODIS,94,6.2,295.7,152.1,D,0
-19.7044,132.4429,311.3,2.1,1.4,2014-07-17,0154,Terra,MODIS,59,6.2,293.6,15.8,D,0
-20.2149,131.7719,333.9,1.9,1.4,2014-07-17,0154,Terra,MODIS,76,6.2,296.1,77.3,D,0
-20.2271,131.7703,309.5,1.9,1.4,2014-07-17,0154,Terra,MODIS,53,6.2,294.9,14.2,D,0
-20.2292,131.7888,312.3,1.9,1.4,2014-07-17,0154,Terra,MODIS,48,6.2,295.4,19.9,D,0
-19.2537,132.5896,309.4,2.1,1.4,2014-07-17,0154,Terra,MODIS,29,6.2,292.7,17.3,D,0
-19.2559,132.61,309.1,2.2,1.4,2014-07-17,0154,Terra,MODIS,28,6.2,292.9,17.2,D,0
-19.7147,132.4155,336.9,2.1,1.4,2014-07-17,0154,Terra,MODIS,89,6.2,295.2,96,D,0
-19.4491,132.596,347.7,2.2,1.4,2014-07-17,0154,Terra,MODIS,94,6.2,294.1,162.4,D,0
-19.4385,132.618,323.1,2.2,1.4,2014-07-17,0154,Terra,MODIS,78,6.2,296.3,54.1,D,0
-19.4362,132.5975,308.9,2.2,1.4,2014-07-17,0154,Terra,MODIS,45,6.2,293.1,18.6,D,0
-19.462,132.5945,367.5,2.2,1.4,2014-07-17,0154,Terra,MODIS,100,6.2,299.1,317.2,D,0
-19.4643,132.615,343.5,2.2,1.4,2014-07-17,0154,Terra,MODIS,92,6.2,299.9,132.1,D,0
-19.4749,132.5929,313.6,2.2,1.4,2014-07-17,0154,Terra,MODIS,60,6.2,294.7,26.6,D,0
-19.4772,132.6135,334.1,2.2,1.4,2014-07-17,0154,Terra,MODIS,87,6.2,297.5,90.4,D,0
-19.4478,132.5894,321.8,2.2,1.4,2014-07-17,0154,Terra,MODIS,17,6.2,292.2,45.4,D,0
-19.45,132.61,389,2.2,1.4,2014-07-17,0154,Terra,MODIS,100,6.2,303.1,577.6,D,0
-19.4607,132.5878,351.4,2.2,1.4,2014-07-17,0154,Terra,MODIS,96,6.2,296.4,187.8,D,0
-19.4629,132.6084,352.7,2.2,1.4,2014-07-17,0154,Terra,MODIS,97,6.2,300.3,190.5,D,0
-19.4758,132.6069,339.1,2.2,1.4,2014-07-17,0154,Terra,MODIS,89,6.2,297,110.5,D,0
-19.6423,132.5813,316.9,2.2,1.4,2014-07-17,0154,Terra,MODIS,43,6.2,291.5,33.6,D,0
-19.6447,132.6019,352.8,2.2,1.4,2014-07-17,0154,Terra,MODIS,97,6.2,294.5,199.3,D,0
-19.647,132.6228,439.7,2.2,1.4,2014-07-17,0154,Terra,MODIS,100,6.2,310.9,1823.3,D,0
-19.6529,132.5591,354.6,2.2,1.4,2014-07-17,0154,Terra,MODIS,97,6.2,296.4,209.5,D,0
-19.6552,132.5797,385.7,2.2,1.4,2014-07-17,0154,Terra,MODIS,100,6.2,300.7,534.5,D,0
-19.6576,132.6004,400.2,2.2,1.4,2014-07-17,0154,Terra,MODIS,100,6.2,302.4,775.8,D,0
-19.66,132.6213,409.8,2.2,1.4,2014-07-17,0154,Terra,MODIS,100,6.2,305.1,970,D,0
-19.6452,132.6163,385.6,2.2,1.4,2014-07-17,0154,Terra,MODIS,100,6.2,299.5,538.2,D,0
-19.6515,132.5526,322.2,2.2,1.4,2014-07-17,0154,Terra,MODIS,77,6.2,292.8,48.6,D,0
-19.6537,132.5732,372.3,2.2,1.4,2014-07-17,0154,Terra,MODIS,100,6.2,298.1,368.2,D,0
-19.6559,132.5939,402.7,2.2,1.4,2014-07-17,0154,Terra,MODIS,100,6.2,302.7,813.2,D,0
-19.6581,132.6148,421,2.2,1.4,2014-07-17,0154,Terra,MODIS,100,6.2,308,1236.7,D,0
-19.6644,132.551,407.4,2.2,1.4,2014-07-17,0154,Terra,MODIS,100,6.2,304.2,909.3,D,0
-19.6666,132.5716,413.7,2.2,1.4,2014-07-17,0154,Terra,MODIS,100,6.2,307.5,1048.3,D,0
-19.6688,132.5923,396.3,2.2,1.4,2014-07-17,0154,Terra,MODIS,100,6.2,305.7,696.5,D,0
-19.6711,132.6132,346.6,2.2,1.4,2014-07-17,0154,Terra,MODIS,94,6.2,297.5,148.9,D,0
-19.6795,132.57,338.6,2.2,1.4,2014-07-17,0154,Terra,MODIS,90,6.2,297.4,105.3,D,0
-19.6817,132.5907,353.3,2.2,1.4,2014-07-17,0154,Terra,MODIS,97,6.2,298.5,196.5,D,0
-19.684,132.6115,321.6,2.2,1.4,2014-07-17,0154,Terra,MODIS,76,6.2,295.7,42.8,D,0
-19.2302,132.6128,321.2,2.2,1.4,2014-07-17,0154,Terra,MODIS,76,6.2,293.8,48.3,D,0
-19.2279,132.5924,325.9,2.1,1.4,2014-07-17,0154,Terra,MODIS,81,6.2,293.7,62.8,D,0
-19.151,132.8391,341.2,2.2,1.4,2014-07-17,0154,Terra,MODIS,79,6.2,300.3,119.8,D,0
-19.1487,132.8179,355.5,2.2,1.4,2014-07-17,0154,Terra,MODIS,98,6.2,301.4,222.2,D,0
-19.6435,132.7083,323.9,2.2,1.4,2014-07-17,0154,Terra,MODIS,29,6.2,295.6,44.8,D,0
-19.7823,133.1942,313.8,2.4,1.5,2014-07-17,0154,Terra,MODIS,65,6.2,298.3,24.3,D,0
-19.4537,132.6372,381.2,2.2,1.4,2014-07-17,0154,Terra,MODIS,100,6.2,301.8,473.7,D,0
-19.4667,132.6357,334.6,2.2,1.4,2014-07-17,0154,Terra,MODIS,79,6.2,298.5,85.2,D,0
-19.4796,132.6342,330.2,2.2,1.4,2014-07-17,0154,Terra,MODIS,84,6.2,297.7,70.2,D,0
-19.4522,132.6306,390.7,2.2,1.4,2014-07-17,0154,Terra,MODIS,100,6.2,305.7,601.8,D,0
-19.4651,132.6291,333,2.2,1.4,2014-07-17,0154,Terra,MODIS,72,6.2,299,79.2,D,0
-19.4673,132.6499,319,2.2,1.4,2014-07-17,0154,Terra,MODIS,59,6.2,296.1,33.7,D,0
-19.478,132.6276,336.2,2.2,1.4,2014-07-17,0154,Terra,MODIS,81,6.2,298.7,94.5,D,0
-19.6781,132.3243,382.4,2.1,1.4,2014-07-17,0154,Terra,MODIS,100,6.2,300.5,462.1,D,0
-19.6804,132.3443,375.7,2.1,1.4,2014-07-17,0154,Terra,MODIS,100,6.2,301.6,383.5,D,0
-19.6826,132.3643,325.3,2.1,1.4,2014-07-17,0154,Terra,MODIS,80,6.2,297,50.4,D,0
-19.6908,132.3228,371.8,2.1,1.4,2014-07-17,0154,Terra,MODIS,100,6.2,298.5,341.7,D,0
-19.6931,132.3428,364.1,2.1,1.4,2014-07-17,0154,Terra,MODIS,100,6.2,301.8,270,D,0
-19.6953,132.3628,331.6,2.1,1.4,2014-07-17,0154,Terra,MODIS,85,6.2,297.5,72.5,D,0
-19.6976,132.3827,325.1,2.1,1.4,2014-07-17,0154,Terra,MODIS,80,6.2,295.8,49.6,D,0
-19.6999,132.4027,326,2.1,1.4,2014-07-17,0154,Terra,MODIS,81,6.2,296.5,54.6,D,0
-19.7021,132.4227,337.1,2.1,1.4,2014-07-17,0154,Terra,MODIS,89,6.2,296.3,101.1,D,0
-19.7058,132.3414,320.4,2.1,1.4,2014-07-17,0154,Terra,MODIS,75,6.2,297.5,39.6,D,0
-19.708,132.3613,315.9,2.1,1.4,2014-07-17,0154,Terra,MODIS,69,6.2,297,26.1,D,0
-19.3741,132.7362,318,2.2,1.4,2014-07-17,0154,Terra,MODIS,72,6.2,293.6,41.8,D,0
-19.3847,132.7137,338.7,2.2,1.4,2014-07-17,0154,Terra,MODIS,90,6.2,292.3,119,D,0
-19.3871,132.7347,391.8,2.2,1.4,2014-07-17,0154,Terra,MODIS,100,6.2,298.3,649.3,D,0
-19.3894,132.7556,359.5,2.2,1.4,2014-07-17,0154,Terra,MODIS,99,6.2,295.4,259.2,D,0
-19.3828,132.7085,315.4,2.2,1.4,2014-07-17,0154,Terra,MODIS,56,6.2,291.6,30.9,D,0
-19.385,132.7294,378.4,2.2,1.4,2014-07-17,0154,Terra,MODIS,100,6.2,297.6,455.1,D,0
-19.3872,132.7504,374.1,2.2,1.4,2014-07-17,0154,Terra,MODIS,100,6.2,298,404.1,D,0
-19.3895,132.7715,313.2,2.2,1.4,2014-07-17,0154,Terra,MODIS,38,6.2,292.4,26,D,0
-19.3381,132.8914,320.2,2.3,1.5,2014-07-17,0154,Terra,MODIS,75,6.2,291.2,54.7,D,0
-19.3404,132.9129,332.7,2.3,1.5,2014-07-17,0154,Terra,MODIS,86,6.2,292.1,102.6,D,0
-19.6913,132.317,347.9,2.1,1.4,2014-07-17,0154,Terra,MODIS,94,6.2,295.2,155,D,0
-19.6934,132.3371,361.4,2.1,1.4,2014-07-17,0154,Terra,MODIS,100,6.2,302,245.3,D,0
-19.6955,132.3571,337.5,2.1,1.4,2014-07-17,0154,Terra,MODIS,89,6.2,298.9,97.7,D,0
-19.6977,132.3771,320.3,2.1,1.4,2014-07-17,0154,Terra,MODIS,46,6.2,295.8,34.1,D,0
-19.6998,132.3971,326.1,2.1,1.4,2014-07-17,0154,Terra,MODIS,58,6.2,296.4,51.9,D,0
-19.7019,132.4171,329.8,2.1,1.4,2014-07-17,0154,Terra,MODIS,84,6.2,296.6,67.1,D,0
-19.7061,132.3356,313,2.1,1.4,2014-07-17,0154,Terra,MODIS,35,6.2,296.8,19.4,D,0
-19.7082,132.3555,319.7,2.1,1.4,2014-07-17,0154,Terra,MODIS,72,6.2,297.5,35.1,D,0
-19.5409,132.966,319.5,2.3,1.5,2014-07-17,0154,Terra,MODIS,74,6.2,298.8,39.3,D,0
-19.5433,132.9881,316.1,2.3,1.5,2014-07-17,0154,Terra,MODIS,64,6.2,299.1,28.2,D,0
-19.5542,132.9645,317.1,2.3,1.5,2014-07-17,0154,Terra,MODIS,53,6.2,297.8,29.4,D,0
-19.5566,132.9866,325.2,2.3,1.5,2014-07-17,0154,Terra,MODIS,80,6.2,299.6,56.2,D,0
-19.4294,132.9909,390.9,2.3,1.5,2014-07-17,0154,Terra,MODIS,100,6.2,301.3,674.8,D,0
-19.4319,133.0129,470.2,2.3,1.5,2014-07-17,0154,Terra,MODIS,100,6.2,321.6,3432.7,D,0
-19.4344,133.035,428.8,2.3,1.5,2014-07-17,0154,Terra,MODIS,100,6.2,310.9,1607.6,D,0
-19.4369,133.0572,389.9,2.3,1.5,2014-07-17,0154,Terra,MODIS,100,6.2,302.1,664,D,0
-19.4254,132.9858,362.4,2.3,1.5,2014-07-17,0154,Terra,MODIS,100,6.2,296.5,296,D,0
-19.4277,133.0078,454.1,2.3,1.5,2014-07-17,0154,Terra,MODIS,100,6.2,318,2596,D,0
-19.4301,133.03,444.2,2.3,1.5,2014-07-17,0154,Terra,MODIS,100,6.2,315.6,2172.4,D,0
-19.4324,133.0522,373.9,2.3,1.5,2014-07-17,0154,Terra,MODIS,100,6.2,301,426,D,0
-19.4458,133.0507,361.9,2.3,1.5,2014-07-17,0154,Terra,MODIS,100,6.2,298.6,289.5,D,0
-19.4653,132.9814,343.2,2.3,1.5,2014-07-17,0154,Terra,MODIS,68,6.2,297.1,135.9,D,0
-19.1464,132.7968,324,2.2,1.4,2014-07-17,0154,Terra,MODIS,79,6.2,297,53.9,D,0
-19.4394,133.0795,361,2.3,1.5,2014-07-17,0154,Terra,MODIS,100,6.2,299.6,291.2,D,0
-19.4419,133.1018,328.5,2.4,1.5,2014-07-17,0154,Terra,MODIS,83,6.2,298.1,77,D,0
-19.4348,133.0745,342.6,2.3,1.5,2014-07-17,0154,Terra,MODIS,92,6.2,298.3,147.4,D,0
-19.4371,133.0969,328.7,2.4,1.5,2014-07-17,0154,Terra,MODIS,83,6.2,297.9,78,D,0
-19.4481,133.073,355,2.3,1.5,2014-07-17,0154,Terra,MODIS,98,6.2,299.1,234.2,D,0
-19.4505,133.0953,332,2.4,1.5,2014-07-17,0154,Terra,MODIS,85,6.2,298.2,92.9,D,0
-19.6589,132.7279,337.6,2.2,1.4,2014-07-17,0154,Terra,MODIS,55,6.2,297.7,94.1,D,0
-19.6613,132.7492,337.6,2.2,1.4,2014-07-17,0154,Terra,MODIS,30,6.2,297,91.7,D,0
-19.6637,132.7705,344.4,2.2,1.5,2014-07-17,0154,Terra,MODIS,85,6.2,299.1,136.1,D,0
-19.6661,132.7919,333.3,2.3,1.5,2014-07-17,0154,Terra,MODIS,67,6.2,298.7,82.5,D,0
-19.6792,132.7903,322.5,2.3,1.5,2014-07-17,0154,Terra,MODIS,30,6.2,297.1,41.5,D,0
-19.6817,132.8118,355.9,2.3,1.5,2014-07-17,0154,Terra,MODIS,98,6.2,300.1,228.1,D,0
-19.6841,132.8333,338,2.3,1.5,2014-07-17,0154,Terra,MODIS,89,6.2,299.1,111.6,D,0
-19.6541,132.7004,336.8,2.2,1.4,2014-07-17,0154,Terra,MODIS,41,6.2,298.8,88.2,D,0
-19.6585,132.7428,333.9,2.2,1.4,2014-07-17,0154,Terra,MODIS,55,6.2,296.2,81,D,0
-19.6608,132.7642,336.5,2.2,1.5,2014-07-17,0154,Terra,MODIS,88,6.2,298.2,98.3,D,0
-19.663,132.7856,325.3,2.3,1.5,2014-07-17,0154,Terra,MODIS,69,6.2,298.5,53.8,D,0
-19.6716,132.7412,318.7,2.2,1.4,2014-07-17,0154,Terra,MODIS,70,6.2,297.6,34.1,D,0
-19.6739,132.7626,317.2,2.2,1.5,2014-07-17,0154,Terra,MODIS,46,6.2,296.9,28.1,D,0
-19.6761,132.784,336,2.3,1.5,2014-07-17,0154,Terra,MODIS,88,6.2,297.6,101.4,D,0
-19.6784,132.8055,344.9,2.3,1.5,2014-07-17,0154,Terra,MODIS,93,6.2,299.3,151.7,D,0
-19.6807,132.827,348.6,2.3,1.5,2014-07-17,0154,Terra,MODIS,95,6.2,299.8,178.3,D,0
-19.6801,132.6972,334.1,2.2,1.4,2014-07-17,0154,Terra,MODIS,59,6.2,299.5,83.3,D,0
-19.6939,132.8255,314.1,2.3,1.5,2014-07-17,0154,Terra,MODIS,66,6.2,297.9,25,D,0
-19.1818,132.8786,320.7,2.3,1.5,2014-07-17,0154,Terra,MODIS,35,6.2,300.3,38,D,0
-19.6733,132.6342,354.4,2.2,1.4,2014-07-17,0154,Terra,MODIS,97,6.2,296.9,199,D,0
-19.6604,132.6358,395.1,2.2,1.4,2014-07-17,0154,Terra,MODIS,100,6.2,305.6,672.9,D,0
-19.6474,132.6373,471.8,2.2,1.4,2014-07-17,0154,Terra,MODIS,100,6.2,323.1,3244,D,0
-19.6345,132.6389,322.8,2.2,1.4,2014-07-17,0154,Terra,MODIS,70,6.2,290.6,47.2,D,0
-19.6624,132.6423,373.3,2.2,1.4,2014-07-17,0154,Terra,MODIS,100,6.2,302.5,375.1,D,0
-19.6494,132.6438,478.8,2.2,1.4,2014-07-17,0154,Terra,MODIS,100,6.2,325.2,3642.1,D,0
-19.6364,132.6453,371,2.2,1.4,2014-07-17,0154,Terra,MODIS,100,6.2,294.2,365.5,D,0
-19.6388,132.6662,410.2,2.2,1.4,2014-07-17,0154,Terra,MODIS,100,6.2,305.3,989.4,D,0
-19.6411,132.6873,388.9,2.2,1.4,2014-07-17,0154,Terra,MODIS,100,6.2,303.1,591.1,D,0
-19.6518,132.6647,383.6,2.2,1.4,2014-07-17,0154,Terra,MODIS,100,6.2,302.5,504.9,D,0
-19.6648,132.6632,366.4,2.2,1.4,2014-07-17,0154,Terra,MODIS,100,6.2,302.5,300.1,D,0
-19.6366,132.6599,393.1,2.2,1.4,2014-07-17,0154,Terra,MODIS,100,6.2,301.4,656,D,0
-19.6388,132.6809,385.8,2.2,1.4,2014-07-17,0154,Terra,MODIS,100,6.2,303.6,536.6,D,0
-19.6496,132.6583,426.3,2.2,1.4,2014-07-17,0154,Terra,MODIS,100,6.2,308.9,1399.1,D,0
-19.6519,132.6793,347.4,2.2,1.4,2014-07-17,0154,Terra,MODIS,93,6.2,300.2,152.5,D,0
-19.6626,132.6567,376.8,2.2,1.4,2014-07-17,0154,Terra,MODIS,100,6.2,304.2,417.1,D,0
-19.6756,132.6552,329.7,2.2,1.4,2014-07-17,0154,Terra,MODIS,45,6.2,297,63.6,D,0
-19.6779,132.6762,328.2,2.2,1.4,2014-07-17,0154,Terra,MODIS,25,6.2,300,58.3,D,0
-19.6909,132.6747,319.5,2.2,1.4,2014-07-17,0154,Terra,MODIS,52,6.2,296.9,34.3,D,0
-19.3725,133.0869,324.8,2.3,1.5,2014-07-17,0154,Terra,MODIS,80,6.2,297.5,59.5,D,0
-19.3749,133.1092,336.1,2.4,1.5,2014-07-17,0154,Terra,MODIS,88,6.2,300.1,111.2,D,0
-19.3883,133.1078,313.7,2.4,1.5,2014-07-17,0154,Terra,MODIS,36,6.2,297.8,22.3,D,0
-19.4514,132.6165,409.7,2.2,1.4,2014-07-17,0154,Terra,MODIS,100,6.2,305.8,963,D,0
-20.2549,127.3131,310.8,1.1,1,2014-07-17,0155,Terra,MODIS,40,6.2,297.2,5.2,D,0
-20.24,127.2742,310.7,1.1,1,2014-07-17,0155,Terra,MODIS,52,6.2,296.8,4.8,D,0
-20.128,119.7908,306.4,1.9,1.3,2014-07-17,0155,Terra,MODIS,41,6.2,285.1,14.3,D,0
-30.6637,152.0945,316.4,4.7,2,2014-07-17,0436,Aqua,MODIS,77,6.2,284.2,157.7,D,0
-32.5825,146.7607,305.7,1.9,1.4,2014-07-17,0436,Aqua,MODIS,62,6.2,286.4,21.4,D,0
-28.9072,149.379,303.4,3.5,1.8,2014-07-17,0437,Aqua,MODIS,56,6.2,291.5,28.2,D,0
-30.6655,152.0863,313.2,4.7,2,2014-07-17,0437,Aqua,MODIS,73,6.2,284,132.5,D,0
-24.7334,147.015,325.5,3,1.7,2014-07-17,0438,Aqua,MODIS,82,6.2,296.8,100.9,D,0
-24.7341,147.0072,318.1,3,1.7,2014-07-17,0438,Aqua,MODIS,57,6.2,296.4,62.6,D,0
-24.784,146.9954,322.1,3,1.7,2014-07-17,0438,Aqua,MODIS,79,6.2,295.6,83.6,D,0
-24.7693,146.9917,349.4,3,1.7,2014-07-17,0438,Aqua,MODIS,95,6.2,296.7,287.4,D,0
-24.7846,146.9875,324.8,3,1.7,2014-07-17,0438,Aqua,MODIS,68,6.2,295.8,93.7,D,0
-24.7637,147.0142,322.6,3,1.7,2014-07-17,0438,Aqua,MODIS,30,6.2,293.8,78.1,D,0
-24.7699,146.9838,341.2,3,1.7,2014-07-17,0438,Aqua,MODIS,91,6.2,296.8,203.6,D,0
-24.8404,147.0152,307.8,3,1.7,2014-07-17,0438,Aqua,MODIS,24,6.2,295,27.8,D,0
-24.727,147.0448,318.3,3.1,1.7,2014-07-17,0438,Aqua,MODIS,64,6.2,295.8,64.9,D,0
-24.728,147.0372,326.1,3.1,1.7,2014-07-17,0438,Aqua,MODIS,82,6.2,296.4,105.8,D,0
-24.7131,147.0338,325.5,3.1,1.7,2014-07-17,0438,Aqua,MODIS,81,6.2,296.5,102.9,D,0
-27.7989,147.4286,308.2,2.8,1.6,2014-07-17,0438,Aqua,MODIS,64,6.2,294.7,24.8,D,0
-19.3368,146.2198,318.8,3.5,1.8,2014-07-17,0440,Aqua,MODIS,71,6.2,295.7,71,D,0
-19.3434,146.1871,313.8,3.5,1.8,2014-07-17,0440,Aqua,MODIS,54,6.2,294,41,D,0
-19.4829,133.3252,321.6,1.3,1.1,2014-07-17,0440,Aqua,MODIS,68,6.2,305.8,13,D,0
-19.4844,133.313,324.6,1.3,1.1,2014-07-17,0440,Aqua,MODIS,75,6.2,305.3,17.7,D,0
-19.4743,133.3116,337.6,1.3,1.1,2014-07-17,0440,Aqua,MODIS,87,6.2,307.6,42.1,D,0
-19.4759,133.2994,340.7,1.3,1.1,2014-07-17,0440,Aqua,MODIS,89,6.2,306.3,49.1,D,0
-19.3396,146.2888,330.4,3.6,1.8,2014-07-17,0440,Aqua,MODIS,83,6.2,293.2,158.2,D,0
-19.3486,146.2984,323.4,3.6,1.8,2014-07-17,0440,Aqua,MODIS,76,6.2,292,108.2,D,0
-19.4309,133.3303,330.3,1.3,1.1,2014-07-17,0440,Aqua,MODIS,51,6.2,305.2,26.6,D,0
-19.4324,133.3181,340.7,1.3,1.1,2014-07-17,0440,Aqua,MODIS,89,6.2,305,49.2,D,0
-19.4322,133.3239,336.9,1.3,1.1,2014-07-17,0440,Aqua,MODIS,87,6.2,306.3,41.4,D,0
-19.4337,133.3118,324.6,1.3,1.1,2014-07-17,0440,Aqua,MODIS,47,6.2,302.8,18.1,D,0
-19.4236,133.3104,329.7,1.3,1.1,2014-07-17,0440,Aqua,MODIS,81,6.2,303.1,27.6,D,0
-19.3897,133.4159,359.4,1.3,1.1,2014-07-17,0440,Aqua,MODIS,99,6.2,308.1,105.2,D,0
-19.3912,133.404,343.7,1.3,1.1,2014-07-17,0440,Aqua,MODIS,91,6.2,305.3,56.5,D,0
-19.3811,133.4026,320.1,1.3,1.1,2014-07-17,0440,Aqua,MODIS,66,6.2,303.6,12.2,D,0
-19.6578,134.1783,333.5,1.2,1.1,2014-07-17,0440,Aqua,MODIS,83,6.2,304.7,30.4,D,0
-19.6592,134.1673,319.9,1.2,1.1,2014-07-17,0440,Aqua,MODIS,65,6.2,303.3,10.6,D,0
-19.622,132.4646,358.4,1.4,1.2,2014-07-17,0440,Aqua,MODIS,99,6.2,301.8,129.3,D,0
-19.2549,132.603,325.5,1.4,1.2,2014-07-17,0440,Aqua,MODIS,55,6.2,299.7,26.2,D,0
-19.2525,132.5835,328.3,1.4,1.2,2014-07-17,0440,Aqua,MODIS,81,6.2,298.3,32.6,D,0
-19.2475,132.5748,321.3,1.4,1.2,2014-07-17,0440,Aqua,MODIS,68,6.2,297.6,21,D,0
-20.2301,131.7754,332.3,1.6,1.3,2014-07-17,0440,Aqua,MODIS,73,6.2,300.7,52.2,D,0
-19.2565,132.5896,323.8,1.4,1.2,2014-07-17,0440,Aqua,MODIS,51,6.2,298.5,23.7,D,0
-19.2459,132.5882,324.8,1.4,1.2,2014-07-17,0440,Aqua,MODIS,70,6.2,298.3,25.6,D,0
-19.6248,132.4705,387.6,1.4,1.2,2014-07-17,0440,Aqua,MODIS,100,6.2,307.2,311.3,D,0
-20.232,131.7596,316.7,1.6,1.3,2014-07-17,0440,Aqua,MODIS,64,6.2,299.6,16.7,D,0
-19.6339,132.4858,331.5,1.4,1.2,2014-07-17,0440,Aqua,MODIS,83,6.2,300.7,41,D,0
-19.6307,132.5133,328,1.4,1.2,2014-07-17,0440,Aqua,MODIS,75,6.2,301.5,26.6,D,0
-19.6291,132.527,325.1,1.4,1.2,2014-07-17,0440,Aqua,MODIS,73,6.2,301.6,19.9,D,0
-19.6415,132.6933,318,1.4,1.2,2014-07-17,0440,Aqua,MODIS,31,6.2,300.8,10.7,D,0
-19.6521,132.6947,331.5,1.4,1.2,2014-07-17,0440,Aqua,MODIS,83,6.2,303.8,32.8,D,0
-19.6178,132.6219,324.2,1.4,1.2,2014-07-17,0440,Aqua,MODIS,74,6.2,300.1,20.8,D,0
-19.6701,132.5466,322.4,1.4,1.2,2014-07-17,0440,Aqua,MODIS,25,6.2,301,17.8,D,0
-19.6848,132.6039,322.4,1.4,1.2,2014-07-17,0440,Aqua,MODIS,31,6.2,302.6,17.6,D,0
-19.1322,132.7807,359.4,1.4,1.2,2014-07-17,0440,Aqua,MODIS,99,6.2,300.9,122.2,D,0
-19.1306,132.7936,376.6,1.4,1.2,2014-07-17,0440,Aqua,MODIS,100,6.2,303.2,203.6,D,0
-19.1426,132.7822,323,1.4,1.2,2014-07-17,0440,Aqua,MODIS,46,6.2,297.2,23.5,D,0
-19.141,132.7951,354.9,1.4,1.2,2014-07-17,0440,Aqua,MODIS,97,6.2,303.1,101.1,D,0
-19.4907,133.0108,341.9,1.3,1.1,2014-07-17,0440,Aqua,MODIS,90,6.2,301.6,57,D,0
-19.4302,132.5374,334,1.4,1.2,2014-07-17,0440,Aqua,MODIS,71,6.2,301.3,43,D,0
-19.4409,132.5388,348.2,1.4,1.2,2014-07-17,0440,Aqua,MODIS,94,6.2,302.1,83.5,D,0
-19.4324,132.6062,328.4,1.4,1.2,2014-07-17,0440,Aqua,MODIS,69,6.2,303.2,29.1,D,0
-19.4364,132.6124,338,1.4,1.2,2014-07-17,0440,Aqua,MODIS,88,6.2,304.1,50.7,D,0
-19.4337,132.5435,350.7,1.4,1.2,2014-07-17,0440,Aqua,MODIS,95,6.2,302.2,92.1,D,0
-19.4444,132.545,331.6,1.4,1.2,2014-07-17,0440,Aqua,MODIS,59,6.2,300.8,35.5,D,0
-19.5116,133.1794,318,1.3,1.1,2014-07-17,0440,Aqua,MODIS,38,6.2,304.7,9.6,D,0
-19.1955,132.5214,373.3,1.4,1.2,2014-07-17,0440,Aqua,MODIS,100,6.2,303.1,205.5,D,0
-19.5972,132.4892,314.5,1.4,1.2,2014-07-17,0440,Aqua,MODIS,38,6.2,295.1,12.7,D,0
-19.6096,132.4769,401.7,1.4,1.2,2014-07-17,0440,Aqua,MODIS,100,6.2,309.3,440.9,D,0
-19.6079,132.4907,430.2,1.4,1.2,2014-07-17,0440,Aqua,MODIS,100,6.2,313.5,821,D,0
-19.6062,132.5044,426.8,1.4,1.2,2014-07-17,0440,Aqua,MODIS,100,6.2,319.7,757.4,D,0
-19.482,132.5913,330,1.4,1.2,2014-07-17,0440,Aqua,MODIS,79,6.2,303.7,33.3,D,0
-19.1291,132.8065,339.5,1.4,1.2,2014-07-17,0440,Aqua,MODIS,43,6.2,300.8,48.1,D,0
-19.1395,132.808,390.3,1.4,1.2,2014-07-17,0440,Aqua,MODIS,100,6.2,308.4,295.6,D,0
-19.4353,132.53,345.8,1.4,1.2,2014-07-17,0440,Aqua,MODIS,93,6.2,300.5,78.5,D,0
-19.4448,133.0621,332,1.3,1.1,2014-07-17,0440,Aqua,MODIS,19,6.2,301.5,32.7,D,0
-19.482,132.9966,333.6,1.3,1.1,2014-07-17,0440,Aqua,MODIS,53,6.2,300.9,34,D,0
-19.4714,132.5898,351.3,1.4,1.2,2014-07-17,0440,Aqua,MODIS,96,6.2,306.2,91.3,D,0
-19.6682,132.7376,323.6,1.4,1.2,2014-07-17,0440,Aqua,MODIS,66,6.2,304.1,20,D,0
-19.1628,132.8764,334.5,1.3,1.1,2014-07-17,0440,Aqua,MODIS,85,6.2,304.3,37.7,D,0
-19.5054,133.2288,324,1.3,1.1,2014-07-17,0440,Aqua,MODIS,74,6.2,305.7,19.2,D,0
-19.126,132.7734,327.1,1.4,1.2,2014-07-17,0440,Aqua,MODIS,79,6.2,297.6,31.3,D,0
-19.1243,132.7863,345.8,1.4,1.2,2014-07-17,0440,Aqua,MODIS,93,6.2,299.9,73.5,D,0
-19.4329,133.0732,335.9,1.3,1.1,2014-07-17,0440,Aqua,MODIS,65,6.2,301.4,41.5,D,0
-19.6798,132.6441,332,1.4,1.2,2014-07-17,0440,Aqua,MODIS,83,6.2,305.2,35,D,0
-19.1939,132.5349,374.2,1.4,1.2,2014-07-17,0440,Aqua,MODIS,100,6.2,303.6,208.9,D,0
-19.2045,132.5363,333.8,1.4,1.2,2014-07-17,0440,Aqua,MODIS,85,6.2,299.5,46.8,D,0
-19.6815,132.6307,323.8,1.4,1.2,2014-07-17,0440,Aqua,MODIS,58,6.2,303.1,18.8,D,0
-19.2029,132.5497,350.7,1.4,1.2,2014-07-17,0440,Aqua,MODIS,95,6.2,301.5,94.7,D,0
-19.6252,132.6502,355.5,1.4,1.2,2014-07-17,0440,Aqua,MODIS,98,6.2,303.4,107.9,D,0
-19.6146,132.6488,340.7,1.4,1.2,2014-07-17,0440,Aqua,MODIS,90,6.2,299.3,59.4,D,0
-19.4416,133.0872,318.1,1.3,1.1,2014-07-17,0440,Aqua,MODIS,54,6.2,300.7,13.3,D,0
-19.2135,132.5511,342.6,1.4,1.2,2014-07-17,0440,Aqua,MODIS,91,6.2,299,67.5,D,0
-19.2118,132.5645,338.7,1.4,1.2,2014-07-17,0440,Aqua,MODIS,89,6.2,300.4,56.3,D,0
-19.2208,132.5793,319.8,1.4,1.2,2014-07-17,0440,Aqua,MODIS,38,6.2,299.2,17.3,D,0
-19.51,133.1918,321.1,1.3,1.1,2014-07-17,0440,Aqua,MODIS,54,6.2,305.5,13.8,D,0
-19.6045,132.5181,436.5,1.4,1.2,2014-07-17,0440,Aqua,MODIS,100,6.2,323.2,917.3,D,0
-19.6028,132.5317,351.6,1.4,1.2,2014-07-17,0440,Aqua,MODIS,96,6.2,306.5,92.2,D,0
-19.6011,132.5453,319.2,1.4,1.2,2014-07-17,0440,Aqua,MODIS,23,6.2,301.9,10.3,D,0
-19.5085,133.2042,327,1.3,1.1,2014-07-17,0440,Aqua,MODIS,78,6.2,304.9,22.7,D,0
-19.5069,133.2165,329.9,1.3,1.1,2014-07-17,0440,Aqua,MODIS,81,6.2,306.7,28.8,D,0
-19.4771,132.6315,330,1.4,1.2,2014-07-17,0440,Aqua,MODIS,82,6.2,304.1,31.7,D,0
-19.3931,132.7493,324.2,1.4,1.2,2014-07-17,0440,Aqua,MODIS,76,6.2,300.8,24.1,D,0
-19.464,132.5614,339.5,1.4,1.2,2014-07-17,0440,Aqua,MODIS,89,6.2,302.3,56.8,D,0
-19.1315,132.8135,322,1.4,1.2,2014-07-17,0440,Aqua,MODIS,73,6.2,300.8,19.4,D,0
-19.3857,133.1176,318.5,1.3,1.1,2014-07-17,0440,Aqua,MODIS,66,6.2,303.1,12.7,D,0
-19.3947,132.7361,321.9,1.4,1.2,2014-07-17,0440,Aqua,MODIS,46,6.2,301.2,17.6,D,0
-19.3964,132.723,325.6,1.4,1.2,2014-07-17,0440,Aqua,MODIS,26,6.2,302.1,22.7,D,0
-19.3826,132.7478,330.8,1.4,1.2,2014-07-17,0440,Aqua,MODIS,82,6.2,299.8,34.5,D,0
-19.4559,132.9736,329.7,1.3,1.1,2014-07-17,0440,Aqua,MODIS,47,6.2,300.2,28,D,0
-19.3873,133.1051,328.8,1.3,1.1,2014-07-17,0440,Aqua,MODIS,80,6.2,304,29.6,D,0
-19.3888,133.0926,316.3,1.3,1.1,2014-07-17,0440,Aqua,MODIS,29,6.2,301.3,9.9,D,0
-19.1379,132.8208,334.3,1.4,1.2,2014-07-17,0440,Aqua,MODIS,27,6.2,301.6,36.3,D,0
-19.1483,132.8223,323.7,1.4,1.2,2014-07-17,0440,Aqua,MODIS,50,6.2,302.4,20.1,D,0
-19.1467,132.8351,344,1.4,1.2,2014-07-17,0440,Aqua,MODIS,92,6.2,302.9,63.6,D,0
-19.3843,132.7347,338.7,1.4,1.2,2014-07-17,0440,Aqua,MODIS,87,6.2,301.8,51.1,D,0
-19.3875,132.7084,322.7,1.4,1.2,2014-07-17,0440,Aqua,MODIS,67,6.2,303.2,20.1,D,0
-19.3891,132.6951,323.8,1.4,1.2,2014-07-17,0440,Aqua,MODIS,76,6.2,301.4,22.8,D,0
-19.1571,132.8366,325,1.4,1.2,2014-07-17,0440,Aqua,MODIS,36,6.2,302.6,20.3,D,0
-19.4575,132.9608,331.6,1.3,1.1,2014-07-17,0440,Aqua,MODIS,71,6.2,297.4,34.3,D,0
-19.4345,133.0607,340.9,1.3,1.1,2014-07-17,0440,Aqua,MODIS,81,6.2,301.1,53.3,D,0
-19.6236,132.6637,347.4,1.4,1.2,2014-07-17,0440,Aqua,MODIS,93,6.2,300.8,79.3,D,0
-19.473,132.5763,329.1,1.4,1.2,2014-07-17,0440,Aqua,MODIS,73,6.2,302.3,31.1,D,0
-19.3561,133.0443,321.3,1.3,1.1,2014-07-17,0440,Aqua,MODIS,72,6.2,298.1,20.3,D,0
-19.6203,132.4784,427.3,1.4,1.2,2014-07-17,0440,Aqua,MODIS,100,6.2,321.1,776.8,D,0
-19.6186,132.4921,364.2,1.4,1.2,2014-07-17,0440,Aqua,MODIS,100,6.2,308.8,149.8,D,0
-19.6169,132.5058,381.2,1.4,1.2,2014-07-17,0440,Aqua,MODIS,100,6.2,307.2,252.3,D,0
-19.6152,132.5195,383,1.4,1.2,2014-07-17,0440,Aqua,MODIS,100,6.2,308.9,259.9,D,0
-19.4083,133.0188,330.8,1.3,1.1,2014-07-17,0440,Aqua,MODIS,80,6.2,296.9,36.2,D,0
-19.3419,132.991,315.1,1.3,1.1,2014-07-17,0440,Aqua,MODIS,58,6.2,295.2,15.8,D,0
-19.6342,132.6651,374.5,1.4,1.2,2014-07-17,0440,Aqua,MODIS,100,6.2,307.1,201.1,D,0
-19.1556,132.8494,330.7,1.4,1.2,2014-07-17,0440,Aqua,MODIS,83,6.2,301.8,31,D,0
-19.154,132.8622,351.2,1.3,1.2,2014-07-17,0440,Aqua,MODIS,96,6.2,304.9,83.9,D,0
-19.6326,132.6785,411.2,1.4,1.2,2014-07-17,0440,Aqua,MODIS,100,6.2,309.7,523.4,D,0
-19.6431,132.6799,342.8,1.4,1.2,2014-07-17,0440,Aqua,MODIS,91,6.2,304.4,63.1,D,0
-19.4535,133.0761,325.3,1.3,1.1,2014-07-17,0440,Aqua,MODIS,38,6.2,302.2,22.4,D,0
-19.4519,133.0887,317.1,1.3,1.1,2014-07-17,0440,Aqua,MODIS,63,6.2,301.7,12.4,D,0
-19.692,132.6796,319,1.4,1.2,2014-07-17,0440,Aqua,MODIS,14,6.2,304.1,13.3,D,0
-19.1644,132.8637,350.2,1.3,1.2,2014-07-17,0440,Aqua,MODIS,95,6.2,305.6,78.5,D,0
-19.6123,132.6293,358.2,1.4,1.2,2014-07-17,0440,Aqua,MODIS,99,6.2,302.5,120.4,D,0
-19.6056,132.6339,346,1.4,1.2,2014-07-17,0440,Aqua,MODIS,93,6.2,298.8,75.1,D,0
-19.1867,132.8538,325.8,1.4,1.2,2014-07-17,0440,Aqua,MODIS,56,6.2,301.8,23.4,D,0
-19.4651,133.1351,321.4,1.3,1.1,2014-07-17,0440,Aqua,MODIS,71,6.2,301.5,18.4,D,0
-19.6162,132.6354,344.6,1.4,1.2,2014-07-17,0440,Aqua,MODIS,92,6.2,301,71.1,D,0
-19.6034,132.6144,333,1.4,1.2,2014-07-17,0440,Aqua,MODIS,71,6.2,298.5,39.4,D,0
-19.5591,132.9684,324.5,1.3,1.1,2014-07-17,0440,Aqua,MODIS,64,6.2,303.8,19.4,D,0
-19.5888,132.5575,338.3,1.4,1.2,2014-07-17,0440,Aqua,MODIS,88,6.2,302.1,53.4,D,0
-19.5905,132.5439,326.5,1.4,1.2,2014-07-17,0440,Aqua,MODIS,58,6.2,303.3,24.2,D,0
-19.5922,132.5303,416.5,1.4,1.2,2014-07-17,0440,Aqua,MODIS,100,6.2,315.9,605.2,D,0
-19.5938,132.5166,404.8,1.4,1.2,2014-07-17,0440,Aqua,MODIS,100,6.2,312.7,465.7,D,0
-19.1348,132.7877,357.1,1.4,1.2,2014-07-17,0440,Aqua,MODIS,98,6.2,302.8,111.4,D,0
-19.631,132.4799,332.4,1.4,1.2,2014-07-17,0440,Aqua,MODIS,78,6.2,300.9,41.6,D,0
-19.5955,132.5029,334.7,1.4,1.2,2014-07-17,0440,Aqua,MODIS,85,6.2,298.2,48.2,D,0
-19.7848,133.1845,318.7,1.3,1.1,2014-07-17,0440,Aqua,MODIS,65,6.2,305.4,10.9,D,0
-19.5029,133.1656,319.5,1.3,1.1,2014-07-17,0440,Aqua,MODIS,55,6.2,302.7,11.7,D,0
-19.5782,132.556,334.3,1.4,1.2,2014-07-17,0440,Aqua,MODIS,85,6.2,298.6,46,D,0
-19.1331,132.8006,363.5,1.4,1.2,2014-07-17,0440,Aqua,MODIS,100,6.2,305.3,137.4,D,0
-19.5798,132.5424,405.8,1.4,1.2,2014-07-17,0440,Aqua,MODIS,100,6.2,310.9,476.2,D,0
-19.6293,132.4936,324.2,1.4,1.2,2014-07-17,0440,Aqua,MODIS,41,6.2,301.9,19.9,D,0
-19.5815,132.5288,445.9,1.4,1.2,2014-07-17,0440,Aqua,MODIS,100,6.2,326.9,1106.5,D,0
-19.5831,132.5151,348.9,1.4,1.2,2014-07-17,0440,Aqua,MODIS,94,6.2,300,89.9,D,0
-19.5692,132.541,326.3,1.4,1.2,2014-07-17,0440,Aqua,MODIS,78,6.2,299,31.5,D,0
-19.6276,132.5073,328.4,1.4,1.2,2014-07-17,0440,Aqua,MODIS,80,6.2,301.4,23.7,D,0
-19.6259,132.521,333.3,1.4,1.2,2014-07-17,0440,Aqua,MODIS,82,6.2,301.9,33.7,D,0
-19.5708,132.5273,328.4,1.4,1.2,2014-07-17,0440,Aqua,MODIS,80,6.2,298.1,36.5,D,0
-19.6232,132.4843,371.7,1.4,1.2,2014-07-17,0440,Aqua,MODIS,100,6.2,310.2,196.2,D,0
-19.6216,132.4981,331.2,1.4,1.2,2014-07-17,0440,Aqua,MODIS,74,6.2,302.9,33.8,D,0
-19.62,132.5118,376.1,1.4,1.2,2014-07-17,0440,Aqua,MODIS,100,6.2,306.7,214.2,D,0
-19.4892,133.0235,323.3,1.3,1.1,2014-07-17,0440,Aqua,MODIS,55,6.2,300.7,19.5,D,0
-19.6184,132.5255,351.4,1.4,1.2,2014-07-17,0440,Aqua,MODIS,96,6.2,305.4,89.6,D,0
-19.6072,132.6205,340.2,1.4,1.2,2014-07-17,0440,Aqua,MODIS,89,6.2,299,57.2,D,0
-19.5014,133.178,317.4,1.3,1.1,2014-07-17,0440,Aqua,MODIS,29,6.2,302.9,8.9,D,0
-19.1939,132.8808,329.6,1.3,1.1,2014-07-17,0440,Aqua,MODIS,69,6.2,302.1,29.6,D,0
-18.6993,132.6194,367.1,1.4,1.2,2014-07-17,0441,Aqua,MODIS,100,6.2,309.4,153,D,0
-18.8132,132.6601,354.3,1.4,1.2,2014-07-17,0441,Aqua,MODIS,97,6.2,306.8,97.8,D,0
-18.8148,132.6472,342.2,1.4,1.2,2014-07-17,0441,Aqua,MODIS,90,6.2,303.4,58.5,D,0
-18.8027,132.6587,454.1,1.4,1.2,2014-07-17,0441,Aqua,MODIS,100,6.2,322.7,1203,D,0
-18.8043,132.6457,439.7,1.4,1.2,2014-07-17,0441,Aqua,MODIS,100,6.2,324,922.1,D,0
-18.9196,132.7068,347.2,1.4,1.2,2014-07-17,0441,Aqua,MODIS,93,6.2,306.3,73.9,D,0
-18.6816,132.5904,367.7,1.4,1.2,2014-07-17,0441,Aqua,MODIS,100,6.2,307.3,159.3,D,0
-18.68,132.6035,403,1.4,1.2,2014-07-17,0441,Aqua,MODIS,100,6.2,312.2,419.5,D,0
-18.6784,132.6165,364.3,1.4,1.2,2014-07-17,0441,Aqua,MODIS,100,6.2,307.9,141.2,D,0
-18.6905,132.6049,356.4,1.4,1.2,2014-07-17,0441,Aqua,MODIS,98,6.2,305.9,106.1,D,0
-18.6888,132.618,444.7,1.4,1.2,2014-07-17,0441,Aqua,MODIS,100,6.2,320,1013.6,D,0
-18.6872,132.631,365.8,1.4,1.2,2014-07-17,0441,Aqua,MODIS,100,6.2,306.5,147.4,D,0
-18.6976,132.6324,354.2,1.4,1.2,2014-07-17,0441,Aqua,MODIS,97,6.2,307,97.1,D,0
-18.6953,132.6109,332.7,1.4,1.2,2014-07-17,0441,Aqua,MODIS,83,6.2,304.3,34.3,D,0
-18.6938,132.6239,416.8,1.4,1.2,2014-07-17,0441,Aqua,MODIS,100,6.2,314.4,573.7,D,0
-18.6922,132.6369,321.9,1.4,1.2,2014-07-17,0441,Aqua,MODIS,57,6.2,305,14.6,D,0
-18.7027,132.6384,342.9,1.4,1.2,2014-07-17,0441,Aqua,MODIS,91,6.2,305.5,59.4,D,0
-18.9212,132.6938,344.1,1.4,1.2,2014-07-17,0441,Aqua,MODIS,92,6.2,305.8,64.5,D,0
-18.9092,132.7053,342.7,1.4,1.2,2014-07-17,0441,Aqua,MODIS,91,6.2,305.8,60.8,D,0
-18.9108,132.6923,319.2,1.4,1.2,2014-07-17,0441,Aqua,MODIS,63,6.2,304.6,11.3,D,0
-18.8987,132.7038,321.8,1.4,1.2,2014-07-17,0441,Aqua,MODIS,71,6.2,304.6,15.4,D,0
-18.8414,132.517,325,1.4,1.2,2014-07-17,0441,Aqua,MODIS,75,6.2,303.8,22.6,D,0
-18.843,132.5037,320.1,1.4,1.2,2014-07-17,0441,Aqua,MODIS,68,6.2,303.8,14.1,D,0
-18.7413,132.4965,321.1,1.4,1.2,2014-07-17,0441,Aqua,MODIS,69,6.2,304.5,16.1,D,0
-18.7429,132.4831,319.2,1.4,1.2,2014-07-17,0441,Aqua,MODIS,65,6.2,304.5,13.2,D,0
-18.7064,132.5187,318.1,1.4,1.2,2014-07-17,0441,Aqua,MODIS,62,6.2,304.2,11.7,D,0
-18.708,132.5054,316.6,1.4,1.2,2014-07-17,0441,Aqua,MODIS,57,6.2,303.6,9.4,D,0
-18.7126,132.5143,322.2,1.4,1.2,2014-07-17,0441,Aqua,MODIS,71,6.2,304,18.2,D,0
-18.798,132.6976,346.8,1.4,1.2,2014-07-17,0441,Aqua,MODIS,93,6.2,306.9,72.4,D,0
-18.7042,132.6253,402.6,1.4,1.2,2014-07-17,0441,Aqua,MODIS,100,6.2,312.8,412.5,D,0
-18.8659,132.7124,348.3,1.4,1.2,2014-07-17,0441,Aqua,MODIS,94,6.2,305.8,77.9,D,0
-18.8643,132.7253,331.5,1.4,1.2,2014-07-17,0441,Aqua,MODIS,83,6.2,304.8,33.4,D,0
-18.7996,132.6846,361.2,1.4,1.2,2014-07-17,0441,Aqua,MODIS,100,6.2,307.6,126.2,D,0
-18.8012,132.6717,359.8,1.4,1.2,2014-07-17,0441,Aqua,MODIS,99,6.2,303.1,119.8,D,0
-18.7876,132.6961,325.5,1.4,1.2,2014-07-17,0441,Aqua,MODIS,76,6.2,304.8,20.4,D,0
-18.7891,132.6832,386.3,1.4,1.2,2014-07-17,0441,Aqua,MODIS,100,6.2,309.4,269.5,D,0
-18.7907,132.6702,401.3,1.4,1.2,2014-07-17,0441,Aqua,MODIS,100,6.2,314.6,397.1,D,0
-18.7831,132.6757,319.1,1.4,1.2,2014-07-17,0441,Aqua,MODIS,64,6.2,302.9,11.1,D,0
-18.7847,132.6627,359.3,1.4,1.2,2014-07-17,0441,Aqua,MODIS,99,6.2,305.8,118.5,D,0
-18.7147,132.6268,385.8,1.4,1.2,2014-07-17,0441,Aqua,MODIS,100,6.2,309.9,267.2,D,0
-18.7131,132.6398,378.1,1.4,1.2,2014-07-17,0441,Aqua,MODIS,100,6.2,308.7,214,D,0
-18.7252,132.6282,409.2,1.4,1.2,2014-07-17,0441,Aqua,MODIS,100,6.2,312.7,482.4,D,0
-18.7236,132.6412,438.4,1.4,1.2,2014-07-17,0441,Aqua,MODIS,100,6.2,319.9,895.2,D,0
-18.7356,132.6296,420.2,1.4,1.2,2014-07-17,0441,Aqua,MODIS,100,6.2,316.2,616.5,D,0
-18.734,132.6426,451.5,1.4,1.2,2014-07-17,0441,Aqua,MODIS,100,6.2,325.7,1147.4,D,0
-18.7461,132.6311,359.9,1.4,1.2,2014-07-17,0441,Aqua,MODIS,99,6.2,305.9,120.1,D,0
-18.7445,132.644,435.7,1.4,1.2,2014-07-17,0441,Aqua,MODIS,100,6.2,316.2,850.3,D,0
-18.788,132.6368,339.9,1.4,1.2,2014-07-17,0441,Aqua,MODIS,89,6.2,302,53.7,D,0
-18.7864,132.6498,381.7,1.4,1.2,2014-07-17,0441,Aqua,MODIS,100,6.2,308.3,239,D,0
-18.7834,132.6429,327.3,1.4,1.2,2014-07-17,0441,Aqua,MODIS,75,6.2,299.3,25.2,D,0
-18.7818,132.6559,342.4,1.4,1.2,2014-07-17,0441,Aqua,MODIS,90,6.2,300.7,58.1,D,0
-18.7954,132.6313,324,1.4,1.2,2014-07-17,0441,Aqua,MODIS,74,6.2,300.2,21.4,D,0
-18.7938,132.6443,424.1,1.4,1.2,2014-07-17,0441,Aqua,MODIS,100,6.2,318.4,674.4,D,0
-18.7923,132.6573,398.4,1.4,1.2,2014-07-17,0441,Aqua,MODIS,100,6.2,311.8,369.5,D,0
-18.8059,132.6327,327.2,1.4,1.2,2014-07-17,0441,Aqua,MODIS,78,6.2,301.6,24.9,D,0
-18.859,132.7191,375.4,1.4,1.2,2014-07-17,0441,Aqua,MODIS,100,6.2,307.9,198,D,0
-18.8606,132.7061,338.9,1.4,1.2,2014-07-17,0441,Aqua,MODIS,88,6.2,304.7,50.6,D,0
-18.8485,132.7176,321.2,1.4,1.2,2014-07-17,0441,Aqua,MODIS,66,6.2,302.1,15.1,D,0
-17.7497,138.731,317.5,1.2,1.1,2014-07-17,0441,Aqua,MODIS,54,6.2,306.6,7.2,D,0
-17.7894,138.7558,320,1.2,1.1,2014-07-17,0441,Aqua,MODIS,41,6.2,308,7.5,D,0
-16.3146,135.8,354.8,1,1,2014-07-17,0441,Aqua,MODIS,97,6.2,308.3,59.9,D,0
-16.29,135.8437,366.9,1,1,2014-07-17,0441,Aqua,MODIS,100,6.2,309.4,93.1,D,0
-16.2117,136.4509,333.7,1,1,2014-07-17,0441,Aqua,MODIS,83,6.2,306.3,20.8,D,0
-15.2492,143.5802,333,2.7,1.6,2014-07-17,0441,Aqua,MODIS,86,6.2,293.5,114.7,D,0
-16.3043,135.8079,325.8,1,1,2014-07-17,0441,Aqua,MODIS,58,6.2,306.6,12,D,0
-16.298,135.7879,328.7,1,1,2014-07-17,0441,Aqua,MODIS,71,6.2,306.2,15.6,D,0
-16.304,135.8744,365.4,1,1,2014-07-17,0441,Aqua,MODIS,100,6.2,308.1,87.5,D,0
-16.2054,136.4308,381,1,1,2014-07-17,0441,Aqua,MODIS,100,6.2,311,148.9,D,0
-16.2311,136.4444,330.1,1,1,2014-07-17,0441,Aqua,MODIS,79,6.2,307.6,16.4,D,0
-15.1059,143.1132,317.8,2.5,1.5,2014-07-17,0441,Aqua,MODIS,51,6.2,297,34.7,D,0
-16.1964,136.4294,339.1,1,1,2014-07-17,0441,Aqua,MODIS,88,6.2,304,32.5,D,0
-16.2868,136.5078,341.2,1,1,2014-07-17,0441,Aqua,MODIS,89,6.2,307.6,32.4,D,0
-16.3056,135.7986,333,1,1,2014-07-17,0441,Aqua,MODIS,83,6.2,307.9,21,D,0
-16.204,136.4402,367.7,1,1,2014-07-17,0441,Aqua,MODIS,100,6.2,306.4,98.2,D,0
-16.3133,135.8093,327.9,1,1,2014-07-17,0441,Aqua,MODIS,67,6.2,307.6,13.5,D,0
-16.3219,135.8772,328.2,1,1,2014-07-17,0441,Aqua,MODIS,40,6.2,308.4,13.3,D,0
-16.245,136.4754,323.7,1,1,2014-07-17,0441,Aqua,MODIS,40,6.2,307.1,7.9,D,0
-15.578,135.9972,332.6,1,1,2014-07-17,0441,Aqua,MODIS,81,6.2,308.6,22,D,0
-16.4296,144.3369,318.4,3,1.6,2014-07-17,0441,Aqua,MODIS,33,6.2,300.5,48.9,D,0
-16.3053,135.8651,338.8,1,1,2014-07-17,0441,Aqua,MODIS,83,6.2,307.3,26,D,0
-16.4356,144.3182,316,2.9,1.6,2014-07-17,0441,Aqua,MODIS,59,6.2,300.5,35.2,D,0
-15.0452,141.6823,317.3,2,1.4,2014-07-17,0441,Aqua,MODIS,48,6.2,300,16.3,D,0
-16.3069,135.7893,331.5,1,1,2014-07-17,0441,Aqua,MODIS,77,6.2,306.8,18,D,0
-16.2887,135.853,369.5,1,1,2014-07-17,0441,Aqua,MODIS,100,6.2,308.6,101.2,D,0
-16.2823,135.833,325.7,1,1,2014-07-17,0441,Aqua,MODIS,70,6.2,302.8,12.8,D,0
-16.2131,136.4416,336.5,1,1,2014-07-17,0441,Aqua,MODIS,86,6.2,306.2,25.6,D,0
-15.5766,136.0064,327.2,1,1,2014-07-17,0441,Aqua,MODIS,75,6.2,308.8,15.1,D,0
-15.2531,143.5883,316.6,2.7,1.6,2014-07-17,0441,Aqua,MODIS,52,6.2,293.2,36.5,D,0
-16.2977,135.8544,332.3,1,1,2014-07-17,0441,Aqua,MODIS,82,6.2,305.8,17.5,D,0
-16.281,135.8423,338.5,1,1,2014-07-17,0441,Aqua,MODIS,87,6.2,303.3,28.9,D,0
-18.237,130.4357,332.2,1.9,1.4,2014-07-17,0441,Aqua,MODIS,83,6.2,303.3,59.7,D,0
-18.2392,130.4175,361.6,1.9,1.4,2014-07-17,0441,Aqua,MODIS,100,6.2,306.7,215.1,D,0
-18.2543,130.4242,323.1,1.9,1.4,2014-07-17,0441,Aqua,MODIS,73,6.2,303.1,32.8,D,0
-18.2421,130.4227,373.1,1.9,1.4,2014-07-17,0441,Aqua,MODIS,100,6.2,306.5,310.1,D,0
-18.2441,130.4045,326,1.9,1.4,2014-07-17,0441,Aqua,MODIS,76,6.2,301.5,39.9,D,0
-14.7442,130.17,347.9,1.8,1.3,2014-07-17,0442,Aqua,MODIS,93,6.2,304.2,104.2,D,0
-14.7581,130.1546,328.2,1.8,1.3,2014-07-17,0442,Aqua,MODIS,62,6.2,302.2,31.8,D,0
-14.7719,130.1397,332.2,1.8,1.3,2014-07-17,0442,Aqua,MODIS,56,6.2,303.1,45.7,D,0
-14.77,130.1559,328.6,1.8,1.3,2014-07-17,0442,Aqua,MODIS,45,6.2,304.5,30.9,D,0
-14.6853,130.2624,335.4,1.8,1.3,2014-07-17,0442,Aqua,MODIS,70,6.2,304.8,53.8,D,0
-14.6876,130.2728,329.7,1.8,1.3,2014-07-17,0442,Aqua,MODIS,34,6.2,304.3,35.1,D,0
-14.6682,130.2373,336,1.8,1.3,2014-07-17,0442,Aqua,MODIS,37,6.2,304.1,50.5,D,0
-14.6289,130.2663,350,1.8,1.3,2014-07-17,0442,Aqua,MODIS,90,6.2,304.1,109.4,D,0
-14.6308,130.2501,346.1,1.8,1.3,2014-07-17,0442,Aqua,MODIS,77,6.2,302.8,96.5,D,0
-14.7839,130.1406,335.1,1.8,1.3,2014-07-17,0442,Aqua,MODIS,77,6.2,304.4,55.9,D,0
-14.7818,130.1573,330.8,1.8,1.3,2014-07-17,0442,Aqua,MODIS,76,6.2,303.3,38.6,D,0
-14.5967,130.2738,341.8,1.8,1.3,2014-07-17,0442,Aqua,MODIS,87,6.2,301.9,81.1,D,0
-14.6485,130.3005,340.5,1.8,1.3,2014-07-17,0442,Aqua,MODIS,80,6.2,305.3,67.2,D,0
-15.5469,128.2005,324.5,2.6,1.6,2014-07-17,0442,Aqua,MODIS,74,6.2,305.4,41.9,D,0
-15.5991,129.4328,321.2,2.1,1.4,2014-07-17,0442,Aqua,MODIS,62,6.2,305,24.4,D,0
-15.5989,129.4374,322.3,2.1,1.4,2014-07-17,0442,Aqua,MODIS,67,6.2,304.9,27.4,D,0
-14.5918,130.2785,337.2,1.8,1.3,2014-07-17,0442,Aqua,MODIS,58,6.2,301.6,60.2,D,0
-14.5829,130.2887,400.4,1.8,1.3,2014-07-17,0442,Aqua,MODIS,100,6.2,310.3,553.6,D,0
-14.581,130.3042,350.7,1.7,1.3,2014-07-17,0442,Aqua,MODIS,95,6.2,304.3,114,D,0
-14.5946,130.2901,340.7,1.8,1.3,2014-07-17,0442,Aqua,MODIS,76,6.2,303,67.5,D,0
-14.5899,130.2946,372.1,1.8,1.3,2014-07-17,0442,Aqua,MODIS,100,6.2,308,241.5,D,0
-14.5881,130.3098,330.9,1.7,1.3,2014-07-17,0442,Aqua,MODIS,57,6.2,304.6,25,D,0
-14.6054,130.2634,331.6,1.8,1.3,2014-07-17,0442,Aqua,MODIS,29,6.2,302,44.5,D,0
-14.6035,130.28,346.2,1.8,1.3,2014-07-17,0442,Aqua,MODIS,79,6.2,303.4,91.1,D,0
-14.7817,130.2134,330.7,1.8,1.3,2014-07-17,0442,Aqua,MODIS,57,6.2,305.7,39.8,D,0
-14.7735,130.2244,330.8,1.8,1.3,2014-07-17,0442,Aqua,MODIS,63,6.2,303.4,40.1,D,0
-14.6701,130.2215,350.7,1.8,1.3,2014-07-17,0442,Aqua,MODIS,95,6.2,304.6,113.8,D,0
-14.7423,130.1861,345.3,1.8,1.3,2014-07-17,0442,Aqua,MODIS,92,6.2,303.8,89.6,D,0
-12.7031,133.7557,317,1.1,1,2014-07-17,0442,Aqua,MODIS,64,6.2,294,8.2,D,0
-12.6838,131.4579,318.5,1.4,1.2,2014-07-17,0442,Aqua,MODIS,53,6.2,293,14.2,D,0
-14.3845,131.8435,321.9,1.4,1.2,2014-07-17,0442,Aqua,MODIS,52,6.2,305.4,9.5,D,0
-14.3861,131.831,338.1,1.4,1.2,2014-07-17,0442,Aqua,MODIS,87,6.2,308.9,42.6,D,0
-12.7648,133.7842,323.4,1,1,2014-07-17,0442,Aqua,MODIS,40,6.2,302,12.3,D,0
-12.7634,133.7938,321.4,1,1,2014-07-17,0442,Aqua,MODIS,47,6.2,298.8,10.4,D,0
-13.0308,131.1575,344.7,1.4,1.2,2014-07-17,0442,Aqua,MODIS,91,6.2,308,62.5,D,0
-12.6958,131.4468,327.8,1.4,1.2,2014-07-17,0442,Aqua,MODIS,76,6.2,294.6,27.3,D,0
-12.7044,133.7461,321.9,1.1,1,2014-07-17,0442,Aqua,MODIS,73,6.2,292.8,13.3,D,0
-14.6632,132.4343,324.5,1.3,1.1,2014-07-17,0442,Aqua,MODIS,69,6.2,307.1,15.6,D,0
-14.6648,132.4226,323.1,1.3,1.1,2014-07-17,0442,Aqua,MODIS,66,6.2,306.2,13.5,D,0
-12.3338,132.632,343.8,1.2,1.1,2014-07-17,0442,Aqua,MODIS,91,6.2,305.9,44.9,D,0
-12.2077,132.673,342.4,1.1,1.1,2014-07-17,0442,Aqua,MODIS,91,6.2,306.1,44.8,D,0
-12.2063,132.6834,326,1.1,1.1,2014-07-17,0442,Aqua,MODIS,69,6.2,304.7,16.2,D,0
-11.9838,132.7919,319,1.1,1.1,2014-07-17,0442,Aqua,MODIS,61,6.2,302.7,8,D,0
-11.9852,132.7816,339.7,1.1,1.1,2014-07-17,0442,Aqua,MODIS,89,6.2,305.7,39.1,D,0
-15.7436,129.4224,321.7,2.1,1.4,2014-07-17,0442,Aqua,MODIS,53,6.2,305.6,24.8,D,0
-15.7459,129.4025,321.2,2.1,1.4,2014-07-17,0442,Aqua,MODIS,51,6.2,306.1,23.2,D,0
-15.7155,129.4317,321.1,2.1,1.4,2014-07-17,0442,Aqua,MODIS,40,6.2,305.2,21.3,D,0
-12.6941,131.4593,326.2,1.4,1.2,2014-07-17,0442,Aqua,MODIS,74,6.2,294.5,25.1,D,0
-12.4626,131.2168,320.1,1.4,1.2,2014-07-17,0442,Aqua,MODIS,65,6.2,303.8,15.8,D,0
-12.4074,141.8648,312.6,2.3,1.5,2014-07-17,0442,Aqua,MODIS,45,6.2,296.4,19.6,D,0
-11.9725,132.8739,328.6,1.1,1.1,2014-07-17,0442,Aqua,MODIS,80,6.2,304.5,19.3,D,0
-11.988,132.799,318.7,1.1,1.1,2014-07-17,0442,Aqua,MODIS,50,6.2,300,8.1,D,0
-12.2746,132.7093,324.8,1.1,1.1,2014-07-17,0442,Aqua,MODIS,58,6.2,302.4,15.2,D,0
-12.272,132.7033,324.1,1.1,1.1,2014-07-17,0442,Aqua,MODIS,65,6.2,303.6,13.5,D,0
-14.1133,131.3949,321.8,1.4,1.2,2014-07-17,0442,Aqua,MODIS,64,6.2,307.5,15.4,D,0
-13.2691,130.7458,328.9,1.6,1.2,2014-07-17,0442,Aqua,MODIS,58,6.2,305.8,28.3,D,0
-12.2953,132.6266,354.2,1.2,1.1,2014-07-17,0442,Aqua,MODIS,97,6.2,306,74.7,D,0
-13.2895,130.7629,328.1,1.6,1.2,2014-07-17,0442,Aqua,MODIS,56,6.2,306.3,26.7,D,0
-13.3023,130.7501,327.5,1.6,1.2,2014-07-17,0442,Aqua,MODIS,59,6.2,305.8,24.7,D,0
-12.342,132.644,331.3,1.2,1.1,2014-07-17,0442,Aqua,MODIS,82,6.2,304.1,23.3,D,0
-12.3406,132.6545,324.5,1.2,1.1,2014-07-17,0442,Aqua,MODIS,75,6.2,303.8,14.7,D,0
-13.3005,130.7644,331.1,1.6,1.2,2014-07-17,0442,Aqua,MODIS,75,6.2,305.2,33.6,D,0
-13.0251,131.1487,336,1.4,1.2,2014-07-17,0442,Aqua,MODIS,83,6.2,306.1,38.9,D,0
-13.0358,131.1501,358,1.4,1.2,2014-07-17,0442,Aqua,MODIS,99,6.2,308.3,112.2,D,0
-13.8597,133.8388,321.2,1.1,1,2014-07-17,0442,Aqua,MODIS,51,6.2,306,7.3,D,0
-12.3324,132.6426,343.3,1.2,1.1,2014-07-17,0442,Aqua,MODIS,91,6.2,305.3,45.2,D,0
-11.963,132.8725,337.2,1.1,1.1,2014-07-17,0442,Aqua,MODIS,87,6.2,306.2,32.7,D,0
-11.9907,132.7784,349.4,1.1,1.1,2014-07-17,0442,Aqua,MODIS,95,6.2,307.2,59.7,D,0
-11.9644,132.8623,357.6,1.1,1.1,2014-07-17,0442,Aqua,MODIS,98,6.2,305.5,81.8,D,0
-11.9867,132.7713,341,1.1,1.1,2014-07-17,0442,Aqua,MODIS,90,6.2,306.1,41.7,D,0
-12.2633,132.5515,334.8,1.2,1.1,2014-07-17,0442,Aqua,MODIS,85,6.2,304.6,32.2,D,0
-12.0101,135.6044,323.6,1,1,2014-07-17,0442,Aqua,MODIS,78,6.2,299.3,13.4,D,0
-12.2301,132.5794,321.8,1.2,1.1,2014-07-17,0442,Aqua,MODIS,68,6.2,303,11.1,D,0
-12.2968,132.616,350.5,1.2,1.1,2014-07-17,0442,Aqua,MODIS,95,6.2,305.4,63.9,D,0
-13.6995,133.9978,322.8,1,1,2014-07-17,0442,Aqua,MODIS,58,6.2,305.7,8.1,D,0
-13.3596,131.8122,320.6,1.3,1.1,2014-07-17,0442,Aqua,MODIS,36,6.2,306.2,7.6,D,0
-14.3238,131.8224,327.7,1.4,1.2,2014-07-17,0442,Aqua,MODIS,76,6.2,305.8,21.1,D,0
-14.3207,131.8474,323,1.4,1.2,2014-07-17,0442,Aqua,MODIS,55,6.2,306,11.4,D,0
-14.3222,131.8349,327.7,1.4,1.2,2014-07-17,0442,Aqua,MODIS,76,6.2,307.2,20.3,D,0
-13.7073,134.0088,329.9,1,1,2014-07-17,0442,Aqua,MODIS,74,6.2,305.8,16.4,D,0
-13.7165,134.0101,327.2,1,1,2014-07-17,0442,Aqua,MODIS,68,6.2,307.2,13.4,D,0
-13.2688,130.7404,326.8,1.6,1.2,2014-07-17,0442,Aqua,MODIS,57,6.2,306.2,24.7,D,0
-13.0219,131.1428,327.8,1.4,1.2,2014-07-17,0442,Aqua,MODIS,75,6.2,304.9,23.2,D,0
-13.0236,131.1296,322.6,1.4,1.2,2014-07-17,0442,Aqua,MODIS,59,6.2,303.3,14.8,D,0
-13.0326,131.1443,344.1,1.4,1.2,2014-07-17,0442,Aqua,MODIS,91,6.2,306.9,62.1,D,0
-13.0268,131.1354,344.3,1.4,1.2,2014-07-17,0442,Aqua,MODIS,91,6.2,304.6,64.3,D,0
-14.3254,131.8098,319.5,1.4,1.2,2014-07-17,0442,Aqua,MODIS,38,6.2,303.4,7.6,D,0
-11.9894,132.7887,344.6,1.1,1.1,2014-07-17,0442,Aqua,MODIS,92,6.2,305.4,49,D,0
-12.2618,132.5622,320.9,1.2,1.1,2014-07-17,0442,Aqua,MODIS,55,6.2,303.8,11.1,D,0
-13.0538,131.1794,326.8,1.4,1.2,2014-07-17,0442,Aqua,MODIS,62,6.2,307.6,17.5,D,0
-12.7043,132.0755,323.8,1.3,1.1,2014-07-17,0442,Aqua,MODIS,47,6.2,305.7,12.2,D,0
-12.7466,131.9813,350.1,1.3,1.1,2014-07-17,0442,Aqua,MODIS,95,6.2,308.1,68.3,D,0
-12.0357,134.0024,339.4,1,1,2014-07-17,0442,Aqua,MODIS,89,6.2,302.2,31,D,0
-12.656,141.9512,321.9,2.3,1.5,2014-07-17,0442,Aqua,MODIS,75,6.2,298.3,46.2,D,0
-13.0449,131.1648,327.9,1.4,1.2,2014-07-17,0442,Aqua,MODIS,64,6.2,309,19,D,0
-12.732,132.0208,326.4,1.3,1.1,2014-07-17,0442,Aqua,MODIS,49,6.2,306.1,13.7,D,0
-13.2873,133.7886,323,1.1,1,2014-07-17,0442,Aqua,MODIS,72,6.2,305.3,10.5,D,0
-12.7481,131.9697,332.3,1.3,1.1,2014-07-17,0442,Aqua,MODIS,82,6.2,307.7,24.7,D,0
-12.024,134.0198,325,1,1,2014-07-17,0442,Aqua,MODIS,48,6.2,304.1,11.2,D,0
-12.4153,132.6392,326.7,1.2,1.1,2014-07-17,0442,Aqua,MODIS,78,6.2,303.8,16.2,D,0
-12.3829,142.1712,310.8,2.4,1.5,2014-07-17,0442,Aqua,MODIS,37,6.2,293.1,21,D,0
-12.0344,134.0118,339.6,1,1,2014-07-17,0442,Aqua,MODIS,89,6.2,302.9,30.9,D,0
-11.9797,134.0068,323.2,1,1,2014-07-17,0442,Aqua,MODIS,45,6.2,299.6,9.3,D,0
-12.5864,132.4344,337.3,1.2,1.1,2014-07-17,0442,Aqua,MODIS,0,6.2,307.5,33.4,D,0
-13.0342,131.1633,344.9,1.4,1.2,2014-07-17,0442,Aqua,MODIS,91,6.2,307.7,61,D,0
-12.7306,132.0263,327.3,1.3,1.1,2014-07-17,0442,Aqua,MODIS,55,6.2,306.9,16.8,D,0
-12.6186,132.4167,325.7,1.2,1.1,2014-07-17,0442,Aqua,MODIS,72,6.2,304.5,16.1,D,0
-11.7988,133.8533,322.7,1,1,2014-07-17,0442,Aqua,MODIS,55,6.2,301.8,12,D,0
-12.5383,130.7435,330.1,1.5,1.2,2014-07-17,0442,Aqua,MODIS,80,6.2,305.3,34.1,D,0
-12.7197,131.9601,329.6,1.3,1.1,2014-07-17,0442,Aqua,MODIS,79,6.2,308,18.3,D,0
-12.2621,134.0954,310.1,1,1,2014-07-17,0442,Aqua,MODIS,30,6.2,278.7,5.4,D,0
-12.6171,132.4277,329.5,1.2,1.1,2014-07-17,0442,Aqua,MODIS,75,6.2,304,21.5,D,0
-13.1419,133.9093,333.9,1,1,2014-07-17,0442,Aqua,MODIS,84,6.2,306.3,24.6,D,0
-12.537,130.7379,325.5,1.5,1.2,2014-07-17,0442,Aqua,MODIS,61,6.2,305.7,22.4,D,0
-12.756,134.243,328,1,1,2014-07-17,0442,Aqua,MODIS,54,6.2,303.8,16.5,D,0
-13.1406,133.9189,324.8,1,1,2014-07-17,0442,Aqua,MODIS,75,6.2,306.4,11.9,D,0
-12.4277,132.9067,327.4,1.1,1.1,2014-07-17,0442,Aqua,MODIS,28,6.2,307.4,16.6,D,0
-12.7182,131.9717,351.4,1.3,1.1,2014-07-17,0442,Aqua,MODIS,95,6.2,309.3,70.8,D,0
-12.4323,132.9025,330.1,1.1,1.1,2014-07-17,0442,Aqua,MODIS,60,6.2,306.4,19.5,D,0
-11.2637,131.951,320.1,1.2,1.1,2014-07-17,0443,Aqua,MODIS,47,6.2,300.7,12.1,D,0
-11.3311,132.2948,339.6,1.2,1.1,2014-07-17,0443,Aqua,MODIS,89,6.2,304.3,40.1,D,0
-11.3326,132.2841,319,1.2,1.1,2014-07-17,0443,Aqua,MODIS,49,6.2,303.2,6.9,D,0
-11.3297,132.3055,331.4,1.2,1.1,2014-07-17,0443,Aqua,MODIS,83,6.2,303.3,24.6,D,0
-11.4175,131.4127,317.1,1.3,1.1,2014-07-17,0443,Aqua,MODIS,35,6.2,298.9,10.3,D,0
-11.4191,131.4006,360.9,1.3,1.1,2014-07-17,0443,Aqua,MODIS,100,6.2,302,122,D,0
-11.3813,131.3709,323.7,1.3,1.1,2014-07-17,0443,Aqua,MODIS,74,6.2,299.8,21.1,D,0
-11.3828,131.3588,327.2,1.3,1.1,2014-07-17,0443,Aqua,MODIS,79,6.2,301.8,26.1,D,0
-11.6898,131.1165,322,1.4,1.2,2014-07-17,0443,Aqua,MODIS,73,6.2,299.5,21,D,0
-11.3931,131.3602,325.9,1.3,1.1,2014-07-17,0443,Aqua,MODIS,72,6.2,300.4,23.4,D,0
-11.2504,131.2912,342.4,1.3,1.1,2014-07-17,0443,Aqua,MODIS,69,6.2,300.3,56.1,D,0
-11.252,131.279,347.4,1.3,1.1,2014-07-17,0443,Aqua,MODIS,89,6.2,301.6,72,D,0
-11.2401,131.2897,322.5,1.3,1.1,2014-07-17,0443,Aqua,MODIS,61,6.2,300.5,16.3,D,0
-11.2417,131.2776,334.2,1.3,1.1,2014-07-17,0443,Aqua,MODIS,86,6.2,300.6,38.3,D,0
-11.4354,131.4218,324.4,1.3,1.1,2014-07-17,0443,Aqua,MODIS,54,6.2,301,17.6,D,0
-11.4385,131.3976,319.1,1.3,1.1,2014-07-17,0443,Aqua,MODIS,20,6.2,300.8,8.6,D,0
-11.4277,131.4142,326.8,1.3,1.1,2014-07-17,0443,Aqua,MODIS,14,6.2,300.2,21.7,D,0
-11.4293,131.4021,338.5,1.3,1.1,2014-07-17,0443,Aqua,MODIS,80,6.2,302,46.1,D,0
-11.431,131.39,325.3,1.3,1.1,2014-07-17,0443,Aqua,MODIS,32,6.2,299.7,20,D,0
-11.4207,131.3885,327.3,1.3,1.1,2014-07-17,0443,Aqua,MODIS,78,6.2,298.8,26.1,D,0
-11.7103,131.0411,313.9,1.4,1.2,2014-07-17,0443,Aqua,MODIS,54,6.2,299.5,9.9,D,0
-11.474,130.5711,325.2,1.5,1.2,2014-07-17,0443,Aqua,MODIS,66,6.2,300.7,28.2,D,0
-11.5301,130.3073,317.1,1.6,1.2,2014-07-17,0443,Aqua,MODIS,55,6.2,303.1,12.3,D,0
-11.4648,130.5559,318.5,1.5,1.2,2014-07-17,0443,Aqua,MODIS,66,6.2,300.6,18.4,D,0
-11.4757,130.5576,327.4,1.5,1.2,2014-07-17,0443,Aqua,MODIS,79,6.2,302.2,33.6,D,0
-11.3473,132.3945,317.5,1.2,1.1,2014-07-17,0443,Aqua,MODIS,56,6.2,301.5,7.9,D,0
-32.4627,116.0376,300.5,1,1,2014-07-17,0615,Aqua,MODIS,20,6.2,287,4.4,D,0
-32.4611,116.0484,308.1,1,1,2014-07-17,0615,Aqua,MODIS,67,6.2,287.1,9.1,D,0
-32.9919,115.7587,305.6,1,1,2014-07-17,0615,Aqua,MODIS,62,6.2,287.8,7.3,D,0
-30.9335,152.8091,307,1.3,1.1,2014-07-17,1223,Terra,MODIS,52,6.2,284.1,14.8,N,0
-30.9351,152.7956,311.7,1.3,1.1,2014-07-17,1223,Terra,MODIS,83,6.2,283.6,19.5,N,0
-30.9233,152.8078,308.5,1.3,1.1,2014-07-17,1223,Terra,MODIS,75,6.2,283.7,16.8,N,0
-30.9248,152.7942,308.3,1.3,1.1,2014-07-17,1223,Terra,MODIS,74,6.2,283.4,16.5,N,0
-19.703,132.3605,301.3,1.3,1.1,2014-07-17,1405,Terra,MODIS,40,6.2,286.1,8.3,N,0
-19.1768,132.5151,300.9,1.3,1.1,2014-07-17,1405,Terra,MODIS,34,6.2,285.3,8.9,N,0
-19.1686,132.5009,327.8,1.3,1.1,2014-07-17,1405,Terra,MODIS,100,6.2,287.2,42,N,0
-19.6991,132.3845,305,1.3,1.1,2014-07-17,1405,Terra,MODIS,45,6.2,286.2,10.7,N,0
-19.4841,132.9986,306.1,1.4,1.2,2014-07-17,1405,Terra,MODIS,52,6.2,283.5,14.5,N,0
-19.7011,132.3725,300.5,1.3,1.1,2014-07-17,1405,Terra,MODIS,28,6.2,286.3,7.7,N,0
-18.7716,132.6761,314.2,1.4,1.2,2014-07-17,1405,Terra,MODIS,89,6.2,287.1,22.6,N,0
-18.7612,132.6742,310.8,1.4,1.2,2014-07-17,1405,Terra,MODIS,81,6.2,285.9,19.1,N,0
-18.7633,132.6613,325.1,1.4,1.2,2014-07-17,1405,Terra,MODIS,100,6.2,287.4,39.4,N,0
-19.6733,132.5424,304.3,1.3,1.1,2014-07-17,1405,Terra,MODIS,56,6.2,285.4,11.4,N,0
-19.1666,132.5132,317.1,1.3,1.1,2014-07-17,1405,Terra,MODIS,94,6.2,286.9,25.4,N,0
-19.3126,133.0493,300.3,1.4,1.2,2014-07-17,1405,Terra,MODIS,25,6.2,285.7,9.3,N,0
-19.2811,133.0434,302.9,1.4,1.2,2014-07-17,1405,Terra,MODIS,14,6.2,285.2,10.2,N,0
-19.2811,133.0097,300.9,1.4,1.2,2014-07-17,1405,Terra,MODIS,16,6.2,286.6,8.6,N,0
-19.1828,132.8502,304.5,1.4,1.2,2014-07-17,1405,Terra,MODIS,60,6.2,285.2,13.5,N,0
-19.2539,132.9774,300.1,1.4,1.2,2014-07-17,1405,Terra,MODIS,16,6.2,287,8.2,N,0
-16.2763,136.5501,314.6,2.9,1.6,2014-07-17,1406,Terra,MODIS,65,6.2,289.3,61.5,N,0
-16.2678,136.5271,318.3,2.9,1.6,2014-07-17,1406,Terra,MODIS,97,6.2,289.3,75.3,N,0
-16.2667,136.5202,312.2,2.9,1.6,2014-07-17,1406,Terra,MODIS,84,6.2,288.9,55,N,0
-16.2822,136.53,316,2.9,1.6,2014-07-17,1406,Terra,MODIS,92,6.2,288.7,66.9,N,0
-16.2772,136.5569,306.5,2.9,1.6,2014-07-17,1406,Terra,MODIS,30,6.2,289,34.9,N,0
-16.2966,136.533,304,2.9,1.6,2014-07-17,1406,Terra,MODIS,47,6.2,287.7,28.2,N,0
-16.2916,136.5598,307.6,2.9,1.6,2014-07-17,1406,Terra,MODIS,72,6.2,289.1,39.7,N,0
-16.2618,136.5471,303.7,2.9,1.6,2014-07-17,1406,Terra,MODIS,50,6.2,288.7,29.7,N,0
-16.2811,136.5231,308.1,2.9,1.6,2014-07-17,1406,Terra,MODIS,17,6.2,288.4,37.9,N,0
-15.6605,129.4438,303.5,1,1,2014-07-17,1406,Terra,MODIS,34,6.2,293.2,4.4,N,0
-15.633,129.4393,305.6,1,1,2014-07-17,1406,Terra,MODIS,39,6.2,293.5,5.2,N,0
-15.6893,129.4387,304,1,1,2014-07-17,1406,Terra,MODIS,58,6.2,292.7,5.2,N,0
-15.7066,129.4374,305.8,1,1,2014-07-17,1406,Terra,MODIS,40,6.2,292.2,5.9,N,0
-15.6619,129.4342,305.1,1,1,2014-07-17,1406,Terra,MODIS,59,6.2,292.2,5.6,N,0
-18.7202,126.0758,325.6,1.2,1.1,2014-07-17,1406,Terra,MODIS,100,6.2,292.4,29.9,N,0
-18.7187,126.0871,311.5,1.2,1.1,2014-07-17,1406,Terra,MODIS,83,6.2,291.3,12.8,N,0
-18.73,126.0772,311.3,1.2,1.1,2014-07-17,1406,Terra,MODIS,82,6.2,292.1,13.2,N,0
-18.727,126.0998,301.4,1.2,1.1,2014-07-17,1406,Terra,MODIS,41,6.2,291,5.9,N,0
-15.596,129.4468,304.2,1,1,2014-07-17,1406,Terra,MODIS,41,6.2,293,4.4,N,0
-14.6981,129.9148,301.8,1.1,1,2014-07-17,1407,Terra,MODIS,44,6.2,289.8,5.4,N,0
-14.7039,129.812,327.1,1.1,1,2014-07-17,1407,Terra,MODIS,100,6.2,294.8,25.2,N,0
-14.6564,130.192,304.8,1.1,1.1,2014-07-17,1407,Terra,MODIS,62,6.2,293.1,6.5,N,0
-14.6761,129.8694,304,1.1,1,2014-07-17,1407,Terra,MODIS,15,6.2,293.8,4.7,N,0
-14.6966,129.9249,306,1.1,1,2014-07-17,1407,Terra,MODIS,66,6.2,289.6,8.6,N,0
-14.6964,129.8623,310,1.1,1,2014-07-17,1407,Terra,MODIS,36,6.2,294.8,8.1,N,0
-14.6776,129.8594,304.7,1.1,1,2014-07-17,1407,Terra,MODIS,28,6.2,294.2,4.9,N,0
-14.5596,130.2879,301.7,1.1,1.1,2014-07-17,1407,Terra,MODIS,43,6.2,291.7,5.1,N,0
-14.558,130.2985,311.1,1.1,1.1,2014-07-17,1407,Terra,MODIS,82,6.2,292.2,12.3,N,0
-14.5625,130.2946,313.3,1.1,1.1,2014-07-17,1407,Terra,MODIS,87,6.2,292.4,13.5,N,0
-14.5608,130.3054,304.4,1.1,1.1,2014-07-17,1407,Terra,MODIS,60,6.2,291.9,6,N,0
-14.5928,130.2889,311.1,1.1,1.1,2014-07-17,1407,Terra,MODIS,82,6.2,292.8,11.5,N,0
-14.6402,129.853,308.3,1.1,1,2014-07-17,1407,Terra,MODIS,68,6.2,294.3,6.8,N,0
-11.5147,130.2717,302.2,1.2,1.1,2014-07-17,1407,Terra,MODIS,47,6.2,292,5.4,N,0
-11.9717,132.7788,303,1.8,1.3,2014-07-17,1407,Terra,MODIS,52,6.2,290.8,11.1,N,0
-14.1767,129.9345,304.2,1.1,1.1,2014-07-17,1407,Terra,MODIS,59,6.2,291.4,6.6,N,0
-12.648,141.9593,300.8,2.4,1.5,2014-07-17,1532,Aqua,MODIS,34,6.2,290.8,15.2,N,0
-24.7259,147.0118,300.5,1,1,2014-07-17,1535,Aqua,MODIS,16,6.2,279.7,7,N,0
-24.735,147.0103,303.4,1,1,2014-07-17,1535,Aqua,MODIS,53,6.2,280.9,8.8,N,0
-24.7789,146.9927,311.5,1,1,2014-07-17,1535,Aqua,MODIS,75,6.2,281.4,13.4,N,0
-24.7041,147.0519,302.4,1,1,2014-07-17,1535,Aqua,MODIS,36,6.2,279.7,8,N,0
-30.9237,152.8161,300.3,2.4,1.5,2014-07-17,1537,Aqua,MODIS,25,6.2,282.6,27.1,N,0
-14.7337,129.8239,310.9,2,1.4,2014-07-17,1711,Aqua,MODIS,37,6.2,291,22.8,N,0
-14.5576,130.301,305.1,2.1,1.4,2014-07-17,1711,Aqua,MODIS,63,6.2,290.6,20,N,0
-14.6563,129.8383,304.8,2,1.4,2014-07-17,1711,Aqua,MODIS,9,6.2,292.4,11.1,N,0
-14.7213,129.8252,318.9,2,1.4,2014-07-17,1711,Aqua,MODIS,87,6.2,293,39.1,N,0
-18.2124,130.3828,305.7,2.5,1.5,2014-07-17,1712,Aqua,MODIS,65,6.2,286.5,33.5,N,0
-16.9864,128.2189,301.6,1.6,1.3,2014-07-17,1712,Aqua,MODIS,43,6.2,289.4,9.7,N,0
-18.6956,132.4917,334.5,3.6,1.8,2014-07-17,1712,Aqua,MODIS,100,6.2,285.7,244.8,N,0
-16.9883,128.2342,304.5,1.6,1.3,2014-07-17,1712,Aqua,MODIS,60,6.2,289.8,12.9,N,0
-19.3036,133.0521,306.8,4,1.9,2014-07-17,1712,Aqua,MODIS,63,6.2,284.5,70.7,N,0
-19.3084,133.0471,305.5,4,1.9,2014-07-17,1712,Aqua,MODIS,19,6.2,284.4,61.6,N,0
-19.3303,132.973,301.4,4,1.9,2014-07-17,1712,Aqua,MODIS,41,6.2,284.1,50.7,N,0
-19.3388,133.0059,300.2,4,1.9,2014-07-17,1712,Aqua,MODIS,23,6.2,283.8,45.9,N,0
-11.9846,132.7989,313.3,3.2,1.7,2014-07-18,0057,Terra,MODIS,65,6.2,293.6,39.5,D,0
-11.9535,132.8725,318.8,3.2,1.7,2014-07-18,0057,Terra,MODIS,74,6.2,295.1,63.2,D,0
-13.5593,133.8614,318.7,2.5,1.5,2014-07-18,0057,Terra,MODIS,73,6.2,296.2,43,D,0
-13.5664,133.8658,316.3,2.5,1.5,2014-07-18,0057,Terra,MODIS,70,6.2,296.3,35.4,D,0
-11.9886,132.8052,309.4,3.2,1.7,2014-07-18,0057,Terra,MODIS,31,6.2,293.2,23.1,D,0
-13.2503,142.0312,323,1,1,2014-07-18,0057,Terra,MODIS,79,6.2,298,16.1,D,0
-11.9681,132.7785,309.8,3.3,1.7,2014-07-18,0057,Terra,MODIS,33,6.2,293.8,22.8,D,0
-12.5123,141.7661,326.5,1,1,2014-07-18,0057,Terra,MODIS,82,6.2,299.4,18.1,D,0
-12.5136,141.7752,366.4,1,1,2014-07-18,0057,Terra,MODIS,100,6.2,302.6,99,D,0
-12.515,141.7844,322.9,1,1,2014-07-18,0057,Terra,MODIS,75,6.2,299.8,14.2,D,0
-14.2168,143.6118,310.6,1.2,1.1,2014-07-18,0057,Terra,MODIS,59,6.2,291.4,8.5,D,0
-12.4081,141.8717,316.9,1,1,2014-07-18,0057,Terra,MODIS,73,6.2,294.9,9.9,D,0
-12.4067,141.8626,312.3,1,1,2014-07-18,0057,Terra,MODIS,66,6.2,293.2,5.9,D,0
-12.1694,133.399,327.3,2.9,1.6,2014-07-18,0057,Terra,MODIS,82,6.2,296.2,89.3,D,0
-12.1901,133.1671,312.7,3,1.7,2014-07-18,0057,Terra,MODIS,64,6.2,295.7,29.1,D,0
-14.2444,143.5969,324.2,1.2,1.1,2014-07-18,0057,Terra,MODIS,80,6.2,293,22.9,D,0
-15.1592,143.411,323.9,1.2,1.1,2014-07-18,0057,Terra,MODIS,78,6.2,297.7,21.6,D,0
-14.2556,143.6063,317.2,1.2,1.1,2014-07-18,0057,Terra,MODIS,58,6.2,292.6,13.5,D,0
-15.1578,143.4002,317.5,1.2,1.1,2014-07-18,0057,Terra,MODIS,41,6.2,297.2,13.9,D,0
-15.1898,143.4178,325.6,1.2,1.1,2014-07-18,0057,Terra,MODIS,57,6.2,297.9,22.2,D,0
-12.195,133.1945,317.6,3,1.6,2014-07-18,0057,Terra,MODIS,72,6.2,295.8,48.1,D,0
-12.6612,141.9664,310,1,1,2014-07-18,0057,Terra,MODIS,46,6.2,296.5,4.3,D,0
-15.2107,143.426,315.9,1.2,1.1,2014-07-18,0057,Terra,MODIS,51,6.2,296.4,11.1,D,0
-12.1705,133.3927,324.5,2.9,1.6,2014-07-18,0057,Terra,MODIS,80,6.2,296.6,71.7,D,0
-15.2414,143.4328,313.1,1.2,1.1,2014-07-18,0057,Terra,MODIS,58,6.2,296.1,7.7,D,0
-12.6599,141.9571,322.7,1,1,2014-07-18,0057,Terra,MODIS,79,6.2,297.9,15.8,D,0
-15.201,143.4273,326.3,1.2,1.1,2014-07-18,0057,Terra,MODIS,82,6.2,298.1,23.8,D,0
-16.3121,141.5771,320.9,1,1,2014-07-18,0058,Terra,MODIS,57,6.2,302.6,10.4,D,0
-16.3239,141.5948,337.8,1,1,2014-07-18,0058,Terra,MODIS,88,6.2,303.8,30.8,D,0
-16.3297,144.3392,311.4,1.4,1.2,2014-07-18,0058,Terra,MODIS,57,6.2,300.5,8.2,D,0
-16.2237,136.4803,379.5,1.4,1.2,2014-07-18,0058,Terra,MODIS,100,6.2,305,241.8,D,0
-16.2306,136.4852,336,1.4,1.2,2014-07-18,0058,Terra,MODIS,78,6.2,300.3,45.6,D,0
-16.192,136.4505,334,1.4,1.2,2014-07-18,0058,Terra,MODIS,87,6.2,298,48.4,D,0
-16.2799,135.8736,312.9,1.6,1.2,2014-07-18,0058,Terra,MODIS,56,6.2,300.1,10.8,D,0
-16.2221,136.5004,387.2,1.4,1.2,2014-07-18,0058,Terra,MODIS,100,6.2,308.9,296.2,D,0
-15.4243,143.5744,320.4,1.2,1.1,2014-07-18,0058,Terra,MODIS,65,6.2,300.9,13.9,D,0
-15.4228,143.5632,337.3,1.2,1.1,2014-07-18,0058,Terra,MODIS,89,6.2,302.3,41.5,D,0
-16.2282,136.5069,337.4,1.4,1.2,2014-07-18,0058,Terra,MODIS,83,6.2,303.3,47,D,0
-16.2327,136.4986,337.5,1.4,1.2,2014-07-18,0058,Terra,MODIS,85,6.2,301.9,47.5,D,0
-15.9595,135.4904,328.6,1.7,1.3,2014-07-18,0058,Terra,MODIS,83,6.2,298,44.9,D,0
-16.2004,136.4351,314.4,1.5,1.2,2014-07-18,0058,Terra,MODIS,65,6.2,299.6,12.2,D,0
-15.4623,141.8048,319.9,1,1,2014-07-18,0058,Terra,MODIS,71,6.2,303.4,9.9,D,0
-17.9705,146.0062,306.1,1.9,1.3,2014-07-18,0058,Terra,MODIS,41,6.2,295.1,12.9,D,0
-17.9726,146.024,307.3,1.9,1.3,2014-07-18,0058,Terra,MODIS,54,6.2,295.8,14.8,D,0
-16.3462,141.6207,315.9,1,1,2014-07-18,0058,Terra,MODIS,13,6.2,303.6,5.5,D,0
-16.2159,136.5288,326,1.4,1.2,2014-07-18,0058,Terra,MODIS,45,6.2,300.8,27.9,D,0
-16.1897,136.437,351.1,1.5,1.2,2014-07-18,0058,Terra,MODIS,96,6.2,300,102.1,D,0
-16.2026,136.4486,319.3,1.4,1.2,2014-07-18,0058,Terra,MODIS,74,6.2,298.2,19,D,0
-15.9605,135.4808,315.3,1.7,1.3,2014-07-18,0058,Terra,MODIS,63,6.2,297.9,16.7,D,0
-16.3435,141.6016,340.5,1,1,2014-07-18,0058,Terra,MODIS,90,6.2,304.4,35.9,D,0
-16.2177,136.4737,377.8,1.4,1.2,2014-07-18,0058,Terra,MODIS,100,6.2,301,233,D,0
-16.3253,141.6043,325.9,1,1,2014-07-18,0058,Terra,MODIS,43,6.2,304.8,13.7,D,0
-17.9663,146.0124,311.7,1.9,1.3,2014-07-18,0058,Terra,MODIS,64,6.2,294.9,22,D,0
-15.9632,135.4967,324.5,1.7,1.3,2014-07-18,0058,Terra,MODIS,80,6.2,298.1,36.1,D,0
-16.2243,136.5137,333.8,1.4,1.2,2014-07-18,0058,Terra,MODIS,56,6.2,302.6,39.5,D,0
-15.4213,143.5521,324.9,1.2,1.1,2014-07-18,0058,Terra,MODIS,80,6.2,301.6,19,D,0
-16.3226,141.5853,323.9,1,1,2014-07-18,0058,Terra,MODIS,34,6.2,301.9,11.9,D,0
-16.1791,136.4389,343.3,1.5,1.2,2014-07-18,0058,Terra,MODIS,92,6.2,298.2,75.9,D,0
-16.3449,141.6112,330.1,1,1,2014-07-18,0058,Terra,MODIS,82,6.2,304.3,20.5,D,0
-16.2093,136.489,340.4,1.4,1.2,2014-07-18,0058,Terra,MODIS,91,6.2,301.2,62.8,D,0
-16.226,136.4937,367,1.4,1.2,2014-07-18,0058,Terra,MODIS,100,6.2,307.6,161.8,D,0
-16.3107,141.5675,319.9,1,1,2014-07-18,0058,Terra,MODIS,53,6.2,303.2,9.5,D,0
-16.2199,136.4871,445.2,1.4,1.2,2014-07-18,0058,Terra,MODIS,100,6.2,319.8,1095.7,D,0
-16.1768,136.4254,337.9,1.5,1.2,2014-07-18,0058,Terra,MODIS,89,6.2,296.9,60.4,D,0
-16.2115,136.5022,335.6,1.4,1.2,2014-07-18,0058,Terra,MODIS,73,6.2,302.5,48.3,D,0
-14.6801,129.8216,321.2,4.8,2,2014-07-18,0058,Terra,MODIS,54,6.2,295.4,115.2,D,0
-14.5532,130.3053,310.5,4.4,1.9,2014-07-18,0058,Terra,MODIS,52,6.2,294.5,54.1,D,0
-14.5539,130.2994,311.4,4.4,1.9,2014-07-18,0058,Terra,MODIS,57,6.2,294.7,59.7,D,0
-14.7577,129.8447,307.7,4.7,2,2014-07-18,0058,Terra,MODIS,0,6.2,293.3,46.5,D,0
-14.6697,129.7741,311.9,4.8,2,2014-07-18,0058,Terra,MODIS,21,6.2,293.6,51.3,D,0
-14.7553,129.8378,309.2,4.7,2,2014-07-18,0058,Terra,MODIS,0,6.2,293.3,53,D,0
-14.6782,129.8168,323.2,4.8,2,2014-07-18,0058,Terra,MODIS,79,6.2,295.3,150.8,D,0
-17.7346,138.7064,328.7,1.1,1,2014-07-18,0058,Terra,MODIS,83,6.2,299.8,23.5,D,0
-16.6836,136.8903,320,1.3,1.1,2014-07-18,0058,Terra,MODIS,69,6.2,302.7,19.1,D,0
-16.696,136.901,316,1.3,1.1,2014-07-18,0058,Terra,MODIS,63,6.2,300.4,13.4,D,0
-16.698,136.9133,313,1.3,1.1,2014-07-18,0058,Terra,MODIS,28,6.2,300,9.4,D,0
-17.77,138.7513,321.5,1.1,1,2014-07-18,0058,Terra,MODIS,56,6.2,302.8,12.6,D,0
-17.7792,138.7498,349.8,1.1,1,2014-07-18,0058,Terra,MODIS,95,6.2,303.6,58.2,D,0
-16.1172,144.1131,310.9,1.3,1.1,2014-07-18,0058,Terra,MODIS,45,6.2,299,6.8,D,0
-16.1188,144.1254,319.4,1.3,1.1,2014-07-18,0058,Terra,MODIS,74,6.2,299.6,17.7,D,0
-16.2649,144.0814,311.7,1.3,1.1,2014-07-18,0058,Terra,MODIS,57,6.2,301.3,7.3,D,0
-17.7562,138.7232,321.5,1.1,1,2014-07-18,0058,Terra,MODIS,40,6.2,300,13.4,D,0
-17.7777,138.7399,376.9,1.1,1,2014-07-18,0058,Terra,MODIS,100,6.2,304.1,144,D,0
-19.4809,133.3064,325,2.1,1.4,2014-07-18,0059,Terra,MODIS,83,6.2,295.3,60.4,D,0
-19.4846,133.3262,309.7,2.1,1.4,2014-07-18,0059,Terra,MODIS,66,6.2,294.7,18.9,D,0
-19.7465,147.0492,338.5,2.4,1.5,2014-07-18,0059,Terra,MODIS,90,6.2,301,130.9,D,0
-19.7489,147.0721,331,2.4,1.5,2014-07-18,0059,Terra,MODIS,85,6.2,299.5,93.5,D,0
-20.7359,139.4802,314.7,1,1,2014-07-18,0059,Terra,MODIS,68,6.2,297.2,9.2,D,2
-19.6675,132.8225,318.9,2.3,1.5,2014-07-18,0059,Terra,MODIS,47,6.2,294.4,41.3,D,0
-19.6724,132.777,339.9,2.3,1.5,2014-07-18,0059,Terra,MODIS,91,6.2,296.7,126.6,D,0
-19.6895,132.7957,322.5,2.3,1.5,2014-07-18,0059,Terra,MODIS,39,6.2,293.8,51,D,0
-19.6935,132.8171,355.5,2.3,1.5,2014-07-18,0059,Terra,MODIS,98,6.2,296.9,234.6,D,0
-19.6955,132.6983,310.6,2.3,1.5,2014-07-18,0059,Terra,MODIS,38,6.2,293.5,22.2,D,0
-18.8532,132.5417,311.9,2.5,1.5,2014-07-18,0059,Terra,MODIS,65,6.2,294.3,28.9,D,0
-18.7338,132.621,363.4,2.4,1.5,2014-07-18,0059,Terra,MODIS,100,6.2,301.6,333,D,0
-19.6626,132.5051,372.4,2.4,1.5,2014-07-18,0059,Terra,MODIS,100,6.2,297.3,428.6,D,0
-19.6668,132.5278,346.7,2.4,1.5,2014-07-18,0059,Terra,MODIS,94,6.2,297,181.4,D,0
-19.6834,132.6167,343.9,2.3,1.5,2014-07-18,0059,Terra,MODIS,93,6.2,293.5,160.9,D,0
-19.4901,133.0034,326.4,2.2,1.4,2014-07-18,0059,Terra,MODIS,84,6.2,295,68.6,D,0
-19.1855,132.4949,330.5,2.4,1.5,2014-07-18,0059,Terra,MODIS,86,6.2,294.2,94.4,D,0
-18.7076,132.4813,316.5,2.5,1.5,2014-07-18,0059,Terra,MODIS,75,6.2,294.2,45.4,D,0
-18.712,132.5049,318.4,2.5,1.5,2014-07-18,0059,Terra,MODIS,73,6.2,294.5,47.6,D,0
-18.7164,132.5284,328.3,2.5,1.5,2014-07-18,0059,Terra,MODIS,85,6.2,295.3,85.1,D,0
-18.7208,132.5517,317,2.5,1.5,2014-07-18,0059,Terra,MODIS,30,6.2,294.7,35.4,D,0
-18.7901,132.5788,320.5,2.5,1.5,2014-07-18,0059,Terra,MODIS,76,6.2,293.8,53.1,D,0
-18.8354,132.5212,308.4,2.5,1.5,2014-07-18,0059,Terra,MODIS,59,6.2,294,20.4,D,0
-18.8464,132.5368,310.4,2.5,1.5,2014-07-18,0059,Terra,MODIS,48,6.2,293.9,24.4,D,0
-18.7515,132.641,351.4,2.4,1.5,2014-07-18,0059,Terra,MODIS,96,6.2,297.6,218,D,0
-18.7649,132.6383,328.9,2.4,1.5,2014-07-18,0059,Terra,MODIS,59,6.2,295.2,74.1,D,0
-18.738,132.6438,334.6,2.4,1.5,2014-07-18,0059,Terra,MODIS,84,6.2,298.1,106.1,D,0
-19.1904,132.886,311.5,2.3,1.5,2014-07-18,0059,Terra,MODIS,57,6.2,295.4,25,D,0
-19.589,132.4558,313.3,2.4,1.5,2014-07-18,0059,Terra,MODIS,55,6.2,291.7,26.9,D,0
-19.5354,132.4669,314.3,2.4,1.5,2014-07-18,0059,Terra,MODIS,73,6.2,294.8,35.6,D,0
-19.4336,132.6352,310.1,2.4,1.5,2014-07-18,0059,Terra,MODIS,65,6.2,294.1,24.1,D,0
-19.4866,132.6242,323,2.4,1.5,2014-07-18,0059,Terra,MODIS,81,6.2,294.7,60.7,D,0
-19.2743,133.0454,305.7,2.2,1.4,2014-07-18,0059,Terra,MODIS,57,6.2,294.6,13.9,D,0
-19.313,133.0377,376.2,2.2,1.4,2014-07-18,0059,Terra,MODIS,100,6.2,297.6,436.3,D,0
-19.3106,133.0321,359.6,2.2,1.4,2014-07-18,0059,Terra,MODIS,99,6.2,295.8,266.6,D,0
-19.3146,133.053,350.9,2.2,1.4,2014-07-18,0059,Terra,MODIS,96,6.2,296.8,197.8,D,0
-19.7877,133.1835,312.3,2.1,1.4,2014-07-18,0059,Terra,MODIS,70,6.2,294.3,26.6,D,0
-19.7871,133.177,311.3,2.1,1.4,2014-07-18,0059,Terra,MODIS,68,6.2,294.2,22.6,D,0
-19.4613,133.0584,325.7,2.2,1.4,2014-07-18,0059,Terra,MODIS,83,6.2,293,64.2,D,0
-19.4575,133.0377,316.8,2.2,1.4,2014-07-18,0059,Terra,MODIS,74,6.2,293,33.2,D,0
-19.3516,132.8915,305.2,2.3,1.5,2014-07-18,0059,Terra,MODIS,29,6.2,292.7,13,D,0
-19.144,132.7671,339.4,2.3,1.5,2014-07-18,0059,Terra,MODIS,91,6.2,295.3,139.2,D,0
-19.3415,132.982,311.3,2.2,1.4,2014-07-18,0059,Terra,MODIS,69,6.2,293.6,28.4,D,0
-19.3375,132.9609,313,2.2,1.5,2014-07-18,0059,Terra,MODIS,71,6.2,293.5,31.9,D,0
-19.1677,132.4747,364.1,2.5,1.5,2014-07-18,0059,Terra,MODIS,100,6.2,296.9,351.2,D,0
-19.1629,132.5236,310.3,2.4,1.5,2014-07-18,0059,Terra,MODIS,48,6.2,293.6,25.1,D,0
-18.9213,132.7107,307,2.4,1.5,2014-07-18,0059,Terra,MODIS,39,6.2,295.2,16.3,D,0
-19.657,132.4996,322,2.4,1.5,2014-07-18,0059,Terra,MODIS,80,6.2,293.9,59.8,D,0
-18.9171,132.6882,310.3,2.4,1.5,2014-07-18,0059,Terra,MODIS,67,6.2,295.3,24.3,D,0
-18.877,132.6962,329.4,2.4,1.5,2014-07-18,0059,Terra,MODIS,86,6.2,296.7,85.6,D,0
-19.6828,132.6329,364.6,2.3,1.5,2014-07-18,0059,Terra,MODIS,100,6.2,297.8,329.1,D,0
-18.8826,132.7014,332.9,2.4,1.5,2014-07-18,0059,Terra,MODIS,88,6.2,296.3,103.6,D,0
-18.8785,132.6788,318.4,2.4,1.5,2014-07-18,0059,Terra,MODIS,77,6.2,294.6,44.7,D,0
-19.6614,132.5222,322,2.4,1.5,2014-07-18,0059,Terra,MODIS,74,6.2,295.6,56.1,D,0
-19.6786,132.611,322.3,2.3,1.5,2014-07-18,0059,Terra,MODIS,81,6.2,293.8,54.9,D,0
-19.3866,133.081,312.6,2.2,1.4,2014-07-18,0059,Terra,MODIS,71,6.2,293.2,29.4,D,0
-19.7199,132.3921,341,2.4,1.5,2014-07-18,0059,Terra,MODIS,92,6.2,293.1,151,D,0
-19.2191,132.5531,345.8,2.4,1.5,2014-07-18,0059,Terra,MODIS,94,6.2,293.8,179.2,D,0
-19.6874,132.6385,373.5,2.3,1.5,2014-07-18,0059,Terra,MODIS,100,6.2,297.1,429.3,D,0
-19.1863,132.8645,313,2.3,1.5,2014-07-18,0059,Terra,MODIS,65,6.2,295.2,28.8,D,0
-19.6915,132.6604,380,2.3,1.5,2014-07-18,0059,Terra,MODIS,100,6.2,301.4,510.5,D,0
-19.1943,132.8922,310.1,2.3,1.5,2014-07-18,0059,Terra,MODIS,41,6.2,294.7,21.3,D,0
-19.1904,132.8707,311.5,2.3,1.5,2014-07-18,0059,Terra,MODIS,62,6.2,294.3,25.3,D,0
-18.8609,132.6588,311.5,2.4,1.5,2014-07-18,0059,Terra,MODIS,61,6.2,295.3,26,D,0
-18.7031,132.4577,330.5,2.5,1.5,2014-07-18,0059,Terra,MODIS,86,6.2,294,101.7,D,0
-18.7557,132.6638,319.6,2.4,1.5,2014-07-18,0059,Terra,MODIS,76,6.2,295.4,47.1,D,0
-18.8001,132.6782,319.5,2.4,1.5,2014-07-18,0059,Terra,MODIS,59,6.2,295.7,42.2,D,0
-18.8042,132.7007,319.6,2.4,1.5,2014-07-18,0059,Terra,MODIS,70,6.2,295,45.5,D,0
-18.7982,132.6952,325,2.4,1.5,2014-07-18,0059,Terra,MODIS,76,6.2,296.4,65.4,D,0
-19.7156,132.3691,343,2.4,1.5,2014-07-18,0059,Terra,MODIS,93,6.2,292.1,163.9,D,0
-19.2235,132.5759,339.9,2.4,1.5,2014-07-18,0059,Terra,MODIS,91,6.2,294.7,140.7,D,0
-19.2278,132.5985,320.6,2.4,1.5,2014-07-18,0059,Terra,MODIS,50,6.2,294.1,49.7,D,0
-19.6955,132.6822,345.5,2.3,1.5,2014-07-18,0059,Terra,MODIS,94,6.2,296.5,167.7,D,0
-19.2243,132.6284,308.1,2.4,1.5,2014-07-18,0059,Terra,MODIS,19,6.2,292.6,18.3,D,0
-19.6703,132.4967,348.3,2.4,1.5,2014-07-18,0059,Terra,MODIS,95,6.2,292.9,193.6,D,0
-19.6747,132.5195,358,2.4,1.5,2014-07-18,0059,Terra,MODIS,99,6.2,294.9,269.6,D,0
-19.2145,132.6013,331.1,2.4,1.5,2014-07-18,0059,Terra,MODIS,85,6.2,295,90.2,D,0
-19.1925,132.4875,327,2.4,1.5,2014-07-18,0059,Terra,MODIS,84,6.2,293.1,85.1,D,0
-19.2293,132.5806,331.8,2.4,1.5,2014-07-18,0059,Terra,MODIS,87,6.2,294,98.2,D,0
-19.2251,132.5578,358.5,2.4,1.5,2014-07-18,0059,Terra,MODIS,99,6.2,294.5,285.2,D,0
-19.4652,133.0791,312.1,2.2,1.4,2014-07-18,0059,Terra,MODIS,33,6.2,292.3,23.6,D,0
-19.1481,132.789,321.7,2.3,1.5,2014-07-18,0059,Terra,MODIS,80,6.2,294.9,58.5,D,0
-19.687,132.6546,373.7,2.3,1.5,2014-07-18,0059,Terra,MODIS,100,6.2,301.3,424.3,D,0
-19.6913,132.6765,354.6,2.3,1.5,2014-07-18,0059,Terra,MODIS,98,6.2,299.1,235.2,D,0
-19.679,132.5418,332.8,2.4,1.5,2014-07-18,0059,Terra,MODIS,81,6.2,294.8,96.1,D,0
-19.2026,132.5864,326.7,2.4,1.5,2014-07-18,0059,Terra,MODIS,84,6.2,294.3,77.9,D,0
-19.2159,132.5835,312,2.4,1.5,2014-07-18,0059,Terra,MODIS,49,6.2,293.9,27.6,D,0
-19.5131,133.1961,311.2,2.1,1.4,2014-07-18,0059,Terra,MODIS,68,6.2,294.4,22.3,D,0
-19.6634,132.8011,341,2.3,1.5,2014-07-18,0059,Terra,MODIS,92,6.2,295.9,131.5,D,0
-19.5848,132.4329,335.4,2.4,1.5,2014-07-18,0059,Terra,MODIS,89,6.2,293.1,120,D,0
-19.6801,132.525,310.5,2.4,1.5,2014-07-18,0059,Terra,MODIS,43,6.2,292.4,23.5,D,0
-19.5805,132.4099,313,2.4,1.5,2014-07-18,0059,Terra,MODIS,50,6.2,291.1,31.4,D,0
-19.2201,132.6061,340.9,2.4,1.5,2014-07-18,0059,Terra,MODIS,92,6.2,295.1,150.7,D,0
-19.3168,133.0585,333.1,2.2,1.4,2014-07-18,0059,Terra,MODIS,88,6.2,295.2,98.4,D,0
-19.7065,132.3949,356,2.4,1.5,2014-07-18,0059,Terra,MODIS,98,6.2,298.8,261,D,0
-19.7021,132.3719,380.3,2.4,1.5,2014-07-18,0059,Terra,MODIS,100,6.2,301.2,553.1,D,0
-19.4343,132.6179,322.6,2.4,1.5,2014-07-18,0059,Terra,MODIS,81,6.2,295.8,60.2,D,0
-19.4293,132.613,316.4,2.4,1.5,2014-07-18,0059,Terra,MODIS,75,6.2,295.5,41.7,D,0
-18.7584,132.6328,320.7,2.4,1.5,2014-07-18,0059,Terra,MODIS,39,6.2,294.8,42.4,D,0
-18.7944,132.6018,333.9,2.4,1.5,2014-07-18,0059,Terra,MODIS,88,6.2,295.2,109.5,D,0
-19.4941,133.0242,308.7,2.2,1.4,2014-07-18,0059,Terra,MODIS,54,6.2,294,17.5,D,0
-19.6843,132.5474,324.3,2.4,1.5,2014-07-18,0059,Terra,MODIS,82,6.2,293,65.2,D,0
-19.4922,133.0089,325.4,2.2,1.4,2014-07-18,0059,Terra,MODIS,83,6.2,294.9,65.6,D,0
-19.4884,132.988,309.2,2.2,1.4,2014-07-18,0059,Terra,MODIS,63,6.2,293.3,19.2,D,0
-19.4565,132.5374,314,2.4,1.5,2014-07-18,0059,Terra,MODIS,49,6.2,293,32.7,D,0
-19.6097,132.4453,317.2,2.4,1.5,2014-07-18,0059,Terra,MODIS,63,6.2,291.1,43,D,0
-19.6054,132.4224,348.7,2.4,1.5,2014-07-18,0059,Terra,MODIS,95,6.2,292.3,208.6,D,0
-19.601,132.3995,310.3,2.4,1.5,2014-07-18,0059,Terra,MODIS,24,6.2,290.6,25.4,D,0
-19.5963,132.4481,327.7,2.4,1.5,2014-07-18,0059,Terra,MODIS,85,6.2,292.5,78.7,D,0
-19.592,132.4252,371.6,2.4,1.5,2014-07-18,0059,Terra,MODIS,100,6.2,297.8,429.7,D,0
-19.5876,132.4023,337.6,2.4,1.5,2014-07-18,0059,Terra,MODIS,90,6.2,291.9,133.3,D,0
-19.4607,132.5599,315.8,2.4,1.5,2014-07-18,0059,Terra,MODIS,50,6.2,294.5,36,D,0
-19.474,132.5571,321.8,2.4,1.5,2014-07-18,0059,Terra,MODIS,79,6.2,293.3,57.8,D,0
-19.5161,133.2104,319.9,2.1,1.4,2014-07-18,0059,Terra,MODIS,78,6.2,294.3,41.8,D,0
-19.4824,132.6019,326.7,2.4,1.5,2014-07-18,0059,Terra,MODIS,83,6.2,294.4,71.8,D,0
-19.5168,133.2162,318,2.1,1.4,2014-07-18,0059,Terra,MODIS,77,6.2,294,39.4,D,0
-19.172,132.4977,330.7,2.4,1.5,2014-07-18,0059,Terra,MODIS,86,6.2,294.8,95.1,D,0
-18.7472,132.6182,360.7,2.4,1.5,2014-07-18,0059,Terra,MODIS,100,6.2,296.3,301.3,D,0
-18.7295,132.598,324.8,2.5,1.5,2014-07-18,0059,Terra,MODIS,82,6.2,295.5,64.8,D,0
-18.2056,130.2859,340,3.7,1.8,2014-07-18,0059,Terra,MODIS,91,6.2,293.6,278.7,D,0
-19.7285,132.4379,317.5,2.4,1.5,2014-07-18,0059,Terra,MODIS,76,6.2,292.7,47.1,D,0
-18.2124,130.2786,326.3,3.7,1.8,2014-07-18,0059,Terra,MODIS,39,6.2,291,138.2,D,0
-19.7242,132.4151,322.7,2.4,1.5,2014-07-18,0059,Terra,MODIS,81,6.2,293,64.7,D,0
-19.1633,132.4517,324,2.5,1.5,2014-07-18,0059,Terra,MODIS,82,6.2,293.1,71.9,D,0
-18.2124,130.3204,317.2,3.7,1.8,2014-07-18,0059,Terra,MODIS,57,6.2,292.4,85.8,D,0
-18.6376,132.5261,310,2.5,1.5,2014-07-18,0059,Terra,MODIS,43,6.2,294.2,23.2,D,0
-18.642,132.5496,317.3,2.5,1.5,2014-07-18,0059,Terra,MODIS,76,6.2,295.8,46.1,D,0
-18.6464,132.5729,314.5,2.5,1.5,2014-07-18,0059,Terra,MODIS,72,6.2,295.5,35.7,D,0
-18.1895,130.2896,319.9,3.7,1.8,2014-07-18,0059,Terra,MODIS,79,6.2,291.9,106.5,D,0
-18.1987,130.2514,337.4,3.8,1.8,2014-07-18,0059,Terra,MODIS,90,6.2,291.7,250.5,D,0
-18.1964,130.324,311.1,3.7,1.8,2014-07-18,0059,Terra,MODIS,52,6.2,292.2,55.9,D,0
-18.1964,130.2822,332,3.7,1.8,2014-07-18,0059,Terra,MODIS,61,6.2,293.5,184.2,D,0
-24.7282,146.9967,311.9,2.8,1.6,2014-07-18,0100,Terra,MODIS,51,6.2,289.2,43,D,0
-24.7595,146.9868,304.4,2.8,1.6,2014-07-18,0100,Terra,MODIS,55,6.2,288.5,24.8,D,0
-24.8486,147.0061,311.6,2.8,1.6,2014-07-18,0100,Terra,MODIS,68,6.2,288.9,45.2,D,0
-24.8385,147.0282,312.8,2.8,1.6,2014-07-18,0100,Terra,MODIS,39,6.2,289.2,47.4,D,0
-24.8506,146.9989,309.6,2.8,1.6,2014-07-18,0100,Terra,MODIS,36,6.2,288.6,37.5,D,0
-24.7044,147.0553,313,2.8,1.6,2014-07-18,0100,Terra,MODIS,48,6.2,290.4,44.5,D,0
-24.8027,146.982,306.9,2.8,1.6,2014-07-18,0100,Terra,MODIS,32,6.2,288.3,29.1,D,0
-29.0703,148.8895,303.3,4.2,1.9,2014-07-18,0101,Terra,MODIS,55,6.2,288.1,45.9,D,0
-29.0723,148.8839,304.9,4.2,1.9,2014-07-18,0101,Terra,MODIS,60,6.2,288.2,57.1,D,0
-30.9345,152.812,332.2,1,1,2014-07-18,0341,Aqua,MODIS,88,6.2,291.8,31.1,D,0
-30.936,152.8015,324.6,1,1,2014-07-18,0341,Aqua,MODIS,83,6.2,292.1,22,D,0
-30.9269,152.7998,339,1,1,2014-07-18,0341,Aqua,MODIS,91,6.2,292.1,41.7,D,0
-30.9284,152.7893,322.4,1,1,2014-07-18,0341,Aqua,MODIS,82,6.2,291,19.7,D,0
-30.8293,152.5692,301.1,1,1,2014-07-18,0342,Aqua,MODIS,38,6.2,291,4.3,D,0
-30.6704,152.5924,301.9,1,1,2014-07-18,0342,Aqua,MODIS,50,6.2,287.4,6.3,D,0
-27.4617,152.9232,303.6,1,1,2014-07-18,0342,Aqua,MODIS,21,6.2,291.2,4.7,D,0
-27.4542,152.9114,301.6,1,1,2014-07-18,0342,Aqua,MODIS,26,6.2,289.8,3.9,D,0
-27.4557,152.9013,306.1,1,1,2014-07-18,0342,Aqua,MODIS,59,6.2,290.1,6.9,D,0
-28.1422,153.3634,307.4,1,1,2014-07-18,0342,Aqua,MODIS,65,6.2,291.8,8,D,0
-28.9914,153.1605,315.4,1,1,2014-07-18,0342,Aqua,MODIS,76,6.2,291.2,14.1,D,0
-28.1406,153.3736,311.7,1,1,2014-07-18,0342,Aqua,MODIS,72,6.2,291.7,10.9,D,0
-28.9899,153.1707,307,1,1,2014-07-18,0342,Aqua,MODIS,65,6.2,290,7.8,D,0
-28.862,149.8473,308.2,1.2,1.1,2014-07-18,0342,Aqua,MODIS,67,6.2,290.8,9.6,D,0
-29.0752,148.8814,309.1,1.3,1.1,2014-07-18,0342,Aqua,MODIS,68,6.2,294.3,10.7,D,0
-29.8577,152.8192,304.8,1,1,2014-07-18,0342,Aqua,MODIS,60,6.2,289.7,6.4,D,0
-29.8591,152.8088,304.1,1,1,2014-07-18,0342,Aqua,MODIS,58,6.2,290.2,6.2,D,0
-27.9399,148.8152,302,1.3,1.1,2014-07-18,0342,Aqua,MODIS,47,6.2,291.1,6.1,D,0
-28.799,152.7056,301.2,1,1,2014-07-18,0342,Aqua,MODIS,41,6.2,288.7,5.2,D,0
-28.6745,152.6139,308,1,1,2014-07-18,0342,Aqua,MODIS,66,6.2,291.5,8.2,D,0
-29.194,152.7723,304.5,1,1,2014-07-18,0342,Aqua,MODIS,59,6.2,288.4,7.3,D,0
-29.9203,148.4182,301.9,1.5,1.2,2014-07-18,0342,Aqua,MODIS,50,6.2,291.3,5.9,D,0
-29.0856,148.883,309.3,1.3,1.1,2014-07-18,0342,Aqua,MODIS,68,6.2,294,11,D,0
-29.2112,152.7822,308.4,1,1,2014-07-18,0342,Aqua,MODIS,67,6.2,287.6,9.4,D,0
-28.7755,150.0485,310.4,1.2,1.1,2014-07-18,0342,Aqua,MODIS,70,6.2,291.1,11.9,D,0
-28.7852,150.05,301.6,1.2,1.1,2014-07-18,0342,Aqua,MODIS,29,6.2,289.9,4.6,D,0
-28.9068,149.3808,321.5,1.3,1.1,2014-07-18,0342,Aqua,MODIS,81,6.2,292.3,24.2,D,0
-28.9053,149.3938,311.8,1.3,1.1,2014-07-18,0342,Aqua,MODIS,54,6.2,291.7,12.2,D,0
-28.9064,149.3873,324.6,1.3,1.1,2014-07-18,0342,Aqua,MODIS,83,6.2,292.4,28.7,D,0
-24.7316,151.8344,314.4,1,1,2014-07-18,0343,Aqua,MODIS,64,6.2,298.6,9.2,D,0
-24.7226,151.8328,311.3,1,1,2014-07-18,0343,Aqua,MODIS,44,6.2,299,6.5,D,0
-24.7416,146.999,319.9,1.5,1.2,2014-07-18,0343,Aqua,MODIS,31,6.2,293.5,25.5,D,0
-24.7306,146.9973,317.2,1.5,1.2,2014-07-18,0343,Aqua,MODIS,35,6.2,292.9,22.7,D,0
-24.7995,146.9986,331.8,1.5,1.2,2014-07-18,0343,Aqua,MODIS,74,6.2,295.5,49.8,D,0
-24.7986,146.9918,345.6,1.5,1.2,2014-07-18,0343,Aqua,MODIS,92,6.2,296,91.4,D,0
-26.5249,152.5384,303.5,1,1,2014-07-18,0343,Aqua,MODIS,40,6.2,290,5.1,D,0
-24.8549,147.0056,326.6,1.5,1.2,2014-07-18,0343,Aqua,MODIS,33,6.2,295.8,37.8,D,0
-24.8421,147.0194,340,1.5,1.2,2014-07-18,0343,Aqua,MODIS,91,6.2,296.6,74.8,D,0
-24.8438,147.0042,321.8,1.5,1.2,2014-07-18,0343,Aqua,MODIS,22,6.2,294.2,27.4,D,0
-24.8455,146.9889,329.8,1.6,1.2,2014-07-18,0343,Aqua,MODIS,81,6.2,293.9,46.3,D,0
-26.8071,153.0604,307.3,1,1,2014-07-18,0343,Aqua,MODIS,65,6.2,292,7.4,D,0
-26.0942,152.6514,321.8,1,1,2014-07-18,0343,Aqua,MODIS,81,6.2,293.9,18.5,D,0
-26.0927,152.6614,317.3,1,1,2014-07-18,0343,Aqua,MODIS,77,6.2,293.7,14.5,D,0
-24.7205,147.0885,333.2,1.5,1.2,2014-07-18,0343,Aqua,MODIS,71,6.2,296.9,50.8,D,0
-24.7095,147.0868,351.5,1.5,1.2,2014-07-18,0343,Aqua,MODIS,96,6.2,296,108.5,D,0
-24.7112,147.0717,343.1,1.5,1.2,2014-07-18,0343,Aqua,MODIS,78,6.2,296.9,77.1,D,0
-24.7088,147.0813,345.9,1.5,1.2,2014-07-18,0343,Aqua,MODIS,94,6.2,297,88.1,D,0
-24.6961,147.0946,311,1.5,1.2,2014-07-18,0343,Aqua,MODIS,62,6.2,294.5,12,D,0
-24.7013,147.0494,327.4,1.5,1.2,2014-07-18,0343,Aqua,MODIS,27,6.2,295.6,37.6,D,0
-24.8122,146.9848,323.8,1.6,1.2,2014-07-18,0343,Aqua,MODIS,64,6.2,293.6,33.6,D,0
-24.8011,146.9834,335.4,1.6,1.2,2014-07-18,0343,Aqua,MODIS,84,6.2,294.5,60,D,0
-26.6331,152.6773,324.4,1,1,2014-07-18,0343,Aqua,MODIS,83,6.2,293.6,22.5,D,0
-26.6345,152.6672,308.1,1,1,2014-07-18,0343,Aqua,MODIS,67,6.2,292.9,8.4,D,0
-22.6042,150.0933,309.8,1,1,2014-07-18,0344,Aqua,MODIS,56,6.2,298.3,6.1,D,0
-22.595,150.0918,340.3,1,1,2014-07-18,0344,Aqua,MODIS,91,6.2,299.2,42.5,D,0
-20.1405,148.1344,319.4,1.2,1.1,2014-07-18,0345,Aqua,MODIS,71,6.2,308,9.6,D,0
-20.142,148.1233,325.8,1.2,1.1,2014-07-18,0345,Aqua,MODIS,79,6.2,306.4,17.9,D,0
-19.1682,146.2169,309.6,1.5,1.2,2014-07-18,0345,Aqua,MODIS,47,6.2,297.9,10,D,0
-16.3366,141.5725,328.8,2.9,1.6,2014-07-18,0346,Aqua,MODIS,81,6.2,305.8,85.2,D,0
-16.2721,144.3254,319.9,1.8,1.3,2014-07-18,0346,Aqua,MODIS,72,6.2,302.1,26.8,D,0
-16.27,144.3424,311.7,1.8,1.3,2014-07-18,0346,Aqua,MODIS,31,6.2,301,10.8,D,0
-15.1992,143.4001,343.5,2.1,1.4,2014-07-18,0346,Aqua,MODIS,92,6.2,299.4,122,D,0
-15.3914,143.4433,330.7,2.1,1.4,2014-07-18,0346,Aqua,MODIS,84,6.2,298.1,59.5,D,0
-15.0106,141.7127,314.1,2.8,1.6,2014-07-18,0346,Aqua,MODIS,31,6.2,297.6,17.2,D,0
-15.3892,143.4624,319.6,2,1.4,2014-07-18,0346,Aqua,MODIS,47,6.2,299.9,24.8,D,0
-15.2029,143.3884,328.4,2.1,1.4,2014-07-18,0346,Aqua,MODIS,82,6.2,296.3,57.4,D,0
-16.4188,144.3206,325.5,1.8,1.3,2014-07-18,0346,Aqua,MODIS,78,6.2,303.9,37.9,D,0
-14.3738,142.5858,322.1,2.3,1.5,2014-07-18,0346,Aqua,MODIS,56,6.2,294,43.8,D,0
-16.3328,141.593,331.5,2.9,1.6,2014-07-18,0346,Aqua,MODIS,83,6.2,307.2,101.3,D,0
-16.3218,141.5708,316.9,2.9,1.6,2014-07-18,0346,Aqua,MODIS,44,6.2,304.8,29.2,D,0
-16.4208,144.3034,314.4,1.8,1.3,2014-07-18,0346,Aqua,MODIS,48,6.2,302.4,12,D,0
-14.2557,143.6007,314.7,1.9,1.4,2014-07-18,0346,Aqua,MODIS,0,6.2,288.1,21.1,D,0
-14.3474,142.5825,320.1,2.3,1.5,2014-07-18,0346,Aqua,MODIS,68,6.2,295.1,39.3,D,0
-15.3875,143.4549,322.2,2,1.4,2014-07-18,0346,Aqua,MODIS,50,6.2,298.7,28.9,D,0
-16.3337,141.5999,331.1,2.9,1.6,2014-07-18,0346,Aqua,MODIS,83,6.2,307.1,98.5,D,0
-16.3358,141.5656,321.2,2.9,1.6,2014-07-18,0346,Aqua,MODIS,61,6.2,304.6,44.4,D,0
-15.4179,143.5427,315.8,2,1.4,2014-07-18,0346,Aqua,MODIS,59,6.2,296.5,18.2,D,0
-15.2008,143.4075,337.3,2.1,1.4,2014-07-18,0346,Aqua,MODIS,88,6.2,299.3,93.3,D,0
-16.2776,144.3314,320,1.8,1.3,2014-07-18,0346,Aqua,MODIS,71,6.2,302.4,25.3,D,0
-16.3211,141.564,316.7,2.9,1.6,2014-07-18,0346,Aqua,MODIS,35,6.2,304.5,27.8,D,0
-15.4157,143.5614,315.8,2,1.4,2014-07-18,0346,Aqua,MODIS,50,6.2,298.4,19.3,D,0
-16.4293,144.1284,318.9,1.9,1.3,2014-07-18,0346,Aqua,MODIS,69,6.2,304.7,19.2,D,0
-16.1192,144.1252,317.3,1.9,1.3,2014-07-18,0346,Aqua,MODIS,33,6.2,301.1,17.9,D,0
-16.1149,144.1191,324.6,1.9,1.3,2014-07-18,0346,Aqua,MODIS,77,6.2,301.1,37.8,D,0
-16.1051,144.0994,315.4,1.9,1.3,2014-07-18,0346,Aqua,MODIS,25,6.2,301.3,14.2,D,0
-16.1093,144.1055,321.5,1.9,1.3,2014-07-18,0346,Aqua,MODIS,74,6.2,301.2,28.9,D,0
-16.1072,144.1236,313.5,1.9,1.3,2014-07-18,0346,Aqua,MODIS,13,6.2,300.1,10.9,D,0
-12.3457,142.5766,327,2.2,1.4,2014-07-18,0347,Aqua,MODIS,70,6.2,295.4,64.5,D,0
-12.8493,142.7156,324.6,2.1,1.4,2014-07-18,0347,Aqua,MODIS,68,6.2,290.4,55.2,D,0
-19.2002,132.516,319.8,2.2,1.4,2014-07-18,0523,Aqua,MODIS,36,6.2,300.1,27.8,D,0
-19.1353,132.7368,334.6,2.3,1.5,2014-07-18,0523,Aqua,MODIS,87,6.2,302.5,92.4,D,0
-19.4813,133.0133,319.9,2.3,1.5,2014-07-18,0523,Aqua,MODIS,49,6.2,303.2,32.3,D,0
-19.46,133.0547,321.2,2.4,1.5,2014-07-18,0523,Aqua,MODIS,64,6.2,302.8,39.2,D,0
-19.464,133.0326,317.3,2.3,1.5,2014-07-18,0523,Aqua,MODIS,37,6.2,301.6,23.5,D,0
-20.5607,132.0861,335.9,1.9,1.3,2014-07-18,0523,Aqua,MODIS,88,6.2,299.4,82.6,D,0
-20.5573,132.1042,318.9,1.9,1.3,2014-07-18,0523,Aqua,MODIS,73,6.2,299,30.7,D,0
-18.8736,132.5744,327.5,2.2,1.4,2014-07-18,0523,Aqua,MODIS,33,6.2,301.1,54.3,D,0
-18.853,132.6139,332.5,2.3,1.5,2014-07-18,0523,Aqua,MODIS,56,6.2,302.2,69.4,D,0
-18.8607,132.5717,329.8,2.2,1.4,2014-07-18,0523,Aqua,MODIS,53,6.2,301.4,62.7,D,0
-19.5845,132.3651,326.7,2.1,1.4,2014-07-18,0523,Aqua,MODIS,72,6.2,300.1,51.5,D,0
-19.581,132.3849,336.4,2.1,1.4,2014-07-18,0523,Aqua,MODIS,88,6.2,304.1,87.1,D,0
-19.5936,132.3875,363.4,2.1,1.4,2014-07-18,0523,Aqua,MODIS,100,6.2,302.9,259.6,D,0
-19.1642,132.5038,315.1,2.2,1.4,2014-07-18,0523,Aqua,MODIS,46,6.2,301.4,21,D,0
-19.7934,133.1732,315.1,2.4,1.5,2014-07-18,0523,Aqua,MODIS,66,6.2,303,25.5,D,0
-19.8007,133.18,314.1,2.4,1.5,2014-07-18,0523,Aqua,MODIS,64,6.2,302.5,21,D,0
-19.59,132.4073,324.6,2.1,1.4,2014-07-18,0523,Aqua,MODIS,73,6.2,303.1,39.9,D,0
-19.5838,132.3704,335.8,2.1,1.4,2014-07-18,0523,Aqua,MODIS,88,6.2,301,87,D,0
-19.5801,132.3901,324.9,2.1,1.4,2014-07-18,0523,Aqua,MODIS,41,6.2,303.7,41.5,D,0
-19.5963,132.3729,330.6,2.1,1.4,2014-07-18,0523,Aqua,MODIS,69,6.2,299.1,64.1,D,0
-19.5927,132.3927,361,2.1,1.4,2014-07-18,0523,Aqua,MODIS,100,6.2,303.6,234.7,D,0
-19.6304,132.4004,347.7,2.1,1.4,2014-07-18,0523,Aqua,MODIS,94,6.2,301.1,144.7,D,0
-19.6465,132.3832,318.5,2.1,1.4,2014-07-18,0523,Aqua,MODIS,19,6.2,297.1,28.6,D,0
-19.6429,132.403,328.7,2.1,1.4,2014-07-18,0523,Aqua,MODIS,49,6.2,300.3,55.8,D,0
-19.1483,132.7223,322.7,2.3,1.5,2014-07-18,0523,Aqua,MODIS,56,6.2,302,43.2,D,0
-19.1392,132.7155,321.6,2.3,1.5,2014-07-18,0523,Aqua,MODIS,76,6.2,302.8,42.2,D,0
-19.4901,132.596,326.1,2.2,1.4,2014-07-18,0523,Aqua,MODIS,53,6.2,302.9,45.7,D,0
-19.5288,132.4566,346.1,2.1,1.4,2014-07-18,0523,Aqua,MODIS,93,6.2,305.4,142.3,D,0
-19.5252,132.4768,314.8,2.1,1.4,2014-07-18,0523,Aqua,MODIS,51,6.2,304,18.1,D,0
-19.1445,132.7608,316.6,2.3,1.5,2014-07-18,0523,Aqua,MODIS,43,6.2,303.6,24,D,0
-19.1443,132.7435,337.5,2.3,1.5,2014-07-18,0523,Aqua,MODIS,89,6.2,303.7,104.5,D,0
-18.8635,132.7045,318.4,2.3,1.5,2014-07-18,0523,Aqua,MODIS,35,6.2,305.1,26.5,D,0
-18.7715,132.4126,349.7,2.2,1.4,2014-07-18,0523,Aqua,MODIS,95,6.2,301.1,177.8,D,0
-18.7679,132.4332,365,2.2,1.4,2014-07-18,0523,Aqua,MODIS,100,6.2,303.4,299.3,D,0
-18.7743,132.3994,312.4,2.2,1.4,2014-07-18,0523,Aqua,MODIS,60,6.2,295.8,21.6,D,0
-18.7706,132.4199,376.7,2.2,1.4,2014-07-18,0523,Aqua,MODIS,100,6.2,303.1,424.3,D,0
-18.7668,132.4404,348.3,2.2,1.4,2014-07-18,0523,Aqua,MODIS,94,6.2,300.8,164.2,D,0
-18.7834,132.4225,334.9,2.2,1.4,2014-07-18,0523,Aqua,MODIS,87,6.2,299.7,94.2,D,0
-18.7796,132.4429,364.9,2.2,1.4,2014-07-18,0523,Aqua,MODIS,100,6.2,304.6,295.6,D,0
-18.7758,132.4636,341.3,2.2,1.4,2014-07-18,0523,Aqua,MODIS,91,6.2,301.3,122.7,D,0
-18.7887,132.4662,316.9,2.2,1.4,2014-07-18,0523,Aqua,MODIS,69,6.2,301.6,29,D,0
-19.7,132.8083,328.6,2.2,1.4,2014-07-18,0523,Aqua,MODIS,73,6.2,304.1,60.5,D,0
-19.7035,132.8038,327.9,2.2,1.4,2014-07-18,0523,Aqua,MODIS,73,6.2,302.9,58.1,D,0
-19.6738,132.8196,319.5,2.2,1.5,2014-07-18,0523,Aqua,MODIS,56,6.2,303.2,29.7,D,0
-19.6891,132.7354,317.6,2.2,1.4,2014-07-18,0523,Aqua,MODIS,34,6.2,304.2,21.9,D,0
-18.8543,132.6805,325.8,2.3,1.5,2014-07-18,0523,Aqua,MODIS,72,6.2,304.2,49.3,D,0
-18.8112,132.6939,321,2.3,1.5,2014-07-18,0523,Aqua,MODIS,65,6.2,302.7,35.3,D,0
-18.8152,132.6724,321.1,2.3,1.5,2014-07-18,0523,Aqua,MODIS,72,6.2,303,35,D,0
-19.2235,132.6064,347.5,2.2,1.4,2014-07-18,0523,Aqua,MODIS,94,6.2,304,153.8,D,0
-19.2296,132.5007,340,2.2,1.4,2014-07-18,0523,Aqua,MODIS,82,6.2,301.5,103.5,D,0
-19.2333,132.4804,339.7,2.2,1.4,2014-07-18,0523,Aqua,MODIS,90,6.2,300.9,107.3,D,0
-19.204,132.4956,318.2,2.2,1.4,2014-07-18,0523,Aqua,MODIS,36,6.2,300.3,24.5,D,0
-19.608,132.6685,317.5,2.2,1.4,2014-07-18,0523,Aqua,MODIS,60,6.2,303.7,22.9,D,0
-19.6703,132.4777,321.8,2.1,1.4,2014-07-18,0523,Aqua,MODIS,19,6.2,302.7,30.6,D,0
-19.6846,132.5427,316.3,2.1,1.4,2014-07-18,0523,Aqua,MODIS,41,6.2,302.8,20,D,0
-19.4472,132.5374,319.3,2.2,1.4,2014-07-18,0523,Aqua,MODIS,51,6.2,303.5,28.8,D,0
-19.5221,133.2132,316.3,2.4,1.5,2014-07-18,0523,Aqua,MODIS,68,6.2,302.2,28.2,D,0
-19.5213,133.1969,315.4,2.4,1.5,2014-07-18,0523,Aqua,MODIS,60,6.2,303,23,D,0
-19.4324,132.6194,316.1,2.2,1.4,2014-07-18,0523,Aqua,MODIS,53,6.2,302.8,22.2,D,0
-19.4863,132.6165,322.3,2.2,1.4,2014-07-18,0523,Aqua,MODIS,67,6.2,304.7,36.4,D,0
-18.7721,132.4843,333.9,2.2,1.4,2014-07-18,0523,Aqua,MODIS,86,6.2,301.2,84.5,D,0
-18.7849,132.4869,314,2.2,1.4,2014-07-18,0523,Aqua,MODIS,35,6.2,300.5,18.3,D,0
-18.7811,132.5076,326.6,2.2,1.4,2014-07-18,0523,Aqua,MODIS,81,6.2,300.8,54.7,D,0
-18.7774,132.5283,347.6,2.2,1.4,2014-07-18,0523,Aqua,MODIS,94,6.2,303.6,158.5,D,0
-18.7865,132.5518,325.1,2.2,1.4,2014-07-18,0523,Aqua,MODIS,73,6.2,303.1,44.9,D,0
-18.8123,132.5571,318.2,2.2,1.4,2014-07-18,0523,Aqua,MODIS,44,6.2,301.6,24.4,D,0
-18.8086,132.5781,323.7,2.2,1.5,2014-07-18,0523,Aqua,MODIS,78,6.2,304.2,41.9,D,0
-19.517,133.2195,314.9,2.4,1.5,2014-07-18,0523,Aqua,MODIS,52,6.2,303.6,22.1,D,0
-19.4509,132.517,322.1,2.2,1.4,2014-07-18,0523,Aqua,MODIS,72,6.2,301.6,38.2,D,0
-19.1483,132.7395,327.9,2.3,1.5,2014-07-18,0523,Aqua,MODIS,82,6.2,303.6,64.4,D,0
-18.7581,132.6337,324.6,2.3,1.5,2014-07-18,0523,Aqua,MODIS,79,6.2,304.7,43,D,0
-18.7542,132.6551,320.4,2.3,1.5,2014-07-18,0523,Aqua,MODIS,51,6.2,303.2,30.8,D,0
-18.7711,132.6364,326.7,2.3,1.5,2014-07-18,0523,Aqua,MODIS,79,6.2,304,48.1,D,0
-18.8192,132.651,319,2.3,1.5,2014-07-18,0523,Aqua,MODIS,53,6.2,303.6,24.8,D,0
-18.84,132.6112,359.5,2.3,1.5,2014-07-18,0523,Aqua,MODIS,99,6.2,304.9,242,D,0
-19.4825,132.6372,319.8,2.2,1.4,2014-07-18,0523,Aqua,MODIS,69,6.2,303.6,31.1,D,0
-20.5577,132.0802,327.2,1.9,1.3,2014-07-18,0523,Aqua,MODIS,82,6.2,298.9,52.9,D,0
-18.8491,132.6351,355.8,2.3,1.5,2014-07-18,0523,Aqua,MODIS,98,6.2,304.9,208.6,D,0
-18.8452,132.6565,333.6,2.3,1.5,2014-07-18,0523,Aqua,MODIS,67,6.2,302.5,73.8,D,0
-20.5545,132.0983,327.8,1.9,1.3,2014-07-18,0523,Aqua,MODIS,82,6.2,299.5,55.4,D,0
-18.6513,132.5605,320.2,2.3,1.5,2014-07-18,0523,Aqua,MODIS,63,6.2,304.7,30.6,D,0
-18.6615,132.4329,313.4,2.2,1.4,2014-07-18,0523,Aqua,MODIS,62,6.2,302.3,17.7,D,0
-19.6448,132.4651,323.6,2.1,1.4,2014-07-18,0523,Aqua,MODIS,30,6.2,301.3,32.3,D,0
-19.6393,132.4228,375.9,2.1,1.4,2014-07-18,0523,Aqua,MODIS,100,6.2,307,374.6,D,0
-20.2744,131.7646,316.3,1.8,1.3,2014-07-18,0523,Aqua,MODIS,65,6.2,296.9,21.3,D,0
-19.1462,132.4576,334.5,2.2,1.4,2014-07-18,0523,Aqua,MODIS,87,6.2,301.4,89.1,D,0
-19.6358,132.4426,376.6,2.1,1.4,2014-07-18,0523,Aqua,MODIS,100,6.2,305.3,382.1,D,0
-19.7317,132.4281,319.4,2.1,1.4,2014-07-18,0523,Aqua,MODIS,73,6.2,301.4,31.1,D,0
-20.2712,131.782,314.9,1.8,1.3,2014-07-18,0523,Aqua,MODIS,56,6.2,297.5,17.9,D,0
-19.7352,132.4084,320.4,2.1,1.4,2014-07-18,0523,Aqua,MODIS,74,6.2,301.1,33.2,D,0
-19.7227,132.4059,327,2.1,1.4,2014-07-18,0523,Aqua,MODIS,81,6.2,304.4,51.4,D,0
-19.6268,132.4202,349.9,2.1,1.4,2014-07-18,0523,Aqua,MODIS,95,6.2,301.4,152.5,D,0
-19.1499,132.4373,314.2,2.2,1.4,2014-07-18,0523,Aqua,MODIS,65,6.2,300.4,20.7,D,0
-17.0357,128.2421,318.5,1.2,1.1,2014-07-18,0524,Aqua,MODIS,60,6.2,305.3,8.2,D,0
-18.1729,130.2531,322.8,1.6,1.2,2014-07-18,0524,Aqua,MODIS,45,6.2,300.5,22.4,D,0
-17.0277,128.229,319.7,1.2,1.1,2014-07-18,0524,Aqua,MODIS,63,6.2,305.4,9.9,D,0
-18.179,130.2847,330,1.6,1.2,2014-07-18,0524,Aqua,MODIS,56,6.2,301.3,36.5,D,0
-18.1938,130.1967,337.8,1.6,1.2,2014-07-18,0524,Aqua,MODIS,88,6.2,299.4,63.7,D,0
-15.5736,129.4572,320.7,1.5,1.2,2014-07-18,0524,Aqua,MODIS,54,6.2,306.3,14.3,D,0
-18.1914,130.2112,323.3,1.6,1.2,2014-07-18,0524,Aqua,MODIS,72,6.2,300.1,26.2,D,0
-14.8287,134.9293,312.8,4.1,1.9,2014-07-18,0524,Aqua,MODIS,50,6.2,297.9,49.6,D,0
-14.786,134.8821,315.3,4,1.9,2014-07-18,0524,Aqua,MODIS,60,6.2,297.2,61.2,D,0
-14.8238,134.9207,313.7,4.1,1.9,2014-07-18,0524,Aqua,MODIS,50,6.2,297.3,49,D,0
-14.7878,134.8365,311.7,4,1.9,2014-07-18,0524,Aqua,MODIS,38,6.2,298.1,39.4,D,0
-14.7932,134.8453,314.1,4,1.9,2014-07-18,0524,Aqua,MODIS,56,6.2,297.1,52.1,D,0
-15.9654,135.4846,313.7,4.2,1.9,2014-07-18,0524,Aqua,MODIS,54,6.2,300.8,44.9,D,0
-14.7809,134.8733,318.6,4,1.9,2014-07-18,0524,Aqua,MODIS,68,6.2,297.2,84.1,D,0
-15.6703,129.4436,323,1.5,1.2,2014-07-18,0524,Aqua,MODIS,24,6.2,306.9,15.5,D,0
-15.7053,129.4352,325.8,1.5,1.2,2014-07-18,0524,Aqua,MODIS,34,6.2,308.6,19.5,D,0
-15.6697,129.4377,326.1,1.5,1.2,2014-07-18,0524,Aqua,MODIS,74,6.2,308.1,23.3,D,0
-12.3472,132.6217,332.7,3,1.7,2014-07-18,0525,Aqua,MODIS,84,6.2,300,117.8,D,0
-12.3492,132.6173,326.8,3,1.7,2014-07-18,0525,Aqua,MODIS,78,6.2,300.1,79.9,D,0
-13.2416,131.0062,327,2.2,1.4,2014-07-18,0525,Aqua,MODIS,72,6.2,304.9,42.8,D,0
-13.2322,130.9837,322.7,2.2,1.4,2014-07-18,0525,Aqua,MODIS,44,6.2,305.4,30.9,D,0
-13.2357,130.9636,322,2.2,1.4,2014-07-18,0525,Aqua,MODIS,62,6.2,303.2,30.9,D,0
-11.3377,132.2753,318.6,3,1.6,2014-07-18,0525,Aqua,MODIS,61,6.2,297.3,44.6,D,0
-11.3328,132.3027,320.9,3,1.7,2014-07-18,0525,Aqua,MODIS,73,6.2,297.4,58,D,0
-11.3344,132.2979,326.3,3,1.7,2014-07-18,0525,Aqua,MODIS,79,6.2,297.6,84.7,D,0
-11.9837,132.7877,343.1,3.2,1.7,2014-07-18,0525,Aqua,MODIS,92,6.2,298.2,216.4,D,0
-11.9799,132.7917,336.8,3.2,1.7,2014-07-18,0525,Aqua,MODIS,88,6.2,297.9,162.3,D,0
-11.4136,131.4045,341,2.6,1.5,2014-07-18,0525,Aqua,MODIS,88,6.2,296.5,140.2,D,0
-11.4071,131.3962,349.8,2.6,1.5,2014-07-18,0525,Aqua,MODIS,95,6.2,297,214.2,D,0
-11.3697,131.3656,312.8,2.5,1.5,2014-07-18,0525,Aqua,MODIS,44,6.2,294.9,22.4,D,0
-11.3737,131.3424,314.1,2.5,1.5,2014-07-18,0525,Aqua,MODIS,54,6.2,295.5,26.8,D,0
-11.4039,131.3792,359.4,2.5,1.5,2014-07-18,0525,Aqua,MODIS,99,6.2,296,298.5,D,0
-11.4109,131.373,336.3,2.5,1.5,2014-07-18,0525,Aqua,MODIS,87,6.2,296,115.5,D,0
-11.3972,131.3706,340,2.5,1.5,2014-07-18,0525,Aqua,MODIS,90,6.2,294.4,139.5,D,0
-12.2899,132.6063,318.5,3,1.7,2014-07-18,0525,Aqua,MODIS,63,6.2,297.4,45.5,D,0
-12.29,132.5987,320.1,3,1.7,2014-07-18,0525,Aqua,MODIS,70,6.2,297.6,55.7,D,0
-11.4176,131.3815,341.6,2.5,1.5,2014-07-18,0525,Aqua,MODIS,91,6.2,296.8,141.7,D,0
-11.5049,131.4017,310.1,2.5,1.5,2014-07-18,0525,Aqua,MODIS,18,6.2,295.1,16.2,D,0
-12.2195,133.4929,316.2,3.6,1.8,2014-07-18,0525,Aqua,MODIS,59,6.2,295.1,44.4,D,0
-12.1967,131.048,344.5,2.3,1.5,2014-07-18,0525,Aqua,MODIS,87,6.2,300.8,150.2,D,0
-12.952,132.4938,319.5,2.9,1.6,2014-07-18,0525,Aqua,MODIS,66,6.2,301.3,40.6,D,0
-12.1867,131.0388,338.5,2.3,1.5,2014-07-18,0525,Aqua,MODIS,84,6.2,299,114.1,D,0
-11.9072,133.65,311.8,3.7,1.8,2014-07-18,0525,Aqua,MODIS,48,6.2,296.1,32.7,D,0
-12.27,134.3812,321.1,4.2,1.9,2014-07-18,0525,Aqua,MODIS,53,6.2,294.6,96.6,D,0
-12.9522,132.4885,318.9,2.9,1.6,2014-07-18,0525,Aqua,MODIS,65,6.2,301.3,37.5,D,0
-12.2719,134.3865,318.8,4.2,1.9,2014-07-18,0525,Aqua,MODIS,65,6.2,294.6,88,D,0
-12.1247,133.3395,324,3.5,1.8,2014-07-18,0525,Aqua,MODIS,55,6.2,297.9,74.3,D,0
-12.646,132.6695,333.8,3,1.7,2014-07-18,0525,Aqua,MODIS,84,6.2,300.2,123.6,D,0
-12.1999,131.0411,348.4,2.3,1.5,2014-07-18,0525,Aqua,MODIS,89,6.2,301.6,175.3,D,0
-12.2099,131.0504,342.2,2.3,1.5,2014-07-18,0525,Aqua,MODIS,79,6.2,299.6,133,D,0
-12.5912,130.9724,318,2.3,1.5,2014-07-18,0525,Aqua,MODIS,61,6.2,300.6,25.5,D,0
-12.2121,133.4869,315.1,3.6,1.8,2014-07-18,0525,Aqua,MODIS,53,6.2,294.8,37.7,D,0
-12.2789,134.3486,323.1,4.1,1.9,2014-07-18,0525,Aqua,MODIS,73,6.2,295.2,115.4,D,0
-12.2134,133.5257,314.2,3.6,1.8,2014-07-18,0525,Aqua,MODIS,44,6.2,295.9,32.2,D,0
-12.1964,131.0623,322.8,2.3,1.5,2014-07-18,0525,Aqua,MODIS,56,6.2,299.4,47.4,D,0
-12.1086,133.6044,315.8,3.7,1.8,2014-07-18,0525,Aqua,MODIS,47,6.2,297.9,42.7,D,0
-12.2062,133.5197,313,3.6,1.8,2014-07-18,0525,Aqua,MODIS,26,6.2,295.5,26.4,D,0
-11.9954,134.1238,313.2,4,1.9,2014-07-18,0525,Aqua,MODIS,33,6.2,294.7,41.3,D,0
-12.2063,131.0715,318.7,2.3,1.5,2014-07-18,0525,Aqua,MODIS,27,6.2,298.2,30.1,D,0
-12.4792,133.1007,317,3.3,1.7,2014-07-18,0525,Aqua,MODIS,57,6.2,299.8,33.9,D,0
-12.1302,133.3327,321.2,3.5,1.8,2014-07-18,0525,Aqua,MODIS,68,6.2,298.5,61.5,D,0
-12.2767,134.3435,319.7,4.1,1.9,2014-07-18,0525,Aqua,MODIS,42,6.2,294.9,79.1,D,0
-13.7486,129.858,322.6,1.8,1.3,2014-07-18,0525,Aqua,MODIS,69,6.2,300.8,31.3,D,0
-11.4638,130.5651,313.5,2.2,1.4,2014-07-18,0525,Aqua,MODIS,44,6.2,296.7,21.3,D,0
-13.833,130.0472,321.2,1.8,1.3,2014-07-18,0525,Aqua,MODIS,54,6.2,302.2,21.3,D,0
-11.3354,130.5508,320.1,2.2,1.4,2014-07-18,0525,Aqua,MODIS,54,6.2,296.2,40.4,D,0
-13.8278,130.0532,316.5,1.8,1.3,2014-07-18,0525,Aqua,MODIS,38,6.2,303.4,12.3,D,0
-11.5035,130.2527,320.8,2.1,1.4,2014-07-18,0525,Aqua,MODIS,52,6.2,298.7,31.9,D,0
-11.4287,130.5382,310.4,2.2,1.4,2014-07-18,0525,Aqua,MODIS,30,6.2,295.7,13.1,D,0
-11.3343,130.5579,321.6,2.2,1.4,2014-07-18,0525,Aqua,MODIS,0,6.2,296.1,40.6,D,0
-13.8306,130.0366,318.6,1.8,1.3,2014-07-18,0525,Aqua,MODIS,45,6.2,303.2,15,D,0
-13.7547,129.8647,337.1,1.8,1.3,2014-07-18,0525,Aqua,MODIS,83,6.2,304.7,69.5,D,0
-13.746,129.8742,323.4,1.8,1.3,2014-07-18,0525,Aqua,MODIS,71,6.2,301.6,33.1,D,0
-13.9646,130.2926,324.5,1.9,1.3,2014-07-18,0525,Aqua,MODIS,73,6.2,304.4,25.3,D,0
-14.6032,130.2579,325.2,1.8,1.3,2014-07-18,0525,Aqua,MODIS,75,6.2,306.1,29.1,D,0
-11.4568,130.3765,318.4,2.1,1.4,2014-07-18,0525,Aqua,MODIS,0,6.2,296.9,30.9,D,0
-11.4589,130.3624,315.4,2.1,1.4,2014-07-18,0525,Aqua,MODIS,41,6.2,296.9,19.2,D,0
-14.765,129.8294,344,1.7,1.3,2014-07-18,0525,Aqua,MODIS,91,6.2,306.8,88,D,0
-14.7624,129.845,327.5,1.7,1.3,2014-07-18,0525,Aqua,MODIS,68,6.2,304.8,33.3,D,0
-14.6571,129.7882,324.6,1.7,1.3,2014-07-18,0525,Aqua,MODIS,41,6.2,303.7,24.6,D,0
-14.6645,129.8865,323.5,1.7,1.3,2014-07-18,0525,Aqua,MODIS,68,6.2,307.2,17.3,D,0
-11.516,130.2549,342.3,2.1,1.4,2014-07-18,0525,Aqua,MODIS,0,6.2,299.6,115.5,D,0
-14.5593,130.3017,324.3,1.8,1.3,2014-07-18,0525,Aqua,MODIS,60,6.2,304.5,29.4,D,0
-14.6671,129.8704,322.1,1.7,1.3,2014-07-18,0525,Aqua,MODIS,36,6.2,305.3,12.5,D,0
-14.5475,130.2993,325.8,1.8,1.3,2014-07-18,0525,Aqua,MODIS,67,6.2,303.5,34.4,D,0
-14.6556,129.8683,328.1,1.7,1.3,2014-07-18,0525,Aqua,MODIS,45,6.2,307.1,25.7,D,0
-14.6965,129.8171,331.3,1.7,1.3,2014-07-18,0525,Aqua,MODIS,80,6.2,307.1,36.9,D,0
-14.7079,129.8191,328.7,1.7,1.3,2014-07-18,0525,Aqua,MODIS,64,6.2,305.4,31.1,D,0
-12.3677,133.0177,316.7,3.3,1.7,2014-07-18,0525,Aqua,MODIS,60,6.2,299,35.1,D,0
-12.3705,133.0105,314.7,3.3,1.7,2014-07-18,0525,Aqua,MODIS,52,6.2,299,28.3,D,0
-14.5503,130.2826,325.4,1.8,1.3,2014-07-18,0525,Aqua,MODIS,68,6.2,304.5,33.6,D,0
-11.5129,130.2735,320.3,2.1,1.4,2014-07-18,0525,Aqua,MODIS,45,6.2,299.2,28.5,D,0
-11.5254,130.2758,332.2,2.1,1.4,2014-07-18,0525,Aqua,MODIS,73,6.2,299.3,66.8,D,0
-11.7133,130.0866,316.6,2,1.4,2014-07-18,0525,Aqua,MODIS,50,6.2,297.3,23.7,D,0
-13.0076,131.141,319.6,2.3,1.5,2014-07-18,0525,Aqua,MODIS,53,6.2,302.9,20.2,D,0
-13.0117,131.1366,321.2,2.3,1.5,2014-07-18,0525,Aqua,MODIS,57,6.2,303.6,24.3,D,0
-11.9851,132.7629,317.2,3.2,1.7,2014-07-18,0525,Aqua,MODIS,33,6.2,298.3,38.9,D,0
-11.97,132.76,315.8,3.2,1.7,2014-07-18,0525,Aqua,MODIS,17,6.2,297.6,31.6,D,0
-12.6459,132.6617,340.7,3,1.7,2014-07-18,0525,Aqua,MODIS,89,6.2,300.2,175.5,D,0
-12.6506,132.6343,322.5,3,1.7,2014-07-18,0525,Aqua,MODIS,64,6.2,298,51,D,0
-12.0695,134.7825,313.8,4.5,2,2014-07-18,0525,Aqua,MODIS,0,6.2,294,62.9,D,0
-12.1902,131.0178,330.6,2.3,1.5,2014-07-18,0525,Aqua,MODIS,0,6.2,297.6,71.6,D,0
-12.3422,132.6491,331.6,3.1,1.7,2014-07-18,0525,Aqua,MODIS,83,6.2,298,113.8,D,0
-12.6509,132.6421,332.1,3,1.7,2014-07-18,0525,Aqua,MODIS,72,6.2,298.7,112.3,D,0
-12.3444,132.6448,336.6,3.1,1.7,2014-07-18,0525,Aqua,MODIS,87,6.2,298.2,149.5,D,0
-11.995,132.7946,319.7,3.2,1.7,2014-07-18,0525,Aqua,MODIS,55,6.2,297,51.2,D,0
-12.2004,131.027,354.6,2.3,1.5,2014-07-18,0525,Aqua,MODIS,0,6.2,299,215.3,D,0
-12.1872,131.0246,328.5,2.3,1.5,2014-07-18,0525,Aqua,MODIS,51,6.2,298,65.7,D,0
-11.9736,132.756,317.2,3.2,1.7,2014-07-18,0525,Aqua,MODIS,63,6.2,297.4,41.1,D,0
-30.9296,152.7971,303.5,2,1.4,2014-07-18,1306,Terra,MODIS,55,6.2,282.2,24.4,N,0
-26.8037,153.0584,309.9,2.6,1.6,2014-07-18,1307,Terra,MODIS,78,6.2,282.2,52.6,N,0
-24.7449,147.0117,301.9,1.2,1.1,2014-07-18,1308,Terra,MODIS,31,6.2,278.9,9.9,N,0
-24.7468,147.0001,303.3,1.2,1.1,2014-07-18,1308,Terra,MODIS,41,6.2,278.9,10.8,N,0
-24.7505,146.977,315.7,1.2,1.1,2014-07-18,1308,Terra,MODIS,57,6.2,280.8,20.2,N,0
-24.7524,146.9655,310.5,1.2,1.1,2014-07-18,1308,Terra,MODIS,29,6.2,279.2,15.5,N,0
-24.739,146.9866,315.1,1.2,1.1,2014-07-18,1308,Terra,MODIS,39,6.2,280.8,19.4,N,0
-24.7371,146.9983,310.9,1.2,1.1,2014-07-18,1308,Terra,MODIS,19,6.2,279.8,15.8,N,0
-24.7621,146.9674,320.6,1.2,1.1,2014-07-18,1308,Terra,MODIS,100,6.2,279.6,27,N,0
-24.764,146.9557,303.8,1.2,1.1,2014-07-18,1308,Terra,MODIS,56,6.2,278.4,11.6,N,0
-24.8105,146.9768,300.6,1.2,1.1,2014-07-18,1308,Terra,MODIS,6,6.2,277.6,9.1,N,0
-20.7306,139.4737,300,1.4,1.2,2014-07-18,1309,Terra,MODIS,12,6.2,283.6,9.5,N,2
-14.2453,143.6188,301.8,1.1,1,2014-07-18,1311,Terra,MODIS,35,6.2,290.5,5.1,N,0
-14.2561,143.6104,300.8,1.1,1,2014-07-18,1311,Terra,MODIS,28,6.2,290.3,4.6,N,0
-16.1709,136.4489,306.6,1.9,1.3,2014-07-18,1311,Terra,MODIS,68,6.2,286.4,22.4,N,0
-15.2199,143.3832,302.7,1.1,1,2014-07-18,1311,Terra,MODIS,51,6.2,289.9,6.1,N,0
-15.2185,143.3929,308.2,1.1,1,2014-07-18,1311,Terra,MODIS,74,6.2,290.2,9.7,N,0
-16.173,136.4311,304.8,1.9,1.3,2014-07-18,1311,Terra,MODIS,62,6.2,285.4,20.2,N,0
-14.2173,143.6144,300.7,1.1,1,2014-07-18,1311,Terra,MODIS,33,6.2,290.5,4.6,N,0
-16.087,144.1011,305.3,1.1,1,2014-07-18,1311,Terra,MODIS,10,6.2,289.9,7.3,N,0
-16.1042,144.1141,304.5,1.1,1,2014-07-18,1311,Terra,MODIS,21,6.2,290.1,6.9,N,0
-12.5206,141.7634,302.8,1,1,2014-07-18,1312,Terra,MODIS,52,6.2,288.4,6,N,0
-12.1046,133.324,302.3,2.9,1.6,2014-07-18,1312,Terra,MODIS,35,6.2,290.8,18.7,N,0
-12.6434,134.269,301.6,2.5,1.5,2014-07-18,1312,Terra,MODIS,43,6.2,290.4,16,N,0
-12.0931,133.2959,304.6,2.9,1.6,2014-07-18,1312,Terra,MODIS,55,6.2,290.7,25.1,N,0
-12.0901,133.3222,313.2,2.9,1.6,2014-07-18,1312,Terra,MODIS,87,6.2,291,52.5,N,0
-12.0886,133.3153,315.2,2.9,1.6,2014-07-18,1312,Terra,MODIS,91,6.2,291.1,59.6,N,0
-26.7955,153.0604,307,2,1.4,2014-07-18,1440,Aqua,MODIS,70,6.2,281.7,30.4,N,0
-18.7585,126.0492,300.3,2.7,1.6,2014-07-18,1448,Terra,MODIS,23,6.2,287.9,18.6,N,0
-18.7617,126.0566,301.7,2.7,1.6,2014-07-18,1448,Terra,MODIS,44,6.2,287.7,23,N,0
-12.6507,134.2746,300.5,1.4,1.2,2014-07-18,1615,Aqua,MODIS,29,6.2,290.2,6.7,N,0
-12.6448,141.9913,302.1,1.4,1.2,2014-07-18,1615,Aqua,MODIS,39,6.2,289.4,8,N,0
-11.7753,133.8511,301.5,1.6,1.2,2014-07-18,1615,Aqua,MODIS,41,6.2,290.3,8.1,N,0
-15.8934,135.5183,332.1,1.1,1,2014-07-18,1616,Aqua,MODIS,100,6.2,288.2,38.2,N,0
-15.895,135.5285,309.9,1.1,1,2014-07-18,1616,Aqua,MODIS,79,6.2,284.9,12.8,N,0
-15.9028,135.5168,316.3,1.1,1,2014-07-18,1616,Aqua,MODIS,93,6.2,288,18,N,0
-15.9044,135.5269,305.9,1.1,1,2014-07-18,1616,Aqua,MODIS,66,6.2,285.4,9.4,N,0
-17.382,138.8132,301.6,1.1,1,2014-07-18,1616,Aqua,MODIS,34,6.2,283.3,6.5,N,0
-20.7293,139.4796,303,1.2,1.1,2014-07-18,1617,Aqua,MODIS,53,6.2,282.8,11.4,N,2
-15.3949,143.5257,324.7,4.8,2,2014-07-19,0002,Terra,MODIS,78,6.2,294,193.8,D,0
-15.393,143.5204,320.9,4.8,2,2014-07-19,0003,Terra,MODIS,67,6.2,294,141.3,D,0
-24.7431,147.0018,314.4,1.7,1.3,2014-07-19,0005,Terra,MODIS,65,6.2,287.1,26.9,D,0
-24.7968,146.9847,315.2,1.7,1.3,2014-07-19,0005,Terra,MODIS,52,6.2,287.2,27.9,D,0
-24.8341,146.9934,311.4,1.7,1.3,2014-07-19,0005,Terra,MODIS,56,6.2,286.2,22.4,D,0
-23.8855,148.5288,308.8,1.4,1.2,2014-07-19,0005,Terra,MODIS,68,6.2,291.3,13.5,D,0
-26.7992,153.0626,327.9,1,1,2014-07-19,0005,Terra,MODIS,85,6.2,291.2,27.3,D,0
-26.8083,153.061,305.5,1,1,2014-07-19,0005,Terra,MODIS,62,6.2,288.8,7.1,D,0
-27.3678,153.0558,300.1,1,1,2014-07-19,0005,Terra,MODIS,19,6.2,288.4,2.3,D,0
-24.7161,147.1004,311.4,1.7,1.3,2014-07-19,0005,Terra,MODIS,71,6.2,287.9,20.3,D,0
-24.7158,147.1107,305.6,1.7,1.3,2014-07-19,0005,Terra,MODIS,62,6.2,288.5,13.3,D,0
-30.9291,152.7946,322.6,1.1,1,2014-07-19,0006,Terra,MODIS,82,6.2,288.3,23.5,D,0
-30.9306,152.8058,320.1,1.1,1,2014-07-19,0006,Terra,MODIS,80,6.2,288.2,20.8,D,0
-30.9467,149.107,302.1,1.1,1,2014-07-19,0006,Terra,MODIS,51,6.2,284.4,7.2,D,0
-30.0321,152.9437,337.4,1.1,1,2014-07-19,0006,Terra,MODIS,90,6.2,289.5,43.7,D,0
-30.0336,152.9549,306.3,1.1,1,2014-07-19,0006,Terra,MODIS,36,6.2,287.1,7.7,D,0
-30.0415,152.9424,309,1.1,1,2014-07-19,0006,Terra,MODIS,64,6.2,287,9.9,D,0
-29.8602,152.8184,304.6,1.1,1,2014-07-19,0006,Terra,MODIS,59,6.2,288.8,7.3,D,0
-28.277,148.7871,301.9,1.2,1.1,2014-07-19,0006,Terra,MODIS,49,6.2,288,5.2,D,0
-32.0701,146.7103,301.8,1.3,1.1,2014-07-19,0007,Terra,MODIS,49,6.2,281.9,9.9,D,0
-34.4579,150.8807,306.3,1,1,2014-07-19,0007,Terra,MODIS,48,6.2,287,8.2,D,2
-32.06,146.7127,309.8,1.3,1.1,2014-07-19,0007,Terra,MODIS,69,6.2,283.1,17.5,D,0
-12.1981,131.073,325.4,1,1,2014-07-19,0140,Terra,MODIS,76,6.2,301.5,15.4,D,0
-12.7312,132.0212,338.6,1.1,1,2014-07-19,0140,Terra,MODIS,88,6.2,304.9,33.4,D,0
-12.099,134.448,327.3,1.4,1.2,2014-07-19,0140,Terra,MODIS,61,6.2,297.1,32.6,D,0
-12.1094,134.4466,328.1,1.4,1.2,2014-07-19,0140,Terra,MODIS,81,6.2,297.7,33.8,D,0
-11.786,133.8604,348.2,1.3,1.1,2014-07-19,0140,Terra,MODIS,89,6.2,299.6,70.1,D,0
-11.8997,133.6476,321.3,1.2,1.1,2014-07-19,0140,Terra,MODIS,73,6.2,299.3,17.5,D,0
-12.0832,133.2857,328.9,1.2,1.1,2014-07-19,0140,Terra,MODIS,81,6.2,300.4,22.8,D,0
-12.1164,133.3633,323.1,1.2,1.1,2014-07-19,0140,Terra,MODIS,45,6.2,302.5,13.3,D,0
-12.1905,131.0834,317.5,1,1,2014-07-19,0140,Terra,MODIS,28,6.2,300.2,8.5,D,0
-12.6483,134.2854,312.2,1.4,1.2,2014-07-19,0140,Terra,MODIS,42,6.2,297,7,D,0
-12.1075,133.2984,322.7,1.2,1.1,2014-07-19,0140,Terra,MODIS,72,6.2,301.4,14.3,D,0
-12.0908,133.3397,328.8,1.2,1.1,2014-07-19,0140,Terra,MODIS,63,6.2,301.3,20.5,D,0
-11.7875,133.8719,337.3,1.3,1.1,2014-07-19,0140,Terra,MODIS,83,6.2,298.8,44.4,D,0
-12.0893,133.3289,337.6,1.2,1.1,2014-07-19,0140,Terra,MODIS,88,6.2,301.8,36.6,D,0
-12.0735,133.2871,322.7,1.2,1.1,2014-07-19,0140,Terra,MODIS,46,6.2,301,14,D,0
-12.5389,130.6984,317.9,1,1,2014-07-19,0140,Terra,MODIS,57,6.2,304.2,6.3,D,0
-12.9105,131.1621,316.6,1,1,2014-07-19,0140,Terra,MODIS,38,6.2,302.5,6,D,0
-11.7744,133.8503,319.9,1.3,1.1,2014-07-19,0140,Terra,MODIS,64,6.2,298,14.2,D,0
-12.0878,133.3181,322.3,1.2,1.1,2014-07-19,0140,Terra,MODIS,55,6.2,300.8,12.3,D,0
-12.538,130.7546,323.5,1,1,2014-07-19,0140,Terra,MODIS,58,6.2,303,12.9,D,0
-12.1403,133.3932,345.7,1.2,1.1,2014-07-19,0140,Terra,MODIS,93,6.2,302.3,55.3,D,0
-12.6466,134.2727,311.7,1.4,1.2,2014-07-19,0140,Terra,MODIS,38,6.2,297.1,6.7,D,0
-12.1479,134.4158,317.4,1.4,1.2,2014-07-19,0140,Terra,MODIS,68,6.2,298.3,15.5,D,0
-12.5402,130.7076,320.6,1,1,2014-07-19,0140,Terra,MODIS,65,6.2,304.8,9,D,0
-11.7628,133.8403,319.5,1.3,1.1,2014-07-19,0140,Terra,MODIS,41,6.2,298.2,13.3,D,0
-12.9796,131.0041,344.2,1,1,2014-07-19,0140,Terra,MODIS,91,6.2,305.4,40.9,D,0
-13.2098,134.0007,315.1,1.3,1.1,2014-07-19,0140,Terra,MODIS,62,6.2,298,10.1,D,0
-12.7105,132.0736,321.2,1.1,1,2014-07-19,0140,Terra,MODIS,62,6.2,302.1,11,D,0
-12.9705,131.0054,327.4,1,1,2014-07-19,0140,Terra,MODIS,67,6.2,304.8,15.6,D,0
-13.2318,131.0296,324.7,1,1,2014-07-19,0140,Terra,MODIS,58,6.2,306.3,11.7,D,0
-12.4719,134.9431,313.7,1.5,1.2,2014-07-19,0140,Terra,MODIS,58,6.2,296.9,15.2,D,0
-12.657,134.2713,316.6,1.4,1.2,2014-07-19,0140,Terra,MODIS,67,6.2,297.8,13.2,D,0
-12.2619,134.3751,314.6,1.4,1.2,2014-07-19,0140,Terra,MODIS,61,6.2,298.1,10.8,D,0
-12.0973,134.4355,325.6,1.4,1.2,2014-07-19,0140,Terra,MODIS,60,6.2,296.5,30,D,0
-12.072,133.2763,348.3,1.2,1.1,2014-07-19,0140,Terra,MODIS,94,6.2,302,63.2,D,0
-12.7439,131.9933,317,1.1,1,2014-07-19,0140,Terra,MODIS,45,6.2,303.6,6.6,D,0
-12.4168,132.6658,317.7,1.1,1.1,2014-07-19,0140,Terra,MODIS,67,6.2,302.7,8.8,D,0
-13.2331,131.0388,322.5,1,1,2014-07-19,0140,Terra,MODIS,54,6.2,304.2,10,D,0
-12.1021,133.3492,322.4,1.2,1.1,2014-07-19,0140,Terra,MODIS,33,6.2,301.9,11.4,D,0
-12.0705,133.2656,341.2,1.2,1.1,2014-07-19,0140,Terra,MODIS,90,6.2,299.5,46.4,D,0
-13.2408,131.0283,324,1,1,2014-07-19,0140,Terra,MODIS,46,6.2,304.5,11.5,D,0
-13.001,131.1518,317.7,1,1,2014-07-19,0140,Terra,MODIS,15,6.2,303.2,5.3,D,0
-11.2591,131.9547,319.2,1,1,2014-07-19,0140,Terra,MODIS,61,6.2,300.2,10.8,D,0
-12.8623,136.4237,320.1,2,1.4,2014-07-19,0140,Terra,MODIS,74,6.2,295.5,35.2,D,0
-12.8572,136.4115,313.3,2,1.4,2014-07-19,0140,Terra,MODIS,62,6.2,294.7,19.9,D,0
-12.8595,136.4297,311.5,2,1.4,2014-07-19,0140,Terra,MODIS,57,6.2,294.9,16.7,D,0
-12.9481,130.9776,317.4,1,1,2014-07-19,0140,Terra,MODIS,37,6.2,302.8,6.4,D,0
-11.9639,132.7813,363.6,1.1,1.1,2014-07-19,0140,Terra,MODIS,100,6.2,303.8,100.2,D,0
-11.9748,132.7901,324.2,1.1,1.1,2014-07-19,0140,Terra,MODIS,70,6.2,301.4,13.8,D,0
-11.9653,132.7914,341.5,1.1,1.1,2014-07-19,0140,Terra,MODIS,90,6.2,303.2,41.5,D,0
-11.3998,131.4051,349,1,1,2014-07-19,0140,Terra,MODIS,95,6.2,301.1,52,D,0
-11.4102,131.4129,333.9,1,1,2014-07-19,0140,Terra,MODIS,86,6.2,300.2,25.6,D,0
-11.4115,131.4221,329.8,1,1,2014-07-19,0140,Terra,MODIS,81,6.2,300.5,19.7,D,0
-11.3868,131.379,317.5,1,1,2014-07-19,0140,Terra,MODIS,56,6.2,298.5,8.3,D,0
-11.3881,131.3881,322.7,1,1,2014-07-19,0140,Terra,MODIS,73,6.2,298.7,13.3,D,0
-11.3985,131.3959,332.7,1,1,2014-07-19,0140,Terra,MODIS,76,6.2,299.5,23.1,D,0
-11.4322,131.4379,324.6,1,1,2014-07-19,0140,Terra,MODIS,70,6.2,300.6,14.8,D,0
-11.4335,131.447,317.5,1,1,2014-07-19,0140,Terra,MODIS,34,6.2,298.1,8.2,D,0
-11.4152,131.3842,318,1,1,2014-07-19,0140,Terra,MODIS,41,6.2,300.1,7.7,D,0
-11.4242,131.3828,341.4,1,1,2014-07-19,0140,Terra,MODIS,91,6.2,299.5,37.5,D,0
-11.4255,131.392,328.4,1,1,2014-07-19,0140,Terra,MODIS,81,6.2,299.6,17.9,D,0
-12.9495,130.9868,319.7,1,1,2014-07-19,0140,Terra,MODIS,31,6.2,303.5,7.2,D,0
-13.8337,130.0534,317.2,1,1,2014-07-19,0140,Terra,MODIS,59,6.2,301.5,7.4,D,0
-11.4615,130.5738,324,1,1,2014-07-19,0140,Terra,MODIS,67,6.2,299.6,15.2,D,0
-11.4092,130.5322,322.6,1,1,2014-07-19,0140,Terra,MODIS,48,6.2,298.4,13.1,D,0
-13.6622,130.6364,318,1,1,2014-07-19,0140,Terra,MODIS,52,6.2,300.9,10.3,D,0
-11.4106,130.5413,334.6,1,1,2014-07-19,0140,Terra,MODIS,86,6.2,299.7,28.4,D,0
-13.3882,130.7775,326.6,1,1,2014-07-19,0140,Terra,MODIS,77,6.2,303.9,16.5,D,0
-11.9871,132.8091,332.7,1.1,1.1,2014-07-19,0140,Terra,MODIS,84,6.2,297.7,28.9,D,0
-13.8517,133.8461,323,1.3,1.1,2014-07-19,0140,Terra,MODIS,75,6.2,301,20.2,D,0
-13.2463,131.0027,340.4,1,1,2014-07-19,0140,Terra,MODIS,89,6.2,304.9,36.5,D,0
-12.1811,131.0194,349,1,1,2014-07-19,0140,Terra,MODIS,95,6.2,301.2,53.9,D,0
-13.2681,130.7737,321.3,1,1,2014-07-19,0140,Terra,MODIS,21,6.2,303.2,9.4,D,0
-12.9598,130.9947,363.3,1,1,2014-07-19,0140,Terra,MODIS,100,6.2,308,84.6,D,0
-12.9585,130.9855,395.4,1,1,2014-07-19,0140,Terra,MODIS,100,6.2,311.5,218.2,D,0
-12.9571,130.9763,350.3,1,1,2014-07-19,0140,Terra,MODIS,95,6.2,302.9,54,D,0
-12.2439,132.5385,330,1.1,1,2014-07-19,0140,Terra,MODIS,82,6.2,301.7,24.7,D,0
-11.9672,132.8743,323.1,1.1,1.1,2014-07-19,0140,Terra,MODIS,57,6.2,303.6,13.3,D,0
-13.2476,131.0119,326.4,1,1,2014-07-19,0140,Terra,MODIS,77,6.2,303.7,16.5,D,0
-12.6977,131.6018,315.6,1,1,2014-07-19,0140,Terra,MODIS,58,6.2,301.7,7.8,D,0
-12.1901,131.0181,317.8,1,1,2014-07-19,0140,Terra,MODIS,43,6.2,299.2,9.5,D,0
-13.2854,131.0819,317.3,1,1,2014-07-19,0140,Terra,MODIS,56,6.2,306,5.7,D,0
-12.9692,130.9962,333.1,1,1,2014-07-19,0140,Terra,MODIS,63,6.2,306.9,23.7,D,0
-11.9857,132.7989,324.9,1.1,1.1,2014-07-19,0140,Terra,MODIS,67,6.2,301.1,16.8,D,0
-12.1824,131.0285,330.6,1,1,2014-07-19,0140,Terra,MODIS,79,6.2,300.9,22.6,D,0
-12.9782,130.9949,325.9,1,1,2014-07-19,0140,Terra,MODIS,75,6.2,305,14.2,D,0
-11.9686,132.8846,324.8,1.1,1.1,2014-07-19,0140,Terra,MODIS,68,6.2,301.8,15.9,D,0
-13.227,131.8927,320.9,1.1,1,2014-07-19,0140,Terra,MODIS,56,6.2,306.2,8.5,D,0
-13.2256,131.8831,323.7,1.1,1,2014-07-19,0140,Terra,MODIS,73,6.2,305.7,11.6,D,0
-12.3204,132.6337,325.5,1.1,1,2014-07-19,0140,Terra,MODIS,78,6.2,303.1,15.3,D,0
-13.2072,131.8857,321.5,1.1,1,2014-07-19,0140,Terra,MODIS,53,6.2,303.8,8.3,D,0
-11.9762,132.8002,338.1,1.1,1.1,2014-07-19,0140,Terra,MODIS,88,6.2,300.5,36.3,D,0
-13.2164,131.8844,326.7,1.1,1,2014-07-19,0140,Terra,MODIS,62,6.2,305.6,14.1,D,0
-13.2178,131.8941,333.2,1.1,1,2014-07-19,0140,Terra,MODIS,83,6.2,305.3,22.9,D,0
-12.0817,133.275,324.5,1.2,1.1,2014-07-19,0140,Terra,MODIS,67,6.2,298.9,16.6,D,0
-12.2096,132.6353,341.5,1.1,1,2014-07-19,0140,Terra,MODIS,90,6.2,303.3,42,D,0
-11.9577,132.8757,326.5,1.1,1.1,2014-07-19,0140,Terra,MODIS,53,6.2,303,17.5,D,0
-12.2082,132.6252,341.3,1.1,1,2014-07-19,0140,Terra,MODIS,90,6.2,302.6,42.4,D,0
-12.2463,132.6919,315.2,1.1,1.1,2014-07-19,0140,Terra,MODIS,51,6.2,301.9,5.9,D,0
-12.2425,132.5285,314.1,1.1,1,2014-07-19,0140,Terra,MODIS,47,6.2,300.3,6.4,D,0
-11.411,132.9067,316.5,1.1,1.1,2014-07-19,0140,Terra,MODIS,31,6.2,296.8,9.4,D,0
-11.4015,132.9081,314.9,1.1,1.1,2014-07-19,0140,Terra,MODIS,0,6.2,299.4,8.8,D,0
-11.5265,130.2684,327.1,1,1,2014-07-19,0140,Terra,MODIS,41,6.2,300.2,16.3,D,0
-11.7022,130.0884,325.2,1,1,2014-07-19,0140,Terra,MODIS,77,6.2,301.5,15.1,D,0
-12.3741,132.4975,317.8,1.1,1,2014-07-19,0140,Terra,MODIS,61,6.2,302.8,6.9,D,0
-11.5279,130.2776,334.8,1,1,2014-07-19,0140,Terra,MODIS,82,6.2,301.1,26.9,D,0
-15.5613,129.4727,312.4,1,1,2014-07-19,0141,Terra,MODIS,33,6.2,299.2,4.2,D,0
-15.5964,129.4612,324.3,1,1,2014-07-19,0141,Terra,MODIS,76,6.2,300.3,15.1,D,0
-15.6054,129.4597,314.3,1,1,2014-07-19,0141,Terra,MODIS,26,6.2,299.8,5.4,D,0
-14.546,130.262,325.6,1,1,2014-07-19,0141,Terra,MODIS,78,6.2,303.3,16.3,D,0
-14.5398,130.2818,317.6,1,1,2014-07-19,0141,Terra,MODIS,54,6.2,301.5,7.9,D,0
-14.7678,129.8323,327.2,1,1,2014-07-19,0141,Terra,MODIS,74,6.2,302.6,18.2,D,0
-14.5447,130.2528,314.2,1,1,2014-07-19,0141,Terra,MODIS,51,6.2,301.5,5.6,D,0
-14.8225,130.2015,317.9,1,1,2014-07-19,0141,Terra,MODIS,40,6.2,302.1,8.2,D,0
-14.736,129.8655,324.2,1,1,2014-07-19,0141,Terra,MODIS,75,6.2,301.4,14.4,D,0
-14.7014,129.8201,317.7,1,1,2014-07-19,0141,Terra,MODIS,39,6.2,304,5.8,D,0
-14.5438,130.3094,323.8,1,1,2014-07-19,0141,Terra,MODIS,75,6.2,301,15.2,D,0
-14.7374,129.8748,334.9,1,1,2014-07-19,0141,Terra,MODIS,86,6.2,303.1,28.9,D,0
-15.5599,129.4634,327.3,1,1,2014-07-19,0141,Terra,MODIS,80,6.2,301,18.3,D,0
-14.1924,129.7409,325.4,1,1,2014-07-19,0141,Terra,MODIS,71,6.2,300.9,15.6,D,0
-14.1847,129.7515,329,1,1,2014-07-19,0141,Terra,MODIS,81,6.2,303.7,18.5,D,0
-14.1834,129.7423,361.5,1,1,2014-07-19,0141,Terra,MODIS,100,6.2,304.4,83.2,D,0
-14.8139,134.4677,313.2,1.5,1.2,2014-07-19,0141,Terra,MODIS,36,6.2,300.4,9,D,0
-16.1265,136.4309,320.8,2.2,1.4,2014-07-19,0141,Terra,MODIS,43,6.2,297.6,34.7,D,0
-16.0911,136.3526,316.2,2.2,1.4,2014-07-19,0141,Terra,MODIS,67,6.2,299.4,25.2,D,0
-14.8119,134.4739,317.2,1.5,1.2,2014-07-19,0141,Terra,MODIS,65,6.2,301.5,16.1,D,0
-14.8308,134.8823,315.5,1.6,1.3,2014-07-19,0141,Terra,MODIS,53,6.2,298.4,14.9,D,0
-16.0888,136.3326,310.9,2.2,1.4,2014-07-19,0141,Terra,MODIS,32,6.2,297.6,10.4,D,0
-15.8886,135.5121,314.5,1.9,1.3,2014-07-19,0141,Terra,MODIS,46,6.2,300.7,14.1,D,0
-16.1637,136.421,322.3,2.2,1.4,2014-07-19,0141,Terra,MODIS,62,6.2,300.3,36.3,D,0
-16.0759,136.334,327.3,2.2,1.4,2014-07-19,0141,Terra,MODIS,81,6.2,298.5,56.7,D,0
-16.0782,136.3541,327.7,2.2,1.4,2014-07-19,0141,Terra,MODIS,81,6.2,299.6,59.8,D,0
-16.1614,136.4006,319.9,2.2,1.4,2014-07-19,0141,Terra,MODIS,42,6.2,299.3,30.8,D,0
-14.8327,134.8974,322.4,1.6,1.3,2014-07-19,0141,Terra,MODIS,68,6.2,299.6,26.9,D,0
-15.9675,135.5125,317.7,1.9,1.3,2014-07-19,0141,Terra,MODIS,63,6.2,299.4,22.7,D,0
-14.8156,134.4819,313.8,1.5,1.2,2014-07-19,0141,Terra,MODIS,44,6.2,301,9.5,D,0
-17.6908,138.841,343.5,3.5,1.8,2014-07-19,0141,Terra,MODIS,92,6.2,296.8,275.5,D,0
-17.6998,138.8348,324.6,3.5,1.8,2014-07-19,0141,Terra,MODIS,80,6.2,295.9,110.8,D,0
-17.4025,138.8236,311.7,3.5,1.8,2014-07-19,0141,Terra,MODIS,62,6.2,295.7,38.5,D,0
-17.3957,138.8174,315.7,3.5,1.8,2014-07-19,0141,Terra,MODIS,70,6.2,296.4,58.8,D,0
-17.7819,138.7524,317,3.5,1.8,2014-07-19,0141,Terra,MODIS,59,6.2,297.9,55.7,D,0
-15.6594,129.4513,320.9,1,1,2014-07-19,0141,Terra,MODIS,63,6.2,300.7,10.2,D,0
-15.6684,129.4499,334.9,1,1,2014-07-19,0141,Terra,MODIS,86,6.2,302.5,26.5,D,0
-15.6774,129.4485,336.9,1,1,2014-07-19,0141,Terra,MODIS,87,6.2,302.5,29,D,0
-15.6958,129.4488,322.9,1,1,2014-07-19,0141,Terra,MODIS,52,6.2,301.9,11.4,D,0
-17.7628,138.7212,317.4,3.5,1.8,2014-07-19,0141,Terra,MODIS,43,6.2,297.5,54.9,D,0
-17.7787,138.7195,313.8,3.5,1.8,2014-07-19,0141,Terra,MODIS,43,6.2,295.6,37.3,D,0
-17.6839,138.8364,336,3.5,1.8,2014-07-19,0141,Terra,MODIS,88,6.2,296.9,199.1,D,0
-17.6874,138.8078,328.2,3.5,1.8,2014-07-19,0141,Terra,MODIS,83,6.2,295.7,128.3,D,0
-17.6807,138.8032,314.6,3.5,1.8,2014-07-19,0141,Terra,MODIS,44,6.2,295.9,44.5,D,0
-18.5321,123.68,312.7,1.8,1.3,2014-07-19,0142,Terra,MODIS,44,6.2,296.1,12,D,0
-19.6208,132.4424,312.9,1.3,1.1,2014-07-19,0142,Terra,MODIS,55,6.2,294.9,6.8,D,0
-18.3229,130.7499,328.4,1.1,1,2014-07-19,0142,Terra,MODIS,83,6.2,297.1,24.4,D,0
-18.3215,130.74,358,1.1,1,2014-07-19,0142,Terra,MODIS,99,6.2,298.5,82.7,D,0
-18.2939,130.7441,312.4,1.1,1,2014-07-19,0142,Terra,MODIS,65,6.2,296.4,7.4,D,0
-18.2307,130.2957,315.9,1,1,2014-07-19,0142,Terra,MODIS,49,6.2,294.9,9.2,D,0
-18.2229,130.3067,337,1,1,2014-07-19,0142,Terra,MODIS,89,6.2,298.2,34.3,D,0
-18.2216,130.2971,324.1,1,1,2014-07-19,0142,Terra,MODIS,80,6.2,298.8,17,D,0
-19.6192,132.4301,325,1.3,1.1,2014-07-19,0142,Terra,MODIS,81,6.2,296.5,23.8,D,0
-19.7303,132.4212,312.6,1.3,1.1,2014-07-19,0142,Terra,MODIS,53,6.2,295.8,9.5,D,0
-19.7319,132.4335,316.8,1.3,1.1,2014-07-19,0142,Terra,MODIS,70,6.2,294.8,14.7,D,0
-20.2935,127.3372,312.2,1.1,1,2014-07-19,0142,Terra,MODIS,54,6.2,291.6,8.4,D,0
-18.1821,130.339,315.2,1,1,2014-07-19,0142,Terra,MODIS,59,6.2,296.6,8.3,D,0
-18.1807,130.3294,314.5,1,1,2014-07-19,0142,Terra,MODIS,35,6.2,297.5,7,D,0
-18.178,130.3101,315.7,1,1,2014-07-19,0142,Terra,MODIS,42,6.2,298.2,7.6,D,0
-19.1782,132.5598,327.8,1.3,1.1,2014-07-19,0142,Terra,MODIS,83,6.2,297.2,29.8,D,0
-19.6861,132.5467,315.6,1.3,1.1,2014-07-19,0142,Terra,MODIS,51,6.2,295.5,12,D,0
-19.6845,132.5342,312.8,1.3,1.1,2014-07-19,0142,Terra,MODIS,43,6.2,294.8,8.8,D,0
-19.1853,132.5338,313.8,1.3,1.1,2014-07-19,0142,Terra,MODIS,51,6.2,296.2,8.9,D,0
-19.2034,132.594,321.5,1.3,1.1,2014-07-19,0142,Terra,MODIS,78,6.2,297.2,19.2,D,0
-19.205,132.6064,324.1,1.3,1.1,2014-07-19,0142,Terra,MODIS,80,6.2,297.4,24.5,D,0
-19.1925,132.8391,309.1,1.4,1.2,2014-07-19,0142,Terra,MODIS,50,6.2,295.1,6.9,D,0
-19.4835,132.6384,316.9,1.3,1.1,2014-07-19,0142,Terra,MODIS,28,6.2,296.9,12.8,D,0
-19.6015,132.6805,310.6,1.3,1.1,2014-07-19,0142,Terra,MODIS,42,6.2,295.8,7,D,0
-19.489,132.5994,328.2,1.3,1.1,2014-07-19,0142,Terra,MODIS,83,6.2,297.9,30.4,D,0
-19.6829,132.5218,317.4,1.3,1.1,2014-07-19,0142,Terra,MODIS,64,6.2,295,14.7,D,0
-18.8812,132.6134,370.5,1.3,1.1,2014-07-19,0142,Terra,MODIS,100,6.2,299.4,163.7,D,0
-19.7025,132.673,317.3,1.3,1.1,2014-07-19,0142,Terra,MODIS,44,6.2,294.8,14.4,D,0
-19.7009,132.6603,322,1.3,1.1,2014-07-19,0142,Terra,MODIS,78,6.2,295.3,22.3,D,0
-19.6998,132.8172,315,1.4,1.2,2014-07-19,0142,Terra,MODIS,39,6.2,296.2,12.4,D,0
-19.6982,132.8043,318.1,1.4,1.2,2014-07-19,0142,Terra,MODIS,55,6.2,296.3,15.6,D,0
-19.6867,132.714,325.1,1.3,1.1,2014-07-19,0142,Terra,MODIS,74,6.2,296.6,24.1,D,0
-18.756,132.6741,313.8,1.3,1.1,2014-07-19,0142,Terra,MODIS,54,6.2,297.8,9.7,D,0
-18.8075,132.6863,319.7,1.3,1.1,2014-07-19,0142,Terra,MODIS,51,6.2,296.7,15.2,D,0
-19.5241,133.2197,308.6,1.4,1.2,2014-07-19,0142,Terra,MODIS,39,6.2,294.4,6.2,D,0
-19.5225,133.206,314.6,1.4,1.2,2014-07-19,0142,Terra,MODIS,69,6.2,295.4,13.6,D,0
-19.4681,133.0685,313.6,1.4,1.2,2014-07-19,0142,Terra,MODIS,58,6.2,293.9,12.4,D,0
-19.4874,132.5869,321.5,1.3,1.1,2014-07-19,0142,Terra,MODIS,73,6.2,295.9,19.9,D,0
-19.4858,132.5744,319.3,1.3,1.1,2014-07-19,0142,Terra,MODIS,72,6.2,295.6,17.6,D,0
-19.4842,132.562,334.4,1.3,1.1,2014-07-19,0142,Terra,MODIS,88,6.2,297.7,43.1,D,0
-19.5804,132.2868,323,1.3,1.1,2014-07-19,0142,Terra,MODIS,79,6.2,295.9,24,D,0
-18.7378,132.4545,318,1.3,1.1,2014-07-19,0142,Terra,MODIS,70,6.2,296.1,14.2,D,0
-18.7563,132.4397,326.5,1.3,1.1,2014-07-19,0142,Terra,MODIS,42,6.2,295.8,24,D,0
-18.7579,132.4516,364.4,1.3,1.1,2014-07-19,0142,Terra,MODIS,100,6.2,300.2,128.4,D,0
-19.1556,132.7722,325.5,1.3,1.1,2014-07-19,0142,Terra,MODIS,81,6.2,295.6,28.6,D,0
-19.4826,132.5496,393.1,1.3,1.1,2014-07-19,0142,Terra,MODIS,100,6.2,305.3,309.5,D,0
-19.4906,132.6119,318.2,1.3,1.1,2014-07-19,0142,Terra,MODIS,35,6.2,297,14,D,0
-19.5789,132.2747,321.8,1.3,1.1,2014-07-19,0142,Terra,MODIS,78,6.2,294.8,22.5,D,0
-18.7666,132.4445,323.4,1.3,1.1,2014-07-19,0142,Terra,MODIS,77,6.2,297.6,20,D,0
-19.5774,132.2627,335.5,1.3,1.1,2014-07-19,0142,Terra,MODIS,88,6.2,294.4,45.5,D,0
-18.7681,132.4565,320.1,1.3,1.1,2014-07-19,0142,Terra,MODIS,73,6.2,297.6,15.1,D,0
-19.1524,132.747,316.3,1.3,1.1,2014-07-19,0142,Terra,MODIS,72,6.2,295.7,15.4,D,0
-19.481,132.5372,393.4,1.3,1.1,2014-07-19,0142,Terra,MODIS,100,6.2,303.1,312.7,D,0
-19.585,132.3231,310.9,1.3,1.1,2014-07-19,0142,Terra,MODIS,58,6.2,294.7,8.5,D,0
-19.1507,132.7344,325.1,1.3,1.1,2014-07-19,0142,Terra,MODIS,81,6.2,296.4,28.5,D,0
-18.932,132.7003,310.3,1.3,1.1,2014-07-19,0142,Terra,MODIS,46,6.2,295.1,7.4,D,0
-19.5896,132.3596,312.2,1.3,1.1,2014-07-19,0142,Terra,MODIS,51,6.2,295.2,8.7,D,0
-18.796,132.5138,311.9,1.3,1.1,2014-07-19,0142,Terra,MODIS,37,6.2,296.7,8,D,0
-18.7944,132.5017,339,1.3,1.1,2014-07-19,0142,Terra,MODIS,90,6.2,298.7,51.9,D,0
-18.7929,132.4897,326.4,1.3,1.1,2014-07-19,0142,Terra,MODIS,82,6.2,297,26.2,D,0
-19.4647,133.0419,344.2,1.4,1.2,2014-07-19,0142,Terra,MODIS,93,6.2,296.6,74,D,0
-19.463,133.0286,335,1.4,1.2,2014-07-19,0142,Terra,MODIS,88,6.2,296,47.9,D,0
-19.16,132.8885,313.4,1.4,1.2,2014-07-19,0142,Terra,MODIS,37,6.2,297.5,10.1,D,0
-18.8232,132.6464,326.6,1.3,1.1,2014-07-19,0142,Terra,MODIS,82,6.2,295,24.6,D,0
-18.8115,132.6354,319.2,1.3,1.1,2014-07-19,0142,Terra,MODIS,60,6.2,297.2,13.9,D,0
-19.3465,132.9166,306.7,1.4,1.2,2014-07-19,0142,Terra,MODIS,43,6.2,294.5,5.6,D,0
-19.4664,133.0552,323.7,1.4,1.2,2014-07-19,0142,Terra,MODIS,80,6.2,294.3,26.8,D,0
-19.1634,132.5244,316.5,1.3,1.1,2014-07-19,0142,Terra,MODIS,49,6.2,297.3,12.8,D,0
-19.1486,132.4893,317.1,1.3,1.1,2014-07-19,0142,Terra,MODIS,72,6.2,295.3,13.8,D,0
-19.1404,132.4962,316,1.3,1.1,2014-07-19,0142,Terra,MODIS,54,6.2,295.7,13.4,D,0
-19.5819,132.2988,332.5,1.3,1.1,2014-07-19,0142,Terra,MODIS,86,6.2,296.8,38.9,D,0
-19.5835,132.3109,329.2,1.3,1.1,2014-07-19,0142,Terra,MODIS,84,6.2,296.8,33,D,0
-19.1941,132.8519,315.6,1.4,1.2,2014-07-19,0142,Terra,MODIS,71,6.2,296.5,14.5,D,0
-19.1616,132.9014,313.3,1.4,1.2,2014-07-19,0142,Terra,MODIS,54,6.2,296.9,11,D,0
-18.8802,132.6195,361.1,1.3,1.1,2014-07-19,0142,Terra,MODIS,100,6.2,301.5,123.7,D,0
-18.8786,132.6072,351.5,1.3,1.1,2014-07-19,0142,Terra,MODIS,96,6.2,296.6,88.5,D,0
-19.4778,132.5124,345.9,1.3,1.1,2014-07-19,0142,Terra,MODIS,94,6.2,295.8,72.7,D,0
-19.4794,132.5248,358.7,1.3,1.1,2014-07-19,0142,Terra,MODIS,99,6.2,298,115.4,D,0
-18.8828,132.6257,335.2,1.3,1.1,2014-07-19,0142,Terra,MODIS,88,6.2,297.7,43.3,D,0
-19.1735,132.523,331.6,1.3,1.1,2014-07-19,0142,Terra,MODIS,86,6.2,297.4,35.5,D,0
-19.1751,132.5352,340.2,1.3,1.1,2014-07-19,0142,Terra,MODIS,91,6.2,297.5,54.7,D,0
-19.1767,132.5475,339.6,1.3,1.1,2014-07-19,0142,Terra,MODIS,91,6.2,297.7,53.4,D,0
-32.0665,146.7108,301.7,1.3,1.1,2014-07-19,0424,Aqua,MODIS,49,6.2,288.9,8.2,D,0
-34.3308,142.1953,304.3,1,1,2014-07-19,0424,Aqua,MODIS,46,6.2,286.8,6.6,D,0
-31.9177,146.5634,300.8,1.3,1.1,2014-07-19,0424,Aqua,MODIS,42,6.2,288.7,6.4,D,0
-33.9113,142.7905,304.4,1,1,2014-07-19,0424,Aqua,MODIS,59,6.2,292,5.5,D,0
-34.457,144.1756,305.2,1,1,2014-07-19,0424,Aqua,MODIS,61,6.2,288.2,7,D,0
-30.1965,149.2263,312.5,2,1.4,2014-07-19,0425,Aqua,MODIS,73,6.2,293.5,27.8,D,0
-30.1958,149.2211,309.4,2,1.4,2014-07-19,0425,Aqua,MODIS,60,6.2,293.4,21.4,D,0
-24.7535,147.0017,331.8,1.8,1.3,2014-07-19,0426,Aqua,MODIS,70,6.2,294.5,65.6,D,0
-24.7415,146.9993,319.9,1.8,1.3,2014-07-19,0426,Aqua,MODIS,37,6.2,293,35,D,0
-24.7751,146.9505,320.6,1.8,1.3,2014-07-19,0426,Aqua,MODIS,57,6.2,290.3,35.1,D,0
-24.7212,147.1091,308.6,1.9,1.3,2014-07-19,0426,Aqua,MODIS,57,6.2,295.2,12.9,D,0
-24.7247,147.0901,314,1.9,1.3,2014-07-19,0426,Aqua,MODIS,71,6.2,294.2,23.1,D,0
-26.8013,147.864,315.4,1.9,1.4,2014-07-19,0426,Aqua,MODIS,75,6.2,294.4,29.1,D,0
-17.7491,138.6771,352.7,1,1,2014-07-19,0428,Aqua,MODIS,96,6.2,309.6,57.7,D,0
-17.7504,138.6676,362.9,1,1,2014-07-19,0428,Aqua,MODIS,100,6.2,305.8,85.7,D,0
-17.6934,138.8173,322,1,1,2014-07-19,0428,Aqua,MODIS,66,6.2,306,9.4,D,0
-17.4073,138.8216,320.4,1,1,2014-07-19,0428,Aqua,MODIS,46,6.2,306.1,7.5,D,0
-17.4009,138.8014,357.6,1,1,2014-07-19,0428,Aqua,MODIS,98,6.2,308.1,69.1,D,0
-17.3919,138.8,332,1,1,2014-07-19,0428,Aqua,MODIS,56,6.2,308.6,18.2,D,0
-17.3932,138.7906,334.6,1,1,2014-07-19,0428,Aqua,MODIS,72,6.2,305.8,22.9,D,0
-17.3842,138.7892,328,1,1,2014-07-19,0428,Aqua,MODIS,56,6.2,308.8,14.6,D,0
-17.3855,138.7798,354.8,1,1,2014-07-19,0428,Aqua,MODIS,97,6.2,308.3,63.5,D,0
-17.7735,138.7003,358.2,1,1,2014-07-19,0428,Aqua,MODIS,99,6.2,311,69.5,D,0
-17.7889,138.722,332,1,1,2014-07-19,0428,Aqua,MODIS,74,6.2,305.1,19.7,D,0
-17.7749,138.6908,405.6,1,1,2014-07-19,0428,Aqua,MODIS,100,6.2,314.2,281,D,0
-17.7658,138.6894,373.7,1,1,2014-07-19,0428,Aqua,MODIS,100,6.2,314.1,117.4,D,0
-17.7672,138.6799,399.1,1,1,2014-07-19,0428,Aqua,MODIS,100,6.2,312.8,240.5,D,0
-17.7581,138.6785,357.3,1,1,2014-07-19,0428,Aqua,MODIS,98,6.2,310.6,68.4,D,0
-17.7594,138.669,336,1,1,2014-07-19,0428,Aqua,MODIS,73,6.2,299.5,27.1,D,0
-17.6857,138.8064,345,1,1,2014-07-19,0428,Aqua,MODIS,92,6.2,306.8,41.8,D,0
-19.7184,132.6832,368.9,2.3,1.5,2014-07-19,0428,Aqua,MODIS,100,6.2,298.5,365.5,D,0
-19.7136,132.7278,357.7,2.3,1.5,2014-07-19,0428,Aqua,MODIS,99,6.2,298.5,244.9,D,0
-19.5948,132.3367,314.1,2.5,1.5,2014-07-19,0428,Aqua,MODIS,36,6.2,298.3,23.4,D,0
-19.5909,132.3079,317,2.5,1.5,2014-07-19,0428,Aqua,MODIS,69,6.2,297.8,37.5,D,0
-19.494,132.5767,339,2.4,1.5,2014-07-19,0428,Aqua,MODIS,89,6.2,300.8,115.5,D,0
-19.4963,132.5541,363,2.4,1.5,2014-07-19,0428,Aqua,MODIS,100,6.2,303,306,D,0
-19.4987,132.5314,367.8,2.4,1.5,2014-07-19,0428,Aqua,MODIS,100,6.2,300.8,362.8,D,0
-19.7065,132.7936,343.9,2.3,1.5,2014-07-19,0428,Aqua,MODIS,92,6.2,301.7,141.4,D,0
-19.501,132.5086,396,2.4,1.5,2014-07-19,0428,Aqua,MODIS,100,6.2,303,800.9,D,0
-19.4898,132.4843,347.8,2.4,1.5,2014-07-19,0428,Aqua,MODIS,94,6.2,299.9,179.4,D,0
-19.4961,132.5924,325.9,2.4,1.5,2014-07-19,0428,Aqua,MODIS,41,6.2,300,44,D,0
-19.4875,132.507,364.8,2.4,1.5,2014-07-19,0428,Aqua,MODIS,100,6.2,303.9,326.9,D,0
-19.5847,132.2353,351.6,2.5,1.5,2014-07-19,0428,Aqua,MODIS,96,6.2,297.9,235.6,D,0
-19.1549,132.7364,317.6,2.3,1.5,2014-07-19,0428,Aqua,MODIS,61,6.2,300.7,28.6,D,0
-18.9271,132.6908,315.5,2.3,1.5,2014-07-19,0428,Aqua,MODIS,66,6.2,301.4,23.8,D,0
-19.4936,132.6148,322,2.3,1.5,2014-07-19,0428,Aqua,MODIS,29,6.2,300.4,34,D,0
-19.5884,132.3314,312.9,2.5,1.5,2014-07-19,0428,Aqua,MODIS,44,6.2,299.3,22.8,D,0
-19.4702,133.0556,317.4,2.2,1.4,2014-07-19,0428,Aqua,MODIS,47,6.2,298.9,23.9,D,0
-19.5972,132.3132,313.8,2.5,1.5,2014-07-19,0428,Aqua,MODIS,42,6.2,295.9,24.4,D,0
-19.5186,133.2066,318.4,2.1,1.4,2014-07-19,0428,Aqua,MODIS,70,6.2,303.2,25.4,D,0
-19.5872,132.2113,363.9,2.5,1.5,2014-07-19,0428,Aqua,MODIS,100,6.2,298.3,359.9,D,0
-19.7027,132.7039,359.6,2.3,1.5,2014-07-19,0428,Aqua,MODIS,99,6.2,307.7,260.9,D,0
-19.4816,132.4762,324.9,2.4,1.5,2014-07-19,0428,Aqua,MODIS,48,6.2,298.8,54.5,D,0
-19.7098,132.6369,362.7,2.4,1.5,2014-07-19,0428,Aqua,MODIS,100,6.2,300.2,304.1,D,0
-19.4986,132.5699,337.1,2.4,1.5,2014-07-19,0428,Aqua,MODIS,82,6.2,299.1,94.5,D,0
-19.5011,132.5473,356.8,2.4,1.5,2014-07-19,0428,Aqua,MODIS,98,6.2,299.5,239.6,D,0
-19.4902,132.5231,382.9,2.4,1.5,2014-07-19,0428,Aqua,MODIS,100,6.2,304.9,548.4,D,0
-19.4926,132.5004,398,2.4,1.5,2014-07-19,0428,Aqua,MODIS,100,6.2,307.1,829.9,D,0
-19.5178,133.2112,316.2,2.1,1.4,2014-07-19,0428,Aqua,MODIS,66,6.2,303.2,20.8,D,0
-19.716,132.7055,403.6,2.3,1.5,2014-07-19,0428,Aqua,MODIS,100,6.2,303.4,919.2,D,0
-18.8283,132.6131,323,2.3,1.5,2014-07-19,0428,Aqua,MODIS,38,6.2,298.9,37.7,D,0
-18.8302,132.6303,319.4,2.3,1.5,2014-07-19,0428,Aqua,MODIS,54,6.2,298.7,25.2,D,0
-19.7051,132.6816,380.7,2.3,1.5,2014-07-19,0428,Aqua,MODIS,100,6.2,307.4,509.4,D,0
-19.7075,132.6592,374.5,2.3,1.5,2014-07-19,0428,Aqua,MODIS,100,6.2,302.4,433,D,0
-19.7042,132.8155,331.7,2.3,1.5,2014-07-19,0428,Aqua,MODIS,85,6.2,301,78.1,D,0
-16.3879,144.3245,320.9,1.7,1.3,2014-07-19,0428,Aqua,MODIS,55,6.2,304.4,23.3,D,0
-16.3905,144.3088,328.9,1.7,1.3,2014-07-19,0428,Aqua,MODIS,81,6.2,303,43.5,D,0
-16.3989,144.3173,321.1,1.7,1.3,2014-07-19,0428,Aqua,MODIS,59,6.2,302.5,22.8,D,0
-20.7347,139.4763,321.7,1,1,2014-07-19,0428,Aqua,MODIS,65,6.2,305.8,10.9,D,2
-16.3874,144.3149,327,1.7,1.3,2014-07-19,0428,Aqua,MODIS,77,6.2,303.4,36.9,D,0
-19.2178,132.4058,380,2.4,1.5,2014-07-19,0428,Aqua,MODIS,100,6.2,303.4,532.7,D,0
-19.2139,132.3867,331.7,2.4,1.5,2014-07-19,0428,Aqua,MODIS,85,6.2,298.3,88.1,D,0
-19.2671,132.5314,317.8,2.4,1.5,2014-07-19,0428,Aqua,MODIS,70,6.2,298,31.3,D,0
-18.3213,130.7367,311.4,3.1,1.7,2014-07-19,0428,Aqua,MODIS,58,6.2,298,29.5,D,0
-19.2115,132.4099,383.8,2.4,1.5,2014-07-19,0428,Aqua,MODIS,100,6.2,303.1,589.1,D,0
-19.2043,132.4041,315.9,2.4,1.5,2014-07-19,0428,Aqua,MODIS,66,6.2,298.3,27.5,D,0
-19.2153,132.4289,339.4,2.4,1.5,2014-07-19,0428,Aqua,MODIS,90,6.2,299.5,127.7,D,0
-19.6262,132.4348,315.8,2.4,1.5,2014-07-19,0428,Aqua,MODIS,60,6.2,298.5,21.8,D,0
-19.2203,132.3826,314.7,2.4,1.5,2014-07-19,0428,Aqua,MODIS,57,6.2,295.9,25.7,D,0
-18.3241,130.7325,314.4,3.1,1.7,2014-07-19,0428,Aqua,MODIS,66,6.2,298.4,42.4,D,0
-18.1632,130.2352,315.4,3.4,1.7,2014-07-19,0429,Aqua,MODIS,63,6.2,296.4,45.9,D,0
-14.7752,129.827,315.9,3.3,1.7,2014-07-19,0429,Aqua,MODIS,0,6.2,302.2,34.5,D,0
-14.7706,129.8309,315.4,3.3,1.7,2014-07-19,0429,Aqua,MODIS,0,6.2,302.7,33.3,D,0
-18.1571,130.239,315,3.4,1.7,2014-07-19,0429,Aqua,MODIS,55,6.2,295.8,41.6,D,0
-18.2326,130.2794,318.4,3.4,1.7,2014-07-19,0429,Aqua,MODIS,65,6.2,296.3,62.9,D,0
-14.9166,141.6899,341.4,1.2,1.1,2014-07-19,0429,Aqua,MODIS,90,6.2,305.2,46,D,0
-14.9131,141.7126,335.2,1.2,1.1,2014-07-19,0429,Aqua,MODIS,86,6.2,306.5,32.4,D,0
-13.8841,136.5406,314,1.1,1,2014-07-19,0429,Aqua,MODIS,58,6.2,301,6.5,D,0
-14.905,141.6996,383.9,1.2,1.1,2014-07-19,0429,Aqua,MODIS,100,6.2,311.8,215.6,D,0
-16.9283,138.2374,323.5,1,1,2014-07-19,0429,Aqua,MODIS,74,6.2,305.5,12.6,D,0
-16.9296,138.2278,315.3,1,1,2014-07-19,0429,Aqua,MODIS,38,6.2,302,5.2,D,0
-14.9614,141.6625,331.3,1.2,1.1,2014-07-19,0429,Aqua,MODIS,68,6.2,302.4,24.6,D,0
-14.9336,141.6462,326.5,1.2,1.1,2014-07-19,0429,Aqua,MODIS,68,6.2,301.4,18.8,D,0
-14.9068,141.6882,328.1,1.2,1.1,2014-07-19,0429,Aqua,MODIS,77,6.2,305.2,19.4,D,0
-14.211,135.7985,315.5,1.2,1.1,2014-07-19,0429,Aqua,MODIS,50,6.2,297.7,11.1,D,0
-14.4273,133.2731,322.5,1.8,1.3,2014-07-19,0429,Aqua,MODIS,70,6.2,304.7,20.8,D,0
-14.9032,141.7109,327.7,1.2,1.1,2014-07-19,0429,Aqua,MODIS,80,6.2,308.5,19.5,D,0
-14.9148,141.7012,385.5,1.2,1.1,2014-07-19,0429,Aqua,MODIS,100,6.2,312.6,224.6,D,0
-13.23,142.0008,337.9,1.4,1.2,2014-07-19,0429,Aqua,MODIS,89,6.2,299.5,48.9,D,0
-16.6664,139.3136,315.2,1,1,2014-07-19,0429,Aqua,MODIS,55,6.2,299.6,8.8,D,0
-14.2149,143.6155,310.8,1.7,1.3,2014-07-19,0429,Aqua,MODIS,25,6.2,297.7,11.2,D,0
-14.2227,143.6222,311.8,1.7,1.3,2014-07-19,0429,Aqua,MODIS,34,6.2,297.6,12.1,D,0
-13.3209,141.7479,334,1.3,1.1,2014-07-19,0429,Aqua,MODIS,62,6.2,300.6,42.3,D,0
-16.801,138.5607,316.4,1,1,2014-07-19,0429,Aqua,MODIS,42,6.2,303.9,6,D,0
-15.8902,141.4838,321.7,1.2,1.1,2014-07-19,0429,Aqua,MODIS,66,6.2,305.5,11.5,D,0
-15.8919,141.473,330.6,1.2,1.1,2014-07-19,0429,Aqua,MODIS,81,6.2,304.9,24.4,D,0
-16.0316,141.4426,326.2,1.2,1.1,2014-07-19,0429,Aqua,MODIS,75,6.2,303.5,18.1,D,0
-16.0282,141.4474,317.3,1.2,1.1,2014-07-19,0429,Aqua,MODIS,57,6.2,301.9,8.5,D,0
-16.0298,141.4366,320.2,1.2,1.1,2014-07-19,0429,Aqua,MODIS,66,6.2,303.1,12.4,D,0
-16.3464,144.2185,323.3,1.7,1.3,2014-07-19,0429,Aqua,MODIS,75,6.2,302.9,30.5,D,0
-16.3121,144.2117,321.9,1.7,1.3,2014-07-19,0429,Aqua,MODIS,40,6.2,301.7,24.6,D,0
-16.3048,144.2047,324.8,1.7,1.3,2014-07-19,0429,Aqua,MODIS,77,6.2,302.2,34,D,0
-15.8823,141.4714,334.3,1.2,1.1,2014-07-19,0429,Aqua,MODIS,85,6.2,304.7,31.6,D,0
-15.884,141.4606,321.3,1.2,1.1,2014-07-19,0429,Aqua,MODIS,64,6.2,304.8,11.5,D,0
-16.2686,144.0702,322.4,1.7,1.3,2014-07-19,0429,Aqua,MODIS,74,6.2,304.3,26.4,D,0
-16.2712,144.0548,318.6,1.7,1.3,2014-07-19,0429,Aqua,MODIS,68,6.2,304.4,19.1,D,0
-16.3148,144.1962,322.1,1.7,1.3,2014-07-19,0429,Aqua,MODIS,38,6.2,304.3,23.6,D,0
-16.3073,144.1892,314.8,1.7,1.3,2014-07-19,0429,Aqua,MODIS,35,6.2,304.3,12.3,D,0
-16.0989,144.1218,313.1,1.7,1.3,2014-07-19,0429,Aqua,MODIS,24,6.2,302.3,9.6,D,0
-16.1014,144.1066,331.8,1.7,1.3,2014-07-19,0429,Aqua,MODIS,84,6.2,304.5,51.8,D,0
-16.09,144.1047,314,1.7,1.3,2014-07-19,0429,Aqua,MODIS,36,6.2,303.4,11.7,D,0
-16.3491,144.2027,328.1,1.7,1.3,2014-07-19,0429,Aqua,MODIS,80,6.2,305,40.7,D,0
-14.2532,143.5801,334.3,1.7,1.3,2014-07-19,0429,Aqua,MODIS,81,6.2,298.2,59,D,0
-14.933,133.9913,318.3,1.6,1.2,2014-07-19,0429,Aqua,MODIS,63,6.2,303.6,13.1,D,0
-15.9372,135.5229,322.1,1.3,1.1,2014-07-19,0429,Aqua,MODIS,60,6.2,306.3,12.7,D,0
-15.0329,141.6698,322.3,1.2,1.1,2014-07-19,0429,Aqua,MODIS,0,6.2,304.6,9.9,D,0
-14.8067,134.8958,320.9,1.4,1.2,2014-07-19,0429,Aqua,MODIS,35,6.2,303.1,12.3,D,0
-15.3355,143.5162,322.6,1.6,1.2,2014-07-19,0429,Aqua,MODIS,72,6.2,300.5,23.6,D,0
-15.3379,143.5017,321,1.6,1.2,2014-07-19,0429,Aqua,MODIS,63,6.2,303.3,19.2,D,0
-16.2302,136.546,324.9,1.2,1.1,2014-07-19,0429,Aqua,MODIS,65,6.2,303.8,13.4,D,0
-15.3947,143.5026,319.9,1.6,1.2,2014-07-19,0429,Aqua,MODIS,56,6.2,301.4,15.6,D,0
-14.8084,134.4522,338.3,1.5,1.2,2014-07-19,0429,Aqua,MODIS,88,6.2,302.5,55.2,D,0
-14.1143,141.6528,342.9,1.3,1.1,2014-07-19,0429,Aqua,MODIS,80,6.2,305.1,55,D,0
-14.8051,134.4795,318.8,1.5,1.2,2014-07-19,0429,Aqua,MODIS,41,6.2,304,12.2,D,0
-15.8525,136.5548,317.3,1.1,1.1,2014-07-19,0429,Aqua,MODIS,24,6.2,300,6.6,D,0
-15.9254,135.5335,322.9,1.3,1.1,2014-07-19,0429,Aqua,MODIS,64,6.2,303.3,14.1,D,0
-15.8539,136.5441,320.8,1.1,1.1,2014-07-19,0429,Aqua,MODIS,61,6.2,299.1,10.7,D,0
-15.8415,136.5641,323.6,1.1,1.1,2014-07-19,0429,Aqua,MODIS,73,6.2,299.7,14.2,D,0
-15.3798,143.102,315.2,1.5,1.2,2014-07-19,0429,Aqua,MODIS,58,6.2,302.1,10.5,D,0
-15.0958,143.0752,318.8,1.5,1.2,2014-07-19,0429,Aqua,MODIS,69,6.2,302.2,16,D,0
-14.1243,141.6544,327.9,1.3,1.1,2014-07-19,0429,Aqua,MODIS,75,6.2,305,23.2,D,0
-14.2418,143.5781,334.9,1.7,1.3,2014-07-19,0429,Aqua,MODIS,87,6.2,294.7,61.1,D,0
-14.4253,133.2895,327.7,1.8,1.3,2014-07-19,0429,Aqua,MODIS,78,6.2,305.6,34.8,D,0
-14.8045,134.4601,337.4,1.5,1.2,2014-07-19,0429,Aqua,MODIS,87,6.2,303.8,52.3,D,0
-14.4508,133.276,322.6,1.8,1.3,2014-07-19,0429,Aqua,MODIS,70,6.2,305.5,21.7,D,0
-15.382,143.0883,319,1.5,1.2,2014-07-19,0429,Aqua,MODIS,68,6.2,302.6,17.1,D,0
-15.9662,135.52,326.9,1.3,1.1,2014-07-19,0429,Aqua,MODIS,78,6.2,303.5,22.1,D,0
-14.8487,134.869,328.8,1.4,1.2,2014-07-19,0429,Aqua,MODIS,47,6.2,302.6,27.5,D,0
-14.8083,134.883,327.8,1.4,1.2,2014-07-19,0429,Aqua,MODIS,67,6.2,302.9,24,D,0
-15.3753,143.1294,316.1,1.5,1.2,2014-07-19,0429,Aqua,MODIS,61,6.2,302.9,11.1,D,0
-14.81,134.8702,345,1.4,1.2,2014-07-19,0429,Aqua,MODIS,92,6.2,303.9,67.2,D,0
-16.1669,136.4098,329.9,1.2,1.1,2014-07-19,0429,Aqua,MODIS,80,6.2,301.9,23.9,D,0
-14.1261,141.6429,326.9,1.3,1.1,2014-07-19,0429,Aqua,MODIS,69,6.2,302.8,21.9,D,0
-14.8204,134.8718,334.8,1.4,1.2,2014-07-19,0429,Aqua,MODIS,72,6.2,303.5,40,D,0
-14.8326,134.8604,344.1,1.4,1.2,2014-07-19,0429,Aqua,MODIS,86,6.2,303.9,64.3,D,0
-14.9199,134.0045,357,1.6,1.2,2014-07-19,0429,Aqua,MODIS,98,6.2,306.9,135.9,D,0
-14.8027,134.4736,324.1,1.5,1.2,2014-07-19,0429,Aqua,MODIS,41,6.2,303.8,20.3,D,0
-16.3561,141.5831,320.2,1.2,1.1,2014-07-19,0429,Aqua,MODIS,55,6.2,307.1,6,D,0
-14.3462,142.6533,324.2,1.4,1.2,2014-07-19,0429,Aqua,MODIS,77,6.2,296.5,26.9,D,0
-15.4187,143.5739,326,1.6,1.2,2014-07-19,0429,Aqua,MODIS,55,6.2,303.1,28.4,D,0
-14.4488,133.2923,328.8,1.8,1.3,2014-07-19,0429,Aqua,MODIS,79,6.2,305.6,38,D,0
-16.222,136.5338,325.3,1.2,1.1,2014-07-19,0429,Aqua,MODIS,47,6.2,304.4,13.7,D,0
-14.2595,143.613,330.1,1.7,1.3,2014-07-19,0429,Aqua,MODIS,83,6.2,298.8,49.2,D,0
-14.9311,134.006,328.2,1.6,1.2,2014-07-19,0429,Aqua,MODIS,79,6.2,305.2,33,D,0
-14.8116,134.8574,336.1,1.4,1.2,2014-07-19,0429,Aqua,MODIS,86,6.2,301.7,45,D,0
-14.8159,134.4808,318.6,1.5,1.2,2014-07-19,0429,Aqua,MODIS,45,6.2,304.9,12.1,D,0
-15.927,135.5214,338.1,1.3,1.1,2014-07-19,0429,Aqua,MODIS,88,6.2,305.1,42.8,D,0
-16.1975,136.403,320.1,1.2,1.1,2014-07-19,0429,Aqua,MODIS,51,6.2,303.2,9.6,D,0
-15.3368,143.5072,327.6,1.6,1.2,2014-07-19,0429,Aqua,MODIS,80,6.2,302.2,34.6,D,0
-15.4243,141.848,321.4,1.2,1.1,2014-07-19,0429,Aqua,MODIS,51,6.2,305.5,11.6,D,0
-15.1648,143.2226,311.6,1.5,1.2,2014-07-19,0429,Aqua,MODIS,36,6.2,296.8,12.5,D,0
-16.2206,136.5447,337.7,1.2,1.1,2014-07-19,0429,Aqua,MODIS,87,6.2,304.1,34.7,D,0
-16.2003,136.3978,324.2,1.2,1.1,2014-07-19,0429,Aqua,MODIS,71,6.2,303.2,15.6,D,0
-14.1125,141.6643,321.4,1.3,1.1,2014-07-19,0429,Aqua,MODIS,68,6.2,307.8,14.4,D,0
-14.8062,134.4465,324.6,1.5,1.2,2014-07-19,0429,Aqua,MODIS,53,6.2,301.8,21.9,D,0
-14.8471,134.8819,330.3,1.4,1.2,2014-07-19,0429,Aqua,MODIS,67,6.2,303.8,30.8,D,0
-14.8068,134.4659,335.4,1.5,1.2,2014-07-19,0429,Aqua,MODIS,86,6.2,304,47.4,D,0
-14.8309,134.8733,329.8,1.4,1.2,2014-07-19,0429,Aqua,MODIS,26,6.2,303.5,24.7,D,0
-12.2585,134.368,321.2,1.4,1.2,2014-07-19,0430,Aqua,MODIS,50,6.2,301,15.1,D,0
-11.905,133.6407,316.6,1.5,1.2,2014-07-19,0430,Aqua,MODIS,60,6.2,300,13.1,D,0
-12.6594,134.2637,324.7,1.4,1.2,2014-07-19,0430,Aqua,MODIS,68,6.2,301.5,21.4,D,0
-12.4169,131.4697,316.1,2.3,1.5,2014-07-19,0430,Aqua,MODIS,52,6.2,299.8,22.8,D,0
-12.0844,133.3026,326.4,1.6,1.3,2014-07-19,0430,Aqua,MODIS,31,6.2,301.9,21.4,D,0
-12.7103,132.0748,336.2,2.1,1.4,2014-07-19,0430,Aqua,MODIS,86,6.2,304.8,79.9,D,0
-12.6577,134.2766,323.8,1.4,1.2,2014-07-19,0430,Aqua,MODIS,61,6.2,301.5,19.2,D,0
-12.6866,134.8457,331.7,1.3,1.1,2014-07-19,0430,Aqua,MODIS,83,6.2,301,32.9,D,0
-12.6471,134.2752,322,1.4,1.2,2014-07-19,0430,Aqua,MODIS,33,6.2,300.3,15.3,D,0
-12.3605,135.5998,325.2,1.2,1.1,2014-07-19,0430,Aqua,MODIS,78,6.2,297.1,22.5,D,0
-12.6633,134.3168,341.6,1.4,1.2,2014-07-19,0430,Aqua,MODIS,90,6.2,302.6,61.1,D,0
-12.3591,135.6105,318.1,1.2,1.1,2014-07-19,0430,Aqua,MODIS,68,6.2,294.1,13.2,D,0
-12.5052,134.1232,317.4,1.4,1.2,2014-07-19,0430,Aqua,MODIS,40,6.2,302.6,8.9,D,0
-12.0918,133.3337,326.3,1.6,1.3,2014-07-19,0430,Aqua,MODIS,70,6.2,303.7,23.6,D,0
-12.8989,132.6424,320.1,1.9,1.3,2014-07-19,0430,Aqua,MODIS,60,6.2,305.6,18.3,D,0
-12.4699,133.2391,318.9,1.7,1.3,2014-07-19,0430,Aqua,MODIS,59,6.2,302.6,14.4,D,0
-12.6076,130.9675,317.1,2.5,1.5,2014-07-19,0430,Aqua,MODIS,0,6.2,303.1,25.7,D,0
-12.1072,134.45,314.9,1.4,1.2,2014-07-19,0430,Aqua,MODIS,27,6.2,292,8.9,D,0
-12.1089,134.4376,327.9,1.4,1.2,2014-07-19,0430,Aqua,MODIS,78,6.2,298.2,30.3,D,0
-12.0807,133.2409,340.3,1.6,1.3,2014-07-19,0430,Aqua,MODIS,85,6.2,299.9,67.5,D,0
-12.7098,132.0699,340.2,2.1,1.4,2014-07-19,0430,Aqua,MODIS,89,6.2,305.4,97.6,D,0
-12.0788,133.256,349.7,1.6,1.3,2014-07-19,0430,Aqua,MODIS,95,6.2,301.7,100.2,D,0
-12.4679,133.2544,320.3,1.7,1.3,2014-07-19,0430,Aqua,MODIS,61,6.2,302.7,17.1,D,0
-12.3307,142.5923,311.6,1.5,1.2,2014-07-19,0430,Aqua,MODIS,23,6.2,294.7,10.9,D,0
-12.7126,132.0558,328.5,2.1,1.4,2014-07-19,0430,Aqua,MODIS,73,6.2,304.6,46.6,D,0
-12.058,133.238,327.8,1.6,1.3,2014-07-19,0430,Aqua,MODIS,79,6.2,301.5,32.3,D,0
-12.8607,142.6618,315.7,1.5,1.2,2014-07-19,0430,Aqua,MODIS,37,6.2,294.2,14.6,D,0
-12.0825,133.3174,335.1,1.6,1.3,2014-07-19,0430,Aqua,MODIS,85,6.2,302.8,45.9,D,0
-12.2844,134.3327,317.8,1.4,1.2,2014-07-19,0430,Aqua,MODIS,42,6.2,300.4,9.5,D,0
-12.2118,131.0488,336,2.4,1.5,2014-07-19,0430,Aqua,MODIS,73,6.2,301.3,102.3,D,0
-12.4204,131.4652,315.6,2.3,1.5,2014-07-19,0430,Aqua,MODIS,50,6.2,299.8,22.4,D,0
-12.2063,131.055,334.1,2.4,1.5,2014-07-19,0430,Aqua,MODIS,80,6.2,301.6,93.1,D,0
-12.2828,134.3455,334.4,1.4,1.2,2014-07-19,0430,Aqua,MODIS,85,6.2,301.4,40,D,0
-12.0675,133.2546,342.5,1.6,1.3,2014-07-19,0430,Aqua,MODIS,91,6.2,301.6,73.2,D,0
-12.2091,131.071,331,2.4,1.5,2014-07-19,0430,Aqua,MODIS,75,6.2,299.3,78.5,D,0
-12.2199,131.0566,324.8,2.4,1.5,2014-07-19,0430,Aqua,MODIS,57,6.2,300,52.2,D,0
-13.2565,130.9701,317.9,2.6,1.5,2014-07-19,0430,Aqua,MODIS,28,6.2,303.3,24.5,D,0
-12.3125,134.7456,318.4,1.3,1.1,2014-07-19,0430,Aqua,MODIS,50,6.2,298.6,14.4,D,0
-12.3141,134.7336,323.4,1.3,1.1,2014-07-19,0430,Aqua,MODIS,74,6.2,299.3,21.7,D,0
-12.7054,131.5809,314.9,2.3,1.5,2014-07-19,0430,Aqua,MODIS,29,6.2,301.1,17.5,D,0
-12.7028,131.6013,316.3,2.2,1.5,2014-07-19,0430,Aqua,MODIS,49,6.2,301.3,23,D,0
-13.5554,133.8689,321.7,1.6,1.2,2014-07-19,0430,Aqua,MODIS,62,6.2,303.6,18.1,D,0
-11.987,132.794,331.2,1.8,1.3,2014-07-19,0430,Aqua,MODIS,82,6.2,300.7,50.4,D,0
-11.9894,132.804,322.1,1.8,1.3,2014-07-19,0430,Aqua,MODIS,73,6.2,298.4,26.8,D,0
-11.985,132.8102,322.8,1.8,1.3,2014-07-19,0430,Aqua,MODIS,71,6.2,298.8,28.4,D,0
-13.287,131.0682,320.9,2.5,1.5,2014-07-19,0430,Aqua,MODIS,62,6.2,306.6,31.2,D,0
-13.226,131.8946,319.8,2.2,1.4,2014-07-19,0430,Aqua,MODIS,28,6.2,304.8,14.4,D,0
-12.2333,132.5682,320.3,1.9,1.3,2014-07-19,0430,Aqua,MODIS,37,6.2,302,22.3,D,0
-12.6696,142.7766,313.9,1.6,1.2,2014-07-19,0430,Aqua,MODIS,61,6.2,298.4,14,D,0
-12.2496,132.5354,319.3,1.9,1.3,2014-07-19,0430,Aqua,MODIS,44,6.2,301,19.7,D,0
-12.7031,131.5878,320.7,2.3,1.5,2014-07-19,0430,Aqua,MODIS,67,6.2,301.4,36.9,D,0
-13.2138,131.8861,322,2.2,1.4,2014-07-19,0430,Aqua,MODIS,50,6.2,306.1,19.6,D,0
-11.9776,132.8025,334.5,1.8,1.3,2014-07-19,0430,Aqua,MODIS,85,6.2,299.4,59.3,D,0
-13.7193,130.7292,317.3,2.7,1.6,2014-07-19,0430,Aqua,MODIS,53,6.2,302.7,27.3,D,0
-13.2511,131.0168,318.8,2.5,1.5,2014-07-19,0430,Aqua,MODIS,33,6.2,305.4,22.9,D,0
-11.9673,132.8829,319.6,1.7,1.3,2014-07-19,0430,Aqua,MODIS,54,6.2,302.5,17.3,D,0
-13.2538,130.9934,334.7,2.5,1.5,2014-07-19,0430,Aqua,MODIS,84,6.2,305.5,99.7,D,0
-12.9684,130.989,320.8,2.5,1.5,2014-07-19,0430,Aqua,MODIS,24,6.2,306.8,26.5,D,0
-13.324,130.7582,318.3,2.7,1.6,2014-07-19,0430,Aqua,MODIS,56,6.2,305.2,27.5,D,0
-11.4028,132.9167,312.2,1.7,1.3,2014-07-19,0430,Aqua,MODIS,42,6.2,297.6,11.9,D,0
-14.5472,130.2427,324.6,3,1.7,2014-07-19,0430,Aqua,MODIS,56,6.2,301.6,60,D,0
-14.5336,130.2365,334.2,3,1.7,2014-07-19,0430,Aqua,MODIS,84,6.2,300.4,125.2,D,0
-14.5305,130.2647,364.3,3,1.7,2014-07-19,0430,Aqua,MODIS,100,6.2,303.9,449.2,D,0
-14.5486,130.2381,323.4,3,1.7,2014-07-19,0430,Aqua,MODIS,71,6.2,301.5,59.1,D,0
-14.5454,130.2664,319.2,3,1.7,2014-07-19,0430,Aqua,MODIS,45,6.2,302.6,41.8,D,0
-14.1813,129.7247,330.8,3.3,1.7,2014-07-19,0430,Aqua,MODIS,81,6.2,299.8,131.4,D,0
-14.185,129.718,328.5,3.3,1.7,2014-07-19,0430,Aqua,MODIS,78,6.2,299.5,112.9,D,0
-11.5198,130.2959,312.4,2.7,1.6,2014-07-19,0430,Aqua,MODIS,47,6.2,298.3,22.6,D,0
-14.1968,129.7264,315,3.3,1.7,2014-07-19,0430,Aqua,MODIS,22,6.2,300.2,37.6,D,0
-14.4051,129.7616,323.6,3.3,1.7,2014-07-19,0430,Aqua,MODIS,67,6.2,304.3,65.7,D,0
-14.416,129.7672,333.1,3.3,1.7,2014-07-19,0430,Aqua,MODIS,83,6.2,304.1,121.2,D,0
-14.1816,129.7483,319.3,3.3,1.7,2014-07-19,0430,Aqua,MODIS,51,6.2,302.2,58.1,D,0
-13.2427,130.9685,328.8,2.6,1.5,2014-07-19,0430,Aqua,MODIS,78,6.2,305,68.3,D,0
-12.8718,136.4209,314.2,1.1,1,2014-07-19,0430,Aqua,MODIS,60,6.2,294.2,9.1,D,0
-13.24,130.9918,328.7,2.5,1.5,2014-07-19,0430,Aqua,MODIS,78,6.2,308.3,65.9,D,0
-13.5731,134.0064,315.3,1.5,1.2,2014-07-19,0430,Aqua,MODIS,39,6.2,302,9.5,D,0
-12.8331,134.1656,317.5,1.5,1.2,2014-07-19,0430,Aqua,MODIS,54,6.2,302.2,10.7,D,0
-13.5721,134.0008,314.5,1.5,1.2,2014-07-19,0430,Aqua,MODIS,19,6.2,302,8.1,D,0
-11.3423,131.3265,313.7,2.3,1.5,2014-07-19,0430,Aqua,MODIS,39,6.2,297.2,20.5,D,0
-11.4001,131.396,343.1,2.2,1.4,2014-07-19,0430,Aqua,MODIS,92,6.2,297,128.9,D,0
-11.3896,131.3739,338.3,2.2,1.4,2014-07-19,0430,Aqua,MODIS,89,6.2,296.3,104.8,D,0
-11.9797,132.7863,330.5,1.8,1.3,2014-07-19,0430,Aqua,MODIS,82,6.2,300.2,46.6,D,0
-11.4157,131.3772,333.4,2.2,1.4,2014-07-19,0430,Aqua,MODIS,84,6.2,298.1,74.8,D,0
-11.4182,131.357,328.4,2.2,1.5,2014-07-19,0430,Aqua,MODIS,81,6.2,296.9,55.2,D,0
-11.505,131.3959,312.7,2.2,1.4,2014-07-19,0430,Aqua,MODIS,52,6.2,296.4,20.1,D,0
-12.8301,134.1599,317.8,1.5,1.2,2014-07-19,0430,Aqua,MODIS,37,6.2,302.4,9.8,D,0
-31.7393,118.5289,300.7,1,1,2014-07-19,0603,Aqua,MODIS,41,6.2,290.2,2.8,D,0
-24.797,146.9604,308.2,4.4,1.9,2014-07-19,1213,Terra,MODIS,74,6.2,277.2,100.6,N,0
-24.7962,146.9533,306.8,4.4,1.9,2014-07-19,1213,Terra,MODIS,69,6.2,277.8,93.1,N,0
-19.5649,132.2256,300,1,1,2014-07-19,1353,Terra,MODIS,7,6.2,284.1,6.1,N,0
-19.5572,132.2146,311.4,1,1,2014-07-19,1353,Terra,MODIS,83,6.2,285.5,13,N,0
-19.5559,132.2241,313.8,1,1,2014-07-19,1353,Terra,MODIS,88,6.2,285.1,14.9,N,0
-15.6782,129.4524,300.7,1.1,1,2014-07-19,1354,Terra,MODIS,27,6.2,288.8,4.9,N,0
-14.7984,134.8886,310.7,1.4,1.2,2014-07-19,1354,Terra,MODIS,81,6.2,286.7,18.6,N,0
-14.7377,129.8793,305.4,1,1,2014-07-19,1354,Terra,MODIS,64,6.2,290.4,6.6,N,0
-14.6766,130.1935,304.8,1,1,2014-07-19,1354,Terra,MODIS,62,6.2,291.3,6.1,N,0
-13.9551,130.4232,339.9,1,1,2014-07-19,1354,Terra,MODIS,100,6.2,291.7,43.6,N,0
-13.9538,130.4324,355,1,1,2014-07-19,1354,Terra,MODIS,100,6.2,292.9,74.3,N,0
-14.7202,129.8803,313.7,1,1,2014-07-19,1354,Terra,MODIS,88,6.2,293.2,12.6,N,0
-13.9628,130.4338,311.6,1,1,2014-07-19,1354,Terra,MODIS,83,6.2,290.1,10.9,N,0
-13.9808,130.4365,304.3,1,1,2014-07-19,1354,Terra,MODIS,59,6.2,290,6.7,N,0
-14.7216,129.8708,314.7,1,1,2014-07-19,1354,Terra,MODIS,90,6.2,294.3,13.4,N,0
-14.1721,129.7237,301.6,1,1,2014-07-19,1354,Terra,MODIS,43,6.2,289.8,5.1,N,0
-14.1708,129.7333,301.3,1,1,2014-07-19,1354,Terra,MODIS,40,6.2,290.6,5,N,0
-13.9358,130.4297,306.5,1,1,2014-07-19,1354,Terra,MODIS,68,6.2,289.4,7.6,N,0
-16.0699,128.8022,307,1.2,1.1,2014-07-19,1354,Terra,MODIS,70,6.2,291.7,10.7,N,0
-13.9371,130.4205,302.4,1,1,2014-07-19,1354,Terra,MODIS,40,6.2,289.1,5.1,N,0
-12.4328,132.8483,301.1,1.1,1.1,2014-07-19,1355,Terra,MODIS,37,6.2,290.8,4.8,N,0
-12.1354,133.3949,328.7,1.2,1.1,2014-07-19,1355,Terra,MODIS,100,6.2,293.6,36.4,N,0
-12.6606,132.6861,301,1.1,1.1,2014-07-19,1355,Terra,MODIS,37,6.2,290.5,5.4,N,0
-12.832,133.7195,304.2,1.3,1.1,2014-07-19,1355,Terra,MODIS,59,6.2,292.1,7.3,N,0
-12.9878,131.1448,310.9,1,1,2014-07-19,1355,Terra,MODIS,81,6.2,292.8,10.6,N,0
-12.8811,133.7339,301.7,1.3,1.1,2014-07-19,1355,Terra,MODIS,44,6.2,291.7,5.9,N,0
-12.9703,131.0106,317.1,1,1,2014-07-19,1355,Terra,MODIS,94,6.2,292.2,15.8,N,0
-13.243,131.0329,309.4,1,1,2014-07-19,1355,Terra,MODIS,77,6.2,291.4,9.2,N,0
-13.7093,130.7315,305,1,1,2014-07-19,1355,Terra,MODIS,62,6.2,292.9,5.8,N,0
-13.2542,130.7627,303.4,1,1,2014-07-19,1355,Terra,MODIS,45,6.2,292.9,4.5,N,0
-13.2935,131.0659,303.1,1,1,2014-07-19,1355,Terra,MODIS,50,6.2,290.2,5.5,N,0
-13.2922,131.0751,307.4,1,1,2014-07-19,1355,Terra,MODIS,71,6.2,292.1,7.8,N,0
-12.9959,131.1521,317.7,1,1,2014-07-19,1355,Terra,MODIS,96,6.2,291.8,16,N,0
-11.4352,131.444,300.8,1,1,2014-07-19,1355,Terra,MODIS,34,6.2,290.4,4.3,N,0
-11.6895,131.1522,302.9,1,1,2014-07-19,1355,Terra,MODIS,52,6.2,291.5,5.6,N,0
-12.7234,133.6956,304.4,1.3,1.1,2014-07-19,1355,Terra,MODIS,57,6.2,292.6,6.8,N,0
-11.5311,130.2685,320.3,1,1,2014-07-19,1355,Terra,MODIS,100,6.2,293,17.5,N,0
-13.7665,130.392,318.2,1,1,2014-07-19,1355,Terra,MODIS,96,6.2,291.9,16.4,N,0
-13.7678,130.3828,302.3,1,1,2014-07-19,1355,Terra,MODIS,48,6.2,291,4.9,N,0
-13.7536,130.4184,300.4,1,1,2014-07-19,1355,Terra,MODIS,26,6.2,289.6,4.6,N,0
-13.7588,130.3814,310.5,1,1,2014-07-19,1355,Terra,MODIS,80,6.2,292,10.2,N,0
-11.5157,130.2476,302,1,1,2014-07-19,1355,Terra,MODIS,46,6.2,291.5,4.5,N,0
-11.5298,130.2776,307.6,1,1,2014-07-19,1355,Terra,MODIS,72,6.2,291.9,7.8,N,0
-13.7137,130.7389,314,1.3,1.1,2014-07-19,1658,Aqua,MODIS,88,6.2,292.8,19.1,N,0
-13.927,130.4318,307,1.3,1.1,2014-07-19,1658,Aqua,MODIS,70,6.2,287.1,13.1,N,0
-16.0602,128.7931,308.1,1.1,1.1,2014-07-19,1659,Aqua,MODIS,73,6.2,291.6,9.9,N,0
-14.7757,129.8394,303.9,1.2,1.1,2014-07-19,1659,Aqua,MODIS,57,6.2,291,8.1,N,0
-14.7198,129.877,306.1,1.2,1.1,2014-07-19,1659,Aqua,MODIS,67,6.2,292.1,10.1,N,0
-14.7742,129.8281,305.6,1.2,1.1,2014-07-19,1659,Aqua,MODIS,65,6.2,291.3,9.6,N,0
-18.2922,130.7036,306.8,1.5,1.2,2014-07-19,1700,Aqua,MODIS,69,6.2,285.4,19.4,N,0
-12.2826,142.5705,319.9,1.1,1,2014-07-20,0044,Terra,MODIS,74,6.2,301,12.4,D,0
-12.3381,141.9573,328.1,1.2,1.1,2014-07-20,0044,Terra,MODIS,83,6.2,299.5,25.4,D,0
-12.3364,141.9465,336.8,1.2,1.1,2014-07-20,0044,Terra,MODIS,89,6.2,299.5,41.3,D,0
-12.3399,141.9509,329.3,1.2,1.1,2014-07-20,0044,Terra,MODIS,79,6.2,300.1,27.5,D,0
-12.281,142.5604,315.9,1.1,1,2014-07-20,0044,Terra,MODIS,57,6.2,300.8,8.2,D,0
-12.8232,142.8401,313.9,1.1,1,2014-07-20,0045,Terra,MODIS,44,6.2,298.2,7.2,D,0
-15.1978,143.3715,328.6,1,1,2014-07-20,0045,Terra,MODIS,83,6.2,302,19,D,0
-12.834,142.8484,311.6,1.1,1,2014-07-20,0045,Terra,MODIS,30,6.2,297.6,5.2,D,0
-15.2103,143.3314,313.3,1,1,2014-07-20,0045,Terra,MODIS,29,6.2,300.6,5.8,D,0
-15.4032,143.5743,322.7,1,1,2014-07-20,0045,Terra,MODIS,67,6.2,302.6,13.1,D,0
-15.3845,143.5108,315.5,1,1,2014-07-20,0045,Terra,MODIS,68,6.2,302.5,6.5,D,0
-15.3873,143.5293,327,1,1,2014-07-20,0045,Terra,MODIS,82,6.2,302.9,17.7,D,0
-12.6527,141.9916,316,1.2,1.1,2014-07-20,0045,Terra,MODIS,69,6.2,299.4,10.1,D,0
-15.2089,143.3221,319.3,1,1,2014-07-20,0045,Terra,MODIS,74,6.2,299.5,11.5,D,0
-12.6573,141.958,316.6,1.2,1.1,2014-07-20,0045,Terra,MODIS,70,6.2,301.7,11,D,0
-15.1888,143.3729,319.6,1,1,2014-07-20,0045,Terra,MODIS,68,6.2,301.1,10.6,D,0
-15.0865,143.0594,313.7,1,1,2014-07-20,0045,Terra,MODIS,56,6.2,299.6,6.4,D,0
-14.2584,143.6177,310.2,1,1,2014-07-20,0045,Terra,MODIS,17,6.2,298.4,5,D,0
-15.912,144.4688,314.7,1,1,2014-07-20,0045,Terra,MODIS,62,6.2,296.1,9.6,D,0
-14.9547,141.8486,314.5,1.1,1.1,2014-07-20,0045,Terra,MODIS,50,6.2,300.3,6.1,D,0
-15.9223,144.4769,313,1,1,2014-07-20,0045,Terra,MODIS,50,6.2,295.9,8,D,0
-14.4142,142.7052,336,1.1,1,2014-07-20,0045,Terra,MODIS,88,6.2,299.6,33.6,D,0
-13.9219,143.5238,314.3,1,1,2014-07-20,0045,Terra,MODIS,56,6.2,297.1,7.4,D,0
-14.8377,134.927,308.5,3.4,1.7,2014-07-20,0045,Terra,MODIS,25,6.2,295.3,22.2,D,0
-15.1902,143.3822,313.5,1,1,2014-07-20,0045,Terra,MODIS,21,6.2,299.5,4.6,D,0
-14.2898,142.9733,313.3,1,1,2014-07-20,0045,Terra,MODIS,61,6.2,297.8,7.2,D,0
-14.9704,141.8249,316.3,1.1,1.1,2014-07-20,0045,Terra,MODIS,37,6.2,300,7,D,0
-15.9133,144.4782,314.8,1,1,2014-07-20,0045,Terra,MODIS,64,6.2,295.8,9.7,D,0
-15.2013,143.3328,326.1,1,1,2014-07-20,0045,Terra,MODIS,81,6.2,299.7,17.9,D,0
-14.3317,142.6453,313.2,1.1,1,2014-07-20,0045,Terra,MODIS,63,6.2,298,6.9,D,0
-15.2173,143.378,314.8,1,1,2014-07-20,0045,Terra,MODIS,61,6.2,301.8,4.6,D,0
-14.3332,142.655,319.9,1.1,1,2014-07-20,0045,Terra,MODIS,75,6.2,298.8,13.5,D,0
-12.8325,142.8387,317,1.1,1,2014-07-20,0045,Terra,MODIS,71,6.2,299.2,10.1,D,0
-14.4127,142.6955,322.1,1.1,1,2014-07-20,0045,Terra,MODIS,77,6.2,297.6,15.3,D,0
-15.0955,143.0616,314.2,1,1,2014-07-20,0045,Terra,MODIS,65,6.2,300,7.4,D,0
-15.921,144.4675,315.8,1,1,2014-07-20,0045,Terra,MODIS,59,6.2,297.7,10.1,D,0
-14.405,142.7066,325.3,1.1,1,2014-07-20,0045,Terra,MODIS,80,6.2,299.9,18.6,D,0
-15.4483,143.0159,319.4,1,1,2014-07-20,0045,Terra,MODIS,73,6.2,298.7,12,D,0
-13.931,143.5224,319.3,1,1,2014-07-20,0045,Terra,MODIS,74,6.2,299,12.3,D,0
-14.4035,142.697,320.9,1.1,1,2014-07-20,0045,Terra,MODIS,76,6.2,298.3,14.2,D,0
-14.3697,142.7089,311,1.1,1,2014-07-20,0045,Terra,MODIS,59,6.2,298.4,5.7,D,0
-12.871,142.7361,316.8,1.1,1,2014-07-20,0045,Terra,MODIS,60,6.2,300.4,8.2,D,0
-14.8803,141.6252,339.1,1.1,1.1,2014-07-20,0045,Terra,MODIS,84,6.2,303.2,42.3,D,0
-14.8899,141.6236,317.7,1.1,1.1,2014-07-20,0045,Terra,MODIS,49,6.2,298,9.9,D,0
-12.8757,142.705,331.6,1.1,1,2014-07-20,0045,Terra,MODIS,85,6.2,300.1,25.3,D,0
-14.2357,143.5894,317,1,1,2014-07-20,0045,Terra,MODIS,71,6.2,298.4,9,D,0
-14.9156,141.9078,318.1,1.1,1.1,2014-07-20,0045,Terra,MODIS,70,6.2,299.5,10.9,D,0
-16.0271,141.4464,315.7,1.1,1.1,2014-07-20,0045,Terra,MODIS,64,6.2,302.7,7,D,0
-13.216,141.9935,317,1.1,1.1,2014-07-20,0045,Terra,MODIS,57,6.2,299.9,9.8,D,0
-14.2143,143.6306,308.9,1,1,2014-07-20,0045,Terra,MODIS,34,6.2,295.8,4.5,D,0
-14.2344,143.5801,327.8,1,1,2014-07-20,0045,Terra,MODIS,83,6.2,299.5,21.1,D,0
-16.297,144.2068,312.1,1,1,2014-07-20,0045,Terra,MODIS,53,6.2,297.5,6.6,D,0
-12.4231,141.7069,323.8,1.2,1.1,2014-07-20,0045,Terra,MODIS,74,6.2,298.1,21.8,D,0
-16.0724,144.1169,312.6,1,1,2014-07-20,0045,Terra,MODIS,47,6.2,298.2,6.5,D,0
-16.0818,144.1185,314.6,1,1,2014-07-20,0045,Terra,MODIS,69,6.2,297.7,7.8,D,0
-12.4249,141.7179,338.5,1.2,1.1,2014-07-20,0045,Terra,MODIS,89,6.2,299.5,47.7,D,0
-14.9688,141.8145,330,1.1,1.1,2014-07-20,0045,Terra,MODIS,83,6.2,300.6,24.3,D,0
-14.9783,141.813,320.9,1.1,1.1,2014-07-20,0045,Terra,MODIS,74,6.2,300.2,12.7,D,0
-16.0255,141.4359,320.5,1.1,1.1,2014-07-20,0045,Terra,MODIS,73,6.2,302.5,12.7,D,0
-14.914,141.8975,319.2,1.1,1.1,2014-07-20,0045,Terra,MODIS,72,6.2,299,12.2,D,0
-17.6961,138.7996,347.4,1.5,1.2,2014-07-20,0046,Terra,MODIS,94,6.2,300.8,95,D,0
-17.707,138.7976,320.5,1.5,1.2,2014-07-20,0046,Terra,MODIS,75,6.2,298.8,23.6,D,0
-17.8065,138.7733,347.9,1.5,1.2,2014-07-20,0046,Terra,MODIS,94,6.2,301.1,97.9,D,0
-17.809,138.7877,316.8,1.5,1.2,2014-07-20,0046,Terra,MODIS,69,6.2,300.4,16.4,D,0
-17.8072,138.7664,332.3,1.5,1.2,2014-07-20,0046,Terra,MODIS,86,6.2,299.2,48.7,D,0
-17.8097,138.7807,329.9,1.5,1.2,2014-07-20,0046,Terra,MODIS,84,6.2,300.7,42.5,D,0
-17.7858,138.7177,315.2,1.6,1.2,2014-07-20,0046,Terra,MODIS,68,6.2,299.4,13.9,D,0
-17.1895,145.9233,319,1.2,1.1,2014-07-20,0046,Terra,MODIS,77,6.2,292.5,18.6,D,0
-17.188,145.9127,318,1.2,1.1,2014-07-20,0046,Terra,MODIS,76,6.2,294.4,17.3,D,0
-16.3853,137.0204,308.9,2.2,1.4,2014-07-20,0046,Terra,MODIS,56,6.2,298,14.6,D,0
-21.9659,146.2989,307.7,1.4,1.2,2014-07-20,0047,Terra,MODIS,45,6.2,293.8,8.7,D,0
-20.7334,139.4829,309.1,1.2,1.1,2014-07-20,0047,Terra,MODIS,47,6.2,297.8,6,D,2
-21.9605,146.3055,311,1.4,1.2,2014-07-20,0047,Terra,MODIS,64,6.2,294.3,12.6,D,0
-19.5067,132.5706,304.1,4,1.9,2014-07-20,0047,Terra,MODIS,16,6.2,291.8,24.9,D,0
-19.5872,132.1803,321.1,4.3,1.9,2014-07-20,0047,Terra,MODIS,79,6.2,292.3,135.3,D,0
-19.7225,132.6697,311.3,3.9,1.8,2014-07-20,0047,Terra,MODIS,57,6.2,291.9,55,D,0
-19.5893,132.1741,327.5,4.3,1.9,2014-07-20,0047,Terra,MODIS,84,6.2,292.2,197.3,D,0
-19.5806,132.1335,321.2,4.3,1.9,2014-07-20,0047,Terra,MODIS,79,6.2,291,141.2,D,0
-19.4895,132.6528,305.9,3.9,1.8,2014-07-20,0047,Terra,MODIS,30,6.2,292.1,31.8,D,0
-19.5787,132.1397,318.9,4.3,1.9,2014-07-20,0047,Terra,MODIS,77,6.2,291.3,118.1,D,0
-26.1333,148.5972,308.6,2.2,1.5,2014-07-20,0048,Terra,MODIS,61,6.2,295.6,20.4,D,0
-26.1301,148.5908,306.8,2.2,1.5,2014-07-20,0048,Terra,MODIS,62,6.2,295.5,16,D,0
-24.5551,143.8757,309,1.1,1,2014-07-20,0048,Terra,MODIS,60,6.2,295.5,6.4,D,0
-14.1592,129.743,316.4,4.3,1.9,2014-07-20,0223,Terra,MODIS,66,6.2,298.4,83.5,D,0
-15.9661,128.5303,315.1,3.7,1.8,2014-07-20,0224,Terra,MODIS,55,6.2,299.7,48.1,D,0
-15.9548,128.5016,311.6,3.6,1.8,2014-07-20,0224,Terra,MODIS,53,6.2,299.4,31.6,D,0
-15.9584,128.536,315,3.7,1.8,2014-07-20,0224,Terra,MODIS,64,6.2,299.4,50.7,D,0
-21.8312,116.4154,312.1,1,1,2014-07-20,0226,Terra,MODIS,51,6.2,301,5.2,D,0
-21.8403,116.4138,312,1,1,2014-07-20,0226,Terra,MODIS,51,6.2,299.6,5.2,D,0
-30.026,152.9365,302,1.2,1.1,2014-07-20,0329,Aqua,MODIS,30,6.2,281.9,7.1,D,0
-30.0374,152.9254,304.3,1.2,1.1,2014-07-20,0329,Aqua,MODIS,45,6.2,282.6,9,D,0
-29.8487,152.8047,331.6,1.2,1.1,2014-07-20,0329,Aqua,MODIS,87,6.2,285.8,43.3,D,0
-29.8472,152.8174,321.4,1.2,1.1,2014-07-20,0329,Aqua,MODIS,81,6.2,283.7,26.8,D,0
-26.0976,152.6573,306,1.1,1.1,2014-07-20,0330,Aqua,MODIS,41,6.2,295,5.7,D,0
-23.124,150.6724,310.7,1.4,1.2,2014-07-20,0331,Aqua,MODIS,60,6.2,295,12.5,D,0
-24.7963,146.9512,325.6,2.6,1.5,2014-07-20,0331,Aqua,MODIS,52,6.2,291.9,74.8,D,0
-24.78,146.975,321.5,2.6,1.5,2014-07-20,0331,Aqua,MODIS,78,6.2,293.8,62.5,D,0
-24.5546,152.011,312.3,1.2,1.1,2014-07-20,0331,Aqua,MODIS,68,6.2,298.4,12,D,0
-26.1494,148.5888,318.3,2,1.4,2014-07-20,0331,Aqua,MODIS,75,6.2,299.9,31,D,0
-26.1368,148.5874,318.6,2,1.4,2014-07-20,0331,Aqua,MODIS,75,6.2,297.5,29.8,D,0
-23.1344,150.6739,310.4,1.4,1.2,2014-07-20,0331,Aqua,MODIS,59,6.2,296.1,12.4,D,0
-24.8284,147.0562,315.7,2.5,1.5,2014-07-20,0331,Aqua,MODIS,69,6.2,292.9,46.3,D,0
-24.8242,146.9543,319.1,2.6,1.5,2014-07-20,0331,Aqua,MODIS,53,6.2,291.1,54.8,D,0
-24.7269,147.0953,348.3,2.5,1.5,2014-07-20,0331,Aqua,MODIS,95,6.2,297.6,212.7,D,0
-24.7291,147.0707,316.5,2.5,1.5,2014-07-20,0331,Aqua,MODIS,73,6.2,296.8,46.1,D,0
-24.7318,147.1132,309.5,2.5,1.5,2014-07-20,0331,Aqua,MODIS,42,6.2,296.5,18.8,D,0
-24.7342,147.0892,340.1,2.5,1.5,2014-07-20,0331,Aqua,MODIS,91,6.2,296,152,D,0
-24.8009,146.9567,335.3,2.6,1.5,2014-07-20,0331,Aqua,MODIS,88,6.2,292.1,126.2,D,0
-24.8102,146.9527,327.8,2.6,1.5,2014-07-20,0331,Aqua,MODIS,64,6.2,291.5,86.9,D,0
-22.087,149.3093,312.3,1.6,1.2,2014-07-20,0332,Aqua,MODIS,62,6.2,293.4,19.5,D,0
-19.9551,147.9381,313,1.9,1.3,2014-07-20,0332,Aqua,MODIS,54,6.2,301.5,16.5,D,0
-22.0966,149.3256,308.5,1.6,1.2,2014-07-20,0332,Aqua,MODIS,29,6.2,292.5,13.1,D,0
-16.351,144.2096,311.2,3.2,1.7,2014-07-20,0333,Aqua,MODIS,54,6.2,298.9,28.9,D,0
-14.9295,141.8633,337,4.6,2,2014-07-20,0334,Aqua,MODIS,89,6.2,297.2,289.2,D,0
-14.9296,141.8553,337.8,4.6,2,2014-07-20,0334,Aqua,MODIS,89,6.2,297,302.8,D,0
-14.9253,141.8979,315,4.6,2,2014-07-20,0334,Aqua,MODIS,28,6.2,297,64.7,D,0
-14.9692,141.8241,316.4,4.6,2,2014-07-20,0334,Aqua,MODIS,65,6.2,297.6,69.6,D,0
-14.9696,141.8159,317.3,4.6,2,2014-07-20,0334,Aqua,MODIS,71,6.2,297.6,78,D,0
-12.8737,142.7025,313.1,3.7,1.8,2014-07-20,0334,Aqua,MODIS,48,6.2,290.4,60.3,D,0
-14.4148,142.6942,309.8,3.9,1.8,2014-07-20,0334,Aqua,MODIS,61,6.2,295.9,39.4,D,0
-15.4312,142.9423,311,3.9,1.8,2014-07-20,0334,Aqua,MODIS,61,6.2,297.3,38.9,D,0
-15.4364,142.9476,313.1,3.9,1.8,2014-07-20,0334,Aqua,MODIS,60,6.2,297.1,46.2,D,0
-15.6045,143.0092,314.1,3.8,1.8,2014-07-20,0334,Aqua,MODIS,44,6.2,296.9,52.6,D,0
-15.588,143.0075,316.9,3.8,1.8,2014-07-20,0334,Aqua,MODIS,73,6.2,297,71.2,D,0
-15.5843,143.0432,310,3.8,1.8,2014-07-20,0334,Aqua,MODIS,27,6.2,296.5,31.6,D,0
-15.4274,142.9783,310.3,3.8,1.8,2014-07-20,0334,Aqua,MODIS,59,6.2,296.8,35.6,D,0
-15.3985,143.5604,313.3,3.5,1.8,2014-07-20,0334,Aqua,MODIS,37,6.2,297.6,41.5,D,0
-14.3766,142.6864,314.2,3.9,1.8,2014-07-20,0334,Aqua,MODIS,60,6.2,295.1,62,D,0
-12.2952,142.5266,325.4,3.8,1.8,2014-07-20,0335,Aqua,MODIS,74,6.2,289.8,131.4,D,0
-12.2789,142.5246,314.1,3.8,1.8,2014-07-20,0335,Aqua,MODIS,46,6.2,288.7,59.5,D,0
-12.289,142.4951,316.4,3.8,1.8,2014-07-20,0335,Aqua,MODIS,0,6.2,286.8,74,D,0
-12.2852,142.5299,327.4,3.8,1.8,2014-07-20,0335,Aqua,MODIS,70,6.2,291.2,155.2,D,0
-22.7542,128.3765,323.7,1,1,2014-07-20,0510,Aqua,MODIS,75,6.2,302,14.6,D,0
-22.7556,128.3664,355.7,1,1,2014-07-20,0510,Aqua,MODIS,98,6.2,304.7,72,D,0
-22.6884,130.5309,324.5,1,1,2014-07-20,0510,Aqua,MODIS,77,6.2,301.7,15.5,D,0
-18.2344,130.2641,326.6,1.1,1,2014-07-20,0511,Aqua,MODIS,37,6.2,308.3,12.9,D,0
-18.2942,130.6668,321.2,1.1,1,2014-07-20,0511,Aqua,MODIS,36,6.2,307.3,8.5,D,0
-20.0079,127.8589,318.8,1,1,2014-07-20,0511,Aqua,MODIS,57,6.2,306.4,6.6,D,0
-19.9937,127.8265,319.6,1,1,2014-07-20,0511,Aqua,MODIS,60,6.2,306.1,7,D,0
-19.9951,127.8166,332,1,1,2014-07-20,0511,Aqua,MODIS,81,6.2,307.2,21.9,D,0
-18.209,130.2028,367.6,1.1,1,2014-07-20,0511,Aqua,MODIS,100,6.2,310.4,107.3,D,0
-18.2105,130.1928,376.2,1.1,1,2014-07-20,0511,Aqua,MODIS,100,6.2,308,140.8,D,0
-18.1631,130.3183,326.5,1.1,1,2014-07-20,0511,Aqua,MODIS,75,6.2,306.5,16,D,0
-18.2197,130.1944,360.6,1.1,1,2014-07-20,0511,Aqua,MODIS,100,6.2,307.9,86.4,D,0
-18.2451,130.2556,337.8,1.1,1,2014-07-20,0511,Aqua,MODIS,86,6.2,305.3,31.6,D,0
-18.2182,130.2043,371.7,1.1,1,2014-07-20,0511,Aqua,MODIS,100,6.2,310.5,122,D,0
-18.2359,130.2541,368.7,1.1,1,2014-07-20,0511,Aqua,MODIS,100,6.2,309.8,109.2,D,0
-18.2374,130.2441,351.9,1.1,1,2014-07-20,0511,Aqua,MODIS,96,6.2,306.7,59.2,D,0
-18.2389,130.2341,327.4,1.1,1,2014-07-20,0511,Aqua,MODIS,59,6.2,302.6,16.2,D,0
-18.2235,130.211,325.8,1.1,1,2014-07-20,0511,Aqua,MODIS,36,6.2,305.3,14.7,D,0
-18.2152,130.2243,334.7,1.1,1,2014-07-20,0511,Aqua,MODIS,84,6.2,309.1,25.8,D,0
-18.2167,130.2143,341.1,1.1,1,2014-07-20,0511,Aqua,MODIS,89,6.2,308,37.3,D,0
-18.1709,130.3299,318.8,1.1,1,2014-07-20,0511,Aqua,MODIS,41,6.2,305.4,7.3,D,0
-18.3067,130.7115,323,1.1,1,2014-07-20,0511,Aqua,MODIS,65,6.2,307.2,10.9,D,0
-18.2926,130.6771,323.7,1.1,1,2014-07-20,0511,Aqua,MODIS,46,6.2,306,10.9,D,0
-18.1647,130.3082,334.8,1.1,1,2014-07-20,0511,Aqua,MODIS,84,6.2,306.3,27.3,D,0
-19.6206,132.4482,321.6,1.3,1.1,2014-07-20,0511,Aqua,MODIS,62,6.2,304.3,10.6,D,0
-17.7057,138.8074,313.4,4,1.9,2014-07-20,0511,Aqua,MODIS,53,6.2,302.6,36.3,D,0
-16.7276,136.883,312.8,3,1.7,2014-07-20,0511,Aqua,MODIS,41,6.2,302.6,19.5,D,0
-19.1565,132.517,320.9,1.3,1.1,2014-07-20,0511,Aqua,MODIS,65,6.2,305.1,12.6,D,0
-19.1575,132.7681,322.7,1.4,1.2,2014-07-20,0511,Aqua,MODIS,60,6.2,307.2,15.6,D,0
-19.356,132.919,318.1,1.4,1.2,2014-07-20,0511,Aqua,MODIS,51,6.2,305,10.2,D,0
-18.7553,132.6766,323.4,1.4,1.2,2014-07-20,0511,Aqua,MODIS,58,6.2,306,16.7,D,0
-19.3582,132.9058,316.4,1.4,1.2,2014-07-20,0511,Aqua,MODIS,24,6.2,304,7,D,0
-19.3507,132.9113,323.7,1.4,1.2,2014-07-20,0511,Aqua,MODIS,73,6.2,305.1,18.9,D,0
-19.1723,132.9134,321.5,1.4,1.2,2014-07-20,0511,Aqua,MODIS,59,6.2,305.5,13.5,D,0
-19.4939,132.6436,321.4,1.3,1.1,2014-07-20,0511,Aqua,MODIS,57,6.2,306.5,12.6,D,0
-19.4679,133.0559,319,1.4,1.2,2014-07-20,0511,Aqua,MODIS,40,6.2,304.7,10.1,D,0
-19.4701,133.0425,320,1.4,1.2,2014-07-20,0511,Aqua,MODIS,54,6.2,304.2,11,D,0
-19.7286,132.6605,319.3,1.3,1.1,2014-07-20,0511,Aqua,MODIS,41,6.2,305.5,9.1,D,0
-19.1554,132.7811,331.6,1.4,1.2,2014-07-20,0511,Aqua,MODIS,82,6.2,305.7,32.1,D,0
-18.7492,132.451,324.7,1.3,1.1,2014-07-20,0511,Aqua,MODIS,73,6.2,306.8,16.6,D,0
-18.8097,132.7056,322.1,1.4,1.2,2014-07-20,0511,Aqua,MODIS,59,6.2,306.6,13.5,D,0
-19.5046,132.5361,324.9,1.3,1.1,2014-07-20,0511,Aqua,MODIS,51,6.2,306.6,15.1,D,0
-19.2139,132.6189,321.2,1.4,1.2,2014-07-20,0511,Aqua,MODIS,54,6.2,305.2,12.7,D,0
-19.1544,132.5295,337.1,1.3,1.1,2014-07-20,0511,Aqua,MODIS,87,6.2,305.2,44,D,0
-13.6658,133.425,335.2,1.9,1.4,2014-07-20,0512,Aqua,MODIS,85,6.2,305.1,66.8,D,0
-14.0999,131.2345,428,1.3,1.1,2014-07-20,0512,Aqua,MODIS,100,6.2,317.4,687.4,D,0
-14.1045,131.2158,415.8,1.3,1.1,2014-07-20,0512,Aqua,MODIS,100,6.2,323.8,529.1,D,0
-14.1039,131.2101,359,1.3,1.1,2014-07-20,0512,Aqua,MODIS,99,6.2,305.4,106.2,D,0
-13.8546,133.8471,318.1,2.1,1.4,2014-07-20,0512,Aqua,MODIS,57,6.2,303.7,15.6,D,0
-14.1141,131.2118,396.8,1.3,1.1,2014-07-20,0512,Aqua,MODIS,100,6.2,316.1,334.6,D,0
-14.1243,131.2135,327.8,1.3,1.1,2014-07-20,0512,Aqua,MODIS,74,6.2,308.2,22.3,D,0
-14.1019,131.2223,463.3,1.3,1.1,2014-07-20,0512,Aqua,MODIS,100,6.2,327,1338.9,D,0
-14.1007,131.2403,371.5,1.3,1.1,2014-07-20,0512,Aqua,MODIS,100,6.2,308.8,169.4,D,0
-13.66,133.4367,318.7,1.9,1.4,2014-07-20,0512,Aqua,MODIS,38,6.2,302.5,17.9,D,0
-14.4255,133.2552,320.5,1.8,1.3,2014-07-20,0512,Aqua,MODIS,35,6.2,307.4,13.8,D,0
-14.0943,131.2141,321,1.3,1.1,2014-07-20,0512,Aqua,MODIS,57,6.2,301.4,13.5,D,0
-13.6629,133.4194,325.9,1.9,1.4,2014-07-20,0512,Aqua,MODIS,68,6.2,305.3,35,D,0
-14.0924,131.2263,328.5,1.3,1.1,2014-07-20,0512,Aqua,MODIS,75,6.2,302.2,27.2,D,0
-14.4335,133.2452,322.6,1.8,1.3,2014-07-20,0512,Aqua,MODIS,68,6.2,307.2,19.9,D,0
-14.1224,131.2257,320.4,1.3,1.1,2014-07-20,0512,Aqua,MODIS,50,6.2,305.6,11.2,D,0
-14.1026,131.228,445.3,1.3,1.1,2014-07-20,0512,Aqua,MODIS,100,6.2,333.1,971.8,D,0
-14.1102,131.2362,343.3,1.3,1.1,2014-07-20,0512,Aqua,MODIS,90,6.2,309.2,57.2,D,0
-14.1121,131.224,420.4,1.3,1.1,2014-07-20,0512,Aqua,MODIS,100,6.2,324,584.1,D,0
-14.5184,130.2561,321.2,1.2,1.1,2014-07-20,0512,Aqua,MODIS,38,6.2,309.5,8.1,D,0
-14.794,129.8101,338.9,1.1,1,2014-07-20,0512,Aqua,MODIS,87,6.2,309.3,33.5,D,0
-14.8376,130.1933,320.6,1.1,1.1,2014-07-20,0512,Aqua,MODIS,44,6.2,307.6,8.2,D,0
-16.6673,128.0955,321.3,1,1,2014-07-20,0512,Aqua,MODIS,62,6.2,307.7,8,D,0
-14.7925,129.8201,333.4,1.1,1,2014-07-20,0512,Aqua,MODIS,71,6.2,309.9,23.2,D,0
-14.7816,129.8287,326.7,1.1,1,2014-07-20,0512,Aqua,MODIS,55,6.2,311.5,14.5,D,0
-15.557,129.4691,319.4,1.1,1,2014-07-20,0512,Aqua,MODIS,34,6.2,307.4,5.7,D,0
-15.5662,129.4705,320.8,1.1,1,2014-07-20,0512,Aqua,MODIS,51,6.2,306.9,7.3,D,0
-14.6821,130.1979,329.6,1.1,1.1,2014-07-20,0512,Aqua,MODIS,78,6.2,310.2,17.2,D,0
-14.562,130.2474,325.4,1.2,1.1,2014-07-20,0512,Aqua,MODIS,72,6.2,309.1,12.2,D,0
-14.8359,130.2038,321.4,1.1,1.1,2014-07-20,0512,Aqua,MODIS,37,6.2,308.5,9,D,0
-14.5088,130.2544,328.6,1.2,1.1,2014-07-20,0512,Aqua,MODIS,75,6.2,306.7,18.7,D,0
-14.1705,129.7386,359.3,1.1,1,2014-07-20,0512,Aqua,MODIS,99,6.2,310.4,81.5,D,0
-14.2654,129.4259,322.2,1.1,1,2014-07-20,0512,Aqua,MODIS,42,6.2,305.6,11.6,D,0
-15.9604,128.5318,332.3,1,1,2014-07-20,0512,Aqua,MODIS,80,6.2,308.4,19.7,D,0
-15.9438,128.5197,330.8,1,1,2014-07-20,0512,Aqua,MODIS,39,6.2,307.3,15.8,D,0
-15.9451,128.5104,335.8,1,1,2014-07-20,0512,Aqua,MODIS,83,6.2,308.1,23.3,D,0
-15.9361,128.5089,371.7,1,1,2014-07-20,0512,Aqua,MODIS,100,6.2,307.7,109.8,D,0
-15.9375,128.4996,355.3,1,1,2014-07-20,0512,Aqua,MODIS,97,6.2,306.8,62.1,D,0
-15.9285,128.4981,322.1,1,1,2014-07-20,0512,Aqua,MODIS,55,6.2,303.4,9.4,D,0
-14.9634,125.7384,317.7,1.1,1.1,2014-07-20,0512,Aqua,MODIS,43,6.2,306,6.6,D,0
-14.9824,125.7411,317,1.1,1.1,2014-07-20,0512,Aqua,MODIS,21,6.2,305.4,5.5,D,0
-14.3027,129.9511,332.6,1.1,1.1,2014-07-20,0512,Aqua,MODIS,66,6.2,312.7,21,D,0
-14.3246,129.7692,333.8,1.1,1,2014-07-20,0512,Aqua,MODIS,81,6.2,309.6,24,D,0
-14.3231,129.7794,332.1,1.1,1,2014-07-20,0512,Aqua,MODIS,80,6.2,308.8,21.5,D,0
-14.3311,129.7665,327.5,1.1,1,2014-07-20,0512,Aqua,MODIS,74,6.2,308.4,17,D,0
-14.3296,129.7767,362,1.1,1,2014-07-20,0512,Aqua,MODIS,100,6.2,310.6,93.2,D,0
-14.2639,129.4358,318.8,1.1,1,2014-07-20,0512,Aqua,MODIS,28,6.2,303.7,7.8,D,0
-16.0762,128.8112,325.6,1,1,2014-07-20,0512,Aqua,MODIS,63,6.2,311.1,10.8,D,0
-14.1824,130.1283,326.7,1.1,1.1,2014-07-20,0512,Aqua,MODIS,69,6.2,311,10.9,D,0
-14.1786,130.133,323.7,1.2,1.1,2014-07-20,0512,Aqua,MODIS,60,6.2,309.8,7.4,D,0
-14.2121,129.5905,322.5,1.1,1,2014-07-20,0512,Aqua,MODIS,62,6.2,309.6,7.8,D,0
-14.2028,129.589,329.5,1.1,1,2014-07-20,0512,Aqua,MODIS,76,6.2,308.6,17.1,D,0
-14.1829,129.7198,332.5,1.1,1,2014-07-20,0512,Aqua,MODIS,41,6.2,306.3,22.6,D,0
-14.172,129.7284,335.2,1.1,1,2014-07-20,0512,Aqua,MODIS,81,6.2,308.3,26.6,D,0
-14.2255,129.8208,330,1.1,1.1,2014-07-20,0512,Aqua,MODIS,73,6.2,307.3,23,D,0
-16.0355,128.78,334.5,1,1,2014-07-20,0512,Aqua,MODIS,83,6.2,306.9,25.6,D,0
-14.2954,129.9644,322.5,1.1,1.1,2014-07-20,0512,Aqua,MODIS,22,6.2,309.9,6.5,D,0
-14.2969,129.9541,369.7,1.1,1.1,2014-07-20,0512,Aqua,MODIS,100,6.2,315.6,119.4,D,0
-14.2985,129.9437,341,1.1,1.1,2014-07-20,0512,Aqua,MODIS,88,6.2,310.4,37.6,D,0
-14.2859,129.9629,322.3,1.1,1.1,2014-07-20,0512,Aqua,MODIS,42,6.2,309.3,6.9,D,0
-14.2874,129.9525,365,1.1,1.1,2014-07-20,0512,Aqua,MODIS,100,6.2,308.8,102.7,D,0
-14.289,129.9422,333.5,1.1,1.1,2014-07-20,0512,Aqua,MODIS,74,6.2,305.8,24.2,D,0
-14.2905,129.9318,354.3,1.1,1.1,2014-07-20,0512,Aqua,MODIS,97,6.2,307.8,71.7,D,0
-14.2795,129.9406,338.5,1.1,1.1,2014-07-20,0512,Aqua,MODIS,79,6.2,310,35.2,D,0
-14.2811,129.9303,361.9,1.1,1.1,2014-07-20,0512,Aqua,MODIS,100,6.2,309.3,98.2,D,0
-16.0341,128.7893,323.8,1,1,2014-07-20,0512,Aqua,MODIS,68,6.2,306.3,11.6,D,0
-16.0429,128.7866,332.4,1,1,2014-07-20,0512,Aqua,MODIS,80,6.2,307.7,21.1,D,0
-16.0415,128.796,363.4,1,1,2014-07-20,0512,Aqua,MODIS,100,6.2,310.7,84.1,D,0
-16.0401,128.8054,357.9,1,1,2014-07-20,0512,Aqua,MODIS,99,6.2,310.8,69,D,0
-16.0505,128.7975,335.8,1,1,2014-07-20,0512,Aqua,MODIS,65,6.2,310.4,22.3,D,0
-16.0491,128.8069,352.1,1,1,2014-07-20,0512,Aqua,MODIS,95,6.2,311.3,53.1,D,0
-16.0595,128.7989,334.2,1,1,2014-07-20,0512,Aqua,MODIS,52,6.2,310.1,18.6,D,0
-16.0582,128.8083,362.8,1,1,2014-07-20,0512,Aqua,MODIS,100,6.2,312.2,80.6,D,0
-14.4172,129.7702,324.7,1.1,1,2014-07-20,0512,Aqua,MODIS,69,6.2,312.7,9.6,D,0
-16.0672,128.8097,373.8,1,1,2014-07-20,0512,Aqua,MODIS,94,6.2,314.3,118.1,D,0
-14.4093,129.7585,334.7,1.1,1,2014-07-20,0512,Aqua,MODIS,83,6.2,311.4,24.8,D,0
-14.4078,129.7687,338.3,1.1,1,2014-07-20,0512,Aqua,MODIS,86,6.2,311.9,30.3,D,0
-14.9308,125.7655,327.5,1.1,1.1,2014-07-20,0512,Aqua,MODIS,76,6.2,307.9,18.3,D,0
-14.9322,125.7551,321.1,1.1,1.1,2014-07-20,0512,Aqua,MODIS,53,6.2,308.8,9.3,D,0
-14.9213,125.7642,321.8,1.1,1.1,2014-07-20,0512,Aqua,MODIS,27,6.2,309.2,10,D,0
-14.1878,130.3482,324.9,1.2,1.1,2014-07-20,0512,Aqua,MODIS,46,6.2,310.6,11,D,0
-14.1862,130.3587,338,1.2,1.1,2014-07-20,0512,Aqua,MODIS,85,6.2,310.7,32.9,D,0
-14.8486,134.8835,321.1,2.3,1.5,2014-07-20,0512,Aqua,MODIS,46,6.2,305.2,31,D,0
-14.8564,134.89,318.8,2.3,1.5,2014-07-20,0512,Aqua,MODIS,34,6.2,302.8,27.1,D,0
-14.8297,134.8357,322.8,2.3,1.5,2014-07-20,0512,Aqua,MODIS,20,6.2,305.7,33.2,D,0
-16.151,136.4434,320.1,2.9,1.6,2014-07-20,0512,Aqua,MODIS,57,6.2,306.2,39,D,0
-14.9411,133.976,341.4,2,1.4,2014-07-20,0512,Aqua,MODIS,90,6.2,305.9,97.6,D,0
-14.8031,134.8454,330.2,2.3,1.5,2014-07-20,0512,Aqua,MODIS,80,6.2,306.3,61.8,D,0
-14.8524,134.9117,318.7,2.4,1.5,2014-07-20,0512,Aqua,MODIS,18,6.2,304,26.8,D,0
-14.8033,134.8309,337.2,2.3,1.5,2014-07-20,0512,Aqua,MODIS,87,6.2,306.1,97.4,D,0
-14.9382,133.9681,355.3,2,1.4,2014-07-20,0512,Aqua,MODIS,97,6.2,305.3,177.8,D,0
-14.8067,134.8239,325.5,2.3,1.5,2014-07-20,0512,Aqua,MODIS,69,6.2,304.3,41.2,D,0
-14.9287,133.9737,356.1,2,1.4,2014-07-20,0512,Aqua,MODIS,98,6.2,305.4,181.9,D,0
-14.6271,134.7993,318.7,2.3,1.5,2014-07-20,0512,Aqua,MODIS,49,6.2,305.4,24.5,D,0
-14.8448,134.9052,322.4,2.4,1.5,2014-07-20,0512,Aqua,MODIS,63,6.2,306.1,37.5,D,0
-14.7994,134.8524,326.4,2.3,1.5,2014-07-20,0512,Aqua,MODIS,74,6.2,306.7,47.1,D,0
-16.1591,136.4649,321.6,2.9,1.6,2014-07-20,0512,Aqua,MODIS,60,6.2,303.9,48.1,D,0
-14.9351,133.9866,349.4,2,1.4,2014-07-20,0512,Aqua,MODIS,94,6.2,307.3,141.5,D,0
-14.9378,133.9946,323.8,2,1.4,2014-07-20,0512,Aqua,MODIS,73,6.2,306.2,30.3,D,0
-14.9319,133.9557,318.6,2,1.4,2014-07-20,0512,Aqua,MODIS,37,6.2,302.1,17,D,0
-16.3821,137.0013,312.3,3.2,1.7,2014-07-20,0512,Aqua,MODIS,30,6.2,300.1,25.6,D,0
-15.6589,129.4612,335.4,1.1,1,2014-07-20,0512,Aqua,MODIS,83,6.2,308.6,25.7,D,0
-15.6604,129.4515,340.2,1,1,2014-07-20,0512,Aqua,MODIS,87,6.2,310.7,33.3,D,0
-15.6498,129.4597,321.8,1.1,1,2014-07-20,0512,Aqua,MODIS,55,6.2,308.6,8.6,D,0
-15.6406,129.4583,320.2,1.1,1,2014-07-20,0512,Aqua,MODIS,32,6.2,308.1,6.5,D,0
-15.6145,129.4441,322.6,1,1,2014-07-20,0512,Aqua,MODIS,63,6.2,308.1,8.4,D,0
-15.76,129.4048,327.9,1,1,2014-07-20,0512,Aqua,MODIS,63,6.2,309.6,14.2,D,0
-14.1611,126.1694,326,1.1,1,2014-07-20,0513,Aqua,MODIS,69,6.2,307.4,14.4,D,0
-14.1505,126.1778,341.5,1.1,1,2014-07-20,0513,Aqua,MODIS,77,6.2,308,38.2,D,0
-14.1519,126.168,347.9,1.1,1,2014-07-20,0513,Aqua,MODIS,81,6.2,308.1,50.5,D,0
-12.9638,131.2425,332.2,1.4,1.2,2014-07-20,0513,Aqua,MODIS,72,6.2,312.5,27,D,0
-11.5793,130.6731,361.9,1.3,1.1,2014-07-20,0513,Aqua,MODIS,100,6.2,304.5,124.4,D,0
-11.5691,130.6715,362.8,1.3,1.1,2014-07-20,0513,Aqua,MODIS,100,6.2,310.1,128.3,D,0
-11.5709,130.6594,331.6,1.3,1.1,2014-07-20,0513,Aqua,MODIS,83,6.2,302.8,31.1,D,0
-11.6484,130.6908,317.8,1.3,1.1,2014-07-20,0513,Aqua,MODIS,65,6.2,303,10.9,D,0
-11.4258,130.6673,313.8,1.3,1.1,2014-07-20,0513,Aqua,MODIS,0,6.2,301,8.5,D,0
-11.4069,131.4223,331.5,1.5,1.2,2014-07-20,0513,Aqua,MODIS,82,6.2,302.7,39.2,D,0
-11.3983,131.4068,326.8,1.5,1.2,2014-07-20,0513,Aqua,MODIS,47,6.2,302.6,25.1,D,0
-11.4056,131.4163,324.8,1.5,1.2,2014-07-20,0513,Aqua,MODIS,52,6.2,302.8,24.2,D,0
-11.3795,131.3701,324.6,1.5,1.2,2014-07-20,0513,Aqua,MODIS,57,6.2,301,23.1,D,0
-11.7014,131.1422,315.6,1.4,1.2,2014-07-20,0513,Aqua,MODIS,61,6.2,302.1,11.3,D,0
-11.4049,131.3662,345.7,1.5,1.2,2014-07-20,0513,Aqua,MODIS,93,6.2,304.6,74.8,D,0
-11.4071,131.3526,325.7,1.5,1.2,2014-07-20,0513,Aqua,MODIS,48,6.2,301.7,21.8,D,0
-11.4033,131.3601,339.9,1.5,1.2,2014-07-20,0513,Aqua,MODIS,89,6.2,303.6,56.8,D,0
-11.4372,131.4415,321.2,1.5,1.2,2014-07-20,0513,Aqua,MODIS,63,6.2,302.3,19.8,D,0
-11.8769,130.923,322.5,1.4,1.2,2014-07-20,0513,Aqua,MODIS,31,6.2,304.4,16.3,D,0
-11.6755,131.0321,314.8,1.4,1.2,2014-07-20,0513,Aqua,MODIS,37,6.2,301.3,8.9,D,0
-11.6994,131.155,314,1.4,1.2,2014-07-20,0513,Aqua,MODIS,55,6.2,301.8,9.2,D,0
-11.4459,131.3868,335.4,1.5,1.2,2014-07-20,0513,Aqua,MODIS,86,6.2,303.9,44.1,D,0
-11.4351,131.3851,353.8,1.5,1.2,2014-07-20,0513,Aqua,MODIS,97,6.2,304.2,105.2,D,0
-11.4157,131.3679,327.9,1.5,1.2,2014-07-20,0513,Aqua,MODIS,63,6.2,304,25.4,D,0
-11.4179,131.3543,324.5,1.5,1.2,2014-07-20,0513,Aqua,MODIS,63,6.2,302.2,19.7,D,0
-11.4141,131.3618,336.9,1.5,1.2,2014-07-20,0513,Aqua,MODIS,87,6.2,303.7,47.7,D,0
-11.3407,131.3359,314.8,1.5,1.2,2014-07-20,0513,Aqua,MODIS,52,6.2,302.8,10.2,D,0
-11.667,131.0177,316.5,1.4,1.2,2014-07-20,0513,Aqua,MODIS,53,6.2,301.7,10.6,D,0
-11.7174,131.0392,314.6,1.4,1.2,2014-07-20,0513,Aqua,MODIS,58,6.2,302.2,10.1,D,0
-11.7194,131.0266,318.8,1.4,1.2,2014-07-20,0513,Aqua,MODIS,68,6.2,301.8,16,D,0
-11.6222,130.724,321.2,1.3,1.1,2014-07-20,0513,Aqua,MODIS,71,6.2,305.5,16.4,D,0
-11.5774,130.6853,346.1,1.3,1.1,2014-07-20,0513,Aqua,MODIS,93,6.2,303.7,66.6,D,0
-11.5672,130.6837,319.3,1.3,1.1,2014-07-20,0513,Aqua,MODIS,36,6.2,304.1,9.4,D,0
-12.9207,133.9398,323.3,2.2,1.4,2014-07-20,0513,Aqua,MODIS,72,6.2,302,38.1,D,0
-12.5001,132.8367,323.2,1.8,1.3,2014-07-20,0513,Aqua,MODIS,57,6.2,305.4,24.7,D,0
-12.9212,133.9322,322.3,2.2,1.4,2014-07-20,0513,Aqua,MODIS,70,6.2,302.1,36.4,D,0
-12.9619,131.2551,347.1,1.4,1.2,2014-07-20,0513,Aqua,MODIS,92,6.2,310.2,67.7,D,0
-14.1093,129.7847,334.3,1.1,1.1,2014-07-20,0513,Aqua,MODIS,82,6.2,312,31.9,D,0
-11.4063,130.5338,321.3,1.3,1.1,2014-07-20,0513,Aqua,MODIS,74,6.2,301.7,18,D,0
-14.1642,129.7168,341.8,1.1,1,2014-07-20,0513,Aqua,MODIS,89,6.2,311.7,41.6,D,0
-14.1077,129.795,341.9,1.1,1.1,2014-07-20,0513,Aqua,MODIS,89,6.2,306.9,46.6,D,0
-14.1626,129.7269,416.6,1.1,1,2014-07-20,0513,Aqua,MODIS,100,6.2,325.1,410.9,D,0
-14.1452,129.7383,319.1,1.1,1,2014-07-20,0513,Aqua,MODIS,34,6.2,304.4,9.9,D,0
-14.1611,129.7371,386,1.1,1,2014-07-20,0513,Aqua,MODIS,100,6.2,312.4,192.8,D,0
-14.1532,129.7254,368.9,1.1,1,2014-07-20,0513,Aqua,MODIS,100,6.2,306.9,118.2,D,0
-14.1548,129.7153,377.2,1.1,1,2014-07-20,0513,Aqua,MODIS,100,6.2,306.7,153.9,D,0
-11.4147,130.5473,318.1,1.3,1.1,2014-07-20,0513,Aqua,MODIS,60,6.2,300.4,14.1,D,0
-11.4532,130.5603,316.9,1.3,1.1,2014-07-20,0513,Aqua,MODIS,56,6.2,302.3,12.3,D,0
-13.2506,130.9799,332.5,1.3,1.1,2014-07-20,0513,Aqua,MODIS,80,6.2,310.4,27.8,D,0
-13.3363,130.7632,323.9,1.3,1.1,2014-07-20,0513,Aqua,MODIS,52,6.2,310.6,12.1,D,0
-13.3742,130.775,327.8,1.3,1.1,2014-07-20,0513,Aqua,MODIS,73,6.2,312.4,17.9,D,0
-13.3724,130.7866,351.1,1.3,1.1,2014-07-20,0513,Aqua,MODIS,95,6.2,310.3,73.2,D,0
-13.3825,130.7881,336.4,1.3,1.1,2014-07-20,0513,Aqua,MODIS,84,6.2,311.2,34.4,D,0
-13.2915,130.72,321.3,1.3,1.1,2014-07-20,0513,Aqua,MODIS,48,6.2,307.5,9.9,D,0
-13.3345,130.7749,324.2,1.3,1.1,2014-07-20,0513,Aqua,MODIS,58,6.2,308.3,12.4,D,0
-13.7094,130.7309,323.1,1.3,1.1,2014-07-20,0513,Aqua,MODIS,37,6.2,308,9.5,D,0
-13.7077,130.7422,330.4,1.3,1.1,2014-07-20,0513,Aqua,MODIS,78,6.2,308.6,22.2,D,0
-13.7177,130.7438,324.3,1.3,1.1,2014-07-20,0513,Aqua,MODIS,35,6.2,308,12.4,D,0
-13.7179,130.7378,330.6,1.3,1.1,2014-07-20,0513,Aqua,MODIS,54,6.2,309.4,21,D,0
-13.2487,130.992,326.6,1.3,1.1,2014-07-20,0513,Aqua,MODIS,37,6.2,312.3,14.8,D,0
-12.2358,133.8725,319.1,2.2,1.4,2014-07-20,0513,Aqua,MODIS,54,6.2,302.9,18,D,0
-13.2533,130.7661,321.2,1.3,1.1,2014-07-20,0513,Aqua,MODIS,34,6.2,308.9,9.5,D,0
-13.2551,131.0178,329,1.3,1.1,2014-07-20,0513,Aqua,MODIS,36,6.2,311,18.9,D,0
-13.2532,131.0299,350.3,1.3,1.1,2014-07-20,0513,Aqua,MODIS,94,6.2,311.4,74.2,D,0
-11.9791,132.795,325.3,1.9,1.3,2014-07-20,0513,Aqua,MODIS,70,6.2,304.6,30.3,D,0
-12.2559,132.5751,321.4,1.8,1.3,2014-07-20,0513,Aqua,MODIS,64,6.2,303.2,22.3,D,0
-12.2585,132.5592,318,1.8,1.3,2014-07-20,0513,Aqua,MODIS,40,6.2,305.2,15,D,0
-11.9533,132.8776,339.2,1.9,1.3,2014-07-20,0513,Aqua,MODIS,88,6.2,306.3,78.2,D,0
-11.9653,132.8797,320.9,1.9,1.3,2014-07-20,0513,Aqua,MODIS,64,6.2,307.2,20.7,D,0
-12.2414,132.533,319.1,1.8,1.3,2014-07-20,0513,Aqua,MODIS,44,6.2,304.8,16,D,0
-13.7712,130.4008,327.7,1.2,1.1,2014-07-20,0513,Aqua,MODIS,54,6.2,314,11.3,D,0
-13.9095,130.4304,325.6,1.2,1.1,2014-07-20,0513,Aqua,MODIS,55,6.2,311.8,8.8,D,0
-11.5392,130.2742,328.5,1.3,1.1,2014-07-20,0513,Aqua,MODIS,60,6.2,302.5,24.1,D,0
-11.7222,130.0844,321.3,1.2,1.1,2014-07-20,0513,Aqua,MODIS,54,6.2,304.2,14.4,D,0
-13.7529,130.3808,341.9,1.2,1.1,2014-07-20,0513,Aqua,MODIS,84,6.2,310.5,42.3,D,0
-12.9735,133.7096,323,2.1,1.4,2014-07-20,0513,Aqua,MODIS,9,6.2,302.4,31.3,D,0
-12.9691,133.8876,332.5,2.1,1.4,2014-07-20,0513,Aqua,MODIS,83,6.2,301.3,70.9,D,0
-12.3318,133.9999,318.9,2.3,1.5,2014-07-20,0513,Aqua,MODIS,40,6.2,301.1,24.2,D,0
-12.5416,133.9245,322.8,2.2,1.4,2014-07-20,0513,Aqua,MODIS,65,6.2,301.7,35.3,D,0
-12.8644,132.0846,324.1,1.6,1.2,2014-07-20,0513,Aqua,MODIS,55,6.2,307.5,18.6,D,0
-12.9851,133.8705,320.4,2.1,1.4,2014-07-20,0513,Aqua,MODIS,67,6.2,301.2,28.5,D,0
-13.241,131.0403,324.4,1.3,1.1,2014-07-20,0513,Aqua,MODIS,21,6.2,310.2,10.6,D,0
-12.5579,133.906,327.7,2.2,1.4,2014-07-20,0513,Aqua,MODIS,70,6.2,300.9,51.8,D,0
-12.2098,131.08,328.6,1.4,1.2,2014-07-20,0513,Aqua,MODIS,60,6.2,303.2,27.1,D,0
-12.4134,132.6643,332.1,1.8,1.3,2014-07-20,0513,Aqua,MODIS,82,6.2,306.3,49.7,D,0
-12.4313,133.9608,320.4,2.2,1.4,2014-07-20,0513,Aqua,MODIS,27,6.2,300.3,28.2,D,0
-12.5338,133.9713,321.8,2.2,1.4,2014-07-20,0513,Aqua,MODIS,60,6.2,301.3,31.5,D,0
-12.2692,134.0525,323.7,2.3,1.5,2014-07-20,0513,Aqua,MODIS,58,6.2,301,38.2,D,0
-12.9658,133.6619,322.9,2.1,1.4,2014-07-20,0513,Aqua,MODIS,40,6.2,301.9,32,D,0
-12.0442,133.2125,322.6,2,1.4,2014-07-20,0513,Aqua,MODIS,64,6.2,303.5,25.2,D,0
-12.0366,134.1221,315.2,2.3,1.5,2014-07-20,0513,Aqua,MODIS,28,6.2,298.5,22.6,D,0
-12.9892,133.6929,328.4,2.1,1.4,2014-07-20,0513,Aqua,MODIS,35,6.2,303.2,47.3,D,0
-12.926,130.7668,327.7,1.3,1.1,2014-07-20,0513,Aqua,MODIS,56,6.2,310.6,17.6,D,0
-12.673,133.2377,319,1.9,1.4,2014-07-20,0513,Aqua,MODIS,61,6.2,304.5,23.6,D,0
-12.4115,133.9994,326,2.2,1.5,2014-07-20,0513,Aqua,MODIS,44,6.2,300.5,43.9,D,0
-12.9767,133.6908,336.7,2.1,1.4,2014-07-20,0513,Aqua,MODIS,86,6.2,302.1,80.7,D,0
-12.8675,132.0767,342.8,1.6,1.2,2014-07-20,0513,Aqua,MODIS,90,6.2,309.1,65.4,D,0
-12.0903,133.3402,325.3,2,1.4,2014-07-20,0513,Aqua,MODIS,59,6.2,305.9,28.8,D,0
-12.8919,132.0662,325.9,1.6,1.2,2014-07-20,0513,Aqua,MODIS,70,6.2,310.9,21.3,D,0
-12.0565,133.2147,319.8,2,1.4,2014-07-20,0513,Aqua,MODIS,24,6.2,305.1,16.5,D,0
-13.0018,133.6951,321.6,2.1,1.4,2014-07-20,0513,Aqua,MODIS,69,6.2,302.9,31.5,D,0
-11.7668,133.841,320.8,2.2,1.5,2014-07-20,0513,Aqua,MODIS,65,6.2,300.8,35.9,D,0
-12.6628,132.6761,323.3,1.8,1.3,2014-07-20,0513,Aqua,MODIS,61,6.2,307.2,19.6,D,0
-13.0108,133.795,320.5,2.1,1.4,2014-07-20,0513,Aqua,MODIS,67,6.2,301.6,32.3,D,0
-12.2939,133.9092,320.7,2.2,1.4,2014-07-20,0513,Aqua,MODIS,67,6.2,300.8,30.1,D,0
-12.576,133.9577,321.2,2.2,1.4,2014-07-20,0513,Aqua,MODIS,68,6.2,301,32.8,D,0
-12.4599,134.0143,319.1,2.2,1.5,2014-07-20,0513,Aqua,MODIS,64,6.2,298.7,27.5,D,0
-12.9986,133.714,323.1,2.1,1.4,2014-07-20,0513,Aqua,MODIS,72,6.2,304,36.7,D,0
-12.8281,133.7107,330.3,2.1,1.4,2014-07-20,0513,Aqua,MODIS,81,6.2,302.9,61.7,D,0
-12.8896,132.0806,325.2,1.6,1.2,2014-07-20,0513,Aqua,MODIS,60,6.2,309.2,19.9,D,0
-12.545,133.9041,324.7,2.2,1.4,2014-07-20,0513,Aqua,MODIS,74,6.2,301.6,42.9,D,0
-12.9707,133.6509,317.9,2.1,1.4,2014-07-20,0513,Aqua,MODIS,51,6.2,301,21.5,D,0
-12.5442,133.9112,331.2,2.2,1.4,2014-07-20,0513,Aqua,MODIS,62,6.2,302.2,63,D,0
-12.6688,133.2307,319.9,1.9,1.4,2014-07-20,0513,Aqua,MODIS,64,6.2,303.8,25.1,D,0
-12.4564,134.0344,314.4,2.3,1.5,2014-07-20,0513,Aqua,MODIS,37,6.2,299.5,14.5,D,0
-12.7723,133.963,314.6,2.2,1.4,2014-07-20,0513,Aqua,MODIS,31,6.2,300.9,14,D,0
-12.9818,133.89,317.8,2.1,1.4,2014-07-20,0513,Aqua,MODIS,47,6.2,301.8,20.9,D,0
-12.8667,132.0701,328.6,1.6,1.2,2014-07-20,0513,Aqua,MODIS,68,6.2,309.3,26.6,D,0
-12.1901,133.9061,321.8,2.2,1.4,2014-07-20,0513,Aqua,MODIS,63,6.2,302.4,24.9,D,0
-12.2633,134.0089,321.9,2.3,1.5,2014-07-20,0513,Aqua,MODIS,54,6.2,302.1,30,D,0
-12.8435,134.0011,315,2.2,1.4,2014-07-20,0513,Aqua,MODIS,46,6.2,301.3,14.6,D,0
-12.1623,133.9146,325.2,2.2,1.4,2014-07-20,0513,Aqua,MODIS,42,6.2,303.4,35.7,D,0
-12.2324,133.8927,339.1,2.2,1.4,2014-07-20,0513,Aqua,MODIS,88,6.2,303.8,98.8,D,0
-12.3631,133.9705,317.1,2.2,1.4,2014-07-20,0513,Aqua,MODIS,24,6.2,300.7,20.2,D,0
-12.429,134.1149,316.3,2.3,1.5,2014-07-20,0513,Aqua,MODIS,36,6.2,299.9,19.9,D,0
-12.425,131.4674,318.3,1.5,1.2,2014-07-20,0513,Aqua,MODIS,54,6.2,304.7,12.1,D,0
-12.535,133.9644,325.9,2.2,1.4,2014-07-20,0513,Aqua,MODIS,76,6.2,301.5,46.3,D,0
-12.2904,133.9294,315.7,2.2,1.4,2014-07-20,0513,Aqua,MODIS,16,6.2,300.5,14.8,D,0
-12.986,133.7118,333.6,2.1,1.4,2014-07-20,0513,Aqua,MODIS,78,6.2,303.3,68.9,D,0
-12.4682,134.1221,317.3,2.3,1.5,2014-07-20,0513,Aqua,MODIS,59,6.2,298.2,24.3,D,0
-12.1737,133.9241,327,2.2,1.4,2014-07-20,0513,Aqua,MODIS,76,6.2,303.4,43.7,D,0
-12.9721,133.702,327.1,2.1,1.4,2014-07-20,0513,Aqua,MODIS,57,6.2,302.2,44.7,D,0
-12.2877,134.3249,314.4,2.4,1.5,2014-07-20,0513,Aqua,MODIS,21,6.2,296.5,16.5,D,0
-12.1881,133.9194,319.7,2.2,1.4,2014-07-20,0513,Aqua,MODIS,41,6.2,303,19.3,D,0
-12.1752,133.917,326.1,2.2,1.4,2014-07-20,0513,Aqua,MODIS,56,6.2,303.1,38.3,D,0
-12.4647,134.1428,315,2.3,1.5,2014-07-20,0513,Aqua,MODIS,44,6.2,300.1,17.6,D,0
-12.2118,131.0674,326.5,1.4,1.2,2014-07-20,0513,Aqua,MODIS,60,6.2,305,22,D,0
-12.4633,134.0094,319,2.2,1.5,2014-07-20,0513,Aqua,MODIS,40,6.2,298.7,24.4,D,0
-12.1493,133.9124,323.4,2.2,1.4,2014-07-20,0513,Aqua,MODIS,71,6.2,303.7,32.5,D,0
-12.6656,132.6873,321.2,1.8,1.3,2014-07-20,0513,Aqua,MODIS,52,6.2,306.8,15.3,D,0
-12.7877,134.0285,315.7,2.2,1.4,2014-07-20,0513,Aqua,MODIS,51,6.2,301.4,15,D,0
-12.8785,132.0787,330.2,1.6,1.2,2014-07-20,0513,Aqua,MODIS,56,6.2,310.1,29,D,0
-12.3915,134.0386,319.9,2.3,1.5,2014-07-20,0513,Aqua,MODIS,65,6.2,299.9,31.4,D,0
-31.7567,146.6443,303.8,1.1,1.1,2014-07-20,1254,Terra,MODIS,57,6.2,276,12.4,N,0
-24.8361,146.9677,311.1,1,1,2014-07-20,1256,Terra,MODIS,78,6.2,279.8,14,N,0
-24.8271,146.9661,328.7,1,1,2014-07-20,1256,Terra,MODIS,100,6.2,280.9,30.6,N,0
-24.7264,147.0946,306.8,1,1,2014-07-20,1256,Terra,MODIS,69,6.2,280.4,11.7,N,0
-24.8146,147.055,301,1,1,2014-07-20,1256,Terra,MODIS,36,6.2,277.6,8.2,N,0
-19.9456,147.9326,300.4,1.1,1,2014-07-20,1257,Terra,MODIS,26,6.2,284.5,7.2,N,0
-14.3811,142.6575,308.8,1.1,1.1,2014-07-20,1259,Terra,MODIS,61,6.2,290.4,10.2,N,0
-15.2301,143.2382,331.5,1.1,1,2014-07-20,1259,Terra,MODIS,100,6.2,290.3,34.4,N,0
-14.1991,142.8611,304.2,1.1,1,2014-07-20,1259,Terra,MODIS,59,6.2,289.8,7.8,N,0
-15.2274,143.2584,315,1.1,1,2014-07-20,1259,Terra,MODIS,5,6.2,289.5,13.4,N,0
-12.2726,142.5695,301.5,1.1,1,2014-07-20,1259,Terra,MODIS,42,6.2,290.5,5.5,N,0
-30.869,121.4957,300.4,1.1,1.1,2014-07-20,1433,Terra,MODIS,28,6.2,280.6,9,N,2
-15.2351,143.2662,307.8,1.2,1.1,2014-07-20,1603,Aqua,MODIS,58,6.2,288.4,10.7,N,0
-15.2336,143.2554,300.8,1.2,1.1,2014-07-20,1603,Aqua,MODIS,16,6.2,288.2,5.7,N,0
-15.2283,143.2892,300.9,1.2,1.1,2014-07-20,1603,Aqua,MODIS,10,6.2,287.4,6.1,N,0
-20.7301,139.4794,312.9,1,1,2014-07-20,1605,Aqua,MODIS,86,6.2,283.9,15.4,N,2
-28.2181,148.8601,310.1,1.8,1.3,2014-07-20,2353,Terra,MODIS,62,6.2,292,16.8,D,0
-28.2216,148.8778,313.6,1.8,1.3,2014-07-20,2353,Terra,MODIS,74,6.2,291,23.7,D,0
-28.2233,148.8649,326,1.8,1.3,2014-07-20,2353,Terra,MODIS,84,6.2,291.8,50.8,D,0
-28.2266,148.8826,327.9,1.8,1.3,2014-07-20,2353,Terra,MODIS,85,6.2,290.1,55.8,D,0
-28.2331,148.875,325.3,1.8,1.3,2014-07-20,2353,Terra,MODIS,84,6.2,290,47.7,D,0
-24.7811,146.9789,305.4,2.8,1.6,2014-07-20,2353,Terra,MODIS,39,6.2,290.2,25,D,0
-24.7821,146.9715,305.2,2.8,1.6,2014-07-20,2353,Terra,MODIS,29,6.2,290,24.1,D,0
-24.8249,146.9611,323.4,2.8,1.6,2014-07-20,2353,Terra,MODIS,82,6.2,290.7,93.5,D,0
-28.5437,151.8826,303.9,1.2,1.1,2014-07-20,2353,Terra,MODIS,0,6.2,280.5,10,D,0
-28.5457,151.8944,341.3,1.2,1.1,2014-07-20,2353,Terra,MODIS,0,6.2,282.2,60.5,D,0
-29.2805,149.5572,306.9,1.5,1.2,2014-07-20,2354,Terra,MODIS,64,6.2,290.2,11.5,D,0
-29.636,151.2352,311.2,1.2,1.1,2014-07-20,2354,Terra,MODIS,50,6.2,286.1,14,D,0
-29.2795,149.5635,303.9,1.5,1.2,2014-07-20,2354,Terra,MODIS,57,6.2,290.1,8.7,D,0
-29.2767,149.548,306.7,1.5,1.2,2014-07-20,2354,Terra,MODIS,64,6.2,290.7,11.9,D,0
-30.5068,150.8592,309.2,1.2,1.1,2014-07-20,2354,Terra,MODIS,68,6.2,286.7,13.6,D,0
-30.8928,148.2055,309.2,1.7,1.3,2014-07-20,2354,Terra,MODIS,58,6.2,285.4,17.4,D,0
-30.8889,148.2007,307.3,1.7,1.3,2014-07-20,2354,Terra,MODIS,63,6.2,286.2,15.9,D,0
-12.2926,142.5491,310.9,3.3,1.7,2014-07-21,0127,Terra,MODIS,43,6.2,290.9,32.5,D,0
-12.0066,134.6969,328.1,1,1,2014-07-21,0127,Terra,MODIS,80,6.2,304.9,19.1,D,0
-12.4355,141.716,310.4,2.9,1.6,2014-07-21,0127,Terra,MODIS,31,6.2,297.8,26.3,D,0
-11.9989,134.7075,328.6,1,1,2014-07-21,0127,Terra,MODIS,76,6.2,304.4,20.1,D,0
-11.381,131.4001,319.3,1.2,1.1,2014-07-21,0127,Terra,MODIS,28,6.2,301.8,11.2,D,0
-11.4054,131.4291,323.9,1.2,1.1,2014-07-21,0127,Terra,MODIS,77,6.2,303.1,17.3,D,0
-11.3793,131.3893,318.5,1.2,1.1,2014-07-21,0127,Terra,MODIS,51,6.2,300.7,10.9,D,0
-11.3985,130.54,313,1.3,1.1,2014-07-21,0127,Terra,MODIS,43,6.2,300.5,9,D,0
-11.4106,130.5504,325.7,1.3,1.1,2014-07-21,0127,Terra,MODIS,79,6.2,300.2,27.7,D,0
-11.3548,130.3353,313.1,1.4,1.2,2014-07-21,0127,Terra,MODIS,56,6.2,298.6,11.2,D,0
-11.4087,130.5385,311.5,1.3,1.1,2014-07-21,0127,Terra,MODIS,26,6.2,300.2,7.5,D,0
-14.1763,130.1671,317.7,1.3,1.1,2014-07-21,0128,Terra,MODIS,43,6.2,304.8,7.1,D,0
-14.4224,129.7892,328.7,1.3,1.1,2014-07-21,0128,Terra,MODIS,81,6.2,306.2,23.1,D,0
-14.4204,129.7771,335.2,1.3,1.1,2014-07-21,0128,Terra,MODIS,86,6.2,307.6,38.6,D,0
-14.4184,129.7649,327.6,1.3,1.1,2014-07-21,0128,Terra,MODIS,80,6.2,308.2,24.2,D,0
-14.1659,130.1637,320.4,1.3,1.1,2014-07-21,0128,Terra,MODIS,69,6.2,303.9,10.8,D,0
-14.655,132.4337,319.3,1,1,2014-07-21,0128,Terra,MODIS,66,6.2,306.2,8.3,D,0
-14.6564,132.443,341.8,1,1,2014-07-21,0128,Terra,MODIS,90,6.2,306.2,38.7,D,0
-14.664,132.4322,348.4,1,1,2014-07-21,0128,Terra,MODIS,94,6.2,306.4,51.6,D,0
-14.6655,132.4416,331.4,1,1,2014-07-21,0128,Terra,MODIS,83,6.2,304.5,22.4,D,0
-12.7889,131.5007,330,1.1,1.1,2014-07-21,0128,Terra,MODIS,81,6.2,306.3,23.7,D,0
-11.5542,130.6781,321.3,1.3,1.1,2014-07-21,0128,Terra,MODIS,65,6.2,304.2,15.4,D,0
-11.556,130.6898,320.9,1.3,1.1,2014-07-21,0128,Terra,MODIS,65,6.2,300.1,14.5,D,0
-11.8866,130.9686,313.3,1.2,1.1,2014-07-21,0128,Terra,MODIS,54,6.2,301.5,6.9,D,0
-11.5863,130.685,320.8,1.3,1.1,2014-07-21,0128,Terra,MODIS,57,6.2,300,15,D,0
-11.5865,130.6909,320.3,1.3,1.1,2014-07-21,0128,Terra,MODIS,65,6.2,299.7,14.6,D,0
-13.5129,132.3786,349.6,1,1,2014-07-21,0128,Terra,MODIS,94,6.2,305.6,56.9,D,0
-13.6417,133.4179,315.5,1,1,2014-07-21,0128,Terra,MODIS,27,6.2,304.7,5.2,D,0
-12.2746,133.8852,318.8,1,1,2014-07-21,0128,Terra,MODIS,66,6.2,303.4,8.6,D,0
-13.643,133.4271,318.3,1,1,2014-07-21,0128,Terra,MODIS,56,6.2,303.8,8.4,D,0
-13.5072,132.3952,326.8,1,1,2014-07-21,0128,Terra,MODIS,76,6.2,305,17.7,D,0
-13.5057,132.3857,362.7,1,1,2014-07-21,0128,Terra,MODIS,100,6.2,310.2,90.1,D,0
-13.3318,130.7822,319.6,1.2,1.1,2014-07-21,0128,Terra,MODIS,58,6.2,303.9,10,D,0
-13.0347,131.0934,323.2,1.2,1.1,2014-07-21,0128,Terra,MODIS,69,6.2,303.7,12.9,D,0
-13.0365,131.104,322.5,1.2,1.1,2014-07-21,0128,Terra,MODIS,67,6.2,303.8,11.2,D,0
-13.0444,131.0918,320.4,1.2,1.1,2014-07-21,0128,Terra,MODIS,31,6.2,304.5,8.9,D,0
-13.5144,132.388,372.3,1,1,2014-07-21,0128,Terra,MODIS,100,6.2,307.8,122.6,D,0
-12.9101,131.1587,349.7,1.2,1.1,2014-07-21,0128,Terra,MODIS,94,6.2,306.1,64.8,D,0
-14.3245,142.6359,315,3.6,1.8,2014-07-21,0128,Terra,MODIS,47,6.2,297.7,55.9,D,0
-12.8797,132.0893,324.8,1.1,1,2014-07-21,0128,Terra,MODIS,45,6.2,307.2,12.1,D,0
-14.7989,134.4134,320.8,1,1,2014-07-21,0128,Terra,MODIS,70,6.2,303.3,11.4,D,0
-13.232,131.0491,319.7,1.2,1.1,2014-07-21,0128,Terra,MODIS,51,6.2,306.5,7.8,D,0
-14.8158,134.7972,317.2,1.1,1,2014-07-21,0128,Terra,MODIS,50,6.2,305,6.8,D,0
-12.7984,131.4992,362.6,1.1,1.1,2014-07-21,0128,Terra,MODIS,100,6.2,308.1,100.4,D,0
-12.6763,133.2422,312.9,1,1,2014-07-21,0128,Terra,MODIS,24,6.2,301.5,4.8,D,0
-12.1089,134.4521,314.4,1,1,2014-07-21,0128,Terra,MODIS,14,6.2,303.1,5.1,D,0
-14.9395,133.9835,314.4,1,1,2014-07-21,0128,Terra,MODIS,21,6.2,303,4.6,D,0
-15.3215,143.4989,315.5,4.3,1.9,2014-07-21,0128,Terra,MODIS,65,6.2,298.5,71.5,D,0
-14.3689,142.659,315.5,3.6,1.8,2014-07-21,0128,Terra,MODIS,59,6.2,297.5,55.9,D,0
-12.8698,130.7749,324.9,1.2,1.1,2014-07-21,0128,Terra,MODIS,73,6.2,306.4,16.2,D,0
-12.8779,130.7621,327.9,1.2,1.1,2014-07-21,0128,Terra,MODIS,77,6.2,303.2,20.6,D,0
-14.4248,142.7211,310.1,3.7,1.8,2014-07-21,0128,Terra,MODIS,55,6.2,297.6,34.8,D,0
-12.9697,133.666,315.2,1,1,2014-07-21,0128,Terra,MODIS,57,6.2,304.4,6.6,D,0
-14.9382,133.9741,316.6,1,1,2014-07-21,0128,Terra,MODIS,48,6.2,303.1,6.7,D,0
-15.3276,143.5337,307.9,4.3,1.9,2014-07-21,0128,Terra,MODIS,36,6.2,296.6,34.1,D,0
-14.3297,142.5964,315.5,3.6,1.8,2014-07-21,0128,Terra,MODIS,49,6.2,297,58.2,D,0
-14.2079,142.9222,308.4,3.8,1.8,2014-07-21,0128,Terra,MODIS,54,6.2,294.1,34.6,D,0
-12.4413,133.0266,318.8,1,1,2014-07-21,0128,Terra,MODIS,66,6.2,302.5,9.9,D,0
-12.9084,131.148,351.3,1.2,1.1,2014-07-21,0128,Terra,MODIS,95,6.2,304.7,69.8,D,0
-15.3236,143.4938,313.1,4.3,1.9,2014-07-21,0128,Terra,MODIS,65,6.2,298.6,59.7,D,0
-12.4427,133.0358,316.3,1,1,2014-07-21,0128,Terra,MODIS,60,6.2,304,7.3,D,0
-15.191,143.2814,311.9,4.1,1.9,2014-07-21,0128,Terra,MODIS,53,6.2,296,46.8,D,0
-12.9684,133.6569,313.9,1,1,2014-07-21,0128,Terra,MODIS,43,6.2,302.3,5.4,D,0
-12.9653,133.8878,314.4,1,1,2014-07-21,0128,Terra,MODIS,52,6.2,303.6,5.9,D,0
-12.868,130.7637,348.4,1.2,1.1,2014-07-21,0128,Terra,MODIS,94,6.2,305.9,65,D,0
-12.0462,133.2782,322.3,1,1,2014-07-21,0128,Terra,MODIS,71,6.2,305.6,10.4,D,0
-14.8003,134.423,314.9,1,1,2014-07-21,0128,Terra,MODIS,55,6.2,303.8,5.8,D,0
-12.0999,134.4534,318.8,1,1,2014-07-21,0128,Terra,MODIS,49,6.2,302.8,9.8,D,0
-12.8,131.5095,336.6,1.1,1.1,2014-07-21,0128,Terra,MODIS,86,6.2,307.6,34.2,D,0
-12.9639,133.8786,314.5,1,1,2014-07-21,0128,Terra,MODIS,53,6.2,303,6.1,D,0
-11.5408,130.2797,321.1,1.4,1.2,2014-07-21,0128,Terra,MODIS,64,6.2,299.3,18.5,D,0
-14.8382,130.2019,316.4,1.2,1.1,2014-07-21,0128,Terra,MODIS,59,6.2,303.1,9.8,D,0
-14.8187,130.2117,323.2,1.2,1.1,2014-07-21,0128,Terra,MODIS,72,6.2,303.2,16.7,D,0
-14.4992,130.2614,317,1.2,1.1,2014-07-21,0128,Terra,MODIS,63,6.2,304.3,10.1,D,0
-14.7972,129.8249,337,1.3,1.1,2014-07-21,0128,Terra,MODIS,76,6.2,304.7,44.1,D,0
-14.7953,129.8129,352.5,1.3,1.1,2014-07-21,0128,Terra,MODIS,96,6.2,306,88.1,D,0
-14.789,129.8384,314.5,1.3,1.1,2014-07-21,0128,Terra,MODIS,0,6.2,302.1,7.5,D,0
-14.7871,129.8266,319.3,1.3,1.1,2014-07-21,0128,Terra,MODIS,61,6.2,305.7,14.8,D,0
-16.9004,128.2711,320.6,1.5,1.2,2014-07-21,0129,Terra,MODIS,72,6.2,302.5,19.5,D,0
-18.2271,130.318,320.6,1.1,1.1,2014-07-21,0129,Terra,MODIS,66,6.2,300.8,12.8,D,0
-18.1554,130.3255,315,1.1,1.1,2014-07-21,0129,Terra,MODIS,23,6.2,301.3,7.2,D,0
-15.5596,129.4765,323.8,1.3,1.1,2014-07-21,0129,Terra,MODIS,75,6.2,302.9,21.7,D,0
-18.2344,130.2415,328.7,1.1,1.1,2014-07-21,0129,Terra,MODIS,82,6.2,302.4,23.4,D,0
-18.2311,130.2205,326.8,1.1,1.1,2014-07-21,0129,Terra,MODIS,77,6.2,302.2,20.5,D,0
-18.2294,130.2099,321.1,1.1,1.1,2014-07-21,0129,Terra,MODIS,61,6.2,301.3,13.4,D,0
-18.2504,130.2818,321.4,1.1,1.1,2014-07-21,0129,Terra,MODIS,73,6.2,299.7,14.9,D,0
-18.2488,130.2714,316.4,1.1,1.1,2014-07-21,0129,Terra,MODIS,40,6.2,299.5,9,D,0
-18.241,130.2834,328.9,1.1,1.1,2014-07-21,0129,Terra,MODIS,78,6.2,302.5,22.9,D,0
-18.3198,130.6854,310.9,1.1,1,2014-07-21,0129,Terra,MODIS,46,6.2,300.3,5,D,0
-18.1664,130.3344,314.8,1.1,1.1,2014-07-21,0129,Terra,MODIS,43,6.2,302.1,7,D,0
-18.1648,130.3239,316.6,1.1,1.1,2014-07-21,0129,Terra,MODIS,59,6.2,303,8.5,D,0
-16.8895,128.273,322.1,1.5,1.2,2014-07-21,0129,Terra,MODIS,74,6.2,303.1,22.8,D,0
-19.1958,132.6318,316.8,1,1,2014-07-21,0129,Terra,MODIS,45,6.2,301.3,7.4,D,0
-18.8313,132.6559,326.2,1,1,2014-07-21,0129,Terra,MODIS,79,6.2,302.4,14.7,D,0
-19.1739,132.9244,322.5,1,1,2014-07-21,0129,Terra,MODIS,75,6.2,301.9,13.8,D,0
-19.1622,132.7798,324.2,1,1,2014-07-21,0129,Terra,MODIS,76,6.2,302.7,14.2,D,0
-19.2138,132.6289,322.5,1,1,2014-07-21,0129,Terra,MODIS,75,6.2,301.3,12.7,D,0
-19.2048,132.6304,325.3,1,1,2014-07-21,0129,Terra,MODIS,76,6.2,301.7,15.4,D,0
-18.8403,132.6545,316.1,1,1,2014-07-21,0129,Terra,MODIS,61,6.2,301.8,5,D,0
-16.0837,128.8132,316.5,1.4,1.2,2014-07-21,0129,Terra,MODIS,26,6.2,305,10,D,0
-15.9882,128.7946,326.9,1.4,1.2,2014-07-21,0129,Terra,MODIS,74,6.2,304.5,28.4,D,0
-15.9306,128.523,316.8,1.5,1.2,2014-07-21,0129,Terra,MODIS,52,6.2,303.4,11.5,D,0
-15.9401,128.5275,316.4,1.5,1.2,2014-07-21,0129,Terra,MODIS,48,6.2,304.5,10.7,D,0
-16.0095,128.7911,322.4,1.4,1.2,2014-07-21,0129,Terra,MODIS,46,6.2,305.3,18.2,D,0
-16.0072,128.7776,338.4,1.5,1.2,2014-07-21,0129,Terra,MODIS,88,6.2,305.3,54.6,D,0
-15.9293,128.5299,316.8,1.5,1.2,2014-07-21,0129,Terra,MODIS,59,6.2,303.8,12.2,D,0
-15.9829,128.7886,326.1,1.5,1.2,2014-07-21,0129,Terra,MODIS,78,6.2,303.5,28,D,0
-18.9208,133.8661,382.9,1.1,1,2014-07-21,0129,Terra,MODIS,100,6.2,305.5,175.6,D,0
-18.9222,133.8761,398.4,1.1,1,2014-07-21,0129,Terra,MODIS,100,6.2,314.1,260.5,D,0
-18.9301,133.8647,360.3,1.1,1,2014-07-21,0129,Terra,MODIS,100,6.2,298.7,89.3,D,0
-18.9315,133.8747,381.2,1.1,1,2014-07-21,0129,Terra,MODIS,100,6.2,303.8,166,D,0
-18.9407,133.8733,350.7,1.1,1,2014-07-21,0129,Terra,MODIS,95,6.2,300.9,61.6,D,0
-18.9421,133.8834,358.7,1.1,1,2014-07-21,0129,Terra,MODIS,99,6.2,304.2,83.3,D,0
-18.9514,133.882,333.9,1.1,1,2014-07-21,0129,Terra,MODIS,86,6.2,300.7,30.1,D,0
-16.6593,136.8526,336.3,1.4,1.2,2014-07-21,0129,Terra,MODIS,87,6.2,305,51.4,D,0
-16.6682,136.8378,324.5,1.4,1.2,2014-07-21,0129,Terra,MODIS,77,6.2,302.9,26.5,D,0
-16.6699,136.8511,327.1,1.4,1.2,2014-07-21,0129,Terra,MODIS,80,6.2,304.6,31.1,D,0
-15.6915,129.4604,326.4,1.3,1.1,2014-07-21,0129,Terra,MODIS,78,6.2,305.9,23.3,D,0
-15.7493,129.4439,326.7,1.3,1.1,2014-07-21,0129,Terra,MODIS,71,6.2,304,23.6,D,0
-15.7514,129.3927,325.2,1.3,1.1,2014-07-21,0129,Terra,MODIS,77,6.2,303.4,22,D,0
-18.8131,133.8882,318,1.1,1,2014-07-21,0129,Terra,MODIS,69,6.2,299.5,12.1,D,0
-18.9435,133.8934,323.7,1.1,1,2014-07-21,0129,Terra,MODIS,72,6.2,299.7,16.2,D,0
-19.7369,132.431,322.7,1,1,2014-07-21,0130,Terra,MODIS,76,6.2,301.4,13.8,D,0
-19.7383,132.4405,313.2,1,1,2014-07-21,0130,Terra,MODIS,48,6.2,299.9,5.5,D,0
-19.697,132.8545,319.8,1,1,2014-07-21,0130,Terra,MODIS,71,6.2,300.9,11.5,D,0
-19.7222,132.7719,390.7,1,1,2014-07-21,0130,Terra,MODIS,100,6.2,305.8,198.8,D,0
-19.7159,132.7926,327.2,1,1,2014-07-21,0130,Terra,MODIS,80,6.2,302.6,18.1,D,0
-19.7145,132.783,350.7,1,1,2014-07-21,0130,Terra,MODIS,95,6.2,305.9,56.8,D,0
-19.7131,132.7734,335.2,1,1,2014-07-21,0130,Terra,MODIS,87,6.2,302.9,28.4,D,0
-19.4997,132.6336,328.5,1,1,2014-07-21,0130,Terra,MODIS,81,6.2,301.5,19.4,D,0
-19.5011,132.6432,334.6,1,1,2014-07-21,0130,Terra,MODIS,86,6.2,302.1,27.9,D,0
-19.528,133.2197,323.7,1,1,2014-07-21,0130,Terra,MODIS,76,6.2,302.2,15.5,D,0
-19.4727,133.0853,316.6,1,1,2014-07-21,0130,Terra,MODIS,53,6.2,301.1,7.7,D,0
-19.4713,133.0756,320.9,1,1,2014-07-21,0130,Terra,MODIS,59,6.2,302.5,11.2,D,0
-19.6852,132.8367,328.5,1,1,2014-07-21,0130,Terra,MODIS,81,6.2,301.9,19.5,D,0
-19.7235,132.7816,333.1,1,1,2014-07-21,0130,Terra,MODIS,85,6.2,300.2,26.5,D,0
-19.6124,132.1465,328.8,1,1,2014-07-21,0130,Terra,MODIS,68,6.2,300.3,19.8,D,0
-19.609,132.1858,329.4,1,1,2014-07-21,0130,Terra,MODIS,68,6.2,297.6,20.1,D,0
-19.6063,132.1669,344.2,1,1,2014-07-21,0130,Terra,MODIS,92,6.2,300.6,42.3,D,0
-19.6049,132.1574,337.6,1,1,2014-07-21,0130,Terra,MODIS,83,6.2,303.8,30.4,D,0
-19.6001,132.1873,329.7,1,1,2014-07-21,0130,Terra,MODIS,73,6.2,301.4,19.5,D,0
-19.5973,132.1683,323.2,1,1,2014-07-21,0130,Terra,MODIS,64,6.2,304.3,11.8,D,0
-19.5931,132.1399,325.7,1,1,2014-07-21,0130,Terra,MODIS,74,6.2,303,15,D,0
-19.5953,132.2171,320.5,1,1,2014-07-21,0130,Terra,MODIS,23,6.2,299.7,9.8,D,0
-19.5891,132.2375,318.6,1,1,2014-07-21,0130,Terra,MODIS,50,6.2,299.4,9.1,D,0
-19.725,132.6671,321.2,1,1,2014-07-21,0130,Terra,MODIS,73,6.2,302.8,12.2,D,0
-19.7264,132.6766,354,1,1,2014-07-21,0130,Terra,MODIS,97,6.2,304.5,65.5,D,0
-19.7278,132.6862,326.2,1,1,2014-07-21,0130,Terra,MODIS,79,6.2,299.3,17.8,D,0
-19.6459,132.5006,315.2,1,1,2014-07-21,0130,Terra,MODIS,49,6.2,302.1,3.9,D,0
-19.7076,132.735,324.7,1,1,2014-07-21,0130,Terra,MODIS,73,6.2,304.7,13.5,D,0
-19.709,132.7446,328.2,1,1,2014-07-21,0130,Terra,MODIS,78,6.2,302.6,17.9,D,0
-19.7138,132.7144,335.3,1,1,2014-07-21,0130,Terra,MODIS,87,6.2,305.2,26.8,D,0
-19.7152,132.724,383.9,1,1,2014-07-21,0130,Terra,MODIS,100,6.2,308.8,162.8,D,0
-19.7166,132.7336,360.2,1,1,2014-07-21,0130,Terra,MODIS,100,6.2,303.9,79.5,D,0
-19.7208,132.7623,361.1,1,1,2014-07-21,0130,Terra,MODIS,100,6.2,301.1,83.7,D,0
-19.7215,132.7034,339.6,1,1,2014-07-21,0130,Terra,MODIS,89,6.2,301,34.9,D,0
-19.7229,132.713,348.9,1,1,2014-07-21,0130,Terra,MODIS,95,6.2,300.1,52.6,D,0
-30.7041,147.7398,311.5,1.1,1,2014-07-21,0412,Aqua,MODIS,68,6.2,292.5,9.6,D,0
-31.3874,148.0823,307,1.1,1,2014-07-21,0412,Aqua,MODIS,44,6.2,286.6,8.5,D,0
-32.0068,146.7235,324.1,1,1,2014-07-21,0412,Aqua,MODIS,83,6.2,292.2,21,D,0
-30.8923,148.2005,307.9,1.1,1.1,2014-07-21,0412,Aqua,MODIS,41,6.2,293.9,5.8,D,0
-28.9944,153.1504,300.9,2.4,1.5,2014-07-21,0412,Aqua,MODIS,40,6.2,285.4,15.4,D,0
-33.4609,147.0419,320,1,1,2014-07-21,0412,Aqua,MODIS,80,6.2,285.7,19.7,D,0
-33.4593,147.0527,301.6,1,1,2014-07-21,0412,Aqua,MODIS,48,6.2,285.1,6,D,0
-31.5102,146.4737,303.5,1,1,2014-07-21,0412,Aqua,MODIS,41,6.2,288,4.4,D,0
-28.9866,153.1408,300.1,2.4,1.5,2014-07-21,0412,Aqua,MODIS,14,6.2,283.2,12,D,0
-31.5086,146.4843,305.6,1,1,2014-07-21,0412,Aqua,MODIS,47,6.2,288.9,5.5,D,0
-33.2138,147.6251,306.6,1,1,2014-07-21,0412,Aqua,MODIS,64,6.2,286.6,9.2,D,0
-32.0052,146.7342,348.4,1,1,2014-07-21,0412,Aqua,MODIS,95,6.2,293.6,58.7,D,0
-29.2328,147.6116,308.6,1.1,1.1,2014-07-21,0413,Aqua,MODIS,52,6.2,297.6,3.4,D,0
-28.2785,148.7904,313.6,1.3,1.1,2014-07-21,0413,Aqua,MODIS,68,6.2,300.2,9.3,D,0
-28.558,151.8933,307.1,2,1.4,2014-07-21,0413,Aqua,MODIS,62,6.2,285.6,21.9,D,0
-28.2341,148.8636,324.9,1.3,1.1,2014-07-21,0413,Aqua,MODIS,81,6.2,300.3,25.4,D,0
-28.2317,148.877,317.8,1.3,1.1,2014-07-21,0413,Aqua,MODIS,67,6.2,298,15,D,0
-28.558,151.8988,301.3,2,1.4,2014-07-21,0413,Aqua,MODIS,10,6.2,286,11.2,D,0
-28.2238,148.8613,319.3,1.3,1.1,2014-07-21,0413,Aqua,MODIS,48,6.2,300.7,15.5,D,0
-27.2298,148.6701,310.6,1.3,1.1,2014-07-21,0413,Aqua,MODIS,58,6.2,299.6,7.6,D,0
-27.2321,148.6567,311.5,1.3,1.1,2014-07-21,0413,Aqua,MODIS,60,6.2,300.6,8.9,D,0
-28.0995,146.0101,308.4,1,1,2014-07-21,0413,Aqua,MODIS,41,6.2,297.8,4,D,0
-28.1011,145.9997,309,1,1,2014-07-21,0413,Aqua,MODIS,47,6.2,298,4.5,D,0
-29.0531,149.1908,329,1.3,1.1,2014-07-21,0413,Aqua,MODIS,84,6.2,300.1,33.5,D,0
-28.8815,149.3314,328,1.4,1.2,2014-07-21,0413,Aqua,MODIS,83,6.2,300.7,34,D,0
-29.0508,149.2045,318.1,1.3,1.1,2014-07-21,0413,Aqua,MODIS,74,6.2,299.5,15.8,D,0
-24.7971,146.9652,332,1.2,1.1,2014-07-21,0414,Aqua,MODIS,73,6.2,295.9,32.3,D,0
-24.7855,146.9749,324,1.2,1.1,2014-07-21,0414,Aqua,MODIS,77,6.2,296.9,22.5,D,0
-24.799,146.9536,325.1,1.2,1.1,2014-07-21,0414,Aqua,MODIS,28,6.2,298.4,20.3,D,0
-24.7874,146.9634,322.6,1.2,1.1,2014-07-21,0414,Aqua,MODIS,76,6.2,299.3,20.5,D,0
-24.8228,147.0609,324.1,1.2,1.1,2014-07-21,0414,Aqua,MODIS,78,6.2,295.2,25.7,D,0
-24.2599,148.5793,324.9,1.5,1.2,2014-07-21,0414,Aqua,MODIS,80,6.2,298.7,32,D,0
-24.2624,148.5646,339.4,1.5,1.2,2014-07-21,0414,Aqua,MODIS,90,6.2,299.7,67.3,D,0
-24.2516,148.5624,320,1.5,1.2,2014-07-21,0414,Aqua,MODIS,74,6.2,298.1,22.3,D,0
-23.0876,147.9395,317.1,1.4,1.2,2014-07-21,0414,Aqua,MODIS,64,6.2,305.3,10.5,D,0
-23.0919,147.9474,317.9,1.4,1.2,2014-07-21,0414,Aqua,MODIS,62,6.2,305.8,11.6,D,0
-25.301,142.1846,322.2,1.1,1,2014-07-21,0414,Aqua,MODIS,72,6.2,303,13.2,D,0
-25.2915,142.1831,325.3,1.1,1,2014-07-21,0414,Aqua,MODIS,76,6.2,304,16.9,D,0
-25.293,142.1722,320.2,1.1,1,2014-07-21,0414,Aqua,MODIS,68,6.2,303.9,10.8,D,0
-24.8402,146.9556,327.8,1.2,1.1,2014-07-21,0414,Aqua,MODIS,39,6.2,294.3,26.2,D,0
-24.8324,146.9419,327.9,1.2,1.1,2014-07-21,0414,Aqua,MODIS,27,6.2,293.3,24.7,D,0
-24.83,146.9478,324.4,1.2,1.1,2014-07-21,0414,Aqua,MODIS,78,6.2,293.4,23.2,D,0
-24.8319,146.9362,320.2,1.2,1.1,2014-07-21,0414,Aqua,MODIS,47,6.2,292.7,16,D,0
-24.8222,146.9342,342.5,1.2,1.1,2014-07-21,0414,Aqua,MODIS,89,6.2,295.9,52,D,0
-24.824,146.9226,327.1,1.2,1.1,2014-07-21,0414,Aqua,MODIS,40,6.2,296.3,24.2,D,0
-24.8106,146.9439,386.7,1.2,1.1,2014-07-21,0414,Aqua,MODIS,100,6.2,302.2,222.9,D,0
-24.8125,146.9323,364.8,1.2,1.1,2014-07-21,0414,Aqua,MODIS,100,6.2,300.7,117.9,D,0
-24.8009,146.9419,335.9,1.2,1.1,2014-07-21,0414,Aqua,MODIS,87,6.2,299.6,38.5,D,0
-24.7272,147.0849,314.7,1.2,1.1,2014-07-21,0414,Aqua,MODIS,62,6.2,297.4,11.5,D,0
-24.8087,146.9556,341,1.2,1.1,2014-07-21,0414,Aqua,MODIS,54,6.2,297.4,46.3,D,0
-20.7321,139.483,317,1.3,1.1,2014-07-21,0415,Aqua,MODIS,25,6.2,305.9,7.6,D,2
-20.7399,139.4767,334.2,1.3,1.1,2014-07-21,0415,Aqua,MODIS,78,6.2,307.4,37.3,D,2
-20.7337,139.4706,328.1,1.3,1.1,2014-07-21,0415,Aqua,MODIS,72,6.2,307.6,24.8,D,2
-17.8939,145.5403,310.1,1.2,1.1,2014-07-21,0416,Aqua,MODIS,44,6.2,293.7,11.4,D,0
-16.3866,144.6423,315,1.2,1.1,2014-07-21,0416,Aqua,MODIS,57,6.2,303,7.5,D,0
-15.913,144.4479,315.4,1.2,1.1,2014-07-21,0416,Aqua,MODIS,61,6.2,299.3,10.9,D,0
-16.3616,144.3384,319.8,1.1,1.1,2014-07-21,0416,Aqua,MODIS,69,6.2,305.9,9.8,D,0
-16.1599,144.3888,314.9,1.1,1.1,2014-07-21,0416,Aqua,MODIS,38,6.2,302.7,6.8,D,0
-16.1504,144.3873,320.8,1.1,1.1,2014-07-21,0416,Aqua,MODIS,72,6.2,303.4,13.7,D,0
-15.9058,141.4816,322.8,1,1,2014-07-21,0416,Aqua,MODIS,45,6.2,310.1,8.5,D,0
-18.943,133.8813,320.1,3.2,1.7,2014-07-21,0416,Aqua,MODIS,68,6.2,301.6,61.1,D,0
-18.9459,133.8507,317.5,3.2,1.7,2014-07-21,0416,Aqua,MODIS,62,6.2,300,48.7,D,0
-18.9307,133.8491,326.1,3.2,1.7,2014-07-21,0416,Aqua,MODIS,76,6.2,300.3,92.6,D,0
-18.9333,133.8419,319.5,3.2,1.7,2014-07-21,0416,Aqua,MODIS,41,6.2,298.9,55.1,D,0
-17.8341,138.8351,325.3,1.3,1.1,2014-07-21,0416,Aqua,MODIS,73,6.2,308.7,18.4,D,0
-15.9982,144.2421,318.2,1.1,1.1,2014-07-21,0416,Aqua,MODIS,53,6.2,301.1,10,D,0
-15.9887,144.2405,325.3,1.1,1.1,2014-07-21,0416,Aqua,MODIS,77,6.2,302.8,18.7,D,0
-16.6645,136.8211,325.8,1.8,1.3,2014-07-21,0416,Aqua,MODIS,60,6.2,305,32.1,D,0
-16.7394,136.8529,326.9,1.8,1.3,2014-07-21,0416,Aqua,MODIS,78,6.2,306.3,35.5,D,0
-16.2091,144.1304,315.2,1.1,1,2014-07-21,0416,Aqua,MODIS,38,6.2,304.7,6.6,D,0
-16.3602,144.2212,319.6,1.1,1.1,2014-07-21,0416,Aqua,MODIS,65,6.2,304.6,11.2,D,0
-16.3334,144.2694,319.6,1.1,1.1,2014-07-21,0416,Aqua,MODIS,60,6.2,301.8,11.8,D,0
-16.3239,144.2678,323.8,1.1,1.1,2014-07-21,0416,Aqua,MODIS,75,6.2,303.1,16.8,D,0
-16.0976,144.1265,320,1.1,1,2014-07-21,0416,Aqua,MODIS,46,6.2,304.3,9.9,D,0
-16.0788,144.1234,322.7,1.1,1,2014-07-21,0416,Aqua,MODIS,73,6.2,304.1,13.7,D,0
-18.8053,133.889,330.8,3.2,1.7,2014-07-21,0416,Aqua,MODIS,82,6.2,302.3,123.9,D,0
-17.8444,138.8365,321.8,1.3,1.1,2014-07-21,0416,Aqua,MODIS,56,6.2,308.5,12.3,D,0
-19.4858,133.0739,315,3.7,1.8,2014-07-21,0416,Aqua,MODIS,27,6.2,302.7,32.6,D,0
-19.712,132.8223,320.6,3.9,1.8,2014-07-21,0416,Aqua,MODIS,66,6.2,303.2,70.3,D,0
-19.6055,132.1675,316.8,4.3,1.9,2014-07-21,0416,Aqua,MODIS,28,6.2,304,60.3,D,0
-19.6074,132.1178,328.9,4.4,1.9,2014-07-21,0416,Aqua,MODIS,80,6.2,303.1,169.9,D,0
-19.4891,133.0384,315.7,3.7,1.8,2014-07-21,0416,Aqua,MODIS,38,6.2,303,35.8,D,0
-18.8302,132.639,338.2,3.9,1.8,2014-07-21,0416,Aqua,MODIS,88,6.2,305.6,220.4,D,0
-18.8335,132.6018,319.9,3.9,1.8,2014-07-21,0416,Aqua,MODIS,59,6.2,303.8,54.8,D,0
-18.8414,132.6324,336.5,3.9,1.8,2014-07-21,0416,Aqua,MODIS,87,6.2,305.9,200.8,D,0
-19.3385,132.9031,325.4,3.8,1.8,2014-07-21,0416,Aqua,MODIS,76,6.2,304.1,111.2,D,0
-19.7217,132.7097,324.2,4,1.9,2014-07-21,0416,Aqua,MODIS,74,6.2,303.3,96.2,D,0
-19.7029,132.8515,319.3,3.9,1.8,2014-07-21,0416,Aqua,MODIS,54,6.2,303.6,59.5,D,0
-18.8114,133.8549,327.4,3.2,1.7,2014-07-21,0416,Aqua,MODIS,78,6.2,301.8,102.3,D,0
-18.8083,133.885,333.3,3.2,1.7,2014-07-21,0416,Aqua,MODIS,84,6.2,302.5,143,D,0
-18.8081,133.8588,336,3.2,1.7,2014-07-21,0416,Aqua,MODIS,86,6.2,301.8,163.9,D,0
-18.8247,132.6309,319.2,3.9,1.8,2014-07-21,0416,Aqua,MODIS,55,6.2,305.7,47.9,D,0
-18.7961,133.8532,314.3,3.2,1.7,2014-07-21,0416,Aqua,MODIS,49,6.2,300.2,35.2,D,0
-19.5999,132.2015,316.5,4.3,1.9,2014-07-21,0416,Aqua,MODIS,44,6.2,303.4,58.7,D,0
-19.6091,132.1253,324.6,4.4,1.9,2014-07-21,0416,Aqua,MODIS,69,6.2,303.4,127.1,D,0
-19.7131,132.7398,337.6,3.9,1.8,2014-07-21,0416,Aqua,MODIS,87,6.2,304.1,216.9,D,0
-19.1717,132.7636,315,3.9,1.8,2014-07-21,0416,Aqua,MODIS,34,6.2,302.7,36.9,D,0
-19.7184,132.7477,338.2,3.9,1.8,2014-07-21,0416,Aqua,MODIS,88,6.2,304.2,226.1,D,0
-19.7063,132.8145,321,3.9,1.8,2014-07-21,0416,Aqua,MODIS,65,6.2,304.6,72.3,D,0
-19.3287,132.9091,327.9,3.8,1.8,2014-07-21,0416,Aqua,MODIS,79,6.2,303.3,131.4,D,0
-15.9949,144.3275,312.6,1.1,1.1,2014-07-21,0416,Aqua,MODIS,46,6.2,302.2,5,D,0
-13.0655,142.6149,323.9,1,1,2014-07-21,0417,Aqua,MODIS,77,6.2,301.9,15.2,D,0
-12.9714,142.1938,331.5,1,1,2014-07-21,0417,Aqua,MODIS,84,6.2,304.4,22.1,D,0
-12.97,142.2032,358.9,1,1,2014-07-21,0417,Aqua,MODIS,99,6.2,308.8,76.1,D,0
-13.0524,142.6453,320.4,1,1,2014-07-21,0417,Aqua,MODIS,72,6.2,303.3,11.6,D,0
-13.051,142.6548,317.1,1,1,2014-07-21,0417,Aqua,MODIS,66,6.2,302.5,8.4,D,0
-13.145,142.3285,333.2,1,1,2014-07-21,0417,Aqua,MODIS,85,6.2,308.1,20,D,0
-12.9748,142.424,338.4,1,1,2014-07-21,0417,Aqua,MODIS,89,6.2,304.8,34.1,D,0
-12.9734,142.4334,335.5,1,1,2014-07-21,0417,Aqua,MODIS,87,6.2,303.6,29.5,D,0
-12.9839,142.4254,327.2,1,1,2014-07-21,0417,Aqua,MODIS,80,6.2,303.5,18.4,D,0
-12.9825,142.4349,343.3,1,1,2014-07-21,0417,Aqua,MODIS,92,6.2,304.1,43.2,D,0
-12.9916,142.4363,316.1,1,1,2014-07-21,0417,Aqua,MODIS,64,6.2,302.4,7.2,D,0
-12.9902,142.4457,349.1,1,1,2014-07-21,0417,Aqua,MODIS,95,6.2,304.6,55.7,D,0
-12.9888,142.4551,333.4,1,1,2014-07-21,0417,Aqua,MODIS,85,6.2,302.6,26.9,D,0
-12.9969,142.4525,369.4,1,1,2014-07-21,0417,Aqua,MODIS,100,6.2,305.6,110,D,0
-12.9955,142.462,355.2,1,1,2014-07-21,0417,Aqua,MODIS,97,6.2,304.6,67.6,D,0
-13.0046,142.4634,364.3,1,1,2014-07-21,0417,Aqua,MODIS,100,6.2,305.7,92.4,D,0
-13.0032,142.4728,343.9,1,1,2014-07-21,0417,Aqua,MODIS,92,6.2,303.7,42.2,D,0
-13.0123,142.4742,334.6,1,1,2014-07-21,0417,Aqua,MODIS,86,6.2,303.4,26.5,D,0
-13.0109,142.4837,330.7,1,1,2014-07-21,0417,Aqua,MODIS,83,6.2,302.3,20.8,D,0
-14.1301,131.201,316.4,4.4,1.9,2014-07-21,0417,Aqua,MODIS,56,6.2,303.2,64.9,D,0
-13.02,142.4851,322,1,1,2014-07-21,0417,Aqua,MODIS,64,6.2,302.7,10.4,D,0
-13.0186,142.4945,330.9,1,1,2014-07-21,0417,Aqua,MODIS,83,6.2,303,21.9,D,0
-13.0172,142.504,318.3,1,1,2014-07-21,0417,Aqua,MODIS,31,6.2,303,7,D,0
-13.0263,142.5054,341.6,1,1,2014-07-21,0417,Aqua,MODIS,91,6.2,305,38.1,D,0
-13.6418,133.4249,315.2,2.9,1.6,2014-07-21,0417,Aqua,MODIS,31,6.2,304.2,23.5,D,0
-13.6414,133.4202,317,2.9,1.6,2014-07-21,0417,Aqua,MODIS,33,6.2,304.6,29,D,0
-12.8843,142.7208,345.1,1,1,2014-07-21,0417,Aqua,MODIS,93,6.2,304,45.3,D,0
-12.8828,142.7304,333.2,1,1,2014-07-21,0417,Aqua,MODIS,85,6.2,303.7,24.8,D,0
-12.893,142.2229,369.6,1,1,2014-07-21,0417,Aqua,MODIS,100,6.2,309.7,104.8,D,0
-12.8916,142.2322,360.1,1,1,2014-07-21,0417,Aqua,MODIS,100,6.2,309.3,75.4,D,0
-12.9034,142.2149,336.4,1,1,2014-07-21,0417,Aqua,MODIS,85,6.2,303.7,28.5,D,0
-12.902,142.2243,363.7,1,1,2014-07-21,0417,Aqua,MODIS,100,6.2,309.9,87.2,D,0
-12.9292,142.2285,327.4,1,1,2014-07-21,0417,Aqua,MODIS,49,6.2,304.4,15.3,D,0
-12.9278,142.2378,325.6,1,1,2014-07-21,0417,Aqua,MODIS,48,6.2,306.7,13.6,D,0
-12.9623,142.1925,326.9,1,1,2014-07-21,0417,Aqua,MODIS,80,6.2,303.3,16.6,D,0
-13.058,142.6073,319.7,1,1,2014-07-21,0417,Aqua,MODIS,71,6.2,302,11.4,D,0
-13.0683,142.596,347.2,1,1,2014-07-21,0417,Aqua,MODIS,94,6.2,303.7,49.9,D,0
-12.961,142.2018,327.2,1,1,2014-07-21,0417,Aqua,MODIS,80,6.2,304.1,16.8,D,0
-12.9687,142.2125,335.6,1,1,2014-07-21,0417,Aqua,MODIS,87,6.2,305.6,28.4,D,0
-13.0669,142.6055,353.6,1,1,2014-07-21,0417,Aqua,MODIS,97,6.2,303.7,66.1,D,0
-12.9676,142.3461,351.1,1,1,2014-07-21,0417,Aqua,MODIS,96,6.2,304.3,57.8,D,0
-12.9516,142.3916,322.3,1,1,2014-07-21,0417,Aqua,MODIS,74,6.2,305.9,11.9,D,0
-12.953,142.3822,317.1,1,1,2014-07-21,0417,Aqua,MODIS,65,6.2,303.2,6.7,D,0
-12.9544,142.3728,337.6,1,1,2014-07-21,0417,Aqua,MODIS,88,6.2,303.8,31.6,D,0
-12.9558,142.3634,341.2,1,1,2014-07-21,0417,Aqua,MODIS,90,6.2,304.5,37.8,D,0
-12.9572,142.354,340.9,1,1,2014-07-21,0417,Aqua,MODIS,90,6.2,305.1,36.9,D,0
-12.9585,142.3447,340.9,1,1,2014-07-21,0417,Aqua,MODIS,90,6.2,305.1,36.8,D,0
-12.8714,142.8074,328.8,1.1,1,2014-07-21,0417,Aqua,MODIS,81,6.2,302.9,21,D,0
-13.0008,142.246,334.1,1,1,2014-07-21,0417,Aqua,MODIS,80,6.2,307.5,24.5,D,0
-13.1483,142.0532,333.7,1,1,2014-07-21,0417,Aqua,MODIS,85,6.2,304.9,26.2,D,0
-14.8277,134.7762,351.6,2.4,1.5,2014-07-21,0417,Aqua,MODIS,96,6.2,308.1,196.8,D,0
-15.393,143.5634,322.5,1.1,1,2014-07-21,0417,Aqua,MODIS,65,6.2,307.4,12.9,D,0
-13.0424,142.1441,314.9,1,1,2014-07-21,0417,Aqua,MODIS,20,6.2,302.5,5.4,D,0
-14.9363,133.9746,322.4,2.8,1.6,2014-07-21,0417,Aqua,MODIS,68,6.2,306.8,45.5,D,0
-13.0035,142.2274,326.5,1,1,2014-07-21,0417,Aqua,MODIS,79,6.2,303.4,17,D,0
-14.3256,142.6214,322.7,1,1,2014-07-21,0417,Aqua,MODIS,66,6.2,304.3,10.6,D,0
-13.0697,142.5865,340.7,1,1,2014-07-21,0417,Aqua,MODIS,90,6.2,302.8,39.2,D,0
-13.0711,142.577,322.8,1,1,2014-07-21,0417,Aqua,MODIS,75,6.2,301.9,13.5,D,0
-12.9799,142.2619,332,1,1,2014-07-21,0417,Aqua,MODIS,84,6.2,304,21.8,D,0
-12.9183,142.1126,396.9,1,1,2014-07-21,0417,Aqua,MODIS,100,6.2,313.2,229.8,D,0
-14.3817,142.6176,327.8,1,1,2014-07-21,0417,Aqua,MODIS,22,6.2,303.2,15.9,D,0
-12.8871,142.1363,319.4,1,1,2014-07-21,0417,Aqua,MODIS,37,6.2,302.8,8.6,D,0
-12.9731,142.3086,347,1,1,2014-07-21,0417,Aqua,MODIS,94,6.2,304.2,47.7,D,0
-12.8528,142.1253,326,1,1,2014-07-21,0417,Aqua,MODIS,50,6.2,302.4,14.9,D,0
-12.8477,142.2159,371.6,1,1,2014-07-21,0417,Aqua,MODIS,100,6.2,309.1,110.6,D,0
-13.0193,142.1822,341,1,1,2014-07-21,0417,Aqua,MODIS,90,6.2,304.9,38.4,D,0
-12.9273,142.114,383.6,1,1,2014-07-21,0417,Aqua,MODIS,100,6.2,309.4,160.9,D,0
-15.1963,143.2682,370.9,1.1,1,2014-07-21,0417,Aqua,MODIS,100,6.2,307.7,118.1,D,0
-13.0404,142.5366,337.2,1,1,2014-07-21,0417,Aqua,MODIS,88,6.2,300.9,31.8,D,0
-12.9931,142.2353,350,1,1,2014-07-21,0417,Aqua,MODIS,95,6.2,306.7,52.7,D,0
-12.9664,142.1645,324.5,1,1,2014-07-21,0417,Aqua,MODIS,57,6.2,303.8,12.8,D,0
-14.3311,142.5838,334.1,1,1,2014-07-21,0417,Aqua,MODIS,84,6.2,304,25.3,D,0
-14.3636,142.6147,324.4,1,1,2014-07-21,0417,Aqua,MODIS,46,6.2,304.7,11.7,D,0
-14.8016,134.4048,320.5,2.5,1.5,2014-07-21,0417,Aqua,MODIS,69,6.2,306.6,35.5,D,0
-13.0125,142.2288,325.4,1,1,2014-07-21,0417,Aqua,MODIS,78,6.2,303.3,15.7,D,0
-14.2922,142.9761,318.2,1,1,2014-07-21,0417,Aqua,MODIS,62,6.2,301.7,9.6,D,0
-13.1087,142.069,324.5,1,1,2014-07-21,0417,Aqua,MODIS,42,6.2,303.5,14,D,0
-15.4462,143.0156,321,1,1,2014-07-21,0417,Aqua,MODIS,69,6.2,305.2,10.1,D,0
-12.8762,142.2107,340.3,1,1,2014-07-21,0417,Aqua,MODIS,90,6.2,303.4,34.7,D,0
-13.0202,142.2395,345.9,1,1,2014-07-21,0417,Aqua,MODIS,93,6.2,308.6,45.3,D,0
-13.9708,143.5783,316.5,1.1,1,2014-07-21,0417,Aqua,MODIS,59,6.2,300.8,8.4,D,0
-12.9772,142.2806,315.8,1,1,2014-07-21,0417,Aqua,MODIS,36,6.2,302.6,5.1,D,0
-12.8975,142.1284,327.3,1,1,2014-07-21,0417,Aqua,MODIS,72,6.2,304,16.6,D,0
-13.0175,142.2582,317.8,1,1,2014-07-21,0417,Aqua,MODIS,56,6.2,302.9,7.2,D,0
-14.2114,142.84,324.6,1,1,2014-07-21,0417,Aqua,MODIS,77,6.2,301.2,15.5,D,0
-13.0179,142.1915,322.6,1,1,2014-07-21,0417,Aqua,MODIS,75,6.2,302.7,12.5,D,0
-15.192,143.2973,323.5,1.1,1,2014-07-21,0417,Aqua,MODIS,49,6.2,303.8,12.5,D,0
-14.9219,133.9731,330.8,2.8,1.6,2014-07-21,0417,Aqua,MODIS,82,6.2,306.6,86.5,D,0
-13.0635,142.5693,328.1,1,1,2014-07-21,0417,Aqua,MODIS,81,6.2,302.2,20.3,D,0
-13.0112,142.2381,342.7,1,1,2014-07-21,0417,Aqua,MODIS,91,6.2,306.7,39.4,D,0
-13.0572,142.232,346.6,1,1,2014-07-21,0417,Aqua,MODIS,93,6.2,304.8,47.9,D,0
-12.9566,142.4212,341,1,1,2014-07-21,0417,Aqua,MODIS,90,6.2,302.5,37.4,D,0
-12.9717,142.318,339.4,1,1,2014-07-21,0417,Aqua,MODIS,89,6.2,304.7,33.7,D,0
-13.0021,142.2367,349.1,1,1,2014-07-21,0417,Aqua,MODIS,95,6.2,309.3,50.8,D,0
-13.0098,142.2475,329.9,1,1,2014-07-21,0417,Aqua,MODIS,82,6.2,307.1,19.7,D,0
-13.0487,142.164,319.6,1,1,2014-07-21,0417,Aqua,MODIS,71,6.2,302.7,10.3,D,0
-14.8231,134.7827,348.9,2.4,1.5,2014-07-21,0417,Aqua,MODIS,94,6.2,308.7,176.9,D,0
-13.0514,142.1454,335.2,1,1,2014-07-21,0417,Aqua,MODIS,86,6.2,304.6,28.2,D,0
-12.86,142.1321,367.4,1,1,2014-07-21,0417,Aqua,MODIS,100,6.2,307.1,101.4,D,0
-13.0495,142.538,321.8,1,1,2014-07-21,0417,Aqua,MODIS,74,6.2,302.2,12.2,D,0
-14.4424,142.7003,327.5,1,1,2014-07-21,0417,Aqua,MODIS,74,6.2,304.1,17.4,D,0
-13.0558,142.5584,366.9,1,1,2014-07-21,0417,Aqua,MODIS,100,6.2,304.8,102.8,D,0
-13.0229,142.2209,333.1,1,1,2014-07-21,0417,Aqua,MODIS,85,6.2,303.9,25.6,D,0
-14.527,134.9892,326.2,2.3,1.5,2014-07-21,0417,Aqua,MODIS,53,6.2,306.9,47,D,0
-14.2093,142.9179,321.3,1,1,2014-07-21,0417,Aqua,MODIS,43,6.2,304,11.5,D,0
-12.8126,142.1476,334.4,1,1,2014-07-21,0417,Aqua,MODIS,86,6.2,305.5,26.4,D,0
-15.1934,143.2876,329.5,1.1,1,2014-07-21,0417,Aqua,MODIS,70,6.2,305,19.4,D,0
-14.2601,143.6232,324.8,1.1,1,2014-07-21,0417,Aqua,MODIS,77,6.2,302.1,17.8,D,0
-13.0481,142.5475,342.1,1,1,2014-07-21,0417,Aqua,MODIS,91,6.2,302.2,41.5,D,0
-14.365,142.6053,324.8,1,1,2014-07-21,0417,Aqua,MODIS,51,6.2,303.5,12.6,D,0
-12.926,142.1233,359.7,1,1,2014-07-21,0417,Aqua,MODIS,99,6.2,306.7,75.4,D,0
-13.0273,142.2464,331.8,1,1,2014-07-21,0417,Aqua,MODIS,65,6.2,307.2,21.6,D,0
-13.0893,142.0754,330.3,1,1,2014-07-21,0417,Aqua,MODIS,83,6.2,304.1,20.3,D,0
-14.9282,133.9545,322.7,2.8,1.6,2014-07-21,0417,Aqua,MODIS,73,6.2,304.7,49.8,D,0
-12.917,142.1219,367.3,1,1,2014-07-21,0417,Aqua,MODIS,100,6.2,309,98.7,D,0
-14.2756,143.5843,318.9,1.1,1,2014-07-21,0417,Aqua,MODIS,69,6.2,301.7,11.2,D,0
-14.21,142.8495,380.2,1,1,2014-07-21,0417,Aqua,MODIS,100,6.2,307.5,154.6,D,0
-12.4421,142.0374,315.9,1,1,2014-07-21,0417,Aqua,MODIS,40,6.2,303.1,5.1,D,0
-14.5304,134.9845,324.8,2.3,1.5,2014-07-21,0417,Aqua,MODIS,76,6.2,305.8,45.1,D,0
-14.3297,142.5932,324.1,1,1,2014-07-21,0417,Aqua,MODIS,32,6.2,305,12,D,0
-13.0528,142.1362,331.3,1,1,2014-07-21,0417,Aqua,MODIS,83,6.2,303.2,23,D,0
-12.9736,142.2418,326.9,1,1,2014-07-21,0417,Aqua,MODIS,67,6.2,305.1,14.7,D,0
-14.5294,134.9682,324.7,2.3,1.5,2014-07-21,0417,Aqua,MODIS,43,6.2,305.5,42.5,D,0
-13.0249,142.5148,346,1,1,2014-07-21,0417,Aqua,MODIS,93,6.2,304.8,47.7,D,0
-14.3008,142.9742,320.8,1,1,2014-07-21,0417,Aqua,MODIS,71,6.2,301.8,12,D,0
-15.3832,143.0672,323,1,1,2014-07-21,0417,Aqua,MODIS,72,6.2,305.3,13.2,D,0
-14.5173,134.983,323.2,2.3,1.5,2014-07-21,0417,Aqua,MODIS,69,6.2,306.4,39.2,D,0
-14.3811,142.6849,330.6,1,1,2014-07-21,0417,Aqua,MODIS,82,6.2,306.3,18.3,D,0
-14.4237,142.711,323.1,1,1,2014-07-21,0417,Aqua,MODIS,70,6.2,307.3,10.3,D,0
-12.9643,142.432,334.8,1,1,2014-07-21,0417,Aqua,MODIS,86,6.2,302.8,28.4,D,0
-14.2072,142.8686,316.2,1,1,2014-07-21,0417,Aqua,MODIS,54,6.2,301.7,7.6,D,0
-13.0586,142.2227,327.5,1,1,2014-07-21,0417,Aqua,MODIS,80,6.2,302.3,18.4,D,0
-13.0501,142.1547,325.1,1,1,2014-07-21,0417,Aqua,MODIS,78,6.2,304.2,15.7,D,0
-13.0559,142.2413,330.9,1,1,2014-07-21,0417,Aqua,MODIS,83,6.2,304.4,21.3,D,0
-15.207,143.2599,331,1,1,2014-07-21,0417,Aqua,MODIS,82,6.2,302.8,21.7,D,0
-12.9651,142.1738,327.1,1,1,2014-07-21,0417,Aqua,MODIS,80,6.2,304,16.2,D,0
-12.969,142.3367,349.7,1,1,2014-07-21,0417,Aqua,MODIS,95,6.2,304.4,54.2,D,0
-12.3004,142.4982,352.7,1,1,2014-07-21,0417,Aqua,MODIS,96,6.2,302.1,64.9,D,0
-14.4438,142.6909,320.8,1,1,2014-07-21,0417,Aqua,MODIS,69,6.2,302.4,10.7,D,0
-12.8514,142.1346,341.3,1,1,2014-07-21,0417,Aqua,MODIS,91,6.2,305.1,38.1,D,0
-12.9364,142.1154,338.8,1,1,2014-07-21,0417,Aqua,MODIS,67,6.2,305.4,31,D,0
-12.8587,142.1414,334.2,1,1,2014-07-21,0417,Aqua,MODIS,83,6.2,304.8,25.6,D,0
-12.9786,142.2712,326.6,1,1,2014-07-21,0417,Aqua,MODIS,60,6.2,303.5,14.9,D,0
-12.4331,142.036,339.3,1,1,2014-07-21,0417,Aqua,MODIS,89,6.2,306.7,34.2,D,0
-13.0085,142.2568,325.1,1,1,2014-07-21,0417,Aqua,MODIS,78,6.2,304,14.3,D,0
-12.8749,142.2201,367.7,1,1,2014-07-21,0417,Aqua,MODIS,100,6.2,309.2,98.8,D,0
-12.8424,142.1332,348.3,1,1,2014-07-21,0417,Aqua,MODIS,94,6.2,305.4,51.2,D,0
-12.8463,142.2252,389.1,1,1,2014-07-21,0417,Aqua,MODIS,100,6.2,312.3,185.9,D,0
-13.0216,142.2302,349,1,1,2014-07-21,0417,Aqua,MODIS,95,6.2,308.3,53.6,D,0
-14.796,134.399,317.5,2.5,1.5,2014-07-21,0417,Aqua,MODIS,47,6.2,306.3,22.1,D,0
-13.0866,142.094,325.2,1,1,2014-07-21,0417,Aqua,MODIS,78,6.2,304.9,15.2,D,0
-13.0301,142.2278,332.2,1,1,2014-07-21,0417,Aqua,MODIS,84,6.2,303.2,24.1,D,0
-12.9489,142.4104,327.9,1,1,2014-07-21,0417,Aqua,MODIS,80,6.2,305.1,16.9,D,0
-15.3744,143.3094,319.2,1.1,1,2014-07-21,0417,Aqua,MODIS,40,6.2,306,7.1,D,0
-14.8667,134.8767,316.6,2.3,1.5,2014-07-21,0417,Aqua,MODIS,35,6.2,305.4,18.2,D,0
-12.8139,142.1383,318.1,1,1,2014-07-21,0417,Aqua,MODIS,32,6.2,301.9,7.3,D,0
-12.9917,142.2446,331.5,1,1,2014-07-21,0417,Aqua,MODIS,57,6.2,304.4,19.7,D,0
-12.958,142.4118,337.2,1,1,2014-07-21,0417,Aqua,MODIS,88,6.2,303.7,30.1,D,0
-12.8411,142.1425,339.3,1,1,2014-07-21,0417,Aqua,MODIS,89,6.2,304,34.1,D,0
-14.8207,134.8048,321,2.4,1.5,2014-07-21,0417,Aqua,MODIS,54,6.2,307.1,27,D,0
-15.4053,143.3541,320.7,1.1,1,2014-07-21,0417,Aqua,MODIS,69,6.2,306.4,7.9,D,0
-12.1137,142.7715,328.9,1.1,1,2014-07-21,0417,Aqua,MODIS,82,6.2,301.4,24.4,D,0
-13.034,142.5163,342.2,1,1,2014-07-21,0417,Aqua,MODIS,91,6.2,304.8,39.7,D,0
-12.8398,142.6484,315.9,1,1,2014-07-21,0417,Aqua,MODIS,44,6.2,300,7.4,D,0
-12.1123,142.7812,324.4,1.1,1,2014-07-21,0417,Aqua,MODIS,77,6.2,301.2,18.7,D,0
-14.2492,143.6319,320,1.1,1,2014-07-21,0417,Aqua,MODIS,39,6.2,301.2,11.3,D,0
-12.8175,142.177,327,1,1,2014-07-21,0417,Aqua,MODIS,46,6.2,303.8,15,D,0
-13.0544,142.5679,325.3,1,1,2014-07-21,0417,Aqua,MODIS,78,6.2,301.5,16.1,D,0
-13.0207,142.1729,315,1,1,2014-07-21,0417,Aqua,MODIS,38,6.2,301.9,5.2,D,0
-12.9657,142.4226,374.5,1,1,2014-07-21,0417,Aqua,MODIS,100,6.2,307.9,128.7,D,0
-13.0079,142.8842,320,1.1,1,2014-07-21,0417,Aqua,MODIS,44,6.2,297.6,11.9,D,0
-12.4317,142.0453,326.4,1,1,2014-07-21,0417,Aqua,MODIS,79,6.2,305.4,16.1,D,0
-14.3741,142.6067,341.2,1,1,2014-07-21,0417,Aqua,MODIS,90,6.2,305.3,36.2,D,0
-13.0418,142.5271,349.1,1,1,2014-07-21,0417,Aqua,MODIS,95,6.2,304.2,54.6,D,0
-14.2016,142.9068,323.5,1,1,2014-07-21,0417,Aqua,MODIS,65,6.2,302.4,14.2,D,0
-12.2722,142.5621,319.1,1,1,2014-07-21,0417,Aqua,MODIS,42,6.2,299.4,10.2,D,0
-13.0853,142.1032,322.1,1,1,2014-07-21,0417,Aqua,MODIS,74,6.2,304.1,12.4,D,0
-14.2086,142.8591,344.4,1,1,2014-07-21,0417,Aqua,MODIS,92,6.2,303.8,45.4,D,0
-13.0622,142.5788,321.9,1,1,2014-07-21,0417,Aqua,MODIS,74,6.2,301.5,13,D,0
-12.9538,142.1246,345.2,1,1,2014-07-21,0417,Aqua,MODIS,93,6.2,304.2,44.2,D,0
-14.3888,142.6958,320.9,1,1,2014-07-21,0417,Aqua,MODIS,60,6.2,304,8.3,D,0
-13.1497,142.0439,350.1,1,1,2014-07-21,0417,Aqua,MODIS,95,6.2,305.4,55.4,D,0
-12.8343,142.1891,328.4,1,1,2014-07-21,0417,Aqua,MODIS,32,6.2,303.5,15.8,D,0
-12.8614,142.1228,323.8,1,1,2014-07-21,0417,Aqua,MODIS,77,6.2,301.5,14,D,0
-14.3979,142.6973,330.4,1,1,2014-07-21,0417,Aqua,MODIS,82,6.2,306.2,19.5,D,0
-15.2084,143.2503,356.8,1,1,2014-07-21,0417,Aqua,MODIS,98,6.2,304.1,73.2,D,0
-14.8251,134.7985,322.9,2.4,1.5,2014-07-21,0417,Aqua,MODIS,64,6.2,307.6,33.4,D,0
-12.8885,142.127,347.3,1,1,2014-07-21,0417,Aqua,MODIS,94,6.2,305.7,49.3,D,0
-13.0189,142.2489,333.9,1,1,2014-07-21,0417,Aqua,MODIS,86,6.2,306.4,25.8,D,0
-14.6002,134.934,323.7,2.3,1.5,2014-07-21,0417,Aqua,MODIS,74,6.2,305,43.9,D,0
-14.8256,134.7605,326.4,2.4,1.5,2014-07-21,0417,Aqua,MODIS,73,6.2,304.8,53.1,D,0
-15.32,143.4942,321.9,1.1,1,2014-07-21,0417,Aqua,MODIS,41,6.2,306.3,8.4,D,0
-15.1949,143.2779,325.5,1.1,1,2014-07-21,0417,Aqua,MODIS,33,6.2,305.4,13.6,D,0
-14.2586,143.6334,319.6,1.1,1,2014-07-21,0417,Aqua,MODIS,68,6.2,300.3,12.1,D,0
-14.3943,142.6581,320.6,1,1,2014-07-21,0417,Aqua,MODIS,58,6.2,305,9.4,D,0
-15.3837,143.5619,336,1.1,1,2014-07-21,0417,Aqua,MODIS,87,6.2,303.9,29.9,D,0
-14.9397,133.982,321.5,2.8,1.6,2014-07-21,0417,Aqua,MODIS,71,6.2,306.3,42.2,D,0
-12.9745,142.2993,341.2,1,1,2014-07-21,0417,Aqua,MODIS,90,6.2,303.9,36.8,D,0
-15.2099,143.2406,352.7,1,1,2014-07-21,0417,Aqua,MODIS,96,6.2,302.5,63.5,D,0
-15.2408,143.2853,325.2,1.1,1,2014-07-21,0417,Aqua,MODIS,59,6.2,305.3,13,D,0
-13.0287,142.2371,344.6,1,1,2014-07-21,0417,Aqua,MODIS,92,6.2,307.3,43.2,D,0
-14.9254,133.9803,327.7,2.8,1.6,2014-07-21,0417,Aqua,MODIS,79,6.2,307.4,71.9,D,0
-13.0572,142.5489,328,1,1,2014-07-21,0417,Aqua,MODIS,81,6.2,302.5,19,D,0
-14.3825,142.6755,328.2,1,1,2014-07-21,0417,Aqua,MODIS,66,6.2,306.8,15.2,D,0
-14.358,142.6524,320.6,1,1,2014-07-21,0417,Aqua,MODIS,46,6.2,304.6,6.8,D,0
-12.9197,142.1033,323,1,1,2014-07-21,0417,Aqua,MODIS,58,6.2,302.8,12.5,D,0
-15.3234,143.5216,329.9,1.1,1,2014-07-21,0417,Aqua,MODIS,75,6.2,305.7,19.5,D,0
-12.4344,142.0267,347.3,1,1,2014-07-21,0417,Aqua,MODIS,94,6.2,305,49.6,D,0
-13.0326,142.5257,341.6,1,1,2014-07-21,0417,Aqua,MODIS,91,6.2,303,38.8,D,0
-12.9637,142.1832,322.9,1,1,2014-07-21,0417,Aqua,MODIS,57,6.2,303.5,11.3,D,0
-13.1664,142.056,316.1,1,1,2014-07-21,0417,Aqua,MODIS,39,6.2,300.3,6.3,D,0
-15.493,141.7364,334.4,1,1,2014-07-21,0417,Aqua,MODIS,84,6.2,309.4,22.6,D,0
-13.8149,133.2309,326.7,3,1.7,2014-07-21,0417,Aqua,MODIS,78,6.2,304.7,84.1,D,0
-13.8138,133.2354,328.9,3,1.7,2014-07-21,0417,Aqua,MODIS,80,6.2,304.8,97.1,D,0
-13.8117,133.2588,316.3,3,1.7,2014-07-21,0417,Aqua,MODIS,58,6.2,304.2,31.7,D,0
-13.3911,142.0934,322.1,1,1,2014-07-21,0417,Aqua,MODIS,72,6.2,306.1,10.8,D,0
-13.382,142.0921,328.8,1,1,2014-07-21,0417,Aqua,MODIS,68,6.2,305.6,16.6,D,0
-13.3834,142.0828,354.1,1,1,2014-07-21,0417,Aqua,MODIS,97,6.2,307.3,62.1,D,0
-13.3847,142.0735,351.7,1,1,2014-07-21,0417,Aqua,MODIS,96,6.2,305.2,57.7,D,0
-13.3744,142.0814,332.6,1,1,2014-07-21,0417,Aqua,MODIS,85,6.2,305.2,22.2,D,0
-13.3667,142.0708,350.4,1,1,2014-07-21,0417,Aqua,MODIS,95,6.2,305.8,55.1,D,0
-13.3757,142.0722,372.2,1,1,2014-07-21,0417,Aqua,MODIS,100,6.2,308.9,116.3,D,0
-13.2056,142.2864,328.8,1,1,2014-07-21,0417,Aqua,MODIS,80,6.2,305.2,17.6,D,0
-13.3057,142.2988,356.4,1,1,2014-07-21,0417,Aqua,MODIS,98,6.2,308.3,66.5,D,0
-13.2857,142.3084,323.2,1,1,2014-07-21,0417,Aqua,MODIS,31,6.2,304.6,10.3,D,0
-13.287,142.299,333.8,1,1,2014-07-21,0417,Aqua,MODIS,86,6.2,307.8,23,D,0
-13.2314,142.2999,332.5,1,1,2014-07-21,0417,Aqua,MODIS,59,6.2,306.5,18.2,D,0
-13.2119,142.3065,325.7,1,1,2014-07-21,0417,Aqua,MODIS,44,6.2,305.2,10.1,D,0
-13.2133,142.2971,328.5,1,1,2014-07-21,0417,Aqua,MODIS,54,6.2,306.6,14.5,D,0
-13.2042,142.2957,336.8,1,1,2014-07-21,0417,Aqua,MODIS,88,6.2,303.4,27.1,D,0
-14.0219,143.4935,314.3,1.1,1,2014-07-21,0417,Aqua,MODIS,59,6.2,302.5,8,D,0
-12.3777,141.9073,317.5,1,1,2014-07-21,0417,Aqua,MODIS,64,6.2,305.2,6.5,D,0
-12.37,141.8967,331.8,1,1,2014-07-21,0417,Aqua,MODIS,73,6.2,304.5,22.4,D,0
-12.3713,141.8875,382.9,1,1,2014-07-21,0417,Aqua,MODIS,75,6.2,310.2,158.7,D,0
-13.341,142.0573,328.4,1,1,2014-07-21,0417,Aqua,MODIS,38,6.2,303,17.5,D,0
-13.3424,142.0481,342.2,1,1,2014-07-21,0417,Aqua,MODIS,91,6.2,303.8,38.5,D,0
-13.3334,142.0467,334.3,1,1,2014-07-21,0417,Aqua,MODIS,49,6.2,303.3,25.5,D,0
-13.3221,142.0574,324,1,1,2014-07-21,0417,Aqua,MODIS,44,6.2,302.3,12.7,D,0
-13.3234,142.0481,323.8,1,1,2014-07-21,0417,Aqua,MODIS,45,6.2,301.6,12.6,D,0
-13.286,142.0518,334.1,1,1,2014-07-21,0417,Aqua,MODIS,61,6.2,307.1,23.5,D,0
-13.2874,142.0426,362.6,1,1,2014-07-21,0417,Aqua,MODIS,100,6.2,308.1,83.9,D,0
-13.277,142.0504,333.6,1,1,2014-07-21,0417,Aqua,MODIS,75,6.2,306.5,22.6,D,0
-13.2784,142.0412,370.4,1,1,2014-07-21,0417,Aqua,MODIS,100,6.2,308.5,108.3,D,0
-13.268,142.049,340,1,1,2014-07-21,0417,Aqua,MODIS,90,6.2,305.8,31.6,D,0
-13.2694,142.0398,377.7,1,1,2014-07-21,0417,Aqua,MODIS,100,6.2,309.1,135.3,D,0
-13.2218,142.055,346.5,1,1,2014-07-21,0417,Aqua,MODIS,93,6.2,306.7,44.3,D,0
-13.2231,142.0458,334.4,1,1,2014-07-21,0417,Aqua,MODIS,52,6.2,305.5,22.8,D,0
-13.2141,142.0444,329.6,1,1,2014-07-21,0417,Aqua,MODIS,44,6.2,307.2,16.6,D,0
-13.2038,142.0523,327.6,1,1,2014-07-21,0417,Aqua,MODIS,70,6.2,304.8,15.1,D,0
-13.1948,142.0509,340.6,1,1,2014-07-21,0417,Aqua,MODIS,90,6.2,305.8,35.4,D,0
-13.1961,142.0416,333.8,1,1,2014-07-21,0417,Aqua,MODIS,86,6.2,303.9,24.3,D,0
-13.2887,142.0333,326.8,1,1,2014-07-21,0417,Aqua,MODIS,60,6.2,300.7,17.4,D,0
-13.2797,142.0319,328.5,1,1,2014-07-21,0417,Aqua,MODIS,79,6.2,300.6,19.8,D,0
-13.2707,142.0305,354.9,1,1,2014-07-21,0417,Aqua,MODIS,97,6.2,303.6,66.9,D,0
-13.3771,142.0629,358.4,1,1,2014-07-21,0417,Aqua,MODIS,99,6.2,306.3,75.3,D,0
-13.368,142.0615,345.5,1,1,2014-07-21,0417,Aqua,MODIS,93,6.2,305,45.7,D,0
-13.35,142.0587,331.3,1,1,2014-07-21,0417,Aqua,MODIS,83,6.2,302.7,23,D,0
-13.3514,142.0495,320.4,1,1,2014-07-21,0417,Aqua,MODIS,63,6.2,301.4,11,D,0
-13.307,142.2895,345.9,1,1,2014-07-21,0417,Aqua,MODIS,93,6.2,308.8,42.2,D,0
-13.3098,142.2708,344.6,1,1,2014-07-21,0417,Aqua,MODIS,92,6.2,307.7,39.5,D,0
-13.298,142.2881,340.3,1,1,2014-07-21,0417,Aqua,MODIS,90,6.2,309.5,31.4,D,0
-13.3111,142.2615,348.9,1,1,2014-07-21,0417,Aqua,MODIS,95,6.2,306.1,47.8,D,0
-12.3358,141.82,314.6,1,1,2014-07-21,0417,Aqua,MODIS,61,6.2,301.4,5.7,D,0
-14.5699,132.9242,320.7,3.3,1.7,2014-07-21,0417,Aqua,MODIS,47,6.2,304.2,42.7,D,0
-14.5709,132.9506,320.8,3.3,1.7,2014-07-21,0417,Aqua,MODIS,57,6.2,305.2,46.2,D,0
-14.5589,132.9185,320,3.3,1.7,2014-07-21,0417,Aqua,MODIS,49,6.2,304.1,40.8,D,0
-14.6705,132.4208,314.6,3.6,1.8,2014-07-21,0417,Aqua,MODIS,45,6.2,304.6,34.1,D,0
-14.5969,133.1083,317.4,3.2,1.7,2014-07-21,0417,Aqua,MODIS,59,6.2,306.3,31.6,D,0
-14.4777,133.2377,317.1,3.1,1.7,2014-07-21,0417,Aqua,MODIS,62,6.2,306.4,30.5,D,0
-14.4788,133.2312,316.8,3.1,1.7,2014-07-21,0417,Aqua,MODIS,58,6.2,306,26.5,D,0
-14.8665,141.7491,325.6,1,1,2014-07-21,0417,Aqua,MODIS,75,6.2,308.8,11.4,D,0
-14.8651,141.7583,336.8,1,1,2014-07-21,0417,Aqua,MODIS,86,6.2,310.9,26.2,D,0
-13.9911,143.5712,326.3,1.1,1,2014-07-21,0417,Aqua,MODIS,79,6.2,299.9,19.5,D,0
-12.5747,141.8178,327.2,1,1,2014-07-21,0417,Aqua,MODIS,76,6.2,306.6,14.9,D,0
-12.4443,141.7012,319.9,1,1,2014-07-21,0417,Aqua,MODIS,48,6.2,302.4,9.3,D,0
-13.3676,142.1277,340.2,1,1,2014-07-21,0417,Aqua,MODIS,88,6.2,307,32.7,D,0
-13.369,142.1184,357.8,1,1,2014-07-21,0417,Aqua,MODIS,99,6.2,307.2,69.8,D,0
-13.36,142.1171,321.6,1,1,2014-07-21,0417,Aqua,MODIS,45,6.2,303,10,D,0
-13.3401,142.1899,342.1,1,1,2014-07-21,0417,Aqua,MODIS,82,6.2,305.9,34.2,D,0
-13.3455,142.1527,338.3,1,1,2014-07-21,0417,Aqua,MODIS,71,6.2,306.2,29.9,D,0
-13.3311,142.1885,333,1,1,2014-07-21,0417,Aqua,MODIS,23,6.2,305.4,19.6,D,0
-13.3324,142.1792,353.5,1,1,2014-07-21,0417,Aqua,MODIS,97,6.2,304.2,57.6,D,0
-13.3338,142.1699,342.6,1,1,2014-07-21,0417,Aqua,MODIS,77,6.2,303.5,35.7,D,0
-13.327,142.2164,337.3,1,1,2014-07-21,0417,Aqua,MODIS,81,6.2,304.6,28.2,D,0
-13.3284,142.2071,354,1,1,2014-07-21,0417,Aqua,MODIS,97,6.2,305.4,60.7,D,0
-13.3352,142.1606,341.2,1,1,2014-07-21,0417,Aqua,MODIS,76,6.2,303.6,34.9,D,0
-13.3406,142.1235,331.3,1,1,2014-07-21,0417,Aqua,MODIS,83,6.2,302.2,22.4,D,0
-13.3897,142.1027,319.9,1,1,2014-07-21,0417,Aqua,MODIS,54,6.2,305.6,8.6,D,0
-13.3767,142.1291,332.8,1,1,2014-07-21,0417,Aqua,MODIS,52,6.2,305.4,21.3,D,0
-13.3793,142.1106,351.3,1,1,2014-07-21,0417,Aqua,MODIS,96,6.2,308.2,53.6,D,0
-13.3807,142.1013,342.1,1,1,2014-07-21,0417,Aqua,MODIS,91,6.2,306,35.8,D,0
-13.3703,142.1092,332.6,1,1,2014-07-21,0417,Aqua,MODIS,55,6.2,303.4,20.3,D,0
-13.3717,142.0999,353.5,1,1,2014-07-21,0417,Aqua,MODIS,97,6.2,304.3,59.2,D,0
-13.2015,142.3144,332,1,1,2014-07-21,0417,Aqua,MODIS,68,6.2,306.1,18.2,D,0
-12.4327,141.7181,369.2,1,1,2014-07-21,0417,Aqua,MODIS,100,6.2,310,104.2,D,0
-12.434,141.709,343.5,1,1,2014-07-21,0417,Aqua,MODIS,92,6.2,308.1,39.3,D,0
-14.9005,141.8959,321.1,1,1,2014-07-21,0417,Aqua,MODIS,45,6.2,303.9,9.6,D,0
-14.9512,141.7962,323,1,1,2014-07-21,0417,Aqua,MODIS,46,6.2,309.3,6.8,D,0
-14.9498,141.8054,338.1,1,1,2014-07-21,0417,Aqua,MODIS,87,6.2,310.8,26.4,D,0
-14.9422,141.7948,336.8,1,1,2014-07-21,0417,Aqua,MODIS,86,6.2,309.6,25.6,D,0
-14.2366,143.5883,318.1,1.1,1,2014-07-21,0417,Aqua,MODIS,49,6.2,301.6,8.3,D,0
-14.9266,141.8396,331.3,1,1,2014-07-21,0417,Aqua,MODIS,69,6.2,310.2,18.4,D,0
-14.9279,141.8303,339.9,1,1,2014-07-21,0417,Aqua,MODIS,89,6.2,308.5,31.1,D,0
-14.2288,143.5768,321.8,1.1,1,2014-07-21,0417,Aqua,MODIS,66,6.2,301.1,13.8,D,0
-14.2117,143.6257,318,1.1,1,2014-07-21,0417,Aqua,MODIS,61,6.2,299.9,11.1,D,0
-12.3727,141.8783,388.1,1,1,2014-07-21,0417,Aqua,MODIS,87,6.2,311.9,183.9,D,0
-12.378,141.8414,331.1,1,1,2014-07-21,0417,Aqua,MODIS,84,6.2,302.4,23.1,D,0
-12.7835,131.4735,327.4,4,1.9,2014-07-21,0418,Aqua,MODIS,79,6.2,301,128.3,D,0
-12.0168,134.6926,319.9,2.2,1.4,2014-07-21,0418,Aqua,MODIS,69,6.2,302.5,30.7,D,0
-12.0149,134.6972,319.3,2.2,1.4,2014-07-21,0418,Aqua,MODIS,30,6.2,302.8,27.3,D,0
-12.0014,134.711,316,2.2,1.4,2014-07-21,0418,Aqua,MODIS,36,6.2,301.9,22.2,D,0
-11.5967,130.6767,322.4,4.4,1.9,2014-07-21,0418,Aqua,MODIS,75,6.2,298.7,134.6,D,0
-11.5961,130.6722,322.2,4.4,1.9,2014-07-21,0418,Aqua,MODIS,75,6.2,298.7,133.1,D,0
-11.4064,131.3733,315.3,3.9,1.8,2014-07-21,0418,Aqua,MODIS,16,6.2,299.7,50.2,D,0
-12.7878,131.4784,342.7,4,1.9,2014-07-21,0418,Aqua,MODIS,91,6.2,301.6,296.1,D,0
-12.4997,132.846,316.4,3.1,1.7,2014-07-21,0418,Aqua,MODIS,54,6.2,303.8,35.2,D,0
-12.501,132.8391,317.4,3.1,1.7,2014-07-21,0418,Aqua,MODIS,50,6.2,304.2,42,D,0
-12.209,133.523,324.6,2.7,1.6,2014-07-21,0418,Aqua,MODIS,77,6.2,304.8,59.4,D,0
-12.2912,133.887,324.9,2.6,1.5,2014-07-21,0418,Aqua,MODIS,77,6.2,304.2,56.8,D,0
-12.9574,133.8692,313.9,2.6,1.6,2014-07-21,0418,Aqua,MODIS,51,6.2,301.8,17.8,D,0
-12.8464,133.9879,314.5,2.6,1.5,2014-07-21,0418,Aqua,MODIS,58,6.2,302.8,18.6,D,0
-12.3946,134.0246,316.1,2.5,1.5,2014-07-21,0418,Aqua,MODIS,62,6.2,304.3,20.6,D,0
-12.2679,134.2068,321.9,2.4,1.5,2014-07-21,0418,Aqua,MODIS,32,6.2,305.9,36.2,D,0
-12.6272,133.9485,319,2.6,1.5,2014-07-21,0418,Aqua,MODIS,68,6.2,303.8,33.3,D,0
-12.3893,134.0697,317.3,2.5,1.5,2014-07-21,0418,Aqua,MODIS,65,6.2,303.8,27.2,D,0
-12.3875,134.017,320.3,2.5,1.5,2014-07-21,0418,Aqua,MODIS,47,6.2,304.6,32.2,D,0
-12.5305,134.4133,347.7,2.3,1.5,2014-07-21,0418,Aqua,MODIS,94,6.2,305.1,164.1,D,0
-12.4499,134.5475,327.9,2.3,1.5,2014-07-21,0418,Aqua,MODIS,59,6.2,303.3,49.1,D,0
-12.388,134.6395,328,2.2,1.5,2014-07-21,0418,Aqua,MODIS,38,6.2,303.1,53,D,0
-12.4605,134.5702,323,2.3,1.5,2014-07-21,0418,Aqua,MODIS,74,6.2,303.7,33.4,D,0
-12.4054,134.5843,323.3,2.3,1.5,2014-07-21,0418,Aqua,MODIS,45,6.2,299,40.3,D,0
-12.5204,134.499,332.9,2.3,1.5,2014-07-21,0418,Aqua,MODIS,84,6.2,304.2,74.9,D,0
-12.3694,134.5748,326.4,2.3,1.5,2014-07-21,0418,Aqua,MODIS,65,6.2,299.4,57.3,D,0
-12.1911,134.4338,318.3,2.3,1.5,2014-07-21,0418,Aqua,MODIS,68,6.2,302.4,32.6,D,0
-12.4584,134.695,331.6,2.2,1.4,2014-07-21,0418,Aqua,MODIS,83,6.2,304.4,71.4,D,0
-12.4721,134.6828,315.7,2.2,1.4,2014-07-21,0418,Aqua,MODIS,56,6.2,302.6,17.5,D,0
-12.4324,134.6917,333.1,2.2,1.4,2014-07-21,0418,Aqua,MODIS,85,6.2,305.2,73.7,D,0
-12.3355,133.9865,317.5,2.5,1.5,2014-07-21,0418,Aqua,MODIS,66,6.2,304.7,26.6,D,0
-12.3819,134.062,319.3,2.5,1.5,2014-07-21,0418,Aqua,MODIS,36,6.2,304.8,30.9,D,0
-12.0339,134.1167,318,2.4,1.5,2014-07-21,0418,Aqua,MODIS,68,6.2,302.3,31.2,D,0
-12.5972,134.7246,322.1,2.2,1.4,2014-07-21,0418,Aqua,MODIS,60,6.2,303.4,33.9,D,0
-12.5499,134.6768,315.9,2.2,1.5,2014-07-21,0418,Aqua,MODIS,31,6.2,301.6,16.5,D,0
-12.5475,134.6974,320.3,2.2,1.4,2014-07-21,0418,Aqua,MODIS,65,6.2,303.7,29.2,D,0
-12.5373,134.6909,327.3,2.2,1.4,2014-07-21,0418,Aqua,MODIS,56,6.2,303.6,48.7,D,0
-12.4479,134.673,335.8,2.2,1.4,2014-07-21,0418,Aqua,MODIS,87,6.2,303.8,86.8,D,0
-12.5212,134.4055,335.6,2.3,1.5,2014-07-21,0418,Aqua,MODIS,81,6.2,303.3,88.5,D,0
-12.4218,134.6698,344.9,2.2,1.4,2014-07-21,0418,Aqua,MODIS,92,6.2,305.6,130.9,D,0
-12.5105,134.491,332.4,2.3,1.5,2014-07-21,0418,Aqua,MODIS,84,6.2,303.3,72.1,D,0
-12.4088,134.6681,353,2.2,1.4,2014-07-21,0418,Aqua,MODIS,96,6.2,306.3,183.1,D,0
-12.4007,134.4288,316.6,2.3,1.5,2014-07-21,0418,Aqua,MODIS,52,6.2,301.1,23.4,D,0
-12.4454,134.6934,328.2,2.2,1.4,2014-07-21,0418,Aqua,MODIS,80,6.2,305,54.5,D,0
-12.4609,134.6747,329.3,2.2,1.4,2014-07-21,0418,Aqua,MODIS,81,6.2,303.1,61.9,D,0
-12.5172,134.4117,333.2,2.3,1.5,2014-07-21,0418,Aqua,MODIS,60,6.2,302.3,74.4,D,0
-12.0587,133.2594,330.5,2.8,1.6,2014-07-21,0418,Aqua,MODIS,83,6.2,305,86.3,D,0
-12.0442,133.2576,341,2.8,1.6,2014-07-21,0418,Aqua,MODIS,90,6.2,304.8,161.1,D,0
-12.5242,134.6893,320.3,2.2,1.4,2014-07-21,0418,Aqua,MODIS,61,6.2,302.8,29,D,0
-12.5217,134.7096,323.4,2.2,1.4,2014-07-21,0418,Aqua,MODIS,75,6.2,305.6,38.7,D,0
-12.3854,134.66,322.7,2.2,1.4,2014-07-21,0418,Aqua,MODIS,18,6.2,303.1,36.8,D,0
-12.1608,134.2333,321.7,2.4,1.5,2014-07-21,0418,Aqua,MODIS,40,6.2,304.5,40.5,D,0
-12.0472,133.2316,321.9,2.9,1.6,2014-07-21,0418,Aqua,MODIS,71,6.2,303.9,45,D,0
-12.1474,134.2318,342.4,2.4,1.5,2014-07-21,0418,Aqua,MODIS,91,6.2,303.8,139.6,D,0
-12.422,134.4746,319.7,2.3,1.5,2014-07-21,0418,Aqua,MODIS,13,6.2,301.3,28.9,D,0
-12.4311,134.4809,319.6,2.3,1.5,2014-07-21,0418,Aqua,MODIS,20,6.2,302,26.3,D,0
-12.455,134.5054,330.4,2.3,1.5,2014-07-21,0418,Aqua,MODIS,66,6.2,303,59,D,0
-12.128,134.3111,319.7,2.4,1.5,2014-07-21,0418,Aqua,MODIS,71,6.2,303.1,36.7,D,0
-12.1118,134.2206,319.4,2.4,1.5,2014-07-21,0418,Aqua,MODIS,63,6.2,302.2,33,D,0
-12.1522,134.2254,342,2.4,1.5,2014-07-21,0418,Aqua,MODIS,91,6.2,304,138.2,D,0
-12.5996,134.7041,317.6,2.2,1.4,2014-07-21,0418,Aqua,MODIS,24,6.2,302.3,22.2,D,0
-12.6127,134.7058,322.8,2.2,1.4,2014-07-21,0418,Aqua,MODIS,44,6.2,302.5,36.6,D,0
-12.6102,134.7262,341.3,2.2,1.4,2014-07-21,0418,Aqua,MODIS,90,6.2,305.3,115.2,D,0
-12.5606,134.6991,326.8,2.2,1.4,2014-07-21,0418,Aqua,MODIS,79,6.2,303.7,50.8,D,0
-12.5633,134.6943,323.3,2.2,1.4,2014-07-21,0418,Aqua,MODIS,75,6.2,303.2,40.3,D,0
-12.5503,134.6926,328.7,2.2,1.4,2014-07-21,0418,Aqua,MODIS,61,6.2,303.7,54.8,D,0
-12.8045,131.4803,320.7,4,1.9,2014-07-21,0418,Aqua,MODIS,70,6.2,301.2,74.5,D,0
-12.1091,134.2427,317.4,2.4,1.5,2014-07-21,0418,Aqua,MODIS,64,6.2,302.4,27.2,D,0
-12.6232,134.7278,327.9,2.2,1.4,2014-07-21,0418,Aqua,MODIS,54,6.2,304,51.2,D,0
-12.1494,134.2477,323.2,2.4,1.5,2014-07-21,0418,Aqua,MODIS,76,6.2,303.4,46,D,0
-12.1937,134.4128,316,2.3,1.5,2014-07-21,0418,Aqua,MODIS,64,6.2,302.4,25.2,D,0
-12.5229,134.4777,350.3,2.3,1.5,2014-07-21,0418,Aqua,MODIS,95,6.2,305.3,176.5,D,0
-12.4523,133.9434,315.5,2.5,1.5,2014-07-21,0418,Aqua,MODIS,54,6.2,303.6,20.4,D,0
-12.4348,134.6714,347.3,2.2,1.4,2014-07-21,0418,Aqua,MODIS,94,6.2,305.2,148,D,0
-12.4112,134.6477,354.7,2.2,1.5,2014-07-21,0418,Aqua,MODIS,97,6.2,305,195.3,D,0
-13.2606,130.7645,314.6,4.6,2,2014-07-21,0418,Aqua,MODIS,49,6.2,303,48.9,D,0
-11.9521,132.8805,313.1,3,1.7,2014-07-21,0418,Aqua,MODIS,38,6.2,298.5,25.3,D,0
-12.4373,134.651,326.2,2.2,1.5,2014-07-21,0418,Aqua,MODIS,40,6.2,302.5,43.7,D,0
-12.2773,133.8855,330.8,2.6,1.5,2014-07-21,0418,Aqua,MODIS,83,6.2,305.3,79.2,D,0
-12.4398,134.6305,325.1,2.3,1.5,2014-07-21,0418,Aqua,MODIS,76,6.2,302.2,43.6,D,0
-12.4242,134.6495,338.5,2.2,1.5,2014-07-21,0418,Aqua,MODIS,87,6.2,302.7,94.1,D,0
-12.2799,133.8624,328.3,2.6,1.5,2014-07-21,0418,Aqua,MODIS,81,6.2,303.5,66.8,D,0
-12.2858,133.8816,327.1,2.6,1.5,2014-07-21,0418,Aqua,MODIS,80,6.2,304.6,64.1,D,0
-11.3562,132.3015,310.2,3.3,1.7,2014-07-21,0418,Aqua,MODIS,20,6.2,291.9,28.1,D,0
-12.2719,133.88,331.7,2.6,1.5,2014-07-21,0418,Aqua,MODIS,84,6.2,305.1,85.2,D,0
-12.2304,133.8749,324.4,2.6,1.5,2014-07-21,0418,Aqua,MODIS,77,6.2,306.3,46.6,D,0
-12.2747,133.8566,318.7,2.6,1.5,2014-07-21,0418,Aqua,MODIS,69,6.2,302.7,27.7,D,0
-13.2606,130.757,314.7,4.6,2,2014-07-21,0418,Aqua,MODIS,49,6.2,303.1,49.2,D,0
-33.7198,122.3531,302.2,1,1,2014-07-21,0550,Aqua,MODIS,51,6.2,290.5,4.4,D,0
-34.5558,118.6375,305.9,1.2,1.1,2014-07-21,0550,Aqua,MODIS,62,6.2,288.9,9.7,D,0
-34.5574,118.6242,317.7,1.2,1.1,2014-07-21,0550,Aqua,MODIS,78,6.2,289.9,21.4,D,0
-27.1021,122.2773,309.6,1.1,1.1,2014-07-21,0552,Aqua,MODIS,56,6.2,298,5.8,D,0
-21.8377,116.4013,345.7,1.1,1.1,2014-07-21,0554,Aqua,MODIS,92,6.2,301.9,52.1,D,0
-21.8282,116.3999,326.8,1.1,1.1,2014-07-21,0554,Aqua,MODIS,77,6.2,303.5,18.5,D,0
-21.8691,116.4116,319.5,1.1,1.1,2014-07-21,0554,Aqua,MODIS,67,6.2,301.2,9.7,D,0
-20.7388,139.4768,304.6,1.4,1.2,2014-07-21,1340,Terra,MODIS,61,6.2,284.9,13.8,N,2
-15.9982,135.4952,305.1,1,1,2014-07-21,1341,Terra,MODIS,63,6.2,289.7,7.6,N,0
-19.5836,132.1026,346,1.3,1.1,2014-07-21,1341,Terra,MODIS,100,6.2,286.5,78.7,N,0
-19.585,132.0907,377.2,1.3,1.1,2014-07-21,1341,Terra,MODIS,100,6.2,290.8,201.6,N,0
-19.5936,132.104,326.1,1.3,1.1,2014-07-21,1341,Terra,MODIS,100,6.2,284.4,37.1,N,0
-16.716,136.8383,305.9,1.1,1.1,2014-07-21,1341,Terra,MODIS,66,6.2,287.9,9.7,N,0
-16.7666,136.8252,305,1.1,1.1,2014-07-21,1341,Terra,MODIS,63,6.2,289.3,9.2,N,0
-16.7176,136.8277,300.6,1.1,1.1,2014-07-21,1341,Terra,MODIS,30,6.2,288.3,6.2,N,0
-16.7192,136.8173,300,1.1,1.1,2014-07-21,1341,Terra,MODIS,12,6.2,287.6,5.6,N,0
-15.7587,129.3905,304.1,1.7,1.3,2014-07-21,1342,Terra,MODIS,58,6.2,291.3,13.3,N,0
-12.4862,133.8947,303.8,1,1,2014-07-21,1342,Terra,MODIS,57,6.2,292.3,5.1,N,0
-14.2072,142.8207,307.3,3.2,1.7,2014-07-21,1342,Terra,MODIS,71,6.2,289.1,49.3,N,0
-14.4006,142.6038,300,3.1,1.7,2014-07-21,1342,Terra,MODIS,9,6.2,289.2,22.9,N,0
-14.2106,142.8161,308.5,3.2,1.7,2014-07-21,1342,Terra,MODIS,75,6.2,289.1,54.1,N,0
-12.5996,133.9366,302.7,1,1,2014-07-21,1342,Terra,MODIS,51,6.2,285.4,5.3,N,0
-14.9383,133.9829,302.2,1,1,2014-07-21,1342,Terra,MODIS,34,6.2,290.2,4.7,N,0
-12.3633,134.679,305,1,1,2014-07-21,1342,Terra,MODIS,62,6.2,292.8,5.6,N,0
-14.9473,133.9843,305.8,1,1,2014-07-21,1342,Terra,MODIS,66,6.2,291.5,7,N,0
-12.9284,131.1526,303.4,1.2,1.1,2014-07-21,1342,Terra,MODIS,52,6.2,291.3,6.5,N,0
-12.3542,134.6776,303.3,1,1,2014-07-21,1342,Terra,MODIS,40,6.2,292.7,4.4,N,0
-14.3969,142.6267,300.3,3.1,1.7,2014-07-21,1342,Terra,MODIS,24,6.2,289.4,26,N,0
-12.4497,134.7176,304.5,1,1,2014-07-21,1342,Terra,MODIS,60,6.2,293.2,5.2,N,0
-12.6636,134.2589,303.6,1,1,2014-07-21,1342,Terra,MODIS,56,6.2,293.1,4.5,N,0
-12.5983,133.9457,308,1,1,2014-07-21,1342,Terra,MODIS,73,6.2,287.1,8.7,N,0
-12.401,134.4842,311.4,1,1,2014-07-21,1342,Terra,MODIS,82,6.2,290.5,10.9,N,0
-12.3997,134.4935,302.3,1,1,2014-07-21,1342,Terra,MODIS,48,6.2,291.2,4.7,N,0
-12.9202,131.1403,303,1.2,1.1,2014-07-21,1342,Terra,MODIS,49,6.2,291.2,6.5,N,0
-12.4087,134.4949,313.1,1,1,2014-07-21,1342,Terra,MODIS,86,6.2,292.2,11.9,N,0
-15.554,129.4764,309.4,1.6,1.3,2014-07-21,1342,Terra,MODIS,77,6.2,294.3,19,N,0
-13.27,131.0288,323.9,1.2,1.1,2014-07-21,1342,Terra,MODIS,100,6.2,294.2,28.1,N,0
-13.2685,131.0399,315.3,1.2,1.1,2014-07-21,1342,Terra,MODIS,91,6.2,293.8,17.3,N,0
-13.5596,132.0647,304.6,1.1,1,2014-07-21,1342,Terra,MODIS,39,6.2,289.1,7.1,N,0
-13.2572,131.0496,316.5,1.2,1.1,2014-07-21,1342,Terra,MODIS,93,6.2,293.9,18.2,N,0
-13.5423,132.052,301.7,1.1,1,2014-07-21,1342,Terra,MODIS,28,6.2,287.9,5.7,N,0
-13.2587,131.0385,306,1.2,1.1,2014-07-21,1342,Terra,MODIS,20,6.2,293.6,7.9,N,0
-13.5409,132.062,303.7,1.1,1,2014-07-21,1342,Terra,MODIS,51,6.2,287.9,6.9,N,0
-13.2671,131.0509,304.7,1.2,1.1,2014-07-21,1342,Terra,MODIS,54,6.2,291.8,7.3,N,0
-13.5503,132.0634,314.5,1.1,1,2014-07-21,1342,Terra,MODIS,84,6.2,289.6,14.8,N,0
-12.01,134.7056,317.1,1,1,2014-07-21,1343,Terra,MODIS,94,6.2,292.8,15.6,N,0
-12.0113,134.6962,313.7,1,1,2014-07-21,1343,Terra,MODIS,88,6.2,292.1,12.7,N,0
-11.4082,130.5503,310.7,1.2,1.1,2014-07-21,1343,Terra,MODIS,72,6.2,292.2,12.7,N,0
-27.935,148.8327,301.1,1.2,1.1,2014-07-21,1511,Aqua,MODIS,38,6.2,276.8,11.3,N,0
-25.4728,152.3518,300.5,1,1,2014-07-21,1511,Aqua,MODIS,30,6.2,283.8,6.6,N,0
-31.0547,148.4055,308.8,1.1,1.1,2014-07-21,1512,Aqua,MODIS,75,6.2,278.9,15.3,N,0
-31.0605,148.4106,313.7,1.1,1.1,2014-07-21,1512,Aqua,MODIS,88,6.2,279.3,20.1,N,0
-11.3491,130.3276,301.7,1,1,2014-07-21,1646,Aqua,MODIS,35,6.2,286.2,5.6,N,0
-11.4008,130.5529,306.3,1,1,2014-07-21,1646,Aqua,MODIS,67,6.2,281.5,8.7,N,0
-14.1981,130.3523,301,1,1,2014-07-21,1646,Aqua,MODIS,37,6.2,290.7,4.8,N,0
-12.1711,131.0974,307.2,1,1,2014-07-21,1646,Aqua,MODIS,71,6.2,291.4,7.7,N,0
-14.7929,129.8314,310.7,1,1,2014-07-21,1646,Aqua,MODIS,81,6.2,292.3,10.3,N,0
-14.8005,129.8208,302,1,1,2014-07-21,1646,Aqua,MODIS,46,6.2,291.4,5.2,N,0
-15.7587,129.3864,304.3,1,1,2014-07-21,1647,Aqua,MODIS,60,6.2,291.6,6.5,N,0
-15.7601,129.3957,313.8,1,1,2014-07-21,1647,Aqua,MODIS,88,6.2,291.7,13.3,N,0
-19.61,132.1705,318.5,1.3,1.1,2014-07-21,1648,Aqua,MODIS,97,6.2,287.8,26.7,N,0
-19.6115,132.1825,301.5,1.3,1.1,2014-07-21,1648,Aqua,MODIS,42,6.2,284.5,9.9,N,0
-19.6084,132.1586,325.6,1.3,1.1,2014-07-21,1648,Aqua,MODIS,100,6.2,287.8,36.4,N,0
-12.9823,142.3991,320.1,1.7,1.3,2014-07-22,0032,Terra,MODIS,77,6.2,300.1,25.2,D,0
-12.6379,142.3471,312.7,1.8,1.3,2014-07-22,0032,Terra,MODIS,62,6.2,297.4,13.9,D,0
-12.9143,142.5451,333.2,1.7,1.3,2014-07-22,0032,Terra,MODIS,87,6.2,293.5,59,D,0
-12.9194,142.5758,317.4,1.7,1.3,2014-07-22,0032,Terra,MODIS,71,6.2,292.9,22.9,D,0
-12.9219,142.5911,320.5,1.7,1.3,2014-07-22,0032,Terra,MODIS,65,6.2,295.1,28.9,D,0
-12.9169,142.5605,318.2,1.7,1.3,2014-07-22,0032,Terra,MODIS,56,6.2,291.5,22.9,D,0
-12.9797,142.3286,315.1,1.7,1.3,2014-07-22,0032,Terra,MODIS,40,6.2,299.9,15.5,D,0
-12.9809,142.3179,318.6,1.7,1.3,2014-07-22,0032,Terra,MODIS,58,6.2,299.2,19.1,D,0
-14.1965,142.9094,321.8,1.5,1.2,2014-07-22,0033,Terra,MODIS,78,6.2,299.8,26.6,D,0
-14.2198,142.8481,311.3,1.5,1.2,2014-07-22,0033,Terra,MODIS,44,6.2,300.6,7.9,D,0
-15.1823,143.2868,317.1,1.4,1.2,2014-07-22,0033,Terra,MODIS,40,6.2,299.8,13.7,D,0
-17.3905,145.3751,315.7,1,1,2014-07-22,0033,Terra,MODIS,72,6.2,294.6,13,D,0
-15.2466,143.2886,317,1.4,1.2,2014-07-22,0033,Terra,MODIS,65,6.2,300,12.8,D,0
-16.1467,144.3695,312.1,1.2,1.1,2014-07-22,0033,Terra,MODIS,65,6.2,299.3,8.1,D,0
-16.6779,144.9399,320.5,1.1,1,2014-07-22,0033,Terra,MODIS,76,6.2,300.3,14.1,D,0
-16.6294,145.0981,318.9,1.1,1,2014-07-22,0033,Terra,MODIS,70,6.2,300.3,12,D,0
-16.9,145.8439,305,1,1,2014-07-22,0033,Terra,MODIS,19,6.2,293.6,4.5,D,0
-14.2577,143.6412,309.3,1.3,1.1,2014-07-22,0033,Terra,MODIS,51,6.2,297.3,7.1,D,0
-16.5939,145.2352,314.5,1.1,1,2014-07-22,0033,Terra,MODIS,60,6.2,296.4,12.7,D,0
-14.3892,142.69,314.8,1.5,1.2,2014-07-22,0033,Terra,MODIS,68,6.2,299.7,13.8,D,0
-16.6439,144.9664,323.9,1.1,1,2014-07-22,0033,Terra,MODIS,29,6.2,298.9,16.1,D,0
-16.6309,145.0468,307.9,1.1,1,2014-07-22,0033,Terra,MODIS,43,6.2,297.7,4.3,D,0
-14.1988,142.9231,326.5,1.5,1.2,2014-07-22,0033,Terra,MODIS,82,6.2,301.1,35.6,D,0
-16.6763,144.9298,311.4,1.1,1,2014-07-22,0033,Terra,MODIS,49,6.2,300.6,5.7,D,0
-15.2445,143.276,313.8,1.4,1.2,2014-07-22,0033,Terra,MODIS,49,6.2,301.1,7.9,D,0
-16.6325,145.0568,324.6,1.1,1,2014-07-22,0033,Terra,MODIS,80,6.2,298.8,19.9,D,0
-14.2903,142.9852,309.2,1.5,1.2,2014-07-22,0033,Terra,MODIS,43,6.2,298.1,8.3,D,0
-14.3311,143.2924,312.7,1.4,1.2,2014-07-22,0033,Terra,MODIS,65,6.2,297.7,11.7,D,0
-14.1833,142.8976,339.9,1.5,1.2,2014-07-22,0033,Terra,MODIS,91,6.2,299.1,69.7,D,0
-14.1857,142.9113,342.4,1.5,1.2,2014-07-22,0033,Terra,MODIS,92,6.2,301.8,77,D,0
-16.0502,144.0146,309.7,1.2,1.1,2014-07-22,0033,Terra,MODIS,58,6.2,299.1,6.7,D,0
-14.1814,142.9038,344.9,1.5,1.2,2014-07-22,0033,Terra,MODIS,93,6.2,301.1,86.4,D,0
-14.3307,143.2255,319.1,1.4,1.2,2014-07-22,0033,Terra,MODIS,67,6.2,298.5,18.9,D,0
-16.3318,144.2485,313.5,1.2,1.1,2014-07-22,0033,Terra,MODIS,25,6.2,298,8.3,D,0
-16.3335,144.2594,319.3,1.2,1.1,2014-07-22,0033,Terra,MODIS,71,6.2,299.6,14.8,D,0
-16.3355,144.2523,321.9,1.2,1.1,2014-07-22,0033,Terra,MODIS,77,6.2,298.5,19.5,D,0
-14.3413,143.2237,318.7,1.4,1.2,2014-07-22,0033,Terra,MODIS,74,6.2,298.5,18.8,D,0
-14.2145,143.636,307.1,1.3,1.1,2014-07-22,0033,Terra,MODIS,37,6.2,296.6,5.4,D,0
-14.3391,143.2106,312.6,1.4,1.2,2014-07-22,0033,Terra,MODIS,34,6.2,298,10.2,D,0
-14.1886,142.7957,313.9,1.5,1.2,2014-07-22,0033,Terra,MODIS,68,6.2,299.7,13.2,D,0
-24.7931,146.9702,326.1,1.1,1,2014-07-22,0035,Terra,MODIS,83,6.2,295.7,23.8,D,0
-23.4777,147.718,322.8,1.2,1.1,2014-07-22,0035,Terra,MODIS,78,6.2,298.4,20.2,D,0
-23.4791,147.7293,310.6,1.2,1.1,2014-07-22,0035,Terra,MODIS,59,6.2,297.8,6.9,D,0
-24.8265,146.9317,324.3,1.1,1,2014-07-22,0035,Terra,MODIS,81,6.2,292.1,22.1,D,0
-24.8279,146.9425,317.6,1.1,1,2014-07-22,0035,Terra,MODIS,62,6.2,292.2,14.3,D,0
-24.817,146.9331,326.6,1.1,1,2014-07-22,0035,Terra,MODIS,65,6.2,297.4,23.1,D,0
-24.7062,149.2832,310.8,1.5,1.2,2014-07-22,0035,Terra,MODIS,65,6.2,296.6,10.3,D,0
-28.2027,148.8871,337,1.5,1.2,2014-07-22,0036,Terra,MODIS,90,6.2,296.1,67.4,D,0
-28.2722,148.7927,306.1,1.5,1.2,2014-07-22,0036,Terra,MODIS,58,6.2,295.5,6.3,D,0
-28.1134,148.7019,318.1,1.5,1.2,2014-07-22,0036,Terra,MODIS,77,6.2,296.8,22.6,D,0
-28.1151,148.7171,310.1,1.5,1.2,2014-07-22,0036,Terra,MODIS,67,6.2,294.8,11,D,0
-28.201,148.8714,313.1,1.5,1.2,2014-07-22,0036,Terra,MODIS,72,6.2,296.9,16.3,D,0
-26.135,148.5682,318.9,1.4,1.2,2014-07-22,0036,Terra,MODIS,65,6.2,299.2,17.1,D,0
-26.1367,148.5822,357.6,1.4,1.2,2014-07-22,0036,Terra,MODIS,99,6.2,302,120,D,0
-26.131,148.5762,333.2,1.4,1.2,2014-07-22,0036,Terra,MODIS,87,6.2,300.6,44.3,D,0
-26.1415,148.5748,331.9,1.4,1.2,2014-07-22,0036,Terra,MODIS,87,6.2,299.3,40.6,D,0
-26.1431,148.5887,327.9,1.4,1.2,2014-07-22,0036,Terra,MODIS,79,6.2,300.6,32.7,D,0
-26.1326,148.5902,322.8,1.4,1.2,2014-07-22,0036,Terra,MODIS,80,6.2,300.6,24.1,D,0
-26.8297,147.8698,314.5,1.3,1.1,2014-07-22,0036,Terra,MODIS,73,6.2,294.8,14.2,D,0
-26.8313,147.8827,310.6,1.3,1.1,2014-07-22,0036,Terra,MODIS,67,6.2,293.8,9.9,D,0
-28.2526,146.0311,307.4,1.1,1,2014-07-22,0036,Terra,MODIS,60,6.2,294.1,5.2,D,0
-28.2432,146.0327,306.4,1.1,1,2014-07-22,0036,Terra,MODIS,58,6.2,294.3,4.6,D,0
-28.9041,149.3871,315.3,1.7,1.3,2014-07-22,0036,Terra,MODIS,75,6.2,295.7,23.7,D,0
-28.9023,149.3697,312.3,1.7,1.3,2014-07-22,0036,Terra,MODIS,72,6.2,295.1,18.5,D,0
-30.4876,148.2515,307.3,1.5,1.2,2014-07-22,0037,Terra,MODIS,65,6.2,294.3,9.4,D,0
-30.2162,149.4396,302.9,1.8,1.3,2014-07-22,0037,Terra,MODIS,54,6.2,291.2,8.9,D,0
-30.0381,150.1245,302.4,2,1.4,2014-07-22,0037,Terra,MODIS,51,6.2,286.5,14.1,D,0
-32.9228,150.7674,301.8,2.3,1.5,2014-07-22,0037,Terra,MODIS,39,6.2,283.4,19.6,D,0
-30.4893,148.2672,305.6,1.5,1.2,2014-07-22,0037,Terra,MODIS,62,6.2,293.9,7.3,D,0
-30.5099,152.8838,385,3.1,1.7,2014-07-22,0037,Terra,MODIS,87,6.2,286.1,886.7,D,0
-30.525,152.8823,306.4,3.1,1.7,2014-07-22,0037,Terra,MODIS,47,6.2,279.8,41.4,D,0
-30.5074,152.8767,370.5,3.1,1.7,2014-07-22,0037,Terra,MODIS,100,6.2,285.4,593.9,D,0
-30.5226,152.8751,305.5,3.1,1.7,2014-07-22,0037,Terra,MODIS,32,6.2,281,36,D,0
-30.5124,152.9166,327.3,3.1,1.7,2014-07-22,0037,Terra,MODIS,0,6.2,279.3,122.8,D,0
-30.5275,152.9146,308.9,3.1,1.7,2014-07-22,0037,Terra,MODIS,0,6.2,277,47.2,D,0
-30.5097,152.9096,345,3.1,1.7,2014-07-22,0037,Terra,MODIS,71,6.2,280.8,257.8,D,0
-30.5248,152.9077,313.2,3.1,1.7,2014-07-22,0037,Terra,MODIS,0,6.2,277.6,62.6,D,0
-31.0055,148.1157,304.1,1.5,1.2,2014-07-22,0037,Terra,MODIS,56,6.2,291.7,7.9,D,0
-31.0068,148.1089,303,1.5,1.2,2014-07-22,0037,Terra,MODIS,54,6.2,291.3,7.3,D,0
-32.5802,146.7554,300.9,1.3,1.1,2014-07-22,0037,Terra,MODIS,43,6.2,286.9,7.1,D,0
-34.0855,140.8689,304.5,1,1,2014-07-22,0038,Terra,MODIS,59,6.2,285.5,8,D,0
-12.1789,131.0943,316.5,2.9,1.6,2014-07-22,0210,Terra,MODIS,51,6.2,300.5,43.4,D,0
-11.4034,131.4335,315.3,3,1.7,2014-07-22,0210,Terra,MODIS,51,6.2,299.7,37.5,D,0
-11.4026,131.428,314.6,3,1.7,2014-07-22,0210,Terra,MODIS,42,6.2,300.1,33.2,D,0
-11.5049,130.8996,315.7,2.8,1.6,2014-07-22,0210,Terra,MODIS,59,6.2,301.8,32.1,D,0
-11.331,131.3375,311,3,1.6,2014-07-22,0210,Terra,MODIS,45,6.2,300.7,27.2,D,0
-11.4042,130.5398,317.7,2.6,1.5,2014-07-22,0210,Terra,MODIS,64,6.2,298.6,46,D,0
-11.3989,130.5474,321.5,2.6,1.5,2014-07-22,0210,Terra,MODIS,56,6.2,299.1,57.9,D,0
-11.3519,130.3348,321.6,2.5,1.5,2014-07-22,0210,Terra,MODIS,39,6.2,298.7,52,D,0
-11.407,130.5636,317.6,2.6,1.6,2014-07-22,0210,Terra,MODIS,51,6.2,298,46.4,D,0
-11.3424,130.3198,316.9,2.5,1.5,2014-07-22,0210,Terra,MODIS,0,6.2,298,37.1,D,0
-13.5517,132.06,319.5,3.7,1.8,2014-07-22,0211,Terra,MODIS,30,6.2,303.9,51,D,0
-13.5601,132.0656,320.7,3.7,1.8,2014-07-22,0211,Terra,MODIS,72,6.2,304.6,61.8,D,0
-12.1794,131.0874,316.6,2.9,1.6,2014-07-22,0211,Terra,MODIS,44,6.2,300.8,44.1,D,0
-13.544,132.0675,320,3.7,1.8,2014-07-22,0211,Terra,MODIS,66,6.2,303.9,57.4,D,0
-13.5678,132.058,319.8,3.7,1.8,2014-07-22,0211,Terra,MODIS,50,6.2,305,55.9,D,0
-12.7955,131.4627,319.6,3.2,1.7,2014-07-22,0211,Terra,MODIS,75,6.2,303.5,53.6,D,0
-12.7986,131.4692,322.1,3.2,1.7,2014-07-22,0211,Terra,MODIS,53,6.2,303.2,64.3,D,0
-14.2055,130.3428,310.3,2.8,1.6,2014-07-22,0211,Terra,MODIS,12,6.2,292.4,18.4,D,0
-16.0973,128.8128,314.8,2.2,1.4,2014-07-22,0212,Terra,MODIS,42,6.2,304.4,18.4,D,0
-19.632,132.1427,316.7,4.4,1.9,2014-07-22,0212,Terra,MODIS,35,6.2,298.7,74.3,D,0
-19.6183,132.1864,326.6,4.5,1.9,2014-07-22,0212,Terra,MODIS,76,6.2,301.7,153.1,D,0
-19.6188,132.1812,328.7,4.5,1.9,2014-07-22,0212,Terra,MODIS,82,6.2,302,183.9,D,0
-15.7085,129.4702,315.9,2.5,1.5,2014-07-22,0212,Terra,MODIS,26,6.2,305.1,20.3,D,0
-15.7566,129.4592,325.1,2.5,1.5,2014-07-22,0212,Terra,MODIS,75,6.2,305.1,52.7,D,0
-15.7677,129.4348,351.3,2.5,1.5,2014-07-22,0212,Terra,MODIS,96,6.2,306.5,206.6,D,0
-15.7651,129.4121,323.4,2.5,1.5,2014-07-22,0212,Terra,MODIS,45,6.2,305,42.9,D,0
-18.2451,130.299,326.3,3.1,1.7,2014-07-22,0212,Terra,MODIS,69,6.2,302.5,86.3,D,0
-16.7111,128.0555,317.6,2,1.4,2014-07-22,0212,Terra,MODIS,66,6.2,304.2,24.4,D,0
-18.2471,130.3056,318.9,3.1,1.7,2014-07-22,0212,Terra,MODIS,45,6.2,301.7,48.2,D,0
-18.232,130.3073,322.6,3.1,1.7,2014-07-22,0212,Terra,MODIS,66,6.2,304.5,63.6,D,0
-16.7134,128.0747,316.3,2,1.4,2014-07-22,0212,Terra,MODIS,63,6.2,303.9,21.1,D,0
-19.6327,132.1375,312.9,4.4,1.9,2014-07-22,0213,Terra,MODIS,44,6.2,298.4,55.1,D,0
-19.6364,132.1798,311.2,4.5,1.9,2014-07-22,0213,Terra,MODIS,24,6.2,298.6,45.5,D,0
-21.278,116.0211,310.4,1.6,1.2,2014-07-22,0214,Terra,MODIS,64,6.2,299.2,8.6,D,0
-35.0399,150.809,324.5,3,1.6,2014-07-22,0316,Aqua,MODIS,0,6.2,286.6,117.8,D,0
-28.6079,153.0223,306.9,1.8,1.3,2014-07-22,0317,Aqua,MODIS,44,6.2,289.1,15.4,D,0
-28.971,149.1798,314.4,3.3,1.7,2014-07-22,0317,Aqua,MODIS,74,6.2,300.2,42.5,D,0
-28.8941,149.3771,312.2,3.2,1.7,2014-07-22,0317,Aqua,MODIS,71,6.2,297.8,36,D,0
-28.9095,149.3786,314.3,3.2,1.7,2014-07-22,0317,Aqua,MODIS,74,6.2,298.7,46.6,D,0
-28.9629,149.2185,320.3,3.3,1.7,2014-07-22,0317,Aqua,MODIS,79,6.2,298.9,66.1,D,0
-28.9653,149.1842,319.7,3.3,1.7,2014-07-22,0317,Aqua,MODIS,72,6.2,299.7,63.5,D,0
-28.9685,149.2141,320.8,3.3,1.7,2014-07-22,0317,Aqua,MODIS,80,6.2,299.4,74.4,D,0
-28.3399,149.9831,309.7,2.9,1.6,2014-07-22,0318,Aqua,MODIS,59,6.2,296.7,30.3,D,0
-28.8975,149.3704,323.6,3.2,1.7,2014-07-22,0318,Aqua,MODIS,82,6.2,298.6,91.4,D,0
-28.2018,148.8823,314.4,3.4,1.7,2014-07-22,0318,Aqua,MODIS,72,6.2,297.8,53.2,D,0
-26.1414,148.569,319.3,3.4,1.7,2014-07-22,0318,Aqua,MODIS,76,6.2,302.6,64.4,D,0
-26.1481,148.5653,316.2,3.4,1.7,2014-07-22,0318,Aqua,MODIS,72,6.2,302.3,51.1,D,0
-25.2446,152.5985,310.8,1.7,1.3,2014-07-22,0318,Aqua,MODIS,63,6.2,294.8,15.5,D,0
-25.913,153.067,303.4,1.6,1.3,2014-07-22,0318,Aqua,MODIS,34,6.2,291.8,8.7,D,0
-25.9111,153.0835,302.6,1.6,1.3,2014-07-22,0318,Aqua,MODIS,0,6.2,292,7.7,D,0
-25.8998,153.0818,334.3,1.6,1.3,2014-07-22,0318,Aqua,MODIS,0,6.2,290.9,68.8,D,0
-25.2491,152.5937,306.5,1.7,1.3,2014-07-22,0318,Aqua,MODIS,55,6.2,294.2,9.9,D,0
-26.3778,151.8734,319.1,2,1.4,2014-07-22,0318,Aqua,MODIS,76,6.2,294,36.8,D,0
-34.0741,139.7467,327.6,1.3,1.1,2014-07-22,0454,Aqua,MODIS,85,6.2,293.3,36.5,D,0
-32.5789,146.7398,301,3.8,1.8,2014-07-22,0454,Aqua,MODIS,43,6.2,286.6,32.2,D,0
-34.0716,139.7608,319.4,1.3,1.1,2014-07-22,0454,Aqua,MODIS,79,6.2,292.7,23.8,D,0
-19.7481,132.6472,371.4,1,1,2014-07-22,0459,Aqua,MODIS,100,6.2,313.7,108.9,D,0
-19.1838,132.7324,327,1,1,2014-07-22,0459,Aqua,MODIS,74,6.2,308.8,13.5,D,0
-19.1824,132.742,330.6,1,1,2014-07-22,0459,Aqua,MODIS,79,6.2,310.9,17.9,D,0
-19.181,132.7516,331.2,1,1,2014-07-22,0459,Aqua,MODIS,50,6.2,312.9,16.6,D,0
-19.1767,132.7804,337,1,1,2014-07-22,0459,Aqua,MODIS,84,6.2,312.7,24.2,D,0
-19.2064,132.6339,319.5,1,1,2014-07-22,0459,Aqua,MODIS,53,6.2,307.9,7.5,D,0
-19.1923,132.7297,352.3,1,1,2014-07-22,0459,Aqua,MODIS,91,6.2,310,54,D,0
-19.188,132.7585,373.1,1,1,2014-07-22,0459,Aqua,MODIS,100,6.2,319.1,113.3,D,0
-19.1866,132.7681,354,1,1,2014-07-22,0459,Aqua,MODIS,90,6.2,313.5,56.8,D,0
-19.2154,132.6354,321,1,1,2014-07-22,0459,Aqua,MODIS,59,6.2,306.6,9.2,D,0
-19.2027,132.7216,334.8,1,1,2014-07-22,0459,Aqua,MODIS,53,6.2,309.1,24.4,D,0
-19.1985,132.7504,365.2,1,1,2014-07-22,0459,Aqua,MODIS,97,6.2,310.7,87.8,D,0
-19.197,132.7599,389,1,1,2014-07-22,0459,Aqua,MODIS,100,6.2,311.7,182.4,D,0
-19.2117,132.7231,328.2,1,1,2014-07-22,0459,Aqua,MODIS,51,6.2,306.4,17,D,0
-19.744,132.6759,331.9,1,1,2014-07-22,0459,Aqua,MODIS,76,6.2,307.2,17.9,D,0
-19.7468,132.6568,334.1,1,1,2014-07-22,0459,Aqua,MODIS,83,6.2,308.4,21,D,0
-19.7495,132.6376,340.7,1,1,2014-07-22,0459,Aqua,MODIS,88,6.2,309.5,33.3,D,0
-19.7336,132.684,339.9,1,1,2014-07-22,0459,Aqua,MODIS,88,6.2,310,29.9,D,0
-19.735,132.6744,337,1,1,2014-07-22,0459,Aqua,MODIS,85,6.2,311.1,25.5,D,0
-19.7363,132.6649,329.9,1,1,2014-07-22,0459,Aqua,MODIS,78,6.2,310.2,15.5,D,0
-19.728,132.7223,322.9,1,1,2014-07-22,0459,Aqua,MODIS,41,6.2,310.6,8.4,D,0
-19.33,132.9269,325.1,1,1,2014-07-22,0459,Aqua,MODIS,71,6.2,310.6,11.1,D,0
-19.7215,132.8294,343.7,1,1,2014-07-22,0459,Aqua,MODIS,90,6.2,309.8,35.9,D,0
-19.723,132.8198,411.8,1,1,2014-07-22,0459,Aqua,MODIS,100,6.2,324.2,323.4,D,0
-19.7244,132.8102,400,1,1,2014-07-22,0459,Aqua,MODIS,100,6.2,319.9,243.8,D,0
-19.7272,132.791,345.3,1,1,2014-07-22,0459,Aqua,MODIS,91,6.2,310.5,39.3,D,0
-18.7666,132.6878,331.2,1,1,2014-07-22,0459,Aqua,MODIS,79,6.2,313.1,16.9,D,0
-18.7652,132.6974,330.8,1,1,2014-07-22,0459,Aqua,MODIS,79,6.2,310.2,17.3,D,0
-19.7286,132.7814,326.1,1,1,2014-07-22,0459,Aqua,MODIS,47,6.2,308.7,9.9,D,0
-19.7097,132.8472,328.5,1,1,2014-07-22,0459,Aqua,MODIS,72,6.2,311.1,14.3,D,0
-18.8336,132.6653,331.6,1,1,2014-07-22,0459,Aqua,MODIS,80,6.2,313.7,16.4,D,0
-18.8322,132.6749,324.6,1,1,2014-07-22,0459,Aqua,MODIS,52,6.2,311.9,8,D,0
-19.7111,132.8375,338.6,1,1,2014-07-22,0459,Aqua,MODIS,87,6.2,313.9,28.1,D,0
-19.7125,132.8279,346.2,1,1,2014-07-22,0459,Aqua,MODIS,92,6.2,315.1,40.6,D,0
-19.5211,132.6267,348.8,1,1,2014-07-22,0459,Aqua,MODIS,94,6.2,308.4,48.4,D,0
-19.5225,132.6171,351.4,1,1,2014-07-22,0459,Aqua,MODIS,95,6.2,309.2,54.5,D,0
-19.5093,132.6443,348.4,1,1,2014-07-22,0459,Aqua,MODIS,93,6.2,313.5,46.2,D,0
-19.5107,132.6347,366.9,1,1,2014-07-22,0459,Aqua,MODIS,100,6.2,315.8,93.4,D,0
-19.5121,132.6252,339.7,1,1,2014-07-22,0459,Aqua,MODIS,87,6.2,314.7,30.1,D,0
-19.7139,132.8183,349.9,1,1,2014-07-22,0459,Aqua,MODIS,94,6.2,315.1,48.3,D,0
-19.7153,132.8087,335.7,1,1,2014-07-22,0459,Aqua,MODIS,84,6.2,311.2,22.3,D,0
-19.5854,132.2474,322.4,1,1,2014-07-22,0459,Aqua,MODIS,55,6.2,309.9,8.3,D,0
-18.8441,132.6573,345.9,1,1,2014-07-22,0459,Aqua,MODIS,92,6.2,312.7,39,D,0
-18.8455,132.6477,349.8,1,1,2014-07-22,0459,Aqua,MODIS,94,6.2,313.6,47.7,D,0
-19.1818,132.9252,328.2,1,1,2014-07-22,0459,Aqua,MODIS,76,6.2,311.9,15,D,0
-19.1803,132.9349,320.6,1,1,2014-07-22,0459,Aqua,MODIS,56,6.2,309.1,6.5,D,0
-19.6349,132.1583,363.7,1,1,2014-07-22,0459,Aqua,MODIS,100,6.2,308.5,84,D,0
-19.6363,132.1488,330.1,1,1,2014-07-22,0459,Aqua,MODIS,68,6.2,306.5,16.2,D,0
-19.6205,132.1948,391.1,1,1,2014-07-22,0459,Aqua,MODIS,100,6.2,312.9,190.9,D,0
-19.6219,132.1853,368.7,1,1,2014-07-22,0459,Aqua,MODIS,100,6.2,313.8,97.7,D,0
-19.6232,132.1758,388.1,1,1,2014-07-22,0459,Aqua,MODIS,100,6.2,316.5,175.4,D,0
-19.6246,132.1664,376.7,1,1,2014-07-22,0459,Aqua,MODIS,100,6.2,317.9,126.1,D,0
-19.6259,132.1569,335.4,1,1,2014-07-22,0459,Aqua,MODIS,79,6.2,314.2,22.5,D,0
-19.6101,132.2029,327.9,1,1,2014-07-22,0459,Aqua,MODIS,52,6.2,310,12.5,D,0
-19.6115,132.1934,347,1,1,2014-07-22,0459,Aqua,MODIS,92,6.2,318.2,42.1,D,0
-19.5598,132.2335,321.6,1,1,2014-07-22,0459,Aqua,MODIS,33,6.2,311.3,6.7,D,0
-18.7832,133.8611,318.9,1.1,1,2014-07-22,0459,Aqua,MODIS,31,6.2,307.7,6.5,D,0
-18.8527,133.8788,319.9,1.1,1,2014-07-22,0459,Aqua,MODIS,33,6.2,308.1,7.8,D,0
-18.8433,133.8772,323.2,1.1,1,2014-07-22,0459,Aqua,MODIS,67,6.2,310.4,11.9,D,0
-18.2791,130.2093,358.3,1.1,1,2014-07-22,0459,Aqua,MODIS,99,6.2,312,78,D,0
-18.2487,130.296,336.3,1.1,1,2014-07-22,0459,Aqua,MODIS,77,6.2,313.9,24.6,D,0
-18.2805,130.1993,337,1.1,1,2014-07-22,0459,Aqua,MODIS,86,6.2,306.6,32.1,D,0
-18.2632,130.2577,334.2,1.1,1,2014-07-22,0459,Aqua,MODIS,68,6.2,312.4,22.5,D,0
-18.2389,130.3193,324.9,1.1,1,2014-07-22,0459,Aqua,MODIS,53,6.2,309.7,10.4,D,0
-18.2646,130.2477,338.1,1.1,1,2014-07-22,0459,Aqua,MODIS,80,6.2,309.9,28.8,D,0
-18.2897,130.2007,322.5,1.1,1,2014-07-22,0459,Aqua,MODIS,60,6.2,301.6,13.2,D,0
-18.246,130.3158,333.9,1.1,1,2014-07-22,0459,Aqua,MODIS,56,6.2,310.1,21.8,D,0
-18.2606,130.2776,332.4,1.1,1,2014-07-22,0459,Aqua,MODIS,46,6.2,311.8,19.4,D,0
-18.2738,130.2491,340.3,1.1,1,2014-07-22,0459,Aqua,MODIS,83,6.2,310.5,34.7,D,0
-18.2592,130.2875,338.1,1.1,1,2014-07-22,0459,Aqua,MODIS,72,6.2,308.7,28.1,D,0
-18.2751,130.2392,342.1,1.1,1,2014-07-22,0459,Aqua,MODIS,89,6.2,308.2,39.1,D,0
-18.2778,130.2192,368.3,1.1,1,2014-07-22,0459,Aqua,MODIS,100,6.2,310.6,108.5,D,0
-18.2579,130.2974,349.4,1.1,1,2014-07-22,0459,Aqua,MODIS,94,6.2,308.1,51.7,D,0
-18.2402,130.3094,329.4,1.1,1,2014-07-22,0459,Aqua,MODIS,73,6.2,314.5,15.7,D,0
-18.2884,130.2106,340.4,1.1,1,2014-07-22,0459,Aqua,MODIS,88,6.2,303.7,38.6,D,0
-18.2473,130.3059,356.6,1.1,1,2014-07-22,0459,Aqua,MODIS,98,6.2,314.6,67.8,D,0
-18.9751,133.8113,326.1,1.1,1,2014-07-22,0459,Aqua,MODIS,73,6.2,307.6,15.7,D,0
-18.9658,133.8097,326.2,1.1,1,2014-07-22,0459,Aqua,MODIS,39,6.2,308.9,14.9,D,0
-18.9362,133.8152,328.1,1.1,1,2014-07-22,0459,Aqua,MODIS,58,6.2,308.9,16.1,D,0
-18.9378,133.8049,327,1.1,1,2014-07-22,0459,Aqua,MODIS,38,6.2,308,14.1,D,0
-18.941,133.7844,348,1.1,1,2014-07-22,0459,Aqua,MODIS,93,6.2,309.6,50.4,D,0
-18.9425,133.7741,365.3,1.1,1,2014-07-22,0459,Aqua,MODIS,100,6.2,311.7,101.5,D,0
-18.9441,133.7639,332.8,1.1,1,2014-07-22,0459,Aqua,MODIS,81,6.2,307.5,24.6,D,0
-18.9308,133.8077,334.3,1.1,1,2014-07-22,0459,Aqua,MODIS,83,6.2,311,27,D,0
-18.9324,133.7974,326.2,1.1,1,2014-07-22,0459,Aqua,MODIS,73,6.2,309.6,14.3,D,0
-18.9339,133.7872,337.9,1.1,1,2014-07-22,0459,Aqua,MODIS,86,6.2,309.4,31.8,D,0
-18.9355,133.7769,355.6,1.1,1,2014-07-22,0459,Aqua,MODIS,97,6.2,311.2,72.1,D,0
-18.937,133.7666,328.1,1.1,1,2014-07-22,0459,Aqua,MODIS,76,6.2,308.3,18.5,D,0
-17.8939,138.6791,319.7,2.3,1.5,2014-07-22,0459,Aqua,MODIS,64,6.2,307.2,26.8,D,0
-16.6975,136.7767,338,1.8,1.3,2014-07-22,0459,Aqua,MODIS,60,6.2,284.7,79,D,0
-16.7036,136.7833,363.6,1.8,1.3,2014-07-22,0459,Aqua,MODIS,75,6.2,284.6,202.4,D,0
-16.7091,136.7788,340.5,1.8,1.3,2014-07-22,0459,Aqua,MODIS,49,6.2,293,83.4,D,0
-18.3181,127.8468,336,1.4,1.2,2014-07-22,0459,Aqua,MODIS,84,6.2,307.9,45,D,0
-18.3076,127.8454,337,1.4,1.2,2014-07-22,0459,Aqua,MODIS,85,6.2,308.1,46.9,D,0
-18.3092,127.8322,318.9,1.4,1.2,2014-07-22,0459,Aqua,MODIS,50,6.2,307,11,D,0
-18.9968,133.921,326.1,1.1,1,2014-07-22,0459,Aqua,MODIS,73,6.2,308.6,15.5,D,0
-18.9983,133.9106,320.7,1.1,1,2014-07-22,0459,Aqua,MODIS,57,6.2,307.3,9,D,0
-12.7202,134.6017,359.1,1.5,1.2,2014-07-22,0500,Aqua,MODIS,99,6.2,301.8,128.2,D,0
-12.7181,134.615,321.4,1.5,1.2,2014-07-22,0500,Aqua,MODIS,39,6.2,299.3,16.3,D,0
-12.7925,134.5933,323.5,1.4,1.2,2014-07-22,0500,Aqua,MODIS,70,6.2,295.6,25,D,0
-12.7563,134.822,321.7,1.5,1.2,2014-07-22,0500,Aqua,MODIS,69,6.2,303.1,21.3,D,0
-12.7671,134.8238,326,1.5,1.2,2014-07-22,0500,Aqua,MODIS,80,6.2,303.2,28.2,D,0
-12.7712,134.5898,344.8,1.4,1.2,2014-07-22,0500,Aqua,MODIS,93,6.2,303.2,72.3,D,0
-12.7819,134.5916,340.6,1.4,1.2,2014-07-22,0500,Aqua,MODIS,90,6.2,301.4,59.8,D,0
-12.7223,134.5885,337.8,1.4,1.2,2014-07-22,0500,Aqua,MODIS,89,6.2,302,52,D,0
-12.7734,134.5766,347.6,1.4,1.2,2014-07-22,0500,Aqua,MODIS,94,6.2,302.6,82.5,D,0
-12.7265,134.5961,332.3,1.4,1.2,2014-07-22,0500,Aqua,MODIS,73,6.2,300.2,37.6,D,0
-12.7648,134.5618,335,1.4,1.2,2014-07-22,0500,Aqua,MODIS,87,6.2,298.6,50.7,D,0
-15.6163,129.469,323.5,1.1,1,2014-07-22,0500,Aqua,MODIS,70,6.2,305.1,12.6,D,0
-15.7472,129.4642,327.4,1.1,1,2014-07-22,0500,Aqua,MODIS,62,6.2,309,13.9,D,0
-15.71,129.4588,322.9,1.1,1,2014-07-22,0500,Aqua,MODIS,42,6.2,308.6,8.6,D,0
-15.6827,129.4685,321.5,1.1,1,2014-07-22,0500,Aqua,MODIS,47,6.2,306.3,8.4,D,0
-15.7699,129.4369,336.7,1.1,1,2014-07-22,0500,Aqua,MODIS,86,6.2,311.6,27.5,D,0
-15.7713,129.4268,337.7,1.1,1,2014-07-22,0500,Aqua,MODIS,86,6.2,310.9,29.5,D,0
-15.7727,129.4167,332.6,1.1,1,2014-07-22,0500,Aqua,MODIS,82,6.2,310.2,21,D,0
-12.7606,134.588,350.3,1.4,1.2,2014-07-22,0500,Aqua,MODIS,95,6.2,302.6,91.9,D,0
-12.7669,134.5486,322.6,1.4,1.2,2014-07-22,0500,Aqua,MODIS,76,6.2,297,23.2,D,0
-12.7243,134.6093,333.7,1.5,1.2,2014-07-22,0500,Aqua,MODIS,86,6.2,299.8,41.3,D,0
-12.7627,134.5749,359.1,1.4,1.2,2014-07-22,0500,Aqua,MODIS,99,6.2,304.5,129.9,D,0
-13.2753,131.0318,323.2,1,1,2014-07-22,0500,Aqua,MODIS,45,6.2,302.8,9.7,D,0
-13.2857,131.0239,330,1,1,2014-07-22,0500,Aqua,MODIS,77,6.2,303.8,17.8,D,0
-13.2471,130.7766,324.7,1,1,2014-07-22,0500,Aqua,MODIS,72,6.2,310.7,10.5,D,0
-12.47,134.7406,330.3,1.5,1.2,2014-07-22,0500,Aqua,MODIS,81,6.2,305.9,33.5,D,0
-13.2419,132.5594,328.4,1.1,1,2014-07-22,0500,Aqua,MODIS,79,6.2,309.9,15.2,D,0
-12.3663,134.8881,335.5,1.5,1.2,2014-07-22,0500,Aqua,MODIS,87,6.2,301.4,57.5,D,0
-13.2326,132.5577,326.1,1.1,1,2014-07-22,0500,Aqua,MODIS,58,6.2,310.3,11.5,D,0
-13.5608,132.0396,328.3,1,1,2014-07-22,0500,Aqua,MODIS,29,6.2,309.6,13,D,0
-13.2843,131.0331,329.3,1,1,2014-07-22,0500,Aqua,MODIS,76,6.2,300.3,16.4,D,0
-14.2033,129.7351,331.2,1,1,2014-07-22,0500,Aqua,MODIS,76,6.2,310.3,19.4,D,0
-14.154,129.6923,353.2,1,1,2014-07-22,0500,Aqua,MODIS,96,6.2,309.5,59.3,D,0
-14.1645,129.6841,340.5,1,1,2014-07-22,0500,Aqua,MODIS,88,6.2,309.7,35,D,0
-14.175,129.6759,321.9,1,1,2014-07-22,0500,Aqua,MODIS,42,6.2,304.2,10.5,D,0
-14.1736,129.6855,340.3,1,1,2014-07-22,0500,Aqua,MODIS,87,6.2,308.5,36.3,D,0
-14.4378,129.7721,325.3,1,1,2014-07-22,0500,Aqua,MODIS,66,6.2,312.6,8.5,D,0
-14.2125,130.3262,351.9,1,1,2014-07-22,0500,Aqua,MODIS,96,6.2,308.4,54.7,D,0
-14.2138,130.317,333.8,1,1,2014-07-22,0500,Aqua,MODIS,83,6.2,306.5,21.9,D,0
-14.2035,130.3249,347.9,1,1,2014-07-22,0500,Aqua,MODIS,93,6.2,312.2,44.9,D,0
-16.1006,128.8042,334.7,1.2,1.1,2014-07-22,0500,Aqua,MODIS,79,6.2,314,27,D,0
-14.2048,130.3156,340.9,1,1,2014-07-22,0500,Aqua,MODIS,89,6.2,309.4,31.9,D,0
-14.0466,129.9406,320.1,1,1,2014-07-22,0500,Aqua,MODIS,12,6.2,309.3,7.9,D,0
-14.0453,129.9499,331.1,1,1,2014-07-22,0500,Aqua,MODIS,79,6.2,309.6,20.1,D,0
-16.0991,128.8151,324.9,1.2,1.1,2014-07-22,0500,Aqua,MODIS,58,6.2,312.8,11.4,D,0
-14.2047,129.7256,328,1,1,2014-07-22,0500,Aqua,MODIS,61,6.2,306.7,16.3,D,0
-14.1696,129.714,330.4,1,1,2014-07-22,0500,Aqua,MODIS,65,6.2,311.2,16.9,D,0
-14.1527,129.7018,343.9,1,1,2014-07-22,0500,Aqua,MODIS,87,6.2,310.1,38.6,D,0
-14.171,129.7045,329.3,1,1,2014-07-22,0500,Aqua,MODIS,49,6.2,308.7,15.8,D,0
-14.2112,130.3355,325.2,1,1,2014-07-22,0500,Aqua,MODIS,39,6.2,303.9,11.1,D,0
-12.6124,134.8614,325.8,1.5,1.2,2014-07-22,0500,Aqua,MODIS,80,6.2,305.2,26,D,0
-12.7627,134.5074,317.8,1.4,1.2,2014-07-22,0500,Aqua,MODIS,19,6.2,292.6,14.7,D,0
-12.5572,134.7764,321.6,1.5,1.2,2014-07-22,0500,Aqua,MODIS,75,6.2,303.3,18.6,D,0
-12.6968,134.6114,325.7,1.5,1.2,2014-07-22,0500,Aqua,MODIS,49,6.2,301.6,23.3,D,0
-12.6173,134.6062,330.2,1.5,1.2,2014-07-22,0500,Aqua,MODIS,83,6.2,304.7,33.6,D,0
-12.6087,134.5912,320.6,1.5,1.2,2014-07-22,0500,Aqua,MODIS,24,6.2,303.4,14.2,D,0
-12.4419,134.7081,328.7,1.5,1.2,2014-07-22,0500,Aqua,MODIS,82,6.2,304,29.8,D,0
-12.615,134.5515,321.7,1.4,1.2,2014-07-22,0500,Aqua,MODIS,29,6.2,303.1,15.6,D,0
-12.4959,134.8791,339.6,1.5,1.2,2014-07-22,0500,Aqua,MODIS,90,6.2,302.4,66.1,D,0
-12.6194,134.5929,330.2,1.5,1.2,2014-07-22,0500,Aqua,MODIS,83,6.2,304.7,32.4,D,0
-12.769,134.5354,331.1,1.4,1.2,2014-07-22,0500,Aqua,MODIS,84,6.2,297.4,40,D,0
-14.9451,133.9834,331.3,1.2,1.1,2014-07-22,0500,Aqua,MODIS,49,6.2,312.7,21.7,D,0
-12.6386,134.8374,339.6,1.5,1.2,2014-07-22,0500,Aqua,MODIS,90,6.2,296.1,58.7,D,0
-12.5809,134.4917,340,1.4,1.2,2014-07-22,0500,Aqua,MODIS,90,6.2,301.9,57.6,D,0
-12.7606,134.5204,331.2,1.4,1.2,2014-07-22,0500,Aqua,MODIS,73,6.2,294.2,37.9,D,0
-12.6366,134.6232,330.9,1.5,1.2,2014-07-22,0500,Aqua,MODIS,84,6.2,304.3,36.4,D,0
-12.4505,134.7235,320.3,1.5,1.2,2014-07-22,0500,Aqua,MODIS,32,6.2,304.7,13.5,D,0
-12.6733,134.6212,322.7,1.5,1.2,2014-07-22,0500,Aqua,MODIS,66,6.2,303.4,19.9,D,0
-12.4678,134.7542,325.4,1.5,1.2,2014-07-22,0500,Aqua,MODIS,60,6.2,302.8,24.1,D,0
-12.5873,134.5198,333.9,1.4,1.2,2014-07-22,0500,Aqua,MODIS,83,6.2,303.5,40.5,D,0
-12.6412,134.6158,343.6,1.5,1.2,2014-07-22,0500,Aqua,MODIS,92,6.2,306.2,70.2,D,0
-12.6305,134.614,322.7,1.5,1.2,2014-07-22,0500,Aqua,MODIS,59,6.2,304.7,18.4,D,0
-12.7455,134.8202,330.8,1.5,1.2,2014-07-22,0500,Aqua,MODIS,83,6.2,300.4,39.7,D,0
-12.6342,134.8651,319.2,1.5,1.2,2014-07-22,0500,Aqua,MODIS,42,6.2,302.6,13.7,D,0
-12.4382,134.716,319.6,1.5,1.2,2014-07-22,0500,Aqua,MODIS,48,6.2,303.2,13.3,D,0
-12.6108,134.5779,337.2,1.5,1.2,2014-07-22,0500,Aqua,MODIS,88,6.2,303.8,50.2,D,0
-12.6387,134.6099,329.7,1.5,1.2,2014-07-22,0500,Aqua,MODIS,83,6.2,305.6,32.2,D,0
-12.4916,134.8859,336.6,1.5,1.2,2014-07-22,0500,Aqua,MODIS,88,6.2,302,57.6,D,0
-12.4938,134.8719,332.4,1.5,1.2,2014-07-22,0500,Aqua,MODIS,85,6.2,301.1,45.9,D,0
-12.6364,134.8512,380.6,1.5,1.2,2014-07-22,0500,Aqua,MODIS,100,6.2,308,268.8,D,0
-12.6473,134.8531,371.2,1.5,1.2,2014-07-22,0500,Aqua,MODIS,100,6.2,307.1,203.3,D,0
-12.7488,136.0104,314.1,1.8,1.3,2014-07-22,0500,Aqua,MODIS,51,6.2,298.4,18.4,D,0
-12.6495,134.8394,363.2,1.5,1.2,2014-07-22,0500,Aqua,MODIS,100,6.2,304.5,155.2,D,0
-14.6683,129.8921,341.9,1,1,2014-07-22,0500,Aqua,MODIS,90,6.2,315.7,31.5,D,0
-13.8218,133.2356,324.8,1.2,1.1,2014-07-22,0500,Aqua,MODIS,59,6.2,303.3,18.6,D,0
-13.8234,133.2249,319.8,1.2,1.1,2014-07-22,0500,Aqua,MODIS,49,6.2,296.5,12.3,D,0
-15.5461,129.453,323.7,1.1,1,2014-07-22,0500,Aqua,MODIS,51,6.2,309.3,10.6,D,0
-16.4633,128.2123,329.6,1.3,1.1,2014-07-22,0500,Aqua,MODIS,77,6.2,311.8,23.6,D,0
-13.5883,130.3878,328.2,1,1,2014-07-22,0500,Aqua,MODIS,78,6.2,308.9,16.8,D,0
-14.5155,130.2672,348.4,1,1,2014-07-22,0500,Aqua,MODIS,94,6.2,302,52.7,D,0
-15.5448,129.463,329.2,1.1,1,2014-07-22,0500,Aqua,MODIS,78,6.2,312.5,17.1,D,0
-14.6696,129.8827,328.3,1,1,2014-07-22,0500,Aqua,MODIS,78,6.2,313.5,10.8,D,0
-12.3972,132.1805,323.3,1.1,1,2014-07-22,0501,Aqua,MODIS,46,6.2,300.7,12.7,D,0
-12.3738,132.1466,318.3,1.1,1,2014-07-22,0501,Aqua,MODIS,40,6.2,300.7,9.2,D,0
-12.3634,132.1687,343.2,1.1,1,2014-07-22,0501,Aqua,MODIS,81,6.2,310.3,42.3,D,0
-12.3648,132.1588,330.5,1.1,1,2014-07-22,0501,Aqua,MODIS,56,6.2,308.7,22.2,D,0
-12.3555,132.1574,340.9,1.1,1,2014-07-22,0501,Aqua,MODIS,89,6.2,306.5,39.3,D,0
-11.5073,130.2703,328.4,1,1,2014-07-22,0501,Aqua,MODIS,80,6.2,308.2,16,D,0
-12.3512,132.187,330.1,1.1,1,2014-07-22,0501,Aqua,MODIS,47,6.2,308.7,18.3,D,0
-12.3708,132.1662,357,1.1,1,2014-07-22,0501,Aqua,MODIS,98,6.2,313.3,74.7,D,0
-12.3801,132.1677,348.3,1.1,1,2014-07-22,0501,Aqua,MODIS,93,6.2,312.6,51.2,D,0
-12.3541,132.1672,334.8,1.1,1,2014-07-22,0501,Aqua,MODIS,75,6.2,307.2,27.8,D,0
-12.3786,132.1776,339.2,1.1,1,2014-07-22,0501,Aqua,MODIS,73,6.2,308.9,31.1,D,0
-11.8041,130.0637,323.3,1,1,2014-07-22,0501,Aqua,MODIS,57,6.2,305.1,13.9,D,0
-12.3433,132.1756,357.8,1.1,1,2014-07-22,0501,Aqua,MODIS,99,6.2,310.2,74.7,D,0
-12.3894,132.1692,343.4,1.1,1,2014-07-22,0501,Aqua,MODIS,83,6.2,311.7,40.9,D,0
-12.3909,132.1593,359.8,1.1,1,2014-07-22,0501,Aqua,MODIS,99,6.2,310.3,82.5,D,0
-11.7272,130.0829,323,1,1,2014-07-22,0501,Aqua,MODIS,60,6.2,307.2,11.3,D,0
-11.6035,130.245,327,1,1,2014-07-22,0501,Aqua,MODIS,80,6.2,308.3,13.9,D,0
-11.6022,130.2541,321.1,1,1,2014-07-22,0501,Aqua,MODIS,64,6.2,308.7,7,D,0
-11.3441,130.3173,323.2,1,1,2014-07-22,0501,Aqua,MODIS,74,6.2,305.3,14.2,D,0
-11.7951,130.0624,317.7,1,1,2014-07-22,0501,Aqua,MODIS,27,6.2,303.8,8.1,D,0
-11.3428,130.3264,326.2,1,1,2014-07-22,0501,Aqua,MODIS,79,6.2,304.1,17.9,D,0
-11.5021,130.3067,327.2,1,1,2014-07-22,0501,Aqua,MODIS,80,6.2,308.8,14.8,D,0
-11.4089,130.5719,363.1,1,1,2014-07-22,0501,Aqua,MODIS,53,6.2,304.7,86.8,D,0
-11.4102,130.5628,365.3,1,1,2014-07-22,0501,Aqua,MODIS,100,6.2,297.6,94.9,D,0
-11.4116,130.5537,324.6,1,1,2014-07-22,0501,Aqua,MODIS,42,6.2,284,15.8,D,0
-11.4011,130.5652,352.5,1,1,2014-07-22,0501,Aqua,MODIS,0,6.2,298.9,62.4,D,0
-11.4565,130.5604,333.2,1,1,2014-07-22,0501,Aqua,MODIS,82,6.2,303.5,26.8,D,0
-11.7582,130.5131,317.1,1,1,2014-07-22,0501,Aqua,MODIS,66,6.2,304.6,7.4,D,0
-11.4731,130.5723,332.4,1,1,2014-07-22,0501,Aqua,MODIS,50,6.2,307.1,23.2,D,0
-11.6741,130.3262,321,1,1,2014-07-22,0501,Aqua,MODIS,56,6.2,308.7,7.2,D,0
-11.6728,130.3354,333.8,1,1,2014-07-22,0501,Aqua,MODIS,85,6.2,309.8,22,D,0
-11.511,130.3081,356.3,1,1,2014-07-22,0501,Aqua,MODIS,98,6.2,311.4,64.5,D,0
-11.5008,130.3158,324.7,1,1,2014-07-22,0501,Aqua,MODIS,77,6.2,309.2,11.8,D,0
-11.5097,130.3172,366.2,1,1,2014-07-22,0501,Aqua,MODIS,100,6.2,313.8,92.1,D,0
-11.3556,130.3072,344.2,1,1,2014-07-22,0501,Aqua,MODIS,92,6.2,304.5,43.6,D,0
-11.3543,130.3163,373.8,1,1,2014-07-22,0501,Aqua,MODIS,100,6.2,312.8,121.1,D,0
-11.353,130.3253,337.9,1,1,2014-07-22,0501,Aqua,MODIS,88,6.2,309.3,31.4,D,0
-11.3517,130.3344,328.2,1,1,2014-07-22,0501,Aqua,MODIS,55,6.2,306.7,18.2,D,0
-11.3633,130.3176,331.3,1,1,2014-07-22,0501,Aqua,MODIS,83,6.2,305.4,21.4,D,0
-11.362,130.3267,350,1,1,2014-07-22,0501,Aqua,MODIS,95,6.2,308.8,53.9,D,0
-11.3607,130.3358,324.3,1,1,2014-07-22,0501,Aqua,MODIS,77,6.2,305.5,13.7,D,0
-12.0053,134.7029,320.1,1.5,1.2,2014-07-22,0501,Aqua,MODIS,64,6.2,303.7,18.1,D,0
-12.3232,132.1825,359.9,1.1,1,2014-07-22,0501,Aqua,MODIS,99,6.2,312.9,82.9,D,0
-12.3247,132.1727,329.6,1.1,1,2014-07-22,0501,Aqua,MODIS,56,6.2,304.4,18.9,D,0
-12.3218,132.1924,340.3,1.1,1,2014-07-22,0501,Aqua,MODIS,90,6.2,310.7,35.8,D,0
-12.3325,132.184,332.3,1.1,1,2014-07-22,0501,Aqua,MODIS,34,6.2,311.2,20.8,D,0
-11.4807,132.885,314.1,1.2,1.1,2014-07-22,0501,Aqua,MODIS,60,6.2,303.3,6.1,D,0
-11.484,132.8634,326.1,1.2,1.1,2014-07-22,0501,Aqua,MODIS,79,6.2,304.2,20.4,D,0
-11.4824,132.8742,324.4,1.2,1.1,2014-07-22,0501,Aqua,MODIS,77,6.2,304.7,18.5,D,0
-11.7082,131.235,333.4,1,1,2014-07-22,0501,Aqua,MODIS,85,6.2,287.3,33.1,D,0
-11.6386,131.2758,327.1,1,1,2014-07-22,0501,Aqua,MODIS,80,6.2,299.2,19.4,D,0
-11.64,131.2665,324.8,1,1,2014-07-22,0501,Aqua,MODIS,77,6.2,300,16.7,D,0
-11.6177,131.2917,312.6,1,1,2014-07-22,0501,Aqua,MODIS,44,6.2,298.8,5.3,D,0
-11.7068,131.2443,316.2,1,1,2014-07-22,0501,Aqua,MODIS,62,6.2,282.6,13.2,D,0
-11.6769,131.2587,314.7,1,1,2014-07-22,0501,Aqua,MODIS,42,6.2,289.7,9.6,D,0
-11.3346,131.3348,321.7,1,1,2014-07-22,0501,Aqua,MODIS,64,6.2,306.6,11.4,D,0
-11.4041,131.4293,328.8,1,1,2014-07-22,0501,Aqua,MODIS,55,6.2,306.9,18.1,D,0
-11.395,131.4279,324.6,1,1,2014-07-22,0501,Aqua,MODIS,57,6.2,304.9,13.3,D,0
-11.3963,131.4184,332.7,1,1,2014-07-22,0501,Aqua,MODIS,80,6.2,305.2,22.3,D,0
-11.3733,131.3889,323.2,1,1,2014-07-22,0501,Aqua,MODIS,58,6.2,303.5,14.5,D,0
-11.3747,131.3795,338.2,1,1,2014-07-22,0501,Aqua,MODIS,89,6.2,304.8,34.1,D,0
-11.3683,131.3592,321.2,1,1,2014-07-22,0501,Aqua,MODIS,50,6.2,303.5,11.6,D,0
-11.3697,131.3498,327.4,1,1,2014-07-22,0501,Aqua,MODIS,78,6.2,304.6,18.4,D,0
-11.4287,131.4525,319.8,1,1,2014-07-22,0501,Aqua,MODIS,66,6.2,300.4,11.1,D,0
-11.7037,130.7008,322.9,1,1,2014-07-22,0501,Aqua,MODIS,23,6.2,306.8,9.7,D,0
-11.4229,131.3647,349.4,1,1,2014-07-22,0501,Aqua,MODIS,95,6.2,306.4,51,D,0
-11.4243,131.3553,374.1,1,1,2014-07-22,0501,Aqua,MODIS,100,6.2,308,125,D,0
-11.4138,131.3633,360.6,1,1,2014-07-22,0501,Aqua,MODIS,100,6.2,300.4,78.9,D,0
-11.4152,131.3539,381.4,1,1,2014-07-22,0501,Aqua,MODIS,100,6.2,300.8,154.4,D,0
-11.6947,130.6994,325,1,1,2014-07-22,0501,Aqua,MODIS,62,6.2,308.3,12.6,D,0
-11.696,130.6903,352.9,1,1,2014-07-22,0501,Aqua,MODIS,96,6.2,310.9,59.2,D,0
-11.6974,130.6811,323.9,1,1,2014-07-22,0501,Aqua,MODIS,57,6.2,307,11.4,D,0
-11.5918,131.0246,326.2,1,1,2014-07-22,0501,Aqua,MODIS,78,6.2,303.3,16.3,D,0
-11.5931,131.0154,317.7,1,1,2014-07-22,0501,Aqua,MODIS,50,6.2,305.4,7.4,D,0
-11.5828,131.0232,318.3,1,1,2014-07-22,0501,Aqua,MODIS,67,6.2,302.2,8.2,D,0
-11.5841,131.014,315.9,1,1,2014-07-22,0501,Aqua,MODIS,55,6.2,305.2,6,D,0
-12.2831,132.1963,334.9,1.1,1,2014-07-22,0501,Aqua,MODIS,86,6.2,310.1,27.3,D,0
-12.3032,132.1894,356.2,1.1,1,2014-07-22,0501,Aqua,MODIS,98,6.2,313.2,72.9,D,0
-12.2383,132.2037,326.1,1.1,1,2014-07-22,0501,Aqua,MODIS,79,6.2,308.4,16.6,D,0
-12.3139,132.181,370.3,1.1,1,2014-07-22,0501,Aqua,MODIS,100,6.2,312.7,119.3,D,0
-12.3125,132.1909,396.6,1.1,1,2014-07-22,0501,Aqua,MODIS,100,6.2,319,248.8,D,0
-12.2368,132.2136,338.6,1.1,1,2014-07-22,0501,Aqua,MODIS,89,6.2,309.7,35.8,D,0
-12.3046,132.1796,335.5,1.1,1,2014-07-22,0501,Aqua,MODIS,86,6.2,307.5,28.5,D,0
-11.3939,132.921,321.7,1.2,1.1,2014-07-22,0501,Aqua,MODIS,40,6.2,296.9,17.5,D,0
-12.1834,131.0735,330.1,1,1,2014-07-22,0501,Aqua,MODIS,60,6.2,304.5,19.7,D,0
-12.311,132.2008,335.8,1.1,1,2014-07-22,0501,Aqua,MODIS,87,6.2,306.2,27.3,D,0
-12.3017,132.1993,336.2,1.1,1,2014-07-22,0501,Aqua,MODIS,87,6.2,310.1,28.9,D,0
-11.3455,132.3049,317.7,1.1,1.1,2014-07-22,0501,Aqua,MODIS,41,6.2,304.2,7.3,D,0
-12.2816,132.2062,341.7,1.1,1,2014-07-22,0501,Aqua,MODIS,90,6.2,310.6,40.1,D,0
-12.2037,133.5135,334.2,1.3,1.1,2014-07-22,0501,Aqua,MODIS,0,6.2,279.3,45.6,D,0
-12.6241,132.8909,324.5,1.2,1.1,2014-07-22,0501,Aqua,MODIS,73,6.2,308.8,11.3,D,0
-12.0238,133.2111,328.6,1.2,1.1,2014-07-22,0501,Aqua,MODIS,56,6.2,307.3,17.8,D,0
-12.3013,134.5749,333,1.5,1.2,2014-07-22,0501,Aqua,MODIS,85,6.2,297.2,49.2,D,0
-12.3739,134.5322,333.8,1.5,1.2,2014-07-22,0501,Aqua,MODIS,40,6.2,303,39.7,D,0
-12.3334,134.5803,347.6,1.5,1.2,2014-07-22,0501,Aqua,MODIS,94,6.2,301.7,88.9,D,0
-12.3801,134.5268,354.9,1.5,1.2,2014-07-22,0501,Aqua,MODIS,97,6.2,301.5,109.6,D,0
-12.743,132.3307,335.6,1.1,1,2014-07-22,0501,Aqua,MODIS,85,6.2,309.5,28.9,D,0
-12.3561,134.6744,326.8,1.5,1.2,2014-07-22,0501,Aqua,MODIS,43,6.2,298.4,29.8,D,0
-11.833,133.2662,321.7,1.2,1.1,2014-07-22,0501,Aqua,MODIS,35,6.2,299.2,12.9,D,0
-11.829,133.2819,327.8,1.2,1.1,2014-07-22,0501,Aqua,MODIS,74,6.2,295.8,26,D,0
-12.0347,133.2195,324,1.2,1.1,2014-07-22,0501,Aqua,MODIS,65,6.2,308.6,11.9,D,0
-12.3669,134.6762,324.7,1.5,1.2,2014-07-22,0501,Aqua,MODIS,63,6.2,299.5,26.4,D,0
-12.6225,132.9015,329.9,1.2,1.1,2014-07-22,0501,Aqua,MODIS,81,6.2,309.7,19.5,D,0
-12.3795,134.4255,326.6,1.4,1.2,2014-07-22,0501,Aqua,MODIS,80,6.2,295.4,29.1,D,0
-12.353,134.6667,322,1.5,1.2,2014-07-22,0501,Aqua,MODIS,45,6.2,299.1,22.8,D,0
-12.0249,133.2179,327.9,1.2,1.1,2014-07-22,0501,Aqua,MODIS,55,6.2,306.6,16.4,D,0
-12.4278,134.23,320.7,1.4,1.2,2014-07-22,0501,Aqua,MODIS,58,6.2,304,17.4,D,0
-11.8307,133.2706,327.2,1.2,1.1,2014-07-22,0501,Aqua,MODIS,68,6.2,299,23,D,0
-12.0364,133.2084,328.2,1.2,1.1,2014-07-22,0501,Aqua,MODIS,74,6.2,308.6,18.9,D,0
-12.3441,134.5821,342,1.5,1.2,2014-07-22,0501,Aqua,MODIS,89,6.2,301,67.3,D,0
-11.8313,133.2775,340.8,1.2,1.1,2014-07-22,0501,Aqua,MODIS,90,6.2,298.3,50.1,D,0
-12.359,134.5571,339.7,1.5,1.2,2014-07-22,0501,Aqua,MODIS,90,6.2,302.7,59.7,D,0
-12.3759,134.519,330.8,1.5,1.2,2014-07-22,0501,Aqua,MODIS,38,6.2,299.7,33.8,D,0
-12.2477,134.9776,319.2,1.6,1.2,2014-07-22,0501,Aqua,MODIS,68,6.2,299,18.6,D,0
-12.2055,133.502,313.1,1.3,1.1,2014-07-22,0501,Aqua,MODIS,41,6.2,276.7,14.3,D,0
-12.7337,132.3293,327.8,1.1,1,2014-07-22,0501,Aqua,MODIS,78,6.2,308.4,17.7,D,0
-12.0458,133.2784,323,1.2,1.1,2014-07-22,0501,Aqua,MODIS,38,6.2,307,12.9,D,0
-12.0266,133.2068,338.1,1.2,1.1,2014-07-22,0501,Aqua,MODIS,89,6.2,308.3,36.2,D,0
-12.3779,134.5401,331.2,1.5,1.2,2014-07-22,0501,Aqua,MODIS,32,6.2,302.8,33.5,D,0
-21.8185,116.3623,318.2,2.9,1.6,2014-07-22,0637,Aqua,MODIS,71,6.2,300.4,47.8,D,0
-21.8238,116.3351,312.6,2.8,1.6,2014-07-22,0637,Aqua,MODIS,59,6.2,299.4,27.3,D,0
-29.4956,149.5772,303.6,1.1,1,2014-07-22,1242,Terra,MODIS,56,6.2,276.8,11.5,N,0
-28.3566,150.4212,305.7,1,1,2014-07-22,1242,Terra,MODIS,65,6.2,278.8,11.5,N,0
-28.8996,149.3773,300.9,1.1,1,2014-07-22,1242,Terra,MODIS,35,6.2,277.1,9.9,N,0
-26.3537,151.8904,300.3,1,1,2014-07-22,1243,Terra,MODIS,23,6.2,282.9,7.4,N,0
-27.0967,148.3646,312.5,1.2,1.1,2014-07-22,1243,Terra,MODIS,85,6.2,278.8,19.3,N,0
-27.0871,148.3631,313.4,1.2,1.1,2014-07-22,1243,Terra,MODIS,87,6.2,279.6,19.8,N,0
-24.825,146.927,300.4,1.3,1.1,2014-07-22,1244,Terra,MODIS,8,6.2,280.6,9.4,N,0
-24.8273,146.9215,302,1.3,1.1,2014-07-22,1244,Terra,MODIS,27,6.2,280.4,10.4,N,0
-22.8439,148.6507,308.8,1,1,2014-07-22,1244,Terra,MODIS,76,6.2,281.3,13.2,N,0
-16.3759,144.2328,306,1.5,1.2,2014-07-22,1246,Terra,MODIS,67,6.2,288.9,14.3,N,0
-16.3885,144.2204,314.1,1.5,1.2,2014-07-22,1246,Terra,MODIS,89,6.2,289,23.6,N,0
-16.3509,144.2578,310.6,1.5,1.2,2014-07-22,1246,Terra,MODIS,36,6.2,289.4,17.6,N,0
-16.3419,144.2427,318.2,1.5,1.2,2014-07-22,1246,Terra,MODIS,61,6.2,289.3,27.2,N,0
-16.3436,144.2288,327.4,1.5,1.2,2014-07-22,1246,Terra,MODIS,100,6.2,290.7,44.3,N,0
-16.322,144.2264,308.6,1.5,1.2,2014-07-22,1246,Terra,MODIS,43,6.2,288.9,15,N,0
-16.3237,144.2124,304.9,1.5,1.2,2014-07-22,1246,Terra,MODIS,25,6.2,288.9,11.3,N,0
-16.3805,144.2253,329.6,1.5,1.2,2014-07-22,1246,Terra,MODIS,100,6.2,289.7,51.5,N,0
-16.3328,144.2275,318.5,1.5,1.2,2014-07-22,1246,Terra,MODIS,97,6.2,290.2,28.3,N,0
-16.3867,144.2342,312.7,1.5,1.2,2014-07-22,1246,Terra,MODIS,85,6.2,289.1,21.5,N,0
-16.3492,144.2716,320.7,1.5,1.2,2014-07-22,1246,Terra,MODIS,100,6.2,289.2,33.5,N,0
-14.1846,142.8636,308.8,1.7,1.3,2014-07-22,1247,Terra,MODIS,76,6.2,290.3,18.8,N,0
-14.1851,142.8373,322.2,1.7,1.3,2014-07-22,1247,Terra,MODIS,100,6.2,290.9,44.4,N,0
-14.1813,142.869,313,1.7,1.3,2014-07-22,1247,Terra,MODIS,86,6.2,290.5,26,N,0
-14.1886,142.832,332.3,1.7,1.3,2014-07-22,1247,Terra,MODIS,100,6.2,292.1,68.9,N,0
-14.1906,142.8161,331.5,1.7,1.3,2014-07-22,1247,Terra,MODIS,100,6.2,292,68,N,0
-14.187,142.8214,316.1,1.7,1.3,2014-07-22,1247,Terra,MODIS,92,6.2,290.6,31.7,N,0
-14.1926,142.8002,304.4,1.7,1.3,2014-07-22,1247,Terra,MODIS,60,6.2,290.3,13.8,N,0
-12.5969,142.4186,301.2,1.7,1.3,2014-07-22,1247,Terra,MODIS,38,6.2,289.7,10.9,N,0
-12.5947,142.4078,312.7,1.8,1.3,2014-07-22,1247,Terra,MODIS,85,6.2,290.7,28.3,N,0
-12.599,142.4027,307.2,1.8,1.3,2014-07-22,1247,Terra,MODIS,71,6.2,290.4,19.1,N,0
-14.1986,142.823,334.3,1.7,1.3,2014-07-22,1247,Terra,MODIS,100,6.2,293.1,77.4,N,0
-14.2005,142.807,332,1.7,1.3,2014-07-22,1247,Terra,MODIS,100,6.2,292.4,71.2,N,0
-19.2161,132.7245,308.6,2.9,1.6,2014-07-22,1423,Terra,MODIS,75,6.2,282,51.7,N,0
-19.2213,132.6976,305.8,2.8,1.6,2014-07-22,1423,Terra,MODIS,66,6.2,281.9,42.6,N,0
-15.7755,129.3914,300.7,1.9,1.3,2014-07-22,1425,Terra,MODIS,33,6.2,290.4,12,N,0
-16.3524,144.2646,307.1,1,1,2014-07-22,1551,Aqua,MODIS,39,6.2,287.7,8.8,N,0
-14.1807,142.8497,305.2,1,1,2014-07-22,1551,Aqua,MODIS,63,6.2,290.6,7.1,N,0
-14.184,142.81,300.4,1,1,2014-07-22,1551,Aqua,MODIS,15,6.2,290.2,4.3,N,0
-14.1855,142.8196,308.3,1,1,2014-07-22,1551,Aqua,MODIS,74,6.2,290.9,9.3,N,0
-16.7272,136.7697,310.1,2.2,1.4,2014-07-22,1552,Aqua,MODIS,79,6.2,284.9,39.9,N,0
-18.7767,133.8601,305.4,3.3,1.7,2014-07-22,1552,Aqua,MODIS,64,6.2,282.8,55.5,N,0
-18.7736,133.8556,305,3.3,1.7,2014-07-22,1552,Aqua,MODIS,63,6.2,283,51.1,N,0
-32.4715,116.0705,300.2,1,1,2014-07-22,1735,Aqua,MODIS,22,6.2,277.7,8.2,N,0
-27.5906,153.4437,304.3,1.5,1.2,2014-07-22,2341,Terra,MODIS,59,6.2,289.5,9.2,D,0
-30.3926,151.325,305,1.7,1.3,2014-07-22,2342,Terra,MODIS,60,6.2,284.9,18.2,D,0
-14.1803,142.8193,335.3,2.1,1.4,2014-07-23,0115,Terra,MODIS,88,6.2,291.4,90.6,D,0
-14.177,142.8995,320,2.2,1.4,2014-07-23,0115,Terra,MODIS,76,6.2,296.4,38.4,D,0
-14.1794,142.9194,313.7,2.2,1.4,2014-07-23,0115,Terra,MODIS,40,6.2,296.7,22.9,D,0
-13.2989,142.0365,315.9,1.8,1.3,2014-07-23,0115,Terra,MODIS,68,6.2,300.7,17.5,D,0
-13.2967,142.0199,323.6,1.8,1.3,2014-07-23,0115,Terra,MODIS,80,6.2,301.5,35.4,D,0
-13.305,142.0289,325.8,1.8,1.3,2014-07-23,0115,Terra,MODIS,82,6.2,299.5,40.2,D,0
-14.1827,142.8389,336.4,2.1,1.4,2014-07-23,0115,Terra,MODIS,89,6.2,295.1,94.4,D,0
-11.6309,131.2801,312.7,1.9,1.4,2014-07-23,0115,Terra,MODIS,60,6.2,295.9,19,D,0
-11.6348,131.2734,309.4,1.9,1.4,2014-07-23,0115,Terra,MODIS,38,6.2,295.8,13.2,D,0
-14.1723,142.8601,339,2.1,1.4,2014-07-23,0115,Terra,MODIS,90,6.2,297.7,109.4,D,0
-12.2331,142.0269,310.6,1.7,1.3,2014-07-23,0115,Terra,MODIS,50,6.2,296.1,13,D,0
-12.6093,142.4068,312.2,1.9,1.3,2014-07-23,0115,Terra,MODIS,48,6.2,299.4,13.3,D,0
-12.7253,142.5099,315,1.9,1.4,2014-07-23,0115,Terra,MODIS,69,6.2,298.9,20.4,D,0
-12.5452,134.7946,318.3,1.1,1,2014-07-23,0115,Terra,MODIS,71,6.2,296.5,11.1,D,0
-11.7696,133.886,317.7,1.3,1.1,2014-07-23,0115,Terra,MODIS,51,6.2,298.8,12.6,D,0
-12.9875,142.3165,348.5,1.9,1.3,2014-07-23,0115,Terra,MODIS,95,6.2,302.6,128.4,D,0
-11.7904,133.8878,318.8,1.3,1.1,2014-07-23,0115,Terra,MODIS,0,6.2,298.9,12,D,0
-12.9896,142.3336,385.8,1.9,1.3,2014-07-23,0115,Terra,MODIS,100,6.2,305.8,428,D,0
-12.3138,133.1331,318.9,1.4,1.2,2014-07-23,0115,Terra,MODIS,69,6.2,302.2,12.1,D,0
-12.6167,142.4123,314.6,1.9,1.3,2014-07-23,0115,Terra,MODIS,68,6.2,298.7,18.4,D,0
-12.3263,142.0414,314,1.7,1.3,2014-07-23,0115,Terra,MODIS,68,6.2,294.9,17.6,D,0
-12.6024,142.3967,310.8,1.9,1.3,2014-07-23,0115,Terra,MODIS,38,6.2,298.4,10.7,D,0
-13.044,142.132,318.4,1.8,1.3,2014-07-23,0115,Terra,MODIS,75,6.2,299.4,25.9,D,0
-12.9486,142.0992,314.7,1.8,1.3,2014-07-23,0115,Terra,MODIS,60,6.2,299.8,16.7,D,0
-12.3983,135.2865,312.5,1.1,1,2014-07-23,0115,Terra,MODIS,41,6.2,297.7,5.8,D,0
-12.2558,135.1452,315,1.1,1,2014-07-23,0115,Terra,MODIS,35,6.2,298.7,8.2,D,0
-12.4229,141.9899,311.3,1.7,1.3,2014-07-23,0115,Terra,MODIS,61,6.2,299.6,10.5,D,0
-13.8141,143.1183,310.9,2.2,1.4,2014-07-23,0115,Terra,MODIS,61,6.2,293.1,18.1,D,0
-12.6213,142.4053,310.9,1.9,1.3,2014-07-23,0115,Terra,MODIS,27,6.2,298.7,10.5,D,0
-12.9466,142.0828,318.5,1.8,1.3,2014-07-23,0115,Terra,MODIS,74,6.2,299,24.8,D,0
-11.7804,133.8894,325.6,1.3,1.1,2014-07-23,0115,Terra,MODIS,36,6.2,298.7,19.7,D,0
-12.7603,133.9348,317.4,1.2,1.1,2014-07-23,0115,Terra,MODIS,68,6.2,300.6,11.6,D,0
-12.7214,142.5159,312.7,1.9,1.4,2014-07-23,0115,Terra,MODIS,64,6.2,299.5,15.4,D,0
-11.8078,133.2926,316.6,1.4,1.2,2014-07-23,0115,Terra,MODIS,67,6.2,299.9,12.7,D,0
-12.9286,142.5796,308.7,2,1.4,2014-07-23,0115,Terra,MODIS,16,6.2,291.4,11,D,0
-12.4524,142.0348,316,1.8,1.3,2014-07-23,0115,Terra,MODIS,64,6.2,301.5,16.6,D,0
-12.9521,142.0885,326.7,1.8,1.3,2014-07-23,0115,Terra,MODIS,82,6.2,296.8,41.8,D,0
-12.3759,132.1843,318,1.6,1.2,2014-07-23,0115,Terra,MODIS,63,6.2,302.1,15.1,D,0
-12.3093,132.2017,315.4,1.6,1.2,2014-07-23,0115,Terra,MODIS,58,6.2,300.2,13,D,0
-12.9938,142.3682,321.5,1.9,1.3,2014-07-23,0115,Terra,MODIS,26,6.2,296.3,30.5,D,0
-12.996,142.3855,325.5,1.9,1.3,2014-07-23,0115,Terra,MODIS,79,6.2,296.4,43.9,D,0
-11.9296,132.8382,315.4,1.5,1.2,2014-07-23,0115,Terra,MODIS,53,6.2,302.8,10.6,D,0
-11.9275,132.8249,315.6,1.5,1.2,2014-07-23,0115,Terra,MODIS,57,6.2,302.1,12.1,D,0
-12.9981,142.4029,317,1.9,1.3,2014-07-23,0115,Terra,MODIS,24,6.2,296.8,22.9,D,0
-12.9917,142.3509,347.4,1.9,1.3,2014-07-23,0115,Terra,MODIS,94,6.2,299.6,125.4,D,0
-12.5904,142.3982,327.1,1.9,1.3,2014-07-23,0115,Terra,MODIS,82,6.2,299.2,48.9,D,0
-12.6697,142.21,346.3,1.8,1.3,2014-07-23,0115,Terra,MODIS,94,6.2,301.6,114.3,D,0
-12.6718,142.2266,355.3,1.8,1.3,2014-07-23,0115,Terra,MODIS,98,6.2,302.9,162,D,0
-12.6778,142.2202,328.7,1.8,1.3,2014-07-23,0115,Terra,MODIS,83,6.2,302.6,47.7,D,0
-12.6876,142.2018,314.3,1.8,1.3,2014-07-23,0115,Terra,MODIS,14,6.2,299.5,14.4,D,0
-14.0954,132.8771,316.7,1.3,1.1,2014-07-23,0116,Terra,MODIS,53,6.2,304.4,8.2,D,0
-12.9942,130.9959,318,1.9,1.3,2014-07-23,0116,Terra,MODIS,63,6.2,302.2,19.8,D,0
-14.0971,132.8702,327.3,1.3,1.1,2014-07-23,0116,Terra,MODIS,79,6.2,305.7,24.7,D,0
-13.2511,131.062,316.8,1.9,1.3,2014-07-23,0116,Terra,MODIS,54,6.2,302.7,13.3,D,0
-14.3869,142.7028,318.3,2.1,1.4,2014-07-23,0116,Terra,MODIS,75,6.2,293.8,33,D,0
-16.6574,144.9247,312.5,3.4,1.7,2014-07-23,0116,Terra,MODIS,50,6.2,291.9,39,D,0
-16.1617,136.4913,314.3,1,1,2014-07-23,0116,Terra,MODIS,36,6.2,304,4.7,D,0
-15.0604,143.3366,314,2.4,1.5,2014-07-23,0116,Terra,MODIS,40,6.2,290.9,30.4,D,0
-14.3873,142.6971,314.9,2.1,1.4,2014-07-23,0116,Terra,MODIS,70,6.2,294,25.2,D,0
-14.3896,142.7165,309,2.1,1.4,2014-07-23,0116,Terra,MODIS,30,6.2,294.6,13,D,0
-15.1735,143.2938,307.8,2.4,1.5,2014-07-23,0116,Terra,MODIS,25,6.2,292.2,13.3,D,0
-14.329,143.1872,311.9,2.3,1.5,2014-07-23,0116,Terra,MODIS,63,6.2,290.3,25.7,D,0
-15.0226,143.324,311.5,2.4,1.5,2014-07-23,0116,Terra,MODIS,49,6.2,293.9,26.1,D,0
-16.6602,136.7596,320.5,1,1,2014-07-23,0116,Terra,MODIS,71,6.2,302.4,11.1,D,0
-16.667,136.8072,326.2,1,1,2014-07-23,0116,Terra,MODIS,78,6.2,305.6,15.6,D,0
-16.6761,136.8058,335.6,1,1,2014-07-23,0116,Terra,MODIS,86,6.2,305.6,27.7,D,0
-16.7129,136.8684,328.1,1,1,2014-07-23,0116,Terra,MODIS,80,6.2,305.5,17.1,D,0
-14.6591,132.4187,317.6,1.4,1.2,2014-07-23,0116,Terra,MODIS,53,6.2,306,10.9,D,0
-16.7116,136.8589,338.7,1,1,2014-07-23,0116,Terra,MODIS,89,6.2,304.8,32.5,D,0
-16.7799,136.8231,319.7,1,1,2014-07-23,0116,Terra,MODIS,41,6.2,304.1,8.4,D,0
-16.7812,136.8327,322.6,1,1,2014-07-23,0116,Terra,MODIS,67,6.2,303.6,11.8,D,0
-16.7327,136.7525,316.5,1,1,2014-07-23,0116,Terra,MODIS,48,6.2,302.6,6.8,D,0
-16.734,136.762,315,1,1,2014-07-23,0116,Terra,MODIS,38,6.2,303.1,5.7,D,0
-14.616,143.307,309,2.4,1.5,2014-07-23,0116,Terra,MODIS,54,6.2,293.2,19,D,0
-15.766,129.4532,328,2.2,1.4,2014-07-23,0116,Terra,MODIS,74,6.2,303.3,54.6,D,0
-15.7752,129.4301,321,2.2,1.4,2014-07-23,0116,Terra,MODIS,70,6.2,302,35,D,0
-15.7788,129.4506,321.1,2.2,1.4,2014-07-23,0116,Terra,MODIS,66,6.2,301.2,35.1,D,0
-16.3223,144.2061,312.4,2.9,1.6,2014-07-23,0116,Terra,MODIS,37,6.2,299,25.7,D,0
-16.3429,144.2588,311.7,3,1.6,2014-07-23,0116,Terra,MODIS,22,6.2,298,25.2,D,0
-15.7715,129.4096,316.7,2.2,1.4,2014-07-23,0116,Terra,MODIS,36,6.2,302.6,21.7,D,0
-14.2128,130.36,314.3,2,1.4,2014-07-23,0116,Terra,MODIS,49,6.2,298.5,16,D,0
-14.8354,130.2129,312.2,2,1.4,2014-07-23,0116,Terra,MODIS,48,6.2,301.1,15,D,0
-13.8265,133.233,338.8,1.3,1.1,2014-07-23,0116,Terra,MODIS,88,6.2,304.9,49.1,D,0
-18.2701,130.2988,357.5,1.7,1.3,2014-07-23,0117,Terra,MODIS,98,6.2,303.2,153.9,D,0
-18.2815,130.2966,354.8,1.7,1.3,2014-07-23,0117,Terra,MODIS,97,6.2,300,142.1,D,0
-18.2668,130.2935,335.8,1.7,1.3,2014-07-23,0117,Terra,MODIS,87,6.2,301.9,62.8,D,0
-18.2696,130.3095,330.6,1.7,1.3,2014-07-23,0117,Terra,MODIS,83,6.2,300.9,47.9,D,0
-18.2783,130.2914,345.5,1.7,1.3,2014-07-23,0117,Terra,MODIS,93,6.2,300.5,101.5,D,0
-18.2811,130.3073,339.9,1.7,1.3,2014-07-23,0117,Terra,MODIS,90,6.2,300.3,80.9,D,0
-18.2499,130.319,321.1,1.7,1.3,2014-07-23,0117,Terra,MODIS,28,6.2,301,21.7,D,0
-18.2614,130.3169,325.3,1.7,1.3,2014-07-23,0117,Terra,MODIS,41,6.2,300.5,31.1,D,0
-18.2384,130.3211,335.3,1.7,1.3,2014-07-23,0117,Terra,MODIS,87,6.2,303,59,D,0
-19.2304,132.7502,322.9,1.2,1.1,2014-07-23,0117,Terra,MODIS,63,6.2,298.8,15.6,D,0
-18.7734,133.8429,326.1,1.1,1,2014-07-23,0117,Terra,MODIS,79,6.2,303.8,18.3,D,0
-18.7718,133.8329,336,1.1,1,2014-07-23,0117,Terra,MODIS,87,6.2,303.6,32.8,D,0
-18.7677,133.8504,315.5,1.1,1,2014-07-23,0117,Terra,MODIS,15,6.2,303,7.4,D,0
-19.5594,132.2439,315.3,1.2,1.1,2014-07-23,0117,Terra,MODIS,52,6.2,300.8,8.8,D,0
-19.7289,132.8367,325,1.1,1.1,2014-07-23,0117,Terra,MODIS,78,6.2,300.9,19.2,D,0
-19.7194,132.8383,318.3,1.1,1.1,2014-07-23,0117,Terra,MODIS,38,6.2,302.3,10.3,D,0
-19.7332,132.8027,338.7,1.1,1.1,2014-07-23,0117,Terra,MODIS,89,6.2,302.5,41.1,D,0
-19.2033,132.7663,327,1.2,1.1,2014-07-23,0117,Terra,MODIS,80,6.2,302.8,20.3,D,0
-19.2386,132.72,334.5,1.2,1.1,2014-07-23,0117,Terra,MODIS,86,6.2,302.8,36.1,D,0
-19.2428,132.6853,343.3,1.2,1.1,2014-07-23,0117,Terra,MODIS,92,6.2,300.7,54.8,D,0
-19.241,132.6743,367.7,1.2,1.1,2014-07-23,0117,Terra,MODIS,100,6.2,300,130.4,D,0
-19.2404,132.731,327,1.2,1.1,2014-07-23,0117,Terra,MODIS,80,6.2,300,23.5,D,0
-19.2331,132.687,372.4,1.2,1.1,2014-07-23,0117,Terra,MODIS,100,6.2,307.6,149.2,D,0
-19.2313,132.676,374.6,1.2,1.1,2014-07-23,0117,Terra,MODIS,100,6.2,309.5,159.8,D,0
-19.2365,132.7265,339.5,1.2,1.1,2014-07-23,0117,Terra,MODIS,89,6.2,303.7,43.4,D,0
-19.2312,132.6935,328.9,1.2,1.1,2014-07-23,0117,Terra,MODIS,76,6.2,302,23.6,D,0
-19.2295,132.6825,386.5,1.2,1.1,2014-07-23,0117,Terra,MODIS,100,6.2,310.8,219.3,D,0
-19.2286,132.7393,338.9,1.2,1.1,2014-07-23,0117,Terra,MODIS,89,6.2,302.2,41.6,D,0
-19.3313,132.9274,323,1.1,1.1,2014-07-23,0117,Terra,MODIS,76,6.2,302.9,17.1,D,0
-19.3331,132.9382,313.3,1.1,1.1,2014-07-23,0117,Terra,MODIS,53,6.2,301,6.5,D,0
-19.5534,132.5883,315.3,1.2,1.1,2014-07-23,0117,Terra,MODIS,25,6.2,301.4,8.2,D,0
-19.205,132.7773,324.6,1.2,1.1,2014-07-23,0117,Terra,MODIS,77,6.2,302.1,18.2,D,0
-19.2111,132.7536,328.4,1.2,1.1,2014-07-23,0117,Terra,MODIS,62,6.2,304.1,20,D,0
-19.2129,132.7646,359.5,1.2,1.1,2014-07-23,0117,Terra,MODIS,99,6.2,304.6,93.7,D,0
-19.7227,132.7378,319.2,1.1,1.1,2014-07-23,0117,Terra,MODIS,59,6.2,303.4,10.3,D,0
-19.7322,132.7361,333.9,1.1,1.1,2014-07-23,0117,Terra,MODIS,86,6.2,302,32,D,0
-19.2225,132.7629,330.7,1.2,1.1,2014-07-23,0117,Terra,MODIS,65,6.2,300.1,25.6,D,0
-19.2208,132.7519,346.8,1.2,1.1,2014-07-23,0117,Terra,MODIS,94,6.2,303.3,56.8,D,0
-19.5027,132.6609,314.6,1.2,1.1,2014-07-23,0117,Terra,MODIS,40,6.2,301.5,6.6,D,0
-19.1818,132.9375,317.7,1.1,1.1,2014-07-23,0117,Terra,MODIS,68,6.2,301,11.8,D,0
-18.7661,133.8404,325.3,1.1,1,2014-07-23,0117,Terra,MODIS,78,6.2,303.9,18.2,D,0
-19.1773,132.9338,330.4,1.1,1.1,2014-07-23,0117,Terra,MODIS,83,6.2,302.7,26.9,D,0
-18.7826,133.8413,316.3,1.1,1,2014-07-23,0117,Terra,MODIS,58,6.2,303.4,8.2,D,0
-18.775,133.8529,315.3,1.1,1,2014-07-23,0117,Terra,MODIS,21,6.2,303.7,6.3,D,0
-21.8045,116.3511,321.8,2,1.4,2014-07-23,0256,Terra,MODIS,78,6.2,300.4,41.4,D,0
-21.8025,116.3316,353.3,2,1.4,2014-07-23,0256,Terra,MODIS,97,6.2,301.9,183.3,D,0
-21.8004,116.3123,315.1,2,1.4,2014-07-23,0256,Terra,MODIS,68,6.2,296.2,23.9,D,0
-21.9075,119.209,304,3.3,1.7,2014-07-23,0256,Terra,MODIS,35,6.2,292.9,22.7,D,0
-34.466,150.8805,305.3,1,1,2014-07-23,0359,Aqua,MODIS,46,6.2,287.5,6.7,D,2
-35.9651,146.5916,322.2,1.2,1.1,2014-07-23,0359,Aqua,MODIS,81,6.2,279.8,31.3,D,0
-36.1744,147.5595,301.7,1.1,1.1,2014-07-23,0359,Aqua,MODIS,37,6.2,281.5,8.9,D,0
-36.1765,147.5653,308.8,1.1,1.1,2014-07-23,0359,Aqua,MODIS,68,6.2,281,13.8,D,0
-35.9666,146.5778,329.9,1.2,1.1,2014-07-23,0359,Aqua,MODIS,87,6.2,279.2,43.7,D,0
-30.4714,150.4163,316.6,1.1,1,2014-07-23,0400,Aqua,MODIS,77,6.2,292.9,14.7,D,0
-31.7048,149.0874,310.1,1,1,2014-07-23,0400,Aqua,MODIS,50,6.2,283.9,9.1,D,0
-32.2881,149.4989,303.2,1,1,2014-07-23,0400,Aqua,MODIS,55,6.2,290.2,5.1,D,0
-31.0098,150.1676,331.1,1,1,2014-07-23,0400,Aqua,MODIS,87,6.2,292,31,D,0
-31.0115,150.1568,306.6,1,1,2014-07-23,0400,Aqua,MODIS,64,6.2,292.5,6.3,D,0
-30.5112,148.8779,302.2,1,1,2014-07-23,0400,Aqua,MODIS,51,6.2,282.1,3.8,D,0
-28.6389,149.9397,323.4,1.1,1,2014-07-23,0400,Aqua,MODIS,76,6.2,289.2,19.4,D,0
-28.7582,152.0808,304.2,1.3,1.1,2014-07-23,0400,Aqua,MODIS,38,6.2,287.3,9.2,D,0
-31.6892,150.543,308.8,1,1,2014-07-23,0400,Aqua,MODIS,68,6.2,289.3,7.5,D,0
-29.2859,149.9252,311.6,1.1,1,2014-07-23,0400,Aqua,MODIS,67,6.2,293.9,6.6,D,0
-28.7556,150.0661,309.5,1.1,1,2014-07-23,0400,Aqua,MODIS,56,6.2,292.2,5.9,D,0
-30.7291,151.792,303.5,1.2,1.1,2014-07-23,0400,Aqua,MODIS,56,6.2,291.2,5.6,D,0
-30.7312,151.7796,304.8,1.2,1.1,2014-07-23,0400,Aqua,MODIS,60,6.2,290.6,6.6,D,0
-30.3969,151.3284,303.4,1.1,1.1,2014-07-23,0400,Aqua,MODIS,53,6.2,291,5.5,D,0
-31.2709,152.6507,300.2,1.3,1.1,2014-07-23,0400,Aqua,MODIS,24,6.2,289.9,5.3,D,0
-26.3632,151.9029,312.1,1.4,1.2,2014-07-23,0401,Aqua,MODIS,47,6.2,288.9,14.9,D,0
-26.9491,150.3099,344.7,1.1,1.1,2014-07-23,0401,Aqua,MODIS,86,6.2,296.6,55.9,D,0
-26.6071,150.2036,305.9,1.1,1.1,2014-07-23,0401,Aqua,MODIS,32,6.2,290.9,5.9,D,0
-26.6926,150.1796,310.5,1.1,1.1,2014-07-23,0401,Aqua,MODIS,56,6.2,295.6,7.4,D,0
-26.9359,150.3308,331.1,1.1,1.1,2014-07-23,0401,Aqua,MODIS,85,6.2,295.9,31.7,D,0
-26.926,150.2696,334.4,1.1,1.1,2014-07-23,0401,Aqua,MODIS,49,6.2,297.1,34.2,D,0
-26.9278,150.2582,338.1,1.1,1.1,2014-07-23,0401,Aqua,MODIS,87,6.2,298,41.1,D,0
-26.9297,150.2469,320.5,1.1,1.1,2014-07-23,0401,Aqua,MODIS,26,6.2,296.8,14.3,D,0
-26.9374,150.2602,356.3,1.1,1.1,2014-07-23,0401,Aqua,MODIS,85,6.2,299.2,84.2,D,0
-26.9624,150.2889,327.6,1.1,1.1,2014-07-23,0401,Aqua,MODIS,53,6.2,293.4,24.6,D,0
-26.9642,150.2774,320.6,1.1,1.1,2014-07-23,0401,Aqua,MODIS,36,6.2,291.1,15.7,D,0
-26.9436,150.3443,325.9,1.1,1.1,2014-07-23,0401,Aqua,MODIS,67,6.2,294.6,23,D,0
-26.9455,150.3328,330.8,1.1,1.1,2014-07-23,0401,Aqua,MODIS,70,6.2,292.7,30,D,0
-26.9473,150.3213,378.9,1.1,1.1,2014-07-23,0401,Aqua,MODIS,87,6.2,300,174.3,D,0
-26.951,150.2984,336.7,1.1,1.1,2014-07-23,0401,Aqua,MODIS,60,6.2,295.9,37.8,D,0
-26.9583,150.2527,326.7,1.1,1.1,2014-07-23,0401,Aqua,MODIS,47,6.2,289.8,22.2,D,0
-26.934,150.3423,322.1,1.1,1.1,2014-07-23,0401,Aqua,MODIS,78,6.2,295.8,18.4,D,0
-26.9337,150.283,346.8,1.1,1.1,2014-07-23,0401,Aqua,MODIS,89,6.2,297.6,61.1,D,0
-26.9356,150.2715,361.5,1.1,1.1,2014-07-23,0401,Aqua,MODIS,87,6.2,299,99.6,D,0
-26.9487,150.2508,338,1.1,1.1,2014-07-23,0401,Aqua,MODIS,45,6.2,295.7,38.5,D,0
-26.9392,150.2488,323.9,1.1,1.1,2014-07-23,0401,Aqua,MODIS,41,6.2,296.5,17.8,D,0
-28.3533,150.3941,313.4,1.1,1.1,2014-07-23,0401,Aqua,MODIS,68,6.2,297.2,8.3,D,0
-28.4729,150.1593,319.5,1.1,1,2014-07-23,0401,Aqua,MODIS,77,6.2,297.1,15.4,D,0
-23.5336,148.2006,325.9,1,1,2014-07-23,0402,Aqua,MODIS,78,6.2,304.2,16.1,D,0
-23.5229,148.2091,316,1,1,2014-07-23,0402,Aqua,MODIS,60,6.2,304.2,7,D,0
-23.5244,148.199,322.6,1,1,2014-07-23,0402,Aqua,MODIS,74,6.2,304.4,13.5,D,0
-22.1526,149.357,318,1.2,1.1,2014-07-23,0402,Aqua,MODIS,52,6.2,295.2,15.9,D,0
-24.03,148.5069,331.1,1.1,1,2014-07-23,0402,Aqua,MODIS,84,6.2,303.7,24.2,D,0
-24.8411,146.9404,336.5,1,1,2014-07-23,0402,Aqua,MODIS,89,6.2,299.6,32.2,D,0
-24.8425,146.9305,320.7,1,1,2014-07-23,0402,Aqua,MODIS,76,6.2,297.6,12.6,D,0
-22.1508,149.3684,322.8,1.2,1.1,2014-07-23,0402,Aqua,MODIS,74,6.2,295.7,21.7,D,0
-22.8557,148.6589,314.5,1.1,1,2014-07-23,0402,Aqua,MODIS,25,6.2,301.4,6,D,0
-22.8573,148.6484,318.9,1.1,1,2014-07-23,0402,Aqua,MODIS,68,6.2,302.2,10.4,D,0
-22.8666,148.6501,317.9,1.1,1,2014-07-23,0402,Aqua,MODIS,51,6.2,303,9.3,D,0
-18.9864,146.2804,317.8,1,1,2014-07-23,0403,Aqua,MODIS,68,6.2,298.1,11.5,D,0
-18.9878,146.2709,345.3,1,1,2014-07-23,0403,Aqua,MODIS,93,6.2,302.3,49.4,D,0
-19.1103,146.4398,311.1,1,1,2014-07-23,0403,Aqua,MODIS,42,6.2,296.4,7.5,D,0
-18.9892,146.2614,345.6,1,1,2014-07-23,0403,Aqua,MODIS,93,6.2,300.8,50,D,0
-17.9733,145.782,317.2,1,1,2014-07-23,0403,Aqua,MODIS,69,6.2,295,11.1,D,0
-15.7078,144.4478,308.9,1,1,2014-07-23,0404,Aqua,MODIS,16,6.2,294.6,3.3,D,0
-15.8731,144.5142,314.6,1,1,2014-07-23,0404,Aqua,MODIS,24,6.2,293.5,8.3,D,0
-15.8923,144.5744,316,1,1,2014-07-23,0404,Aqua,MODIS,66,6.2,299,9.8,D,0
-15.9013,144.5758,312.4,1,1,2014-07-23,0404,Aqua,MODIS,27,6.2,298.5,6.1,D,0
-17.7479,145.2391,320.8,1,1,2014-07-23,0404,Aqua,MODIS,73,6.2,301,12.5,D,0
-15.4962,141.7542,325.6,1.3,1.1,2014-07-23,0404,Aqua,MODIS,70,6.2,302.9,18.5,D,0
-16.6454,144.9746,328.2,1,1,2014-07-23,0404,Aqua,MODIS,80,6.2,301.4,18.4,D,0
-16.5277,145.2165,323.2,1,1,2014-07-23,0404,Aqua,MODIS,73,6.2,296.8,18.3,D,0
-16.6867,144.9427,318.6,1,1,2014-07-23,0404,Aqua,MODIS,21,6.2,300.6,8.6,D,0
-15.0652,143.3191,326.6,1.1,1,2014-07-23,0404,Aqua,MODIS,81,6.2,297.6,21.8,D,0
-16.5201,145.2058,315.9,1,1,2014-07-23,0404,Aqua,MODIS,48,6.2,297.1,11,D,0
-15.6771,144.4757,318,1,1,2014-07-23,0404,Aqua,MODIS,49,6.2,299.6,8.7,D,0
-16.6074,145.1784,317.5,1,1,2014-07-23,0404,Aqua,MODIS,64,6.2,299.2,10,D,0
-16.606,145.1877,324.5,1,1,2014-07-23,0404,Aqua,MODIS,76,6.2,300,17,D,0
-16.6544,144.976,321.6,1,1,2014-07-23,0404,Aqua,MODIS,58,6.2,299.8,11.1,D,0
-16.6441,144.984,323,1,1,2014-07-23,0404,Aqua,MODIS,62,6.2,299.7,13,D,0
-15.6667,144.4837,326.9,1,1,2014-07-23,0404,Aqua,MODIS,82,6.2,298.9,18.1,D,0
-16.1347,144.3545,332.7,1,1,2014-07-23,0404,Aqua,MODIS,79,6.2,301.3,23.1,D,0
-15.1794,143.2908,319.5,1.1,1,2014-07-23,0404,Aqua,MODIS,43,6.2,301.6,10.7,D,0
-16.3077,135.7028,318.7,3.7,1.8,2014-07-23,0404,Aqua,MODIS,54,6.2,308,49.5,D,0
-15.668,144.4743,317.1,1,1,2014-07-23,0404,Aqua,MODIS,48,6.2,299.1,7.7,D,0
-15.8936,144.5651,310.9,1,1,2014-07-23,0404,Aqua,MODIS,33,6.2,296,5.4,D,0
-16.3111,135.6686,330,3.7,1.8,2014-07-23,0404,Aqua,MODIS,81,6.2,306.2,135.9,D,0
-16.3622,136.924,325.5,3,1.6,2014-07-23,0404,Aqua,MODIS,75,6.2,302,74.4,D,0
-16.348,136.9295,317.3,3,1.6,2014-07-23,0404,Aqua,MODIS,31,6.2,302.2,35.2,D,0
-16.6875,136.8504,325.6,3,1.7,2014-07-23,0404,Aqua,MODIS,71,6.2,307,61.3,D,0
-16.688,136.8434,328.7,3,1.7,2014-07-23,0404,Aqua,MODIS,81,6.2,307.1,82.1,D,0
-16.6821,136.7558,336.9,3.1,1.7,2014-07-23,0404,Aqua,MODIS,87,6.2,305.9,148.2,D,0
-16.6671,136.7541,321.3,3.1,1.7,2014-07-23,0404,Aqua,MODIS,56,6.2,305.6,52.3,D,0
-16.7454,136.734,322.6,3.1,1.7,2014-07-23,0404,Aqua,MODIS,71,6.2,304.1,61.5,D,0
-16.7832,136.804,318.9,3.1,1.7,2014-07-23,0404,Aqua,MODIS,53,6.2,305.7,41.9,D,0
-16.7025,136.8521,339.7,3,1.7,2014-07-23,0404,Aqua,MODIS,89,6.2,307.7,157.2,D,0
-16.7029,136.8451,341.4,3,1.7,2014-07-23,0404,Aqua,MODIS,90,6.2,307.5,176.6,D,0
-16.7842,136.7794,324.7,3.1,1.7,2014-07-23,0404,Aqua,MODIS,59,6.2,304.1,69.3,D,0
-16.7862,136.7751,320.5,3.1,1.7,2014-07-23,0404,Aqua,MODIS,64,6.2,303.5,51.2,D,0
-16.7411,136.7699,321.1,3.1,1.7,2014-07-23,0404,Aqua,MODIS,59,6.2,304,48.4,D,0
-16.7441,136.7409,329.2,3.1,1.7,2014-07-23,0404,Aqua,MODIS,81,6.2,304.8,101.3,D,0
-16.7422,136.7628,327.9,3.1,1.7,2014-07-23,0404,Aqua,MODIS,80,6.2,304.3,86.2,D,0
-16.3134,144.2581,331.6,1,1,2014-07-23,0404,Aqua,MODIS,83,6.2,305.2,21.4,D,0
-16.3147,144.2485,327.9,1,1,2014-07-23,0404,Aqua,MODIS,78,6.2,304,17.1,D,0
-16.32,144.2103,323.1,1,1,2014-07-23,0404,Aqua,MODIS,49,6.2,301.8,11.7,D,0
-16.3096,144.2185,323,1,1,2014-07-23,0404,Aqua,MODIS,68,6.2,301,12.8,D,0
-16.3056,144.2471,324.1,1,1,2014-07-23,0404,Aqua,MODIS,75,6.2,302.7,13.7,D,0
-16.3109,144.209,320.8,1,1,2014-07-23,0404,Aqua,MODIS,41,6.2,301.4,10,D,0
-16.2848,144.2635,325.1,1,1,2014-07-23,0404,Aqua,MODIS,73,6.2,305,14.6,D,0
-15.0308,143.294,328,1.1,1,2014-07-23,0404,Aqua,MODIS,77,6.2,293,24.3,D,0
-15.0202,143.3025,341.1,1.1,1,2014-07-23,0404,Aqua,MODIS,86,6.2,297,44.5,D,0
-17.9096,138.5659,318.8,2.3,1.5,2014-07-23,0404,Aqua,MODIS,60,6.2,307.6,22.6,D,0
-14.2214,143.5753,320.6,1,1,2014-07-23,0405,Aqua,MODIS,61,6.2,301.4,11,D,0
-12.8033,141.788,319.3,1.2,1.1,2014-07-23,0405,Aqua,MODIS,65,6.2,303.7,13.6,D,0
-13.3048,142.0052,347.6,1.2,1.1,2014-07-23,0405,Aqua,MODIS,94,6.2,303.9,60.9,D,0
-13.3062,141.9944,344.5,1.2,1.1,2014-07-23,0405,Aqua,MODIS,93,6.2,303.6,54.7,D,0
-14.0133,142.1206,324.4,1.2,1.1,2014-07-23,0405,Aqua,MODIS,75,6.2,296.3,21,D,0
-14.1694,142.8739,357.1,1.1,1,2014-07-23,0405,Aqua,MODIS,93,6.2,299.3,82.1,D,0
-12.3257,141.9312,316,1.2,1.1,2014-07-23,0405,Aqua,MODIS,57,6.2,300.9,8.6,D,0
-14.4069,143.3596,314.6,1.1,1,2014-07-23,0405,Aqua,MODIS,48,6.2,299.7,9.2,D,0
-14.1178,141.9517,319,1.2,1.1,2014-07-23,0405,Aqua,MODIS,71,6.2,296.5,14.3,D,0
-13.876,142.1442,322.6,1.2,1.1,2014-07-23,0405,Aqua,MODIS,72,6.2,300.5,17.6,D,0
-13.3194,142.1162,325.9,1.2,1.1,2014-07-23,0405,Aqua,MODIS,74,6.2,305,18.2,D,0
-13.3209,142.1056,335.8,1.2,1.1,2014-07-23,0405,Aqua,MODIS,88,6.2,306.8,34,D,0
-14.3195,143.3314,322.9,1.1,1,2014-07-23,0405,Aqua,MODIS,77,6.2,297.8,15.9,D,0
-14.1827,142.9169,323.1,1.1,1,2014-07-23,0405,Aqua,MODIS,61,6.2,301.1,16.6,D,0
-11.6436,142.7496,317.5,1.1,1,2014-07-23,0405,Aqua,MODIS,64,6.2,301,12,D,0
-14.1708,142.8638,328.3,1.1,1,2014-07-23,0405,Aqua,MODIS,78,6.2,298.1,23.3,D,0
-11.6515,142.7605,317.1,1.1,1,2014-07-23,0405,Aqua,MODIS,65,6.2,299.1,11.1,D,0
-14.1681,142.884,362.2,1.1,1,2014-07-23,0405,Aqua,MODIS,94,6.2,299.1,97.5,D,0
-12.3777,141.8575,325.3,1.2,1.1,2014-07-23,0405,Aqua,MODIS,77,6.2,303.7,18.6,D,0
-12.3791,141.8468,317.4,1.2,1.1,2014-07-23,0405,Aqua,MODIS,57,6.2,301.8,8.7,D,0
-12.6902,142.1941,364.7,1.1,1.1,2014-07-23,0405,Aqua,MODIS,100,6.2,305.7,106.5,D,0
-12.5086,135.3335,318.9,3.5,1.8,2014-07-23,0405,Aqua,MODIS,40,6.2,295.2,61.6,D,0
-12.4389,135.2852,330.9,3.5,1.8,2014-07-23,0405,Aqua,MODIS,85,6.2,293.1,141.6,D,0
-13.0368,142.1019,322.9,1.2,1.1,2014-07-23,0405,Aqua,MODIS,72,6.2,303.2,14.6,D,0
-12.6916,142.1837,362.4,1.1,1.1,2014-07-23,0405,Aqua,MODIS,100,6.2,305.1,99.9,D,0
-13.0215,142.1426,328.8,1.1,1.1,2014-07-23,0405,Aqua,MODIS,76,6.2,303.9,21.4,D,0
-12.333,142.0922,319,1.1,1.1,2014-07-23,0405,Aqua,MODIS,46,6.2,300.9,9.7,D,0
-12.4294,141.9837,327.3,1.2,1.1,2014-07-23,0405,Aqua,MODIS,49,6.2,306,19.2,D,0
-12.6171,142.4178,323.1,1.1,1,2014-07-23,0405,Aqua,MODIS,75,6.2,301.7,13.9,D,0
-14.2589,143.636,322.5,1,1,2014-07-23,0405,Aqua,MODIS,77,6.2,302.1,13.1,D,0
-13.0297,142.1545,323.6,1.1,1.1,2014-07-23,0405,Aqua,MODIS,71,6.2,303.7,14.2,D,0
-12.4265,142.0047,332.9,1.1,1.1,2014-07-23,0405,Aqua,MODIS,82,6.2,305.8,27.7,D,0
-12.6008,142.4669,327.1,1.1,1,2014-07-23,0405,Aqua,MODIS,80,6.2,305.8,18.8,D,0
-12.3151,134.9885,316.4,3.7,1.8,2014-07-23,0405,Aqua,MODIS,62,6.2,294.6,63.6,D,0
-13.0018,142.2886,323.1,1.1,1.1,2014-07-23,0405,Aqua,MODIS,46,6.2,301.7,13.6,D,0
-12.351,135.031,322.4,3.6,1.8,2014-07-23,0405,Aqua,MODIS,73,6.2,295.2,97,D,0
-12.5422,134.788,316.3,3.8,1.8,2014-07-23,0405,Aqua,MODIS,70,6.2,296.1,60.2,D,0
-12.4423,135.2532,339,3.5,1.8,2014-07-23,0405,Aqua,MODIS,90,6.2,292.3,217,D,0
-12.3238,142.0167,333.4,1.1,1.1,2014-07-23,0405,Aqua,MODIS,77,6.2,302,29.7,D,0
-12.6022,142.4568,387.9,1.1,1,2014-07-23,0405,Aqua,MODIS,100,6.2,312.2,206.4,D,0
-12.4456,135.2819,333,3.5,1.8,2014-07-23,0405,Aqua,MODIS,86,6.2,293.4,162.7,D,0
-13.14,142.0134,330.8,1.2,1.1,2014-07-23,0405,Aqua,MODIS,84,6.2,303.1,27.1,D,0
-12.9976,142.3196,337.5,1.1,1.1,2014-07-23,0405,Aqua,MODIS,88,6.2,303.3,34.2,D,0
-12.9962,142.3299,344,1.1,1.1,2014-07-23,0405,Aqua,MODIS,92,6.2,305.4,46.8,D,0
-13.1496,142.0148,327,1.2,1.1,2014-07-23,0405,Aqua,MODIS,81,6.2,302.1,21.6,D,0
-13.0609,142.2389,321.5,1.1,1.1,2014-07-23,0405,Aqua,MODIS,75,6.2,303,14.4,D,0
-12.3112,135.0219,315.3,3.6,1.8,2014-07-23,0405,Aqua,MODIS,60,6.2,294.2,55.2,D,0
-12.3224,142.0271,335.1,1.1,1.1,2014-07-23,0405,Aqua,MODIS,78,6.2,305.4,32.6,D,0
-13.1511,142.0042,328.7,1.2,1.1,2014-07-23,0405,Aqua,MODIS,82,6.2,299.3,24.4,D,0
-12.6035,142.4467,354.9,1.1,1,2014-07-23,0405,Aqua,MODIS,97,6.2,306,74.1,D,0
-12.4949,135.3563,322.1,3.4,1.7,2014-07-23,0405,Aqua,MODIS,77,6.2,291.4,87.4,D,0
-13.0311,142.144,341.3,1.1,1.1,2014-07-23,0405,Aqua,MODIS,91,6.2,307.2,43.3,D,0
-12.5898,135.1791,315.5,3.6,1.8,2014-07-23,0405,Aqua,MODIS,69,6.2,293.9,53,D,0
-12.3176,142.5197,346.5,1.1,1,2014-07-23,0405,Aqua,MODIS,93,6.2,301.4,52.2,D,0
-12.4308,141.9731,339.2,1.2,1.1,2014-07-23,0405,Aqua,MODIS,89,6.2,305,41.1,D,0
-12.9937,142.2769,335.3,1.1,1.1,2014-07-23,0405,Aqua,MODIS,84,6.2,303.5,30.5,D,0
-12.3189,142.5098,341.9,1.1,1,2014-07-23,0405,Aqua,MODIS,91,6.2,302.8,43.1,D,0
-12.693,142.1733,327.1,1.1,1.1,2014-07-23,0405,Aqua,MODIS,78,6.2,302.3,20.1,D,0
-12.6185,142.4077,316,1.1,1,2014-07-23,0405,Aqua,MODIS,28,6.2,302.9,6.7,D,0
-12.4322,141.9626,316.2,1.2,1.1,2014-07-23,0405,Aqua,MODIS,62,6.2,301,8.5,D,0
-11.6528,142.7509,339.4,1.1,1,2014-07-23,0405,Aqua,MODIS,90,6.2,298.3,40.9,D,0
-12.3671,135.0328,315.9,3.6,1.8,2014-07-23,0405,Aqua,MODIS,38,6.2,294.8,59.9,D,0
-12.6871,142.1879,360,1.1,1.1,2014-07-23,0405,Aqua,MODIS,100,6.2,307.9,90.6,D,0
-12.4612,142.4245,317.2,1.1,1,2014-07-23,0405,Aqua,MODIS,59,6.2,303.4,7.5,D,0
-12.3064,134.9919,315,3.7,1.8,2014-07-23,0405,Aqua,MODIS,63,6.2,294.2,54.6,D,0
-12.7244,142.5109,317.3,1.1,1,2014-07-23,0405,Aqua,MODIS,62,6.2,304.6,7.5,D,0
-12.2599,135.1211,313.5,3.6,1.8,2014-07-23,0405,Aqua,MODIS,15,6.2,295.6,36,D,0
-12.322,142.1012,330.8,1.1,1.1,2014-07-23,0405,Aqua,MODIS,83,6.2,303.3,25.8,D,0
-12.4102,141.9809,344,1.2,1.1,2014-07-23,0405,Aqua,MODIS,92,6.2,305.7,50.6,D,0
-12.9568,142.0839,327.4,1.2,1.1,2014-07-23,0405,Aqua,MODIS,80,6.2,304.6,20.4,D,0
-12.6886,142.1775,337.5,1.1,1.1,2014-07-23,0405,Aqua,MODIS,88,6.2,305.2,36.3,D,0
-12.4116,141.9704,333.4,1.2,1.1,2014-07-23,0405,Aqua,MODIS,85,6.2,305,29.6,D,0
-13.1414,142.0027,329.6,1.2,1.1,2014-07-23,0405,Aqua,MODIS,83,6.2,299.6,25.8,D,0
-12.4279,141.9942,325.7,1.1,1.1,2014-07-23,0405,Aqua,MODIS,39,6.2,305.4,16.5,D,0
-13.0043,142.3416,386.6,1.1,1.1,2014-07-23,0405,Aqua,MODIS,100,6.2,306.7,203.9,D,0
-12.6157,142.4279,327.8,1.1,1,2014-07-23,0405,Aqua,MODIS,80,6.2,302,20.1,D,0
-12.2327,142.0078,325.4,1.1,1.1,2014-07-23,0405,Aqua,MODIS,75,6.2,301.3,19.3,D,0
-12.4198,141.9823,346.2,1.2,1.1,2014-07-23,0405,Aqua,MODIS,93,6.2,306.2,55.5,D,0
-12.4212,141.9718,325.6,1.2,1.1,2014-07-23,0405,Aqua,MODIS,60,6.2,303.3,17.4,D,0
-12.4458,135.2209,341.4,3.5,1.8,2014-07-23,0405,Aqua,MODIS,91,6.2,291.5,249.7,D,0
-14.2576,143.6455,323.8,1,1,2014-07-23,0405,Aqua,MODIS,78,6.2,300.2,14.7,D,0
-12.453,135.2177,336.1,3.5,1.8,2014-07-23,0405,Aqua,MODIS,88,6.2,293.8,201.1,D,0
-12.9553,142.0945,324.9,1.2,1.1,2014-07-23,0405,Aqua,MODIS,72,6.2,305.8,16.1,D,0
-12.4493,135.2499,341.1,3.5,1.8,2014-07-23,0405,Aqua,MODIS,91,6.2,293.5,242.5,D,0
-12.4559,142.0367,321.3,1.1,1.1,2014-07-23,0405,Aqua,MODIS,68,6.2,303.6,10.5,D,0
-13.0001,142.3724,327,1.1,1.1,2014-07-23,0405,Aqua,MODIS,56,6.2,304.3,15.8,D,0
-12.6857,142.1983,334.5,1.1,1.1,2014-07-23,0405,Aqua,MODIS,81,6.2,305.8,27.3,D,0
-12.3156,135.1231,324,3.6,1.8,2014-07-23,0405,Aqua,MODIS,67,6.2,295,103.2,D,0
-13.0029,142.3518,344.9,1.1,1.1,2014-07-23,0405,Aqua,MODIS,93,6.2,304.6,49.5,D,0
-13.0015,142.3621,340.5,1.1,1.1,2014-07-23,0405,Aqua,MODIS,90,6.2,305.2,38.8,D,0
-12.37,135.2405,317.9,3.5,1.8,2014-07-23,0405,Aqua,MODIS,42,6.2,290.3,64.6,D,0
-12.8947,142.7268,326.2,1.1,1,2014-07-23,0405,Aqua,MODIS,80,6.2,299.9,18.3,D,0
-12.8934,142.7367,326.1,1.1,1,2014-07-23,0405,Aqua,MODIS,64,6.2,301.8,18.5,D,0
-12.5928,142.4555,317,1.1,1,2014-07-23,0405,Aqua,MODIS,62,6.2,304.5,7.5,D,0
-12.3238,135.1286,336.4,3.6,1.8,2014-07-23,0405,Aqua,MODIS,88,6.2,296.7,207.6,D,0
-19.5691,132.614,324.7,4.7,2,2014-07-23,0541,Aqua,MODIS,40,6.2,301.8,136.2,D,0
-19.7402,132.7607,329,4.8,2,2014-07-23,0541,Aqua,MODIS,59,6.2,301.2,198.9,D,0
-19.7518,132.8072,336.7,4.8,2,2014-07-23,0541,Aqua,MODIS,76,6.2,301.6,288.9,D,0
-19.5096,132.6416,332.1,4.7,2,2014-07-23,0541,Aqua,MODIS,83,6.2,301.8,229.9,D,0
-19.5563,132.2361,325.9,4.4,1.9,2014-07-23,0541,Aqua,MODIS,74,6.2,301.5,137.4,D,0
-19.5178,132.6906,331.3,4.8,2,2014-07-23,0541,Aqua,MODIS,50,6.2,298.5,208.1,D,0
-19.2644,132.6646,314.4,4.8,2,2014-07-23,0541,Aqua,MODIS,36,6.2,303.4,51.3,D,0
-19.5,132.6864,324.2,4.8,2,2014-07-23,0541,Aqua,MODIS,73,6.2,299.7,143,D,0
-19.5012,132.6789,330.6,4.8,2,2014-07-23,0541,Aqua,MODIS,82,6.2,300,219.1,D,0
-19.5189,132.6832,334.8,4.8,2,2014-07-23,0541,Aqua,MODIS,85,6.2,298.9,272.2,D,0
-19.5105,132.6341,327.8,4.7,2,2014-07-23,0541,Aqua,MODIS,79,6.2,301.7,181.4,D,0
-19.7481,132.8104,341.5,4.8,2,2014-07-23,0541,Aqua,MODIS,90,6.2,302.6,366.5,D,0
-19.5273,132.6459,337.8,4.7,2,2014-07-23,0541,Aqua,MODIS,87,6.2,301.1,299.1,D,0
-19.5579,132.2441,325.2,4.4,1.9,2014-07-23,0541,Aqua,MODIS,73,6.2,301.2,131.1,D,0
-21.9052,119.1975,319.3,1.2,1.1,2014-07-23,0541,Aqua,MODIS,73,6.2,298.4,15.5,D,0
-21.8145,116.3378,317.1,1.7,1.3,2014-07-23,0542,Aqua,MODIS,65,6.2,303.6,15.2,D,0
-21.8029,116.3364,327.6,1.7,1.3,2014-07-23,0542,Aqua,MODIS,80,6.2,303.9,39.5,D,0
-21.8048,116.3195,331.9,1.7,1.3,2014-07-23,0542,Aqua,MODIS,84,6.2,303,51.6,D,0
-21.7912,116.3351,340.4,1.7,1.3,2014-07-23,0542,Aqua,MODIS,90,6.2,301.9,80,D,0
-21.7931,116.3181,372.3,1.7,1.3,2014-07-23,0542,Aqua,MODIS,100,6.2,305.2,260.5,D,0
-21.795,116.3011,325.6,1.7,1.3,2014-07-23,0542,Aqua,MODIS,78,6.2,302.9,35.4,D,0
-16.717,128.0666,317.4,2.5,1.5,2014-07-23,0542,Aqua,MODIS,50,6.2,304.3,21.9,D,0
-17.6467,123.3461,322.3,1.2,1.1,2014-07-23,0542,Aqua,MODIS,67,6.2,302.4,13.5,D,0
-17.611,123.3847,318.1,1.2,1.1,2014-07-23,0542,Aqua,MODIS,54,6.2,303.4,8,D,0
-16.6187,122.9736,315.9,1.1,1.1,2014-07-23,0543,Aqua,MODIS,56,6.2,301.6,8.1,D,0
-15.7137,129.4838,321.3,3.4,1.7,2014-07-23,0543,Aqua,MODIS,66,6.2,304.6,52.7,D,0
-15.7197,129.4525,328.7,3.4,1.7,2014-07-23,0543,Aqua,MODIS,78,6.2,305.7,98.9,D,0
-15.718,129.4768,328.2,3.4,1.7,2014-07-23,0543,Aqua,MODIS,77,6.2,304.8,98.7,D,0
-15.7237,129.4455,323.7,3.4,1.7,2014-07-23,0543,Aqua,MODIS,70,6.2,305.5,67.1,D,0
-14.1652,142.7968,305.1,1.9,1.3,2014-07-23,1329,Terra,MODIS,63,6.2,288.9,16.9,N,0
-14.1681,142.7796,304.2,1.9,1.3,2014-07-23,1329,Terra,MODIS,59,6.2,288.8,15.8,N,0
-14.1565,142.8482,329,1.9,1.3,2014-07-23,1329,Terra,MODIS,100,6.2,290.3,71.4,N,0
-15.6667,129.4831,316.5,2.8,1.6,2014-07-23,1329,Terra,MODIS,93,6.2,291.8,65.5,N,0
-15.6647,129.4775,315,2.8,1.6,2014-07-23,1329,Terra,MODIS,90,6.2,291.7,60.1,N,0
-14.1595,142.8309,320.9,1.9,1.3,2014-07-23,1329,Terra,MODIS,100,6.2,290.2,46.4,N,0
-14.1504,142.8117,316.6,1.9,1.3,2014-07-23,1329,Terra,MODIS,93,6.2,288.8,36.8,N,0
-14.1623,142.8139,310.5,1.9,1.3,2014-07-23,1329,Terra,MODIS,80,6.2,289.9,25.2,N,0
-14.1536,142.8654,304.2,1.9,1.3,2014-07-23,1329,Terra,MODIS,59,6.2,288.8,16.4,N,0
-12.3287,135.128,304.7,1.1,1,2014-07-23,1330,Terra,MODIS,61,6.2,290.7,6.3,N,0
-12.6513,142.1985,302.5,1.8,1.3,2014-07-23,1330,Terra,MODIS,49,6.2,291.1,11.4,N,0
-12.3438,135.1365,314.7,1.1,1,2014-07-23,1330,Terra,MODIS,90,6.2,291,13.8,N,0
-12.3366,135.1391,301.4,1.1,1,2014-07-23,1330,Terra,MODIS,2,6.2,290.7,3.9,N,0
-12.9072,142.0567,301.7,1.7,1.3,2014-07-23,1330,Terra,MODIS,44,6.2,290.3,11.3,N,0
-32.4587,116.1875,309.3,1,1,2014-07-23,1503,Terra,MODIS,77,6.2,279.5,13,N,0
-21.772,116.3304,312.9,1.1,1.1,2014-07-23,1506,Terra,MODIS,86,6.2,287.6,14.8,N,0
-21.7814,116.3322,312.7,1.1,1.1,2014-07-23,1506,Terra,MODIS,44,6.2,286.9,13.8,N,0
-21.7703,116.3411,309.4,1.1,1.1,2014-07-23,1506,Terra,MODIS,75,6.2,287.8,12.1,N,0
-21.7942,116.3127,319.6,1.1,1.1,2014-07-23,1506,Terra,MODIS,93,6.2,285.9,21.9,N,0
-14.5328,132.4376,301,1,1,2014-07-23,1634,Aqua,MODIS,37,6.2,287.5,6.4,N,0
-15.6574,129.4819,308.3,1.3,1.1,2014-07-23,1634,Aqua,MODIS,74,6.2,291.2,12.3,N,0
-15.6676,129.4802,315.8,1.3,1.1,2014-07-23,1634,Aqua,MODIS,92,6.2,292,20.7,N,0
-15.6594,129.494,317.5,1.3,1.1,2014-07-23,1634,Aqua,MODIS,95,6.2,291.6,22.8,N,0
-15.6695,129.4921,307.3,1.3,1.1,2014-07-23,1634,Aqua,MODIS,71,6.2,291.8,11,N,0
-14.5342,132.4469,305.5,1,1,2014-07-23,1634,Aqua,MODIS,65,6.2,287.4,9,N,0
-14.1584,142.8864,311.9,2.6,1.5,2014-07-24,0020,Terra,MODIS,24,6.2,294.1,23.6,D,0
-14.15,142.8388,319.8,2.6,1.5,2014-07-24,0020,Terra,MODIS,39,6.2,293.7,45.8,D,0
-14.1462,142.7832,332.3,2.6,1.6,2014-07-24,0020,Terra,MODIS,87,6.2,294.2,108.1,D,0
-14.1542,142.8627,314.8,2.6,1.5,2014-07-24,0020,Terra,MODIS,62,6.2,294.2,32.8,D,0
-14.1411,142.8334,320,2.6,1.5,2014-07-24,0020,Terra,MODIS,77,6.2,292.9,50,D,0
-14.1455,142.8571,314.3,2.6,1.5,2014-07-24,0020,Terra,MODIS,56,6.2,293.2,31.1,D,0
-14.1416,142.7911,321.5,2.6,1.6,2014-07-24,0020,Terra,MODIS,46,6.2,293.5,54.3,D,0
-14.1418,142.7592,317,2.6,1.6,2014-07-24,0020,Terra,MODIS,74,6.2,292.6,44.2,D,0
-14.1373,142.767,317.8,2.6,1.6,2014-07-24,0020,Terra,MODIS,48,6.2,293,43.7,D,0
-13.0049,142.3373,314.5,3,1.6,2014-07-24,0020,Terra,MODIS,61,6.2,288.3,45.2,D,0
-15.8149,144.6117,304.9,1.8,1.3,2014-07-24,0021,Terra,MODIS,14,6.2,293.6,7.3,D,0
-15.0655,143.2726,313.4,2.3,1.5,2014-07-24,0021,Terra,MODIS,68,6.2,295.7,27.5,D,0
-15.1647,143.2978,309,2.3,1.5,2014-07-24,0021,Terra,MODIS,36,6.2,294.9,14.6,D,0
-16.6545,144.9349,313.6,1.6,1.3,2014-07-24,0021,Terra,MODIS,66,6.2,297.5,14.7,D,0
-16.6529,144.9256,313.7,1.6,1.3,2014-07-24,0021,Terra,MODIS,56,6.2,297.6,14,D,0
-16.6407,144.9903,308,1.6,1.2,2014-07-24,0021,Terra,MODIS,27,6.2,295.6,8,D,0
-14.4788,141.5978,309.3,3.2,1.7,2014-07-24,0021,Terra,MODIS,50,6.2,294.4,23.9,D,0
-16.5918,145.2473,310.4,1.5,1.2,2014-07-24,0021,Terra,MODIS,56,6.2,291.5,16.4,D,0
-14.4759,141.5912,310.9,3.2,1.7,2014-07-24,0021,Terra,MODIS,59,6.2,294.3,30.7,D,0
-17.746,145.2444,314.5,1.5,1.2,2014-07-24,0021,Terra,MODIS,70,6.2,294.9,18.6,D,0
-15.069,143.2778,312.1,2.3,1.5,2014-07-24,0021,Terra,MODIS,66,6.2,295.9,23.8,D,0
-15.8177,144.6282,311.2,1.8,1.3,2014-07-24,0021,Terra,MODIS,65,6.2,294.4,16.7,D,0
-16.2896,144.2283,308.5,1.8,1.3,2014-07-24,0021,Terra,MODIS,28,6.2,296.3,9.3,D,0
-16.2866,144.2109,312.2,1.9,1.3,2014-07-24,0021,Terra,MODIS,60,6.2,297.1,16.7,D,0
-16.3601,144.2435,313.2,1.8,1.3,2014-07-24,0021,Terra,MODIS,57,6.2,298.3,15.3,D,0
-15.5974,144.6981,317,1.8,1.3,2014-07-24,0021,Terra,MODIS,73,6.2,296.4,26.4,D,0
-15.6022,144.7041,312.3,1.8,1.3,2014-07-24,0021,Terra,MODIS,30,6.2,295.6,15.8,D,0
-22.8007,150.2209,314.9,1.1,1,2014-07-24,0022,Terra,MODIS,71,6.2,293.6,11.3,D,0
-22.8022,150.2314,311.7,1.1,1,2014-07-24,0022,Terra,MODIS,57,6.2,292.5,8.7,D,0
-22.8101,150.2195,310.5,1.1,1,2014-07-24,0022,Terra,MODIS,38,6.2,292.6,7.4,D,0
-23.4206,147.6935,311.7,1,1,2014-07-24,0023,Terra,MODIS,63,6.2,297.1,6.8,D,0
-25.8054,152.6409,307.7,1.6,1.2,2014-07-24,0023,Terra,MODIS,52,6.2,293,13,D,0
-24.9188,152.4653,321.3,1.5,1.2,2014-07-24,0023,Terra,MODIS,69,6.2,294.1,26.6,D,0
-25.3418,145.6438,310.8,1.1,1,2014-07-24,0023,Terra,MODIS,64,6.2,295.4,7.9,D,0
-25.4829,152.7087,327,1.6,1.2,2014-07-24,0023,Terra,MODIS,79,6.2,293.8,45.6,D,0
-28.3294,149.984,338.9,1.2,1.1,2014-07-24,0024,Terra,MODIS,91,6.2,292.6,51.7,D,0
-28.331,149.9962,305,1.2,1.1,2014-07-24,0024,Terra,MODIS,41,6.2,291.7,5.9,D,0
-28.8017,150.1058,308.5,1.2,1.1,2014-07-24,0024,Terra,MODIS,67,6.2,293,8.6,D,0
-29.0623,149.197,306.1,1.1,1.1,2014-07-24,0024,Terra,MODIS,58,6.2,287.6,6.1,D,0
-26.9323,150.2736,313.5,1.2,1.1,2014-07-24,0024,Terra,MODIS,71,6.2,294.7,12.2,D,0
-27.7731,147.4391,315.1,1,1,2014-07-24,0024,Terra,MODIS,72,6.2,296.2,9.4,D,0
-27.9422,148.8309,304.8,1.1,1,2014-07-24,0024,Terra,MODIS,48,6.2,293.8,4.5,D,0
-28.3135,148.3983,321.2,1,1,2014-07-24,0024,Terra,MODIS,79,6.2,294.9,16.5,D,0
-28.2664,148.7963,330,1.1,1,2014-07-24,0024,Terra,MODIS,86,6.2,295.3,28,D,0
-28.312,148.3877,315.6,1,1,2014-07-24,0024,Terra,MODIS,73,6.2,294.4,10.9,D,0
-27.7716,147.4289,310.4,1,1,2014-07-24,0024,Terra,MODIS,64,6.2,296.3,5.6,D,0
-28.746,150.0635,307.9,1.2,1.1,2014-07-24,0024,Terra,MODIS,32,6.2,292.8,7,D,0
-28.7462,150.0699,313.4,1.2,1.1,2014-07-24,0024,Terra,MODIS,68,6.2,292.9,12,D,0
-28.7475,150.0759,307.4,1.2,1.1,2014-07-24,0024,Terra,MODIS,31,6.2,292.3,6.7,D,0
-12.5692,130.9671,318.8,1.7,1.3,2014-07-24,0158,Terra,MODIS,69,6.2,301.9,21.7,D,0
-12.744,135.1672,311.9,3.6,1.8,2014-07-24,0158,Terra,MODIS,51,6.2,292,34.2,D,0
-12.5684,130.9765,317.1,1.7,1.3,2014-07-24,0158,Terra,MODIS,49,6.2,300.9,17.2,D,0
-12.9437,130.7786,327.3,1.7,1.3,2014-07-24,0158,Terra,MODIS,77,6.2,303.1,31.6,D,0
-12.9988,135.0809,311.1,3.6,1.8,2014-07-24,0158,Terra,MODIS,52,6.2,293.7,33.3,D,0
-12.7366,135.1616,309.4,3.6,1.8,2014-07-24,0158,Terra,MODIS,42,6.2,292,26.8,D,0
-11.4004,132.9263,311,2.3,1.5,2014-07-24,0158,Terra,MODIS,0,6.2,295,19.6,D,0
-11.4301,130.5612,313.8,1.5,1.2,2014-07-24,0158,Terra,MODIS,51,6.2,296.6,12.9,D,0
-11.4266,130.5541,311.8,1.5,1.2,2014-07-24,0158,Terra,MODIS,38,6.2,294.9,10.1,D,0
-11.4285,130.5679,313.2,1.5,1.2,2014-07-24,0158,Terra,MODIS,42,6.2,296.8,11.7,D,0
-14.2261,130.3506,324.1,1.6,1.2,2014-07-24,0159,Terra,MODIS,75,6.2,302.7,26.9,D,0
-14.2279,130.3654,329.8,1.6,1.2,2014-07-24,0159,Terra,MODIS,81,6.2,302.2,41,D,0
-14.2267,130.3565,341.1,1.6,1.2,2014-07-24,0159,Terra,MODIS,90,6.2,303,74.5,D,0
-14.2286,130.3713,320.8,1.6,1.2,2014-07-24,0159,Terra,MODIS,70,6.2,301.3,21.5,D,0
-15.7764,129.5013,328,1.5,1.2,2014-07-24,0159,Terra,MODIS,76,6.2,303.1,26.8,D,0
-13.8305,133.2412,318.5,2.6,1.6,2014-07-24,0159,Terra,MODIS,54,6.2,300.2,35.7,D,0
-15.7718,129.4937,333.6,1.5,1.2,2014-07-24,0159,Terra,MODIS,84,6.2,304.5,38.5,D,0
-13.8334,133.2658,315.7,2.6,1.6,2014-07-24,0159,Terra,MODIS,42,6.2,302.4,26.3,D,0
-14.5261,132.436,317.8,2.3,1.5,2014-07-24,0159,Terra,MODIS,56,6.2,304.8,23.3,D,0
-14.5394,132.4346,315.7,2.3,1.5,2014-07-24,0159,Terra,MODIS,28,6.2,303.8,17.3,D,0
-15.6593,129.5011,322.5,1.5,1.2,2014-07-24,0159,Terra,MODIS,21,6.2,301.9,18.3,D,0
-15.7484,129.4829,323.6,1.5,1.2,2014-07-24,0159,Terra,MODIS,39,6.2,304.3,18.2,D,0
-14.6556,132.8923,316.6,2.5,1.5,2014-07-24,0159,Terra,MODIS,63,6.2,305.3,20.9,D,0
-15.777,129.4182,326,1.5,1.2,2014-07-24,0159,Terra,MODIS,76,6.2,305.1,23.6,D,0
-15.7787,129.4316,319.3,1.5,1.2,2014-07-24,0159,Terra,MODIS,62,6.2,305.7,11.3,D,0
-14.1163,131.4003,317.4,1.9,1.4,2014-07-24,0159,Terra,MODIS,62,6.2,304.5,20.2,D,0
-19.5215,132.6826,324.1,2.9,1.6,2014-07-24,0200,Terra,MODIS,55,6.2,303.7,57.3,D,0
-19.7519,132.863,334.5,3,1.6,2014-07-24,0200,Terra,MODIS,86,6.2,299.5,133.3,D,0
-18.7706,132.7047,320.2,2.8,1.6,2014-07-24,0200,Terra,MODIS,40,6.2,303.8,36.5,D,0
-19.5255,132.7028,322.7,2.9,1.6,2014-07-24,0200,Terra,MODIS,75,6.2,301.5,60.5,D,0
-19.251,132.6697,316,2.8,1.6,2014-07-24,0200,Terra,MODIS,39,6.2,303.2,26.3,D,0
-19.5637,132.6437,317,2.8,1.6,2014-07-24,0200,Terra,MODIS,59,6.2,302.1,33.1,D,0
-19.5228,132.6756,324.3,2.9,1.6,2014-07-24,0200,Terra,MODIS,77,6.2,303.8,64.8,D,0
-19.7342,132.8364,318.7,3,1.6,2014-07-24,0200,Terra,MODIS,57,6.2,305,42.7,D,0
-19.737,132.8647,320.8,3,1.6,2014-07-24,0200,Terra,MODIS,72,6.2,302.1,54.9,D,0
-19.749,132.8348,327.1,3,1.6,2014-07-24,0200,Terra,MODIS,75,6.2,300.9,83.6,D,0
-17.6945,123.6795,314.8,1,1,2014-07-24,0200,Terra,MODIS,62,6.2,300.5,6.8,D,0
-17.6869,123.6907,325.2,1,1,2014-07-24,0200,Terra,MODIS,51,6.2,300.6,15.1,D,0
-17.6854,123.681,347.9,1,1,2014-07-24,0200,Terra,MODIS,94,6.2,302.2,52.1,D,0
-17.6701,123.7033,322,1,1,2014-07-24,0200,Terra,MODIS,75,6.2,301.4,13.1,D,0
-17.6687,123.6936,319.6,1,1,2014-07-24,0200,Terra,MODIS,72,6.2,300.6,10.9,D,0
-17.696,123.6892,314.3,1,1,2014-07-24,0200,Terra,MODIS,54,6.2,300.6,6.2,D,0
-21.7938,116.3164,317.2,2.4,1.5,2014-07-24,0201,Terra,MODIS,62,6.2,298.5,39.9,D,0
-21.8008,116.3088,368.4,2.4,1.5,2014-07-24,0201,Terra,MODIS,100,6.2,301.1,398,D,0
-21.8055,116.3323,312.6,2.4,1.5,2014-07-24,0201,Terra,MODIS,58,6.2,296.9,27.7,D,0
-21.8027,116.2898,336.7,2.5,1.5,2014-07-24,0201,Terra,MODIS,90,6.2,296.4,121.7,D,0
-21.8072,116.3133,360.2,2.4,1.5,2014-07-24,0201,Terra,MODIS,100,6.2,298.2,301.1,D,0
-21.7962,116.2853,317.5,2.5,1.5,2014-07-24,0201,Terra,MODIS,76,6.2,296.6,43.8,D,0
-21.7893,116.2928,319.9,2.5,1.5,2014-07-24,0201,Terra,MODIS,78,6.2,297.6,49,D,0
-23.9205,122.7037,306.8,1,1,2014-07-24,0202,Terra,MODIS,63,6.2,289.2,6.2,D,0
-23.919,122.6938,301.7,1,1,2014-07-24,0202,Terra,MODIS,44,6.2,289.1,3.1,D,0
-32.46,116.1938,302.3,1.5,1.2,2014-07-24,0204,Terra,MODIS,52,6.2,284.7,12.5,D,0
-34.6937,118.2605,303.9,1.1,1,2014-07-24,0205,Terra,MODIS,58,6.2,286.7,7.8,D,0
-33.5985,116.3778,300,1.4,1.2,2014-07-24,0205,Terra,MODIS,21,6.2,285.4,9,D,0
-35.5393,144.4736,311.7,1.5,1.2,2014-07-24,0442,Aqua,MODIS,72,6.2,288.3,20.9,D,0
-32.9997,137.5847,303.4,1,1,2014-07-24,0443,Aqua,MODIS,42,6.2,290.3,4.3,D,0
-30.4473,136.8601,311.4,1,1,2014-07-24,0443,Aqua,MODIS,59,6.2,296.2,6.5,D,0
-31.291,147.6445,304.2,3,1.6,2014-07-24,0443,Aqua,MODIS,54,6.2,290.3,24.3,D,0
-31.289,147.6488,304.5,3,1.6,2014-07-24,0443,Aqua,MODIS,54,6.2,290.5,24,D,0
-26.972,146.4042,308.6,3.1,1.7,2014-07-24,0444,Aqua,MODIS,30,6.2,295.7,26.8,D,0
-22.9941,127.8409,310.1,2.7,1.6,2014-07-24,0446,Aqua,MODIS,44,6.2,299.2,20,D,0
-19.5704,132.6479,339.5,1.2,1.1,2014-07-24,0446,Aqua,MODIS,87,6.2,312.7,34.5,D,0
-19.569,132.6589,369.2,1.2,1.1,2014-07-24,0446,Aqua,MODIS,100,6.2,311.8,124.3,D,0
-19.558,132.6684,345.2,1.2,1.1,2014-07-24,0446,Aqua,MODIS,91,6.2,308.8,48.8,D,0
-19.5594,132.6574,389.3,1.2,1.1,2014-07-24,0446,Aqua,MODIS,100,6.2,316.2,223.8,D,0
-19.555,132.6613,344.1,1.2,1.1,2014-07-24,0446,Aqua,MODIS,90,6.2,310.9,42.4,D,0
-19.5315,132.6913,333.9,1.1,1.1,2014-07-24,0446,Aqua,MODIS,35,6.2,311.7,24.6,D,0
-19.5219,132.6899,374.9,1.1,1.1,2014-07-24,0446,Aqua,MODIS,100,6.2,318.2,143.5,D,0
-19.5123,132.6885,390.6,1.1,1.1,2014-07-24,0446,Aqua,MODIS,100,6.2,317.4,227.2,D,0
-19.5108,132.6994,333.9,1.1,1.1,2014-07-24,0446,Aqua,MODIS,58,6.2,309.1,23,D,0
-19.5608,132.6465,324.8,1.2,1.1,2014-07-24,0446,Aqua,MODIS,48,6.2,312.2,9.1,D,0
-19.755,132.8646,357.4,1.1,1.1,2014-07-24,0446,Aqua,MODIS,98,6.2,310.9,79.2,D,0
-19.7564,132.8538,341.3,1.1,1.1,2014-07-24,0446,Aqua,MODIS,82,6.2,312,38,D,0
-19.7454,132.8632,354,1.1,1.1,2014-07-24,0446,Aqua,MODIS,96,6.2,313.2,68.9,D,0
-19.2507,132.6661,327.2,1.1,1.1,2014-07-24,0446,Aqua,MODIS,68,6.2,310.8,14.4,D,0
-19.2521,132.6553,321.9,1.1,1.1,2014-07-24,0446,Aqua,MODIS,45,6.2,309.4,8,D,0
-19.5755,132.2769,324.4,1.2,1.1,2014-07-24,0446,Aqua,MODIS,48,6.2,310,12.3,D,0
-19.5769,132.2655,324.9,1.2,1.1,2014-07-24,0446,Aqua,MODIS,47,6.2,311.5,12.1,D,0
-19.5204,132.7008,351,1.1,1.1,2014-07-24,0446,Aqua,MODIS,95,6.2,308.9,60.3,D,0
-19.5565,132.6504,333.6,1.2,1.1,2014-07-24,0446,Aqua,MODIS,81,6.2,312.8,21.8,D,0
-20.7373,139.4771,322.5,1.4,1.2,2014-07-24,0446,Aqua,MODIS,57,6.2,308.8,15,D,2
-16.3373,135.6812,338.6,1,1,2014-07-24,0447,Aqua,MODIS,87,6.2,308.4,28.7,D,0
-16.3296,135.67,323.5,1,1,2014-07-24,0447,Aqua,MODIS,57,6.2,311.4,9.1,D,0
-15.1581,143.2669,316.5,3.4,1.7,2014-07-24,0447,Aqua,MODIS,69,6.2,293.5,53.4,D,0
-16.3281,135.6797,324.8,1,1,2014-07-24,0447,Aqua,MODIS,61,6.2,311.5,10.1,D,0
-16.2282,135.9886,320.9,1.1,1,2014-07-24,0447,Aqua,MODIS,29,6.2,303.8,8.7,D,0
-15.0483,143.2697,314.7,3.4,1.7,2014-07-24,0447,Aqua,MODIS,45,6.2,296.4,43.6,D,0
-15.1639,143.236,314.9,3.4,1.7,2014-07-24,0447,Aqua,MODIS,67,6.2,295.6,42.2,D,0
-18.7385,132.7026,329.4,1.1,1.1,2014-07-24,0447,Aqua,MODIS,59,6.2,312.3,16.6,D,0
-18.7466,132.7146,406.3,1.1,1.1,2014-07-24,0447,Aqua,MODIS,100,6.2,321.1,332,D,0
-18.7453,132.7253,350.5,1.1,1.1,2014-07-24,0447,Aqua,MODIS,94,6.2,306.6,59.6,D,0
-18.7562,132.716,340,1.1,1.1,2014-07-24,0447,Aqua,MODIS,69,6.2,306.4,33.6,D,0
-17.6755,123.6839,313.8,4.7,2,2014-07-24,0447,Aqua,MODIS,14,6.2,299,50.5,D,0
-14.2293,130.3512,325.1,1.3,1.1,2014-07-24,0448,Aqua,MODIS,70,6.2,305,19.3,D,0
-13.0663,130.137,318.8,1.3,1.1,2014-07-24,0448,Aqua,MODIS,27,6.2,303.1,12.7,D,0
-14.2277,130.3636,322.1,1.3,1.1,2014-07-24,0448,Aqua,MODIS,57,6.2,304.4,14.1,D,0
-12.9969,134.6818,340.6,1,1,2014-07-24,0448,Aqua,MODIS,89,6.2,306.2,34.8,D,0
-13.1429,135.5646,334.9,1.1,1,2014-07-24,0448,Aqua,MODIS,85,6.2,298.7,31.7,D,0
-13.1399,135.5847,317.7,1.1,1,2014-07-24,0448,Aqua,MODIS,48,6.2,299.6,7.7,D,0
-13.2114,135.6533,354.3,1.1,1,2014-07-24,0448,Aqua,MODIS,97,6.2,301.2,73.6,D,0
-12.5819,135.3671,359.7,1.1,1,2014-07-24,0448,Aqua,MODIS,99,6.2,302.8,84.6,D,0
-12.609,135.2503,324.2,1.1,1,2014-07-24,0448,Aqua,MODIS,65,6.2,301.6,12,D,0
-12.4548,135.3044,329.6,1.1,1,2014-07-24,0448,Aqua,MODIS,80,6.2,300.3,19.8,D,0
-12.7905,135.1416,328.8,1.1,1,2014-07-24,0448,Aqua,MODIS,79,6.2,303.3,18.1,D,0
-12.9878,134.6804,347.1,1,1,2014-07-24,0448,Aqua,MODIS,93,6.2,304.3,48.1,D,0
-12.679,135.1615,364.5,1.1,1,2014-07-24,0448,Aqua,MODIS,100,6.2,304.8,100.9,D,0
-13.1704,134.5008,336.8,1,1,2014-07-24,0448,Aqua,MODIS,85,6.2,303,30,D,0
-13.0751,135.3342,319.6,1.1,1,2014-07-24,0448,Aqua,MODIS,29,6.2,300.6,9,D,0
-12.5865,135.1602,318.5,1.1,1,2014-07-24,0448,Aqua,MODIS,54,6.2,299.5,10.5,D,0
-12.5935,134.1705,327.1,1,1,2014-07-24,0448,Aqua,MODIS,75,6.2,307.2,13.8,D,0
-13.1067,135.2492,324.8,1.1,1,2014-07-24,0448,Aqua,MODIS,73,6.2,302,14.7,D,0
-13.0721,135.1643,329.1,1.1,1,2014-07-24,0448,Aqua,MODIS,79,6.2,302.1,18.7,D,0
-12.873,134.269,351.2,1,1,2014-07-24,0448,Aqua,MODIS,95,6.2,305.1,55.1,D,0
-13.1143,134.8185,331.6,1,1,2014-07-24,0448,Aqua,MODIS,71,6.2,304.2,21.8,D,0
-13.1414,135.5747,365.2,1.1,1,2014-07-24,0448,Aqua,MODIS,100,6.2,300.9,106.1,D,0
-12.6743,135.5512,337.9,1.1,1,2014-07-24,0448,Aqua,MODIS,87,6.2,298.6,36.3,D,0
-13.0265,134.5426,350.8,1,1,2014-07-24,0448,Aqua,MODIS,95,6.2,306.9,54.1,D,0
-13.1671,135.2753,324.3,1.1,1,2014-07-24,0448,Aqua,MODIS,72,6.2,303.1,14.8,D,0
-13.3415,134.4633,337.1,1,1,2014-07-24,0448,Aqua,MODIS,83,6.2,301.4,28.9,D,0
-13.3428,134.454,335.8,1,1,2014-07-24,0448,Aqua,MODIS,84,6.2,303.5,28.6,D,0
-13.1129,134.8279,325.8,1,1,2014-07-24,0448,Aqua,MODIS,38,6.2,305.1,13,D,0
-13.3274,134.5031,335.2,1,1,2014-07-24,0448,Aqua,MODIS,83,6.2,301.5,25.9,D,0
-13.0072,135.0496,318.8,1.1,1,2014-07-24,0448,Aqua,MODIS,47,6.2,301.6,7.6,D,0
-13.3288,134.4938,339.6,1,1,2014-07-24,0448,Aqua,MODIS,87,6.2,301.4,33.9,D,0
-12.6843,135.1682,356.8,1.1,1,2014-07-24,0448,Aqua,MODIS,98,6.2,302.4,76.6,D,0
-13.0991,135.4285,328,1.1,1,2014-07-24,0448,Aqua,MODIS,50,6.2,302.1,18.4,D,0
-13.0868,134.8278,332.9,1,1,2014-07-24,0448,Aqua,MODIS,75,6.2,305.5,21.4,D,0
-13.0667,135.0746,326.2,1.1,1,2014-07-24,0448,Aqua,MODIS,45,6.2,302.4,13.4,D,0
-13.1946,135.4097,318.8,1.1,1,2014-07-24,0448,Aqua,MODIS,16,6.2,299.2,8.7,D,0
-12.5686,135.2173,327.7,1.1,1,2014-07-24,0448,Aqua,MODIS,78,6.2,301.6,16.2,D,0
-13.1931,135.4195,340,1.1,1,2014-07-24,0448,Aqua,MODIS,88,6.2,302.5,38.3,D,0
-13.0777,134.8263,324.2,1,1,2014-07-24,0448,Aqua,MODIS,43,6.2,303.5,11.2,D,0
-13.2532,134.5679,325.2,1,1,2014-07-24,0448,Aqua,MODIS,35,6.2,304.3,11.5,D,0
-13.1838,135.418,325.3,1.1,1,2014-07-24,0448,Aqua,MODIS,56,6.2,301.1,16,D,0
-13.2442,134.5665,322,1,1,2014-07-24,0448,Aqua,MODIS,65,6.2,303.9,10,D,0
-12.7314,135.106,338.9,1.1,1,2014-07-24,0448,Aqua,MODIS,88,6.2,302.6,33.8,D,0
-13.2009,135.4063,352,1.1,1,2014-07-24,0448,Aqua,MODIS,96,6.2,300.5,64.9,D,0
-13.1366,135.1745,330.1,1.1,1,2014-07-24,0448,Aqua,MODIS,80,6.2,303.2,20.3,D,0
-12.1176,134.4648,330.5,1,1,2014-07-24,0448,Aqua,MODIS,78,6.2,301.1,21.3,D,0
-13.0373,135.4592,345.3,1.1,1,2014-07-24,0448,Aqua,MODIS,92,6.2,300.3,48.4,D,0
-13.2102,135.4077,331.3,1.1,1,2014-07-24,0448,Aqua,MODIS,80,6.2,300.8,23.9,D,0
-13.1755,135.3465,332.1,1.1,1,2014-07-24,0448,Aqua,MODIS,82,6.2,301.5,25.9,D,0
-12.8128,134.2446,317.5,1,1,2014-07-24,0448,Aqua,MODIS,21,6.2,303.8,3.8,D,0
-13.0813,135.1657,322.8,1.1,1,2014-07-24,0448,Aqua,MODIS,56,6.2,302.4,11,D,0
-13.1288,135.1633,318.4,1.1,1,2014-07-24,0448,Aqua,MODIS,44,6.2,302.6,6.6,D,0
-13.3672,134.4768,339.1,1,1,2014-07-24,0448,Aqua,MODIS,87,6.2,303.6,32.3,D,0
-13.1677,135.3353,328.3,1.1,1,2014-07-24,0448,Aqua,MODIS,78,6.2,301.7,19.5,D,0
-13.3762,134.4782,349.7,1,1,2014-07-24,0448,Aqua,MODIS,94,6.2,305,54.3,D,0
-12.9996,134.663,330.8,1,1,2014-07-24,0448,Aqua,MODIS,80,6.2,307.3,18.5,D,0
-13.1594,135.2641,346.2,1.1,1,2014-07-24,0448,Aqua,MODIS,92,6.2,303.2,49.4,D,0
-13.0317,135.3072,330.1,1.1,1,2014-07-24,0448,Aqua,MODIS,80,6.2,300.6,23.3,D,0
-13.0252,135.3104,316.1,1.1,1,2014-07-24,0448,Aqua,MODIS,44,6.2,300,7.1,D,0
-12.5879,135.3275,404.4,1.1,1,2014-07-24,0448,Aqua,MODIS,100,6.2,311.7,303.5,D,0
-13.0369,134.5347,332.8,1,1,2014-07-24,0448,Aqua,MODIS,82,6.2,305.2,21.4,D,0
-13.3582,134.4754,355.1,1,1,2014-07-24,0448,Aqua,MODIS,97,6.2,304.6,64.3,D,0
-13.1662,135.3451,315.5,1.1,1,2014-07-24,0448,Aqua,MODIS,28,6.2,301.1,5.9,D,0
-13.3374,134.4912,333.7,1,1,2014-07-24,0448,Aqua,MODIS,59,6.2,302.1,23.5,D,0
-13.3388,134.4819,331.6,1,1,2014-07-24,0448,Aqua,MODIS,50,6.2,301.4,20.4,D,0
-13.336,134.5005,341.7,1,1,2014-07-24,0448,Aqua,MODIS,89,6.2,302.5,36.8,D,0
-12.6105,134.6163,320.9,1,1,2014-07-24,0448,Aqua,MODIS,65,6.2,305.6,8.4,D,0
-13.0251,134.552,322.2,1,1,2014-07-24,0448,Aqua,MODIS,44,6.2,305.9,8.7,D,0
-12.5774,135.3969,334.9,1.1,1,2014-07-24,0448,Aqua,MODIS,79,6.2,296,28.4,D,0
-13.054,135.6675,327,1.1,1,2014-07-24,0448,Aqua,MODIS,66,6.2,294.3,19.4,D,0
-12.6776,135.1712,327.5,1.1,1,2014-07-24,0448,Aqua,MODIS,78,6.2,298.2,20,D,0
-13.2129,134.5264,328.6,1,1,2014-07-24,0448,Aqua,MODIS,77,6.2,301.9,19,D,0
-12.5603,135.384,324.8,1.1,1,2014-07-24,0448,Aqua,MODIS,75,6.2,295.9,15.9,D,0
-13.2775,135.6396,316.8,1.1,1,2014-07-24,0448,Aqua,MODIS,25,6.2,299.4,6.9,D,0
-13.1769,135.3367,318.6,1.1,1,2014-07-24,0448,Aqua,MODIS,33,6.2,299.6,8.1,D,0
-12.5771,135.3359,351.7,1.1,1,2014-07-24,0448,Aqua,MODIS,96,6.2,300.3,62.9,D,0
-12.7431,135.456,349.7,1.1,1,2014-07-24,0448,Aqua,MODIS,95,6.2,300.6,59.8,D,0
-13.0796,134.7493,321,1,1,2014-07-24,0448,Aqua,MODIS,63,6.2,303.6,8.4,D,0
-12.5871,135.4597,364.8,1.1,1,2014-07-24,0448,Aqua,MODIS,100,6.2,298.6,102.4,D,0
-12.882,134.2704,325.5,1,1,2014-07-24,0448,Aqua,MODIS,69,6.2,304.8,12.4,D,0
-13.3866,134.4703,379.2,1,1,2014-07-24,0448,Aqua,MODIS,100,6.2,308.5,143.8,D,0
-13.1984,134.5624,340.5,1,1,2014-07-24,0448,Aqua,MODIS,88,6.2,302.3,35.9,D,0
-12.7953,135.3627,328.4,1.1,1,2014-07-24,0448,Aqua,MODIS,65,6.2,299.6,18.8,D,0
-13.2318,135.391,356.3,1.1,1,2014-07-24,0448,Aqua,MODIS,98,6.2,302.1,75.4,D,0
-13.2099,135.3474,318,1.1,1,2014-07-24,0448,Aqua,MODIS,56,6.2,299.5,9.1,D,0
-12.807,135.0947,325.9,1.1,1,2014-07-24,0448,Aqua,MODIS,76,6.2,303.9,14.7,D,0
-12.8717,134.2783,319.8,1,1,2014-07-24,0448,Aqua,MODIS,59,6.2,304.3,7.6,D,0
-12.4563,135.2945,339.3,1.1,1,2014-07-24,0448,Aqua,MODIS,88,6.2,300,36.1,D,0
-11.8172,133.2346,320.3,1,1,2014-07-24,0448,Aqua,MODIS,63,6.2,302.4,7.5,D,0
-12.9941,134.7006,364.9,1,1,2014-07-24,0448,Aqua,MODIS,100,6.2,306.3,94.4,D,0
-13.4137,134.4745,356.4,1,1,2014-07-24,0448,Aqua,MODIS,92,6.2,306.6,66.9,D,0
-12.8662,132.1048,343.4,1.1,1,2014-07-24,0448,Aqua,MODIS,90,6.2,303.6,39.4,D,0
-13.0537,134.7356,319.5,1,1,2014-07-24,0448,Aqua,MODIS,49,6.2,301.4,9.2,D,0
-13.1874,135.1396,321.4,1.1,1,2014-07-24,0448,Aqua,MODIS,50,6.2,303.4,7.8,D,0
-13.0841,134.5293,319.7,1,1,2014-07-24,0448,Aqua,MODIS,45,6.2,305.8,6.2,D,0
-12.8834,134.2611,347.5,1,1,2014-07-24,0448,Aqua,MODIS,93,6.2,306.9,47,D,0
-13.0351,135.3479,323.3,1.1,1,2014-07-24,0448,Aqua,MODIS,32,6.2,299.8,13,D,0
-13.0266,135.3006,349.7,1.1,1,2014-07-24,0448,Aqua,MODIS,82,6.2,303,59.3,D,0
-13.0809,135.295,329.2,1.1,1,2014-07-24,0448,Aqua,MODIS,66,6.2,300.9,19.8,D,0
-13.0332,135.2974,327.9,1.1,1,2014-07-24,0448,Aqua,MODIS,77,6.2,301.7,19.7,D,0
-12.7227,135.1643,353.3,1.1,1,2014-07-24,0448,Aqua,MODIS,96,6.2,301.9,60.9,D,0
-13.0574,135.4523,326.3,1.1,1,2014-07-24,0448,Aqua,MODIS,76,6.2,300.5,18.1,D,0
-12.9468,133.8854,319.8,1,1,2014-07-24,0448,Aqua,MODIS,54,6.2,305.1,7,D,0
-13.1545,135.2335,321.4,1.1,1,2014-07-24,0448,Aqua,MODIS,51,6.2,300.2,11.2,D,0
-12.4459,135.3639,324.1,1.1,1,2014-07-24,0448,Aqua,MODIS,46,6.2,303.9,12,D,0
-12.7499,135.1089,331.2,1.1,1,2014-07-24,0448,Aqua,MODIS,81,6.2,302.3,21.1,D,0
-13.2858,134.5348,348.9,1,1,2014-07-24,0448,Aqua,MODIS,94,6.2,304.8,50,D,0
-12.5867,135.3985,361.2,1.1,1,2014-07-24,0448,Aqua,MODIS,100,6.2,302,91.8,D,0
-13.0217,135.2698,316.7,1.1,1,2014-07-24,0448,Aqua,MODIS,41,6.2,301.2,6.6,D,0
-13.0766,135.3244,330,1.1,1,2014-07-24,0448,Aqua,MODIS,55,6.2,301.7,20.7,D,0
-13.0795,135.3048,320.6,1.1,1,2014-07-24,0448,Aqua,MODIS,32,6.2,300.7,9.9,D,0
-13.1691,135.3255,336.8,1.1,1,2014-07-24,0448,Aqua,MODIS,86,6.2,301.5,31.9,D,0
-13.0075,135.2377,320.6,1.1,1,2014-07-24,0448,Aqua,MODIS,33,6.2,300.9,8.8,D,0
-12.7401,135.4759,317.3,1.1,1,2014-07-24,0448,Aqua,MODIS,60,6.2,297.9,7.6,D,0
-13.3068,135.5724,317.2,1.1,1,2014-07-24,0448,Aqua,MODIS,50,6.2,301.9,7.3,D,0
-12.7242,135.1545,346.7,1.1,1,2014-07-24,0448,Aqua,MODIS,93,6.2,301.7,46.3,D,0
-12.73,135.1157,344.4,1.1,1,2014-07-24,0448,Aqua,MODIS,92,6.2,302,44.2,D,0
-13.0799,135.1754,333.3,1.1,1,2014-07-24,0448,Aqua,MODIS,83,6.2,302.8,25.3,D,0
-12.2479,135.1389,315,1.1,1,2014-07-24,0448,Aqua,MODIS,17,6.2,298.6,5.8,D,0
-12.7096,135.7401,314.6,1.1,1.1,2014-07-24,0448,Aqua,MODIS,42,6.2,297.9,8.6,D,0
-12.7392,135.1171,319.3,1.1,1,2014-07-24,0448,Aqua,MODIS,44,6.2,301.1,6.9,D,0
-12.9378,133.884,328.1,1,1,2014-07-24,0448,Aqua,MODIS,76,6.2,304,15.3,D,0
-13.3315,134.4752,324.4,1,1,2014-07-24,0448,Aqua,MODIS,69,6.2,299.1,14.4,D,0
-13.2845,134.5441,326.3,1,1,2014-07-24,0448,Aqua,MODIS,73,6.2,303.4,14.4,D,0
-13.0736,135.1546,321.3,1.1,1,2014-07-24,0448,Aqua,MODIS,41,6.2,301.6,9,D,0
-13.0281,135.2908,344.5,1.1,1,2014-07-24,0448,Aqua,MODIS,86,6.2,303.6,46.9,D,0
-13.1612,134.8161,326.5,1,1,2014-07-24,0448,Aqua,MODIS,71,6.2,306.2,11.8,D,0
-12.5886,135.4497,350.8,1.1,1,2014-07-24,0448,Aqua,MODIS,95,6.2,298.9,62.1,D,0
-12.7513,135.0992,328.6,1.1,1,2014-07-24,0448,Aqua,MODIS,79,6.2,303.3,17.2,D,0
-13.1493,135.5862,327.1,1.1,1,2014-07-24,0448,Aqua,MODIS,77,6.2,302.3,18.1,D,0
-12.4474,135.354,326.7,1.1,1,2014-07-24,0448,Aqua,MODIS,67,6.2,304.1,15.4,D,0
-12.7363,135.1365,333.8,1.1,1,2014-07-24,0448,Aqua,MODIS,47,6.2,301.5,23.3,D,0
-12.5368,135.4964,318.3,1.1,1,2014-07-24,0448,Aqua,MODIS,35,6.2,298.4,9.3,D,0
-12.7378,135.1268,328.9,1.1,1,2014-07-24,0448,Aqua,MODIS,38,6.2,301.7,17.2,D,0
-12.4577,135.2846,324,1.1,1,2014-07-24,0448,Aqua,MODIS,73,6.2,299,13.9,D,0
-13.081,134.7399,338.3,1,1,2014-07-24,0448,Aqua,MODIS,87,6.2,303.9,30.6,D,0
-13.0931,135.277,317,1.1,1,2014-07-24,0448,Aqua,MODIS,38,6.2,301.5,6.6,D,0
-12.8282,135.3982,326.1,1.1,1,2014-07-24,0448,Aqua,MODIS,73,6.2,300.7,16.2,D,0
-12.5499,135.5153,324.9,1.1,1,2014-07-24,0448,Aqua,MODIS,67,6.2,296.9,16.3,D,0
-13.0559,135.4623,317.1,1.1,1,2014-07-24,0448,Aqua,MODIS,26,6.2,300.5,7.4,D,0
-13.0712,135.4241,327.7,1.1,1,2014-07-24,0448,Aqua,MODIS,58,6.2,300.3,18.7,D,0
-13.2727,134.5614,335.3,1,1,2014-07-24,0448,Aqua,MODIS,84,6.2,306.5,25.6,D,0
-13.3401,134.4726,333.7,1,1,2014-07-24,0448,Aqua,MODIS,55,6.2,300.6,23,D,0
-13.0524,134.745,341.4,1,1,2014-07-24,0448,Aqua,MODIS,89,6.2,303.5,38.5,D,0
-13.0419,134.7531,334.2,1,1,2014-07-24,0448,Aqua,MODIS,82,6.2,302.2,26.1,D,0
-13.1642,135.2948,336.3,1.1,1,2014-07-24,0448,Aqua,MODIS,86,6.2,302.4,30.5,D,0
-13.2717,135.3774,338.4,1.1,1,2014-07-24,0448,Aqua,MODIS,87,6.2,301.7,35.3,D,0
-13.0044,135.0688,322.9,1.1,1,2014-07-24,0448,Aqua,MODIS,67,6.2,301.3,11.5,D,0
-13.2099,135.6633,315.1,1.1,1,2014-07-24,0448,Aqua,MODIS,23,6.2,298.7,6.1,D,0
-13.0589,135.4423,327,1.1,1,2014-07-24,0448,Aqua,MODIS,76,6.2,299.8,18.4,D,0
-11.8224,133.1981,316.4,1,1,2014-07-24,0448,Aqua,MODIS,34,6.2,300.6,4.6,D,0
-12.6029,134.7309,322.6,1,1,2014-07-24,0448,Aqua,MODIS,69,6.2,304.2,10.8,D,0
-12.6634,135.5598,323.9,1.1,1,2014-07-24,0448,Aqua,MODIS,56,6.2,296.5,15.7,D,0
-13.2061,134.5731,336.6,1,1,2014-07-24,0448,Aqua,MODIS,85,6.2,305.3,28.8,D,0
-13.1521,134.8147,329.2,1,1,2014-07-24,0448,Aqua,MODIS,75,6.2,305.7,16.1,D,0
-13.2256,134.5666,325.9,1,1,2014-07-24,0448,Aqua,MODIS,73,6.2,304,13.4,D,0
-13.1657,135.2851,328.5,1.1,1,2014-07-24,0448,Aqua,MODIS,78,6.2,301.8,20,D,0
-12.9529,135.6041,340.7,1.1,1,2014-07-24,0448,Aqua,MODIS,89,6.2,297.7,43.4,D,0
-12.973,135.1528,316.8,1.1,1,2014-07-24,0448,Aqua,MODIS,54,6.2,302.8,6,D,0
-13.1608,135.2544,326.2,1.1,1,2014-07-24,0448,Aqua,MODIS,69,6.2,301.8,16.1,D,0
-13.2102,134.5451,342.4,1,1,2014-07-24,0448,Aqua,MODIS,90,6.2,305.1,39.7,D,0
-13.3776,134.4689,334.3,1,1,2014-07-24,0448,Aqua,MODIS,83,6.2,302,26.2,D,0
-12.7406,135.1075,330.4,1.1,1,2014-07-24,0448,Aqua,MODIS,81,6.2,302.6,21.1,D,0
-12.7427,135.1574,345.6,1.1,1,2014-07-24,0448,Aqua,MODIS,92,6.2,300.2,42.6,D,0
-12.1195,133.5653,322.4,1,1,2014-07-24,0448,Aqua,MODIS,60,6.2,305.4,8.3,D,0
-13.2754,134.5427,322.7,1,1,2014-07-24,0448,Aqua,MODIS,67,6.2,303.9,11.4,D,0
-13.4241,134.4666,330.4,1,1,2014-07-24,0448,Aqua,MODIS,79,6.2,306.8,17.3,D,0
-13.0755,134.7776,342.8,1,1,2014-07-24,0448,Aqua,MODIS,90,6.2,306.4,40.1,D,0
-12.5852,135.4084,347.7,1.1,1,2014-07-24,0448,Aqua,MODIS,93,6.2,297.9,54.8,D,0
-12.9514,135.6142,362.9,1.1,1,2014-07-24,0448,Aqua,MODIS,100,6.2,298.4,100.8,D,0
-12.8847,134.2519,321.4,1,1,2014-07-24,0448,Aqua,MODIS,64,6.2,304.7,8.7,D,0
-13.2143,134.5171,344.9,1,1,2014-07-24,0448,Aqua,MODIS,91,6.2,302.9,44.3,D,0
-13.2079,134.4971,336.4,1,1,2014-07-24,0448,Aqua,MODIS,85,6.2,301.8,29.1,D,0
-12.5815,135.3064,317.2,1.1,1,2014-07-24,0448,Aqua,MODIS,42,6.2,296.7,6.3,D,0
-12.4859,135.3251,321.6,1.1,1,2014-07-24,0448,Aqua,MODIS,61,6.2,302,9.9,D,0
-12.8744,134.2598,337.5,1,1,2014-07-24,0448,Aqua,MODIS,86,6.2,304.4,28.6,D,0
-13.1613,135.3143,323.5,1.1,1,2014-07-24,0448,Aqua,MODIS,71,6.2,302.1,13.9,D,0
-12.5804,135.377,355.3,1.1,1,2014-07-24,0448,Aqua,MODIS,97,6.2,301.8,72.1,D,0
-13.0713,134.8059,358.5,1,1,2014-07-24,0448,Aqua,MODIS,99,6.2,306.4,74.4,D,0
-13.0733,134.729,325.1,1,1,2014-07-24,0448,Aqua,MODIS,42,6.2,303.7,12.2,D,0
-13.0727,134.7965,338.6,1,1,2014-07-24,0448,Aqua,MODIS,87,6.2,304.7,32.8,D,0
-13.2337,134.5744,342.2,1,1,2014-07-24,0448,Aqua,MODIS,89,6.2,305.6,37.2,D,0
-13.1523,135.5661,332.6,1.1,1,2014-07-24,0448,Aqua,MODIS,82,6.2,300.1,27.4,D,0
-12.0496,133.2779,325.7,1,1,2014-07-24,0448,Aqua,MODIS,48,6.2,307.4,8.3,D,0
-13.1234,134.8199,339.9,1,1,2014-07-24,0448,Aqua,MODIS,88,6.2,306.1,34.4,D,0
-13.2428,134.5758,321.9,1,1,2014-07-24,0448,Aqua,MODIS,62,6.2,304.7,9.3,D,0
-13.3659,134.4861,333.3,1,1,2014-07-24,0448,Aqua,MODIS,82,6.2,303.6,24.2,D,0
-12.5849,135.3473,396.1,1.1,1,2014-07-24,0448,Aqua,MODIS,100,6.2,310.9,248.6,D,0
-13.2872,134.5255,353.8,1,1,2014-07-24,0448,Aqua,MODIS,96,6.2,305.1,61.6,D,0
-13.2066,134.5064,351.7,1,1,2014-07-24,0448,Aqua,MODIS,95,6.2,302.8,58.1,D,0
-13.3795,135.5692,318.6,1.1,1,2014-07-24,0448,Aqua,MODIS,38,6.2,302.1,7.5,D,0
-12.4568,135.3555,323.4,1.1,1,2014-07-24,0448,Aqua,MODIS,59,6.2,301.7,12.5,D,0
-13.2885,134.5162,322.7,1,1,2014-07-24,0448,Aqua,MODIS,41,6.2,301,11,D,0
-13.2242,134.5759,331.3,1,1,2014-07-24,0448,Aqua,MODIS,80,6.2,305.2,20.3,D,0
-12.8189,135.3967,317.3,1.1,1,2014-07-24,0448,Aqua,MODIS,45,6.2,299.2,7,D,0
-13.0058,135.0592,317.3,1.1,1,2014-07-24,0448,Aqua,MODIS,50,6.2,301.3,6.4,D,0
-12.9832,135.4654,318.5,1.1,1,2014-07-24,0448,Aqua,MODIS,60,6.2,300.8,8.1,D,0
-13.0358,135.4691,341.2,1.1,1,2014-07-24,0448,Aqua,MODIS,89,6.2,301.3,40.1,D,0
-12.8203,135.3868,328.6,1.1,1,2014-07-24,0448,Aqua,MODIS,79,6.2,299.6,20.4,D,0
-14.6026,134.4644,324.3,1,1,2014-07-24,0448,Aqua,MODIS,68,6.2,308.9,10.1,D,0
-12.6105,135.2404,335.9,1.1,1,2014-07-24,0448,Aqua,MODIS,86,6.2,303,28.4,D,0
-13.2063,135.5599,317.1,1.1,1,2014-07-24,0448,Aqua,MODIS,52,6.2,299.4,7.1,D,0
-13.1416,134.8227,344.4,1,1,2014-07-24,0448,Aqua,MODIS,91,6.2,306.8,41,D,0
-14.5506,134.8857,321.7,1,1,2014-07-24,0448,Aqua,MODIS,61,6.2,307.2,8,D,0
-12.7446,135.4461,328.3,1.1,1,2014-07-24,0448,Aqua,MODIS,69,6.2,298.9,20.2,D,0
-11.8211,133.2072,322.3,1,1,2014-07-24,0448,Aqua,MODIS,68,6.2,301.5,10.5,D,0
-13.0446,135.1146,332.6,1.1,1,2014-07-24,0448,Aqua,MODIS,75,6.2,301.7,21.9,D,0
-13.0736,135.344,324.3,1.1,1,2014-07-24,0448,Aqua,MODIS,42,6.2,300.9,13.8,D,0
-13.1325,134.8213,340.4,1,1,2014-07-24,0448,Aqua,MODIS,88,6.2,305.7,34.6,D,0
-13.0425,135.065,324.1,1.1,1,2014-07-24,0448,Aqua,MODIS,52,6.2,301.9,11.9,D,0
-11.8185,133.2255,330,1,1,2014-07-24,0448,Aqua,MODIS,79,6.2,300.7,18.3,D,0
-12.7135,135.1628,343.2,1.1,1,2014-07-24,0448,Aqua,MODIS,91,6.2,301.5,40.3,D,0
-13.197,134.5717,325.4,1,1,2014-07-24,0448,Aqua,MODIS,72,6.2,303.9,13.8,D,0
-13.3957,134.4717,352.1,1,1,2014-07-24,0448,Aqua,MODIS,90,6.2,304.2,58,D,0
-12.5319,135.4648,317.1,1.1,1,2014-07-24,0448,Aqua,MODIS,55,6.2,298.4,8.1,D,0
-13.0628,134.737,325.6,1,1,2014-07-24,0448,Aqua,MODIS,29,6.2,302.9,13.4,D,0
-12.0483,133.287,344.6,1,1,2014-07-24,0448,Aqua,MODIS,91,6.2,307.7,37.3,D,0
-13.4053,135.4616,324.1,1.1,1,2014-07-24,0448,Aqua,MODIS,62,6.2,303.8,13.1,D,0
-14.5519,134.8763,319.3,1,1,2014-07-24,0448,Aqua,MODIS,48,6.2,307.1,5.6,D,0
-13.4151,134.4652,327.2,1,1,2014-07-24,0448,Aqua,MODIS,65,6.2,303.9,14,D,0
-12.7533,135.1491,361.4,1.1,1,2014-07-24,0448,Aqua,MODIS,100,6.2,304.5,83.1,D,0
-12.4785,135.3747,324.1,1.1,1,2014-07-24,0448,Aqua,MODIS,67,6.2,301.8,12.8,D,0
-13.221,135.3993,327.1,1.1,1,2014-07-24,0448,Aqua,MODIS,76,6.2,300.6,18.8,D,0
-13.094,135.2073,330,1.1,1,2014-07-24,0448,Aqua,MODIS,80,6.2,302.3,21.2,D,0
-12.5383,135.4863,325.9,1.1,1,2014-07-24,0448,Aqua,MODIS,76,6.2,296.8,17.8,D,0
-12.5931,135.4199,342.1,1.1,1,2014-07-24,0448,Aqua,MODIS,90,6.2,299.2,44.5,D,0
-12.9041,134.2454,331.1,1,1,2014-07-24,0448,Aqua,MODIS,80,6.2,305.6,20,D,0
-12.9952,135.0674,344.6,1.1,1,2014-07-24,0448,Aqua,MODIS,91,6.2,302.8,44.4,D,0
-13.1018,135.2185,316,1.1,1,2014-07-24,0448,Aqua,MODIS,34,6.2,301.5,5.6,D,0
-13.0054,134.7506,324.6,1,1,2014-07-24,0448,Aqua,MODIS,63,6.2,300.9,13.2,D,0
-13.0473,134.5267,319.6,1,1,2014-07-24,0448,Aqua,MODIS,60,6.2,304,7,D,0
-12.7519,135.1589,341,1.1,1,2014-07-24,0448,Aqua,MODIS,80,6.2,304.1,33.7,D,0
-13.3853,134.4796,350.9,1,1,2014-07-24,0448,Aqua,MODIS,95,6.2,305.2,56.5,D,0
-13.241,135.3925,342.4,1.1,1,2014-07-24,0448,Aqua,MODIS,90,6.2,302.9,42.6,D,0
-13.1052,135.259,318.2,1.1,1,2014-07-24,0448,Aqua,MODIS,36,6.2,301.3,7.6,D,0
-13.2156,134.5078,338.9,1,1,2014-07-24,0448,Aqua,MODIS,87,6.2,302.4,33.6,D,0
-13.0916,135.2867,323.4,1.1,1,2014-07-24,0448,Aqua,MODIS,47,6.2,301.1,12.4,D,0
-13.2033,135.3508,315.3,1.1,1,2014-07-24,0448,Aqua,MODIS,33,6.2,299.7,6.6,D,0
-13.3825,135.5494,317.2,1.1,1,2014-07-24,0448,Aqua,MODIS,37,6.2,301.6,6.7,D,0
-12.9028,134.2547,329.3,1,1,2014-07-24,0448,Aqua,MODIS,78,6.2,304.8,17.4,D,0
-12.9983,134.6724,349.1,1,1,2014-07-24,0448,Aqua,MODIS,94,6.2,305.6,50.6,D,0
-12.7416,135.466,337.7,1.1,1,2014-07-24,0448,Aqua,MODIS,87,6.2,300.1,34.9,D,0
-13.0649,135.6589,324.4,1.1,1,2014-07-24,0448,Aqua,MODIS,66,6.2,296.4,16.5,D,0
-14.5806,134.925,320.2,1,1,2014-07-24,0448,Aqua,MODIS,47,6.2,308.3,6.3,D,0
-13.2518,135.3842,341.3,1.1,1,2014-07-24,0448,Aqua,MODIS,89,6.2,301.6,40.3,D,0
-12.4714,135.2565,325.6,1.1,1,2014-07-24,0448,Aqua,MODIS,70,6.2,300.3,14.5,D,0
-13.1508,135.5762,350.9,1.1,1,2014-07-24,0448,Aqua,MODIS,95,6.2,303.5,62.9,D,0
-13.1623,135.2447,317.3,1.1,1,2014-07-24,0448,Aqua,MODIS,43,6.2,300.9,7.2,D,0
-13.3749,134.4875,317.5,1,1,2014-07-24,0448,Aqua,MODIS,40,6.2,301.7,7.6,D,0
-12.9432,130.7648,356.7,1.2,1.1,2014-07-24,0448,Aqua,MODIS,98,6.2,303.6,88.7,D,0
-13.0005,134.7209,346.2,1,1,2014-07-24,0448,Aqua,MODIS,92,6.2,301.4,46.9,D,0
-12.5916,135.4298,339.7,1.1,1,2014-07-24,0448,Aqua,MODIS,89,6.2,300.1,39.4,D,0
-13.1706,135.3158,332.7,1.1,1,2014-07-24,0448,Aqua,MODIS,82,6.2,301.1,25.5,D,0
-13.0741,134.787,343,1,1,2014-07-24,0448,Aqua,MODIS,90,6.2,305.8,41.1,D,0
-12.5514,135.5053,321,1.1,1,2014-07-24,0448,Aqua,MODIS,36,6.2,298.1,11.2,D,0
-12.6118,134.6069,319,1,1,2014-07-24,0448,Aqua,MODIS,45,6.2,305.3,5.9,D,0
-12.7193,135.507,317.3,1.1,1,2014-07-24,0448,Aqua,MODIS,46,6.2,297.4,7.3,D,0
-12.9834,134.5837,323.3,1,1,2014-07-24,0448,Aqua,MODIS,31,6.2,307.2,8.2,D,0
-12.9925,134.5852,323.5,1,1,2014-07-24,0448,Aqua,MODIS,37,6.2,309.8,8.4,D,0
-12.8125,135.3754,330.5,1.1,1,2014-07-24,0448,Aqua,MODIS,81,6.2,299.8,23,D,0
-12.4592,135.2747,321.9,1.1,1,2014-07-24,0448,Aqua,MODIS,69,6.2,302.4,11.7,D,0
-13.1975,134.505,356.1,1,1,2014-07-24,0448,Aqua,MODIS,98,6.2,303.8,69.1,D,0
-13.3519,134.4554,317.6,1,1,2014-07-24,0448,Aqua,MODIS,37,6.2,300.1,7.3,D,0
-12.5885,135.1971,316.8,1.1,1,2014-07-24,0448,Aqua,MODIS,24,6.2,300.1,6.1,D,0
-12.5901,135.4398,342.1,1.1,1,2014-07-24,0448,Aqua,MODIS,90,6.2,299.9,43.8,D,0
-13.1579,135.2738,373.9,1.1,1,2014-07-24,0448,Aqua,MODIS,100,6.2,303.8,132.6,D,0
-13.1303,135.1536,317.6,1.1,1,2014-07-24,0448,Aqua,MODIS,24,6.2,302.6,5.6,D,0
-12.4489,135.3441,342.5,1.1,1,2014-07-24,0448,Aqua,MODIS,90,6.2,302.1,40.3,D,0
-13.2151,134.5745,333,1,1,2014-07-24,0448,Aqua,MODIS,82,6.2,304.5,22.7,D,0
-13.2681,135.6381,322.6,1.1,1,2014-07-24,0448,Aqua,MODIS,69,6.2,299.1,13.6,D,0
-13.1989,134.4957,355.5,1,1,2014-07-24,0448,Aqua,MODIS,97,6.2,304.2,67.3,D,0
-13.1885,134.5036,339.9,1,1,2014-07-24,0448,Aqua,MODIS,88,6.2,302.9,35.6,D,0
-12.3843,135.0269,321.1,1.1,1,2014-07-24,0448,Aqua,MODIS,67,6.2,299.9,12.8,D,0
-12.7913,135.4534,320.5,1.1,1,2014-07-24,0448,Aqua,MODIS,48,6.2,296.1,10.9,D,0
-13.1898,134.4943,332.2,1,1,2014-07-24,0448,Aqua,MODIS,81,6.2,302.1,23.5,D,0
-13.0314,134.7611,352.8,1,1,2014-07-24,0448,Aqua,MODIS,96,6.2,303.6,61.5,D,0
-12.9864,134.6898,371.5,1,1,2014-07-24,0448,Aqua,MODIS,100,6.2,307.8,116.1,D,0
-13.4227,134.4759,328.6,1,1,2014-07-24,0448,Aqua,MODIS,76,6.2,305.7,15.6,D,0
-12.5797,135.2557,329.3,1.1,1,2014-07-24,0448,Aqua,MODIS,80,6.2,300.4,17.9,D,0
-13.1411,134.5191,327.1,1,1,2014-07-24,0448,Aqua,MODIS,75,6.2,304.9,16.4,D,0
-13.1424,134.5098,328.5,1,1,2014-07-24,0448,Aqua,MODIS,77,6.2,304.1,18.3,D,0
-13.151,134.5073,349.1,1,1,2014-07-24,0448,Aqua,MODIS,94,6.2,304.9,52.7,D,0
-13.0018,134.7115,343.5,1,1,2014-07-24,0448,Aqua,MODIS,91,6.2,300.7,41,D,0
-12.8012,135.1334,342.5,1.1,1,2014-07-24,0448,Aqua,MODIS,90,6.2,303.4,40.2,D,0
-13.3943,134.481,337.1,1,1,2014-07-24,0448,Aqua,MODIS,85,6.2,303.5,30.3,D,0
-13.4033,134.4824,334.1,1,1,2014-07-24,0448,Aqua,MODIS,83,6.2,303.1,25.5,D,0
-13.1126,134.5242,332.5,1,1,2014-07-24,0448,Aqua,MODIS,81,6.2,305,22.2,D,0
-13.1623,135.4348,341.3,1.1,1,2014-07-24,0448,Aqua,MODIS,89,6.2,302.3,39.8,D,0
-13.4047,134.4731,357.4,1,1,2014-07-24,0448,Aqua,MODIS,93,6.2,305.6,70.3,D,0
-13.153,135.4333,332.7,1.1,1,2014-07-24,0448,Aqua,MODIS,82,6.2,300.7,25.4,D,0
-12.5923,135.298,338.5,1.1,1,2014-07-24,0448,Aqua,MODIS,88,6.2,300.6,34.7,D,0
-13.169,134.5101,332.1,1,1,2014-07-24,0448,Aqua,MODIS,81,6.2,303.3,23.2,D,0
-12.5777,135.4582,320.8,1.1,1,2014-07-24,0448,Aqua,MODIS,51,6.2,289.5,11.8,D,0
-13.1433,135.1821,326.3,1.1,1,2014-07-24,0448,Aqua,MODIS,75,6.2,301.8,15.9,D,0
-13.16,134.5087,331.6,1,1,2014-07-24,0448,Aqua,MODIS,80,6.2,303.9,22.8,D,0
-13.1139,134.5149,327.6,1,1,2014-07-24,0448,Aqua,MODIS,76,6.2,305.2,16,D,0
-12.7626,135.1505,326.8,1.1,1,2014-07-24,0448,Aqua,MODIS,48,6.2,301.7,14.1,D,0
-13.0199,135.091,330,1.1,1,2014-07-24,0448,Aqua,MODIS,62,6.2,300.8,18.1,D,0
-13.0824,134.7304,340.7,1,1,2014-07-24,0448,Aqua,MODIS,89,6.2,306.2,34.2,D,0
-12.7789,135.1035,328.7,1.1,1,2014-07-24,0448,Aqua,MODIS,79,6.2,302.9,18,D,0
-12.5812,135.2459,325.4,1.1,1,2014-07-24,0448,Aqua,MODIS,75,6.2,303.4,13.1,D,0
-13.0854,134.52,319.8,1,1,2014-07-24,0448,Aqua,MODIS,49,6.2,305.4,6.5,D,0
-13.1437,135.432,329.1,1.1,1,2014-07-24,0448,Aqua,MODIS,77,6.2,301.1,20.1,D,0
-13.0902,135.2965,325.4,1.1,1,2014-07-24,0448,Aqua,MODIS,69,6.2,301.9,15.1,D,0
-12.4636,135.2452,321.3,1.1,1,2014-07-24,0448,Aqua,MODIS,65,6.2,301.3,11.3,D,0
-13.0699,134.8154,369.4,1,1,2014-07-24,0448,Aqua,MODIS,100,6.2,306.6,108.3,D,0
-12.9966,135.0578,331.1,1.1,1,2014-07-24,0448,Aqua,MODIS,81,6.2,302.1,21.6,D,0
-13.2195,135.4092,322.4,1.1,1,2014-07-24,0448,Aqua,MODIS,69,6.2,300.9,13.1,D,0
-12.7556,134.5112,350,1,1,2014-07-24,0448,Aqua,MODIS,95,6.2,310.3,51.8,D,0
-12.9012,135.5648,315.2,1.1,1,2014-07-24,0448,Aqua,MODIS,48,6.2,297.8,8.2,D,0
-12.5364,135.4348,314,1.1,1,2014-07-24,0448,Aqua,MODIS,28,6.2,297.3,5.7,D,0
-12.263,135.1013,321.7,1.1,1,2014-07-24,0448,Aqua,MODIS,64,6.2,298.4,13.6,D,0
-12.7543,134.5205,353.6,1,1,2014-07-24,0448,Aqua,MODIS,96,6.2,305.8,60.2,D,0
-13.0231,135.2601,319.3,1.1,1,2014-07-24,0448,Aqua,MODIS,26,6.2,301.3,8.6,D,0
-12.9955,134.6912,349.4,1,1,2014-07-24,0448,Aqua,MODIS,94,6.2,308.4,52.4,D,0
-13.2425,135.3826,342.7,1.1,1,2014-07-24,0448,Aqua,MODIS,90,6.2,301.3,44.2,D,0
-13.0614,134.7464,333.2,1,1,2014-07-24,0448,Aqua,MODIS,74,6.2,304.1,23,D,0
-13.2115,134.5358,337.6,1,1,2014-07-24,0448,Aqua,MODIS,86,6.2,303.7,31.7,D,0
-13.1266,135.4194,322.8,1.1,1,2014-07-24,0448,Aqua,MODIS,26,6.2,301.8,12.2,D,0
-12.5762,135.4682,334.9,1.1,1,2014-07-24,0448,Aqua,MODIS,80,6.2,294,31.5,D,0
-13.0634,135.669,324.7,1.1,1,2014-07-24,0448,Aqua,MODIS,64,6.2,298.1,17.1,D,0
-12.5882,135.3885,324.1,1.1,1,2014-07-24,0448,Aqua,MODIS,45,6.2,298.9,14.2,D,0
-12.4996,134.8743,323,1,1,2014-07-24,0448,Aqua,MODIS,70,6.2,303.5,11.3,D,0
-13.079,134.8168,327.4,1,1,2014-07-24,0448,Aqua,MODIS,60,6.2,303,15.5,D,0
-13.0161,134.5506,338.5,1,1,2014-07-24,0448,Aqua,MODIS,87,6.2,305.4,31,D,0
-12.5908,135.3079,344.4,1.1,1,2014-07-24,0448,Aqua,MODIS,92,6.2,300.8,46.1,D,0
-12.5894,135.3177,394.9,1.1,1,2014-07-24,0448,Aqua,MODIS,100,6.2,309.1,239.7,D,0
-12.2867,135.0058,317.3,1.1,1,2014-07-24,0448,Aqua,MODIS,43,6.2,301.8,7.3,D,0
-13.4124,134.4838,326.4,1,1,2014-07-24,0448,Aqua,MODIS,73,6.2,303.9,14.3,D,0
-13.03,134.7705,329,1,1,2014-07-24,0448,Aqua,MODIS,68,6.2,302.8,18.6,D,0
-13.1003,135.2282,319.2,1.1,1,2014-07-24,0448,Aqua,MODIS,29,6.2,301.4,8.1,D,0
-13.308,134.5097,330.8,1,1,2014-07-24,0448,Aqua,MODIS,75,6.2,301.8,20.6,D,0
-13.3355,134.4473,330.3,1,1,2014-07-24,0448,Aqua,MODIS,79,6.2,303.1,20,D,0
-13.3066,134.519,324.7,1,1,2014-07-24,0448,Aqua,MODIS,40,6.2,302.5,12.9,D,0
-13.1794,134.5022,325.8,1,1,2014-07-24,0448,Aqua,MODIS,73,6.2,302.7,15.3,D,0
-13.2976,134.5176,332.5,1,1,2014-07-24,0448,Aqua,MODIS,81,6.2,303,22.7,D,0
-12.8176,135.0865,332.2,1.1,1,2014-07-24,0448,Aqua,MODIS,83,6.2,303.9,23.2,D,0
-12.8162,135.0961,327.4,1.1,1,2014-07-24,0448,Aqua,MODIS,78,6.2,304.1,16.3,D,0
-12.5946,135.4099,319.4,1.1,1,2014-07-24,0448,Aqua,MODIS,45,6.2,297.5,9.6,D,0
-13.0405,134.7625,341.6,1,1,2014-07-24,0448,Aqua,MODIS,89,6.2,303.7,38.9,D,0
-13.0279,134.5332,340.6,1,1,2014-07-24,0448,Aqua,MODIS,89,6.2,306.3,34,D,0
-12.5786,135.326,346.6,1.1,1,2014-07-24,0448,Aqua,MODIS,93,6.2,297.9,50.6,D,0
-12.586,135.2768,319,1.1,1,2014-07-24,0448,Aqua,MODIS,44,6.2,299.7,7.8,D,0
-12.583,135.2965,399.3,1.1,1,2014-07-24,0448,Aqua,MODIS,100,6.2,306.3,266.9,D,0
-12.5789,135.387,367.2,1.1,1,2014-07-24,0448,Aqua,MODIS,100,6.2,301.1,108.9,D,0
-12.8504,132.0826,324.3,1.1,1,2014-07-24,0448,Aqua,MODIS,50,6.2,305.6,9.8,D,0
-13.1065,135.4262,329.3,1.1,1,2014-07-24,0448,Aqua,MODIS,38,6.2,301.2,18.9,D,0
-13.0604,135.4325,334.1,1.1,1,2014-07-24,0448,Aqua,MODIS,84,6.2,300.6,29.2,D,0
-12.8557,135.6338,328.5,1.1,1,2014-07-24,0448,Aqua,MODIS,79,6.2,299.2,22.2,D,0
-13.4068,135.4517,339.2,1.1,1,2014-07-24,0448,Aqua,MODIS,87,6.2,304,36.1,D,0
-12.8742,132.1158,330.7,1.1,1,2014-07-24,0448,Aqua,MODIS,71,6.2,304.8,19.4,D,0
-13.0185,135.1006,335.5,1.1,1,2014-07-24,0448,Aqua,MODIS,85,6.2,302.2,26.8,D,0
-13.051,134.7545,358.9,1,1,2014-07-24,0448,Aqua,MODIS,99,6.2,306,77.1,D,0
-13.3568,134.4847,341.6,1,1,2014-07-24,0448,Aqua,MODIS,89,6.2,304.7,37.1,D,0
-13.3492,134.474,339.3,1,1,2014-07-24,0448,Aqua,MODIS,72,6.2,301.9,31.1,D,0
-12.985,134.6992,328.6,1,1,2014-07-24,0448,Aqua,MODIS,60,6.2,301.2,18.9,D,0
-13.0223,134.7596,335.2,1,1,2014-07-24,0448,Aqua,MODIS,61,6.2,302.2,25.9,D,0
-12.8636,135.6454,316.6,1.1,1,2014-07-24,0448,Aqua,MODIS,51,6.2,300.2,8,D,0
-12.5845,135.2867,341.2,1.1,1,2014-07-24,0448,Aqua,MODIS,90,6.2,300.7,39.9,D,0
-13.2351,134.5651,326,1,1,2014-07-24,0448,Aqua,MODIS,54,6.2,303.7,13.6,D,0
-12.5834,135.3572,373.8,1.1,1,2014-07-24,0448,Aqua,MODIS,100,6.2,305.1,135.1,D,0
-13.138,135.1648,327.7,1.1,1,2014-07-24,0448,Aqua,MODIS,75,6.2,302.3,16.4,D,0
-11.7769,133.8962,324,1,1,2014-07-24,0448,Aqua,MODIS,32,6.2,302.8,11.5,D,0
-13.2303,135.4008,326.8,1.1,1,2014-07-24,0448,Aqua,MODIS,70,6.2,301.5,17.4,D,0
-13.1496,135.2029,335.7,1.1,1,2014-07-24,0448,Aqua,MODIS,85,6.2,302.5,30,D,0
-13.0153,135.2489,319.9,1.1,1,2014-07-24,0448,Aqua,MODIS,33,6.2,300.3,8.5,D,0
-12.7998,135.1431,318.5,1.1,1,2014-07-24,0448,Aqua,MODIS,42,6.2,302.4,6,D,0
-13.0496,134.7639,316.4,1,1,2014-07-24,0448,Aqua,MODIS,21,6.2,301.9,5.6,D,0
-12.6858,135.1585,340.1,1.1,1,2014-07-24,0448,Aqua,MODIS,89,6.2,301.6,39.3,D,0
-12.9991,134.7303,357,1,1,2014-07-24,0448,Aqua,MODIS,98,6.2,303.6,71.1,D,0
-13.156,135.2238,325.4,1.1,1,2014-07-24,0448,Aqua,MODIS,74,6.2,300.5,16,D,0
-12.5864,135.3374,419.7,1.1,1,2014-07-24,0448,Aqua,MODIS,100,6.2,317.2,430.6,D,0
-13.3341,134.4566,339.8,1,1,2014-07-24,0448,Aqua,MODIS,88,6.2,301.8,34,D,0
-12.5096,135.1682,321.8,1.1,1,2014-07-24,0448,Aqua,MODIS,40,6.2,299.8,11.9,D,0
-13.1628,135.3046,333.9,1.1,1,2014-07-24,0448,Aqua,MODIS,83,6.2,302.4,28.1,D,0
-12.5111,135.1584,327.5,1.1,1,2014-07-24,0448,Aqua,MODIS,74,6.2,299.7,18.8,D,0
-12.47,135.2663,343.9,1.1,1,2014-07-24,0448,Aqua,MODIS,91,6.2,302.9,44.3,D,0
-12.7178,135.517,329.3,1.1,1,2014-07-24,0448,Aqua,MODIS,80,6.2,300.8,22,D,0
-12.9112,135.3263,325.2,1.1,1,2014-07-24,0448,Aqua,MODIS,74,6.2,301.5,13.3,D,0
-12.4014,136.4787,359.9,1.2,1.1,2014-07-24,0448,Aqua,MODIS,99,6.2,300.2,107.4,D,0
-12.4113,136.4803,345.6,1.2,1.1,2014-07-24,0448,Aqua,MODIS,93,6.2,298.9,63.2,D,0
-12.4095,136.4915,323.9,1.2,1.1,2014-07-24,0448,Aqua,MODIS,76,6.2,298.6,20.2,D,0
-14.5302,132.4367,359.9,1.1,1,2014-07-24,0448,Aqua,MODIS,99,6.2,312.9,78.3,D,0
-14.5395,132.438,330.3,1.1,1,2014-07-24,0448,Aqua,MODIS,76,6.2,313.3,17,D,0
-12.8892,133.8392,335.6,1,1,2014-07-24,0448,Aqua,MODIS,84,6.2,304.5,25.8,D,0
-12.8911,135.1434,322.4,1.1,1,2014-07-24,0448,Aqua,MODIS,70,6.2,304.3,10.4,D,0
-12.8481,135.0715,321.5,1.1,1,2014-07-24,0448,Aqua,MODIS,54,6.2,301.7,9.7,D,0
-13.0776,135.6159,318.6,1.1,1,2014-07-24,0448,Aqua,MODIS,46,6.2,300.1,9.3,D,0
-12.7635,134.8264,321.2,1,1,2014-07-24,0448,Aqua,MODIS,67,6.2,306.1,9.4,D,0
-12.803,135.5679,324,1.1,1,2014-07-24,0448,Aqua,MODIS,74,6.2,300,16,D,0
-12.2683,133.0329,335.5,1,1,2014-07-24,0448,Aqua,MODIS,84,6.2,308,25.7,D,0
-12.7678,135.4191,325.7,1.1,1,2014-07-24,0448,Aqua,MODIS,49,6.2,297.6,16.9,D,0
-12.9944,135.6166,329.7,1.1,1,2014-07-24,0448,Aqua,MODIS,75,6.2,296,24.6,D,0
-12.9012,135.0758,323.2,1.1,1,2014-07-24,0448,Aqua,MODIS,39,6.2,303.7,10.8,D,0
-13.0997,135.6607,332.1,1.1,1,2014-07-24,0448,Aqua,MODIS,82,6.2,297.4,27.2,D,0
-13.0981,135.6708,319.7,1.1,1,2014-07-24,0448,Aqua,MODIS,62,6.2,299.7,10.6,D,0
-13.0949,135.629,317.5,1.1,1,2014-07-24,0448,Aqua,MODIS,20,6.2,299.5,7.8,D,0
-12.8906,133.83,334.9,1,1,2014-07-24,0448,Aqua,MODIS,83,6.2,303.2,24.8,D,0
-14.5714,132.9279,328.8,1,1,2014-07-24,0448,Aqua,MODIS,65,6.2,313.9,12.4,D,0
-12.8729,135.0951,328.8,1.1,1,2014-07-24,0448,Aqua,MODIS,55,6.2,303.6,17.2,D,0
-14.7188,132.9263,332.3,1,1,2014-07-24,0448,Aqua,MODIS,79,6.2,311.9,18.5,D,0
-14.6505,132.4161,323.8,1.1,1,2014-07-24,0448,Aqua,MODIS,52,6.2,308.6,8,D,0
-14.6518,132.4062,326.9,1.1,1,2014-07-24,0448,Aqua,MODIS,65,6.2,309.5,12.1,D,0
-14.6412,132.4147,337.8,1.1,1,2014-07-24,0448,Aqua,MODIS,85,6.2,311.4,26.9,D,0
-14.6426,132.4049,333.4,1.1,1,2014-07-24,0448,Aqua,MODIS,79,6.2,309.6,19.9,D,0
-14.6536,132.8719,323,1,1,2014-07-24,0448,Aqua,MODIS,36,6.2,311.8,6.5,D,0
-12.7552,134.5781,327,1,1,2014-07-24,0448,Aqua,MODIS,69,6.2,307.8,12.9,D,0
-14.453,132.8595,325.1,1,1,2014-07-24,0448,Aqua,MODIS,65,6.2,312,9.9,D,0
-14.5459,132.1138,321.9,1.1,1,2014-07-24,0448,Aqua,MODIS,56,6.2,309.7,8,D,0
-14.4794,132.7365,330.1,1,1,2014-07-24,0448,Aqua,MODIS,75,6.2,312.1,15.4,D,0
-12.9175,135.3474,347.9,1.1,1,2014-07-24,0448,Aqua,MODIS,94,6.2,303.3,52.9,D,0
-12.919,135.3375,330.5,1.1,1,2014-07-24,0448,Aqua,MODIS,81,6.2,301,21.3,D,0
-11.8652,132.8961,318.4,1,1,2014-07-24,0448,Aqua,MODIS,57,6.2,302.6,6.6,D,0
-15.6629,129.498,324,1.6,1.2,2014-07-24,0448,Aqua,MODIS,21,6.2,305.2,18.9,D,0
-14.6523,132.8815,335.1,1,1,2014-07-24,0448,Aqua,MODIS,82,6.2,314.1,22.3,D,0
-15.8054,129.4523,334.1,1.6,1.3,2014-07-24,0448,Aqua,MODIS,82,6.2,305.4,47.1,D,0
-15.7978,129.4205,327.5,1.6,1.3,2014-07-24,0448,Aqua,MODIS,74,6.2,306.3,28,D,0
-12.8721,135.27,316.8,1.1,1,2014-07-24,0448,Aqua,MODIS,52,6.2,301.8,4.3,D,0
-12.7247,135.5144,331.3,1.1,1,2014-07-24,0448,Aqua,MODIS,82,6.2,300,24.2,D,0
-12.267,133.0421,322.1,1,1,2014-07-24,0448,Aqua,MODIS,52,6.2,306.2,8.3,D,0
-12.896,135.364,321.4,1.1,1,2014-07-24,0448,Aqua,MODIS,69,6.2,300.7,10.1,D,0
-12.9019,135.3248,320.2,1.1,1,2014-07-24,0448,Aqua,MODIS,45,6.2,302.3,7.6,D,0
-12.7669,133.9206,323.9,1,1,2014-07-24,0448,Aqua,MODIS,69,6.2,305.7,10.8,D,0
-12.9034,135.315,328,1.1,1,2014-07-24,0448,Aqua,MODIS,78,6.2,303.3,17.2,D,0
-14.5381,132.4479,326.1,1.1,1,2014-07-24,0448,Aqua,MODIS,67,6.2,313.2,11,D,0
-14.5289,132.4466,338,1.1,1,2014-07-24,0448,Aqua,MODIS,85,6.2,312.2,27.6,D,0
-13.1073,135.6104,322,1.1,1,2014-07-24,0448,Aqua,MODIS,63,6.2,301.9,12.5,D,0
-12.7555,135.4375,330,1.1,1,2014-07-24,0448,Aqua,MODIS,77,6.2,298.2,22.3,D,0
-13.1088,135.6003,324,1.1,1,2014-07-24,0448,Aqua,MODIS,72,6.2,298,15.3,D,0
-12.8995,133.8314,321.4,1,1,2014-07-24,0448,Aqua,MODIS,62,6.2,303.3,8.5,D,0
-12.7606,133.9009,328.6,1,1,2014-07-24,0448,Aqua,MODIS,77,6.2,303.4,16.3,D,0
-14.5651,132.9109,339.5,1,1,2014-07-24,0448,Aqua,MODIS,86,6.2,311.8,28.1,D,0
-14.5664,132.9013,328.2,1,1,2014-07-24,0448,Aqua,MODIS,72,6.2,311.7,11.4,D,0
-13.8277,133.2571,323.2,1,1,2014-07-24,0448,Aqua,MODIS,32,6.2,308.3,7.8,D,0
-14.493,129.7205,325.6,1.5,1.2,2014-07-24,0448,Aqua,MODIS,73,6.2,306.8,18.6,D,0
-14.5021,130.2788,319.2,1.4,1.2,2014-07-24,0448,Aqua,MODIS,34,6.2,304.2,10,D,0
-14.729,130.2691,326.7,1.4,1.2,2014-07-24,0448,Aqua,MODIS,73,6.2,305.3,22.2,D,0
-14.5767,132.8897,324.6,1,1,2014-07-24,0448,Aqua,MODIS,37,6.2,312,6.1,D,0
-12.3971,135.2448,326.5,1.1,1,2014-07-24,0448,Aqua,MODIS,76,6.2,298.5,18.3,D,0
-12.3832,135.2261,328.9,1.1,1,2014-07-24,0448,Aqua,MODIS,74,6.2,300.2,20.2,D,0
-12.3896,135.2472,335.4,1.1,1,2014-07-24,0448,Aqua,MODIS,85,6.2,299.1,30.8,D,0
-12.3881,135.257,334.6,1.1,1,2014-07-24,0448,Aqua,MODIS,84,6.2,300,30.2,D,0
-12.3956,135.2547,335.7,1.1,1,2014-07-24,0448,Aqua,MODIS,85,6.2,300.6,31.8,D,0
-12.4264,135.2394,317.5,1.1,1,2014-07-24,0448,Aqua,MODIS,40,6.2,300.3,7.7,D,0
-11.9732,132.9085,324.7,1,1,2014-07-24,0448,Aqua,MODIS,50,6.2,301.8,10.9,D,0
-11.9745,132.8993,324.5,1,1,2014-07-24,0448,Aqua,MODIS,25,6.2,302.8,9.8,D,0
-12.3237,135.1166,326.5,1.1,1,2014-07-24,0448,Aqua,MODIS,65,6.2,296.4,17.7,D,0
-12.2921,133.837,318.1,1,1,2014-07-24,0448,Aqua,MODIS,18,6.2,304.7,4,D,0
-14.0817,132.8867,340.5,1,1,2014-07-24,0448,Aqua,MODIS,87,6.2,314.8,29.4,D,0
-14.0908,132.888,340.8,1,1,2014-07-24,0448,Aqua,MODIS,87,6.2,312.1,30.3,D,0
-12.317,135.1198,319.6,1.1,1,2014-07-24,0448,Aqua,MODIS,63,6.2,296.6,12,D,0
-12.3315,135.1278,374.9,1.1,1,2014-07-24,0448,Aqua,MODIS,100,6.2,302.2,136.9,D,0
-12.3329,135.1181,336.8,1.1,1,2014-07-24,0448,Aqua,MODIS,73,6.2,297.6,31.4,D,0
-14.1209,131.4012,323.9,1.2,1.1,2014-07-24,0448,Aqua,MODIS,56,6.2,311.4,11.7,D,0
-12.4135,134.8934,317.1,1,1,2014-07-24,0448,Aqua,MODIS,50,6.2,303.3,6.2,D,0
-12.2907,133.8462,325.9,1,1,2014-07-24,0448,Aqua,MODIS,72,6.2,306.6,12.1,D,0
-12.35,135.1307,335.8,1.1,1,2014-07-24,0448,Aqua,MODIS,85,6.2,294.1,30.7,D,0
-12.3578,135.1419,318.2,1.1,1,2014-07-24,0448,Aqua,MODIS,44,6.2,294.4,8.8,D,0
-12.3676,135.2036,319.5,1.1,1,2014-07-24,0448,Aqua,MODIS,61,6.2,299,10.3,D,0
-12.3661,135.2134,324.9,1.1,1,2014-07-24,0448,Aqua,MODIS,74,6.2,300,16.3,D,0
-12.9625,132.4093,321.7,1,1,2014-07-24,0448,Aqua,MODIS,37,6.2,306.4,6,D,0
-11.4877,132.8345,371.7,1,1,2014-07-24,0449,Aqua,MODIS,100,6.2,300.2,114,D,0
-11.2888,131.8263,318.6,1.1,1,2014-07-24,0449,Aqua,MODIS,64,6.2,296.1,12.7,D,0
-11.2902,131.8166,325.9,1.1,1,2014-07-24,0449,Aqua,MODIS,68,6.2,297.1,20.8,D,0
-11.4094,132.9286,320.2,1,1,2014-07-24,0449,Aqua,MODIS,42,6.2,301.7,9.2,D,0
-11.6818,131.2189,328.1,1.1,1.1,2014-07-24,0449,Aqua,MODIS,80,6.2,301.1,20.7,D,0
-11.6831,131.2087,324.2,1.1,1.1,2014-07-24,0449,Aqua,MODIS,75,6.2,299.5,16.1,D,0
-11.6845,131.1984,313.2,1.1,1.1,2014-07-24,0449,Aqua,MODIS,26,6.2,297.8,4.9,D,0
-11.6747,131.2323,326.9,1.1,1.1,2014-07-24,0449,Aqua,MODIS,60,6.2,302.8,18.7,D,0
-11.6776,131.2118,327.1,1.1,1.1,2014-07-24,0449,Aqua,MODIS,60,6.2,299.1,21.3,D,0
-11.405,131.4393,324.1,1.1,1,2014-07-24,0449,Aqua,MODIS,66,6.2,298.9,15.3,D,0
-11.362,131.3663,327.8,1.1,1,2014-07-24,0449,Aqua,MODIS,80,6.2,298.4,19.8,D,0
-11.6652,131.2309,328.9,1.1,1.1,2014-07-24,0449,Aqua,MODIS,81,6.2,300.8,22.1,D,0
-11.697,130.7086,323.8,1.2,1.1,2014-07-24,0449,Aqua,MODIS,76,6.2,297.8,19.5,D,0
-11.3838,130.9941,324.4,1.1,1.1,2014-07-24,0449,Aqua,MODIS,77,6.2,299.1,19.1,D,0
-11.2565,130.4266,350.6,1.2,1.1,2014-07-24,0449,Aqua,MODIS,95,6.2,303.3,76.3,D,0
-11.4317,130.5646,319.9,1.2,1.1,2014-07-24,0449,Aqua,MODIS,52,6.2,300.4,13.4,D,0
-11.3701,130.3338,315.5,1.2,1.1,2014-07-24,0449,Aqua,MODIS,54,6.2,300.6,9.3,D,0
-11.258,130.4154,350.4,1.2,1.1,2014-07-24,0449,Aqua,MODIS,95,6.2,301.8,75.5,D,0
-11.2664,130.428,316.8,1.2,1.1,2014-07-24,0449,Aqua,MODIS,67,6.2,301,11.2,D,0
-11.7934,130.0623,313.1,1.3,1.1,2014-07-24,0449,Aqua,MODIS,54,6.2,300.1,9.1,D,0
-33.5944,116.3772,301.4,1.1,1.1,2014-07-24,0621,Aqua,MODIS,47,6.2,289.6,5.9,D,0
-33.5964,116.3653,311.7,1.1,1.1,2014-07-24,0621,Aqua,MODIS,72,6.2,290.6,13.7,D,0
-27.8643,114.8261,333.9,1.1,1.1,2014-07-24,0623,Aqua,MODIS,87,6.2,293.7,37.3,D,0
-27.8661,114.8148,349.3,1.1,1.1,2014-07-24,0623,Aqua,MODIS,95,6.2,295.9,68.4,D,0
-28.2648,148.8034,303.5,1.7,1.3,2014-07-24,1230,Terra,MODIS,55,6.2,283.7,17.5,N,0
-26.7779,148.2616,300.1,1.8,1.3,2014-07-24,1231,Terra,MODIS,18,6.2,283.5,14.2,N,0
-25.8062,152.6328,306,1,1,2014-07-24,1231,Terra,MODIS,67,6.2,283,10.5,N,0
-27.095,148.3617,320.5,1.7,1.3,2014-07-24,1231,Terra,MODIS,100,6.2,285.5,47.1,N,0
-15.6911,129.4849,307.4,1.2,1.1,2014-07-24,1412,Terra,MODIS,31,6.2,293.8,8.5,N,0
-18.0422,124.146,303.3,1.2,1.1,2014-07-24,1412,Terra,MODIS,54,6.2,290,7.9,N,0
-15.4572,128.8131,302,1.1,1.1,2014-07-24,1412,Terra,MODIS,46,6.2,289.1,6.2,N,0
-20.7332,139.4854,311.4,2,1.4,2014-07-24,1540,Aqua,MODIS,82,6.2,285.9,35.1,N,2
-24.8183,147.0735,309.8,1.1,1.1,2014-07-24,1541,Aqua,MODIS,78,6.2,285.9,14.1,N,0
-24.8198,147.0847,304.7,1.1,1.1,2014-07-24,1541,Aqua,MODIS,61,6.2,285.5,10.1,N,0
-27.0888,148.3687,307.9,1.4,1.2,2014-07-24,1542,Aqua,MODIS,73,6.2,283.8,18.2,N,0
-30.8681,121.4919,308.1,1.2,1.1,2014-07-24,1722,Aqua,MODIS,73,6.2,276.8,17.2,N,2
-32.475,116.0736,300.4,1.1,1,2014-07-24,1722,Aqua,MODIS,26,6.2,282.4,7.8,N,0
-32.4545,116.1839,308.7,1.1,1,2014-07-24,1722,Aqua,MODIS,75,6.2,282.2,13.4,N,0
-28.5516,151.8912,308.4,2.8,1.6,2014-07-24,2329,Terra,MODIS,67,6.2,286.4,42,D,0
-13.9915,142.1894,320.6,1.2,1.1,2014-07-25,0103,Terra,MODIS,77,6.2,289.9,19.7,D,0
-12.1808,134.2526,312.3,1.9,1.3,2014-07-25,0103,Terra,MODIS,45,6.2,299,12.8,D,0
-13.1232,142.4057,349.6,1.2,1.1,2014-07-25,0103,Terra,MODIS,95,6.2,296.7,68,D,0
-12.4219,142.053,333.3,1.1,1.1,2014-07-25,0103,Terra,MODIS,86,6.2,298,31,D,0
-12.5357,135.4619,314.8,1.5,1.2,2014-07-25,0103,Terra,MODIS,64,6.2,297.8,14.5,D,0
-13.2006,134.5421,313.9,1.7,1.3,2014-07-25,0103,Terra,MODIS,61,6.2,298.4,15.9,D,0
-12.6963,142.1857,317.1,1.1,1.1,2014-07-25,0103,Terra,MODIS,49,6.2,298.1,9.8,D,0
-13.0969,142.4315,322.8,1.2,1.1,2014-07-25,0103,Terra,MODIS,78,6.2,292.2,19.4,D,0
-13.3464,134.4551,311.9,1.8,1.3,2014-07-25,0103,Terra,MODIS,34,6.2,299,9.8,D,0
-13.2373,135.3801,319.4,1.5,1.2,2014-07-25,0103,Terra,MODIS,72,6.2,299.6,20.3,D,0
-12.5784,130.9981,311.1,3.3,1.7,2014-07-25,0103,Terra,MODIS,50,6.2,295.8,27.9,D,0
-12.3604,134.9574,321.4,1.7,1.3,2014-07-25,0103,Terra,MODIS,75,6.2,297.9,28.8,D,0
-12.3959,142.0046,316.9,1.1,1.1,2014-07-25,0103,Terra,MODIS,64,6.2,298.2,8.9,D,0
-12.7042,135.1562,320.6,1.6,1.2,2014-07-25,0103,Terra,MODIS,61,6.2,301.5,20.4,D,0
-13.235,135.3664,317.2,1.5,1.2,2014-07-25,0103,Terra,MODIS,68,6.2,298.8,16.3,D,0
-13.0222,142.3381,321.1,1.2,1.1,2014-07-25,0103,Terra,MODIS,59,6.2,295.4,13.5,D,0
-13.9901,142.1785,306.6,1.2,1.1,2014-07-25,0103,Terra,MODIS,41,6.2,286.9,5.2,D,0
-13.0172,142.0902,321.3,1.1,1.1,2014-07-25,0103,Terra,MODIS,77,6.2,296.6,16.3,D,0
-12.189,134.2582,312.3,1.9,1.3,2014-07-25,0103,Terra,MODIS,42,6.2,299.1,12.4,D,0
-12.601,135.2988,321.1,1.6,1.2,2014-07-25,0103,Terra,MODIS,74,6.2,298.7,24.3,D,0
-13.1247,142.4165,349,1.2,1.1,2014-07-25,0103,Terra,MODIS,95,6.2,295.6,65.6,D,0
-12.4205,142.0427,314.6,1.1,1.1,2014-07-25,0103,Terra,MODIS,65,6.2,296.5,6.8,D,0
-12.3973,142.0148,318.2,1.1,1.1,2014-07-25,0103,Terra,MODIS,73,6.2,297.2,10.6,D,0
-13.0186,142.1006,315.4,1.1,1.1,2014-07-25,0103,Terra,MODIS,69,6.2,296.2,9.2,D,0
-12.6667,142.0416,320.5,1.1,1.1,2014-07-25,0103,Terra,MODIS,75,6.2,298.7,13.4,D,0
-12.6653,142.0313,321.7,1.1,1.1,2014-07-25,0103,Terra,MODIS,77,6.2,297.8,14.6,D,0
-12.3579,134.942,315.3,1.7,1.3,2014-07-25,0103,Terra,MODIS,65,6.2,297.6,17,D,0
-13.1668,142.4158,359.9,1.2,1.1,2014-07-25,0103,Terra,MODIS,99,6.2,295.2,99.8,D,0
-12.8936,142.738,317.6,1.2,1.1,2014-07-25,0103,Terra,MODIS,40,6.2,296.9,11.8,D,0
-13.1653,142.405,379.3,1.2,1.1,2014-07-25,0103,Terra,MODIS,100,6.2,298.1,180.6,D,0
-13.1637,142.4111,398.7,1.2,1.1,2014-07-25,0103,Terra,MODIS,100,6.2,299.9,300.1,D,0
-13.154,142.4124,355.6,1.2,1.1,2014-07-25,0103,Terra,MODIS,98,6.2,298.1,79.7,D,0
-12.5729,142.4097,333.2,1.2,1.1,2014-07-25,0103,Terra,MODIS,86,6.2,296.7,34.1,D,0
-12.5715,142.399,340.4,1.2,1.1,2014-07-25,0103,Terra,MODIS,91,6.2,297.6,47.9,D,0
-13.1668,142.4329,343.9,1.2,1.1,2014-07-25,0103,Terra,MODIS,93,6.2,295.1,53.1,D,0
-13.1524,142.4016,380.5,1.2,1.1,2014-07-25,0103,Terra,MODIS,100,6.2,300.4,185.1,D,0
-13.176,142.3371,365.2,1.2,1.1,2014-07-25,0103,Terra,MODIS,100,6.2,295.8,118.7,D,0
-13.1494,142.3799,332.1,1.2,1.1,2014-07-25,0103,Terra,MODIS,82,6.2,295.4,26.9,D,0
-12.5618,142.4004,318.7,1.2,1.1,2014-07-25,0103,Terra,MODIS,74,6.2,296.4,13.6,D,0
-13.1472,142.4356,324.3,1.2,1.1,2014-07-25,0103,Terra,MODIS,57,6.2,293.9,19.1,D,0
-13.1652,142.422,336.2,1.2,1.1,2014-07-25,0103,Terra,MODIS,71,6.2,292.9,34,D,0
-13.1765,142.4145,348.5,1.2,1.1,2014-07-25,0103,Terra,MODIS,91,6.2,296.7,63.9,D,0
-13.1857,142.3358,332.5,1.2,1.1,2014-07-25,0103,Terra,MODIS,86,6.2,292.8,31.2,D,0
-12.3561,135.211,313.7,1.6,1.2,2014-07-25,0103,Terra,MODIS,62,6.2,297.5,13.5,D,0
-13.1775,142.348,339,1.2,1.1,2014-07-25,0103,Terra,MODIS,90,6.2,293.2,42.3,D,0
-12.9019,142.7254,324.3,1.2,1.1,2014-07-25,0103,Terra,MODIS,80,6.2,293.5,22.2,D,0
-12.9035,142.7367,328,1.2,1.1,2014-07-25,0103,Terra,MODIS,83,6.2,292.7,27.3,D,0
-13.1804,142.3696,334.1,1.2,1.1,2014-07-25,0103,Terra,MODIS,66,6.2,292,31,D,0
-13.1893,142.4349,332.6,1.2,1.1,2014-07-25,0103,Terra,MODIS,61,6.2,294.4,29.8,D,0
-13.1683,142.4268,339.8,1.2,1.1,2014-07-25,0103,Terra,MODIS,83,6.2,294.8,44.4,D,0
-14.2088,143.5836,311.5,1.4,1.2,2014-07-25,0103,Terra,MODIS,56,6.2,295.8,8.8,D,0
-12.262,141.8812,312.6,1.1,1,2014-07-25,0103,Terra,MODIS,55,6.2,296.8,6.5,D,0
-12.2635,141.8912,313.4,1.1,1,2014-07-25,0103,Terra,MODIS,57,6.2,295.8,7.6,D,0
-12.268,141.8841,313.1,1.1,1,2014-07-25,0103,Terra,MODIS,57,6.2,296.5,6.9,D,0
-13.3167,142.0234,314.4,1.1,1.1,2014-07-25,0103,Terra,MODIS,52,6.2,296.6,6.5,D,0
-13.2058,142.4104,336.5,1.2,1.1,2014-07-25,0103,Terra,MODIS,68,6.2,294.1,37,D,0
-13.2156,142.409,330.8,1.2,1.1,2014-07-25,0103,Terra,MODIS,50,6.2,293.6,28.6,D,0
-12.7607,133.8979,311.5,2,1.4,2014-07-25,0103,Terra,MODIS,54,6.2,297.2,14.3,D,0
-13.1954,142.3344,353.7,1.2,1.1,2014-07-25,0103,Terra,MODIS,92,6.2,295.4,81.2,D,0
-13.247,142.3491,316.6,1.2,1.1,2014-07-25,0103,Terra,MODIS,54,6.2,293.8,11,D,0
-13.2748,142.3168,342.7,1.2,1.1,2014-07-25,0103,Terra,MODIS,92,6.2,295.9,52.7,D,0
-15.6528,129.495,310.8,3.7,1.8,2014-07-25,0104,Terra,MODIS,52,6.2,299,29,D,0
-15.6436,129.4908,310.2,3.7,1.8,2014-07-25,0104,Terra,MODIS,49,6.2,298.1,26.2,D,0
-15.7469,129.5055,311.6,3.7,1.8,2014-07-25,0104,Terra,MODIS,55,6.2,298.4,32.5,D,0
-15.7533,129.4967,310.6,3.7,1.8,2014-07-25,0104,Terra,MODIS,49,6.2,298.7,27.4,D,0
-17.9504,138.8505,321.1,1,1,2014-07-25,0104,Terra,MODIS,71,6.2,302.5,10.9,D,0
-14.0523,134.8091,317.4,1.6,1.2,2014-07-25,0104,Terra,MODIS,68,6.2,302.1,14.9,D,0
-15.4491,128.8184,309.3,4.2,1.9,2014-07-25,0104,Terra,MODIS,38,6.2,297.4,32.1,D,0
-15.2862,143.2578,321.2,1.4,1.2,2014-07-25,0104,Terra,MODIS,78,6.2,293.5,26.3,D,0
-15.1563,143.2946,311.2,1.4,1.2,2014-07-25,0104,Terra,MODIS,63,6.2,293.7,12.9,D,0
-15.5046,141.7728,322.4,1.2,1.1,2014-07-25,0104,Terra,MODIS,75,6.2,298.5,12.4,D,0
-15.2879,143.2709,319.7,1.4,1.2,2014-07-25,0104,Terra,MODIS,76,6.2,291.8,24.2,D,0
-15.2922,143.2645,326.7,1.4,1.2,2014-07-25,0104,Terra,MODIS,73,6.2,291.2,33.5,D,0
-20.7352,139.48,322.7,1.1,1,2014-07-25,0105,Terra,MODIS,71,6.2,303.9,12.9,D,2
-18.7279,132.6947,325.5,1.9,1.3,2014-07-25,0105,Terra,MODIS,70,6.2,299.3,36.9,D,0
-18.7159,132.6971,344.4,1.9,1.3,2014-07-25,0105,Terra,MODIS,93,6.2,303.3,108.8,D,0
-18.7128,132.6796,321.3,1.9,1.3,2014-07-25,0105,Terra,MODIS,65,6.2,299.8,28.6,D,0
-26.1317,148.6031,318,4.8,2,2014-07-25,0106,Terra,MODIS,74,6.2,294,117.9,D,0
-26.1295,148.5977,313.7,4.8,2,2014-07-25,0106,Terra,MODIS,67,6.2,294,81.2,D,0
-24.8217,147.075,307.4,3.6,1.8,2014-07-25,0106,Terra,MODIS,44,6.2,291.1,42.2,D,0
-26.6095,146.0653,309.2,3.2,1.7,2014-07-25,0107,Terra,MODIS,52,6.2,293.9,29,D,0
-16.6361,122.9426,325.4,3.2,1.7,2014-07-25,0243,Terra,MODIS,79,6.2,298.4,103.4,D,0
-16.6386,122.9477,325.9,3.2,1.7,2014-07-25,0243,Terra,MODIS,75,6.2,298.4,106.8,D,0
-21.7954,116.3514,310.4,1.3,1.1,2014-07-25,0244,Terra,MODIS,56,6.2,298.8,6.9,D,0
-23.8793,122.5432,306.2,3.6,1.8,2014-07-25,0245,Terra,MODIS,56,6.2,291.1,32.5,D,0
-23.8955,122.5416,307.4,3.6,1.8,2014-07-25,0245,Terra,MODIS,63,6.2,290.9,36.7,D,0
-23.8867,122.5358,315.8,3.6,1.8,2014-07-25,0245,Terra,MODIS,75,6.2,291.2,77.5,D,0
-34.7102,118.2676,301.3,2.4,1.5,2014-07-25,0248,Terra,MODIS,35,6.2,286,15.8,D,0
-34.7026,118.2615,313,2.4,1.5,2014-07-25,0248,Terra,MODIS,69,6.2,287,43.8,D,0
-34.6965,118.269,301.3,2.4,1.5,2014-07-25,0248,Terra,MODIS,33,6.2,287.1,16.1,D,0
-31.3107,152.4619,313.2,1,1,2014-07-25,0347,Aqua,MODIS,73,6.2,295.1,10.5,D,0
-31.3123,152.4514,309.6,1,1,2014-07-25,0347,Aqua,MODIS,69,6.2,294.6,7.7,D,0
-31.249,151.4924,300.5,1,1,2014-07-25,0347,Aqua,MODIS,37,6.2,289.9,3.6,D,0
-31.119,152.0162,312,1,1,2014-07-25,0347,Aqua,MODIS,72,6.2,290.6,9.1,D,0
-31.4295,152.8371,305.5,1,1,2014-07-25,0347,Aqua,MODIS,61,6.2,294.9,4.8,D,0
-34.4646,150.8831,313.8,1.1,1,2014-07-25,0347,Aqua,MODIS,56,6.2,293.9,11.1,D,2
-29.2464,152.6089,307.7,1,1,2014-07-25,0348,Aqua,MODIS,64,6.2,296.2,4.6,D,0
-28.7132,151.7956,312,1,1,2014-07-25,0348,Aqua,MODIS,68,6.2,293.2,9.3,D,0
-28.6522,148.6688,312.7,1.1,1.1,2014-07-25,0348,Aqua,MODIS,45,6.2,290.4,10.2,D,0
-30.024,152.9427,306.9,1,1,2014-07-25,0348,Aqua,MODIS,64,6.2,295.8,6,D,0
-29.3383,152.7819,309,1,1,2014-07-25,0348,Aqua,MODIS,68,6.2,298.1,6.7,D,0
-29.4999,152.7547,325.9,1,1,2014-07-25,0348,Aqua,MODIS,84,6.2,296.8,21.7,D,0
-28.7117,151.8058,306.2,1,1,2014-07-25,0348,Aqua,MODIS,51,6.2,292.1,5.2,D,0
-29.4983,152.7653,318.1,1,1,2014-07-25,0348,Aqua,MODIS,78,6.2,296.5,13.2,D,0
-28.5513,151.8961,328.9,1,1,2014-07-25,0348,Aqua,MODIS,85,6.2,294.8,25.6,D,0
-28.5528,151.8858,333.1,1,1,2014-07-25,0348,Aqua,MODIS,87,6.2,296.8,31.7,D,0
-29.5083,152.752,328.9,1,1,2014-07-25,0348,Aqua,MODIS,85,6.2,297.4,24.6,D,0
-30.0223,152.9535,304.2,1,1,2014-07-25,0348,Aqua,MODIS,58,6.2,294,4.1,D,0
-29.5015,152.7442,314.6,1,1,2014-07-25,0348,Aqua,MODIS,50,6.2,298.1,9.5,D,0
-30.2572,151.6794,302,1,1,2014-07-25,0348,Aqua,MODIS,50,6.2,291.7,3.4,D,0
-30.1681,151.6555,315.8,1,1,2014-07-25,0348,Aqua,MODIS,76,6.2,291.2,12.9,D,0
-30.1696,151.6452,313.5,1,1,2014-07-25,0348,Aqua,MODIS,74,6.2,291.4,11,D,0
-31.0334,152.4744,306.6,1,1,2014-07-25,0348,Aqua,MODIS,56,6.2,295.4,5.7,D,0
-30.7281,151.7903,307.7,1,1,2014-07-25,0348,Aqua,MODIS,66,6.2,295.7,4.7,D,0
-30.7296,151.7799,310,1,1,2014-07-25,0348,Aqua,MODIS,69,6.2,295.3,6.4,D,0
-30.2912,152.6977,302.9,1,1,2014-07-25,0348,Aqua,MODIS,40,6.2,291.8,3.8,D,0
-30.3984,151.3279,317.3,1,1,2014-07-25,0348,Aqua,MODIS,77,6.2,293.3,13.6,D,0
-29.1349,151.4902,313.2,1,1,2014-07-25,0348,Aqua,MODIS,40,6.2,296.5,8.3,D,0
-29.94,151.9606,309.8,1,1,2014-07-25,0348,Aqua,MODIS,69,6.2,286.9,8.2,D,0
-28.4684,150.1515,311.2,1,1,2014-07-25,0348,Aqua,MODIS,58,6.2,299.8,4.9,D,0
-29.9415,151.9503,305.1,1,1,2014-07-25,0348,Aqua,MODIS,59,6.2,286.8,5.5,D,0
-26.3518,151.8878,320.7,1,1,2014-07-25,0349,Aqua,MODIS,72,6.2,297.4,16.1,D,0
-26.14,148.6067,352.5,1.1,1,2014-07-25,0349,Aqua,MODIS,96,6.2,305.4,66.5,D,0
-26.1414,148.5958,368.4,1.1,1,2014-07-25,0349,Aqua,MODIS,100,6.2,307.9,116.1,D,0
-26.1428,148.5849,317.6,1.1,1,2014-07-25,0349,Aqua,MODIS,67,6.2,304.5,7.7,D,0
-26.1346,148.6114,315.5,1.1,1,2014-07-25,0349,Aqua,MODIS,63,6.2,302.2,6.2,D,0
-26.1361,148.6006,362.5,1.1,1,2014-07-25,0349,Aqua,MODIS,100,6.2,307.3,96.5,D,0
-26.1375,148.5897,337.6,1.1,1,2014-07-25,0349,Aqua,MODIS,88,6.2,306.3,35.2,D,0
-24.8348,147.0846,325.8,1.2,1.1,2014-07-25,0349,Aqua,MODIS,76,6.2,297.2,24.9,D,0
-24.8364,147.0722,343.9,1.2,1.1,2014-07-25,0349,Aqua,MODIS,92,6.2,299.1,60.7,D,0
-24.8264,147.0709,326.8,1.2,1.1,2014-07-25,0349,Aqua,MODIS,81,6.2,296.5,26.7,D,0
-26.2858,152.7764,340.8,1.1,1,2014-07-25,0349,Aqua,MODIS,86,6.2,288.9,50.3,D,0
-26.9309,150.2464,318.9,1,1,2014-07-25,0349,Aqua,MODIS,71,6.2,295,12.3,D,0
-26.622,146.0659,317.8,1.5,1.2,2014-07-25,0349,Aqua,MODIS,68,6.2,301.5,14,D,0
-27.0347,150.156,320.8,1,1,2014-07-25,0349,Aqua,MODIS,73,6.2,297.3,12.2,D,0
-26.9358,150.2784,312.3,1,1,2014-07-25,0349,Aqua,MODIS,49,6.2,293.4,7.1,D,0
-26.6207,146.0603,321.8,1.5,1.2,2014-07-25,0349,Aqua,MODIS,75,6.2,301.7,22.2,D,0
-24.8164,147.0694,320.6,1.2,1.1,2014-07-25,0349,Aqua,MODIS,75,6.2,297.1,18,D,0
-27.0423,150.1677,315.1,1,1,2014-07-25,0349,Aqua,MODIS,56,6.2,298.2,6.6,D,0
-27.0333,150.1661,337.2,1,1,2014-07-25,0349,Aqua,MODIS,88,6.2,298.2,32.8,D,0
-19.7452,147.1988,326.6,1.1,1,2014-07-25,0351,Aqua,MODIS,80,6.2,302.6,20.6,D,0
-14.22,143.5798,315.8,1.5,1.2,2014-07-25,0352,Aqua,MODIS,48,6.2,297.7,13,D,0
-14.2092,143.5784,316.7,1.5,1.2,2014-07-25,0352,Aqua,MODIS,62,6.2,296.3,15.5,D,0
-14.6125,143.48,324.9,1.5,1.2,2014-07-25,0352,Aqua,MODIS,82,6.2,294.3,33.4,D,0
-16.6159,144.9552,306.1,1.3,1.1,2014-07-25,0352,Aqua,MODIS,42,6.2,284.8,10.9,D,0
-14.609,143.4872,328,1.5,1.2,2014-07-25,0352,Aqua,MODIS,84,6.2,293.8,39.9,D,0
-14.6108,143.4941,318.3,1.5,1.2,2014-07-25,0352,Aqua,MODIS,76,6.2,292.2,20.1,D,0
-14.2595,143.6472,311.2,1.5,1.2,2014-07-25,0352,Aqua,MODIS,24,6.2,294.6,9.9,D,0
-15.1509,143.2696,320.4,1.6,1.2,2014-07-25,0352,Aqua,MODIS,78,6.2,294.3,28.9,D,0
-13.176,142.5205,335.8,1.7,1.3,2014-07-25,0353,Aqua,MODIS,63,6.2,297.9,51.3,D,0
-12.4273,142.0246,317.7,1.8,1.3,2014-07-25,0353,Aqua,MODIS,60,6.2,296.2,17.1,D,0
-13.1798,142.5159,343.9,1.7,1.3,2014-07-25,0353,Aqua,MODIS,93,6.2,298.4,84.7,D,0
-13.0261,142.2885,320.6,1.8,1.3,2014-07-25,0353,Aqua,MODIS,47,6.2,297.1,18.9,D,0
-13.124,142.4924,331.4,1.7,1.3,2014-07-25,0353,Aqua,MODIS,73,6.2,291.3,41.1,D,0
-12.7037,142.1949,314,1.8,1.3,2014-07-25,0353,Aqua,MODIS,51,6.2,294.1,17.5,D,0
-13.1913,142.5174,330.6,1.7,1.3,2014-07-25,0353,Aqua,MODIS,40,6.2,298.4,34.1,D,0
-13.11,142.4352,336.2,1.7,1.3,2014-07-25,0353,Aqua,MODIS,37,6.2,298,56.3,D,0
-13.0464,142.2795,340,1.8,1.3,2014-07-25,0353,Aqua,MODIS,90,6.2,297.1,76.4,D,0
-12.4253,142.0412,319.3,1.8,1.3,2014-07-25,0353,Aqua,MODIS,67,6.2,296.7,21.3,D,0
-12.6375,141.9954,316.9,1.8,1.3,2014-07-25,0353,Aqua,MODIS,44,6.2,297,19.4,D,0
-13.1163,142.3616,322.9,1.8,1.3,2014-07-25,0353,Aqua,MODIS,62,6.2,297.7,27.6,D,0
-13.0316,142.3385,327.8,1.8,1.3,2014-07-25,0353,Aqua,MODIS,55,6.2,293.9,35.8,D,0
-12.9688,142.4601,334.2,1.7,1.3,2014-07-25,0353,Aqua,MODIS,72,6.2,295.9,54.1,D,0
-12.6396,141.9785,313.4,1.8,1.3,2014-07-25,0353,Aqua,MODIS,44,6.2,294.8,14.8,D,0
-13.1066,142.4418,354.3,1.7,1.3,2014-07-25,0353,Aqua,MODIS,97,6.2,299.3,134.6,D,0
-12.6691,142.0337,319.4,1.8,1.3,2014-07-25,0353,Aqua,MODIS,57,6.2,297.5,22.1,D,0
-13.1682,142.5144,335.4,1.7,1.3,2014-07-25,0353,Aqua,MODIS,85,6.2,296,57.7,D,0
-12.4307,142.035,320.2,1.8,1.3,2014-07-25,0353,Aqua,MODIS,46,6.2,297.7,22.3,D,0
-13.2011,142.5076,324.7,1.7,1.3,2014-07-25,0353,Aqua,MODIS,61,6.2,296.1,26.4,D,0
-13.1934,142.5016,345.2,1.7,1.3,2014-07-25,0353,Aqua,MODIS,93,6.2,298.6,84.6,D,0
-13.3345,142.0643,317,1.9,1.3,2014-07-25,0353,Aqua,MODIS,38,6.2,293.6,20.6,D,0
-13.3136,141.9848,317,1.9,1.3,2014-07-25,0353,Aqua,MODIS,29,6.2,289.2,24.7,D,0
-13.2088,142.4443,322.6,1.7,1.3,2014-07-25,0353,Aqua,MODIS,70,6.2,294.4,30,D,0
-13.2016,142.4382,323.7,1.7,1.3,2014-07-25,0353,Aqua,MODIS,52,6.2,295.4,26.4,D,0
-13.1972,142.5391,337.5,1.7,1.3,2014-07-25,0353,Aqua,MODIS,78,6.2,297.5,63.8,D,0
-13.1895,142.5062,347,1.7,1.3,2014-07-25,0353,Aqua,MODIS,94,6.2,298.9,96.1,D,0
-13.1844,142.3869,318.2,1.8,1.3,2014-07-25,0353,Aqua,MODIS,53,6.2,291.9,22.9,D,0
-13.0502,142.346,332.2,1.8,1.3,2014-07-25,0353,Aqua,MODIS,26,6.2,293.9,47.3,D,0
-12.9824,142.4459,355.3,1.7,1.3,2014-07-25,0353,Aqua,MODIS,98,6.2,297.3,142.8,D,0
-13.1395,142.4622,328.2,1.7,1.3,2014-07-25,0353,Aqua,MODIS,72,6.2,291.5,34.9,D,0
-12.9844,142.4301,333,1.7,1.3,2014-07-25,0353,Aqua,MODIS,62,6.2,295.4,48.7,D,0
-13.1818,142.5001,360.5,1.7,1.3,2014-07-25,0353,Aqua,MODIS,100,6.2,298.8,166.3,D,0
-13.1798,142.4888,335.5,1.7,1.3,2014-07-25,0353,Aqua,MODIS,69,6.2,297.3,52.2,D,0
-13.1779,142.5047,365.1,1.7,1.3,2014-07-25,0353,Aqua,MODIS,100,6.2,298.2,190.2,D,0
-13.1914,142.4904,326.8,1.7,1.3,2014-07-25,0353,Aqua,MODIS,30,6.2,297,29.3,D,0
-27.8695,114.8178,307.3,4.4,1.9,2014-07-25,0528,Aqua,MODIS,48,6.2,295.5,41.3,D,0
-27.8529,114.8243,308.3,4.4,1.9,2014-07-25,0528,Aqua,MODIS,54,6.2,295.7,46.4,D,0
-22.9192,121.062,308.4,1.4,1.2,2014-07-25,0529,Aqua,MODIS,46,6.2,297.8,6.5,D,0
-22.4766,122.5214,328.4,1.1,1.1,2014-07-25,0529,Aqua,MODIS,82,6.2,300.7,25.2,D,0
-20.3263,127.372,318.1,1.2,1.1,2014-07-25,0529,Aqua,MODIS,56,6.2,306.4,8.3,D,0
-22.2717,130.8175,314.7,1.8,1.3,2014-07-25,0529,Aqua,MODIS,58,6.2,300.5,16.9,D,0
-22.4877,122.5117,330.1,1.1,1.1,2014-07-25,0529,Aqua,MODIS,83,6.2,301.1,28.4,D,0
-22.4781,122.5102,314.2,1.1,1.1,2014-07-25,0529,Aqua,MODIS,64,6.2,299.3,8.1,D,0
-22.2775,130.8256,316.5,1.8,1.3,2014-07-25,0529,Aqua,MODIS,63,6.2,300.5,22.4,D,0
-22.4862,122.5228,312.8,1.1,1.1,2014-07-25,0529,Aqua,MODIS,60,6.2,299.6,6.6,D,0
-20.3245,127.3835,319.2,1.2,1.1,2014-07-25,0529,Aqua,MODIS,60,6.2,305.4,9.7,D,0
-19.4874,132.6902,362.8,2.9,1.6,2014-07-25,0529,Aqua,MODIS,100,6.2,307,387.2,D,0
-19.4891,132.6986,365.4,2.9,1.6,2014-07-25,0529,Aqua,MODIS,100,6.2,305.9,423,D,0
-19.4822,132.7173,325.8,2.9,1.6,2014-07-25,0529,Aqua,MODIS,76,6.2,303.1,64.9,D,0
-18.7268,132.7329,318.8,3,1.6,2014-07-25,0529,Aqua,MODIS,22,6.2,303.5,33.7,D,0
-19.4944,132.6717,326,2.9,1.6,2014-07-25,0529,Aqua,MODIS,76,6.2,306.5,59.3,D,0
-20.6047,119.2015,353.3,1.7,1.3,2014-07-25,0529,Aqua,MODIS,97,6.2,303.4,141.3,D,0
-20.6028,119.2181,326.8,1.7,1.3,2014-07-25,0529,Aqua,MODIS,80,6.2,301.6,41.5,D,0
-15.6443,129.4834,325.9,2,1.4,2014-07-25,0530,Aqua,MODIS,59,6.2,306,30.7,D,0
-15.6475,129.4646,324.6,2,1.4,2014-07-25,0530,Aqua,MODIS,48,6.2,306.6,26.2,D,0
-15.632,129.4811,326.1,2,1.4,2014-07-25,0530,Aqua,MODIS,35,6.2,307.9,31.6,D,0
-15.7364,129.489,321,2,1.4,2014-07-25,0530,Aqua,MODIS,43,6.2,308.1,16.8,D,0
-15.6809,129.5168,324.1,2,1.4,2014-07-25,0530,Aqua,MODIS,51,6.2,307.7,26,D,0
-15.678,129.509,335.6,2,1.4,2014-07-25,0530,Aqua,MODIS,84,6.2,308.4,64.9,D,0
-15.6841,129.4983,336.6,2,1.4,2014-07-25,0530,Aqua,MODIS,85,6.2,306.8,69.3,D,0
-15.6811,129.4904,327.4,2,1.4,2014-07-25,0530,Aqua,MODIS,71,6.2,306.6,34.3,D,0
-18.1981,130.3904,315.8,2.1,1.4,2014-07-25,0530,Aqua,MODIS,47,6.2,304.1,13.2,D,0
-15.4564,128.8239,324.7,1.8,1.3,2014-07-25,0530,Aqua,MODIS,49,6.2,309.3,23.4,D,0
-18.1674,130.3443,318.5,2.1,1.4,2014-07-25,0530,Aqua,MODIS,56,6.2,304.5,18.9,D,0
-16.6412,122.9384,327.4,1,1,2014-07-25,0530,Aqua,MODIS,79,6.2,307,17.3,D,0
-16.6489,122.9492,317.3,1,1,2014-07-25,0530,Aqua,MODIS,28,6.2,305.5,6.9,D,0
-16.6502,122.9397,318.4,1,1,2014-07-25,0530,Aqua,MODIS,43,6.2,305.6,7.9,D,0
-13.8026,129.8763,316.5,2.3,1.5,2014-07-25,0531,Aqua,MODIS,58,6.2,299.8,28,D,0
-14.7127,132.8768,320.2,3.7,1.8,2014-07-25,0531,Aqua,MODIS,64,6.2,302.6,57.8,D,0
-14.7049,132.867,316.8,3.7,1.8,2014-07-25,0531,Aqua,MODIS,38,6.2,302.8,31.3,D,0
-11.4972,132.8134,310.9,4.3,1.9,2014-07-25,0531,Aqua,MODIS,41,6.2,294.5,46.2,D,0
-11.4963,132.8086,310.1,4.3,1.9,2014-07-25,0531,Aqua,MODIS,25,6.2,294.4,41.5,D,0
-14.4832,130.2723,320,2.4,1.5,2014-07-25,0531,Aqua,MODIS,53,6.2,302.9,27.4,D,0
-24.8217,147.0755,303.9,1.4,1.2,2014-07-25,1314,Terra,MODIS,46,6.2,286.1,11.8,N,0
-20.7369,139.479,313.6,1.1,1.1,2014-07-25,1316,Terra,MODIS,87,6.2,288.9,15.5,N,2
-20.7382,139.4684,302.4,1.1,1.1,2014-07-25,1316,Terra,MODIS,49,6.2,289.1,6.6,N,2
-14.7258,142.747,302.9,1.2,1.1,2014-07-25,1317,Terra,MODIS,52,6.2,290.3,5.7,N,0
-14.0149,142.0984,300.8,1.1,1,2014-07-25,1317,Terra,MODIS,26,6.2,286.9,6.5,N,0
-14.3084,142.6578,302.7,1.2,1.1,2014-07-25,1317,Terra,MODIS,51,6.2,288.9,5.8,N,0
-14.31,142.6472,306.1,1.2,1.1,2014-07-25,1317,Terra,MODIS,67,6.2,290.1,8.4,N,0
-12.4923,131.3263,310.1,3.2,1.7,2014-07-25,1318,Terra,MODIS,79,6.2,290.1,56,N,0
-12.489,131.3552,303.7,3.1,1.7,2014-07-25,1318,Terra,MODIS,57,6.2,290.3,33.8,N,0
-12.5051,131.3347,301.6,3.2,1.7,2014-07-25,1318,Terra,MODIS,42,6.2,290.3,25.9,N,0
-13.0473,142.409,324.8,1.2,1.1,2014-07-25,1318,Terra,MODIS,100,6.2,286.7,26.2,N,0
-13.0425,142.3758,333.8,1.2,1.1,2014-07-25,1318,Terra,MODIS,100,6.2,288.8,39,N,0
-13.0409,142.3863,348.8,1.2,1.1,2014-07-25,1318,Terra,MODIS,100,6.2,290.4,70.5,N,0
-13.0457,142.4196,320.4,1.2,1.1,2014-07-25,1318,Terra,MODIS,100,6.2,285.4,21.1,N,0
-13.0393,142.3969,323.1,1.2,1.1,2014-07-25,1318,Terra,MODIS,100,6.2,285.1,23.2,N,0
-13.0537,142.3668,305.2,1.2,1.1,2014-07-25,1318,Terra,MODIS,6,6.2,279.8,6.3,N,0
-13.0633,142.3684,305.8,1.2,1.1,2014-07-25,1318,Terra,MODIS,27,6.2,279,7.1,N,0
-13.0489,142.3985,328.5,1.2,1.1,2014-07-25,1318,Terra,MODIS,100,6.2,288.4,30.7,N,0
-13.0441,142.3652,332.9,1.2,1.1,2014-07-25,1318,Terra,MODIS,100,6.2,282.9,38,N,0
-34.7792,118.3538,303.9,1.1,1,2014-07-25,1451,Terra,MODIS,58,6.2,284.5,9.3,N,0
-16.6188,144.9555,308.6,2.7,1.6,2014-07-26,0009,Terra,MODIS,44,6.2,294.6,19.2,D,0
-32.0695,146.7167,300.7,1.1,1.1,2014-07-26,0013,Terra,MODIS,41,6.2,289.3,5,D,0
-12.638,131.0619,322.1,1.1,1,2014-07-26,0146,Terra,MODIS,60,6.2,302.1,10.3,D,0
-12.5022,131.334,322.8,1.1,1.1,2014-07-26,0146,Terra,MODIS,53,6.2,304.2,12.1,D,0
-12.4752,134.8183,318.2,1.9,1.4,2014-07-26,0146,Terra,MODIS,68,6.2,298.6,24.5,D,0
-12.9404,133.8901,313.6,1.7,1.3,2014-07-26,0146,Terra,MODIS,56,6.2,299.2,10.4,D,0
-13.1763,134.7889,318.7,2,1.4,2014-07-26,0146,Terra,MODIS,41,6.2,297.9,23.8,D,0
-12.3724,134.1917,316.1,1.7,1.3,2014-07-26,0146,Terra,MODIS,49,6.2,299.7,13.4,D,0
-12.6366,131.0517,322.8,1.1,1,2014-07-26,0146,Terra,MODIS,56,6.2,303.8,11.1,D,0
-13.0217,134.7123,321.9,1.9,1.4,2014-07-26,0146,Terra,MODIS,75,6.2,293.8,35,D,0
-12.6192,131.0645,345.1,1.1,1,2014-07-26,0146,Terra,MODIS,92,6.2,304.3,49,D,0
-12.8163,131.5399,320.1,1.2,1.1,2014-07-26,0146,Terra,MODIS,57,6.2,303.2,9.8,D,0
-13.1885,134.7873,319.8,2,1.4,2014-07-26,0146,Terra,MODIS,53,6.2,298.4,27.2,D,0
-12.4941,131.3457,323.9,1.1,1.1,2014-07-26,0146,Terra,MODIS,56,6.2,304.4,14.1,D,0
-12.5036,131.3444,326.5,1.1,1.1,2014-07-26,0146,Terra,MODIS,73,6.2,303.3,17.5,D,0
-12.473,134.8007,331.6,1.9,1.4,2014-07-26,0146,Terra,MODIS,84,6.2,297.4,62.3,D,0
-12.6286,131.0632,365.6,1.1,1,2014-07-26,0146,Terra,MODIS,100,6.2,305.4,105.8,D,0
-12.3643,134.1992,317.1,1.7,1.3,2014-07-26,0146,Terra,MODIS,25,6.2,299.8,14.4,D,0
-13.807,132.2198,321.9,1.3,1.1,2014-07-26,0146,Terra,MODIS,70,6.2,306.6,10.5,D,0
-11.3851,132.9273,314.1,1.4,1.2,2014-07-26,0146,Terra,MODIS,35,6.2,296.7,10.1,D,0
-11.3867,132.9396,314.9,1.4,1.2,2014-07-26,0146,Terra,MODIS,0,6.2,296.4,11.1,D,0
-12.63,131.0733,341.8,1.1,1.1,2014-07-26,0146,Terra,MODIS,90,6.2,304.6,41.3,D,0
-13.6427,134.7732,311,2,1.4,2014-07-26,0146,Terra,MODIS,31,6.2,292.9,12.9,D,0
-14.045,134.7731,311.4,2,1.4,2014-07-26,0146,Terra,MODIS,40,6.2,294.4,15.1,D,0
-13.5803,134.6043,312.4,1.9,1.4,2014-07-26,0146,Terra,MODIS,45,6.2,292.5,14.6,D,0
-13.5825,134.6219,336.8,1.9,1.4,2014-07-26,0146,Terra,MODIS,88,6.2,295.7,86.5,D,0
-13.5863,134.6157,326.8,1.9,1.4,2014-07-26,0146,Terra,MODIS,80,6.2,294.2,50.5,D,0
-13.5884,134.6333,315.7,1.9,1.4,2014-07-26,0146,Terra,MODIS,50,6.2,294.1,22.1,D,0
-11.3757,130.3381,315.6,1,1,2014-07-26,0146,Terra,MODIS,49,6.2,301.1,8.3,D,0
-11.377,130.3474,322.5,1,1,2014-07-26,0146,Terra,MODIS,57,6.2,300,15.1,D,0
-11.3682,130.3452,322,1,1,2014-07-26,0146,Terra,MODIS,49,6.2,301,12.6,D,0
-13.9045,129.9506,328.7,1,1,2014-07-26,0147,Terra,MODIS,72,6.2,304,16.7,D,0
-13.8884,129.9589,335.4,1,1,2014-07-26,0147,Terra,MODIS,85,6.2,304.7,25.7,D,0
-13.9137,129.9492,327.7,1,1,2014-07-26,0147,Terra,MODIS,71,6.2,305.3,16.5,D,0
-13.8897,129.9684,330.1,1,1,2014-07-26,0147,Terra,MODIS,69,6.2,304.5,17.1,D,0
-15.6534,129.5064,324.1,1,1,2014-07-26,0147,Terra,MODIS,72,6.2,305.1,11.4,D,0
-15.6548,129.516,328.7,1,1,2014-07-26,0147,Terra,MODIS,78,6.2,305.2,17.6,D,0
-13.9032,129.9411,343.2,1,1,2014-07-26,0147,Terra,MODIS,91,6.2,302.6,41.7,D,0
-15.4545,128.8313,322,1,1,2014-07-26,0147,Terra,MODIS,40,6.2,308.4,8.1,D,0
-15.4455,128.8326,321.4,1,1,2014-07-26,0147,Terra,MODIS,31,6.2,307.9,7.6,D,0
-13.8954,129.9519,321.6,1,1,2014-07-26,0147,Terra,MODIS,34,6.2,302.9,8.9,D,0
-13.9123,129.9397,332.2,1,1,2014-07-26,0147,Terra,MODIS,78,6.2,303.6,24.2,D,0
-13.9384,129.9262,319.7,1,1,2014-07-26,0147,Terra,MODIS,27,6.2,305.1,8.5,D,0
-18.1993,130.4027,314.2,1.2,1.1,2014-07-26,0148,Terra,MODIS,54,6.2,301.6,7.3,D,0
-17.6561,123.3252,311.3,1.5,1.2,2014-07-26,0148,Terra,MODIS,44,6.2,299.8,9.1,D,0
-17.6586,123.3395,315.6,1.5,1.2,2014-07-26,0148,Terra,MODIS,63,6.2,300.5,15.1,D,0
-17.6554,123.3314,319.1,1.5,1.2,2014-07-26,0148,Terra,MODIS,70,6.2,300.2,20.2,D,0
-16.6443,122.9417,322.5,1.7,1.3,2014-07-26,0148,Terra,MODIS,74,6.2,300.3,33.6,D,0
-16.6415,122.9258,323.5,1.7,1.3,2014-07-26,0148,Terra,MODIS,76,6.2,299.4,36,D,0
-30.8701,121.4894,309.5,1.2,1.1,2014-07-26,0151,Terra,MODIS,69,6.2,290.6,11.2,D,0
-30.8722,121.5019,302.6,1.2,1.1,2014-07-26,0151,Terra,MODIS,53,6.2,290.7,5.4,D,2
-33.0077,137.5791,304.3,1.3,1.1,2014-07-26,0430,Aqua,MODIS,44,6.2,292.5,6.4,D,0
-28.2504,147.2503,308.7,2.1,1.4,2014-07-26,0431,Aqua,MODIS,41,6.2,296.9,11.1,D,0
-28.2513,147.258,314.6,2.1,1.4,2014-07-26,0431,Aqua,MODIS,68,6.2,297.1,25.3,D,0
-22.3793,130.7856,311.8,2.7,1.6,2014-07-26,0433,Aqua,MODIS,43,6.2,300.8,19.6,D,0
-22.3822,130.7907,312.8,2.7,1.6,2014-07-26,0433,Aqua,MODIS,51,6.2,300.9,21.7,D,0
-20.7407,139.4807,321.6,1,1,2014-07-26,0434,Aqua,MODIS,61,6.2,306.2,9.1,D,2
-17.0492,145.4363,312.6,2.7,1.6,2014-07-26,0434,Aqua,MODIS,46,6.2,295.1,28.7,D,0
-20.7421,139.4709,321.3,1,1,2014-07-26,0434,Aqua,MODIS,52,6.2,306.3,8.7,D,2
-17.057,145.4172,311.2,2.6,1.6,2014-07-26,0434,Aqua,MODIS,32,6.2,296.2,25,D,0
-17.0536,145.4117,311.1,2.6,1.6,2014-07-26,0434,Aqua,MODIS,22,6.2,295.9,24.1,D,0
-21.1144,132.8192,322.3,1.8,1.3,2014-07-26,0434,Aqua,MODIS,71,6.2,302.7,28.1,D,0
-18.7778,132.7163,323.2,1.7,1.3,2014-07-26,0434,Aqua,MODIS,56,6.2,305.6,21.1,D,0
-21.1191,132.8251,323.5,1.8,1.3,2014-07-26,0434,Aqua,MODIS,73,6.2,302.9,33.1,D,0
-18.2063,138.3788,382.9,1,1,2014-07-26,0434,Aqua,MODIS,100,6.2,308.4,155.5,D,0
-18.2077,138.3693,341.7,1,1,2014-07-26,0434,Aqua,MODIS,89,6.2,303.9,34.7,D,0
-14.7136,142.7434,337.1,1.9,1.3,2014-07-26,0435,Aqua,MODIS,87,6.2,301.9,72.5,D,0
-14.3095,142.6214,328.6,1.8,1.3,2014-07-26,0435,Aqua,MODIS,80,6.2,301.3,46.3,D,0
-13.3415,142.0603,323.1,1.7,1.3,2014-07-26,0435,Aqua,MODIS,77,6.2,301.8,26.2,D,0
-16.4016,144.2506,315.9,2.2,1.4,2014-07-26,0435,Aqua,MODIS,30,6.2,299.6,16.2,D,0
-14.7283,142.7286,323.2,1.8,1.3,2014-07-26,0435,Aqua,MODIS,53,6.2,301.4,27.6,D,0
-14.7255,142.7457,319.5,1.9,1.3,2014-07-26,0435,Aqua,MODIS,40,6.2,301.2,19.2,D,0
-14.0333,142.1182,318.8,1.7,1.3,2014-07-26,0435,Aqua,MODIS,56,6.2,301.1,18.7,D,0
-14.0129,142.0984,320,1.7,1.3,2014-07-26,0435,Aqua,MODIS,48,6.2,300.9,18,D,0
-14.0155,142.0919,315.6,1.7,1.3,2014-07-26,0435,Aqua,MODIS,34,6.2,301,11.4,D,0
-14.7311,142.7117,329.7,1.8,1.3,2014-07-26,0435,Aqua,MODIS,81,6.2,301,46.4,D,0
-16.3966,136.885,343.9,1,1,2014-07-26,0435,Aqua,MODIS,91,6.2,302.6,41.3,D,0
-16.3979,136.8756,325.9,1,1,2014-07-26,0435,Aqua,MODIS,77,6.2,298.4,14.9,D,0
-14.3067,142.6383,331.3,1.9,1.3,2014-07-26,0435,Aqua,MODIS,83,6.2,302,54.3,D,0
-15.6402,129.4993,318,2.7,1.6,2014-07-26,0435,Aqua,MODIS,34,6.2,304,23.1,D,0
-15.6428,129.4743,322.5,2.8,1.6,2014-07-26,0435,Aqua,MODIS,69,6.2,303.8,40.9,D,0
-15.6517,129.4964,319.2,2.7,1.6,2014-07-26,0435,Aqua,MODIS,44,6.2,304.5,27.6,D,0
-14.3126,142.6462,320.4,1.9,1.3,2014-07-26,0435,Aqua,MODIS,49,6.2,302,21.6,D,0
-15.4705,141.7192,320.9,1.5,1.2,2014-07-26,0435,Aqua,MODIS,59,6.2,300,12.8,D,0
-14.3155,142.6293,345.6,1.8,1.3,2014-07-26,0435,Aqua,MODIS,93,6.2,302.8,109.7,D,0
-16.3815,144.2887,316.9,2.2,1.5,2014-07-26,0435,Aqua,MODIS,36,6.2,300,18.4,D,0
-16.2667,144.1964,349.1,2.2,1.4,2014-07-26,0435,Aqua,MODIS,94,6.2,299.8,169.4,D,0
-16.2703,144.176,319.7,2.2,1.4,2014-07-26,0435,Aqua,MODIS,41,6.2,297.4,32.1,D,0
-14.3036,142.6273,336.7,1.8,1.3,2014-07-26,0435,Aqua,MODIS,87,6.2,300.9,72.8,D,0
-16.2552,144.187,321.2,2.2,1.4,2014-07-26,0435,Aqua,MODIS,62,6.2,296.9,39.2,D,0
-14.9862,143.2365,324.6,2,1.4,2014-07-26,0435,Aqua,MODIS,62,6.2,300.7,39,D,0
-14.7164,142.7265,332.6,1.8,1.3,2014-07-26,0435,Aqua,MODIS,71,6.2,300.7,54.9,D,0
-16.398,144.271,320.4,2.2,1.4,2014-07-26,0435,Aqua,MODIS,61,6.2,299.4,28.6,D,0
-14.9923,143.2752,323.7,2,1.4,2014-07-26,0435,Aqua,MODIS,37,6.2,300.8,34,D,0
-14.9954,143.257,332.7,2,1.4,2014-07-26,0435,Aqua,MODIS,80,6.2,301.2,63.2,D,0
-14.3351,141.6875,322,1.6,1.2,2014-07-26,0435,Aqua,MODIS,57,6.2,303.4,18.3,D,0
-14.3224,141.626,328.9,1.6,1.2,2014-07-26,0435,Aqua,MODIS,81,6.2,304.4,32,D,0
-14.7339,142.6949,318.3,1.8,1.3,2014-07-26,0435,Aqua,MODIS,29,6.2,299.7,16.4,D,0
-14.91,144.3379,354.1,2.4,1.5,2014-07-26,0435,Aqua,MODIS,97,6.2,295.5,230.8,D,0
-16.3374,136.9184,346.6,1,1,2014-07-26,0435,Aqua,MODIS,93,6.2,302.8,46.6,D,0
-14.906,144.3601,333.4,2.4,1.5,2014-07-26,0435,Aqua,MODIS,85,6.2,292.6,94.7,D,0
-17.5618,133.5313,324.4,1.5,1.2,2014-07-26,0435,Aqua,MODIS,76,6.2,305.9,21.7,D,0
-15.2899,143.292,324.4,2,1.4,2014-07-26,0435,Aqua,MODIS,76,6.2,300.4,35.4,D,0
-15.9492,144.4201,316.2,2.3,1.5,2014-07-26,0435,Aqua,MODIS,62,6.2,298.8,31.7,D,0
-14.8487,144.111,349.5,2.3,1.5,2014-07-26,0435,Aqua,MODIS,89,6.2,290.9,191.3,D,0
-15.2962,143.2819,317.5,2,1.4,2014-07-26,0435,Aqua,MODIS,56,6.2,300.2,17.9,D,0
-14.3137,141.6098,329.5,1.6,1.2,2014-07-26,0435,Aqua,MODIS,82,6.2,304,30.1,D,0
-15.0582,143.2742,317.4,2,1.4,2014-07-26,0435,Aqua,MODIS,60,6.2,301.4,16.8,D,0
-14.0027,142.1707,321.6,1.7,1.3,2014-07-26,0435,Aqua,MODIS,74,6.2,300.7,27.2,D,0
-14.9017,144.3286,335.5,2.4,1.5,2014-07-26,0435,Aqua,MODIS,86,6.2,292.5,112.4,D,0
-14.5739,134.8327,333,1.1,1.1,2014-07-26,0435,Aqua,MODIS,84,6.2,297.9,31,D,0
-14.8619,144.1135,332.7,2.3,1.5,2014-07-26,0435,Aqua,MODIS,84,6.2,296,88.6,D,0
-15.2872,143.2615,328.5,2,1.4,2014-07-26,0435,Aqua,MODIS,81,6.2,303.3,46.9,D,0
-14.9112,144.3533,336.3,2.4,1.5,2014-07-26,0435,Aqua,MODIS,87,6.2,294.2,113.8,D,0
-14.9151,144.3312,326.4,2.4,1.5,2014-07-26,0435,Aqua,MODIS,79,6.2,294.7,65.9,D,0
-14.6617,141.6662,323.3,1.6,1.2,2014-07-26,0435,Aqua,MODIS,63,6.2,305.4,17.4,D,0
-16.3361,136.9277,321.3,1,1,2014-07-26,0435,Aqua,MODIS,51,6.2,302.2,9.6,D,0
-14.7385,142.7012,325.9,1.8,1.3,2014-07-26,0435,Aqua,MODIS,68,6.2,300.4,33.3,D,0
-14.8568,144.1177,355.5,2.3,1.5,2014-07-26,0435,Aqua,MODIS,98,6.2,296.1,233.3,D,0
-15.284,143.2796,328.3,2,1.4,2014-07-26,0435,Aqua,MODIS,81,6.2,302.5,47.2,D,0
-14.3114,141.6241,332.1,1.6,1.2,2014-07-26,0435,Aqua,MODIS,84,6.2,303.5,37.3,D,0
-14.0385,143.4721,327.2,2.2,1.4,2014-07-26,0435,Aqua,MODIS,79,6.2,297.3,60.3,D,0
-13.9996,142.1772,322.7,1.7,1.3,2014-07-26,0435,Aqua,MODIS,75,6.2,301.1,28,D,0
-14.8978,144.3508,324.4,2.4,1.5,2014-07-26,0435,Aqua,MODIS,76,6.2,292.3,61.4,D,0
-14.8529,144.1391,318,2.3,1.5,2014-07-26,0435,Aqua,MODIS,26,6.2,295.1,30.3,D,0
-14.3247,141.6117,324.6,1.6,1.2,2014-07-26,0435,Aqua,MODIS,77,6.2,303.3,21.5,D,0
-14.8524,144.0896,321,2.3,1.5,2014-07-26,0435,Aqua,MODIS,68,6.2,290.7,43.7,D,0
-14.9073,144.3757,326.8,2.4,1.5,2014-07-26,0435,Aqua,MODIS,79,6.2,293.3,69.3,D,0
-15.1503,143.2795,320.7,2,1.4,2014-07-26,0435,Aqua,MODIS,62,6.2,301.5,26.5,D,0
-14.9194,144.3627,314.1,2.4,1.5,2014-07-26,0435,Aqua,MODIS,21,6.2,294,23.3,D,0
-14.6751,141.6539,326.5,1.5,1.2,2014-07-26,0435,Aqua,MODIS,78,6.2,306.3,21.7,D,0
-14.3273,142.6314,331.5,1.8,1.3,2014-07-26,0435,Aqua,MODIS,83,6.2,301.6,52,D,0
-15.293,143.2739,332.3,2,1.4,2014-07-26,0435,Aqua,MODIS,84,6.2,301.7,62.7,D,0
-14.7356,142.718,326.5,1.8,1.3,2014-07-26,0435,Aqua,MODIS,55,6.2,301.2,33.8,D,0
-14.8606,144.0963,332.1,2.3,1.5,2014-07-26,0435,Aqua,MODIS,84,6.2,294.4,82.7,D,0
-14.8582,144.1349,325.8,2.3,1.5,2014-07-26,0435,Aqua,MODIS,78,6.2,295.5,59.8,D,0
-12.9791,142.2809,333.1,1.8,1.3,2014-07-26,0436,Aqua,MODIS,85,6.2,302.1,54.4,D,0
-12.853,132.0961,328.8,1.6,1.2,2014-07-26,0436,Aqua,MODIS,67,6.2,306.1,27.1,D,0
-13.0115,135.2632,321.7,1.1,1,2014-07-26,0436,Aqua,MODIS,48,6.2,298.6,12.6,D,0
-13.2426,134.7095,331.4,1.1,1.1,2014-07-26,0436,Aqua,MODIS,37,6.2,301.5,23.6,D,0
-13.0647,134.4507,323.4,1.1,1.1,2014-07-26,0436,Aqua,MODIS,48,6.2,299.6,16.8,D,0
-12.4858,133.0604,325.4,1.3,1.1,2014-07-26,0436,Aqua,MODIS,52,6.2,305.6,18,D,0
-13.3512,134.3701,322,1.2,1.1,2014-07-26,0436,Aqua,MODIS,61,6.2,301.9,15.6,D,0
-13.1886,135.6404,315.7,1,1,2014-07-26,0436,Aqua,MODIS,41,6.2,299.1,7.4,D,0
-12.6056,135.2686,317.7,1.1,1,2014-07-26,0436,Aqua,MODIS,0,6.2,286.9,11.8,D,0
-13.2986,134.3668,343.2,1.2,1.1,2014-07-26,0436,Aqua,MODIS,91,6.2,301.7,49.3,D,0
-13.0695,134.1752,330.8,1.2,1.1,2014-07-26,0436,Aqua,MODIS,81,6.2,304.3,26,D,0
-12.4688,134.7874,375.2,1.1,1,2014-07-26,0436,Aqua,MODIS,100,6.2,306.6,142.8,D,0
-13.0661,134.4402,323.6,1.1,1.1,2014-07-26,0436,Aqua,MODIS,50,6.2,296,17.2,D,0
-12.9419,142.032,320.6,1.8,1.3,2014-07-26,0436,Aqua,MODIS,39,6.2,299.8,22.5,D,0
-13.2137,134.3926,361,1.2,1.1,2014-07-26,0436,Aqua,MODIS,100,6.2,306.4,97.8,D,0
-13.2317,134.7184,355.1,1.1,1.1,2014-07-26,0436,Aqua,MODIS,97,6.2,303.4,74.8,D,0
-13.3052,134.7147,319.3,1.1,1.1,2014-07-26,0436,Aqua,MODIS,39,6.2,300,7.8,D,0
-12.653,131.6078,339,1.7,1.3,2014-07-26,0436,Aqua,MODIS,71,6.2,301.9,68.7,D,0
-13.252,134.7109,371.5,1.1,1.1,2014-07-26,0436,Aqua,MODIS,100,6.2,308.5,130,D,0
-13.2412,134.7198,389.1,1.1,1.1,2014-07-26,0436,Aqua,MODIS,100,6.2,310.3,212.9,D,0
-13.1123,134.2415,333.8,1.2,1.1,2014-07-26,0436,Aqua,MODIS,84,6.2,301.9,32.4,D,0
-13.1781,134.3659,329.5,1.2,1.1,2014-07-26,0436,Aqua,MODIS,80,6.2,301.3,23.1,D,0
-13.3883,134.3861,325.2,1.2,1.1,2014-07-26,0436,Aqua,MODIS,58,6.2,297.3,20,D,0
-12.9865,142.2765,332.8,1.8,1.3,2014-07-26,0436,Aqua,MODIS,85,6.2,301.9,53.1,D,0
-12.3003,131.1265,319.7,1.8,1.3,2014-07-26,0436,Aqua,MODIS,59,6.2,302.5,20.1,D,0
-13.1137,134.2308,331.3,1.2,1.1,2014-07-26,0436,Aqua,MODIS,82,6.2,301.1,28.3,D,0
-13.2819,134.7047,333,1.1,1.1,2014-07-26,0436,Aqua,MODIS,65,6.2,300.7,24.6,D,0
-13.1878,134.6545,330,1.1,1.1,2014-07-26,0436,Aqua,MODIS,81,6.2,300.5,23.5,D,0
-13.1195,134.1875,342.1,1.2,1.1,2014-07-26,0436,Aqua,MODIS,90,6.2,298.7,50.2,D,0
-12.9446,142.016,319.2,1.8,1.3,2014-07-26,0436,Aqua,MODIS,68,6.2,297.6,21.6,D,0
-13.4076,134.3888,337.1,1.2,1.1,2014-07-26,0436,Aqua,MODIS,87,6.2,303,37.1,D,0
-13.2062,134.5199,358.2,1.1,1.1,2014-07-26,0436,Aqua,MODIS,99,6.2,305.1,85.3,D,0
-13.2097,135.4196,333.1,1.1,1,2014-07-26,0436,Aqua,MODIS,84,6.2,301,27,D,0
-13.3118,135.2016,316.3,1.1,1,2014-07-26,0436,Aqua,MODIS,37,6.2,300,6.7,D,0
-13.2352,134.401,332.1,1.2,1.1,2014-07-26,0436,Aqua,MODIS,83,6.2,297.8,29.3,D,0
-13.1699,134.354,333.4,1.2,1.1,2014-07-26,0436,Aqua,MODIS,84,6.2,302.2,30.4,D,0
-12.6454,131.575,324,1.7,1.3,2014-07-26,0436,Aqua,MODIS,67,6.2,302.6,25,D,0
-12.3546,134.4173,320.2,1.1,1.1,2014-07-26,0436,Aqua,MODIS,48,6.2,302.6,8.9,D,0
-12.6069,135.2589,320.9,1.1,1,2014-07-26,0436,Aqua,MODIS,0,6.2,287.2,14.7,D,0
-12.3478,134.3954,326.6,1.1,1.1,2014-07-26,0436,Aqua,MODIS,69,6.2,305.4,15.5,D,0
-12.4768,134.7987,366.6,1.1,1,2014-07-26,0436,Aqua,MODIS,100,6.2,305.7,107,D,0
-12.4782,134.7887,351.4,1.1,1,2014-07-26,0436,Aqua,MODIS,96,6.2,303,63.5,D,0
-11.8034,133.2061,317.2,1.3,1.1,2014-07-26,0436,Aqua,MODIS,41,6.2,300.6,6.9,D,0
-12.4702,134.7774,355.4,1.1,1,2014-07-26,0436,Aqua,MODIS,97,6.2,302.2,74.8,D,0
-13.118,134.1984,331.6,1.2,1.1,2014-07-26,0436,Aqua,MODIS,82,6.2,295.7,29.4,D,0
-13.2041,134.3912,375.9,1.2,1.1,2014-07-26,0436,Aqua,MODIS,100,6.2,306.9,156.1,D,0
-12.8219,131.5294,321.5,1.7,1.3,2014-07-26,0436,Aqua,MODIS,36,6.2,306.4,13.7,D,0
-13.1959,134.3793,324.8,1.2,1.1,2014-07-26,0436,Aqua,MODIS,49,6.2,301.3,16.3,D,0
-12.4259,135.1713,319.2,1.1,1,2014-07-26,0436,Aqua,MODIS,65,6.2,298.7,11.5,D,0
-12.192,133.5042,323.7,1.3,1.1,2014-07-26,0436,Aqua,MODIS,66,6.2,303.8,12.6,D,0
-12.8103,131.5278,336,1.7,1.3,2014-07-26,0436,Aqua,MODIS,84,6.2,305.3,53.4,D,0
-12.202,133.5056,323.4,1.3,1.1,2014-07-26,0436,Aqua,MODIS,70,6.2,303.3,12.1,D,0
-12.5753,135.4204,321.6,1,1,2014-07-26,0436,Aqua,MODIS,43,6.2,299.1,13.1,D,0
-13.3066,134.7045,322,1.1,1.1,2014-07-26,0436,Aqua,MODIS,58,6.2,301.7,11,D,0
-12.9348,134.5957,324.6,1.1,1.1,2014-07-26,0436,Aqua,MODIS,40,6.2,297.9,15.2,D,0
-12.4675,134.7973,325.5,1.1,1,2014-07-26,0436,Aqua,MODIS,45,6.2,299.9,14.5,D,0
-13.1205,134.2536,330.7,1.2,1.1,2014-07-26,0436,Aqua,MODIS,75,6.2,301.7,25.8,D,0
-13.1108,134.2522,327.9,1.2,1.1,2014-07-26,0436,Aqua,MODIS,78,6.2,301.3,21.9,D,0
-13.1355,134.2884,332.1,1.2,1.1,2014-07-26,0436,Aqua,MODIS,71,6.2,300.2,28.3,D,0
-13.1191,134.2643,338.7,1.2,1.1,2014-07-26,0436,Aqua,MODIS,88,6.2,302.8,40.7,D,0
-13.2863,134.712,328,1.1,1.1,2014-07-26,0436,Aqua,MODIS,72,6.2,299.4,18.7,D,0
-12.5053,131.3329,323.7,1.8,1.3,2014-07-26,0436,Aqua,MODIS,48,6.2,306.6,24.6,D,0
-13.2971,134.7031,345.3,1.1,1.1,2014-07-26,0436,Aqua,MODIS,92,6.2,299.5,49.9,D,0
-13.068,134.186,328.4,1.2,1.1,2014-07-26,0436,Aqua,MODIS,79,6.2,304.6,22.3,D,0
-13.1452,134.2898,330.4,1.2,1.1,2014-07-26,0436,Aqua,MODIS,79,6.2,300.9,26.1,D,0
-13.1849,134.3885,339.9,1.2,1.1,2014-07-26,0436,Aqua,MODIS,89,6.2,301.5,40.8,D,0
-12.4848,134.8099,327.6,1.1,1,2014-07-26,0436,Aqua,MODIS,40,6.2,302.5,16,D,0
-13.0249,134.6766,320.3,1.1,1.1,2014-07-26,0436,Aqua,MODIS,44,6.2,303.2,9.6,D,0
-12.9334,134.606,326.3,1.1,1.1,2014-07-26,0436,Aqua,MODIS,51,6.2,299.4,17.5,D,0
-13.3345,134.4217,335.4,1.2,1.1,2014-07-26,0436,Aqua,MODIS,85,6.2,300.2,35.4,D,0
-11.8018,133.218,323,1.3,1.1,2014-07-26,0436,Aqua,MODIS,76,6.2,301.2,15,D,0
-13.1795,134.3553,329.9,1.2,1.1,2014-07-26,0436,Aqua,MODIS,70,6.2,300.6,23.7,D,0
-13.1863,134.3779,356.4,1.2,1.1,2014-07-26,0436,Aqua,MODIS,98,6.2,303.6,83.3,D,0
-12.9509,142.0501,324.1,1.8,1.3,2014-07-26,0436,Aqua,MODIS,62,6.2,300.3,29.4,D,0
-13.2877,134.7017,335.2,1.1,1.1,2014-07-26,0436,Aqua,MODIS,86,6.2,296.6,30.2,D,0
-12.6646,131.6093,338.7,1.7,1.3,2014-07-26,0436,Aqua,MODIS,80,6.2,303.1,68.9,D,0
-13.198,134.5081,343.5,1.1,1.1,2014-07-26,0436,Aqua,MODIS,91,6.2,303.7,47.8,D,0
-13.2615,134.7122,359,1.1,1.1,2014-07-26,0436,Aqua,MODIS,99,6.2,306.3,86.6,D,0
-13.2449,134.4023,334.3,1.2,1.1,2014-07-26,0436,Aqua,MODIS,84,6.2,300.5,32.7,D,0
-13.0636,134.2184,330,1.2,1.1,2014-07-26,0436,Aqua,MODIS,81,6.2,301.3,25.8,D,0
-12.5678,133.9736,319.9,1.2,1.1,2014-07-26,0436,Aqua,MODIS,58,6.2,303.3,13.3,D,0
-12.4037,142.018,312.6,1.8,1.3,2014-07-26,0436,Aqua,MODIS,49,6.2,295.1,8.9,D,0
-13.2304,134.7286,336.2,1.1,1.1,2014-07-26,0436,Aqua,MODIS,68,6.2,303.3,30,D,0
-12.2417,131.2467,315.4,1.8,1.3,2014-07-26,0436,Aqua,MODIS,0,6.2,299.1,17.1,D,0
-12.0479,134.1157,318.2,1.2,1.1,2014-07-26,0436,Aqua,MODIS,49,6.2,301.9,6.6,D,0
-13.0128,135.2534,323.7,1.1,1,2014-07-26,0436,Aqua,MODIS,66,6.2,299.3,14.4,D,0
-12.982,142.2641,327.1,1.8,1.3,2014-07-26,0436,Aqua,MODIS,80,6.2,303,36.7,D,0
-13.4171,134.7048,334.8,1.1,1.1,2014-07-26,0436,Aqua,MODIS,85,6.2,305.7,29.6,D,0
-13.0592,134.2505,326.1,1.2,1.1,2014-07-26,0436,Aqua,MODIS,29,6.2,303.7,18.8,D,0
-12.6163,142.1751,321.9,1.8,1.3,2014-07-26,0436,Aqua,MODIS,75,6.2,299.3,31.2,D,0
-13.1118,142.4861,320.9,1.9,1.3,2014-07-26,0436,Aqua,MODIS,74,6.2,299.5,23.8,D,0
-12.9482,142.0663,317.3,1.8,1.3,2014-07-26,0436,Aqua,MODIS,23,6.2,300,14.6,D,0
-13.3523,134.435,335.1,1.2,1.1,2014-07-26,0436,Aqua,MODIS,79,6.2,302.2,32.7,D,0
-13.3608,134.3715,328.1,1.2,1.1,2014-07-26,0436,Aqua,MODIS,71,6.2,300.3,23.9,D,0
-13.2398,134.73,348.4,1.1,1.1,2014-07-26,0436,Aqua,MODIS,92,6.2,306.1,54.7,D,0
-12.6297,131.0654,320.8,1.9,1.3,2014-07-26,0436,Aqua,MODIS,35,6.2,306.4,18.3,D,0
-13.2507,134.7211,348.9,1.1,1.1,2014-07-26,0436,Aqua,MODIS,94,6.2,307.2,55.1,D,0
-13.4172,134.3901,323.8,1.2,1.1,2014-07-26,0436,Aqua,MODIS,62,6.2,302.3,15.5,D,0
-13.2076,134.5095,378.9,1.1,1.1,2014-07-26,0436,Aqua,MODIS,94,6.2,306.4,166.8,D,0
-13.0866,135.3203,322.1,1.1,1,2014-07-26,0436,Aqua,MODIS,70,6.2,301.1,11.6,D,0
-13.211,135.41,319.9,1.1,1,2014-07-26,0436,Aqua,MODIS,69,6.2,301.6,10.2,D,0
-13.1945,134.3898,348.1,1.2,1.1,2014-07-26,0436,Aqua,MODIS,94,6.2,304.1,60.1,D,0
-13.0879,135.3106,319.4,1.1,1,2014-07-26,0436,Aqua,MODIS,49,6.2,299.3,8.9,D,0
-12.6198,131.0466,322.7,1.9,1.3,2014-07-26,0436,Aqua,MODIS,53,6.2,306.4,23,D,0
-13.2723,134.417,329.3,1.2,1.1,2014-07-26,0436,Aqua,MODIS,68,6.2,303.3,23.7,D,0
-13.1966,134.5186,323.1,1.1,1.1,2014-07-26,0436,Aqua,MODIS,57,6.2,302.8,12.6,D,0
-12.6117,142.1687,341.6,1.8,1.3,2014-07-26,0436,Aqua,MODIS,91,6.2,299.8,97.1,D,0
-13.3498,134.3807,327.9,1.2,1.1,2014-07-26,0436,Aqua,MODIS,78,6.2,300.2,24.1,D,0
-13.2055,134.3806,333.5,1.2,1.1,2014-07-26,0436,Aqua,MODIS,56,6.2,301,27.8,D,0
-13.0621,134.2291,323.4,1.2,1.1,2014-07-26,0436,Aqua,MODIS,73,6.2,299.9,16.8,D,0
-13.3487,134.679,319.7,1.1,1.1,2014-07-26,0436,Aqua,MODIS,42,6.2,303.7,8.1,D,0
-11.5019,132.7964,326.8,1.4,1.2,2014-07-26,0436,Aqua,MODIS,79,6.2,302.8,24.6,D,0
-11.5036,132.7841,323.9,1.4,1.2,2014-07-26,0436,Aqua,MODIS,76,6.2,301.2,19.5,D,0
-12.4648,134.8172,323.3,1.1,1,2014-07-26,0436,Aqua,MODIS,39,6.2,299.6,12,D,0
-11.9468,132.9006,323.8,1.4,1.2,2014-07-26,0436,Aqua,MODIS,48,6.2,302.9,17.1,D,0
-12.9697,132.4402,321.7,1.5,1.2,2014-07-26,0436,Aqua,MODIS,53,6.2,306.7,13.8,D,0
-12.6743,131.5997,328,1.7,1.3,2014-07-26,0436,Aqua,MODIS,63,6.2,303.2,36.2,D,0
-11.9957,132.9,339.3,1.4,1.2,2014-07-26,0436,Aqua,MODIS,88,6.2,303.2,52.3,D,0
-12.6781,131.5952,324.1,1.7,1.3,2014-07-26,0436,Aqua,MODIS,67,6.2,302.5,29.6,D,0
-13.6431,134.7493,345.1,1.1,1.1,2014-07-26,0436,Aqua,MODIS,70,6.2,302,50.8,D,0
-13.5851,134.6036,330.7,1.1,1.1,2014-07-26,0436,Aqua,MODIS,77,6.2,302,24.6,D,0
-13.6417,134.7596,324.4,1.1,1.1,2014-07-26,0436,Aqua,MODIS,50,6.2,303.1,14.7,D,0
-13.6474,134.7565,330.6,1.1,1.1,2014-07-26,0436,Aqua,MODIS,82,6.2,302,21.3,D,0
-13.88,134.8229,320.9,1.1,1.1,2014-07-26,0436,Aqua,MODIS,59,6.2,299.6,10,D,0
-13.8814,134.8125,326.3,1.1,1.1,2014-07-26,0436,Aqua,MODIS,78,6.2,302.5,16.1,D,0
-12.6761,131.6108,323.8,1.7,1.3,2014-07-26,0436,Aqua,MODIS,70,6.2,301.8,30.2,D,0
-13.5837,134.614,321.8,1.1,1.1,2014-07-26,0436,Aqua,MODIS,29,6.2,300.3,11.4,D,0
-14.0411,134.7736,318.1,1.1,1.1,2014-07-26,0436,Aqua,MODIS,51,6.2,300.7,7.4,D,0
-14.0943,134.739,331.8,1.1,1.1,2014-07-26,0436,Aqua,MODIS,83,6.2,304.3,25.5,D,0
-11.4444,132.9133,314.6,1.3,1.1,2014-07-26,0436,Aqua,MODIS,57,6.2,300.4,8.9,D,0
-13.8893,130.3534,331.7,2.2,1.4,2014-07-26,0436,Aqua,MODIS,81,6.2,305,59,D,0
-13.8763,130.3518,326.9,2.2,1.4,2014-07-26,0436,Aqua,MODIS,61,6.2,306.7,39.7,D,0
-13.8787,130.3314,331.1,2.2,1.4,2014-07-26,0436,Aqua,MODIS,79,6.2,304.4,59.3,D,0
-13.9421,129.9062,363.5,2.4,1.5,2014-07-26,0436,Aqua,MODIS,87,6.2,293.3,318.6,D,0
-13.3262,142.0086,324.4,1.7,1.3,2014-07-26,0436,Aqua,MODIS,78,6.2,300.6,29.7,D,0
-13.32,141.9749,316.8,1.7,1.3,2014-07-26,0436,Aqua,MODIS,44,6.2,296.3,15.5,D,0
-12.7879,134.8213,321.2,1.1,1,2014-07-26,0436,Aqua,MODIS,59,6.2,299,11.5,D,0
-12.9333,134.5679,328,1.1,1.1,2014-07-26,0436,Aqua,MODIS,69,6.2,296.1,22.3,D,0
-13.3226,141.9594,318.2,1.7,1.3,2014-07-26,0436,Aqua,MODIS,70,6.2,298.8,20.8,D,0
-12.3785,141.8243,313.1,1.7,1.3,2014-07-26,0436,Aqua,MODIS,41,6.2,294.6,12.4,D,0
-11.3858,131.4207,321,1.7,1.3,2014-07-26,0436,Aqua,MODIS,72,6.2,299.2,23.9,D,0
-11.6402,131.0996,314.4,1.8,1.3,2014-07-26,0436,Aqua,MODIS,41,6.2,299.9,12.9,D,0
-11.6462,131.0953,315.7,1.8,1.3,2014-07-26,0436,Aqua,MODIS,62,6.2,300,16.2,D,0
-11.3815,130.9812,316.6,1.8,1.3,2014-07-26,0436,Aqua,MODIS,65,6.2,298.1,18.9,D,0
-11.3849,130.9919,316.5,1.8,1.3,2014-07-26,0436,Aqua,MODIS,66,6.2,299.2,19.8,D,0
-11.3496,132.4009,316,1.4,1.2,2014-07-26,0436,Aqua,MODIS,57,6.2,300,10.2,D,0
-12.9238,134.5665,330.9,1.1,1.1,2014-07-26,0436,Aqua,MODIS,69,6.2,297.8,28,D,0
-14.2178,130.3294,321,2.3,1.5,2014-07-26,0436,Aqua,MODIS,58,6.2,304.3,23.2,D,0
-14.208,129.8412,334.5,2.5,1.5,2014-07-26,0436,Aqua,MODIS,84,6.2,298.2,103,D,0
-14.2155,130.3362,323.1,2.3,1.5,2014-07-26,0436,Aqua,MODIS,70,6.2,304.1,32.4,D,0
-13.8869,130.3737,337.7,2.2,1.4,2014-07-26,0436,Aqua,MODIS,86,6.2,307.2,85.5,D,0
-27.8481,120.1608,318.3,1.5,1.2,2014-07-26,0610,Aqua,MODIS,72,6.2,300.2,18.5,D,0
-27.8507,120.146,320.4,1.5,1.2,2014-07-26,0610,Aqua,MODIS,75,6.2,300.3,22.4,D,0
-30.869,121.4946,308.2,1.6,1.2,2014-07-26,0610,Aqua,MODIS,62,6.2,297.9,9,D,2
-22.8796,122.575,317.9,2.7,1.6,2014-07-26,0612,Aqua,MODIS,70,6.2,300.4,46.7,D,0
-21.6511,120.5705,324.1,2.1,1.4,2014-07-26,0612,Aqua,MODIS,76,6.2,301.9,45,D,0
-21.4172,121.0571,319.4,2.3,1.5,2014-07-26,0612,Aqua,MODIS,70,6.2,301.9,33.6,D,0
-21.652,120.5778,322.2,2.1,1.4,2014-07-26,0612,Aqua,MODIS,74,6.2,301.3,42.1,D,0
-21.6558,120.5578,315.1,2.1,1.4,2014-07-26,0612,Aqua,MODIS,61,6.2,301,23.5,D,0
-18.8428,121.6663,326.2,2.9,1.6,2014-07-26,0613,Aqua,MODIS,73,6.2,302.3,74.8,D,0
-18.8408,121.6581,314,2.9,1.6,2014-07-26,0613,Aqua,MODIS,37,6.2,301.6,20.8,D,0
-18.8375,121.6931,332.2,2.9,1.6,2014-07-26,0613,Aqua,MODIS,72,6.2,302.7,109.6,D,0
-18.8358,121.6849,339.8,2.9,1.6,2014-07-26,0613,Aqua,MODIS,89,6.2,303.3,162.9,D,0
-16.6499,122.9368,313.1,3.9,1.8,2014-07-26,0613,Aqua,MODIS,57,6.2,299.6,53.4,D,0
-30.3136,146.9743,301.4,3.9,1.8,2014-07-26,1218,Terra,MODIS,41,6.2,279.8,60,N,0
-21.8825,131.0049,319,1,1,2014-07-26,1358,Terra,MODIS,98,6.2,288.5,18.6,N,0
-21.8811,131.0146,307.1,1,1,2014-07-26,1358,Terra,MODIS,52,6.2,286,9.6,N,0
-21.8839,130.9953,333,1,1,2014-07-26,1358,Terra,MODIS,100,6.2,289.5,34.9,N,0
-21.8798,131.0242,306.6,1,1,2014-07-26,1358,Terra,MODIS,67,6.2,284.9,9.5,N,0
-12.4918,131.3516,315,1.1,1.1,2014-07-26,1401,Terra,MODIS,90,6.2,286.4,18.1,N,0
-14.9674,143.1598,302.6,2.3,1.5,2014-07-26,1526,Aqua,MODIS,50,6.2,287.1,19.6,N,0
-14.8608,144.3491,303.7,1.9,1.3,2014-07-26,1526,Aqua,MODIS,57,6.2,288.8,16.5,N,0
-14.9688,143.1452,306.2,2.3,1.5,2014-07-26,1526,Aqua,MODIS,67,6.2,287.1,27.1,N,0
-17.0874,145.451,310.1,1.4,1.2,2014-07-26,1527,Aqua,MODIS,79,6.2,287.7,19.6,N,0
-17.0852,145.4377,303.9,1.4,1.2,2014-07-26,1527,Aqua,MODIS,57,6.2,286.9,12.8,N,0
-15.5571,141.801,300.4,2.8,1.6,2014-07-26,1527,Aqua,MODIS,27,6.2,289.3,19.7,N,0
-30.3046,146.9736,308.1,1,1,2014-07-26,1530,Aqua,MODIS,74,6.2,279.9,12.5,N,0
-13.8895,130.3376,323.4,1.6,1.3,2014-07-26,1705,Aqua,MODIS,100,6.2,290.8,43.9,N,0
-14.3606,141.6137,319.3,1,1,2014-07-27,0051,Terra,MODIS,59,6.2,302.9,8.3,D,0
-14.9676,143.0987,328.6,1,1,2014-07-27,0051,Terra,MODIS,82,6.2,298.8,20.6,D,0
-14.9137,144.3416,313.1,1.1,1,2014-07-27,0051,Terra,MODIS,67,6.2,296.2,8.4,D,0
-13.0053,142.1567,313.5,1,1,2014-07-27,0051,Terra,MODIS,35,6.2,292.4,5.7,D,0
-15.5684,141.8035,316.5,1,1,2014-07-27,0051,Terra,MODIS,39,6.2,301.9,6,D,0
-12.6464,142.037,320.7,1,1,2014-07-27,0051,Terra,MODIS,78,6.2,291.7,12.8,D,0
-14.3634,141.6325,317.7,1,1,2014-07-27,0051,Terra,MODIS,40,6.2,300.2,7.7,D,0
-12.5969,134.1348,311.1,3.3,1.7,2014-07-27,0051,Terra,MODIS,61,6.2,294.1,28.3,D,0
-14.9509,143.1107,358.7,1,1,2014-07-27,0051,Terra,MODIS,99,6.2,302.6,75.4,D,0
-12.9207,142.0235,341.5,1,1,2014-07-27,0051,Terra,MODIS,92,6.2,292.2,39.6,D,0
-14.8897,144.376,321.4,1.1,1,2014-07-27,0051,Terra,MODIS,78,6.2,298.5,18.9,D,0
-14.587,143.2662,318.5,1,1,2014-07-27,0051,Terra,MODIS,73,6.2,300,10.7,D,0
-14.8883,144.3659,311.8,1.1,1,2014-07-27,0051,Terra,MODIS,41,6.2,297.9,9,D,0
-12.4617,134.82,312,2.9,1.6,2014-07-27,0051,Terra,MODIS,63,6.2,291.4,30.2,D,0
-13.0039,142.1474,320.2,1,1,2014-07-27,0051,Terra,MODIS,77,6.2,290.8,11.8,D,0
-14.8498,144.3366,315,1.1,1,2014-07-27,0051,Terra,MODIS,33,6.2,299.2,8.2,D,0
-12.8554,132.1102,310.7,4.6,2,2014-07-27,0051,Terra,MODIS,58,6.2,295.7,42.9,D,0
-15.0081,143.1248,314.4,1,1,2014-07-27,0051,Terra,MODIS,63,6.2,300,6.5,D,0
-14.9523,143.1201,324.5,1,1,2014-07-27,0051,Terra,MODIS,28,6.2,300.5,13.5,D,0
-14.3195,142.6943,321.9,1,1,2014-07-27,0051,Terra,MODIS,76,6.2,300.7,12.1,D,0
-14.8837,144.373,325.7,1.1,1,2014-07-27,0051,Terra,MODIS,71,6.2,299.2,19.3,D,0
-14.8714,144.3541,317.7,1.1,1,2014-07-27,0051,Terra,MODIS,56,6.2,298.2,9.3,D,0
-14.9599,143.1094,336.6,1,1,2014-07-27,0051,Terra,MODIS,65,6.2,301.9,28.2,D,0
-12.4614,134.8271,315.9,2.9,1.6,2014-07-27,0051,Terra,MODIS,70,6.2,291.2,43.5,D,0
-12.9403,134.5887,309.2,3,1.6,2014-07-27,0051,Terra,MODIS,47,6.2,292.5,17.1,D,0
-14.9586,143.1001,384.8,1,1,2014-07-27,0051,Terra,MODIS,100,6.2,306.1,168.7,D,0
-14.0894,142.7575,313.5,1,1,2014-07-27,0051,Terra,MODIS,42,6.2,299.4,4.9,D,0
-14.9151,144.3517,309.2,1.1,1,2014-07-27,0051,Terra,MODIS,40,6.2,295.2,5.7,D,0
-14.978,143.1067,337.7,1,1,2014-07-27,0051,Terra,MODIS,89,6.2,298.3,33.2,D,0
-15.5594,141.8049,318.5,1,1,2014-07-27,0051,Terra,MODIS,50,6.2,300.8,7.5,D,0
-14.9807,143.1254,347.2,1,1,2014-07-27,0051,Terra,MODIS,94,6.2,300,48,D,0
-12.6009,134.1399,310.5,3.3,1.7,2014-07-27,0051,Terra,MODIS,59,6.2,294.2,25.2,D,0
-14.9794,143.116,343,1,1,2014-07-27,0051,Terra,MODIS,91,6.2,299.2,40.5,D,0
-15.141,143.2808,320.3,1,1,2014-07-27,0051,Terra,MODIS,71,6.2,301.6,10.8,D,0
-12.8541,132.1028,310.8,4.6,2,2014-07-27,0051,Terra,MODIS,58,6.2,295.8,44.5,D,0
-15.0094,143.1341,320.4,1,1,2014-07-27,0051,Terra,MODIS,74,6.2,300.3,11.8,D,0
-14.9613,143.1187,342.7,1,1,2014-07-27,0051,Terra,MODIS,77,6.2,301.6,37,D,0
-14.9981,143.1837,313.3,1,1,2014-07-27,0051,Terra,MODIS,61,6.2,300.4,5.6,D,0
-14.969,143.108,366,1,1,2014-07-27,0051,Terra,MODIS,100,6.2,302.9,95.5,D,0
-14.9496,143.1014,339.7,1,1,2014-07-27,0051,Terra,MODIS,90,6.2,301,35.5,D,0
-14.9703,143.1174,346.2,1,1,2014-07-27,0051,Terra,MODIS,79,6.2,302,44.1,D,0
-13.0976,142.341,316.9,1,1,2014-07-27,0051,Terra,MODIS,71,6.2,294.4,9.3,D,0
-14.362,141.6231,340,1,1,2014-07-27,0051,Terra,MODIS,90,6.2,303.1,36.6,D,0
-12.9235,142.0421,318.5,1,1,2014-07-27,0051,Terra,MODIS,56,6.2,292.5,8.7,D,0
-12.913,142.0342,317.3,1,1,2014-07-27,0051,Terra,MODIS,49,6.2,290.1,8.7,D,0
-12.9221,142.0328,335.7,1,1,2014-07-27,0051,Terra,MODIS,88,6.2,292.7,29.9,D,0
-13.0573,142.4413,334.8,1,1,2014-07-27,0051,Terra,MODIS,88,6.2,296.4,27.7,D,0
-13.0829,142.4279,326.7,1,1,2014-07-27,0051,Terra,MODIS,83,6.2,292.4,17.7,D,0
-13.056,142.4321,323.7,1,1,2014-07-27,0051,Terra,MODIS,58,6.2,294.9,13.4,D,0
-13.0587,142.4504,323.4,1,1,2014-07-27,0051,Terra,MODIS,41,6.2,296.2,12.7,D,0
-13.0677,142.4491,327.3,1,1,2014-07-27,0051,Terra,MODIS,54,6.2,296.1,16.9,D,0
-13.0816,142.4188,318.3,1,1,2014-07-27,0051,Terra,MODIS,57,6.2,291,9.5,D,0
-15.0075,143.2493,317.8,1,1,2014-07-27,0051,Terra,MODIS,70,6.2,299.6,8.9,D,0
-14.7152,142.6942,321.7,1,1,2014-07-27,0051,Terra,MODIS,76,6.2,300.9,12.4,D,0
-13.326,142.0218,312.5,1,1,2014-07-27,0051,Terra,MODIS,55,6.2,294.3,6.2,D,0
-14.9572,143.0907,383.8,1,1,2014-07-27,0051,Terra,MODIS,100,6.2,304.6,165.8,D,0
-14.0027,142.1115,314.2,1,1,2014-07-27,0051,Terra,MODIS,55,6.2,299.4,6.1,D,0
-14.0013,142.1022,325.5,1,1,2014-07-27,0051,Terra,MODIS,79,6.2,300.1,17.1,D,0
-15.5529,141.7008,324.5,1,1,2014-07-27,0051,Terra,MODIS,76,6.2,304.1,13.6,D,0
-14.7166,142.7035,318.3,1,1,2014-07-27,0051,Terra,MODIS,71,6.2,299.7,9.4,D,0
-17.941,138.4544,317,1.3,1.1,2014-07-27,0052,Terra,MODIS,64,6.2,301.4,10,D,0
-17.2722,139.1324,334,1.2,1.1,2014-07-27,0052,Terra,MODIS,86,6.2,300,33.8,D,0
-17.274,139.1436,335.9,1.2,1.1,2014-07-27,0052,Terra,MODIS,87,6.2,301.9,37,D,0
-17.2759,139.1547,318.5,1.2,1.1,2014-07-27,0052,Terra,MODIS,40,6.2,301.9,9.7,D,0
-16.2524,144.2011,314.7,1.1,1.1,2014-07-27,0052,Terra,MODIS,47,6.2,298.8,7.6,D,0
-16.2623,144.2736,315.6,1.1,1.1,2014-07-27,0052,Terra,MODIS,67,6.2,297.9,8.5,D,0
-16.2637,144.284,313.3,1.1,1.1,2014-07-27,0052,Terra,MODIS,44,6.2,298.6,6.4,D,0
-17.2625,139.1341,330.3,1.2,1.1,2014-07-27,0052,Terra,MODIS,83,6.2,301.1,27.7,D,0
-17.2643,139.1452,320.6,1.2,1.1,2014-07-27,0052,Terra,MODIS,46,6.2,301.9,12.6,D,0
-21.8866,131.0097,306.2,3.6,1.8,2014-07-27,0054,Terra,MODIS,47,6.2,295.1,24.5,D,0
-20.3371,127.368,317.8,4.4,1.9,2014-07-27,0231,Terra,MODIS,64,6.2,299.3,81.4,D,0
-20.3363,127.3736,320.4,4.4,1.9,2014-07-27,0231,Terra,MODIS,69,6.2,299.4,101.8,D,0
-20.34,127.4163,320.1,4.5,1.9,2014-07-27,0231,Terra,MODIS,69,6.2,299.5,100,D,0
-20.3406,127.4107,322.9,4.5,1.9,2014-07-27,0231,Terra,MODIS,73,6.2,299.6,125.3,D,0
-18.8305,121.7006,318.7,1.6,1.2,2014-07-27,0231,Terra,MODIS,49,6.2,306.3,15.1,D,0
-22.2517,120.7509,322.1,1.5,1.2,2014-07-27,0232,Terra,MODIS,77,6.2,299,29.5,D,0
-21.6407,120.5871,308.2,1.5,1.2,2014-07-27,0232,Terra,MODIS,39,6.2,298.1,7.8,D,0
-30.6561,152.8,309.9,1.1,1,2014-07-27,0335,Aqua,MODIS,69,6.2,293.7,8.9,D,0
-31.3639,149.6837,302.4,1.6,1.2,2014-07-27,0335,Aqua,MODIS,47,6.2,287.7,9.9,D,0
-31.3752,149.6848,300.7,1.6,1.2,2014-07-27,0335,Aqua,MODIS,29,6.2,288.4,7.6,D,0
-32.5842,146.7487,304.5,2.6,1.5,2014-07-27,0335,Aqua,MODIS,42,6.2,291.4,20.8,D,0
-29.1335,152.87,313.8,1.1,1,2014-07-27,0336,Aqua,MODIS,74,6.2,296.4,11.6,D,0
-29.0766,152.2641,305.5,1.1,1,2014-07-27,0336,Aqua,MODIS,61,6.2,287.9,8.5,D,0
-29.1701,151.9467,313.1,1.1,1.1,2014-07-27,0336,Aqua,MODIS,73,6.2,289.1,14.8,D,0
-29.1687,151.9581,302.7,1.1,1.1,2014-07-27,0336,Aqua,MODIS,53,6.2,287.6,6.4,D,0
-29.6253,152.7622,309.4,1.1,1,2014-07-27,0336,Aqua,MODIS,69,6.2,298.2,7.6,D,0
-28.6679,153.0005,319.7,1,1,2014-07-27,0336,Aqua,MODIS,80,6.2,297.7,14.7,D,0
-28.6693,152.9899,309.3,1,1,2014-07-27,0336,Aqua,MODIS,68,6.2,297.2,5.4,D,0
-30.0578,150.8974,304.8,1.3,1.1,2014-07-27,0336,Aqua,MODIS,60,6.2,289.6,9.3,D,0
-29.9192,153.0285,302.2,1.1,1,2014-07-27,0336,Aqua,MODIS,51,6.2,292,3.8,D,0
-29.862,152.9781,308.1,1.1,1,2014-07-27,0336,Aqua,MODIS,66,6.2,294.9,7,D,0
-29.8712,152.9798,304.6,1.1,1,2014-07-27,0336,Aqua,MODIS,57,6.2,293,4.6,D,0
-30.0324,152.9307,326.5,1.1,1,2014-07-27,0336,Aqua,MODIS,84,6.2,293.5,26.4,D,0
-29.0752,152.2754,303.9,1.1,1,2014-07-27,0336,Aqua,MODIS,57,6.2,288.6,7.6,D,0
-27.2236,148.6686,317.6,1.6,1.3,2014-07-27,0336,Aqua,MODIS,71,6.2,299.8,19.1,D,0
-30.2028,151.2164,302.1,1.3,1.1,2014-07-27,0336,Aqua,MODIS,51,6.2,291.8,5.3,D,0
-29.9404,151.9529,312.4,1.2,1.1,2014-07-27,0336,Aqua,MODIS,72,6.2,287.5,14.1,D,0
-29.9389,151.9647,303.3,1.2,1.1,2014-07-27,0336,Aqua,MODIS,52,6.2,288.6,6,D,0
-29.2941,149.9171,306.8,1.4,1.2,2014-07-27,0336,Aqua,MODIS,30,6.2,296,5.1,D,0
-29.2925,149.9321,330.8,1.4,1.2,2014-07-27,0336,Aqua,MODIS,86,6.2,297,44.8,D,0
-29.2909,149.947,307.6,1.4,1.2,2014-07-27,0336,Aqua,MODIS,48,6.2,295.6,6.6,D,0
-25.477,152.3139,326.6,1,1,2014-07-27,0337,Aqua,MODIS,81,6.2,298.8,21.3,D,0
-25.4377,152.3283,324.6,1,1,2014-07-27,0337,Aqua,MODIS,79,6.2,298.8,18.6,D,0
-25.4468,152.3298,328.3,1,1,2014-07-27,0337,Aqua,MODIS,46,6.2,299.5,21.3,D,0
-25.439,152.3181,319.5,1,1,2014-07-27,0337,Aqua,MODIS,55,6.2,298.8,12.8,D,0
-25.4418,152.2976,325.5,1,1,2014-07-27,0337,Aqua,MODIS,78,6.2,299.1,18.9,D,0
-25.4523,152.2888,331.4,1,1,2014-07-27,0337,Aqua,MODIS,85,6.2,299.2,26.5,D,0
-25.4756,152.3241,325.1,1,1,2014-07-27,0337,Aqua,MODIS,79,6.2,299.1,19.7,D,0
-25.4432,152.2873,330.1,1,1,2014-07-27,0337,Aqua,MODIS,84,6.2,300.1,25.2,D,0
-25.4537,152.2785,335.9,1,1,2014-07-27,0337,Aqua,MODIS,88,6.2,300.9,34.3,D,0
-25.4446,152.277,326.3,1,1,2014-07-27,0337,Aqua,MODIS,80,6.2,300.4,21,D,0
-24.5718,151.9468,322.7,1,1,2014-07-27,0337,Aqua,MODIS,77,6.2,300,15.6,D,0
-23.983,151.3569,316,1.1,1,2014-07-27,0337,Aqua,MODIS,65,6.2,299.1,10.1,D,0
-20.2272,148.3619,326.9,1.4,1.2,2014-07-27,0338,Aqua,MODIS,80,6.2,300.2,29.5,D,0
-20.2289,148.3487,314.7,1.4,1.2,2014-07-27,0338,Aqua,MODIS,61,6.2,299.6,11.1,D,0
-22.406,150.2073,312,1.2,1.1,2014-07-27,0338,Aqua,MODIS,48,6.2,296.7,9,D,0
-22.4461,150.2019,320.7,1.2,1.1,2014-07-27,0338,Aqua,MODIS,67,6.2,295.6,18.5,D,0
-22.4558,150.2033,334.7,1.2,1.1,2014-07-27,0338,Aqua,MODIS,86,6.2,293.6,38,D,0
-19.5783,146.1944,322,1.9,1.4,2014-07-27,0339,Aqua,MODIS,75,6.2,296.3,33.2,D,0
-19.4935,146.209,312.6,1.9,1.3,2014-07-27,0339,Aqua,MODIS,47,6.2,293.5,15.1,D,0
-19.5721,146.2051,313.1,1.9,1.3,2014-07-27,0339,Aqua,MODIS,35,6.2,296.4,14.5,D,0
-19.5803,146.1762,355.2,1.9,1.4,2014-07-27,0339,Aqua,MODIS,98,6.2,300.1,175.2,D,0
-19.5763,146.169,349.7,1.9,1.4,2014-07-27,0339,Aqua,MODIS,95,6.2,299.8,143.9,D,0
-19.6231,146.2364,312.1,1.9,1.3,2014-07-27,0339,Aqua,MODIS,50,6.2,295.9,12.4,D,0
-19.4712,146.1882,310.3,1.9,1.3,2014-07-27,0339,Aqua,MODIS,17,6.2,292.9,10.4,D,0
-19.5742,146.1872,343.6,1.9,1.4,2014-07-27,0339,Aqua,MODIS,92,6.2,297.2,112.6,D,0
-14.8422,144.2886,346.2,2.3,1.5,2014-07-27,0340,Aqua,MODIS,88,6.2,297.2,163.5,D,0
-15.421,144.4591,318.7,2.3,1.5,2014-07-27,0340,Aqua,MODIS,66,6.2,298.2,41.1,D,0
-15.421,144.445,314,2.3,1.5,2014-07-27,0340,Aqua,MODIS,46,6.2,297.5,29.1,D,0
-14.8873,144.358,343.7,2.3,1.5,2014-07-27,0340,Aqua,MODIS,87,6.2,299.2,140.2,D,0
-15.1764,144.3103,315.1,2.3,1.5,2014-07-27,0340,Aqua,MODIS,61,6.2,298.8,25.9,D,0
-14.983,144.2961,332,2.3,1.5,2014-07-27,0340,Aqua,MODIS,59,6.2,296.5,89,D,0
-14.8397,144.3097,333.8,2.3,1.5,2014-07-27,0340,Aqua,MODIS,87,6.2,299,94.8,D,0
-14.885,144.3645,350.6,2.3,1.5,2014-07-27,0340,Aqua,MODIS,96,6.2,297.9,184.7,D,0
-14.9698,144.2944,319.2,2.3,1.5,2014-07-27,0340,Aqua,MODIS,38,6.2,293.4,39.8,D,0
-14.9736,144.2898,336.6,2.3,1.5,2014-07-27,0340,Aqua,MODIS,88,6.2,297.7,108.6,D,0
-14.9721,144.2732,325.7,2.3,1.5,2014-07-27,0340,Aqua,MODIS,65,6.2,298.1,63.7,D,0
-15.025,144.2797,325.1,2.3,1.5,2014-07-27,0340,Aqua,MODIS,79,6.2,297.5,62.3,D,0
-15.9321,144.4104,310.3,2.3,1.5,2014-07-27,0340,Aqua,MODIS,54,6.2,292.6,22.6,D,0
-15.0118,144.2781,332,2.3,1.5,2014-07-27,0340,Aqua,MODIS,74,6.2,290.8,88.6,D,0
-15.4235,144.4382,313.5,2.3,1.5,2014-07-27,0340,Aqua,MODIS,38,6.2,296.9,26.8,D,0
-14.8873,144.3436,321.9,2.3,1.5,2014-07-27,0340,Aqua,MODIS,38,6.2,300.5,40.8,D,0
-14.8742,144.3565,324.6,2.3,1.5,2014-07-27,0340,Aqua,MODIS,66,6.2,298.2,51.2,D,0
-14.9761,144.2686,329.4,2.3,1.5,2014-07-27,0340,Aqua,MODIS,79,6.2,297.2,76.7,D,0
-15.0266,142.0466,312.9,3.4,1.7,2014-07-27,0340,Aqua,MODIS,26,6.2,296.4,20.5,D,0
-15.0169,142.0409,315,3.4,1.7,2014-07-27,0340,Aqua,MODIS,65,6.2,296.7,30.4,D,0
-15.0382,144.2813,330.7,2.3,1.5,2014-07-27,0340,Aqua,MODIS,84,6.2,295,84.8,D,0
-15.5646,141.6682,322.8,3.7,1.8,2014-07-27,0340,Aqua,MODIS,77,6.2,299.7,82.8,D,0
-15.557,141.66,317.7,3.7,1.8,2014-07-27,0340,Aqua,MODIS,36,6.2,298.3,41.2,D,0
-16.2429,144.197,307.7,2.4,1.5,2014-07-27,0340,Aqua,MODIS,0,6.2,290.6,24.9,D,0
-15.174,144.3315,313.2,2.3,1.5,2014-07-27,0340,Aqua,MODIS,54,6.2,298.3,21.4,D,0
-15.1778,144.3269,317.6,2.3,1.5,2014-07-27,0340,Aqua,MODIS,62,6.2,298.8,32.8,D,0
-22.3874,130.7786,318.3,1.2,1.1,2014-07-27,0516,Aqua,MODIS,55,6.2,305.4,8.9,D,0
-22.3796,130.7654,345.3,1.2,1.1,2014-07-27,0516,Aqua,MODIS,92,6.2,305.7,56.3,D,0
-21.8817,130.9975,325.8,1.2,1.1,2014-07-27,0516,Aqua,MODIS,74,6.2,306.2,18.3,D,0
-22.3778,130.7768,321.8,1.2,1.1,2014-07-27,0516,Aqua,MODIS,69,6.2,305.1,14.1,D,0
-22.3893,130.7673,335.3,1.2,1.1,2014-07-27,0516,Aqua,MODIS,85,6.2,304.9,34.4,D,0
-20.34,127.3823,330.4,1,1,2014-07-27,0517,Aqua,MODIS,77,6.2,310.3,15.3,D,0
-20.3503,127.3742,322.1,1,1,2014-07-27,0517,Aqua,MODIS,35,6.2,309.9,6.7,D,0
-20.3386,127.3918,334.8,1,1,2014-07-27,0517,Aqua,MODIS,82,6.2,310.4,21.5,D,0
-20.349,127.3837,321.6,1,1,2014-07-27,0517,Aqua,MODIS,59,6.2,309.6,6.7,D,0
-20.3476,127.3933,327.7,1,1,2014-07-27,0517,Aqua,MODIS,74,6.2,309.1,13.3,D,0
-20.0846,127.6891,332,1,1,2014-07-27,0517,Aqua,MODIS,79,6.2,309.2,18.2,D,0
-22.2634,120.7447,314.9,2.4,1.5,2014-07-27,0517,Aqua,MODIS,57,6.2,303.9,21.3,D,0
-19.8388,127.2905,321.4,1,1,2014-07-27,0517,Aqua,MODIS,53,6.2,308.8,6.5,D,0
-19.8402,127.281,320.2,1,1,2014-07-27,0517,Aqua,MODIS,39,6.2,307,4.9,D,0
-19.8879,129.4978,320.7,1.1,1,2014-07-27,0517,Aqua,MODIS,61,6.2,307.6,7.9,D,0
-22.6754,122.6217,317.4,1.7,1.3,2014-07-27,0517,Aqua,MODIS,60,6.2,306.3,16.6,D,0
-18.8703,128.6279,332.1,1,1,2014-07-27,0517,Aqua,MODIS,80,6.2,309.6,21.1,D,0
-19.1168,128.8929,325,1.1,1,2014-07-27,0517,Aqua,MODIS,70,6.2,306.2,13.5,D,0
-19.1152,128.903,330,1.1,1,2014-07-27,0517,Aqua,MODIS,78,6.2,306.6,20,D,0
-22.1904,123.8497,327.2,1.4,1.2,2014-07-27,0517,Aqua,MODIS,76,6.2,305.6,27.3,D,0
-18.8854,128.59,327.9,1,1,2014-07-27,0517,Aqua,MODIS,74,6.2,306.9,16.1,D,0
-18.8839,128.5998,352.6,1,1,2014-07-27,0517,Aqua,MODIS,96,6.2,308.9,60.4,D,0
-22.1938,123.8557,333.9,1.4,1.2,2014-07-27,0517,Aqua,MODIS,84,6.2,305.7,41.4,D,0
-22.1887,123.8636,325,1.4,1.2,2014-07-27,0517,Aqua,MODIS,73,6.2,305.5,23.1,D,0
-18.8688,128.6378,331.4,1,1,2014-07-27,0517,Aqua,MODIS,79,6.2,309.6,20.4,D,0
-17.1777,122.2918,322.2,1.5,1.2,2014-07-27,0518,Aqua,MODIS,49,6.2,305.3,21.8,D,0
-17.1765,122.285,316.9,1.5,1.2,2014-07-27,0518,Aqua,MODIS,0,6.2,305.7,15.3,D,0
-17.1747,122.2995,319.2,1.5,1.2,2014-07-27,0518,Aqua,MODIS,45,6.2,305.6,18.3,D,0
-17.182,127.9113,330,1,1,2014-07-27,0518,Aqua,MODIS,81,6.2,305.7,19.8,D,0
-16.3362,136.8634,314.2,4,1.9,2014-07-27,0518,Aqua,MODIS,54,6.2,293,49.6,D,0
-14.0375,134.6692,315,3.1,1.7,2014-07-27,0518,Aqua,MODIS,56,6.2,296.1,25.4,D,0
-18.8419,121.7002,319.7,1.8,1.3,2014-07-27,0518,Aqua,MODIS,47,6.2,308.3,14.8,D,0
-12.7371,131.029,361,1.7,1.3,2014-07-27,0519,Aqua,MODIS,100,6.2,305.8,174.4,D,0
-12.7345,131.0447,324.7,1.7,1.3,2014-07-27,0519,Aqua,MODIS,63,6.2,302.7,25.5,D,0
-11.3942,131.4314,321.3,2,1.4,2014-07-27,0519,Aqua,MODIS,43,6.2,296.4,28.4,D,0
-11.382,131.4293,317.3,2,1.4,2014-07-27,0519,Aqua,MODIS,35,6.2,296.1,19.1,D,0
-11.3849,131.4115,322.8,2,1.4,2014-07-27,0519,Aqua,MODIS,74,6.2,296.2,33.2,D,0
-11.7016,130.8243,313.6,1.7,1.3,2014-07-27,0519,Aqua,MODIS,43,6.2,300.3,10.3,D,0
-11.3675,130.9657,320.9,1.8,1.3,2014-07-27,0519,Aqua,MODIS,69,6.2,300.6,27.5,D,0
-11.3766,130.9842,336,1.8,1.3,2014-07-27,0519,Aqua,MODIS,76,6.2,301.1,68.6,D,0
-11.3793,130.9676,385.4,1.8,1.3,2014-07-27,0519,Aqua,MODIS,94,6.2,304.4,402.2,D,0
-11.3516,132.4064,316.8,2.3,1.5,2014-07-27,0519,Aqua,MODIS,56,6.2,298.4,25.2,D,0
-11.7999,130.8648,327.3,1.7,1.3,2014-07-27,0519,Aqua,MODIS,80,6.2,301.7,41,D,0
-12.2418,131.2459,313.3,1.8,1.3,2014-07-27,0519,Aqua,MODIS,0,6.2,299.4,13.5,D,0
-13.2638,134.7086,314.7,3.2,1.7,2014-07-27,0519,Aqua,MODIS,0,6.2,288.8,45.8,D,0
-12.225,131.151,314.4,1.8,1.3,2014-07-27,0519,Aqua,MODIS,40,6.2,300.9,11.5,D,0
-12.6505,131.4458,315.1,1.9,1.3,2014-07-27,0519,Aqua,MODIS,47,6.2,299.2,10.5,D,0
-12.4497,134.8062,325.1,3.4,1.7,2014-07-27,0519,Aqua,MODIS,78,6.2,292.1,98,D,0
-12.4553,134.7755,318.9,3.4,1.7,2014-07-27,0519,Aqua,MODIS,69,6.2,292.6,60.3,D,0
-12.456,134.8027,333.9,3.4,1.7,2014-07-27,0519,Aqua,MODIS,86,6.2,293.2,160.3,D,0
-12.7397,131.0132,341.5,1.7,1.3,2014-07-27,0519,Aqua,MODIS,90,6.2,301,77.3,D,0
-12.6665,131.4539,316.9,1.9,1.3,2014-07-27,0519,Aqua,MODIS,59,6.2,299,13.9,D,0
-12.6546,131.4518,343.1,1.9,1.3,2014-07-27,0519,Aqua,MODIS,91,6.2,300.6,98.1,D,0
-12.6574,131.4349,327.2,1.9,1.3,2014-07-27,0519,Aqua,MODIS,78,6.2,298.6,39.5,D,0
-12.6556,131.5933,325.9,1.9,1.3,2014-07-27,0519,Aqua,MODIS,50,6.2,303.6,35.9,D,0
-12.2201,131.1571,315.1,1.8,1.3,2014-07-27,0519,Aqua,MODIS,17,6.2,300.4,11.7,D,0
-13.195,134.5034,311.7,3.1,1.7,2014-07-27,0519,Aqua,MODIS,0,6.2,288.1,34,D,0
-12.4614,134.772,317.4,3.4,1.7,2014-07-27,0519,Aqua,MODIS,37,6.2,292.5,48.5,D,0
-13.1921,134.5083,311,3.1,1.7,2014-07-27,0519,Aqua,MODIS,0,6.2,287,24.6,D,0
-11.8025,133.1998,316.5,2.6,1.6,2014-07-27,0519,Aqua,MODIS,66,6.2,298.2,25.9,D,0
-11.7947,133.2178,316.6,2.6,1.6,2014-07-27,0519,Aqua,MODIS,66,6.2,298.8,26.8,D,0
-11.3768,130.3378,315.3,1.6,1.3,2014-07-27,0519,Aqua,MODIS,46,6.2,299,11.2,D,0
-11.3881,130.3397,326.6,1.6,1.3,2014-07-27,0519,Aqua,MODIS,75,6.2,298.7,34.7,D,0
-11.8,130.5012,312.1,1.6,1.3,2014-07-27,0519,Aqua,MODIS,52,6.2,299.7,10.2,D,0
-14.3148,129.5087,342.4,1.3,1.1,2014-07-27,0519,Aqua,MODIS,90,6.2,303.7,56.2,D,0
-11.8,130.1376,314.3,1.5,1.2,2014-07-27,0519,Aqua,MODIS,48,6.2,300.2,12,D,0
-11.7988,130.4336,313.8,1.6,1.3,2014-07-27,0519,Aqua,MODIS,47,6.2,301.1,11.6,D,0
-13.906,130.3552,333.7,1.5,1.2,2014-07-27,0519,Aqua,MODIS,64,6.2,307.8,31.6,D,0
-11.7893,130.0643,322.4,1.5,1.2,2014-07-27,0519,Aqua,MODIS,74,6.2,300.8,26.6,D,0
-11.3552,132.3852,314.5,2.3,1.5,2014-07-27,0519,Aqua,MODIS,22,6.2,298.9,17,D,0
-12.6706,131.5779,326.9,1.9,1.3,2014-07-27,0519,Aqua,MODIS,73,6.2,302.1,37.4,D,0
-11.423,132.9084,314.9,2.5,1.5,2014-07-27,0519,Aqua,MODIS,41,6.2,296.9,25.6,D,0
-12.6826,131.5801,323.1,1.9,1.3,2014-07-27,0519,Aqua,MODIS,73,6.2,302.9,28.1,D,0
-13.7908,131.893,314.8,1.9,1.4,2014-07-27,0519,Aqua,MODIS,26,6.2,293.4,12.7,D,0
-13.7878,131.9106,334.5,1.9,1.4,2014-07-27,0519,Aqua,MODIS,85,6.2,298.6,70.9,D,0
-30.3366,148.0981,301.5,1,1,2014-07-27,1300,Terra,MODIS,42,6.2,276.7,9.1,N,0
-29.0764,150.1319,341.9,1.2,1.1,2014-07-27,1301,Terra,MODIS,100,6.2,279.4,69.1,N,0
-29.0786,150.1194,337.2,1.2,1.1,2014-07-27,1301,Terra,MODIS,100,6.2,278.7,58.3,N,0
-29.0773,150.1263,347.1,1.2,1.1,2014-07-27,1301,Terra,MODIS,100,6.2,280.6,82.5,N,0
-20.735,139.4723,300.7,1.7,1.3,2014-07-27,1303,Terra,MODIS,32,6.2,288.3,10.8,N,2
-17.7481,145.2393,302,1,1,2014-07-27,1304,Terra,MODIS,46,6.2,287,6.6,N,0
-15.813,144.6323,308.9,1,1,2014-07-27,1304,Terra,MODIS,76,6.2,290.7,9.3,N,0
-14.701,144.1833,304.5,1,1,2014-07-27,1305,Terra,MODIS,60,6.2,290,6.2,N,0
-15.6245,144.7262,303.3,1,1,2014-07-27,1305,Terra,MODIS,54,6.2,289.7,5.8,N,0
-14.644,144.1935,312.5,1,1,2014-07-27,1305,Terra,MODIS,85,6.2,290.2,11.8,N,0
-14.6363,144.1826,300.9,1,1,2014-07-27,1305,Terra,MODIS,36,6.2,290.1,4.2,N,0
-15.1636,141.8739,305.4,1.1,1,2014-07-27,1305,Terra,MODIS,64,6.2,292,6.5,N,0
-14.8674,144.3623,302.3,1,1,2014-07-27,1305,Terra,MODIS,41,6.2,290.9,4.7,N,0
-14.6453,144.1841,305.3,1,1,2014-07-27,1305,Terra,MODIS,64,6.2,289.7,6.8,N,0
-14.9952,143.0275,301.7,1,1,2014-07-27,1305,Terra,MODIS,12,6.2,291.7,3.4,N,0
-14.8215,144.3009,308.3,1,1,2014-07-27,1305,Terra,MODIS,74,6.2,291.3,8.3,N,0
-14.7462,144.1867,301,1,1,2014-07-27,1305,Terra,MODIS,36,6.2,290.4,4.6,N,0
-14.8202,144.3103,304.3,1,1,2014-07-27,1305,Terra,MODIS,60,6.2,291.3,5.7,N,0
-14.8125,144.2995,310.5,1,1,2014-07-27,1305,Terra,MODIS,61,6.2,291.6,9.3,N,0
-14.8139,144.2901,313.5,1,1,2014-07-27,1305,Terra,MODIS,87,6.2,291.6,11.7,N,0
-14.9937,143.1032,303.1,1,1,2014-07-27,1305,Terra,MODIS,53,6.2,291.6,4.7,N,0
-15.6259,144.7166,304.3,1,1,2014-07-27,1305,Terra,MODIS,59,6.2,290,6.4,N,0
-12.6575,142.0656,302.7,1,1,2014-07-27,1305,Terra,MODIS,51,6.2,290.8,4.9,N,0
-14.9368,143.0503,306.3,1,1,2014-07-27,1305,Terra,MODIS,58,6.2,292,6.1,N,0
-14.9355,143.0596,304,1,1,2014-07-27,1305,Terra,MODIS,35,6.2,291.6,4.7,N,0
-14.9939,143.0368,302.2,1,1,2014-07-27,1305,Terra,MODIS,32,6.2,291.8,3.7,N,0
-14.9695,143.0141,306.5,1,1,2014-07-27,1305,Terra,MODIS,46,6.2,291.8,5.9,N,0
-14.9432,143.0703,301.9,1,1,2014-07-27,1305,Terra,MODIS,5,6.2,291.8,3.7,N,0
-14.9682,143.0234,313.2,1,1,2014-07-27,1305,Terra,MODIS,87,6.2,291.9,10.5,N,0
-14.9381,143.0411,304.1,1,1,2014-07-27,1305,Terra,MODIS,40,6.2,292.1,4.7,N,0
-14.9473,142.976,308.7,1,1,2014-07-27,1305,Terra,MODIS,75,6.2,291.9,8.1,N,0
-14.9459,142.9853,329.5,1,1,2014-07-27,1305,Terra,MODIS,100,6.2,293.1,27.8,N,0
-14.955,142.9867,313.5,1,1,2014-07-27,1305,Terra,MODIS,87,6.2,292.8,11.3,N,0
-14.9563,142.9774,315.1,1,1,2014-07-27,1305,Terra,MODIS,91,6.2,292.2,12.6,N,0
-14.942,143.0132,307.9,1,1,2014-07-27,1305,Terra,MODIS,56,6.2,292.5,6.8,N,0
-14.9394,143.0318,308.4,1,1,2014-07-27,1305,Terra,MODIS,68,6.2,292.5,7.2,N,0
-14.9446,142.9946,310.9,1,1,2014-07-27,1305,Terra,MODIS,43,6.2,291.9,8.6,N,0
-14.9407,143.0225,304,1,1,2014-07-27,1305,Terra,MODIS,47,6.2,292.4,4.6,N,0
-12.4081,141.7421,316.1,1,1,2014-07-27,1306,Terra,MODIS,93,6.2,287.3,15,N,0
-12.4094,141.7326,311.5,1,1,2014-07-27,1306,Terra,MODIS,83,6.2,288,11.1,N,0
-29.0675,150.1443,302.1,3.5,1.8,2014-07-27,1435,Aqua,MODIS,46,6.2,275.7,60.3,N,0
-29.0735,150.1471,302.1,3.5,1.8,2014-07-27,1435,Aqua,MODIS,47,6.2,275.7,57.2,N,0
-22.1825,123.842,307.1,1.3,1.1,2014-07-27,1441,Terra,MODIS,70,6.2,286.8,13.8,N,0
-19.2418,121.6018,302.6,1.1,1,2014-07-27,1442,Terra,MODIS,50,6.2,287.7,7,N,0
-19.2215,121.5713,319.6,1.1,1,2014-07-27,1442,Terra,MODIS,99,6.2,289.8,21.5,N,0
-18.76,121.8628,305.4,1.1,1.1,2014-07-27,1442,Terra,MODIS,9,6.2,290.9,8,N,0
-18.7633,121.8416,313.1,1.1,1.1,2014-07-27,1442,Terra,MODIS,40,6.2,290,14,N,0
-18.7488,121.8717,306.3,1.1,1.1,2014-07-27,1442,Terra,MODIS,29,6.2,292.6,8.6,N,0
-18.7505,121.8611,310.2,1.1,1.1,2014-07-27,1442,Terra,MODIS,54,6.2,293.4,11,N,0
-18.7521,121.8505,344.9,1.1,1.1,2014-07-27,1442,Terra,MODIS,100,6.2,294.4,60.2,N,0
-18.7538,121.8399,353.5,1.1,1.1,2014-07-27,1442,Terra,MODIS,100,6.2,292,82.8,N,0
-18.7393,121.87,345.5,1.1,1.1,2014-07-27,1443,Terra,MODIS,100,6.2,294.7,63.5,N,0
-18.741,121.8594,401.3,1.1,1.1,2014-07-27,1443,Terra,MODIS,100,6.2,302.9,310.7,N,0
-18.7426,121.8488,352.5,1.1,1.1,2014-07-27,1443,Terra,MODIS,100,6.2,293.5,79.6,N,0
-14.6888,142.759,304.1,1.3,1.1,2014-07-27,1609,Aqua,MODIS,59,6.2,290.6,9.7,N,0
-14.9398,142.9843,308.6,1.4,1.2,2014-07-27,1609,Aqua,MODIS,75,6.2,290.6,14.4,N,0
-14.8099,144.3091,304.3,1.7,1.3,2014-07-27,1609,Aqua,MODIS,20,6.2,289.9,12.7,N,0
-17.237,139.16,302.1,1,1,2014-07-27,1610,Aqua,MODIS,47,6.2,289.1,5.9,N,0
-20.7277,139.4787,307.9,1.1,1,2014-07-27,1611,Aqua,MODIS,73,6.2,287.5,10.9,N,0
-19.2252,121.59,302.6,2.8,1.6,2014-07-27,1749,Aqua,MODIS,50,6.2,286.9,30.4,N,0
-19.2271,121.5826,301.4,2.8,1.6,2014-07-27,1749,Aqua,MODIS,35,6.2,286.8,25.5,N,0
-24.1672,151.7751,309.9,1.1,1.1,2014-07-27,2358,Terra,MODIS,61,6.2,295,8.7,D,0
-24.1767,151.7733,305,1.1,1.1,2014-07-27,2358,Terra,MODIS,29,6.2,294.6,4.8,D,0
-24.1785,151.7844,309.1,1.1,1.1,2014-07-27,2358,Terra,MODIS,61,6.2,294.5,8.1,D,0
-21.1063,144.5038,309,3.9,1.8,2014-07-27,2358,Terra,MODIS,52,6.2,295.7,38.2,D,0
-21.0983,144.4665,307,4,1.9,2014-07-27,2358,Terra,MODIS,26,6.2,294.8,29.8,D,0
-21.0945,144.4747,309,4,1.9,2014-07-27,2358,Terra,MODIS,52,6.2,295,38.3,D,0
-24.807,152.1854,313.4,1.1,1,2014-07-27,2359,Terra,MODIS,71,6.2,296,9.7,D,0
-24.8414,152.3418,311.5,1.1,1,2014-07-27,2359,Terra,MODIS,65,6.2,296.9,7.2,D,0
-25.4372,152.3259,305.8,1.1,1,2014-07-27,2359,Terra,MODIS,47,6.2,294.1,5.2,D,0
-26.1328,148.5963,315.8,1.6,1.2,2014-07-27,2359,Terra,MODIS,74,6.2,294,22.9,D,0
-26.1357,148.6119,316.8,1.6,1.2,2014-07-27,2359,Terra,MODIS,76,6.2,292.5,24.8,D,0
-26.8862,150.3571,304.8,1.2,1.1,2014-07-27,2359,Terra,MODIS,53,6.2,291.8,6.9,D,0
-26.7526,150.6589,314.4,1.2,1.1,2014-07-27,2359,Terra,MODIS,73,6.2,295.9,12.9,D,0
-27.0393,150.1719,312.6,1.2,1.1,2014-07-27,2359,Terra,MODIS,71,6.2,296.7,11,D,0
-31.8151,152.4564,300.5,1,1,2014-07-28,0000,Terra,MODIS,39,6.2,288.1,5.3,D,0
-30.4005,151.3288,300,1,1,2014-07-28,0000,Terra,MODIS,8,6.2,283.9,5.4,D,0
-30.3988,151.3181,307.4,1,1,2014-07-28,0000,Terra,MODIS,65,6.2,283.6,9.9,D,0
-30.3828,152.1112,307.1,1,1,2014-07-28,0000,Terra,MODIS,65,6.2,284,9.7,D,0
-30.0283,152.9424,300.9,1,1,2014-07-28,0000,Terra,MODIS,43,6.2,290.4,4.4,D,0
-28.595,148.2607,310.9,1.5,1.2,2014-07-28,0000,Terra,MODIS,69,6.2,292.9,16.4,D,0
-30.0268,152.9321,316.4,1,1,2014-07-28,0000,Terra,MODIS,77,6.2,290.7,15.2,D,0
-29.0764,150.1263,309.9,1.2,1.1,2014-07-28,0000,Terra,MODIS,69,6.2,292.4,9.6,D,0
-29.9364,151.9624,304.9,1,1,2014-07-28,0000,Terra,MODIS,60,6.2,284.1,8.1,D,0
-30.3136,148.0899,307.2,1.4,1.2,2014-07-28,0000,Terra,MODIS,65,6.2,292.1,9.9,D,0
-28.8955,149.6109,304.5,1.2,1.1,2014-07-28,0000,Terra,MODIS,54,6.2,294.5,5.8,D,0
-32.5727,146.7639,303.2,1.5,1.2,2014-07-28,0001,Terra,MODIS,55,6.2,287.3,11.2,D,0
-32.5696,146.7476,300.9,1.6,1.2,2014-07-28,0001,Terra,MODIS,43,6.2,287.2,8.8,D,0
-34.2486,146.7823,301.3,1.4,1.2,2014-07-28,0001,Terra,MODIS,46,6.2,284.9,10.1,D,0
-13.1902,135.3984,343.1,1.3,1.1,2014-07-28,0134,Terra,MODIS,91,6.2,299.5,62.8,D,0
-12.8825,131.1069,337.7,1,1,2014-07-28,0134,Terra,MODIS,86,6.2,304.8,32.1,D,0
-11.7868,133.2251,318.5,1,1,2014-07-28,0134,Terra,MODIS,34,6.2,301.9,6.5,D,0
-13.1283,134.1935,328.3,1.1,1.1,2014-07-28,0134,Terra,MODIS,81,6.2,299.6,21.8,D,0
-13.1274,134.2569,312.9,1.1,1.1,2014-07-28,0134,Terra,MODIS,50,6.2,298.5,5.3,D,0
-11.7958,133.2237,328.1,1,1,2014-07-28,0134,Terra,MODIS,80,6.2,302.6,16.9,D,0
-12.8403,132.4958,322.4,1,1,2014-07-28,0134,Terra,MODIS,72,6.2,304.2,11.4,D,0
-12.8487,132.1141,325.4,1,1,2014-07-28,0134,Terra,MODIS,61,6.2,306.9,12,D,0
-14.2601,141.6451,327.9,4,1.9,2014-07-28,0134,Terra,MODIS,61,6.2,298.8,151.6,D,0
-12.6508,131.4655,322.7,1,1,2014-07-28,0134,Terra,MODIS,70,6.2,304.2,12.4,D,0
-12.4525,134.8349,320.6,1.2,1.1,2014-07-28,0134,Terra,MODIS,71,6.2,300.5,13.5,D,0
-12.6494,131.4562,320.4,1,1,2014-07-28,0134,Terra,MODIS,66,6.2,307.4,10.9,D,0
-13.1886,135.3863,318.3,1.3,1.1,2014-07-28,0134,Terra,MODIS,67,6.2,298.8,13.6,D,0
-12.6404,131.4576,353.2,1,1,2014-07-28,0134,Terra,MODIS,96,6.2,306.5,61.5,D,0
-12.802,131.5526,321.7,1,1,2014-07-28,0134,Terra,MODIS,33,6.2,308.4,8.4,D,0
-12.8564,132.1036,324.2,1,1,2014-07-28,0134,Terra,MODIS,51,6.2,308.1,9.1,D,0
-14.2553,141.6523,326.8,4,1.9,2014-07-28,0134,Terra,MODIS,69,6.2,298.4,142.2,D,0
-14.3014,141.6105,317.8,3.9,1.8,2014-07-28,0134,Terra,MODIS,37,6.2,299.8,62.4,D,0
-14.3064,141.6032,313.6,3.9,1.8,2014-07-28,0134,Terra,MODIS,0,6.2,299.2,42.3,D,0
-12.1779,134.5548,327.6,1.1,1.1,2014-07-28,0134,Terra,MODIS,79,6.2,298.3,22.3,D,0
-11.7972,133.233,323.1,1,1,2014-07-28,0134,Terra,MODIS,72,6.2,300.9,10.8,D,0
-12.6418,131.4669,328.9,1,1,2014-07-28,0134,Terra,MODIS,79,6.2,304.3,18.4,D,0
-12.4743,134.7764,316.5,1.2,1.1,2014-07-28,0134,Terra,MODIS,37,6.2,300.6,5.6,D,0
-12.9391,134.6036,321.3,1.2,1.1,2014-07-28,0134,Terra,MODIS,73,6.2,301.7,12,D,0
-12.7811,134.8598,319.5,1.2,1.1,2014-07-28,0134,Terra,MODIS,70,6.2,301.4,11.5,D,0
-12.881,131.0976,323.3,1,1,2014-07-28,0134,Terra,MODIS,68,6.2,304,12,D,0
-12.8577,132.1128,350.5,1,1,2014-07-28,0134,Terra,MODIS,95,6.2,308.6,51.3,D,0
-13.1918,135.4102,315.3,1.3,1.1,2014-07-28,0134,Terra,MODIS,52,6.2,299,9.5,D,0
-12.811,131.5512,324.5,1,1,2014-07-28,0134,Terra,MODIS,67,6.2,307.7,11.7,D,0
-12.559,131.4671,320.6,1,1,2014-07-28,0134,Terra,MODIS,15,6.2,304.8,8.7,D,0
-12.7881,135.2858,313.2,1.3,1.1,2014-07-28,0134,Terra,MODIS,56,6.2,299,6.8,D,0
-13.6242,131.941,360.5,1,1,2014-07-28,0134,Terra,MODIS,100,6.2,306.2,76.8,D,0
-14.1156,131.4058,321.2,1,1,2014-07-28,0134,Terra,MODIS,64,6.2,306.1,8.8,D,0
-11.9444,132.9155,322.5,1,1,2014-07-28,0134,Terra,MODIS,65,6.2,300.6,10.3,D,0
-11.9431,132.9062,321.1,1,1,2014-07-28,0134,Terra,MODIS,56,6.2,302.1,8,D,0
-13.4959,134.4824,347.1,1.2,1.1,2014-07-28,0134,Terra,MODIS,93,6.2,303.1,60.1,D,0
-13.4945,134.4717,363.2,1.2,1.1,2014-07-28,0134,Terra,MODIS,100,6.2,302.3,108.9,D,0
-13.4938,134.4886,321.9,1.2,1.1,2014-07-28,0134,Terra,MODIS,57,6.2,302.7,10.5,D,0
-13.4923,134.4779,378.8,1.2,1.1,2014-07-28,0134,Terra,MODIS,100,6.2,305.5,173.7,D,0
-13.4908,134.4671,344.3,1.2,1.1,2014-07-28,0134,Terra,MODIS,92,6.2,300.7,50,D,0
-13.4811,134.4685,320.5,1.2,1.1,2014-07-28,0134,Terra,MODIS,48,6.2,302.4,9,D,0
-12.4224,134.7785,314,1.2,1.1,2014-07-28,0134,Terra,MODIS,46,6.2,298.7,6.3,D,0
-13.989,131.9174,337.2,1,1,2014-07-28,0134,Terra,MODIS,86,6.2,306.6,28.7,D,0
-13.9903,131.9266,344.8,1,1,2014-07-28,0134,Terra,MODIS,92,6.2,306.1,41.3,D,0
-13.998,131.916,336.5,1,1,2014-07-28,0134,Terra,MODIS,86,6.2,305.3,27,D,0
-13.9993,131.9252,350.7,1,1,2014-07-28,0134,Terra,MODIS,95,6.2,305.7,52.8,D,0
-12.4209,134.7678,316.7,1.2,1.1,2014-07-28,0134,Terra,MODIS,64,6.2,298.7,9.2,D,0
-12.6958,131.5813,316.8,1,1,2014-07-28,0134,Terra,MODIS,45,6.2,305.4,5.6,D,0
-13.6256,131.9502,344.6,1,1,2014-07-28,0134,Terra,MODIS,92,6.2,305.3,40.8,D,0
-12.5694,131.4749,322.5,1,1,2014-07-28,0134,Terra,MODIS,65,6.2,304.6,10.8,D,0
-12.5708,131.4842,317.4,1,1,2014-07-28,0134,Terra,MODIS,40,6.2,304,6.4,D,0
-12.9724,132.4542,331.2,1,1,2014-07-28,0134,Terra,MODIS,82,6.2,301.8,21.7,D,0
-14.3365,129.8328,327.4,1.1,1,2014-07-28,0134,Terra,MODIS,78,6.2,303.5,16.9,D,0
-13.582,130.563,325,1,1,2014-07-28,0134,Terra,MODIS,75,6.2,301.5,15.5,D,0
-14.3381,129.8428,325,1.1,1,2014-07-28,0134,Terra,MODIS,75,6.2,304.2,13.2,D,0
-12.7795,134.8487,335.6,1.2,1.1,2014-07-28,0134,Terra,MODIS,87,6.2,301.2,36.6,D,0
-12.393,136.4681,315.9,1.5,1.2,2014-07-28,0134,Terra,MODIS,67,6.2,294.5,16.6,D,0
-14.6807,132.0523,318.7,1,1,2014-07-28,0134,Terra,MODIS,62,6.2,305.2,6.7,D,0
-14.6465,132.3861,328.6,1,1,2014-07-28,0134,Terra,MODIS,78,6.2,305.7,18,D,0
-14.6478,132.3954,358.2,1,1,2014-07-28,0134,Terra,MODIS,99,6.2,307.9,73,D,0
-14.6492,132.4048,333.2,1,1,2014-07-28,0134,Terra,MODIS,83,6.2,306.3,23.2,D,0
-14.6568,132.3941,328.5,1,1,2014-07-28,0134,Terra,MODIS,78,6.2,304.5,17.9,D,0
-14.6582,132.4034,325.9,1,1,2014-07-28,0134,Terra,MODIS,74,6.2,304,14,D,0
-13.4527,134.5494,315,1.2,1.1,2014-07-28,0134,Terra,MODIS,58,6.2,300.8,6,D,0
-11.5666,131.0593,317.7,1,1,2014-07-28,0134,Terra,MODIS,70,6.2,296.5,10.1,D,0
-11.5652,131.0498,328.8,1,1,2014-07-28,0134,Terra,MODIS,83,6.2,296.6,22.6,D,0
-11.3735,131.425,317.9,1,1,2014-07-28,0134,Terra,MODIS,56,6.2,287,10.9,D,0
-11.3854,131.4423,318.4,1,1,2014-07-28,0134,Terra,MODIS,35,6.2,289.2,10.3,D,0
-11.5575,131.0607,334.9,1,1,2014-07-28,0134,Terra,MODIS,87,6.2,298,31.6,D,0
-11.3695,130.9752,317.4,1.1,1,2014-07-28,0134,Terra,MODIS,45,6.2,299.8,8.5,D,0
-11.3787,130.9738,316.4,1.1,1,2014-07-28,0134,Terra,MODIS,64,6.2,299.9,7.9,D,0
-11.3801,130.9834,314.7,1.1,1,2014-07-28,0134,Terra,MODIS,43,6.2,300.1,6.4,D,0
-12.9197,134.6063,318,1.2,1.1,2014-07-28,0134,Terra,MODIS,50,6.2,301,8.7,D,0
-11.3553,132.4147,317,1,1,2014-07-28,0134,Terra,MODIS,63,6.2,300.5,6.6,D,0
-11.3539,132.4056,319.7,1,1,2014-07-28,0134,Terra,MODIS,71,6.2,302,8.6,D,0
-11.795,130.8683,332.9,1.1,1,2014-07-28,0134,Terra,MODIS,85,6.2,301.4,28.1,D,0
-11.7965,130.8779,342.2,1.1,1,2014-07-28,0134,Terra,MODIS,91,6.2,302.6,43.8,D,0
-15.7535,129.5232,317.3,1.1,1,2014-07-28,0135,Terra,MODIS,51,6.2,303.6,5.7,D,0
-15.8893,136.5764,325.6,1.7,1.3,2014-07-28,0135,Terra,MODIS,72,6.2,301.7,33.3,D,0
-16.0597,136.0138,321.5,1.6,1.2,2014-07-28,0135,Terra,MODIS,70,6.2,304.1,18.7,D,0
-15.7962,129.3313,322.1,1.1,1.1,2014-07-28,0135,Terra,MODIS,51,6.2,304.9,10.2,D,0
-15.7884,129.3432,319.9,1.1,1.1,2014-07-28,0135,Terra,MODIS,30,6.2,304.4,7.6,D,0
-20.2333,127.7292,360.9,1.2,1.1,2014-07-28,0136,Terra,MODIS,100,6.2,306.3,101.7,D,0
-20.2352,127.7404,372.3,1.2,1.1,2014-07-28,0136,Terra,MODIS,100,6.2,307.7,146.7,D,0
-18.7687,121.8336,318.4,3.2,1.7,2014-07-28,0136,Terra,MODIS,72,6.2,298.4,57.1,D,0
-18.7661,121.8282,316.9,3.2,1.7,2014-07-28,0136,Terra,MODIS,30,6.2,298.2,46.2,D,0
-17.6949,123.6861,318.3,2.4,1.5,2014-07-28,0136,Terra,MODIS,72,6.2,301.6,33.7,D,0
-18.7412,132.743,323.9,1.1,1,2014-07-28,0136,Terra,MODIS,75,6.2,302.3,14.7,D,0
-22.1851,123.8433,324.3,1.9,1.4,2014-07-28,0137,Terra,MODIS,77,6.2,298.7,41.6,D,0
-22.1816,123.8248,345.1,1.9,1.4,2014-07-28,0137,Terra,MODIS,93,6.2,298.8,120.3,D,0
-22.1696,123.8273,318.9,1.9,1.4,2014-07-28,0137,Terra,MODIS,72,6.2,299,28.8,D,0
-22.1661,123.8089,317.2,1.9,1.4,2014-07-28,0137,Terra,MODIS,32,6.2,297.6,23.3,D,0
-42.4053,147.5907,304.6,1,1,2014-07-28,0415,Aqua,MODIS,59,6.2,284.2,8.2,D,0
-42.607,146.7505,303.5,1,1,2014-07-28,0415,Aqua,MODIS,56,6.2,283.3,7.7,D,0
-37.2228,141.3434,308,1.4,1.2,2014-07-28,0417,Aqua,MODIS,58,6.2,286.6,15.1,D,0
-37.8327,144.7843,301.3,1,1,2014-07-28,0417,Aqua,MODIS,36,6.2,288.9,3.8,D,0
-37.2765,144.2576,302.9,1,1,2014-07-28,0417,Aqua,MODIS,54,6.2,285.6,7.2,D,0
-34.4433,145.8058,306.4,1,1,2014-07-28,0417,Aqua,MODIS,63,6.2,292,6.4,D,0
-34.4548,146.0875,339.4,1,1,2014-07-28,0417,Aqua,MODIS,91,6.2,291.3,41.4,D,0
-34.4564,146.0764,328.5,1,1,2014-07-28,0417,Aqua,MODIS,86,6.2,289.3,25.4,D,0
-32.3753,146.7667,313.3,1.1,1,2014-07-28,0418,Aqua,MODIS,73,6.2,294.1,11.7,D,0
-34.3274,146.2072,338.4,1,1,2014-07-28,0418,Aqua,MODIS,91,6.2,292.6,41.7,D,0
-32.0289,147.565,303.2,1.2,1.1,2014-07-28,0418,Aqua,MODIS,55,6.2,292.3,5.4,D,0
-30.8804,148.1998,305.8,1.3,1.1,2014-07-28,0418,Aqua,MODIS,55,6.2,295.6,4.7,D,0
-34.3376,146.1931,331.7,1,1,2014-07-28,0418,Aqua,MODIS,88,6.2,292.7,31,D,0
-34.3359,146.2042,386.9,1,1,2014-07-28,0418,Aqua,MODIS,100,6.2,298.8,189.4,D,0
-34.3291,146.196,345.5,1,1,2014-07-28,0418,Aqua,MODIS,94,6.2,295.3,54.5,D,0
-32.5814,146.754,322.7,1.1,1,2014-07-28,0418,Aqua,MODIS,82,6.2,295.9,21.9,D,0
-30.7312,151.7841,301,2.3,1.5,2014-07-28,0418,Aqua,MODIS,43,6.2,289.4,13.2,D,0
-31.2815,152.7654,327.1,2.5,1.5,2014-07-28,0418,Aqua,MODIS,85,6.2,293.4,96.6,D,0
-31.2703,152.7824,311.1,2.5,1.5,2014-07-28,0418,Aqua,MODIS,71,6.2,291.5,36.8,D,0
-31.2756,152.7573,318.9,2.5,1.5,2014-07-28,0418,Aqua,MODIS,79,6.2,293.4,61.4,D,0
-30.323,148.0873,314.1,1.4,1.2,2014-07-28,0418,Aqua,MODIS,69,6.2,301,9.5,D,0
-31.0509,147.5182,338.8,1.2,1.1,2014-07-28,0418,Aqua,MODIS,91,6.2,292.9,53.2,D,0
-31.0333,147.5008,304.8,1.2,1.1,2014-07-28,0418,Aqua,MODIS,51,6.2,294.6,4.1,D,0
-31.041,147.5159,346.4,1.2,1.1,2014-07-28,0418,Aqua,MODIS,94,6.2,295.2,70.7,D,0
-31.5333,148.0663,306,1.3,1.1,2014-07-28,0418,Aqua,MODIS,63,6.2,293.3,7.2,D,0
-30.0385,150.1245,306.6,1.8,1.3,2014-07-28,0418,Aqua,MODIS,58,6.2,291.8,16.6,D,0
-30.042,150.1062,303.7,1.8,1.3,2014-07-28,0418,Aqua,MODIS,44,6.2,292.3,12.5,D,0
-31.5297,148.0708,303.9,1.3,1.1,2014-07-28,0418,Aqua,MODIS,26,6.2,293.4,5.1,D,0
-30.0463,150.1123,308.5,1.8,1.3,2014-07-28,0418,Aqua,MODIS,64,6.2,291.7,19.9,D,0
-31.0531,147.5054,382.6,1.2,1.1,2014-07-28,0418,Aqua,MODIS,100,6.2,298.2,219.1,D,0
-31.0454,147.4903,325.8,1.2,1.1,2014-07-28,0418,Aqua,MODIS,83,6.2,295.8,28,D,0
-31.0432,147.5031,421,1.2,1.1,2014-07-28,0418,Aqua,MODIS,100,6.2,305.2,541.8,D,0
-30.556,148.2434,309,1.4,1.2,2014-07-28,0418,Aqua,MODIS,62,6.2,298.5,5.9,D,0
-28.6768,150.323,313.5,2,1.4,2014-07-28,0419,Aqua,MODIS,64,6.2,296.2,23.8,D,0
-27.8795,150.1261,312.3,2,1.4,2014-07-28,0419,Aqua,MODIS,65,6.2,298.8,20,D,0
-29.2114,149.4024,319.3,1.7,1.3,2014-07-28,0419,Aqua,MODIS,76,6.2,298.7,27.5,D,0
-27.8755,150.1465,313.7,2,1.4,2014-07-28,0419,Aqua,MODIS,68,6.2,296.5,23.6,D,0
-28.652,148.6666,309.7,1.6,1.2,2014-07-28,0419,Aqua,MODIS,55,6.2,299.5,7.9,D,0
-28.9415,148.4074,308.4,1.5,1.2,2014-07-28,0419,Aqua,MODIS,35,6.2,298,7.6,D,0
-28.3226,148.3134,309.2,1.5,1.2,2014-07-28,0419,Aqua,MODIS,35,6.2,298.7,7,D,0
-28.4305,152.5928,306.8,2.9,1.6,2014-07-28,0419,Aqua,MODIS,60,6.2,293,29.5,D,0
-27.7751,147.4326,314.2,1.4,1.2,2014-07-28,0419,Aqua,MODIS,62,6.2,302.3,9.9,D,0
-28.4384,149.2637,308.1,1.7,1.3,2014-07-28,0419,Aqua,MODIS,51,6.2,297.6,10.3,D,0
-28.4311,152.5888,306.1,2.9,1.6,2014-07-28,0419,Aqua,MODIS,57,6.2,293.2,26.9,D,0
-28.6533,148.6611,310.5,1.6,1.2,2014-07-28,0419,Aqua,MODIS,58,6.2,299.8,8.9,D,0
-28.3253,148.2982,321.4,1.5,1.2,2014-07-28,0419,Aqua,MODIS,76,6.2,301.8,25.4,D,0
-26.9538,152.107,313.7,2.9,1.6,2014-07-28,0419,Aqua,MODIS,68,6.2,295.1,51.8,D,0
-26.245,150.9361,323.3,2.5,1.5,2014-07-28,0419,Aqua,MODIS,79,6.2,297.4,69.6,D,0
-26.252,150.9304,313.9,2.5,1.5,2014-07-28,0419,Aqua,MODIS,67,6.2,296.8,39.3,D,0
-26.278,150.1967,310,2.2,1.4,2014-07-28,0419,Aqua,MODIS,34,6.2,297.6,18,D,0
-26.6767,149.1507,315.2,1.9,1.3,2014-07-28,0419,Aqua,MODIS,68,6.2,300.6,18.6,D,0
-26.6801,149.1323,323.3,1.8,1.3,2014-07-28,0419,Aqua,MODIS,78,6.2,301.4,37.7,D,0
-26.9484,152.1439,313.8,2.9,1.6,2014-07-28,0419,Aqua,MODIS,69,6.2,293,48.6,D,0
-26.9545,152.1158,318,2.9,1.6,2014-07-28,0419,Aqua,MODIS,74,6.2,294.6,66.1,D,0
-26.948,152.1353,330.4,2.9,1.6,2014-07-28,0419,Aqua,MODIS,85,6.2,293.5,133.8,D,0
-26.2398,150.9609,319.2,2.5,1.5,2014-07-28,0419,Aqua,MODIS,75,6.2,296.6,54.3,D,0
-26.247,150.9554,331.7,2.5,1.5,2014-07-28,0419,Aqua,MODIS,86,6.2,296.8,111.9,D,0
-26.1662,148.5839,333.7,1.7,1.3,2014-07-28,0420,Aqua,MODIS,86,6.2,302.6,60.1,D,0
-26.1579,148.5639,323.7,1.7,1.3,2014-07-28,0420,Aqua,MODIS,74,6.2,302.2,31.4,D,0
-26.147,148.5721,325.2,1.7,1.3,2014-07-28,0420,Aqua,MODIS,79,6.2,303.4,34.2,D,0
-26.1546,148.5813,341.1,1.7,1.3,2014-07-28,0420,Aqua,MODIS,91,6.2,303.7,85.1,D,0
-26.1291,148.6042,332.6,1.7,1.3,2014-07-28,0420,Aqua,MODIS,85,6.2,301.7,55.3,D,0
-26.1323,148.5868,332.3,1.7,1.3,2014-07-28,0420,Aqua,MODIS,85,6.2,303.6,53.9,D,0
-25.4632,152.2924,320.7,3.2,1.7,2014-07-28,0420,Aqua,MODIS,68,6.2,295.6,82.5,D,0
-25.448,152.2885,323.5,3.2,1.7,2014-07-28,0420,Aqua,MODIS,78,6.2,297.3,99.6,D,0
-25.4515,152.2811,324.3,3.2,1.7,2014-07-28,0420,Aqua,MODIS,50,6.2,297.1,96.4,D,0
-25.4411,152.3207,313.8,3.3,1.7,2014-07-28,0420,Aqua,MODIS,44,6.2,296.3,50,D,0
-21.0987,144.4797,327,1.2,1.1,2014-07-28,0421,Aqua,MODIS,72,6.2,307.9,18.6,D,0
-21.1084,144.4815,323.7,1.2,1.1,2014-07-28,0421,Aqua,MODIS,49,6.2,308.4,12.8,D,0
-21.1005,144.4683,320.8,1.2,1.1,2014-07-28,0421,Aqua,MODIS,43,6.2,306.2,10.4,D,0
-21.8817,131.0127,315.4,4.3,1.9,2014-07-28,0421,Aqua,MODIS,47,6.2,301.1,60.5,D,0
-17.2878,139.0927,323,1.1,1,2014-07-28,0422,Aqua,MODIS,67,6.2,304.5,10.6,D,0
-17.2892,139.0827,330.1,1.1,1,2014-07-28,0422,Aqua,MODIS,80,6.2,305.1,19.3,D,0
-16.403,144.2471,334.7,1.3,1.1,2014-07-28,0422,Aqua,MODIS,85,6.2,296.9,44.6,D,0
-14.6881,142.716,346.8,1.2,1.1,2014-07-28,0423,Aqua,MODIS,93,6.2,305,58.4,D,0
-14.9306,143.0158,327.5,1.2,1.1,2014-07-28,0423,Aqua,MODIS,44,6.2,305.1,18,D,0
-14.6865,142.7268,331.7,1.2,1.1,2014-07-28,0423,Aqua,MODIS,83,6.2,303.4,28.9,D,0
-14.9289,143.0268,322.8,1.2,1.1,2014-07-28,0423,Aqua,MODIS,38,6.2,304,12.3,D,0
-14.9369,143.0395,330.8,1.2,1.1,2014-07-28,0423,Aqua,MODIS,82,6.2,304.8,24.1,D,0
-14.9352,143.0507,326.4,1.2,1.1,2014-07-28,0423,Aqua,MODIS,71,6.2,304.9,17.2,D,0
-14.9334,143.0618,321.6,1.2,1.1,2014-07-28,0423,Aqua,MODIS,65,6.2,304.8,11.3,D,0
-14.688,142.7328,334,1.2,1.1,2014-07-28,0423,Aqua,MODIS,74,6.2,303.6,28.7,D,0
-14.701,142.713,326.8,1.2,1.1,2014-07-28,0423,Aqua,MODIS,76,6.2,302.2,18.5,D,0
-14.6913,142.7114,376.2,1.2,1.1,2014-07-28,0423,Aqua,MODIS,100,6.2,307,160.4,D,0
-14.6897,142.7221,337.3,1.2,1.1,2014-07-28,0423,Aqua,MODIS,87,6.2,304.5,34.2,D,0
-14.6848,142.7375,319.9,1.2,1.1,2014-07-28,0423,Aqua,MODIS,67,6.2,302.1,12.6,D,0
-14.6993,142.7237,343.6,1.2,1.1,2014-07-28,0423,Aqua,MODIS,91,6.2,304.6,47,D,0
-14.2025,143.5983,313.7,1.3,1.1,2014-07-28,0423,Aqua,MODIS,50,6.2,298.6,7.5,D,0
-14.6897,142.7053,360.4,1.2,1.1,2014-07-28,0423,Aqua,MODIS,100,6.2,305.3,98.1,D,0
-14.0051,142.1047,317.1,1.1,1.1,2014-07-28,0423,Aqua,MODIS,31,6.2,300.9,9.1,D,0
-15.0283,143.2329,322.3,1.2,1.1,2014-07-28,0423,Aqua,MODIS,40,6.2,304.2,10.1,D,0
-14.693,142.7007,347.2,1.2,1.1,2014-07-28,0423,Aqua,MODIS,93,6.2,302.4,58.9,D,0
-15.0237,143.1974,351.4,1.2,1.1,2014-07-28,0423,Aqua,MODIS,96,6.2,305.6,71.6,D,0
-15.0265,143.2442,323.5,1.2,1.1,2014-07-28,0423,Aqua,MODIS,61,6.2,304.4,11.1,D,0
-14.9317,143.0729,320,1.2,1.1,2014-07-28,0423,Aqua,MODIS,58,6.2,304.1,9.6,D,0
-14.6595,132.3958,320,2.7,1.6,2014-07-28,0423,Aqua,MODIS,57,6.2,304.2,36.3,D,0
-15.022,143.2087,350.3,1.2,1.1,2014-07-28,0423,Aqua,MODIS,95,6.2,307.8,68,D,0
-14.311,143.2384,320,1.3,1.1,2014-07-28,0423,Aqua,MODIS,70,6.2,298.8,14,D,0
-14.7106,142.7146,319.8,1.2,1.1,2014-07-28,0423,Aqua,MODIS,64,6.2,303.8,9.6,D,0
-14.1212,143.6671,314.8,1.3,1.1,2014-07-28,0423,Aqua,MODIS,44,6.2,299.7,7.5,D,0
-14.9926,143.0036,335.8,1.2,1.1,2014-07-28,0423,Aqua,MODIS,86,6.2,305.5,31.1,D,0
-14.3092,143.25,319.8,1.3,1.1,2014-07-28,0423,Aqua,MODIS,57,6.2,300.7,13.4,D,0
-14.993,142.9361,340.7,1.2,1.1,2014-07-28,0423,Aqua,MODIS,78,6.2,303.2,42.2,D,0
-14.9892,143.0257,337.5,1.2,1.1,2014-07-28,0423,Aqua,MODIS,87,6.2,305.8,33.4,D,0
-14.5565,144.1969,311.5,1.4,1.2,2014-07-28,0423,Aqua,MODIS,14,6.2,292,10,D,0
-14.9913,142.9471,343.9,1.2,1.1,2014-07-28,0423,Aqua,MODIS,86,6.2,304.3,48.5,D,0
-14.1638,142.9337,317.9,1.2,1.1,2014-07-28,0423,Aqua,MODIS,64,6.2,298.8,12.1,D,0
-14.1193,143.6794,316.3,1.3,1.1,2014-07-28,0423,Aqua,MODIS,44,6.2,299.6,9,D,0
-14.321,143.24,328.3,1.3,1.1,2014-07-28,0423,Aqua,MODIS,80,6.2,299.4,24.8,D,0
-14.9947,142.9252,331.7,1.2,1.1,2014-07-28,0423,Aqua,MODIS,34,6.2,302,25.6,D,0
-14.8255,141.8413,342.2,1.1,1,2014-07-28,0423,Aqua,MODIS,90,6.2,307.2,37.6,D,0
-14.9909,143.0146,346.1,1.2,1.1,2014-07-28,0423,Aqua,MODIS,93,6.2,305.9,52.8,D,0
-14.9964,142.9143,332.9,1.2,1.1,2014-07-28,0423,Aqua,MODIS,81,6.2,301.7,30.7,D,0
-14.985,142.9235,333.1,1.2,1.1,2014-07-28,0423,Aqua,MODIS,33,6.2,304.1,25.7,D,0
-14.9576,142.9077,352.4,1.2,1.1,2014-07-28,0423,Aqua,MODIS,96,6.2,303.8,73.5,D,0
-14.9993,142.9596,351.4,1.2,1.1,2014-07-28,0423,Aqua,MODIS,96,6.2,303.3,69.8,D,0
-14.8203,141.8346,345.6,1.1,1,2014-07-28,0423,Aqua,MODIS,92,6.2,309.9,44.6,D,0
-14.827,141.8315,341.6,1.1,1,2014-07-28,0423,Aqua,MODIS,90,6.2,308,36.1,D,0
-14.9673,142.9093,372.1,1.2,1.1,2014-07-28,0423,Aqua,MODIS,100,6.2,308.6,144.2,D,0
-14.8218,141.8248,325.6,1.1,1,2014-07-28,0423,Aqua,MODIS,46,6.2,308.3,11.3,D,0
-14.9559,142.9187,341.9,1.2,1.1,2014-07-28,0423,Aqua,MODIS,90,6.2,304.2,44.9,D,0
-14.996,142.9816,336.2,1.2,1.1,2014-07-28,0423,Aqua,MODIS,79,6.2,305.5,32.9,D,0
-14.9656,142.9203,344.7,1.2,1.1,2014-07-28,0423,Aqua,MODIS,92,6.2,307.3,48.7,D,0
-14.9867,142.9126,348.7,1.2,1.1,2014-07-28,0423,Aqua,MODIS,94,6.2,303.6,63.6,D,0
-14.9943,142.9926,347.8,1.2,1.1,2014-07-28,0423,Aqua,MODIS,94,6.2,306.5,59.2,D,0
-14.977,142.9109,395.2,1.2,1.1,2014-07-28,0423,Aqua,MODIS,100,6.2,312.1,276.1,D,0
-14.9753,142.9219,359.9,1.2,1.1,2014-07-28,0423,Aqua,MODIS,99,6.2,308.2,91.9,D,0
-14.0113,142.064,320.3,1.1,1,2014-07-28,0423,Aqua,MODIS,58,6.2,301.8,12.3,D,0
-14.9787,142.9,323.9,1.2,1.1,2014-07-28,0423,Aqua,MODIS,74,6.2,301,18.8,D,0
-14.9507,142.9515,328.1,1.2,1.1,2014-07-28,0423,Aqua,MODIS,74,6.2,304.2,16.8,D,0
-14.9295,142.9592,325.3,1.2,1.1,2014-07-28,0423,Aqua,MODIS,46,6.2,304,15.5,D,0
-14.9542,142.9296,329.3,1.2,1.1,2014-07-28,0423,Aqua,MODIS,65,6.2,304.2,20,D,0
-14.9524,142.9405,342.8,1.2,1.1,2014-07-28,0423,Aqua,MODIS,91,6.2,305.1,45.1,D,0
-14.8418,143.2472,329,1.2,1.1,2014-07-28,0423,Aqua,MODIS,80,6.2,305.7,23.6,D,0
-15.6128,144.7023,322.1,1.5,1.2,2014-07-28,0423,Aqua,MODIS,65,6.2,297.5,24.7,D,0
-15.0227,143.1396,410.3,1.2,1.1,2014-07-28,0423,Aqua,MODIS,100,6.2,317,410.2,D,0
-14.9362,143.1079,341.7,1.2,1.1,2014-07-28,0423,Aqua,MODIS,90,6.2,305.4,46.9,D,0
-15.0002,143.0844,334.8,1.2,1.1,2014-07-28,0423,Aqua,MODIS,85,6.2,306.9,28.5,D,0
-14.5519,134.8335,316,1.8,1.3,2014-07-28,0423,Aqua,MODIS,40,6.2,301.6,9.5,D,0
-15.0003,143.09,334,1.2,1.1,2014-07-28,0423,Aqua,MODIS,61,6.2,307.1,28.3,D,0
-15.007,143.04,323.9,1.2,1.1,2014-07-28,0423,Aqua,MODIS,74,6.2,303.3,12.4,D,0
-15.6213,144.7179,325.3,1.5,1.2,2014-07-28,0423,Aqua,MODIS,75,6.2,298.5,30.5,D,0
-15.0104,143.0179,339.4,1.2,1.1,2014-07-28,0423,Aqua,MODIS,89,6.2,303.1,39.4,D,0
-15.0126,143.0125,333.7,1.2,1.1,2014-07-28,0423,Aqua,MODIS,84,6.2,302.1,31.1,D,0
-15.9221,136.5552,330,1.4,1.2,2014-07-28,0423,Aqua,MODIS,68,6.2,301,30.7,D,0
-15.0074,143.0456,336.3,1.2,1.1,2014-07-28,0423,Aqua,MODIS,82,6.2,304.3,34.9,D,0
-14.7529,144.1895,321.6,1.4,1.2,2014-07-28,0423,Aqua,MODIS,61,6.2,299.7,22.5,D,0
-15.004,143.194,322.7,1.2,1.1,2014-07-28,0423,Aqua,MODIS,64,6.2,306,9.6,D,0
-14.938,143.0968,340.3,1.2,1.1,2014-07-28,0423,Aqua,MODIS,89,6.2,305.7,43.1,D,0
-15.0036,143.0621,325.2,1.2,1.1,2014-07-28,0423,Aqua,MODIS,54,6.2,304.1,12.8,D,0
-15.0087,143.029,320.1,1.2,1.1,2014-07-28,0423,Aqua,MODIS,47,6.2,302.2,7.5,D,0
-15.0056,143.0566,339.5,1.2,1.1,2014-07-28,0423,Aqua,MODIS,83,6.2,304.8,40.9,D,0
-15.0053,143.0511,338.7,1.2,1.1,2014-07-28,0423,Aqua,MODIS,88,6.2,305.3,37.1,D,0
-15.0192,143.162,344.5,1.2,1.1,2014-07-28,0423,Aqua,MODIS,92,6.2,307.2,52.5,D,0
-15.2837,143.3071,323.1,1.2,1.1,2014-07-28,0423,Aqua,MODIS,56,6.2,304.9,12.8,D,0
-15.0021,143.0788,331.8,1.2,1.1,2014-07-28,0423,Aqua,MODIS,65,6.2,305.4,26.1,D,0
-15.9174,136.5467,343.3,1.4,1.2,2014-07-28,0423,Aqua,MODIS,68,6.2,300.5,62.6,D,0
-15.1828,144.308,315.4,1.4,1.2,2014-07-28,0423,Aqua,MODIS,55,6.2,302.5,8.6,D,0
-14.378,141.5823,327.4,1.1,1,2014-07-28,0423,Aqua,MODIS,79,6.2,305.6,13.6,D,0
-15.9158,136.5598,336,1.4,1.2,2014-07-28,0423,Aqua,MODIS,74,6.2,299.2,44.1,D,0
-15.0111,143.1491,323.7,1.2,1.1,2014-07-28,0423,Aqua,MODIS,62,6.2,305.3,12.4,D,0
-15.0157,143.1844,329.3,1.2,1.1,2014-07-28,0423,Aqua,MODIS,70,6.2,305.4,21.1,D,0
-15.0245,143.1284,339.8,1.2,1.1,2014-07-28,0423,Aqua,MODIS,89,6.2,303.7,42.7,D,0
-14.3766,141.5921,325.1,1.1,1,2014-07-28,0423,Aqua,MODIS,77,6.2,305.8,10,D,0
-15.0019,143.0732,321.9,1.2,1.1,2014-07-28,0423,Aqua,MODIS,51,6.2,304.6,8.4,D,0
-15.6235,144.7047,320.5,1.5,1.2,2014-07-28,0423,Aqua,MODIS,48,6.2,297.8,21.6,D,0
-14.2674,141.6485,333.3,1.1,1,2014-07-28,0423,Aqua,MODIS,85,6.2,302.3,22.8,D,0
-14.6952,144.1726,323.5,1.4,1.2,2014-07-28,0423,Aqua,MODIS,47,6.2,300,22.9,D,0
-15.0109,143.0236,334,1.2,1.1,2014-07-28,0423,Aqua,MODIS,84,6.2,302.8,31,D,0
-14.5498,134.8499,318.1,1.8,1.3,2014-07-28,0423,Aqua,MODIS,58,6.2,303.1,13.2,D,0
-15.0209,143.1508,375.3,1.2,1.1,2014-07-28,0423,Aqua,MODIS,100,6.2,310.4,164.6,D,0
-14.8164,144.2677,322.5,1.4,1.2,2014-07-28,0423,Aqua,MODIS,53,6.2,297.9,20.4,D,0
-14.6398,141.6828,320.5,1.1,1,2014-07-28,0423,Aqua,MODIS,39,6.2,305.3,7.1,D,0
-15.0174,143.1732,333.4,1.2,1.1,2014-07-28,0423,Aqua,MODIS,79,6.2,306.8,27.9,D,0
-13.9644,142.182,320.7,1.1,1.1,2014-07-28,0423,Aqua,MODIS,74,6.2,299.3,14.5,D,0
-14.2567,141.6568,326.1,1.1,1,2014-07-28,0423,Aqua,MODIS,63,6.2,304.2,14.2,D,0
-13.9795,131.8696,322.8,2.9,1.6,2014-07-28,0423,Aqua,MODIS,49,6.2,305.3,40.1,D,0
-13.9648,131.8679,327,2.9,1.6,2014-07-28,0423,Aqua,MODIS,77,6.2,304.9,63,D,0
-14.2815,129.5908,315.5,4.4,1.9,2014-07-28,0423,Aqua,MODIS,44,6.2,293.6,66.5,D,0
-14.2802,129.5835,314.6,4.4,1.9,2014-07-28,0423,Aqua,MODIS,27,6.2,294.2,61.1,D,0
-13.5824,130.5628,319.1,3.7,1.8,2014-07-28,0424,Aqua,MODIS,60,6.2,300,53.2,D,0
-12.4153,134.7573,328.1,1.7,1.3,2014-07-28,0424,Aqua,MODIS,81,6.2,294.8,41,D,0
-12.9793,132.4333,316.6,2.6,1.5,2014-07-28,0424,Aqua,MODIS,52,6.2,299.1,20.7,D,0
-11.3635,132.3844,310.9,2.5,1.5,2014-07-28,0424,Aqua,MODIS,37,6.2,289,28.3,D,0
-12.4324,134.8061,324.8,1.7,1.3,2014-07-28,0424,Aqua,MODIS,42,6.2,292.7,29.3,D,0
-12.4021,136.4616,317.7,1.3,1.1,2014-07-28,0424,Aqua,MODIS,69,6.2,301.6,11.2,D,0
-12.5064,141.8527,321.5,1.1,1.1,2014-07-28,0424,Aqua,MODIS,62,6.2,297.9,13.2,D,0
-11.5567,131.1426,323.3,3.1,1.7,2014-07-28,0424,Aqua,MODIS,52,6.2,297.5,68.3,D,0
-11.5127,131.1297,346.9,3.1,1.7,2014-07-28,0424,Aqua,MODIS,94,6.2,298.8,248.8,D,0
-11.3608,132.4066,312.4,2.4,1.5,2014-07-28,0424,Aqua,MODIS,46,6.2,286.1,31.8,D,0
-11.774,131.0935,313.9,3.1,1.7,2014-07-28,0424,Aqua,MODIS,53,6.2,296,36.2,D,0
-11.7758,131.0861,314.8,3.1,1.7,2014-07-28,0424,Aqua,MODIS,62,6.2,296,41.4,D,0
-11.6568,131.1879,320.6,3.1,1.7,2014-07-28,0424,Aqua,MODIS,52,6.2,295.8,57.2,D,0
-11.6551,131.2115,340.5,3.1,1.7,2014-07-28,0424,Aqua,MODIS,90,6.2,297.5,187.6,D,0
-11.6401,131.2097,323.6,3.1,1.7,2014-07-28,0424,Aqua,MODIS,77,6.2,296.4,76.4,D,0
-11.6536,131.2158,335.5,3.1,1.7,2014-07-28,0424,Aqua,MODIS,87,6.2,297.4,149,D,0
-11.6386,131.214,319.6,3.1,1.7,2014-07-28,0424,Aqua,MODIS,48,6.2,296.3,53.4,D,0
-11.8789,130.9628,321.2,3.2,1.7,2014-07-28,0424,Aqua,MODIS,43,6.2,300.3,64.4,D,0
-11.8636,130.961,338.3,3.2,1.7,2014-07-28,0424,Aqua,MODIS,89,6.2,298.8,184.1,D,0
-11.8672,130.957,344.4,3.2,1.7,2014-07-28,0424,Aqua,MODIS,87,6.2,299.6,238.7,D,0
-11.8417,131.0179,331.1,3.2,1.7,2014-07-28,0424,Aqua,MODIS,84,6.2,297.2,126.2,D,0
-11.8233,131.0451,333.4,3.2,1.7,2014-07-28,0424,Aqua,MODIS,81,6.2,296.3,144.5,D,0
-11.8265,131.0161,355.7,3.2,1.7,2014-07-28,0424,Aqua,MODIS,98,6.2,297.8,374.3,D,0
-11.8449,131.0138,326.1,3.2,1.7,2014-07-28,0424,Aqua,MODIS,79,6.2,297.2,95.5,D,0
-11.8262,131.0411,339.9,3.2,1.7,2014-07-28,0424,Aqua,MODIS,85,6.2,296.6,193.9,D,0
-11.5512,131.0551,327.6,3.1,1.7,2014-07-28,0424,Aqua,MODIS,77,6.2,298,97.9,D,0
-11.553,131.0481,330.9,3.1,1.7,2014-07-28,0424,Aqua,MODIS,83,6.2,298.2,122.7,D,0
-11.845,130.9886,325.3,3.2,1.7,2014-07-28,0424,Aqua,MODIS,58,6.2,296.4,86.4,D,0
-11.8484,130.9847,319.1,3.2,1.7,2014-07-28,0424,Aqua,MODIS,56,6.2,296.5,56.5,D,0
-11.8296,131.0121,353.2,3.2,1.7,2014-07-28,0424,Aqua,MODIS,97,6.2,298.2,339.5,D,0
-11.5535,131.1706,335.4,3.1,1.7,2014-07-28,0424,Aqua,MODIS,87,6.2,298.8,150,D,0
-11.5544,131.1636,341.9,3.1,1.7,2014-07-28,0424,Aqua,MODIS,91,6.2,299.1,202.3,D,0
-11.3825,130.9577,331.6,3.2,1.7,2014-07-28,0424,Aqua,MODIS,79,6.2,298.7,132,D,0
-11.3673,130.9558,316.3,3.2,1.7,2014-07-28,0424,Aqua,MODIS,44,6.2,297.6,44.4,D,0
-11.5394,131.1616,318.8,3.1,1.7,2014-07-28,0424,Aqua,MODIS,43,6.2,297.8,48.3,D,0
-11.5245,131.1597,319.1,3.1,1.7,2014-07-28,0424,Aqua,MODIS,71,6.2,297.9,52.1,D,0
-11.5095,131.1578,348.8,3.1,1.7,2014-07-28,0424,Aqua,MODIS,95,6.2,299.8,269,D,0
-11.4945,131.156,349.9,3.1,1.7,2014-07-28,0424,Aqua,MODIS,95,6.2,300.3,282.1,D,0
-11.3955,130.9668,321,3.2,1.7,2014-07-28,0424,Aqua,MODIS,73,6.2,297.8,66.9,D,0
-11.3804,130.9648,327.5,3.2,1.7,2014-07-28,0424,Aqua,MODIS,72,6.2,299.1,99,D,0
-12.9167,134.5807,322.5,1.8,1.3,2014-07-28,0424,Aqua,MODIS,51,6.2,300,25.3,D,0
-11.4977,131.128,376.2,3.1,1.7,2014-07-28,0424,Aqua,MODIS,100,6.2,301.9,679.7,D,0
-11.4961,131.1519,354.3,3.1,1.7,2014-07-28,0424,Aqua,MODIS,97,6.2,301.3,334.4,D,0
-11.4996,131.1239,354.8,3.1,1.7,2014-07-28,0424,Aqua,MODIS,97,6.2,300.6,343.7,D,0
-11.4811,131.1502,320.7,3.1,1.7,2014-07-28,0424,Aqua,MODIS,73,6.2,298.8,63.7,D,0
-11.4846,131.122,329.6,3.1,1.7,2014-07-28,0424,Aqua,MODIS,82,6.2,298.5,115.4,D,0
-12.5758,131.4691,319.9,3,1.7,2014-07-28,0424,Aqua,MODIS,72,6.2,293.8,51.8,D,0
-12.6181,135.3237,335.4,1.5,1.2,2014-07-28,0424,Aqua,MODIS,87,6.2,294.1,54.8,D,0
-12.484,134.766,344,1.7,1.3,2014-07-28,0424,Aqua,MODIS,92,6.2,300.7,84.7,D,0
-12.5589,135.424,334.4,1.5,1.2,2014-07-28,0424,Aqua,MODIS,86,6.2,296.6,50.7,D,0
-12.7829,135.2809,314.9,1.6,1.2,2014-07-28,0424,Aqua,MODIS,47,6.2,296.3,14.2,D,0
-12.6199,135.3096,321.4,1.5,1.2,2014-07-28,0424,Aqua,MODIS,54,6.2,290.1,23.6,D,0
-13.182,135.3789,367.3,1.6,1.2,2014-07-28,0424,Aqua,MODIS,100,6.2,301.9,188.1,D,0
-13.1913,135.3943,332.6,1.5,1.2,2014-07-28,0424,Aqua,MODIS,84,6.2,301,45.3,D,0
-12.4725,134.7648,343.8,1.7,1.3,2014-07-28,0424,Aqua,MODIS,92,6.2,300.1,83.1,D,0
-13.3552,134.4345,318.3,1.8,1.3,2014-07-28,0424,Aqua,MODIS,38,6.2,298.3,17.8,D,0
-12.4812,134.771,352.8,1.7,1.3,2014-07-28,0424,Aqua,MODIS,96,6.2,300.6,123.7,D,0
-13.1802,135.3929,352.6,1.5,1.2,2014-07-28,0424,Aqua,MODIS,96,6.2,300.7,112.3,D,0
-13.2808,134.6846,317.6,1.7,1.3,2014-07-28,0424,Aqua,MODIS,59,6.2,292.4,21,D,0
-12.4831,134.7554,342.4,1.7,1.3,2014-07-28,0424,Aqua,MODIS,91,6.2,301.2,80.5,D,0
-13.1894,135.4087,318.2,1.5,1.2,2014-07-28,0424,Aqua,MODIS,54,6.2,299.4,13.5,D,0
-13.193,135.3803,320.7,1.6,1.2,2014-07-28,0424,Aqua,MODIS,72,6.2,299.6,18.7,D,0
-30.8737,121.4946,310.8,1.1,1,2014-07-28,0557,Aqua,MODIS,67,6.2,296.9,7.4,D,2
-27.878,114.8099,328.1,1.3,1.1,2014-07-28,0558,Aqua,MODIS,83,6.2,294.8,36,D,0
-23.0367,119.7992,325.4,1.1,1.1,2014-07-28,0559,Aqua,MODIS,75,6.2,306.4,17.3,D,0
-23.0628,119.7881,348.9,1.1,1.1,2014-07-28,0559,Aqua,MODIS,94,6.2,308.4,59.5,D,0
-23.061,119.799,359.6,1.1,1.1,2014-07-28,0559,Aqua,MODIS,99,6.2,308,89.6,D,0
-23.042,119.7955,325.2,1.1,1.1,2014-07-28,0559,Aqua,MODIS,74,6.2,306.5,15.4,D,0
-22.1555,123.7882,322.2,2.1,1.4,2014-07-28,0600,Aqua,MODIS,33,6.2,300.7,27.1,D,0
-22.1982,123.8388,354.1,2.1,1.4,2014-07-28,0600,Aqua,MODIS,97,6.2,303.9,184.9,D,0
-22.1893,123.8163,326.8,2.1,1.4,2014-07-28,0600,Aqua,MODIS,42,6.2,304.4,42.3,D,0
-21.8693,118.8848,338.4,1.1,1,2014-07-28,0600,Aqua,MODIS,87,6.2,306.7,34.5,D,0
-22.2019,123.8189,374.9,2.1,1.4,2014-07-28,0600,Aqua,MODIS,75,6.2,304.6,363.3,D,0
-22.1546,123.7806,336.7,2.1,1.4,2014-07-28,0600,Aqua,MODIS,65,6.2,301.9,80.6,D,0
-22.1671,123.7833,335.1,2.1,1.4,2014-07-28,0600,Aqua,MODIS,0,6.2,301.5,72.3,D,0
-22.176,123.806,323.3,2.1,1.4,2014-07-28,0600,Aqua,MODIS,63,6.2,303.6,33,D,0
-21.8677,118.8951,328.3,1.1,1,2014-07-28,0600,Aqua,MODIS,78,6.2,306.7,18.5,D,0
-21.8847,118.9088,318,1.1,1,2014-07-28,0600,Aqua,MODIS,58,6.2,305.9,7.2,D,0
-21.8832,118.9192,316.3,1.1,1,2014-07-28,0600,Aqua,MODIS,49,6.2,305.1,5.6,D,0
-20.2442,127.7223,319.5,4.4,1.9,2014-07-28,0600,Aqua,MODIS,61,6.2,303.5,68.6,D,0
-20.2423,127.7142,315.5,4.4,1.9,2014-07-28,0600,Aqua,MODIS,21,6.2,303.4,39.9,D,0
-21.6437,120.5703,319.1,1.3,1.1,2014-07-28,0600,Aqua,MODIS,29,6.2,305.1,11.7,D,0
-21.6457,120.5578,318.1,1.3,1.1,2014-07-28,0600,Aqua,MODIS,32,6.2,303,10.5,D,0
-21.6335,120.5685,318.5,1.3,1.1,2014-07-28,0600,Aqua,MODIS,49,6.2,303.9,11.1,D,0
-21.6356,120.556,324.7,1.3,1.1,2014-07-28,0600,Aqua,MODIS,74,6.2,303.5,20.4,D,0
-19.2515,121.5388,327.5,1.6,1.3,2014-07-28,0600,Aqua,MODIS,75,6.2,307.4,30.1,D,0
-19.2526,121.5323,327.4,1.6,1.3,2014-07-28,0600,Aqua,MODIS,60,6.2,306.3,28.6,D,0
-18.7773,121.8094,360.7,1.7,1.3,2014-07-28,0601,Aqua,MODIS,94,6.2,304.4,178.4,D,0
-17.1788,122.2896,319.8,2,1.4,2014-07-28,0601,Aqua,MODIS,0,6.2,303.3,30.2,D,0
-16.506,123.6865,331.1,2.7,1.6,2014-07-28,0601,Aqua,MODIS,84,6.2,302.8,95.4,D,0
-16.5015,123.711,345.7,2.7,1.6,2014-07-28,0601,Aqua,MODIS,88,6.2,300.8,191.4,D,0
-26.9407,152.1174,303.6,2.5,1.5,2014-07-28,1206,Terra,MODIS,56,6.2,279.3,34.8,N,0
-26.9459,152.1244,302.7,2.5,1.5,2014-07-28,1206,Terra,MODIS,51,6.2,280.5,33.5,N,0
-21.86,131.058,303,1.2,1.1,2014-07-28,1346,Terra,MODIS,52,6.2,284.3,11,N,0
-21.8607,131.0523,310.6,1.2,1.1,2014-07-28,1346,Terra,MODIS,81,6.2,284.8,17,N,0
-20.3566,127.2746,305,2.1,1.4,2014-07-28,1347,Terra,MODIS,40,6.2,284,22.4,N,0
-20.3438,127.2731,302.6,2.1,1.4,2014-07-28,1347,Terra,MODIS,20,6.2,283,18,N,0
-20.2181,127.7086,302.8,2,1.4,2014-07-28,1347,Terra,MODIS,52,6.2,288.7,16.4,N,0
-14.7539,132.6369,308.1,1,1,2014-07-28,1348,Terra,MODIS,74,6.2,292.7,7.9,N,0
-14.9666,142.8159,316.5,4.1,1.9,2014-07-28,1348,Terra,MODIS,91,6.2,290.1,112.8,N,0
-14.9701,142.8238,318,4.1,1.9,2014-07-28,1348,Terra,MODIS,95,6.2,290.2,120.3,N,0
-14.7526,132.6461,313.4,1,1,2014-07-28,1348,Terra,MODIS,87,6.2,292.5,11.8,N,0
-14.3774,133.0801,305.4,1,1,2014-07-28,1348,Terra,MODIS,64,6.2,294.4,5.6,N,0
-11.302,131.8243,307.4,1,1,2014-07-28,1349,Terra,MODIS,71,6.2,290.9,6.5,N,0
-11.3033,131.8152,317.9,1,1,2014-07-28,1349,Terra,MODIS,96,6.2,291.5,13.8,N,0
-12.6166,131.1689,308.7,1,1,2014-07-28,1349,Terra,MODIS,75,6.2,292.3,8.2,N,0
-12.3989,134.7512,302.3,1.2,1.1,2014-07-28,1349,Terra,MODIS,19,6.2,291.8,4.8,N,0
-12.4005,134.7404,301.9,1.2,1.1,2014-07-28,1349,Terra,MODIS,22,6.2,291.7,4.6,N,0
-12.6192,131.1502,323.7,1,1,2014-07-28,1349,Terra,MODIS,100,6.2,293.6,21.1,N,0
-12.6179,131.1596,303.3,1,1,2014-07-28,1349,Terra,MODIS,54,6.2,292.2,4.4,N,0
-12.7469,131.6178,311,1,1,2014-07-28,1349,Terra,MODIS,82,6.2,290.8,10.6,N,0
-12.7482,131.6086,310.7,1,1,2014-07-28,1349,Terra,MODIS,81,6.2,290.5,10.3,N,0
-12.7392,131.6072,301,1,1,2014-07-28,1349,Terra,MODIS,23,6.2,288.2,4.5,N,0
-12.6318,131.4563,307.2,1,1,2014-07-28,1349,Terra,MODIS,71,6.2,291.4,8.1,N,0
-12.7559,131.6192,316.7,1,1,2014-07-28,1349,Terra,MODIS,94,6.2,291.4,15.8,N,0
-12.7572,131.6099,303.4,1,1,2014-07-28,1349,Terra,MODIS,42,6.2,288.7,6.1,N,0
-12.909,131.1153,305.8,1,1,2014-07-28,1349,Terra,MODIS,66,6.2,292.6,6.1,N,0
-12.8653,131.1026,303.7,1,1,2014-07-28,1349,Terra,MODIS,56,6.2,292.6,5.3,N,0
-12.7127,130.4689,302.7,1.1,1,2014-07-28,1349,Terra,MODIS,51,6.2,290.2,5.3,N,0
-11.4012,131.4481,300.8,1,1,2014-07-28,1349,Terra,MODIS,28,6.2,289,4.3,N,0
-11.3858,130.9693,301.7,1,1,2014-07-28,1349,Terra,MODIS,20,6.2,291.3,3.7,N,0
-14.9646,142.8229,301.2,4.2,1.9,2014-07-28,1514,Aqua,MODIS,38,6.2,288.5,38.2,N,0
-14.9769,142.8251,302,4.2,1.9,2014-07-28,1514,Aqua,MODIS,46,6.2,289.2,41.4,N,0
-26.9313,152.1334,304.2,1.1,1,2014-07-28,1517,Aqua,MODIS,59,6.2,279.9,10.5,N,0
-26.9406,152.132,309.9,1.1,1,2014-07-28,1517,Aqua,MODIS,79,6.2,280.2,14.8,N,0
-29.0654,150.1161,300.3,1,1,2014-07-28,1518,Aqua,MODIS,25,6.2,276.1,8.7,N,0
-32.4765,116.0667,306,1.3,1.1,2014-07-28,1522,Terra,MODIS,66,6.2,280.4,15.6,N,0
-15.7973,129.3361,304,1,1,2014-07-28,1653,Aqua,MODIS,58,6.2,292.1,5.8,N,0
-20.3581,127.2874,305.7,1,1,2014-07-28,1654,Aqua,MODIS,65,6.2,288,8.2,N,0
-18.7069,121.7627,305.5,1.9,1.3,2014-07-28,1654,Aqua,MODIS,47,6.2,291,20,N,0
-12.4766,141.7933,309.9,1.5,1.2,2014-07-29,0038,Terra,MODIS,62,6.2,295.2,7.6,D,0
-14.3011,143.2195,321.5,1.2,1.1,2014-07-29,0039,Terra,MODIS,76,6.2,295.9,16.1,D,0
-14.986,142.806,324.3,1.2,1.1,2014-07-29,0039,Terra,MODIS,77,6.2,298.3,20.2,D,0
-14.9852,142.8624,328.9,1.2,1.1,2014-07-29,0039,Terra,MODIS,78,6.2,299.6,24.8,D,0
-14.9931,142.8499,326.3,1.2,1.1,2014-07-29,0039,Terra,MODIS,79,6.2,299.1,22,D,0
-15.0001,142.8934,332.3,1.2,1.1,2014-07-29,0039,Terra,MODIS,84,6.2,300.2,31.3,D,0
-14.9949,142.8608,324.8,1.2,1.1,2014-07-29,0039,Terra,MODIS,65,6.2,300.1,19.3,D,0
-14.9151,143.0198,342.6,1.2,1.1,2014-07-29,0039,Terra,MODIS,91,6.2,300.9,48.3,D,0
-14.9218,143.0627,327,1.2,1.1,2014-07-29,0039,Terra,MODIS,57,6.2,300.7,20,D,0
-14.924,143.0557,317.1,1.2,1.1,2014-07-29,0039,Terra,MODIS,40,6.2,300.6,8.3,D,0
-14.9258,143.0664,320.1,1.2,1.1,2014-07-29,0039,Terra,MODIS,70,6.2,301.2,12.2,D,0
-13.2739,141.9635,314.1,1.4,1.2,2014-07-29,0039,Terra,MODIS,24,6.2,296.6,10.3,D,0
-13.2699,141.9709,325.3,1.4,1.2,2014-07-29,0039,Terra,MODIS,80,6.2,297.4,27,D,0
-14.0778,142.7686,317.1,1.2,1.1,2014-07-29,0039,Terra,MODIS,67,6.2,298.6,11.6,D,0
-15.0027,142.9706,327.8,1.2,1.1,2014-07-29,0039,Terra,MODIS,39,6.2,301.5,20.6,D,0
-15.0353,143.2003,330.8,1.1,1.1,2014-07-29,0039,Terra,MODIS,54,6.2,300.7,22.3,D,0
-14.2994,143.2088,316,1.2,1.1,2014-07-29,0039,Terra,MODIS,64,6.2,295.3,10.4,D,0
-14.9763,142.8077,325,1.2,1.1,2014-07-29,0039,Terra,MODIS,78,6.2,299.1,20.4,D,0
-15.0005,142.9771,324.3,1.2,1.1,2014-07-29,0039,Terra,MODIS,77,6.2,302.1,15.4,D,0
-15.0216,143.0882,353,1.2,1.1,2014-07-29,0039,Terra,MODIS,96,6.2,300.1,75.5,D,0
-15.0019,142.9042,324.3,1.2,1.1,2014-07-29,0039,Terra,MODIS,77,6.2,299.9,18.8,D,0
-15.0044,142.9813,328.2,1.2,1.1,2014-07-29,0039,Terra,MODIS,24,6.2,301.3,20.5,D,0
-14.9732,142.803,330.6,1.2,1.1,2014-07-29,0039,Terra,MODIS,54,6.2,298.8,26.3,D,0
-14.9523,143.1708,317.5,1.1,1.1,2014-07-29,0039,Terra,MODIS,64,6.2,301.6,8.6,D,0
-14.9168,143.0305,328.9,1.2,1.1,2014-07-29,0039,Terra,MODIS,48,6.2,300.3,22.5,D,0
-14.9835,142.8688,332,1.2,1.1,2014-07-29,0039,Terra,MODIS,64,6.2,300.1,26.4,D,0
-15.0123,142.969,322.1,1.2,1.1,2014-07-29,0039,Terra,MODIS,71,6.2,299.3,14.2,D,0
-14.7103,142.6884,315.2,1.2,1.1,2014-07-29,0039,Terra,MODIS,63,6.2,299.4,7.6,D,0
-15.0106,142.9582,315.7,1.2,1.1,2014-07-29,0039,Terra,MODIS,46,6.2,298.9,7.5,D,0
-15.0054,142.9258,331.8,1.2,1.1,2014-07-29,0039,Terra,MODIS,84,6.2,299.6,29.5,D,0
-14.9957,142.9275,318.5,1.2,1.1,2014-07-29,0039,Terra,MODIS,41,6.2,301.5,10.9,D,0
-14.9171,143.0129,321,1.2,1.1,2014-07-29,0039,Terra,MODIS,58,6.2,300.4,13.1,D,0
-14.9154,143.0022,318,1.2,1.1,2014-07-29,0039,Terra,MODIS,40,6.2,300.5,9.9,D,0
-14.9206,143.0344,322.6,1.2,1.1,2014-07-29,0039,Terra,MODIS,67,6.2,300.5,14.9,D,0
-14.9189,143.0237,334.2,1.2,1.1,2014-07-29,0039,Terra,MODIS,86,6.2,300.7,33.1,D,0
-14.9652,142.8156,324.6,1.2,1.1,2014-07-29,0039,Terra,MODIS,77,6.2,298.7,19.5,D,0
-14.9499,142.9078,318.2,1.2,1.1,2014-07-29,0039,Terra,MODIS,65,6.2,300.1,10.8,D,0
-14.9374,142.9543,315.1,1.2,1.1,2014-07-29,0039,Terra,MODIS,50,6.2,300.2,5.9,D,0
-14.9216,142.9791,317.4,1.2,1.1,2014-07-29,0039,Terra,MODIS,29,6.2,299.5,8.8,D,0
-15.0352,143.1727,320.1,1.1,1.1,2014-07-29,0039,Terra,MODIS,32,6.2,300.2,11.8,D,0
-15.0227,143.0333,333.4,1.2,1.1,2014-07-29,0039,Terra,MODIS,83,6.2,300.9,28.4,D,0
-14.8477,144.3784,325.1,1,1,2014-07-29,0039,Terra,MODIS,77,6.2,299.1,15.7,D,0
-15.0182,143.0669,325.2,1.2,1.1,2014-07-29,0039,Terra,MODIS,78,6.2,300.3,18.7,D,0
-13.5588,141.7149,312.7,1.5,1.2,2014-07-29,0039,Terra,MODIS,53,6.2,297.9,9.9,D,0
-14.7918,144.3187,326.5,1,1,2014-07-29,0039,Terra,MODIS,72,6.2,299.7,17.2,D,0
-15.0188,143.0947,348.3,1.2,1.1,2014-07-29,0039,Terra,MODIS,94,6.2,300.5,59.9,D,0
-15.3154,143.2853,314.3,1.1,1.1,2014-07-29,0039,Terra,MODIS,48,6.2,300,6.3,D,0
-15.0199,143.0776,366.3,1.2,1.1,2014-07-29,0039,Terra,MODIS,100,6.2,301.7,119.6,D,0
-14.7903,144.3091,322.7,1,1,2014-07-29,0039,Terra,MODIS,67,6.2,300.4,13.1,D,0
-14.9325,144.3295,323.7,1,1,2014-07-29,0039,Terra,MODIS,78,6.2,301.9,13.8,D,0
-15.0261,143.0547,328.4,1.2,1.1,2014-07-29,0039,Terra,MODIS,81,6.2,298.5,22.7,D,0
-15.3075,143.2972,315.3,1.1,1.1,2014-07-29,0039,Terra,MODIS,44,6.2,301.4,6.9,D,0
-14.8562,144.3807,317.1,1,1,2014-07-29,0039,Terra,MODIS,60,6.2,300.7,7.8,D,0
-15.6493,144.7468,309.2,1,1,2014-07-29,0039,Terra,MODIS,39,6.2,296.9,5,D,0
-15.6176,144.7195,318.8,1,1,2014-07-29,0039,Terra,MODIS,72,6.2,298.7,11.2,D,0
-15.0369,143.1832,323,1.1,1.1,2014-07-29,0039,Terra,MODIS,56,6.2,300.5,15.3,D,0
-15.0244,143.044,339.1,1.2,1.1,2014-07-29,0039,Terra,MODIS,89,6.2,299.9,40.3,D,0
-15.0369,143.2108,337.5,1.1,1.1,2014-07-29,0039,Terra,MODIS,88,6.2,301.7,35.2,D,0
-15.0093,143.0963,324.2,1.2,1.1,2014-07-29,0039,Terra,MODIS,70,6.2,301.7,14,D,0
-15.619,144.7288,323.7,1,1,2014-07-29,0039,Terra,MODIS,78,6.2,298.8,16.4,D,0
-15.0402,143.2042,336.1,1.1,1.1,2014-07-29,0039,Terra,MODIS,87,6.2,301,35.9,D,0
-15.0419,143.2147,322.5,1.1,1.1,2014-07-29,0039,Terra,MODIS,75,6.2,300.3,16,D,0
-15.038,143.1289,349.2,1.1,1.1,2014-07-29,0039,Terra,MODIS,95,6.2,301.8,64.4,D,0
-15.0155,143.0735,353.3,1.2,1.1,2014-07-29,0039,Terra,MODIS,97,6.2,302,73.4,D,0
-15.0109,143.1069,336,1.1,1.1,2014-07-29,0039,Terra,MODIS,87,6.2,301.9,32.7,D,0
-15.0386,143.2213,319.9,1.1,1.1,2014-07-29,0039,Terra,MODIS,45,6.2,299.9,10.3,D,0
-15.0397,143.1395,326.8,1.1,1.1,2014-07-29,0039,Terra,MODIS,72,6.2,300.6,20.3,D,0
-14.9301,143.116,319.8,1.2,1.1,2014-07-29,0039,Terra,MODIS,61,6.2,300.4,11.7,D,0
-14.9317,143.1266,320.6,1.1,1.1,2014-07-29,0039,Terra,MODIS,63,6.2,300.7,12.6,D,0
-14.9339,144.339,316.6,1,1,2014-07-29,0039,Terra,MODIS,38,6.2,301.3,6.7,D,0
-14.9343,143.1196,317.2,1.1,1.1,2014-07-29,0039,Terra,MODIS,66,6.2,300.9,8.6,D,0
-15.0172,143.0841,391,1.2,1.1,2014-07-29,0039,Terra,MODIS,100,6.2,304.8,238.4,D,0
-14.8371,144.3703,318.1,1,1,2014-07-29,0039,Terra,MODIS,46,6.2,297,8.9,D,0
-14.9407,144.3314,318,1,1,2014-07-29,0039,Terra,MODIS,70,6.2,299.8,9.7,D,0
-14.3244,142.7086,311.5,1.2,1.1,2014-07-29,0039,Terra,MODIS,55,6.2,298.2,6.1,D,0
-15.0047,143.1297,317,1.1,1.1,2014-07-29,0039,Terra,MODIS,30,6.2,301.7,6.4,D,0
-15.0363,143.1183,340,1.1,1.1,2014-07-29,0039,Terra,MODIS,90,6.2,301.1,44.1,D,0
-24.1656,151.7912,305.5,2.8,1.6,2014-07-29,0041,Terra,MODIS,37,6.2,293.4,22.1,D,0
-24.1677,151.7854,307.2,2.8,1.6,2014-07-29,0041,Terra,MODIS,52,6.2,293.7,26,D,0
-23.7413,147.8181,316.2,1.4,1.2,2014-07-29,0041,Terra,MODIS,55,6.2,302,12.8,D,0
-23.7521,147.8167,321.8,1.4,1.2,2014-07-29,0041,Terra,MODIS,76,6.2,301.8,21.6,D,0
-23.7396,147.804,313.7,1.4,1.2,2014-07-29,0041,Terra,MODIS,34,6.2,300.9,9.4,D,0
-26.1408,148.5735,319.5,1.7,1.3,2014-07-29,0042,Terra,MODIS,75,6.2,301.1,26,D,0
-26.1428,148.5912,328.9,1.8,1.3,2014-07-29,0042,Terra,MODIS,84,6.2,302.2,49.9,D,0
-26.1495,148.5836,371,1.8,1.3,2014-07-29,0042,Terra,MODIS,100,6.2,303.4,260.7,D,0
-26.1513,148.6014,327.3,1.8,1.3,2014-07-29,0042,Terra,MODIS,83,6.2,299.7,46.4,D,0
-25.1824,152.0777,307.9,3,1.7,2014-07-29,0042,Terra,MODIS,49,6.2,294.2,26.2,D,0
-25.1849,152.1079,304.1,3,1.7,2014-07-29,0042,Terra,MODIS,20,6.2,294,16.4,D,0
-25.1837,152.0845,312,3,1.7,2014-07-29,0042,Terra,MODIS,67,6.2,294.4,43.8,D,0
-27.9071,148.7923,311.4,1.9,1.3,2014-07-29,0042,Terra,MODIS,67,6.2,298.3,18.2,D,0
-27.8808,150.1421,307.6,2.4,1.5,2014-07-29,0042,Terra,MODIS,60,6.2,297.2,17.5,D,0
-27.5868,151.0575,307.5,2.7,1.6,2014-07-29,0042,Terra,MODIS,57,6.2,290.7,30.8,D,0
-30.0298,150.1163,309,2.5,1.5,2014-07-29,0043,Terra,MODIS,68,6.2,291.6,35.7,D,0
-30.2263,148.58,307.7,2,1.4,2014-07-29,0043,Terra,MODIS,47,6.2,297.4,11.6,D,0
-29.2077,149.4234,316.9,2.2,1.4,2014-07-29,0043,Terra,MODIS,75,6.2,296.8,37.5,D,0
-29.2056,149.4008,316.7,2.2,1.4,2014-07-29,0043,Terra,MODIS,75,6.2,296.1,36,D,0
-29.21,149.4289,308.9,2.2,1.4,2014-07-29,0043,Terra,MODIS,64,6.2,296.3,17.9,D,0
-29.2079,149.4063,323.3,2.2,1.4,2014-07-29,0043,Terra,MODIS,81,6.2,296.6,56.1,D,0
-28.6761,149.9509,317.8,2.3,1.5,2014-07-29,0043,Terra,MODIS,76,6.2,298.7,41.6,D,0
-30.2612,149.8169,302.7,2.4,1.5,2014-07-29,0043,Terra,MODIS,53,6.2,292.2,14.2,D,0
-30.2518,149.7993,304.5,2.4,1.5,2014-07-29,0043,Terra,MODIS,51,6.2,291.9,16.4,D,0
-33.8154,142.0151,302.5,1,1,2014-07-29,0044,Terra,MODIS,52,6.2,290.9,4,D,0
-32.5781,146.7599,301.5,1.6,1.3,2014-07-29,0044,Terra,MODIS,48,6.2,287.7,10.4,D,0
-36.1538,143.6451,304.3,1.2,1.1,2014-07-29,0045,Terra,MODIS,59,6.2,283.8,10.4,D,0
-13.9694,131.8527,315.7,4.7,2,2014-07-29,0217,Terra,MODIS,64,6.2,298.6,50.5,D,0
-13.9683,131.8475,316.3,4.7,2,2014-07-29,0217,Terra,MODIS,66,6.2,298.5,56.5,D,0
-12.8129,131.6286,335.4,4.4,1.9,2014-07-29,0217,Terra,MODIS,87,6.2,300.3,223.6,D,0
-12.7723,131.5996,340.5,4.3,1.9,2014-07-29,0217,Terra,MODIS,90,6.2,300.1,295.7,D,0
-12.8086,131.5886,339.1,4.3,1.9,2014-07-29,0217,Terra,MODIS,89,6.2,300.6,265.8,D,0
-12.774,131.5923,348.2,4.3,1.9,2014-07-29,0217,Terra,MODIS,94,6.2,300.2,409.7,D,0
-12.7526,131.5544,326.6,4.3,1.9,2014-07-29,0217,Terra,MODIS,54,6.2,297,125.2,D,0
-12.632,131.4612,327.7,4.2,1.9,2014-07-29,0217,Terra,MODIS,81,6.2,298.4,154.1,D,0
-12.6349,131.4559,327.3,4.2,1.9,2014-07-29,0217,Terra,MODIS,80,6.2,298.5,150.1,D,0
-12.7678,131.5597,323.5,4.3,1.9,2014-07-29,0217,Terra,MODIS,50,6.2,298.8,98,D,0
-12.7896,131.5979,333.8,4.3,1.9,2014-07-29,0217,Terra,MODIS,86,6.2,298.7,199.5,D,0
-12.7506,131.5618,330.9,4.3,1.9,2014-07-29,0217,Terra,MODIS,81,6.2,297.1,176.6,D,0
-11.8033,131.0166,321.1,3.8,1.8,2014-07-29,0217,Terra,MODIS,73,6.2,295.6,96.3,D,0
-11.8073,131.0515,313.3,3.8,1.8,2014-07-29,0217,Terra,MODIS,54,6.2,295.3,48.1,D,0
-11.6744,130.8289,311.4,3.7,1.8,2014-07-29,0217,Terra,MODIS,48,6.2,295.5,37.5,D,0
-11.6261,131.1898,313,3.9,1.8,2014-07-29,0217,Terra,MODIS,57,6.2,294.5,51.1,D,0
-11.6317,131.1823,312.1,3.9,1.8,2014-07-29,0217,Terra,MODIS,53,6.2,294.4,46.9,D,0
-11.3846,130.9496,322.6,3.7,1.8,2014-07-29,0217,Terra,MODIS,75,6.2,294.1,105.6,D,0
-11.3885,130.9833,324.1,3.7,1.8,2014-07-29,0217,Terra,MODIS,73,6.2,294.7,117.4,D,0
-11.4926,131.1046,320.4,3.8,1.8,2014-07-29,0217,Terra,MODIS,72,6.2,295.3,86.7,D,0
-11.4966,131.1393,318.2,3.8,1.8,2014-07-29,0217,Terra,MODIS,69,6.2,296.2,75.2,D,0
-12.711,130.467,321.9,3.6,1.8,2014-07-29,0217,Terra,MODIS,67,6.2,297.5,81.5,D,0
-12.7181,130.4714,322,3.6,1.8,2014-07-29,0217,Terra,MODIS,65,6.2,297.7,85.9,D,0
-15.8153,129.3388,341.7,3.2,1.7,2014-07-29,0218,Terra,MODIS,90,6.2,300,208.4,D,0
-15.8,129.3184,322.3,3.2,1.7,2014-07-29,0218,Terra,MODIS,72,6.2,302.8,62.7,D,0
-15.8122,129.3099,349,3.2,1.7,2014-07-29,0218,Terra,MODIS,94,6.2,301.6,282.4,D,0
-15.8032,129.3472,315,3.2,1.7,2014-07-29,0218,Terra,MODIS,41,6.2,300,25.5,D,0
-17.8801,122.4836,325.8,1.1,1.1,2014-07-29,0219,Terra,MODIS,75,6.2,306.4,18.1,D,0
-17.8596,122.504,320.2,1.1,1.1,2014-07-29,0219,Terra,MODIS,60,6.2,306.7,8.9,D,0
-17.8816,122.4943,336.6,1.1,1.1,2014-07-29,0219,Terra,MODIS,86,6.2,308.3,35.3,D,0
-17.8581,122.4933,333.1,1.1,1.1,2014-07-29,0219,Terra,MODIS,83,6.2,306.9,27,D,0
-17.8911,122.4929,338.1,1.1,1.1,2014-07-29,0219,Terra,MODIS,87,6.2,304.8,37.3,D,0
-17.8897,122.4822,326.9,1.1,1.1,2014-07-29,0219,Terra,MODIS,76,6.2,304.2,18.9,D,0
-17.883,122.5051,327.8,1.1,1.1,2014-07-29,0219,Terra,MODIS,78,6.2,306.1,19.6,D,0
-18.754,121.8763,320.9,1.1,1,2014-07-29,0219,Terra,MODIS,51,6.2,300.1,9.7,D,0
-18.7554,121.8867,321.2,1.1,1,2014-07-29,0219,Terra,MODIS,54,6.2,299,10.7,D,0
-18.7793,121.8516,323.9,1.1,1,2014-07-29,0219,Terra,MODIS,42,6.2,300.9,11.8,D,0
-18.7801,121.7885,328.9,1.1,1,2014-07-29,0219,Terra,MODIS,62,6.2,300.4,17.1,D,0
-18.7844,121.8193,325.7,1.1,1,2014-07-29,0219,Terra,MODIS,49,6.2,300.9,12.3,D,0
-18.7851,121.7817,327,1.1,1,2014-07-29,0219,Terra,MODIS,78,6.2,297.1,18,D,0
-18.7865,121.792,323.4,1.1,1,2014-07-29,0219,Terra,MODIS,73,6.2,297.1,13.2,D,0
-18.7879,121.8023,318,1.1,1,2014-07-29,0219,Terra,MODIS,59,6.2,297.6,7.6,D,0
-18.7787,121.7783,327,1.1,1,2014-07-29,0219,Terra,MODIS,71,6.2,297.4,15.6,D,0
-21.6409,120.5704,313.4,1,1,2014-07-29,0220,Terra,MODIS,62,6.2,299.6,8,D,0
-22.2071,123.8251,335.7,1.5,1.2,2014-07-29,0220,Terra,MODIS,82,6.2,299.3,54.7,D,0
-22.1943,123.8117,361.1,1.5,1.2,2014-07-29,0220,Terra,MODIS,75,6.2,304.1,151.1,D,0
-22.1926,123.7969,323.4,1.5,1.2,2014-07-29,0220,Terra,MODIS,0,6.2,300.1,24.1,D,0
-22.2089,123.8399,320.4,1.5,1.2,2014-07-29,0220,Terra,MODIS,68,6.2,299,20.8,D,0
-22.1961,123.8265,325.2,1.5,1.2,2014-07-29,0220,Terra,MODIS,53,6.2,301.6,27,D,0
-22.2031,123.8862,321,1.6,1.2,2014-07-29,0220,Terra,MODIS,72,6.2,299.8,22.5,D,0
-22.192,123.8876,317.6,1.6,1.2,2014-07-29,0220,Terra,MODIS,59,6.2,300.8,16.8,D,0
-21.8542,118.8724,333.1,1,1,2014-07-29,0220,Terra,MODIS,86,6.2,299.8,25.9,D,0
-21.8557,118.882,324.3,1,1,2014-07-29,0220,Terra,MODIS,50,6.2,300.8,14.9,D,0
-21.8637,118.8747,320,1,1,2014-07-29,0220,Terra,MODIS,74,6.2,299,12.6,D,0
-21.8651,118.8843,320.4,1,1,2014-07-29,0220,Terra,MODIS,74,6.2,299.7,13,D,0
-30.8688,121.4839,301.7,1.4,1.2,2014-07-29,0222,Terra,MODIS,48,6.2,290.5,5.2,D,0
-30.8705,121.4988,312.3,1.4,1.2,2014-07-29,0222,Terra,MODIS,72,6.2,291.6,16.7,D,2
-33.9652,116.7544,312.2,1,1,2014-07-29,0223,Terra,MODIS,72,6.2,287.4,12.3,D,0
-34.2046,146.1534,310.7,4.6,2,2014-07-29,0322,Aqua,MODIS,70,6.2,291.3,85.6,D,0
-34.2031,146.1608,307.8,4.6,2,2014-07-29,0322,Aqua,MODIS,66,6.2,291.4,67.2,D,0
-34.2051,146.1096,305.6,4.7,2,2014-07-29,0322,Aqua,MODIS,62,6.2,291,53.7,D,0
-34.2069,146.1024,301.9,4.7,2,2014-07-29,0322,Aqua,MODIS,33,6.2,290.9,33.2,D,0
-29.8114,153.1236,306.2,1.4,1.2,2014-07-29,0323,Aqua,MODIS,63,6.2,293.2,10.9,D,0
-29.8074,153.133,304.3,1.4,1.2,2014-07-29,0323,Aqua,MODIS,55,6.2,293,8.4,D,0
-29.4998,152.6265,310.6,1.5,1.2,2014-07-29,0323,Aqua,MODIS,58,6.2,296,14.7,D,0
-29.4998,152.6316,309,1.5,1.2,2014-07-29,0323,Aqua,MODIS,61,6.2,295.9,13.3,D,0
-29.6999,153.0796,309.5,1.4,1.2,2014-07-29,0323,Aqua,MODIS,60,6.2,298.7,10.4,D,0
-31.5089,150.228,304.2,2.3,1.5,2014-07-29,0323,Aqua,MODIS,58,6.2,292.2,14.9,D,0
-29.4841,152.7686,309.4,1.5,1.2,2014-07-29,0323,Aqua,MODIS,68,6.2,293.5,13.4,D,0
-29.7016,153.0646,312.6,1.5,1.2,2014-07-29,0323,Aqua,MODIS,73,6.2,300,13.5,D,0
-29.4849,152.7741,305.6,1.5,1.2,2014-07-29,0323,Aqua,MODIS,61,6.2,293.7,9.3,D,0
-30.3168,152.6411,320,1.6,1.2,2014-07-29,0323,Aqua,MODIS,80,6.2,292.3,31.6,D,0
-30.3152,152.6506,313.4,1.6,1.2,2014-07-29,0323,Aqua,MODIS,59,6.2,292.4,18.3,D,0
-30.317,152.6344,310.1,1.6,1.2,2014-07-29,0323,Aqua,MODIS,35,6.2,291.8,14.3,D,0
-31.141,152.0035,315,1.8,1.3,2014-07-29,0323,Aqua,MODIS,75,6.2,291.4,29.5,D,0
-31.1293,152.0013,307.8,1.8,1.3,2014-07-29,0323,Aqua,MODIS,52,6.2,290.7,16.4,D,0
-30.2329,148.5729,313.5,2.9,1.6,2014-07-29,0323,Aqua,MODIS,61,6.2,302.8,28.5,D,0
-30.2318,148.5777,313.3,2.9,1.6,2014-07-29,0323,Aqua,MODIS,61,6.2,303,29,D,0
-29.2071,149.4087,315.3,2.5,1.5,2014-07-29,0324,Aqua,MODIS,71,6.2,301.3,31.8,D,0
-28.6824,149.9419,315.1,2.3,1.5,2014-07-29,0324,Aqua,MODIS,54,6.2,304.2,22.6,D,0
-28.1472,152.425,312.6,1.5,1.2,2014-07-29,0324,Aqua,MODIS,66,6.2,289.5,20.2,D,0
-28.3412,151.1028,318.3,1.9,1.3,2014-07-29,0324,Aqua,MODIS,36,6.2,293.8,32,D,0
-28.3514,151.1234,313.9,1.9,1.3,2014-07-29,0324,Aqua,MODIS,54,6.2,293.3,22.5,D,0
-28.5674,152.8474,311.8,1.4,1.2,2014-07-29,0324,Aqua,MODIS,70,6.2,295.9,16,D,0
-28.9769,153.1735,305.5,1.4,1.2,2014-07-29,0324,Aqua,MODIS,61,6.2,295.1,7.4,D,0
-28.1198,153.262,306.4,1.4,1.2,2014-07-29,0324,Aqua,MODIS,55,6.2,293.7,9.8,D,0
-28.3349,153.4906,308,1.3,1.1,2014-07-29,0324,Aqua,MODIS,65,6.2,296.4,9.2,D,0
-28.5651,152.8419,314.2,1.4,1.2,2014-07-29,0324,Aqua,MODIS,73,6.2,296.6,18.8,D,0
-28.1181,153.2765,316.3,1.3,1.2,2014-07-29,0324,Aqua,MODIS,74,6.2,292.9,21.3,D,0
-28.3533,151.1042,309.8,1.9,1.3,2014-07-29,0324,Aqua,MODIS,22,6.2,293.7,16.2,D,0
-26.155,148.5924,352.9,2.6,1.6,2014-07-29,0324,Aqua,MODIS,97,6.2,305.1,249.4,D,0
-26.1572,148.5664,332.8,2.6,1.6,2014-07-29,0324,Aqua,MODIS,85,6.2,304.4,101.9,D,0
-26.1528,148.5592,316.7,2.6,1.6,2014-07-29,0324,Aqua,MODIS,63,6.2,303.8,27.2,D,0
-26.1504,148.5851,356.9,2.6,1.6,2014-07-29,0324,Aqua,MODIS,98,6.2,305.9,288.5,D,0
-26.1645,148.5868,314.9,2.6,1.6,2014-07-29,0324,Aqua,MODIS,43,6.2,303.7,23.3,D,0
-26.643,152.4309,310.3,1.5,1.2,2014-07-29,0324,Aqua,MODIS,48,6.2,293.5,12.8,D,0
-26.6322,152.4293,309,1.5,1.2,2014-07-29,0324,Aqua,MODIS,30,6.2,296.8,10.4,D,0
-26.42,152.5035,308.3,1.4,1.2,2014-07-29,0324,Aqua,MODIS,33,6.2,297.3,9.3,D,0
-26.4152,152.5118,320.6,1.4,1.2,2014-07-29,0324,Aqua,MODIS,76,6.2,297.5,25.8,D,0
-26.4184,152.5176,314.2,1.4,1.2,2014-07-29,0324,Aqua,MODIS,67,6.2,297.6,16.2,D,0
-26.9397,152.123,315.8,1.5,1.2,2014-07-29,0324,Aqua,MODIS,69,6.2,295.8,21.9,D,0
-26.2457,150.9447,311.3,1.8,1.3,2014-07-29,0324,Aqua,MODIS,56,6.2,298.2,16.8,D,0
-27.159,150.2249,314.6,2.1,1.4,2014-07-29,0324,Aqua,MODIS,65,6.2,303.2,17.7,D,0
-26.938,152.1389,307.2,1.5,1.2,2014-07-29,0324,Aqua,MODIS,35,6.2,294.3,10.8,D,0
-27.1702,153.4022,307.3,1.3,1.1,2014-07-29,0324,Aqua,MODIS,45,6.2,294,9.4,D,0
-26.384,151.9007,319.9,1.6,1.2,2014-07-29,0324,Aqua,MODIS,40,6.2,297.5,23.6,D,0
-26.3835,151.894,318.3,1.6,1.2,2014-07-29,0324,Aqua,MODIS,67,6.2,297.6,22.4,D,0
-26.3818,151.9094,311.2,1.6,1.2,2014-07-29,0324,Aqua,MODIS,41,6.2,296.4,12.6,D,0
-26.2438,150.9628,311.2,1.8,1.3,2014-07-29,0324,Aqua,MODIS,56,6.2,297.4,16.8,D,0
-26.656,149.6689,330.3,2.2,1.4,2014-07-29,0324,Aqua,MODIS,84,6.2,302.5,71.8,D,0
-26.6581,149.6461,328.9,2.2,1.5,2014-07-29,0324,Aqua,MODIS,83,6.2,301.8,66.6,D,0
-22.7152,150.413,320.1,1.8,1.3,2014-07-29,0325,Aqua,MODIS,73,6.2,294.4,31.8,D,0
-24.1758,151.7843,318.1,1.5,1.2,2014-07-29,0325,Aqua,MODIS,71,6.2,296.3,23.3,D,0
-22.801,150.5682,313.9,1.7,1.3,2014-07-29,0325,Aqua,MODIS,36,6.2,295.6,20.3,D,0
-22.8029,150.5513,313.7,1.7,1.3,2014-07-29,0325,Aqua,MODIS,36,6.2,295.3,20,D,0
-22.7133,150.43,311.8,1.7,1.3,2014-07-29,0325,Aqua,MODIS,54,6.2,292.5,16.2,D,0
-22.7944,150.3083,317,1.8,1.3,2014-07-29,0325,Aqua,MODIS,47,6.2,296.9,22.9,D,0
-22.6149,150.3951,311.1,1.8,1.3,2014-07-29,0325,Aqua,MODIS,51,6.2,295.5,17.4,D,0
-22.7788,150.3414,328.6,1.8,1.3,2014-07-29,0325,Aqua,MODIS,82,6.2,298.2,52.4,D,0
-22.7807,150.324,315.3,1.8,1.3,2014-07-29,0325,Aqua,MODIS,48,6.2,296.3,20.7,D,0
-22.8332,150.5618,322.8,1.7,1.3,2014-07-29,0325,Aqua,MODIS,75,6.2,295.3,38.7,D,0
-25.6731,148.946,312.8,2.4,1.5,2014-07-29,0325,Aqua,MODIS,52,6.2,298.8,24.5,D,0
-25.6667,148.9406,310.6,2.4,1.5,2014-07-29,0325,Aqua,MODIS,42,6.2,299.1,18.3,D,0
-22.845,150.2296,318.1,1.8,1.3,2014-07-29,0325,Aqua,MODIS,69,6.2,298.1,26,D,0
-22.8313,150.2458,325.4,1.8,1.3,2014-07-29,0325,Aqua,MODIS,68,6.2,300.4,39.6,D,0
-22.8379,150.2418,319.8,1.8,1.3,2014-07-29,0325,Aqua,MODIS,72,6.2,299.7,27.8,D,0
-22.8331,150.2281,330.8,1.8,1.3,2014-07-29,0325,Aqua,MODIS,83,6.2,299.6,56.2,D,0
-22.8399,150.2241,320.9,1.8,1.3,2014-07-29,0325,Aqua,MODIS,74,6.2,297.8,31,D,0
-22.826,150.2403,333.5,1.8,1.3,2014-07-29,0325,Aqua,MODIS,79,6.2,300.7,62.5,D,0
-22.8121,150.2564,322.6,1.8,1.3,2014-07-29,0325,Aqua,MODIS,51,6.2,299.1,32.2,D,0
-22.8279,150.2226,349.8,1.8,1.3,2014-07-29,0325,Aqua,MODIS,95,6.2,300.8,131.1,D,0
-22.8727,145.4699,315.4,4,1.9,2014-07-29,0325,Aqua,MODIS,38,6.2,302.6,43.4,D,0
-25.1873,152.0942,312.1,1.5,1.2,2014-07-29,0325,Aqua,MODIS,46,6.2,299.4,9.7,D,0
-25.1928,152.0711,320.2,1.5,1.2,2014-07-29,0325,Aqua,MODIS,74,6.2,300.5,22.2,D,0
-25.1912,152.0856,339.7,1.5,1.2,2014-07-29,0325,Aqua,MODIS,90,6.2,301.1,66.6,D,0
-25.4534,152.2867,318.9,1.4,1.2,2014-07-29,0325,Aqua,MODIS,71,6.2,298.6,20.4,D,0
-25.4518,152.3009,321.5,1.4,1.2,2014-07-29,0325,Aqua,MODIS,75,6.2,298.3,24.6,D,0
-25.189,152.0797,333.5,1.5,1.2,2014-07-29,0325,Aqua,MODIS,86,6.2,301.5,48.8,D,0
-25.4502,152.3151,316,1.4,1.2,2014-07-29,0325,Aqua,MODIS,41,6.2,297.4,15.1,D,0
-14.7793,144.2885,310.5,3.9,1.8,2014-07-29,0328,Aqua,MODIS,32,6.2,292.4,41.8,D,0
-14.8313,144.339,312.2,3.9,1.8,2014-07-29,0328,Aqua,MODIS,36,6.2,292.8,46.9,D,0
-25.5254,127.6387,319.3,1.4,1.2,2014-07-29,0503,Aqua,MODIS,63,6.2,305.2,12.9,D,0
-25.7256,143.4258,312.5,4.3,1.9,2014-07-29,0503,Aqua,MODIS,34,6.2,302.4,37.7,D,0
-21.853,131.0295,318.6,1,1,2014-07-29,0504,Aqua,MODIS,15,6.2,305.3,6.2,D,0
-21.8516,131.0392,324.6,1,1,2014-07-29,0504,Aqua,MODIS,70,6.2,307.4,12.6,D,0
-20.2375,127.7143,323.6,1.2,1.1,2014-07-29,0505,Aqua,MODIS,63,6.2,310.2,10.9,D,0
-19.9956,127.7843,330.6,1.2,1.1,2014-07-29,0505,Aqua,MODIS,76,6.2,311.7,19.6,D,0
-16.71,135.5028,324.3,1.8,1.3,2014-07-29,0505,Aqua,MODIS,71,6.2,305,28.8,D,0
-16.7058,135.4966,325.3,1.8,1.3,2014-07-29,0505,Aqua,MODIS,73,6.2,304.2,31.4,D,0
-18.7987,121.7414,380,3,1.7,2014-07-29,0505,Aqua,MODIS,100,6.2,302.4,711.9,D,0
-18.8015,121.7125,408.7,3,1.7,2014-07-29,0505,Aqua,MODIS,94,6.2,307.4,1511.3,D,0
-18.7837,121.7399,378.7,3,1.7,2014-07-29,0505,Aqua,MODIS,100,6.2,306.2,682.7,D,0
-18.7865,121.711,348.2,3,1.7,2014-07-29,0505,Aqua,MODIS,93,6.2,301.7,237,D,0
-18.7822,121.7641,327.4,3,1.7,2014-07-29,0505,Aqua,MODIS,50,6.2,301.3,58.5,D,0
-18.7852,121.7353,374.7,3,1.7,2014-07-29,0505,Aqua,MODIS,100,6.2,307.4,602.9,D,0
-18.7883,121.7064,331.6,3,1.7,2014-07-29,0505,Aqua,MODIS,56,6.2,301.9,96.1,D,0
-13.4941,135.6004,314,2.2,1.4,2014-07-29,0506,Aqua,MODIS,55,6.2,294.9,22.1,D,0
-13.4907,135.6204,311.9,2.2,1.4,2014-07-29,0506,Aqua,MODIS,35,6.2,293.7,17.8,D,0
-14.6466,132.3965,327.2,1.2,1.1,2014-07-29,0506,Aqua,MODIS,74,6.2,307.8,16.6,D,0
-13.0915,135.6467,322.5,2.2,1.4,2014-07-29,0506,Aqua,MODIS,75,6.2,295.1,44.2,D,0
-13.088,135.6671,321.2,2.2,1.4,2014-07-29,0506,Aqua,MODIS,73,6.2,294.1,41.4,D,0
-14.6484,132.3851,330.7,1.2,1.1,2014-07-29,0506,Aqua,MODIS,78,6.2,308,23.5,D,0
-15.6397,129.4705,325.7,1,1,2014-07-29,0506,Aqua,MODIS,63,6.2,307.8,9.1,D,0
-15.7307,129.4816,325.3,1,1,2014-07-29,0506,Aqua,MODIS,60,6.2,309.4,7.9,D,0
-13.0895,135.66,328.9,2.2,1.4,2014-07-29,0506,Aqua,MODIS,82,6.2,295.1,68.2,D,0
-13.2652,135.0835,342,2,1.4,2014-07-29,0506,Aqua,MODIS,91,6.2,298.4,108.7,D,0
-13.3159,135.2485,317.7,2.1,1.4,2014-07-29,0506,Aqua,MODIS,67,6.2,296.3,24.8,D,0
-13.1998,135.399,313.5,2.1,1.4,2014-07-29,0506,Aqua,MODIS,18,6.2,294,13.7,D,0
-13.2697,135.0708,331.5,2,1.4,2014-07-29,0506,Aqua,MODIS,83,6.2,298.8,64.8,D,0
-13.1745,135.3946,327.3,2.1,1.4,2014-07-29,0506,Aqua,MODIS,80,6.2,297,52.7,D,0
-13.2682,135.0654,328.5,2,1.4,2014-07-29,0506,Aqua,MODIS,81,6.2,297.6,54.2,D,0
-13.352,134.409,334.9,1.8,1.3,2014-07-29,0506,Aqua,MODIS,81,6.2,299.8,62.6,D,0
-13.203,135.3795,318,2.1,1.4,2014-07-29,0506,Aqua,MODIS,63,6.2,295.5,24.9,D,0
-13.37,134.4458,319.6,1.8,1.3,2014-07-29,0506,Aqua,MODIS,38,6.2,299.7,21.1,D,0
-13.2665,135.0888,330.7,2,1.4,2014-07-29,0506,Aqua,MODIS,83,6.2,297.4,61.4,D,0
-13.9781,131.8872,327.6,1.2,1.1,2014-07-29,0506,Aqua,MODIS,66,6.2,310.7,11.7,D,0
-13.9686,131.8187,348.7,1.2,1.1,2014-07-29,0506,Aqua,MODIS,93,6.2,311.1,57,D,0
-13.9702,131.8079,323.2,1.2,1.1,2014-07-29,0506,Aqua,MODIS,55,6.2,308.3,7.5,D,0
-13.6876,134.257,324.1,1.7,1.3,2014-07-29,0506,Aqua,MODIS,63,6.2,296,32,D,0
-13.7159,134.2209,341.2,1.7,1.3,2014-07-29,0506,Aqua,MODIS,90,6.2,298.1,78,D,0
-13.7501,134.2272,325.4,1.7,1.3,2014-07-29,0506,Aqua,MODIS,23,6.2,300.7,29.9,D,0
-13.7247,134.2384,337.8,1.7,1.3,2014-07-29,0506,Aqua,MODIS,83,6.2,299.7,64.8,D,0
-13.7273,134.2229,347.1,1.7,1.3,2014-07-29,0506,Aqua,MODIS,93,6.2,301.8,101.2,D,0
-13.7894,134.2558,323.2,1.7,1.3,2014-07-29,0506,Aqua,MODIS,31,6.2,299.5,24.1,D,0
-13.6762,134.2549,327.9,1.7,1.3,2014-07-29,0506,Aqua,MODIS,75,6.2,297.9,40.6,D,0
-13.7868,134.2714,324.7,1.7,1.3,2014-07-29,0506,Aqua,MODIS,38,6.2,301.1,28.2,D,0
-13.7957,134.289,337.4,1.7,1.3,2014-07-29,0506,Aqua,MODIS,87,6.2,303.4,63.6,D,0
-13.9669,131.8296,337.9,1.2,1.1,2014-07-29,0506,Aqua,MODIS,86,6.2,311.1,32.2,D,0
-13.7882,134.2822,341.3,1.7,1.3,2014-07-29,0506,Aqua,MODIS,78,6.2,303.2,75.5,D,0
-13.9788,131.8929,331.2,1.2,1.1,2014-07-29,0506,Aqua,MODIS,60,6.2,311,18.3,D,0
-13.9764,131.8981,326.6,1.2,1.1,2014-07-29,0506,Aqua,MODIS,71,6.2,310.9,10.1,D,0
-17.1903,122.2955,360.4,2.6,1.6,2014-07-29,0506,Aqua,MODIS,82,6.2,306.3,323.4,D,0
-15.8187,129.3146,335.1,1,1,2014-07-29,0506,Aqua,MODIS,79,6.2,311.3,19,D,0
-11.7996,130.1309,318.8,1.1,1,2014-07-29,0507,Aqua,MODIS,63,6.2,303.4,8.6,D,0
-11.7912,130.0613,315.9,1,1,2014-07-29,0507,Aqua,MODIS,48,6.2,303,7.2,D,0
-11.779,130.2063,314.8,1.1,1,2014-07-29,0507,Aqua,MODIS,43,6.2,302.7,5.2,D,0
-11.8088,130.1324,314.8,1.1,1,2014-07-29,0507,Aqua,MODIS,10,6.2,301.7,4.3,D,0
-12.7058,131.582,380.4,1.2,1.1,2014-07-29,0507,Aqua,MODIS,100,6.2,311.9,180.3,D,0
-12.7219,131.607,325.2,1.2,1.1,2014-07-29,0507,Aqua,MODIS,50,6.2,307,14,D,0
-12.7235,131.5961,342.2,1.2,1.1,2014-07-29,0507,Aqua,MODIS,89,6.2,310.6,44.2,D,0
-12.7252,131.5853,359.9,1.2,1.1,2014-07-29,0507,Aqua,MODIS,99,6.2,312,91.6,D,0
-12.7268,131.5744,377.1,1.2,1.1,2014-07-29,0507,Aqua,MODIS,100,6.2,311.2,162.1,D,0
-12.7284,131.5636,358,1.2,1.1,2014-07-29,0507,Aqua,MODIS,99,6.2,307.1,85.3,D,0
-12.7301,131.5528,381.4,1.2,1.1,2014-07-29,0507,Aqua,MODIS,100,6.2,309,185.9,D,0
-12.7105,131.6163,327.4,1.2,1.1,2014-07-29,0507,Aqua,MODIS,64,6.2,305.1,18.4,D,0
-12.7122,131.6054,355.8,1.2,1.1,2014-07-29,0507,Aqua,MODIS,97,6.2,309.8,81.2,D,0
-12.7138,131.5945,380.6,1.2,1.1,2014-07-29,0507,Aqua,MODIS,100,6.2,314.2,183,D,0
-12.7155,131.5836,454.5,1.2,1.1,2014-07-29,0507,Aqua,MODIS,100,6.2,332,971.1,D,0
-12.7171,131.5728,438.6,1.2,1.1,2014-07-29,0507,Aqua,MODIS,100,6.2,326,715.1,D,0
-12.7074,131.5712,428.1,1.2,1.1,2014-07-29,0507,Aqua,MODIS,100,6.2,323.4,580.4,D,0
-12.7091,131.5604,330.5,1.2,1.1,2014-07-29,0507,Aqua,MODIS,72,6.2,302.6,21.3,D,0
-12.4321,134.8048,317.2,2,1.4,2014-07-29,0507,Aqua,MODIS,49,6.2,293.9,20.4,D,0
-11.3712,132.403,337.4,1.4,1.2,2014-07-29,0507,Aqua,MODIS,87,6.2,300.9,46.5,D,0
-11.3692,132.4157,328.9,1.4,1.2,2014-07-29,0507,Aqua,MODIS,79,6.2,299.7,28.4,D,0
-11.5634,131.1533,343.7,1.2,1.1,2014-07-29,0507,Aqua,MODIS,91,6.2,304.7,49.6,D,0
-11.5537,131.1519,341.2,1.2,1.1,2014-07-29,0507,Aqua,MODIS,89,6.2,306.1,44.3,D,0
-11.5441,131.1504,337.2,1.2,1.1,2014-07-29,0507,Aqua,MODIS,87,6.2,304.7,34.4,D,0
-11.5152,131.1459,335.8,1.2,1.1,2014-07-29,0507,Aqua,MODIS,81,6.2,307.5,30.1,D,0
-11.5169,131.1353,367.8,1.2,1.1,2014-07-29,0507,Aqua,MODIS,100,6.2,309.3,119.8,D,0
-11.5185,131.1247,328.3,1.2,1.1,2014-07-29,0507,Aqua,MODIS,75,6.2,304.3,19.7,D,0
-11.5201,131.1142,315.8,1.2,1.1,2014-07-29,0507,Aqua,MODIS,25,6.2,301.9,5.2,D,0
-11.5135,131.1398,344.9,1.2,1.1,2014-07-29,0507,Aqua,MODIS,91,6.2,309.5,47.9,D,0
-11.5151,131.1292,338.3,1.2,1.1,2014-07-29,0507,Aqua,MODIS,75,6.2,306.9,33.8,D,0
-11.507,131.1172,336.9,1.2,1.1,2014-07-29,0507,Aqua,MODIS,67,6.2,307.6,30.5,D,0
-11.5086,131.1066,353.6,1.2,1.1,2014-07-29,0507,Aqua,MODIS,97,6.2,305.4,72.2,D,0
-11.6016,131.1877,320,1.2,1.1,2014-07-29,0507,Aqua,MODIS,64,6.2,302,10.9,D,0
-11.7557,131.0995,320.2,1.1,1.1,2014-07-29,0507,Aqua,MODIS,66,6.2,303.9,11.3,D,0
-11.7573,131.089,319.5,1.1,1.1,2014-07-29,0507,Aqua,MODIS,64,6.2,303.6,10.3,D,0
-11.3608,131.4063,327.3,1.2,1.1,2014-07-29,0507,Aqua,MODIS,45,6.2,301.5,20.3,D,0
-11.351,131.4048,322,1.2,1.1,2014-07-29,0507,Aqua,MODIS,68,6.2,300.9,15,D,0
-11.8023,131.0814,319.2,1.1,1.1,2014-07-29,0507,Aqua,MODIS,70,6.2,303.3,11,D,0
-11.8048,131.0327,327.3,1.1,1.1,2014-07-29,0507,Aqua,MODIS,52,6.2,306.3,19.3,D,0
-11.7969,131.0207,329.3,1.1,1.1,2014-07-29,0507,Aqua,MODIS,80,6.2,304.7,22.3,D,0
-11.4063,131.454,325.9,1.2,1.1,2014-07-29,0507,Aqua,MODIS,68,6.2,301.5,20.2,D,0
-11.408,131.4429,324.5,1.2,1.1,2014-07-29,0507,Aqua,MODIS,62,6.2,302.2,17.2,D,0
-11.3786,131.4382,339.7,1.2,1.1,2014-07-29,0507,Aqua,MODIS,82,6.2,302.2,39.7,D,0
-11.3803,131.4272,331.4,1.2,1.1,2014-07-29,0507,Aqua,MODIS,64,6.2,302.7,23.6,D,0
-11.3754,131.4423,322.3,1.2,1.1,2014-07-29,0507,Aqua,MODIS,11,6.2,300.6,12.8,D,0
-11.3771,131.4313,337.8,1.2,1.1,2014-07-29,0507,Aqua,MODIS,87,6.2,302.9,38.7,D,0
-11.3804,131.4093,321.6,1.2,1.1,2014-07-29,0507,Aqua,MODIS,49,6.2,301.2,11.5,D,0
-11.6763,130.8273,334.4,1.1,1.1,2014-07-29,0507,Aqua,MODIS,85,6.2,305.6,30.6,D,0
-11.704,130.7076,330.3,1.1,1,2014-07-29,0507,Aqua,MODIS,72,6.2,307.8,18.6,D,0
-11.7055,130.6975,346.2,1.1,1,2014-07-29,0507,Aqua,MODIS,93,6.2,307.4,49.2,D,0
-11.7071,130.6874,323.6,1.1,1,2014-07-29,0507,Aqua,MODIS,65,6.2,303.6,12.2,D,0
-11.6674,131.209,319.4,1.2,1.1,2014-07-29,0507,Aqua,MODIS,43,6.2,305.7,8.4,D,0
-11.6401,131.1938,342.3,1.2,1.1,2014-07-29,0507,Aqua,MODIS,90,6.2,305.4,45.7,D,0
-11.6418,131.1832,337.8,1.2,1.1,2014-07-29,0507,Aqua,MODIS,87,6.2,304.1,37.2,D,0
-11.6305,131.1922,325.4,1.2,1.1,2014-07-29,0507,Aqua,MODIS,75,6.2,305.7,17.3,D,0
-11.6321,131.1816,329.9,1.2,1.1,2014-07-29,0507,Aqua,MODIS,81,6.2,305.1,24.4,D,0
-11.6209,131.1908,328.4,1.2,1.1,2014-07-29,0507,Aqua,MODIS,49,6.2,302.1,20,D,0
-11.6225,131.1802,334.1,1.2,1.1,2014-07-29,0507,Aqua,MODIS,76,6.2,303.8,29.7,D,0
-11.8545,130.9308,326.1,1.1,1.1,2014-07-29,0507,Aqua,MODIS,30,6.2,305.7,13.4,D,0
-11.8595,131.0266,325.3,1.1,1.1,2014-07-29,0507,Aqua,MODIS,58,6.2,303.8,15.8,D,0
-11.5473,131.0648,322.2,1.2,1.1,2014-07-29,0507,Aqua,MODIS,64,6.2,302.7,13.4,D,0
-11.549,131.0543,320,1.1,1.1,2014-07-29,0507,Aqua,MODIS,41,6.2,303.8,10.5,D,0
-11.5505,131.0438,329.1,1.1,1.1,2014-07-29,0507,Aqua,MODIS,77,6.2,305,22.3,D,0
-11.541,131.0423,322.9,1.1,1.1,2014-07-29,0507,Aqua,MODIS,45,6.2,302.7,14.2,D,0
-11.8483,130.9719,329.9,1.1,1.1,2014-07-29,0507,Aqua,MODIS,48,6.2,304.7,18.2,D,0
-11.8499,130.9616,336.6,1.1,1.1,2014-07-29,0507,Aqua,MODIS,88,6.2,305,29.2,D,0
-11.8372,130.9807,327.3,1.1,1.1,2014-07-29,0507,Aqua,MODIS,68,6.2,303.3,17.4,D,0
-11.8388,130.9704,332.4,1.1,1.1,2014-07-29,0507,Aqua,MODIS,65,6.2,304.8,24.1,D,0
-11.8404,130.9601,328.9,1.1,1.1,2014-07-29,0507,Aqua,MODIS,66,6.2,303.6,19.2,D,0
-11.5618,131.164,330.7,1.2,1.1,2014-07-29,0507,Aqua,MODIS,81,6.2,306,24.3,D,0
-11.7269,130.877,318.3,1.1,1.1,2014-07-29,0507,Aqua,MODIS,62,6.2,304.7,9.3,D,0
-11.39,130.9528,328.9,1.1,1.1,2014-07-29,0507,Aqua,MODIS,43,6.2,306.2,20.1,D,0
-11.3804,130.9513,335.6,1.1,1.1,2014-07-29,0507,Aqua,MODIS,66,6.2,305.8,30.2,D,0
-11.3693,130.9601,342.9,1.1,1.1,2014-07-29,0507,Aqua,MODIS,91,6.2,305.6,44.4,D,0
-11.6743,130.713,343,1.1,1,2014-07-29,0507,Aqua,MODIS,91,6.2,305.8,42.7,D,0
-11.6678,130.7157,323.3,1.1,1,2014-07-29,0507,Aqua,MODIS,72,6.2,304.7,13.7,D,0
-11.6693,130.7056,326,1.1,1,2014-07-29,0507,Aqua,MODIS,76,6.2,305.3,16.9,D,0
-11.8419,130.9498,324.9,1.1,1.1,2014-07-29,0507,Aqua,MODIS,46,6.2,302.5,13.6,D,0
-11.5007,131.1595,335.6,1.2,1.1,2014-07-29,0507,Aqua,MODIS,80,6.2,306.8,31.3,D,0
-11.4911,131.158,327,1.2,1.1,2014-07-29,0507,Aqua,MODIS,43,6.2,304.4,16.7,D,0
-11.7025,130.7176,332.2,1.1,1,2014-07-29,0507,Aqua,MODIS,83,6.2,305.7,21.7,D,0
-11.6337,131.1711,341.7,1.2,1.1,2014-07-29,0507,Aqua,MODIS,90,6.2,304.4,47.2,D,0
-11.6241,131.1695,336.4,1.2,1.1,2014-07-29,0507,Aqua,MODIS,86,6.2,303.8,35.7,D,0
-11.3582,130.9691,331.9,1.1,1.1,2014-07-29,0507,Aqua,MODIS,71,6.2,304.8,26.2,D,0
-11.3598,130.9587,321.5,1.1,1.1,2014-07-29,0507,Aqua,MODIS,48,6.2,303.5,11.5,D,0
-11.398,130.9646,332.9,1.1,1.1,2014-07-29,0507,Aqua,MODIS,82,6.2,305.6,26.7,D,0
-11.5054,131.1277,338.1,1.2,1.1,2014-07-29,0507,Aqua,MODIS,72,6.2,307.3,32.3,D,0
-11.4894,131.1036,331,1.2,1.1,2014-07-29,0507,Aqua,MODIS,36,6.2,306.6,20.4,D,0
-12.6309,131.464,331.4,1.2,1.1,2014-07-29,0507,Aqua,MODIS,80,6.2,306.9,23.6,D,0
-12.5243,130.759,337.3,1.1,1,2014-07-29,0507,Aqua,MODIS,74,6.2,305.2,30.4,D,0
-12.5258,130.7491,353.9,1.1,1,2014-07-29,0507,Aqua,MODIS,91,6.2,308.4,66.9,D,0
-12.7398,131.5544,331,1.2,1.1,2014-07-29,0507,Aqua,MODIS,79,6.2,311.4,22.1,D,0
-11.8059,133.2207,324.2,1.5,1.2,2014-07-29,0507,Aqua,MODIS,77,6.2,301.6,21.4,D,0
-12.8021,131.6144,325.6,1.2,1.1,2014-07-29,0507,Aqua,MODIS,57,6.2,308.9,11.7,D,0
-12.9217,132.1039,328.6,1.3,1.1,2014-07-29,0507,Aqua,MODIS,63,6.2,307.5,17.4,D,0
-12.7392,131.5709,334,1.2,1.1,2014-07-29,0507,Aqua,MODIS,51,6.2,310,17.8,D,0
-12.4719,130.9775,330.2,1.1,1.1,2014-07-29,0507,Aqua,MODIS,79,6.2,307.8,18.5,D,0
-12.7317,131.542,350.7,1.2,1.1,2014-07-29,0507,Aqua,MODIS,95,6.2,308,64.9,D,0
-12.8317,132.0954,329.1,1.3,1.1,2014-07-29,0507,Aqua,MODIS,15,6.2,307.9,16.5,D,0
-12.9234,132.0924,336.9,1.3,1.1,2014-07-29,0507,Aqua,MODIS,84,6.2,308.2,32.6,D,0
-12.7877,131.5787,336,1.2,1.1,2014-07-29,0507,Aqua,MODIS,79,6.2,309.2,23.8,D,0
-12.701,131.548,327.4,1.2,1.1,2014-07-29,0507,Aqua,MODIS,74,6.2,301.9,18.6,D,0
-12.7539,131.5401,336.6,1.2,1.1,2014-07-29,0507,Aqua,MODIS,78,6.2,308.9,27.1,D,0
-12.7414,131.5436,324.1,1.2,1.1,2014-07-29,0507,Aqua,MODIS,63,6.2,309.5,12.7,D,0
-12.7365,131.576,333,1.2,1.1,2014-07-29,0507,Aqua,MODIS,52,6.2,310.9,22.3,D,0
-12.786,131.5896,339.3,1.2,1.1,2014-07-29,0507,Aqua,MODIS,87,6.2,311.6,30.7,D,0
-11.8037,133.2346,322.2,1.6,1.2,2014-07-29,0507,Aqua,MODIS,74,6.2,300.1,17.1,D,0
-12.6669,131.5758,332.7,1.2,1.1,2014-07-29,0507,Aqua,MODIS,81,6.2,307.5,23.9,D,0
-12.7381,131.5652,332.1,1.2,1.1,2014-07-29,0507,Aqua,MODIS,80,6.2,309.9,22.5,D,0
-12.6326,131.4533,327,1.2,1.1,2014-07-29,0507,Aqua,MODIS,70,6.2,307.2,17.1,D,0
-12.6229,131.4517,346.9,1.2,1.1,2014-07-29,0507,Aqua,MODIS,92,6.2,307.8,54.8,D,0
-12.7349,131.5869,330.4,1.2,1.1,2014-07-29,0507,Aqua,MODIS,42,6.2,307.8,19.3,D,0
-12.82,131.5618,325,1.2,1.1,2014-07-29,0507,Aqua,MODIS,53,6.2,308.9,10.2,D,0
-12.8118,131.616,335.2,1.2,1.1,2014-07-29,0507,Aqua,MODIS,83,6.2,308.3,27.5,D,0
-12.8135,131.6051,332,1.2,1.1,2014-07-29,0507,Aqua,MODIS,79,6.2,309.6,21.3,D,0
-12.4704,130.9877,323.8,1.1,1.1,2014-07-29,0507,Aqua,MODIS,69,6.2,308.2,9.7,D,0
-12.7207,130.445,346,1.1,1,2014-07-29,0507,Aqua,MODIS,92,6.2,309.8,43.1,D,0
-12.713,130.4339,361.4,1.1,1,2014-07-29,0507,Aqua,MODIS,94,6.2,309.4,83.9,D,0
-12.7037,130.4324,337.6,1.1,1,2014-07-29,0507,Aqua,MODIS,80,6.2,308.5,31,D,0
-12.7222,130.4353,330.8,1.1,1,2014-07-29,0507,Aqua,MODIS,24,6.2,305.6,15.7,D,0
-11.8005,130.4842,315.8,1.1,1,2014-07-29,0507,Aqua,MODIS,64,6.2,302.2,6.6,D,0
-12.7066,130.4131,330.6,1.1,1,2014-07-29,0507,Aqua,MODIS,0,6.2,303.6,23.8,D,0
-12.7087,130.4629,341.5,1.1,1,2014-07-29,0507,Aqua,MODIS,89,6.2,307.7,35.5,D,0
-12.7052,130.4227,350.8,1.1,1,2014-07-29,0507,Aqua,MODIS,82,6.2,308.6,60.4,D,0
-11.7942,130.4875,337.4,1.1,1,2014-07-29,0507,Aqua,MODIS,66,6.2,304.9,35.6,D,0
-12.7023,130.4421,343.5,1.1,1,2014-07-29,0507,Aqua,MODIS,90,6.2,307.1,41.3,D,0
-11.799,130.494,321.4,1.1,1,2014-07-29,0507,Aqua,MODIS,74,6.2,303.6,12.5,D,0
-11.2058,130.4093,311.9,1.1,1,2014-07-29,0507,Aqua,MODIS,52,6.2,300.3,5.3,D,0
-13.5661,130.5705,331,1.1,1,2014-07-29,0507,Aqua,MODIS,76,6.2,308.8,16.7,D,0
-12.7165,130.4741,328.7,1.1,1,2014-07-29,0507,Aqua,MODIS,15,6.2,307.5,15.1,D,0
-12.7101,130.4532,353.4,1.1,1,2014-07-29,0507,Aqua,MODIS,96,6.2,308.7,60.2,D,0
-11.3801,130.3481,325,1.1,1,2014-07-29,0507,Aqua,MODIS,74,6.2,304.5,14.2,D,0
-12.7115,130.4435,339.1,1.1,1,2014-07-29,0507,Aqua,MODIS,87,6.2,308.7,30.2,D,0
-12.4337,130.6274,330.5,1.1,1,2014-07-29,0507,Aqua,MODIS,69,6.2,305.4,22.8,D,0
-11.3708,130.3466,321.6,1.1,1,2014-07-29,0507,Aqua,MODIS,44,6.2,304.6,10,D,0
-13.5753,130.5719,332.7,1.1,1,2014-07-29,0507,Aqua,MODIS,76,6.2,307.8,20,D,0
-31.5325,147.0112,308.6,1.3,1.1,2014-07-29,1248,Terra,MODIS,75,6.2,280.4,17.4,N,0
-31.5081,150.9594,306.4,1,1,2014-07-29,1248,Terra,MODIS,68,6.2,275.9,11.8,N,0
-28.9557,149.2005,300.7,1,1,2014-07-29,1249,Terra,MODIS,22,6.2,277.2,7.8,N,0
-28.9633,149.2125,301.8,1,1,2014-07-29,1249,Terra,MODIS,45,6.2,277.7,8.7,N,0
-28.7735,149.9716,301.3,1,1,2014-07-29,1249,Terra,MODIS,40,6.2,274.7,9.1,N,0
-26.1558,148.5975,304,1,1,2014-07-29,1249,Terra,MODIS,58,6.2,281.1,9.1,N,0
-26.1482,148.5859,311.4,1,1,2014-07-29,1249,Terra,MODIS,82,6.2,282.2,13.8,N,0
-26.9396,152.1295,319.8,1.2,1.1,2014-07-29,1249,Terra,MODIS,99,6.2,283.2,27,N,0
-26.6477,149.6634,306.5,1,1,2014-07-29,1249,Terra,MODIS,68,6.2,282.8,10.9,N,0
-28.1131,153.2753,300.3,1.3,1.1,2014-07-29,1249,Terra,MODIS,25,6.2,285.5,9.2,N,0
-27.8955,152.9852,308.1,1.2,1.1,2014-07-29,1249,Terra,MODIS,73,6.2,281.3,17.2,N,0
-28.1414,152.424,304.8,1.2,1.1,2014-07-29,1249,Terra,MODIS,62,6.2,282.7,11.9,N,0
-28.1431,152.4298,309.9,1.2,1.1,2014-07-29,1249,Terra,MODIS,79,6.2,283.6,14.9,N,0
-22.9298,148.0205,310.9,1,1,2014-07-29,1250,Terra,MODIS,81,6.2,286.1,12.5,N,0
-22.8192,150.2661,305.3,1.1,1,2014-07-29,1250,Terra,MODIS,46,6.2,282.9,9.1,N,0
-22.8302,150.2573,306.8,1.1,1,2014-07-29,1250,Terra,MODIS,58,6.2,284.4,10.5,N,0
-15.3391,143.2548,303.5,1.3,1.1,2014-07-29,1252,Terra,MODIS,12,6.2,291.7,6.5,N,0
-15.7485,143.1611,304.7,1.3,1.1,2014-07-29,1252,Terra,MODIS,43,6.2,291.7,7.9,N,0
-15.3406,143.2427,309.5,1.3,1.1,2014-07-29,1252,Terra,MODIS,78,6.2,291.7,12.2,N,0
-17.1313,145.0438,371.8,1.1,1,2014-07-29,1252,Terra,MODIS,100,6.2,291,143.6,N,0
-15.7501,143.1487,306,1.3,1.1,2014-07-29,1252,Terra,MODIS,66,6.2,291.8,9.4,N,0
-17.1326,145.0335,324,1.1,1,2014-07-29,1252,Terra,MODIS,100,6.2,287.9,27.6,N,0
-15.0405,143.0533,305.1,1.3,1.1,2014-07-29,1253,Terra,MODIS,63,6.2,291.8,8.5,N,0
-15.0496,143.2093,301.8,1.3,1.1,2014-07-29,1253,Terra,MODIS,44,6.2,291.1,5.8,N,0
-12.6547,142.0623,303.3,1.4,1.2,2014-07-29,1253,Terra,MODIS,54,6.2,290.5,8.9,N,0
-15.0255,143.0887,304.2,1.3,1.1,2014-07-29,1253,Terra,MODIS,43,6.2,291.2,7.5,N,0
-15.0087,142.8074,308,1.4,1.2,2014-07-29,1253,Terra,MODIS,73,6.2,291.9,11.7,N,0
-15.0071,142.8201,344.4,1.4,1.2,2014-07-29,1253,Terra,MODIS,100,6.2,293.4,80.2,N,0
-15.0056,142.8328,311.8,1.4,1.2,2014-07-29,1253,Terra,MODIS,83,6.2,292.3,14.8,N,0
-15.0128,142.8596,302.1,1.4,1.2,2014-07-29,1253,Terra,MODIS,46,6.2,291.9,6,N,0
-15.0112,142.8721,304.5,1.4,1.2,2014-07-29,1253,Terra,MODIS,60,6.2,291.9,8.3,N,0
-15.0176,142.8215,317.3,1.4,1.2,2014-07-29,1253,Terra,MODIS,95,6.2,292.9,22.7,N,0
-30.8686,121.4939,304.9,1.4,1.2,2014-07-29,1427,Terra,MODIS,62,6.2,281.3,16.4,N,2
-22.2055,123.8069,305.8,1,1,2014-07-29,1429,Terra,MODIS,66,6.2,285.2,9,N,0
-18.7531,121.8372,301.2,1,1,2014-07-29,1430,Terra,MODIS,37,6.2,290.9,4.5,N,0
-18.7272,121.8233,313.5,1,1,2014-07-29,1430,Terra,MODIS,67,6.2,293.4,11.7,N,0
-18.7195,121.8123,307.6,1,1,2014-07-29,1430,Terra,MODIS,70,6.2,293,7.8,N,0
-18.7208,121.8026,303.8,1,1,2014-07-29,1430,Terra,MODIS,22,6.2,292.2,5.4,N,0
-18.7705,121.7118,314.3,1,1,2014-07-29,1430,Terra,MODIS,89,6.2,290.9,14.3,N,0
-18.7796,121.7132,310.4,1,1,2014-07-29,1430,Terra,MODIS,80,6.2,290.9,11.1,N,0
-19.8415,129.7591,303.7,2.2,1.4,2014-07-29,1430,Terra,MODIS,56,6.2,287,23.6,N,0
-17.9078,122.4885,305.8,1,1,2014-07-29,1431,Terra,MODIS,66,6.2,290.5,7.7,N,0
-17.9065,122.4979,301.5,1,1,2014-07-29,1431,Terra,MODIS,42,6.2,291.4,5.3,N,0
-15.0022,142.8234,308.4,1,1,2014-07-29,1557,Aqua,MODIS,74,6.2,291.4,7.7,N,0
-15.0098,142.8127,311.3,1,1,2014-07-29,1557,Aqua,MODIS,76,6.2,291.8,9.6,N,0
-15.7376,143.1436,304,1,1,2014-07-29,1557,Aqua,MODIS,58,6.2,289.9,6.5,N,0
-15.3303,143.2542,300.7,1,1,2014-07-29,1557,Aqua,MODIS,6,6.2,290.3,3.7,N,0
-15.0436,143.0461,306,1,1,2014-07-29,1557,Aqua,MODIS,66,6.2,291,6.8,N,0
-15.7389,143.1531,314.1,1,1,2014-07-29,1557,Aqua,MODIS,89,6.2,290.3,13.8,N,0
-15.0494,143.1508,301,1,1,2014-07-29,1557,Aqua,MODIS,36,6.2,290.4,4.4,N,0
-17.1265,145.0509,308,1.3,1.1,2014-07-29,1558,Aqua,MODIS,73,6.2,285.9,15.2,N,0
-20.7346,139.4792,305.6,1.1,1,2014-07-29,1559,Aqua,MODIS,65,6.2,288.1,8.8,N,2
-22.2485,115.5027,304.7,1,1,2014-07-29,1738,Aqua,MODIS,61,6.2,287,7.3,N,0
-22.2471,115.493,300.4,1,1,2014-07-29,1738,Aqua,MODIS,19,6.2,288,4.8,N,0
-22.2084,123.8232,320.9,2.6,1.6,2014-07-29,1738,Aqua,MODIS,100,6.2,287.7,84.7,N,0
-25.191,152.0844,306.4,1.6,1.2,2014-07-29,2346,Terra,MODIS,57,6.2,294.1,9.4,D,0
-24.1659,151.7888,304.4,1.7,1.3,2014-07-29,2346,Terra,MODIS,44,6.2,293.5,9.1,D,0
-22.8213,150.2777,309.4,2.3,1.5,2014-07-29,2346,Terra,MODIS,63,6.2,293.4,24.4,D,0
-22.7644,150.3202,309.8,2.3,1.5,2014-07-29,2346,Terra,MODIS,64,6.2,293.8,26.9,D,0
-26.9069,152.4989,318.7,1.4,1.2,2014-07-29,2347,Terra,MODIS,78,6.2,296.7,23.3,D,0
-25.4904,151.5062,316.9,1.7,1.3,2014-07-29,2347,Terra,MODIS,76,6.2,297.1,24.8,D,0
-25.4934,151.5225,323.7,1.7,1.3,2014-07-29,2347,Terra,MODIS,82,6.2,297.9,38.1,D,0
-26.1425,148.6119,308.8,2.6,1.5,2014-07-29,2347,Terra,MODIS,63,6.2,295.1,21.1,D,0
-26.1611,148.6017,305.8,2.6,1.5,2014-07-29,2347,Terra,MODIS,16,6.2,294.3,14.2,D,0
-26.1562,148.6084,335,2.6,1.5,2014-07-29,2347,Terra,MODIS,89,6.2,294.9,129.7,D,0
-26.0485,151.8984,321.2,1.5,1.2,2014-07-29,2347,Terra,MODIS,79,6.2,293.8,29.8,D,0
-26.0513,151.9135,317.4,1.5,1.2,2014-07-29,2347,Terra,MODIS,76,6.2,294.3,23.3,D,0
-27.578,151.0206,303.3,1.6,1.3,2014-07-29,2347,Terra,MODIS,37,6.2,291,9.6,D,0
-27.5869,151.0123,307.3,1.6,1.3,2014-07-29,2347,Terra,MODIS,62,6.2,291.1,15.1,D,0
-28.4495,152.9801,304.3,1.2,1.1,2014-07-29,2347,Terra,MODIS,59,6.2,290.2,7.9,D,0
-28.8347,153.4997,303.7,1.1,1.1,2014-07-29,2347,Terra,MODIS,57,6.2,292.2,5.8,D,0
-28.5336,153.1088,300.9,1.2,1.1,2014-07-29,2347,Terra,MODIS,42,6.2,290.2,5.8,D,0
-28.9931,151.7356,306.5,1.4,1.2,2014-07-29,2347,Terra,MODIS,64,6.2,290,12.8,D,0
-28.1108,153.2816,305.5,1.2,1.1,2014-07-29,2347,Terra,MODIS,60,6.2,291.2,9.3,D,0
-28.1086,153.2692,315.7,1.2,1.1,2014-07-29,2347,Terra,MODIS,75,6.2,290.6,19,D,0
-30.006,153.1218,300.9,1.1,1.1,2014-07-29,2348,Terra,MODIS,43,6.2,290.3,5,D,0
-29.4822,152.7668,300.6,1.2,1.1,2014-07-29,2348,Terra,MODIS,39,6.2,289.6,4.7,D,0
-29.4844,152.7793,309.1,1.2,1.1,2014-07-29,2348,Terra,MODIS,68,6.2,290.5,11.5,D,0
-30.7308,152.5596,304.7,1.2,1.1,2014-07-29,2348,Terra,MODIS,29,6.2,290.1,7.4,D,0
-30.7331,152.565,309,1.2,1.1,2014-07-29,2348,Terra,MODIS,68,6.2,290.7,12,D,0
-30.7469,151.6422,308.2,1.3,1.1,2014-07-29,2348,Terra,MODIS,67,6.2,287.4,13.6,D,0
-31.1785,152.0523,307.6,1.2,1.1,2014-07-29,2348,Terra,MODIS,66,6.2,286.2,12.2,D,0
-31.1948,152.0295,302.5,1.2,1.1,2014-07-29,2348,Terra,MODIS,41,6.2,287.8,7.3,D,0
-29.2944,149.924,309.1,1.8,1.3,2014-07-29,2348,Terra,MODIS,68,6.2,292.2,16,D,0
-29.8193,151.6947,300.9,1.4,1.2,2014-07-29,2348,Terra,MODIS,42,6.2,288.8,6.8,D,0
-29.9376,151.9601,318.3,1.3,1.1,2014-07-29,2348,Terra,MODIS,78,6.2,286.5,25.8,D,0
-34.4642,150.8897,309,1.3,1.1,2014-07-29,2349,Terra,MODIS,0,6.2,292.7,10.3,D,2
-33.2754,151.2192,301.8,1.3,1.1,2014-07-29,2349,Terra,MODIS,49,6.2,287.4,7.2,D,0
-33.2778,151.2253,304,1.3,1.1,2014-07-29,2349,Terra,MODIS,58,6.2,287.7,9.1,D,0
-11.3771,132.4041,319.1,1.3,1.1,2014-07-30,0121,Terra,MODIS,58,6.2,299.8,10.5,D,0
-11.3484,131.4034,316.2,1.5,1.2,2014-07-30,0121,Terra,MODIS,61,6.2,298.5,13.5,D,0
-11.3505,131.4167,322,1.5,1.2,2014-07-30,0121,Terra,MODIS,73,6.2,299.3,22.2,D,0
-11.4102,131.4474,321.9,1.4,1.2,2014-07-30,0121,Terra,MODIS,69,6.2,299.3,19.9,D,0
-11.308,131.8299,328.3,1.4,1.2,2014-07-30,0121,Terra,MODIS,61,6.2,298.9,29.4,D,0
-11.3061,131.8175,321.3,1.4,1.2,2014-07-30,0121,Terra,MODIS,64,6.2,299.2,20,D,0
-11.3119,131.8104,335.1,1.4,1.2,2014-07-30,0121,Terra,MODIS,0,6.2,298.8,43.9,D,0
-11.3041,131.805,316.2,1.4,1.2,2014-07-30,0121,Terra,MODIS,36,6.2,296.9,12.2,D,0
-11.7925,133.2361,319.3,1.1,1.1,2014-07-30,0121,Terra,MODIS,47,6.2,302.5,7.9,D,0
-12.6096,131.4581,322.5,1.4,1.2,2014-07-30,0122,Terra,MODIS,43,6.2,301.2,16.4,D,0
-15.0495,143.0225,316.8,3,1.7,2014-07-30,0122,Terra,MODIS,55,6.2,297.5,40.1,D,0
-12.618,135.2905,318,1,1,2014-07-30,0122,Terra,MODIS,55,6.2,299.7,6.4,D,0
-12.7339,134.8306,325.8,1,1,2014-07-30,0122,Terra,MODIS,78,6.2,300.4,14.7,D,0
-12.616,131.4311,323.5,1.4,1.2,2014-07-30,0122,Terra,MODIS,65,6.2,303.6,18.7,D,0
-12.6181,131.4438,363.5,1.4,1.2,2014-07-30,0122,Terra,MODIS,100,6.2,303.8,137.9,D,0
-15.0499,143.0281,316.1,3,1.7,2014-07-30,0122,Terra,MODIS,43,6.2,297.6,36.9,D,0
-12.8378,132.1198,320.6,1.2,1.1,2014-07-30,0122,Terra,MODIS,44,6.2,304.1,10.2,D,0
-15.0465,142.9948,319.1,3,1.6,2014-07-30,0122,Terra,MODIS,64,6.2,297,49.8,D,0
-12.9666,135.6599,317.6,1,1,2014-07-30,0122,Terra,MODIS,68,6.2,294.6,10.5,D,0
-12.8111,131.5655,318.9,1.3,1.2,2014-07-30,0122,Terra,MODIS,45,6.2,303.9,8.4,D,0
-12.8992,132.1215,325.5,1.2,1.1,2014-07-30,0122,Terra,MODIS,73,6.2,303.1,17,D,0
-12.631,135.3166,323.2,1,1,2014-07-30,0122,Terra,MODIS,53,6.2,300.2,10.8,D,0
-15.8941,136.6115,321.6,1.1,1.1,2014-07-30,0122,Terra,MODIS,68,6.2,304.3,10.9,D,0
-12.6261,135.3453,317.8,1,1,2014-07-30,0122,Terra,MODIS,42,6.2,301.4,7,D,0
-12.6193,135.2997,322.9,1,1,2014-07-30,0122,Terra,MODIS,60,6.2,300.8,10.3,D,0
-15.0088,141.8295,317.9,2.4,1.5,2014-07-30,0122,Terra,MODIS,69,6.2,301.3,22.7,D,0
-15.3429,143.2316,313.8,3.2,1.7,2014-07-30,0122,Terra,MODIS,55,6.2,296.8,31.3,D,0
-12.4656,134.9459,318.9,1,1,2014-07-30,0122,Terra,MODIS,36,6.2,300.3,9.1,D,0
-15.3455,143.2382,319.5,3.2,1.7,2014-07-30,0122,Terra,MODIS,73,6.2,297,59.1,D,0
-15.0467,143.0003,321.4,3,1.6,2014-07-30,0122,Terra,MODIS,72,6.2,297.2,60.5,D,0
-12.5832,132.5843,323.7,1.2,1.1,2014-07-30,0122,Terra,MODIS,60,6.2,300.5,15,D,0
-12.6201,131.4564,332,1.4,1.2,2014-07-30,0122,Terra,MODIS,65,6.2,302.8,32.4,D,0
-15.7401,143.1337,321.7,3.1,1.7,2014-07-30,0122,Terra,MODIS,76,6.2,297.7,71.9,D,0
-15.728,143.1646,316.3,3.2,1.7,2014-07-30,0122,Terra,MODIS,47,6.2,297.5,43.2,D,0
-13.1584,135.3969,313.9,1,1,2014-07-30,0122,Terra,MODIS,42,6.2,298.2,5.6,D,0
-12.6325,131.4673,329.8,1.4,1.2,2014-07-30,0122,Terra,MODIS,68,6.2,301.8,28.9,D,0
-12.6275,131.4615,326.9,1.4,1.2,2014-07-30,0122,Terra,MODIS,77,6.2,302.6,25.6,D,0
-12.7326,134.8214,320.5,1,1,2014-07-30,0122,Terra,MODIS,65,6.2,300.9,9.2,D,0
-15.346,143.2609,311.7,3.2,1.7,2014-07-30,0122,Terra,MODIS,34,6.2,297,23.3,D,0
-13.5409,141.7082,311,2.3,1.5,2014-07-30,0122,Terra,MODIS,0,6.2,295.9,17.1,D,0
-12.4506,134.8452,322.1,1,1,2014-07-30,0122,Terra,MODIS,72,6.2,300.6,11.7,D,0
-13.5439,141.7146,315.9,2.3,1.5,2014-07-30,0122,Terra,MODIS,67,6.2,296.2,28.9,D,0
-12.6076,131.4455,333.5,1.4,1.2,2014-07-30,0122,Terra,MODIS,84,6.2,302.9,38.3,D,0
-12.8974,132.1101,325.2,1.2,1.1,2014-07-30,0122,Terra,MODIS,75,6.2,304.4,15.5,D,0
-11.9257,132.9042,324.5,1.2,1.1,2014-07-30,0122,Terra,MODIS,45,6.2,303.3,13.2,D,0
-13.6893,133.3589,330.4,1.1,1,2014-07-30,0122,Terra,MODIS,80,6.2,301.3,22.3,D,0
-12.4154,134.7943,320.5,1,1,2014-07-30,0122,Terra,MODIS,58,6.2,298.8,8.9,D,0
-12.3887,134.739,317.5,1,1,2014-07-30,0122,Terra,MODIS,48,6.2,299.8,7,D,0
-12.6295,131.474,324.2,1.4,1.2,2014-07-30,0122,Terra,MODIS,73,6.2,301,20.7,D,0
-12.4167,134.8034,324.9,1,1,2014-07-30,0122,Terra,MODIS,75,6.2,299.2,13.8,D,0
-12.4004,134.756,318.6,1,1,2014-07-30,0122,Terra,MODIS,52,6.2,300.3,7.6,D,0
-15.8887,136.6077,319.1,1.1,1.1,2014-07-30,0122,Terra,MODIS,37,6.2,303.6,7.3,D,0
-15.8901,136.6181,325,1.1,1.1,2014-07-30,0122,Terra,MODIS,74,6.2,303.9,14.8,D,0
-11.9385,132.9239,323.5,1.2,1.1,2014-07-30,0122,Terra,MODIS,23,6.2,302.4,11.9,D,0
-11.9289,132.9254,324.6,1.2,1.1,2014-07-30,0122,Terra,MODIS,43,6.2,301.9,13.9,D,0
-11.9273,132.9148,333.7,1.2,1.1,2014-07-30,0122,Terra,MODIS,84,6.2,303.7,28.1,D,0
-13.2448,141.9402,315.5,2.3,1.5,2014-07-30,0122,Terra,MODIS,64,6.2,292.9,27.4,D,0
-13.9856,143.5067,307.9,3.2,1.7,2014-07-30,0122,Terra,MODIS,36,6.2,290.1,24.3,D,0
-14.9515,142.8176,310.9,2.9,1.6,2014-07-30,0122,Terra,MODIS,51,6.2,297.3,19.6,D,0
-14.9507,142.8244,311.6,2.9,1.6,2014-07-30,0122,Terra,MODIS,30,6.2,297.4,19.9,D,0
-12.5655,132.5982,343.6,1.2,1.1,2014-07-30,0122,Terra,MODIS,91,6.2,304.4,48.7,D,0
-12.5558,132.5997,322.8,1.2,1.1,2014-07-30,0122,Terra,MODIS,62,6.2,302.5,11.7,D,0
-12.5638,132.5874,336.3,1.2,1.1,2014-07-30,0122,Terra,MODIS,83,6.2,300.4,33.3,D,0
-11.7915,131.0216,336.4,1.5,1.2,2014-07-30,0122,Terra,MODIS,87,6.2,300.6,55.9,D,0
-11.7937,131.0354,326.8,1.5,1.2,2014-07-30,0122,Terra,MODIS,79,6.2,299.4,32.1,D,0
-11.7959,131.0491,313.8,1.5,1.2,2014-07-30,0122,Terra,MODIS,21,6.2,297.8,9.7,D,0
-11.6621,131.2241,317.2,1.5,1.2,2014-07-30,0122,Terra,MODIS,64,6.2,299.8,13,D,0
-11.6645,131.217,315.5,1.5,1.2,2014-07-30,0122,Terra,MODIS,43,6.2,299.7,9.5,D,0
-11.5426,131.053,314.1,1.5,1.2,2014-07-30,0122,Terra,MODIS,58,6.2,299,11.8,D,0
-11.5448,131.0668,319.1,1.5,1.2,2014-07-30,0122,Terra,MODIS,70,6.2,298.9,19.4,D,0
-11.5464,131.0607,314.8,1.5,1.2,2014-07-30,0122,Terra,MODIS,24,6.2,299.3,10.7,D,0
-11.7893,131.0078,318.8,1.5,1.2,2014-07-30,0122,Terra,MODIS,68,6.2,298.3,17.5,D,0
-11.8296,130.9658,323.4,1.5,1.2,2014-07-30,0122,Terra,MODIS,30,6.2,299,22.2,D,0
-11.8319,130.9797,324.9,1.5,1.2,2014-07-30,0122,Terra,MODIS,78,6.2,299.2,26.7,D,0
-11.8342,130.9935,323.7,1.5,1.2,2014-07-30,0122,Terra,MODIS,73,6.2,299,23.7,D,0
-11.7114,130.877,313.7,1.6,1.2,2014-07-30,0122,Terra,MODIS,59,6.2,298,11.8,D,0
-11.7225,130.8754,328.3,1.6,1.2,2014-07-30,0122,Terra,MODIS,81,6.2,299,39.4,D,0
-11.6609,130.7141,315.6,1.6,1.2,2014-07-30,0122,Terra,MODIS,64,6.2,299.5,14.2,D,0
-11.8359,130.9361,323.7,1.5,1.2,2014-07-30,0122,Terra,MODIS,71,6.2,299,24.5,D,0
-11.8382,130.95,320.2,1.5,1.2,2014-07-30,0122,Terra,MODIS,23,6.2,299.2,16.2,D,0
-12.6973,130.4326,318.2,1.6,1.3,2014-07-30,0122,Terra,MODIS,42,6.2,298.9,17.2,D,0
-13.5604,130.5683,318.5,1.5,1.2,2014-07-30,0122,Terra,MODIS,54,6.2,302.4,12.8,D,0
-13.5627,130.5822,317.7,1.5,1.2,2014-07-30,0122,Terra,MODIS,51,6.2,302.6,11.3,D,0
-12.4063,130.6271,323.5,1.6,1.2,2014-07-30,0122,Terra,MODIS,61,6.2,300.1,26.9,D,0
-12.6997,130.4474,320.3,1.6,1.2,2014-07-30,0122,Terra,MODIS,50,6.2,299,20.9,D,0
-12.7021,130.462,328.3,1.6,1.2,2014-07-30,0122,Terra,MODIS,76,6.2,300.1,37.7,D,0
-14.4661,130.2563,325.8,1.6,1.2,2014-07-30,0122,Terra,MODIS,76,6.2,303.2,27.8,D,0
-14.4633,130.2487,324.9,1.6,1.2,2014-07-30,0122,Terra,MODIS,75,6.2,302.8,25.3,D,0
-14.4657,130.2632,318.2,1.6,1.2,2014-07-30,0122,Terra,MODIS,59,6.2,303.1,13.4,D,0
-12.4063,130.6212,322.4,1.6,1.2,2014-07-30,0122,Terra,MODIS,67,6.2,300.3,26.3,D,0
-18.7381,132.7475,316.8,1,1,2014-07-30,0123,Terra,MODIS,54,6.2,303.8,7.4,D,0
-20.2626,127.4866,315.6,1.9,1.3,2014-07-30,0124,Terra,MODIS,0,6.2,301.2,16.5,D,0
-20.2176,127.3052,313.8,2,1.4,2014-07-30,0124,Terra,MODIS,41,6.2,299.6,15.6,D,0
-20.153,127.2991,312.2,2,1.4,2014-07-30,0124,Terra,MODIS,38,6.2,299.6,11.2,D,0
-22.2849,128.0906,349,1.6,1.2,2014-07-30,0125,Terra,MODIS,95,6.2,301.8,105.8,D,0
-22.296,128.0883,319.4,1.6,1.2,2014-07-30,0125,Terra,MODIS,72,6.2,298,22.1,D,0
-22.2982,128.0976,325.6,1.6,1.2,2014-07-30,0125,Terra,MODIS,65,6.2,298.9,32.9,D,0
-22.2987,128.1035,318.1,1.6,1.2,2014-07-30,0125,Terra,MODIS,71,6.2,298.9,19.6,D,0
-22.2651,115.4983,311.7,2.3,1.5,2014-07-30,0303,Terra,MODIS,32,6.2,287.5,12.8,D,0
-34.4664,150.8867,307.7,1.1,1.1,2014-07-30,0405,Aqua,MODIS,0,6.2,293.6,6,D,2
-34.8258,145.9523,318.6,1.1,1,2014-07-30,0405,Aqua,MODIS,74,6.2,284,18.2,D,0
-33.6937,145.7983,304.3,1.1,1,2014-07-30,0405,Aqua,MODIS,50,6.2,293.6,4.8,D,0
-32.981,150.6626,312,1.2,1.1,2014-07-30,0405,Aqua,MODIS,72,6.2,292.4,12.1,D,0
-32.983,150.6501,313.8,1.2,1.1,2014-07-30,0405,Aqua,MODIS,74,6.2,292.6,13.8,D,0
-32.9734,150.6478,308.6,1.2,1.1,2014-07-30,0405,Aqua,MODIS,36,6.2,291.6,8.4,D,0
-31.2039,147.6229,313.2,1,1,2014-07-30,0406,Aqua,MODIS,68,6.2,296.5,8.1,D,0
-31.5136,150.9597,302.6,1.3,1.1,2014-07-30,0406,Aqua,MODIS,53,6.2,291.2,5.8,D,0
-31.0314,147.5437,331.3,1,1,2014-07-30,0406,Aqua,MODIS,86,6.2,297.3,24.5,D,0
-31.0209,147.5524,317.7,1,1,2014-07-30,0406,Aqua,MODIS,74,6.2,300,10.9,D,0
-31.0224,147.5419,318.8,1,1,2014-07-30,0406,Aqua,MODIS,75,6.2,299.5,11.8,D,0
-31.3939,148.0829,330.3,1,1,2014-07-30,0406,Aqua,MODIS,86,6.2,298.2,26.4,D,0
-29.8665,149.1907,312.9,1.1,1,2014-07-30,0406,Aqua,MODIS,59,6.2,301.6,8.1,D,0
-30.6337,149.0087,318.1,1.1,1,2014-07-30,0406,Aqua,MODIS,75,6.2,296.3,14.4,D,0
-30.6355,148.9975,306.8,1.1,1,2014-07-30,0406,Aqua,MODIS,54,6.2,296.2,4.6,D,0
-31.2091,149.5167,303.6,1.1,1,2014-07-30,0406,Aqua,MODIS,48,6.2,291.9,4.9,D,0
-30.2319,148.5747,315.7,1.1,1,2014-07-30,0406,Aqua,MODIS,64,6.2,305.1,7,D,0
-31.2054,147.6124,320.8,1,1,2014-07-30,0406,Aqua,MODIS,78,6.2,298.8,14.6,D,0
-29.9646,151.4084,318.5,1.4,1.2,2014-07-30,0406,Aqua,MODIS,77,6.2,292.9,25,D,0
-31.0494,147.5473,312.7,1,1,2014-07-30,0406,Aqua,MODIS,37,6.2,299.2,6.5,D,0
-30.316,148.9277,338,1.1,1,2014-07-30,0406,Aqua,MODIS,89,6.2,302.6,39.2,D,0
-30.3177,148.9166,327.3,1.1,1,2014-07-30,0406,Aqua,MODIS,82,6.2,304.7,22,D,0
-31.3955,148.0722,321.8,1,1,2014-07-30,0406,Aqua,MODIS,80,6.2,296.1,16.3,D,0
-30.0256,153.0904,328.9,1.8,1.3,2014-07-30,0406,Aqua,MODIS,86,6.2,296.6,60.5,D,0
-28.9183,152.6315,336.7,1.8,1.3,2014-07-30,0406,Aqua,MODIS,90,6.2,298.2,82.8,D,0
-28.9217,152.6582,307.1,1.8,1.3,2014-07-30,0406,Aqua,MODIS,46,6.2,293,11.3,D,0
-30.022,153.1094,322.5,1.8,1.3,2014-07-30,0406,Aqua,MODIS,82,6.2,295.6,43.2,D,0
-28.93,152.6343,304.6,1.8,1.3,2014-07-30,0406,Aqua,MODIS,45,6.2,294.1,9.4,D,0
-28.7086,153.1205,306.4,1.9,1.4,2014-07-30,0406,Aqua,MODIS,59,6.2,295.3,14,D,0
-29.8474,153.0518,320.9,1.8,1.3,2014-07-30,0406,Aqua,MODIS,80,6.2,296.4,37.5,D,0
-29.4831,152.7618,305.3,1.8,1.3,2014-07-30,0406,Aqua,MODIS,57,6.2,294.8,9.8,D,0
-31.2958,146.9827,309.3,1,1,2014-07-30,0406,Aqua,MODIS,59,6.2,297.4,6,D,0
-31.502,150.2408,307.7,1.2,1.1,2014-07-30,0406,Aqua,MODIS,65,6.2,294.8,6.2,D,0
-32.3738,146.7679,305.8,1,1,2014-07-30,0406,Aqua,MODIS,54,6.2,295.5,4.1,D,0
-29.358,153.3118,337.8,1.9,1.4,2014-07-30,0406,Aqua,MODIS,79,6.2,293.6,101.1,D,0
-29.7278,152.995,312.5,1.8,1.3,2014-07-30,0406,Aqua,MODIS,72,6.2,297.9,18,D,0
-31.6742,146.0986,329.2,1,1,2014-07-30,0406,Aqua,MODIS,84,6.2,298.6,25,D,0
-28.9149,152.6497,333.6,1.8,1.3,2014-07-30,0406,Aqua,MODIS,88,6.2,295.4,71.9,D,0
-32.0029,146.727,314.6,1,1,2014-07-30,0406,Aqua,MODIS,71,6.2,297.5,10.3,D,0
-33.4395,145.5655,306.3,1.1,1,2014-07-30,0406,Aqua,MODIS,53,6.2,295.4,5.2,D,0
-28.9252,152.6402,344.4,1.8,1.3,2014-07-30,0406,Aqua,MODIS,93,6.2,296.5,113.3,D,0
-29.8439,153.0702,311.1,1.8,1.3,2014-07-30,0406,Aqua,MODIS,71,6.2,295.5,18.3,D,0
-30.3869,151.7563,309.7,1.5,1.2,2014-07-30,0406,Aqua,MODIS,68,6.2,293.3,13.7,D,0
-30.3018,151.735,301.7,1.5,1.2,2014-07-30,0406,Aqua,MODIS,42,6.2,290.9,5.8,D,0
-30.7455,151.6374,304.3,1.4,1.2,2014-07-30,0406,Aqua,MODIS,57,6.2,291.4,7.9,D,0
-31.1933,152.0523,310.5,1.5,1.2,2014-07-30,0406,Aqua,MODIS,42,6.2,291.6,14.7,D,0
-31.1962,152.0365,309,1.5,1.2,2014-07-30,0406,Aqua,MODIS,64,6.2,292.3,13.7,D,0
-31.1989,152.0215,324,1.5,1.2,2014-07-30,0406,Aqua,MODIS,83,6.2,294.2,34.9,D,0
-31.1825,152.0504,328.2,1.5,1.2,2014-07-30,0406,Aqua,MODIS,85,6.2,294.7,43,D,0
-31.1809,152.045,319.1,1.5,1.2,2014-07-30,0406,Aqua,MODIS,34,6.2,294.1,24.9,D,0
-30.8013,151.3235,307.9,1.4,1.2,2014-07-30,0406,Aqua,MODIS,65,6.2,291,11.6,D,0
-31.2017,152.0064,305.9,1.5,1.2,2014-07-30,0406,Aqua,MODIS,36,6.2,292.8,9.1,D,0
-31.2045,151.9914,311.2,1.5,1.2,2014-07-30,0406,Aqua,MODIS,67,6.2,292.7,14.3,D,0
-31.1574,151.9895,306,1.5,1.2,2014-07-30,0406,Aqua,MODIS,57,6.2,292.8,9.4,D,0
-31.16,151.9754,319.1,1.5,1.2,2014-07-30,0406,Aqua,MODIS,79,6.2,295.2,27.1,D,0
-31.1467,151.9873,328.2,1.5,1.2,2014-07-30,0406,Aqua,MODIS,86,6.2,296.1,42.6,D,0
-32.1429,151.1833,302.8,1.3,1.1,2014-07-30,0406,Aqua,MODIS,37,6.2,292.2,4.2,D,0
-32.1406,151.1963,304.2,1.3,1.1,2014-07-30,0406,Aqua,MODIS,40,6.2,291.9,5.4,D,0
-30.1778,151.2496,342,1.4,1.2,2014-07-30,0406,Aqua,MODIS,92,6.2,293.9,72.6,D,0
-29.296,149.9192,318.4,1.2,1.1,2014-07-30,0406,Aqua,MODIS,73,6.2,302.5,12.1,D,0
-25.4456,152.3166,310.9,2,1.4,2014-07-30,0407,Aqua,MODIS,28,6.2,297.2,15.7,D,0
-27.7881,147.4393,318,1,1,2014-07-30,0407,Aqua,MODIS,65,6.2,305.4,7.7,D,0
-25.1885,152.0775,312.1,1.9,1.4,2014-07-30,0407,Aqua,MODIS,55,6.2,298.9,16.9,D,0
-27.7897,147.4289,316.9,1,1,2014-07-30,0407,Aqua,MODIS,62,6.2,305.2,6.6,D,0
-28.5491,150.1492,317.8,1.3,1.1,2014-07-30,0407,Aqua,MODIS,34,6.2,301.1,13.8,D,0
-28.6451,152.6761,304.2,1.8,1.3,2014-07-30,0407,Aqua,MODIS,47,6.2,293.1,11.9,D,0
-27.7808,147.4312,316.4,1,1,2014-07-30,0407,Aqua,MODIS,61,6.2,306.1,6.5,D,0
-28.6785,152.5964,308.7,1.8,1.3,2014-07-30,0407,Aqua,MODIS,58,6.2,296.3,12.9,D,0
-25.4493,152.297,310.1,2,1.4,2014-07-30,0407,Aqua,MODIS,34,6.2,297.3,15.2,D,0
-28.5333,152.642,311.2,1.8,1.3,2014-07-30,0407,Aqua,MODIS,67,6.2,294.5,23,D,0
-28.363,151.1069,334.1,1.5,1.2,2014-07-30,0407,Aqua,MODIS,87,6.2,297.2,52.3,D,0
-25.4701,152.3223,310.1,2,1.4,2014-07-30,0407,Aqua,MODIS,11,6.2,296.4,14.6,D,0
-25.4097,152.3701,310.7,2,1.4,2014-07-30,0407,Aqua,MODIS,21,6.2,296.2,16.1,D,0
-28.8633,151.0121,309,1.4,1.2,2014-07-30,0407,Aqua,MODIS,52,6.2,298,8.2,D,0
-28.1109,153.2653,308.1,2,1.4,2014-07-30,0407,Aqua,MODIS,57,6.2,294.4,20.3,D,0
-28.3604,151.1216,320.5,1.5,1.2,2014-07-30,0407,Aqua,MODIS,70,6.2,295.3,24,D,0
-28.3204,151.0969,318.7,1.5,1.2,2014-07-30,0407,Aqua,MODIS,73,6.2,296.4,23.1,D,0
-28.5463,150.154,320.2,1.3,1.1,2014-07-30,0407,Aqua,MODIS,73,6.2,301.4,17.7,D,0
-27.9528,150.4947,309.4,1.4,1.2,2014-07-30,0407,Aqua,MODIS,36,6.2,299,7.5,D,0
-25.3974,152.3672,320.5,2,1.4,2014-07-30,0407,Aqua,MODIS,73,6.2,297.5,39.6,D,0
-26.338,151.9376,311.6,1.8,1.3,2014-07-30,0407,Aqua,MODIS,57,6.2,297.5,17.6,D,0
-26.1569,148.611,324.5,1.2,1.1,2014-07-30,0407,Aqua,MODIS,75,6.2,303.5,16.7,D,0
-26.1473,148.609,325.1,1.2,1.1,2014-07-30,0407,Aqua,MODIS,42,6.2,304.4,15.8,D,0
-26.1588,148.5995,323.4,1.2,1.1,2014-07-30,0407,Aqua,MODIS,73,6.2,303.4,15.1,D,0
-26.1492,148.5975,390.7,1.2,1.1,2014-07-30,0407,Aqua,MODIS,100,6.2,311.4,236.9,D,0
-26.1511,148.586,338.5,1.2,1.1,2014-07-30,0407,Aqua,MODIS,88,6.2,307.7,37.7,D,0
-25.4903,151.517,322.1,1.8,1.3,2014-07-30,0407,Aqua,MODIS,74,6.2,304.5,28.2,D,0
-25.4936,151.4993,315.8,1.7,1.3,2014-07-30,0407,Aqua,MODIS,56,6.2,303,15.6,D,0
-26.6494,150.5388,313.7,1.4,1.2,2014-07-30,0407,Aqua,MODIS,62,6.2,302.3,11,D,0
-26.068,151.8915,314.8,1.8,1.3,2014-07-30,0407,Aqua,MODIS,66,6.2,299.9,16.9,D,0
-27.1349,151.181,316.6,1.5,1.2,2014-07-30,0407,Aqua,MODIS,69,6.2,302.8,13.5,D,0
-27.1377,151.1656,319.3,1.5,1.2,2014-07-30,0407,Aqua,MODIS,73,6.2,304,18,D,0
-27.0231,148.9588,332.5,1.2,1.1,2014-07-30,0407,Aqua,MODIS,84,6.2,303,31.1,D,0
-27.0154,148.9451,324.9,1.2,1.1,2014-07-30,0407,Aqua,MODIS,77,6.2,303,19.6,D,0
-26.9286,150.2493,311.6,1.4,1.2,2014-07-30,0407,Aqua,MODIS,47,6.2,300.9,8.6,D,0
-27.299,152.8793,331.4,2,1.4,2014-07-30,0407,Aqua,MODIS,85,6.2,300.4,74.4,D,0
-27.2981,152.8738,330.8,2,1.4,2014-07-30,0407,Aqua,MODIS,85,6.2,301.2,72.8,D,0
-26.6615,152.4083,313.9,1.9,1.3,2014-07-30,0407,Aqua,MODIS,65,6.2,295.3,25.2,D,0
-26.6651,152.3896,307.7,1.9,1.3,2014-07-30,0407,Aqua,MODIS,28,6.2,297.1,12.5,D,0
-26.6588,152.4026,315.2,1.9,1.3,2014-07-30,0407,Aqua,MODIS,67,6.2,295.7,27.7,D,0
-27.3029,152.86,315.8,2,1.4,2014-07-30,0407,Aqua,MODIS,70,6.2,300.9,28.6,D,0
-26.6573,149.6715,315.2,1.3,1.1,2014-07-30,0407,Aqua,MODIS,49,6.2,303.2,7.9,D,0
-26.6595,149.6588,314.6,1.3,1.1,2014-07-30,0407,Aqua,MODIS,46,6.2,302.1,6.8,D,0
-22.1356,149.4632,317.8,1.5,1.2,2014-07-30,0408,Aqua,MODIS,62,6.2,299.5,21.8,D,0
-24.8497,147.0791,316.4,1,1,2014-07-30,0408,Aqua,MODIS,60,6.2,300.4,9.6,D,0
-22.7864,150.2986,313.9,1.6,1.3,2014-07-30,0408,Aqua,MODIS,60,6.2,298.5,16.9,D,0
-22.7836,150.3038,317.3,1.6,1.3,2014-07-30,0408,Aqua,MODIS,63,6.2,298.4,21.3,D,0
-22.8199,150.5617,311.5,1.7,1.3,2014-07-30,0408,Aqua,MODIS,23,6.2,296.4,15.4,D,0
-24.0233,148.4877,317.1,1.2,1.1,2014-07-30,0408,Aqua,MODIS,51,6.2,302.4,7.5,D,0
-22.1463,149.4653,326.8,1.5,1.2,2014-07-30,0408,Aqua,MODIS,71,6.2,299.9,35.9,D,0
-22.8005,150.2101,312.1,1.6,1.2,2014-07-30,0408,Aqua,MODIS,46,6.2,300.1,10.6,D,0
-22.7999,150.2204,310.9,1.6,1.3,2014-07-30,0408,Aqua,MODIS,41,6.2,300.2,9.8,D,0
-22.8397,150.2507,320.2,1.6,1.3,2014-07-30,0408,Aqua,MODIS,49,6.2,300.4,22,D,0
-22.8424,150.2351,317.4,1.6,1.3,2014-07-30,0408,Aqua,MODIS,54,6.2,300.2,18.2,D,0
-22.8452,150.2195,317.7,1.6,1.2,2014-07-30,0408,Aqua,MODIS,67,6.2,300.4,19.6,D,0
-22.8257,150.264,318.9,1.6,1.3,2014-07-30,0408,Aqua,MODIS,21,6.2,301.3,20.6,D,0
-22.6139,150.2964,314.5,1.6,1.3,2014-07-30,0408,Aqua,MODIS,20,6.2,294.7,18.5,D,0
-22.1653,149.4843,332.4,1.5,1.2,2014-07-30,0408,Aqua,MODIS,84,6.2,301.5,48.6,D,0
-22.1438,149.4799,325.4,1.5,1.2,2014-07-30,0408,Aqua,MODIS,72,6.2,302.3,32.9,D,0
-19.7433,147.1996,332.5,1.2,1.1,2014-07-30,0409,Aqua,MODIS,84,6.2,306.7,31.1,D,0
-17.5857,145.3069,335.3,1,1,2014-07-30,0410,Aqua,MODIS,81,6.2,294.7,33.7,D,0
-16.4161,144.2478,322.7,1,1,2014-07-30,0410,Aqua,MODIS,68,6.2,304.6,9.4,D,0
-16.4147,144.2572,321,1,1,2014-07-30,0410,Aqua,MODIS,56,6.2,304.3,8,D,0
-16.3734,144.2929,319.5,1,1,2014-07-30,0410,Aqua,MODIS,66,6.2,304,6.3,D,0
-15.7446,143.0982,327.2,1,1,2014-07-30,0410,Aqua,MODIS,70,6.2,303.5,14.3,D,0
-15.313,143.2194,340.4,1,1,2014-07-30,0410,Aqua,MODIS,89,6.2,302.4,33.5,D,0
-15.309,143.2472,328.1,1,1,2014-07-30,0410,Aqua,MODIS,77,6.2,294.9,14.7,D,0
-15.3117,143.2287,349.9,1,1,2014-07-30,0410,Aqua,MODIS,95,6.2,303.8,51.4,D,0
-15.6799,143.2908,317.9,1,1,2014-07-30,0410,Aqua,MODIS,60,6.2,301.2,5.5,D,0
-15.751,143.1182,350.3,1,1,2014-07-30,0410,Aqua,MODIS,95,6.2,306.7,48.7,D,0
-15.7586,143.1289,324.6,1,1,2014-07-30,0410,Aqua,MODIS,33,6.2,304.2,8.9,D,0
-15.7329,143.1155,329.8,1,1,2014-07-30,0410,Aqua,MODIS,64,6.2,305,16.6,D,0
-15.76,143.1196,330.8,1,1,2014-07-30,0410,Aqua,MODIS,79,6.2,304.3,16.8,D,0
-15.7431,143.1741,322.5,1,1,2014-07-30,0410,Aqua,MODIS,46,6.2,304,7.1,D,0
-15.7003,143.2816,321.8,1,1,2014-07-30,0410,Aqua,MODIS,43,6.2,305.6,9.6,D,0
-15.7277,143.1527,328.7,1,1,2014-07-30,0410,Aqua,MODIS,47,6.2,307.1,13.6,D,0
-15.7356,143.0968,330.6,1,1,2014-07-30,0410,Aqua,MODIS,81,6.2,303.8,19.7,D,0
-15.7016,143.2723,320.5,1,1,2014-07-30,0410,Aqua,MODIS,67,6.2,304.3,8.8,D,0
-16.3721,144.3023,319.7,1,1,2014-07-30,0410,Aqua,MODIS,66,6.2,303.4,6.8,D,0
-14.3636,141.6056,324.7,1.1,1,2014-07-30,0411,Aqua,MODIS,74,6.2,307.4,9.9,D,0
-12.6083,142.1315,399.6,1,1,2014-07-30,0411,Aqua,MODIS,100,6.2,309.2,245.2,D,0
-12.9988,142.1,318.5,1,1,2014-07-30,0411,Aqua,MODIS,60,6.2,301.3,9.3,D,0
-12.6187,142.1236,319.5,1,1,2014-07-30,0411,Aqua,MODIS,70,6.2,295.7,8.8,D,0
-15.0516,143.0573,334.8,1,1,2014-07-30,0411,Aqua,MODIS,85,6.2,304,23.5,D,0
-15.0595,143.0017,324.4,1,1,2014-07-30,0411,Aqua,MODIS,62,6.2,304.4,11.5,D,0
-15.4498,141.762,339.5,1.1,1,2014-07-30,0411,Aqua,MODIS,87,6.2,308.3,32,D,0
-15.0582,143.011,326.4,1,1,2014-07-30,0411,Aqua,MODIS,63,6.2,305.7,13.5,D,0
-15.9549,136.5163,325.4,2.4,1.5,2014-07-30,0411,Aqua,MODIS,70,6.2,309.1,39.7,D,0
-14.2481,143.6591,315.3,1,1,2014-07-30,0411,Aqua,MODIS,59,6.2,297.1,7.6,D,0
-15.2014,142.839,331.2,1,1,2014-07-30,0411,Aqua,MODIS,81,6.2,306,18.4,D,0
-14.2494,143.6499,314.6,1,1,2014-07-30,0411,Aqua,MODIS,46,6.2,297.3,6.5,D,0
-13.5648,141.7278,323.5,1,1,2014-07-30,0411,Aqua,MODIS,48,6.2,300.7,11.4,D,0
-13.5661,141.7182,326.3,1,1,2014-07-30,0411,Aqua,MODIS,60,6.2,303.2,14.7,D,0
-15.0531,142.9818,338.6,1,1,2014-07-30,0411,Aqua,MODIS,88,6.2,303.9,29.9,D,0
-12.616,142.1421,342.3,1,1,2014-07-30,0411,Aqua,MODIS,91,6.2,299.4,38.4,D,0
-15.905,136.5994,319.2,2.3,1.5,2014-07-30,0411,Aqua,MODIS,50,6.2,302.4,22.8,D,0
-12.6173,142.1328,350.7,1,1,2014-07-30,0411,Aqua,MODIS,96,6.2,298,55.7,D,0
-14.8257,144.238,319.5,1,1,2014-07-30,0411,Aqua,MODIS,60,6.2,299.7,11.4,D,0
-15.9574,136.4941,333.5,2.4,1.5,2014-07-30,0411,Aqua,MODIS,84,6.2,305.4,74.1,D,0
-14.567,144.1783,349.7,1,1,2014-07-30,0411,Aqua,MODIS,95,6.2,301.7,57.1,D,0
-15.4511,141.752,325.3,1.1,1,2014-07-30,0411,Aqua,MODIS,68,6.2,308.3,9.8,D,0
-12.607,142.1408,340.5,1,1,2014-07-30,0411,Aqua,MODIS,90,6.2,301.8,34.8,D,0
-14.5656,144.1877,320.5,1,1,2014-07-30,0411,Aqua,MODIS,47,6.2,301.6,12,D,0
-14.3649,141.5958,326.2,1.1,1,2014-07-30,0411,Aqua,MODIS,76,6.2,307.5,11.5,D,0
-15.2113,142.8374,324.4,1,1,2014-07-30,0411,Aqua,MODIS,61,6.2,307.2,9.9,D,0
-13.5478,141.7155,323.4,1,1,2014-07-30,0411,Aqua,MODIS,48,6.2,300.7,11.6,D,0
-15.0544,142.9725,338.9,1,1,2014-07-30,0411,Aqua,MODIS,88,6.2,304.4,31.1,D,0
-14.3132,142.6882,324.1,1,1,2014-07-30,0411,Aqua,MODIS,73,6.2,301.9,12.8,D,0
-15.0529,143.0481,328.1,1,1,2014-07-30,0411,Aqua,MODIS,78,6.2,304.3,14.7,D,0
-14.3119,142.6975,321.5,1,1,2014-07-30,0411,Aqua,MODIS,66,6.2,300.1,10.3,D,0
-12.6096,142.1222,342.8,1,1,2014-07-30,0411,Aqua,MODIS,92,6.2,300.4,39.5,D,0
-15.04,143.0745,320.6,1,1,2014-07-30,0411,Aqua,MODIS,26,6.2,302.5,7.4,D,0
-13.7022,134.3772,325.2,3.2,1.7,2014-07-30,0411,Aqua,MODIS,78,6.2,291.4,89.3,D,0
-13.6994,134.3838,328.8,3.2,1.7,2014-07-30,0411,Aqua,MODIS,81,6.2,289.5,110.7,D,0
-13.6962,134.4136,321.8,3.2,1.7,2014-07-30,0411,Aqua,MODIS,74,6.2,288.1,66.6,D,0
-13.6988,134.4069,336,3.2,1.7,2014-07-30,0411,Aqua,MODIS,87,6.2,289.1,164.5,D,0
-13.2871,141.9403,370.5,1,1,2014-07-30,0411,Aqua,MODIS,100,6.2,304.8,111,D,0
-14.9471,142.8167,318,1,1,2014-07-30,0411,Aqua,MODIS,48,6.2,303.2,5.6,D,0
-14.0061,142.0566,326.2,1,1,2014-07-30,0411,Aqua,MODIS,78,6.2,306.2,14.4,D,0
-14.9522,142.846,323.6,1,1,2014-07-30,0411,Aqua,MODIS,58,6.2,305.3,9.5,D,0
-14.9353,142.9004,332.9,1,1,2014-07-30,0411,Aqua,MODIS,83,6.2,304.5,21.7,D,0
-14.9535,142.8367,327.1,1,1,2014-07-30,0411,Aqua,MODIS,77,6.2,304.7,13.4,D,0
-14.9482,142.8739,328.9,1,1,2014-07-30,0411,Aqua,MODIS,79,6.2,303.1,15.5,D,0
-14.9508,142.8553,327.4,1,1,2014-07-30,0411,Aqua,MODIS,73,6.2,305.7,13.7,D,0
-14.9495,142.8646,347.3,1,1,2014-07-30,0411,Aqua,MODIS,93,6.2,306.1,44.4,D,0
-14.9431,142.8447,321.1,1,1,2014-07-30,0411,Aqua,MODIS,26,6.2,303.7,7.9,D,0
-14.9366,142.8911,332.5,1,1,2014-07-30,0411,Aqua,MODIS,83,6.2,304.3,20.9,D,0
-14.2211,143.6549,314.7,1,1,2014-07-30,0411,Aqua,MODIS,56,6.2,296.2,6.9,D,0
-15.0088,142.8356,326.1,1,1,2014-07-30,0411,Aqua,MODIS,76,6.2,304.5,12.7,D,0
-14.6814,142.7492,323.9,1,1,2014-07-30,0411,Aqua,MODIS,62,6.2,303.3,11.4,D,0
-15.0218,142.809,320.2,1,1,2014-07-30,0411,Aqua,MODIS,42,6.2,304.4,6.4,D,0
-13.9858,143.4957,322.1,1,1,2014-07-30,0411,Aqua,MODIS,38,6.2,298.1,11.9,D,0
-13.2884,141.9309,345.2,1,1,2014-07-30,0411,Aqua,MODIS,93,6.2,299.1,43.8,D,0
-13.282,141.9106,341,1,1,2014-07-30,0411,Aqua,MODIS,90,6.2,301.5,36,D,0
-13.2818,141.978,321.4,1,1,2014-07-30,0411,Aqua,MODIS,70,6.2,301.5,8.3,D,0
-14.9016,143.0128,320.3,1,1,2014-07-30,0411,Aqua,MODIS,48,6.2,302.9,8.4,D,0
-13.9845,143.5049,319.3,1,1,2014-07-30,0411,Aqua,MODIS,28,6.2,297.3,9.2,D,0
-13.2507,141.9349,326.9,1,1,2014-07-30,0411,Aqua,MODIS,69,6.2,303.3,13.4,D,0
-13.2832,141.9686,330.2,1,1,2014-07-30,0411,Aqua,MODIS,83,6.2,302.6,18.7,D,0
-13.2845,141.9592,344.9,1,1,2014-07-30,0411,Aqua,MODIS,92,6.2,303.9,42.4,D,0
-13.2858,141.9497,338.6,1,1,2014-07-30,0411,Aqua,MODIS,89,6.2,303.6,31.4,D,0
-13.2494,141.9443,332.8,1,1,2014-07-30,0411,Aqua,MODIS,85,6.2,303.9,21.4,D,0
-14.6878,142.7692,319.6,1,1,2014-07-30,0411,Aqua,MODIS,46,6.2,302.3,7.5,D,0
-14.9067,143.0381,321.8,1,1,2014-07-30,0411,Aqua,MODIS,40,6.2,300.5,9,D,0
-15.0134,141.8096,325.9,1.1,1,2014-07-30,0411,Aqua,MODIS,53,6.2,308.2,9.9,D,0
-12.841,135.4708,313.9,2.6,1.5,2014-07-30,0411,Aqua,MODIS,50,6.2,295.3,26.8,D,0
-13.2651,141.8984,327,1,1,2014-07-30,0411,Aqua,MODIS,52,6.2,301.8,16.1,D,0
-14.9181,143.0872,324.8,1,1,2014-07-30,0411,Aqua,MODIS,71,6.2,302,12.3,D,0
-15.0284,143.0917,331.5,1,1,2014-07-30,0411,Aqua,MODIS,82,6.2,305.3,18.3,D,0
-15.0073,142.9114,322.8,1,1,2014-07-30,0411,Aqua,MODIS,71,6.2,304.5,8.7,D,0
-14.6665,142.7213,320.3,1,1,2014-07-30,0411,Aqua,MODIS,58,6.2,304.4,8.1,D,0
-15.006,142.9207,324,1,1,2014-07-30,0411,Aqua,MODIS,73,6.2,305,9.6,D,0
-13.252,141.9255,335.5,1,1,2014-07-30,0411,Aqua,MODIS,86,6.2,303.7,25.7,D,0
-14.1994,143.6137,315.3,1,1,2014-07-30,0411,Aqua,MODIS,43,6.2,297,6,D,0
-14.2008,143.6045,318.2,1,1,2014-07-30,0411,Aqua,MODIS,64,6.2,298.2,8,D,0
-15.0147,142.9285,325.3,1,1,2014-07-30,0411,Aqua,MODIS,41,6.2,304.9,11,D,0
-15.016,142.9192,325.7,1,1,2014-07-30,0411,Aqua,MODIS,48,6.2,304.5,12,D,0
-15.0178,142.837,322.8,1,1,2014-07-30,0411,Aqua,MODIS,71,6.2,303.2,9.7,D,0
-15.0121,141.8194,328,1.1,1,2014-07-30,0411,Aqua,MODIS,67,6.2,308.8,12.1,D,0
-13.2416,141.9335,346,1,1,2014-07-30,0411,Aqua,MODIS,93,6.2,301.7,45.4,D,0
-14.0074,142.0472,322.5,1,1,2014-07-30,0411,Aqua,MODIS,74,6.2,305.3,9.9,D,0
-13.2429,141.9241,342.1,1,1,2014-07-30,0411,Aqua,MODIS,91,6.2,301,38.3,D,0
-14.1918,143.6031,315.3,1,1,2014-07-30,0411,Aqua,MODIS,29,6.2,297.6,5.6,D,0
-11.382,132.4023,310.9,4.3,1.9,2014-07-30,0412,Aqua,MODIS,41,6.2,293.3,35.9,D,0
-12.4829,135.4269,320.2,2.6,1.5,2014-07-30,0412,Aqua,MODIS,68,6.2,292.5,47.2,D,0
-12.8714,132.1242,316.8,4.7,2,2014-07-30,0412,Aqua,MODIS,43,6.2,298.3,49.4,D,0
-12.4766,135.5372,326.2,2.5,1.5,2014-07-30,0412,Aqua,MODIS,69,6.2,291.8,73.7,D,0
-12.4406,135.1201,312.9,2.7,1.6,2014-07-30,0412,Aqua,MODIS,0,6.2,288.2,27.1,D,0
-12.4374,135.1151,314.6,2.7,1.6,2014-07-30,0412,Aqua,MODIS,0,6.2,288.2,32.3,D,0
-12.3522,134.9767,341.9,2.8,1.6,2014-07-30,0412,Aqua,MODIS,79,6.2,293.6,163.9,D,0
-12.4834,135.5452,316.1,2.5,1.5,2014-07-30,0412,Aqua,MODIS,63,6.2,292.5,35.3,D,0
-12.419,134.7755,324.1,2.9,1.6,2014-07-30,0412,Aqua,MODIS,77,6.2,295.4,75.4,D,0
-12.416,134.8017,315.9,2.9,1.6,2014-07-30,0412,Aqua,MODIS,60,6.2,290.7,38.2,D,0
-12.3491,134.969,330.9,2.8,1.6,2014-07-30,0412,Aqua,MODIS,45,6.2,292.6,96.7,D,0
-12.4142,134.7942,321.9,2.9,1.6,2014-07-30,0412,Aqua,MODIS,55,6.2,292.5,59.2,D,0
-33.9729,116.7544,301.7,1.8,1.3,2014-07-30,0544,Aqua,MODIS,42,6.2,288,13.3,D,0
-30.8674,121.4907,311.5,1,1,2014-07-30,0545,Aqua,MODIS,65,6.2,299.5,6.5,D,2
-24.8536,128.1082,345.6,2.2,1.4,2014-07-30,0546,Aqua,MODIS,92,6.2,305.1,146.7,D,0
-24.8577,128.0865,318.8,2.2,1.4,2014-07-30,0546,Aqua,MODIS,65,6.2,304.6,27.9,D,0
-24.8407,128.1052,341.3,2.2,1.4,2014-07-30,0546,Aqua,MODIS,90,6.2,304.9,120.9,D,0
-24.8706,128.0894,334.3,2.2,1.4,2014-07-30,0546,Aqua,MODIS,85,6.2,307.3,85.3,D,0
-24.8644,128.1181,384.8,2.2,1.4,2014-07-30,0546,Aqua,MODIS,100,6.2,308.6,533.3,D,0
-24.8664,128.1113,395.9,2.2,1.4,2014-07-30,0546,Aqua,MODIS,100,6.2,310.6,714.1,D,0
-24.8687,128.0965,368.3,2.2,1.4,2014-07-30,0546,Aqua,MODIS,100,6.2,309.5,329.2,D,0
-22.2257,123.8343,328.5,1.3,1.1,2014-07-30,0547,Aqua,MODIS,75,6.2,305.5,24.2,D,0
-22.2292,123.8292,329.2,1.3,1.1,2014-07-30,0547,Aqua,MODIS,77,6.2,304.9,24.7,D,0
-22.2278,123.8218,328.8,1.3,1.1,2014-07-30,0547,Aqua,MODIS,52,6.2,306.7,23.8,D,0
-22.2312,123.8167,321.3,1.3,1.1,2014-07-30,0547,Aqua,MODIS,29,6.2,305.3,10.8,D,0
-22.217,123.8397,328.8,1.3,1.1,2014-07-30,0547,Aqua,MODIS,77,6.2,306,23.2,D,0
-22.1583,123.8153,323.2,1.3,1.1,2014-07-30,0547,Aqua,MODIS,68,6.2,307.5,12.8,D,0
-22.2833,115.4979,364,1.6,1.2,2014-07-30,0548,Aqua,MODIS,87,6.2,306.6,163.1,D,0
-22.2727,115.4912,378.5,1.6,1.2,2014-07-30,0548,Aqua,MODIS,94,6.2,311.6,259.2,D,0
-22.2616,115.4898,342.8,1.6,1.2,2014-07-30,0548,Aqua,MODIS,83,6.2,307.2,69.6,D,0
-22.2709,115.5065,353.6,1.6,1.2,2014-07-30,0548,Aqua,MODIS,97,6.2,306.5,110.2,D,0
-20.1528,127.302,319.2,2.5,1.5,2014-07-30,0548,Aqua,MODIS,0,6.2,306,23.2,D,0
-18.7024,121.8,326.9,1.1,1.1,2014-07-30,0548,Aqua,MODIS,62,6.2,311.4,9.7,D,0
-18.7918,121.8224,362.4,1.1,1.1,2014-07-30,0548,Aqua,MODIS,100,6.2,312.9,94.5,D,0
-18.7935,121.8117,328.4,1.1,1.1,2014-07-30,0548,Aqua,MODIS,60,6.2,311.9,14.5,D,0
-18.7626,121.8833,331.3,1.1,1.1,2014-07-30,0548,Aqua,MODIS,53,6.2,310.6,18.8,D,0
-18.7576,121.8867,327,1.1,1.1,2014-07-30,0548,Aqua,MODIS,68,6.2,309.9,14.7,D,0
-18.8023,121.6933,323.6,1.1,1.1,2014-07-30,0548,Aqua,MODIS,43,6.2,309.5,8.4,D,0
-18.7854,121.7053,322.9,1.1,1.1,2014-07-30,0548,Aqua,MODIS,62,6.2,310.3,8,D,0
-21.4713,120.9851,362.6,1,1,2014-07-30,0548,Aqua,MODIS,100,6.2,310.3,85,D,0
-21.4728,120.9754,328,1,1,2014-07-30,0548,Aqua,MODIS,76,6.2,308.7,16.3,D,0
-17.2114,122.2888,337.1,1.3,1.1,2014-07-30,0549,Aqua,MODIS,81,6.2,304.5,37.8,D,0
-17.9153,122.4988,323,1.3,1.1,2014-07-30,0549,Aqua,MODIS,64,6.2,309.5,12.2,D,0
-17.9172,122.487,325.1,1.3,1.1,2014-07-30,0549,Aqua,MODIS,69,6.2,309.2,15.5,D,0
-16.4888,123.714,319.1,1.6,1.2,2014-07-30,0549,Aqua,MODIS,61,6.2,300.6,16.1,D,0
-16.4998,123.7167,326.5,1.6,1.2,2014-07-30,0549,Aqua,MODIS,75,6.2,301.6,30.2,D,0
-16.4974,123.731,325.7,1.6,1.2,2014-07-30,0549,Aqua,MODIS,74,6.2,301.9,29,D,0
-17.2033,122.2753,342.5,1.3,1.1,2014-07-30,0549,Aqua,MODIS,78,6.2,307.7,47.7,D,0
-17.2014,122.287,336,1.3,1.1,2014-07-30,0549,Aqua,MODIS,70,6.2,307.2,33.2,D,0
-17.2096,122.3005,329.6,1.3,1.1,2014-07-30,0549,Aqua,MODIS,76,6.2,305.6,24.5,D,0
-28.7745,149.9729,300.4,3.8,1.8,2014-07-30,1331,Terra,MODIS,26,6.2,274.4,60.2,N,0
-20.7321,139.4741,308.7,1.1,1.1,2014-07-30,1334,Terra,MODIS,75,6.2,289,12,N,2
-15.0366,142.8042,306.9,2.4,1.5,2014-07-30,1335,Terra,MODIS,70,6.2,288.6,24.9,N,0
-15.0585,143.0453,300.3,2.5,1.5,2014-07-30,1335,Terra,MODIS,11,6.2,287.8,12.9,N,0
-15.0879,142.958,320.7,2.4,1.5,2014-07-30,1335,Terra,MODIS,100,6.2,288.7,64.9,N,0
-15.0706,142.9776,306.3,2.4,1.5,2014-07-30,1335,Terra,MODIS,68,6.2,288.3,24.6,N,0
-15.084,142.9803,312.4,2.4,1.5,2014-07-30,1335,Terra,MODIS,67,6.2,288.7,38.3,N,0
-15.0626,143.0226,301.8,2.5,1.5,2014-07-30,1335,Terra,MODIS,18,6.2,287.8,15,N,0
-15.0745,142.9553,305.7,2.4,1.5,2014-07-30,1335,Terra,MODIS,65,6.2,288,24.2,N,0
-15.0328,142.826,302.3,2.4,1.5,2014-07-30,1335,Terra,MODIS,25,6.2,288.1,15.2,N,0
-15.0233,142.8016,301.9,2.4,1.5,2014-07-30,1335,Terra,MODIS,10,6.2,288.4,14,N,0
-15.0195,142.8233,303.8,2.4,1.5,2014-07-30,1335,Terra,MODIS,40,6.2,288.1,18,N,0
-12.9431,132.1225,318.2,1.3,1.1,2014-07-30,1336,Terra,MODIS,96,6.2,292.8,21.3,N,0
-12.9114,131.1148,302.9,1.5,1.2,2014-07-30,1336,Terra,MODIS,13,6.2,291.1,6.7,N,0
-12.9361,132.0978,303.7,1.3,1.1,2014-07-30,1336,Terra,MODIS,43,6.2,292.8,5.8,N,0
-12.5912,142.1317,309.9,2.3,1.5,2014-07-30,1336,Terra,MODIS,69,6.2,288.9,34,N,0
-12.908,131.1416,308,1.5,1.2,2014-07-30,1336,Terra,MODIS,73,6.2,291.6,12.3,N,0
-12.9331,132.1211,330.8,1.3,1.1,2014-07-30,1336,Terra,MODIS,100,6.2,293.6,40.6,N,0
-12.9346,132.1095,312.8,1.3,1.1,2014-07-30,1336,Terra,MODIS,86,6.2,293.2,14.4,N,0
-12.3171,136.8719,307.6,1.1,1,2014-07-30,1336,Terra,MODIS,72,6.2,290.7,8.7,N,0
-12.5903,142.1162,310.4,2.3,1.5,2014-07-30,1336,Terra,MODIS,62,6.2,288.9,31.9,N,0
-12.9097,131.1282,329.2,1.5,1.2,2014-07-30,1336,Terra,MODIS,100,6.2,292.2,47.6,N,0
-12.9449,130.8528,301.8,1.5,1.2,2014-07-30,1336,Terra,MODIS,45,6.2,290.7,7.8,N,0
-12.4334,134.7323,302.4,1,1,2014-07-30,1336,Terra,MODIS,15,6.2,292.4,3.3,N,0
-12.923,132.1197,311.3,1.3,1.1,2014-07-30,1336,Terra,MODIS,82,6.2,292.4,13,N,0
-12.3986,134.7834,307.7,1,1,2014-07-30,1336,Terra,MODIS,66,6.2,291.1,6.9,N,0
-13.9907,136.4405,310.2,1,1,2014-07-30,1336,Terra,MODIS,79,6.2,289.6,10.2,N,0
-12.4308,134.7507,302.6,1,1,2014-07-30,1336,Terra,MODIS,21,6.2,292.1,3.5,N,0
-12.4063,134.7939,305.3,1,1,2014-07-30,1336,Terra,MODIS,24,6.2,291.1,5.3,N,0
-12.3999,134.7742,308.6,1,1,2014-07-30,1336,Terra,MODIS,75,6.2,291.5,7.5,N,0
-12.6972,130.4637,311.5,1.6,1.3,2014-07-30,1337,Terra,MODIS,83,6.2,291.8,20.4,N,0
-11.372,131.4461,303.1,1.3,1.1,2014-07-30,1337,Terra,MODIS,35,6.2,292.1,5.2,N,0
-11.3823,131.4476,303.1,1.3,1.1,2014-07-30,1337,Terra,MODIS,35,6.2,292,5.1,N,0
-25.4848,151.5161,302.5,1.1,1.1,2014-07-30,1505,Aqua,MODIS,49,6.2,279.7,10.3,N,0
-27.2935,152.8909,301.4,1,1,2014-07-30,1505,Aqua,MODIS,40,6.2,283.7,7.3,N,0
-27.292,152.8807,302.8,1,1,2014-07-30,1505,Aqua,MODIS,51,6.2,283.2,8.3,N,0
-28.2152,152.7136,300.1,1,1,2014-07-30,1505,Aqua,MODIS,16,6.2,283.7,6.3,N,0
-28.104,153.2685,303.1,1,1,2014-07-30,1505,Aqua,MODIS,53,6.2,285.2,7.9,N,0
-28.1386,152.4505,309.1,1,1,2014-07-30,1505,Aqua,MODIS,76,6.2,286.3,12,N,0
-28.1069,153.2888,315.9,1,1,2014-07-30,1505,Aqua,MODIS,92,6.2,287.9,16.4,N,0
-28.9603,152.103,309.6,1,1,2014-07-30,1505,Aqua,MODIS,78,6.2,278.8,14.1,N,0
-28.1055,153.2787,302.6,1,1,2014-07-30,1505,Aqua,MODIS,50,6.2,287,7.4,N,0
-28.7807,149.9749,312.5,1.2,1.1,2014-07-30,1505,Aqua,MODIS,85,6.2,274.4,20.9,N,0
-28.771,149.977,319.2,1.2,1.1,2014-07-30,1505,Aqua,MODIS,98,6.2,275.4,27.9,N,0
-30.7373,152.5946,302.2,1,1,2014-07-30,1506,Aqua,MODIS,25,6.2,287.1,6.1,N,0
-31.959,152.2044,301.2,1,1,2014-07-30,1506,Aqua,MODIS,39,6.2,284.6,6.7,N,0
-31.1816,152.0513,304.2,1,1,2014-07-30,1506,Aqua,MODIS,44,6.2,280.7,9.1,N,0
-31.1875,152.0285,307.4,1,1,2014-07-30,1506,Aqua,MODIS,49,6.2,280.8,10.9,N,0
-31.1346,151.985,301.2,1,1,2014-07-30,1506,Aqua,MODIS,39,6.2,279.1,7.9,N,0
-31.9209,151.7604,318.2,1,1,2014-07-30,1506,Aqua,MODIS,96,6.2,284.9,19.5,N,0
-32.5032,116.0536,309.7,1,1,2014-07-30,1510,Terra,MODIS,78,6.2,283.2,12.4,N,0
-32.5015,116.0643,302.4,1,1,2014-07-30,1510,Terra,MODIS,49,6.2,283.1,7.8,N,0
-11.3722,131.4455,303.5,1,1,2014-07-30,1639,Aqua,MODIS,56,6.2,292.3,4.3,N,0
-12.5127,134.7818,306,1.2,1.1,2014-07-30,1640,Aqua,MODIS,67,6.2,291.1,9.4,N,0
-12.5142,134.7928,309,1.2,1.1,2014-07-30,1640,Aqua,MODIS,76,6.2,291.3,12,N,0
-12.9355,132.1132,319.9,1,1,2014-07-30,1640,Aqua,MODIS,99,6.2,291.2,17.5,N,0
-12.9341,132.104,303,1,1,2014-07-30,1640,Aqua,MODIS,53,6.2,290.7,4.8,N,0
-15.4954,128.2648,338.3,1.3,1.1,2014-07-30,1641,Aqua,MODIS,100,6.2,290.4,58.3,N,0
-15.4972,128.2763,303.1,1.3,1.1,2014-07-30,1641,Aqua,MODIS,50,6.2,288.6,8.6,N,0
-24.8514,128.1272,317.8,1,1,2014-07-30,1643,Aqua,MODIS,96,6.2,286.2,19.9,N,0
-12.4329,141.8444,314.9,2.5,1.5,2014-07-31,0026,Terra,MODIS,72,6.2,290.2,32.1,D,0
-12.4257,141.8397,310.5,2.5,1.5,2014-07-31,0026,Terra,MODIS,65,6.2,288.8,20.8,D,0
-12.4394,141.8373,347.4,2.5,1.5,2014-07-31,0026,Terra,MODIS,95,6.2,291.8,199.9,D,0
-13.2335,142.0095,309.9,2.4,1.5,2014-07-31,0026,Terra,MODIS,62,6.2,290.8,17.7,D,0
-12.429,141.8213,331.2,2.5,1.5,2014-07-31,0026,Terra,MODIS,86,6.2,290.9,100.3,D,0
-12.4216,141.8167,308.8,2.5,1.5,2014-07-31,0026,Terra,MODIS,59,6.2,290,17.7,D,0
-12.4353,141.8142,333.8,2.5,1.5,2014-07-31,0026,Terra,MODIS,88,6.2,290.5,113.6,D,0
-15.0298,142.8056,317.6,1.9,1.3,2014-07-31,0027,Terra,MODIS,36,6.2,297.6,21.6,D,0
-14.9063,143.0878,325.6,1.8,1.3,2014-07-31,0027,Terra,MODIS,80,6.2,296.6,42.4,D,0
-14.9034,143.071,312.6,1.8,1.3,2014-07-31,0027,Terra,MODIS,59,6.2,295.9,13.1,D,0
-15.0328,142.8231,337.6,1.9,1.3,2014-07-31,0027,Terra,MODIS,89,6.2,297.8,82.8,D,0
-15.0355,143.0919,312.9,1.8,1.3,2014-07-31,0027,Terra,MODIS,62,6.2,296.3,9.1,D,0
-16.4186,144.2442,321.4,1.4,1.2,2014-07-31,0027,Terra,MODIS,76,6.2,297.2,21.7,D,0
-16.4251,144.2498,323.3,1.4,1.2,2014-07-31,0027,Terra,MODIS,78,6.2,296,24.8,D,0
-16.4208,144.2574,318.2,1.4,1.2,2014-07-31,0027,Terra,MODIS,72,6.2,296.6,16.9,D,0
-16.4145,144.2515,314.2,1.4,1.2,2014-07-31,0027,Terra,MODIS,27,6.2,297.9,9.8,D,0
-15.6547,144.7466,309.7,1.4,1.2,2014-07-31,0027,Terra,MODIS,38,6.2,292.6,8.2,D,0
-15.0419,142.8034,319.2,1.9,1.3,2014-07-31,0027,Terra,MODIS,73,6.2,296,26.8,D,0
-14.5489,144.1848,312.7,1.5,1.2,2014-07-31,0027,Terra,MODIS,64,6.2,293.4,12.9,D,0
-15.6443,144.7481,313.5,1.4,1.2,2014-07-31,0027,Terra,MODIS,65,6.2,294.1,12.6,D,0
-15.5018,145.1961,312.8,1.3,1.1,2014-07-31,0027,Terra,MODIS,64,6.2,295.9,10.9,D,0
-15.0682,143.0283,325.2,1.8,1.3,2014-07-31,0027,Terra,MODIS,80,6.2,296.9,37,D,0
-16.8068,145.278,309.3,1.2,1.1,2014-07-31,0027,Terra,MODIS,49,6.2,293.9,7.2,D,0
-15.0711,143.045,318.2,1.8,1.3,2014-07-31,0027,Terra,MODIS,46,6.2,296.2,20.3,D,0
-15.0503,143.0661,317.8,1.8,1.3,2014-07-31,0027,Terra,MODIS,22,6.2,297.5,19,D,0
-15.0449,142.8209,317.3,1.9,1.3,2014-07-31,0027,Terra,MODIS,64,6.2,295.7,22.5,D,0
-15.4998,145.1843,311.8,1.3,1.1,2014-07-31,0027,Terra,MODIS,61,6.2,296.1,9.6,D,0
-15.6071,144.7156,309.8,1.4,1.2,2014-07-31,0027,Terra,MODIS,54,6.2,296.3,7.5,D,0
-19.8264,147.3179,330.6,1,1,2014-07-31,0028,Terra,MODIS,84,6.2,297.8,22.7,D,0
-19.8354,147.3164,316.1,1,1,2014-07-31,0028,Terra,MODIS,68,6.2,297.2,7.4,D,0
-19.7445,147.201,318.8,1,1,2014-07-31,0028,Terra,MODIS,73,6.2,300.9,11.2,D,0
-25.1803,152.0753,306.9,1.8,1.3,2014-07-31,0029,Terra,MODIS,46,6.2,296.4,9.6,D,0
-29.1928,148.3057,308.6,1.2,1.1,2014-07-31,0030,Terra,MODIS,55,6.2,298.3,6,D,0
-28.1058,153.28,309.3,2.4,1.5,2014-07-31,0030,Terra,MODIS,65,6.2,293.1,31.4,D,0
-27.9129,148.7988,310.3,1.2,1.1,2014-07-31,0030,Terra,MODIS,60,6.2,298.9,7.6,D,0
-29.0421,152.7948,305.4,2.3,1.5,2014-07-31,0030,Terra,MODIS,61,6.2,291.9,23.6,D,0
-26.1506,148.6096,312,1.2,1.1,2014-07-31,0030,Terra,MODIS,63,6.2,299.4,6.5,D,0
-26.1491,148.598,316.8,1.2,1.1,2014-07-31,0030,Terra,MODIS,71,6.2,300.4,11.3,D,0
-26.6574,146.0862,329.3,1,1,2014-07-31,0030,Terra,MODIS,84,6.2,298.1,21.3,D,0
-26.6664,146.0846,328.6,1,1,2014-07-31,0030,Terra,MODIS,83,6.2,297.9,21.7,D,0
-26.6379,146.0794,309.6,1,1,2014-07-31,0030,Terra,MODIS,55,6.2,296.9,4.4,D,0
-26.6559,146.0762,349.6,1,1,2014-07-31,0030,Terra,MODIS,95,6.2,299.3,55,D,0
-26.6649,146.0746,322.8,1,1,2014-07-31,0030,Terra,MODIS,78,6.2,298.3,15.2,D,0
-27.2098,150.0589,328.3,1.4,1.2,2014-07-31,0030,Terra,MODIS,83,6.2,299.5,37.9,D,0
-27.2114,150.0733,309.2,1.4,1.2,2014-07-31,0030,Terra,MODIS,57,6.2,298.1,7.5,D,0
-26.6364,146.0694,318.4,1,1,2014-07-31,0030,Terra,MODIS,73,6.2,297.6,11.4,D,0
-28.9015,149.6147,311.5,1.4,1.2,2014-07-31,0030,Terra,MODIS,68,6.2,296.6,12.2,D,0
-29.2897,149.9276,327.1,1.5,1.2,2014-07-31,0030,Terra,MODIS,84,6.2,297.3,38.4,D,0
-28.7818,149.9739,313.4,1.5,1.2,2014-07-31,0030,Terra,MODIS,71,6.2,297.4,14.7,D,0
-29.288,149.9123,316.4,1.5,1.2,2014-07-31,0030,Terra,MODIS,75,6.2,297.7,18.5,D,0
-31.193,152.0211,300.5,2.2,1.4,2014-07-31,0031,Terra,MODIS,32,6.2,287.7,12.5,D,0
-31.9312,151.7688,312.4,2.1,1.4,2014-07-31,0031,Terra,MODIS,72,6.2,292.4,33.1,D,0
-29.3652,148.1407,318.2,1.2,1.1,2014-07-31,0031,Terra,MODIS,74,6.2,297.5,14.4,D,0
-32.312,146.8404,302.1,1.1,1.1,2014-07-31,0031,Terra,MODIS,50,6.2,291.7,4.4,D,0
-32.0968,146.5902,305.6,1.1,1,2014-07-31,0031,Terra,MODIS,62,6.2,293.2,6.3,D,0
-29.8891,153.0427,301.7,2.4,1.5,2014-07-31,0031,Terra,MODIS,49,6.2,291.7,15.9,D,0
-32.3325,147.4179,314.1,1.2,1.1,2014-07-31,0031,Terra,MODIS,74,6.2,291.6,15.3,D,0
-32.3341,147.4305,312.3,1.2,1.1,2014-07-31,0031,Terra,MODIS,72,6.2,291.8,13.6,D,0
-31.3226,148.2079,302.2,1.3,1.1,2014-07-31,0031,Terra,MODIS,51,6.2,291.1,5.5,D,0
-31.6411,146.6072,307,1.1,1,2014-07-31,0031,Terra,MODIS,65,6.2,292.7,6.9,D,0
-31.4462,148.7543,306,1.3,1.2,2014-07-31,0031,Terra,MODIS,62,6.2,289.5,11.3,D,0
-34.6422,142.1871,308.4,1,1,2014-07-31,0032,Terra,MODIS,67,6.2,290.7,8.6,D,0
-34.6322,144.1883,305,1,1,2014-07-31,0032,Terra,MODIS,60,6.2,290.8,5.5,D,0
-34.644,142.1985,304.2,1,1,2014-07-31,0032,Terra,MODIS,58,6.2,290.7,5.8,D,0
-34.9225,142.3264,303.1,1,1,2014-07-31,0032,Terra,MODIS,55,6.2,290.3,5.7,D,0
-34.6306,144.1773,302,1,1,2014-07-31,0032,Terra,MODIS,50,6.2,291.6,3.8,D,0
-35.0087,143.6154,300.9,1,1,2014-07-31,0032,Terra,MODIS,43,6.2,289.4,4.3,D,0
-34.5033,149.4927,310.9,1.6,1.3,2014-07-31,0032,Terra,MODIS,71,6.2,284.5,24,D,0
-35.9326,144.4865,301,1,1,2014-07-31,0032,Terra,MODIS,43,6.2,287.6,5.6,D,0
-35.2592,144.4016,304,1,1,2014-07-31,0032,Terra,MODIS,58,6.2,289.5,6.2,D,0
-11.544,131.1066,323.5,2.2,1.4,2014-07-31,0204,Terra,MODIS,66,6.2,295.4,40.9,D,0
-11.5415,131.0867,322.5,2.2,1.4,2014-07-31,0204,Terra,MODIS,65,6.2,295.4,37.9,D,0
-11.3657,131.439,316.1,2.3,1.5,2014-07-31,0204,Terra,MODIS,49,6.2,295.5,25.2,D,0
-11.3463,131.4146,313.7,2.3,1.5,2014-07-31,0204,Terra,MODIS,41,6.2,295.5,19,D,0
-11.7789,131.004,318.8,2.2,1.4,2014-07-31,0204,Terra,MODIS,49,6.2,295.1,30.4,D,0
-11.7776,130.9976,317.2,2.2,1.4,2014-07-31,0204,Terra,MODIS,69,6.2,294.5,28.1,D,0
-11.78,131.0175,313.7,2.2,1.4,2014-07-31,0204,Terra,MODIS,33,6.2,295,18.4,D,0
-11.7954,131.036,316.1,2.2,1.4,2014-07-31,0204,Terra,MODIS,41,6.2,294.7,23.7,D,0
-11.6522,130.8218,315.3,2.1,1.4,2014-07-31,0204,Terra,MODIS,48,6.2,293.8,20.6,D,0
-11.6925,130.8356,316.8,2.1,1.4,2014-07-31,0204,Terra,MODIS,55,6.2,293.8,24.2,D,0
-11.8216,130.9319,322.5,2.2,1.4,2014-07-31,0204,Terra,MODIS,76,6.2,294.9,42.2,D,0
-11.5041,131.097,323.5,2.2,1.4,2014-07-31,0204,Terra,MODIS,59,6.2,297.5,36.6,D,0
-11.5052,131.1115,320.2,2.2,1.4,2014-07-31,0204,Terra,MODIS,44,6.2,298.8,25.1,D,0
-11.8191,130.912,318.1,2.1,1.4,2014-07-31,0204,Terra,MODIS,70,6.2,294.2,29.3,D,0
-12.0498,134.6443,311.6,4.2,1.9,2014-07-31,0204,Terra,MODIS,0,6.2,290,39.9,D,0
-12.4374,134.7349,312.7,4.3,1.9,2014-07-31,0204,Terra,MODIS,55,6.2,287.5,49.1,D,0
-12.4466,135.1497,311.1,4.7,2,2014-07-31,0204,Terra,MODIS,45,6.2,290.5,52.2,D,0
-12.4431,135.1147,312.9,4.6,2,2014-07-31,0204,Terra,MODIS,57,6.2,289.5,63.1,D,0
-12.9373,132.1057,323,2.8,1.6,2014-07-31,0205,Terra,MODIS,74,6.2,298.5,47.8,D,0
-12.4394,134.7297,313.8,4.3,1.9,2014-07-31,0205,Terra,MODIS,46,6.2,287.5,56.2,D,0
-12.9303,130.8421,330.7,2.2,1.4,2014-07-31,0205,Terra,MODIS,82,6.2,296.2,59,D,0
-12.5523,131.2723,315.3,2.3,1.5,2014-07-31,0205,Terra,MODIS,62,6.2,294.3,26.8,D,0
-12.9432,130.8406,337.5,2.2,1.4,2014-07-31,0205,Terra,MODIS,87,6.2,298.7,88.8,D,0
-12.9403,132.1312,316.7,2.8,1.6,2014-07-31,0205,Terra,MODIS,36,6.2,298,22.6,D,0
-12.944,130.8553,323.6,2.2,1.4,2014-07-31,0205,Terra,MODIS,74,6.2,298.5,30.7,D,0
-12.6859,130.7633,320.1,2.2,1.4,2014-07-31,0205,Terra,MODIS,70,6.2,295,27.8,D,0
-12.9416,130.8351,337.5,2.2,1.4,2014-07-31,0205,Terra,MODIS,87,6.2,298.7,89.5,D,0
-12.6164,131.4641,314.8,2.4,1.5,2014-07-31,0205,Terra,MODIS,47,6.2,297.2,20.3,D,0
-14.1673,129.6645,318.3,1.9,1.3,2014-07-31,0205,Terra,MODIS,65,6.2,297.6,22.4,D,0
-12.6895,130.4648,320.6,2,1.4,2014-07-31,0205,Terra,MODIS,50,6.2,294.4,30.8,D,0
-14.4823,130.2387,318.8,2.1,1.4,2014-07-31,0205,Terra,MODIS,67,6.2,300.9,16.1,D,0
-14.4829,130.2331,319.3,2.1,1.4,2014-07-31,0205,Terra,MODIS,64,6.2,301,15.5,D,0
-13.6984,134.3887,322.9,4.3,1.9,2014-07-31,0205,Terra,MODIS,68,6.2,295.1,105.8,D,0
-13.7129,134.3919,328.1,4.3,1.9,2014-07-31,0205,Terra,MODIS,79,6.2,293.1,160.1,D,0
-13.7156,134.3865,317.6,4.3,1.9,2014-07-31,0205,Terra,MODIS,54,6.2,292.5,67.9,D,0
-13.7197,134.4259,322,4.3,1.9,2014-07-31,0205,Terra,MODIS,72,6.2,293.2,101.5,D,0
-13.7172,134.4313,320.4,4.3,1.9,2014-07-31,0205,Terra,MODIS,69,6.2,293.1,91.6,D,0
-16.4836,123.7254,319.7,1,1,2014-07-31,0206,Terra,MODIS,69,6.2,302.9,10.2,D,0
-16.4809,123.7068,336.1,1,1,2014-07-31,0206,Terra,MODIS,87,6.2,302.1,29.3,D,0
-17.2135,122.2672,327.8,1,1,2014-07-31,0206,Terra,MODIS,74,6.2,307,16.7,D,0
-16.4823,123.7161,341.5,1,1,2014-07-31,0206,Terra,MODIS,90,6.2,304.2,38.6,D,0
-15.4513,128.2277,338.1,1.5,1.2,2014-07-31,0206,Terra,MODIS,87,6.2,302.9,54.9,D,0
-15.5119,128.2642,325.4,1.5,1.2,2014-07-31,0206,Terra,MODIS,40,6.2,305.2,18.4,D,0
-15.4532,128.2425,343.4,1.5,1.2,2014-07-31,0206,Terra,MODIS,91,6.2,306.5,72,D,0
-21.4604,120.9994,328.4,1,1,2014-07-31,0207,Terra,MODIS,81,6.2,302.4,20.6,D,0
-21.4589,120.9894,316.3,1,1,2014-07-31,0207,Terra,MODIS,47,6.2,300.6,7.1,D,0
-21.4696,120.9978,318.8,1,1,2014-07-31,0207,Terra,MODIS,69,6.2,302.2,10,D,0
-21.4712,121.0079,313.8,1,1,2014-07-31,0207,Terra,MODIS,35,6.2,301.8,5.5,D,0
-20.1323,127.9708,326.6,1.7,1.3,2014-07-31,0207,Terra,MODIS,76,6.2,305.5,30.9,D,0
-20.1342,127.9872,326.1,1.7,1.3,2014-07-31,0207,Terra,MODIS,76,6.2,305.4,30,D,0
-20.1438,127.9693,322.9,1.7,1.3,2014-07-31,0207,Terra,MODIS,71,6.2,305.3,24.4,D,0
-20.1458,127.9856,324.3,1.7,1.3,2014-07-31,0207,Terra,MODIS,73,6.2,305.5,28,D,0
-20.1419,127.9794,340.4,1.7,1.3,2014-07-31,0207,Terra,MODIS,89,6.2,306.6,73.8,D,0
-22.3862,127.9839,315.8,1.8,1.3,2014-07-31,0207,Terra,MODIS,60,6.2,301.4,17.7,D,0
-18.7698,121.8953,318.1,1,1,2014-07-31,0207,Terra,MODIS,43,6.2,305.2,7,D,0
-22.2266,123.8397,316,1.1,1,2014-07-31,0207,Terra,MODIS,42,6.2,302.2,6.3,D,0
-24.8669,128.1313,311.5,2,1.4,2014-07-31,0208,Terra,MODIS,48,6.2,300.1,14.3,D,0
-24.8502,128.0925,311.2,2,1.4,2014-07-31,0208,Terra,MODIS,46,6.2,299.6,15,D,0
-24.7859,127.9855,320.6,2,1.4,2014-07-31,0208,Terra,MODIS,48,6.2,299.4,31.4,D,0
-24.788,128.0051,318.4,2,1.4,2014-07-31,0208,Terra,MODIS,26,6.2,299.6,25.7,D,0
-24.7962,127.9644,322.4,2,1.4,2014-07-31,0208,Terra,MODIS,37,6.2,299.6,34.2,D,0
-24.7984,127.9839,337.6,2,1.4,2014-07-31,0208,Terra,MODIS,88,6.2,300.9,88,D,0
-24.7881,127.9795,312.6,2,1.4,2014-07-31,0208,Terra,MODIS,27,6.2,298.8,14.6,D,0
-24.7901,127.9992,325.5,2,1.4,2014-07-31,0208,Terra,MODIS,79,6.2,300.3,47.6,D,0
-24.8005,127.9779,349.7,2,1.4,2014-07-31,0208,Terra,MODIS,95,6.2,301.5,153.3,D,0
-24.8025,127.9976,319.5,2,1.4,2014-07-31,0208,Terra,MODIS,72,6.2,300.3,31.9,D,0
-30.87,121.4881,301.7,1,1,2014-07-31,0210,Terra,MODIS,46,6.2,289,4.5,D,0
-30.8715,121.499,301.9,1,1,2014-07-31,0210,Terra,MODIS,50,6.2,286.6,4.7,D,2
-31.1911,152.0449,309.9,2.8,1.6,2014-07-31,0311,Aqua,MODIS,69,6.2,292.1,39.1,D,0
-31.1934,152.0139,326.1,2.9,1.6,2014-07-31,0311,Aqua,MODIS,84,6.2,293.5,107.9,D,0
-31.1898,152.0374,317.4,2.8,1.6,2014-07-31,0311,Aqua,MODIS,78,6.2,292.5,63.4,D,0
-31.8388,152.4131,312.7,2.7,1.6,2014-07-31,0311,Aqua,MODIS,71,6.2,297.5,33.4,D,0
-31.8361,152.4057,317,2.7,1.6,2014-07-31,0311,Aqua,MODIS,77,6.2,298.2,51.4,D,0
-31.1955,151.9852,304.9,2.9,1.6,2014-07-31,0311,Aqua,MODIS,46,6.2,292.5,22.3,D,0
-31.1923,152.0069,323.5,2.9,1.6,2014-07-31,0311,Aqua,MODIS,82,6.2,293,91.4,D,0
-31.9297,151.7476,311,3,1.7,2014-07-31,0311,Aqua,MODIS,71,6.2,294.6,45.2,D,0
-31.9311,151.7397,308.7,3,1.7,2014-07-31,0311,Aqua,MODIS,55,6.2,294.4,34.6,D,0
-31.9286,151.7731,305.9,3,1.7,2014-07-31,0311,Aqua,MODIS,32,6.2,294.6,25.3,D,0
-29.895,153.0193,315.2,2.3,1.5,2014-07-31,0311,Aqua,MODIS,74,6.2,296.4,39.6,D,0
-29.8461,153.0066,314.3,2.3,1.5,2014-07-31,0311,Aqua,MODIS,73,6.2,297.1,34.3,D,0
-28.5918,152.2794,305.7,2.5,1.5,2014-07-31,0311,Aqua,MODIS,40,6.2,295.6,17.6,D,0
-29.8412,153.013,317.9,2.3,1.5,2014-07-31,0311,Aqua,MODIS,77,6.2,297.6,47.6,D,0
-31.6067,150.3111,308.8,3.8,1.8,2014-07-31,0311,Aqua,MODIS,68,6.2,294.7,47.4,D,0
-28.594,152.2526,323.6,2.6,1.5,2014-07-31,0311,Aqua,MODIS,80,6.2,297.5,75.6,D,0
-28.09,153.2798,331.6,2.1,1.4,2014-07-31,0312,Aqua,MODIS,53,6.2,296.6,80.8,D,0
-28.1412,152.4407,320.7,2.5,1.5,2014-07-31,0312,Aqua,MODIS,76,6.2,295,62.9,D,0
-28.1474,152.4453,323.2,2.5,1.5,2014-07-31,0312,Aqua,MODIS,77,6.2,294.9,68.9,D,0
-28.0881,153.285,332.7,2.1,1.4,2014-07-31,0312,Aqua,MODIS,42,6.2,296.6,82.9,D,0
-28.0753,153.2831,331.4,2.1,1.4,2014-07-31,0312,Aqua,MODIS,0,6.2,295.2,77.8,D,0
-28.103,153.2646,334.7,2.1,1.4,2014-07-31,0312,Aqua,MODIS,88,6.2,297.5,97.5,D,0
-26.1486,148.5957,341.8,4.3,1.9,2014-07-31,0312,Aqua,MODIS,91,6.2,302.4,334.9,D,0
-26.1481,148.5916,342.4,4.3,1.9,2014-07-31,0312,Aqua,MODIS,92,6.2,302.5,340.8,D,0
-25.3964,153.0422,308.6,2.1,1.4,2014-07-31,0312,Aqua,MODIS,27,6.2,292.8,20.2,D,0
-25.3962,153.0372,322.4,2.1,1.4,2014-07-31,0312,Aqua,MODIS,0,6.2,293.4,53.5,D,0
-28.1259,151.0316,312.9,3.1,1.7,2014-07-31,0312,Aqua,MODIS,33,6.2,296.7,39.5,D,0
-27.6741,151.0516,324.8,3,1.7,2014-07-31,0312,Aqua,MODIS,70,6.2,295.7,92.1,D,0
-27.658,151.0575,331.5,3,1.7,2014-07-31,0312,Aqua,MODIS,79,6.2,295.8,129.2,D,0
-27.673,151.0589,334.8,3,1.7,2014-07-31,0312,Aqua,MODIS,87,6.2,295.6,154.3,D,0
-28.1384,151.0379,344.1,3.1,1.7,2014-07-31,0312,Aqua,MODIS,93,6.2,297.6,240,D,0
-28.1535,151.0392,319.3,3.1,1.7,2014-07-31,0312,Aqua,MODIS,72,6.2,293.8,70.6,D,0
-27.7246,152.204,314.2,2.5,1.5,2014-07-31,0312,Aqua,MODIS,66,6.2,299.7,33.9,D,0
-27.643,151.0558,324.9,3,1.7,2014-07-31,0312,Aqua,MODIS,80,6.2,296,93.9,D,0
-27.6256,151.0853,338.7,3,1.7,2014-07-31,0312,Aqua,MODIS,70,6.2,297.1,172,D,0
-27.6265,151.0783,345.1,3,1.7,2014-07-31,0312,Aqua,MODIS,93,6.2,297.3,231.3,D,0
-27.6115,151.0767,322.9,3,1.7,2014-07-31,0312,Aqua,MODIS,62,6.2,295.9,77.1,D,0
-27.7308,152.2112,320.3,2.5,1.5,2014-07-31,0312,Aqua,MODIS,75,6.2,300.5,54.6,D,0
-27.6406,151.0868,321.7,3,1.7,2014-07-31,0312,Aqua,MODIS,75,6.2,295.4,74.7,D,0
-36.9342,149.3655,384.9,3.4,1.7,2014-07-31,0447,Aqua,MODIS,100,6.2,293.7,1033.7,D,0
-36.9433,149.329,325.6,3.4,1.7,2014-07-31,0447,Aqua,MODIS,84,6.2,288.3,143.8,D,0
-36.9416,149.3637,381.3,3.4,1.7,2014-07-31,0447,Aqua,MODIS,100,6.2,291.2,942.9,D,0
-36.9504,149.3272,301.6,3.4,1.7,2014-07-31,0447,Aqua,MODIS,35,6.2,287.4,29.3,D,0
-36.9175,149.3943,337.6,3.4,1.7,2014-07-31,0447,Aqua,MODIS,91,6.2,288.6,239.1,D,0
-36.9264,149.3577,325.6,3.4,1.7,2014-07-31,0447,Aqua,MODIS,84,6.2,289.5,143.4,D,0
-36.9248,149.4033,331.7,3.4,1.7,2014-07-31,0447,Aqua,MODIS,88,6.2,288.3,190.3,D,0
-36.9323,149.402,303.4,3.4,1.7,2014-07-31,0447,Aqua,MODIS,53,6.2,287.1,35,D,0
-35.3043,144.3639,306.1,1.9,1.3,2014-07-31,0448,Aqua,MODIS,63,6.2,292.6,14.7,D,0
-34.3447,145.9688,307.1,2.5,1.5,2014-07-31,0448,Aqua,MODIS,55,6.2,293.6,20.6,D,0
-34.7301,146.0126,318.5,2.4,1.5,2014-07-31,0448,Aqua,MODIS,79,6.2,294.2,54.9,D,0
-34.1566,145.5334,327,2.3,1.5,2014-07-31,0448,Aqua,MODIS,85,6.2,295.8,77.6,D,0
-34.2818,145.8648,357.2,2.4,1.5,2014-07-31,0448,Aqua,MODIS,99,6.2,296.2,283.2,D,0
-34.9378,145.8152,343.1,2.3,1.5,2014-07-31,0448,Aqua,MODIS,93,6.2,294.5,163.4,D,0
-34.9324,145.8403,303.6,2.3,1.5,2014-07-31,0448,Aqua,MODIS,57,6.2,292.8,14,D,0
-34.6695,145.9324,314.2,2.4,1.5,2014-07-31,0448,Aqua,MODIS,75,6.2,294.1,41.5,D,0
-34.1705,145.5188,305,2.3,1.5,2014-07-31,0448,Aqua,MODIS,33,6.2,294.8,12.8,D,0
-34.6638,145.9582,315.2,2.4,1.5,2014-07-31,0448,Aqua,MODIS,76,6.2,294.3,44.1,D,0
-34.1651,145.5436,313.2,2.3,1.5,2014-07-31,0448,Aqua,MODIS,73,6.2,295,32.3,D,0
-34.337,145.9383,331,2.4,1.5,2014-07-31,0448,Aqua,MODIS,87,6.2,294.7,99.9,D,0
-34.3104,145.9297,327.4,2.4,1.5,2014-07-31,0448,Aqua,MODIS,85,6.2,293.5,87.1,D,0
-35.4577,145.8113,349.8,2.3,1.5,2014-07-31,0448,Aqua,MODIS,96,6.2,295.5,198.1,D,0
-34.152,145.5395,309.8,2.3,1.5,2014-07-31,0448,Aqua,MODIS,66,6.2,295.3,23.2,D,0
-34.7244,146.0386,329.5,2.4,1.5,2014-07-31,0448,Aqua,MODIS,86,6.2,295.4,98.9,D,0
-34.3294,145.9079,315.2,2.4,1.5,2014-07-31,0448,Aqua,MODIS,58,6.2,293.7,39.5,D,0
-35.4524,145.8357,379.3,2.3,1.5,2014-07-31,0448,Aqua,MODIS,100,6.2,296.9,490.7,D,0
-34.3423,145.945,345.8,2.4,1.5,2014-07-31,0448,Aqua,MODIS,94,6.2,295.8,191.6,D,0
-34.1574,145.5147,306.6,2.3,1.5,2014-07-31,0448,Aqua,MODIS,41,6.2,295,15.6,D,0
-32.856,142.8494,321.4,1.7,1.3,2014-07-31,0449,Aqua,MODIS,78,6.2,298.7,33.3,D,0
-32.7979,142.7885,328,1.7,1.3,2014-07-31,0449,Aqua,MODIS,83,6.2,299.3,47.5,D,0
-32.8093,142.7917,315.9,1.7,1.3,2014-07-31,0449,Aqua,MODIS,71,6.2,298.8,21.8,D,0
-24.8508,128.1387,320.9,2.1,1.4,2014-07-31,0451,Aqua,MODIS,69,6.2,302.7,29.8,D,0
-24.8528,128.1183,322.6,2.1,1.4,2014-07-31,0451,Aqua,MODIS,72,6.2,303.4,36.2,D,0
-24.8503,128.1317,325.9,2.1,1.4,2014-07-31,0451,Aqua,MODIS,74,6.2,303,43,D,0
-24.8035,127.9565,318.8,2.1,1.4,2014-07-31,0451,Aqua,MODIS,64,6.2,304.8,26.2,D,0
-24.744,128.0346,322.8,2.1,1.4,2014-07-31,0451,Aqua,MODIS,42,6.2,304.7,32.8,D,0
-24.746,128.0138,344,2.1,1.4,2014-07-31,0451,Aqua,MODIS,91,6.2,307.9,121.1,D,0
-24.745,128.03,327.3,2.1,1.4,2014-07-31,0451,Aqua,MODIS,78,6.2,305,49.4,D,0
-24.7471,128.0092,337,2.1,1.4,2014-07-31,0451,Aqua,MODIS,87,6.2,306.5,88.9,D,0
-24.7493,127.9881,320.3,2.1,1.4,2014-07-31,0451,Aqua,MODIS,54,6.2,304.3,27.9,D,0
-24.7322,128.0286,356.8,2.1,1.4,2014-07-31,0451,Aqua,MODIS,98,6.2,304,206.7,D,0
-24.7343,128.0077,355.8,2.1,1.4,2014-07-31,0451,Aqua,MODIS,98,6.2,306.7,201.8,D,0
-24.7364,127.9866,322.6,2.1,1.4,2014-07-31,0451,Aqua,MODIS,70,6.2,303.5,36.1,D,0
-20.7383,139.4787,325.8,1.8,1.3,2014-07-31,0452,Aqua,MODIS,64,6.2,306.8,27.8,D,2
-15.9686,136.4565,326.3,1.4,1.2,2014-07-31,0453,Aqua,MODIS,57,6.2,302.5,18.4,D,0
-15.0924,142.9984,319.1,4.3,1.9,2014-07-31,0453,Aqua,MODIS,71,6.2,291,101.4,D,0
-15.9746,136.4188,334.9,1.3,1.2,2014-07-31,0453,Aqua,MODIS,83,6.2,303.2,36.7,D,0
-15.9767,136.4064,322.8,1.3,1.1,2014-07-31,0453,Aqua,MODIS,40,6.2,305,14,D,0
-14.7858,142.2875,320,3.8,1.8,2014-07-31,0453,Aqua,MODIS,72,6.2,294.8,80.1,D,0
-15.0893,142.9895,319.6,4.3,1.9,2014-07-31,0453,Aqua,MODIS,71,6.2,292.1,99.4,D,0
-18.3761,127.658,325.6,1.8,1.3,2014-07-31,0453,Aqua,MODIS,69,6.2,308,27.3,D,0
-18.3781,127.6406,319.8,1.8,1.3,2014-07-31,0453,Aqua,MODIS,46,6.2,307.9,13.4,D,0
-18.7213,132.7398,361.1,1,1,2014-07-31,0453,Aqua,MODIS,100,6.2,312.9,75,D,0
-18.72,132.7493,375.4,1,1,2014-07-31,0453,Aqua,MODIS,100,6.2,311.9,122.4,D,0
-18.7123,132.7384,390.3,1,1,2014-07-31,0453,Aqua,MODIS,100,6.2,312.9,188.4,D,0
-18.711,132.7479,362,1,1,2014-07-31,0453,Aqua,MODIS,100,6.2,309.5,79.5,D,0
-12.1558,135.9667,320.9,1.4,1.2,2014-07-31,0454,Aqua,MODIS,0,6.2,297.3,19.2,D,0
-14.1141,131.3963,326.8,1,1,2014-07-31,0454,Aqua,MODIS,66,6.2,311.5,12.5,D,0
-13.6839,133.3624,324.5,1,1,2014-07-31,0454,Aqua,MODIS,64,6.2,306,7.9,D,0
-12.5416,142.6263,311,4.5,2,2014-07-31,0454,Aqua,MODIS,42,6.2,286.4,60.8,D,0
-13.7284,134.4207,325.6,1.1,1.1,2014-07-31,0454,Aqua,MODIS,51,6.2,302.3,12.2,D,0
-12.5429,142.6343,313.3,4.5,2,2014-07-31,0454,Aqua,MODIS,54,6.2,285.9,75.9,D,0
-13.73,134.4104,343.2,1.1,1.1,2014-07-31,0454,Aqua,MODIS,90,6.2,301.6,42.2,D,0
-13.6853,133.353,325.5,1,1,2014-07-31,0454,Aqua,MODIS,66,6.2,305.4,9.2,D,0
-13.7816,134.4255,328.4,1.1,1.1,2014-07-31,0454,Aqua,MODIS,75,6.2,300.6,16.2,D,0
-13.7173,134.3661,324.2,1.1,1.1,2014-07-31,0454,Aqua,MODIS,34,6.2,300.4,12.5,D,0
-12.1529,135.9606,320.4,1.4,1.2,2014-07-31,0454,Aqua,MODIS,23,6.2,296.4,15.9,D,0
-13.7236,134.3882,326.4,1.1,1.1,2014-07-31,0454,Aqua,MODIS,35,6.2,300.8,13,D,0
-13.7221,134.3985,328.5,1.1,1.1,2014-07-31,0454,Aqua,MODIS,62,6.2,302.6,15.7,D,0
-13.7205,134.4088,330.6,1.1,1.1,2014-07-31,0454,Aqua,MODIS,76,6.2,304.4,19,D,0
-13.0276,132.8187,331.8,1,1,2014-07-31,0454,Aqua,MODIS,77,6.2,307.4,18.3,D,0
-14.6449,132.389,363.1,1,1,2014-07-31,0454,Aqua,MODIS,100,6.2,311.5,79.7,D,0
-12.807,134.7705,322.3,1.2,1.1,2014-07-31,0454,Aqua,MODIS,69,6.2,299.2,13.3,D,0
-12.7595,134.8011,332.5,1.2,1.1,2014-07-31,0454,Aqua,MODIS,82,6.2,300.4,28,D,0
-12.8066,134.8377,326.1,1.2,1.1,2014-07-31,0454,Aqua,MODIS,75,6.2,303.6,16.8,D,0
-14.6462,132.3798,373.1,1,1,2014-07-31,0454,Aqua,MODIS,100,6.2,312.5,112.3,D,0
-12.4745,135.3881,320.4,1.3,1.1,2014-07-31,0454,Aqua,MODIS,65,6.2,300.7,12.1,D,0
-12.8083,134.8267,319.1,1.2,1.1,2014-07-31,0454,Aqua,MODIS,50,6.2,300,7.5,D,0
-13.203,135.3747,320.3,1.3,1.1,2014-07-31,0454,Aqua,MODIS,65,6.2,297.6,12.7,D,0
-12.5943,134.2912,321.2,1.1,1.1,2014-07-31,0454,Aqua,MODIS,64,6.2,299.5,10.2,D,0
-12.9558,135.6416,320.4,1.3,1.1,2014-07-31,0454,Aqua,MODIS,66,6.2,296.6,18,D,0
-12.945,132.1167,329.9,1,1,2014-07-31,0454,Aqua,MODIS,37,6.2,309.6,11.4,D,0
-12.9626,134.5473,322.5,1.2,1.1,2014-07-31,0454,Aqua,MODIS,61,6.2,299.6,11.7,D,0
-12.9323,130.833,326.4,1,1,2014-07-31,0454,Aqua,MODIS,59,6.2,305.8,7.5,D,0
-12.5917,134.285,319.9,1.1,1.1,2014-07-31,0454,Aqua,MODIS,61,6.2,300.1,8.3,D,0
-13.7537,134.446,325.3,1.1,1.1,2014-07-31,0454,Aqua,MODIS,53,6.2,301.8,11.4,D,0
-12.7565,142.0785,310.7,4.1,1.9,2014-07-31,0454,Aqua,MODIS,42,6.2,291.6,40.6,D,0
-12.4613,135.4725,320,1.3,1.1,2014-07-31,0454,Aqua,MODIS,42,6.2,298.9,12.9,D,0
-12.7497,134.7995,327,1.2,1.1,2014-07-31,0454,Aqua,MODIS,76,6.2,301.2,19.3,D,0
-12.5777,134.9181,328.2,1.2,1.1,2014-07-31,0454,Aqua,MODIS,78,6.2,298.9,23.3,D,0
-12.5485,134.0571,320.4,1.1,1.1,2014-07-31,0454,Aqua,MODIS,61,6.2,303.9,7.7,D,0
-13.7616,134.4579,324.5,1.1,1.1,2014-07-31,0454,Aqua,MODIS,36,6.2,302.2,10.2,D,0
-12.5581,135.5827,317.9,1.3,1.1,2014-07-31,0454,Aqua,MODIS,47,6.2,299,12.2,D,0
-12.7473,134.9471,326.6,1.2,1.1,2014-07-31,0454,Aqua,MODIS,67,6.2,298.4,15.8,D,0
-12.9034,134.8029,326.9,1.2,1.1,2014-07-31,0454,Aqua,MODIS,76,6.2,301.6,20.5,D,0
-13.7442,134.4444,329,1.1,1.1,2014-07-31,0454,Aqua,MODIS,73,6.2,302,16.7,D,0
-12.8689,134.758,318.5,1.2,1.1,2014-07-31,0454,Aqua,MODIS,59,6.2,300.5,8.6,D,0
-12.7495,142.1156,310.5,4.1,1.9,2014-07-31,0454,Aqua,MODIS,39,6.2,292.1,37.8,D,0
-12.9216,131.1115,335.5,1,1,2014-07-31,0454,Aqua,MODIS,82,6.2,307.2,20.3,D,0
-12.5876,134.9198,318.9,1.2,1.1,2014-07-31,0454,Aqua,MODIS,52,6.2,299.8,9.8,D,0
-12.4764,135.3761,319.7,1.3,1.1,2014-07-31,0454,Aqua,MODIS,61,6.2,298.6,10.4,D,0
-12.749,134.9359,330,1.2,1.1,2014-07-31,0454,Aqua,MODIS,79,6.2,301.4,23,D,0
-12.9142,132.4586,326.8,1,1,2014-07-31,0454,Aqua,MODIS,68,6.2,306.6,11.4,D,0
-12.931,130.8426,329.2,1,1,2014-07-31,0454,Aqua,MODIS,73,6.2,305.3,10.2,D,0
-12.9464,132.1075,330.2,1,1,2014-07-31,0454,Aqua,MODIS,43,6.2,308.9,10.8,D,0
-13.7458,134.434,324.8,1.1,1.1,2014-07-31,0454,Aqua,MODIS,41,6.2,301.5,11.1,D,0
-13.7522,134.4563,322.6,1.1,1.1,2014-07-31,0454,Aqua,MODIS,23,6.2,301.3,8,D,0
-13.2011,135.3865,331.3,1.3,1.1,2014-07-31,0454,Aqua,MODIS,81,6.2,300.9,30.7,D,0
-12.3715,134.6686,320.3,1.2,1.1,2014-07-31,0454,Aqua,MODIS,65,6.2,296.5,12.7,D,0
-12.7469,142.1098,311.6,4.1,1.9,2014-07-31,0454,Aqua,MODIS,49,6.2,291.7,43.8,D,0
-12.9203,131.1208,338.5,1,1,2014-07-31,0454,Aqua,MODIS,85,6.2,306.6,24.8,D,0
-14.9448,125.7476,319.2,2.3,1.5,2014-07-31,0454,Aqua,MODIS,38,6.2,304.2,22.1,D,0
-16.4873,123.6802,316,3.4,1.7,2014-07-31,0454,Aqua,MODIS,8,6.2,300.7,32.7,D,0
-16.5469,128.4756,328,1.5,1.2,2014-07-31,0454,Aqua,MODIS,73,6.2,309.9,22.9,D,0
-16.4841,123.7136,317.7,3.4,1.7,2014-07-31,0454,Aqua,MODIS,41,6.2,300.9,44.2,D,0
-16.4905,123.71,317.7,3.4,1.7,2014-07-31,0454,Aqua,MODIS,49,6.2,301.3,50.2,D,0
-13.5485,130.5637,323.5,1.1,1,2014-07-31,0454,Aqua,MODIS,47,6.2,301.8,7.5,D,0
-15.4735,128.2023,348.8,1.5,1.2,2014-07-31,0454,Aqua,MODIS,93,6.2,308.5,80.1,D,0
-15.5103,128.2645,326.8,1.5,1.2,2014-07-31,0454,Aqua,MODIS,43,6.2,308.8,16.5,D,0
-15.4718,128.2165,336.9,1.5,1.2,2014-07-31,0454,Aqua,MODIS,84,6.2,306.7,36.7,D,0
-15.4625,128.2009,361,1.5,1.2,2014-07-31,0454,Aqua,MODIS,100,6.2,306.2,134.2,D,0
-15.4497,128.2145,338.8,1.5,1.2,2014-07-31,0454,Aqua,MODIS,82,6.2,307,44.1,D,0
-15.4487,128.2088,333.8,1.5,1.2,2014-07-31,0454,Aqua,MODIS,58,6.2,306,33.2,D,0
-15.4378,128.2074,343,1.5,1.2,2014-07-31,0454,Aqua,MODIS,90,6.2,307.7,62.4,D,0
-15.4396,128.1926,334.7,1.5,1.2,2014-07-31,0454,Aqua,MODIS,76,6.2,303.9,39.5,D,0
-14.9444,125.7331,320.7,2.3,1.5,2014-07-31,0454,Aqua,MODIS,59,6.2,304.5,28,D,0
-16.7789,128.2548,323.2,1.6,1.2,2014-07-31,0454,Aqua,MODIS,62,6.2,308.9,13.5,D,0
-16.7771,128.2695,325.6,1.6,1.2,2014-07-31,0454,Aqua,MODIS,69,6.2,310.2,19.2,D,0
-11.6404,130.28,326.8,1.1,1,2014-07-31,0455,Aqua,MODIS,76,6.2,299.1,16.5,D,0
-11.6391,130.2897,364.5,1.1,1,2014-07-31,0455,Aqua,MODIS,100,6.2,301.8,96,D,0
-11.6364,130.3091,324.1,1.1,1,2014-07-31,0455,Aqua,MODIS,64,6.2,301.3,11.2,D,0
-11.7989,130.4626,326.2,1.1,1,2014-07-31,0455,Aqua,MODIS,59,6.2,300.1,15.6,D,0
-12.615,131.4655,331.5,1,1,2014-07-31,0455,Aqua,MODIS,79,6.2,305.6,17.7,D,0
-12.6899,130.7309,345.4,1,1,2014-07-31,0455,Aqua,MODIS,91,6.2,305.5,41.3,D,0
-12.523,131.2661,339.9,1,1,2014-07-31,0455,Aqua,MODIS,87,6.2,305,34.2,D,0
-12.5514,131.2608,322.5,1,1,2014-07-31,0455,Aqua,MODIS,23,6.2,302.3,7.7,D,0
-12.6781,130.7487,348.2,1,1,2014-07-31,0455,Aqua,MODIS,93,6.2,305.9,44,D,0
-12.5243,131.2568,344.9,1,1,2014-07-31,0455,Aqua,MODIS,91,6.2,305,44.3,D,0
-12.0227,134.136,327.7,1.1,1.1,2014-07-31,0455,Aqua,MODIS,73,6.2,302.3,18.9,D,0
-12.6886,130.7405,373.9,1,1,2014-07-31,0455,Aqua,MODIS,100,6.2,309.1,121.5,D,0
-12.0035,134.0696,327,1.1,1.1,2014-07-31,0455,Aqua,MODIS,70,6.2,303.8,15.7,D,0
-12.5743,132.5863,337.6,1,1,2014-07-31,0455,Aqua,MODIS,59,6.2,305.7,25.3,D,0
-12.2947,131.1293,328.8,1,1,2014-07-31,0455,Aqua,MODIS,80,6.2,303.4,14.8,D,0
-12.6795,130.7391,333.3,1,1,2014-07-31,0455,Aqua,MODIS,58,6.2,305.5,18.2,D,0
-12.2857,131.0614,330.3,1,1,2014-07-31,0455,Aqua,MODIS,68,6.2,303.2,16.7,D,0
-12.532,131.2674,335.6,1,1,2014-07-31,0455,Aqua,MODIS,83,6.2,305.9,25.9,D,0
-12.5333,131.2581,368.2,1,1,2014-07-31,0455,Aqua,MODIS,100,6.2,309.6,102,D,0
-12.5436,131.2502,365.9,1,1,2014-07-31,0455,Aqua,MODIS,100,6.2,305.3,93.4,D,0
-12.5423,131.2595,349.6,1,1,2014-07-31,0455,Aqua,MODIS,94,6.2,303.8,49.4,D,0
-12.2948,131.0627,331,1,1,2014-07-31,0455,Aqua,MODIS,77,6.2,305.7,18.1,D,0
-12.5346,131.2488,341.3,1,1,2014-07-31,0455,Aqua,MODIS,88,6.2,302.7,36.7,D,0
-12.554,131.2422,341.2,1,1,2014-07-31,0455,Aqua,MODIS,87,6.2,302.9,35.2,D,0
-12.1008,133.5515,327,1.1,1,2014-07-31,0455,Aqua,MODIS,72,6.2,304.8,13.7,D,0
-12.5488,131.2793,344.8,1,1,2014-07-31,0455,Aqua,MODIS,91,6.2,303.1,41.1,D,0
-12.6073,131.4549,327.5,1,1,2014-07-31,0455,Aqua,MODIS,58,6.2,302.9,11.9,D,0
-12.606,131.4641,326.8,1,1,2014-07-31,0455,Aqua,MODIS,52,6.2,305.8,11.8,D,0
-12.4862,131.7211,322.2,1,1,2014-07-31,0455,Aqua,MODIS,62,6.2,304.2,8.8,D,0
-12.2935,131.0721,334.6,1,1,2014-07-31,0455,Aqua,MODIS,86,6.2,305.1,22.2,D,0
-12.5501,131.2701,350.3,1,1,2014-07-31,0455,Aqua,MODIS,94,6.2,304.6,51.6,D,0
-12.6227,131.476,321.9,1,1,2014-07-31,0455,Aqua,MODIS,37,6.2,304.2,6.9,D,0
-11.3861,132.4037,325.2,1,1,2014-07-31,0455,Aqua,MODIS,37,6.2,303.5,9,D,0
-12.3511,131.1147,353.8,1,1,2014-07-31,0455,Aqua,MODIS,96,6.2,307,59.6,D,0
-12.3498,131.124,351.4,1,1,2014-07-31,0455,Aqua,MODIS,95,6.2,309,53.1,D,0
-11.9438,132.9306,329.9,1,1,2014-07-31,0455,Aqua,MODIS,69,6.2,302.9,15.9,D,0
-11.3758,132.4115,332.5,1,1,2014-07-31,0455,Aqua,MODIS,80,6.2,304.7,19.8,D,0
-11.3737,132.2985,325.1,1,1,2014-07-31,0455,Aqua,MODIS,72,6.2,304.4,11,D,0
-11.7813,130.9886,332.9,1,1,2014-07-31,0455,Aqua,MODIS,68,6.2,304.4,22.5,D,0
-11.7722,130.9873,342.1,1,1,2014-07-31,0455,Aqua,MODIS,90,6.2,303.3,38.7,D,0
-11.7709,130.9966,322.3,1,1,2014-07-31,0455,Aqua,MODIS,45,6.2,302.7,10.7,D,0
-11.5574,131.1415,322.5,1,1,2014-07-31,0455,Aqua,MODIS,33,6.2,306.5,8.3,D,0
-11.5356,131.1007,335.2,1,1,2014-07-31,0455,Aqua,MODIS,66,6.2,307.8,20.7,D,0
-11.5459,131.0928,326.4,1,1,2014-07-31,0455,Aqua,MODIS,42,6.2,303.4,12.4,D,0
-11.5369,131.0915,361.1,1,1,2014-07-31,0455,Aqua,MODIS,100,6.2,309,76.1,D,0
-11.5098,131.0875,391,1,1,2014-07-31,0455,Aqua,MODIS,100,6.2,313.3,191.8,D,0
-11.5356,131.0347,336.8,1,1,2014-07-31,0455,Aqua,MODIS,86,6.2,307.2,28.2,D,0
-11.5266,131.0334,368.6,1,1,2014-07-31,0455,Aqua,MODIS,100,6.2,304.1,105.1,D,0
-11.5279,131.0242,320,1,1,2014-07-31,0455,Aqua,MODIS,42,6.2,300.2,9.6,D,0
-11.367,131.4436,336.4,1,1,2014-07-31,0455,Aqua,MODIS,72,6.2,301.8,26.5,D,0
-11.3683,131.4344,372,1,1,2014-07-31,0455,Aqua,MODIS,100,6.2,305.1,111.2,D,0
-11.3696,131.4253,350.3,1,1,2014-07-31,0455,Aqua,MODIS,95,6.2,304,50.9,D,0
-11.3709,131.4162,323.3,1,1,2014-07-31,0455,Aqua,MODIS,34,6.2,302.4,9.3,D,0
-11.3606,131.424,334.9,1,1,2014-07-31,0455,Aqua,MODIS,81,6.2,298.5,24.8,D,0
-11.3438,131.4158,316.3,1,1,2014-07-31,0455,Aqua,MODIS,39,6.2,299.2,6,D,0
-11.3451,131.4066,327.9,1,1,2014-07-31,0455,Aqua,MODIS,77,6.2,300.7,17.9,D,0
-11.7911,131.0432,326.3,1,1,2014-07-31,0455,Aqua,MODIS,64,6.2,302,14.4,D,0
-11.7924,131.0339,331.9,1,1,2014-07-31,0455,Aqua,MODIS,75,6.2,304.5,19.8,D,0
-11.773,131.1066,317.4,1,1,2014-07-31,0455,Aqua,MODIS,36,6.2,301.4,5.9,D,0
-11.7743,131.0974,322.9,1,1,2014-07-31,0455,Aqua,MODIS,76,6.2,303.8,11.3,D,0
-11.7834,131.0326,342.1,1,1,2014-07-31,0455,Aqua,MODIS,91,6.2,302.4,36.5,D,0
-11.7847,131.0233,328.9,1,1,2014-07-31,0455,Aqua,MODIS,63,6.2,302.7,15.1,D,0
-11.7774,131.0165,325.4,1,1,2014-07-31,0455,Aqua,MODIS,74,6.2,303,14.5,D,0
-11.7787,131.0072,322.9,1,1,2014-07-31,0455,Aqua,MODIS,70,6.2,302.9,11.5,D,0
-11.78,130.9979,333.7,1,1,2014-07-31,0455,Aqua,MODIS,84,6.2,305.4,24.3,D,0
-11.4728,131.1509,345.7,1,1,2014-07-31,0455,Aqua,MODIS,92,6.2,303.8,43.6,D,0
-11.4741,131.1417,344.9,1,1,2014-07-31,0455,Aqua,MODIS,92,6.2,305,41.5,D,0
-11.5382,131.0822,353.6,1,1,2014-07-31,0455,Aqua,MODIS,96,6.2,306.4,57.6,D,0
-11.5395,131.073,328.1,1,1,2014-07-31,0455,Aqua,MODIS,56,6.2,301.3,14.5,D,0
-11.5201,131.0796,340.5,1,1,2014-07-31,0455,Aqua,MODIS,72,6.2,307,30.6,D,0
-11.5111,131.0783,397.8,1,1,2014-07-31,0455,Aqua,MODIS,100,6.2,314.2,231.1,D,0
-11.4703,131.1035,328.8,1,1,2014-07-31,0455,Aqua,MODIS,62,6.2,307.4,13.6,D,0
-11.6775,130.8053,333.4,1,1,2014-07-31,0455,Aqua,MODIS,64,6.2,304.5,20.8,D,0
-11.6593,130.8026,341.5,1,1,2014-07-31,0455,Aqua,MODIS,84,6.2,304.4,34.1,D,0
-11.649,130.8105,327.3,1,1,2014-07-31,0455,Aqua,MODIS,54,6.2,302,14.2,D,0
-11.6503,130.8012,332.4,1,1,2014-07-31,0455,Aqua,MODIS,81,6.2,301.7,21.6,D,0
-11.385,131.4462,322.4,1,1,2014-07-31,0455,Aqua,MODIS,29,6.2,303.6,9.2,D,0
-11.376,131.4449,332.5,1,1,2014-07-31,0455,Aqua,MODIS,63,6.2,302.9,20.5,D,0
-11.3697,131.3601,320.8,1,1,2014-07-31,0455,Aqua,MODIS,56,6.2,303.6,6.4,D,0
-11.358,131.3806,324.1,1,1,2014-07-31,0455,Aqua,MODIS,60,6.2,301,12.8,D,0
-11.3593,131.3715,326.5,1,1,2014-07-31,0455,Aqua,MODIS,72,6.2,302.2,15.3,D,0
-11.6918,130.836,330.7,1,1,2014-07-31,0455,Aqua,MODIS,60,6.2,304.8,19,D,0
-11.6723,130.8426,354.7,1,1,2014-07-31,0455,Aqua,MODIS,97,6.2,305.2,62.2,D,0
-11.6736,130.8333,360.8,1,1,2014-07-31,0455,Aqua,MODIS,100,6.2,309.6,77.5,D,0
-11.6645,130.832,357.8,1,1,2014-07-31,0455,Aqua,MODIS,99,6.2,306.6,70,D,0
-11.6306,131.2051,324.8,1,1,2014-07-31,0455,Aqua,MODIS,71,6.2,304.6,12.3,D,0
-11.6151,131.184,328.2,1,1,2014-07-31,0455,Aqua,MODIS,78,6.2,302.2,16,D,0
-11.6164,131.1749,322.7,1,1,2014-07-31,0455,Aqua,MODIS,63,6.2,302.8,10.5,D,0
-11.655,131.2274,324.1,1,1,2014-07-31,0455,Aqua,MODIS,49,6.2,302.6,11.7,D,0
-11.6563,131.2183,328.2,1,1,2014-07-31,0455,Aqua,MODIS,59,6.2,305.6,16.8,D,0
-11.5407,131.0638,339.9,1,1,2014-07-31,0455,Aqua,MODIS,88,6.2,305.7,32.8,D,0
-11.5317,131.0625,329.8,1,1,2014-07-31,0455,Aqua,MODIS,69,6.2,300.4,17.4,D,0
-11.533,131.0532,343.5,1,1,2014-07-31,0455,Aqua,MODIS,91,6.2,303.6,39.2,D,0
-11.5343,131.044,389.4,1,1,2014-07-31,0455,Aqua,MODIS,100,6.2,310.3,187.9,D,0
-11.5253,131.0427,355.1,1,1,2014-07-31,0455,Aqua,MODIS,92,6.2,302.1,65.4,D,0
-11.7113,131.1577,326,1,1,2014-07-31,0455,Aqua,MODIS,75,6.2,303.4,14.4,D,0
-11.7231,130.8757,321.9,1,1,2014-07-31,0455,Aqua,MODIS,65,6.2,305,10.2,D,0
-11.6711,130.7182,321.9,1,1,2014-07-31,0455,Aqua,MODIS,58,6.2,305,9.4,D,0
-11.8326,130.9449,346.7,1,1,2014-07-31,0455,Aqua,MODIS,93,6.2,305.9,44.2,D,0
-11.7218,130.885,321.9,1,1,2014-07-31,0455,Aqua,MODIS,69,6.2,303,9.9,D,0
-11.6606,130.7932,334.1,1,1,2014-07-31,0455,Aqua,MODIS,78,6.2,303.5,24.1,D,0
-11.6788,130.7959,368.5,1,1,2014-07-31,0455,Aqua,MODIS,100,6.2,306.9,103.9,D,0
-11.5007,131.0862,351,1,1,2014-07-31,0455,Aqua,MODIS,95,6.2,307.2,51.8,D,0
-11.502,131.0769,383,1,1,2014-07-31,0455,Aqua,MODIS,100,6.2,307.7,156.9,D,0
-11.8171,130.9237,352,1,1,2014-07-31,0455,Aqua,MODIS,96,6.2,305.8,57.5,D,0
-11.8184,130.9144,354.5,1,1,2014-07-31,0455,Aqua,MODIS,97,6.2,306.3,63.9,D,0
-11.8197,130.9051,328.9,1,1,2014-07-31,0455,Aqua,MODIS,82,6.2,302.9,18,D,0
-11.8068,130.4736,324.3,1,1,2014-07-31,0455,Aqua,MODIS,43,6.2,302.1,12.9,D,0
-11.7976,130.4722,334.5,1,1,2014-07-31,0455,Aqua,MODIS,82,6.2,301.5,26.4,D,0
-11.7858,130.49,321.5,1,1,2014-07-31,0455,Aqua,MODIS,59,6.2,301.5,10.9,D,0
-12.6981,130.4662,330.3,1.1,1,2014-07-31,0455,Aqua,MODIS,54,6.2,303,19.4,D,0
-12.6901,130.4551,330.4,1.1,1,2014-07-31,0455,Aqua,MODIS,61,6.2,302.4,20,D,0
-31.7918,115.9374,307.9,1.3,1.1,2014-07-31,0628,Aqua,MODIS,66,6.2,290.6,11.2,D,0
-32.4522,116.0334,300.6,1.3,1.1,2014-07-31,0628,Aqua,MODIS,39,6.2,287.3,7.4,D,0
-32.5107,116.0626,302.7,1.3,1.1,2014-07-31,0628,Aqua,MODIS,53,6.2,286.9,9.5,D,0
-22.3225,118.5156,315.4,3.1,1.7,2014-07-31,0630,Aqua,MODIS,37,6.2,290.1,47.8,D,0
-36.9305,149.3757,316.4,1.6,1.2,2014-07-31,1234,Terra,MODIS,93,6.2,280.8,34.6,N,0
-36.9174,149.3924,302.6,1.6,1.2,2014-07-31,1234,Terra,MODIS,50,6.2,281.9,15.5,N,0
-31.9648,152.2055,301.9,1,1,2014-07-31,1235,Terra,MODIS,45,6.2,285.9,7.4,N,0
-31.9237,151.7436,300.9,1.1,1,2014-07-31,1235,Terra,MODIS,25,6.2,285.2,7,N,0
-30.3274,152.3028,304.9,1,1,2014-07-31,1236,Terra,MODIS,62,6.2,281.7,9.8,N,0
-31.1874,152.0392,336.7,1,1,2014-07-31,1236,Terra,MODIS,100,6.2,287,43.3,N,0
-31.1888,152.0281,325.9,1,1,2014-07-31,1236,Terra,MODIS,100,6.2,286.1,28.2,N,0
-31.1903,152.0171,315.4,1,1,2014-07-31,1236,Terra,MODIS,76,6.2,284.6,17,N,0
-31.1768,152.0481,315.3,1,1,2014-07-31,1236,Terra,MODIS,91,6.2,284.2,17,N,0
-31.2023,151.9972,302.7,1,1,2014-07-31,1236,Terra,MODIS,51,6.2,281.3,9.4,N,0
-31.1917,152.0062,315.2,1,1,2014-07-31,1236,Terra,MODIS,91,6.2,284,17.6,N,0
-31.1398,151.9906,303.7,1,1,2014-07-31,1236,Terra,MODIS,21,6.2,282.1,8.4,N,0
-31.1292,152,312.6,1,1,2014-07-31,1236,Terra,MODIS,48,6.2,283.2,14,N,0
-31.1307,151.9886,305.3,1,1,2014-07-31,1236,Terra,MODIS,9,6.2,282.8,9,N,0
-28.799,153.1214,308.8,1,1,2014-07-31,1236,Terra,MODIS,76,6.2,286.9,11.4,N,0
-29.5004,152.7801,369.2,1,1,2014-07-31,1236,Terra,MODIS,100,6.2,294.7,116.5,N,0
-28.0663,153.2861,301.9,1,1,2014-07-31,1236,Terra,MODIS,45,6.2,288.1,5.9,N,0
-28.1039,153.2827,321.3,1,1,2014-07-31,1236,Terra,MODIS,97,6.2,289.6,19.3,N,0
-28.122,153.2861,306.2,1,1,2014-07-31,1236,Terra,MODIS,60,6.2,286.4,8.3,N,0
-28.7427,149.8788,341.7,1.2,1.1,2014-07-31,1236,Terra,MODIS,100,6.2,283.6,65.4,N,0
-28.0754,153.2878,313.7,1,1,2014-07-31,1236,Terra,MODIS,88,6.2,289.1,13.4,N,0
-28.0859,153.2793,321.2,1,1,2014-07-31,1236,Terra,MODIS,100,6.2,289.1,19.6,N,0
-29.4748,152.7647,310.3,1,1,2014-07-31,1236,Terra,MODIS,80,6.2,287.5,11.9,N,0
-28.9274,152.3456,306.8,1,1,2014-07-31,1236,Terra,MODIS,69,6.2,282.9,11,N,0
-28.1205,153.2964,338.9,1,1,2014-07-31,1236,Terra,MODIS,100,6.2,287,43.6,N,0
-29.6429,152.7446,305.8,1,1,2014-07-31,1236,Terra,MODIS,66,6.2,284.8,9.5,N,0
-28.0979,153.2606,310.1,1,1,2014-07-31,1236,Terra,MODIS,79,6.2,287.2,11.2,N,0
-28.0964,153.2708,316.7,1,1,2014-07-31,1236,Terra,MODIS,92,6.2,288.4,15.4,N,0
-28.0949,153.281,318.5,1,1,2014-07-31,1236,Terra,MODIS,68,6.2,288.7,15.9,N,0
-29.1608,152.2473,304.4,1,1,2014-07-31,1236,Terra,MODIS,51,6.2,281.6,9.1,N,0
-29.5019,152.7697,351.4,1,1,2014-07-31,1236,Terra,MODIS,100,6.2,288.9,68.1,N,0
-28.0769,153.2776,314.2,1,1,2014-07-31,1236,Terra,MODIS,89,6.2,288.5,13.5,N,0
-28.7412,149.891,323.8,1.2,1.1,2014-07-31,1236,Terra,MODIS,100,6.2,281.2,33.3,N,0
-29.4914,152.7784,330.7,1,1,2014-07-31,1236,Terra,MODIS,100,6.2,287.6,31.9,N,0
-28.0844,153.2895,317,1,1,2014-07-31,1236,Terra,MODIS,91,6.2,289.3,15.6,N,0
-28.7975,153.1317,303.4,1,1,2014-07-31,1236,Terra,MODIS,53,6.2,286.1,8.1,N,0
-29.4929,152.768,311.6,1,1,2014-07-31,1236,Terra,MODIS,83,6.2,285,12.7,N,0
-29.8886,153.0215,300.3,1,1,2014-07-31,1236,Terra,MODIS,23,6.2,280.3,7.4,N,0
-28.0739,153.298,304.2,1,1,2014-07-31,1236,Terra,MODIS,38,6.2,288.5,6.7,N,0
-27.663,152.8391,302.1,1,1,2014-07-31,1237,Terra,MODIS,46,6.2,283.1,7.1,N,0
-27.2623,150.7408,302.6,1.1,1,2014-07-31,1237,Terra,MODIS,50,6.2,283.6,8.8,N,0
-27.3992,150.7588,330.6,1.1,1,2014-07-31,1237,Terra,MODIS,100,6.2,285.2,36,N,0
-27.3898,150.7572,313,1.1,1,2014-07-31,1237,Terra,MODIS,86,6.2,282.7,16.9,N,0
-27.3977,150.7696,313.3,1.1,1,2014-07-31,1237,Terra,MODIS,87,6.2,283.6,16.2,N,0
-27.3884,150.768,305.4,1.1,1,2014-07-31,1237,Terra,MODIS,64,6.2,282.1,10.9,N,0
-27.6694,151.0591,337.3,1.1,1,2014-07-31,1237,Terra,MODIS,75,6.2,291.8,39.2,N,0
-27.6373,151.0364,304.7,1.1,1,2014-07-31,1237,Terra,MODIS,57,6.2,284.2,9,N,0
-27.6708,151.0484,335.2,1.1,1,2014-07-31,1237,Terra,MODIS,87,6.2,290.8,36.9,N,0
-27.6523,151.0452,322,1.1,1,2014-07-31,1237,Terra,MODIS,0,6.2,287.1,17,N,0
-27.643,151.0437,323.2,1.1,1,2014-07-31,1237,Terra,MODIS,15,6.2,286,20.1,N,0
-16.4399,144.2449,306.3,1.9,1.3,2014-07-31,1240,Terra,MODIS,68,6.2,290.9,17.6,N,0
-16.442,144.2271,322.6,1.9,1.3,2014-07-31,1240,Terra,MODIS,100,6.2,291.5,51.2,N,0
-15.0414,142.8346,311.4,2.3,1.5,2014-07-31,1240,Terra,MODIS,77,6.2,291.3,30.9,N,0
-15.0594,142.7934,308.6,2.3,1.5,2014-07-31,1240,Terra,MODIS,75,6.2,291.2,26.3,N,0
-15.057,142.8149,307,2.3,1.5,2014-07-31,1240,Terra,MODIS,70,6.2,291.2,22.1,N,0
-14.784,142.2601,306,2.5,1.5,2014-07-31,1240,Terra,MODIS,66,6.2,290.4,26.5,N,0
-24.8326,128.0913,305.3,1,1,2014-07-31,1416,Terra,MODIS,64,6.2,285.1,9.1,N,0
-24.834,128.0813,305.7,1,1,2014-07-31,1416,Terra,MODIS,65,6.2,285.3,9.4,N,0
-12.5679,131.3267,308.5,2.4,1.5,2014-07-31,1419,Terra,MODIS,70,6.2,287.3,30.1,N,0
-12.5766,131.3351,301.9,2.4,1.5,2014-07-31,1419,Terra,MODIS,45,6.2,287.3,18.5,N,0
-12.5803,131.3135,309.1,2.3,1.5,2014-07-31,1419,Terra,MODIS,76,6.2,287.7,33.5,N,0
-12.5715,131.3053,302.5,2.3,1.5,2014-07-31,1419,Terra,MODIS,11,6.2,287.6,16.8,N,0
-12.947,132.1238,302.7,2.7,1.6,2014-07-31,1419,Terra,MODIS,51,6.2,283.6,23.1,N,0
-15.0787,143.0365,303.6,1.1,1.1,2014-07-31,1545,Aqua,MODIS,56,6.2,289.1,6.9,N,0
-15.0803,143.047,300.3,1.1,1.1,2014-07-31,1545,Aqua,MODIS,23,6.2,288.9,4.8,N,0
-28.7365,149.8907,309.4,2.4,1.5,2014-07-31,1548,Aqua,MODIS,77,6.2,281.9,45.7,N,0
-18.7637,121.8979,312.5,1.1,1,2014-07-31,1725,Aqua,MODIS,85,6.2,290,14.2,N,0
-18.7652,121.9083,316.1,1.1,1,2014-07-31,1725,Aqua,MODIS,93,6.2,290.3,17.8,N,0
-22.3294,118.4945,318.6,1,1,2014-07-31,1726,Aqua,MODIS,48,6.2,282.7,17.6,N,0
-22.3104,118.4845,312.9,1,1,2014-07-31,1726,Aqua,MODIS,10,6.2,279,10.7,N,0
-22.3118,118.4942,335.3,1,1,2014-07-31,1726,Aqua,MODIS,100,6.2,281.9,34.2,N,0
-22.0452,119.3064,304.9,1,1,2014-07-31,1726,Aqua,MODIS,62,6.2,287.5,7.4,N,0
-22.0438,119.2967,309.6,1,1,2014-07-31,1726,Aqua,MODIS,78,6.2,288.5,10.6,N,0
-22.2171,115.4495,305.3,1.3,1.1,2014-07-31,1726,Aqua,MODIS,56,6.2,283.1,13.1,N,0
-22.3238,118.5122,316.9,1,1,2014-07-31,1726,Aqua,MODIS,12,6.2,282.1,11.5,N,0
-22.3309,118.5042,316.8,1,1,2014-07-31,1726,Aqua,MODIS,50,6.2,280.7,15.7,N,0
-22.3223,118.5024,336.6,1,1,2014-07-31,1726,Aqua,MODIS,100,6.2,286.7,34.4,N,0
-22.3209,118.4927,331.6,1,1,2014-07-31,1726,Aqua,MODIS,96,6.2,284.7,28.3,N,0
-22.3133,118.504,324.6,1,1,2014-07-31,1726,Aqua,MODIS,57,6.2,279.6,19.8,N,0
-28.1444,152.4552,303.6,2.1,1.4,2014-07-31,2335,Terra,MODIS,51,6.2,289.8,15.8,D,0
-28.0928,153.2729,301.9,1.8,1.3,2014-07-31,2335,Terra,MODIS,15,6.2,290.8,8.8,D,0
-28.6164,153.5219,308.7,1.7,1.3,2014-07-31,2335,Terra,MODIS,67,6.2,294.8,13.8,D,0
-29.4678,152.7696,304.3,1.8,1.3,2014-07-31,2335,Terra,MODIS,53,6.2,292.9,11.5,D,0
-29.9461,151.969,302.1,2,1.4,2014-07-31,2336,Terra,MODIS,47,6.2,287.6,15,D,0
-30.3156,152.2932,309.1,1.9,1.3,2014-07-31,2336,Terra,MODIS,68,6.2,289.3,24.3,D,0
-30.3193,152.312,310.1,1.9,1.3,2014-07-31,2336,Terra,MODIS,70,6.2,289.3,26.2,D,0
-31.1735,152.0588,311.1,1.9,1.3,2014-07-31,2336,Terra,MODIS,50,6.2,290.7,24.6,D,0
-31.1817,152.0366,308.3,1.9,1.3,2014-07-31,2336,Terra,MODIS,39,6.2,289.7,19.3,D,0
-30.3998,151.3292,303.3,2.2,1.4,2014-07-31,2336,Terra,MODIS,56,6.2,287.8,19.2,D,0
-31.1218,151.9902,315.7,1.9,1.3,2014-07-31,2336,Terra,MODIS,41,6.2,291.8,30.5,D,0
-31.1191,151.9989,316.1,1.9,1.3,2014-07-31,2336,Terra,MODIS,72,6.2,291.3,33.1,D,0
-31.9211,151.7603,303.6,1.9,1.3,2014-07-31,2336,Terra,MODIS,40,6.2,291.7,13.5,D,0
-31.9172,151.7409,304.2,1.9,1.3,2014-07-31,2336,Terra,MODIS,45,6.2,290.6,14.1,D,0
-31.9247,151.7541,307.6,1.9,1.3,2014-07-31,2336,Terra,MODIS,66,6.2,291.2,19.6,D,0
-13.2158,142.0027,324.2,1.4,1.2,2014-08-01,0109,Terra,MODIS,74,6.2,300.7,21.1,D,0
-12.5163,141.885,321.1,1.3,1.1,2014-08-01,0109,Terra,MODIS,67,6.2,299.3,16.6,D,0
-12.525,141.8713,323.7,1.3,1.1,2014-08-01,0109,Terra,MODIS,71,6.2,299.4,21.1,D,0
-12.4876,135.4005,311.9,1.2,1.1,2014-08-01,0109,Terra,MODIS,41,6.2,296.1,5.5,D,0
-12.5119,142.6329,312.9,1.5,1.2,2014-08-01,0109,Terra,MODIS,39,6.2,295.2,13.6,D,0
-12.4004,134.7917,317.1,1.3,1.1,2014-08-01,0109,Terra,MODIS,60,6.2,298.4,12.1,D,0
-12.4023,134.8039,314,1.3,1.1,2014-08-01,0109,Terra,MODIS,43,6.2,298.2,8.3,D,0
-13.9158,132.2656,320.5,1.9,1.3,2014-08-01,0110,Terra,MODIS,60,6.2,299.1,19.7,D,0
-13.9279,132.2635,324.8,1.9,1.3,2014-08-01,0110,Terra,MODIS,75,6.2,298.8,32.4,D,0
-14.6795,142.7845,315.5,1.7,1.3,2014-08-01,0110,Terra,MODIS,64,6.2,296.9,15.7,D,0
-14.89,143.0988,318.1,1.8,1.3,2014-08-01,0110,Terra,MODIS,68,6.2,297.7,20.6,D,0
-15.3676,141.9044,323.4,1.5,1.2,2014-08-01,0110,Terra,MODIS,75,6.2,301.5,21.7,D,0
-15.3658,141.8908,317.5,1.5,1.2,2014-08-01,0110,Terra,MODIS,59,6.2,301.4,11.5,D,0
-12.5284,131.3025,311.9,2.4,1.5,2014-08-01,0110,Terra,MODIS,31,6.2,290.8,15.6,D,0
-15.0758,143.0302,317.3,1.8,1.3,2014-08-01,0110,Terra,MODIS,64,6.2,299.8,13.8,D,0
-12.5778,132.5955,315.5,1.9,1.3,2014-08-01,0110,Terra,MODIS,49,6.2,298.3,13,D,0
-14.3018,142.6891,314.1,1.6,1.3,2014-08-01,0110,Terra,MODIS,51,6.2,298.4,11.4,D,0
-12.9334,132.1332,317.6,2,1.4,2014-08-01,0110,Terra,MODIS,55,6.2,298.2,16.5,D,0
-18.6894,132.727,324.2,1.4,1.2,2014-08-01,0111,Terra,MODIS,41,6.2,301.2,21.3,D,0
-18.6787,132.7289,343.3,1.4,1.2,2014-08-01,0111,Terra,MODIS,91,6.2,305.2,68.4,D,0
-18.6764,132.7153,377.2,1.4,1.2,2014-08-01,0111,Terra,MODIS,100,6.2,306.7,229.5,D,0
-18.7,132.725,323,1.4,1.2,2014-08-01,0111,Terra,MODIS,27,6.2,301.8,17.3,D,0
-24.8059,128.1358,301.7,2.3,1.5,2014-08-01,0113,Terra,MODIS,43,6.2,290,8.9,D,0
-24.8101,128.1571,304.6,2.3,1.5,2014-08-01,0113,Terra,MODIS,57,6.2,291.3,14.1,D,0
-33.0042,137.5905,301.3,1.3,1.2,2014-08-01,0115,Terra,MODIS,0,6.2,289,6.6,D,2
-20.8099,119.2409,331,2.5,1.5,2014-08-01,0250,Terra,MODIS,83,6.2,303.4,83.4,D,0
-22.2292,115.4414,329.2,1.4,1.2,2014-08-01,0251,Terra,MODIS,81,6.2,305.4,29.6,D,0
-22.2969,118.4539,324.5,2.3,1.5,2014-08-01,0251,Terra,MODIS,35,6.2,300.7,51.8,D,0
-22.2276,115.4279,327.1,1.4,1.2,2014-08-01,0251,Terra,MODIS,79,6.2,303.1,26.1,D,0
-22.3302,118.5164,319.7,2.3,1.5,2014-08-01,0251,Terra,MODIS,35,6.2,298.3,36.8,D,0
-22.2656,115.4305,330.2,1.4,1.2,2014-08-01,0251,Terra,MODIS,70,6.2,305.3,29.5,D,0
-22.2688,115.4576,328.5,1.4,1.2,2014-08-01,0251,Terra,MODIS,77,6.2,305.4,26.1,D,0
-22.31,118.4514,351.6,2.3,1.5,2014-08-01,0251,Terra,MODIS,96,6.2,296.4,196.3,D,0
-22.3077,118.4297,323.8,2.3,1.5,2014-08-01,0251,Terra,MODIS,62,6.2,296.1,53.6,D,0
-22.2794,115.4562,331.1,1.4,1.2,2014-08-01,0251,Terra,MODIS,83,6.2,303.2,33.1,D,0
-22.2777,115.4426,319.6,1.4,1.2,2014-08-01,0251,Terra,MODIS,16,6.2,302.8,11.9,D,0
-22.2186,115.4429,317.4,1.4,1.2,2014-08-01,0251,Terra,MODIS,58,6.2,304.2,10.3,D,0
-22.2749,115.4628,328.2,1.4,1.2,2014-08-01,0251,Terra,MODIS,77,6.2,303.5,25.2,D,0
-22.264,115.417,325.3,1.4,1.2,2014-08-01,0251,Terra,MODIS,19,6.2,304,19.7,D,0
-22.2732,115.4492,345.2,1.4,1.2,2014-08-01,0251,Terra,MODIS,92,6.2,304.9,68.9,D,0
-22.2592,115.4236,336.9,1.4,1.2,2014-08-01,0251,Terra,MODIS,87,6.2,305.7,46.1,D,0
-27.8292,114.7879,312.9,1.5,1.2,2014-08-01,0252,Terra,MODIS,70,6.2,295.4,16,D,0
-35.6762,149.9997,321.6,1,1,2014-08-01,0353,Aqua,MODIS,81,6.2,288.2,22.3,D,0
-35.6747,150.0114,309.3,1,1,2014-08-01,0353,Aqua,MODIS,68,6.2,285.8,11.3,D,0
-35.6854,150.0016,306.6,1,1,2014-08-01,0353,Aqua,MODIS,27,6.2,286.4,8.5,D,0
-33.7624,150.7162,303.6,1,1,2014-08-01,0353,Aqua,MODIS,56,6.2,291.3,4,D,0
-33.7534,150.7143,303.6,1,1,2014-08-01,0353,Aqua,MODIS,56,6.2,291.3,4.1,D,0
-34.4644,150.8876,302.2,1,1,2014-08-01,0353,Aqua,MODIS,0,6.2,291.1,3.7,D,2
-34.4659,150.8767,302.8,1,1,2014-08-01,0353,Aqua,MODIS,51,6.2,292.3,4.1,D,2
-32.5085,151.8006,303.8,1,1,2014-08-01,0353,Aqua,MODIS,57,6.2,291.5,4.7,D,0
-31.9679,152.1968,312.9,1.1,1,2014-08-01,0353,Aqua,MODIS,73,6.2,294.7,10.7,D,0
-31.9388,152.0926,307.6,1,1,2014-08-01,0353,Aqua,MODIS,66,6.2,296.1,5.8,D,0
-31.9662,152.2081,315.1,1.1,1,2014-08-01,0353,Aqua,MODIS,75,6.2,294.4,12.1,D,0
-31.8402,152.4174,314.6,1.1,1,2014-08-01,0353,Aqua,MODIS,75,6.2,296.1,10.8,D,0
-31.8219,152.4719,307.9,1.1,1,2014-08-01,0353,Aqua,MODIS,66,6.2,295.8,6.3,D,0
-31.8309,152.4154,313,1.1,1,2014-08-01,0353,Aqua,MODIS,73,6.2,296.4,9.6,D,0
-32.0455,152.3468,329.2,1.1,1,2014-08-01,0353,Aqua,MODIS,86,6.2,294.5,28.7,D,0
-32.0473,152.3355,319.4,1.1,1,2014-08-01,0353,Aqua,MODIS,79,6.2,294.6,16.7,D,0
-31.9984,152.3071,313.2,1.1,1,2014-08-01,0353,Aqua,MODIS,73,6.2,293.9,10,D,0
-32.0001,152.2959,306.1,1.1,1,2014-08-01,0353,Aqua,MODIS,63,6.2,292.4,4.5,D,0
-31.9891,152.3051,355,1.1,1,2014-08-01,0353,Aqua,MODIS,98,6.2,299.6,76.9,D,0
-31.9909,152.2938,331.2,1.1,1,2014-08-01,0353,Aqua,MODIS,87,6.2,296.6,29.5,D,0
-31.9404,151.7755,318.4,1,1,2014-08-01,0353,Aqua,MODIS,78,6.2,292.5,15.4,D,0
-31.9362,151.7412,314.9,1,1,2014-08-01,0353,Aqua,MODIS,27,6.2,293.2,10.5,D,0
-31.9272,151.7391,318.9,1,1,2014-08-01,0353,Aqua,MODIS,61,6.2,292.5,15.2,D,0
-32.9812,150.6574,301.3,1,1,2014-08-01,0353,Aqua,MODIS,46,6.2,288.6,5.6,D,0
-29.869,149.1968,308.5,1,1,2014-08-01,0354,Aqua,MODIS,51,6.2,296.3,4.8,D,0
-29.8705,149.1863,317.8,1,1,2014-08-01,0354,Aqua,MODIS,74,6.2,296.4,12.3,D,0
-31.352,147.8516,302.5,1.1,1.1,2014-08-01,0354,Aqua,MODIS,52,6.2,291.4,5,D,0
-29.3686,149.4892,314,1,1,2014-08-01,0354,Aqua,MODIS,66,6.2,299.2,7.8,D,0
-29.0033,149.4076,309.9,1,1,2014-08-01,0354,Aqua,MODIS,49,6.2,299.5,4.4,D,0
-30.0679,152.1377,316.1,1.1,1,2014-08-01,0354,Aqua,MODIS,76,6.2,291.6,15.2,D,0
-30.1911,150.9141,304,1,1,2014-08-01,0354,Aqua,MODIS,58,6.2,291.7,4.8,D,0
-31.3196,147.8526,311.6,1.1,1.1,2014-08-01,0354,Aqua,MODIS,72,6.2,291.8,11.6,D,0
-29.3701,149.4789,328.8,1,1,2014-08-01,0354,Aqua,MODIS,83,6.2,300.2,22.8,D,0
-29.6726,150.3832,313.5,1,1,2014-08-01,0354,Aqua,MODIS,70,6.2,299,8,D,0
-29.8899,153.0486,417.3,1.2,1.1,2014-08-01,0354,Aqua,MODIS,100,6.2,314.1,477.1,D,0
-28.8858,152.4787,317.1,1.2,1.1,2014-08-01,0354,Aqua,MODIS,75,6.2,298.1,14.3,D,0
-29.9016,153.0386,359.2,1.2,1.1,2014-08-01,0354,Aqua,MODIS,99,6.2,301.6,101.8,D,0
-29.8356,153.0059,312.6,1.2,1.1,2014-08-01,0354,Aqua,MODIS,72,6.2,299,9.7,D,0
-29.9037,153.0263,368.5,1.2,1.1,2014-08-01,0354,Aqua,MODIS,100,6.2,303.9,136.7,D,0
-29.4742,152.7743,378.1,1.2,1.1,2014-08-01,0354,Aqua,MODIS,100,6.2,303.8,177.2,D,0
-29.9981,153.0796,314.9,1.2,1.1,2014-08-01,0354,Aqua,MODIS,75,6.2,298.1,13.3,D,0
-29.8863,153.0097,318.4,1.2,1.1,2014-08-01,0354,Aqua,MODIS,78,6.2,299.8,15.5,D,0
-29.5032,152.781,327.1,1.2,1.1,2014-08-01,0354,Aqua,MODIS,59,6.2,300.1,24.6,D,0
-29.1671,152.8894,324.7,1.2,1.1,2014-08-01,0354,Aqua,MODIS,82,6.2,299.3,24.2,D,0
-29.1113,152.7952,318.1,1.2,1.1,2014-08-01,0354,Aqua,MODIS,76,6.2,296.8,16.5,D,0
-29.8131,153.141,339.1,1.2,1.1,2014-08-01,0354,Aqua,MODIS,91,6.2,299.5,51.3,D,0
-28.3197,151.1006,311.1,1,1,2014-08-01,0354,Aqua,MODIS,37,6.2,299.2,5.9,D,0
-29.896,153.0119,339.7,1.2,1.1,2014-08-01,0354,Aqua,MODIS,92,6.2,300.2,48.6,D,0
-29.1591,152.2645,322.6,1.1,1.1,2014-08-01,0354,Aqua,MODIS,77,6.2,292.9,22,D,0
-32.4251,147.1028,332.9,1.3,1.1,2014-08-01,0354,Aqua,MODIS,88,6.2,286.5,48.2,D,0
-29.4839,152.7765,354.1,1.2,1.1,2014-08-01,0354,Aqua,MODIS,97,6.2,301.3,83.2,D,0
-29.9455,152.8344,316.6,1.2,1.1,2014-08-01,0354,Aqua,MODIS,77,6.2,297.8,14,D,0
-29.1625,152.2432,349.6,1.1,1.1,2014-08-01,0354,Aqua,MODIS,96,6.2,300.4,67.8,D,0
-28.9377,152.4035,323.7,1.1,1.1,2014-08-01,0354,Aqua,MODIS,81,6.2,297.5,23.3,D,0
-28.3289,151.1025,315.1,1,1,2014-08-01,0354,Aqua,MODIS,58,6.2,299.5,9.1,D,0
-29.4943,152.9614,321.8,1.2,1.1,2014-08-01,0354,Aqua,MODIS,80,6.2,299.4,19.7,D,0
-29.2689,147.8417,315,1.1,1,2014-08-01,0354,Aqua,MODIS,68,6.2,298,9.7,D,0
-29.1017,152.7925,325.6,1.2,1.1,2014-08-01,0354,Aqua,MODIS,83,6.2,297.4,25.8,D,0
-28.1414,152.4523,318,1.2,1.1,2014-08-01,0354,Aqua,MODIS,65,6.2,299.2,15.4,D,0
-29.858,153.1179,310,1.2,1.1,2014-08-01,0354,Aqua,MODIS,69,6.2,298.5,8,D,0
-28.3908,152.8677,313.8,1.2,1.1,2014-08-01,0354,Aqua,MODIS,70,6.2,297.5,13.3,D,0
-28.468,152.9551,312.7,1.2,1.1,2014-08-01,0354,Aqua,MODIS,69,6.2,296.4,10.1,D,0
-28.7424,149.8826,317.9,1,1,2014-08-01,0354,Aqua,MODIS,71,6.2,302.1,10,D,0
-29.3638,152.5652,313.3,1.2,1.1,2014-08-01,0354,Aqua,MODIS,72,6.2,298.9,10.5,D,0
-28.8878,152.4667,309.5,1.2,1.1,2014-08-01,0354,Aqua,MODIS,49,6.2,297.3,7.2,D,0
-29.6314,152.7598,313.9,1.2,1.1,2014-08-01,0354,Aqua,MODIS,25,6.2,300.5,8.8,D,0
-29.894,153.0241,347.2,1.2,1.1,2014-08-01,0354,Aqua,MODIS,95,6.2,302.9,65.6,D,0
-28.393,152.8549,312,1.2,1.1,2014-08-01,0354,Aqua,MODIS,67,6.2,296.6,11.4,D,0
-29.172,152.2452,315.6,1.1,1.1,2014-08-01,0354,Aqua,MODIS,39,6.2,297.2,11.9,D,0
-29.4858,152.7647,322.3,1.2,1.1,2014-08-01,0354,Aqua,MODIS,36,6.2,298.8,17.2,D,0
-29.1134,152.7829,312,1.2,1.1,2014-08-01,0354,Aqua,MODIS,69,6.2,296.7,10.2,D,0
-28.9281,152.3406,328.8,1.1,1.1,2014-08-01,0354,Aqua,MODIS,85,6.2,295.7,30.9,D,0
-28.7326,149.2452,312.2,1,1,2014-08-01,0354,Aqua,MODIS,57,6.2,301.4,5.7,D,0
-28.9914,152.7745,308.1,1.2,1.1,2014-08-01,0354,Aqua,MODIS,60,6.2,297.4,6.9,D,0
-29.4946,152.9558,312.5,1.2,1.1,2014-08-01,0354,Aqua,MODIS,71,6.2,299,10.3,D,0
-29.4878,152.7528,328.2,1.2,1.1,2014-08-01,0354,Aqua,MODIS,83,6.2,299.9,26.7,D,0
-29.4925,152.9682,312.1,1.2,1.1,2014-08-01,0354,Aqua,MODIS,70,6.2,299.2,9.9,D,0
-29.5439,152.8462,348.7,1.2,1.1,2014-08-01,0354,Aqua,MODIS,95,6.2,301.3,71.3,D,0
-29.86,153.1058,325.1,1.2,1.1,2014-08-01,0354,Aqua,MODIS,83,6.2,299.5,25.5,D,0
-29.5419,152.8582,353,1.2,1.1,2014-08-01,0354,Aqua,MODIS,97,6.2,300,83.4,D,0
-29.1572,152.2757,316.5,1.1,1.1,2014-08-01,0354,Aqua,MODIS,74,6.2,290.8,16.2,D,0
-28.9377,152.3425,316.4,1.1,1.1,2014-08-01,0354,Aqua,MODIS,74,6.2,295.1,15.3,D,0
-29.5516,152.8603,311.1,1.2,1.1,2014-08-01,0354,Aqua,MODIS,69,6.2,298.2,9,D,0
-29.9435,152.8465,311.1,1.2,1.1,2014-08-01,0354,Aqua,MODIS,45,6.2,298.7,7.6,D,0
-29.3525,152.2711,307.1,1.1,1.1,2014-08-01,0354,Aqua,MODIS,48,6.2,292,8,D,0
-29.9582,152.957,322.5,1.2,1.1,2014-08-01,0354,Aqua,MODIS,82,6.2,298.5,20.3,D,0
-31.7989,146.8241,310.7,1.3,1.1,2014-08-01,0354,Aqua,MODIS,70,6.2,291.6,13.6,D,0
-29.5128,152.7832,327.4,1.2,1.1,2014-08-01,0354,Aqua,MODIS,84,6.2,299,25.9,D,0
-28.9358,152.4152,327.4,1.1,1.1,2014-08-01,0354,Aqua,MODIS,84,6.2,296.2,28.5,D,0
-30.0305,152.823,313.9,1.2,1.1,2014-08-01,0354,Aqua,MODIS,74,6.2,298.9,11.3,D,0
-29.8996,153.0508,347.6,1.2,1.1,2014-08-01,0354,Aqua,MODIS,95,6.2,300.7,68.7,D,0
-28.5918,148.8694,310.9,1,1,2014-08-01,0354,Aqua,MODIS,51,6.2,300.8,4.1,D,0
-29.8842,153.022,310.2,1.2,1.1,2014-08-01,0354,Aqua,MODIS,69,6.2,299.9,6.8,D,0
-29.8919,153.0364,387.5,1.2,1.1,2014-08-01,0354,Aqua,MODIS,100,6.2,310.7,233.5,D,0
-29.0717,152.5317,323.8,1.2,1.1,2014-08-01,0354,Aqua,MODIS,81,6.2,298.6,22.7,D,0
-28.9262,152.3526,310.9,1.1,1.1,2014-08-01,0354,Aqua,MODIS,55,6.2,295,9.4,D,0
-29.9476,152.8218,317.3,1.2,1.1,2014-08-01,0354,Aqua,MODIS,77,6.2,297.7,14.5,D,0
-29.9514,153.0567,308.8,1.2,1.1,2014-08-01,0354,Aqua,MODIS,68,6.2,298,6.9,D,0
-29.9546,152.9618,324,1.2,1.1,2014-08-01,0354,Aqua,MODIS,83,6.2,299,23.4,D,0
-29.9561,152.9692,316.6,1.2,1.1,2014-08-01,0354,Aqua,MODIS,77,6.2,298.2,13,D,0
-28.151,152.4547,317.9,1.2,1.1,2014-08-01,0354,Aqua,MODIS,61,6.2,297.8,15.6,D,0
-28.8954,152.481,312.5,1.2,1.1,2014-08-01,0354,Aqua,MODIS,53,6.2,297.9,9.1,D,0
-29.4762,152.7624,351.5,1.2,1.1,2014-08-01,0354,Aqua,MODIS,96,6.2,301.7,75.8,D,0
-30.0584,152.3527,318.9,1.1,1.1,2014-08-01,0354,Aqua,MODIS,79,6.2,290.3,19,D,0
-29.2886,152.6594,314.2,1.2,1.1,2014-08-01,0354,Aqua,MODIS,73,6.2,298.7,10.6,D,0
-30.0678,152.3549,310.6,1.1,1.1,2014-08-01,0354,Aqua,MODIS,68,6.2,287.9,10.9,D,0
-29.1037,152.7806,310.7,1.2,1.1,2014-08-01,0354,Aqua,MODIS,35,6.2,295.8,8.5,D,0
-29.3542,152.2602,313.6,1.1,1.1,2014-08-01,0354,Aqua,MODIS,71,6.2,295.8,12.7,D,0
-30.0437,152.925,310.9,1.2,1.1,2014-08-01,0354,Aqua,MODIS,71,6.2,297.2,9.2,D,0
-29.6547,152.7399,318.8,1.2,1.1,2014-08-01,0354,Aqua,MODIS,78,6.2,299.4,15,D,0
-30.0925,152.942,312.8,1.2,1.1,2014-08-01,0354,Aqua,MODIS,73,6.2,298.7,10.8,D,0
-29.8152,153.1288,309.7,1.2,1.1,2014-08-01,0354,Aqua,MODIS,68,6.2,298.4,7.9,D,0
-28.7434,149.6834,312.9,1,1,2014-08-01,0354,Aqua,MODIS,59,6.2,301.5,5.9,D,0
-28.7463,149.6629,330.4,1,1,2014-08-01,0354,Aqua,MODIS,84,6.2,303.7,23.6,D,0
-28.7448,149.6732,347.1,1,1,2014-08-01,0354,Aqua,MODIS,94,6.2,304.6,50.7,D,0
-29.8944,152.0068,310.5,1.1,1,2014-08-01,0354,Aqua,MODIS,69,6.2,291.6,10.5,D,0
-30.8491,152.5968,311.2,1.1,1.1,2014-08-01,0354,Aqua,MODIS,71,6.2,298.2,7.5,D,0
-31.254,151.1447,313.8,1,1,2014-08-01,0354,Aqua,MODIS,74,6.2,292.4,11.7,D,0
-30.7597,152.5829,317.6,1.1,1.1,2014-08-01,0354,Aqua,MODIS,64,6.2,296.3,14.4,D,0
-30.754,152.587,316.8,1.1,1.1,2014-08-01,0354,Aqua,MODIS,75,6.2,296,13,D,0
-30.7313,152.5458,317,1.1,1.1,2014-08-01,0354,Aqua,MODIS,70,6.2,294.9,14,D,0
-30.7805,152.6355,325.2,1.1,1.1,2014-08-01,0354,Aqua,MODIS,83,6.2,298.8,23.6,D,0
-30.7823,152.6241,318.6,1.1,1.1,2014-08-01,0354,Aqua,MODIS,79,6.2,297.5,15.8,D,0
-30.7578,152.5945,319,1.1,1.1,2014-08-01,0354,Aqua,MODIS,72,6.2,296,15.8,D,0
-31.3771,152.2499,309.4,1.1,1,2014-08-01,0354,Aqua,MODIS,69,6.2,295.6,8.8,D,0
-31.5675,152.4549,311.3,1.1,1,2014-08-01,0354,Aqua,MODIS,71,6.2,294,10.1,D,0
-31.5266,152.4695,307.3,1.1,1,2014-08-01,0354,Aqua,MODIS,57,6.2,293.5,6,D,0
-31.519,152.3564,309.1,1.1,1,2014-08-01,0354,Aqua,MODIS,65,6.2,294.5,8,D,0
-30.1591,152.3569,313.4,1.1,1,2014-08-01,0354,Aqua,MODIS,74,6.2,292,12.8,D,0
-30.1496,152.3554,307,1.1,1,2014-08-01,0354,Aqua,MODIS,50,6.2,291.7,7.2,D,0
-30.3282,152.3065,324.7,1.1,1,2014-08-01,0354,Aqua,MODIS,83,6.2,293.7,24.1,D,0
-30.3301,152.2946,324.4,1.1,1,2014-08-01,0354,Aqua,MODIS,83,6.2,293.3,23.7,D,0
-30.3188,152.3047,336.2,1.1,1,2014-08-01,0354,Aqua,MODIS,79,6.2,295.3,38.9,D,0
-30.3207,152.2929,335.9,1.1,1,2014-08-01,0354,Aqua,MODIS,78,6.2,296.2,38,D,0
-31.1903,152.039,334.7,1.1,1,2014-08-01,0354,Aqua,MODIS,70,6.2,296.4,34,D,0
-31.192,152.0281,322.5,1.1,1,2014-08-01,0354,Aqua,MODIS,49,6.2,297.2,19.1,D,0
-31.1793,152.0487,327.7,1.1,1,2014-08-01,0354,Aqua,MODIS,49,6.2,296.1,24.5,D,0
-31.17,152.0468,329.1,1.1,1,2014-08-01,0354,Aqua,MODIS,53,6.2,294.9,26,D,0
-31.11,152.0278,319.1,1.1,1,2014-08-01,0354,Aqua,MODIS,51,6.2,292.6,14.6,D,0
-31.1103,152.7583,319.5,1.1,1.1,2014-08-01,0354,Aqua,MODIS,79,6.2,298.5,16,D,0
-31.1122,152.7467,321.8,1.1,1.1,2014-08-01,0354,Aqua,MODIS,81,6.2,298.6,18.5,D,0
-31.7686,151.4474,301.4,1,1,2014-08-01,0354,Aqua,MODIS,47,6.2,286.1,5.8,D,0
-30.307,152.6425,310.3,1.1,1.1,2014-08-01,0354,Aqua,MODIS,70,6.2,293.6,10.1,D,0
-30.7853,151.0715,300.3,1,1,2014-08-01,0354,Aqua,MODIS,34,6.2,287.9,4.1,D,0
-30.6027,152.969,313.5,1.2,1.1,2014-08-01,0354,Aqua,MODIS,72,6.2,298.2,10,D,0
-30.6047,152.9566,314.7,1.2,1.1,2014-08-01,0354,Aqua,MODIS,75,6.2,298.4,11,D,0
-30.6016,152.963,322.3,1.2,1.1,2014-08-01,0354,Aqua,MODIS,77,6.2,298.8,21.1,D,0
-30.6464,151.5092,319,1,1,2014-08-01,0354,Aqua,MODIS,79,6.2,289.9,17.5,D,0
-31.1955,152.006,328.1,1.1,1,2014-08-01,0354,Aqua,MODIS,85,6.2,295.7,26.2,D,0
-31.1972,151.995,316.7,1.1,1,2014-08-01,0354,Aqua,MODIS,77,6.2,293.3,14.1,D,0
-31.1419,151.9834,308.1,1.1,1,2014-08-01,0354,Aqua,MODIS,44,6.2,294.9,6.6,D,0
-31.131,151.9924,352,1.1,1,2014-08-01,0354,Aqua,MODIS,97,6.2,299.6,67.7,D,0
-31.1244,151.9966,338.3,1.1,1,2014-08-01,0354,Aqua,MODIS,91,6.2,297.8,39.6,D,0
-31.1261,151.986,354.5,1.1,1,2014-08-01,0354,Aqua,MODIS,98,6.2,302.5,74.3,D,0
-31.1278,151.9747,342,1.1,1,2014-08-01,0354,Aqua,MODIS,93,6.2,299.2,47.5,D,0
-31.1168,151.9841,312.1,1.1,1,2014-08-01,0354,Aqua,MODIS,54,6.2,296,8.9,D,0
-31.1327,151.9818,366.4,1.1,1,2014-08-01,0354,Aqua,MODIS,100,6.2,301.6,109.2,D,0
-31.5378,152.5201,314.6,1.1,1,2014-08-01,0354,Aqua,MODIS,75,6.2,298,11.6,D,0
-31.5341,152.4829,306.8,1.1,1,2014-08-01,0354,Aqua,MODIS,51,6.2,293.3,5.8,D,0
-31.5248,152.4808,306.4,1.1,1,2014-08-01,0354,Aqua,MODIS,50,6.2,293.9,5.4,D,0
-31.0039,152.8987,351.7,1.1,1.1,2014-08-01,0354,Aqua,MODIS,97,6.2,300,74.2,D,0
-31.0058,152.8869,404.3,1.1,1.1,2014-08-01,0354,Aqua,MODIS,100,6.2,308.2,331.4,D,0
-31.0078,152.875,310.5,1.1,1.1,2014-08-01,0354,Aqua,MODIS,43,6.2,299.4,6.1,D,0
-31.0097,152.8631,309.7,1.1,1.1,2014-08-01,0354,Aqua,MODIS,69,6.2,298.3,6,D,0
-30.9944,152.8965,400.2,1.1,1.1,2014-08-01,0354,Aqua,MODIS,100,6.2,310.3,301.1,D,0
-30.9963,152.8847,436.5,1.1,1.1,2014-08-01,0354,Aqua,MODIS,100,6.2,322.8,657.2,D,0
-30.9983,152.8729,383.2,1.1,1.1,2014-08-01,0354,Aqua,MODIS,100,6.2,308.5,193.9,D,0
-31.0002,152.861,331.7,1.1,1.1,2014-08-01,0354,Aqua,MODIS,88,6.2,299.8,31.2,D,0
-30.9868,152.8826,346.6,1.1,1.1,2014-08-01,0354,Aqua,MODIS,95,6.2,301.6,59.6,D,0
-30.9888,152.8707,364.4,1.1,1.1,2014-08-01,0354,Aqua,MODIS,100,6.2,306,111.5,D,0
-30.9907,152.8589,327.3,1.1,1.1,2014-08-01,0354,Aqua,MODIS,85,6.2,300.6,24.4,D,0
-30.985,152.8765,340,1.1,1.1,2014-08-01,0354,Aqua,MODIS,92,6.2,301.5,46.9,D,0
-30.9869,152.8647,332.5,1.1,1.1,2014-08-01,0354,Aqua,MODIS,88,6.2,303.1,33.4,D,0
-26.3662,151.8969,311.1,1.2,1.1,2014-08-01,0355,Aqua,MODIS,61,6.2,297.2,7.4,D,0
-26.3681,151.8852,316.9,1.2,1.1,2014-08-01,0355,Aqua,MODIS,72,6.2,296.5,12.2,D,0
-26.1501,148.5959,317.7,1,1,2014-08-01,0355,Aqua,MODIS,64,6.2,305.7,6.8,D,0
-26.1487,148.6059,319.3,1,1,2014-08-01,0355,Aqua,MODIS,67,6.2,305.4,8.4,D,0
-27.3967,150.763,318.6,1,1,2014-08-01,0355,Aqua,MODIS,71,6.2,303,10.8,D,0
-28.3688,146.1553,331.7,1.3,1.1,2014-08-01,0355,Aqua,MODIS,85,6.2,299.8,36.1,D,0
-27.7928,147.4349,318.4,1.1,1,2014-08-01,0355,Aqua,MODIS,69,6.2,303.1,10.6,D,0
-27.5972,147.873,322.1,1.1,1,2014-08-01,0355,Aqua,MODIS,74,6.2,304.6,13,D,0
-27.9289,149.4046,313.3,1,1,2014-08-01,0355,Aqua,MODIS,59,6.2,302.6,5.1,D,0
-27.5958,147.8836,325.2,1.1,1,2014-08-01,0355,Aqua,MODIS,78,6.2,304.6,16.6,D,0
-27.6506,151.0272,368.6,1.1,1,2014-08-01,0355,Aqua,MODIS,100,6.2,306.6,115.3,D,0
-28.1428,151.0525,323.6,1,1,2014-08-01,0355,Aqua,MODIS,12,6.2,298.3,15.9,D,0
-28.1343,151.0671,327.5,1,1,2014-08-01,0355,Aqua,MODIS,81,6.2,299.1,21.7,D,0
-28.1359,151.0565,319.9,1,1,2014-08-01,0355,Aqua,MODIS,73,6.2,298.1,13.9,D,0
-28.1375,151.0459,322.5,1,1,2014-08-01,0355,Aqua,MODIS,77,6.2,300,16.5,D,0
-28.1251,151.0653,316.2,1,1,2014-08-01,0355,Aqua,MODIS,28,6.2,297.9,9.4,D,0
-27.6598,151.029,332.2,1.1,1,2014-08-01,0355,Aqua,MODIS,85,6.2,301,27.1,D,0
-27.6582,151.0396,336.4,1.1,1,2014-08-01,0355,Aqua,MODIS,68,6.2,300.3,30.4,D,0
-27.6691,151.0309,338.2,1.1,1,2014-08-01,0355,Aqua,MODIS,89,6.2,302.3,37.9,D,0
-27.6674,151.0415,347.2,1.1,1,2014-08-01,0355,Aqua,MODIS,94,6.2,301.4,52.8,D,0
-27.6457,151.0591,334.6,1.1,1,2014-08-01,0355,Aqua,MODIS,66,6.2,300.2,26.5,D,0
-27.6473,151.0484,389.4,1.1,1,2014-08-01,0355,Aqua,MODIS,100,6.2,309,201.1,D,0
-27.649,151.0378,394,1.1,1,2014-08-01,0355,Aqua,MODIS,100,6.2,312,229.9,D,0
-22.4814,150.246,316.5,1.1,1,2014-08-01,0356,Aqua,MODIS,70,6.2,297.6,12.2,D,0
-22.4831,150.2353,312.6,1.1,1,2014-08-01,0356,Aqua,MODIS,57,6.2,297,8.1,D,0
-22.6153,150.2219,318.5,1.1,1,2014-08-01,0356,Aqua,MODIS,41,6.2,297,14,D,0
-22.6202,150.1902,322.2,1.1,1,2014-08-01,0356,Aqua,MODIS,27,6.2,292,16.1,D,0
-24.8503,147.0807,319.7,1.1,1,2014-08-01,0356,Aqua,MODIS,70,6.2,301.5,12,D,0
-24.8516,147.0701,314.8,1.1,1,2014-08-01,0356,Aqua,MODIS,58,6.2,301.7,7.4,D,0
-23.9696,149.8005,355.1,1,1,2014-08-01,0356,Aqua,MODIS,92,6.2,298.7,68.9,D,0
-23.9711,149.7903,331.4,1,1,2014-08-01,0356,Aqua,MODIS,79,6.2,304.7,23.1,D,0
-23.962,149.7886,329.2,1,1,2014-08-01,0356,Aqua,MODIS,69,6.2,304.7,20.4,D,0
-23.9604,149.7988,344.4,1,1,2014-08-01,0356,Aqua,MODIS,87,6.2,303.8,44.5,D,0
-19.474,146.5413,344.8,1,1,2014-08-01,0357,Aqua,MODIS,82,6.2,296.9,45,D,0
-19.4804,146.562,327.5,1,1,2014-08-01,0357,Aqua,MODIS,50,6.2,293.1,20.3,D,0
-19.4845,146.533,328,1,1,2014-08-01,0357,Aqua,MODIS,48,6.2,291.9,20.2,D,0
-19.4858,146.5233,335.5,1,1,2014-08-01,0357,Aqua,MODIS,81,6.2,289.5,31.4,D,0
-19.465,146.5399,328.9,1,1,2014-08-01,0357,Aqua,MODIS,35,6.2,293.7,22.1,D,0
-14.927,142.8221,341,1.3,1.1,2014-08-01,0358,Aqua,MODIS,90,6.2,299.8,55.7,D,0
-14.8968,143.0545,332.8,1.3,1.1,2014-08-01,0358,Aqua,MODIS,84,6.2,295.7,37.5,D,0
-14.6693,142.7685,343.1,1.3,1.1,2014-08-01,0358,Aqua,MODIS,91,6.2,300.7,60.8,D,0
-14.6796,142.7699,324.6,1.3,1.1,2014-08-01,0358,Aqua,MODIS,76,6.2,298.2,20.3,D,0
-16.4164,136.9498,319.1,3.8,1.8,2014-08-01,0358,Aqua,MODIS,71,6.2,297,57.7,D,0
-16.4267,136.9436,315.5,3.8,1.8,2014-08-01,0358,Aqua,MODIS,63,6.2,296.5,36.6,D,0
-16.423,136.9796,320.6,3.8,1.8,2014-08-01,0358,Aqua,MODIS,73,6.2,297.9,68.7,D,0
-16.1073,137.0288,322.3,3.8,1.8,2014-08-01,0358,Aqua,MODIS,75,6.2,296.9,85.3,D,0
-16.413,136.9857,316.7,3.8,1.8,2014-08-01,0358,Aqua,MODIS,66,6.2,298.6,42.8,D,0
-16.0981,137.0356,318.6,3.8,1.8,2014-08-01,0358,Aqua,MODIS,70,6.2,296.9,61.3,D,0
-16.1144,137.0374,313.6,3.8,1.8,2014-08-01,0358,Aqua,MODIS,52,6.2,296.6,30.3,D,0
-14.6812,142.7575,326.6,1.3,1.1,2014-08-01,0358,Aqua,MODIS,78,6.2,299.8,23,D,0
-14.8906,143.1024,341.3,1.3,1.1,2014-08-01,0358,Aqua,MODIS,90,6.2,300.8,53.8,D,0
-14.9183,142.8082,330.2,1.3,1.1,2014-08-01,0358,Aqua,MODIS,78,6.2,296.9,32.3,D,0
-15.2966,143.2609,324.4,1.3,1.1,2014-08-01,0358,Aqua,MODIS,60,6.2,298.6,16.3,D,0
-15.295,143.2728,330.3,1.3,1.1,2014-08-01,0358,Aqua,MODIS,82,6.2,301,26.7,D,0
-14.7937,142.2655,320.6,1.5,1.2,2014-08-01,0358,Aqua,MODIS,50,6.2,303.1,13.7,D,0
-15.0373,143.3034,322.1,1.3,1.1,2014-08-01,0358,Aqua,MODIS,65,6.2,302.3,12.4,D,0
-15.7515,136.3329,315.4,4.2,1.9,2014-08-01,0358,Aqua,MODIS,64,6.2,298.6,46.5,D,0
-15.3523,141.8996,337.5,1.6,1.2,2014-08-01,0358,Aqua,MODIS,87,6.2,299.1,55.2,D,0
-15.2689,143.3172,336.6,1.3,1.1,2014-08-01,0358,Aqua,MODIS,87,6.2,301.9,40.6,D,0
-16.0041,136.3376,330.8,4.2,1.9,2014-08-01,0358,Aqua,MODIS,83,6.2,298.3,163.2,D,0
-15.3471,141.861,332.4,1.6,1.2,2014-08-01,0358,Aqua,MODIS,69,6.2,302,35.6,D,0
-14.7847,142.2505,327.3,1.5,1.2,2014-08-01,0358,Aqua,MODIS,78,6.2,303.1,26,D,0
-15.3449,141.8689,334.6,1.6,1.2,2014-08-01,0358,Aqua,MODIS,82,6.2,298.4,44.7,D,0
-15.3529,141.9064,326.3,1.6,1.2,2014-08-01,0358,Aqua,MODIS,63,6.2,298.3,25.9,D,0
-16.0011,136.3295,322.1,4.2,1.9,2014-08-01,0358,Aqua,MODIS,75,6.2,298,81.7,D,0
-15.997,136.3688,343.4,4.2,1.9,2014-08-01,0358,Aqua,MODIS,92,6.2,300.3,314.6,D,0
-16.0002,136.377,348.3,4.2,1.9,2014-08-01,0358,Aqua,MODIS,94,6.2,300.2,391.1,D,0
-16.0173,136.3788,318.1,4.2,1.9,2014-08-01,0358,Aqua,MODIS,69,6.2,299.6,52.4,D,0
-12.5153,142.5863,324.7,1.3,1.1,2014-08-01,0359,Aqua,MODIS,65,6.2,297.6,22.1,D,0
-12.5105,142.6166,321.1,1.3,1.1,2014-08-01,0359,Aqua,MODIS,35,6.2,295,15.5,D,0
-12.5105,142.6219,325.7,1.3,1.1,2014-08-01,0359,Aqua,MODIS,53,6.2,293.9,24.7,D,0
-13.2047,135.3992,311,4.6,2,2014-08-01,0359,Aqua,MODIS,46,6.2,292.5,42.3,D,0
-13.2093,135.3652,318.5,4.6,2,2014-08-01,0359,Aqua,MODIS,70,6.2,292.9,96.3,D,0
-12.5151,142.581,327.8,1.3,1.1,2014-08-01,0359,Aqua,MODIS,81,6.2,297.3,27.4,D,0
-13.2094,135.3567,315.9,4.6,2,2014-08-01,0359,Aqua,MODIS,65,6.2,293,75,D,0
-13.2967,141.8929,318.6,1.5,1.2,2014-08-01,0359,Aqua,MODIS,73,6.2,297.1,18.5,D,0
-13.2949,141.9065,320.1,1.5,1.2,2014-08-01,0359,Aqua,MODIS,75,6.2,298.6,21.1,D,0
-13.2139,141.9986,316.2,1.4,1.2,2014-08-01,0359,Aqua,MODIS,36,6.2,298.9,13.9,D,0
-13.9643,143.4895,320.3,1.2,1.1,2014-08-01,0359,Aqua,MODIS,54,6.2,301.7,13.9,D,0
-12.5235,141.8761,319.2,1.4,1.2,2014-08-01,0359,Aqua,MODIS,63,6.2,295.3,18.5,D,0
-10.1516,142.2807,310.2,1.3,1.1,2014-08-01,0400,Aqua,MODIS,34,6.2,296.2,9.1,D,0
-24.8044,128.1495,317,1.4,1.2,2014-08-01,0534,Aqua,MODIS,65,6.2,301.3,13,D,0
-24.8068,128.1353,311.9,1.4,1.2,2014-08-01,0534,Aqua,MODIS,42,6.2,298.9,6.4,D,0
-24.8392,128.0724,313.7,1.4,1.2,2014-08-01,0534,Aqua,MODIS,54,6.2,302.8,8.4,D,0
-24.8288,128.0702,328,1.4,1.2,2014-08-01,0534,Aqua,MODIS,80,6.2,303.1,30.9,D,0
-22.0524,119.2673,321.6,1.4,1.2,2014-08-01,0535,Aqua,MODIS,69,6.2,303.8,15.7,D,0
-22.3329,118.5275,330.8,1.6,1.2,2014-08-01,0535,Aqua,MODIS,81,6.2,305.1,39.7,D,0
-22.225,123.8428,322.5,1,1,2014-08-01,0535,Aqua,MODIS,53,6.2,307.3,8.4,D,0
-22.2354,123.8346,328.2,1,1,2014-08-01,0535,Aqua,MODIS,74,6.2,306.2,14.9,D,0
-22.0508,119.2809,323.9,1.4,1.2,2014-08-01,0535,Aqua,MODIS,73,6.2,305.7,19.1,D,0
-22.063,119.2688,336.8,1.4,1.2,2014-08-01,0535,Aqua,MODIS,86,6.2,304.1,45.7,D,0
-22.0614,119.2824,349.9,1.4,1.2,2014-08-01,0535,Aqua,MODIS,95,6.2,307.2,84.1,D,0
-22.2969,118.4441,336.7,1.6,1.2,2014-08-01,0535,Aqua,MODIS,78,6.2,304.5,54.8,D,0
-22.2951,118.4595,327.5,1.6,1.2,2014-08-01,0535,Aqua,MODIS,19,6.2,304.4,27.9,D,0
-22.321,118.4321,347.9,1.6,1.2,2014-08-01,0535,Aqua,MODIS,94,6.2,301.8,99.4,D,0
-22.3192,118.4482,366.6,1.6,1.2,2014-08-01,0535,Aqua,MODIS,100,6.2,306.3,190.8,D,0
-20.8123,119.2131,347.2,1.4,1.2,2014-08-01,0536,Aqua,MODIS,92,6.2,309.8,68,D,0
-20.8107,119.2262,353,1.4,1.2,2014-08-01,0536,Aqua,MODIS,96,6.2,311.4,87.8,D,0
-18.7694,121.8999,327.8,1,1,2014-08-01,0536,Aqua,MODIS,74,6.2,310.2,13.8,D,0
-20.635,119.0829,319.8,1.4,1.2,2014-08-01,0536,Aqua,MODIS,49,6.2,308.1,8.6,D,0
-20.6367,119.0696,323,1.4,1.2,2014-08-01,0536,Aqua,MODIS,65,6.2,308.5,13.6,D,0
-20.8169,119.2335,342.1,1.4,1.2,2014-08-01,0536,Aqua,MODIS,89,6.2,310.4,53.2,D,0
-20.8185,119.2204,359.8,1.4,1.2,2014-08-01,0536,Aqua,MODIS,99,6.2,309.8,115.2,D,0
-20.82,119.2074,320.7,1.4,1.2,2014-08-01,0536,Aqua,MODIS,57,6.2,305.4,11.7,D,0
-20.8211,119.2276,331.7,1.4,1.2,2014-08-01,0536,Aqua,MODIS,79,6.2,308.3,28.1,D,0
-20.8091,119.2392,326.2,1.4,1.2,2014-08-01,0536,Aqua,MODIS,71,6.2,309.6,17.2,D,0
-18.66,132.6908,318.9,3.9,1.8,2014-08-01,0536,Aqua,MODIS,41,6.2,296.4,70.6,D,0
-18.666,132.6997,322.5,3.9,1.8,2014-08-01,0536,Aqua,MODIS,74,6.2,296.5,97.6,D,0
-18.6734,132.6634,319.2,3.9,1.8,2014-08-01,0536,Aqua,MODIS,69,6.2,292,72,D,0
-16.4651,123.6967,353.8,1.1,1,2014-08-01,0537,Aqua,MODIS,97,6.2,308.9,64.9,D,0
-16.4681,123.6768,320.8,1.1,1,2014-08-01,0537,Aqua,MODIS,45,6.2,304.1,7.9,D,0
-17.0228,122.5444,321.3,1,1,2014-08-01,0537,Aqua,MODIS,69,6.2,300.9,8.2,D,0
-16.4666,123.6867,349,1.1,1,2014-08-01,0537,Aqua,MODIS,94,6.2,307.9,53.4,D,0
-17.0214,122.5538,323.2,1,1,2014-08-01,0537,Aqua,MODIS,72,6.2,301.4,10.3,D,0
-16.4728,123.7082,328.7,1.1,1,2014-08-01,0537,Aqua,MODIS,79,6.2,306.8,17.5,D,0
-16.4743,123.6982,327.5,1.1,1,2014-08-01,0537,Aqua,MODIS,76,6.2,307.7,15,D,0
-16.4758,123.6884,326.8,1.1,1,2014-08-01,0537,Aqua,MODIS,77,6.2,305.5,14.4,D,0
-11.6389,130.7776,316.8,3.9,1.8,2014-08-01,0538,Aqua,MODIS,67,6.2,294.8,60.3,D,0
-11.7797,131.0045,311.4,4.1,1.9,2014-08-01,0538,Aqua,MODIS,29,6.2,294.7,35,D,0
-11.7746,130.9957,313.9,4.1,1.9,2014-08-01,0538,Aqua,MODIS,60,6.2,294.5,52.3,D,0
-11.6554,130.7803,312.9,3.9,1.8,2014-08-01,0538,Aqua,MODIS,12,6.2,295.5,34,D,0
-11.6493,130.7713,319.1,3.9,1.8,2014-08-01,0538,Aqua,MODIS,71,6.2,295.3,74.5,D,0
-11.8168,130.8979,312.7,4,1.9,2014-08-01,0538,Aqua,MODIS,52,6.2,295.1,42,D,0
-11.8111,130.8891,310.5,4,1.9,2014-08-01,0538,Aqua,MODIS,39,6.2,294.8,30.8,D,0
-11.7991,130.4518,313.6,3.7,1.8,2014-08-01,0538,Aqua,MODIS,0,6.2,294.5,43.7,D,0
-11.783,130.4488,310.6,3.7,1.8,2014-08-01,0538,Aqua,MODIS,26,6.2,294.2,27.7,D,0
-11.7893,130.4552,318.2,3.7,1.8,2014-08-01,0538,Aqua,MODIS,52,6.2,294.3,68.7,D,0
-35.1462,144.5488,300.3,1,1,2014-08-01,1318,Terra,MODIS,23,6.2,274.1,9,N,0
-27.647,151.0391,301.7,3,1.6,2014-08-01,1319,Terra,MODIS,12,6.2,283.4,30.5,N,0
-27.6481,151.0339,300.3,3,1.6,2014-08-01,1319,Terra,MODIS,20,6.2,283.2,29.5,N,0
-29.5303,152.8496,301.6,3.5,1.8,2014-08-01,1319,Terra,MODIS,43,6.2,284.5,40.9,N,0
-29.9514,152.971,309.8,3.5,1.8,2014-08-01,1319,Terra,MODIS,78,6.2,284.8,73.4,N,0
-30.0379,152.9705,308.1,3.5,1.8,2014-08-01,1319,Terra,MODIS,74,6.2,284.1,63.8,N,0
-29.8799,153.0647,312.9,3.6,1.8,2014-08-01,1319,Terra,MODIS,86,6.2,286.6,82.8,N,0
-29.8882,153.0284,309.6,3.6,1.8,2014-08-01,1319,Terra,MODIS,78,6.2,285.1,67.4,N,0
-29.9438,152.9752,306,3.5,1.8,2014-08-01,1319,Terra,MODIS,67,6.2,285,56.4,N,0
-30.0226,152.9645,308,3.5,1.8,2014-08-01,1319,Terra,MODIS,73,6.2,285,62.8,N,0
-29.8955,153.0697,304.1,3.6,1.8,2014-08-01,1319,Terra,MODIS,58,6.2,285,46.6,N,0
-30.0303,152.9611,319.7,3.5,1.8,2014-08-01,1319,Terra,MODIS,99,6.2,285.4,125.1,N,0
-30.7426,152.6087,306,3.2,1.7,2014-08-01,1319,Terra,MODIS,67,6.2,282.7,50.1,N,0
-30.7463,152.604,304.4,3.2,1.7,2014-08-01,1319,Terra,MODIS,60,6.2,282.7,47.3,N,0
-14.6768,142.7831,311,1.4,1.2,2014-08-01,1323,Terra,MODIS,81,6.2,290.2,16.8,N,0
-14.6662,142.7812,321.7,1.4,1.2,2014-08-01,1323,Terra,MODIS,100,6.2,290.3,32.5,N,0
-16.3868,144.2908,305.5,1.7,1.3,2014-08-01,1323,Terra,MODIS,65,6.2,290.4,13.9,N,0
-16.3895,144.2752,303.9,1.7,1.3,2014-08-01,1323,Terra,MODIS,58,6.2,290.1,11.8,N,0
-16.3902,144.2857,318,1.7,1.3,2014-08-01,1323,Terra,MODIS,96,6.2,290.9,33.3,N,0
-18.6497,132.6008,312.5,2.3,1.5,2014-08-01,1323,Terra,MODIS,67,6.2,291.1,35,N,0
-18.6341,132.6212,347.9,2.3,1.5,2014-08-01,1323,Terra,MODIS,100,6.2,291.5,194,N,0
-18.6357,132.6373,338.7,2.3,1.5,2014-08-01,1323,Terra,MODIS,100,6.2,290.1,140.5,N,0
-18.6646,132.7133,326.4,2.3,1.5,2014-08-01,1323,Terra,MODIS,100,6.2,291.6,78.6,N,0
-18.656,132.6683,308.8,2.3,1.5,2014-08-01,1323,Terra,MODIS,29,6.2,287.1,26,N,0
-18.6473,132.6228,367.6,2.3,1.5,2014-08-01,1323,Terra,MODIS,100,6.2,295.8,367.5,N,0
-18.6382,132.6153,366.6,2.3,1.5,2014-08-01,1323,Terra,MODIS,100,6.2,294.5,358.1,N,0
-18.649,132.6388,316.6,2.3,1.5,2014-08-01,1323,Terra,MODIS,41,6.2,291.6,46.2,N,0
-18.6623,132.7349,307.6,2.3,1.5,2014-08-01,1323,Terra,MODIS,33,6.2,290.3,24.2,N,0
-18.6515,132.6169,319.3,2.3,1.5,2014-08-01,1323,Terra,MODIS,59,6.2,292.1,52.4,N,0
-16.0734,136.0293,303.5,1.2,1.1,2014-08-01,1323,Terra,MODIS,55,6.2,290.8,7,N,0
-16.0719,136.0408,301.8,1.2,1.1,2014-08-01,1323,Terra,MODIS,44,6.2,291.2,5.8,N,0
-16.1292,144.3892,304.1,1.7,1.3,2014-08-01,1323,Terra,MODIS,58,6.2,289.6,13.8,N,0
-15.0588,142.8339,304.2,1.4,1.2,2014-08-01,1323,Terra,MODIS,18,6.2,291.6,7.5,N,0
-15.0545,142.826,306.2,1.4,1.2,2014-08-01,1323,Terra,MODIS,49,6.2,291.7,9.6,N,0
-16.062,136.0394,300.6,1.2,1.1,2014-08-01,1323,Terra,MODIS,18,6.2,290.6,4.8,N,0
-15.0608,142.8208,304.2,1.4,1.2,2014-08-01,1323,Terra,MODIS,17,6.2,291.6,7.4,N,0
-12.915,132.1206,300.8,2.1,1.4,2014-08-01,1324,Terra,MODIS,14,6.2,287.6,9.3,N,0
-12.9379,132.1429,312.2,2.1,1.4,2014-08-01,1324,Terra,MODIS,77,6.2,288.3,29.3,N,0
-14.6404,132.3723,303.3,2.1,1.4,2014-08-01,1324,Terra,MODIS,54,6.2,290.9,14.3,N,0
-12.5288,141.8723,302.5,1.3,1.2,2014-08-01,1324,Terra,MODIS,49,6.2,290.7,6.9,N,0
-13.9918,136.4547,305.5,1.1,1.1,2014-08-01,1324,Terra,MODIS,65,6.2,291.5,7.4,N,0
-12.3781,135.2479,300.4,1.2,1.1,2014-08-01,1324,Terra,MODIS,27,6.2,289.6,4.1,N,0
-23.1508,150.4283,302,2.2,1.4,2014-08-01,1452,Aqua,MODIS,46,6.2,286.5,21.2,N,0
-23.1473,150.4216,303.5,2.2,1.4,2014-08-01,1452,Aqua,MODIS,55,6.2,286.2,25.3,N,0
-29.8755,153.0592,349.9,1.1,1.1,2014-08-01,1453,Aqua,MODIS,100,6.2,290.9,76.4,N,0
-29.8735,153.0474,333.3,1.1,1.1,2014-08-01,1453,Aqua,MODIS,100,6.2,285.7,41.2,N,0
-30.0363,152.9749,312.7,1.2,1.1,2014-08-01,1453,Aqua,MODIS,85,6.2,285.6,16.9,N,0
-29.5231,152.8568,324.5,1.2,1.1,2014-08-01,1453,Aqua,MODIS,100,6.2,285.2,30.8,N,0
-29.5106,152.784,303.7,1.2,1.1,2014-08-01,1453,Aqua,MODIS,57,6.2,284.3,10.4,N,0
-29.8814,153.0946,334.3,1.1,1.1,2014-08-01,1453,Aqua,MODIS,100,6.2,288.5,43.4,N,0
-29.5446,152.8645,302.6,1.2,1.1,2014-08-01,1453,Aqua,MODIS,13,6.2,284.9,8.5,N,0
-30.0171,152.979,300.5,1.2,1.1,2014-08-01,1453,Aqua,MODIS,29,6.2,284.3,7.7,N,0
-29.9433,152.9758,329.1,1.2,1.1,2014-08-01,1453,Aqua,MODIS,100,6.2,286.8,37.6,N,0
-29.5328,152.8546,309,1.2,1.1,2014-08-01,1453,Aqua,MODIS,67,6.2,284,13.7,N,0
-29.4756,152.7607,301.5,1.2,1.1,2014-08-01,1453,Aqua,MODIS,10,6.2,282.4,8,N,0
-29.9413,152.9639,310.6,1.2,1.1,2014-08-01,1453,Aqua,MODIS,80,6.2,284.1,15.3,N,0
-29.4679,152.775,301,1.2,1.1,2014-08-01,1453,Aqua,MODIS,17,6.2,284,7.9,N,0
-30.0248,152.9653,366.3,1.2,1.1,2014-08-01,1453,Aqua,MODIS,100,6.2,290.6,131.9,N,0
-29.9053,153.0456,308.7,1.1,1.1,2014-08-01,1453,Aqua,MODIS,75,6.2,283.9,14.3,N,0
-29.8834,153.1064,313.8,1.1,1.1,2014-08-01,1453,Aqua,MODIS,70,6.2,286.4,16.9,N,0
-29.1011,152.7924,301.6,1.2,1.1,2014-08-01,1453,Aqua,MODIS,43,6.2,284.9,8.9,N,0
-29.7657,153.1376,305.4,1.1,1.1,2014-08-01,1453,Aqua,MODIS,64,6.2,283.5,11.5,N,0
-30.0344,152.9633,311.7,1.2,1.1,2014-08-01,1453,Aqua,MODIS,83,6.2,284.1,16,N,0
-30.0929,152.9429,308.3,1.2,1.1,2014-08-01,1453,Aqua,MODIS,74,6.2,284.6,14.1,N,0
-29.5349,152.8667,315.4,1.2,1.1,2014-08-01,1453,Aqua,MODIS,91,6.2,285.5,20.2,N,0
-29.8059,153.1414,304.6,1.1,1.1,2014-08-01,1453,Aqua,MODIS,61,6.2,284.9,10.6,N,0
-29.9529,152.9736,300.5,1.2,1.1,2014-08-01,1453,Aqua,MODIS,29,6.2,283.9,8.2,N,0
-30.0268,152.9772,412.2,1.2,1.1,2014-08-01,1453,Aqua,MODIS,100,6.2,299.7,414,N,0
-29.891,153.0926,314.6,1.1,1.1,2014-08-01,1453,Aqua,MODIS,60,6.2,286.2,17.3,N,0
-29.8774,153.071,319.9,1.1,1.1,2014-08-01,1453,Aqua,MODIS,50,6.2,286.8,21.9,N,0
-30.0287,152.9888,316.2,1.2,1.1,2014-08-01,1453,Aqua,MODIS,93,6.2,285.3,20.4,N,0
-28.1257,151.0705,304.8,1.6,1.2,2014-08-01,1453,Aqua,MODIS,62,6.2,281.4,19,N,0
-30.9406,152.7351,308.6,1.1,1.1,2014-08-01,1454,Aqua,MODIS,75,6.2,283.3,14.5,N,0
-30.7343,152.6077,308.8,1.2,1.1,2014-08-01,1454,Aqua,MODIS,75,6.2,281.8,14,N,0
-31.9356,152.1147,321.8,1.2,1.1,2014-08-01,1454,Aqua,MODIS,100,6.2,282.1,30.3,N,0
-31.9377,152.127,317,1.2,1.1,2014-08-01,1454,Aqua,MODIS,94,6.2,281.7,24.3,N,0
-30.3152,152.3187,304.5,1.2,1.1,2014-08-01,1454,Aqua,MODIS,10,6.2,278.5,12.4,N,0
-30.313,152.3057,311.9,1.2,1.1,2014-08-01,1454,Aqua,MODIS,82,6.2,278.8,19.4,N,0
-31.165,152.0583,306.4,1.2,1.1,2014-08-01,1454,Aqua,MODIS,68,6.2,279.1,15.3,N,0
-31.4981,152.502,301.8,1.2,1.1,2014-08-01,1454,Aqua,MODIS,45,6.2,281.5,9.7,N,0
-31.9787,152.3095,305.8,1.2,1.1,2014-08-01,1454,Aqua,MODIS,30,6.2,282.4,11.9,N,0
-31.9884,152.3079,308.4,1.2,1.1,2014-08-01,1454,Aqua,MODIS,74,6.2,282.4,14.3,N,0
-31.1197,151.9758,318,1.2,1.1,2014-08-01,1454,Aqua,MODIS,85,6.2,278.9,26.1,N,0
-31.1219,151.9885,306.9,1.2,1.1,2014-08-01,1454,Aqua,MODIS,21,6.2,278.5,14.4,N,0
-22.3095,118.452,304.6,1.2,1.1,2014-08-01,1500,Terra,MODIS,61,6.2,288.4,8.9,N,0
-22.3193,118.4534,308.9,1.2,1.1,2014-08-01,1500,Terra,MODIS,76,6.2,289.2,12.5,N,0
-22.2802,115.453,305.9,1,1,2014-08-01,1500,Terra,MODIS,31,6.2,286.9,10.2,N,0
-11.3511,131.4367,301.4,1.4,1.2,2014-08-01,1627,Aqua,MODIS,28,6.2,288.6,5.6,N,0
-11.3531,131.4495,302,1.4,1.2,2014-08-01,1627,Aqua,MODIS,30,6.2,288.9,5.9,N,0
-14.6296,132.3786,303,1.1,1.1,2014-08-01,1628,Aqua,MODIS,53,6.2,290.4,6.5,N,0
-14.6312,132.3891,303.2,1.1,1.1,2014-08-01,1628,Aqua,MODIS,54,6.2,290.5,6.7,N,0
-14.6337,132.382,311.6,1.1,1.1,2014-08-01,1628,Aqua,MODIS,83,6.2,290.8,13.2,N,0
-13.9188,132.2775,302,1.2,1.1,2014-08-01,1628,Aqua,MODIS,46,6.2,291.9,4.6,N,0
-15.3391,141.8597,301,2.5,1.5,2014-08-01,1628,Aqua,MODIS,36,6.2,289.3,16.7,N,0
-12.9141,132.1394,314.2,1.2,1.1,2014-08-01,1628,Aqua,MODIS,89,6.2,290.5,16.9,N,0
-20.7304,139.487,302.1,2,1.4,2014-08-01,1629,Aqua,MODIS,47,6.2,283.8,20.3,N,2
-18.5993,132.5571,335.2,1,1,2014-08-01,1629,Aqua,MODIS,100,6.2,290.4,37,N,0
-18.5887,132.5488,306.6,1,1,2014-08-01,1629,Aqua,MODIS,44,6.2,284.9,7.9,N,0
-18.6114,132.575,333.2,1,1,2014-08-01,1629,Aqua,MODIS,100,6.2,290.8,34.2,N,0
-18.6099,132.5653,313.4,1,1,2014-08-01,1629,Aqua,MODIS,65,6.2,285.4,11.9,N,0
-18.6008,132.5668,342.1,1,1,2014-08-01,1629,Aqua,MODIS,100,6.2,291.2,48.6,N,0
-18.5978,132.5473,347.1,1,1,2014-08-01,1629,Aqua,MODIS,100,6.2,289.5,59,N,0
-18.625,132.6027,331.1,1,1,2014-08-01,1629,Aqua,MODIS,100,6.2,290.2,32.1,N,0
-18.6279,132.6222,318.6,1,1,2014-08-01,1629,Aqua,MODIS,97,6.2,289.6,17.7,N,0
-18.6369,132.6249,312.5,1,1,2014-08-01,1629,Aqua,MODIS,85,6.2,288.8,12.7,N,0
-18.6159,132.6043,319.5,1,1,2014-08-01,1629,Aqua,MODIS,99,6.2,290.1,18.5,N,0
-18.6129,132.5848,319.6,1,1,2014-08-01,1629,Aqua,MODIS,99,6.2,290.3,18,N,0
-18.6023,132.5766,353,1,1,2014-08-01,1629,Aqua,MODIS,100,6.2,293,71.9,N,0
-18.6611,132.6607,300.8,1,1,2014-08-01,1629,Aqua,MODIS,34,6.2,288.2,5.2,N,0
-18.6235,132.593,303.6,1,1,2014-08-01,1629,Aqua,MODIS,29,6.2,289.3,6.1,N,0
-18.6384,132.6346,302.1,1,1,2014-08-01,1629,Aqua,MODIS,34,6.2,288.7,5.3,N,0
-18.6265,132.6125,327.8,1,1,2014-08-01,1629,Aqua,MODIS,100,6.2,290.1,27.5,N,0
-13.0289,142.6698,324.3,3.6,1.8,2014-08-02,0014,Terra,MODIS,77,6.2,293,106.3,D,0
-13.035,142.7027,312.1,3.6,1.8,2014-08-02,0014,Terra,MODIS,15,6.2,292.6,34.4,D,0
-12.9736,142.6873,314.7,3.6,1.8,2014-08-02,0014,Terra,MODIS,39,6.2,292.6,49.3,D,0
-13.0509,142.6998,315.5,3.6,1.8,2014-08-02,0014,Terra,MODIS,34,6.2,293.4,48.8,D,0
-13.1004,142.65,314.6,3.6,1.8,2014-08-02,0014,Terra,MODIS,62,6.2,293.4,50.3,D,0
-13.1581,142.6042,313.3,3.7,1.8,2014-08-02,0014,Terra,MODIS,57,6.2,292.6,46.9,D,0
-12.9682,142.6119,316.6,3.7,1.8,2014-08-02,0014,Terra,MODIS,17,6.2,293.7,56,D,0
-12.9774,142.6175,320.2,3.7,1.8,2014-08-02,0014,Terra,MODIS,72,6.2,292.9,79.5,D,0
-13.1086,142.6542,316,3.6,1.8,2014-08-02,0014,Terra,MODIS,55,6.2,293.3,55.2,D,0
-14.7754,142.2375,310.3,3.6,1.8,2014-08-02,0015,Terra,MODIS,48,6.2,294.6,30.6,D,0
-20.1455,146.0733,320,1.5,1.2,2014-08-02,0016,Terra,MODIS,75,6.2,300.5,21,D,0
-20.1432,146.0798,315,1.5,1.2,2014-08-02,0016,Terra,MODIS,67,6.2,299.8,13.4,D,0
-19.3671,146.7857,312.4,1.4,1.2,2014-08-02,0016,Terra,MODIS,64,6.2,295.3,12,D,0
-20.1408,146.0656,311.8,1.5,1.2,2014-08-02,0016,Terra,MODIS,60,6.2,300.5,8.7,D,0
-19.365,146.7732,319.1,1.4,1.2,2014-08-02,0016,Terra,MODIS,74,6.2,295.5,21.1,D,0
-22.6274,150.1791,315.6,1,1,2014-08-02,0016,Terra,MODIS,73,6.2,297.3,10.7,D,0
-22.8159,150.5947,309.3,1,1,2014-08-02,0016,Terra,MODIS,53,6.2,294.4,7.7,D,0
-22.6533,150.6138,312.5,1,1,2014-08-02,0016,Terra,MODIS,65,6.2,293.9,10,D,0
-19.4535,146.5607,308,1.4,1.2,2014-08-02,0016,Terra,MODIS,46,6.2,294.5,9.5,D,0
-19.5116,146.3599,312.7,1.5,1.2,2014-08-02,0016,Terra,MODIS,63,6.2,297.4,12.9,D,0
-23.1487,150.4152,308.1,1,1,2014-08-02,0017,Terra,MODIS,55,6.2,297.7,5.2,D,0
-22.825,150.5931,305.3,1,1,2014-08-02,0017,Terra,MODIS,31,6.2,291.2,5.3,D,0
-26.191,152.5646,311,1.3,1.1,2014-08-02,0017,Terra,MODIS,70,6.2,291.6,12.9,D,0
-26.0973,152.6169,306.6,1.3,1.1,2014-08-02,0017,Terra,MODIS,59,6.2,293.7,7.4,D,0
-25.4469,152.2941,305.3,1.2,1.1,2014-08-02,0017,Terra,MODIS,56,6.2,293.6,7.2,D,0
-29.8761,153.0115,328.4,1.5,1.2,2014-08-02,0018,Terra,MODIS,50,6.2,290.7,43.9,D,0
-27.916,148.787,321.3,1,1,2014-08-02,0018,Terra,MODIS,80,6.2,291.3,17.9,D,0
-29.8777,153.0272,323.8,1.5,1.2,2014-08-02,0018,Terra,MODIS,34,6.2,292,33.1,D,0
-30.035,152.9185,305.7,1.5,1.2,2014-08-02,0018,Terra,MODIS,61,6.2,288.6,12.4,D,0
-29.5404,152.8642,328.7,1.5,1.2,2014-08-02,0018,Terra,MODIS,86,6.2,291.4,48.4,D,0
-29.5387,152.8491,314.9,1.5,1.2,2014-08-02,0018,Terra,MODIS,75,6.2,290.7,22.7,D,0
-29.9355,152.845,306.8,1.5,1.2,2014-08-02,0018,Terra,MODIS,64,6.2,290.4,14,D,0
-28.227,152.7196,303.4,1.4,1.2,2014-08-02,0018,Terra,MODIS,55,6.2,287.9,8.7,D,0
-30.0293,152.9672,318.7,1.5,1.2,2014-08-02,0018,Terra,MODIS,79,6.2,292.5,29.3,D,0
-29.9495,152.9693,328.7,1.5,1.2,2014-08-02,0018,Terra,MODIS,86,6.2,290.6,49.1,D,0
-29.5104,152.7916,304.7,1.4,1.2,2014-08-02,0018,Terra,MODIS,52,6.2,290.2,10.3,D,0
-29.9161,152.77,300.8,1.5,1.2,2014-08-02,0018,Terra,MODIS,35,6.2,289.5,7.3,D,0
-29.5279,152.8505,346.2,1.5,1.2,2014-08-02,0018,Terra,MODIS,94,6.2,292.4,94.2,D,0
-29.5421,152.8793,306.5,1.5,1.2,2014-08-02,0018,Terra,MODIS,17,6.2,289.1,12,D,0
-29.4612,152.774,304.7,1.4,1.2,2014-08-02,0018,Terra,MODIS,28,6.2,289.3,10.5,D,0
-29.9337,152.8288,306.3,1.5,1.2,2014-08-02,0018,Terra,MODIS,63,6.2,289.1,13.4,D,0
-29.6515,152.75,303.2,1.4,1.2,2014-08-02,0018,Terra,MODIS,55,6.2,289.5,9.6,D,0
-29.2336,152.7584,305,1.4,1.2,2014-08-02,0018,Terra,MODIS,60,6.2,288,12.7,D,0
-28.8805,152.4827,310.9,1.4,1.2,2014-08-02,0018,Terra,MODIS,71,6.2,289.3,16.8,D,0
-29.5296,152.8657,349.1,1.5,1.2,2014-08-02,0018,Terra,MODIS,96,6.2,292.3,105.5,D,0
-29.5087,152.7762,308.3,1.4,1.2,2014-08-02,0018,Terra,MODIS,67,6.2,290,13.8,D,0
-30.0183,152.9692,352,1.5,1.2,2014-08-02,0018,Terra,MODIS,97,6.2,293,120.2,D,0
-29.9053,152.7715,302.6,1.5,1.2,2014-08-02,0018,Terra,MODIS,52,6.2,289.8,9.4,D,0
-29.1092,152.7881,303.8,1.4,1.2,2014-08-02,0018,Terra,MODIS,57,6.2,287.7,11.8,D,0
-27.7855,147.4408,310.1,1,1,2014-08-02,0018,Terra,MODIS,69,6.2,292.6,8,D,0
-28.419,152.4377,311,1.3,1.1,2014-08-02,0018,Terra,MODIS,59,6.2,289.6,16.5,D,0
-30.031,152.9833,327.2,1.5,1.2,2014-08-02,0018,Terra,MODIS,85,6.2,292.7,46.4,D,0
-29.0214,152.4921,304.1,1.4,1.2,2014-08-02,0018,Terra,MODIS,58,6.2,287,11.5,D,0
-27.7839,147.4304,321.4,1,1,2014-08-02,0018,Terra,MODIS,81,6.2,293,17.9,D,0
-29.8095,153.1449,300.1,1.5,1.2,2014-08-02,0018,Terra,MODIS,27,6.2,288,8.2,D,0
-29.2385,152.6096,310.4,1.4,1.2,2014-08-02,0018,Terra,MODIS,70,6.2,290.5,15.4,D,0
-29.9385,152.9709,324.3,1.5,1.2,2014-08-02,0018,Terra,MODIS,83,6.2,289.8,40.7,D,0
-27.9175,148.7972,308.9,1,1,2014-08-02,0018,Terra,MODIS,67,6.2,291.1,7.8,D,0
-29.8398,152.8031,315.1,1.5,1.2,2014-08-02,0018,Terra,MODIS,75,6.2,290.9,24.1,D,0
-29.8677,153.051,360.1,1.5,1.2,2014-08-02,0018,Terra,MODIS,100,6.2,294.6,154.1,D,0
-29.8594,152.8784,310.8,1.5,1.2,2014-08-02,0018,Terra,MODIS,70,6.2,291.2,16.3,D,0
-29.8506,152.8012,305.2,1.5,1.2,2014-08-02,0018,Terra,MODIS,49,6.2,290.4,11.2,D,0
-30.0201,152.9852,373,1.5,1.2,2014-08-02,0018,Terra,MODIS,100,6.2,298.4,230.7,D,0
-30.051,152.3555,339,1.4,1.2,2014-08-02,0018,Terra,MODIS,91,6.2,282.3,73.4,D,0
-28.7422,149.8818,303.5,1,1,2014-08-02,0018,Terra,MODIS,56,6.2,292.3,4.3,D,0
-30.0528,152.3708,310.9,1.4,1.2,2014-08-02,0018,Terra,MODIS,71,6.2,280.6,22,D,0
-30.0944,152.9362,306.1,1.5,1.2,2014-08-02,0018,Terra,MODIS,63,6.2,289.4,15,D,0
-29.8752,153.0181,340.9,1.5,1.2,2014-08-02,0018,Terra,MODIS,92,6.2,292.1,79.1,D,0
-26.7406,148.0083,344.4,1,1,2014-08-02,0018,Terra,MODIS,94,6.2,293.6,50.6,D,0
-26.7421,148.0184,305.7,1,1,2014-08-02,0018,Terra,MODIS,59,6.2,292.5,4.7,D,0
-30.3077,152.3021,302.1,1.4,1.2,2014-08-02,0018,Terra,MODIS,29,6.2,283.5,10.5,D,0
-30.3199,152.3146,303.5,1.4,1.2,2014-08-02,0018,Terra,MODIS,49,6.2,283.3,12,D,0
-26.9513,150.6237,307,1.1,1,2014-08-02,0018,Terra,MODIS,65,6.2,293.9,5.9,D,0
-29.9419,151.9588,306.8,1.3,1.1,2014-08-02,0018,Terra,MODIS,58,6.2,284.2,13.2,D,0
-29.9354,151.9662,313.6,1.3,1.1,2014-08-02,0018,Terra,MODIS,74,6.2,284,19.5,D,0
-28.8774,149.342,305,1,1,2014-08-02,0018,Terra,MODIS,60,6.2,292.9,5.2,D,0
-28.9331,149.4072,313.5,1,1,2014-08-02,0018,Terra,MODIS,74,6.2,292.5,12.2,D,0
-28.126,151.0513,301.1,1.1,1.1,2014-08-02,0018,Terra,MODIS,45,6.2,287.8,6.4,D,0
-28.1274,151.0629,311,1.1,1.1,2014-08-02,0018,Terra,MODIS,71,6.2,288.3,13.5,D,0
-29.7453,149.9074,300.7,1.1,1,2014-08-02,0018,Terra,MODIS,34,6.2,289,3.9,D,0
-30.1306,149.9747,301,1.1,1,2014-08-02,0018,Terra,MODIS,35,6.2,288.7,5.7,D,0
-29.9435,151.9727,302.3,1.3,1.1,2014-08-02,0018,Terra,MODIS,30,6.2,285.9,8.5,D,0
-31.4582,148.6169,305,1,1,2014-08-02,0019,Terra,MODIS,60,6.2,282.6,8.8,D,0
-31.4248,146.764,316.2,1,1,2014-08-02,0019,Terra,MODIS,76,6.2,286.5,15.8,D,0
-31.4157,146.7659,325.8,1,1,2014-08-02,0019,Terra,MODIS,84,6.2,287,25.1,D,0
-30.9464,152.7297,302.6,1.5,1.2,2014-08-02,0019,Terra,MODIS,53,6.2,288.5,10.3,D,0
-30.9494,152.739,300.9,1.5,1.2,2014-08-02,0019,Terra,MODIS,43,6.2,288.7,9.3,D,0
-30.8415,152.6074,300.5,1.5,1.2,2014-08-02,0019,Terra,MODIS,24,6.2,288.3,5.9,D,0
-33.2146,151.239,300.8,1.3,1.1,2014-08-02,0019,Terra,MODIS,42,6.2,284,9.2,D,0
-31.5167,152.7352,305.2,1.5,1.2,2014-08-02,0019,Terra,MODIS,61,6.2,286.5,15.5,D,0
-31.1053,152.0116,314.5,1.4,1.2,2014-08-02,0019,Terra,MODIS,70,6.2,285.6,21.6,D,0
-31.107,152.0259,306.6,1.4,1.2,2014-08-02,0019,Terra,MODIS,61,6.2,283.8,14,D,0
-32.1624,152.4062,302.4,1.5,1.2,2014-08-02,0019,Terra,MODIS,45,6.2,286.9,10.3,D,0
-31.9797,152.3006,301.7,1.5,1.2,2014-08-02,0019,Terra,MODIS,36,6.2,286.8,8,D,0
-31.9838,152.3094,302.3,1.5,1.2,2014-08-02,0019,Terra,MODIS,41,6.2,286.9,9.5,D,0
-31.1282,151.9734,309.6,1.4,1.2,2014-08-02,0019,Terra,MODIS,67,6.2,285.4,15.2,D,0
-33.5851,150.9508,303.4,1.3,1.1,2014-08-02,0019,Terra,MODIS,56,6.2,285.1,10.5,D,0
-34.4604,150.8834,306.8,1.3,1.1,2014-08-02,0020,Terra,MODIS,49,6.2,288.8,11.2,D,2
-12.0885,133.5513,314.7,2,1.4,2014-08-02,0152,Terra,MODIS,61,6.2,296.5,16.9,D,0
-12.2829,131.0735,330.9,1.3,1.1,2014-08-02,0152,Terra,MODIS,82,6.2,297.4,31.9,D,0
-12.9364,132.1424,322.2,1.6,1.3,2014-08-02,0152,Terra,MODIS,38,6.2,303.8,13.5,D,0
-12.9251,132.1439,326.4,1.6,1.3,2014-08-02,0152,Terra,MODIS,62,6.2,303.1,22.3,D,0
-12.19,131.1426,316,1.3,1.2,2014-08-02,0152,Terra,MODIS,48,6.2,298,11.8,D,0
-12.2932,131.0721,316,1.3,1.1,2014-08-02,0152,Terra,MODIS,49,6.2,298,8.4,D,0
-12.103,134.6908,323.3,2.5,1.5,2014-08-02,0152,Terra,MODIS,66,6.2,295.5,48.8,D,0
-12.2845,131.0857,328,1.3,1.1,2014-08-02,0152,Terra,MODIS,79,6.2,297.6,26,D,0
-12.2003,131.1412,327.4,1.3,1.2,2014-08-02,0152,Terra,MODIS,79,6.2,297.9,28.7,D,0
-12.097,134.6861,324.9,2.5,1.5,2014-08-02,0152,Terra,MODIS,74,6.2,295.4,62.4,D,0
-11.6331,130.7834,323.1,1.3,1.1,2014-08-02,0152,Terra,MODIS,73,6.2,295.2,18.5,D,0
-11.6347,130.7949,318,1.3,1.1,2014-08-02,0152,Terra,MODIS,24,6.2,295,10.9,D,0
-11.3438,131.4322,326.9,1.4,1.2,2014-08-02,0152,Terra,MODIS,36,6.2,294.9,25,D,0
-11.3525,131.4183,320.9,1.4,1.2,2014-08-02,0152,Terra,MODIS,61,6.2,293.8,17.7,D,0
-11.3542,131.4307,322.3,1.4,1.2,2014-08-02,0152,Terra,MODIS,71,6.2,294.9,18.2,D,0
-11.3559,131.4433,325.6,1.4,1.2,2014-08-02,0152,Terra,MODIS,55,6.2,295.3,22.7,D,0
-11.3421,131.4198,326.2,1.4,1.2,2014-08-02,0152,Terra,MODIS,50,6.2,294.6,26,D,0
-11.6727,130.8485,317.5,1.3,1.1,2014-08-02,0152,Terra,MODIS,37,6.2,297.2,10.3,D,0
-11.7572,131.0219,318.8,1.3,1.1,2014-08-02,0152,Terra,MODIS,27,6.2,294.8,12.5,D,0
-12.6799,130.461,324.3,1.2,1.1,2014-08-02,0152,Terra,MODIS,64,6.2,299.8,19.5,D,0
-12.6945,130.4939,319.2,1.2,1.1,2014-08-02,0152,Terra,MODIS,26,6.2,299,12.3,D,0
-12.3675,133.063,319,1.9,1.3,2014-08-02,0152,Terra,MODIS,69,6.2,300.2,19.8,D,0
-11.7827,130.4637,315.8,1.2,1.1,2014-08-02,0152,Terra,MODIS,64,6.2,295.3,9.6,D,0
-13.6535,130.3523,323.5,1.3,1.1,2014-08-02,0153,Terra,MODIS,67,6.2,298.1,18.7,D,0
-14.4706,126.7621,320.2,1,1,2014-08-02,0153,Terra,MODIS,16,6.2,306,6.1,D,0
-14.481,126.77,321.4,1,1,2014-08-02,0153,Terra,MODIS,45,6.2,307,7.4,D,0
-14.6363,132.3821,319.2,1.8,1.3,2014-08-02,0153,Terra,MODIS,67,6.2,298.6,20.6,D,0
-16.4214,136.9214,314.8,4.2,1.9,2014-08-02,0153,Terra,MODIS,64,6.2,294.9,56.7,D,0
-16.4385,136.9196,315,4.2,1.9,2014-08-02,0153,Terra,MODIS,62,6.2,295.4,58.9,D,0
-16.4359,136.9271,328.3,4.2,1.9,2014-08-02,0153,Terra,MODIS,82,6.2,295.9,163.3,D,0
-16.4252,136.9605,314.9,4.2,1.9,2014-08-02,0153,Terra,MODIS,60,6.2,296.6,58.8,D,0
-16.4423,136.9588,313.3,4.2,1.9,2014-08-02,0153,Terra,MODIS,46,6.2,296,49.5,D,0
-16.44,136.9663,313.4,4.2,1.9,2014-08-02,0153,Terra,MODIS,22,6.2,296.2,48.1,D,0
-15.9665,136.3647,328.4,3.8,1.8,2014-08-02,0153,Terra,MODIS,81,6.2,297.4,130.9,D,0
-15.9731,136.3576,323.3,3.8,1.8,2014-08-02,0153,Terra,MODIS,72,6.2,297.5,92.4,D,0
-12.9476,132.1409,321.7,1.6,1.3,2014-08-02,0153,Terra,MODIS,40,6.2,303.7,12.1,D,0
-15.9865,136.3981,314.8,3.8,1.8,2014-08-02,0153,Terra,MODIS,29,6.2,298.5,36.4,D,0
-15.9765,136.3928,324.4,3.8,1.8,2014-08-02,0153,Terra,MODIS,67,6.2,299,100.3,D,0
-15.9701,136.3998,318.1,3.8,1.8,2014-08-02,0153,Terra,MODIS,60,6.2,298.6,56.3,D,0
-17.5237,123.4608,327.2,1.2,1.1,2014-08-02,0154,Terra,MODIS,79,6.2,305,20.8,D,0
-16.4613,123.6736,324.3,1.2,1.1,2014-08-02,0154,Terra,MODIS,60,6.2,302.6,17.8,D,0
-17.8058,123.5547,327.9,1.2,1.1,2014-08-02,0154,Terra,MODIS,79,6.2,304.8,22.8,D,0
-16.4712,123.6717,326.7,1.2,1.1,2014-08-02,0154,Terra,MODIS,47,6.2,300.8,19.3,D,0
-17.8039,123.5435,319,1.2,1.1,2014-08-02,0154,Terra,MODIS,28,6.2,303.6,11.3,D,0
-17.8094,123.577,322.8,1.2,1.1,2014-08-02,0154,Terra,MODIS,72,6.2,303.1,15,D,0
-16.4919,123.738,323.1,1.2,1.1,2014-08-02,0154,Terra,MODIS,75,6.2,303.2,17.3,D,0
-22.0599,119.2757,310.8,1.9,1.3,2014-08-02,0155,Terra,MODIS,62,6.2,295.8,15.9,D,0
-22.0633,119.2939,310.9,1.9,1.3,2014-08-02,0155,Terra,MODIS,63,6.2,296.1,16,D,0
-20.4271,118.5925,316.7,2.3,1.5,2014-08-02,0155,Terra,MODIS,68,6.2,298.2,29.7,D,0
-20.4311,118.6143,319.4,2.3,1.5,2014-08-02,0155,Terra,MODIS,72,6.2,298.7,35.5,D,0
-20.44,118.6057,325.8,2.3,1.5,2014-08-02,0155,Terra,MODIS,80,6.2,298.5,59.7,D,0
-24.7998,128.1276,311,1.3,1.1,2014-08-02,0156,Terra,MODIS,51,6.2,293.6,8.9,D,0
-24.8012,128.1399,311.5,1.3,1.1,2014-08-02,0156,Terra,MODIS,56,6.2,293.3,9.6,D,0
-22.9206,120.1203,316.9,1.6,1.2,2014-08-02,0156,Terra,MODIS,72,6.2,296.5,20.2,D,0
-22.9234,120.1357,313.9,1.6,1.2,2014-08-02,0156,Terra,MODIS,61,6.2,296.9,15.1,D,0
-22.9216,120.1268,323.1,1.6,1.2,2014-08-02,0156,Terra,MODIS,79,6.2,297.3,34,D,0
-30.8669,121.498,301.6,1.1,1,2014-08-02,0158,Terra,MODIS,48,6.2,290.4,4.2,D,2
-29.8704,153.021,323.2,3.8,1.8,2014-08-02,0259,Aqua,MODIS,65,6.2,291.6,134.2,D,0
-29.5382,152.8899,310.2,3.9,1.8,2014-08-02,0259,Aqua,MODIS,32,6.2,291,68.5,D,0
-30.0187,152.9656,310.4,3.9,1.8,2014-08-02,0259,Aqua,MODIS,37,6.2,290.6,71,D,0
-29.5328,152.8813,327.2,3.9,1.8,2014-08-02,0259,Aqua,MODIS,80,6.2,291.2,179.3,D,0
-29.8445,152.8067,316.8,3.9,1.8,2014-08-02,0259,Aqua,MODIS,67,6.2,292.7,105.8,D,0
-29.5357,152.8404,331.3,3.9,1.8,2014-08-02,0259,Aqua,MODIS,84,6.2,292.9,216.9,D,0
-29.8812,153.0136,327.6,3.8,1.8,2014-08-02,0259,Aqua,MODIS,58,6.2,292.8,161.1,D,0
-29.5408,152.8489,347.1,3.9,1.8,2014-08-02,0259,Aqua,MODIS,94,6.2,293.5,404.1,D,0
-29.9466,152.95,320,3.9,1.8,2014-08-02,0259,Aqua,MODIS,72,6.2,291.5,128,D,0
-29.8515,152.7752,313.2,4,1.9,2014-08-02,0259,Aqua,MODIS,57,6.2,291.7,85.8,D,0
-30.0301,152.9591,313.8,3.9,1.8,2014-08-02,0259,Aqua,MODIS,59,6.2,292,91.7,D,0
-29.9422,152.9465,313,3.9,1.8,2014-08-02,0259,Aqua,MODIS,56,6.2,291,82.3,D,0
-29.887,153.0223,315.1,3.8,1.8,2014-08-02,0259,Aqua,MODIS,31,6.2,292.7,81.6,D,0
-33.5904,150.9424,302.8,3.4,1.7,2014-08-02,0436,Aqua,MODIS,54,6.2,287,36.8,D,0
-34.0746,150.9939,300.4,3.3,1.7,2014-08-02,0436,Aqua,MODIS,35,6.2,285.7,31.5,D,0
-33.6003,150.9532,301.4,3.4,1.7,2014-08-02,0436,Aqua,MODIS,47,6.2,286.8,32.8,D,0
-31.1125,152.0029,305.7,4.6,2,2014-08-02,0436,Aqua,MODIS,62,6.2,287.7,74.6,D,0
-31.1128,151.9952,305.7,4.6,2,2014-08-02,0436,Aqua,MODIS,62,6.2,288,72.9,D,0
-27.9259,148.7829,309.9,3.4,1.7,2014-08-02,0437,Aqua,MODIS,66,6.2,292.9,47.3,D,0
-32.9985,137.5852,305.4,1.1,1.1,2014-08-02,0437,Aqua,MODIS,43,6.2,292.5,5.3,D,0
-29.359,148.3421,323,2.9,1.6,2014-08-02,0437,Aqua,MODIS,81,6.2,295.3,88,D,0
-29.3586,148.3339,319.9,2.9,1.6,2014-08-02,0437,Aqua,MODIS,78,6.2,295.3,69,D,0
-28.8932,149.3187,305.3,3.5,1.8,2014-08-02,0437,Aqua,MODIS,55,6.2,294.9,27.7,D,0
-31.4209,146.7644,302.3,2.1,1.4,2014-08-02,0437,Aqua,MODIS,51,6.2,290.1,12.1,D,0
-31.4216,146.7597,302.4,2.1,1.4,2014-08-02,0437,Aqua,MODIS,52,6.2,290.4,13.6,D,0
-27.7907,147.4155,308.4,2.8,1.6,2014-08-02,0438,Aqua,MODIS,61,6.2,296,21.3,D,0
-24.8036,128.1308,320.8,3.5,1.8,2014-08-02,0439,Aqua,MODIS,75,6.2,297.2,79.1,D,0
-24.8064,128.095,316.5,3.5,1.8,2014-08-02,0439,Aqua,MODIS,68,6.2,297.9,57.2,D,0
-24.811,128.1264,327.4,3.5,1.8,2014-08-02,0439,Aqua,MODIS,81,6.2,297.1,124.5,D,0
-24.8139,128.091,313,3.5,1.8,2014-08-02,0439,Aqua,MODIS,61,6.2,296.8,41.9,D,0
-19.5718,146.3547,316.6,3.6,1.8,2014-08-02,0440,Aqua,MODIS,61,6.2,299.4,55.5,D,0
-19.5628,146.3448,315.2,3.6,1.8,2014-08-02,0440,Aqua,MODIS,57,6.2,299.7,46.9,D,0
-19.8138,146.3578,319.6,3.5,1.8,2014-08-02,0440,Aqua,MODIS,50,6.2,298.7,59.9,D,0
-19.8314,146.4325,329.1,3.6,1.8,2014-08-02,0440,Aqua,MODIS,80,6.2,300.8,124.5,D,0
-19.8401,146.4295,324.5,3.6,1.8,2014-08-02,0440,Aqua,MODIS,65,6.2,301,88,D,0
-20.0171,127.0949,342.5,3.6,1.8,2014-08-02,0440,Aqua,MODIS,91,6.2,301.4,254.4,D,0
-20.0245,127.1,321.2,3.6,1.8,2014-08-02,0440,Aqua,MODIS,74,6.2,300.1,64.7,D,0
-20.0139,127.1294,320.7,3.6,1.8,2014-08-02,0440,Aqua,MODIS,73,6.2,301.4,62.5,D,0
-18.5537,130.8259,338.6,1.8,1.3,2014-08-02,0441,Aqua,MODIS,85,6.2,294.1,83.4,D,0
-16.0282,135.5379,346,1,1,2014-08-02,0441,Aqua,MODIS,92,6.2,309.2,40.9,D,0
-14.7774,142.1958,320.8,2.2,1.4,2014-08-02,0441,Aqua,MODIS,25,6.2,301.9,24.5,D,0
-15.1662,141.8463,331.4,2,1.4,2014-08-02,0441,Aqua,MODIS,80,6.2,304.7,48,D,0
-15.0627,142.8071,319.6,2.4,1.5,2014-08-02,0441,Aqua,MODIS,37,6.2,301,26.4,D,0
-15.3242,141.8497,340.7,2,1.4,2014-08-02,0441,Aqua,MODIS,90,6.2,304.1,91.4,D,0
-15.1667,141.8514,335.5,2,1.4,2014-08-02,0441,Aqua,MODIS,86,6.2,304.6,66.8,D,0
-15.9718,136.3827,328.8,1,1,2014-08-02,0441,Aqua,MODIS,40,6.2,307.9,10.6,D,0
-15.081,142.8028,316.6,2.4,1.5,2014-08-02,0441,Aqua,MODIS,36,6.2,299.9,19,D,0
-14.7948,142.2485,327.8,2.2,1.4,2014-08-02,0441,Aqua,MODIS,64,6.2,303.1,48.6,D,0
-15.452,141.7832,326.4,2,1.4,2014-08-02,0441,Aqua,MODIS,77,6.2,302.9,30.7,D,0
-15.6832,136.6546,319.2,1,1,2014-08-02,0441,Aqua,MODIS,38,6.2,302.2,8.6,D,0
-16.0308,135.5192,343.6,1,1,2014-08-02,0441,Aqua,MODIS,90,6.2,308.1,37.7,D,0
-15.0761,142.8096,321,2.4,1.5,2014-08-02,0441,Aqua,MODIS,60,6.2,300.8,33.5,D,0
-16.0269,135.5472,324.1,1,1,2014-08-02,0441,Aqua,MODIS,60,6.2,306.7,8.7,D,0
-16.0295,135.5285,339.6,1,1,2014-08-02,0441,Aqua,MODIS,87,6.2,308.8,28.8,D,0
-15.321,141.8684,323,2,1.4,2014-08-02,0441,Aqua,MODIS,19,6.2,305.2,25.7,D,0
-16.0372,135.5392,334.3,1,1,2014-08-02,0441,Aqua,MODIS,82,6.2,308.8,21.4,D,0
-14.7962,142.2412,332.9,2.2,1.4,2014-08-02,0441,Aqua,MODIS,83,6.2,302.5,69.6,D,0
-16.0232,135.5085,338.3,1,1,2014-08-02,0441,Aqua,MODIS,86,6.2,305.7,28.2,D,0
-16.0218,135.5178,349.5,1,1,2014-08-02,0441,Aqua,MODIS,94,6.2,308.9,48.8,D,0
-15.455,141.7909,328,2,1.4,2014-08-02,0441,Aqua,MODIS,75,6.2,302.5,35.9,D,0
-14.7985,142.2281,326.1,2.2,1.4,2014-08-02,0441,Aqua,MODIS,62,6.2,301,42.3,D,0
-15.325,141.855,339,2,1.4,2014-08-02,0441,Aqua,MODIS,88,6.2,304.3,78.7,D,0
-16.0322,135.5099,319.4,1,1,2014-08-02,0441,Aqua,MODIS,41,6.2,303.8,5.4,D,0
-15.0676,142.8002,318.3,2.4,1.5,2014-08-02,0441,Aqua,MODIS,49,6.2,300.9,23.1,D,0
-15.6846,136.6452,318.3,1,1,2014-08-02,0441,Aqua,MODIS,0,6.2,303.1,7.6,D,0
-18.6677,132.6412,342.4,1.4,1.2,2014-08-02,0441,Aqua,MODIS,92,6.2,300.8,58.6,D,0
-18.6531,132.5863,325.5,1.4,1.2,2014-08-02,0441,Aqua,MODIS,81,6.2,303.4,19.7,D,0
-18.5517,130.8431,348,1.8,1.3,2014-08-02,0441,Aqua,MODIS,94,6.2,297.4,124,D,0
-18.6692,132.6283,342.4,1.4,1.2,2014-08-02,0441,Aqua,MODIS,92,6.2,299.9,57.9,D,0
-14.1078,143.5678,313.8,2.9,1.6,2014-08-02,0441,Aqua,MODIS,51,6.2,296.8,26,D,0
-14.2983,142.6734,320,2.4,1.5,2014-08-02,0441,Aqua,MODIS,55,6.2,297.5,34.5,D,0
-16.4362,136.9186,337.4,1,1,2014-08-02,0441,Aqua,MODIS,57,6.2,309,24.3,D,0
-16.4166,136.9252,337.1,1,1,2014-08-02,0441,Aqua,MODIS,58,6.2,307,24,D,0
-16.4195,136.9061,355.8,1,1,2014-08-02,0441,Aqua,MODIS,97,6.2,308.1,65,D,0
-16.4209,136.8966,332,1,1,2014-08-02,0441,Aqua,MODIS,80,6.2,305,21,D,0
-16.5103,135.6394,331.8,1,1,2014-08-02,0441,Aqua,MODIS,80,6.2,306.2,19.4,D,0
-16.4461,135.6429,356.6,1,1,2014-08-02,0441,Aqua,MODIS,98,6.2,307.9,65.1,D,0
-16.4474,135.6336,368.7,1,1,2014-08-02,0441,Aqua,MODIS,100,6.2,310.1,99.8,D,0
-14.1077,143.5627,315.1,2.9,1.6,2014-08-02,0441,Aqua,MODIS,60,6.2,297,31.2,D,0
-14.1126,143.5414,316.1,2.9,1.6,2014-08-02,0441,Aqua,MODIS,63,6.2,297.2,34.5,D,0
-16.1001,137.0162,350.9,1,1,2014-08-02,0441,Aqua,MODIS,95,6.2,305.6,55,D,0
-16.1795,137.0346,330,1,1,2014-08-02,0441,Aqua,MODIS,69,6.2,305.5,17.9,D,0
-16.1093,137.0177,324,1,1,2014-08-02,0441,Aqua,MODIS,10,6.2,306.6,10.3,D,0
-15.0949,141.8138,323.2,2,1.4,2014-08-02,0441,Aqua,MODIS,62,6.2,303.3,24,D,0
-14.6542,142.7424,314.7,2.4,1.5,2014-08-02,0441,Aqua,MODIS,40,6.2,298.4,19.6,D,0
-14.1124,143.5363,314.3,2.9,1.6,2014-08-02,0441,Aqua,MODIS,57,6.2,297.1,28.3,D,0
-16.181,137.025,332,1,1,2014-08-02,0441,Aqua,MODIS,79,6.2,304,21.2,D,0
-14.1222,143.5705,314.4,2.9,1.6,2014-08-02,0441,Aqua,MODIS,32,6.2,296.2,27.1,D,0
-14.1609,143.6053,312.9,2.9,1.6,2014-08-02,0441,Aqua,MODIS,45,6.2,294.6,27.8,D,0
-14.1222,143.5655,314.3,2.9,1.6,2014-08-02,0441,Aqua,MODIS,46,6.2,296.2,27.5,D,0
-14.1561,143.6321,322.2,2.9,1.6,2014-08-02,0441,Aqua,MODIS,74,6.2,296,68.2,D,0
-14.292,142.6672,325.1,2.4,1.5,2014-08-02,0441,Aqua,MODIS,75,6.2,295.4,54.6,D,0
-12.5707,132.8206,323.5,1.1,1.1,2014-08-02,0442,Aqua,MODIS,68,6.2,302.9,8.3,D,0
-14.5043,132.8294,328.7,1.2,1.1,2014-08-02,0442,Aqua,MODIS,75,6.2,300.5,22.4,D,0
-14.5057,132.8184,344,1.2,1.1,2014-08-02,0442,Aqua,MODIS,91,6.2,300.9,52.1,D,0
-12.4824,132.7908,330.6,1.1,1.1,2014-08-02,0442,Aqua,MODIS,79,6.2,303.8,19.3,D,0
-12.8169,134.8395,319,1,1,2014-08-02,0442,Aqua,MODIS,47,6.2,299.1,7.7,D,0
-12.5693,132.831,344.4,1.1,1.1,2014-08-02,0442,Aqua,MODIS,91,6.2,304.1,44.7,D,0
-12.8101,131.0481,358.4,1.5,1.2,2014-08-02,0442,Aqua,MODIS,99,6.2,306.8,118.5,D,0
-12.8045,131.0542,323.3,1.5,1.2,2014-08-02,0442,Aqua,MODIS,58,6.2,305.4,11.2,D,0
-12.8062,131.0409,343.2,1.5,1.2,2014-08-02,0442,Aqua,MODIS,90,6.2,305.7,61,D,0
-12.8117,131.0348,344.9,1.5,1.2,2014-08-02,0442,Aqua,MODIS,91,6.2,304.4,67.5,D,0
-13.1363,135.3774,319.8,1,1,2014-08-02,0442,Aqua,MODIS,42,6.2,296.1,11.4,D,0
-12.5267,135.7741,323.3,1,1,2014-08-02,0442,Aqua,MODIS,75,6.2,298.7,13.5,D,0
-12.8163,135.0426,325,1,1,2014-08-02,0442,Aqua,MODIS,73,6.2,298.4,14.5,D,0
-12.4104,135.1091,326.9,1,1,2014-08-02,0442,Aqua,MODIS,38,6.2,300,12.7,D,0
-13.906,141.6048,337.1,2.1,1.4,2014-08-02,0442,Aqua,MODIS,51,6.2,299.4,81,D,0
-12.5869,134.905,320.8,1,1,2014-08-02,0442,Aqua,MODIS,67,6.2,300.1,8.4,D,0
-11.8126,133.3497,334.8,1.1,1,2014-08-02,0442,Aqua,MODIS,84,6.2,304.5,25.7,D,0
-12.5195,131.2557,328.8,1.4,1.2,2014-08-02,0442,Aqua,MODIS,69,6.2,300.9,28.9,D,0
-12.5284,131.2699,328,1.4,1.2,2014-08-02,0442,Aqua,MODIS,69,6.2,303,24.6,D,0
-12.2221,131.139,355.1,1.4,1.2,2014-08-02,0442,Aqua,MODIS,97,6.2,301.8,108.3,D,0
-11.7968,133.3275,324,1.1,1,2014-08-02,0442,Aqua,MODIS,59,6.2,303,11.1,D,0
-12.8647,132.1315,328.5,1.2,1.1,2014-08-02,0442,Aqua,MODIS,51,6.2,303.8,16,D,0
-12.4796,132.7848,327.7,1.1,1.1,2014-08-02,0442,Aqua,MODIS,63,6.2,303.4,16.4,D,0
-12.5253,135.7834,325,1,1,2014-08-02,0442,Aqua,MODIS,77,6.2,298.5,15.5,D,0
-12.8319,132.4567,325.4,1.2,1.1,2014-08-02,0442,Aqua,MODIS,52,6.2,304.7,11.1,D,0
-13.9184,141.6124,330.3,2.1,1.4,2014-08-02,0442,Aqua,MODIS,65,6.2,301,56.2,D,0
-11.8205,133.3607,328.6,1.1,1,2014-08-02,0442,Aqua,MODIS,72,6.2,302.7,16.7,D,0
-11.8192,133.3704,344.7,1.1,1,2014-08-02,0442,Aqua,MODIS,92,6.2,304.5,44,D,0
-12.457,136.3095,317.7,1,1,2014-08-02,0442,Aqua,MODIS,60,6.2,299.1,8.8,D,0
-11.8178,133.3801,324.8,1.1,1,2014-08-02,0442,Aqua,MODIS,68,6.2,303.1,12,D,0
-12.2901,131.0756,321.8,1.4,1.2,2014-08-02,0442,Aqua,MODIS,60,6.2,302.9,13.9,D,0
-12.4091,135.1182,342.2,1,1,2014-08-02,0442,Aqua,MODIS,90,6.2,302.6,35.9,D,0
-11.798,133.3871,331.2,1.1,1,2014-08-02,0442,Aqua,MODIS,77,6.2,304.1,19.4,D,0
-12.955,132.1379,327.5,1.2,1.1,2014-08-02,0442,Aqua,MODIS,45,6.2,308.1,13,D,0
-12.8305,132.4676,336.2,1.2,1.1,2014-08-02,0442,Aqua,MODIS,84,6.2,306.8,28.4,D,0
-13.9059,141.6101,332.5,2.1,1.4,2014-08-02,0442,Aqua,MODIS,54,6.2,299.8,63.3,D,0
-12.8402,132.469,323.8,1.2,1.1,2014-08-02,0442,Aqua,MODIS,52,6.2,306.3,9.5,D,0
-12.4078,135.1273,323.8,1,1,2014-08-02,0442,Aqua,MODIS,47,6.2,298.3,10.5,D,0
-12.2204,131.1518,324.3,1.4,1.2,2014-08-02,0442,Aqua,MODIS,77,6.2,301.2,22.3,D,0
-12.4118,135.0999,339.2,1,1,2014-08-02,0442,Aqua,MODIS,88,6.2,300.5,30.8,D,0
-12.67,134.3156,321.9,1,1,2014-08-02,0442,Aqua,MODIS,50,6.2,299.8,12.3,D,0
-12.4919,134.8011,325.3,1,1,2014-08-02,0442,Aqua,MODIS,76,6.2,301.9,10.3,D,0
-11.7993,133.3775,356.4,1.1,1,2014-08-02,0442,Aqua,MODIS,98,6.2,305.7,70.7,D,0
-11.8087,133.3093,322.7,1.1,1,2014-08-02,0442,Aqua,MODIS,54,6.2,303.3,9.7,D,0
-11.8113,133.3594,334.1,1.1,1,2014-08-02,0442,Aqua,MODIS,84,6.2,304.4,24.2,D,0
-12.0966,133.5567,318.2,1.1,1,2014-08-02,0442,Aqua,MODIS,33,6.2,299.4,9.8,D,0
-12.4131,135.0908,366.1,1,1,2014-08-02,0442,Aqua,MODIS,100,6.2,305.2,93.4,D,0
-12.1709,135.9419,320.4,1,1,2014-08-02,0442,Aqua,MODIS,24,6.2,301.2,7.8,D,0
-12.5389,131.2713,332,1.4,1.2,2014-08-02,0442,Aqua,MODIS,81,6.2,302.1,32.1,D,0
-11.999,134.054,328.4,1,1,2014-08-02,0442,Aqua,MODIS,75,6.2,304.2,13.9,D,0
-13.1453,135.3788,319.4,1,1,2014-08-02,0442,Aqua,MODIS,35,6.2,296.8,10.8,D,0
-12.5494,131.2727,321.6,1.4,1.2,2014-08-02,0442,Aqua,MODIS,48,6.2,302.4,13.4,D,0
-12.1681,135.9606,326.3,1,1,2014-08-02,0442,Aqua,MODIS,44,6.2,302.2,12.5,D,0
-12.1695,135.9512,337.8,1,1,2014-08-02,0442,Aqua,MODIS,83,6.2,302,29.9,D,0
-12.9921,130.2195,341.2,1.7,1.3,2014-08-02,0442,Aqua,MODIS,87,6.2,298.7,76.7,D,0
-13.1235,130.3672,326.1,1.6,1.3,2014-08-02,0442,Aqua,MODIS,48,6.2,297.5,30.1,D,0
-13.8816,130.4113,325.5,1.7,1.3,2014-08-02,0442,Aqua,MODIS,43,6.2,302.2,16.3,D,0
-13.8824,130.4219,324.8,1.7,1.3,2014-08-02,0442,Aqua,MODIS,66,6.2,303.7,18.6,D,0
-12.993,130.2298,325.3,1.7,1.3,2014-08-02,0442,Aqua,MODIS,67,6.2,297.8,32.6,D,0
-12.995,130.2146,326.9,1.7,1.3,2014-08-02,0442,Aqua,MODIS,70,6.2,297.5,35.7,D,0
-13.5818,130.6299,323,1.6,1.2,2014-08-02,0442,Aqua,MODIS,43,6.2,298.5,20.9,D,0
-13.593,130.6314,332,1.6,1.2,2014-08-02,0442,Aqua,MODIS,79,6.2,298.3,40.7,D,0
-13.593,130.6245,325.7,1.6,1.2,2014-08-02,0442,Aqua,MODIS,53,6.2,300.1,26.8,D,0
-12.2754,135.916,368.7,1,1,2014-08-02,0442,Aqua,MODIS,100,6.2,304.5,105.9,D,0
-12.274,135.9253,374.3,1,1,2014-08-02,0442,Aqua,MODIS,100,6.2,304.2,125.9,D,0
-12.5789,132.8323,342.2,1.1,1.1,2014-08-02,0442,Aqua,MODIS,89,6.2,304.9,39.8,D,0
-13.8452,135.8836,315.9,1,1,2014-08-02,0442,Aqua,MODIS,47,6.2,299.9,6.7,D,0
-12.3422,135.2014,335.9,1,1,2014-08-02,0442,Aqua,MODIS,86,6.2,299.5,28.7,D,0
-12.4022,134.7811,320.8,1,1,2014-08-02,0442,Aqua,MODIS,46,6.2,301.9,7.4,D,0
-13.9914,136.4501,320,1,1,2014-08-02,0442,Aqua,MODIS,67,6.2,305.6,8.5,D,0
-12.2055,134.9353,328,1,1,2014-08-02,0442,Aqua,MODIS,79,6.2,302.9,14.5,D,0
-12.4002,135.1169,336.6,1,1,2014-08-02,0442,Aqua,MODIS,83,6.2,299.1,27.1,D,0
-13.5641,131.8391,324.2,1.3,1.1,2014-08-02,0442,Aqua,MODIS,62,6.2,307.5,11,D,0
-12.4035,134.772,327.4,1,1,2014-08-02,0442,Aqua,MODIS,78,6.2,302.1,13.8,D,0
-13.9161,132.2622,323.8,1.3,1.1,2014-08-02,0442,Aqua,MODIS,42,6.2,306.5,9.4,D,0
-12.3648,134.7885,349.9,1,1,2014-08-02,0442,Aqua,MODIS,95,6.2,301.9,53.1,D,0
-12.3893,134.7454,321.6,1,1,2014-08-02,0442,Aqua,MODIS,56,6.2,301.3,9.4,D,0
-12.2831,135.9267,341,1,1,2014-08-02,0442,Aqua,MODIS,90,6.2,303,36.6,D,0
-12.3932,134.7798,330.1,1,1,2014-08-02,0442,Aqua,MODIS,81,6.2,299.5,18.2,D,0
-13.5523,131.8498,324.7,1.3,1.1,2014-08-02,0442,Aqua,MODIS,64,6.2,306.9,12.4,D,0
-12.3674,134.7702,317.9,1,1,2014-08-02,0442,Aqua,MODIS,62,6.2,299.5,6.9,D,0
-12.3661,134.7793,391.6,1,1,2014-08-02,0442,Aqua,MODIS,100,6.2,305.8,198.6,D,0
-12.2844,135.9174,352.7,1,1,2014-08-02,0442,Aqua,MODIS,96,6.2,303.4,60.4,D,0
-12.3512,135.2028,320.5,1,1,2014-08-02,0442,Aqua,MODIS,37,6.2,300.7,9.9,D,0
-13.0079,142.6051,324.8,2.6,1.5,2014-08-02,0442,Aqua,MODIS,73,6.2,297.5,61.7,D,0
-12.2308,135.4033,315.4,1,1,2014-08-02,0442,Aqua,MODIS,44,6.2,296.6,4.8,D,0
-11.1429,132.5214,324.8,1.1,1.1,2014-08-02,0443,Aqua,MODIS,66,6.2,299.5,16.1,D,0
-11.3084,131.8065,317.8,1.2,1.1,2014-08-02,0443,Aqua,MODIS,19,6.2,298.5,11.2,D,0
-11.7866,130.4621,320.4,1.5,1.2,2014-08-02,0443,Aqua,MODIS,73,6.2,296.6,19.5,D,0
-11.7884,130.4478,322.2,1.6,1.2,2014-08-02,0443,Aqua,MODIS,71,6.2,297.7,23,D,0
-11.7853,130.455,328.8,1.5,1.2,2014-08-02,0443,Aqua,MODIS,80,6.2,297.5,35.7,D,0
-11.366,132.2973,315.2,1.2,1.1,2014-08-02,0443,Aqua,MODIS,56,6.2,296.7,9,D,0
-11.6412,130.7981,337.2,1.5,1.2,2014-08-02,0443,Aqua,MODIS,87,6.2,300.8,48.2,D,0
-11.6383,130.7924,344.2,1.5,1.2,2014-08-02,0443,Aqua,MODIS,90,6.2,301.6,66.7,D,0
-11.6401,130.7791,340.2,1.5,1.2,2014-08-02,0443,Aqua,MODIS,78,6.2,302,54.5,D,0
-11.6419,130.7658,353.6,1.5,1.2,2014-08-02,0443,Aqua,MODIS,97,6.2,301.1,102.2,D,0
-11.6294,130.7776,361,1.5,1.2,2014-08-02,0443,Aqua,MODIS,100,6.2,302.5,137.1,D,0
-11.6311,130.7643,341.2,1.5,1.2,2014-08-02,0443,Aqua,MODIS,90,6.2,299.6,60.8,D,0
-11.6186,130.7761,319.4,1.5,1.2,2014-08-02,0443,Aqua,MODIS,64,6.2,299.9,14.9,D,0
-11.6204,130.7628,322.5,1.5,1.2,2014-08-02,0443,Aqua,MODIS,73,6.2,299.1,20,D,0
-11.7656,130.9689,321.4,1.4,1.2,2014-08-02,0443,Aqua,MODIS,74,6.2,296.1,19.6,D,0
-11.7711,131.0092,322.7,1.4,1.2,2014-08-02,0443,Aqua,MODIS,32,6.2,298.3,17.6,D,0
-11.7605,131.0078,350.1,1.4,1.2,2014-08-02,0443,Aqua,MODIS,95,6.2,297.9,87.6,D,0
-11.7622,130.9949,328.2,1.4,1.2,2014-08-02,0443,Aqua,MODIS,52,6.2,296.3,27.9,D,0
-11.5245,131.0351,316.3,1.4,1.2,2014-08-02,0443,Aqua,MODIS,34,6.2,293.7,11.9,D,0
-11.6544,130.7539,326,1.5,1.2,2014-08-02,0443,Aqua,MODIS,74,6.2,299,26.3,D,0
-11.35,131.4209,332,1.3,1.1,2014-08-02,0443,Aqua,MODIS,61,6.2,296.9,32.9,D,0
-11.6503,130.8128,327.8,1.5,1.2,2014-08-02,0443,Aqua,MODIS,72,6.2,301.1,25.3,D,0
-11.3805,131.4062,328.1,1.3,1.1,2014-08-02,0443,Aqua,MODIS,65,6.2,292.4,27.8,D,0
-11.3839,131.4012,322.9,1.3,1.1,2014-08-02,0443,Aqua,MODIS,48,6.2,291,19.3,D,0
-11.6897,130.8454,330.3,1.4,1.2,2014-08-02,0443,Aqua,MODIS,79,6.2,300.1,33.4,D,0
-11.679,130.8439,322.7,1.4,1.2,2014-08-02,0443,Aqua,MODIS,59,6.2,300.3,18.1,D,0
-11.6683,130.8424,321.6,1.4,1.2,2014-08-02,0443,Aqua,MODIS,48,6.2,300,15.9,D,0
-11.8276,130.9426,314.6,1.4,1.2,2014-08-02,0443,Aqua,MODIS,21,6.2,295.6,7.8,D,0
-11.6553,130.7731,341.5,1.5,1.2,2014-08-02,0443,Aqua,MODIS,90,6.2,301.2,62.8,D,0
-11.657,130.7597,334.9,1.5,1.2,2014-08-02,0443,Aqua,MODIS,86,6.2,299.7,46.9,D,0
-11.6446,130.7716,365.9,1.5,1.2,2014-08-02,0443,Aqua,MODIS,100,6.2,302.5,162.9,D,0
-11.6463,130.7581,340.3,1.5,1.2,2014-08-02,0443,Aqua,MODIS,89,6.2,299.6,61.6,D,0
-11.6491,130.7939,325.7,1.5,1.2,2014-08-02,0443,Aqua,MODIS,57,6.2,301.7,21,D,0
-11.6508,130.7806,322.4,1.5,1.2,2014-08-02,0443,Aqua,MODIS,23,6.2,301.1,15.1,D,0
-11.6526,130.7674,352.4,1.5,1.2,2014-08-02,0443,Aqua,MODIS,96,6.2,303,100.7,D,0
-11.6473,130.807,328.7,1.5,1.2,2014-08-02,0443,Aqua,MODIS,63,6.2,301.3,27.9,D,0
-11.8061,130.9081,315.4,1.4,1.2,2014-08-02,0443,Aqua,MODIS,57,6.2,296.6,11,D,0
-31.4336,115.7358,312.9,1,1,2014-08-02,0616,Aqua,MODIS,70,6.2,290.9,10.2,D,0
-32.4645,116.1038,303,1,1,2014-08-02,0616,Aqua,MODIS,54,6.2,287.3,6,D,0
-31.4426,115.7377,311.4,1,1,2014-08-02,0616,Aqua,MODIS,56,6.2,291.2,9,D,0
-27.8652,114.8513,312.4,1,1,2014-08-02,0617,Aqua,MODIS,54,6.2,298.5,6,D,0
-27.8667,114.841,318.2,1,1,2014-08-02,0617,Aqua,MODIS,69,6.2,299.3,10.9,D,0
-27.8577,114.8392,315.3,1,1,2014-08-02,0617,Aqua,MODIS,55,6.2,298.6,7.8,D,0
-21.6301,120.5703,314.7,2.7,1.6,2014-08-02,0618,Aqua,MODIS,55,6.2,301.7,27.6,D,0
-21.6352,120.5444,320.9,2.7,1.6,2014-08-02,0618,Aqua,MODIS,71,6.2,302.2,51.3,D,0
-22.3217,118.4461,324.1,1.8,1.3,2014-08-02,0618,Aqua,MODIS,74,6.2,304.4,33,D,0
-22.3186,118.4634,322.2,1.8,1.3,2014-08-02,0618,Aqua,MODIS,71,6.2,303.6,26.7,D,0
-22.0635,119.2733,315.7,2.1,1.4,2014-08-02,0618,Aqua,MODIS,58,6.2,304.6,18.2,D,0
-20.3961,118.9498,326.3,2.2,1.4,2014-08-02,0619,Aqua,MODIS,76,6.2,306.8,39.2,D,0
-20.3999,118.929,328.8,2.2,1.4,2014-08-02,0619,Aqua,MODIS,79,6.2,307.3,48.6,D,0
-20.3833,118.9472,351.4,2.2,1.4,2014-08-02,0619,Aqua,MODIS,95,6.2,305.7,167.3,D,0
-18.7487,121.8677,318.1,3.9,1.8,2014-08-02,0619,Aqua,MODIS,48,6.2,302.8,42.2,D,0
-18.7455,121.9095,320.6,3.9,1.8,2014-08-02,0619,Aqua,MODIS,64,6.2,301.7,61.7,D,0
-18.7414,121.9044,326.3,3.9,1.8,2014-08-02,0619,Aqua,MODIS,79,6.2,301.8,107.8,D,0
-20.3871,118.9264,355.9,2.2,1.4,2014-08-02,0619,Aqua,MODIS,98,6.2,308.3,199.6,D,0
-20.3909,118.9058,329.8,2.2,1.4,2014-08-02,0619,Aqua,MODIS,80,6.2,307.6,52.2,D,0
-20.3743,118.9238,353.7,2.2,1.4,2014-08-02,0619,Aqua,MODIS,97,6.2,304.9,184.1,D,0
-20.3781,118.9032,335.4,2.2,1.4,2014-08-02,0619,Aqua,MODIS,85,6.2,306.7,77.4,D,0
-29.8326,152.7992,328.2,1.3,1.1,2014-08-02,1224,Terra,MODIS,100,6.2,284.1,41.3,N,0
-29.4521,152.7563,300.7,1.2,1.1,2014-08-02,1224,Terra,MODIS,11,6.2,280.8,9.4,N,0
-29.9366,152.9459,316.9,1.2,1.1,2014-08-02,1224,Terra,MODIS,43,6.2,283.7,22.3,N,0
-30.014,152.9775,302.5,1.2,1.1,2014-08-02,1224,Terra,MODIS,15,6.2,281.8,9.8,N,0
-29.9267,152.9442,317.6,1.2,1.1,2014-08-02,1224,Terra,MODIS,56,6.2,283.7,23.3,N,0
-29.4606,152.7703,300.5,1.2,1.1,2014-08-02,1224,Terra,MODIS,14,6.2,280.6,9.1,N,0
-29.8976,153.1019,307.5,1.2,1.1,2014-08-02,1224,Terra,MODIS,17,6.2,282.6,12.2,N,0
-29.9466,152.9475,316.2,1.2,1.1,2014-08-02,1224,Terra,MODIS,78,6.2,282.9,22.8,N,0
-29.9161,152.9496,317.7,1.2,1.1,2014-08-02,1224,Terra,MODIS,80,6.2,284.3,24.6,N,0
-30.0473,152.3454,314.5,1.3,1.1,2014-08-02,1224,Terra,MODIS,89,6.2,278,26.6,N,0
-29.831,152.8121,309.7,1.2,1.1,2014-08-02,1224,Terra,MODIS,78,6.2,281.5,17.2,N,0
-29.9075,152.7648,313.7,1.3,1.1,2014-08-02,1224,Terra,MODIS,88,6.2,282,22.5,N,0
-29.8656,153.0325,326.5,1.2,1.1,2014-08-02,1224,Terra,MODIS,100,6.2,282.3,35.7,N,0
-30.0456,152.3596,300.3,1.3,1.1,2014-08-02,1224,Terra,MODIS,24,6.2,276.6,12.2,N,0
-29.8686,153.0071,313.5,1.2,1.1,2014-08-02,1224,Terra,MODIS,40,6.2,282.7,19.1,N,0
-27.8345,153.1214,304.2,1.1,1.1,2014-08-02,1224,Terra,MODIS,59,6.2,280,11.7,N,0
-29.9176,152.9369,311.9,1.2,1.1,2014-08-02,1224,Terra,MODIS,53,6.2,282.8,17.9,N,0
-29.9167,152.9424,325.3,1.2,1.1,2014-08-02,1224,Terra,MODIS,100,6.2,284.3,34.4,N,0
-29.8602,152.9928,307,1.2,1.1,2014-08-02,1224,Terra,MODIS,46,6.2,280.9,13.9,N,0
-29.8587,153.0055,314.2,1.2,1.1,2014-08-02,1224,Terra,MODIS,59,6.2,282.1,20.3,N,0
-29.8557,153.0308,312.9,1.2,1.1,2014-08-02,1224,Terra,MODIS,46,6.2,281,18.3,N,0
-30.017,152.9524,303.9,1.2,1.1,2014-08-02,1224,Terra,MODIS,31,6.2,281.7,10.8,N,0
-26.5393,150.1147,302.4,1.6,1.3,2014-08-02,1225,Terra,MODIS,47,6.2,277.4,18.7,N,0
-26.5296,150.0966,301.8,1.6,1.3,2014-08-02,1225,Terra,MODIS,41,6.2,277.3,17.7,N,0
-22.8197,150.599,303.8,1.4,1.2,2014-08-02,1226,Terra,MODIS,57,6.2,288.4,10.7,N,0
-22.6459,150.6148,307.2,1.4,1.2,2014-08-02,1226,Terra,MODIS,71,6.2,286.3,15.5,N,0
-24.7912,128.1317,308.7,1.1,1,2014-08-02,1404,Terra,MODIS,75,6.2,285.7,13.3,N,0
-24.7926,128.1207,304.6,1.1,1,2014-08-02,1404,Terra,MODIS,61,6.2,284.5,10.3,N,0
-21.3643,119.5606,302.8,3.7,1.8,2014-08-02,1405,Terra,MODIS,51,6.2,288.4,42.4,N,0
-21.3574,119.5533,301.8,3.7,1.8,2014-08-02,1405,Terra,MODIS,44,6.2,288.4,36.8,N,0
-21.5814,120.5033,324.4,3.2,1.7,2014-08-02,1405,Terra,MODIS,100,6.2,289.4,123.7,N,0
-21.591,120.5423,309,3.2,1.7,2014-08-02,1405,Terra,MODIS,76,6.2,288.2,53.8,N,0
-21.5937,120.5113,302.1,3.2,1.7,2014-08-02,1405,Terra,MODIS,47,6.2,288.5,31,N,0
-21.5661,120.5017,329.3,3.2,1.7,2014-08-02,1405,Terra,MODIS,100,6.2,290.1,156.4,N,0
-21.5633,120.5324,321.3,3.2,1.7,2014-08-02,1405,Terra,MODIS,100,6.2,289.2,107.6,N,0
-21.5785,120.5342,326.1,3.2,1.7,2014-08-02,1405,Terra,MODIS,100,6.2,289.7,133.5,N,0
-21.5938,120.5359,308.6,3.2,1.7,2014-08-02,1405,Terra,MODIS,75,6.2,288.4,53.4,N,0
-21.5784,120.5096,336.2,3.2,1.7,2014-08-02,1405,Terra,MODIS,100,6.2,290.7,203.3,N,0
-21.5757,120.5405,316.3,3.2,1.7,2014-08-02,1405,Terra,MODIS,88,6.2,289,79.3,N,0
-16.4465,123.6937,315.1,1.6,1.2,2014-08-02,1406,Terra,MODIS,91,6.2,293.3,23.3,N,0
-16.4483,123.6792,322.3,1.6,1.2,2014-08-02,1406,Terra,MODIS,100,6.2,293.9,35.7,N,0
-16.4485,123.6848,327.4,1.6,1.2,2014-08-02,1406,Terra,MODIS,100,6.2,294.3,47.2,N,0
-16.7264,128.0655,308,1,1,2014-08-02,1406,Terra,MODIS,73,6.2,292.9,6.7,N,0
-16.7238,128.0842,305.6,1,1,2014-08-02,1406,Terra,MODIS,50,6.2,293.4,5.1,N,0
-16.7494,128.0977,302.5,1,1,2014-08-02,1406,Terra,MODIS,50,6.2,292.3,3.6,N,0
-16.7251,128.0748,316.5,1,1,2014-08-02,1406,Terra,MODIS,93,6.2,293.5,13.2,N,0
-15.3825,128.2687,326.6,1,1,2014-08-02,1407,Terra,MODIS,100,6.2,292.3,25.2,N,0
-15.3749,128.258,324.9,1,1,2014-08-02,1407,Terra,MODIS,100,6.2,292,23.1,N,0
-15.3735,128.2673,315,1,1,2014-08-02,1407,Terra,MODIS,90,6.2,290,13.8,N,0
-15.3838,128.2594,326.7,1,1,2014-08-02,1407,Terra,MODIS,100,6.2,292.6,25.1,N,0
-12.7616,132.4409,304.3,1.7,1.3,2014-08-02,1407,Terra,MODIS,60,6.2,292.3,9.9,N,0
-12.7641,132.4257,306.4,1.7,1.3,2014-08-02,1407,Terra,MODIS,68,6.2,292.4,12.4,N,0
-13.5581,131.8427,302.9,1.5,1.2,2014-08-02,1407,Terra,MODIS,52,6.2,292.1,5.9,N,0
-11.3476,131.4331,305.7,1.5,1.2,2014-08-02,1408,Terra,MODIS,65,6.2,292.2,8.7,N,0
-22.8081,150.5979,302.4,1.4,1.2,2014-08-02,1534,Aqua,MODIS,48,6.2,288.3,9.5,N,0
-11.6089,130.7905,302.8,2.1,1.4,2014-08-02,1710,Aqua,MODIS,51,6.2,289.4,15.8,N,0
-15.3702,128.2652,305.7,1.6,1.2,2014-08-02,1711,Aqua,MODIS,65,6.2,290.9,12.4,N,0
-15.3813,128.2638,303,1.6,1.2,2014-08-02,1711,Aqua,MODIS,44,6.2,290.9,8.7,N,0
-16.7176,128.0845,301,1.6,1.2,2014-08-02,1712,Aqua,MODIS,34,6.2,289.4,10.2,N,0
-16.5049,123.7457,306.9,1,1,2014-08-02,1712,Aqua,MODIS,70,6.2,293.1,7.4,N,0
-16.44,123.6794,304.6,1,1,2014-08-02,1712,Aqua,MODIS,48,6.2,288.7,4.6,N,0
-21.5591,120.5096,313.1,1.1,1,2014-08-02,1713,Aqua,MODIS,86,6.2,287.5,14.7,N,0
-21.5515,120.5061,327.7,1.1,1,2014-08-02,1713,Aqua,MODIS,100,6.2,289.1,29.3,N,0
-21.5531,120.5164,314.4,1.1,1,2014-08-02,1713,Aqua,MODIS,45,6.2,288.8,14.3,N,0
-21.5438,120.518,305,1.1,1,2014-08-02,1713,Aqua,MODIS,23,6.2,288.3,7.9,N,0
-21.5563,120.537,312.4,1.1,1,2014-08-02,1713,Aqua,MODIS,42,6.2,288.2,12.7,N,0
-21.5454,120.5283,316.4,1.1,1,2014-08-02,1713,Aqua,MODIS,63,6.2,288.9,16.4,N,0
-21.5422,120.5077,307.7,1.1,1,2014-08-02,1713,Aqua,MODIS,72,6.2,288.6,10.3,N,0
-20.3786,118.9422,308.3,1.3,1.1,2014-08-02,1713,Aqua,MODIS,64,6.2,287.4,14.2,N,0
-20.3761,118.937,309.1,1.3,1.1,2014-08-02,1713,Aqua,MODIS,69,6.2,287.4,14.9,N,0
-30.8594,121.4942,301.4,1,1,2014-08-02,1716,Aqua,MODIS,40,6.2,279.3,9.2,N,2
-14.1674,143.6195,322.7,1.2,1.1,2014-08-03,0057,Terra,MODIS,71,6.2,294.1,18.2,D,0
-14.1689,143.6304,320.7,1.2,1.1,2014-08-03,0057,Terra,MODIS,60,6.2,295.1,15.2,D,0
-14.6455,142.7747,323.4,1.1,1,2014-08-03,0057,Terra,MODIS,49,6.2,300.6,14.5,D,0
-13.2986,141.8921,336.3,1,1,2014-08-03,0057,Terra,MODIS,88,6.2,298.9,31.1,D,0
-13.2937,141.9212,317.7,1,1,2014-08-03,0057,Terra,MODIS,60,6.2,297.4,8,D,0
-13.295,141.9305,316.7,1,1,2014-08-03,0057,Terra,MODIS,70,6.2,297.4,7.9,D,0
-13.309,141.9,318.9,1,1,2014-08-03,0057,Terra,MODIS,51,6.2,297.6,9.4,D,0
-13.3104,141.9093,326.6,1,1,2014-08-03,0057,Terra,MODIS,80,6.2,297.8,17.4,D,0
-12.1806,141.9249,314.4,1,1,2014-08-03,0057,Terra,MODIS,37,6.2,299.6,7.1,D,0
-14.1012,143.5907,306.8,1.2,1.1,2014-08-03,0057,Terra,MODIS,17,6.2,289.6,3.3,D,0
-12.5414,141.8748,319.7,1,1,2014-08-03,0057,Terra,MODIS,75,6.2,294.2,11.7,D,0
-12.4923,132.7964,313.1,3.2,1.7,2014-08-03,0057,Terra,MODIS,63,6.2,294.2,32.4,D,0
-13.5709,141.7389,316.7,1,1,2014-08-03,0057,Terra,MODIS,65,6.2,298.2,7.4,D,0
-14.6576,142.7935,339.3,1.1,1,2014-08-03,0057,Terra,MODIS,88,6.2,300.7,37.6,D,0
-14.0967,143.5584,310.6,1.2,1.1,2014-08-03,0057,Terra,MODIS,56,6.2,289.6,6.8,D,0
-14.2838,142.6787,323.5,1.1,1,2014-08-03,0057,Terra,MODIS,61,6.2,297.7,14,D,0
-11.3309,131.405,310,4.3,1.9,2014-08-03,0057,Terra,MODIS,15,6.2,290.4,45.5,D,0
-14.2941,142.6169,316.2,1.1,1,2014-08-03,0057,Terra,MODIS,62,6.2,296.4,8.2,D,0
-14.2955,142.6268,323.9,1.1,1,2014-08-03,0057,Terra,MODIS,79,6.2,296.5,16,D,0
-11.9033,132.9218,310.4,3.2,1.7,2014-08-03,0057,Terra,MODIS,18,6.2,294.7,22.2,D,0
-12.389,134.786,325,2.2,1.4,2014-08-03,0057,Terra,MODIS,79,6.2,295.2,57,D,0
-12.2528,135.9176,320.2,1.8,1.3,2014-08-03,0057,Terra,MODIS,71,6.2,295.7,27.5,D,0
-12.2556,135.9342,323.5,1.8,1.3,2014-08-03,0057,Terra,MODIS,68,6.2,295.3,35.3,D,0
-12.3879,134.7712,335.8,2.2,1.5,2014-08-03,0057,Terra,MODIS,88,6.2,295.3,100.9,D,0
-12.1042,136.4736,311.5,1.7,1.3,2014-08-03,0057,Terra,MODIS,49,6.2,292.3,12.7,D,0
-12.104,136.4832,314.2,1.7,1.3,2014-08-03,0057,Terra,MODIS,60,6.2,291.7,16.4,D,0
-12.3913,134.7914,314.7,2.2,1.4,2014-08-03,0057,Terra,MODIS,41,6.2,295,23,D,0
-11.9184,132.9191,314,3.2,1.7,2014-08-03,0057,Terra,MODIS,29,6.2,296,33.7,D,0
-11.9536,132.9426,313.6,3.2,1.7,2014-08-03,0057,Terra,MODIS,38,6.2,295.5,30.7,D,0
-11.9508,132.936,312.8,3.2,1.7,2014-08-03,0057,Terra,MODIS,39,6.2,296,28.2,D,0
-12.3855,134.7658,325.7,2.2,1.5,2014-08-03,0057,Terra,MODIS,80,6.2,294.7,59.8,D,0
-11.9002,133.162,313.6,3,1.7,2014-08-03,0057,Terra,MODIS,63,6.2,293.4,34.6,D,0
-13.1213,135.3833,313.8,2,1.4,2014-08-03,0057,Terra,MODIS,64,6.2,296.6,17,D,0
-11.9151,133.1593,314.6,3,1.7,2014-08-03,0057,Terra,MODIS,66,6.2,293.9,37.8,D,0
-11.8994,133.1564,310.2,3,1.7,2014-08-03,0057,Terra,MODIS,44,6.2,292.9,21.9,D,0
-11.7971,133.3561,310.5,3,1.6,2014-08-03,0057,Terra,MODIS,38,6.2,294.4,20,D,0
-11.9142,133.1537,311.9,3,1.7,2014-08-03,0057,Terra,MODIS,54,6.2,293.3,28.1,D,0
-13.9195,141.6054,328.3,1,1,2014-08-03,0057,Terra,MODIS,0,6.2,299.9,16,D,0
-12.763,132.4454,311.9,3.3,1.7,2014-08-03,0057,Terra,MODIS,51,6.2,295.4,26.4,D,0
-11.9044,133.1838,312.4,3,1.7,2014-08-03,0057,Terra,MODIS,60,6.2,293.8,29.6,D,0
-13.9209,141.6146,332.7,1,1,2014-08-03,0057,Terra,MODIS,65,6.2,299.2,22.6,D,0
-11.7923,133.3292,320.4,3,1.6,2014-08-03,0057,Terra,MODIS,75,6.2,294.8,60.4,D,0
-14.2973,142.707,317.6,1.1,1,2014-08-03,0057,Terra,MODIS,50,6.2,297.9,9,D,0
-11.905,133.1894,309.7,3,1.7,2014-08-03,0057,Terra,MODIS,36,6.2,293.6,19.3,D,0
-13.5696,141.7296,313.6,1,1,2014-08-03,0057,Terra,MODIS,33,6.2,298.5,4.6,D,0
-16.0181,135.502,327.4,1.7,1.3,2014-08-03,0058,Terra,MODIS,81,6.2,301,38,D,0
-16.0006,135.5272,317.3,1.7,1.3,2014-08-03,0058,Terra,MODIS,52,6.2,300.4,15.5,D,0
-15.1987,141.8642,326.8,1,1,2014-08-03,0058,Terra,MODIS,77,6.2,302.9,13.5,D,0
-15.4706,141.9026,320.3,1,1,2014-08-03,0058,Terra,MODIS,49,6.2,300,8.7,D,0
-15.9892,135.5292,330,1.7,1.3,2014-08-03,0058,Terra,MODIS,83,6.2,300.9,45.2,D,0
-15.2001,141.8738,322.7,1,1,2014-08-03,0058,Terra,MODIS,60,6.2,303.4,8.7,D,0
-15.998,135.5218,317.8,1.7,1.3,2014-08-03,0058,Terra,MODIS,24,6.2,300.8,13.8,D,0
-15.9592,136.3863,324.6,1.5,1.2,2014-08-03,0058,Terra,MODIS,78,6.2,300,23.6,D,0
-15.3907,141.9209,323.6,1,1,2014-08-03,0058,Terra,MODIS,64,6.2,296.8,12.1,D,0
-15.057,143.0994,314.6,1.1,1.1,2014-08-03,0058,Terra,MODIS,40,6.2,299.8,6.3,D,0
-15.0435,142.8584,319.1,1.1,1,2014-08-03,0058,Terra,MODIS,68,6.2,301.1,9.9,D,0
-16.0142,136.4265,315.2,1.5,1.2,2014-08-03,0058,Terra,MODIS,58,6.2,301,10.3,D,0
-15.3829,141.9318,321.4,1,1,2014-08-03,0058,Terra,MODIS,35,6.2,296,10,D,0
-15.9621,136.3797,324.2,1.5,1.2,2014-08-03,0058,Terra,MODIS,73,6.2,300.9,21.8,D,0
-15.6319,144.7387,321,1.4,1.2,2014-08-03,0058,Terra,MODIS,74,6.2,296.1,25.5,D,0
-15.1054,141.8549,347.3,1,1,2014-08-03,0058,Terra,MODIS,93,6.2,305,46.5,D,0
-16.4516,144.2513,316.3,1.4,1.2,2014-08-03,0058,Terra,MODIS,46,6.2,302.1,8.4,D,0
-14.8796,143.0731,327.8,1.1,1.1,2014-08-03,0058,Terra,MODIS,80,6.2,299.4,22.8,D,0
-16.3828,136.8513,312.9,1.4,1.2,2014-08-03,0058,Terra,MODIS,54,6.2,300.1,7.9,D,0
-16.3932,136.8495,314.3,1.4,1.2,2014-08-03,0058,Terra,MODIS,61,6.2,300.7,9.4,D,0
-14.8782,143.0626,316.3,1.1,1.1,2014-08-03,0058,Terra,MODIS,47,6.2,297.7,8.5,D,0
-16.4429,136.9118,313.8,1.3,1.1,2014-08-03,0058,Terra,MODIS,29,6.2,299.9,7.6,D,0
-15.0794,141.8685,321.5,1,1,2014-08-03,0058,Terra,MODIS,56,6.2,301.7,9.8,D,0
-16.4532,144.264,323.2,1.4,1.2,2014-08-03,0058,Terra,MODIS,75,6.2,301,19.3,D,0
-15.1131,141.8441,321.3,1,1,2014-08-03,0058,Terra,MODIS,23,6.2,302.8,7.1,D,0
-15.1077,141.8061,323,1,1,2014-08-03,0058,Terra,MODIS,60,6.2,304.7,8.3,D,0
-15.1067,141.8644,328.1,1,1,2014-08-03,0058,Terra,MODIS,71,6.2,302,15.9,D,0
-14.881,143.0835,321.6,1.1,1.1,2014-08-03,0058,Terra,MODIS,61,6.2,299.3,13.8,D,0
-14.8838,143.1044,318.5,1.1,1.1,2014-08-03,0058,Terra,MODIS,35,6.2,298.1,10,D,0
-14.8853,143.1148,319.9,1.1,1.1,2014-08-03,0058,Terra,MODIS,67,6.2,297.8,12.9,D,0
-13.9035,136.7778,322.6,1.5,1.2,2014-08-03,0058,Terra,MODIS,67,6.2,296.1,24.8,D,0
-13.9078,136.7845,323.1,1.5,1.2,2014-08-03,0058,Terra,MODIS,0,6.2,296,23.5,D,0
-20.7316,139.4834,324.4,1,1,2014-08-03,0059,Terra,MODIS,79,6.2,299.3,15.6,D,2
-20.7302,139.4739,327.7,1,1,2014-08-03,0059,Terra,MODIS,77,6.2,300.4,19.4,D,2
-20.7392,139.4724,314.8,1,1,2014-08-03,0059,Terra,MODIS,40,6.2,299.6,6.4,D,2
-24.8396,147.0623,308.9,2.8,1.6,2014-08-03,0100,Terra,MODIS,62,6.2,293.1,35.9,D,0
-24.8542,147.061,328.9,2.8,1.6,2014-08-03,0100,Terra,MODIS,85,6.2,292.6,119.5,D,0
-29.3524,148.3518,335.2,3.9,1.8,2014-08-03,0101,Terra,MODIS,89,6.2,294.4,244.1,D,0
-29.3764,148.3844,312.8,3.9,1.8,2014-08-03,0101,Terra,MODIS,72,6.2,293.4,67.5,D,0
-29.3571,148.345,338.6,3.9,1.8,2014-08-03,0101,Terra,MODIS,91,6.2,294.7,277.2,D,0
-29.3739,148.3437,332.7,3.9,1.8,2014-08-03,0101,Terra,MODIS,88,6.2,293.2,215.7,D,0
-29.3691,148.3506,342.4,3.9,1.8,2014-08-03,0101,Terra,MODIS,93,6.2,293.8,327.1,D,0
-29.3497,148.3114,312,3.9,1.8,2014-08-03,0101,Terra,MODIS,71,6.2,292.8,63.1,D,0
-29.3718,148.3912,306.2,3.9,1.8,2014-08-03,0101,Terra,MODIS,54,6.2,293.1,35.4,D,0
-33.0086,137.5795,300.4,1,1,2014-08-03,0103,Terra,MODIS,22,6.2,289.8,3.2,D,0
-33.001,137.5922,303,1,1,2014-08-03,0103,Terra,MODIS,32,6.2,290,4.5,D,0
-17.8242,123.5475,314.7,2.8,1.6,2014-08-03,0237,Terra,MODIS,32,6.2,300.1,21,D,0
-17.4326,123.1305,325.9,2.6,1.5,2014-08-03,0237,Terra,MODIS,78,6.2,302.1,62.9,D,0
-17.805,123.5303,315.3,2.8,1.6,2014-08-03,0237,Terra,MODIS,16,6.2,301.6,23.8,D,0
-17.4273,123.1381,325.7,2.6,1.5,2014-08-03,0237,Terra,MODIS,77,6.2,302.2,60.8,D,0
-17.4491,123.1532,317,2.6,1.5,2014-08-03,0237,Terra,MODIS,38,6.2,303.5,28.1,D,0
-17.4352,123.1548,319.7,2.6,1.5,2014-08-03,0237,Terra,MODIS,58,6.2,303.5,36.4,D,0
-17.8222,123.5547,317.2,2.8,1.6,2014-08-03,0237,Terra,MODIS,56,6.2,301.1,30.9,D,0
-16.501,123.734,316.9,2.8,1.6,2014-08-03,0237,Terra,MODIS,52,6.2,297.3,37.3,D,0
-17.8071,123.5231,315.8,2.8,1.6,2014-08-03,0237,Terra,MODIS,36,6.2,301,26,D,0
-18.7927,121.9269,319.8,2.2,1.4,2014-08-03,0237,Terra,MODIS,66,6.2,299,27.9,D,0
-18.7904,121.9063,328.4,2.2,1.4,2014-08-03,0237,Terra,MODIS,81,6.2,302.1,56.8,D,0
-20.8215,119.2209,318.1,1.5,1.2,2014-08-03,0238,Terra,MODIS,68,6.2,302.1,14.9,D,0
-20.385,118.9452,321.2,1.4,1.2,2014-08-03,0238,Terra,MODIS,41,6.2,304.6,14.6,D,0
-20.3893,118.9381,326.3,1.4,1.2,2014-08-03,0238,Terra,MODIS,79,6.2,304.9,24.4,D,0
-20.3909,118.9516,317,1.4,1.2,2014-08-03,0238,Terra,MODIS,65,6.2,304,10.4,D,0
-21.846,119.2073,313.6,1.5,1.2,2014-08-03,0238,Terra,MODIS,65,6.2,299.5,13.6,D,0
-21.8477,119.2222,310,1.5,1.2,2014-08-03,0238,Terra,MODIS,55,6.2,298.4,8.7,D,0
-20.3798,118.905,324.2,1.4,1.2,2014-08-03,0238,Terra,MODIS,30,6.2,304.9,19.3,D,0
-20.386,118.9113,322.1,1.4,1.2,2014-08-03,0238,Terra,MODIS,32,6.2,305.2,15.8,D,0
-20.6318,119.0731,318.8,1.4,1.2,2014-08-03,0238,Terra,MODIS,68,6.2,303.4,16.3,D,0
-20.8232,119.2352,319,1.5,1.2,2014-08-03,0238,Terra,MODIS,70,6.2,302.8,16.6,D,0
-21.3749,119.5606,310.8,1.6,1.2,2014-08-03,0238,Terra,MODIS,36,6.2,300.3,8,D,0
-21.4311,119.5534,313.2,1.6,1.2,2014-08-03,0238,Terra,MODIS,61,6.2,300.8,11.7,D,0
-21.624,120.5379,328.7,1.9,1.3,2014-08-03,0238,Terra,MODIS,82,6.2,299.9,55.9,D,0
-21.6099,120.5213,364.4,1.9,1.3,2014-08-03,0238,Terra,MODIS,100,6.2,303.6,230.4,D,0
-21.5449,120.5356,317.7,1.9,1.3,2014-08-03,0238,Terra,MODIS,28,6.2,300.8,21.1,D,0
-21.5388,120.4818,330.8,1.9,1.3,2014-08-03,0238,Terra,MODIS,80,6.2,301.4,56.7,D,0
-21.5833,120.5489,327.1,1.9,1.3,2014-08-03,0238,Terra,MODIS,53,6.2,300.6,42.3,D,0
-21.6079,120.5034,347.7,1.9,1.3,2014-08-03,0238,Terra,MODIS,94,6.2,298.9,128.4,D,0
-21.5897,120.5609,333.3,1.9,1.3,2014-08-03,0238,Terra,MODIS,86,6.2,300.7,65.4,D,0
-22.1321,119.5068,334.2,1.6,1.3,2014-08-03,0238,Terra,MODIS,87,6.2,300.8,57.1,D,0
-22.1095,119.5098,314.8,1.6,1.3,2014-08-03,0238,Terra,MODIS,39,6.2,298.7,14.9,D,0
-22.119,119.4926,331.6,1.6,1.3,2014-08-03,0238,Terra,MODIS,77,6.2,299.8,48.7,D,0
-22.217,115.4669,315.4,1,1,2014-08-03,0238,Terra,MODIS,61,6.2,303.8,6.9,D,0
-22.2184,115.4768,317.9,1,1,2014-08-03,0238,Terra,MODIS,69,6.2,302.2,9.2,D,0
-22.1303,119.4911,353.5,1.6,1.3,2014-08-03,0238,Terra,MODIS,97,6.2,301.6,129.1,D,0
-22.1416,119.4895,320.2,1.6,1.3,2014-08-03,0238,Terra,MODIS,75,6.2,298.3,26.3,D,0
-22.1434,119.5053,334.8,1.6,1.3,2014-08-03,0238,Terra,MODIS,87,6.2,300,61.9,D,0
-21.565,120.4964,367.9,1.9,1.3,2014-08-03,0238,Terra,MODIS,100,6.2,306,252.3,D,0
-21.5629,120.4787,349,1.9,1.3,2014-08-03,0238,Terra,MODIS,95,6.2,300.4,133.6,D,0
-21.577,120.495,394.5,1.9,1.3,2014-08-03,0238,Terra,MODIS,100,6.2,304,535,D,0
-21.5791,120.5129,366.5,1.9,1.3,2014-08-03,0238,Terra,MODIS,100,6.2,303.7,241.3,D,0
-21.5697,120.4902,389.3,1.9,1.3,2014-08-03,0238,Terra,MODIS,100,6.2,306.2,466.7,D,0
-21.5716,120.508,381.6,1.9,1.3,2014-08-03,0238,Terra,MODIS,100,6.2,307.2,376.2,D,0
-21.5837,120.5066,341.2,1.9,1.3,2014-08-03,0238,Terra,MODIS,86,6.2,299.9,91.1,D,0
-22.0982,119.5113,318,1.6,1.3,2014-08-03,0238,Terra,MODIS,62,6.2,298.8,20.7,D,0
-22.0964,119.4956,334.9,1.6,1.3,2014-08-03,0238,Terra,MODIS,87,6.2,300.3,60.7,D,0
-22.0978,119.502,336.6,1.6,1.3,2014-08-03,0238,Terra,MODIS,88,6.2,300.4,65.1,D,0
-22.0959,119.4863,320.3,1.6,1.2,2014-08-03,0238,Terra,MODIS,54,6.2,298.9,24.3,D,0
-21.5857,120.5246,322,1.9,1.3,2014-08-03,0238,Terra,MODIS,32,6.2,300.6,27.8,D,0
-21.5958,120.505,341.2,1.9,1.3,2014-08-03,0238,Terra,MODIS,89,6.2,300.2,93.9,D,0
-22.07,119.272,313.7,1.6,1.2,2014-08-03,0238,Terra,MODIS,60,6.2,299.3,12.7,D,0
-22.0718,119.2871,311.6,1.6,1.2,2014-08-03,0238,Terra,MODIS,43,6.2,299.2,9.5,D,0
-22.0719,119.2805,315.8,1.6,1.2,2014-08-03,0238,Terra,MODIS,69,6.2,299.3,16.9,D,0
-21.5978,120.523,351.9,1.9,1.3,2014-08-03,0238,Terra,MODIS,96,6.2,304.1,145.5,D,0
-33.8276,119.249,301,2.2,1.4,2014-08-03,0242,Terra,MODIS,43,6.2,287.1,15.4,D,0
-35.6702,150.014,300.9,1.4,1.2,2014-08-03,0340,Aqua,MODIS,43,6.2,285.9,9.5,D,0
-36.1924,149.7083,300.1,1.5,1.2,2014-08-03,0340,Aqua,MODIS,29,6.2,288.6,9,D,0
-35.8702,150.0949,307.1,1.4,1.2,2014-08-03,0340,Aqua,MODIS,65,6.2,286.7,14.9,D,0
-35.3737,149.9371,304,1.4,1.2,2014-08-03,0340,Aqua,MODIS,58,6.2,286.3,12,D,0
-35.8657,150.0878,314.9,1.4,1.2,2014-08-03,0340,Aqua,MODIS,75,6.2,287.1,23.1,D,0
-35.8718,150.0794,304.3,1.4,1.2,2014-08-03,0340,Aqua,MODIS,58,6.2,286.6,11.9,D,0
-31.3743,149.6927,305.2,1.3,1.1,2014-08-03,0341,Aqua,MODIS,57,6.2,289.7,8.7,D,0
-34.0303,151.001,315.3,1.2,1.1,2014-08-03,0341,Aqua,MODIS,65,6.2,285.9,18.1,D,0
-34.0289,151.0084,304.1,1.2,1.1,2014-08-03,0341,Aqua,MODIS,55,6.2,286.8,8.6,D,0
-34.4593,150.8826,311.9,1.2,1.1,2014-08-03,0341,Aqua,MODIS,0,6.2,292.9,12.5,D,2
-34.0305,150.9955,305.2,1.2,1.1,2014-08-03,0341,Aqua,MODIS,46,6.2,283.8,9.9,D,0
-31.7891,148.4735,302.8,1.5,1.2,2014-08-03,0341,Aqua,MODIS,54,6.2,292.6,6.6,D,0
-28.7318,148.7877,315.8,1.3,1.1,2014-08-03,0342,Aqua,MODIS,69,6.2,297.7,14.5,D,0
-28.7333,148.7739,311.5,1.3,1.1,2014-08-03,0342,Aqua,MODIS,60,6.2,299.8,8.7,D,0
-29.3687,148.3614,423,1.4,1.2,2014-08-03,0342,Aqua,MODIS,100,6.2,312,712.1,D,0
-29.5311,152.8741,323.5,1,1,2014-08-03,0342,Aqua,MODIS,82,6.2,285.5,20.6,D,0
-29.8351,152.8009,311.4,1,1,2014-08-03,0342,Aqua,MODIS,65,6.2,282.8,11.5,D,0
-27.8316,153.1149,311.1,1,1,2014-08-03,0342,Aqua,MODIS,54,6.2,292.8,8.6,D,0
-29.0189,151.5363,306.6,1,1,2014-08-03,0342,Aqua,MODIS,50,6.2,291.2,7,D,0
-29.3671,148.3764,347.7,1.4,1.2,2014-08-03,0342,Aqua,MODIS,94,6.2,300,86.9,D,0
-30.0171,152.9435,302.7,1,1,2014-08-03,0342,Aqua,MODIS,53,6.2,279.9,6.7,D,0
-29.8902,152.9986,317.3,1,1,2014-08-03,0342,Aqua,MODIS,70,6.2,286,14.1,D,0
-29.3704,148.3464,371.4,1.5,1.2,2014-08-03,0342,Aqua,MODIS,100,6.2,304.4,196,D,0
-29.3505,148.3283,320.2,1.5,1.2,2014-08-03,0342,Aqua,MODIS,75,6.2,300.2,20.9,D,0
-30.0156,152.9539,309.1,1,1,2014-08-03,0342,Aqua,MODIS,68,6.2,279.7,10.8,D,0
-27.9208,148.7926,313.1,1.3,1.1,2014-08-03,0342,Aqua,MODIS,66,6.2,298.4,11.1,D,0
-29.8422,153.0107,310.2,1,1,2014-08-03,0342,Aqua,MODIS,53,6.2,288.7,8.5,D,0
-29.3488,148.3433,319.5,1.5,1.2,2014-08-03,0342,Aqua,MODIS,74,6.2,300.3,19.3,D,0
-29.3779,148.3779,315.2,1.4,1.2,2014-08-03,0342,Aqua,MODIS,66,6.2,299.8,12.8,D,0
-27.8331,153.1046,313.7,1,1,2014-08-03,0342,Aqua,MODIS,69,6.2,291.9,10.7,D,0
-29.3795,148.3629,354,1.4,1.2,2014-08-03,0342,Aqua,MODIS,97,6.2,301.1,112.4,D,0
-29.3685,152.2634,303.8,1,1,2014-08-03,0342,Aqua,MODIS,31,6.2,281.5,5.6,D,0
-29.3613,148.3298,329.4,1.5,1.2,2014-08-03,0342,Aqua,MODIS,68,6.2,300.8,35.8,D,0
-29.9124,153.0936,333.1,1,1,2014-08-03,0342,Aqua,MODIS,77,6.2,283.1,31.8,D,0
-29.8453,153.0538,306.8,1,1,2014-08-03,0342,Aqua,MODIS,48,6.2,287.3,6.9,D,0
-29.9511,152.9522,309.9,1,1,2014-08-03,0342,Aqua,MODIS,67,6.2,281.9,10.1,D,0
-29.9039,153.0968,311.2,1,1,2014-08-03,0342,Aqua,MODIS,40,6.2,279.4,11.6,D,0
-29.3596,148.3448,334.6,1.5,1.2,2014-08-03,0342,Aqua,MODIS,79,6.2,301.3,46.9,D,0
-27.7993,147.4197,312.1,1.6,1.2,2014-08-03,0343,Aqua,MODIS,62,6.2,299.6,11.1,D,0
-27.7976,147.4358,312.9,1.6,1.2,2014-08-03,0343,Aqua,MODIS,64,6.2,300.3,12.6,D,0
-26.3624,151.8877,306.7,1,1,2014-08-03,0343,Aqua,MODIS,27,6.2,294.1,4.3,D,0
-24.8463,147.0613,321.1,1.5,1.2,2014-08-03,0343,Aqua,MODIS,75,6.2,299,27.8,D,0
-24.848,147.0462,314.7,1.5,1.2,2014-08-03,0343,Aqua,MODIS,65,6.2,298.6,16.8,D,0
-26.2415,151.6384,306.3,1,1,2014-08-03,0343,Aqua,MODIS,25,6.2,289.2,5.3,D,0
-26.5384,150.1151,338.5,1.1,1,2014-08-03,0343,Aqua,MODIS,90,6.2,299,41.9,D,0
-26.5398,150.1041,366.5,1.1,1,2014-08-03,0343,Aqua,MODIS,100,6.2,301.9,116,D,0
-26.5413,150.0932,332.8,1.1,1,2014-08-03,0343,Aqua,MODIS,86,6.2,297,33,D,0
-26.5304,150.1026,333.4,1.1,1,2014-08-03,0343,Aqua,MODIS,87,6.2,300.5,33,D,0
-26.5318,150.0916,347.1,1.1,1,2014-08-03,0343,Aqua,MODIS,94,6.2,300.7,60.4,D,0
-22.5844,150.3863,309.4,1,1,2014-08-03,0344,Aqua,MODIS,41,6.2,292,8.5,D,0
-23.3134,150.6956,315.6,1,1,2014-08-03,0344,Aqua,MODIS,64,6.2,300.3,9.6,D,0
-23.512,148.1642,316.8,1.3,1.1,2014-08-03,0344,Aqua,MODIS,64,6.2,301.7,9.2,D,0
-23.5135,148.1519,313.3,1.3,1.1,2014-08-03,0344,Aqua,MODIS,46,6.2,301.9,5,D,0
-22.8109,150.5462,331.7,1,1,2014-08-03,0344,Aqua,MODIS,85,6.2,295,28.8,D,0
-22.6468,150.6041,320.9,1,1,2014-08-03,0344,Aqua,MODIS,71,6.2,291.6,15,D,0
-23.6755,150.3922,314.6,1,1,2014-08-03,0344,Aqua,MODIS,64,6.2,300.1,8.7,D,0
-22.6454,150.6139,316.6,1,1,2014-08-03,0344,Aqua,MODIS,39,6.2,293.2,10.8,D,0
-19.5904,146.3758,322.6,1.4,1.2,2014-08-03,0345,Aqua,MODIS,77,6.2,297.2,26.9,D,0
-19.5592,146.2733,337.9,1.5,1.2,2014-08-03,0345,Aqua,MODIS,0,6.2,291,63.7,D,0
-19.5484,146.2719,313,1.5,1.2,2014-08-03,0345,Aqua,MODIS,32,6.2,295.3,13.8,D,0
-19.5002,146.273,314.3,1.5,1.2,2014-08-03,0345,Aqua,MODIS,41,6.2,292.8,14.6,D,0
-19.4275,146.3334,320.7,1.4,1.2,2014-08-03,0345,Aqua,MODIS,53,6.2,295.8,24.6,D,0
-19.4245,146.3276,314.8,1.4,1.2,2014-08-03,0345,Aqua,MODIS,40,6.2,295.7,17.7,D,0
-19.4229,146.341,317.8,1.4,1.2,2014-08-03,0345,Aqua,MODIS,58,6.2,295,21.8,D,0
-14.1792,143.6114,318.8,1.9,1.3,2014-08-03,0346,Aqua,MODIS,49,6.2,294.9,26.4,D,0
-14.1085,143.5845,316.9,1.9,1.3,2014-08-03,0346,Aqua,MODIS,70,6.2,292.6,22.4,D,0
-14.1048,143.5791,312,1.9,1.3,2014-08-03,0346,Aqua,MODIS,49,6.2,290.9,12.5,D,0
-14.8845,143.0614,316,2.1,1.4,2014-08-03,0346,Aqua,MODIS,70,6.2,280.6,34.2,D,0
-15.2145,141.8288,317.4,2.7,1.6,2014-08-03,0346,Aqua,MODIS,59,6.2,294,28.9,D,0
-15.4688,141.9465,321.1,2.7,1.6,2014-08-03,0346,Aqua,MODIS,73,6.2,294.9,43.9,D,0
-15.2118,141.8538,322.3,2.7,1.6,2014-08-03,0346,Aqua,MODIS,76,6.2,296.1,48.3,D,0
-15.466,141.9712,316.6,2.7,1.6,2014-08-03,0346,Aqua,MODIS,66,6.2,296.2,28.5,D,0
-15.2084,141.8489,321.7,2.7,1.6,2014-08-03,0346,Aqua,MODIS,75,6.2,294.3,41.8,D,0
-13.971,143.5193,317,1.9,1.4,2014-08-03,0346,Aqua,MODIS,73,6.2,294.4,23.4,D,0
-15.6696,144.7471,311.6,1.6,1.3,2014-08-03,0346,Aqua,MODIS,51,6.2,293.7,15.3,D,0
-15.4733,141.9543,325.8,2.7,1.6,2014-08-03,0346,Aqua,MODIS,79,6.2,294.6,64.6,D,0
-30.8731,121.4787,308.7,2.1,1.4,2014-08-03,0521,Aqua,MODIS,62,6.2,296.3,14.7,D,2
-30.8712,121.4939,312.1,2.1,1.4,2014-08-03,0521,Aqua,MODIS,68,6.2,296.8,20.1,D,2
-30.8712,121.5008,307.2,2.1,1.4,2014-08-03,0521,Aqua,MODIS,50,6.2,296.9,11.7,D,2
-24.8186,128.1259,321.3,1,1,2014-08-03,0522,Aqua,MODIS,70,6.2,302,12.2,D,0
-24.8352,128.0772,317.2,1,1,2014-08-03,0522,Aqua,MODIS,62,6.2,305.8,7.6,D,0
-24.9546,126.5457,317.4,1,1,2014-08-03,0522,Aqua,MODIS,58,6.2,306.6,6.7,D,0
-22.1199,119.465,344.7,2.2,1.4,2014-08-03,0523,Aqua,MODIS,92,6.2,303.2,140.2,D,0
-21.5963,120.4874,375.2,1.9,1.3,2014-08-03,0523,Aqua,MODIS,100,6.2,309.2,308.1,D,0
-22.9336,120.1275,318.9,2.1,1.4,2014-08-03,0523,Aqua,MODIS,68,6.2,303.4,25.5,D,0
-22.1352,119.4451,324.3,2.2,1.5,2014-08-03,0523,Aqua,MODIS,77,6.2,301.2,49.5,D,0
-22.1439,119.4897,325.1,2.2,1.4,2014-08-03,0523,Aqua,MODIS,41,6.2,303.7,47.2,D,0
-22.1078,119.4801,323.1,2.2,1.4,2014-08-03,0523,Aqua,MODIS,45,6.2,302.6,40.9,D,0
-22.1055,119.5015,328.5,2.2,1.4,2014-08-03,0523,Aqua,MODIS,81,6.2,302.9,61.1,D,0
-21.5903,120.5412,317.3,1.8,1.3,2014-08-03,0523,Aqua,MODIS,25,6.2,304.4,14.3,D,0
-21.5823,120.5038,324.4,1.8,1.3,2014-08-03,0523,Aqua,MODIS,76,6.2,304.3,30,D,0
-22.9333,120.1227,323,2.1,1.4,2014-08-03,0523,Aqua,MODIS,75,6.2,303.6,38.3,D,0
-22.1025,119.5064,319.6,2.2,1.4,2014-08-03,0523,Aqua,MODIS,67,6.2,302.2,31.8,D,0
-21.5843,120.4857,349.1,1.9,1.3,2014-08-03,0523,Aqua,MODIS,94,6.2,304.1,127.6,D,0
-22.24,123.8466,319.6,1.2,1.1,2014-08-03,0523,Aqua,MODIS,63,6.2,305.6,9.6,D,0
-22.0758,119.2758,314.7,2.3,1.5,2014-08-03,0523,Aqua,MODIS,59,6.2,301.9,23,D,0
-21.5943,120.5054,354.6,1.8,1.3,2014-08-03,0523,Aqua,MODIS,97,6.2,306.2,151.6,D,0
-21.9026,119.1986,316.8,2.3,1.5,2014-08-03,0523,Aqua,MODIS,64,6.2,302.6,28.4,D,0
-22.1047,119.4849,330.3,2.2,1.4,2014-08-03,0523,Aqua,MODIS,75,6.2,303.5,67.3,D,0
-22.133,119.4668,340.4,2.2,1.4,2014-08-03,0523,Aqua,MODIS,90,6.2,304,115.9,D,0
-22.1308,119.4881,331.7,2.2,1.4,2014-08-03,0523,Aqua,MODIS,57,6.2,303.2,70.1,D,0
-20.8259,119.2212,346.2,2.2,1.4,2014-08-03,0523,Aqua,MODIS,93,6.2,309,143.7,D,0
-20.0759,127.447,346.9,1.1,1,2014-08-03,0523,Aqua,MODIS,93,6.2,308.9,48.4,D,0
-20.0775,127.437,351.6,1.1,1,2014-08-03,0523,Aqua,MODIS,95,6.2,310.4,58.7,D,0
-20.079,127.427,327.5,1.1,1,2014-08-03,0523,Aqua,MODIS,70,6.2,306.6,15.8,D,0
-20.8151,119.1981,323.3,2.2,1.5,2014-08-03,0523,Aqua,MODIS,72,6.2,307.5,36.8,D,0
-20.8358,119.2273,328,2.2,1.4,2014-08-03,0523,Aqua,MODIS,78,6.2,306.1,54.6,D,0
-20.8282,119.1997,337.2,2.2,1.5,2014-08-03,0523,Aqua,MODIS,87,6.2,307.1,94.2,D,0
-20.5329,127.2343,330.6,1,1,2014-08-03,0523,Aqua,MODIS,79,6.2,305.7,18.6,D,0
-20.5223,127.2425,323.2,1,1,2014-08-03,0523,Aqua,MODIS,13,6.2,306.8,8.4,D,0
-20.3572,127.3032,321.4,1,1,2014-08-03,0523,Aqua,MODIS,65,6.2,307.7,7.6,D,0
-20.5376,127.2654,328.2,1,1,2014-08-03,0523,Aqua,MODIS,66,6.2,307.2,15.4,D,0
-20.5314,127.2441,350.4,1,1,2014-08-03,0523,Aqua,MODIS,95,6.2,307.9,52.6,D,0
-20.5208,127.2524,328.6,1,1,2014-08-03,0523,Aqua,MODIS,74,6.2,307.7,15.2,D,0
-20.5406,127.2457,370.9,1,1,2014-08-03,0523,Aqua,MODIS,100,6.2,310.3,112.4,D,0
-20.5391,127.2555,361.2,1,1,2014-08-03,0523,Aqua,MODIS,100,6.2,310.5,81,D,0
-20.53,127.254,369.7,1,1,2014-08-03,0523,Aqua,MODIS,100,6.2,308.6,107.7,D,0
-20.542,127.2358,343,1,1,2014-08-03,0523,Aqua,MODIS,90,6.2,305.1,39.1,D,0
-21.6063,120.5071,341.9,1.8,1.3,2014-08-03,0523,Aqua,MODIS,90,6.2,305.8,87.5,D,0
-21.6228,120.5142,336.2,1.8,1.3,2014-08-03,0523,Aqua,MODIS,87,6.2,305,71.8,D,0
-21.6328,120.5337,331.9,1.8,1.3,2014-08-03,0523,Aqua,MODIS,83,6.2,304.3,56.8,D,0
-21.6303,120.51,325.3,1.8,1.3,2014-08-03,0523,Aqua,MODIS,72,6.2,302.6,37.1,D,0
-21.5883,120.5587,322.6,1.8,1.3,2014-08-03,0523,Aqua,MODIS,73,6.2,303.6,28.8,D,0
-21.6282,120.5281,324.9,1.8,1.3,2014-08-03,0523,Aqua,MODIS,70,6.2,304.6,35.3,D,0
-21.6127,120.4947,332.2,1.9,1.3,2014-08-03,0523,Aqua,MODIS,81,6.2,304.9,57.4,D,0
-21.6247,120.4963,322.9,1.9,1.3,2014-08-03,0523,Aqua,MODIS,63,6.2,301.9,32,D,0
-21.6183,120.5086,338,1.8,1.3,2014-08-03,0523,Aqua,MODIS,88,6.2,304.8,75.1,D,0
-21.6083,120.4892,363.7,1.9,1.3,2014-08-03,0523,Aqua,MODIS,100,6.2,307.3,213.9,D,0
-16.1239,135.4774,314.4,4.2,1.9,2014-08-03,0524,Aqua,MODIS,53,6.2,299.4,34.7,D,0
-15.381,134.2551,322.7,3.5,1.8,2014-08-03,0524,Aqua,MODIS,71,6.2,298.7,75.3,D,0
-16.447,135.6119,316,4.2,1.9,2014-08-03,0524,Aqua,MODIS,66,6.2,299,50.3,D,0
-16.4436,135.6032,315.2,4.2,1.9,2014-08-03,0524,Aqua,MODIS,63,6.2,298.7,44.9,D,0
-18.7996,121.8585,320.7,1.4,1.2,2014-08-03,0524,Aqua,MODIS,44,6.2,302.6,12.4,D,0
-15.3747,134.2626,321,3.5,1.8,2014-08-03,0524,Aqua,MODIS,62,6.2,298.4,60.4,D,0
-17.4035,123.0762,333.2,1.1,1.1,2014-08-03,0524,Aqua,MODIS,62,6.2,298.4,25.5,D,0
-16.5155,123.7508,349.2,1,1,2014-08-03,0524,Aqua,MODIS,94,6.2,307.5,51.9,D,0
-17.8127,123.5169,334.8,1.1,1,2014-08-03,0524,Aqua,MODIS,83,6.2,310.8,24.6,D,0
-17.8221,123.5183,326.4,1.1,1,2014-08-03,0524,Aqua,MODIS,49,6.2,306.5,11.9,D,0
-17.8207,123.5286,335.3,1.1,1,2014-08-03,0524,Aqua,MODIS,81,6.2,309.1,24.9,D,0
-17.826,123.5608,332.3,1.1,1,2014-08-03,0524,Aqua,MODIS,69,6.2,311.1,18.6,D,0
-16.4731,123.6686,327.3,1.1,1,2014-08-03,0524,Aqua,MODIS,55,6.2,305.5,13.6,D,0
-16.4801,123.6652,324.3,1.1,1,2014-08-03,0524,Aqua,MODIS,23,6.2,305,9.2,D,0
-16.4506,123.6953,323.9,1.1,1,2014-08-03,0524,Aqua,MODIS,49,6.2,305.8,11.4,D,0
-17.4021,123.0868,337.8,1.1,1.1,2014-08-03,0524,Aqua,MODIS,64,6.2,302.2,32.4,D,0
-17.413,123.0776,400.5,1.1,1.1,2014-08-03,0524,Aqua,MODIS,100,6.2,312.7,292.4,D,0
-17.4116,123.0882,414.6,1.1,1.1,2014-08-03,0524,Aqua,MODIS,100,6.2,320.5,404.8,D,0
-17.4102,123.0988,351.3,1.1,1.1,2014-08-03,0524,Aqua,MODIS,95,6.2,307.5,60.8,D,0
-17.4211,123.0896,338.5,1.1,1.1,2014-08-03,0524,Aqua,MODIS,87,6.2,299.8,33,D,0
-17.4197,123.1002,330.6,1.1,1.1,2014-08-03,0524,Aqua,MODIS,56,6.2,304.3,18.5,D,0
-16.4389,123.6435,331.2,1.1,1,2014-08-03,0524,Aqua,MODIS,72,6.2,305.6,22.2,D,0
-16.4375,123.6533,326.4,1.1,1,2014-08-03,0524,Aqua,MODIS,29,6.2,304.5,14.5,D,0
-16.4454,123.6646,331.4,1.1,1,2014-08-03,0524,Aqua,MODIS,54,6.2,306.8,19.9,D,0
-16.509,123.7297,322.2,1.1,1,2014-08-03,0524,Aqua,MODIS,52,6.2,307,7.7,D,0
-16.5168,123.7409,338.8,1.1,1,2014-08-03,0524,Aqua,MODIS,87,6.2,307.6,31.2,D,0
-17.0345,122.5384,324.8,1.2,1.1,2014-08-03,0524,Aqua,MODIS,38,6.2,302.9,14.3,D,0
-14.7777,134.6694,319.8,3.9,1.8,2014-08-03,0524,Aqua,MODIS,66,6.2,294.3,83.7,D,0
-15.9689,135.5119,319.7,4.3,1.9,2014-08-03,0524,Aqua,MODIS,69,6.2,300.2,71.4,D,0
-16.2096,135.9706,316.2,4.5,2,2014-08-03,0524,Aqua,MODIS,63,6.2,300.2,47.1,D,0
-16.1129,135.5078,315.6,4.2,1.9,2014-08-03,0524,Aqua,MODIS,57,6.2,300.3,42.5,D,0
-15.9698,135.5173,319,4.3,1.9,2014-08-03,0524,Aqua,MODIS,69,6.2,300,66.5,D,0
-14.7714,134.6603,319.9,3.9,1.8,2014-08-03,0524,Aqua,MODIS,67,6.2,294.6,84.2,D,0
-17.5542,123.7506,322.2,1.1,1,2014-08-03,0524,Aqua,MODIS,32,6.2,303.5,8.4,D,0
-17.5713,123.7382,334.6,1.1,1,2014-08-03,0524,Aqua,MODIS,83,6.2,306.9,20,D,0
-17.5648,123.742,340.9,1.1,1,2014-08-03,0524,Aqua,MODIS,89,6.2,309,35,D,0
-17.57,123.7482,335.9,1.1,1,2014-08-03,0524,Aqua,MODIS,85,6.2,306.7,23.4,D,0
-14.0494,130.0137,324.9,1.8,1.3,2014-08-03,0525,Aqua,MODIS,71,6.2,304,28.5,D,0
-14.0548,130.0201,325.2,1.8,1.3,2014-08-03,0525,Aqua,MODIS,52,6.2,304.6,25.1,D,0
-13.8239,129.8271,339.8,1.8,1.3,2014-08-03,0525,Aqua,MODIS,88,6.2,303.4,76.6,D,0
-14.9374,125.7366,322.4,1,1,2014-08-03,0525,Aqua,MODIS,49,6.2,306.7,7.1,D,0
-13.1263,130.3614,327.7,2,1.4,2014-08-03,0525,Aqua,MODIS,69,6.2,305.5,39,D,0
-15.3945,128.2383,330.4,1.3,1.1,2014-08-03,0525,Aqua,MODIS,77,6.2,306,20.3,D,0
-13.1386,130.3636,325.6,2,1.4,2014-08-03,0525,Aqua,MODIS,58,6.2,303.2,33.6,D,0
-13.1418,130.3712,319.9,2,1.4,2014-08-03,0525,Aqua,MODIS,36,6.2,302.9,19.9,D,0
-15.4027,128.252,337,1.3,1.1,2014-08-03,0525,Aqua,MODIS,84,6.2,305.6,35.2,D,0
-13.8122,129.8251,328.3,1.8,1.3,2014-08-03,0525,Aqua,MODIS,61,6.2,302.6,39.8,D,0
-15.3844,128.2366,346.6,1.3,1.1,2014-08-03,0525,Aqua,MODIS,92,6.2,305.8,57.4,D,0
-15.43,128.2625,322.2,1.3,1.1,2014-08-03,0525,Aqua,MODIS,18,6.2,305.3,10.5,D,0
-15.4008,128.264,333.2,1.3,1.1,2014-08-03,0525,Aqua,MODIS,59,6.2,305.3,28.6,D,0
-11.623,130.2381,326.7,2.1,1.4,2014-08-03,0525,Aqua,MODIS,74,6.2,299,44.2,D,0
-11.6228,130.2436,320.5,2.1,1.4,2014-08-03,0525,Aqua,MODIS,68,6.2,298.7,27.7,D,0
-13.0925,130.2629,322.5,2,1.4,2014-08-03,0525,Aqua,MODIS,60,6.2,304,27.6,D,0
-11.775,130.4343,312.7,2.1,1.4,2014-08-03,0525,Aqua,MODIS,40,6.2,297.1,15,D,0
-11.7737,130.4393,311.5,2.1,1.4,2014-08-03,0525,Aqua,MODIS,36,6.2,296.9,12.6,D,0
-15.4229,128.2555,334.2,1.3,1.1,2014-08-03,0525,Aqua,MODIS,80,6.2,305.9,31,D,0
-13.8614,129.8171,331.7,1.8,1.3,2014-08-03,0525,Aqua,MODIS,52,6.2,302.4,44.4,D,0
-13.8641,129.8009,346.2,1.7,1.3,2014-08-03,0525,Aqua,MODIS,92,6.2,302.8,100.2,D,0
-13.8525,129.7989,370.8,1.7,1.3,2014-08-03,0525,Aqua,MODIS,100,6.2,306.8,248.9,D,0
-13.8328,129.8454,323.7,1.8,1.3,2014-08-03,0525,Aqua,MODIS,45,6.2,299.4,27,D,0
-13.8355,129.8292,370.9,1.8,1.3,2014-08-03,0525,Aqua,MODIS,100,6.2,306.9,250.6,D,0
-11.6259,130.225,321,2.1,1.4,2014-08-03,0525,Aqua,MODIS,55,6.2,298.9,30.7,D,0
-13.8211,129.8434,324,1.8,1.3,2014-08-03,0525,Aqua,MODIS,34,6.2,302,26.8,D,0
-12.42,132.7074,319.8,3.1,1.7,2014-08-03,0525,Aqua,MODIS,65,6.2,298.9,43.2,D,0
-14.0521,129.9973,337.6,1.8,1.3,2014-08-03,0525,Aqua,MODIS,86,6.2,305,69.2,D,0
-14.0603,129.9874,327.6,1.8,1.3,2014-08-03,0525,Aqua,MODIS,62,6.2,301.5,36.2,D,0
-14.2035,129.903,351.2,1.8,1.3,2014-08-03,0525,Aqua,MODIS,95,6.2,306.8,116.1,D,0
-14.0576,130.0036,376,1.8,1.3,2014-08-03,0525,Aqua,MODIS,100,6.2,308.5,296.7,D,0
-14.1972,129.8691,327.1,1.7,1.3,2014-08-03,0525,Aqua,MODIS,65,6.2,298.5,39,D,0
-14.2088,129.8712,344,1.7,1.3,2014-08-03,0525,Aqua,MODIS,91,6.2,299.5,97.5,D,0
-14.2151,129.9052,335.9,1.8,1.3,2014-08-03,0525,Aqua,MODIS,73,6.2,306.5,51.3,D,0
-14.2409,129.8934,327,1.7,1.3,2014-08-03,0525,Aqua,MODIS,69,6.2,300.3,37,D,0
-14.2293,129.8913,383.2,1.7,1.3,2014-08-03,0525,Aqua,MODIS,100,6.2,309,354.1,D,0
-14.2177,129.8892,336.6,1.7,1.3,2014-08-03,0525,Aqua,MODIS,38,6.2,302.4,59.6,D,0
-14.2358,129.8978,350.2,1.7,1.3,2014-08-03,0525,Aqua,MODIS,94,6.2,305.5,122.4,D,0
-14.2386,129.8819,331.9,1.7,1.3,2014-08-03,0525,Aqua,MODIS,77,6.2,298.3,49.3,D,0
-13.8821,129.8098,325.2,1.7,1.3,2014-08-03,0525,Aqua,MODIS,27,6.2,302.9,26.3,D,0
-14.2319,129.8753,341.2,1.7,1.3,2014-08-03,0525,Aqua,MODIS,89,6.2,298.4,83.2,D,0
-13.6447,130.0888,325.3,1.9,1.3,2014-08-03,0525,Aqua,MODIS,59,6.2,302.6,32.4,D,0
-12.6798,130.4415,320.7,2.1,1.4,2014-08-03,0525,Aqua,MODIS,64,6.2,294.5,32.8,D,0
-13.8551,129.7829,326.9,1.7,1.3,2014-08-03,0525,Aqua,MODIS,74,6.2,300.9,37.9,D,0
-12.6801,130.4465,320.2,2.1,1.4,2014-08-03,0525,Aqua,MODIS,52,6.2,295,29,D,0
-12.6768,130.4602,317.2,2.1,1.4,2014-08-03,0525,Aqua,MODIS,51,6.2,294.7,24.3,D,0
-14.1945,129.885,380.6,1.7,1.3,2014-08-03,0525,Aqua,MODIS,100,6.2,304.2,326.8,D,0
-14.1919,129.9008,342.8,1.8,1.3,2014-08-03,0525,Aqua,MODIS,90,6.2,302.8,78.6,D,0
-14.2061,129.8871,382.3,1.7,1.3,2014-08-03,0525,Aqua,MODIS,100,6.2,309.7,344.1,D,0
-13.6567,130.0909,320.9,1.9,1.3,2014-08-03,0525,Aqua,MODIS,33,6.2,302.5,22,D,0
-13.8873,129.8051,324.2,1.7,1.3,2014-08-03,0525,Aqua,MODIS,30,6.2,302.7,25.5,D,0
-14.2267,129.9073,342.1,1.8,1.3,2014-08-03,0525,Aqua,MODIS,74,6.2,305.4,78.7,D,0
-13.8757,129.803,332.9,1.7,1.3,2014-08-03,0525,Aqua,MODIS,80,6.2,302.9,49.8,D,0
-11.4773,130.1674,319.6,2.1,1.4,2014-08-03,0525,Aqua,MODIS,0,6.2,296,27.1,D,0
-13.9143,132.2916,320.3,2.7,1.6,2014-08-03,0525,Aqua,MODIS,35,6.2,301.7,24.1,D,0
-12.3731,134.7605,322.4,4.4,1.9,2014-08-03,0525,Aqua,MODIS,69,6.2,294.8,117.5,D,0
-12.3904,134.7639,330.9,4.4,1.9,2014-08-03,0525,Aqua,MODIS,81,6.2,295.9,194.3,D,0
-12.3749,134.7689,329.8,4.4,1.9,2014-08-03,0525,Aqua,MODIS,80,6.2,295.1,192.6,D,0
-12.3922,134.7722,325.1,4.4,1.9,2014-08-03,0525,Aqua,MODIS,74,6.2,295.8,141,D,0
-13.6458,134.3137,316,3.9,1.8,2014-08-03,0525,Aqua,MODIS,50,6.2,297.3,45.9,D,0
-13.6392,134.3495,318.9,3.9,1.8,2014-08-03,0525,Aqua,MODIS,62,6.2,297,64.8,D,0
-13.6339,134.3159,314.4,3.9,1.8,2014-08-03,0525,Aqua,MODIS,25,6.2,296.6,34,D,0
-13.6435,134.355,314.7,3.9,1.8,2014-08-03,0525,Aqua,MODIS,34,6.2,297.1,35.7,D,0
-12.3061,131.0284,324.4,2.3,1.5,2014-08-03,0525,Aqua,MODIS,0,6.2,297.5,37.4,D,0
-13.9233,132.2756,332.5,2.7,1.6,2014-08-03,0525,Aqua,MODIS,82,6.2,301.9,83.9,D,0
-13.9092,132.2733,326.2,2.7,1.6,2014-08-03,0525,Aqua,MODIS,75,6.2,302.4,48.6,D,0
-13.9326,132.2696,323.1,2.7,1.6,2014-08-03,0525,Aqua,MODIS,70,6.2,301.2,36.7,D,0
-13.9185,132.2672,332.1,2.7,1.6,2014-08-03,0525,Aqua,MODIS,82,6.2,302.9,79.6,D,0
-12.2259,131.1012,315.7,2.3,1.5,2014-08-03,0525,Aqua,MODIS,48,6.2,297.3,18.2,D,0
-12.29,131.0329,322.7,2.3,1.5,2014-08-03,0525,Aqua,MODIS,0,6.2,298.8,30.7,D,0
-12.4968,132.7848,321.1,3.1,1.7,2014-08-03,0525,Aqua,MODIS,67,6.2,299.4,48.9,D,0
-11.6416,130.7596,321,2.3,1.5,2014-08-03,0525,Aqua,MODIS,28,6.2,299.2,31.2,D,0
-11.6285,130.7574,327.2,2.3,1.5,2014-08-03,0525,Aqua,MODIS,56,6.2,300.1,51.8,D,0
-11.6119,130.7759,328.7,2.3,1.5,2014-08-03,0525,Aqua,MODIS,38,6.2,299.8,55.6,D,0
-11.6142,130.7692,336.6,2.3,1.5,2014-08-03,0525,Aqua,MODIS,88,6.2,300.7,94.4,D,0
-11.6011,130.7671,330.7,2.3,1.5,2014-08-03,0525,Aqua,MODIS,83,6.2,299,69.7,D,0
-11.7558,131.0084,321.2,2.4,1.5,2014-08-03,0525,Aqua,MODIS,62,6.2,297.5,39.2,D,0
-11.7595,131.0018,318.8,2.4,1.5,2014-08-03,0525,Aqua,MODIS,41,6.2,297.9,30.8,D,0
-11.6155,130.7552,340.8,2.3,1.5,2014-08-03,0525,Aqua,MODIS,90,6.2,301.1,116.6,D,0
-11.6024,130.7531,365.6,2.3,1.5,2014-08-03,0525,Aqua,MODIS,100,6.2,300.9,310.8,D,0
-11.6306,130.7508,328.8,2.3,1.5,2014-08-03,0525,Aqua,MODIS,50,6.2,299.5,56.8,D,0
-11.6176,130.7485,334.2,2.3,1.5,2014-08-03,0525,Aqua,MODIS,84,6.2,300.3,82.9,D,0
-11.6045,130.7464,372.5,2.3,1.5,2014-08-03,0525,Aqua,MODIS,100,6.2,302,384.1,D,0
-11.3451,131.4182,323.8,2.6,1.5,2014-08-03,0525,Aqua,MODIS,67,6.2,292,58.4,D,0
-11.3532,131.3713,327.7,2.6,1.5,2014-08-03,0525,Aqua,MODIS,81,6.2,294.6,73.3,D,0
-11.3571,131.3481,323.1,2.5,1.5,2014-08-03,0525,Aqua,MODIS,76,6.2,293,57.6,D,0
-11.3466,131.3629,326.2,2.6,1.5,2014-08-03,0525,Aqua,MODIS,24,6.2,293,66.7,D,0
-11.6923,130.8372,315.3,2.3,1.5,2014-08-03,0525,Aqua,MODIS,32,6.2,299.2,19.1,D,0
-11.6572,130.8264,322.8,2.3,1.5,2014-08-03,0525,Aqua,MODIS,59,6.2,298.8,38.2,D,0
-11.6059,130.7326,351.6,2.3,1.5,2014-08-03,0525,Aqua,MODIS,96,6.2,298.5,189.5,D,0
-11.7204,130.6741,315.4,2.2,1.4,2014-08-03,0525,Aqua,MODIS,43,6.2,298,15.4,D,0
-11.7201,130.6897,316.6,2.2,1.4,2014-08-03,0525,Aqua,MODIS,45,6.2,298.9,18.2,D,0
-11.632,130.7369,325,2.3,1.5,2014-08-03,0525,Aqua,MODIS,33,6.2,297.9,43.9,D,0
-12.3032,131.0353,341.9,2.3,1.5,2014-08-03,0525,Aqua,MODIS,0,6.2,299.5,111.7,D,0
-11.6345,130.8011,328.9,2.3,1.5,2014-08-03,0525,Aqua,MODIS,64,6.2,298.8,57.9,D,0
-11.8146,133.3381,320.2,3.6,1.8,2014-08-03,0525,Aqua,MODIS,34,6.2,298.6,57,D,0
-12.9268,131.2507,327.3,2.3,1.5,2014-08-03,0525,Aqua,MODIS,70,6.2,302.5,45.9,D,0
-13.0198,130.6878,332.4,2.1,1.4,2014-08-03,0525,Aqua,MODIS,82,6.2,296.9,62.6,D,0
-12.8243,132.4147,321.6,2.9,1.6,2014-08-03,0525,Aqua,MODIS,63,6.2,298.7,44.5,D,0
-13.1376,135.3732,319.8,4.7,2,2014-08-03,0525,Aqua,MODIS,54,6.2,296,104.6,D,0
-12.2222,131.1225,328.5,2.4,1.5,2014-08-03,0525,Aqua,MODIS,81,6.2,298.5,66.7,D,0
-12.408,135.0761,317.3,4.7,2,2014-08-03,0525,Aqua,MODIS,55,6.2,295.2,89.5,D,0
-12.3026,131.0494,350.8,2.3,1.5,2014-08-03,0525,Aqua,MODIS,72,6.2,301.2,178.6,D,0
-12.8196,132.4411,322.8,2.9,1.6,2014-08-03,0525,Aqua,MODIS,70,6.2,300.9,49.7,D,0
-12.9354,132.4681,319.9,2.9,1.6,2014-08-03,0525,Aqua,MODIS,56,6.2,299.6,35.2,D,0
-12.7644,132.3961,336.8,2.9,1.6,2014-08-03,0525,Aqua,MODIS,86,6.2,300.3,134,D,0
-12.8178,132.4333,326.1,2.9,1.6,2014-08-03,0525,Aqua,MODIS,70,6.2,300.4,61.8,D,0
-12.9253,131.2336,329.1,2.3,1.5,2014-08-03,0525,Aqua,MODIS,73,6.2,302.3,51.7,D,0
-12.9304,131.2293,323,2.3,1.5,2014-08-03,0525,Aqua,MODIS,21,6.2,302.7,29.2,D,0
-12.2144,131.1162,324.7,2.4,1.5,2014-08-03,0525,Aqua,MODIS,78,6.2,298,49.8,D,0
-12.543,131.2675,318.4,2.4,1.5,2014-08-03,0525,Aqua,MODIS,34,6.2,297.2,27.7,D,0
-12.7743,132.4253,320.8,2.9,1.6,2014-08-03,0525,Aqua,MODIS,64,6.2,300.7,39.8,D,0
-12.2995,131.0563,341.9,2.3,1.5,2014-08-03,0525,Aqua,MODIS,80,6.2,301.6,116.5,D,0
-12.2863,131.0539,327.8,2.3,1.5,2014-08-03,0525,Aqua,MODIS,74,6.2,300.1,49.3,D,0
-13.1384,135.3647,320.1,4.7,2,2014-08-03,0525,Aqua,MODIS,66,6.2,295.9,113.8,D,0
-12.2895,131.0469,328.2,2.3,1.5,2014-08-03,0525,Aqua,MODIS,61,6.2,300,50.9,D,0
-12.4057,135.0804,318.4,4.7,2,2014-08-03,0525,Aqua,MODIS,59,6.2,295.1,98.3,D,0
-12.9121,131.2312,321.6,2.3,1.5,2014-08-03,0525,Aqua,MODIS,38,6.2,300.9,25,D,0
-12.537,131.2711,319,2.4,1.5,2014-08-03,0525,Aqua,MODIS,34,6.2,297.5,29.2,D,0
-13.1207,135.3613,317.8,4.7,2,2014-08-03,0525,Aqua,MODIS,60,6.2,295.3,92,D,0
-12.9172,131.227,325.8,2.3,1.5,2014-08-03,0525,Aqua,MODIS,74,6.2,300.7,41,D,0
-11.9115,133.1592,315.1,3.4,1.7,2014-08-03,0525,Aqua,MODIS,63,6.2,298.5,32.5,D,0
-13.0207,130.6828,323.1,2.1,1.4,2014-08-03,0525,Aqua,MODIS,70,6.2,296.9,28.8,D,0
-12.8743,132.1331,325.7,2.7,1.6,2014-08-03,0525,Aqua,MODIS,64,6.2,300.2,50.7,D,0
-12.7598,132.4225,320.9,2.9,1.6,2014-08-03,0525,Aqua,MODIS,61,6.2,300.7,40.7,D,0
-11.9955,133.1193,317.3,3.4,1.7,2014-08-03,0525,Aqua,MODIS,60,6.2,299.1,38.9,D,0
-28.8778,149.4044,301.3,1.4,1.2,2014-08-03,1307,Terra,MODIS,40,6.2,281.1,12,N,0
-28.885,149.3979,302.7,1.4,1.2,2014-08-03,1307,Terra,MODIS,51,6.2,280.9,12.8,N,0
-27.8419,150.3535,300.8,1.6,1.3,2014-08-03,1307,Terra,MODIS,34,6.2,280.7,16.3,N,0
-17.9177,138.75,308,1.4,1.2,2014-08-03,1310,Terra,MODIS,73,6.2,289.3,14.3,N,0
-18.1639,138.4175,313.7,1.5,1.2,2014-08-03,1310,Terra,MODIS,79,6.2,291,20.5,N,0
-18.1532,138.4161,311.1,1.5,1.2,2014-08-03,1310,Terra,MODIS,82,6.2,290.6,18.5,N,0
-18.1408,138.4282,328.9,1.4,1.2,2014-08-03,1310,Terra,MODIS,100,6.2,286.2,48.7,N,0
-18.1425,138.4146,346.1,1.5,1.2,2014-08-03,1310,Terra,MODIS,100,6.2,289.5,95.5,N,0
-18.1796,138.4122,318.1,1.5,1.2,2014-08-03,1310,Terra,MODIS,85,6.2,291.2,26.1,N,0
-18.1688,138.4107,313,1.5,1.2,2014-08-03,1310,Terra,MODIS,43,6.2,290.9,18.4,N,0
-15.3776,134.2388,316,2.7,1.6,2014-08-03,1311,Terra,MODIS,92,6.2,290.2,63.3,N,0
-14.0958,143.5962,300,1.1,1,2014-08-03,1311,Terra,MODIS,11,6.2,288,3.8,N,0
-15.3749,134.2636,301.7,2.7,1.6,2014-08-03,1311,Terra,MODIS,43,6.2,288.8,21.2,N,0
-15.3739,134.2315,313.7,2.7,1.6,2014-08-03,1311,Terra,MODIS,88,6.2,289.6,55.6,N,0
-15.371,134.2565,310.3,2.7,1.6,2014-08-03,1311,Terra,MODIS,80,6.2,288.7,44.6,N,0
-15.8153,135.4518,307.6,2.2,1.4,2014-08-03,1311,Terra,MODIS,48,6.2,290.1,22.6,N,0
-16.2285,136.17,305.2,2,1.4,2014-08-03,1311,Terra,MODIS,64,6.2,290.4,17.2,N,0
-16.226,136.1634,310.4,2,1.4,2014-08-03,1311,Terra,MODIS,80,6.2,290.8,26.7,N,0
-15.8259,135.4738,303.1,2.2,1.4,2014-08-03,1311,Terra,MODIS,24,6.2,290.3,14.8,N,0
-15.8283,135.4532,308.3,2.2,1.4,2014-08-03,1311,Terra,MODIS,74,6.2,289.9,25,N,0
-15.0527,142.8594,302.4,1,1,2014-08-03,1311,Terra,MODIS,49,6.2,290.9,3.9,N,0
-15.9626,135.5237,300.6,2.2,1.4,2014-08-03,1311,Terra,MODIS,30,6.2,289.6,12.3,N,0
-12.4798,142.6414,300.3,1,1,2014-08-03,1312,Terra,MODIS,24,6.2,289.7,4,N,0
-12.4717,134.9326,300.2,2.2,1.4,2014-08-03,1312,Terra,MODIS,20,6.2,289.1,10.9,N,0
-12.5452,141.8801,303.2,1,1,2014-08-03,1312,Terra,MODIS,54,6.2,290.9,5.1,N,0
-21.6334,120.5423,300.3,1.1,1,2014-08-03,1448,Terra,MODIS,25,6.2,289.2,5.1,N,0
-21.8732,119.1253,301.1,1,1,2014-08-03,1448,Terra,MODIS,17,6.2,289,4.8,N,0
-22.1126,119.5036,309.7,1,1,2014-08-03,1448,Terra,MODIS,78,6.2,285.8,11.4,N,0
-22.114,119.4939,307.3,1,1,2014-08-03,1448,Terra,MODIS,71,6.2,286.1,9.7,N,0
-22.1093,119.463,303.9,1,1,2014-08-03,1448,Terra,MODIS,57,6.2,286.4,7.9,N,0
-22.2221,115.4678,304.2,1.3,1.1,2014-08-03,1448,Terra,MODIS,59,6.2,285,12,N,0
-21.8814,119.1961,310.4,1,1,2014-08-03,1448,Terra,MODIS,59,6.2,289.4,10.2,N,0
-21.8724,119.1946,301.8,1,1,2014-08-03,1448,Terra,MODIS,11,6.2,288.5,5.1,N,0
-21.8738,119.1849,321,1,1,2014-08-03,1448,Terra,MODIS,100,6.2,289.7,19.9,N,0
-21.8752,119.1752,304.8,1,1,2014-08-03,1448,Terra,MODIS,45,6.2,288.8,6.8,N,0
-21.8794,119.1462,303.6,1,1,2014-08-03,1448,Terra,MODIS,56,6.2,288.7,6.6,N,0
-21.8808,119.1365,306,1,1,2014-08-03,1448,Terra,MODIS,66,6.2,289.4,8.1,N,0
-22.0731,119.2674,301.6,1,1,2014-08-03,1448,Terra,MODIS,43,6.2,286.5,6.4,N,0
-21.8718,119.135,312.8,1,1,2014-08-03,1448,Terra,MODIS,86,6.2,289.2,12.4,N,0
-17.4115,123.0441,311.3,1.7,1.3,2014-08-03,1449,Terra,MODIS,62,6.2,289.3,22.4,N,0
-17.41,123.0337,317.1,1.7,1.3,2014-08-03,1449,Terra,MODIS,94,6.2,290.9,33.2,N,0
-17.4142,123.0278,307.9,1.7,1.3,2014-08-03,1449,Terra,MODIS,14,6.2,290,17.1,N,0
-15.8203,135.4696,304.6,1.1,1,2014-08-03,1616,Aqua,MODIS,61,6.2,287.9,8,N,0
-15.6891,136.6477,300.3,1,1,2014-08-03,1616,Aqua,MODIS,24,6.2,289.4,4.9,N,0
-15.9618,135.5344,301,1.1,1,2014-08-03,1616,Aqua,MODIS,36,6.2,288.2,5.6,N,0
-15.3631,134.2717,312,1.3,1.1,2014-08-03,1616,Aqua,MODIS,18,6.2,289.3,14.3,N,0
-17.5779,138.7056,300.2,1.1,1,2014-08-03,1616,Aqua,MODIS,14,6.2,288.8,5,N,0
-15.7089,129.5335,300.2,2.8,1.6,2014-08-03,1616,Aqua,MODIS,20,6.2,289.9,16.2,N,0
-15.3611,134.2598,328.8,1.3,1.1,2014-08-03,1616,Aqua,MODIS,100,6.2,290.5,38.2,N,0
-15.7077,129.5413,302,2.8,1.6,2014-08-03,1616,Aqua,MODIS,46,6.2,289.9,20.1,N,0
-20.7355,139.4773,316.1,1.2,1.1,2014-08-03,1617,Aqua,MODIS,92,6.2,282.1,24.2,N,2
-18.1461,138.4216,315.2,1.1,1,2014-08-03,1617,Aqua,MODIS,40,6.2,289.4,14.1,N,0
-18.1712,138.4118,306.5,1.1,1,2014-08-03,1617,Aqua,MODIS,16,6.2,288.2,8,N,0
-18.1804,138.4104,310.6,1.1,1,2014-08-03,1617,Aqua,MODIS,27,6.2,289.4,10.5,N,0
-18.1726,138.4218,306.9,1.1,1,2014-08-03,1617,Aqua,MODIS,22,6.2,289.3,8.3,N,0
-18.0894,138.42,314.6,1.1,1,2014-08-03,1617,Aqua,MODIS,63,6.2,288.5,14,N,0
-22.7474,150.2285,313.2,1.2,1.1,2014-08-04,0004,Terra,MODIS,69,6.2,294,11.2,D,0
-22.7455,150.2171,326.8,1.2,1.1,2014-08-04,0004,Terra,MODIS,83,6.2,294.8,27.9,D,0
-19.7753,147.2263,313.2,2.1,1.4,2014-08-04,0004,Terra,MODIS,68,6.2,294.1,21.7,D,0
-19.7761,147.2203,311.7,2.1,1.4,2014-08-04,0004,Terra,MODIS,60,6.2,294.3,17.4,D,0
-28.4683,150.1545,309.9,1,1,2014-08-04,0006,Terra,MODIS,57,6.2,283.1,7.3,D,0
-29.8793,148.0066,320.9,1.2,1.1,2014-08-04,0006,Terra,MODIS,80,6.2,286.8,21.4,D,0
-29.3586,148.3257,331.4,1.2,1.1,2014-08-04,0006,Terra,MODIS,79,6.2,283,33.4,D,0
-28.2519,150.2379,304.8,1,1,2014-08-04,0006,Terra,MODIS,48,6.2,284.5,5.5,D,0
-28.7776,151.0231,308.9,1,1,2014-08-04,0006,Terra,MODIS,68,6.2,290.3,5.9,D,0
-29.9514,152.9471,300.2,1.1,1,2014-08-04,0006,Terra,MODIS,22,6.2,288.2,4.1,D,0
-29.9499,152.9362,302.1,1.1,1,2014-08-04,0006,Terra,MODIS,36,6.2,289.1,5.3,D,0
-29.8814,148.019,315.2,1.2,1.1,2014-08-04,0006,Terra,MODIS,73,6.2,286.8,14.3,D,0
-34.4611,150.8863,317.1,1,1,2014-08-04,0007,Terra,MODIS,58,6.2,291,14.6,D,2
-33.3766,146.528,314.3,1.3,1.1,2014-08-04,0007,Terra,MODIS,75,6.2,286.8,20.3,D,0
-32.7175,147.7714,302.2,1.1,1.1,2014-08-04,0007,Terra,MODIS,36,6.2,283,7.2,D,0
-35.6725,150.026,302.7,1,1,2014-08-04,0008,Terra,MODIS,53,6.2,283.6,7.4,D,0
-13.0248,130.6856,320.6,1,1,2014-08-04,0140,Terra,MODIS,45,6.2,305.4,6.6,D,0
-12.9063,132.4841,339.6,1.1,1,2014-08-04,0140,Terra,MODIS,83,6.2,305.2,38.7,D,0
-11.8925,133.1867,328.1,1.2,1.1,2014-08-04,0140,Terra,MODIS,79,6.2,303,20.9,D,0
-11.7932,133.3484,336.7,1.2,1.1,2014-08-04,0140,Terra,MODIS,87,6.2,305.6,34.5,D,0
-12.8585,132.1454,336.6,1.1,1,2014-08-04,0140,Terra,MODIS,86,6.2,306.8,29.1,D,0
-12.9053,132.1622,323.9,1.1,1,2014-08-04,0140,Terra,MODIS,60,6.2,305.4,11.3,D,0
-13.1504,135.4065,313.7,1.7,1.3,2014-08-04,0140,Terra,MODIS,46,6.2,298.6,11.8,D,0
-11.8269,133.3768,321.3,1.2,1.1,2014-08-04,0140,Terra,MODIS,59,6.2,302.7,12.4,D,0
-13.0186,130.7053,325.7,1,1,2014-08-04,0140,Terra,MODIS,64,6.2,307.4,11.3,D,0
-12.2492,131.1094,328,1,1,2014-08-04,0140,Terra,MODIS,79,6.2,303,17.8,D,0
-12.8599,132.1552,336.8,1.1,1,2014-08-04,0140,Terra,MODIS,86,6.2,305.3,30.3,D,0
-12.8947,132.1537,323.1,1.1,1,2014-08-04,0140,Terra,MODIS,29,6.2,306.9,9,D,0
-12.4982,135.4793,322.8,1.7,1.3,2014-08-04,0140,Terra,MODIS,74,6.2,299.5,28.1,D,0
-13.0199,130.7145,328.8,1,1,2014-08-04,0140,Terra,MODIS,77,6.2,306.5,14.9,D,0
-11.8322,133.3429,319.5,1.2,1.1,2014-08-04,0140,Terra,MODIS,46,6.2,302.2,10,D,0
-12.1318,134.5065,316.9,1.4,1.2,2014-08-04,0140,Terra,MODIS,41,6.2,299.1,12.2,D,0
-12.2402,131.1107,328.1,1,1,2014-08-04,0140,Terra,MODIS,79,6.2,304.2,18,D,0
-13.0289,130.7131,322.4,1,1,2014-08-04,0140,Terra,MODIS,40,6.2,304.3,8.5,D,0
-12.8692,132.1539,324.4,1.1,1,2014-08-04,0140,Terra,MODIS,62,6.2,306.6,12.5,D,0
-12.4165,135.1158,317.8,1.6,1.2,2014-08-04,0140,Terra,MODIS,64,6.2,302.2,12.7,D,0
-11.891,133.1759,341.1,1.2,1.1,2014-08-04,0140,Terra,MODIS,90,6.2,303.6,44.4,D,0
-11.7806,133.3282,364.8,1.2,1.1,2014-08-04,0140,Terra,MODIS,100,6.2,306.2,114,D,0
-11.8895,133.1654,327.6,1.2,1.1,2014-08-04,0140,Terra,MODIS,78,6.2,301.6,20,D,0
-12.2778,131.0524,322,1,1,2014-08-04,0140,Terra,MODIS,69,6.2,306.4,8.3,D,0
-11.8307,133.3321,319.8,1.2,1.1,2014-08-04,0140,Terra,MODIS,56,6.2,302.2,10.5,D,0
-12.9157,132.4827,331.4,1.1,1,2014-08-04,0140,Terra,MODIS,71,6.2,306.6,23.6,D,0
-12.8877,132.1512,329.2,1.1,1,2014-08-04,0140,Terra,MODIS,56,6.2,306.5,15.6,D,0
-12.2069,131.1344,331.3,1,1,2014-08-04,0140,Terra,MODIS,82,6.2,304.7,21.8,D,0
-11.7791,133.3174,361.3,1.2,1.1,2014-08-04,0140,Terra,MODIS,100,6.2,303.6,101.5,D,0
-12.5753,132.6074,327.8,1.1,1.1,2014-08-04,0140,Terra,MODIS,79,6.2,306.1,17,D,0
-12.9049,132.4739,345,1.1,1,2014-08-04,0140,Terra,MODIS,92,6.2,304.8,49,D,0
-12.3092,131.1415,319,1,1,2014-08-04,0140,Terra,MODIS,33,6.2,306,5.9,D,0
-12.8028,132.4019,326.5,1.1,1,2014-08-04,0140,Terra,MODIS,77,6.2,304.4,17.1,D,0
-13.0262,130.6948,337.1,1,1,2014-08-04,0140,Terra,MODIS,85,6.2,306.6,26.8,D,0
-13.0275,130.7039,335.9,1,1,2014-08-04,0140,Terra,MODIS,84,6.2,305.5,25.2,D,0
-12.583,136.2271,312.6,1.9,1.3,2014-08-04,0140,Terra,MODIS,53,6.2,298.2,14.1,D,0
-12.1428,131.263,320.8,1,1,2014-08-04,0140,Terra,MODIS,60,6.2,300.9,12.8,D,0
-12.2911,136.8036,312.6,2.1,1.4,2014-08-04,0140,Terra,MODIS,55,6.2,293.2,21,D,0
-11.782,133.339,334.6,1.2,1.1,2014-08-04,0140,Terra,MODIS,85,6.2,304.4,29.8,D,0
-12.8014,132.3919,327,1.1,1,2014-08-04,0140,Terra,MODIS,77,6.2,303.8,18,D,0
-11.9021,133.1853,318,1.2,1.1,2014-08-04,0140,Terra,MODIS,55,6.2,303.1,8.1,D,0
-12.2668,131.0412,320.7,1,1,2014-08-04,0140,Terra,MODIS,44,6.2,303.7,7.6,D,0
-12.539,132.8326,320.6,1.1,1.1,2014-08-04,0140,Terra,MODIS,55,6.2,305.2,11,D,0
-12.2375,131.0924,317.3,1,1,2014-08-04,0140,Terra,MODIS,49,6.2,305.5,6.5,D,0
-12.4916,132.8028,323.6,1.1,1.1,2014-08-04,0140,Terra,MODIS,62,6.2,305.8,12.6,D,0
-12.4953,132.7602,319.9,1.1,1.1,2014-08-04,0140,Terra,MODIS,41,6.2,304.6,8.1,D,0
-12.2479,131.1002,338.7,1,1,2014-08-04,0140,Terra,MODIS,88,6.2,303.7,32.4,D,0
-12.2389,131.1015,367.7,1,1,2014-08-04,0140,Terra,MODIS,100,6.2,307.8,101.2,D,0
-11.5877,130.7413,336.5,1,1,2014-08-04,0140,Terra,MODIS,75,6.2,302.9,28.1,D,0
-11.589,130.7504,327.7,1,1,2014-08-04,0140,Terra,MODIS,60,6.2,302.3,15,D,0
-11.602,130.7764,345.9,1,1,2014-08-04,0140,Terra,MODIS,93,6.2,305.7,43.6,D,0
-11.6034,130.7854,328.8,1,1,2014-08-04,0140,Terra,MODIS,57,6.2,303.3,17.4,D,0
-11.6137,130.7932,322.7,1,1,2014-08-04,0140,Terra,MODIS,40,6.2,302.8,10.9,D,0
-11.6227,130.7919,344.1,1,1,2014-08-04,0140,Terra,MODIS,92,6.2,305,38.4,D,0
-11.629,130.7724,325.1,1,1,2014-08-04,0140,Terra,MODIS,52,6.2,305.2,10.7,D,0
-12.5245,132.8299,326.8,1.1,1.1,2014-08-04,0140,Terra,MODIS,78,6.2,305,16.9,D,0
-11.7351,130.9924,343.8,1,1,2014-08-04,0140,Terra,MODIS,92,6.2,302.5,43.1,D,0
-11.7365,131.0016,328.7,1,1,2014-08-04,0140,Terra,MODIS,80,6.2,302.1,20,D,0
-11.7441,130.9911,345.6,1,1,2014-08-04,0140,Terra,MODIS,93,6.2,302.4,45.7,D,0
-11.7455,131.0002,340.5,1,1,2014-08-04,0140,Terra,MODIS,89,6.2,303.1,36.2,D,0
-11.7468,131.0094,331.8,1,1,2014-08-04,0140,Terra,MODIS,83,6.2,303.3,22.7,D,0
-11.6249,130.7451,317.7,1,1,2014-08-04,0140,Terra,MODIS,36,6.2,303.2,6.2,D,0
-11.3163,131.4024,347.5,1,1,2014-08-04,0140,Terra,MODIS,71,6.2,300.2,51,D,0
-11.3177,131.4115,343.5,1,1,2014-08-04,0140,Terra,MODIS,0,6.2,301.2,42.6,D,0
-11.328,131.4194,342.1,1,1,2014-08-04,0140,Terra,MODIS,85,6.2,301.6,39,D,0
-11.3293,131.4285,370.2,1,1,2014-08-04,0140,Terra,MODIS,94,6.2,305.7,108.7,D,0
-11.3307,131.4377,351.4,1,1,2014-08-04,0140,Terra,MODIS,96,6.2,303.8,56.8,D,0
-11.3397,131.4364,340.9,1,1,2014-08-04,0140,Terra,MODIS,90,6.2,305.1,36,D,0
-11.341,131.4456,363.6,1,1,2014-08-04,0140,Terra,MODIS,75,6.2,305.7,88.1,D,0
-11.3561,131.3591,328.3,1,1,2014-08-04,0140,Terra,MODIS,79,6.2,303,15.4,D,0
-11.7315,131.1575,314.8,1,1,2014-08-04,0140,Terra,MODIS,46,6.2,302.3,5.7,D,0
-11.7399,131.1503,313.4,1,1,2014-08-04,0140,Terra,MODIS,44,6.2,301.3,5.5,D,0
-11.659,130.8516,324.8,1,1,2014-08-04,0140,Terra,MODIS,74,6.2,303.4,13.8,D,0
-11.6873,130.8567,332.2,1,1,2014-08-04,0140,Terra,MODIS,83,6.2,303,23.9,D,0
-11.7254,130.6776,320.8,1,1,2014-08-04,0140,Terra,MODIS,64,6.2,303.7,9.4,D,0
-11.7268,130.6867,323.7,1,1,2014-08-04,0140,Terra,MODIS,72,6.2,304.4,11.8,D,0
-12.8681,134.3709,318.4,1.4,1.2,2014-08-04,0140,Terra,MODIS,67,6.2,302.1,14.6,D,0
-12.8698,134.3838,316.3,1.4,1.2,2014-08-04,0140,Terra,MODIS,62,6.2,301.5,11.2,D,0
-11.7088,130.8754,333.6,1,1,2014-08-04,0140,Terra,MODIS,84,6.2,303.5,26.7,D,0
-11.3394,131.3709,322.2,1,1,2014-08-04,0140,Terra,MODIS,57,6.2,301.9,11.5,D,0
-11.3407,131.3801,323.6,1,1,2014-08-04,0140,Terra,MODIS,66,6.2,302.2,13.9,D,0
-11.7481,131.0185,327.2,1,1,2014-08-04,0140,Terra,MODIS,72,6.2,302.4,15.9,D,0
-11.7495,131.0276,338.4,1,1,2014-08-04,0140,Terra,MODIS,88,6.2,303.2,31.8,D,0
-11.7585,131.0263,336.7,1,1,2014-08-04,0140,Terra,MODIS,87,6.2,303.2,28.3,D,0
-11.7598,131.0354,323.4,1,1,2014-08-04,0140,Terra,MODIS,51,6.2,302,11.1,D,0
-11.7701,131.0432,337,1,1,2014-08-04,0140,Terra,MODIS,87,6.2,304.3,28.8,D,0
-11.624,130.801,368.7,1,1,2014-08-04,0140,Terra,MODIS,100,6.2,308.7,101.1,D,0
-11.6254,130.8101,328.5,1,1,2014-08-04,0140,Terra,MODIS,64,6.2,303.1,16.7,D,0
-11.7101,130.8845,329,1,1,2014-08-04,0140,Terra,MODIS,80,6.2,303.6,20.5,D,0
-11.633,130.7996,350.2,1,1,2014-08-04,0140,Terra,MODIS,95,6.2,306.9,50.9,D,0
-11.6343,130.8087,332.4,1,1,2014-08-04,0140,Terra,MODIS,81,6.2,305.7,20.9,D,0
-11.6447,130.8165,318.7,1,1,2014-08-04,0140,Terra,MODIS,28,6.2,304.7,6.2,D,0
-12.5294,132.8339,326.3,1.1,1.1,2014-08-04,0140,Terra,MODIS,71,6.2,305.4,18.1,D,0
-11.4972,130.566,320.6,1,1,2014-08-04,0140,Terra,MODIS,50,6.2,305.5,9.9,D,0
-12.6754,130.4386,342.4,1,1,2014-08-04,0140,Terra,MODIS,90,6.2,302.8,38.4,D,0
-13.073,130.5128,325,1,1,2014-08-04,0140,Terra,MODIS,72,6.2,308.4,9,D,0
-12.6741,130.4295,323,1,1,2014-08-04,0140,Terra,MODIS,55,6.2,300.1,13.1,D,0
-12.6705,130.4674,334.1,1,1,2014-08-04,0140,Terra,MODIS,77,6.2,304.6,26.1,D,0
-12.6849,130.5026,321.3,1,1,2014-08-04,0140,Terra,MODIS,38,6.2,302.4,12.4,D,0
-12.6862,130.5117,317,1,1,2014-08-04,0140,Terra,MODIS,0,6.2,301,8.5,D,0
-11.7772,130.468,328.6,1,1,2014-08-04,0140,Terra,MODIS,82,6.2,302.3,19.3,D,0
-13.0914,130.1389,322.5,1,1,2014-08-04,0140,Terra,MODIS,53,6.2,304.6,9.7,D,0
-12.6664,130.44,332.8,1,1,2014-08-04,0140,Terra,MODIS,62,6.2,302.3,23.9,D,0
-11.7763,130.524,315.7,1,1,2014-08-04,0140,Terra,MODIS,64,6.2,300.9,7.6,D,0
-12.6678,130.4491,346.5,1,1,2014-08-04,0140,Terra,MODIS,92,6.2,303.3,46.1,D,0
-11.4745,130.1675,318.8,1,1,2014-08-04,0140,Terra,MODIS,0,6.2,304.1,7.4,D,0
-11.7986,130.0559,326.7,1,1,2014-08-04,0140,Terra,MODIS,80,6.2,301.8,18.4,D,0
-11.8076,130.0546,331.6,1,1,2014-08-04,0140,Terra,MODIS,64,6.2,301.1,24.5,D,0
-11.8062,130.0453,312.6,1,1,2014-08-04,0140,Terra,MODIS,0,6.2,300.1,4,D,0
-13.0928,130.1481,321.4,1,1,2014-08-04,0140,Terra,MODIS,64,6.2,305,8.8,D,0
-12.9311,130.1758,370.4,1,1,2014-08-04,0140,Terra,MODIS,100,6.2,308.7,108.4,D,0
-13.0751,130.2787,320.5,1,1,2014-08-04,0140,Terra,MODIS,47,6.2,304,10,D,0
-13.1371,130.385,330.9,1,1,2014-08-04,0140,Terra,MODIS,80,6.2,305.8,20.6,D,0
-13.1358,130.3758,322.2,1,1,2014-08-04,0140,Terra,MODIS,47,6.2,304.9,10.1,D,0
-13.09,130.3793,319.9,1,1,2014-08-04,0140,Terra,MODIS,33,6.2,303,9.3,D,0
-13.1048,130.3524,326.4,1,1,2014-08-04,0140,Terra,MODIS,54,6.2,304.6,15.7,D,0
-12.4175,132.6875,317.8,1.1,1.1,2014-08-04,0140,Terra,MODIS,48,6.2,304.4,7,D,0
-12.4121,132.6844,335.6,1.1,1.1,2014-08-04,0140,Terra,MODIS,86,6.2,305.1,29.3,D,0
-12.4026,132.6857,320.2,1.1,1.1,2014-08-04,0140,Terra,MODIS,30,6.2,303.4,8.1,D,0
-11.7758,130.4588,317.2,1,1,2014-08-04,0140,Terra,MODIS,58,6.2,302.5,7.6,D,0
-11.7745,130.4497,324.9,1,1,2014-08-04,0140,Terra,MODIS,78,6.2,302.9,15.9,D,0
-11.7731,130.4406,315.6,1,1,2014-08-04,0140,Terra,MODIS,59,6.2,302.5,6.8,D,0
-12.9414,130.1836,325.1,1,1,2014-08-04,0140,Terra,MODIS,69,6.2,305.3,13.9,D,0
-12.94,130.1744,327.2,1,1,2014-08-04,0140,Terra,MODIS,75,6.2,303.6,15.9,D,0
-12.9297,130.1666,373.6,1,1,2014-08-04,0140,Terra,MODIS,87,6.2,305.7,119.1,D,0
-12.6456,132.591,322.5,1.1,1.1,2014-08-04,0140,Terra,MODIS,0,6.2,304.7,11.1,D,0
-11.9099,132.9323,365,1.1,1.1,2014-08-04,0140,Terra,MODIS,100,6.2,309,107.5,D,0
-11.9085,132.9219,360.3,1.1,1.1,2014-08-04,0140,Terra,MODIS,100,6.2,307.2,90.5,D,0
-12.6266,131.4922,316.6,1,1,2014-08-04,0140,Terra,MODIS,33,6.2,304.4,5.4,D,0
-12.6253,131.4829,324.2,1,1,2014-08-04,0140,Terra,MODIS,73,6.2,306.6,12.8,D,0
-12.6162,131.4842,334.7,1,1,2014-08-04,0140,Terra,MODIS,84,6.2,305.9,25.3,D,0
-12.6148,131.4748,345,1,1,2014-08-04,0140,Terra,MODIS,92,6.2,306.3,42.6,D,0
-12.3855,134.7948,316.2,1.5,1.2,2014-08-04,0140,Terra,MODIS,39,6.2,300.6,11.2,D,0
-12.3368,135.2058,316,1.6,1.2,2014-08-04,0140,Terra,MODIS,61,6.2,299.9,15.8,D,0
-14.1676,136.5013,311.3,2.1,1.4,2014-08-04,0140,Terra,MODIS,45,6.2,295.2,20.3,D,0
-11.97,132.9449,319.9,1.1,1.1,2014-08-04,0140,Terra,MODIS,40,6.2,302.4,9.3,D,0
-12.2517,135.5147,328.5,1.7,1.3,2014-08-04,0140,Terra,MODIS,81,6.2,298.1,40.6,D,0
-12.2497,135.5085,314.7,1.7,1.3,2014-08-04,0140,Terra,MODIS,31,6.2,297.8,12.6,D,0
-12.261,135.5071,321.3,1.7,1.3,2014-08-04,0140,Terra,MODIS,72,6.2,297.9,26.1,D,0
-12.263,135.5222,314.5,1.7,1.3,2014-08-04,0140,Terra,MODIS,51,6.2,297.6,13,D,0
-12.3981,134.9747,312.5,1.5,1.2,2014-08-04,0140,Terra,MODIS,36,6.2,298.8,9.2,D,0
-11.9713,133.0936,336.7,1.2,1.1,2014-08-04,0140,Terra,MODIS,86,6.2,303.6,34.2,D,0
-11.9698,133.0831,327.3,1.2,1.1,2014-08-04,0140,Terra,MODIS,71,6.2,301.7,19.4,D,0
-11.9617,133.095,335.1,1.2,1.1,2014-08-04,0140,Terra,MODIS,85,6.2,303.9,32.5,D,0
-11.9602,133.0844,324.2,1.2,1.1,2014-08-04,0140,Terra,MODIS,74,6.2,302.2,15.9,D,0
-13.8877,132.2757,320.2,1.1,1,2014-08-04,0141,Terra,MODIS,44,6.2,306.1,7,D,0
-14.1124,131.3973,319.4,1,1,2014-08-04,0141,Terra,MODIS,45,6.2,305.7,8.5,D,0
-14.1215,131.396,319.8,1,1,2014-08-04,0141,Terra,MODIS,53,6.2,303.9,8.6,D,0
-15.7915,135.4722,338.6,1.9,1.3,2014-08-04,0141,Terra,MODIS,89,6.2,299.9,86.9,D,0
-16.1903,136.2328,330.7,2.1,1.4,2014-08-04,0141,Terra,MODIS,84,6.2,301.3,65.5,D,0
-15.8035,135.4707,366.8,1.9,1.3,2014-08-04,0141,Terra,MODIS,100,6.2,304.7,245,D,0
-14.1229,131.4055,317.2,1,1,2014-08-04,0141,Terra,MODIS,29,6.2,303.9,5.9,D,0
-15.8104,135.4756,325.1,1.9,1.3,2014-08-04,0141,Terra,MODIS,77,6.2,301.4,40.1,D,0
-13.9232,132.2852,326.3,1.1,1,2014-08-04,0141,Terra,MODIS,76,6.2,305,16.3,D,0
-13.9312,132.2738,317.9,1.1,1,2014-08-04,0141,Terra,MODIS,40,6.2,305.2,6.5,D,0
-15.7962,135.4599,326.7,1.9,1.3,2014-08-04,0141,Terra,MODIS,80,6.2,299.7,45.1,D,0
-16.2217,136.1682,320.4,2.1,1.4,2014-08-04,0141,Terra,MODIS,49,6.2,301.1,31.6,D,0
-15.7983,135.477,393.2,1.9,1.3,2014-08-04,0141,Terra,MODIS,100,6.2,307.1,515.9,D,0
-16.2089,136.1697,319,2.1,1.4,2014-08-04,0141,Terra,MODIS,40,6.2,299.8,27.2,D,0
-16.2031,136.2313,323.9,2.1,1.4,2014-08-04,0141,Terra,MODIS,77,6.2,302,44.9,D,0
-13.6579,130.1093,330,1,1,2014-08-04,0141,Terra,MODIS,68,6.2,303.4,19.6,D,0
-13.6552,130.091,323.8,1,1,2014-08-04,0141,Terra,MODIS,66,6.2,303.3,11.7,D,0
-14.5355,126.7847,317.3,1.3,1.1,2014-08-04,0141,Terra,MODIS,34,6.2,303.1,9,D,0
-13.8729,129.8222,324.5,1,1,2014-08-04,0141,Terra,MODIS,71,6.2,303.3,13.2,D,0
-14.3074,129.5251,325.7,1,1,2014-08-04,0141,Terra,MODIS,76,6.2,302.2,14.9,D,0
-14.297,129.5172,344.3,1,1,2014-08-04,0141,Terra,MODIS,92,6.2,304.4,42.4,D,0
-14.2866,129.5093,347.5,1,1,2014-08-04,0141,Terra,MODIS,93,6.2,304.7,49.3,D,0
-14.2956,129.5079,356,1,1,2014-08-04,0141,Terra,MODIS,98,6.2,302.7,67.8,D,0
-14.288,129.5186,321.2,1,1,2014-08-04,0141,Terra,MODIS,65,6.2,303.2,9.9,D,0
-14.0807,130.0418,326.4,1,1,2014-08-04,0141,Terra,MODIS,49,6.2,304.5,15.6,D,0
-14.306,129.5158,321.8,1,1,2014-08-04,0141,Terra,MODIS,70,6.2,302.5,10.7,D,0
-13.8868,129.7917,316.1,1,1,2014-08-04,0141,Terra,MODIS,22,6.2,301.9,5.8,D,0
-13.6566,130.1002,339.9,1,1,2014-08-04,0141,Terra,MODIS,89,6.2,305.4,34.2,D,0
-15.9773,135.5483,316,1.9,1.3,2014-08-04,0141,Terra,MODIS,60,6.2,299.5,17.9,D,0
-15.8055,135.4876,358.8,1.9,1.3,2014-08-04,0141,Terra,MODIS,99,6.2,301.8,189.1,D,0
-15.7934,135.4889,328.9,1.9,1.3,2014-08-04,0141,Terra,MODIS,82,6.2,299.5,52.5,D,0
-14.7512,134.7833,314.2,1.6,1.2,2014-08-04,0141,Terra,MODIS,47,6.2,300,10.1,D,0
-14.5098,134.7734,327.9,1.6,1.2,2014-08-04,0141,Terra,MODIS,79,6.2,301.2,37.3,D,0
-15.8004,135.4937,342.1,1.9,1.3,2014-08-04,0141,Terra,MODIS,91,6.2,299.9,101.1,D,0
-16.2066,136.1497,318.9,2.1,1.4,2014-08-04,0141,Terra,MODIS,45,6.2,299.6,27.4,D,0
-16.2055,136.2513,322.1,2.2,1.4,2014-08-04,0141,Terra,MODIS,75,6.2,300.3,38.6,D,0
-16.1926,136.2529,325.2,2.2,1.4,2014-08-04,0141,Terra,MODIS,72,6.2,302.6,44.8,D,0
-14.7605,134.678,314.2,1.6,1.2,2014-08-04,0141,Terra,MODIS,42,6.2,301.8,9,D,0
-16.2193,136.1482,318,2.1,1.4,2014-08-04,0141,Terra,MODIS,36,6.2,300,24.9,D,0
-16.0891,136.0327,316.4,2.1,1.4,2014-08-04,0141,Terra,MODIS,59,6.2,301,22,D,0
-18.1457,138.3945,324.1,3.3,1.7,2014-08-04,0141,Terra,MODIS,59,6.2,295.9,89.7,D,0
-18.149,138.4262,329,3.4,1.7,2014-08-04,0141,Terra,MODIS,77,6.2,297.6,123.9,D,0
-18.1598,138.4198,324,3.4,1.7,2014-08-04,0141,Terra,MODIS,66,6.2,297.6,93.2,D,0
-18.1442,138.4215,329.9,3.4,1.7,2014-08-04,0141,Terra,MODIS,77,6.2,297.5,129.9,D,0
-18.1859,138.4099,311.2,3.4,1.7,2014-08-04,0141,Terra,MODIS,19,6.2,296.3,31.6,D,0
-15.368,134.2524,333.7,1.5,1.2,2014-08-04,0141,Terra,MODIS,57,6.2,304.6,40.8,D,0
-15.3698,134.2663,343.2,1.5,1.2,2014-08-04,0141,Terra,MODIS,91,6.2,304.4,68.9,D,0
-17.5231,138.6323,316.4,3.4,1.7,2014-08-04,0141,Terra,MODIS,68,6.2,297.8,54.7,D,0
-17.5174,138.6261,321,3.4,1.7,2014-08-04,0141,Terra,MODIS,77,6.2,297.5,81.6,D,0
-15.3589,134.2678,356.9,1.5,1.2,2014-08-04,0141,Terra,MODIS,98,6.2,304.2,125.6,D,0
-15.348,134.2692,329.4,1.5,1.2,2014-08-04,0141,Terra,MODIS,69,6.2,300.7,35.3,D,0
-16.4177,135.626,316.9,1.9,1.4,2014-08-04,0141,Terra,MODIS,69,6.2,300.1,24.2,D,0
-17.5905,138.613,313.9,3.4,1.7,2014-08-04,0141,Terra,MODIS,51,6.2,298.3,40.7,D,0
-14.577,133.2092,316.5,1.3,1.1,2014-08-04,0141,Terra,MODIS,58,6.2,303.8,9.2,D,0
-15.3716,134.28,322.5,1.5,1.2,2014-08-04,0141,Terra,MODIS,33,6.2,301.2,19.4,D,0
-15.3463,134.2554,326.6,1.5,1.2,2014-08-04,0141,Terra,MODIS,56,6.2,299.8,29.4,D,0
-15.3607,134.2816,326.4,1.5,1.2,2014-08-04,0141,Terra,MODIS,66,6.2,301.5,28.7,D,0
-14.4745,129.966,322.2,1,1,2014-08-04,0141,Terra,MODIS,72,6.2,304,10.3,D,0
-15.4265,128.8831,318.4,1,1,2014-08-04,0141,Terra,MODIS,53,6.2,304.3,7.4,D,0
-15.4035,128.2546,318.1,1.1,1,2014-08-04,0141,Terra,MODIS,51,6.2,304,6.1,D,0
-15.7104,129.5461,316.8,1,1,2014-08-04,0141,Terra,MODIS,32,6.2,302.4,5.7,D,0
-15.4019,128.2447,326,1.1,1,2014-08-04,0141,Terra,MODIS,76,6.2,304.7,15,D,0
-14.6645,129.9433,323,1,1,2014-08-04,0141,Terra,MODIS,72,6.2,305.8,9.2,D,0
-14.6041,126.7671,321.1,1.3,1.1,2014-08-04,0141,Terra,MODIS,37,6.2,303.8,14.3,D,0
-14.6364,126.7739,324.5,1.3,1.1,2014-08-04,0141,Terra,MODIS,69,6.2,302.8,19.8,D,0
-14.6051,129.9147,321.9,1,1,2014-08-04,0141,Terra,MODIS,70,6.2,304.9,9.7,D,0
-14.0668,130.0721,318.9,1,1,2014-08-04,0141,Terra,MODIS,43,6.2,305.8,8.3,D,0
-13.7478,130.3427,331.5,1,1,2014-08-04,0141,Terra,MODIS,71,6.2,307.9,20.4,D,0
-19.99,127.3953,320.3,1.1,1,2014-08-04,0142,Terra,MODIS,73,6.2,300.8,12.7,D,0
-17.5449,123.7593,320.3,1.8,1.3,2014-08-04,0142,Terra,MODIS,52,6.2,302,24.5,D,0
-20.5214,127.2558,341.1,1.1,1,2014-08-04,0142,Terra,MODIS,91,6.2,302.2,42.2,D,0
-20.0101,127.5249,316.6,1,1,2014-08-04,0142,Terra,MODIS,67,6.2,299.8,8.7,D,0
-20.5245,127.2759,328.2,1.1,1,2014-08-04,0142,Terra,MODIS,81,6.2,300.3,22.4,D,0
-20.523,127.2658,351.8,1.1,1,2014-08-04,0142,Terra,MODIS,96,6.2,302.9,64.6,D,0
-18.657,132.7419,325,1.3,1.1,2014-08-04,0142,Terra,MODIS,69,6.2,299.9,22,D,0
-18.6688,132.753,321.8,1.3,1.1,2014-08-04,0142,Terra,MODIS,41,6.2,299.6,17.3,D,0
-18.6483,132.7368,328,1.3,1.1,2014-08-04,0142,Terra,MODIS,82,6.2,299,28.8,D,0
-17.3654,123.0352,325.1,2.1,1.4,2014-08-04,0142,Terra,MODIS,48,6.2,301.3,42.3,D,0
-17.8187,123.5,327,1.9,1.3,2014-08-04,0142,Terra,MODIS,79,6.2,290.9,42.5,D,0
-17.8219,123.5178,326.7,1.9,1.3,2014-08-04,0142,Terra,MODIS,75,6.2,292.6,41,D,0
-17.3997,123.0085,326.2,2.1,1.4,2014-08-04,0142,Terra,MODIS,55,6.2,300,46.5,D,0
-17.834,123.5155,326.3,1.9,1.3,2014-08-04,0142,Terra,MODIS,78,6.2,290,41.7,D,0
-17.3618,123.0157,372.1,2.1,1.4,2014-08-04,0142,Terra,MODIS,100,6.2,305.4,343.6,D,0
-16.449,123.6531,335.6,2,1.4,2014-08-04,0142,Terra,MODIS,82,6.2,292,78.7,D,0
-17.8308,123.4977,321.7,1.9,1.3,2014-08-04,0142,Terra,MODIS,73,6.2,288.9,29.8,D,0
-16.4456,123.6345,322.1,2,1.4,2014-08-04,0142,Terra,MODIS,36,6.2,290.3,32.4,D,0
-17.3583,122.996,347.7,2.1,1.4,2014-08-04,0142,Terra,MODIS,94,6.2,300.9,151.3,D,0
-17.4733,123.0487,318.2,2.1,1.4,2014-08-04,0142,Terra,MODIS,66,6.2,297.1,27.7,D,0
-17.4032,123.0281,328.5,2.1,1.4,2014-08-04,0142,Terra,MODIS,70,6.2,301.3,51.9,D,0
-20.0086,127.515,314.9,1,1,2014-08-04,0142,Terra,MODIS,63,6.2,301.3,7,D,0
-18.8035,121.8776,328.6,2.4,1.5,2014-08-04,0142,Terra,MODIS,75,6.2,298.3,66.4,D,0
-18.7934,121.8493,333.3,2.4,1.5,2014-08-04,0142,Terra,MODIS,86,6.2,298.4,94.4,D,0
-18.7977,121.8719,335.1,2.4,1.5,2014-08-04,0142,Terra,MODIS,87,6.2,299.3,103,D,0
-18.7993,121.855,348.3,2.4,1.5,2014-08-04,0142,Terra,MODIS,94,6.2,298.8,181.3,D,0
-18.8076,121.9002,324.1,2.4,1.5,2014-08-04,0142,Terra,MODIS,64,6.2,297.5,48.8,D,0
-18.802,121.8944,321.8,2.4,1.5,2014-08-04,0142,Terra,MODIS,75,6.2,298.4,46.1,D,0
-18.8063,121.9168,322.2,2.4,1.5,2014-08-04,0142,Terra,MODIS,75,6.2,297.6,47.8,D,0
-18.7717,121.9308,313,2.4,1.5,2014-08-04,0142,Terra,MODIS,42,6.2,298.3,17.5,D,0
-18.2633,127.7974,313,1.1,1,2014-08-04,0142,Terra,MODIS,58,6.2,300.7,5.5,D,0
-19.6544,134.1931,313.7,1.7,1.3,2014-08-04,0142,Terra,MODIS,63,6.2,296.8,17.5,D,0
-19.6627,134.1862,310.6,1.7,1.3,2014-08-04,0142,Terra,MODIS,52,6.2,297.7,12.6,D,0
-20.5337,127.2743,317.1,1.1,1,2014-08-04,0143,Terra,MODIS,68,6.2,298.6,10.4,D,0
-20.5322,127.2642,325.1,1.1,1,2014-08-04,0143,Terra,MODIS,79,6.2,300.5,18.6,D,0
-33.7259,122.3445,313.2,1.2,1.1,2014-08-04,0146,Terra,MODIS,73,6.2,287.5,16.3,D,0
-30.8723,121.4872,304.5,1.5,1.2,2014-08-04,0146,Terra,MODIS,59,6.2,289,10,D,2
-36.1729,149.3284,302.3,1.5,1.2,2014-08-04,0423,Aqua,MODIS,52,6.2,288.5,10.7,D,0
-36.1761,149.3114,305.8,1.5,1.2,2014-08-04,0423,Aqua,MODIS,62,6.2,287.6,14.3,D,0
-36.1269,143.621,305.8,1,1,2014-08-04,0423,Aqua,MODIS,62,6.2,287.8,8,D,0
-34.7942,150.1891,313,1.8,1.3,2014-08-04,0423,Aqua,MODIS,73,6.2,287.1,32.1,D,0
-35.4464,145.048,302.4,1,1,2014-08-04,0423,Aqua,MODIS,52,6.2,289.4,5.1,D,0
-36.1681,141.5586,302.2,1.1,1,2014-08-04,0423,Aqua,MODIS,51,6.2,288.9,5.8,D,0
-34.9176,142.3229,313.1,1,1,2014-08-04,0424,Aqua,MODIS,73,6.2,292.4,11.8,D,0
-34.4005,143.7281,312.8,1,1,2014-08-04,0424,Aqua,MODIS,71,6.2,294.8,10.3,D,0
-34.2776,140.8126,310.2,1.1,1.1,2014-08-04,0424,Aqua,MODIS,70,6.2,293.7,9.7,D,0
-33.5141,142.8507,321.1,1,1,2014-08-04,0424,Aqua,MODIS,78,6.2,293.3,16.5,D,0
-34.3791,140.4773,311,1.2,1.1,2014-08-04,0424,Aqua,MODIS,71,6.2,292.3,11.3,D,0
-33.3795,146.5252,307.1,1.2,1.1,2014-08-04,0424,Aqua,MODIS,62,6.2,293.4,8.3,D,0
-34.4021,143.7172,313.1,1,1,2014-08-04,0424,Aqua,MODIS,67,6.2,295.1,10.1,D,0
-33.5156,142.8399,323,1,1,2014-08-04,0424,Aqua,MODIS,80,6.2,293.1,18.4,D,0
-34.4979,144.8082,307.6,1,1,2014-08-04,0424,Aqua,MODIS,62,6.2,296.7,5.5,D,0
-16.6361,145.1795,318.2,2,1.4,2014-08-04,0428,Aqua,MODIS,20,6.2,292.8,30.9,D,0
-19.5,147.2437,311.1,2.5,1.5,2014-08-04,0428,Aqua,MODIS,52,6.2,293.9,19.5,D,0
-20.7422,139.4727,319,1,1,2014-08-04,0428,Aqua,MODIS,58,6.2,305,7.8,D,2
-18.6679,132.7676,323,2.2,1.4,2014-08-04,0428,Aqua,MODIS,57,6.2,302.8,38.1,D,0
-18.6804,132.753,322.4,2.2,1.4,2014-08-04,0428,Aqua,MODIS,41,6.2,305.3,33.2,D,0
-18.6572,132.7452,333.7,2.2,1.4,2014-08-04,0428,Aqua,MODIS,86,6.2,303.7,80.4,D,0
-18.6703,132.7467,340.5,2.2,1.4,2014-08-04,0428,Aqua,MODIS,90,6.2,307,112,D,0
-18.6673,132.7515,354.5,2.2,1.4,2014-08-04,0428,Aqua,MODIS,97,6.2,306,203.3,D,0
-17.9133,138.7385,328.7,1,1,2014-08-04,0428,Aqua,MODIS,78,6.2,307.2,16.6,D,0
-18.1573,138.4368,326.7,1,1,2014-08-04,0428,Aqua,MODIS,46,6.2,305.8,13.4,D,0
-18.1626,138.3982,328.3,1,1,2014-08-04,0428,Aqua,MODIS,51,6.2,306.1,15.3,D,0
-18.1482,138.4354,350.5,1,1,2014-08-04,0428,Aqua,MODIS,95,6.2,307.8,53,D,0
-18.1391,138.434,340.9,1,1,2014-08-04,0428,Aqua,MODIS,89,6.2,305.3,33.9,D,0
-18.131,138.4368,318.6,1,1,2014-08-04,0428,Aqua,MODIS,39,6.2,303,6.8,D,0
-18.1219,138.4354,331.3,1,1,2014-08-04,0428,Aqua,MODIS,81,6.2,304.4,21.4,D,0
-18.1768,138.43,331.1,1,1,2014-08-04,0428,Aqua,MODIS,70,6.2,305.6,18.3,D,0
-18.1808,138.4011,322,1,1,2014-08-04,0428,Aqua,MODIS,32,6.2,305.4,9,D,0
-18.1677,138.4286,326.2,1,1,2014-08-04,0428,Aqua,MODIS,7,6.2,308.2,11.9,D,0
-18.1717,138.3997,328.5,1,1,2014-08-04,0428,Aqua,MODIS,38,6.2,306.3,15.3,D,0
-17.7175,138.6998,326.5,1,1,2014-08-04,0428,Aqua,MODIS,64,6.2,308.9,11.2,D,0
-17.7085,138.6983,322.6,1,1,2014-08-04,0428,Aqua,MODIS,42,6.2,307.9,6.5,D,0
-17.5982,138.6943,322.2,1,1,2014-08-04,0428,Aqua,MODIS,42,6.2,307.6,7.8,D,0
-19.4738,133.4599,350.2,2,1.4,2014-08-04,0428,Aqua,MODIS,95,6.2,306.1,153.9,D,0
-19.4706,133.4743,320.3,2,1.4,2014-08-04,0428,Aqua,MODIS,70,6.2,303.7,30.6,D,0
-19.4728,133.455,344.1,2,1.4,2014-08-04,0428,Aqua,MODIS,92,6.2,305.5,121.3,D,0
-18.1128,138.4341,352.2,1,1,2014-08-04,0428,Aqua,MODIS,96,6.2,308.3,59.2,D,0
-18.1115,138.4437,351.8,1,1,2014-08-04,0428,Aqua,MODIS,96,6.2,303.8,58.7,D,0
-18.1024,138.4423,368,1,1,2014-08-04,0428,Aqua,MODIS,100,6.2,306.1,104.9,D,0
-18.1037,138.4327,336.4,1,1,2014-08-04,0428,Aqua,MODIS,86,6.2,306.3,29.8,D,0
-18.0933,138.4409,332.7,1,1,2014-08-04,0428,Aqua,MODIS,82,6.2,301.4,25.6,D,0
-18.0946,138.4313,326.5,1,1,2014-08-04,0428,Aqua,MODIS,75,6.2,302.9,17,D,0
-17.5711,138.6901,324.2,1,1,2014-08-04,0428,Aqua,MODIS,61,6.2,309.8,7.9,D,0
-17.5163,138.6275,324.6,1,1,2014-08-04,0428,Aqua,MODIS,28,6.2,307.2,10,D,0
-17.5072,138.6261,353.6,1,1,2014-08-04,0428,Aqua,MODIS,96,6.2,309.3,58.9,D,0
-17.4982,138.6247,341.6,1,1,2014-08-04,0428,Aqua,MODIS,89,6.2,308.4,34.6,D,0
-17.8298,138.7488,371.3,1,1,2014-08-04,0428,Aqua,MODIS,100,6.2,309.7,109.7,D,0
-17.8311,138.7393,327.7,1,1,2014-08-04,0428,Aqua,MODIS,53,6.2,310.6,12.9,D,0
-17.8208,138.7474,328.8,1,1,2014-08-04,0428,Aqua,MODIS,54,6.2,306.9,14.2,D,0
-17.5921,138.6062,323.2,1,1,2014-08-04,0428,Aqua,MODIS,56,6.2,308.2,8.8,D,0
-17.5907,138.6157,322.8,1,1,2014-08-04,0428,Aqua,MODIS,56,6.2,308.4,8.1,D,0
-17.5537,138.8801,321.7,1,1,2014-08-04,0428,Aqua,MODIS,66,6.2,309.3,7.1,D,0
-17.5433,138.8882,332.6,1,1,2014-08-04,0428,Aqua,MODIS,82,6.2,310,19.8,D,0
-17.5447,138.8787,339.7,1,1,2014-08-04,0428,Aqua,MODIS,88,6.2,310.6,30.3,D,0
-17.533,138.8961,343.3,1,1,2014-08-04,0428,Aqua,MODIS,90,6.2,307.1,38,D,0
-17.5343,138.8867,376.6,1,1,2014-08-04,0428,Aqua,MODIS,100,6.2,314.1,128.4,D,0
-17.5357,138.8773,335.4,1,1,2014-08-04,0428,Aqua,MODIS,84,6.2,309.8,23.5,D,0
-17.524,138.8947,335.2,1,1,2014-08-04,0428,Aqua,MODIS,84,6.2,305,25.6,D,0
-17.5253,138.8853,355.3,1,1,2014-08-04,0428,Aqua,MODIS,97,6.2,309.7,63.2,D,0
-17.9592,138.8714,320.6,1,1,2014-08-04,0428,Aqua,MODIS,48,6.2,308.8,7.4,D,0
-17.7984,138.7084,323.5,1,1,2014-08-04,0428,Aqua,MODIS,57,6.2,308.3,8,D,0
-17.7971,138.7179,327.6,1,1,2014-08-04,0428,Aqua,MODIS,76,6.2,309.4,12.7,D,0
-19.4863,133.4614,320.6,2,1.4,2014-08-04,0428,Aqua,MODIS,64,6.2,305.3,29.5,D,0
-17.9489,138.8795,326.5,1,1,2014-08-04,0428,Aqua,MODIS,74,6.2,304.7,13.8,D,0
-17.9502,138.87,333,1,1,2014-08-04,0428,Aqua,MODIS,82,6.2,308.7,22,D,0
-19.4853,133.4565,318.2,2,1.4,2014-08-04,0428,Aqua,MODIS,57,6.2,305.2,23.8,D,0
-14.1399,143.5474,315.3,1.7,1.3,2014-08-04,0429,Aqua,MODIS,57,6.2,299.9,12.8,D,0
-14.2058,143.5749,323.9,1.7,1.3,2014-08-04,0429,Aqua,MODIS,73,6.2,302.1,29.3,D,0
-14.1393,143.5561,325.7,1.7,1.3,2014-08-04,0429,Aqua,MODIS,75,6.2,300.5,31.7,D,0
-14.6058,142.7335,352.2,1.4,1.2,2014-08-04,0429,Aqua,MODIS,96,6.2,301.9,100.5,D,0
-14.2618,142.6492,333.7,1.4,1.2,2014-08-04,0429,Aqua,MODIS,85,6.2,301.4,39.7,D,0
-14.2745,142.6719,325.4,1.5,1.2,2014-08-04,0429,Aqua,MODIS,67,6.2,300.1,20.7,D,0
-14.1076,143.5346,318.8,1.7,1.3,2014-08-04,0429,Aqua,MODIS,51,6.2,301.9,16.5,D,0
-14.1373,143.5629,323.7,1.7,1.3,2014-08-04,0429,Aqua,MODIS,75,6.2,300,29.5,D,0
-15.3905,134.151,330.1,1.6,1.2,2014-08-04,0429,Aqua,MODIS,80,6.2,308.3,34.8,D,0
-14.4452,133.0967,319.5,1.8,1.3,2014-08-04,0429,Aqua,MODIS,54,6.2,306.3,14.9,D,0
-16.2173,137.0384,320.5,1.1,1,2014-08-04,0429,Aqua,MODIS,35,6.2,308.1,8.7,D,0
-14.2083,143.5594,327.5,1.7,1.3,2014-08-04,0429,Aqua,MODIS,79,6.2,299.7,39.5,D,0
-15.3431,134.2573,369.1,1.5,1.2,2014-08-04,0429,Aqua,MODIS,100,6.2,309.1,191.3,D,0
-15.3559,134.2444,332.5,1.6,1.2,2014-08-04,0429,Aqua,MODIS,79,6.2,307.7,35.4,D,0
-15.3876,134.2689,320.9,1.5,1.2,2014-08-04,0429,Aqua,MODIS,43,6.2,308.1,12.7,D,0
-15.3356,134.2272,342.3,1.6,1.2,2014-08-04,0429,Aqua,MODIS,90,6.2,305.5,73.1,D,0
-15.3449,134.2429,389.5,1.6,1.2,2014-08-04,0429,Aqua,MODIS,100,6.2,313.3,349.1,D,0
-14.6335,142.7314,322.6,1.4,1.2,2014-08-04,0429,Aqua,MODIS,68,6.2,297.1,17.8,D,0
-15.3523,134.2731,333.5,1.5,1.2,2014-08-04,0429,Aqua,MODIS,83,6.2,305.6,40.1,D,0
-16.4094,135.6237,321.9,1.3,1.1,2014-08-04,0429,Aqua,MODIS,53,6.2,307.2,12.9,D,0
-16.3992,135.6223,362,1.3,1.1,2014-08-04,0429,Aqua,MODIS,100,6.2,307.4,118.2,D,0
-16.4007,135.6101,345.9,1.3,1.1,2014-08-04,0429,Aqua,MODIS,92,6.2,306.7,63.1,D,0
-16.3997,135.6282,321.3,1.3,1.1,2014-08-04,0429,Aqua,MODIS,60,6.2,304.6,12.8,D,0
-16.4012,135.6161,338.3,1.3,1.1,2014-08-04,0429,Aqua,MODIS,87,6.2,307.7,45,D,0
-16.3895,135.6268,330.6,1.3,1.1,2014-08-04,0429,Aqua,MODIS,81,6.2,304.3,29.2,D,0
-16.3911,135.6147,363.7,1.3,1.1,2014-08-04,0429,Aqua,MODIS,100,6.2,307.1,128.3,D,0
-14.6037,142.7468,345.6,1.5,1.2,2014-08-04,0429,Aqua,MODIS,92,6.2,297,76.1,D,0
-15.3891,134.1604,337.7,1.6,1.2,2014-08-04,0429,Aqua,MODIS,87,6.2,308.2,55.2,D,0
-15.3209,134.2549,325.7,1.5,1.2,2014-08-04,0429,Aqua,MODIS,75,6.2,304.8,27.1,D,0
-16.4686,139.5898,333.2,1,1,2014-08-04,0429,Aqua,MODIS,64,6.2,304.5,24.5,D,0
-13.9831,143.5231,314.7,1.7,1.3,2014-08-04,0429,Aqua,MODIS,39,6.2,299.1,10,D,0
-15.3999,134.1671,323.2,1.6,1.2,2014-08-04,0429,Aqua,MODIS,71,6.2,307.1,20.7,D,0
-15.3888,134.1656,331.6,1.6,1.2,2014-08-04,0429,Aqua,MODIS,82,6.2,307,38.3,D,0
-14.6313,142.7447,330.4,1.4,1.2,2014-08-04,0429,Aqua,MODIS,59,6.2,300.2,29.9,D,0
-14.6272,142.7371,338.2,1.4,1.2,2014-08-04,0429,Aqua,MODIS,88,6.2,300.9,50.4,D,0
-14.6122,142.762,330.8,1.5,1.2,2014-08-04,0429,Aqua,MODIS,64,6.2,300.9,32.4,D,0
-14.6144,142.7486,359.5,1.5,1.2,2014-08-04,0429,Aqua,MODIS,99,6.2,302.6,127.3,D,0
-14.6165,142.7353,338.5,1.4,1.2,2014-08-04,0429,Aqua,MODIS,88,6.2,303.8,53.3,D,0
-14.6186,142.722,333.4,1.4,1.2,2014-08-04,0429,Aqua,MODIS,84,6.2,301.7,42.8,D,0
-13.8634,142.1276,318.6,1.4,1.2,2014-08-04,0429,Aqua,MODIS,67,6.2,299.8,14,D,0
-15.4002,134.1618,325.6,1.6,1.2,2014-08-04,0429,Aqua,MODIS,74,6.2,307.4,23.9,D,0
-16.4673,139.5992,317.4,1,1,2014-08-04,0429,Aqua,MODIS,43,6.2,304.5,6.5,D,0
-16.3843,144.1057,318.3,1.7,1.3,2014-08-04,0429,Aqua,MODIS,59,6.2,298.4,17.9,D,0
-15.1083,141.8879,324.7,1.3,1.1,2014-08-04,0429,Aqua,MODIS,50,6.2,305.9,12.3,D,0
-14.1089,143.5987,324.4,1.7,1.3,2014-08-04,0429,Aqua,MODIS,57,6.2,301.6,27,D,0
-15.3541,134.2588,340.4,1.5,1.2,2014-08-04,0429,Aqua,MODIS,89,6.2,309.1,58.6,D,0
-15.3338,134.2415,378.6,1.6,1.2,2014-08-04,0429,Aqua,MODIS,100,6.2,311.1,262.8,D,0
-15.3227,134.2404,389.5,1.6,1.2,2014-08-04,0429,Aqua,MODIS,100,6.2,306.4,356.2,D,0
-15.3245,134.226,336.2,1.6,1.2,2014-08-04,0429,Aqua,MODIS,86,6.2,302.4,56,D,0
-15.3467,134.2286,341.2,1.6,1.2,2014-08-04,0429,Aqua,MODIS,89,6.2,307.3,64.9,D,0
-15.332,134.256,352.7,1.5,1.2,2014-08-04,0429,Aqua,MODIS,96,6.2,307.1,110.5,D,0
-15.779,135.4758,340.5,1.3,1.1,2014-08-04,0429,Aqua,MODIS,89,6.2,305.9,50.7,D,0
-15.7995,135.4593,340.5,1.3,1.1,2014-08-04,0429,Aqua,MODIS,71,6.2,306.8,45.3,D,0
-15.7878,135.4701,357.4,1.3,1.1,2014-08-04,0429,Aqua,MODIS,98,6.2,309.8,96.6,D,0
-15.7893,135.4579,348.6,1.3,1.1,2014-08-04,0429,Aqua,MODIS,93,6.2,306.5,66.8,D,0
-15.7761,135.4809,336.9,1.3,1.1,2014-08-04,0429,Aqua,MODIS,80,6.2,304.5,39.6,D,0
-15.7776,135.4687,351.2,1.3,1.1,2014-08-04,0429,Aqua,MODIS,95,6.2,304.2,78.3,D,0
-15.7806,135.4637,342.5,1.3,1.1,2014-08-04,0429,Aqua,MODIS,90,6.2,305.1,56.2,D,0
-16.2072,136.2442,323.5,1.2,1.1,2014-08-04,0429,Aqua,MODIS,56,6.2,307.4,10.5,D,0
-15.6946,136.6455,320.7,1.1,1.1,2014-08-04,0429,Aqua,MODIS,61,6.2,306,11.6,D,0
-16.1671,136.0027,329.3,1.2,1.1,2014-08-04,0429,Aqua,MODIS,79,6.2,306.7,23.7,D,0
-16.219,136.155,387.7,1.2,1.1,2014-08-04,0429,Aqua,MODIS,100,6.2,313.1,230.8,D,0
-14.5054,134.7595,325.3,1.4,1.2,2014-08-04,0429,Aqua,MODIS,71,6.2,305.3,20,D,0
-15.8688,135.4755,325.4,1.3,1.1,2014-08-04,0429,Aqua,MODIS,67,6.2,308.2,14.8,D,0
-14.2512,135.7106,324.8,1.2,1.1,2014-08-04,0429,Aqua,MODIS,75,6.2,299.5,21.5,D,0
-16.2205,136.1438,344.7,1.2,1.1,2014-08-04,0429,Aqua,MODIS,91,6.2,309.4,52.1,D,0
-15.1977,141.9099,326.9,1.3,1.1,2014-08-04,0429,Aqua,MODIS,61,6.2,304.5,15.4,D,0
-16.0305,135.491,322.5,1.3,1.1,2014-08-04,0429,Aqua,MODIS,53,6.2,307,13.5,D,0
-16.1686,135.9913,323.4,1.2,1.1,2014-08-04,0429,Aqua,MODIS,68,6.2,306.9,13.7,D,0
-16.1473,135.9999,339.1,1.2,1.1,2014-08-04,0429,Aqua,MODIS,88,6.2,304.3,43.3,D,0
-16.169,135.9977,333.7,1.2,1.1,2014-08-04,0429,Aqua,MODIS,83,6.2,307.6,30,D,0
-14.2639,142.6359,319.9,1.4,1.2,2014-08-04,0429,Aqua,MODIS,52,6.2,298.3,13.3,D,0
-15.8694,135.4812,326.9,1.3,1.1,2014-08-04,0429,Aqua,MODIS,41,6.2,308.1,18.4,D,0
-16.1572,136.0013,356,1.2,1.1,2014-08-04,0429,Aqua,MODIS,98,6.2,309.5,88.9,D,0
-16.2092,136.1537,336,1.2,1.1,2014-08-04,0429,Aqua,MODIS,85,6.2,307.1,34,D,0
-15.7774,135.488,328.9,1.3,1.1,2014-08-04,0429,Aqua,MODIS,78,6.2,305.3,26.1,D,0
-16.1587,135.9899,351.7,1.2,1.1,2014-08-04,0429,Aqua,MODIS,96,6.2,308.4,74.8,D,0
-15.5531,145.195,332.8,2.1,1.4,2014-08-04,0429,Aqua,MODIS,73,6.2,293,82.6,D,0
-16.1488,135.9884,332.7,1.2,1.1,2014-08-04,0429,Aqua,MODIS,82,6.2,304.9,29.9,D,0
-16.0933,136.0271,325.2,1.2,1.1,2014-08-04,0429,Aqua,MODIS,65,6.2,309,15,D,0
-18.3997,129.4026,314.4,3.9,1.8,2014-08-04,0429,Aqua,MODIS,63,6.2,297.4,58.4,D,0
-18.3962,129.4399,323.6,3.9,1.8,2014-08-04,0429,Aqua,MODIS,77,6.2,299.1,118.6,D,0
-14.5559,129.9765,316.9,3.2,1.7,2014-08-04,0430,Aqua,MODIS,53,6.2,302.8,30.2,D,0
-13.7077,130.1406,322.9,3,1.6,2014-08-04,0430,Aqua,MODIS,68,6.2,301,61.4,D,0
-12.4205,132.6978,338.8,1.8,1.3,2014-08-04,0430,Aqua,MODIS,87,6.2,307.7,67.7,D,0
-12.9355,130.1676,326.4,2.9,1.6,2014-08-04,0430,Aqua,MODIS,0,6.2,302.1,71.5,D,0
-12.9351,130.1631,325.1,2.9,1.6,2014-08-04,0430,Aqua,MODIS,0,6.2,301.8,70.7,D,0
-13.1391,130.3641,321.8,2.8,1.6,2014-08-04,0430,Aqua,MODIS,55,6.2,304.3,47.1,D,0
-13.1376,130.3595,320.2,2.8,1.6,2014-08-04,0430,Aqua,MODIS,37,6.2,304.1,35.5,D,0
-11.7836,130.4447,315.7,2.7,1.6,2014-08-04,0430,Aqua,MODIS,45,6.2,299.9,31.7,D,0
-13.7085,130.1357,320.2,3,1.6,2014-08-04,0430,Aqua,MODIS,52,6.2,301,44.1,D,0
-12.4106,132.6796,350,1.8,1.3,2014-08-04,0430,Aqua,MODIS,94,6.2,308.6,119.5,D,0
-12.8964,134.7874,329.6,1.3,1.1,2014-08-04,0430,Aqua,MODIS,79,6.2,306.1,26.5,D,0
-13.1512,135.405,320.4,1.2,1.1,2014-08-04,0430,Aqua,MODIS,25,6.2,302.6,10,D,0
-12.0664,136.1845,330.2,1.1,1,2014-08-04,0430,Aqua,MODIS,0,6.2,301.2,24.9,D,0
-12.3977,133.2347,330.6,1.7,1.3,2014-08-04,0430,Aqua,MODIS,80,6.2,307,39.2,D,0
-12.0827,134.6205,361.4,1.3,1.1,2014-08-04,0430,Aqua,MODIS,87,6.2,307.3,117.7,D,0
-12.1281,134.5152,329,1.3,1.1,2014-08-04,0430,Aqua,MODIS,77,6.2,305.7,26.6,D,0
-12.0823,133.558,334.2,1.6,1.2,2014-08-04,0430,Aqua,MODIS,80,6.2,306,40.6,D,0
-11.9027,133.1793,319,1.6,1.3,2014-08-04,0430,Aqua,MODIS,49,6.2,304.4,12.1,D,0
-12.2932,133.6189,327.6,1.6,1.2,2014-08-04,0430,Aqua,MODIS,73,6.2,309.8,23.6,D,0
-12.4856,135.4216,325.7,1.2,1.1,2014-08-04,0430,Aqua,MODIS,72,6.2,304.8,17.3,D,0
-12.295,133.6047,326,1.6,1.2,2014-08-04,0430,Aqua,MODIS,73,6.2,309.5,20,D,0
-12.2125,131.1116,327.6,2.4,1.5,2014-08-04,0430,Aqua,MODIS,76,6.2,302.1,58.8,D,0
-12.7747,132.3813,331.4,2,1.4,2014-08-04,0430,Aqua,MODIS,54,6.2,307.5,43.6,D,0
-12.6156,135.3728,331,1.2,1.1,2014-08-04,0430,Aqua,MODIS,38,6.2,305.8,23.6,D,0
-12.4862,135.4271,321.9,1.2,1.1,2014-08-04,0430,Aqua,MODIS,57,6.2,305.3,11.9,D,0
-11.8323,133.375,322.7,1.6,1.2,2014-08-04,0430,Aqua,MODIS,48,6.2,304,18,D,0
-12.6451,135.377,367.6,1.2,1.1,2014-08-04,0430,Aqua,MODIS,100,6.2,308,127.7,D,0
-12.5303,135.7622,318.8,1.2,1.1,2014-08-04,0430,Aqua,MODIS,59,6.2,303.8,9.1,D,0
-12.6089,131.4575,324.8,2.3,1.5,2014-08-04,0430,Aqua,MODIS,38,6.2,304.8,36.4,D,0
-12.3754,134.1549,321,1.4,1.2,2014-08-04,0430,Aqua,MODIS,43,6.2,305.7,12.9,D,0
-12.6072,135.3604,321.6,1.2,1.1,2014-08-04,0430,Aqua,MODIS,45,6.2,301,11,D,0
-13.1125,135.3814,325.8,1.2,1.1,2014-08-04,0430,Aqua,MODIS,69,6.2,303.1,16.2,D,0
-11.8932,133.1628,338.2,1.7,1.3,2014-08-04,0430,Aqua,MODIS,87,6.2,305.1,61.1,D,0
-12.0945,136.4471,330.6,1.1,1,2014-08-04,0430,Aqua,MODIS,73,6.2,301.1,21.2,D,0
-12.1037,136.4484,321.8,1.1,1,2014-08-04,0430,Aqua,MODIS,65,6.2,300.7,11.3,D,0
-12.093,134.6219,328.8,1.3,1.1,2014-08-04,0430,Aqua,MODIS,73,6.2,308.1,23.7,D,0
-12.4811,135.4544,321.7,1.2,1.1,2014-08-04,0430,Aqua,MODIS,47,6.2,303.7,11.4,D,0
-12.2077,131.1177,328.6,2.4,1.5,2014-08-04,0430,Aqua,MODIS,77,6.2,302,63.3,D,0
-12.4796,135.4653,337.9,1.2,1.1,2014-08-04,0430,Aqua,MODIS,87,6.2,304.3,38.4,D,0
-12.898,134.7752,332.3,1.3,1.1,2014-08-04,0430,Aqua,MODIS,82,6.2,305.7,31.3,D,0
-12.4714,135.453,328,1.2,1.1,2014-08-04,0430,Aqua,MODIS,78,6.2,303.5,20.3,D,0
-12.3229,135.1942,322,1.2,1.1,2014-08-04,0430,Aqua,MODIS,23,6.2,302.7,15.3,D,0
-12.0571,136.1831,346.4,1.1,1,2014-08-04,0430,Aqua,MODIS,70,6.2,301.9,54.2,D,0
-12.2962,131.134,321.8,2.4,1.5,2014-08-04,0430,Aqua,MODIS,42,6.2,304.6,32.1,D,0
-12.2346,131.1212,318.1,2.4,1.5,2014-08-04,0430,Aqua,MODIS,35,6.2,302.6,24.5,D,0
-12.0852,136.4457,326.8,1.1,1,2014-08-04,0430,Aqua,MODIS,57,6.2,300.4,16.3,D,0
-12.1074,133.5536,328.3,1.6,1.2,2014-08-04,0430,Aqua,MODIS,57,6.2,309,26.9,D,0
-12.2884,131.1279,332.9,2.4,1.5,2014-08-04,0430,Aqua,MODIS,82,6.2,304,80.4,D,0
-12.3491,135.0005,330.1,1.3,1.1,2014-08-04,0430,Aqua,MODIS,75,6.2,304.3,24.6,D,0
-13.0844,135.1327,337.9,1.3,1.1,2014-08-04,0430,Aqua,MODIS,87,6.2,306.3,37.6,D,0
-12.2613,134.3295,345.3,1.4,1.2,2014-08-04,0430,Aqua,MODIS,92,6.2,306.4,65.1,D,0
-12.0852,133.5507,336.7,1.6,1.2,2014-08-04,0430,Aqua,MODIS,82,6.2,306.8,47.3,D,0
-12.0226,134.1362,319.5,1.4,1.2,2014-08-04,0430,Aqua,MODIS,52,6.2,305.9,10.8,D,0
-12.3019,131.1295,319.5,2.4,1.5,2014-08-04,0430,Aqua,MODIS,22,6.2,305.2,24.1,D,0
-11.8913,133.1779,341.7,1.6,1.3,2014-08-04,0430,Aqua,MODIS,89,6.2,307.3,73.6,D,0
-12.3691,134.1605,332.1,1.4,1.2,2014-08-04,0430,Aqua,MODIS,75,6.2,306.5,33.3,D,0
-12.7979,132.3589,346.3,2,1.4,2014-08-04,0430,Aqua,MODIS,92,6.2,306.5,109.8,D,0
-13.1329,135.3908,326.7,1.2,1.1,2014-08-04,0430,Aqua,MODIS,53,6.2,304.9,16.9,D,0
-12.6534,135.3895,320.8,1.2,1.1,2014-08-04,0430,Aqua,MODIS,39,6.2,303.4,10,D,0
-12.8791,134.7602,323.4,1.3,1.1,2014-08-04,0430,Aqua,MODIS,71,6.2,306.7,15.5,D,0
-11.8335,133.3658,335.2,1.6,1.2,2014-08-04,0430,Aqua,MODIS,80,6.2,305.5,47.8,D,0
-12.4127,132.6628,333.8,1.8,1.3,2014-08-04,0430,Aqua,MODIS,76,6.2,306.5,51.4,D,0
-12.4732,142.6199,322.6,1.5,1.2,2014-08-04,0430,Aqua,MODIS,72,6.2,296.6,23.7,D,0
-12.7912,132.347,348.6,2,1.4,2014-08-04,0430,Aqua,MODIS,94,6.2,303.7,128.9,D,0
-12.2629,134.3167,331.3,1.4,1.2,2014-08-04,0430,Aqua,MODIS,81,6.2,304.4,28.8,D,0
-13.1056,135.3575,331.5,1.2,1.1,2014-08-04,0430,Aqua,MODIS,82,6.2,303.4,27.1,D,0
-12.4819,135.4599,336.8,1.2,1.1,2014-08-04,0430,Aqua,MODIS,86,6.2,304.3,34,D,0
-11.8007,133.356,333.8,1.6,1.2,2014-08-04,0430,Aqua,MODIS,74,6.2,306.6,35.4,D,0
-12.7834,132.3752,358.9,2,1.4,2014-08-04,0430,Aqua,MODIS,99,6.2,307.1,184.6,D,0
-13.1155,135.3589,324,1.2,1.1,2014-08-04,0430,Aqua,MODIS,69,6.2,304.8,14.7,D,0
-12.6436,135.3881,343.1,1.2,1.1,2014-08-04,0430,Aqua,MODIS,91,6.2,306.1,48.7,D,0
-12.2563,134.3235,334.5,1.4,1.2,2014-08-04,0430,Aqua,MODIS,84,6.2,305,38.2,D,0
-12.5994,136.246,322.5,1.1,1,2014-08-04,0430,Aqua,MODIS,71,6.2,302.7,12.6,D,0
-13.0245,130.704,324.6,2.7,1.6,2014-08-04,0430,Aqua,MODIS,70,6.2,307.4,43.3,D,0
-12.1385,136.3331,326.3,1.1,1,2014-08-04,0430,Aqua,MODIS,76,6.2,301.1,18.4,D,0
-11.8342,133.3605,333,1.6,1.2,2014-08-04,0430,Aqua,MODIS,80,6.2,305.2,41.3,D,0
-12.2668,134.325,336.5,1.4,1.2,2014-08-04,0430,Aqua,MODIS,85,6.2,307.2,42.3,D,0
-12.4092,133.2359,344.1,1.7,1.3,2014-08-04,0430,Aqua,MODIS,91,6.2,307.8,83.9,D,0
-12.1297,134.5029,324.4,1.3,1.1,2014-08-04,0430,Aqua,MODIS,63,6.2,303.7,19.1,D,0
-12.6125,131.4532,320.9,2.3,1.5,2014-08-04,0430,Aqua,MODIS,52,6.2,305.4,28,D,0
-13.1071,135.3462,330,1.2,1.1,2014-08-04,0430,Aqua,MODIS,75,6.2,302.9,25.3,D,0
-12.4903,135.4722,327.7,1.2,1.1,2014-08-04,0430,Aqua,MODIS,76,6.2,305.1,19.2,D,0
-11.7839,133.3091,327.6,1.6,1.2,2014-08-04,0430,Aqua,MODIS,47,6.2,304.3,27.7,D,0
-12.8099,136.3293,319.4,1.1,1,2014-08-04,0430,Aqua,MODIS,65,6.2,300.5,11.6,D,0
-12.7857,132.3573,386.5,2,1.4,2014-08-04,0430,Aqua,MODIS,100,6.2,311.4,451.1,D,0
-13.1308,135.3955,325.9,1.2,1.1,2014-08-04,0430,Aqua,MODIS,42,6.2,304.9,15.8,D,0
-12.4805,135.4708,337.1,1.2,1.1,2014-08-04,0430,Aqua,MODIS,87,6.2,303.8,35.1,D,0
-12.6057,135.3714,328.8,1.2,1.1,2014-08-04,0430,Aqua,MODIS,74,6.2,304,21.5,D,0
-12.2651,134.3378,320.4,1.4,1.2,2014-08-04,0430,Aqua,MODIS,36,6.2,305,9.4,D,0
-12.4086,135.0846,330.8,1.3,1.1,2014-08-04,0430,Aqua,MODIS,80,6.2,304.9,24.2,D,0
-12.1867,134.5298,321.5,1.3,1.1,2014-08-04,0430,Aqua,MODIS,43,6.2,303.7,12.6,D,0
-12.7869,132.3829,340.5,2,1.4,2014-08-04,0430,Aqua,MODIS,88,6.2,305.5,78.2,D,0
-12.8014,132.3666,334.8,2,1.4,2014-08-04,0430,Aqua,MODIS,79,6.2,305.3,60.2,D,0
-12.8216,132.4055,332.8,1.9,1.4,2014-08-04,0430,Aqua,MODIS,82,6.2,306.8,53.1,D,0
-12.411,133.2209,322,1.7,1.3,2014-08-04,0430,Aqua,MODIS,49,6.2,304.6,18.5,D,0
-12.7957,132.3768,344.9,2,1.4,2014-08-04,0430,Aqua,MODIS,91,6.2,307.6,99.3,D,0
-12.3591,134.9955,323.9,1.3,1.1,2014-08-04,0430,Aqua,MODIS,59,6.2,305.5,14.5,D,0
-12.7891,132.365,398.8,2,1.4,2014-08-04,0430,Aqua,MODIS,100,6.2,314.1,622.2,D,0
-12.5,135.4736,328.9,1.2,1.1,2014-08-04,0430,Aqua,MODIS,79,6.2,306,21.1,D,0
-12.0842,133.5437,328.4,1.6,1.2,2014-08-04,0430,Aqua,MODIS,66,6.2,306.3,26.3,D,0
-12.3591,135.0019,322.4,1.3,1.1,2014-08-04,0430,Aqua,MODIS,48,6.2,304,11.9,D,0
-12.3709,134.1474,334.3,1.4,1.2,2014-08-04,0430,Aqua,MODIS,84,6.2,305.9,40.2,D,0
-12.4877,135.4161,324.2,1.2,1.1,2014-08-04,0430,Aqua,MODIS,73,6.2,303.3,15.3,D,0
-12.2827,131.1323,332.7,2.4,1.5,2014-08-04,0430,Aqua,MODIS,82,6.2,303.2,77,D,0
-12.4001,133.2301,350,1.7,1.3,2014-08-04,0430,Aqua,MODIS,94,6.2,307,108.1,D,0
-12.598,136.256,327.9,1.1,1,2014-08-04,0430,Aqua,MODIS,78,6.2,302.2,19.8,D,0
-12.3602,134.1461,327.8,1.4,1.2,2014-08-04,0430,Aqua,MODIS,77,6.2,304,28.6,D,0
-13.1428,135.3923,321.5,1.2,1.1,2014-08-04,0430,Aqua,MODIS,24,6.2,305.1,10.7,D,0
-12.4917,135.4613,324.6,1.2,1.1,2014-08-04,0430,Aqua,MODIS,66,6.2,304.5,13.9,D,0
-12.6549,135.3784,325.9,1.2,1.1,2014-08-04,0430,Aqua,MODIS,71,6.2,303.9,17.2,D,0
-12.9159,132.4763,325.1,1.9,1.4,2014-08-04,0430,Aqua,MODIS,59,6.2,306.1,31.6,D,0
-12.1764,134.5284,322.4,1.3,1.1,2014-08-04,0430,Aqua,MODIS,59,6.2,302.7,15.3,D,0
-12.1812,135.9496,318.8,1.1,1.1,2014-08-04,0430,Aqua,MODIS,0,6.2,302.5,7.8,D,0
-12.3585,134.1591,323,1.4,1.2,2014-08-04,0430,Aqua,MODIS,60,6.2,304.3,17.6,D,0
-12.5973,142.0486,319.1,1.4,1.2,2014-08-04,0430,Aqua,MODIS,42,6.2,297.3,16.2,D,0
-12.7992,132.3845,328.2,2,1.4,2014-08-04,0430,Aqua,MODIS,39,6.2,306.2,31.8,D,0
-12.2718,134.331,332,1.4,1.2,2014-08-04,0430,Aqua,MODIS,81,6.2,307,31,D,0
-12.2961,136.7939,326.8,1,1,2014-08-04,0430,Aqua,MODIS,77,6.2,302.6,19.1,D,0
-12.6352,135.3756,369.5,1.2,1.1,2014-08-04,0430,Aqua,MODIS,100,6.2,309.1,136.2,D,0
-12.178,134.5161,319.5,1.3,1.1,2014-08-04,0430,Aqua,MODIS,37,6.2,304.5,11.2,D,0
-12.2948,136.8035,317.6,1,1,2014-08-04,0430,Aqua,MODIS,60,6.2,301.8,8.7,D,0
-12.6254,135.3742,349.5,1.2,1.1,2014-08-04,0430,Aqua,MODIS,94,6.2,305.7,64.5,D,0
-13.0085,136.0792,322.4,1.1,1.1,2014-08-04,0430,Aqua,MODIS,70,6.2,300.1,15.6,D,0
-12.2227,141.8831,356.7,1.4,1.2,2014-08-04,0430,Aqua,MODIS,74,6.2,295.3,114.9,D,0
-12.188,141.9229,322.7,1.4,1.2,2014-08-04,0430,Aqua,MODIS,66,6.2,301.6,20.8,D,0
-12.2815,141.8855,316.4,1.4,1.2,2014-08-04,0430,Aqua,MODIS,33,6.2,297.1,12.8,D,0
-12.542,132.836,321,1.8,1.3,2014-08-04,0430,Aqua,MODIS,35,6.2,306.8,18.3,D,0
-12.8567,135.3165,327.8,1.2,1.1,2014-08-04,0430,Aqua,MODIS,78,6.2,304.2,21.4,D,0
-12.501,132.7806,333,1.8,1.3,2014-08-04,0430,Aqua,MODIS,82,6.2,308,49.3,D,0
-12.9468,136.0754,324.8,1.1,1.1,2014-08-04,0430,Aqua,MODIS,74,6.2,299.1,18,D,0
-12.503,132.7642,329.6,1.8,1.3,2014-08-04,0430,Aqua,MODIS,79,6.2,306.7,38.9,D,0
-12.8192,134.8317,325.5,1.3,1.1,2014-08-04,0430,Aqua,MODIS,70,6.2,307.8,16.5,D,0
-12.2372,131.0991,321.2,2.4,1.5,2014-08-04,0430,Aqua,MODIS,62,6.2,302.3,33.4,D,0
-12.8552,135.3278,318.2,1.2,1.1,2014-08-04,0430,Aqua,MODIS,39,6.2,304.1,7.7,D,0
-12.1398,136.3232,322.1,1.1,1,2014-08-04,0430,Aqua,MODIS,70,6.2,301.5,13.3,D,0
-11.6,130.7502,325.2,2.5,1.5,2014-08-04,0430,Aqua,MODIS,52,6.2,301.5,53,D,0
-11.5938,130.7446,327.3,2.5,1.5,2014-08-04,0430,Aqua,MODIS,79,6.2,300.6,68.5,D,0
-11.3181,131.3948,327.8,2.2,1.4,2014-08-04,0430,Aqua,MODIS,70,6.2,297.2,58.4,D,0
-11.5973,130.7731,323.7,2.5,1.5,2014-08-04,0430,Aqua,MODIS,48,6.2,300.2,45.6,D,0
-11.6292,130.7955,323.9,2.5,1.5,2014-08-04,0430,Aqua,MODIS,24,6.2,301.7,44.4,D,0
-11.6047,130.7692,326.9,2.5,1.5,2014-08-04,0430,Aqua,MODIS,56,6.2,301.5,60.6,D,0
-12.8762,135.3247,324.8,1.2,1.1,2014-08-04,0430,Aqua,MODIS,74,6.2,305.5,16.1,D,0
-11.7517,131.009,328.9,2.4,1.5,2014-08-04,0430,Aqua,MODIS,67,6.2,300.9,66.1,D,0
-11.744,131.0033,321.7,2.4,1.5,2014-08-04,0430,Aqua,MODIS,68,6.2,299.9,42.5,D,0
-12.8667,135.3178,328.1,1.2,1.1,2014-08-04,0430,Aqua,MODIS,77,6.2,304.5,20.4,D,0
-11.337,131.443,354,2.2,1.4,2014-08-04,0430,Aqua,MODIS,73,6.2,301.6,194.1,D,0
-11.3394,131.4229,328.8,2.2,1.4,2014-08-04,0430,Aqua,MODIS,35,6.2,302.5,51.5,D,0
-11.3389,131.4384,354.5,2.2,1.4,2014-08-04,0430,Aqua,MODIS,74,6.2,302.4,200.9,D,0
-11.326,131.4366,343,2.2,1.4,2014-08-04,0430,Aqua,MODIS,0,6.2,299.5,123.8,D,0
-11.3285,131.4166,336,2.2,1.4,2014-08-04,0430,Aqua,MODIS,74,6.2,300,87.2,D,0
-11.3596,131.3642,334,2.2,1.4,2014-08-04,0430,Aqua,MODIS,86,6.2,301.4,78.4,D,0
-11.3466,131.3625,354,2.2,1.4,2014-08-04,0430,Aqua,MODIS,97,6.2,302.2,197.4,D,0
-11.3595,131.3799,321.5,2.2,1.4,2014-08-04,0430,Aqua,MODIS,64,6.2,300.2,29.5,D,0
-11.3621,131.3597,331.9,2.2,1.4,2014-08-04,0430,Aqua,MODIS,84,6.2,301.4,71.2,D,0
-11.3465,131.3783,328.5,2.2,1.4,2014-08-04,0430,Aqua,MODIS,69,6.2,300.2,54.8,D,0
-11.3491,131.358,343.5,2.2,1.4,2014-08-04,0430,Aqua,MODIS,92,6.2,301.8,131.7,D,0
-11.6602,130.8274,320.5,2.5,1.5,2014-08-04,0430,Aqua,MODIS,13,6.2,302.2,34.8,D,0
-12.8694,134.3706,319,1.4,1.2,2014-08-04,0430,Aqua,MODIS,59,6.2,306.4,10.8,D,0
-11.3361,131.3562,336,2.2,1.4,2014-08-04,0430,Aqua,MODIS,87,6.2,298.8,95.1,D,0
-11.7548,131.0268,326.1,2.4,1.5,2014-08-04,0430,Aqua,MODIS,73,6.2,300.2,56.2,D,0
-11.3562,130.9749,312.5,2.4,1.5,2014-08-04,0430,Aqua,MODIS,0,6.2,299.7,15.9,D,0
-12.9454,136.0857,320.2,1.1,1.1,2014-08-04,0430,Aqua,MODIS,66,6.2,298.8,12.3,D,0
-12.8663,135.3233,331.6,1.2,1.1,2014-08-04,0430,Aqua,MODIS,82,6.2,304.6,25.9,D,0
-12.95,136.0814,333.8,1.1,1.1,2014-08-04,0430,Aqua,MODIS,84,6.2,299.3,30.8,D,0
-11.6466,130.8255,332.9,2.5,1.5,2014-08-04,0430,Aqua,MODIS,80,6.2,300.6,86.6,D,0
-12.6112,132.1939,320.2,2,1.4,2014-08-04,0430,Aqua,MODIS,57,6.2,304.2,21,D,0
-12.3923,134.9767,382.6,1.3,1.1,2014-08-04,0430,Aqua,MODIS,100,6.2,310.1,217.9,D,0
-12.4023,134.9781,326,1.3,1.1,2014-08-04,0430,Aqua,MODIS,54,6.2,304.1,18.9,D,0
-13.8952,136.7788,318.8,1.1,1,2014-08-04,0430,Aqua,MODIS,63,6.2,301,8,D,0
-13.2656,130.968,321.4,2.5,1.5,2014-08-04,0430,Aqua,MODIS,48,6.2,305.7,31.2,D,0
-12.2519,135.4987,322.4,1.2,1.1,2014-08-04,0430,Aqua,MODIS,69,6.2,302.6,13.6,D,0
-11.9686,132.9375,327.8,1.7,1.3,2014-08-04,0430,Aqua,MODIS,68,6.2,305.9,31.3,D,0
-13.6495,134.2902,320.2,1.5,1.2,2014-08-04,0430,Aqua,MODIS,35,6.2,306.1,11.2,D,0
-13.6372,134.302,322.2,1.5,1.2,2014-08-04,0430,Aqua,MODIS,53,6.2,305.2,14.4,D,0
-13.6388,134.2888,359.4,1.5,1.2,2014-08-04,0430,Aqua,MODIS,99,6.2,307.9,128,D,0
-13.644,134.2966,347.7,1.5,1.2,2014-08-04,0430,Aqua,MODIS,93,6.2,307.4,80.4,D,0
-12.2504,135.5096,323.8,1.2,1.1,2014-08-04,0430,Aqua,MODIS,71,6.2,302.7,15.2,D,0
-13.6457,134.2833,335.9,1.5,1.2,2014-08-04,0430,Aqua,MODIS,85,6.2,306.8,44.9,D,0
-12.3313,135.2069,337.2,1.2,1.1,2014-08-04,0430,Aqua,MODIS,86,6.2,303.6,39.6,D,0
-12.3325,135.201,346.9,1.2,1.1,2014-08-04,0430,Aqua,MODIS,93,6.2,305.8,62.2,D,0
-12.331,135.2122,323.4,1.2,1.1,2014-08-04,0430,Aqua,MODIS,29,6.2,302.1,14.5,D,0
-12.106,134.7577,317.6,1.3,1.1,2014-08-04,0430,Aqua,MODIS,27,6.2,302.2,9.1,D,0
-12.3971,135.0946,325.5,1.2,1.1,2014-08-04,0430,Aqua,MODIS,48,6.2,306.5,17,D,0
-12.3986,135.0832,335.1,1.3,1.1,2014-08-04,0430,Aqua,MODIS,84,6.2,305.5,34.9,D,0
-12.3871,135.0931,339,1.2,1.1,2014-08-04,0430,Aqua,MODIS,88,6.2,303.3,43.6,D,0
-12.3886,135.0817,335.5,1.3,1.1,2014-08-04,0430,Aqua,MODIS,80,6.2,302.3,36.3,D,0
-12.3848,134.7962,363.1,1.3,1.1,2014-08-04,0430,Aqua,MODIS,100,6.2,307.2,121,D,0
-11.9011,132.9125,329.2,1.7,1.3,2014-08-04,0430,Aqua,MODIS,75,6.2,304.6,36.7,D,0
-11.9052,132.9077,327.3,1.7,1.3,2014-08-04,0430,Aqua,MODIS,80,6.2,305.6,32.8,D,0
-11.9107,132.9298,323.7,1.7,1.3,2014-08-04,0430,Aqua,MODIS,58,6.2,304.9,22.2,D,0
-11.9031,132.9235,322.5,1.7,1.3,2014-08-04,0430,Aqua,MODIS,60,6.2,304,20,D,0
-12.386,134.8031,328.7,1.3,1.1,2014-08-04,0430,Aqua,MODIS,70,6.2,303.5,23.7,D,0
-12.3758,134.8017,318,1.3,1.1,2014-08-04,0430,Aqua,MODIS,24,6.2,303.1,7.9,D,0
-13.9047,132.2786,328.3,2.1,1.4,2014-08-04,0430,Aqua,MODIS,77,6.2,307.8,37.9,D,0
-13.9033,132.2719,325.8,2.1,1.4,2014-08-04,0430,Aqua,MODIS,73,6.2,308.2,29.1,D,0
-14.3841,133.1523,337.5,1.8,1.3,2014-08-04,0430,Aqua,MODIS,86,6.2,309.7,62.4,D,0
-14.3861,133.1355,325.7,1.8,1.3,2014-08-04,0430,Aqua,MODIS,74,6.2,309.4,25.8,D,0
-12.2552,135.934,321.5,1.1,1.1,2014-08-04,0430,Aqua,MODIS,36,6.2,302.9,10.7,D,0
-12.1024,136.4581,324.7,1.1,1,2014-08-04,0430,Aqua,MODIS,74,6.2,302.3,15.1,D,0
-12.0931,136.4568,329.8,1.1,1,2014-08-04,0430,Aqua,MODIS,71,6.2,302,20.2,D,0
-12.0839,136.4555,344.9,1.1,1,2014-08-04,0430,Aqua,MODIS,92,6.2,301.4,46.4,D,0
-12.2616,135.5001,320.3,1.2,1.1,2014-08-04,0430,Aqua,MODIS,42,6.2,302.8,10.6,D,0
-12.2601,135.5109,319.8,1.2,1.1,2014-08-04,0430,Aqua,MODIS,32,6.2,303.2,9.7,D,0
-12.3996,134.762,325.1,1.3,1.1,2014-08-04,0430,Aqua,MODIS,73,6.2,307.1,14,D,0
-11.964,133.0636,324.3,1.7,1.3,2014-08-04,0430,Aqua,MODIS,33,6.2,303.9,22.3,D,0
-11.962,133.0792,328.4,1.7,1.3,2014-08-04,0430,Aqua,MODIS,74,6.2,304.5,32.1,D,0
-12.3863,134.7844,337.2,1.3,1.1,2014-08-04,0430,Aqua,MODIS,86,6.2,308.2,35.8,D,0
-11.9618,133.07,331.1,1.7,1.3,2014-08-04,0430,Aqua,MODIS,71,6.2,304.5,39.3,D,0
-11.9599,133.0855,328.1,1.7,1.3,2014-08-04,0430,Aqua,MODIS,44,6.2,303.7,29.1,D,0
-11.9924,133.105,323.3,1.7,1.3,2014-08-04,0430,Aqua,MODIS,51,6.2,307.9,18.7,D,0
-12.3876,134.7913,337.8,1.3,1.1,2014-08-04,0430,Aqua,MODIS,86,6.2,307.3,40.7,D,0
-12.3774,134.7899,371.1,1.3,1.1,2014-08-04,0430,Aqua,MODIS,100,6.2,307.2,160.4,D,0
-12.379,134.778,336.2,1.3,1.1,2014-08-04,0430,Aqua,MODIS,84,6.2,307.5,36.7,D,0
-11.9525,133.0622,325.8,1.7,1.3,2014-08-04,0430,Aqua,MODIS,54,6.2,304.1,26.9,D,0
-12.3737,134.9624,328.9,1.3,1.1,2014-08-04,0430,Aqua,MODIS,78,6.2,302.9,25.1,D,0
-12.3822,134.7542,323.5,1.3,1.1,2014-08-04,0430,Aqua,MODIS,53,6.2,306.3,14.7,D,0
-13.9173,132.2805,325,2.1,1.4,2014-08-04,0430,Aqua,MODIS,71,6.2,307.3,29.1,D,0
-12.3672,134.7884,320.4,1.3,1.1,2014-08-04,0430,Aqua,MODIS,35,6.2,304.6,11,D,0
-12.3688,134.7766,331.8,1.3,1.1,2014-08-04,0430,Aqua,MODIS,77,6.2,304.7,29.1,D,0
-12.3837,134.9638,326.3,1.3,1.1,2014-08-04,0430,Aqua,MODIS,54,6.2,302,18.9,D,0
-12.3938,134.9652,334.1,1.3,1.1,2014-08-04,0430,Aqua,MODIS,83,6.2,305,32.5,D,0
-12.4054,134.955,324.7,1.3,1.1,2014-08-04,0430,Aqua,MODIS,72,6.2,304.2,18.3,D,0
-13.8777,136.6479,329.2,1.1,1,2014-08-04,0430,Aqua,MODIS,81,6.2,302.3,23.9,D,0
-13.8791,136.6379,314.3,1.1,1,2014-08-04,0430,Aqua,MODIS,57,6.2,300.9,6.6,D,0
-12.61,131.4743,324.2,2.3,1.5,2014-08-04,0430,Aqua,MODIS,66,6.2,304.4,39.3,D,0
-13.8965,136.7689,332.6,1.1,1,2014-08-04,0430,Aqua,MODIS,84,6.2,303.9,25.7,D,0
-11.4056,130.4482,315.1,2.6,1.6,2014-08-04,0430,Aqua,MODIS,48,6.2,302.4,26,D,0
-13.8682,129.7897,344.8,3.2,1.7,2014-08-04,0430,Aqua,MODIS,91,6.2,302,232.9,D,0
-12.675,130.4617,321.6,2.7,1.6,2014-08-04,0430,Aqua,MODIS,58,6.2,302.1,41.3,D,0
-14.2887,129.4933,334,3.4,1.7,2014-08-04,0430,Aqua,MODIS,83,6.2,300.5,161.4,D,0
-14.2949,129.4891,323.1,3.4,1.7,2014-08-04,0430,Aqua,MODIS,69,6.2,300,82.9,D,0
-14.2792,129.4873,327.3,3.4,1.7,2014-08-04,0430,Aqua,MODIS,76,6.2,299.8,103.5,D,0
-12.6779,130.4364,336.2,2.8,1.6,2014-08-04,0430,Aqua,MODIS,64,6.2,303.1,120.9,D,0
-12.6636,130.4347,330.8,2.8,1.6,2014-08-04,0430,Aqua,MODIS,0,6.2,300.4,88.8,D,0
-13.853,129.7879,323.2,3.2,1.7,2014-08-04,0430,Aqua,MODIS,63,6.2,302.2,70.4,D,0
-13.8716,129.7599,328.8,3.2,1.7,2014-08-04,0430,Aqua,MODIS,58,6.2,299.7,92.2,D,0
-11.7806,130.4693,315.3,2.7,1.6,2014-08-04,0430,Aqua,MODIS,54,6.2,299,29.9,D,0
-13.8835,129.7913,326.3,3.2,1.7,2014-08-04,0430,Aqua,MODIS,68,6.2,302.2,82.5,D,0
-12.6744,130.429,348.5,2.8,1.6,2014-08-04,0430,Aqua,MODIS,0,6.2,303.4,218.1,D,0
-13.8831,129.7659,324.2,3.2,1.7,2014-08-04,0430,Aqua,MODIS,53,6.2,301.1,70.3,D,0
-13.88,129.7958,328.9,3.2,1.7,2014-08-04,0430,Aqua,MODIS,77,6.2,302.5,104.1,D,0
-34.0204,116.425,308.9,1.1,1,2014-08-04,0603,Aqua,MODIS,68,6.2,291,9.8,D,0
-33.9693,116.7518,328.5,1.1,1,2014-08-04,0603,Aqua,MODIS,86,6.2,294.3,29,D,0
-31.9652,116.0355,316.9,1.1,1,2014-08-04,0603,Aqua,MODIS,77,6.2,294.4,14.8,D,0
-33.9678,116.7634,308.8,1.1,1,2014-08-04,0603,Aqua,MODIS,68,6.2,292.8,8.9,D,0
-34.6483,118.2582,312.9,1,1,2014-08-04,0603,Aqua,MODIS,73,6.2,294.8,10.4,D,0
-34.7089,118.0212,386.3,1,1,2014-08-04,0603,Aqua,MODIS,100,6.2,300.5,182.5,D,0
-34.7074,118.0322,311.7,1,1,2014-08-04,0603,Aqua,MODIS,68,6.2,292.8,9.4,D,0
-31.7965,115.9227,311.1,1.1,1,2014-08-04,0603,Aqua,MODIS,71,6.2,293.7,8.9,D,0
-32.4499,116.0452,302.4,1.1,1,2014-08-04,0603,Aqua,MODIS,52,6.2,291.6,5.4,D,0
-32.4514,116.0334,310.9,1.1,1,2014-08-04,0603,Aqua,MODIS,71,6.2,292.5,11.6,D,0
-34.7104,118.0101,333.7,1,1,2014-08-04,0603,Aqua,MODIS,89,6.2,295.5,32.3,D,0
-34.7195,118.0119,360.5,1,1,2014-08-04,0603,Aqua,MODIS,100,6.2,300.3,87.2,D,0
-34.7179,118.023,395.9,1,1,2014-08-04,0603,Aqua,MODIS,100,6.2,302.6,232.4,D,0
-34.7164,118.0341,315.9,1,1,2014-08-04,0603,Aqua,MODIS,76,6.2,293.2,13,D,0
-33.5899,122.0706,306.4,1.2,1.1,2014-08-04,0603,Aqua,MODIS,63,6.2,291.3,7.4,D,0
-33.5906,122.0638,305.2,1.2,1.1,2014-08-04,0603,Aqua,MODIS,61,6.2,291.5,6.7,D,0
-31.4568,115.6376,309.5,1.1,1,2014-08-04,0604,Aqua,MODIS,68,6.2,295.3,8.3,D,0
-31.5022,115.7697,304.4,1.1,1,2014-08-04,0604,Aqua,MODIS,57,6.2,293.2,5.3,D,0
-28.1642,115.1228,321.4,1.1,1,2014-08-04,0604,Aqua,MODIS,74,6.2,301.9,14.4,D,0
-28.152,115.1433,315,1.1,1,2014-08-04,0604,Aqua,MODIS,19,6.2,301.1,7.2,D,0
-23.8271,120.4648,316.5,1.5,1.2,2014-08-04,0605,Aqua,MODIS,59,6.2,304.5,11.6,D,0
-23.8246,120.4791,315.4,1.5,1.2,2014-08-04,0605,Aqua,MODIS,53,6.2,303.9,10.5,D,0
-23.8713,120.5551,313.1,1.5,1.2,2014-08-04,0605,Aqua,MODIS,47,6.2,302.2,9.6,D,0
-22.8695,122.5479,344,2.1,1.4,2014-08-04,0606,Aqua,MODIS,92,6.2,304.7,131.6,D,0
-22.872,122.5323,346,2.1,1.4,2014-08-04,0606,Aqua,MODIS,93,6.2,302.8,142.4,D,0
-22.8681,122.5529,343.1,2.1,1.4,2014-08-04,0606,Aqua,MODIS,91,6.2,304.3,127.5,D,0
-22.8733,122.5274,328.8,2.1,1.4,2014-08-04,0606,Aqua,MODIS,81,6.2,301.6,61.7,D,0
-22.2246,115.4756,324.7,1,1,2014-08-04,0606,Aqua,MODIS,71,6.2,307.9,10.7,D,0
-17.4441,122.9802,343.7,3,1.6,2014-08-04,0607,Aqua,MODIS,89,6.2,301.5,192.3,D,0
-17.8404,123.5487,320.2,3.2,1.7,2014-08-04,0607,Aqua,MODIS,28,6.2,304.8,37.6,D,0
-17.4402,123.0027,327.9,3,1.6,2014-08-04,0607,Aqua,MODIS,30,6.2,300.8,67.1,D,0
-17.4639,122.956,323.3,2.9,1.6,2014-08-04,0607,Aqua,MODIS,44,6.2,297.2,65.4,D,0
-17.4452,122.9754,343.7,3,1.6,2014-08-04,0607,Aqua,MODIS,91,6.2,302,193.2,D,0
-17.3868,122.9632,355.3,3,1.6,2014-08-04,0607,Aqua,MODIS,97,6.2,302.8,301.2,D,0
-16.4466,123.6345,317,3.5,1.8,2014-08-04,0607,Aqua,MODIS,0,6.2,300.1,46.5,D,0
-17.8463,123.5192,321,3.2,1.7,2014-08-04,0607,Aqua,MODIS,29,6.2,304.3,41.8,D,0
-17.8445,123.545,319.5,3.2,1.7,2014-08-04,0607,Aqua,MODIS,54,6.2,303.9,36.1,D,0
-17.4587,122.9833,368.5,3,1.6,2014-08-04,0607,Aqua,MODIS,100,6.2,305.4,491.6,D,0
-17.4535,123.0107,365.6,3,1.6,2014-08-04,0607,Aqua,MODIS,100,6.2,304,440.5,D,0
-18.8089,121.8848,334.2,2.3,1.5,2014-08-04,0607,Aqua,MODIS,84,6.2,305.8,78.9,D,0
-18.8119,121.8782,335.7,2.3,1.5,2014-08-04,0607,Aqua,MODIS,85,6.2,305.4,84.8,D,0
-18.8066,121.8328,325.4,2.3,1.5,2014-08-04,0607,Aqua,MODIS,74,6.2,304,40.3,D,0
-18.8104,121.8115,322.4,2.3,1.5,2014-08-04,0607,Aqua,MODIS,59,6.2,303.1,29.4,D,0
-18.7974,121.8089,326.8,2.3,1.5,2014-08-04,0607,Aqua,MODIS,70,6.2,305.6,41.2,D,0
-18.808,121.8998,332.5,2.3,1.5,2014-08-04,0607,Aqua,MODIS,82,6.2,305.7,69.8,D,0
-18.818,121.909,326.8,2.3,1.5,2014-08-04,0607,Aqua,MODIS,76,6.2,303.4,47.4,D,0
-18.822,121.8874,325.7,2.3,1.5,2014-08-04,0607,Aqua,MODIS,75,6.2,303,43.7,D,0
-23.0331,122.379,308.2,4.1,1.9,2014-08-04,1352,Terra,MODIS,64,6.2,281.9,85.2,N,0
-23.0293,122.3736,302.4,4.1,1.9,2014-08-04,1352,Terra,MODIS,47,6.2,281.8,62.7,N,0
-18.1529,138.3901,314.3,2.1,1.4,2014-08-04,1353,Terra,MODIS,89,6.2,288.6,40.2,N,0
-18.1365,138.4076,318.7,2.1,1.4,2014-08-04,1353,Terra,MODIS,97,6.2,288.6,50.1,N,0
-18.1402,138.3875,341.5,2.1,1.4,2014-08-04,1353,Terra,MODIS,100,6.2,290.2,140.6,N,0
-18.1237,138.4052,331.3,2.1,1.4,2014-08-04,1353,Terra,MODIS,100,6.2,288.9,93.6,N,0
-18.1275,138.3848,326.7,2.1,1.4,2014-08-04,1353,Terra,MODIS,100,6.2,289.1,76.8,N,0
-18.1538,138.3834,306.3,2.1,1.4,2014-08-04,1353,Terra,MODIS,14,6.2,288.3,21.7,N,0
-18.1376,138.4011,337,2.1,1.4,2014-08-04,1353,Terra,MODIS,100,6.2,290.1,115.9,N,0
-18.1411,138.3809,325.5,2.1,1.4,2014-08-04,1353,Terra,MODIS,100,6.2,288.9,70.7,N,0
-18.1249,138.3985,339.9,2.1,1.4,2014-08-04,1353,Terra,MODIS,100,6.2,290.2,130.6,N,0
-18.1837,138.4382,303.6,2.2,1.4,2014-08-04,1353,Terra,MODIS,10,6.2,287.2,18,N,0
-18.171,138.4353,325.5,2.2,1.4,2014-08-04,1353,Terra,MODIS,100,6.2,288.5,71.3,N,0
-18.1121,138.3961,324,2.1,1.4,2014-08-04,1353,Terra,MODIS,100,6.2,288.4,66.7,N,0
-18.0994,138.3935,307.3,2.1,1.4,2014-08-04,1353,Terra,MODIS,53,6.2,287.9,24.5,N,0
-18.0115,138.3699,301,2.1,1.4,2014-08-04,1353,Terra,MODIS,36,6.2,287.4,16.8,N,0
-18.0151,138.3497,300.2,2.1,1.4,2014-08-04,1353,Terra,MODIS,21,6.2,287.4,15.6,N,0
-15.3384,134.2743,302.1,1.3,1.1,2014-08-04,1354,Terra,MODIS,6,6.2,289.5,6.1,N,0
-15.3284,134.2724,310.8,1.3,1.1,2014-08-04,1354,Terra,MODIS,81,6.2,290.7,13.6,N,0
-15.3194,134.2643,302.9,1.3,1.1,2014-08-04,1354,Terra,MODIS,51,6.2,290.2,7.1,N,0
-15.3358,134.2263,302,1.2,1.1,2014-08-04,1354,Terra,MODIS,18,6.2,289.9,6,N,0
-15.3293,134.2661,313.6,1.3,1.1,2014-08-04,1354,Terra,MODIS,88,6.2,290.6,16.6,N,0
-16.3752,135.6029,309.8,1.5,1.2,2014-08-04,1354,Terra,MODIS,78,6.2,288,17.1,N,0
-15.3765,134.1628,305.9,1.2,1.1,2014-08-04,1354,Terra,MODIS,66,6.2,289,9.7,N,0
-15.3963,134.1661,300.1,1.2,1.1,2014-08-04,1354,Terra,MODIS,12,6.2,288.7,5.2,N,0
-15.3166,134.2163,308.9,1.2,1.1,2014-08-04,1354,Terra,MODIS,76,6.2,290.8,12.1,N,0
-14.7293,130.006,300.2,1,1,2014-08-04,1354,Terra,MODIS,13,6.2,290.1,3.2,N,0
-17.544,123.7597,302.2,2.7,1.6,2014-08-04,1354,Terra,MODIS,47,6.2,291.8,18.7,N,0
-14.7189,130.0142,303.1,1,1,2014-08-04,1354,Terra,MODIS,53,6.2,291.5,5.2,N,0
-17.3316,123.0304,325.4,3.1,1.7,2014-08-04,1354,Terra,MODIS,100,6.2,292.3,117.2,N,0
-17.3332,123.0237,323.6,3.1,1.7,2014-08-04,1354,Terra,MODIS,100,6.2,292.4,107.5,N,0
-17.4248,123.012,314.5,3.1,1.7,2014-08-04,1354,Terra,MODIS,78,6.2,292.1,58.3,N,0
-17.3301,123.0525,303.5,3.1,1.7,2014-08-04,1354,Terra,MODIS,55,6.2,291,26.2,N,0
-16.4328,123.6826,307.2,2.7,1.6,2014-08-04,1354,Terra,MODIS,71,6.2,293.5,26.2,N,0
-17.3606,122.9091,305.9,3.1,1.7,2014-08-04,1354,Terra,MODIS,37,6.2,291.7,29.9,N,0
-17.3789,122.8814,313.2,3.2,1.7,2014-08-04,1354,Terra,MODIS,79,6.2,291.1,54.9,N,0
-17.3582,122.9158,307.7,3.1,1.7,2014-08-04,1354,Terra,MODIS,39,6.2,292,34.8,N,0
-17.3763,122.888,315,3.2,1.7,2014-08-04,1354,Terra,MODIS,62,6.2,291.5,60.9,N,0
-16.207,136.137,310,1.6,1.2,2014-08-04,1354,Terra,MODIS,79,6.2,290.2,18.7,N,0
-16.2866,135.5813,314.5,1.5,1.2,2014-08-04,1354,Terra,MODIS,89,6.2,289,23.8,N,0
-16.2174,136.1447,315.5,1.6,1.2,2014-08-04,1354,Terra,MODIS,64,6.2,290.4,25.5,N,0
-16.0374,136.0485,301.1,1.6,1.2,2014-08-04,1354,Terra,MODIS,33,6.2,288.1,9.4,N,0
-16.2844,135.5949,301.1,1.5,1.2,2014-08-04,1354,Terra,MODIS,25,6.2,288,8.4,N,0
-16.096,135.9743,304.3,1.6,1.2,2014-08-04,1354,Terra,MODIS,44,6.2,288.9,11.9,N,0
-16.2181,136.1391,312.3,1.6,1.2,2014-08-04,1354,Terra,MODIS,43,6.2,290.3,20.3,N,0
-16.3217,135.5933,307.6,1.5,1.2,2014-08-04,1354,Terra,MODIS,37,6.2,288.1,13,N,0
-16.2973,135.5832,310.1,1.5,1.2,2014-08-04,1354,Terra,MODIS,67,6.2,288.1,16.7,N,0
-15.7895,135.4417,301.7,1.5,1.2,2014-08-04,1354,Terra,MODIS,11,6.2,289.8,7.3,N,0
-15.7509,135.4766,362,1.5,1.2,2014-08-04,1354,Terra,MODIS,100,6.2,294.5,159.2,N,0
-15.753,135.4632,314.2,1.5,1.2,2014-08-04,1354,Terra,MODIS,24,6.2,290.3,19.6,N,0
-16.2235,136.1769,304.2,1.6,1.2,2014-08-04,1354,Terra,MODIS,37,6.2,289.3,11.7,N,0
-15.9473,136.3115,300.7,1.7,1.3,2014-08-04,1354,Terra,MODIS,32,6.2,288.5,9.5,N,0
-15.7294,135.4729,327.6,1.5,1.2,2014-08-04,1354,Terra,MODIS,100,6.2,291.6,44,N,0
-15.7187,135.471,309.6,1.5,1.2,2014-08-04,1354,Terra,MODIS,78,6.2,290.4,16.1,N,0
-15.7925,135.4481,314.7,1.5,1.2,2014-08-04,1354,Terra,MODIS,90,6.2,290.1,22.2,N,0
-12.6531,131.1605,304.6,1,1,2014-08-04,1355,Terra,MODIS,48,6.2,290.9,5.6,N,0
-13.9233,132.2872,304.1,1.1,1,2014-08-04,1355,Terra,MODIS,54,6.2,291.4,5.5,N,0
-11.894,132.9232,303.8,1.2,1.1,2014-08-04,1355,Terra,MODIS,57,6.2,291.8,6.1,N,0
-12.6517,131.1697,309.6,1,1,2014-08-04,1355,Terra,MODIS,78,6.2,289.7,9.1,N,0
-12.2469,132.767,311.1,1.1,1.1,2014-08-04,1355,Terra,MODIS,82,6.2,289.7,12.6,N,0
-12.2422,132.7704,307.4,1.1,1.1,2014-08-04,1355,Terra,MODIS,71,6.2,289.4,10.1,N,0
-11.902,132.9354,302.6,1.2,1.1,2014-08-04,1355,Terra,MODIS,30,6.2,292.1,4.7,N,0
-12.6427,131.1683,304.2,1,1,2014-08-04,1355,Terra,MODIS,28,6.2,289.5,5.4,N,0
-13.7152,130.1608,302.6,1,1,2014-08-04,1355,Terra,MODIS,36,6.2,290.1,4.8,N,0
-14.3007,129.511,303,1.1,1,2014-08-04,1355,Terra,MODIS,25,6.2,292.1,4.3,N,0
-11.4685,130.1847,300.4,1,1,2014-08-04,1355,Terra,MODIS,25,6.2,290.2,4.3,N,0
-12.6536,130.4516,322.4,1,1,2014-08-04,1355,Terra,MODIS,100,6.2,292.6,18.6,N,0
-14.2941,129.4902,309.5,1.1,1,2014-08-04,1355,Terra,MODIS,53,6.2,292.5,8.2,N,0
-12.6613,130.4621,306.9,1,1,2014-08-04,1355,Terra,MODIS,70,6.2,291.8,7,N,0
-14.3033,129.4916,316,1.1,1,2014-08-04,1355,Terra,MODIS,92,6.2,292.9,13.6,N,0
-14.3047,129.4818,306.7,1.1,1,2014-08-04,1355,Terra,MODIS,12,6.2,292.1,6.3,N,0
-13.7062,130.1595,302.7,1,1,2014-08-04,1355,Terra,MODIS,46,6.2,290.5,5.2,N,0
-12.6652,130.4347,311.7,1,1,2014-08-04,1355,Terra,MODIS,83,6.2,292.1,10.4,N,0
-12.6523,130.4608,312.5,1,1,2014-08-04,1355,Terra,MODIS,49,6.2,291.8,9.8,N,0
-12.6665,130.4255,302.9,1,1,2014-08-04,1355,Terra,MODIS,52,6.2,291.5,4.5,N,0
-14.2954,129.4805,308.7,1.1,1,2014-08-04,1355,Terra,MODIS,59,6.2,292.3,7.8,N,0
-14.2695,129.4807,307.3,1.1,1,2014-08-04,1355,Terra,MODIS,71,6.2,292.2,7.7,N,0
-11.5815,130.7449,306.9,1,1,2014-08-04,1355,Terra,MODIS,70,6.2,289.6,8.2,N,0
-11.5725,130.7435,301,1,1,2014-08-04,1355,Terra,MODIS,29,6.2,288.7,4.6,N,0
-11.737,131.006,303,1,1,2014-08-04,1355,Terra,MODIS,38,6.2,290.5,5.1,N,0
-11.31,131.4108,304.2,1,1,2014-08-04,1355,Terra,MODIS,49,6.2,292.4,5,N,0
-11.3501,131.3848,301.2,1,1,2014-08-04,1355,Terra,MODIS,12,6.2,291.2,3.7,N,0
-11.6586,131.164,307.3,1,1,2014-08-04,1355,Terra,MODIS,71,6.2,290.7,8.5,N,0
-12.7331,130.9251,306.4,1,1,2014-08-04,1355,Terra,MODIS,66,6.2,290.6,6.6,N,0
-12.7317,130.9342,355.7,1,1,2014-08-04,1355,Terra,MODIS,100,6.2,294.6,75.3,N,0
-14.5854,126.7812,303.1,1.5,1.2,2014-08-04,1355,Terra,MODIS,32,6.2,291.8,8.5,N,0
-12.9229,130.1728,315.2,1,1,2014-08-04,1355,Terra,MODIS,34,6.2,293.5,10.5,N,0
-13.7346,130.3498,303.1,1,1,2014-08-04,1355,Terra,MODIS,53,6.2,290.2,5.5,N,0
-12.7407,130.9356,338.1,1,1,2014-08-04,1355,Terra,MODIS,100,6.2,296.1,39.9,N,0
-12.5996,131.4656,302,1,1,2014-08-04,1355,Terra,MODIS,33,6.2,292,4.2,N,0
-12.848,132.1527,300.7,1.1,1,2014-08-04,1355,Terra,MODIS,32,6.2,290,4.4,N,0
-12.7394,130.9448,306.4,1,1,2014-08-04,1355,Terra,MODIS,28,6.2,292,6.4,N,0
-13.0207,130.7153,303.2,1,1,2014-08-04,1355,Terra,MODIS,34,6.2,293.1,3.9,N,0
-12.6781,131.1141,307,1,1,2014-08-04,1355,Terra,MODIS,70,6.2,292.6,7,N,0
-12.8923,132.1561,305.2,1.1,1,2014-08-04,1355,Terra,MODIS,63,6.2,290.2,7.4,N,0
-13.0323,130.6983,314.9,1,1,2014-08-04,1355,Terra,MODIS,90,6.2,294.2,11.7,N,0
-13.0297,130.7166,305.3,1,1,2014-08-04,1355,Terra,MODIS,64,6.2,293.1,5.2,N,0
-12.6701,131.1065,313.6,1,1,2014-08-04,1355,Terra,MODIS,87,6.2,292.5,12.3,N,0
-12.6795,131.1049,325.4,1,1,2014-08-04,1355,Terra,MODIS,100,6.2,292.5,23.3,N,0
-12.1418,131.2596,309.8,1,1,2014-08-04,1355,Terra,MODIS,68,6.2,292,10,N,0
-13.031,130.7075,314.3,1,1,2014-08-04,1355,Terra,MODIS,89,6.2,294,11.1,N,0
-13.0336,130.6891,309.4,1,1,2014-08-04,1355,Terra,MODIS,77,6.2,293.9,8.1,N,0
-12.9008,132.4804,301,1.1,1,2014-08-04,1355,Terra,MODIS,36,6.2,288.7,5.6,N,0
-22.3565,147.4917,300.1,1.1,1.1,2014-08-04,1522,Aqua,MODIS,16,6.2,285.5,6.8,N,0
-31.4669,148.0927,302.7,1,1,2014-08-04,1525,Aqua,MODIS,51,6.2,277.8,9.6,N,0
-13.7045,131.9405,328.7,1.6,1.3,2014-08-04,1658,Aqua,MODIS,100,6.2,290.7,56.4,N,0
-11.8869,132.9109,300.8,1.8,1.3,2014-08-04,1658,Aqua,MODIS,34,6.2,290.2,10,N,0
-11.8891,132.9275,306,1.8,1.3,2014-08-04,1658,Aqua,MODIS,66,6.2,290.7,16.9,N,0
-13.7025,131.9256,308.5,1.6,1.3,2014-08-04,1658,Aqua,MODIS,64,6.2,289.1,17.8,N,0
-12.6546,131.173,302.4,1.4,1.2,2014-08-04,1658,Aqua,MODIS,32,6.2,289.4,7.8,N,0
-13.7026,131.9337,329.2,1.6,1.3,2014-08-04,1658,Aqua,MODIS,100,6.2,290.6,58.1,N,0
-13.7044,131.9488,304.7,1.6,1.3,2014-08-04,1658,Aqua,MODIS,61,6.2,289.3,13.4,N,0
-12.6441,131.1745,309.4,1.4,1.2,2014-08-04,1658,Aqua,MODIS,77,6.2,289.6,15.5,N,0
-12.3833,133.2159,306.3,1.9,1.4,2014-08-04,1658,Aqua,MODIS,68,6.2,292.5,18.6,N,0
-13.0298,130.712,312.5,1.3,1.1,2014-08-04,1658,Aqua,MODIS,85,6.2,292,16.4,N,0
-13.0282,130.6998,302.1,1.3,1.1,2014-08-04,1658,Aqua,MODIS,14,6.2,291.4,5.9,N,0
-12.8869,132.1631,300.7,1.6,1.3,2014-08-04,1658,Aqua,MODIS,32,6.2,287.5,11.3,N,0
-12.6792,131.118,304.9,1.4,1.2,2014-08-04,1658,Aqua,MODIS,62,6.2,290.7,9.8,N,0
-11.7718,133.3373,305.6,1.9,1.4,2014-08-04,1658,Aqua,MODIS,65,6.2,290.3,19.1,N,0
-12.6736,131.112,313.3,1.4,1.2,2014-08-04,1658,Aqua,MODIS,87,6.2,291.5,18.2,N,0
-12.6775,131.1053,307.9,1.4,1.2,2014-08-04,1658,Aqua,MODIS,73,6.2,290.7,12.8,N,0
-12.1387,131.2667,303.4,1.4,1.2,2014-08-04,1658,Aqua,MODIS,49,6.2,290.6,9.1,N,0
-12.6573,130.4401,310.9,1.3,1.1,2014-08-04,1658,Aqua,MODIS,81,6.2,291.8,13.6,N,0
-12.937,130.1692,306.8,1.2,1.1,2014-08-04,1658,Aqua,MODIS,52,6.2,291.6,9,N,0
-12.9187,130.1831,316.4,1.2,1.1,2014-08-04,1658,Aqua,MODIS,72,6.2,292.5,17.8,N,0
-13.1204,130.3932,301.1,1.3,1.1,2014-08-04,1658,Aqua,MODIS,37,6.2,288.9,6.9,N,0
-14.6403,126.7897,301,1,1,2014-08-04,1659,Aqua,MODIS,19,6.2,290.4,4.2,N,0
-14.5223,126.804,301.3,1,1,2014-08-04,1659,Aqua,MODIS,10,6.2,289.9,4.7,N,0
-14.6313,126.791,300.5,1,1,2014-08-04,1659,Aqua,MODIS,6,6.2,290.5,3.8,N,0
-14.5402,126.8013,300.3,1,1,2014-08-04,1659,Aqua,MODIS,10,6.2,287.2,4,N,0
-14.5837,126.7795,311.3,1,1,2014-08-04,1659,Aqua,MODIS,44,6.2,291.5,9.8,N,0
-14.5312,126.8026,302.4,1,1,2014-08-04,1659,Aqua,MODIS,36,6.2,289.2,5.3,N,0
-14.7285,130.0074,300.2,1.3,1.1,2014-08-04,1659,Aqua,MODIS,15,6.2,290,5.1,N,0
-15.7417,135.4893,317.2,3.2,1.7,2014-08-04,1659,Aqua,MODIS,95,6.2,288.5,88.9,N,0
-16.1719,136.1367,312.9,3.7,1.8,2014-08-04,1659,Aqua,MODIS,86,6.2,287.3,87.7,N,0
-15.7263,135.4911,306,3.2,1.7,2014-08-04,1659,Aqua,MODIS,67,6.2,288.3,44.9,N,0
-16.1947,136.1268,303.6,3.7,1.8,2014-08-04,1659,Aqua,MODIS,36,6.2,286.7,42.8,N,0
-16.1623,136.1304,301.8,3.7,1.8,2014-08-04,1659,Aqua,MODIS,16,6.2,286.3,36.5,N,0
-16.1881,136.135,320.6,3.7,1.8,2014-08-04,1659,Aqua,MODIS,100,6.2,287.8,128.8,N,0
-16.1785,136.1284,310,3.7,1.8,2014-08-04,1659,Aqua,MODIS,29,6.2,287.1,65.8,N,0
-15.3199,134.2206,310,2.6,1.5,2014-08-04,1659,Aqua,MODIS,75,6.2,288.5,39.5,N,0
-15.3275,134.2249,303.7,2.6,1.5,2014-08-04,1659,Aqua,MODIS,30,6.2,288.1,24.1,N,0
-15.3136,134.2263,304.5,2.6,1.5,2014-08-04,1659,Aqua,MODIS,35,6.2,288.2,25.9,N,0
-16.1918,136.1704,310,3.7,1.8,2014-08-04,1659,Aqua,MODIS,79,6.2,287.3,70.7,N,0
-16.1982,136.1619,307.9,3.7,1.8,2014-08-04,1659,Aqua,MODIS,71,6.2,287.5,61,N,0
-15.7373,135.4827,318.3,3.2,1.7,2014-08-04,1659,Aqua,MODIS,97,6.2,288.3,91.7,N,0
-15.722,135.4846,305.4,3.2,1.7,2014-08-04,1659,Aqua,MODIS,21,6.2,287.9,38.5,N,0
-16.182,136.1636,312.7,3.7,1.8,2014-08-04,1659,Aqua,MODIS,46,6.2,287.7,79.8,N,0
-14.3466,129.8937,300.7,1.2,1.1,2014-08-04,1659,Aqua,MODIS,33,6.2,289.7,6,N,0
-14.2007,129.6487,302.4,1.2,1.1,2014-08-04,1659,Aqua,MODIS,49,6.2,290.4,6.7,N,0
-16.4482,123.6158,328.6,1.2,1.1,2014-08-04,1659,Aqua,MODIS,100,6.2,294.7,34,N,0
-14.2937,129.4908,326.3,1.2,1.1,2014-08-04,1659,Aqua,MODIS,100,6.2,292.7,29.6,N,0
-14.2923,129.4801,308.1,1.2,1.1,2014-08-04,1659,Aqua,MODIS,43,6.2,291.1,9.5,N,0
-16.4401,123.6286,303.5,1.2,1.1,2014-08-04,1659,Aqua,MODIS,55,6.2,293.2,5.5,N,0
-14.2906,129.4872,320.7,1.2,1.1,2014-08-04,1659,Aqua,MODIS,70,6.2,292.2,20.9,N,0
-14.2698,129.4791,315.9,1.2,1.1,2014-08-04,1659,Aqua,MODIS,92,6.2,291.7,16.6,N,0
-16.4383,123.6172,321.9,1.2,1.1,2014-08-04,1659,Aqua,MODIS,100,6.2,294.4,25.1,N,0
-13.6987,130.1529,300.2,1.2,1.1,2014-08-04,1659,Aqua,MODIS,21,6.2,289.7,5.9,N,0
-14.2602,129.4805,308.7,1.2,1.1,2014-08-04,1659,Aqua,MODIS,75,6.2,291.5,10.5,N,0
-13.7102,130.1629,302.2,1.2,1.1,2014-08-04,1659,Aqua,MODIS,39,6.2,289.7,6.9,N,0
-14.3034,129.4894,325.1,1.2,1.1,2014-08-04,1659,Aqua,MODIS,100,6.2,292.1,28,N,0
-13.7002,130.1643,305.4,1.2,1.1,2014-08-04,1659,Aqua,MODIS,64,6.2,290.5,9.8,N,0
-16.45,123.627,311.1,1.2,1.1,2014-08-04,1659,Aqua,MODIS,82,6.2,293.5,11.6,N,0
-14.2966,129.5123,305.2,1.2,1.1,2014-08-04,1659,Aqua,MODIS,55,6.2,291,7.4,N,0
-17.36,122.9081,330.1,1.3,1.1,2014-08-04,1700,Aqua,MODIS,100,6.2,291.8,39.5,N,0
-17.4494,122.9599,305.5,1.3,1.1,2014-08-04,1700,Aqua,MODIS,65,6.2,289.9,9.6,N,0
-17.3291,123.0368,307.1,1.3,1.1,2014-08-04,1700,Aqua,MODIS,70,6.2,290.8,11.2,N,0
-17.3736,122.9923,303.4,1.3,1.1,2014-08-04,1700,Aqua,MODIS,55,6.2,290.6,7.9,N,0
-17.4289,123.0249,305.4,1.3,1.1,2014-08-04,1700,Aqua,MODIS,21,6.2,290.5,8.3,N,0
-16.5237,123.7585,303.1,1.2,1.1,2014-08-04,1700,Aqua,MODIS,53,6.2,292.4,6.5,N,0
-17.3628,122.876,313,1.3,1.1,2014-08-04,1700,Aqua,MODIS,86,6.2,291.7,16.3,N,0
-17.3608,122.8639,300.9,1.3,1.1,2014-08-04,1700,Aqua,MODIS,14,6.2,290.7,5.4,N,0
-17.3587,122.914,343.5,1.3,1.1,2014-08-04,1700,Aqua,MODIS,100,6.2,294,68,N,0
-17.4071,122.9551,312.1,1.3,1.1,2014-08-04,1700,Aqua,MODIS,44,6.2,291.6,14.3,N,0
-17.362,122.9203,330.6,1.3,1.1,2014-08-04,1700,Aqua,MODIS,100,6.2,291.9,40.2,N,0
-17.3519,122.922,312.8,1.3,1.1,2014-08-04,1700,Aqua,MODIS,42,6.2,291.3,15.3,N,0
-17.3499,122.9099,336.8,1.3,1.1,2014-08-04,1700,Aqua,MODIS,100,6.2,292.9,55.2,N,0
-17.3479,122.8978,303.1,1.3,1.1,2014-08-04,1700,Aqua,MODIS,53,6.2,291,7.5,N,0
-17.4054,122.881,301.2,1.3,1.1,2014-08-04,1700,Aqua,MODIS,39,6.2,290.2,6.7,N,0
-17.4172,122.9534,326.7,1.3,1.1,2014-08-04,1700,Aqua,MODIS,100,6.2,291.4,34,N,0
-17.4111,122.979,318.4,1.3,1.1,2014-08-04,1700,Aqua,MODIS,97,6.2,291.8,22.2,N,0
-17.8394,123.5283,301.5,1.2,1.1,2014-08-04,1700,Aqua,MODIS,42,6.2,290.2,6.4,N,0
-17.8369,123.5741,300.8,1.2,1.1,2014-08-04,1700,Aqua,MODIS,34,6.2,289.9,5.6,N,0
-17.8044,123.5071,301.4,1.2,1.1,2014-08-04,1700,Aqua,MODIS,41,6.2,290.3,6.4,N,0
-18.8122,121.9044,302.2,1.4,1.2,2014-08-04,1700,Aqua,MODIS,47,6.2,289.2,9.3,N,0
-18.8144,121.9177,300.7,1.4,1.2,2014-08-04,1700,Aqua,MODIS,32,6.2,289.1,7.9,N,0
-22.8404,122.5043,304.1,1.2,1.1,2014-08-04,1701,Aqua,MODIS,59,6.2,283.8,10.8,N,0
-22.8422,122.5155,301.1,1.1,1.1,2014-08-04,1701,Aqua,MODIS,38,6.2,284,8.6,N,0
-23.0256,122.3876,328.4,1.2,1.1,2014-08-04,1701,Aqua,MODIS,100,6.2,284.1,36.6,N,0
-23.0293,122.4101,306.3,1.2,1.1,2014-08-04,1701,Aqua,MODIS,68,6.2,284.2,12.1,N,0
-23.0274,122.3989,364.7,1.2,1.1,2014-08-04,1701,Aqua,MODIS,100,6.2,288.6,126.7,N,0
-12.299,141.8562,323.4,1.2,1.1,2014-08-05,0045,Terra,MODIS,76,6.2,291.8,19.5,D,0
-14.6317,142.7895,323.1,1,1,2014-08-05,0045,Terra,MODIS,69,6.2,301.9,12.3,D,0
-14.6359,142.7042,330.2,1,1,2014-08-05,0045,Terra,MODIS,78,6.2,302.4,21.8,D,0
-12.1862,141.931,327.8,1.2,1.1,2014-08-05,0045,Terra,MODIS,76,6.2,291.7,26.8,D,0
-14.6211,142.7814,321.2,1,1,2014-08-05,0045,Terra,MODIS,50,6.2,302.5,10.1,D,0
-14.6314,142.6753,324.2,1,1,2014-08-05,0045,Terra,MODIS,76,6.2,301.5,17.2,D,0
-14.0936,143.619,321.4,1,1,2014-08-05,0045,Terra,MODIS,64,6.2,297.5,11.4,D,0
-15.023,142.8782,314.9,1,1,2014-08-05,0045,Terra,MODIS,27,6.2,300.9,4.5,D,0
-14.6705,142.8067,317.6,1,1,2014-08-05,0045,Terra,MODIS,45,6.2,301.7,7.5,D,0
-14.6344,142.6945,331.8,1,1,2014-08-05,0045,Terra,MODIS,79,6.2,302.2,24.1,D,0
-14.6329,142.6849,341.5,1,1,2014-08-05,0045,Terra,MODIS,90,6.2,302.7,41.4,D,0
-14.6421,142.6835,332.7,1,1,2014-08-05,0045,Terra,MODIS,84,6.2,300.5,26.2,D,0
-14.1874,143.5696,334.4,1,1,2014-08-05,0045,Terra,MODIS,87,6.2,299.8,26.1,D,0
-14.186,143.5604,337.4,1,1,2014-08-05,0045,Terra,MODIS,89,6.2,299.8,30.4,D,0
-14.6436,142.6931,349.4,1,1,2014-08-05,0045,Terra,MODIS,95,6.2,301.9,56.4,D,0
-14.6263,142.692,326.2,1,1,2014-08-05,0045,Terra,MODIS,57,6.2,301.3,14.9,D,0
-14.6292,142.7113,331.8,1,1,2014-08-05,0045,Terra,MODIS,84,6.2,301.1,21.3,D,0
-14.63,142.6656,317.5,1,1,2014-08-05,0045,Terra,MODIS,65,6.2,301,10.3,D,0
-14.6248,142.6824,343.5,1,1,2014-08-05,0045,Terra,MODIS,92,6.2,301.9,42.4,D,0
-14.1937,143.5497,322,1,1,2014-08-05,0045,Terra,MODIS,52,6.2,299.7,12.2,D,0
-14.2027,143.5483,319.8,1,1,2014-08-05,0045,Terra,MODIS,44,6.2,298.3,10.6,D,0
-14.6091,142.7636,332.7,1,1,2014-08-05,0045,Terra,MODIS,85,6.2,303.2,24.8,D,0
-14.6391,142.6642,342.4,1,1,2014-08-05,0045,Terra,MODIS,91,6.2,300,43,D,0
-14.6105,142.7732,330.3,1,1,2014-08-05,0045,Terra,MODIS,78,6.2,302.3,20.6,D,0
-14.6466,142.7123,364.3,1,1,2014-08-05,0045,Terra,MODIS,100,6.2,305.3,95.7,D,0
-14.6406,142.6738,358.7,1,1,2014-08-05,0045,Terra,MODIS,99,6.2,301.8,80.5,D,0
-14.6451,142.7027,387.7,1,1,2014-08-05,0045,Terra,MODIS,100,6.2,307.3,190.4,D,0
-14.648,142.7219,324.8,1,1,2014-08-05,0045,Terra,MODIS,76,6.2,301.8,15.2,D,0
-14.6307,142.7209,330.3,1,1,2014-08-05,0045,Terra,MODIS,65,6.2,301.5,18.9,D,0
-14.118,143.476,320.5,1,1,2014-08-05,0045,Terra,MODIS,75,6.2,299.8,11.2,D,0
-14.1847,143.5511,348.6,1,1,2014-08-05,0045,Terra,MODIS,95,6.2,299.6,51.4,D,0
-13.9801,143.5382,317.8,1,1,2014-08-05,0045,Terra,MODIS,63,6.2,295.5,8.1,D,0
-12.3007,141.867,323.9,1.2,1.1,2014-08-05,0045,Terra,MODIS,77,6.2,290.2,20.1,D,0
-15.0576,142.8666,316,1,1,2014-08-05,0045,Terra,MODIS,41,6.2,301,6.3,D,0
-15.5643,145.1914,322.2,1.1,1,2014-08-05,0045,Terra,MODIS,41,6.2,300.7,14.9,D,0
-15.213,141.8991,324.2,1.1,1,2014-08-05,0045,Terra,MODIS,75,6.2,303.5,12.2,D,0
-12.6658,134.8835,310.1,3.7,1.8,2014-08-05,0045,Terra,MODIS,39,6.2,294.2,33.8,D,0
-15.2146,141.9093,328,1.1,1,2014-08-05,0045,Terra,MODIS,79,6.2,303.2,17.2,D,0
-14.2741,142.688,316.1,1.1,1,2014-08-05,0045,Terra,MODIS,46,6.2,299.9,6.8,D,0
-12.8829,134.795,307.7,3.8,1.8,2014-08-05,0045,Terra,MODIS,58,6.2,293.3,37.5,D,0
-12.6756,134.8469,313.9,3.8,1.8,2014-08-05,0045,Terra,MODIS,50,6.2,295.5,50.9,D,0
-15.5394,145.2012,319.2,1.1,1,2014-08-05,0045,Terra,MODIS,44,6.2,298.6,11.7,D,0
-15.6765,144.7498,310,1,1,2014-08-05,0045,Terra,MODIS,43,6.2,295.5,4.9,D,0
-14.9467,144.3449,321.9,1,1,2014-08-05,0045,Terra,MODIS,76,6.2,299.6,12.4,D,0
-12.6693,134.8553,325.6,3.8,1.8,2014-08-05,0045,Terra,MODIS,82,6.2,295.2,131.3,D,0
-12.6595,134.8503,318.5,3.8,1.8,2014-08-05,0045,Terra,MODIS,76,6.2,294.7,82.5,D,0
-13.9787,143.5289,318.3,1,1,2014-08-05,0045,Terra,MODIS,65,6.2,294.3,8.4,D,0
-12.5569,135.4293,311.3,3.4,1.7,2014-08-05,0045,Terra,MODIS,65,6.2,294.6,41.1,D,0
-12.507,134.2511,305.3,4.2,1.9,2014-08-05,0045,Terra,MODIS,41,6.2,294.1,25.4,D,0
-12.8764,134.7603,308,3.8,1.8,2014-08-05,0045,Terra,MODIS,59,6.2,293.9,39.2,D,0
-12.5508,135.423,306.6,3.4,1.7,2014-08-05,0045,Terra,MODIS,16,6.2,293.9,20.2,D,0
-14.9178,142.8526,319.1,1,1,2014-08-05,0045,Terra,MODIS,58,6.2,302.1,9.1,D,0
-12.8898,134.7877,305.7,3.8,1.8,2014-08-05,0045,Terra,MODIS,26,6.2,293.6,25.6,D,0
-15.538,145.1915,319.4,1,1,2014-08-05,0045,Terra,MODIS,53,6.2,295.3,11.6,D,0
-12.3646,134.9672,306.9,3.7,1.8,2014-08-05,0045,Terra,MODIS,39,6.2,294,27.1,D,0
-15.5735,145.19,336.1,1.1,1,2014-08-05,0045,Terra,MODIS,88,6.2,300.5,32.8,D,0
-14.3144,135.0887,310.5,3.3,1.7,2014-08-05,0046,Terra,MODIS,66,6.2,292.6,39.8,D,0
-16.1782,136.1346,319.5,2.5,1.5,2014-08-05,0046,Terra,MODIS,56,6.2,298.4,44.5,D,0
-16.1563,135.9831,327.1,2.6,1.6,2014-08-05,0046,Terra,MODIS,83,6.2,297.2,80.6,D,0
-15.9807,136.0299,323.1,2.6,1.6,2014-08-05,0046,Terra,MODIS,80,6.2,298,59,D,0
-15.9902,136.0351,331.5,2.6,1.6,2014-08-05,0046,Terra,MODIS,86,6.2,298.4,103.2,D,0
-15.9898,136.0778,320.5,2.6,1.5,2014-08-05,0046,Terra,MODIS,54,6.2,296.9,50.1,D,0
-16.1835,136.1264,328,2.5,1.5,2014-08-05,0046,Terra,MODIS,81,6.2,298.2,77.4,D,0
-14.3344,135.0456,308.2,3.4,1.7,2014-08-05,0046,Terra,MODIS,60,6.2,293.4,30.4,D,0
-16.628,145.1667,317.4,1.1,1,2014-08-05,0046,Terra,MODIS,68,6.2,300,10.9,D,0
-15.9946,136.0271,331.9,2.6,1.6,2014-08-05,0046,Terra,MODIS,86,6.2,298.7,99.1,D,0
-16.8288,145.288,326.2,1.1,1,2014-08-05,0046,Terra,MODIS,80,6.2,298.3,20.9,D,0
-16.0032,136.107,313.1,2.6,1.5,2014-08-05,0046,Terra,MODIS,64,6.2,294.7,31.1,D,0
-15.9859,136.0111,326.2,2.6,1.6,2014-08-05,0046,Terra,MODIS,83,6.2,298.1,77.8,D,0
-16.8531,145.3255,312.7,1.1,1,2014-08-05,0046,Terra,MODIS,16,6.2,298.7,6.1,D,0
-16.1879,136.1498,325.9,2.5,1.5,2014-08-05,0046,Terra,MODIS,69,6.2,298.1,65.2,D,0
-15.9989,136.0831,332.6,2.6,1.5,2014-08-05,0046,Terra,MODIS,87,6.2,297.1,112.1,D,0
-16.1919,136.1319,323.2,2.5,1.5,2014-08-05,0046,Terra,MODIS,80,6.2,298.1,58.1,D,0
-16.8274,145.2779,338.1,1.1,1,2014-08-05,0046,Terra,MODIS,89,6.2,298,39.2,D,0
-16.1726,144.6154,315.8,1,1,2014-08-05,0046,Terra,MODIS,67,6.2,300.7,8.7,D,0
-16.152,135.9909,325.7,2.6,1.6,2014-08-05,0046,Terra,MODIS,82,6.2,297.8,73.8,D,0
-16.6294,145.1767,315.6,1.1,1,2014-08-05,0046,Terra,MODIS,65,6.2,300.7,9.2,D,0
-16.1476,135.9668,319,2.6,1.6,2014-08-05,0046,Terra,MODIS,54,6.2,295.9,45.5,D,0
-16.1972,136.1237,317.1,2.5,1.5,2014-08-05,0046,Terra,MODIS,51,6.2,297.4,35.2,D,0
-16.3175,135.6291,315.2,2.8,1.6,2014-08-05,0046,Terra,MODIS,65,6.2,294.8,38.1,D,0
-15.9943,136.1017,315.4,2.6,1.5,2014-08-05,0046,Terra,MODIS,60,6.2,295.1,36.2,D,0
-15.7226,135.4936,309.4,2.9,1.6,2014-08-05,0046,Terra,MODIS,63,6.2,295.9,25.9,D,0
-16.0834,137.0721,319.5,2.2,1.4,2014-08-05,0046,Terra,MODIS,77,6.2,295.8,41.4,D,0
-17.9164,138.7391,313,1.5,1.2,2014-08-05,0046,Terra,MODIS,64,6.2,298,12.7,D,0
-17.2053,138.8317,319.2,1.5,1.2,2014-08-05,0046,Terra,MODIS,32,6.2,296.4,21.1,D,0
-17.1943,138.8337,360.7,1.5,1.2,2014-08-05,0046,Terra,MODIS,100,6.2,299,156.6,D,0
-18.1331,138.4549,316.3,1.6,1.2,2014-08-05,0046,Terra,MODIS,51,6.2,297.2,16.3,D,0
-18.1451,138.3913,322.1,1.6,1.2,2014-08-05,0046,Terra,MODIS,71,6.2,298.1,26.3,D,0
-18.134,138.3934,319.2,1.6,1.2,2014-08-05,0046,Terra,MODIS,61,6.2,297.8,20.6,D,0
-18.1664,138.4487,316.9,1.6,1.2,2014-08-05,0046,Terra,MODIS,44,6.2,297.3,16.4,D,0
-16.6016,139.3453,320.2,1.5,1.2,2014-08-05,0046,Terra,MODIS,68,6.2,296.1,25.2,D,0
-18.1805,138.3943,315.1,1.6,1.2,2014-08-05,0046,Terra,MODIS,44,6.2,296.7,14.7,D,0
-17.7044,138.7763,314.7,1.5,1.2,2014-08-05,0046,Terra,MODIS,58,6.2,294.9,13.2,D,0
-16.4717,144.2656,314.4,1,1,2014-08-05,0046,Terra,MODIS,47,6.2,302.1,4.5,D,0
-18.0893,138.4696,309.8,1.6,1.2,2014-08-05,0046,Terra,MODIS,37,6.2,297.1,8.5,D,0
-18.0887,138.463,313.1,1.6,1.2,2014-08-05,0046,Terra,MODIS,50,6.2,297.2,13.1,D,0
-18.0604,138.3673,310.1,1.6,1.2,2014-08-05,0046,Terra,MODIS,58,6.2,296.9,9.6,D,0
-17.5566,138.7273,309.8,1.6,1.2,2014-08-05,0046,Terra,MODIS,37,6.2,295.2,6.3,D,0
-16.0819,137.0664,323.1,2.2,1.4,2014-08-05,0046,Terra,MODIS,77,6.2,295.7,49.8,D,0
-16.5993,139.3318,306.8,1.5,1.2,2014-08-05,0046,Terra,MODIS,35,6.2,294.6,6.7,D,0
-15.3055,134.2743,316.8,3.7,1.8,2014-08-05,0046,Terra,MODIS,74,6.2,293.9,75.9,D,0
-15.3144,134.28,318.4,3.7,1.8,2014-08-05,0046,Terra,MODIS,76,6.2,294.2,84.1,D,0
-17.6485,138.7924,312.3,1.5,1.2,2014-08-05,0046,Terra,MODIS,61,6.2,298,9.5,D,0
-15.3215,134.2711,313.2,3.7,1.8,2014-08-05,0046,Terra,MODIS,49,6.2,295,53.6,D,0
-15.7909,135.4388,324.5,2.9,1.6,2014-08-05,0046,Terra,MODIS,81,6.2,294.7,89.7,D,0
-15.796,135.4657,319.6,2.9,1.6,2014-08-05,0046,Terra,MODIS,77,6.2,296.4,65.8,D,0
-15.8054,135.4359,330.8,2.9,1.6,2014-08-05,0046,Terra,MODIS,86,6.2,294.9,117.2,D,0
-15.8105,135.4628,326.6,2.9,1.6,2014-08-05,0046,Terra,MODIS,77,6.2,296.1,92.3,D,0
-16.1825,136.1579,341.4,2.5,1.5,2014-08-05,0046,Terra,MODIS,92,6.2,297.8,153.6,D,0
-16.1866,136.1807,327.7,2.5,1.5,2014-08-05,0046,Terra,MODIS,83,6.2,296.1,74.8,D,0
-15.7905,135.4449,318.1,2.9,1.6,2014-08-05,0046,Terra,MODIS,75,6.2,295,55.4,D,0
-15.805,135.4419,347.6,2.9,1.6,2014-08-05,0046,Terra,MODIS,95,6.2,295.7,251.5,D,0
-16.1922,136.1726,330.8,2.5,1.5,2014-08-05,0046,Terra,MODIS,86,6.2,296.9,88,D,0
-15.81,135.4688,321.2,2.9,1.6,2014-08-05,0046,Terra,MODIS,78,6.2,296.1,68,D,0
-20.0563,146.2539,322.1,1.3,1.1,2014-08-05,0047,Terra,MODIS,79,6.2,293.4,22.8,D,0
-20.0547,146.2414,314.1,1.3,1.1,2014-08-05,0047,Terra,MODIS,69,6.2,294.1,11.7,D,0
-25.3376,145.6187,311.9,1.4,1.2,2014-08-05,0048,Terra,MODIS,63,6.2,295.9,10.8,D,0
-24.8532,147.055,316.5,1.7,1.3,2014-08-05,0048,Terra,MODIS,74,6.2,293.6,24.9,D,0
-24.8497,147.0488,309.3,1.7,1.3,2014-08-05,0048,Terra,MODIS,62,6.2,294,13.9,D,0
-27.024,150.1651,308.9,3,1.6,2014-08-05,0048,Terra,MODIS,66,6.2,295.5,22.5,D,0
-33.5169,142.838,311.4,1.2,1.1,2014-08-05,0050,Terra,MODIS,71,6.2,289.4,14.7,D,0
-32.9982,137.5929,312.8,1.1,1,2014-08-05,0050,Terra,MODIS,0,6.2,289.5,11.8,D,2
-34.0664,139.7552,324.1,1,1,2014-08-05,0051,Terra,MODIS,83,6.2,287.5,22.9,D,0
-34.378,140.4804,303.2,1,1,2014-08-05,0051,Terra,MODIS,55,6.2,286.5,5.7,D,0
-34.3703,140.4934,301.4,1,1,2014-08-05,0051,Terra,MODIS,44,6.2,286.4,4.6,D,0
-34.3688,140.4822,331,1,1,2014-08-05,0051,Terra,MODIS,87,6.2,289.2,31.9,D,0
-11.5939,130.7738,315,4.8,2,2014-08-05,0223,Terra,MODIS,40,6.2,294.4,81,D,0
-13.7025,130.1511,310.4,4.6,2,2014-08-05,0223,Terra,MODIS,11,6.2,297.1,40,D,0
-13.6844,130.146,310.2,4.6,2,2014-08-05,0223,Terra,MODIS,25,6.2,297.1,41.4,D,0
-13.6848,130.153,312,4.6,2,2014-08-05,0223,Terra,MODIS,31,6.2,297.4,50.6,D,0
-13.726,130.3654,316.4,4.7,2,2014-08-05,0223,Terra,MODIS,39,6.2,300,75.6,D,0
-11.7558,130.4503,310.3,4.5,2,2014-08-05,0223,Terra,MODIS,30,6.2,293.7,57.1,D,0
-13.7242,130.3584,317,4.7,2,2014-08-05,0223,Terra,MODIS,54,6.2,300.6,81.2,D,0
-14.5398,126.7972,314.3,2.6,1.5,2014-08-05,0224,Terra,MODIS,11,6.2,302,23.1,D,0
-14.5259,126.7988,314.6,2.6,1.5,2014-08-05,0224,Terra,MODIS,51,6.2,302.8,26.1,D,0
-14.6313,126.8032,338.5,2.6,1.6,2014-08-05,0224,Terra,MODIS,89,6.2,300.9,135.5,D,0
-14.6366,126.7971,314.8,2.6,1.6,2014-08-05,0224,Terra,MODIS,57,6.2,300.9,25.5,D,0
-14.5286,126.8225,313.2,2.6,1.6,2014-08-05,0224,Terra,MODIS,48,6.2,299.9,21.5,D,0
-14.6286,126.7798,344.4,2.6,1.5,2014-08-05,0224,Terra,MODIS,92,6.2,303.2,176.7,D,0
-14.6173,126.8044,316.6,2.6,1.6,2014-08-05,0224,Terra,MODIS,52,6.2,299.5,28.2,D,0
-14.6146,126.7809,326.3,2.6,1.5,2014-08-05,0224,Terra,MODIS,80,6.2,302.1,68.4,D,0
-14.2794,129.4746,325.4,4.1,1.9,2014-08-05,0224,Terra,MODIS,74,6.2,296.2,147.1,D,0
-14.2864,129.506,322.5,4.2,1.9,2014-08-05,0224,Terra,MODIS,75,6.2,297.4,124.5,D,0
-16.5305,123.7639,313,1.6,1.3,2014-08-05,0224,Terra,MODIS,60,6.2,299.5,11.8,D,0
-14.2964,129.4728,348.6,4.1,1.9,2014-08-05,0224,Terra,MODIS,89,6.2,297.8,428,D,0
-14.2997,129.466,340.7,4.1,1.9,2014-08-05,0224,Terra,MODIS,84,6.2,296.7,299.7,D,0
-14.2834,129.5127,313.2,4.2,1.9,2014-08-05,0224,Terra,MODIS,56,6.2,297,58,D,0
-14.3004,129.5108,326.1,4.2,1.9,2014-08-05,0224,Terra,MODIS,79,6.2,297.6,154.8,D,0
-14.2827,129.4679,323.8,4.1,1.9,2014-08-05,0224,Terra,MODIS,73,6.2,296,135.5,D,0
-14.3035,129.504,334.9,4.2,1.9,2014-08-05,0224,Terra,MODIS,87,6.2,298,236.9,D,0
-14.3674,129.4148,310.4,4.1,1.9,2014-08-05,0224,Terra,MODIS,33,6.2,295.9,46.9,D,0
-17.3549,122.8761,326.7,1.5,1.2,2014-08-05,0225,Terra,MODIS,77,6.2,303.9,28.9,D,0
-17.4402,122.914,347.9,1.5,1.2,2014-08-05,0225,Terra,MODIS,93,6.2,304.8,86.8,D,0
-17.4225,122.8603,359.7,1.5,1.2,2014-08-05,0225,Terra,MODIS,99,6.2,304.5,136.1,D,0
-17.4349,122.8726,337.9,1.5,1.2,2014-08-05,0225,Terra,MODIS,80,6.2,297.9,57.1,D,0
-17.8406,123.566,321.2,1.7,1.3,2014-08-05,0225,Terra,MODIS,61,6.2,302.5,25.4,D,0
-17.4581,122.9681,339.4,1.5,1.2,2014-08-05,0225,Terra,MODIS,57,6.2,297.4,63.3,D,0
-17.4207,122.8466,342.9,1.5,1.2,2014-08-05,0225,Terra,MODIS,92,6.2,299,74.9,D,0
-17.4384,122.9001,362.8,1.5,1.2,2014-08-05,0225,Terra,MODIS,100,6.2,303.2,150.7,D,0
-17.4367,122.8864,359.4,1.5,1.2,2014-08-05,0225,Terra,MODIS,99,6.2,301,135,D,0
-17.0361,122.5335,320.6,1.4,1.2,2014-08-05,0225,Terra,MODIS,73,6.2,303.4,16.8,D,0
-17.4259,122.8877,325,1.5,1.2,2014-08-05,0225,Terra,MODIS,55,6.2,307.3,25.3,D,0
-17.4242,122.874,347.7,1.5,1.2,2014-08-05,0225,Terra,MODIS,94,6.2,308.4,87,D,0
-17.3532,122.8624,345.3,1.5,1.2,2014-08-05,0225,Terra,MODIS,93,6.2,304.3,79,D,0
-17.3567,122.8898,322.9,1.5,1.2,2014-08-05,0225,Terra,MODIS,57,6.2,302.9,19.5,D,0
-22.1436,119.4483,323.3,1.1,1,2014-08-05,0226,Terra,MODIS,80,6.2,298.2,17.8,D,0
-22.1228,119.5052,312.4,1.1,1,2014-08-05,0226,Terra,MODIS,67,6.2,298.5,6.4,D,0
-22.1422,119.4379,317.4,1.1,1,2014-08-05,0226,Terra,MODIS,53,6.2,298.1,11.2,D,0
-22.1486,119.4416,322,1.1,1,2014-08-05,0226,Terra,MODIS,79,6.2,297.4,17.8,D,0
-23.0156,122.4122,317.5,1.6,1.3,2014-08-05,0226,Terra,MODIS,31,6.2,297.4,22.1,D,0
-23.012,122.3808,325.4,1.6,1.2,2014-08-05,0226,Terra,MODIS,41,6.2,298,34.3,D,0
-22.8863,122.5706,330.3,1.7,1.3,2014-08-05,0226,Terra,MODIS,85,6.2,298.1,52.1,D,0
-22.8977,122.5691,320,1.7,1.3,2014-08-05,0226,Terra,MODIS,76,6.2,295.7,29.6,D,0
-22.8955,122.5634,329,1.7,1.3,2014-08-05,0226,Terra,MODIS,84,6.2,295.9,48.6,D,0
-22.8973,122.5797,314.6,1.7,1.3,2014-08-05,0226,Terra,MODIS,63,6.2,296.5,18.5,D,0
-23.0102,122.3652,330.8,1.6,1.2,2014-08-05,0226,Terra,MODIS,85,6.2,299,49.4,D,0
-22.8561,122.5094,309.8,1.6,1.3,2014-08-05,0226,Terra,MODIS,44,6.2,295.6,10.4,D,0
-22.8542,122.4936,307.8,1.6,1.3,2014-08-05,0226,Terra,MODIS,23,6.2,295.9,7.4,D,0
-22.8447,122.5108,312.2,1.6,1.3,2014-08-05,0226,Terra,MODIS,64,6.2,296.4,14.8,D,0
-22.8429,122.495,310.8,1.6,1.3,2014-08-05,0226,Terra,MODIS,57,6.2,297.4,12.4,D,0
-23.0215,122.3638,323.7,1.6,1.2,2014-08-05,0226,Terra,MODIS,79,6.2,296,34,D,0
-24.5423,118.8272,326.9,1.1,1,2014-08-05,0227,Terra,MODIS,82,6.2,300,22.6,D,0
-24.5409,118.8166,313.9,1.1,1,2014-08-05,0227,Terra,MODIS,68,6.2,298.9,7.8,D,0
-27.8543,114.79,311,1,1,2014-08-05,0228,Terra,MODIS,65,6.2,297.4,7.4,D,0
-27.8526,114.7795,322.5,1,1,2014-08-05,0228,Terra,MODIS,80,6.2,297.4,18.2,D,0
-30.8719,121.491,303.8,1.8,1.3,2014-08-05,0228,Terra,MODIS,57,6.2,292.3,8.9,D,2
-33.6036,120.0403,308.7,1.6,1.2,2014-08-05,0229,Terra,MODIS,67,6.2,289.9,17.2,D,0
-33.6054,120.0573,308.2,1.6,1.2,2014-08-05,0229,Terra,MODIS,67,6.2,290.5,16.5,D,0
-31.9035,115.8133,300.6,1,1,2014-08-05,0229,Terra,MODIS,28,6.2,288.2,2.2,D,0
-34.3852,116.8888,304.8,1.1,1.1,2014-08-05,0229,Terra,MODIS,60,6.2,287.9,8.7,D,0
-33.8941,117.0387,328,1.1,1.1,2014-08-05,0229,Terra,MODIS,85,6.2,288,32.8,D,0
-31.7908,115.9289,301.9,1,1,2014-08-05,0229,Terra,MODIS,50,6.2,291.2,3.6,D,0
-34.6119,117.7493,304.2,1.2,1.1,2014-08-05,0230,Terra,MODIS,58,6.2,288,9.1,D,0
-34.7141,118.0156,376.8,1.3,1.1,2014-08-05,0230,Terra,MODIS,100,6.2,297.3,197,D,0
-34.7125,118.0018,342.7,1.3,1.1,2014-08-05,0230,Terra,MODIS,93,6.2,292.9,67.8,D,0
-35.061,150.4335,303.5,2,1.4,2014-08-05,0328,Aqua,MODIS,56,6.2,287.2,19.1,D,0
-36.759,149.6987,305.3,2.3,1.5,2014-08-05,0328,Aqua,MODIS,60,6.2,290.9,18.9,D,0
-34.252,150.516,302.9,1.9,1.4,2014-08-05,0328,Aqua,MODIS,53,6.2,289.8,14.3,D,0
-34.3254,146.087,310.6,3.7,1.8,2014-08-05,0328,Aqua,MODIS,70,6.2,291,63.8,D,0
-36.761,149.6733,303.6,2.3,1.5,2014-08-05,0328,Aqua,MODIS,47,6.2,290.7,15.5,D,0
-36.7686,149.6788,303.8,2.3,1.5,2014-08-05,0328,Aqua,MODIS,57,6.2,290.8,17.8,D,0
-34.3199,146.0826,306.5,3.7,1.8,2014-08-05,0328,Aqua,MODIS,64,6.2,290.6,41.6,D,0
-31.7678,151.4432,302.9,1.6,1.2,2014-08-05,0329,Aqua,MODIS,48,6.2,288.7,10.5,D,0
-32.2424,151.136,303.3,1.6,1.3,2014-08-05,0329,Aqua,MODIS,39,6.2,289.1,9,D,0
-33.3722,150.6972,300.6,1.8,1.3,2014-08-05,0329,Aqua,MODIS,26,6.2,290.5,8.5,D,0
-33.3843,150.6978,332.3,1.8,1.3,2014-08-05,0329,Aqua,MODIS,88,6.2,291.2,76.5,D,0
-33.3861,150.6786,306.9,1.8,1.3,2014-08-05,0329,Aqua,MODIS,64,6.2,290.5,17.5,D,0
-27.5711,149.7645,331.5,1.8,1.3,2014-08-05,0330,Aqua,MODIS,86,6.2,299.9,56.8,D,0
-26.5242,152.6288,308.1,1.2,1.1,2014-08-05,0330,Aqua,MODIS,63,6.2,290.3,9.4,D,0
-27.5693,149.7824,326.7,1.8,1.3,2014-08-05,0330,Aqua,MODIS,82,6.2,300.4,43.2,D,0
-27.1625,152.4066,310.2,1.2,1.1,2014-08-05,0330,Aqua,MODIS,62,6.2,296.2,7.1,D,0
-26.5241,152.39,310.2,1.2,1.1,2014-08-05,0330,Aqua,MODIS,63,6.2,288.6,13.1,D,0
-25.7305,150.793,318.7,1.4,1.2,2014-08-05,0331,Aqua,MODIS,65,6.2,290.8,22.6,D,0
-22.098,149.3892,313.3,1.6,1.2,2014-08-05,0332,Aqua,MODIS,67,6.2,292,22.7,D,0
-22.0973,149.3943,314.8,1.6,1.2,2014-08-05,0332,Aqua,MODIS,69,6.2,292.5,23.6,D,0
-22.591,150.2435,311.2,1.4,1.2,2014-08-05,0332,Aqua,MODIS,60,6.2,293.9,11.4,D,0
-22.5926,150.2297,318.9,1.4,1.2,2014-08-05,0332,Aqua,MODIS,77,6.2,296,22.2,D,0
-16.2892,144.1023,316.1,3.2,1.7,2014-08-05,0333,Aqua,MODIS,67,6.2,299.6,37.2,D,0
-14.6573,142.6678,339.1,3.9,1.8,2014-08-05,0334,Aqua,MODIS,89,6.2,297,251.8,D,0
-14.6526,142.6634,343,3.9,1.8,2014-08-05,0334,Aqua,MODIS,92,6.2,297.2,306,D,0
-14.6406,142.6658,317.6,3.9,1.8,2014-08-05,0334,Aqua,MODIS,57,6.2,295.7,63.2,D,0
-14.1299,143.4614,312.2,3.4,1.7,2014-08-05,0334,Aqua,MODIS,50,6.2,286.7,53.5,D,0
-15.5804,145.1784,314.6,2.6,1.6,2014-08-05,0334,Aqua,MODIS,49,6.2,294.1,31.8,D,0
-15.5859,145.186,313.4,2.6,1.6,2014-08-05,0334,Aqua,MODIS,52,6.2,293.9,28.8,D,0
-34.0637,139.7627,302.7,2,1.4,2014-08-05,0507,Aqua,MODIS,53,6.2,292.6,10.1,D,0
-23.0402,122.3956,313.4,2.4,1.5,2014-08-05,0510,Aqua,MODIS,14,6.2,302.5,19.8,D,0
-23.0156,122.3693,326.3,2.4,1.5,2014-08-05,0510,Aqua,MODIS,79,6.2,302.5,61,D,0
-22.8601,122.4856,313,2.3,1.5,2014-08-05,0510,Aqua,MODIS,56,6.2,301.2,19.8,D,0
-23.0045,122.3444,320.3,2.4,1.5,2014-08-05,0510,Aqua,MODIS,72,6.2,301.7,42,D,0
-23.0022,122.3678,313.1,2.4,1.5,2014-08-05,0510,Aqua,MODIS,54,6.2,300.7,20.7,D,0
-23.5923,121.8779,313.4,2.6,1.6,2014-08-05,0510,Aqua,MODIS,58,6.2,300.3,27.9,D,0
-20.004,127.5323,319.9,1.1,1,2014-08-05,0511,Aqua,MODIS,65,6.2,305.9,8.8,D,0
-17.1771,138.8299,316,4.2,1.9,2014-08-05,0511,Aqua,MODIS,66,6.2,291.7,72.4,D,0
-17.1754,138.8251,316.4,4.2,1.9,2014-08-05,0511,Aqua,MODIS,67,6.2,292.4,75.1,D,0
-17.1603,138.8262,312.3,4.2,1.9,2014-08-05,0511,Aqua,MODIS,38,6.2,292.2,48.6,D,0
-17.9071,138.689,312,3.9,1.8,2014-08-05,0511,Aqua,MODIS,41,6.2,296.7,28.4,D,0
-17.9125,138.724,314.7,3.9,1.8,2014-08-05,0511,Aqua,MODIS,45,6.2,297.7,43.2,D,0
-18.137,138.382,346.9,3.7,1.8,2014-08-05,0511,Aqua,MODIS,93,6.2,299.3,310.7,D,0
-18.147,138.3793,325.7,3.7,1.8,2014-08-05,0511,Aqua,MODIS,56,6.2,298.2,97.1,D,0
-18.131,138.3757,353.3,3.7,1.8,2014-08-05,0511,Aqua,MODIS,97,6.2,299.3,413.8,D,0
-18.1691,138.3886,320.3,3.7,1.8,2014-08-05,0511,Aqua,MODIS,42,6.2,299.6,62,D,0
-18.1791,138.3858,322.5,3.7,1.8,2014-08-05,0511,Aqua,MODIS,60,6.2,300,78.3,D,0
-17.6107,138.6744,319.4,4,1.9,2014-08-05,0511,Aqua,MODIS,71,6.2,298.8,68.8,D,0
-17.616,138.6839,317.7,4,1.9,2014-08-05,0511,Aqua,MODIS,69,6.2,297.7,52.5,D,0
-17.8996,138.7256,317.5,3.9,1.8,2014-08-05,0511,Aqua,MODIS,67,6.2,297.2,63.7,D,0
-17.896,138.7203,319.7,3.9,1.8,2014-08-05,0511,Aqua,MODIS,71,6.2,296.9,77,D,0
-17.5376,138.8501,314.4,4.1,1.9,2014-08-05,0511,Aqua,MODIS,61,6.2,298,44,D,0
-17.5398,138.8551,315,4.1,1.9,2014-08-05,0511,Aqua,MODIS,63,6.2,298.1,47.8,D,0
-18.144,138.3477,330.7,3.7,1.8,2014-08-05,0511,Aqua,MODIS,70,6.2,297,139.3,D,0
-18.1379,138.3411,322.9,3.7,1.8,2014-08-05,0511,Aqua,MODIS,75,6.2,296.8,91.6,D,0
-18.7062,132.7728,328.7,1.4,1.2,2014-08-05,0511,Aqua,MODIS,74,6.2,307.2,26.9,D,0
-18.6311,132.7395,326.5,1.4,1.2,2014-08-05,0511,Aqua,MODIS,78,6.2,307.4,24.9,D,0
-18.6348,132.7458,323.4,1.4,1.2,2014-08-05,0511,Aqua,MODIS,51,6.2,306.9,17.4,D,0
-18.6957,132.7709,332.4,1.4,1.2,2014-08-05,0511,Aqua,MODIS,84,6.2,306.9,34.5,D,0
-18.7167,132.7748,326.2,1.4,1.2,2014-08-05,0511,Aqua,MODIS,77,6.2,306.4,23.7,D,0
-15.8015,135.4339,322.9,2.5,1.5,2014-08-05,0512,Aqua,MODIS,69,6.2,302.3,43.7,D,0
-15.9209,136.295,315.5,2.9,1.6,2014-08-05,0512,Aqua,MODIS,27,6.2,301.3,28,D,0
-15.8151,135.4365,319,2.5,1.5,2014-08-05,0512,Aqua,MODIS,24,6.2,301.9,25.8,D,0
-16.1584,136.166,323.7,2.8,1.6,2014-08-05,0512,Aqua,MODIS,55,6.2,301.5,47.6,D,0
-16.1727,136.1685,331.9,2.8,1.6,2014-08-05,0512,Aqua,MODIS,84,6.2,301.4,89,D,0
-14.6813,131.8955,324.3,1.4,1.2,2014-08-05,0512,Aqua,MODIS,30,6.2,310.7,18.2,D,0
-15.4309,128.8761,319.6,1,1,2014-08-05,0512,Aqua,MODIS,60,6.2,308.1,7.8,D,0
-15.7186,129.547,321.3,1.1,1,2014-08-05,0512,Aqua,MODIS,64,6.2,309.2,9.4,D,0
-15.7359,129.5467,321.7,1.1,1,2014-08-05,0512,Aqua,MODIS,59,6.2,306.6,8.6,D,0
-17.3296,122.8715,372.3,1.8,1.3,2014-08-05,0512,Aqua,MODIS,100,6.2,308.3,274.4,D,0
-17.3276,122.8884,347.3,1.8,1.3,2014-08-05,0512,Aqua,MODIS,93,6.2,304.5,111.1,D,0
-17.4131,122.8375,337.4,1.8,1.3,2014-08-05,0512,Aqua,MODIS,87,6.2,304.9,72.6,D,0
-17.4012,122.8359,345.7,1.8,1.3,2014-08-05,0512,Aqua,MODIS,92,6.2,305.1,106.3,D,0
-16.4325,123.5962,330.9,1.6,1.2,2014-08-05,0512,Aqua,MODIS,0,6.2,304.5,44.3,D,0
-16.6396,122.9122,320.4,1.8,1.3,2014-08-05,0512,Aqua,MODIS,69,6.2,304.2,26.6,D,0
-17.8533,123.5422,321.8,1.6,1.3,2014-08-05,0512,Aqua,MODIS,48,6.2,305.9,18,D,0
-17.4032,122.8188,359.7,1.8,1.3,2014-08-05,0512,Aqua,MODIS,99,6.2,308.6,189.1,D,0
-17.4052,122.8016,315.4,1.8,1.3,2014-08-05,0512,Aqua,MODIS,21,6.2,300,18.1,D,0
-17.3912,122.8172,412,1.8,1.3,2014-08-05,0512,Aqua,MODIS,100,6.2,311.3,791.3,D,0
-17.3932,122.8,359.1,1.8,1.3,2014-08-05,0512,Aqua,MODIS,99,6.2,301.6,189.4,D,0
-17.8552,123.5266,322.7,1.7,1.3,2014-08-05,0512,Aqua,MODIS,60,6.2,306.9,20.6,D,0
-15.8312,128.4653,318.6,1,1,2014-08-05,0512,Aqua,MODIS,55,6.2,307.6,5.7,D,0
-16.525,123.7611,316.7,1.5,1.2,2014-08-05,0512,Aqua,MODIS,25,6.2,305.4,10.9,D,0
-16.5285,123.7537,317.4,1.5,1.2,2014-08-05,0512,Aqua,MODIS,59,6.2,305.1,13.4,D,0
-16.5268,123.7682,316.5,1.5,1.2,2014-08-05,0512,Aqua,MODIS,55,6.2,304.2,12,D,0
-15.4044,128.93,317.4,1,1,2014-08-05,0512,Aqua,MODIS,49,6.2,305.7,5.9,D,0
-15.4135,128.9315,328.1,1,1,2014-08-05,0512,Aqua,MODIS,77,6.2,307.3,17.5,D,0
-17.4266,123.0274,322.6,1.8,1.3,2014-08-05,0512,Aqua,MODIS,54,6.2,307.6,17.5,D,0
-17.4799,123.0392,327.8,1.8,1.3,2014-08-05,0512,Aqua,MODIS,75,6.2,307.3,37.8,D,0
-17.3458,122.8976,330.2,1.8,1.3,2014-08-05,0512,Aqua,MODIS,42,6.2,307.5,35.7,D,0
-17.3477,122.8807,330.2,1.8,1.3,2014-08-05,0512,Aqua,MODIS,45,6.2,307.4,37.8,D,0
-17.0428,122.528,318.6,1.9,1.3,2014-08-05,0512,Aqua,MODIS,49,6.2,307,16.1,D,0
-17.3394,122.8899,342.5,1.8,1.3,2014-08-05,0512,Aqua,MODIS,85,6.2,307.6,86.2,D,0
-17.3415,122.8731,331.8,1.8,1.3,2014-08-05,0512,Aqua,MODIS,57,6.2,305.6,49.7,D,0
-14.4682,129.9752,322.7,1.1,1.1,2014-08-05,0512,Aqua,MODIS,69,6.2,309.2,10.2,D,0
-17.474,122.9876,323.5,1.8,1.3,2014-08-05,0512,Aqua,MODIS,44,6.2,306.9,25.8,D,0
-17.4839,123.0059,325.6,1.8,1.3,2014-08-05,0512,Aqua,MODIS,61,6.2,305.3,31.7,D,0
-17.4819,123.0226,326.6,1.8,1.3,2014-08-05,0512,Aqua,MODIS,68,6.2,306.2,33.6,D,0
-14.2967,135.0561,326.8,2.5,1.5,2014-08-05,0512,Aqua,MODIS,37,6.2,302,60.4,D,0
-16.3339,135.6229,356.5,2.5,1.5,2014-08-05,0512,Aqua,MODIS,98,6.2,304.8,251.4,D,0
-14.2928,135.079,321.6,2.5,1.5,2014-08-05,0512,Aqua,MODIS,42,6.2,300.5,43,D,0
-16.2877,135.609,330.6,2.5,1.5,2014-08-05,0512,Aqua,MODIS,83,6.2,301.1,79.3,D,0
-16.3293,136.8958,313.1,3.1,1.7,2014-08-05,0512,Aqua,MODIS,40,6.2,299.9,24.1,D,0
-16.0411,135.5167,314.6,2.5,1.5,2014-08-05,0512,Aqua,MODIS,30,6.2,302.9,19.1,D,0
-15.9493,136.4682,321,3,1.6,2014-08-05,0512,Aqua,MODIS,50,6.2,302.7,37.9,D,0
-16.035,136.0754,324.2,2.8,1.6,2014-08-05,0512,Aqua,MODIS,43,6.2,299.5,56.5,D,0
-14.312,135.0195,324.8,2.5,1.5,2014-08-05,0512,Aqua,MODIS,69,6.2,299.7,54.8,D,0
-16.3067,135.6176,323.7,2.5,1.5,2014-08-05,0512,Aqua,MODIS,66,6.2,301.5,45.5,D,0
-16.3297,135.6463,342.3,2.5,1.5,2014-08-05,0512,Aqua,MODIS,91,6.2,301.8,139.2,D,0
-15.9482,136.473,322.4,3,1.6,2014-08-05,0512,Aqua,MODIS,68,6.2,302.6,45.7,D,0
-16.3013,135.6117,326.3,2.5,1.5,2014-08-05,0512,Aqua,MODIS,70,6.2,302,56.5,D,0
-16.1162,135.5386,314.4,2.5,1.5,2014-08-05,0512,Aqua,MODIS,58,6.2,302.3,21.7,D,0
-16.0273,136.0526,323.9,2.7,1.6,2014-08-05,0512,Aqua,MODIS,39,6.2,303,50.8,D,0
-16.2931,135.6149,339.9,2.5,1.5,2014-08-05,0512,Aqua,MODIS,90,6.2,301.4,128.3,D,0
-16.1441,136.0052,319.2,2.7,1.6,2014-08-05,0512,Aqua,MODIS,44,6.2,303.6,29.5,D,0
-14.2903,135.0625,337.9,2.5,1.5,2014-08-05,0512,Aqua,MODIS,88,6.2,301,118.9,D,0
-14.4993,134.7698,315.5,2.3,1.5,2014-08-05,0512,Aqua,MODIS,31,6.2,301.4,18.3,D,0
-16.108,135.5422,314.8,2.5,1.5,2014-08-05,0512,Aqua,MODIS,57,6.2,301.2,21.9,D,0
-15.9642,136.3035,321.2,2.9,1.6,2014-08-05,0512,Aqua,MODIS,66,6.2,301.6,43.6,D,0
-16.2844,136.8867,315.3,3.1,1.7,2014-08-05,0512,Aqua,MODIS,61,6.2,299.9,38.2,D,0
-15.9594,136.3301,322.4,2.9,1.6,2014-08-05,0512,Aqua,MODIS,71,6.2,302.1,47.4,D,0
-15.9643,136.3086,323.5,2.9,1.6,2014-08-05,0512,Aqua,MODIS,50,6.2,301.7,50,D,0
-16.3279,136.9035,315.6,3.1,1.7,2014-08-05,0512,Aqua,MODIS,63,6.2,299.8,35.7,D,0
-16.0483,135.5253,314.7,2.5,1.5,2014-08-05,0512,Aqua,MODIS,50,6.2,302.3,21.4,D,0
-15.3352,134.2771,319.4,2.1,1.4,2014-08-05,0512,Aqua,MODIS,25,6.2,305.3,20.6,D,0
-15.3499,134.2084,323.7,2.1,1.4,2014-08-05,0512,Aqua,MODIS,64,6.2,304.3,32,D,0
-15.3102,134.2718,318.1,2.1,1.4,2014-08-05,0512,Aqua,MODIS,35,6.2,303.4,18.5,D,0
-15.3465,134.2275,323.9,2.1,1.4,2014-08-05,0512,Aqua,MODIS,50,6.2,307.9,30,D,0
-16.3475,135.6255,321.2,2.5,1.5,2014-08-05,0512,Aqua,MODIS,34,6.2,303.5,30.8,D,0
-15.3228,134.2742,328.7,2.1,1.4,2014-08-05,0512,Aqua,MODIS,80,6.2,305.1,49.6,D,0
-14.4622,133.0878,319,1.8,1.3,2014-08-05,0512,Aqua,MODIS,32,6.2,306.8,13.4,D,0
-15.3449,134.2198,329.3,2.1,1.4,2014-08-05,0512,Aqua,MODIS,81,6.2,306.6,51.7,D,0
-15.3872,134.2157,329.9,2.1,1.4,2014-08-05,0512,Aqua,MODIS,81,6.2,305.4,54.1,D,0
-15.324,134.2817,322,2.1,1.4,2014-08-05,0512,Aqua,MODIS,52,6.2,304.2,27.4,D,0
-16.0707,137.0445,312.2,3.2,1.7,2014-08-05,0512,Aqua,MODIS,29,6.2,296.9,24.4,D,0
-12.5694,132.1366,333.6,1.6,1.3,2014-08-05,0513,Aqua,MODIS,83,6.2,304.8,48.2,D,0
-12.5357,132.1307,321.1,1.6,1.3,2014-08-05,0513,Aqua,MODIS,30,6.2,306.4,17.7,D,0
-13.4666,134.2134,321.8,2.2,1.4,2014-08-05,0513,Aqua,MODIS,52,6.2,302.9,33,D,0
-12.5121,132.7762,322.7,1.8,1.3,2014-08-05,0513,Aqua,MODIS,55,6.2,306.4,21.2,D,0
-12.569,132.1432,351.8,1.6,1.3,2014-08-05,0513,Aqua,MODIS,95,6.2,306.7,113.3,D,0
-12.5443,132.8387,323.3,1.8,1.3,2014-08-05,0513,Aqua,MODIS,46,6.2,308.2,24.1,D,0
-12.5094,132.7928,321.9,1.8,1.3,2014-08-05,0513,Aqua,MODIS,35,6.2,306.8,18.3,D,0
-13.4701,134.1931,320.8,2.2,1.4,2014-08-05,0513,Aqua,MODIS,44,6.2,303.5,29.6,D,0
-12.5381,132.1158,323.4,1.6,1.3,2014-08-05,0513,Aqua,MODIS,57,6.2,306.6,22.9,D,0
-12.4859,132.153,318.9,1.6,1.3,2014-08-05,0513,Aqua,MODIS,29,6.2,304.6,17.3,D,0
-12.4711,130.7288,323.9,1.3,1.1,2014-08-05,0513,Aqua,MODIS,47,6.2,310.3,15.8,D,0
-12.8305,134.8327,317.5,2.6,1.5,2014-08-05,0513,Aqua,MODIS,63,6.2,303,31,D,0
-11.3689,132.2986,318.2,1.8,1.3,2014-08-05,0513,Aqua,MODIS,62,6.2,304.4,15.9,D,0
-12.4842,135.4623,316.3,2.9,1.6,2014-08-05,0513,Aqua,MODIS,44,6.2,299.7,33.2,D,0
-11.308,131.3284,390.3,1.5,1.2,2014-08-05,0513,Aqua,MODIS,100,6.2,313.7,339.9,D,0
-11.3102,131.3149,337.7,1.5,1.2,2014-08-05,0513,Aqua,MODIS,85,6.2,302.8,57.3,D,0
-11.3044,131.3362,442.4,1.5,1.2,2014-08-05,0513,Aqua,MODIS,100,6.2,320.9,1101.3,D,0
-11.3065,131.3225,379.3,1.5,1.2,2014-08-05,0513,Aqua,MODIS,100,6.2,311.1,256,D,0
-11.2957,131.3208,389.1,1.5,1.2,2014-08-05,0513,Aqua,MODIS,100,6.2,303.9,337.8,D,0
-11.2935,131.3344,347.1,1.5,1.2,2014-08-05,0513,Aqua,MODIS,94,6.2,299.8,89.6,D,0
-11.5853,130.7509,325.7,1.4,1.2,2014-08-05,0513,Aqua,MODIS,37,6.2,303,20.7,D,0
-11.3231,131.3729,335.2,1.5,1.2,2014-08-05,0513,Aqua,MODIS,59,6.2,300.9,44,D,0
-11.3253,131.3592,339.5,1.5,1.2,2014-08-05,0513,Aqua,MODIS,69,6.2,303.1,55,D,0
-11.3275,131.3455,340.7,1.5,1.2,2014-08-05,0513,Aqua,MODIS,73,6.2,306.3,56.9,D,0
-11.3167,131.3437,349.7,1.5,1.2,2014-08-05,0513,Aqua,MODIS,95,6.2,305,90,D,0
-11.3058,131.342,428.5,1.5,1.2,2014-08-05,0513,Aqua,MODIS,100,6.2,315.2,830,D,0
-11.3131,131.3515,334,1.5,1.2,2014-08-05,0513,Aqua,MODIS,57,6.2,301.6,45,D,0
-11.3152,131.3378,343.2,1.5,1.2,2014-08-05,0513,Aqua,MODIS,75,6.2,305.6,67.6,D,0
-11.3022,131.3498,373.2,1.5,1.2,2014-08-05,0513,Aqua,MODIS,100,6.2,301.8,216.9,D,0
-11.6105,130.7929,326.1,1.4,1.2,2014-08-05,0513,Aqua,MODIS,42,6.2,302,21.1,D,0
-11.5833,130.7632,326.7,1.4,1.2,2014-08-05,0513,Aqua,MODIS,58,6.2,302.1,22.4,D,0
-11.5863,130.7706,325.1,1.4,1.2,2014-08-05,0513,Aqua,MODIS,38,6.2,303.4,21.4,D,0
-11.5778,130.7566,325.1,1.4,1.2,2014-08-05,0513,Aqua,MODIS,72,6.2,301.4,22.7,D,0
-11.7332,131.0129,323.4,1.4,1.2,2014-08-05,0513,Aqua,MODIS,47,6.2,302.3,18.6,D,0
-12.8532,134.362,320,2.4,1.5,2014-08-05,0513,Aqua,MODIS,47,6.2,302.6,33,D,0
-11.5926,131.1821,321.9,1.4,1.2,2014-08-05,0513,Aqua,MODIS,72,6.2,302.7,21.1,D,0
-12.861,134.3686,318.1,2.4,1.5,2014-08-05,0513,Aqua,MODIS,62,6.2,303.1,28.8,D,0
-11.3078,131.3985,321.9,1.5,1.2,2014-08-05,0513,Aqua,MODIS,48,6.2,302,20.6,D,0
-11.3189,131.3301,340.3,1.5,1.2,2014-08-05,0513,Aqua,MODIS,70,6.2,304.8,58.3,D,0
-11.373,131.4091,319.7,1.5,1.2,2014-08-05,0513,Aqua,MODIS,23,6.2,302.8,11.6,D,0
-11.3491,131.349,359.1,1.5,1.2,2014-08-05,0513,Aqua,MODIS,99,6.2,305.4,127.8,D,0
-11.6922,130.8637,330.2,1.4,1.2,2014-08-05,0513,Aqua,MODIS,79,6.2,304.4,30.4,D,0
-11.6818,130.862,326.1,1.4,1.2,2014-08-05,0513,Aqua,MODIS,32,6.2,303.3,21.6,D,0
-11.3086,131.309,328.4,1.5,1.2,2014-08-05,0513,Aqua,MODIS,81,6.2,300.5,36.6,D,0
-11.2978,131.3073,345.3,1.5,1.2,2014-08-05,0513,Aqua,MODIS,93,6.2,298.2,85.2,D,0
-11.7485,131.1536,313.2,1.4,1.2,2014-08-05,0513,Aqua,MODIS,57,6.2,301.4,8.3,D,0
-11.667,131.1607,327.9,1.4,1.2,2014-08-05,0513,Aqua,MODIS,79,6.2,301.7,29.1,D,0
-11.6564,131.159,328.4,1.4,1.2,2014-08-05,0513,Aqua,MODIS,80,6.2,303.4,31.7,D,0
-11.6273,130.8211,328.4,1.4,1.2,2014-08-05,0513,Aqua,MODIS,51,6.2,302.6,24.7,D,0
-11.6305,130.7328,319,1.3,1.2,2014-08-05,0513,Aqua,MODIS,62,6.2,303.3,12.2,D,0
-11.7006,130.8779,325.2,1.4,1.2,2014-08-05,0513,Aqua,MODIS,39,6.2,304.2,21.2,D,0
-11.6584,131.1461,321.1,1.4,1.2,2014-08-05,0513,Aqua,MODIS,61,6.2,301.3,18.1,D,0
-11.6457,131.1573,357.7,1.4,1.2,2014-08-05,0513,Aqua,MODIS,99,6.2,303.7,121.8,D,0
-11.6478,131.1444,339.3,1.4,1.2,2014-08-05,0513,Aqua,MODIS,89,6.2,302.6,57.6,D,0
-12.567,132.1515,333.6,1.6,1.3,2014-08-05,0513,Aqua,MODIS,83,6.2,305.6,48.2,D,0
-11.6442,130.8493,322.5,1.4,1.2,2014-08-05,0513,Aqua,MODIS,62,6.2,302.1,18.1,D,0
-11.6461,130.8368,332.5,1.4,1.2,2014-08-05,0513,Aqua,MODIS,83,6.2,305.9,34.7,D,0
-11.6358,130.8351,352.2,1.4,1.2,2014-08-05,0513,Aqua,MODIS,96,6.2,304.7,89.4,D,0
-11.6377,130.8228,330.5,1.4,1.2,2014-08-05,0513,Aqua,MODIS,60,6.2,305,28,D,0
-11.7927,130.8732,327.4,1.4,1.2,2014-08-05,0513,Aqua,MODIS,80,6.2,304.8,27.4,D,0
-14.3424,129.394,323.6,1.1,1,2014-08-05,0513,Aqua,MODIS,68,6.2,302,13.8,D,0
-14.3438,129.3841,391.2,1.1,1,2014-08-05,0513,Aqua,MODIS,75,6.2,311.4,216.9,D,0
-12.6598,130.4366,337.1,1.3,1.1,2014-08-05,0513,Aqua,MODIS,80,6.2,303.2,41.8,D,0
-12.6616,130.4252,336.4,1.2,1.1,2014-08-05,0513,Aqua,MODIS,65,6.2,302.4,41.6,D,0
-14.2595,129.455,323.2,1.1,1,2014-08-05,0513,Aqua,MODIS,66,6.2,305.5,12.7,D,0
-14.2688,129.4565,336.4,1.1,1,2014-08-05,0513,Aqua,MODIS,85,6.2,307.3,31.4,D,0
-14.3453,129.3743,363.5,1.1,1,2014-08-05,0513,Aqua,MODIS,100,6.2,307.5,103.6,D,3
-12.4333,130.6425,323.4,1.3,1.1,2014-08-05,0513,Aqua,MODIS,76,6.2,304.7,17,D,0
-14.311,129.6029,351.4,1.1,1,2014-08-05,0513,Aqua,MODIS,95,6.2,311.8,61.5,D,0
-14.3095,129.6129,339,1.1,1,2014-08-05,0513,Aqua,MODIS,86,6.2,308.1,34.6,D,0
-14.3204,129.6044,320.2,1.1,1,2014-08-05,0513,Aqua,MODIS,34,6.2,306.5,9.6,D,0
-14.2124,129.6421,324.6,1.1,1,2014-08-05,0513,Aqua,MODIS,64,6.2,309.6,13.5,D,0
-14.2703,129.4465,321.1,1.1,1,2014-08-05,0513,Aqua,MODIS,36,6.2,302.7,9.8,D,0
-11.7852,130.4693,324.5,1.3,1.1,2014-08-05,0513,Aqua,MODIS,74,6.2,303.4,19.6,D,0
-11.775,130.4678,352.7,1.3,1.1,2014-08-05,0513,Aqua,MODIS,96,6.2,305.1,86.5,D,0
-11.7649,130.4662,338,1.3,1.1,2014-08-05,0513,Aqua,MODIS,88,6.2,301.6,45.3,D,0
-11.4757,130.287,316.6,1.3,1.1,2014-08-05,0513,Aqua,MODIS,65,6.2,303.3,9.9,D,0
-11.4714,130.1804,324.9,1.3,1.1,2014-08-05,0513,Aqua,MODIS,59,6.2,305.2,18,D,0
-11.4731,130.169,324.7,1.3,1.1,2014-08-05,0513,Aqua,MODIS,0,6.2,304.3,17.6,D,0
-11.4308,130.5634,316.6,1.3,1.1,2014-08-05,0513,Aqua,MODIS,53,6.2,303.3,11.7,D,0
-13.6865,130.1445,333.2,1.2,1.1,2014-08-05,0513,Aqua,MODIS,48,6.2,305.7,26.6,D,0
-14.1367,129.6656,334,1.1,1,2014-08-05,0513,Aqua,MODIS,83,6.2,305.5,29.8,D,0
-14.1273,129.6641,369.1,1.1,1,2014-08-05,0513,Aqua,MODIS,100,6.2,308.5,121,D,0
-14.1288,129.654,328.3,1.1,1,2014-08-05,0513,Aqua,MODIS,76,6.2,304.6,21.4,D,0
-14.2954,129.5798,377.3,1.1,1,2014-08-05,0513,Aqua,MODIS,100,6.2,312.5,149.7,D,0
-14.2969,129.5697,372.2,1.1,1,2014-08-05,0513,Aqua,MODIS,100,6.2,310,128.9,D,0
-14.3062,129.5712,332.9,1.1,1,2014-08-05,0513,Aqua,MODIS,81,6.2,306.9,25.7,D,0
-14.3047,129.5813,344.7,1.1,1,2014-08-05,0513,Aqua,MODIS,91,6.2,310.4,46.1,D,0
-14.3032,129.5913,350.9,1.1,1,2014-08-05,0513,Aqua,MODIS,95,6.2,314.6,58.7,D,0
-14.3017,129.6014,377,1.1,1,2014-08-05,0513,Aqua,MODIS,100,6.2,315.2,146.1,D,0
-14.3002,129.6114,331,1.1,1,2014-08-05,0513,Aqua,MODIS,51,6.2,309.2,20,D,0
-14.2939,129.5898,348,1.1,1,2014-08-05,0513,Aqua,MODIS,93,6.2,307.8,52.9,D,0
-14.3702,129.3984,325.3,1.1,1,2014-08-05,0513,Aqua,MODIS,54,6.2,306.6,15.7,D,0
-14.3752,129.405,320.8,1.1,1,2014-08-05,0513,Aqua,MODIS,13,6.2,305,9.6,D,0
-14.2762,129.4542,342.5,1.1,1,2014-08-05,0513,Aqua,MODIS,76,6.2,306.3,39.6,D,0
-14.2855,129.4557,337,1.1,1,2014-08-05,0513,Aqua,MODIS,44,6.2,306,30,D,0
-14.284,129.4656,349.7,1.1,1,2014-08-05,0513,Aqua,MODIS,94,6.2,311.2,54.5,D,0
-14.3232,129.7452,319.6,1.1,1,2014-08-05,0513,Aqua,MODIS,43,6.2,307.3,7.3,D,0
-14.2933,129.4671,341.7,1.1,1,2014-08-05,0513,Aqua,MODIS,80,6.2,309.1,37.9,D,0
-13.6657,130.0861,320.1,1.2,1.1,2014-08-05,0513,Aqua,MODIS,42,6.2,305.9,8.3,D,0
-13.6641,130.0968,321.4,1.2,1.1,2014-08-05,0513,Aqua,MODIS,53,6.2,308.5,11.7,D,0
-13.6737,130.0983,326.4,1.2,1.1,2014-08-05,0513,Aqua,MODIS,65,6.2,306.1,17.7,D,0
-14.3896,129.4985,325.1,1.1,1,2014-08-05,0513,Aqua,MODIS,72,6.2,305.6,15.8,D,0
-14.3074,129.4999,337.4,1.1,1,2014-08-05,0513,Aqua,MODIS,86,6.2,308,29.6,D,0
-13.8901,129.8231,342.8,1.1,1.1,2014-08-05,0513,Aqua,MODIS,90,6.2,305.6,42.5,D,0
-11.4837,130.2938,336.3,1.3,1.1,2014-08-05,0513,Aqua,MODIS,86,6.2,306.2,39.9,D,0
-13.8917,129.8127,330.9,1.1,1.1,2014-08-05,0513,Aqua,MODIS,79,6.2,307.2,20.8,D,0
-13.887,129.7803,321.1,1.1,1.1,2014-08-05,0513,Aqua,MODIS,46,6.2,306.9,9.8,D,0
-14.3664,129.5252,322.2,1.1,1,2014-08-05,0513,Aqua,MODIS,66,6.2,306.5,12.1,D,0
-11.7779,130.5165,316,1.3,1.1,2014-08-05,0513,Aqua,MODIS,59,6.2,301.6,10.3,D,0
-14.3609,129.3969,347,1.1,1,2014-08-05,0513,Aqua,MODIS,93,6.2,306.4,49.2,D,0
-14.3516,129.3954,351,1.1,1,2014-08-05,0513,Aqua,MODIS,95,6.2,305.1,58.9,D,0
-14.3531,129.3856,351.4,1.1,1,2014-08-05,0513,Aqua,MODIS,83,6.2,308.1,59.6,D,0
-13.9265,132.2882,325.8,1.6,1.2,2014-08-05,0513,Aqua,MODIS,64,6.2,308.8,19.9,D,0
-13.9241,132.3028,324.1,1.6,1.2,2014-08-05,0513,Aqua,MODIS,52,6.2,307.8,17.1,D,0
-13.708,131.9427,327.9,1.5,1.2,2014-08-05,0513,Aqua,MODIS,63,6.2,310.3,22.8,D,0
-13.7188,131.9446,324.5,1.5,1.2,2014-08-05,0513,Aqua,MODIS,44,6.2,308.3,17.5,D,0
-13.2708,130.9777,322.7,1.3,1.1,2014-08-05,0513,Aqua,MODIS,49,6.2,307.5,12.4,D,0
-13.2746,130.9534,331.6,1.3,1.1,2014-08-05,0513,Aqua,MODIS,79,6.2,309.3,29.2,D,0
-13.3027,132.3039,324.7,1.6,1.3,2014-08-05,0513,Aqua,MODIS,63,6.2,308.4,19.3,D,0
-12.0107,133.0978,317.1,2,1.4,2014-08-05,0513,Aqua,MODIS,46,6.2,303.5,15.1,D,0
-12.4157,134.8951,345.1,2.6,1.6,2014-08-05,0513,Aqua,MODIS,92,6.2,300.5,184.2,D,0
-12.5802,132.1451,338.8,1.6,1.3,2014-08-05,0513,Aqua,MODIS,87,6.2,307.1,60.5,D,0
-12.5778,132.16,326.5,1.6,1.3,2014-08-05,0513,Aqua,MODIS,62,6.2,306.5,25.8,D,0
-12.589,132.1619,333.3,1.6,1.3,2014-08-05,0513,Aqua,MODIS,82,6.2,308.7,43.1,D,0
-11.8809,132.9185,317.7,1.9,1.3,2014-08-05,0513,Aqua,MODIS,63,6.2,303.1,18.1,D,0
-12.4254,134.9217,336.4,2.7,1.6,2014-08-05,0513,Aqua,MODIS,86,6.2,301.2,124.9,D,0
-12.4114,134.9193,373,2.7,1.6,2014-08-05,0513,Aqua,MODIS,100,6.2,302.1,491.3,D,0
-14.1153,131.3969,320.8,1.4,1.2,2014-08-05,0513,Aqua,MODIS,63,6.2,309,14.1,D,0
-11.9497,133.0867,330.2,2,1.4,2014-08-05,0513,Aqua,MODIS,80,6.2,303.5,48.7,D,0
-11.9475,133.0814,329.9,2,1.4,2014-08-05,0513,Aqua,MODIS,58,6.2,303.7,44.9,D,0
-13.7211,131.9308,324.1,1.5,1.2,2014-08-05,0513,Aqua,MODIS,50,6.2,310.1,16.6,D,0
-13.4537,134.211,322.9,2.2,1.4,2014-08-05,0513,Aqua,MODIS,68,6.2,303.1,37.2,D,0
-13.4572,134.1906,320.4,2.2,1.4,2014-08-05,0513,Aqua,MODIS,47,6.2,302.7,28.1,D,0
-12.6513,131.4742,320.9,1.5,1.2,2014-08-05,0513,Aqua,MODIS,35,6.2,305.4,12.7,D,0
-12.2879,134.9422,318.3,2.7,1.6,2014-08-05,0513,Aqua,MODIS,52,6.2,298.9,41.5,D,0
-11.985,132.9259,320.9,1.9,1.3,2014-08-05,0513,Aqua,MODIS,63,6.2,302.6,21.3,D,0
-12.3019,134.9447,317.4,2.7,1.6,2014-08-05,0513,Aqua,MODIS,50,6.2,298.6,36.5,D,0
-12.2468,132.7793,323.2,1.8,1.3,2014-08-05,0513,Aqua,MODIS,51,6.2,307.7,25.3,D,0
-12.4296,134.8976,316.5,2.6,1.6,2014-08-05,0513,Aqua,MODIS,35,6.2,299.5,29,D,0
-11.9823,132.9432,321.7,1.9,1.3,2014-08-05,0513,Aqua,MODIS,60,6.2,302.4,25,D,0
-11.9763,132.9295,325.8,1.9,1.3,2014-08-05,0513,Aqua,MODIS,75,6.2,303.9,34.9,D,0
-12.323,134.8243,314.9,2.6,1.6,2014-08-05,0513,Aqua,MODIS,46,6.2,298.1,32.7,D,0
-11.2156,132.0365,322,1.7,1.3,2014-08-05,0513,Aqua,MODIS,50,6.2,300.9,24.9,D,0
-11.1953,132.0174,343.6,1.7,1.3,2014-08-05,0513,Aqua,MODIS,70,6.2,301.3,83.5,D,0
-11.1987,132.0123,333.7,1.7,1.3,2014-08-05,0513,Aqua,MODIS,43,6.2,300.8,50.6,D,0
-11.1873,132.0105,327.3,1.7,1.3,2014-08-05,0513,Aqua,MODIS,36,6.2,300.5,35,D,0
-11.9975,135.6275,319.3,3.1,1.7,2014-08-05,0513,Aqua,MODIS,53,6.2,296.2,66,D,0
-11.993,135.6481,325.5,3.1,1.7,2014-08-05,0513,Aqua,MODIS,54,6.2,296.6,89.9,D,0
-11.9926,135.6553,319.6,3.1,1.7,2014-08-05,0513,Aqua,MODIS,46,6.2,296.3,69.8,D,0
-12.6458,131.1669,326.6,1.4,1.2,2014-08-05,0513,Aqua,MODIS,74,6.2,308.5,20.4,D,0
-12.6563,131.1687,336.1,1.4,1.2,2014-08-05,0513,Aqua,MODIS,85,6.2,309.5,39.7,D,0
-11.488,132.8438,319.7,1.9,1.4,2014-08-05,0513,Aqua,MODIS,71,6.2,302.6,23,D,0
-12.2366,135.4863,316.1,3,1.6,2014-08-05,0513,Aqua,MODIS,50,6.2,297.7,36,D,0
-12.1259,134.6551,335.2,2.6,1.5,2014-08-05,0513,Aqua,MODIS,80,6.2,299,115.6,D,0
-12.1194,134.6467,325.5,2.6,1.5,2014-08-05,0513,Aqua,MODIS,74,6.2,298.5,65.3,D,0
-11.5001,132.8459,321,1.9,1.4,2014-08-05,0513,Aqua,MODIS,73,6.2,300.7,26.1,D,0
-11.4392,132.5851,319.1,1.8,1.3,2014-08-05,0513,Aqua,MODIS,66,6.2,301.4,20.7,D,0
-13.2727,130.9655,330.5,1.3,1.1,2014-08-05,0513,Aqua,MODIS,78,6.2,309.5,26.7,D,0
-13.9249,132.2974,326.6,1.6,1.2,2014-08-05,0513,Aqua,MODIS,45,6.2,308.1,20.3,D,0
-12.3784,132.6898,329.9,1.8,1.3,2014-08-05,0513,Aqua,MODIS,79,6.2,307.1,42.8,D,0
-13.0781,130.3788,332.5,1.2,1.1,2014-08-05,0513,Aqua,MODIS,69,6.2,306.8,29.7,D,0
-12.3902,132.6919,333.7,1.8,1.3,2014-08-05,0513,Aqua,MODIS,83,6.2,309,51.1,D,0
-13.0682,130.3773,358.6,1.2,1.1,2014-08-05,0513,Aqua,MODIS,99,6.2,309.2,100.2,D,0
-14.5309,126.8122,332.7,1,1,2014-08-05,0513,Aqua,MODIS,76,6.2,308.2,21,D,0
-11.7686,130.4428,337.1,1.3,1.1,2014-08-05,0513,Aqua,MODIS,87,6.2,305.5,43.3,D,0
-11.7667,130.4545,355.6,1.3,1.1,2014-08-05,0513,Aqua,MODIS,98,6.2,305.7,95.4,D,0
-14.5885,126.7878,328.3,1,1,2014-08-05,0513,Aqua,MODIS,27,6.2,308.6,13.7,D,0
-14.6353,126.785,329.1,1,1,2014-08-05,0513,Aqua,MODIS,35,6.2,310.5,14.5,D,0
-12.3811,132.6734,335.7,1.8,1.3,2014-08-05,0513,Aqua,MODIS,85,6.2,304.3,63.2,D,0
-11.7727,130.2186,313.7,1.2,1.1,2014-08-05,0513,Aqua,MODIS,47,6.2,300.7,7.9,D,0
-11.7585,130.4412,386.3,1.3,1.1,2014-08-05,0513,Aqua,MODIS,100,6.2,308.9,251.4,D,0
-11.6258,130.241,324.4,1.3,1.1,2014-08-05,0513,Aqua,MODIS,69,6.2,305,18.2,D,0
-12.3928,132.6755,346.6,1.8,1.3,2014-08-05,0513,Aqua,MODIS,93,6.2,308.6,103.6,D,0
-14.0284,129.9323,321.6,1.1,1.1,2014-08-05,0513,Aqua,MODIS,54,6.2,306.3,13.7,D,0
-11.6276,130.2296,319.3,1.3,1.1,2014-08-05,0513,Aqua,MODIS,20,6.2,305,11.5,D,0
-11.6744,130.1905,317.7,1.2,1.1,2014-08-05,0513,Aqua,MODIS,0,6.2,299.1,13.2,D,0
-11.7566,130.4528,364.8,1.3,1.1,2014-08-05,0513,Aqua,MODIS,100,6.2,302.9,133.3,D,0
-13.8601,129.8288,330.4,1.1,1.1,2014-08-05,0513,Aqua,MODIS,60,6.2,305.8,20.4,D,0
-12.3839,132.6965,325.1,1.8,1.3,2014-08-05,0513,Aqua,MODIS,57,6.2,307.7,26.1,D,0
-12.3866,132.6801,366.7,1.8,1.3,2014-08-05,0513,Aqua,MODIS,100,6.2,310,222.5,D,0
-13.8617,129.8184,328.8,1.1,1.1,2014-08-05,0513,Aqua,MODIS,46,6.2,308.3,17,D,0
-13.8506,129.8273,322.7,1.1,1.1,2014-08-05,0513,Aqua,MODIS,37,6.2,306,10.4,D,0
-11.8088,130.0518,318,1.2,1.1,2014-08-05,0513,Aqua,MODIS,0,6.2,302.5,13.2,D,0
-12.2911,131.1482,361.8,1.4,1.2,2014-08-05,0513,Aqua,MODIS,100,6.2,310.1,128.3,D,0
-12.4697,135.4597,330.3,2.9,1.6,2014-08-05,0513,Aqua,MODIS,82,6.2,300.1,101.9,D,0
-12.3776,133.2105,325.9,2,1.4,2014-08-05,0513,Aqua,MODIS,68,6.2,303.7,33.5,D,0
-12.055,133.4717,362,2.1,1.4,2014-08-05,0513,Aqua,MODIS,100,6.2,304.4,239.2,D,0
-12.283,134.9339,326.1,2.7,1.6,2014-08-05,0513,Aqua,MODIS,53,6.2,299.7,72.9,D,0
-11.8502,133.1869,321.8,2,1.4,2014-08-05,0513,Aqua,MODIS,67,6.2,301.9,27.1,D,0
-12.0513,133.4957,341.5,2.1,1.4,2014-08-05,0513,Aqua,MODIS,82,6.2,307.6,98.1,D,0
-12.1973,133.4889,322,2.1,1.4,2014-08-05,0513,Aqua,MODIS,68,6.2,304.6,29.1,D,0
-12.3898,133.2125,322.8,2,1.4,2014-08-05,0513,Aqua,MODIS,61,6.2,303.4,26.1,D,0
-12.1154,134.67,320.7,2.6,1.5,2014-08-05,0513,Aqua,MODIS,62,6.2,298.6,47.3,D,0
-12.8648,134.3468,316.9,2.3,1.5,2014-08-05,0513,Aqua,MODIS,58,6.2,302.2,25.6,D,0
-12.1485,131.2651,334.6,1.4,1.2,2014-08-05,0513,Aqua,MODIS,0,6.2,303.2,46.7,D,0
-12.0546,133.4766,373.8,2.1,1.4,2014-08-05,0513,Aqua,MODIS,100,6.2,307,345.8,D,0
-12.7519,132.4359,324.8,1.7,1.3,2014-08-05,0513,Aqua,MODIS,35,6.2,308.9,22,D,0
-12.6652,134.8877,324.4,2.6,1.6,2014-08-05,0513,Aqua,MODIS,62,6.2,301.9,47.4,D,0
-12.0128,134.1102,330.7,2.3,1.5,2014-08-05,0513,Aqua,MODIS,80,6.2,301.3,74.2,D,0
-11.8406,133.3445,340.8,2.1,1.4,2014-08-05,0513,Aqua,MODIS,89,6.2,303.8,99.4,D,0
-12.8255,132.1237,337.8,1.6,1.2,2014-08-05,0513,Aqua,MODIS,86,6.2,308.1,49,D,0
-12.6456,134.876,339.8,2.6,1.6,2014-08-05,0513,Aqua,MODIS,89,6.2,300.4,130.6,D,0
-12.6515,134.8846,327.8,2.6,1.6,2014-08-05,0513,Aqua,MODIS,61,6.2,300.9,58.3,D,0
-12.0225,134.1337,315.4,2.3,1.5,2014-08-05,0513,Aqua,MODIS,30,6.2,301.8,21.6,D,0
-12.5679,134.911,331,2.6,1.6,2014-08-05,0513,Aqua,MODIS,82,6.2,300.2,98.3,D,0
-13.0503,130.691,340.9,1.3,1.1,2014-08-05,0513,Aqua,MODIS,88,6.2,308.5,45,D,0
-13.1562,135.3946,314.6,2.8,1.6,2014-08-05,0513,Aqua,MODIS,54,6.2,299.8,29.3,D,0
-12.8231,132.1385,330.1,1.6,1.2,2014-08-05,0513,Aqua,MODIS,48,6.2,308.7,27.4,D,0
-12.8839,134.7707,319.5,2.5,1.5,2014-08-05,0513,Aqua,MODIS,67,6.2,302.4,37,D,0
-11.853,133.1948,321.2,2,1.4,2014-08-05,0513,Aqua,MODIS,48,6.2,301.9,23.9,D,0
-12.5782,134.9075,326.1,2.6,1.6,2014-08-05,0513,Aqua,MODIS,77,6.2,300.9,72.5,D,0
-12.6542,131.1814,328.1,1.4,1.2,2014-08-05,0513,Aqua,MODIS,65,6.2,305.4,22.2,D,0
-12.1418,131.2703,326.4,1.4,1.2,2014-08-05,0513,Aqua,MODIS,0,6.2,302.6,26.3,D,0
-12.6481,135.3175,314.3,2.8,1.6,2014-08-05,0513,Aqua,MODIS,34,6.2,300.3,22,D,0
-12.5819,134.9135,325.9,2.6,1.6,2014-08-05,0513,Aqua,MODIS,77,6.2,300.8,72.2,D,0
-12.3739,133.2031,320.4,2,1.4,2014-08-05,0513,Aqua,MODIS,64,6.2,303.7,21.8,D,0
-11.9147,133.2056,324.9,2,1.4,2014-08-05,0513,Aqua,MODIS,47,6.2,303.1,33.2,D,0
-12.3765,134.1352,329.5,2.3,1.5,2014-08-05,0513,Aqua,MODIS,80,6.2,302.3,67.3,D,0
-13.0485,130.7029,331.6,1.3,1.1,2014-08-05,0513,Aqua,MODIS,66,6.2,307.5,24.9,D,0
-12.0393,133.4884,389.9,2.1,1.4,2014-08-05,0513,Aqua,MODIS,100,6.2,306.9,551.8,D,0
-12.5643,134.905,326.8,2.6,1.6,2014-08-05,0513,Aqua,MODIS,77,6.2,299.8,77.2,D,0
-12.5613,134.2899,320.9,2.4,1.5,2014-08-05,0513,Aqua,MODIS,67,6.2,303.3,36.5,D,0
-12.2806,131.1465,333.7,1.4,1.2,2014-08-05,0513,Aqua,MODIS,35,6.2,307.1,32.9,D,0
-11.7859,133.4249,313.8,2.1,1.4,2014-08-05,0513,Aqua,MODIS,0,6.2,300.9,11.3,D,0
-12.0078,133.1156,319.6,2,1.4,2014-08-05,0513,Aqua,MODIS,63,6.2,304.8,21.3,D,0
-12.3143,134.2064,326.8,2.3,1.5,2014-08-05,0513,Aqua,MODIS,76,6.2,303.4,56.2,D,0
-13.2869,135.1681,315.3,2.7,1.6,2014-08-05,0513,Aqua,MODIS,54,6.2,302.2,22.5,D,0
-12.877,134.7621,318,2.5,1.5,2014-08-05,0513,Aqua,MODIS,54,6.2,303.1,30.8,D,0
-12.2469,131.1224,324.3,1.4,1.2,2014-08-05,0513,Aqua,MODIS,30,6.2,304.6,16.1,D,0
-12.6438,131.1797,321.2,1.4,1.2,2014-08-05,0513,Aqua,MODIS,41,6.2,305.4,11.3,D,0
-12.3862,133.2049,330.1,2,1.4,2014-08-05,0513,Aqua,MODIS,80,6.2,303.3,49.1,D,0
-12.5873,131.3957,330.6,1.4,1.2,2014-08-05,0513,Aqua,MODIS,64,6.2,305.6,29,D,0
-12.6694,134.8641,321.5,2.6,1.5,2014-08-05,0513,Aqua,MODIS,40,6.2,302.4,35,D,0
-11.916,133.2109,324.2,2,1.4,2014-08-05,0513,Aqua,MODIS,40,6.2,302.9,31.6,D,0
-12.2254,133.5532,324.6,2.1,1.4,2014-08-05,0513,Aqua,MODIS,68,6.2,304.9,33,D,0
-12.3091,134.2107,320.3,2.3,1.5,2014-08-05,0513,Aqua,MODIS,54,6.2,302.3,32,D,0
-12.0947,136.4311,315.5,3.5,1.8,2014-08-05,0513,Aqua,MODIS,29,6.2,295.3,52.5,D,0
-12.4694,135.4649,332.4,2.9,1.6,2014-08-05,0513,Aqua,MODIS,84,6.2,300,118.6,D,0
-12.2679,135.1096,314,2.8,1.6,2014-08-05,0513,Aqua,MODIS,18,6.2,298.6,27.7,D,0
-12.3179,134.1849,317.4,2.3,1.5,2014-08-05,0513,Aqua,MODIS,40,6.2,302.1,25.3,D,0
-12.0424,133.4695,390.9,2.1,1.4,2014-08-05,0513,Aqua,MODIS,100,6.2,306.8,566.7,D,0
-12.7887,132.4264,324.6,1.7,1.3,2014-08-05,0513,Aqua,MODIS,40,6.2,309,16,D,0
-12.2489,131.1097,336.2,1.4,1.2,2014-08-05,0513,Aqua,MODIS,87,6.2,305.4,41,D,0
-12.5574,134.2968,319.3,2.4,1.5,2014-08-05,0513,Aqua,MODIS,64,6.2,303.1,29.5,D,0
-12.0093,134.1314,331.8,2.3,1.5,2014-08-05,0513,Aqua,MODIS,77,6.2,302.1,80.3,D,0
-11.8437,133.326,324.2,2.1,1.4,2014-08-05,0513,Aqua,MODIS,60,6.2,302.3,32.5,D,0
-13.0339,131.1789,323.1,1.4,1.2,2014-08-05,0513,Aqua,MODIS,49,6.2,309.1,9.1,D,0
-12.3729,134.1563,323.2,2.3,1.5,2014-08-05,0513,Aqua,MODIS,63,6.2,303.7,41,D,0
-12.2739,134.9397,346.8,2.7,1.6,2014-08-05,0513,Aqua,MODIS,81,6.2,299.9,207.2,D,0
-12.2029,131.1283,320.5,1.4,1.2,2014-08-05,0513,Aqua,MODIS,50,6.2,306.1,14,D,0
-12.4839,135.4676,317.7,2.9,1.6,2014-08-05,0513,Aqua,MODIS,64,6.2,299.6,42.7,D,0
-12.6492,135.3228,316.7,2.8,1.6,2014-08-05,0513,Aqua,MODIS,42,6.2,300.3,30.8,D,0
-12.0519,133.4907,359.2,2.1,1.4,2014-08-05,0513,Aqua,MODIS,99,6.2,308.3,215.3,D,0
-12.8143,132.1218,379.6,1.6,1.2,2014-08-05,0513,Aqua,MODIS,100,6.2,311.5,277.1,D,0
-12.7876,132.4162,332.5,1.7,1.3,2014-08-05,0513,Aqua,MODIS,69,6.2,310.3,34.1,D,0
-12.3128,134.1892,323.3,2.3,1.5,2014-08-05,0513,Aqua,MODIS,69,6.2,301.7,44.7,D,0
-12.812,132.1365,327.5,1.6,1.2,2014-08-05,0513,Aqua,MODIS,52,6.2,308,24.3,D,0
-12.4314,130.6543,327.7,1.3,1.1,2014-08-05,0513,Aqua,MODIS,81,6.2,305.9,24.5,D,0
-12.4316,130.6492,339.7,1.3,1.1,2014-08-05,0513,Aqua,MODIS,88,6.2,306.1,48,D,0
-12.8862,132.1702,332.6,1.6,1.2,2014-08-05,0513,Aqua,MODIS,78,6.2,308.6,38.9,D,0
-12.0361,133.5076,326.7,2.1,1.4,2014-08-05,0513,Aqua,MODIS,42,6.2,303.6,40.4,D,0
-13.0521,130.6794,323.8,1.3,1.1,2014-08-05,0513,Aqua,MODIS,54,6.2,308.4,12.3,D,0
-12.0869,136.4246,313.8,3.5,1.8,2014-08-05,0513,Aqua,MODIS,48,6.2,294.9,48.5,D,0
-12.6377,134.8819,327.8,2.6,1.6,2014-08-05,0513,Aqua,MODIS,70,6.2,299.2,62.1,D,0
-12.3633,134.1328,321.8,2.3,1.5,2014-08-05,0513,Aqua,MODIS,67,6.2,301.5,39.4,D,0
-12.3016,131.15,325.7,1.4,1.2,2014-08-05,0513,Aqua,MODIS,47,6.2,307.7,19,D,0
-12.1312,131.2686,321.7,1.4,1.2,2014-08-05,0513,Aqua,MODIS,0,6.2,301.7,20.1,D,0
-13.0366,130.7131,326.7,1.3,1.1,2014-08-05,0513,Aqua,MODIS,64,6.2,309.4,15.6,D,0
-34.7262,118.0151,318.5,2.9,1.6,2014-08-05,0645,Aqua,MODIS,70,6.2,294,73.8,D,0
-34.7135,118.0061,308.1,2.9,1.6,2014-08-05,0645,Aqua,MODIS,51,6.2,293.7,34.3,D,0
-32.3626,116.4185,305,2.7,1.6,2014-08-05,0646,Aqua,MODIS,33,6.2,291.6,21.9,D,0
-32.359,116.41,309.3,2.7,1.6,2014-08-05,0646,Aqua,MODIS,68,6.2,292,34.4,D,0
-33.9727,116.7478,328.4,2.6,1.5,2014-08-05,0646,Aqua,MODIS,86,6.2,293.9,104.2,D,0
-33.5637,115.7556,302.6,2.3,1.5,2014-08-05,0646,Aqua,MODIS,53,6.2,292.2,15.2,D,0
-33.9666,116.775,307.6,2.6,1.5,2014-08-05,0646,Aqua,MODIS,66,6.2,291.4,29.2,D,0
-28.9403,115.1242,322.4,2.7,1.6,2014-08-05,0647,Aqua,MODIS,78,6.2,299.8,70.1,D,0
-28.9303,115.1293,311.5,2.7,1.6,2014-08-05,0647,Aqua,MODIS,41,6.2,299.5,27.7,D,0
-28.9442,115.1331,315,2.7,1.6,2014-08-05,0647,Aqua,MODIS,70,6.2,299,41,D,0
-34.4625,150.8821,306.4,1,1,2014-08-05,1253,Terra,MODIS,68,6.2,281.6,11.6,N,0
-32.5917,146.8261,300.9,1.1,1.1,2014-08-05,1254,Terra,MODIS,35,6.2,275.9,10.7,N,0
-33.2454,151.2452,301.9,1.1,1,2014-08-05,1254,Terra,MODIS,45,6.2,277.5,9.6,N,0
-31.4777,148.2519,306,1,1,2014-08-05,1254,Terra,MODIS,67,6.2,278.1,11.7,N,0
-30.4562,148.067,307.9,1,1,2014-08-05,1254,Terra,MODIS,73,6.2,279.3,12.6,N,0
-28.7874,150.0863,305.4,1.1,1,2014-08-05,1255,Terra,MODIS,64,6.2,279.3,11.6,N,0
-22.1923,149.3523,301.7,1.2,1.1,2014-08-05,1257,Terra,MODIS,44,6.2,285.6,8.4,N,0
-18.161,138.4659,307.5,2.4,1.5,2014-08-05,1258,Terra,MODIS,72,6.2,287.7,32.6,N,0
-18.1668,138.4597,307.1,2.4,1.5,2014-08-05,1258,Terra,MODIS,21,6.2,287.1,27.4,N,0
-18.1633,138.4431,304.8,2.4,1.5,2014-08-05,1258,Terra,MODIS,51,6.2,288.2,24.4,N,0
-18.1841,138.3762,314.3,2.5,1.5,2014-08-05,1258,Terra,MODIS,89,6.2,289,48.6,N,0
-18.125,138.3386,318.7,2.5,1.5,2014-08-05,1258,Terra,MODIS,97,6.2,288.6,61.9,N,0
-16.1606,144.6019,320.6,1,1,2014-08-05,1258,Terra,MODIS,100,6.2,282.8,20.1,N,0
-16.1593,144.6113,303.2,1,1,2014-08-05,1258,Terra,MODIS,44,6.2,282.3,6.7,N,0
-16.1516,144.6005,307.3,1,1,2014-08-05,1258,Terra,MODIS,71,6.2,282,9.6,N,0
-15.568,141.8055,301.2,1.3,1.1,2014-08-05,1259,Terra,MODIS,20,6.2,290.3,6,N,0
-15.5675,141.7997,301.8,1.3,1.1,2014-08-05,1259,Terra,MODIS,45,6.2,290.4,6.6,N,0
-12.5374,134.8877,310.9,3.8,1.8,2014-08-05,1300,Terra,MODIS,81,6.2,286.2,73.8,N,0
-12.5306,134.8806,305.9,3.8,1.8,2014-08-05,1300,Terra,MODIS,66,6.2,286.8,54.4,N,0
-22.8926,122.5655,305.6,1,1,2014-08-05,1435,Terra,MODIS,65,6.2,283.7,9.1,N,0
-23.0037,122.3712,301.8,1,1,2014-08-05,1435,Terra,MODIS,35,6.2,283.4,6.6,N,0
-22.9947,122.3696,305,1,1,2014-08-05,1435,Terra,MODIS,56,6.2,284.4,8.5,N,0
-22.9961,122.3599,314.4,1,1,2014-08-05,1435,Terra,MODIS,89,6.2,284.5,15.5,N,0
-22.9016,122.567,322.4,1,1,2014-08-05,1435,Terra,MODIS,100,6.2,285.3,22.9,N,0
-22.9031,122.5573,310,1,1,2014-08-05,1435,Terra,MODIS,79,6.2,283.9,12,N,0
-22.1273,119.5076,302.8,1.1,1.1,2014-08-05,1436,Terra,MODIS,51,6.2,284.3,9.3,N,0
-17.2994,122.8007,306,1.1,1,2014-08-05,1437,Terra,MODIS,25,6.2,288.2,8.1,N,0
-17.3366,122.781,350.8,1.1,1,2014-08-05,1437,Terra,MODIS,100,6.2,294.6,73.8,N,0
-17.2446,122.7808,325.7,1.1,1,2014-08-05,1437,Terra,MODIS,100,6.2,292.2,26.6,N,0
-17.2556,122.7721,310.1,1.1,1,2014-08-05,1437,Terra,MODIS,47,6.2,290,10.4,N,0
-17.346,122.7826,320.1,1.1,1,2014-08-05,1437,Terra,MODIS,100,6.2,290.7,20.7,N,0
-17.3444,122.7929,339.5,1.1,1,2014-08-05,1437,Terra,MODIS,100,6.2,292.7,49.7,N,0
-17.3538,122.7945,314.6,1.1,1,2014-08-05,1437,Terra,MODIS,89,6.2,290.1,15.4,N,0
-17.3601,122.8168,320.8,1.1,1,2014-08-05,1437,Terra,MODIS,100,6.2,289.9,22.4,N,0
-17.3616,122.8064,314.6,1.1,1,2014-08-05,1437,Terra,MODIS,90,6.2,289.4,16,N,0
-17.3429,122.7399,306.5,1.1,1,2014-08-05,1437,Terra,MODIS,23,6.2,287.9,8.5,N,0
-17.3522,122.8048,337.7,1.1,1,2014-08-05,1437,Terra,MODIS,100,6.2,292,46.7,N,0
-17.0449,122.5297,301.2,1.1,1,2014-08-05,1437,Terra,MODIS,39,6.2,290.2,5.4,N,0
-17.2759,122.8285,328.4,1.1,1,2014-08-05,1437,Terra,MODIS,100,6.2,291.7,30.5,N,0
-17.2665,122.8269,309.4,1.1,1,2014-08-05,1437,Terra,MODIS,23,6.2,289.9,10.3,N,0
-16.5292,123.754,305.7,1.3,1.1,2014-08-05,1437,Terra,MODIS,65,6.2,290.9,10.2,N,0
-16.5273,123.7655,310.4,1.3,1.1,2014-08-05,1437,Terra,MODIS,80,6.2,290.9,14.5,N,0
-17.2305,122.7467,357,1.1,1,2014-08-05,1437,Terra,MODIS,100,6.2,294.9,90.2,N,0
-17.2228,122.7348,329.3,1.1,1,2014-08-05,1437,Terra,MODIS,100,6.2,291.3,32.2,N,0
-17.2681,122.8166,338.3,1.1,1,2014-08-05,1437,Terra,MODIS,100,6.2,293.3,47,N,0
-17.2602,122.8047,329.4,1.1,1,2014-08-05,1437,Terra,MODIS,100,6.2,293,32.1,N,0
-17.2618,122.7943,311.9,1.1,1,2014-08-05,1437,Terra,MODIS,40,6.2,290.2,11.8,N,0
-17.3207,122.8847,302,1.1,1.1,2014-08-05,1437,Terra,MODIS,7,6.2,287.3,5.8,N,0
-17.2368,122.7689,312.9,1.1,1,2014-08-05,1437,Terra,MODIS,65,6.2,291.7,12.8,N,0
-17.2152,122.7483,301.7,1.1,1,2014-08-05,1437,Terra,MODIS,44,6.2,290.2,6.2,N,0
-17.3382,122.7707,328.6,1.1,1,2014-08-05,1437,Terra,MODIS,100,6.2,292.4,30.5,N,0
-17.254,122.7824,333.3,1.1,1,2014-08-05,1437,Terra,MODIS,100,6.2,292.7,37.5,N,0
-17.2524,122.7928,357.5,1.1,1,2014-08-05,1437,Terra,MODIS,100,6.2,296.2,91.7,N,0
-17.2462,122.7705,321.5,1.1,1,2014-08-05,1437,Terra,MODIS,100,6.2,291.9,21.1,N,0
-17.2837,122.8405,311.6,1.1,1,2014-08-05,1437,Terra,MODIS,21,6.2,289.6,12.1,N,0
-17.3695,122.8184,315.7,1.1,1,2014-08-05,1437,Terra,MODIS,92,6.2,289.3,16.7,N,0
-17.3679,122.8287,315.9,1.1,1,2014-08-05,1437,Terra,MODIS,92,6.2,289.1,17.3,N,0
-17.2168,122.738,322.4,1.1,1,2014-08-05,1437,Terra,MODIS,100,6.2,291.1,24.4,N,0
-17.3288,122.7691,350.6,1.1,1,2014-08-05,1437,Terra,MODIS,100,6.2,293.4,73.3,N,0
-17.3304,122.7588,324.3,1.1,1,2014-08-05,1437,Terra,MODIS,84,6.2,291.4,24.3,N,0
-17.229,122.757,336.9,1.1,1,2014-08-05,1437,Terra,MODIS,100,6.2,293.2,43.9,N,0
-17.265,122.7737,303.3,1.1,1,2014-08-05,1437,Terra,MODIS,25,6.2,289.2,6.4,N,0
-17.3191,122.8951,305.3,1.1,1.1,2014-08-05,1437,Terra,MODIS,30,6.2,288.3,8.1,N,0
-17.2508,122.8031,311.5,1.1,1,2014-08-05,1437,Terra,MODIS,35,6.2,291.1,11.7,N,0
-17.2212,122.7451,352.6,1.1,1,2014-08-05,1437,Terra,MODIS,100,6.2,293.7,78.2,N,0
-17.3773,122.8304,315,1.1,1,2014-08-05,1437,Terra,MODIS,90,6.2,289,17.2,N,0
-17.332,122.7486,319.7,1.1,1,2014-08-05,1437,Terra,MODIS,95,6.2,289.9,19.5,N,0
-17.3914,122.8009,302.5,1.1,1,2014-08-05,1437,Terra,MODIS,13,6.2,286.1,6.8,N,0
-17.3226,122.747,320.9,1.1,1,2014-08-05,1437,Terra,MODIS,100,6.2,290.7,21.6,N,0
-17.2383,122.7586,317.2,1.1,1,2014-08-05,1437,Terra,MODIS,95,6.2,292.3,17,N,0
-14.6064,126.8025,301.3,2.2,1.4,2014-08-05,1437,Terra,MODIS,30,6.2,287.8,16.8,N,0
-14.5402,126.806,301.2,2.2,1.4,2014-08-05,1437,Terra,MODIS,38,6.2,286.4,17.9,N,0
-14.5954,126.7945,301.4,2.2,1.4,2014-08-05,1437,Terra,MODIS,33,6.2,287.8,17,N,0
-18.8269,121.8693,301.7,1,1,2014-08-05,1437,Terra,MODIS,43,6.2,286.2,6.1,N,0
-18.8317,121.8995,300.3,1,1,2014-08-05,1437,Terra,MODIS,25,6.2,286.8,5.3,N,0
-18.8331,121.8899,300.6,1,1,2014-08-05,1437,Terra,MODIS,12,6.2,286.6,5.1,N,0
-13.0509,130.6904,308.8,4.6,2,2014-08-05,1438,Terra,MODIS,63,6.2,290.2,81.8,N,0
-13.052,130.6834,307.3,4.6,2,2014-08-05,1438,Terra,MODIS,53,6.2,290.3,78.6,N,0
-11.8426,133.201,301.7,3,1.6,2014-08-05,1603,Aqua,MODIS,43,6.2,289,23.5,N,0
-13.0433,130.6864,301.7,4.4,1.9,2014-08-05,1603,Aqua,MODIS,43,6.2,289.8,46.2,N,0
-13.0438,130.6947,304.3,4.4,1.9,2014-08-05,1603,Aqua,MODIS,59,6.2,290.1,58.8,N,0
-12.5312,132.1236,302.8,3.5,1.8,2014-08-05,1603,Aqua,MODIS,40,6.2,289.2,37.3,N,0
-12.5251,132.0914,300.3,3.5,1.8,2014-08-05,1603,Aqua,MODIS,13,6.2,287.1,29.3,N,0
-12.5177,132.1003,301.4,3.5,1.8,2014-08-05,1603,Aqua,MODIS,40,6.2,288,35.4,N,0
-11.95,133.0276,302.6,3.1,1.7,2014-08-05,1603,Aqua,MODIS,40,6.2,290.7,23.2,N,0
-11.9201,133.0378,302.9,3.1,1.7,2014-08-05,1603,Aqua,MODIS,23,6.2,290.7,22,N,0
-11.9203,133.0329,304,3.1,1.7,2014-08-05,1603,Aqua,MODIS,35,6.2,290.8,25.3,N,0
-15.9704,136.1137,300.3,1.5,1.2,2014-08-05,1604,Aqua,MODIS,24,6.2,287.3,10.3,N,0
-18.0974,138.4888,301,1.1,1,2014-08-05,1604,Aqua,MODIS,30,6.2,287.4,5.3,N,0
-18.1498,138.4597,311.9,1.1,1,2014-08-05,1604,Aqua,MODIS,84,6.2,290.1,12.5,N,0
-18.1513,138.4697,315.2,1.1,1,2014-08-05,1604,Aqua,MODIS,91,6.2,289.9,15.2,N,0
-18.1436,138.3728,319.7,1.1,1,2014-08-05,1604,Aqua,MODIS,99,6.2,287.2,18.5,N,0
-18.1452,138.3828,314.9,1.1,1,2014-08-05,1604,Aqua,MODIS,81,6.2,288.2,13.9,N,0
-18.1578,138.4627,318.6,1.1,1,2014-08-05,1604,Aqua,MODIS,97,6.2,289.9,19.4,N,0
-18.1593,138.4726,305.8,1.1,1,2014-08-05,1604,Aqua,MODIS,66,6.2,287.8,8.7,N,0
-18.1746,138.3882,315.8,1.1,1,2014-08-05,1604,Aqua,MODIS,46,6.2,290,14.3,N,0
-18.1838,138.3867,306.5,1.1,1,2014-08-05,1604,Aqua,MODIS,15,6.2,288.4,8,N,0
-15.2964,134.2686,303,2.1,1.4,2014-08-05,1604,Aqua,MODIS,53,6.2,288.6,18.7,N,0
-18.1112,138.3942,300.5,1.1,1,2014-08-05,1604,Aqua,MODIS,28,6.2,288.2,5.4,N,0
-17.9782,138.3719,311.1,1.1,1,2014-08-05,1604,Aqua,MODIS,82,6.2,288.2,13.2,N,0
-17.5494,138.7458,300.4,1.1,1,2014-08-05,1604,Aqua,MODIS,14,6.2,290,4.3,N,0
-17.5549,138.7383,304.5,1.1,1,2014-08-05,1604,Aqua,MODIS,55,6.2,290.1,6.8,N,0
-17.5733,138.7353,304.3,1.1,1,2014-08-05,1604,Aqua,MODIS,37,6.2,289.5,6.5,N,0
-15.3402,134.2197,300.4,2.1,1.4,2014-08-05,1604,Aqua,MODIS,26,6.2,286.7,15.6,N,0
-15.2999,134.2883,311.4,2.1,1.4,2014-08-05,1604,Aqua,MODIS,82,6.2,288.5,35.1,N,0
-17.3641,122.8346,301.8,2.5,1.5,2014-08-05,1743,Aqua,MODIS,12,6.2,284.5,22.6,N,0
-17.3716,122.8408,301.1,2.5,1.5,2014-08-05,1743,Aqua,MODIS,19,6.2,284.6,21.8,N,0
-22.8962,122.5656,306.9,2.8,1.6,2014-08-05,1744,Aqua,MODIS,70,6.2,282.2,50.7,N,0
-22.9472,150.2584,306.3,1.8,1.3,2014-08-05,2352,Terra,MODIS,52,6.2,290.8,11.2,D,0
-28.6634,150.2948,305.7,1.4,1.2,2014-08-05,2354,Terra,MODIS,51,6.2,293.6,6.5,D,0
-29.9593,151.4042,306.6,1.2,1.1,2014-08-05,2354,Terra,MODIS,64,6.2,288.9,9,D,0
-28.7464,149.6809,303.9,1.5,1.2,2014-08-05,2354,Terra,MODIS,51,6.2,293.5,6.9,D,0
-28.7425,149.6718,315.9,1.5,1.2,2014-08-05,2354,Terra,MODIS,75,6.2,295.3,21.1,D,0
-28.7435,149.6656,313.7,1.5,1.2,2014-08-05,2354,Terra,MODIS,72,6.2,295.2,19.3,D,0
-31.2118,151.624,302.7,1.1,1,2014-08-05,2354,Terra,MODIS,53,6.2,286,6.6,D,0
-31.2137,151.6357,302,1.1,1,2014-08-05,2354,Terra,MODIS,50,6.2,286.5,6.2,D,0
-31.2083,151.6315,315.2,1.1,1,2014-08-05,2354,Terra,MODIS,76,6.2,286.8,15.5,D,0
-28.6774,147.0383,306.1,2.3,1.5,2014-08-05,2354,Terra,MODIS,59,6.2,293.1,14.3,D,0
-28.682,147.061,311,2.2,1.5,2014-08-05,2354,Terra,MODIS,69,6.2,293.5,25,D,0
-28.6783,147.0549,310.8,2.2,1.5,2014-08-05,2354,Terra,MODIS,41,6.2,293.7,22.2,D,0
-31.0889,152.0328,303.6,1.1,1,2014-08-05,2354,Terra,MODIS,36,6.2,284.9,6.5,D,0
-28.5777,148.9683,313.1,1.7,1.3,2014-08-05,2354,Terra,MODIS,71,6.2,294.5,19,D,0
-35.671,150.0226,300,1.1,1.1,2014-08-05,2356,Terra,MODIS,23,6.2,284.7,7.1,D,0
-35.6732,150.0356,300.9,1.1,1.1,2014-08-05,2356,Terra,MODIS,42,6.2,284.2,7.5,D,0
-12.0734,133.5148,334.8,1,1,2014-08-06,0128,Terra,MODIS,78,6.2,306.4,21.7,D,0
-12.562,134.9038,319.6,1,1,2014-08-06,0128,Terra,MODIS,41,6.2,301.8,8.4,D,0
-12.7832,134.2726,317.3,1,1,2014-08-06,0128,Terra,MODIS,60,6.2,302.5,6.2,D,0
-12.6106,132.3087,325.9,1,1,2014-08-06,0128,Terra,MODIS,77,6.2,302,16.4,D,0
-13.0649,130.678,317,1.2,1.1,2014-08-06,0128,Terra,MODIS,34,6.2,301.7,7.8,D,0
-12.4043,133.2624,320,1,1,2014-08-06,0128,Terra,MODIS,41,6.2,301.6,8.3,D,0
-12.5743,134.9349,322.4,1,1,2014-08-06,0128,Terra,MODIS,47,6.2,300.8,13.7,D,0
-12.4029,133.2532,328.5,1,1,2014-08-06,0128,Terra,MODIS,78,6.2,303.9,17,D,0
-12.6469,131.4714,318.9,1.1,1.1,2014-08-06,0128,Terra,MODIS,46,6.2,303.6,9,D,0
-12.6486,134.8658,340.5,1,1,2014-08-06,0128,Terra,MODIS,89,6.2,302.9,35.7,D,0
-12.5842,132.1357,321.7,1.1,1,2014-08-06,0128,Terra,MODIS,71,6.2,304.7,8.3,D,0
-12.2294,135.4806,330.9,1.1,1,2014-08-06,0128,Terra,MODIS,83,6.2,301.4,23.5,D,0
-12.6842,134.8642,324.9,1,1,2014-08-06,0128,Terra,MODIS,66,6.2,302.3,12.3,D,0
-13.1882,135.4236,314.3,1.1,1,2014-08-06,0128,Terra,MODIS,37,6.2,300.6,5.6,D,0
-12.2642,134.9464,327.8,1,1,2014-08-06,0128,Terra,MODIS,70,6.2,300.5,19,D,0
-13.1867,135.4137,318.3,1.1,1,2014-08-06,0128,Terra,MODIS,59,6.2,301.7,8.8,D,0
-12.1826,133.5046,321.6,1,1,2014-08-06,0128,Terra,MODIS,29,6.2,304.8,7.1,D,0
-13.1586,135.4178,314.4,1.1,1,2014-08-06,0128,Terra,MODIS,37,6.2,299.7,5.2,D,0
-12.5532,135.4399,321.1,1.1,1,2014-08-06,0128,Terra,MODIS,57,6.2,303.2,10.3,D,0
-13.0551,130.6796,367,1.2,1.1,2014-08-06,0128,Terra,MODIS,100,6.2,306.5,129.5,D,0
-12.2656,134.9559,324.5,1,1,2014-08-06,0128,Terra,MODIS,70,6.2,299.6,15.5,D,0
-12.6472,134.8563,335.8,1,1,2014-08-06,0128,Terra,MODIS,86,6.2,303.2,28.2,D,0
-12.7845,134.2818,316.9,1,1,2014-08-06,0128,Terra,MODIS,60,6.2,301.7,6.3,D,0
-12.1449,131.2728,335.1,1.2,1.1,2014-08-06,0128,Terra,MODIS,67,6.2,301.7,34.7,D,0
-12.5656,134.2323,318.3,1,1,2014-08-06,0128,Terra,MODIS,58,6.2,304,6.8,D,0
-12.0486,133.4718,374.3,1,1,2014-08-06,0128,Terra,MODIS,100,6.2,308.2,120.4,D,0
-12.8956,132.4884,321.3,1,1,2014-08-06,0128,Terra,MODIS,54,6.2,303.8,11.1,D,0
-11.8237,133.3218,322.1,1,1,2014-08-06,0128,Terra,MODIS,49,6.2,303.7,8.6,D,0
-12.4152,132.9056,323.7,1,1,2014-08-06,0128,Terra,MODIS,57,6.2,305.6,10.4,D,0
-11.8368,133.3479,335.9,1,1,2014-08-06,0128,Terra,MODIS,86,6.2,306.2,26,D,0
-11.8637,133.1591,337,1,1,2014-08-06,0128,Terra,MODIS,86,6.2,303.6,28.7,D,0
-11.8495,133.1866,328.2,1,1,2014-08-06,0128,Terra,MODIS,73,6.2,303.7,16,D,0
-12.2164,133.5462,329.8,1,1,2014-08-06,0128,Terra,MODIS,79,6.2,306.4,16.7,D,0
-11.8458,133.3466,326.2,1,1,2014-08-06,0128,Terra,MODIS,55,6.2,302.7,13.1,D,0
-11.9495,133.1778,324.7,1,1,2014-08-06,0128,Terra,MODIS,69,6.2,304,11.6,D,0
-12.315,134.5966,321.2,1,1,2014-08-06,0128,Terra,MODIS,68,6.2,300.8,10.8,D,0
-12.2091,135.922,321.6,1.1,1.1,2014-08-06,0128,Terra,MODIS,35,6.2,299.9,14,D,0
-12.8755,134.785,321.8,1,1,2014-08-06,0128,Terra,MODIS,63,6.2,302.6,11.1,D,0
-12.067,134.2211,315.3,1,1,2014-08-06,0128,Terra,MODIS,19,6.2,300.8,5.6,D,0
-12.8274,132.399,336.7,1,1,2014-08-06,0128,Terra,MODIS,86,6.2,305.1,30,D,0
-12.5481,135.4472,326,1.1,1,2014-08-06,0128,Terra,MODIS,74,6.2,301,16.7,D,0
-13.0982,135.396,325.9,1.1,1,2014-08-06,0128,Terra,MODIS,77,6.2,301.9,16.9,D,0
-12.059,133.4796,384.3,1,1,2014-08-06,0128,Terra,MODIS,100,6.2,306.3,160.1,D,0
-12.0747,133.5239,344.3,1,1,2014-08-06,0128,Terra,MODIS,91,6.2,307.8,36.9,D,0
-12.215,133.5371,354.2,1,1,2014-08-06,0128,Terra,MODIS,97,6.2,307,59.9,D,0
-12.5959,131.395,328.9,1.1,1.1,2014-08-06,0128,Terra,MODIS,79,6.2,304.3,21.3,D,0
-12.2599,135.1127,323.9,1.1,1,2014-08-06,0128,Terra,MODIS,75,6.2,302.2,13.8,D,0
-12.8311,132.1276,338,1.1,1,2014-08-06,0128,Terra,MODIS,87,6.2,307.3,29.2,D,0
-12.0761,133.533,344.7,1,1,2014-08-06,0128,Terra,MODIS,92,6.2,308.2,37.6,D,0
-12.6791,134.8941,330.1,1,1,2014-08-06,0128,Terra,MODIS,79,6.2,303.7,20,D,0
-11.8727,133.1578,323.6,1,1,2014-08-06,0128,Terra,MODIS,62,6.2,302.8,11.5,D,0
-12.5451,134.9161,323.1,1,1,2014-08-06,0128,Terra,MODIS,43,6.2,301.8,13.9,D,0
-11.9814,133.1447,322.2,1,1,2014-08-06,0128,Terra,MODIS,43,6.2,304.6,8.3,D,0
-12.0837,133.5226,337,1,1,2014-08-06,0128,Terra,MODIS,86,6.2,304.2,26.2,D,0
-12.05,133.481,344.4,1,1,2014-08-06,0128,Terra,MODIS,91,6.2,308.3,38.2,D,0
-12.0601,134.3628,323.7,1,1,2014-08-06,0128,Terra,MODIS,73,6.2,299.5,14.7,D,0
-12.0707,133.4965,327.6,1,1,2014-08-06,0128,Terra,MODIS,47,6.2,303.6,13.3,D,0
-13.0586,130.7018,337.8,1.2,1.1,2014-08-06,0128,Terra,MODIS,86,6.2,304.4,40.4,D,0
-12.0258,133.5033,329.3,1,1,2014-08-06,0128,Terra,MODIS,45,6.2,304.8,13.4,D,0
-12.1545,131.2712,319.5,1.2,1.1,2014-08-06,0128,Terra,MODIS,65,6.2,298.5,13.5,D,0
-12.2706,134.9261,319.7,1,1,2014-08-06,0128,Terra,MODIS,54,6.2,299.8,11.7,D,0
-12.8326,132.1373,327.3,1.1,1,2014-08-06,0128,Terra,MODIS,77,6.2,306.2,12.9,D,0
-13.0488,130.7033,325.3,1.2,1.1,2014-08-06,0128,Terra,MODIS,72,6.2,304.6,17,D,0
-12.0675,136.44,315.6,1.2,1.1,2014-08-06,0128,Terra,MODIS,63,6.2,298.7,8.1,D,0
-12.2918,131.1604,323.2,1.2,1.1,2014-08-06,0128,Terra,MODIS,43,6.2,303.7,14.3,D,0
-12.7945,132.1201,320.2,1.1,1,2014-08-06,0128,Terra,MODIS,50,6.2,305.2,8.2,D,0
-12.0603,133.4888,363.5,1,1,2014-08-06,0128,Terra,MODIS,100,6.2,307.4,83,D,0
-12.0617,133.4979,328.8,1,1,2014-08-06,0128,Terra,MODIS,55,6.2,306.1,13,D,0
-13.0968,135.386,322.7,1.1,1,2014-08-06,0128,Terra,MODIS,69,6.2,303.2,12.8,D,0
-13.0532,130.6682,316.5,1.2,1.1,2014-08-06,0128,Terra,MODIS,29,6.2,302.1,6.8,D,0
-12.0582,136.1575,314.3,1.2,1.1,2014-08-06,0128,Terra,MODIS,0,6.2,297.4,4.4,D,0
-12.1256,131.2758,335.8,1.2,1.1,2014-08-06,0128,Terra,MODIS,64,6.2,300.7,35.3,D,0
-12.1791,135.9157,334.5,1.1,1.1,2014-08-06,0128,Terra,MODIS,75,6.2,299.5,30.3,D,0
-12.8296,132.118,321.9,1.1,1,2014-08-06,0128,Terra,MODIS,46,6.2,307,7.4,D,0
-13.0506,130.7143,339.4,1.2,1.1,2014-08-06,0128,Terra,MODIS,88,6.2,305,43.4,D,0
-15.2344,141.8905,316.5,3.3,1.7,2014-08-06,0128,Terra,MODIS,56,6.2,297.3,34.5,D,0
-14.6931,134.702,335.3,1.1,1,2014-08-06,0128,Terra,MODIS,83,6.2,302,25.8,D,0
-12.2348,131.1322,334.9,1.2,1.1,2014-08-06,0128,Terra,MODIS,85,6.2,303.3,33,D,0
-12.6449,134.9052,322.6,1,1,2014-08-06,0128,Terra,MODIS,40,6.2,302.1,8.7,D,0
-12.2691,135.1114,318.5,1.1,1,2014-08-06,0128,Terra,MODIS,43,6.2,301,8,D,0
-11.8755,133.1762,322.9,1,1,2014-08-06,0128,Terra,MODIS,43,6.2,304.4,9.3,D,0
-11.8471,133.3557,329.5,1,1,2014-08-06,0128,Terra,MODIS,70,6.2,302.1,17.4,D,0
-12.532,134.2531,316.9,1,1,2014-08-06,0128,Terra,MODIS,53,6.2,303.3,5.7,D,0
-12.6628,131.1741,320.5,1.2,1.1,2014-08-06,0128,Terra,MODIS,26,6.2,304.2,10.5,D,0
-12.6549,131.1862,323.2,1.2,1.1,2014-08-06,0128,Terra,MODIS,57,6.2,302.7,14.5,D,0
-12.3241,134.5953,316.7,1,1,2014-08-06,0128,Terra,MODIS,16,6.2,300.5,6.1,D,0
-12.8259,132.3895,321.8,1,1,2014-08-06,0128,Terra,MODIS,56,6.2,304.1,10.3,D,0
-11.9094,133.2181,327.3,1,1,2014-08-06,0128,Terra,MODIS,39,6.2,304.8,13.8,D,0
-14.6824,134.6936,378.9,1.1,1,2014-08-06,0128,Terra,MODIS,100,6.2,306.2,149.7,D,0
-12.1806,135.926,329,1.1,1.1,2014-08-06,0128,Terra,MODIS,66,6.2,299.9,21.3,D,0
-12.786,132.4345,319.7,1,1,2014-08-06,0128,Terra,MODIS,57,6.2,305.4,5.2,D,0
-12.2946,131.1161,321.8,1.2,1.1,2014-08-06,0128,Terra,MODIS,67,6.2,303.8,9.8,D,0
-12.0851,133.5317,347.8,1,1,2014-08-06,0128,Terra,MODIS,93,6.2,305.9,45.3,D,0
-12.1529,131.2606,324.4,1.2,1.1,2014-08-06,0128,Terra,MODIS,56,6.2,298.3,19.7,D,0
-12.087,136.4373,325.7,1.2,1.1,2014-08-06,0128,Terra,MODIS,79,6.2,299.1,20.5,D,0
-11.8741,133.167,319.4,1,1,2014-08-06,0128,Terra,MODIS,39,6.2,304.4,7,D,0
-11.7917,133.4169,319.6,1,1,2014-08-06,0128,Terra,MODIS,28,6.2,302.9,7.1,D,0
-12.0576,133.4705,346.8,1,1,2014-08-06,0128,Terra,MODIS,93,6.2,302.3,44.9,D,0
-12.0725,133.5709,324.8,1,1,2014-08-06,0128,Terra,MODIS,39,6.2,305.5,10.3,D,0
-12.3737,134.6871,314.9,1,1,2014-08-06,0128,Terra,MODIS,33,6.2,301.7,5,D,0
-12.7516,132.4458,320.3,1,1,2014-08-06,0128,Terra,MODIS,40,6.2,306.1,7.1,D,0
-11.8203,133.2379,320.8,1,1,2014-08-06,0128,Terra,MODIS,63,6.2,304.9,8.2,D,0
-12.1979,133.4837,325.8,1,1,2014-08-06,0128,Terra,MODIS,74,6.2,304.9,12.5,D,0
-11.8382,133.3571,324.8,1,1,2014-08-06,0128,Terra,MODIS,53,6.2,304.3,11.2,D,0
-12.2168,134.365,339,1,1,2014-08-06,0128,Terra,MODIS,88,6.2,303.1,31.7,D,0
-13.0569,130.6908,352.6,1.2,1.1,2014-08-06,0128,Terra,MODIS,96,6.2,306.2,77.3,D,0
-12.7304,132.4297,318.1,1,1,2014-08-06,0128,Terra,MODIS,35,6.2,304.5,6.1,D,0
-12.0203,133.4668,324.3,1,1,2014-08-06,0128,Terra,MODIS,32,6.2,303.1,10.9,D,0
-12.006,134.1179,330.4,1,1,2014-08-06,0128,Terra,MODIS,53,6.2,302.1,17.6,D,0
-12.072,133.5056,332.1,1,1,2014-08-06,0128,Terra,MODIS,69,6.2,305.1,18.2,D,0
-12.6121,132.3183,327.2,1,1,2014-08-06,0128,Terra,MODIS,78,6.2,304.7,17.9,D,0
-11.7841,133.4274,333.3,1,1,2014-08-06,0128,Terra,MODIS,63,6.2,303.2,23.3,D,0
-12.1775,134.5378,319.9,1,1,2014-08-06,0128,Terra,MODIS,57,6.2,301.2,9.8,D,0
-13.1572,135.4078,320.2,1.1,1,2014-08-06,0128,Terra,MODIS,69,6.2,301.5,10.9,D,0
-12.6805,134.9036,330.1,1,1,2014-08-06,0128,Terra,MODIS,79,6.2,303.5,19.9,D,0
-12.2258,134.3636,322.4,1,1,2014-08-06,0128,Terra,MODIS,24,6.2,302.9,10.2,D,0
-13.0667,130.6893,327.7,1.2,1.1,2014-08-06,0128,Terra,MODIS,76,6.2,302.5,22.8,D,0
-12.2272,134.3728,324,1,1,2014-08-06,0128,Terra,MODIS,52,6.2,302.5,11.5,D,0
-12.5466,135.4372,321.1,1.1,1,2014-08-06,0128,Terra,MODIS,41,6.2,302.9,10.7,D,0
-12.2539,134.3031,319.9,1,1,2014-08-06,0128,Terra,MODIS,64,6.2,302.9,6.4,D,0
-12.0087,134.1362,330.6,1,1,2014-08-06,0128,Terra,MODIS,18,6.2,303,16.7,D,0
-12.069,136.4509,315.1,1.2,1.1,2014-08-06,0128,Terra,MODIS,58,6.2,298.7,7.3,D,0
-11.8419,133.1971,322.2,1,1,2014-08-06,0128,Terra,MODIS,39,6.2,304,9.7,D,0
-12.2929,131.1053,323.1,1.2,1.1,2014-08-06,0128,Terra,MODIS,69,6.2,305.7,12,D,0
-12.0473,133.4627,321.1,1,1,2014-08-06,0128,Terra,MODIS,57,6.2,302.4,9.1,D,0
-11.7632,130.3484,316.7,1.3,1.1,2014-08-06,0128,Terra,MODIS,50,6.2,298.7,15,D,0
-12.3738,132.6929,326.6,1,1,2014-08-06,0128,Terra,MODIS,66,6.2,305.8,13.2,D,0
-12.3906,132.6807,333.4,1,1,2014-08-06,0128,Terra,MODIS,84,6.2,305.5,22,D,0
-12.3633,132.6849,329.9,1,1,2014-08-06,0128,Terra,MODIS,79,6.2,302.4,19.1,D,0
-12.3542,132.6863,328.7,1,1,2014-08-06,0128,Terra,MODIS,79,6.2,302.3,18.2,D,0
-11.7968,130.429,314.8,1.3,1.1,2014-08-06,0128,Terra,MODIS,59,6.2,299.8,10.3,D,0
-11.6343,130.2505,317,1.4,1.2,2014-08-06,0128,Terra,MODIS,48,6.2,300.3,10.7,D,0
-11.6323,130.2381,314.7,1.4,1.2,2014-08-06,0128,Terra,MODIS,36,6.2,300.3,9,D,0
-12.3528,132.6769,343.5,1,1,2014-08-06,0128,Terra,MODIS,91,6.2,302.7,41.9,D,0
-12.3647,132.6943,327.7,1,1,2014-08-06,0128,Terra,MODIS,69,6.2,303.8,15,D,0
-11.8089,130.0563,317.1,1.4,1.2,2014-08-06,0128,Terra,MODIS,0,6.2,299.4,15.8,D,0
-13.9575,130.0498,313.7,1.3,1.1,2014-08-06,0128,Terra,MODIS,23,6.2,302.3,7.8,D,0
-11.7707,130.2157,328.1,1.4,1.2,2014-08-06,0128,Terra,MODIS,81,6.2,299.8,31.9,D,0
-11.7687,130.2034,312.7,1.4,1.2,2014-08-06,0128,Terra,MODIS,46,6.2,299.3,8.5,D,0
-13.0012,130.217,315.9,1.3,1.1,2014-08-06,0128,Terra,MODIS,27,6.2,301.7,8.1,D,0
-12.949,130.1522,315.5,1.3,1.1,2014-08-06,0128,Terra,MODIS,11,6.2,302.3,7.4,D,0
-11.7626,130.211,315,1.4,1.2,2014-08-06,0128,Terra,MODIS,63,6.2,299.2,11.9,D,0
-11.9244,133.0118,343.3,1,1,2014-08-06,0128,Terra,MODIS,90,6.2,305.9,39.6,D,0
-11.4476,132.9064,317.3,1,1,2014-08-06,0128,Terra,MODIS,47,6.2,302.3,8,D,0
-13.623,134.2259,324.2,1,1,2014-08-06,0128,Terra,MODIS,71,6.2,303,12.2,D,0
-13.6126,134.2179,333.6,1,1,2014-08-06,0128,Terra,MODIS,84,6.2,302.8,23.8,D,0
-12.5857,132.1454,325,1.1,1,2014-08-06,0128,Terra,MODIS,75,6.2,306.1,12.1,D,0
-12.5949,132.144,320.7,1.1,1,2014-08-06,0128,Terra,MODIS,39,6.2,303.2,6.7,D,0
-11.8769,132.9398,323,1,1,2014-08-06,0128,Terra,MODIS,29,6.2,303.7,9.9,D,0
-11.8664,132.9319,330.6,1,1,2014-08-06,0128,Terra,MODIS,71,6.2,304.3,18.8,D,0
-11.865,132.9226,332.7,1,1,2014-08-06,0128,Terra,MODIS,80,6.2,303.6,21.9,D,0
-11.856,132.924,319.9,1,1,2014-08-06,0128,Terra,MODIS,32,6.2,302.2,8,D,0
-13.5737,134.2046,326,1,1,2014-08-06,0128,Terra,MODIS,76,6.2,302.9,15.6,D,0
-13.5724,134.1953,316.8,1,1,2014-08-06,0128,Terra,MODIS,48,6.2,302,6.1,D,0
-11.7625,132.7921,322.4,1,1,2014-08-06,0128,Terra,MODIS,58,6.2,302.5,10.6,D,0
-12.2401,135.4892,322.6,1.1,1,2014-08-06,0128,Terra,MODIS,71,6.2,301.3,12.8,D,0
-13.6816,134.316,316.8,1,1,2014-08-06,0128,Terra,MODIS,35,6.2,302.1,6.5,D,0
-11.9335,133.0105,328,1,1,2014-08-06,0128,Terra,MODIS,33,6.2,302.2,16,D,0
-12.1086,134.7632,315.4,1,1,2014-08-06,0128,Terra,MODIS,42,6.2,299.7,6.3,D,0
-11.449,132.9158,315.3,1,1,2014-08-06,0128,Terra,MODIS,41,6.2,301,6.5,D,0
-13.6803,134.3066,318.4,1,1,2014-08-06,0128,Terra,MODIS,39,6.2,302.4,7.7,D,0
-12.3753,134.8851,322.3,1,1,2014-08-06,0128,Terra,MODIS,72,6.2,301.7,13.4,D,0
-11.9089,133.0297,339.6,1,1,2014-08-06,0128,Terra,MODIS,88,6.2,305,28.9,D,0
-14.8157,141.6397,313.8,3.1,1.7,2014-08-06,0128,Terra,MODIS,52,6.2,294.8,21.5,D,0
-11.8894,133.0232,325.6,1,1,2014-08-06,0128,Terra,MODIS,55,6.2,301.9,13.6,D,0
-12.4271,134.9297,322.5,1,1,2014-08-06,0128,Terra,MODIS,58,6.2,301.6,11.2,D,0
-11.9236,132.9456,322,1,1,2014-08-06,0128,Terra,MODIS,46,6.2,303.1,9.2,D,0
-11.9341,132.9535,326,1,1,2014-08-06,0128,Terra,MODIS,53,6.2,303.7,13.2,D,0
-11.1657,132.5634,320.8,1.1,1,2014-08-06,0128,Terra,MODIS,42,6.2,302.2,9.4,D,0
-12.4284,134.9393,318.1,1,1,2014-08-06,0128,Terra,MODIS,33,6.2,300.9,7.4,D,0
-11.9648,133.0341,327,1,1,2014-08-06,0128,Terra,MODIS,72,6.2,303.3,14.8,D,0
-12.0119,133.1024,323.7,1,1,2014-08-06,0128,Terra,MODIS,44,6.2,305.3,9.6,D,0
-13.3162,132.2854,323.6,1,1,2014-08-06,0128,Terra,MODIS,60,6.2,305.4,10.7,D,0
-12.5846,131.4769,321.8,1.1,1.1,2014-08-06,0128,Terra,MODIS,59,6.2,303.4,11.5,D,0
-13.3177,132.295,321.1,1,1,2014-08-06,0128,Terra,MODIS,48,6.2,305.4,8.2,D,0
-12.0133,133.1116,326.6,1,1,2014-08-06,0128,Terra,MODIS,59,6.2,305.9,12.4,D,0
-13.2772,130.9774,323.9,1.2,1.1,2014-08-06,0128,Terra,MODIS,53,6.2,304.2,14.8,D,0
-11.3665,132.3166,317.8,1.1,1,2014-08-06,0128,Terra,MODIS,27,6.2,300.9,7.7,D,0
-11.3572,132.3179,319,1.1,1,2014-08-06,0128,Terra,MODIS,42,6.2,300.6,9,D,0
-11.3557,132.3083,319.8,1.1,1,2014-08-06,0128,Terra,MODIS,38,6.2,303.1,10,D,0
-11.35,132.3157,321.9,1.1,1,2014-08-06,0128,Terra,MODIS,45,6.2,300.5,10.5,D,0
-11.3486,132.306,335.7,1.1,1,2014-08-06,0128,Terra,MODIS,87,6.2,303,29.2,D,0
-11.9138,133.0005,331,1,1,2014-08-06,0128,Terra,MODIS,79,6.2,303.8,21.2,D,0
-12.4047,134.9039,317.8,1,1,2014-08-06,0128,Terra,MODIS,21,6.2,301.9,6.9,D,0
-11.9785,135.6567,324.4,1.1,1,2014-08-06,0128,Terra,MODIS,57,6.2,298.5,16.1,D,0
-11.7429,132.7855,344.5,1,1,2014-08-06,0128,Terra,MODIS,92,6.2,305.9,40.9,D,0
-11.7443,132.7948,379.2,1,1,2014-08-06,0128,Terra,MODIS,100,6.2,309.6,145.3,D,0
-11.7458,132.8042,326.3,1,1,2014-08-06,0128,Terra,MODIS,40,6.2,299.1,16.1,D,0
-11.9879,135.6553,323.6,1.1,1,2014-08-06,0128,Terra,MODIS,39,6.2,299.6,14.9,D,0
-11.9384,133.1041,328.1,1,1,2014-08-06,0128,Terra,MODIS,65,6.2,304.7,15.3,D,0
-12.3826,135.0006,318.1,1,1,2014-08-06,0128,Terra,MODIS,38,6.2,299.9,8.2,D,0
-13.6479,134.2699,322.4,1,1,2014-08-06,0128,Terra,MODIS,65,6.2,303.1,10.5,D,0
-13.5925,134.3356,320,1,1,2014-08-06,0128,Terra,MODIS,67,6.2,304.1,8.8,D,0
-13.6737,133.3764,321.3,1,1,2014-08-06,0128,Terra,MODIS,67,6.2,305.2,8.7,D,0
-13.4482,134.2261,324.4,1,1,2014-08-06,0128,Terra,MODIS,59,6.2,303.3,12.2,D,0
-12.4244,134.9107,321.2,1,1,2014-08-06,0128,Terra,MODIS,33,6.2,301.2,9.7,D,0
-12.2516,135.9477,318.4,1.1,1.1,2014-08-06,0128,Terra,MODIS,0,6.2,298.4,9.1,D,0
-12.347,135.2118,324.2,1.1,1,2014-08-06,0128,Terra,MODIS,74,6.2,301.9,15.3,D,0
-12.6485,131.4817,324,1.1,1.1,2014-08-06,0128,Terra,MODIS,73,6.2,302.7,15.3,D,0
-11.2176,132.0505,322.6,1.1,1,2014-08-06,0128,Terra,MODIS,62,6.2,300.7,13.8,D,0
-11.2161,132.0405,329.6,1.1,1,2014-08-06,0128,Terra,MODIS,82,6.2,300.7,23.5,D,0
-11.2052,132.032,346.6,1.1,1,2014-08-06,0128,Terra,MODIS,88,6.2,303,51.7,D,0
-11.2036,132.022,352.4,1.1,1,2014-08-06,0128,Terra,MODIS,96,6.2,301.3,67.5,D,0
-11.1927,132.0135,341.7,1.1,1,2014-08-06,0128,Terra,MODIS,91,6.2,302.6,43.6,D,0
-11.1912,132.0035,341.4,1.1,1,2014-08-06,0128,Terra,MODIS,91,6.2,300.3,43.7,D,0
-11.1849,132.0249,327.9,1.1,1,2014-08-06,0128,Terra,MODIS,37,6.2,301,18.8,D,0
-11.1834,132.0149,338.5,1.1,1,2014-08-06,0128,Terra,MODIS,84,6.2,302.6,37.9,D,0
-11.7639,132.8014,328.4,1,1,2014-08-06,0128,Terra,MODIS,79,6.2,303,19.1,D,0
-11.923,133.0026,324.1,1,1,2014-08-06,0128,Terra,MODIS,59,6.2,302.3,13,D,0
-11.1818,132.0049,327.6,1.1,1,2014-08-06,0128,Terra,MODIS,69,6.2,299.7,20.9,D,0
-11.752,132.7841,363.9,1,1,2014-08-06,0128,Terra,MODIS,100,6.2,303.4,89.2,D,0
-11.7534,132.7935,398.8,1,1,2014-08-06,0128,Terra,MODIS,100,6.2,311.6,244.9,D,0
-11.7549,132.8028,338.7,1,1,2014-08-06,0128,Terra,MODIS,88,6.2,303.7,33.4,D,0
-11.4247,132.5729,331.1,1,1,2014-08-06,0128,Terra,MODIS,82,6.2,301.9,22.7,D,0
-11.4262,132.5824,320.1,1,1,2014-08-06,0128,Terra,MODIS,61,6.2,301.5,9.4,D,0
-11.8964,132.9463,325.1,1,1,2014-08-06,0128,Terra,MODIS,28,6.2,303.3,11.8,D,0
-12.332,134.8431,321.3,1,1,2014-08-06,0128,Terra,MODIS,69,6.2,301.3,11.6,D,0
-12.3306,134.8337,316.6,1,1,2014-08-06,0128,Terra,MODIS,58,6.2,300.7,6.9,D,0
-11.9026,133.0495,322.8,1,1,2014-08-06,0128,Terra,MODIS,36,6.2,304.4,9.2,D,0
-11.3891,132.4021,318.7,1.1,1,2014-08-06,0128,Terra,MODIS,52,6.2,303.6,7,D,0
-11.3906,132.4117,321.2,1.1,1,2014-08-06,0128,Terra,MODIS,66,6.2,302.2,10,D,0
-11.7583,132.764,315.8,1,1,2014-08-06,0128,Terra,MODIS,35,6.2,300.8,5.3,D,0
-13.6361,134.2526,327.1,1,1,2014-08-06,0128,Terra,MODIS,73,6.2,303.4,14.3,D,0
-11.9012,133.0403,323,1,1,2014-08-06,0128,Terra,MODIS,54,6.2,304,9.7,D,0
-12.2228,135.5017,326.9,1.1,1,2014-08-06,0128,Terra,MODIS,64,6.2,301.6,17.8,D,0
-13.6653,130.0751,318,1.3,1.1,2014-08-06,0128,Terra,MODIS,55,6.2,301.9,10.9,D,0
-11.7618,130.4713,320.8,1.3,1.1,2014-08-06,0128,Terra,MODIS,38,6.2,299.3,16.3,D,0
-13.7007,130.1718,319.3,1.3,1.1,2014-08-06,0128,Terra,MODIS,30,6.2,301.6,11.8,D,0
-11.8157,130.4925,313.2,1.3,1.1,2014-08-06,0128,Terra,MODIS,39,6.2,297.9,7.5,D,0
-11.4284,130.5624,313.1,1.3,1.1,2014-08-06,0128,Terra,MODIS,30,6.2,300.9,8.6,D,0
-11.4302,130.5741,312.2,1.3,1.1,2014-08-06,0128,Terra,MODIS,29,6.2,299.3,7.9,D,0
-11.8176,130.5043,317.3,1.3,1.1,2014-08-06,0128,Terra,MODIS,0,6.2,298.1,12.7,D,0
-13.6672,130.087,323,1.3,1.1,2014-08-06,0128,Terra,MODIS,73,6.2,303.3,18.2,D,0
-11.7719,130.4697,322.4,1.3,1.1,2014-08-06,0128,Terra,MODIS,70,6.2,301,18.8,D,0
-13.8909,129.8209,316.2,1.3,1.1,2014-08-06,0128,Terra,MODIS,50,6.2,302.6,9.9,D,0
-13.7107,130.1702,323.7,1.3,1.1,2014-08-06,0128,Terra,MODIS,61,6.2,303.2,18.9,D,0
-11.7978,130.502,316.9,1.3,1.1,2014-08-06,0128,Terra,MODIS,41,6.2,299.2,10.9,D,0
-12.5381,132.1429,380.1,1.1,1,2014-08-06,0128,Terra,MODIS,100,6.2,308.2,157,D,0
-12.2475,131.086,317.6,1.2,1.1,2014-08-06,0128,Terra,MODIS,58,6.2,302.1,7.3,D,0
-12.825,134.3706,334.4,1,1,2014-08-06,0128,Terra,MODIS,85,6.2,303.3,26.6,D,0
-12.5306,132.0944,337.2,1.1,1,2014-08-06,0128,Terra,MODIS,87,6.2,304.2,32.9,D,0
-12.5488,132.1511,333,1.1,1,2014-08-06,0128,Terra,MODIS,84,6.2,305.8,24.2,D,0
-12.5214,132.0958,324.1,1.1,1,2014-08-06,0128,Terra,MODIS,43,6.2,302.3,14.2,D,0
-11.8607,132.7706,327.1,1,1,2014-08-06,0128,Terra,MODIS,76,6.2,301.4,16.8,D,0
-14.4354,133.1104,319.8,1,1,2014-08-06,0128,Terra,MODIS,50,6.2,303.1,7.3,D,0
-14.0828,143.609,314.8,4.3,1.9,2014-08-06,0128,Terra,MODIS,42,6.2,284.6,75.6,D,0
-12.5531,132.8435,324.7,1,1,2014-08-06,0128,Terra,MODIS,67,6.2,304.7,12.7,D,0
-12.5028,132.1444,322,1.1,1,2014-08-06,0128,Terra,MODIS,40,6.2,304.3,10.3,D,0
-12.495,132.1555,325.3,1.1,1,2014-08-06,0128,Terra,MODIS,36,6.2,303.8,14.2,D,0
-11.9739,134.7188,320,1,1,2014-08-06,0128,Terra,MODIS,68,6.2,299.8,10.6,D,0
-12.5148,132.7703,325.8,1,1,2014-08-06,0128,Terra,MODIS,55,6.2,303.5,12.7,D,0
-12.4858,132.157,321.9,1.1,1,2014-08-06,0128,Terra,MODIS,37,6.2,303.6,11.6,D,0
-12.5134,132.761,325.4,1,1,2014-08-06,0128,Terra,MODIS,63,6.2,303.2,12.7,D,0
-12.5086,132.7903,323.2,1,1,2014-08-06,0128,Terra,MODIS,48,6.2,304.2,9.8,D,0
-14.4002,133.1221,321.2,1,1,2014-08-06,0128,Terra,MODIS,30,6.2,304.4,7.7,D,0
-12.5503,132.1607,331.9,1.1,1,2014-08-06,0128,Terra,MODIS,81,6.2,303.7,22.5,D,0
-12.5212,132.1416,326.1,1.1,1,2014-08-06,0128,Terra,MODIS,58,6.2,304.1,14.2,D,0
-11.8636,132.9133,340.3,1,1,2014-08-06,0128,Terra,MODIS,89,6.2,302.6,35.3,D,0
-11.8592,132.7612,339.5,1,1,2014-08-06,0128,Terra,MODIS,88,6.2,303.3,34.9,D,0
-11.8578,132.7519,316.1,1,1,2014-08-06,0128,Terra,MODIS,38,6.2,301.5,5.3,D,0
-12.512,132.143,322.4,1.1,1,2014-08-06,0128,Terra,MODIS,56,6.2,303.4,10.5,D,0
-11.4874,132.8622,319.1,1,1,2014-08-06,0128,Terra,MODIS,66,6.2,301.6,8.7,D,0
-12.5396,132.1525,353.9,1.1,1,2014-08-06,0128,Terra,MODIS,97,6.2,306.3,66.8,D,0
-11.5709,130.7535,317.2,1.3,1.1,2014-08-06,0128,Terra,MODIS,27,6.2,301.9,9.9,D,0
-11.2947,131.3503,332.6,1.2,1.1,2014-08-06,0128,Terra,MODIS,75,6.2,301.4,29.3,D,0
-11.2983,131.3546,329.5,1.2,1.1,2014-08-06,0128,Terra,MODIS,45,6.2,301.7,19.3,D,0
-11.3228,131.3836,328.5,1.2,1.1,2014-08-06,0128,Terra,MODIS,80,6.2,301.1,23,D,0
-11.5736,130.7709,329,1.3,1.1,2014-08-06,0128,Terra,MODIS,61,6.2,301.2,26.2,D,0
-11.5754,130.7824,326.5,1.3,1.1,2014-08-06,0128,Terra,MODIS,31,6.2,301.4,22.3,D,0
-11.5746,130.7764,327,1.3,1.1,2014-08-06,0128,Terra,MODIS,38,6.2,302.3,22.2,D,0
-12.5473,132.1414,322.8,1.1,1,2014-08-06,0128,Terra,MODIS,67,6.2,304.7,10.6,D,0
-12.816,134.3719,321.1,1,1,2014-08-06,0128,Terra,MODIS,70,6.2,302.1,11,D,0
-12.5414,132.1027,321,1.1,1,2014-08-06,0128,Terra,MODIS,28,6.2,302,9.3,D,0
-11.5968,131.1783,314.7,1.2,1.1,2014-08-06,0128,Terra,MODIS,59,6.2,301.2,8.3,D,0
-11.7861,130.8809,312.1,1.2,1.1,2014-08-06,0128,Terra,MODIS,47,6.2,300.7,6.3,D,0
-11.3534,131.3897,332.7,1.2,1.1,2014-08-06,0128,Terra,MODIS,84,6.2,302.6,27.7,D,0
-11.3614,131.3776,318.3,1.2,1.1,2014-08-06,0128,Terra,MODIS,63,6.2,303,7.6,D,0
-11.3631,131.3882,315.2,1.2,1.1,2014-08-06,0128,Terra,MODIS,22,6.2,300.7,4,D,0
-11.657,130.8449,323.1,1.2,1.1,2014-08-06,0128,Terra,MODIS,67,6.2,302.1,14.9,D,0
-11.6587,130.8562,366.8,1.2,1.1,2014-08-06,0128,Terra,MODIS,100,6.2,305.1,132.2,D,0
-11.6605,130.8676,327.8,1.2,1.1,2014-08-06,0128,Terra,MODIS,56,6.2,301,22.4,D,0
-11.6704,130.866,323.1,1.2,1.1,2014-08-06,0128,Terra,MODIS,21,6.2,302.4,14.8,D,0
-11.6191,130.7342,316.5,1.3,1.1,2014-08-06,0128,Terra,MODIS,47,6.2,302.5,9.3,D,0
-11.6664,131.1612,314.8,1.2,1.1,2014-08-06,0128,Terra,MODIS,44,6.2,300.4,7.3,D,0
-11.5585,131.268,316.1,1.2,1.1,2014-08-06,0128,Terra,MODIS,34,6.2,299.6,8.9,D,0
-11.5602,131.2788,330.9,1.2,1.1,2014-08-06,0128,Terra,MODIS,83,6.2,301,28.4,D,0
-11.5618,131.2721,319.3,1.2,1.1,2014-08-06,0128,Terra,MODIS,46,6.2,300.2,11.9,D,0
-11.5635,131.2828,326.1,1.2,1.1,2014-08-06,0128,Terra,MODIS,78,6.2,301,20.6,D,0
-11.5749,131.2921,318.7,1.2,1.1,2014-08-06,0128,Terra,MODIS,62,6.2,300.9,11.3,D,0
-11.3324,131.3821,326.2,1.2,1.1,2014-08-06,0128,Terra,MODIS,64,6.2,303.4,18.5,D,0
-11.3354,131.338,335.8,1.2,1.1,2014-08-06,0128,Terra,MODIS,86,6.2,304.1,34.5,D,0
-11.3371,131.3486,333.3,1.2,1.1,2014-08-06,0128,Terra,MODIS,84,6.2,303.9,28.4,D,0
-11.3438,131.3912,326.2,1.2,1.1,2014-08-06,0128,Terra,MODIS,62,6.2,301.3,17.2,D,0
-11.7512,131.0514,323.2,1.2,1.1,2014-08-06,0128,Terra,MODIS,57,6.2,301,16.6,D,0
-11.6118,130.8172,324.2,1.2,1.1,2014-08-06,0128,Terra,MODIS,36,6.2,301.4,16.7,D,0
-11.6254,130.8383,323.4,1.2,1.1,2014-08-06,0128,Terra,MODIS,45,6.2,301.3,16.2,D,0
-11.6646,131.1502,314.6,1.2,1.1,2014-08-06,0128,Terra,MODIS,44,6.2,300,7.3,D,0
-11.8239,130.8634,312.7,1.2,1.1,2014-08-06,0128,Terra,MODIS,55,6.2,300.2,5.8,D,0
-18.0975,138.5158,327,2,1.4,2014-08-06,0129,Terra,MODIS,76,6.2,299.9,44.6,D,0
-18.1077,138.4954,328.5,2,1.4,2014-08-06,0129,Terra,MODIS,78,6.2,298.5,46.7,D,0
-18.1471,138.5096,325,2,1.4,2014-08-06,0129,Terra,MODIS,53,6.2,299.3,36.4,D,0
-18.1099,138.5141,324.1,2,1.4,2014-08-06,0129,Terra,MODIS,68,6.2,298.9,35.7,D,0
-18.1494,138.5036,327.5,2,1.4,2014-08-06,0129,Terra,MODIS,80,6.2,298.8,45.8,D,0
-18.1158,138.4568,318.4,2,1.4,2014-08-06,0129,Terra,MODIS,51,6.2,299.6,17.9,D,0
-18.1575,138.3522,326.1,1.9,1.4,2014-08-06,0129,Terra,MODIS,33,6.2,299.9,37.4,D,0
-18.1595,138.3703,329.8,1.9,1.4,2014-08-06,0129,Terra,MODIS,66,6.2,300.6,47.7,D,0
-15.3329,134.2911,323,1,1,2014-08-06,0129,Terra,MODIS,73,6.2,302.9,11.5,D,0
-18.1718,138.3688,322.1,1.9,1.4,2014-08-06,0129,Terra,MODIS,26,6.2,300.7,26.7,D,0
-18.184,138.3671,334.4,1.9,1.4,2014-08-06,0129,Terra,MODIS,86,6.2,299.5,67.8,D,0
-16.0431,137.0841,322.9,1.5,1.2,2014-08-06,0129,Terra,MODIS,68,6.2,303.2,19,D,0
-17.6072,138.6699,319.7,2,1.4,2014-08-06,0129,Terra,MODIS,69,6.2,301,20.2,D,0
-17.6094,138.6888,319.9,2,1.4,2014-08-06,0129,Terra,MODIS,69,6.2,300,21.1,D,0
-15.339,134.2019,363.4,1,1,2014-08-06,0129,Terra,MODIS,100,6.2,306.5,90.4,D,0
-14.6925,132.0631,317.5,1,1,2014-08-06,0129,Terra,MODIS,48,6.2,303.4,6.8,D,0
-14.7002,132.0522,316.2,1,1,2014-08-06,0129,Terra,MODIS,33,6.2,302,5.3,D,0
-15.3272,134.1841,320.5,1,1,2014-08-06,0129,Terra,MODIS,60,6.2,301,10.3,D,0
-15.3404,134.2115,329.2,1,1,2014-08-06,0129,Terra,MODIS,77,6.2,305.9,18.3,D,0
-16.3447,136.9226,320.9,1.4,1.2,2014-08-06,0129,Terra,MODIS,57,6.2,304.4,14.9,D,0
-16.4163,136.8519,315.9,1.4,1.2,2014-08-06,0129,Terra,MODIS,57,6.2,302.8,8.5,D,0
-18.1056,138.4769,329.8,2,1.4,2014-08-06,0129,Terra,MODIS,75,6.2,299.8,50.1,D,0
-15.3522,134.2294,328.3,1,1,2014-08-06,0129,Terra,MODIS,80,6.2,305.3,16.2,D,0
-16.3738,135.5762,324.7,1.2,1.1,2014-08-06,0129,Terra,MODIS,65,6.2,302.2,17.2,D,0
-17.8958,138.6938,316.4,2,1.4,2014-08-06,0129,Terra,MODIS,61,6.2,299.8,15.8,D,0
-17.899,138.7063,318.4,2,1.4,2014-08-06,0129,Terra,MODIS,63,6.2,299.8,19.7,D,0
-17.898,138.713,316.5,2,1.4,2014-08-06,0129,Terra,MODIS,62,6.2,300,16.3,D,0
-16.4534,136.8877,319.6,1.4,1.2,2014-08-06,0129,Terra,MODIS,55,6.2,302.3,13.5,D,0
-16.4551,136.9012,322.4,1.4,1.2,2014-08-06,0129,Terra,MODIS,72,6.2,304.3,17.6,D,0
-17.613,138.612,322.3,2,1.4,2014-08-06,0129,Terra,MODIS,71,6.2,299.8,30,D,0
-17.6152,138.6059,320.2,2,1.4,2014-08-06,0129,Terra,MODIS,44,6.2,299,23.1,D,0
-17.8375,138.8644,317.4,2.1,1.4,2014-08-06,0129,Terra,MODIS,46,6.2,299.7,16.6,D,0
-17.9716,138.3561,320.6,1.9,1.4,2014-08-06,0129,Terra,MODIS,68,6.2,299.8,25.5,D,0
-18.0652,138.376,318.5,1.9,1.4,2014-08-06,0129,Terra,MODIS,64,6.2,300.5,20.2,D,0
-18.0683,138.369,320.2,1.9,1.4,2014-08-06,0129,Terra,MODIS,70,6.2,300.6,24.4,D,0
-16.801,136.8301,317.7,1.4,1.2,2014-08-06,0129,Terra,MODIS,51,6.2,302,10.7,D,0
-16.8027,136.8436,319.5,1.4,1.2,2014-08-06,0129,Terra,MODIS,65,6.2,302.3,15.1,D,0
-15.2947,134.2737,324.8,1,1,2014-08-06,0129,Terra,MODIS,67,6.2,303.3,13.4,D,0
-16.3631,135.6463,319,1.2,1.1,2014-08-06,0129,Terra,MODIS,39,6.2,302.9,9,D,0
-16.3625,135.5664,338.9,1.2,1.1,2014-08-06,0129,Terra,MODIS,86,6.2,302.8,39.9,D,0
-15.3861,134.2048,328.6,1,1,2014-08-06,0129,Terra,MODIS,80,6.2,302.6,19.6,D,0
-15.3495,134.2101,351.5,1,1,2014-08-06,0129,Terra,MODIS,96,6.2,303.9,58.7,D,0
-15.3874,134.2144,328.2,1,1,2014-08-06,0129,Terra,MODIS,80,6.2,304.9,18.7,D,0
-15.3993,134.2321,334.4,1,1,2014-08-06,0129,Terra,MODIS,85,6.2,304,26.9,D,0
-15.3966,134.2131,341,1,1,2014-08-06,0129,Terra,MODIS,90,6.2,303.1,38.2,D,0
-15.3979,134.2226,339,1,1,2014-08-06,0129,Terra,MODIS,89,6.2,303.4,34.3,D,0
-15.3509,134.2197,341.4,1,1,2014-08-06,0129,Terra,MODIS,90,6.2,306.2,36.6,D,0
-15.3299,134.2032,322.5,1,1,2014-08-06,0129,Terra,MODIS,46,6.2,304.7,11.1,D,0
-15.3285,134.1936,368.5,1,1,2014-08-06,0129,Terra,MODIS,100,6.2,308.5,108.5,D,0
-15.3376,134.1924,353.8,1,1,2014-08-06,0129,Terra,MODIS,97,6.2,302.4,65,D,0
-15.3879,134.283,317.9,1,1,2014-08-06,0129,Terra,MODIS,64,6.2,305,7,D,0
-16.0413,137.0704,335.1,1.5,1.2,2014-08-06,0129,Terra,MODIS,85,6.2,303.7,45,D,0
-16.0748,137.0456,327.3,1.5,1.2,2014-08-06,0129,Terra,MODIS,74,6.2,302.3,27.5,D,0
-18.1152,138.3446,321.8,1.9,1.4,2014-08-06,0129,Terra,MODIS,51,6.2,299.9,26.8,D,0
-16.7076,136.9883,327.1,1.5,1.2,2014-08-06,0129,Terra,MODIS,79,6.2,303.5,27.5,D,0
-16.2404,136.1861,319.8,1.3,1.1,2014-08-06,0129,Terra,MODIS,50,6.2,302.1,10.5,D,0
-15.9392,136.2888,326.3,1.3,1.1,2014-08-06,0129,Terra,MODIS,77,6.2,302.9,21.6,D,0
-15.7019,136.6537,315.3,1.4,1.2,2014-08-06,0129,Terra,MODIS,55,6.2,299.2,10.6,D,0
-15.9376,136.2768,324.8,1.3,1.1,2014-08-06,0129,Terra,MODIS,75,6.2,302,19.5,D,0
-15.7002,136.6412,316.4,1.4,1.2,2014-08-06,0129,Terra,MODIS,46,6.2,300,12,D,0
-16.2286,136.2428,322.1,1.3,1.1,2014-08-06,0129,Terra,MODIS,69,6.2,302.5,15,D,0
-15.8144,135.435,317.2,1.2,1.1,2014-08-06,0129,Terra,MODIS,54,6.2,297,8.6,D,0
-16.1495,136.1922,319.2,1.3,1.1,2014-08-06,0129,Terra,MODIS,32,6.2,302.3,6.7,D,0
-16.2125,136.1223,328.6,1.3,1.1,2014-08-06,0129,Terra,MODIS,79,6.2,303.1,23.4,D,0
-15.8558,136.4304,322,1.3,1.1,2014-08-06,0129,Terra,MODIS,72,6.2,303.7,16,D,0
-16.3143,136.8916,337.5,1.4,1.2,2014-08-06,0129,Terra,MODIS,87,6.2,302.7,49.1,D,0
-15.7227,135.5088,314.4,1.2,1.1,2014-08-06,0129,Terra,MODIS,34,6.2,300.7,5.2,D,0
-16.3183,136.8853,322.3,1.4,1.2,2014-08-06,0129,Terra,MODIS,51,6.2,302.6,16.2,D,0
-16.2493,135.5543,326.5,1.2,1.1,2014-08-06,0129,Terra,MODIS,53,6.2,297.4,21.9,D,0
-16.2381,135.5446,332.5,1.2,1.1,2014-08-06,0129,Terra,MODIS,73,6.2,293.8,31.6,D,0
-16.343,136.9092,326.3,1.4,1.2,2014-08-06,0129,Terra,MODIS,77,6.2,303.2,23.2,D,0
-16.3268,136.9035,326.3,1.4,1.2,2014-08-06,0129,Terra,MODIS,64,6.2,303.3,22.3,D,0
-16.325,136.8902,321.4,1.4,1.2,2014-08-06,0129,Terra,MODIS,42,6.2,302.4,14.5,D,0
-16.3415,135.5581,321.6,1.2,1.1,2014-08-06,0129,Terra,MODIS,61,6.2,299.2,13.7,D,0
-16.2357,136.1499,319.6,1.3,1.1,2014-08-06,0129,Terra,MODIS,34,6.2,303.3,10.2,D,0
-16.3161,136.905,323.5,1.4,1.2,2014-08-06,0129,Terra,MODIS,64,6.2,303.8,17.6,D,0
-16.2341,136.1379,335.8,1.3,1.1,2014-08-06,0129,Terra,MODIS,86,6.2,303.1,37.7,D,0
-16.0958,135.5544,321.9,1.2,1.1,2014-08-06,0129,Terra,MODIS,71,6.2,296,15.3,D,0
-15.9531,136.4741,322.2,1.3,1.1,2014-08-06,0129,Terra,MODIS,39,6.2,303.9,11.4,D,0
-16.2109,136.1104,322.9,1.3,1.1,2014-08-06,0129,Terra,MODIS,49,6.2,301,14.4,D,0
-15.9667,136.4977,324.8,1.3,1.1,2014-08-06,0129,Terra,MODIS,60,6.2,305.4,16.5,D,0
-15.9684,136.5101,321.3,1.3,1.1,2014-08-06,0129,Terra,MODIS,23,6.2,304.2,11.7,D,0
-16.1871,135.9341,324.4,1.2,1.1,2014-08-06,0129,Terra,MODIS,75,6.2,301.1,18.3,D,0
-16.0897,135.966,327.9,1.3,1.1,2014-08-06,0129,Terra,MODIS,79,6.2,303,23.2,D,0
-16.168,136.02,317.7,1.3,1.1,2014-08-06,0129,Terra,MODIS,34,6.2,301.6,8,D,0
-16.1603,135.9614,319.1,1.3,1.1,2014-08-06,0129,Terra,MODIS,33,6.2,302.7,9.1,D,0
-16.32,136.8987,337.6,1.4,1.2,2014-08-06,0129,Terra,MODIS,87,6.2,303.9,48.6,D,0
-16.3429,135.5692,324.9,1.2,1.1,2014-08-06,0129,Terra,MODIS,69,6.2,301.4,17,D,0
-16.5056,128.187,311.7,1.5,1.2,2014-08-06,0129,Terra,MODIS,46,6.2,300.1,8.9,D,0
-14.5495,126.8141,325.9,2.1,1.4,2014-08-06,0129,Terra,MODIS,79,6.2,300.5,49.8,D,0
-16.5048,128.1929,313.9,1.5,1.2,2014-08-06,0129,Terra,MODIS,52,6.2,300.7,11.5,D,0
-14.546,126.7942,321.1,2.1,1.4,2014-08-06,0129,Terra,MODIS,73,6.2,300.7,34.7,D,0
-14.2819,129.4541,399.2,1.4,1.2,2014-08-06,0129,Terra,MODIS,100,6.2,312.7,386.1,D,0
-14.2923,129.4523,355.8,1.4,1.2,2014-08-06,0129,Terra,MODIS,98,6.2,300.9,110.1,D,0
-14.2944,129.4651,354.6,1.4,1.2,2014-08-06,0129,Terra,MODIS,97,6.2,304.1,104.1,D,0
-14.1805,129.6584,316,1.3,1.2,2014-08-06,0129,Terra,MODIS,50,6.2,302.3,10.7,D,0
-16.4154,123.5947,311.7,3.4,1.7,2014-08-06,0129,Terra,MODIS,0,6.2,295.8,40.2,D,0
-14.2964,129.4778,321.3,1.4,1.2,2014-08-06,0129,Terra,MODIS,34,6.2,303.3,16.5,D,0
-14.3309,129.3872,313.6,1.4,1.2,2014-08-06,0129,Terra,MODIS,0,6.2,300.3,8.4,D,0
-16.1935,127.8508,327.4,1.7,1.3,2014-08-06,0129,Terra,MODIS,81,6.2,299.4,42.4,D,0
-16.1821,127.8524,315.9,1.7,1.3,2014-08-06,0129,Terra,MODIS,62,6.2,298.6,17.8,D,0
-14.1309,129.6602,321.1,1.4,1.2,2014-08-06,0129,Terra,MODIS,72,6.2,300.8,19.4,D,0
-14.2715,129.4559,340.6,1.4,1.2,2014-08-06,0129,Terra,MODIS,84,6.2,304.1,56.1,D,0
-14.3914,129.4947,328.9,1.4,1.2,2014-08-06,0129,Terra,MODIS,81,6.2,300.6,33.1,D,0
-14.381,129.4965,333.9,1.4,1.2,2014-08-06,0129,Terra,MODIS,85,6.2,303.1,43.6,D,0
-14.379,129.4839,322.6,1.4,1.2,2014-08-06,0129,Terra,MODIS,74,6.2,300.7,22,D,0
-14.4697,129.9818,317.8,1.3,1.1,2014-08-06,0129,Terra,MODIS,63,6.2,303,10.6,D,0
-14.2817,129.5837,321.7,1.4,1.2,2014-08-06,0129,Terra,MODIS,41,6.2,305.1,14.2,D,0
-14.2796,129.5714,322.1,1.4,1.2,2014-08-06,0129,Terra,MODIS,54,6.2,302.8,15.6,D,0
-14.1908,129.6567,317.8,1.3,1.2,2014-08-06,0129,Terra,MODIS,61,6.2,302.6,13.4,D,0
-14.1206,129.662,318.8,1.4,1.2,2014-08-06,0129,Terra,MODIS,59,6.2,301.8,15.9,D,0
-14.2464,129.4339,323.7,1.4,1.2,2014-08-06,0129,Terra,MODIS,25,6.2,303,21.4,D,0
-14.2798,129.4413,367.9,1.4,1.2,2014-08-06,0129,Terra,MODIS,100,6.2,302.8,163.9,D,0
-14.2694,129.4431,332.8,1.4,1.2,2014-08-06,0129,Terra,MODIS,58,6.2,301.1,37.3,D,0
-14.2589,129.4449,319.3,1.4,1.2,2014-08-06,0129,Terra,MODIS,29,6.2,301.7,14.6,D,0
-14.3644,129.5254,312.9,1.4,1.2,2014-08-06,0129,Terra,MODIS,51,6.2,301.4,8.2,D,0
-16.1907,127.8344,317.7,1.7,1.3,2014-08-06,0129,Terra,MODIS,60,6.2,298.8,19.2,D,0
-17.4064,122.7903,366.5,3.7,1.8,2014-08-06,0130,Terra,MODIS,100,6.2,304.3,659.7,D,0
-17.3927,122.7211,388.8,3.8,1.8,2014-08-06,0130,Terra,MODIS,100,6.2,304.7,1280.3,D,0
-17.3988,122.7123,362.3,3.8,1.8,2014-08-06,0130,Terra,MODIS,100,6.2,296.7,606.6,D,0
-17.1837,122.5944,353.7,3.9,1.8,2014-08-06,0130,Terra,MODIS,97,6.2,301.9,458.6,D,0
-17.2,122.591,350.8,3.9,1.8,2014-08-06,0130,Terra,MODIS,96,6.2,297.4,418,D,0
-17.4268,122.8495,331.4,3.7,1.8,2014-08-06,0130,Terra,MODIS,84,6.2,297.8,171.4,D,0
-17.4199,122.8157,351.1,3.7,1.8,2014-08-06,0130,Terra,MODIS,96,6.2,298.8,396.6,D,0
-17.4129,122.7815,364,3.7,1.8,2014-08-06,0130,Terra,MODIS,100,6.2,300.6,619.7,D,0
-17.4359,122.8549,314.8,3.7,1.8,2014-08-06,0130,Terra,MODIS,19,6.2,296.2,59.5,D,0
-17.4425,122.8887,365.8,3.6,1.8,2014-08-06,0130,Terra,MODIS,100,6.2,303.5,641.4,D,0
-17.449,122.9221,340.4,3.6,1.8,2014-08-06,0130,Terra,MODIS,91,6.2,301.6,251.8,D,0
-17.4199,122.8584,327.7,3.7,1.8,2014-08-06,0130,Terra,MODIS,82,6.2,298.9,131.5,D,0
-17.4132,122.8245,354.1,3.7,1.8,2014-08-06,0130,Terra,MODIS,97,6.2,301,434.2,D,0
-17.1885,122.5859,369.1,3.9,1.8,2014-08-06,0130,Terra,MODIS,100,6.2,303.2,761.6,D,0
-17.4714,122.9521,328.4,3.6,1.8,2014-08-06,0130,Terra,MODIS,83,6.2,296.2,140.2,D,0
-17.8513,123.5714,309.9,3.2,1.7,2014-08-06,0130,Terra,MODIS,48,6.2,298.4,24.7,D,0
-17.3766,122.7246,318.6,3.8,1.8,2014-08-06,0130,Terra,MODIS,60,6.2,298.7,86,D,0
-17.2845,122.64,363.2,3.8,1.8,2014-08-06,0130,Terra,MODIS,100,6.2,299.9,627.7,D,0
-17.2915,122.6755,372.5,3.8,1.8,2014-08-06,0130,Terra,MODIS,100,6.2,303,824.6,D,0
-17.3078,122.6721,354.9,3.8,1.8,2014-08-06,0130,Terra,MODIS,97,6.2,296.7,473.5,D,0
-17.2905,122.6329,348.3,3.8,1.8,2014-08-06,0130,Terra,MODIS,92,6.2,295.3,372.3,D,0
-17.2978,122.6685,367.9,3.8,1.8,2014-08-06,0130,Terra,MODIS,100,6.2,301,711.6,D,0
-17.3211,122.6999,320.6,3.8,1.8,2014-08-06,0130,Terra,MODIS,49,6.2,294.1,94.2,D,0
-17.4058,122.7468,378,3.7,1.8,2014-08-06,0130,Terra,MODIS,100,6.2,302.2,952.6,D,0
-17.3996,122.7557,383.5,3.7,1.8,2014-08-06,0130,Terra,MODIS,100,6.2,306.7,1101.1,D,0
-17.2193,122.6534,343.2,3.8,1.8,2014-08-06,0130,Terra,MODIS,92,6.2,300.7,295.9,D,0
-17.2122,122.6182,340.5,3.8,1.8,2014-08-06,0130,Terra,MODIS,91,6.2,297.4,265.6,D,0
-17.2303,122.6585,326,3.8,1.8,2014-08-06,0130,Terra,MODIS,67,6.2,296.4,129.3,D,0
-17.214,122.6619,325.8,3.8,1.8,2014-08-06,0130,Terra,MODIS,42,6.2,300.1,117.7,D,0
-17.2071,122.6267,341.5,3.8,1.8,2014-08-06,0130,Terra,MODIS,85,6.2,299.6,274.1,D,0
-17.3351,122.8108,319.5,3.7,1.8,2014-08-06,0130,Terra,MODIS,49,6.2,295.5,69.2,D,0
-17.3417,122.8449,325.2,3.7,1.8,2014-08-06,0130,Terra,MODIS,67,6.2,297.6,106.1,D,0
-17.4631,122.9465,338,3.6,1.8,2014-08-06,0130,Terra,MODIS,89,6.2,299.1,223.8,D,0
-17.4564,122.9133,386.7,3.6,1.8,2014-08-06,0130,Terra,MODIS,100,6.2,303.9,1142.4,D,0
-17.4496,122.8798,378.7,3.6,1.8,2014-08-06,0130,Terra,MODIS,100,6.2,301.3,938.1,D,0
-17.4649,122.9188,367,3.6,1.8,2014-08-06,0130,Terra,MODIS,100,6.2,297.1,661.1,D,0
-17.4584,122.8853,359.8,3.6,1.8,2014-08-06,0130,Terra,MODIS,99,6.2,294.7,534,D,0
-17.326,122.8069,335.3,3.7,1.8,2014-08-06,0130,Terra,MODIS,69,6.2,298.7,187.3,D,0
-17.3191,122.7727,353.4,3.7,1.8,2014-08-06,0130,Terra,MODIS,89,6.2,298.7,403.7,D,0
-17.319,122.8143,341.4,3.7,1.8,2014-08-06,0130,Terra,MODIS,91,6.2,299.7,255.5,D,0
-17.3122,122.7799,371.1,3.7,1.8,2014-08-06,0130,Terra,MODIS,100,6.2,301.7,749.6,D,0
-17.4922,123.0094,325.3,3.6,1.8,2014-08-06,0130,Terra,MODIS,80,6.2,296.8,120.1,D,0
-17.4856,122.9763,321,3.6,1.8,2014-08-06,0130,Terra,MODIS,75,6.2,295.7,91.8,D,0
-17.4698,122.9797,313.8,3.6,1.8,2014-08-06,0130,Terra,MODIS,26,6.2,298.3,44.6,D,0
-17.4843,123.0185,321.3,3.6,1.8,2014-08-06,0130,Terra,MODIS,76,6.2,297.9,93.8,D,0
-17.4779,122.9853,329.9,3.6,1.8,2014-08-06,0130,Terra,MODIS,84,6.2,297.9,154.7,D,0
-20.3803,127.4987,345.1,1.5,1.2,2014-08-06,0130,Terra,MODIS,93,6.2,301.1,82.6,D,0
-20.3828,127.5126,346.4,1.5,1.2,2014-08-06,0130,Terra,MODIS,94,6.2,300.4,86.8,D,0
-20.3852,127.5266,312.6,1.5,1.2,2014-08-06,0130,Terra,MODIS,60,6.2,297.9,10.2,D,0
-20.3911,127.4966,325.9,1.5,1.2,2014-08-06,0130,Terra,MODIS,80,6.2,297.5,32.1,D,0
-20.3935,127.5106,338.1,1.5,1.2,2014-08-06,0130,Terra,MODIS,89,6.2,297.8,61.6,D,0
-20.3959,127.5246,311.3,1.5,1.2,2014-08-06,0130,Terra,MODIS,55,6.2,297.2,9,D,0
-18.8382,121.8696,312.2,4,1.9,2014-08-06,0130,Terra,MODIS,34,6.2,295.5,51,D,0
-18.8257,121.867,315,4,1.9,2014-08-06,0130,Terra,MODIS,62,6.2,297.6,68.1,D,0
-18.8229,121.7932,317.8,4.1,1.9,2014-08-06,0130,Terra,MODIS,73,6.2,296.3,86.6,D,0
-18.8264,121.7869,314.8,4.1,1.9,2014-08-06,0130,Terra,MODIS,62,6.2,295.9,67.7,D,0
-18.8336,121.9047,310.1,4,1.9,2014-08-06,0130,Terra,MODIS,51,6.2,296.9,44.5,D,0
-18.6446,132.7552,317.3,1,1,2014-08-06,0130,Terra,MODIS,58,6.2,304.6,6.9,D,0
-18.6938,132.7766,319.6,1,1,2014-08-06,0130,Terra,MODIS,57,6.2,303.5,8.6,D,0
-18.6459,132.7646,315.4,1,1,2014-08-06,0130,Terra,MODIS,34,6.2,302.6,5.6,D,0
-22.9981,122.3752,307.3,3,1.6,2014-08-06,0131,Terra,MODIS,59,6.2,294.2,26.3,D,0
-22.9973,122.3695,309,3,1.6,2014-08-06,0131,Terra,MODIS,63,6.2,294.4,31.9,D,0
-23.0531,122.4165,308.4,3,1.6,2014-08-06,0131,Terra,MODIS,61,6.2,293.7,29.2,D,0
-22.9023,122.5847,306.2,2.9,1.6,2014-08-06,0131,Terra,MODIS,55,6.2,293.5,23.5,D,0
-20.8654,118.4179,319.5,4.8,2,2014-08-06,0309,Terra,MODIS,47,6.2,300.1,104.3,D,0
-20.8676,118.4226,324.7,4.8,2,2014-08-06,0309,Terra,MODIS,78,6.2,300.1,170.1,D,0
-36.2428,148.7185,309.9,1,1,2014-08-06,0411,Aqua,MODIS,69,6.2,287.7,11.3,D,0
-36.3968,149.4772,315.8,1.1,1,2014-08-06,0411,Aqua,MODIS,62,6.2,287.4,15.1,D,0
-36.3874,149.4748,313.4,1.1,1,2014-08-06,0411,Aqua,MODIS,74,6.2,287.4,13.5,D,0
-36.3894,149.4627,324,1.1,1,2014-08-06,0411,Aqua,MODIS,83,6.2,288.5,24.9,D,0
-36.709,149.1078,300.6,1.1,1,2014-08-06,0411,Aqua,MODIS,40,6.2,288.8,4.4,D,0
-35.0598,150.4425,309.2,1.2,1.1,2014-08-06,0411,Aqua,MODIS,68,6.2,290.9,13.1,D,0
-37.2636,149.8302,300.2,1.1,1,2014-08-06,0411,Aqua,MODIS,32,6.2,287.3,5.9,D,0
-34.266,150.508,345.4,1.3,1.1,2014-08-06,0411,Aqua,MODIS,94,6.2,295.3,75.7,D,0
-34.2434,150.5168,331.2,1.3,1.1,2014-08-06,0411,Aqua,MODIS,87,6.2,292.7,42.9,D,0
-35.0622,150.4287,321.9,1.2,1.1,2014-08-06,0411,Aqua,MODIS,81,6.2,292.2,28,D,0
-34.3217,146.1592,305.3,1,1,2014-08-06,0411,Aqua,MODIS,23,6.2,294,4.4,D,0
-35.6762,150.0329,303.7,1.2,1.1,2014-08-06,0411,Aqua,MODIS,57,6.2,288.7,6.8,D,0
-34.2458,150.5029,320.7,1.3,1.1,2014-08-06,0411,Aqua,MODIS,80,6.2,291.7,25.6,D,0
-34.2535,150.5193,348.2,1.3,1.1,2014-08-06,0411,Aqua,MODIS,95,6.2,294.6,82.5,D,0
-34.34,145.9608,310.7,1,1,2014-08-06,0411,Aqua,MODIS,69,6.2,293.2,8.1,D,0
-34.3111,146.1683,313.8,1,1,2014-08-06,0411,Aqua,MODIS,74,6.2,294.3,10.1,D,0
-34.2685,150.4938,316.8,1.3,1.1,2014-08-06,0411,Aqua,MODIS,64,6.2,292.2,19.5,D,0
-34.2584,150.4911,325.2,1.3,1.1,2014-08-06,0411,Aqua,MODIS,65,6.2,292.9,30.7,D,0
-34.2634,150.5142,352.6,1.3,1.1,2014-08-06,0411,Aqua,MODIS,97,6.2,295.6,97.9,D,0
-35.6848,149.9822,309,1.2,1.1,2014-08-06,0411,Aqua,MODIS,68,6.2,291,11.7,D,0
-34.4029,146.239,323.1,1,1,2014-08-06,0411,Aqua,MODIS,82,6.2,292.6,19.9,D,0
-34.4685,150.8811,312.4,1.3,1.1,2014-08-06,0411,Aqua,MODIS,63,6.2,297.1,12.5,D,2
-34.2659,150.5001,362.2,1.3,1.1,2014-08-06,0411,Aqua,MODIS,100,6.2,297.5,133.2,D,0
-34.3201,146.1701,316.8,1,1,2014-08-06,0411,Aqua,MODIS,77,6.2,294.2,12.9,D,0
-34.2559,150.5054,397.7,1.3,1.1,2014-08-06,0411,Aqua,MODIS,100,6.2,304.7,347.5,D,0
-35.6686,150.0182,303.2,1.2,1.1,2014-08-06,0411,Aqua,MODIS,48,6.2,290.8,6.4,D,0
-30.4124,149.7526,305.9,1.4,1.2,2014-08-06,0412,Aqua,MODIS,40,6.2,294.9,6.1,D,0
-32.8209,142.6837,313.4,1.2,1.1,2014-08-06,0412,Aqua,MODIS,65,6.2,297.7,10.4,D,0
-31.9301,150.0804,309.3,1.3,1.1,2014-08-06,0412,Aqua,MODIS,67,6.2,295.8,10.8,D,0
-32.9071,147.3373,319,1,1,2014-08-06,0412,Aqua,MODIS,79,6.2,295.9,16,D,0
-32.8224,142.6705,319.1,1.2,1.1,2014-08-06,0412,Aqua,MODIS,74,6.2,297.9,17,D,0
-32.9054,147.3482,307.3,1,1,2014-08-06,0412,Aqua,MODIS,65,6.2,293.6,6.4,D,0
-32.342,147.4153,306.7,1,1,2014-08-06,0412,Aqua,MODIS,62,6.2,295.1,5.4,D,0
-32.032,151.337,305.8,1.6,1.2,2014-08-06,0412,Aqua,MODIS,62,6.2,290.9,14.6,D,0
-31.0761,152.035,314.4,1.8,1.3,2014-08-06,0412,Aqua,MODIS,66,6.2,294.9,27.2,D,0
-31.0796,152.0169,312.4,1.8,1.3,2014-08-06,0412,Aqua,MODIS,46,6.2,295.1,22.8,D,0
-31.4919,148.2446,307.3,1.1,1.1,2014-08-06,0412,Aqua,MODIS,61,6.2,293.8,6.6,D,0
-31.4805,148.2542,306.9,1.1,1.1,2014-08-06,0412,Aqua,MODIS,59,6.2,294.3,6.4,D,0
-33.3674,150.6976,337.7,1.4,1.2,2014-08-06,0412,Aqua,MODIS,91,6.2,294.7,60.4,D,0
-33.3777,150.7007,328.6,1.4,1.2,2014-08-06,0412,Aqua,MODIS,86,6.2,294.5,40.5,D,0
-29.9653,151.4037,319.4,1.8,1.3,2014-08-06,0412,Aqua,MODIS,78,6.2,292.3,37.1,D,0
-31.4542,149.2171,302.4,1.2,1.1,2014-08-06,0412,Aqua,MODIS,42,6.2,291.8,4.7,D,0
-31.8325,145.1769,309.3,1,1,2014-08-06,0412,Aqua,MODIS,50,6.2,297.6,4.9,D,0
-27.571,149.7701,315.7,1.6,1.2,2014-08-06,0413,Aqua,MODIS,68,6.2,302.4,14.4,D,0
-28.7231,148.7901,319.5,1.3,1.1,2014-08-06,0413,Aqua,MODIS,71,6.2,304.4,14.8,D,0
-29.5283,150.5911,307.7,1.6,1.2,2014-08-06,0413,Aqua,MODIS,52,6.2,294.3,10.2,D,0
-29.5292,150.58,309,1.6,1.2,2014-08-06,0413,Aqua,MODIS,59,6.2,295.3,12.7,D,0
-28.068,148.5861,325.5,1.3,1.1,2014-08-06,0413,Aqua,MODIS,79,6.2,300.6,26.4,D,0
-27.919,148.7953,316.4,1.3,1.1,2014-08-06,0413,Aqua,MODIS,67,6.2,301.4,13.6,D,0
-29.1389,149.5968,317.4,1.4,1.2,2014-08-06,0413,Aqua,MODIS,53,6.2,303.2,14.4,D,0
-28.7463,149.6621,314.8,1.5,1.2,2014-08-06,0413,Aqua,MODIS,64,6.2,302.4,13.7,D,0
-28.7694,149.5306,319.7,1.4,1.2,2014-08-06,0413,Aqua,MODIS,72,6.2,303,17.9,D,0
-27.5682,149.7857,319.1,1.6,1.2,2014-08-06,0413,Aqua,MODIS,73,6.2,302.3,20.4,D,0
-26.5322,149.8764,326.7,1.6,1.3,2014-08-06,0413,Aqua,MODIS,82,6.2,300.3,39.4,D,0
-28.7209,147.1043,315.3,1.1,1,2014-08-06,0413,Aqua,MODIS,62,6.2,303.8,6.6,D,0
-28.6813,147.0503,316,1.1,1,2014-08-06,0413,Aqua,MODIS,63,6.2,304,7.1,D,0
-27.4718,149.4185,324.6,1.5,1.2,2014-08-06,0413,Aqua,MODIS,78,6.2,302.3,28.7,D,0
-27.4691,149.4333,314.3,1.5,1.2,2014-08-06,0413,Aqua,MODIS,63,6.2,301.8,11.6,D,0
-25.7504,152.4049,341.6,2.5,1.5,2014-08-06,0413,Aqua,MODIS,80,6.2,287.7,177.3,D,0
-25.7396,152.4212,345.4,2.6,1.5,2014-08-06,0413,Aqua,MODIS,81,6.2,288.4,202.3,D,0
-25.7446,152.3958,325.1,2.5,1.5,2014-08-06,0413,Aqua,MODIS,72,6.2,286,82.9,D,0
-24.8775,147.0551,347.4,1.2,1.1,2014-08-06,0414,Aqua,MODIS,94,6.2,302.2,66.6,D,0
-24.8794,147.0432,416.8,1.2,1.1,2014-08-06,0414,Aqua,MODIS,100,6.2,315.8,474.6,D,0
-24.8814,147.0314,347.6,1.2,1.1,2014-08-06,0414,Aqua,MODIS,94,6.2,297.3,68.8,D,0
-24.8697,147.0412,317.5,1.2,1.1,2014-08-06,0414,Aqua,MODIS,55,6.2,298.9,13.9,D,0
-24.8568,147.0444,331.4,1.2,1.1,2014-08-06,0414,Aqua,MODIS,83,6.2,300.8,33.9,D,0
-24.8587,147.0325,332.9,1.2,1.1,2014-08-06,0414,Aqua,MODIS,85,6.2,298.7,36.6,D,0
-26.1927,146.2752,336.5,1.1,1,2014-08-06,0414,Aqua,MODIS,87,6.2,303.1,32.6,D,0
-26.1944,146.2645,317.9,1.1,1,2014-08-06,0414,Aqua,MODIS,45,6.2,302.8,8.2,D,0
-26.1868,146.2793,316.3,1.1,1,2014-08-06,0414,Aqua,MODIS,61,6.2,301.7,6.8,D,0
-26.1885,146.2686,332,1.1,1,2014-08-06,0414,Aqua,MODIS,84,6.2,302.8,26.7,D,0
-26.1901,146.2578,319.1,1.1,1,2014-08-06,0414,Aqua,MODIS,68,6.2,303,10.2,D,0
-23.257,144.1441,326,1,1,2014-08-06,0415,Aqua,MODIS,74,6.2,305.5,13.9,D,0
-23.2584,144.1343,321.5,1,1,2014-08-06,0415,Aqua,MODIS,65,6.2,306,9,D,0
-20.9208,133.09,328,3.8,1.8,2014-08-06,0415,Aqua,MODIS,81,6.2,293.2,151.1,D,0
-20.9175,133.1268,317.7,3.8,1.8,2014-08-06,0415,Aqua,MODIS,54,6.2,297.2,74.4,D,0
-18.1143,138.4847,324.5,1.4,1.2,2014-08-06,0416,Aqua,MODIS,54,6.2,301.3,20.1,D,0
-18.1159,138.4713,322.7,1.4,1.2,2014-08-06,0416,Aqua,MODIS,30,6.2,301,17.7,D,0
-18.1843,138.4872,331.5,1.4,1.2,2014-08-06,0416,Aqua,MODIS,75,6.2,299.2,32.1,D,0
-18.1859,138.4739,335.4,1.4,1.2,2014-08-06,0416,Aqua,MODIS,75,6.2,300.7,41.3,D,0
-18.1876,138.4605,372,1.4,1.2,2014-08-06,0416,Aqua,MODIS,100,6.2,307.4,188.7,D,0
-18.1813,138.4665,336.4,1.4,1.2,2014-08-06,0416,Aqua,MODIS,83,6.2,298.7,40.6,D,0
-17.7352,138.7646,334.2,1.3,1.1,2014-08-06,0416,Aqua,MODIS,83,6.2,304.5,30.4,D,0
-17.7232,138.7758,323.8,1.3,1.1,2014-08-06,0416,Aqua,MODIS,69,6.2,305.9,11.2,D,0
-17.7248,138.7632,323.9,1.3,1.1,2014-08-06,0416,Aqua,MODIS,64,6.2,305.4,11.7,D,0
-17.6254,138.5753,338.5,1.4,1.2,2014-08-06,0416,Aqua,MODIS,87,6.2,303.1,49.6,D,0
-17.6233,138.6793,323.3,1.4,1.2,2014-08-06,0416,Aqua,MODIS,42,6.2,305.3,10.7,D,0
-18.1053,138.4698,326,1.4,1.2,2014-08-06,0416,Aqua,MODIS,48,6.2,298.3,22.2,D,0
-17.6207,138.6139,344,1.4,1.2,2014-08-06,0416,Aqua,MODIS,91,6.2,306.8,57.9,D,0
-17.6223,138.6011,335.3,1.4,1.2,2014-08-06,0416,Aqua,MODIS,84,6.2,305.7,37.2,D,0
-17.6239,138.5882,332.6,1.4,1.2,2014-08-06,0416,Aqua,MODIS,81,6.2,304.4,33.3,D,0
-16.8156,136.8367,330.2,1.8,1.3,2014-08-06,0416,Aqua,MODIS,47,6.2,304.1,39.5,D,0
-16.8175,136.8201,334.2,1.8,1.3,2014-08-06,0416,Aqua,MODIS,66,6.2,305.5,50.7,D,0
-16.8194,136.8035,336.3,1.8,1.3,2014-08-06,0416,Aqua,MODIS,86,6.2,305,60.4,D,0
-16.8228,136.816,331.7,1.8,1.3,2014-08-06,0416,Aqua,MODIS,75,6.2,303.7,43.8,D,0
-16.8248,136.7994,329.8,1.8,1.3,2014-08-06,0416,Aqua,MODIS,69,6.2,303.3,39.1,D,0
-16.8111,136.8143,324.2,1.8,1.3,2014-08-06,0416,Aqua,MODIS,36,6.2,305.1,22.2,D,0
-16.4602,139.5775,319.5,1.2,1.1,2014-08-06,0416,Aqua,MODIS,59,6.2,303.8,8.9,D,0
-16.4616,139.5666,318.9,1.2,1.1,2014-08-06,0416,Aqua,MODIS,0,6.2,303.9,8.5,D,0
-13.07,141.8846,317.6,1,1,2014-08-06,0417,Aqua,MODIS,71,6.2,295.3,9.3,D,0
-14.6619,142.6433,331.7,1,1,2014-08-06,0417,Aqua,MODIS,83,6.2,295.9,22.3,D,0
-14.6605,142.6527,326.6,1,1,2014-08-06,0417,Aqua,MODIS,73,6.2,295.1,16.1,D,0
-14.6723,142.6353,331.9,1,1,2014-08-06,0417,Aqua,MODIS,60,6.2,296.7,21.3,D,0
-14.0998,143.6274,323,1.1,1,2014-08-06,0417,Aqua,MODIS,51,6.2,296.6,11.4,D,0
-13.4767,134.1949,320.3,2.5,1.5,2014-08-06,0417,Aqua,MODIS,62,6.2,303.1,31.1,D,0
-13.4816,134.2142,322.6,2.5,1.5,2014-08-06,0417,Aqua,MODIS,70,6.2,302.2,38.7,D,0
-14.0631,143.5845,323.5,1.1,1,2014-08-06,0417,Aqua,MODIS,70,6.2,296.6,13.8,D,0
-16.0905,137.0041,321,1.7,1.3,2014-08-06,0417,Aqua,MODIS,45,6.2,300.5,18.6,D,0
-13.3136,141.9221,319.6,1,1,2014-08-06,0417,Aqua,MODIS,39,6.2,296.2,8.6,D,0
-13.3149,141.9129,324.3,1,1,2014-08-06,0417,Aqua,MODIS,66,6.2,297.3,12.7,D,0
-14.0615,143.5946,328.3,1.1,1,2014-08-06,0417,Aqua,MODIS,81,6.2,297,19.8,D,0
-15.3318,134.1654,325.8,2.7,1.6,2014-08-06,0417,Aqua,MODIS,51,6.2,303.1,54.3,D,0
-15.4145,134.2303,328.5,2.7,1.6,2014-08-06,0417,Aqua,MODIS,79,6.2,299.9,68.8,D,0
-15.4051,134.2365,321,2.7,1.6,2014-08-06,0417,Aqua,MODIS,68,6.2,299.6,35.5,D,0
-15.3665,134.1488,338.3,2.7,1.6,2014-08-06,0417,Aqua,MODIS,84,6.2,296.5,131.9,D,0
-15.3523,134.1472,341.8,2.7,1.6,2014-08-06,0417,Aqua,MODIS,90,6.2,299.8,155.5,D,0
-13.4742,134.2181,321.8,2.5,1.5,2014-08-06,0417,Aqua,MODIS,67,6.2,302.3,37.6,D,0
-14.8898,142.0239,327.2,1,1,2014-08-06,0417,Aqua,MODIS,78,6.2,297.5,18.8,D,0
-16.0801,137.0132,339.2,1.7,1.3,2014-08-06,0417,Aqua,MODIS,88,6.2,303,68.5,D,0
-16.0886,137.0197,331.5,1.7,1.3,2014-08-06,0417,Aqua,MODIS,82,6.2,301.5,42.8,D,0
-14.4102,133.1035,337.1,3.1,1.7,2014-08-06,0417,Aqua,MODIS,87,6.2,303.3,146.8,D,0
-14.412,133.0963,329.6,3.1,1.7,2014-08-06,0417,Aqua,MODIS,80,6.2,302.7,90.9,D,0
-14.6986,132.0425,319.5,3.8,1.8,2014-08-06,0417,Aqua,MODIS,64,6.2,302.9,59.8,D,0
-14.6919,132.0349,316.8,3.8,1.8,2014-08-06,0417,Aqua,MODIS,57,6.2,303.7,43.4,D,0
-14.2191,143.6427,317.4,1.1,1,2014-08-06,0417,Aqua,MODIS,68,6.2,294.4,10.9,D,0
-14.1383,143.4369,337.3,1.1,1,2014-08-06,0417,Aqua,MODIS,88,6.2,297.6,34.6,D,0
-15.4174,134.2052,365.3,2.7,1.6,2014-08-06,0417,Aqua,MODIS,100,6.2,301.9,384.3,D,0
-15.3354,134.1705,328,2.7,1.6,2014-08-06,0417,Aqua,MODIS,65,6.2,303.5,67.9,D,0
-15.4033,134.2035,356.6,2.7,1.6,2014-08-06,0417,Aqua,MODIS,98,6.2,304.8,280.7,D,0
-13.9932,142.1168,328.1,1,1,2014-08-06,0417,Aqua,MODIS,81,6.2,298,18.6,D,0
-14.0022,142.1182,318.7,1,1,2014-08-06,0417,Aqua,MODIS,59,6.2,300,9.1,D,0
-14.6215,142.7918,334.1,1,1,2014-08-06,0417,Aqua,MODIS,80,6.2,300.7,24.4,D,0
-16.3537,136.8963,324,1.7,1.3,2014-08-06,0417,Aqua,MODIS,52,6.2,304.7,21.2,D,0
-16.3556,136.8801,335.5,1.7,1.3,2014-08-06,0417,Aqua,MODIS,85,6.2,304.7,55.4,D,0
-16.3571,136.8898,327.1,1.7,1.3,2014-08-06,0417,Aqua,MODIS,68,6.2,303.9,29.3,D,0
-16.359,136.8737,328.1,1.7,1.3,2014-08-06,0417,Aqua,MODIS,68,6.2,302.8,33.4,D,0
-14.672,142.6997,326.8,1,1,2014-08-06,0417,Aqua,MODIS,65,6.2,299.5,14.5,D,0
-14.6124,142.7903,328,1,1,2014-08-06,0417,Aqua,MODIS,54,6.2,301.1,17,D,0
-16.3985,135.5783,325,2.2,1.4,2014-08-06,0417,Aqua,MODIS,59,6.2,303.5,33.4,D,0
-16.3857,135.5768,380.8,2.2,1.4,2014-08-06,0417,Aqua,MODIS,100,6.2,309,445.1,D,0
-16.388,135.5564,372.3,2.2,1.4,2014-08-06,0417,Aqua,MODIS,100,6.2,306.8,348.6,D,0
-16.4693,136.8838,336.6,1.7,1.3,2014-08-06,0417,Aqua,MODIS,86,6.2,304.6,59.2,D,0
-16.7115,136.9759,327.4,1.7,1.3,2014-08-06,0417,Aqua,MODIS,78,6.2,303.8,29.8,D,0
-16.3493,135.5515,322.9,2.2,1.4,2014-08-06,0417,Aqua,MODIS,49,6.2,304.3,26.8,D,0
-14.0585,143.615,328,1.1,1,2014-08-06,0417,Aqua,MODIS,50,6.2,298.8,18.1,D,0
-13.3216,141.8668,322,1,1,2014-08-06,0417,Aqua,MODIS,48,6.2,295.5,12.1,D,0
-13.2936,141.8653,329.7,1,1,2014-08-06,0417,Aqua,MODIS,82,6.2,298.9,18.9,D,0
-13.2949,141.8561,322.7,1,1,2014-08-06,0417,Aqua,MODIS,37,6.2,295.8,11.1,D,0
-13.9905,143.5141,324.3,1.1,1,2014-08-06,0417,Aqua,MODIS,77,6.2,296.5,12,D,0
-13.8659,142.1104,323.1,1,1,2014-08-06,0417,Aqua,MODIS,76,6.2,296.8,13.3,D,0
-14.4072,133.1326,332,3.1,1.7,2014-08-06,0417,Aqua,MODIS,83,6.2,304.9,105.1,D,0
-14.4055,133.1543,320.5,3.1,1.7,2014-08-06,0417,Aqua,MODIS,55,6.2,304.4,35.4,D,0
-14.4087,133.1258,336.5,3.1,1.7,2014-08-06,0417,Aqua,MODIS,86,6.2,304.4,139.9,D,0
-14.6047,142.7794,329.5,1,1,2014-08-06,0417,Aqua,MODIS,65,6.2,301.6,18.7,D,0
-14.6734,142.6903,327.5,1,1,2014-08-06,0417,Aqua,MODIS,58,6.2,300.6,14.5,D,0
-14.6748,142.6808,328.6,1,1,2014-08-06,0417,Aqua,MODIS,80,6.2,300.4,15.9,D,0
-16.0381,137.0707,319.3,1.7,1.3,2014-08-06,0417,Aqua,MODIS,55,6.2,301.4,14.4,D,0
-16.0868,137.0352,329.3,1.7,1.3,2014-08-06,0417,Aqua,MODIS,79,6.2,301.8,33.6,D,0
-13.8645,142.1197,326.7,1,1,2014-08-06,0417,Aqua,MODIS,80,6.2,298.7,17,D,0
-15.4004,134.2287,328.4,2.7,1.6,2014-08-06,0417,Aqua,MODIS,61,6.2,299.7,63.9,D,0
-16.0781,137.0288,332.9,1.7,1.3,2014-08-06,0417,Aqua,MODIS,83,6.2,303,46.1,D,0
-15.3637,134.174,392.8,2.7,1.6,2014-08-06,0417,Aqua,MODIS,100,6.2,308.7,845.5,D,0
-14.6709,142.6447,354.9,1,1,2014-08-06,0417,Aqua,MODIS,85,6.2,299.2,65.5,D,0
-14.6632,142.6339,364.5,1,1,2014-08-06,0417,Aqua,MODIS,100,6.2,298.3,92.1,D,0
-15.3496,134.1722,365.5,2.7,1.6,2014-08-06,0417,Aqua,MODIS,100,6.2,307,382.1,D,0
-14.6682,142.6636,330.4,1,1,2014-08-06,0417,Aqua,MODIS,59,6.2,300.9,20.4,D,0
-14.1368,143.4469,342.7,1.1,1,2014-08-06,0417,Aqua,MODIS,91,6.2,298.5,44.1,D,0
-15.3609,134.1988,345,2.7,1.6,2014-08-06,0417,Aqua,MODIS,91,6.2,306.3,164.6,D,0
-14.057,143.6252,343.2,1.1,1.1,2014-08-06,0417,Aqua,MODIS,92,6.2,300.6,44.7,D,0
-15.3582,134.2234,331.7,2.7,1.6,2014-08-06,0417,Aqua,MODIS,70,6.2,303.1,75.5,D,0
-15.3751,134.2,336.5,2.7,1.6,2014-08-06,0417,Aqua,MODIS,85,6.2,300.8,110.3,D,0
-13.5797,143.1217,340.3,1.1,1,2014-08-06,0417,Aqua,MODIS,90,6.2,298.3,41.1,D,0
-14.6762,142.6714,323.9,1,1,2014-08-06,0417,Aqua,MODIS,64,6.2,299.7,9.8,D,0
-16.0849,137.0508,325.9,1.7,1.3,2014-08-06,0417,Aqua,MODIS,72,6.2,302.7,27.3,D,0
-14.1352,143.457,321.9,1.1,1,2014-08-06,0417,Aqua,MODIS,59,6.2,296,11.9,D,0
-15.4105,134.1863,347.1,2.7,1.6,2014-08-06,0417,Aqua,MODIS,93,6.2,297.5,199.4,D,0
-14.6646,142.6245,325.3,1,1,2014-08-06,0417,Aqua,MODIS,75,6.2,296.5,13.9,D,0
-15.4078,134.2113,387.6,2.7,1.6,2014-08-06,0417,Aqua,MODIS,100,6.2,306.8,740.2,D,0
-16.079,137.0026,319.9,1.7,1.3,2014-08-06,0417,Aqua,MODIS,59,6.2,299.8,18,D,0
-16.0753,137.0337,327.3,1.7,1.3,2014-08-06,0417,Aqua,MODIS,71,6.2,301.8,30.2,D,0
-14.6696,142.6541,344.4,1,1,2014-08-06,0417,Aqua,MODIS,87,6.2,301.4,42.8,D,0
-16.0772,137.0182,337.1,1.7,1.3,2014-08-06,0417,Aqua,MODIS,86,6.2,302.3,61.8,D,0
-14.6627,142.7014,318.6,1,1,2014-08-06,0417,Aqua,MODIS,45,6.2,299.9,5.7,D,0
-16.7082,136.9827,322,1.7,1.3,2014-08-06,0417,Aqua,MODIS,61,6.2,303.8,16.6,D,0
-13.7152,136.6577,318,1.6,1.3,2014-08-06,0417,Aqua,MODIS,54,6.2,297.7,21.8,D,0
-13.6604,134.2988,323.1,2.5,1.5,2014-08-06,0417,Aqua,MODIS,59,6.2,303.6,32.5,D,0
-16.2555,136.1614,328.5,1.9,1.4,2014-08-06,0417,Aqua,MODIS,15,6.2,304.8,35.6,D,0
-16.024,136.3301,333.6,1.9,1.3,2014-08-06,0417,Aqua,MODIS,84,6.2,306.7,51.6,D,0
-14.8094,141.6216,351.3,1,1,2014-08-06,0417,Aqua,MODIS,95,6.2,306.3,51.5,D,0
-13.7176,131.9403,324.5,3.8,1.8,2014-08-06,0417,Aqua,MODIS,61,6.2,306.5,73,D,0
-13.7277,131.9376,322.9,3.8,1.8,2014-08-06,0417,Aqua,MODIS,61,6.2,304.6,65.1,D,0
-13.6877,134.3024,319.7,2.5,1.5,2014-08-06,0417,Aqua,MODIS,52,6.2,303.7,24.6,D,0
-13.6518,134.2517,338.3,2.5,1.5,2014-08-06,0417,Aqua,MODIS,87,6.2,304.8,104.4,D,0
-16.2498,136.1722,338.3,1.9,1.4,2014-08-06,0417,Aqua,MODIS,88,6.2,306.6,69.6,D,0
-13.6539,134.2935,320.7,2.5,1.5,2014-08-06,0417,Aqua,MODIS,65,6.2,303.2,24.9,D,0
-16.0261,136.3126,342.5,1.9,1.3,2014-08-06,0417,Aqua,MODIS,90,6.2,306.1,87.9,D,0
-13.6544,134.2287,328.6,2.5,1.5,2014-08-06,0417,Aqua,MODIS,79,6.2,304.2,56.1,D,0
-15.9517,136.2802,330.8,1.9,1.3,2014-08-06,0417,Aqua,MODIS,81,6.2,304.2,45.1,D,0
-15.9396,136.2786,324.3,1.9,1.3,2014-08-06,0417,Aqua,MODIS,72,6.2,305.6,27.1,D,0
-13.6456,134.2465,339.6,2.5,1.5,2014-08-06,0417,Aqua,MODIS,88,6.2,305.6,111,D,0
-13.6483,134.2234,326.1,2.5,1.5,2014-08-06,0417,Aqua,MODIS,54,6.2,303.9,42.5,D,0
-16.2535,136.1795,334.8,1.9,1.4,2014-08-06,0417,Aqua,MODIS,81,6.2,305.3,57.8,D,0
-14.8081,141.6308,366.5,1,1,2014-08-06,0417,Aqua,MODIS,100,6.2,305.1,92,D,0
-13.7376,131.9074,321.6,3.8,1.8,2014-08-06,0417,Aqua,MODIS,49,6.2,303.5,52.5,D,0
-13.7315,131.9029,322.5,3.8,1.8,2014-08-06,0417,Aqua,MODIS,67,6.2,304.9,61.8,D,0
-13.865,136.6433,313.2,1.7,1.3,2014-08-06,0417,Aqua,MODIS,36,6.2,299,10.7,D,0
-15.8307,135.431,337.3,2.2,1.4,2014-08-06,0417,Aqua,MODIS,87,6.2,302.7,81.1,D,0
-15.7147,136.6339,317.6,1.8,1.3,2014-08-06,0417,Aqua,MODIS,52,6.2,301.3,17.2,D,0
-14.8068,141.6401,323.5,1,1,2014-08-06,0417,Aqua,MODIS,23,6.2,300.3,8.6,D,0
-15.8178,135.4296,339.4,2.2,1.4,2014-08-06,0417,Aqua,MODIS,89,6.2,304.4,93.7,D,0
-15.8049,135.4281,319.9,2.2,1.4,2014-08-06,0417,Aqua,MODIS,36,6.2,303.5,17.7,D,0
-15.8163,135.4431,328,2.2,1.4,2014-08-06,0417,Aqua,MODIS,79,6.2,304.9,40.7,D,0
-16.1252,135.9271,340.6,2,1.4,2014-08-06,0417,Aqua,MODIS,89,6.2,305.6,86,D,0
-14.373,135.1149,322.4,2.2,1.4,2014-08-06,0417,Aqua,MODIS,71,6.2,301.5,33.4,D,0
-16.0531,135.5323,319.5,2.2,1.4,2014-08-06,0417,Aqua,MODIS,27,6.2,304.1,18.8,D,0
-13.2906,135.1507,318.4,2.1,1.4,2014-08-06,0417,Aqua,MODIS,57,6.2,302.4,14.8,D,0
-16.2617,135.5284,322,2.2,1.4,2014-08-06,0417,Aqua,MODIS,56,6.2,304.6,23.5,D,0
-15.9417,136.2609,318.9,1.9,1.3,2014-08-06,0417,Aqua,MODIS,52,6.2,303.7,15.4,D,0
-16.123,135.9201,328.4,2,1.4,2014-08-06,0417,Aqua,MODIS,64,6.2,304.9,39,D,0
-15.9797,136.499,324.9,1.8,1.3,2014-08-06,0417,Aqua,MODIS,60,6.2,304,25.7,D,0
-16.1626,135.9321,327.5,2,1.4,2014-08-06,0417,Aqua,MODIS,49,6.2,305.6,32.8,D,0
-16.1517,136.8837,318.9,1.7,1.3,2014-08-06,0417,Aqua,MODIS,45,6.2,301.3,14.8,D,0
-12.5747,142.3203,316,1,1,2014-08-06,0417,Aqua,MODIS,19,6.2,293.8,8.2,D,0
-14.2849,134.9886,320,2.2,1.4,2014-08-06,0417,Aqua,MODIS,56,6.2,300.7,24.2,D,0
-14.2825,135.0091,339.6,2.2,1.4,2014-08-06,0417,Aqua,MODIS,89,6.2,303.4,105.1,D,0
-16.1402,136.8822,323.1,1.7,1.3,2014-08-06,0417,Aqua,MODIS,68,6.2,302,24.7,D,0
-16.0949,136.0485,326.4,2,1.4,2014-08-06,0417,Aqua,MODIS,77,6.2,307,30.3,D,0
-16.244,136.1162,332.8,2,1.4,2014-08-06,0417,Aqua,MODIS,65,6.2,304.8,51.6,D,0
-16.2728,135.535,342,2.2,1.4,2014-08-06,0417,Aqua,MODIS,90,6.2,305.5,108.4,D,0
-14.3742,135.1084,321,2.2,1.4,2014-08-06,0417,Aqua,MODIS,69,6.2,301.5,30.7,D,0
-16.2599,135.5334,328.9,2.2,1.4,2014-08-06,0417,Aqua,MODIS,78,6.2,305.3,46.4,D,0
-16.2834,135.5569,323.6,2.2,1.4,2014-08-06,0417,Aqua,MODIS,59,6.2,305,28.5,D,0
-16.2592,135.5488,329.2,2.2,1.4,2014-08-06,0417,Aqua,MODIS,80,6.2,305.5,47.8,D,0
-15.2486,141.896,331.4,1,1,2014-08-06,0417,Aqua,MODIS,74,6.2,305.7,17.7,D,0
-15.8187,135.4227,333.1,2.2,1.4,2014-08-06,0417,Aqua,MODIS,84,6.2,304,63.7,D,0
-15.9618,136.4449,331.3,1.8,1.3,2014-08-06,0417,Aqua,MODIS,82,6.2,305.6,42.5,D,0
-16.1208,135.9388,332.5,2,1.4,2014-08-06,0417,Aqua,MODIS,81,6.2,306.7,50.7,D,0
-16.2519,136.1542,331,1.9,1.4,2014-08-06,0417,Aqua,MODIS,46,6.2,306.3,42.3,D,0
-16.2317,136.1147,337,2,1.4,2014-08-06,0417,Aqua,MODIS,87,6.2,305.2,64.8,D,0
-15.2499,141.8867,332.1,1,1,2014-08-06,0417,Aqua,MODIS,77,6.2,302.4,19.7,D,0
-16.1545,135.8926,332.9,2,1.4,2014-08-06,0417,Aqua,MODIS,83,6.2,303.1,61.8,D,0
-16.0474,135.4697,331.9,2.2,1.4,2014-08-06,0417,Aqua,MODIS,83,6.2,302.1,63.5,D,0
-16.2577,135.5538,327.4,2.2,1.4,2014-08-06,0417,Aqua,MODIS,70,6.2,305.3,40.3,D,0
-16.1898,135.916,326.1,2,1.4,2014-08-06,0417,Aqua,MODIS,72,6.2,305,35.6,D,0
-16.1523,135.9115,365.1,2,1.4,2014-08-06,0417,Aqua,MODIS,100,6.2,307.4,246.1,D,0
-15.1943,141.9575,322.3,1,1,2014-08-06,0417,Aqua,MODIS,65,6.2,304.8,6.9,D,0
-16.2857,135.5366,332.1,2.2,1.4,2014-08-06,0417,Aqua,MODIS,83,6.2,303.3,62.3,D,0
-16.045,135.49,342,2.2,1.4,2014-08-06,0417,Aqua,MODIS,90,6.2,305.4,109,D,0
-14.6809,134.7149,328.4,2.4,1.5,2014-08-06,0417,Aqua,MODIS,79,6.2,302.6,56.6,D,0
-14.6783,134.7367,322.6,2.4,1.5,2014-08-06,0417,Aqua,MODIS,63,6.2,301.8,33.9,D,0
-16.1421,136.8662,331.3,1.7,1.3,2014-08-06,0417,Aqua,MODIS,82,6.2,302.7,47.4,D,0
-16.1501,135.9303,346.7,2,1.4,2014-08-06,0417,Aqua,MODIS,93,6.2,308.3,116.6,D,0
-16.3106,136.8838,320.8,1.7,1.3,2014-08-06,0417,Aqua,MODIS,37,6.2,303.6,14.2,D,0
-15.8647,135.4762,326.3,2.2,1.4,2014-08-06,0417,Aqua,MODIS,73,6.2,304.8,35,D,0
-16.1909,135.9212,329.5,2,1.4,2014-08-06,0417,Aqua,MODIS,80,6.2,305.4,45.7,D,0
-16.054,135.517,345.7,2.2,1.4,2014-08-06,0417,Aqua,MODIS,92,6.2,305.6,130,D,0
-16.0555,135.5119,356.7,2.2,1.4,2014-08-06,0417,Aqua,MODIS,98,6.2,305.9,204.9,D,0
-15.9688,136.4404,326.3,1.8,1.3,2014-08-06,0417,Aqua,MODIS,61,6.2,303.8,26.8,D,0
-16.0562,135.4966,374,2.2,1.4,2014-08-06,0417,Aqua,MODIS,100,6.2,308.2,371.3,D,0
-16.0585,135.4762,321.2,2.2,1.4,2014-08-06,0417,Aqua,MODIS,70,6.2,301.6,29.4,D,0
-16.0579,135.4915,364.7,2.2,1.4,2014-08-06,0417,Aqua,MODIS,100,6.2,306.6,274.4,D,0
-11.9578,133.1821,321.6,2.9,1.6,2014-08-06,0418,Aqua,MODIS,36,6.2,300.9,38.5,D,0
-13.0707,130.6848,316.6,4.6,2,2014-08-06,0418,Aqua,MODIS,41,6.2,299.8,54.6,D,0
-12.1985,133.4646,325.8,2.7,1.6,2014-08-06,0418,Aqua,MODIS,73,6.2,301.2,55.2,D,0
-12.6332,134.8811,319.6,2.2,1.4,2014-08-06,0418,Aqua,MODIS,61,6.2,302.4,16.2,D,0
-12.2144,133.5347,325.9,2.7,1.6,2014-08-06,0418,Aqua,MODIS,69,6.2,302.2,50.4,D,0
-11.7914,133.4331,330.2,2.7,1.6,2014-08-06,0418,Aqua,MODIS,63,6.2,297.9,88.2,D,0
-11.846,133.3387,328.7,2.8,1.6,2014-08-06,0418,Aqua,MODIS,82,6.2,300.9,77.3,D,0
-12.0382,133.5328,329.6,2.7,1.6,2014-08-06,0418,Aqua,MODIS,47,6.2,301.9,66.3,D,0
-12.2135,134.3603,320.7,2.3,1.5,2014-08-06,0418,Aqua,MODIS,66,6.2,299.9,34.2,D,0
-12.823,132.3735,321.6,3.4,1.7,2014-08-06,0418,Aqua,MODIS,34,6.2,302.8,45.9,D,0
-12.0159,133.189,319.4,2.9,1.6,2014-08-06,0418,Aqua,MODIS,41,6.2,300.4,29,D,0
-11.9566,133.1772,327.5,2.9,1.6,2014-08-06,0418,Aqua,MODIS,81,6.2,301,70.1,D,0
-11.9598,133.1509,324.4,2.9,1.6,2014-08-06,0418,Aqua,MODIS,77,6.2,299.4,51.4,D,0
-12.6847,134.8867,328.7,2.2,1.4,2014-08-06,0418,Aqua,MODIS,80,6.2,303.3,45.1,D,0
-12.2061,133.4837,323,2.7,1.6,2014-08-06,0418,Aqua,MODIS,68,6.2,301.6,43.5,D,0
-12.6822,134.9064,325.7,2.1,1.4,2014-08-06,0418,Aqua,MODIS,54,6.2,303,33.4,D,0
-12.1674,133.1923,352.9,2.9,1.6,2014-08-06,0418,Aqua,MODIS,96,6.2,302.8,266.2,D,0
-11.7882,133.4278,336,2.7,1.6,2014-08-06,0418,Aqua,MODIS,0,6.2,298.3,119.3,D,0
-12.6587,135.3132,317.6,2,1.4,2014-08-06,0418,Aqua,MODIS,41,6.2,302,16.1,D,0
-12.0865,133.4888,358.1,2.7,1.6,2014-08-06,0418,Aqua,MODIS,99,6.2,303.5,294.4,D,0
-12.0595,133.194,327.3,2.9,1.6,2014-08-06,0418,Aqua,MODIS,77,6.2,301.1,70.2,D,0
-11.7943,133.4083,345.5,2.7,1.6,2014-08-06,0418,Aqua,MODIS,88,6.2,300.5,190.2,D,0
-12.3303,134.5941,315.5,2.2,1.5,2014-08-06,0418,Aqua,MODIS,45,6.2,300.3,16.5,D,0
-12.0338,133.5253,343.6,2.7,1.6,2014-08-06,0418,Aqua,MODIS,91,6.2,302.6,155.1,D,0
-11.7913,133.403,331.9,2.7,1.6,2014-08-06,0418,Aqua,MODIS,73,6.2,299.8,93.4,D,0
-12.0835,133.5136,341,2.7,1.6,2014-08-06,0418,Aqua,MODIS,89,6.2,304.7,135.4,D,0
-12.6834,134.8918,327.9,2.2,1.4,2014-08-06,0418,Aqua,MODIS,79,6.2,303.7,40.1,D,0
-12.0627,133.1678,319.2,2.9,1.6,2014-08-06,0418,Aqua,MODIS,40,6.2,299.6,32.3,D,0
-12.0368,133.5009,331.1,2.7,1.6,2014-08-06,0418,Aqua,MODIS,53,6.2,302.2,71.2,D,0
-12.0268,133.5067,335,2.7,1.6,2014-08-06,0418,Aqua,MODIS,79,6.2,301,100.1,D,0
-12.6811,134.9114,322.8,2.1,1.4,2014-08-06,0418,Aqua,MODIS,35,6.2,303,23.9,D,0
-11.9246,133.1994,325.6,2.8,1.6,2014-08-06,0418,Aqua,MODIS,54,6.2,300.3,56.7,D,0
-12.8329,132.3794,321.1,3.4,1.7,2014-08-06,0418,Aqua,MODIS,52,6.2,302,51.8,D,0
-12.1383,133.1886,328.5,2.9,1.6,2014-08-06,0418,Aqua,MODIS,78,6.2,303.1,73.1,D,0
-12.0497,133.4333,353,2.7,1.6,2014-08-06,0418,Aqua,MODIS,96,6.2,301.7,253.9,D,0
-12.2213,133.518,324.9,2.7,1.6,2014-08-06,0418,Aqua,MODIS,72,6.2,302.1,49.1,D,0
-12.2268,134.3621,319.4,2.3,1.5,2014-08-06,0418,Aqua,MODIS,24,6.2,301.6,27.4,D,0
-12.2747,134.4108,316.3,2.3,1.5,2014-08-06,0418,Aqua,MODIS,48,6.2,300.8,19.6,D,0
-12.1644,133.2184,339.4,2.9,1.6,2014-08-06,0418,Aqua,MODIS,88,6.2,302.4,140,D,0
-12.2377,135.472,323.8,1.9,1.4,2014-08-06,0418,Aqua,MODIS,43,6.2,299.3,27.1,D,0
-12.1197,133.2084,319.1,2.9,1.6,2014-08-06,0418,Aqua,MODIS,42,6.2,301.1,27.3,D,0
-12.2185,133.5423,323.4,2.7,1.6,2014-08-06,0418,Aqua,MODIS,62,6.2,302.3,39.4,D,0
-12.1632,133.2137,348.2,2.9,1.6,2014-08-06,0418,Aqua,MODIS,94,6.2,302.8,213.9,D,0
-12.046,133.4257,341.4,2.7,1.6,2014-08-06,0418,Aqua,MODIS,84,6.2,300.3,149.2,D,0
-12.2179,134.356,323.9,2.3,1.5,2014-08-06,0418,Aqua,MODIS,52,6.2,300.5,43.3,D,0
-12.2364,135.4491,316.4,1.9,1.4,2014-08-06,0418,Aqua,MODIS,35,6.2,299,12.9,D,0
-12.0002,133.1823,325.9,2.9,1.6,2014-08-06,0418,Aqua,MODIS,79,6.2,301.8,57.6,D,0
-12.6309,134.9008,319.3,2.1,1.4,2014-08-06,0418,Aqua,MODIS,32,6.2,300.8,17.2,D,0
-12.6871,134.867,323.3,2.2,1.4,2014-08-06,0418,Aqua,MODIS,72,6.2,302,28.6,D,0
-12.0014,133.1873,325.9,2.9,1.6,2014-08-06,0418,Aqua,MODIS,75,6.2,301.9,60.4,D,0
-12.1664,133.1877,345.9,2.9,1.6,2014-08-06,0418,Aqua,MODIS,92,6.2,302.4,198.2,D,0
-12.5525,135.4417,318,1.9,1.4,2014-08-06,0418,Aqua,MODIS,41,6.2,299.7,16.7,D,0
-12.0429,133.451,344.2,2.7,1.6,2014-08-06,0418,Aqua,MODIS,87,6.2,300.4,163.6,D,0
-11.8493,133.346,326.6,2.8,1.6,2014-08-06,0418,Aqua,MODIS,80,6.2,300.1,68,D,0
-12.1338,134.4945,316.4,2.3,1.5,2014-08-06,0418,Aqua,MODIS,32,6.2,299.4,19.1,D,0
-12.0638,136.4382,316.9,1.6,1.2,2014-08-06,0418,Aqua,MODIS,48,6.2,297.3,15.5,D,0
-12.1228,133.1823,334.9,2.9,1.6,2014-08-06,0418,Aqua,MODIS,84,6.2,301.5,116.8,D,0
-12.0609,133.4606,337.3,2.7,1.6,2014-08-06,0418,Aqua,MODIS,86,6.2,302.3,121.2,D,0
-12.216,134.3389,316.7,2.3,1.5,2014-08-06,0418,Aqua,MODIS,29,6.2,299.2,20.2,D,0
-12.047,133.1997,321.6,2.9,1.6,2014-08-06,0418,Aqua,MODIS,38,6.2,301.2,38.8,D,0
-12.041,133.5084,331.2,2.7,1.6,2014-08-06,0418,Aqua,MODIS,65,6.2,303.2,72.6,D,0
-13.166,135.4108,316.1,2,1.4,2014-08-06,0418,Aqua,MODIS,44,6.2,299.7,14.6,D,0
-12.0645,133.1752,325.1,2.9,1.6,2014-08-06,0418,Aqua,MODIS,57,6.2,300.1,57.7,D,0
-12.1849,135.9099,327.9,1.8,1.3,2014-08-06,0418,Aqua,MODIS,39,6.2,298.3,34.1,D,0
-12.2314,134.2084,322,2.4,1.5,2014-08-06,0418,Aqua,MODIS,53,6.2,301.4,34.8,D,0
-12.075,136.4397,326.9,1.6,1.2,2014-08-06,0418,Aqua,MODIS,78,6.2,298.6,35.8,D,0
-12.1373,133.184,342.5,2.9,1.6,2014-08-06,0418,Aqua,MODIS,90,6.2,303.2,172.5,D,0
-11.9608,133.1558,326.8,2.9,1.6,2014-08-06,0418,Aqua,MODIS,76,6.2,299.7,61.1,D,0
-12.8313,134.8572,319.2,2.2,1.4,2014-08-06,0418,Aqua,MODIS,33,6.2,302,20.1,D,0
-12.88,134.7663,319,2.2,1.4,2014-08-06,0418,Aqua,MODIS,64,6.2,303.8,21.7,D,0
-12.6857,134.872,327.2,2.2,1.4,2014-08-06,0418,Aqua,MODIS,75,6.2,302.3,38.5,D,0
-12.0107,134.12,325.5,2.4,1.5,2014-08-06,0418,Aqua,MODIS,68,6.2,301.7,47.9,D,0
-12.0467,133.4587,341.7,2.7,1.6,2014-08-06,0418,Aqua,MODIS,90,6.2,301.7,148,D,0
-12.0571,133.4529,336.7,2.7,1.6,2014-08-06,0418,Aqua,MODIS,71,6.2,302.7,110.9,D,0
-11.3994,132.3933,316.2,3.2,1.7,2014-08-06,0418,Aqua,MODIS,64,6.2,298.2,34.5,D,0
-12.1148,134.7592,319,2.2,1.4,2014-08-06,0418,Aqua,MODIS,41,6.2,299.7,24.2,D,0
-12.4354,134.9042,322.7,2.1,1.4,2014-08-06,0418,Aqua,MODIS,64,6.2,300.3,31.1,D,0
-11.426,132.5502,312.9,3.1,1.7,2014-08-06,0418,Aqua,MODIS,49,6.2,296.8,25.3,D,0
-11.9919,135.6497,316.2,1.8,1.3,2014-08-06,0418,Aqua,MODIS,48,6.2,297.3,19.1,D,0
-12.3287,134.8184,319.6,2.2,1.4,2014-08-06,0418,Aqua,MODIS,35,6.2,300.4,24.2,D,0
-11.923,132.9567,322.9,3,1.6,2014-08-06,0418,Aqua,MODIS,45,6.2,298.5,50.6,D,0
-13.2782,130.9374,338.5,4.4,1.9,2014-08-06,0418,Aqua,MODIS,87,6.2,303.6,275.1,D,0
-11.2204,132.0162,350.1,3.4,1.7,2014-08-06,0418,Aqua,MODIS,78,6.2,297.7,333.7,D,0
-12.3646,132.6628,323.9,3.2,1.7,2014-08-06,0418,Aqua,MODIS,71,6.2,300.8,58.3,D,0
-12.2441,135.4857,329.4,1.9,1.3,2014-08-06,0418,Aqua,MODIS,80,6.2,300.4,47.1,D,0
-11.9315,133.013,326.5,2.9,1.6,2014-08-06,0418,Aqua,MODIS,51,6.2,299.5,64.7,D,0
-11.9306,133.0058,335.9,2.9,1.6,2014-08-06,0418,Aqua,MODIS,87,6.2,299.7,120,D,0
-11.9462,133.0148,322.2,2.9,1.6,2014-08-06,0418,Aqua,MODIS,25,6.2,298,43.9,D,0
-11.9192,132.977,334.7,3,1.6,2014-08-06,0418,Aqua,MODIS,86,6.2,299.7,118.3,D,0
-12.3263,134.8382,320.6,2.1,1.4,2014-08-06,0418,Aqua,MODIS,42,6.2,300.2,27.6,D,0
-11.9021,133.0092,325.5,2.9,1.6,2014-08-06,0418,Aqua,MODIS,67,6.2,298.7,65.3,D,0
-11.7768,132.7805,378.9,3,1.7,2014-08-06,0418,Aqua,MODIS,100,6.2,306,694.9,D,0
-11.9012,133.0021,322.2,2.9,1.6,2014-08-06,0418,Aqua,MODIS,37,6.2,298.6,48.3,D,0
-12.4157,134.9605,321.5,2.1,1.4,2014-08-06,0418,Aqua,MODIS,46,6.2,300.6,27.4,D,0
-12.3275,134.8233,322.8,2.2,1.4,2014-08-06,0418,Aqua,MODIS,33,6.2,300.6,31.6,D,0
-13.2786,130.9419,336.9,4.4,1.9,2014-08-06,0418,Aqua,MODIS,86,6.2,303.6,253.6,D,0
-11.7734,132.8082,344.3,3,1.7,2014-08-06,0418,Aqua,MODIS,92,6.2,301.2,200.5,D,0
-11.7762,132.7877,390.8,3,1.7,2014-08-06,0418,Aqua,MODIS,100,6.2,305.8,973.9,D,0
-11.773,132.8153,326.2,3,1.7,2014-08-06,0418,Aqua,MODIS,68,6.2,300.6,72,D,0
-11.9339,132.9788,337.2,3,1.6,2014-08-06,0418,Aqua,MODIS,88,6.2,299.1,130.5,D,0
-13.2827,130.9013,331.3,4.5,1.9,2014-08-06,0418,Aqua,MODIS,81,6.2,300.7,191.6,D,0
-12.3208,134.7774,325.6,2.2,1.4,2014-08-06,0418,Aqua,MODIS,64,6.2,299.5,44.9,D,0
-12.2298,135.5015,316.9,1.9,1.3,2014-08-06,0418,Aqua,MODIS,50,6.2,299.3,14.6,D,0
-11.898,133.0287,316,2.9,1.6,2014-08-06,0418,Aqua,MODIS,17,6.2,299,26,D,0
-11.7795,132.7598,359.7,3.1,1.7,2014-08-06,0418,Aqua,MODIS,99,6.2,301,388.3,D,0
-12.3321,134.7838,346.4,2.2,1.4,2014-08-06,0418,Aqua,MODIS,93,6.2,302,136.6,D,0
-12.3337,134.7791,346.1,2.2,1.4,2014-08-06,0418,Aqua,MODIS,93,6.2,302.2,138.7,D,0
-11.7802,132.7526,342.4,3.1,1.7,2014-08-06,0418,Aqua,MODIS,91,6.2,298.8,191.3,D,0
-11.2143,132.0204,352.9,3.4,1.7,2014-08-06,0418,Aqua,MODIS,0,6.2,298.5,365.9,D,0
-12.3345,134.764,328.5,2.2,1.4,2014-08-06,0418,Aqua,MODIS,78,6.2,301.5,51.8,D,0
-11.9199,132.9841,335.6,3,1.6,2014-08-06,0418,Aqua,MODIS,87,6.2,300,126.6,D,0
-11.9346,132.986,351.5,3,1.6,2014-08-06,0418,Aqua,MODIS,96,6.2,299.4,263.1,D,0
-11.7652,132.7509,324.9,3.1,1.7,2014-08-06,0418,Aqua,MODIS,49,6.2,300.9,65.9,D,0
-11.7645,132.758,324.3,3.1,1.7,2014-08-06,0418,Aqua,MODIS,73,6.2,301.6,68.6,D,0
-12.433,134.9236,331,2.1,1.4,2014-08-06,0418,Aqua,MODIS,82,6.2,301.2,57.8,D,0
-11.7836,132.7245,323.1,3.1,1.7,2014-08-06,0418,Aqua,MODIS,34,6.2,295.5,58.3,D,0
-13.2825,130.8969,328.6,4.5,1.9,2014-08-06,0418,Aqua,MODIS,78,6.2,300.7,161.7,D,0
-13.0244,136.0572,330.8,1.8,1.3,2014-08-06,0418,Aqua,MODIS,82,6.2,297.8,52.6,D,0
-13.0224,136.0735,323.5,1.8,1.3,2014-08-06,0418,Aqua,MODIS,73,6.2,298.4,32.4,D,0
-11.871,132.7467,344.9,3.1,1.7,2014-08-06,0418,Aqua,MODIS,93,6.2,300.7,220,D,0
-11.8742,132.7184,356.5,3.1,1.7,2014-08-06,0418,Aqua,MODIS,98,6.2,300.7,348,D,0
-11.856,132.7448,321.9,3.1,1.7,2014-08-06,0418,Aqua,MODIS,75,6.2,300.7,57.5,D,0
-11.8761,132.714,340,3.1,1.7,2014-08-06,0418,Aqua,MODIS,90,6.2,299.5,174.4,D,0
-11.8727,132.7422,343.1,3.1,1.7,2014-08-06,0418,Aqua,MODIS,92,6.2,300.4,202.9,D,0
-11.8592,132.7166,318.4,3.1,1.7,2014-08-06,0418,Aqua,MODIS,61,6.2,301.1,39.8,D,0
-12.5201,132.7514,326.1,3.1,1.7,2014-08-06,0418,Aqua,MODIS,76,6.2,301.8,72,D,0
-12.5169,132.78,321.9,3.1,1.7,2014-08-06,0418,Aqua,MODIS,64,6.2,302.6,45.5,D,0
-12.5597,132.1643,317.9,3.5,1.8,2014-08-06,0418,Aqua,MODIS,34,6.2,300.7,36.8,D,0
-12.5559,132.196,317.7,3.5,1.8,2014-08-06,0418,Aqua,MODIS,42,6.2,299.8,38,D,0
-12.8337,134.8373,344,2.2,1.4,2014-08-06,0418,Aqua,MODIS,91,6.2,304.5,125.7,D,0
-11.5688,130.7504,313.1,4.3,1.9,2014-08-06,0418,Aqua,MODIS,14,6.2,297.4,44.5,D,0
-11.3207,131.3191,320.6,3.9,1.8,2014-08-06,0418,Aqua,MODIS,68,6.2,298.2,81.1,D,0
-11.3259,131.3245,318.2,3.9,1.8,2014-08-06,0418,Aqua,MODIS,66,6.2,298.2,65.4,D,0
-11.8611,132.7122,319.4,3.1,1.7,2014-08-06,0418,Aqua,MODIS,60,6.2,301,41.7,D,0
-11.565,131.2547,313.4,4,1.9,2014-08-06,0418,Aqua,MODIS,58,6.2,295.6,52.1,D,0
-11.5703,131.2624,315.5,4,1.9,2014-08-06,0418,Aqua,MODIS,64,6.2,295.8,65.2,D,0
-11.8577,132.7404,330.2,3.1,1.7,2014-08-06,0418,Aqua,MODIS,83,6.2,301.1,106,D,0
-12.392,132.6703,318.4,3.2,1.7,2014-08-06,0418,Aqua,MODIS,47,6.2,303,30.8,D,0
-34.7437,118.2181,311.4,1.3,1.1,2014-08-06,0550,Aqua,MODIS,38,6.2,295.7,11.3,D,0
-34.7554,118.2059,309.8,1.3,1.1,2014-08-06,0550,Aqua,MODIS,39,6.2,294.8,10,D,0
-34.7538,118.2198,324,1.3,1.1,2014-08-06,0550,Aqua,MODIS,83,6.2,296.7,27.4,D,0
-34.7797,117.6106,304.4,1.4,1.2,2014-08-06,0550,Aqua,MODIS,59,6.2,293.8,7.8,D,0
-32.2277,116.3731,333,1.5,1.2,2014-08-06,0551,Aqua,MODIS,72,6.2,297.8,49.4,D,0
-32.4743,116.0809,312.6,1.6,1.2,2014-08-06,0551,Aqua,MODIS,72,6.2,294,18.4,D,0
-32.2369,116.3904,356.5,1.5,1.2,2014-08-06,0551,Aqua,MODIS,98,6.2,300.7,125.3,D,0
-32.7454,116.8674,308.9,1.4,1.2,2014-08-06,0551,Aqua,MODIS,67,6.2,294,12.6,D,0
-32.242,116.343,309.3,1.5,1.2,2014-08-06,0551,Aqua,MODIS,36,6.2,293.4,10.7,D,0
-32.2403,116.3589,363.4,1.5,1.2,2014-08-06,0551,Aqua,MODIS,100,6.2,297.4,163.8,D,0
-32.2294,116.3574,369,1.5,1.2,2014-08-06,0551,Aqua,MODIS,100,6.2,303.6,193.9,D,0
-32.2311,116.3415,363,1.5,1.2,2014-08-06,0551,Aqua,MODIS,100,6.2,301.9,163,D,0
-32.2328,116.3254,341.9,1.5,1.2,2014-08-06,0551,Aqua,MODIS,92,6.2,297.6,79.7,D,0
-32.2202,116.3399,334.8,1.5,1.2,2014-08-06,0551,Aqua,MODIS,89,6.2,296.8,57.1,D,0
-32.2219,116.3239,343.7,1.5,1.2,2014-08-06,0551,Aqua,MODIS,93,6.2,299.1,85.1,D,0
-32.2367,116.4115,365.9,1.5,1.2,2014-08-06,0551,Aqua,MODIS,98,6.2,300.4,168.7,D,0
-32.2584,116.4148,340.5,1.5,1.2,2014-08-06,0551,Aqua,MODIS,71,6.2,296.1,69.1,D,0
-32.476,116.0642,311.9,1.6,1.2,2014-08-06,0551,Aqua,MODIS,71,6.2,294.5,17.5,D,0
-32.2383,116.3959,363.4,1.5,1.2,2014-08-06,0551,Aqua,MODIS,91,6.2,301,154.9,D,0
-32.2352,116.406,373,1.5,1.2,2014-08-06,0551,Aqua,MODIS,100,6.2,302.8,212.4,D,0
-32.3036,116.4056,303.3,1.5,1.2,2014-08-06,0551,Aqua,MODIS,51,6.2,291.9,8,D,0
-31.4829,115.7889,311.3,1.6,1.2,2014-08-06,0551,Aqua,MODIS,55,6.2,297.7,12.8,D,0
-31.4832,115.7822,317.4,1.6,1.2,2014-08-06,0551,Aqua,MODIS,75,6.2,297.8,23.1,D,0
-31.4846,115.7722,312.4,1.6,1.2,2014-08-06,0551,Aqua,MODIS,57,6.2,297.1,14.1,D,0
-33.5631,115.7522,305.8,1.7,1.3,2014-08-06,0551,Aqua,MODIS,62,6.2,293.3,12.2,D,0
-34.0406,116.7496,307.3,1.5,1.2,2014-08-06,0551,Aqua,MODIS,65,6.2,294.4,11.5,D,0
-33.974,116.7348,305.9,1.5,1.2,2014-08-06,0551,Aqua,MODIS,62,6.2,295.1,9.7,D,0
-34.1315,116.7532,329.5,1.5,1.2,2014-08-06,0551,Aqua,MODIS,86,6.2,295,48.6,D,0
-34.1299,116.7694,304.8,1.5,1.2,2014-08-06,0551,Aqua,MODIS,60,6.2,293.9,8.9,D,0
-33.8087,117.5252,302.3,1.3,1.1,2014-08-06,0551,Aqua,MODIS,51,6.2,291.8,6.5,D,0
-33.8515,116.2658,350.3,1.6,1.2,2014-08-06,0551,Aqua,MODIS,96,6.2,296.5,120.6,D,0
-25.4515,127.6544,320.1,2.6,1.5,2014-08-06,0552,Aqua,MODIS,70,6.2,304.2,37,D,0
-25.4432,127.6601,316.4,2.6,1.5,2014-08-06,0552,Aqua,MODIS,64,6.2,304.3,25.9,D,0
-25.4484,127.6348,317,2.6,1.5,2014-08-06,0552,Aqua,MODIS,65,6.2,302.4,28.7,D,0
-30.2502,115.0788,310.4,1.7,1.3,2014-08-06,0552,Aqua,MODIS,56,6.2,300,11.2,D,0
-22.9848,122.3511,319.6,1.3,1.1,2014-08-06,0553,Aqua,MODIS,46,6.2,305.7,10.9,D,0
-22.9663,122.5732,333.6,1.3,1.1,2014-08-06,0553,Aqua,MODIS,84,6.2,306.1,38.1,D,0
-22.9642,122.5859,321.6,1.3,1.1,2014-08-06,0553,Aqua,MODIS,71,6.2,304.1,17.3,D,0
-22.9071,122.5693,318,1.3,1.1,2014-08-06,0553,Aqua,MODIS,59,6.2,304.3,11.6,D,0
-22.8947,122.5801,316.9,1.3,1.1,2014-08-06,0553,Aqua,MODIS,59,6.2,304.7,10.7,D,0
-22.8969,122.5673,317.4,1.3,1.1,2014-08-06,0553,Aqua,MODIS,61,6.2,305.4,11.2,D,0
-23.0001,122.3723,324.5,1.3,1.1,2014-08-06,0553,Aqua,MODIS,74,6.2,305.2,18.2,D,0
-22.9064,123.1806,344.5,1.4,1.2,2014-08-06,0553,Aqua,MODIS,92,6.2,304.4,74,D,0
-22.7839,119.9704,316.7,1,1,2014-08-06,0553,Aqua,MODIS,57,6.2,304.8,6.1,D,0
-22.79,119.992,338.1,1,1,2014-08-06,0553,Aqua,MODIS,87,6.2,306.4,32.3,D,0
-22.793,119.9721,314,1,1,2014-08-06,0553,Aqua,MODIS,27,6.2,302.3,3.6,D,0
-22.7794,120.0004,315.6,1,1,2014-08-06,0553,Aqua,MODIS,53,6.2,305.1,5.1,D,0
-22.7809,119.9904,342.4,1,1,2014-08-06,0553,Aqua,MODIS,90,6.2,307.3,39.9,D,0
-22.7824,119.9804,333.2,1,1,2014-08-06,0553,Aqua,MODIS,84,6.2,307.1,24.9,D,0
-22.7915,119.982,325.8,1,1,2014-08-06,0553,Aqua,MODIS,76,6.2,304.6,15.1,D,0
-22.236,115.4902,323.1,1.3,1.1,2014-08-06,0554,Aqua,MODIS,45,6.2,307.2,11,D,0
-22.7143,119.9413,323.8,1,1,2014-08-06,0554,Aqua,MODIS,73,6.2,305.5,12.2,D,0
-22.7113,119.9612,324.2,1,1,2014-08-06,0554,Aqua,MODIS,74,6.2,303.8,12.3,D,0
-22.7128,119.9512,381.1,1,1,2014-08-06,0554,Aqua,MODIS,100,6.2,312.2,155,D,0
-22.7202,119.9591,323.4,1,1,2014-08-06,0554,Aqua,MODIS,50,6.2,306.3,11.4,D,0
-22.2168,115.4807,322.7,1.3,1.1,2014-08-06,0554,Aqua,MODIS,58,6.2,307.5,10.7,D,0
-20.3989,127.5095,315.5,3.3,1.7,2014-08-06,0554,Aqua,MODIS,55,6.2,302.8,33.3,D,0
-20.3889,127.5026,315.8,3.3,1.7,2014-08-06,0554,Aqua,MODIS,56,6.2,303.3,32.2,D,0
-18.8387,121.8713,323.9,1.4,1.2,2014-08-06,0554,Aqua,MODIS,45,6.2,311.2,14.4,D,0
-20.8765,118.4163,320.9,1,1,2014-08-06,0554,Aqua,MODIS,50,6.2,308.6,7.2,D,0
-18.0804,124.1102,321.2,2.1,1.4,2014-08-06,0555,Aqua,MODIS,67,6.2,307.8,27.1,D,0
-18.0839,124.091,320.4,2,1.4,2014-08-06,0555,Aqua,MODIS,55,6.2,307.6,23.5,D,0
-18.0907,124.0531,325.4,2,1.4,2014-08-06,0555,Aqua,MODIS,59,6.2,306.8,35.2,D,0
-18.0818,124.0316,327,2,1.4,2014-08-06,0555,Aqua,MODIS,57,6.2,308.1,39.7,D,0
-18.0728,124.0103,328.4,2,1.4,2014-08-06,0555,Aqua,MODIS,56,6.2,305.9,44.2,D,0
-18.0812,124.0262,333.3,2,1.4,2014-08-06,0555,Aqua,MODIS,62,6.2,308.7,60.2,D,0
-18.0694,124.0291,353.6,2,1.4,2014-08-06,0555,Aqua,MODIS,96,6.2,308.2,163.3,D,0
-18.0688,124.0237,349.6,2,1.4,2014-08-06,0555,Aqua,MODIS,94,6.2,307.9,142.6,D,0
-14.5563,126.801,320.1,3.8,1.8,2014-08-06,0555,Aqua,MODIS,68,6.2,302.6,66.9,D,0
-14.5659,126.7951,320.7,3.8,1.8,2014-08-06,0555,Aqua,MODIS,67,6.2,302.4,70,D,0
-17.7861,123.5282,322.3,1.9,1.3,2014-08-06,0555,Aqua,MODIS,64,6.2,307.7,23.3,D,0
-17.7894,123.5342,329.3,1.9,1.3,2014-08-06,0555,Aqua,MODIS,78,6.2,308.4,41.4,D,0
-17.1467,122.606,324.5,1.7,1.3,2014-08-06,0555,Aqua,MODIS,63,6.2,307.8,23.2,D,0
-17.3556,122.9249,326.4,1.7,1.3,2014-08-06,0555,Aqua,MODIS,72,6.2,310.3,27.1,D,0
-17.3579,122.9367,327.7,1.7,1.3,2014-08-06,0555,Aqua,MODIS,61,6.2,308,30.7,D,0
-17.3511,122.8353,333.5,1.7,1.3,2014-08-06,0555,Aqua,MODIS,84,6.2,308.6,44.8,D,0
-17.3423,122.8171,330.6,1.7,1.3,2014-08-06,0555,Aqua,MODIS,79,6.2,307.5,36.2,D,0
-16.5196,123.7718,338.5,2.1,1.4,2014-08-06,0555,Aqua,MODIS,88,6.2,305,95.6,D,0
-17.1703,122.4686,367,1.6,1.3,2014-08-06,0555,Aqua,MODIS,100,6.2,303.2,201.7,D,0
-17.184,122.4557,354.4,1.6,1.3,2014-08-06,0555,Aqua,MODIS,97,6.2,304.9,131.8,D,0
-17.1815,122.4707,376.1,1.6,1.3,2014-08-06,0555,Aqua,MODIS,100,6.2,313,264,D,0
-17.1789,122.4858,366.3,1.6,1.3,2014-08-06,0555,Aqua,MODIS,100,6.2,309.3,192.4,D,0
-17.1927,122.4727,318.3,1.6,1.3,2014-08-06,0555,Aqua,MODIS,19,6.2,303.4,17.2,D,0
-16.1894,127.8457,318.5,4.3,1.9,2014-08-06,0555,Aqua,MODIS,46,6.2,302.8,66.1,D,0
-17.4941,123.0087,322.2,1.8,1.3,2014-08-06,0555,Aqua,MODIS,53,6.2,308.1,20.5,D,0
-17.4913,123.025,320.4,1.8,1.3,2014-08-06,0555,Aqua,MODIS,30,6.2,308.6,16.4,D,0
-17.1825,122.5333,339.1,1.6,1.3,2014-08-06,0555,Aqua,MODIS,88,6.2,310.8,62.3,D,0
-17.185,122.5181,328.5,1.6,1.3,2014-08-06,0555,Aqua,MODIS,43,6.2,309.2,32.7,D,0
-17.1799,122.5485,330.1,1.6,1.3,2014-08-06,0555,Aqua,MODIS,60,6.2,309.6,33.6,D,0
-17.1712,122.5312,340,1.6,1.3,2014-08-06,0555,Aqua,MODIS,80,6.2,306.5,65.4,D,0
-17.1738,122.516,363,1.6,1.3,2014-08-06,0555,Aqua,MODIS,100,6.2,307.6,171.5,D,0
-17.1764,122.5009,365.3,1.6,1.3,2014-08-06,0555,Aqua,MODIS,100,6.2,307.6,185.9,D,0
-17.1547,122.5596,330.6,1.6,1.3,2014-08-06,0555,Aqua,MODIS,81,6.2,305.4,40.1,D,0
-17.1494,122.5905,347,1.7,1.3,2014-08-06,0555,Aqua,MODIS,93,6.2,310.1,94,D,0
-16.1971,127.8067,320.8,4.2,1.9,2014-08-06,0555,Aqua,MODIS,64,6.2,305.5,78.4,D,0
-16.1862,127.8376,323.3,4.3,1.9,2014-08-06,0555,Aqua,MODIS,67,6.2,303.1,102.7,D,0
-16.1938,127.7978,318.8,4.2,1.9,2014-08-06,0555,Aqua,MODIS,56,6.2,306,60.2,D,0
-17.2599,123.0883,322.6,1.8,1.3,2014-08-06,0555,Aqua,MODIS,61,6.2,307.7,23.4,D,0
-17.1421,122.5665,326,1.7,1.3,2014-08-06,0555,Aqua,MODIS,76,6.2,305.2,30.1,D,0
-17.2482,123.0861,331.7,1.8,1.3,2014-08-06,0555,Aqua,MODIS,82,6.2,306.1,49.8,D,0
-17.3883,122.6689,333.5,1.7,1.3,2014-08-06,0555,Aqua,MODIS,75,6.2,306.2,49.2,D,0
-17.3163,122.6271,337.1,1.7,1.3,2014-08-06,0555,Aqua,MODIS,87,6.2,302.1,60.4,D,0
-17.2959,122.7429,350.9,1.7,1.3,2014-08-06,0555,Aqua,MODIS,95,6.2,306.5,112.7,D,0
-17.2931,122.7587,332.8,1.7,1.3,2014-08-06,0555,Aqua,MODIS,83,6.2,306.4,44.6,D,0
-17.2875,122.5901,327.1,1.6,1.3,2014-08-06,0555,Aqua,MODIS,76,6.2,302.1,37.7,D,0
-17.2904,122.7746,326.9,1.7,1.3,2014-08-06,0555,Aqua,MODIS,75,6.2,308.9,27,D,0
-17.3193,122.8128,335.5,1.7,1.3,2014-08-06,0555,Aqua,MODIS,85,6.2,309,52.2,D,0
-17.3829,122.6999,364.9,1.7,1.3,2014-08-06,0555,Aqua,MODIS,100,6.2,311.1,183.7,D,0
-17.257,123.1051,320.9,1.8,1.3,2014-08-06,0555,Aqua,MODIS,54,6.2,307.8,20.5,D,0
-17.361,122.7063,352.2,1.7,1.3,2014-08-06,0555,Aqua,MODIS,96,6.2,309.5,111.6,D,0
-17.1728,122.4536,340.4,1.6,1.3,2014-08-06,0555,Aqua,MODIS,89,6.2,301.4,75.7,D,0
-17.243,122.6454,318.5,1.7,1.3,2014-08-06,0555,Aqua,MODIS,45,6.2,301.8,14.1,D,0
-17.2491,122.6787,345.7,1.7,1.3,2014-08-06,0555,Aqua,MODIS,92,6.2,303.3,89.1,D,0
-17.2464,122.6944,353.5,1.7,1.3,2014-08-06,0555,Aqua,MODIS,97,6.2,308.1,125.6,D,0
-17.2605,122.6808,339.4,1.7,1.3,2014-08-06,0555,Aqua,MODIS,88,6.2,303.7,65.5,D,0
-17.2578,122.6966,354.2,1.7,1.3,2014-08-06,0555,Aqua,MODIS,97,6.2,309.5,129.3,D,0
-17.0594,122.5043,323.3,1.6,1.3,2014-08-06,0555,Aqua,MODIS,60,6.2,308.8,19.8,D,0
-17.3915,122.6639,325.5,1.7,1.3,2014-08-06,0555,Aqua,MODIS,43,6.2,304.5,29,D,0
-17.2283,122.5948,323.8,1.7,1.3,2014-08-06,0555,Aqua,MODIS,54,6.2,303.2,27.7,D,0
-17.3863,122.695,325.3,1.7,1.3,2014-08-06,0555,Aqua,MODIS,69,6.2,308.5,22,D,0
-17.375,122.6928,383.5,1.7,1.3,2014-08-06,0555,Aqua,MODIS,100,6.2,310,324.2,D,0
-17.345,122.8011,340.1,1.7,1.3,2014-08-06,0555,Aqua,MODIS,89,6.2,305.1,67.1,D,0
-17.2551,122.7124,328.7,1.7,1.3,2014-08-06,0555,Aqua,MODIS,78,6.2,307,33.2,D,0
-17.1521,122.575,345.7,1.7,1.3,2014-08-06,0555,Aqua,MODIS,92,6.2,309,88.5,D,0
-17.2197,122.5772,339.4,1.6,1.3,2014-08-06,0555,Aqua,MODIS,88,6.2,304.4,70,D,0
-16.6241,122.9187,313.6,1.8,1.3,2014-08-06,0555,Aqua,MODIS,47,6.2,302.8,12.9,D,0
-17.3801,122.6618,395,1.7,1.3,2014-08-06,0555,Aqua,MODIS,100,6.2,314.3,450.3,D,0
-17.3662,122.6753,338.9,1.7,1.3,2014-08-06,0555,Aqua,MODIS,60,6.2,302.5,57.8,D,0
-17.3688,122.6597,359.4,1.7,1.3,2014-08-06,0555,Aqua,MODIS,99,6.2,303.6,154.5,D,0
-17.3548,122.6731,321.8,1.7,1.3,2014-08-06,0555,Aqua,MODIS,21,6.2,305.3,21.4,D,0
-17.3435,122.671,327.5,1.7,1.3,2014-08-06,0555,Aqua,MODIS,27,6.2,304,30.3,D,0
-17.3461,122.6555,354.8,1.7,1.3,2014-08-06,0555,Aqua,MODIS,97,6.2,306.9,134.9,D,0
-17.3487,122.6401,333.8,1.7,1.3,2014-08-06,0555,Aqua,MODIS,84,6.2,301.2,56.3,D,0
-17.3775,122.6774,396.2,1.7,1.3,2014-08-06,0555,Aqua,MODIS,100,6.2,315.3,460.9,D,0
-17.3856,122.6844,328.9,1.7,1.3,2014-08-06,0555,Aqua,MODIS,34,6.2,308,31.7,D,0
-17.2224,122.5619,334.5,1.6,1.3,2014-08-06,0555,Aqua,MODIS,85,6.2,300.9,56.7,D,0
-17.2982,122.7365,328.6,1.7,1.3,2014-08-06,0555,Aqua,MODIS,56,6.2,305.4,31.7,D,0
-17.2956,122.7522,345,1.7,1.3,2014-08-06,0555,Aqua,MODIS,92,6.2,307.8,86.3,D,0
-17.2225,122.5721,332.7,1.6,1.3,2014-08-06,0555,Aqua,MODIS,69,6.2,303,46.3,D,0
-17.2901,122.5747,327.6,1.6,1.3,2014-08-06,0555,Aqua,MODIS,78,6.2,301.9,40.1,D,0
-17.2929,122.7682,324.6,1.7,1.3,2014-08-06,0555,Aqua,MODIS,30,6.2,308.3,20.4,D,0
-16.5322,123.7741,314.3,2.1,1.4,2014-08-06,0555,Aqua,MODIS,47,6.2,303.8,13.5,D,0
-17.3261,122.6358,331,1.7,1.3,2014-08-06,0555,Aqua,MODIS,72,6.2,299.4,45.4,D,0
-17.3148,122.6336,332,1.7,1.3,2014-08-06,0555,Aqua,MODIS,82,6.2,302.9,47.8,D,0
-17.3174,122.6183,322.7,1.7,1.3,2014-08-06,0555,Aqua,MODIS,54,6.2,299.8,26.9,D,0
-17.2112,122.57,337.9,1.6,1.3,2014-08-06,0555,Aqua,MODIS,84,6.2,304.3,59.6,D,0
-18.1507,138.4683,305.3,1.3,1.1,2014-08-06,1341,Terra,MODIS,64,6.2,291.7,9.7,N,0
-15.3517,134.1532,314,1,1,2014-08-06,1342,Terra,MODIS,88,6.2,291.8,12.3,N,0
-15.3697,134.156,301,1,1,2014-08-06,1342,Terra,MODIS,8,6.2,290.6,4,N,0
-14.4083,133.1475,303.8,1,1,2014-08-06,1342,Terra,MODIS,57,6.2,292.1,5.2,N,0
-14.4096,133.138,307.6,1,1,2014-08-06,1342,Terra,MODIS,72,6.2,292.8,7.4,N,0
-14.4109,133.1287,310.8,1,1,2014-08-06,1342,Terra,MODIS,81,6.2,293.5,9.5,N,0
-15.404,134.2371,309.8,1,1,2014-08-06,1342,Terra,MODIS,78,6.2,292.6,8.8,N,0
-15.3229,134.1617,303,1,1,2014-08-06,1342,Terra,MODIS,53,6.2,292.3,4.8,N,0
-14.4189,129.6454,302.3,1.5,1.2,2014-08-06,1342,Terra,MODIS,29,6.2,289.3,9.7,N,0
-14.4298,129.6467,302.2,1.5,1.2,2014-08-06,1342,Terra,MODIS,44,6.2,288.8,9.9,N,0
-14.4281,129.6607,304.1,1.5,1.2,2014-08-06,1342,Terra,MODIS,58,6.2,288.7,11.8,N,0
-16.1644,136.027,302.7,1.1,1,2014-08-06,1342,Terra,MODIS,51,6.2,290.8,5.9,N,0
-13.5879,132.2455,303.9,1.1,1,2014-08-06,1342,Terra,MODIS,57,6.2,293.6,5.1,N,0
-15.4805,132.4356,303.4,1.1,1,2014-08-06,1342,Terra,MODIS,55,6.2,289.4,7.5,N,0
-14.0284,134.7822,314.3,1,1,2014-08-06,1342,Terra,MODIS,89,6.2,291.1,13.3,N,0
-15.4711,132.4343,310.4,1.1,1,2014-08-06,1342,Terra,MODIS,80,6.2,289,12.2,N,0
-13.8305,130.4365,311.4,1.3,1.1,2014-08-06,1342,Terra,MODIS,82,6.2,290.7,15.7,N,0
-13.8423,130.4257,321.5,1.3,1.1,2014-08-06,1342,Terra,MODIS,100,6.2,291.5,28.5,N,0
-13.8407,130.4379,313.2,1.3,1.1,2014-08-06,1342,Terra,MODIS,86,6.2,291.3,17.1,N,0
-13.8525,130.4271,305.9,1.3,1.1,2014-08-06,1342,Terra,MODIS,66,6.2,290.2,10.3,N,0
-13.8336,130.4311,326.6,1.3,1.1,2014-08-06,1342,Terra,MODIS,100,6.2,291.7,37.5,N,0
-13.832,130.4243,309.8,1.3,1.1,2014-08-06,1342,Terra,MODIS,78,6.2,290.1,14,N,0
-13.6979,130.3689,301,1.3,1.1,2014-08-06,1343,Terra,MODIS,21,6.2,290.5,6.7,N,0
-12.1394,131.2868,322.5,1.1,1.1,2014-08-06,1343,Terra,MODIS,100,6.2,293.9,22.6,N,0
-12.1012,131.2814,315.2,1.1,1.1,2014-08-06,1343,Terra,MODIS,87,6.2,293.3,14.6,N,0
-12.1189,131.2945,312.8,1.1,1.1,2014-08-06,1343,Terra,MODIS,51,6.2,293.7,11.2,N,0
-12.0126,133.4501,304.1,1,1,2014-08-06,1343,Terra,MODIS,58,6.2,293,4.4,N,0
-13.2391,130.9236,308.9,1.2,1.1,2014-08-06,1343,Terra,MODIS,52,6.2,293.7,10.2,N,0
-12.0075,133.4214,313.2,1,1,2014-08-06,1343,Terra,MODIS,83,6.2,293.7,9.9,N,0
-12.2485,131.1593,306.7,1.2,1.1,2014-08-06,1343,Terra,MODIS,23,6.2,292.2,7.3,N,0
-12.0101,133.4032,310.2,1,1,2014-08-06,1343,Terra,MODIS,66,6.2,293.5,8.2,N,0
-12.1122,131.2724,341.1,1.1,1.1,2014-08-06,1343,Terra,MODIS,100,6.2,296.6,52.8,N,0
-12.5786,134.9371,305.4,1,1,2014-08-06,1343,Terra,MODIS,64,6.2,289.2,7,N,0
-12.6783,131.2286,301.6,1.2,1.1,2014-08-06,1343,Terra,MODIS,37,6.2,290,5.2,N,0
-12.0088,133.4123,334.1,1,1,2014-08-06,1343,Terra,MODIS,100,6.2,295.1,32.8,N,0
-12.1298,131.2855,368.9,1.1,1.1,2014-08-06,1343,Terra,MODIS,100,6.2,300.6,132.9,N,0
-12.0255,133.4241,305.4,1,1,2014-08-06,1343,Terra,MODIS,64,6.2,293.1,5.2,N,0
-12.1108,131.2828,434.3,1.1,1.1,2014-08-06,1343,Terra,MODIS,100,6.2,313.1,634,N,0
-12.1408,131.2765,337.2,1.1,1.1,2014-08-06,1343,Terra,MODIS,100,6.2,295.2,45.2,N,0
-12.2471,131.1699,342.2,1.2,1.1,2014-08-06,1343,Terra,MODIS,100,6.2,294.3,56.7,N,0
-13.0672,130.6799,308.1,1.3,1.1,2014-08-06,1343,Terra,MODIS,24,6.2,291.7,10.7,N,0
-12.1312,131.2751,321.1,1.1,1.1,2014-08-06,1343,Terra,MODIS,100,6.2,294.7,20.7,N,0
-12.0139,133.441,310,1,1,2014-08-06,1343,Terra,MODIS,79,6.2,293.7,7.8,N,0
-13.0663,130.6858,307.5,1.2,1.1,2014-08-06,1343,Terra,MODIS,21,6.2,291.9,9.7,N,0
-12.0062,133.4305,320,1,1,2014-08-06,1343,Terra,MODIS,99,6.2,293.6,15.7,N,0
-12.0178,133.4136,322.8,1,1,2014-08-06,1343,Terra,MODIS,100,6.2,294.2,19,N,0
-12.1217,131.2738,329,1.1,1.1,2014-08-06,1343,Terra,MODIS,100,6.2,295,30.6,N,0
-12.0268,133.415,308,1,1,2014-08-06,1343,Terra,MODIS,73,6.2,293.2,7.2,N,0
-12.1503,131.2778,307.4,1.1,1.1,2014-08-06,1343,Terra,MODIS,54,6.2,291.8,8.8,N,0
-12.1203,131.2841,371.3,1.1,1.1,2014-08-06,1343,Terra,MODIS,100,6.2,299,142.9,N,0
-12.1284,131.2958,316.6,1.1,1.1,2014-08-06,1343,Terra,MODIS,89,6.2,293.5,15.5,N,0
-12.1094,131.2931,394.9,1.1,1.1,2014-08-06,1343,Terra,MODIS,100,6.2,301,267.4,N,0
-12.0049,133.4397,332.1,1,1,2014-08-06,1343,Terra,MODIS,100,6.2,293.5,29.9,N,0
-12.0191,133.4045,315.5,1,1,2014-08-06,1343,Terra,MODIS,91,6.2,293.2,12.4,N,0
-11.7789,132.698,306.3,1,1,2014-08-06,1343,Terra,MODIS,25,6.2,291.3,6.8,N,0
-12.5237,132.7588,312.7,1,1,2014-08-06,1343,Terra,MODIS,85,6.2,293.4,11,N,0
-12.5224,132.7681,307.2,1,1,2014-08-06,1343,Terra,MODIS,51,6.2,293.5,6.5,N,0
-12.5211,132.7774,314.8,1,1,2014-08-06,1343,Terra,MODIS,89,6.2,293.9,11.9,N,0
-12.5198,132.7867,316.7,1,1,2014-08-06,1343,Terra,MODIS,94,6.2,293.1,13.7,N,0
-12.5586,132.8399,306.2,1,1,2014-08-06,1343,Terra,MODIS,67,6.2,292.7,6.8,N,0
-12.5107,132.7854,305,1,1,2014-08-06,1343,Terra,MODIS,38,6.2,292.8,5.2,N,0
-12.5094,132.7947,307.3,1,1,2014-08-06,1343,Terra,MODIS,71,6.2,292.4,7.2,N,0
-11.9662,134.7207,303.2,1,1,2014-08-06,1343,Terra,MODIS,54,6.2,289.8,4.4,N,0
-12.2704,131.1683,309,1.2,1.1,2014-08-06,1343,Terra,MODIS,49,6.2,292.4,9.2,N,0
-11.5597,130.7524,312.1,1.2,1.1,2014-08-06,1343,Terra,MODIS,84,6.2,289.8,14.1,N,0
-11.5748,130.7876,332.3,1.2,1.1,2014-08-06,1343,Terra,MODIS,100,6.2,292.8,39.7,N,0
-11.5651,130.7863,337.5,1.2,1.1,2014-08-06,1343,Terra,MODIS,100,6.2,291.8,49.5,N,0
-11.5582,130.7632,308.7,1.2,1.1,2014-08-06,1343,Terra,MODIS,75,6.2,290.3,10.8,N,0
-11.6682,130.8681,320.7,1.2,1.1,2014-08-06,1343,Terra,MODIS,93,6.2,292.7,21.5,N,0
-11.6566,130.86,308.6,1.2,1.1,2014-08-06,1343,Terra,MODIS,75,6.2,291.4,11,N,0
-11.7776,132.7073,326.3,1,1,2014-08-06,1343,Terra,MODIS,100,6.2,293.5,24.6,N,0
-11.611,130.8316,313.7,1.2,1.1,2014-08-06,1343,Terra,MODIS,88,6.2,291,15.9,N,0
-11.6124,130.8208,309.3,1.2,1.1,2014-08-06,1343,Terra,MODIS,77,6.2,291.1,11.7,N,0
-11.5819,130.8275,310.1,1.2,1.1,2014-08-06,1343,Terra,MODIS,64,6.2,291.4,11.1,N,0
-11.5833,130.8167,330.1,1.2,1.1,2014-08-06,1343,Terra,MODIS,100,6.2,292.3,35.9,N,0
-11.5801,130.8214,327.6,1.2,1.1,2014-08-06,1343,Terra,MODIS,100,6.2,292.8,31.5,N,0
-11.5816,130.8105,313.4,1.2,1.1,2014-08-06,1343,Terra,MODIS,57,6.2,290.9,13.6,N,0
-11.5704,130.82,308.7,1.2,1.1,2014-08-06,1343,Terra,MODIS,75,6.2,291.8,10.6,N,0
-11.5607,130.8186,342.8,1.2,1.1,2014-08-06,1343,Terra,MODIS,100,6.2,293.5,60.4,N,0
-11.5621,130.8078,318.9,1.2,1.1,2014-08-06,1343,Terra,MODIS,98,6.2,291.6,19.6,N,0
-11.6945,130.8935,304.2,1.2,1.1,2014-08-06,1343,Terra,MODIS,38,6.2,290.5,6.8,N,0
-11.6848,130.8922,319.9,1.2,1.1,2014-08-06,1343,Terra,MODIS,99,6.2,292.3,22,N,0
-11.6862,130.8815,302.9,1.2,1.1,2014-08-06,1343,Terra,MODIS,11,6.2,291.2,5.6,N,0
-11.6751,130.8908,324.1,1.2,1.1,2014-08-06,1343,Terra,MODIS,100,6.2,292.2,27.3,N,0
-11.6765,130.88,303.5,1.2,1.1,2014-08-06,1343,Terra,MODIS,2,6.2,291,5.9,N,0
-11.6668,130.8788,318,1.2,1.1,2014-08-06,1343,Terra,MODIS,69,6.2,292.4,18.5,N,0
-11.6649,130.8722,324.6,1.2,1.1,2014-08-06,1343,Terra,MODIS,100,6.2,293.4,28,N,0
-11.6552,130.8707,306.2,1.2,1.1,2014-08-06,1343,Terra,MODIS,67,6.2,291.5,9.2,N,0
-11.5857,131.3081,302.5,1.1,1.1,2014-08-06,1343,Terra,MODIS,49,6.2,290.9,6,N,0
-11.4314,130.5663,301.7,1.2,1.1,2014-08-06,1343,Terra,MODIS,20,6.2,291.6,5,N,0
-13.2602,130.9152,317.5,1.2,1.1,2014-08-06,1343,Terra,MODIS,95,6.2,294,18.3,N,0
-12.5973,132.823,311.4,1,1,2014-08-06,1343,Terra,MODIS,82,6.2,292.8,10,N,0
-11.9183,132.9474,309.2,1,1,2014-08-06,1343,Terra,MODIS,54,6.2,293.6,7,N,0
-11.9818,133.0194,303.8,1,1,2014-08-06,1343,Terra,MODIS,23,6.2,293.6,3.2,N,0
-11.9251,133.0953,309.8,1,1,2014-08-06,1343,Terra,MODIS,78,6.2,294.5,8.1,N,0
-11.7854,132.7148,324.5,1,1,2014-08-06,1343,Terra,MODIS,96,6.2,293.1,21.1,N,0
-11.7841,132.7241,328.4,1,1,2014-08-06,1343,Terra,MODIS,100,6.2,293.4,25.2,N,0
-11.9264,133.0861,319.7,1,1,2014-08-06,1343,Terra,MODIS,99,6.2,294.2,16.2,N,0
-11.9728,133.0181,306.2,1,1,2014-08-06,1343,Terra,MODIS,62,6.2,294.6,4.7,N,0
-11.9741,133.0089,318.1,1,1,2014-08-06,1343,Terra,MODIS,96,6.2,294.2,14.1,N,0
-11.753,132.7508,308.3,1,1,2014-08-06,1343,Terra,MODIS,60,6.2,291.9,7.4,N,0
-11.7672,132.7152,308.2,1,1,2014-08-06,1343,Terra,MODIS,23,6.2,292.3,7.7,N,0
-11.7659,132.7244,311.1,1,1,2014-08-06,1343,Terra,MODIS,46,6.2,292.3,9.5,N,0
-11.7646,132.7337,318.8,1,1,2014-08-06,1343,Terra,MODIS,79,6.2,292.7,15.4,N,0
-11.7633,132.7429,306.9,1,1,2014-08-06,1343,Terra,MODIS,23,6.2,292.1,6.4,N,0
-11.9419,132.976,306.5,1,1,2014-08-06,1343,Terra,MODIS,38,6.2,293.5,4.8,N,0
-11.947,133.0049,307.7,1,1,2014-08-06,1343,Terra,MODIS,72,6.2,293.6,5.8,N,0
-11.2187,132.0384,308.7,1,1,2014-08-06,1343,Terra,MODIS,60,6.2,292.8,7.9,N,0
-11.8345,132.7598,301.3,1,1,2014-08-06,1343,Terra,MODIS,23,6.2,289.9,4.5,N,0
-13.2504,130.9137,311.1,1.2,1.1,2014-08-06,1343,Terra,MODIS,26,6.2,293.7,11.1,N,0
-13.2489,130.925,331.2,1.2,1.1,2014-08-06,1343,Terra,MODIS,100,6.2,295.5,38.7,N,0
-13.2475,130.9361,306.3,1.2,1.1,2014-08-06,1343,Terra,MODIS,4,6.2,291.8,7.4,N,0
-13.2588,130.9264,308.7,1.2,1.1,2014-08-06,1343,Terra,MODIS,23,6.2,293.5,9.4,N,0
-24.8731,147.0311,301.4,1.7,1.3,2014-08-06,1511,Aqua,MODIS,41,6.2,280.8,17.2,N,0
-27.4674,149.4295,304.1,1.1,1.1,2014-08-06,1511,Aqua,MODIS,58,6.2,276.5,12.5,N,0
-25.7382,152.4325,304.3,1,1,2014-08-06,1511,Aqua,MODIS,59,6.2,280.9,9.4,N,0
-25.7368,152.4226,304.2,1,1,2014-08-06,1511,Aqua,MODIS,59,6.2,281.3,9.5,N,0
-28.7838,150.0897,304.5,1,1,2014-08-06,1512,Aqua,MODIS,60,6.2,275.9,11.1,N,0
-32.2318,116.3975,301.9,1.1,1.1,2014-08-06,1516,Terra,MODIS,43,6.2,281.5,8.9,N,0
-22.2284,115.5038,301.1,1.5,1.2,2014-08-06,1519,Terra,MODIS,23,6.2,284.6,10.6,N,0
-22.2308,115.4897,303.1,1.5,1.2,2014-08-06,1519,Terra,MODIS,53,6.2,284.8,12.8,N,0
-14.4064,133.1523,302.5,1.3,1.1,2014-08-06,1646,Aqua,MODIS,41,6.2,290.1,6.7,N,0
-14.4133,133.1277,309,1.2,1.1,2014-08-06,1646,Aqua,MODIS,76,6.2,291.5,12.1,N,0
-11.3415,131.3942,300.8,1,1,2014-08-06,1646,Aqua,MODIS,33,6.2,285.3,5.1,N,0
-13.5884,132.2497,308.7,1.1,1,2014-08-06,1646,Aqua,MODIS,75,6.2,293.3,9.6,N,0
-11.824,132.7688,303.3,1.1,1.1,2014-08-06,1646,Aqua,MODIS,54,6.2,289.9,7,N,0
-11.935,132.9788,305.1,1.2,1.1,2014-08-06,1646,Aqua,MODIS,45,6.2,291.6,6.8,N,0
-12.0135,133.0917,304.4,1.2,1.1,2014-08-06,1646,Aqua,MODIS,60,6.2,288.7,7.9,N,0
-11.9207,133.0885,302.5,1.2,1.1,2014-08-06,1646,Aqua,MODIS,49,6.2,291.8,4.9,N,0
-13.5212,131.3938,304.2,1,1,2014-08-06,1646,Aqua,MODIS,59,6.2,292.2,6.4,N,0
-12.1197,131.3004,308.9,1,1,2014-08-06,1646,Aqua,MODIS,64,6.2,292.6,7.9,N,0
-12.0989,131.2845,314.7,1,1,2014-08-06,1646,Aqua,MODIS,48,6.2,292.2,11.4,N,0
-12.0047,133.4086,304,1.2,1.1,2014-08-06,1646,Aqua,MODIS,38,6.2,292.3,6.1,N,0
-12.1274,131.2898,340.2,1,1,2014-08-06,1646,Aqua,MODIS,100,6.2,295.8,42.7,N,0
-12.0124,133.4641,308.8,1.2,1.1,2014-08-06,1646,Aqua,MODIS,76,6.2,291.9,10.2,N,0
-11.9994,133.4432,315.2,1.2,1.1,2014-08-06,1646,Aqua,MODIS,76,6.2,292.3,15.4,N,0
-13.2419,130.9218,317.1,1,1,2014-08-06,1646,Aqua,MODIS,94,6.2,293.5,15.5,N,0
-12.1093,131.2924,327.6,1,1,2014-08-06,1646,Aqua,MODIS,100,6.2,295.4,24.4,N,0
-12.1455,131.2872,317.2,1,1,2014-08-06,1646,Aqua,MODIS,95,6.2,292.1,15.4,N,0
-12.0187,133.4236,319.5,1.2,1.1,2014-08-06,1646,Aqua,MODIS,99,6.2,292.8,20.9,N,0
-12.0145,133.4073,312.3,1.2,1.1,2014-08-06,1646,Aqua,MODIS,65,6.2,291.9,13,N,0
-12.0172,133.4125,312.7,1.2,1.1,2014-08-06,1646,Aqua,MODIS,76,6.2,292,13.5,N,0
-12.1003,131.2938,321.3,1,1,2014-08-06,1646,Aqua,MODIS,94,6.2,293.4,17.6,N,0
-11.9964,133.4211,320.8,1.2,1.1,2014-08-06,1646,Aqua,MODIS,100,6.2,293.1,22.6,N,0
-12.0176,133.4294,312.9,1.2,1.1,2014-08-06,1646,Aqua,MODIS,44,6.2,292.4,12.5,N,0
-12.1183,131.2911,322.2,1,1,2014-08-06,1646,Aqua,MODIS,100,6.2,294,19.5,N,0
-12.0062,133.4197,304.9,1.2,1.1,2014-08-06,1646,Aqua,MODIS,55,6.2,292.5,6.4,N,0
-12.1351,131.2792,312.8,1,1,2014-08-06,1646,Aqua,MODIS,19,6.2,292.6,10.1,N,0
-12.117,131.2819,313.9,1,1,2014-08-06,1646,Aqua,MODIS,87,6.2,293.3,11.4,N,0
-11.9979,133.4321,323.5,1.2,1.1,2014-08-06,1646,Aqua,MODIS,100,6.2,293,26.1,N,0
-12.108,131.2832,322.1,1,1,2014-08-06,1646,Aqua,MODIS,87,6.2,294.3,18.1,N,0
-13.2433,130.9311,304.1,1,1,2014-08-06,1646,Aqua,MODIS,26,6.2,292,5.9,N,0
-12.001,133.4543,312.6,1.2,1.1,2014-08-06,1646,Aqua,MODIS,82,6.2,292,13,N,0
-12.2477,131.1711,309,1,1,2014-08-06,1646,Aqua,MODIS,76,6.2,291.5,9.3,N,0
-12.2491,131.1804,309.8,1,1,2014-08-06,1646,Aqua,MODIS,78,6.2,291.1,9.8,N,0
-12.0161,133.4183,324.8,1.2,1.1,2014-08-06,1646,Aqua,MODIS,100,6.2,292.8,27.9,N,0
-12.1287,131.2991,319.4,1,1,2014-08-06,1646,Aqua,MODIS,97,6.2,293.4,16.2,N,0
-12.1441,131.2779,318.6,1,1,2014-08-06,1646,Aqua,MODIS,97,6.2,292.2,16.6,N,0
-12.0108,133.4529,302.8,1.2,1.1,2014-08-06,1646,Aqua,MODIS,17,6.2,291.8,4.8,N,0
-13.8429,130.4312,302.3,1,1,2014-08-06,1646,Aqua,MODIS,48,6.2,288.8,5.7,N,0
-14.548,126.8221,301.4,1.3,1.1,2014-08-06,1647,Aqua,MODIS,41,6.2,287.6,7.8,N,0
-17.246,122.8365,303.6,2.2,1.4,2014-08-06,1648,Aqua,MODIS,21,6.2,288.9,20.6,N,0
-17.3128,123.0662,307.4,2.1,1.4,2014-08-06,1648,Aqua,MODIS,71,6.2,287.2,29.7,N,0
-17.3527,122.8497,303.8,2.1,1.4,2014-08-06,1648,Aqua,MODIS,57,6.2,288.7,23.1,N,0
-17.3123,123.0593,301.1,2.1,1.4,2014-08-06,1648,Aqua,MODIS,38,6.2,286.2,19.3,N,0
-17.3531,122.8445,304.1,2.1,1.4,2014-08-06,1648,Aqua,MODIS,59,6.2,288.4,22.3,N,0
-15.1265,142.0067,320.8,1.7,1.3,2014-08-07,0033,Terra,MODIS,75,6.2,298.2,23.5,D,0
-16.1439,144.6131,365.1,1.1,1.1,2014-08-07,0033,Terra,MODIS,100,6.2,299.2,110.5,D,0
-16.1423,144.6025,328.3,1.1,1.1,2014-08-07,0033,Terra,MODIS,81,6.2,293.5,23.8,D,0
-16.1456,144.6235,325.6,1.1,1.1,2014-08-07,0033,Terra,MODIS,65,6.2,296,19.6,D,0
-16.1534,144.6115,321.4,1.1,1.1,2014-08-07,0033,Terra,MODIS,71,6.2,291.8,14.8,D,0
-15.1244,142.001,318.3,1.7,1.3,2014-08-07,0033,Terra,MODIS,56,6.2,297.1,17.5,D,0
-18.1172,138.4844,316,2.6,1.6,2014-08-07,0034,Terra,MODIS,66,6.2,296.6,30.3,D,0
-18.1209,138.4765,313.3,2.6,1.6,2014-08-07,0034,Terra,MODIS,57,6.2,296.4,21.9,D,0
-18.2044,138.459,315.5,2.6,1.6,2014-08-07,0034,Terra,MODIS,64,6.2,296.4,29.8,D,0
-18.1948,138.4548,318.1,2.6,1.6,2014-08-07,0034,Terra,MODIS,70,6.2,297.4,39.4,D,0
-17.973,138.8187,313.1,2.5,1.5,2014-08-07,0034,Terra,MODIS,58,6.2,297.3,19.6,D,0
-17.9673,138.8269,312.9,2.5,1.5,2014-08-07,0034,Terra,MODIS,57,6.2,298.1,19.6,D,0
-22.7613,150.3351,315.9,1.6,1.3,2014-08-07,0035,Terra,MODIS,71,6.2,297,22.8,D,0
-22.7632,150.351,316.9,1.6,1.3,2014-08-07,0035,Terra,MODIS,72,6.2,295.8,25.4,D,0
-21.182,148.034,314.3,1.1,1.1,2014-08-07,0035,Terra,MODIS,69,6.2,299,9,D,0
-22.9455,150.2612,326,1.6,1.3,2014-08-07,0035,Terra,MODIS,82,6.2,297.2,40.4,D,0
-22.9452,150.2509,322.6,1.6,1.3,2014-08-07,0035,Terra,MODIS,79,6.2,296.1,34.4,D,0
-22.9471,150.2668,327.2,1.6,1.3,2014-08-07,0035,Terra,MODIS,83,6.2,297.1,45.4,D,0
-26.9064,152.5117,308.8,2.7,1.6,2014-08-07,0036,Terra,MODIS,61,6.2,294.7,27.6,D,0
-26.9003,152.4915,304,2.6,1.6,2014-08-07,0036,Terra,MODIS,31,6.2,293.8,14.7,D,0
-26.904,152.4839,303.7,2.6,1.6,2014-08-07,0036,Terra,MODIS,21,6.2,292.7,15,D,0
-24.1844,144.5117,315.9,1,1,2014-08-07,0036,Terra,MODIS,64,6.2,298.7,8.5,D,0
-24.1859,144.5215,312.9,1,1,2014-08-07,0036,Terra,MODIS,56,6.2,298.8,5.5,D,0
-24.8675,147.0157,333,1.1,1.1,2014-08-07,0036,Terra,MODIS,87,6.2,296.6,34.1,D,0
-24.8689,147.0268,319,1.1,1.1,2014-08-07,0036,Terra,MODIS,29,6.2,295.7,14.1,D,0
-26.1045,146.3775,317.8,1.1,1,2014-08-07,0036,Terra,MODIS,73,6.2,299,11.8,D,0
-26.1031,146.3667,322.2,1.1,1,2014-08-07,0036,Terra,MODIS,78,6.2,297.9,16.6,D,0
-27.4608,149.4289,310.3,1.6,1.3,2014-08-07,0036,Terra,MODIS,62,6.2,297.1,12.4,D,0
-27.4722,149.4274,329.1,1.6,1.3,2014-08-07,0036,Terra,MODIS,84,6.2,298.3,49.2,D,0
-27.2138,150.0687,327.8,1.8,1.3,2014-08-07,0036,Terra,MODIS,83,6.2,299.2,50.5,D,0
-27.2075,150.0629,326.7,1.8,1.3,2014-08-07,0036,Terra,MODIS,83,6.2,299.1,47.7,D,0
-27.2119,150.0505,326.8,1.8,1.3,2014-08-07,0036,Terra,MODIS,83,6.2,298.9,47.8,D,0
-27.2194,150.0614,321.5,1.8,1.3,2014-08-07,0036,Terra,MODIS,78,6.2,299.1,35.1,D,0
-28.5812,148.9664,308.1,1.6,1.2,2014-08-07,0037,Terra,MODIS,58,6.2,296.7,8.9,D,0
-31.6531,146.0908,302.1,1.2,1.1,2014-08-07,0037,Terra,MODIS,51,6.2,291.5,4.8,D,0
-30.7686,146.9083,304.6,1.3,1.1,2014-08-07,0037,Terra,MODIS,51,6.2,292.7,6.1,D,0
-30.7662,146.9028,303.4,1.3,1.1,2014-08-07,0037,Terra,MODIS,44,6.2,292,5.2,D,0
-29.1377,149.598,309.7,1.8,1.3,2014-08-07,0037,Terra,MODIS,0,6.2,297,14.3,D,0
-33.4565,147.0506,309.3,1.4,1.2,2014-08-07,0038,Terra,MODIS,68,6.2,288,15.5,D,0
-32.4534,147.3675,301.9,1.4,1.2,2014-08-07,0038,Terra,MODIS,49,6.2,289.7,7.1,D,0
-34.2694,144.0972,313.2,1.1,1,2014-08-07,0038,Terra,MODIS,69,6.2,290.2,12.1,D,0
-33.0089,137.5891,300.4,1.5,1.2,2014-08-07,0038,Terra,MODIS,0,6.2,290.2,6.2,D,2
-12.7205,132.4197,316.4,3.8,1.8,2014-08-07,0211,Terra,MODIS,61,6.2,296.7,48.5,D,0
-12.0037,133.4384,327.2,4.5,2,2014-08-07,0211,Terra,MODIS,80,6.2,295.9,155.1,D,0
-12.0592,133.1481,331.9,4.3,1.9,2014-08-07,0211,Terra,MODIS,84,6.2,296,183.7,D,0
-13.2433,130.9051,350.6,3,1.6,2014-08-07,0211,Terra,MODIS,95,6.2,303.4,266.3,D,0
-13.243,130.8984,354.8,3,1.6,2014-08-07,0211,Terra,MODIS,97,6.2,303.1,314.6,D,0
-12.2474,131.1727,316.8,3,1.7,2014-08-07,0211,Terra,MODIS,54,6.2,296.3,33.7,D,0
-13.2399,130.8708,320.5,3,1.6,2014-08-07,0211,Terra,MODIS,42,6.2,299.6,46.6,D,0
-12.2441,131.145,322,3,1.7,2014-08-07,0211,Terra,MODIS,75,6.2,296.8,56,D,0
-13.24,130.8776,341,3,1.6,2014-08-07,0211,Terra,MODIS,89,6.2,300.5,177.8,D,0
-13.2285,130.9068,318.6,3,1.6,2014-08-07,0211,Terra,MODIS,56,6.2,301.1,37.4,D,0
-12.2438,131.1396,319.5,3,1.7,2014-08-07,0211,Terra,MODIS,36,6.2,297.1,38.2,D,0
-12.0081,133.4793,315.5,4.5,2,2014-08-07,0211,Terra,MODIS,20,6.2,296,52.1,D,0
-12.0032,133.444,328.1,4.5,2,2014-08-07,0211,Terra,MODIS,81,6.2,296,163.9,D,0
-14.472,129.984,320.4,2.6,1.6,2014-08-07,0211,Terra,MODIS,69,6.2,302.4,31.8,D,0
-13.7486,131.9182,321.3,3.6,1.8,2014-08-07,0211,Terra,MODIS,60,6.2,298.1,56.2,D,0
-11.9352,132.9671,320.3,4.1,1.9,2014-08-07,0211,Terra,MODIS,72,6.2,295.3,75,D,0
-13.2581,130.9031,327.8,3,1.6,2014-08-07,0211,Terra,MODIS,74,6.2,300.5,80.4,D,0
-13.2969,130.976,322.2,3,1.7,2014-08-07,0211,Terra,MODIS,56,6.2,299.7,51,D,0
-13.2937,130.948,333.5,3,1.7,2014-08-07,0211,Terra,MODIS,84,6.2,300.2,120.2,D,0
-11.8729,132.9496,316.5,4.1,1.9,2014-08-07,0211,Terra,MODIS,66,6.2,295.6,61.8,D,0
-13.2577,130.8963,325.1,3,1.6,2014-08-07,0211,Terra,MODIS,60,6.2,299.9,64.4,D,0
-11.9316,132.9732,318.1,4.1,1.9,2014-08-07,0211,Terra,MODIS,53,6.2,294.9,58.2,D,0
-13.5238,131.3775,337.8,3.3,1.7,2014-08-07,0211,Terra,MODIS,87,6.2,299.9,165.6,D,0
-11.751,132.7766,327.9,4,1.9,2014-08-07,0211,Terra,MODIS,75,6.2,298,129.9,D,0
-11.8597,132.9439,312,4.1,1.9,2014-08-07,0211,Terra,MODIS,42,6.2,295.5,35.3,D,0
-11.8766,132.9421,314.3,4.1,1.9,2014-08-07,0211,Terra,MODIS,41,6.2,295.8,46.5,D,0
-13.5355,131.3708,322.3,3.3,1.7,2014-08-07,0211,Terra,MODIS,62,6.2,297.8,61.6,D,0
-12.016,133.0742,326.1,4.2,1.9,2014-08-07,0211,Terra,MODIS,74,6.2,294.2,120.1,D,0
-11.7625,132.7807,327.5,4,1.9,2014-08-07,0211,Terra,MODIS,64,6.2,298.1,118.2,D,0
-11.9989,133.0761,323.5,4.2,1.9,2014-08-07,0211,Terra,MODIS,68,6.2,295.4,98.2,D,0
-13.7407,131.9262,322.4,3.6,1.8,2014-08-07,0211,Terra,MODIS,33,6.2,298.3,57,D,0
-13.2905,130.92,337.6,3,1.6,2014-08-07,0211,Terra,MODIS,87,6.2,300.7,149,D,0
-11.747,132.7406,330.6,3.9,1.8,2014-08-07,0211,Terra,MODIS,78,6.2,296.8,154.8,D,0
-11.7636,132.7388,337.1,3.9,1.8,2014-08-07,0211,Terra,MODIS,84,6.2,297.5,212.9,D,0
-13.2825,131.8737,318.6,3.6,1.8,2014-08-07,0211,Terra,MODIS,61,6.2,297.9,34.1,D,0
-13.5085,131.3796,324.2,3.3,1.7,2014-08-07,0211,Terra,MODIS,74,6.2,300.4,62.7,D,0
-13.7368,131.8927,326.4,3.6,1.8,2014-08-07,0211,Terra,MODIS,67,6.2,299.8,83.1,D,0
-11.7582,132.7448,347.7,3.9,1.8,2014-08-07,0211,Terra,MODIS,94,6.2,297.8,357.7,D,0
-12.6892,131.2048,323.7,3.1,1.7,2014-08-07,0211,Terra,MODIS,74,6.2,294.6,66.3,D,0
-11.3824,132.4192,314.1,3.7,1.8,2014-08-07,0211,Terra,MODIS,56,6.2,295.7,38.5,D,0
-12.5208,132.7532,317.2,4.1,1.9,2014-08-07,0211,Terra,MODIS,62,6.2,293.6,55.8,D,0
-12.5459,132.1,317.1,3.6,1.8,2014-08-07,0211,Terra,MODIS,21,6.2,297.2,44.6,D,0
-12.5536,132.1046,316.3,3.6,1.8,2014-08-07,0211,Terra,MODIS,25,6.2,297.1,40.7,D,0
-14.6506,132.4067,316.8,4.1,1.9,2014-08-07,0211,Terra,MODIS,62,6.2,298.1,59,D,0
-14.6468,132.3691,313.4,4.1,1.9,2014-08-07,0211,Terra,MODIS,39,6.2,296.7,37.9,D,0
-14.6428,132.3764,314.1,4.1,1.9,2014-08-07,0211,Terra,MODIS,38,6.2,297,39.6,D,0
-12.525,132.7458,314.3,4.1,1.9,2014-08-07,0211,Terra,MODIS,46,6.2,292.7,38.5,D,0
-11.2867,131.3541,319.4,3,1.7,2014-08-07,0211,Terra,MODIS,50,6.2,295.5,46.7,D,0
-11.2859,131.3472,316.9,3,1.7,2014-08-07,0211,Terra,MODIS,46,6.2,295.5,37.7,D,0
-12.6859,131.1765,319.8,3.1,1.7,2014-08-07,0211,Terra,MODIS,61,6.2,295.8,44.9,D,0
-11.5628,130.7637,333.1,2.8,1.6,2014-08-07,0211,Terra,MODIS,85,6.2,297.2,107.7,D,0
-11.5659,130.7886,348.1,2.8,1.6,2014-08-07,0211,Terra,MODIS,89,6.2,297.6,220.6,D,0
-11.5688,130.7815,335.1,2.8,1.6,2014-08-07,0211,Terra,MODIS,87,6.2,297.9,117.8,D,0
-11.7816,132.6937,329.5,3.9,1.8,2014-08-07,0211,Terra,MODIS,57,6.2,296,141.6,D,0
-11.3371,131.3971,317.2,3.1,1.7,2014-08-07,0211,Terra,MODIS,67,6.2,296.1,35.1,D,0
-11.7928,132.6994,323.6,3.9,1.8,2014-08-07,0211,Terra,MODIS,32,6.2,296.3,92.1,D,0
-11.7762,132.7012,328.4,3.9,1.8,2014-08-07,0211,Terra,MODIS,16,6.2,295.8,126,D,0
-11.5819,131.294,311.2,3,1.7,2014-08-07,0211,Terra,MODIS,47,6.2,295.6,25.9,D,0
-11.5833,130.8121,318.3,2.8,1.6,2014-08-07,0211,Terra,MODIS,28,6.2,297.5,31.6,D,0
-11.5717,130.8067,320.6,2.8,1.6,2014-08-07,0211,Terra,MODIS,52,6.2,296.8,41.6,D,0
-11.6525,130.874,319.7,2.8,1.6,2014-08-07,0211,Terra,MODIS,62,6.2,296.8,43.6,D,0
-11.5824,131.2995,314,3,1.7,2014-08-07,0211,Terra,MODIS,60,6.2,295.5,34.1,D,0
-11.5851,131.3219,311.2,3,1.7,2014-08-07,0211,Terra,MODIS,47,6.2,295.3,26.1,D,0
-14.3023,129.4763,321.5,2.4,1.5,2014-08-07,0211,Terra,MODIS,64,6.2,301.4,37.7,D,0
-14.2997,129.4545,335.7,2.4,1.5,2014-08-07,0211,Terra,MODIS,81,6.2,299.7,99.4,D,0
-14.4122,129.639,318.5,2.5,1.5,2014-08-07,0211,Terra,MODIS,63,6.2,300.2,34.4,D,0
-14.1105,129.6252,322.9,2.4,1.5,2014-08-07,0211,Terra,MODIS,49,6.2,299.7,46.3,D,0
-14.4355,129.6543,327.1,2.5,1.5,2014-08-07,0211,Terra,MODIS,76,6.2,301.6,61.9,D,0
-14.4672,129.99,322.4,2.6,1.6,2014-08-07,0211,Terra,MODIS,72,6.2,302.4,42.4,D,0
-14.4258,129.6375,336.4,2.5,1.5,2014-08-07,0211,Terra,MODIS,87,6.2,300.8,111,D,0
-14.4285,129.6605,333.6,2.5,1.5,2014-08-07,0211,Terra,MODIS,84,6.2,302.8,92.6,D,0
-14.1131,129.6476,321,2.5,1.5,2014-08-07,0211,Terra,MODIS,42,6.2,300.8,40.2,D,0
-14.3718,129.5287,315.4,2.4,1.5,2014-08-07,0211,Terra,MODIS,55,6.2,300.6,24.2,D,0
-14.3157,129.4747,321.6,2.4,1.5,2014-08-07,0211,Terra,MODIS,63,6.2,299.3,39.2,D,0
-17.0886,122.4288,375.3,1,1,2014-08-07,0212,Terra,MODIS,100,6.2,315.3,129.7,D,0
-17.0836,122.4554,364.8,1,1,2014-08-07,0212,Terra,MODIS,100,6.2,312.5,88.9,D,0
-17.0822,122.4459,406.1,1,1,2014-08-07,0212,Terra,MODIS,100,6.2,319.2,284.3,D,0
-17.0809,122.4365,400.8,1,1,2014-08-07,0212,Terra,MODIS,100,6.2,317.5,251.6,D,0
-17.3253,122.6029,333.9,1,1,2014-08-07,0212,Terra,MODIS,84,6.2,304.1,26.3,D,0
-17.0795,122.4271,349.5,1,1,2014-08-07,0212,Terra,MODIS,95,6.2,311.9,52.9,D,0
-17.3148,122.5947,327.8,1,1,2014-08-07,0212,Terra,MODIS,79,6.2,306.9,17.8,D,0
-17.3135,122.5852,340.2,1,1,2014-08-07,0212,Terra,MODIS,89,6.2,310.6,36.4,D,0
-17.3044,122.5866,328.7,1,1,2014-08-07,0212,Terra,MODIS,79,6.2,306.6,18.5,D,0
-17.2775,122.5874,320.2,1,1,2014-08-07,0212,Terra,MODIS,61,6.2,305.7,9.8,D,0
-17.3031,122.5771,326.9,1,1,2014-08-07,0212,Terra,MODIS,78,6.2,305.9,16.7,D,0
-17.3017,122.5676,327.5,1,1,2014-08-07,0212,Terra,MODIS,78,6.2,306.3,17.9,D,0
-17.2761,122.5779,318.1,1,1,2014-08-07,0212,Terra,MODIS,47,6.2,305.4,8.3,D,0
-17.1685,122.407,320.8,1,1,2014-08-07,0212,Terra,MODIS,68,6.2,302.2,13.3,D,0
-17.1595,122.4084,375.3,1,1,2014-08-07,0212,Terra,MODIS,100,6.2,306.6,130.2,D,0
-17.1491,122.4003,397.6,1,1,2014-08-07,0212,Terra,MODIS,100,6.2,312.2,235.1,D,0
-17.1365,122.4408,363.1,1,1,2014-08-07,0212,Terra,MODIS,100,6.2,306.9,83.9,D,0
-17.1351,122.4314,360.7,1,1,2014-08-07,0212,Terra,MODIS,100,6.2,304.3,76.8,D,0
-17.1338,122.4219,335.6,1,1,2014-08-07,0212,Terra,MODIS,86,6.2,301.8,27.9,D,0
-17.1324,122.4125,318.8,1,1,2014-08-07,0212,Terra,MODIS,64,6.2,300.4,10.3,D,0
-17.1275,122.4422,346.8,1,1,2014-08-07,0212,Terra,MODIS,93,6.2,314.3,46.3,D,0
-17.1261,122.4327,378.2,1,1,2014-08-07,0212,Terra,MODIS,100,6.2,318.1,137.3,D,0
-17.1247,122.4233,389.8,1,1,2014-08-07,0212,Terra,MODIS,100,6.2,317.7,191.4,D,0
-17.1234,122.4139,371.3,1,1,2014-08-07,0212,Terra,MODIS,100,6.2,309.7,115.2,D,0
-17.2308,122.5848,342.9,1,1,2014-08-07,0212,Terra,MODIS,91,6.2,304,41.6,D,0
-17.2322,122.5943,348.6,1,1,2014-08-07,0212,Terra,MODIS,94,6.2,306.4,52.5,D,0
-17.2335,122.6038,320.9,1,1,2014-08-07,0212,Terra,MODIS,62,6.2,304.7,10.5,D,0
-17.1393,122.6533,328.7,1,1,2014-08-07,0212,Terra,MODIS,71,6.2,307.9,15.3,D,0
-17.138,122.6437,343.2,1,1,2014-08-07,0212,Terra,MODIS,91,6.2,307.9,38.9,D,0
-17.1366,122.6342,323.5,1,1,2014-08-07,0212,Terra,MODIS,56,6.2,305.2,11.3,D,0
-17.1302,122.6546,336.7,1,1,2014-08-07,0212,Terra,MODIS,86,6.2,309.3,27.7,D,0
-17.1289,122.6451,337.1,1,1,2014-08-07,0212,Terra,MODIS,87,6.2,307.4,28.9,D,0
-17.3362,122.6791,317.5,1,1,2014-08-07,0212,Terra,MODIS,56,6.2,305.3,4.6,D,0
-17.3643,122.6164,372.3,1,1,2014-08-07,0212,Terra,MODIS,100,6.2,311,118.2,D,0
-17.3656,122.6259,347.1,1,1,2014-08-07,0212,Terra,MODIS,93,6.2,310.2,47.8,D,0
-17.367,122.6354,326.9,1,1,2014-08-07,0212,Terra,MODIS,72,6.2,308.4,14.9,D,0
-17.3503,122.8437,337,1,1,2014-08-07,0212,Terra,MODIS,87,6.2,308.8,28.7,D,0
-17.3516,122.8533,334.5,1,1,2014-08-07,0212,Terra,MODIS,85,6.2,308.2,24.5,D,0
-17.3608,122.8519,318.2,1,1,2014-08-07,0212,Terra,MODIS,63,6.2,306.9,4.8,D,0
-16.8096,122.8547,347.8,1,1,2014-08-07,0212,Terra,MODIS,82,6.2,305.8,52.6,D,0
-16.8109,122.8642,332.9,1,1,2014-08-07,0212,Terra,MODIS,64,6.2,305.1,26.4,D,0
-17.1501,122.5352,337.5,1,1,2014-08-07,0212,Terra,MODIS,74,6.2,309.6,27.9,D,0
-17.1515,122.5447,346.4,1,1,2014-08-07,0212,Terra,MODIS,84,6.2,310.4,41.8,D,0
-17.1529,122.5541,333.6,1,1,2014-08-07,0212,Terra,MODIS,84,6.2,309.5,22.5,D,0
-17.1542,122.5636,326.6,1,1,2014-08-07,0212,Terra,MODIS,67,6.2,308.9,13.1,D,0
-17.1578,122.5244,340.8,1,1,2014-08-07,0212,Terra,MODIS,82,6.2,305,30.3,D,0
-17.1592,122.5338,358.8,1,1,2014-08-07,0212,Terra,MODIS,99,6.2,308.6,69.6,D,0
-17.1605,122.5433,353.1,1,1,2014-08-07,0212,Terra,MODIS,96,6.2,308,54.6,D,0
-17.1619,122.5528,335,1,1,2014-08-07,0212,Terra,MODIS,85,6.2,306.4,22.7,D,0
-17.1682,122.5325,340.9,1,1,2014-08-07,0212,Terra,MODIS,89,6.2,309.7,31.9,D,0
-17.2018,122.5117,323.6,1,1,2014-08-07,0212,Terra,MODIS,73,6.2,304.6,13.7,D,0
-17.2032,122.5212,323.9,1,1,2014-08-07,0212,Terra,MODIS,73,6.2,305.3,14,D,0
-17.2045,122.5307,328.7,1,1,2014-08-07,0212,Terra,MODIS,71,6.2,305.8,18.5,D,0
-17.2059,122.5401,326.9,1,1,2014-08-07,0212,Terra,MODIS,74,6.2,305.9,16.9,D,0
-17.2073,122.5496,322.7,1,1,2014-08-07,0212,Terra,MODIS,69,6.2,305.3,12.9,D,0
-17.3121,122.5757,353,1,1,2014-08-07,0212,Terra,MODIS,96,6.2,312.5,62.8,D,0
-17.3108,122.5662,348.7,1,1,2014-08-07,0212,Terra,MODIS,94,6.2,313.4,53.5,D,0
-17.3094,122.5567,353.1,1,1,2014-08-07,0212,Terra,MODIS,96,6.2,310,64.7,D,0
-17.308,122.5472,318.1,1,1,2014-08-07,0212,Terra,MODIS,60,6.2,301,10.7,D,0
-17.0965,122.608,320.4,1,1,2014-08-07,0212,Terra,MODIS,68,6.2,305.9,9.7,D,0
-17.1055,122.6067,316.6,1,1,2014-08-07,0212,Terra,MODIS,28,6.2,305.3,5.8,D,0
-16.498,123.772,317.4,1.1,1,2014-08-07,0212,Terra,MODIS,39,6.2,305.1,7.9,D,0
-17.1171,122.4341,338.7,1,1,2014-08-07,0212,Terra,MODIS,74,6.2,306.7,31,D,0
-17.1157,122.4247,328.8,1,1,2014-08-07,0212,Terra,MODIS,67,6.2,306.4,18.9,D,0
-17.2653,122.6963,324.4,1,1,2014-08-07,0212,Terra,MODIS,74,6.2,306.1,11.6,D,0
-17.137,122.5082,333.1,1,1,2014-08-07,0212,Terra,MODIS,69,6.2,306.7,23.3,D,0
-17.1384,122.5177,328.8,1,1,2014-08-07,0212,Terra,MODIS,65,6.2,307,18.1,D,0
-17.2348,122.8085,320.6,1,1,2014-08-07,0212,Terra,MODIS,39,6.2,305,9.1,D,0
-17.2362,122.8181,323.8,1,1,2014-08-07,0212,Terra,MODIS,40,6.2,306.2,12.4,D,0
-17.2439,122.8072,335.7,1,1,2014-08-07,0212,Terra,MODIS,86,6.2,306.5,27.5,D,0
-17.2453,122.8167,328.2,1,1,2014-08-07,0212,Terra,MODIS,49,6.2,306.4,16.8,D,0
-17.1397,122.5271,323.9,1,1,2014-08-07,0212,Terra,MODIS,25,6.2,307,12.5,D,0
-17.1447,122.4974,381.5,1,1,2014-08-07,0212,Terra,MODIS,100,6.2,308.5,152.8,D,0
-17.1379,122.4502,359.3,1,1,2014-08-07,0212,Terra,MODIS,99,6.2,306.7,72.8,D,0
-17.1392,122.4596,329.6,1,1,2014-08-07,0212,Terra,MODIS,55,6.2,304.2,16.6,D,0
-17.1505,122.4097,382.4,1,1,2014-08-07,0212,Terra,MODIS,100,6.2,315.1,157.6,D,0
-17.1518,122.4192,354.2,1,1,2014-08-07,0212,Terra,MODIS,97,6.2,310.8,61.7,D,0
-17.1609,122.4178,407.4,1,1,2014-08-07,0212,Terra,MODIS,100,6.2,316.4,295,D,0
-17.1622,122.4272,359.4,1,1,2014-08-07,0212,Terra,MODIS,99,6.2,309.9,74.7,D,0
-17.1699,122.4164,358.8,1,1,2014-08-07,0212,Terra,MODIS,99,6.2,308.5,76,D,0
-17.1713,122.4258,345.1,1,1,2014-08-07,0212,Terra,MODIS,67,6.2,312.2,41.2,D,0
-17.3339,122.7283,331.1,1,1,2014-08-07,0212,Terra,MODIS,82,6.2,305.5,20,D,0
-17.3353,122.7379,324.8,1,1,2014-08-07,0212,Terra,MODIS,75,6.2,306.4,11.9,D,0
-17.343,122.727,321.3,1,1,2014-08-07,0212,Terra,MODIS,66,6.2,304.9,7.9,D,0
-17.1726,122.4353,336.1,1,1,2014-08-07,0212,Terra,MODIS,57,6.2,310.7,25.7,D,0
-17.3188,123.0727,326.8,1,1,2014-08-07,0212,Terra,MODIS,69,6.2,305,15.8,D,0
-17.3083,123.0643,333.3,1,1,2014-08-07,0212,Terra,MODIS,84,6.2,306.1,25.9,D,0
-17.3069,123.0546,324,1,1,2014-08-07,0212,Terra,MODIS,67,6.2,304.4,14,D,0
-17.1792,122.4187,347.4,1,1,2014-08-07,0212,Terra,MODIS,93,6.2,306.2,51.5,D,0
-17.1806,122.4281,363.7,1,1,2014-08-07,0212,Terra,MODIS,100,6.2,310,90.1,D,0
-17.1819,122.4375,355.5,1,1,2014-08-07,0212,Terra,MODIS,95,6.2,307.3,65.2,D,0
-17.1833,122.447,351.3,1,1,2014-08-07,0212,Terra,MODIS,83,6.2,308.3,53.9,D,0
-17.1846,122.4564,394.1,1,1,2014-08-07,0212,Terra,MODIS,100,6.2,315,210,D,0
-17.186,122.4659,388.2,1,1,2014-08-07,0212,Terra,MODIS,100,6.2,313.4,180.7,D,0
-17.1923,122.4456,335.7,1,1,2014-08-07,0212,Terra,MODIS,70,6.2,303.6,28.1,D,0
-17.146,122.5068,388.6,1,1,2014-08-07,0212,Terra,MODIS,100,6.2,314.6,183.8,D,0
-17.1474,122.5163,335.6,1,1,2014-08-07,0212,Terra,MODIS,81,6.2,309.5,26.1,D,0
-17.0913,122.4477,332,1,1,2014-08-07,0212,Terra,MODIS,52,6.2,308.1,21.9,D,0
-17.09,122.4382,335.8,1,1,2014-08-07,0212,Terra,MODIS,86,6.2,308.8,29.1,D,0
-17.0873,122.4194,362.7,1,1,2014-08-07,0212,Terra,MODIS,100,6.2,306.1,87.8,D,0
-14.5898,126.8099,321,1.5,1.2,2014-08-07,0212,Terra,MODIS,53,6.2,304.9,14,D,0
-17.7816,123.55,328.4,1.1,1,2014-08-07,0213,Terra,MODIS,68,6.2,306.9,17.7,D,0
-17.8576,123.5742,321,1.1,1,2014-08-07,0213,Terra,MODIS,20,6.2,307.9,8.2,D,0
-17.7957,123.5415,326.1,1.1,1,2014-08-07,0213,Terra,MODIS,76,6.2,307.7,14.3,D,0
-17.791,123.5487,324.5,1.1,1,2014-08-07,0213,Terra,MODIS,61,6.2,306.2,12.4,D,0
-17.4208,122.7581,338.5,1,1,2014-08-07,0213,Terra,MODIS,88,6.2,305.9,33.4,D,0
-17.4957,123.0238,318.8,1,1,2014-08-07,0213,Terra,MODIS,53,6.2,305.8,7.8,D,0
-17.4971,123.0336,319.6,1,1,2014-08-07,0213,Terra,MODIS,58,6.2,305.9,8.7,D,0
-17.3893,122.6613,318.8,1,1,2014-08-07,0213,Terra,MODIS,43,6.2,305.2,7.7,D,0
-17.4222,122.7677,335.5,1,1,2014-08-07,0213,Terra,MODIS,78,6.2,306,27.9,D,0
-17.4344,122.8544,321.3,1,1,2014-08-07,0213,Terra,MODIS,59,6.2,304.4,9.9,D,0
-17.3747,122.6245,328.8,1,1,2014-08-07,0213,Terra,MODIS,59,6.2,304.4,18.4,D,0
-17.3733,122.615,343.4,1,1,2014-08-07,0213,Terra,MODIS,91,6.2,303,42,D,0
-18.7805,128.6119,315.2,2.4,1.5,2014-08-07,0213,Terra,MODIS,60,6.2,302.5,20,D,0
-17.8613,123.5318,322.1,1.1,1,2014-08-07,0213,Terra,MODIS,58,6.2,307.5,10.6,D,0
-18.8394,121.8758,323.4,1,1,2014-08-07,0213,Terra,MODIS,48,6.2,306.5,10.3,D,0
-18.8408,121.8853,381.3,1,1,2014-08-07,0213,Terra,MODIS,100,6.2,309.7,149,D,0
-18.8422,121.8948,378.3,1,1,2014-08-07,0213,Terra,MODIS,100,6.2,309.7,137,D,0
-22.9106,123.1781,334.7,1.2,1.1,2014-08-07,0214,Terra,MODIS,86,6.2,301.2,36.9,D,0
-22.9121,123.1895,338.6,1.2,1.1,2014-08-07,0214,Terra,MODIS,89,6.2,300.7,44.4,D,0
-22.7751,119.9829,322.8,1,1,2014-08-07,0214,Terra,MODIS,76,6.2,302.2,13.2,D,0
-22.1432,119.4641,312.5,1,1,2014-08-07,0214,Terra,MODIS,46,6.2,300.9,4.9,D,0
-22.7136,119.9434,316.8,1,1,2014-08-07,0214,Terra,MODIS,63,6.2,301.7,8.2,D,0
-22.7151,119.9532,315.3,1,1,2014-08-07,0214,Terra,MODIS,50,6.2,301.5,6.9,D,0
-22.7226,119.9419,319.4,1,1,2014-08-07,0214,Terra,MODIS,71,6.2,300.3,10.8,D,0
-22.7765,119.9926,323.7,1,1,2014-08-07,0214,Terra,MODIS,77,6.2,302.9,14.3,D,0
-22.7675,119.9942,320,1,1,2014-08-07,0214,Terra,MODIS,48,6.2,301.5,9.9,D,0
-22.7661,119.9844,319.4,1,1,2014-08-07,0214,Terra,MODIS,46,6.2,301.2,9.3,D,0
-25.7926,120.6104,311.6,1,1,2014-08-07,0215,Terra,MODIS,55,6.2,299,5.6,D,0
-30.8712,121.4992,309.3,1.2,1.1,2014-08-07,0216,Terra,MODIS,65,6.2,295.7,7.3,D,2
-31.0895,152.0468,305.6,2.2,1.4,2014-08-07,0317,Aqua,MODIS,56,6.2,292.8,18.6,D,0
-31.0914,152.0243,304.4,2.2,1.4,2014-08-07,0317,Aqua,MODIS,49,6.2,291.9,16.1,D,0
-30.3415,152.3302,320.5,2.1,1.4,2014-08-07,0317,Aqua,MODIS,80,6.2,291.4,50.6,D,0
-30.3436,152.3076,307.6,2.1,1.4,2014-08-07,0317,Aqua,MODIS,65,6.2,291.9,21.6,D,0
-31.5279,150.9244,302.7,2.7,1.6,2014-08-07,0317,Aqua,MODIS,53,6.2,290.9,14.8,D,0
-30.1635,149.2952,311.4,3.3,1.7,2014-08-07,0317,Aqua,MODIS,69,6.2,300.3,35.2,D,0
-26.9071,152.4994,310.1,1.8,1.3,2014-08-07,0318,Aqua,MODIS,58,6.2,300.1,12.7,D,0
-27.2215,150.0495,313,2.7,1.6,2014-08-07,0318,Aqua,MODIS,60,6.2,302.4,22.7,D,0
-26.5332,152.4865,305.9,1.8,1.3,2014-08-07,0318,Aqua,MODIS,15,6.2,292.2,11.4,D,0
-26.9136,152.4873,309.1,1.8,1.3,2014-08-07,0318,Aqua,MODIS,49,6.2,298.1,9.7,D,0
-26.7117,151.9939,307.2,2,1.4,2014-08-07,0318,Aqua,MODIS,17,6.2,296.2,8.7,D,0
-26.7144,152.0014,312.4,2,1.4,2014-08-07,0318,Aqua,MODIS,64,6.2,296.9,20,D,0
-26.4939,152.275,309.5,1.9,1.3,2014-08-07,0318,Aqua,MODIS,57,6.2,293.7,21.4,D,0
-26.4872,152.2865,306.3,1.9,1.3,2014-08-07,0318,Aqua,MODIS,35,6.2,291.4,16.3,D,0
-26.4892,152.2677,308.4,1.9,1.3,2014-08-07,0318,Aqua,MODIS,53,6.2,292.7,19.5,D,0
-25.7528,152.4268,320.3,1.8,1.3,2014-08-07,0318,Aqua,MODIS,46,6.2,296,31.7,D,0
-25.741,152.4253,322.3,1.8,1.3,2014-08-07,0318,Aqua,MODIS,67,6.2,296.1,37.3,D,0
-25.7581,152.4206,318.7,1.8,1.3,2014-08-07,0318,Aqua,MODIS,50,6.2,295.9,29.2,D,0
-25.7463,152.4192,326,1.8,1.3,2014-08-07,0318,Aqua,MODIS,81,6.2,296.4,46.9,D,0
-27.9695,150.9756,337.7,2.4,1.5,2014-08-07,0318,Aqua,MODIS,89,6.2,297.1,132.9,D,0
-28.1998,153.4733,309.2,1.6,1.3,2014-08-07,0318,Aqua,MODIS,59,6.2,295.7,13.7,D,0
-27.9559,150.974,369.4,2.4,1.5,2014-08-07,0318,Aqua,MODIS,100,6.2,297.5,398.7,D,0
-27.9626,150.9697,350.6,2.4,1.5,2014-08-07,0318,Aqua,MODIS,96,6.2,298.2,218,D,0
-28.2953,153.4224,308.3,1.6,1.3,2014-08-07,0318,Aqua,MODIS,59,6.2,298.1,11,D,0
-27.9632,151.0496,314.5,2.4,1.5,2014-08-07,0318,Aqua,MODIS,67,6.2,294.4,34.6,D,0
-27.9496,151.0482,332.4,2.4,1.5,2014-08-07,0318,Aqua,MODIS,86,6.2,293.8,98.1,D,0
-27.9674,151.0003,348.4,2.4,1.5,2014-08-07,0318,Aqua,MODIS,95,6.2,295.1,200,D,0
-27.9445,151.0177,341.6,2.4,1.5,2014-08-07,0318,Aqua,MODIS,91,6.2,294.8,156.2,D,0
-27.9423,151.0424,334,2.4,1.5,2014-08-07,0318,Aqua,MODIS,87,6.2,293.4,111,D,0
-27.9603,150.9945,410.5,2.4,1.5,2014-08-07,0318,Aqua,MODIS,100,6.2,301.2,1142.2,D,0
-27.9581,151.0193,327.3,2.4,1.5,2014-08-07,0318,Aqua,MODIS,82,6.2,294,81.2,D,0
-27.9558,151.0439,328.3,2.4,1.5,2014-08-07,0318,Aqua,MODIS,83,6.2,294.2,84.1,D,0
-27.9538,150.9989,391.9,2.4,1.5,2014-08-07,0318,Aqua,MODIS,100,6.2,298.9,731.6,D,0
-27.9517,151.0236,351.4,2.4,1.5,2014-08-07,0318,Aqua,MODIS,96,6.2,295.9,218.8,D,0
-24.8751,147.0675,323,4.2,1.9,2014-08-07,0319,Aqua,MODIS,79,6.2,297.1,141.3,D,0
-24.8781,147.0256,328.4,4.2,1.9,2014-08-07,0319,Aqua,MODIS,83,6.2,295.7,188.7,D,0
-24.8608,147.0239,312.1,4.2,1.9,2014-08-07,0319,Aqua,MODIS,45,6.2,294.8,59.8,D,0
-24.8733,147.0632,329.5,4.2,1.9,2014-08-07,0319,Aqua,MODIS,84,6.2,297.2,202.9,D,0
-24.8764,147.0215,327.4,4.2,1.9,2014-08-07,0319,Aqua,MODIS,82,6.2,295.5,182.1,D,0
-22.1812,149.3588,311.5,2.7,1.6,2014-08-07,0319,Aqua,MODIS,59,6.2,294.5,32.8,D,0
-22.1873,149.3378,326.1,2.7,1.6,2014-08-07,0319,Aqua,MODIS,81,6.2,294.8,92.2,D,0
-22.1839,149.3326,320.1,2.7,1.6,2014-08-07,0319,Aqua,MODIS,75,6.2,294.2,64.3,D,0
-24.2968,151.8093,323,1.9,1.3,2014-08-07,0319,Aqua,MODIS,52,6.2,295.3,41.9,D,0
-24.2827,151.8265,323.7,1.9,1.3,2014-08-07,0319,Aqua,MODIS,58,6.2,294.9,42.6,D,0
-22.9531,150.2603,317.5,2.3,1.5,2014-08-07,0319,Aqua,MODIS,71,6.2,299.2,37.9,D,0
-22.9554,150.2375,309.5,2.3,1.5,2014-08-07,0319,Aqua,MODIS,51,6.2,298.9,15.6,D,0
-23.1361,128.8387,324.4,1.4,1.2,2014-08-07,0458,Aqua,MODIS,74,6.2,303.7,20.8,D,0
-23.1345,128.8522,324.3,1.4,1.2,2014-08-07,0458,Aqua,MODIS,74,6.2,303.9,20.9,D,0
-22.9183,123.1706,316.3,3.5,1.8,2014-08-07,0458,Aqua,MODIS,62,6.2,301.1,42.8,D,0
-22.9271,123.1754,314.3,3.5,1.8,2014-08-07,0458,Aqua,MODIS,56,6.2,300.6,34.9,D,0
-19.6053,126.2753,327.2,1.9,1.3,2014-08-07,0459,Aqua,MODIS,39,6.2,311.2,27.8,D,0
-19.6126,126.2653,330.7,1.9,1.3,2014-08-07,0459,Aqua,MODIS,79,6.2,311.6,40.6,D,0
-19.6607,126.2714,362.7,1.9,1.3,2014-08-07,0459,Aqua,MODIS,100,6.2,313,201.9,D,0
-19.6006,126.2639,328.9,1.9,1.3,2014-08-07,0459,Aqua,MODIS,70,6.2,310.7,33.7,D,0
-19.6074,126.2577,335.1,1.9,1.3,2014-08-07,0459,Aqua,MODIS,83,6.2,312.6,53.8,D,0
-19.6467,126.2876,343.2,1.9,1.3,2014-08-07,0459,Aqua,MODIS,90,6.2,311.8,88.9,D,0
-19.6487,126.2699,410.7,1.9,1.3,2014-08-07,0459,Aqua,MODIS,100,6.2,325.3,768.3,D,0
-19.6146,126.2476,327.9,1.9,1.3,2014-08-07,0459,Aqua,MODIS,75,6.2,311.8,32,D,0
-19.6507,126.2521,355.5,1.9,1.3,2014-08-07,0459,Aqua,MODIS,97,6.2,314.5,154.7,D,0
-19.6627,126.2536,324.3,1.9,1.3,2014-08-07,0459,Aqua,MODIS,69,6.2,307.7,24.8,D,0
-17.9709,138.7575,328.9,2.3,1.5,2014-08-07,0459,Aqua,MODIS,72,6.2,303.4,52.8,D,0
-17.9577,138.7548,356,2.3,1.5,2014-08-07,0459,Aqua,MODIS,98,6.2,303,222.6,D,0
-17.9617,138.733,339.6,2.3,1.5,2014-08-07,0459,Aqua,MODIS,88,6.2,302,109.7,D,0
-17.9575,138.7704,340.8,2.3,1.5,2014-08-07,0459,Aqua,MODIS,89,6.2,304,116.8,D,0
-17.9614,138.7485,357,2.3,1.5,2014-08-07,0459,Aqua,MODIS,98,6.2,304.2,233.9,D,0
-17.9653,138.7266,320.4,2.3,1.5,2014-08-07,0459,Aqua,MODIS,62,6.2,301.8,28.6,D,0
-18.8603,121.859,337.5,3.9,1.8,2014-08-07,0459,Aqua,MODIS,86,6.2,303.4,214.2,D,0
-18.8437,121.8571,333.2,3.9,1.8,2014-08-07,0459,Aqua,MODIS,82,6.2,309.1,165.4,D,0
-18.8469,121.82,321.8,3.9,1.8,2014-08-07,0459,Aqua,MODIS,38,6.2,305.3,69.6,D,0
-18.8553,121.8538,349.8,3.9,1.8,2014-08-07,0459,Aqua,MODIS,94,6.2,305.5,373.9,D,0
-18.0928,138.372,322,2.2,1.4,2014-08-07,0459,Aqua,MODIS,41,6.2,304.2,22.5,D,0
-18.1116,138.349,322.5,2.2,1.4,2014-08-07,0459,Aqua,MODIS,54,6.2,304.8,24.9,D,0
-18.0952,138.367,321.9,2.2,1.4,2014-08-07,0459,Aqua,MODIS,51,6.2,304.6,23.3,D,0
-18.8518,121.8907,323.8,3.8,1.8,2014-08-07,0459,Aqua,MODIS,58,6.2,304.6,85.4,D,0
-17.9669,138.7794,326,2.3,1.5,2014-08-07,0459,Aqua,MODIS,54,6.2,305.4,40,D,0
-17.9801,138.782,324.5,2.3,1.5,2014-08-07,0459,Aqua,MODIS,69,6.2,304.8,34.6,D,0
-19.0684,127.0466,322.1,1.6,1.2,2014-08-07,0459,Aqua,MODIS,57,6.2,309.2,14.1,D,0
-19.0554,127.0604,322.9,1.6,1.2,2014-08-07,0459,Aqua,MODIS,52,6.2,308.7,15.3,D,0
-19.0572,127.0451,349.5,1.6,1.2,2014-08-07,0459,Aqua,MODIS,94,6.2,310.3,96.5,D,0
-19.0566,127.0555,335.5,1.6,1.2,2014-08-07,0459,Aqua,MODIS,83,6.2,309,46.4,D,0
-19.0584,127.0402,332.6,1.6,1.2,2014-08-07,0459,Aqua,MODIS,80,6.2,309.6,38.2,D,0
-17.9536,138.7767,336.8,2.3,1.5,2014-08-07,0459,Aqua,MODIS,85,6.2,303.4,91,D,0
-17.9536,138.7924,320.9,2.4,1.5,2014-08-07,0459,Aqua,MODIS,58,6.2,303.6,26.7,D,0
-13.0216,136.0418,319.5,1.8,1.3,2014-08-07,0500,Aqua,MODIS,66,6.2,299,24,D,0
-15.4175,134.2127,336.7,1.3,1.1,2014-08-07,0500,Aqua,MODIS,85,6.2,307.4,33.5,D,0
-15.4156,134.2243,356.5,1.3,1.1,2014-08-07,0500,Aqua,MODIS,98,6.2,306.1,88.2,D,0
-15.3236,134.1545,327.2,1.3,1.1,2014-08-07,0500,Aqua,MODIS,56,6.2,306.6,15.8,D,0
-15.3944,134.2926,326.9,1.3,1.1,2014-08-07,0500,Aqua,MODIS,64,6.2,308.8,14.1,D,0
-15.3963,134.2809,323.7,1.3,1.1,2014-08-07,0500,Aqua,MODIS,52,6.2,308.8,9,D,0
-15.3254,134.143,333.7,1.2,1.1,2014-08-07,0500,Aqua,MODIS,78,6.2,305.6,28.4,D,0
-15.433,128.8816,325,1.1,1.1,2014-08-07,0500,Aqua,MODIS,49,6.2,311.4,10,D,0
-14.4819,129.9798,331.1,1,1,2014-08-07,0500,Aqua,MODIS,42,6.2,309.7,12.5,D,0
-14.4936,129.9623,328.8,1,1,2014-08-07,0500,Aqua,MODIS,55,6.2,309,10.5,D,0
-13.8312,130.4281,328.9,1,1,2014-08-07,0500,Aqua,MODIS,57,6.2,312.2,7.9,D,0
-13.8493,130.4272,332.4,1,1,2014-08-07,0500,Aqua,MODIS,49,6.2,313.3,12.9,D,0
-14.4715,129.9878,340.1,1,1,2014-08-07,0500,Aqua,MODIS,86,6.2,311.6,27.1,D,0
-13.8836,130.058,326.8,1,1,2014-08-07,0500,Aqua,MODIS,67,6.2,307.3,12.5,D,0
-16.8323,128.1668,340.6,1.3,1.1,2014-08-07,0500,Aqua,MODIS,87,6.2,312.7,40.4,D,0
-16.8439,128.1566,332.2,1.3,1.1,2014-08-07,0500,Aqua,MODIS,66,6.2,309.3,23.9,D,0
-13.8583,130.4286,339.2,1,1,2014-08-07,0500,Aqua,MODIS,85,6.2,311.8,23.1,D,0
-13.857,130.4378,329.6,1,1,2014-08-07,0500,Aqua,MODIS,20,6.2,311.6,8.6,D,0
-13.848,130.4364,336.5,1,1,2014-08-07,0500,Aqua,MODIS,81,6.2,311.6,18.1,D,0
-14.5653,126.8113,323.5,1.4,1.2,2014-08-07,0500,Aqua,MODIS,32,6.2,309.1,10.6,D,0
-14.5884,126.8013,325.1,1.4,1.2,2014-08-07,0500,Aqua,MODIS,66,6.2,309.2,12.9,D,0
-14.5867,126.8142,330.4,1.4,1.2,2014-08-07,0500,Aqua,MODIS,78,6.2,308.2,25.3,D,0
-14.5991,126.8025,333.2,1.4,1.2,2014-08-07,0500,Aqua,MODIS,81,6.2,309.3,31.4,D,0
-14.5974,126.8158,332.9,1.4,1.2,2014-08-07,0500,Aqua,MODIS,81,6.2,310,31.8,D,0
-14.6031,126.8096,336.4,1.4,1.2,2014-08-07,0500,Aqua,MODIS,84,6.2,310,39.9,D,0
-16.8409,128.1801,330.4,1.3,1.1,2014-08-07,0500,Aqua,MODIS,72,6.2,311.9,20.2,D,0
-16.8424,128.1683,373.4,1.3,1.1,2014-08-07,0500,Aqua,MODIS,100,6.2,314.3,161,D,0
-13.7176,130.1877,327.4,1,1,2014-08-07,0500,Aqua,MODIS,47,6.2,308,10.8,D,0
-13.5217,131.367,332,1,1,2014-08-07,0500,Aqua,MODIS,58,6.2,312.8,16.4,D,0
-13.7441,131.9172,360.9,1,1,2014-08-07,0500,Aqua,MODIS,100,6.2,311.4,74.5,D,0
-13.5113,131.3749,328.9,1,1,2014-08-07,0500,Aqua,MODIS,47,6.2,307.7,11.6,D,0
-13.5023,131.3735,335.1,1,1,2014-08-07,0500,Aqua,MODIS,80,6.2,308,18.2,D,0
-13.7455,131.9076,390.6,1,1,2014-08-07,0500,Aqua,MODIS,100,6.2,312.9,194.7,D,0
-13.5036,131.3642,360,1,1,2014-08-07,0500,Aqua,MODIS,99,6.2,308.3,69.8,D,0
-17.1053,122.5186,357.8,3.3,1.7,2014-08-07,0500,Aqua,MODIS,98,6.2,308.8,401.2,D,0
-17.1057,122.5429,323.8,3.3,1.7,2014-08-07,0500,Aqua,MODIS,71,6.2,306.4,72,D,0
-17.109,122.5119,365.4,3.3,1.7,2014-08-07,0500,Aqua,MODIS,100,6.2,307.9,517.6,D,0
-17.8724,123.5492,319.5,2.8,1.6,2014-08-07,0500,Aqua,MODIS,30,6.2,307.2,28.4,D,0
-17.2487,122.5777,349.9,3.3,1.7,2014-08-07,0500,Aqua,MODIS,94,6.2,302.3,307.1,D,0
-17.2521,122.5712,333,3.3,1.7,2014-08-07,0500,Aqua,MODIS,70,6.2,299.9,136.6,D,0
-17.2366,122.5696,350,3.3,1.7,2014-08-07,0500,Aqua,MODIS,95,6.2,304.9,294.2,D,0
-17.2212,122.5681,326.4,3.3,1.7,2014-08-07,0500,Aqua,MODIS,32,6.2,305.6,73.4,D,0
-17.3412,122.5882,324.9,3.3,1.7,2014-08-07,0500,Aqua,MODIS,45,6.2,300.4,79.2,D,0
-14.4483,129.6295,331.6,1,1,2014-08-07,0500,Aqua,MODIS,35,6.2,308.2,17.7,D,0
-14.4352,129.6569,331.5,1,1,2014-08-07,0500,Aqua,MODIS,51,6.2,311.6,14.1,D,0
-14.4195,129.6351,337.4,1,1,2014-08-07,0500,Aqua,MODIS,49,6.2,308.9,23.7,D,0
-14.4109,129.6371,322.6,1,1,2014-08-07,0500,Aqua,MODIS,40,6.2,306.6,9.5,D,0
-17.3368,122.5928,353,3.3,1.7,2014-08-07,0500,Aqua,MODIS,96,6.2,303.1,328.1,D,0
-17.3522,122.5946,362.2,3.3,1.7,2014-08-07,0500,Aqua,MODIS,100,6.2,304.7,464.4,D,0
-17.3676,122.5963,333.9,3.3,1.7,2014-08-07,0500,Aqua,MODIS,67,6.2,302.5,145,D,0
-13.7189,130.1784,332,1,1,2014-08-07,0500,Aqua,MODIS,72,6.2,310.6,16.8,D,0
-17.2243,122.537,348.7,3.3,1.7,2014-08-07,0500,Aqua,MODIS,94,6.2,304.5,281.9,D,0
-17.2398,122.5387,335.9,3.3,1.7,2014-08-07,0500,Aqua,MODIS,69,6.2,300.2,158.4,D,0
-17.329,122.5554,326.1,3.3,1.7,2014-08-07,0500,Aqua,MODIS,60,6.2,299,97.8,D,0
-14.2949,129.5459,330,1,1,2014-08-07,0500,Aqua,MODIS,65,6.2,309.7,14.5,D,0
-16.2099,127.8555,319.4,1.3,1.1,2014-08-07,0500,Aqua,MODIS,33,6.2,306.4,8.3,D,0
-16.5097,123.7716,316.5,2.6,1.5,2014-08-07,0500,Aqua,MODIS,24,6.2,305.9,23.5,D,0
-14.1084,129.6331,328.2,1,1,2014-08-07,0500,Aqua,MODIS,61,6.2,306,14.9,D,0
-14.1201,129.6153,341,1,1,2014-08-07,0500,Aqua,MODIS,75,6.2,305.8,36.5,D,0
-14.1188,129.6249,363.9,1,1,2014-08-07,0500,Aqua,MODIS,94,6.2,310.6,88.7,D,0
-17.1115,122.4562,329.9,3.3,1.7,2014-08-07,0500,Aqua,MODIS,79,6.2,302.9,105.1,D,0
-17.1084,122.4875,362.1,3.3,1.7,2014-08-07,0500,Aqua,MODIS,100,6.2,307.7,462.3,D,0
-17.1484,122.5551,321.6,3.3,1.7,2014-08-07,0500,Aqua,MODIS,47,6.2,306.4,50.1,D,0
-17.1022,122.5495,317.8,3.3,1.7,2014-08-07,0500,Aqua,MODIS,30,6.2,306.6,38.8,D,0
-14.3082,129.4493,342.7,1,1,2014-08-07,0500,Aqua,MODIS,87,6.2,303.7,38.8,D,0
-14.1577,130.1995,340.5,1,1,2014-08-07,0500,Aqua,MODIS,86,6.2,312.7,26.2,D,0
-17.3617,122.8327,320.2,3.1,1.7,2014-08-07,0500,Aqua,MODIS,52,6.2,307.6,29,D,0
-17.3688,122.6221,324.3,3.2,1.7,2014-08-07,0500,Aqua,MODIS,47,6.2,305.1,70.8,D,0
-17.3721,122.5915,330.7,3.3,1.7,2014-08-07,0500,Aqua,MODIS,69,6.2,301.8,123,D,0
-16.2043,127.8362,321.4,1.3,1.1,2014-08-07,0500,Aqua,MODIS,37,6.2,308.3,9.2,D,0
-14.304,129.5472,338.3,1,1,2014-08-07,0500,Aqua,MODIS,84,6.2,309.4,28.3,D,0
-17.3535,122.6203,332.3,3.2,1.7,2014-08-07,0500,Aqua,MODIS,73,6.2,305.6,118.2,D,0
-14.1266,129.6358,351.2,1,1,2014-08-07,0500,Aqua,MODIS,94,6.2,309.1,52.9,D,0
-17.359,122.8376,322.4,3.1,1.7,2014-08-07,0500,Aqua,MODIS,67,6.2,308.1,42.4,D,0
-14.3797,129.5248,322.4,1,1,2014-08-07,0500,Aqua,MODIS,21,6.2,306.5,7.4,D,0
-14.2049,129.6628,326.9,1,1,2014-08-07,0500,Aqua,MODIS,47,6.2,308.6,12.1,D,0
-14.2167,129.645,324.7,1,1,2014-08-07,0500,Aqua,MODIS,27,6.2,309.2,8,D,0
-14.2153,129.6545,339.8,1,1,2014-08-07,0500,Aqua,MODIS,85,6.2,307.4,29.8,D,0
-17.3566,122.5899,361.1,3.3,1.7,2014-08-07,0500,Aqua,MODIS,100,6.2,305.1,450.4,D,0
-17.3258,122.5864,361.3,3.3,1.7,2014-08-07,0500,Aqua,MODIS,100,6.2,304.6,454.4,D,0
-17.1123,122.4808,350.4,3.3,1.7,2014-08-07,0500,Aqua,MODIS,95,6.2,304.2,297,D,0
-17.1581,122.4614,327.7,3.3,1.7,2014-08-07,0500,Aqua,MODIS,47,6.2,303.5,81.5,D,0
-14.1253,129.6453,334.2,1,1,2014-08-07,0500,Aqua,MODIS,71,6.2,309.8,20.6,D,0
-14.1357,129.6371,327.2,1,1,2014-08-07,0500,Aqua,MODIS,46,6.2,306.7,11.8,D,0
-14.1344,129.6467,327.1,1,1,2014-08-07,0500,Aqua,MODIS,40,6.2,309.9,11.7,D,0
-14.1423,129.6437,344.6,1,1,2014-08-07,0500,Aqua,MODIS,90,6.2,309.8,40,D,0
-14.141,129.6533,355.3,1,1,2014-08-07,0500,Aqua,MODIS,97,6.2,311.4,63.4,D,0
-14.111,129.614,326,1,1,2014-08-07,0500,Aqua,MODIS,58,6.2,305.3,13.3,D,0
-14.1097,129.6235,328,1,1,2014-08-07,0500,Aqua,MODIS,58,6.2,304.1,14.4,D,0
-14.3692,129.5331,322.2,1,1,2014-08-07,0500,Aqua,MODIS,33,6.2,306.9,7.5,D,0
-14.3705,129.5234,326.2,1,1,2014-08-07,0500,Aqua,MODIS,65,6.2,308.8,12,D,0
-14.3332,129.4036,328.7,1.1,1,2014-08-07,0500,Aqua,MODIS,71,6.2,306.2,17,D,0
-14.378,129.7395,331.5,1,1,2014-08-07,0500,Aqua,MODIS,76,6.2,311.5,16.1,D,0
-14.3793,129.7299,330.4,1,1,2014-08-07,0500,Aqua,MODIS,71,6.2,309.9,14,D,0
-14.3093,129.5087,324.3,1,1,2014-08-07,0500,Aqua,MODIS,53,6.2,308.7,9.1,D,0
-17.208,122.4347,330.6,3.3,1.7,2014-08-07,0500,Aqua,MODIS,37,6.2,302.6,116.4,D,0
-17.2028,122.439,332.3,3.3,1.7,2014-08-07,0500,Aqua,MODIS,47,6.2,304.2,130.5,D,0
-17.3404,122.7158,320.8,3.2,1.7,2014-08-07,0500,Aqua,MODIS,63,6.2,307.4,40.4,D,0
-17.3439,122.7111,319.3,3.2,1.7,2014-08-07,0500,Aqua,MODIS,60,6.2,307.1,33.2,D,0
-14.3147,129.47,354.2,1,1,2014-08-07,0500,Aqua,MODIS,96,6.2,306.2,63.6,D,0
-17.2302,122.7812,335.8,3.1,1.7,2014-08-07,0500,Aqua,MODIS,85,6.2,306,148,D,0
-14.3319,129.4133,322.8,1.1,1,2014-08-07,0500,Aqua,MODIS,47,6.2,306.1,9.8,D,0
-17.2489,122.6019,341.5,3.2,1.7,2014-08-07,0500,Aqua,MODIS,89,6.2,304.1,202.5,D,0
-17.2457,122.6084,335.8,3.2,1.7,2014-08-07,0500,Aqua,MODIS,82,6.2,305.3,154.4,D,0
-16.817,122.8531,338.2,3.1,1.7,2014-08-07,0500,Aqua,MODIS,76,6.2,306.5,170,D,0
-16.8151,122.8577,335.6,3.1,1.7,2014-08-07,0500,Aqua,MODIS,74,6.2,306.5,151.8,D,0
-17.2283,122.7878,328.8,3.1,1.7,2014-08-07,0500,Aqua,MODIS,72,6.2,304.8,92.4,D,0
-17.2435,122.7895,321.4,3.1,1.7,2014-08-07,0500,Aqua,MODIS,47,6.2,306.8,48.5,D,0
-17.1177,122.393,328.8,3.4,1.7,2014-08-07,0500,Aqua,MODIS,57,6.2,301.8,90,D,0
-15.6361,128.7688,324.5,1.1,1.1,2014-08-07,0500,Aqua,MODIS,60,6.2,305.8,14,D,0
-17.5068,123.0114,317.9,3,1.7,2014-08-07,0500,Aqua,MODIS,25,6.2,304.8,36,D,0
-16.8509,128.1814,331.3,1.3,1.1,2014-08-07,0500,Aqua,MODIS,77,6.2,310.6,22.8,D,0
-16.8524,128.1698,324.9,1.3,1.1,2014-08-07,0500,Aqua,MODIS,30,6.2,308.4,12.4,D,0
-14.1304,129.6752,323.9,1,1,2014-08-07,0500,Aqua,MODIS,47,6.2,306.5,9.8,D,0
-14.299,129.448,336.7,1,1,2014-08-07,0500,Aqua,MODIS,75,6.2,306.8,28.4,D,0
-16.8051,122.8227,314.9,3.1,1.7,2014-08-07,0500,Aqua,MODIS,21,6.2,303.7,32.8,D,0
-16.8201,122.8246,326,3.1,1.7,2014-08-07,0500,Aqua,MODIS,66,6.2,303.2,85.4,D,0
-16.8181,122.8293,339.4,3.1,1.7,2014-08-07,0500,Aqua,MODIS,83,6.2,305.2,183.3,D,0
-16.2114,127.8434,329,1.3,1.1,2014-08-07,0500,Aqua,MODIS,75,6.2,307.5,23.4,D,0
-16.2027,127.8489,332.1,1.3,1.1,2014-08-07,0500,Aqua,MODIS,79,6.2,308.3,28.3,D,0
-15.9489,136.0937,318.5,1.6,1.3,2014-08-07,0500,Aqua,MODIS,38,6.2,300.5,10.3,D,0
-16.0004,136.4798,326.4,1.7,1.3,2014-08-07,0500,Aqua,MODIS,61,6.2,299.4,28.6,D,0
-15.9977,136.496,334.8,1.7,1.3,2014-08-07,0500,Aqua,MODIS,84,6.2,301,53.7,D,0
-13.1132,135.3459,318.2,1.6,1.3,2014-08-07,0500,Aqua,MODIS,43,6.2,302.1,11.6,D,0
-14.5278,134.7831,323.3,1.4,1.2,2014-08-07,0500,Aqua,MODIS,61,6.2,307.4,13.3,D,0
-12.4122,131.5194,320.2,1,1,2014-08-07,0501,Aqua,MODIS,63,6.2,298.9,10,D,0
-11.9922,133.6033,341.9,1.3,1.1,2014-08-07,0501,Aqua,MODIS,89,6.2,303.4,51.8,D,0
-13.229,130.9062,341.8,1,1,2014-08-07,0501,Aqua,MODIS,82,6.2,310.5,28.2,D,0
-11.9103,133.6627,332.6,1.3,1.1,2014-08-07,0501,Aqua,MODIS,55,6.2,305.5,27.2,D,0
-11.8103,133.4538,331.5,1.3,1.1,2014-08-07,0501,Aqua,MODIS,32,6.2,298,29,D,0
-12.0974,131.283,335.7,1,1,2014-08-07,0501,Aqua,MODIS,64,6.2,303.1,27.1,D,0
-12.833,132.3349,348.4,1.1,1,2014-08-07,0501,Aqua,MODIS,93,6.2,307.3,52.3,D,0
-11.9698,133.4801,381.8,1.3,1.1,2014-08-07,0501,Aqua,MODIS,75,6.2,300,211.9,D,0
-11.968,133.4917,360.3,1.3,1.1,2014-08-07,0501,Aqua,MODIS,87,6.2,296.7,106.6,D,0
-11.8074,133.4059,331.9,1.3,1.1,2014-08-07,0501,Aqua,MODIS,81,6.2,300.1,31.3,D,0
-11.8121,133.4422,366.2,1.3,1.1,2014-08-07,0501,Aqua,MODIS,100,6.2,300.9,132.9,D,0
-11.8628,133.6494,349.8,1.3,1.1,2014-08-07,0501,Aqua,MODIS,94,6.2,306.7,71,D,0
-11.8903,133.6051,368.8,1.3,1.1,2014-08-07,0501,Aqua,MODIS,100,6.2,305.6,146.2,D,0
-12.2619,131.172,330.3,1,1,2014-08-07,0501,Aqua,MODIS,64,6.2,304.9,15.8,D,0
-13.2212,130.8995,325.2,1,1,2014-08-07,0501,Aqua,MODIS,58,6.2,307.1,10.3,D,0
-12.1884,133.1913,330.7,1.2,1.1,2014-08-07,0501,Aqua,MODIS,75,6.2,303.3,21.6,D,0
-11.8056,133.4175,348.1,1.3,1.1,2014-08-07,0501,Aqua,MODIS,93,6.2,301.6,68.6,D,0
-11.9662,133.5033,324.9,1.3,1.1,2014-08-07,0501,Aqua,MODIS,38,6.2,289.7,13.6,D,0
-11.9288,133.545,333,1.3,1.1,2014-08-07,0501,Aqua,MODIS,59,6.2,301.7,30.4,D,0
-11.9803,133.6133,323.1,1.3,1.1,2014-08-07,0501,Aqua,MODIS,45,6.2,298.5,15.3,D,0
-12.0965,133.46,334.3,1.3,1.1,2014-08-07,0501,Aqua,MODIS,83,6.2,303.2,34.5,D,0
-11.8068,133.477,332.3,1.3,1.1,2014-08-07,0501,Aqua,MODIS,33,6.2,299.8,30.4,D,0
-11.9908,133.6097,353.5,1.3,1.1,2014-08-07,0501,Aqua,MODIS,96,6.2,303.2,84.8,D,0
-11.9927,133.5981,328.7,1.3,1.1,2014-08-07,0501,Aqua,MODIS,72,6.2,301.3,22.9,D,0
-11.8526,133.6477,333.7,1.3,1.1,2014-08-07,0501,Aqua,MODIS,71,6.2,301.8,29.9,D,0
-11.8213,133.582,353.4,1.3,1.1,2014-08-07,0501,Aqua,MODIS,84,6.2,303.5,86.7,D,0
-11.9419,133.1333,331.5,1.2,1.1,2014-08-07,0501,Aqua,MODIS,76,6.2,299,28.2,D,0
-11.9846,133.5181,368.5,1.3,1.1,2014-08-07,0501,Aqua,MODIS,100,6.2,302.3,139.4,D,0
-12.1065,131.2844,333.2,1,1,2014-08-07,0501,Aqua,MODIS,27,6.2,304.6,20.5,D,0
-11.8701,133.6019,322,1.3,1.1,2014-08-07,0501,Aqua,MODIS,35,6.2,299.6,13.3,D,0
-11.9964,133.5081,368.1,1.3,1.1,2014-08-07,0501,Aqua,MODIS,94,6.2,307.2,137.5,D,0
-12.8272,132.3384,349.7,1.1,1,2014-08-07,0501,Aqua,MODIS,94,6.2,309.6,54.2,D,0
-11.9863,133.5065,414,1.3,1.1,2014-08-07,0501,Aqua,MODIS,100,6.2,311.1,473.1,D,0
-11.9999,133.485,344.1,1.3,1.1,2014-08-07,0501,Aqua,MODIS,91,6.2,304.9,48.2,D,0
-12.7294,132.4151,327.9,1.1,1,2014-08-07,0501,Aqua,MODIS,60,6.2,307,11.8,D,0
-11.7932,133.4986,338.4,1.3,1.1,2014-08-07,0501,Aqua,MODIS,54,6.2,302.6,41.8,D,0
-11.8092,133.3944,317.7,1.3,1.1,2014-08-07,0501,Aqua,MODIS,52,6.2,299,9.6,D,0
-11.9982,133.4965,382.9,1.3,1.1,2014-08-07,0501,Aqua,MODIS,100,6.2,310.3,211.9,D,0
-11.9122,133.6508,350.5,1.3,1.1,2014-08-07,0501,Aqua,MODIS,95,6.2,304.2,73.6,D,0
-13.2252,130.8719,326.7,1,1,2014-08-07,0501,Aqua,MODIS,56,6.2,309.6,11.8,D,0
-11.9205,133.6644,342.2,1.3,1.1,2014-08-07,0501,Aqua,MODIS,90,6.2,301.8,49.8,D,0
-11.9196,133.6035,381.3,1.3,1.1,2014-08-07,0501,Aqua,MODIS,100,6.2,300.6,217.8,D,0
-11.805,133.4886,378.3,1.3,1.1,2014-08-07,0501,Aqua,MODIS,100,6.2,303.3,193.7,D,0
-12.8345,132.3249,325.8,1.1,1,2014-08-07,0501,Aqua,MODIS,48,6.2,302.1,13.6,D,0
-11.8646,133.6374,348.4,1.3,1.1,2014-08-07,0501,Aqua,MODIS,94,6.2,304.8,64.9,D,0
-11.8508,133.6596,348.5,1.3,1.1,2014-08-07,0501,Aqua,MODIS,94,6.2,304,65.9,D,0
-11.8169,133.4786,350.8,1.3,1.1,2014-08-07,0501,Aqua,MODIS,95,6.2,300.6,75.3,D,0
-11.826,133.4867,349.9,1.3,1.1,2014-08-07,0501,Aqua,MODIS,94,6.2,300.4,73.3,D,0
-11.9223,133.6525,400.4,1.3,1.1,2014-08-07,0501,Aqua,MODIS,100,6.2,307.3,358.8,D,0
-11.8195,133.5938,362.4,1.3,1.1,2014-08-07,0501,Aqua,MODIS,0,6.2,305,120,D,0
-12.0642,133.143,341.7,1.2,1.1,2014-08-07,0501,Aqua,MODIS,89,6.2,301.1,45.3,D,0
-11.8032,133.5003,356.6,1.3,1.1,2014-08-07,0501,Aqua,MODIS,98,6.2,302.1,94.5,D,0
-11.8406,133.3943,316.7,1.3,1.1,2014-08-07,0501,Aqua,MODIS,43,6.2,298.1,9.7,D,0
-12.2515,131.1799,335,1,1,2014-08-07,0501,Aqua,MODIS,87,6.2,305.9,23.8,D,0
-12.0017,133.4734,332.2,1.3,1.1,2014-08-07,0501,Aqua,MODIS,64,6.2,303.2,21.9,D,0
-12.7227,132.4178,325.8,1.1,1,2014-08-07,0501,Aqua,MODIS,43,6.2,308.8,9.7,D,0
-11.8773,133.5549,379.7,1.3,1.1,2014-08-07,0501,Aqua,MODIS,100,6.2,307.8,202.9,D,0
-11.8672,133.5533,338.5,1.3,1.1,2014-08-07,0501,Aqua,MODIS,83,6.2,302.2,44.5,D,0
-11.8151,133.4902,387.2,1.3,1.1,2014-08-07,0501,Aqua,MODIS,100,6.2,304.1,249.6,D,0
-11.7996,133.5237,350.1,1.3,1.1,2014-08-07,0501,Aqua,MODIS,0,6.2,302.3,75.3,D,0
-11.8831,133.6525,337.9,1.3,1.1,2014-08-07,0501,Aqua,MODIS,87,6.2,304.3,40,D,0
-12.5284,132.716,330.9,1.1,1.1,2014-08-07,0501,Aqua,MODIS,78,6.2,302.1,21.1,D,0
-11.8014,133.512,393.9,1.3,1.1,2014-08-07,0501,Aqua,MODIS,94,6.2,307,299.7,D,0
-12.5037,135.4946,323.5,1.7,1.3,2014-08-07,0501,Aqua,MODIS,74,6.2,300.2,26.4,D,0
-11.8729,133.651,353.8,1.3,1.1,2014-08-07,0501,Aqua,MODIS,97,6.2,307.2,84.1,D,0
-11.8892,133.5448,359.2,1.3,1.1,2014-08-07,0501,Aqua,MODIS,99,6.2,294.1,103.8,D,0
-12.5189,132.7145,327.8,1.1,1.1,2014-08-07,0501,Aqua,MODIS,70,6.2,299.3,15.9,D,0
-11.9005,133.4041,324.1,1.3,1.1,2014-08-07,0501,Aqua,MODIS,51,6.2,300.6,17.8,D,0
-11.9361,133.4985,346.5,1.3,1.1,2014-08-07,0501,Aqua,MODIS,92,6.2,304.1,61.9,D,0
-11.8251,133.4918,345.8,1.3,1.1,2014-08-07,0501,Aqua,MODIS,92,6.2,301,60.1,D,0
-12.0009,133.6115,349.7,1.3,1.1,2014-08-07,0501,Aqua,MODIS,94,6.2,305.7,72.9,D,0
-12.1786,133.1897,331.4,1.2,1.1,2014-08-07,0501,Aqua,MODIS,76,6.2,306.7,22.8,D,0
-11.812,133.2432,325.7,1.2,1.1,2014-08-07,0501,Aqua,MODIS,31,6.2,302.9,16.6,D,0
-12.2898,131.1631,330.1,1,1,2014-08-07,0501,Aqua,MODIS,61,6.2,306.6,14.5,D,0
-12.5268,132.7264,395.2,1.1,1.1,2014-08-07,0501,Aqua,MODIS,100,6.2,312.8,257.9,D,0
-12.2528,131.1706,325.9,1,1,2014-08-07,0501,Aqua,MODIS,23,6.2,307.2,11.1,D,0
-11.9904,133.615,338.3,1.3,1.1,2014-08-07,0501,Aqua,MODIS,87,6.2,302.8,41.4,D,0
-11.9781,133.4933,335.8,1.3,1.1,2014-08-07,0501,Aqua,MODIS,46,6.2,300.7,32.4,D,0
-11.9763,133.505,353.3,1.3,1.1,2014-08-07,0501,Aqua,MODIS,96,6.2,300,78.3,D,0
-12.0105,133.1503,337.7,1.2,1.1,2014-08-07,0501,Aqua,MODIS,71,6.2,302.7,34.1,D,0
-11.9991,133.6232,334.3,1.3,1.1,2014-08-07,0501,Aqua,MODIS,83,6.2,303.9,33.8,D,0
-11.9881,133.4949,385.6,1.3,1.1,2014-08-07,0501,Aqua,MODIS,100,6.2,307.4,231.7,D,0
-12.0948,133.4715,344,1.3,1.1,2014-08-07,0501,Aqua,MODIS,91,6.2,302.9,55.9,D,0
-11.9899,133.4834,340.9,1.3,1.1,2014-08-07,0501,Aqua,MODIS,55,6.2,301.3,39.2,D,0
-11.8993,133.5464,351.7,1.3,1.1,2014-08-07,0501,Aqua,MODIS,95,6.2,298.7,79.5,D,0
-13.0693,130.6765,327.4,1,1,2014-08-07,0501,Aqua,MODIS,46,6.2,309.8,12.2,D,0
-12.0028,133.5997,328,1.3,1.1,2014-08-07,0501,Aqua,MODIS,76,6.2,301.8,22.3,D,0
-11.8748,133.6391,363.7,1.3,1.1,2014-08-07,0501,Aqua,MODIS,100,6.2,306.7,121,D,0
-11.8588,133.409,328.9,1.3,1.1,2014-08-07,0501,Aqua,MODIS,70,6.2,299.6,24.9,D,0
-12.1867,133.2025,331,1.2,1.1,2014-08-07,0501,Aqua,MODIS,80,6.2,305.5,22.3,D,0
-11.9076,133.6137,326.1,1.3,1.1,2014-08-07,0501,Aqua,MODIS,46,6.2,301.4,18.4,D,0
-11.8885,133.617,337.3,1.3,1.1,2014-08-07,0501,Aqua,MODIS,84,6.2,303.1,37.7,D,0
-11.8905,133.4025,331.5,1.3,1.1,2014-08-07,0501,Aqua,MODIS,80,6.2,300.3,29.3,D,0
-11.8975,133.612,321.3,1.3,1.1,2014-08-07,0501,Aqua,MODIS,58,6.2,302.4,11.6,D,0
-12.5173,132.7249,367.9,1.1,1.1,2014-08-07,0501,Aqua,MODIS,100,6.2,303.9,117.7,D,0
-12.4045,131.5086,338.8,1,1,2014-08-07,0501,Aqua,MODIS,87,6.2,300.2,33,D,0
-12.0122,133.1393,352.4,1.2,1.1,2014-08-07,0501,Aqua,MODIS,96,6.2,304.6,72.5,D,0
-12.8286,132.3284,346.4,1.1,1,2014-08-07,0501,Aqua,MODIS,92,6.2,307,47.4,D,0
-12.0186,133.1629,343.1,1.2,1.1,2014-08-07,0501,Aqua,MODIS,87,6.2,304.3,45.9,D,0
-12.0203,133.1519,350.7,1.2,1.1,2014-08-07,0501,Aqua,MODIS,95,6.2,306.6,64.6,D,0
-11.9727,133.5281,340,1.3,1.1,2014-08-07,0501,Aqua,MODIS,71,6.2,297.9,43.2,D,0
-12.1051,131.2937,337.9,1,1,2014-08-07,0501,Aqua,MODIS,55,6.2,303.2,28.2,D,0
-12.1532,131.282,324.4,1,1,2014-08-07,0501,Aqua,MODIS,31,6.2,301.9,11.3,D,0
-11.9745,133.5165,388.1,1.3,1.1,2014-08-07,0501,Aqua,MODIS,100,6.2,306.5,249.3,D,0
-12.022,133.1408,373.1,1.2,1.1,2014-08-07,0501,Aqua,MODIS,94,6.2,308.5,149.7,D,0
-11.847,133.4189,338.5,1.3,1.1,2014-08-07,0501,Aqua,MODIS,59,6.2,299.7,41.8,D,0
-12.5558,135.4454,316.9,1.7,1.3,2014-08-07,0501,Aqua,MODIS,40,6.2,293.9,16.5,D,0
-11.8787,133.4123,331,1.3,1.1,2014-08-07,0501,Aqua,MODIS,57,6.2,300.3,26.1,D,0
-11.867,133.4222,327.6,1.3,1.1,2014-08-07,0501,Aqua,MODIS,68,6.2,299.5,21.5,D,0
-11.857,133.4205,376.8,1.3,1.1,2014-08-07,0501,Aqua,MODIS,100,6.2,303.6,183.7,D,0
-11.8534,133.4435,330.3,1.3,1.1,2014-08-07,0501,Aqua,MODIS,60,6.2,295.4,27.4,D,0
-11.8688,133.4107,325.7,1.3,1.1,2014-08-07,0501,Aqua,MODIS,32,6.2,299.4,17.9,D,0
-11.9916,133.4718,350.3,1.3,1.1,2014-08-07,0501,Aqua,MODIS,82,6.2,295.7,68.6,D,0
-11.9095,133.6019,332.8,1.3,1.1,2014-08-07,0501,Aqua,MODIS,82,6.2,301.8,31.9,D,0
-13.2842,130.9052,341.7,1,1,2014-08-07,0501,Aqua,MODIS,88,6.2,304.8,31.9,D,0
-11.7554,132.7583,331.2,1.2,1.1,2014-08-07,0501,Aqua,MODIS,84,6.2,306.1,16.3,D,0
-11.7571,132.7477,329.2,1.2,1.1,2014-08-07,0501,Aqua,MODIS,66,6.2,306,13.6,D,0
-12.3441,132.6528,328.3,1.1,1.1,2014-08-07,0501,Aqua,MODIS,64,6.2,299.6,18.3,D,0
-12.3425,132.6632,387.3,1.1,1.1,2014-08-07,0501,Aqua,MODIS,100,6.2,304.7,209.5,D,0
-11.7525,132.7511,329.6,1.2,1.1,2014-08-07,0501,Aqua,MODIS,57,6.2,305.5,17.6,D,0
-11.7461,132.7284,325.2,1.2,1.1,2014-08-07,0501,Aqua,MODIS,53,6.2,303.3,13.5,D,0
-12.3409,132.6736,367.5,1.1,1.1,2014-08-07,0501,Aqua,MODIS,100,6.2,301.6,116.5,D,0
-13.3009,130.9172,328.3,1,1,2014-08-07,0501,Aqua,MODIS,40,6.2,307.6,12,D,0
-13.3022,130.908,339.2,1,1,2014-08-07,0501,Aqua,MODIS,86,6.2,308.6,27.8,D,0
-13.2932,130.9066,340.3,1,1,2014-08-07,0501,Aqua,MODIS,79,6.2,310.2,30.7,D,0
-11.8117,132.7783,352,1.2,1.1,2014-08-07,0501,Aqua,MODIS,96,6.2,303.6,67.6,D,0
-11.8004,132.7874,333.4,1.2,1.1,2014-08-07,0501,Aqua,MODIS,83,6.2,303.6,25.5,D,0
-11.7891,132.7964,336.9,1.2,1.1,2014-08-07,0501,Aqua,MODIS,86,6.2,304.4,31.7,D,0
-11.7779,132.8056,335.9,1.2,1.1,2014-08-07,0501,Aqua,MODIS,82,6.2,303.8,30.4,D,0
-11.7795,132.7949,332.1,1.2,1.1,2014-08-07,0501,Aqua,MODIS,68,6.2,305.7,22.2,D,0
-11.5051,132.8418,322.1,1.2,1.1,2014-08-07,0501,Aqua,MODIS,54,6.2,302.4,9.4,D,0
-13.2945,130.8974,348.9,1,1,2014-08-07,0501,Aqua,MODIS,93,6.2,308.6,47.3,D,0
-11.2274,132.0526,324.4,1.1,1,2014-08-07,0501,Aqua,MODIS,47,6.2,303,11.8,D,0
-11.2289,132.0426,349.3,1.1,1,2014-08-07,0501,Aqua,MODIS,94,6.2,304.7,55.8,D,0
-11.2304,132.0327,352.5,1.1,1,2014-08-07,0501,Aqua,MODIS,96,6.2,304.4,62.8,D,0
-11.2319,132.0228,336,1.1,1,2014-08-07,0501,Aqua,MODIS,85,6.2,301.7,28.7,D,0
-13.2943,130.9632,332.2,1,1,2014-08-07,0501,Aqua,MODIS,56,6.2,307.9,13.9,D,0
-11.2225,132.0213,338.8,1.1,1,2014-08-07,0501,Aqua,MODIS,87,6.2,304.1,32.7,D,0
-11.224,132.0114,337.9,1.1,1,2014-08-07,0501,Aqua,MODIS,84,6.2,302.8,32.6,D,0
-11.2183,132.0149,325.5,1.1,1,2014-08-07,0501,Aqua,MODIS,48,6.2,304.5,10.8,D,0
-11.7956,132.7539,339.1,1.2,1.1,2014-08-07,0501,Aqua,MODIS,89,6.2,302.6,33.6,D,0
-12.0565,133.1125,337.7,1.2,1.1,2014-08-07,0501,Aqua,MODIS,81,6.2,302.5,37.8,D,0
-11.3482,132.3157,326.6,1.1,1.1,2014-08-07,0501,Aqua,MODIS,65,6.2,302.9,13.2,D,0
-11.2197,132.005,334.4,1.1,1,2014-08-07,0501,Aqua,MODIS,86,6.2,303.4,22.9,D,0
-11.2212,131.9951,329.1,1.1,1,2014-08-07,0501,Aqua,MODIS,66,6.2,300.8,15.2,D,0
-11.3498,132.3054,324.6,1.1,1.1,2014-08-07,0501,Aqua,MODIS,50,6.2,304.7,10.6,D,0
-11.2104,132.0035,333.2,1.1,1,2014-08-07,0501,Aqua,MODIS,85,6.2,305,21,D,0
-11.2119,131.9936,344,1.1,1,2014-08-07,0501,Aqua,MODIS,70,6.2,304.2,40.8,D,0
-11.1932,131.9906,332.9,1.1,1,2014-08-07,0501,Aqua,MODIS,64,6.2,302.7,21.7,D,0
-11.1946,131.9807,337,1.1,1,2014-08-07,0501,Aqua,MODIS,0,6.2,303.2,28.9,D,0
-11.9847,132.9831,337,1.2,1.1,2014-08-07,0501,Aqua,MODIS,52,6.2,298,36.6,D,0
-12.5925,131.4826,325.6,1,1,2014-08-07,0501,Aqua,MODIS,57,6.2,305.2,13.7,D,0
-11.8004,132.7222,354.2,1.2,1.1,2014-08-07,0501,Aqua,MODIS,97,6.2,304.5,73.2,D,0
-11.8149,132.757,339.9,1.2,1.1,2014-08-07,0501,Aqua,MODIS,90,6.2,303.8,39.2,D,0
-11.8133,132.7676,345.5,1.2,1.1,2014-08-07,0501,Aqua,MODIS,93,6.2,305,50.4,D,0
-11.1688,132.5672,323.9,1.2,1.1,2014-08-07,0501,Aqua,MODIS,41,6.2,301.4,12.4,D,0
-11.5084,132.8203,330.3,1.2,1.1,2014-08-07,0501,Aqua,MODIS,83,6.2,303.7,21.6,D,0
-13.2599,130.8827,340.2,1,1,2014-08-07,0501,Aqua,MODIS,50,6.2,311.9,26.6,D,0
-13.2676,130.8933,341,1,1,2014-08-07,0501,Aqua,MODIS,66,6.2,304.7,27.4,D,0
-13.2663,130.9025,342.7,1,1,2014-08-07,0501,Aqua,MODIS,77,6.2,307.5,29.8,D,0
-11.8885,133.0057,329.9,1.2,1.1,2014-08-07,0501,Aqua,MODIS,79,6.2,297.8,25.7,D,0
-13.2856,130.896,349.3,1,1,2014-08-07,0501,Aqua,MODIS,91,6.2,307.9,48,D,0
-11.5068,132.831,331.5,1.2,1.1,2014-08-07,0501,Aqua,MODIS,84,6.2,303.5,23.9,D,0
-12.2445,133.021,326,1.2,1.1,2014-08-07,0501,Aqua,MODIS,48,6.2,301.9,16.7,D,0
-12.2461,133.0102,327.3,1.2,1.1,2014-08-07,0501,Aqua,MODIS,42,6.2,302.3,20.5,D,0
-11.7604,132.6983,324.7,1.2,1.1,2014-08-07,0501,Aqua,MODIS,62,6.2,302.6,15,D,0
-11.7636,132.7055,333.3,1.2,1.1,2014-08-07,0501,Aqua,MODIS,64,6.2,303.4,23.1,D,0
-12.53,132.7697,328.7,1.1,1.1,2014-08-07,0501,Aqua,MODIS,61,6.2,306.6,15.1,D,0
-11.8037,132.701,351.8,1.2,1.1,2014-08-07,0501,Aqua,MODIS,96,6.2,301.9,67.8,D,0
-11.794,132.6995,363.8,1.2,1.1,2014-08-07,0501,Aqua,MODIS,100,6.2,306.4,103.6,D,0
-11.7924,132.7101,349.1,1.2,1.1,2014-08-07,0501,Aqua,MODIS,95,6.2,307.5,57.4,D,0
-12.4919,132.1549,337.8,1.1,1,2014-08-07,0501,Aqua,MODIS,86,6.2,307.6,29.3,D,0
-12.5252,132.7368,340.7,1.1,1.1,2014-08-07,0501,Aqua,MODIS,88,6.2,307.3,37,D,0
-11.3274,131.3842,333.7,1,1,2014-08-07,0501,Aqua,MODIS,84,6.2,303.1,23,D,0
-11.2964,131.3544,337.7,1,1,2014-08-07,0501,Aqua,MODIS,84,6.2,303.7,29.6,D,0
-12.5332,132.7487,331.7,1.1,1.1,2014-08-07,0501,Aqua,MODIS,79,6.2,307.4,19.3,D,0
-11.73,130.6495,375.2,1,1,2014-08-07,0501,Aqua,MODIS,87,6.2,305.2,124.6,D,0
-11.7287,130.6587,321,1,1,2014-08-07,0501,Aqua,MODIS,53,6.2,302.5,8.3,D,0
-11.5895,130.79,331.4,1,1,2014-08-07,0501,Aqua,MODIS,79,6.2,300.9,19.5,D,0
-11.5716,130.7911,331.8,1,1,2014-08-07,0501,Aqua,MODIS,47,6.2,301.9,19.1,D,0
-11.5639,130.7805,341.9,1,1,2014-08-07,0501,Aqua,MODIS,90,6.2,301.9,38.2,D,0
-11.5975,131.1787,322.5,1,1,2014-08-07,0501,Aqua,MODIS,49,6.2,305.4,9.6,D,0
-12.5348,132.7383,345.1,1.1,1.1,2014-08-07,0501,Aqua,MODIS,91,6.2,307.7,45.8,D,0
-11.3639,131.3898,325.8,1,1,2014-08-07,0501,Aqua,MODIS,57,6.2,299.3,11.4,D,0
-11.6536,130.8561,351.4,1,1,2014-08-07,0501,Aqua,MODIS,95,6.2,305.6,53.9,D,0
-12.5157,132.7353,324.9,1.1,1.1,2014-08-07,0501,Aqua,MODIS,43,6.2,303.2,11,D,0
-11.8535,132.7797,329.2,1.2,1.1,2014-08-07,0501,Aqua,MODIS,77,6.2,301,22.1,D,0
-11.8021,132.7116,386.7,1.2,1.1,2014-08-07,0501,Aqua,MODIS,100,6.2,307.6,211.8,D,0
-11.5912,131.1587,322.6,1,1,2014-08-07,0501,Aqua,MODIS,39,6.2,304.5,9.7,D,0
-11.5989,131.1694,321.3,1,1,2014-08-07,0501,Aqua,MODIS,57,6.2,305,8.6,D,0
-11.6744,131.159,318.1,1,1,2014-08-07,0501,Aqua,MODIS,43,6.2,301.6,5.7,D,0
-11.5972,130.8006,328.5,1,1,2014-08-07,0501,Aqua,MODIS,46,6.2,299.7,13.8,D,0
-11.6368,131.1629,329.6,1,1,2014-08-07,0501,Aqua,MODIS,79,6.2,303.1,17.3,D,0
-11.6409,131.1349,331.9,1,1,2014-08-07,0501,Aqua,MODIS,79,6.2,303.5,20.6,D,0
-11.6423,131.1256,322.6,1,1,2014-08-07,0501,Aqua,MODIS,61,6.2,301.7,10.5,D,0
-11.6291,131.1522,323.2,1,1,2014-08-07,0501,Aqua,MODIS,47,6.2,303.3,9.9,D,0
-11.6305,131.1429,328,1,1,2014-08-07,0501,Aqua,MODIS,66,6.2,303.2,15.3,D,0
-11.6318,131.1336,325.8,1,1,2014-08-07,0501,Aqua,MODIS,37,6.2,303.2,12.6,D,0
-11.6332,131.1243,325.2,1,1,2014-08-07,0501,Aqua,MODIS,65,6.2,302.2,12.9,D,0
-11.6238,131.1257,321.5,1,1,2014-08-07,0501,Aqua,MODIS,66,6.2,303.1,10.2,D,0
-11.5784,131.3098,338.2,1,1,2014-08-07,0501,Aqua,MODIS,87,6.2,304.2,31.1,D,0
-11.5798,131.3004,350.1,1,1,2014-08-07,0501,Aqua,MODIS,95,6.2,306.3,53.5,D,0
-11.4921,132.8619,321.5,1.2,1.1,2014-08-07,0501,Aqua,MODIS,57,6.2,302.6,10.1,D,0
-12.688,131.211,327.5,1,1,2014-08-07,0501,Aqua,MODIS,54,6.2,308,12.1,D,0
-11.7898,130.4253,318.4,1,1,2014-08-07,0501,Aqua,MODIS,45,6.2,303.3,5.8,D,0
-13.0588,130.3003,331.5,1,1,2014-08-07,0501,Aqua,MODIS,68,6.2,307.2,19.8,D,0
-11.6414,130.2418,321.8,1,1,2014-08-07,0501,Aqua,MODIS,48,6.2,302.1,9.6,D,0
-13.0714,130.4053,328.5,1,1,2014-08-07,0501,Aqua,MODIS,56,6.2,309,11.8,D,0
-12.3504,132.6751,342.5,1.1,1.1,2014-08-07,0501,Aqua,MODIS,90,6.2,305.3,42.8,D,0
-13.0817,130.3975,332.6,1,1,2014-08-07,0501,Aqua,MODIS,69,6.2,306.3,16.4,D,0
-12.9603,130.1514,332,1,1,2014-08-07,0501,Aqua,MODIS,77,6.2,307.6,19.5,D,0
-11.8073,130.046,318,1,1,2014-08-07,0501,Aqua,MODIS,0,6.2,303.7,7.1,D,0
-11.766,130.2075,317.1,1,1,2014-08-07,0501,Aqua,MODIS,51,6.2,303.4,6.3,D,0
-11.6401,130.2509,320.3,1,1,2014-08-07,0501,Aqua,MODIS,39,6.2,303.1,7.9,D,0
-11.7653,130.4682,326.1,1,1,2014-08-07,0501,Aqua,MODIS,64,6.2,304.3,12.2,D,0
-11.8141,130.5091,317.4,1,1,2014-08-07,0501,Aqua,MODIS,33,6.2,301.5,4.6,D,0
-11.7806,130.4891,326.3,1,1,2014-08-07,0501,Aqua,MODIS,72,6.2,303.7,12.8,D,0
-11.7857,130.5179,317.4,1,1,2014-08-07,0501,Aqua,MODIS,50,6.2,303.3,5.4,D,0
-11.4196,130.5687,316.1,1,1,2014-08-07,0501,Aqua,MODIS,23,6.2,296.9,7.1,D,0
-25.8089,120.5777,343.4,4.6,2,2014-08-07,0635,Aqua,MODIS,91,6.2,302.2,391.9,D,0
-25.8007,120.6193,326,4.6,2,2014-08-07,0635,Aqua,MODIS,77,6.2,300.8,164.3,D,0
-25.811,120.574,338.8,4.6,2,2014-08-07,0635,Aqua,MODIS,88,6.2,302,321.4,D,0
-25.7983,120.6229,320.1,4.6,2,2014-08-07,0635,Aqua,MODIS,69,6.2,300.7,108.3,D,0
-22.2186,115.4856,320.4,2.4,1.5,2014-08-07,0637,Aqua,MODIS,59,6.2,307.1,25.2,D,0
-20.8898,118.4143,322.4,4.2,1.9,2014-08-07,0637,Aqua,MODIS,70,6.2,304.9,94.3,D,0
-20.8994,118.3794,314.9,4.2,1.9,2014-08-07,0637,Aqua,MODIS,14,6.2,303.3,33.2,D,0
-20.8908,118.4192,321.1,4.2,1.9,2014-08-07,0637,Aqua,MODIS,67,6.2,304.7,79.2,D,0
-33.723,150.3553,322.6,1.1,1,2014-08-07,1241,Terra,MODIS,100,6.2,276.8,28.8,N,0
-31.9949,146.7192,308.4,1.6,1.2,2014-08-07,1242,Terra,MODIS,74,6.2,276.9,26.8,N,0
-28.8857,149.6068,301.9,1.1,1,2014-08-07,1243,Terra,MODIS,45,6.2,279.3,9.5,N,0
-27.9472,151.0472,335.5,1,1,2014-08-07,1243,Terra,MODIS,100,6.2,288.9,38.5,N,0
-27.9486,151.0371,330.3,1,1,2014-08-07,1243,Terra,MODIS,100,6.2,287.8,31.3,N,0
-27.9544,150.9965,305.6,1,1,2014-08-07,1243,Terra,MODIS,45,6.2,279.9,10.1,N,0
-27.938,151.0496,308.9,1,1,2014-08-07,1243,Terra,MODIS,76,6.2,284.2,12.9,N,0
-27.9395,151.0395,324.8,1,1,2014-08-07,1243,Terra,MODIS,100,6.2,287.1,26.6,N,0
-27.9409,151.0293,322.6,1,1,2014-08-07,1243,Terra,MODIS,100,6.2,285.3,23.5,N,0
-27.9652,151.0506,314,1,1,2014-08-07,1243,Terra,MODIS,81,6.2,285.2,15.7,N,0
-27.9666,151.0404,317,1,1,2014-08-07,1243,Terra,MODIS,93,6.2,283.6,18,N,0
-27.9562,151.0489,334.4,1,1,2014-08-07,1243,Terra,MODIS,100,6.2,287.4,36.8,N,0
-27.9576,151.0388,314.7,1,1,2014-08-07,1243,Terra,MODIS,38,6.2,283.7,14.4,N,0
-27.9634,150.9982,320.5,1,1,2014-08-07,1243,Terra,MODIS,100,6.2,282.6,21.8,N,0
-24.8575,147.0182,309.4,1.3,1.1,2014-08-07,1244,Terra,MODIS,65,6.2,280.3,16.8,N,0
-24.8676,147.0198,307.6,1.3,1.1,2014-08-07,1244,Terra,MODIS,53,6.2,282.8,15,N,0
-21.4664,148.3846,300.8,1,1,2014-08-07,1245,Terra,MODIS,34,6.2,284.2,7.1,N,0
-16.1271,144.603,309,1.4,1.2,2014-08-07,1246,Terra,MODIS,76,6.2,287.8,15.9,N,0
-14.7492,142.0652,303.5,2,1.4,2014-08-07,1247,Terra,MODIS,55,6.2,291.7,11.9,N,0
-14.7513,142.047,307,2,1.4,2014-08-07,1247,Terra,MODIS,70,6.2,291.9,17.6,N,0
-14.156,143.5636,309.9,1.5,1.2,2014-08-07,1247,Terra,MODIS,79,6.2,289.6,16.6,N,0
-14.1965,143.6168,300.4,1.5,1.2,2014-08-07,1247,Terra,MODIS,23,6.2,289.4,6.5,N,0
-19.6346,126.2599,319.8,1.1,1,2014-08-07,1424,Terra,MODIS,81,6.2,287.2,20.7,N,0
-19.5894,126.2673,300.7,1.1,1,2014-08-07,1424,Terra,MODIS,32,6.2,285.8,7.3,N,0
-19.6205,126.2516,323.5,1.1,1,2014-08-07,1424,Terra,MODIS,100,6.2,286.7,26.3,N,0
-19.619,126.2619,304.4,1.1,1,2014-08-07,1424,Terra,MODIS,60,6.2,285.9,8.8,N,0
-19.6299,126.2533,331.4,1.1,1,2014-08-07,1424,Terra,MODIS,100,6.2,288.2,36.7,N,0
-19.6283,126.2636,301.9,1.1,1,2014-08-07,1424,Terra,MODIS,35,6.2,286.6,7.1,N,0
-19.6362,126.2496,327.5,1.1,1,2014-08-07,1424,Terra,MODIS,100,6.2,287.5,30.9,N,0
-19.6378,126.2393,308.1,1.1,1,2014-08-07,1424,Terra,MODIS,73,6.2,286.5,11.9,N,0
-19.6394,126.2291,314.7,1.1,1,2014-08-07,1424,Terra,MODIS,90,6.2,286.3,17.5,N,0
-17.3553,123.1022,335.2,1,1,2014-08-07,1425,Terra,MODIS,100,6.2,290.7,38.4,N,0
-17.285,122.5486,320.2,1,1,2014-08-07,1425,Terra,MODIS,100,6.2,287.9,21.8,N,0
-17.2863,122.5389,319.1,1,1,2014-08-07,1425,Terra,MODIS,98,6.2,288.4,20.6,N,0
-17.3205,123.0911,325.4,1,1,2014-08-07,1425,Terra,MODIS,100,6.2,288.6,25.6,N,0
-17.3566,123.0927,319.1,1,1,2014-08-07,1425,Terra,MODIS,98,6.2,288.1,18.7,N,0
-17.7893,123.5485,307.1,1,1,2014-08-07,1425,Terra,MODIS,70,6.2,287,9.6,N,0
-17.1264,122.5026,302,1,1,2014-08-07,1425,Terra,MODIS,46,6.2,288.1,6.9,N,0
-16.4961,123.7868,301.9,1,1,2014-08-07,1425,Terra,MODIS,45,6.2,288.1,5.9,N,0
-11.8092,133.4314,319.7,4.6,2,2014-08-07,1426,Terra,MODIS,99,6.2,290.1,141.8,N,0
-11.81,133.4268,319.1,4.6,2,2014-08-07,1426,Terra,MODIS,71,6.2,290.1,131.3,N,0
-12.3639,142.0191,300.4,1.2,1.1,2014-08-07,1550,Aqua,MODIS,27,6.2,287.4,5.3,N,0
-16.1216,144.5996,301.4,1,1,2014-08-07,1551,Aqua,MODIS,41,6.2,286.3,6.2,N,0
-16.1349,144.6306,300.3,1,1,2014-08-07,1551,Aqua,MODIS,23,6.2,286.2,5.9,N,0
-16.123,144.6091,301.7,1,1,2014-08-07,1551,Aqua,MODIS,43,6.2,286.1,6.5,N,0
-16.1243,144.6186,302.1,1,1,2014-08-07,1551,Aqua,MODIS,15,6.2,286,6.2,N,0
-15.5724,145.212,303.1,1.1,1,2014-08-07,1551,Aqua,MODIS,53,6.2,290.5,5.7,N,0
-14.7388,142.0637,306.4,1.1,1,2014-08-07,1551,Aqua,MODIS,68,6.2,291.7,7.3,N,0
-14.1581,143.5618,300.3,1,1,2014-08-07,1551,Aqua,MODIS,17,6.2,289.4,3.7,N,0
-14.1684,143.5697,302.1,1,1,2014-08-07,1551,Aqua,MODIS,47,6.2,289.4,4.9,N,0
-14.1594,143.571,311.2,1,1,2014-08-07,1551,Aqua,MODIS,82,6.2,290,10.6,N,0
-14.5964,142.8044,302,1,1,2014-08-07,1551,Aqua,MODIS,46,6.2,289.6,5.2,N,0
-14.1491,143.5632,317.4,1,1,2014-08-07,1551,Aqua,MODIS,95,6.2,290.1,15.6,N,0
-14.1504,143.5724,311.6,1,1,2014-08-07,1551,Aqua,MODIS,83,6.2,289.7,10.9,N,0
-14.8288,141.6133,307.6,1.1,1.1,2014-08-07,1551,Aqua,MODIS,72,6.2,290.2,10.1,N,0
-17.9737,138.7574,303.3,1.5,1.2,2014-08-07,1552,Aqua,MODIS,32,6.2,291.5,8.5,N,0
-17.9783,138.7854,306.5,1.5,1.2,2014-08-07,1552,Aqua,MODIS,68,6.2,291.5,11.9,N,0
-17.9807,138.7993,306.7,1.5,1.2,2014-08-07,1552,Aqua,MODIS,69,6.2,291.8,12.4,N,0
-20.7291,139.4848,310.2,1.2,1.1,2014-08-07,1553,Aqua,MODIS,79,6.2,287.1,15.1,N,2
-20.7272,139.4733,301.5,1.2,1.1,2014-08-07,1553,Aqua,MODIS,42,6.2,287.3,7.7,N,0
-16.4964,123.7846,303.1,1.7,1.3,2014-08-07,1730,Aqua,MODIS,53,6.2,287.1,13.6,N,0
-17.8421,123.5997,300.2,1.7,1.3,2014-08-07,1730,Aqua,MODIS,22,6.2,285.4,12.5,N,0
-16.4953,123.7933,305.3,1.7,1.3,2014-08-07,1730,Aqua,MODIS,64,6.2,287.6,17.3,N,0
-19.6196,126.2566,303.1,2.8,1.6,2014-08-07,1731,Aqua,MODIS,53,6.2,285.5,36,N,0
-28.1651,151.1125,304,2,1.4,2014-08-07,2341,Terra,MODIS,42,6.2,292.8,13.3,D,0
-11.5329,133.0197,331.7,1.4,1.2,2014-08-08,0115,Terra,MODIS,84,6.2,300.1,37.6,D,0
-11.5496,133.0566,337.6,1.4,1.2,2014-08-08,0115,Terra,MODIS,67,6.2,299.6,51.7,D,0
-11.5077,132.9972,366.1,1.4,1.2,2014-08-08,0115,Terra,MODIS,100,6.2,302.2,158.9,D,0
-11.5371,133.0123,329.9,1.4,1.2,2014-08-08,0115,Terra,MODIS,68,6.2,299.9,33.2,D,0
-11.5435,133.0509,328.2,1.4,1.2,2014-08-08,0115,Terra,MODIS,42,6.2,299.2,26.6,D,0
-11.5604,133.0218,318.5,1.4,1.2,2014-08-08,0115,Terra,MODIS,29,6.2,299.5,13.5,D,0
-11.6513,133.0797,325.7,1.4,1.2,2014-08-08,0115,Terra,MODIS,48,6.2,300,24,D,0
-11.5625,133.0347,324.8,1.4,1.2,2014-08-08,0115,Terra,MODIS,71,6.2,299.7,23,D,0
-11.4482,132.8994,325.1,1.5,1.2,2014-08-08,0115,Terra,MODIS,78,6.2,300.5,27.6,D,0
-11.4395,132.8465,314.6,1.5,1.2,2014-08-08,0115,Terra,MODIS,49,6.2,298.3,9.6,D,0
-11.5082,132.7944,317,1.5,1.2,2014-08-08,0115,Terra,MODIS,59,6.2,300.1,10.8,D,0
-11.5368,132.8104,325.9,1.5,1.2,2014-08-08,0115,Terra,MODIS,77,6.2,300.2,27.3,D,0
-11.5024,132.8023,317.7,1.5,1.2,2014-08-08,0115,Terra,MODIS,54,6.2,301.8,11.8,D,0
-11.4002,132.4003,316.6,1.6,1.2,2014-08-08,0115,Terra,MODIS,34,6.2,302,10.3,D,0
-11.6387,133.0687,323.2,1.4,1.2,2014-08-08,0115,Terra,MODIS,43,6.2,300.7,20.2,D,0
-11.6444,133.0739,328.6,1.4,1.2,2014-08-08,0115,Terra,MODIS,35,6.2,300.4,27.8,D,0
-11.446,132.8862,341.2,1.5,1.2,2014-08-08,0115,Terra,MODIS,91,6.2,300.6,66.7,D,0
-11.4886,133.0137,323.5,1.4,1.2,2014-08-08,0115,Terra,MODIS,14,6.2,299,20.5,D,0
-11.4439,132.873,315.7,1.5,1.2,2014-08-08,0115,Terra,MODIS,64,6.2,298.5,12.1,D,0
-11.4971,132.9989,342,1.4,1.2,2014-08-08,0115,Terra,MODIS,91,6.2,300.5,63.9,D,0
-11.3678,132.9051,325.1,1.5,1.2,2014-08-08,0115,Terra,MODIS,0,6.2,300,23.5,D,0
-11.5346,132.7971,321,1.5,1.2,2014-08-08,0115,Terra,MODIS,70,6.2,300.2,17.9,D,0
-11.4417,132.8598,314.3,1.5,1.2,2014-08-08,0115,Terra,MODIS,61,6.2,298.4,10,D,0
-11.4419,132.9276,325.5,1.4,1.2,2014-08-08,0115,Terra,MODIS,68,6.2,299.3,26.6,D,0
-11.37,132.9183,316.5,1.5,1.2,2014-08-08,0115,Terra,MODIS,0,6.2,299.3,9.3,D,0
-11.5097,133.0102,346.9,1.4,1.2,2014-08-08,0115,Terra,MODIS,94,6.2,300.8,76.9,D,0
-11.5203,133.0084,343.2,1.4,1.2,2014-08-08,0115,Terra,MODIS,92,6.2,300.7,67.2,D,0
-11.5475,132.8087,316.7,1.5,1.2,2014-08-08,0115,Terra,MODIS,9,6.2,300.2,10.6,D,0
-11.4844,132.9877,327.9,1.4,1.2,2014-08-08,0115,Terra,MODIS,75,6.2,299.2,31.6,D,0
-12.2665,141.8325,335.2,1.7,1.3,2014-08-08,0115,Terra,MODIS,88,6.2,296.7,65.3,D,0
-12.2686,141.848,325.1,1.7,1.3,2014-08-08,0115,Terra,MODIS,81,6.2,295.8,36.2,D,0
-12.2633,141.8263,323.5,1.7,1.3,2014-08-08,0115,Terra,MODIS,80,6.2,296.1,32.9,D,0
-12.2652,141.8418,326.9,1.7,1.3,2014-08-08,0115,Terra,MODIS,83,6.2,296.4,40.8,D,0
-12.2767,141.8403,314.8,1.7,1.3,2014-08-08,0115,Terra,MODIS,31,6.2,296,13.7,D,0
-11.3693,132.4199,325.4,1.6,1.2,2014-08-08,0115,Terra,MODIS,79,6.2,301.1,28,D,0
-11.3803,132.4181,321.1,1.6,1.2,2014-08-08,0115,Terra,MODIS,66,6.2,301.6,18.6,D,0
-12.1006,141.8914,351.1,1.7,1.3,2014-08-08,0115,Terra,MODIS,96,6.2,293.8,129.4,D,0
-11.6492,133.067,319.8,1.4,1.2,2014-08-08,0115,Terra,MODIS,26,6.2,300.3,15.1,D,0
-12.1019,141.882,339.7,1.7,1.3,2014-08-08,0115,Terra,MODIS,90,6.2,294.2,80.1,D,0
-12.0986,141.8758,311.5,1.7,1.3,2014-08-08,0115,Terra,MODIS,37,6.2,294,9.5,D,0
-11.2827,131.3528,321.5,1.9,1.3,2014-08-08,0115,Terra,MODIS,40,6.2,298.5,28.4,D,0
-11.5925,132.815,323.5,1.5,1.2,2014-08-08,0115,Terra,MODIS,74,6.2,300.4,23.6,D,0
-11.6973,133.0983,321.4,1.4,1.2,2014-08-08,0115,Terra,MODIS,69,6.2,299.3,18.9,D,0
-11.6743,133.089,325.8,1.4,1.2,2014-08-08,0115,Terra,MODIS,56,6.2,300.3,24.7,D,0
-11.6764,133.1017,323.9,1.4,1.2,2014-08-08,0115,Terra,MODIS,61,6.2,299.9,21.5,D,0
-11.6638,133.0908,336.3,1.4,1.2,2014-08-08,0115,Terra,MODIS,73,6.2,301.2,45.4,D,0
-11.6869,133.1,337.1,1.4,1.2,2014-08-08,0115,Terra,MODIS,87,6.2,301.1,49.7,D,0
-12.1039,141.8976,337.7,1.7,1.3,2014-08-08,0115,Terra,MODIS,77,6.2,292,72.9,D,0
-10.9323,142.3879,317.2,1.8,1.3,2014-08-08,0115,Terra,MODIS,67,6.2,291,27.2,D,0
-12.6017,142.0565,324.9,1.8,1.3,2014-08-08,0115,Terra,MODIS,80,6.2,297.3,37.4,D,0
-12.0333,136.2093,323.3,1,1,2014-08-08,0115,Terra,MODIS,33,6.2,299.3,11.7,D,0
-10.9441,142.3863,319,1.8,1.3,2014-08-08,0115,Terra,MODIS,70,6.2,289.8,31,D,0
-12.0319,136.2001,333.9,1,1,2014-08-08,0115,Terra,MODIS,65,6.2,301,25.4,D,0
-11.873,133.3564,393.8,1.3,1.1,2014-08-08,0116,Terra,MODIS,100,6.2,309.2,320,D,0
-13.8886,141.4899,321.9,1.7,1.3,2014-08-08,0116,Terra,MODIS,58,6.2,302.1,27.3,D,0
-11.8346,133.5105,375.4,1.3,1.1,2014-08-08,0116,Terra,MODIS,87,6.2,306.6,183.4,D,0
-11.8956,133.5006,315.9,1.3,1.1,2014-08-08,0116,Terra,MODIS,15,6.2,300.6,9.1,D,0
-11.8797,133.3491,340,1.3,1.1,2014-08-08,0116,Terra,MODIS,89,6.2,302.2,53.2,D,0
-11.8646,133.3702,376.6,1.3,1.1,2014-08-08,0116,Terra,MODIS,100,6.2,306.1,197.7,D,0
-11.8856,133.3854,332.7,1.3,1.1,2014-08-08,0116,Terra,MODIS,46,6.2,303.6,30.3,D,0
-11.876,133.4425,336.2,1.3,1.1,2014-08-08,0116,Terra,MODIS,73,6.2,303.1,37.1,D,0
-11.8754,133.3871,327.2,1.3,1.1,2014-08-08,0116,Terra,MODIS,41,6.2,302.4,17.2,D,0
-11.8518,133.4219,338.5,1.3,1.1,2014-08-08,0116,Terra,MODIS,67,6.2,304.5,35.4,D,0
-11.9623,133.4715,348.7,1.3,1.1,2014-08-08,0116,Terra,MODIS,94,6.2,306,70.9,D,0
-11.7368,133.1439,318.2,1.4,1.2,2014-08-08,0116,Terra,MODIS,63,6.2,300,14.4,D,0
-12.119,134.4733,319.4,1.1,1.1,2014-08-08,0116,Terra,MODIS,65,6.2,302.2,9.9,D,0
-13.1986,130.8481,324.1,1.9,1.3,2014-08-08,0116,Terra,MODIS,39,6.2,302.8,30,D,0
-11.8338,133.3751,339.3,1.3,1.1,2014-08-08,0116,Terra,MODIS,88,6.2,303.6,50.8,D,0
-11.8089,133.4163,344.5,1.3,1.1,2014-08-08,0116,Terra,MODIS,92,6.2,303.4,60.5,D,0
-11.8537,133.4339,345.6,1.3,1.1,2014-08-08,0116,Terra,MODIS,92,6.2,304.9,54.3,D,0
-11.9828,133.6017,329.8,1.3,1.1,2014-08-08,0116,Terra,MODIS,79,6.2,304.7,26.2,D,0
-11.8143,133.2527,322,1.4,1.2,2014-08-08,0116,Terra,MODIS,70,6.2,301.5,18,D,0
-12.0002,133.4588,343.4,1.3,1.1,2014-08-08,0116,Terra,MODIS,91,6.2,304.9,54.2,D,0
-11.8627,133.3581,342.7,1.3,1.1,2014-08-08,0116,Terra,MODIS,91,6.2,301.6,59.1,D,0
-11.981,133.59,391.1,1.3,1.1,2014-08-08,0116,Terra,MODIS,100,6.2,311,280.7,D,0
-12.5135,132.7153,338.5,1.4,1.2,2014-08-08,0116,Terra,MODIS,88,6.2,305.6,52.7,D,0
-12.2629,131.1917,316,1.9,1.3,2014-08-08,0116,Terra,MODIS,36,6.2,299.6,15.6,D,0
-13.1956,130.8308,325.1,1.9,1.3,2014-08-08,0116,Terra,MODIS,70,6.2,303.8,36.1,D,0
-11.8269,133.4628,339.6,1.3,1.1,2014-08-08,0116,Terra,MODIS,78,6.2,302.8,41.4,D,0
-12.585,134.9406,326.7,1.1,1,2014-08-08,0116,Terra,MODIS,65,6.2,303.2,20.3,D,0
-11.9929,133.6,321.3,1.3,1.1,2014-08-08,0116,Terra,MODIS,63,6.2,304.5,13.4,D,0
-12.466,130.6566,317.4,2,1.4,2014-08-08,0116,Terra,MODIS,58,6.2,299.9,20.6,D,0
-12.0649,133.4177,335.5,1.3,1.1,2014-08-08,0116,Terra,MODIS,85,6.2,305.1,38.6,D,0
-12.0021,133.4707,329.5,1.3,1.1,2014-08-08,0116,Terra,MODIS,80,6.2,305.4,22.2,D,0
-11.8244,133.5121,351.7,1.3,1.1,2014-08-08,0116,Terra,MODIS,83,6.2,304.2,79.6,D,0
-11.8479,133.3977,348.8,1.3,1.1,2014-08-08,0116,Terra,MODIS,94,6.2,303.7,70.3,D,0
-11.8148,133.4524,338,1.3,1.1,2014-08-08,0116,Terra,MODIS,82,6.2,301.5,40,D,0
-13.2257,130.8607,328.4,1.9,1.3,2014-08-08,0116,Terra,MODIS,77,6.2,302.6,40.8,D,0
-11.8377,133.3993,331.9,1.3,1.1,2014-08-08,0116,Terra,MODIS,67,6.2,302.7,30.6,D,0
-11.846,133.3856,376.8,1.3,1.1,2014-08-08,0116,Terra,MODIS,100,6.2,307.2,197.1,D,0
-12.0333,133.4043,328.8,1.3,1.1,2014-08-08,0116,Terra,MODIS,79,6.2,303.6,24,D,0
-11.8358,133.3872,331.6,1.3,1.1,2014-08-08,0116,Terra,MODIS,66,6.2,302,30.9,D,0
-12.5097,132.7219,337.5,1.4,1.2,2014-08-08,0116,Terra,MODIS,87,6.2,305.5,49.4,D,0
-11.8447,133.5088,340.6,1.3,1.1,2014-08-08,0116,Terra,MODIS,67,6.2,303.2,46.3,D,0
-13.2042,130.836,321.9,1.9,1.3,2014-08-08,0116,Terra,MODIS,64,6.2,301.9,28.4,D,0
-11.7566,133.1599,322.5,1.4,1.2,2014-08-08,0116,Terra,MODIS,71,6.2,300.2,20.8,D,0
-13.1986,130.7762,331.1,1.9,1.4,2014-08-08,0116,Terra,MODIS,81,6.2,300.9,55.8,D,0
-13.2076,130.7815,328.6,1.9,1.4,2014-08-08,0116,Terra,MODIS,78,6.2,300.7,48.8,D,0
-11.7584,133.2809,324.9,1.4,1.2,2014-08-08,0116,Terra,MODIS,57,6.2,301.1,22.2,D,0
-12.6927,134.9175,330.8,1.1,1,2014-08-08,0116,Terra,MODIS,82,6.2,305.8,19,D,0
-11.974,133.4262,350.8,1.3,1.1,2014-08-08,0116,Terra,MODIS,95,6.2,305.8,77.4,D,0
-11.9604,133.4596,378.5,1.3,1.1,2014-08-08,0116,Terra,MODIS,100,6.2,307.9,203,D,0
-12.6943,134.9274,321,1.1,1,2014-08-08,0116,Terra,MODIS,52,6.2,305.7,5.8,D,0
-11.9751,133.4203,348.6,1.3,1.1,2014-08-08,0116,Terra,MODIS,94,6.2,304.9,74.9,D,0
-12.5157,132.7283,332.7,1.4,1.2,2014-08-08,0116,Terra,MODIS,83,6.2,305.9,37.3,D,0
-12.0677,133.4233,323.8,1.3,1.1,2014-08-08,0116,Terra,MODIS,57,6.2,304.4,14.8,D,0
-11.977,133.4323,348.6,1.3,1.1,2014-08-08,0116,Terra,MODIS,94,6.2,305.5,71.3,D,0
-11.8206,133.4883,322.3,1.3,1.1,2014-08-08,0116,Terra,MODIS,28,6.2,302.2,10.2,D,0
-12.0658,133.4114,348.1,1.3,1.1,2014-08-08,0116,Terra,MODIS,94,6.2,304.2,70.6,D,0
-11.7627,133.1973,321.5,1.4,1.2,2014-08-08,0116,Terra,MODIS,70,6.2,300.9,17.4,D,0
-11.969,133.5799,390.7,1.3,1.1,2014-08-08,0116,Terra,MODIS,100,6.2,310.2,280.1,D,0
-12.5076,132.7088,318,1.4,1.2,2014-08-08,0116,Terra,MODIS,34,6.2,304.1,10,D,0
-11.7586,133.1723,324.6,1.4,1.2,2014-08-08,0116,Terra,MODIS,74,6.2,300.5,22.8,D,0
-11.7546,133.1474,316,1.4,1.2,2014-08-08,0116,Terra,MODIS,48,6.2,299.5,10.1,D,0
-11.8817,133.3612,340.6,1.3,1.1,2014-08-08,0116,Terra,MODIS,89,6.2,303.7,53,D,0
-11.8275,133.401,345.6,1.3,1.1,2014-08-08,0116,Terra,MODIS,92,6.2,302,63.6,D,0
-16.1214,144.5951,319.8,3.2,1.7,2014-08-08,0116,Terra,MODIS,72,6.2,296.1,68.4,D,0
-15.0431,141.681,319.4,1.8,1.3,2014-08-08,0116,Terra,MODIS,54,6.2,304.3,19.8,D,0
-11.862,133.4201,332.7,1.3,1.1,2014-08-08,0116,Terra,MODIS,13,6.2,304.1,25,D,0
-11.7645,133.2733,326.9,1.4,1.2,2014-08-08,0116,Terra,MODIS,37,6.2,300.4,24.1,D,0
-11.9122,133.613,319.1,1.3,1.1,2014-08-08,0116,Terra,MODIS,59,6.2,301.7,12.3,D,0
-11.8192,133.4147,362.9,1.3,1.1,2014-08-08,0116,Terra,MODIS,100,6.2,304.4,121.6,D,0
-11.7629,133.2421,322.5,1.4,1.2,2014-08-08,0116,Terra,MODIS,63,6.2,299.9,17.9,D,0
-11.8294,133.413,380.4,1.3,1.1,2014-08-08,0116,Terra,MODIS,100,6.2,306.1,214.2,D,0
-11.8167,133.4644,340.3,1.3,1.1,2014-08-08,0116,Terra,MODIS,89,6.2,301.9,43.1,D,0
-11.9585,133.4476,336.7,1.3,1.1,2014-08-08,0116,Terra,MODIS,86,6.2,302.6,42.2,D,0
-11.8695,133.3508,355.3,1.3,1.1,2014-08-08,0116,Terra,MODIS,97,6.2,303.6,100,D,0
-11.7604,133.2932,321.5,1.4,1.2,2014-08-08,0116,Terra,MODIS,41,6.2,300.2,17.1,D,0
-11.9861,133.4365,329.1,1.3,1.1,2014-08-08,0116,Terra,MODIS,75,6.2,304.7,21.2,D,0
-11.8065,133.466,337.5,1.3,1.1,2014-08-08,0116,Terra,MODIS,75,6.2,303,37.3,D,0
-12.2917,133.3561,320.2,1.3,1.1,2014-08-08,0116,Terra,MODIS,61,6.2,304.4,11,D,0
-16.1246,144.6245,319.8,3.2,1.7,2014-08-08,0116,Terra,MODIS,71,6.2,297.2,68.8,D,0
-11.9808,133.4563,324.5,1.3,1.1,2014-08-08,0116,Terra,MODIS,31,6.2,304.3,13.2,D,0
-11.8787,133.3927,337.2,1.3,1.1,2014-08-08,0116,Terra,MODIS,73,6.2,302.5,36.6,D,0
-11.9791,133.5782,419.4,1.3,1.1,2014-08-08,0116,Terra,MODIS,100,6.2,313.6,554.1,D,0
-13.2219,130.8682,333.7,1.9,1.3,2014-08-08,0116,Terra,MODIS,83,6.2,303.8,57.5,D,0
-13.1926,130.8133,324.6,1.9,1.4,2014-08-08,0116,Terra,MODIS,54,6.2,302.7,34.4,D,0
-11.8582,133.3961,334.6,1.3,1.1,2014-08-08,0116,Terra,MODIS,61,6.2,301.3,30.7,D,0
-11.8749,133.3685,382.5,1.3,1.1,2014-08-08,0116,Terra,MODIS,100,6.2,308.2,235.9,D,0
-11.823,133.4388,331.7,1.3,1.1,2014-08-08,0116,Terra,MODIS,59,6.2,302.1,19.2,D,0
-12.0629,133.4057,333.6,1.3,1.1,2014-08-08,0116,Terra,MODIS,83,6.2,303.2,34.5,D,0
-12.0435,133.4026,323,1.3,1.1,2014-08-08,0116,Terra,MODIS,59,6.2,304.7,14.6,D,0
-11.8225,133.5003,334.3,1.3,1.1,2014-08-08,0116,Terra,MODIS,84,6.2,301.9,32.3,D,0
-11.8327,133.4987,360.5,1.3,1.1,2014-08-08,0116,Terra,MODIS,100,6.2,304.2,111.2,D,0
-11.7707,133.2915,325.8,1.4,1.2,2014-08-08,0116,Terra,MODIS,34,6.2,298.7,22.1,D,0
-11.8172,133.4026,360.7,1.3,1.1,2014-08-08,0116,Terra,MODIS,100,6.2,304.3,116.9,D,0
-16.1221,144.6194,328.1,3.2,1.7,2014-08-08,0116,Terra,MODIS,63,6.2,297.3,109.7,D,0
-12.7956,134.2727,323.4,1.2,1.1,2014-08-08,0116,Terra,MODIS,73,6.2,303.2,15.6,D,0
-11.8313,133.4251,347,1.3,1.1,2014-08-08,0116,Terra,MODIS,93,6.2,303.7,61.4,D,0
-11.805,133.3922,315.8,1.3,1.1,2014-08-08,0116,Terra,MODIS,47,6.2,299.9,8.1,D,0
-11.8006,133.43,366.7,1.3,1.1,2014-08-08,0116,Terra,MODIS,94,6.2,304.5,143.3,D,0
-11.8715,133.363,397,1.3,1.1,2014-08-08,0116,Terra,MODIS,100,6.2,312.2,344,D,0
-11.8535,133.6284,323.3,1.3,1.1,2014-08-08,0116,Terra,MODIS,58,6.2,302.9,15.9,D,0
-11.825,133.4508,360.9,1.3,1.1,2014-08-08,0116,Terra,MODIS,100,6.2,304.2,110.6,D,0
-11.8707,133.5412,329.6,1.3,1.1,2014-08-08,0116,Terra,MODIS,68,6.2,303.4,26.7,D,0
-11.807,133.4043,327.6,1.3,1.1,2014-08-08,0116,Terra,MODIS,78,6.2,301.1,25.7,D,0
-11.8428,133.497,343.6,1.3,1.1,2014-08-08,0116,Terra,MODIS,86,6.2,302.6,55.4,D,0
-11.8142,133.5137,334,1.3,1.1,2014-08-08,0116,Terra,MODIS,64,6.2,303.9,27.9,D,0
-13.2013,130.8187,325.6,1.9,1.4,2014-08-08,0116,Terra,MODIS,71,6.2,301,38.2,D,0
-11.9789,133.4443,341,1.3,1.1,2014-08-08,0116,Terra,MODIS,89,6.2,304.3,49,D,0
-11.8575,133.4579,363.2,1.3,1.1,2014-08-08,0116,Terra,MODIS,100,6.2,304.8,121.6,D,0
-11.7688,133.2792,342.1,1.4,1.2,2014-08-08,0116,Terra,MODIS,90,6.2,301.2,58.6,D,0
-12.4692,130.675,327.7,2,1.4,2014-08-08,0116,Terra,MODIS,78,6.2,301.5,49,D,0
-11.8805,133.2232,322.2,1.4,1.2,2014-08-08,0116,Terra,MODIS,44,6.2,303.4,14.7,D,0
-11.8837,133.3733,333.9,1.3,1.1,2014-08-08,0116,Terra,MODIS,47,6.2,304,33.6,D,0
-11.972,133.4141,338.4,1.3,1.1,2014-08-08,0116,Terra,MODIS,87,6.2,303.2,45.7,D,0
-12.2557,131.1871,315.3,1.9,1.3,2014-08-08,0116,Terra,MODIS,29,6.2,300.6,14.6,D,0
-11.8949,133.5068,320,1.3,1.1,2014-08-08,0116,Terra,MODIS,53,6.2,301.3,14.1,D,0
-13.8906,141.5055,317.8,1.7,1.3,2014-08-08,0116,Terra,MODIS,54,6.2,299.6,18.9,D,0
-11.9672,133.5681,358.1,1.3,1.1,2014-08-08,0116,Terra,MODIS,99,6.2,303.8,106.1,D,0
-11.8478,133.5932,314.8,1.3,1.1,2014-08-08,0116,Terra,MODIS,23,6.2,301.1,5.6,D,0
-11.9759,133.4382,333,1.3,1.1,2014-08-08,0116,Terra,MODIS,83,6.2,303.5,29.1,D,0
-11.7909,133.4874,325.8,1.3,1.1,2014-08-08,0116,Terra,MODIS,0,6.2,302.6,14.9,D,0
-11.8594,133.4698,353.1,1.3,1.1,2014-08-08,0116,Terra,MODIS,96,6.2,304.3,84.6,D,0
-11.8711,133.3442,328.5,1.3,1.1,2014-08-08,0116,Terra,MODIS,79,6.2,301.1,29.3,D,0
-11.7607,133.1848,332.2,1.4,1.2,2014-08-08,0116,Terra,MODIS,83,6.2,301,37.8,D,0
-11.8352,133.4492,344.6,1.3,1.1,2014-08-08,0116,Terra,MODIS,92,6.2,303.6,55.9,D,0
-11.7665,133.2856,340.7,1.4,1.2,2014-08-08,0116,Terra,MODIS,89,6.2,301.5,55.3,D,0
-11.9709,133.5917,344.1,1.3,1.1,2014-08-08,0116,Terra,MODIS,91,6.2,303.6,58.3,D,0
-11.9773,133.5665,376.2,1.3,1.1,2014-08-08,0116,Terra,MODIS,100,6.2,304.1,189.1,D,0
-11.8109,133.4284,336.6,1.3,1.1,2014-08-08,0116,Terra,MODIS,62,6.2,302.9,38.6,D,0
-11.8441,133.3735,379.7,1.3,1.1,2014-08-08,0116,Terra,MODIS,100,6.2,304.7,217.9,D,0
-12.1953,133.5244,328.1,1.3,1.1,2014-08-08,0116,Terra,MODIS,78,6.2,304.8,23.4,D,0
-12.1859,133.2048,319.8,1.4,1.2,2014-08-08,0116,Terra,MODIS,58,6.2,305.6,10.1,D,0
-13.2225,130.9142,319.7,1.9,1.3,2014-08-08,0116,Terra,MODIS,27,6.2,303.7,16.7,D,0
-11.846,133.5815,323.1,1.3,1.1,2014-08-08,0116,Terra,MODIS,71,6.2,303.6,18,D,0
-11.991,133.5882,321.2,1.3,1.1,2014-08-08,0116,Terra,MODIS,57,6.2,302.5,13.1,D,0
-11.8308,133.4867,331,1.3,1.1,2014-08-08,0116,Terra,MODIS,62,6.2,302.8,25.5,D,0
-11.8123,133.5018,360.7,1.3,1.1,2014-08-08,0116,Terra,MODIS,100,6.2,305.8,109.3,D,0
-11.9779,133.4501,332.5,1.3,1.1,2014-08-08,0116,Terra,MODIS,83,6.2,304.6,27.5,D,0
-11.8734,133.375,356,1.3,1.1,2014-08-08,0116,Terra,MODIS,98,6.2,306.1,94.5,D,0
-12.5003,130.7075,315.2,2,1.4,2014-08-08,0116,Terra,MODIS,39,6.2,300.8,13.6,D,0
-15.1136,142.0195,314.4,1.9,1.4,2014-08-08,0116,Terra,MODIS,39,6.2,301.8,10.8,D,0
-15.2985,134.2986,320.6,1.1,1,2014-08-08,0116,Terra,MODIS,37,6.2,304.3,8.8,D,0
-14.7373,142.0604,318.4,1.9,1.4,2014-08-08,0116,Terra,MODIS,55,6.2,302.2,21.9,D,0
-15.425,134.2344,323.7,1.1,1,2014-08-08,0116,Terra,MODIS,71,6.2,304.6,12.8,D,0
-15.8147,137.0751,314.9,1,1,2014-08-08,0116,Terra,MODIS,37,6.2,299.1,7.7,D,0
-15.3078,134.2971,321.4,1.1,1,2014-08-08,0116,Terra,MODIS,32,6.2,304.4,9.2,D,0
-14.4553,133.1145,318.4,1.3,1.1,2014-08-08,0116,Terra,MODIS,53,6.2,302.6,9.3,D,0
-15.4202,134.2418,321.8,1.1,1,2014-08-08,0116,Terra,MODIS,52,6.2,304.1,9.6,D,0
-15.4186,134.2317,326.7,1.1,1,2014-08-08,0116,Terra,MODIS,75,6.2,305.6,15.1,D,0
-15.4109,134.2433,325.6,1.1,1,2014-08-08,0116,Terra,MODIS,68,6.2,304.7,13.8,D,0
-14.5945,142.8069,318.5,2.2,1.4,2014-08-08,0116,Terra,MODIS,64,6.2,299.1,30,D,0
-13.1092,141.8936,316.4,1.8,1.3,2014-08-08,0116,Terra,MODIS,71,6.2,296.4,20.2,D,0
-13.1183,141.9032,318.2,1.8,1.3,2014-08-08,0116,Terra,MODIS,73,6.2,296.7,25,D,0
-14.4184,133.1389,323.3,1.3,1.1,2014-08-08,0116,Terra,MODIS,70,6.2,303.3,14.6,D,0
-14.419,133.1447,319.5,1.3,1.1,2014-08-08,0116,Terra,MODIS,41,6.2,303.1,10.7,D,0
-14.4653,133.1128,318.7,1.3,1.1,2014-08-08,0116,Terra,MODIS,61,6.2,303.5,9.7,D,0
-14.5929,142.8004,317.7,2.2,1.4,2014-08-08,0116,Terra,MODIS,61,6.2,299.4,28.1,D,0
-14.6058,142.7988,314.7,2.2,1.4,2014-08-08,0116,Terra,MODIS,23,6.2,300.7,18.4,D,0
-15.4327,134.2227,338.9,1.1,1,2014-08-08,0116,Terra,MODIS,88,6.2,305.1,35.5,D,0
-12.5117,132.735,323.7,1.4,1.2,2014-08-08,0116,Terra,MODIS,69,6.2,304.2,17,D,0
-12.5221,132.8,320.2,1.4,1.2,2014-08-08,0116,Terra,MODIS,42,6.2,304,9.1,D,0
-11.5539,130.7832,317.1,2.1,1.4,2014-08-08,0116,Terra,MODIS,38,6.2,298.4,24,D,0
-11.6802,130.9081,316.1,2,1.4,2014-08-08,0116,Terra,MODIS,37,6.2,299,18.5,D,0
-11.576,130.8369,314.6,2,1.4,2014-08-08,0116,Terra,MODIS,30,6.2,298.5,16.2,D,0
-11.6771,130.8899,320.8,2,1.4,2014-08-08,0116,Terra,MODIS,70,6.2,300.6,29.7,D,0
-14.3761,129.5402,313,2.3,1.5,2014-08-08,0116,Terra,MODIS,24,6.2,299.2,16.5,D,0
-14.3138,129.5575,318.8,2.3,1.5,2014-08-08,0116,Terra,MODIS,66,6.2,299,30,D,0
-14.3723,129.5193,316.5,2.3,1.5,2014-08-08,0116,Terra,MODIS,59,6.2,299.9,26.4,D,0
-14.3101,129.5367,331.2,2.3,1.5,2014-08-08,0116,Terra,MODIS,82,6.2,299.5,76.4,D,0
-14.3754,129.5248,324.3,2.3,1.5,2014-08-08,0116,Terra,MODIS,75,6.2,299.8,48.9,D,0
-13.3302,132.3016,320.6,1.5,1.2,2014-08-08,0116,Terra,MODIS,65,6.2,305.7,10.2,D,0
-13.2673,131.8481,328.5,1.6,1.2,2014-08-08,0116,Terra,MODIS,78,6.2,306.9,30.2,D,0
-13.2761,131.8316,392.9,1.6,1.2,2014-08-08,0116,Terra,MODIS,100,6.2,306.4,404.9,D,0
-13.2785,131.8463,450,1.6,1.2,2014-08-08,0116,Terra,MODIS,100,6.2,322.9,1397.9,D,0
-13.2809,131.8609,381.8,1.6,1.2,2014-08-08,0116,Terra,MODIS,100,6.2,311.8,294.9,D,0
-13.278,131.8404,426.3,1.6,1.2,2014-08-08,0116,Terra,MODIS,100,6.2,319,877.4,D,0
-13.2805,131.855,399,1.6,1.2,2014-08-08,0116,Terra,MODIS,100,6.2,317.2,467.2,D,0
-13.2897,131.8443,338.9,1.6,1.2,2014-08-08,0116,Terra,MODIS,88,6.2,304.8,60.1,D,0
-13.2921,131.8592,355.5,1.6,1.2,2014-08-08,0116,Terra,MODIS,97,6.2,306.4,124.1,D,0
-13.2892,131.8383,318.3,1.6,1.2,2014-08-08,0116,Terra,MODIS,46,6.2,303.6,11.1,D,0
-13.2917,131.8532,354.1,1.6,1.2,2014-08-08,0116,Terra,MODIS,97,6.2,306.1,118.6,D,0
-14.8171,141.6201,323.3,1.8,1.3,2014-08-08,0116,Terra,MODIS,70,6.2,305,25.4,D,0
-14.8289,141.6186,334.3,1.8,1.3,2014-08-08,0116,Terra,MODIS,86,6.2,304.6,55.8,D,0
-13.283,131.8695,327.8,1.6,1.2,2014-08-08,0116,Terra,MODIS,77,6.2,306.5,26.6,D,0
-13.2944,131.8736,327.2,1.6,1.2,2014-08-08,0116,Terra,MODIS,76,6.2,305.4,25.5,D,0
-13.3031,130.953,325.4,1.9,1.3,2014-08-08,0116,Terra,MODIS,70,6.2,303.7,31.3,D,0
-13.7477,131.8985,322.3,1.6,1.2,2014-08-08,0116,Terra,MODIS,70,6.2,304.8,15.1,D,0
-13.75,131.9128,326.8,1.6,1.2,2014-08-08,0116,Terra,MODIS,76,6.2,304.5,25,D,0
-13.7504,131.906,327.3,1.6,1.2,2014-08-08,0116,Terra,MODIS,77,6.2,304.6,26,D,0
-11.9084,133.0643,327.1,1.4,1.2,2014-08-08,0116,Terra,MODIS,77,6.2,303.5,25.2,D,0
-11.9105,133.0771,326.5,1.4,1.2,2014-08-08,0116,Terra,MODIS,76,6.2,303.9,23.8,D,0
-11.9124,133.0896,326.5,1.4,1.2,2014-08-08,0116,Terra,MODIS,77,6.2,303.3,24.5,D,0
-11.7465,132.7632,324.4,1.5,1.2,2014-08-08,0116,Terra,MODIS,65,6.2,303.4,18.6,D,0
-11.7443,132.7498,334.5,1.5,1.2,2014-08-08,0116,Terra,MODIS,85,6.2,303.6,43.5,D,0
-11.7422,132.7364,323.2,1.5,1.2,2014-08-08,0116,Terra,MODIS,56,6.2,302.2,19.7,D,0
-11.9938,132.9193,339.1,1.4,1.2,2014-08-08,0116,Terra,MODIS,88,6.2,304.2,53.9,D,0
-11.9959,132.9322,336,1.4,1.2,2014-08-08,0116,Terra,MODIS,86,6.2,304.6,46.1,D,0
-12.3362,135.2253,318.2,1.1,1,2014-08-08,0116,Terra,MODIS,30,6.2,302.8,7.5,D,0
-12.3514,135.2169,316.6,1.1,1,2014-08-08,0116,Terra,MODIS,45,6.2,303,7.1,D,0
-13.5879,132.2537,320.1,1.5,1.2,2014-08-08,0116,Terra,MODIS,57,6.2,305.6,14.1,D,0
-13.2849,130.9908,323.8,1.9,1.3,2014-08-08,0116,Terra,MODIS,43,6.2,304.2,23.3,D,0
-13.2759,131.0097,323.3,1.8,1.3,2014-08-08,0116,Terra,MODIS,63,6.2,303.8,22.2,D,0
-13.273,130.9929,323.2,1.9,1.3,2014-08-08,0116,Terra,MODIS,63,6.2,305.2,22.1,D,0
-11.8543,132.9284,324,1.4,1.2,2014-08-08,0116,Terra,MODIS,69,6.2,302.5,20.6,D,0
-11.8564,132.9413,361.9,1.4,1.2,2014-08-08,0116,Terra,MODIS,100,6.2,306.7,137.7,D,0
-12.0096,133.0543,324.9,1.4,1.2,2014-08-08,0116,Terra,MODIS,66,6.2,302.6,20.6,D,0
-13.3112,130.9629,346.2,1.9,1.3,2014-08-08,0116,Terra,MODIS,92,6.2,303.9,113,D,0
-13.2676,130.8889,318.7,1.9,1.3,2014-08-08,0116,Terra,MODIS,46,6.2,303.6,14.3,D,0
-13.3141,130.9798,319.6,1.9,1.3,2014-08-08,0116,Terra,MODIS,62,6.2,302.7,20.4,D,0
-13.3059,130.9699,347.1,1.9,1.3,2014-08-08,0116,Terra,MODIS,93,6.2,304.5,113.1,D,0
-13.2941,131.8677,338.9,1.6,1.2,2014-08-08,0116,Terra,MODIS,88,6.2,305.7,58.1,D,0
-12.435,134.9159,316.8,1.1,1,2014-08-08,0116,Terra,MODIS,43,6.2,301.3,5.4,D,0
-11.9,133.0787,338.1,1.4,1.2,2014-08-08,0116,Terra,MODIS,87,6.2,303.7,51.2,D,0
-11.898,133.066,356.2,1.4,1.2,2014-08-08,0116,Terra,MODIS,98,6.2,304.9,110.1,D,0
-13.2797,130.8869,338.3,1.9,1.3,2014-08-08,0116,Terra,MODIS,87,6.2,303.6,77.1,D,0
-13.1431,130.3116,317.5,2.1,1.4,2014-08-08,0116,Terra,MODIS,39,6.2,298.6,24.8,D,0
-13.1464,130.3306,322.7,2.1,1.4,2014-08-08,0116,Terra,MODIS,59,6.2,299.4,37.5,D,0
-13.6672,130.3805,319.7,2,1.4,2014-08-08,0116,Terra,MODIS,37,6.2,301,27.3,D,0
-16.1174,135.558,319,1,1,2014-08-08,0117,Terra,MODIS,58,6.2,305.7,6.8,D,0
-16.1188,135.5672,325,1,1,2014-08-08,0117,Terra,MODIS,73,6.2,304.8,13,D,0
-17.9569,138.7065,348.6,1.3,1.1,2014-08-08,0117,Terra,MODIS,94,6.2,304.4,69.9,D,0
-17.9584,138.7184,382.6,1.3,1.1,2014-08-08,0117,Terra,MODIS,100,6.2,310.6,216.1,D,0
-17.96,138.7302,348.7,1.3,1.1,2014-08-08,0117,Terra,MODIS,94,6.2,308.1,69.3,D,0
-17.9615,138.7421,325.9,1.3,1.1,2014-08-08,0117,Terra,MODIS,76,6.2,305.9,18.5,D,0
-17.9684,138.717,320.4,1.3,1.1,2014-08-08,0117,Terra,MODIS,47,6.2,301.8,11.1,D,0
-17.604,138.7324,351.3,1.3,1.1,2014-08-08,0117,Terra,MODIS,95,6.2,306.6,75.5,D,0
-17.6055,138.7442,351.2,1.3,1.1,2014-08-08,0117,Terra,MODIS,95,6.2,306.7,75.1,D,0
-17.7414,138.773,324.3,1.3,1.1,2014-08-08,0117,Terra,MODIS,74,6.2,305.7,16.2,D,0
-17.9095,138.3482,317.4,1.2,1.1,2014-08-08,0117,Terra,MODIS,58,6.2,304.8,8.6,D,0
-17.6277,138.6815,345.3,1.2,1.1,2014-08-08,0117,Terra,MODIS,92,6.2,306.8,57.3,D,0
-17.6292,138.6931,324.6,1.2,1.1,2014-08-08,0117,Terra,MODIS,74,6.2,304.8,15.3,D,0
-17.6272,138.6756,333.3,1.2,1.1,2014-08-08,0117,Terra,MODIS,84,6.2,306.3,29.1,D,0
-17.6287,138.6873,332.4,1.2,1.1,2014-08-08,0117,Terra,MODIS,83,6.2,306.3,27.7,D,0
-18.0012,138.8096,320.7,1.3,1.1,2014-08-08,0117,Terra,MODIS,56,6.2,304.8,11.6,D,0
-17.9949,138.3764,323.9,1.2,1.1,2014-08-08,0117,Terra,MODIS,73,6.2,304.8,16.1,D,0
-18.087,138.3801,317.6,1.2,1.1,2014-08-08,0117,Terra,MODIS,46,6.2,304.6,7,D,0
-18.0885,138.3915,317.4,1.2,1.1,2014-08-08,0117,Terra,MODIS,38,6.2,303,6.9,D,0
-16.1757,136.2015,322.7,1,1,2014-08-08,0117,Terra,MODIS,70,6.2,305.9,9,D,0
-19.6276,126.2652,316.5,3.1,1.7,2014-08-08,0118,Terra,MODIS,67,6.2,298.7,41.4,D,0
-19.6255,126.2596,315.9,3.1,1.7,2014-08-08,0118,Terra,MODIS,66,6.2,298.8,36,D,0
-18.8504,121.8668,362.3,4.8,2,2014-08-08,0256,Terra,MODIS,100,6.2,311.3,805,D,0
-18.8645,121.8198,351.7,4.8,2,2014-08-08,0256,Terra,MODIS,96,6.2,306.5,554.7,D,0
-18.8685,121.865,347.8,4.8,2,2014-08-08,0256,Terra,MODIS,94,6.2,303.5,481.9,D,0
-18.8478,121.8601,350,4.8,2,2014-08-08,0256,Terra,MODIS,95,6.2,310.6,517.7,D,0
-18.8659,121.8582,357.8,4.8,2,2014-08-08,0256,Terra,MODIS,99,6.2,305.7,709.8,D,0
-18.8622,121.813,344.6,4.8,2,2014-08-08,0256,Terra,MODIS,92,6.2,306.4,422.6,D,0
-34.2727,145.9227,309.8,1.3,1.1,2014-08-08,0359,Aqua,MODIS,67,6.2,290.8,11.2,D,0
-34.2916,144.0067,318.4,1.6,1.2,2014-08-08,0359,Aqua,MODIS,60,6.2,296.3,25.3,D,0
-34.2696,144.0973,331,1.6,1.2,2014-08-08,0359,Aqua,MODIS,82,6.2,295.7,54,D,0
-34.3531,150.4917,303.8,1,1,2014-08-08,0359,Aqua,MODIS,57,6.2,281.5,6.6,D,0
-34.3547,150.4807,300.8,1,1,2014-08-08,0359,Aqua,MODIS,36,6.2,285.9,4.9,D,0
-34.2714,144.0926,337.6,1.6,1.2,2014-08-08,0359,Aqua,MODIS,85,6.2,296.1,73,D,0
-34.2763,144.0273,313,1.6,1.2,2014-08-08,0359,Aqua,MODIS,19,6.2,293.1,15.7,D,0
-34.2713,144.0799,323.5,1.6,1.2,2014-08-08,0359,Aqua,MODIS,62,6.2,294.1,37.4,D,0
-34.2898,144.0243,321.5,1.6,1.2,2014-08-08,0359,Aqua,MODIS,76,6.2,293.9,31,D,0
-34.3265,146.1669,306,1.2,1.1,2014-08-08,0359,Aqua,MODIS,44,6.2,293.9,6.3,D,0
-34.2876,144.029,322.7,1.6,1.2,2014-08-08,0359,Aqua,MODIS,76,6.2,292.9,33.9,D,0
-34.2893,144.0113,336.1,1.6,1.2,2014-08-08,0359,Aqua,MODIS,89,6.2,296.5,68.6,D,0
-34.2785,144.0226,330.2,1.6,1.2,2014-08-08,0359,Aqua,MODIS,68,6.2,293.3,48.3,D,0
-35.7775,150.1945,300,1,1,2014-08-08,0359,Aqua,MODIS,23,6.2,287.2,4.7,D,0
-32.7278,146.8822,305.9,1.1,1,2014-08-08,0400,Aqua,MODIS,58,6.2,294.7,6,D,0
-29.4356,148.2511,332.8,1,1,2014-08-08,0400,Aqua,MODIS,84,6.2,303,25.2,D,0
-30.7499,150.0081,321.9,1,1,2014-08-08,0400,Aqua,MODIS,69,6.2,301.1,14.6,D,0
-31.8498,146.8924,317.3,1.1,1,2014-08-08,0400,Aqua,MODIS,75,6.2,296.4,13.4,D,0
-29.4371,148.2408,321.8,1,1,2014-08-08,0400,Aqua,MODIS,73,6.2,302.2,12.2,D,0
-29.4327,148.2717,316.4,1,1,2014-08-08,0400,Aqua,MODIS,62,6.2,303.5,7.1,D,0
-32.6409,148.978,311.5,1,1,2014-08-08,0400,Aqua,MODIS,71,6.2,293.9,9.6,D,0
-29.4341,148.2614,321.6,1,1,2014-08-08,0400,Aqua,MODIS,72,6.2,304,11.6,D,0
-32.6394,148.9887,303.5,1,1,2014-08-08,0400,Aqua,MODIS,56,6.2,293.5,4.3,D,0
-31.8404,146.8908,318,1.1,1,2014-08-08,0400,Aqua,MODIS,75,6.2,296,14,D,0
-32.0271,151.3322,306.9,1.1,1,2014-08-08,0400,Aqua,MODIS,64,6.2,293.3,8.5,D,0
-30.3318,152.3199,310.1,1.3,1.1,2014-08-08,0400,Aqua,MODIS,66,6.2,291.2,12.5,D,0
-31.0824,152.0148,323.3,1.2,1.1,2014-08-08,0400,Aqua,MODIS,81,6.2,297.7,24.8,D,0
-31.7733,151.4555,303,1.1,1.1,2014-08-08,0400,Aqua,MODIS,54,6.2,288.7,6.1,D,0
-32.3894,151.8177,310.9,1.1,1.1,2014-08-08,0400,Aqua,MODIS,71,6.2,295.5,9.7,D,0
-31.7753,151.4436,311.2,1.1,1.1,2014-08-08,0400,Aqua,MODIS,71,6.2,288.7,12.1,D,0
-30.9243,151.1783,311.5,1.1,1.1,2014-08-08,0400,Aqua,MODIS,68,6.2,293.1,11,D,0
-30.9262,151.1667,305.4,1.1,1.1,2014-08-08,0400,Aqua,MODIS,35,6.2,293.8,6,D,0
-30.7858,151.075,321.4,1.1,1.1,2014-08-08,0400,Aqua,MODIS,79,6.2,290.1,21.4,D,0
-30.342,152.3214,306.6,1.3,1.1,2014-08-08,0400,Aqua,MODIS,58,6.2,291.2,9.2,D,0
-31.392,148.5147,309.1,1,1,2014-08-08,0400,Aqua,MODIS,63,6.2,296.5,6,D,0
-29.9631,151.4073,319.8,1.2,1.1,2014-08-08,0400,Aqua,MODIS,61,6.2,295.3,17.1,D,0
-29.9554,151.3932,317.6,1.2,1.1,2014-08-08,0400,Aqua,MODIS,57,6.2,297.9,14.7,D,0
-30.8415,146.9026,325.9,1.1,1,2014-08-08,0400,Aqua,MODIS,81,6.2,299.2,21.2,D,0
-29.5857,150.8889,316.5,1.1,1.1,2014-08-08,0400,Aqua,MODIS,72,6.2,300.5,10.5,D,0
-29.5876,150.8772,328.5,1.1,1.1,2014-08-08,0400,Aqua,MODIS,84,6.2,302.5,25.5,D,0
-30.84,146.9138,321.5,1.1,1,2014-08-08,0400,Aqua,MODIS,77,6.2,298.7,16,D,0
-31.383,148.513,307.2,1,1,2014-08-08,0400,Aqua,MODIS,53,6.2,296.1,4.4,D,0
-30.6474,149.03,313.4,1,1,2014-08-08,0400,Aqua,MODIS,67,6.2,299.2,7.9,D,0
-31.5106,150.9173,306.8,1.1,1,2014-08-08,0400,Aqua,MODIS,64,6.2,295.9,5.9,D,0
-29.9574,151.3813,318.1,1.2,1.1,2014-08-08,0400,Aqua,MODIS,49,6.2,297.1,15.6,D,0
-31.6957,146.86,306.9,1.1,1,2014-08-08,0400,Aqua,MODIS,55,6.2,296.4,5.5,D,0
-29.1354,149.5978,323.3,1,1,2014-08-08,0400,Aqua,MODIS,57,6.2,306.1,14.6,D,0
-27.9584,150.999,321.8,1.2,1.1,2014-08-08,0401,Aqua,MODIS,72,6.2,299.4,19.6,D,0
-27.9681,151.0011,324.4,1.2,1.1,2014-08-08,0401,Aqua,MODIS,78,6.2,297.1,23.6,D,0
-26.1928,146.2752,319.3,1,1,2014-08-08,0401,Aqua,MODIS,68,6.2,304.1,8.6,D,0
-26.2103,150.8344,331.1,1.2,1.1,2014-08-08,0401,Aqua,MODIS,85,6.2,298.4,36.3,D,0
-26.2123,150.8219,311,1.2,1.1,2014-08-08,0401,Aqua,MODIS,37,6.2,296.3,8.7,D,0
-26.2003,150.8324,317.7,1.2,1.1,2014-08-08,0401,Aqua,MODIS,69,6.2,297.9,15.3,D,0
-28.7146,147.1033,315.5,1,1,2014-08-08,0401,Aqua,MODIS,60,6.2,304.7,6.8,D,0
-26.1942,146.2648,316.2,1,1,2014-08-08,0401,Aqua,MODIS,51,6.2,304.1,6.2,D,0
-26.5251,150.0918,314.6,1.1,1.1,2014-08-08,0401,Aqua,MODIS,44,6.2,300.6,8.9,D,0
-26.5138,150.1012,313.7,1.1,1.1,2014-08-08,0401,Aqua,MODIS,17,6.2,301.6,7.2,D,0
-26.5156,150.0899,328.1,1.1,1.1,2014-08-08,0401,Aqua,MODIS,81,6.2,302.4,25.1,D,0
-25.7533,152.4303,316,1.6,1.2,2014-08-08,0401,Aqua,MODIS,53,6.2,289.7,22.8,D,0
-26.4089,151.4736,312,1.3,1.1,2014-08-08,0401,Aqua,MODIS,53,6.2,299.3,8.4,D,0
-26.0698,146.7806,338.3,1,1,2014-08-08,0401,Aqua,MODIS,88,6.2,306.5,33.5,D,0
-27.0921,150.3929,312.1,1.2,1.1,2014-08-08,0401,Aqua,MODIS,29,6.2,300,7.2,D,0
-28.2549,149.7388,315.4,1.1,1,2014-08-08,0401,Aqua,MODIS,61,6.2,302.6,7.8,D,0
-27.7967,147.4344,315.4,1,1,2014-08-08,0401,Aqua,MODIS,58,6.2,304.9,5.9,D,0
-27.7982,147.4243,314.7,1,1,2014-08-08,0401,Aqua,MODIS,56,6.2,304.6,5.1,D,0
-28.7233,148.7906,344.7,1,1,2014-08-08,0401,Aqua,MODIS,92,6.2,306.8,44,D,0
-28.1658,151.1063,316.1,1.2,1.1,2014-08-08,0401,Aqua,MODIS,62,6.2,301.3,13.5,D,0
-28.6797,150.2766,319.5,1.1,1,2014-08-08,0401,Aqua,MODIS,71,6.2,303.3,12.3,D,0
-28.7731,149.4347,315.7,1,1,2014-08-08,0401,Aqua,MODIS,61,6.2,305.1,6.1,D,0
-28.7248,148.7803,331,1,1,2014-08-08,0401,Aqua,MODIS,83,6.2,307,21.6,D,0
-24.46,150.129,344.7,1.2,1.1,2014-08-08,0402,Aqua,MODIS,92,6.2,305,56.4,D,0
-24.4698,150.1309,325.8,1.2,1.1,2014-08-08,0402,Aqua,MODIS,78,6.2,304.6,18.4,D,0
-24.4619,150.1171,323.8,1.2,1.1,2014-08-08,0402,Aqua,MODIS,76,6.2,303,15.8,D,0
-24.4501,150.1271,327.7,1.2,1.1,2014-08-08,0402,Aqua,MODIS,79,6.2,305.6,21.1,D,0
-24.4521,150.1152,330,1.2,1.1,2014-08-08,0402,Aqua,MODIS,82,6.2,302.8,25,D,0
-24.8686,147.0235,320.5,1,1,2014-08-08,0402,Aqua,MODIS,54,6.2,301.3,10.8,D,0
-24.8554,147.0515,315.7,1,1,2014-08-08,0402,Aqua,MODIS,44,6.2,303,6.8,D,0
-24.8596,147.0219,351.5,1,1,2014-08-08,0402,Aqua,MODIS,96,6.2,303.3,58.3,D,0
-22.6911,150.4604,322.1,1.3,1.1,2014-08-08,0402,Aqua,MODIS,75,6.2,293.9,26.7,D,0
-22.6933,150.4475,311,1.3,1.1,2014-08-08,0402,Aqua,MODIS,27,6.2,293.1,11.5,D,0
-24.1018,149.423,326,1.1,1.1,2014-08-08,0402,Aqua,MODIS,78,6.2,302.7,19.7,D,0
-24.1191,149.4378,329,1.1,1.1,2014-08-08,0402,Aqua,MODIS,81,6.2,304.1,24.6,D,0
-19.3315,147.0159,313.4,1,1,2014-08-08,0403,Aqua,MODIS,48,6.2,298.8,5.6,D,0
-19.3224,147.0144,315.2,1,1,2014-08-08,0403,Aqua,MODIS,64,6.2,300.3,7,D,0
-21.4697,148.3903,327.8,1.1,1,2014-08-08,0403,Aqua,MODIS,82,6.2,297.8,23.6,D,0
-16.1449,144.6269,322.1,1,1,2014-08-08,0404,Aqua,MODIS,20,6.2,300,13.2,D,0
-15.2083,141.9729,324.8,1.2,1.1,2014-08-08,0404,Aqua,MODIS,10,6.2,309.7,10.7,D,0
-15.3897,141.987,331.6,1.2,1.1,2014-08-08,0404,Aqua,MODIS,69,6.2,311.9,23.4,D,0
-15.2013,141.9486,326.5,1.2,1.1,2014-08-08,0404,Aqua,MODIS,59,6.2,310.3,11.9,D,0
-15.3812,141.9741,342.2,1.2,1.1,2014-08-08,0404,Aqua,MODIS,89,6.2,308.4,45.5,D,0
-16.1207,135.5551,317.2,3.7,1.8,2014-08-08,0404,Aqua,MODIS,62,6.2,303.2,40.1,D,0
-15.9106,144.4009,314.2,1,1,2014-08-08,0404,Aqua,MODIS,42,6.2,300.7,6.1,D,0
-15.3322,141.9619,379.3,1.2,1.1,2014-08-08,0404,Aqua,MODIS,100,6.2,312.1,186.7,D,0
-15.3437,141.9518,329.2,1.2,1.1,2014-08-08,0404,Aqua,MODIS,41,6.2,304.3,19.7,D,0
-16.1359,144.6255,347.5,1,1,2014-08-08,0404,Aqua,MODIS,81,6.2,300.6,48.8,D,0
-15.556,145.2116,320.7,1,1,2014-08-08,0404,Aqua,MODIS,67,6.2,297.8,10.5,D,0
-16.1706,144.6404,340.6,1,1,2014-08-08,0404,Aqua,MODIS,89,6.2,300,38.7,D,0
-16.1117,144.6064,322.1,1,1,2014-08-08,0404,Aqua,MODIS,60,6.2,302.1,13.6,D,0
-15.3337,141.9504,360.7,1.2,1.1,2014-08-08,0404,Aqua,MODIS,100,6.2,307.7,102.4,D,0
-16.1719,144.631,326.1,1,1,2014-08-08,0404,Aqua,MODIS,77,6.2,297.3,18.2,D,0
-16.1616,144.639,327,1,1,2014-08-08,0404,Aqua,MODIS,65,6.2,300.9,18.7,D,0
-15.5573,145.2023,320.1,1,1,2014-08-08,0404,Aqua,MODIS,70,6.2,300.5,9.6,D,0
-15.3422,141.9633,385.3,1.2,1.1,2014-08-08,0404,Aqua,MODIS,100,6.2,314.3,221.7,D,0
-15.3506,141.9761,327.9,1.2,1.1,2014-08-08,0404,Aqua,MODIS,20,6.2,310.8,16.5,D,0
-16.1282,144.6148,334.7,1,1,2014-08-08,0404,Aqua,MODIS,51,6.2,303.3,25.1,D,0
-16.1205,144.604,338.8,1,1,2014-08-08,0404,Aqua,MODIS,83,6.2,301.7,33,D,0
-15.3797,141.9856,366,1.2,1.1,2014-08-08,0404,Aqua,MODIS,100,6.2,310.6,120.7,D,0
-17.9509,138.729,323,2.3,1.5,2014-08-08,0404,Aqua,MODIS,20,6.2,306.5,28,D,0
-17.9554,138.6863,330.4,2.3,1.5,2014-08-08,0404,Aqua,MODIS,78,6.2,305.5,57.6,D,0
-17.9577,138.6649,322.2,2.3,1.5,2014-08-08,0404,Aqua,MODIS,60,6.2,304,27.9,D,0
-17.9591,138.6818,334.9,2.3,1.5,2014-08-08,0404,Aqua,MODIS,80,6.2,305.9,74.8,D,0
-17.7547,138.9866,321.4,2.1,1.4,2014-08-08,0404,Aqua,MODIS,42,6.2,305.4,24.2,D,0
-17.7419,138.985,325,2.1,1.4,2014-08-08,0404,Aqua,MODIS,73,6.2,305.7,37.3,D,0
-17.7559,138.9818,326,2.1,1.4,2014-08-08,0404,Aqua,MODIS,74,6.2,305.5,39.8,D,0
-17.7431,138.9803,331.7,2.1,1.4,2014-08-08,0404,Aqua,MODIS,81,6.2,306.2,61.6,D,0
-17.9963,138.7986,325.9,2.2,1.4,2014-08-08,0404,Aqua,MODIS,71,6.2,307.4,36.9,D,0
-18.0931,138.3752,322.3,2.4,1.5,2014-08-08,0404,Aqua,MODIS,56,6.2,306,29.6,D,0
-18.0984,138.3685,321.4,2.4,1.5,2014-08-08,0404,Aqua,MODIS,42,6.2,305.7,26.6,D,0
-18.0013,138.3803,320.3,2.4,1.5,2014-08-08,0404,Aqua,MODIS,63,6.2,305.8,23.5,D,0
-18.0073,138.376,320.1,2.4,1.5,2014-08-08,0404,Aqua,MODIS,42,6.2,305.7,20,D,0
-17.7569,138.9664,333.4,2.1,1.4,2014-08-08,0404,Aqua,MODIS,83,6.2,306.2,67,D,0
-17.7441,138.9648,324.1,2.1,1.4,2014-08-08,0404,Aqua,MODIS,71,6.2,306.7,32.8,D,0
-17.7582,138.9617,327.7,2.1,1.4,2014-08-08,0404,Aqua,MODIS,77,6.2,305.5,45,D,0
-12.2702,141.8417,328.1,1.2,1.1,2014-08-08,0405,Aqua,MODIS,78,6.2,301.3,20.7,D,0
-12.2716,141.8311,323.3,1.2,1.1,2014-08-08,0405,Aqua,MODIS,47,6.2,301.7,14.5,D,0
-12.2606,141.8403,321.4,1.2,1.1,2014-08-08,0405,Aqua,MODIS,63,6.2,299.5,12.1,D,0
-14.5972,142.8027,337.9,1.1,1,2014-08-08,0405,Aqua,MODIS,87,6.2,303.8,32.6,D,0
-14.7478,142.0733,326.5,1.2,1.1,2014-08-08,0405,Aqua,MODIS,53,6.2,308.7,14.7,D,0
-13.3158,141.8868,319.4,1.2,1.1,2014-08-08,0405,Aqua,MODIS,55,6.2,301.6,8.1,D,0
-14.1389,143.3969,315.7,1,1,2014-08-08,0405,Aqua,MODIS,40,6.2,296.2,8.4,D,0
-14.1787,143.5751,319.9,1,1,2014-08-08,0405,Aqua,MODIS,49,6.2,297.6,8.6,D,0
-13.3086,141.9411,324.4,1.2,1.1,2014-08-08,0405,Aqua,MODIS,71,6.2,300.6,15.5,D,0
-14.6066,142.8041,329.6,1.1,1,2014-08-08,0405,Aqua,MODIS,73,6.2,305.6,18.4,D,0
-13.3172,141.8759,326.3,1.2,1.1,2014-08-08,0405,Aqua,MODIS,79,6.2,303.1,18.1,D,0
-13.1121,141.8903,325.2,1.2,1.1,2014-08-08,0405,Aqua,MODIS,64,6.2,300.6,17.6,D,0
-14.5905,142.781,346.2,1.1,1,2014-08-08,0405,Aqua,MODIS,93,6.2,304.1,51.5,D,0
-14.2085,143.628,336.7,1,1,2014-08-08,0405,Aqua,MODIS,87,6.2,301.6,29,D,0
-14.5986,142.7925,336.9,1.1,1,2014-08-08,0405,Aqua,MODIS,86,6.2,307.6,31.2,D,0
-14.5891,142.7912,373.5,1.1,1,2014-08-08,0405,Aqua,MODIS,100,6.2,304.7,136.6,D,0
-13.8782,142.0907,319.1,1.2,1.1,2014-08-08,0405,Aqua,MODIS,63,6.2,302.8,9.5,D,0
-13.5881,141.7519,323.2,1.2,1.1,2014-08-08,0405,Aqua,MODIS,57,6.2,304.1,12.5,D,0
-13.5994,141.7421,320.3,1.2,1.1,2014-08-08,0405,Aqua,MODIS,29,6.2,304.6,8.7,D,0
-14.2099,143.6185,348,1,1,2014-08-08,0405,Aqua,MODIS,94,6.2,302.5,49.9,D,0
-13.3396,141.8568,327.1,1.2,1.1,2014-08-08,0405,Aqua,MODIS,80,6.2,300.4,22.1,D,0
-13.3299,141.8554,325.7,1.2,1.1,2014-08-08,0405,Aqua,MODIS,79,6.2,301.3,19.8,D,0
-13.8753,142.1123,320,1.2,1.1,2014-08-08,0405,Aqua,MODIS,62,6.2,303.9,10.2,D,0
-12.1033,141.8865,331.5,1.1,1.1,2014-08-08,0405,Aqua,MODIS,84,6.2,300.3,27.9,D,0
-15.0343,142.8966,325.2,1.1,1,2014-08-08,0405,Aqua,MODIS,44,6.2,308.6,10.1,D,0
-15.0357,142.8864,328.3,1.1,1,2014-08-08,0405,Aqua,MODIS,78,6.2,307.6,14.3,D,0
-14.1994,143.6266,322.5,1,1,2014-08-08,0405,Aqua,MODIS,35,6.2,301.1,10.5,D,0
-14.2633,142.6991,326.5,1.1,1,2014-08-08,0405,Aqua,MODIS,77,6.2,304,17.4,D,0
-14.2008,143.6171,326.6,1,1,2014-08-08,0405,Aqua,MODIS,74,6.2,301.1,15.1,D,0
-13.1315,141.893,318.3,1.2,1.1,2014-08-08,0405,Aqua,MODIS,34,6.2,299.4,9.4,D,0
-13.1329,141.8822,318.9,1.2,1.1,2014-08-08,0405,Aqua,MODIS,43,6.2,298.9,10.4,D,0
-14.8274,141.6185,336.2,1.3,1.1,2014-08-08,0405,Aqua,MODIS,85,6.2,309.8,32.7,D,0
-14.8258,141.6303,335.9,1.3,1.1,2014-08-08,0405,Aqua,MODIS,84,6.2,308.6,31.8,D,0
-12.9913,142.1053,316.9,1.1,1.1,2014-08-08,0405,Aqua,MODIS,51,6.2,298,7.6,D,0
-12.9927,142.0948,320.1,1.1,1.1,2014-08-08,0405,Aqua,MODIS,72,6.2,297.9,11.1,D,0
-12.6084,142.053,322.2,1.1,1.1,2014-08-08,0405,Aqua,MODIS,61,6.2,301.2,13.2,D,0
-12.6111,142.059,321.7,1.1,1.1,2014-08-08,0405,Aqua,MODIS,27,6.2,300.5,10.2,D,0
-13.8961,141.5006,331.5,1.3,1.1,2014-08-08,0405,Aqua,MODIS,78,6.2,305,28.5,D,0
-15.1677,141.9732,325.8,1.2,1.1,2014-08-08,0405,Aqua,MODIS,51,6.2,310.2,11.4,D,0
-12.3711,142.0181,317,1.1,1.1,2014-08-08,0405,Aqua,MODIS,38,6.2,298.2,5.6,D,0
-15.0545,142.8891,336.6,1.1,1,2014-08-08,0405,Aqua,MODIS,86,6.2,308.4,27.7,D,0
-14.7669,142.1547,342.5,1.2,1.1,2014-08-08,0405,Aqua,MODIS,90,6.2,309.9,43.2,D,0
-12.4729,142.552,317.6,1.1,1,2014-08-08,0405,Aqua,MODIS,40,6.2,293.3,12.3,D,0
-13.8991,141.4773,342.5,1.3,1.1,2014-08-08,0405,Aqua,MODIS,0,6.2,307.4,51.6,D,0
-12.4742,142.5421,323.3,1.1,1,2014-08-08,0405,Aqua,MODIS,73,6.2,296.9,19.1,D,0
-15.0559,142.8788,328.1,1.1,1,2014-08-08,0405,Aqua,MODIS,35,6.2,307.6,13.9,D,0
-12.6069,142.0634,317.4,1.1,1.1,2014-08-08,0405,Aqua,MODIS,46,6.2,297.8,7.4,D,0
-13.8976,141.4889,333.6,1.3,1.1,2014-08-08,0405,Aqua,MODIS,79,6.2,306.9,32.7,D,0
-12.3969,142.0429,323.7,1.1,1.1,2014-08-08,0405,Aqua,MODIS,66,6.2,301.1,13.8,D,0
-11.8462,133.385,329,4.7,2,2014-08-08,0406,Aqua,MODIS,63,6.2,297.2,168.8,D,0
-12.1941,133.492,315.9,4.7,2,2014-08-08,0406,Aqua,MODIS,53,6.2,300.2,50,D,0
-10.9432,142.3887,317.2,1.1,1,2014-08-08,0406,Aqua,MODIS,67,6.2,293.8,11.2,D,0
-11.8443,133.3884,325.5,4.7,2,2014-08-08,0406,Aqua,MODIS,39,6.2,296.9,128.4,D,0
-12.1925,133.496,316.2,4.7,2,2014-08-08,0406,Aqua,MODIS,53,6.2,300.2,52,D,0
-11.951,133.4076,335.2,4.7,2,2014-08-08,0406,Aqua,MODIS,78,6.2,297.8,258.6,D,0
-11.9642,133.453,338.7,4.7,2,2014-08-08,0406,Aqua,MODIS,83,6.2,299.7,277.8,D,0
-11.851,133.3416,338,4.8,2,2014-08-08,0406,Aqua,MODIS,89,6.2,298,290.8,D,0
-11.9104,133.6195,323.4,4.6,2,2014-08-08,0406,Aqua,MODIS,47,6.2,297.8,103.5,D,0
-10.7091,142.2279,312.2,1.1,1,2014-08-08,0406,Aqua,MODIS,40,6.2,295.7,5.6,D,0
-12.0071,133.5493,323.3,4.6,2,2014-08-08,0406,Aqua,MODIS,33,6.2,297.9,88.8,D,0
-10.9339,142.3873,337.9,1.1,1,2014-08-08,0406,Aqua,MODIS,83,6.2,290.3,37.9,D,0
-11.8413,133.4283,330.3,4.7,2,2014-08-08,0406,Aqua,MODIS,79,6.2,297.2,172.9,D,0
-11.9521,133.4,331.4,4.7,2,2014-08-08,0406,Aqua,MODIS,61,6.2,297.8,209.4,D,0
-11.8525,133.6469,316.7,4.5,2,2014-08-08,0406,Aqua,MODIS,37,6.2,299.2,51.7,D,0
-11.8398,133.4317,333.6,4.7,2,2014-08-08,0406,Aqua,MODIS,84,6.2,297.1,213.5,D,0
-11.9849,133.5896,331.2,4.6,2,2014-08-08,0406,Aqua,MODIS,52,6.2,299,171.3,D,0
-10.9352,142.3776,350.7,1.1,1,2014-08-08,0406,Aqua,MODIS,90,6.2,294,64.6,D,0
-11.8489,133.345,341.1,4.8,2,2014-08-08,0406,Aqua,MODIS,90,6.2,298,336.7,D,0
-11.8365,133.4711,346.3,4.7,2,2014-08-08,0406,Aqua,MODIS,71,6.2,298.8,404,D,0
-12.0035,133.5873,346.5,4.6,2,2014-08-08,0406,Aqua,MODIS,93,6.2,300.3,409,D,0
-11.9857,133.5856,331,4.6,2,2014-08-08,0406,Aqua,MODIS,65,6.2,299,174.6,D,0
-10.7078,142.2376,314.3,1.1,1,2014-08-08,0406,Aqua,MODIS,0,6.2,296.2,7.4,D,0
-11.8543,133.4732,326.8,4.7,2,2014-08-08,0406,Aqua,MODIS,60,6.2,298.3,121.2,D,0
-11.8352,133.4747,343.3,4.7,2,2014-08-08,0406,Aqua,MODIS,80,6.2,298.6,356.6,D,0
-11.8571,133.6052,323.1,4.6,2,2014-08-08,0406,Aqua,MODIS,66,6.2,298.3,101.5,D,0
-12.0026,133.5914,345.2,4.6,2,2014-08-08,0406,Aqua,MODIS,93,6.2,300.4,386.3,D,0
-11.9715,133.5451,345.6,4.6,2,2014-08-08,0406,Aqua,MODIS,93,6.2,299.6,367.6,D,0
-11.853,133.4767,327.3,4.7,2,2014-08-08,0406,Aqua,MODIS,55,6.2,298.4,140.6,D,0
-11.9726,133.5411,345.1,4.6,2,2014-08-08,0406,Aqua,MODIS,93,6.2,299.7,364.9,D,0
-22.2429,124.1167,342.3,1.1,1.1,2014-08-08,0541,Aqua,MODIS,89,6.2,309.2,41.4,D,0
-22.2463,124.095,323,1.1,1.1,2014-08-08,0541,Aqua,MODIS,62,6.2,308.6,9.4,D,0
-22.2446,124.1059,353.7,1.1,1.1,2014-08-08,0541,Aqua,MODIS,96,6.2,311.4,68.9,D,0
-17.8775,123.5551,354.2,1.2,1.1,2014-08-08,0542,Aqua,MODIS,96,6.2,315.4,71.1,D,0
-17.8793,123.544,336.7,1.2,1.1,2014-08-08,0542,Aqua,MODIS,78,6.2,313.9,28.5,D,0
-17.8758,123.5663,328.1,1.2,1.1,2014-08-08,0542,Aqua,MODIS,29,6.2,313.2,12.7,D,0
-18.8974,121.8223,384.4,1,1,2014-08-08,0542,Aqua,MODIS,100,6.2,318.5,159.8,D,0
-18.8856,121.84,352.7,1,1,2014-08-08,0542,Aqua,MODIS,95,6.2,318.7,48.1,D,0
-18.8666,121.9057,343.3,1,1,2014-08-08,0542,Aqua,MODIS,79,6.2,317.6,30.6,D,0
-18.8966,121.891,370.5,1,1,2014-08-08,0542,Aqua,MODIS,100,6.2,316.7,103.3,D,0
-18.8989,121.8127,382.3,1,1,2014-08-08,0542,Aqua,MODIS,100,6.2,318.9,150.9,D,0
-18.8898,121.8112,350.9,1,1,2014-08-08,0542,Aqua,MODIS,91,6.2,319.5,48.1,D,0
-18.8912,121.8017,366.9,1,1,2014-08-08,0542,Aqua,MODIS,100,6.2,319.8,91.6,D,0
-18.0645,123.9949,324.1,1.2,1.1,2014-08-08,0542,Aqua,MODIS,54,6.2,312.5,10.2,D,0
-17.5652,123.7857,350.9,1.2,1.1,2014-08-08,0542,Aqua,MODIS,94,6.2,317.2,64.3,D,0
-17.5633,123.7972,344,1.2,1.1,2014-08-08,0542,Aqua,MODIS,90,6.2,315,47.6,D,0
-17.5868,123.7776,339.5,1.2,1.1,2014-08-08,0542,Aqua,MODIS,83,6.2,313.6,35.4,D,0
-17.5751,123.7874,340.3,1.2,1.1,2014-08-08,0542,Aqua,MODIS,87,6.2,313.7,36.8,D,0
-19.621,126.2604,327.6,1.6,1.3,2014-08-08,0542,Aqua,MODIS,71,6.2,310.3,21.3,D,0
-13.9867,129.993,323.6,4,1.9,2014-08-08,0543,Aqua,MODIS,70,6.2,299.6,93.3,D,0
-13.1295,130.2891,320.8,4.4,1.9,2014-08-08,0543,Aqua,MODIS,72,6.2,300.3,88.9,D,0
-13.9898,129.998,318.3,4,1.9,2014-08-08,0543,Aqua,MODIS,60,6.2,299.4,59.8,D,0
-13.8898,130.0496,316.5,4.1,1.9,2014-08-08,0543,Aqua,MODIS,45,6.2,299.8,45.6,D,0
-13.1292,130.2943,321.6,4.4,1.9,2014-08-08,0543,Aqua,MODIS,62,6.2,300.6,90.4,D,0
-13.9967,129.9616,315.9,4,1.9,2014-08-08,0543,Aqua,MODIS,38,6.2,300.4,44.1,D,0
-16.4999,123.7893,319.4,1.3,1.1,2014-08-08,0543,Aqua,MODIS,45,6.2,307.5,8.2,D,0
-17.2089,122.4616,362.9,1.1,1,2014-08-08,0543,Aqua,MODIS,100,6.2,315.8,85.9,D,0
-17.2213,122.443,337.9,1.1,1,2014-08-08,0543,Aqua,MODIS,44,6.2,311.2,27.7,D,0
-17.2197,122.4531,340.3,1.1,1,2014-08-08,0543,Aqua,MODIS,63,6.2,313.8,31.5,D,0
-17.2526,122.552,356,1.1,1,2014-08-08,0543,Aqua,MODIS,97,6.2,311.9,68.5,D,0
-17.2417,122.5606,349.1,1.1,1,2014-08-08,0543,Aqua,MODIS,93,6.2,315.8,48.5,D,0
-17.2432,122.5504,346.7,1.1,1,2014-08-08,0543,Aqua,MODIS,92,6.2,314.3,43.4,D,0
-17.3992,122.6099,389.6,1.1,1,2014-08-08,0543,Aqua,MODIS,100,6.2,321.4,208.5,D,0
-17.3977,122.6201,353.4,1.1,1,2014-08-08,0543,Aqua,MODIS,96,6.2,314.5,62.2,D,0
-17.3447,122.5902,358.3,1.1,1,2014-08-08,0543,Aqua,MODIS,99,6.2,313.8,76.5,D,0
-17.3378,122.5929,358,1.1,1,2014-08-08,0543,Aqua,MODIS,98,6.2,314,77.1,D,0
-17.3393,122.5827,376.5,1.1,1,2014-08-08,0543,Aqua,MODIS,100,6.2,317.5,144.6,D,0
-17.3346,122.5506,326.3,1.1,1,2014-08-08,0543,Aqua,MODIS,41,6.2,307.1,14.2,D,0
-16.5276,123.7998,325.7,1.3,1.1,2014-08-08,0543,Aqua,MODIS,72,6.2,306.8,17.5,D,0
-17.4421,122.7388,357.6,1.1,1,2014-08-08,0543,Aqua,MODIS,98,6.2,312,77.4,D,0
-17.4101,122.6013,389,1.1,1,2014-08-08,0543,Aqua,MODIS,100,6.2,312.5,208.6,D,0
-17.248,122.5826,340.3,1.1,1,2014-08-08,0543,Aqua,MODIS,87,6.2,311.9,31.2,D,0
-17.252,122.589,340.6,1.1,1,2014-08-08,0543,Aqua,MODIS,87,6.2,312,31.7,D,0
-17.2614,122.5906,448.9,1.1,1,2014-08-08,0543,Aqua,MODIS,100,6.2,335.5,776.1,D,0
-17.2598,122.6008,420.7,1.1,1,2014-08-08,0543,Aqua,MODIS,100,6.2,323.7,439.6,D,0
-17.2707,122.5921,341.7,1.1,1,2014-08-08,0543,Aqua,MODIS,88,6.2,308.4,35.7,D,0
-17.4086,122.6115,370.7,1.1,1,2014-08-08,0543,Aqua,MODIS,100,6.2,309.6,121.7,D,0
-17.1131,122.3564,337.4,1.1,1,2014-08-08,0543,Aqua,MODIS,84,6.2,313.4,25.4,D,0
-17.1239,122.348,398.8,1.1,1,2014-08-08,0543,Aqua,MODIS,94,6.2,321.1,256.8,D,0
-17.1224,122.358,411.6,1.1,1,2014-08-08,0543,Aqua,MODIS,100,6.2,329.4,348.6,D,0
-17.1209,122.368,338.7,1.1,1,2014-08-08,0543,Aqua,MODIS,84,6.2,316.7,26,D,0
-17.4906,123.0879,343.1,1.1,1.1,2014-08-08,0543,Aqua,MODIS,89,6.2,311.6,43.4,D,0
-16.8042,122.8237,324.5,1.1,1.1,2014-08-08,0543,Aqua,MODIS,54,6.2,308.5,11.9,D,0
-16.8026,122.8342,331.1,1.1,1.1,2014-08-08,0543,Aqua,MODIS,67,6.2,311.6,20.4,D,0
-17.3366,123.0821,331.2,1.1,1.1,2014-08-08,0543,Aqua,MODIS,77,6.2,314.8,17.2,D,0
-17.335,123.0928,328.4,1.1,1.1,2014-08-08,0543,Aqua,MODIS,65,6.2,312.7,14,D,0
-17.2292,122.5168,332.9,1.1,1,2014-08-08,0543,Aqua,MODIS,62,6.2,315.2,19,D,0
-17.4117,122.654,365.1,1.1,1,2014-08-08,0543,Aqua,MODIS,100,6.2,313.3,100.8,D,0
-17.4133,122.6437,338.6,1.1,1,2014-08-08,0543,Aqua,MODIS,85,6.2,309.9,32.6,D,0
-17.4008,122.6627,339.6,1.1,1,2014-08-08,0543,Aqua,MODIS,86,6.2,313.5,31.8,D,0
-17.4023,122.6524,383.5,1.1,1,2014-08-08,0543,Aqua,MODIS,100,6.2,317.5,175.8,D,0
-17.3961,122.6303,339.7,1.1,1,2014-08-08,0543,Aqua,MODIS,85,6.2,313.3,30.9,D,0
-17.4467,122.7714,332.6,1.1,1,2014-08-08,0543,Aqua,MODIS,37,6.2,316.4,16.7,D,0
-16.8342,122.883,329.2,1.1,1.1,2014-08-08,0543,Aqua,MODIS,68,6.2,311.4,17,D,0
-16.8383,122.8785,328.9,1.1,1.1,2014-08-08,0543,Aqua,MODIS,53,6.2,310.5,17,D,0
-14.4316,129.6012,316.2,3.7,1.8,2014-08-08,0543,Aqua,MODIS,43,6.2,297.7,43,D,0
-17.3075,122.892,329.3,1.1,1.1,2014-08-08,0543,Aqua,MODIS,54,6.2,310.7,16.4,D,0
-17.1751,122.3873,348.5,1.1,1,2014-08-08,0543,Aqua,MODIS,93,6.2,313.2,50.7,D,0
-17.4561,122.773,386.5,1.1,1,2014-08-08,0543,Aqua,MODIS,100,6.2,325,192.4,D,0
-17.4545,122.7833,371.7,1.1,1,2014-08-08,0543,Aqua,MODIS,100,6.2,319.7,123.2,D,0
-17.4529,122.7937,334.3,1.1,1.1,2014-08-08,0543,Aqua,MODIS,71,6.2,312.4,22,D,0
-17.4671,122.7643,346.4,1.1,1,2014-08-08,0543,Aqua,MODIS,92,6.2,307.6,50,D,0
-17.4655,122.7746,388,1.1,1,2014-08-08,0543,Aqua,MODIS,100,6.2,314.3,204.1,D,0
-17.464,122.7849,373.1,1.1,1,2014-08-08,0543,Aqua,MODIS,100,6.2,311.9,131.5,D,0
-17.4023,122.5895,397.1,1.1,1,2014-08-08,0543,Aqua,MODIS,100,6.2,320.1,257.5,D,0
-17.1335,122.5358,337.5,1.1,1,2014-08-08,0543,Aqua,MODIS,84,6.2,317,24.1,D,0
-17.1351,122.5256,343.1,1.1,1,2014-08-08,0543,Aqua,MODIS,89,6.2,316.7,33.8,D,0
-17.1366,122.5154,365.7,1.1,1,2014-08-08,0543,Aqua,MODIS,100,6.2,316.1,95,D,0
-17.1382,122.5053,340.8,1.1,1,2014-08-08,0543,Aqua,MODIS,87,6.2,312,30.2,D,0
-17.1257,122.5241,356.9,1.1,1,2014-08-08,0543,Aqua,MODIS,98,6.2,314.1,67.2,D,0
-17.1273,122.5139,361.5,1.1,1,2014-08-08,0543,Aqua,MODIS,100,6.2,317.4,81.2,D,0
-17.1288,122.5037,331.5,1.1,1,2014-08-08,0543,Aqua,MODIS,78,6.2,315.7,14,D,0
-17.3899,122.6083,341.8,1.1,1,2014-08-08,0543,Aqua,MODIS,88,6.2,315.1,36,D,0
-17.2629,122.5803,402.7,1.1,1,2014-08-08,0543,Aqua,MODIS,100,6.2,320.3,290.1,D,0
-17.2536,122.5788,349.6,1.1,1,2014-08-08,0543,Aqua,MODIS,94,6.2,310.6,52.3,D,0
-17.2495,122.5724,345.8,1.1,1,2014-08-08,0543,Aqua,MODIS,91,6.2,311.4,41.1,D,0
-17.2402,122.5708,334.9,1.1,1,2014-08-08,0543,Aqua,MODIS,82,6.2,312.5,19.4,D,0
-17.4577,122.7626,420.1,1.1,1,2014-08-08,0543,Aqua,MODIS,100,6.2,330,442.7,D,0
-17.4593,122.7523,343.3,1.1,1,2014-08-08,0543,Aqua,MODIS,87,6.2,309.8,42.3,D,0
-17.4483,122.761,363.7,1.1,1,2014-08-08,0543,Aqua,MODIS,100,6.2,317.9,92.9,D,0
-17.4499,122.7507,371.6,1.1,1,2014-08-08,0543,Aqua,MODIS,100,6.2,314.3,123.2,D,0
-17.4405,122.7491,379.8,1.1,1,2014-08-08,0543,Aqua,MODIS,100,6.2,318.9,158.9,D,0
-17.3431,122.6004,328.6,1.1,1,2014-08-08,0543,Aqua,MODIS,51,6.2,310.9,13,D,0
-17.3805,122.6067,363.5,1.1,1,2014-08-08,0543,Aqua,MODIS,100,6.2,314.3,91.4,D,0
-17.3789,122.6169,335.2,1.1,1,2014-08-08,0543,Aqua,MODIS,82,6.2,313.4,21.8,D,0
-17.3914,122.5981,345.7,1.1,1,2014-08-08,0543,Aqua,MODIS,91,6.2,312.8,46.6,D,0
-17.4008,122.5997,422.5,1.1,1,2014-08-08,0543,Aqua,MODIS,100,6.2,331.6,460.8,D,0
-17.2863,122.553,339.6,1.1,1,2014-08-08,0543,Aqua,MODIS,86,6.2,306.7,35.3,D,0
-17.251,122.5622,349.7,1.1,1,2014-08-08,0543,Aqua,MODIS,94,6.2,310.6,51.2,D,0
-17.2057,122.4198,334.6,1.1,1,2014-08-08,0543,Aqua,MODIS,65,6.2,310,23.2,D,0
-17.212,122.4415,333.7,1.1,1,2014-08-08,0543,Aqua,MODIS,44,6.2,314.4,19.9,D,0
-17.2104,122.4515,338.6,1.1,1,2014-08-08,0543,Aqua,MODIS,76,6.2,313.5,26.7,D,0
-13.6581,130.9692,322.3,4.8,2,2014-08-08,0543,Aqua,MODIS,49,6.2,301.3,94.2,D,0
-13.6595,130.9607,317.2,4.8,2,2014-08-08,0543,Aqua,MODIS,43,6.2,301.1,53.3,D,0
-13.6403,130.9655,321,4.8,2,2014-08-08,0543,Aqua,MODIS,32,6.2,300.4,80.7,D,0
-13.6417,130.9571,316.4,4.8,2,2014-08-08,0543,Aqua,MODIS,36,6.2,300.3,47.5,D,0
-11.4853,130.281,311,4.7,2,2014-08-08,0544,Aqua,MODIS,39,6.2,297.4,44.1,D,0
-28.7421,149.8809,303.1,3,1.6,2014-08-08,1325,Terra,MODIS,53,6.2,275.6,49.8,N,0
-20.7377,139.4756,306.9,1,1,2014-08-08,1328,Terra,MODIS,70,6.2,287.7,9.5,N,2
-15.0615,142.8913,303.2,1.9,1.3,2014-08-08,1329,Terra,MODIS,54,6.2,290.5,12.2,N,0
-15.216,141.9635,301.2,1.6,1.2,2014-08-08,1329,Terra,MODIS,38,6.2,291,8,N,0
-17.9378,138.6829,307.9,1,1,2014-08-08,1329,Terra,MODIS,63,6.2,292,7.8,N,0
-17.9392,138.6734,302.1,1,1,2014-08-08,1329,Terra,MODIS,3,6.2,291.3,4.2,N,0
-17.9302,138.6719,307.9,1,1,2014-08-08,1329,Terra,MODIS,54,6.2,292.2,7.7,N,0
-15.807,137.0643,301.1,1,1,2014-08-08,1329,Terra,MODIS,37,6.2,290.8,5.1,N,0
-14.5812,142.7903,306.8,1.9,1.3,2014-08-08,1330,Terra,MODIS,56,6.2,290.2,16.7,N,0
-14.5841,142.7733,306.9,1.9,1.3,2014-08-08,1330,Terra,MODIS,69,6.2,290.7,17,N,0
-15.4825,132.4444,317.6,1.6,1.3,2014-08-08,1330,Terra,MODIS,95,6.2,292.8,31.4,N,0
-15.473,132.4277,306,1.6,1.3,2014-08-08,1330,Terra,MODIS,66,6.2,292.1,13.5,N,0
-15.4711,132.443,326.5,1.6,1.3,2014-08-08,1330,Terra,MODIS,100,6.2,293.7,50.5,N,0
-13.3074,130.9449,302.8,2,1.4,2014-08-08,1330,Terra,MODIS,52,6.2,292.3,12,N,0
-13.3101,130.9514,303.3,2,1.4,2014-08-08,1330,Terra,MODIS,54,6.2,292.4,12.2,N,0
-11.9955,133.0038,309.5,1.3,1.2,2014-08-08,1331,Terra,MODIS,77,6.2,294.6,11.3,N,0
-11.8952,133.0709,305.4,1.3,1.1,2014-08-08,1331,Terra,MODIS,64,6.2,293.8,7.8,N,0
-11.551,133.0609,306.5,1.3,1.1,2014-08-08,1331,Terra,MODIS,45,6.2,294.2,8.7,N,0
-11.9697,133.5891,304.3,1.2,1.1,2014-08-08,1331,Terra,MODIS,60,6.2,293.1,6.7,N,0
-12.0391,136.2095,308.3,1,1,2014-08-08,1331,Terra,MODIS,74,6.2,293.7,7.3,N,0
-11.932,133.4906,306.3,1.3,1.1,2014-08-08,1331,Terra,MODIS,67,6.2,293.4,8.7,N,0
-28.7333,149.8934,309.8,1.4,1.2,2014-08-08,1459,Aqua,MODIS,78,6.2,276.4,24.8,N,0
-34.4466,150.8757,307.3,1.1,1,2014-08-08,1501,Aqua,MODIS,71,6.2,280.3,11.7,N,0
-22.2198,115.5009,301.1,1,1,2014-08-08,1507,Terra,MODIS,37,6.2,286.9,6.1,N,0
-22.2183,115.5109,303.1,1,1,2014-08-08,1507,Terra,MODIS,53,6.2,287.2,7.3,N,0
-17.2419,122.8726,307.1,3.8,1.8,2014-08-08,1508,Terra,MODIS,51,6.2,291.3,54,N,0
-17.2482,122.8808,305.8,3.8,1.8,2014-08-08,1508,Terra,MODIS,37,6.2,291.1,47.8,N,0
-11.9303,133.4415,303.2,1,1,2014-08-08,1633,Aqua,MODIS,54,6.2,292.3,4.6,N,0
-11.7333,132.7423,311.4,1,1,2014-08-08,1633,Aqua,MODIS,82,6.2,292.6,11.1,N,0
-11.5502,133.0579,305.3,1,1,2014-08-08,1633,Aqua,MODIS,64,6.2,293.7,5.7,N,0
-11.5465,130.7864,305.4,1.2,1.1,2014-08-08,1633,Aqua,MODIS,64,6.2,291.6,9.2,N,0
-12.083,131.2819,307.2,1.2,1.1,2014-08-08,1634,Aqua,MODIS,52,6.2,294.3,7.5,N,0
-12.0846,131.2924,308.2,1.2,1.1,2014-08-08,1634,Aqua,MODIS,59,6.2,294.2,8.4,N,0
-14.4261,133.1338,306.6,1,1,2014-08-08,1634,Aqua,MODIS,69,6.2,291.9,7.2,N,0
-13.2011,130.8263,303.8,1.2,1.1,2014-08-08,1634,Aqua,MODIS,45,6.2,290.4,7.2,N,0
-13.2107,130.8247,304.6,1.2,1.1,2014-08-08,1634,Aqua,MODIS,61,6.2,290.9,7.8,N,0
-12.1631,131.2634,305.9,1.2,1.1,2014-08-08,1634,Aqua,MODIS,35,6.2,293.6,7.4,N,0
-12.1552,131.2754,305.7,1.2,1.1,2014-08-08,1634,Aqua,MODIS,52,6.2,292.9,7.2,N,0
-13.2124,130.8354,304,1.2,1.1,2014-08-08,1634,Aqua,MODIS,58,6.2,291.5,7,N,0
-13.3125,130.9546,319.1,1.2,1.1,2014-08-08,1634,Aqua,MODIS,98,6.2,293.7,20.2,N,0
-13.3221,130.953,348.5,1.2,1.1,2014-08-08,1634,Aqua,MODIS,100,6.2,295.6,72.5,N,0
-15.4746,132.4434,312.3,1,1,2014-08-08,1634,Aqua,MODIS,85,6.2,291.3,12.3,N,0
-15.4656,132.4448,301.2,1,1,2014-08-08,1634,Aqua,MODIS,39,6.2,290.3,5.2,N,0
-13.3237,130.9636,338.5,1.2,1.1,2014-08-08,1634,Aqua,MODIS,100,6.2,295.3,49.8,N,0
-13.2879,130.8602,314.1,1.2,1.1,2014-08-08,1634,Aqua,MODIS,89,6.2,292,16.2,N,0
-13.3158,130.9757,333.2,1.2,1.1,2014-08-08,1634,Aqua,MODIS,100,6.2,295.3,39.8,N,0
-13.3254,130.9742,307.1,1.2,1.1,2014-08-08,1634,Aqua,MODIS,57,6.2,293.1,8.4,N,0
-13.3141,130.9651,323.1,1.2,1.1,2014-08-08,1634,Aqua,MODIS,100,6.2,293.2,24.2,N,0
-13.3108,130.944,302.5,1.2,1.1,2014-08-08,1634,Aqua,MODIS,49,6.2,291.8,5.9,N,0
-13.2896,130.871,307.1,1.2,1.1,2014-08-08,1634,Aqua,MODIS,70,6.2,291.1,9.7,N,0
-17.2396,122.8977,303.4,3.6,1.8,2014-08-08,1635,Aqua,MODIS,26,6.2,288.6,39.4,N,0
-17.2146,122.908,309.4,3.6,1.8,2014-08-08,1635,Aqua,MODIS,77,6.2,287.1,65,N,0
-17.2277,122.5453,314,3.8,1.8,2014-08-08,1635,Aqua,MODIS,88,6.2,288.4,99.8,N,0
-17.2347,122.5388,316.9,3.8,1.8,2014-08-08,1635,Aqua,MODIS,94,6.2,288.6,117.9,N,0
-17.2305,122.9047,315.1,3.6,1.8,2014-08-08,1635,Aqua,MODIS,90,6.2,288.5,89.9,N,0
-16.135,144.6415,316.3,1.7,1.3,2014-08-09,0021,Terra,MODIS,52,6.2,297.6,19.1,D,0
-15.0535,142.8904,313.1,2.4,1.5,2014-08-09,0021,Terra,MODIS,55,6.2,296.1,22.7,D,0
-16.1722,144.6514,313.4,1.7,1.3,2014-08-09,0021,Terra,MODIS,19,6.2,297.2,14,D,0
-15.1347,141.783,323,2.9,1.6,2014-08-09,0021,Terra,MODIS,78,6.2,297.1,67.6,D,0
-16.1688,144.646,319.2,1.7,1.3,2014-08-09,0021,Terra,MODIS,60,6.2,298.2,24.9,D,0
-13.8994,141.49,316.5,3.3,1.7,2014-08-09,0021,Terra,MODIS,0,6.2,296.3,54.1,D,0
-16.1152,144.5956,320.5,1.7,1.3,2014-08-09,0021,Terra,MODIS,58,6.2,298.6,27.3,D,0
-15.0607,142.8819,310,2.4,1.5,2014-08-09,0021,Terra,MODIS,59,6.2,295,17.2,D,0
-16.1124,144.5796,316.9,1.7,1.3,2014-08-09,0021,Terra,MODIS,64,6.2,297,21.4,D,0
-15.0647,142.9041,312.9,2.4,1.5,2014-08-09,0021,Terra,MODIS,66,6.2,293.7,24.4,D,0
-15.1341,141.7891,322.2,2.9,1.6,2014-08-09,0021,Terra,MODIS,74,6.2,297.4,60.6,D,0
-18.0323,145.9835,308.3,1.3,1.1,2014-08-09,0022,Terra,MODIS,57,6.2,294.4,7.1,D,0
-21.4626,148.3914,320.9,1,1,2014-08-09,0022,Terra,MODIS,77,6.2,298.9,13,D,0
-17.796,138.7517,312.5,4.3,1.9,2014-08-09,0022,Terra,MODIS,59,6.2,297,47.3,D,0
-17.7977,138.7455,314.1,4.3,1.9,2014-08-09,0022,Terra,MODIS,64,6.2,296.8,56.8,D,0
-24.8536,147.0596,307.7,1,1,2014-08-09,0023,Terra,MODIS,36,6.2,296.1,4.2,D,0
-24.8565,147.0181,309.6,1,1,2014-08-09,0023,Terra,MODIS,60,6.2,296.1,5.9,D,0
-24.8581,147.0281,313.3,1,1,2014-08-09,0023,Terra,MODIS,69,6.2,296.5,8.2,D,0
-22.1284,149.3642,310.6,1,1,2014-08-09,0023,Terra,MODIS,58,6.2,292.9,7.9,D,0
-22.127,149.3544,313,1,1,2014-08-09,0023,Terra,MODIS,65,6.2,294.6,9.6,D,0
-27.1696,150.5076,310.7,1.2,1.1,2014-08-09,0024,Terra,MODIS,58,6.2,297.3,9.2,D,0
-27.2316,150.8565,307.4,1.3,1.1,2014-08-09,0024,Terra,MODIS,49,6.2,295.3,8.4,D,0
-27.2343,150.862,306.9,1.3,1.1,2014-08-09,0024,Terra,MODIS,50,6.2,295,8.2,D,0
-28.0061,147.4633,308.3,1,1,2014-08-09,0024,Terra,MODIS,48,6.2,297.2,3.8,D,0
-28.7213,148.7909,310,1.1,1,2014-08-09,0024,Terra,MODIS,37,6.2,298.7,5,D,0
-28.7228,148.8019,312.6,1.1,1,2014-08-09,0024,Terra,MODIS,50,6.2,298.4,7.6,D,0
-28.7292,148.7782,310.2,1.1,1,2014-08-09,0024,Terra,MODIS,31,6.2,299.6,5.3,D,0
-31.6301,146.6438,315,1,1,2014-08-09,0025,Terra,MODIS,75,6.2,292.6,12,D,0
-32.1334,146.7571,300.8,1,1,2014-08-09,0025,Terra,MODIS,41,6.2,290.5,3.9,D,0
-32.6634,142.6877,309.5,1.2,1.1,2014-08-09,0026,Terra,MODIS,67,6.2,290.2,9.2,D,0
-32.6656,142.7002,305.6,1.2,1.1,2014-08-09,0026,Terra,MODIS,59,6.2,289.8,5.9,D,0
-35.3704,149.9466,302.3,1.4,1.2,2014-08-09,0026,Terra,MODIS,51,6.2,283.8,12.1,D,0
-32.6628,142.6938,313.5,1.2,1.1,2014-08-09,0026,Terra,MODIS,73,6.2,290.4,12.5,D,0
-35.3687,149.9303,308.2,1.4,1.2,2014-08-09,0026,Terra,MODIS,67,6.2,285.4,18.2,D,0
-11.955,133.5667,323.8,2.7,1.6,2014-08-09,0158,Terra,MODIS,54,6.2,302.7,46.2,D,0
-11.9967,133.154,328.4,2.5,1.5,2014-08-09,0158,Terra,MODIS,80,6.2,306.5,56.7,D,0
-11.9773,133.5154,326.5,2.6,1.6,2014-08-09,0158,Terra,MODIS,74,6.2,304.4,51.3,D,0
-11.9158,133.4747,336.2,2.6,1.6,2014-08-09,0158,Terra,MODIS,73,6.2,303,112.8,D,0
-11.7546,133.2938,314.7,2.5,1.5,2014-08-09,0158,Terra,MODIS,42,6.2,301.2,17.4,D,0
-11.7652,133.1548,317.9,2.4,1.5,2014-08-09,0158,Terra,MODIS,61,6.2,301.2,28.9,D,0
-12.0741,133.395,319.5,2.6,1.5,2014-08-09,0158,Terra,MODIS,34,6.2,305.4,24.7,D,0
-12.1771,133.4302,338,2.6,1.6,2014-08-09,0158,Terra,MODIS,88,6.2,304.9,119.4,D,0
-11.9579,133.5907,341.4,2.7,1.6,2014-08-09,0158,Terra,MODIS,90,6.2,303.3,149.1,D,0
-12.0773,133.473,337.7,2.6,1.6,2014-08-09,0158,Terra,MODIS,88,6.2,304.8,114.2,D,0
-11.9249,133.4804,355,2.6,1.6,2014-08-09,0158,Terra,MODIS,97,6.2,305.3,257.4,D,0
-11.8245,133.4684,329,2.6,1.5,2014-08-09,0158,Terra,MODIS,81,6.2,304,67.7,D,0
-11.7517,133.1564,317.9,2.4,1.5,2014-08-09,0158,Terra,MODIS,62,6.2,301.4,29.4,D,0
-11.8298,133.4492,322.3,2.6,1.5,2014-08-09,0158,Terra,MODIS,47,6.2,304.1,32.7,D,0
-12.18,133.4538,348.8,2.6,1.6,2014-08-09,0158,Terra,MODIS,94,6.2,305.5,203.8,D,0
-11.9297,133.4729,367.5,2.6,1.6,2014-08-09,0158,Terra,MODIS,100,6.2,307,391.4,D,0
-11.9388,133.4787,337.6,2.6,1.6,2014-08-09,0158,Terra,MODIS,88,6.2,304.6,112.8,D,0
-11.9354,133.6433,316.4,2.7,1.6,2014-08-09,0158,Terra,MODIS,51,6.2,302.7,27.2,D,0
-11.9437,133.4713,327.2,2.6,1.6,2014-08-09,0158,Terra,MODIS,79,6.2,304.3,56.7,D,0
-11.8159,133.451,324.6,2.6,1.5,2014-08-09,0158,Terra,MODIS,62,6.2,303.4,42.9,D,0
-11.8217,133.4449,325.1,2.6,1.5,2014-08-09,0158,Terra,MODIS,77,6.2,303.8,48.8,D,0
-12.1889,133.5255,316.7,2.7,1.6,2014-08-09,0158,Terra,MODIS,50,6.2,304.1,22.4,D,0
-12.1711,133.4495,346.2,2.6,1.6,2014-08-09,0158,Terra,MODIS,93,6.2,305.5,180.8,D,0
-12.1684,133.4258,321.9,2.6,1.6,2014-08-09,0158,Terra,MODIS,57,6.2,304.4,34.1,D,0
-11.9326,133.4969,327.6,2.6,1.6,2014-08-09,0158,Terra,MODIS,68,6.2,303.9,58.6,D,0
-11.9358,133.4548,349.7,2.6,1.5,2014-08-09,0158,Terra,MODIS,95,6.2,305.4,202.9,D,0
-11.9189,133.433,341.5,2.6,1.5,2014-08-09,0158,Terra,MODIS,90,6.2,299.5,150.1,D,0
-11.9831,133.1557,322.8,2.5,1.5,2014-08-09,0158,Terra,MODIS,70,6.2,303.8,35.5,D,0
-11.9328,133.4312,347.8,2.6,1.5,2014-08-09,0158,Terra,MODIS,94,6.2,304.9,193.3,D,0
-11.9408,133.4473,325,2.6,1.5,2014-08-09,0158,Terra,MODIS,54,6.2,305.4,50.1,D,0
-11.9994,133.1764,322.5,2.5,1.5,2014-08-09,0158,Terra,MODIS,67,6.2,305.7,32.5,D,0
-12.0074,133.6044,316.8,2.7,1.6,2014-08-09,0158,Terra,MODIS,41,6.2,303.1,25.8,D,0
-11.9219,133.4565,388.1,2.6,1.5,2014-08-09,0158,Terra,MODIS,100,6.2,306.2,719.9,D,0
-11.8572,133.1605,313.3,2.5,1.5,2014-08-09,0158,Terra,MODIS,32,6.2,300.9,16.6,D,0
-11.9269,133.449,377.6,2.6,1.5,2014-08-09,0158,Terra,MODIS,100,6.2,305.3,536.5,D,0
-11.8327,133.4728,323,2.6,1.5,2014-08-09,0158,Terra,MODIS,53,6.2,304.4,35.6,D,0
-11.9894,133.1604,335.3,2.5,1.5,2014-08-09,0158,Terra,MODIS,86,6.2,305,92.5,D,0
-12.0802,133.497,321.1,2.6,1.6,2014-08-09,0158,Terra,MODIS,51,6.2,306.3,29.7,D,0
-11.9242,133.4256,352.8,2.6,1.5,2014-08-09,0158,Terra,MODIS,96,6.2,301.9,235.7,D,0
-11.913,133.451,333.2,2.6,1.5,2014-08-09,0158,Terra,MODIS,69,6.2,300.7,96,D,0
-11.9802,133.5392,336.4,2.6,1.6,2014-08-09,0158,Terra,MODIS,87,6.2,304.5,104.6,D,0
-11.9146,133.6278,316.4,2.7,1.6,2014-08-09,0158,Terra,MODIS,34,6.2,302.5,25.2,D,0
-12.027,133.4077,320.3,2.6,1.5,2014-08-09,0158,Terra,MODIS,49,6.2,305.4,26.7,D,0
-11.7087,133.1012,312.4,2.4,1.5,2014-08-09,0158,Terra,MODIS,37,6.2,299.9,15.4,D,0
-11.5576,133.0585,313,2.4,1.5,2014-08-09,0158,Terra,MODIS,0,6.2,300.4,16.1,D,0
-12.0103,133.0392,318.7,2.4,1.5,2014-08-09,0158,Terra,MODIS,40,6.2,303.8,21.6,D,0
-11.5654,132.7988,332,2.3,1.5,2014-08-09,0158,Terra,MODIS,65,6.2,303.6,69.3,D,0
-11.5522,132.8005,340.2,2.3,1.5,2014-08-09,0158,Terra,MODIS,90,6.2,304.3,113.2,D,0
-11.5627,132.7781,337.6,2.3,1.5,2014-08-09,0158,Terra,MODIS,88,6.2,302.4,94.5,D,0
-11.5468,132.7744,327.2,2.3,1.5,2014-08-09,0158,Terra,MODIS,38,6.2,302.2,48.5,D,0
-11.5493,132.7953,345.8,2.3,1.5,2014-08-09,0158,Terra,MODIS,93,6.2,305.1,144.3,D,0
-11.9105,133.0794,320.8,2.4,1.5,2014-08-09,0158,Terra,MODIS,64,6.2,303.7,32.4,D,0
-11.9942,133.019,319.2,2.4,1.5,2014-08-09,0158,Terra,MODIS,44,6.2,303.9,24.3,D,0
-11.8433,132.94,319.9,2.4,1.5,2014-08-09,0158,Terra,MODIS,69,6.2,303.1,34,D,0
-11.8866,133.0669,317.7,2.4,1.5,2014-08-09,0158,Terra,MODIS,63,6.2,303.4,27.4,D,0
-11.8386,132.9338,317.3,2.4,1.5,2014-08-09,0158,Terra,MODIS,15,6.2,302.8,23,D,0
-11.5599,132.7728,322,2.3,1.5,2014-08-09,0158,Terra,MODIS,35,6.2,301.7,32.1,D,0
-11.9132,133.1014,319.5,2.4,1.5,2014-08-09,0158,Terra,MODIS,60,6.2,302.5,27.2,D,0
-11.5365,132.7814,318.9,2.3,1.5,2014-08-09,0158,Terra,MODIS,67,6.2,304,27,D,0
-11.9915,132.9972,317.4,2.4,1.5,2014-08-09,0158,Terra,MODIS,31,6.2,303.8,18.6,D,0
-11.5624,132.7936,333.6,2.3,1.5,2014-08-09,0158,Terra,MODIS,85,6.2,303.3,80,D,0
-11.8141,132.8143,322.3,2.3,1.5,2014-08-09,0158,Terra,MODIS,24,6.2,301.8,34.4,D,0
-11.5496,132.7797,342.4,2.3,1.5,2014-08-09,0158,Terra,MODIS,91,6.2,302.6,123.3,D,0
-11.7712,130.3629,313.3,1.5,1.2,2014-08-09,0158,Terra,MODIS,0,6.2,300,10.4,D,0
-11.6571,132.8032,318.4,2.3,1.5,2014-08-09,0158,Terra,MODIS,67,6.2,303.7,24.1,D,0
-11.8499,132.8031,316.4,2.3,1.5,2014-08-09,0158,Terra,MODIS,57,6.2,302.4,20.8,D,0
-11.2717,131.3394,322.4,1.7,1.3,2014-08-09,0158,Terra,MODIS,56,6.2,302.6,25.8,D,0
-11.2737,131.3552,346.2,1.7,1.3,2014-08-09,0158,Terra,MODIS,71,6.2,304.1,104.4,D,0
-11.7031,133.0952,314.1,2.4,1.5,2014-08-09,0158,Terra,MODIS,54,6.2,300,21,D,0
-11.6538,132.7969,316.2,2.3,1.5,2014-08-09,0158,Terra,MODIS,58,6.2,303.3,16.9,D,0
-11.5526,130.784,333.5,1.6,1.2,2014-08-09,0158,Terra,MODIS,84,6.2,304.1,49.3,D,0
-11.6724,130.9118,320.5,1.6,1.3,2014-08-09,0158,Terra,MODIS,55,6.2,301.3,19.8,D,0
-11.5758,132.7764,321.5,2.3,1.5,2014-08-09,0158,Terra,MODIS,29,6.2,302,29.6,D,0
-11.6043,130.8303,325.3,1.6,1.3,2014-08-09,0158,Terra,MODIS,65,6.2,304.4,26.5,D,0
-11.6571,130.8834,318.8,1.6,1.3,2014-08-09,0158,Terra,MODIS,20,6.2,303.7,14.4,D,0
-11.6591,130.8984,334.4,1.6,1.3,2014-08-09,0158,Terra,MODIS,85,6.2,303.8,53.2,D,0
-11.6704,130.8968,346,1.6,1.3,2014-08-09,0158,Terra,MODIS,93,6.2,304.3,92.2,D,0
-11.664,131.1135,317.4,1.7,1.3,2014-08-09,0158,Terra,MODIS,30,6.2,302.5,14.9,D,0
-11.666,131.1292,329.5,1.7,1.3,2014-08-09,0158,Terra,MODIS,80,6.2,305.1,42.9,D,0
-11.668,131.1447,317.5,1.7,1.3,2014-08-09,0158,Terra,MODIS,29,6.2,304.4,13.8,D,0
-11.5664,131.3145,320.8,1.8,1.3,2014-08-09,0158,Terra,MODIS,63,6.2,302.6,24,D,0
-11.5624,131.3092,316.3,1.8,1.3,2014-08-09,0158,Terra,MODIS,45,6.2,302.1,15.7,D,0
-11.5761,131.3238,314.6,1.8,1.3,2014-08-09,0158,Terra,MODIS,33,6.2,301.6,13.3,D,0
-11.6419,130.8553,328,1.6,1.3,2014-08-09,0158,Terra,MODIS,79,6.2,303.5,33.6,D,0
-11.7658,130.4902,312.3,1.5,1.2,2014-08-09,0158,Terra,MODIS,30,6.2,300.5,7.5,D,0
-11.4329,130.5731,316.5,1.5,1.2,2014-08-09,0158,Terra,MODIS,17,6.2,302.3,12.4,D,0
-11.4219,130.5747,316.6,1.5,1.2,2014-08-09,0158,Terra,MODIS,14,6.2,301.8,11.7,D,0
-14.3005,126.6745,321.2,1,1,2014-08-09,0159,Terra,MODIS,61,6.2,307,8.4,D,0
-14.3062,129.4528,324.9,1.4,1.2,2014-08-09,0159,Terra,MODIS,63,6.2,304.2,21.4,D,0
-14.386,129.5286,318.1,1.4,1.2,2014-08-09,0159,Terra,MODIS,60,6.2,304.5,11.6,D,0
-14.3843,129.5155,322.5,1.4,1.2,2014-08-09,0159,Terra,MODIS,70,6.2,304.6,18.5,D,0
-13.8947,130.0611,322.1,1.5,1.2,2014-08-09,0159,Terra,MODIS,68,6.2,302.5,20.7,D,0
-13.651,130.3916,321.5,1.6,1.2,2014-08-09,0159,Terra,MODIS,68,6.2,302.6,25.8,D,0
-13.8929,130.0473,327.7,1.5,1.2,2014-08-09,0159,Terra,MODIS,77,6.2,302.9,31.7,D,0
-13.1965,130.8575,325.6,1.7,1.3,2014-08-09,0159,Terra,MODIS,67,6.2,305.1,27.2,D,0
-12.2581,131.1923,318.1,1.8,1.3,2014-08-09,0159,Terra,MODIS,32,6.2,303.4,16.7,D,0
-14.4329,135.2005,314,3.8,1.8,2014-08-09,0159,Terra,MODIS,45,6.2,301.2,43.8,D,0
-12.8548,132.2936,319.8,2.2,1.4,2014-08-09,0159,Terra,MODIS,56,6.2,304.5,23.9,D,0
-13.202,130.8088,325,1.7,1.3,2014-08-09,0159,Terra,MODIS,57,6.2,306.5,27.8,D,0
-12.8382,132.2618,325,2.2,1.4,2014-08-09,0159,Terra,MODIS,74,6.2,304.2,37.4,D,0
-12.807,132.3264,321.3,2.2,1.4,2014-08-09,0159,Terra,MODIS,70,6.2,305.7,23.7,D,0
-14.4291,135.165,317.2,3.8,1.8,2014-08-09,0159,Terra,MODIS,61,6.2,300.9,61,D,0
-12.7704,132.1313,337.2,2.1,1.4,2014-08-09,0159,Terra,MODIS,87,6.2,306.2,87.7,D,0
-12.7831,132.1298,330.7,2.1,1.4,2014-08-09,0159,Terra,MODIS,82,6.2,306.4,58.8,D,0
-13.2,130.7933,331.2,1.7,1.3,2014-08-09,0159,Terra,MODIS,81,6.2,306.1,45.2,D,0
-13.183,130.8432,345.9,1.7,1.3,2014-08-09,0159,Terra,MODIS,92,6.2,305.6,96.1,D,0
-13.181,130.8276,328.2,1.7,1.3,2014-08-09,0159,Terra,MODIS,61,6.2,303,35.7,D,0
-14.4388,135.1927,315.1,3.8,1.8,2014-08-09,0159,Terra,MODIS,42,6.2,301.1,46,D,0
-13.1945,130.8416,322.5,1.7,1.3,2014-08-09,0159,Terra,MODIS,33,6.2,306.9,21.1,D,0
-12.8407,132.2817,328.4,2.2,1.4,2014-08-09,0159,Terra,MODIS,79,6.2,306.1,49.5,D,0
-12.7679,132.1178,380.2,2.1,1.4,2014-08-09,0159,Terra,MODIS,100,6.2,310.5,430.9,D,0
-12.7654,132.0986,345.1,2.1,1.4,2014-08-09,0159,Terra,MODIS,92,6.2,303.7,129.1,D,0
-12.8561,132.3,321.2,2.2,1.4,2014-08-09,0159,Terra,MODIS,59,6.2,304.4,27.2,D,0
-12.7808,132.1105,335.6,2.1,1.4,2014-08-09,0159,Terra,MODIS,86,6.2,306.7,79.4,D,0
-12.7681,132.112,382.2,2.1,1.4,2014-08-09,0159,Terra,MODIS,100,6.2,310.5,454.8,D,0
-12.7703,132.1371,319.1,2.1,1.4,2014-08-09,0159,Terra,MODIS,67,6.2,304.7,23.1,D,0
-13.2095,130.7763,317.5,1.7,1.3,2014-08-09,0159,Terra,MODIS,34,6.2,305,12.1,D,0
-13.2006,130.8896,320.2,1.7,1.3,2014-08-09,0159,Terra,MODIS,50,6.2,305.2,15.9,D,0
-13.3033,130.8857,322.8,1.7,1.3,2014-08-09,0159,Terra,MODIS,57,6.2,304,21.6,D,0
-13.9109,131.0696,316.4,1.8,1.3,2014-08-09,0159,Terra,MODIS,21,6.2,303,13.8,D,0
-13.561,131.5778,327.8,2,1.4,2014-08-09,0159,Terra,MODIS,78,6.2,304.2,41.4,D,0
-13.2877,130.8558,333.3,1.7,1.3,2014-08-09,0159,Terra,MODIS,83,6.2,305.6,48.2,D,0
-13.6148,130.9912,321.3,1.8,1.3,2014-08-09,0159,Terra,MODIS,67,6.2,307.7,16.7,D,0
-13.3326,130.9573,327.8,1.8,1.3,2014-08-09,0159,Terra,MODIS,77,6.2,304.7,37,D,0
-13.3013,130.87,347.6,1.7,1.3,2014-08-09,0159,Terra,MODIS,93,6.2,306.3,102.3,D,0
-13.6097,130.9855,323.6,1.8,1.3,2014-08-09,0159,Terra,MODIS,45,6.2,307.1,19.5,D,0
-13.3231,130.948,340.6,1.7,1.3,2014-08-09,0159,Terra,MODIS,89,6.2,306.8,72.4,D,0
-13.5733,131.5761,319.9,2,1.4,2014-08-09,0159,Terra,MODIS,52,6.2,304.5,19.8,D,0
-13.2992,130.8543,338.7,1.7,1.3,2014-08-09,0159,Terra,MODIS,87,6.2,304.1,66.8,D,0
-13.647,130.9975,321.1,1.8,1.3,2014-08-09,0159,Terra,MODIS,64,6.2,305.6,16.4,D,0
-13.3307,130.9411,322.3,1.7,1.3,2014-08-09,0159,Terra,MODIS,45,6.2,303.9,22.7,D,0
-13.6127,130.9749,323,1.8,1.3,2014-08-09,0159,Terra,MODIS,71,6.2,305.8,21,D,0
-13.63,131.5997,322.9,2,1.4,2014-08-09,0159,Terra,MODIS,72,6.2,306.1,28.1,D,0
-13.3252,130.9641,334.1,1.8,1.3,2014-08-09,0159,Terra,MODIS,76,6.2,306.6,50.3,D,0
-15.297,134.2959,314.9,3.4,1.7,2014-08-09,0159,Terra,MODIS,55,6.2,303.1,30.4,D,0
-15.3023,134.3021,315.8,3.4,1.7,2014-08-09,0159,Terra,MODIS,59,6.2,303,34.6,D,0
-14.7298,131.6561,328.1,2.1,1.4,2014-08-09,0159,Terra,MODIS,79,6.2,303.4,47.9,D,0
-17.5018,122.6802,413.8,1.1,1.1,2014-08-09,0200,Terra,MODIS,100,6.2,318.7,396.5,D,0
-17.1211,122.6082,319.2,1.1,1.1,2014-08-09,0200,Terra,MODIS,59,6.2,304.7,9.3,D,0
-17.5029,122.7818,322.2,1.1,1,2014-08-09,0200,Terra,MODIS,36,6.2,301.9,10.9,D,0
-17.5051,122.701,345,1.1,1.1,2014-08-09,0200,Terra,MODIS,92,6.2,307,51.4,D,0
-17.5145,122.6994,337,1.1,1.1,2014-08-09,0200,Terra,MODIS,86,6.2,301.8,35.1,D,0
-17.5162,122.7098,359.6,1.1,1.1,2014-08-09,0200,Terra,MODIS,99,6.2,304.2,89.3,D,0
-17.5178,122.7201,326.1,1.1,1.1,2014-08-09,0200,Terra,MODIS,76,6.2,302.1,18.1,D,0
-17.2397,122.8663,409.5,1.1,1,2014-08-09,0200,Terra,MODIS,100,6.2,313,348.7,D,0
-17.2413,122.8766,356,1.1,1,2014-08-09,0200,Terra,MODIS,98,6.2,306.7,72.3,D,0
-17.2491,122.8647,340.4,1.1,1,2014-08-09,0200,Terra,MODIS,89,6.2,304.1,38.5,D,0
-17.2549,122.8677,319.4,1.1,1,2014-08-09,0200,Terra,MODIS,61,6.2,302.8,10.4,D,0
-17.2802,122.9055,322.9,1.1,1,2014-08-09,0200,Terra,MODIS,66,6.2,300.3,15.6,D,0
-17.2896,122.9039,350.7,1.1,1,2014-08-09,0200,Terra,MODIS,95,6.2,303.6,64.3,D,0
-17.2973,122.8921,333.9,1.1,1,2014-08-09,0200,Terra,MODIS,83,6.2,302.2,27.8,D,0
-17.2989,122.9023,330.5,1.1,1,2014-08-09,0200,Terra,MODIS,74,6.2,302.3,23.5,D,0
-16.8275,128.1975,324.3,1.3,1.1,2014-08-09,0200,Terra,MODIS,39,6.2,307.8,13.1,D,0
-16.8175,128.1989,328.3,1.3,1.1,2014-08-09,0200,Terra,MODIS,77,6.2,308.5,20.3,D,0
-17.4289,122.7413,320.9,1.1,1.1,2014-08-09,0200,Terra,MODIS,61,6.2,302.1,9.9,D,0
-17.2254,122.8369,318.6,1.1,1,2014-08-09,0200,Terra,MODIS,46,6.2,301.2,10.5,D,0
-17.2287,122.8576,335,1.1,1,2014-08-09,0200,Terra,MODIS,65,6.2,302.8,28.5,D,0
-17.2381,122.856,344.1,1.1,1,2014-08-09,0200,Terra,MODIS,88,6.2,301.3,45.6,D,0
-17.2533,122.8574,328.9,1.1,1,2014-08-09,0200,Terra,MODIS,78,6.2,302.9,21.8,D,0
-17.4105,122.6268,320.4,1.1,1.1,2014-08-09,0200,Terra,MODIS,55,6.2,305,9.3,D,0
-16.536,123.8031,318.4,1,1,2014-08-09,0200,Terra,MODIS,61,6.2,303.5,7.7,D,0
-17.1833,122.8756,400.1,1.1,1,2014-08-09,0200,Terra,MODIS,100,6.2,309.9,281.8,D,0
-17.1849,122.8859,365.9,1.1,1,2014-08-09,0200,Terra,MODIS,100,6.2,308.2,106.5,D,0
-17.1927,122.874,368.6,1.1,1,2014-08-09,0200,Terra,MODIS,100,6.2,303.7,116.5,D,0
-17.1943,122.8843,350.6,1.1,1,2014-08-09,0200,Terra,MODIS,95,6.2,306.1,59.6,D,0
-17.3368,122.5593,319.2,1.1,1.1,2014-08-09,0200,Terra,MODIS,49,6.2,305,7.4,D,0
-17.3799,122.5845,331.6,1.1,1.1,2014-08-09,0200,Terra,MODIS,82,6.2,304,25.2,D,0
-17.3815,122.5951,326.7,1.1,1.1,2014-08-09,0200,Terra,MODIS,73,6.2,305,17,D,0
-17.1161,122.6042,322.3,1.1,1.1,2014-08-09,0200,Terra,MODIS,70,6.2,304.9,12.2,D,0
-17.4633,122.7142,341,1.1,1.1,2014-08-09,0200,Terra,MODIS,89,6.2,304.1,39.8,D,0
-17.4711,122.7022,322.5,1.1,1.1,2014-08-09,0200,Terra,MODIS,28,6.2,302.2,12.3,D,0
-17.4727,122.7126,336.1,1.1,1.1,2014-08-09,0200,Terra,MODIS,86,6.2,304.6,30.5,D,0
-17.4805,122.7006,348.4,1.1,1.1,2014-08-09,0200,Terra,MODIS,94,6.2,305.3,55.3,D,0
-17.4899,122.699,327.8,1.1,1.1,2014-08-09,0200,Terra,MODIS,35,6.2,302.2,16.1,D,0
-17.4945,122.6661,349.9,1.1,1.1,2014-08-09,0200,Terra,MODIS,95,6.2,301.2,65.3,D,0
-17.4961,122.6766,414.9,1.1,1.1,2014-08-09,0200,Terra,MODIS,100,6.2,317.1,407,D,0
-17.4977,122.687,359.5,1.1,1.1,2014-08-09,0200,Terra,MODIS,99,6.2,312.3,89.6,D,0
-17.2585,122.524,319,1.1,1.1,2014-08-09,0200,Terra,MODIS,57,6.2,304.9,8.7,D,0
-17.249,122.5257,328.7,1.1,1.1,2014-08-09,0200,Terra,MODIS,78,6.2,307,20.4,D,0
-17.2473,122.5151,338.5,1.1,1.1,2014-08-09,0200,Terra,MODIS,87,6.2,307.1,38.2,D,0
-17.1882,122.9064,325.3,1.1,1,2014-08-09,0200,Terra,MODIS,26,6.2,303.5,14.9,D,0
-17.1865,122.8961,342.4,1.1,1,2014-08-09,0200,Terra,MODIS,90,6.2,306.4,42.4,D,0
-17.1772,122.8977,322.9,1.1,1,2014-08-09,0200,Terra,MODIS,56,6.2,303.2,12.9,D,0
-17.8428,123.6149,321.7,1,1,2014-08-09,0200,Terra,MODIS,46,6.2,307.9,7.2,D,0
-17.8705,123.4911,408.3,1,1,2014-08-09,0200,Terra,MODIS,100,6.2,313.9,311.8,D,0
-17.872,123.5008,396.6,1,1,2014-08-09,0200,Terra,MODIS,100,6.2,313.9,233.8,D,0
-17.8735,123.5106,364.2,1,1,2014-08-09,0200,Terra,MODIS,100,6.2,310.1,90.3,D,0
-17.875,123.5203,377.6,1,1,2014-08-09,0200,Terra,MODIS,100,6.2,313.4,137.9,D,0
-17.8765,123.53,328.7,1,1,2014-08-09,0200,Terra,MODIS,78,6.2,308.3,14.5,D,0
-18.7621,128.6134,318.9,1.4,1.2,2014-08-09,0200,Terra,MODIS,64,6.2,306.9,11.3,D,0
-18.7638,128.6269,325.4,1.4,1.2,2014-08-09,0200,Terra,MODIS,76,6.2,306.9,23.1,D,0
-17.5001,122.6698,382.4,1.1,1.1,2014-08-09,0200,Terra,MODIS,100,6.2,306.1,183.2,D,0
-16.4874,123.7913,325.7,1,1,2014-08-09,0200,Terra,MODIS,75,6.2,302.8,16.1,D,0
-16.4889,123.801,319.3,1,1,2014-08-09,0200,Terra,MODIS,64,6.2,302.3,9.1,D,0
-17.4305,122.7516,318.5,1.1,1,2014-08-09,0200,Terra,MODIS,52,6.2,303.6,6.7,D,0
-17.4366,122.7294,326.9,1.1,1.1,2014-08-09,0200,Terra,MODIS,66,6.2,302.2,17.7,D,0
-17.4461,122.7277,331,1.1,1.1,2014-08-09,0200,Terra,MODIS,76,6.2,303.8,22.8,D,0
-17.5034,122.6906,403.1,1.1,1.1,2014-08-09,0200,Terra,MODIS,100,6.2,317,309.1,D,0
-17.5228,122.7511,323,1.1,1,2014-08-09,0200,Terra,MODIS,67,6.2,301.5,13.9,D,0
-16.8201,128.1443,336.7,1.3,1.1,2014-08-09,0200,Terra,MODIS,86,6.2,306.8,39.2,D,0
-17.1776,127.9971,317.7,1.3,1.1,2014-08-09,0200,Terra,MODIS,52,6.2,302.8,10,D,0
-17.1791,128.0087,326.3,1.3,1.1,2014-08-09,0200,Terra,MODIS,77,6.2,303.7,22.1,D,0
-17.1891,128.0074,318.6,1.3,1.1,2014-08-09,0200,Terra,MODIS,64,6.2,303.4,11.8,D,0
-17.1906,128.0191,315.2,1.3,1.1,2014-08-09,0200,Terra,MODIS,44,6.2,302.8,7.5,D,0
-16.8211,128.1501,337.5,1.3,1.1,2014-08-09,0200,Terra,MODIS,87,6.2,307.1,40.3,D,0
-15.4219,128.8851,318.5,1.3,1.1,2014-08-09,0200,Terra,MODIS,41,6.2,305.7,9.2,D,0
-15.4986,128.3137,333.6,1.2,1.1,2014-08-09,0200,Terra,MODIS,83,6.2,306.9,34,D,0
-15.5001,128.3252,327.8,1.2,1.1,2014-08-09,0200,Terra,MODIS,77,6.2,303.1,23.7,D,0
-16.8216,128.1562,321.8,1.3,1.1,2014-08-09,0200,Terra,MODIS,59,6.2,306.7,11,D,0
-16.8195,128.1383,327.2,1.3,1.1,2014-08-09,0200,Terra,MODIS,77,6.2,305.6,21.7,D,0
-18.9072,121.8747,339.7,1.2,1.1,2014-08-09,0201,Terra,MODIS,88,6.2,306.6,37.9,D,0
-18.9212,121.8382,324.3,1.2,1.1,2014-08-09,0201,Terra,MODIS,62,6.2,306,14,D,0
-18.923,121.8492,323.4,1.2,1.1,2014-08-09,0201,Terra,MODIS,60,6.2,305.4,12.9,D,0
-18.8587,122.0243,325,1.2,1.1,2014-08-09,0201,Terra,MODIS,46,6.2,306.6,13.2,D,0
-18.8708,122.0162,321.3,1.2,1.1,2014-08-09,0201,Terra,MODIS,62,6.2,306.1,10.6,D,0
-18.8211,121.9749,332.6,1.2,1.1,2014-08-09,0201,Terra,MODIS,80,6.2,306.9,25.1,D,0
-18.8229,121.9858,328.4,1.2,1.1,2014-08-09,0201,Terra,MODIS,41,6.2,308.1,17.5,D,0
-18.8579,121.9572,321,1.2,1.1,2014-08-09,0201,Terra,MODIS,54,6.2,307.3,7.9,D,0
-18.8943,121.9785,324.2,1.2,1.1,2014-08-09,0201,Terra,MODIS,28,6.2,307.1,11.5,D,0
-18.896,121.9894,332.1,1.2,1.1,2014-08-09,0201,Terra,MODIS,82,6.2,307.2,24.6,D,0
-18.9039,121.9768,326.5,1.2,1.1,2014-08-09,0201,Terra,MODIS,74,6.2,305.8,16.1,D,0
-18.9056,121.9877,323.5,1.2,1.1,2014-08-09,0201,Terra,MODIS,65,6.2,305.2,12.6,D,0
-18.91,121.9533,367.9,1.2,1.1,2014-08-09,0201,Terra,MODIS,100,6.2,309.1,120.4,D,0
-18.9117,121.9642,364.7,1.2,1.1,2014-08-09,0201,Terra,MODIS,100,6.2,308.6,109,D,0
-18.909,121.8857,329.2,1.2,1.1,2014-08-09,0201,Terra,MODIS,58,6.2,306.9,19.1,D,0
-18.9143,121.9187,323.6,1.2,1.1,2014-08-09,0201,Terra,MODIS,37,6.2,305.4,11.8,D,0
-18.9161,121.9297,324.2,1.2,1.1,2014-08-09,0201,Terra,MODIS,46,6.2,304.3,13,D,0
-18.9187,121.884,324.6,1.2,1.1,2014-08-09,0201,Terra,MODIS,51,6.2,305.9,14.2,D,0
-18.8735,121.7894,321.8,1.2,1.1,2014-08-09,0201,Terra,MODIS,26,6.2,305.8,10.7,D,0
-18.8796,121.7654,358.2,1.2,1.1,2014-08-09,0201,Terra,MODIS,99,6.2,308,92.1,D,0
-18.8814,121.7765,341.5,1.2,1.1,2014-08-09,0201,Terra,MODIS,90,6.2,308,44.5,D,0
-18.8832,121.7877,328.6,1.2,1.1,2014-08-09,0201,Terra,MODIS,56,6.2,306.6,19.4,D,0
-22.7217,119.9479,326,1.3,1.1,2014-08-09,0202,Terra,MODIS,78,6.2,302.2,26.2,D,0
-22.7238,119.9605,314.4,1.3,1.1,2014-08-09,0202,Terra,MODIS,56,6.2,300.4,9.1,D,0
-26.6934,149.6873,310.1,4.7,2,2014-08-09,0306,Aqua,MODIS,26,6.2,298.2,44.6,D,0
-26.6947,149.6472,318.9,4.7,2,2014-08-09,0306,Aqua,MODIS,70,6.2,298,117.8,D,0
-26.6967,149.6389,315.7,4.7,2,2014-08-09,0306,Aqua,MODIS,64,6.2,297.6,90.7,D,0
-32.4567,146.5473,305.7,2.4,1.5,2014-08-09,0442,Aqua,MODIS,55,6.2,295.3,15.3,D,0
-32.6758,142.688,320.6,1.4,1.2,2014-08-09,0443,Aqua,MODIS,58,6.2,296.5,20.1,D,0
-32.6731,142.7024,330.2,1.4,1.2,2014-08-09,0443,Aqua,MODIS,85,6.2,296.5,37.3,D,0
-32.6677,142.6942,329.6,1.4,1.2,2014-08-09,0443,Aqua,MODIS,76,6.2,296.3,35.3,D,0
-15.8015,135.4168,345.8,1,1,2014-08-09,0447,Aqua,MODIS,91,6.2,311.3,40.9,D,0
-19.8967,128.4906,323.3,2.2,1.4,2014-08-09,0447,Aqua,MODIS,67,6.2,307.3,31.4,D,0
-19.9011,128.449,322.5,2.2,1.4,2014-08-09,0447,Aqua,MODIS,65,6.2,307.5,28.6,D,0
-19.8882,128.4474,328.5,2.2,1.4,2014-08-09,0447,Aqua,MODIS,76,6.2,307.7,48.6,D,0
-15.8056,137.0648,327.8,1.2,1.1,2014-08-09,0447,Aqua,MODIS,46,6.2,303.9,21.8,D,0
-16.8602,136.81,325.5,1.1,1.1,2014-08-09,0447,Aqua,MODIS,49,6.2,311.5,10.7,D,0
-16.8915,136.9247,333.7,1.2,1.1,2014-08-09,0447,Aqua,MODIS,82,6.2,311.8,25.7,D,0
-16.8182,136.8616,335.6,1.1,1.1,2014-08-09,0447,Aqua,MODIS,82,6.2,310.6,27.7,D,0
-16.8086,136.86,388.8,1.1,1.1,2014-08-09,0447,Aqua,MODIS,100,6.2,319.6,218,D,0
-15.8171,137.0553,331.7,1.2,1.1,2014-08-09,0447,Aqua,MODIS,59,6.2,301.4,29,D,0
-15.8073,137.0536,330,1.2,1.1,2014-08-09,0447,Aqua,MODIS,38,6.2,303.6,24.7,D,0
-15.8154,137.0664,319.2,1.2,1.1,2014-08-09,0447,Aqua,MODIS,9,6.2,301.7,10.6,D,0
-15.8136,137.0776,319.7,1.2,1.1,2014-08-09,0447,Aqua,MODIS,17,6.2,301.7,11.3,D,0
-18.7664,128.627,323.3,2,1.4,2014-08-09,0447,Aqua,MODIS,67,6.2,310.3,26.5,D,0
-17.8961,123.4969,334.4,4.8,2,2014-08-09,0447,Aqua,MODIS,84,6.2,303.1,233.4,D,0
-17.8627,123.4899,323.9,4.8,2,2014-08-09,0447,Aqua,MODIS,71,6.2,303.4,88.9,D,0
-18.7657,128.6219,323.2,2,1.4,2014-08-09,0447,Aqua,MODIS,65,6.2,310.7,24.5,D,0
-17.8759,123.5025,326,4.8,2,2014-08-09,0447,Aqua,MODIS,68,6.2,304.2,118.8,D,0
-17.8941,123.5044,335.6,4.8,2,2014-08-09,0447,Aqua,MODIS,85,6.2,303.5,255.9,D,0
-17.8902,123.5503,317.7,4.8,2,2014-08-09,0447,Aqua,MODIS,43,6.2,303.5,53.4,D,0
-16.8146,128.1955,324.3,2.1,1.4,2014-08-09,0447,Aqua,MODIS,59,6.2,311.9,24.8,D,0
-17.8779,123.4951,326.4,4.8,2,2014-08-09,0447,Aqua,MODIS,69,6.2,304,120.3,D,0
-17.8919,123.5428,321,4.8,2,2014-08-09,0447,Aqua,MODIS,53,6.2,303.5,78.7,D,0
-16.5466,128.4871,327.3,1.9,1.4,2014-08-09,0447,Aqua,MODIS,74,6.2,312.2,32.5,D,0
-19.6248,126.2665,379,3.2,1.7,2014-08-09,0447,Aqua,MODIS,100,6.2,312.2,727.9,D,0
-19.6276,126.2362,326.5,3.2,1.7,2014-08-09,0447,Aqua,MODIS,73,6.2,308.5,62.4,D,0
-17.1883,127.9866,317.2,2.2,1.4,2014-08-09,0447,Aqua,MODIS,32,6.2,305.3,16.5,D,0
-19.6239,126.2898,339.4,3.1,1.7,2014-08-09,0447,Aqua,MODIS,87,6.2,308.7,159.4,D,0
-19.6269,126.2596,374.9,3.2,1.7,2014-08-09,0447,Aqua,MODIS,100,6.2,312.1,645.5,D,0
-17.1876,128.002,328.7,2.2,1.4,2014-08-09,0447,Aqua,MODIS,77,6.2,307,53.4,D,0
-17.1747,128.0005,318.4,2.2,1.4,2014-08-09,0447,Aqua,MODIS,51,6.2,305.5,20.8,D,0
-17.1989,128.0084,316.7,2.2,1.4,2014-08-09,0447,Aqua,MODIS,31,6.2,305.8,15.4,D,0
-17.186,128.007,332,2.2,1.4,2014-08-09,0447,Aqua,MODIS,81,6.2,307.1,66.7,D,0
-15.8962,136.1397,333.7,1.1,1,2014-08-09,0447,Aqua,MODIS,26,6.2,312.4,21.3,D,0
-16.0905,135.4519,343.4,1,1,2014-08-09,0447,Aqua,MODIS,89,6.2,312.4,36.8,D,0
-15.9149,136.1428,373,1.1,1,2014-08-09,0447,Aqua,MODIS,100,6.2,313.6,128.6,D,0
-15.8001,135.4264,342.6,1,1,2014-08-09,0447,Aqua,MODIS,89,6.2,311.7,34.8,D,0
-15.9164,136.1327,327.1,1.1,1,2014-08-09,0447,Aqua,MODIS,65,6.2,308.3,12.7,D,0
-15.9133,136.1529,325.6,1.1,1,2014-08-09,0447,Aqua,MODIS,37,6.2,311.3,10.8,D,0
-15.9242,136.1444,338.7,1.1,1,2014-08-09,0447,Aqua,MODIS,85,6.2,312,29.9,D,0
-15.9086,136.121,333,1.1,1,2014-08-09,0447,Aqua,MODIS,64,6.2,309.1,20.9,D,0
-16.0814,135.4504,330.4,1,1,2014-08-09,0447,Aqua,MODIS,76,6.2,310.3,15.7,D,0
-15.8884,136.1281,319.9,1.1,1,2014-08-09,0447,Aqua,MODIS,16,6.2,307.7,6.3,D,0
-15.9227,136.1545,334.8,1.1,1,2014-08-09,0447,Aqua,MODIS,81,6.2,310.9,23.4,D,0
-15.8868,136.1382,328.1,1.1,1,2014-08-09,0447,Aqua,MODIS,72,6.2,309.9,16.2,D,0
-15.907,136.1312,346.3,1.1,1,2014-08-09,0447,Aqua,MODIS,91,6.2,312.1,44.4,D,0
-15.8992,136.1195,369,1.1,1,2014-08-09,0447,Aqua,MODIS,100,6.2,312.8,112.2,D,0
-15.8977,136.1296,381.2,1.1,1,2014-08-09,0447,Aqua,MODIS,100,6.2,316.1,162.8,D,0
-16.1639,136.1918,326.1,1.1,1,2014-08-09,0447,Aqua,MODIS,68,6.2,313.9,7.1,D,0
-16.1624,136.2019,356.8,1.1,1,2014-08-09,0447,Aqua,MODIS,98,6.2,314.1,68.4,D,0
-12.3842,134.8079,327.5,1,1,2014-08-09,0448,Aqua,MODIS,63,6.2,308.2,13.6,D,0
-12.3313,135.2265,328.7,1.1,1,2014-08-09,0448,Aqua,MODIS,38,6.2,302.5,17.4,D,0
-13.9224,135.8582,322.2,1.1,1,2014-08-09,0448,Aqua,MODIS,66,6.2,304.5,12.5,D,0
-13.9209,135.8684,317,1.1,1.1,2014-08-09,0448,Aqua,MODIS,38,6.2,304.8,7.4,D,0
-13.9194,135.8786,322,1.1,1.1,2014-08-09,0448,Aqua,MODIS,65,6.2,303.9,12.4,D,0
-12.4373,134.9395,326.2,1.1,1,2014-08-09,0448,Aqua,MODIS,66,6.2,307.3,11.9,D,0
-13.5926,132.266,327.7,1.1,1,2014-08-09,0448,Aqua,MODIS,57,6.2,311,12,D,0
-12.3157,134.771,323.2,1,1,2014-08-09,0448,Aqua,MODIS,22,6.2,309.3,9.3,D,0
-12.3143,134.7806,331.5,1,1,2014-08-09,0448,Aqua,MODIS,79,6.2,307.2,20.3,D,0
-13.6447,130.9832,328.7,1.2,1.1,2014-08-09,0448,Aqua,MODIS,47,6.2,311.9,12.6,D,0
-12.3554,132.6453,361.8,1,1,2014-08-09,0448,Aqua,MODIS,100,6.2,315.5,73.9,D,0
-12.3644,132.6466,340.5,1,1,2014-08-09,0448,Aqua,MODIS,86,6.2,315.1,27.2,D,0
-12.3631,132.6559,332.6,1,1,2014-08-09,0448,Aqua,MODIS,64,6.2,312.6,14.5,D,0
-12.3735,132.6479,344.3,1,1,2014-08-09,0448,Aqua,MODIS,90,6.2,312.7,37,D,0
-13.306,130.923,348.8,1.2,1.1,2014-08-09,0448,Aqua,MODIS,93,6.2,312.4,56.8,D,0
-13.3045,130.934,352.5,1.2,1.1,2014-08-09,0448,Aqua,MODIS,95,6.2,314.2,66.7,D,0
-13.305,130.8548,330.2,1.2,1.1,2014-08-09,0448,Aqua,MODIS,45,6.2,311.1,17.7,D,0
-13.3104,130.8898,341.2,1.2,1.1,2014-08-09,0448,Aqua,MODIS,86,6.2,311.3,38.7,D,0
-13.2972,130.9889,341.2,1.2,1.1,2014-08-09,0448,Aqua,MODIS,86,6.2,312.4,36.5,D,0
-13.334,130.9381,344.7,1.2,1.1,2014-08-09,0448,Aqua,MODIS,89,6.2,311.7,46.5,D,0
-12.3269,132.6506,372.3,1,1,2014-08-09,0448,Aqua,MODIS,100,6.2,316,108.5,D,0
-13.614,130.9724,333.7,1.2,1.1,2014-08-09,0448,Aqua,MODIS,54,6.2,313.2,21.1,D,0
-13.3158,130.9244,343.5,1.2,1.1,2014-08-09,0448,Aqua,MODIS,88,6.2,311.4,43.6,D,0
-13.3143,130.9354,344.6,1.2,1.1,2014-08-09,0448,Aqua,MODIS,89,6.2,314.1,44.6,D,0
-12.3939,134.9964,356,1.1,1,2014-08-09,0448,Aqua,MODIS,98,6.2,308,70.5,D,0
-12.3954,134.9866,322.3,1.1,1,2014-08-09,0448,Aqua,MODIS,61,6.2,308,8.6,D,0
-12.6553,132.4681,331.1,1,1,2014-08-09,0448,Aqua,MODIS,63,6.2,312.9,16.6,D,0
-13.2962,130.9217,332.4,1.2,1.1,2014-08-09,0448,Aqua,MODIS,70,6.2,309.6,20.6,D,0
-13.5436,131.5624,324.8,1.1,1.1,2014-08-09,0448,Aqua,MODIS,59,6.2,311.1,7.7,D,0
-11.9797,135.6582,317.9,1.1,1.1,2014-08-09,0448,Aqua,MODIS,29,6.2,303.3,7.3,D,0
-12.0034,135.6303,322.5,1.1,1.1,2014-08-09,0448,Aqua,MODIS,49,6.2,303.1,12.1,D,0
-11.9939,135.6288,322.5,1.1,1.1,2014-08-09,0448,Aqua,MODIS,54,6.2,301.5,12.3,D,0
-13.9159,131.0838,324.6,1.2,1.1,2014-08-09,0448,Aqua,MODIS,38,6.2,310.1,11.1,D,0
-13.3089,130.9009,335.2,1.2,1.1,2014-08-09,0448,Aqua,MODIS,77,6.2,310.4,27.3,D,0
-13.9174,131.0727,325.3,1.2,1.1,2014-08-09,0448,Aqua,MODIS,51,6.2,310.3,14.2,D,0
-13.9076,131.0713,328.5,1.2,1.1,2014-08-09,0448,Aqua,MODIS,26,6.2,312.1,17.8,D,0
-13.6613,132.2327,328.9,1.1,1,2014-08-09,0448,Aqua,MODIS,70,6.2,313.5,11,D,0
-13.66,132.2424,339.1,1.1,1,2014-08-09,0448,Aqua,MODIS,85,6.2,313.7,27.5,D,0
-12.3514,135.2195,331.4,1.1,1,2014-08-09,0448,Aqua,MODIS,59,6.2,305.9,19.6,D,0
-12.3256,132.6599,342.9,1,1,2014-08-09,0448,Aqua,MODIS,89,6.2,314,30.6,D,0
-13.5492,131.5592,328.4,1.1,1.1,2014-08-09,0448,Aqua,MODIS,51,6.2,308.5,11.9,D,0
-13.3213,132.307,330.8,1.1,1,2014-08-09,0448,Aqua,MODIS,75,6.2,314.7,11.2,D,0
-13.4878,131.0836,331.5,1.2,1.1,2014-08-09,0448,Aqua,MODIS,76,6.2,313.1,21.7,D,0
-12.3299,134.9302,324.3,1.1,1,2014-08-09,0448,Aqua,MODIS,65,6.2,306.8,12,D,0
-13.2947,130.9327,344.1,1.2,1.1,2014-08-09,0448,Aqua,MODIS,89,6.2,312,44.5,D,0
-12.3406,135.2279,333.7,1.1,1,2014-08-09,0448,Aqua,MODIS,70,6.2,305.9,24.6,D,0
-12.3751,134.8065,335.2,1,1,2014-08-09,0448,Aqua,MODIS,83,6.2,307,24.2,D,0
-12.3765,134.7969,323.4,1,1,2014-08-09,0448,Aqua,MODIS,28,6.2,309.6,7.8,D,0
-13.4864,131.0945,331.9,1.2,1.1,2014-08-09,0448,Aqua,MODIS,77,6.2,309.2,22.1,D,0
-12.3184,136.5211,316,1.2,1.1,2014-08-09,0448,Aqua,MODIS,54,6.2,299.7,11.7,D,0
-12.3166,132.6585,378.4,1,1,2014-08-09,0448,Aqua,MODIS,100,6.2,314.5,133.6,D,0
-12.2963,136.4021,328.3,1.2,1.1,2014-08-09,0448,Aqua,MODIS,78,6.2,299.7,24.7,D,0
-13.3325,130.9491,343.4,1.2,1.1,2014-08-09,0448,Aqua,MODIS,87,6.2,313,42.8,D,0
-12.2956,136.3951,317.8,1.2,1.1,2014-08-09,0448,Aqua,MODIS,38,6.2,302.1,10.8,D,0
-13.2867,130.8409,337.2,1.2,1.1,2014-08-09,0448,Aqua,MODIS,54,6.2,310.3,29.1,D,0
-13.6402,132.2495,348,1.1,1,2014-08-09,0448,Aqua,MODIS,92,6.2,314.1,44.5,D,0
-13.5573,131.571,334.8,1.1,1.1,2014-08-09,0448,Aqua,MODIS,45,6.2,310.3,22,D,0
-13.3305,132.3084,328.8,1.1,1,2014-08-09,0448,Aqua,MODIS,69,6.2,316,8.3,D,0
-12.3179,132.6492,433.4,1,1,2014-08-09,0448,Aqua,MODIS,100,6.2,327.3,516,D,0
-13.8894,131.0574,334.9,1.2,1.1,2014-08-09,0448,Aqua,MODIS,81,6.2,307.3,30.5,D,0
-13.6155,130.9613,332.2,1.2,1.1,2014-08-09,0448,Aqua,MODIS,42,6.2,311.2,19.4,D,0
-13.6336,132.242,327.2,1.1,1,2014-08-09,0448,Aqua,MODIS,63,6.2,313.8,9.8,D,0
-13.888,131.0685,333.9,1.2,1.1,2014-08-09,0448,Aqua,MODIS,77,6.2,309.9,27.5,D,0
-13.6322,132.2518,332.8,1.1,1,2014-08-09,0448,Aqua,MODIS,78,6.2,311.7,18.5,D,0
-14.0255,134.7877,324.3,1,1,2014-08-09,0448,Aqua,MODIS,58,6.2,312.5,8.1,D,0
-13.8978,131.0699,338.1,1.2,1.1,2014-08-09,0448,Aqua,MODIS,75,6.2,311.2,33.4,D,0
-13.3241,130.9367,341.9,1.2,1.1,2014-08-09,0448,Aqua,MODIS,85,6.2,310.9,38.3,D,0
-12.3192,132.6399,365.5,1,1,2014-08-09,0448,Aqua,MODIS,100,6.2,314.4,87.2,D,0
-13.5749,131.5842,328.1,1.1,1.1,2014-08-09,0448,Aqua,MODIS,30,6.2,309.5,13.6,D,0
-13.2744,130.8438,329.7,1.2,1.1,2014-08-09,0448,Aqua,MODIS,52,6.2,310.3,18,D,0
-14.3916,129.517,320.7,1.5,1.2,2014-08-09,0448,Aqua,MODIS,57,6.2,307.4,12.8,D,0
-14.3275,129.4728,327.8,1.5,1.2,2014-08-09,0448,Aqua,MODIS,66,6.2,306,25.9,D,0
-14.3204,129.5294,322.1,1.5,1.2,2014-08-09,0448,Aqua,MODIS,43,6.2,308,15.1,D,0
-15.7945,128.6833,322.2,1.8,1.3,2014-08-09,0448,Aqua,MODIS,46,6.2,307.7,21.5,D,0
-13.1781,130.8816,330.9,1.2,1.1,2014-08-09,0448,Aqua,MODIS,74,6.2,310.1,22.3,D,0
-13.1068,135.3233,323,1.1,1,2014-08-09,0448,Aqua,MODIS,52,6.2,308.6,9.7,D,0
-14.4183,135.1265,327.6,1,1,2014-08-09,0448,Aqua,MODIS,73,6.2,308.9,13.4,D,0
-12.0701,133.4254,328.2,1,1,2014-08-09,0448,Aqua,MODIS,41,6.2,313.4,8.9,D,0
-12.8471,132.2755,332.9,1,1,2014-08-09,0448,Aqua,MODIS,55,6.2,312,16,D,0
-12.4846,132.705,347,1,1,2014-08-09,0448,Aqua,MODIS,92,6.2,311.7,40.3,D,0
-13.235,130.8385,326.1,1.2,1.1,2014-08-09,0448,Aqua,MODIS,43,6.2,308.2,13.9,D,0
-13.2335,130.8496,328.4,1.2,1.1,2014-08-09,0448,Aqua,MODIS,65,6.2,307.9,16.9,D,0
-12.0843,133.3903,334.9,1,1,2014-08-09,0448,Aqua,MODIS,52,6.2,312.1,15.6,D,0
-12.078,133.3707,337.4,1,1,2014-08-09,0448,Aqua,MODIS,77,6.2,312.2,20.9,D,0
-14.4323,135.1442,335.5,1,1,2014-08-09,0448,Aqua,MODIS,70,6.2,310.3,22.9,D,0
-12.1855,133.5203,326.4,1,1,2014-08-09,0448,Aqua,MODIS,39,6.2,311.6,8.1,D,0
-12.5001,132.7263,344.7,1,1,2014-08-09,0448,Aqua,MODIS,90,6.2,313,33.6,D,0
-12.5788,131.1673,347.7,1.1,1.1,2014-08-09,0448,Aqua,MODIS,93,6.2,309.5,51.8,D,0
-13.1708,135.4037,320.4,1.1,1,2014-08-09,0448,Aqua,MODIS,29,6.2,306,6.9,D,0
-14.478,135.0247,330.6,1,1,2014-08-09,0448,Aqua,MODIS,77,6.2,308.8,17,D,0
-14.4232,135.1428,346.4,1,1,2014-08-09,0448,Aqua,MODIS,92,6.2,313.5,42.9,D,0
-12.1103,133.7824,327.4,1,1,2014-08-09,0448,Aqua,MODIS,58,6.2,309.4,9.5,D,0
-13.1674,130.8125,346.3,1.2,1.1,2014-08-09,0448,Aqua,MODIS,91,6.2,306,57.6,D,0
-13.1818,130.7804,337.2,1.2,1.1,2014-08-09,0448,Aqua,MODIS,83,6.2,308.6,37.5,D,0
-13.2142,130.7674,326,1.2,1.1,2014-08-09,0448,Aqua,MODIS,61,6.2,309.5,16.4,D,0
-12.8365,132.352,328.1,1,1,2014-08-09,0448,Aqua,MODIS,45,6.2,312.5,10.9,D,0
-12.7203,132.3974,328,1,1,2014-08-09,0448,Aqua,MODIS,67,6.2,312.6,10.3,D,0
-12.8563,132.2769,331.5,1,1,2014-08-09,0448,Aqua,MODIS,59,6.2,312.1,15.2,D,0
-12.0816,133.4737,339.6,1,1,2014-08-09,0448,Aqua,MODIS,85,6.2,312.7,24.8,D,0
-12.2323,134.2747,332.6,1,1,2014-08-09,0448,Aqua,MODIS,74,6.2,312,17,D,0
-13.1693,135.4137,323.6,1.1,1,2014-08-09,0448,Aqua,MODIS,63,6.2,306.4,11.1,D,0
-12.2735,134.0541,322.3,1,1,2014-08-09,0448,Aqua,MODIS,50,6.2,309.3,6,D,0
-13.1926,130.8556,335.9,1.2,1.1,2014-08-09,0448,Aqua,MODIS,76,6.2,310.1,28.4,D,0
-14.4584,135.0313,330.3,1,1,2014-08-09,0448,Aqua,MODIS,76,6.2,309.6,15.9,D,0
-13.1689,130.8013,359.6,1.2,1.1,2014-08-09,0448,Aqua,MODIS,99,6.2,307.4,98.8,D,0
-14.4161,135.0773,323.3,1,1,2014-08-09,0448,Aqua,MODIS,64,6.2,307.5,10.1,D,0
-12.3077,134.0755,323.7,1,1,2014-08-09,0448,Aqua,MODIS,51,6.2,307.9,9.1,D,0
-12.5792,134.2292,338.1,1,1,2014-08-09,0448,Aqua,MODIS,86,6.2,310.4,27.9,D,0
-12.4958,133.0839,336.6,1,1,2014-08-09,0448,Aqua,MODIS,74,6.2,314.4,21.6,D,0
-12.3318,134.5989,332.1,1,1,2014-08-09,0448,Aqua,MODIS,80,6.2,309.1,20.7,D,0
-12.8969,135.3929,342.9,1.1,1,2014-08-09,0448,Aqua,MODIS,90,6.2,309.1,42.3,D,0
-12.0739,133.4633,340,1,1,2014-08-09,0448,Aqua,MODIS,86,6.2,312.5,24.5,D,0
-12.8954,135.4028,321.8,1.1,1,2014-08-09,0448,Aqua,MODIS,66,6.2,306.5,9.5,D,0
-12.0726,133.4724,343.2,1,1,2014-08-09,0448,Aqua,MODIS,89,6.2,313.8,29.9,D,0
-13.1786,135.4151,327.4,1.1,1,2014-08-09,0448,Aqua,MODIS,61,6.2,305.1,14.8,D,0
-12.2336,134.2654,327.2,1,1,2014-08-09,0448,Aqua,MODIS,34,6.2,310.1,10.4,D,0
-12.1452,133.2186,331.8,1,1,2014-08-09,0448,Aqua,MODIS,60,6.2,312.8,13.5,D,0
-14.576,135.115,320.7,1,1,2014-08-09,0448,Aqua,MODIS,47,6.2,308.7,6.5,D,0
-12.1465,133.2094,336.6,1,1,2014-08-09,0448,Aqua,MODIS,83,6.2,314.9,19.4,D,0
-12.1375,133.2081,339.9,1,1,2014-08-09,0448,Aqua,MODIS,86,6.2,313.2,24.4,D,0
-12.0716,133.3511,356.9,1,1,2014-08-09,0448,Aqua,MODIS,98,6.2,312.4,61.3,D,0
-12.8379,132.3425,328.4,1,1,2014-08-09,0448,Aqua,MODIS,51,6.2,312.6,10.9,D,0
-13.1787,130.8027,354.5,1.2,1.1,2014-08-09,0448,Aqua,MODIS,96,6.2,311.2,79.4,D,0
-13.1004,135.3265,331.2,1.1,1,2014-08-09,0448,Aqua,MODIS,80,6.2,308.5,20.3,D,0
-12.3064,134.0847,360.6,1,1,2014-08-09,0448,Aqua,MODIS,100,6.2,312,76.9,D,0
-12.719,132.4069,328.3,1,1,2014-08-09,0448,Aqua,MODIS,70,6.2,312.4,10.9,D,0
-12.7045,134.8858,352.7,1,1,2014-08-09,0448,Aqua,MODIS,96,6.2,310.1,56.7,D,0
-12.8484,132.2659,336,1,1,2014-08-09,0448,Aqua,MODIS,78,6.2,311.5,22.3,D,0
-13.3959,135.6224,323.8,1.1,1,2014-08-09,0448,Aqua,MODIS,66,6.2,304.8,11.7,D,0
-13.3974,135.6124,347.6,1.1,1,2014-08-09,0448,Aqua,MODIS,93,6.2,307.2,52.2,D,0
-13.1802,130.7916,346.1,1.2,1.1,2014-08-09,0448,Aqua,MODIS,91,6.2,308.4,55.9,D,0
-14.4766,135.0342,324,1,1,2014-08-09,0448,Aqua,MODIS,64,6.2,309,8.9,D,0
-13.1841,130.8376,348.4,1.2,1.1,2014-08-09,0448,Aqua,MODIS,91,6.2,312.4,58.8,D,0
-13.1826,130.8487,345.2,1.2,1.1,2014-08-09,0448,Aqua,MODIS,90,6.2,310,51.3,D,0
-13.4067,135.6139,344.7,1.1,1,2014-08-09,0448,Aqua,MODIS,91,6.2,307.6,45.7,D,0
-12.0829,133.4646,344.9,1,1,2014-08-09,0448,Aqua,MODIS,90,6.2,314.7,34.1,D,0
-12.4883,134.7227,324.2,1,1,2014-08-09,0448,Aqua,MODIS,45,6.2,307.7,8,D,0
-12.1945,133.5217,337.5,1,1,2014-08-09,0448,Aqua,MODIS,84,6.2,313.9,21.4,D,0
-13.4052,135.6239,342.8,1.1,1,2014-08-09,0448,Aqua,MODIS,89,6.2,305.7,42.3,D,0
-12.7611,132.1003,345.3,1.1,1,2014-08-09,0448,Aqua,MODIS,70,6.2,313.5,38.1,D,0
-14.5865,135.1069,320.2,1,1,2014-08-09,0448,Aqua,MODIS,43,6.2,308.1,6.2,D,0
-12.3332,134.5895,322.5,1,1,2014-08-09,0448,Aqua,MODIS,47,6.2,308.4,7.9,D,0
-12.855,132.2865,334.1,1,1,2014-08-09,0448,Aqua,MODIS,64,6.2,313.3,18.4,D,0
-14.5774,135.1055,331.8,1,1,2014-08-09,0448,Aqua,MODIS,78,6.2,309.1,20.3,D,0
-12.3108,136.4388,316.5,1.2,1.1,2014-08-09,0448,Aqua,MODIS,37,6.2,299.9,9.8,D,0
-12.2722,134.1927,320.6,1,1,2014-08-09,0448,Aqua,MODIS,52,6.2,308.1,6.6,D,0
-12.7059,134.8762,325.9,1,1,2014-08-09,0448,Aqua,MODIS,51,6.2,307.7,9.4,D,0
-13.1799,130.8761,325,1.2,1.1,2014-08-09,0448,Aqua,MODIS,38,6.2,308.8,12.3,D,0
-12.7624,132.0907,362.3,1.1,1,2014-08-09,0448,Aqua,MODIS,100,6.2,312,83.3,D,0
-13.1842,130.8431,359.8,1.2,1.1,2014-08-09,0448,Aqua,MODIS,99,6.2,312.8,92,D,0
-13.1857,130.8319,339.4,1.2,1.1,2014-08-09,0448,Aqua,MODIS,58,6.2,310.4,31.1,D,0
-12.5646,135.4441,328.3,1.1,1,2014-08-09,0448,Aqua,MODIS,77,6.2,308.8,16,D,0
-13.0993,135.3725,327.3,1.1,1,2014-08-09,0448,Aqua,MODIS,75,6.2,310,14.2,D,0
-12.5014,132.717,338.8,1,1,2014-08-09,0448,Aqua,MODIS,85,6.2,314,23.3,D,0
-12.2246,134.264,330.1,1,1,2014-08-09,0448,Aqua,MODIS,64,6.2,311.6,14.4,D,0
-12.7031,134.8954,331.7,1,1,2014-08-09,0448,Aqua,MODIS,74,6.2,310.7,16,D,0
-12.3573,134.8624,344.7,1.1,1,2014-08-09,0448,Aqua,MODIS,91,6.2,309.1,42.5,D,0
-13.1018,135.3167,341.6,1.1,1,2014-08-09,0448,Aqua,MODIS,89,6.2,310.5,38.2,D,0
-12.7814,134.9928,326.7,1.1,1,2014-08-09,0448,Aqua,MODIS,68,6.2,310,12,D,0
-12.78,135.0024,325.9,1.1,1,2014-08-09,0448,Aqua,MODIS,68,6.2,308,11,D,0
-13.1785,130.8871,334.9,1.2,1.1,2014-08-09,0448,Aqua,MODIS,79,6.2,310.2,29.8,D,0
-12.5922,131.1639,328.2,1.2,1.1,2014-08-09,0448,Aqua,MODIS,73,6.2,309.9,15,D,0
-12.039,134.1475,325.5,1,1,2014-08-09,0448,Aqua,MODIS,32,6.2,308.8,9,D,0
-12.1897,134.4397,322.1,1,1,2014-08-09,0448,Aqua,MODIS,58,6.2,307.3,8.9,D,0
-12.2232,134.2733,335.6,1,1,2014-08-09,0448,Aqua,MODIS,83,6.2,312.1,22,D,0
-12.7598,132.11,343,1.1,1,2014-08-09,0448,Aqua,MODIS,61,6.2,313.6,32.5,D,0
-12.9138,130.7233,327.8,1.2,1.1,2014-08-09,0448,Aqua,MODIS,67,6.2,311.3,11.9,D,0
-12.719,132.339,322.8,1,1,2014-08-09,0448,Aqua,MODIS,49,6.2,310.1,7.1,D,0
-13.1719,130.779,352,1.2,1.1,2014-08-09,0448,Aqua,MODIS,95,6.2,308.7,76.6,D,0
-12.2991,136.4484,334.6,1.2,1.1,2014-08-09,0448,Aqua,MODIS,85,6.2,302.5,36.7,D,0
-12.1755,133.4562,331.6,1,1,2014-08-09,0448,Aqua,MODIS,48,6.2,312,14,D,0
-12.4621,130.6761,345.1,1.2,1.1,2014-08-09,0448,Aqua,MODIS,86,6.2,311.1,48.9,D,0
-12.3304,134.6084,319.8,1,1,2014-08-09,0448,Aqua,MODIS,42,6.2,306.1,5.8,D,0
-12.8034,134.2731,323.1,1,1,2014-08-09,0448,Aqua,MODIS,56,6.2,308.9,7.8,D,0
-13.2127,130.7787,328.3,1.2,1.1,2014-08-09,0448,Aqua,MODIS,68,6.2,308,20.5,D,0
-12.7519,132.099,351,1.1,1,2014-08-09,0448,Aqua,MODIS,94,6.2,310.1,54,D,0
-13.2112,130.79,330.4,1.2,1.1,2014-08-09,0448,Aqua,MODIS,50,6.2,307.1,21.6,D,0
-12.1481,134.7229,320.2,1,1,2014-08-09,0448,Aqua,MODIS,50,6.2,300.3,9.7,D,0
-12.0327,134.1276,332.9,1,1,2014-08-09,0448,Aqua,MODIS,65,6.2,311,15.9,D,0
-12.2513,134.3986,321.7,1,1,2014-08-09,0448,Aqua,MODIS,52,6.2,307.9,7.1,D,0
-12.8536,132.296,335.5,1,1,2014-08-09,0448,Aqua,MODIS,64,6.2,313.8,19.6,D,0
-12.3723,131.5094,324.1,1.1,1,2014-08-09,0448,Aqua,MODIS,57,6.2,304.7,13.6,D,0
-13.1772,130.8139,356.3,1.2,1.1,2014-08-09,0448,Aqua,MODIS,97,6.2,310.8,86.3,D,0
-12.4756,132.7037,338,1,1,2014-08-09,0448,Aqua,MODIS,84,6.2,310.1,25,D,0
-12.2499,134.4079,322.3,1,1,2014-08-09,0448,Aqua,MODIS,61,6.2,307.3,8.5,D,0
-12.4885,132.6771,327.7,1,1,2014-08-09,0448,Aqua,MODIS,39,6.2,311.2,11.6,D,0
-13.1704,130.7902,328,1.2,1.1,2014-08-09,0448,Aqua,MODIS,41,6.2,303.1,20,D,0
-12.3016,133.3475,327.9,1,1,2014-08-09,0448,Aqua,MODIS,63,6.2,313.3,8.8,D,0
-14.5309,134.7917,328.3,1,1,2014-08-09,0448,Aqua,MODIS,67,6.2,312,13.4,D,0
-13.2098,130.8012,333.3,1.2,1.1,2014-08-09,0448,Aqua,MODIS,67,6.2,308.9,26.6,D,0
-14.5295,134.8011,322.8,1,1,2014-08-09,0448,Aqua,MODIS,35,6.2,309.6,7.3,D,0
-12.4924,132.7157,338,1,1,2014-08-09,0448,Aqua,MODIS,83,6.2,309.8,22.5,D,0
-12.3003,133.3566,330.9,1,1,2014-08-09,0448,Aqua,MODIS,76,6.2,311.8,13.1,D,0
-14.4169,135.136,339.8,1,1,2014-08-09,0448,Aqua,MODIS,87,6.2,313.9,32.3,D,0
-13.162,130.7776,325.7,1.2,1.1,2014-08-09,0448,Aqua,MODIS,60,6.2,301.8,19.7,D,0
-12.0766,133.3798,335.1,1,1,2014-08-09,0448,Aqua,MODIS,65,6.2,313,16.7,D,0
-12.0714,133.4163,328.2,1,1,2014-08-09,0448,Aqua,MODIS,43,6.2,312,9.1,D,0
-12.2595,134.3426,322.6,1,1,2014-08-09,0448,Aqua,MODIS,42,6.2,307.5,5.9,D,0
-12.7677,132.121,338.9,1.1,1,2014-08-09,0448,Aqua,MODIS,45,6.2,313,24.6,D,0
-12.7796,132.103,336.2,1.1,1,2014-08-09,0448,Aqua,MODIS,36,6.2,313.8,19.6,D,0
-12.8047,134.2638,324.5,1,1,2014-08-09,0448,Aqua,MODIS,63,6.2,308.4,9.1,D,0
-12.3531,134.2012,327.2,1,1,2014-08-09,0448,Aqua,MODIS,47,6.2,311,9.2,D,0
-12.7116,134.8934,325,1,1,2014-08-09,0448,Aqua,MODIS,26,6.2,307.3,6.4,D,0
-12.7935,132.3402,326.5,1,1,2014-08-09,0448,Aqua,MODIS,59,6.2,311.4,10,D,0
-12.0417,134.129,330,1,1,2014-08-09,0448,Aqua,MODIS,62,6.2,309.2,13.2,D,0
-12.4636,130.665,332.8,1.2,1.1,2014-08-09,0448,Aqua,MODIS,69,6.2,311.3,24.4,D,0
-12.7815,132.7476,328.8,1,1,2014-08-09,0448,Aqua,MODIS,52,6.2,310.9,11.6,D,0
-12.7828,132.7383,345.4,1,1,2014-08-09,0448,Aqua,MODIS,91,6.2,310.6,39.3,D,0
-12.7919,132.7396,338.8,1,1,2014-08-09,0448,Aqua,MODIS,85,6.2,313.1,27.2,D,0
-12.1829,133.5386,340.4,1,1,2014-08-09,0448,Aqua,MODIS,86,6.2,312.6,28.2,D,0
-12.3588,134.8528,331.8,1,1,2014-08-09,0448,Aqua,MODIS,80,6.2,306.5,21,D,0
-12.3009,136.4371,333.6,1.2,1.1,2014-08-09,0448,Aqua,MODIS,84,6.2,302.5,34.2,D,0
-12.5884,131.1686,344.4,1.1,1.1,2014-08-09,0448,Aqua,MODIS,90,6.2,313,44.1,D,0
-12.1842,133.5294,331.5,1,1,2014-08-09,0448,Aqua,MODIS,72,6.2,311.8,14.6,D,0
-12.016,134.1156,326.5,1,1,2014-08-09,0448,Aqua,MODIS,55,6.2,311.3,9.3,D,0
-12.0703,133.3602,359.7,1,1,2014-08-09,0448,Aqua,MODIS,99,6.2,313.7,67.4,D,0
-12.0854,133.5732,329.3,1,1,2014-08-09,0448,Aqua,MODIS,56,6.2,313,10.8,D,0
-12.3737,131.4993,322.3,1.1,1,2014-08-09,0448,Aqua,MODIS,43,6.2,307.4,10.8,D,0
-12.8498,132.2564,324.3,1,1,2014-08-09,0448,Aqua,MODIS,29,6.2,310,7.4,D,0
-15.2932,134.2938,337.4,1,1,2014-08-09,0448,Aqua,MODIS,80,6.2,312.2,23.2,D,0
-12.9242,135.3122,324.2,1.1,1,2014-08-09,0448,Aqua,MODIS,49,6.2,309.9,9.5,D,0
-12.9194,135.3056,328.1,1.1,1,2014-08-09,0448,Aqua,MODIS,76,6.2,308.8,16.3,D,0
-12.3671,132.628,338.7,1,1,2014-08-09,0448,Aqua,MODIS,85,6.2,311.8,26.1,D,0
-13.9794,142.0901,313.9,2.9,1.6,2014-08-09,0448,Aqua,MODIS,52,6.2,292.1,39.3,D,0
-12.5642,132.855,333.9,1,1,2014-08-09,0448,Aqua,MODIS,47,6.2,312.2,16.6,D,0
-14.481,132.2756,346.5,1.1,1,2014-08-09,0448,Aqua,MODIS,92,6.2,311.4,46.6,D,0
-14.4824,132.2656,328.3,1.1,1,2014-08-09,0448,Aqua,MODIS,72,6.2,309.5,15,D,0
-14.4243,133.1592,338.3,1,1,2014-08-09,0448,Aqua,MODIS,83,6.2,312.4,23.3,D,0
-14.4257,133.1498,356.2,1,1,2014-08-09,0448,Aqua,MODIS,97,6.2,314.9,59.9,D,0
-14.427,133.1405,329,1,1,2014-08-09,0448,Aqua,MODIS,61,6.2,313.1,10.1,D,0
-12.3748,132.6386,332.9,1,1,2014-08-09,0448,Aqua,MODIS,66,6.2,310,18.3,D,0
-12.3658,132.6373,368.8,1,1,2014-08-09,0448,Aqua,MODIS,100,6.2,315.9,98,D,0
-12.9257,135.3024,330.7,1.1,1,2014-08-09,0448,Aqua,MODIS,79,6.2,309.1,18.7,D,0
-12.5908,131.1745,328,1.1,1.1,2014-08-09,0448,Aqua,MODIS,70,6.2,311.6,14.4,D,0
-13.5988,141.7478,315.8,2.8,1.6,2014-08-09,0448,Aqua,MODIS,35,6.2,297.8,39.3,D,0
-15.4307,134.2365,335.1,1,1,2014-08-09,0448,Aqua,MODIS,82,6.2,311.9,19.9,D,0
-15.4115,134.243,332,1,1,2014-08-09,0448,Aqua,MODIS,72,6.2,311.4,14.2,D,0
-12.3567,132.636,355.9,1,1,2014-08-09,0448,Aqua,MODIS,97,6.2,313,59,D,0
-15.4204,134.2443,347.4,1,1,2014-08-09,0448,Aqua,MODIS,92,6.2,313.9,40.4,D,0
-15.4294,134.2457,328.2,1,1,2014-08-09,0448,Aqua,MODIS,58,6.2,311.8,10.4,D,0
-13.8975,130.0593,327.3,1.4,1.2,2014-08-09,0448,Aqua,MODIS,71,6.2,305.8,22.5,D,0
-12.3972,132.9969,326.7,1,1,2014-08-09,0448,Aqua,MODIS,69,6.2,309.7,12.6,D,0
-12.3592,132.6838,329.6,1,1,2014-08-09,0448,Aqua,MODIS,68,6.2,312.1,11.2,D,0
-13.7271,130.1833,323.8,1.3,1.2,2014-08-09,0448,Aqua,MODIS,51,6.2,306.9,13.2,D,0
-13.8991,130.0463,326.1,1.4,1.2,2014-08-09,0448,Aqua,MODIS,68,6.2,305.3,20.1,D,0
-13.6504,130.3898,323.8,1.3,1.1,2014-08-09,0448,Aqua,MODIS,53,6.2,306.7,18.6,D,0
-11.6322,130.2529,328.4,1.3,1.1,2014-08-09,0449,Aqua,MODIS,73,6.2,308.3,19.5,D,0
-11.4134,130.3663,317.5,1.2,1.1,2014-08-09,0449,Aqua,MODIS,25,6.2,304.9,9.6,D,0
-11.413,130.3718,323.3,1.2,1.1,2014-08-09,0449,Aqua,MODIS,66,6.2,305,17.2,D,0
-11.4368,130.1902,323.6,1.3,1.1,2014-08-09,0449,Aqua,MODIS,0,6.2,306.1,15.5,D,0
-12.0045,133.4994,327.3,1,1,2014-08-09,0449,Aqua,MODIS,47,6.2,311.7,7.1,D,0
-11.8588,133.1671,335.9,1,1,2014-08-09,0449,Aqua,MODIS,82,6.2,308.7,22.9,D,0
-11.9205,133.1204,356.5,1,1,2014-08-09,0449,Aqua,MODIS,98,6.2,310.7,62.9,D,0
-11.9569,133.5694,339.1,1,1,2014-08-09,0449,Aqua,MODIS,49,6.2,311.7,24.7,D,0
-11.9886,133.1549,339.6,1,1,2014-08-09,0449,Aqua,MODIS,85,6.2,311.5,25.6,D,0
-11.9375,133.6411,327.6,1,1,2014-08-09,0449,Aqua,MODIS,20,6.2,312.6,10,D,0
-11.9295,133.1217,336.8,1,1,2014-08-09,0449,Aqua,MODIS,83,6.2,311.8,23.5,D,0
-11.9236,133.5458,323.1,1,1,2014-08-09,0449,Aqua,MODIS,35,6.2,309.9,7.6,D,0
-11.9444,133.4651,338.9,1,1,2014-08-09,0449,Aqua,MODIS,38,6.2,311.8,20.4,D,0
-11.8276,133.386,323.3,1,1,2014-08-09,0449,Aqua,MODIS,49,6.2,309.3,5.6,D,0
-12.1801,131.2561,334.4,1.1,1.1,2014-08-09,0449,Aqua,MODIS,63,6.2,305.6,28.1,D,0
-11.9543,133.5877,343.8,1,1,2014-08-09,0449,Aqua,MODIS,70,6.2,309.1,33.6,D,0
-12.0107,133.5843,337.4,1,1,2014-08-09,0449,Aqua,MODIS,81,6.2,313.5,22.3,D,0
-12.0184,133.5947,326.7,1,1,2014-08-09,0449,Aqua,MODIS,47,6.2,310.4,9.1,D,0
-11.9903,133.5346,371.6,1,1,2014-08-09,0449,Aqua,MODIS,100,6.2,311,104,D,0
-11.9401,133.6228,340,1,1,2014-08-09,0449,Aqua,MODIS,86,6.2,311.7,29.3,D,0
-11.9873,133.164,327.6,1,1,2014-08-09,0449,Aqua,MODIS,33,6.2,310.4,8.1,D,0
-12.0445,133.4123,331.9,1,1,2014-08-09,0449,Aqua,MODIS,76,6.2,311.3,12.9,D,0
-11.9131,133.6188,326.4,1,1,2014-08-09,0449,Aqua,MODIS,47,6.2,312.9,11.7,D,0
-12.0133,133.566,339.2,1,1,2014-08-09,0449,Aqua,MODIS,85,6.2,310.2,28,D,0
-11.9633,133.5891,343.1,1,1,2014-08-09,0449,Aqua,MODIS,84,6.2,313.1,33.2,D,0
-11.989,133.5437,362.6,1,1,2014-08-09,0449,Aqua,MODIS,100,6.2,314.2,76,D,0
-11.9638,133.3935,340.4,1,1,2014-08-09,0449,Aqua,MODIS,86,6.2,311.9,29,D,0
-11.9561,133.383,350.9,1,1,2014-08-09,0449,Aqua,MODIS,94,6.2,310.4,50.2,D,0
-11.9124,133.4323,354.7,1,1,2014-08-09,0449,Aqua,MODIS,86,6.2,310.1,59.3,D,0
-11.7779,133.2789,333.2,1,1,2014-08-09,0449,Aqua,MODIS,80,6.2,306.2,22.4,D,0
-11.9651,133.3844,339.5,1,1,2014-08-09,0449,Aqua,MODIS,85,6.2,310.8,28.2,D,0
-11.9625,133.4026,328.4,1,1,2014-08-09,0449,Aqua,MODIS,48,6.2,311.4,10.3,D,0
-12.1678,131.2754,321.8,1.1,1.1,2014-08-09,0449,Aqua,MODIS,42,6.2,305.2,11,D,0
-11.9643,133.1326,328.7,1,1,2014-08-09,0449,Aqua,MODIS,71,6.2,309.7,11.9,D,0
-12.0355,133.4109,335.1,1,1,2014-08-09,0449,Aqua,MODIS,81,6.2,312.8,17.4,D,0
-12.0928,131.2897,330.9,1.1,1.1,2014-08-09,0449,Aqua,MODIS,73,6.2,304.8,22.7,D,0
-12.261,131.1887,326.4,1.1,1.1,2014-08-09,0449,Aqua,MODIS,48,6.2,307.3,15.2,D,0
-11.8959,133.2286,329.7,1,1,2014-08-09,0449,Aqua,MODIS,54,6.2,310.5,12.4,D,0
-11.9478,133.6333,335.9,1,1,2014-08-09,0449,Aqua,MODIS,82,6.2,311.9,21.9,D,0
-12.2515,131.1873,330.7,1.1,1.1,2014-08-09,0449,Aqua,MODIS,70,6.2,307.8,21,D,0
-11.9388,133.632,355.2,1,1,2014-08-09,0449,Aqua,MODIS,97,6.2,315.3,59,D,0
-12.0484,133.3849,329.7,1,1,2014-08-09,0449,Aqua,MODIS,34,6.2,312.2,9.9,D,0
-12.0135,133.5008,332.5,1,1,2014-08-09,0449,Aqua,MODIS,76,6.2,311.3,12.6,D,0
-11.8512,133.1502,355.7,1,1,2014-08-09,0449,Aqua,MODIS,97,6.2,311.4,62.7,D,0
-11.9553,133.1313,342.4,1,1,2014-08-09,0449,Aqua,MODIS,88,6.2,312.1,31.5,D,0
-11.9814,133.5265,328.7,1,1,2014-08-09,0449,Aqua,MODIS,62,6.2,310.3,8.7,D,0
-11.9556,133.5786,341.5,1,1,2014-08-09,0449,Aqua,MODIS,53,6.2,310,28.9,D,0
-12.1583,131.2741,334.9,1.1,1.1,2014-08-09,0449,Aqua,MODIS,87,6.2,304.8,28.8,D,0
-11.869,133.2246,327.8,1,1,2014-08-09,0449,Aqua,MODIS,54,6.2,308.7,11.8,D,0
-11.8185,133.4498,334.2,1,1,2014-08-09,0449,Aqua,MODIS,54,6.2,309.2,17.9,D,0
-12.0032,133.5086,330.8,1,1,2014-08-09,0449,Aqua,MODIS,63,6.2,309.3,11.2,D,0
-11.9169,133.6567,328.5,1,1,2014-08-09,0449,Aqua,MODIS,25,6.2,311.6,10.7,D,0
-11.85,133.1593,338.4,1,1,2014-08-09,0449,Aqua,MODIS,86,6.2,310,28,D,0
-11.9468,133.512,328.9,1,1,2014-08-09,0449,Aqua,MODIS,48,6.2,309.6,10,D,0
-12.0394,133.3835,331.3,1,1,2014-08-09,0449,Aqua,MODIS,49,6.2,310.8,13.1,D,0
-12.0094,133.5934,339.8,1,1,2014-08-09,0449,Aqua,MODIS,82,6.2,313,25.5,D,0
-11.8249,133.4694,327.2,1,1,2014-08-09,0449,Aqua,MODIS,39,6.2,309.3,8.1,D,0
-11.9464,133.6425,333.1,1,1,2014-08-09,0449,Aqua,MODIS,74,6.2,311,17.3,D,0
-11.7573,133.2945,330.5,1,1,2014-08-09,0449,Aqua,MODIS,72,6.2,304.2,20.5,D,0
-11.7883,133.206,324.9,1,1,2014-08-09,0449,Aqua,MODIS,66,6.2,305.7,11.3,D,0
-11.787,133.2151,325,1,1,2014-08-09,0449,Aqua,MODIS,68,6.2,307.2,11.4,D,0
-11.9049,133.2299,332.2,1,1,2014-08-09,0449,Aqua,MODIS,47,6.2,309.9,15,D,0
-11.8262,133.4603,328.2,1,1,2014-08-09,0449,Aqua,MODIS,56,6.2,309.6,9.3,D,0
-11.9963,133.1654,336.6,1,1,2014-08-09,0449,Aqua,MODIS,82,6.2,312.7,19.4,D,0
-12.0186,133.5295,368.7,1,1,2014-08-09,0449,Aqua,MODIS,100,6.2,315.5,95.2,D,0
-11.916,133.5353,331.2,1,1,2014-08-09,0449,Aqua,MODIS,52,6.2,309.5,14.6,D,0
-11.9298,133.6306,354.1,1,1,2014-08-09,0449,Aqua,MODIS,96,6.2,311.8,54.1,D,0
-11.9242,133.2235,328.9,1,1,2014-08-09,0449,Aqua,MODIS,65,6.2,309.8,12.3,D,0
-11.8271,133.5815,330.1,1,1,2014-08-09,0449,Aqua,MODIS,63,6.2,309.3,16.2,D,0
-11.9548,133.3921,366.2,1,1,2014-08-09,0449,Aqua,MODIS,100,6.2,312.3,89.2,D,0
-12.012,133.5751,347.6,1,1,2014-08-09,0449,Aqua,MODIS,92,6.2,314,41.8,D,0
-11.7691,133.1473,330.6,1,1,2014-08-09,0449,Aqua,MODIS,76,6.2,305.8,18.6,D,0
-11.9311,133.6215,336,1,1,2014-08-09,0449,Aqua,MODIS,67,6.2,307.4,21.7,D,0
-11.854,133.5856,334.1,1,1,2014-08-09,0449,Aqua,MODIS,51,6.2,310.4,18.6,D,0
-11.8487,133.1685,320.5,1,1,2014-08-09,0449,Aqua,MODIS,42,6.2,308.5,5.7,D,0
-11.8888,133.5965,330.2,1,1,2014-08-09,0449,Aqua,MODIS,65,6.2,310.4,15.3,D,0
-12.0199,133.5204,365.4,1,1,2014-08-09,0449,Aqua,MODIS,100,6.2,315,82.8,D,0
-11.981,133.1444,335.6,1,1,2014-08-09,0449,Aqua,MODIS,57,6.2,310.8,19.2,D,0
-12.1692,131.2651,341.3,1.1,1.1,2014-08-09,0449,Aqua,MODIS,79,6.2,306.2,41.4,D,0
-11.7792,133.2698,323.1,1,1,2014-08-09,0449,Aqua,MODIS,46,6.2,305.1,9.9,D,0
-11.8554,133.5765,351.2,1,1,2014-08-09,0449,Aqua,MODIS,95,6.2,312.5,49.1,D,0
-11.9566,133.1221,336.6,1,1,2014-08-09,0449,Aqua,MODIS,82,6.2,312.2,21.8,D,0
-11.8635,133.3914,321.5,1,1,2014-08-09,0449,Aqua,MODIS,20,6.2,306.4,6.2,D,0
-11.9173,133.5262,357.9,1,1,2014-08-09,0449,Aqua,MODIS,98,6.2,311.2,64.6,D,0
-11.7916,133.4393,321.7,1,1,2014-08-09,0449,Aqua,MODIS,36,6.2,305.5,7.5,D,0
-11.808,133.5227,324.2,1,1,2014-08-09,0449,Aqua,MODIS,47,6.2,307,8.3,D,0
-11.9889,132.9587,335.8,1,1,2014-08-09,0449,Aqua,MODIS,82,6.2,311.2,22.7,D,0
-12.0797,133.1004,327.8,1,1,2014-08-09,0449,Aqua,MODIS,65,6.2,311.6,10.8,D,0
-12.0784,133.1096,327,1,1,2014-08-09,0449,Aqua,MODIS,59,6.2,313.9,9.3,D,0
-11.5394,133.0206,322.1,1,1,2014-08-09,0449,Aqua,MODIS,72,6.2,306.1,10,D,0
-11.5457,133.0402,319.6,1,1,2014-08-09,0449,Aqua,MODIS,25,6.2,304.2,6.5,D,0
-11.5445,133.0493,322.5,1,1,2014-08-09,0449,Aqua,MODIS,73,6.2,304.6,10.5,D,0
-11.5534,133.0506,328.6,1,1,2014-08-09,0449,Aqua,MODIS,82,6.2,306.6,16.5,D,0
-11.555,132.7801,341.5,1,1,2014-08-09,0449,Aqua,MODIS,91,6.2,309.8,30.1,D,0
-11.5563,132.7709,370.1,1,1,2014-08-09,0449,Aqua,MODIS,100,6.2,311.2,102.8,D,0
-11.5576,132.7617,348.5,1,1,2014-08-09,0449,Aqua,MODIS,94,6.2,307.3,46.2,D,0
-11.5473,132.7696,325.5,1,1,2014-08-09,0449,Aqua,MODIS,35,6.2,308.7,10.6,D,0
-11.5486,132.7604,333.8,1,1,2014-08-09,0449,Aqua,MODIS,86,6.2,307.8,23,D,0
-11.536,132.7802,323,1,1,2014-08-09,0449,Aqua,MODIS,76,6.2,309.5,8.4,D,0
-11.4446,132.8415,321.8,1,1,2014-08-09,0449,Aqua,MODIS,47,6.2,307.5,9.2,D,0
-11.8834,133.0589,340.1,1,1,2014-08-09,0449,Aqua,MODIS,86,6.2,310.2,29.6,D,0
-11.4252,132.9168,337.2,1,1,2014-08-09,0449,Aqua,MODIS,88,6.2,309.2,27.9,D,0
-11.4239,132.9259,325,1,1,2014-08-09,0449,Aqua,MODIS,65,6.2,308,11.2,D,0
-11.8834,132.9935,333.5,1,1,2014-08-09,0449,Aqua,MODIS,80,6.2,308.5,22.3,D,0
-11.433,132.862,328.8,1,1,2014-08-09,0449,Aqua,MODIS,82,6.2,305.5,19.5,D,0
-11.1458,132.5482,317.7,1,1,2014-08-09,0449,Aqua,MODIS,46,6.2,303.6,5.5,D,0
-11.5743,132.7735,328.7,1,1,2014-08-09,0449,Aqua,MODIS,69,6.2,309,13.1,D,0
-11.2369,132.0289,329,1,1,2014-08-09,0449,Aqua,MODIS,74,6.2,306.3,16.2,D,0
-11.573,132.7827,324.7,1,1,2014-08-09,0449,Aqua,MODIS,29,6.2,309.1,7.3,D,0
-11.5946,133.0195,321.2,1,1,2014-08-09,0449,Aqua,MODIS,74,6.2,306.7,9.3,D,0
-11.4999,132.8403,318.3,1,1,2014-08-09,0449,Aqua,MODIS,62,6.2,304.8,6.4,D,0
-11.2356,132.0384,327.3,1,1,2014-08-09,0449,Aqua,MODIS,71,6.2,307.5,13.7,D,0
-11.2343,132.0479,340.3,1,1,2014-08-09,0449,Aqua,MODIS,88,6.2,308.8,33.6,D,0
-11.451,132.8611,331.5,1,1,2014-08-09,0449,Aqua,MODIS,84,6.2,306.2,19.5,D,0
-11.4574,132.8808,331.1,1,1,2014-08-09,0449,Aqua,MODIS,84,6.2,307.8,20.6,D,0
-11.4562,132.8899,320.9,1,1,2014-08-09,0449,Aqua,MODIS,66,6.2,306.6,8.9,D,0
-11.5077,132.7854,330.8,1,1,2014-08-09,0449,Aqua,MODIS,83,6.2,307.2,18.8,D,0
-11.3443,132.9048,353,1,1,2014-08-09,0449,Aqua,MODIS,84,6.2,305,56.4,D,0
-11.343,132.9139,352.6,1,1,2014-08-09,0449,Aqua,MODIS,0,6.2,306.2,55.3,D,0
-11.5023,132.9527,329.1,1,1,2014-08-09,0449,Aqua,MODIS,82,6.2,304.9,17.9,D,0
-11.4523,132.852,330.4,1,1,2014-08-09,0449,Aqua,MODIS,83,6.2,306.7,18.3,D,0
-11.9902,132.9496,354.5,1,1,2014-08-09,0449,Aqua,MODIS,96,6.2,312,58.2,D,0
-11.9786,132.9666,336.3,1,1,2014-08-09,0449,Aqua,MODIS,82,6.2,310.7,22.6,D,0
-12.0235,133.0387,340.6,1,1,2014-08-09,0449,Aqua,MODIS,86,6.2,310.8,29,D,0
-12.0248,133.0296,333,1,1,2014-08-09,0449,Aqua,MODIS,70,6.2,310.7,17.4,D,0
-11.4368,132.9617,322.6,1,1,2014-08-09,0449,Aqua,MODIS,35,6.2,306.2,9.7,D,0
-12.0094,133.0086,332.2,1,1,2014-08-09,0449,Aqua,MODIS,75,6.2,310.5,15.6,D,0
-11.4355,132.9708,334.8,1,1,2014-08-09,0449,Aqua,MODIS,86,6.2,306,25.5,D,0
-12.0107,132.9994,347.3,1,1,2014-08-09,0449,Aqua,MODIS,92,6.2,309.9,41.2,D,0
-11.492,132.9605,338.5,1,1,2014-08-09,0449,Aqua,MODIS,89,6.2,308.2,31.2,D,0
-11.9064,133.0903,342.4,1,1,2014-08-09,0449,Aqua,MODIS,88,6.2,308.1,31.9,D,0
-12.0044,132.9142,357,1,1,2014-08-09,0449,Aqua,MODIS,98,6.2,315.1,63.6,D,0
-12.0057,132.905,330,1,1,2014-08-09,0449,Aqua,MODIS,62,6.2,310.8,14.3,D,0
-11.7425,132.7543,324.9,1,1,2014-08-09,0449,Aqua,MODIS,49,6.2,308.8,8.4,D,0
-11.501,132.9619,336.7,1,1,2014-08-09,0449,Aqua,MODIS,88,6.2,307.8,28,D,0
-11.51,132.9632,326.8,1,1,2014-08-09,0449,Aqua,MODIS,65,6.2,304.2,14.5,D,0
-12.0466,133.0702,328.4,1,1,2014-08-09,0449,Aqua,MODIS,62,6.2,313,10.4,D,0
-11.8107,132.7925,331.5,1,1,2014-08-09,0449,Aqua,MODIS,71,6.2,309.9,15.3,D,0
-11.7811,132.8069,330.9,1,1,2014-08-09,0449,Aqua,MODIS,61,6.2,309.4,16.1,D,0
-11.4343,132.8528,317.4,1,1,2014-08-09,0449,Aqua,MODIS,65,6.2,303.7,6.8,D,0
-11.8821,133.0026,331.3,1,1,2014-08-09,0449,Aqua,MODIS,77,6.2,308.2,19.2,D,0
-11.9218,133.1113,342.5,1,1,2014-08-09,0449,Aqua,MODIS,88,6.2,308.8,32.1,D,0
-11.8465,132.9254,358.2,1,1,2014-08-09,0449,Aqua,MODIS,99,6.2,312.3,68.6,D,0
-11.8452,132.9346,332.4,1,1,2014-08-09,0449,Aqua,MODIS,68,6.2,309.3,18.6,D,0
-11.4933,132.9514,321.9,1,1,2014-08-09,0449,Aqua,MODIS,75,6.2,305,10.4,D,0
-11.7656,130.4795,339.1,1.2,1.1,2014-08-09,0449,Aqua,MODIS,87,6.2,307.2,40.5,D,0
-11.447,130.5684,325.2,1.2,1.1,2014-08-09,0449,Aqua,MODIS,41,6.2,305.5,16.5,D,0
-11.812,130.5087,321.1,1.2,1.1,2014-08-09,0449,Aqua,MODIS,28,6.2,304.6,10.3,D,0
-11.7642,130.485,327.2,1.2,1.1,2014-08-09,0449,Aqua,MODIS,41,6.2,306.1,18.7,D,0
-11.7657,130.4738,328.8,1.2,1.1,2014-08-09,0449,Aqua,MODIS,48,6.2,307.9,21,D,0
-11.4358,130.5778,332.7,1.2,1.1,2014-08-09,0449,Aqua,MODIS,41,6.2,305.3,26.1,D,0
-11.426,130.5765,336,1.2,1.1,2014-08-09,0449,Aqua,MODIS,47,6.2,305.9,31.4,D,0
-11.4177,130.5642,324.3,1.2,1.1,2014-08-09,0449,Aqua,MODIS,36,6.2,306.6,15.7,D,0
-11.7769,130.4697,324.7,1.2,1.1,2014-08-09,0449,Aqua,MODIS,71,6.2,307.3,14.7,D,0
-11.7754,130.4809,374.1,1.2,1.1,2014-08-09,0449,Aqua,MODIS,100,6.2,312.7,160,D,0
-11.7922,130.5061,321.2,1.2,1.1,2014-08-09,0449,Aqua,MODIS,59,6.2,305.8,11.3,D,0
-11.774,130.492,333.4,1.2,1.1,2014-08-09,0449,Aqua,MODIS,82,6.2,307.4,28.8,D,0
-11.7558,130.4725,324.4,1.2,1.1,2014-08-09,0449,Aqua,MODIS,71,6.2,305.4,16.3,D,0
-11.8389,132.7837,329.6,1,1,2014-08-09,0449,Aqua,MODIS,52,6.2,308.6,15.1,D,0
-11.7012,132.9822,342.2,1,1,2014-08-09,0449,Aqua,MODIS,89,6.2,307.7,38.8,D,0
-11.8466,132.7942,344.4,1,1,2014-08-09,0449,Aqua,MODIS,90,6.2,311.1,39.9,D,0
-11.6614,133.0631,332.4,1,1,2014-08-09,0449,Aqua,MODIS,85,6.2,305.4,22,D,0
-12.0848,131.2781,344.8,1.1,1.1,2014-08-09,0449,Aqua,MODIS,70,6.2,307.1,50,D,0
-11.8453,132.8034,322.9,1,1,2014-08-09,0449,Aqua,MODIS,32,6.2,308.1,9,D,0
-11.7025,132.9731,327.1,1,1,2014-08-09,0449,Aqua,MODIS,74,6.2,305,16.8,D,0
-12.2706,131.19,331.6,1.1,1.1,2014-08-09,0449,Aqua,MODIS,64,6.2,306.9,22.3,D,0
-11.8581,132.9084,345.8,1,1,2014-08-09,0449,Aqua,MODIS,91,6.2,310.7,40.9,D,0
-11.2769,131.3564,332.3,1.1,1,2014-08-09,0449,Aqua,MODIS,60,6.2,306.3,23.4,D,0
-11.7401,130.6612,322.2,1.2,1.1,2014-08-09,0449,Aqua,MODIS,48,6.2,306.9,9.6,D,0
-11.8135,130.8161,331.7,1.2,1.1,2014-08-09,0449,Aqua,MODIS,84,6.2,308.9,23.8,D,0
-11.8096,130.82,326.6,1.2,1.1,2014-08-09,0449,Aqua,MODIS,56,6.2,308.7,17.5,D,0
-11.8111,130.8093,319.7,1.2,1.1,2014-08-09,0449,Aqua,MODIS,45,6.2,307.5,7.5,D,0
-11.5798,130.797,325.2,1.2,1.1,2014-08-09,0449,Aqua,MODIS,49,6.2,304.3,12.2,D,0
-11.5812,130.7864,328.7,1.2,1.1,2014-08-09,0449,Aqua,MODIS,69,6.2,307.4,17.8,D,0
-11.5522,130.7823,340.5,1.2,1.1,2014-08-09,0449,Aqua,MODIS,88,6.2,308.7,43.5,D,0
-11.5439,130.7702,339.2,1.2,1.1,2014-08-09,0449,Aqua,MODIS,87,6.2,307.2,42.3,D,0
-11.5409,130.7753,328.1,1.2,1.1,2014-08-09,0449,Aqua,MODIS,74,6.2,306.1,24.1,D,0
-11.5424,130.7646,325.1,1.2,1.1,2014-08-09,0449,Aqua,MODIS,57,6.2,304.3,18.9,D,0
-11.6872,131.1452,334.4,1.1,1.1,2014-08-09,0449,Aqua,MODIS,79,6.2,309.1,25.2,D,0
-11.6526,130.8683,339.3,1.2,1.1,2014-08-09,0449,Aqua,MODIS,72,6.2,309.7,33.3,D,0
-11.6818,131.113,333.5,1.1,1.1,2014-08-09,0449,Aqua,MODIS,83,6.2,307.8,26.5,D,0
-11.6832,131.1027,320.7,1.1,1.1,2014-08-09,0449,Aqua,MODIS,43,6.2,305.8,9.2,D,0
-11.6788,131.1069,338.7,1.1,1.1,2014-08-09,0449,Aqua,MODIS,87,6.2,308.9,37.2,D,0
-11.6707,131.0951,329.2,1.1,1.1,2014-08-09,0449,Aqua,MODIS,66,6.2,305.2,20.6,D,0
-11.7036,133.0945,319.7,1,1,2014-08-09,0449,Aqua,MODIS,57,6.2,304.1,8.6,D,0
-11.8402,132.7745,330.4,1,1,2014-08-09,0449,Aqua,MODIS,58,6.2,307.1,15.6,D,0
-11.6,132.7867,338.7,1,1,2014-08-09,0449,Aqua,MODIS,89,6.2,310.4,27,D,0
-11.609,132.788,325.1,1,1,2014-08-09,0449,Aqua,MODIS,67,6.2,308,9.3,D,0
-11.6202,131.1089,318.8,1.1,1.1,2014-08-09,0449,Aqua,MODIS,48,6.2,306,7.3,D,0
-11.6107,131.1075,345.2,1.1,1.1,2014-08-09,0449,Aqua,MODIS,92,6.2,307.3,50.3,D,0
-11.5609,131.2917,319.9,1.1,1.1,2014-08-09,0449,Aqua,MODIS,60,6.2,305.4,9.6,D,0
-11.3348,131.3906,322.3,1.1,1,2014-08-09,0449,Aqua,MODIS,46,6.2,306.1,9,D,0
-11.4846,130.6798,323.1,1.2,1.1,2014-08-09,0449,Aqua,MODIS,50,6.2,307.3,16.8,D,0
-11.6597,131.1042,349.7,1.1,1.1,2014-08-09,0449,Aqua,MODIS,94,6.2,306.7,60.8,D,0
-11.6611,131.0938,324.3,1.1,1.1,2014-08-09,0449,Aqua,MODIS,65,6.2,303.5,14.2,D,0
-11.6045,130.8331,319.6,1.2,1.1,2014-08-09,0449,Aqua,MODIS,40,6.2,305.6,8.4,D,0
-11.6059,130.8225,324.6,1.2,1.1,2014-08-09,0449,Aqua,MODIS,44,6.2,310.1,13.6,D,0
-11.5948,130.8318,327.8,1.2,1.1,2014-08-09,0449,Aqua,MODIS,55,6.2,305.4,17.8,D,0
-11.5962,130.8212,356.5,1.2,1.1,2014-08-09,0449,Aqua,MODIS,98,6.2,310.6,80.6,D,0
-11.5977,130.8104,332,1.2,1.1,2014-08-09,0449,Aqua,MODIS,71,6.2,309.3,22,D,0
-11.5851,130.8304,334.5,1.2,1.1,2014-08-09,0449,Aqua,MODIS,79,6.2,306.5,29,D,0
-11.6188,131.1192,320.6,1.1,1.1,2014-08-09,0449,Aqua,MODIS,31,6.2,308.1,8.8,D,0
-11.6093,131.1179,334,1.1,1.1,2014-08-09,0449,Aqua,MODIS,83,6.2,306.8,27.7,D,0
-11.6787,130.8936,328.9,1.2,1.1,2014-08-09,0449,Aqua,MODIS,16,6.2,309.8,16.9,D,0
-11.6677,130.9027,331.6,1.2,1.1,2014-08-09,0449,Aqua,MODIS,61,6.2,305.9,22.7,D,0
-11.658,130.9013,328.7,1.2,1.1,2014-08-09,0449,Aqua,MODIS,38,6.2,305.8,18.6,D,0
-11.6609,130.8803,337,1.2,1.1,2014-08-09,0449,Aqua,MODIS,76,6.2,309.9,28.5,D,0
-11.6498,130.8894,338.7,1.2,1.1,2014-08-09,0449,Aqua,MODIS,75,6.2,308.1,35.4,D,0
-11.6512,130.8789,344.1,1.2,1.1,2014-08-09,0449,Aqua,MODIS,84,6.2,311.1,44.3,D,0
-11.6416,130.8775,350.2,1.2,1.1,2014-08-09,0449,Aqua,MODIS,95,6.2,308,62.1,D,0
-11.665,131.1364,348.7,1.1,1.1,2014-08-09,0449,Aqua,MODIS,94,6.2,309.1,55.1,D,0
-11.6664,131.1261,336.4,1.1,1.1,2014-08-09,0449,Aqua,MODIS,80,6.2,311,29.5,D,0
-11.6678,131.1158,338.6,1.1,1.1,2014-08-09,0449,Aqua,MODIS,79,6.2,310,33.9,D,0
-11.6569,131.1247,339.6,1.1,1.1,2014-08-09,0449,Aqua,MODIS,88,6.2,307.9,34.4,D,0
-11.6583,131.1144,372.7,1.1,1.1,2014-08-09,0449,Aqua,MODIS,100,6.2,311.4,134.2,D,0
-11.6693,131.1055,346.7,1.1,1.1,2014-08-09,0449,Aqua,MODIS,93,6.2,310.4,53.3,D,0
-11.5831,131.3119,330,1.1,1,2014-08-09,0449,Aqua,MODIS,79,6.2,307.7,21,D,0
-11.5737,131.3105,324,1.1,1,2014-08-09,0449,Aqua,MODIS,55,6.2,307.7,12.2,D,0
-11.5643,131.3092,347,1.1,1,2014-08-09,0449,Aqua,MODIS,93,6.2,307.4,51.5,D,0
-11.5657,131.299,347.7,1.1,1.1,2014-08-09,0449,Aqua,MODIS,93,6.2,307.1,52.6,D,0
-11.5594,131.3018,349.8,1.1,1,2014-08-09,0449,Aqua,MODIS,94,6.2,307.7,61.2,D,0
-11.643,130.8669,386.8,1.2,1.1,2014-08-09,0449,Aqua,MODIS,100,6.2,314.3,212.2,D,0
-11.6444,130.8563,362,1.2,1.1,2014-08-09,0449,Aqua,MODIS,100,6.2,309.2,98.5,D,0
-11.6348,130.8549,322.3,1.2,1.1,2014-08-09,0449,Aqua,MODIS,51,6.2,305.3,10.7,D,0
-11.6362,130.8442,340.9,1.2,1.1,2014-08-09,0449,Aqua,MODIS,89,6.2,305.1,41.7,D,0
-32.9644,116.454,302,1.1,1.1,2014-08-09,0621,Aqua,MODIS,50,6.2,291.9,5.6,D,0
-32.9664,116.4422,301.9,1.1,1.1,2014-08-09,0621,Aqua,MODIS,50,6.2,291.5,5.5,D,0
-32.4813,116.0801,308.5,1.1,1.1,2014-08-09,0622,Aqua,MODIS,67,6.2,290,10,D,0
-32.4832,116.0683,310.9,1.1,1.1,2014-08-09,0622,Aqua,MODIS,71,6.2,290,12.2,D,0
-22.7278,119.9613,320.6,3,1.6,2014-08-09,0624,Aqua,MODIS,60,6.2,306.1,36.9,D,0
-22.2242,115.5049,338.3,1.5,1.2,2014-08-09,0624,Aqua,MODIS,85,6.2,314.4,44.9,D,0
-22.2374,115.4927,332.4,1.5,1.2,2014-08-09,0624,Aqua,MODIS,79,6.2,313.8,28.4,D,0
-22.7336,119.9327,323.4,3,1.6,2014-08-09,0624,Aqua,MODIS,69,6.2,307.1,51.8,D,0
-22.2402,115.5001,362,1.5,1.2,2014-08-09,0624,Aqua,MODIS,100,6.2,313.6,133.4,D,0
-22.2377,115.5144,349.1,1.5,1.2,2014-08-09,0624,Aqua,MODIS,93,6.2,312,79.7,D,0
-22.235,115.507,391.8,1.5,1.2,2014-08-09,0624,Aqua,MODIS,100,6.2,316.7,345.5,D,0
-22.7482,119.9362,319.4,3,1.6,2014-08-09,0624,Aqua,MODIS,41,6.2,305,31.5,D,0
-18.8976,121.6934,317.5,4.8,2,2014-08-09,0625,Aqua,MODIS,64,6.2,296.9,86.8,D,0
-28.8009,151.5237,307.3,1.2,1.1,2014-08-09,1230,Terra,MODIS,71,6.2,278.7,15,N,0
-28.7994,151.5359,306.9,1.2,1.1,2014-08-09,1230,Terra,MODIS,70,6.2,278.7,14.8,N,0
-27.9856,153.0198,309.5,1,1,2014-08-09,1231,Terra,MODIS,78,6.2,283.6,13.4,N,0
-26.5155,152.4796,301.5,1,1,2014-08-09,1231,Terra,MODIS,41,6.2,283.2,7.5,N,0
-15.1561,141.9974,301.5,3.5,1.8,2014-08-09,1234,Terra,MODIS,42,6.2,286.8,33.3,N,0
-16.1137,144.5654,301.8,2.3,1.5,2014-08-09,1234,Terra,MODIS,44,6.2,287.9,19.6,N,0
-16.156,144.6425,303.1,2.3,1.5,2014-08-09,1234,Terra,MODIS,53,6.2,287.7,20.2,N,0
-16.1457,144.6347,301.2,2.3,1.5,2014-08-09,1234,Terra,MODIS,23,6.2,287.6,16.5,N,0
-17.4813,130.8554,303.4,1.4,1.2,2014-08-09,1412,Terra,MODIS,55,6.2,285.7,10.7,N,0
-19.612,126.2808,312.4,1,1,2014-08-09,1412,Terra,MODIS,85,6.2,290.4,13.2,N,0
-17.1608,128.0022,307.7,1,1,2014-08-09,1412,Terra,MODIS,72,6.2,291.9,8.1,N,0
-17.46,122.5771,312.3,1.5,1.2,2014-08-09,1412,Terra,MODIS,84,6.2,288.7,22.5,N,0
-17.4583,122.5913,313.3,1.5,1.2,2014-08-09,1412,Terra,MODIS,87,6.2,287.9,22.7,N,0
-17.8852,123.493,303.5,1.3,1.1,2014-08-09,1412,Terra,MODIS,56,6.2,290.4,9.1,N,0
-17.82,123.6168,307.9,1.3,1.1,2014-08-09,1412,Terra,MODIS,73,6.2,289.6,13.8,N,0
-17.4766,122.6222,307.5,1.5,1.2,2014-08-09,1412,Terra,MODIS,72,6.2,287.4,16.3,N,0
-16.4668,123.778,357.9,1.2,1.1,2014-08-09,1413,Terra,MODIS,100,6.2,299.9,107.6,N,0
-14.3162,129.4572,302.4,1.3,1.1,2014-08-09,1413,Terra,MODIS,47,6.2,290.8,6.6,N,0
-16.4682,123.7665,309.7,1.2,1.1,2014-08-09,1413,Terra,MODIS,78,6.2,294,11.6,N,0
-16.4653,123.7895,361.4,1.2,1.1,2014-08-09,1413,Terra,MODIS,100,6.2,301,118.9,N,0
-16.4639,123.8008,321.2,1.2,1.1,2014-08-09,1413,Terra,MODIS,100,6.2,294.4,23.2,N,0
-16.4767,123.7794,313.9,1.2,1.1,2014-08-09,1413,Terra,MODIS,20,6.2,294.1,13.8,N,0
-16.4752,123.7908,310.2,1.2,1.1,2014-08-09,1413,Terra,MODIS,2,6.2,294.9,9.9,N,0
-16.4738,123.8023,308.1,1.2,1.1,2014-08-09,1413,Terra,MODIS,29,6.2,294.5,8.6,N,0
-16.5134,123.8078,313.6,1.2,1.1,2014-08-09,1413,Terra,MODIS,75,6.2,294.2,14.5,N,0
-16.5218,123.8207,306.6,1.2,1.1,2014-08-09,1413,Terra,MODIS,69,6.2,293.7,8.3,N,0
-15.0719,126.038,301.5,1,1,2014-08-09,1413,Terra,MODIS,14,6.2,290.6,4,N,0
-15.0629,126.0366,309.1,1,1,2014-08-09,1413,Terra,MODIS,77,6.2,291.7,9.1,N,0
-14.4451,129.6123,300.4,1.3,1.1,2014-08-09,1413,Terra,MODIS,26,6.2,290.2,6.7,N,0
-15.1354,125.8478,300.7,1,1,2014-08-09,1413,Terra,MODIS,10,6.2,290.4,4.1,N,0
-15.1367,125.8385,313.2,1,1,2014-08-09,1413,Terra,MODIS,86,6.2,291.1,12.4,N,0
-15.129,125.8278,307.3,1,1,2014-08-09,1413,Terra,MODIS,71,6.2,289.1,8.4,N,0
-15.1303,125.8184,318.4,1,1,2014-08-09,1413,Terra,MODIS,97,6.2,289.9,17.3,N,0
-15.1288,125.8946,312.7,1,1,2014-08-09,1413,Terra,MODIS,86,6.2,292.2,12.3,N,0
-13.1163,130.8561,314.5,1.6,1.3,2014-08-09,1413,Terra,MODIS,74,6.2,293,24,N,0
-15.2822,134.2673,304.2,2.7,1.6,2014-08-09,1413,Terra,MODIS,59,6.2,290.8,25.6,N,0
-13.1171,130.8466,316.5,1.6,1.3,2014-08-09,1413,Terra,MODIS,93,6.2,292.3,26.4,N,0
-15.2777,134.2916,303.3,2.7,1.6,2014-08-09,1413,Terra,MODIS,54,6.2,290.8,23.6,N,0
-15.2742,134.2853,307.5,2.7,1.6,2014-08-09,1413,Terra,MODIS,72,6.2,291,35.2,N,0
-13.7932,131.757,303.7,1.9,1.3,2014-08-09,1413,Terra,MODIS,57,6.2,292.8,12.3,N,0
-13.2881,130.9971,304.8,1.7,1.3,2014-08-09,1413,Terra,MODIS,62,6.2,292.4,11.8,N,0
-12.0249,133.3407,307.2,2.6,1.6,2014-08-09,1413,Terra,MODIS,71,6.2,292.3,29.9,N,0
-14.0865,132.1225,301.5,1.9,1.4,2014-08-09,1413,Terra,MODIS,42,6.2,291.5,11.5,N,0
-11.5493,130.7874,301.4,1.7,1.3,2014-08-09,1414,Terra,MODIS,17,6.2,291.2,9.2,N,0
-11.5415,130.7796,303.2,1.7,1.3,2014-08-09,1414,Terra,MODIS,54,6.2,291.3,12,N,0
-12.4124,142.0965,304.6,1.8,1.3,2014-08-09,1538,Aqua,MODIS,61,6.2,288.9,15.4,N,0
-12.417,142.1012,302.7,1.8,1.3,2014-08-09,1538,Aqua,MODIS,51,6.2,288.1,13.7,N,0
-14.5625,142.739,302,1.5,1.2,2014-08-09,1539,Aqua,MODIS,37,6.2,290.6,8.3,N,0
-14.571,142.7234,300.5,1.5,1.2,2014-08-09,1539,Aqua,MODIS,12,6.2,290,6.8,N,0
-14.1709,143.5856,301.5,1.3,1.1,2014-08-09,1539,Aqua,MODIS,37,6.2,290,6.8,N,0
-14.5733,142.7372,300.9,1.5,1.2,2014-08-09,1539,Aqua,MODIS,20,6.2,289.9,7.2,N,0
-21.451,148.3866,309.7,1.2,1.1,2014-08-09,1540,Aqua,MODIS,78,6.2,283.4,16.5,N,0
-21.4526,148.3982,306.7,1.2,1.1,2014-08-09,1540,Aqua,MODIS,69,6.2,283.3,14,N,0
-13.1376,130.845,338,3,1.6,2014-08-09,1717,Aqua,MODIS,100,6.2,293.7,186.3,N,0
-13.1702,130.8684,304.9,3,1.6,2014-08-09,1717,Aqua,MODIS,45,6.2,291.6,29.4,N,0
-13.1406,130.8723,317,3,1.6,2014-08-09,1717,Aqua,MODIS,15,6.2,291.7,64.7,N,0
-13.1524,130.8427,316.7,3,1.6,2014-08-09,1717,Aqua,MODIS,61,6.2,292.5,63.2,N,0
-13.1748,130.7888,309.9,3,1.6,2014-08-09,1717,Aqua,MODIS,70,6.2,290,41.8,N,0
-13.1672,130.8408,307.2,3,1.6,2014-08-09,1717,Aqua,MODIS,70,6.2,291.7,34.7,N,0
-13.1555,130.8707,317.7,3,1.6,2014-08-09,1717,Aqua,MODIS,60,6.2,292.1,70,N,0
-13.1518,130.8481,319.9,3,1.6,2014-08-09,1717,Aqua,MODIS,27,6.2,292.7,74.3,N,0
-13.1371,130.8503,352.7,3,1.6,2014-08-09,1717,Aqua,MODIS,100,6.2,294.1,326.6,N,0
-13.1757,130.7834,311.1,3,1.6,2014-08-09,1717,Aqua,MODIS,82,6.2,290.2,46.9,N,0
-15.0558,126.0413,300.5,1.4,1.2,2014-08-09,1717,Aqua,MODIS,28,6.2,287.8,8.6,N,0
-13.1043,130.8264,313.3,3,1.6,2014-08-09,1717,Aqua,MODIS,47,6.2,291.4,54.1,N,0
-13.1075,130.8539,349.3,3,1.6,2014-08-09,1717,Aqua,MODIS,100,6.2,293,295.8,N,0
-13.1223,130.8522,342.5,3,1.6,2014-08-09,1717,Aqua,MODIS,100,6.2,293,231.8,N,0
-16.4532,123.766,322.2,1.1,1,2014-08-09,1718,Aqua,MODIS,100,6.2,294.1,21.4,N,0
-16.456,123.7863,331,1.1,1,2014-08-09,1718,Aqua,MODIS,100,6.2,295.6,32.3,N,0
-16.4574,123.7966,319.3,1.1,1,2014-08-09,1718,Aqua,MODIS,60,6.2,294.4,17.1,N,0
-16.464,123.7748,337.8,1.1,1,2014-08-09,1718,Aqua,MODIS,100,6.2,295.4,43.4,N,0
-16.4733,123.7734,307,1.1,1,2014-08-09,1718,Aqua,MODIS,6,6.2,292.9,7.9,N,0
-16.4776,123.804,348.4,1.1,1,2014-08-09,1718,Aqua,MODIS,100,6.2,296.2,65,N,0
-16.4801,123.777,325.8,1.1,1,2014-08-09,1718,Aqua,MODIS,100,6.2,292.9,27.4,N,0
-16.4815,123.7873,309.2,1.1,1,2014-08-09,1718,Aqua,MODIS,77,6.2,291.5,9.7,N,0
-17.187,122.3908,300.1,1,1,2014-08-09,1718,Aqua,MODIS,19,6.2,287.8,5.5,N,0
-16.4546,123.7762,335.5,1.1,1,2014-08-09,1718,Aqua,MODIS,100,6.2,296,39.8,N,0
-17.8206,123.6222,300.3,1.1,1,2014-08-09,1718,Aqua,MODIS,25,6.2,287.5,6.4,N,0
-17.4528,122.5749,300.1,1,1,2014-08-09,1718,Aqua,MODIS,19,6.2,286.5,5.8,N,0
-17.4437,122.5762,338.3,1,1,2014-08-09,1718,Aqua,MODIS,100,6.2,292.9,43.8,N,0
-16.4438,123.7673,312.3,1.1,1,2014-08-09,1718,Aqua,MODIS,85,6.2,293.5,12.3,N,0
-17.445,122.5858,318.6,1,1,2014-08-09,1718,Aqua,MODIS,97,6.2,289.9,18.6,N,0
-16.5246,123.8227,307.6,1.1,1,2014-08-09,1718,Aqua,MODIS,34,6.2,292.1,8.1,N,0
-20.134,118.9769,309.9,1.1,1,2014-08-09,1719,Aqua,MODIS,38,6.2,277.4,12.6,N,0
-20.1357,118.9873,306,1.1,1,2014-08-09,1719,Aqua,MODIS,7,6.2,276.9,9.6,N,0
-18.9179,121.7666,303.1,1,1,2014-08-09,1719,Aqua,MODIS,53,6.2,290.9,6.1,N,0
-18.9192,121.7761,302.1,1,1,2014-08-09,1719,Aqua,MODIS,46,6.2,290.5,5.7,N,0
-22.2174,115.5171,301.6,1.6,1.2,2014-08-09,1720,Aqua,MODIS,43,6.2,287.4,12.5,N,0
-12.0985,133.7909,318.3,2,1.4,2014-08-10,0103,Terra,MODIS,59,6.2,303.5,20.8,D,0
-12.0326,133.33,327.9,2.2,1.4,2014-08-10,0103,Terra,MODIS,80,6.2,303.7,52.6,D,0
-12.7424,142.1227,310.7,1.1,1.1,2014-08-10,0103,Terra,MODIS,61,6.2,294.1,7,D,0
-12.1409,133.4285,326.9,2.2,1.4,2014-08-10,0103,Terra,MODIS,69,6.2,303.6,48.6,D,0
-11.855,133.2197,321.9,2.3,1.5,2014-08-10,0103,Terra,MODIS,73,6.2,301.9,39.6,D,0
-12.0338,133.3438,347.9,2.2,1.4,2014-08-10,0103,Terra,MODIS,94,6.2,306.2,153.2,D,0
-12.0846,141.9429,313,1.1,1.1,2014-08-10,0103,Terra,MODIS,28,6.2,298.3,8.2,D,0
-12.0044,133.328,316.9,2.2,1.4,2014-08-10,0103,Terra,MODIS,33,6.2,303.3,19.2,D,0
-11.7488,133.137,316.2,2.3,1.5,2014-08-10,0103,Terra,MODIS,64,6.2,301.1,27.6,D,0
-11.8442,133.1571,325.4,2.3,1.5,2014-08-10,0103,Terra,MODIS,78,6.2,302.4,56.6,D,0
-11.7644,133.3055,315.5,2.3,1.5,2014-08-10,0103,Terra,MODIS,41,6.2,300.6,21.1,D,0
-12.1362,133.4029,328.6,2.2,1.4,2014-08-10,0103,Terra,MODIS,80,6.2,304.7,52.7,D,0
-11.9748,133.3813,329.4,2.2,1.4,2014-08-10,0103,Terra,MODIS,82,6.2,303.2,58.5,D,0
-12.0691,133.3169,323.8,2.2,1.4,2014-08-10,0103,Terra,MODIS,76,6.2,305.4,37.5,D,0
-11.9585,133.3636,322.1,2.2,1.4,2014-08-10,0103,Terra,MODIS,55,6.2,303.8,34.6,D,0
-12.1397,133.4228,331.2,2.2,1.4,2014-08-10,0103,Terra,MODIS,82,6.2,304.3,63.9,D,0
-12.036,133.3501,346.3,2.2,1.4,2014-08-10,0103,Terra,MODIS,93,6.2,305.8,141.4,D,0
-12.0943,133.779,319.2,2.1,1.4,2014-08-10,0103,Terra,MODIS,63,6.2,305.4,21.9,D,0
-12.0067,133.3344,316.4,2.2,1.4,2014-08-10,0103,Terra,MODIS,59,6.2,303.7,19.8,D,0
-12.1376,133.4086,332.2,2.2,1.4,2014-08-10,0103,Terra,MODIS,84,6.2,304.7,67.9,D,0
-11.9714,133.3613,322.4,2.2,1.4,2014-08-10,0103,Terra,MODIS,64,6.2,302.3,35.9,D,0
-11.9157,133.117,328.7,2.3,1.5,2014-08-10,0103,Terra,MODIS,81,6.2,302.2,63.7,D,0
-12.4329,134.9314,339.5,1.7,1.3,2014-08-10,0103,Terra,MODIS,89,6.2,301.2,71.5,D,0
-12.0324,133.0238,320.5,2.3,1.5,2014-08-10,0103,Terra,MODIS,71,6.2,302.2,35.1,D,0
-12.0407,136.2218,310.9,1.4,1.2,2014-08-10,0103,Terra,MODIS,0,6.2,294.8,5.2,D,0
-11.8693,133.0656,319.9,2.3,1.5,2014-08-10,0103,Terra,MODIS,68,6.2,302,36,D,0
-12.4353,134.9463,318.6,1.7,1.3,2014-08-10,0103,Terra,MODIS,47,6.2,299.9,17.2,D,0
-12.3326,135.2337,318.5,1.6,1.2,2014-08-10,0103,Terra,MODIS,58,6.2,301.5,17.8,D,0
-12.08,141.8408,346.7,1.1,1,2014-08-10,0103,Terra,MODIS,94,6.2,295.1,57,D,0
-12.0814,141.8508,333.7,1.1,1,2014-08-10,0103,Terra,MODIS,74,6.2,294.6,31.3,D,0
-13.6091,141.7475,312.5,1.1,1.1,2014-08-10,0103,Terra,MODIS,65,6.2,297.2,6.5,D,0
-11.7955,130.8066,312.2,3.5,1.8,2014-08-10,0103,Terra,MODIS,46,6.2,296.8,37.5,D,0
-11.6473,130.9122,317,3.5,1.8,2014-08-10,0103,Terra,MODIS,64,6.2,297,59,D,0
-11.6923,132.9694,315.8,2.4,1.5,2014-08-10,0103,Terra,MODIS,63,6.2,300.8,30.4,D,0
-12.8955,141.6901,324.3,1.1,1,2014-08-10,0103,Terra,MODIS,76,6.2,299,18.3,D,0
-11.6842,132.9769,315.3,2.4,1.5,2014-08-10,0103,Terra,MODIS,57,6.2,300.8,25.3,D,0
-11.5473,131.2905,314.9,3.3,1.7,2014-08-10,0103,Terra,MODIS,60,6.2,297.8,46.3,D,0
-11.6416,130.8808,320.9,3.5,1.8,2014-08-10,0103,Terra,MODIS,71,6.2,298.1,80,D,0
-11.5526,131.3202,318.7,3.2,1.7,2014-08-10,0103,Terra,MODIS,69,6.2,297.9,64.5,D,0
-13.7689,141.8883,318.1,1.1,1.1,2014-08-10,0104,Terra,MODIS,74,6.2,295.5,12.4,D,0
-14.1691,143.5842,315.4,1.5,1.2,2014-08-10,0104,Terra,MODIS,38,6.2,296.6,9.6,D,0
-14.561,142.7635,313.7,1.3,1.1,2014-08-10,0104,Terra,MODIS,66,6.2,290.6,14.9,D,0
-14.4347,133.1526,317.1,2.1,1.4,2014-08-10,0104,Terra,MODIS,59,6.2,302,17.8,D,0
-14.5508,142.7649,308.9,1.3,1.1,2014-08-10,0104,Terra,MODIS,21,6.2,290.2,9.8,D,0
-14.1352,143.5752,316.1,1.5,1.2,2014-08-10,0104,Terra,MODIS,69,6.2,296.4,12.8,D,0
-14.2049,143.6069,322.3,1.5,1.2,2014-08-10,0104,Terra,MODIS,80,6.2,297.3,22.5,D,0
-15.8082,137.0515,319.6,1.1,1,2014-08-10,0104,Terra,MODIS,0,6.2,296.8,12.5,D,0
-15.8004,137.0632,335.6,1.1,1,2014-08-10,0104,Terra,MODIS,86,6.2,300.8,34.9,D,0
-13.1469,130.8404,357.3,3.3,1.7,2014-08-10,0104,Terra,MODIS,98,6.2,304,392.3,D,0
-13.1355,130.8478,322.1,3.3,1.7,2014-08-10,0104,Terra,MODIS,39,6.2,302.5,62.3,D,0
-13.1509,130.8454,359.2,3.3,1.7,2014-08-10,0104,Terra,MODIS,99,6.2,303.9,417.1,D,0
-13.2193,130.8207,341.1,3.3,1.7,2014-08-10,0104,Terra,MODIS,90,6.2,301.9,208.7,D,0
-13.9094,141.5085,325.2,1.1,1,2014-08-10,0104,Terra,MODIS,71,6.2,301.1,16.2,D,0
-13.2235,130.8269,325.5,3.3,1.7,2014-08-10,0104,Terra,MODIS,77,6.2,300.8,83,D,0
-12.8572,132.2734,331.4,2.6,1.5,2014-08-10,0104,Terra,MODIS,83,6.2,302.1,94,D,0
-13.7418,141.555,321.2,1.1,1,2014-08-10,0104,Terra,MODIS,67,6.2,303.5,12,D,0
-13.2137,130.7909,352.8,3.3,1.7,2014-08-10,0104,Terra,MODIS,96,6.2,302,344.2,D,0
-13.1875,130.8032,356.9,3.3,1.7,2014-08-10,0104,Terra,MODIS,98,6.2,303.1,389.4,D,0
-12.8518,132.2804,327.6,2.6,1.5,2014-08-10,0104,Terra,MODIS,80,6.2,303.7,72.8,D,0
-13.9,141.5098,329.6,1.1,1,2014-08-10,0104,Terra,MODIS,74,6.2,303.9,22,D,0
-12.8615,132.2969,314.4,2.6,1.5,2014-08-10,0104,Terra,MODIS,49,6.2,301.8,21.7,D,0
-12.1723,131.2814,311.7,3.2,1.7,2014-08-10,0104,Terra,MODIS,0,6.2,298,27.2,D,0
-13.2182,130.7974,359.5,3.3,1.7,2014-08-10,0104,Terra,MODIS,99,6.2,301.9,436,D,0
-12.8477,132.2567,317.7,2.6,1.5,2014-08-10,0104,Terra,MODIS,65,6.2,301.1,31.8,D,0
-13.1315,130.8426,325.2,3.3,1.7,2014-08-10,0104,Terra,MODIS,43,6.2,302,79.4,D,0
-12.8656,132.2778,313.3,2.6,1.5,2014-08-10,0104,Terra,MODIS,19,6.2,300.9,18,D,0
-15.2198,128.6473,315.8,4.3,1.9,2014-08-10,0104,Terra,MODIS,59,6.2,300.5,68.9,D,0
-15.2026,128.6505,322.6,4.3,1.9,2014-08-10,0104,Terra,MODIS,76,6.2,301.4,124.5,D,0
-15.2035,128.6427,321.4,4.3,1.9,2014-08-10,0104,Terra,MODIS,74,6.2,301,115.8,D,0
-13.9954,129.98,313.2,3.7,1.8,2014-08-10,0104,Terra,MODIS,52,6.2,299.1,42.5,D,0
-14.3133,129.4567,318.2,3.9,1.8,2014-08-10,0104,Terra,MODIS,60,6.2,298.7,78,D,0
-14.3181,129.4497,316.3,3.9,1.8,2014-08-10,0104,Terra,MODIS,51,6.2,298.2,61.2,D,0
-13.3009,130.8349,316.2,3.3,1.7,2014-08-10,0104,Terra,MODIS,54,6.2,300.2,38.5,D,0
-13.3064,130.8648,318.1,3.2,1.7,2014-08-10,0104,Terra,MODIS,52,6.2,301.6,45.6,D,0
-13.3374,130.95,319.8,3.2,1.7,2014-08-10,0104,Terra,MODIS,59,6.2,301.8,51.2,D,0
-13.7248,136.644,320.8,1.2,1.1,2014-08-10,0104,Terra,MODIS,69,6.2,298.3,17,D,0
-13.6648,132.2358,316.4,2.5,1.5,2014-08-10,0104,Terra,MODIS,51,6.2,303.8,21.5,D,0
-13.3347,130.9448,322.5,3.2,1.7,2014-08-10,0104,Terra,MODIS,58,6.2,302.1,63.6,D,0
-13.6424,131.6092,315.3,2.8,1.6,2014-08-10,0104,Terra,MODIS,59,6.2,302,26.3,D,0
-18.1598,130.2493,339.5,2.9,1.6,2014-08-10,0105,Terra,MODIS,90,6.2,299.9,172.9,D,0
-18.1648,130.2759,314.6,2.9,1.6,2014-08-10,0105,Terra,MODIS,60,6.2,299.1,33.3,D,0
-18.161,130.243,331.6,2.9,1.6,2014-08-10,0105,Terra,MODIS,85,6.2,299.8,115.6,D,0
-18.1662,130.2696,323.5,2.9,1.6,2014-08-10,0105,Terra,MODIS,78,6.2,299.6,68.8,D,0
-16.8423,136.8365,318.4,1.1,1,2014-08-10,0105,Terra,MODIS,43,6.2,305.4,7.1,D,0
-16.8439,136.8468,322.9,1.1,1,2014-08-10,0105,Terra,MODIS,71,6.2,305.2,12.8,D,0
-16.8672,136.8112,323.2,1.1,1,2014-08-10,0105,Terra,MODIS,73,6.2,304.6,13.5,D,0
-16.8688,136.8214,315.3,1.1,1,2014-08-10,0105,Terra,MODIS,36,6.2,303.8,4.9,D,0
-16.8147,136.8792,319,1.1,1,2014-08-10,0105,Terra,MODIS,55,6.2,303.7,9.3,D,0
-17.4867,130.8478,324.5,2.7,1.6,2014-08-10,0105,Terra,MODIS,79,6.2,297.9,72.1,D,0
-17.4759,130.8428,321.3,2.7,1.6,2014-08-10,0105,Terra,MODIS,76,6.2,298.6,59.8,D,0
-17.4807,130.8677,318.5,2.7,1.6,2014-08-10,0105,Terra,MODIS,72,6.2,299,47.1,D,0
-34.3129,145.7832,325.1,3.7,1.8,2014-08-10,0109,Terra,MODIS,83,6.2,288,151.5,D,0
-34.3191,145.7774,317.9,3.7,1.8,2014-08-10,0109,Terra,MODIS,78,6.2,287.1,103.6,D,0
-33.0065,137.5867,303.6,1.1,1.1,2014-08-10,0109,Terra,MODIS,43,6.2,292.4,5.1,D,2
-34.3153,145.8244,325.5,3.8,1.8,2014-08-10,0109,Terra,MODIS,84,6.2,288,157.5,D,0
-34.3212,145.8186,327.3,3.8,1.8,2014-08-10,0109,Terra,MODIS,85,6.2,287.4,171.8,D,0
-17.4214,122.6736,320,3.1,1.7,2014-08-10,0243,Terra,MODIS,53,6.2,304.1,37.3,D,0
-16.4623,123.772,336.3,3.7,1.8,2014-08-10,0243,Terra,MODIS,87,6.2,303.8,204,D,0
-16.4462,123.7744,327.5,3.7,1.8,2014-08-10,0243,Terra,MODIS,81,6.2,302.2,127.3,D,0
-17.1711,122.8699,335,3.2,1.7,2014-08-10,0243,Terra,MODIS,85,6.2,305.6,157.2,D,0
-16.4786,123.7705,335.8,3.7,1.8,2014-08-10,0243,Terra,MODIS,87,6.2,303.5,193.5,D,0
-16.4514,123.7459,345.9,3.7,1.8,2014-08-10,0243,Terra,MODIS,93,6.2,301.9,303.4,D,0
-16.4353,123.7482,325.5,3.7,1.8,2014-08-10,0243,Terra,MODIS,74,6.2,300.9,112.9,D,0
-16.4676,123.7443,335.1,3.7,1.8,2014-08-10,0243,Terra,MODIS,87,6.2,300.8,178.7,D,0
-17.5037,122.5988,331.5,3.1,1.7,2014-08-10,0243,Terra,MODIS,79,6.2,303.5,111,D,0
-16.4429,123.7403,331.2,3.7,1.8,2014-08-10,0243,Terra,MODIS,84,6.2,300.5,153.3,D,0
-17.4814,122.5368,360.4,3.1,1.7,2014-08-10,0243,Terra,MODIS,100,6.2,304.9,408.6,D,0
-16.4711,123.7779,336.1,3.7,1.8,2014-08-10,0243,Terra,MODIS,87,6.2,303.9,193.6,D,0
-17.5006,122.5698,333.1,3.1,1.7,2014-08-10,0243,Terra,MODIS,82,6.2,302.2,126,D,0
-17.1681,122.8648,339.3,3.2,1.7,2014-08-10,0243,Terra,MODIS,88,6.2,305.5,192.1,D,0
-17.1679,122.8398,340.6,3.2,1.7,2014-08-10,0243,Terra,MODIS,89,6.2,304.3,203.9,D,0
-17.1651,122.8346,328.7,3.2,1.7,2014-08-10,0243,Terra,MODIS,80,6.2,303.1,110.3,D,0
-17.4675,122.544,325.3,3.1,1.7,2014-08-10,0243,Terra,MODIS,42,6.2,300.1,77.3,D,0
-17.4555,122.5745,334.3,3.1,1.7,2014-08-10,0243,Terra,MODIS,79,6.2,304.8,132,D,0
-16.459,123.7384,340,3.7,1.8,2014-08-10,0243,Terra,MODIS,90,6.2,300.9,237.2,D,0
-16.4752,123.7368,315.9,3.7,1.8,2014-08-10,0243,Terra,MODIS,30,6.2,300.6,40.5,D,0
-17.4766,122.6311,324.8,3.1,1.7,2014-08-10,0243,Terra,MODIS,67,6.2,303.2,62.5,D,0
-17.5022,122.5935,337.3,3.1,1.7,2014-08-10,0243,Terra,MODIS,87,6.2,303.9,157.9,D,0
-17.4221,122.6966,317.9,3.1,1.7,2014-08-10,0243,Terra,MODIS,27,6.2,304,25.1,D,0
-17.1721,122.3145,359.2,2.9,1.6,2014-08-10,0243,Terra,MODIS,0,6.2,303.1,356.7,D,0
-17.1927,122.3607,332.7,2.9,1.6,2014-08-10,0243,Terra,MODIS,83,6.2,302.9,115.9,D,0
-17.19,122.3333,324.6,2.9,1.6,2014-08-10,0243,Terra,MODIS,52,6.2,301.7,61.2,D,0
-17.1926,122.3674,335.7,2.9,1.6,2014-08-10,0243,Terra,MODIS,86,6.2,303.5,135.7,D,0
-17.1897,122.34,336.1,2.9,1.6,2014-08-10,0243,Terra,MODIS,86,6.2,301.8,135.1,D,0
-17.4245,122.703,319,3.1,1.7,2014-08-10,0243,Terra,MODIS,56,6.2,304.4,30.6,D,0
-17.3909,122.53,319.6,3,1.7,2014-08-10,0243,Terra,MODIS,50,6.2,302.1,49.8,D,0
-17.4525,122.5457,350.6,3.1,1.7,2014-08-10,0243,Terra,MODIS,95,6.2,301.9,284.9,D,0
-17.1808,122.3964,341.7,3,1.6,2014-08-10,0243,Terra,MODIS,90,6.2,306.2,172.1,D,0
-17.1779,122.369,384.5,2.9,1.6,2014-08-10,0243,Terra,MODIS,100,6.2,309.4,780.9,D,0
-17.175,122.3416,392.5,2.9,1.6,2014-08-10,0243,Terra,MODIS,94,6.2,311,961.4,D,0
-17.1834,122.863,317,3.2,1.7,2014-08-10,0243,Terra,MODIS,58,6.2,305.8,42.8,D,0
-17.361,122.5332,333.4,3,1.7,2014-08-10,0243,Terra,MODIS,84,6.2,303.3,123.4,D,0
-16.4549,123.78,331.4,3.7,1.8,2014-08-10,0243,Terra,MODIS,84,6.2,303.1,156.1,D,0
-17.4705,122.573,334.6,3.1,1.7,2014-08-10,0243,Terra,MODIS,68,6.2,303.3,129.8,D,0
-17.4825,122.5422,376.7,3.1,1.7,2014-08-10,0243,Terra,MODIS,100,6.2,306.8,676.7,D,0
-17.4856,122.5714,361.8,3.1,1.7,2014-08-10,0243,Terra,MODIS,100,6.2,308,422.4,D,0
-17.4993,122.5644,325,3.1,1.7,2014-08-10,0243,Terra,MODIS,71,6.2,302.3,77.8,D,0
-17.4843,122.566,364.5,3.1,1.7,2014-08-10,0243,Terra,MODIS,100,6.2,308.8,463.5,D,0
-20.189,119.0109,319.7,1.8,1.3,2014-08-10,0244,Terra,MODIS,63,6.2,304.7,18.7,D,0
-20.2226,119.0362,327.3,1.8,1.3,2014-08-10,0244,Terra,MODIS,77,6.2,305.7,38,D,0
-20.2345,119.0347,332.3,1.8,1.3,2014-08-10,0244,Terra,MODIS,83,6.2,306.6,53.3,D,0
-20.2365,119.0521,317,1.8,1.3,2014-08-10,0244,Terra,MODIS,56,6.2,304.7,12.5,D,0
-20.3018,118.932,337,1.8,1.3,2014-08-10,0244,Terra,MODIS,75,6.2,305.8,67.1,D,0
-21.1789,117.0799,354.3,1.4,1.2,2014-08-10,0244,Terra,MODIS,97,6.2,309.6,98.4,D,0
-21.1806,117.0933,342.5,1.4,1.2,2014-08-10,0244,Terra,MODIS,90,6.2,307.6,58,D,0
-21.1878,117.0652,324.3,1.4,1.2,2014-08-10,0244,Terra,MODIS,64,6.2,303.5,19.7,D,0
-21.1894,117.0784,365.4,1.4,1.2,2014-08-10,0244,Terra,MODIS,100,6.2,307.7,147,D,0
-21.1911,117.0919,341,1.4,1.2,2014-08-10,0244,Terra,MODIS,89,6.2,305.8,54.2,D,0
-21.1983,117.0638,343,1.4,1.2,2014-08-10,0244,Terra,MODIS,91,6.2,303.5,62.6,D,0
-21.1999,117.0771,411.8,1.4,1.2,2014-08-10,0244,Terra,MODIS,100,6.2,316.3,516.3,D,0
-21.2016,117.0904,332.9,1.4,1.2,2014-08-10,0244,Terra,MODIS,83,6.2,305.7,35.3,D,0
-18.8615,122.0402,317.1,2.9,1.6,2014-08-10,0244,Terra,MODIS,42,6.2,305.9,27.9,D,0
-18.9245,121.9172,326.7,2.9,1.6,2014-08-10,0244,Terra,MODIS,67,6.2,308.7,64.5,D,0
-18.9363,121.8885,325.2,2.9,1.6,2014-08-10,0244,Terra,MODIS,48,6.2,305.4,56.4,D,0
-18.9391,121.9156,327.8,2.9,1.6,2014-08-10,0244,Terra,MODIS,65,6.2,304.8,72.5,D,0
-18.9054,121.7304,325.1,2.8,1.6,2014-08-10,0244,Terra,MODIS,64,6.2,307,51.3,D,0
-20.3117,118.9133,331.3,1.8,1.3,2014-08-10,0244,Terra,MODIS,80,6.2,305.3,46.9,D,0
-20.9728,119.128,321.3,1.9,1.3,2014-08-10,0244,Terra,MODIS,69,6.2,305.9,23.4,D,0
-20.9849,119.1265,318.8,1.9,1.3,2014-08-10,0244,Terra,MODIS,57,6.2,305.3,16.7,D,0
-21.1966,118.852,320.9,1.8,1.3,2014-08-10,0244,Terra,MODIS,46,6.2,305.9,20.6,D,0
-21.2018,118.8448,317.4,1.8,1.3,2014-08-10,0244,Terra,MODIS,55,6.2,305.3,13.7,D,0
-21.2037,118.8623,319.1,1.8,1.3,2014-08-10,0244,Terra,MODIS,64,6.2,305.5,18,D,0
-20.7422,119.2865,318.4,1.9,1.4,2014-08-10,0244,Terra,MODIS,61,6.2,305.7,14.9,D,0
-22.84,119.9773,316.3,2.3,1.5,2014-08-10,0245,Terra,MODIS,61,6.2,303.7,19.6,D,0
-35.6711,150.0385,300.3,1.2,1.1,2014-08-10,0346,Aqua,MODIS,28,6.2,287.3,4.6,D,0
-35.8124,146.0936,300.6,1.9,1.4,2014-08-10,0347,Aqua,MODIS,24,6.2,286.5,12.7,D,0
-35.815,146.1009,301.4,1.9,1.4,2014-08-10,0347,Aqua,MODIS,27,6.2,287,14.1,D,0
-32.8316,146.4708,306.9,1.7,1.3,2014-08-10,0347,Aqua,MODIS,61,6.2,295.9,10,D,0
-35.3107,145.9567,301.2,2,1.4,2014-08-10,0347,Aqua,MODIS,42,6.2,289,12.4,D,0
-33.5968,151.0103,310.7,1,1,2014-08-10,0347,Aqua,MODIS,70,6.2,292.1,10.1,D,0
-33.3114,149.1508,302.3,1.2,1.1,2014-08-10,0347,Aqua,MODIS,51,6.2,286.5,7.2,D,0
-33.5074,151.0685,325.1,1,1,2014-08-10,0347,Aqua,MODIS,83,6.2,290.5,24.1,D,0
-33.5089,151.0573,330.9,1,1,2014-08-10,0347,Aqua,MODIS,87,6.2,291.9,31.5,D,0
-33.4982,151.0667,306.5,1,1,2014-08-10,0347,Aqua,MODIS,64,6.2,289.8,7.9,D,0
-33.4997,151.0555,306.5,1,1,2014-08-10,0347,Aqua,MODIS,64,6.2,289.9,7.9,D,0
-31.5979,151.3419,304.2,1,1,2014-08-10,0347,Aqua,MODIS,51,6.2,290.2,6.2,D,0
-33.5201,150.6061,306.1,1.1,1,2014-08-10,0347,Aqua,MODIS,36,6.2,289.7,7.2,D,0
-33.5216,150.5946,308,1.1,1,2014-08-10,0347,Aqua,MODIS,51,6.2,289.7,8.5,D,0
-31.4133,151.0148,323.5,1,1,2014-08-10,0348,Aqua,MODIS,82,6.2,286.7,23.3,D,0
-31.4119,151.0255,306.6,1,1,2014-08-10,0348,Aqua,MODIS,64,6.2,284.8,9.1,D,0
-28.9144,149.608,315.7,1.1,1,2014-08-10,0348,Aqua,MODIS,65,6.2,302,7.3,D,0
-28.6894,151.9988,303.7,1,1,2014-08-10,0348,Aqua,MODIS,46,6.2,293.4,3.3,D,0
-29.9483,151.3792,322.9,1,1,2014-08-10,0348,Aqua,MODIS,82,6.2,295.3,17.8,D,0
-29.9573,151.3809,317.7,1,1,2014-08-10,0348,Aqua,MODIS,74,6.2,294.4,12.9,D,0
-28.8633,149.8526,325.8,1,1,2014-08-10,0348,Aqua,MODIS,80,6.2,304.5,17,D,0
-28.8541,149.851,325.2,1,1,2014-08-10,0348,Aqua,MODIS,80,6.2,305,15.9,D,0
-29.5232,152.3315,324.5,1,1,2014-08-10,0348,Aqua,MODIS,72,6.2,280.3,23.1,D,0
-29.2375,152.7686,307.1,1,1,2014-08-10,0348,Aqua,MODIS,65,6.2,296.4,6,D,0
-28.8619,149.8632,317.6,1,1,2014-08-10,0348,Aqua,MODIS,71,6.2,304.2,8.1,D,0
-28.8044,151.5317,327.4,1,1,2014-08-10,0348,Aqua,MODIS,84,6.2,295.6,21.8,D,0
-29.5248,152.3211,336,1,1,2014-08-10,0348,Aqua,MODIS,68,6.2,272,37.8,D,0
-29.9931,147.7865,316.2,1.3,1.1,2014-08-10,0348,Aqua,MODIS,60,6.2,296.4,16.4,D,0
-27.9911,153.0139,315.7,1.1,1,2014-08-10,0348,Aqua,MODIS,71,6.2,300.5,9.6,D,0
-28.2357,148.5469,312,1.1,1.1,2014-08-10,0348,Aqua,MODIS,37,6.2,296.2,8.7,D,0
-28.2343,148.5585,323.7,1.1,1.1,2014-08-10,0348,Aqua,MODIS,78,6.2,295.3,21.1,D,0
-29.2093,152.9904,321.3,1.1,1,2014-08-10,0348,Aqua,MODIS,81,6.2,296.7,17.2,D,0
-29.2028,152.9946,306.7,1.1,1,2014-08-10,0348,Aqua,MODIS,64,6.2,295.6,5.3,D,0
-28.8119,151.5437,335.4,1,1,2014-08-10,0348,Aqua,MODIS,84,6.2,298.2,32.1,D,0
-29.5339,152.3229,345.9,1,1,2014-08-10,0348,Aqua,MODIS,84,6.2,287.1,54.6,D,0
-29.2044,152.9837,316.5,1.1,1,2014-08-10,0348,Aqua,MODIS,77,6.2,296.7,13.1,D,0
-31.848,146.8858,311.2,1.5,1.2,2014-08-10,0348,Aqua,MODIS,67,6.2,293.9,13.4,D,0
-27.9894,153.0247,318,1.1,1,2014-08-10,0348,Aqua,MODIS,74,6.2,298.6,11.2,D,0
-29.0446,152.4546,311.4,1,1,2014-08-10,0348,Aqua,MODIS,70,6.2,295,9.6,D,0
-27.796,147.404,316.6,1.3,1.1,2014-08-10,0349,Aqua,MODIS,26,6.2,303.6,9.5,D,0
-24.8743,147.0669,318.5,1.2,1.1,2014-08-10,0349,Aqua,MODIS,67,6.2,300.7,12.8,D,0
-24.8758,147.0547,314.4,1.2,1.1,2014-08-10,0349,Aqua,MODIS,56,6.2,301.1,8.1,D,0
-25.6594,152.2906,319.6,1.1,1,2014-08-10,0349,Aqua,MODIS,76,6.2,298.4,13.3,D,0
-27.2296,148.6217,319.6,1.1,1,2014-08-10,0349,Aqua,MODIS,70,6.2,302,10.2,D,0
-27.2281,148.6328,320.7,1.1,1,2014-08-10,0349,Aqua,MODIS,72,6.2,303.5,11.8,D,0
-22.6944,150.4745,314.4,1,1,2014-08-10,0350,Aqua,MODIS,36,6.2,299.2,8.2,D,0
-22.6854,150.4729,318.1,1,1,2014-08-10,0350,Aqua,MODIS,71,6.2,297.5,11.6,D,0
-14.1362,143.5686,321.8,1.5,1.2,2014-08-10,0352,Aqua,MODIS,76,6.2,295.1,21.2,D,0
-14.3323,144.3334,313.7,1.3,1.1,2014-08-10,0352,Aqua,MODIS,58,6.2,297.5,9.5,D,0
-15.9073,144.406,311.6,1.4,1.2,2014-08-10,0352,Aqua,MODIS,49,6.2,297.1,11,D,0
-12.4485,142.091,323,1.8,1.3,2014-08-10,0353,Aqua,MODIS,65,6.2,295.6,29.1,D,0
-12.4603,142.0924,330.6,1.8,1.3,2014-08-10,0353,Aqua,MODIS,38,6.2,297.3,47.8,D,0
-12.6107,142.3524,314.4,1.7,1.3,2014-08-10,0353,Aqua,MODIS,42,6.2,297.3,14.7,D,0
-13.9109,141.5044,322.7,2.1,1.4,2014-08-10,0353,Aqua,MODIS,66,6.2,301.1,36.4,D,0
-12.7214,142.0935,329,1.8,1.3,2014-08-10,0353,Aqua,MODIS,84,6.2,301.7,52.6,D,0
-13.9807,142.0939,314.9,1.9,1.3,2014-08-10,0353,Aqua,MODIS,69,6.2,299.4,23.5,D,0
-13.9869,142.0822,327,1.9,1.3,2014-08-10,0353,Aqua,MODIS,83,6.2,294.7,50.3,D,0
-13.3357,141.8439,320.5,1.9,1.4,2014-08-10,0353,Aqua,MODIS,76,6.2,294.7,32.9,D,0
-12.9141,141.6713,314,2,1.4,2014-08-10,0353,Aqua,MODIS,47,6.2,295.9,23.7,D,0
-13.1489,141.8798,321.9,1.9,1.3,2014-08-10,0353,Aqua,MODIS,78,6.2,293.3,38,D,0
-33.7409,122.2792,341,1.6,1.2,2014-08-10,0526,Aqua,MODIS,83,6.2,289.9,85.7,D,0
-33.7296,122.2776,374.4,1.6,1.2,2014-08-10,0526,Aqua,MODIS,75,6.2,287.4,260.5,D,0
-26.349,121.0605,353.2,1.5,1.2,2014-08-10,0528,Aqua,MODIS,96,6.2,306.4,111.5,D,0
-26.3507,121.0451,317.6,1.5,1.2,2014-08-10,0528,Aqua,MODIS,40,6.2,305,9.3,D,0
-26.3362,121.0744,340.6,1.5,1.2,2014-08-10,0528,Aqua,MODIS,88,6.2,306.3,63.3,D,0
-26.338,121.059,366.2,1.5,1.2,2014-08-10,0528,Aqua,MODIS,100,6.2,310.5,175.5,D,0
-21.1948,117.0897,324.9,2.5,1.5,2014-08-10,0529,Aqua,MODIS,43,6.2,307.9,36.8,D,0
-21.1972,117.0658,366.7,2.5,1.5,2014-08-10,0529,Aqua,MODIS,100,6.2,310,358.3,D,0
-21.181,117.0883,330.2,2.5,1.5,2014-08-10,0529,Aqua,MODIS,73,6.2,307.6,60.9,D,0
-21.1834,117.0641,329.8,2.5,1.5,2014-08-10,0529,Aqua,MODIS,66,6.2,307.1,61.2,D,0
-22.92,127.7529,337.5,1.2,1.1,2014-08-10,0529,Aqua,MODIS,86,6.2,308.4,36.4,D,0
-21.0246,119.1414,333,1.8,1.3,2014-08-10,0529,Aqua,MODIS,81,6.2,310.6,43.5,D,0
-21.0337,119.1325,327.6,1.8,1.3,2014-08-10,0529,Aqua,MODIS,74,6.2,309.6,29.7,D,0
-21.022,119.131,337.3,1.8,1.3,2014-08-10,0529,Aqua,MODIS,85,6.2,310.2,59,D,0
-21.0266,119.1245,334.8,1.8,1.3,2014-08-10,0529,Aqua,MODIS,83,6.2,310,50.4,D,0
-20.9777,119.1353,323.5,1.8,1.3,2014-08-10,0529,Aqua,MODIS,66,6.2,310,18.4,D,0
-23.7347,122.15,369,1.2,1.1,2014-08-10,0529,Aqua,MODIS,100,6.2,311.8,137.6,D,0
-23.7698,122.2834,366.5,1.2,1.1,2014-08-10,0529,Aqua,MODIS,100,6.2,310.6,121.4,D,0
-23.668,122.0361,319.9,1.2,1.1,2014-08-10,0529,Aqua,MODIS,50,6.2,306.1,9.3,D,0
-23.6595,122.0225,323.6,1.2,1.1,2014-08-10,0529,Aqua,MODIS,68,6.2,306.4,14.4,D,0
-22.8673,122.5799,342.9,1.1,1.1,2014-08-10,0529,Aqua,MODIS,90,6.2,309.7,46.1,D,0
-22.8659,122.591,325.1,1.1,1.1,2014-08-10,0529,Aqua,MODIS,70,6.2,308.1,15.1,D,0
-23.7585,122.2938,328.2,1.2,1.1,2014-08-10,0529,Aqua,MODIS,65,6.2,308.5,17.1,D,0
-23.7599,122.2819,340.8,1.2,1.1,2014-08-10,0529,Aqua,MODIS,88,6.2,309.4,42.2,D,0
-23.7332,122.162,372,1.2,1.1,2014-08-10,0529,Aqua,MODIS,100,6.2,313.7,151.5,D,0
-22.8601,122.6354,318.4,1.1,1.1,2014-08-10,0529,Aqua,MODIS,46,6.2,307.2,7.3,D,0
-23.7684,122.2953,340.1,1.2,1.1,2014-08-10,0529,Aqua,MODIS,88,6.2,309.2,39.2,D,0
-23.7317,122.174,326.9,1.2,1.1,2014-08-10,0529,Aqua,MODIS,74,6.2,307.6,18.8,D,0
-22.8417,119.9706,320.2,1.6,1.3,2014-08-10,0529,Aqua,MODIS,58,6.2,309,12,D,0
-22.8399,119.9864,320.7,1.6,1.3,2014-08-10,0529,Aqua,MODIS,60,6.2,308.5,13.2,D,0
-22.8395,119.9756,323.6,1.6,1.3,2014-08-10,0529,Aqua,MODIS,67,6.2,309.1,17.5,D,0
-17.4764,122.6388,354.7,1,1,2014-08-10,0530,Aqua,MODIS,97,6.2,314,61.2,D,0
-17.8658,123.4663,326.6,1,1,2014-08-10,0530,Aqua,MODIS,60,6.2,315.3,9.7,D,0
-17.8672,123.4569,326.9,1,1,2014-08-10,0530,Aqua,MODIS,68,6.2,315.1,10.5,D,0
-17.2497,122.612,323.4,1,1,2014-08-10,0530,Aqua,MODIS,46,6.2,313.1,5.4,D,0
-17.3669,122.5669,346.8,1,1,2014-08-10,0530,Aqua,MODIS,92,6.2,312,42.7,D,0
-17.3761,122.5683,356.3,1,1,2014-08-10,0530,Aqua,MODIS,98,6.2,313.7,65.9,D,0
-17.3748,122.5781,362,1,1,2014-08-10,0530,Aqua,MODIS,100,6.2,313.3,81.2,D,0
-17.3734,122.5878,325,1,1,2014-08-10,0530,Aqua,MODIS,47,6.2,311.4,8.5,D,0
-17.465,122.5179,412.2,1,1,2014-08-10,0530,Aqua,MODIS,100,6.2,320.5,342.6,D,0
-17.4543,122.5958,369.9,1,1,2014-08-10,0530,Aqua,MODIS,100,6.2,309.5,107.7,D,0
-17.4635,122.5972,340.1,1,1,2014-08-10,0530,Aqua,MODIS,86,6.2,308.7,29.2,D,0
-17.4686,122.6277,440.7,1,1,2014-08-10,0530,Aqua,MODIS,100,6.2,332.6,611.8,D,0
-17.4777,122.6291,333,1,1,2014-08-10,0530,Aqua,MODIS,54,6.2,313.6,18.3,D,0
-17.3187,122.5099,360.1,1,1,2014-08-10,0530,Aqua,MODIS,100,6.2,305.5,81.7,D,0
-17.32,122.5002,323.2,1,1,2014-08-10,0530,Aqua,MODIS,28,6.2,301.5,13.4,D,0
-17.1656,122.8289,377.7,1,1,2014-08-10,0530,Aqua,MODIS,100,6.2,318.6,132.6,D,0
-17.1669,122.8194,364.1,1,1,2014-08-10,0530,Aqua,MODIS,100,6.2,315.8,85.5,D,0
-17.1682,122.8098,333.2,1,1,2014-08-10,0530,Aqua,MODIS,46,6.2,306.8,21,D,0
-17.1565,122.8275,357.3,1,1,2014-08-10,0530,Aqua,MODIS,96,6.2,316.2,64.7,D,0
-17.1578,122.818,371.8,1,1,2014-08-10,0530,Aqua,MODIS,100,6.2,317.3,111,D,0
-17.1591,122.8085,338.7,1,1,2014-08-10,0530,Aqua,MODIS,72,6.2,306.7,30.4,D,0
-17.1487,122.8166,366.6,1,1,2014-08-10,0530,Aqua,MODIS,100,6.2,312.4,97.1,D,0
-17.796,123.5749,326.7,1,1,2014-08-10,0530,Aqua,MODIS,37,6.2,314.3,8.4,D,0
-17.8915,123.4799,383.6,1,1,2014-08-10,0530,Aqua,MODIS,100,6.2,319.2,153.9,D,0
-17.8902,123.4894,333.1,1,1,2014-08-10,0530,Aqua,MODIS,64,6.2,315.6,14.9,D,0
-17.8966,123.5097,333,1,1,2014-08-10,0530,Aqua,MODIS,64,6.2,315.3,14.8,D,0
-18.2093,125.5291,329.5,1.1,1,2014-08-10,0530,Aqua,MODIS,73,6.2,313.4,12.4,D,0
-18.2078,125.539,366.3,1.1,1,2014-08-10,0530,Aqua,MODIS,100,6.2,317.5,96,D,0
-18.2063,125.549,332.9,1.1,1,2014-08-10,0530,Aqua,MODIS,76,6.2,315.1,17.8,D,0
-18.2155,125.5506,343.5,1.1,1,2014-08-10,0530,Aqua,MODIS,89,6.2,315.8,36.8,D,0
-18.214,125.5606,327.8,1.1,1,2014-08-10,0530,Aqua,MODIS,53,6.2,313.7,11.9,D,0
-17.5046,123.0998,329.2,1,1,2014-08-10,0530,Aqua,MODIS,35,6.2,312.7,12.6,D,0
-16.298,128.2693,322.3,1.6,1.2,2014-08-10,0530,Aqua,MODIS,31,6.2,310,12.7,D,0
-16.2956,128.2836,332,1.6,1.2,2014-08-10,0530,Aqua,MODIS,79,6.2,311.2,36.4,D,0
-17.8549,123.609,331.3,1,1,2014-08-10,0530,Aqua,MODIS,76,6.2,315.8,13.8,D,0
-17.778,123.5721,325.3,1,1,2014-08-10,0530,Aqua,MODIS,29,6.2,314.2,7.1,D,0
-17.3723,122.5281,443.5,1,1,2014-08-10,0530,Aqua,MODIS,100,6.2,318.6,653.4,D,0
-17.3736,122.5183,459.7,1,1,2014-08-10,0530,Aqua,MODIS,100,6.2,334.3,880.2,D,0
-17.375,122.5086,336,1,1,2014-08-10,0530,Aqua,MODIS,46,6.2,311,28,D,0
-17.3618,122.5364,335.9,1,1,2014-08-10,0530,Aqua,MODIS,63,6.2,307.1,21.7,D,0
-17.1825,122.3673,335.5,1,1,2014-08-10,0530,Aqua,MODIS,65,6.2,308.3,23.7,D,0
-17.172,122.3757,328.5,1,1,2014-08-10,0530,Aqua,MODIS,27,6.2,307.9,13.4,D,0
-17.3631,122.5267,348.5,1,1,2014-08-10,0530,Aqua,MODIS,93,6.2,309.5,45.6,D,0
-17.3645,122.5169,362.1,1,1,2014-08-10,0530,Aqua,MODIS,100,6.2,311,83,D,0
-17.3658,122.5072,342.7,1,1,2014-08-10,0530,Aqua,MODIS,70,6.2,310.3,38.9,D,0
-17.1681,122.335,328.9,1.1,1,2014-08-10,0530,Aqua,MODIS,22,6.2,306.7,13.3,D,0
-17.1549,122.3631,358.4,1,1,2014-08-10,0530,Aqua,MODIS,99,6.2,312.8,71.3,D,0
-17.1563,122.3533,368.2,1,1,2014-08-10,0530,Aqua,MODIS,100,6.2,313.4,101.2,D,0
-17.1576,122.3435,350,1,1,2014-08-10,0530,Aqua,MODIS,82,6.2,310.1,48.8,D,0
-17.1494,122.3457,321.5,1,1,2014-08-10,0530,Aqua,MODIS,41,6.2,304.2,11,D,0
-17.4742,122.5193,335.3,1,1,2014-08-10,0530,Aqua,MODIS,73,6.2,310.4,25.2,D,0
-17.4728,122.529,334.6,1,1,2014-08-10,0530,Aqua,MODIS,70,6.2,312.8,22,D,0
-17.3671,122.4974,335.6,1,1,2014-08-10,0530,Aqua,MODIS,53,6.2,307.9,28.1,D,0
-17.478,122.5596,336.8,1,1,2014-08-10,0530,Aqua,MODIS,83,6.2,313,23.8,D,0
-17.4766,122.5694,326.4,1,1,2014-08-10,0530,Aqua,MODIS,36,6.2,313.4,9.2,D,0
-17.2086,122.9095,327.6,1,1,2014-08-10,0530,Aqua,MODIS,43,6.2,309.6,12.4,D,0
-17.1996,122.9081,340,1,1,2014-08-10,0530,Aqua,MODIS,87,6.2,313.7,30.2,D,0
-17.3526,122.535,335.2,1,1,2014-08-10,0530,Aqua,MODIS,64,6.2,307.5,20,D,0
-17.354,122.5253,393.3,1,1,2014-08-10,0530,Aqua,MODIS,100,6.2,316.9,210.9,D,0
-17.3553,122.5155,351.6,1,1,2014-08-10,0530,Aqua,MODIS,91,6.2,311.7,53.9,D,0
-17.3566,122.5058,340.6,1,1,2014-08-10,0530,Aqua,MODIS,43,6.2,309.2,34.1,D,0
-17.358,122.496,342.9,1,1,2014-08-10,0530,Aqua,MODIS,89,6.2,307.8,42.1,D,0
-17.2659,122.8955,416.3,1,1,2014-08-10,0530,Aqua,MODIS,100,6.2,317.5,361.7,D,0
-17.2763,122.8873,345.1,1,1,2014-08-10,0530,Aqua,MODIS,91,6.2,312.3,39,D,0
-17.275,122.8969,368.5,1,1,2014-08-10,0530,Aqua,MODIS,100,6.2,316.7,98.6,D,0
-17.2737,122.9064,373.9,1,1,2014-08-10,0530,Aqua,MODIS,100,6.2,312.6,119.6,D,0
-17.2827,122.9078,339.7,1,1,2014-08-10,0530,Aqua,MODIS,87,6.2,312.9,29.6,D,0
-17.3448,122.5239,399.2,1,1,2014-08-10,0530,Aqua,MODIS,100,6.2,314.1,246.2,D,0
-17.3461,122.5141,449.1,1,1,2014-08-10,0530,Aqua,MODIS,100,6.2,337.4,726.5,D,0
-17.3475,122.5044,385.2,1,1,2014-08-10,0530,Aqua,MODIS,100,6.2,317.5,174.1,D,0
-17.3488,122.4946,376.8,1,1,2014-08-10,0530,Aqua,MODIS,100,6.2,312.9,138.7,D,0
-17.3343,122.5322,342.5,1,1,2014-08-10,0530,Aqua,MODIS,89,6.2,309.6,34.1,D,0
-17.3357,122.5225,361,1,1,2014-08-10,0530,Aqua,MODIS,100,6.2,311.7,75.9,D,0
-17.337,122.5127,421.7,1,1,2014-08-10,0530,Aqua,MODIS,100,6.2,315.9,417.2,D,0
-17.3383,122.503,384.6,1,1,2014-08-10,0530,Aqua,MODIS,100,6.2,309.6,169.7,D,0
-17.2686,122.8764,327.3,1,1,2014-08-10,0530,Aqua,MODIS,21,6.2,308.9,13.9,D,0
-17.2672,122.886,419.5,1,1,2014-08-10,0530,Aqua,MODIS,100,6.2,326.3,389.5,D,0
-17.4637,122.5276,403.8,1,1,2014-08-10,0530,Aqua,MODIS,100,6.2,319.3,279.7,D,0
-17.4465,122.5847,327.1,1,1,2014-08-10,0530,Aqua,MODIS,58,6.2,304.4,13.9,D,0
-17.4545,122.5263,340.4,1,1,2014-08-10,0530,Aqua,MODIS,81,6.2,308.9,35,D,0
-17.3396,122.4932,415.7,1,1,2014-08-10,0530,Aqua,MODIS,100,6.2,321.9,372.4,D,0
-17.4467,122.5151,332.2,1,1,2014-08-10,0530,Aqua,MODIS,78,6.2,305.2,24.1,D,0
-17.4387,122.5736,341.1,1,1,2014-08-10,0530,Aqua,MODIS,87,6.2,306.1,35.7,D,0
-17.444,122.5346,335.1,1,1,2014-08-10,0530,Aqua,MODIS,67,6.2,305.7,25.8,D,0
-17.4453,122.5249,384.7,1,1,2014-08-10,0530,Aqua,MODIS,100,6.2,313.3,173.4,D,0
-17.4295,122.5722,348.2,1,1,2014-08-10,0530,Aqua,MODIS,93,6.2,303.8,50,D,0
-17.4309,122.5625,334.3,1,1,2014-08-10,0530,Aqua,MODIS,72,6.2,302.9,23.5,D,0
-17.4362,122.5235,335.2,1,1,2014-08-10,0530,Aqua,MODIS,69,6.2,304.1,27.7,D,0
-17.4204,122.5708,321.2,1,1,2014-08-10,0530,Aqua,MODIS,44,6.2,304.9,9.2,D,0
-17.0797,122.3753,326.3,1,1,2014-08-10,0530,Aqua,MODIS,71,6.2,311.3,11,D,0
-17.4152,122.5402,326,1,1,2014-08-10,0530,Aqua,MODIS,67,6.2,306.2,16.7,D,0
-17.3815,122.5294,400.1,1,1,2014-08-10,0530,Aqua,MODIS,100,6.2,316.7,255.9,D,0
-17.3828,122.5197,356.1,1,1,2014-08-10,0530,Aqua,MODIS,98,6.2,311.7,68,D,0
-17.5017,122.7871,326.7,1,1,2014-08-10,0530,Aqua,MODIS,22,6.2,311.6,9.6,D,0
-17.5255,122.6822,325.4,1,1,2014-08-10,0530,Aqua,MODIS,35,6.2,311.4,9,D,0
-17.5333,122.6933,327.7,1,1,2014-08-10,0530,Aqua,MODIS,54,6.2,310.2,12.1,D,0
-17.5319,122.703,328.4,1,1,2014-08-10,0530,Aqua,MODIS,60,6.2,311.2,12.9,D,0
-17.5306,122.7126,325.3,1,1,2014-08-10,0530,Aqua,MODIS,14,6.2,311.4,8.8,D,0
-17.3265,122.5211,405.7,1,1,2014-08-10,0530,Aqua,MODIS,100,6.2,318.5,291.3,D,0
-17.3278,122.5113,407.7,1,1,2014-08-10,0530,Aqua,MODIS,100,6.2,320.2,308.1,D,0
-17.3291,122.5016,324.8,1,1,2014-08-10,0530,Aqua,MODIS,33,6.2,301.5,14.8,D,0
-17.341,122.4834,395.4,1,1,2014-08-10,0530,Aqua,MODIS,100,6.2,313.8,231.5,D,0
-17.3501,122.4848,353,1,1,2014-08-10,0530,Aqua,MODIS,96,6.2,305,64,D,0
-17.4699,122.618,338.1,1,1,2014-08-10,0530,Aqua,MODIS,78,6.2,313.2,25.6,D,0
-17.4594,122.6263,410.7,1,1,2014-08-10,0530,Aqua,MODIS,100,6.2,316.6,321.8,D,0
-17.4608,122.6166,408.5,1,1,2014-08-10,0530,Aqua,MODIS,100,6.2,321.4,305.7,D,0
-17.4621,122.6069,350.8,1,1,2014-08-10,0530,Aqua,MODIS,94,6.2,312.4,49.2,D,0
-17.4516,122.6152,350.4,1,1,2014-08-10,0530,Aqua,MODIS,94,6.2,308.4,50.3,D,0
-17.453,122.6055,358.8,1,1,2014-08-10,0530,Aqua,MODIS,99,6.2,311,72.6,D,0
-17.4162,122.6692,325.6,1,1,2014-08-10,0530,Aqua,MODIS,45,6.2,308.2,8.4,D,0
-17.4254,122.6706,356.5,1,1,2014-08-10,0530,Aqua,MODIS,98,6.2,314.2,63.8,D,0
-17.424,122.6802,339.6,1,1,2014-08-10,0530,Aqua,MODIS,86,6.2,310.5,27,D,0
-17.4305,122.701,326.4,1,1,2014-08-10,0530,Aqua,MODIS,64,6.2,312.8,8.4,D,0
-17.4672,122.6374,406,1,1,2014-08-10,0530,Aqua,MODIS,100,6.2,316,288.9,D,0
-17.4838,122.6463,328.3,1,1,2014-08-10,0530,Aqua,MODIS,66,6.2,312.4,10.3,D,0
-17.4565,122.7148,328.2,1,1,2014-08-10,0530,Aqua,MODIS,70,6.2,312.5,12.1,D,0
-20.2363,119.043,326,1.7,1.3,2014-08-10,0530,Aqua,MODIS,70,6.2,309,24.8,D,0
-20.2381,119.0263,322.9,1.7,1.3,2014-08-10,0530,Aqua,MODIS,45,6.2,310.3,16.5,D,0
-20.2295,119.0369,327.9,1.7,1.3,2014-08-10,0530,Aqua,MODIS,51,6.2,309.5,28.3,D,0
-21.1727,117.1066,321.7,2.5,1.5,2014-08-10,0530,Aqua,MODIS,45,6.2,307.3,28.5,D,0
-21.1752,117.083,327.9,2.5,1.5,2014-08-10,0530,Aqua,MODIS,56,6.2,307.4,57.7,D,0
-18.8686,122.0354,328.1,1.1,1.1,2014-08-10,0530,Aqua,MODIS,59,6.2,312.2,14,D,0
-18.9299,121.9367,328.3,1.1,1.1,2014-08-10,0530,Aqua,MODIS,53,6.2,313.2,13.9,D,0
-18.9313,121.9261,327.6,1.1,1.1,2014-08-10,0530,Aqua,MODIS,51,6.2,314.5,12.9,D,0
-18.8535,121.7439,326.6,1.1,1.1,2014-08-10,0530,Aqua,MODIS,59,6.2,314.4,12,D,0
-18.9035,121.6917,327.8,1.1,1.1,2014-08-10,0530,Aqua,MODIS,72,6.2,314.2,12.6,D,0
-18.8549,121.7331,326.7,1.1,1.1,2014-08-10,0530,Aqua,MODIS,45,6.2,312.3,12.5,D,0
-18.794,121.9747,333.5,1.1,1.1,2014-08-10,0530,Aqua,MODIS,80,6.2,313.7,21.4,D,0
-18.7995,121.9324,327.7,1.1,1.1,2014-08-10,0530,Aqua,MODIS,71,6.2,314.6,10.7,D,0
-18.7954,121.9641,327.6,1.1,1.1,2014-08-10,0530,Aqua,MODIS,62,6.2,314.4,12,D,0
-20.3104,118.9155,323.8,1.8,1.3,2014-08-10,0530,Aqua,MODIS,41,6.2,310.2,22.7,D,0
-20.8642,119.2344,367.9,1.7,1.3,2014-08-10,0530,Aqua,MODIS,100,6.2,312.7,214.8,D,0
-17.4978,130.8335,319.8,2.3,1.5,2014-08-10,0530,Aqua,MODIS,64,6.2,306.7,25.1,D,0
-20.8624,119.251,339.3,1.7,1.3,2014-08-10,0530,Aqua,MODIS,86,6.2,310.5,65.3,D,0
-18.0669,130.6722,340.4,2.2,1.4,2014-08-10,0530,Aqua,MODIS,89,6.2,306.9,103.7,D,0
-18.1282,130.6279,319.1,2.2,1.4,2014-08-10,0530,Aqua,MODIS,62,6.2,307.2,20.8,D,0
-18.0568,130.6559,336.9,2.2,1.4,2014-08-10,0530,Aqua,MODIS,86,6.2,307.2,86.4,D,0
-18.1318,130.6077,321.8,2.2,1.4,2014-08-10,0530,Aqua,MODIS,69,6.2,306.9,28.4,D,0
-16.6735,128.0946,321.4,1.5,1.2,2014-08-10,0530,Aqua,MODIS,49,6.2,309.4,12.2,D,0
-18.0028,130.6592,319.9,2.2,1.4,2014-08-10,0530,Aqua,MODIS,65,6.2,307.8,21.7,D,0
-18.0696,130.6585,366.4,2.2,1.4,2014-08-10,0530,Aqua,MODIS,100,6.2,310.6,296.2,D,0
-18.0734,130.6381,319.2,2.2,1.4,2014-08-10,0530,Aqua,MODIS,33,6.2,307.8,18.7,D,0
-18.0706,130.6516,348.3,2.2,1.4,2014-08-10,0530,Aqua,MODIS,94,6.2,309.7,149,D,0
-18.0578,130.649,337.4,2.2,1.4,2014-08-10,0530,Aqua,MODIS,87,6.2,307.6,87,D,0
-18.0659,130.6791,320,2.2,1.4,2014-08-10,0530,Aqua,MODIS,59,6.2,305.9,22.2,D,0
-18.0606,130.6355,319.9,2.2,1.4,2014-08-10,0530,Aqua,MODIS,54,6.2,307.2,20.1,D,0
-14.9796,128.5794,340.2,1.8,1.3,2014-08-10,0531,Aqua,MODIS,87,6.2,307.7,76.4,D,0
-13.8819,130.0811,318.8,2.4,1.5,2014-08-10,0531,Aqua,MODIS,45,6.2,304.6,24.6,D,0
-14.9974,128.588,325.6,1.8,1.3,2014-08-10,0531,Aqua,MODIS,62,6.2,309.2,24.1,D,0
-14.9885,128.5977,330.3,1.8,1.3,2014-08-10,0531,Aqua,MODIS,77,6.2,308.5,39.7,D,0
-13.7308,130.1866,316.3,2.5,1.5,2014-08-10,0531,Aqua,MODIS,27,6.2,305,14.5,D,0
-13.899,130.0617,317,2.4,1.5,2014-08-10,0531,Aqua,MODIS,31,6.2,304.7,20.3,D,0
-13.8686,130.0783,327.4,2.4,1.5,2014-08-10,0531,Aqua,MODIS,76,6.2,303.8,55.3,D,0
-13.8857,130.0592,328.2,2.4,1.5,2014-08-10,0531,Aqua,MODIS,77,6.2,305.9,60.3,D,0
-13.9668,129.9711,324.8,2.3,1.5,2014-08-10,0531,Aqua,MODIS,54,6.2,305.8,39.3,D,0
-14.9912,128.5815,333.7,1.8,1.3,2014-08-10,0531,Aqua,MODIS,82,6.2,309.8,50.4,D,0
-13.963,129.9924,327.9,2.3,1.5,2014-08-10,0531,Aqua,MODIS,72,6.2,304.9,55,D,0
-15.0709,125.7647,342,1.2,1.1,2014-08-10,0531,Aqua,MODIS,88,6.2,308.7,41.9,D,0
-16.4411,123.7262,341.5,1,1,2014-08-10,0531,Aqua,MODIS,89,6.2,306,37.4,D,0
-16.51,123.8188,344.7,1,1,2014-08-10,0531,Aqua,MODIS,91,6.2,311.2,37.2,D,0
-16.4843,123.8092,323.6,1,1,2014-08-10,0531,Aqua,MODIS,55,6.2,307.7,9.3,D,0
-16.4573,123.805,352.1,1,1,2014-08-10,0531,Aqua,MODIS,95,6.2,309.8,54.9,D,0
-16.4757,123.7411,328.3,1,1,2014-08-10,0531,Aqua,MODIS,51,6.2,308.7,11.6,D,0
-16.4667,123.7397,346.9,1,1,2014-08-10,0531,Aqua,MODIS,92,6.2,310.8,39,D,0
-16.4681,123.7304,344.2,1,1,2014-08-10,0531,Aqua,MODIS,90,6.2,309,35.3,D,0
-16.4591,123.729,352,1,1,2014-08-10,0531,Aqua,MODIS,94,6.2,309.2,51.5,D,0
-15.0742,125.7433,352.5,1.2,1.1,2014-08-10,0531,Aqua,MODIS,96,6.2,308,70.8,D,0
-16.4604,123.7197,331.6,1,1,2014-08-10,0531,Aqua,MODIS,77,6.2,305.8,18.9,D,0
-14.4239,129.6137,325.2,2.2,1.4,2014-08-10,0531,Aqua,MODIS,52,6.2,307.7,39.1,D,0
-16.4488,123.7369,350.9,1,1,2014-08-10,0531,Aqua,MODIS,93,6.2,309.5,51.7,D,0
-16.4501,123.7276,367.9,1,1,2014-08-10,0531,Aqua,MODIS,100,6.2,309.4,98.7,D,0
-14.296,129.4369,321.7,2.1,1.4,2014-08-10,0531,Aqua,MODIS,50,6.2,305.4,25.3,D,0
-16.4514,123.7183,328.4,1,1,2014-08-10,0531,Aqua,MODIS,76,6.2,304.7,17.8,D,0
-16.4398,123.7355,342.9,1,1,2014-08-10,0531,Aqua,MODIS,90,6.2,308.5,39.4,D,0
-15.0725,125.7539,424.3,1.2,1.1,2014-08-10,0531,Aqua,MODIS,100,6.2,319.5,523.1,D,0
-16.4434,123.7742,338.2,1,1,2014-08-10,0531,Aqua,MODIS,82,6.2,306.7,28.9,D,0
-16.451,123.7849,347.5,1,1,2014-08-10,0531,Aqua,MODIS,93,6.2,312.5,44.1,D,0
-16.4371,123.7541,336.7,1,1,2014-08-10,0531,Aqua,MODIS,80,6.2,306.9,28.2,D,0
-14.3902,129.5061,321,2.1,1.4,2014-08-10,0531,Aqua,MODIS,60,6.2,307.4,27.9,D,0
-15.0817,126.0288,336.2,1.2,1.1,2014-08-10,0531,Aqua,MODIS,83,6.2,314.4,28.9,D,0
-16.4497,123.7942,359.1,1,1,2014-08-10,0531,Aqua,MODIS,99,6.2,311.5,72.4,D,0
-16.4587,123.7956,357.9,1,1,2014-08-10,0531,Aqua,MODIS,99,6.2,313.8,68.2,D,0
-16.4744,123.7504,331.6,1,1,2014-08-10,0531,Aqua,MODIS,63,6.2,311.7,15.3,D,0
-14.3298,129.468,324.7,2.1,1.4,2014-08-10,0531,Aqua,MODIS,70,6.2,306.3,36.3,D,0
-13.7792,129.9908,328.3,2.4,1.5,2014-08-10,0531,Aqua,MODIS,77,6.2,307.8,52.4,D,0
-14.3896,129.4988,320,2.1,1.4,2014-08-10,0531,Aqua,MODIS,56,6.2,307.3,24.5,D,0
-14.262,126.6166,326.7,1.3,1.1,2014-08-10,0531,Aqua,MODIS,70,6.2,311.7,17.1,D,0
-16.4447,123.7648,344.2,1,1,2014-08-10,0531,Aqua,MODIS,88,6.2,311.2,38.1,D,0
-16.4524,123.7756,333.5,1,1,2014-08-10,0531,Aqua,MODIS,72,6.2,311.6,19.4,D,0
-12.3073,132.6341,315.4,4,1.9,2014-08-10,0531,Aqua,MODIS,33,6.2,303.6,40.1,D,0
-11.676,132.7815,315,4.3,1.9,2014-08-10,0531,Aqua,MODIS,53,6.2,299.4,50.7,D,0
-11.9131,133.0953,325.5,4.4,1.9,2014-08-10,0531,Aqua,MODIS,79,6.2,300,140.6,D,0
-13.9059,131.0948,328.8,2.9,1.6,2014-08-10,0531,Aqua,MODIS,77,6.2,307.3,76,D,0
-13.865,131.0526,320.7,2.8,1.6,2014-08-10,0531,Aqua,MODIS,55,6.2,302.8,39.4,D,0
-11.6993,132.9479,314.1,4.4,1.9,2014-08-10,0531,Aqua,MODIS,57,6.2,297.4,56.5,D,0
-13.9106,131.069,322,2.8,1.6,2014-08-10,0531,Aqua,MODIS,52,6.2,307.7,43.3,D,0
-13.8645,131.0475,318.9,2.8,1.6,2014-08-10,0531,Aqua,MODIS,41,6.2,302.7,30.2,D,0
-11.6995,132.9521,315.6,4.4,1.9,2014-08-10,0531,Aqua,MODIS,64,6.2,297.4,72.2,D,0
-11.9817,133.1142,317,4.4,1.9,2014-08-10,0531,Aqua,MODIS,46,6.2,302.8,49.9,D,0
-13.9036,131.0867,334.4,2.9,1.6,2014-08-10,0531,Aqua,MODIS,83,6.2,307.6,110.3,D,0
-11.6829,132.7432,342.5,4.2,1.9,2014-08-10,0531,Aqua,MODIS,79,6.2,299.1,328.7,D,0
-11.8667,133.0374,316.3,4.4,1.9,2014-08-10,0531,Aqua,MODIS,54,6.2,298.6,65,D,0
-11.6844,132.7479,337.3,4.2,1.9,2014-08-10,0531,Aqua,MODIS,0,6.2,299,260,D,0
-11.9112,133.0874,321.8,4.4,1.9,2014-08-10,0531,Aqua,MODIS,74,6.2,299.9,105.3,D,0
-12.6614,131.0121,324.7,3,1.6,2014-08-10,0531,Aqua,MODIS,69,6.2,307.8,56.2,D,0
-12.8736,132.2741,318.4,3.7,1.8,2014-08-10,0531,Aqua,MODIS,27,6.2,305.6,40.8,D,0
-11.9741,133.1545,318.5,4.5,1.9,2014-08-10,0531,Aqua,MODIS,52,6.2,301.3,69.2,D,0
-12.8414,132.2284,319.1,3.7,1.8,2014-08-10,0531,Aqua,MODIS,48,6.2,305,38.4,D,0
-12.761,132.0694,320.7,3.6,1.8,2014-08-10,0531,Aqua,MODIS,50,6.2,305,50.1,D,0
-12.6669,130.9928,334.6,3,1.6,2014-08-10,0531,Aqua,MODIS,79,6.2,305.8,119.9,D,0
-13.2225,130.8061,318.6,2.8,1.6,2014-08-10,0531,Aqua,MODIS,32,6.2,304.2,23.2,D,0
-11.9748,133.1495,320.3,4.5,1.9,2014-08-10,0531,Aqua,MODIS,63,6.2,301.4,84.9,D,0
-12.6661,130.9852,330.4,3,1.6,2014-08-10,0531,Aqua,MODIS,61,6.2,304.5,89.6,D,0
-12.0564,133.3061,318.8,4.6,2,2014-08-10,0531,Aqua,MODIS,37,6.2,301.3,47.1,D,0
-12.0133,133.3412,330.3,4.6,2,2014-08-10,0531,Aqua,MODIS,81,6.2,302.6,153.6,D,0
-12.0129,133.333,328.4,4.6,2,2014-08-10,0531,Aqua,MODIS,79,6.2,302.6,130.4,D,0
-11.904,133.1273,316.4,4.5,1.9,2014-08-10,0531,Aqua,MODIS,66,6.2,299.3,64.5,D,0
-12.7538,132.0628,322.3,3.6,1.8,2014-08-10,0531,Aqua,MODIS,39,6.2,304.5,59.1,D,0
-15.0901,125.7844,331.4,1.2,1.1,2014-08-10,0531,Aqua,MODIS,34,6.2,310.1,16.8,D,0
-15.0869,125.7891,326,1.2,1.1,2014-08-10,0531,Aqua,MODIS,65,6.2,308.6,14.3,D,0
-15.0885,125.7785,324.8,1.2,1.1,2014-08-10,0531,Aqua,MODIS,56,6.2,311.4,12.9,D,0
-15.0805,125.7663,354.3,1.2,1.1,2014-08-10,0531,Aqua,MODIS,97,6.2,312.2,73.3,D,0
-15.0821,125.7556,350.6,1.2,1.1,2014-08-10,0531,Aqua,MODIS,94,6.2,312.8,63.6,D,0
-15.0838,125.7449,331.5,1.2,1.1,2014-08-10,0531,Aqua,MODIS,78,6.2,308.5,24,D,0
-15.1303,125.7803,335.4,1.2,1.1,2014-08-10,0531,Aqua,MODIS,83,6.2,309.8,24.4,D,0
-15.1223,125.768,331.7,1.2,1.1,2014-08-10,0531,Aqua,MODIS,66,6.2,308.7,19.7,D,0
-15.1493,125.8497,326,1.2,1.1,2014-08-10,0531,Aqua,MODIS,56,6.2,311.7,11.2,D,0
-15.1509,125.839,328.8,1.2,1.1,2014-08-10,0531,Aqua,MODIS,60,6.2,312.2,15.8,D,0
-15.1396,125.8481,345.9,1.2,1.1,2014-08-10,0531,Aqua,MODIS,91,6.2,313.6,49,D,0
-15.1446,125.8158,338.1,1.2,1.1,2014-08-10,0531,Aqua,MODIS,77,6.2,311.3,31,D,0
-12.4886,132.6442,317.2,4,1.9,2014-08-10,0531,Aqua,MODIS,40,6.2,302.7,43.4,D,0
-12.5495,132.1818,316.5,3.7,1.8,2014-08-10,0531,Aqua,MODIS,32,6.2,302.3,33.1,D,0
-14.4375,133.1383,323.4,4,1.9,2014-08-10,0531,Aqua,MODIS,69,6.2,303.1,80.7,D,0
-14.4483,133.1327,320.7,4,1.9,2014-08-10,0531,Aqua,MODIS,62,6.2,302.1,59.9,D,0
-13.1043,130.8531,328.9,2.8,1.6,2014-08-10,0531,Aqua,MODIS,77,6.2,305.6,70.8,D,0
-11.7986,130.7968,320,3,1.6,2014-08-10,0531,Aqua,MODIS,68,6.2,303.2,49.6,D,0
-11.615,132.8008,313.2,4.3,1.9,2014-08-10,0531,Aqua,MODIS,56,6.2,298.2,50.6,D,0
-12.5555,132.1482,317.5,3.7,1.8,2014-08-10,0531,Aqua,MODIS,41,6.2,305.5,37.3,D,0
-11.694,131.1231,316.3,3.2,1.7,2014-08-10,0531,Aqua,MODIS,51,6.2,302.6,37.5,D,0
-13.1187,130.8557,323.5,2.8,1.6,2014-08-10,0531,Aqua,MODIS,50,6.2,307.1,40.3,D,0
-13.1194,130.8607,323.8,2.8,1.6,2014-08-10,0531,Aqua,MODIS,34,6.2,306.9,37.8,D,0
-11.2462,132.0218,319,3.8,1.8,2014-08-10,0532,Aqua,MODIS,70,6.2,298.5,73.2,D,0
-11.648,130.8695,327.6,3,1.7,2014-08-10,0532,Aqua,MODIS,42,6.2,304.3,77.4,D,0
-11.6958,131.1153,313.5,3.2,1.7,2014-08-10,0532,Aqua,MODIS,27,6.2,301.9,25.7,D,0
-11.6052,131.0994,319.5,3.2,1.7,2014-08-10,0532,Aqua,MODIS,41,6.2,301.2,48,D,0
-11.6088,131.0952,322.2,3.2,1.7,2014-08-10,0532,Aqua,MODIS,75,6.2,301.6,67.3,D,0
-11.5423,131.2952,323,3.3,1.7,2014-08-10,0532,Aqua,MODIS,76,6.2,301.3,80.1,D,0
-11.5476,131.2655,324.7,3.3,1.7,2014-08-10,0532,Aqua,MODIS,78,6.2,301.1,89.1,D,0
-11.6232,130.8366,323.6,3,1.7,2014-08-10,0532,Aqua,MODIS,60,6.2,302.2,59.2,D,0
-11.646,130.8739,331.7,3,1.7,2014-08-10,0532,Aqua,MODIS,79,6.2,303.9,104.2,D,0
-11.4134,130.3687,315.3,2.8,1.6,2014-08-10,0532,Aqua,MODIS,0,6.2,300,33.5,D,0
-11.7639,130.1948,319,2.7,1.6,2014-08-10,0532,Aqua,MODIS,71,6.2,300.9,49,D,0
-11.444,130.1931,318,2.7,1.6,2014-08-10,0532,Aqua,MODIS,0,6.2,301.4,44.2,D,0
-11.4414,130.5684,314,2.9,1.6,2014-08-10,0532,Aqua,MODIS,45,6.2,300.9,31.6,D,0
-23.0464,147.9296,302.8,1.8,1.3,2014-08-10,1315,Terra,MODIS,52,6.2,285,18.1,N,0
-14.1334,143.5754,312.6,1.3,1.1,2014-08-10,1317,Terra,MODIS,85,6.2,291.3,15.7,N,0
-14.1436,143.5771,303,1.3,1.1,2014-08-10,1317,Terra,MODIS,20,6.2,291,6.3,N,0
-14.1741,143.5823,301.6,1.3,1.1,2014-08-10,1317,Terra,MODIS,34,6.2,290.8,5.7,N,0
-15.3758,141.7267,304.2,1,1,2014-08-10,1317,Terra,MODIS,45,6.2,285.3,7.8,N,0
-15.3183,135.3191,304.3,1.7,1.3,2014-08-10,1317,Terra,MODIS,59,6.2,290.4,14.8,N,0
-14.8909,141.767,302.8,1.1,1,2014-08-10,1317,Terra,MODIS,52,6.2,291.8,5,N,0
-12.4189,132.953,309.3,2.3,1.5,2014-08-10,1318,Terra,MODIS,77,6.2,291.9,28.8,N,0
-12.415,132.9579,319.8,2.3,1.5,2014-08-10,1318,Terra,MODIS,99,6.2,292.4,55.6,N,0
-12.1901,142.0404,308.6,1.1,1.1,2014-08-10,1318,Terra,MODIS,75,6.2,292.2,9.1,N,0
-12.4126,132.979,314.4,2.3,1.5,2014-08-10,1318,Terra,MODIS,89,6.2,291.6,38.1,N,0
-12.4164,132.9741,321.1,2.3,1.5,2014-08-10,1318,Terra,MODIS,100,6.2,292.2,61.4,N,0
-12.1916,142.03,311.8,1.1,1.1,2014-08-10,1318,Terra,MODIS,83,6.2,292.2,11.8,N,0
-13.4434,130.7695,306,3.6,1.8,2014-08-10,1318,Terra,MODIS,66,6.2,290.5,48.8,N,0
-12.18,136.5549,304.5,1.3,1.1,2014-08-10,1318,Terra,MODIS,60,6.2,292.1,8.1,N,0
-12.3808,132.6319,303.4,2.5,1.5,2014-08-10,1318,Terra,MODIS,55,6.2,291,19.7,N,0
-12.3836,132.6094,303.9,2.5,1.5,2014-08-10,1318,Terra,MODIS,57,6.2,291.7,20.7,N,0
-12.3772,132.6151,308.6,2.5,1.5,2014-08-10,1318,Terra,MODIS,75,6.2,291.6,31.7,N,0
-13.1526,141.8879,303.7,1.1,1,2014-08-10,1318,Terra,MODIS,57,6.2,291.8,5.8,N,0
-31.2492,152.7953,301.4,1.3,1.1,2014-08-10,1448,Aqua,MODIS,40,6.2,284.5,10.3,N,0
-33.736,122.2753,321.9,1.1,1,2014-08-10,1451,Terra,MODIS,100,6.2,276.4,26.4,N,0
-33.7341,122.2869,330,1.1,1,2014-08-10,1451,Terra,MODIS,100,6.2,278,36.9,N,0
-33.7248,122.2847,329,1.1,1,2014-08-10,1451,Terra,MODIS,100,6.2,278.1,35.9,N,0
-26.4133,121.1933,310,1.2,1.1,2014-08-10,1453,Terra,MODIS,62,6.2,287.8,12.9,N,0
-26.4036,121.1913,305.9,1.2,1.1,2014-08-10,1453,Terra,MODIS,42,6.2,287.6,9.6,N,0
-23.5719,121.8601,322.7,1.4,1.2,2014-08-10,1454,Terra,MODIS,100,6.2,286.2,39.3,N,0
-23.5825,121.8623,300.4,1.4,1.2,2014-08-10,1454,Terra,MODIS,27,6.2,284.3,11.1,N,0
-22.8273,119.9825,318.7,1.2,1.1,2014-08-10,1454,Terra,MODIS,97,6.2,287.4,22.6,N,0
-22.8291,119.9713,301.3,1.2,1.1,2014-08-10,1454,Terra,MODIS,40,6.2,287.4,7,N,0
-17.4145,122.467,317.4,2.1,1.4,2014-08-10,1455,Terra,MODIS,95,6.2,289.7,47,N,0
-17.4177,122.4481,300.3,2,1.4,2014-08-10,1455,Terra,MODIS,16,6.2,287.5,12.1,N,0
-17.4153,122.4726,312.4,2.1,1.4,2014-08-10,1455,Terra,MODIS,85,6.2,288.9,34.5,N,0
-17.4062,122.4513,303.6,2,1.4,2014-08-10,1455,Terra,MODIS,25,6.2,289.2,16.4,N,0
-17.4187,122.4537,305,2,1.4,2014-08-10,1455,Terra,MODIS,47,6.2,288,19,N,0
-16.4878,123.8211,307.3,2.7,1.6,2014-08-10,1455,Terra,MODIS,71,6.2,291,35.3,N,0
-16.4737,123.8186,304.9,2.7,1.6,2014-08-10,1455,Terra,MODIS,62,6.2,290.5,28.4,N,0
-18.8611,121.6751,305.7,1.7,1.3,2014-08-10,1455,Terra,MODIS,65,6.2,288.2,17.6,N,0
-20.8451,119.2376,302.9,1.1,1.1,2014-08-10,1455,Terra,MODIS,52,6.2,288.5,8.2,N,0
-15.0629,125.7564,305.9,4,1.9,2014-08-10,1456,Terra,MODIS,39,6.2,286.4,62.4,N,0
-15.0589,125.7486,309.6,4,1.9,2014-08-10,1456,Terra,MODIS,67,6.2,286.6,83.8,N,0
-12.1733,131.2773,302.3,1.8,1.3,2014-08-10,1621,Aqua,MODIS,44,6.2,290.5,12.2,N,0
-12.682,131.0131,304.9,1.9,1.3,2014-08-10,1621,Aqua,MODIS,16,6.2,289.1,16.1,N,0
-12.6738,131.0075,321.3,1.9,1.3,2014-08-10,1621,Aqua,MODIS,100,6.2,290.2,48,N,0
-16.008,128.8462,313.9,2.3,1.5,2014-08-10,1622,Aqua,MODIS,88,6.2,291.7,42.9,N,0
-16.0042,128.8244,305.5,2.4,1.5,2014-08-10,1622,Aqua,MODIS,43,6.2,290.8,22.5,N,0
-16.0021,128.8399,314,2.3,1.5,2014-08-10,1622,Aqua,MODIS,88,6.2,291.8,44.7,N,0
-13.8536,130.0791,316,2.1,1.4,2014-08-10,1622,Aqua,MODIS,92,6.2,292,44.9,N,0
-14.9407,128.5748,314.8,2.6,1.5,2014-08-10,1622,Aqua,MODIS,90,6.2,291.6,57.5,N,0
-13.8569,130.0981,316.4,2.1,1.4,2014-08-10,1622,Aqua,MODIS,93,6.2,291.1,45.5,N,0
-14.9343,128.581,306.9,2.6,1.5,2014-08-10,1622,Aqua,MODIS,70,6.2,291.4,33.1,N,0
-14.9481,128.5786,307.5,2.6,1.5,2014-08-10,1622,Aqua,MODIS,72,6.2,291.3,33.9,N,0
-14.5363,142.7446,311,2.2,1.4,2014-08-10,1622,Aqua,MODIS,81,6.2,289.2,33.4,N,0
-14.4394,133.1489,306.1,1.3,1.1,2014-08-10,1622,Aqua,MODIS,67,6.2,290.7,10.9,N,0
-13.3017,131.0163,309.4,1.8,1.3,2014-08-10,1622,Aqua,MODIS,77,6.2,289.8,23.4,N,0
-20.7306,139.479,305.1,1.5,1.2,2014-08-10,1623,Aqua,MODIS,63,6.2,286.5,15,N,2
-20.7306,139.4859,301.2,1.5,1.2,2014-08-10,1623,Aqua,MODIS,39,6.2,285.8,11.7,N,2
-22.6874,150.4825,312.3,1,1,2014-08-11,0010,Terra,MODIS,64,6.2,295.9,8.6,D,0
-22.5472,149.5274,319.7,1.1,1,2014-08-11,0010,Terra,MODIS,74,6.2,299.7,12.8,D,0
-22.5379,149.529,312.6,1.1,1,2014-08-11,0010,Terra,MODIS,42,6.2,299.7,5.5,D,0
-26.1395,151.6222,322.8,1,1,2014-08-11,0011,Terra,MODIS,79,6.2,298.8,16.5,D,0
-26.141,151.6325,312.3,1,1,2014-08-11,0011,Terra,MODIS,54,6.2,298.7,6.4,D,0
-27.1655,150.5035,308.9,1,1,2014-08-11,0012,Terra,MODIS,27,6.2,297.8,5,D,0
-27.167,150.5135,310.8,1,1,2014-08-11,0012,Terra,MODIS,44,6.2,295.7,6.1,D,0
-28.7167,147.106,308,1.2,1.1,2014-08-11,0012,Terra,MODIS,59,6.2,293,6.1,D,0
-27.3188,152.9835,307,1.2,1.1,2014-08-11,0012,Terra,MODIS,45,6.2,295.2,3.3,D,0
-26.485,150.1343,312.7,1,1,2014-08-11,0012,Terra,MODIS,62,6.2,296.2,7.6,D,0
-28.1532,151.9099,312.6,1.1,1,2014-08-11,0012,Terra,MODIS,70,6.2,300.3,6.5,D,0
-30.1756,150.6623,302.8,1,1,2014-08-11,0012,Terra,MODIS,44,6.2,290.5,3.8,D,0
-29.1051,150.1136,309.8,1,1,2014-08-11,0012,Terra,MODIS,64,6.2,295.9,6.6,D,0
-30.1741,150.6518,303.6,1,1,2014-08-11,0012,Terra,MODIS,49,6.2,292.3,4.2,D,0
-30.1026,151.144,305.2,1.1,1,2014-08-11,0012,Terra,MODIS,61,6.2,290.7,5.7,D,0
-29.3884,153.2177,311.3,1.3,1.1,2014-08-11,0012,Terra,MODIS,71,6.2,293.2,14.1,D,0
-28.8291,151.8364,305.9,1.1,1,2014-08-11,0012,Terra,MODIS,53,6.2,293.3,4.9,D,0
-29.39,153.2307,328.6,1.3,1.1,2014-08-11,0012,Terra,MODIS,86,6.2,293.7,37,D,0
-31.844,146.8964,317.1,1.1,1,2014-08-11,0013,Terra,MODIS,77,6.2,288.3,18.1,D,0
-32.9053,146.7243,312.7,1.1,1,2014-08-11,0013,Terra,MODIS,73,6.2,286.8,14.2,D,0
-32.9072,146.7358,312.7,1.1,1,2014-08-11,0013,Terra,MODIS,73,6.2,286.7,14.3,D,0
-31.8158,149.8476,300.1,1,1,2014-08-11,0013,Terra,MODIS,28,6.2,282.9,5.1,D,0
-32.2874,149.1622,301.6,1,1,2014-08-11,0013,Terra,MODIS,48,6.2,287.1,5.7,D,0
-30.7259,152.6145,303.1,1.2,1.1,2014-08-11,0013,Terra,MODIS,55,6.2,290.1,7.7,D,0
-31.4934,152.3308,302.3,1.2,1.1,2014-08-11,0013,Terra,MODIS,52,6.2,286.1,8.4,D,0
-31.768,151.4522,315.7,1.1,1,2014-08-11,0013,Terra,MODIS,76,6.2,284.5,18.6,D,0
-31.2538,152.7838,305.1,1.3,1.1,2014-08-11,0013,Terra,MODIS,61,6.2,288.8,10,D,0
-31.2554,152.7971,307.6,1.3,1.1,2014-08-11,0013,Terra,MODIS,66,6.2,288.9,12.1,D,0
-30.8449,146.9174,311.2,1.1,1.1,2014-08-11,0013,Terra,MODIS,71,6.2,290,10.8,D,0
-34.4609,150.882,313.6,1.1,1.1,2014-08-11,0014,Terra,MODIS,64,6.2,288,14.6,D,0
-36.1986,149.9694,303.8,1.1,1,2014-08-11,0014,Terra,MODIS,57,6.2,281.9,9.2,D,0
-34.5895,149.3837,303.4,1,1,2014-08-11,0014,Terra,MODIS,56,6.2,279.9,8.9,D,0
-12.3746,132.6274,323.7,1.4,1.2,2014-08-11,0146,Terra,MODIS,70,6.2,308.6,13.8,D,0
-12.6793,131.4822,324.7,1.2,1.1,2014-08-11,0146,Terra,MODIS,73,6.2,305.8,17,D,0
-11.6991,133.0629,326.4,1.4,1.2,2014-08-11,0146,Terra,MODIS,77,6.2,302.7,25.7,D,0
-11.6886,133.0643,324.1,1.4,1.2,2014-08-11,0146,Terra,MODIS,74,6.2,302.4,22.1,D,0
-11.7865,130.8012,339.1,1.1,1,2014-08-11,0146,Terra,MODIS,88,6.2,306.4,35.5,D,0
-11.7958,130.7999,322.4,1.1,1,2014-08-11,0146,Terra,MODIS,44,6.2,307.6,10.8,D,0
-11.7971,130.8096,331.8,1.1,1,2014-08-11,0146,Terra,MODIS,82,6.2,308.1,22.9,D,0
-11.7985,130.8194,333,1.1,1,2014-08-11,0146,Terra,MODIS,83,6.2,307.8,24.8,D,0
-11.6045,132.7999,318.1,1.4,1.2,2014-08-11,0146,Terra,MODIS,58,6.2,304.8,9.1,D,0
-11.5475,130.7946,359.9,1.1,1,2014-08-11,0146,Terra,MODIS,94,6.2,307.9,84.6,D,0
-11.6061,132.8123,317.9,1.4,1.2,2014-08-11,0146,Terra,MODIS,50,6.2,303.4,9.5,D,0
-11.6563,130.9121,328.8,1.1,1,2014-08-11,0146,Terra,MODIS,66,6.2,303.4,18.5,D,0
-11.6726,130.9138,338.9,1.1,1,2014-08-11,0146,Terra,MODIS,88,6.2,305.8,36,D,0
-11.5249,130.7682,328.6,1.1,1,2014-08-11,0146,Terra,MODIS,66,6.2,301.1,23.2,D,0
-11.5263,130.7778,339.7,1.1,1,2014-08-11,0146,Terra,MODIS,89,6.2,304.1,40.7,D,0
-11.5355,130.7765,333.4,1.1,1,2014-08-11,0146,Terra,MODIS,82,6.2,306.1,28.7,D,0
-11.5369,130.7862,350,1.1,1,2014-08-11,0146,Terra,MODIS,95,6.2,306.4,59.8,D,0
-11.5383,130.7959,339.9,1.1,1,2014-08-11,0146,Terra,MODIS,84,6.2,304.1,38.5,D,0
-11.6093,130.8488,347.4,1.1,1,2014-08-11,0146,Terra,MODIS,93,6.2,307.3,50.4,D,0
-11.6107,130.8585,337.1,1.1,1,2014-08-11,0146,Terra,MODIS,87,6.2,306.4,30.7,D,0
-11.6121,130.8684,328,1.1,1,2014-08-11,0146,Terra,MODIS,57,6.2,304.7,17.5,D,0
-11.6214,130.8671,325.8,1.1,1,2014-08-11,0146,Terra,MODIS,66,6.2,306.8,14.6,D,0
-11.5249,131.2789,343.5,1.1,1.1,2014-08-11,0146,Terra,MODIS,91,6.2,304,48.7,D,0
-11.5263,131.2891,338.1,1.1,1.1,2014-08-11,0146,Terra,MODIS,88,6.2,305.2,37.1,D,0
-11.5306,131.2825,360.3,1.1,1.1,2014-08-11,0146,Terra,MODIS,100,6.2,307.8,89.2,D,0
-11.532,131.2926,338.8,1.1,1.1,2014-08-11,0146,Terra,MODIS,88,6.2,306.1,34.5,D,0
-11.5489,130.8043,332.3,1.1,1,2014-08-11,0146,Terra,MODIS,71,6.2,301.3,23.8,D,0
-11.608,130.8391,331.1,1.1,1,2014-08-11,0146,Terra,MODIS,82,6.2,304.6,21.2,D,0
-11.6335,130.8853,331.5,1.1,1,2014-08-11,0146,Terra,MODIS,78,6.2,306.1,21.2,D,0
-11.6349,130.8952,339,1.1,1,2014-08-11,0146,Terra,MODIS,88,6.2,305.8,35.3,D,0
-11.6712,130.904,325.1,1.1,1,2014-08-11,0146,Terra,MODIS,68,6.2,307.1,14.3,D,0
-11.6151,131.161,316.9,1.1,1,2014-08-11,0146,Terra,MODIS,37,6.2,302.7,6.5,D,0
-11.6514,131.1457,319.2,1.1,1,2014-08-11,0146,Terra,MODIS,53,6.2,305.8,6.6,D,0
-11.5429,131.3014,346.4,1.1,1.1,2014-08-11,0146,Terra,MODIS,93,6.2,306.8,50.3,D,0
-11.5443,131.3116,328.9,1.1,1.1,2014-08-11,0146,Terra,MODIS,58,6.2,304.1,17.6,D,0
-11.5537,131.3102,325,1.1,1.1,2014-08-11,0146,Terra,MODIS,18,6.2,306.2,13.3,D,0
-11.7008,133.0758,345.1,1.4,1.2,2014-08-11,0146,Terra,MODIS,92,6.2,304,72.8,D,0
-11.6903,133.0772,337.1,1.4,1.2,2014-08-11,0146,Terra,MODIS,87,6.2,304.2,50.5,D,0
-11.7398,132.7569,322.7,1.4,1.2,2014-08-11,0146,Terra,MODIS,65,6.2,304.7,13.9,D,0
-11.1445,132.5626,313.9,1.3,1.1,2014-08-11,0146,Terra,MODIS,17,6.2,301,6.3,D,0
-12.0056,132.9772,317.8,1.4,1.2,2014-08-11,0146,Terra,MODIS,32,6.2,303.1,9.5,D,0
-12.14,136.2579,310.5,2.5,1.5,2014-08-11,0146,Terra,MODIS,31,6.2,296.7,15,D,0
-12.0355,133.0386,319,1.4,1.2,2014-08-11,0146,Terra,MODIS,34,6.2,302.7,10,D,0
-12.0461,133.0374,373.5,1.4,1.2,2014-08-11,0146,Terra,MODIS,100,6.2,307.1,196.7,D,0
-12.0398,133.0317,324,1.4,1.2,2014-08-11,0146,Terra,MODIS,66,6.2,302,18.8,D,0
-12.0415,133.0448,329.4,1.4,1.2,2014-08-11,0146,Terra,MODIS,78,6.2,305,26.8,D,0
-12.0505,133.0304,345.3,1.4,1.2,2014-08-11,0146,Terra,MODIS,92,6.2,303.5,70.8,D,0
-12.0522,133.0434,358.1,1.4,1.2,2014-08-11,0146,Terra,MODIS,99,6.2,307.7,116.4,D,0
-12.1768,136.5611,328.3,2.6,1.6,2014-08-11,0146,Terra,MODIS,71,6.2,297.8,85.6,D,0
-12.0163,132.8979,322.2,1.4,1.2,2014-08-11,0146,Terra,MODIS,60,6.2,301.8,18.8,D,0
-11.5022,132.9592,331.3,1.4,1.2,2014-08-11,0146,Terra,MODIS,82,6.2,303.3,36.2,D,0
-12.0466,133.0839,324.6,1.4,1.2,2014-08-11,0146,Terra,MODIS,68,6.2,305.6,17.5,D,0
-12.0479,133.0504,333.6,1.4,1.2,2014-08-11,0146,Terra,MODIS,83,6.2,307.2,36.1,D,0
-11.7316,132.7514,321.1,1.3,1.2,2014-08-11,0146,Terra,MODIS,21,6.2,303.8,13.7,D,0
-12.0426,133.0909,327.7,1.4,1.2,2014-08-11,0146,Terra,MODIS,77,6.2,305.7,23,D,0
-12.0408,133.0778,325.6,1.4,1.2,2014-08-11,0146,Terra,MODIS,72,6.2,307.8,19.2,D,0
-11.5333,133.0323,316.2,1.4,1.2,2014-08-11,0146,Terra,MODIS,58,6.2,302.4,10.7,D,0
-11.4311,132.8736,316.5,1.4,1.2,2014-08-11,0146,Terra,MODIS,38,6.2,303.1,8.5,D,0
-11.8737,133.0795,334.8,1.4,1.2,2014-08-11,0146,Terra,MODIS,84,6.2,304.9,42.6,D,0
-11.8677,133.0735,330.6,1.4,1.2,2014-08-11,0146,Terra,MODIS,77,6.2,304.1,33.1,D,0
-11.8691,132.9624,323,1.4,1.2,2014-08-11,0146,Terra,MODIS,54,6.2,306.1,17.6,D,0
-11.5006,132.9466,317.7,1.4,1.2,2014-08-11,0146,Terra,MODIS,61,6.2,300.5,12.7,D,0
-12.3762,132.6397,321.4,1.4,1.2,2014-08-11,0146,Terra,MODIS,52,6.2,305.9,10.9,D,0
-12.3983,132.9726,324.8,1.4,1.2,2014-08-11,0146,Terra,MODIS,75,6.2,305.6,22.8,D,0
-12.4,132.9856,318.6,1.4,1.2,2014-08-11,0146,Terra,MODIS,51,6.2,304.8,12.6,D,0
-11.4112,130.3662,316,1,1,2014-08-11,0146,Terra,MODIS,50,6.2,304.3,7.4,D,0
-11.6271,130.2649,319.4,1,1,2014-08-11,0146,Terra,MODIS,60,6.2,304.8,7.2,D,0
-12.3923,132.9665,317.9,1.4,1.2,2014-08-11,0146,Terra,MODIS,45,6.2,304,11.1,D,0
-12.3941,132.9795,345.5,1.4,1.2,2014-08-11,0146,Terra,MODIS,92,6.2,306.3,74.8,D,0
-11.7595,130.4805,317.8,1,1,2014-08-11,0146,Terra,MODIS,41,6.2,306.1,7.5,D,0
-12.8597,132.2169,376.8,1.3,1.1,2014-08-11,0146,Terra,MODIS,100,6.2,310.2,188.7,D,0
-12.459,132.7046,333.6,1.4,1.2,2014-08-11,0146,Terra,MODIS,84,6.2,307.4,35.3,D,0
-12.1817,131.2723,336.5,1.1,1.1,2014-08-11,0146,Terra,MODIS,86,6.2,305.1,36.6,D,0
-12.8644,132.2525,330.2,1.3,1.1,2014-08-11,0146,Terra,MODIS,54,6.2,308.5,21.1,D,0
-11.8428,133.2104,341.1,1.5,1.2,2014-08-11,0146,Terra,MODIS,89,6.2,304.3,60.3,D,0
-11.7447,133.1624,326.5,1.4,1.2,2014-08-11,0146,Terra,MODIS,67,6.2,305.3,26.7,D,0
-11.9226,133.371,346.9,1.5,1.2,2014-08-11,0146,Terra,MODIS,93,6.2,308.6,79.8,D,0
-12.4704,132.659,319.9,1.4,1.2,2014-08-11,0146,Terra,MODIS,61,6.2,306.8,12.8,D,0
-12.6851,130.9973,321.4,1.1,1.1,2014-08-11,0146,Terra,MODIS,51,6.2,306,11,D,0
-11.9713,133.323,326.1,1.5,1.2,2014-08-11,0146,Terra,MODIS,66,6.2,308.2,15.4,D,0
-11.9,133.1154,327.4,1.4,1.2,2014-08-11,0146,Terra,MODIS,77,6.2,303.3,27.5,D,0
-12.8511,132.2302,319.5,1.3,1.1,2014-08-11,0146,Terra,MODIS,42,6.2,305.7,8.8,D,0
-11.9208,133.3574,327.5,1.5,1.2,2014-08-11,0146,Terra,MODIS,48,6.2,305.9,24.5,D,0
-12.0095,133.5074,322,1.5,1.2,2014-08-11,0146,Terra,MODIS,59,6.2,305.8,11.4,D,0
-11.9515,133.3394,374,1.5,1.2,2014-08-11,0146,Terra,MODIS,100,6.2,310.2,204.8,D,0
-12.8533,132.2363,330,1.3,1.1,2014-08-11,0146,Terra,MODIS,80,6.2,306.6,25.2,D,0
-11.8571,133.2353,317.9,1.5,1.2,2014-08-11,0146,Terra,MODIS,51,6.2,303.6,10.4,D,0
-11.891,133.2442,323.1,1.5,1.2,2014-08-11,0146,Terra,MODIS,63,6.2,303.2,18.3,D,0
-12.8566,132.1933,339.3,1.3,1.1,2014-08-11,0146,Terra,MODIS,88,6.2,302.2,48.4,D,0
-12.7034,135.4466,322.7,2.2,1.4,2014-08-11,0146,Terra,MODIS,38,6.2,300.1,36.1,D,0
-12.048,133.2929,334.4,1.5,1.2,2014-08-11,0146,Terra,MODIS,84,6.2,307.2,37.9,D,0
-12.0389,133.3079,322.6,1.5,1.2,2014-08-11,0146,Terra,MODIS,47,6.2,306.1,11.5,D,0
-11.8446,133.2234,342.5,1.5,1.2,2014-08-11,0146,Terra,MODIS,90,6.2,305.4,64.4,D,0
-12.8628,132.2407,343.9,1.3,1.1,2014-08-11,0146,Terra,MODIS,91,6.2,310,53.9,D,0
-12.7163,135.4453,329.2,2.2,1.4,2014-08-11,0146,Terra,MODIS,66,6.2,300.9,57,D,0
-12.4649,132.6978,326.2,1.4,1.2,2014-08-11,0146,Terra,MODIS,62,6.2,308.8,19.3,D,0
-11.9353,133.3004,321.5,1.5,1.2,2014-08-11,0146,Terra,MODIS,29,6.2,303.3,16.5,D,0
-11.9497,133.3258,390.8,1.5,1.2,2014-08-11,0146,Terra,MODIS,100,6.2,312.3,334.3,D,0
-12.1591,131.282,335.1,1.1,1.1,2014-08-11,0146,Terra,MODIS,85,6.2,304.3,31.4,D,0
-12.0534,133.3337,326.3,1.5,1.2,2014-08-11,0146,Terra,MODIS,52,6.2,308.9,17.3,D,0
-11.896,133.2508,320.6,1.5,1.2,2014-08-11,0146,Terra,MODIS,66,6.2,302.7,16.3,D,0
-12.7365,132.0562,324.6,1.3,1.1,2014-08-11,0146,Terra,MODIS,53,6.2,307.1,13.6,D,0
-12.108,133.3894,337.5,1.5,1.2,2014-08-11,0146,Terra,MODIS,87,6.2,305.8,48.9,D,0
-12.1721,131.2737,320.7,1.1,1.1,2014-08-11,0146,Terra,MODIS,38,6.2,305.5,12.7,D,0
-12.4471,133.1814,319.1,1.5,1.2,2014-08-11,0146,Terra,MODIS,56,6.2,306.5,11.9,D,0
-11.9461,133.2989,350.6,1.5,1.2,2014-08-11,0146,Terra,MODIS,95,6.2,305.7,91.8,D,0
-12.7049,135.453,323.2,2.2,1.4,2014-08-11,0146,Terra,MODIS,69,6.2,300.6,40.3,D,0
-12.0516,133.3201,337.8,1.5,1.2,2014-08-11,0146,Terra,MODIS,87,6.2,307.9,44.6,D,0
-11.8052,133.2559,318.1,1.5,1.2,2014-08-11,0146,Terra,MODIS,51,6.2,305.7,8.5,D,0
-12.4723,133.9103,313.7,1.7,1.3,2014-08-11,0146,Terra,MODIS,21,6.2,302.2,8.3,D,0
-12.6685,130.9853,343.8,1.1,1,2014-08-11,0146,Terra,MODIS,88,6.2,308.3,43.3,D,0
-12.0498,133.3065,335.1,1.5,1.2,2014-08-11,0146,Terra,MODIS,85,6.2,306.8,37.9,D,0
-12.1736,131.284,329.6,1.1,1.1,2014-08-11,0146,Terra,MODIS,75,6.2,304.4,24.7,D,0
-12.7025,135.4333,321.9,2.2,1.4,2014-08-11,0146,Terra,MODIS,59,6.2,299.6,35.6,D,0
-12.1686,131.2806,334.6,1.1,1.1,2014-08-11,0146,Terra,MODIS,84,6.2,305.9,30.6,D,0
-11.9371,133.3138,330.4,1.5,1.2,2014-08-11,0146,Terra,MODIS,63,6.2,304.1,32.6,D,0
-12.1098,133.4031,343.4,1.5,1.2,2014-08-11,0146,Terra,MODIS,91,6.2,306.6,68,D,0
-11.9479,133.3123,336.7,1.5,1.2,2014-08-11,0146,Terra,MODIS,74,6.2,305.9,43.7,D,0
-11.9406,133.3408,371.3,1.5,1.2,2014-08-11,0146,Terra,MODIS,100,6.2,308.5,191.4,D,0
-11.9424,133.3545,333.4,1.5,1.2,2014-08-11,0146,Terra,MODIS,82,6.2,307,32.8,D,0
-11.743,133.1492,318.4,1.4,1.2,2014-08-11,0146,Terra,MODIS,56,6.2,304.1,12.3,D,0
-12.8581,132.2051,393.7,1.3,1.1,2014-08-11,0146,Terra,MODIS,100,6.2,312.9,302.6,D,0
-11.8553,133.2221,319.1,1.5,1.2,2014-08-11,0146,Terra,MODIS,58,6.2,304.8,11.9,D,0
-12.7179,135.4517,323,2.2,1.4,2014-08-11,0146,Terra,MODIS,45,6.2,301,37.1,D,0
-11.8358,133.1575,318,1.4,1.2,2014-08-11,0146,Terra,MODIS,59,6.2,304.2,13.1,D,0
-11.9695,133.3094,339.3,1.5,1.2,2014-08-11,0146,Terra,MODIS,88,6.2,307.4,49.7,D,0
-11.9995,133.2584,325.4,1.5,1.2,2014-08-11,0146,Terra,MODIS,74,6.2,306,20.6,D,0
-12.0372,133.2944,331.2,1.5,1.2,2014-08-11,0146,Terra,MODIS,81,6.2,305.7,31,D,0
-12.8613,132.2288,365.6,1.3,1.1,2014-08-11,0146,Terra,MODIS,100,6.2,309.7,132.3,D,0
-12.8863,132.2616,355.5,1.3,1.1,2014-08-11,0147,Terra,MODIS,97,6.2,311.3,91,D,0
-12.8815,132.226,344.2,1.3,1.1,2014-08-11,0147,Terra,MODIS,91,6.2,307.4,59.9,D,0
-12.8831,132.2378,340.9,1.3,1.1,2014-08-11,0147,Terra,MODIS,89,6.2,308.2,48.4,D,0
-13.0619,130.857,337.2,1.1,1,2014-08-11,0147,Terra,MODIS,85,6.2,308.7,31.7,D,0
-12.8683,132.2037,359.6,1.3,1.1,2014-08-11,0147,Terra,MODIS,99,6.2,306.8,110,D,0
-15.8564,136.0797,328.3,2.7,1.6,2014-08-11,0147,Terra,MODIS,69,6.2,305.4,70.1,D,0
-15.8393,136.0561,323.6,2.7,1.6,2014-08-11,0147,Terra,MODIS,64,6.2,301.7,52,D,0
-13.124,130.8892,329.2,1.1,1,2014-08-11,0147,Terra,MODIS,69,6.2,306.7,17.3,D,0
-13.1299,130.8927,319.4,1.1,1.1,2014-08-11,0147,Terra,MODIS,40,6.2,306.8,7.4,D,0
-13.1285,130.8825,322.9,1.1,1,2014-08-11,0147,Terra,MODIS,61,6.2,307.9,10.8,D,0
-12.8746,132.2511,334.4,1.3,1.1,2014-08-11,0147,Terra,MODIS,83,6.2,310.1,31.1,D,0
-13.228,130.7998,324,1.1,1,2014-08-11,0147,Terra,MODIS,52,6.2,305.7,11.7,D,0
-13.2294,130.8099,334.8,1.1,1,2014-08-11,0147,Terra,MODIS,83,6.2,305.8,27.9,D,0
-12.88,132.2142,334.1,1.3,1.1,2014-08-11,0147,Terra,MODIS,84,6.2,306.1,36,D,0
-15.8422,136.0814,325.5,2.7,1.6,2014-08-11,0147,Terra,MODIS,71,6.2,302.3,61.3,D,0
-13.0633,130.8671,322.1,1.1,1,2014-08-11,0147,Terra,MODIS,59,6.2,306.4,9.5,D,0
-12.8698,132.2155,375.9,1.3,1.1,2014-08-11,0147,Terra,MODIS,100,6.2,313.1,184.7,D,0
-12.8714,132.2274,346.8,1.3,1.1,2014-08-11,0147,Terra,MODIS,93,6.2,310.9,65.3,D,0
-15.3239,135.3122,316,2.3,1.5,2014-08-11,0147,Terra,MODIS,54,6.2,302.7,19.9,D,0
-13.0604,130.8468,327.7,1.1,1,2014-08-11,0147,Terra,MODIS,74,6.2,306.6,15.8,D,0
-12.8847,132.2497,358.9,1.3,1.1,2014-08-11,0147,Terra,MODIS,99,6.2,310.8,103.4,D,0
-12.873,132.2392,329.9,1.3,1.1,2014-08-11,0147,Terra,MODIS,51,6.2,309.7,22.7,D,0
-12.9091,130.7376,323,1.1,1,2014-08-11,0147,Terra,MODIS,65,6.2,308.8,8.8,D,0
-12.9077,130.7276,319.8,1.1,1,2014-08-11,0147,Terra,MODIS,45,6.2,307.1,5.4,D,0
-15.2222,128.5987,345.1,1,1,2014-08-11,0147,Terra,MODIS,92,6.2,305,41,D,0
-15.2146,128.6093,346.6,1,1,2014-08-11,0147,Terra,MODIS,93,6.2,311.3,42.8,D,0
-15.2132,128.6001,368.7,1,1,2014-08-11,0147,Terra,MODIS,100,6.2,313.4,100.1,D,0
-15.2119,128.5908,404.2,1,1,2014-08-11,0147,Terra,MODIS,100,6.2,315.1,269.2,D,0
-15.2056,128.6107,326.6,1,1,2014-08-11,0147,Terra,MODIS,70,6.2,309.7,12.4,D,0
-15.2042,128.6015,341,1,1,2014-08-11,0147,Terra,MODIS,89,6.2,310.4,33.4,D,0
-15.2029,128.5922,373.3,1,1,2014-08-11,0147,Terra,MODIS,100,6.2,313.5,116.9,D,0
-14.9398,128.5564,368.2,1,1,2014-08-11,0147,Terra,MODIS,100,6.2,312.5,100.6,D,0
-14.9411,128.5656,331.1,1,1,2014-08-11,0147,Terra,MODIS,70,6.2,309.8,18.3,D,0
-14.9591,128.5629,345.1,1,1,2014-08-11,0147,Terra,MODIS,92,6.2,308.1,42.3,D,0
-14.9425,128.5748,349,1,1,2014-08-11,0147,Terra,MODIS,94,6.2,309.3,49.2,D,0
-15.2015,128.583,340.5,1,1,2014-08-11,0147,Terra,MODIS,89,6.2,306.9,34.5,D,0
-14.9577,128.5536,334.6,1,1,2014-08-11,0147,Terra,MODIS,77,6.2,304.6,27,D,0
-14.9438,128.584,322.8,1,1,2014-08-11,0147,Terra,MODIS,62,6.2,306.6,9.7,D,0
-13.9065,130.0601,319.2,1,1,2014-08-11,0147,Terra,MODIS,53,6.2,305.5,8.5,D,0
-14.946,128.5365,342.2,1,1,2014-08-11,0147,Terra,MODIS,90,6.2,299.8,43,D,0
-14.9474,128.5457,377.3,1,1,2014-08-11,0147,Terra,MODIS,100,6.2,308,137.3,D,0
-13.8646,130.0957,322.6,1.1,1,2014-08-11,0147,Terra,MODIS,45,6.2,305.9,10.9,D,0
-13.9935,129.8948,320.7,1,1,2014-08-11,0147,Terra,MODIS,32,6.2,309.2,6.8,D,0
-15.2366,128.6344,335.2,1,1,2014-08-11,0147,Terra,MODIS,85,6.2,308.8,23.4,D,0
-15.2393,128.6529,326.8,1,1,2014-08-11,0147,Terra,MODIS,76,6.2,308,14,D,0
-15.238,128.6436,336.2,1,1,2014-08-11,0147,Terra,MODIS,85,6.2,308.9,25.9,D,0
-14.9487,128.555,361.5,1,1,2014-08-11,0147,Terra,MODIS,100,6.2,310.5,81.7,D,0
-13.8541,130.0875,321.2,1.1,1,2014-08-11,0147,Terra,MODIS,19,6.2,306.5,9.3,D,0
-15.1018,126.1294,318.7,1.1,1.1,2014-08-11,0147,Terra,MODIS,57,6.2,306.2,9.5,D,0
-13.6954,130.1329,316.2,1.1,1,2014-08-11,0147,Terra,MODIS,21,6.2,305.2,5.8,D,0
-14.9294,128.5485,353,1,1,2014-08-11,0147,Terra,MODIS,96,6.2,307.2,60.3,D,0
-15.2263,128.6265,337.3,1,1,2014-08-11,0147,Terra,MODIS,86,6.2,310.8,26.1,D,0
-15.2249,128.6172,351.7,1,1,2014-08-11,0147,Terra,MODIS,95,6.2,311,53.3,D,0
-13.8527,130.0778,324.7,1,1,2014-08-11,0147,Terra,MODIS,55,6.2,307.6,13.2,D,0
-15.5206,129.3245,317.1,1,1,2014-08-11,0147,Terra,MODIS,50,6.2,305.5,5.7,D,0
-14.9308,128.5577,363.4,1,1,2014-08-11,0147,Terra,MODIS,100,6.2,311,86.1,D,0
-14.9384,128.5471,346.7,1,1,2014-08-11,0147,Terra,MODIS,93,6.2,309,48.5,D,0
-15.2353,128.6251,334.6,1,1,2014-08-11,0147,Terra,MODIS,84,6.2,308,23.9,D,0
-15.2236,128.608,353.5,1,1,2014-08-11,0147,Terra,MODIS,96,6.2,307.3,57.9,D,0
-15.4285,128.8776,323.9,1,1,2014-08-11,0147,Terra,MODIS,71,6.2,308.3,11.2,D,0
-14.9501,128.5642,331.7,1,1,2014-08-11,0147,Terra,MODIS,65,6.2,310.2,19.7,D,0
-15.0849,125.7131,347.8,1.2,1.1,2014-08-11,0147,Terra,MODIS,94,6.2,306.7,62.6,D,0
-15.0866,125.7242,368,1.2,1.1,2014-08-11,0147,Terra,MODIS,100,6.2,310.5,128.6,D,0
-15.0884,125.7352,336,1.2,1.1,2014-08-11,0147,Terra,MODIS,86,6.2,308.2,34.6,D,0
-15.0901,125.7462,321.1,1.2,1.1,2014-08-11,0147,Terra,MODIS,59,6.2,307,10.8,D,0
-15.0344,125.7102,329.9,1.2,1.1,2014-08-11,0147,Terra,MODIS,77,6.2,304.3,23.8,D,0
-15.0441,125.7086,332.3,1.2,1.1,2014-08-11,0147,Terra,MODIS,81,6.2,306.3,27.5,D,0
-15.0459,125.7197,343,1.2,1.1,2014-08-11,0147,Terra,MODIS,91,6.2,306.2,48,D,0
-15.0539,125.707,323,1.2,1.1,2014-08-11,0147,Terra,MODIS,56,6.2,306.7,13.3,D,0
-15.0557,125.7181,322.2,1.2,1.1,2014-08-11,0147,Terra,MODIS,48,6.2,307,11.5,D,0
-13.1146,130.8906,331.1,1.1,1,2014-08-11,0147,Terra,MODIS,74,6.2,305.7,19.7,D,0
-13.1052,130.8919,321.1,1.1,1,2014-08-11,0147,Terra,MODIS,50,6.2,305.8,8.3,D,0
-13.1038,130.8818,320.6,1.1,1,2014-08-11,0147,Terra,MODIS,28,6.2,306.2,7.1,D,0
-14.4438,133.1499,322.4,1.6,1.2,2014-08-11,0147,Terra,MODIS,69,6.2,304.7,17.4,D,0
-14.4434,133.1564,321.6,1.6,1.2,2014-08-11,0147,Terra,MODIS,41,6.2,304.6,13.8,D,0
-13.1132,130.8805,346.1,1.1,1,2014-08-11,0147,Terra,MODIS,92,6.2,308.4,47,D,0
-13.2862,131.0105,327.5,1.1,1.1,2014-08-11,0147,Terra,MODIS,63,6.2,308.9,14.2,D,0
-13.8072,131.7577,322.2,1.2,1.1,2014-08-11,0147,Terra,MODIS,28,6.2,304.2,12,D,0
-13.3466,130.9224,334.2,1.1,1.1,2014-08-11,0147,Terra,MODIS,83,6.2,308.1,26.7,D,0
-13.5502,131.5934,321.4,1.2,1.1,2014-08-11,0147,Terra,MODIS,39,6.2,307.9,9.5,D,0
-13.3451,130.9121,382.3,1.1,1.1,2014-08-11,0147,Terra,MODIS,100,6.2,310.8,177.8,D,0
-13.447,130.7773,332.4,1.1,1,2014-08-11,0147,Terra,MODIS,81,6.2,309.5,22.6,D,0
-13.9727,132.1618,329.4,1.3,1.1,2014-08-11,0147,Terra,MODIS,78,6.2,307.5,23.1,D,0
-13.4485,130.7875,330.7,1.1,1,2014-08-11,0147,Terra,MODIS,75,6.2,309.2,20.2,D,0
-13.4564,130.776,345.5,1.1,1,2014-08-11,0147,Terra,MODIS,92,6.2,310.2,47,D,0
-13.5517,131.6045,323.3,1.2,1.1,2014-08-11,0147,Terra,MODIS,56,6.2,305.4,12.4,D,0
-13.6705,132.2523,323.1,1.3,1.1,2014-08-11,0147,Terra,MODIS,25,6.2,307.1,12.3,D,0
-13.322,130.8841,321.6,1.1,1.1,2014-08-11,0147,Terra,MODIS,33,6.2,306.1,10.1,D,0
-13.3508,130.9532,335.3,1.1,1.1,2014-08-11,0147,Terra,MODIS,84,6.2,308.1,28.5,D,0
-13.9973,136.4425,318.7,2.7,1.6,2014-08-11,0147,Terra,MODIS,32,6.2,299,41.4,D,0
-13.8342,136.6347,316.6,2.8,1.6,2014-08-11,0147,Terra,MODIS,63,6.2,297.2,42.8,D,0
-13.8365,136.6288,317,2.8,1.6,2014-08-11,0147,Terra,MODIS,48,6.2,297.7,41.3,D,0
-13.3357,130.9135,326.4,1.1,1.1,2014-08-11,0147,Terra,MODIS,70,6.2,306.7,15,D,0
-13.3343,130.9032,327,1.1,1.1,2014-08-11,0147,Terra,MODIS,66,6.2,306.2,16.3,D,0
-13.3248,130.9045,327.2,1.1,1.1,2014-08-11,0147,Terra,MODIS,54,6.2,307.1,15.4,D,0
-13.3494,130.9429,330.8,1.1,1.1,2014-08-11,0147,Terra,MODIS,80,6.2,307.1,21.7,D,0
-13.4579,130.7861,324.9,1.1,1,2014-08-11,0147,Terra,MODIS,64,6.2,308.3,12.3,D,0
-13.4456,130.7672,321.9,1.1,1,2014-08-11,0147,Terra,MODIS,37,6.2,307,8.3,D,0
-13.3234,130.8943,356.1,1.1,1.1,2014-08-11,0147,Terra,MODIS,98,6.2,310.5,75.9,D,0
-13.6001,132.2741,322.2,1.3,1.1,2014-08-11,0147,Terra,MODIS,52,6.2,305.5,14.1,D,0
-13.3164,130.8435,320.6,1.1,1,2014-08-11,0147,Terra,MODIS,34,6.2,305.8,8.7,D,0
-14.4009,133.1766,322.9,1.6,1.2,2014-08-11,0147,Terra,MODIS,58,6.2,308.5,15,D,0
-13.455,130.7659,352.8,1.1,1,2014-08-11,0147,Terra,MODIS,96,6.2,309.9,64.6,D,0
-13.796,131.7534,346.1,1.2,1.1,2014-08-11,0147,Terra,MODIS,92,6.2,308.4,58,D,0
-13.7957,131.7477,324.7,1.2,1.1,2014-08-11,0147,Terra,MODIS,47,6.2,306,14.5,D,0
-13.6455,131.6195,325.7,1.2,1.1,2014-08-11,0147,Terra,MODIS,73,6.2,307.6,15.9,D,0
-13.9932,132.159,325.3,1.3,1.1,2014-08-11,0147,Terra,MODIS,69,6.2,306.3,16.8,D,0
-13.6776,132.2455,324.5,1.3,1.1,2014-08-11,0147,Terra,MODIS,64,6.2,306.3,15.8,D,0
-13.3437,130.9019,371.9,1.1,1.1,2014-08-11,0147,Terra,MODIS,100,6.2,307,130.8,D,0
-13.3442,130.9752,323.1,1.1,1.1,2014-08-11,0147,Terra,MODIS,37,6.2,307.1,10.7,D,0
-13.9938,136.4483,323,2.7,1.6,2014-08-11,0147,Terra,MODIS,56,6.2,300,64.3,D,0
-13.3266,130.9882,330.1,1.1,1.1,2014-08-11,0147,Terra,MODIS,74,6.2,309,18.7,D,0
-13.7972,131.759,338.3,1.2,1.1,2014-08-11,0147,Terra,MODIS,87,6.2,309.2,40.5,D,0
-13.7975,131.7648,326.9,1.2,1.1,2014-08-11,0147,Terra,MODIS,62,6.2,307.6,18,D,0
-15.0849,126.024,322.4,1.2,1.1,2014-08-11,0147,Terra,MODIS,70,6.2,306.5,12.4,D,0
-15.03,125.745,320.3,1.2,1.1,2014-08-11,0147,Terra,MODIS,39,6.2,303.5,11.3,D,0
-14.4208,129.6104,342.4,1,1,2014-08-11,0147,Terra,MODIS,90,6.2,308.6,39.6,D,0
-14.4043,129.6187,332.5,1,1,2014-08-11,0147,Terra,MODIS,76,6.2,307.2,22.7,D,0
-14.2685,129.4434,325.2,1,1,2014-08-11,0147,Terra,MODIS,65,6.2,306.3,12.5,D,0
-15.0398,125.7434,339.8,1.2,1.1,2014-08-11,0147,Terra,MODIS,89,6.2,306.7,42,D,0
-15.0415,125.7545,338,1.2,1.1,2014-08-11,0147,Terra,MODIS,87,6.2,306.3,39,D,0
-14.2693,130.0912,324.7,1.1,1,2014-08-11,0147,Terra,MODIS,73,6.2,305.7,12.9,D,0
-14.2679,130.0817,348.1,1.1,1,2014-08-11,0147,Terra,MODIS,94,6.2,309.7,51.5,D,0
-15.0433,125.7653,328.6,1.2,1.1,2014-08-11,0147,Terra,MODIS,62,6.2,304.8,22.3,D,0
-15.053,125.7637,336.2,1.2,1.1,2014-08-11,0147,Terra,MODIS,86,6.2,306.8,34.3,D,0
-15.0548,125.7746,337.2,1.2,1.1,2014-08-11,0147,Terra,MODIS,87,6.2,306.2,37.3,D,0
-15.0645,125.773,326.9,1.2,1.1,2014-08-11,0147,Terra,MODIS,70,6.2,306.5,18.8,D,0
-14.3194,129.5444,319.8,1,1,2014-08-11,0147,Terra,MODIS,53,6.2,306,8.7,D,0
-14.397,129.5042,320,1,1,2014-08-11,0147,Terra,MODIS,45,6.2,306.1,8.2,D,0
-14.3285,129.5431,316.2,1,1,2014-08-11,0147,Terra,MODIS,12,6.2,305.1,5.3,D,0
-16.0297,128.8352,329.8,1,1,2014-08-11,0147,Terra,MODIS,53,6.2,311.4,14.3,D,0
-14.3907,129.5243,326.8,1,1,2014-08-11,0147,Terra,MODIS,76,6.2,306.2,14.5,D,0
-16.0284,128.8259,357.5,1,1,2014-08-11,0147,Terra,MODIS,98,6.2,310.7,65.6,D,0
-14.3254,129.4572,360.6,1,1,2014-08-11,0147,Terra,MODIS,100,6.2,307.7,79.9,D,0
-14.3412,129.5028,321.5,1,1,2014-08-11,0147,Terra,MODIS,65,6.2,306.2,9.1,D,0
-14.3399,129.4934,326.8,1,1,2014-08-11,0147,Terra,MODIS,76,6.2,307.3,15,D,0
-14.2587,130.083,330,1.1,1,2014-08-11,0147,Terra,MODIS,80,6.2,307.8,18.9,D,0
-16.018,128.8178,388.2,1,1,2014-08-11,0147,Terra,MODIS,100,6.2,313.4,176.5,D,0
-14.3372,129.4746,337.4,1,1,2014-08-11,0147,Terra,MODIS,84,6.2,306.4,28.8,D,0
-14.3268,129.4666,337.3,1,1,2014-08-11,0147,Terra,MODIS,86,6.2,308.2,28.5,D,0
-14.235,129.6561,324.3,1,1,2014-08-11,0147,Terra,MODIS,71,6.2,305.6,11.9,D,0
-14.2336,129.6467,331,1,1,2014-08-11,0147,Terra,MODIS,81,6.2,308.5,19.8,D,0
-15.0662,125.784,321.4,1.2,1.1,2014-08-11,0147,Terra,MODIS,56,6.2,304.1,12.5,D,0
-14.3893,129.5149,319.3,1,1,2014-08-11,0147,Terra,MODIS,22,6.2,307,6.3,D,0
-17.2006,122.3498,379.6,1.8,1.3,2014-08-11,0148,Terra,MODIS,100,6.2,303.8,344,D,0
-17.5305,122.7251,322.3,1.7,1.3,2014-08-11,0148,Terra,MODIS,50,6.2,303.3,24.3,D,0
-17.3123,122.4618,328.3,1.8,1.3,2014-08-11,0148,Terra,MODIS,67,6.2,302.3,40.6,D,0
-17.5084,122.5981,328.1,1.7,1.3,2014-08-11,0148,Terra,MODIS,79,6.2,302.8,42.8,D,0
-17.3554,122.5727,319.6,1.7,1.3,2014-08-11,0148,Terra,MODIS,66,6.2,304.4,17.4,D,0
-17.4322,122.5523,334.6,1.7,1.3,2014-08-11,0148,Terra,MODIS,85,6.2,301.3,57.5,D,0
-17.435,122.5686,327.7,1.7,1.3,2014-08-11,0148,Terra,MODIS,78,6.2,303.9,37.3,D,0
-17.351,122.5675,321.2,1.7,1.3,2014-08-11,0148,Terra,MODIS,27,6.2,304.3,18.1,D,0
-17.5056,122.5819,376.8,1.7,1.3,2014-08-11,0148,Terra,MODIS,100,6.2,307.6,297.2,D,0
-17.5028,122.5658,375.3,1.7,1.3,2014-08-11,0148,Terra,MODIS,100,6.2,305.9,285.2,D,0
-17.4711,122.5217,324,1.8,1.3,2014-08-11,0148,Terra,MODIS,75,6.2,303.2,31.8,D,0
-16.4544,123.7087,332.1,1.5,1.2,2014-08-11,0148,Terra,MODIS,67,6.2,305.5,38.7,D,0
-17.3742,122.5631,333.3,1.7,1.3,2014-08-11,0148,Terra,MODIS,79,6.2,305.1,48.9,D,0
-17.4683,122.5054,337.2,1.8,1.3,2014-08-11,0148,Terra,MODIS,87,6.2,301.9,72.2,D,0
-17.4508,122.4749,327.7,1.8,1.3,2014-08-11,0148,Terra,MODIS,79,6.2,301.5,44.1,D,0
-17.4479,122.4583,316.8,1.8,1.3,2014-08-11,0148,Terra,MODIS,45,6.2,301.3,18.3,D,0
-17.4392,122.477,328,1.8,1.3,2014-08-11,0148,Terra,MODIS,73,6.2,304.7,39.6,D,0
-16.4418,123.7169,328.5,1.5,1.2,2014-08-11,0148,Terra,MODIS,40,6.2,304.3,30.1,D,0
-16.4701,123.735,334.6,1.5,1.2,2014-08-11,0148,Terra,MODIS,86,6.2,305.7,44.4,D,0
-16.4833,123.7468,317.7,1.5,1.2,2014-08-11,0148,Terra,MODIS,53,6.2,303.5,10.9,D,0
-16.4318,123.7906,326.3,1.5,1.2,2014-08-11,0148,Terra,MODIS,74,6.2,305.1,28.4,D,0
-17.5273,122.7743,317.2,1.7,1.3,2014-08-11,0148,Terra,MODIS,43,6.2,303,15.1,D,0
-17.4362,122.4604,348.2,1.8,1.3,2014-08-11,0148,Terra,MODIS,94,6.2,306,114.9,D,0
-17.4245,122.4625,335.7,1.8,1.3,2014-08-11,0148,Terra,MODIS,73,6.2,305,58.6,D,0
-16.8146,128.2231,317.9,1,1,2014-08-11,0148,Terra,MODIS,56,6.2,305.5,6.2,D,0
-17.5392,122.7071,317.4,1.7,1.3,2014-08-11,0148,Terra,MODIS,33,6.2,301,15.6,D,0
-17.5365,122.6913,317.3,1.7,1.3,2014-08-11,0148,Terra,MODIS,52,6.2,300.9,16.9,D,0
-17.5278,122.7093,334.3,1.7,1.3,2014-08-11,0148,Terra,MODIS,85,6.2,304,56.4,D,0
-17.525,122.6935,337.7,1.7,1.3,2014-08-11,0148,Terra,MODIS,87,6.2,304.2,67.5,D,0
-16.4295,123.7769,384.7,1.5,1.2,2014-08-11,0148,Terra,MODIS,100,6.2,311.1,297.4,D,0
-17.4695,123.1058,317.7,1.6,1.2,2014-08-11,0148,Terra,MODIS,57,6.2,305.3,11,D,0
-16.4867,123.8322,328.6,1.5,1.2,2014-08-11,0148,Terra,MODIS,80,6.2,303.8,32.4,D,0
-16.5082,123.8285,320.4,1.5,1.2,2014-08-11,0148,Terra,MODIS,38,6.2,303.9,16.1,D,0
-17.8654,123.4718,318.8,1.5,1.2,2014-08-11,0148,Terra,MODIS,65,6.2,306.5,13.3,D,0
-17.3354,122.5257,318.4,1.8,1.3,2014-08-11,0148,Terra,MODIS,59,6.2,305.2,13.6,D,0
-17.216,122.9057,313.7,1.7,1.3,2014-08-11,0148,Terra,MODIS,18,6.2,302.4,10.2,D,0
-17.4443,122.4828,328.5,1.8,1.3,2014-08-11,0148,Terra,MODIS,66,6.2,304,36.8,D,0
-17.4415,122.4662,352.2,1.8,1.3,2014-08-11,0148,Terra,MODIS,96,6.2,304.8,129.1,D,0
-17.3526,122.5563,318.3,1.8,1.3,2014-08-11,0148,Terra,MODIS,53,6.2,304.7,13.6,D,0
-17.3714,122.5469,328.7,1.8,1.3,2014-08-11,0148,Terra,MODIS,63,6.2,304,34.6,D,0
-17.4387,122.4496,357.7,1.8,1.3,2014-08-11,0148,Terra,MODIS,99,6.2,304.3,164.5,D,0
-17.3976,122.4913,336.2,1.8,1.3,2014-08-11,0148,Terra,MODIS,65,6.2,302.8,57.3,D,0
-17.3889,122.51,368.6,1.8,1.3,2014-08-11,0148,Terra,MODIS,100,6.2,304.8,228.1,D,0
-17.386,122.4934,415.1,1.8,1.3,2014-08-11,0148,Terra,MODIS,100,6.2,311.7,790.3,D,0
-17.3685,122.4626,373,1.8,1.3,2014-08-11,0148,Terra,MODIS,100,6.2,305.5,271.5,D,0
-17.3831,122.477,374.3,1.8,1.3,2014-08-11,0148,Terra,MODIS,100,6.2,302.5,275.9,D,0
-17.3802,122.4605,352.1,1.8,1.3,2014-08-11,0148,Terra,MODIS,96,6.2,301.6,129.6,D,0
-17.3714,122.4791,428.3,1.8,1.3,2014-08-11,0148,Terra,MODIS,100,6.2,325.5,1059.8,D,0
-17.3743,122.4955,367.7,1.8,1.3,2014-08-11,0148,Terra,MODIS,100,6.2,316,223.2,D,0
-17.3772,122.5121,345.2,1.8,1.3,2014-08-11,0148,Terra,MODIS,92,6.2,309.2,93.9,D,0
-17.262,122.4948,336.9,1.8,1.3,2014-08-11,0148,Terra,MODIS,87,6.2,302.3,72.7,D,0
-17.2596,122.5056,328.9,1.8,1.3,2014-08-11,0148,Terra,MODIS,80,6.2,303.3,47.6,D,0
-17.3597,122.4812,340.3,1.8,1.3,2014-08-11,0148,Terra,MODIS,89,6.2,305.9,80.2,D,0
-17.514,123.0977,325.2,1.6,1.2,2014-08-11,0148,Terra,MODIS,68,6.2,303.4,27.6,D,0
-17.5201,123.066,317.6,1.6,1.2,2014-08-11,0148,Terra,MODIS,40,6.2,304.2,13.8,D,0
-16.305,128.263,324.9,1,1,2014-08-11,0148,Terra,MODIS,69,6.2,307,11.7,D,0
-16.2987,128.283,329.7,1,1,2014-08-11,0148,Terra,MODIS,79,6.2,305.6,18.1,D,0
-17.4598,122.7127,316,1.7,1.3,2014-08-11,0148,Terra,MODIS,56,6.2,304.6,10.1,D,0
-17.5115,123.0829,321.6,1.6,1.2,2014-08-11,0148,Terra,MODIS,55,6.2,303.5,19.2,D,0
-17.4333,122.4438,377.1,1.8,1.3,2014-08-11,0148,Terra,MODIS,100,6.2,308.4,310.4,D,0
-17.4303,122.4272,350.9,1.8,1.3,2014-08-11,0148,Terra,MODIS,95,6.2,302.5,132.9,D,0
-17.5054,123.1145,321.8,1.6,1.2,2014-08-11,0148,Terra,MODIS,62,6.2,304.1,21.6,D,0
-16.3001,128.2923,324,1,1,2014-08-11,0148,Terra,MODIS,70,6.2,304.4,12.2,D,0
-17.4215,122.4459,360.3,1.8,1.3,2014-08-11,0148,Terra,MODIS,100,6.2,306.4,180.6,D,0
-17.4358,122.433,355.4,1.8,1.3,2014-08-11,0148,Terra,MODIS,97,6.2,302.4,154.8,D,0
-17.427,122.4517,367.7,1.8,1.3,2014-08-11,0148,Terra,MODIS,100,6.2,308,228.1,D,0
-17.4241,122.4351,369.4,1.8,1.3,2014-08-11,0148,Terra,MODIS,100,6.2,306.6,247.9,D,0
-17.4153,122.4539,343.2,1.8,1.3,2014-08-11,0148,Terra,MODIS,80,6.2,304.7,86.7,D,0
-17.4007,122.4393,365.8,1.8,1.3,2014-08-11,0148,Terra,MODIS,100,6.2,303.6,217.6,D,0
-17.1179,122.6125,314.3,1.8,1.3,2014-08-11,0148,Terra,MODIS,37,6.2,303.6,10,D,0
-17.3978,122.4226,345.1,1.8,1.3,2014-08-11,0148,Terra,MODIS,92,6.2,298.2,105.5,D,0
-17.3889,122.4415,323.5,1.8,1.3,2014-08-11,0148,Terra,MODIS,44,6.2,298,31.4,D,0
-17.3773,122.4438,360.3,1.8,1.3,2014-08-11,0148,Terra,MODIS,100,6.2,302,183.3,D,0
-17.1946,122.3157,416.9,1.8,1.3,2014-08-11,0148,Terra,MODIS,100,6.2,309.2,879.1,D,0
-17.1916,122.2985,337.4,1.8,1.3,2014-08-11,0148,Terra,MODIS,82,6.2,301.3,75.9,D,0
-17.1828,122.3179,393.4,1.8,1.3,2014-08-11,0148,Terra,MODIS,100,6.2,320,502.4,D,0
-17.1797,122.3007,339,1.8,1.3,2014-08-11,0148,Terra,MODIS,77,6.2,306.8,79.6,D,0
-17.7802,123.5792,317.2,1.5,1.2,2014-08-11,0148,Terra,MODIS,57,6.2,305.5,9.7,D,0
-17.8984,123.537,328.9,1.5,1.2,2014-08-11,0148,Terra,MODIS,70,6.2,306.4,28.1,D,0
-17.8989,123.5166,320.1,1.5,1.2,2014-08-11,0148,Terra,MODIS,39,6.2,304.9,12.8,D,0
-17.9013,123.5304,321.4,1.5,1.2,2014-08-11,0148,Terra,MODIS,60,6.2,304.6,16,D,0
-17.9037,123.5441,323.3,1.5,1.2,2014-08-11,0148,Terra,MODIS,59,6.2,304.8,19.2,D,0
-17.2566,122.489,322.4,1.8,1.3,2014-08-11,0148,Terra,MODIS,71,6.2,301.3,31.5,D,0
-17.3151,122.4783,339.3,1.8,1.3,2014-08-11,0148,Terra,MODIS,88,6.2,305.3,74.9,D,0
-17.2888,122.466,328.9,1.8,1.3,2014-08-11,0148,Terra,MODIS,80,6.2,303,46.1,D,0
-17.3005,122.4639,333.9,1.8,1.3,2014-08-11,0148,Terra,MODIS,84,6.2,305.1,59.9,D,0
-17.1858,122.335,393,1.8,1.3,2014-08-11,0148,Terra,MODIS,100,6.2,319,492.3,D,0
-17.1887,122.3521,372.5,1.8,1.3,2014-08-11,0148,Terra,MODIS,100,6.2,310.6,277.5,D,0
-17.1917,122.3691,321.7,1.8,1.3,2014-08-11,0148,Terra,MODIS,55,6.2,303.7,24.4,D,0
-17.1976,122.3328,416.4,1.8,1.3,2014-08-11,0148,Terra,MODIS,100,6.2,309,863.6,D,0
-17.5332,122.7408,318.1,1.7,1.3,2014-08-11,0148,Terra,MODIS,27,6.2,302.4,15.7,D,0
-16.4305,130.8921,323.6,1.2,1.1,2014-08-11,0148,Terra,MODIS,73,6.2,307.6,13.3,D,0
-16.4332,130.8972,320.9,1.2,1.1,2014-08-11,0148,Terra,MODIS,69,6.2,307.9,11.2,D,0
-18.4152,127.8416,315.1,1,1,2014-08-11,0148,Terra,MODIS,58,6.2,302.7,6.7,D,0
-18.1326,130.5915,322.2,1.2,1.1,2014-08-11,0148,Terra,MODIS,73,6.2,304.6,15.5,D,0
-18.1332,130.5849,327.2,1.2,1.1,2014-08-11,0148,Terra,MODIS,79,6.2,305,22.4,D,0
-16.6815,128.1322,331.7,1,1,2014-08-11,0148,Terra,MODIS,82,6.2,308.6,21.2,D,0
-16.3126,128.2523,321.4,1,1,2014-08-11,0148,Terra,MODIS,27,6.2,308.1,7.8,D,0
-18.131,130.5802,329,1.2,1.1,2014-08-11,0148,Terra,MODIS,81,6.2,304.8,26,D,0
-16.6828,128.1415,327.1,1,1,2014-08-11,0148,Terra,MODIS,77,6.2,307.6,15.6,D,0
-18.8596,121.6741,334.9,1.9,1.3,2014-08-11,0149,Terra,MODIS,86,6.2,306.1,68.3,D,0
-18.8654,121.636,322.2,1.9,1.3,2014-08-11,0149,Terra,MODIS,33,6.2,307.5,26.7,D,0
-18.8685,121.6539,346.6,1.9,1.3,2014-08-11,0149,Terra,MODIS,93,6.2,309.7,116.8,D,0
-18.8716,121.6717,328.7,1.9,1.3,2014-08-11,0149,Terra,MODIS,63,6.2,306,43,D,0
-18.869,121.6291,404.7,1.9,1.3,2014-08-11,0149,Terra,MODIS,0,6.2,315.9,698.5,D,0
-18.8723,121.647,407.2,1.9,1.3,2014-08-11,0149,Terra,MODIS,94,6.2,316.3,736.8,D,0
-18.8756,121.6649,343.2,1.9,1.3,2014-08-11,0149,Terra,MODIS,91,6.2,307.1,95.7,D,0
-18.8811,121.6268,398.6,1.9,1.3,2014-08-11,0149,Terra,MODIS,75,6.2,307.3,603.8,D,0
-18.8844,121.6447,344.3,1.9,1.3,2014-08-11,0149,Terra,MODIS,92,6.2,303.8,102.9,D,0
-18.8765,122.047,317.6,1.8,1.3,2014-08-11,0149,Terra,MODIS,57,6.2,303.7,18,D,0
-18.9379,121.9414,317.3,1.8,1.3,2014-08-11,0149,Terra,MODIS,59,6.2,303.8,17.8,D,0
-18.9307,121.7641,332.3,1.9,1.3,2014-08-11,0149,Terra,MODIS,84,6.2,304,58.9,D,0
-18.8627,121.6919,322.2,1.9,1.3,2014-08-11,0149,Terra,MODIS,70,6.2,303,29,D,0
-18.8547,121.6873,320.3,1.9,1.3,2014-08-11,0149,Terra,MODIS,53,6.2,303.2,23.7,D,0
-18.8668,121.685,325.5,1.9,1.3,2014-08-11,0149,Terra,MODIS,61,6.2,304.7,34.6,D,0
-18.9061,121.6958,321.1,1.9,1.3,2014-08-11,0149,Terra,MODIS,36,6.2,306.3,21.2,D,0
-18.9093,121.7135,325.2,1.9,1.3,2014-08-11,0149,Terra,MODIS,50,6.2,306.2,30.9,D,0
-18.9124,121.7312,329.4,1.9,1.3,2014-08-11,0149,Terra,MODIS,71,6.2,306.6,44,D,0
-18.9181,121.6935,324.4,1.9,1.3,2014-08-11,0149,Terra,MODIS,58,6.2,303.9,31.4,D,0
-18.9213,121.7112,354.6,1.9,1.3,2014-08-11,0149,Terra,MODIS,97,6.2,304.5,157.3,D,0
-18.9244,121.7289,337.4,1.9,1.3,2014-08-11,0149,Terra,MODIS,82,6.2,303.7,72.7,D,0
-18.7851,121.984,316.9,1.8,1.3,2014-08-11,0149,Terra,MODIS,46,6.2,304.8,13.9,D,0
-21.0231,119.1171,325.4,2.6,1.6,2014-08-11,0149,Terra,MODIS,79,6.2,301.5,70.2,D,0
-23.6007,121.9164,317.8,1.5,1.2,2014-08-11,0150,Terra,MODIS,70,6.2,298.5,18.1,D,0
-22.8735,122.5824,325.6,1.4,1.2,2014-08-11,0150,Terra,MODIS,79,6.2,299.7,28.6,D,0
-22.8758,122.5958,313.7,1.4,1.2,2014-08-11,0150,Terra,MODIS,60,6.2,299.2,10.3,D,0
-23.4851,121.3298,317.1,1.6,1.3,2014-08-11,0150,Terra,MODIS,69,6.2,298.5,20.8,D,0
-23.488,121.3457,309.6,1.6,1.3,2014-08-11,0150,Terra,MODIS,44,6.2,297.3,8.5,D,0
-23.5981,121.9018,316.8,1.5,1.2,2014-08-11,0150,Terra,MODIS,68,6.2,298.4,16.2,D,0
-23.5796,121.8604,317,1.5,1.2,2014-08-11,0150,Terra,MODIS,68,6.2,299.9,16.1,D,0
-23.5771,121.8458,323.9,1.5,1.2,2014-08-11,0150,Terra,MODIS,78,6.2,298.5,28,D,0
-23.5688,121.8626,328,1.5,1.2,2014-08-11,0150,Terra,MODIS,82,6.2,300.4,35.8,D,0
-23.5662,121.8481,321.1,1.5,1.2,2014-08-11,0150,Terra,MODIS,64,6.2,300.1,21.8,D,0
-23.7675,122.2821,317.3,1.4,1.2,2014-08-11,0150,Terra,MODIS,68,6.2,300,14,D,0
-23.7699,122.2957,335.3,1.4,1.2,2014-08-11,0150,Terra,MODIS,87,6.2,300.5,48.3,D,0
-23.7743,122.2887,328.4,1.4,1.2,2014-08-11,0150,Terra,MODIS,82,6.2,299.3,33,D,0
-22.7236,122.5631,312.7,1.4,1.2,2014-08-11,0150,Terra,MODIS,34,6.2,298.9,8.9,D,0
-22.7189,122.536,319,1.4,1.2,2014-08-11,0150,Terra,MODIS,71,6.2,299,19,D,0
-22.8584,122.6819,311.8,1.4,1.2,2014-08-11,0150,Terra,MODIS,53,6.2,300.3,8,D,0
-22.8275,119.9811,311.7,2.1,1.4,2014-08-11,0150,Terra,MODIS,57,6.2,299.9,14.6,D,0
-26.4226,121.2016,337.9,1.5,1.2,2014-08-11,0151,Terra,MODIS,89,6.2,297.5,62.5,D,0
-37.7846,141.8073,313.7,1,1,2014-08-11,0429,Aqua,MODIS,64,6.2,280.8,14.3,D,0
-37.7794,141.7875,303.7,1,1,2014-08-11,0429,Aqua,MODIS,43,6.2,275,8.7,D,0
-37.7862,141.7957,372.7,1,1,2014-08-11,0429,Aqua,MODIS,100,6.2,285.5,131.5,D,0
-37.7877,141.784,325.8,1,1,2014-08-11,0429,Aqua,MODIS,83,6.2,280.4,25.8,D,0
-31.2196,149.1808,303.1,2.4,1.5,2014-08-11,0430,Aqua,MODIS,55,6.2,288.8,20.9,D,0
-35.3186,144.2256,320.7,1.1,1,2014-08-11,0430,Aqua,MODIS,76,6.2,281.8,22.7,D,0
-31.2128,149.184,301.3,2.4,1.5,2014-08-11,0430,Aqua,MODIS,44,6.2,288.3,16.7,D,0
-31.8453,146.8961,301.6,1.6,1.3,2014-08-11,0430,Aqua,MODIS,48,6.2,291.2,8.2,D,0
-32.9091,146.7234,302.4,1.5,1.2,2014-08-11,0430,Aqua,MODIS,52,6.2,291.4,8.3,D,0
-34.317,146.2396,313.3,1.3,1.2,2014-08-11,0430,Aqua,MODIS,49,6.2,281.6,20.1,D,0
-31.047,152.0439,302,3.7,1.8,2014-08-11,0430,Aqua,MODIS,48,6.2,291.1,32.1,D,0
-31.0554,152.0401,305,3.7,1.8,2014-08-11,0430,Aqua,MODIS,60,6.2,291.7,42.5,D,0
-28.7369,148.767,310,2.5,1.5,2014-08-11,0431,Aqua,MODIS,58,6.2,298.9,20.4,D,0
-31.0454,147.4782,306.3,1.9,1.3,2014-08-11,0431,Aqua,MODIS,63,6.2,291.2,14.6,D,0
-31.0492,147.459,307.8,1.9,1.3,2014-08-11,0431,Aqua,MODIS,66,6.2,291.5,16.7,D,0
-28.166,151.0983,314.6,3.8,1.8,2014-08-11,0431,Aqua,MODIS,68,6.2,295.6,71.5,D,0
-28.1706,151.1045,315,3.8,1.8,2014-08-11,0431,Aqua,MODIS,64,6.2,296,71.2,D,0
-27.8411,150.3226,308.9,3.4,1.7,2014-08-11,0431,Aqua,MODIS,40,6.2,297.8,26.5,D,0
-27.8482,150.3206,308.7,3.4,1.7,2014-08-11,0431,Aqua,MODIS,33,6.2,298.3,24.7,D,0
-31.1274,146.3949,305.9,1.6,1.2,2014-08-11,0431,Aqua,MODIS,60,6.2,294.2,8.7,D,0
-28.5047,147.4457,312.7,2.1,1.4,2014-08-11,0431,Aqua,MODIS,26,6.2,298.2,15.8,D,0
-28.0936,148.7057,310,2.6,1.6,2014-08-11,0431,Aqua,MODIS,45,6.2,298,12.8,D,0
-28.5046,147.4381,320,2.1,1.4,2014-08-11,0431,Aqua,MODIS,75,6.2,298.2,37.3,D,0
-29.4173,148.2444,307.4,2.3,1.5,2014-08-11,0431,Aqua,MODIS,53,6.2,295.6,12.5,D,0
-28.5089,147.4245,321.3,2.1,1.4,2014-08-11,0431,Aqua,MODIS,76,6.2,298.1,38.6,D,0
-28.5088,147.417,313.2,2.1,1.4,2014-08-11,0431,Aqua,MODIS,64,6.2,298,20.1,D,0
-27.1972,131.5015,316.6,2.7,1.6,2014-08-11,0432,Aqua,MODIS,68,6.2,297.9,40.2,D,0
-27.1758,131.5503,326,2.7,1.6,2014-08-11,0432,Aqua,MODIS,80,6.2,297.2,76.9,D,0
-27.1782,131.5228,348.1,2.7,1.6,2014-08-11,0432,Aqua,MODIS,94,6.2,299.8,225.7,D,0
-27.1471,131.5476,328.9,2.7,1.6,2014-08-11,0432,Aqua,MODIS,82,6.2,299.4,97.2,D,0
-27.1805,131.5278,364.4,2.7,1.6,2014-08-11,0432,Aqua,MODIS,100,6.2,300.5,400.7,D,0
-27.1518,131.525,311.5,2.7,1.6,2014-08-11,0432,Aqua,MODIS,45,6.2,297.9,21.7,D,0
-27.1495,131.5525,327.9,2.7,1.6,2014-08-11,0432,Aqua,MODIS,82,6.2,299.4,89.3,D,0
-26.4891,150.1405,311.7,3.6,1.8,2014-08-11,0432,Aqua,MODIS,49,6.2,294.1,52.6,D,0
-26.4968,150.1057,317.7,3.6,1.8,2014-08-11,0432,Aqua,MODIS,63,6.2,292.1,82.7,D,0
-22.7165,130.5358,315.2,2.8,1.6,2014-08-11,0433,Aqua,MODIS,30,6.2,302.5,24.1,D,0
-22.6993,130.5618,319.4,2.8,1.6,2014-08-11,0433,Aqua,MODIS,67,6.2,302,40.8,D,0
-22.7019,130.5342,315.9,2.8,1.6,2014-08-11,0433,Aqua,MODIS,30,6.2,302.5,25.8,D,0
-22.7139,130.5634,322.1,2.8,1.6,2014-08-11,0433,Aqua,MODIS,72,6.2,302.2,53.7,D,0
-20.7373,139.4744,327.6,1,1,2014-08-11,0434,Aqua,MODIS,71,6.2,310.4,13.8,D,2
-17.9965,138.3936,328.5,1,1,2014-08-11,0434,Aqua,MODIS,73,6.2,314.2,11,D,0
-17.9875,138.3921,325,1,1,2014-08-11,0434,Aqua,MODIS,25,6.2,311.3,6.5,D,0
-13.9767,142.0727,332.3,1.7,1.3,2014-08-11,0435,Aqua,MODIS,84,6.2,301.8,50.6,D,0
-13.9769,142.0819,325,1.7,1.3,2014-08-11,0435,Aqua,MODIS,44,6.2,300.9,31,D,0
-13.9654,142.0798,324.6,1.7,1.3,2014-08-11,0435,Aqua,MODIS,47,6.2,299.5,30.4,D,0
-16.8365,136.8608,324.6,1,1,2014-08-11,0435,Aqua,MODIS,33,6.2,311.7,7,D,0
-16.8586,136.8352,327.9,1,1,2014-08-11,0435,Aqua,MODIS,67,6.2,311.3,10.2,D,0
-16.8599,136.8257,328.6,1,1,2014-08-11,0435,Aqua,MODIS,74,6.2,311.3,11.1,D,0
-16.8248,136.8784,331.5,1,1,2014-08-11,0435,Aqua,MODIS,59,6.2,311.4,15.9,D,0
-13.488,143.0004,318.8,2.1,1.4,2014-08-11,0435,Aqua,MODIS,70,6.2,298.5,27,D,0
-13.4913,142.9815,337.8,2,1.4,2014-08-11,0435,Aqua,MODIS,88,6.2,298.1,93.7,D,0
-15.7975,137.055,320.5,1,1,2014-08-11,0435,Aqua,MODIS,36,6.2,304.5,8.6,D,0
-17.8397,138.9005,331.5,1,1,2014-08-11,0435,Aqua,MODIS,78,6.2,311.8,16.3,D,0
-15.7553,130.5077,337.1,2.3,1.5,2014-08-11,0435,Aqua,MODIS,86,6.2,307.1,90.7,D,0
-15.753,130.529,321.4,2.3,1.5,2014-08-11,0435,Aqua,MODIS,37,6.2,306.2,24.5,D,0
-15.7685,130.5096,322.2,2.3,1.5,2014-08-11,0435,Aqua,MODIS,53,6.2,308.9,28.8,D,0
-18.1481,130.5683,316.7,2.4,1.5,2014-08-11,0435,Aqua,MODIS,45,6.2,306.1,18.6,D,0
-16.3245,128.2381,318.2,3.5,1.8,2014-08-11,0435,Aqua,MODIS,41,6.2,307.3,37.2,D,0
-18.1378,130.5834,319.4,2.4,1.5,2014-08-11,0435,Aqua,MODIS,56,6.2,307.7,25.6,D,0
-15.5322,129.3074,317.5,2.8,1.6,2014-08-11,0435,Aqua,MODIS,45,6.2,307.3,23.9,D,0
-15.7583,130.5011,329.3,2.3,1.5,2014-08-11,0435,Aqua,MODIS,78,6.2,308.6,56.5,D,0
-15.7558,130.5223,335.9,2.3,1.5,2014-08-11,0435,Aqua,MODIS,85,6.2,306.8,85.8,D,0
-15.7751,135.4333,337.4,1.1,1,2014-08-11,0435,Aqua,MODIS,84,6.2,312,26.8,D,0
-15.7657,135.4319,336.1,1.1,1,2014-08-11,0435,Aqua,MODIS,82,6.2,310.2,23.7,D,0
-15.747,135.4292,327.1,1.1,1,2014-08-11,0435,Aqua,MODIS,69,6.2,311.2,12.6,D,0
-15.9502,128.9464,321.5,3,1.7,2014-08-11,0435,Aqua,MODIS,65,6.2,306.6,47.9,D,0
-16.3054,128.2693,321.6,3.4,1.7,2014-08-11,0435,Aqua,MODIS,67,6.2,307,56.4,D,0
-15.9505,128.9396,319,3,1.7,2014-08-11,0435,Aqua,MODIS,51,6.2,306.2,35.9,D,0
-16.0255,128.8091,326.6,3.1,1.7,2014-08-11,0435,Aqua,MODIS,63,6.2,311.8,65.8,D,0
-16.0658,136.1821,349.1,1,1,2014-08-11,0435,Aqua,MODIS,93,6.2,305.9,50.4,D,0
-14.9249,141.7694,325.1,1.6,1.2,2014-08-11,0435,Aqua,MODIS,59,6.2,308.8,12.1,D,0
-14.9399,144.2627,339.6,2.4,1.5,2014-08-11,0435,Aqua,MODIS,89,6.2,295.8,125.6,D,0
-15.8631,135.9955,362.7,1,1,2014-08-11,0435,Aqua,MODIS,100,6.2,312.8,84.1,D,0
-15.7671,135.4218,333.3,1.1,1,2014-08-11,0435,Aqua,MODIS,72,6.2,311.3,19.3,D,0
-16.0697,136.153,331,1,1,2014-08-11,0435,Aqua,MODIS,76,6.2,304.7,19.2,D,0
-13.7538,141.5432,327.7,1.6,1.2,2014-08-11,0435,Aqua,MODIS,75,6.2,305.4,26.6,D,0
-15.8486,136.0331,361.3,1,1,2014-08-11,0435,Aqua,MODIS,100,6.2,310.2,79.2,D,0
-15.8433,136.0718,344,1,1,2014-08-11,0435,Aqua,MODIS,90,6.2,314.1,34.5,D,0
-15.8565,136.0441,332.3,1,1,2014-08-11,0435,Aqua,MODIS,65,6.2,312.2,14.1,D,0
-16.0736,136.1931,353.6,1,1,2014-08-11,0435,Aqua,MODIS,96,6.2,309.5,58.8,D,0
-15.8526,136.0039,342.6,1,1,2014-08-11,0435,Aqua,MODIS,89,6.2,310.1,36.4,D,0
-16.0684,136.1627,386.9,1,1,2014-08-11,0435,Aqua,MODIS,100,6.2,311.9,182.3,D,0
-15.8553,135.9844,349.3,1,1,2014-08-11,0435,Aqua,MODIS,93,6.2,309.2,52.1,D,0
-14.8846,141.807,326.1,1.6,1.2,2014-08-11,0435,Aqua,MODIS,38,6.2,308.8,19.2,D,0
-15.8551,136.0538,348,1,1,2014-08-11,0435,Aqua,MODIS,93,6.2,313.7,41,D,0
-15.842,136.0815,333.5,1,1,2014-08-11,0435,Aqua,MODIS,67,6.2,310.4,17.2,D,0
-15.8539,135.9942,373,1,1,2014-08-11,0435,Aqua,MODIS,100,6.2,313.9,121.6,D,0
-15.8618,136.0053,338.8,1,1,2014-08-11,0435,Aqua,MODIS,80,6.2,312.1,26.7,D,0
-15.8513,136.0136,351.4,1,1,2014-08-11,0435,Aqua,MODIS,95,6.2,309.5,54.3,D,0
-16.0723,136.2027,347.2,1,1,2014-08-11,0435,Aqua,MODIS,92,6.2,309.2,45,D,0
-15.8473,136.0427,348.9,1,1,2014-08-11,0435,Aqua,MODIS,93,6.2,311.3,45.9,D,0
-16.0841,136.1848,331.9,1,1,2014-08-11,0435,Aqua,MODIS,77,6.2,306.7,19.6,D,0
-16.0554,136.2043,380.9,1,1,2014-08-11,0435,Aqua,MODIS,100,6.2,314.8,149.2,D,0
-16.0696,136.222,338,1,1,2014-08-11,0435,Aqua,MODIS,84,6.2,312.3,27.4,D,0
-15.8907,135.9997,345.2,1,1,2014-08-11,0435,Aqua,MODIS,91,6.2,315,37.8,D,0
-16.0775,136.1641,342.5,1,1,2014-08-11,0435,Aqua,MODIS,88,6.2,306.8,37.6,D,0
-16.0749,136.1834,352.1,1,1,2014-08-11,0435,Aqua,MODIS,95,6.2,307.2,55.4,D,0
-15.8341,136.0704,334.8,1,1,2014-08-11,0435,Aqua,MODIS,81,6.2,310.4,19.6,D,0
-15.3262,135.2853,331.7,1.1,1,2014-08-11,0435,Aqua,MODIS,64,6.2,310.9,18.8,D,0
-16.0618,136.211,353.6,1,1,2014-08-11,0435,Aqua,MODIS,96,6.2,309.7,57.8,D,0
-16.0541,136.214,344.2,1,1,2014-08-11,0435,Aqua,MODIS,90,6.2,311.3,37,D,0
-16.0854,136.1751,324.6,1,1,2014-08-11,0435,Aqua,MODIS,53,6.2,306.1,9.8,D,0
-16.0827,136.1944,325.8,1,1,2014-08-11,0435,Aqua,MODIS,62,6.2,308.2,10.7,D,0
-16.071,136.2123,371.1,1,1,2014-08-11,0435,Aqua,MODIS,100,6.2,313.1,110.7,D,0
-15.892,135.9899,344.9,1,1,2014-08-11,0435,Aqua,MODIS,90,6.2,313.2,38.4,D,0
-15.3154,135.2941,327.2,1.1,1,2014-08-11,0435,Aqua,MODIS,47,6.2,311.5,12.6,D,0
-16.0762,136.1738,338.7,1,1,2014-08-11,0435,Aqua,MODIS,85,6.2,306.9,29.4,D,0
-16.0568,136.1947,371.5,1,1,2014-08-11,0435,Aqua,MODIS,100,6.2,310.9,113,D,0
-16.0528,136.2236,338.5,1,1,2014-08-11,0435,Aqua,MODIS,83,6.2,310,26.1,D,0
-15.7765,135.4232,327.1,1.1,1,2014-08-11,0435,Aqua,MODIS,59,6.2,313,10.9,D,0
-15.3168,135.284,333.5,1.1,1,2014-08-11,0435,Aqua,MODIS,80,6.2,312.7,22.1,D,0
-16.0631,136.2013,371.9,1,1,2014-08-11,0435,Aqua,MODIS,100,6.2,312.6,114.8,D,0
-16.045,136.2126,330.7,1,1,2014-08-11,0435,Aqua,MODIS,66,6.2,308.2,15.7,D,0
-16.0671,136.1724,331.4,1,1,2014-08-11,0435,Aqua,MODIS,57,6.2,303.9,19.6,D,0
-15.846,136.0524,336.6,1,1,2014-08-11,0435,Aqua,MODIS,80,6.2,311,21.5,D,0
-16.0644,136.1917,375.1,1,1,2014-08-11,0435,Aqua,MODIS,100,6.2,310,126.6,D,0
-14.9266,144.2601,317.8,2.4,1.5,2014-08-11,0435,Aqua,MODIS,46,6.2,298.9,28.4,D,0
-16.0605,136.2206,377.2,1,1,2014-08-11,0435,Aqua,MODIS,100,6.2,313.7,134.4,D,0
-11.938,133.2725,390.2,1.3,1.1,2014-08-11,0436,Aqua,MODIS,100,6.2,309.5,271.5,D,0
-12.3098,134.4483,318.6,1.1,1.1,2014-08-11,0436,Aqua,MODIS,47,6.2,305.7,7.2,D,0
-12.189,131.2696,327.8,1.8,1.3,2014-08-11,0436,Aqua,MODIS,77,6.2,304.6,42.2,D,0
-12.3084,134.4586,320.1,1.1,1.1,2014-08-11,0436,Aqua,MODIS,57,6.2,304.5,9.1,D,0
-12.8485,132.1974,343.4,1.6,1.2,2014-08-11,0436,Aqua,MODIS,49,6.2,309.3,60.3,D,0
-12.7156,135.4364,347,1,1,2014-08-11,0436,Aqua,MODIS,92,6.2,310.8,44.7,D,0
-12.7065,135.4351,352.1,1,1,2014-08-11,0436,Aqua,MODIS,96,6.2,312.9,57.6,D,0
-12.1882,133.5374,330.3,1.2,1.1,2014-08-11,0436,Aqua,MODIS,77,6.2,311.2,19.7,D,0
-12.856,132.2272,346.6,1.5,1.2,2014-08-11,0436,Aqua,MODIS,76,6.2,312.5,64.5,D,0
-11.9849,133.2258,332.2,1.3,1.1,2014-08-11,0436,Aqua,MODIS,53,6.2,308,27.2,D,0
-11.9302,133.3305,333.1,1.3,1.1,2014-08-11,0436,Aqua,MODIS,80,6.2,309.6,27.7,D,0
-12.0021,133.2521,342.4,1.3,1.1,2014-08-11,0436,Aqua,MODIS,89,6.2,311.2,44,D,0
-12.7413,135.8499,320.2,1,1,2014-08-11,0436,Aqua,MODIS,62,6.2,305.7,8.5,D,0
-12.7232,135.8472,343.1,1,1,2014-08-11,0436,Aqua,MODIS,90,6.2,306,39.9,D,0
-12.841,132.1672,337.4,1.6,1.2,2014-08-11,0436,Aqua,MODIS,82,6.2,305.3,49.7,D,0
-14.7338,134.6263,347.9,1.2,1.1,2014-08-11,0436,Aqua,MODIS,93,6.2,312.1,51.5,D,0
-11.9511,133.3282,356.8,1.3,1.1,2014-08-11,0436,Aqua,MODIS,98,6.2,311.2,83,D,0
-12.0987,133.3659,357.2,1.3,1.1,2014-08-11,0436,Aqua,MODIS,98,6.2,309.4,88,D,0
-12.8982,132.2472,339,1.5,1.2,2014-08-11,0436,Aqua,MODIS,35,6.2,311.3,44.4,D,0
-11.9434,133.3087,377.7,1.3,1.1,2014-08-11,0436,Aqua,MODIS,100,6.2,310.3,184.7,D,0
-12.5661,134.3773,327.9,1.1,1.1,2014-08-11,0436,Aqua,MODIS,75,6.2,307,16.7,D,0
-14.4046,135.1018,323.1,1.1,1,2014-08-11,0436,Aqua,MODIS,53,6.2,309.6,9.6,D,0
-12.0293,133.2797,329.3,1.3,1.1,2014-08-11,0436,Aqua,MODIS,40,6.2,307.4,14.9,D,0
-12.0971,133.3775,371.2,1.3,1.1,2014-08-11,0436,Aqua,MODIS,100,6.2,312.9,145,D,0
-12.1892,142.0353,322.3,1.8,1.3,2014-08-11,0436,Aqua,MODIS,75,6.2,289.4,34.3,D,0
-12.6731,136.5916,332.2,1,1,2014-08-11,0436,Aqua,MODIS,82,6.2,303.7,23.4,D,0
-13.1256,130.8795,326.5,2,1.4,2014-08-11,0436,Aqua,MODIS,54,6.2,308.4,26.3,D,0
-13.0616,130.8656,327.5,2,1.4,2014-08-11,0436,Aqua,MODIS,63,6.2,308.8,31.5,D,0
-13.2569,135.8416,324.2,1,1,2014-08-11,0436,Aqua,MODIS,54,6.2,306.8,11.9,D,0
-12.5675,134.3669,328.3,1.1,1.1,2014-08-11,0436,Aqua,MODIS,76,6.2,307.6,16.4,D,0
-11.9748,133.2244,392.3,1.3,1.1,2014-08-11,0436,Aqua,MODIS,100,6.2,313,288.7,D,0
-11.9466,133.2854,331.7,1.3,1.1,2014-08-11,0436,Aqua,MODIS,58,6.2,303.7,23.8,D,0
-12.0362,133.3045,376.7,1.3,1.1,2014-08-11,0436,Aqua,MODIS,100,6.2,314.3,172.6,D,0
-12.8521,132.1687,344.4,1.6,1.2,2014-08-11,0436,Aqua,MODIS,86,6.2,309.1,68.7,D,0
-11.7011,133.1319,320.5,1.3,1.1,2014-08-11,0436,Aqua,MODIS,61,6.2,300.4,13.6,D,0
-11.7038,133.1267,328.7,1.3,1.1,2014-08-11,0436,Aqua,MODIS,58,6.2,302.2,23.7,D,0
-12.8399,132.1605,320.3,1.6,1.2,2014-08-11,0436,Aqua,MODIS,38,6.2,304.6,12.3,D,0
-12.0122,133.2535,332.1,1.3,1.1,2014-08-11,0436,Aqua,MODIS,72,6.2,310.4,22.3,D,0
-12.5483,134.1869,326.3,1.2,1.1,2014-08-11,0436,Aqua,MODIS,72,6.2,308.4,14.8,D,0
-11.9641,133.3064,333.3,1.3,1.1,2014-08-11,0436,Aqua,MODIS,80,6.2,308.9,20,D,0
-12.1072,133.3789,337.5,1.3,1.1,2014-08-11,0436,Aqua,MODIS,85,6.2,309.7,30.4,D,0
-14.3952,135.1005,326.5,1.1,1,2014-08-11,0436,Aqua,MODIS,73,6.2,308.7,13.4,D,0
-11.9664,134.7403,328.8,1.1,1,2014-08-11,0436,Aqua,MODIS,55,6.2,304.6,21.4,D,0
-12.0068,133.3713,345.6,1.3,1.1,2014-08-11,0436,Aqua,MODIS,91,6.2,310.8,50.3,D,0
-11.9387,133.3435,331,1.3,1.1,2014-08-11,0436,Aqua,MODIS,65,6.2,308.9,18.1,D,0
-12.7676,134.9902,334.5,1.1,1,2014-08-11,0436,Aqua,MODIS,83,6.2,303.8,24.9,D,0
-12.7414,136.5609,324.8,1,1,2014-08-11,0436,Aqua,MODIS,0,6.2,305,14.1,D,0
-11.9503,133.3333,355.3,1.3,1.1,2014-08-11,0436,Aqua,MODIS,97,6.2,311.7,79.4,D,0
-11.8275,133.5657,326.3,1.2,1.1,2014-08-11,0436,Aqua,MODIS,63,6.2,306.8,16.5,D,0
-14.7435,134.6276,350.9,1.2,1.1,2014-08-11,0436,Aqua,MODIS,95,6.2,311.8,60.2,D,0
-12.7322,135.8485,319.4,1,1,2014-08-11,0436,Aqua,MODIS,57,6.2,306,7.8,D,0
-13.2282,130.7894,321.3,2,1.4,2014-08-11,0436,Aqua,MODIS,40,6.2,306.2,19,D,0
-11.9488,133.3449,335.2,1.3,1.1,2014-08-11,0436,Aqua,MODIS,83,6.2,309,24.4,D,0
-11.9565,133.5961,339.1,1.2,1.1,2014-08-11,0436,Aqua,MODIS,86,6.2,308.4,37.7,D,0
-11.854,133.2196,321.1,1.3,1.1,2014-08-11,0436,Aqua,MODIS,30,6.2,304.9,10,D,0
-12.125,133.8567,323,1.2,1.1,2014-08-11,0436,Aqua,MODIS,55,6.2,300.7,11.6,D,0
-12.4638,133.9174,357.7,1.2,1.1,2014-08-11,0436,Aqua,MODIS,98,6.2,308.7,88,D,0
-12.3825,136.8184,318.2,1,1,2014-08-11,0436,Aqua,MODIS,45,6.2,301.8,7.7,D,0
-12.1418,134.4746,337.2,1.1,1.1,2014-08-11,0436,Aqua,MODIS,85,6.2,305,35,D,0
-11.9436,133.386,330.8,1.3,1.1,2014-08-11,0436,Aqua,MODIS,73,6.2,310,16.1,D,0
-11.9403,133.332,349.4,1.3,1.1,2014-08-11,0436,Aqua,MODIS,94,6.2,310.5,63.9,D,0
-12.1635,131.2827,332.1,1.8,1.3,2014-08-11,0436,Aqua,MODIS,80,6.2,304.8,49.7,D,0
-12.2302,133.5254,332.6,1.2,1.1,2014-08-11,0436,Aqua,MODIS,80,6.2,311.8,23.5,D,0
-12.9767,136.3932,324.2,1,1,2014-08-11,0436,Aqua,MODIS,71,6.2,301.4,14.1,D,0
-12.4706,132.6351,338.7,1.4,1.2,2014-08-11,0436,Aqua,MODIS,86,6.2,308.6,48.4,D,0
-11.9586,133.2699,331.9,1.3,1.1,2014-08-11,0436,Aqua,MODIS,60,6.2,302.8,27.9,D,0
-11.8805,133.2409,321.6,1.3,1.1,2014-08-11,0436,Aqua,MODIS,50,6.2,304.4,12.6,D,0
-12.1156,133.3918,327.3,1.3,1.1,2014-08-11,0436,Aqua,MODIS,21,6.2,311.4,12.1,D,0
-13.0964,135.2715,323.8,1.1,1,2014-08-11,0436,Aqua,MODIS,70,6.2,307.8,10.4,D,0
-12.1056,133.3905,355,1.3,1.1,2014-08-11,0436,Aqua,MODIS,97,6.2,312.6,77.8,D,0
-12.5807,135.2191,327.1,1.1,1,2014-08-11,0436,Aqua,MODIS,74,6.2,307,13.7,D,0
-12.0378,133.2928,362.7,1.3,1.1,2014-08-11,0436,Aqua,MODIS,100,6.2,310.8,108,D,0
-11.9334,133.3073,375.8,1.3,1.1,2014-08-11,0436,Aqua,MODIS,100,6.2,309.6,178.2,D,0
-12.132,133.4247,331.5,1.3,1.1,2014-08-11,0436,Aqua,MODIS,64,6.2,309.7,19.9,D,0
-11.833,133.1447,342.8,1.3,1.1,2014-08-11,0436,Aqua,MODIS,90,6.2,306.1,56.5,D,0
-12.6986,135.4242,357,1,1,2014-08-11,0436,Aqua,MODIS,98,6.2,306.2,71.5,D,0
-13.2259,130.8079,323.3,2,1.4,2014-08-11,0436,Aqua,MODIS,55,6.2,308,23.4,D,0
-11.9571,133.2816,334.1,1.3,1.1,2014-08-11,0436,Aqua,MODIS,59,6.2,304.4,28.8,D,0
-11.9497,133.2622,366.2,1.3,1.1,2014-08-11,0436,Aqua,MODIS,100,6.2,305,138.5,D,0
-12.0052,133.3828,338.1,1.3,1.1,2014-08-11,0436,Aqua,MODIS,85,6.2,310.2,32.9,D,0
-12.7078,135.4256,336.5,1,1,2014-08-11,0436,Aqua,MODIS,51,6.2,307.9,27.3,D,0
-12.0277,133.2914,333,1.3,1.1,2014-08-11,0436,Aqua,MODIS,71,6.2,310.4,20.3,D,0
-11.906,133.1242,322.7,1.3,1.1,2014-08-11,0436,Aqua,MODIS,62,6.2,301.2,16.8,D,0
-11.8896,133.5572,328.2,1.2,1.1,2014-08-11,0436,Aqua,MODIS,41,6.2,308.5,15.2,D,0
-11.928,133.2711,346.2,1.3,1.1,2014-08-11,0436,Aqua,MODIS,92,6.2,301.7,64.3,D,0
-12.4638,132.6871,344.2,1.4,1.2,2014-08-11,0436,Aqua,MODIS,90,6.2,311.1,59.3,D,0
-11.9733,133.2362,338.9,1.3,1.1,2014-08-11,0436,Aqua,MODIS,68,6.2,305.8,41.8,D,0
-12.8381,132.1748,335.5,1.6,1.2,2014-08-11,0436,Aqua,MODIS,83,6.2,305.4,46.6,D,0
-13.2427,135.8108,328.2,1,1,2014-08-11,0436,Aqua,MODIS,77,6.2,304.6,17.6,D,0
-14.7421,134.6383,331.3,1.2,1.1,2014-08-11,0436,Aqua,MODIS,78,6.2,312.2,17.7,D,0
-12.4555,133.9053,320.6,1.2,1.1,2014-08-11,0436,Aqua,MODIS,41,6.2,305.9,8.8,D,0
-11.9241,133.2228,322,1.3,1.1,2014-08-11,0436,Aqua,MODIS,60,6.2,300.6,16.9,D,0
-12.4476,133.1858,327.4,1.3,1.1,2014-08-11,0436,Aqua,MODIS,73,6.2,312.4,17.8,D,0
-12.8449,132.2257,336,1.5,1.2,2014-08-11,0436,Aqua,MODIS,36,6.2,311.2,35.9,D,0
-13.0951,135.2812,329,1.1,1,2014-08-11,0436,Aqua,MODIS,78,6.2,308.8,16.7,D,0
-11.9481,133.2738,340.7,1.3,1.1,2014-08-11,0436,Aqua,MODIS,84,6.2,303.7,47.1,D,0
-12.6973,135.4338,340.9,1,1,2014-08-11,0436,Aqua,MODIS,89,6.2,301.5,35,D,0
-12.6642,136.5903,319.1,1,1,2014-08-11,0436,Aqua,MODIS,57,6.2,301.1,8.4,D,0
-12.5647,134.3877,320.2,1.1,1.1,2014-08-11,0436,Aqua,MODIS,58,6.2,306.8,6.9,D,0
-11.9396,133.2608,358,1.3,1.1,2014-08-11,0436,Aqua,MODIS,99,6.2,302.5,104.4,D,0
-11.9596,133.3412,331.9,1.3,1.1,2014-08-11,0436,Aqua,MODIS,78,6.2,309.9,17.1,D,0
-12.1643,136.2263,319.7,1,1,2014-08-11,0436,Aqua,MODIS,33,6.2,304.8,7.6,D,0
-12.475,133.9078,321,1.2,1.1,2014-08-11,0436,Aqua,MODIS,27,6.2,306.6,8.4,D,0
-12.8503,132.1831,348.9,1.6,1.2,2014-08-11,0436,Aqua,MODIS,90,6.2,310.4,83.3,D,0
-12.4621,132.7,351.2,1.4,1.2,2014-08-11,0436,Aqua,MODIS,95,6.2,312.5,83.6,D,0
-12.5555,135.4009,350.6,1,1,2014-08-11,0436,Aqua,MODIS,95,6.2,307.3,54.7,D,0
-12.8392,132.1816,333,1.6,1.2,2014-08-11,0436,Aqua,MODIS,63,6.2,305.6,36.6,D,0
-11.9495,133.3398,351.7,1.3,1.1,2014-08-11,0436,Aqua,MODIS,95,6.2,310.6,66.9,D,0
-12.5469,134.1974,329.4,1.2,1.1,2014-08-11,0436,Aqua,MODIS,77,6.2,306.4,19.5,D,0
-11.9763,133.2127,373.4,1.3,1.1,2014-08-11,0436,Aqua,MODIS,100,6.2,307.2,170.5,D,0
-12.7244,135.8379,329.2,1,1,2014-08-11,0436,Aqua,MODIS,78,6.2,304.8,18.4,D,0
-12.4652,133.9067,343.4,1.2,1.1,2014-08-11,0436,Aqua,MODIS,90,6.2,307.5,48.4,D,0
-12.7815,132.7276,331.2,1.4,1.2,2014-08-11,0436,Aqua,MODIS,68,6.2,309.4,31.3,D,0
-12.2317,133.5141,323.8,1.2,1.1,2014-08-11,0436,Aqua,MODIS,36,6.2,310.7,9.2,D,0
-12.4689,132.6481,335.1,1.4,1.2,2014-08-11,0436,Aqua,MODIS,83,6.2,309.1,39.4,D,0
-11.8345,133.1328,318.5,1.3,1.1,2014-08-11,0436,Aqua,MODIS,45,6.2,303.7,10.1,D,0
-12.8964,132.2613,340.5,1.5,1.2,2014-08-11,0436,Aqua,MODIS,44,6.2,312.7,49,D,0
-11.9657,133.2947,349.9,1.3,1.1,2014-08-11,0436,Aqua,MODIS,94,6.2,308.9,63.7,D,0
-11.9365,133.2841,353.2,1.3,1.1,2014-08-11,0436,Aqua,MODIS,96,6.2,304.2,83.5,D,0
-11.8291,133.2518,324.6,1.3,1.1,2014-08-11,0436,Aqua,MODIS,70,6.2,307,14,D,0
-11.7519,133.1389,321.9,1.3,1.1,2014-08-11,0436,Aqua,MODIS,62,6.2,303.5,13.7,D,0
-12.3838,136.8093,315.4,1,1,2014-08-11,0436,Aqua,MODIS,32,6.2,301.2,5,D,0
-12.094,133.4006,333,1.3,1.1,2014-08-11,0436,Aqua,MODIS,64,6.2,312.9,21.1,D,0
-11.9582,133.2752,330.9,1.3,1.1,2014-08-11,0436,Aqua,MODIS,22,6.2,303.5,25.4,D,0
-11.8603,133.1725,338.4,1.3,1.1,2014-08-11,0436,Aqua,MODIS,86,6.2,304,43.6,D,0
-12.1141,133.4034,334.3,1.3,1.1,2014-08-11,0436,Aqua,MODIS,72,6.2,309.1,26.2,D,0
-12.7921,132.729,337,1.4,1.2,2014-08-11,0436,Aqua,MODIS,84,6.2,311.4,45.6,D,0
-11.9672,133.283,359.2,1.3,1.1,2014-08-11,0436,Aqua,MODIS,99,6.2,307.4,98.4,D,0
-11.9318,133.3189,378.5,1.3,1.1,2014-08-11,0436,Aqua,MODIS,100,6.2,313.8,191.1,D,0
-13.2414,135.8202,331.7,1,1,2014-08-11,0436,Aqua,MODIS,81,6.2,304.5,21.7,D,0
-11.9264,133.2827,350.1,1.3,1.1,2014-08-11,0436,Aqua,MODIS,94,6.2,301.8,75,D,0
-13.1056,135.2728,338,1.1,1,2014-08-11,0436,Aqua,MODIS,86,6.2,307.4,30.2,D,0
-12.104,133.4021,331.5,1.3,1.1,2014-08-11,0436,Aqua,MODIS,43,6.2,309.4,18.7,D,0
-12.1733,136.2277,328,1,1,2014-08-11,0436,Aqua,MODIS,73,6.2,305.5,16.8,D,0
-12.0956,133.3891,370,1.3,1.1,2014-08-11,0436,Aqua,MODIS,100,6.2,313.2,137.5,D,0
-12.558,134.1882,320.4,1.2,1.1,2014-08-11,0436,Aqua,MODIS,23,6.2,306,7.1,D,0
-12.1773,131.2681,321.8,1.8,1.3,2014-08-11,0436,Aqua,MODIS,63,6.2,306.4,26.4,D,0
-12.6233,136.4907,324.8,1,1,2014-08-11,0436,Aqua,MODIS,72,6.2,303,14.1,D,0
-11.9418,133.3204,382.7,1.3,1.1,2014-08-11,0436,Aqua,MODIS,100,6.2,315.1,212.1,D,0
-12.751,132.061,324,1.6,1.2,2014-08-11,0436,Aqua,MODIS,25,6.2,306.9,18.7,D,0
-11.7503,133.1508,339.9,1.3,1.1,2014-08-11,0436,Aqua,MODIS,90,6.2,303.7,48.2,D,0
-12.5593,134.3552,329,1.1,1.1,2014-08-11,0436,Aqua,MODIS,77,6.2,305.8,17.4,D,0
-12.1752,131.2843,325.3,1.8,1.3,2014-08-11,0436,Aqua,MODIS,78,6.2,304.8,34.2,D,0
-11.8502,133.1711,321,1.3,1.1,2014-08-11,0436,Aqua,MODIS,48,6.2,304.8,11.4,D,0
-14.3965,135.0903,340.3,1.1,1,2014-08-11,0436,Aqua,MODIS,88,6.2,310.4,36.4,D,0
-12.7662,135,323.8,1.1,1,2014-08-11,0436,Aqua,MODIS,50,6.2,304.8,10.1,D,0
-13.0639,130.8477,329.6,2,1.4,2014-08-11,0436,Aqua,MODIS,75,6.2,308.6,38.7,D,0
-13.1043,135.2825,335.1,1.1,1,2014-08-11,0436,Aqua,MODIS,84,6.2,308.4,25.4,D,0
-11.8619,133.1607,319.2,1.3,1.1,2014-08-11,0436,Aqua,MODIS,32,6.2,303.7,9.3,D,0
-11.7618,133.2951,317.3,1.3,1.1,2014-08-11,0436,Aqua,MODIS,38,6.2,304.3,9.8,D,0
-12.1773,142.0333,315.6,1.8,1.3,2014-08-11,0436,Aqua,MODIS,28,6.2,288.8,18.6,D,0
-12.6246,136.4816,332.8,1,1,2014-08-11,0436,Aqua,MODIS,82,6.2,303.7,24,D,0
-11.8287,133.56,328.3,1.2,1.1,2014-08-11,0436,Aqua,MODIS,57,6.2,305.9,18.1,D,0
-12.0342,133.0872,331.7,1.3,1.1,2014-08-11,0436,Aqua,MODIS,78,6.2,310,23.7,D,0
-13.3481,130.8903,345.3,2,1.4,2014-08-11,0436,Aqua,MODIS,91,6.2,311.1,104.8,D,0
-13.3573,130.8847,326.5,2,1.4,2014-08-11,0436,Aqua,MODIS,41,6.2,307.2,29.1,D,0
-11.4166,132.5381,320.1,1.4,1.2,2014-08-11,0436,Aqua,MODIS,65,6.2,305,13.8,D,0
-13.3304,130.8998,346.7,2,1.4,2014-08-11,0436,Aqua,MODIS,92,6.2,310.1,106.7,D,0
-11.5351,132.7839,322.8,1.4,1.2,2014-08-11,0436,Aqua,MODIS,64,6.2,308.4,11.8,D,0
-13.6757,132.2442,326.4,1.6,1.2,2014-08-11,0436,Aqua,MODIS,48,6.2,313,16.8,D,0
-13.3427,130.9012,335.2,2,1.4,2014-08-11,0436,Aqua,MODIS,55,6.2,311.5,55.6,D,0
-11.7016,133.0659,336,1.3,1.1,2014-08-11,0436,Aqua,MODIS,87,6.2,306.5,39.6,D,0
-11.5996,132.9843,321.7,1.3,1.1,2014-08-11,0436,Aqua,MODIS,74,6.2,304.4,15,D,0
-13.4665,130.7604,346.7,2,1.4,2014-08-11,0436,Aqua,MODIS,92,6.2,310.2,118.6,D,0
-13.4652,130.7551,336.3,2,1.4,2014-08-11,0436,Aqua,MODIS,82,6.2,309.3,68,D,0
-11.598,132.9963,320.7,1.3,1.1,2014-08-11,0436,Aqua,MODIS,73,6.2,306.4,13.1,D,0
-13.8414,136.6504,319,1,1,2014-08-11,0436,Aqua,MODIS,57,6.2,305.2,6.7,D,0
-13.8324,136.649,336,1,1,2014-08-11,0436,Aqua,MODIS,86,6.2,305.9,26.5,D,0
-13.8337,136.6398,329.5,1,1,2014-08-11,0436,Aqua,MODIS,79,6.2,307.3,16.7,D,0
-12.1715,136.5597,339.7,1,1,2014-08-11,0436,Aqua,MODIS,88,6.2,302.5,32.9,D,0
-13.5312,131.5855,323.2,1.8,1.3,2014-08-11,0436,Aqua,MODIS,59,6.2,309.2,14.7,D,0
-13.5614,131.5948,326.1,1.8,1.3,2014-08-11,0436,Aqua,MODIS,68,6.2,308.6,24.9,D,0
-13.438,130.7704,323,2,1.4,2014-08-11,0436,Aqua,MODIS,19,6.2,308.5,22.4,D,0
-13.4504,130.772,326.2,2,1.4,2014-08-11,0436,Aqua,MODIS,58,6.2,310.4,32.2,D,0
-12.3776,132.6424,353.7,1.4,1.2,2014-08-11,0436,Aqua,MODIS,96,6.2,312.1,91,D,0
-12.0939,133.0884,333.7,1.3,1.1,2014-08-11,0436,Aqua,MODIS,81,6.2,308.1,31,D,0
-12.367,132.6411,332,1.4,1.2,2014-08-11,0436,Aqua,MODIS,79,6.2,313.2,25.8,D,0
-13.8058,131.7436,321.4,1.7,1.3,2014-08-11,0436,Aqua,MODIS,33,6.2,307.8,14.1,D,0
-11.9076,133.1123,325.5,1.3,1.1,2014-08-11,0436,Aqua,MODIS,69,6.2,303,21.2,D,0
-12.0169,132.8985,331.2,1.4,1.2,2014-08-11,0436,Aqua,MODIS,67,6.2,307.1,30.1,D,0
-12.0066,132.897,338.7,1.4,1.2,2014-08-11,0436,Aqua,MODIS,86,6.2,307.8,47.1,D,0
-12.0085,132.9032,327.7,1.4,1.2,2014-08-11,0436,Aqua,MODIS,67,6.2,308.6,20.3,D,0
-12.0102,132.8908,330.9,1.4,1.2,2014-08-11,0436,Aqua,MODIS,71,6.2,305.4,28.2,D,0
-11.7496,132.7546,323.6,1.4,1.2,2014-08-11,0436,Aqua,MODIS,77,6.2,305.9,13.1,D,0
-11.7426,132.761,326.7,1.4,1.2,2014-08-11,0436,Aqua,MODIS,77,6.2,304.8,18.3,D,0
-11.7339,132.7469,326.8,1.4,1.2,2014-08-11,0436,Aqua,MODIS,68,6.2,304.2,22.2,D,0
-11.8264,132.8158,323.1,1.4,1.2,2014-08-11,0436,Aqua,MODIS,74,6.2,303.7,17.8,D,0
-11.828,132.8034,321.3,1.4,1.2,2014-08-11,0436,Aqua,MODIS,63,6.2,304.3,13.8,D,0
-12.3497,135.2224,328.4,1,1,2014-08-11,0436,Aqua,MODIS,64,6.2,305.3,16.9,D,0
-12.3589,135.2238,328.8,1,1,2014-08-11,0436,Aqua,MODIS,63,6.2,305.7,17,D,0
-11.4003,132.418,321.1,1.4,1.2,2014-08-11,0436,Aqua,MODIS,59,6.2,302.5,12.8,D,0
-13.9956,132.1556,324,1.6,1.3,2014-08-11,0436,Aqua,MODIS,18,6.2,309.4,13.5,D,0
-13.355,130.9027,335.7,2,1.4,2014-08-11,0436,Aqua,MODIS,82,6.2,310.1,62.7,D,0
-13.3461,130.974,328.6,1.9,1.4,2014-08-11,0436,Aqua,MODIS,37,6.2,309.3,30.4,D,0
-13.3583,130.9099,330.3,2,1.4,2014-08-11,0436,Aqua,MODIS,58,6.2,308.9,40.6,D,0
-12.3107,132.6598,333.1,1.4,1.2,2014-08-11,0436,Aqua,MODIS,72,6.2,306.1,32.7,D,0
-11.4149,132.551,324.6,1.4,1.2,2014-08-11,0436,Aqua,MODIS,74,6.2,305.3,21.6,D,0
-11.4106,132.5428,329.8,1.4,1.2,2014-08-11,0436,Aqua,MODIS,80,6.2,305.9,30.7,D,0
-12.3123,132.6469,339.7,1.4,1.2,2014-08-11,0436,Aqua,MODIS,87,6.2,307.6,47.1,D,0
-12.0074,132.9724,320.1,1.3,1.1,2014-08-11,0436,Aqua,MODIS,32,6.2,306.4,9.1,D,0
-12.0058,132.9845,323.4,1.3,1.1,2014-08-11,0436,Aqua,MODIS,62,6.2,307.2,13.4,D,0
-12.3066,132.654,338.6,1.4,1.2,2014-08-11,0436,Aqua,MODIS,85,6.2,307.3,46.9,D,0
-12.2977,132.6397,327.5,1.4,1.2,2014-08-11,0436,Aqua,MODIS,42,6.2,307.7,21,D,0
-13.6037,132.274,322.6,1.6,1.2,2014-08-11,0436,Aqua,MODIS,49,6.2,308.6,13.8,D,0
-11.539,133.0491,321.8,1.3,1.1,2014-08-11,0436,Aqua,MODIS,32,6.2,304,12.8,D,0
-11.5421,133.0252,322,1.3,1.1,2014-08-11,0436,Aqua,MODIS,62,6.2,305.4,13.1,D,0
-12.0923,133.1004,333.3,1.3,1.1,2014-08-11,0436,Aqua,MODIS,80,6.2,309,30.1,D,0
-11.5124,132.9546,320.9,1.3,1.1,2014-08-11,0436,Aqua,MODIS,61,6.2,305.7,13.1,D,0
-13.7194,136.6074,320.1,1,1,2014-08-11,0436,Aqua,MODIS,59,6.2,302.4,9.6,D,0
-13.718,136.6166,320.1,1,1,2014-08-11,0436,Aqua,MODIS,48,6.2,301.7,9.1,D,0
-11.8686,132.9536,319,1.3,1.1,2014-08-11,0436,Aqua,MODIS,28,6.2,305.2,10,D,0
-13.727,136.618,328.4,1,1,2014-08-11,0436,Aqua,MODIS,0,6.2,304.4,16.4,D,0
-13.7257,136.6272,333.6,1,1,2014-08-11,0436,Aqua,MODIS,59,6.2,303.2,22.8,D,0
-11.4373,132.8265,322.4,1.3,1.1,2014-08-11,0436,Aqua,MODIS,38,6.2,307.2,13.3,D,0
-12.0541,133.0161,336.8,1.3,1.1,2014-08-11,0436,Aqua,MODIS,51,6.2,309.1,34.7,D,0
-12.0628,133.0295,346.8,1.3,1.1,2014-08-11,0436,Aqua,MODIS,91,6.2,309.9,59.2,D,0
-12.2345,136.5039,334.7,1,1,2014-08-11,0436,Aqua,MODIS,84,6.2,304,25.9,D,0
-12.2332,136.513,327.9,1,1,2014-08-11,0436,Aqua,MODIS,77,6.2,303.2,16.8,D,0
-12.2434,136.5053,334.2,1,1,2014-08-11,0436,Aqua,MODIS,84,6.2,305.7,25.3,D,0
-12.2421,136.5144,327.3,1,1,2014-08-11,0436,Aqua,MODIS,76,6.2,305.4,16.4,D,0
-12.2524,136.5131,327.7,1,1,2014-08-11,0436,Aqua,MODIS,77,6.2,303.9,16.9,D,0
-12.008,135.5723,323.7,1,1,2014-08-11,0436,Aqua,MODIS,0,6.2,303,12.9,D,0
-11.3821,132.3088,326.2,1.5,1.2,2014-08-11,0436,Aqua,MODIS,76,6.2,306.4,21.3,D,0
-13.9731,132.1526,325.1,1.6,1.3,2014-08-11,0436,Aqua,MODIS,42,6.2,310.7,15.1,D,0
-11.5037,132.9411,329.4,1.3,1.1,2014-08-11,0436,Aqua,MODIS,82,6.2,303.5,27,D,0
-13.8038,131.7599,326.7,1.7,1.3,2014-08-11,0436,Aqua,MODIS,69,6.2,308.5,26.4,D,0
-11.5021,132.9532,332.5,1.3,1.1,2014-08-11,0436,Aqua,MODIS,85,6.2,305.8,32.4,D,0
-11.7059,132.9563,322.1,1.3,1.1,2014-08-11,0436,Aqua,MODIS,62,6.2,306.3,16.7,D,0
-12.2617,136.8318,318.1,1,1,2014-08-11,0436,Aqua,MODIS,59,6.2,301.9,6.3,D,0
-12.2577,136.8592,337.4,1,1,2014-08-11,0436,Aqua,MODIS,87,6.2,302.6,30.8,D,0
-12.2667,136.8606,326.6,1,1,2014-08-11,0436,Aqua,MODIS,76,6.2,301.5,16,D,0
-12.3555,134.7901,328.2,1.1,1,2014-08-11,0436,Aqua,MODIS,62,6.2,305.4,14.8,D,0
-13.8363,136.6214,322.5,1,1,2014-08-11,0436,Aqua,MODIS,60,6.2,304.4,9.9,D,0
-13.8286,136.6108,328.7,1,1,2014-08-11,0436,Aqua,MODIS,77,6.2,303.5,17.7,D,0
-13.4468,134.2545,328.8,1.2,1.1,2014-08-11,0436,Aqua,MODIS,55,6.2,305.6,19.5,D,0
-13.4482,134.2437,342.7,1.2,1.1,2014-08-11,0436,Aqua,MODIS,90,6.2,305.5,46.1,D,0
-13.4629,130.7736,347,2,1.4,2014-08-11,0436,Aqua,MODIS,92,6.2,311.4,118.9,D,0
-12.1267,135.3855,321.4,1,1,2014-08-11,0436,Aqua,MODIS,42,6.2,300.7,9.5,D,0
-11.402,132.405,323.8,1.4,1.2,2014-08-11,0436,Aqua,MODIS,73,6.2,304.9,17.1,D,0
-13.4643,130.779,339.3,2,1.4,2014-08-11,0436,Aqua,MODIS,86,6.2,310.8,80.3,D,0
-11.8644,133.064,319.5,1.3,1.1,2014-08-11,0436,Aqua,MODIS,45,6.2,302.9,11.6,D,0
-11.873,133.0774,319.5,1.3,1.1,2014-08-11,0436,Aqua,MODIS,42,6.2,302.7,11.6,D,0
-12.1359,135.4406,326.1,1,1,2014-08-11,0436,Aqua,MODIS,73,6.2,302.3,17.2,D,0
-12.0001,135.6283,319,1,1,2014-08-11,0436,Aqua,MODIS,52,6.2,304.1,7.4,D,0
-11.9988,135.6376,318.7,1,1,2014-08-11,0436,Aqua,MODIS,50,6.2,305.7,6.6,D,0
-12.2564,136.8684,321.3,1,1,2014-08-11,0436,Aqua,MODIS,66,6.2,300,10.3,D,0
-11.9767,135.6628,324.7,1,1,2014-08-11,0436,Aqua,MODIS,78,6.2,304.2,13.1,D,0
-13.9998,136.4451,326.2,1,1,2014-08-11,0436,Aqua,MODIS,63,6.2,304.3,13,D,0
-13.3248,130.8434,326.2,2,1.4,2014-08-11,0436,Aqua,MODIS,68,6.2,307,31.1,D,0
-13.3225,130.8616,323.7,2,1.4,2014-08-11,0436,Aqua,MODIS,55,6.2,307,21.8,D,0
-12.3461,134.7888,336.2,1.1,1,2014-08-11,0436,Aqua,MODIS,84,6.2,305.7,27.6,D,0
-12.5214,132.1584,332.4,1.5,1.2,2014-08-11,0436,Aqua,MODIS,66,6.2,309.8,35.3,D,0
-12.6764,131.4673,321.4,1.7,1.3,2014-08-11,0436,Aqua,MODIS,48,6.2,308.4,17.2,D,0
-12.757,135.5362,325.5,1,1,2014-08-11,0436,Aqua,MODIS,68,6.2,304.1,13.2,D,0
-12.5714,132.857,327.9,1.4,1.2,2014-08-11,0436,Aqua,MODIS,69,6.2,311.6,16.2,D,0
-12.6629,136.5994,325.8,1,1,2014-08-11,0436,Aqua,MODIS,74,6.2,301.9,15.1,D,0
-11.7118,133.0673,330.3,1.3,1.1,2014-08-11,0436,Aqua,MODIS,83,6.2,304.5,27.9,D,0
-11.7102,133.0792,330.7,1.3,1.1,2014-08-11,0436,Aqua,MODIS,83,6.2,304.6,28.4,D,0
-12.6718,136.6008,323.4,1,1,2014-08-11,0436,Aqua,MODIS,70,6.2,302.7,12.3,D,0
-12.8744,135.4816,323.2,1,1,2014-08-11,0436,Aqua,MODIS,57,6.2,307.9,9.1,D,0
-12.8758,135.4721,329.7,1,1,2014-08-11,0436,Aqua,MODIS,78,6.2,309.1,17.4,D,0
-12.4812,132.6366,338.7,1.4,1.2,2014-08-11,0436,Aqua,MODIS,86,6.2,309.2,48.8,D,0
-12.4795,132.6496,332.7,1.4,1.2,2014-08-11,0436,Aqua,MODIS,80,6.2,312.2,33.4,D,0
-12.997,131.09,342.4,1.9,1.3,2014-08-11,0436,Aqua,MODIS,89,6.2,307.1,86.3,D,0
-11.7032,133.0539,320.1,1.3,1.1,2014-08-11,0436,Aqua,MODIS,72,6.2,304.3,12.3,D,0
-14.4443,133.1473,329.5,1.4,1.2,2014-08-11,0436,Aqua,MODIS,68,6.2,309.7,20.4,D,0
-14.4506,133.1424,327.7,1.4,1.2,2014-08-11,0436,Aqua,MODIS,59,6.2,308.5,17,D,0
-14.4523,133.1294,324.9,1.4,1.2,2014-08-11,0436,Aqua,MODIS,49,6.2,309.2,11.9,D,0
-12.8666,135.4708,336.8,1,1,2014-08-11,0436,Aqua,MODIS,85,6.2,306.9,28.2,D,0
-12.7248,135.4378,341.5,1,1,2014-08-11,0436,Aqua,MODIS,87,6.2,300.5,33.1,D,0
-12.7352,135.4296,332.7,1,1,2014-08-11,0436,Aqua,MODIS,55,6.2,305.3,20.4,D,0
-11.8028,130.8171,342.6,1.9,1.3,2014-08-11,0436,Aqua,MODIS,91,6.2,308.2,97.9,D,0
-11.7907,130.8154,341.2,1.9,1.3,2014-08-11,0436,Aqua,MODIS,90,6.2,305,90.3,D,0
-11.7929,130.7981,352.6,1.9,1.3,2014-08-11,0436,Aqua,MODIS,96,6.2,306.8,147.8,D,0
-11.7951,130.7807,326.7,1.9,1.3,2014-08-11,0436,Aqua,MODIS,80,6.2,305.6,38.3,D,0
-12.3687,132.628,334.6,1.4,1.2,2014-08-11,0436,Aqua,MODIS,82,6.2,311.5,31.3,D,0
-13.3581,141.8402,320,1.7,1.3,2014-08-11,0436,Aqua,MODIS,43,6.2,298.8,21.3,D,0
-13.3618,141.835,316.8,1.7,1.3,2014-08-11,0436,Aqua,MODIS,22,6.2,299,16.1,D,0
-11.55,130.7897,333.3,1.9,1.3,2014-08-11,0436,Aqua,MODIS,79,6.2,306.2,63,D,0
-11.545,130.7823,359.9,1.9,1.3,2014-08-11,0436,Aqua,MODIS,94,6.2,307.9,196.8,D,0
-12.3793,132.6294,358.7,1.4,1.2,2014-08-11,0436,Aqua,MODIS,99,6.2,312.2,111.3,D,0
-11.6135,132.8,321.1,1.4,1.2,2014-08-11,0436,Aqua,MODIS,53,6.2,304.9,10.3,D,0
-11.674,130.915,326.6,1.9,1.3,2014-08-11,0436,Aqua,MODIS,67,6.2,303.7,36.4,D,0
-11.783,130.7791,327,1.9,1.3,2014-08-11,0436,Aqua,MODIS,80,6.2,303.9,40.6,D,0
-11.5379,130.7881,374.6,1.9,1.3,2014-08-11,0436,Aqua,MODIS,94,6.2,305.4,315.5,D,0
-11.54,130.7708,351.7,1.9,1.3,2014-08-11,0436,Aqua,MODIS,96,6.2,305.8,149.6,D,0
-11.6282,130.8918,336.5,1.9,1.3,2014-08-11,0436,Aqua,MODIS,84,6.2,303.9,65.1,D,0
-11.6257,130.8691,327.5,1.9,1.3,2014-08-11,0436,Aqua,MODIS,46,6.2,304.4,33.3,D,0
-11.6158,130.8507,329.9,1.9,1.3,2014-08-11,0436,Aqua,MODIS,71,6.2,306.3,41.8,D,0
-11.6038,130.849,324,1.9,1.3,2014-08-11,0436,Aqua,MODIS,54,6.2,303.8,27.3,D,0
-11.6155,131.0932,321.7,1.8,1.3,2014-08-11,0436,Aqua,MODIS,69,6.2,305.9,23.5,D,0
-11.606,130.8319,325.3,1.9,1.3,2014-08-11,0436,Aqua,MODIS,67,6.2,304.1,30.7,D,0
-11.6761,130.8982,324.2,1.9,1.3,2014-08-11,0436,Aqua,MODIS,56,6.2,306.7,27.9,D,0
-11.6303,130.8749,360.3,1.9,1.3,2014-08-11,0436,Aqua,MODIS,100,6.2,306.5,185.6,D,0
-11.6355,130.8876,348.3,1.9,1.3,2014-08-11,0436,Aqua,MODIS,94,6.2,306.4,117.1,D,0
-11.6377,130.8707,334.5,1.9,1.3,2014-08-11,0436,Aqua,MODIS,84,6.2,307.4,55.7,D,0
-13.1133,130.8778,324.4,2,1.4,2014-08-11,0436,Aqua,MODIS,26,6.2,308.6,19.2,D,0
-11.6585,131.132,327.3,1.8,1.3,2014-08-11,0436,Aqua,MODIS,77,6.2,307.4,33.2,D,0
-11.5452,131.3067,333.7,1.7,1.3,2014-08-11,0436,Aqua,MODIS,78,6.2,304.8,49.5,D,0
-11.5568,131.3083,327.6,1.7,1.3,2014-08-11,0436,Aqua,MODIS,32,6.2,305.9,31.5,D,0
-13.0985,130.8705,332.1,2,1.4,2014-08-11,0436,Aqua,MODIS,78,6.2,308.6,44.6,D,0
-11.7,133.0778,329.9,1.3,1.1,2014-08-11,0436,Aqua,MODIS,83,6.2,306.2,26.6,D,0
-13.101,130.8761,340.9,2,1.4,2014-08-11,0436,Aqua,MODIS,87,6.2,309.1,79.6,D,0
-13.1558,141.8985,311.7,1.7,1.3,2014-08-11,0436,Aqua,MODIS,25,6.2,291.9,9.4,D,0
-13.1442,141.8965,313.8,1.7,1.3,2014-08-11,0436,Aqua,MODIS,29,6.2,292.4,12.4,D,0
-13.1583,141.8827,315.1,1.7,1.3,2014-08-11,0436,Aqua,MODIS,57,6.2,294.2,16.4,D,0
-15.2331,128.6062,345.6,3.1,1.7,2014-08-11,0436,Aqua,MODIS,92,6.2,309.5,218.2,D,0
-14.6974,130.0138,334.5,2.4,1.5,2014-08-11,0436,Aqua,MODIS,83,6.2,313.3,63.6,D,0
-13.8877,130.0633,322.1,2.3,1.5,2014-08-11,0436,Aqua,MODIS,47,6.2,306.7,31.2,D,0
-12.3944,132.974,326.5,1.4,1.2,2014-08-11,0436,Aqua,MODIS,67,6.2,307.1,20.3,D,0
-13.8967,130.0687,326,2.3,1.5,2014-08-11,0436,Aqua,MODIS,72,6.2,305.7,49,D,0
-11.6145,130.241,335.9,2.1,1.4,2014-08-11,0436,Aqua,MODIS,86,6.2,304.4,75.5,D,0
-12.3602,132.6928,324.6,1.4,1.2,2014-08-11,0436,Aqua,MODIS,67,6.2,309.5,13.7,D,0
-15.2464,128.6147,318.6,3.1,1.7,2014-08-11,0436,Aqua,MODIS,44,6.2,307.4,32.9,D,0
-11.6156,130.2481,338.5,2.1,1.4,2014-08-11,0436,Aqua,MODIS,83,6.2,304.8,89,D,0
-15.2312,128.6128,340.5,3.1,1.7,2014-08-11,0436,Aqua,MODIS,88,6.2,309.8,171.7,D,0
-15.2342,128.5836,326,3.2,1.7,2014-08-11,0436,Aqua,MODIS,46,6.2,305.6,66,D,0
-14.9372,128.5554,319.7,3.1,1.7,2014-08-11,0436,Aqua,MODIS,42,6.2,306.7,42.9,D,0
-15.2028,128.6026,322.8,3.1,1.7,2014-08-11,0436,Aqua,MODIS,32,6.2,309.4,50.7,D,0
-15.2211,128.5753,324.4,3.2,1.7,2014-08-11,0436,Aqua,MODIS,15,6.2,306.6,58.4,D,0
-13.7284,130.1855,318.2,2.3,1.5,2014-08-11,0436,Aqua,MODIS,20,6.2,306.4,17.1,D,0
-14.3321,129.4955,324.1,2.6,1.6,2014-08-11,0436,Aqua,MODIS,62,6.2,305.7,46.1,D,0
-14.2299,129.6514,321.6,2.5,1.5,2014-08-11,0436,Aqua,MODIS,51,6.2,306.1,34.6,D,0
-14.4094,129.606,324.1,2.6,1.5,2014-08-11,0436,Aqua,MODIS,55,6.2,305.3,48.1,D,0
-14.4154,129.614,326.9,2.6,1.5,2014-08-11,0436,Aqua,MODIS,59,6.2,306.8,57.2,D,0
-14.3654,129.7434,324.7,2.5,1.5,2014-08-11,0436,Aqua,MODIS,70,6.2,307.3,44.3,D,0
-14.3681,129.7204,326.4,2.5,1.5,2014-08-11,0436,Aqua,MODIS,73,6.2,307.5,55,D,0
-14.3926,129.5075,320.3,2.6,1.6,2014-08-11,0436,Aqua,MODIS,60,6.2,306.5,37.2,D,0
-14.3349,129.4711,330.7,2.6,1.6,2014-08-11,0436,Aqua,MODIS,79,6.2,306.5,80.7,D,0
-14.2597,130.0707,321.2,2.3,1.5,2014-08-11,0436,Aqua,MODIS,38,6.2,307.8,19.5,D,0
-14.2619,130.0889,320,2.3,1.5,2014-08-11,0436,Aqua,MODIS,54,6.2,307.8,18.4,D,0
-14.2646,130.0664,320.3,2.3,1.5,2014-08-11,0436,Aqua,MODIS,53,6.2,308.6,19.4,D,0
-14.2371,129.6452,324,2.5,1.5,2014-08-11,0436,Aqua,MODIS,68,6.2,306.9,44.6,D,0
-14.328,129.4501,323.3,2.6,1.6,2014-08-11,0436,Aqua,MODIS,61,6.2,304.3,43.3,D,0
-14.3367,129.5008,323.3,2.6,1.6,2014-08-11,0436,Aqua,MODIS,52,6.2,305.8,42.1,D,0
-14.3394,129.4763,329,2.6,1.6,2014-08-11,0436,Aqua,MODIS,77,6.2,306,69.6,D,0
-11.533,130.7806,368.2,1.9,1.3,2014-08-11,0437,Aqua,MODIS,87,6.2,304.1,260.3,D,0
-11.5352,130.7633,336.7,1.9,1.3,2014-08-11,0437,Aqua,MODIS,86,6.2,302.8,78.8,D,0
-11.1458,132.5538,324.7,1.4,1.2,2014-08-11,0437,Aqua,MODIS,75,6.2,302.8,21.2,D,0
-11.1442,132.5665,317.3,1.4,1.2,2014-08-11,0437,Aqua,MODIS,41,6.2,301.8,9.7,D,0
-11.415,130.374,313.9,2,1.4,2014-08-11,0437,Aqua,MODIS,0,6.2,300.9,15.7,D,0
-11.4174,130.3558,331.1,2,1.4,2014-08-11,0437,Aqua,MODIS,79,6.2,303.4,65.8,D,0
-11.4219,130.3441,315.3,2,1.4,2014-08-11,0437,Aqua,MODIS,51,6.2,302.8,18.1,D,0
-11.4196,130.3626,330,2,1.4,2014-08-11,0437,Aqua,MODIS,76,6.2,303.2,60.7,D,0
-33.7274,122.2851,338.6,1.5,1.2,2014-08-11,0609,Aqua,MODIS,91,6.2,290.6,72.4,D,0
-32.3295,116.3249,449.4,1,1,2014-08-11,0609,Aqua,MODIS,100,6.2,313,700.9,D,0
-32.3385,116.3267,343.1,1,1,2014-08-11,0609,Aqua,MODIS,93,6.2,293.5,45.1,D,0
-33.7165,122.2822,346.7,1.5,1.2,2014-08-11,0609,Aqua,MODIS,95,6.2,287.8,99.4,D,0
-32.4518,116.0362,306.8,1,1,2014-08-11,0609,Aqua,MODIS,64,6.2,293.5,6.3,D,0
-32.4701,116.1015,303.1,1,1,2014-08-11,0609,Aqua,MODIS,55,6.2,291.9,3.7,D,0
-34.0699,118.7301,302.1,1,1,2014-08-11,0609,Aqua,MODIS,46,6.2,290.2,4.2,D,0
-32.331,116.3142,373.5,1,1,2014-08-11,0609,Aqua,MODIS,100,6.2,296.9,124.6,D,0
-32.3205,116.3231,319.5,1,1,2014-08-11,0609,Aqua,MODIS,18,6.2,291.1,13.8,D,0
-34.0588,116.4316,356.3,1,1,2014-08-11,0609,Aqua,MODIS,98,6.2,295.2,77.1,D,0
-33.2335,117.0697,302,1,1,2014-08-11,0609,Aqua,MODIS,50,6.2,291.8,3.7,D,0
-33.9771,116.7509,303.2,1,1,2014-08-11,0609,Aqua,MODIS,55,6.2,291.7,4.7,D,0
-34.2559,116.9954,313.7,1,1,2014-08-11,0609,Aqua,MODIS,74,6.2,291,11.8,D,0
-34.2544,117.0062,302.3,1,1,2014-08-11,0609,Aqua,MODIS,52,6.2,290.6,4.2,D,0
-34.2748,116.9823,324.5,1,1,2014-08-11,0609,Aqua,MODIS,83,6.2,291.4,21,D,0
-34.2733,116.9932,311.3,1,1,2014-08-11,0609,Aqua,MODIS,34,6.2,290.9,8.4,D,0
-34.2702,117.0149,316.4,1,1,2014-08-11,0609,Aqua,MODIS,74,6.2,290.6,12.7,D,0
-34.0513,116.4188,334.4,1,1,2014-08-11,0609,Aqua,MODIS,89,6.2,293.2,34.7,D,0
-34.0498,116.4297,347.1,1,1,2014-08-11,0609,Aqua,MODIS,95,6.2,293.4,56.4,D,0
-34.0603,116.4206,350,1,1,2014-08-11,0609,Aqua,MODIS,96,6.2,293.8,62.6,D,0
-34.5174,118.457,305.6,1,1,2014-08-11,0609,Aqua,MODIS,36,6.2,291.7,5,D,0
-34.5265,118.459,313.8,1,1,2014-08-11,0609,Aqua,MODIS,74,6.2,292.3,11.3,D,0
-23.7744,122.2878,317.3,2.5,1.5,2014-08-11,0611,Aqua,MODIS,58,6.2,305.6,22.3,D,0
-23.5742,121.8306,329.9,2.3,1.5,2014-08-11,0612,Aqua,MODIS,80,6.2,305.8,68.7,D,0
-22.8817,122.5679,320.2,2.7,1.6,2014-08-11,0612,Aqua,MODIS,66,6.2,303.2,42,D,0
-23.4852,121.3341,316.5,2.2,1.4,2014-08-11,0612,Aqua,MODIS,52,6.2,304.1,17.5,D,0
-23.4683,121.0728,359.9,2.1,1.4,2014-08-11,0612,Aqua,MODIS,99,6.2,308.6,224.7,D,0
-23.5917,121.8822,318.4,2.4,1.5,2014-08-11,0612,Aqua,MODIS,46,6.2,304.7,24.5,D,0
-23.5696,121.8699,316.2,2.4,1.5,2014-08-11,0612,Aqua,MODIS,50,6.2,303.9,19.7,D,0
-22.8852,122.5763,318.7,2.7,1.6,2014-08-11,0612,Aqua,MODIS,63,6.2,303.4,37,D,0
-23.4568,121.1334,318.8,2.1,1.4,2014-08-11,0612,Aqua,MODIS,61,6.2,303.8,23.6,D,0
-23.4607,121.113,326,2.1,1.4,2014-08-11,0612,Aqua,MODIS,75,6.2,304.6,44.6,D,0
-23.6049,121.8853,325.5,2.4,1.5,2014-08-11,0612,Aqua,MODIS,75,6.2,304,50.2,D,0
-22.7249,122.5264,321.6,2.7,1.6,2014-08-11,0612,Aqua,MODIS,69,6.2,302.7,51.1,D,0
-23.5786,121.8078,320.5,2.3,1.5,2014-08-11,0612,Aqua,MODIS,66,6.2,304.5,34.4,D,0
-23.6005,121.908,322.1,2.4,1.5,2014-08-11,0612,Aqua,MODIS,69,6.2,304.5,37.9,D,0
-23.5739,121.847,329.5,2.3,1.5,2014-08-11,0612,Aqua,MODIS,79,6.2,305.7,65.5,D,0
-23.5782,121.8242,325.8,2.3,1.5,2014-08-11,0612,Aqua,MODIS,75,6.2,304.9,50.2,D,0
-23.5697,121.8534,328,2.3,1.5,2014-08-11,0612,Aqua,MODIS,78,6.2,305.1,58.5,D,0
-23.4645,121.093,363.7,2.1,1.4,2014-08-11,0612,Aqua,MODIS,100,6.2,308.4,255.2,D,0
-22.8209,119.9477,319.8,1.8,1.3,2014-08-11,0612,Aqua,MODIS,62,6.2,306.6,14.6,D,0
-22.8177,119.9649,339.5,1.8,1.3,2014-08-11,0612,Aqua,MODIS,88,6.2,307.8,74.1,D,0
-21.9473,119.3484,319.5,1.7,1.3,2014-08-11,0612,Aqua,MODIS,60,6.2,307.7,14.5,D,0
-21.9445,119.3646,318.5,1.7,1.3,2014-08-11,0612,Aqua,MODIS,57,6.2,306.8,12.9,D,0
-21.0035,119.1275,328.2,1.7,1.3,2014-08-11,0612,Aqua,MODIS,76,6.2,309.8,30.3,D,0
-21.0065,119.1113,354.9,1.7,1.3,2014-08-11,0612,Aqua,MODIS,97,6.2,311.7,132.1,D,0
-21.0078,119.1227,339.9,1.7,1.3,2014-08-11,0612,Aqua,MODIS,87,6.2,310.6,66.8,D,0
-21.0106,119.1065,330.9,1.7,1.3,2014-08-11,0612,Aqua,MODIS,79,6.2,310.2,37.8,D,0
-20.9964,119.1204,323,1.7,1.3,2014-08-11,0612,Aqua,MODIS,66,6.2,309.6,18.6,D,0
-20.9992,119.1042,331,1.7,1.3,2014-08-11,0612,Aqua,MODIS,79,6.2,310,39,D,0
-18.8758,121.6658,321,2.9,1.6,2014-08-11,0613,Aqua,MODIS,37,6.2,310.7,30.7,D,0
-18.8809,121.6388,322.2,2.9,1.6,2014-08-11,0613,Aqua,MODIS,30,6.2,311.3,35.8,D,0
-18.8314,121.741,320,2.9,1.6,2014-08-11,0613,Aqua,MODIS,48,6.2,309.7,27.3,D,0
-18.8366,121.7138,330.3,2.9,1.6,2014-08-11,0613,Aqua,MODIS,80,6.2,308.1,82.7,D,0
-18.9428,121.7131,326.1,2.9,1.6,2014-08-11,0613,Aqua,MODIS,33,6.2,308.6,53.1,D,0
-18.9283,121.7099,324.9,2.9,1.6,2014-08-11,0613,Aqua,MODIS,26,6.2,311.5,44,D,0
-18.9335,121.6831,325,2.9,1.6,2014-08-11,0613,Aqua,MODIS,35,6.2,309.7,47.4,D,0
-17.2615,122.4603,333.5,3.6,1.8,2014-08-11,0613,Aqua,MODIS,85,6.2,304.3,152.1,D,0
-17.2857,122.4605,370.3,3.6,1.8,2014-08-11,0613,Aqua,MODIS,100,6.2,307.9,664.8,D,0
-17.292,122.4274,366.7,3.5,1.8,2014-08-11,0613,Aqua,MODIS,100,6.2,309.4,594.6,D,0
-17.2541,122.4542,324.8,3.6,1.8,2014-08-11,0613,Aqua,MODIS,52,6.2,303.8,79.6,D,0
-17.4584,122.4787,348.8,3.5,1.8,2014-08-11,0613,Aqua,MODIS,95,6.2,305.4,310.4,D,0
-17.9143,123.5148,319,4.1,1.9,2014-08-11,0613,Aqua,MODIS,52,6.2,308.5,53.1,D,0
-17.3153,122.4368,327,3.5,1.8,2014-08-11,0613,Aqua,MODIS,18,6.2,304.9,79.6,D,0
-17.2931,122.4665,375.4,3.6,1.8,2014-08-11,0613,Aqua,MODIS,100,6.2,308.5,775.2,D,0
-17.2996,122.4334,381.9,3.5,1.8,2014-08-11,0613,Aqua,MODIS,100,6.2,310.9,935.2,D,0
-17.2838,122.4303,337.2,3.5,1.8,2014-08-11,0613,Aqua,MODIS,88,6.2,302.9,187.5,D,0
-17.4361,122.5087,338.1,3.6,1.8,2014-08-11,0613,Aqua,MODIS,89,6.2,304.1,182.9,D,0
-17.2002,122.3335,323.7,3.5,1.8,2014-08-11,0613,Aqua,MODIS,53,6.2,306.1,67.6,D,0
-17.1237,122.7355,331.7,3.8,1.8,2014-08-11,0613,Aqua,MODIS,84,6.2,306.9,147.5,D,0
-17.1303,122.7007,325.6,3.7,1.8,2014-08-11,0613,Aqua,MODIS,59,6.2,304.2,90.7,D,0
-17.1472,122.7486,328.6,3.8,1.8,2014-08-11,0613,Aqua,MODIS,80,6.2,303.5,115.9,D,0
-17.1311,122.7453,326.4,3.8,1.8,2014-08-11,0613,Aqua,MODIS,66,6.2,306.1,100.5,D,0
-17.3435,122.3755,376.3,3.5,1.8,2014-08-11,0613,Aqua,MODIS,100,6.2,306,807.5,D,0
-17.3373,122.4076,350.2,3.5,1.8,2014-08-11,0613,Aqua,MODIS,95,6.2,300.3,323.5,D,0
-17.4294,122.5422,330,3.6,1.8,2014-08-11,0613,Aqua,MODIS,83,6.2,305,113.5,D,0
-17.3591,122.3789,368.3,3.5,1.8,2014-08-11,0613,Aqua,MODIS,100,6.2,309.4,625.9,D,0
-17.3596,122.3535,332.4,3.5,1.8,2014-08-11,0613,Aqua,MODIS,75,6.2,301.7,149.5,D,0
-17.4381,122.5395,320.4,3.6,1.8,2014-08-11,0613,Aqua,MODIS,67,6.2,303.8,49,D,0
-17.1142,122.6974,340.8,3.7,1.8,2014-08-11,0613,Aqua,MODIS,90,6.2,303,244.4,D,0
-17.1149,122.742,321.8,3.8,1.8,2014-08-11,0613,Aqua,MODIS,57,6.2,305.3,72.6,D,0
-17.4727,122.4433,337.4,3.5,1.8,2014-08-11,0613,Aqua,MODIS,88,6.2,303.6,186.5,D,0
-17.3533,122.3855,410.7,3.5,1.8,2014-08-11,0613,Aqua,MODIS,100,6.2,315.7,1916.5,D,0
-17.369,122.3888,347.5,3.5,1.8,2014-08-11,0613,Aqua,MODIS,94,6.2,305.7,288,D,0
-17.5226,123.0831,316.3,3.9,1.8,2014-08-11,0613,Aqua,MODIS,55,6.2,305.6,45.1,D,0
-17.5185,123.0775,316.7,3.9,1.8,2014-08-11,0613,Aqua,MODIS,51,6.2,306.4,45.3,D,0
-17.4648,122.4461,349,3.5,1.8,2014-08-11,0613,Aqua,MODIS,95,6.2,303.3,317.3,D,0
-17.3497,122.4863,332.4,3.6,1.8,2014-08-11,0613,Aqua,MODIS,80,6.2,308.8,116.4,D,0
-17.3563,122.4532,383.4,3.5,1.8,2014-08-11,0613,Aqua,MODIS,100,6.2,312.1,957.7,D,0
-17.3627,122.4208,362.1,3.5,1.8,2014-08-11,0613,Aqua,MODIS,100,6.2,310.1,487.3,D,0
-17.3405,122.4499,328.7,3.5,1.8,2014-08-11,0613,Aqua,MODIS,67,6.2,302.2,73.6,D,0
-17.347,122.4175,408.8,3.5,1.8,2014-08-11,0613,Aqua,MODIS,100,6.2,310.8,1829.2,D,0
-17.3563,122.4797,347.2,3.6,1.8,2014-08-11,0613,Aqua,MODIS,94,6.2,310,266.6,D,0
-17.3626,122.4466,352.6,3.5,1.8,2014-08-11,0613,Aqua,MODIS,96,6.2,309.2,328,D,0
-17.3468,122.4433,385.3,3.5,1.8,2014-08-11,0613,Aqua,MODIS,100,6.2,307.9,1011,D,0
-17.4223,122.5361,330.2,3.6,1.8,2014-08-11,0613,Aqua,MODIS,83,6.2,305.2,112.5,D,0
-17.4287,122.5025,331.7,3.6,1.8,2014-08-11,0613,Aqua,MODIS,84,6.2,303.3,122,D,0
-17.4666,122.4758,357.7,3.5,1.8,2014-08-11,0613,Aqua,MODIS,99,6.2,307.2,434.4,D,0
-17.91,123.5066,319.6,4.1,1.9,2014-08-11,0613,Aqua,MODIS,35,6.2,308.6,52.7,D,0
-17.353,122.411,419,3.5,1.8,2014-08-11,0613,Aqua,MODIS,100,6.2,318.2,2319.5,D,0
-17.3687,122.4142,328.6,3.5,1.8,2014-08-11,0613,Aqua,MODIS,50,6.2,306,84.4,D,0
-17.4742,122.482,337.5,3.5,1.8,2014-08-11,0613,Aqua,MODIS,88,6.2,305.6,190.1,D,0
-17.1075,122.7322,321.4,3.8,1.8,2014-08-11,0613,Aqua,MODIS,70,6.2,304.1,73.2,D,0
-17.3748,122.3821,340.6,3.5,1.8,2014-08-11,0613,Aqua,MODIS,82,6.2,305.3,209.2,D,0
-17.3058,122.4014,336.9,3.5,1.8,2014-08-11,0613,Aqua,MODIS,80,6.2,303.5,180.2,D,0
-17.3216,122.4045,340.6,3.5,1.8,2014-08-11,0613,Aqua,MODIS,81,6.2,303.8,206.5,D,0
-17.1218,122.7072,354.8,3.7,1.8,2014-08-11,0613,Aqua,MODIS,97,6.2,306.6,433.1,D,0
-30.9542,152.706,310.3,1.6,1.2,2014-08-11,1218,Terra,MODIS,80,6.2,281.4,26.5,N,0
-29.9492,152.975,306.9,1.5,1.2,2014-08-11,1218,Terra,MODIS,69,6.2,281.6,18.1,N,0
-29.9382,152.9734,346.3,1.5,1.2,2014-08-11,1218,Terra,MODIS,100,6.2,285.6,103.6,N,0
-29.9398,152.9581,303.5,1.5,1.2,2014-08-11,1218,Terra,MODIS,40,6.2,281.3,14,N,0
-25.3169,148.7182,308.5,2.5,1.5,2014-08-11,1219,Terra,MODIS,75,6.2,284.1,42.2,N,0
-25.3112,148.7122,303.6,2.5,1.5,2014-08-11,1219,Terra,MODIS,56,6.2,283.3,32.4,N,0
-33.7158,122.2616,308.7,4.1,1.9,2014-08-11,1356,Terra,MODIS,62,6.2,277.4,101.5,N,0
-33.7181,122.2664,315.8,4.1,1.9,2014-08-11,1356,Terra,MODIS,89,6.2,277.7,138.1,N,0
-22.8096,119.9589,316.6,4.6,2,2014-08-11,1359,Terra,MODIS,93,6.2,286.1,157.6,N,0
-22.8107,119.9544,315.3,4.6,2,2014-08-11,1359,Terra,MODIS,91,6.2,286.2,147.9,N,0
-16.4568,123.8209,308.7,2,1.4,2014-08-11,1400,Terra,MODIS,75,6.2,293.3,21.6,N,0
-16.4589,123.8024,303.2,2,1.4,2014-08-11,1400,Terra,MODIS,30,6.2,292.5,12.4,N,0
-16.4691,123.8229,307.2,2,1.4,2014-08-11,1400,Terra,MODIS,37,6.2,293.6,18.3,N,0
-17.2509,122.8883,304,2.4,1.5,2014-08-11,1400,Terra,MODIS,58,6.2,288.1,25.4,N,0
-17.0932,122.7494,311,2.4,1.5,2014-08-11,1400,Terra,MODIS,81,6.2,291.9,37.3,N,0
-17.3974,122.5135,302.7,2.6,1.5,2014-08-11,1400,Terra,MODIS,51,6.2,287.9,26.6,N,0
-17.0993,122.7438,310.3,2.4,1.5,2014-08-11,1400,Terra,MODIS,80,6.2,291.6,36.1,N,0
-17.0956,122.7266,303,2.4,1.5,2014-08-11,1400,Terra,MODIS,14,6.2,291.2,18.1,N,0
-17.2484,122.9106,313.7,2.4,1.5,2014-08-11,1400,Terra,MODIS,88,6.2,289.8,49.7,N,0
-17.0967,122.7664,305.6,2.4,1.5,2014-08-11,1400,Terra,MODIS,51,6.2,290.9,25.1,N,0
-17.0844,122.7019,302.4,2.5,1.5,2014-08-11,1400,Terra,MODIS,7,6.2,290.8,18,N,0
-17.0636,122.6929,308.9,2.5,1.5,2014-08-11,1400,Terra,MODIS,76,6.2,291.9,34.7,N,0
-17.0772,122.6946,311.6,2.5,1.5,2014-08-11,1400,Terra,MODIS,83,6.2,291.6,40.2,N,0
-17.2456,122.8943,309.9,2.4,1.5,2014-08-11,1400,Terra,MODIS,67,6.2,289.5,36.7,N,0
-16.4688,135.6851,304.1,1.9,1.3,2014-08-11,1400,Terra,MODIS,58,6.2,290,16.6,N,0
-13.0826,130.8787,309.3,1.1,1,2014-08-11,1401,Terra,MODIS,53,6.2,294,8.6,N,0
-15.1051,125.7323,300.2,1.4,1.2,2014-08-11,1401,Terra,MODIS,13,6.2,286.7,7.2,N,0
-15.0229,125.7081,316.7,1.4,1.2,2014-08-11,1401,Terra,MODIS,79,6.2,290,23.4,N,0
-15.0175,125.7016,302.4,1.4,1.2,2014-08-11,1401,Terra,MODIS,25,6.2,288.6,8.2,N,0
-15.0317,125.7224,314.7,1.4,1.2,2014-08-11,1401,Terra,MODIS,69,6.2,290.5,20.5,N,0
-13.1156,130.8903,306.5,1.1,1,2014-08-11,1401,Terra,MODIS,68,6.2,293.4,7.4,N,0
-13.0654,130.8659,307.5,1.1,1,2014-08-11,1401,Terra,MODIS,32,6.2,293.6,7.5,N,0
-11.6278,130.8895,300.4,1.1,1.1,2014-08-11,1401,Terra,MODIS,22,6.2,290,5.1,N,0
-11.7862,130.8022,301.5,1.1,1,2014-08-11,1401,Terra,MODIS,41,6.2,289.4,5.6,N,0
-14.3884,129.6241,302.4,1,1,2014-08-11,1401,Terra,MODIS,49,6.2,289.9,5.3,N,0
-14.3287,129.464,304.5,1,1,2014-08-11,1401,Terra,MODIS,60,6.2,291.3,5.9,N,0
-14.394,129.5212,306.8,1,1,2014-08-11,1401,Terra,MODIS,69,6.2,292.5,7.4,N,0
-14.2659,130.089,305.8,1,1,2014-08-11,1401,Terra,MODIS,14,6.2,294.3,5.2,N,0
-14.3911,129.6057,302.4,1,1,2014-08-11,1401,Terra,MODIS,49,6.2,290.3,5.5,N,0
-15.0269,125.7608,323.1,1.4,1.2,2014-08-11,1401,Terra,MODIS,100,6.2,291.1,33,N,0
-15.0181,125.7466,309.8,1.4,1.2,2014-08-11,1401,Terra,MODIS,33,6.2,290.5,14.8,N,0
-15.0285,125.7483,332.6,1.4,1.2,2014-08-11,1401,Terra,MODIS,100,6.2,293.7,50.8,N,0
-14.2478,130.0862,307.1,1,1,2014-08-11,1401,Terra,MODIS,62,6.2,293.7,6.2,N,0
-14.8034,128.5101,306.5,1,1,2014-08-11,1401,Terra,MODIS,68,6.2,290.8,8.3,N,0
-13.8612,130.0909,302.5,1,1,2014-08-11,1401,Terra,MODIS,49,6.2,292.4,5.6,N,0
-12.8991,132.2282,343.4,1.3,1.1,2014-08-11,1401,Terra,MODIS,100,6.2,289.9,63.5,N,0
-12.8908,132.215,324.8,1.3,1.1,2014-08-11,1401,Terra,MODIS,89,6.2,285.3,24.7,N,0
-12.9013,132.2111,332.4,1.3,1.1,2014-08-11,1401,Terra,MODIS,100,6.2,287.3,41.6,N,0
-12.8957,132.2459,331.9,1.3,1.1,2014-08-11,1401,Terra,MODIS,100,6.2,288.1,40.3,N,0
-12.4498,133.9258,303.1,1.7,1.3,2014-08-11,1401,Terra,MODIS,31,6.2,292.7,7.6,N,0
-12.8743,132.1885,316.5,1.3,1.1,2014-08-11,1401,Terra,MODIS,77,6.2,290.1,17.6,N,0
-12.8955,132.2515,326.2,1.3,1.1,2014-08-11,1401,Terra,MODIS,78,6.2,288,30.9,N,0
-12.8444,132.3153,307.7,1.3,1.1,2014-08-11,1401,Terra,MODIS,72,6.2,287.8,12.8,N,0
-12.8861,132.1786,357.4,1.3,1.1,2014-08-11,1401,Terra,MODIS,100,6.2,294.2,108.6,N,0
-12.8944,132.1918,389.9,1.3,1.1,2014-08-11,1401,Terra,MODIS,100,6.2,298.1,274.2,N,0
-12.8926,132.2034,385.7,1.3,1.1,2014-08-11,1401,Terra,MODIS,100,6.2,297.5,247.5,N,0
-12.4524,133.9196,314.6,1.7,1.3,2014-08-11,1401,Terra,MODIS,89,6.2,293.4,24.3,N,0
-12.8563,132.3052,310.3,1.3,1.1,2014-08-11,1401,Terra,MODIS,74,6.2,286.6,14.4,N,0
-12.8826,132.2017,324.3,1.3,1.1,2014-08-11,1401,Terra,MODIS,100,6.2,285.8,25.6,N,0
-12.4524,133.9101,318.6,1.7,1.3,2014-08-11,1401,Terra,MODIS,97,6.2,293.3,32.2,N,0
-12.8462,132.3035,309.2,1.3,1.1,2014-08-11,1401,Terra,MODIS,77,6.2,287.9,14.3,N,0
-12.7542,135.0034,301.6,2,1.4,2014-08-11,1401,Terra,MODIS,43,6.2,290.8,12.7,N,0
-12.9031,132.1995,312.7,1.3,1.1,2014-08-11,1401,Terra,MODIS,30,6.2,284.8,14.1,N,0
-12.9058,132.2476,312.6,1.3,1.1,2014-08-11,1401,Terra,MODIS,35,6.2,286.5,15.2,N,0
-12.8545,132.317,305.1,1.3,1.1,2014-08-11,1401,Terra,MODIS,32,6.2,287.8,9.7,N,0
-12.9076,132.236,306.4,1.3,1.1,2014-08-11,1401,Terra,MODIS,22,6.2,283.1,9.4,N,0
-12.8761,132.177,323.2,1.3,1.1,2014-08-11,1401,Terra,MODIS,100,6.2,290.8,27.3,N,0
-12.8976,132.2343,332.7,1.3,1.1,2014-08-11,1401,Terra,MODIS,100,6.2,286.7,41.6,N,0
-12.8973,132.2399,328.8,1.3,1.1,2014-08-11,1401,Terra,MODIS,100,6.2,287.2,33.2,N,0
-12.889,132.2266,317.2,1.3,1.1,2014-08-11,1401,Terra,MODIS,78,6.2,286,16.8,N,0
-12.8844,132.1901,337.9,1.3,1.1,2014-08-11,1401,Terra,MODIS,100,6.2,289.8,51.5,N,0
-12.9009,132.2166,334,1.3,1.1,2014-08-11,1401,Terra,MODIS,100,6.2,289,41.2,N,0
-12.4549,133.9039,308.4,1.7,1.3,2014-08-11,1401,Terra,MODIS,74,6.2,292.5,14.5,N,0
-12.8994,132.2227,352.8,1.3,1.1,2014-08-11,1401,Terra,MODIS,100,6.2,291.1,92.6,N,0
-13.3205,131.007,302.4,1.1,1,2014-08-11,1401,Terra,MODIS,23,6.2,291.2,4.7,N,0
-12.0347,132.9917,304.7,1.5,1.2,2014-08-11,1401,Terra,MODIS,40,6.2,294,7.8,N,0
-13.4664,130.7726,301.7,1.1,1,2014-08-11,1401,Terra,MODIS,43,6.2,290.5,5.3,N,0
-13.4983,134.1978,300.8,1.7,1.3,2014-08-11,1401,Terra,MODIS,31,6.2,289.3,9.3,N,0
-13.4109,130.7638,309.6,1.1,1,2014-08-11,1401,Terra,MODIS,78,6.2,292.2,9.3,N,0
-13.9728,132.1636,303,1.2,1.1,2014-08-11,1401,Terra,MODIS,38,6.2,291.5,6.3,N,0
-13.3116,130.8123,304.4,1.1,1,2014-08-11,1401,Terra,MODIS,60,6.2,294.3,5.4,N,0
-13.353,130.9814,303.1,1.1,1,2014-08-11,1401,Terra,MODIS,16,6.2,291.6,5.1,N,0
-12.0368,132.9784,305.4,1.5,1.2,2014-08-11,1401,Terra,MODIS,43,6.2,293.6,8.7,N,0
-12.0507,132.9871,305.7,1.5,1.2,2014-08-11,1401,Terra,MODIS,24,6.2,293.9,9.3,N,0
-12.04,132.9852,314.8,1.5,1.2,2014-08-11,1401,Terra,MODIS,90,6.2,293.8,20.1,N,0
-12.0475,132.9802,310.5,1.5,1.2,2014-08-11,1401,Terra,MODIS,65,6.2,293.7,14.3,N,0
-11.402,130.3562,312.4,1.1,1,2014-08-11,1402,Terra,MODIS,79,6.2,291.9,12.3,N,0
-11.532,130.7852,323.7,1.1,1.1,2014-08-11,1402,Terra,MODIS,100,6.2,291.9,25.5,N,0
-11.5241,130.7737,321.4,1.1,1.1,2014-08-11,1402,Terra,MODIS,100,6.2,291.7,22.5,N,0
-11.604,130.8544,307.1,1.1,1.1,2014-08-11,1402,Terra,MODIS,70,6.2,291.1,9.4,N,0
-11.4308,130.5883,302.1,1.1,1,2014-08-11,1402,Terra,MODIS,28,6.2,292,4.6,N,0
-25.3242,148.7272,303.8,1,1,2014-08-11,1529,Aqua,MODIS,15,6.2,282.4,7.9,N,0
-26.4566,146.2246,308.3,1,1,2014-08-11,1530,Aqua,MODIS,74,6.2,279.8,13,N,0
-26.4582,146.2348,303,1,1,2014-08-11,1530,Aqua,MODIS,53,6.2,279.8,9.7,N,0
-12.1578,131.2952,301.5,1.8,1.3,2014-08-11,1704,Aqua,MODIS,23,6.2,289.4,10.4,N,0
-12.8868,132.1999,307.6,2.2,1.4,2014-08-11,1704,Aqua,MODIS,51,6.2,291.5,23.3,N,0
-12.8891,132.2199,318.3,2.2,1.4,2014-08-11,1704,Aqua,MODIS,97,6.2,291.2,49.2,N,0
-12.8898,132.2252,314.5,2.2,1.4,2014-08-11,1704,Aqua,MODIS,89,6.2,291,39.7,N,0
-12.8874,132.2053,312.7,2.2,1.4,2014-08-11,1704,Aqua,MODIS,85,6.2,291.5,35.5,N,0
-15.0184,125.7558,307.8,1,1,2014-08-11,1705,Aqua,MODIS,70,6.2,289.3,9.6,N,0
-15.0171,125.7465,310.5,1,1,2014-08-11,1705,Aqua,MODIS,80,6.2,289.2,11.4,N,0
-14.2527,130.0981,303.5,1.6,1.2,2014-08-11,1705,Aqua,MODIS,49,6.2,292.9,9.4,N,0
-14.3439,129.7287,312.4,1.5,1.2,2014-08-11,1705,Aqua,MODIS,85,6.2,290.1,21.9,N,0
-16.3053,128.2817,304.8,1.3,1.1,2014-08-11,1705,Aqua,MODIS,61,6.2,292.1,9.5,N,0
-13.3885,130.7655,301.2,1.7,1.3,2014-08-11,1705,Aqua,MODIS,24,6.2,291.1,8.3,N,0
-13.46,130.7723,304.5,1.7,1.3,2014-08-11,1705,Aqua,MODIS,61,6.2,289.3,14.4,N,0
-13.3865,130.7497,328.5,1.7,1.3,2014-08-11,1705,Aqua,MODIS,100,6.2,291.9,59.4,N,0
-15.2259,128.5901,302.6,1.3,1.1,2014-08-11,1705,Aqua,MODIS,50,6.2,290.3,8.8,N,0
-14.7977,128.5106,308.9,1.3,1.1,2014-08-11,1705,Aqua,MODIS,76,6.2,291,13.7,N,0
-15.013,125.7187,316.2,1,1,2014-08-11,1705,Aqua,MODIS,93,6.2,286.5,16,N,0
-15.0117,125.7094,306.2,1,1,2014-08-11,1705,Aqua,MODIS,67,6.2,285.9,8.7,N,0
-17.0882,122.7438,321.9,1.1,1.1,2014-08-11,1706,Aqua,MODIS,100,6.2,292.4,23.4,N,0
-17.0898,122.7541,312.9,1.1,1.1,2014-08-11,1706,Aqua,MODIS,86,6.2,291.4,13.4,N,0
-17.0788,122.7454,337.8,1.1,1.1,2014-08-11,1706,Aqua,MODIS,100,6.2,294.8,46.4,N,0
-17.0596,122.6846,339.1,1.1,1.1,2014-08-11,1706,Aqua,MODIS,100,6.2,293.6,48.6,N,0
-16.4719,123.8331,328.3,1,1,2014-08-11,1706,Aqua,MODIS,100,6.2,294.8,26.8,N,0
-17.4017,122.516,300.6,1.1,1.1,2014-08-11,1706,Aqua,MODIS,13,6.2,286.9,6.1,N,0
-17.3256,122.4268,318.4,1.1,1.1,2014-08-11,1706,Aqua,MODIS,97,6.2,290.5,19.8,N,0
-17.3277,122.4197,302.7,1.1,1.1,2014-08-11,1706,Aqua,MODIS,51,6.2,289.4,7.5,N,0
-17.3294,122.4303,314.3,1.1,1.1,2014-08-11,1706,Aqua,MODIS,89,6.2,290.1,17.3,N,0
-17.3922,122.5176,303.2,1.1,1.1,2014-08-11,1706,Aqua,MODIS,15,6.2,288,7.5,N,0
-16.4598,123.8154,309.9,1,1,2014-08-11,1706,Aqua,MODIS,52,6.2,292.5,9,N,0
-17.9269,123.5258,301.4,1,1,2014-08-11,1706,Aqua,MODIS,41,6.2,287.4,5.8,N,0
-16.4507,123.8168,314.7,1,1,2014-08-11,1706,Aqua,MODIS,90,6.2,292,13,N,0
-16.4613,123.825,317.9,1,1,2014-08-11,1706,Aqua,MODIS,96,6.2,294.9,15.9,N,0
-16.4704,123.8236,320,1,1,2014-08-11,1706,Aqua,MODIS,87,6.2,293.3,17.1,N,0
-16.481,123.8317,308,1,1,2014-08-11,1706,Aqua,MODIS,55,6.2,292.7,7.7,N,0
-17.0804,122.7557,319.7,1.1,1.1,2014-08-11,1706,Aqua,MODIS,99,6.2,291.9,20.3,N,0
-17.2997,122.3872,310.4,1.1,1.1,2014-08-11,1706,Aqua,MODIS,80,6.2,290.2,12.7,N,0
-17.0518,122.6966,321.1,1.1,1.1,2014-08-11,1706,Aqua,MODIS,96,6.2,293.3,20.9,N,0
-17.0896,122.6903,306.9,1.1,1.1,2014-08-11,1706,Aqua,MODIS,31,6.2,290.1,8.6,N,0
-17.0866,122.7334,309,1.1,1.1,2014-08-11,1706,Aqua,MODIS,76,6.2,291,10.2,N,0
-17.0772,122.735,323.1,1.1,1.1,2014-08-11,1706,Aqua,MODIS,100,6.2,292.8,23.7,N,0
-17.0501,122.6862,314.3,1.1,1.1,2014-08-11,1706,Aqua,MODIS,47,6.2,292.6,13.9,N,0
-17.0407,122.6877,327.7,1.1,1.1,2014-08-11,1706,Aqua,MODIS,100,6.2,293.6,30.3,N,0
-17.4034,122.5265,305.3,1.1,1.1,2014-08-11,1706,Aqua,MODIS,55,6.2,286.2,9.6,N,0
-22.871,122.5956,311.8,1,1,2014-08-11,1707,Aqua,MODIS,83,6.2,287.3,12.7,N,0
-22.8695,122.5857,305.8,1,1,2014-08-11,1707,Aqua,MODIS,66,6.2,286.7,8.4,N,0
-22.7181,122.5672,301.1,1,1,2014-08-11,1707,Aqua,MODIS,38,6.2,286.7,6.8,N,0
-22.8785,122.5841,309.9,1,1,2014-08-11,1707,Aqua,MODIS,79,6.2,286.1,11.4,N,0
-33.7182,122.2745,318,1,1,2014-08-11,1710,Aqua,MODIS,96,6.2,278.6,21.6,N,0
-33.7197,122.2858,315.8,1,1,2014-08-11,1710,Aqua,MODIS,92,6.2,278.4,19.6,N,0
-33.709,122.2762,311.2,1,1,2014-08-11,1710,Aqua,MODIS,82,6.2,277.4,15.9,N,0
-10.7337,142.5167,318.9,1,1,2014-08-12,0050,Terra,MODIS,70,6.2,294.7,12.2,D,0
-11.9187,133.2932,322.6,3.9,1.8,2014-08-12,0051,Terra,MODIS,75,6.2,298.1,88.6,D,0
-12.4741,142.5734,311,1,1,2014-08-12,0051,Terra,MODIS,19,6.2,294.7,3.8,D,0
-14.3415,144.3541,318.5,1.1,1,2014-08-12,0051,Terra,MODIS,69,6.2,300.7,11,D,0
-12.516,135.4014,320.2,2.6,1.6,2014-08-12,0051,Terra,MODIS,41,6.2,298.6,39.4,D,0
-11.9713,133.2108,315.3,3.9,1.8,2014-08-12,0051,Terra,MODIS,58,6.2,298.3,44.9,D,0
-11.966,133.2175,315,3.9,1.8,2014-08-12,0051,Terra,MODIS,45,6.2,297.6,41.7,D,0
-12.8996,132.2037,312.5,4.5,1.9,2014-08-12,0051,Terra,MODIS,34,6.2,298.7,32.7,D,0
-12.5167,135.3707,335.2,2.6,1.6,2014-08-12,0051,Terra,MODIS,87,6.2,300.8,112.9,D,0
-12.5028,135.3731,315.4,2.6,1.6,2014-08-12,0051,Terra,MODIS,15,6.2,298.6,24,D,0
-11.8971,133.1196,310.9,4,1.9,2014-08-12,0051,Terra,MODIS,45,6.2,295.8,28.8,D,0
-13.0346,136.137,315.8,2.2,1.4,2014-08-12,0051,Terra,MODIS,67,6.2,295.4,29.2,D,0
-12.5282,142.3806,316.4,1,1,2014-08-12,0051,Terra,MODIS,42,6.2,300.2,6.2,D,0
-12.5306,135.3683,317.4,2.6,1.6,2014-08-12,0051,Terra,MODIS,39,6.2,299.3,28.8,D,0
-12.521,135.3944,328.3,2.6,1.6,2014-08-12,0051,Terra,MODIS,82,6.2,299.3,74.9,D,0
-14.3401,144.3441,316.8,1.1,1,2014-08-12,0051,Terra,MODIS,66,6.2,300.5,9.2,D,0
-12.5349,135.392,317.5,2.6,1.6,2014-08-12,0051,Terra,MODIS,39,6.2,299.4,28.7,D,0
-14.299,144.366,311,1.1,1,2014-08-12,0051,Terra,MODIS,0,6.2,297.8,5.7,D,0
-12.2131,142.0597,317.8,1,1,2014-08-12,0051,Terra,MODIS,65,6.2,301.1,8.1,D,0
-12.5119,135.3777,346.8,2.6,1.6,2014-08-12,0051,Terra,MODIS,94,6.2,300.4,193.7,D,0
-12.6857,135.6447,309.8,2.5,1.5,2014-08-12,0051,Terra,MODIS,45,6.2,297.8,16.4,D,0
-11.913,133.3001,318.8,3.9,1.8,2014-08-12,0051,Terra,MODIS,63,6.2,297.6,64.5,D,0
-14.5914,142.7573,327.8,1,1,2014-08-12,0051,Terra,MODIS,79,6.2,304.7,15.1,D,0
-14.1227,143.5884,327.2,1,1,2014-08-12,0051,Terra,MODIS,63,6.2,301.3,15.2,D,0
-14.599,142.7467,321.7,1,1,2014-08-12,0051,Terra,MODIS,59,6.2,303.2,8.3,D,0
-14.5976,142.7375,328.2,1,1,2014-08-12,0051,Terra,MODIS,78,6.2,303.9,15.7,D,0
-14.6388,142.8291,317.2,1,1,2014-08-12,0051,Terra,MODIS,61,6.2,303.2,7.3,D,0
-13.6069,141.7736,317.9,1,1,2014-08-12,0051,Terra,MODIS,60,6.2,302.7,8,D,0
-14.5963,142.7282,351,1,1,2014-08-12,0051,Terra,MODIS,95,6.2,305.4,54.7,D,0
-14.6375,142.8199,317,1,1,2014-08-12,0051,Terra,MODIS,56,6.2,302.8,6.6,D,0
-14.5949,142.719,316.7,1,1,2014-08-12,0051,Terra,MODIS,38,6.2,302.6,6.3,D,0
-13.2142,141.8593,317.5,1,1,2014-08-12,0051,Terra,MODIS,65,6.2,302.2,8.4,D,0
-13.2233,141.858,315.8,1,1,2014-08-12,0051,Terra,MODIS,42,6.2,301.9,6.4,D,0
-14.1514,143.5939,328.5,1,1,2014-08-12,0051,Terra,MODIS,45,6.2,300.7,16.4,D,0
-13.4943,142.9969,318.7,1,1,2014-08-12,0051,Terra,MODIS,64,6.2,300.5,8.8,D,0
-13.4854,142.9982,328.6,1,1,2014-08-12,0051,Terra,MODIS,81,6.2,300.4,19.2,D,0
-13.493,142.9877,325.8,1,1,2014-08-12,0051,Terra,MODIS,78,6.2,302.9,16.5,D,0
-14.1318,143.5871,323.9,1,1,2014-08-12,0051,Terra,MODIS,48,6.2,301.1,12.1,D,0
-14.6053,142.7269,345.3,1,1,2014-08-12,0051,Terra,MODIS,92,6.2,304.3,42.6,D,0
-13.484,142.9891,317.1,1,1,2014-08-12,0051,Terra,MODIS,52,6.2,300.3,7.4,D,0
-12.018,132.9687,317.8,4.1,1.9,2014-08-12,0051,Terra,MODIS,69,6.2,298.1,66.2,D,0
-12.0209,132.8906,313.2,4.1,1.9,2014-08-12,0051,Terra,MODIS,46,6.2,296.6,46.6,D,0
-12.0243,132.8839,313.6,4.1,1.9,2014-08-12,0051,Terra,MODIS,31,6.2,296.5,49.8,D,0
-13.3389,141.891,319.9,1,1,2014-08-12,0051,Terra,MODIS,69,6.2,301.9,10.8,D,0
-13.3403,141.9003,323.7,1,1,2014-08-12,0051,Terra,MODIS,75,6.2,302.3,14.9,D,0
-14.1696,143.5912,320.3,1,1,2014-08-12,0051,Terra,MODIS,29,6.2,301.4,7.7,D,0
-14.59,142.748,320.2,1,1,2014-08-12,0051,Terra,MODIS,36,6.2,303.8,7.2,D,0
-13.1474,141.9044,321.2,1,1,2014-08-12,0051,Terra,MODIS,48,6.2,302,9.9,D,0
-12.5623,142.6098,318.4,1,1,2014-08-12,0051,Terra,MODIS,19,6.2,299.2,7.5,D,0
-12.5637,142.619,332.4,1,1,2014-08-12,0051,Terra,MODIS,85,6.2,300.6,22.3,D,0
-12.5754,142.6359,324.7,1,1,2014-08-12,0051,Terra,MODIS,78,6.2,299.6,14.4,D,0
-12.5767,142.645,319.5,1,1,2014-08-12,0051,Terra,MODIS,61,6.2,299.8,8.9,D,0
-13.7263,136.6229,314.4,2,1.4,2014-08-12,0051,Terra,MODIS,34,6.2,299.6,19,D,0
-13.7211,136.612,311.7,2,1.4,2014-08-12,0051,Terra,MODIS,0,6.2,298.7,15.4,D,0
-12.2299,136.5027,313.6,2.2,1.4,2014-08-12,0051,Terra,MODIS,41,6.2,298.7,18.1,D,0
-12.2442,136.5075,313.3,2.2,1.4,2014-08-12,0051,Terra,MODIS,58,6.2,298.5,18.4,D,0
-12.0675,136.4,314.5,2.2,1.4,2014-08-12,0051,Terra,MODIS,61,6.2,298.7,22.1,D,0
-12.0716,133.0724,316.7,4,1.9,2014-08-12,0051,Terra,MODIS,68,6.2,299.5,58.9,D,0
-12.0596,133.0688,318.4,4,1.9,2014-08-12,0051,Terra,MODIS,71,6.2,300.2,67.9,D,0
-12.552,142.602,322.4,1,1,2014-08-12,0051,Terra,MODIS,71,6.2,300.2,11.4,D,0
-11.7257,132.7614,314.1,4.3,1.9,2014-08-12,0051,Terra,MODIS,53,6.2,298,58.9,D,0
-11.724,132.7694,313.1,4.3,1.9,2014-08-12,0051,Terra,MODIS,48,6.2,298.3,53.7,D,0
-13.4758,134.2378,310.5,3.1,1.7,2014-08-12,0052,Terra,MODIS,46,6.2,296.3,22,D,0
-16.4708,135.6888,319.1,2.1,1.4,2014-08-12,0052,Terra,MODIS,71,6.2,303.3,28.3,D,0
-15.9701,144.2471,314.6,1.1,1.1,2014-08-12,0052,Terra,MODIS,61,6.2,301.5,6.6,D,0
-15.9715,144.2575,319.8,1.1,1.1,2014-08-12,0052,Terra,MODIS,72,6.2,303.4,11.9,D,0
-16.1792,144.6755,316.6,1.2,1.1,2014-08-12,0052,Terra,MODIS,45,6.2,299.9,9.4,D,0
-15.1047,142.8699,318.3,1,1,2014-08-12,0052,Terra,MODIS,47,6.2,303.2,5.7,D,0
-14.9235,141.768,331.5,1,1,2014-08-12,0052,Terra,MODIS,81,6.2,308.7,17.9,D,0
-15.2753,135.3259,315.1,2.3,1.5,2014-08-12,0052,Terra,MODIS,25,6.2,302.1,21.4,D,0
-16.0012,136.1607,326.5,2,1.4,2014-08-12,0052,Terra,MODIS,60,6.2,304.7,42.7,D,0
-15.2843,135.3182,319.9,2.3,1.5,2014-08-12,0052,Terra,MODIS,73,6.2,302.1,36.9,D,0
-15.0968,142.8775,326.6,1,1,2014-08-12,0052,Terra,MODIS,77,6.2,306.2,14.8,D,0
-15.9826,136.1267,322,2,1.4,2014-08-12,0052,Terra,MODIS,74,6.2,301.2,32.3,D,0
-15.8738,135.9626,320.5,2,1.4,2014-08-12,0052,Terra,MODIS,55,6.2,302.2,28.8,D,0
-15.8862,135.9603,327.9,2,1.4,2014-08-12,0052,Terra,MODIS,81,6.2,303.7,51.2,D,0
-16.1896,144.6572,327.8,1.2,1.1,2014-08-12,0052,Terra,MODIS,81,6.2,301.6,25.2,D,0
-16.0287,136.1744,330.5,1.9,1.4,2014-08-12,0052,Terra,MODIS,83,6.2,304.4,52.6,D,0
-16.1777,144.6646,320.4,1.2,1.1,2014-08-12,0052,Terra,MODIS,69,6.2,301.6,13.2,D,0
-16.0134,136.1585,351.9,2,1.4,2014-08-12,0052,Terra,MODIS,96,6.2,305.4,150.3,D,0
-15.2882,135.3394,319,2.3,1.5,2014-08-12,0052,Terra,MODIS,71,6.2,303.6,33.7,D,0
-16.1361,144.6485,323,1.2,1.1,2014-08-12,0052,Terra,MODIS,74,6.2,301.5,17.1,D,0
-15.8705,135.9438,331.2,2,1.4,2014-08-12,0052,Terra,MODIS,84,6.2,303,66.1,D,0
-16.1813,144.6693,326.5,1.2,1.1,2014-08-12,0052,Terra,MODIS,80,6.2,301.3,22.9,D,0
-16.0165,136.1766,335.8,1.9,1.4,2014-08-12,0052,Terra,MODIS,87,6.2,305.3,71.8,D,0
-16.1993,144.6559,317.3,1.2,1.1,2014-08-12,0052,Terra,MODIS,68,6.2,298.5,12,D,0
-15.9858,136.1449,349.2,2,1.4,2014-08-12,0052,Terra,MODIS,95,6.2,305.6,142.6,D,0
-15.0954,142.8682,319.9,1,1,2014-08-12,0052,Terra,MODIS,55,6.2,305.2,8.1,D,0
-15.8829,135.9415,325.8,2,1.4,2014-08-12,0052,Terra,MODIS,66,6.2,302.2,44.3,D,0
-16.191,144.668,328.1,1.2,1.1,2014-08-12,0052,Terra,MODIS,81,6.2,300.2,25.5,D,0
-20.7387,139.4826,318.5,1.1,1,2014-08-12,0053,Terra,MODIS,69,6.2,299.5,11.3,D,2
-20.7371,139.4726,319,1.1,1,2014-08-12,0053,Terra,MODIS,66,6.2,299.7,11.9,D,0
-17.9876,138.6766,326.5,1.2,1.1,2014-08-12,0053,Terra,MODIS,78,6.2,304,22.1,D,0
-20.0516,147.2632,314.9,1.9,1.4,2014-08-12,0053,Terra,MODIS,53,6.2,301.2,17.3,D,0
-20.0566,147.2748,315.3,2,1.4,2014-08-12,0053,Terra,MODIS,0,6.2,301.4,16.3,D,0
-23.7893,146.3876,313.7,1.9,1.3,2014-08-12,0054,Terra,MODIS,61,6.2,296.3,21.7,D,0
-27.4737,149.4188,306.7,3.5,1.8,2014-08-12,0055,Terra,MODIS,58,6.2,292.8,30.2,D,0
-28.0979,149.2453,311.3,3.4,1.7,2014-08-12,0055,Terra,MODIS,68,6.2,292.5,49.3,D,0
-28.0955,149.2104,312.8,3.4,1.7,2014-08-12,0055,Terra,MODIS,70,6.2,292.2,56.3,D,0
-28.1044,149.2504,304.3,3.4,1.7,2014-08-12,0055,Terra,MODIS,38,6.2,292.4,22.3,D,0
-28.0859,149.2169,307.4,3.4,1.7,2014-08-12,0055,Terra,MODIS,58,6.2,292.1,32.5,D,0
-28.1017,149.2154,308.6,3.4,1.7,2014-08-12,0055,Terra,MODIS,63,6.2,291.9,38.3,D,0
-32.4593,146.5497,304.9,2.5,1.5,2014-08-12,0056,Terra,MODIS,60,6.2,288.4,24.5,D,0
-16.3345,128.2573,320.4,4.7,2,2014-08-12,0230,Terra,MODIS,72,6.2,302.5,112.3,D,0
-16.3303,128.2141,320.7,4.6,2,2014-08-12,0230,Terra,MODIS,72,6.2,301.9,109.9,D,0
-14.7987,128.5172,329.3,4.7,2,2014-08-12,0230,Terra,MODIS,0,6.2,297.5,206.3,D,0
-14.7995,128.5221,328.9,4.7,2,2014-08-12,0230,Terra,MODIS,0,6.2,296.9,212.4,D,0
-14.909,128.5427,320.3,4.7,2,2014-08-12,0230,Terra,MODIS,58,6.2,300,103.6,D,0
-14.908,128.5375,319.7,4.7,2,2014-08-12,0230,Terra,MODIS,38,6.2,299.5,96.2,D,0
-15.1227,125.8786,321.9,3,1.6,2014-08-12,0230,Terra,MODIS,73,6.2,303.8,53.5,D,0
-15.1258,125.9059,340.8,3,1.6,2014-08-12,0230,Terra,MODIS,90,6.2,304.4,176.8,D,0
-15.1254,125.8992,343.4,3,1.6,2014-08-12,0230,Terra,MODIS,91,6.2,304.5,200.5,D,0
-15.0369,125.7784,323,2.9,1.6,2014-08-12,0230,Terra,MODIS,56,6.2,303.9,54.3,D,0
-15.0328,125.7568,326.4,2.9,1.6,2014-08-12,0230,Terra,MODIS,51,6.2,305,68.3,D,0
-17.1423,122.7163,369.3,1.8,1.3,2014-08-12,0231,Terra,MODIS,100,6.2,313.8,241.4,D,0
-17.1403,122.6993,390.3,1.8,1.3,2014-08-12,0231,Terra,MODIS,100,6.2,312.9,449.3,D,0
-17.2153,122.9192,317.1,1.9,1.3,2014-08-12,0231,Terra,MODIS,20,6.2,304.5,16.3,D,0
-17.1383,122.6824,348.2,1.8,1.3,2014-08-12,0231,Terra,MODIS,94,6.2,307,110.5,D,0
-17.1284,122.7009,347.9,1.8,1.3,2014-08-12,0231,Terra,MODIS,94,6.2,314.7,108.4,D,0
-16.5053,123.8406,315.1,2.2,1.4,2014-08-12,0231,Terra,MODIS,40,6.2,303.7,17.6,D,0
-17.0789,122.6451,331.7,1.8,1.3,2014-08-12,0231,Terra,MODIS,65,6.2,308.7,44.2,D,0
-17.0928,122.6603,337.9,1.8,1.3,2014-08-12,0231,Terra,MODIS,87,6.2,306.5,62.5,D,0
-17.1264,122.6839,327.3,1.8,1.3,2014-08-12,0231,Terra,MODIS,65,6.2,311.1,32.2,D,0
-17.1464,122.7506,328.4,1.8,1.3,2014-08-12,0231,Terra,MODIS,58,6.2,309,37.9,D,0
-17.4014,122.3942,322.4,1.7,1.3,2014-08-12,0231,Terra,MODIS,35,6.2,307.7,22.2,D,0
-17.2115,122.333,321.1,1.7,1.3,2014-08-12,0231,Terra,MODIS,49,6.2,304.6,20.5,D,0
-17.415,122.4088,336.6,1.7,1.3,2014-08-12,0231,Terra,MODIS,86,6.2,308.6,58.8,D,0
-17.2018,122.3505,326.7,1.7,1.3,2014-08-12,0231,Terra,MODIS,72,6.2,306.7,32.6,D,0
-17.1999,122.3345,319.4,1.7,1.3,2014-08-12,0231,Terra,MODIS,26,6.2,308.6,14.8,D,0
-17.1486,122.8742,323.4,1.9,1.3,2014-08-12,0231,Terra,MODIS,59,6.2,305.9,30,D,0
-17.4267,122.4072,332,1.7,1.3,2014-08-12,0231,Terra,MODIS,79,6.2,306.2,44.7,D,0
-17.4384,122.4059,324.9,1.7,1.3,2014-08-12,0231,Terra,MODIS,63,6.2,306.9,29.2,D,0
-16.4011,123.725,327.5,2.1,1.4,2014-08-12,0231,Terra,MODIS,76,6.2,304.2,55.3,D,0
-16.4139,123.7238,320.5,2.1,1.4,2014-08-12,0231,Terra,MODIS,65,6.2,302.2,33.8,D,0
-16.401,123.7193,322.9,2.1,1.4,2014-08-12,0231,Terra,MODIS,65,6.2,303.9,40.1,D,0
-16.4032,123.739,315.9,2.1,1.4,2014-08-12,0231,Terra,MODIS,45,6.2,303.7,20.4,D,0
-17.5447,122.7289,327.2,1.9,1.3,2014-08-12,0231,Terra,MODIS,69,6.2,304.1,37.5,D,0
-17.5102,122.5416,355.4,1.8,1.3,2014-08-12,0231,Terra,MODIS,97,6.2,309,153.8,D,0
-17.5122,122.5586,369.9,1.8,1.3,2014-08-12,0231,Terra,MODIS,100,6.2,310.4,252.1,D,0
-17.0237,122.5843,332,1.8,1.3,2014-08-12,0231,Terra,MODIS,44,6.2,309.9,46.7,D,0
-17.4501,122.4044,349.7,1.7,1.3,2014-08-12,0231,Terra,MODIS,95,6.2,306.4,116.7,D,0
-17.0217,122.5678,323.7,1.8,1.3,2014-08-12,0231,Terra,MODIS,48,6.2,307.8,26.3,D,0
-17.4331,122.5581,321.6,1.8,1.3,2014-08-12,0231,Terra,MODIS,69,6.2,306.3,21.1,D,0
-17.4247,122.3911,333.1,1.7,1.3,2014-08-12,0231,Terra,MODIS,75,6.2,305,50.3,D,0
-17.0257,122.6009,354.8,1.8,1.3,2014-08-12,0231,Terra,MODIS,97,6.2,311.7,141.9,D,0
-17.0276,122.6177,330.6,1.8,1.3,2014-08-12,0231,Terra,MODIS,40,6.2,311.6,42.3,D,0
-17.0296,122.6345,328.4,1.8,1.3,2014-08-12,0231,Terra,MODIS,46,6.2,311,35.1,D,0
-17.2966,122.381,331.5,1.7,1.3,2014-08-12,0231,Terra,MODIS,79,6.2,307.9,46.8,D,0
-17.413,122.3927,352,1.7,1.3,2014-08-12,0231,Terra,MODIS,96,6.2,308.6,125.2,D,0
-17.4521,122.4207,354.3,1.8,1.3,2014-08-12,0231,Terra,MODIS,97,6.2,310.1,136.8,D,0
-17.1007,122.6701,329.4,1.8,1.3,2014-08-12,0231,Terra,MODIS,47,6.2,306.8,34.8,D,0
-17.1067,122.6757,325.1,1.8,1.3,2014-08-12,0231,Terra,MODIS,30,6.2,307.2,24.2,D,0
-17.0948,122.6772,329,1.8,1.3,2014-08-12,0231,Terra,MODIS,38,6.2,308.4,31.9,D,0
-17.3937,122.5289,324.4,1.8,1.3,2014-08-12,0231,Terra,MODIS,74,6.2,306.2,26.1,D,0
-17.4786,122.4775,327.9,1.8,1.3,2014-08-12,0231,Terra,MODIS,56,6.2,304,37.1,D,0
-17.5142,122.5756,337.2,1.8,1.3,2014-08-12,0231,Terra,MODIS,87,6.2,305.1,71.4,D,0
-17.4455,122.3985,344.8,1.7,1.3,2014-08-12,0231,Terra,MODIS,92,6.2,306.9,95.7,D,0
-17.4474,122.4148,347.7,1.8,1.3,2014-08-12,0231,Terra,MODIS,94,6.2,308.8,106.2,D,0
-17.4493,122.431,338.9,1.8,1.3,2014-08-12,0231,Terra,MODIS,88,6.2,309.1,68,D,0
-17.0691,122.6634,356.7,1.8,1.3,2014-08-12,0231,Terra,MODIS,98,6.2,311.2,152.6,D,0
-17.0119,122.5859,337.1,1.8,1.3,2014-08-12,0231,Terra,MODIS,56,6.2,309.2,60.7,D,0
-17.4541,122.4369,335.8,1.8,1.3,2014-08-12,0231,Terra,MODIS,86,6.2,309.9,54.5,D,0
-17.3083,122.3795,334.1,1.7,1.3,2014-08-12,0231,Terra,MODIS,82,6.2,305.5,53.5,D,0
-17.3143,122.5283,322.5,1.8,1.3,2014-08-12,0231,Terra,MODIS,64,6.2,308.1,20.1,D,0
-17.4591,122.4133,325.8,1.8,1.3,2014-08-12,0231,Terra,MODIS,57,6.2,304.1,33.6,D,0
-17.461,122.4296,406.6,1.8,1.3,2014-08-12,0231,Terra,MODIS,100,6.2,320.1,650,D,0
-17.4727,122.4281,316.3,1.8,1.3,2014-08-12,0231,Terra,MODIS,28,6.2,302.6,15.2,D,0
-17.5426,122.7115,336.2,1.8,1.3,2014-08-12,0231,Terra,MODIS,86,6.2,303.7,69.2,D,0
-17.4826,122.5109,323.1,1.8,1.3,2014-08-12,0231,Terra,MODIS,54,6.2,304.2,25.4,D,0
-17.4806,122.4941,345.1,1.8,1.3,2014-08-12,0231,Terra,MODIS,92,6.2,306,99.7,D,0
-16.4658,123.8322,321.7,2.2,1.4,2014-08-12,0231,Terra,MODIS,64,6.2,305,35.7,D,0
-17.1443,122.7334,348.9,1.8,1.3,2014-08-12,0231,Terra,MODIS,94,6.2,311.1,116.7,D,0
-17.3258,122.4263,327.1,1.7,1.3,2014-08-12,0231,Terra,MODIS,77,6.2,308.4,27.9,D,0
-17.3238,122.4101,324.3,1.7,1.3,2014-08-12,0231,Terra,MODIS,73,6.2,308.2,21.4,D,0
-17.3219,122.394,336.1,1.7,1.3,2014-08-12,0231,Terra,MODIS,86,6.2,306.9,55.5,D,0
-18.2344,125.5197,316.4,3.1,1.7,2014-08-12,0231,Terra,MODIS,48,6.2,306.3,26.9,D,0
-16.544,123.8363,324.9,2.2,1.4,2014-08-12,0231,Terra,MODIS,77,6.2,304.3,49.2,D,0
-17.463,122.4459,364.1,1.8,1.3,2014-08-12,0231,Terra,MODIS,100,6.2,312.1,200.1,D,0
-17.5306,122.7129,338.2,1.8,1.3,2014-08-12,0231,Terra,MODIS,88,6.2,307.4,75.2,D,0
-17.5405,122.6942,317.5,1.8,1.3,2014-08-12,0231,Terra,MODIS,46,6.2,303.2,17.3,D,0
-17.5368,122.7652,323.9,1.9,1.3,2014-08-12,0231,Terra,MODIS,66,6.2,305.9,29.1,D,0
-17.9377,123.5312,317.8,2.2,1.4,2014-08-12,0231,Terra,MODIS,42,6.2,306.1,19.3,D,0
-16.3296,128.2092,317.7,4.6,2,2014-08-12,0231,Terra,MODIS,67,6.2,301.8,84.8,D,0
-16.3335,128.2522,322.8,4.7,2,2014-08-12,0231,Terra,MODIS,75,6.2,302.8,135.1,D,0
-18.8758,121.6683,321,1.6,1.3,2014-08-12,0231,Terra,MODIS,34,6.2,308.3,14.9,D,0
-18.8834,121.6362,324.7,1.6,1.2,2014-08-12,0231,Terra,MODIS,73,6.2,308.4,21.1,D,0
-18.8751,122.0534,322.4,1.7,1.3,2014-08-12,0231,Terra,MODIS,55,6.2,307.3,22.9,D,0
-18.8945,122.0178,329.6,1.7,1.3,2014-08-12,0231,Terra,MODIS,80,6.2,307.4,38.6,D,0
-18.9422,121.7479,370.5,1.6,1.3,2014-08-12,0231,Terra,MODIS,100,6.2,309.7,223.9,D,0
-18.944,121.7634,323.1,1.6,1.3,2014-08-12,0231,Terra,MODIS,66,6.2,306.2,22.9,D,0
-18.9366,121.7014,327.7,1.6,1.3,2014-08-12,0231,Terra,MODIS,73,6.2,305.9,31.9,D,0
-18.9385,121.7168,363.8,1.6,1.3,2014-08-12,0231,Terra,MODIS,100,6.2,309.2,177.2,D,0
-18.9403,121.7323,349.6,1.6,1.3,2014-08-12,0231,Terra,MODIS,95,6.2,307.5,104.1,D,0
-20.2416,119.0565,316.8,1.2,1.1,2014-08-12,0232,Terra,MODIS,58,6.2,305,6.6,D,0
-20.6157,119.1151,337,1.2,1.1,2014-08-12,0232,Terra,MODIS,87,6.2,306.4,37.8,D,0
-20.6172,119.1264,333.3,1.2,1.1,2014-08-12,0232,Terra,MODIS,84,6.2,306.7,30.8,D,0
-22.8015,119.9511,321.8,1.4,1.2,2014-08-12,0232,Terra,MODIS,46,6.2,301.8,17.1,D,0
-22.8031,119.9648,323.7,1.4,1.2,2014-08-12,0232,Terra,MODIS,49,6.2,302.1,20.2,D,0
-21.9293,119.367,314.9,1.3,1.1,2014-08-12,0232,Terra,MODIS,62,6.2,301.7,8.3,D,0
-22.8805,122.5876,312.5,2.1,1.4,2014-08-12,0232,Terra,MODIS,50,6.2,299.7,15.5,D,0
-22.918,122.5763,311.5,2.1,1.4,2014-08-12,0232,Terra,MODIS,47,6.2,299.3,13.3,D,0
-23.5493,121.8149,312.2,1.9,1.4,2014-08-12,0233,Terra,MODIS,45,6.2,299,12.3,D,0
-23.4677,121.0865,312.9,1.7,1.3,2014-08-12,0233,Terra,MODIS,58,6.2,299.9,11.8,D,0
-23.4696,121.1032,319,1.7,1.3,2014-08-12,0233,Terra,MODIS,71,6.2,298.6,23.6,D,0
-22.7659,117.3619,319.1,1.1,1,2014-08-12,0233,Terra,MODIS,69,6.2,302.2,10.2,D,0
-33.854,116.0768,302.6,1.2,1.1,2014-08-12,0236,Terra,MODIS,53,6.2,286.2,8,D,0
-34.6887,118.2932,301.9,1.6,1.2,2014-08-12,0236,Terra,MODIS,45,6.2,288.8,8.4,D,0
-36.5046,148.8279,308.4,2.1,1.4,2014-08-12,0334,Aqua,MODIS,61,6.2,288.3,23.1,D,0
-36.5027,148.8519,303.1,2.1,1.4,2014-08-12,0334,Aqua,MODIS,22,6.2,288.1,13,D,0
-36.5038,148.8468,305.6,2.1,1.4,2014-08-12,0334,Aqua,MODIS,62,6.2,288.4,19,D,0
-36.5058,148.8229,301.5,2.1,1.4,2014-08-12,0334,Aqua,MODIS,47,6.2,288.3,12.5,D,0
-34.8381,146.076,312.1,3,1.6,2014-08-12,0334,Aqua,MODIS,72,6.2,290.5,52.5,D,0
-34.8392,146.0691,311.5,3,1.6,2014-08-12,0334,Aqua,MODIS,71,6.2,290.3,49.9,D,0
-34.3317,146.288,312.6,2.9,1.6,2014-08-12,0335,Aqua,MODIS,73,6.2,289.4,53.5,D,0
-31.9967,146.73,300.5,2.5,1.5,2014-08-12,0335,Aqua,MODIS,11,6.2,287,12.2,D,0
-34.3295,146.3196,312.9,2.9,1.6,2014-08-12,0335,Aqua,MODIS,73,6.2,288.7,54.9,D,0
-32.0059,146.7263,304,2.5,1.5,2014-08-12,0335,Aqua,MODIS,58,6.2,286.1,20,D,0
-32.0081,146.6993,302.1,2.5,1.5,2014-08-12,0335,Aqua,MODIS,50,6.2,287.7,16.6,D,0
-31.9987,146.703,302.7,2.5,1.5,2014-08-12,0335,Aqua,MODIS,52,6.2,286.7,17.2,D,0
-30.9546,152.7071,322.6,1.1,1,2014-08-12,0335,Aqua,MODIS,82,6.2,289.6,22.7,D,0
-31.7747,151.4497,300.2,1.3,1.1,2014-08-12,0335,Aqua,MODIS,13,6.2,284.9,7.4,D,0
-27.4667,152.1336,314.7,1.1,1,2014-08-12,0336,Aqua,MODIS,74,6.2,290.9,14,D,0
-28.5379,146.1758,325.9,2.5,1.5,2014-08-12,0336,Aqua,MODIS,80,6.2,299.4,68.7,D,0
-27.4826,149.414,313.9,1.5,1.2,2014-08-12,0336,Aqua,MODIS,64,6.2,301.7,10.1,D,0
-27.4785,149.3529,314.7,1.5,1.2,2014-08-12,0336,Aqua,MODIS,56,6.2,301.9,12.6,D,0
-28.5494,146.2031,316.1,2.5,1.5,2014-08-12,0336,Aqua,MODIS,64,6.2,298.1,34.8,D,0
-28.5517,146.1773,315,2.5,1.5,2014-08-12,0336,Aqua,MODIS,63,6.2,298.8,30,D,0
-28.5356,146.2016,329.8,2.5,1.5,2014-08-12,0336,Aqua,MODIS,84,6.2,296.2,87.5,D,0
-28.5419,146.2092,319.3,2.5,1.5,2014-08-12,0336,Aqua,MODIS,75,6.2,296.7,47.1,D,0
-28.5441,146.1834,339.3,2.5,1.5,2014-08-12,0336,Aqua,MODIS,90,6.2,299.5,142.9,D,0
-27.5751,147.6054,310.6,1.9,1.4,2014-08-12,0336,Aqua,MODIS,53,6.2,299.6,12.4,D,0
-30.1316,148.1936,314.2,1.9,1.3,2014-08-12,0336,Aqua,MODIS,69,6.2,302.5,14.5,D,0
-29.1685,148.9782,310.6,1.6,1.3,2014-08-12,0336,Aqua,MODIS,50,6.2,299.9,11.1,D,0
-29.723,150.1609,310.3,1.4,1.2,2014-08-12,0336,Aqua,MODIS,53,6.2,297,11,D,0
-28.164,151.1077,321.7,1.2,1.1,2014-08-12,0336,Aqua,MODIS,60,6.2,296.4,22.5,D,0
-29.1664,148.9848,315.9,1.6,1.3,2014-08-12,0336,Aqua,MODIS,62,6.2,299.6,18.6,D,0
-28.7332,148.7745,312,1.7,1.3,2014-08-12,0336,Aqua,MODIS,51,6.2,301.7,11.9,D,0
-29.1667,148.9952,312.7,1.6,1.3,2014-08-12,0336,Aqua,MODIS,63,6.2,298.8,13.4,D,0
-28.1739,151.1092,330.6,1.2,1.1,2014-08-12,0336,Aqua,MODIS,83,6.2,294,34,D,0
-27.5758,150.2476,322.6,1.3,1.1,2014-08-12,0336,Aqua,MODIS,59,6.2,295.7,22.3,D,0
-28.0961,149.2311,323.1,1.5,1.2,2014-08-12,0336,Aqua,MODIS,78,6.2,299.3,28.7,D,0
-28.0978,149.2154,346.1,1.5,1.2,2014-08-12,0336,Aqua,MODIS,94,6.2,300.8,91.9,D,0
-29.2553,149.8823,317.2,1.4,1.2,2014-08-12,0336,Aqua,MODIS,64,6.2,304.8,11.2,D,0
-29.2611,149.8917,315.2,1.4,1.2,2014-08-12,0336,Aqua,MODIS,69,6.2,303.7,8.3,D,0
-27.8378,150.3446,319.5,1.3,1.1,2014-08-12,0336,Aqua,MODIS,28,6.2,297.8,15.8,D,0
-26.6771,150.0622,328.1,1.3,1.1,2014-08-12,0337,Aqua,MODIS,82,6.2,296.4,31,D,0
-26.6668,150.0607,328,1.3,1.1,2014-08-12,0337,Aqua,MODIS,82,6.2,298.8,30.9,D,0
-25.5322,152.3522,345.9,1,1,2014-08-12,0337,Aqua,MODIS,94,6.2,294.4,54.3,D,0
-26.1912,146.2655,316.7,2.3,1.5,2014-08-12,0337,Aqua,MODIS,67,6.2,298.8,30.2,D,0
-26.1818,146.2576,318.9,2.3,1.5,2014-08-12,0337,Aqua,MODIS,72,6.2,299.3,36.9,D,0
-23.8711,151.0537,328.5,1.1,1,2014-08-12,0337,Aqua,MODIS,76,6.2,296.9,25.7,D,0
-23.8725,151.0429,328.4,1.1,1,2014-08-12,0337,Aqua,MODIS,79,6.2,294.9,25.7,D,0
-22.2749,147.6569,330.5,1.6,1.3,2014-08-12,0338,Aqua,MODIS,47,6.2,304,42.7,D,0
-22.7994,150.6171,307.6,1.1,1.1,2014-08-12,0338,Aqua,MODIS,33,6.2,290.6,6.6,D,0
-22.775,150.6177,314.4,1.1,1.1,2014-08-12,0338,Aqua,MODIS,52,6.2,294,11.2,D,0
-22.7655,150.6163,321,1.1,1.1,2014-08-12,0338,Aqua,MODIS,78,6.2,295.1,18.9,D,0
-22.711,150.6632,313.2,1.1,1.1,2014-08-12,0338,Aqua,MODIS,59,6.2,295.9,10.2,D,0
-22.7001,150.6726,310,1.1,1.1,2014-08-12,0338,Aqua,MODIS,45,6.2,295.4,7.5,D,0
-22.683,150.4755,323.8,1.1,1.1,2014-08-12,0338,Aqua,MODIS,80,6.2,296.5,21.7,D,0
-22.6735,150.4741,327.3,1.1,1.1,2014-08-12,0338,Aqua,MODIS,83,6.2,295.5,25.3,D,0
-22.6816,150.4865,308.6,1.1,1.1,2014-08-12,0338,Aqua,MODIS,58,6.2,295.2,6.1,D,0
-23.0354,150.7316,316,1.1,1.1,2014-08-12,0338,Aqua,MODIS,61,6.2,294.4,12.8,D,0
-23.0401,150.7267,325,1.1,1.1,2014-08-12,0338,Aqua,MODIS,80,6.2,295.2,22.6,D,0
-23.0369,150.7207,309.2,1.1,1.1,2014-08-12,0338,Aqua,MODIS,52,6.2,294.9,6.5,D,0
-21.543,149.3695,314.4,1.2,1.1,2014-08-12,0338,Aqua,MODIS,55,6.2,295.8,12.5,D,0
-18.3197,146.0424,361.1,1.9,1.3,2014-08-12,0339,Aqua,MODIS,100,6.2,302,210,D,0
-18.3176,146.0597,340.3,1.9,1.3,2014-08-12,0339,Aqua,MODIS,68,6.2,298,91.8,D,0
-18.3258,146.031,320.2,1.9,1.3,2014-08-12,0339,Aqua,MODIS,65,6.2,297.2,35.7,D,0
-18.3219,146.0653,316.2,1.9,1.3,2014-08-12,0339,Aqua,MODIS,29,6.2,296.9,21.4,D,0
-18.3239,146.0478,394.6,1.9,1.3,2014-08-12,0339,Aqua,MODIS,100,6.2,304.5,548.5,D,0
-13.1036,142.8987,311.4,2.7,1.6,2014-08-12,0340,Aqua,MODIS,49,6.2,291.9,27.9,D,0
-13.1066,142.8732,311.8,2.8,1.6,2014-08-12,0340,Aqua,MODIS,44,6.2,292.7,27.4,D,0
-13.5016,142.9702,315.9,2.7,1.6,2014-08-12,0340,Aqua,MODIS,49,6.2,296.3,31.6,D,0
-13.4987,142.9947,318.3,2.7,1.6,2014-08-12,0340,Aqua,MODIS,63,6.2,297.4,40.2,D,0
-13.5052,142.9779,320.2,2.7,1.6,2014-08-12,0340,Aqua,MODIS,74,6.2,296.5,52.1,D,0
-13.5024,143.0026,311.8,2.7,1.6,2014-08-12,0340,Aqua,MODIS,58,6.2,296.7,20.1,D,0
-14.8767,141.618,316.9,3.6,1.8,2014-08-12,0340,Aqua,MODIS,0,6.2,301.7,19.1,D,0
-12.5746,142.6431,328.3,2.8,1.6,2014-08-12,0341,Aqua,MODIS,81,6.2,295.4,103.5,D,0
-12.5716,142.6692,314.5,2.8,1.6,2014-08-12,0341,Aqua,MODIS,61,6.2,291.8,41.3,D,0
-12.1222,142.1183,310.8,3,1.7,2014-08-12,0341,Aqua,MODIS,31,6.2,292.5,23.5,D,0
-13.1259,141.8965,313,3.3,1.7,2014-08-12,0341,Aqua,MODIS,25,6.2,295.2,38.4,D,0
-12.0571,142.1615,326.5,3,1.7,2014-08-12,0341,Aqua,MODIS,80,6.2,297,91.2,D,0
-12.071,142.168,327.7,3,1.7,2014-08-12,0341,Aqua,MODIS,81,6.2,296.5,99.7,D,0
-12.0593,142.1386,317.8,3,1.7,2014-08-12,0341,Aqua,MODIS,69,6.2,294.5,49.2,D,0
-12.2214,142.0517,312.5,3.1,1.7,2014-08-12,0341,Aqua,MODIS,54,6.2,293.7,33.2,D,0
-12.2194,142.0563,311.8,3.1,1.7,2014-08-12,0341,Aqua,MODIS,51,6.2,293.9,31,D,0
-12.0562,142.1662,329.6,3,1.7,2014-08-12,0341,Aqua,MODIS,82,6.2,296.9,111.1,D,0
-33.0133,137.5857,303,1.9,1.4,2014-08-12,0513,Aqua,MODIS,0,6.2,291.7,10.3,D,2
-33.7252,122.2761,353.1,2.5,1.5,2014-08-12,0514,Aqua,MODIS,84,6.2,288.7,265.2,D,0
-33.7338,122.2699,351,2.5,1.5,2014-08-12,0514,Aqua,MODIS,84,6.2,286.3,253.1,D,0
-33.7199,122.2685,359.9,2.5,1.5,2014-08-12,0514,Aqua,MODIS,75,6.2,286.5,337,D,0
-33.7412,122.2496,325.9,2.5,1.5,2014-08-12,0514,Aqua,MODIS,73,6.2,280.3,97.6,D,0
-27.2878,131.6808,372,1.1,1.1,2014-08-12,0515,Aqua,MODIS,100,6.2,303,140.1,D,0
-27.2896,131.6694,340.9,1.1,1.1,2014-08-12,0515,Aqua,MODIS,91,6.2,300,46.6,D,0
-27.2915,131.6581,314.3,1.1,1.1,2014-08-12,0515,Aqua,MODIS,51,6.2,298.4,8.1,D,0
-27.2802,131.6675,317.2,1.1,1.1,2014-08-12,0515,Aqua,MODIS,69,6.2,298.2,11.4,D,0
-27.282,131.6561,311.1,1.1,1.1,2014-08-12,0515,Aqua,MODIS,48,6.2,297.9,5.6,D,0
-27.2459,131.637,326.4,1.1,1.1,2014-08-12,0515,Aqua,MODIS,60,6.2,298.7,20.5,D,0
-27.2363,131.6763,313.2,1.1,1.1,2014-08-12,0515,Aqua,MODIS,16,6.2,298.7,7.3,D,0
-27.2417,131.6423,322.5,1.1,1.1,2014-08-12,0515,Aqua,MODIS,76,6.2,299.1,17,D,0
-25.7029,126.6798,317.4,1.1,1,2014-08-12,0516,Aqua,MODIS,62,6.2,303.3,8.1,D,0
-25.7044,126.6688,317.9,1.1,1,2014-08-12,0516,Aqua,MODIS,63,6.2,303.2,8.2,D,0
-25.6874,126.8001,318.1,1.1,1,2014-08-12,0516,Aqua,MODIS,63,6.2,302.7,9.1,D,0
-23.1634,129.0392,320.5,1,1,2014-08-12,0516,Aqua,MODIS,65,6.2,306.8,8.6,D,0
-23.1648,129.0293,322.6,1,1,2014-08-12,0516,Aqua,MODIS,69,6.2,307.3,10.7,D,0
-23.1558,129.0277,341.3,1,1,2014-08-12,0516,Aqua,MODIS,89,6.2,307.5,35.6,D,0
-23.1572,129.0179,341.6,1,1,2014-08-12,0516,Aqua,MODIS,89,6.2,306.6,36.2,D,0
-22.78,131.3555,329.8,1.2,1.1,2014-08-12,0516,Aqua,MODIS,80,6.2,304.6,25.6,D,0
-22.7267,131.3632,328.9,1.2,1.1,2014-08-12,0516,Aqua,MODIS,77,6.2,304.4,24.7,D,0
-22.7305,131.2773,341.8,1.2,1.1,2014-08-12,0516,Aqua,MODIS,90,6.2,304.3,53.2,D,0
-22.7386,131.3531,322.6,1.2,1.1,2014-08-12,0516,Aqua,MODIS,64,6.2,302.7,15.2,D,0
-22.7366,131.3652,342.8,1.2,1.1,2014-08-12,0516,Aqua,MODIS,91,6.2,305.8,53.9,D,0
-22.7466,131.3671,324.1,1.2,1.1,2014-08-12,0516,Aqua,MODIS,68,6.2,304.2,17,D,0
-22.7624,131.3329,330.9,1.2,1.1,2014-08-12,0516,Aqua,MODIS,76,6.2,303.5,27.2,D,0
-22.7604,131.3449,337.2,1.2,1.1,2014-08-12,0516,Aqua,MODIS,83,6.2,303.9,38.3,D,0
-23.4725,121.0758,317.4,2.3,1.5,2014-08-12,0516,Aqua,MODIS,60,6.2,303.4,23.7,D,0
-23.4747,121.0941,315.4,2.3,1.5,2014-08-12,0516,Aqua,MODIS,49,6.2,301.8,19.2,D,0
-22.778,131.3675,323.9,1.2,1.1,2014-08-12,0516,Aqua,MODIS,74,6.2,304,16.1,D,0
-22.9065,122.5528,363.8,1.8,1.3,2014-08-12,0517,Aqua,MODIS,100,6.2,307.2,201.5,D,0
-22.9084,122.5354,334.8,1.8,1.3,2014-08-12,0517,Aqua,MODIS,85,6.2,303.5,59.7,D,0
-22.7129,122.551,321.9,1.8,1.3,2014-08-12,0517,Aqua,MODIS,68,6.2,303.4,26.1,D,0
-22.9164,122.5716,317.3,1.8,1.3,2014-08-12,0517,Aqua,MODIS,54,6.2,304.5,14.2,D,0
-22.8793,122.5842,318.1,1.8,1.3,2014-08-12,0517,Aqua,MODIS,56,6.2,304.2,16,D,0
-22.8075,119.9563,319.3,2.7,1.6,2014-08-12,0517,Aqua,MODIS,66,6.2,303.4,32.5,D,0
-20.6294,119.1245,322.4,2.9,1.6,2014-08-12,0517,Aqua,MODIS,69,6.2,305.9,49.3,D,0
-20.6321,119.0962,334.6,3,1.6,2014-08-12,0517,Aqua,MODIS,84,6.2,306.2,122.6,D,0
-14.5052,132.9983,320.6,2.3,1.5,2014-08-12,0518,Aqua,MODIS,59,6.2,305.6,24.2,D,0
-16.4412,135.6693,321,3.3,1.7,2014-08-12,0518,Aqua,MODIS,41,6.2,303.7,42.2,D,0
-16.4444,135.6623,328.8,3.3,1.7,2014-08-12,0518,Aqua,MODIS,80,6.2,303.4,94,D,0
-16.4564,135.6724,321,3.3,1.7,2014-08-12,0518,Aqua,MODIS,55,6.2,305.4,44.5,D,0
-16.4596,135.6656,323.3,3.3,1.7,2014-08-12,0518,Aqua,MODIS,73,6.2,305.2,62.4,D,0
-18.8885,121.648,323.2,1.8,1.3,2014-08-12,0518,Aqua,MODIS,57,6.2,311.3,15.5,D,0
-16.4623,135.6423,319.7,3.3,1.7,2014-08-12,0518,Aqua,MODIS,38,6.2,303.1,40,D,0
-16.4471,135.639,332.5,3.3,1.7,2014-08-12,0518,Aqua,MODIS,83,6.2,303.6,120.5,D,0
-16.4501,135.632,327.4,3.3,1.7,2014-08-12,0518,Aqua,MODIS,77,6.2,304.2,87.5,D,0
-16.7685,136.8886,318,4,1.9,2014-08-12,0518,Aqua,MODIS,35,6.2,304.8,44,D,0
-16.7961,136.8863,321.5,4,1.9,2014-08-12,0518,Aqua,MODIS,64,6.2,304.7,66.8,D,0
-18.9047,122.0217,326.1,1.7,1.3,2014-08-12,0518,Aqua,MODIS,69,6.2,311,23.5,D,0
-14.5724,132.1535,328.9,1.9,1.4,2014-08-12,0518,Aqua,MODIS,77,6.2,307.8,40.2,D,0
-18.9448,121.7482,333.4,1.8,1.3,2014-08-12,0518,Aqua,MODIS,81,6.2,312.1,48.1,D,0
-18.9498,121.7422,343.2,1.8,1.3,2014-08-12,0518,Aqua,MODIS,90,6.2,310.4,83.1,D,0
-18.9467,121.7312,370.7,1.8,1.3,2014-08-12,0518,Aqua,MODIS,100,6.2,313.9,244.9,D,0
-18.9486,121.7142,384.5,1.8,1.3,2014-08-12,0518,Aqua,MODIS,100,6.2,314.9,375,D,0
-18.9518,121.7253,359.6,1.8,1.3,2014-08-12,0518,Aqua,MODIS,99,6.2,311.3,167,D,0
-18.9399,121.7238,366.7,1.8,1.3,2014-08-12,0518,Aqua,MODIS,100,6.2,315.4,212.6,D,0
-18.9419,121.7068,359.2,1.8,1.3,2014-08-12,0518,Aqua,MODIS,99,6.2,314.5,163.4,D,0
-18.9439,121.6897,325.3,1.8,1.3,2014-08-12,0518,Aqua,MODIS,44,6.2,310.4,23.2,D,0
-16.3442,128.2282,358.7,1.1,1,2014-08-12,0518,Aqua,MODIS,99,6.2,316.2,72.2,D,0
-16.3427,128.2381,341.8,1.1,1,2014-08-12,0518,Aqua,MODIS,82,6.2,314.5,32.8,D,0
-16.3457,128.2183,362.5,1.1,1,2014-08-12,0518,Aqua,MODIS,100,6.2,315.2,84,D,0
-16.3494,128.2348,336.2,1.1,1,2014-08-12,0518,Aqua,MODIS,79,6.2,313.2,24.6,D,0
-15.2441,128.6127,328.1,1.1,1.1,2014-08-12,0518,Aqua,MODIS,61,6.2,314.8,12.4,D,0
-18.184,130.375,321.6,1.3,1.1,2014-08-12,0518,Aqua,MODIS,64,6.2,309.8,12.7,D,0
-16.3168,128.2844,324.4,1.1,1,2014-08-12,0518,Aqua,MODIS,35,6.2,310.1,8.1,D,0
-15.4311,128.8793,329.1,1.2,1.1,2014-08-12,0518,Aqua,MODIS,74,6.2,314.2,17.7,D,0
-18.1509,130.6454,327.4,1.3,1.1,2014-08-12,0518,Aqua,MODIS,75,6.2,309.4,21.5,D,0
-15.2949,135.2551,322.8,3.2,1.7,2014-08-12,0518,Aqua,MODIS,70,6.2,300.3,70.7,D,0
-15.4007,135.3432,316.3,3.3,1.7,2014-08-12,0518,Aqua,MODIS,33,6.2,302.3,36.1,D,0
-15.8337,136.0343,322.3,3.6,1.8,2014-08-12,0518,Aqua,MODIS,51,6.2,305.3,64.7,D,0
-15.9791,136.1467,325.3,3.6,1.8,2014-08-12,0518,Aqua,MODIS,75,6.2,302.4,89.2,D,0
-15.8248,136.0244,331.8,3.6,1.8,2014-08-12,0518,Aqua,MODIS,80,6.2,303.5,137.8,D,0
-15.8529,135.9357,323.4,3.5,1.8,2014-08-12,0518,Aqua,MODIS,41,6.2,302.3,73.6,D,0
-15.9865,136.1404,328.2,3.6,1.8,2014-08-12,0518,Aqua,MODIS,79,6.2,303.9,112,D,0
-15.8178,136.031,327.1,3.6,1.8,2014-08-12,0518,Aqua,MODIS,63,6.2,302.4,98.1,D,0
-16.0365,136.193,318.5,3.7,1.8,2014-08-12,0518,Aqua,MODIS,41,6.2,305.3,37,D,0
-15.8591,135.929,331.5,3.5,1.8,2014-08-12,0518,Aqua,MODIS,81,6.2,303.8,137.2,D,0
-15.8652,135.8963,323.1,3.5,1.8,2014-08-12,0518,Aqua,MODIS,57,6.2,302.2,74.9,D,0
-16.0429,136.1596,319.6,3.6,1.8,2014-08-12,0518,Aqua,MODIS,42,6.2,306.7,43.6,D,0
-15.3759,135.307,314.9,3.2,1.7,2014-08-12,0518,Aqua,MODIS,21,6.2,299.1,27.3,D,0
-15.9951,136.1499,325.5,3.6,1.8,2014-08-12,0518,Aqua,MODIS,76,6.2,304.7,88.9,D,0
-15.2894,135.2849,330,3.2,1.7,2014-08-12,0518,Aqua,MODIS,80,6.2,299.7,116,D,0
-15.8344,136.0611,317.7,3.6,1.8,2014-08-12,0518,Aqua,MODIS,37,6.2,306,42.3,D,0
-14.512,135.0104,314.6,3.2,1.7,2014-08-12,0518,Aqua,MODIS,28,6.2,300.7,29.1,D,0
-15.8592,135.9031,329.8,3.5,1.8,2014-08-12,0518,Aqua,MODIS,80,6.2,302.1,123.2,D,0
-17.4246,122.5741,321.7,1.5,1.2,2014-08-12,0518,Aqua,MODIS,58,6.2,310.7,10.2,D,0
-16.051,128.8244,326.8,1.1,1.1,2014-08-12,0518,Aqua,MODIS,60,6.2,315.1,9.9,D,0
-17.5446,122.6936,329,1.5,1.2,2014-08-12,0518,Aqua,MODIS,72,6.2,307.9,26.1,D,0
-17.5429,122.7073,337,1.5,1.2,2014-08-12,0518,Aqua,MODIS,84,6.2,310.5,44.6,D,0
-17.4358,122.3886,338.9,1.5,1.2,2014-08-12,0518,Aqua,MODIS,73,6.2,309.6,42.7,D,0
-17.4249,122.3872,341.4,1.5,1.2,2014-08-12,0518,Aqua,MODIS,88,6.2,312.6,56.7,D,0
-17.4139,122.3856,345.4,1.5,1.2,2014-08-12,0518,Aqua,MODIS,90,6.2,313.6,68.8,D,0
-17.4232,122.3803,334.9,1.5,1.2,2014-08-12,0518,Aqua,MODIS,35,6.2,311.9,36.2,D,0
-17.4104,122.3932,335,1.5,1.2,2014-08-12,0518,Aqua,MODIS,45,6.2,314,33.6,D,0
-15.7823,128.7714,353,1.1,1.1,2014-08-12,0518,Aqua,MODIS,96,6.2,313.3,64.9,D,0
-15.7902,128.7835,340.1,1.1,1.1,2014-08-12,0518,Aqua,MODIS,87,6.2,312.9,33.7,D,0
-17.441,122.3453,419.3,1.5,1.2,2014-08-12,0518,Aqua,MODIS,100,6.2,318,710.8,D,0
-17.4393,122.3598,469.3,1.5,1.2,2014-08-12,0518,Aqua,MODIS,100,6.2,334.6,1841.2,D,0
-17.4376,122.3742,343.2,1.5,1.2,2014-08-12,0518,Aqua,MODIS,79,6.2,308,57.7,D,0
-17.4122,122.3788,342.2,1.5,1.2,2014-08-12,0518,Aqua,MODIS,73,6.2,311.7,57.4,D,0
-17.4012,122.3773,353.1,1.5,1.2,2014-08-12,0518,Aqua,MODIS,96,6.2,314.2,103.1,D,0
-17.4486,122.3758,404.1,1.5,1.2,2014-08-12,0518,Aqua,MODIS,100,6.2,324.8,486.6,D,0
-17.4503,122.3613,400.9,1.5,1.2,2014-08-12,0518,Aqua,MODIS,100,6.2,328.1,457.8,D,0
-17.9145,123.5328,332.4,1.3,1.1,2014-08-12,0518,Aqua,MODIS,25,6.2,315.1,22.1,D,0
-17.3903,122.3757,335.6,1.5,1.2,2014-08-12,0518,Aqua,MODIS,71,6.2,311.6,43,D,0
-17.5244,123.0772,328.7,1.4,1.2,2014-08-12,0518,Aqua,MODIS,75,6.2,312.5,22.5,D,0
-17.5228,123.0901,330.8,1.4,1.2,2014-08-12,0518,Aqua,MODIS,76,6.2,313.2,26.5,D,0
-16.505,123.8336,324.4,1.2,1.1,2014-08-12,0518,Aqua,MODIS,32,6.2,310.6,12,D,0
-16.5036,123.8448,323.8,1.2,1.1,2014-08-12,0518,Aqua,MODIS,28,6.2,308.4,11.9,D,0
-17.0959,122.6313,342.5,1.5,1.2,2014-08-12,0518,Aqua,MODIS,89,6.2,313.5,56.3,D,0
-17.1078,122.6523,333.1,1.5,1.2,2014-08-12,0518,Aqua,MODIS,80,6.2,310.8,27.4,D,0
-17.147,122.8618,326.6,1.4,1.2,2014-08-12,0518,Aqua,MODIS,43,6.2,309.2,19.3,D,0
-17.4521,122.3468,347.7,1.5,1.2,2014-08-12,0518,Aqua,MODIS,93,6.2,309.5,85.9,D,0
-17.1038,122.775,336.1,1.4,1.2,2014-08-12,0518,Aqua,MODIS,84,6.2,313.5,38,D,0
-17.4341,122.4031,334.5,1.5,1.2,2014-08-12,0518,Aqua,MODIS,41,6.2,310.7,30.8,D,0
-17.5183,122.5495,322.4,1.5,1.2,2014-08-12,0518,Aqua,MODIS,43,6.2,310.5,15.6,D,0
-15.8036,128.7923,337.3,1.1,1.1,2014-08-12,0518,Aqua,MODIS,32,6.2,314.3,24,D,0
-15.8147,128.7834,332.5,1.1,1.1,2014-08-12,0518,Aqua,MODIS,52,6.2,317.2,19,D,0
-17.1032,122.66,336.9,1.4,1.2,2014-08-12,0518,Aqua,MODIS,83,6.2,314.1,36.9,D,0
-17.0081,122.5988,336.5,1.5,1.2,2014-08-12,0518,Aqua,MODIS,45,6.2,311.2,39,D,0
-17.0098,122.5852,337.5,1.5,1.2,2014-08-12,0518,Aqua,MODIS,63,6.2,313.2,42.7,D,0
-17.4388,122.5476,333.1,1.5,1.2,2014-08-12,0518,Aqua,MODIS,80,6.2,309.9,35.2,D,0
-17.3987,122.5138,320.5,1.5,1.2,2014-08-12,0518,Aqua,MODIS,46,6.2,309.6,7.9,D,0
-15.7997,128.7851,338,1.1,1.1,2014-08-12,0518,Aqua,MODIS,85,6.2,315.6,29.3,D,0
-15.7918,128.773,330.6,1.1,1.1,2014-08-12,0518,Aqua,MODIS,41,6.2,315.6,17.7,D,0
-17.2744,122.3983,343.7,1.5,1.2,2014-08-12,0518,Aqua,MODIS,87,6.2,310.2,67.5,D,0
-17.2907,122.3566,324.5,1.5,1.2,2014-08-12,0518,Aqua,MODIS,56,6.2,307.6,21.1,D,0
-17.2889,122.371,338.7,1.5,1.2,2014-08-12,0518,Aqua,MODIS,82,6.2,309.4,53.3,D,0
-17.2871,122.3854,333.6,1.5,1.2,2014-08-12,0518,Aqua,MODIS,41,6.2,308.9,35.2,D,0
-17.3016,122.3581,341.6,1.5,1.2,2014-08-12,0518,Aqua,MODIS,88,6.2,310.2,64.7,D,0
-17.5167,122.5634,324.9,1.5,1.2,2014-08-12,0518,Aqua,MODIS,59,6.2,309.1,20.7,D,0
-17.2999,122.3725,331.8,1.5,1.2,2014-08-12,0518,Aqua,MODIS,40,6.2,312.4,32.9,D,0
-17.2981,122.3869,333.7,1.5,1.2,2014-08-12,0518,Aqua,MODIS,25,6.2,312,33.5,D,0
-16.5444,123.839,320.9,1.2,1.1,2014-08-12,0518,Aqua,MODIS,46,6.2,309.6,10,D,0
-17.5412,122.721,327.7,1.5,1.2,2014-08-12,0518,Aqua,MODIS,50,6.2,311.6,21.3,D,0
-17.5519,122.7224,324.2,1.5,1.2,2014-08-12,0518,Aqua,MODIS,42,6.2,308.8,15.6,D,0
-17.4053,122.5224,323.7,1.5,1.2,2014-08-12,0518,Aqua,MODIS,64,6.2,309,13.7,D,0
-17.1049,122.6464,335.9,1.5,1.2,2014-08-12,0518,Aqua,MODIS,83,6.2,311.2,34.3,D,0
-17.3167,122.5245,326.9,1.5,1.2,2014-08-12,0518,Aqua,MODIS,59,6.2,312.8,15.5,D,0
-17.3149,122.5187,326.9,1.5,1.2,2014-08-12,0518,Aqua,MODIS,39,6.2,313.5,15.7,D,0
-17.0171,122.6139,335.3,1.5,1.2,2014-08-12,0518,Aqua,MODIS,47,6.2,313.3,34.3,D,0
-16.4076,123.7146,330.8,1.2,1.1,2014-08-12,0518,Aqua,MODIS,69,6.2,309,28.3,D,0
-16.4061,123.7261,323.9,1.2,1.1,2014-08-12,0518,Aqua,MODIS,63,6.2,309.2,16.9,D,0
-17.0008,122.57,334.8,1.5,1.2,2014-08-12,0518,Aqua,MODIS,78,6.2,309.8,39.6,D,0
-17.2046,122.3089,332.6,1.5,1.2,2014-08-12,0518,Aqua,MODIS,80,6.2,313.3,35,D,0
-17.5502,122.736,324.6,1.5,1.2,2014-08-12,0518,Aqua,MODIS,52,6.2,309.5,15.8,D,0
-17.0942,122.6449,330.8,1.5,1.2,2014-08-12,0518,Aqua,MODIS,73,6.2,314.5,23.3,D,0
-17.392,122.3613,333.1,1.5,1.2,2014-08-12,0518,Aqua,MODIS,72,6.2,308.7,40.3,D,0
-17.4283,122.3582,321.2,1.5,1.2,2014-08-12,0518,Aqua,MODIS,32,6.2,305.7,17.2,D,0
-17.4468,122.3902,376.9,1.5,1.2,2014-08-12,0518,Aqua,MODIS,100,6.2,317.2,227.2,D,0
-17.1559,122.8764,336.9,1.4,1.2,2014-08-12,0518,Aqua,MODIS,83,6.2,313,41.5,D,0
-17.1453,122.875,332.2,1.4,1.2,2014-08-12,0518,Aqua,MODIS,76,6.2,308.6,31.9,D,0
-14.341,129.687,369.8,1.3,1.1,2014-08-12,0519,Aqua,MODIS,100,6.2,316.3,155.1,D,0
-14.0633,129.6345,320.8,1.3,1.1,2014-08-12,0519,Aqua,MODIS,48,6.2,306.3,13.9,D,0
-14.3493,129.7009,340.9,1.3,1.1,2014-08-12,0519,Aqua,MODIS,88,6.2,313,45,D,0
-13.7335,130.1731,331.9,1.5,1.2,2014-08-12,0519,Aqua,MODIS,79,6.2,307.9,31.5,D,0
-14.0652,129.6224,318.8,1.3,1.1,2014-08-12,0519,Aqua,MODIS,22,6.2,307.5,10.9,D,0
-15.0197,125.7504,333.6,1,1,2014-08-12,0519,Aqua,MODIS,78,6.2,313.4,18.5,D,0
-14.3857,129.4013,321.5,1.3,1.1,2014-08-12,0519,Aqua,MODIS,49,6.2,308,11.8,D,0
-12.6613,130.629,355.2,1.6,1.3,2014-08-12,0519,Aqua,MODIS,92,6.2,307,128.2,D,0
-13.7375,130.1806,328.6,1.5,1.2,2014-08-12,0519,Aqua,MODIS,75,6.2,308.1,24.9,D,0
-14.3307,129.4884,326.5,1.3,1.1,2014-08-12,0519,Aqua,MODIS,49,6.2,310,17.3,D,0
-15.0107,125.749,342,1,1,2014-08-12,0519,Aqua,MODIS,88,6.2,312.4,33.3,D,0
-14.3344,129.4649,325.1,1.3,1.1,2014-08-12,0519,Aqua,MODIS,46,6.2,309.6,16,D,0
-14.4038,129.4833,324.8,1.3,1.1,2014-08-12,0519,Aqua,MODIS,61,6.2,307.4,15.1,D,0
-14.2776,130.0875,328.9,1.4,1.2,2014-08-12,0519,Aqua,MODIS,69,6.2,311.7,20,D,0
-14.3512,129.6887,333.4,1.3,1.1,2014-08-12,0519,Aqua,MODIS,70,6.2,310.6,29.8,D,0
-14.4019,129.495,344,1.3,1.1,2014-08-12,0519,Aqua,MODIS,90,6.2,313.1,54.5,D,0
-14.4013,129.5003,334.8,1.3,1.1,2014-08-12,0519,Aqua,MODIS,34,6.2,312.9,29.8,D,0
-11.4503,130.5743,318.9,1.7,1.3,2014-08-12,0519,Aqua,MODIS,54,6.2,302.3,19.7,D,0
-14.3363,129.4532,325.4,1.3,1.1,2014-08-12,0519,Aqua,MODIS,68,6.2,305.9,17.7,D,0
-14.3391,129.6991,364.5,1.3,1.1,2014-08-12,0519,Aqua,MODIS,100,6.2,313.7,126.9,D,0
-12.659,130.6438,343.7,1.6,1.3,2014-08-12,0519,Aqua,MODIS,91,6.2,308.7,79,D,0
-12.6592,130.6344,367.3,1.6,1.3,2014-08-12,0519,Aqua,MODIS,94,6.2,308.1,198.2,D,0
-12.6705,130.6363,336.1,1.6,1.3,2014-08-12,0519,Aqua,MODIS,54,6.2,304.5,50.5,D,0
-14.3308,129.6852,348,1.3,1.1,2014-08-12,0519,Aqua,MODIS,93,6.2,309.6,69.7,D,0
-15.0184,125.7597,332.9,1,1,2014-08-12,0519,Aqua,MODIS,69,6.2,309.7,18.1,D,0
-14.4031,129.4886,333.5,1.3,1.1,2014-08-12,0519,Aqua,MODIS,61,6.2,311.1,28.4,D,0
-13.6744,132.2543,320.2,2.1,1.4,2014-08-12,0519,Aqua,MODIS,28,6.2,301.8,17.5,D,0
-12.1372,136.2393,316.8,4.4,1.9,2014-08-12,0519,Aqua,MODIS,45,6.2,296.4,81.9,D,0
-13.3316,130.8241,326.2,1.6,1.3,2014-08-12,0519,Aqua,MODIS,72,6.2,304.7,22.9,D,0
-12.0726,136.395,316,4.6,2,2014-08-12,0519,Aqua,MODIS,57,6.2,297,85,D,0
-11.596,132.9691,326.5,2.6,1.5,2014-08-12,0519,Aqua,MODIS,80,6.2,302,66.7,D,0
-13.9937,132.1592,328.7,2,1.4,2014-08-12,0519,Aqua,MODIS,65,6.2,310.8,34.8,D,0
-13.389,130.7487,328.8,1.6,1.2,2014-08-12,0519,Aqua,MODIS,72,6.2,308,26.7,D,0
-11.6065,132.9545,320.5,2.5,1.5,2014-08-12,0519,Aqua,MODIS,73,6.2,300.7,39,D,0
-13.4027,130.7358,347.7,1.6,1.2,2014-08-12,0519,Aqua,MODIS,93,6.2,310.4,88.5,D,0
-11.6025,132.9777,323.8,2.6,1.5,2014-08-12,0519,Aqua,MODIS,77,6.2,302.1,52,D,0
-13.3619,130.9123,324.8,1.7,1.3,2014-08-12,0519,Aqua,MODIS,46,6.2,307.2,19.4,D,0
-13.8122,131.7417,327.8,1.9,1.3,2014-08-12,0519,Aqua,MODIS,75,6.2,308.1,35.8,D,0
-13.476,130.7856,323.9,1.6,1.3,2014-08-12,0519,Aqua,MODIS,60,6.2,305.7,18.5,D,0
-13.2766,131.0185,346,1.7,1.3,2014-08-12,0519,Aqua,MODIS,92,6.2,305.3,85.9,D,0
-11.8617,133.0653,314.7,2.6,1.5,2014-08-12,0519,Aqua,MODIS,32,6.2,297.3,19.7,D,0
-13.3939,130.7192,328.7,1.6,1.2,2014-08-12,0519,Aqua,MODIS,74,6.2,304.5,29.9,D,0
-13.288,131.0205,326.4,1.7,1.3,2014-08-12,0519,Aqua,MODIS,40,6.2,306.8,22,D,0
-13.6144,131.6766,322.1,1.9,1.3,2014-08-12,0519,Aqua,MODIS,65,6.2,306.7,18.9,D,0
-12.35,134.784,320.5,3.4,1.7,2014-08-12,0519,Aqua,MODIS,65,6.2,297.6,68.6,D,0
-13.4051,130.7211,341.5,1.6,1.2,2014-08-12,0519,Aqua,MODIS,88,6.2,306.8,66.2,D,0
-13.3915,130.7339,336.5,1.6,1.2,2014-08-12,0519,Aqua,MODIS,84,6.2,308.5,49.5,D,0
-12.014,132.8882,322.1,2.5,1.5,2014-08-12,0519,Aqua,MODIS,35,6.2,298,44.6,D,0
-12.0734,133.0685,320.8,2.5,1.5,2014-08-12,0519,Aqua,MODIS,41,6.2,304.3,23.9,D,0
-12.139,136.2481,314.1,4.4,1.9,2014-08-12,0519,Aqua,MODIS,36,6.2,296.6,62.3,D,0
-13.3292,130.8392,322.4,1.6,1.3,2014-08-12,0519,Aqua,MODIS,53,6.2,305.4,15.4,D,0
-12.0686,133.0625,321.6,2.5,1.5,2014-08-12,0519,Aqua,MODIS,59,6.2,304.3,26.6,D,0
-13.9332,131.0819,322.5,1.7,1.3,2014-08-12,0519,Aqua,MODIS,27,6.2,309.3,16.3,D,0
-13.4784,130.7708,334.8,1.6,1.2,2014-08-12,0519,Aqua,MODIS,83,6.2,304.9,46.7,D,0
-15.1209,125.8762,325.9,1,1,2014-08-12,0519,Aqua,MODIS,33,6.2,312.3,9.6,D,0
-15.1119,125.8748,324.4,1,1,2014-08-12,0519,Aqua,MODIS,24,6.2,311.4,7.8,D,0
-15.1268,125.9025,328.2,1,1,2014-08-12,0519,Aqua,MODIS,56,6.2,312.8,10.7,D,0
-15.1182,125.8948,337.2,1,1,2014-08-12,0519,Aqua,MODIS,84,6.2,312,23.6,D,0
-15.1196,125.8855,336.4,1,1,2014-08-12,0519,Aqua,MODIS,83,6.2,314.6,23.1,D,0
-13.0919,130.8793,325.6,1.7,1.3,2014-08-12,0519,Aqua,MODIS,70,6.2,306.7,16.9,D,0
-12.7565,135.5395,316.6,3.8,1.8,2014-08-12,0519,Aqua,MODIS,59,6.2,297.4,60.4,D,0
-12.7164,135.39,323.6,3.7,1.8,2014-08-12,0519,Aqua,MODIS,45,6.2,296.9,87.2,D,0
-13.0767,130.8301,321.6,1.7,1.3,2014-08-12,0519,Aqua,MODIS,47,6.2,305.4,9.2,D,0
-12.4881,132.644,330.4,2.3,1.5,2014-08-12,0519,Aqua,MODIS,57,6.2,306.4,55.1,D,0
-12.4868,132.5954,343.5,2.3,1.5,2014-08-12,0519,Aqua,MODIS,91,6.2,304,125,D,0
-12.4918,132.6228,326.7,2.3,1.5,2014-08-12,0519,Aqua,MODIS,44,6.2,305.6,43.1,D,0
-12.4833,132.6163,333.5,2.3,1.5,2014-08-12,0519,Aqua,MODIS,73,6.2,305.8,71.4,D,0
-12.4955,132.602,321.9,2.3,1.5,2014-08-12,0519,Aqua,MODIS,27,6.2,302.9,27.2,D,0
-12.6846,131.4813,321.1,1.9,1.3,2014-08-12,0519,Aqua,MODIS,65,6.2,306,20.1,D,0
-12.6883,131.4873,320.6,1.9,1.3,2014-08-12,0519,Aqua,MODIS,48,6.2,305.5,16.4,D,0
-12.2831,132.633,335.4,2.3,1.5,2014-08-12,0519,Aqua,MODIS,84,6.2,304.1,86.1,D,0
-12.3834,131.1454,328.9,1.8,1.3,2014-08-12,0519,Aqua,MODIS,73,6.2,304.8,39.9,D,0
-11.7907,130.8078,327.1,1.7,1.3,2014-08-12,0519,Aqua,MODIS,60,6.2,306.2,29.5,D,0
-11.7914,130.8172,325.2,1.7,1.3,2014-08-12,0519,Aqua,MODIS,67,6.2,305.8,27.7,D,0
-13.1121,130.8983,331.5,1.7,1.3,2014-08-12,0519,Aqua,MODIS,80,6.2,305.7,34.3,D,0
-11.6273,130.8991,321.6,1.8,1.3,2014-08-12,0519,Aqua,MODIS,26,6.2,304.7,18.8,D,0
-11.6183,130.881,337.3,1.8,1.3,2014-08-12,0519,Aqua,MODIS,87,6.2,305.9,62.3,D,0
-11.6093,130.8627,328.8,1.8,1.3,2014-08-12,0519,Aqua,MODIS,47,6.2,305.3,32.7,D,0
-11.6016,130.8543,327.4,1.8,1.3,2014-08-12,0519,Aqua,MODIS,55,6.2,305.2,32.4,D,0
-11.6214,131.083,316.1,1.8,1.3,2014-08-12,0519,Aqua,MODIS,53,6.2,301,14.5,D,0
-11.6041,130.8385,328.7,1.8,1.3,2014-08-12,0519,Aqua,MODIS,68,6.2,305.4,35.9,D,0
-11.5924,130.8365,327.1,1.8,1.3,2014-08-12,0519,Aqua,MODIS,61,6.2,303.9,32.8,D,0
-11.6624,130.9049,321.6,1.8,1.3,2014-08-12,0519,Aqua,MODIS,48,6.2,306,20.3,D,0
-11.6507,130.903,343.6,1.8,1.3,2014-08-12,0519,Aqua,MODIS,91,6.2,306.6,87.5,D,0
-11.63,130.8828,324.9,1.8,1.3,2014-08-12,0519,Aqua,MODIS,43,6.2,307.1,24.1,D,0
-11.6105,131.1502,320.6,1.9,1.3,2014-08-12,0519,Aqua,MODIS,41,6.2,303.8,20.3,D,0
-11.6224,131.1522,320.1,1.9,1.3,2014-08-12,0519,Aqua,MODIS,40,6.2,304.3,17.7,D,0
-12.6568,130.6492,327,1.6,1.3,2014-08-12,0519,Aqua,MODIS,72,6.2,307.6,28.9,D,0
-11.5583,131.3173,322.7,1.9,1.4,2014-08-12,0519,Aqua,MODIS,50,6.2,303.6,27.1,D,0
-12.668,130.6512,327.7,1.6,1.3,2014-08-12,0519,Aqua,MODIS,31,6.2,307,27.6,D,0
-12.2698,132.6306,327.7,2.3,1.5,2014-08-12,0519,Aqua,MODIS,76,6.2,302.7,51.3,D,0
-12.2734,132.6095,326.3,2.3,1.5,2014-08-12,0519,Aqua,MODIS,67,6.2,302.5,47.4,D,0
-11.7929,130.8827,316.9,1.8,1.3,2014-08-12,0519,Aqua,MODIS,63,6.2,304.3,14.6,D,0
-11.7571,130.4588,339.9,1.6,1.3,2014-08-12,0519,Aqua,MODIS,89,6.2,304.6,69.8,D,0
-14.8112,128.5003,341.9,1.1,1.1,2014-08-12,0519,Aqua,MODIS,69,6.2,313.1,37.9,D,0
-11.7572,130.4491,357.4,1.6,1.3,2014-08-12,0519,Aqua,MODIS,98,6.2,306.6,144.2,D,0
-11.7548,130.4639,323.4,1.6,1.3,2014-08-12,0519,Aqua,MODIS,70,6.2,303,23.8,D,0
-13.8556,130.0841,323.2,1.4,1.2,2014-08-12,0519,Aqua,MODIS,19,6.2,308.2,13.8,D,0
-11.7459,130.457,318.9,1.6,1.3,2014-08-12,0519,Aqua,MODIS,54,6.2,302,17.6,D,0
-13.7079,130.1278,319.8,1.4,1.2,2014-08-12,0519,Aqua,MODIS,36,6.2,307.5,11.5,D,0
-13.7314,130.1864,328.8,1.5,1.2,2014-08-12,0519,Aqua,MODIS,75,6.2,307.9,24.1,D,0
-13.7354,130.1938,320.4,1.5,1.2,2014-08-12,0519,Aqua,MODIS,46,6.2,307.4,8.9,D,0
-14.8128,128.4899,359.8,1.1,1.1,2014-08-12,0519,Aqua,MODIS,99,6.2,313.9,86.7,D,0
-14.8001,128.5092,334.3,1.1,1.1,2014-08-12,0519,Aqua,MODIS,63,6.2,310.5,27,D,0
-14.8033,128.4884,340.8,1.1,1.1,2014-08-12,0519,Aqua,MODIS,65,6.2,314.3,36.3,D,0
-14.8049,128.4781,346.5,1.1,1.1,2014-08-12,0519,Aqua,MODIS,67,6.2,312.8,49.6,D,0
-14.8064,128.4677,327.5,1.1,1.1,2014-08-12,0519,Aqua,MODIS,45,6.2,304.2,18.4,D,0
-14.4858,130.0038,322.6,1.4,1.2,2014-08-12,0519,Aqua,MODIS,56,6.2,311.7,8.3,D,0
-14.7938,128.4869,333.7,1.1,1.1,2014-08-12,0519,Aqua,MODIS,35,6.2,306.4,24.4,D,0
-14.7954,128.4765,352.4,1.1,1.1,2014-08-12,0519,Aqua,MODIS,0,6.2,307.8,65.1,D,0
-13.8767,130.0875,324.8,1.4,1.2,2014-08-12,0519,Aqua,MODIS,48,6.2,307.7,17.3,D,0
-13.864,130.0988,340.2,1.4,1.2,2014-08-12,0519,Aqua,MODIS,87,6.2,309.2,51.1,D,0
-11.7595,130.444,342.8,1.6,1.3,2014-08-12,0519,Aqua,MODIS,91,6.2,306.5,80.1,D,0
-12.1987,131.26,340.2,1.8,1.3,2014-08-12,0519,Aqua,MODIS,73,6.2,302.8,84.9,D,0
-12.6701,135.4089,321.6,3.8,1.8,2014-08-12,0519,Aqua,MODIS,70,6.2,294.2,88.9,D,0
-12.1889,131.2874,321.5,1.9,1.3,2014-08-12,0519,Aqua,MODIS,15,6.2,300.4,26.1,D,0
-12.007,133.5295,325.9,2.8,1.6,2014-08-12,0519,Aqua,MODIS,74,6.2,304,50.2,D,0
-12.5604,134.3753,322.5,3.1,1.7,2014-08-12,0519,Aqua,MODIS,52,6.2,299.5,65.8,D,0
-13.2754,135.6492,317.1,3.8,1.8,2014-08-12,0519,Aqua,MODIS,57,6.2,299.1,61.9,D,0
-12.5515,135.3809,320.3,3.8,1.8,2014-08-12,0519,Aqua,MODIS,66,6.2,294.2,80,D,0
-12.184,131.2747,331.8,1.9,1.3,2014-08-12,0519,Aqua,MODIS,52,6.2,303,53.7,D,0
-12.0055,133.524,324.2,2.8,1.6,2014-08-12,0519,Aqua,MODIS,62,6.2,304.3,39.5,D,0
-12.4702,132.614,325.2,2.3,1.5,2014-08-12,0519,Aqua,MODIS,14,6.2,305.3,36.1,D,0
-11.9672,133.2386,338.9,2.6,1.6,2014-08-12,0519,Aqua,MODIS,87,6.2,305,108.4,D,0
-12.6331,132.1107,333.9,2.1,1.4,2014-08-12,0519,Aqua,MODIS,83,6.2,305.9,66.2,D,0
-12.6886,135.6352,313.8,3.9,1.8,2014-08-12,0519,Aqua,MODIS,45,6.2,296.7,51.3,D,0
-12.1916,131.2705,328,1.9,1.3,2014-08-12,0519,Aqua,MODIS,72,6.2,303.1,44.7,D,0
-12.4314,131.4884,323.4,1.9,1.3,2014-08-12,0519,Aqua,MODIS,68,6.2,305.3,28.3,D,0
-13.2689,135.6837,316.9,3.8,1.8,2014-08-12,0519,Aqua,MODIS,56,6.2,298.8,62.4,D,0
-12.0732,136.404,318,4.6,2,2014-08-12,0519,Aqua,MODIS,64,6.2,296.8,95,D,0
-12.6457,132.1129,355.8,2.1,1.4,2014-08-12,0519,Aqua,MODIS,98,6.2,309.6,190.8,D,0
-13.2423,130.8013,324.3,1.6,1.3,2014-08-12,0519,Aqua,MODIS,62,6.2,302.8,20.8,D,0
-12.6425,132.132,322,2.1,1.4,2014-08-12,0519,Aqua,MODIS,43,6.2,305.9,24.7,D,0
-11.9617,133.1879,327.8,2.6,1.6,2014-08-12,0519,Aqua,MODIS,27,6.2,303.5,52.6,D,0
-12.3888,131.1519,343.2,1.8,1.3,2014-08-12,0519,Aqua,MODIS,79,6.2,305.6,91.1,D,0
-12.541,135.3837,315.1,3.8,1.8,2014-08-12,0519,Aqua,MODIS,32,6.2,291.1,46.4,D,0
-13.2804,135.6805,321.3,3.8,1.8,2014-08-12,0519,Aqua,MODIS,69,6.2,298.9,89.8,D,0
-12.3481,131.1392,324.8,1.8,1.3,2014-08-12,0519,Aqua,MODIS,72,6.2,309.9,27.4,D,0
-12.7626,135.5055,313.8,3.8,1.8,2014-08-12,0519,Aqua,MODIS,42,6.2,298.1,40.1,D,0
-11.9533,133.2359,337.5,2.6,1.6,2014-08-12,0519,Aqua,MODIS,86,6.2,302.6,103.3,D,0
-12.6299,132.1298,341,2.1,1.4,2014-08-12,0519,Aqua,MODIS,89,6.2,307.1,98.8,D,0
-12.1959,131.2767,332.5,1.9,1.3,2014-08-12,0519,Aqua,MODIS,76,6.2,301.8,59.2,D,0
-12.1459,133.4336,330.3,2.7,1.6,2014-08-12,0519,Aqua,MODIS,76,6.2,303.5,71.2,D,0
-12.7507,132.0414,335.7,2.1,1.4,2014-08-12,0519,Aqua,MODIS,85,6.2,306.6,70.8,D,0
-13.2399,130.8163,324,1.6,1.3,2014-08-12,0519,Aqua,MODIS,60,6.2,303.2,19.3,D,0
-11.9619,133.2299,334.3,2.6,1.6,2014-08-12,0519,Aqua,MODIS,86,6.2,303.5,80.6,D,0
-11.9579,133.2541,343.1,2.7,1.6,2014-08-12,0519,Aqua,MODIS,92,6.2,305.2,138.6,D,0
-12.4827,134.8863,330.9,3.4,1.7,2014-08-12,0519,Aqua,MODIS,81,6.2,298.2,136.7,D,0
-12.7515,135.5082,314.2,3.8,1.8,2014-08-12,0519,Aqua,MODIS,43,6.2,297.1,41.8,D,0
-11.9561,133.1793,329,2.6,1.6,2014-08-12,0519,Aqua,MODIS,74,6.2,302.5,65.1,D,0
-11.9077,133.2952,329.9,2.7,1.6,2014-08-12,0519,Aqua,MODIS,65,6.2,300.7,71,D,0
-11.9168,133.2793,332.2,2.7,1.6,2014-08-12,0519,Aqua,MODIS,72,6.2,301.9,82,D,0
-12.9176,132.2208,326,2.1,1.4,2014-08-12,0519,Aqua,MODIS,45,6.2,306.2,30.8,D,0
-12.4897,134.8831,328.8,3.4,1.7,2014-08-12,0519,Aqua,MODIS,79,6.2,297.3,119,D,0
-11.963,133.2627,331.3,2.7,1.6,2014-08-12,0519,Aqua,MODIS,80,6.2,303.3,63.3,D,0
-11.9125,133.3036,327.9,2.7,1.6,2014-08-12,0519,Aqua,MODIS,65,6.2,302,60.8,D,0
-34.4065,116.7898,310.5,3.1,1.7,2014-08-12,0652,Aqua,MODIS,66,6.2,287.7,56.3,D,0
-34.4037,116.7971,308.2,3.1,1.7,2014-08-12,0652,Aqua,MODIS,67,6.2,287.3,51.3,D,0
-32.8971,148.3613,306.3,1,1,2014-08-12,1300,Terra,MODIS,68,6.2,278.4,11.3,N,0
-27.557,149.4066,302.7,1.2,1.1,2014-08-12,1301,Terra,MODIS,51,6.2,276.1,13,N,0
-28.5384,146.1934,302.4,1,1,2014-08-12,1301,Terra,MODIS,49,6.2,275.2,9.4,N,0
-28.999,150.049,326,1.2,1.1,2014-08-12,1301,Terra,MODIS,100,6.2,279.2,38.4,N,0
-28.9969,150.0616,302.4,1.2,1.1,2014-08-12,1301,Terra,MODIS,49,6.2,278.6,12.1,N,0
-28.7677,149.9595,308.6,1.2,1.1,2014-08-12,1301,Terra,MODIS,75,6.2,276.8,17.7,N,0
-28.76,149.9448,334,1.2,1.1,2014-08-12,1301,Terra,MODIS,100,6.2,278.5,51.5,N,0
-28.7579,149.9573,316.2,1.2,1.1,2014-08-12,1301,Terra,MODIS,93,6.2,278.1,24.6,N,0
-28.7698,149.947,310.1,1.2,1.1,2014-08-12,1301,Terra,MODIS,79,6.2,277.1,19.2,N,0
-26.2063,150.3963,330.8,1.4,1.2,2014-08-12,1302,Terra,MODIS,100,6.2,287.7,53.5,N,0
-26.2088,150.3821,327.2,1.4,1.2,2014-08-12,1302,Terra,MODIS,100,6.2,286.6,45.7,N,0
-25.3843,145.8875,303.7,1,1,2014-08-12,1302,Terra,MODIS,57,6.2,281.9,8.8,N,0
-25.3739,145.8958,316.2,1,1,2014-08-12,1302,Terra,MODIS,93,6.2,282.4,17.1,N,0
-25.3753,145.8859,312.5,1,1,2014-08-12,1302,Terra,MODIS,85,6.2,282.1,14,N,0
-22.2735,147.6524,307.9,1.2,1.1,2014-08-12,1303,Terra,MODIS,73,6.2,285.7,13.1,N,0
-21.4583,148.3864,303.7,1.3,1.1,2014-08-12,1303,Terra,MODIS,57,6.2,282.5,12.7,N,0
-19.8535,147.2831,314.6,1.2,1.1,2014-08-12,1304,Terra,MODIS,90,6.2,286.2,20.2,N,0
-19.8553,147.2719,300.6,1.2,1.1,2014-08-12,1304,Terra,MODIS,31,6.2,284.2,8.3,N,0
-19.842,147.2926,348.4,1.2,1.1,2014-08-12,1304,Terra,MODIS,100,6.2,287.6,79.5,N,0
-19.8438,147.2814,346.7,1.2,1.1,2014-08-12,1304,Terra,MODIS,100,6.2,288.6,74.8,N,0
-19.8456,147.2701,314.9,1.2,1.1,2014-08-12,1304,Terra,MODIS,90,6.2,285.9,20.1,N,0
-17.5691,138.3205,303.2,1.9,1.3,2014-08-12,1305,Terra,MODIS,54,6.2,286.8,16.6,N,0
-13.9914,142.0893,301.5,1,1,2014-08-12,1305,Terra,MODIS,42,6.2,290.9,4.2,N,0
-15.9572,144.2378,308.8,1,1,2014-08-12,1305,Terra,MODIS,75,6.2,290.4,9.1,N,0
-14.3379,144.3594,301.4,1,1,2014-08-12,1305,Terra,MODIS,20,6.2,291.3,3.4,N,0
-15.9959,136.1839,301.4,2.5,1.5,2014-08-12,1305,Terra,MODIS,41,6.2,290.4,20.3,N,0
-16.0016,136.1902,303.6,2.5,1.5,2014-08-12,1305,Terra,MODIS,56,6.2,290.7,23.8,N,0
-16.1886,144.6703,300.4,1,1,2014-08-12,1305,Terra,MODIS,26,6.2,286.9,5.4,N,0
-12.6837,135.3681,307.3,2.6,1.6,2014-08-12,1306,Terra,MODIS,71,6.2,291.2,32.7,N,0
-12.1112,133.4103,309.7,3.7,1.8,2014-08-12,1306,Terra,MODIS,67,6.2,292.8,55.3,N,0
-12.1036,133.4028,306.4,3.7,1.8,2014-08-12,1306,Terra,MODIS,45,6.2,292.7,40.1,N,0
-13.1534,141.901,301.3,1,1,2014-08-12,1306,Terra,MODIS,40,6.2,288.9,4.2,N,0
-33.7246,122.2602,312.8,1,1,2014-08-12,1439,Terra,MODIS,86,6.2,279.2,15.9,N,0
-33.7049,122.2677,319.2,1,1,2014-08-12,1439,Terra,MODIS,98,6.2,277.4,21.5,N,0
-33.7231,122.2713,302.9,1,1,2014-08-12,1439,Terra,MODIS,46,6.2,278.4,9.2,N,0
-33.7155,122.2585,301.3,1,1,2014-08-12,1439,Terra,MODIS,30,6.2,278.4,8.2,N,0
-33.714,122.2695,331.9,1,1,2014-08-12,1439,Terra,MODIS,100,6.2,280.2,36.3,N,0
-20.6282,119.1062,301.6,1,1,2014-08-12,1442,Terra,MODIS,43,6.2,288.3,6.1,N,0
-22.8043,119.9707,304.3,1,1,2014-08-12,1442,Terra,MODIS,59,6.2,286.5,7.5,N,0
-17.2819,122.3347,312.2,1.2,1.1,2014-08-12,1443,Terra,MODIS,25,6.2,291.2,13.9,N,0
-17.069,122.7678,300.5,1.3,1.1,2014-08-12,1443,Terra,MODIS,11,6.2,289.6,6.8,N,0
-17.4079,122.3146,305.7,1.2,1.1,2014-08-12,1443,Terra,MODIS,35,6.2,291.4,8.7,N,0
-16.3914,123.7345,305.7,1.6,1.2,2014-08-12,1443,Terra,MODIS,11,6.2,292.3,10.1,N,0
-16.3939,123.7197,316.3,1.6,1.2,2014-08-12,1443,Terra,MODIS,93,6.2,293.5,25.4,N,0
-16.3828,123.7177,318.1,1.6,1.2,2014-08-12,1443,Terra,MODIS,42,6.2,293.8,26.6,N,0
-16.3853,123.7026,348.9,1.6,1.2,2014-08-12,1443,Terra,MODIS,100,6.2,298.9,110.5,N,0
-16.3877,123.6881,328.7,1.6,1.2,2014-08-12,1443,Terra,MODIS,96,6.2,297.1,48.1,N,0
-16.9878,122.57,300.9,1.3,1.1,2014-08-12,1443,Terra,MODIS,35,6.2,290.3,6.3,N,0
-17.2935,122.5184,302.8,1.3,1.1,2014-08-12,1443,Terra,MODIS,40,6.2,290.9,8,N,0
-17.1807,122.9099,301.4,1.4,1.2,2014-08-12,1443,Terra,MODIS,33,6.2,289.7,8.3,N,0
-17.1969,122.9192,300.8,1.4,1.2,2014-08-12,1443,Terra,MODIS,25,6.2,288.8,7.5,N,0
-17.444,122.3446,310.5,1.2,1.1,2014-08-12,1443,Terra,MODIS,71,6.2,291.2,12.7,N,0
-17.4223,122.3529,313.9,1.2,1.1,2014-08-12,1443,Terra,MODIS,88,6.2,291.6,16.1,N,0
-17.4142,122.3396,306.2,1.2,1.1,2014-08-12,1443,Terra,MODIS,19,6.2,291.8,8.3,N,0
-17.281,122.3402,312.4,1.3,1.1,2014-08-12,1443,Terra,MODIS,35,6.2,291.4,14.2,N,0
-16.4281,123.7922,324.8,1.6,1.2,2014-08-12,1443,Terra,MODIS,100,6.2,294.7,41.7,N,0
-16.9796,122.5561,317.8,1.3,1.1,2014-08-12,1443,Terra,MODIS,96,6.2,291.5,22.7,N,0
-16.9702,122.5612,304.6,1.3,1.1,2014-08-12,1443,Terra,MODIS,61,6.2,290.3,9,N,0
-16.9819,122.6066,301.5,1.3,1.1,2014-08-12,1443,Terra,MODIS,42,6.2,289.7,7.1,N,0
-16.9721,122.549,311.9,1.3,1.1,2014-08-12,1443,Terra,MODIS,84,6.2,290.4,16.4,N,0
-17.2674,122.3619,311.6,1.3,1.1,2014-08-12,1443,Terra,MODIS,83,6.2,291.1,14.4,N,0
-17.4522,122.358,304.8,1.2,1.1,2014-08-12,1443,Terra,MODIS,25,6.2,290.9,7.7,N,0
-16.4257,123.8064,346.9,1.6,1.2,2014-08-12,1443,Terra,MODIS,100,6.2,297.4,108.4,N,0
-16.4392,123.7941,317.5,1.6,1.2,2014-08-12,1443,Terra,MODIS,66,6.2,293.9,26.5,N,0
-16.4369,123.8083,361.6,1.6,1.2,2014-08-12,1443,Terra,MODIS,100,6.2,300.2,177.4,N,0
-16.4455,123.8256,308,1.6,1.2,2014-08-12,1443,Terra,MODIS,28,6.2,293.5,13.6,N,0
-16.4781,123.8377,308,1.6,1.2,2014-08-12,1443,Terra,MODIS,15,6.2,293.6,13.2,N,0
-16.4479,123.8109,306.1,1.6,1.2,2014-08-12,1443,Terra,MODIS,18,6.2,293.4,11.2,N,0
-18.9484,121.7112,300.1,1.1,1.1,2014-08-12,1443,Terra,MODIS,6,6.2,287.1,5.5,N,0
-18.943,121.7152,300.1,1.1,1.1,2014-08-12,1443,Terra,MODIS,15,6.2,287.4,5.9,N,0
-16.3493,128.2289,308.4,3.4,1.7,2014-08-12,1443,Terra,MODIS,74,6.2,292.3,51,N,0
-16.3553,128.1975,303.6,3.4,1.7,2014-08-12,1443,Terra,MODIS,56,6.2,291.4,33.2,N,0
-16.3552,128.2245,307.7,3.4,1.7,2014-08-12,1443,Terra,MODIS,72,6.2,292.2,47.6,N,0
-14.1616,143.6015,312.6,1.5,1.2,2014-08-12,1609,Aqua,MODIS,85,6.2,289.6,21.1,N,0
-14.1133,143.5995,301.5,1.5,1.2,2014-08-12,1609,Aqua,MODIS,42,6.2,288.9,8.9,N,0
-14.1724,143.6,302.9,1.5,1.2,2014-08-12,1609,Aqua,MODIS,52,6.2,288.9,10.3,N,0
-12.1101,133.4265,301.1,2.2,1.4,2014-08-12,1609,Aqua,MODIS,38,6.2,291,13.8,N,0
-12.4443,133.9235,310.1,1.9,1.4,2014-08-12,1609,Aqua,MODIS,79,6.2,293.2,24.9,N,0
-11.9234,133.4106,300.8,2.2,1.4,2014-08-12,1609,Aqua,MODIS,34,6.2,290,14.4,N,0
-11.92,133.3909,307.5,2.2,1.4,2014-08-12,1609,Aqua,MODIS,72,6.2,290.4,27.2,N,0
-13.1097,130.9155,302.7,3.2,1.7,2014-08-12,1609,Aqua,MODIS,43,6.2,286.4,32.8,N,0
-13.1079,130.9108,305.4,3.2,1.7,2014-08-12,1609,Aqua,MODIS,64,6.2,287.5,44.1,N,0
-13.3376,130.7306,309.7,3.3,1.7,2014-08-12,1609,Aqua,MODIS,78,6.2,290.1,53.2,N,0
-13.3321,130.7243,304.6,3.3,1.7,2014-08-12,1609,Aqua,MODIS,61,6.2,289.7,35.5,N,0
-13.3429,130.7605,302.9,3.3,1.7,2014-08-12,1609,Aqua,MODIS,27,6.2,291.1,27.3,N,0
-13.3377,130.754,302.5,3.3,1.7,2014-08-12,1609,Aqua,MODIS,37,6.2,290.7,27.5,N,0
-17.5598,138.3295,305.4,1,1,2014-08-12,1610,Aqua,MODIS,64,6.2,288.8,7.8,N,0
-16.7442,136.901,301.5,1.1,1,2014-08-12,1610,Aqua,MODIS,29,6.2,289.1,5.7,N,0
-16.7536,136.8994,302.5,1.1,1,2014-08-12,1610,Aqua,MODIS,35,6.2,289.1,6.3,N,0
-16.3363,128.215,300.9,4.4,1.9,2014-08-12,1610,Aqua,MODIS,35,6.2,290.4,41.1,N,0
-16.337,128.2228,301.6,4.4,1.9,2014-08-12,1610,Aqua,MODIS,43,6.2,290.5,44.5,N,0
-15.9726,136.1682,301.7,1.2,1.1,2014-08-12,1610,Aqua,MODIS,32,6.2,290.3,6.1,N,0
-15.9993,136.2095,314.4,1.2,1.1,2014-08-12,1610,Aqua,MODIS,89,6.2,291.6,16.4,N,0
-15.9975,136.1984,309.8,1.2,1.1,2014-08-12,1610,Aqua,MODIS,55,6.2,291,11.3,N,0
-16.3801,123.7394,309.2,3.7,1.8,2014-08-12,1748,Aqua,MODIS,65,6.2,290.4,59.6,N,0
-16.3867,123.731,312.5,3.7,1.8,2014-08-12,1748,Aqua,MODIS,79,6.2,290.7,73.7,N,0
-16.3832,123.6958,315.8,3.7,1.8,2014-08-12,1748,Aqua,MODIS,89,6.2,293.3,88.8,N,0
-17.2851,122.3475,312,3,1.6,2014-08-12,1749,Aqua,MODIS,84,6.2,291.1,55.8,N,0
-17.2843,122.3405,310.6,3,1.6,2014-08-12,1749,Aqua,MODIS,81,6.2,291.1,50.5,N,0
-26.202,150.3975,339.8,1.2,1.1,2014-08-12,2359,Terra,MODIS,91,6.2,294.6,55.7,D,0
-26.2041,150.4097,311.1,1.2,1.1,2014-08-12,2359,Terra,MODIS,64,6.2,292.1,11.2,D,0
-24.0653,148.5133,313.3,1.8,1.3,2014-08-12,2359,Terra,MODIS,60,6.2,297.8,14.8,D,0
-26.1999,150.3853,355.7,1.2,1.1,2014-08-12,2359,Terra,MODIS,98,6.2,295.3,99.7,D,0
-26.2078,150.371,303.9,1.2,1.1,2014-08-12,2359,Terra,MODIS,30,6.2,289.7,5.6,D,0
-26.2098,150.3833,355.1,1.2,1.1,2014-08-12,2359,Terra,MODIS,98,6.2,293.6,98.6,D,0
-26.2119,150.3955,313.1,1.2,1.1,2014-08-12,2359,Terra,MODIS,70,6.2,292.3,13.5,D,0
-26.214,150.4077,303.7,1.2,1.1,2014-08-12,2359,Terra,MODIS,11,6.2,291.6,5,D,0
-26.0588,151.893,316.6,1.1,1,2014-08-12,2359,Terra,MODIS,76,6.2,290.7,14.7,D,0
-25.9811,148.356,312.2,1.6,1.3,2014-08-12,2359,Terra,MODIS,68,6.2,293.6,13.9,D,0
-24.6618,151.3111,323.8,1.2,1.1,2014-08-12,2359,Terra,MODIS,81,6.2,293.1,25.1,D,0
-25.7244,150.7946,336.3,1.2,1.1,2014-08-12,2359,Terra,MODIS,89,6.2,291.4,46.2,D,0
-25.7263,150.8065,313.7,1.2,1.1,2014-08-12,2359,Terra,MODIS,71,6.2,287.9,13.1,D,0
-26.1202,151.0743,304.3,1.1,1.1,2014-08-12,2359,Terra,MODIS,40,6.2,291,5.8,D,0
-26.1278,151.0608,303.4,1.1,1.1,2014-08-12,2359,Terra,MODIS,33,6.2,291.8,5.1,D,0
-31.2342,152.7857,301,1,1,2014-08-13,0000,Terra,MODIS,44,6.2,287,4.6,D,0
-28.7086,151.7913,303.8,1,1,2014-08-13,0000,Terra,MODIS,26,6.2,287.9,6.2,D,0
-29.5214,152.7711,305.8,1,1,2014-08-13,0000,Terra,MODIS,62,6.2,289,6.1,D,0
-28.6978,151.7825,309.9,1,1,2014-08-13,0000,Terra,MODIS,67,6.2,288.9,10.2,D,0
-29.5229,152.7814,331.4,1,1,2014-08-13,0000,Terra,MODIS,87,6.2,290.5,30.2,D,0
-29.9303,152.987,301.1,1,1,2014-08-13,0000,Terra,MODIS,32,6.2,289.6,3.2,D,0
-28.7069,151.7807,311.2,1,1,2014-08-13,0000,Terra,MODIS,71,6.2,288.2,11.3,D,0
-29.5244,152.7917,302,1,1,2014-08-13,0000,Terra,MODIS,38,6.2,291.1,3.6,D,0
-29.8181,151.6899,301.5,1,1,2014-08-13,0000,Terra,MODIS,48,6.2,287.8,4.4,D,0
-28.4149,149.9986,303.7,1.2,1.1,2014-08-13,0000,Terra,MODIS,40,6.2,284.5,5.6,D,0
-29.5101,150.5811,306.3,1.1,1,2014-08-13,0000,Terra,MODIS,63,6.2,291.3,6.5,D,0
-29.5082,150.5698,309.7,1.1,1,2014-08-13,0000,Terra,MODIS,69,6.2,290.7,9.3,D,0
-31.506,150.9288,305.8,1,1,2014-08-13,0001,Terra,MODIS,62,6.2,289,7.6,D,0
-34.459,150.8771,304.5,1,1,2014-08-13,0001,Terra,MODIS,51,6.2,288.6,6.5,D,0
-32.0971,146.5961,306.5,1.6,1.2,2014-08-13,0001,Terra,MODIS,64,6.2,288.2,15,D,0
-33.1646,148.3816,308.3,1.2,1.1,2014-08-13,0001,Terra,MODIS,67,6.2,285.6,13.4,D,0
-34.4607,150.888,310.2,1,1,2014-08-13,0001,Terra,MODIS,0,6.2,288.8,10.2,D,2
-37.2418,149.4194,300.2,1,1,2014-08-13,0002,Terra,MODIS,14,6.2,281.2,6.1,D,0
-12.0816,136.4121,322.2,1.5,1.2,2014-08-13,0134,Terra,MODIS,75,6.2,301.3,21.5,D,0
-12.6727,135.3556,311.2,1.3,1.1,2014-08-13,0134,Terra,MODIS,17,6.2,294.2,6.8,D,0
-12.3734,131.157,330.2,1,1,2014-08-13,0134,Terra,MODIS,75,6.2,308.1,18.5,D,0
-12.4497,133.8857,340.4,1.1,1,2014-08-13,0134,Terra,MODIS,89,6.2,303.9,41.2,D,0
-12.6252,132.1035,388,1,1,2014-08-13,0134,Terra,MODIS,100,6.2,313.9,174.2,D,0
-11.9935,133.3946,327.1,1,1,2014-08-13,0134,Terra,MODIS,72,6.2,309,11.5,D,0
-12.6265,132.1126,369.1,1,1,2014-08-13,0134,Terra,MODIS,100,6.2,311.8,98,D,0
-12.6534,132.1086,374.4,1,1,2014-08-13,0134,Terra,MODIS,100,6.2,312.5,117.4,D,0
-12.1896,131.2835,345.9,1,1,2014-08-13,0134,Terra,MODIS,92,6.2,305.7,46.2,D,0
-11.7763,133.2273,330.4,1,1,2014-08-13,0134,Terra,MODIS,80,6.2,308,17.1,D,0
-12.6162,132.1048,353.4,1,1,2014-08-13,0134,Terra,MODIS,96,6.2,309.7,55.6,D,0
-12.9103,132.1637,324.6,1,1,2014-08-13,0134,Terra,MODIS,56,6.2,308.5,9.1,D,0
-12.6175,132.114,330.5,1,1,2014-08-13,0134,Terra,MODIS,63,6.2,309.3,14.8,D,0
-12.2355,141.9437,321.1,4,1.9,2014-08-13,0134,Terra,MODIS,56,6.2,292.2,102.4,D,0
-12.1548,131.2983,331.3,1,1,2014-08-13,0134,Terra,MODIS,55,6.2,304.4,19.6,D,0
-12.6521,132.0995,352.8,1,1,2014-08-13,0134,Terra,MODIS,96,6.2,308.5,54.5,D,0
-12.006,133.5479,323.1,1,1,2014-08-13,0134,Terra,MODIS,38,6.2,305,9.8,D,0
-12.8188,132.2301,323,1,1,2014-08-13,0134,Terra,MODIS,44,6.2,309.1,8.7,D,0
-12.2445,133.6683,331.9,1.1,1,2014-08-13,0134,Terra,MODIS,82,6.2,309.9,20.4,D,0
-12.1986,131.2821,349.5,1,1,2014-08-13,0134,Terra,MODIS,94,6.2,303.2,54.8,D,0
-11.8897,133.1187,350.5,1,1,2014-08-13,0134,Terra,MODIS,95,6.2,307.7,53.9,D,0
-11.9602,133.2265,326.4,1,1,2014-08-13,0134,Terra,MODIS,59,6.2,310.2,11,D,0
-11.891,133.128,344.3,1,1,2014-08-13,0134,Terra,MODIS,91,6.2,307.4,41.6,D,0
-12.1729,131.2955,335.1,1,1,2014-08-13,0134,Terra,MODIS,59,6.2,305.3,25.6,D,0
-12.1528,133.7368,328.7,1.1,1,2014-08-13,0134,Terra,MODIS,78,6.2,307.2,15.4,D,0
-12.736,132.0435,354.8,1,1,2014-08-13,0134,Terra,MODIS,97,6.2,310.6,60.9,D,0
-12.6202,132.1322,331.4,1,1,2014-08-13,0134,Terra,MODIS,37,6.2,309.7,15.9,D,0
-12.6863,135.9771,349.1,1.4,1.2,2014-08-13,0134,Terra,MODIS,95,6.2,297.8,88.5,D,0
-12.1077,133.4199,327.2,1,1,2014-08-13,0134,Terra,MODIS,62,6.2,307.8,11.9,D,0
-12.0027,133.3933,325.4,1,1,2014-08-13,0134,Terra,MODIS,60,6.2,308.5,9.5,D,0
-12.4054,131.4937,316.6,1,1,2014-08-13,0134,Terra,MODIS,34,6.2,304.1,6,D,0
-12.6723,132.0498,327.4,1,1,2014-08-13,0134,Terra,MODIS,75,6.2,308.1,12.4,D,0
-12.7449,132.0421,322.7,1,1,2014-08-13,0134,Terra,MODIS,64,6.2,307.8,9.2,D,0
-12.6925,135.9837,328.7,1.4,1.2,2014-08-13,0134,Terra,MODIS,75,6.2,298.6,33.6,D,0
-11.8826,133.2627,324.9,1,1,2014-08-13,0134,Terra,MODIS,28,6.2,304.9,11.2,D,0
-12.6445,132.11,329.6,1,1,2014-08-13,0134,Terra,MODIS,30,6.2,309.9,14,D,0
-11.82,133.1448,345.7,1,1,2014-08-13,0134,Terra,MODIS,92,6.2,306.5,43.7,D,0
-12.2049,131.2621,316.6,1,1,2014-08-13,0134,Terra,MODIS,33,6.2,301.8,8.9,D,0
-12.6149,132.0957,357.9,1,1,2014-08-13,0134,Terra,MODIS,99,6.2,307.6,69.2,D,0
-12.1838,134.2667,324.4,1.1,1.1,2014-08-13,0134,Terra,MODIS,73,6.2,304.9,14.8,D,0
-12.1877,134.2597,319.6,1.1,1.1,2014-08-13,0134,Terra,MODIS,63,6.2,305.1,9.7,D,0
-12.9116,132.1728,335.1,1,1,2014-08-13,0134,Terra,MODIS,84,6.2,310.3,23.9,D,0
-11.9197,133.3919,331.3,1,1,2014-08-13,0134,Terra,MODIS,68,6.2,308.5,19.7,D,0
-12.6743,135.3674,314.2,1.3,1.1,2014-08-13,0134,Terra,MODIS,23,6.2,294.4,9.4,D,0
-11.8984,133.3084,359.7,1,1,2014-08-13,0134,Terra,MODIS,99,6.2,309.5,77.4,D,0
-12.1891,134.2699,318,1.1,1.1,2014-08-13,0134,Terra,MODIS,58,6.2,303.1,8.1,D,0
-12.372,131.1477,395,1,1,2014-08-13,0134,Terra,MODIS,100,6.2,315.7,221.6,D,0
-11.8524,142.1969,319,4.1,1.9,2014-08-13,0134,Terra,MODIS,70,6.2,289.9,96.6,D,0
-12.6962,135.6856,314.1,1.4,1.2,2014-08-13,0134,Terra,MODIS,34,6.2,300.3,10.7,D,0
-12.2063,131.2714,330.2,1,1,2014-08-13,0134,Terra,MODIS,76,6.2,301.7,23.9,D,0
-12.1742,134.4043,339,1.1,1.1,2014-08-13,0134,Terra,MODIS,88,6.2,304,40,D,0
-12.3809,131.1497,327.8,1,1,2014-08-13,0134,Terra,MODIS,78,6.2,306.7,17.1,D,0
-12.422,131.4818,319.9,1,1,2014-08-13,0134,Terra,MODIS,61,6.2,306.1,8.8,D,0
-12.1196,133.4376,329.8,1,1,2014-08-13,0134,Terra,MODIS,35,6.2,309,15.3,D,0
-12.3615,131.1397,322.1,1,1,2014-08-13,0134,Terra,MODIS,50,6.2,306,9.1,D,0
-11.8355,133.1236,358.3,1,1,2014-08-13,0134,Terra,MODIS,99,6.2,309.8,73.6,D,0
-12.8264,132.2197,333.6,1,1,2014-08-13,0134,Terra,MODIS,83,6.2,311.2,20.6,D,0
-12.6813,132.0484,324,1,1,2014-08-13,0134,Terra,MODIS,68,6.2,309.4,8.9,D,0
-12.1805,131.2849,340.3,1,1,2014-08-13,0134,Terra,MODIS,89,6.2,306.2,35,D,0
-12.913,132.182,330,1,1,2014-08-13,0134,Terra,MODIS,79,6.2,310.4,16.7,D,0
-12.2432,133.6586,328,1.1,1,2014-08-13,0134,Terra,MODIS,77,6.2,308,14.2,D,0
-12.9134,132.2474,336.2,1,1,2014-08-13,0134,Terra,MODIS,85,6.2,308.4,25.5,D,0
-12.0178,134.1514,326.6,1.1,1,2014-08-13,0134,Terra,MODIS,73,6.2,306.7,16.4,D,0
-13.1096,130.9107,320.2,1,1,2014-08-13,0134,Terra,MODIS,56,6.2,308.3,7,D,0
-13.0785,130.8286,322.3,1,1,2014-08-13,0134,Terra,MODIS,66,6.2,307.2,7.7,D,0
-12.3795,131.1404,353.2,1,1,2014-08-13,0134,Terra,MODIS,96,6.2,307.2,61.7,D,0
-12.6238,132.0944,340,1,1,2014-08-13,0134,Terra,MODIS,88,6.2,307.5,31.2,D,0
-12.2537,134.3865,320.6,1.1,1.1,2014-08-13,0134,Terra,MODIS,66,6.2,303.6,10.4,D,0
-12.0084,134.1527,321.9,1.1,1,2014-08-13,0134,Terra,MODIS,44,6.2,304.6,10,D,0
-11.7777,133.2366,331.6,1,1,2014-08-13,0134,Terra,MODIS,81,6.2,309.1,18.7,D,0
-12.6355,132.1113,333,1,1,2014-08-13,0134,Terra,MODIS,28,6.2,309.3,16.5,D,0
-12.6135,132.0866,340.4,1,1,2014-08-13,0134,Terra,MODIS,89,6.2,303.5,33.3,D,0
-13.0163,131.2054,321.3,1,1,2014-08-13,0134,Terra,MODIS,45,6.2,307.9,6.6,D,0
-12.1091,133.4294,337.7,1,1,2014-08-13,0134,Terra,MODIS,86,6.2,309,27.5,D,0
-12.7777,132.14,327.4,1,1,2014-08-13,0134,Terra,MODIS,77,6.2,308.2,14.3,D,0
-12.7436,132.033,320.2,1,1,2014-08-13,0134,Terra,MODIS,43,6.2,308.3,6.8,D,0
-12.12,131.31,317.2,1,1,2014-08-13,0134,Terra,MODIS,0,6.2,302.3,6.2,D,0
-12.8277,132.2288,348.5,1,1,2014-08-13,0134,Terra,MODIS,94,6.2,310.9,46.3,D,0
-11.9085,133.2494,327.6,1,1,2014-08-13,0134,Terra,MODIS,61,6.2,308.3,12.9,D,0
-11.8277,133.1342,320.4,1,1,2014-08-13,0134,Terra,MODIS,16,6.2,307.9,7.9,D,0
-12.6957,135.7619,318.8,1.4,1.2,2014-08-13,0134,Terra,MODIS,69,6.2,298.6,17.9,D,0
-12.1972,131.2728,347.5,1,1,2014-08-13,0134,Terra,MODIS,93,6.2,307.7,50.7,D,0
-12.9143,132.1911,330,1,1,2014-08-13,0134,Terra,MODIS,77,6.2,309.4,16.6,D,0
-12.6799,132.0393,325.3,1,1,2014-08-13,0134,Terra,MODIS,75,6.2,308.2,10.8,D,0
-12.7346,132.0343,351.8,1,1,2014-08-13,0134,Terra,MODIS,96,6.2,308.6,53.7,D,0
-11.9014,133.136,319.9,1,1,2014-08-13,0134,Terra,MODIS,56,6.2,305.6,7.2,D,0
-12.6877,135.3899,326.1,1.3,1.1,2014-08-13,0134,Terra,MODIS,65,6.2,296.7,22.9,D,0
-12.0709,142.1924,310.8,4.1,1.9,2014-08-13,0134,Terra,MODIS,35,6.2,291.3,38.4,D,0
-12.2194,131.1775,343.4,1,1,2014-08-13,0134,Terra,MODIS,86,6.2,305.6,45.6,D,0
-11.8971,133.299,337.2,1,1,2014-08-13,0134,Terra,MODIS,84,6.2,307.6,28.3,D,0
-11.9001,133.1267,336.2,1,1,2014-08-13,0134,Terra,MODIS,85,6.2,307.6,27.9,D,0
-11.9914,133.5657,324.8,1,1,2014-08-13,0134,Terra,MODIS,53,6.2,305.7,9.3,D,0
-12.446,133.927,346.5,1.1,1,2014-08-13,0134,Terra,MODIS,93,6.2,304.3,52.1,D,0
-12.2317,133.5126,326.1,1,1,2014-08-13,0134,Terra,MODIS,75,6.2,306.3,13.6,D,0
-12.6709,132.0406,354.3,1,1,2014-08-13,0134,Terra,MODIS,97,6.2,309.9,59.2,D,0
-12.9121,132.2383,328.4,1,1,2014-08-13,0134,Terra,MODIS,52,6.2,308.6,14,D,0
-12.9107,135.3887,334.1,1.3,1.1,2014-08-13,0134,Terra,MODIS,85,6.2,300.9,40.5,D,0
-11.8187,133.1355,359.8,1,1,2014-08-13,0134,Terra,MODIS,99,6.2,307.5,77.3,D,0
-11.825,133.1156,408.3,1,1,2014-08-13,0134,Terra,MODIS,100,6.2,315.9,305.6,D,0
-12.6225,132.0852,321.8,1,1,2014-08-13,0134,Terra,MODIS,45,6.2,305.4,8.9,D,0
-12.9005,135.3901,318,1.3,1.1,2014-08-13,0134,Terra,MODIS,67,6.2,301,13.1,D,0
-12.4234,131.491,356.4,1,1,2014-08-13,0134,Terra,MODIS,98,6.2,307.6,69.3,D,0
-13.2313,130.7987,325,1,1,2014-08-13,0134,Terra,MODIS,54,6.2,307.7,11.5,D,0
-12.921,132.2369,328.4,1,1,2014-08-13,0134,Terra,MODIS,49,6.2,308.4,14.3,D,0
-13.2298,130.7892,322.3,1,1,2014-08-13,0134,Terra,MODIS,53,6.2,306.5,9.3,D,0
-11.8485,142.2031,319.4,4.1,1.9,2014-08-13,0134,Terra,MODIS,71,6.2,289.7,95.1,D,0
-11.8264,133.1249,358.4,1,1,2014-08-13,0134,Terra,MODIS,99,6.2,311.5,74.2,D,0
-12.1514,133.7271,327,1.1,1,2014-08-13,0134,Terra,MODIS,75,6.2,306.6,13.3,D,0
-12.1885,133.5384,324.7,1.1,1,2014-08-13,0134,Terra,MODIS,72,6.2,307.5,10.7,D,0
-12.7373,132.0526,323.2,1,1,2014-08-13,0134,Terra,MODIS,55,6.2,308.7,8.7,D,0
-12.9157,132.2003,332.3,1,1,2014-08-13,0134,Terra,MODIS,58,6.2,308.7,18.6,D,0
-12.8542,132.3466,320.3,1,1,2014-08-13,0134,Terra,MODIS,27,6.2,307.6,7.1,D,0
-11.6071,133.4523,329.7,1,1,2014-08-13,0134,Terra,MODIS,72,6.2,305.7,18.5,D,0
-13.1187,130.9093,319.1,1,1,2014-08-13,0134,Terra,MODIS,42,6.2,307.7,6.3,D,0
-12.2685,135.0834,316.7,1.2,1.1,2014-08-13,0134,Terra,MODIS,53,6.2,302.4,8.9,D,0
-12.1756,134.4147,318.1,1.1,1.1,2014-08-13,0134,Terra,MODIS,54,6.2,303,8.7,D,0
-13.3658,130.9002,321,1,1,2014-08-13,0134,Terra,MODIS,20,6.2,306.2,7.5,D,0
-11.9244,142.227,311.7,4.1,1.9,2014-08-13,0134,Terra,MODIS,50,6.2,289.9,46.8,D,0
-13.2939,131.0328,330.5,1,1,2014-08-13,0134,Terra,MODIS,76,6.2,307.8,17.2,D,0
-12.1327,136.5451,331,1.5,1.2,2014-08-13,0134,Terra,MODIS,84,6.2,298.9,42.2,D,0
-12.1233,136.5401,322.5,1.5,1.2,2014-08-13,0134,Terra,MODIS,75,6.2,298.3,23.9,D,0
-12.1342,136.5385,325.3,1.5,1.2,2014-08-13,0134,Terra,MODIS,68,6.2,299.5,28.3,D,0
-12.1452,136.5372,333.7,1.5,1.2,2014-08-13,0134,Terra,MODIS,86,6.2,299.2,47.9,D,0
-12.2126,136.5222,325.3,1.5,1.2,2014-08-13,0134,Terra,MODIS,77,6.2,298.6,30.1,D,0
-12.2108,136.5083,317.7,1.5,1.2,2014-08-13,0134,Terra,MODIS,41,6.2,297.8,15,D,0
-12.209,136.5146,328,1.5,1.2,2014-08-13,0134,Terra,MODIS,81,6.2,299.2,34.5,D,0
-13.3553,130.8922,328.6,1,1,2014-08-13,0134,Terra,MODIS,58,6.2,308.5,16.1,D,0
-13.6062,131.5781,339.3,1,1,2014-08-13,0134,Terra,MODIS,88,6.2,306.8,30.7,D,0
-13.4587,134.2538,317,1.1,1.1,2014-08-13,0134,Terra,MODIS,50,6.2,305.1,6,D,0
-11.9277,142.2196,314.2,4.1,1.9,2014-08-13,0134,Terra,MODIS,60,6.2,290.1,61.9,D,0
-13.3608,130.9842,338.8,1,1,2014-08-13,0134,Terra,MODIS,87,6.2,309,28.6,D,0
-12.0172,132.9835,335.3,1,1,2014-08-13,0134,Terra,MODIS,84,6.2,309,23.4,D,0
-13.3644,130.8909,320.4,1,1,2014-08-13,0134,Terra,MODIS,31,6.2,305.6,7.3,D,0
-12.6736,131.5004,322.3,1,1,2014-08-13,0134,Terra,MODIS,62,6.2,306.1,10.2,D,0
-12.2926,132.661,323.3,1,1,2014-08-13,0134,Terra,MODIS,36,6.2,306.9,9.9,D,0
-12.0981,133.095,323.8,1,1,2014-08-13,0134,Terra,MODIS,69,6.2,307.3,10.9,D,0
-13.303,131.0314,327.7,1,1,2014-08-13,0134,Terra,MODIS,41,6.2,307.9,13,D,0
-11.8578,132.9626,327.4,1,1,2014-08-13,0134,Terra,MODIS,57,6.2,309.8,15.1,D,0
-12.6722,131.4912,324.8,1,1,2014-08-13,0134,Terra,MODIS,72,6.2,308.5,12.9,D,0
-13.6004,132.2888,322.9,1,1,2014-08-13,0134,Terra,MODIS,26,6.2,304.5,10.2,D,0
-13.6794,132.2617,325.6,1,1,2014-08-13,0134,Terra,MODIS,61,6.2,306.7,11.7,D,0
-13.687,132.2512,320.1,1,1,2014-08-13,0134,Terra,MODIS,16,6.2,306.2,5.6,D,0
-11.6029,132.981,326.6,1,1,2014-08-13,0134,Terra,MODIS,57,6.2,306.3,13.8,D,0
-12.6645,131.5017,330,1,1,2014-08-13,0134,Terra,MODIS,75,6.2,305.6,18.3,D,0
-13.3797,130.6851,323.8,1,1,2014-08-13,0134,Terra,MODIS,71,6.2,305.3,12.5,D,0
-12.6632,131.4925,332.3,1,1,2014-08-13,0134,Terra,MODIS,82,6.2,305.8,21.3,D,0
-11.5912,132.9639,317.1,1,1,2014-08-13,0134,Terra,MODIS,12,6.2,305.6,6.4,D,0
-13.3262,130.8165,331.4,1,1,2014-08-13,0134,Terra,MODIS,81,6.2,305.7,20.8,D,0
-13.3276,130.8259,322.7,1,1,2014-08-13,0134,Terra,MODIS,67,6.2,306.3,10.2,D,0
-13.3686,130.7354,326.3,1,1,2014-08-13,0134,Terra,MODIS,26,6.2,308.5,10.3,D,0
-13.3321,130.741,331.4,1,1,2014-08-13,0134,Terra,MODIS,69,6.2,306.7,18.6,D,0
-12.0407,133.0179,322.6,1,1,2014-08-13,0134,Terra,MODIS,66,6.2,306,8.1,D,0
-13.3452,130.8811,323.3,1,1,2014-08-13,0134,Terra,MODIS,54,6.2,304.4,10.8,D,0
-12.3421,132.6848,323.6,1,1,2014-08-13,0134,Terra,MODIS,51,6.2,306.9,9,D,0
-12.3434,132.694,332.9,1,1,2014-08-13,0134,Terra,MODIS,83,6.2,309,21.4,D,0
-13.2849,131.0342,323.3,1,1,2014-08-13,0134,Terra,MODIS,23,6.2,308.9,8.7,D,0
-12.3447,132.7032,323.1,1,1,2014-08-13,0134,Terra,MODIS,42,6.2,307.9,9.3,D,0
-13.3888,130.6837,333.8,1,1,2014-08-13,0134,Terra,MODIS,83,6.2,305.6,25.2,D,0
-12.2109,136.5285,317,1.5,1.2,2014-08-13,0134,Terra,MODIS,22,6.2,296.4,13.9,D,0
-12.1964,136.5876,313.3,1.5,1.2,2014-08-13,0134,Terra,MODIS,9,6.2,296.1,10.6,D,0
-13.6048,131.569,326.7,1,1,2014-08-13,0134,Terra,MODIS,76,6.2,305.7,13.5,D,0
-13.9057,136.7248,310.6,1.7,1.3,2014-08-13,0134,Terra,MODIS,33,6.2,298.5,10,D,0
-12.2494,133.0606,323.6,1,1,2014-08-13,0134,Terra,MODIS,71,6.2,308.3,9,D,0
-12.248,133.0513,321.5,1,1,2014-08-13,0134,Terra,MODIS,63,6.2,308.7,7.1,D,0
-13.3701,130.9284,328.8,1,1,2014-08-13,0134,Terra,MODIS,74,6.2,305.8,16.3,D,0
-12.2545,136.5022,310,1.5,1.2,2014-08-13,0134,Terra,MODIS,26,6.2,294.5,7.8,D,0
-11.4548,132.8492,322.1,1,1,2014-08-13,0134,Terra,MODIS,70,6.2,305.4,9.9,D,0
-12.0638,132.9862,321.8,1,1,2014-08-13,0134,Terra,MODIS,51,6.2,307.2,8.9,D,0
-13.3455,131.0057,324,1,1,2014-08-13,0134,Terra,MODIS,49,6.2,307.3,8.7,D,0
-13.6152,131.5768,333.3,1,1,2014-08-13,0134,Terra,MODIS,83,6.2,307.5,22.7,D,0
-13.3142,130.7989,329,1,1,2014-08-13,0134,Terra,MODIS,78,6.2,304.9,17.1,D,0
-12.2235,136.5206,317.1,1.5,1.2,2014-08-13,0134,Terra,MODIS,28,6.2,297.7,16,D,0
-11.8441,133.059,352.7,1,1,2014-08-13,0134,Terra,MODIS,96,6.2,307.6,60,D,0
-11.8454,133.0683,336,1,1,2014-08-13,0134,Terra,MODIS,85,6.2,306.1,26.7,D,0
-12.0746,133.0604,328.9,1,1,2014-08-13,0134,Terra,MODIS,70,6.2,310,13.3,D,0
-12.2913,132.6518,336.6,1,1,2014-08-13,0134,Terra,MODIS,86,6.2,308.5,26.1,D,0
-11.9964,132.9647,322.1,1,1,2014-08-13,0134,Terra,MODIS,64,6.2,307.7,7,D,0
-13.3902,130.6932,350,1,1,2014-08-13,0134,Terra,MODIS,95,6.2,307.9,53.5,D,0
-11.8467,133.0776,346.2,1,1,2014-08-13,0134,Terra,MODIS,92,6.2,307.3,44.9,D,0
-13.3917,130.7027,347,1,1,2014-08-13,0134,Terra,MODIS,93,6.2,309.4,46.6,D,0
-11.8544,133.067,321.6,1,1,2014-08-13,0134,Terra,MODIS,22,6.2,307.2,7.8,D,0
-13.3931,130.7122,330,1,1,2014-08-13,0134,Terra,MODIS,80,6.2,310.1,17.8,D,0
-13.4022,130.7107,337.2,1,1,2014-08-13,0134,Terra,MODIS,81,6.2,304.9,28.2,D,0
-13.477,130.7804,323.8,1,1,2014-08-13,0134,Terra,MODIS,62,6.2,308,11.1,D,0
-12.0185,132.9928,339.4,1,1,2014-08-13,0134,Terra,MODIS,87,6.2,307.4,30.1,D,0
-13.4037,130.7202,330.6,1,1,2014-08-13,0134,Terra,MODIS,69,6.2,306.3,18.1,D,0
-11.6146,132.9982,319,1,1,2014-08-13,0134,Terra,MODIS,47,6.2,304.7,6.6,D,0
-11.8558,133.0762,358.2,1,1,2014-08-13,0134,Terra,MODIS,99,6.2,309.8,71.6,D,0
-13.5896,131.5901,323.9,1,1,2014-08-13,0134,Terra,MODIS,72,6.2,306.1,12,D,0
-13.591,131.5992,322.2,1,1,2014-08-13,0134,Terra,MODIS,69,6.2,304.9,10.4,D,0
-12.0276,132.9915,321.2,1,1,2014-08-13,0134,Terra,MODIS,58,6.2,307.5,6.6,D,0
-11.6133,132.9889,320.7,1,1,2014-08-13,0134,Terra,MODIS,39,6.2,304.6,8.1,D,0
-12.0605,133.091,325.9,1,1,2014-08-13,0134,Terra,MODIS,37,6.2,308.3,9.6,D,0
-13.3687,130.919,324.8,1,1,2014-08-13,0134,Terra,MODIS,58,6.2,305.6,11.4,D,0
-13.4784,130.7898,323.3,1,1,2014-08-13,0134,Terra,MODIS,60,6.2,307.1,10.5,D,0
-11.523,133.0646,317.8,1,1,2014-08-13,0134,Terra,MODIS,0,6.2,301.7,7.5,D,0
-11.8571,133.0855,338.6,1,1,2014-08-13,0134,Terra,MODIS,87,6.2,307.8,29.4,D,0
-11.8427,133.0498,319.6,1,1,2014-08-13,0134,Terra,MODIS,47,6.2,302.9,8,D,0
-13.312,131.03,329.1,1,1,2014-08-13,0134,Terra,MODIS,18,6.2,307.7,14.6,D,0
-11.8675,133.0935,331.8,1,1,2014-08-13,0134,Terra,MODIS,78,6.2,307.3,19.5,D,0
-11.6056,132.9995,323.1,1,1,2014-08-13,0134,Terra,MODIS,58,6.2,307.1,10.2,D,0
-12.0653,136.3727,317.7,1.5,1.2,2014-08-13,0134,Terra,MODIS,58,6.2,299.9,14.5,D,0
-13.3247,130.8069,335.9,1,1,2014-08-13,0134,Terra,MODIS,85,6.2,304.8,26.7,D,0
-11.6043,132.9903,331.4,1,1,2014-08-13,0134,Terra,MODIS,82,6.2,307.2,19.9,D,0
-13.3673,130.9096,323,1,1,2014-08-13,0134,Terra,MODIS,64,6.2,306.8,10.1,D,0
-12.1855,134.9306,319.8,1.2,1.1,2014-08-13,0134,Terra,MODIS,49,6.2,303.7,8.4,D,0
-12.188,134.9357,320.8,1.2,1.1,2014-08-13,0134,Terra,MODIS,58,6.2,304.5,8.6,D,0
-11.8779,133.1015,325,1,1,2014-08-13,0134,Terra,MODIS,65,6.2,306.3,11.8,D,0
-13.6046,131.691,322.2,1,1,2014-08-13,0134,Terra,MODIS,68,6.2,306.4,10.4,D,0
-11.8341,133.1142,346.3,1,1,2014-08-13,0134,Terra,MODIS,92,6.2,306.1,45.9,D,0
-13.3682,130.9766,322,1,1,2014-08-13,0134,Terra,MODIS,65,6.2,305.2,8.9,D,0
-13.1047,130.5707,323,1.1,1,2014-08-13,0134,Terra,MODIS,68,6.2,309,10.6,D,0
-12.6305,130.6068,348.3,1.1,1,2014-08-13,0134,Terra,MODIS,74,6.2,305.8,50.6,D,0
-12.632,130.6165,340.8,1.1,1,2014-08-13,0134,Terra,MODIS,54,6.2,306,35.8,D,0
-12.6441,130.6343,334.2,1.1,1,2014-08-13,0134,Terra,MODIS,55,6.2,307.8,23.5,D,0
-12.6397,130.6054,339,1.1,1,2014-08-13,0134,Terra,MODIS,52,6.2,306.8,33.1,D,0
-12.6335,130.6261,339.7,1.1,1,2014-08-13,0134,Terra,MODIS,62,6.2,305.9,33.2,D,0
-11.3944,130.358,339.7,1.1,1,2014-08-13,0134,Terra,MODIS,84,6.2,303.2,39.4,D,0
-12.7451,135.5224,328,1.3,1.1,2014-08-13,0134,Terra,MODIS,81,6.2,299.7,30.2,D,0
-13.0072,131.2068,325.3,1,1,2014-08-13,0134,Terra,MODIS,72,6.2,308.3,11.8,D,0
-13.4888,134.2323,318.2,1.1,1.1,2014-08-13,0134,Terra,MODIS,46,6.2,303.5,7.5,D,0
-13.4902,134.2429,317.2,1.1,1.1,2014-08-13,0134,Terra,MODIS,35,6.2,304.3,6.7,D,0
-13.4725,134.2562,328.4,1.2,1.1,2014-08-13,0134,Terra,MODIS,75,6.2,305.1,20.6,D,0
-13.4683,134.2525,334.6,1.1,1.1,2014-08-13,0134,Terra,MODIS,85,6.2,305.6,30.2,D,0
-13.4913,135.625,326.9,1.4,1.2,2014-08-13,0134,Terra,MODIS,72,6.2,301.2,27.2,D,0
-12.4981,132.6182,331.5,1,1,2014-08-13,0134,Terra,MODIS,73,6.2,307.4,17.8,D,0
-12.4967,132.6091,332,1,1,2014-08-13,0134,Terra,MODIS,77,6.2,307.1,18.7,D,0
-12.4904,132.6288,328,1,1,2014-08-13,0134,Terra,MODIS,73,6.2,309,14.7,D,0
-12.7569,135.533,325.3,1.3,1.1,2014-08-13,0134,Terra,MODIS,78,6.2,300.6,25.4,D,0
-12.0705,131.289,315.4,1,1,2014-08-13,0134,Terra,MODIS,34,6.2,300.4,6.5,D,0
-11.6857,132.9813,333.8,1,1,2014-08-13,0134,Terra,MODIS,84,6.2,308,24.4,D,0
-13.4697,134.2631,328.2,1.2,1.1,2014-08-13,0134,Terra,MODIS,80,6.2,304,20.9,D,0
-12.3705,131.1383,354.1,1,1,2014-08-13,0134,Terra,MODIS,97,6.2,307.2,63.4,D,0
-11.7873,130.8238,324.6,1.1,1,2014-08-13,0134,Terra,MODIS,76,6.2,305.8,13.3,D,0
-12.0182,132.9267,325.6,1,1,2014-08-13,0134,Terra,MODIS,68,6.2,308.2,11.4,D,0
-11.8454,132.8139,335.3,1,1,2014-08-13,0134,Terra,MODIS,84,6.2,307.3,27.1,D,0
-11.5891,130.8434,333.4,1.1,1,2014-08-13,0134,Terra,MODIS,83,6.2,304.1,25.9,D,0
-11.5905,130.8531,351.4,1.1,1,2014-08-13,0134,Terra,MODIS,96,6.2,305.5,61.1,D,0
-11.5956,131.1343,367.7,1,1,2014-08-13,0134,Terra,MODIS,100,6.2,306.3,104.4,D,0
-11.5971,131.1437,349.5,1,1,2014-08-13,0134,Terra,MODIS,95,6.2,305.1,54.4,D,0
-11.5984,130.8557,335.9,1.1,1,2014-08-13,0134,Terra,MODIS,86,6.2,305.2,25.8,D,0
-11.5999,130.8652,353.8,1.1,1,2014-08-13,0134,Terra,MODIS,97,6.2,305.6,62.2,D,0
-11.6014,130.8748,354.9,1.1,1,2014-08-13,0134,Terra,MODIS,97,6.2,304.8,65.3,D,0
-11.6028,130.8843,355.1,1.1,1,2014-08-13,0134,Terra,MODIS,97,6.2,306.1,66.2,D,0
-11.6043,130.8939,332.7,1.1,1,2014-08-13,0134,Terra,MODIS,72,6.2,305.5,23,D,0
-11.6106,130.8734,321.9,1.1,1,2014-08-13,0134,Terra,MODIS,53,6.2,307.3,8.1,D,0
-11.612,130.8829,390.8,1.1,1,2014-08-13,0134,Terra,MODIS,100,6.2,312,205.5,D,0
-11.6135,130.8925,381.6,1.1,1,2014-08-13,0134,Terra,MODIS,100,6.2,311.6,160.7,D,0
-11.615,130.9021,318.8,1.1,1,2014-08-13,0134,Terra,MODIS,33,6.2,304.1,7.9,D,0
-12.2472,132.602,331.7,1,1,2014-08-13,0134,Terra,MODIS,82,6.2,302.7,22.1,D,0
-11.8441,132.8047,320.9,1,1,2014-08-13,0134,Terra,MODIS,48,6.2,308.5,8.8,D,0
-11.6844,132.9721,324.2,1,1,2014-08-13,0134,Terra,MODIS,72,6.2,308.1,12.1,D,0
-11.6264,131.091,317.8,1,1,2014-08-13,0134,Terra,MODIS,59,6.2,303.5,7.3,D,0
-12.2499,132.6204,412.7,1,1,2014-08-13,0134,Terra,MODIS,100,6.2,318.8,328.2,D,0
-12.2486,132.6112,373.3,1,1,2014-08-13,0134,Terra,MODIS,100,6.2,309.3,118.5,D,0
-12.2513,132.6295,328.1,1,1,2014-08-13,0134,Terra,MODIS,78,6.2,306.2,13.6,D,0
-12.2562,132.6007,325.9,1,1,2014-08-13,0134,Terra,MODIS,74,6.2,305.7,15.2,D,0
-13.5051,135.649,319.2,1.4,1.2,2014-08-13,0134,Terra,MODIS,68,6.2,300.2,16.2,D,0
-11.6062,131.1423,319.5,1,1,2014-08-13,0134,Terra,MODIS,54,6.2,305.1,7.9,D,0
-13.5035,135.6363,321.4,1.4,1.2,2014-08-13,0134,Terra,MODIS,71,6.2,300.5,19.2,D,0
-11.5488,131.3109,320.9,1,1,2014-08-13,0134,Terra,MODIS,59,6.2,307,8.4,D,0
-11.5502,131.3202,343,1,1,2014-08-13,0134,Terra,MODIS,91,6.2,306.1,40.6,D,0
-13.5156,135.6476,335.9,1.4,1.2,2014-08-13,0134,Terra,MODIS,86,6.2,301.7,47.6,D,0
-12.2706,132.6361,343.2,1,1,2014-08-13,0134,Terra,MODIS,91,6.2,307.7,37.1,D,0
-12.2576,132.6099,361.2,1,1,2014-08-13,0134,Terra,MODIS,100,6.2,309.8,79.9,D,0
-12.2603,132.6282,341.2,1,1,2014-08-13,0134,Terra,MODIS,89,6.2,307.9,33.1,D,0
-12.2589,132.619,371.9,1,1,2014-08-13,0134,Terra,MODIS,100,6.2,311.1,111.4,D,0
-12.2809,132.6439,330,1,1,2014-08-13,0134,Terra,MODIS,64,6.2,306.1,15.7,D,0
-11.7858,130.8142,319.6,1.1,1,2014-08-13,0134,Terra,MODIS,45,6.2,306.9,7.5,D,0
-11.7487,130.4512,333,1.1,1,2014-08-13,0134,Terra,MODIS,85,6.2,305.4,28.7,D,0
-13.0656,130.1502,317.8,1.1,1,2014-08-13,0134,Terra,MODIS,31,6.2,306.1,6.8,D,0
-11.7472,130.4413,322.3,1.1,1,2014-08-13,0134,Terra,MODIS,62,6.2,301.3,14.2,D,0
-12.9643,130.1523,320.9,1.1,1,2014-08-13,0134,Terra,MODIS,45,6.2,305.2,12.9,D,0
-14.8181,128.4818,322,1.3,1.1,2014-08-13,0135,Terra,MODIS,47,6.2,300.9,17.1,D,0
-13.8038,131.8547,331.9,1,1,2014-08-13,0135,Terra,MODIS,82,6.2,308,20.1,D,0
-13.7975,131.8744,322,1,1,2014-08-13,0135,Terra,MODIS,69,6.2,306.1,9.4,D,0
-13.6997,130.1379,315,1.1,1,2014-08-13,0135,Terra,MODIS,23,6.2,304.3,6.4,D,0
-13.709,130.1364,328,1.1,1,2014-08-13,0135,Terra,MODIS,78,6.2,305.4,20.9,D,0
-14.4921,130.0022,316.7,1.1,1,2014-08-13,0135,Terra,MODIS,56,6.2,303.8,6.1,D,0
-13.8521,130.0972,324.7,1.1,1,2014-08-13,0135,Terra,MODIS,71,6.2,307.8,13.9,D,0
-13.8536,130.1071,319.9,1.1,1,2014-08-13,0135,Terra,MODIS,44,6.2,304.4,8.2,D,0
-13.8777,130.0972,320.5,1.1,1,2014-08-13,0135,Terra,MODIS,53,6.2,303.8,10.6,D,0
-13.8855,130.0858,320.5,1.1,1,2014-08-13,0135,Terra,MODIS,55,6.2,303.8,10.4,D,0
-13.7603,131.811,318.3,1,1,2014-08-13,0135,Terra,MODIS,61,6.2,304.5,5.5,D,0
-13.8855,130.0249,322,1.1,1,2014-08-13,0135,Terra,MODIS,66,6.2,306.1,11.4,D,0
-15.2498,130.5029,327.5,1,1,2014-08-13,0135,Terra,MODIS,79,6.2,306.2,16.8,D,0
-14.3522,129.6923,326.7,1.1,1,2014-08-13,0135,Terra,MODIS,68,6.2,305.5,17.3,D,0
-14.3784,129.6402,325.9,1.1,1,2014-08-13,0135,Terra,MODIS,59,6.2,303.4,17.7,D,0
-14.3768,129.63,331.7,1.1,1.1,2014-08-13,0135,Terra,MODIS,79,6.2,306.4,25.6,D,0
-14.3752,129.6198,353.6,1.1,1.1,2014-08-13,0135,Terra,MODIS,97,6.2,307.8,72,D,0
-14.3674,129.6315,340.3,1.1,1.1,2014-08-13,0135,Terra,MODIS,89,6.2,305.3,42.3,D,0
-14.3658,129.6213,381.1,1.1,1.1,2014-08-13,0135,Terra,MODIS,100,6.2,311.2,175.8,D,0
-14.3736,129.6095,328.9,1.1,1.1,2014-08-13,0135,Terra,MODIS,80,6.2,306.3,24.1,D,0
-14.3642,129.6111,359.9,1.1,1.1,2014-08-13,0135,Terra,MODIS,99,6.2,307.1,92.2,D,0
-14.3286,129.6649,341.7,1.1,1,2014-08-13,0135,Terra,MODIS,90,6.2,305.3,42.7,D,0
-15.7674,128.783,330.2,1.2,1.1,2014-08-13,0135,Terra,MODIS,82,6.2,304.3,25.8,D,0
-15.0924,126.0127,329.7,1.8,1.3,2014-08-13,0135,Terra,MODIS,82,6.2,304.6,48.9,D,0
-14.068,129.642,314.3,1.1,1.1,2014-08-13,0135,Terra,MODIS,22,6.2,302.3,6.6,D,0
-15.0953,126.0292,329.7,1.8,1.3,2014-08-13,0135,Terra,MODIS,82,6.2,304.4,48.7,D,0
-13.7336,130.1728,317.1,1.1,1,2014-08-13,0135,Terra,MODIS,42,6.2,303.7,5.8,D,0
-14.3284,129.5388,316.9,1.1,1.1,2014-08-13,0135,Terra,MODIS,54,6.2,303.6,8.5,D,0
-13.901,130.0021,320.1,1.1,1,2014-08-13,0135,Terra,MODIS,35,6.2,305.6,8.9,D,0
-14.3479,129.5084,313.6,1.1,1.1,2014-08-13,0135,Terra,MODIS,29,6.2,302.4,4.6,D,0
-13.8995,129.9921,326.2,1.1,1,2014-08-13,0135,Terra,MODIS,75,6.2,306.7,15.7,D,0
-14.1346,130.0739,324.1,1.1,1,2014-08-13,0135,Terra,MODIS,33,6.2,307.3,14.2,D,0
-14.3463,129.498,318.1,1.1,1.1,2014-08-13,0135,Terra,MODIS,62,6.2,303.8,9.6,D,0
-14.4064,129.5096,326.9,1.1,1.1,2014-08-13,0135,Terra,MODIS,78,6.2,303.6,19.3,D,0
-14.4048,129.4992,319.5,1.1,1.1,2014-08-13,0135,Terra,MODIS,59,6.2,304,9.9,D,0
-14.1361,130.0838,342.6,1.1,1,2014-08-13,0135,Terra,MODIS,91,6.2,308.8,41.3,D,0
-14.4032,129.4888,337.8,1.1,1.1,2014-08-13,0135,Terra,MODIS,88,6.2,305.4,37.5,D,0
-14.21,129.6801,320.4,1.1,1,2014-08-13,0135,Terra,MODIS,69,6.2,303.7,12.3,D,0
-14.3506,129.6821,325.1,1.1,1,2014-08-13,0135,Terra,MODIS,60,6.2,303.3,15.9,D,0
-14.3082,129.6577,336.8,1.1,1,2014-08-13,0135,Terra,MODIS,83,6.2,306.4,33,D,0
-14.2754,130.0997,317.5,1.1,1,2014-08-13,0135,Terra,MODIS,55,6.2,304.8,7,D,0
-14.2988,129.6592,331.3,1.1,1,2014-08-13,0135,Terra,MODIS,82,6.2,304.5,24.4,D,0
-14.3256,129.7691,325.4,1.1,1,2014-08-13,0135,Terra,MODIS,77,6.2,305.8,16.5,D,0
-14.3241,129.759,324.7,1.1,1,2014-08-13,0135,Terra,MODIS,76,6.2,303.6,14.7,D,0
-14.3973,129.6372,325.4,1.1,1,2014-08-13,0135,Terra,MODIS,68,6.2,306,16.2,D,0
-14.3879,129.6387,333.1,1.1,1,2014-08-13,0135,Terra,MODIS,78,6.2,307,27.6,D,0
-14.2662,130.1012,328.4,1.1,1,2014-08-13,0135,Terra,MODIS,80,6.2,305.6,19.1,D,0
-14.3302,129.4581,320.6,1.1,1.1,2014-08-13,0135,Terra,MODIS,69,6.2,303,12.2,D,0
-14.4015,129.4784,364.7,1.1,1.1,2014-08-13,0135,Terra,MODIS,100,6.2,305.7,108.5,D,0
-14.3176,129.6562,327.7,1.1,1,2014-08-13,0135,Terra,MODIS,47,6.2,303.7,18.9,D,0
-15.8238,136.0804,317.3,1.6,1.2,2014-08-13,0135,Terra,MODIS,50,6.2,304.9,14.9,D,0
-15.8259,136.0051,315.6,1.6,1.2,2014-08-13,0135,Terra,MODIS,44,6.2,302.6,11.1,D,0
-15.8151,135.9178,327.8,1.6,1.2,2014-08-13,0135,Terra,MODIS,64,6.2,301.8,34.6,D,0
-15.8097,136.3342,324.6,1.7,1.3,2014-08-13,0135,Terra,MODIS,77,6.2,303.6,31.6,D,0
-15.3549,135.3368,327.1,1.4,1.2,2014-08-13,0135,Terra,MODIS,53,6.2,304.4,25.3,D,0
-15.2542,135.2645,341.2,1.4,1.2,2014-08-13,0135,Terra,MODIS,90,6.2,303,60.5,D,0
-15.7983,136.3357,323.1,1.7,1.3,2014-08-13,0135,Terra,MODIS,75,6.2,303.5,28.6,D,0
-15.8262,135.9163,324.9,1.6,1.2,2014-08-13,0135,Terra,MODIS,61,6.2,303.8,27.7,D,0
-15.3377,135.3318,351,1.4,1.2,2014-08-13,0135,Terra,MODIS,95,6.2,303,90.5,D,0
-15.3482,135.3304,336.9,1.4,1.2,2014-08-13,0135,Terra,MODIS,87,6.2,303.9,47.2,D,0
-15.8668,135.97,317.6,1.6,1.2,2014-08-13,0135,Terra,MODIS,37,6.2,305.7,10.8,D,0
-15.9879,136.2053,338.3,1.6,1.3,2014-08-13,0135,Terra,MODIS,74,6.2,304.8,58.4,D,0
-15.2663,135.2758,328,1.4,1.2,2014-08-13,0135,Terra,MODIS,80,6.2,303.5,30.3,D,0
-16.021,136.4701,320.2,1.7,1.3,2014-08-13,0135,Terra,MODIS,69,6.2,302.4,23.6,D,0
-15.3394,135.3447,321.2,1.4,1.2,2014-08-13,0135,Terra,MODIS,9,6.2,302.2,15.4,D,0
-15.8242,136.0862,317.9,1.6,1.2,2014-08-13,0135,Terra,MODIS,39,6.2,304.2,15.8,D,0
-15.2559,135.2772,339.9,1.4,1.2,2014-08-13,0135,Terra,MODIS,89,6.2,304.9,57.1,D,0
-16.0094,136.4716,326.2,1.7,1.3,2014-08-13,0135,Terra,MODIS,78,6.2,302.5,35.3,D,0
-15.6563,136.2981,314.6,1.6,1.3,2014-08-13,0135,Terra,MODIS,50,6.2,301.8,13.1,D,0
-15.828,135.9307,319.7,1.6,1.2,2014-08-13,0135,Terra,MODIS,24,6.2,301.8,17.7,D,0
-15.2506,135.2843,313.4,1.4,1.2,2014-08-13,0135,Terra,MODIS,23,6.2,302.3,7.7,D,0
-15.2611,135.2829,320.5,1.4,1.2,2014-08-13,0135,Terra,MODIS,70,6.2,302.8,17.9,D,0
-15.8575,135.8976,320.3,1.6,1.2,2014-08-13,0135,Terra,MODIS,41,6.2,303.6,17.6,D,0
-15.2489,135.2715,346.5,1.4,1.2,2014-08-13,0135,Terra,MODIS,93,6.2,304,77.7,D,0
-15.2594,135.2701,342.1,1.4,1.2,2014-08-13,0135,Terra,MODIS,91,6.2,304.3,64.5,D,0
-15.336,135.3189,334.1,1.4,1.2,2014-08-13,0135,Terra,MODIS,85,6.2,301.2,40.9,D,0
-13.9968,132.167,328.6,1,1,2014-08-13,0135,Terra,MODIS,78,6.2,306.7,15.2,D,0
-15.6829,136.1412,317.1,1.6,1.2,2014-08-13,0135,Terra,MODIS,56,6.2,302.2,14.6,D,0
-15.3915,135.3715,338,1.4,1.2,2014-08-13,0135,Terra,MODIS,88,6.2,305.1,52.6,D,0
-15.402,135.37,327.4,1.4,1.2,2014-08-13,0135,Terra,MODIS,79,6.2,304.3,28.9,D,0
-13.8,131.7052,329,1,1,2014-08-13,0135,Terra,MODIS,79,6.2,307.1,17,D,0
-13.7513,131.8124,318.1,1,1,2014-08-13,0135,Terra,MODIS,56,6.2,305.2,5.8,D,0
-13.9214,131.0986,322,1,1,2014-08-13,0135,Terra,MODIS,31,6.2,305.8,8.3,D,0
-13.8117,131.7222,334.6,1,1,2014-08-13,0135,Terra,MODIS,84,6.2,306.2,24,D,0
-15.5553,136.2159,316,1.6,1.3,2014-08-13,0135,Terra,MODIS,48,6.2,301.4,13.5,D,0
-13.8131,131.7313,329.7,1,1,2014-08-13,0135,Terra,MODIS,76,6.2,307.8,17.4,D,0
-13.8763,131.1055,322.6,1,1,2014-08-13,0135,Terra,MODIS,61,6.2,306.7,10.3,D,0
-13.9878,132.1684,325.9,1,1,2014-08-13,0135,Terra,MODIS,75,6.2,308,12.4,D,0
-15.3898,135.3584,319.4,1.4,1.2,2014-08-13,0135,Terra,MODIS,51,6.2,305.9,13.1,D,0
-13.8145,131.7405,320.1,1,1,2014-08-13,0135,Terra,MODIS,44,6.2,305.5,8,D,0
-13.7254,131.9476,322.8,1,1,2014-08-13,0135,Terra,MODIS,51,6.2,307.6,9.2,D,0
-15.544,136.2173,323.6,1.6,1.3,2014-08-13,0135,Terra,MODIS,75,6.2,301.5,29.7,D,0
-15.1081,125.7448,315.1,1.9,1.3,2014-08-13,0135,Terra,MODIS,47,6.2,302.8,12.9,D,0
-15.1256,125.8489,316,1.9,1.3,2014-08-13,0135,Terra,MODIS,56,6.2,303.7,15.3,D,0
-15.087,125.8391,313.3,1.9,1.3,2014-08-13,0135,Terra,MODIS,40,6.2,302,11.9,D,0
-17.5541,138.3094,329.2,2.5,1.5,2014-08-13,0135,Terra,MODIS,61,6.2,299.6,78.1,D,0
-17.5474,138.3046,323.5,2.5,1.5,2014-08-13,0135,Terra,MODIS,77,6.2,298.1,58.8,D,0
-17.5499,138.3279,314.3,2.5,1.5,2014-08-13,0135,Terra,MODIS,23,6.2,299,26.6,D,0
-17.5637,138.3266,318.2,2.5,1.5,2014-08-13,0135,Terra,MODIS,42,6.2,300.7,38,D,0
-14.5106,132.9914,324.5,1,1,2014-08-13,0135,Terra,MODIS,66,6.2,304.4,12.9,D,0
-15.7834,137.0606,351.1,1.9,1.3,2014-08-13,0135,Terra,MODIS,96,6.2,301,148,D,0
-17.2642,133.4373,332.7,1.1,1.1,2014-08-13,0135,Terra,MODIS,78,6.2,300,31.2,D,0
-17.2657,133.4481,336.8,1.1,1.1,2014-08-13,0135,Terra,MODIS,89,6.2,301.6,38,D,0
-17.2738,133.436,324,1.1,1.1,2014-08-13,0135,Terra,MODIS,71,6.2,300.3,19.1,D,0
-17.2753,133.4467,374.9,1.1,1.1,2014-08-13,0135,Terra,MODIS,100,6.2,305.8,155.8,D,0
-17.2767,133.4575,326,1.2,1.1,2014-08-13,0135,Terra,MODIS,46,6.2,300.9,20.3,D,0
-17.2849,133.4453,323.1,1.1,1.1,2014-08-13,0135,Terra,MODIS,78,6.2,299.2,18.1,D,0
-17.2863,133.4561,319.6,1.2,1.1,2014-08-13,0135,Terra,MODIS,74,6.2,299.3,13.8,D,0
-16.7428,136.9081,321.4,1.9,1.3,2014-08-13,0135,Terra,MODIS,70,6.2,301.7,29.2,D,0
-16.7507,136.9133,318.8,1.9,1.3,2014-08-13,0135,Terra,MODIS,49,6.2,300.7,22.2,D,0
-16.7549,136.9064,320.4,1.9,1.3,2014-08-13,0135,Terra,MODIS,49,6.2,302.1,25.9,D,0
-16.832,136.8911,316.5,1.9,1.3,2014-08-13,0135,Terra,MODIS,61,6.2,301.6,18.2,D,0
-14.5599,132.1149,317.7,1,1,2014-08-13,0135,Terra,MODIS,52,6.2,303.8,6.3,D,0
-14.4511,133.1546,317.3,1.1,1,2014-08-13,0135,Terra,MODIS,51,6.2,305.4,5.7,D,0
-15.7854,137.0781,321.2,1.9,1.3,2014-08-13,0135,Terra,MODIS,55,6.2,299.2,32.1,D,0
-18.9428,121.7199,311.4,3.2,1.7,2014-08-13,0136,Terra,MODIS,30,6.2,300.1,25,D,0
-18.9546,121.71,311.9,3.2,1.7,2014-08-13,0136,Terra,MODIS,34,6.2,298.1,29,D,0
-17.4478,122.3314,332.5,3.1,1.7,2014-08-13,0136,Terra,MODIS,85,6.2,300.5,133.6,D,0
-17.4498,122.3381,338.3,3.1,1.7,2014-08-13,0136,Terra,MODIS,89,6.2,301.1,173.6,D,0
-17.5317,123.0956,313.6,2.7,1.6,2014-08-13,0136,Terra,MODIS,53,6.2,299.9,28,D,0
-17.2638,122.3286,322.5,3.1,1.7,2014-08-13,0136,Terra,MODIS,70,6.2,300.2,73.3,D,0
-17.2915,122.3158,337.2,3.1,1.7,2014-08-13,0136,Terra,MODIS,88,6.2,300.8,169.5,D,0
-17.2766,122.3188,330.9,3.1,1.7,2014-08-13,0136,Terra,MODIS,84,6.2,301.4,123.6,D,0
-17.281,122.5031,312.2,3,1.6,2014-08-13,0136,Terra,MODIS,34,6.2,301.5,21.7,D,0
-17.4551,122.3669,325.7,3,1.7,2014-08-13,0136,Terra,MODIS,72,6.2,301.7,78.7,D,0
-16.3941,123.6904,326.5,2.5,1.5,2014-08-13,0136,Terra,MODIS,0,6.2,302.5,63.5,D,0
-17.2616,122.3218,317.3,3.1,1.7,2014-08-13,0136,Terra,MODIS,57,6.2,299.7,49.4,D,0
-16.5089,123.8488,315.2,2.5,1.5,2014-08-13,0136,Terra,MODIS,53,6.2,300.6,25.9,D,0
-17.0378,122.5942,316.5,3,1.6,2014-08-13,0136,Terra,MODIS,61,6.2,300.3,38.1,D,0
-17.4534,122.3602,327.4,3,1.7,2014-08-13,0136,Terra,MODIS,75,6.2,301.9,94.6,D,0
-17.4738,122.3858,332.7,3,1.7,2014-08-13,0136,Terra,MODIS,85,6.2,299,134.4,D,0
-16.3888,123.7393,315.2,2.5,1.5,2014-08-13,0136,Terra,MODIS,21,6.2,301.1,27.1,D,0
-17.4792,122.4143,321.5,3,1.7,2014-08-13,0136,Terra,MODIS,67,6.2,299,67.9,D,0
-18.2396,125.5405,315,1.7,1.3,2014-08-13,0136,Terra,MODIS,49,6.2,301,13.1,D,0
-17.297,122.3447,344.9,3.1,1.7,2014-08-13,0136,Terra,MODIS,93,6.2,302.9,233.4,D,0
-18.2368,125.5245,316.1,1.7,1.3,2014-08-13,0136,Terra,MODIS,66,6.2,302.8,14.4,D,0
-16.3858,123.685,319.1,2.5,1.5,2014-08-13,0136,Terra,MODIS,0,6.2,301.7,40.2,D,0
-17.5416,122.7399,313.5,2.8,1.6,2014-08-13,0136,Terra,MODIS,57,6.2,300.8,29,D,0
-17.556,122.7368,312.1,2.8,1.6,2014-08-13,0136,Terra,MODIS,44,6.2,298.8,25.4,D,0
-17.0382,122.6002,315.5,3,1.6,2014-08-13,0136,Terra,MODIS,52,6.2,300.4,30.1,D,0
-16.4351,123.797,335.9,2.5,1.5,2014-08-13,0136,Terra,MODIS,87,6.2,302.5,110.8,D,0
-16.4215,123.7997,323,2.5,1.5,2014-08-13,0136,Terra,MODIS,66,6.2,301.7,52.6,D,0
-16.4289,123.8056,338,2.5,1.5,2014-08-13,0136,Terra,MODIS,89,6.2,303.4,125.7,D,0
-22.7993,131.0997,308.1,1,1,2014-08-13,0137,Terra,MODIS,54,6.2,294.6,5,D,0
-22.7682,131.4033,308.3,1.1,1,2014-08-13,0137,Terra,MODIS,54,6.2,296.2,4.9,D,0
-25.6563,126.8384,315.9,1.1,1.1,2014-08-13,0138,Terra,MODIS,72,6.2,293.8,13.2,D,0
-25.6486,126.8512,308.5,1.1,1,2014-08-13,0138,Terra,MODIS,43,6.2,293.1,6,D,0
-26.1936,120.5074,323.1,2.7,1.6,2014-08-13,0138,Terra,MODIS,82,6.2,289.6,77.6,D,0
-26.1846,120.488,322.2,2.7,1.6,2014-08-13,0138,Terra,MODIS,81,6.2,289.8,79.5,D,0
-26.19,120.5142,313.4,2.7,1.6,2014-08-13,0138,Terra,MODIS,73,6.2,289.5,45.4,D,0
-26.188,120.4813,317,2.7,1.6,2014-08-13,0138,Terra,MODIS,68,6.2,289.4,54,D,0
-33.7373,122.2813,339.8,1.4,1.2,2014-08-13,0140,Terra,MODIS,92,6.2,288.4,70.4,D,0
-41.4469,148.2127,310.8,1,1,2014-08-13,0416,Aqua,MODIS,70,6.2,286.6,11.8,D,0
-41.4488,148.2006,315.4,1,1,2014-08-13,0416,Aqua,MODIS,76,6.2,287.9,15.5,D,0
-35.3928,143.8976,301.3,1,1,2014-08-13,0417,Aqua,MODIS,46,6.2,290.6,4.3,D,0
-36.1966,149.2925,301.3,1.2,1.1,2014-08-13,0417,Aqua,MODIS,46,6.2,284.7,7.5,D,0
-36.4944,148.8319,311.3,1.2,1.1,2014-08-13,0417,Aqua,MODIS,71,6.2,287.8,13.4,D,0
-36.4922,148.8448,315.1,1.2,1.1,2014-08-13,0417,Aqua,MODIS,75,6.2,288.4,17.3,D,0
-35.1992,148.8734,300.3,1.2,1.1,2014-08-13,0417,Aqua,MODIS,35,6.2,284.2,7.7,D,0
-34.8279,146.0587,335,1,1,2014-08-13,0417,Aqua,MODIS,89,6.2,294.4,34.6,D,0
-34.9178,145.7708,324.6,1,1,2014-08-13,0417,Aqua,MODIS,83,6.2,295.2,20.3,D,0
-35.5249,145.3961,320.7,1,1,2014-08-13,0417,Aqua,MODIS,80,6.2,290.9,18.7,D,0
-34.812,145.9924,361.3,1,1,2014-08-13,0417,Aqua,MODIS,100,6.2,295.8,88.9,D,0
-34.9968,145.8635,321.2,1,1,2014-08-13,0417,Aqua,MODIS,81,6.2,294.8,17.1,D,0
-34.9951,145.8745,326.4,1,1,2014-08-13,0417,Aqua,MODIS,84,6.2,291.9,22.9,D,0
-34.8136,145.9814,375.6,1,1,2014-08-13,0417,Aqua,MODIS,100,6.2,298.1,136.4,D,0
-34.9072,145.7798,352,1,1,2014-08-13,0417,Aqua,MODIS,97,6.2,294.8,64.4,D,0
-34.5981,146.1266,305.5,1,1,2014-08-13,0417,Aqua,MODIS,61,6.2,294.1,6.1,D,0
-34.421,147.3793,303.4,1.1,1,2014-08-13,0417,Aqua,MODIS,56,6.2,290.4,6.6,D,0
-34.5468,146.4618,310.7,1,1,2014-08-13,0417,Aqua,MODIS,70,6.2,293,9.4,D,0
-34.9877,145.8614,329.5,1,1,2014-08-13,0417,Aqua,MODIS,86,6.2,293.3,25.7,D,0
-34.5584,146.3251,327.6,1,1,2014-08-13,0417,Aqua,MODIS,85,6.2,291.4,24.8,D,0
-34.5394,146.4485,307.6,1,1,2014-08-13,0417,Aqua,MODIS,63,6.2,291.6,6.7,D,0
-35.4274,144.9194,306.5,1,1,2014-08-13,0417,Aqua,MODIS,64,6.2,291.4,6.7,D,0
-34.8289,145.9903,356.5,1,1,2014-08-13,0417,Aqua,MODIS,98,6.2,296.4,75.1,D,0
-34.9014,145.881,326.2,1,1,2014-08-13,0417,Aqua,MODIS,84,6.2,295.6,22.6,D,0
-34.8793,145.8419,309.5,1,1,2014-08-13,0417,Aqua,MODIS,69,6.2,292.9,7,D,0
-34.8023,150.2121,308.7,1.5,1.2,2014-08-13,0417,Aqua,MODIS,67,6.2,285,18.3,D,0
-34.838,145.9923,319.7,1,1,2014-08-13,0417,Aqua,MODIS,80,6.2,294.8,14.7,D,0
-34.8177,146.0166,309.8,1,1,2014-08-13,0417,Aqua,MODIS,69,6.2,292.9,7.5,D,0
-34.821,145.9945,340.3,1,1,2014-08-13,0417,Aqua,MODIS,92,6.2,293.4,42,D,0
-34.8262,146.0698,338.3,1,1,2014-08-13,0417,Aqua,MODIS,91,6.2,292.8,39.5,D,0
-34.5892,146.309,310.6,1,1,2014-08-13,0417,Aqua,MODIS,70,6.2,294.1,9.1,D,0
-34.5567,146.3363,309.5,1,1,2014-08-13,0417,Aqua,MODIS,61,6.2,291.5,7.4,D,0
-34.8998,145.7668,309.5,1,1,2014-08-13,0417,Aqua,MODIS,42,6.2,293.5,6.2,D,0
-34.9861,145.8725,328.4,1,1,2014-08-13,0417,Aqua,MODIS,86,6.2,292.1,24.4,D,0
-34.8883,145.8439,334.5,1,1,2014-08-13,0417,Aqua,MODIS,89,6.2,295.4,33.2,D,0
-34.5675,146.3272,332.6,1,1,2014-08-13,0417,Aqua,MODIS,88,6.2,293.4,31.3,D,0
-34.9351,145.843,306,1,1,2014-08-13,0417,Aqua,MODIS,63,6.2,291.9,5.3,D,0
-34.5485,146.4506,326.8,1,1,2014-08-13,0417,Aqua,MODIS,85,6.2,293,25,D,0
-34.8982,145.7778,355.4,1,1,2014-08-13,0417,Aqua,MODIS,98,6.2,295.5,72.8,D,0
-34.5658,146.3384,320.6,1,1,2014-08-13,0417,Aqua,MODIS,80,6.2,294.8,17.1,D,0
-34.8998,145.892,316.7,1,1,2014-08-13,0417,Aqua,MODIS,77,6.2,294.4,12.8,D,0
-34.9088,145.7688,335.1,1,1,2014-08-13,0417,Aqua,MODIS,89,6.2,295.6,32.8,D,0
-35.9397,146.5688,326.6,1,1,2014-08-13,0417,Aqua,MODIS,84,6.2,288.4,26,D,0
-34.5948,146.3159,308.5,1,1,2014-08-13,0417,Aqua,MODIS,48,6.2,295.3,6.7,D,0
-34.8227,145.9834,376.5,1,1,2014-08-13,0417,Aqua,MODIS,100,6.2,302.3,139.7,D,0
-34.9162,145.7818,342.9,1,1,2014-08-13,0417,Aqua,MODIS,93,6.2,296.5,47,D,0
-36.0189,143.8044,312.4,1.1,1,2014-08-13,0417,Aqua,MODIS,72,6.2,292.7,11.1,D,0
-36.0111,143.7909,330.7,1.1,1,2014-08-13,0417,Aqua,MODIS,87,6.2,293.7,30.6,D,0
-36.0096,143.8026,340.2,1.1,1,2014-08-13,0417,Aqua,MODIS,92,6.2,292.8,45.5,D,0
-36.0204,143.7927,303.7,1.1,1,2014-08-13,0417,Aqua,MODIS,57,6.2,291.8,5,D,0
-31.7429,149.4454,334.3,1.5,1.2,2014-08-13,0418,Aqua,MODIS,89,6.2,287.6,64.5,D,0
-31.7389,149.4542,314.5,1.5,1.2,2014-08-13,0418,Aqua,MODIS,75,6.2,285.8,25.5,D,0
-31.7418,149.4384,325.4,1.5,1.2,2014-08-13,0418,Aqua,MODIS,84,6.2,288.6,44.5,D,0
-34.3252,146.1609,320.2,1,1,2014-08-13,0418,Aqua,MODIS,79,6.2,293.9,17.2,D,0
-34.337,146.3202,309.3,1,1,2014-08-13,0418,Aqua,MODIS,68,6.2,293.5,8.1,D,0
-34.3821,146.2726,341.6,1,1,2014-08-13,0418,Aqua,MODIS,92,6.2,295.2,46.5,D,0
-34.4054,146.2433,317.7,1,1,2014-08-13,0418,Aqua,MODIS,78,6.2,293.9,15,D,0
-31.9557,147.638,315.5,1.2,1.1,2014-08-13,0418,Aqua,MODIS,76,6.2,291.2,16.5,D,0
-34.2744,145.8922,358.7,1,1,2014-08-13,0418,Aqua,MODIS,99,6.2,295.4,83,D,0
-34.3463,146.1378,304.8,1,1,2014-08-13,0418,Aqua,MODIS,54,6.2,291.8,4.9,D,0
-34.2812,145.9564,317.8,1,1,2014-08-13,0418,Aqua,MODIS,77,6.2,290.9,14.4,D,0
-34.2234,146.1666,322.4,1,1,2014-08-13,0418,Aqua,MODIS,81,6.2,294.7,18.9,D,0
-32.8364,142.6965,371.1,1.1,1,2014-08-13,0418,Aqua,MODIS,100,6.2,302.3,125.8,D,0
-33.6262,147.3008,303.8,1.1,1.1,2014-08-13,0418,Aqua,MODIS,57,6.2,292.8,5,D,0
-34.3803,146.2838,317.8,1,1,2014-08-13,0418,Aqua,MODIS,78,6.2,292.8,14.5,D,0
-34.2349,145.7813,316,1,1,2014-08-13,0418,Aqua,MODIS,75,6.2,292.2,12.7,D,0
-34.2829,145.9454,327.4,1,1,2014-08-13,0418,Aqua,MODIS,85,6.2,293.2,25.2,D,0
-34.4515,146.1098,312.9,1,1,2014-08-13,0418,Aqua,MODIS,73,6.2,295.3,9.6,D,0
-34.5003,146.335,307.8,1,1,2014-08-13,0418,Aqua,MODIS,66,6.2,293.9,7.2,D,0
-34.2366,145.7703,304.6,1,1,2014-08-13,0418,Aqua,MODIS,53,6.2,293.1,4,D,0
-34.2846,145.9344,310.5,1,1,2014-08-13,0418,Aqua,MODIS,60,6.2,291.3,8.3,D,0
-34.3446,146.1489,370.6,1,1,2014-08-13,0418,Aqua,MODIS,100,6.2,298.2,120.8,D,0
-34.2727,145.9032,364.5,1,1,2014-08-13,0418,Aqua,MODIS,100,6.2,294.3,99.9,D,0
-34.4606,146.1119,306.8,1,1,2014-08-13,0418,Aqua,MODIS,43,6.2,292.6,5,D,0
-32.8379,142.685,444.3,1.1,1,2014-08-13,0418,Aqua,MODIS,100,6.2,318.9,701.1,D,0
-32.8393,142.6735,321.6,1.1,1,2014-08-13,0418,Aqua,MODIS,71,6.2,295.9,15.6,D,0
-34.2943,145.9936,303.2,1,1,2014-08-13,0418,Aqua,MODIS,44,6.2,293,3.7,D,0
-32.8285,142.6833,324.1,1.1,1,2014-08-13,0418,Aqua,MODIS,80,6.2,299,18.7,D,0
-28.4281,149.2567,310.8,1.7,1.3,2014-08-13,0419,Aqua,MODIS,53,6.2,293.5,16,D,0
-27.0249,149.0088,313.2,1.8,1.3,2014-08-13,0419,Aqua,MODIS,49,6.2,284.1,27.8,D,0
-27.0283,148.9911,314.8,1.8,1.3,2014-08-13,0419,Aqua,MODIS,45,6.2,287,28.5,D,0
-28.5862,146.2894,317.7,1.2,1.1,2014-08-13,0419,Aqua,MODIS,73,6.2,298.3,13.1,D,0
-28.5881,146.2775,314.3,1.2,1.1,2014-08-13,0419,Aqua,MODIS,66,6.2,297.9,9.7,D,0
-26.0029,152.9942,342.8,3.5,1.8,2014-08-13,0419,Aqua,MODIS,93,6.2,290.2,294.5,D,0
-26.0107,152.9591,317.4,3.5,1.8,2014-08-13,0419,Aqua,MODIS,78,6.2,288.3,89.2,D,0
-26.0096,152.9884,335.8,3.5,1.8,2014-08-13,0419,Aqua,MODIS,87,6.2,290,225.8,D,0
-25.994,152.9842,325.4,3.5,1.8,2014-08-13,0419,Aqua,MODIS,74,6.2,288.5,142.3,D,0
-25.7243,150.7898,316.5,2.5,1.5,2014-08-13,0420,Aqua,MODIS,56,6.2,292,51.4,D,0
-21.4182,132.2725,326.9,3.4,1.7,2014-08-13,0421,Aqua,MODIS,81,6.2,298.3,117.8,D,0
-21.4153,132.3056,335.2,3.4,1.7,2014-08-13,0421,Aqua,MODIS,87,6.2,298.3,182.7,D,0
-16.2054,144.6678,326,1.4,1.2,2014-08-13,0422,Aqua,MODIS,71,6.2,298.5,28.3,D,0
-16.1926,144.6791,320.9,1.5,1.2,2014-08-13,0422,Aqua,MODIS,64,6.2,295.6,18.7,D,0
-17.5821,138.3486,322.1,1.2,1.1,2014-08-13,0422,Aqua,MODIS,49,6.2,307,11.1,D,0
-17.5671,138.3132,329.4,1.2,1.1,2014-08-13,0422,Aqua,MODIS,36,6.2,308.9,19.5,D,0
-17.5685,138.3023,326.9,1.2,1.1,2014-08-13,0422,Aqua,MODIS,34,6.2,306.4,16.6,D,0
-17.5589,138.3009,326.3,1.2,1.1,2014-08-13,0422,Aqua,MODIS,34,6.2,306.2,15.6,D,0
-17.5478,138.3106,324.8,1.2,1.1,2014-08-13,0422,Aqua,MODIS,65,6.2,305.7,14.9,D,0
-17.5492,138.2996,324.5,1.2,1.1,2014-08-13,0422,Aqua,MODIS,72,6.2,305.1,15.1,D,0
-17.5381,138.3093,334.3,1.2,1.1,2014-08-13,0422,Aqua,MODIS,84,6.2,306.4,29.6,D,0
-17.5395,138.2982,338.9,1.2,1.1,2014-08-13,0422,Aqua,MODIS,87,6.2,305.1,38.3,D,0
-14.5111,132.9849,330.6,2.4,1.5,2014-08-13,0423,Aqua,MODIS,81,6.2,308.1,64.7,D,0
-14.5177,132.9811,327.5,2.4,1.5,2014-08-13,0423,Aqua,MODIS,78,6.2,307,51.8,D,0
-14.5041,132.9793,319.6,2.4,1.5,2014-08-13,0423,Aqua,MODIS,58,6.2,307.4,23.3,D,0
-15.7753,137.0603,324.9,1.3,1.1,2014-08-13,0423,Aqua,MODIS,51,6.2,303.9,20.9,D,0
-17.2862,133.4541,317.4,2.5,1.5,2014-08-13,0423,Aqua,MODIS,54,6.2,302.4,30.3,D,0
-17.2886,133.4307,316.8,2.5,1.5,2014-08-13,0423,Aqua,MODIS,52,6.2,301.6,29,D,0
-17.2725,133.4523,317,2.5,1.5,2014-08-13,0423,Aqua,MODIS,41,6.2,302.4,28.9,D,0
-17.2924,133.4481,314.5,2.5,1.5,2014-08-13,0423,Aqua,MODIS,62,6.2,301.4,23.9,D,0
-17.2788,133.4464,326.6,2.5,1.5,2014-08-13,0423,Aqua,MODIS,80,6.2,303.4,68.1,D,0
-14.0004,142.0808,326.1,1.1,1.1,2014-08-13,0423,Aqua,MODIS,78,6.2,303.2,13.4,D,0
-13.9988,142.091,332.3,1.1,1.1,2014-08-13,0423,Aqua,MODIS,84,6.2,304.2,23,D,0
-15.7854,137.0617,333.2,1.3,1.1,2014-08-13,0423,Aqua,MODIS,77,6.2,305,34.9,D,0
-16.8456,136.8817,320.8,1.4,1.2,2014-08-13,0423,Aqua,MODIS,51,6.2,307,10.5,D,0
-16.7902,136.9003,337.2,1.4,1.2,2014-08-13,0423,Aqua,MODIS,87,6.2,307.4,41.7,D,0
-16.785,136.8939,336,1.4,1.2,2014-08-13,0423,Aqua,MODIS,86,6.2,306.8,37.4,D,0
-14.5736,132.1196,331.6,2.9,1.6,2014-08-13,0423,Aqua,MODIS,82,6.2,304.8,96.1,D,0
-14.559,132.1179,316.6,2.9,1.6,2014-08-13,0423,Aqua,MODIS,46,6.2,304.5,22,D,0
-13.6178,141.7504,328.4,1.1,1,2014-08-13,0423,Aqua,MODIS,80,6.2,294.9,19.5,D,0
-15.9538,144.2425,314.9,1.4,1.2,2014-08-13,0423,Aqua,MODIS,19,6.2,299.5,6.1,D,0
-15.7956,137.0631,323.7,1.3,1.1,2014-08-13,0423,Aqua,MODIS,40,6.2,304.2,17.8,D,0
-13.6163,141.7604,321.7,1.1,1,2014-08-13,0423,Aqua,MODIS,66,6.2,292.9,11.4,D,0
-15.7768,137.0482,346.5,1.3,1.1,2014-08-13,0423,Aqua,MODIS,92,6.2,305.3,67.8,D,0
-15.6968,136.0995,328.4,1.5,1.2,2014-08-13,0423,Aqua,MODIS,74,6.2,309.9,27.1,D,0
-15.2551,135.2581,340.8,1.7,1.3,2014-08-13,0423,Aqua,MODIS,81,6.2,309.3,71.8,D,0
-13.8849,136.5812,317.3,1.3,1.1,2014-08-13,0423,Aqua,MODIS,64,6.2,301,13.5,D,0
-15.4236,135.3617,363,1.7,1.3,2014-08-13,0423,Aqua,MODIS,100,6.2,305.1,179,D,0
-15.4235,135.3709,339.6,1.7,1.3,2014-08-13,0423,Aqua,MODIS,88,6.2,304.8,67.1,D,0
-15.5477,136.2132,335.1,1.5,1.2,2014-08-13,0423,Aqua,MODIS,85,6.2,305.9,45.1,D,0
-13.8833,136.5933,314.5,1.3,1.1,2014-08-13,0423,Aqua,MODIS,55,6.2,300.7,10,D,0
-15.5494,136.1997,321.2,1.5,1.2,2014-08-13,0423,Aqua,MODIS,38,6.2,304.6,15.2,D,0
-13.8378,136.6236,320.6,1.3,1.1,2014-08-13,0423,Aqua,MODIS,71,6.2,303.1,16,D,0
-14.1817,136.4898,321.6,1.3,1.1,2014-08-13,0423,Aqua,MODIS,72,6.2,300.1,20.7,D,0
-13.9334,135.8746,318.8,1.5,1.2,2014-08-13,0423,Aqua,MODIS,65,6.2,301.6,17.3,D,0
-15.6717,136.1243,340.8,1.5,1.2,2014-08-13,0423,Aqua,MODIS,89,6.2,309.2,59.8,D,0
-13.9,136.6865,317.1,1.3,1.1,2014-08-13,0423,Aqua,MODIS,64,6.2,299.7,12.2,D,0
-15.5278,136.1968,338.2,1.5,1.2,2014-08-13,0423,Aqua,MODIS,87,6.2,302.8,53.8,D,0
-15.5386,136.1982,328.7,1.5,1.2,2014-08-13,0423,Aqua,MODIS,78,6.2,306,30.2,D,0
-15.6699,136.138,326.1,1.5,1.2,2014-08-13,0423,Aqua,MODIS,75,6.2,306.7,23.9,D,0
-15.6825,136.1257,332.3,1.5,1.2,2014-08-13,0423,Aqua,MODIS,66,6.2,309.4,34.2,D,0
-15.2545,135.2489,332.2,1.7,1.3,2014-08-13,0423,Aqua,MODIS,42,6.2,306.1,42,D,0
-15.3778,135.365,363.3,1.7,1.3,2014-08-13,0423,Aqua,MODIS,100,6.2,307.1,175.3,D,0
-15.6842,136.1119,353,1.5,1.2,2014-08-13,0423,Aqua,MODIS,96,6.2,308.2,100.4,D,0
-15.2455,135.241,324.3,1.7,1.3,2014-08-13,0423,Aqua,MODIS,23,6.2,303.8,25.9,D,0
-15.3797,135.3496,353.1,1.7,1.3,2014-08-13,0423,Aqua,MODIS,96,6.2,307.3,118.4,D,0
-14.199,136.499,324.7,1.3,1.1,2014-08-13,0423,Aqua,MODIS,76,6.2,299.7,26,D,0
-15.686,136.0981,357.6,1.5,1.2,2014-08-13,0423,Aqua,MODIS,98,6.2,310.5,123.3,D,0
-15.5369,136.2118,322.6,1.5,1.2,2014-08-13,0423,Aqua,MODIS,51,6.2,305.4,18,D,0
-13.8393,136.6115,320.7,1.3,1.1,2014-08-13,0423,Aqua,MODIS,70,6.2,300.4,16.5,D,0
-14.5067,132.9572,318,2.5,1.5,2014-08-13,0423,Aqua,MODIS,40,6.2,306,18.4,D,0
-15.2436,135.2566,339.4,1.7,1.3,2014-08-13,0423,Aqua,MODIS,88,6.2,308.1,69.4,D,0
-15.6996,136.1065,328.9,1.5,1.2,2014-08-13,0423,Aqua,MODIS,69,6.2,310.7,26.9,D,0
-15.6951,136.1134,335,1.5,1.2,2014-08-13,0423,Aqua,MODIS,85,6.2,310.7,40.7,D,0
-14.4044,129.4577,323.9,4.5,2,2014-08-13,0423,Aqua,MODIS,64,6.2,301.7,132.7,D,0
-14.3875,129.6235,319.7,4.4,1.9,2014-08-13,0423,Aqua,MODIS,47,6.2,302.1,81.4,D,0
-14.3701,129.6218,318.7,4.4,1.9,2014-08-13,0423,Aqua,MODIS,14,6.2,301.5,70.9,D,0
-14.3137,129.6575,320.5,4.4,1.9,2014-08-13,0423,Aqua,MODIS,29,6.2,302.6,78,D,0
-16.1002,136.2683,328.6,1.5,1.2,2014-08-13,0423,Aqua,MODIS,78,6.2,310.6,22.9,D,0
-15.8614,135.8893,332.1,1.6,1.2,2014-08-13,0423,Aqua,MODIS,82,6.2,308.4,37.1,D,0
-15.4349,135.3724,328.8,1.7,1.3,2014-08-13,0423,Aqua,MODIS,75,6.2,306.3,36.8,D,0
-15.435,135.3632,350.8,1.7,1.3,2014-08-13,0423,Aqua,MODIS,95,6.2,308.9,116.2,D,0
-15.8254,136.0006,326,1.5,1.2,2014-08-13,0423,Aqua,MODIS,69,6.2,307.7,23,D,0
-15.2311,144.5192,328.1,1.5,1.2,2014-08-13,0423,Aqua,MODIS,80,6.2,293.9,35.6,D,0
-14.3488,144.345,313.8,1.5,1.2,2014-08-13,0423,Aqua,MODIS,41,6.2,283.4,10.8,D,0
-14.582,141.5842,327.2,1.1,1,2014-08-13,0423,Aqua,MODIS,64,6.2,306.9,12.9,D,0
-15.8063,136.3341,319.6,1.4,1.2,2014-08-13,0423,Aqua,MODIS,31,6.2,308.3,11.7,D,0
-15.2642,135.266,326.8,1.7,1.3,2014-08-13,0423,Aqua,MODIS,46,6.2,307.5,30.7,D,0
-15.4369,135.3569,329,1.7,1.3,2014-08-13,0423,Aqua,MODIS,79,6.2,305.4,36.9,D,0
-15.236,144.5273,328.4,1.5,1.2,2014-08-13,0423,Aqua,MODIS,80,6.2,294.1,36.4,D,0
-15.7956,136.3327,323.4,1.4,1.2,2014-08-13,0423,Aqua,MODIS,71,6.2,308.3,18.5,D,0
-14.3455,144.3376,316.5,1.5,1.2,2014-08-13,0423,Aqua,MODIS,20,6.2,284.5,13.7,D,0
-15.6403,136.2861,336.5,1.4,1.2,2014-08-13,0423,Aqua,MODIS,81,6.2,307.7,47.3,D,0
-15.4254,135.3462,326.6,1.7,1.3,2014-08-13,0423,Aqua,MODIS,77,6.2,300.8,30.3,D,0
-15.2382,144.5137,328.7,1.5,1.2,2014-08-13,0423,Aqua,MODIS,81,6.2,295,36.3,D,0
-12.9849,142.0912,317.8,1.1,1.1,2014-08-13,0423,Aqua,MODIS,31,6.2,299.2,7.3,D,0
-15.2756,135.2675,329.9,1.7,1.3,2014-08-13,0423,Aqua,MODIS,75,6.2,306.6,38.4,D,0
-15.4369,135.3477,316.8,1.7,1.3,2014-08-13,0423,Aqua,MODIS,49,6.2,302.8,11.2,D,0
-15.9724,136.2026,325.8,1.5,1.2,2014-08-13,0423,Aqua,MODIS,41,6.2,307.4,16.8,D,0
-15.8133,135.9068,327.4,1.5,1.2,2014-08-13,0423,Aqua,MODIS,72,6.2,306.9,29.5,D,0
-15.8138,135.9122,329.7,1.5,1.2,2014-08-13,0423,Aqua,MODIS,71,6.2,306.3,32.9,D,0
-16.0894,136.2669,332.3,1.5,1.2,2014-08-13,0423,Aqua,MODIS,82,6.2,308.9,31.4,D,0
-14.3511,144.3315,316.2,1.5,1.2,2014-08-13,0423,Aqua,MODIS,58,6.2,286.3,15,D,0
-16.0047,136.4679,336.5,1.4,1.2,2014-08-13,0423,Aqua,MODIS,86,6.2,310.1,41.3,D,0
-16.0877,136.2806,330.4,1.5,1.2,2014-08-13,0423,Aqua,MODIS,77,6.2,310.4,26.8,D,0
-15.4254,135.3555,361.6,1.7,1.3,2014-08-13,0423,Aqua,MODIS,100,6.2,305.4,168.5,D,0
-15.2288,144.5328,317.9,1.5,1.2,2014-08-13,0423,Aqua,MODIS,48,6.2,288.2,16.6,D,0
-15.6493,136.3009,321.1,1.4,1.2,2014-08-13,0423,Aqua,MODIS,43,6.2,308.5,13.9,D,0
-15.8203,136.0429,323.9,1.5,1.2,2014-08-13,0423,Aqua,MODIS,60,6.2,308,16.5,D,0
-15.6386,136.2995,326.7,1.4,1.2,2014-08-13,0423,Aqua,MODIS,69,6.2,308.8,23.8,D,0
-12.4258,131.4714,318.7,3,1.6,2014-08-13,0424,Aqua,MODIS,55,6.2,305.3,41.3,D,0
-12.6415,132.0701,383.2,2.7,1.6,2014-08-13,0424,Aqua,MODIS,100,6.2,312.6,640.6,D,0
-12.4262,131.4782,321.7,3,1.6,2014-08-13,0424,Aqua,MODIS,66,6.2,305.3,55.9,D,0
-12.6998,135.4171,326.8,1.5,1.2,2014-08-13,0424,Aqua,MODIS,48,6.2,305.9,20.6,D,0
-12.0533,142.0955,324.5,1.2,1.1,2014-08-13,0424,Aqua,MODIS,76,6.2,293.2,18.1,D,0
-12.7015,135.4033,330.2,1.5,1.2,2014-08-13,0424,Aqua,MODIS,79,6.2,304.6,28.4,D,0
-12.6244,132.0931,341.2,2.7,1.6,2014-08-13,0424,Aqua,MODIS,77,6.2,309.4,126.9,D,0
-12.6902,135.3808,350.7,1.5,1.2,2014-08-13,0424,Aqua,MODIS,95,6.2,307.7,91.8,D,0
-12.6814,135.3864,367.7,1.5,1.2,2014-08-13,0424,Aqua,MODIS,100,6.2,306.1,174.8,D,0
-12.4158,134.8571,372,1.6,1.3,2014-08-13,0424,Aqua,MODIS,100,6.2,308.2,231.4,D,0
-12.6996,135.7598,331.7,1.4,1.2,2014-08-13,0424,Aqua,MODIS,83,6.2,301.8,40.9,D,0
-12.1112,142.1048,325.7,1.2,1.1,2014-08-13,0424,Aqua,MODIS,73,6.2,295.4,19.2,D,0
-12.3853,134.7383,320.4,1.7,1.3,2014-08-13,0424,Aqua,MODIS,51,6.2,304.1,16.1,D,0
-12.0124,133.3779,325.4,2.1,1.4,2014-08-13,0424,Aqua,MODIS,58,6.2,308.1,20,D,0
-12.7075,135.9889,324.5,1.4,1.2,2014-08-13,0424,Aqua,MODIS,42,6.2,299.1,21.6,D,0
-13.0405,136.1168,320.1,1.4,1.2,2014-08-13,0424,Aqua,MODIS,58,6.2,297.8,16.6,D,0
-11.8675,133.5948,327.7,2,1.4,2014-08-13,0424,Aqua,MODIS,61,6.2,306.5,34,D,0
-12.7293,134.998,325.1,1.6,1.3,2014-08-13,0424,Aqua,MODIS,68,6.2,305.4,19.5,D,0
-12.599,132.0648,346.1,2.7,1.6,2014-08-13,0424,Aqua,MODIS,92,6.2,305.5,190.4,D,0
-12.6792,135.3793,366.9,1.5,1.2,2014-08-13,0424,Aqua,MODIS,100,6.2,305.5,173.6,D,0
-12.6738,135.421,321.7,1.5,1.2,2014-08-13,0424,Aqua,MODIS,52,6.2,303.6,16.9,D,0
-12.1767,142.2205,326.3,1.2,1.1,2014-08-13,0424,Aqua,MODIS,55,6.2,295.1,18.2,D,0
-12.6829,135.3515,340.1,1.5,1.2,2014-08-13,0424,Aqua,MODIS,89,6.2,304,63.2,D,0
-12.0092,133.3902,323,2.1,1.4,2014-08-13,0424,Aqua,MODIS,58,6.2,306.6,14,D,0
-12.1598,133.7416,325.5,2,1.4,2014-08-13,0424,Aqua,MODIS,69,6.2,308.3,25.3,D,0
-12.692,135.367,327.8,1.5,1.2,2014-08-13,0424,Aqua,MODIS,53,6.2,305.1,26.7,D,0
-12.6278,132.0985,335,2.7,1.6,2014-08-13,0424,Aqua,MODIS,44,6.2,309.5,87.6,D,0
-12.0026,133.5427,323.1,2,1.4,2014-08-13,0424,Aqua,MODIS,58,6.2,305.1,16.5,D,0
-12.5369,134.1765,323.9,1.9,1.3,2014-08-13,0424,Aqua,MODIS,71,6.2,305.3,26.9,D,0
-13.2412,130.786,319.8,3.5,1.8,2014-08-13,0424,Aqua,MODIS,59,6.2,306.5,47.7,D,0
-12.175,142.2313,323.3,1.2,1.1,2014-08-13,0424,Aqua,MODIS,55,6.2,296.9,14.3,D,0
-12.414,134.4221,328.6,1.8,1.3,2014-08-13,0424,Aqua,MODIS,78,6.2,303.8,33.3,D,0
-13.2098,135.8105,315.9,1.4,1.2,2014-08-13,0424,Aqua,MODIS,43,6.2,301.4,11.4,D,0
-13.0459,136.123,318.2,1.4,1.2,2014-08-13,0424,Aqua,MODIS,56,6.2,295.6,14.3,D,0
-12.0806,142.1765,324.4,1.2,1.1,2014-08-13,0424,Aqua,MODIS,50,6.2,300.1,13.1,D,0
-12.6629,135.4196,336.9,1.5,1.2,2014-08-13,0424,Aqua,MODIS,87,6.2,303.4,51.7,D,0
-12.3942,134.8475,321.3,1.6,1.3,2014-08-13,0424,Aqua,MODIS,47,6.2,299.5,22,D,0
-12.1624,136.2779,316.7,1.3,1.1,2014-08-13,0424,Aqua,MODIS,45,6.2,295.4,11.1,D,0
-12.1112,133.4103,328.2,2.1,1.4,2014-08-13,0424,Aqua,MODIS,73,6.2,306.3,35,D,0
-12.5995,136.4417,322,1.3,1.1,2014-08-13,0424,Aqua,MODIS,73,6.2,297.9,22.9,D,0
-12.3931,134.8541,320.9,1.6,1.3,2014-08-13,0424,Aqua,MODIS,47,6.2,300.1,21.2,D,0
-12.3578,136.8049,316,1.2,1.1,2014-08-13,0424,Aqua,MODIS,59,6.2,293.1,12.4,D,0
-12.2569,134.3803,323.9,1.8,1.3,2014-08-13,0424,Aqua,MODIS,65,6.2,304,22.9,D,0
-12.0178,134.1412,320.1,1.8,1.3,2014-08-13,0424,Aqua,MODIS,51,6.2,305,16,D,0
-12.9202,132.1779,326.5,2.7,1.6,2014-08-13,0424,Aqua,MODIS,52,6.2,309.4,42.7,D,0
-12.1853,133.5406,320.5,2,1.4,2014-08-13,0424,Aqua,MODIS,49,6.2,305.8,18.7,D,0
-12.6165,132.0719,349.1,2.7,1.6,2014-08-13,0424,Aqua,MODIS,94,6.2,307.7,202.3,D,0
-13.2501,135.6659,351.6,1.5,1.2,2014-08-13,0424,Aqua,MODIS,96,6.2,304.9,101.8,D,0
-12.1877,133.522,322.4,2.1,1.4,2014-08-13,0424,Aqua,MODIS,59,6.2,306.8,24.7,D,0
-12.114,136.3317,321.6,1.3,1.1,2014-08-13,0424,Aqua,MODIS,35,6.2,298.3,15.4,D,0
-12.6774,135.3931,337,1.5,1.2,2014-08-13,0424,Aqua,MODIS,87,6.2,305,49.4,D,0
-12.3873,134.7228,327.6,1.7,1.3,2014-08-13,0424,Aqua,MODIS,77,6.2,303.3,33.2,D,0
-12.1088,133.4292,326.9,2.1,1.4,2014-08-13,0424,Aqua,MODIS,60,6.2,305.7,30.8,D,0
-12.6992,135.6792,324.9,1.4,1.2,2014-08-13,0424,Aqua,MODIS,76,6.2,304.4,24.4,D,0
-12.6924,135.732,347.1,1.4,1.2,2014-08-13,0424,Aqua,MODIS,93,6.2,298.6,82.8,D,0
-12.4454,133.8763,332.6,1.9,1.4,2014-08-13,0424,Aqua,MODIS,82,6.2,303.3,59.9,D,0
-12.0916,133.1498,323.5,2.2,1.4,2014-08-13,0424,Aqua,MODIS,52,6.2,305.9,25.6,D,0
-12.4576,133.8781,320.6,1.9,1.4,2014-08-13,0424,Aqua,MODIS,47,6.2,302.4,23.5,D,0
-12.6783,135.7569,326.2,1.4,1.2,2014-08-13,0424,Aqua,MODIS,77,6.2,297.7,29.2,D,0
-12.2292,133.5152,322.1,2.1,1.4,2014-08-13,0424,Aqua,MODIS,61,6.2,307.9,21.3,D,0
-12.5961,132.0897,322.8,2.7,1.6,2014-08-13,0424,Aqua,MODIS,41,6.2,306.9,39.5,D,0
-12.6132,132.0666,344.9,2.7,1.6,2014-08-13,0424,Aqua,MODIS,92,6.2,307.1,170.5,D,0
-12.1972,142.2295,338.6,1.2,1.1,2014-08-13,0424,Aqua,MODIS,88,6.2,301.3,38.1,D,0
-12.4829,132.5772,337.2,2.5,1.5,2014-08-13,0424,Aqua,MODIS,86,6.2,308.7,93.1,D,0
-12.6273,132.0683,378.1,2.7,1.6,2014-08-13,0424,Aqua,MODIS,100,6.2,309.5,556.9,D,0
-12.6102,132.0914,331.3,2.7,1.6,2014-08-13,0424,Aqua,MODIS,55,6.2,308.4,73.7,D,0
-12.3746,131.1223,323,3.2,1.7,2014-08-13,0424,Aqua,MODIS,56,6.2,304.1,62.3,D,0
-12.3777,131.1175,319.8,3.2,1.7,2014-08-13,0424,Aqua,MODIS,42,6.2,303.9,45.7,D,0
-12.3743,131.1466,318.9,3.2,1.7,2014-08-13,0424,Aqua,MODIS,39,6.2,305.8,41.1,D,0
-12.0787,133.1482,332,2.2,1.4,2014-08-13,0424,Aqua,MODIS,81,6.2,307.8,55.5,D,0
-12.4119,134.4384,319.8,1.8,1.3,2014-08-13,0424,Aqua,MODIS,46,6.2,304.6,12.6,D,0
-12.7411,134.9928,323.4,1.6,1.3,2014-08-13,0424,Aqua,MODIS,57,6.2,308.6,15.9,D,0
-12.1509,142.1944,326.6,1.2,1.1,2014-08-13,0424,Aqua,MODIS,47,6.2,297.2,18,D,0
-12.7299,134.9912,330.3,1.6,1.3,2014-08-13,0424,Aqua,MODIS,81,6.2,306.6,31.8,D,0
-12.7311,134.9832,324.5,1.6,1.3,2014-08-13,0424,Aqua,MODIS,66,6.2,307.7,17.9,D,0
-12.6719,135.3501,336.6,1.5,1.2,2014-08-13,0424,Aqua,MODIS,87,6.2,301.5,53.5,D,0
-12.6815,135.98,331.1,1.4,1.2,2014-08-13,0424,Aqua,MODIS,70,6.2,298.5,34.2,D,0
-12.1751,134.3957,317.8,1.8,1.3,2014-08-13,0424,Aqua,MODIS,35,6.2,302.3,14.2,D,0
-12.694,135.374,326.6,1.5,1.2,2014-08-13,0424,Aqua,MODIS,28,6.2,305.3,23.4,D,0
-12.6923,135.3879,347.7,1.5,1.2,2014-08-13,0424,Aqua,MODIS,94,6.2,306.5,80.1,D,0
-12.7398,132.0433,327.7,2.7,1.6,2014-08-13,0424,Aqua,MODIS,76,6.2,308.8,64.7,D,0
-12.4888,132.5712,332.5,2.5,1.5,2014-08-13,0424,Aqua,MODIS,70,6.2,307.1,65.1,D,0
-12.1216,133.4363,323.8,2.1,1.4,2014-08-13,0424,Aqua,MODIS,23,6.2,306.1,23.1,D,0
-12.6831,135.3726,378.3,1.5,1.2,2014-08-13,0424,Aqua,MODIS,100,6.2,307.9,248.3,D,0
-12.6533,132.1267,325.5,2.7,1.6,2014-08-13,0424,Aqua,MODIS,45,6.2,307.5,47.9,D,0
-12.5249,134.1749,318.5,1.9,1.3,2014-08-13,0424,Aqua,MODIS,31,6.2,304.3,13.2,D,0
-12.6817,135.7306,341.9,1.4,1.2,2014-08-13,0424,Aqua,MODIS,90,6.2,294.1,67.5,D,0
-12.1214,133.431,324.7,2.1,1.4,2014-08-13,0424,Aqua,MODIS,35,6.2,306.8,26.1,D,0
-12.6883,135.3946,341.5,1.5,1.2,2014-08-13,0424,Aqua,MODIS,90,6.2,304.4,58.1,D,0
-12.2039,142.0396,325.2,1.2,1.1,2014-08-13,0424,Aqua,MODIS,66,6.2,299.8,16.5,D,0
-12.1112,133.4156,334.8,2.1,1.4,2014-08-13,0424,Aqua,MODIS,84,6.2,306.5,61.5,D,0
-12.6306,132.0737,389.5,2.7,1.6,2014-08-13,0424,Aqua,MODIS,100,6.2,312.1,771.3,D,0
-12.9173,132.2027,327.9,2.7,1.6,2014-08-13,0424,Aqua,MODIS,56,6.2,308.4,49.8,D,0
-12.1428,142.1822,323,1.2,1.1,2014-08-13,0424,Aqua,MODIS,56,6.2,294.4,14.8,D,0
-12.4965,132.5788,321.2,2.5,1.5,2014-08-13,0424,Aqua,MODIS,44,6.2,306.3,23.5,D,0
-12.2085,141.9438,324,1.1,1.1,2014-08-13,0424,Aqua,MODIS,61,6.2,294.7,14.1,D,0
-13.2484,135.6795,329,1.5,1.2,2014-08-13,0424,Aqua,MODIS,80,6.2,303,34.3,D,0
-13.0165,131.2036,318.7,3.2,1.7,2014-08-13,0424,Aqua,MODIS,56,6.2,307.1,26.6,D,0
-12.6561,132.1021,327.2,2.7,1.6,2014-08-13,0424,Aqua,MODIS,31,6.2,309.9,50.8,D,0
-12.2383,133.6474,324.7,2,1.4,2014-08-13,0424,Aqua,MODIS,73,6.2,306.3,23.5,D,0
-12.7179,135.9904,324.7,1.4,1.2,2014-08-13,0424,Aqua,MODIS,56,6.2,299.4,22.9,D,0
-12.7327,135.5056,338.9,1.5,1.2,2014-08-13,0424,Aqua,MODIS,88,6.2,304,57.4,D,0
-12.9145,132.2271,328,2.7,1.6,2014-08-13,0424,Aqua,MODIS,42,6.2,309.3,51.1,D,0
-12.6448,132.0755,369.4,2.7,1.6,2014-08-13,0424,Aqua,MODIS,100,6.2,312,421.7,D,0
-11.8194,133.1374,333.5,2.2,1.4,2014-08-13,0424,Aqua,MODIS,85,6.2,303.6,72.4,D,0
-12.7253,135.8481,316.8,1.4,1.2,2014-08-13,0424,Aqua,MODIS,53,6.2,297.5,14.3,D,0
-13.2609,135.6674,347.3,1.5,1.2,2014-08-13,0424,Aqua,MODIS,93,6.2,307,85.8,D,0
-12.642,132.1003,340.2,2.7,1.6,2014-08-13,0424,Aqua,MODIS,77,6.2,310.7,121.2,D,0
-12.1751,131.2892,322.2,3.1,1.7,2014-08-13,0424,Aqua,MODIS,0,6.2,302.1,59.7,D,0
-13.2592,135.681,332.2,1.5,1.2,2014-08-13,0424,Aqua,MODIS,83,6.2,303.8,41.6,D,0
-12.6727,135.9659,338.9,1.4,1.2,2014-08-13,0424,Aqua,MODIS,89,6.2,297.6,53.9,D,0
-12.1367,142.0289,342,1.2,1.1,2014-08-13,0424,Aqua,MODIS,91,6.2,297.9,48.6,D,0
-12.3923,134.8626,325.4,1.6,1.3,2014-08-13,0424,Aqua,MODIS,58,6.2,301.7,28.5,D,0
-12.1528,133.7291,326.6,2,1.4,2014-08-13,0424,Aqua,MODIS,70,6.2,307.8,27,D,0
-11.9622,133.2472,323.4,2.1,1.4,2014-08-13,0424,Aqua,MODIS,25,6.2,307.2,18.7,D,0
-12.681,135.3655,377.3,1.5,1.2,2014-08-13,0424,Aqua,MODIS,100,6.2,307.6,244.8,D,0
-12.4045,134.8556,370.2,1.6,1.3,2014-08-13,0424,Aqua,MODIS,100,6.2,307.5,221.5,D,0
-12.7218,135.5041,316.4,1.5,1.2,2014-08-13,0424,Aqua,MODIS,59,6.2,302.1,10.5,D,0
-12.1719,136.2061,322.9,1.3,1.1,2014-08-13,0424,Aqua,MODIS,53,6.2,298.1,20.3,D,0
-12.6848,135.3586,367.9,1.5,1.2,2014-08-13,0424,Aqua,MODIS,100,6.2,306.9,183.6,D,0
-12.6334,132.0489,338.9,2.7,1.6,2014-08-13,0424,Aqua,MODIS,87,6.2,302.5,121.4,D,0
-12.5414,135.398,323.8,1.5,1.2,2014-08-13,0424,Aqua,MODIS,68,6.2,303.8,18.7,D,0
-12.6385,132.0949,352,2.7,1.6,2014-08-13,0424,Aqua,MODIS,96,6.2,310.9,213.1,D,0
-12.9087,135.387,326.9,1.5,1.2,2014-08-13,0424,Aqua,MODIS,78,6.2,305,29.3,D,0
-12.6907,135.7452,396.6,1.4,1.2,2014-08-13,0424,Aqua,MODIS,100,6.2,308.1,382.6,D,0
-12.6701,135.364,326.7,1.5,1.2,2014-08-13,0424,Aqua,MODIS,78,6.2,299.3,28.2,D,0
-12.7013,135.7466,324,1.4,1.2,2014-08-13,0424,Aqua,MODIS,75,6.2,300.3,24.6,D,0
-12.1767,131.2846,323.3,3.1,1.7,2014-08-13,0424,Aqua,MODIS,0,6.2,302.6,63.6,D,0
-12.7009,135.666,319.6,1.5,1.2,2014-08-13,0424,Aqua,MODIS,62,6.2,302.7,14.1,D,0
-12.7426,132.0182,324.1,2.7,1.6,2014-08-13,0424,Aqua,MODIS,70,6.2,308.1,47.1,D,0
-12.68,135.7438,360.5,1.4,1.2,2014-08-13,0424,Aqua,MODIS,100,6.2,296.9,136.6,D,0
-12.4156,136.8295,318.8,1.2,1.1,2014-08-13,0424,Aqua,MODIS,70,6.2,292.4,14.6,D,0
-11.8218,133.1177,336.6,2.2,1.4,2014-08-13,0424,Aqua,MODIS,88,6.2,303.6,85.8,D,0
-12.7359,132.036,331.1,2.7,1.6,2014-08-13,0424,Aqua,MODIS,80,6.2,308.6,80,D,0
-13.2086,136.1515,315.9,1.4,1.2,2014-08-13,0424,Aqua,MODIS,0,6.2,302,10.6,D,0
-12.6647,135.4057,351,1.5,1.2,2014-08-13,0424,Aqua,MODIS,95,6.2,306.8,99,D,0
-12.1893,133.5289,325.6,2.1,1.4,2014-08-13,0424,Aqua,MODIS,74,6.2,306.9,34.6,D,0
-12.689,135.7583,350.8,1.4,1.2,2014-08-13,0424,Aqua,MODIS,95,6.2,301.9,95.2,D,0
-12.1031,142.0926,339.6,1.2,1.1,2014-08-13,0424,Aqua,MODIS,89,6.2,297.3,42.9,D,0
-12.1367,136.5481,328.8,1.3,1.1,2014-08-13,0424,Aqua,MODIS,45,6.2,297.4,26.1,D,0
-13.3664,130.9002,324.8,3.4,1.7,2014-08-13,0424,Aqua,MODIS,63,6.2,308.5,67.4,D,0
-12.4272,134.8585,347.5,1.6,1.3,2014-08-13,0424,Aqua,MODIS,93,6.2,304.2,93.5,D,0
-13.9914,132.1679,318.5,2.8,1.6,2014-08-13,0424,Aqua,MODIS,56,6.2,305.7,23.2,D,0
-12.2948,132.6328,322.5,2.4,1.5,2014-08-13,0424,Aqua,MODIS,18,6.2,307.4,30.4,D,0
-13.3278,130.7283,318.4,3.5,1.8,2014-08-13,0424,Aqua,MODIS,22,6.2,306.7,37.2,D,0
-13.3367,130.7335,321.4,3.5,1.8,2014-08-13,0424,Aqua,MODIS,48,6.2,306.8,52.6,D,0
-11.5962,132.9494,344.3,2.2,1.4,2014-08-13,0424,Aqua,MODIS,92,6.2,304.5,137.6,D,0
-11.6092,132.951,326.6,2.2,1.4,2014-08-13,0424,Aqua,MODIS,77,6.2,302.7,51.8,D,0
-11.6067,132.9555,328.1,2.2,1.4,2014-08-13,0424,Aqua,MODIS,63,6.2,304.1,54,D,0
-12.1291,134.7695,318,1.6,1.3,2014-08-13,0424,Aqua,MODIS,33,6.2,301.8,13,D,0
-12.2271,136.4849,321.1,1.3,1.1,2014-08-13,0424,Aqua,MODIS,53,6.2,293.6,18.2,D,0
-12.4026,134.8707,347.6,1.6,1.3,2014-08-13,0424,Aqua,MODIS,93,6.2,303.8,95.7,D,0
-11.8655,133.0827,324.3,2.2,1.4,2014-08-13,0424,Aqua,MODIS,47,6.2,303.5,30.6,D,0
-12.2512,132.5757,336.3,2.4,1.5,2014-08-13,0424,Aqua,MODIS,85,6.2,302.1,99.8,D,0
-13.3385,130.8648,342.6,3.4,1.7,2014-08-13,0424,Aqua,MODIS,90,6.2,307.5,213.2,D,0
-13.4007,130.683,328.5,3.6,1.8,2014-08-13,0424,Aqua,MODIS,63,6.2,306.4,101.9,D,0
-13.4038,130.7087,326.6,3.5,1.8,2014-08-13,0424,Aqua,MODIS,69,6.2,307.6,90.3,D,0
-12.4139,134.8722,350.6,1.6,1.3,2014-08-13,0424,Aqua,MODIS,95,6.2,307.2,105.6,D,0
-12.412,134.8871,332.3,1.6,1.3,2014-08-13,0424,Aqua,MODIS,70,6.2,304.4,38.8,D,0
-12.4252,134.8736,336.4,1.6,1.3,2014-08-13,0424,Aqua,MODIS,86,6.2,307.1,54.2,D,0
-12.4233,134.8887,323.5,1.6,1.3,2014-08-13,0424,Aqua,MODIS,56,6.2,305.1,19.5,D,0
-11.8644,133.0895,325.3,2.2,1.4,2014-08-13,0424,Aqua,MODIS,57,6.2,303,34.9,D,0
-12.1125,136.3435,345.4,1.3,1.1,2014-08-13,0424,Aqua,MODIS,92,6.2,301.5,64.8,D,0
-12.1047,136.3369,324.8,1.3,1.1,2014-08-13,0424,Aqua,MODIS,60,6.2,297.6,21,D,0
-13.5051,134.262,328.9,1.9,1.3,2014-08-13,0424,Aqua,MODIS,75,6.2,305.4,40.9,D,0
-11.4651,132.8585,317.7,2.3,1.5,2014-08-13,0424,Aqua,MODIS,23,6.2,302.4,17.8,D,0
-12.0195,132.9902,326.9,2.2,1.5,2014-08-13,0424,Aqua,MODIS,73,6.2,306,35.8,D,0
-12.1365,136.2378,320.5,1.3,1.1,2014-08-13,0424,Aqua,MODIS,52,6.2,299.4,15.4,D,0
-13.5971,131.6671,317,3,1.6,2014-08-13,0424,Aqua,MODIS,45,6.2,305.5,24.7,D,0
-13.5947,131.6893,319.6,3,1.6,2014-08-13,0424,Aqua,MODIS,53,6.2,306.4,34.5,D,0
-13.5459,135.6676,319.2,1.5,1.2,2014-08-13,0424,Aqua,MODIS,62,6.2,302.5,17,D,0
-11.8372,133.0995,345.4,2.2,1.4,2014-08-13,0424,Aqua,MODIS,93,6.2,305.6,131.8,D,0
-11.8243,133.0978,346.4,2.2,1.4,2014-08-13,0424,Aqua,MODIS,93,6.2,302.9,139.5,D,0
-11.8267,133.0777,334.3,2.2,1.4,2014-08-13,0424,Aqua,MODIS,86,6.2,300.9,76.8,D,0
-12.3585,134.766,315.3,1.7,1.3,2014-08-13,0424,Aqua,MODIS,22,6.2,300.6,9.7,D,0
-12.1834,136.5841,343.9,1.3,1.1,2014-08-13,0424,Aqua,MODIS,0,6.2,296.7,56.2,D,0
-12.1383,136.5366,331.9,1.3,1.1,2014-08-13,0424,Aqua,MODIS,76,6.2,296,31.7,D,0
-12.1398,136.5251,327.9,1.3,1.1,2014-08-13,0424,Aqua,MODIS,61,6.2,296.2,25.8,D,0
-12.1267,136.5467,333.5,1.3,1.1,2014-08-13,0424,Aqua,MODIS,79,6.2,296.4,35.3,D,0
-12.5813,142.6609,323.9,1.2,1.1,2014-08-13,0424,Aqua,MODIS,52,6.2,298,17.1,D,0
-11.9259,142.2011,323.1,1.2,1.1,2014-08-13,0424,Aqua,MODIS,75,6.2,297.3,15.4,D,0
-13.3483,130.829,320.6,3.4,1.7,2014-08-13,0424,Aqua,MODIS,48,6.2,304,36.7,D,0
-13.3445,130.8614,343.3,3.4,1.7,2014-08-13,0424,Aqua,MODIS,90,6.2,308.4,222.2,D,0
-12.2939,134.9194,323.2,1.6,1.3,2014-08-13,0424,Aqua,MODIS,69,6.2,303.7,24.2,D,0
-12.2926,134.9245,327.4,1.6,1.3,2014-08-13,0424,Aqua,MODIS,77,6.2,302.9,33,D,0
-12.3038,134.9261,330.3,1.6,1.3,2014-08-13,0424,Aqua,MODIS,80,6.2,306.1,40,D,0
-12.1452,135.3763,319.5,1.5,1.2,2014-08-13,0424,Aqua,MODIS,64,6.2,300.5,16.7,D,0
-12.2919,134.9342,317.6,1.6,1.2,2014-08-13,0424,Aqua,MODIS,46,6.2,302.7,13,D,0
-12.3019,134.9409,331.1,1.6,1.2,2014-08-13,0424,Aqua,MODIS,81,6.2,303.8,42.2,D,0
-11.6041,132.9915,319.5,2.2,1.4,2014-08-13,0424,Aqua,MODIS,56,6.2,305.5,23.2,D,0
-13.3541,130.8669,331.1,3.4,1.7,2014-08-13,0424,Aqua,MODIS,81,6.2,307.5,108.6,D,0
-11.6848,132.9654,322.9,2.2,1.4,2014-08-13,0424,Aqua,MODIS,76,6.2,305.6,36.3,D,0
-12.2486,132.598,341.8,2.4,1.5,2014-08-13,0424,Aqua,MODIS,89,6.2,305,129.4,D,0
-12.4385,134.86,322.4,1.6,1.3,2014-08-13,0424,Aqua,MODIS,39,6.2,302.4,17.9,D,0
-12.4366,134.8751,331.2,1.6,1.3,2014-08-13,0424,Aqua,MODIS,81,6.2,305.3,39.4,D,0
-11.4625,132.879,323.6,2.2,1.5,2014-08-13,0424,Aqua,MODIS,72,6.2,304.8,36.8,D,0
-12.5413,142.3873,321.7,1.2,1.1,2014-08-13,0424,Aqua,MODIS,67,6.2,299.9,12.1,D,0
-12.1225,135.4357,319.4,1.5,1.2,2014-08-13,0424,Aqua,MODIS,38,6.2,300.4,16.1,D,0
-12.1333,135.4372,318.2,1.5,1.2,2014-08-13,0424,Aqua,MODIS,31,6.2,301.3,14.5,D,0
-12.1275,135.4293,327.4,1.5,1.2,2014-08-13,0424,Aqua,MODIS,77,6.2,301.4,31.4,D,0
-12.2728,135.0797,324.1,1.6,1.2,2014-08-13,0424,Aqua,MODIS,53,6.2,304.5,22.5,D,0
-13.6224,132.2603,320.5,2.7,1.6,2014-08-13,0424,Aqua,MODIS,50,6.2,307.7,29.3,D,0
-11.6043,132.9758,327.2,2.2,1.4,2014-08-13,0424,Aqua,MODIS,61,6.2,306.2,47.9,D,0
-11.6196,132.9729,325.2,2.2,1.4,2014-08-13,0424,Aqua,MODIS,78,6.2,303.6,44.3,D,0
-12.2726,135.085,324.2,1.6,1.2,2014-08-13,0424,Aqua,MODIS,73,6.2,304.5,25.4,D,0
-12.0064,132.9885,326.5,2.2,1.5,2014-08-13,0424,Aqua,MODIS,73,6.2,306.1,35,D,0
-11.6066,132.9713,328.8,2.2,1.4,2014-08-13,0424,Aqua,MODIS,82,6.2,306.1,58.8,D,0
-11.5936,132.9697,348.7,2.2,1.4,2014-08-13,0424,Aqua,MODIS,94,6.2,306.4,162.5,D,0
-12.0089,132.9681,324.6,2.3,1.5,2014-08-13,0424,Aqua,MODIS,69,6.2,305.3,27.1,D,0
-12.348,136.8034,331.3,1.2,1.1,2014-08-13,0424,Aqua,MODIS,84,6.2,297.7,34,D,0
-12.3465,136.8146,312.6,1.2,1.1,2014-08-13,0424,Aqua,MODIS,35,6.2,291.1,8.2,D,0
-12.7251,135.3925,329.6,1.5,1.2,2014-08-13,0424,Aqua,MODIS,70,6.2,304.6,31.1,D,0
-13.0064,135.9701,319.8,1.4,1.2,2014-08-13,0424,Aqua,MODIS,68,6.2,297.7,16.3,D,0
-12.2745,141.8539,321.5,1.1,1.1,2014-08-13,0424,Aqua,MODIS,47,6.2,297.9,9.3,D,0
-12.2555,141.8509,337.1,1.1,1.1,2014-08-13,0424,Aqua,MODIS,87,6.2,299.2,34.6,D,0
-13.4951,134.2433,321.3,1.9,1.3,2014-08-13,0424,Aqua,MODIS,55,6.2,305.6,19.6,D,0
-12.7417,135.5207,328.1,1.5,1.2,2014-08-13,0424,Aqua,MODIS,65,6.2,305.1,27.6,D,0
-12.8546,135.4642,318.8,1.5,1.2,2014-08-13,0424,Aqua,MODIS,61,6.2,303.3,12.5,D,0
-12.2333,141.9322,331.3,1.1,1.1,2014-08-13,0424,Aqua,MODIS,70,6.2,301.6,23.8,D,0
-13.493,134.2606,322.8,1.9,1.3,2014-08-13,0424,Aqua,MODIS,51,6.2,304.9,24.7,D,0
-12.7656,135.5292,327.2,1.5,1.2,2014-08-13,0424,Aqua,MODIS,79,6.2,304,27.6,D,0
-12.9105,135.3729,318,1.5,1.2,2014-08-13,0424,Aqua,MODIS,64,6.2,303.7,12.5,D,0
-12.7616,135.5374,319.1,1.5,1.2,2014-08-13,0424,Aqua,MODIS,32,6.2,303.4,12.6,D,0
-12.7634,135.5235,325,1.5,1.2,2014-08-13,0424,Aqua,MODIS,75,6.2,304.7,23.1,D,0
-11.617,132.9932,327.6,2.2,1.4,2014-08-13,0424,Aqua,MODIS,81,6.2,304.3,49.7,D,0
-12.4939,132.6014,329.5,2.4,1.5,2014-08-13,0424,Aqua,MODIS,79,6.2,309.9,59.6,D,0
-12.4968,132.6179,328.2,2.4,1.5,2014-08-13,0424,Aqua,MODIS,29,6.2,309.1,43.7,D,0
-12.4996,132.5953,332.4,2.4,1.5,2014-08-13,0424,Aqua,MODIS,65,6.2,308.7,65,D,0
-13.1991,135.8091,320.2,1.4,1.2,2014-08-13,0424,Aqua,MODIS,67,6.2,301.3,18.9,D,0
-12.74,135.5343,328.8,1.5,1.2,2014-08-13,0424,Aqua,MODIS,73,6.2,302.8,29,D,0
-12.8529,135.4779,317.3,1.5,1.2,2014-08-13,0424,Aqua,MODIS,50,6.2,302.2,9.9,D,0
-12.5075,132.6031,331,2.4,1.5,2014-08-13,0424,Aqua,MODIS,72,6.2,307.5,63.1,D,0
-12.3714,131.1514,317.3,3.2,1.7,2014-08-13,0424,Aqua,MODIS,22,6.2,305.2,32,D,0
-13.0047,135.9829,335.5,1.4,1.2,2014-08-13,0424,Aqua,MODIS,86,6.2,301.4,47.7,D,0
-11.5944,131.094,328.3,3.1,1.7,2014-08-13,0424,Aqua,MODIS,69,6.2,301.9,93.2,D,0
-11.5388,130.7846,315,3.3,1.7,2014-08-13,0424,Aqua,MODIS,41,6.2,301.1,40.5,D,0
-11.5933,130.8516,324.3,3.2,1.7,2014-08-13,0424,Aqua,MODIS,64,6.2,301.9,72,D,0
-11.5911,131.1222,357.5,3.1,1.7,2014-08-13,0424,Aqua,MODIS,98,6.2,303.8,368.3,D,0
-11.5886,131.1439,325.2,3.1,1.7,2014-08-13,0424,Aqua,MODIS,69,6.2,302,77.7,D,0
-11.6177,130.8913,323.1,3.2,1.7,2014-08-13,0424,Aqua,MODIS,56,6.2,303.3,65.4,D,0
-11.6057,130.8602,325.7,3.2,1.7,2014-08-13,0424,Aqua,MODIS,57,6.2,303.6,77.6,D,0
-11.6051,130.8829,327.7,3.2,1.7,2014-08-13,0424,Aqua,MODIS,51,6.2,303,89,D,0
-11.6278,131.0697,317.8,3.1,1.7,2014-08-13,0424,Aqua,MODIS,47,6.2,302.1,41.3,D,0
-11.5273,131.2835,319.2,3,1.6,2014-08-13,0424,Aqua,MODIS,45,6.2,301.5,47.1,D,0
-11.5271,131.2767,312.6,3,1.6,2014-08-13,0424,Aqua,MODIS,10,6.2,301.4,22.3,D,0
-11.5921,131.1155,350.3,3.1,1.7,2014-08-13,0424,Aqua,MODIS,95,6.2,304.1,284.3,D,0
-11.6178,131.1543,325.7,3.1,1.7,2014-08-13,0424,Aqua,MODIS,74,6.2,302.7,76.6,D,0
-11.6061,131.124,321.2,3.1,1.7,2014-08-13,0424,Aqua,MODIS,52,6.2,303.1,54.8,D,0
-11.5238,131.3042,318,3,1.6,2014-08-13,0424,Aqua,MODIS,65,6.2,300.3,45,D,0
-12.7309,135.5193,334.3,1.5,1.2,2014-08-13,0424,Aqua,MODIS,85,6.2,303.3,44.9,D,0
-11.4727,132.8853,334.6,2.2,1.5,2014-08-13,0424,Aqua,MODIS,86,6.2,303,83.8,D,0
-11.846,132.8086,327.4,2.3,1.5,2014-08-13,0424,Aqua,MODIS,80,6.2,306.5,53.5,D,0
-11.4752,132.8649,340.6,2.3,1.5,2014-08-13,0424,Aqua,MODIS,90,6.2,303.4,113.2,D,0
-12.8504,135.4708,323.3,1.5,1.2,2014-08-13,0424,Aqua,MODIS,74,6.2,302.9,21.9,D,0
-12.2837,132.6472,322.1,2.4,1.5,2014-08-13,0424,Aqua,MODIS,39,6.2,303.8,29.1,D,0
-12.2621,132.5996,330.4,2.4,1.5,2014-08-13,0424,Aqua,MODIS,77,6.2,305.9,67.9,D,0
-12.3843,132.3438,316.5,2.5,1.5,2014-08-13,0424,Aqua,MODIS,31,6.2,304.9,21.3,D,0
-11.4235,130.3498,324,3.5,1.8,2014-08-13,0424,Aqua,MODIS,67,6.2,299.6,103.6,D,0
-11.7495,130.4393,327.2,3.5,1.8,2014-08-13,0424,Aqua,MODIS,76,6.2,301.1,122.7,D,0
-13.8058,133.2723,351.1,2.3,1.5,2014-08-13,0424,Aqua,MODIS,95,6.2,306.7,179.9,D,0
-13.8006,131.8682,319,2.9,1.6,2014-08-13,0424,Aqua,MODIS,52,6.2,306.9,28.4,D,0
-11.7424,130.4433,324.4,3.5,1.8,2014-08-13,0424,Aqua,MODIS,77,6.2,299.8,102.7,D,0
-13.8189,133.2739,322.9,2.3,1.5,2014-08-13,0424,Aqua,MODIS,71,6.2,305.7,36,D,0
-14.3128,129.6534,323.4,4.4,1.9,2014-08-13,0424,Aqua,MODIS,71,6.2,302.5,108.2,D,0
-34.693,118.2872,314.6,1.1,1,2014-08-13,0556,Aqua,MODIS,75,6.2,292.9,12.6,D,0
-34.744,117.8776,307.4,1.1,1.1,2014-08-13,0556,Aqua,MODIS,65,6.2,289.7,8.5,D,0
-34.7455,117.8653,302.8,1.1,1.1,2014-08-13,0556,Aqua,MODIS,53,6.2,290.4,5.3,D,0
-34.8895,116.8215,300.9,1.2,1.1,2014-08-13,0556,Aqua,MODIS,42,6.2,290.3,5.4,D,0
-34.5609,118.6738,309.8,1.1,1,2014-08-13,0556,Aqua,MODIS,69,6.2,291.9,9.6,D,0
-34.9889,117.0095,315.6,1.2,1.1,2014-08-13,0556,Aqua,MODIS,41,6.2,290.5,16.3,D,0
-34.99,117.0028,328.4,1.2,1.1,2014-08-13,0556,Aqua,MODIS,65,6.2,290.8,33.1,D,0
-34.9444,117.5686,305.9,1.2,1.1,2014-08-13,0556,Aqua,MODIS,62,6.2,289.6,8.7,D,0
-35.0007,117.0867,317.8,1.2,1.1,2014-08-13,0556,Aqua,MODIS,61,6.2,290.8,19.1,D,0
-35.0121,117.0751,337.2,1.2,1.1,2014-08-13,0556,Aqua,MODIS,79,6.2,291.7,49.8,D,0
-35.0221,117.0768,346.7,1.2,1.1,2014-08-13,0556,Aqua,MODIS,0,6.2,291.1,68.9,D,0
-34.6945,118.2753,310.5,1.1,1,2014-08-13,0556,Aqua,MODIS,65,6.2,294,9.2,D,0
-34.6053,118.5521,311.4,1.1,1,2014-08-13,0556,Aqua,MODIS,71,6.2,291.8,11,D,0
-34.6619,118.3057,305.9,1.1,1,2014-08-13,0556,Aqua,MODIS,62,6.2,292.6,6.3,D,0
-33.7362,122.254,326.2,1.1,1,2014-08-13,0557,Aqua,MODIS,82,6.2,291.8,24.9,D,0
-32.3391,116.3527,304,1.2,1.1,2014-08-13,0557,Aqua,MODIS,49,6.2,290.3,6.4,D,0
-33.7343,122.2657,356.6,1.1,1,2014-08-13,0557,Aqua,MODIS,98,6.2,297.7,85.5,D,0
-31.3938,121.1927,308.3,1.1,1,2014-08-13,0557,Aqua,MODIS,62,6.2,293.2,7.4,D,0
-32.8333,116.5439,315.2,1.2,1.1,2014-08-13,0557,Aqua,MODIS,37,6.2,290.2,14.6,D,0
-34.3698,115.9551,376.8,1.4,1.2,2014-08-13,0557,Aqua,MODIS,100,6.2,291.9,219.4,D,0
-32.8364,116.5176,321,1.2,1.1,2014-08-13,0557,Aqua,MODIS,59,6.2,291.8,21.4,D,0
-32.8463,116.5193,318,1.2,1.1,2014-08-13,0557,Aqua,MODIS,25,6.2,291,17.1,D,0
-34.3715,115.9404,339.8,1.4,1.2,2014-08-13,0557,Aqua,MODIS,92,6.2,289.9,66.8,D,0
-32.8348,116.5307,365.3,1.2,1.1,2014-08-13,0557,Aqua,MODIS,100,6.2,293.2,132.9,D,0
-34.2518,117.1645,323.6,1.2,1.1,2014-08-13,0557,Aqua,MODIS,82,6.2,291.3,26.5,D,0
-34.3593,115.9536,304.9,1.4,1.2,2014-08-13,0557,Aqua,MODIS,55,6.2,287.6,9.5,D,0
-32.8447,116.5324,359.6,1.2,1.1,2014-08-13,0557,Aqua,MODIS,99,6.2,293,110.4,D,0
-33.5377,116.5877,301.5,1.2,1.1,2014-08-13,0557,Aqua,MODIS,48,6.2,289.8,5.3,D,0
-34.361,115.9388,304.5,1.4,1.2,2014-08-13,0557,Aqua,MODIS,32,6.2,287.8,9.3,D,0
-34.3682,115.9699,304.6,1.4,1.2,2014-08-13,0557,Aqua,MODIS,41,6.2,285.8,8.2,D,0
-27.8683,114.785,323.8,1.3,1.1,2014-08-13,0558,Aqua,MODIS,73,6.2,304.1,19.2,D,0
-27.8698,114.7716,327.8,1.3,1.1,2014-08-13,0558,Aqua,MODIS,78,6.2,302.8,26.1,D,0
-27.862,114.7784,326.2,1.3,1.1,2014-08-13,0558,Aqua,MODIS,76,6.2,304.2,21.7,D,0
-30.3231,115.1183,314.4,1.3,1.1,2014-08-13,0558,Aqua,MODIS,69,6.2,297.2,13.2,D,0
-22.831,119.996,320,1.2,1.1,2014-08-13,0600,Aqua,MODIS,49,6.2,305.3,9,D,0
-22.9686,114.271,334,1.2,1.1,2014-08-13,0600,Aqua,MODIS,81,6.2,309,30.1,D,0
-22.9671,114.2829,358.2,1.2,1.1,2014-08-13,0600,Aqua,MODIS,99,6.2,310.6,93.8,D,0
-22.7937,119.9589,338.4,1.2,1.1,2014-08-13,0600,Aqua,MODIS,88,6.2,305.8,37.3,D,0
-22.8015,119.972,324,1.2,1.1,2014-08-13,0600,Aqua,MODIS,74,6.2,305.4,13.4,D,0
-21.3811,116.9321,317.9,1,1,2014-08-13,0600,Aqua,MODIS,33,6.2,306.6,5.9,D,0
-21.3825,116.9225,325.6,1,1,2014-08-13,0600,Aqua,MODIS,71,6.2,307.6,13.2,D,0
-21.3735,116.921,355.5,1,1,2014-08-13,0600,Aqua,MODIS,97,6.2,307.2,63.3,D,0
-21.3838,116.9129,327.7,1,1,2014-08-13,0600,Aqua,MODIS,74,6.2,306.8,15.5,D,0
-20.6332,119.1124,321.1,1.1,1.1,2014-08-13,0600,Aqua,MODIS,35,6.2,308.8,7.1,D,0
-20.6349,119.1017,323.8,1.1,1.1,2014-08-13,0600,Aqua,MODIS,67,6.2,309.3,11,D,0
-20.6366,119.0909,324.8,1.1,1.1,2014-08-13,0600,Aqua,MODIS,69,6.2,308.9,12,D,0
-21.3762,116.9018,385.7,1,1,2014-08-13,0600,Aqua,MODIS,100,6.2,313.4,166.8,D,0
-21.3776,116.8922,345.8,1,1,2014-08-13,0600,Aqua,MODIS,92,6.2,308.8,43.2,D,0
-21.3748,116.9114,346.8,1,1,2014-08-13,0600,Aqua,MODIS,92,6.2,308.1,44.2,D,0
-18.8937,121.649,322.4,1.7,1.3,2014-08-13,0601,Aqua,MODIS,68,6.2,310.1,14,D,0
-18.9181,122.0333,319.9,1.8,1.3,2014-08-13,0601,Aqua,MODIS,30,6.2,307.1,13.6,D,0
-18.9212,121.947,322.4,1.8,1.3,2014-08-13,0601,Aqua,MODIS,57,6.2,309.7,17.9,D,0
-18.9527,121.6991,325.9,1.7,1.3,2014-08-13,0601,Aqua,MODIS,65,6.2,310.2,24.4,D,0
-16.502,123.8431,328.6,2.8,1.6,2014-08-13,0601,Aqua,MODIS,80,6.2,306.6,77.6,D,0
-17.4244,122.3723,332.5,2,1.4,2014-08-13,0601,Aqua,MODIS,82,6.2,308.6,52.2,D,0
-17.4278,122.3534,333.9,2,1.4,2014-08-13,0601,Aqua,MODIS,84,6.2,308.9,56.6,D,0
-17.4351,122.3671,333.2,2,1.4,2014-08-13,0601,Aqua,MODIS,83,6.2,309.2,57.3,D,0
-17.4226,122.3648,344.2,2,1.4,2014-08-13,0601,Aqua,MODIS,91,6.2,309.2,105.9,D,0
-17.4259,122.3459,330,2,1.4,2014-08-13,0601,Aqua,MODIS,80,6.2,308.6,43.8,D,0
-17.4102,122.3624,346.9,2,1.4,2014-08-13,0601,Aqua,MODIS,93,6.2,309.5,120.4,D,0
-17.4135,122.3436,352.4,2,1.4,2014-08-13,0601,Aqua,MODIS,96,6.2,309.3,153.7,D,0
-17.4266,122.2684,336.8,2,1.4,2014-08-13,0601,Aqua,MODIS,86,6.2,304.9,83.4,D,0
-17.7049,123.9613,316.4,2.7,1.6,2014-08-13,0601,Aqua,MODIS,54,6.2,304.6,28,D,0
-17.2832,122.4924,325.5,2.1,1.4,2014-08-13,0601,Aqua,MODIS,48,6.2,310,30.2,D,0
-17.2673,122.2913,332.7,2,1.4,2014-08-13,0601,Aqua,MODIS,66,6.2,307.7,58.9,D,0
-17.4594,122.3203,330.2,2,1.4,2014-08-13,0601,Aqua,MODIS,34,6.2,309.9,45.1,D,0
-17.5305,123.0966,317.7,2.3,1.5,2014-08-13,0601,Aqua,MODIS,39,6.2,307.6,20.7,D,0
-17.439,122.2707,323.1,2,1.4,2014-08-13,0601,Aqua,MODIS,65,6.2,303.7,31.9,D,0
-17.2639,122.3101,336.1,2,1.4,2014-08-13,0601,Aqua,MODIS,69,6.2,310,70.5,D,0
-17.4414,122.2783,328.6,2,1.4,2014-08-13,0601,Aqua,MODIS,51,6.2,304.3,45.5,D,0
-17.4481,122.2916,361,2,1.4,2014-08-13,0601,Aqua,MODIS,100,6.2,309,212.6,D,0
-17.2797,122.2936,328.1,2,1.4,2014-08-13,0601,Aqua,MODIS,40,6.2,309,41.5,D,0
-17.3952,122.3012,340.9,2,1.4,2014-08-13,0601,Aqua,MODIS,89,6.2,304.6,103.5,D,0
-17.4449,122.3104,347.4,2,1.4,2014-08-13,0601,Aqua,MODIS,93,6.2,310.6,120.2,D,0
-17.4605,122.294,326.4,2,1.4,2014-08-13,0601,Aqua,MODIS,16,6.2,307.7,34.3,D,0
-17.063,122.7704,338.5,2.2,1.4,2014-08-13,0601,Aqua,MODIS,88,6.2,307.4,95.6,D,0
-17.4357,122.2894,338.1,2,1.4,2014-08-13,0601,Aqua,MODIS,87,6.2,308,81.5,D,0
-17.307,122.3575,324.3,2.1,1.4,2014-08-13,0601,Aqua,MODIS,56,6.2,308.8,29.7,D,0
-17.3919,122.3201,327.8,2,1.4,2014-08-13,0601,Aqua,MODIS,69,6.2,303.7,47.6,D,0
-16.5038,123.848,325.7,2.8,1.6,2014-08-13,0601,Aqua,MODIS,77,6.2,306.4,63.4,D,0
-17.1077,122.8055,318.8,2.2,1.4,2014-08-13,0601,Aqua,MODIS,26,6.2,306.3,15.3,D,0
-17.2549,122.2889,328.7,2,1.4,2014-08-13,0601,Aqua,MODIS,64,6.2,304.8,48.5,D,0
-17.2621,122.3024,346.2,2,1.4,2014-08-13,0601,Aqua,MODIS,90,6.2,310,121.1,D,0
-17.438,122.297,339.7,2,1.4,2014-08-13,0601,Aqua,MODIS,86,6.2,308.8,84.3,D,0
-17.4325,122.3082,333,2,1.4,2014-08-13,0601,Aqua,MODIS,59,6.2,308.6,55.6,D,0
-17.4573,122.3127,340.5,2,1.4,2014-08-13,0601,Aqua,MODIS,89,6.2,310.9,86.2,D,0
-17.5508,122.6854,321.8,2.1,1.4,2014-08-13,0601,Aqua,MODIS,64,6.2,306.1,29.7,D,0
-17.7004,123.9422,315.7,2.6,1.6,2014-08-13,0601,Aqua,MODIS,51,6.2,304.5,25.4,D,0
-17.4233,122.2871,331.2,2,1.4,2014-08-13,0601,Aqua,MODIS,71,6.2,305.3,56.4,D,0
-17.0945,122.8196,324.1,2.2,1.5,2014-08-13,0601,Aqua,MODIS,63,6.2,306.4,35.2,D,0
-17.4504,122.2992,370.7,2,1.4,2014-08-13,0601,Aqua,MODIS,100,6.2,311.8,296.8,D,0
-17.4628,122.3015,332.4,2,1.4,2014-08-13,0601,Aqua,MODIS,70,6.2,308.1,57.3,D,0
-17.1039,122.8265,329.2,2.2,1.5,2014-08-13,0601,Aqua,MODIS,79,6.2,308.5,54.8,D,0
-17.3828,122.2989,325.9,2,1.4,2014-08-13,0601,Aqua,MODIS,75,6.2,301.7,46.8,D,0
-17.5472,122.7056,321.4,2.2,1.4,2014-08-13,0601,Aqua,MODIS,49,6.2,307.5,25.7,D,0
-17.5506,122.6927,323.6,2.1,1.4,2014-08-13,0601,Aqua,MODIS,34,6.2,306.6,32.5,D,0
-17.4368,122.3746,325.5,2,1.4,2014-08-13,0601,Aqua,MODIS,71,6.2,308.7,28.8,D,0
-18.8767,122.0605,324.9,1.8,1.3,2014-08-13,0601,Aqua,MODIS,36,6.2,309.5,24.4,D,0
-17.1131,122.8499,318.4,2.3,1.5,2014-08-13,0601,Aqua,MODIS,24,6.2,306.8,18.9,D,0
-17.2524,122.4462,335.1,2.1,1.4,2014-08-13,0601,Aqua,MODIS,85,6.2,309,71.6,D,0
-17.2515,122.4386,329.2,2.1,1.4,2014-08-13,0601,Aqua,MODIS,72,6.2,307.4,49.2,D,0
-19.8362,147.302,311.8,4.6,2,2014-08-13,1208,Terra,MODIS,76,6.2,286.5,112,N,0
-19.8372,147.2949,311,4.6,2,2014-08-13,1208,Terra,MODIS,73,6.2,286.3,109,N,0
-33,137.5937,305.4,1,1,2014-08-13,1343,Terra,MODIS,64,6.2,281.1,10,N,0
-33.0016,137.5829,305.9,1,1,2014-08-13,1343,Terra,MODIS,66,6.2,280.6,10.6,N,0
-15.8032,135.9197,322.7,1.3,1.1,2014-08-13,1348,Terra,MODIS,100,6.2,290.1,29.3,N,0
-15.8121,135.927,308.5,1.3,1.1,2014-08-13,1348,Terra,MODIS,39,6.2,289.7,12.4,N,0
-15.8221,135.9288,311.2,1.3,1.1,2014-08-13,1348,Terra,MODIS,44,6.2,289.1,14.3,N,0
-15.8013,135.9314,332.9,1.3,1.1,2014-08-13,1348,Terra,MODIS,100,6.2,291.7,46.5,N,0
-15.3511,135.348,303.2,1.2,1.1,2014-08-13,1348,Terra,MODIS,7,6.2,288.8,6.7,N,0
-15.2385,135.2717,307.4,1.2,1.1,2014-08-13,1348,Terra,MODIS,71,6.2,287.4,12.5,N,0
-15.3481,135.3528,307.2,1.2,1.1,2014-08-13,1348,Terra,MODIS,71,6.2,289.5,10.9,N,0
-15.2482,135.2734,310.8,1.2,1.1,2014-08-13,1348,Terra,MODIS,81,6.2,286.7,15,N,0
-16.8496,136.8761,300,1.4,1.2,2014-08-13,1348,Terra,MODIS,13,6.2,288.8,6.9,N,0
-16.7575,136.9126,312.3,1.4,1.2,2014-08-13,1348,Terra,MODIS,62,6.2,289.4,18.2,N,0
-16.7507,136.919,304.6,1.4,1.2,2014-08-13,1348,Terra,MODIS,21,6.2,289,10.1,N,0
-15.2415,130.5044,306.1,1.1,1.1,2014-08-13,1348,Terra,MODIS,67,6.2,289.1,9.1,N,0
-15.4077,135.3688,303.2,1.2,1.1,2014-08-13,1348,Terra,MODIS,40,6.2,289.5,7.4,N,0
-15.2549,135.2298,305.6,1.2,1.1,2014-08-13,1348,Terra,MODIS,65,6.2,288.7,10.8,N,0
-16.4375,123.8325,323.3,3.4,1.7,2014-08-13,1348,Terra,MODIS,100,6.2,293.1,118.4,N,0
-16.4429,123.8279,317.7,3.4,1.7,2014-08-13,1348,Terra,MODIS,96,6.2,293.2,85.5,N,0
-17.885,124.5774,325.2,3.1,1.7,2014-08-13,1348,Terra,MODIS,100,6.2,291.1,124.1,N,0
-17.8699,124.5758,302.1,3.1,1.7,2014-08-13,1348,Terra,MODIS,25,6.2,289.7,26.4,N,0
-17.3635,122.3458,309.7,4.5,2,2014-08-13,1348,Terra,MODIS,46,6.2,291,82.8,N,0
-17.3638,122.351,304.8,4.5,2,2014-08-13,1348,Terra,MODIS,33,6.2,290.7,56.1,N,0
-16.5525,128.3571,301.2,1.6,1.2,2014-08-13,1348,Terra,MODIS,38,6.2,290.9,8.7,N,0
-17.898,124.5854,303.3,3.1,1.7,2014-08-13,1348,Terra,MODIS,40,6.2,290.2,29.5,N,0
-17.882,124.6068,304.3,3.1,1.7,2014-08-13,1348,Terra,MODIS,47,6.2,289.7,32.7,N,0
-16.4272,123.8264,312,3.4,1.7,2014-08-13,1348,Terra,MODIS,84,6.2,292.7,60.9,N,0
-16.4405,123.8013,305.3,3.4,1.7,2014-08-13,1348,Terra,MODIS,16,6.2,292.5,31.7,N,0
-16.4688,123.8364,306,3.4,1.7,2014-08-13,1348,Terra,MODIS,50,6.2,292.4,36.8,N,0
-16.4742,123.8322,303.3,3.4,1.7,2014-08-13,1348,Terra,MODIS,50,6.2,292.4,28.9,N,0
-15.7026,128.7515,312.6,1.4,1.2,2014-08-13,1348,Terra,MODIS,85,6.2,291.6,18.3,N,0
-17.3678,122.3028,315.8,4.5,2,2014-08-13,1348,Terra,MODIS,89,6.2,290.8,127.6,N,0
-17.3678,122.308,319.4,4.5,2,2014-08-13,1348,Terra,MODIS,98,6.2,291.3,157.5,N,0
-15.7099,128.7794,303.7,1.4,1.2,2014-08-13,1348,Terra,MODIS,25,6.2,291.5,8.9,N,0
-17.3814,122.3529,301.5,4.5,2,2014-08-13,1348,Terra,MODIS,7,6.2,290.5,40.2,N,0
-14.3588,129.6216,301.7,1.2,1.1,2014-08-13,1349,Terra,MODIS,4,6.2,291.2,6.2,N,0
-14.3854,129.648,303.8,1.2,1.1,2014-08-13,1349,Terra,MODIS,38,6.2,289,7.5,N,0
-14.3016,129.6646,302.6,1.2,1.1,2014-08-13,1349,Terra,MODIS,50,6.2,290.5,6.7,N,0
-14.4063,129.4903,303.1,1.2,1.1,2014-08-13,1349,Terra,MODIS,53,6.2,290.8,7.5,N,0
-12.629,130.6323,316,1.1,1,2014-08-13,1349,Terra,MODIS,92,6.2,292.3,15,N,0
-11.7418,130.4587,300.3,1.1,1,2014-08-13,1349,Terra,MODIS,23,6.2,289,5,N,0
-13.8082,133.2697,302.8,1,1,2014-08-13,1349,Terra,MODIS,52,6.2,287.9,6.9,N,0
-12.6472,132.1358,301.5,1,1,2014-08-13,1349,Terra,MODIS,23,6.2,291,4.3,N,0
-12.4161,131.4964,303.3,1,1,2014-08-13,1349,Terra,MODIS,21,6.2,290.5,4.8,N,0
-12.5214,134.3724,315.5,1.1,1.1,2014-08-13,1349,Terra,MODIS,91,6.2,290.4,16.9,N,0
-12.598,132.0286,311.3,1,1,2014-08-13,1349,Terra,MODIS,41,6.2,291.3,9.4,N,0
-12.0037,133.3964,303.8,1.1,1,2014-08-13,1349,Terra,MODIS,48,6.2,292.7,5,N,0
-12.5748,132.0625,316.6,1,1,2014-08-13,1349,Terra,MODIS,84,6.2,291.7,13.7,N,0
-12.801,132.2182,301.9,1,1,2014-08-13,1349,Terra,MODIS,45,6.2,290.5,4.7,N,0
-12.5889,132.0927,311.8,1,1,2014-08-13,1349,Terra,MODIS,83,6.2,291.7,10,N,0
-12.4844,132.564,319.1,1,1,2014-08-13,1349,Terra,MODIS,85,6.2,293.4,15.4,N,0
-12.4908,132.5838,307.4,1,1,2014-08-13,1349,Terra,MODIS,19,6.2,292.5,6.4,N,0
-12.921,132.2142,306,1,1,2014-08-13,1349,Terra,MODIS,45,6.2,290.8,6.6,N,0
-12.1693,131.2905,308.2,1,1,2014-08-13,1349,Terra,MODIS,59,6.2,291.9,8.1,N,0
-12.2056,131.1602,305.9,1,1,2014-08-13,1349,Terra,MODIS,39,6.2,291.1,6.6,N,0
-12.2955,134.4531,305.6,1.2,1.1,2014-08-13,1349,Terra,MODIS,65,6.2,290.5,8.7,N,0
-12.2852,133.3605,308.3,1,1,2014-08-13,1349,Terra,MODIS,74,6.2,292.8,8.1,N,0
-12.0007,133.5446,304,1.1,1,2014-08-13,1349,Terra,MODIS,38,6.2,291.8,5.2,N,0
-12.168,131.2998,306.2,1,1,2014-08-13,1349,Terra,MODIS,41,6.2,291.2,6.6,N,0
-13.0162,131.2106,303.9,1,1,2014-08-13,1349,Terra,MODIS,26,6.2,289.6,6.1,N,0
-12.4467,133.8734,316.4,1.1,1,2014-08-13,1349,Terra,MODIS,93,6.2,292.6,15,N,0
-12.8023,132.209,301.1,1,1,2014-08-13,1349,Terra,MODIS,38,6.2,290.7,4.3,N,0
-12.1785,131.2887,323.3,1,1,2014-08-13,1349,Terra,MODIS,100,6.2,292.2,20.3,N,0
-12.9173,132.1762,308.2,1,1,2014-08-13,1349,Terra,MODIS,45,6.2,291.7,7.7,N,0
-11.8411,133.124,302.8,1,1,2014-08-13,1349,Terra,MODIS,45,6.2,292.5,4,N,0
-12.5864,132.0456,313.9,1,1,2014-08-13,1349,Terra,MODIS,29,6.2,292.3,10.7,N,0
-12.5838,132.0639,314.7,1,1,2014-08-13,1349,Terra,MODIS,77,6.2,292.2,11.5,N,0
-12.0797,133.1346,303.9,1,1,2014-08-13,1349,Terra,MODIS,58,6.2,292.4,5.4,N,0
-12.6057,132.0391,337,1,1,2014-08-13,1349,Terra,MODIS,100,6.2,294.3,37.7,N,0
-12.607,132.03,304.9,1,1,2014-08-13,1349,Terra,MODIS,20,6.2,290.5,5.7,N,0
-12.6384,132.0691,310.5,1,1,2014-08-13,1349,Terra,MODIS,37,6.2,292.2,8.3,N,0
-12.9199,132.1579,304.2,1,1,2014-08-13,1349,Terra,MODIS,51,6.2,290.2,6,N,0
-12.4418,133.8667,319.8,1.1,1,2014-08-13,1349,Terra,MODIS,99,6.2,293.7,18.8,N,0
-11.921,133.3973,308.2,1.1,1,2014-08-13,1349,Terra,MODIS,74,6.2,292.5,8.3,N,0
-12.035,134.1572,302.3,1.1,1.1,2014-08-13,1349,Terra,MODIS,48,6.2,290.8,5.2,N,0
-12.6474,132.0704,303.7,1,1,2014-08-13,1349,Terra,MODIS,15,6.2,291.7,4.7,N,0
-11.9148,133.2489,302.9,1,1,2014-08-13,1349,Terra,MODIS,35,6.2,292.2,4.5,N,0
-12.2332,133.5199,302.1,1.1,1,2014-08-13,1349,Terra,MODIS,47,6.2,291.4,5,N,0
-12.5967,132.0378,320.8,1,1,2014-08-13,1349,Terra,MODIS,71,6.2,292.9,16.7,N,0
-12.4297,133.1942,303.2,1,1,2014-08-13,1349,Terra,MODIS,54,6.2,291.8,5.1,N,0
-12.8926,132.2848,305.3,1,1,2014-08-13,1349,Terra,MODIS,64,6.2,291.2,6.1,N,0
-12.6345,132.0965,301.2,1,1,2014-08-13,1349,Terra,MODIS,17,6.2,290.8,3.1,N,0
-11.9992,133.5543,302.6,1.1,1,2014-08-13,1349,Terra,MODIS,26,6.2,291.7,4.5,N,0
-12.5774,132.0442,312.9,1,1,2014-08-13,1349,Terra,MODIS,49,6.2,291.7,10.8,N,0
-12.4421,133.1092,307.7,1,1,2014-08-13,1349,Terra,MODIS,72,6.2,292.5,7.2,N,0
-12.2347,133.5102,302.1,1.1,1,2014-08-13,1349,Terra,MODIS,47,6.2,291.5,4.8,N,0
-12.1084,133.4389,306.1,1.1,1,2014-08-13,1349,Terra,MODIS,67,6.2,292.3,6.8,N,0
-11.9042,133.257,302,1,1,2014-08-13,1349,Terra,MODIS,17,6.2,291.8,3.7,N,0
-12.4084,131.4859,305.2,1,1,2014-08-13,1349,Terra,MODIS,63,6.2,291.5,6.4,N,0
-12.9186,132.1671,306,1,1,2014-08-13,1349,Terra,MODIS,60,6.2,291.5,6.7,N,0
-12.1176,133.4403,303.1,1.1,1,2014-08-13,1349,Terra,MODIS,21,6.2,291.8,4.5,N,0
-12.6147,132.0405,313,1,1,2014-08-13,1349,Terra,MODIS,36,6.2,291.4,10.5,N,0
-12.1215,131.3023,306.5,1,1,2014-08-13,1349,Terra,MODIS,46,6.2,293.4,6.9,N,0
-12.6461,132.0796,306.6,1,1,2014-08-13,1349,Terra,MODIS,36,6.2,292.3,6.2,N,0
-12.276,133.359,310.8,1,1,2014-08-13,1349,Terra,MODIS,81,6.2,293.7,9.8,N,0
-12.1499,131.2971,319.9,1,1,2014-08-13,1349,Terra,MODIS,71,6.2,293.6,16.4,N,0
-12.5389,134.386,302.4,1.1,1.1,2014-08-13,1349,Terra,MODIS,49,6.2,289.5,6.5,N,0
-12.4174,131.4872,316.9,1,1,2014-08-13,1349,Terra,MODIS,94,6.2,292.1,14.6,N,0
-12.5851,132.0547,318.7,1,1,2014-08-13,1349,Terra,MODIS,83,6.2,292.4,14.6,N,0
-12.4218,134.8296,328.3,1.2,1.1,2014-08-13,1349,Terra,MODIS,100,6.2,290.5,34.7,N,0
-13.0114,131.1849,300.8,1,1,2014-08-13,1349,Terra,MODIS,29,6.2,290.3,5.3,N,0
-12.6682,130.6737,303,1.1,1,2014-08-13,1349,Terra,MODIS,53,6.2,290.5,6.1,N,0
-13.478,134.2606,303.2,1.1,1,2014-08-13,1349,Terra,MODIS,54,6.2,288.1,7.5,N,0
-12.6695,130.6641,302.4,1.1,1,2014-08-13,1349,Terra,MODIS,49,6.2,290.7,5.5,N,0
-12.5024,132.8221,303.9,1,1,2014-08-13,1349,Terra,MODIS,58,6.2,291.8,5.5,N,0
-13.0074,131.2131,312.2,1,1,2014-08-13,1349,Terra,MODIS,84,6.2,291,12.2,N,0
-13.0061,131.2224,301.3,1,1,2014-08-13,1349,Terra,MODIS,22,6.2,290.6,5.1,N,0
-13.634,134.319,305.7,1.1,1,2014-08-13,1349,Terra,MODIS,65,6.2,287.9,9.5,N,0
-13.6618,134.3607,300.5,1.1,1.1,2014-08-13,1349,Terra,MODIS,28,6.2,287.6,6,N,0
-13.9928,132.1784,301.5,1,1,2014-08-13,1349,Terra,MODIS,18,6.2,290.5,4,N,0
-12.2071,133.0124,306.1,1,1,2014-08-13,1349,Terra,MODIS,67,6.2,292.4,6.8,N,0
-13.3386,130.8142,308,1.1,1,2014-08-13,1349,Terra,MODIS,73,6.2,293.1,8,N,0
-13.7592,131.8139,300.7,1,1,2014-08-13,1349,Terra,MODIS,33,6.2,284,5.8,N,0
-11.8404,133.0658,312.6,1,1,2014-08-13,1349,Terra,MODIS,56,6.2,293.1,10,N,0
-13.3608,130.7047,314.8,1.1,1,2014-08-13,1349,Terra,MODIS,54,6.2,290.3,13.3,N,0
-11.8341,133.0455,307.2,1,1,2014-08-13,1349,Terra,MODIS,71,6.2,293.2,6.6,N,0
-13.3595,130.7145,317.7,1.1,1,2014-08-13,1349,Terra,MODIS,96,6.2,291,16.4,N,0
-13.4084,130.7017,304,1.1,1,2014-08-13,1349,Terra,MODIS,58,6.2,289.7,7.4,N,0
-13.2975,131.0428,303.2,1,1,2014-08-13,1349,Terra,MODIS,29,6.2,290.7,4.8,N,0
-13.3308,130.8031,305.2,1.1,1,2014-08-13,1349,Terra,MODIS,44,6.2,292.6,5.9,N,0
-13.37,130.7061,309.4,1.1,1,2014-08-13,1349,Terra,MODIS,66,6.2,289.7,9.6,N,0
-11.8559,133.0875,308.9,1,1,2014-08-13,1349,Terra,MODIS,47,6.2,292,7.7,N,0
-13.3582,130.7242,308.1,1.1,1,2014-08-13,1349,Terra,MODIS,30,6.2,290.7,8.3,N,0
-13.3489,130.9983,302.5,1,1,2014-08-13,1349,Terra,MODIS,50,6.2,291.8,5,N,0
-13.2989,131.0332,309,1,1,2014-08-13,1349,Terra,MODIS,76,6.2,292.4,8.8,N,0
-11.5199,133.0594,305.6,1,1,2014-08-13,1349,Terra,MODIS,34,6.2,293.8,6.1,N,0
-11.8819,133.1012,304.9,1,1,2014-08-13,1349,Terra,MODIS,9,6.2,292.8,4.7,N,0
-13.3765,130.9341,302.6,1,1,2014-08-13,1349,Terra,MODIS,50,6.2,290.7,5.9,N,0
-13.3411,130.8504,306.9,1.1,1,2014-08-13,1349,Terra,MODIS,47,6.2,293.2,6.8,N,0
-13.3687,130.7158,303.7,1.1,1,2014-08-13,1349,Terra,MODIS,22,6.2,289.6,5.8,N,0
-12.43,134.8422,309.9,1.2,1.1,2014-08-13,1349,Terra,MODIS,59,6.2,289.7,11.9,N,0
-11.8426,133.1145,302.7,1,1,2014-08-13,1349,Terra,MODIS,39,6.2,291.7,4,N,0
-13.407,130.7115,302.8,1.1,1,2014-08-13,1349,Terra,MODIS,51,6.2,289.7,6.5,N,0
-12.4201,134.8406,321.2,1.2,1.1,2014-08-13,1349,Terra,MODIS,100,6.2,289.9,24,N,0
-13.9941,132.1692,304.8,1,1,2014-08-13,1349,Terra,MODIS,54,6.2,290.9,5.9,N,0
-27.5315,150.2993,308.5,1,1,2014-08-13,1517,Aqua,MODIS,75,6.2,281.9,11.6,N,0
-27.5496,150.2961,300.7,1,1,2014-08-13,1517,Aqua,MODIS,24,6.2,282.1,6.5,N,0
-21.6692,117.8469,319.8,2.8,1.6,2014-08-13,1525,Terra,MODIS,99,6.2,289,86.1,N,0
-13.0081,131.2185,307.2,1.2,1.1,2014-08-13,1652,Aqua,MODIS,71,6.2,289,11.2,N,0
-12.9984,131.2198,301.2,1.2,1.1,2014-08-13,1652,Aqua,MODIS,35,6.2,289.4,6.5,N,0
-12.9158,132.1842,304,1.3,1.1,2014-08-13,1652,Aqua,MODIS,28,6.2,290.2,9,N,0
-12.183,131.2943,300.9,1.1,1.1,2014-08-13,1652,Aqua,MODIS,25,6.2,285.5,6.3,N,0
-12.1027,133.4427,304.8,1.5,1.2,2014-08-13,1652,Aqua,MODIS,62,6.2,290.3,12.4,N,0
-12.4201,134.8438,306.7,2,1.4,2014-08-13,1652,Aqua,MODIS,69,6.2,287.5,22.9,N,0
-12.2053,131.1752,303.4,1.1,1.1,2014-08-13,1652,Aqua,MODIS,55,6.2,287.6,7.2,N,0
-12.1734,131.2956,311.1,1.1,1.1,2014-08-13,1652,Aqua,MODIS,82,6.2,285.9,13.6,N,0
-12.2756,133.3645,304.5,1.5,1.2,2014-08-13,1652,Aqua,MODIS,60,6.2,291.8,12,N,0
-11.9154,133.4094,302.1,1.5,1.2,2014-08-13,1652,Aqua,MODIS,47,6.2,290.9,9.4,N,0
-12.1218,131.3086,300.7,1.1,1.1,2014-08-13,1652,Aqua,MODIS,30,6.2,290.7,5.2,N,0
-12.1639,131.297,300.6,1.1,1.1,2014-08-13,1652,Aqua,MODIS,7,6.2,284.2,5.6,N,0
-13.8654,130.1121,304.8,1.1,1,2014-08-13,1652,Aqua,MODIS,62,6.2,290.1,8.2,N,0
-13.3537,130.7134,313,1.1,1,2014-08-13,1652,Aqua,MODIS,73,6.2,290.7,13.2,N,0
-13.2987,131.0418,303.7,1.1,1.1,2014-08-13,1652,Aqua,MODIS,29,6.2,290.3,6.8,N,0
-13.3616,130.7272,308.5,1.1,1,2014-08-13,1652,Aqua,MODIS,75,6.2,290.1,10.2,N,0
-11.8518,133.088,301.3,1.4,1.2,2014-08-13,1652,Aqua,MODIS,17,6.2,290.4,6.4,N,0
-12.6498,131.5002,315.1,1.2,1.1,2014-08-13,1652,Aqua,MODIS,91,6.2,288.8,18.7,N,0
-13.8143,131.7531,300.7,1.3,1.1,2014-08-13,1652,Aqua,MODIS,33,6.2,289.3,6.8,N,0
-13.6183,131.5836,304.3,1.2,1.1,2014-08-13,1652,Aqua,MODIS,59,6.2,289.8,9.2,N,0
-13.3551,130.7236,310.1,1.1,1,2014-08-13,1652,Aqua,MODIS,33,6.2,290.3,10.3,N,0
-13.3588,130.7069,320.3,1.1,1,2014-08-13,1652,Aqua,MODIS,98,6.2,290.4,20.3,N,0
-13.3523,130.7033,303.8,1.1,1,2014-08-13,1652,Aqua,MODIS,42,6.2,289.9,6.9,N,0
-13.3205,131.032,308,1.1,1.1,2014-08-13,1652,Aqua,MODIS,73,6.2,290.7,10.1,N,0
-12.6483,131.4895,344.8,1.2,1.1,2014-08-13,1652,Aqua,MODIS,100,6.2,292.3,68.1,N,0
-13.3602,130.717,326.8,1.1,1,2014-08-13,1652,Aqua,MODIS,100,6.2,291.4,28.9,N,0
-13.3382,130.8086,304.4,1.1,1.1,2014-08-13,1652,Aqua,MODIS,8,6.2,291.2,6.5,N,0
-13.3301,130.8201,303.4,1.1,1.1,2014-08-13,1652,Aqua,MODIS,43,6.2,290.9,6.1,N,0
-13.3287,130.81,307.3,1.1,1.1,2014-08-13,1652,Aqua,MODIS,71,6.2,291.4,8.9,N,0
-13.275,130.8033,304.2,1.1,1.1,2014-08-13,1652,Aqua,MODIS,59,6.2,291.5,7.2,N,0
-13.3344,130.8508,305.1,1.1,1.1,2014-08-13,1652,Aqua,MODIS,56,6.2,291.2,7.5,N,0
-15.2157,135.2742,324.2,2.3,1.5,2014-08-13,1653,Aqua,MODIS,100,6.2,286.7,79.1,N,0
-15.2062,135.2806,307.2,2.3,1.5,2014-08-13,1653,Aqua,MODIS,66,6.2,286.2,31.3,N,0
-15.7831,135.9301,308.6,2.7,1.6,2014-08-13,1653,Aqua,MODIS,75,6.2,287.2,43.7,N,0
-15.2182,135.296,310.9,2.3,1.5,2014-08-13,1653,Aqua,MODIS,55,6.2,285.9,39.1,N,0
-15.2399,135.2493,301.8,2.3,1.5,2014-08-13,1653,Aqua,MODIS,45,6.2,285.3,21.2,N,0
-15.2315,135.2944,315.4,2.3,1.5,2014-08-13,1653,Aqua,MODIS,91,6.2,286.1,52.8,N,0
-15.2291,135.2725,314.9,2.3,1.5,2014-08-13,1653,Aqua,MODIS,90,6.2,285.7,49.8,N,0
-15.2328,135.2774,317.4,2.3,1.5,2014-08-13,1653,Aqua,MODIS,61,6.2,285.9,54.2,N,0
-15.2195,135.279,329.6,2.3,1.5,2014-08-13,1653,Aqua,MODIS,100,6.2,287.7,102.3,N,0
-16.4744,123.8545,304.6,1.5,1.2,2014-08-13,1653,Aqua,MODIS,33,6.2,291.5,10,N,0
-16.3843,123.6647,317.3,1.5,1.2,2014-08-13,1653,Aqua,MODIS,95,6.2,294,27.9,N,0
-15.7735,128.7944,310.9,1,1,2014-08-13,1653,Aqua,MODIS,57,6.2,287.9,10.7,N,0
-15.7839,128.8024,303.1,1,1,2014-08-13,1653,Aqua,MODIS,22,6.2,287.8,6.1,N,0
-16.371,123.6526,324.2,1.5,1.2,2014-08-13,1653,Aqua,MODIS,100,6.2,295.1,37.7,N,3
-16.4228,123.8286,313.7,1.5,1.2,2014-08-13,1653,Aqua,MODIS,54,6.2,292,19.6,N,0
-16.4335,123.8268,309.1,1.5,1.2,2014-08-13,1653,Aqua,MODIS,32,6.2,291.8,14.1,N,0
-14.3406,129.5074,300.1,1,1,2014-08-13,1653,Aqua,MODIS,16,6.2,288.9,4.9,N,0
-14.2702,130.1082,302.6,1.1,1,2014-08-13,1653,Aqua,MODIS,50,6.2,290.7,5.9,N,0
-14.3792,129.6469,302.1,1,1,2014-08-13,1653,Aqua,MODIS,33,6.2,287.9,5.9,N,0
-14.3362,129.6726,308.9,1,1,2014-08-13,1653,Aqua,MODIS,76,6.2,289.7,10.3,N,0
-15.7053,128.7635,310.5,1,1,2014-08-13,1653,Aqua,MODIS,30,6.2,289,9.5,N,0
-14.2984,129.6644,304.1,1,1,2014-08-13,1653,Aqua,MODIS,59,6.2,289.5,6.4,N,0
-16.3158,128.2834,309.5,1,1,2014-08-13,1653,Aqua,MODIS,78,6.2,289.6,10.3,N,0
-17.96,125.219,305.3,1.2,1.1,2014-08-13,1654,Aqua,MODIS,64,6.2,287.4,10.3,N,0
-17.334,122.2842,347.2,1.8,1.3,2014-08-13,1654,Aqua,MODIS,100,6.2,293.5,134.7,N,0
-17.3693,122.3473,315.7,1.8,1.3,2014-08-13,1654,Aqua,MODIS,69,6.2,291.1,31.3,N,0
-17.2998,122.3327,300.2,1.8,1.3,2014-08-13,1654,Aqua,MODIS,18,6.2,289.1,9.9,N,0
-17.3664,122.3305,361.8,1.8,1.3,2014-08-13,1654,Aqua,MODIS,100,6.2,298.2,209.9,N,0
-17.3912,122.3549,317.3,1.8,1.3,2014-08-13,1654,Aqua,MODIS,95,6.2,290.6,36,N,0
-17.3882,122.3381,320.9,1.8,1.3,2014-08-13,1654,Aqua,MODIS,100,6.2,291.3,42.8,N,0
-17.3839,122.3619,301.3,1.8,1.3,2014-08-13,1654,Aqua,MODIS,6,6.2,289.7,10.5,N,0
-17.381,122.3451,351.3,1.8,1.3,2014-08-13,1654,Aqua,MODIS,100,6.2,295,152.2,N,0
-17.4057,122.3001,315.1,1.8,1.3,2014-08-13,1654,Aqua,MODIS,91,6.2,290.5,32.7,N,0
-16.9957,122.3904,306,1.8,1.3,2014-08-13,1654,Aqua,MODIS,66,6.2,290.3,17.7,N,0
-16.9987,122.4072,309.1,1.8,1.3,2014-08-13,1654,Aqua,MODIS,76,6.2,291.4,22.6,N,0
-17.3752,122.3114,323.9,1.8,1.3,2014-08-13,1654,Aqua,MODIS,65,6.2,291,44.7,N,0
-17.3791,122.2876,316.1,1.8,1.3,2014-08-13,1654,Aqua,MODIS,59,6.2,290.8,31.1,N,0
-17.2674,122.2864,303,1.8,1.3,2014-08-13,1654,Aqua,MODIS,52,6.2,289.8,14.3,N,0
-17.3781,122.3283,351.7,1.8,1.3,2014-08-13,1654,Aqua,MODIS,100,6.2,294.9,150.1,N,0
-17.337,122.3012,349.9,1.8,1.3,2014-08-13,1654,Aqua,MODIS,100,6.2,294.9,147,N,0
-17.3458,122.282,324,1.8,1.3,2014-08-13,1654,Aqua,MODIS,100,6.2,292.2,49.8,N,0
-17.3487,122.299,366.7,1.8,1.3,2014-08-13,1654,Aqua,MODIS,100,6.2,296.9,247.4,N,0
-17.3517,122.3158,341.8,1.8,1.3,2014-08-13,1654,Aqua,MODIS,100,6.2,294.1,106.6,N,0
-17.3605,122.2967,357.4,1.8,1.3,2014-08-13,1654,Aqua,MODIS,100,6.2,294.6,183.6,N,0
-17.3634,122.3136,412,1.8,1.3,2014-08-13,1654,Aqua,MODIS,100,6.2,308.6,781,N,0
-21.667,117.8546,306.6,3.1,1.7,2014-08-13,1655,Aqua,MODIS,69,6.2,287.3,48.5,N,0
-13.155,141.9113,317.4,1.4,1.2,2014-08-14,0039,Terra,MODIS,37,6.2,293.5,13,D,0
-13.8363,136.6041,310.1,3.4,1.7,2014-08-14,0039,Terra,MODIS,22,6.2,288.4,37.6,D,0
-13.831,136.5992,322.8,3.4,1.7,2014-08-14,0039,Terra,MODIS,76,6.2,288.8,100.8,D,0
-13.8208,136.607,318.6,3.4,1.7,2014-08-14,0039,Terra,MODIS,53,6.2,289.3,80.1,D,0
-15.5193,136.2051,313.8,3.4,1.7,2014-08-14,0040,Terra,MODIS,59,6.2,294.6,49.2,D,0
-15.5249,136.2112,313.5,3.4,1.7,2014-08-14,0040,Terra,MODIS,58,6.2,294.7,46.9,D,0
-15.6414,136.1099,307.8,3.4,1.7,2014-08-14,0040,Terra,MODIS,57,6.2,294.5,27.8,D,0
-17.4022,137.2471,306.8,2.6,1.5,2014-08-14,0040,Terra,MODIS,49,6.2,295.8,17.2,D,0
-17.4066,137.271,307.9,2.6,1.5,2014-08-14,0040,Terra,MODIS,55,6.2,296.1,19.5,D,0
-17.3977,137.2659,306.8,2.6,1.5,2014-08-14,0040,Terra,MODIS,51,6.2,295.6,17.2,D,0
-17.5645,138.3001,318.2,2.1,1.4,2014-08-14,0040,Terra,MODIS,74,6.2,297.3,33,D,0
-17.5877,138.3571,309.4,2.1,1.4,2014-08-14,0040,Terra,MODIS,17,6.2,297.1,12.6,D,0
-16.8479,136.8944,309.4,2.8,1.6,2014-08-14,0040,Terra,MODIS,56,6.2,297.7,18.6,D,0
-16.8498,136.888,310.7,2.8,1.6,2014-08-14,0040,Terra,MODIS,63,6.2,297.7,23,D,0
-16.7319,136.9248,322.7,2.8,1.6,2014-08-14,0040,Terra,MODIS,79,6.2,298.1,66.9,D,0
-15.778,137.07,327.1,2.9,1.6,2014-08-14,0040,Terra,MODIS,63,6.2,294.5,102.6,D,0
-15.772,137.0497,315.5,2.9,1.6,2014-08-14,0040,Terra,MODIS,60,6.2,294.2,47.9,D,0
-15.7768,137.0762,322.4,2.9,1.6,2014-08-14,0040,Terra,MODIS,0,6.2,293.9,76.5,D,0
-15.773,137.0435,309.3,2.9,1.6,2014-08-14,0040,Terra,MODIS,56,6.2,294.1,27.2,D,0
-15.1683,135.2684,312.4,4,1.9,2014-08-14,0040,Terra,MODIS,33,6.2,293.2,64.4,D,0
-15.1978,135.2699,329.5,4,1.9,2014-08-14,0040,Terra,MODIS,68,6.2,295.1,176.7,D,0
-15.9711,136.2413,309.2,3.3,1.7,2014-08-14,0040,Terra,MODIS,36,6.2,295.8,19.4,D,0
-15.1849,135.2651,327.7,4,1.9,2014-08-14,0040,Terra,MODIS,81,6.2,294.2,168.9,D,0
-15.2015,135.2617,329.4,4,1.9,2014-08-14,0040,Terra,MODIS,80,6.2,295.1,179.1,D,0
-15.776,135.9378,305.4,3.5,1.8,2014-08-14,0040,Terra,MODIS,35,6.2,294.2,21.9,D,0
-15.8291,135.9604,317.1,3.5,1.8,2014-08-14,0040,Terra,MODIS,73,6.2,295,64.9,D,0
-15.1741,135.2361,317.7,4.1,1.9,2014-08-14,0040,Terra,MODIS,63,6.2,292.8,93,D,0
-15.1811,135.2733,320,4,1.9,2014-08-14,0040,Terra,MODIS,67,6.2,294,110.7,D,0
-15.7825,135.9422,305.6,3.5,1.8,2014-08-14,0040,Terra,MODIS,39,6.2,294.2,21.5,D,0
-21.1048,144.4773,331,1,1,2014-08-14,0041,Terra,MODIS,82,6.2,301.4,23.7,D,0
-21.1062,144.4869,335,1,1,2014-08-14,0041,Terra,MODIS,85,6.2,302.2,28.9,D,0
-23.9204,151.186,310,2.5,1.5,2014-08-14,0041,Terra,MODIS,61,6.2,288.8,29.9,D,0
-23.9123,151.1815,306.9,2.5,1.5,2014-08-14,0041,Terra,MODIS,51,6.2,290.6,22.1,D,0
-20.0581,147.2658,319,1.2,1.1,2014-08-14,0041,Terra,MODIS,76,6.2,296.7,17.2,D,0
-20.0596,147.2774,315.1,1.2,1.1,2014-08-14,0041,Terra,MODIS,51,6.2,292.3,12.7,D,0
-26.1888,150.4005,316.2,2.4,1.5,2014-08-14,0042,Terra,MODIS,62,6.2,290.2,43.5,D,0
-26.1538,149.219,328.8,2,1.4,2014-08-14,0042,Terra,MODIS,85,6.2,296.4,61.6,D,0
-26.1557,149.2386,313.6,2,1.4,2014-08-14,0042,Terra,MODIS,73,6.2,295.9,20.6,D,0
-26.1513,149.2258,318.4,2,1.4,2014-08-14,0042,Terra,MODIS,77,6.2,296.2,31.1,D,0
-26.1637,149.2242,330.2,2,1.4,2014-08-14,0042,Terra,MODIS,86,6.2,295.4,64.9,D,0
-26.1661,149.2174,314.9,2,1.4,2014-08-14,0042,Terra,MODIS,74,6.2,294.4,24.6,D,0
-26.2001,150.3747,313.1,2.4,1.5,2014-08-14,0042,Terra,MODIS,49,6.2,287.5,33.1,D,0
-26.5755,149.0636,310.5,1.9,1.4,2014-08-14,0042,Terra,MODIS,68,6.2,294.5,16.4,D,0
-26.5805,149.077,308.3,1.9,1.4,2014-08-14,0042,Terra,MODIS,52,6.2,294.9,10.9,D,0
-21.352,132.3532,304.1,4.8,2,2014-08-14,0042,Terra,MODIS,50,6.2,287.5,52.8,D,0
-30.8591,146.5383,306,1.5,1.2,2014-08-14,0043,Terra,MODIS,63,6.2,291.7,8.3,D,0
-30.8605,146.5323,305.4,1.5,1.2,2014-08-14,0043,Terra,MODIS,57,6.2,292.1,7.6,D,0
-32.9959,137.5892,304.6,1.2,1.1,2014-08-14,0044,Terra,MODIS,45,6.2,289.5,7.3,D,2
-34.2988,146.0746,302.1,1.6,1.2,2014-08-14,0044,Terra,MODIS,51,6.2,288.6,8.8,D,0
-32.465,146.5651,307.5,1.6,1.2,2014-08-14,0044,Terra,MODIS,66,6.2,290.5,13.5,D,0
-32.4632,146.5482,302.2,1.6,1.2,2014-08-14,0044,Terra,MODIS,51,6.2,291.1,7.2,D,0
-31.517,147.7158,306.7,1.8,1.3,2014-08-14,0044,Terra,MODIS,64,6.2,290.5,15.3,D,0
-35.3755,149.9656,302.4,2.8,1.6,2014-08-14,0045,Terra,MODIS,52,6.2,283.2,30.7,D,0
-34.1431,140.7086,306.1,1,1,2014-08-14,0045,Terra,MODIS,63,6.2,289,6.5,D,0
-35.3733,149.9335,317.1,2.8,1.6,2014-08-14,0045,Terra,MODIS,77,6.2,285,76.1,D,0
-12.3865,131.1337,312.4,4,1.9,2014-08-14,0217,Terra,MODIS,44,6.2,299,42.5,D,0
-12.5815,132.074,320.5,4.7,2,2014-08-14,0217,Terra,MODIS,57,6.2,300.6,102,D,0
-12.4075,131.4748,310.5,4.3,1.9,2014-08-14,0217,Terra,MODIS,19,6.2,299.4,33.2,D,0
-12.6426,131.4715,316.7,4.3,1.9,2014-08-14,0217,Terra,MODIS,66,6.2,301.3,64.3,D,0
-12.5798,132.0668,321.5,4.7,2,2014-08-14,0217,Terra,MODIS,60,6.2,300.3,111,D,0
-12.6353,132.0681,323.5,4.7,2,2014-08-14,0217,Terra,MODIS,65,6.2,301.9,113.2,D,0
-12.6335,132.0609,323,4.7,2,2014-08-14,0217,Terra,MODIS,76,6.2,301.7,116.2,D,0
-12.6468,131.5105,320.4,4.3,1.9,2014-08-14,0217,Terra,MODIS,68,6.2,300.2,94.1,D,0
-12.6403,131.4765,320.2,4.3,1.9,2014-08-14,0217,Terra,MODIS,72,6.2,301.1,89.9,D,0
-13.2673,130.7917,319.2,3.9,1.8,2014-08-14,0217,Terra,MODIS,71,6.2,301.6,64.3,D,0
-13.2567,130.7872,315.2,3.9,1.8,2014-08-14,0217,Terra,MODIS,32,6.2,301.3,37.2,D,0
-13.3562,130.878,325,3.9,1.8,2014-08-14,0217,Terra,MODIS,78,6.2,303.8,101.2,D,0
-13.3728,130.8759,321,3.9,1.8,2014-08-14,0217,Terra,MODIS,65,6.2,301.9,78.1,D,0
-12.6447,131.5154,316.6,4.3,1.9,2014-08-14,0217,Terra,MODIS,66,6.2,300,65,D,0
-13.3679,130.884,326.8,3.9,1.8,2014-08-14,0217,Terra,MODIS,80,6.2,303.1,121.2,D,0
-13.3639,130.8483,319,3.9,1.8,2014-08-14,0217,Terra,MODIS,38,6.2,301.8,58.5,D,0
-13.4873,130.7874,313.2,3.9,1.8,2014-08-14,0217,Terra,MODIS,49,6.2,302.7,39.6,D,0
-12.3698,131.1355,312,4,1.9,2014-08-14,0217,Terra,MODIS,26,6.2,300.5,38.8,D,0
-13.3524,130.8424,318.1,3.9,1.8,2014-08-14,0217,Terra,MODIS,45,6.2,301.1,50.7,D,0
-13.3473,130.8501,318.6,3.9,1.8,2014-08-14,0217,Terra,MODIS,54,6.2,302.1,54.4,D,0
-11.8037,130.7742,314.6,3.7,1.8,2014-08-14,0217,Terra,MODIS,19,6.2,298.8,45,D,0
-11.5538,131.1007,319.1,3.9,1.8,2014-08-14,0217,Terra,MODIS,41,6.2,296.4,71.4,D,0
-11.5633,131.1284,318.6,3.9,1.8,2014-08-14,0217,Terra,MODIS,57,6.2,296.8,73.3,D,0
-11.5595,131.0934,327.1,3.9,1.8,2014-08-14,0217,Terra,MODIS,80,6.2,296.6,134.8,D,0
-11.5703,131.0988,322.5,3.9,1.8,2014-08-14,0217,Terra,MODIS,75,6.2,297.1,99.4,D,0
-11.5743,131.1339,315.3,3.9,1.8,2014-08-14,0217,Terra,MODIS,45,6.2,296.7,53.3,D,0
-11.7837,130.7429,317.6,3.7,1.8,2014-08-14,0217,Terra,MODIS,54,6.2,298.5,62.5,D,0
-16.426,123.8394,321.3,1.3,1.1,2014-08-14,0218,Terra,MODIS,42,6.2,299.8,17.7,D,0
-16.3976,123.7818,310.7,1.3,1.1,2014-08-14,0218,Terra,MODIS,45,6.2,300.6,6.5,D,0
-14.4058,129.5321,311.8,3.2,1.7,2014-08-14,0218,Terra,MODIS,20,6.2,300.1,24.9,D,0
-16.3961,123.7698,313.6,1.3,1.1,2014-08-14,0218,Terra,MODIS,60,6.2,300.1,9.7,D,0
-14.4149,129.4962,314.1,3.2,1.7,2014-08-14,0218,Terra,MODIS,54,6.2,299.9,38.7,D,0
-14.3545,129.6285,320,3.3,1.7,2014-08-14,0218,Terra,MODIS,60,6.2,300.9,63.6,D,0
-14.4028,129.5271,311.8,3.2,1.7,2014-08-14,0218,Terra,MODIS,42,6.2,300.3,27.5,D,0
-15.1035,126.0088,318.3,1.8,1.3,2014-08-14,0218,Terra,MODIS,68,6.2,306.6,14.1,D,0
-16.4572,123.8546,331.5,1.3,1.1,2014-08-14,0218,Terra,MODIS,81,6.2,303.5,34.3,D,0
-16.5405,123.8546,315.3,1.3,1.1,2014-08-14,0218,Terra,MODIS,53,6.2,301,10.3,D,0
-16.4527,122.9685,320.8,1.2,1.1,2014-08-14,0218,Terra,MODIS,64,6.2,299.8,15.8,D,0
-16.5098,123.8591,319.1,1.3,1.1,2014-08-14,0218,Terra,MODIS,71,6.2,300.7,16.2,D,0
-16.4674,123.8531,320.1,1.3,1.1,2014-08-14,0218,Terra,MODIS,56,6.2,305.4,15.8,D,0
-16.4244,123.8275,352.5,1.3,1.1,2014-08-14,0218,Terra,MODIS,96,6.2,303.7,89.7,D,0
-17.4054,122.265,322.5,1.1,1.1,2014-08-14,0219,Terra,MODIS,40,6.2,302.4,12.6,D,0
-17.4068,122.2754,348.7,1.1,1.1,2014-08-14,0219,Terra,MODIS,94,6.2,306.1,56.2,D,0
-17.412,122.2428,399.2,1.1,1,2014-08-14,0219,Terra,MODIS,100,6.2,312.7,279.3,D,0
-17.4134,122.2532,352.2,1.1,1.1,2014-08-14,0219,Terra,MODIS,96,6.2,306.7,67.9,D,0
-17.4148,122.2636,320,1.1,1.1,2014-08-14,0219,Terra,MODIS,43,6.2,304.4,10.1,D,0
-17.3974,122.2767,371.4,1.1,1.1,2014-08-14,0219,Terra,MODIS,100,6.2,306.8,125,D,0
-18.8827,122.0843,320.4,1.1,1.1,2014-08-14,0219,Terra,MODIS,43,6.2,303.6,11.7,D,0
-17.3879,122.2781,377.8,1.1,1.1,2014-08-14,0219,Terra,MODIS,100,6.2,311.1,154.3,D,0
-17.3865,122.2677,348.6,1.1,1.1,2014-08-14,0219,Terra,MODIS,94,6.2,303.3,57.8,D,0
-17.377,122.2691,355.2,1.1,1.1,2014-08-14,0219,Terra,MODIS,97,6.2,307.1,77,D,0
-17.3571,122.3358,320.5,1.1,1.1,2014-08-14,0219,Terra,MODIS,28,6.2,302.7,11.6,D,0
-17.3666,122.3344,332.7,1.1,1.1,2014-08-14,0219,Terra,MODIS,53,6.2,305.4,25.8,D,0
-17.368,122.3448,328.8,1.1,1.1,2014-08-14,0219,Terra,MODIS,62,6.2,303.1,21.2,D,0
-17.549,122.7161,325.1,1.2,1.1,2014-08-14,0219,Terra,MODIS,77,6.2,304.7,18.6,D,0
-17.4666,122.3239,321.1,1.1,1.1,2014-08-14,0219,Terra,MODIS,51,6.2,302.4,12.7,D,0
-17.4652,122.3134,324.7,1.1,1.1,2014-08-14,0219,Terra,MODIS,60,6.2,302.9,16.5,D,0
-17.5505,122.7271,318.6,1.2,1.1,2014-08-14,0219,Terra,MODIS,43,6.2,305,9.8,D,0
-17.552,122.738,319.3,1.2,1.1,2014-08-14,0219,Terra,MODIS,55,6.2,305.1,10.4,D,0
-17.4637,122.303,328.7,1.1,1.1,2014-08-14,0219,Terra,MODIS,67,6.2,303.4,21.5,D,0
-17.3856,122.3316,324.3,1.1,1.1,2014-08-14,0219,Terra,MODIS,71,6.2,305.2,14.2,D,0
-17.4623,122.2926,334.8,1.1,1.1,2014-08-14,0219,Terra,MODIS,81,6.2,304.3,31.2,D,0
-17.4609,122.2822,330.6,1.1,1.1,2014-08-14,0219,Terra,MODIS,81,6.2,302.2,25.7,D,0
-17.4515,122.2835,362.2,1.1,1.1,2014-08-14,0219,Terra,MODIS,100,6.2,308.4,98.3,D,0
-17.45,122.2731,345.2,1.1,1.1,2014-08-14,0219,Terra,MODIS,92,6.2,303.8,52.5,D,0
-17.5535,122.749,320.3,1.2,1.1,2014-08-14,0219,Terra,MODIS,44,6.2,305,11,D,0
-17.3072,122.3596,323.5,1.1,1.1,2014-08-14,0219,Terra,MODIS,54,6.2,305.3,13.5,D,0
-17.281,122.5245,323.5,1.1,1.1,2014-08-14,0219,Terra,MODIS,74,6.2,304.6,12.1,D,0
-17.292,122.5338,319.7,1.1,1.1,2014-08-14,0219,Terra,MODIS,53,6.2,305.3,7.5,D,0
-17.4828,122.5156,319.6,1.1,1.1,2014-08-14,0219,Terra,MODIS,50,6.2,304,10.1,D,0
-17.0437,122.5885,328.8,1.1,1.1,2014-08-14,0219,Terra,MODIS,81,6.2,304.6,22.4,D,0
-17.5475,122.7052,314.6,1.2,1.1,2014-08-14,0219,Terra,MODIS,23,6.2,303.1,6,D,0
-17.5461,122.6942,327,1.2,1.1,2014-08-14,0219,Terra,MODIS,79,6.2,302.9,22.6,D,0
-17.4866,122.4715,319.2,1.1,1.1,2014-08-14,0219,Terra,MODIS,48,6.2,303.4,11.5,D,0
-17.488,122.4821,322.9,1.1,1.1,2014-08-14,0219,Terra,MODIS,54,6.2,305.4,15.7,D,0
-17.6803,123.9531,319.8,1.4,1.2,2014-08-14,0219,Terra,MODIS,23,6.2,306,15.3,D,0
-17.4111,122.3066,322.4,1.1,1.1,2014-08-14,0219,Terra,MODIS,65,6.2,305,10.7,D,0
-17.4083,122.2857,331.4,1.1,1.1,2014-08-14,0219,Terra,MODIS,52,6.2,305.5,20.5,D,0
-17.4017,122.308,329.7,1.1,1.1,2014-08-14,0219,Terra,MODIS,41,6.2,304.8,18.3,D,0
-16.9809,122.6581,328.1,1.1,1.1,2014-08-14,0219,Terra,MODIS,81,6.2,303.5,20.9,D,0
-17.4002,122.2976,352.3,1.1,1.1,2014-08-14,0219,Terra,MODIS,96,6.2,307.4,62.3,D,0
-17.3997,122.2235,358.2,1.1,1,2014-08-14,0219,Terra,MODIS,99,6.2,302,88.2,D,0
-17.4011,122.2339,461.2,1.1,1,2014-08-14,0219,Terra,MODIS,100,6.2,329.7,1000,D,0
-17.4091,122.2222,358.4,1.1,1,2014-08-14,0219,Terra,MODIS,99,6.2,300.3,87.8,D,0
-17.4105,122.2325,429.7,1.1,1,2014-08-14,0219,Terra,MODIS,100,6.2,315.7,552.8,D,0
-17.3988,122.2871,375.1,1.1,1.1,2014-08-14,0219,Terra,MODIS,100,6.2,309.9,140.2,D,0
-17.3842,122.3212,321.1,1.1,1.1,2014-08-14,0219,Terra,MODIS,38,6.2,304.3,8.9,D,0
-17.8903,123.61,321.6,1.3,1.1,2014-08-14,0219,Terra,MODIS,58,6.2,305.4,15.5,D,0
-17.4832,122.375,325.8,1.1,1.1,2014-08-14,0219,Terra,MODIS,63,6.2,301.4,18.5,D,0
-17.4846,122.3855,326,1.1,1.1,2014-08-14,0219,Terra,MODIS,74,6.2,301.4,19.5,D,0
-16.9665,122.7698,318.8,1.2,1.1,2014-08-14,0219,Terra,MODIS,69,6.2,305.4,11.2,D,0
-17.5467,122.7724,320.1,1.2,1.1,2014-08-14,0219,Terra,MODIS,30,6.2,304.2,10.3,D,0
-17.9147,123.5562,317.6,1.3,1.1,2014-08-14,0219,Terra,MODIS,42,6.2,305.9,8.8,D,0
-17.3759,122.5484,315,1.1,1.1,2014-08-14,0219,Terra,MODIS,38,6.2,304.3,5.5,D,0
-17.3557,122.3253,358,1.1,1.1,2014-08-14,0219,Terra,MODIS,99,6.2,307.8,84,D,0
-16.9762,122.7684,319.7,1.2,1.1,2014-08-14,0219,Terra,MODIS,70,6.2,302.3,11.9,D,0
-17.101,122.8671,319.1,1.2,1.1,2014-08-14,0219,Terra,MODIS,54,6.2,304.8,10.9,D,0
-17.1047,122.8218,319,1.2,1.1,2014-08-14,0219,Terra,MODIS,49,6.2,306.2,8.2,D,0
-17.1062,122.8328,319.2,1.2,1.1,2014-08-14,0219,Terra,MODIS,48,6.2,305.9,9.1,D,0
-17.3378,122.2643,330.8,1.1,1.1,2014-08-14,0219,Terra,MODIS,74,6.2,303.2,24.5,D,0
-17.3434,122.3058,330.2,1.1,1.1,2014-08-14,0219,Terra,MODIS,81,6.2,304.2,23,D,0
-17.3501,122.2837,328.9,1.1,1.1,2014-08-14,0219,Terra,MODIS,44,6.2,303.3,18.8,D,0
-17.3543,122.3149,335.4,1.1,1.1,2014-08-14,0219,Terra,MODIS,75,6.2,304.4,29.5,D,0
-17.0394,122.5567,322.7,1.1,1.1,2014-08-14,0219,Terra,MODIS,69,6.2,303.9,13.6,D,0
-17.4861,122.3959,324.1,1.1,1.1,2014-08-14,0219,Terra,MODIS,69,6.2,301.4,17.3,D,0
-17.4875,122.4065,319.9,1.1,1.1,2014-08-14,0219,Terra,MODIS,54,6.2,300.9,12.5,D,0
-17.038,122.5461,323.3,1.1,1.1,2014-08-14,0219,Terra,MODIS,74,6.2,304.6,14.4,D,0
-16.9991,122.4018,331.2,1.1,1.1,2014-08-14,0219,Terra,MODIS,78,6.2,303.2,26.7,D,0
-17.0005,122.4122,321.8,1.1,1.1,2014-08-14,0219,Terra,MODIS,70,6.2,303.6,14,D,0
-17.2366,122.302,314.8,1.1,1.1,2014-08-14,0219,Terra,MODIS,31,6.2,302.9,6.3,D,0
-17.246,122.3006,320.6,1.1,1.1,2014-08-14,0219,Terra,MODIS,61,6.2,305.8,12.1,D,0
-17.2973,122.2867,337.3,1.1,1.1,2014-08-14,0219,Terra,MODIS,87,6.2,305.4,35.5,D,0
-17.2987,122.2971,337.1,1.1,1.1,2014-08-14,0219,Terra,MODIS,87,6.2,307.8,34.3,D,0
-17.3067,122.2853,332.7,1.1,1.1,2014-08-14,0219,Terra,MODIS,83,6.2,302.5,28.5,D,0
-17.3081,122.2957,327,1.1,1.1,2014-08-14,0219,Terra,MODIS,67,6.2,303.1,19.5,D,0
-17.4025,122.2442,381.1,1.1,1,2014-08-14,0219,Terra,MODIS,100,6.2,312.4,174.6,D,0
-17.1641,122.7289,323.2,1.2,1.1,2014-08-14,0219,Terra,MODIS,56,6.2,306,15,D,0
-17.404,122.2546,327,1.1,1.1,2014-08-14,0219,Terra,MODIS,69,6.2,303.6,19.4,D,0
-18.8998,121.6462,322.1,1.1,1,2014-08-14,0219,Terra,MODIS,72,6.2,305,10.6,D,0
-18.9165,122.0469,316.5,1.1,1.1,2014-08-14,0219,Terra,MODIS,34,6.2,303.8,7,D,0
-18.9245,122.0349,321.1,1.1,1.1,2014-08-14,0219,Terra,MODIS,71,6.2,304.3,12.8,D,0
-18.9601,121.6941,330.2,1.1,1,2014-08-14,0219,Terra,MODIS,78,6.2,302.7,22.8,D,0
-18.9615,121.7044,323.7,1.1,1,2014-08-14,0219,Terra,MODIS,64,6.2,302.3,13.9,D,0
-18.9629,121.7146,321.9,1.1,1,2014-08-14,0219,Terra,MODIS,61,6.2,303.4,12.4,D,0
-18.7442,121.9877,319,1.1,1.1,2014-08-14,0219,Terra,MODIS,48,6.2,304.7,9.6,D,0
-18.7224,121.9696,319.8,1.1,1.1,2014-08-14,0219,Terra,MODIS,65,6.2,302.9,10.8,D,0
-17.9469,125.19,318.9,1.7,1.3,2014-08-14,0219,Terra,MODIS,70,6.2,303.8,20,D,0
-17.9488,125.2058,322.7,1.7,1.3,2014-08-14,0219,Terra,MODIS,72,6.2,304.1,27.1,D,0
-17.9584,125.1885,334.6,1.7,1.3,2014-08-14,0219,Terra,MODIS,86,6.2,302.3,56.5,D,0
-17.9603,125.2043,337.3,1.7,1.3,2014-08-14,0219,Terra,MODIS,88,6.2,304.6,65.6,D,0
-17.9699,125.187,341.8,1.7,1.3,2014-08-14,0219,Terra,MODIS,91,6.2,303.1,80.8,D,0
-17.9718,125.2028,369.1,1.7,1.3,2014-08-14,0219,Terra,MODIS,100,6.2,308.2,225.1,D,0
-17.9738,125.2186,327.7,1.7,1.3,2014-08-14,0219,Terra,MODIS,54,6.2,305.9,35.4,D,0
-21.3835,116.892,309.1,1.1,1.1,2014-08-14,0220,Terra,MODIS,43,6.2,298.1,4.8,D,0
-21.3852,116.9028,318.3,1.1,1.1,2014-08-14,0220,Terra,MODIS,72,6.2,298.8,14,D,0
-21.387,116.9137,311.8,1.1,1.1,2014-08-14,0220,Terra,MODIS,60,6.2,298.1,7.3,D,0
-24.4097,129.2441,313.8,4.1,1.9,2014-08-14,0220,Terra,MODIS,70,6.2,291.6,85.1,D,0
-24.4129,129.2847,327,4.1,1.9,2014-08-14,0220,Terra,MODIS,83,6.2,291.7,185.3,D,0
-24.4134,129.2387,305,4.1,1.9,2014-08-14,0220,Terra,MODIS,35,6.2,291.3,33.4,D,0
-24.4162,129.2793,320.1,4.1,1.9,2014-08-14,0220,Terra,MODIS,77,6.2,291.3,125,D,0
-20.6381,119.0973,326.1,1,1,2014-08-14,0220,Terra,MODIS,79,6.2,302.1,16.5,D,0
-20.632,119.1179,316.1,1,1,2014-08-14,0220,Terra,MODIS,65,6.2,302,6.8,D,0
-20.6367,119.0877,315.1,1,1,2014-08-14,0220,Terra,MODIS,60,6.2,301.6,6.2,D,0
-20.641,119.1164,326.1,1,1,2014-08-14,0220,Terra,MODIS,79,6.2,301.5,16.5,D,0
-20.6396,119.1068,337,1,1,2014-08-14,0220,Terra,MODIS,88,6.2,303,30.8,D,0
-21.6496,117.8121,319.1,1,1,2014-08-14,0220,Terra,MODIS,74,6.2,297.1,13.8,D,0
-21.6511,117.8222,421.5,1,1,2014-08-14,0220,Terra,MODIS,100,6.2,311.6,430.6,D,0
-21.6527,117.8323,404.9,1,1,2014-08-14,0220,Terra,MODIS,100,6.2,311.8,295.8,D,0
-21.6543,117.8424,344.7,1,1,2014-08-14,0220,Terra,MODIS,93,6.2,302.6,49.1,D,0
-21.6558,117.8524,318.6,1,1,2014-08-14,0220,Terra,MODIS,65,6.2,298,11.2,D,0
-21.6575,117.815,355.1,1,1,2014-08-14,0220,Terra,MODIS,98,6.2,298.6,72.8,D,0
-21.6591,117.8251,368.3,1,1,2014-08-14,0220,Terra,MODIS,100,6.2,302.5,111.6,D,0
-21.6607,117.8352,348.6,1,1,2014-08-14,0220,Terra,MODIS,95,6.2,301.1,55.9,D,0
-21.6623,117.8452,332.1,1,1,2014-08-14,0220,Terra,MODIS,85,6.2,299.4,25.4,D,0
-21.6638,117.8552,326.2,1,1,2014-08-14,0220,Terra,MODIS,70,6.2,298.7,18.1,D,0
-21.6806,117.8421,349.6,1,1,2014-08-14,0220,Terra,MODIS,95,6.2,301.3,58.3,D,0
-21.6821,117.852,362.9,1,1,2014-08-14,0220,Terra,MODIS,100,6.2,303.2,91.8,D,0
-21.6837,117.862,328.9,1,1,2014-08-14,0220,Terra,MODIS,63,6.2,300.4,22.3,D,0
-21.6898,117.8405,326,1,1,2014-08-14,0220,Terra,MODIS,74,6.2,296.2,19.5,D,0
-21.6929,117.8604,330.7,1,1,2014-08-14,0220,Terra,MODIS,85,6.2,297.4,26.8,D,0
-21.6944,117.8704,323.6,1,1,2014-08-14,0220,Terra,MODIS,78,6.2,297.2,17.4,D,0
-22.7901,119.977,311.3,1,1,2014-08-14,0220,Terra,MODIS,59,6.2,298.8,4.7,D,0
-22.8194,119.9964,316.9,1,1,2014-08-14,0220,Terra,MODIS,51,6.2,299.6,8.6,D,0
-21.8887,119.2749,310.3,1,1,2014-08-14,0220,Terra,MODIS,52,6.2,298.6,4.3,D,0
-22.8391,120.0035,314.7,1,1,2014-08-14,0220,Terra,MODIS,45,6.2,298.5,7.1,D,0
-21.8872,119.2653,316.1,1,1,2014-08-14,0220,Terra,MODIS,70,6.2,297.8,9.1,D,0
-22.8089,119.9879,325.1,1,1,2014-08-14,0220,Terra,MODIS,80,6.2,299.6,16.6,D,0
-24.0078,120.0247,313.3,1,1,2014-08-14,0221,Terra,MODIS,64,6.2,298.1,7.3,D,0
-24.0092,120.035,311,1,1,2014-08-14,0221,Terra,MODIS,58,6.2,298.6,5.6,D,0
-24.0014,120.0317,318.5,1,1,2014-08-14,0221,Terra,MODIS,73,6.2,298.5,11.4,D,0
-34.8047,146.0506,313.3,4.7,2,2014-08-14,0322,Aqua,MODIS,73,6.2,293,99.3,D,0
-34.3665,145.9485,308.5,4.8,2,2014-08-14,0322,Aqua,MODIS,67,6.2,294,67.3,D,0
-34.8983,146.0018,328.1,4.8,2,2014-08-14,0322,Aqua,MODIS,49,6.2,292.8,209.6,D,0
-34.3669,145.9933,313.6,4.7,2,2014-08-14,0322,Aqua,MODIS,74,6.2,293.8,93,D,0
-34.88,146.001,316.3,4.8,2,2014-08-14,0322,Aqua,MODIS,47,6.2,294.2,107.5,D,0
-34.5638,146.3344,302.8,4.5,2,2014-08-14,0322,Aqua,MODIS,54,6.2,291.5,37.2,D,0
-34.3644,146.0014,310.5,4.7,2,2014-08-14,0322,Aqua,MODIS,70,6.2,293.6,79.2,D,0
-34.8082,146.0479,312.2,4.7,2,2014-08-14,0322,Aqua,MODIS,72,6.2,293.2,85.9,D,0
-34.9137,146.0118,317.7,4.8,2,2014-08-14,0322,Aqua,MODIS,42,6.2,291.8,116.8,D,0
-34.8772,146.0099,318.3,4.8,2,2014-08-14,0322,Aqua,MODIS,34,6.2,294.3,121.4,D,0
-34.91,146.0142,333.4,4.8,2,2014-08-14,0322,Aqua,MODIS,88,6.2,292.3,287.1,D,0
-34.8955,146.0109,321.3,4.8,2,2014-08-14,0322,Aqua,MODIS,62,6.2,293.2,150.7,D,0
-36.495,148.8291,306.2,3.3,1.7,2014-08-14,0322,Aqua,MODIS,63,6.2,288,40.4,D,0
-36.4997,148.8219,303.1,3.3,1.7,2014-08-14,0322,Aqua,MODIS,55,6.2,287.8,30,D,0
-31.2286,152.7829,304.3,1.6,1.2,2014-08-14,0323,Aqua,MODIS,51,6.2,278,10.9,D,0
-31.1893,149.347,313.4,2.7,1.6,2014-08-14,0323,Aqua,MODIS,68,6.2,287.2,51.8,D,0
-31.1922,149.352,308.6,2.7,1.6,2014-08-14,0323,Aqua,MODIS,51,6.2,287.5,36.1,D,0
-31.5364,148.7402,307.9,3,1.6,2014-08-14,0323,Aqua,MODIS,66,6.2,294.9,29.3,D,0
-32.0045,146.7164,304.6,4.1,1.9,2014-08-14,0323,Aqua,MODIS,59,6.2,291.3,41,D,0
-32.0011,146.7087,304.8,4.1,1.9,2014-08-14,0323,Aqua,MODIS,59,6.2,290.7,41.7,D,0
-31.4733,149.7593,301.3,2.5,1.5,2014-08-14,0323,Aqua,MODIS,44,6.2,289.7,12.9,D,0
-28.304,149.7569,312.7,2.3,1.5,2014-08-14,0324,Aqua,MODIS,68,6.2,293.6,24.4,D,0
-26.2003,150.3967,311,2,1.4,2014-08-14,0324,Aqua,MODIS,0,6.2,286.6,25.4,D,0
-26.2023,150.3773,309.8,2,1.4,2014-08-14,0324,Aqua,MODIS,40,6.2,285.1,23.9,D,0
-28.5663,149.6036,315.1,2.4,1.5,2014-08-14,0324,Aqua,MODIS,49,6.2,291.8,28,D,0
-27.5861,150.2671,366.5,2.1,1.4,2014-08-14,0324,Aqua,MODIS,94,6.2,297.2,296.8,D,0
-27.5837,150.2812,336.1,2.1,1.4,2014-08-14,0324,Aqua,MODIS,89,6.2,295.4,98.1,D,0
-28.5609,149.61,317.2,2.4,1.5,2014-08-14,0324,Aqua,MODIS,67,6.2,294.8,38.1,D,0
-27.5858,150.2601,357.9,2.1,1.4,2014-08-14,0324,Aqua,MODIS,93,6.2,295.7,228.1,D,0
-24.5606,152.0637,308.5,1.4,1.2,2014-08-14,0325,Aqua,MODIS,38,6.2,293.6,8.8,D,0
-24.5499,152.0622,310.1,1.4,1.2,2014-08-14,0325,Aqua,MODIS,45,6.2,293.2,11.4,D,0
-34.9245,145.7833,310.3,3.6,1.8,2014-08-14,0500,Aqua,MODIS,70,6.2,291.4,55.9,D,0
-34.871,145.9333,304.3,3.7,1.8,2014-08-14,0500,Aqua,MODIS,58,6.2,292.4,28.8,D,0
-34.4533,146.105,313.1,3.9,1.8,2014-08-14,0500,Aqua,MODIS,70,6.2,290.8,70.2,D,0
-34.9152,145.8219,307.7,3.6,1.8,2014-08-14,0500,Aqua,MODIS,66,6.2,290.1,42,D,0
-34.866,145.9795,306.4,3.7,1.8,2014-08-14,0500,Aqua,MODIS,62,6.2,291.9,35.8,D,0
-34.4431,146.1463,318.5,3.9,1.8,2014-08-14,0500,Aqua,MODIS,79,6.2,290.7,104.2,D,0
-34.9303,145.7904,308.5,3.6,1.8,2014-08-14,0500,Aqua,MODIS,67,6.2,291,46.3,D,0
-34.9581,145.8851,308.1,3.6,1.8,2014-08-14,0500,Aqua,MODIS,67,6.2,291.6,48.1,D,0
-34.9676,145.8462,307.4,3.6,1.8,2014-08-14,0500,Aqua,MODIS,65,6.2,291.9,44.8,D,0
-34.178,146.1723,316.8,4,1.9,2014-08-14,0500,Aqua,MODIS,77,6.2,292.8,105.9,D,0
-34.7571,138.7178,301.8,1.4,1.2,2014-08-14,0501,Aqua,MODIS,42,6.2,287.6,7.1,D,0
-26.0916,126.8702,319,1.6,1.2,2014-08-14,0503,Aqua,MODIS,69,6.2,299.7,19.8,D,0
-26.1029,126.8717,320.3,1.6,1.2,2014-08-14,0503,Aqua,MODIS,72,6.2,301.2,22.4,D,0
-22.8079,119.957,315.5,4.6,2,2014-08-14,0504,Aqua,MODIS,65,6.2,300.8,70.4,D,0
-22.7901,119.9554,313.7,4.6,2,2014-08-14,0504,Aqua,MODIS,48,6.2,300.9,56.8,D,0
-22.7889,119.9588,313.9,4.6,2,2014-08-14,0504,Aqua,MODIS,52,6.2,300.9,58.2,D,0
-22.8067,119.9604,315.6,4.6,2,2014-08-14,0504,Aqua,MODIS,65,6.2,300.7,70.7,D,0
-21.3687,132.3688,319.3,1.1,1,2014-08-14,0504,Aqua,MODIS,52,6.2,305.1,8.3,D,0
-22.7397,131.3722,313.8,1,1,2014-08-14,0504,Aqua,MODIS,46,6.2,301.8,4.7,D,0
-24.6658,125.7488,316.4,1.8,1.3,2014-08-14,0504,Aqua,MODIS,65,6.2,301,18.8,D,0
-23.2905,120.8387,313.3,4,1.9,2014-08-14,0504,Aqua,MODIS,60,6.2,300.3,48.5,D,0
-22.4073,131.7543,315,1,1,2014-08-14,0504,Aqua,MODIS,60,6.2,300.2,7.7,D,0
-24.3974,129.2867,337.5,1.1,1.1,2014-08-14,0504,Aqua,MODIS,32,6.2,305,32.8,D,0
-24.3932,129.2917,316.6,1.1,1.1,2014-08-14,0504,Aqua,MODIS,60,6.2,300,10.3,D,0
-24.3947,129.2806,342.2,1.1,1.1,2014-08-14,0504,Aqua,MODIS,91,6.2,307.3,47.3,D,0
-24.3851,129.2792,347.3,1.1,1.1,2014-08-14,0504,Aqua,MODIS,94,6.2,301.3,58.7,D,0
-24.3866,129.2681,361.6,1.1,1.1,2014-08-14,0504,Aqua,MODIS,100,6.2,307.4,97.7,D,0
-24.377,129.2666,385,1.1,1.1,2014-08-14,0504,Aqua,MODIS,100,6.2,303.8,198.9,D,0
-24.3785,129.2555,365.2,1.1,1.1,2014-08-14,0504,Aqua,MODIS,100,6.2,306.2,110.5,D,0
-24.3799,129.2444,333.6,1.1,1.1,2014-08-14,0504,Aqua,MODIS,78,6.2,299.8,31.3,D,0
-24.3675,129.2651,348.7,1.1,1.1,2014-08-14,0504,Aqua,MODIS,94,6.2,295.1,64.6,D,0
-24.3689,129.254,388.1,1.1,1.1,2014-08-14,0504,Aqua,MODIS,100,6.2,300.5,218.8,D,0
-24.3704,129.2429,340.4,1.1,1.1,2014-08-14,0504,Aqua,MODIS,90,6.2,295.7,46.6,D,0
-24.3718,129.2318,314.8,1.1,1.1,2014-08-14,0504,Aqua,MODIS,55,6.2,294.4,9.4,D,0
-24.4137,129.3118,314.8,1.1,1.1,2014-08-14,0504,Aqua,MODIS,47,6.2,299.3,8.1,D,0
-17.9928,138.6768,320.9,3,1.6,2014-08-14,0505,Aqua,MODIS,67,6.2,302.4,47,D,0
-17.9874,138.6969,318.4,3,1.7,2014-08-14,0505,Aqua,MODIS,63,6.2,302.7,36.5,D,0
-17.9927,138.6688,317.5,3,1.6,2014-08-14,0505,Aqua,MODIS,62,6.2,302,33.1,D,0
-18.726,121.966,349.1,2.9,1.6,2014-08-14,0505,Aqua,MODIS,94,6.2,306.7,239.1,D,0
-18.7288,121.9384,318,2.9,1.6,2014-08-14,0505,Aqua,MODIS,54,6.2,305.2,28.1,D,0
-15.0938,125.8276,333.1,1.3,1.2,2014-08-14,0506,Aqua,MODIS,81,6.2,308.4,30.9,D,0
-14.5142,132.9995,324.6,1.4,1.2,2014-08-14,0506,Aqua,MODIS,65,6.2,311.5,11.5,D,0
-16.468,135.6566,324.2,1.9,1.4,2014-08-14,0506,Aqua,MODIS,75,6.2,306.8,29,D,0
-14.6504,133.1002,338.3,1.4,1.2,2014-08-14,0506,Aqua,MODIS,81,6.2,313.5,40.1,D,0
-14.6454,133.0936,340.7,1.4,1.2,2014-08-14,0506,Aqua,MODIS,88,6.2,312,46.6,D,0
-14.642,133.0858,345.6,1.4,1.2,2014-08-14,0506,Aqua,MODIS,92,6.2,308.8,60.5,D,0
-13.4957,134.2432,324,1.7,1.3,2014-08-14,0506,Aqua,MODIS,44,6.2,305.7,21,D,0
-18.0666,124.1293,321.2,2,1.4,2014-08-14,0506,Aqua,MODIS,67,6.2,307.2,26,D,0
-18.0642,124.124,321.7,2,1.4,2014-08-14,0506,Aqua,MODIS,68,6.2,307.1,29.4,D,0
-12.9464,136.0087,317.3,2.4,1.5,2014-08-14,0506,Aqua,MODIS,60,6.2,297.8,31.9,D,0
-17.9571,125.2052,334.3,1.6,1.3,2014-08-14,0506,Aqua,MODIS,31,6.2,311.4,40.4,D,0
-17.9589,125.1898,336,1.6,1.3,2014-08-14,0506,Aqua,MODIS,66,6.2,312.2,46.9,D,0
-17.9476,125.1882,331.9,1.6,1.3,2014-08-14,0506,Aqua,MODIS,56,6.2,308,37.5,D,0
-17.9477,125.1985,340.9,1.6,1.3,2014-08-14,0506,Aqua,MODIS,69,6.2,309.5,63.4,D,0
-12.9374,135.9995,317.3,2.4,1.5,2014-08-14,0506,Aqua,MODIS,61,6.2,296.4,34.4,D,0
-13.8116,131.8634,325.5,1.2,1.1,2014-08-14,0506,Aqua,MODIS,54,6.2,313.2,9.2,D,0
-17.6213,123.9066,323.2,2,1.4,2014-08-14,0506,Aqua,MODIS,59,6.2,305.1,34.3,D,0
-15.1125,126.0059,331.5,1.3,1.1,2014-08-14,0506,Aqua,MODIS,79,6.2,312.5,21.6,D,0
-14.5034,130.0002,322.6,1,1,2014-08-14,0506,Aqua,MODIS,51,6.2,311.7,5.1,D,0
-16.3267,128.2815,320.2,1.1,1,2014-08-14,0506,Aqua,MODIS,49,6.2,308.1,6.6,D,0
-13.8814,130.0988,328.1,1,1,2014-08-14,0506,Aqua,MODIS,40,6.2,310.6,13.4,D,0
-17.3767,122.2096,361.3,2.7,1.6,2014-08-14,0506,Aqua,MODIS,100,6.2,295.5,349.7,D,0
-17.3009,122.2896,333,2.6,1.6,2014-08-14,0506,Aqua,MODIS,64,6.2,309.1,86.2,D,0
-17.3816,122.2565,432.2,2.6,1.6,2014-08-14,0506,Aqua,MODIS,100,6.2,315.8,2040.4,D,0
-14.1016,129.6598,341,1,1,2014-08-14,0506,Aqua,MODIS,87,6.2,309.5,31.4,D,0
-14.0926,129.6584,389.7,1,1,2014-08-14,0506,Aqua,MODIS,100,6.2,315.5,186.6,D,0
-17.3918,122.3377,331.5,2.6,1.6,2014-08-14,0506,Aqua,MODIS,81,6.2,306.3,75.7,D,0
-17.3957,122.2582,369.3,2.6,1.6,2014-08-14,0506,Aqua,MODIS,100,6.2,309.3,411.8,D,0
-14.2925,129.7394,325,1,1,2014-08-14,0506,Aqua,MODIS,50,6.2,313.3,8.6,D,0
-14.0939,129.6492,327.7,1,1,2014-08-14,0506,Aqua,MODIS,58,6.2,307.1,14.8,D,0
-17.5036,122.4087,353.6,2.6,1.5,2014-08-14,0506,Aqua,MODIS,96,6.2,311.6,245.8,D,0
-17.4871,122.4315,345.6,2.6,1.5,2014-08-14,0506,Aqua,MODIS,92,6.2,306.6,171.9,D,0
-17.4897,122.4072,366.8,2.6,1.5,2014-08-14,0506,Aqua,MODIS,100,6.2,306.7,383.8,D,0
-16.4246,123.8124,330.9,2,1.4,2014-08-14,0506,Aqua,MODIS,75,6.2,306.6,52.6,D,0
-17.3856,122.2615,421.8,2.6,1.6,2014-08-14,0506,Aqua,MODIS,100,6.2,315.2,1639.5,D,0
-15.1091,126.0109,329.1,1.3,1.1,2014-08-14,0506,Aqua,MODIS,71,6.2,313.3,17.6,D,0
-14.2002,129.6817,333.4,1,1,2014-08-14,0506,Aqua,MODIS,78,6.2,307.9,21.5,D,0
-17.2945,122.2713,353.6,2.6,1.6,2014-08-14,0506,Aqua,MODIS,96,6.2,307.4,250,D,0
-14.2668,130.1067,324.5,1,1,2014-08-14,0506,Aqua,MODIS,59,6.2,313.1,7.2,D,0
-17.0017,122.4095,315.4,2.5,1.5,2014-08-14,0506,Aqua,MODIS,39,6.2,304.4,26.7,D,0
-17.481,122.3561,324.4,2.6,1.6,2014-08-14,0506,Aqua,MODIS,72,6.2,301.8,54.6,D,0
-17.3882,122.2365,450.7,2.7,1.6,2014-08-14,0506,Aqua,MODIS,100,6.2,324.5,2940.9,D,0
-17.3908,122.2113,368.2,2.7,1.6,2014-08-14,0506,Aqua,MODIS,100,6.2,306.4,418.2,D,0
-15.7875,128.7986,326.6,1,1,2014-08-14,0506,Aqua,MODIS,45,6.2,314,7.6,D,0
-14.0913,129.6676,328.9,1,1,2014-08-14,0506,Aqua,MODIS,58,6.2,310.9,15.3,D,0
-14.1003,129.669,337.9,1,1,2014-08-14,0506,Aqua,MODIS,84,6.2,311.4,26.4,D,0
-17.4023,122.2383,350.4,2.7,1.6,2014-08-14,0506,Aqua,MODIS,95,6.2,305.5,217.6,D,0
-15.7263,128.7734,328.8,1,1,2014-08-14,0506,Aqua,MODIS,47,6.2,312.8,12,D,0
-17.3996,122.2633,339.5,2.6,1.6,2014-08-14,0506,Aqua,MODIS,88,6.2,305.7,124.7,D,0
-15.1107,125.9988,328.3,1.3,1.1,2014-08-14,0506,Aqua,MODIS,63,6.2,313.2,16.4,D,0
-15.725,128.7828,356.4,1,1,2014-08-14,0506,Aqua,MODIS,98,6.2,310.7,63.9,D,0
-17.3872,122.2063,386.3,2.7,1.6,2014-08-14,0506,Aqua,MODIS,100,6.2,305.6,725.4,D,0
-17.4418,122.2686,334.5,2.6,1.6,2014-08-14,0506,Aqua,MODIS,83,6.2,305.1,98.3,D,0
-17.4492,122.2513,350.6,2.7,1.6,2014-08-14,0506,Aqua,MODIS,95,6.2,305.7,228,D,0
-17.5614,122.7068,330.2,2.5,1.5,2014-08-14,0506,Aqua,MODIS,80,6.2,305.5,75.2,D,0
-15.7327,128.7936,346,1,1,2014-08-14,0506,Aqua,MODIS,92,6.2,312.8,40.8,D,0
-14.3102,129.5531,338.5,1,1,2014-08-14,0506,Aqua,MODIS,85,6.2,309.1,27.6,D,0
-17.3523,122.3078,330.6,2.6,1.6,2014-08-14,0506,Aqua,MODIS,55,6.2,302.7,75.2,D,0
-17.2448,122.2829,320.2,2.6,1.6,2014-08-14,0506,Aqua,MODIS,58,6.2,305.6,38.6,D,0
-14.0696,129.6265,321,1,1,2014-08-14,0506,Aqua,MODIS,21,6.2,306.9,8.3,D,0
-16.4451,122.9505,322.3,2.3,1.5,2014-08-14,0506,Aqua,MODIS,70,6.2,301.7,46.3,D,0
-14.1263,129.936,336.3,1,1,2014-08-14,0506,Aqua,MODIS,83,6.2,307,30.5,D,0
-17.3037,122.2649,333.6,2.6,1.6,2014-08-14,0506,Aqua,MODIS,65,6.2,306.9,96,D,0
-15.734,128.7842,383.7,1,1,2014-08-14,0506,Aqua,MODIS,100,6.2,319.1,158,D,0
-14.2092,129.6831,323.2,1,1,2014-08-14,0506,Aqua,MODIS,24,6.2,309.8,9.4,D,0
-15.7965,128.7999,330.1,1,1,2014-08-14,0506,Aqua,MODIS,75,6.2,314.9,12.8,D,0
-17.4757,122.3483,322,2.6,1.6,2014-08-14,0506,Aqua,MODIS,56,6.2,302.2,40.2,D,0
-14.3295,129.5467,327.2,1,1,2014-08-14,0506,Aqua,MODIS,49,6.2,307.7,13.3,D,0
-14.4064,129.5275,325.9,1,1,2014-08-14,0506,Aqua,MODIS,60,6.2,309.9,10.9,D,0
-14.3451,129.5019,322.2,1,1,2014-08-14,0506,Aqua,MODIS,50,6.2,310.9,8.2,D,0
-17.501,122.4331,374.6,2.6,1.5,2014-08-14,0506,Aqua,MODIS,100,6.2,311.9,490.3,D,0
-17.5588,122.7299,323.4,2.4,1.5,2014-08-14,0506,Aqua,MODIS,65,6.2,306.9,43.4,D,0
-14.413,129.4814,327.8,1,1,2014-08-14,0506,Aqua,MODIS,58,6.2,310.2,13.4,D,0
-14.3401,129.6684,331.9,1,1,2014-08-14,0506,Aqua,MODIS,47,6.2,311.2,16.8,D,0
-15.7393,128.7464,330.3,1,1,2014-08-14,0506,Aqua,MODIS,62,6.2,311.7,16.6,D,0
-14.2182,129.6845,321.7,1,1,2014-08-14,0506,Aqua,MODIS,16,6.2,308.5,7.7,D,0
-14.3032,129.6653,334.8,1,1,2014-08-14,0506,Aqua,MODIS,75,6.2,311.3,19.8,D,0
-14.2955,129.6547,336.6,1,1,2014-08-14,0506,Aqua,MODIS,80,6.2,309.5,23.8,D,0
-16.4427,122.9716,314.2,2.3,1.5,2014-08-14,0506,Aqua,MODIS,24,6.2,301.4,22.5,D,0
-14.3724,129.6356,344.3,1,1,2014-08-14,0506,Aqua,MODIS,90,6.2,312,36.9,D,0
-14.3635,129.6342,353.6,1,1,2014-08-14,0506,Aqua,MODIS,96,6.2,307.8,56.5,D,0
-17.6816,123.959,322.3,2,1.4,2014-08-14,0506,Aqua,MODIS,47,6.2,305.2,29.4,D,0
-17.4446,122.2436,345.9,2.7,1.6,2014-08-14,0506,Aqua,MODIS,92,6.2,304.2,182.1,D,0
-17.4984,122.4573,335.2,2.6,1.5,2014-08-14,0506,Aqua,MODIS,85,6.2,305.4,108.6,D,0
-17.3944,122.3129,344,2.6,1.6,2014-08-14,0506,Aqua,MODIS,91,6.2,305.2,155.9,D,0
-14.4097,129.6319,327.7,1,1,2014-08-14,0506,Aqua,MODIS,52,6.2,310.9,10.4,D,0
-17.3934,122.1859,327.8,2.7,1.6,2014-08-14,0506,Aqua,MODIS,21,6.2,298.2,73.6,D,0
-17.4559,122.2703,320.1,2.6,1.6,2014-08-14,0506,Aqua,MODIS,55,6.2,305.6,38,D,0
-14.3115,129.5439,328.2,1,1,2014-08-14,0506,Aqua,MODIS,43,6.2,311.1,13.5,D,0
-14.3981,129.649,327.3,1,1,2014-08-14,0506,Aqua,MODIS,41,6.2,308.7,12.3,D,0
-14.3994,129.6398,329.3,1,1,2014-08-14,0506,Aqua,MODIS,48,6.2,312.8,13.8,D,0
-16.4225,123.8303,332.3,1.9,1.4,2014-08-14,0506,Aqua,MODIS,64,6.2,303.9,58.9,D,0
-14.2911,129.7487,324.2,1,1,2014-08-14,0506,Aqua,MODIS,27,6.2,311.6,8.1,D,0
-16.0375,128.8448,324.4,1,1,2014-08-14,0506,Aqua,MODIS,57,6.2,313,7.6,D,0
-14.0796,129.6847,329.9,1,1,2014-08-14,0506,Aqua,MODIS,70,6.2,308.6,16.3,D,0
-16.4723,123.8598,328.8,1.9,1.4,2014-08-14,0506,Aqua,MODIS,79,6.2,306.7,49.3,D,0
-17.4466,122.2764,323.6,2.6,1.6,2014-08-14,0506,Aqua,MODIS,68,6.2,305.5,49.4,D,0
-17.4923,122.3825,337.2,2.6,1.5,2014-08-14,0506,Aqua,MODIS,86,6.2,303,118.6,D,0
-17.3844,122.2315,427.4,2.7,1.6,2014-08-14,0506,Aqua,MODIS,100,6.2,316,1870.9,D,0
-16.46,123.858,338.2,1.9,1.4,2014-08-14,0506,Aqua,MODIS,87,6.2,305.1,83.4,D,0
-16.462,123.84,328.6,1.9,1.4,2014-08-14,0506,Aqua,MODIS,74,6.2,308.1,45.4,D,0
-16.4695,123.8541,342.1,1.9,1.4,2014-08-14,0506,Aqua,MODIS,90,6.2,308.1,100.8,D,0
-16.4573,123.8523,341.4,1.9,1.4,2014-08-14,0506,Aqua,MODIS,89,6.2,305.2,96.9,D,0
-17.2965,122.5178,319.7,2.5,1.5,2014-08-14,0506,Aqua,MODIS,44,6.2,308.3,23.1,D,0
-14.0782,129.694,325.2,1,1,2014-08-14,0506,Aqua,MODIS,56,6.2,309.3,10.7,D,0
-15.7952,128.8094,325.7,1,1,2014-08-14,0506,Aqua,MODIS,38,6.2,314,7.2,D,0
-17.3793,122.1842,334.7,2.7,1.6,2014-08-14,0506,Aqua,MODIS,64,6.2,293.5,125.5,D,0
-17.39,122.181,326.9,2.7,1.6,2014-08-14,0506,Aqua,MODIS,43,6.2,296.7,78.2,D,0
-17.5063,122.3841,336.6,2.6,1.5,2014-08-14,0506,Aqua,MODIS,86,6.2,306.1,119.4,D,0
-17.3985,122.2332,362.8,2.7,1.6,2014-08-14,0506,Aqua,MODIS,100,6.2,308,344.2,D,0
-17.4164,122.24,320.2,2.7,1.6,2014-08-14,0506,Aqua,MODIS,42,6.2,304.3,38.4,D,0
-17.9228,123.5465,322,2.1,1.4,2014-08-14,0506,Aqua,MODIS,65,6.2,308.8,26.7,D,0
-16.4124,123.8103,328.5,2,1.4,2014-08-14,0506,Aqua,MODIS,64,6.2,303.9,46.9,D,0
-16.4012,123.7649,317.7,2,1.4,2014-08-14,0506,Aqua,MODIS,18,6.2,304.2,19.4,D,0
-13.7765,132.0275,326.7,1.2,1.1,2014-08-14,0506,Aqua,MODIS,33,6.2,309.3,12,D,0
-15.4379,131.3985,333.7,1.1,1,2014-08-14,0506,Aqua,MODIS,82,6.2,305.6,24.7,D,0
-13.6262,132.2771,325.2,1.3,1.1,2014-08-14,0506,Aqua,MODIS,24,6.2,310.7,10.1,D,0
-13.6144,132.2869,324.5,1.3,1.1,2014-08-14,0506,Aqua,MODIS,27,6.2,310.2,11,D,0
-15.6419,136.091,318.3,2.1,1.4,2014-08-14,0506,Aqua,MODIS,16,6.2,297.5,22.4,D,0
-15.4488,131.39,332,1.1,1,2014-08-14,0506,Aqua,MODIS,80,6.2,307.8,22.4,D,0
-15.4473,131.4001,326.4,1.1,1,2014-08-14,0506,Aqua,MODIS,63,6.2,305,13.7,D,0
-15.6546,136.0934,322.6,2.1,1.4,2014-08-14,0506,Aqua,MODIS,47,6.2,300.4,33.8,D,0
-13.821,136.5815,320.9,2.5,1.5,2014-08-14,0506,Aqua,MODIS,53,6.2,293.3,52.5,D,0
-15.812,135.9485,338.3,2.1,1.4,2014-08-14,0506,Aqua,MODIS,86,6.2,302.6,86.7,D,0
-13.9377,131.0911,329,1.1,1,2014-08-14,0506,Aqua,MODIS,48,6.2,312.3,12.2,D,0
-13.9066,131.1067,340.4,1.1,1,2014-08-14,0506,Aqua,MODIS,87,6.2,313.6,30.1,D,0
-13.6328,134.3127,319.1,1.7,1.3,2014-08-14,0506,Aqua,MODIS,42,6.2,304.7,12.1,D,0
-15.4286,131.397,333.7,1.1,1,2014-08-14,0506,Aqua,MODIS,82,6.2,306,26,D,0
-13.6354,134.2968,329.5,1.7,1.3,2014-08-14,0506,Aqua,MODIS,78,6.2,305.8,36.5,D,0
-14.0001,132.1762,326.7,1.2,1.1,2014-08-14,0506,Aqua,MODIS,61,6.2,311.3,10.1,D,0
-13.9902,132.1746,326.7,1.2,1.1,2014-08-14,0506,Aqua,MODIS,48,6.2,314.1,9.6,D,0
-13.8185,131.753,328.5,1.2,1.1,2014-08-14,0506,Aqua,MODIS,69,6.2,311.4,15.5,D,0
-13.8133,132.0634,325.6,1.2,1.1,2014-08-14,0506,Aqua,MODIS,61,6.2,313.6,7.5,D,0
-15.5028,131.3841,328.1,1.1,1,2014-08-14,0506,Aqua,MODIS,75,6.2,309.8,17.2,D,0
-15.4394,131.3884,383,1.1,1,2014-08-14,0506,Aqua,MODIS,100,6.2,312.4,175.4,D,0
-13.9232,136.6782,316.3,2.6,1.5,2014-08-14,0506,Aqua,MODIS,57,6.2,296.1,37.9,D,0
-13.7954,132.0489,334.4,1.2,1.1,2014-08-14,0506,Aqua,MODIS,60,6.2,313.4,21.2,D,0
-13.8281,131.7545,334,1.2,1.1,2014-08-14,0506,Aqua,MODIS,80,6.2,308.8,23.8,D,0
-15.4581,131.3915,323.9,1.1,1,2014-08-14,0506,Aqua,MODIS,65,6.2,309.4,12.3,D,0
-15.441,131.3784,341.7,1.1,1,2014-08-14,0506,Aqua,MODIS,89,6.2,306.3,38.9,D,0
-15.4301,131.3869,353.9,1.1,1,2014-08-14,0506,Aqua,MODIS,96,6.2,306.4,69.2,D,0
-13.8298,131.7436,332.2,1.2,1.1,2014-08-14,0506,Aqua,MODIS,76,6.2,309.1,21.1,D,0
-15.8212,135.9703,330.1,2.1,1.4,2014-08-14,0506,Aqua,MODIS,34,6.2,303.6,47.3,D,0
-15.8115,135.9539,335.5,2.1,1.4,2014-08-14,0506,Aqua,MODIS,68,6.2,302,70.3,D,0
-15.8716,135.906,323,2.1,1.4,2014-08-14,0506,Aqua,MODIS,28,6.2,306.1,24.6,D,0
-15.7952,136.3414,318.1,2.2,1.4,2014-08-14,0506,Aqua,MODIS,48,6.2,298.3,25.5,D,0
-16.1864,136.8918,318.5,2.4,1.5,2014-08-14,0506,Aqua,MODIS,47,6.2,288.8,39,D,0
-16.0231,136.4689,320.8,2.3,1.5,2014-08-14,0506,Aqua,MODIS,51,6.2,303.5,29.7,D,0
-16.0255,136.2298,317.9,2.2,1.4,2014-08-14,0506,Aqua,MODIS,36,6.2,303.8,13.6,D,0
-16.2579,135.6599,316.1,1.9,1.4,2014-08-14,0506,Aqua,MODIS,54,6.2,304.3,13.5,D,0
-16.2556,135.654,319.4,1.9,1.4,2014-08-14,0506,Aqua,MODIS,61,6.2,305,20,D,0
-15.2825,135.3013,320.6,1.9,1.3,2014-08-14,0506,Aqua,MODIS,40,6.2,301.6,18,D,0
-15.8399,135.9394,335.5,2.1,1.4,2014-08-14,0506,Aqua,MODIS,76,6.2,305.6,64.6,D,0
-15.7652,135.9201,338.7,2.1,1.4,2014-08-14,0506,Aqua,MODIS,88,6.2,300.7,101.1,D,0
-16.0796,136.2271,324.2,2.2,1.4,2014-08-14,0506,Aqua,MODIS,72,6.2,305.3,32.2,D,0
-15.2855,135.2838,335.4,1.9,1.3,2014-08-14,0506,Aqua,MODIS,85,6.2,303.2,65,D,0
-15.1481,135.2278,316.7,1.9,1.3,2014-08-14,0506,Aqua,MODIS,12,6.2,296.6,17.4,D,0
-15.8067,136.0533,337.4,2.1,1.4,2014-08-14,0506,Aqua,MODIS,87,6.2,304.7,84.5,D,0
-15.8079,136.0481,334.2,2.1,1.4,2014-08-14,0506,Aqua,MODIS,84,6.2,305.2,71.2,D,0
-14.4247,135.039,317.8,1.9,1.3,2014-08-14,0506,Aqua,MODIS,55,6.2,302,18.3,D,0
-14.4327,135.0292,326.9,1.9,1.3,2014-08-14,0506,Aqua,MODIS,75,6.2,303.5,41.3,D,0
-14.4297,135.0467,316.1,1.9,1.3,2014-08-14,0506,Aqua,MODIS,35,6.2,302.7,13.4,D,0
-15.2261,135.2061,330.3,1.9,1.3,2014-08-14,0506,Aqua,MODIS,67,6.2,299.7,49,D,0
-14.4275,135.0215,317.9,1.9,1.3,2014-08-14,0506,Aqua,MODIS,55,6.2,301.6,18.6,D,0
-15.2297,135.212,335.6,1.9,1.3,2014-08-14,0506,Aqua,MODIS,85,6.2,300.3,67.9,D,0
-15.7777,135.9224,323.7,2.1,1.4,2014-08-14,0506,Aqua,MODIS,71,6.2,299.9,41.5,D,0
-15.2899,135.2952,327,1.9,1.3,2014-08-14,0506,Aqua,MODIS,76,6.2,303.4,35.2,D,0
-15.2147,135.2272,328.8,1.9,1.3,2014-08-14,0506,Aqua,MODIS,77,6.2,300.6,42.9,D,0
-15.8149,135.9346,335.9,2.1,1.4,2014-08-14,0506,Aqua,MODIS,67,6.2,303.4,70.9,D,0
-12.1712,131.2987,338,1.2,1.1,2014-08-14,0507,Aqua,MODIS,84,6.2,307.2,35.1,D,0
-11.8823,133.1223,328.8,1.5,1.2,2014-08-14,0507,Aqua,MODIS,62,6.2,307,24.5,D,0
-12.6676,132.1218,338.3,1.3,1.1,2014-08-14,0507,Aqua,MODIS,85,6.2,310.5,36,D,0
-12.1487,131.3003,330.6,1.2,1.1,2014-08-14,0507,Aqua,MODIS,0,6.2,305.9,24.3,D,0
-12.6398,135.9727,326.9,2.4,1.5,2014-08-14,0507,Aqua,MODIS,79,6.2,292.6,69,D,0
-12.0814,133.1684,321.9,1.5,1.2,2014-08-14,0507,Aqua,MODIS,33,6.2,307.7,11.5,D,0
-12.6383,132.0457,339.5,1.3,1.1,2014-08-14,0507,Aqua,MODIS,86,6.2,310.4,34.6,D,0
-12.6694,132.1101,345.2,1.3,1.1,2014-08-14,0507,Aqua,MODIS,91,6.2,311,52.7,D,0
-12.1811,133.5485,323.8,1.6,1.2,2014-08-14,0507,Aqua,MODIS,46,6.2,307.5,15.1,D,0
-12.1809,131.3002,332.9,1.2,1.1,2014-08-14,0507,Aqua,MODIS,69,6.2,305.5,27.4,D,0
-12.7078,135.6549,313.4,2.3,1.5,2014-08-14,0507,Aqua,MODIS,47,6.2,297.8,16.2,D,0
-12.7136,132.4719,346,1.3,1.1,2014-08-14,0507,Aqua,MODIS,91,6.2,305.7,64.9,D,0
-11.8594,133.5457,332.4,1.6,1.3,2014-08-14,0507,Aqua,MODIS,67,6.2,304.5,38.7,D,0
-12.6819,135.4144,324.7,2.2,1.4,2014-08-14,0507,Aqua,MODIS,70,6.2,301.9,39.1,D,0
-11.9777,133.2458,331.3,1.5,1.2,2014-08-14,0507,Aqua,MODIS,79,6.2,310.1,25.8,D,0
-12.0267,133.4357,332.9,1.6,1.2,2014-08-14,0507,Aqua,MODIS,81,6.2,310.2,30.3,D,0
-12.59,132.0325,334.9,1.3,1.1,2014-08-14,0507,Aqua,MODIS,37,6.2,308.2,28.3,D,0
-12.796,132.2153,329.8,1.3,1.1,2014-08-14,0507,Aqua,MODIS,75,6.2,308.2,20.5,D,0
-11.8714,133.1206,325.4,1.5,1.2,2014-08-14,0507,Aqua,MODIS,15,6.2,305.8,16.3,D,0
-12.2066,131.2609,325,1.2,1.1,2014-08-14,0507,Aqua,MODIS,31,6.2,306.9,15.6,D,0
-12.3631,131.5068,322.8,1.2,1.1,2014-08-14,0507,Aqua,MODIS,52,6.2,304.9,14.4,D,0
-12.6814,135.4214,331.2,2.2,1.4,2014-08-14,0507,Aqua,MODIS,80,6.2,301.5,60.4,D,0
-12.9258,132.2433,332.8,1.3,1.1,2014-08-14,0507,Aqua,MODIS,75,6.2,311.1,22.1,D,0
-12.4126,133.1917,325.4,1.5,1.2,2014-08-14,0507,Aqua,MODIS,33,6.2,303.8,18.6,D,0
-12.2131,131.1543,321.5,1.1,1.1,2014-08-14,0507,Aqua,MODIS,36,6.2,307.7,8.4,D,0
-12.1947,133.5356,341.3,1.6,1.2,2014-08-14,0507,Aqua,MODIS,89,6.2,308.8,63.3,D,0
-11.8618,133.2482,324,1.6,1.2,2014-08-14,0507,Aqua,MODIS,65,6.2,306.6,16.3,D,0
-12.6658,135.4318,339.7,2.2,1.4,2014-08-14,0507,Aqua,MODIS,89,6.2,299.3,105.8,D,0
-11.9168,133.2577,328,1.6,1.2,2014-08-14,0507,Aqua,MODIS,67,6.2,307.8,22.1,D,0
-12.0158,134.0682,319,1.8,1.3,2014-08-14,0507,Aqua,MODIS,37,6.2,298.6,17.7,D,0
-12.0291,133.4212,331.1,1.6,1.2,2014-08-14,0507,Aqua,MODIS,79,6.2,311.1,24.4,D,0
-12.4256,133.1803,345.6,1.5,1.2,2014-08-14,0507,Aqua,MODIS,92,6.2,305.5,73.4,D,0
-12.5747,132.0655,337.4,1.3,1.1,2014-08-14,0507,Aqua,MODIS,77,6.2,308.1,34,D,0
-12.7219,132.4859,344.4,1.3,1.1,2014-08-14,0507,Aqua,MODIS,90,6.2,307.4,59.1,D,0
-12.2306,133.5266,324.5,1.6,1.2,2014-08-14,0507,Aqua,MODIS,59,6.2,309,16.6,D,0
-12.716,132.4793,362.2,1.3,1.1,2014-08-14,0507,Aqua,MODIS,100,6.2,308.2,120.4,D,0
-12.9283,132.16,326.9,1.3,1.1,2014-08-14,0507,Aqua,MODIS,41,6.2,311.3,10.2,D,0
-12.7239,132.4736,328,1.3,1.1,2014-08-14,0507,Aqua,MODIS,72,6.2,306.3,22.2,D,0
-12.8061,132.2169,324.5,1.3,1.1,2014-08-14,0507,Aqua,MODIS,52,6.2,309.4,10.4,D,0
-12.6446,135.7086,331.1,2.3,1.5,2014-08-14,0507,Aqua,MODIS,61,6.2,299,72.1,D,0
-12.6695,135.3313,321.6,2.1,1.4,2014-08-14,0507,Aqua,MODIS,57,6.2,299.7,27.9,D,0
-12.5021,135.3902,320.2,2.2,1.4,2014-08-14,0507,Aqua,MODIS,50,6.2,299.4,26.2,D,0
-12.4967,132.57,344.2,1.4,1.2,2014-08-14,0507,Aqua,MODIS,90,6.2,311,56.5,D,0
-12.7141,132.4915,334.3,1.3,1.1,2014-08-14,0507,Aqua,MODIS,82,6.2,305.6,31.4,D,0
-12.4188,131.4893,344.7,1.2,1.1,2014-08-14,0507,Aqua,MODIS,91,6.2,310.6,47.9,D,0
-12.7613,132.0491,331.2,1.3,1.1,2014-08-14,0507,Aqua,MODIS,77,6.2,309.6,23.4,D,0
-12.2387,133.6194,326.5,1.6,1.3,2014-08-14,0507,Aqua,MODIS,73,6.2,309.3,16,D,0
-12.9222,132.2669,332.1,1.3,1.1,2014-08-14,0507,Aqua,MODIS,61,6.2,312.8,22.1,D,0
-12.7589,132.1316,335,1.3,1.1,2014-08-14,0507,Aqua,MODIS,79,6.2,308,32,D,0
-12.7003,135.9886,325.7,2.4,1.5,2014-08-14,0507,Aqua,MODIS,78,6.2,281.5,75.8,D,0
-11.9977,133.1913,322.8,1.5,1.2,2014-08-14,0507,Aqua,MODIS,60,6.2,308.4,9.9,D,0
-12.4272,131.0206,334.9,1.1,1.1,2014-08-14,0507,Aqua,MODIS,83,6.2,310.9,27.2,D,0
-12.4257,131.0309,335.6,1.1,1.1,2014-08-14,0507,Aqua,MODIS,84,6.2,313.7,29.5,D,0
-12.7116,132.4842,369.6,1.3,1.1,2014-08-14,0507,Aqua,MODIS,100,6.2,307.1,156.5,D,0
-12.8707,132.3314,331,1.3,1.1,2014-08-14,0507,Aqua,MODIS,61,6.2,310.9,21.8,D,0
-12.7978,132.2035,335.9,1.3,1.1,2014-08-14,0507,Aqua,MODIS,83,6.2,306.7,33.1,D,0
-12.9294,132.2198,332.8,1.3,1.1,2014-08-14,0507,Aqua,MODIS,65,6.2,311.6,22.9,D,0
-12.6709,135.7132,329.8,2.3,1.5,2014-08-14,0507,Aqua,MODIS,24,6.2,298.9,58,D,0
-12.6532,135.975,317.8,2.4,1.5,2014-08-14,0507,Aqua,MODIS,60,6.2,292.4,38.6,D,0
-12.8688,132.3434,326.3,1.3,1.1,2014-08-14,0507,Aqua,MODIS,36,6.2,309.9,15.1,D,0
-12.924,132.2551,334.2,1.3,1.1,2014-08-14,0507,Aqua,MODIS,79,6.2,311.5,25.5,D,0
-11.8619,133.2426,324,1.6,1.2,2014-08-14,0507,Aqua,MODIS,61,6.2,306.7,15.4,D,0
-12.1923,133.5503,323.4,1.6,1.2,2014-08-14,0507,Aqua,MODIS,30,6.2,306.6,13.4,D,0
-12.7057,132.4775,337.9,1.3,1.1,2014-08-14,0507,Aqua,MODIS,85,6.2,305.3,40.8,D,0
-13.1718,134.3811,325.7,1.8,1.3,2014-08-14,0507,Aqua,MODIS,75,6.2,304.1,33.3,D,0
-12.6691,135.4121,337.5,2.2,1.4,2014-08-14,0507,Aqua,MODIS,88,6.2,301,91.3,D,0
-12.9312,132.2081,335.6,1.3,1.1,2014-08-14,0507,Aqua,MODIS,70,6.2,309.5,28.4,D,0
-12.6786,135.434,328.1,2.2,1.4,2014-08-14,0507,Aqua,MODIS,76,6.2,299.7,54.1,D,0
-12.4069,131.4806,324.3,1.2,1.1,2014-08-14,0507,Aqua,MODIS,63,6.2,307.8,13.6,D,0
-12.0785,133.3264,326.2,1.6,1.2,2014-08-14,0507,Aqua,MODIS,71,6.2,309.9,15.4,D,0
-12.2803,133.3579,322.4,1.6,1.2,2014-08-14,0507,Aqua,MODIS,50,6.2,306.7,11.1,D,0
-12.0696,136.5023,319.2,2.7,1.6,2014-08-14,0507,Aqua,MODIS,68,6.2,291,61.1,D,0
-13.0129,131.2212,329.2,1.1,1.1,2014-08-14,0507,Aqua,MODIS,72,6.2,313.1,12.5,D,0
-12.4244,133.1745,332,1.5,1.2,2014-08-14,0507,Aqua,MODIS,71,6.2,304.8,33,D,0
-12.6465,132.0589,328.7,1.3,1.1,2014-08-14,0507,Aqua,MODIS,48,6.2,312.8,12.9,D,0
-12.6436,135.9508,334.9,2.4,1.5,2014-08-14,0507,Aqua,MODIS,86,6.2,295.4,104.9,D,0
-12.769,132.1332,326.9,1.3,1.1,2014-08-14,0507,Aqua,MODIS,48,6.2,308.7,17,D,0
-12.1185,133.443,328.8,1.6,1.2,2014-08-14,0507,Aqua,MODIS,28,6.2,309.8,20.3,D,0
-12.4222,133.1882,332.8,1.5,1.2,2014-08-14,0507,Aqua,MODIS,76,6.2,307,35.4,D,0
-12.7668,132.1385,343.7,1.3,1.1,2014-08-14,0507,Aqua,MODIS,89,6.2,307.8,50.7,D,0
-12.088,133.127,335.2,1.5,1.2,2014-08-14,0507,Aqua,MODIS,83,6.2,308,40.7,D,0
-12.1825,131.2896,336.9,1.2,1.1,2014-08-14,0507,Aqua,MODIS,85,6.2,307.8,34.2,D,0
-12.4115,133.1857,324.5,1.5,1.2,2014-08-14,0507,Aqua,MODIS,58,6.2,303.7,17.7,D,0
-11.7498,130.5645,317.8,1.1,1,2014-08-14,0507,Aqua,MODIS,42,6.2,304,6.9,D,0
-11.383,130.3254,319.8,1.1,1,2014-08-14,0507,Aqua,MODIS,60,6.2,304.5,8.4,D,0
-11.7405,130.5631,317.5,1.1,1,2014-08-14,0507,Aqua,MODIS,41,6.2,303.8,7.5,D,0
-11.3809,130.2752,323.4,1.1,1,2014-08-14,0507,Aqua,MODIS,74,6.2,301.5,14.6,D,0
-11.3879,130.3319,333.5,1.1,1,2014-08-14,0507,Aqua,MODIS,83,6.2,305.8,25.3,D,0
-11.8039,130.5223,322.1,1.1,1,2014-08-14,0507,Aqua,MODIS,68,6.2,302.5,12.9,D,0
-11.8054,130.5124,319.5,1.1,1,2014-08-14,0507,Aqua,MODIS,61,6.2,303.1,9.8,D,0
-11.3894,130.3221,321.4,1.1,1,2014-08-14,0507,Aqua,MODIS,52,6.2,302.9,10,D,0
-11.718,133.0686,317.7,1.5,1.2,2014-08-14,0507,Aqua,MODIS,59,6.2,303.2,10,D,0
-11.7158,133.0824,321.4,1.5,1.2,2014-08-14,0507,Aqua,MODIS,74,6.2,304,16.7,D,0
-11.838,132.8319,318.6,1.5,1.2,2014-08-14,0507,Aqua,MODIS,30,6.2,303.3,11.7,D,0
-12.6737,130.6703,327.8,1.1,1,2014-08-14,0507,Aqua,MODIS,56,6.2,311.3,13.3,D,0
-11.132,132.5711,317.9,1.4,1.2,2014-08-14,0507,Aqua,MODIS,22,6.2,301.1,9.8,D,0
-12.5063,132.6154,331.3,1.4,1.2,2014-08-14,0507,Aqua,MODIS,76,6.2,307.1,27.1,D,0
-11.6231,132.9979,323.2,1.5,1.2,2014-08-14,0507,Aqua,MODIS,56,6.2,303.8,14.9,D,0
-11.4723,132.8834,319.5,1.5,1.2,2014-08-14,0507,Aqua,MODIS,63,6.2,303.5,12.2,D,0
-11.8123,130.7655,325.7,1.1,1.1,2014-08-14,0507,Aqua,MODIS,47,6.2,306,12.4,D,0
-11.8014,130.7741,335.6,1.1,1.1,2014-08-14,0507,Aqua,MODIS,86,6.2,308.1,26.5,D,0
-11.8029,130.764,362,1.1,1.1,2014-08-14,0507,Aqua,MODIS,94,6.2,309.7,90.1,D,0
-11.7935,130.7625,357.5,1.1,1.1,2014-08-14,0507,Aqua,MODIS,98,6.2,307.1,76.5,D,0
-12.0305,132.9171,345.3,1.5,1.2,2014-08-14,0507,Aqua,MODIS,91,6.2,308.3,69.1,D,0
-12.0326,132.9038,327.4,1.5,1.2,2014-08-14,0507,Aqua,MODIS,63,6.2,305,23.6,D,0
-12.3936,132.6359,334.4,1.4,1.2,2014-08-14,0507,Aqua,MODIS,82,6.2,303.2,37.5,D,0
-12.0563,132.9627,328.8,1.5,1.2,2014-08-14,0507,Aqua,MODIS,48,6.2,307.9,22.8,D,0
-11.5732,131.1277,336.2,1.2,1.1,2014-08-14,0507,Aqua,MODIS,85,6.2,304.3,28.8,D,0
-11.5572,131.1036,336.8,1.2,1.1,2014-08-14,0507,Aqua,MODIS,86,6.2,305.3,33.1,D,0
-11.5588,131.0931,386.4,1.2,1.1,2014-08-14,0507,Aqua,MODIS,100,6.2,310,211.2,D,0
-11.5668,131.1052,331.7,1.2,1.1,2014-08-14,0507,Aqua,MODIS,79,6.2,306.6,23.7,D,0
-11.5604,131.0826,325,1.2,1.1,2014-08-14,0507,Aqua,MODIS,69,6.2,302.4,15.5,D,0
-11.5908,131.1413,336.2,1.2,1.1,2014-08-14,0507,Aqua,MODIS,85,6.2,305.8,30.1,D,0
-11.6276,131.0931,320.3,1.2,1.1,2014-08-14,0507,Aqua,MODIS,50,6.2,307.1,8.8,D,0
-11.626,131.1037,323.4,1.2,1.1,2014-08-14,0507,Aqua,MODIS,64,6.2,305.6,12,D,0
-11.795,130.7524,339.4,1.1,1.1,2014-08-14,0507,Aqua,MODIS,57,6.2,304.5,31.3,D,0
-11.7871,130.7409,356,1.1,1,2014-08-14,0507,Aqua,MODIS,92,6.2,308.1,75.1,D,0
-11.7807,130.7437,336.6,1.1,1.1,2014-08-14,0507,Aqua,MODIS,65,6.2,306.1,32.4,D,0
-11.7822,130.7337,360,1.1,1,2014-08-14,0507,Aqua,MODIS,75,6.2,309,88.2,D,0
-11.7837,130.7236,325.5,1.1,1,2014-08-14,0507,Aqua,MODIS,46,6.2,305.1,16.9,D,0
-11.7728,130.7322,345.9,1.1,1,2014-08-14,0507,Aqua,MODIS,92,6.2,304.6,50.9,D,0
-11.7743,130.7221,354.8,1.1,1,2014-08-14,0507,Aqua,MODIS,97,6.2,306.6,74.8,D,0
-11.7758,130.712,318.9,1.1,1,2014-08-14,0507,Aqua,MODIS,50,6.2,302,10.7,D,0
-11.5748,131.1172,345.4,1.2,1.1,2014-08-14,0507,Aqua,MODIS,92,6.2,305.7,49.2,D,0
-11.6294,131.164,320.7,1.2,1.1,2014-08-14,0507,Aqua,MODIS,47,6.2,306.7,6.6,D,0
-11.6262,131.1685,321.9,1.2,1.1,2014-08-14,0507,Aqua,MODIS,51,6.2,306.5,10.7,D,0
-11.5341,131.3184,325.9,1.2,1.1,2014-08-14,0507,Aqua,MODIS,46,6.2,303.5,16.5,D,0
-11.5357,131.3077,339.8,1.2,1.1,2014-08-14,0507,Aqua,MODIS,88,6.2,304,40.6,D,0
-11.526,131.3061,320.1,1.2,1.1,2014-08-14,0507,Aqua,MODIS,26,6.2,303.3,9.8,D,0
-11.5632,131.3231,332,1.2,1.1,2014-08-14,0507,Aqua,MODIS,61,6.2,304.5,24.1,D,0
-11.8402,132.8187,329.2,1.5,1.2,2014-08-14,0507,Aqua,MODIS,76,6.2,305.3,31,D,0
-12.5849,131.2599,325.1,1.1,1.1,2014-08-14,0507,Aqua,MODIS,56,6.2,305.1,13.2,D,0
-12.5929,131.2719,343.8,1.1,1.1,2014-08-14,0507,Aqua,MODIS,90,6.2,307.5,46.7,D,0
-11.4745,132.8699,322.9,1.5,1.2,2014-08-14,0507,Aqua,MODIS,73,6.2,304.1,17.7,D,0
-11.8508,132.8204,321,1.5,1.2,2014-08-14,0507,Aqua,MODIS,53,6.2,304,15.8,D,0
-12.5865,131.2494,339.8,1.1,1.1,2014-08-14,0507,Aqua,MODIS,87,6.2,306.1,37.9,D,0
-12.3708,131.1116,321.9,1.1,1.1,2014-08-14,0507,Aqua,MODIS,40,6.2,309.9,7.1,D,0
-11.7475,130.4529,330.3,1.1,1,2014-08-14,0507,Aqua,MODIS,43,6.2,305.6,21.2,D,0
-11.7461,130.4628,336,1.1,1,2014-08-14,0507,Aqua,MODIS,84,6.2,303.5,29.5,D,0
-13.7197,130.1351,326.4,1,1,2014-08-14,0507,Aqua,MODIS,61,6.2,311.1,13.4,D,0
-11.7587,130.2096,327.6,1.1,1,2014-08-14,0507,Aqua,MODIS,76,6.2,304.9,19.2,D,0
-12.973,130.1462,327.1,1,1,2014-08-14,0507,Aqua,MODIS,69,6.2,310.1,12.5,D,0
-11.6206,130.2607,320.5,1.1,1,2014-08-14,0507,Aqua,MODIS,46,6.2,306.8,5.7,D,0
-12.9716,130.1557,322.5,1,1,2014-08-14,0507,Aqua,MODIS,41,6.2,308.7,7,D,0
-11.405,130.3446,331.7,1.1,1,2014-08-14,0507,Aqua,MODIS,77,6.2,307.1,22.1,D,0
-11.4221,130.3573,324.9,1.1,1,2014-08-14,0507,Aqua,MODIS,51,6.2,306.6,13.7,D,0
-11.7382,130.4515,345.5,1.1,1,2014-08-14,0507,Aqua,MODIS,92,6.2,302.9,50.2,D,0
-11.7321,130.4547,319.1,1.1,1,2014-08-14,0507,Aqua,MODIS,44,6.2,301.2,11.7,D,0
-12.3847,132.3553,323.2,1.3,1.1,2014-08-14,0507,Aqua,MODIS,45,6.2,306.8,15.7,D,0
-12.3628,132.6959,326.4,1.4,1.2,2014-08-14,0507,Aqua,MODIS,25,6.2,309.7,16.5,D,0
-11.7335,130.4449,320.6,1.1,1,2014-08-14,0507,Aqua,MODIS,48,6.2,297.8,13.3,D,0
-13.575,131.6072,329.7,1.2,1.1,2014-08-14,0507,Aqua,MODIS,74,6.2,309.1,18.5,D,0
-11.615,133.0033,322.8,1.5,1.2,2014-08-14,0507,Aqua,MODIS,45,6.2,305.2,13.6,D,0
-11.5732,133.0319,321.8,1.5,1.2,2014-08-14,0507,Aqua,MODIS,74,6.2,303.8,16.3,D,0
-11.5754,133.0181,337.2,1.5,1.2,2014-08-14,0507,Aqua,MODIS,88,6.2,303.9,51.6,D,0
-12.2615,133.0566,325.1,1.5,1.2,2014-08-14,0507,Aqua,MODIS,59,6.2,309.4,14.8,D,0
-12.2079,133.0282,322.6,1.5,1.2,2014-08-14,0507,Aqua,MODIS,47,6.2,308.2,14.8,D,0
-11.5841,132.9633,337.6,1.5,1.2,2014-08-14,0507,Aqua,MODIS,82,6.2,306.3,50.8,D,0
-11.5862,132.9498,343.6,1.5,1.2,2014-08-14,0507,Aqua,MODIS,92,6.2,304.4,70.2,D,0
-12.0695,133.0901,322.4,1.5,1.2,2014-08-14,0507,Aqua,MODIS,30,6.2,306.3,9.1,D,0
-12.0708,133.0959,321.1,1.5,1.2,2014-08-14,0507,Aqua,MODIS,33,6.2,305.8,8.2,D,0
-11.5819,132.977,328.2,1.5,1.2,2014-08-14,0507,Aqua,MODIS,52,6.2,305.1,25.8,D,0
-11.5927,132.9788,326.5,1.5,1.2,2014-08-14,0507,Aqua,MODIS,71,6.2,306.5,20.7,D,0
-11.834,132.8243,324.7,1.5,1.2,2014-08-14,0507,Aqua,MODIS,72,6.2,304.5,21.4,D,0
-13.5654,131.6057,343.4,1.2,1.1,2014-08-14,0507,Aqua,MODIS,89,6.2,309.4,44.8,D,0
-13.5269,131.5996,326.5,1.2,1.1,2014-08-14,0507,Aqua,MODIS,68,6.2,312.3,11.7,D,0
-13.3721,130.8607,332.4,1.1,1,2014-08-14,0507,Aqua,MODIS,58,6.2,309.6,17.5,D,0
-13.3004,131.0491,326.4,1.1,1,2014-08-14,0507,Aqua,MODIS,51,6.2,312.8,8,D,0
-12.2888,134.7889,330.8,2,1.4,2014-08-14,0507,Aqua,MODIS,81,6.2,297.7,61.4,D,0
-12.301,134.7911,318.5,2,1.4,2014-08-14,0507,Aqua,MODIS,47,6.2,298.5,23.2,D,0
-12.072,136.5078,334.6,2.7,1.6,2014-08-14,0507,Aqua,MODIS,83,6.2,291.3,128.8,D,0
-12.0861,136.5103,337.8,2.7,1.6,2014-08-14,0507,Aqua,MODIS,61,6.2,290.4,141.9,D,0
-12.1002,136.5129,341.5,2.7,1.6,2014-08-14,0507,Aqua,MODIS,87,6.2,291.5,170.4,D,0
-12.0654,136.5269,321.4,2.7,1.6,2014-08-14,0507,Aqua,MODIS,55,6.2,290.2,70.2,D,0
-12.0818,136.5352,345.6,2.7,1.6,2014-08-14,0507,Aqua,MODIS,60,6.2,290.9,197.1,D,0
-13.0362,132.3837,337.1,1.3,1.1,2014-08-14,0507,Aqua,MODIS,84,6.2,312.8,37.9,D,0
-13.0343,132.3956,357.7,1.3,1.1,2014-08-14,0507,Aqua,MODIS,98,6.2,310.6,100.3,D,0
-13.0464,132.3854,323.7,1.3,1.1,2014-08-14,0507,Aqua,MODIS,57,6.2,309,13.5,D,0
-13.0445,132.3973,330.1,1.3,1.1,2014-08-14,0507,Aqua,MODIS,75,6.2,307.9,25.6,D,0
-12.1335,134.7683,318.9,2,1.4,2014-08-14,0507,Aqua,MODIS,54,6.2,300.9,21.4,D,0
-12.6518,131.4952,331.5,1.2,1.1,2014-08-14,0507,Aqua,MODIS,40,6.2,312.2,19.9,D,0
-12.6421,131.4936,328.8,1.2,1.1,2014-08-14,0507,Aqua,MODIS,44,6.2,310,15.5,D,0
-12.6437,131.4829,334.5,1.2,1.1,2014-08-14,0507,Aqua,MODIS,79,6.2,309.8,25.1,D,0
-13.4936,130.7957,333.5,1.1,1,2014-08-14,0507,Aqua,MODIS,79,6.2,315.3,19.6,D,0
-13.3833,130.9135,331.3,1.1,1,2014-08-14,0507,Aqua,MODIS,72,6.2,310.5,15,D,0
-13.3818,130.9235,346.7,1.1,1,2014-08-14,0507,Aqua,MODIS,91,6.2,312.8,43.5,D,0
-13.3803,130.9335,332,1.1,1,2014-08-14,0507,Aqua,MODIS,76,6.2,313.3,17.1,D,0
-13.3788,130.9436,325,1.1,1,2014-08-14,0507,Aqua,MODIS,34,6.2,312,7.6,D,0
-13.2451,130.7977,335.4,1.1,1,2014-08-14,0507,Aqua,MODIS,81,6.2,311.5,22.8,D,0
-13.271,130.7983,344.1,1.1,1,2014-08-14,0507,Aqua,MODIS,86,6.2,312.9,37.5,D,0
-13.2695,130.8083,341.6,1.1,1,2014-08-14,0507,Aqua,MODIS,80,6.2,310,32.1,D,0
-13.5638,131.6163,328.8,1.2,1.1,2014-08-14,0507,Aqua,MODIS,73,6.2,307.1,17.3,D,0
-13.5973,131.6715,324.4,1.2,1.1,2014-08-14,0507,Aqua,MODIS,55,6.2,312.5,10.2,D,0
-13.3423,130.8054,331.3,1.1,1,2014-08-14,0507,Aqua,MODIS,75,6.2,310.8,19,D,0
-11.8358,133.0525,324.1,1.5,1.2,2014-08-14,0507,Aqua,MODIS,36,6.2,304.4,18.2,D,0
-11.8271,133.037,340.4,1.5,1.2,2014-08-14,0507,Aqua,MODIS,90,6.2,305.3,59.7,D,0
-11.8293,133.0233,319.5,1.5,1.2,2014-08-14,0507,Aqua,MODIS,34,6.2,302.5,13.1,D,0
-11.8163,133.0353,326.2,1.5,1.2,2014-08-14,0507,Aqua,MODIS,36,6.2,304.6,22.6,D,0
-11.8336,133.0662,325.4,1.5,1.2,2014-08-14,0507,Aqua,MODIS,62,6.2,305.5,20.7,D,0
-11.8597,133.1129,357.2,1.5,1.2,2014-08-14,0507,Aqua,MODIS,98,6.2,305.1,117.2,D,0
-11.8488,133.1111,383.5,1.5,1.2,2014-08-14,0507,Aqua,MODIS,100,6.2,311.4,282.7,D,0
-11.851,133.0972,347.3,1.5,1.2,2014-08-14,0507,Aqua,MODIS,94,6.2,304.8,74.5,D,0
-11.8401,133.0954,344.3,1.5,1.2,2014-08-14,0507,Aqua,MODIS,92,6.2,308.3,66.4,D,0
-13.3276,131.0282,326.3,1.1,1,2014-08-14,0507,Aqua,MODIS,37,6.2,313.3,6.9,D,0
-13.3261,131.0383,328.8,1.1,1,2014-08-14,0507,Aqua,MODIS,63,6.2,312.1,11,D,0
-11.3689,132.3095,326.2,1.4,1.2,2014-08-14,0507,Aqua,MODIS,74,6.2,306.4,19.8,D,0
-13.3385,131.0196,337.5,1.1,1,2014-08-14,0507,Aqua,MODIS,83,6.2,313.5,23.6,D,0
-11.1707,132.0084,319.5,1.3,1.1,2014-08-14,0507,Aqua,MODIS,0,6.2,300.9,11.3,D,0
-13.3706,130.8707,338.8,1.1,1,2014-08-14,0507,Aqua,MODIS,84,6.2,312.2,27.9,D,0
-12.2408,132.5723,337.6,1.4,1.2,2014-08-14,0507,Aqua,MODIS,85,6.2,305.9,44.5,D,0
-12.2385,132.566,338.3,1.4,1.2,2014-08-14,0507,Aqua,MODIS,86,6.2,306.2,45.4,D,0
-12.2365,132.5785,332.6,1.4,1.2,2014-08-14,0507,Aqua,MODIS,81,6.2,306,31.9,D,0
-13.588,131.6041,324.4,1.2,1.1,2014-08-14,0507,Aqua,MODIS,50,6.2,310.5,10.2,D,0
-21.6514,117.8475,322,4.7,2,2014-08-14,0643,Aqua,MODIS,71,6.2,301.8,128.7,D,0
-21.6616,117.8023,326.7,4.7,2,2014-08-14,0643,Aqua,MODIS,77,6.2,301.9,175.2,D,0
-21.6527,117.8392,327,4.7,2,2014-08-14,0643,Aqua,MODIS,78,6.2,302.2,186.5,D,0
-21.6626,117.7937,319.8,4.7,2,2014-08-14,0643,Aqua,MODIS,67,6.2,301.5,112.8,D,0
-34.4629,150.8786,302.6,1,1,2014-08-14,1247,Terra,MODIS,50,6.2,281.5,8.5,N,2
-34.4614,150.8895,301.3,1,1,2014-08-14,1247,Terra,MODIS,40,6.2,283.9,7.6,N,2
-32.0379,151.2448,300.3,1,1,2014-08-14,1248,Terra,MODIS,8,6.2,278.1,7.1,N,0
-32.0395,151.234,301.4,1,1,2014-08-14,1248,Terra,MODIS,30,6.2,278.2,7.8,N,0
-32.032,151.2217,305.1,1,1,2014-08-14,1248,Terra,MODIS,35,6.2,278.1,9.7,N,0
-32.0336,151.211,311.1,1,1,2014-08-14,1248,Terra,MODIS,82,6.2,279.1,14.1,N,0
-31.2278,152.7896,314.4,1.1,1.1,2014-08-14,1248,Terra,MODIS,89,6.2,285.3,18.1,N,0
-31.2297,152.7777,308.9,1.1,1.1,2014-08-14,1248,Terra,MODIS,70,6.2,283.9,13.1,N,0
-27.2712,151.2012,325,1.1,1,2014-08-14,1249,Terra,MODIS,100,6.2,282.5,28.1,N,0
-27.2619,151.1993,303.2,1.1,1,2014-08-14,1249,Terra,MODIS,46,6.2,281.7,8.5,N,0
-26.6554,149.6797,308.9,1,1,2014-08-14,1249,Terra,MODIS,76,6.2,284.5,11.6,N,0
-26.6569,149.6696,325.2,1,1,2014-08-14,1249,Terra,MODIS,100,6.2,285.4,26.2,N,0
-28.2062,150.3334,304,1,1,2014-08-14,1249,Terra,MODIS,58,6.2,278.8,9.5,N,0
-28.2077,150.3231,301,1,1,2014-08-14,1249,Terra,MODIS,37,6.2,278.4,7.9,N,0
-24.9265,148.5943,302.7,1,1,2014-08-14,1250,Terra,MODIS,51,6.2,283.2,7.7,N,0
-26.1928,150.3688,316.9,1,1,2014-08-14,1250,Terra,MODIS,48,6.2,286,15.4,N,0
-26.1944,150.3585,317.9,1,1,2014-08-14,1250,Terra,MODIS,56,6.2,285.7,16.7,N,0
-26.1959,150.3482,310.2,1,1,2014-08-14,1250,Terra,MODIS,43,6.2,284.9,11.3,N,0
-26.1847,150.3717,307.4,1,1,2014-08-14,1250,Terra,MODIS,71,6.2,284.7,10.6,N,0
-26.1863,150.3613,309.1,1,1,2014-08-14,1250,Terra,MODIS,76,6.2,284.7,11.2,N,0
-16.7589,136.9221,313.4,3.9,1.8,2014-08-14,1253,Terra,MODIS,87,6.2,288.4,96.7,N,0
-16.7707,136.9185,301.5,3.9,1.8,2014-08-14,1253,Terra,MODIS,42,6.2,288,37.7,N,0
-16.754,136.9164,304,3.9,1.8,2014-08-14,1253,Terra,MODIS,58,6.2,288,48.5,N,0
-12.5958,142.664,304.2,1.3,1.1,2014-08-14,1253,Terra,MODIS,55,6.2,288.7,8.8,N,0
-12.5974,142.6521,303.5,1.3,1.1,2014-08-14,1253,Terra,MODIS,56,6.2,289.2,7.6,N,0
-12.1078,142.1895,308.2,1.4,1.2,2014-08-14,1254,Terra,MODIS,74,6.2,289.1,11.3,N,0
-12.1095,142.1769,306.1,1.4,1.2,2014-08-14,1254,Terra,MODIS,66,6.2,289.1,9.1,N,0
-17.9606,125.2485,314.4,1.2,1.1,2014-08-14,1431,Terra,MODIS,86,6.2,286.3,18.9,N,0
-17.9624,125.2372,323.3,1.2,1.1,2014-08-14,1431,Terra,MODIS,100,6.2,287.1,29.4,N,0
-17.9526,125.2355,336.3,1.2,1.1,2014-08-14,1431,Terra,MODIS,100,6.2,288.3,51,N,0
-17.9446,125.2226,324.1,1.2,1.1,2014-08-14,1431,Terra,MODIS,100,6.2,288.2,30.2,N,0
-16.9396,122.7497,314.9,1,1,2014-08-14,1431,Terra,MODIS,87,6.2,285.2,15.1,N,0
-17.2253,122.2991,320.1,1,1,2014-08-14,1431,Terra,MODIS,100,6.2,288.5,19.4,N,0
-16.3943,123.8125,323.4,1.1,1,2014-08-14,1431,Terra,MODIS,34,6.2,292.4,20.2,N,0
-16.3875,123.8151,310.5,1.1,1,2014-08-14,1431,Terra,MODIS,80,6.2,290.7,11.4,N,0
-17.4659,122.2882,304.9,1,1,2014-08-14,1431,Terra,MODIS,62,6.2,287.3,7.8,N,0
-16.3904,123.7953,324.2,1.1,1,2014-08-14,1431,Terra,MODIS,100,6.2,293,24.7,N,0
-17.228,122.2804,310,1,1,2014-08-14,1431,Terra,MODIS,79,6.2,288.6,11.1,N,0
-17.4835,122.3581,314.6,1,1,2014-08-14,1431,Terra,MODIS,89,6.2,287.8,13.8,N,0
-17.2177,122.2884,318.7,1,1,2014-08-14,1431,Terra,MODIS,97,6.2,288.6,18.2,N,0
-16.3919,123.7854,305.8,1.1,1,2014-08-14,1431,Terra,MODIS,31,6.2,290.7,7.1,N,0
-16.3826,123.7838,305,1.1,1,2014-08-14,1431,Terra,MODIS,49,6.2,291.3,6.8,N,0
-16.5188,123.8492,304.4,1.1,1,2014-08-14,1431,Terra,MODIS,20,6.2,290.2,6.7,N,0
-16.508,123.8578,301.6,1.1,1,2014-08-14,1431,Terra,MODIS,17,6.2,289.6,5.1,N,0
-17.351,122.1908,317.6,1,1,2014-08-14,1431,Terra,MODIS,80,6.2,288.5,15.4,N,0
-17.342,122.1894,309.2,1,1,2014-08-14,1431,Terra,MODIS,30,6.2,288.2,8.4,N,0
-17.3434,122.18,330.1,1,1,2014-08-14,1431,Terra,MODIS,100,6.2,290.3,29.2,N,0
-17.3344,122.1786,358.6,1,1,2014-08-14,1431,Terra,MODIS,100,6.2,294.8,81.9,N,0
-17.3357,122.1692,387.7,1,1,2014-08-14,1431,Terra,MODIS,100,6.2,302.1,186.2,N,0
-16.4284,123.839,309.9,1.1,1,2014-08-14,1431,Terra,MODIS,62,6.2,290.4,9.6,N,0
-17.3267,122.1678,372.3,1,1,2014-08-14,1431,Terra,MODIS,100,6.2,294.3,123.4,N,0
-16.4191,123.8372,342.9,1.1,1,2014-08-14,1431,Terra,MODIS,100,6.2,294.1,51,N,0
-16.4098,123.8356,329,1.1,1,2014-08-14,1431,Terra,MODIS,70,6.2,293.1,27.3,N,0
-17.4198,122.16,300.2,1,1,2014-08-14,1431,Terra,MODIS,21,6.2,289.1,5,N,0
-16.4532,123.8638,301.7,1.1,1,2014-08-14,1431,Terra,MODIS,43,6.2,290.2,5.4,N,0
-17.9429,125.2338,308.9,1.2,1.1,2014-08-14,1431,Terra,MODIS,65,6.2,286.6,13.8,N,0
-17.9349,125.2209,343.8,1.2,1.1,2014-08-14,1431,Terra,MODIS,100,6.2,290.9,65.9,N,0
-17.9367,125.2098,323.8,1.2,1.1,2014-08-14,1431,Terra,MODIS,100,6.2,288.4,28.1,N,0
-17.4258,122.2472,305,1,1,2014-08-14,1431,Terra,MODIS,12,6.2,287.1,6.6,N,0
-17.4168,122.2458,304.7,1,1,2014-08-14,1431,Terra,MODIS,11,6.2,287.4,6.5,N,0
-17.9251,125.2192,318.8,1.2,1.1,2014-08-14,1431,Terra,MODIS,91,6.2,287.8,23,N,0
-17.2758,122.5238,300.1,1,1,2014-08-14,1431,Terra,MODIS,9,6.2,287.8,4.9,N,0
-17.2848,122.5252,300.3,1,1,2014-08-14,1431,Terra,MODIS,24,6.2,287.8,5.2,N,0
-17.219,122.279,331.3,1,1,2014-08-14,1431,Terra,MODIS,100,6.2,289.9,32.3,N,0
-17.3184,122.291,316.5,1,1,2014-08-14,1431,Terra,MODIS,76,6.2,290,14.5,N,0
-17.3427,122.314,309.8,1,1,2014-08-14,1431,Terra,MODIS,9,6.2,289.1,9.4,N,0
-17.335,122.3032,309.1,1,1,2014-08-14,1431,Terra,MODIS,32,6.2,289.4,9.1,N,0
-17.3274,122.2924,325.1,1,1,2014-08-14,1431,Terra,MODIS,86,6.2,289.9,22.2,N,0
-17.313,122.3285,300.2,1,1,2014-08-14,1431,Terra,MODIS,10,6.2,287.5,4.4,N,0
-17.9269,125.208,338.8,1.2,1.1,2014-08-14,1431,Terra,MODIS,100,6.2,291,54.7,N,0
-17.926,125.202,313.8,1.2,1.1,2014-08-14,1431,Terra,MODIS,88,6.2,288,19.1,N,0
-17.9242,125.2132,332.3,1.2,1.1,2014-08-14,1431,Terra,MODIS,100,6.2,290.6,45.1,N,0
-16.932,122.7389,339.5,1,1,2014-08-14,1431,Terra,MODIS,100,6.2,287.9,45.3,N,0
-16.5467,123.8538,300.8,1.1,1,2014-08-14,1431,Terra,MODIS,19,6.2,289.6,4.9,N,0
-16.5359,123.8624,303.6,1.1,1,2014-08-14,1431,Terra,MODIS,13,6.2,289.3,6.2,N,0
-16.5374,123.8523,312.1,1.1,1,2014-08-14,1431,Terra,MODIS,84,6.2,289.9,12.4,N,0
-17.4105,122.2257,307.1,1,1,2014-08-14,1431,Terra,MODIS,27,6.2,287.7,7.8,N,0
-17.2267,122.2898,323.2,1,1,2014-08-14,1431,Terra,MODIS,100,6.2,289.7,22.4,N,0
-16.941,122.7403,312.7,1,1,2014-08-14,1431,Terra,MODIS,85,6.2,284.5,13.6,N,0
-16.9487,122.7512,306.4,1,1,2014-08-14,1431,Terra,MODIS,66,6.2,283.2,9.5,N,0
-17.5974,123.8985,311.4,1.1,1,2014-08-14,1431,Terra,MODIS,82,6.2,287.6,13,N,0
-16.3218,128.292,300.7,2,1.4,2014-08-14,1431,Terra,MODIS,33,6.2,288.2,14.4,N,0
-16.3205,128.2859,302.8,2,1.4,2014-08-14,1431,Terra,MODIS,51,6.2,288.5,16.6,N,0
-12.1662,131.2892,310.1,4.1,1.9,2014-08-14,1432,Terra,MODIS,69,6.2,289.5,83,N,0
-13.1451,141.9233,302.1,1,1,2014-08-14,1557,Aqua,MODIS,27,6.2,289.5,4,N,0
-13.1165,141.9182,300.3,1,1,2014-08-14,1557,Aqua,MODIS,21,6.2,289.7,3.4,N,0
-13.1179,141.9275,300.2,1,1,2014-08-14,1557,Aqua,MODIS,20,6.2,289.7,3.4,N,0
-17.5036,138.2807,305.5,1.3,1.1,2014-08-14,1558,Aqua,MODIS,64,6.2,289.2,11.2,N,0
-17.3667,137.267,301.7,1.5,1.2,2014-08-14,1558,Aqua,MODIS,44,6.2,287.1,11.2,N,0
-20.7316,139.4826,300.2,1.1,1,2014-08-14,1559,Aqua,MODIS,21,6.2,283.3,7.2,N,2
-17.2255,122.2891,309.1,1.7,1.3,2014-08-14,1736,Aqua,MODIS,73,6.2,288.1,22.6,N,0
-16.9266,122.7393,307.6,1.8,1.3,2014-08-14,1736,Aqua,MODIS,72,6.2,285.8,25.1,N,0
-16.4033,123.8286,307.4,2.2,1.4,2014-08-14,1736,Aqua,MODIS,45,6.2,289.5,24,N,0
-16.3904,123.8305,335.9,2.2,1.4,2014-08-14,1736,Aqua,MODIS,100,6.2,292.4,113.6,N,0
-16.3881,123.8099,321.8,2.2,1.4,2014-08-14,1736,Aqua,MODIS,100,6.2,290.4,60.5,N,0
-17.2139,122.2906,302.2,1.7,1.3,2014-08-14,1736,Aqua,MODIS,22,6.2,286.9,13.2,N,0
-17.2158,122.3067,300.5,1.7,1.3,2014-08-14,1736,Aqua,MODIS,3,6.2,286.3,11.1,N,0
-17.3748,122.2089,300,1.7,1.3,2014-08-14,1737,Aqua,MODIS,2,6.2,287.1,9,N,0
-17.348,122.1801,329.8,1.7,1.3,2014-08-14,1737,Aqua,MODIS,100,6.2,290.2,60.5,N,0
-17.3524,122.2007,308.6,1.7,1.3,2014-08-14,1737,Aqua,MODIS,52,6.2,287.5,18.8,N,0
-17.3499,122.196,324.9,1.7,1.3,2014-08-14,1737,Aqua,MODIS,85,6.2,289.2,47.8,N,0
-17.4114,122.2204,303.5,1.7,1.3,2014-08-14,1737,Aqua,MODIS,39,6.2,287.3,14.1,N,0
-17.3505,122.1848,326.9,1.7,1.3,2014-08-14,1737,Aqua,MODIS,100,6.2,289.2,55.3,N,0
-17.3448,122.234,306.1,1.7,1.3,2014-08-14,1737,Aqua,MODIS,41,6.2,287.7,16.3,N,0
-17.339,122.1863,339.1,1.7,1.3,2014-08-14,1737,Aqua,MODIS,100,6.2,291,89,N,0
-17.3159,122.1892,309,1.7,1.3,2014-08-14,1737,Aqua,MODIS,48,6.2,287.4,20.9,N,0
-17.3158,122.2865,314.8,1.7,1.3,2014-08-14,1737,Aqua,MODIS,83,6.2,288.3,30.1,N,0
-17.4172,122.1711,300.7,1.7,1.3,2014-08-14,1737,Aqua,MODIS,28,6.2,288.3,11.3,N,0
-17.373,122.193,301.9,1.7,1.3,2014-08-14,1737,Aqua,MODIS,27,6.2,287.5,11.1,N,0
-21.6376,117.8352,305,1.1,1,2014-08-14,1738,Aqua,MODIS,59,6.2,285.8,8.9,N,0
-32.2507,116.3297,302,1.2,1.1,2014-08-14,1741,Aqua,MODIS,46,6.2,282.3,9.6,N,0
-27.5736,150.2399,315.3,1.8,1.3,2014-08-14,2347,Terra,MODIS,76,6.2,281.4,36.3,D,0
-27.8942,150.3332,307.5,1.8,1.3,2014-08-14,2347,Terra,MODIS,62,6.2,289.9,13.9,D,0
-26.6569,149.6831,306.8,2.1,1.4,2014-08-14,2347,Terra,MODIS,47,6.2,289.9,18.1,D,0
-26.1885,150.3353,305.5,1.9,1.4,2014-08-14,2347,Terra,MODIS,61,6.2,285.3,19.5,D,0
-26.1922,150.3544,312,1.9,1.4,2014-08-14,2347,Terra,MODIS,72,6.2,284.7,31.7,D,0
-27.2692,151.2059,300.7,1.6,1.2,2014-08-14,2347,Terra,MODIS,37,6.2,276,9.1,D,0
-26.6562,149.6764,307.8,2.1,1.4,2014-08-14,2347,Terra,MODIS,47,6.2,289,18.3,D,0
-27.5771,150.2583,340.8,1.8,1.3,2014-08-14,2347,Terra,MODIS,92,6.2,282.2,112.4,D,0
-31.227,152.789,306.5,1.1,1.1,2014-08-14,2348,Terra,MODIS,54,6.2,288.7,8.5,D,0
-31.7641,151.4482,328.3,1.3,1.1,2014-08-14,2348,Terra,MODIS,86,6.2,285.8,41.4,D,0
-30.7802,151.0766,301,1.4,1.2,2014-08-14,2348,Terra,MODIS,33,6.2,285.5,8.2,D,0
-31.2366,152.7872,306.1,1.1,1.1,2014-08-14,2348,Terra,MODIS,61,6.2,288.3,8.4,D,0
-32.0354,151.2334,307.9,1.3,1.1,2014-08-14,2349,Terra,MODIS,44,6.2,288.9,12.3,D,0
-32.0304,151.2056,309.5,1.3,1.1,2014-08-14,2349,Terra,MODIS,56,6.2,289,14.3,D,0
-32.0328,151.2192,303.2,1.3,1.1,2014-08-14,2349,Terra,MODIS,17,6.2,288.7,8.7,D,0
-35.3673,149.944,361.5,1.3,1.1,2014-08-14,2350,Terra,MODIS,100,6.2,286.8,142.1,D,0
-35.3646,149.9296,338.7,1.3,1.1,2014-08-14,2350,Terra,MODIS,91,6.2,286.1,66.6,D,0
-12.7148,132.4799,325.6,1.2,1.1,2014-08-15,0122,Terra,MODIS,74,6.2,303.8,18.8,D,0
-11.8735,133.2718,324.5,1.1,1.1,2014-08-15,0122,Terra,MODIS,73,6.2,303.6,14.5,D,0
-12.7752,135.4715,352.3,1,1,2014-08-15,0122,Terra,MODIS,96,6.2,303.2,58.5,D,0
-12.7131,132.4691,319.1,1.2,1.1,2014-08-15,0122,Terra,MODIS,9,6.2,303.5,10,D,0
-11.8611,133.1277,323.9,1.1,1.1,2014-08-15,0122,Terra,MODIS,56,6.2,302.8,11.3,D,0
-12.4713,134.8475,320.1,1,1,2014-08-15,0122,Terra,MODIS,43,6.2,298.8,9.5,D,0
-12.0872,133.1154,322.6,1.1,1.1,2014-08-15,0122,Terra,MODIS,61,6.2,306.1,10.3,D,0
-12.2873,134.9718,332.5,1,1,2014-08-15,0122,Terra,MODIS,83,6.2,300.3,26.2,D,0
-12.1776,136.2357,314.6,1,1,2014-08-15,0122,Terra,MODIS,52,6.2,298.2,5.9,D,0
-12.7068,132.4922,328.1,1.2,1.1,2014-08-15,0122,Terra,MODIS,68,6.2,303,19.9,D,0
-12.9311,132.1661,323.1,1.2,1.1,2014-08-15,0122,Terra,MODIS,51,6.2,306.5,10.3,D,0
-12.6773,136.0016,321.1,1,1,2014-08-15,0122,Terra,MODIS,49,6.2,302.3,10,D,0
-12.6335,132.0358,322,1.3,1.1,2014-08-15,0122,Terra,MODIS,47,6.2,304.4,11.3,D,0
-12.0445,134.1551,318.7,1,1,2014-08-15,0122,Terra,MODIS,51,6.2,302.6,7.8,D,0
-12.6797,135.9538,319.8,1,1,2014-08-15,0122,Terra,MODIS,63,6.2,300.2,9.7,D,0
-12.7864,132.225,352.1,1.2,1.1,2014-08-15,0122,Terra,MODIS,96,6.2,307,76.4,D,0
-12.0731,133.4332,334.6,1.1,1,2014-08-15,0122,Terra,MODIS,84,6.2,307.1,24.1,D,0
-12.3708,134.7286,314.8,1,1,2014-08-15,0122,Terra,MODIS,36,6.2,300.2,4.9,D,0
-12.1556,131.3025,313.5,1.4,1.2,2014-08-15,0122,Terra,MODIS,20,6.2,300.2,6.8,D,0
-12.6357,135.9662,322.1,1,1,2014-08-15,0122,Terra,MODIS,62,6.2,303.2,11,D,0
-12.7847,132.2139,323.9,1.2,1.1,2014-08-15,0122,Terra,MODIS,57,6.2,304.9,15.5,D,0
-11.8721,133.1365,322.8,1.1,1.1,2014-08-15,0122,Terra,MODIS,38,6.2,302.3,10.3,D,0
-12.6107,132.022,341.8,1.3,1.1,2014-08-15,0122,Terra,MODIS,90,6.2,304.9,47.9,D,0
-11.9994,134.1584,329.7,1,1,2014-08-15,0122,Terra,MODIS,0,6.2,301,18.6,D,0
-12.6007,132.0236,322.4,1.3,1.1,2014-08-15,0122,Terra,MODIS,38,6.2,305.9,12.2,D,0
-12.0019,134.0516,336.8,1,1,2014-08-15,0122,Terra,MODIS,86,6.2,301.9,29.5,D,0
-11.8421,133.1307,340.9,1.1,1.1,2014-08-15,0122,Terra,MODIS,89,6.2,303.9,39.6,D,0
-12.7863,135.4826,321.6,1,1,2014-08-15,0122,Terra,MODIS,29,6.2,302,9.5,D,0
-12.3694,134.7195,331.2,1,1,2014-08-15,0122,Terra,MODIS,82,6.2,301.2,22.9,D,0
-12.7849,135.4734,338.5,1,1,2014-08-15,0122,Terra,MODIS,88,6.2,304.1,31.4,D,0
-12.694,135.7341,329.2,1,1,2014-08-15,0122,Terra,MODIS,69,6.2,301.8,18.1,D,0
-12.5178,135.41,333.9,1,1,2014-08-15,0122,Terra,MODIS,85,6.2,302.4,23.9,D,0
-12.6762,132.111,325.3,1.2,1.1,2014-08-15,0122,Terra,MODIS,72,6.2,304.4,18.8,D,0
-13.0328,136.103,314.3,1,1,2014-08-15,0122,Terra,MODIS,45,6.2,299.8,5.5,D,0
-12.0085,134.157,325.7,1,1,2014-08-15,0122,Terra,MODIS,71,6.2,302.7,14.1,D,0
-12.6864,136.0003,319.6,1,1,2014-08-15,0122,Terra,MODIS,40,6.2,302.4,8.5,D,0
-12.1742,133.553,329.3,1.1,1,2014-08-15,0122,Terra,MODIS,79,6.2,305.7,18.5,D,0
-12.637,135.9755,335.7,1,1,2014-08-15,0122,Terra,MODIS,86,6.2,302.4,27.3,D,0
-12.0839,133.4417,327.8,1.1,1,2014-08-15,0122,Terra,MODIS,77,6.2,307.3,13.4,D,0
-12.5989,131.6291,314.4,1.3,1.1,2014-08-15,0122,Terra,MODIS,48,6.2,302,9.8,D,0
-11.9699,134.7579,324.8,1,1,2014-08-15,0122,Terra,MODIS,51,6.2,298,14.9,D,0
-12.8994,132.2919,322,1.2,1.1,2014-08-15,0122,Terra,MODIS,47,6.2,305,11.2,D,0
-13.1572,134.3829,316.3,1,1,2014-08-15,0122,Terra,MODIS,35,6.2,301.1,5.7,D,0
-12.7245,132.4783,315.1,1.2,1.1,2014-08-15,0122,Terra,MODIS,20,6.2,302.7,6.3,D,0
-14.516,134.8509,343.9,1,1,2014-08-15,0122,Terra,MODIS,92,6.2,303.8,42.6,D,0
-12.4142,131.4951,320.2,1.4,1.2,2014-08-15,0122,Terra,MODIS,47,6.2,302.2,15.6,D,0
-12.0406,136.4988,332,1,1,2014-08-15,0122,Terra,MODIS,82,6.2,298.3,25.6,D,0
-12.5954,135.3737,320.9,1,1,2014-08-15,0122,Terra,MODIS,47,6.2,304.2,6.8,D,0
-12.0497,136.4975,336.4,1,1,2014-08-15,0122,Terra,MODIS,85,6.2,296.7,31.5,D,0
-12.4312,133.1775,321.8,1.1,1,2014-08-15,0122,Terra,MODIS,51,6.2,306.4,10.2,D,0
-14.4114,135.0146,320,1,1,2014-08-15,0122,Terra,MODIS,56,6.2,301.5,9.2,D,0
-12.7026,135.667,320.9,1,1,2014-08-15,0122,Terra,MODIS,63,6.2,302.7,9.7,D,0
-12.181,134.386,317.3,1,1,2014-08-15,0122,Terra,MODIS,45,6.2,300.7,7,D,0
-12.9329,132.1773,326,1.2,1.1,2014-08-15,0122,Terra,MODIS,59,6.2,306.4,15,D,0
-12.7034,132.4706,367.2,1.2,1.1,2014-08-15,0122,Terra,MODIS,100,6.2,305.6,124.3,D,0
-12.0824,133.4318,333,1.1,1,2014-08-15,0122,Terra,MODIS,82,6.2,305.3,21.1,D,0
-12.678,132.1223,324.3,1.2,1.1,2014-08-15,0122,Terra,MODIS,64,6.2,303.4,17.8,D,0
-12.6384,135.9848,345.5,1,1,2014-08-15,0122,Terra,MODIS,93,6.2,303,43.3,D,0
-12.379,131.4752,318.3,1.4,1.2,2014-08-15,0122,Terra,MODIS,45,6.2,302,13.3,D,0
-12.6837,135.7262,329.7,1,1,2014-08-15,0122,Terra,MODIS,77,6.2,303.1,18.4,D,0
-12.6823,135.717,320.4,1,1,2014-08-15,0122,Terra,MODIS,43,6.2,300.1,8.9,D,0
-12.5075,135.4022,323,1,1,2014-08-15,0122,Terra,MODIS,51,6.2,302.7,10.9,D,0
-14.4217,135.0224,322.5,1,1,2014-08-15,0122,Terra,MODIS,67,6.2,302.7,11.2,D,0
-12.932,132.2347,330.5,1.2,1.1,2014-08-15,0122,Terra,MODIS,40,6.2,307.5,23.2,D,0
-11.8759,133.1299,319.3,1.1,1.1,2014-08-15,0122,Terra,MODIS,53,6.2,303.2,8.8,D,0
-12.672,135.7091,334,1,1,2014-08-15,0122,Terra,MODIS,85,6.2,301.2,25,D,0
-12.7739,135.4624,319,1,1,2014-08-15,0122,Terra,MODIS,65,6.2,302,8.1,D,0
-12.5165,135.4009,339.6,1,1,2014-08-15,0122,Terra,MODIS,89,6.2,304.7,31.8,D,0
-11.8706,133.1262,345.7,1.1,1.1,2014-08-15,0122,Terra,MODIS,92,6.2,304.4,49.8,D,0
-12.6729,135.3371,325.7,1,1,2014-08-15,0122,Terra,MODIS,75,6.2,305.9,13,D,0
-12.0263,136.5298,334.4,1,1,2014-08-15,0122,Terra,MODIS,52,6.2,299.9,26.7,D,0
-14.4127,135.0238,318,1,1,2014-08-15,0122,Terra,MODIS,30,6.2,302.7,7,D,0
-11.8641,133.2733,317.2,1.1,1.1,2014-08-15,0122,Terra,MODIS,23,6.2,302.1,6.2,D,0
-12.0419,136.5082,336.5,1,1,2014-08-15,0122,Terra,MODIS,82,6.2,299.7,30.6,D,0
-12.4638,133.8848,320,1,1,2014-08-15,0122,Terra,MODIS,54,6.2,302.2,10,D,0
-12.4517,133.8671,322.8,1,1,2014-08-15,0122,Terra,MODIS,69,6.2,302.1,13.2,D,0
-13.1662,134.3815,316.7,1,1,2014-08-15,0122,Terra,MODIS,25,6.2,302.6,5.7,D,0
-12.6733,135.7183,341.6,1,1,2014-08-15,0122,Terra,MODIS,90,6.2,303.2,36.4,D,0
-12.0511,136.5069,331,1,1,2014-08-15,0122,Terra,MODIS,59,6.2,300.8,21.8,D,0
-14.4204,135.0132,318.6,1,1,2014-08-15,0122,Terra,MODIS,49,6.2,301.8,7.7,D,0
-12.8903,135.3763,317.1,1,1,2014-08-15,0122,Terra,MODIS,56,6.2,301.8,5.9,D,0
-12.4711,133.9322,318.2,1,1,2014-08-15,0122,Terra,MODIS,62,6.2,302.6,7.9,D,0
-12.7013,135.6577,335.3,1,1,2014-08-15,0122,Terra,MODIS,86,6.2,302.3,27.6,D,0
-14.5147,134.8417,324.8,1,1,2014-08-15,0122,Terra,MODIS,76,6.2,301.2,14.9,D,0
-12.4503,133.8575,320.3,1,1,2014-08-15,0122,Terra,MODIS,67,6.2,300.5,11.1,D,0
-12.0158,136.5217,321.9,1,1,2014-08-15,0122,Terra,MODIS,37,6.2,298.8,12.8,D,0
-12.8029,135.4708,325,1,1,2014-08-15,0122,Terra,MODIS,73,6.2,301.4,13.8,D,0
-12.4317,133.8472,321.1,1,1,2014-08-15,0122,Terra,MODIS,53,6.2,299.1,11.9,D,0
-12.3939,131.1364,318,1.4,1.2,2014-08-15,0122,Terra,MODIS,60,6.2,301.4,14.2,D,0
-12.5268,135.4087,322.1,1,1,2014-08-15,0122,Terra,MODIS,40,6.2,302.3,9.4,D,0
-12.2471,134.3949,330.9,1,1,2014-08-15,0122,Terra,MODIS,81,6.2,303.2,20.7,D,0
-12.7051,132.4814,381.4,1.2,1.1,2014-08-15,0122,Terra,MODIS,100,6.2,309.1,191,D,0
-12.4423,133.8554,333,1,1,2014-08-15,0122,Terra,MODIS,80,6.2,300.7,25.5,D,0
-14.1145,132.801,320.8,1.1,1,2014-08-15,0122,Terra,MODIS,69,6.2,306.8,8.4,D,0
-12.2705,132.6487,321.6,1.2,1.1,2014-08-15,0122,Terra,MODIS,49,6.2,303.9,12.6,D,0
-11.8165,133.0288,353.3,1.1,1.1,2014-08-15,0122,Terra,MODIS,96,6.2,306.9,72.8,D,0
-11.8149,133.0184,354,1.1,1.1,2014-08-15,0122,Terra,MODIS,97,6.2,304,75.2,D,0
-11.807,133.0303,317.8,1.1,1.1,2014-08-15,0122,Terra,MODIS,31,6.2,302.1,7.5,D,0
-11.5793,133.004,326.2,1.2,1.1,2014-08-15,0122,Terra,MODIS,71,6.2,301.7,17.3,D,0
-11.5809,133.0144,324.5,1.1,1.1,2014-08-15,0122,Terra,MODIS,65,6.2,302.1,15.3,D,0
-13.5607,131.6176,315.6,1.3,1.1,2014-08-15,0122,Terra,MODIS,31,6.2,302.2,6.7,D,0
-12.2946,134.7743,321.7,1,1,2014-08-15,0122,Terra,MODIS,59,6.2,298.7,11.9,D,0
-12.296,134.7835,319.4,1,1,2014-08-15,0122,Terra,MODIS,51,6.2,300.6,9.7,D,0
-13.2458,130.801,316.1,1.5,1.2,2014-08-15,0122,Terra,MODIS,23,6.2,302.7,8.8,D,0
-13.3326,131.0376,320.4,1.4,1.2,2014-08-15,0122,Terra,MODIS,68,6.2,303.9,14.3,D,0
-13.248,130.8145,318.2,1.5,1.2,2014-08-15,0122,Terra,MODIS,63,6.2,302.5,12.1,D,0
-13.2501,130.8277,316.6,1.5,1.2,2014-08-15,0122,Terra,MODIS,44,6.2,301.7,8.6,D,0
-13.2506,130.8073,319.2,1.5,1.2,2014-08-15,0122,Terra,MODIS,32,6.2,302.6,12.6,D,0
-12.1267,135.4435,326.1,1,1,2014-08-15,0122,Terra,MODIS,78,6.2,300.8,17.6,D,0
-12.5777,131.7563,324.6,1.3,1.1,2014-08-15,0122,Terra,MODIS,75,6.2,300.4,20.3,D,0
-12.1281,135.4526,319.9,1,1,2014-08-15,0122,Terra,MODIS,70,6.2,298.7,11.2,D,0
-13.3874,130.9421,316.5,1.4,1.2,2014-08-15,0122,Terra,MODIS,46,6.2,303.1,10.3,D,0
-12.2993,134.8672,314.4,1,1,2014-08-15,0122,Terra,MODIS,44,6.2,293.4,7.8,D,0
-12.6519,132.1497,320.5,1.2,1.1,2014-08-15,0122,Terra,MODIS,43,6.2,304.9,11.1,D,0
-12.6537,132.1609,320.8,1.2,1.1,2014-08-15,0122,Terra,MODIS,49,6.2,302.7,12.9,D,0
-13.8281,136.5871,321.7,1.1,1,2014-08-15,0122,Terra,MODIS,40,6.2,295.7,12.7,D,0
-13.6076,132.2953,318.1,1.2,1.1,2014-08-15,0122,Terra,MODIS,44,6.2,305.3,9.5,D,0
-13.6173,132.2937,317.9,1.2,1.1,2014-08-15,0122,Terra,MODIS,26,6.2,304.7,8.5,D,0
-13.6867,132.2758,320.2,1.2,1.1,2014-08-15,0122,Terra,MODIS,49,6.2,304.8,11,D,0
-12.7979,131.2176,315.6,1.4,1.2,2014-08-15,0122,Terra,MODIS,49,6.2,301.9,10.5,D,0
-12.3624,135.2311,322.4,1,1,2014-08-15,0122,Terra,MODIS,67,6.2,303,10.5,D,0
-13.3831,130.9159,317,1.4,1.2,2014-08-15,0122,Terra,MODIS,42,6.2,303.3,9.8,D,0
-13.3853,130.929,318.2,1.4,1.2,2014-08-15,0122,Terra,MODIS,62,6.2,303.4,12.7,D,0
-12.6264,131.492,321,1.4,1.2,2014-08-15,0122,Terra,MODIS,52,6.2,303.3,14.3,D,0
-12.6309,131.4979,331,1.4,1.2,2014-08-15,0122,Terra,MODIS,75,6.2,303.6,31.6,D,0
-11.5766,133.011,350.8,1.2,1.1,2014-08-15,0122,Terra,MODIS,95,6.2,303.3,66.5,D,0
-11.3711,132.9373,315.4,1.2,1.1,2014-08-15,0122,Terra,MODIS,0,6.2,299.6,7.1,D,0
-13.4992,134.2675,316.2,1,1,2014-08-15,0122,Terra,MODIS,42,6.2,302.9,5.9,D,0
-13.8286,131.7585,316.7,1.3,1.1,2014-08-15,0122,Terra,MODIS,51,6.2,302.2,9.4,D,0
-13.7978,131.8874,317,1.2,1.1,2014-08-15,0122,Terra,MODIS,38,6.2,304.3,6.9,D,0
-12.6718,131.5099,323.8,1.4,1.2,2014-08-15,0122,Terra,MODIS,74,6.2,303.1,19.7,D,0
-12.6511,131.5134,344.8,1.4,1.2,2014-08-15,0122,Terra,MODIS,92,6.2,303.9,63.8,D,0
-12.6284,131.5044,322.9,1.4,1.2,2014-08-15,0122,Terra,MODIS,67,6.2,302.5,17.8,D,0
-12.3289,132.705,323.6,1.2,1.1,2014-08-15,0122,Terra,MODIS,56,6.2,306.4,14.1,D,0
-13.8984,131.1144,331.7,1.4,1.2,2014-08-15,0122,Terra,MODIS,83,6.2,305.3,34.2,D,0
-11.5726,132.962,323.8,1.2,1.1,2014-08-15,0122,Terra,MODIS,61,6.2,302,14.9,D,0
-13.2362,132.2796,319.1,1.2,1.1,2014-08-15,0122,Terra,MODIS,59,6.2,303.7,11,D,0
-14.1343,132.7704,318.1,1.1,1.1,2014-08-15,0122,Terra,MODIS,63,6.2,305.7,6.1,D,0
-13.9986,132.184,320.5,1.2,1.1,2014-08-15,0122,Terra,MODIS,69,6.2,306.1,9.2,D,0
-11.828,132.8273,323.3,1.2,1.1,2014-08-15,0122,Terra,MODIS,48,6.2,302.9,14.9,D,0
-11.824,132.8231,322.2,1.2,1.1,2014-08-15,0122,Terra,MODIS,49,6.2,302.4,12.1,D,0
-12.0007,132.9016,331.4,1.2,1.1,2014-08-15,0122,Terra,MODIS,80,6.2,305.6,23.6,D,0
-12.0919,133.0832,327,1.1,1.1,2014-08-15,0122,Terra,MODIS,72,6.2,304.6,16,D,0
-12.0903,133.0729,322.3,1.1,1.1,2014-08-15,0122,Terra,MODIS,46,6.2,305.3,10,D,0
-12.0821,136.3417,321.9,1,1,2014-08-15,0122,Terra,MODIS,56,6.2,301.2,11.9,D,0
-12.0888,136.3887,318.8,1,1,2014-08-15,0122,Terra,MODIS,70,6.2,299.8,10.1,D,0
-12.0902,136.3982,330,1,1,2014-08-15,0122,Terra,MODIS,83,6.2,300.8,23.3,D,0
-13.3462,130.8262,316,1.5,1.2,2014-08-15,0122,Terra,MODIS,36,6.2,301.4,8.4,D,0
-13.3493,130.8038,317,1.5,1.2,2014-08-15,0122,Terra,MODIS,51,6.2,302,9.6,D,0
-13.6094,132.3062,318.8,1.2,1.1,2014-08-15,0122,Terra,MODIS,55,6.2,302,11,D,0
-13.0186,132.4007,325.6,1.2,1.1,2014-08-15,0122,Terra,MODIS,74,6.2,305.6,17.8,D,0
-11.8054,133.0199,316,1.1,1.1,2014-08-15,0122,Terra,MODIS,40,6.2,300.9,6.2,D,0
-12.0853,136.5505,325.1,1,1,2014-08-15,0122,Terra,MODIS,74,6.2,300.2,13,D,0
-12.0867,136.56,318.1,1,1,2014-08-15,0122,Terra,MODIS,42,6.2,298.4,6.6,D,0
-12.1009,136.5288,335.2,1,1,2014-08-15,0122,Terra,MODIS,87,6.2,301.3,24.8,D,0
-12.0707,136.5137,329.9,1,1,2014-08-15,0122,Terra,MODIS,67,6.2,301,17.7,D,0
-12.0799,136.5124,339.3,1,1,2014-08-15,0122,Terra,MODIS,89,6.2,300.7,32.6,D,0
-12.0812,136.5219,328.7,1,1,2014-08-15,0122,Terra,MODIS,66,6.2,301.5,15.6,D,0
-12.0904,136.5206,321,1,1,2014-08-15,0122,Terra,MODIS,53,6.2,299.8,7.9,D,0
-12.0995,136.5193,332,1,1,2014-08-15,0122,Terra,MODIS,77,6.2,301.3,20.6,D,0
-11.4275,132.8346,316.9,1.2,1.1,2014-08-15,0122,Terra,MODIS,46,6.2,301.5,7.3,D,0
-12.2078,136.5788,316.2,1,1,2014-08-15,0122,Terra,MODIS,38,6.2,300.4,7.5,D,0
-12.2092,136.5883,328,1,1,2014-08-15,0122,Terra,MODIS,61,6.2,299.6,20.5,D,0
-12.3571,132.3603,319,1.2,1.1,2014-08-15,0122,Terra,MODIS,35,6.2,302.8,13.8,D,0
-11.4005,130.355,317,1.7,1.3,2014-08-15,0122,Terra,MODIS,63,6.2,299.3,20.9,D,0
-13.0387,130.3049,327,1.6,1.2,2014-08-15,0122,Terra,MODIS,77,6.2,296.3,43.4,D,0
-13.8823,130.1118,318.7,1.6,1.2,2014-08-15,0122,Terra,MODIS,46,6.2,300.4,19.3,D,0
-13.881,130.1037,319.1,1.6,1.2,2014-08-15,0122,Terra,MODIS,50,6.2,301,18.2,D,0
-11.728,130.4542,324.6,1.7,1.3,2014-08-15,0122,Terra,MODIS,43,6.2,297.2,32.2,D,0
-11.7283,130.4628,320.7,1.7,1.3,2014-08-15,0122,Terra,MODIS,60,6.2,297.5,25.6,D,0
-11.7396,130.461,323.7,1.7,1.3,2014-08-15,0122,Terra,MODIS,72,6.2,299,31.9,D,0
-12.3883,132.3666,325.5,1.2,1.1,2014-08-15,0122,Terra,MODIS,58,6.2,305,19.9,D,0
-13.0363,130.2901,317.8,1.6,1.3,2014-08-15,0122,Terra,MODIS,60,6.2,295.8,24.3,D,0
-11.398,130.3395,317.2,1.7,1.3,2014-08-15,0122,Terra,MODIS,67,6.2,298,21.5,D,0
-14.0659,129.6911,324.4,1.7,1.3,2014-08-15,0122,Terra,MODIS,77,6.2,300.3,35.4,D,0
-14.0633,129.6754,353.2,1.7,1.3,2014-08-15,0122,Terra,MODIS,97,6.2,301.9,139.3,D,0
-12.5218,132.1718,327.8,1.2,1.1,2014-08-15,0122,Terra,MODIS,69,6.2,304,23.8,D,0
-13.0839,130.8474,318.7,1.5,1.2,2014-08-15,0122,Terra,MODIS,63,6.2,306.3,11.2,D,0
-12.0261,132.9131,322.8,1.1,1.1,2014-08-15,0122,Terra,MODIS,56,6.2,305.2,12.2,D,0
-12.0244,132.9026,325,1.2,1.1,2014-08-15,0122,Terra,MODIS,62,6.2,305.3,15.2,D,0
-12.889,135.3672,316.4,1,1,2014-08-15,0122,Terra,MODIS,57,6.2,301.9,5.4,D,0
-12.9123,135.2141,321.3,1,1,2014-08-15,0122,Terra,MODIS,71,6.2,302,10.9,D,0
-12.6845,131.4568,316.3,1.4,1.2,2014-08-15,0122,Terra,MODIS,53,6.2,303.8,11.2,D,0
-12.7375,135.4022,316.6,1,1,2014-08-15,0122,Terra,MODIS,40,6.2,302.8,5.3,D,0
-12.568,132.076,338.2,1.3,1.1,2014-08-15,0122,Terra,MODIS,88,6.2,305.4,42.7,D,0
-12.5699,132.0875,316.6,1.3,1.1,2014-08-15,0122,Terra,MODIS,51,6.2,303.2,6.4,D,0
-12.6865,131.4692,325.3,1.4,1.2,2014-08-15,0122,Terra,MODIS,76,6.2,302.4,24.6,D,0
-13.0069,131.2359,323.7,1.4,1.2,2014-08-15,0122,Terra,MODIS,72,6.2,305.4,18.7,D,0
-14.5275,133.0887,336.2,1.1,1,2014-08-15,0122,Terra,MODIS,86,6.2,305.5,29.2,D,0
-14.529,133.0985,349.8,1.1,1,2014-08-15,0122,Terra,MODIS,95,6.2,307.5,56.1,D,0
-12.7732,135.7726,314.4,1,1,2014-08-15,0122,Terra,MODIS,38,6.2,299.1,5.4,D,0
-12.7718,135.7634,316.9,1,1,2014-08-15,0122,Terra,MODIS,56,6.2,299.9,7.3,D,0
-12.5099,132.6199,324,1.2,1.1,2014-08-15,0122,Terra,MODIS,74,6.2,305.9,13.7,D,0
-12.5116,132.6306,319.1,1.2,1.1,2014-08-15,0122,Terra,MODIS,41,6.2,304.8,8.2,D,0
-12.57,131.7637,344.6,1.3,1.1,2014-08-15,0122,Terra,MODIS,92,6.2,305,62.8,D,0
-11.5212,131.3032,356.2,1.5,1.2,2014-08-15,0122,Terra,MODIS,98,6.2,300.4,119.7,D,0
-11.7908,130.7683,323.6,1.6,1.2,2014-08-15,0122,Terra,MODIS,77,6.2,300.8,27.4,D,0
-11.5555,131.1046,338,1.5,1.2,2014-08-15,0122,Terra,MODIS,88,6.2,300.9,58.4,D,0
-11.5578,131.0982,321.9,1.5,1.2,2014-08-15,0122,Terra,MODIS,74,6.2,300.7,22.6,D,0
-11.5601,131.1119,328.8,1.5,1.2,2014-08-15,0122,Terra,MODIS,81,6.2,300,35.1,D,0
-11.5754,131.1374,315.3,1.5,1.2,2014-08-15,0122,Terra,MODIS,55,6.2,298.9,10,D,0
-11.5881,130.7263,318.6,1.6,1.2,2014-08-15,0122,Terra,MODIS,59,6.2,300.4,17,D,0
-11.5234,131.3165,372.8,1.5,1.2,2014-08-15,0122,Terra,MODIS,100,6.2,303,205.1,D,0
-11.534,131.3147,318.1,1.5,1.2,2014-08-15,0122,Terra,MODIS,53,6.2,299.8,13.7,D,0
-11.5596,131.3375,329.2,1.4,1.2,2014-08-15,0122,Terra,MODIS,81,6.2,299.6,34.7,D,0
-12.0215,132.9091,324.6,1.2,1.1,2014-08-15,0122,Terra,MODIS,58,6.2,305.5,12.4,D,0
-12.3842,131.104,321.7,1.5,1.2,2014-08-15,0122,Terra,MODIS,68,6.2,301.8,21.4,D,0
-12.2183,136.587,313.3,1,1,2014-08-15,0122,Terra,MODIS,40,6.2,298.1,5.1,D,0
-12.3501,131.0961,331.7,1.5,1.2,2014-08-15,0122,Terra,MODIS,72,6.2,303,43,D,0
-12.3766,131.0985,315.7,1.5,1.2,2014-08-15,0122,Terra,MODIS,28,6.2,302.2,11.4,D,0
-14.7016,132.0287,317.9,1.2,1.1,2014-08-15,0123,Terra,MODIS,39,6.2,304.8,8.3,D,0
-17.3286,138.8687,316.3,1.6,1.2,2014-08-15,0123,Terra,MODIS,23,6.2,295.9,16,D,0
-17.338,138.8523,322.6,1.6,1.2,2014-08-15,0123,Terra,MODIS,71,6.2,295.9,26.5,D,0
-17.3398,138.8673,325.4,1.6,1.2,2014-08-15,0123,Terra,MODIS,80,6.2,297,33.1,D,0
-17.3492,138.8509,346.4,1.6,1.2,2014-08-15,0123,Terra,MODIS,94,6.2,297.7,91.5,D,0
-17.3511,138.8658,334.4,1.6,1.2,2014-08-15,0123,Terra,MODIS,78,6.2,295.5,52.4,D,0
-17.3604,138.8494,327.3,1.6,1.2,2014-08-15,0123,Terra,MODIS,51,6.2,291.3,31.8,D,0
-17.3615,138.858,331.1,1.6,1.2,2014-08-15,0123,Terra,MODIS,81,6.2,293,43.1,D,0
-17.367,137.2599,321.6,1.3,1.1,2014-08-15,0123,Terra,MODIS,50,6.2,295.2,18.3,D,0
-16.7652,136.9393,316.7,1.2,1.1,2014-08-15,0123,Terra,MODIS,47,6.2,295.3,12.6,D,0
-14.6209,133.0975,319.3,1.1,1,2014-08-15,0123,Terra,MODIS,61,6.2,305.6,7.9,D,0
-15.7949,137.0772,327.9,1.2,1.1,2014-08-15,0123,Terra,MODIS,76,6.2,298.9,22.4,D,0
-15.774,137.069,320.6,1.2,1.1,2014-08-15,0123,Terra,MODIS,20,6.2,300,12.5,D,0
-16.3161,128.2928,312,2,1.4,2014-08-15,0123,Terra,MODIS,46,6.2,300.7,12.7,D,0
-16.3214,128.3028,312.4,2,1.4,2014-08-15,0123,Terra,MODIS,47,6.2,300.5,14.6,D,0
-15.2367,135.1846,326.9,1,1,2014-08-15,0123,Terra,MODIS,40,6.2,303.4,15.1,D,0
-15.3448,135.2964,318.5,1,1,2014-08-15,0123,Terra,MODIS,46,6.2,304.3,7.3,D,0
-16.2519,135.6602,316.5,1,1,2014-08-15,0123,Terra,MODIS,49,6.2,303.9,7.2,D,0
-15.1346,135.2411,327.7,1,1,2014-08-15,0123,Terra,MODIS,72,6.2,304.9,14.9,D,0
-15.1152,135.2345,340.5,1,1,2014-08-15,0123,Terra,MODIS,89,6.2,301.4,36.6,D,0
-15.8299,135.9934,318.6,1.1,1,2014-08-15,0123,Terra,MODIS,67,6.2,303.7,6.9,D,0
-16.0092,136.4859,336.5,1.1,1.1,2014-08-15,0123,Terra,MODIS,87,6.2,299.6,37.5,D,0
-15.2239,135.2217,324.7,1,1,2014-08-15,0123,Terra,MODIS,70,6.2,305.4,10.3,D,0
-16.2207,136.3007,325,1.1,1,2014-08-15,0123,Terra,MODIS,56,6.2,303.6,14.9,D,0
-15.1283,135.2612,388.8,1,1,2014-08-15,0123,Terra,MODIS,100,6.2,307.8,186.7,D,0
-15.1373,135.2598,350.2,1,1,2014-08-15,0123,Terra,MODIS,95,6.2,304.2,52.8,D,0
-15.1256,135.2425,335.6,1,1,2014-08-15,0123,Terra,MODIS,76,6.2,301.1,27.2,D,0
-16.2428,135.6616,316.7,1,1,2014-08-15,0123,Terra,MODIS,40,6.2,303.7,7.1,D,0
-15.2004,135.1871,345.9,1,1,2014-08-15,0123,Terra,MODIS,93,6.2,300.9,45.9,D,0
-16.0378,136.2358,312.3,1.1,1,2014-08-15,0123,Terra,MODIS,22,6.2,296.6,4.2,D,0
-15.3461,135.3058,322.1,1,1,2014-08-15,0123,Terra,MODIS,70,6.2,305.4,11.1,D,0
-16.2113,136.3021,336.2,1.1,1,2014-08-15,0123,Terra,MODIS,87,6.2,303.4,32.2,D,0
-15.2153,135.2899,322.4,1,1,2014-08-15,0123,Terra,MODIS,72,6.2,303.2,11.3,D,0
-15.1138,135.2252,327.7,1,1,2014-08-15,0123,Terra,MODIS,44,6.2,300.9,17.9,D,0
-15.8266,136.1051,319.6,1.1,1,2014-08-15,0123,Terra,MODIS,68,6.2,299.7,11.9,D,0
-15.1278,135.1945,345,1,1,2014-08-15,0123,Terra,MODIS,92,6.2,300,45.8,D,0
-15.1837,135.1991,342.1,1,1,2014-08-15,0123,Terra,MODIS,91,6.2,305.3,36.6,D,0
-15.1489,135.2139,330,1,1,2014-08-15,0123,Terra,MODIS,67,6.2,305.5,19.2,D,0
-15.1202,135.2052,383.2,1,1,2014-08-15,0123,Terra,MODIS,100,6.2,305.3,162.4,D,0
-15.148,135.2713,329,1,1,2014-08-15,0123,Terra,MODIS,71,6.2,303.1,18.8,D,0
-15.136,135.2505,327.2,1,1,2014-08-15,0123,Terra,MODIS,32,6.2,303.9,13.3,D,0
-16.0703,136.6473,325.6,1.1,1.1,2014-08-15,0123,Terra,MODIS,76,6.2,302.1,18.3,D,0
-15.1386,135.2059,343.4,1,1,2014-08-15,0123,Terra,MODIS,91,6.2,304.7,41.9,D,0
-15.1467,135.262,324.3,1,1,2014-08-15,0123,Terra,MODIS,53,6.2,303.1,12.7,D,0
-15.2017,135.1964,361.5,1,1,2014-08-15,0123,Terra,MODIS,100,6.2,305.2,81.5,D,0
-16.1879,136.3114,323.6,1.1,1,2014-08-15,0123,Terra,MODIS,18,6.2,300.8,14.3,D,0
-15.919,135.9738,321.2,1.1,1,2014-08-15,0123,Terra,MODIS,57,6.2,303.7,11,D,0
-15.2605,135.2862,321.9,1,1,2014-08-15,0123,Terra,MODIS,39,6.2,305.4,9.2,D,0
-15.9176,135.9639,324.6,1.1,1,2014-08-15,0123,Terra,MODIS,70,6.2,304.2,14.5,D,0
-16.2099,136.2918,321.2,1.1,1,2014-08-15,0123,Terra,MODIS,42,6.2,300.7,9.9,D,0
-16.1785,136.3128,328.7,1.1,1,2014-08-15,0123,Terra,MODIS,71,6.2,296.9,21.8,D,0
-15.8489,135.8604,319,1.1,1,2014-08-15,0123,Terra,MODIS,67,6.2,303.5,9.8,D,0
-15.1747,135.2005,367.2,1,1,2014-08-15,0123,Terra,MODIS,100,6.2,306.3,97.4,D,0
-15.1656,135.2019,333.8,1,1,2014-08-15,0123,Terra,MODIS,58,6.2,304,22.7,D,0
-15.2425,135.2889,323.8,1,1,2014-08-15,0123,Terra,MODIS,57,6.2,303.2,12.7,D,0
-15.1733,135.1912,337.8,1,1,2014-08-15,0123,Terra,MODIS,72,6.2,303.2,30.3,D,0
-15.1643,135.1925,348.6,1,1,2014-08-15,0123,Terra,MODIS,93,6.2,303.2,50.5,D,0
-15.2528,135.2969,365.3,1,1,2014-08-15,0123,Terra,MODIS,100,6.2,305.9,93.6,D,0
-15.1399,135.2152,343.4,1,1,2014-08-15,0123,Terra,MODIS,91,6.2,306.2,40.3,D,0
-15.1629,135.1832,319.1,1,1,2014-08-15,0123,Terra,MODIS,39,6.2,299.5,10,D,0
-15.2515,135.2875,343.4,1,1,2014-08-15,0123,Terra,MODIS,91,6.2,305.5,39.9,D,0
-16.0593,136.2534,312.7,1.1,1,2014-08-15,0123,Terra,MODIS,42,6.2,296.7,5.2,D,0
-15.2276,135.186,332.9,1,1,2014-08-15,0123,Terra,MODIS,78,6.2,304.1,23,D,0
-15.1242,135.2332,341,1,1,2014-08-15,0123,Terra,MODIS,90,6.2,303.7,36.6,D,0
-15.1305,135.2131,373.7,1,1,2014-08-15,0123,Terra,MODIS,100,6.2,307.3,119.4,D,0
-15.1188,135.1958,316.7,1,1,2014-08-15,0123,Terra,MODIS,52,6.2,297,8.9,D,0
-15.8521,135.9499,326.8,1.1,1,2014-08-15,0123,Terra,MODIS,78,6.2,305.7,15.3,D,0
-15.1229,135.2238,324.4,1,1,2014-08-15,0123,Terra,MODIS,42,6.2,302,13.9,D,0
-16.2193,136.2905,337.7,1.1,1,2014-08-15,0123,Terra,MODIS,88,6.2,300.3,33.8,D,0
-15.2619,135.2956,353.3,1,1,2014-08-15,0123,Terra,MODIS,97,6.2,304.9,61,D,0
-15.1292,135.2038,408,1,1,2014-08-15,0123,Terra,MODIS,100,6.2,313.1,300.2,D,0
-15.2108,135.1951,325.7,1,1,2014-08-15,0123,Terra,MODIS,43,6.2,303.3,13.4,D,0
-16.2052,136.2985,338.3,1.1,1,2014-08-15,0123,Terra,MODIS,88,6.2,301.5,33.9,D,0
-16.0737,136.6409,316.4,1.1,1.1,2014-08-15,0123,Terra,MODIS,57,6.2,300.5,8.7,D,0
-15.1269,135.2518,359.3,1,1,2014-08-15,0123,Terra,MODIS,99,6.2,301.7,75,D,0
-15.5079,131.3689,318.2,1.3,1.1,2014-08-15,0123,Terra,MODIS,61,6.2,300.7,13.1,D,0
-15.496,131.3589,339.6,1.3,1.1,2014-08-15,0123,Terra,MODIS,89,6.2,303.6,50.3,D,0
-15.8114,135.9961,329.8,1.1,1,2014-08-15,0123,Terra,MODIS,81,6.2,304.9,20.5,D,0
-15.8101,135.9862,331.9,1.1,1,2014-08-15,0123,Terra,MODIS,83,6.2,303.6,23.5,D,0
-15.8022,135.9974,317.9,1.1,1,2014-08-15,0123,Terra,MODIS,37,6.2,300.6,7.3,D,0
-15.5125,136.2162,323.1,1.1,1,2014-08-15,0123,Terra,MODIS,75,6.2,302,13.5,D,0
-15.7827,135.976,323.5,1.1,1,2014-08-15,0123,Terra,MODIS,44,6.2,297.1,12.9,D,0
-15.5218,136.2148,321.4,1.1,1,2014-08-15,0123,Terra,MODIS,61,6.2,300.9,12,D,0
-15.4353,131.3636,328.8,1.3,1.1,2014-08-15,0123,Terra,MODIS,73,6.2,303.3,24.5,D,0
-15.4471,131.3736,322.1,1.3,1.1,2014-08-15,0123,Terra,MODIS,73,6.2,304.1,15.1,D,0
-15.7587,135.9394,343.9,1.1,1,2014-08-15,0123,Terra,MODIS,90,6.2,303.6,42.3,D,0
-15.5098,131.3806,316.3,1.3,1.1,2014-08-15,0123,Terra,MODIS,50,6.2,301.3,10.9,D,0
-15.506,131.3571,325.6,1.3,1.1,2014-08-15,0123,Terra,MODIS,78,6.2,301.3,23.6,D,0
-16.0976,135.4827,320.1,1,1,2014-08-15,0123,Terra,MODIS,69,6.2,303.3,9.4,D,0
-16.0963,135.4731,324.2,1,1,2014-08-15,0123,Terra,MODIS,75,6.2,303.8,14,D,0
-15.2484,135.202,328.1,1,1,2014-08-15,0123,Terra,MODIS,68,6.2,305.7,15.8,D,0
-15.6478,136.0727,323.6,1.1,1,2014-08-15,0123,Terra,MODIS,75,6.2,291.1,17.5,D,0
-15.6386,136.0741,331.6,1.1,1,2014-08-15,0123,Terra,MODIS,83,6.2,294.3,27.6,D,0
-15.4253,131.3653,324.2,1.3,1.1,2014-08-15,0123,Terra,MODIS,61,6.2,304.4,17.2,D,0
-15.4053,131.3686,326.2,1.3,1.1,2014-08-15,0123,Terra,MODIS,74,6.2,305.1,21.7,D,0
-15.8008,135.9875,329.6,1.1,1,2014-08-15,0123,Terra,MODIS,81,6.2,300.3,21.3,D,0
-15.4034,131.3569,326.6,1.3,1.1,2014-08-15,0123,Terra,MODIS,70,6.2,303.9,22.7,D,0
-16.2753,128.2045,316.4,2,1.4,2014-08-15,0123,Terra,MODIS,69,6.2,301.6,22,D,0
-16.3932,123.8272,309.2,4.2,1.9,2014-08-15,0123,Terra,MODIS,0,6.2,295.5,44.7,D,0
-16.395,123.8194,308.9,4.2,1.9,2014-08-15,0123,Terra,MODIS,26,6.2,295.9,42.1,D,0
-14.0943,129.664,319.3,1.7,1.3,2014-08-15,0123,Terra,MODIS,63,6.2,301.1,23.5,D,0
-14.0748,129.6734,316.3,1.7,1.3,2014-08-15,0123,Terra,MODIS,19,6.2,299.9,17.3,D,0
-14.0713,129.668,325.3,1.7,1.3,2014-08-15,0123,Terra,MODIS,37,6.2,299.7,32.1,D,0
-14.074,129.6837,332.2,1.7,1.3,2014-08-15,0123,Terra,MODIS,72,6.2,302.1,51,D,0
-14.3393,129.6729,315.6,1.7,1.3,2014-08-15,0123,Terra,MODIS,31,6.2,302,13.5,D,0
-14.3648,129.6845,318.5,1.7,1.3,2014-08-15,0123,Terra,MODIS,29,6.2,300.5,17.2,D,0
-14.3616,129.6781,316.6,1.7,1.3,2014-08-15,0123,Terra,MODIS,52,6.2,300.5,16.7,D,0
-14.3643,129.6938,313.1,1.7,1.3,2014-08-15,0123,Terra,MODIS,22,6.2,301.3,10.1,D,0
-14.4086,129.4848,326.9,1.7,1.3,2014-08-15,0123,Terra,MODIS,45,6.2,301.8,38.2,D,0
-14.4154,129.506,322.8,1.7,1.3,2014-08-15,0123,Terra,MODIS,76,6.2,300.8,28.8,D,0
-14.4127,129.49,338.6,1.7,1.3,2014-08-15,0123,Terra,MODIS,89,6.2,302.2,76.8,D,0
-16.2596,128.1881,314.6,2,1.4,2014-08-15,0123,Terra,MODIS,64,6.2,299.4,19.6,D,0
-16.2629,128.2067,331.7,2,1.4,2014-08-15,0123,Terra,MODIS,85,6.2,301,68.1,D,0
-17.9221,125.2236,311.1,3.1,1.7,2014-08-15,0124,Terra,MODIS,52,6.2,297.2,31.5,D,0
-17.6734,123.9666,308.4,3.9,1.8,2014-08-15,0124,Terra,MODIS,53,6.2,295.9,41.6,D,0
-17.593,123.9081,305.8,3.9,1.8,2014-08-15,0124,Terra,MODIS,42,6.2,294.7,33.1,D,0
-19.9756,127.5977,311.5,1.9,1.3,2014-08-15,0124,Terra,MODIS,62,6.2,297.5,14.7,D,0
-21.3774,132.3916,313.7,1,1,2014-08-15,0124,Terra,MODIS,52,6.2,299.3,6.5,D,0
-24.372,129.2733,313.6,1.2,1.1,2014-08-15,0125,Terra,MODIS,50,6.2,296.3,10.4,D,0
-24.3741,129.2854,328.1,1.2,1.1,2014-08-15,0125,Terra,MODIS,84,6.2,295.4,29.6,D,0
-24.388,129.3074,310.4,1.2,1.1,2014-08-15,0125,Terra,MODIS,48,6.2,294.1,8.1,D,0
-22.7412,131.3706,311,1.1,1,2014-08-15,0125,Terra,MODIS,61,6.2,298.3,6.2,D,0
-22.4056,131.7654,306.6,1,1,2014-08-15,0125,Terra,MODIS,47,6.2,293.8,4.8,D,0
-22.7428,131.3808,308.7,1.1,1,2014-08-15,0125,Terra,MODIS,51,6.2,295.2,4.1,D,0
-21.6319,117.8407,313.6,3.4,1.7,2014-08-15,0303,Terra,MODIS,66,6.2,297.5,52.1,D,0
-21.6261,117.8363,307.4,3.4,1.7,2014-08-15,0303,Terra,MODIS,35,6.2,296.9,26.1,D,0
-21.6418,117.8342,309,3.4,1.7,2014-08-15,0303,Terra,MODIS,51,6.2,298.2,31.9,D,0
-21.7049,117.8272,324.7,3.4,1.7,2014-08-15,0303,Terra,MODIS,80,6.2,298.8,109.6,D,0
-21.7206,117.8256,320.7,3.4,1.7,2014-08-15,0303,Terra,MODIS,73,6.2,297.1,82.9,D,0
-21.7143,117.8191,335.4,3.4,1.7,2014-08-15,0303,Terra,MODIS,88,6.2,298.5,197.8,D,0
-37.6892,144.709,306,1.3,1.1,2014-08-15,0404,Aqua,MODIS,63,6.2,293.2,8.5,D,0
-36.803,149.7695,303.1,1,1,2014-08-15,0404,Aqua,MODIS,55,6.2,291.4,4.6,D,0
-35.5944,146.0083,355.6,1.1,1,2014-08-15,0405,Aqua,MODIS,98,6.2,294.6,86.8,D,0
-35.4631,145.6667,310.8,1.1,1.1,2014-08-15,0405,Aqua,MODIS,70,6.2,294.8,10.9,D,0
-34.8772,146.0492,313.2,1.1,1,2014-08-15,0405,Aqua,MODIS,73,6.2,296.5,10.5,D,0
-36.4879,144.8743,322.5,1.3,1.1,2014-08-15,0405,Aqua,MODIS,82,6.2,290.7,26.8,D,0
-35.5229,150.1244,300.9,1.1,1,2014-08-15,0405,Aqua,MODIS,36,6.2,288.5,5.1,D,0
-35.4276,145.6344,317.5,1.1,1.1,2014-08-15,0405,Aqua,MODIS,78,6.2,292.3,16.7,D,0
-33.9674,146.9131,308.5,1,1,2014-08-15,0405,Aqua,MODIS,64,6.2,292.9,6.8,D,0
-35.3941,145.3079,351.2,1.2,1.1,2014-08-15,0405,Aqua,MODIS,96,6.2,296.7,79.9,D,0
-34.8787,146.0372,332.8,1.1,1,2014-08-15,0405,Aqua,MODIS,88,6.2,296.4,34.2,D,0
-34.3571,146.1214,305.9,1.1,1,2014-08-15,0405,Aqua,MODIS,56,6.2,294.2,5.4,D,0
-35.5728,150.1556,300,1.1,1,2014-08-15,0405,Aqua,MODIS,16,6.2,289.1,4.3,D,0
-35.6565,150.0248,301.9,1,1,2014-08-15,0405,Aqua,MODIS,45,6.2,286,5.8,D,0
-35.7469,145.5799,302.1,1.2,1.1,2014-08-15,0405,Aqua,MODIS,51,6.2,291.3,4.9,D,0
-35.4236,145.64,314.7,1.1,1.1,2014-08-15,0405,Aqua,MODIS,75,6.2,293.8,14.6,D,0
-34.393,145.7638,311,1.1,1,2014-08-15,0405,Aqua,MODIS,67,6.2,296.2,7.8,D,0
-34.3851,145.75,360.7,1.1,1,2014-08-15,0405,Aqua,MODIS,100,6.2,299.2,98.1,D,0
-34.3866,145.7379,325,1.1,1,2014-08-15,0405,Aqua,MODIS,82,6.2,295.9,22.2,D,0
-35.5834,146.0188,343.5,1.1,1,2014-08-15,0405,Aqua,MODIS,93,6.2,294.6,57.2,D,0
-34.5,146.1363,313.5,1.1,1,2014-08-15,0405,Aqua,MODIS,72,6.2,295.1,11.4,D,0
-34.3315,146.3189,306.1,1.1,1,2014-08-15,0405,Aqua,MODIS,45,6.2,293.6,5,D,0
-35.0422,145.8819,310.4,1.1,1,2014-08-15,0405,Aqua,MODIS,55,6.2,277.8,12.4,D,0
-36.2073,149.8799,322,1,1,2014-08-15,0405,Aqua,MODIS,81,6.2,289.1,21.1,D,0
-34.3237,146.3056,306.8,1.1,1,2014-08-15,0405,Aqua,MODIS,55,6.2,294.2,5.6,D,0
-35.3686,149.931,335.4,1,1,2014-08-15,0405,Aqua,MODIS,89,6.2,293.8,38.3,D,0
-35.5247,150.1128,300.2,1.1,1,2014-08-15,0405,Aqua,MODIS,30,6.2,287.9,4.8,D,0
-34.3945,145.7517,345.9,1.1,1,2014-08-15,0405,Aqua,MODIS,94,6.2,297.9,58.8,D,0
-33.7181,147.4581,308,1,1,2014-08-15,0405,Aqua,MODIS,56,6.2,296.2,5.4,D,0
-35.3926,145.3209,315.1,1.2,1.1,2014-08-15,0405,Aqua,MODIS,66,6.2,293.7,13.5,D,0
-34.3556,146.1331,307.6,1.1,1,2014-08-15,0405,Aqua,MODIS,61,6.2,293.5,6.6,D,0
-34.3119,146.101,303.6,1.1,1,2014-08-15,0405,Aqua,MODIS,44,6.2,293.6,3.5,D,0
-34.8023,146.0651,309.4,1.1,1,2014-08-15,0405,Aqua,MODIS,37,6.2,295,6.2,D,0
-34.8763,145.9013,304.7,1.1,1,2014-08-15,0405,Aqua,MODIS,60,6.2,290.5,4.5,D,0
-35.3668,149.9425,318,1,1,2014-08-15,0405,Aqua,MODIS,78,6.2,290.1,16.7,D,0
-36.4863,144.8885,319.7,1.3,1.1,2014-08-15,0405,Aqua,MODIS,78,6.2,290,23.1,D,0
-34.2609,145.9281,308.6,1.1,1,2014-08-15,0405,Aqua,MODIS,62,6.2,292.9,7.6,D,0
-35.5849,146.0065,336.5,1.1,1,2014-08-15,0405,Aqua,MODIS,90,6.2,293.3,43.5,D,0
-35.9382,146.5684,320.9,1.1,1,2014-08-15,0405,Aqua,MODIS,81,6.2,293.7,20.5,D,0
-34.2624,145.9163,305.6,1.1,1,2014-08-15,0405,Aqua,MODIS,52,6.2,293.5,5.6,D,0
-35.5929,146.0205,358.1,1.1,1,2014-08-15,0405,Aqua,MODIS,99,6.2,294.6,94.2,D,0
-34.8054,146.0413,323.6,1.1,1,2014-08-15,0405,Aqua,MODIS,83,6.2,296.5,21.1,D,0
-34.8564,145.984,307.5,1.1,1,2014-08-15,0405,Aqua,MODIS,65,6.2,293.9,6.4,D,0
-34.3836,145.762,311.5,1.1,1,2014-08-15,0405,Aqua,MODIS,68,6.2,296.4,8.2,D,0
-34.8039,146.0532,393.8,1.1,1,2014-08-15,0405,Aqua,MODIS,100,6.2,302.7,243.8,D,0
-36.4981,144.8761,317.8,1.3,1.1,2014-08-15,0405,Aqua,MODIS,38,6.2,291.1,19.7,D,0
-35.4252,145.6274,305.5,1.1,1.1,2014-08-15,0405,Aqua,MODIS,62,6.2,292.4,6.5,D,0
-34.9918,146.0145,307.2,1.1,1,2014-08-15,0405,Aqua,MODIS,65,6.2,294.6,6.8,D,0
-35.3956,145.2949,320.7,1.2,1.1,2014-08-15,0405,Aqua,MODIS,80,6.2,295.5,20.3,D,0
-35.5731,145.5886,314.1,1.1,1.1,2014-08-15,0405,Aqua,MODIS,74,6.2,293,14.7,D,0
-34.8778,145.8892,322.4,1.1,1,2014-08-15,0405,Aqua,MODIS,82,6.2,289.8,21.1,D,0
-34.436,146.3391,312.5,1.1,1,2014-08-15,0405,Aqua,MODIS,71,6.2,293.9,10.3,D,0
-36.3701,149.8364,305.1,1,1,2014-08-15,0405,Aqua,MODIS,49,6.2,291.8,5.3,D,0
-34.9158,149.455,301.3,1,1,2014-08-15,0405,Aqua,MODIS,46,6.2,289,4.5,D,0
-36.8341,149.3257,304,1,1,2014-08-15,0405,Aqua,MODIS,31,6.2,290.7,5.1,D,0
-36.1894,148.8806,300.8,1,1,2014-08-15,0405,Aqua,MODIS,41,6.2,286.9,4.7,D,0
-33.8979,148.7585,302.9,1,1,2014-08-15,0405,Aqua,MODIS,54,6.2,292.6,4.4,D,0
-35.2905,148.682,314.9,1,1,2014-08-15,0405,Aqua,MODIS,75,6.2,287.5,15.5,D,0
-36.6557,148.7799,312,1,1,2014-08-15,0405,Aqua,MODIS,72,6.2,289.9,11.8,D,0
-36.6541,148.7911,308.2,1,1,2014-08-15,0405,Aqua,MODIS,67,6.2,290.1,8.9,D,0
-32.0378,151.2082,306.5,1.3,1.1,2014-08-15,0406,Aqua,MODIS,46,6.2,280.6,10.9,D,0
-31.9501,152.1247,304.1,1.4,1.2,2014-08-15,0406,Aqua,MODIS,30,6.2,291,7,D,0
-29.9583,151.405,316.7,1.4,1.2,2014-08-15,0406,Aqua,MODIS,77,6.2,293.2,20,D,0
-30.1882,150.9023,306.5,1.3,1.1,2014-08-15,0406,Aqua,MODIS,63,6.2,292.3,7.9,D,0
-29.9626,151.4128,313.9,1.4,1.2,2014-08-15,0406,Aqua,MODIS,66,6.2,291.6,17.4,D,0
-31.1308,149.3701,329,1.1,1,2014-08-15,0406,Aqua,MODIS,80,6.2,287.9,31.2,D,0
-31.2471,149.2137,305.8,1.1,1,2014-08-15,0406,Aqua,MODIS,37,6.2,286.7,6.9,D,0
-32.4715,148.0665,304.1,1,1,2014-08-15,0406,Aqua,MODIS,41,6.2,289.9,4,D,0
-31.9415,147.4787,309.1,1,1,2014-08-15,0406,Aqua,MODIS,65,6.2,296.1,5,D,0
-32.4423,147.7042,303.6,1,1,2014-08-15,0406,Aqua,MODIS,42,6.2,293.3,3.8,D,0
-32.6539,146.5229,313.7,1,1,2014-08-15,0406,Aqua,MODIS,72,6.2,288.6,10.8,D,0
-31.8498,146.8935,323.7,1,1,2014-08-15,0406,Aqua,MODIS,82,6.2,295.3,18.2,D,0
-32.4845,147.0819,310.6,1,1,2014-08-15,0406,Aqua,MODIS,67,6.2,295.6,7.1,D,0
-32.3115,148.525,313.4,1,1,2014-08-15,0406,Aqua,MODIS,72,6.2,291,10.7,D,0
-32.3099,148.5358,307,1,1,2014-08-15,0406,Aqua,MODIS,61,6.2,291.5,6.1,D,0
-32.4663,146.5531,305.8,1,1,2014-08-15,0406,Aqua,MODIS,52,6.2,291.1,5.1,D,0
-31.992,146.7911,312.3,1,1,2014-08-15,0406,Aqua,MODIS,70,6.2,293.9,8.3,D,0
-32.486,147.0712,310.3,1,1,2014-08-15,0406,Aqua,MODIS,67,6.2,295.6,7,D,0
-31.8513,146.8829,321.2,1,1,2014-08-15,0406,Aqua,MODIS,80,6.2,294.9,15.7,D,0
-26.6585,149.6746,314.8,1.3,1.1,2014-08-15,0407,Aqua,MODIS,62,6.2,293.2,16,D,0
-17.5363,138.2791,318,1.8,1.3,2014-08-15,0410,Aqua,MODIS,49,6.2,299.8,19.6,D,0
-17.3544,138.8486,321.6,1.7,1.3,2014-08-15,0410,Aqua,MODIS,72,6.2,291.8,27.7,D,0
-17.343,138.8471,328.7,1.7,1.3,2014-08-15,0410,Aqua,MODIS,74,6.2,291.9,42.3,D,0
-17.3438,138.8577,322.7,1.7,1.3,2014-08-15,0410,Aqua,MODIS,42,6.2,288.5,29.4,D,0
-17.3457,138.8421,324.3,1.7,1.3,2014-08-15,0410,Aqua,MODIS,47,6.2,292.9,32.8,D,0
-17.3798,137.2502,319,2.2,1.4,2014-08-15,0410,Aqua,MODIS,42,6.2,303.3,25.2,D,0
-16.718,136.909,318.1,2.3,1.5,2014-08-15,0410,Aqua,MODIS,48,6.2,302.8,19.9,D,0
-12.9185,135.2161,320.2,2.7,1.6,2014-08-15,0411,Aqua,MODIS,70,6.2,297.6,44,D,0
-12.9812,135.9859,313.3,2.4,1.5,2014-08-15,0411,Aqua,MODIS,40,6.2,297.1,19.2,D,0
-13.6117,141.7826,315.5,1,1,2014-08-15,0411,Aqua,MODIS,48,6.2,293.8,9.7,D,0
-12.9215,135.1913,315.9,2.7,1.6,2014-08-15,0411,Aqua,MODIS,60,6.2,297.8,27,D,0
-12.9255,135.1983,319.4,2.7,1.6,2014-08-15,0411,Aqua,MODIS,61,6.2,298.4,38,D,0
-15.2188,135.1879,334,2.9,1.6,2014-08-15,0411,Aqua,MODIS,84,6.2,303.8,116,D,0
-14.4117,134.9922,342.9,3,1.6,2014-08-15,0411,Aqua,MODIS,91,6.2,302.2,194.8,D,0
-15.1895,135.1843,338.2,2.9,1.6,2014-08-15,0411,Aqua,MODIS,88,6.2,301.8,145.6,D,0
-14.4265,134.9941,325.6,3,1.6,2014-08-15,0411,Aqua,MODIS,77,6.2,301.2,73.2,D,0
-15.2366,135.167,329.5,2.9,1.6,2014-08-15,0411,Aqua,MODIS,43,6.2,302.3,86.3,D,0
-16.012,136.4895,320.8,2.4,1.5,2014-08-15,0411,Aqua,MODIS,53,6.2,301.4,34.1,D,0
-15.2189,135.1927,328.7,2.9,1.6,2014-08-15,0411,Aqua,MODIS,50,6.2,304,77.9,D,0
-15.1925,135.157,328.8,2.9,1.6,2014-08-15,0411,Aqua,MODIS,53,6.2,298.7,86.8,D,0
-12.8014,135.4423,328.2,2.6,1.5,2014-08-15,0411,Aqua,MODIS,80,6.2,299.9,70.5,D,0
-12.6625,135.4373,335.8,2.6,1.5,2014-08-15,0411,Aqua,MODIS,86,6.2,299.7,111,D,0
-13.1566,134.3529,316.5,3.2,1.7,2014-08-15,0411,Aqua,MODIS,48,6.2,295.7,37.2,D,0
-12.6654,135.4135,325,2.6,1.5,2014-08-15,0411,Aqua,MODIS,71,6.2,302.1,53.3,D,0
-15.0984,135.2009,334.3,2.9,1.6,2014-08-15,0411,Aqua,MODIS,85,6.2,297.7,136.3,D,0
-15.2042,135.1908,327,2.9,1.6,2014-08-15,0411,Aqua,MODIS,52,6.2,302.4,71.2,D,0
-15.0942,135.221,327.8,2.9,1.6,2014-08-15,0411,Aqua,MODIS,80,6.2,298.3,92.7,D,0
-15.8172,136.1058,322.3,2.5,1.5,2014-08-15,0411,Aqua,MODIS,49,6.2,303,38.5,D,0
-12.6676,135.443,334.5,2.6,1.5,2014-08-15,0411,Aqua,MODIS,85,6.2,299.8,102.6,D,0
-12.6444,135.9861,323.7,2.3,1.5,2014-08-15,0411,Aqua,MODIS,36,6.2,298.4,40.5,D,0
-14.408,135.0122,325.4,2.9,1.6,2014-08-15,0411,Aqua,MODIS,77,6.2,301.4,70.3,D,0
-15.8683,135.8922,320.6,2.6,1.6,2014-08-15,0411,Aqua,MODIS,43,6.2,305.5,31.3,D,0
-14.4227,135.014,322.4,2.9,1.6,2014-08-15,0411,Aqua,MODIS,73,6.2,301.5,58.3,D,0
-12.7313,135.4982,317.1,2.5,1.5,2014-08-15,0411,Aqua,MODIS,51,6.2,300.2,25,D,0
-15.1102,135.2298,332.7,2.9,1.6,2014-08-15,0411,Aqua,MODIS,46,6.2,299.7,108.4,D,0
-15.0973,135.1939,320.2,2.9,1.6,2014-08-15,0411,Aqua,MODIS,58,6.2,296.9,56.8,D,0
-15.1895,135.1889,332.2,2.9,1.6,2014-08-15,0411,Aqua,MODIS,63,6.2,301.9,102.6,D,0
-12.7708,135.4624,323.9,2.6,1.5,2014-08-15,0411,Aqua,MODIS,73,6.2,299.5,48.5,D,0
-14.4111,134.9851,337.2,3,1.6,2014-08-15,0411,Aqua,MODIS,88,6.2,301.6,146.7,D,0
-16.2223,135.6712,317.3,2.8,1.6,2014-08-15,0411,Aqua,MODIS,64,6.2,305,25.1,D,0
-15.2042,135.186,328.1,2.9,1.6,2014-08-15,0411,Aqua,MODIS,62,6.2,301.9,79.3,D,0
-12.6704,135.4192,337.5,2.6,1.5,2014-08-15,0411,Aqua,MODIS,88,6.2,303,118.9,D,0
-14.4088,135.0194,315.5,2.9,1.6,2014-08-15,0411,Aqua,MODIS,41,6.2,301.1,25.8,D,0
-15.1235,135.2244,340.6,2.9,1.6,2014-08-15,0411,Aqua,MODIS,68,6.2,301,158.9,D,0
-12.6843,135.4209,322.2,2.6,1.5,2014-08-15,0411,Aqua,MODIS,73,6.2,301.8,42.2,D,0
-15.1277,135.2044,342.8,2.9,1.6,2014-08-15,0411,Aqua,MODIS,87,6.2,300.8,183.6,D,0
-14.4259,134.987,321,3,1.6,2014-08-15,0411,Aqua,MODIS,72,6.2,300.9,51.4,D,0
-15.1249,135.2315,331.5,2.9,1.6,2014-08-15,0411,Aqua,MODIS,52,6.2,300.7,99.3,D,0
-12.7847,135.4644,327.6,2.6,1.5,2014-08-15,0411,Aqua,MODIS,79,6.2,301.2,65.7,D,0
-15.8117,136.1004,320.1,2.5,1.5,2014-08-15,0411,Aqua,MODIS,50,6.2,302.3,31.9,D,0
-15.0956,135.228,323.7,2.9,1.6,2014-08-15,0411,Aqua,MODIS,75,6.2,298.6,71.2,D,0
-13.1536,134.3576,318.2,3.2,1.7,2014-08-15,0411,Aqua,MODIS,66,6.2,295.5,48,D,0
-14.3276,144.3638,315.1,1,1,2014-08-15,0411,Aqua,MODIS,33,6.2,293.8,6.2,D,0
-15.1923,135.1617,335,2.9,1.6,2014-08-15,0411,Aqua,MODIS,73,6.2,299.1,126.4,D,0
-12.6337,135.9631,325.9,2.3,1.5,2014-08-15,0411,Aqua,MODIS,50,6.2,298.4,52.1,D,0
-12.6897,135.7256,326.6,2.4,1.5,2014-08-15,0411,Aqua,MODIS,76,6.2,300.8,58.2,D,0
-15.1131,135.2027,329.3,2.9,1.6,2014-08-15,0411,Aqua,MODIS,15,6.2,298.8,90.7,D,0
-12.7079,135.6437,315.3,2.5,1.5,2014-08-15,0411,Aqua,MODIS,43,6.2,298.3,22,D,0
-14.6794,134.75,320.1,3.1,1.7,2014-08-15,0411,Aqua,MODIS,55,6.2,303.5,42,D,0
-15.1089,135.2227,339.2,2.9,1.6,2014-08-15,0411,Aqua,MODIS,84,6.2,300,159.6,D,0
-12.8063,135.4482,317.2,2.6,1.5,2014-08-15,0411,Aqua,MODIS,63,6.2,299.5,27.7,D,0
-15.8642,135.8869,320.7,2.6,1.6,2014-08-15,0411,Aqua,MODIS,39,6.2,305.5,31.9,D,0
-12.7985,135.4663,335.2,2.6,1.5,2014-08-15,0411,Aqua,MODIS,86,6.2,301.5,104.7,D,0
-14.4235,135.0212,315.6,2.9,1.6,2014-08-15,0411,Aqua,MODIS,43,6.2,300.7,26.2,D,0
-12.1107,142.1984,327,1,1,2014-08-15,0411,Aqua,MODIS,42,6.2,298.7,15.1,D,0
-12.6203,135.9614,316.8,2.3,1.5,2014-08-15,0411,Aqua,MODIS,19,6.2,296.8,24.6,D,0
-12.6866,135.7093,323.2,2.5,1.5,2014-08-15,0411,Aqua,MODIS,40,6.2,298.7,36.6,D,0
-15.7719,135.9503,328,2.6,1.6,2014-08-15,0411,Aqua,MODIS,68,6.2,303.7,63.9,D,0
-15.7693,135.9744,330.3,2.6,1.5,2014-08-15,0411,Aqua,MODIS,74,6.2,301.2,74.7,D,0
-13.8717,136.5868,312.4,2.2,1.4,2014-08-15,0411,Aqua,MODIS,40,6.2,296.3,15.7,D,0
-13.8446,136.5962,321.9,2.2,1.4,2014-08-15,0411,Aqua,MODIS,60,6.2,297,36.8,D,0
-13.8341,136.5744,322.2,2.2,1.4,2014-08-15,0411,Aqua,MODIS,56,6.2,297.4,37.5,D,0
-15.7859,135.9519,323.2,2.6,1.6,2014-08-15,0411,Aqua,MODIS,43,6.2,304.9,40.5,D,0
-15.4083,135.3889,315,2.8,1.6,2014-08-15,0411,Aqua,MODIS,32,6.2,302.3,20.3,D,0
-13.9011,136.6712,319,2.2,1.4,2014-08-15,0411,Aqua,MODIS,68,6.2,296.2,33.8,D,0
-12.5951,142.6724,316.3,1,1,2014-08-15,0411,Aqua,MODIS,72,6.2,290.4,10.3,D,0
-15.7972,135.9778,331.3,2.6,1.5,2014-08-15,0411,Aqua,MODIS,83,6.2,305.9,75.5,D,0
-15.7946,136.0018,330.4,2.6,1.5,2014-08-15,0411,Aqua,MODIS,82,6.2,303.6,72.4,D,0
-15.7833,135.9762,364.8,2.6,1.5,2014-08-15,0411,Aqua,MODIS,100,6.2,307.5,357.6,D,0
-15.6645,136.0995,321,2.5,1.5,2014-08-15,0411,Aqua,MODIS,30,6.2,304,32.7,D,0
-15.6589,136.0941,320.7,2.5,1.5,2014-08-15,0411,Aqua,MODIS,50,6.2,304.4,34.2,D,0
-15.6533,136.0743,321,2.5,1.5,2014-08-15,0411,Aqua,MODIS,46,6.2,305.4,35.7,D,0
-12.1315,142.1169,317.2,1,1,2014-08-15,0411,Aqua,MODIS,67,6.2,298.8,7.1,D,0
-15.6616,136.0705,320.2,2.5,1.5,2014-08-15,0411,Aqua,MODIS,43,6.2,303.8,32.5,D,0
-15.7666,135.9424,324.4,2.6,1.6,2014-08-15,0411,Aqua,MODIS,28,6.2,302.8,49.1,D,0
-15.7778,135.9683,351.9,2.6,1.5,2014-08-15,0411,Aqua,MODIS,96,6.2,306.3,221.8,D,0
-15.775,135.9923,345.7,2.6,1.5,2014-08-15,0411,Aqua,MODIS,93,6.2,303.3,171.7,D,0
-12.1958,136.4619,314.5,2.1,1.4,2014-08-15,0412,Aqua,MODIS,46,6.2,295.7,18.4,D,0
-12.2061,136.483,337.9,2.1,1.4,2014-08-15,0412,Aqua,MODIS,88,6.2,298.7,93.6,D,0
-12.1991,136.5403,315.2,2.1,1.4,2014-08-15,0412,Aqua,MODIS,24,6.2,296.1,15.4,D,0
-12.2085,136.4636,330.1,2.1,1.4,2014-08-15,0412,Aqua,MODIS,81,6.2,297.3,63.6,D,0
-12.1382,136.5132,319.9,2.1,1.4,2014-08-15,0412,Aqua,MODIS,49,6.2,296.7,28.2,D,0
-12.2931,134.763,318.1,2.9,1.6,2014-08-15,0412,Aqua,MODIS,59,6.2,294.5,48.4,D,0
-12.0928,133.1149,319.7,3.8,1.8,2014-08-15,0412,Aqua,MODIS,35,6.2,301.8,46.3,D,0
-12.2701,136.4985,313.1,2.1,1.4,2014-08-15,0412,Aqua,MODIS,37,6.2,294.6,14.2,D,0
-12.2678,136.5178,319.3,2.1,1.4,2014-08-15,0412,Aqua,MODIS,67,6.2,295.3,29.9,D,0
-11.8194,132.9964,314.9,3.9,1.8,2014-08-15,0412,Aqua,MODIS,49,6.2,296.7,40.7,D,0
-12.1057,136.5621,322.7,2.1,1.4,2014-08-15,0412,Aqua,MODIS,11,6.2,295.9,25.6,D,0
-11.8154,133.0316,315.3,3.8,1.8,2014-08-15,0412,Aqua,MODIS,54,6.2,297.8,43.4,D,0
-12.2985,134.8431,315.3,2.8,1.6,2014-08-15,0412,Aqua,MODIS,29,6.2,296.7,30.4,D,0
-11.5826,132.9857,312.9,3.8,1.8,2014-08-15,0412,Aqua,MODIS,34,6.2,295.5,34.7,D,0
-11.8248,133.0012,314.7,3.9,1.8,2014-08-15,0412,Aqua,MODIS,48,6.2,297.4,38.1,D,0
-11.821,133.0365,316,3.8,1.8,2014-08-15,0412,Aqua,MODIS,57,6.2,298.3,46,D,0
-12.2955,134.8688,319.6,2.8,1.6,2014-08-15,0412,Aqua,MODIS,52,6.2,296.2,45.5,D,0
-12.2014,136.5213,320.9,2.1,1.4,2014-08-15,0412,Aqua,MODIS,70,6.2,297.1,30.7,D,0
-12.0809,136.3368,314.9,2.1,1.4,2014-08-15,0412,Aqua,MODIS,35,6.2,296.8,18.7,D,0
-12.4911,135.8305,314.8,2.4,1.5,2014-08-15,0412,Aqua,MODIS,50,6.2,297.7,20.2,D,0
-11.8347,133.2137,321.6,3.7,1.8,2014-08-15,0412,Aqua,MODIS,73,6.2,298.7,64.8,D,0
-12.7098,132.4691,319.1,4.4,1.9,2014-08-15,0412,Aqua,MODIS,66,6.2,301.8,74.1,D,0
-12.81,132.1916,317.9,4.6,2,2014-08-15,0412,Aqua,MODIS,51,6.2,303.5,53.5,D,0
-11.828,133.2086,322.9,3.7,1.8,2014-08-15,0412,Aqua,MODIS,76,6.2,299,75.3,D,0
-12.5766,132.021,321.5,4.7,2,2014-08-15,0412,Aqua,MODIS,48,6.2,298.3,103.5,D,0
-12.8107,132.1886,317.7,4.6,2,2014-08-15,0412,Aqua,MODIS,43,6.2,303.5,54,D,0
-12.0085,136.5038,329.9,2.1,1.4,2014-08-15,0412,Aqua,MODIS,0,6.2,294.7,60.9,D,0
-12.708,132.4608,316,4.4,1.9,2014-08-15,0412,Aqua,MODIS,43,6.2,301.1,48.4,D,0
-12.0061,136.5229,346.5,2.1,1.4,2014-08-15,0412,Aqua,MODIS,0,6.2,295.1,132.3,D,0
-12.3664,136.7638,313.5,2,1.4,2014-08-15,0412,Aqua,MODIS,51,6.2,293.8,18.7,D,0
-12.5776,132.0126,322.6,4.7,2,2014-08-15,0412,Aqua,MODIS,51,6.2,298.2,115.6,D,0
-12.4397,133.8884,314.8,3.4,1.7,2014-08-15,0412,Aqua,MODIS,47,6.2,298.8,32.8,D,0
-12.6303,132.0273,320.1,4.7,2,2014-08-15,0412,Aqua,MODIS,68,6.2,301.6,77.8,D,0
-12.3427,136.6472,317.1,2.1,1.4,2014-08-15,0412,Aqua,MODIS,63,6.2,294.7,25.3,D,0
-12.6287,132.0301,318,4.7,2,2014-08-15,0412,Aqua,MODIS,40,6.2,301.5,54.9,D,0
-12.6122,135.6195,313.9,2.5,1.5,2014-08-15,0412,Aqua,MODIS,51,6.2,298.2,22.7,D,0
-12.1748,136.2147,313.6,2.2,1.4,2014-08-15,0412,Aqua,MODIS,39,6.2,297.4,16.2,D,0
-12.493,135.8459,313.2,2.4,1.5,2014-08-15,0412,Aqua,MODIS,46,6.2,297.8,18.2,D,0
-12.5543,132.0622,321.6,4.7,2,2014-08-15,0412,Aqua,MODIS,32,6.2,298.5,99.3,D,0
-11.6811,132.9728,317.2,3.9,1.8,2014-08-15,0412,Aqua,MODIS,67,6.2,297.2,57.8,D,0
-11.6757,132.9676,314.7,3.9,1.8,2014-08-15,0412,Aqua,MODIS,61,6.2,296.6,39.7,D,0
-12.0419,132.9247,318.2,3.9,1.8,2014-08-15,0412,Aqua,MODIS,50,6.2,300.1,50,D,0
-31.2108,119.0347,311.3,1.2,1.1,2014-08-15,0545,Aqua,MODIS,60,6.2,300.5,7,D,0
-32.2534,116.32,306,1.9,1.3,2014-08-15,0545,Aqua,MODIS,58,6.2,294,13.8,D,0
-32.2569,116.3257,303.3,1.9,1.3,2014-08-15,0545,Aqua,MODIS,49,6.2,293.3,10.4,D,0
-31.3775,116.3113,308,1.8,1.3,2014-08-15,0545,Aqua,MODIS,54,6.2,293.3,14.5,D,0
-32.1538,116.2805,326.4,1.9,1.3,2014-08-15,0545,Aqua,MODIS,62,6.2,291.1,53.7,D,0
-31.3756,116.3307,305.9,1.8,1.3,2014-08-15,0545,Aqua,MODIS,35,6.2,293.7,11.2,D,0
-32.1276,116.298,311.5,1.9,1.3,2014-08-15,0545,Aqua,MODIS,57,6.2,291.5,21.7,D,0
-32.1417,116.2791,323.9,1.9,1.3,2014-08-15,0545,Aqua,MODIS,82,6.2,290.6,48.8,D,0
-32.146,116.2867,330.7,1.9,1.3,2014-08-15,0545,Aqua,MODIS,65,6.2,291.1,65.8,D,0
-32.1295,116.2777,324.6,1.9,1.3,2014-08-15,0545,Aqua,MODIS,82,6.2,291.6,52,D,0
-32.489,116.0352,302.6,2,1.4,2014-08-15,0545,Aqua,MODIS,50,6.2,290.9,11.8,D,0
-24.3662,129.2786,336.9,2.8,1.6,2014-08-15,0546,Aqua,MODIS,88,6.2,302,140.6,D,0
-24.352,129.2751,337.4,2.8,1.6,2014-08-15,0546,Aqua,MODIS,88,6.2,299.1,147.9,D,0
-24.3437,129.2939,313.7,2.8,1.6,2014-08-15,0546,Aqua,MODIS,58,6.2,296.9,31.2,D,0
-24.349,129.2669,324.5,2.8,1.6,2014-08-15,0546,Aqua,MODIS,78,6.2,298.5,75.6,D,0
-24.3891,129.3125,318.5,2.8,1.6,2014-08-15,0546,Aqua,MODIS,58,6.2,298.3,44.6,D,0
-22.7425,131.3776,309.8,4.2,1.9,2014-08-15,0547,Aqua,MODIS,48,6.2,298.5,39.9,D,0
-22.6421,122.1027,319.8,1.1,1,2014-08-15,0547,Aqua,MODIS,66,6.2,303.9,10.8,D,0
-22.7395,131.3689,311.2,4.2,1.9,2014-08-15,0547,Aqua,MODIS,55,6.2,298.4,50.9,D,0
-22.6437,122.0923,329.7,1.1,1,2014-08-15,0547,Aqua,MODIS,80,6.2,305,22.8,D,0
-22.0857,121.8173,385.7,1.1,1,2014-08-15,0547,Aqua,MODIS,100,6.2,309.5,184.3,D,0
-22.0949,121.8189,377.7,1.1,1,2014-08-15,0547,Aqua,MODIS,100,6.2,310.1,147.6,D,0
-22.0841,121.8275,333.7,1.1,1,2014-08-15,0547,Aqua,MODIS,84,6.2,304.1,27.1,D,0
-22.8053,119.9885,324.4,1,1,2014-08-15,0547,Aqua,MODIS,67,6.2,307.2,10.6,D,0
-22.0934,121.8291,353.9,1.1,1,2014-08-15,0547,Aqua,MODIS,97,6.2,305.7,68.1,D,0
-17.9271,125.2258,332.9,1.9,1.4,2014-08-15,0548,Aqua,MODIS,83,6.2,308.7,54.9,D,0
-17.9303,125.208,327.1,1.9,1.4,2014-08-15,0548,Aqua,MODIS,70,6.2,309.1,35,D,0
-18.9055,122.0596,319.8,1.2,1.1,2014-08-15,0548,Aqua,MODIS,53,6.2,308,6.9,D,0
-18.9755,121.6752,321.4,1.1,1.1,2014-08-15,0548,Aqua,MODIS,44,6.2,308.8,9.6,D,0
-18.9512,121.7686,321.4,1.1,1.1,2014-08-15,0548,Aqua,MODIS,48,6.2,310.3,8.8,D,0
-18.7235,121.9817,326.7,1.2,1.1,2014-08-15,0548,Aqua,MODIS,74,6.2,311.4,14.4,D,0
-18.7112,121.9348,325,1.2,1.1,2014-08-15,0548,Aqua,MODIS,72,6.2,310.4,13.3,D,0
-18.7094,121.9289,320.1,1.2,1.1,2014-08-15,0548,Aqua,MODIS,60,6.2,310,7,D,0
-18.7218,121.9926,335.1,1.2,1.1,2014-08-15,0548,Aqua,MODIS,84,6.2,310.9,28.6,D,0
-21.8443,119.3083,317.1,1,1,2014-08-15,0548,Aqua,MODIS,59,6.2,305.9,6.4,D,0
-21.8353,119.3068,330.4,1,1,2014-08-15,0548,Aqua,MODIS,81,6.2,305,21,D,0
-21.8366,119.297,343.6,1,1,2014-08-15,0548,Aqua,MODIS,91,6.2,305.8,42.1,D,0
-20.6293,119.1238,323,1,1,2014-08-15,0548,Aqua,MODIS,49,6.2,309.1,8.1,D,0
-20.6383,119.1253,333.7,1,1,2014-08-15,0548,Aqua,MODIS,83,6.2,309.3,21,D,0
-17.9628,125.2567,324,1.9,1.4,2014-08-15,0548,Aqua,MODIS,72,6.2,307.2,27.6,D,0
-17.966,125.2386,323,1.9,1.4,2014-08-15,0548,Aqua,MODIS,66,6.2,309.9,23.9,D,0
-17.9603,125.2508,328,1.9,1.4,2014-08-15,0548,Aqua,MODIS,78,6.2,307.5,38.8,D,0
-20.6487,119.117,324.3,1,1,2014-08-15,0548,Aqua,MODIS,67,6.2,309.2,9.7,D,0
-21.7201,117.8232,318.3,1.1,1.1,2014-08-15,0548,Aqua,MODIS,47,6.2,305.5,8.8,D,0
-21.6369,117.8382,328,1.1,1.1,2014-08-15,0548,Aqua,MODIS,77,6.2,305.2,20.8,D,0
-21.6383,117.8273,339.3,1.1,1.1,2014-08-15,0548,Aqua,MODIS,88,6.2,307,40.2,D,0
-21.6287,117.8258,320.6,1.1,1.1,2014-08-15,0548,Aqua,MODIS,65,6.2,304.9,13.1,D,0
-18.8108,130.3438,316.9,4.4,1.9,2014-08-15,0548,Aqua,MODIS,64,6.2,301.5,81,D,0
-18.8109,130.3392,314.5,4.4,1.9,2014-08-15,0548,Aqua,MODIS,57,6.2,301.6,68.1,D,0
-17.5519,123.8467,364.1,1.6,1.2,2014-08-15,0549,Aqua,MODIS,100,6.2,308.3,167.7,D,0
-17.5605,123.8633,333.6,1.6,1.2,2014-08-15,0549,Aqua,MODIS,66,6.2,308.5,41.9,D,0
-17.5495,123.8613,324.2,1.6,1.2,2014-08-15,0549,Aqua,MODIS,50,6.2,305.4,21.5,D,0
-17.3625,122.1682,331.5,1.2,1.1,2014-08-15,0549,Aqua,MODIS,51,6.2,311.2,19.6,D,0
-17.3931,122.1675,337.1,1.2,1.1,2014-08-15,0549,Aqua,MODIS,65,6.2,307.6,32.4,D,0
-16.5022,123.8597,321.8,1.6,1.3,2014-08-15,0549,Aqua,MODIS,50,6.2,307.1,19.6,D,0
-16.3905,123.8326,348.9,1.6,1.3,2014-08-15,0549,Aqua,MODIS,71,6.2,303.6,98.9,D,0
-17.5063,122.3604,334.1,1.3,1.1,2014-08-15,0549,Aqua,MODIS,78,6.2,312.6,27.4,D,0
-16.929,122.6878,329.9,1.3,1.1,2014-08-15,0549,Aqua,MODIS,17,6.2,307,22.7,D,0
-16.3713,123.7465,337.2,1.6,1.2,2014-08-15,0549,Aqua,MODIS,70,6.2,308.7,55.8,D,0
-16.364,123.791,338.4,1.6,1.3,2014-08-15,0549,Aqua,MODIS,58,6.2,307.2,59.5,D,0
-17.4994,122.4684,335.5,1.3,1.1,2014-08-15,0549,Aqua,MODIS,84,6.2,309.5,36.1,D,0
-17.3912,122.179,336.1,1.2,1.1,2014-08-15,0549,Aqua,MODIS,84,6.2,309.6,31,D,0
-16.2611,128.1878,318.9,3.4,1.7,2014-08-15,0549,Aqua,MODIS,64,6.2,307,50.5,D,0
-16.3728,123.8078,341.9,1.6,1.3,2014-08-15,0549,Aqua,MODIS,87,6.2,307.7,71.8,D,0
-17.3706,122.1814,337.9,1.2,1.1,2014-08-15,0549,Aqua,MODIS,86,6.2,312,34.6,D,0
-17.3607,122.1797,333,1.2,1.1,2014-08-15,0549,Aqua,MODIS,82,6.2,311.1,23.1,D,0
-17.2745,122.5277,330.7,1.3,1.1,2014-08-15,0549,Aqua,MODIS,76,6.2,309.5,23.1,D,0
-17.2846,122.5294,326.2,1.3,1.1,2014-08-15,0549,Aqua,MODIS,58,6.2,311.5,15.5,D,0
-16.0579,128.842,319.2,3.9,1.8,2014-08-15,0549,Aqua,MODIS,61,6.2,307.3,61.4,D,0
-17.3206,122.3038,331.3,1.3,1.1,2014-08-15,0549,Aqua,MODIS,80,6.2,309.7,22.6,D,0
-17.3181,122.2555,354.7,1.2,1.1,2014-08-15,0549,Aqua,MODIS,97,6.2,311,80.6,D,0
-16.0538,128.8364,318.1,3.9,1.8,2014-08-15,0549,Aqua,MODIS,39,6.2,307.8,49.6,D,0
-17.498,123.0488,320.8,1.4,1.2,2014-08-15,0549,Aqua,MODIS,36,6.2,309.1,8.8,D,0
-17.3081,122.2537,328.7,1.2,1.1,2014-08-15,0549,Aqua,MODIS,31,6.2,309.1,17.6,D,0
-17.3569,122.328,324.1,1.3,1.1,2014-08-15,0549,Aqua,MODIS,35,6.2,307.5,13.5,D,0
-16.3689,123.7614,334.1,1.6,1.2,2014-08-15,0549,Aqua,MODIS,50,6.2,308.5,45.9,D,0
-17.2667,122.2518,325.3,1.2,1.1,2014-08-15,0549,Aqua,MODIS,58,6.2,309,16.4,D,0
-17.5628,122.7103,335.4,1.3,1.1,2014-08-15,0549,Aqua,MODIS,85,6.2,309.6,36.5,D,0
-17.5126,123.0249,330.7,1.4,1.2,2014-08-15,0549,Aqua,MODIS,78,6.2,307.5,29.8,D,0
-17.2457,122.3203,340.7,1.3,1.1,2014-08-15,0549,Aqua,MODIS,87,6.2,311.6,42.2,D,0
-17.2438,122.3321,336,1.3,1.1,2014-08-15,0549,Aqua,MODIS,61,6.2,313.2,33.5,D,0
-16.3601,123.7446,323.4,1.6,1.2,2014-08-15,0549,Aqua,MODIS,16,6.2,304.5,24.5,D,0
-16.3616,123.8058,336.5,1.6,1.3,2014-08-15,0549,Aqua,MODIS,58,6.2,304.3,55.1,D,0
-16.9806,122.7615,326.2,1.4,1.2,2014-08-15,0549,Aqua,MODIS,66,6.2,309.3,18.2,D,0
-16.962,122.7453,363.1,1.3,1.2,2014-08-15,0549,Aqua,MODIS,100,6.2,313.1,124.9,D,0
-17.4433,122.2353,329.3,1.2,1.1,2014-08-15,0549,Aqua,MODIS,70,6.2,308.3,21.9,D,0
-17.4352,122.222,338.5,1.2,1.1,2014-08-15,0549,Aqua,MODIS,84,6.2,307.6,38.8,D,0
-17.5306,122.3946,326.2,1.3,1.1,2014-08-15,0549,Aqua,MODIS,39,6.2,309.3,18.4,D,0
-17.4092,122.1939,342.3,1.2,1.1,2014-08-15,0549,Aqua,MODIS,76,6.2,309.3,45.8,D,0
-17.5356,122.5547,320.9,1.3,1.1,2014-08-15,0549,Aqua,MODIS,30,6.2,307.2,11.9,D,0
-17.5337,122.5668,326.3,1.3,1.1,2014-08-15,0549,Aqua,MODIS,74,6.2,305.6,21.1,D,0
-17.3993,122.1922,337,1.2,1.1,2014-08-15,0549,Aqua,MODIS,73,6.2,310.5,32.7,D,0
-17.5105,123.0377,325.8,1.4,1.2,2014-08-15,0549,Aqua,MODIS,66,6.2,308.8,19.3,D,0
-17.1721,122.7172,329,1.3,1.1,2014-08-15,0549,Aqua,MODIS,75,6.2,311.7,22.2,D,0
-17.5566,122.6838,322.2,1.3,1.1,2014-08-15,0549,Aqua,MODIS,52,6.2,307.9,13.7,D,0
-16.907,122.7166,336.3,1.3,1.1,2014-08-15,0549,Aqua,MODIS,74,6.2,309.9,38.9,D,0
-17.463,122.8067,322.6,1.3,1.1,2014-08-15,0549,Aqua,MODIS,29,6.2,311,11.5,D,0
-16.909,122.7041,332.1,1.3,1.1,2014-08-15,0549,Aqua,MODIS,36,6.2,310.1,28.9,D,0
-17.2839,122.2138,330.6,1.2,1.1,2014-08-15,0549,Aqua,MODIS,45,6.2,306.9,25.9,D,0
-17.3306,122.3056,344.2,1.3,1.1,2014-08-15,0549,Aqua,MODIS,91,6.2,308.9,50.4,D,0
-17.2375,122.3068,328.6,1.3,1.1,2014-08-15,0549,Aqua,MODIS,64,6.2,309.4,19.5,D,0
-17.5081,122.3487,341.7,1.3,1.1,2014-08-15,0549,Aqua,MODIS,87,6.2,310.3,45.2,D,0
-17.4147,122.1594,355.7,1.2,1.1,2014-08-15,0549,Aqua,MODIS,74,6.2,306,87.5,D,0
-17.3288,122.3173,335.8,1.3,1.1,2014-08-15,0549,Aqua,MODIS,83,6.2,306.6,31.1,D,0
-17.3406,122.3073,341.1,1.3,1.1,2014-08-15,0549,Aqua,MODIS,89,6.2,311.1,42.6,D,0
-17.5181,122.3504,334.4,1.3,1.1,2014-08-15,0549,Aqua,MODIS,67,6.2,308,31.6,D,0
-17.3387,122.319,360.5,1.3,1.1,2014-08-15,0549,Aqua,MODIS,100,6.2,308.6,102.2,D,0
-17.5,122.3352,330.6,1.3,1.1,2014-08-15,0549,Aqua,MODIS,65,6.2,307.8,24.3,D,0
-17.2597,122.4266,320.8,1.3,1.1,2014-08-15,0549,Aqua,MODIS,47,6.2,308.7,9.9,D,0
-17.1871,122.9349,325.5,1.4,1.2,2014-08-15,0549,Aqua,MODIS,67,6.2,306.3,21.3,D,0
-16.4017,123.8344,361.2,1.6,1.3,2014-08-15,0549,Aqua,MODIS,75,6.2,306.7,158.6,D,0
-16.413,123.8366,320.3,1.6,1.3,2014-08-15,0549,Aqua,MODIS,39,6.2,304.8,13.4,D,0
-16.4353,123.8415,333.9,1.6,1.3,2014-08-15,0549,Aqua,MODIS,73,6.2,305.7,49.2,D,0
-17.5388,122.795,322.3,1.3,1.1,2014-08-15,0549,Aqua,MODIS,38,6.2,308.7,12.8,D,0
-17.5162,122.3621,355.1,1.3,1.1,2014-08-15,0549,Aqua,MODIS,97,6.2,312.1,84.7,D,0
-16.3931,123.8172,337.2,1.6,1.3,2014-08-15,0549,Aqua,MODIS,87,6.2,308.2,54.7,D,0
-17.1892,122.9221,337.2,1.4,1.2,2014-08-15,0549,Aqua,MODIS,86,6.2,310.3,44.4,D,0
-17.5648,122.6979,328.1,1.3,1.1,2014-08-15,0549,Aqua,MODIS,66,6.2,308.2,22.1,D,0
-17.5276,138.2745,300.7,1.1,1,2014-08-15,1335,Terra,MODIS,7,6.2,289.4,5,N,0
-17.5166,138.2832,318,1.1,1,2014-08-15,1335,Terra,MODIS,96,6.2,290.2,18.5,N,0
-17.5182,138.2728,314.8,1.1,1,2014-08-15,1335,Terra,MODIS,90,6.2,291,15.2,N,0
-17.5088,138.2712,304.2,1.1,1,2014-08-15,1335,Terra,MODIS,59,6.2,290.6,7,N,0
-16.8075,136.9316,301.3,1,1,2014-08-15,1335,Terra,MODIS,12,6.2,289.2,4.7,N,0
-16.7789,136.9367,301.6,1,1,2014-08-15,1335,Terra,MODIS,27,6.2,288.8,5,N,0
-16.2436,135.6729,300,1,1,2014-08-15,1336,Terra,MODIS,8,6.2,285.8,5.5,N,0
-16.1455,136.2955,303.6,1,1,2014-08-15,1336,Terra,MODIS,56,6.2,288.6,6.7,N,0
-15.2148,135.1464,301.9,1,1,2014-08-15,1336,Terra,MODIS,22,6.2,285.8,5.9,N,0
-16.1505,136.3249,301.5,1,1,2014-08-15,1336,Terra,MODIS,41,6.2,288.9,5.4,N,0
-15.2135,135.1558,313.5,1,1,2014-08-15,1336,Terra,MODIS,87,6.2,288.6,13,N,0
-13.2255,135.6859,306.7,1,1,2014-08-15,1336,Terra,MODIS,69,6.2,289.4,8.6,N,0
-15.2045,135.1544,320.7,1,1,2014-08-15,1336,Terra,MODIS,100,6.2,288.7,19.3,N,0
-15.2406,135.1599,302.4,1,1,2014-08-15,1336,Terra,MODIS,33,6.2,290.8,6.3,N,0
-15.2392,135.2989,315.6,1,1,2014-08-15,1336,Terra,MODIS,91,6.2,286.7,15.5,N,0
-15.2316,135.1585,326.1,1,1,2014-08-15,1336,Terra,MODIS,100,6.2,289.9,25.3,N,0
-15.1748,135.169,309.9,1,1,2014-08-15,1336,Terra,MODIS,75,6.2,288.8,10.8,N,0
-15.9968,136.4953,305.3,1,1,2014-08-15,1336,Terra,MODIS,64,6.2,287.5,8.3,N,0
-15.1761,135.1596,312,1,1,2014-08-15,1336,Terra,MODIS,84,6.2,287.5,12.5,N,0
-15.2498,135.1577,301.2,1,1,2014-08-15,1336,Terra,MODIS,8,6.2,289.6,4.9,N,0
-15.5108,131.3658,300.7,1.5,1.2,2014-08-15,1336,Terra,MODIS,31,6.2,288.6,8.8,N,0
-15.2613,135.2071,306.3,1,1,2014-08-15,1336,Terra,MODIS,20,6.2,291,7.2,N,0
-13.8458,136.6025,301.7,1,1,2014-08-15,1336,Terra,MODIS,44,6.2,289.3,4.9,N,0
-15.7565,135.9941,302,1,1,2014-08-15,1336,Terra,MODIS,46,6.2,289.6,5.4,N,0
-15.5073,131.3942,300.3,1.5,1.2,2014-08-15,1336,Terra,MODIS,24,6.2,287.7,9.2,N,0
-15.2626,135.1978,314.1,1,1,2014-08-15,1336,Terra,MODIS,80,6.2,292.4,12.8,N,0
-13.5593,131.6148,302.1,1.4,1.2,2014-08-15,1337,Terra,MODIS,47,6.2,290.8,7.7,N,0
-12.6189,131.509,328.2,1.4,1.2,2014-08-15,1337,Terra,MODIS,100,6.2,292.8,41.8,N,0
-12.6266,131.5032,332.8,1.4,1.2,2014-08-15,1337,Terra,MODIS,100,6.2,293.1,50.6,N,0
-12.6251,131.5156,313.1,1.4,1.2,2014-08-15,1337,Terra,MODIS,58,6.2,290.9,17.4,N,0
-12.637,131.5046,309.9,1.4,1.2,2014-08-15,1337,Terra,MODIS,79,6.2,290.3,15.3,N,0
-12.6163,131.5018,329,1.4,1.2,2014-08-15,1337,Terra,MODIS,100,6.2,292.8,42.4,N,0
-12.6206,131.4966,314,1.4,1.2,2014-08-15,1337,Terra,MODIS,88,6.2,290.8,19.7,N,0
-12.6354,131.5171,304,1.4,1.2,2014-08-15,1337,Terra,MODIS,49,6.2,290.5,8.8,N,0
-12.2096,136.5882,301,1.1,1,2014-08-15,1337,Terra,MODIS,36,6.2,290.7,4.3,N,0
-12.3359,136.804,306.6,1.1,1,2014-08-15,1337,Terra,MODIS,69,6.2,291.1,8.2,N,0
-12.6547,132.1552,302.7,1.2,1.1,2014-08-15,1337,Terra,MODIS,48,6.2,289.7,7.8,N,0
-13.2069,132.2917,308.1,1.2,1.1,2014-08-15,1337,Terra,MODIS,71,6.2,292.2,11.2,N,0
-13.197,132.2904,308.2,1.2,1.1,2014-08-15,1337,Terra,MODIS,74,6.2,292,10.9,N,0
-12.6102,131.4951,308.8,1.4,1.2,2014-08-15,1337,Terra,MODIS,75,6.2,289.7,14.9,N,0
-12.6086,131.5076,317.1,1.4,1.2,2014-08-15,1337,Terra,MODIS,94,6.2,291.4,24.9,N,0
-12.1635,134.9458,304.8,1,1,2014-08-15,1337,Terra,MODIS,61,6.2,290.3,6.6,N,0
-12.4461,133.8481,306.1,1,1,2014-08-15,1337,Terra,MODIS,56,6.2,294.3,5.5,N,0
-12.9378,132.2472,301.7,1.2,1.1,2014-08-15,1337,Terra,MODIS,13,6.2,289.6,6,N,0
-12.657,135.2904,319.2,1,1,2014-08-15,1337,Terra,MODIS,98,6.2,290.2,18.1,N,0
-12.173,136.2139,307,1,1,2014-08-15,1337,Terra,MODIS,70,6.2,291.6,7.3,N,0
-13.1551,134.3636,301,1,1,2014-08-15,1337,Terra,MODIS,36,6.2,288,5.4,N,0
-12.9393,132.2359,302.6,1.2,1.1,2014-08-15,1337,Terra,MODIS,38,6.2,290.7,7.1,N,0
-12.405,133.1988,305.6,1.1,1,2014-08-15,1337,Terra,MODIS,65,6.2,294.2,6,N,0
-12.747,135.7516,328.7,1,1,2014-08-15,1337,Terra,MODIS,100,6.2,291.1,27.9,N,0
-12.4369,133.8467,312.2,1,1,2014-08-15,1337,Terra,MODIS,84,6.2,294.6,9.7,N,0
-11.9693,134.7585,307.3,1,1,2014-08-15,1337,Terra,MODIS,53,6.2,292.4,6.5,N,0
-12.7032,135.7355,300.6,1,1,2014-08-15,1337,Terra,MODIS,31,6.2,289.6,4.5,N,0
-12.6552,135.4305,300.8,1,1,2014-08-15,1337,Terra,MODIS,29,6.2,290,4,N,0
-11.9706,134.7494,302.5,1,1,2014-08-15,1337,Terra,MODIS,20,6.2,292,3.8,N,0
-12.9408,132.2246,307.4,1.2,1.1,2014-08-15,1337,Terra,MODIS,70,6.2,291,11,N,0
-12.0006,136.5171,310.7,1.1,1,2014-08-15,1337,Terra,MODIS,72,6.2,291.7,9.9,N,0
-12.4539,133.859,305.7,1,1,2014-08-15,1337,Terra,MODIS,47,6.2,293.3,5.4,N,0
-12.3406,132.377,305.5,1.2,1.1,2014-08-15,1337,Terra,MODIS,64,6.2,287,10.2,N,0
-11.7493,130.2101,303.7,1.6,1.3,2014-08-15,1337,Terra,MODIS,57,6.2,290.9,12.9,N,0
-11.372,130.2991,333.6,1.6,1.2,2014-08-15,1337,Terra,MODIS,100,6.2,290.8,66.9,N,0
-12.5219,131.7687,302.9,1.3,1.1,2014-08-15,1337,Terra,MODIS,52,6.2,289.4,8.9,N,0
-12.5188,131.7926,311.9,1.3,1.1,2014-08-15,1337,Terra,MODIS,84,6.2,289.6,16.9,N,0
-12.5204,131.7807,306.4,1.3,1.1,2014-08-15,1337,Terra,MODIS,68,6.2,289.4,11.5,N,0
-11.3738,130.2847,305.1,1.6,1.2,2014-08-15,1337,Terra,MODIS,18,6.2,289.6,13,N,0
-30.8663,121.4937,307.4,1.9,1.4,2014-08-15,1510,Terra,MODIS,71,6.2,279.7,31.5,N,2
-21.6231,117.8205,301,1.7,1.3,2014-08-15,1513,Terra,MODIS,36,6.2,285.3,14.2,N,0
-11.6404,132.7705,303.3,1,1,2014-08-15,1639,Aqua,MODIS,54,6.2,290.2,6.2,N,0
-11.97,134.7608,302.4,1.2,1.1,2014-08-15,1639,Aqua,MODIS,49,6.2,290.9,6.3,N,0
-11.3731,130.3032,312.2,1.1,1,2014-08-15,1639,Aqua,MODIS,78,6.2,289.7,14,N,0
-14.3659,129.684,301.6,1.1,1,2014-08-15,1640,Aqua,MODIS,36,6.2,288.1,6.7,N,0
-14.3643,129.6738,301.2,1.1,1,2014-08-15,1640,Aqua,MODIS,32,6.2,287.1,6.5,N,0
-12.5188,131.7879,310.1,1,1,2014-08-15,1640,Aqua,MODIS,79,6.2,287.8,10.8,N,0
-12.6562,132.1622,301.4,1,1,2014-08-15,1640,Aqua,MODIS,40,6.2,287.4,6,N,0
-12.5042,132.5719,326.7,1,1,2014-08-15,1640,Aqua,MODIS,100,6.2,291,25.9,N,0
-12.5028,132.5627,329.5,1,1,2014-08-15,1640,Aqua,MODIS,100,6.2,289.8,29.3,N,0
-12.5215,131.8062,300,1,1,2014-08-15,1640,Aqua,MODIS,9,6.2,287.6,5.3,N,0
-12.5202,131.797,313.4,1,1,2014-08-15,1640,Aqua,MODIS,87,6.2,288.4,13.4,N,0
-12.5175,131.7787,303.9,1,1,2014-08-15,1640,Aqua,MODIS,57,6.2,288.1,7.4,N,0
-12.5132,132.5705,304.1,1,1,2014-08-15,1640,Aqua,MODIS,58,6.2,289.1,7.2,N,0
-13.1901,132.2861,303,1,1,2014-08-15,1640,Aqua,MODIS,42,6.2,292.1,4.9,N,0
-13.1915,132.2953,315.3,1,1,2014-08-15,1640,Aqua,MODIS,91,6.2,292.7,13.6,N,0
-13.2003,132.2969,304.2,1,1,2014-08-15,1640,Aqua,MODIS,59,6.2,292,6.9,N,0
-15.779,136.0079,305.5,1.6,1.2,2014-08-15,1640,Aqua,MODIS,64,6.2,287.4,15.3,N,0
-12.6257,131.5156,311.9,1,1,2014-08-15,1640,Aqua,MODIS,84,6.2,290.4,11.8,N,0
-13.4815,132.265,300.5,1,1,2014-08-15,1640,Aqua,MODIS,29,6.2,290.5,4.3,N,0
-12.6347,131.5142,301.2,1,1,2014-08-15,1640,Aqua,MODIS,29,6.2,288.3,5.2,N,0
-12.5962,131.507,328.3,1,1,2014-08-15,1640,Aqua,MODIS,100,6.2,290.2,28.3,N,0
-15.251,135.2034,306.4,1.4,1.2,2014-08-15,1640,Aqua,MODIS,60,6.2,288.1,13,N,0
-12.6052,131.5057,347.9,1,1,2014-08-15,1640,Aqua,MODIS,100,6.2,293.2,59.2,N,0
-12.6142,131.5043,312.1,1,1,2014-08-15,1640,Aqua,MODIS,47,6.2,289.9,11.3,N,0
-12.6066,131.5149,330.9,1,1,2014-08-15,1640,Aqua,MODIS,100,6.2,290.8,30.9,N,0
-13.231,132.2548,303,1,1,2014-08-15,1640,Aqua,MODIS,53,6.2,287.6,6.2,N,0
-13.2831,130.8039,301.4,1,1,2014-08-15,1640,Aqua,MODIS,41,6.2,291,5.1,N,0
-13.3485,130.816,305.8,1,1,2014-08-15,1640,Aqua,MODIS,66,6.2,291.5,7.5,N,0
-13.2427,132.2718,302,1,1,2014-08-15,1640,Aqua,MODIS,46,6.2,289.3,5.6,N,0
-12.6169,131.5227,304.9,1,1,2014-08-15,1640,Aqua,MODIS,25,6.2,288,6.7,N,0
-12.6156,131.5135,360.9,1,1,2014-08-15,1640,Aqua,MODIS,100,6.2,294.6,90,N,0
-13.2413,132.2626,311.8,1,1,2014-08-15,1640,Aqua,MODIS,83,6.2,289.9,12.1,N,0
-13.3499,130.8254,306.1,1,1,2014-08-15,1640,Aqua,MODIS,67,6.2,291.5,7.6,N,0
-15.2559,135.1959,305.6,1.4,1.2,2014-08-15,1640,Aqua,MODIS,50,6.2,287.5,12.1,N,0
-13.2323,132.2639,312.3,1,1,2014-08-15,1640,Aqua,MODIS,84,6.2,289.5,12.3,N,0
-14.0528,129.6912,303,1.1,1,2014-08-15,1640,Aqua,MODIS,41,6.2,289.8,6.3,N,0
-12.3374,132.3747,307.5,1,1,2014-08-15,1640,Aqua,MODIS,72,6.2,287.3,9.7,N,0
-14.0512,129.681,309.6,1.1,1,2014-08-15,1640,Aqua,MODIS,70,6.2,290.1,10.5,N,0
-15.8893,136.0636,300.1,1.6,1.2,2014-08-15,1640,Aqua,MODIS,17,6.2,287.4,10.8,N,0
-15.1001,135.2424,310.5,1.4,1.2,2014-08-15,1640,Aqua,MODIS,80,6.2,286.8,18.5,N,0
-15.7072,135.9794,304.3,1.6,1.2,2014-08-15,1640,Aqua,MODIS,59,6.2,287.6,13.9,N,0
-15.6942,135.9662,300.2,1.6,1.2,2014-08-15,1640,Aqua,MODIS,10,6.2,286.9,9.7,N,0
-15.0985,135.2296,302.5,1.4,1.2,2014-08-15,1640,Aqua,MODIS,43,6.2,284.8,10.9,N,0
-12.449,133.8596,305.1,1.1,1,2014-08-15,1640,Aqua,MODIS,63,6.2,291.7,6.9,N,0
-15.088,135.231,306.4,1.4,1.2,2014-08-15,1640,Aqua,MODIS,68,6.2,285.5,15.1,N,0
-12.4264,133.9035,306.8,1.1,1,2014-08-15,1640,Aqua,MODIS,69,6.2,291.7,8.1,N,0
-15.1729,135.1751,306.3,1.4,1.2,2014-08-15,1640,Aqua,MODIS,68,6.2,286.3,14.9,N,0
-12.9328,132.2243,304.9,1,1,2014-08-15,1640,Aqua,MODIS,36,6.2,290.3,6.6,N,0
-12.9314,132.2151,303.9,1,1,2014-08-15,1640,Aqua,MODIS,32,6.2,290,6.1,N,0
-12.4382,133.8511,302.3,1.1,1,2014-08-15,1640,Aqua,MODIS,40,6.2,292.1,4.8,N,0
-16.1485,136.3236,302.6,1.7,1.3,2014-08-15,1641,Aqua,MODIS,50,6.2,287.6,14.6,N,0
-15.5141,131.3803,306.6,1,1,2014-08-15,1641,Aqua,MODIS,69,6.2,286.4,9.1,N,0
-15.3996,131.3479,308.3,1,1,2014-08-15,1641,Aqua,MODIS,74,6.2,287.3,10.5,N,0
-15.5128,131.3711,302.3,1,1,2014-08-15,1641,Aqua,MODIS,48,6.2,286.9,6.4,N,0
-15.5155,131.3896,312.3,1,1,2014-08-15,1641,Aqua,MODIS,85,6.2,286.7,13,N,0
-16.9519,122.7329,305.6,2.9,1.6,2014-08-15,1641,Aqua,MODIS,58,6.2,281.6,45.1,N,0
-16.3425,123.8151,301.5,2.5,1.5,2014-08-15,1641,Aqua,MODIS,12,6.2,290,16.2,N,0
-16.9467,122.7061,304.4,2.9,1.6,2014-08-15,1641,Aqua,MODIS,44,6.2,282.4,41.6,N,0
-16.3025,128.3067,303.6,1.2,1.1,2014-08-15,1641,Aqua,MODIS,56,6.2,287.2,10,N,0
-16.344,123.7965,311.3,2.5,1.5,2014-08-15,1641,Aqua,MODIS,53,6.2,290.3,38.3,N,0
-16.9477,122.7135,310.2,2.9,1.6,2014-08-15,1641,Aqua,MODIS,79,6.2,282.8,61.7,N,0
-16.3383,123.7926,318.1,2.5,1.5,2014-08-15,1641,Aqua,MODIS,96,6.2,291,61.8,N,0
-16.3304,123.7988,308.8,2.5,1.5,2014-08-15,1641,Aqua,MODIS,76,6.2,290.6,33.9,N,0
-16.3873,123.8302,311.4,2.5,1.5,2014-08-15,1641,Aqua,MODIS,82,6.2,289.1,41,N,0
-17.5262,138.2825,309.5,3.6,1.8,2014-08-16,0028,Terra,MODIS,56,6.2,297.5,36.9,D,0
-17.2978,138.8296,314.2,3.4,1.7,2014-08-16,0028,Terra,MODIS,52,6.2,296.3,50.5,D,0
-17.2922,138.8235,322.3,3.4,1.7,2014-08-16,0028,Terra,MODIS,68,6.2,296.7,89.6,D,0
-17.2763,138.8016,310.4,3.4,1.7,2014-08-16,0028,Terra,MODIS,54,6.2,295.7,37.5,D,0
-17.2823,138.8329,316,3.4,1.7,2014-08-16,0028,Terra,MODIS,70,6.2,295.8,62.9,D,0
-17.587,138.339,311,3.6,1.8,2014-08-16,0028,Terra,MODIS,60,6.2,298.4,42.7,D,0
-17.5946,138.3299,311.2,3.6,1.8,2014-08-16,0028,Terra,MODIS,61,6.2,297.1,44.4,D,0
-17.3601,137.2803,307.8,4.3,1.9,2014-08-16,0028,Terra,MODIS,49,6.2,296.4,46.5,D,0
-17.361,137.2727,306.8,4.3,1.9,2014-08-16,0028,Terra,MODIS,43,6.2,296.5,41.1,D,0
-11.1155,132.5704,316.4,2.9,1.6,2014-08-16,0204,Terra,MODIS,50,6.2,297.9,35,D,0
-12.5241,131.7937,326.8,2.6,1.6,2014-08-16,0205,Terra,MODIS,80,6.2,302.4,72.5,D,0
-12.5776,132.0095,324.9,2.7,1.6,2014-08-16,0205,Terra,MODIS,66,6.2,302.2,62.8,D,0
-12.5299,131.7744,320.6,2.6,1.5,2014-08-16,0205,Terra,MODIS,52,6.2,300.2,43.8,D,0
-12.5567,131.9924,321.7,2.7,1.6,2014-08-16,0205,Terra,MODIS,59,6.2,298.6,54.1,D,0
-12.5213,131.77,317.3,2.6,1.5,2014-08-16,0205,Terra,MODIS,39,6.2,300.7,33.5,D,0
-12.0336,132.926,318.1,3.1,1.7,2014-08-16,0205,Terra,MODIS,37,6.2,301.9,41.6,D,0
-12.5739,132.0154,328.7,2.7,1.6,2014-08-16,0205,Terra,MODIS,57,6.2,302.5,78.4,D,0
-12.5634,132.0112,335.7,2.7,1.6,2014-08-16,0205,Terra,MODIS,87,6.2,301.6,125.5,D,0
-12.5597,132.0171,332.4,2.7,1.6,2014-08-16,0205,Terra,MODIS,80,6.2,300.6,105.8,D,0
-11.6789,132.9922,313.9,3.1,1.7,2014-08-16,0205,Terra,MODIS,59,6.2,299.5,33.9,D,0
-12.538,131.7922,327.8,2.6,1.6,2014-08-16,0205,Terra,MODIS,77,6.2,300.9,73.9,D,0
-12.5468,131.7966,331.5,2.6,1.6,2014-08-16,0205,Terra,MODIS,68,6.2,301.9,87.6,D,0
-12.552,131.7906,323.3,2.6,1.6,2014-08-16,0205,Terra,MODIS,72,6.2,301.8,54.1,D,0
-11.5926,130.7347,318.4,2.1,1.4,2014-08-16,0205,Terra,MODIS,51,6.2,302.3,22.1,D,0
-11.4936,131.3062,324.2,2.3,1.5,2014-08-16,0205,Terra,MODIS,77,6.2,297.5,52.1,D,0
-11.5042,131.2837,332.4,2.3,1.5,2014-08-16,0205,Terra,MODIS,80,6.2,297.9,81.6,D,0
-11.5067,131.3045,329.5,2.3,1.5,2014-08-16,0205,Terra,MODIS,82,6.2,299.4,71.3,D,0
-11.2441,132.0157,316.8,2.6,1.5,2014-08-16,0205,Terra,MODIS,54,6.2,296.6,32.8,D,0
-11.5488,131.111,328.8,2.2,1.4,2014-08-16,0205,Terra,MODIS,81,6.2,298.7,58.7,D,0
-11.547,131.1056,322.9,2.2,1.4,2014-08-16,0205,Terra,MODIS,75,6.2,298.3,40.8,D,0
-11.5494,131.1257,318,2.2,1.4,2014-08-16,0205,Terra,MODIS,55,6.2,298.7,25.8,D,0
-11.5689,132.9542,312.3,3.1,1.7,2014-08-16,0205,Terra,MODIS,37,6.2,297.4,27.4,D,0
-12.0488,132.9243,317.5,3.1,1.7,2014-08-16,0205,Terra,MODIS,32,6.2,300.9,40.5,D,0
-12.5328,131.7982,322.4,2.6,1.6,2014-08-16,0205,Terra,MODIS,61,6.2,301.3,50.9,D,0
-11.6358,133.004,317.9,3.1,1.7,2014-08-16,0205,Terra,MODIS,67,6.2,299,47.2,D,0
-14.3121,129.5609,315.9,1.9,1.3,2014-08-16,0205,Terra,MODIS,48,6.2,304.2,15.8,D,0
-14.3756,129.6764,325.4,1.9,1.3,2014-08-16,0205,Terra,MODIS,74,6.2,302.9,37.8,D,0
-14.3675,129.6709,337.7,1.9,1.3,2014-08-16,0205,Terra,MODIS,88,6.2,305.1,79.7,D,0
-14.3796,129.6695,319.4,1.9,1.3,2014-08-16,0205,Terra,MODIS,68,6.2,302.5,24,D,0
-11.7261,130.4668,320.5,2,1.4,2014-08-16,0205,Terra,MODIS,42,6.2,299.5,31.7,D,0
-14.3635,129.6779,338.9,1.9,1.3,2014-08-16,0205,Terra,MODIS,89,6.2,306.4,84.4,D,0
-14.3696,129.6883,326.3,1.9,1.3,2014-08-16,0205,Terra,MODIS,78,6.2,304.3,40.3,D,0
-14.2237,129.6833,313.8,1.9,1.3,2014-08-16,0205,Terra,MODIS,45,6.2,302.5,14.3,D,0
-14.1083,129.6868,314.8,1.9,1.3,2014-08-16,0205,Terra,MODIS,57,6.2,302.6,16.3,D,0
-14.4241,129.4829,320.3,1.8,1.3,2014-08-16,0205,Terra,MODIS,31,6.2,304.2,26.7,D,0
-14.4208,129.5063,328.4,1.9,1.3,2014-08-16,0205,Terra,MODIS,81,6.2,304.3,48.4,D,0
-14.4186,129.4893,323.1,1.8,1.3,2014-08-16,0205,Terra,MODIS,75,6.2,305.1,34.4,D,0
-14.4165,129.4724,315.4,1.8,1.3,2014-08-16,0205,Terra,MODIS,46,6.2,305.1,17.7,D,0
-14.3489,129.5151,314.5,1.9,1.3,2014-08-16,0205,Terra,MODIS,58,6.2,303.4,14.4,D,0
-11.7825,133.242,315.3,3.3,1.7,2014-08-16,0205,Terra,MODIS,57,6.2,301.4,32.7,D,0
-12.9506,132.2246,321.2,2.9,1.6,2014-08-16,0205,Terra,MODIS,27,6.2,303.3,38.3,D,0
-12.72,132.4653,319.8,3,1.6,2014-08-16,0205,Terra,MODIS,63,6.2,302,45.2,D,0
-12.9231,132.2598,325.7,2.9,1.6,2014-08-16,0205,Terra,MODIS,69,6.2,305.7,63.5,D,0
-12.9331,132.2001,327.6,2.8,1.6,2014-08-16,0205,Terra,MODIS,63,6.2,305,63.8,D,0
-12.3963,131.1337,314.3,2.3,1.5,2014-08-16,0205,Terra,MODIS,58,6.2,301,19.3,D,0
-13.131,134.3866,311.9,4.2,1.9,2014-08-16,0205,Terra,MODIS,39,6.2,297.9,52.9,D,0
-12.9345,132.2318,321.3,2.9,1.6,2014-08-16,0205,Terra,MODIS,58,6.2,306.2,40.4,D,0
-12.5552,134.2205,313.4,4,1.9,2014-08-16,0205,Terra,MODIS,58,6.2,298.4,46,D,0
-12.949,132.2301,327.8,2.9,1.6,2014-08-16,0205,Terra,MODIS,77,6.2,303.7,73.1,D,0
-12.72,132.4582,314.2,3,1.6,2014-08-16,0205,Terra,MODIS,34,6.2,301.9,22.9,D,0
-12.551,134.228,314.2,4,1.9,2014-08-16,0205,Terra,MODIS,60,6.2,298.2,49.9,D,0
-12.936,132.2263,326.5,2.9,1.6,2014-08-16,0205,Terra,MODIS,49,6.2,306.2,61.6,D,0
-12.9313,132.2056,328.5,2.8,1.6,2014-08-16,0205,Terra,MODIS,81,6.2,305.3,73.4,D,0
-12.9376,132.2582,317.3,2.9,1.6,2014-08-16,0205,Terra,MODIS,25,6.2,303.6,28.9,D,0
-12.9245,132.2544,325.3,2.9,1.6,2014-08-16,0205,Terra,MODIS,53,6.2,305.6,61.5,D,0
-11.7862,133.247,316.7,3.3,1.7,2014-08-16,0205,Terra,MODIS,63,6.2,301.4,38.5,D,0
-12.7231,132.4857,316.8,3,1.6,2014-08-16,0205,Terra,MODIS,62,6.2,301.4,34.4,D,0
-12.0415,133.1088,319.4,3.2,1.7,2014-08-16,0205,Terra,MODIS,70,6.2,304.1,35.3,D,0
-13.2941,130.8138,316.5,2.2,1.5,2014-08-16,0205,Terra,MODIS,60,6.2,305.6,14.5,D,0
-13.1987,132.2901,321,2.9,1.6,2014-08-16,0205,Terra,MODIS,61,6.2,303.3,48,D,0
-12.0381,133.1026,318.3,3.2,1.7,2014-08-16,0205,Terra,MODIS,68,6.2,303.9,30,D,0
-13.2258,132.2539,321,2.9,1.6,2014-08-16,0205,Terra,MODIS,44,6.2,304.9,38.2,D,0
-12.6377,131.5135,317.1,2.5,1.5,2014-08-16,0205,Terra,MODIS,27,6.2,303.6,22.1,D,0
-12.624,131.5151,319.8,2.5,1.5,2014-08-16,0205,Terra,MODIS,58,6.2,302.8,31.6,D,0
-13.0454,132.403,315,3,1.6,2014-08-16,0205,Terra,MODIS,30,6.2,303.9,25.2,D,0
-13.2917,130.7935,322.2,2.2,1.4,2014-08-16,0205,Terra,MODIS,73,6.2,305.6,33,D,0
-12.6104,131.5168,326.1,2.5,1.5,2014-08-16,0205,Terra,MODIS,71,6.2,302.2,55.8,D,0
-12.5804,131.4976,318.9,2.5,1.5,2014-08-16,0205,Terra,MODIS,70,6.2,300.3,33.9,D,0
-12.5872,131.5035,319.8,2.5,1.5,2014-08-16,0205,Terra,MODIS,72,6.2,300.3,36.6,D,0
-12.5844,131.4809,314,2.5,1.5,2014-08-16,0205,Terra,MODIS,32,6.2,300.9,17.4,D,0
-11.6382,132.7695,320.7,3,1.7,2014-08-16,0205,Terra,MODIS,60,6.2,300.3,55.9,D,0
-11.6388,132.7761,318.2,3,1.7,2014-08-16,0205,Terra,MODIS,60,6.2,300.6,41,D,0
-13.0159,132.4064,316.8,3,1.6,2014-08-16,0205,Terra,MODIS,45,6.2,304.4,31.4,D,0
-13.184,132.2915,328.2,2.9,1.6,2014-08-16,0205,Terra,MODIS,80,6.2,303.1,87.1,D,0
-13.2395,132.2591,321.3,2.9,1.6,2014-08-16,0205,Terra,MODIS,39,6.2,305.6,38.6,D,0
-11.5704,132.9594,313.4,3.1,1.7,2014-08-16,0205,Terra,MODIS,43,6.2,298.1,31.7,D,0
-13.9256,131.1075,319.4,2.4,1.5,2014-08-16,0205,Terra,MODIS,55,6.2,306.3,31.1,D,0
-12.2355,132.5738,316.1,3,1.6,2014-08-16,0205,Terra,MODIS,56,6.2,300.9,32.9,D,0
-12.2351,132.5793,313.6,3,1.6,2014-08-16,0205,Terra,MODIS,42,6.2,300.6,24.8,D,0
-11.2581,132.014,313.4,2.6,1.5,2014-08-16,0205,Terra,MODIS,32,6.2,296.5,21.8,D,0
-11.7463,130.2045,315.5,1.9,1.3,2014-08-16,0205,Terra,MODIS,64,6.2,299.9,22.5,D,0
-11.4257,130.359,314.1,1.9,1.4,2014-08-16,0205,Terra,MODIS,58,6.2,299.7,16.3,D,0
-13.8866,130.1163,319.4,2,1.4,2014-08-16,0205,Terra,MODIS,59,6.2,302.6,28.3,D,0
-11.7161,130.4616,328,2,1.4,2014-08-16,0205,Terra,MODIS,70,6.2,298.8,53.7,D,0
-11.7284,130.46,316.5,2,1.4,2014-08-16,0205,Terra,MODIS,48,6.2,299.9,22.9,D,0
-11.7485,130.222,318.5,1.9,1.4,2014-08-16,0205,Terra,MODIS,67,6.2,298.9,28.5,D,0
-14.0534,129.682,326.7,1.9,1.3,2014-08-16,0205,Terra,MODIS,74,6.2,303,43,D,0
-17.5486,123.874,321.4,1,1,2014-08-16,0206,Terra,MODIS,50,6.2,307.6,9.3,D,0
-14.839,128.4868,316.7,1.6,1.2,2014-08-16,0206,Terra,MODIS,38,6.2,303,15.5,D,0
-17.5289,123.8637,322.9,1,1,2014-08-16,0206,Terra,MODIS,52,6.2,306.4,11.6,D,0
-16.9969,122.7539,315.4,1,1,2014-08-16,0206,Terra,MODIS,55,6.2,304.3,5.3,D,0
-17.2797,122.4318,316.5,1,1,2014-08-16,0206,Terra,MODIS,50,6.2,305.4,5.3,D,0
-17.2641,122.2678,319.4,1,1,2014-08-16,0206,Terra,MODIS,51,6.2,307.4,9,D,0
-16.2896,128.3038,315.2,1.6,1.2,2014-08-16,0206,Terra,MODIS,44,6.2,303.9,10.1,D,0
-16.4322,123.8509,319,1,1,2014-08-16,0206,Terra,MODIS,0,6.2,301.8,9.3,D,0
-17.2746,122.2759,325.7,1,1,2014-08-16,0206,Terra,MODIS,76,6.2,305.2,14,D,0
-17.2732,122.2663,321.5,1,1,2014-08-16,0206,Terra,MODIS,61,6.2,307.6,10.2,D,0
-17.1764,122.7226,321.4,1,1,2014-08-16,0206,Terra,MODIS,59,6.2,305.2,10.1,D,0
-16.5356,123.8668,317.7,1,1,2014-08-16,0206,Terra,MODIS,37,6.2,301.3,9.1,D,0
-16.9585,122.6828,397.5,1,1,2014-08-16,0206,Terra,MODIS,100,6.2,309.8,233.2,D,0
-16.9314,122.6872,324,1,1,2014-08-16,0206,Terra,MODIS,77,6.2,305.9,11.3,D,0
-16.9195,122.6697,320.2,1,1,2014-08-16,0206,Terra,MODIS,53,6.2,306.1,9.4,D,0
-16.8995,122.7181,318.1,1,1,2014-08-16,0206,Terra,MODIS,63,6.2,305.8,8.2,D,0
-16.8981,122.7087,316.4,1,1,2014-08-16,0206,Terra,MODIS,54,6.2,305,6.7,D,0
-16.8891,122.7101,335.1,1,1,2014-08-16,0206,Terra,MODIS,87,6.2,304.4,28.6,D,0
-16.93,122.6777,331.5,1,1,2014-08-16,0206,Terra,MODIS,84,6.2,307.4,21.2,D,0
-17.3481,122.3364,325.1,1,1,2014-08-16,0206,Terra,MODIS,55,6.2,302.7,14.2,D,0
-16.9599,122.6923,401.3,1,1,2014-08-16,0206,Terra,MODIS,100,6.2,314.1,255.9,D,0
-16.9613,122.7017,339.6,1,1,2014-08-16,0206,Terra,MODIS,89,6.2,306.8,33.4,D,0
-16.9628,122.7111,333.3,1,1,2014-08-16,0206,Terra,MODIS,85,6.2,306.3,23.7,D,0
-16.9893,122.7648,315.6,1,1,2014-08-16,0206,Terra,MODIS,51,6.2,303.4,5.6,D,0
-17.2456,122.3296,324.6,1,1,2014-08-16,0206,Terra,MODIS,74,6.2,306.5,14.5,D,0
-16.9642,122.7205,340.5,1,1,2014-08-16,0206,Terra,MODIS,90,6.2,306.7,35.5,D,0
-17.0395,122.5476,318.6,1,1,2014-08-16,0206,Terra,MODIS,42,6.2,306.5,7.2,D,0
-17.2927,122.2176,354.8,1,1,2014-08-16,0206,Terra,MODIS,64,6.2,310.8,67.3,D,0
-16.5266,123.8681,315.8,1,1,2014-08-16,0206,Terra,MODIS,49,6.2,301.8,8,D,0
-16.921,122.6792,331.4,1,1,2014-08-16,0206,Terra,MODIS,84,6.2,306.6,21.5,D,0
-17.2942,122.2273,334.5,1,1,2014-08-16,0206,Terra,MODIS,56,6.2,307.1,26,D,0
-16.5536,123.864,317.1,1,1,2014-08-16,0206,Terra,MODIS,53,6.2,300.2,8.8,D,0
-16.4916,123.88,320.5,1,1,2014-08-16,0206,Terra,MODIS,57,6.2,301.2,11.2,D,0
-16.3599,123.7345,324.6,1,1,2014-08-16,0206,Terra,MODIS,71,6.2,303.2,16.1,D,0
-17.2737,122.9414,318.4,1,1,2014-08-16,0206,Terra,MODIS,29,6.2,305.2,8.3,D,0
-16.9248,122.7654,321.6,1,1,2014-08-16,0206,Terra,MODIS,66,6.2,304.3,11.5,D,0
-17.3003,122.2066,316.5,1,1,2014-08-16,0206,Terra,MODIS,43,6.2,302.2,7,D,0
-17.175,122.7131,318,1,1,2014-08-16,0206,Terra,MODIS,47,6.2,304.5,6.2,D,0
-17.0877,122.8682,317.8,1,1,2014-08-16,0206,Terra,MODIS,48,6.2,304.7,7.6,D,0
-17.3224,122.3503,327.9,1,1,2014-08-16,0206,Terra,MODIS,77,6.2,305.3,18.6,D,0
-17.3191,122.9374,319,1,1,2014-08-16,0206,Terra,MODIS,55,6.2,302.7,9.5,D,0
-17.3306,122.2214,322.9,1,1,2014-08-16,0206,Terra,MODIS,66,6.2,305.3,11.6,D,0
-16.5006,123.8786,341.4,1,1,2014-08-16,0206,Terra,MODIS,91,6.2,303.3,37.9,D,0
-17.3397,122.2199,322.1,1,1,2014-08-16,0206,Terra,MODIS,67,6.2,305.7,10,D,0
-16.3689,123.7332,323.6,1,1,2014-08-16,0206,Terra,MODIS,64,6.2,301.9,14.3,D,0
-17.3018,122.2162,381.1,1,1,2014-08-16,0206,Terra,MODIS,100,6.2,308.5,155.6,D,0
-17.3047,122.2354,317.2,1,1,2014-08-16,0206,Terra,MODIS,55,6.2,304.8,6.4,D,0
-17.3033,122.2258,349.6,1,1,2014-08-16,0206,Terra,MODIS,95,6.2,305.5,54.2,D,0
-17.3356,122.9252,328.8,1,1,2014-08-16,0206,Terra,MODIS,80,6.2,305.6,18.1,D,0
-16.9233,122.756,317.7,1,1,2014-08-16,0206,Terra,MODIS,48,6.2,305.5,7.4,D,0
-15.5171,131.4103,313.2,2.7,1.6,2014-08-16,0206,Terra,MODIS,31,6.2,302.5,20.4,D,0
-15.5116,131.3613,320,2.7,1.6,2014-08-16,0206,Terra,MODIS,72,6.2,304.7,46.9,D,0
-15.4034,131.3302,315.6,2.6,1.6,2014-08-16,0206,Terra,MODIS,45,6.2,305,26.6,D,0
-15.5143,131.3855,317,2.7,1.6,2014-08-16,0206,Terra,MODIS,67,6.2,304.9,35.5,D,0
-21.3713,132.3769,313.1,3.8,1.8,2014-08-16,0207,Terra,MODIS,60,6.2,299.5,47.7,D,0
-21.3816,132.3832,313.5,3.8,1.8,2014-08-16,0207,Terra,MODIS,62,6.2,298.2,48.8,D,0
-17.6105,123.8549,318.8,1,1,2014-08-16,0207,Terra,MODIS,53,6.2,302.3,9.4,D,0
-19.9705,127.615,314.7,1.6,1.3,2014-08-16,0207,Terra,MODIS,60,6.2,302,11.1,D,0
-17.6467,123.8525,368.4,1,1,2014-08-16,0207,Terra,MODIS,100,6.2,303.9,105.8,D,0
-17.5952,123.8765,322.5,1,1,2014-08-16,0207,Terra,MODIS,50,6.2,305.3,10.4,D,0
-17.639,123.8633,370.4,1,1,2014-08-16,0207,Terra,MODIS,100,6.2,306.9,112,D,0
-17.6091,123.8454,352.5,1,1,2014-08-16,0207,Terra,MODIS,96,6.2,305.7,61.5,D,0
-17.6077,123.836,355.5,1,1,2014-08-16,0207,Terra,MODIS,98,6.2,304.5,68.2,D,0
-17.6064,123.8265,314.1,1,1,2014-08-16,0207,Terra,MODIS,51,6.2,302.4,6,D,0
-17.6422,123.95,343.3,1,1,2014-08-16,0207,Terra,MODIS,91,6.2,307.1,40.3,D,0
-17.6376,123.8539,378,1,1,2014-08-16,0207,Terra,MODIS,100,6.2,307.9,140,D,0
-18.9501,121.7826,318.6,1,1,2014-08-16,0207,Terra,MODIS,66,6.2,303,9.4,D,0
-18.9547,121.7518,338.6,1,1,2014-08-16,0207,Terra,MODIS,89,6.2,301.6,34.7,D,0
-18.9562,121.7616,370.7,1,1,2014-08-16,0207,Terra,MODIS,100,6.2,306.9,115.8,D,0
-18.9577,121.7713,330,1,1,2014-08-16,0207,Terra,MODIS,82,6.2,304.1,22.2,D,0
-18.752,121.9967,333.9,1,1,2014-08-16,0207,Terra,MODIS,85,6.2,304.6,26.7,D,0
-18.7505,121.9871,319.6,1,1,2014-08-16,0207,Terra,MODIS,70,6.2,303.7,8.9,D,0
-18.0012,124.0132,314.9,1,1,2014-08-16,0207,Terra,MODIS,52,6.2,303.8,6.1,D,0
-20.4726,119.0545,318.1,1.3,1.1,2014-08-16,0207,Terra,MODIS,68,6.2,301.4,13,D,0
-20.4721,119.0613,313.3,1.3,1.1,2014-08-16,0207,Terra,MODIS,52,6.2,301.1,6.9,D,0
-17.4074,122.1826,365,1,1,2014-08-16,0207,Terra,MODIS,100,6.2,310.2,93.5,D,0
-17.5302,122.3825,318.3,1,1,2014-08-16,0207,Terra,MODIS,50,6.2,302.4,8.5,D,0
-17.5287,122.373,322.5,1,1,2014-08-16,0207,Terra,MODIS,45,6.2,302.4,11.7,D,0
-17.5273,122.3635,329,1,1,2014-08-16,0207,Terra,MODIS,74,6.2,301.8,19.7,D,0
-17.4059,122.173,404.6,1,1,2014-08-16,0207,Terra,MODIS,100,6.2,311.5,282.7,D,0
-17.3968,122.1744,321.3,1,1,2014-08-16,0207,Terra,MODIS,44,6.2,305.4,9.2,D,0
-17.5138,122.3363,346.4,1,1,2014-08-16,0207,Terra,MODIS,93,6.2,307.5,46.8,D,0
-17.5153,122.3458,327,1,1,2014-08-16,0207,Terra,MODIS,69,6.2,306.3,16.8,D,0
-17.4935,123.0572,317.7,1,1,2014-08-16,0207,Terra,MODIS,63,6.2,307,6.1,D,0
-17.9329,125.2432,320.6,1.1,1.1,2014-08-16,0207,Terra,MODIS,59,6.2,306.4,9.6,D,0
-17.9438,125.2523,319.2,1.1,1.1,2014-08-16,0207,Terra,MODIS,30,6.2,306,8,D,0
-17.5062,122.3473,336.2,1,1,2014-08-16,0207,Terra,MODIS,87,6.2,308.6,27.9,D,0
-17.9263,123.5593,319,1,1,2014-08-16,0207,Terra,MODIS,50,6.2,305.2,7.1,D,0
-17.5048,122.3378,374.3,1,1,2014-08-16,0207,Terra,MODIS,100,6.2,315.3,124.4,D,0
-17.8985,123.6214,317.5,1,1,2014-08-16,0207,Terra,MODIS,32,6.2,304.5,6.7,D,0
-17.5109,122.3172,319.4,1,1,2014-08-16,0207,Terra,MODIS,68,6.2,300.1,10.9,D,0
-17.8715,123.6256,326.9,1,1,2014-08-16,0207,Terra,MODIS,78,6.2,306.6,15.9,D,0
-17.5124,122.3268,370.9,1,1,2014-08-16,0207,Terra,MODIS,100,6.2,307.7,115.7,D,0
-17.6792,123.8862,330.5,1,1,2014-08-16,0207,Terra,MODIS,72,6.2,306.9,20.5,D,0
-17.6951,123.9323,322.1,1,1,2014-08-16,0207,Terra,MODIS,56,6.2,306,11.3,D,0
-17.6924,123.9133,326.6,1,1,2014-08-16,0207,Terra,MODIS,60,6.2,304.6,15.5,D,0
-17.691,123.9038,335.3,1,1,2014-08-16,0207,Terra,MODIS,86,6.2,304.7,27.6,D,0
-17.558,122.6884,323,1,1,2014-08-16,0207,Terra,MODIS,74,6.2,304.3,13.3,D,0
-17.5594,122.6978,319.6,1,1,2014-08-16,0207,Terra,MODIS,69,6.2,305.5,9.8,D,0
-17.6675,123.8687,322.7,1,1,2014-08-16,0207,Terra,MODIS,32,6.2,304.4,12.3,D,0
-17.43,122.2085,321.4,1,1,2014-08-16,0207,Terra,MODIS,54,6.2,304.9,11.6,D,0
-17.4194,122.2004,356.6,1,1,2014-08-16,0207,Terra,MODIS,98,6.2,310.3,70.8,D,0
-17.4179,122.1908,350.5,1,1,2014-08-16,0207,Terra,MODIS,95,6.2,306,56.3,D,0
-17.4088,122.1922,331.2,1,1,2014-08-16,0207,Terra,MODIS,74,6.2,306.6,20.4,D,0
-17.4646,122.2522,326.2,1,1,2014-08-16,0207,Terra,MODIS,61,6.2,302.1,16.9,D,0
-17.5366,122.5468,320,1,1,2014-08-16,0207,Terra,MODIS,66,6.2,302.7,10.7,D,0
-17.538,122.5563,321.2,1,1,2014-08-16,0207,Terra,MODIS,72,6.2,301.8,12.4,D,0
-17.6825,123.973,326,1,1,2014-08-16,0207,Terra,MODIS,37,6.2,306.2,14.3,D,0
-17.466,122.2618,327.3,1,1,2014-08-16,0207,Terra,MODIS,67,6.2,303.9,17.8,D,0
-17.478,122.2795,357.5,1,1,2014-08-16,0207,Terra,MODIS,98,6.2,302.9,73.9,D,0
-17.4795,122.289,387.1,1,1,2014-08-16,0207,Terra,MODIS,100,6.2,309.8,181.8,D,0
-17.4809,122.2986,371.3,1,1,2014-08-16,0207,Terra,MODIS,100,6.2,308.7,116.2,D,0
-17.4824,122.3082,351.8,1,1,2014-08-16,0207,Terra,MODIS,96,6.2,306.4,59.4,D,0
-17.5033,122.3282,360.7,1,1,2014-08-16,0207,Terra,MODIS,100,6.2,309.7,82.5,D,0
-17.6612,123.889,328.1,1,1,2014-08-16,0207,Terra,MODIS,47,6.2,305.9,15.2,D,0
-17.648,123.862,382.5,1,1,2014-08-16,0207,Terra,MODIS,100,6.2,306.9,158.4,D,0
-17.6494,123.8714,357.9,1,1,2014-08-16,0207,Terra,MODIS,99,6.2,306.2,72.8,D,0
-17.6508,123.8809,346,1,1,2014-08-16,0207,Terra,MODIS,93,6.2,307.3,45.2,D,0
-17.5637,122.726,355.2,1,1,2014-08-16,0207,Terra,MODIS,97,6.2,306.1,66.5,D,0
-17.5651,122.7354,342.8,1,1,2014-08-16,0207,Terra,MODIS,91,6.2,304.5,40.6,D,0
-17.3953,122.1648,323.1,1,1,2014-08-16,0207,Terra,MODIS,42,6.2,301.5,10.8,D,0
-22.0797,121.8283,312.4,1,1,2014-08-16,0208,Terra,MODIS,59,6.2,299.5,5.4,D,0
-22.7894,119.9871,313.2,1.1,1,2014-08-16,0208,Terra,MODIS,56,6.2,301,5.5,D,0
-22.739,131.3826,309.9,3.3,1.7,2014-08-16,0208,Terra,MODIS,55,6.2,298.6,31.4,D,0
-22.6408,122.073,337.3,1,1,2014-08-16,0208,Terra,MODIS,88,6.2,299.6,32,D,0
-22.6303,122.0648,317.7,1,1,2014-08-16,0208,Terra,MODIS,70,6.2,300.8,9.2,D,0
-22.6318,122.0745,316.6,1,1,2014-08-16,0208,Terra,MODIS,68,6.2,301,8.5,D,0
-22.6393,122.0633,342.1,1,1,2014-08-16,0208,Terra,MODIS,91,6.2,299.9,39.7,D,0
-24.0175,120.0469,312.8,1.1,1,2014-08-16,0208,Terra,MODIS,59,6.2,299.8,5.9,D,0
-20.6987,117.0089,362.1,1.8,1.3,2014-08-16,0208,Terra,MODIS,100,6.2,301.6,199.7,D,0
-20.7017,117.0256,425.6,1.7,1.3,2014-08-16,0208,Terra,MODIS,100,6.2,315.8,994,D,0
-20.7047,117.0421,339.5,1.7,1.3,2014-08-16,0208,Terra,MODIS,90,6.2,301.9,84,D,0
-20.6276,119.127,316.1,1.3,1.1,2014-08-16,0208,Terra,MODIS,58,6.2,302.5,8.7,D,0
-20.6296,119.1392,314.1,1.3,1.1,2014-08-16,0208,Terra,MODIS,37,6.2,300.6,6.5,D,0
-21.6308,117.8377,312.8,1.5,1.2,2014-08-16,0208,Terra,MODIS,62,6.2,299.3,12.7,D,0
-30.8665,121.491,312.3,1,1,2014-08-16,0210,Terra,MODIS,70,6.2,295,9.3,D,2
-27.8632,114.7808,307.9,1.8,1.3,2014-08-16,0210,Terra,MODIS,46,6.2,296.4,9.1,D,0
-33.2506,115.7427,301.7,1.2,1.1,2014-08-16,0211,Terra,MODIS,49,6.2,288.5,6.1,D,0
-33.5406,116.5921,302.1,1.1,1.1,2014-08-16,0211,Terra,MODIS,50,6.2,288.3,6.9,D,0
-33.253,115.756,305.7,1.2,1.1,2014-08-16,0211,Terra,MODIS,62,6.2,288.4,9.5,D,0
-24.3608,129.2669,316.5,1.7,1.3,2014-08-16,0451,Aqua,MODIS,36,6.2,303,13.9,D,0
-22.7382,131.3844,319.5,1.2,1.1,2014-08-16,0452,Aqua,MODIS,65,6.2,305.3,10,D,0
-17.6327,123.8373,353.5,3.5,1.8,2014-08-16,0453,Aqua,MODIS,97,6.2,307.4,360.1,D,0
-18.7471,130.2199,320.3,1.3,1.1,2014-08-16,0453,Aqua,MODIS,62,6.2,308.1,11.6,D,0
-17.6228,123.8293,382.6,3.5,1.8,2014-08-16,0453,Aqua,MODIS,100,6.2,309.7,940.4,D,0
-17.6387,123.8309,333,3.5,1.8,2014-08-16,0453,Aqua,MODIS,84,6.2,306.4,137.9,D,0
-17.6358,123.8041,342.6,3.5,1.8,2014-08-16,0453,Aqua,MODIS,91,6.2,304.9,226.9,D,0
-17.607,123.8279,338.3,3.5,1.8,2014-08-16,0453,Aqua,MODIS,88,6.2,304.4,193.4,D,0
-17.6296,123.8703,322.5,3.4,1.7,2014-08-16,0453,Aqua,MODIS,24,6.2,304.5,50.4,D,0
-17.6353,123.864,332.3,3.4,1.7,2014-08-16,0453,Aqua,MODIS,83,6.2,305,124.9,D,0
-17.066,139.0225,317.8,2,1.4,2014-08-16,0453,Aqua,MODIS,36,6.2,304.5,20.1,D,0
-17.0594,139.033,322.1,2,1.4,2014-08-16,0453,Aqua,MODIS,60,6.2,306.3,31.2,D,0
-17.1641,138.8195,333.7,1.9,1.3,2014-08-16,0453,Aqua,MODIS,84,6.2,306,66.5,D,0
-17.1521,138.8172,350.6,1.9,1.3,2014-08-16,0453,Aqua,MODIS,95,6.2,307.1,142.8,D,0
-17.2635,138.8438,348.6,1.9,1.3,2014-08-16,0453,Aqua,MODIS,85,6.2,301.7,126.3,D,0
-17.2515,138.8415,347.4,1.9,1.3,2014-08-16,0453,Aqua,MODIS,93,6.2,300.8,122.3,D,0
-17.2546,138.824,356.9,1.9,1.3,2014-08-16,0453,Aqua,MODIS,98,6.2,306.5,173.7,D,0
-17.2426,138.8217,325,1.9,1.3,2014-08-16,0453,Aqua,MODIS,73,6.2,303.3,37.4,D,0
-17.2456,138.8042,321.3,1.9,1.3,2014-08-16,0453,Aqua,MODIS,67,6.2,304.7,25.5,D,0
-17.152,138.8902,330.3,1.9,1.3,2014-08-16,0453,Aqua,MODIS,81,6.2,301.3,61.3,D,0
-17.4991,138.2638,316.2,1.7,1.3,2014-08-16,0453,Aqua,MODIS,18,6.2,305.4,10.3,D,0
-17.5854,138.3042,322.2,1.7,1.3,2014-08-16,0453,Aqua,MODIS,55,6.2,309.1,20.4,D,0
-17.368,138.8762,335.9,1.9,1.3,2014-08-16,0453,Aqua,MODIS,86,6.2,308.8,63.8,D,0
-17.3765,138.8727,324.8,1.9,1.3,2014-08-16,0453,Aqua,MODIS,51,6.2,307.7,27,D,0
-17.3615,138.888,327,1.9,1.3,2014-08-16,0453,Aqua,MODIS,49,6.2,305.5,33.7,D,0
-17.2925,138.8566,339.6,1.9,1.3,2014-08-16,0453,Aqua,MODIS,88,6.2,303.2,84.8,D,0
-17.2956,138.839,344.9,1.9,1.3,2014-08-16,0453,Aqua,MODIS,92,6.2,307.4,106,D,0
-17.2875,138.8484,346.3,1.9,1.3,2014-08-16,0453,Aqua,MODIS,86,6.2,305,114,D,0
-17.2987,138.8215,327.5,1.9,1.3,2014-08-16,0453,Aqua,MODIS,68,6.2,308.3,38,D,0
-17.2685,138.852,330.9,1.9,1.3,2014-08-16,0453,Aqua,MODIS,43,6.2,301.3,53.4,D,0
-17.2716,138.8344,372.7,1.9,1.3,2014-08-16,0453,Aqua,MODIS,100,6.2,309.4,287.2,D,0
-17.2747,138.817,336.8,1.9,1.3,2014-08-16,0453,Aqua,MODIS,78,6.2,308,65,D,0
-17.2756,138.8461,346.6,1.9,1.3,2014-08-16,0453,Aqua,MODIS,87,6.2,304.7,117,D,0
-17.2785,138.8286,330.3,1.9,1.3,2014-08-16,0453,Aqua,MODIS,34,6.2,308.6,47.2,D,0
-17.2666,138.8263,376.1,1.9,1.3,2014-08-16,0453,Aqua,MODIS,100,6.2,310.6,320.2,D,0
-17.5974,138.3724,319.1,1.7,1.3,2014-08-16,0453,Aqua,MODIS,48,6.2,307,15.4,D,0
-17.3668,137.2849,338.6,1.5,1.2,2014-08-16,0453,Aqua,MODIS,88,6.2,308.3,51.8,D,0
-17.3691,137.2712,327.7,1.5,1.2,2014-08-16,0453,Aqua,MODIS,78,6.2,309.8,24.9,D,0
-17.363,137.2775,336.4,1.5,1.2,2014-08-16,0453,Aqua,MODIS,86,6.2,310.4,45.5,D,0
-16.8344,136.9253,328.7,1.4,1.2,2014-08-16,0453,Aqua,MODIS,75,6.2,310.5,22.3,D,0
-16.7985,136.9459,329.5,1.4,1.2,2014-08-16,0453,Aqua,MODIS,35,6.2,311.8,24.2,D,0
-16.7879,136.944,334.9,1.4,1.2,2014-08-16,0453,Aqua,MODIS,77,6.2,307.5,34.5,D,0
-16.7774,136.9421,332.8,1.4,1.2,2014-08-16,0453,Aqua,MODIS,76,6.2,310.4,29.4,D,0
-16.7624,136.9668,333.2,1.4,1.2,2014-08-16,0453,Aqua,MODIS,79,6.2,306.9,35.8,D,0
-16.7718,136.949,332.3,1.4,1.2,2014-08-16,0453,Aqua,MODIS,74,6.2,309.6,32.3,D,0
-16.7646,136.9534,363.4,1.4,1.2,2014-08-16,0453,Aqua,MODIS,100,6.2,313.3,139.1,D,0
-16.7591,136.9604,354.7,1.4,1.2,2014-08-16,0453,Aqua,MODIS,97,6.2,309.8,102.4,D,0
-16.7612,136.9472,340.3,1.4,1.2,2014-08-16,0453,Aqua,MODIS,88,6.2,313.7,52,D,0
-15.7822,136.0183,337.4,1.3,1.1,2014-08-16,0453,Aqua,MODIS,81,6.2,310.6,35.6,D,0
-16.1823,136.3296,348.5,1.3,1.1,2014-08-16,0453,Aqua,MODIS,93,6.2,309.2,70.2,D,0
-16.0594,136.2649,325.6,1.3,1.1,2014-08-16,0453,Aqua,MODIS,70,6.2,312.5,14.3,D,0
-15.9189,135.9931,322.6,1.3,1.1,2014-08-16,0453,Aqua,MODIS,12,6.2,309.9,8.5,D,0
-16.0774,136.6477,336,1.4,1.2,2014-08-16,0453,Aqua,MODIS,84,6.2,311.5,41.6,D,0
-15.8121,136.0782,346.5,1.3,1.1,2014-08-16,0453,Aqua,MODIS,92,6.2,312.1,59.4,D,0
-16.1648,136.0605,323.7,1.3,1.1,2014-08-16,0453,Aqua,MODIS,59,6.2,312.8,11.4,D,0
-16.0753,136.6606,348.9,1.4,1.2,2014-08-16,0453,Aqua,MODIS,94,6.2,308.6,78.8,D,0
-16.2245,136.3188,328.9,1.3,1.1,2014-08-16,0453,Aqua,MODIS,52,6.2,312.9,18,D,0
-16.0353,136.4775,323.9,1.4,1.2,2014-08-16,0453,Aqua,MODIS,20,6.2,309.2,14.2,D,0
-16.071,136.6544,344.1,1.4,1.2,2014-08-16,0453,Aqua,MODIS,90,6.2,311.1,61.8,D,0
-15.802,136.0765,357,1.3,1.1,2014-08-16,0453,Aqua,MODIS,98,6.2,310.9,94.5,D,0
-15.9112,136.0407,329,1.3,1.1,2014-08-16,0453,Aqua,MODIS,76,6.2,311.7,19.1,D,0
-16.0271,136.6599,324.9,1.4,1.2,2014-08-16,0453,Aqua,MODIS,67,6.2,309.5,17.7,D,0
-16.2225,136.331,334.1,1.3,1.1,2014-08-16,0453,Aqua,MODIS,71,6.2,307.7,30.6,D,0
-16.1926,136.3314,365.4,1.3,1.1,2014-08-16,0453,Aqua,MODIS,100,6.2,312.9,133.9,D,0
-16.025,136.6729,330.3,1.4,1.2,2014-08-16,0453,Aqua,MODIS,77,6.2,305.6,28.1,D,0
-15.7664,136.3596,328.8,1.3,1.2,2014-08-16,0453,Aqua,MODIS,62,6.2,309.3,24,D,0
-15.9327,135.9713,324.9,1.3,1.1,2014-08-16,0453,Aqua,MODIS,42,6.2,311.9,12.6,D,0
-16.0815,136.6562,326.8,1.4,1.2,2014-08-16,0453,Aqua,MODIS,53,6.2,307.1,21.4,D,0
-15.7609,136.3531,325.7,1.3,1.2,2014-08-16,0453,Aqua,MODIS,43,6.2,308.2,19.1,D,0
-16.09,136.6367,319.5,1.4,1.2,2014-08-16,0453,Aqua,MODIS,40,6.2,307,11.4,D,0
-16.1497,136.3366,323.3,1.3,1.1,2014-08-16,0453,Aqua,MODIS,53,6.2,308.4,14,D,0
-15.7747,136.3739,347.9,1.4,1.2,2014-08-16,0453,Aqua,MODIS,93,6.2,305.8,70.2,D,0
-16.0354,136.6747,346,1.4,1.2,2014-08-16,0453,Aqua,MODIS,92,6.2,306.9,69.4,D,0
-16.1547,136.0587,381.7,1.3,1.1,2014-08-16,0453,Aqua,MODIS,100,6.2,319.9,210.5,D,0
-15.9093,136.0526,332.7,1.3,1.1,2014-08-16,0453,Aqua,MODIS,80,6.2,310.1,26,D,0
-15.793,136.0817,320.7,1.3,1.1,2014-08-16,0453,Aqua,MODIS,39,6.2,306.7,10.5,D,0
-15.8063,136.1143,328.6,1.3,1.1,2014-08-16,0453,Aqua,MODIS,60,6.2,307.8,21.1,D,0
-15.805,136.0714,346.2,1.3,1.1,2014-08-16,0453,Aqua,MODIS,92,6.2,312.8,60.6,D,0
-16.245,136.3223,338.5,1.3,1.1,2014-08-16,0453,Aqua,MODIS,84,6.2,310.4,40.7,D,0
-15.8601,135.8439,322.7,1.3,1.1,2014-08-16,0453,Aqua,MODIS,58,6.2,309.6,12.2,D,0
-16.2553,135.6781,327.2,1.2,1.1,2014-08-16,0453,Aqua,MODIS,74,6.2,308.5,17.4,D,0
-16.0166,136.6581,321.6,1.4,1.2,2014-08-16,0453,Aqua,MODIS,36,6.2,309.7,11,D,0
-16.2028,136.3332,373.3,1.3,1.1,2014-08-16,0453,Aqua,MODIS,100,6.2,313.8,173.5,D,0
-16.213,136.335,348.5,1.3,1.1,2014-08-16,0453,Aqua,MODIS,87,6.2,309.3,69.7,D,0
-16.257,135.6669,332.6,1.2,1.1,2014-08-16,0453,Aqua,MODIS,81,6.2,313.5,26.5,D,0
-15.7768,136.3614,361.4,1.3,1.2,2014-08-16,0453,Aqua,MODIS,100,6.2,312.8,118.9,D,0
-16.002,136.5039,326.9,1.4,1.2,2014-08-16,0453,Aqua,MODIS,54,6.2,309.9,18.7,D,0
-16.0498,136.4541,333.9,1.4,1.2,2014-08-16,0453,Aqua,MODIS,82,6.2,308.9,35.5,D,0
-15.8031,136.0834,346.4,1.3,1.1,2014-08-16,0453,Aqua,MODIS,92,6.2,308.2,61.8,D,0
-15.8165,136.116,328.5,1.3,1.1,2014-08-16,0453,Aqua,MODIS,72,6.2,309.3,21.8,D,0
-16.0375,136.6618,332.1,1.4,1.2,2014-08-16,0453,Aqua,MODIS,80,6.2,309.9,31.8,D,0
-16.2252,136.3245,333.2,1.3,1.1,2014-08-16,0453,Aqua,MODIS,32,6.2,311.1,26.8,D,0
-15.979,136.4478,354.7,1.4,1.2,2014-08-16,0453,Aqua,MODIS,97,6.2,311.9,91.1,D,0
-16.1529,136.0706,358.3,1.3,1.1,2014-08-16,0453,Aqua,MODIS,99,6.2,309.4,97.5,D,0
-16.0835,136.6433,326.2,1.4,1.2,2014-08-16,0453,Aqua,MODIS,49,6.2,308.8,20.5,D,0
-15.7871,136.3632,340.2,1.3,1.2,2014-08-16,0453,Aqua,MODIS,77,6.2,308.4,45.5,D,0
-17.6512,123.8655,321,3.4,1.7,2014-08-16,0453,Aqua,MODIS,25,6.2,307.3,47.2,D,0
-17.6644,123.8406,333.9,3.5,1.8,2014-08-16,0453,Aqua,MODIS,66,6.2,305.4,138,D,0
-17.6704,123.8342,333,3.5,1.8,2014-08-16,0453,Aqua,MODIS,79,6.2,305.5,134.8,D,0
-17.5011,122.3034,326.5,4.5,2,2014-08-16,0453,Aqua,MODIS,76,6.2,304.5,143.4,D,0
-14.3706,129.6715,343.1,1.2,1.1,2014-08-16,0454,Aqua,MODIS,89,6.2,312.7,44.8,D,0
-14.4236,129.497,324.3,1.2,1.1,2014-08-16,0454,Aqua,MODIS,37,6.2,310.7,14.1,D,0
-14.3194,129.6701,324.2,1.2,1.1,2014-08-16,0454,Aqua,MODIS,59,6.2,314.1,10.5,D,0
-14.2575,129.5188,325.2,1.2,1.1,2014-08-16,0454,Aqua,MODIS,67,6.2,311.1,16.5,D,0
-14.3844,129.4106,331,1.2,1.1,2014-08-16,0454,Aqua,MODIS,68,6.2,308.5,26.5,D,0
-14.3752,129.4038,323.1,1.2,1.1,2014-08-16,0454,Aqua,MODIS,58,6.2,307.8,14.2,D,0
-17.404,122.1891,324.4,4.6,2,2014-08-16,0454,Aqua,MODIS,50,6.2,308.5,110.7,D,0
-14.2254,129.6837,324.1,1.2,1.1,2014-08-16,0454,Aqua,MODIS,63,6.2,310.2,14.6,D,0
-14.0684,129.656,334,1.2,1.1,2014-08-16,0454,Aqua,MODIS,81,6.2,308.9,27.8,D,0
-14.0782,129.6574,332.5,1.2,1.1,2014-08-16,0454,Aqua,MODIS,79,6.2,307.6,25.2,D,0
-16.2946,128.2987,320.5,1.5,1.2,2014-08-16,0454,Aqua,MODIS,41,6.2,309.8,11.4,D,0
-16.2819,128.3112,323.3,1.5,1.2,2014-08-16,0454,Aqua,MODIS,56,6.2,309.2,17.1,D,0
-16.2835,128.2973,348.1,1.5,1.2,2014-08-16,0454,Aqua,MODIS,93,6.2,310,87.6,D,0
-14.3501,129.5157,327.5,1.2,1.1,2014-08-16,0454,Aqua,MODIS,72,6.2,309.7,18.8,D,0
-16.9042,122.6869,320.8,4.1,1.9,2014-08-16,0454,Aqua,MODIS,63,6.2,304,95.7,D,0
-16.9002,122.726,316.3,4.1,1.9,2014-08-16,0454,Aqua,MODIS,38,6.2,301.7,64.4,D,0
-16.8908,122.6936,316,4.1,1.9,2014-08-16,0454,Aqua,MODIS,37,6.2,301.2,62.1,D,0
-16.9078,122.6952,317.7,4.1,1.9,2014-08-16,0454,Aqua,MODIS,36,6.2,304.6,69.7,D,0
-17.4031,122.1931,320.9,4.6,2,2014-08-16,0454,Aqua,MODIS,52,6.2,308.6,85,D,0
-14.1157,129.6739,322.4,1.2,1.1,2014-08-16,0454,Aqua,MODIS,33,6.2,309.9,9.1,D,0
-14.1142,129.6848,325.2,1.2,1.1,2014-08-16,0454,Aqua,MODIS,61,6.2,309.1,13.9,D,0
-14.4221,129.5083,328.2,1.2,1.1,2014-08-16,0454,Aqua,MODIS,70,6.2,310.4,18.9,D,0
-16.2755,128.1778,321.9,1.6,1.2,2014-08-16,0454,Aqua,MODIS,62,6.2,310.4,15.8,D,0
-14.3608,129.6701,328.9,1.2,1.1,2014-08-16,0454,Aqua,MODIS,25,6.2,309.7,16.4,D,0
-16.4741,123.8612,321.6,3.3,1.7,2014-08-16,0454,Aqua,MODIS,65,6.2,304.9,69.7,D,0
-16.4793,123.8579,322.3,3.3,1.7,2014-08-16,0454,Aqua,MODIS,71,6.2,304.8,75.6,D,0
-14.3516,129.5044,323.2,1.2,1.1,2014-08-16,0454,Aqua,MODIS,61,6.2,310,12.8,D,0
-14.2683,130.1218,329.2,1.1,1.1,2014-08-16,0454,Aqua,MODIS,74,6.2,314.8,14.9,D,0
-16.3499,123.7731,317.1,3.4,1.7,2014-08-16,0454,Aqua,MODIS,13,6.2,304.9,43.6,D,0
-17.5014,122.2993,325.7,4.5,2,2014-08-16,0454,Aqua,MODIS,74,6.2,304.4,132.2,D,0
-14.181,129.6437,321.7,1.2,1.1,2014-08-16,0454,Aqua,MODIS,47,6.2,310.7,8.8,D,0
-14.259,129.5076,319.9,1.2,1.1,2014-08-16,0454,Aqua,MODIS,21,6.2,307.8,8.4,D,0
-14.3146,129.5564,329.7,1.2,1.1,2014-08-16,0454,Aqua,MODIS,71,6.2,311.1,19.7,D,0
-14.3244,129.5578,331.9,1.2,1.1,2014-08-16,0454,Aqua,MODIS,64,6.2,308.9,23.1,D,0
-17.094,122.8465,320.9,4.1,1.9,2014-08-16,0454,Aqua,MODIS,54,6.2,307.4,73.6,D,0
-17.0906,122.8413,321,4.1,1.9,2014-08-16,0454,Aqua,MODIS,65,6.2,307,82.6,D,0
-17.2507,122.303,316.6,4.5,1.9,2014-08-16,0454,Aqua,MODIS,44,6.2,306.2,62.8,D,0
-17.2545,122.2605,318.2,4.5,2,2014-08-16,0454,Aqua,MODIS,53,6.2,303.4,70.5,D,0
-17.2539,122.2529,316,4.5,2,2014-08-16,0454,Aqua,MODIS,27,6.2,302.8,46.3,D,0
-12.3425,136.7997,315.9,1.6,1.3,2014-08-16,0454,Aqua,MODIS,25,6.2,297.6,14,D,0
-12.3313,136.7977,324.8,1.6,1.3,2014-08-16,0454,Aqua,MODIS,74,6.2,297.9,32.4,D,0
-12.3199,136.7959,337.1,1.6,1.3,2014-08-16,0454,Aqua,MODIS,87,6.2,297.1,64,D,0
-15.7721,136.0166,339.9,1.3,1.1,2014-08-16,0454,Aqua,MODIS,76,6.2,313.5,41,D,0
-12.7537,132.5966,333.1,1,1,2014-08-16,0454,Aqua,MODIS,75,6.2,310,23.4,D,0
-12.7447,132.5952,331.3,1,1,2014-08-16,0454,Aqua,MODIS,76,6.2,308.1,22.3,D,0
-12.2213,134.9015,328.4,1.2,1.1,2014-08-16,0454,Aqua,MODIS,65,6.2,307.9,20.5,D,0
-14.0017,135.8063,336.3,1.3,1.1,2014-08-16,0454,Aqua,MODIS,85,6.2,304,42.9,D,0
-12.3538,135.2305,330.5,1.3,1.1,2014-08-16,0454,Aqua,MODIS,78,6.2,304.8,24.8,D,0
-12.3639,135.2322,322.6,1.3,1.1,2014-08-16,0454,Aqua,MODIS,49,6.2,304.8,11.7,D,0
-13.2292,132.2336,331.2,1,1,2014-08-16,0454,Aqua,MODIS,41,6.2,312,12.7,D,0
-15.3776,135.3988,390.8,1.2,1.1,2014-08-16,0454,Aqua,MODIS,100,6.2,312.2,251.7,D,0
-15.3793,135.3877,355.4,1.2,1.1,2014-08-16,0454,Aqua,MODIS,97,6.2,309.1,79.5,D,0
-13.5001,132.2645,328.5,1,1,2014-08-16,0454,Aqua,MODIS,48,6.2,311.9,11.3,D,0
-13.2931,130.792,326.8,1,1,2014-08-16,0454,Aqua,MODIS,64,6.2,313.6,8.6,D,0
-13.2524,132.2616,345.5,1,1,2014-08-16,0454,Aqua,MODIS,90,6.2,313.1,37.3,D,0
-13.2511,132.2707,328.9,1,1,2014-08-16,0454,Aqua,MODIS,26,6.2,313.6,12,D,0
-12.3663,136.6516,318,1.6,1.2,2014-08-16,0454,Aqua,MODIS,13,6.2,299.5,14.5,D,0
-13.4911,132.2632,331.3,1,1,2014-08-16,0454,Aqua,MODIS,60,6.2,313.9,14.2,D,0
-15.3811,135.3766,344.9,1.2,1.1,2014-08-16,0454,Aqua,MODIS,91,6.2,309.1,47.1,D,0
-15.3828,135.3655,335.3,1.2,1.1,2014-08-16,0454,Aqua,MODIS,83,6.2,314.1,24.3,D,0
-12.3219,134.8426,334.9,1.2,1.1,2014-08-16,0454,Aqua,MODIS,83,6.2,306.4,31,D,0
-12.312,134.841,328.7,1.2,1.1,2014-08-16,0454,Aqua,MODIS,61,6.2,305.5,18.7,D,0
-13.7924,131.8957,354.3,1,1,2014-08-16,0454,Aqua,MODIS,96,6.2,318.1,54.4,D,0
-13.7911,131.9049,347.4,1,1,2014-08-16,0454,Aqua,MODIS,92,6.2,315.1,39.7,D,0
-13.8014,131.897,344.6,1,1,2014-08-16,0454,Aqua,MODIS,90,6.2,315.7,35,D,0
-14.6782,133.0895,331.2,1,1,2014-08-16,0454,Aqua,MODIS,69,6.2,315.6,13.9,D,0
-12.3125,134.8355,322.9,1.2,1.1,2014-08-16,0454,Aqua,MODIS,29,6.2,305.8,11.5,D,0
-12.3678,134.8729,322.8,1.2,1.1,2014-08-16,0454,Aqua,MODIS,64,6.2,306.7,10.5,D,0
-13.91,131.1208,328.4,1,1,2014-08-16,0454,Aqua,MODIS,67,6.2,315.5,9.6,D,0
-15.7419,136.0114,342.8,1.3,1.1,2014-08-16,0454,Aqua,MODIS,74,6.2,309.4,50,D,0
-12.1895,136.5344,322.1,1.6,1.2,2014-08-16,0454,Aqua,MODIS,55,6.2,299.2,20.7,D,0
-15.7457,135.9876,326,1.3,1.1,2014-08-16,0454,Aqua,MODIS,29,6.2,306.8,12,D,0
-15.4742,131.3675,327.7,1,1,2014-08-16,0454,Aqua,MODIS,60,6.2,314.8,12.8,D,0
-13.7475,131.9482,328.3,1,1,2014-08-16,0454,Aqua,MODIS,41,6.2,314,10.3,D,0
-13.7462,131.9574,332.1,1,1,2014-08-16,0454,Aqua,MODIS,65,6.2,313.9,15.6,D,0
-13.808,131.785,321.7,1,1,2014-08-16,0454,Aqua,MODIS,20,6.2,310,5.1,D,0
-12.3023,135.8936,321.7,1.4,1.2,2014-08-16,0454,Aqua,MODIS,35,6.2,301.8,14.1,D,0
-13.5634,131.6254,323.5,1,1,2014-08-16,0454,Aqua,MODIS,42,6.2,312.2,6.2,D,0
-12.3129,135.8954,323.7,1.4,1.2,2014-08-16,0454,Aqua,MODIS,66,6.2,302.5,18.1,D,0
-12.3109,135.9084,321.7,1.4,1.2,2014-08-16,0454,Aqua,MODIS,45,6.2,302.3,14.6,D,0
-13.7016,132.27,328.2,1,1,2014-08-16,0454,Aqua,MODIS,56,6.2,316.7,8.3,D,0
-15.6535,136.1128,320.3,1.3,1.1,2014-08-16,0454,Aqua,MODIS,56,6.2,304,14.4,D,0
-13.2528,130.8295,325.8,1,1,2014-08-16,0454,Aqua,MODIS,36,6.2,313,6.5,D,0
-13.2541,130.82,328.6,1,1,2014-08-16,0454,Aqua,MODIS,67,6.2,314.6,10.2,D,0
-13.5083,134.2572,331.5,1.1,1.1,2014-08-16,0454,Aqua,MODIS,44,6.2,310.1,16.5,D,0
-13.5048,134.2508,328.4,1.1,1.1,2014-08-16,0454,Aqua,MODIS,74,6.2,310.4,13.1,D,0
-13.5063,134.2406,325.8,1.1,1.1,2014-08-16,0454,Aqua,MODIS,63,6.2,310.2,9.8,D,0
-15.7476,135.9758,328.5,1.3,1.1,2014-08-16,0454,Aqua,MODIS,41,6.2,309,15.4,D,0
-15.7029,135.9979,357.4,1.3,1.1,2014-08-16,0454,Aqua,MODIS,98,6.2,302.5,99.2,D,0
-12.6697,132.1587,330.5,1,1,2014-08-16,0454,Aqua,MODIS,48,6.2,310.2,14.3,D,0
-12.0825,136.4801,325.7,1.6,1.2,2014-08-16,0454,Aqua,MODIS,73,6.2,298.9,26.8,D,0
-12.4758,134.8398,337.5,1.2,1.1,2014-08-16,0454,Aqua,MODIS,85,6.2,308.1,31.3,D,0
-12.1789,136.4592,320.2,1.6,1.2,2014-08-16,0454,Aqua,MODIS,23,6.2,297.3,18.5,D,0
-12.201,136.4628,338.5,1.6,1.2,2014-08-16,0454,Aqua,MODIS,87,6.2,302,59.9,D,0
-12.2958,134.8789,325.2,1.2,1.1,2014-08-16,0454,Aqua,MODIS,67,6.2,303.6,17.6,D,0
-13.9935,135.8117,318,1.3,1.1,2014-08-16,0454,Aqua,MODIS,34,6.2,301.5,12.5,D,0
-13.0476,132.4057,331,1,1,2014-08-16,0454,Aqua,MODIS,28,6.2,313,14.1,D,0
-15.5273,131.382,326.3,1,1,2014-08-16,0454,Aqua,MODIS,47,6.2,309.8,11.4,D,0
-15.5286,131.3723,328,1,1,2014-08-16,0454,Aqua,MODIS,58,6.2,309.6,13.2,D,0
-15.5207,131.3613,333.5,1,1,2014-08-16,0454,Aqua,MODIS,79,6.2,312.1,19.9,D,0
-15.2663,135.187,331.6,1.2,1.1,2014-08-16,0454,Aqua,MODIS,64,6.2,310.9,19.4,D,0
-15.252,135.1512,327.9,1.2,1.1,2014-08-16,0454,Aqua,MODIS,30,6.2,310.2,17.2,D,0
-15.2423,135.1497,350.5,1.2,1.1,2014-08-16,0454,Aqua,MODIS,94,6.2,310.1,62.7,D,0
-12.2976,134.8676,319.9,1.2,1.1,2014-08-16,0454,Aqua,MODIS,19,6.2,304.4,9.9,D,0
-13.9954,135.7995,322.7,1.3,1.1,2014-08-16,0454,Aqua,MODIS,66,6.2,302.2,19,D,0
-12.6826,132.1326,330.8,1,1,2014-08-16,0454,Aqua,MODIS,29,6.2,311.7,13.9,D,0
-13.6708,132.2934,336,1,1,2014-08-16,0454,Aqua,MODIS,77,6.2,314.7,19.6,D,0
-13.8587,136.5987,325.4,1.5,1.2,2014-08-16,0454,Aqua,MODIS,71,6.2,301.7,26,D,0
-12.0767,136.3708,325.2,1.6,1.2,2014-08-16,0454,Aqua,MODIS,72,6.2,301.2,22.6,D,0
-12.0703,136.3468,324.8,1.5,1.2,2014-08-16,0454,Aqua,MODIS,62,6.2,300.8,22.6,D,0
-12.079,136.3625,326.9,1.5,1.2,2014-08-16,0454,Aqua,MODIS,59,6.2,300.5,25.5,D,0
-13.8393,136.5814,320.4,1.5,1.2,2014-08-16,0454,Aqua,MODIS,56,6.2,301.3,18.5,D,0
-15.7514,135.9521,326.8,1.3,1.1,2014-08-16,0454,Aqua,MODIS,59,6.2,310.1,14.2,D,0
-15.7318,136.0097,344.5,1.3,1.1,2014-08-16,0454,Aqua,MODIS,79,6.2,306.5,55.6,D,0
-12.145,136.3017,321,1.5,1.2,2014-08-16,0454,Aqua,MODIS,62,6.2,300.4,18.8,D,0
-13.1841,132.2923,339.3,1,1,2014-08-16,0454,Aqua,MODIS,57,6.2,312.1,25.5,D,0
-12.2006,136.5363,339,1.6,1.2,2014-08-16,0454,Aqua,MODIS,87,6.2,299.7,62,D,0
-15.4184,135.3942,326.9,1.2,1.1,2014-08-16,0454,Aqua,MODIS,30,6.2,311.1,14.7,D,0
-15.4069,135.4037,384.3,1.2,1.1,2014-08-16,0454,Aqua,MODIS,100,6.2,315.2,206.9,D,0
-15.3972,135.4021,401,1.2,1.1,2014-08-16,0454,Aqua,MODIS,100,6.2,313.7,321.6,D,0
-15.3874,135.4004,381,1.2,1.1,2014-08-16,0454,Aqua,MODIS,100,6.2,312,190.1,D,0
-15.3891,135.3893,344.7,1.2,1.1,2014-08-16,0454,Aqua,MODIS,91,6.2,312.2,48,D,0
-14.0538,129.6695,328.6,1.2,1.1,2014-08-16,0454,Aqua,MODIS,62,6.2,309.2,20.4,D,0
-13.0954,130.2245,328,1.1,1,2014-08-16,0454,Aqua,MODIS,47,6.2,307.8,17.4,D,0
-14.0524,129.6804,339.4,1.2,1.1,2014-08-16,0454,Aqua,MODIS,86,6.2,309.1,40,D,0
-14.8418,128.4827,326.2,1.4,1.2,2014-08-16,0454,Aqua,MODIS,63,6.2,307.8,24.9,D,0
-13.0981,130.2045,360.4,1.1,1,2014-08-16,0454,Aqua,MODIS,100,6.2,313.3,87.4,D,0
-14.8295,128.4946,335.1,1.4,1.2,2014-08-16,0454,Aqua,MODIS,83,6.2,309.5,40.9,D,0
-14.8189,128.4931,330.4,1.4,1.2,2014-08-16,0454,Aqua,MODIS,74,6.2,309.5,29.4,D,0
-13.0995,130.1944,338.2,1.1,1,2014-08-16,0454,Aqua,MODIS,84,6.2,308.7,32.6,D,0
-13.0968,130.2145,328.8,1.1,1,2014-08-16,0454,Aqua,MODIS,56,6.2,309.9,19,D,0
-13.1075,130.2058,326.4,1.1,1,2014-08-16,0454,Aqua,MODIS,46,6.2,306.1,17.1,D,0
-13.8461,130.1005,330.3,1.1,1.1,2014-08-16,0454,Aqua,MODIS,74,6.2,311.4,18.3,D,0
-13.8855,130.0956,328.1,1.1,1.1,2014-08-16,0454,Aqua,MODIS,49,6.2,309.6,15.6,D,0
-13.8936,130.1073,330.8,1.1,1.1,2014-08-16,0454,Aqua,MODIS,49,6.2,308.7,20.2,D,0
-12.7958,136.4187,325.5,1.5,1.2,2014-08-16,0454,Aqua,MODIS,73,6.2,300,30.1,D,0
-12.8768,135.3536,323.6,1.3,1.1,2014-08-16,0454,Aqua,MODIS,46,6.2,305.2,13.6,D,0
-12.4795,135.8692,315.9,1.4,1.2,2014-08-16,0454,Aqua,MODIS,30,6.2,299.9,9.5,D,0
-12.6607,132.1574,334.3,1,1,2014-08-16,0454,Aqua,MODIS,72,6.2,313.3,18.8,D,0
-12.875,135.3653,322.1,1.3,1.1,2014-08-16,0454,Aqua,MODIS,20,6.2,304.1,11.6,D,0
-12.9698,135.9888,317.1,1.4,1.2,2014-08-16,0454,Aqua,MODIS,36,6.2,302.2,10.6,D,0
-12.9071,135.3585,321.7,1.3,1.1,2014-08-16,0454,Aqua,MODIS,34,6.2,306.1,10.6,D,0
-13.5936,141.7794,315.4,3.7,1.8,2014-08-16,0454,Aqua,MODIS,29,6.2,294.9,40.6,D,0
-13.5955,141.8066,318.5,3.7,1.8,2014-08-16,0454,Aqua,MODIS,70,6.2,294.6,67.5,D,0
-13.1905,135.8296,318.7,1.4,1.2,2014-08-16,0454,Aqua,MODIS,31,6.2,301.6,12.1,D,0
-12.7647,135.7392,330.7,1.4,1.2,2014-08-16,0454,Aqua,MODIS,80,6.2,303.4,30.7,D,0
-12.8498,135.3302,321.1,1.3,1.1,2014-08-16,0454,Aqua,MODIS,31,6.2,304,10.7,D,0
-13.5871,141.8132,315.3,3.7,1.8,2014-08-16,0454,Aqua,MODIS,22,6.2,294.6,42.8,D,0
-12.7551,135.2851,322.2,1.3,1.1,2014-08-16,0454,Aqua,MODIS,66,6.2,305.8,13,D,0
-12.8314,135.3152,325,1.3,1.1,2014-08-16,0454,Aqua,MODIS,71,6.2,302.5,17.3,D,0
-13.4829,134.2682,332.4,1.1,1.1,2014-08-16,0454,Aqua,MODIS,51,6.2,310.7,20.1,D,0
-13.0366,134.9856,325.4,1.2,1.1,2014-08-16,0454,Aqua,MODIS,57,6.2,308.4,13.3,D,0
-13.0384,134.9744,330.6,1.2,1.1,2014-08-16,0454,Aqua,MODIS,75,6.2,305.8,22.1,D,0
-12.9109,135.2037,320.9,1.3,1.1,2014-08-16,0454,Aqua,MODIS,63,6.2,306.3,10,D,0
-12.7948,136.4131,338.2,1.5,1.2,2014-08-16,0454,Aqua,MODIS,87,6.2,300.4,61.9,D,0
-12.2593,136.5966,322.1,1.6,1.2,2014-08-16,0454,Aqua,MODIS,33,6.2,299.4,22.7,D,0
-12.2481,136.5948,337.8,1.6,1.2,2014-08-16,0454,Aqua,MODIS,87,6.2,298.8,62,D,0
-12.2117,136.5381,324.2,1.6,1.2,2014-08-16,0454,Aqua,MODIS,65,6.2,300.1,24.1,D,0
-12.4713,135.9211,319.7,1.4,1.2,2014-08-16,0454,Aqua,MODIS,59,6.2,303.5,15.5,D,0
-14.3842,134.9341,330.1,1.2,1.1,2014-08-16,0454,Aqua,MODIS,75,6.2,307.6,21.6,D,0
-12.65,135.2976,354.2,1.3,1.1,2014-08-16,0454,Aqua,MODIS,97,6.2,305,82.6,D,0
-12.5414,134.2134,354.1,1.1,1.1,2014-08-16,0454,Aqua,MODIS,96,6.2,306.8,70.1,D,0
-12.3377,134.6024,323,1.2,1.1,2014-08-16,0454,Aqua,MODIS,60,6.2,308.3,10.9,D,0
-12.5493,134.2253,347,1.1,1.1,2014-08-16,0454,Aqua,MODIS,92,6.2,309.8,51.7,D,0
-12.6326,134.0868,322.6,1.1,1.1,2014-08-16,0454,Aqua,MODIS,35,6.2,308.2,8.3,D,0
-12.798,136.4048,330.7,1.5,1.2,2014-08-16,0454,Aqua,MODIS,80,6.2,299.8,41.5,D,0
-12.9393,132.1989,339.5,1,1,2014-08-16,0454,Aqua,MODIS,85,6.2,313.2,25.8,D,0
-12.797,136.3992,317,1.5,1.2,2014-08-16,0454,Aqua,MODIS,48,6.2,299,14.1,D,0
-15.34,135.3753,356.6,1.2,1.1,2014-08-16,0454,Aqua,MODIS,98,6.2,310,84.4,D,0
-12.6839,132.1235,333.4,1,1,2014-08-16,0454,Aqua,MODIS,70,6.2,311.8,18,D,0
-15.3616,135.3733,373.1,1.2,1.1,2014-08-16,0454,Aqua,MODIS,100,6.2,315.5,143.9,D,0
-15.3612,135.3675,328.9,1.2,1.1,2014-08-16,0454,Aqua,MODIS,50,6.2,313.7,16.7,D,0
-12.7469,135.2718,319.8,1.3,1.1,2014-08-16,0454,Aqua,MODIS,57,6.2,304.4,9.7,D,0
-12.6853,132.1143,339.6,1,1,2014-08-16,0454,Aqua,MODIS,85,6.2,312.7,27.4,D,0
-12.4741,134.851,326.1,1.2,1.1,2014-08-16,0454,Aqua,MODIS,71,6.2,306.8,11.4,D,0
-12.5016,134.3458,323,1.1,1.1,2014-08-16,0454,Aqua,MODIS,48,6.2,309.3,6.6,D,0
-12.5398,134.2237,331,1.1,1.1,2014-08-16,0454,Aqua,MODIS,78,6.2,306.3,20.9,D,0
-15.7148,135.9877,359.8,1.3,1.1,2014-08-16,0454,Aqua,MODIS,99,6.2,311.3,104.2,D,0
-15.7066,135.9741,345.8,1.3,1.1,2014-08-16,0454,Aqua,MODIS,92,6.2,314,52,D,0
-12.5509,134.2149,338.5,1.1,1.1,2014-08-16,0454,Aqua,MODIS,86,6.2,310,32.9,D,0
-15.6645,135.979,379.5,1.3,1.1,2014-08-16,0454,Aqua,MODIS,100,6.2,315,197.3,D,0
-12.672,135.2892,331.6,1.3,1.1,2014-08-16,0454,Aqua,MODIS,72,6.2,305.2,23.7,D,0
-12.6518,135.2859,375.4,1.3,1.1,2014-08-16,0454,Aqua,MODIS,100,6.2,307.1,175,D,0
-12.3695,134.8616,321.7,1.2,1.1,2014-08-16,0454,Aqua,MODIS,45,6.2,306.8,9.9,D,0
-14.3952,134.9914,339.6,1.2,1.1,2014-08-16,0454,Aqua,MODIS,87,6.2,309,38.5,D,0
-15.6928,135.9962,404.2,1.3,1.1,2014-08-16,0454,Aqua,MODIS,100,6.2,306.7,389.5,D,0
-13.0527,141.9957,312,3.9,1.8,2014-08-16,0454,Aqua,MODIS,52,6.2,291.6,43.3,D,0
-12.4856,135.8307,320.7,1.4,1.2,2014-08-16,0454,Aqua,MODIS,64,6.2,301.4,15.3,D,0
-15.3598,135.3844,356.6,1.2,1.1,2014-08-16,0454,Aqua,MODIS,98,6.2,306.9,82.8,D,0
-14.4124,134.9676,330.6,1.2,1.1,2014-08-16,0454,Aqua,MODIS,57,6.2,311.2,18.9,D,0
-15.6099,136.0748,331.7,1.3,1.1,2014-08-16,0454,Aqua,MODIS,80,6.2,302.8,35.6,D,0
-12.6427,136.002,331.5,1.4,1.2,2014-08-16,0454,Aqua,MODIS,75,6.2,303.6,31.5,D,0
-14.4002,134.9589,333.7,1.2,1.1,2014-08-16,0454,Aqua,MODIS,67,6.2,311,25.8,D,0
-12.3551,136.6497,317.9,1.6,1.2,2014-08-16,0454,Aqua,MODIS,33,6.2,300.3,14.9,D,0
-15.3595,135.3786,368.6,1.2,1.1,2014-08-16,0454,Aqua,MODIS,100,6.2,312.4,129,D,0
-12.6164,135.7152,342.1,1.4,1.2,2014-08-16,0454,Aqua,MODIS,90,6.2,303,58.5,D,0
-11.9964,136.5193,331.4,1.6,1.2,2014-08-16,0454,Aqua,MODIS,0,6.2,296.4,41.3,D,0
-12.6883,135.9484,328.8,1.4,1.2,2014-08-16,0454,Aqua,MODIS,69,6.2,301.2,27.5,D,0
-15.6745,135.9808,370.9,1.3,1.1,2014-08-16,0454,Aqua,MODIS,95,6.2,311.9,148.4,D,0
-14.3938,134.9356,327.3,1.2,1.1,2014-08-16,0454,Aqua,MODIS,59,6.2,308.5,16.6,D,0
-12.6862,135.9614,327.4,1.4,1.2,2014-08-16,0454,Aqua,MODIS,68,6.2,304.2,23,D,0
-15.6525,135.9892,333.9,1.3,1.1,2014-08-16,0454,Aqua,MODIS,71,6.2,299.2,36.3,D,0
-15.1417,135.2729,326.4,1.2,1.1,2014-08-16,0454,Aqua,MODIS,55,6.2,306,18.5,D,0
-12.947,132.2094,345.1,1,1,2014-08-16,0454,Aqua,MODIS,90,6.2,312.9,36.7,D,0
-12.7564,135.7249,325.5,1.4,1.2,2014-08-16,0454,Aqua,MODIS,69,6.2,301.8,20.4,D,0
-12.746,135.7232,365.5,1.4,1.2,2014-08-16,0454,Aqua,MODIS,100,6.2,305.2,144.1,D,0
-12.7356,135.7215,374.6,1.4,1.2,2014-08-16,0454,Aqua,MODIS,100,6.2,303.3,192.1,D,0
-13.0468,141.987,310.1,3.9,1.8,2014-08-16,0454,Aqua,MODIS,25,6.2,290.9,33.6,D,0
-15.1045,135.2554,333.4,1.2,1.1,2014-08-16,0454,Aqua,MODIS,68,6.2,305.1,27.3,D,0
-12.4331,133.9019,325.1,1.1,1,2014-08-16,0454,Aqua,MODIS,52,6.2,307.7,11.3,D,0
-12.9533,132.2291,376.2,1,1,2014-08-16,0454,Aqua,MODIS,100,6.2,315.8,121.6,D,0
-12.9457,132.2186,358.3,1,1,2014-08-16,0454,Aqua,MODIS,99,6.2,314.3,65,D,0
-12.9314,132.2538,330.9,1,1,2014-08-16,0454,Aqua,MODIS,34,6.2,311.9,13,D,0
-12.2692,136.7499,333.5,1.6,1.3,2014-08-16,0454,Aqua,MODIS,63,6.2,297.2,55.9,D,0
-15.3713,135.3749,399.6,1.2,1.1,2014-08-16,0454,Aqua,MODIS,100,6.2,322.6,306.1,D,0
-12.7266,132.0795,338,1,1,2014-08-16,0454,Aqua,MODIS,84,6.2,311.5,24,D,0
-12.6406,136.015,324.5,1.4,1.2,2014-08-16,0454,Aqua,MODIS,43,6.2,301.6,19.3,D,0
-14.4901,134.8483,356.5,1.2,1.1,2014-08-16,0454,Aqua,MODIS,98,6.2,308.3,80.8,D,0
-15.6726,135.9927,401.6,1.3,1.1,2014-08-16,0454,Aqua,MODIS,100,6.2,307.4,367.1,D,0
-12.4593,133.8547,327,1.1,1,2014-08-16,0454,Aqua,MODIS,71,6.2,308.2,15.4,D,0
-15.111,135.1935,337,1.2,1.1,2014-08-16,0454,Aqua,MODIS,85,6.2,305.2,37.5,D,0
-15.1148,135.1898,341.1,1.2,1.1,2014-08-16,0454,Aqua,MODIS,88,6.2,306.7,43.7,D,0
-12.1135,136.5002,322.2,1.6,1.2,2014-08-16,0454,Aqua,MODIS,37,6.2,300.5,18.5,D,0
-12.6931,135.9568,333.2,1.4,1.2,2014-08-16,0454,Aqua,MODIS,83,6.2,303.8,35.6,D,0
-12.1245,136.502,320.9,1.6,1.2,2014-08-16,0454,Aqua,MODIS,20,6.2,299.9,16.7,D,0
-15.6481,135.9519,330.6,1.3,1.1,2014-08-16,0454,Aqua,MODIS,52,6.2,307.3,24.1,D,0
-12.6416,135.4179,332.8,1.3,1.1,2014-08-16,0454,Aqua,MODIS,82,6.2,303.6,31.1,D,0
-12.6499,135.4316,336.9,1.3,1.1,2014-08-16,0454,Aqua,MODIS,82,6.2,305.1,38.7,D,0
-12.4635,133.8611,329.2,1.1,1,2014-08-16,0454,Aqua,MODIS,57,6.2,308.3,16.9,D,0
-12.8746,132.3295,330.7,1,1,2014-08-16,0454,Aqua,MODIS,38,6.2,315.9,12.4,D,0
-13.228,135.8617,320.9,1.4,1.2,2014-08-16,0454,Aqua,MODIS,21,6.2,300.1,13.9,D,0
-12.5476,134.1721,332.9,1.1,1.1,2014-08-16,0454,Aqua,MODIS,80,6.2,308.4,22.2,D,0
-15.6827,135.9944,420,1.3,1.1,2014-08-16,0454,Aqua,MODIS,100,6.2,317.7,561.2,D,0
-12.6144,135.7278,334.2,1.4,1.2,2014-08-16,0454,Aqua,MODIS,83,6.2,302.9,39,D,0
-15.2326,135.1481,337,1.2,1.1,2014-08-16,0454,Aqua,MODIS,80,6.2,306.6,31.6,D,0
-12.6533,136.0037,336,1.4,1.2,2014-08-16,0454,Aqua,MODIS,85,6.2,305.5,41.5,D,0
-12.8832,135.3787,334,1.3,1.1,2014-08-16,0454,Aqua,MODIS,71,6.2,304.8,30.2,D,0
-12.885,132.3217,334.3,1,1,2014-08-16,0454,Aqua,MODIS,67,6.2,314.2,17.9,D,0
-12.9444,132.2277,360,1,1,2014-08-16,0454,Aqua,MODIS,99,6.2,315.2,69.3,D,0
-12.7251,132.4726,333.6,1,1,2014-08-16,0454,Aqua,MODIS,79,6.2,313.5,19.3,D,0
-12.8896,135.4041,323.8,1.3,1.1,2014-08-16,0454,Aqua,MODIS,68,6.2,306.3,16,D,0
-14.4997,134.8498,326.4,1.2,1.1,2014-08-16,0454,Aqua,MODIS,68,6.2,308,15.7,D,0
-12.4237,133.9004,323.6,1.1,1,2014-08-16,0454,Aqua,MODIS,46,6.2,306.4,10.1,D,0
-12.6826,135.9551,321.9,1.4,1.2,2014-08-16,0454,Aqua,MODIS,30,6.2,302.9,14.3,D,0
-12.6967,135.9631,327.8,1.4,1.2,2014-08-16,0454,Aqua,MODIS,67,6.2,304.3,24.2,D,0
-12.6267,135.717,322.8,1.4,1.2,2014-08-16,0454,Aqua,MODIS,51,6.2,304.6,15.5,D,0
-12.758,135.4684,329.4,1.3,1.1,2014-08-16,0454,Aqua,MODIS,70,6.2,307,22.9,D,0
-14.3936,135.0022,322.4,1.2,1.1,2014-08-16,0454,Aqua,MODIS,39,6.2,307.8,10.2,D,0
-12.9417,132.246,335.5,1,1,2014-08-16,0454,Aqua,MODIS,59,6.2,314,19.2,D,0
-15.6664,135.9672,339.1,1.3,1.1,2014-08-16,0454,Aqua,MODIS,60,6.2,312.5,36.6,D,0
-12.744,135.7357,342.8,1.4,1.2,2014-08-16,0454,Aqua,MODIS,90,6.2,304.1,58.8,D,0
-12.942,132.1806,328.9,1,1,2014-08-16,0454,Aqua,MODIS,60,6.2,313.9,10.4,D,0
-12.4663,134.3551,324.5,1.2,1.1,2014-08-16,0454,Aqua,MODIS,59,6.2,309.9,7.9,D,0
-12.6786,135.7065,323.3,1.4,1.2,2014-08-16,0454,Aqua,MODIS,31,6.2,302.2,15.6,D,0
-12.6248,135.7295,326.8,1.4,1.2,2014-08-16,0454,Aqua,MODIS,71,6.2,304.6,23.5,D,0
-12.952,132.2383,352.8,1,1,2014-08-16,0454,Aqua,MODIS,95,6.2,313.7,51,D,0
-12.4647,134.3656,334.5,1.2,1.1,2014-08-16,0454,Aqua,MODIS,82,6.2,310.7,23.4,D,0
-12.6512,136.0167,334,1.4,1.2,2014-08-16,0454,Aqua,MODIS,78,6.2,303.2,38.4,D,0
-12.9547,132.2199,327.2,1,1,2014-08-16,0454,Aqua,MODIS,52,6.2,310.8,9.2,D,0
-15.223,135.1465,326.2,1.2,1.1,2014-08-16,0454,Aqua,MODIS,50,6.2,305.6,15.2,D,0
-15.2282,135.3042,340.7,1.2,1.1,2014-08-16,0454,Aqua,MODIS,88,6.2,307.5,45.5,D,0
-15.3696,135.386,351.1,1.2,1.1,2014-08-16,0454,Aqua,MODIS,92,6.2,304.1,66,D,0
-12.938,132.208,346,1,1,2014-08-16,0454,Aqua,MODIS,91,6.2,314.9,38.2,D,0
-15.6947,135.9843,435.7,1.3,1.1,2014-08-16,0454,Aqua,MODIS,100,6.2,330.4,761.9,D,0
-14.4141,134.9568,335.6,1.2,1.1,2014-08-16,0454,Aqua,MODIS,84,6.2,309.4,28.7,D,0
-15.1009,135.2592,335.5,1.2,1.1,2014-08-16,0454,Aqua,MODIS,81,6.2,304.5,34.7,D,0
-15.6544,135.9773,378.8,1.3,1.1,2014-08-16,0454,Aqua,MODIS,100,6.2,311.8,197.7,D,0
-15.7048,135.986,438.8,1.3,1.1,2014-08-16,0454,Aqua,MODIS,100,6.2,326.6,811.3,D,0
-15.6846,135.9825,375.7,1.3,1.1,2014-08-16,0454,Aqua,MODIS,100,6.2,317.9,173.4,D,0
-12.7524,135.75,321.3,1.4,1.2,2014-08-16,0454,Aqua,MODIS,53,6.2,302.4,14.9,D,0
-12.7544,135.7374,328.4,1.4,1.2,2014-08-16,0454,Aqua,MODIS,77,6.2,303.4,26,D,0
-12.7266,135.7401,327.6,1.4,1.2,2014-08-16,0454,Aqua,MODIS,52,6.2,302.5,25.3,D,0
-12.7247,135.7526,326.4,1.4,1.2,2014-08-16,0454,Aqua,MODIS,37,6.2,302.4,21.6,D,0
-12.7336,135.7341,351.9,1.4,1.2,2014-08-16,0454,Aqua,MODIS,96,6.2,303.9,87.1,D,0
-12.7316,135.7466,335.9,1.4,1.2,2014-08-16,0454,Aqua,MODIS,68,6.2,304,41.5,D,0
-12.9406,132.1897,337,1,1,2014-08-16,0454,Aqua,MODIS,83,6.2,311.9,22.2,D,0
-15.6764,135.9689,348.4,1.3,1.1,2014-08-16,0454,Aqua,MODIS,88,6.2,311.5,56.2,D,0
-14.5013,134.8393,330.4,1.2,1.1,2014-08-16,0454,Aqua,MODIS,78,6.2,307.9,22,D,0
-12.8742,136.3472,317.9,1.5,1.2,2014-08-16,0454,Aqua,MODIS,54,6.2,300,14.9,D,0
-14.4917,134.8377,356.9,1.2,1.1,2014-08-16,0454,Aqua,MODIS,98,6.2,310.6,81.9,D,0
-12.7091,135.6474,320.4,1.4,1.2,2014-08-16,0454,Aqua,MODIS,55,6.2,303.2,12.3,D,0
-12.3361,134.6133,320.3,1.2,1.1,2014-08-16,0454,Aqua,MODIS,38,6.2,306,7.6,D,0
-12.7072,135.66,321.4,1.4,1.2,2014-08-16,0454,Aqua,MODIS,65,6.2,305.4,13.7,D,0
-12.5191,135.4165,323.1,1.3,1.1,2014-08-16,0454,Aqua,MODIS,46,6.2,304.4,12.7,D,0
-15.1126,135.1826,324.3,1.2,1.1,2014-08-16,0454,Aqua,MODIS,57,6.2,305.7,16.8,D,0
-12.7478,135.4667,328.4,1.3,1.1,2014-08-16,0454,Aqua,MODIS,70,6.2,303.8,21.7,D,0
-15.7702,136.0284,351,1.3,1.1,2014-08-16,0454,Aqua,MODIS,95,6.2,307.2,73.9,D,0
-12.4733,135.9081,319.3,1.4,1.2,2014-08-16,0454,Aqua,MODIS,58,6.2,301.4,14.6,D,0
-12.521,135.4045,331.4,1.3,1.1,2014-08-16,0454,Aqua,MODIS,77,6.2,307,25.7,D,0
-12.6429,135.6812,324.5,1.4,1.2,2014-08-16,0454,Aqua,MODIS,48,6.2,301.1,19.6,D,0
-12.6009,135.6104,326.6,1.4,1.2,2014-08-16,0454,Aqua,MODIS,75,6.2,301.5,26.4,D,0
-13.1621,134.3661,341.7,1.1,1.1,2014-08-16,0454,Aqua,MODIS,89,6.2,312.5,37.6,D,0
-15.6626,135.991,371.8,1.3,1.1,2014-08-16,0454,Aqua,MODIS,100,6.2,302.8,164.3,D,0
-13.1213,134.3537,335.1,1.1,1.1,2014-08-16,0454,Aqua,MODIS,83,6.2,306.3,30.4,D,0
-13.1336,134.3614,340.2,1.1,1.1,2014-08-16,0454,Aqua,MODIS,85,6.2,311,35.6,D,0
-15.1359,135.1821,325.9,1.2,1.1,2014-08-16,0454,Aqua,MODIS,61,6.2,305.2,19.3,D,0
-15.75,136.025,333.8,1.3,1.1,2014-08-16,0454,Aqua,MODIS,40,6.2,307.3,30.5,D,0
-13.1257,134.3494,340.7,1.1,1.1,2014-08-16,0454,Aqua,MODIS,76,6.2,305.7,36.8,D,0
-13.1352,134.351,344.7,1.1,1.1,2014-08-16,0454,Aqua,MODIS,89,6.2,307.8,44,D,0
-15.6582,135.9536,355.7,1.3,1.1,2014-08-16,0454,Aqua,MODIS,97,6.2,310,89.2,D,0
-12.6518,135.4196,327,1.3,1.1,2014-08-16,0454,Aqua,MODIS,46,6.2,306,18.2,D,0
-13.1241,134.3598,348.5,1.1,1.1,2014-08-16,0454,Aqua,MODIS,93,6.2,309.3,54.8,D,0
-13.1197,134.3641,326.4,1.1,1.1,2014-08-16,0454,Aqua,MODIS,72,6.2,306.7,16.7,D,0
-12.8914,135.3922,327.4,1.3,1.1,2014-08-16,0454,Aqua,MODIS,64,6.2,305.9,20,D,0
-12.1831,136.5038,328.5,1.6,1.2,2014-08-16,0454,Aqua,MODIS,70,6.2,300,33.8,D,0
-12.2277,134.1978,325.9,1.1,1.1,2014-08-16,0455,Aqua,MODIS,57,6.2,306.8,14.5,D,0
-12.0498,134.1569,331.5,1.1,1.1,2014-08-16,0455,Aqua,MODIS,65,6.2,308.6,19,D,0
-12.1112,133.463,344.6,1.1,1,2014-08-16,0455,Aqua,MODIS,90,6.2,315,35.9,D,0
-12.053,134.1361,327.2,1.1,1.1,2014-08-16,0455,Aqua,MODIS,54,6.2,307.9,12.6,D,0
-12.0488,133.563,334.6,1.1,1,2014-08-16,0455,Aqua,MODIS,73,6.2,314.1,17.9,D,0
-12.3977,131.4856,325.5,1,1,2014-08-16,0455,Aqua,MODIS,46,6.2,307.7,10.9,D,0
-12.2676,134.3866,327.3,1.2,1.1,2014-08-16,0455,Aqua,MODIS,72,6.2,309,14.4,D,0
-12.2388,133.5249,334.6,1.1,1,2014-08-16,0455,Aqua,MODIS,81,6.2,312.6,21.8,D,0
-12.2402,133.5151,323.8,1.1,1,2014-08-16,0455,Aqua,MODIS,24,6.2,310.6,6.7,D,0
-12.4572,132.6115,341.5,1,1,2014-08-16,0455,Aqua,MODIS,88,6.2,309.9,31.5,D,0
-11.9778,134.7508,322.1,1.2,1.1,2014-08-16,0455,Aqua,MODIS,42,6.2,302,13.9,D,0
-12.3887,131.4842,328,1,1,2014-08-16,0455,Aqua,MODIS,61,6.2,306.6,14.4,D,0
-12.0518,134.1196,326.1,1.1,1.1,2014-08-16,0455,Aqua,MODIS,57,6.2,306.9,12.2,D,0
-11.9934,133.5679,329.3,1.1,1,2014-08-16,0455,Aqua,MODIS,71,6.2,311.9,10,D,0
-12.3489,131.5064,327,1,1,2014-08-16,0455,Aqua,MODIS,73,6.2,305.2,16.8,D,0
-12.5243,131.1037,328.3,1,1,2014-08-16,0455,Aqua,MODIS,76,6.2,307.2,14.8,D,0
-12.4097,131.1382,322.5,1,1,2014-08-16,0455,Aqua,MODIS,38,6.2,307.6,8.1,D,0
-12.4019,131.1276,336.3,1,1,2014-08-16,0455,Aqua,MODIS,85,6.2,310,25.8,D,0
-12.0398,133.5752,334.5,1.1,1,2014-08-16,0455,Aqua,MODIS,80,6.2,312.9,20,D,0
-11.6132,133.3939,326.9,1.1,1,2014-08-16,0455,Aqua,MODIS,58,6.2,307.9,12.9,D,0
-11.9166,133.6613,326.6,1.1,1,2014-08-16,0455,Aqua,MODIS,48,6.2,310.8,11.4,D,0
-12.523,131.1131,372.7,1,1,2014-08-16,0455,Aqua,MODIS,100,6.2,313.9,116.6,D,0
-12.6777,131.5171,323.3,1,1,2014-08-16,0455,Aqua,MODIS,40,6.2,310.1,5.6,D,0
-12.4128,133.2231,326.1,1,1,2014-08-16,0455,Aqua,MODIS,48,6.2,309.1,8.9,D,0
-11.9355,133.2163,337.8,1,1,2014-08-16,0455,Aqua,MODIS,84,6.2,311.1,27.3,D,0
-12.3579,131.5078,325.5,1,1,2014-08-16,0455,Aqua,MODIS,71,6.2,306.4,16,D,0
-12.2017,133.5325,333.9,1.1,1,2014-08-16,0455,Aqua,MODIS,80,6.2,312.8,18.2,D,0
-12.2003,133.5423,340.7,1.1,1,2014-08-16,0455,Aqua,MODIS,87,6.2,311.9,30.7,D,0
-12.0546,134.1258,324.7,1.1,1.1,2014-08-16,0455,Aqua,MODIS,33,6.2,308.2,9.5,D,0
-11.6995,133.1314,318.3,1,1,2014-08-16,0455,Aqua,MODIS,35,6.2,304.9,6.5,D,0
-11.9919,133.5778,332.7,1.1,1,2014-08-16,0455,Aqua,MODIS,77,6.2,311,15,D,0
-12.0889,133.1774,328.9,1,1,2014-08-16,0455,Aqua,MODIS,54,6.2,312.2,10.4,D,0
-11.9085,133.271,332.1,1.1,1,2014-08-16,0455,Aqua,MODIS,72,6.2,312.8,14,D,0
-12.1019,133.4615,328.8,1.1,1,2014-08-16,0455,Aqua,MODIS,36,6.2,314,9.3,D,0
-11.9796,134.7397,326.1,1.2,1.1,2014-08-16,0455,Aqua,MODIS,65,6.2,302.5,19,D,0
-11.7828,133.2586,328.1,1.1,1,2014-08-16,0455,Aqua,MODIS,60,6.2,309.8,10.5,D,0
-12.0089,134.0812,323.1,1.1,1.1,2014-08-16,0455,Aqua,MODIS,35,6.2,307.1,8.1,D,0
-12.1204,133.4643,332.3,1.1,1,2014-08-16,0455,Aqua,MODIS,42,6.2,309.9,15.3,D,0
-12.0456,134.1612,328.5,1.1,1.1,2014-08-16,0455,Aqua,MODIS,46,6.2,306.7,17.2,D,0
-12.4086,133.1252,322,1,1,2014-08-16,0455,Aqua,MODIS,36,6.2,306,7.4,D,0
-11.9152,133.6713,327.2,1.1,1,2014-08-16,0455,Aqua,MODIS,49,6.2,311,12.4,D,0
-12.4559,132.6207,356.4,1,1,2014-08-16,0455,Aqua,MODIS,98,6.2,311.5,63.9,D,0
-11.851,133.5434,325.4,1.1,1,2014-08-16,0455,Aqua,MODIS,0,6.2,307.8,11.7,D,0
-12.1311,133.4561,328.9,1.1,1,2014-08-16,0455,Aqua,MODIS,17,6.2,310.5,10.6,D,0
-12.0413,133.5653,327.7,1.1,1,2014-08-16,0455,Aqua,MODIS,44,6.2,312.9,9.6,D,0
-12.1126,133.4532,336.9,1.1,1,2014-08-16,0455,Aqua,MODIS,66,6.2,315.6,20.7,D,0
-12.0503,134.13,329,1.1,1.1,2014-08-16,0455,Aqua,MODIS,65,6.2,308.9,17.1,D,0
-11.7239,130.454,324.1,1,1,2014-08-16,0455,Aqua,MODIS,51,6.2,305.7,14.4,D,0
-11.3775,130.3014,353.8,1.1,1,2014-08-16,0455,Aqua,MODIS,97,6.2,307.3,62.9,D,0
-11.4252,130.3538,333.3,1.1,1,2014-08-16,0455,Aqua,MODIS,83,6.2,306.3,24,D,0
-11.7401,130.2003,325.8,1.1,1,2014-08-16,0455,Aqua,MODIS,73,6.2,304.9,16.6,D,0
-11.7388,130.21,325.9,1.1,1,2014-08-16,0455,Aqua,MODIS,66,6.2,303.8,16.9,D,0
-11.748,130.2114,332.5,1.1,1,2014-08-16,0455,Aqua,MODIS,82,6.2,306.7,26.5,D,0
-11.7467,130.2211,321.8,1.1,1,2014-08-16,0455,Aqua,MODIS,56,6.2,303,12.6,D,0
-11.7573,130.2128,331.4,1.1,1,2014-08-16,0455,Aqua,MODIS,81,6.2,306.1,24,D,0
-12.3779,132.7129,335.3,1,1,2014-08-16,0455,Aqua,MODIS,82,6.2,312.2,19.4,D,0
-11.4011,130.3342,334.5,1.1,1,2014-08-16,0455,Aqua,MODIS,72,6.2,306.5,25.1,D,0
-11.7225,130.4635,332.1,1,1,2014-08-16,0455,Aqua,MODIS,77,6.2,302.8,23.9,D,0
-12.3442,132.3713,328.7,1,1,2014-08-16,0455,Aqua,MODIS,57,6.2,311.4,12,D,0
-11.4344,130.3552,335.8,1.1,1,2014-08-16,0455,Aqua,MODIS,85,6.2,305.9,28.3,D,0
-11.7501,130.4676,331.2,1,1,2014-08-16,0455,Aqua,MODIS,61,6.2,305.3,21,D,0
-11.3762,130.311,359.3,1.1,1,2014-08-16,0455,Aqua,MODIS,99,6.2,307.4,76.3,D,0
-11.2066,130.4106,323.5,1,1,2014-08-16,0455,Aqua,MODIS,76,6.2,301.6,15.8,D,0
-11.3749,130.3206,333.5,1.1,1,2014-08-16,0455,Aqua,MODIS,80,6.2,305.4,22.2,D,0
-11.3919,130.3328,327.1,1.1,1,2014-08-16,0455,Aqua,MODIS,58,6.2,305.1,14.7,D,0
-11.3906,130.3424,326.9,1.1,1,2014-08-16,0455,Aqua,MODIS,54,6.2,303,14.3,D,0
-11.7317,130.4649,332.1,1,1,2014-08-16,0455,Aqua,MODIS,81,6.2,304.9,22.4,D,0
-11.2052,130.4201,319.5,1,1,2014-08-16,0455,Aqua,MODIS,71,6.2,299.3,11.6,D,0
-11.3894,130.2835,328.6,1.1,1,2014-08-16,0455,Aqua,MODIS,42,6.2,303.5,18.7,D,0
-11.503,130.267,325.4,1.1,1,2014-08-16,0455,Aqua,MODIS,75,6.2,308.1,13.2,D,0
-11.7409,130.4662,336.4,1,1,2014-08-16,0455,Aqua,MODIS,85,6.2,306.3,28.9,D,0
-12.5968,131.5085,340.4,1,1,2014-08-16,0455,Aqua,MODIS,87,6.2,306.5,30.3,D,0
-12.2352,132.5558,334.5,1,1,2014-08-16,0455,Aqua,MODIS,71,6.2,312.9,20.6,D,0
-12.6148,131.5112,329.8,1,1,2014-08-16,0455,Aqua,MODIS,72,6.2,310.4,14.8,D,0
-12.6314,131.5196,333.9,1,1,2014-08-16,0455,Aqua,MODIS,41,6.2,311,16.7,D,0
-12.0438,133.1024,331.6,1,1,2014-08-16,0455,Aqua,MODIS,76,6.2,313.1,12,D,0
-12.2338,132.565,328.7,1,1,2014-08-16,0455,Aqua,MODIS,42,6.2,313.7,11.8,D,0
-11.8115,133,341.3,1,1,2014-08-16,0455,Aqua,MODIS,87,6.2,313.9,33.1,D,0
-11.5806,133.0004,353.1,1,1,2014-08-16,0455,Aqua,MODIS,97,6.2,310.7,56.9,D,0
-12.0817,133.0986,328.7,1,1,2014-08-16,0455,Aqua,MODIS,71,6.2,312.8,8.4,D,0
-12.5981,131.4993,327,1,1,2014-08-16,0455,Aqua,MODIS,19,6.2,305.8,11.2,D,0
-12.6687,131.5157,332.6,1,1,2014-08-16,0455,Aqua,MODIS,78,6.2,311,15.6,D,0
-11.6593,132.9739,321.3,1,1,2014-08-16,0455,Aqua,MODIS,64,6.2,307.6,8.3,D,0
-11.6396,132.9805,329.6,1,1,2014-08-16,0455,Aqua,MODIS,68,6.2,305.9,15.3,D,0
-12.0347,133.1009,352.5,1,1,2014-08-16,0455,Aqua,MODIS,95,6.2,312,49.9,D,0
-12.2756,132.6527,325.9,1,1,2014-08-16,0455,Aqua,MODIS,35,6.2,309.1,9.2,D,0
-11.582,132.991,327.8,1,1,2014-08-16,0455,Aqua,MODIS,43,6.2,308.5,11,D,0
-11.5718,133.0021,323.3,1,1,2014-08-16,0455,Aqua,MODIS,76,6.2,308.2,10.3,D,0
-11.6698,132.9658,343,1,1,2014-08-16,0455,Aqua,MODIS,91,6.2,305.3,38.7,D,0
-11.571,132.944,350.2,1,1,2014-08-16,0455,Aqua,MODIS,95,6.2,305.6,55,D,0
-11.5696,132.9534,332.6,1,1,2014-08-16,0455,Aqua,MODIS,74,6.2,307.1,21.7,D,0
-11.5682,132.9629,326.6,1,1,2014-08-16,0455,Aqua,MODIS,32,6.2,306.6,12.6,D,0
-11.5801,132.9454,323.2,1,1,2014-08-16,0455,Aqua,MODIS,63,6.2,304.6,12,D,0
-11.8129,132.9905,335.6,1,1,2014-08-16,0455,Aqua,MODIS,82,6.2,310,24.2,D,0
-12.6058,131.5099,337.5,1,1,2014-08-16,0455,Aqua,MODIS,85,6.2,309.9,25.7,D,0
-11.8024,132.9986,334,1,1,2014-08-16,0455,Aqua,MODIS,80,6.2,310.2,21.8,D,0
-11.6606,132.9644,319.4,1,1,2014-08-16,0455,Aqua,MODIS,58,6.2,304.8,7,D,0
-12.1271,135.4449,324.3,1.3,1.1,2014-08-16,0455,Aqua,MODIS,0,6.2,301.7,21.9,D,0
-12.0851,133.0121,327.3,1,1,2014-08-16,0455,Aqua,MODIS,48,6.2,311.6,9.2,D,0
-12.0865,133.0026,332.5,1,1,2014-08-16,0455,Aqua,MODIS,76,6.2,310.1,16.3,D,0
-11.1731,132.0119,325.9,1,1,2014-08-16,0455,Aqua,MODIS,68,6.2,305.1,13.2,D,0
-11.8038,132.9891,341.3,1,1,2014-08-16,0455,Aqua,MODIS,87,6.2,309.9,34.7,D,0
-12.3312,132.3974,365.6,1,1,2014-08-16,0455,Aqua,MODIS,95,6.2,309.9,0,D,3
-12.1075,135.367,321.9,1.3,1.1,2014-08-16,0455,Aqua,MODIS,45,6.2,301.9,15.3,D,0
-12.6224,131.5182,333.6,1,1,2014-08-16,0455,Aqua,MODIS,48,6.2,310.2,16.8,D,0
-11.5161,132.8105,332.9,1,1,2014-08-16,0455,Aqua,MODIS,85,6.2,308.1,20.1,D,0
-12.2275,132.5452,354.2,1,1,2014-08-16,0455,Aqua,MODIS,96,6.2,308.5,59.7,D,0
-12.5174,132.6359,333.9,1,1,2014-08-16,0455,Aqua,MODIS,69,6.2,311,18.1,D,0
-12.0349,132.9217,352.6,1,1,2014-08-16,0455,Aqua,MODIS,95,6.2,311.9,52.6,D,0
-12.0363,132.9123,328.7,1,1,2014-08-16,0455,Aqua,MODIS,41,6.2,310,11,D,0
-12.0335,132.9311,333.9,1,1,2014-08-16,0455,Aqua,MODIS,54,6.2,312.2,16.7,D,0
-12.5638,131.996,366.7,1,1,2014-08-16,0455,Aqua,MODIS,100,6.2,309.3,95,D,0
-12.5625,132.0052,343.2,1,1,2014-08-16,0455,Aqua,MODIS,69,6.2,309.1,36.1,D,0
-12.5612,132.0143,336.6,1,1,2014-08-16,0455,Aqua,MODIS,39,6.2,306.7,25.2,D,0
-12.5548,131.9947,339.2,1,1,2014-08-16,0455,Aqua,MODIS,86,6.2,303.3,34,D,0
-12.5178,132.5699,328.2,1,1,2014-08-16,0455,Aqua,MODIS,62,6.2,312,8.8,D,0
-12.6432,132.0239,325.1,1,1,2014-08-16,0455,Aqua,MODIS,39,6.2,313.6,5.5,D,0
-12.5804,132.0079,353.4,1,1,2014-08-16,0455,Aqua,MODIS,96,6.2,312.2,54.4,D,0
-12.5728,131.9974,340,1,1,2014-08-16,0455,Aqua,MODIS,81,6.2,308.9,30.9,D,0
-12.5384,131.7903,367.4,1,1,2014-08-16,0455,Aqua,MODIS,100,6.2,310.9,93.7,D,0
-12.5265,132.6373,333.2,1,1,2014-08-16,0455,Aqua,MODIS,76,6.2,309.9,17.2,D,0
-12.5371,131.7994,357,1,1,2014-08-16,0455,Aqua,MODIS,98,6.2,309.2,64.8,D,0
-12.5308,131.7798,345.9,1,1,2014-08-16,0455,Aqua,MODIS,91,6.2,308.7,41.9,D,0
-12.5295,131.7889,352.8,1,1,2014-08-16,0455,Aqua,MODIS,96,6.2,310.3,56.1,D,0
-12.55,131.7733,341.5,1,1,2014-08-16,0455,Aqua,MODIS,71,6.2,307,31.4,D,0
-12.559,131.7746,353.7,1,1,2014-08-16,0455,Aqua,MODIS,96,6.2,312.5,56.5,D,0
-12.5321,131.7706,331.1,1,1,2014-08-16,0455,Aqua,MODIS,72,6.2,305.3,19.7,D,0
-12.5789,132.0824,333,1,1,2014-08-16,0455,Aqua,MODIS,79,6.2,312.6,14.1,D,0
-12.6343,132.016,348.6,1,1,2014-08-16,0455,Aqua,MODIS,70,6.2,315.2,40.7,D,0
-12.57,132.081,327.8,1,1,2014-08-16,0455,Aqua,MODIS,32,6.2,313.2,7,D,0
-11.9813,134.7286,337,1.2,1.1,2014-08-16,0455,Aqua,MODIS,83,6.2,302.7,36.9,D,0
-11.6382,132.9899,345,1,1,2014-08-16,0455,Aqua,MODIS,93,6.2,310.2,39.9,D,0
-11.1214,132.5578,328.2,1,1,2014-08-16,0455,Aqua,MODIS,66,6.2,308.8,13.3,D,0
-11.1124,132.5564,329.6,1,1,2014-08-16,0455,Aqua,MODIS,73,6.2,309.4,14.2,D,0
-11.6825,132.9928,333.5,1,1,2014-08-16,0455,Aqua,MODIS,78,6.2,308.3,19.9,D,0
-11.1201,132.5671,333,1,1,2014-08-16,0455,Aqua,MODIS,75,6.2,306.6,20.3,D,0
-11.6474,132.9913,329.2,1,1,2014-08-16,0455,Aqua,MODIS,69,6.2,307.5,13.8,D,0
-11.6684,132.9753,352.7,1,1,2014-08-16,0455,Aqua,MODIS,96,6.2,310.4,58.6,D,0
-11.667,132.9847,332.4,1,1,2014-08-16,0455,Aqua,MODIS,85,6.2,308.7,19.9,D,0
-11.6734,132.9914,328.3,1,1,2014-08-16,0455,Aqua,MODIS,60,6.2,309,12.6,D,0
-12.5278,132.628,329.1,1,1,2014-08-16,0455,Aqua,MODIS,67,6.2,313.8,10.7,D,0
-11.646,133.0008,331.1,1,1,2014-08-16,0455,Aqua,MODIS,81,6.2,307.1,16.3,D,0
-11.516,131.2842,357.8,1,1,2014-08-16,0455,Aqua,MODIS,98,6.2,307,67.2,D,0
-11.5045,131.3012,334.6,1,1,2014-08-16,0455,Aqua,MODIS,48,6.2,307.7,20.5,D,0
-11.507,131.2829,346.3,1,1,2014-08-16,0455,Aqua,MODIS,89,6.2,310.1,41.6,D,0
-11.5083,131.2737,360.8,1,1,2014-08-16,0455,Aqua,MODIS,100,6.2,309,77.3,D,0
-11.4955,131.2999,339.2,1,1,2014-08-16,0455,Aqua,MODIS,88,6.2,305.6,29.1,D,0
-11.498,131.2816,358.2,1,1,2014-08-16,0455,Aqua,MODIS,99,6.2,305,69.5,D,0
-11.4993,131.2724,362.9,1,1,2014-08-16,0455,Aqua,MODIS,94,6.2,307.6,83.8,D,0
-11.2501,132.0514,329.8,1,1,2014-08-16,0455,Aqua,MODIS,74,6.2,306.5,16.6,D,0
-11.4788,132.8855,326.1,1,1,2014-08-16,0455,Aqua,MODIS,77,6.2,307.4,12.5,D,0
-11.2631,132.0218,330.3,1,1,2014-08-16,0455,Aqua,MODIS,79,6.2,307.2,18.6,D,0
-11.2424,132.041,331.3,1,1,2014-08-16,0455,Aqua,MODIS,80,6.2,309,18,D,0
-11.2553,132.0149,328.6,1,1,2014-08-16,0455,Aqua,MODIS,64,6.2,306.9,16.6,D,0
-11.254,132.0241,340.8,1,1,2014-08-16,0455,Aqua,MODIS,89,6.2,306.7,33.1,D,0
-11.2514,132.0423,331.3,1,1,2014-08-16,0455,Aqua,MODIS,77,6.2,305.2,18.1,D,0
-11.2437,132.0318,335.8,1,1,2014-08-16,0455,Aqua,MODIS,82,6.2,306.5,23.8,D,0
-12.5286,132.1775,332.9,1,1,2014-08-16,0455,Aqua,MODIS,54,6.2,310,19.1,D,0
-11.5575,131.1216,331.5,1,1,2014-08-16,0455,Aqua,MODIS,81,6.2,307.8,17.2,D,0
-11.5588,131.1124,327.8,1,1,2014-08-16,0455,Aqua,MODIS,76,6.2,308.1,12.6,D,0
-11.5497,131.1111,345.1,1,1,2014-08-16,0455,Aqua,MODIS,92,6.2,308.1,38.4,D,0
-12.6356,132.0069,328,1,1,2014-08-16,0455,Aqua,MODIS,50,6.2,313.8,7.5,D,0
-11.6046,130.7208,325.3,1,1,2014-08-16,0455,Aqua,MODIS,53,6.2,307,9.7,D,0
-11.5817,131.1404,340.4,1,1,2014-08-16,0455,Aqua,MODIS,88,6.2,305.9,31.8,D,0
-11.2476,132.0045,333.4,1,1,2014-08-16,0455,Aqua,MODIS,83,6.2,302.1,24.8,D,0
-11.2566,132.0058,328.9,1,1,2014-08-16,0455,Aqua,MODIS,70,6.2,303.7,17.4,D,0
-11.7818,130.7013,322.4,1,1,2014-08-16,0455,Aqua,MODIS,59,6.2,306.5,12.1,D,0
-11.7832,130.6918,355.1,1,1,2014-08-16,0455,Aqua,MODIS,0,6.2,304.8,69.1,D,0
-11.6582,130.7249,322.5,1,1,2014-08-16,0455,Aqua,MODIS,60,6.2,305.2,10.2,D,0
-12.0453,132.9137,331.3,1,1,2014-08-16,0455,Aqua,MODIS,57,6.2,312,15,D,0
-12.044,132.9231,330.4,1,1,2014-08-16,0455,Aqua,MODIS,31,6.2,313.7,13.2,D,0
-11.5942,130.7289,333,1,1,2014-08-16,0455,Aqua,MODIS,81,6.2,307.7,18.1,D,0
-11.5918,131.3293,327.8,1,1,2014-08-16,0455,Aqua,MODIS,63,6.2,304.6,16.1,D,0
-11.5545,131.3331,331.8,1,1,2014-08-16,0455,Aqua,MODIS,81,6.2,304.4,20.6,D,0
-11.6263,133.0074,333.1,1,1,2014-08-16,0455,Aqua,MODIS,81,6.2,310,19.4,D,0
-34.5359,117.2976,317.6,1.4,1.2,2014-08-16,0627,Aqua,MODIS,67,6.2,292,22.9,D,0
-33.5343,115.7608,334.8,1.2,1.1,2014-08-16,0627,Aqua,MODIS,89,6.2,292.9,46.6,D,0
-34.4256,116.7851,308.6,1.3,1.1,2014-08-16,0627,Aqua,MODIS,67,6.2,292.7,12,D,0
-34.529,117.305,316,1.4,1.2,2014-08-16,0627,Aqua,MODIS,76,6.2,291.5,21,D,0
-33.2469,115.7522,305.3,1.2,1.1,2014-08-16,0628,Aqua,MODIS,61,6.2,293.8,6.4,D,0
-31.8514,116.0943,306,1.4,1.2,2014-08-16,0628,Aqua,MODIS,49,6.2,291.4,7.3,D,0
-31.849,116.1083,307.2,1.4,1.2,2014-08-16,0628,Aqua,MODIS,53,6.2,292.4,8.7,D,0
-32.1121,116.2875,308.9,1.4,1.2,2014-08-16,0628,Aqua,MODIS,54,6.2,293.5,11.2,D,0
-32.1198,116.2451,318.4,1.4,1.2,2014-08-16,0628,Aqua,MODIS,54,6.2,291.9,20.8,D,0
-32.1172,116.2592,330.9,1.4,1.2,2014-08-16,0628,Aqua,MODIS,75,6.2,293.5,41.1,D,0
-32.1039,116.234,329.7,1.4,1.2,2014-08-16,0628,Aqua,MODIS,85,6.2,294.4,40.7,D,0
-32.1142,116.2366,343,1.4,1.2,2014-08-16,0628,Aqua,MODIS,84,6.2,295.2,68.5,D,0
-32.1066,116.2794,327.9,1.4,1.2,2014-08-16,0628,Aqua,MODIS,84,6.2,294,36.9,D,0
-32.1117,116.2508,347.9,1.4,1.2,2014-08-16,0628,Aqua,MODIS,95,6.2,296.7,82.1,D,0
-32.1092,116.2649,341.8,1.4,1.2,2014-08-16,0628,Aqua,MODIS,91,6.2,296.1,65.9,D,0
-32.1245,116.2393,322.5,1.4,1.2,2014-08-16,0628,Aqua,MODIS,21,6.2,292.3,24.6,D,0
-32.1224,116.2308,317.8,1.4,1.2,2014-08-16,0628,Aqua,MODIS,73,6.2,293.2,21,D,0
-29.1786,116.7792,317,1.7,1.3,2014-08-16,0629,Aqua,MODIS,66,6.2,301.2,15.4,D,0
-29.1818,116.7624,354.3,1.7,1.3,2014-08-16,0629,Aqua,MODIS,97,6.2,304.7,136,D,0
-24.0213,120.0511,314,3.6,1.8,2014-08-16,0630,Aqua,MODIS,32,6.2,302.9,33.7,D,0
-21.8995,118.9054,318.6,3.4,1.7,2014-08-16,0630,Aqua,MODIS,63,6.2,303.9,53.7,D,0
-21.9061,118.9018,316.5,3.4,1.7,2014-08-16,0630,Aqua,MODIS,56,6.2,304.3,39.7,D,0
-21.2245,118.3015,322.8,3.2,1.7,2014-08-16,0631,Aqua,MODIS,70,6.2,306.3,64.2,D,0
-20.721,117.0273,341.2,2.6,1.6,2014-08-16,0631,Aqua,MODIS,90,6.2,306,151.2,D,0
-20.3087,118.7735,343,3.6,1.8,2014-08-16,0631,Aqua,MODIS,79,6.2,301.8,268.1,D,0
-15.1098,143.2229,322.2,2.1,1.4,2014-08-16,1241,Terra,MODIS,100,6.2,291.5,59.7,N,0
-13.0326,141.9894,305.6,2.5,1.5,2014-08-16,1241,Terra,MODIS,65,6.2,290.9,24.1,N,0
-15.1094,143.2283,327.3,2.1,1.4,2014-08-16,1241,Terra,MODIS,100,6.2,291.7,75.2,N,0
-15.1075,143.2425,307.9,2.1,1.4,2014-08-16,1241,Terra,MODIS,73,6.2,291.1,23.8,N,0
-15.1222,143.2299,307,2.1,1.4,2014-08-16,1241,Terra,MODIS,70,6.2,291.3,21.7,N,0
-15.1226,143.2245,306.6,2.1,1.4,2014-08-16,1241,Terra,MODIS,69,6.2,291.2,21.1,N,0
-18.9609,121.774,302.8,1.4,1.2,2014-08-16,1418,Terra,MODIS,51,6.2,283.7,13.4,N,0
-17.2451,122.9422,306.3,1.1,1.1,2014-08-16,1419,Terra,MODIS,67,6.2,285.5,11.9,N,0
-16.4784,123.869,300.6,1,1,2014-08-16,1419,Terra,MODIS,21,6.2,288,4.6,N,0
-17.2452,122.2388,324.4,1.3,1.1,2014-08-16,1419,Terra,MODIS,100,6.2,287.8,34.9,N,0
-16.4954,123.8817,303,1,1,2014-08-16,1419,Terra,MODIS,7,6.2,289.7,6.5,N,0
-16.5623,123.8579,304.5,1,1,2014-08-16,1419,Terra,MODIS,60,6.2,289.9,7.9,N,0
-17.3352,122.3288,307.4,1.2,1.1,2014-08-16,1419,Terra,MODIS,71,6.2,284.9,13.6,N,0
-17.2437,122.2505,304.9,1.2,1.1,2014-08-16,1419,Terra,MODIS,62,6.2,283.6,12.5,N,0
-16.3438,123.7171,300.8,1.1,1,2014-08-16,1419,Terra,MODIS,34,6.2,289.4,5.7,N,0
-17.2972,122.9451,300.4,1.2,1.1,2014-08-16,1419,Terra,MODIS,18,6.2,285.8,7.7,N,0
-17.4069,122.1654,303,1.3,1.1,2014-08-16,1419,Terra,MODIS,34,6.2,288.6,9,N,0
-16.3539,123.7645,303.3,1.1,1,2014-08-16,1419,Terra,MODIS,54,6.2,289.7,6.4,N,0
-17.5657,123.904,308.7,1.1,1,2014-08-16,1419,Terra,MODIS,75,6.2,288.4,11,N,0
-15.5107,129.2872,310.1,1.5,1.2,2014-08-16,1419,Terra,MODIS,79,6.2,287.9,18.8,N,0
-14.8454,128.4832,300.7,1.4,1.2,2014-08-16,1419,Terra,MODIS,32,6.2,286.1,9.3,N,0
-15.513,129.2735,302.6,1.5,1.2,2014-08-16,1419,Terra,MODIS,34,6.2,285.2,10.5,N,0
-17.5235,123.8672,308.5,1.1,1,2014-08-16,1419,Terra,MODIS,75,6.2,287.5,11.1,N,0
-17.5565,123.9026,317.8,1.1,1,2014-08-16,1419,Terra,MODIS,96,6.2,288.9,18.3,N,0
-17.6245,123.8678,301.6,1.1,1,2014-08-16,1419,Terra,MODIS,13,6.2,285.8,6.6,N,0
-17.5829,123.9167,316.5,1.1,1,2014-08-16,1419,Terra,MODIS,81,6.2,288.5,16.7,N,0
-17.5736,123.9153,312.1,1.1,1,2014-08-16,1419,Terra,MODIS,67,6.2,288.5,12.9,N,0
-15.5085,129.2811,316.7,1.5,1.2,2014-08-16,1419,Terra,MODIS,94,6.2,286.2,28.7,N,0
-15.5193,129.283,302.4,1.5,1.2,2014-08-16,1419,Terra,MODIS,38,6.2,288.7,10.1,N,0
-15.5292,131.3851,304.1,2.1,1.4,2014-08-16,1419,Terra,MODIS,59,6.2,286.3,21.8,N,0
-15.5259,131.4045,311.2,2.1,1.4,2014-08-16,1419,Terra,MODIS,82,6.2,286.7,36.9,N,0
-15.5288,131.3907,312,2.1,1.4,2014-08-16,1419,Terra,MODIS,84,6.2,286.5,36.5,N,0
-15.5254,131.41,302.7,2.1,1.4,2014-08-16,1419,Terra,MODIS,47,6.2,286.1,20,N,0
-12.3975,133.1265,302.6,3.3,1.7,2014-08-16,1420,Terra,MODIS,49,6.2,292.6,22.5,N,0
-12.3985,133.1032,303.5,3.3,1.7,2014-08-16,1420,Terra,MODIS,55,6.2,292.5,27.8,N,0
-13.0201,142.0067,301,1.4,1.2,2014-08-16,1544,Aqua,MODIS,31,6.2,288.9,7,N,0
-12.4716,142.5888,301,1.3,1.1,2014-08-16,1544,Aqua,MODIS,33,6.2,290.6,6.1,N,0
-13.0243,141.9997,303.6,1.4,1.2,2014-08-16,1544,Aqua,MODIS,55,6.2,289.3,9.1,N,0
-17.4699,138.2703,309.6,2.1,1.4,2014-08-16,1546,Aqua,MODIS,78,6.2,289.1,31.3,N,0
-17.4825,138.2677,305,2.1,1.4,2014-08-16,1546,Aqua,MODIS,63,6.2,288.8,22,N,0
-20.7353,139.4782,308.4,1.5,1.2,2014-08-16,1547,Aqua,MODIS,74,6.2,283,21.9,N,2
-17.4623,122.2537,312.4,1.1,1.1,2014-08-16,1724,Aqua,MODIS,75,6.2,288.3,14.4,N,0
-17.4608,122.2433,308.1,1.1,1.1,2014-08-16,1724,Aqua,MODIS,73,6.2,288.4,11.4,N,0
-17.4499,122.2343,303.5,1.1,1.1,2014-08-16,1724,Aqua,MODIS,50,6.2,288.6,8,N,0
-17.2295,122.2468,314.2,1.1,1.1,2014-08-16,1724,Aqua,MODIS,88,6.2,284.7,17.9,N,0
-17.4732,122.2628,333.7,1.1,1.1,2014-08-16,1724,Aqua,MODIS,100,6.2,290.1,40.9,N,0
-17.4855,122.2823,304.4,1.1,1.1,2014-08-16,1724,Aqua,MODIS,16,6.2,286.4,8.4,N,0
-17.4117,122.1658,302.9,1.1,1,2014-08-16,1724,Aqua,MODIS,43,6.2,288.9,7,N,0
-16.3558,123.7262,314.6,1.3,1.1,2014-08-16,1724,Aqua,MODIS,89,6.2,290.9,20.5,N,0
-16.3503,123.7639,301.7,1.3,1.1,2014-08-16,1724,Aqua,MODIS,44,6.2,289.3,7.6,N,0
-17.4131,122.1761,303.3,1.1,1,2014-08-16,1724,Aqua,MODIS,44,6.2,288.7,7.4,N,0
-17.4913,122.2864,305.1,1.1,1.1,2014-08-16,1724,Aqua,MODIS,63,6.2,286.5,10.1,N,0
-17.239,122.2455,307.1,1.1,1.1,2014-08-16,1724,Aqua,MODIS,70,6.2,284.3,13.1,N,0
-17.4717,122.2523,335.1,1.1,1.1,2014-08-16,1724,Aqua,MODIS,100,6.2,290.2,42.9,N,0
-20.6896,117.0207,303.1,1.1,1.1,2014-08-16,1725,Aqua,MODIS,53,6.2,285.2,9.7,N,0
-20.6913,117.0315,314.5,1.1,1.1,2014-08-16,1725,Aqua,MODIS,89,6.2,284.9,19.2,N,0
-11.1133,132.5672,316.8,2,1.4,2014-08-17,0109,Terra,MODIS,61,6.2,302.2,21.5,D,0
-11.6685,132.9944,323.6,1.8,1.3,2014-08-17,0109,Terra,MODIS,77,6.2,302.8,30.9,D,0
-12.2352,136.5848,342.1,1.1,1,2014-08-17,0109,Terra,MODIS,91,6.2,303,40.8,D,0
-12.2367,136.5946,334.8,1.1,1,2014-08-17,0109,Terra,MODIS,85,6.2,303.9,28.4,D,0
-12.2244,136.5764,328.3,1.1,1,2014-08-17,0109,Terra,MODIS,81,6.2,302.4,20.3,D,0
-12.2259,136.5862,330.7,1.1,1,2014-08-17,0109,Terra,MODIS,75,6.2,302.9,22.5,D,0
-11.6177,132.7596,318.2,1.9,1.3,2014-08-17,0109,Terra,MODIS,59,6.2,302.9,20.9,D,0
-12.2229,136.5666,322,1.1,1,2014-08-17,0109,Terra,MODIS,70,6.2,301.4,12.5,D,0
-12.1107,136.4988,316.1,1.1,1,2014-08-17,0109,Terra,MODIS,26,6.2,302.8,5.7,D,0
-12.4805,142.5959,318,1.5,1.2,2014-08-17,0109,Terra,MODIS,50,6.2,298.6,13.2,D,0
-12.1459,142.0556,324.4,1.4,1.2,2014-08-17,0109,Terra,MODIS,77,6.2,299.8,24.1,D,0
-12.1753,136.1938,315.8,1.1,1.1,2014-08-17,0109,Terra,MODIS,37,6.2,301.4,8.1,D,0
-12.0999,136.4903,320.7,1.1,1,2014-08-17,0109,Terra,MODIS,63,6.2,301.7,10.1,D,0
-12.1641,136.4947,313.9,1.1,1,2014-08-17,0109,Terra,MODIS,22,6.2,301.1,5.2,D,0
-12.1092,136.4889,320.4,1.1,1,2014-08-17,0109,Terra,MODIS,63,6.2,302.1,10.4,D,0
-13.0149,141.9868,339,1.4,1.2,2014-08-17,0109,Terra,MODIS,89,6.2,301.3,54.6,D,0
-11.8429,142.2111,324.9,1.4,1.2,2014-08-17,0109,Terra,MODIS,78,6.2,299.8,24.1,D,0
-12.4787,142.5821,319.3,1.5,1.2,2014-08-17,0109,Terra,MODIS,63,6.2,297.8,16.7,D,0
-12.0934,136.5725,315.2,1.1,1,2014-08-17,0109,Terra,MODIS,0,6.2,301.7,5.6,D,0
-12.0798,136.3604,322.3,1.1,1,2014-08-17,0109,Terra,MODIS,67,6.2,302.6,12.9,D,0
-12.0782,136.3502,327.4,1.1,1,2014-08-17,0109,Terra,MODIS,80,6.2,303.1,20,D,0
-12.0704,136.3619,321.9,1.1,1,2014-08-17,0109,Terra,MODIS,67,6.2,303,11.9,D,0
-12.0688,136.3517,327,1.1,1,2014-08-17,0109,Terra,MODIS,80,6.2,302.9,19,D,0
-12.2397,136.6143,328.5,1.1,1,2014-08-17,0109,Terra,MODIS,54,6.2,301.6,19.6,D,0
-12.1904,136.5413,328,1.1,1,2014-08-17,0109,Terra,MODIS,60,6.2,303.4,18.3,D,0
-12.2012,136.5498,324,1.1,1,2014-08-17,0109,Terra,MODIS,43,6.2,301.8,12.7,D,0
-12.1858,136.5116,318.5,1.1,1,2014-08-17,0109,Terra,MODIS,60,6.2,302.8,8.1,D,0
-11.6149,132.7422,322.4,1.9,1.3,2014-08-17,0109,Terra,MODIS,65,6.2,299.9,32.4,D,0
-12.1143,136.3343,320.9,1.1,1,2014-08-17,0109,Terra,MODIS,73,6.2,302.5,12.5,D,0
-12.3063,142.2491,319.6,1.4,1.2,2014-08-17,0109,Terra,MODIS,71,6.2,298.6,16.9,D,0
-12.3081,142.2621,325.7,1.4,1.2,2014-08-17,0109,Terra,MODIS,79,6.2,300,27.6,D,0
-12.1625,136.4847,327.8,1.1,1,2014-08-17,0109,Terra,MODIS,81,6.2,303.7,21.4,D,0
-12.1766,136.4519,313.7,1.1,1,2014-08-17,0109,Terra,MODIS,48,6.2,301,6.4,D,0
-11.8128,132.9741,315.3,1.8,1.3,2014-08-17,0110,Terra,MODIS,60,6.2,300.6,16.3,D,0
-11.801,132.9761,347.9,1.8,1.3,2014-08-17,0110,Terra,MODIS,94,6.2,301.6,122,D,0
-13.2437,132.248,317.2,1.9,1.4,2014-08-17,0110,Terra,MODIS,22,6.2,304.3,13.7,D,0
-13.0449,132.4109,316.6,1.9,1.3,2014-08-17,0110,Terra,MODIS,43,6.2,304.4,17.2,D,0
-13.6127,131.7156,314.6,2.1,1.4,2014-08-17,0110,Terra,MODIS,58,6.2,303.5,14.3,D,0
-13.1738,132.3042,317.6,1.9,1.4,2014-08-17,0110,Terra,MODIS,31,6.2,302.8,17.2,D,0
-13.2589,132.2637,322.3,1.9,1.4,2014-08-17,0110,Terra,MODIS,67,6.2,302.4,26.4,D,0
-12.276,136.6222,327.7,1.1,1,2014-08-17,0110,Terra,MODIS,81,6.2,302.8,20.6,D,0
-12.2744,136.6125,319.8,1.1,1,2014-08-17,0110,Terra,MODIS,66,6.2,302.1,11,D,0
-12.2636,136.6041,326.7,1.1,1,2014-08-17,0110,Terra,MODIS,80,6.2,304,18.6,D,0
-12.3619,136.643,322,1.1,1,2014-08-17,0110,Terra,MODIS,74,6.2,301.1,13.9,D,0
-12.3686,134.879,319,1.3,1.1,2014-08-17,0110,Terra,MODIS,68,6.2,303.3,13.9,D,0
-12.3635,136.6527,315.8,1.1,1,2014-08-17,0110,Terra,MODIS,58,6.2,303.2,7.3,D,0
-13.9167,131.1166,319.8,2.3,1.5,2014-08-17,0110,Terra,MODIS,70,6.2,303.6,34.1,D,0
-13.9128,131.1102,317,2.3,1.5,2014-08-17,0110,Terra,MODIS,49,6.2,304,24,D,0
-12.1322,135.4514,314.5,1.2,1.1,2014-08-17,0110,Terra,MODIS,49,6.2,300.3,8.9,D,0
-12.1223,135.4529,318.4,1.2,1.1,2014-08-17,0110,Terra,MODIS,59,6.2,300.4,13.4,D,0
-13.7461,131.9547,316.5,2,1.4,2014-08-17,0110,Terra,MODIS,48,6.2,304,16.8,D,0
-13.8092,131.786,312.9,2.1,1.4,2014-08-17,0110,Terra,MODIS,41,6.2,302.1,10.5,D,0
-13.7966,131.7878,315.9,2.1,1.4,2014-08-17,0110,Terra,MODIS,63,6.2,302.7,17.3,D,0
-13.5023,134.2823,328.4,1.4,1.2,2014-08-17,0110,Terra,MODIS,81,6.2,301.8,31.2,D,0
-13.4919,134.2841,314.8,1.4,1.2,2014-08-17,0110,Terra,MODIS,55,6.2,300.1,9.7,D,0
-13.9596,136.4744,315.1,1.1,1,2014-08-17,0110,Terra,MODIS,59,6.2,302.7,6.9,D,0
-12.6214,131.532,322.2,2.3,1.5,2014-08-17,0110,Terra,MODIS,74,6.2,303.1,39.4,D,0
-12.6187,131.5265,320.9,2.3,1.5,2014-08-17,0110,Terra,MODIS,72,6.2,303.3,34.9,D,0
-13.896,136.5997,317.4,1,1,2014-08-17,0110,Terra,MODIS,68,6.2,301.3,9.1,D,0
-13.8946,136.5902,322.9,1,1,2014-08-17,0110,Terra,MODIS,76,6.2,301.5,14.8,D,0
-13.992,136.4533,316.1,1.1,1,2014-08-17,0110,Terra,MODIS,66,6.2,304.5,7.9,D,0
-13.8115,136.2334,338.6,1.1,1,2014-08-17,0110,Terra,MODIS,89,6.2,301.3,36.9,D,0
-13.8022,136.2349,324.4,1.1,1,2014-08-17,0110,Terra,MODIS,47,6.2,299.9,16.5,D,0
-13.8671,136.5945,324.1,1,1,2014-08-17,0110,Terra,MODIS,41,6.2,301.2,13.9,D,0
-13.8656,136.5848,324.3,1,1,2014-08-17,0110,Terra,MODIS,73,6.2,301.4,15.4,D,0
-13.8594,136.6055,327,1,1,2014-08-17,0110,Terra,MODIS,35,6.2,302.1,16.3,D,0
-13.8517,136.6165,323.3,1,1,2014-08-17,0110,Terra,MODIS,30,6.2,302.6,12.4,D,0
-12.32,136.7849,315.2,1.1,1,2014-08-17,0110,Terra,MODIS,31,6.2,300.4,6.6,D,0
-13.698,132.2816,317.1,1.9,1.3,2014-08-17,0110,Terra,MODIS,46,6.2,303.3,16.1,D,0
-12.7516,132.6043,318.5,1.9,1.3,2014-08-17,0110,Terra,MODIS,64,6.2,301.9,27.7,D,0
-15.2812,135.2091,317,1.2,1.1,2014-08-17,0110,Terra,MODIS,37,6.2,304.1,7.6,D,0
-15.2647,135.168,318.7,1.2,1.1,2014-08-17,0110,Terra,MODIS,54,6.2,304.4,9.3,D,0
-15.263,135.1574,339.4,1.2,1.1,2014-08-17,0110,Terra,MODIS,89,6.2,305.3,42.4,D,0
-15.2613,135.1465,325.5,1.2,1.1,2014-08-17,0110,Terra,MODIS,74,6.2,302,19,D,0
-12.3215,136.7945,316.9,1.1,1,2014-08-17,0110,Terra,MODIS,42,6.2,301.5,8.3,D,0
-13.1951,132.2822,316.8,1.9,1.4,2014-08-17,0110,Terra,MODIS,42,6.2,303.6,16.4,D,0
-15.6815,136.0537,318,1.1,1,2014-08-17,0110,Terra,MODIS,54,6.2,304.7,7.9,D,0
-12.2794,136.5211,320,1.1,1,2014-08-17,0110,Terra,MODIS,72,6.2,300.8,12.2,D,0
-13.2406,132.2302,320.3,1.9,1.4,2014-08-17,0110,Terra,MODIS,68,6.2,303.7,20.1,D,0
-12.1105,134.6648,322.5,1.4,1.2,2014-08-17,0110,Terra,MODIS,73,6.2,301.1,19.4,D,0
-11.6215,132.752,328.8,1.9,1.3,2014-08-17,0110,Terra,MODIS,61,6.2,302.7,50,D,0
-11.8156,132.9906,326.2,1.8,1.3,2014-08-17,0110,Terra,MODIS,78,6.2,302.4,41.2,D,0
-11.8038,132.9925,353.4,1.8,1.3,2014-08-17,0110,Terra,MODIS,97,6.2,306.2,149.5,D,0
-13.1204,134.3332,339.7,1.4,1.2,2014-08-17,0110,Terra,MODIS,89,6.2,301.8,57.6,D,0
-12.4682,133.8676,316.3,1.5,1.2,2014-08-17,0110,Terra,MODIS,58,6.2,299.5,14.5,D,0
-12.4644,133.86,321.2,1.5,1.2,2014-08-17,0110,Terra,MODIS,66,6.2,300.2,22,D,0
-12.479,134.7309,317.5,1.3,1.1,2014-08-17,0110,Terra,MODIS,49,6.2,304.4,9.3,D,0
-14.6956,141.6179,323.8,1.4,1.2,2014-08-17,0110,Terra,MODIS,65,6.2,302.8,17.2,D,0
-12.4659,133.8537,316.9,1.5,1.2,2014-08-17,0110,Terra,MODIS,57,6.2,299.3,15.7,D,0
-13.11,134.335,327,1.4,1.2,2014-08-17,0110,Terra,MODIS,79,6.2,300.6,29.8,D,0
-13.0577,130.9671,315.8,2.4,1.5,2014-08-17,0110,Terra,MODIS,28,6.2,300.2,21.5,D,0
-12.5285,134.2307,319.7,1.4,1.2,2014-08-17,0110,Terra,MODIS,58,6.2,301.1,15.2,D,0
-13.0671,130.9424,324.2,2.5,1.5,2014-08-17,0110,Terra,MODIS,76,6.2,301.2,54.1,D,0
-15.238,135.1452,357.7,1.2,1.1,2014-08-17,0110,Terra,MODIS,99,6.2,307.5,88.6,D,0
-12.5157,134.2193,320.6,1.4,1.2,2014-08-17,0110,Terra,MODIS,45,6.2,300.8,16.9,D,0
-13.1121,134.3476,355.9,1.4,1.2,2014-08-17,0110,Terra,MODIS,98,6.2,302.9,109.4,D,0
-12.2872,134.0425,318,1.5,1.2,2014-08-17,0110,Terra,MODIS,64,6.2,301.8,14.9,D,0
-12.6307,135.4244,326.9,1.2,1.1,2014-08-17,0110,Terra,MODIS,79,6.2,302,23.2,D,0
-15.7387,136.3622,314.5,1,1,2014-08-17,0110,Terra,MODIS,49,6.2,303,5,D,0
-13.1266,134.3708,330.5,1.4,1.2,2014-08-17,0110,Terra,MODIS,83,6.2,303.4,33.6,D,0
-15.1171,143.233,326.2,1.8,1.3,2014-08-17,0110,Terra,MODIS,68,6.2,301.5,37.8,D,0
-12.2801,133.3676,316.4,1.7,1.3,2014-08-17,0110,Terra,MODIS,35,6.2,302,10,D,0
-12.1124,134.6772,318.8,1.4,1.2,2014-08-17,0110,Terra,MODIS,63,6.2,300.6,13.9,D,0
-12.4166,133.9104,317.9,1.5,1.2,2014-08-17,0110,Terra,MODIS,66,6.2,300,17.2,D,0
-12.3108,136.7863,316.6,1.1,1,2014-08-17,0110,Terra,MODIS,39,6.2,300.3,7.6,D,0
-13.0337,142.0038,321.7,1.4,1.2,2014-08-17,0110,Terra,MODIS,53,6.2,302.1,18.3,D,0
-14.421,134.96,328.9,1.2,1.1,2014-08-17,0110,Terra,MODIS,81,6.2,302.3,25.6,D,0
-12.7516,135.4778,318.1,1.2,1.1,2014-08-17,0110,Terra,MODIS,57,6.2,304.1,9.2,D,0
-12.7595,135.7367,320.1,1.2,1.1,2014-08-17,0110,Terra,MODIS,27,6.2,301.2,11.3,D,0
-15.6003,136.0633,316.4,1.1,1,2014-08-17,0110,Terra,MODIS,46,6.2,303.2,6.3,D,0
-13.0734,130.9474,318.2,2.5,1.5,2014-08-17,0110,Terra,MODIS,66,6.2,300.6,33.3,D,0
-15.0855,143.2257,320.3,1.8,1.3,2014-08-17,0110,Terra,MODIS,59,6.2,298.8,22.7,D,0
-12.6205,135.6891,323.7,1.2,1.1,2014-08-17,0110,Terra,MODIS,40,6.2,301.4,15.3,D,0
-12.6188,135.6784,330.7,1.2,1.1,2014-08-17,0110,Terra,MODIS,70,6.2,301.5,26.3,D,0
-15.5926,136.0746,373.3,1.1,1,2014-08-17,0110,Terra,MODIS,100,6.2,308.6,129.2,D,0
-12.2894,134.056,316,1.5,1.2,2014-08-17,0110,Terra,MODIS,59,6.2,301.3,12.7,D,0
-12.6301,135.6875,330.7,1.2,1.1,2014-08-17,0110,Terra,MODIS,61,6.2,302.9,24.9,D,0
-13.0215,141.9925,327.5,1.4,1.2,2014-08-17,0110,Terra,MODIS,60,6.2,302.1,27.9,D,0
-12.2826,133.3741,323.2,1.7,1.3,2014-08-17,0110,Terra,MODIS,74,6.2,302.3,26.1,D,0
-12.0892,133.1897,314.7,1.7,1.3,2014-08-17,0110,Terra,MODIS,18,6.2,302.6,9.3,D,0
-12.5264,134.2176,318.7,1.4,1.2,2014-08-17,0110,Terra,MODIS,45,6.2,301.5,13.8,D,0
-12.5392,134.2289,335.7,1.4,1.2,2014-08-17,0110,Terra,MODIS,87,6.2,303.2,47.2,D,0
-12.4143,133.8968,317.2,1.5,1.2,2014-08-17,0110,Terra,MODIS,64,6.2,299,16.1,D,0
-12.9299,132.2741,323.2,2,1.4,2014-08-17,0110,Terra,MODIS,63,6.2,304.3,30,D,0
-15.5942,136.0844,328.1,1.1,1,2014-08-17,0110,Terra,MODIS,80,6.2,304.9,19.4,D,0
-12.2827,133.3828,322.3,1.7,1.3,2014-08-17,0110,Terra,MODIS,73,6.2,303.1,22.1,D,0
-13.1318,135.8241,324.8,1.1,1.1,2014-08-17,0110,Terra,MODIS,64,6.2,297.8,19.1,D,0
-12.6402,134.083,321.2,1.5,1.2,2014-08-17,0110,Terra,MODIS,72,6.2,302.6,20.3,D,0
-13.0536,130.9447,327.1,2.5,1.5,2014-08-17,0110,Terra,MODIS,79,6.2,302.3,64.4,D,0
-15.8627,135.8503,321.5,1.1,1,2014-08-17,0110,Terra,MODIS,71,6.2,304.9,12.2,D,0
-11.9183,133.199,330.7,1.7,1.3,2014-08-17,0110,Terra,MODIS,82,6.2,304.3,45.1,D,0
-12.6488,135.2842,321.2,1.2,1.1,2014-08-17,0110,Terra,MODIS,66,6.2,305.1,12.1,D,0
-12.1957,133.1332,332.5,1.7,1.3,2014-08-17,0110,Terra,MODIS,84,6.2,304.3,53.4,D,0
-15.7981,136.0889,315.7,1.1,1,2014-08-17,0110,Terra,MODIS,33,6.2,304.7,5.1,D,0
-12.5225,134.2242,318.1,1.4,1.2,2014-08-17,0110,Terra,MODIS,16,6.2,300.8,12.9,D,0
-12.6795,132.1057,320.7,2,1.4,2014-08-17,0110,Terra,MODIS,59,6.2,303.5,25.1,D,0
-15.8201,136.3529,325,1,1,2014-08-17,0110,Terra,MODIS,76,6.2,306.8,13.6,D,0
-13.1302,135.8137,322.5,1.1,1.1,2014-08-17,0110,Terra,MODIS,50,6.2,298.9,16.2,D,0
-12.5917,135.9696,322.9,1.1,1.1,2014-08-17,0110,Terra,MODIS,75,6.2,301.2,16.2,D,0
-12.5204,134.2111,317.4,1.4,1.2,2014-08-17,0110,Terra,MODIS,22,6.2,300.5,12.2,D,0
-13.0712,130.9648,312.4,2.4,1.5,2014-08-17,0110,Terra,MODIS,20,6.2,300.7,14,D,0
-12.6873,136.6528,313.8,1.1,1,2014-08-17,0110,Terra,MODIS,43,6.2,300.5,7.3,D,0
-13.0599,130.9499,338.2,2.5,1.5,2014-08-17,0110,Terra,MODIS,88,6.2,301.6,122.8,D,0
-12.703,135.9671,325.8,1.1,1.1,2014-08-17,0110,Terra,MODIS,58,6.2,302.6,16.5,D,0
-12.0406,134.1586,319.6,1.5,1.2,2014-08-17,0110,Terra,MODIS,38,6.2,302.6,13.8,D,0
-12.6919,132.1034,321.4,2,1.4,2014-08-17,0110,Terra,MODIS,65,6.2,302,28.5,D,0
-13.1286,134.3833,322,1.4,1.2,2014-08-17,0110,Terra,MODIS,58,6.2,300.6,18.6,D,0
-15.8611,135.8403,321.2,1.1,1,2014-08-17,0110,Terra,MODIS,70,6.2,304.7,12.4,D,0
-13.1141,134.3601,332.2,1.4,1.2,2014-08-17,0110,Terra,MODIS,84,6.2,302.5,37.5,D,0
-15.7402,136.3718,322.1,1,1,2014-08-17,0110,Terra,MODIS,72,6.2,305,12.1,D,0
-15.6019,136.0731,318.1,1.1,1,2014-08-17,0110,Terra,MODIS,62,6.2,305,8.6,D,0
-13.1037,134.3619,325.4,1.4,1.2,2014-08-17,0110,Terra,MODIS,56,6.2,301.5,24.7,D,0
-15.8657,135.8701,317.4,1.1,1,2014-08-17,0110,Terra,MODIS,47,6.2,304,7,D,0
-12.7062,135.96,315.3,1.1,1.1,2014-08-17,0110,Terra,MODIS,50,6.2,301.6,7.5,D,0
-15.4304,135.3832,329.3,1.1,1.1,2014-08-17,0110,Terra,MODIS,81,6.2,305.4,22.2,D,0
-15.432,135.3937,319.3,1.1,1.1,2014-08-17,0110,Terra,MODIS,43,6.2,304.7,9.5,D,0
-12.9513,132.2276,326.4,2,1.4,2014-08-17,0110,Terra,MODIS,79,6.2,303.5,38.4,D,0
-12.9482,132.2097,317.6,2,1.4,2014-08-17,0110,Terra,MODIS,34,6.2,302.4,14.2,D,0
-13.2703,135.8426,320.7,1.1,1.1,2014-08-17,0110,Terra,MODIS,58,6.2,299.5,13,D,0
-13.2142,135.6974,314.1,1.2,1.1,2014-08-17,0110,Terra,MODIS,39,6.2,301.2,6.3,D,0
-12.0453,134.1649,327.7,1.5,1.2,2014-08-17,0110,Terra,MODIS,44,6.2,301.6,27.5,D,0
-12.3899,133.121,316.1,1.7,1.3,2014-08-17,0110,Terra,MODIS,62,6.2,300,16.6,D,0
-15.6631,135.9357,320.3,1.1,1,2014-08-17,0110,Terra,MODIS,50,6.2,302.4,10.3,D,0
-13.1571,135.7713,314.2,1.1,1.1,2014-08-17,0110,Terra,MODIS,58,6.2,299.5,8.3,D,0
-13.2575,135.8234,328,1.1,1.1,2014-08-17,0110,Terra,MODIS,58,6.2,300.5,21.6,D,0
-15.6647,135.9456,323.1,1.1,1,2014-08-17,0110,Terra,MODIS,57,6.2,303.9,12.6,D,0
-14.4091,141.61,321.1,1.4,1.2,2014-08-17,0110,Terra,MODIS,71,6.2,305,12.8,D,0
-13.0271,141.9982,318.5,1.4,1.2,2014-08-17,0110,Terra,MODIS,50,6.2,302.6,14.7,D,0
-12.1001,134.6665,328.2,1.4,1.2,2014-08-17,0110,Terra,MODIS,80,6.2,303.6,27.7,D,0
-14.6973,141.6308,321,1.4,1.2,2014-08-17,0110,Terra,MODIS,47,6.2,306.9,11.8,D,0
-13.1225,134.3458,357.9,1.4,1.2,2014-08-17,0110,Terra,MODIS,99,6.2,303.6,116.7,D,0
-12.7079,135.9703,319,1.1,1.1,2014-08-17,0110,Terra,MODIS,67,6.2,301.1,11.1,D,0
-12.1931,133.1174,320.4,1.7,1.3,2014-08-17,0110,Terra,MODIS,71,6.2,301.4,22.5,D,0
-12.6268,135.6662,336.5,1.2,1.1,2014-08-17,0110,Terra,MODIS,87,6.2,302.8,37.3,D,0
-13.2686,135.8322,322.4,1.1,1.1,2014-08-17,0110,Terra,MODIS,55,6.2,299.2,14.9,D,0
-12.9451,132.1915,318.3,2,1.4,2014-08-17,0110,Terra,MODIS,67,6.2,303.3,17.5,D,0
-14.176,129.6304,317,2.9,1.6,2014-08-17,0110,Terra,MODIS,68,6.2,302.2,47.9,D,0
-11.4883,130.2681,315.5,3,1.6,2014-08-17,0110,Terra,MODIS,53,6.2,297.6,40,D,0
-11.4882,130.274,318.2,3,1.6,2014-08-17,0110,Terra,MODIS,34,6.2,297.9,47.4,D,0
-14.4291,129.5056,314.6,3,1.6,2014-08-17,0110,Terra,MODIS,32,6.2,301,35.3,D,0
-11.4931,130.2953,314.3,3,1.6,2014-08-17,0110,Terra,MODIS,49,6.2,299.2,36.3,D,0
-11.5078,130.2928,313.9,3,1.6,2014-08-17,0110,Terra,MODIS,27,6.2,299.1,32.7,D,0
-14.424,129.4782,325.2,3,1.6,2014-08-17,0110,Terra,MODIS,79,6.2,302.1,85.8,D,0
-14.0832,129.6261,310.9,3,1.6,2014-08-17,0110,Terra,MODIS,39,6.2,299.5,26,D,0
-14.4094,129.4812,347.7,3,1.6,2014-08-17,0110,Terra,MODIS,94,6.2,304.1,254.8,D,0
-14.4043,129.4538,322.3,3,1.6,2014-08-17,0110,Terra,MODIS,66,6.2,299.1,70.7,D,0
-13.0622,141.8959,313.3,1.4,1.2,2014-08-17,0110,Terra,MODIS,54,6.2,299.3,10.7,D,0
-13.0639,141.9086,316.4,1.4,1.2,2014-08-17,0110,Terra,MODIS,64,6.2,298.8,14.7,D,0
-13.1607,135.856,328.9,1.1,1.1,2014-08-17,0110,Terra,MODIS,81,6.2,301.7,25.4,D,0
-12.7637,135.7409,327.2,1.2,1.1,2014-08-17,0110,Terra,MODIS,80,6.2,301.8,22.3,D,0
-12.524,132.6393,314.8,1.9,1.3,2014-08-17,0110,Terra,MODIS,23,6.2,303,11.6,D,0
-12.5814,131.994,316.4,2.1,1.4,2014-08-17,0110,Terra,MODIS,46,6.2,300.8,21.6,D,0
-12.6641,132.1651,319.8,2,1.4,2014-08-17,0110,Terra,MODIS,59,6.2,302.4,27.6,D,0
-12.9119,136.4386,315.1,1.1,1,2014-08-17,0110,Terra,MODIS,57,6.2,299.2,7.8,D,0
-12.9227,136.447,312.3,1.1,1,2014-08-17,0110,Terra,MODIS,28,6.2,299.9,5,D,0
-12.5846,132.0129,330.9,2.1,1.4,2014-08-17,0110,Terra,MODIS,83,6.2,303.9,64.8,D,0
-13.587,141.7887,319.3,1.4,1.2,2014-08-17,0110,Terra,MODIS,27,6.2,301.3,12.8,D,0
-12.9212,136.4371,314.8,1.1,1,2014-08-17,0110,Terra,MODIS,60,6.2,300.4,7.9,D,0
-12.5242,132.5686,318.7,1.9,1.3,2014-08-17,0110,Terra,MODIS,69,6.2,303.9,20.1,D,0
-12.52,132.5761,320.3,1.9,1.3,2014-08-17,0110,Terra,MODIS,72,6.2,304,22.4,D,0
-12.5688,131.9962,335.3,2.1,1.4,2014-08-17,0110,Terra,MODIS,87,6.2,302.2,86.4,D,0
-13.7604,142.8625,318.5,1.6,1.3,2014-08-17,0110,Terra,MODIS,69,6.2,300.9,16.9,D,0
-13.186,135.8307,315,1.1,1.1,2014-08-17,0110,Terra,MODIS,32,6.2,301.3,7.4,D,0
-13.1496,135.8471,329.5,1.1,1.1,2014-08-17,0110,Terra,MODIS,82,6.2,298.5,25.5,D,0
-15.2363,135.1345,359.8,1.2,1.1,2014-08-17,0110,Terra,MODIS,99,6.2,303.9,97,D,0
-12.5324,131.7832,318.9,2.2,1.4,2014-08-17,0110,Terra,MODIS,70,6.2,303.9,30.8,D,0
-12.5721,132.0151,325.3,2.1,1.4,2014-08-17,0110,Terra,MODIS,74,6.2,304.4,46.2,D,0
-13.566,141.7915,318.8,1.4,1.2,2014-08-17,0110,Terra,MODIS,34,6.2,301.9,14.7,D,0
-13.1446,135.816,323.6,1.1,1.1,2014-08-17,0110,Terra,MODIS,76,6.2,300.9,19.1,D,0
-13.202,135.8707,320.5,1.1,1.1,2014-08-17,0110,Terra,MODIS,32,6.2,301.5,12.7,D,0
-11.6622,132.9886,317.3,1.8,1.3,2014-08-17,0110,Terra,MODIS,20,6.2,302.2,15.7,D,0
-11.5679,130.7387,312,2.7,1.6,2014-08-17,0110,Terra,MODIS,15,6.2,299,19.1,D,0
-11.582,130.7363,314.2,2.7,1.6,2014-08-17,0110,Terra,MODIS,47,6.2,300.5,24.6,D,0
-11.4894,131.2767,357.2,2.5,1.5,2014-08-17,0110,Terra,MODIS,93,6.2,299.9,271.5,D,0
-11.4931,131.2993,345.7,2.5,1.5,2014-08-17,0110,Terra,MODIS,93,6.2,299.9,174.7,D,0
-11.4866,131.2943,361.3,2.5,1.5,2014-08-17,0110,Terra,MODIS,100,6.2,301.6,311.8,D,0
-11.665,133.0051,319.1,1.8,1.3,2014-08-17,0110,Terra,MODIS,45,6.2,301,20.2,D,0
-11.4758,131.2791,347.5,2.5,1.5,2014-08-17,0110,Terra,MODIS,82,6.2,298.3,192.2,D,0
-11.4796,131.3017,335.2,2.5,1.5,2014-08-17,0110,Terra,MODIS,86,6.2,299.5,111.1,D,0
-11.4731,131.2966,325.2,2.5,1.5,2014-08-17,0110,Terra,MODIS,73,6.2,298.7,61.6,D,0
-11.4827,131.2718,354.9,2.5,1.5,2014-08-17,0110,Terra,MODIS,97,6.2,299.1,251,D,0
-13.1688,141.9278,315.5,1.4,1.2,2014-08-17,0110,Terra,MODIS,49,6.2,301.4,10.3,D,0
-13.1702,135.8545,320.2,1.1,1.1,2014-08-17,0110,Terra,MODIS,35,6.2,299.2,12.9,D,0
-15.7738,137.0778,341.7,1,1,2014-08-17,0110,Terra,MODIS,85,6.2,303,38.2,D,0
-15.8022,137.0829,324.4,1,1,2014-08-17,0110,Terra,MODIS,54,6.2,301.3,13.6,D,0
-11.5712,130.7323,317,2.7,1.6,2014-08-17,0110,Terra,MODIS,63,6.2,299.4,37,D,0
-13.5765,141.7901,331.1,1.4,1.2,2014-08-17,0110,Terra,MODIS,83,6.2,302.2,34.8,D,0
-14.0785,132.1346,320.5,1.9,1.3,2014-08-17,0110,Terra,MODIS,71,6.2,304.6,26.1,D,0
-14.0615,130.0945,322.4,2.7,1.6,2014-08-17,0110,Terra,MODIS,75,6.2,305,57.3,D,0
-12.3768,132.7122,328.2,1.9,1.3,2014-08-17,0110,Terra,MODIS,81,6.2,304.1,45.5,D,0
-14.0756,132.117,318.4,1.9,1.4,2014-08-17,0110,Terra,MODIS,68,6.2,303.3,21.3,D,0
-15.5256,129.2933,321.6,2.9,1.6,2014-08-17,0111,Terra,MODIS,75,6.2,304.3,59.1,D,0
-14.8518,128.4924,314.1,3.5,1.8,2014-08-17,0111,Terra,MODIS,37,6.2,299.9,45.6,D,0
-15.5252,129.2992,317.6,2.9,1.6,2014-08-17,0111,Terra,MODIS,33,6.2,303.7,41,D,0
-15.535,129.27,321.3,2.9,1.6,2014-08-17,0111,Terra,MODIS,70,6.2,300.7,60.4,D,0
-15.4904,129.1922,311.1,3,1.6,2014-08-17,0111,Terra,MODIS,40,6.2,297.4,25.6,D,0
-15.4955,129.2198,333.3,3,1.6,2014-08-17,0111,Terra,MODIS,86,6.2,301.9,132.1,D,0
-15.4953,129.2139,325.9,3,1.6,2014-08-17,0111,Terra,MODIS,73,6.2,300.7,86.5,D,0
-15.5204,129.2657,355.4,2.9,1.6,2014-08-17,0111,Terra,MODIS,98,6.2,306.9,326.4,D,0
-15.5152,129.2384,363.7,3,1.6,2014-08-17,0111,Terra,MODIS,100,6.2,303.2,431.7,D,0
-15.5006,129.2413,335.6,3,1.6,2014-08-17,0111,Terra,MODIS,87,6.2,304.4,139,D,0
-15.5202,129.2715,346.9,2.9,1.6,2014-08-17,0111,Terra,MODIS,94,6.2,306.8,234.3,D,0
-15.5152,129.2442,369.7,3,1.6,2014-08-17,0111,Terra,MODIS,100,6.2,305.2,522.7,D,0
-15.5006,129.2472,332.1,3,1.6,2014-08-17,0111,Terra,MODIS,76,6.2,303.9,117.4,D,0
-15.5289,131.3871,324.7,2,1.4,2014-08-17,0111,Terra,MODIS,78,6.2,303.5,41.3,D,0
-15.5256,131.3685,325.7,2,1.4,2014-08-17,0111,Terra,MODIS,79,6.2,303.9,44.7,D,0
-15.5303,131.3808,326.1,2,1.4,2014-08-17,0111,Terra,MODIS,68,6.2,303.4,44.2,D,0
-15.5269,131.3623,325.5,2,1.4,2014-08-17,0111,Terra,MODIS,66,6.2,303.1,42.2,D,0
-15.9257,135.9515,327.7,1.1,1,2014-08-17,0111,Terra,MODIS,74,6.2,307.1,16.3,D,0
-16.2411,136.3291,320.5,1,1,2014-08-17,0111,Terra,MODIS,69,6.2,306.3,9.6,D,0
-15.9363,135.9739,317.3,1.1,1,2014-08-17,0111,Terra,MODIS,51,6.2,305.3,6.9,D,0
-16.052,136.6637,319.3,1,1,2014-08-17,0111,Terra,MODIS,56,6.2,304.1,8,D,0
-15.9301,135.9346,316.8,1.1,1,2014-08-17,0111,Terra,MODIS,48,6.2,304.8,7,D,0
-16.1506,136.3398,322.8,1,1,2014-08-17,0111,Terra,MODIS,73,6.2,305.1,11.1,D,0
-15.9348,135.9641,319.8,1.1,1,2014-08-17,0111,Terra,MODIS,66,6.2,305.8,9.7,D,0
-16.0489,136.4604,318.8,1,1,2014-08-17,0111,Terra,MODIS,54,6.2,305,8.3,D,0
-15.9242,135.9416,333,1.1,1,2014-08-17,0111,Terra,MODIS,84,6.2,306.9,23.8,D,0
-15.9286,135.9247,316.1,1.1,1,2014-08-17,0111,Terra,MODIS,49,6.2,304.7,6.5,D,0
-15.9196,135.912,320,1.1,1,2014-08-17,0111,Terra,MODIS,47,6.2,304.8,9.3,D,0
-17.0129,139.0932,316.5,1.1,1,2014-08-17,0111,Terra,MODIS,0,6.2,301.2,8.9,D,0
-17.2479,138.8039,327.7,1.1,1,2014-08-17,0111,Terra,MODIS,78,6.2,304.2,19.7,D,0
-16.6666,139.3141,313.7,1.1,1,2014-08-17,0111,Terra,MODIS,51,6.2,300.6,8.1,D,0
-17.5196,138.2582,318.2,1,1,2014-08-17,0111,Terra,MODIS,38,6.2,300.8,8.8,D,0
-17.5379,138.2555,321,1,1,2014-08-17,0111,Terra,MODIS,56,6.2,302.1,11,D,0
-17.354,138.9051,317,1.1,1,2014-08-17,0111,Terra,MODIS,50,6.2,304.2,7.2,D,0
-17.3228,138.8175,318.8,1.1,1,2014-08-17,0111,Terra,MODIS,42,6.2,304.4,8.7,D,0
-17.265,138.7912,350.5,1.1,1,2014-08-17,0111,Terra,MODIS,95,6.2,305,60.8,D,0
-17.2664,138.8012,334.8,1.1,1,2014-08-17,0111,Terra,MODIS,86,6.2,306.1,29.4,D,0
-17.2723,138.7944,334,1.1,1,2014-08-17,0111,Terra,MODIS,85,6.2,304.3,28.7,D,0
-17.5915,138.3801,315,1,1,2014-08-17,0111,Terra,MODIS,57,6.2,304.8,6.4,D,0
-17.625,138.8053,340.9,1.1,1,2014-08-17,0111,Terra,MODIS,90,6.2,305.8,39.1,D,0
-16.7688,136.9578,320.6,1,1,2014-08-17,0111,Terra,MODIS,40,6.2,306.3,8.2,D,0
-16.7702,136.9671,339.6,1,1,2014-08-17,0111,Terra,MODIS,89,6.2,304.7,33.2,D,0
-16.7792,136.9657,323.5,1,1,2014-08-17,0111,Terra,MODIS,68,6.2,304.1,11.6,D,0
-16.7007,139.3131,319.8,1.1,1,2014-08-17,0111,Terra,MODIS,62,6.2,300.6,13.4,D,0
-16.9277,138.8903,317.1,1.1,1,2014-08-17,0111,Terra,MODIS,66,6.2,305.7,7.5,D,0
-17.6392,138.9062,321.7,1.1,1,2014-08-17,0111,Terra,MODIS,72,6.2,303.8,12.9,D,0
-20.2023,127.8884,310.8,3,1.6,2014-08-17,0112,Terra,MODIS,60,6.2,296.7,29.2,D,0
-24.3519,129.2581,309.3,1.9,1.4,2014-08-17,0113,Terra,MODIS,54,6.2,293.7,14.1,D,0
-24.3554,129.2769,310,1.9,1.4,2014-08-17,0113,Terra,MODIS,57,6.2,295.7,15.5,D,0
-16.3725,123.7373,312.1,4.8,2,2014-08-17,0249,Terra,MODIS,28,6.2,301,40.2,D,0
-17.4874,122.249,326.3,3.8,1.8,2014-08-17,0249,Terra,MODIS,64,6.2,304.1,112.9,D,0
-17.5645,122.6945,315.8,4.1,1.9,2014-08-17,0249,Terra,MODIS,64,6.2,302.7,65.7,D,0
-17.415,122.1858,318.9,3.8,1.8,2014-08-17,0249,Terra,MODIS,50,6.2,305,53.6,D,0
-17.5035,122.4727,323.2,4,1.9,2014-08-17,0249,Terra,MODIS,76,6.2,301.6,96.3,D,0
-17.4811,122.2548,324.5,3.8,1.8,2014-08-17,0249,Terra,MODIS,47,6.2,304.8,93.8,D,0
-17.5311,122.3537,323,3.9,1.8,2014-08-17,0249,Terra,MODIS,67,6.2,302.4,97.8,D,0
-17.4709,122.2507,319.6,3.8,1.8,2014-08-17,0249,Terra,MODIS,35,6.2,304.4,62.1,D,0
-17.5677,122.6873,315.4,4.1,1.9,2014-08-17,0249,Terra,MODIS,64,6.2,301.8,63.9,D,0
-18.9105,122.084,313.8,3.9,1.8,2014-08-17,0250,Terra,MODIS,45,6.2,302.1,40.5,D,0
-20.6836,117.0215,317.2,1.7,1.3,2014-08-17,0250,Terra,MODIS,26,6.2,301.8,19.2,D,0
-20.6856,117.038,318.1,1.7,1.3,2014-08-17,0250,Terra,MODIS,50,6.2,301.4,20.3,D,0
-20.6972,117.0366,318.9,1.7,1.3,2014-08-17,0250,Terra,MODIS,49,6.2,303.8,20.4,D,0
-20.6932,117.0312,323.5,1.7,1.3,2014-08-17,0250,Terra,MODIS,50,6.2,303.8,28,D,0
-18.9012,122.0536,333.6,3.8,1.8,2014-08-17,0250,Terra,MODIS,86,6.2,304.4,184,D,0
-18.9071,122.0473,332.3,3.8,1.8,2014-08-17,0250,Terra,MODIS,85,6.2,304.5,174.9,D,0
-21.6229,117.8482,310.5,2,1.4,2014-08-17,0251,Terra,MODIS,44,6.2,300.5,13.3,D,0
-21.624,117.8413,313.6,2,1.4,2014-08-17,0251,Terra,MODIS,60,6.2,300.7,20.7,D,0
-41.1873,147.4261,307.5,1.5,1.2,2014-08-17,0351,Aqua,MODIS,57,6.2,285,18.4,D,0
-29.872,152.0338,311.7,1.1,1,2014-08-17,0354,Aqua,MODIS,72,6.2,288.9,13.3,D,0
-24.7791,151.9408,310.4,1.2,1.1,2014-08-17,0355,Aqua,MODIS,53,6.2,296.5,8.8,D,0
-24.3862,151.7747,321.3,1.2,1.1,2014-08-17,0355,Aqua,MODIS,79,6.2,299.9,19.9,D,0
-24.6594,150.9563,337,1.1,1.1,2014-08-17,0355,Aqua,MODIS,89,6.2,296.3,42.7,D,0
-24.6611,150.9452,331.4,1.1,1.1,2014-08-17,0355,Aqua,MODIS,86,6.2,298.6,33.5,D,0
-23.4537,147.4565,311,1,1,2014-08-17,0356,Aqua,MODIS,62,6.2,298.1,6.6,D,0
-21.6527,147.7941,323.1,1,1,2014-08-17,0356,Aqua,MODIS,78,6.2,300.3,15.2,D,0
-21.6541,147.7844,311,1,1,2014-08-17,0356,Aqua,MODIS,57,6.2,300,4.3,D,0
-16.8977,138.8362,319.3,2.8,1.6,2014-08-17,0358,Aqua,MODIS,68,6.2,304.3,39.2,D,0
-16.8923,138.8553,315.5,2.8,1.6,2014-08-17,0358,Aqua,MODIS,53,6.2,303.5,24.8,D,0
-16.8952,138.829,316.6,2.8,1.6,2014-08-17,0358,Aqua,MODIS,62,6.2,304.2,29.1,D,0
-14.6882,141.9828,323.4,1.5,1.2,2014-08-17,0358,Aqua,MODIS,64,6.2,306.3,19.1,D,0
-17.2299,138.8105,321.7,2.8,1.6,2014-08-17,0358,Aqua,MODIS,25,6.2,304,43.4,D,0
-17.1898,138.913,322.2,2.8,1.6,2014-08-17,0358,Aqua,MODIS,61,6.2,302.7,51.6,D,0
-17.1925,138.8867,321.3,2.8,1.6,2014-08-17,0358,Aqua,MODIS,60,6.2,306,45.6,D,0
-17.188,138.9077,324.5,2.8,1.6,2014-08-17,0358,Aqua,MODIS,54,6.2,302.9,58.7,D,0
-16.6539,139.3046,324.9,2.6,1.5,2014-08-17,0358,Aqua,MODIS,62,6.2,299.2,65.3,D,0
-16.648,139.2971,333.6,2.6,1.5,2014-08-17,0358,Aqua,MODIS,84,6.2,299,112.7,D,0
-17.322,138.8008,319.8,2.9,1.6,2014-08-17,0358,Aqua,MODIS,68,6.2,304.2,41.5,D,0
-17.2783,138.7959,322.4,2.9,1.6,2014-08-17,0358,Aqua,MODIS,57,6.2,304.9,48.6,D,0
-17.2765,138.7887,324.6,2.9,1.6,2014-08-17,0358,Aqua,MODIS,64,6.2,304.3,59.1,D,0
-16.3871,136.1074,315.6,4.4,1.9,2014-08-17,0358,Aqua,MODIS,64,6.2,302.2,64.6,D,0
-16.3868,136.1035,316,4.4,1.9,2014-08-17,0358,Aqua,MODIS,65,6.2,302.1,66.4,D,0
-16.6924,139.2779,317.6,2.6,1.5,2014-08-17,0358,Aqua,MODIS,48,6.2,298.4,40.3,D,0
-15.6765,136.0302,321.8,4.4,1.9,2014-08-17,0358,Aqua,MODIS,66,6.2,305.5,84.8,D,0
-15.6536,135.8975,323.6,4.5,2,2014-08-17,0358,Aqua,MODIS,70,6.2,300.6,123.3,D,0
-15.0865,143.2332,327.6,1.3,1.1,2014-08-17,0358,Aqua,MODIS,42,6.2,303.5,18.1,D,0
-15.1035,143.2596,319.9,1.3,1.1,2014-08-17,0358,Aqua,MODIS,59,6.2,301.4,13,D,0
-15.6494,135.9392,330.8,4.5,1.9,2014-08-17,0358,Aqua,MODIS,82,6.2,302.9,189.3,D,0
-15.6021,136.0591,316.4,4.4,1.9,2014-08-17,0358,Aqua,MODIS,66,6.2,303.2,62.5,D,0
-15.0965,143.2347,347.1,1.3,1.1,2014-08-17,0358,Aqua,MODIS,93,6.2,306.8,62.5,D,0
-15.6004,136.0515,315.1,4.4,1.9,2014-08-17,0358,Aqua,MODIS,56,6.2,303.4,52,D,0
-15.1056,143.2426,364.5,1.3,1.1,2014-08-17,0358,Aqua,MODIS,100,6.2,308.1,119.6,D,0
-16.6876,145.2402,315.9,1.1,1,2014-08-17,0358,Aqua,MODIS,35,6.2,299.8,8.2,D,0
-16.2389,136.3264,317.2,4.3,1.9,2014-08-17,0358,Aqua,MODIS,64,6.2,303.6,56.3,D,0
-15.1066,143.2361,381.4,1.3,1.1,2014-08-17,0358,Aqua,MODIS,100,6.2,311,205.5,D,0
-15.1041,143.2543,334.2,1.3,1.1,2014-08-17,0358,Aqua,MODIS,47,6.2,304.1,33.7,D,0
-15.1071,143.2307,382.5,1.3,1.1,2014-08-17,0358,Aqua,MODIS,100,6.2,310.1,212.1,D,0
-15.1172,143.2321,342.1,1.3,1.1,2014-08-17,0358,Aqua,MODIS,89,6.2,308.5,48.5,D,0
-15.6533,135.902,327.6,4.5,2,2014-08-17,0358,Aqua,MODIS,80,6.2,300.6,162.2,D,0
-15.1051,143.2479,335.3,1.3,1.1,2014-08-17,0358,Aqua,MODIS,68,6.2,305.8,36,D,0
-16.6889,145.2304,333.3,1.1,1,2014-08-17,0358,Aqua,MODIS,84,6.2,301.6,30,D,0
-15.095,143.2464,347.3,1.3,1.1,2014-08-17,0358,Aqua,MODIS,93,6.2,303.9,64.3,D,0
-15.7478,136.3603,313.3,4.2,1.9,2014-08-17,0358,Aqua,MODIS,53,6.2,303,40.7,D,0
-15.1082,143.2243,338.5,1.3,1.1,2014-08-17,0358,Aqua,MODIS,67,6.2,308.9,37.6,D,0
-15.0934,143.2582,326.4,1.3,1.1,2014-08-17,0358,Aqua,MODIS,74,6.2,301.2,21,D,0
-15.1272,143.2336,332.2,1.3,1.1,2014-08-17,0358,Aqua,MODIS,81,6.2,307.9,27.4,D,0
-15.0849,143.245,331.7,1.3,1.1,2014-08-17,0358,Aqua,MODIS,70,6.2,303,26.8,D,0
-15.6494,135.9438,326.2,4.5,1.9,2014-08-17,0358,Aqua,MODIS,68,6.2,303.1,139.2,D,0
-16.2416,136.3345,314.9,4.3,1.9,2014-08-17,0358,Aqua,MODIS,43,6.2,303.1,39.9,D,0
-15.0981,143.2229,326.9,1.3,1.1,2014-08-17,0358,Aqua,MODIS,58,6.2,307,18.2,D,0
-12.0925,136.4866,319.5,3.6,1.8,2014-08-17,0359,Aqua,MODIS,71,6.2,298.2,73.5,D,0
-14.3809,141.6112,323.7,1.6,1.2,2014-08-17,0359,Aqua,MODIS,50,6.2,305.4,19.1,D,0
-12.049,142.6424,370.2,1.3,1.1,2014-08-17,0359,Aqua,MODIS,100,6.2,298.4,152.2,D,0
-14.3679,141.6245,323.7,1.6,1.2,2014-08-17,0359,Aqua,MODIS,66,6.2,302.1,21.3,D,0
-12.7589,135.7306,316.4,4.3,1.9,2014-08-17,0359,Aqua,MODIS,62,6.2,297.3,77.1,D,0
-12.4577,142.0027,328.7,1.4,1.2,2014-08-17,0359,Aqua,MODIS,55,6.2,303.2,23.5,D,0
-11.9571,142.6479,358.5,1.3,1.1,2014-08-17,0359,Aqua,MODIS,99,6.2,296.5,102.9,D,0
-12.7787,136.371,311.6,3.8,1.8,2014-08-17,0359,Aqua,MODIS,42,6.2,297.6,42.9,D,0
-11.9471,142.6465,319.9,1.3,1.1,2014-08-17,0359,Aqua,MODIS,28,6.2,290.8,12.2,D,0
-11.9502,142.6234,343.4,1.3,1.1,2014-08-17,0359,Aqua,MODIS,92,6.2,296.7,57.6,D,0
-12.0243,142.6744,334.3,1.3,1.1,2014-08-17,0359,Aqua,MODIS,86,6.2,295.6,37.4,D,0
-12.0874,142.1976,326.5,1.4,1.2,2014-08-17,0359,Aqua,MODIS,53,6.2,300.6,16.8,D,0
-12.7479,136.2921,312.8,3.8,1.8,2014-08-17,0359,Aqua,MODIS,56,6.2,296,50.1,D,0
-12.4471,142.0013,325,1.4,1.2,2014-08-17,0359,Aqua,MODIS,35,6.2,305.3,15.2,D,0
-12.1549,142.0609,321.2,1.4,1.2,2014-08-17,0359,Aqua,MODIS,72,6.2,300.7,16,D,0
-12.1565,142.0483,328.4,1.4,1.2,2014-08-17,0359,Aqua,MODIS,80,6.2,300.6,28.8,D,0
-12.1325,142.2354,323.8,1.3,1.1,2014-08-17,0359,Aqua,MODIS,61,6.2,303.1,13.7,D,0
-12.4593,141.9898,324.7,1.4,1.2,2014-08-17,0359,Aqua,MODIS,29,6.2,302.1,17.8,D,0
-14.4294,141.5946,325.1,1.6,1.2,2014-08-17,0359,Aqua,MODIS,28,6.2,306.1,20.3,D,0
-14.4406,141.5961,323.8,1.6,1.2,2014-08-17,0359,Aqua,MODIS,52,6.2,305.7,19.1,D,0
-14.3791,141.6259,330.9,1.6,1.2,2014-08-17,0359,Aqua,MODIS,81,6.2,301.9,36.2,D,0
-14.4276,141.6094,340.8,1.6,1.2,2014-08-17,0359,Aqua,MODIS,89,6.2,306.5,63.4,D,0
-12.6252,135.6241,312.3,4.3,1.9,2014-08-17,0359,Aqua,MODIS,26,6.2,296.3,47,D,0
-13.0201,141.9824,329.9,1.4,1.2,2014-08-17,0359,Aqua,MODIS,80,6.2,304,31.9,D,0
-11.9486,142.6349,387.7,1.3,1.1,2014-08-17,0359,Aqua,MODIS,100,6.2,301.9,252.2,D,0
-12.756,135.7219,318.3,4.3,1.9,2014-08-17,0359,Aqua,MODIS,50,6.2,297.1,85.5,D,0
-12.101,136.4944,317.5,3.6,1.8,2014-08-17,0359,Aqua,MODIS,68,6.2,298.3,62.3,D,0
-11.9656,142.6608,340.4,1.3,1.1,2014-08-17,0359,Aqua,MODIS,90,6.2,294.5,50.8,D,0
-12.7749,136.4054,316.1,3.8,1.8,2014-08-17,0359,Aqua,MODIS,65,6.2,296.4,68.5,D,0
-12.6227,135.6674,320.6,4.3,1.9,2014-08-17,0359,Aqua,MODIS,69,6.2,297.2,102,D,0
-12.6208,135.6636,324.1,4.3,1.9,2014-08-17,0359,Aqua,MODIS,77,6.2,297.1,135.1,D,0
-11.9556,142.6594,334.5,1.3,1.1,2014-08-17,0359,Aqua,MODIS,86,6.2,292.9,36.7,D,0
-12.5908,135.9725,325.5,4.1,1.9,2014-08-17,0359,Aqua,MODIS,79,6.2,297.7,139.8,D,0
-12.0474,142.654,354.8,1.3,1.1,2014-08-17,0359,Aqua,MODIS,97,6.2,296,90.5,D,0
-13.5636,143.1256,319,1.2,1.1,2014-08-17,0359,Aqua,MODIS,36,6.2,304,7.7,D,0
-12.5869,135.9683,327.6,4.1,1.9,2014-08-17,0359,Aqua,MODIS,81,6.2,297.6,159,D,0
-12.5947,135.9351,322.6,4.1,1.9,2014-08-17,0359,Aqua,MODIS,75,6.2,297.3,118.2,D,0
-12.5911,135.931,317.4,4.1,1.9,2014-08-17,0359,Aqua,MODIS,68,6.2,297,80.9,D,0
-14.4388,141.6109,321.4,1.6,1.2,2014-08-17,0359,Aqua,MODIS,33,6.2,304.6,14,D,0
-12.6649,135.424,317.4,4.5,1.9,2014-08-17,0359,Aqua,MODIS,59,6.2,299.1,79.3,D,0
-12.6652,135.4277,318.1,4.5,1.9,2014-08-17,0359,Aqua,MODIS,62,6.2,298.9,84.8,D,0
-13.1509,135.7567,312.6,4.3,1.9,2014-08-17,0359,Aqua,MODIS,55,6.2,295.9,57.3,D,0
-13.1527,135.7604,312.3,4.3,1.9,2014-08-17,0359,Aqua,MODIS,54,6.2,296,55.5,D,0
-12.4839,142.5903,322.6,1.3,1.1,2014-08-17,0359,Aqua,MODIS,60,6.2,298.2,15.4,D,0
-13.6021,141.8084,322.5,1.5,1.2,2014-08-17,0359,Aqua,MODIS,47,6.2,302.7,18.2,D,0
-13.9631,142.1022,333.9,1.5,1.2,2014-08-17,0359,Aqua,MODIS,84,6.2,303.7,43.7,D,0
-13.9614,142.1155,335.2,1.4,1.2,2014-08-17,0359,Aqua,MODIS,85,6.2,302.7,48,D,0
-12.7268,135.3507,325.6,4.5,2,2014-08-17,0359,Aqua,MODIS,79,6.2,298,152,D,0
-12.7273,135.3591,331.3,4.5,2,2014-08-17,0359,Aqua,MODIS,84,6.2,298.3,210.3,D,0
-13.4801,142.9849,322.1,1.3,1.1,2014-08-17,0359,Aqua,MODIS,68,6.2,304.7,11.4,D,0
-13.7732,142.853,321.9,1.3,1.1,2014-08-17,0359,Aqua,MODIS,53,6.2,304,12.1,D,0
-12.8244,135.2853,310.8,4.6,2,2014-08-17,0359,Aqua,MODIS,40,6.2,297.2,36.8,D,0
-13.0089,136.3724,311.4,3.8,1.8,2014-08-17,0359,Aqua,MODIS,43,6.2,296,46.2,D,0
-12.9925,136.3708,312.8,3.8,1.8,2014-08-17,0359,Aqua,MODIS,56,6.2,295,53.6,D,0
-12.999,136.3792,319.7,3.8,1.8,2014-08-17,0359,Aqua,MODIS,68,6.2,295.7,97.6,D,0
-12.8412,135.2909,311.8,4.6,2,2014-08-17,0359,Aqua,MODIS,20,6.2,297.7,39.8,D,0
-13.1736,141.9285,322.1,1.5,1.2,2014-08-17,0359,Aqua,MODIS,55,6.2,301.7,16.3,D,0
-12.2458,136.5833,319.4,3.6,1.8,2014-08-17,0359,Aqua,MODIS,59,6.2,297.8,65.3,D,0
-12.7223,135.3926,319.5,4.5,2,2014-08-17,0359,Aqua,MODIS,71,6.2,299.9,95.6,D,0
-13.5293,143.2304,315.7,1.2,1.1,2014-08-17,0359,Aqua,MODIS,19,6.2,302,6,D,0
-13.1782,141.921,318.4,1.5,1.2,2014-08-17,0359,Aqua,MODIS,45,6.2,303.1,12,D,0
-12.1531,136.4664,311.8,3.7,1.8,2014-08-17,0359,Aqua,MODIS,40,6.2,295.7,34.4,D,0
-12.1046,136.4613,317.2,3.7,1.8,2014-08-17,0359,Aqua,MODIS,67,6.2,298.1,60.3,D,0
-12.1604,136.4721,317.2,3.7,1.8,2014-08-17,0359,Aqua,MODIS,31,6.2,296.2,57.4,D,0
-12.3055,142.2522,326.5,1.3,1.2,2014-08-17,0359,Aqua,MODIS,71,6.2,302.1,21.3,D,0
-12.1964,136.4422,321.4,3.7,1.8,2014-08-17,0359,Aqua,MODIS,70,6.2,297.1,83.9,D,0
-11.8732,142.1936,322.5,1.3,1.1,2014-08-17,0359,Aqua,MODIS,61,6.2,297.9,19,D,0
-12.2055,136.4383,318.6,3.7,1.8,2014-08-17,0359,Aqua,MODIS,66,6.2,297.1,68.6,D,0
-12.6101,142.6373,322.5,1.3,1.1,2014-08-17,0359,Aqua,MODIS,27,6.2,304.3,12.4,D,0
-12.3039,142.2645,327,1.3,1.1,2014-08-17,0359,Aqua,MODIS,79,6.2,302.4,22.1,D,0
-12.3283,136.7968,311.9,3.5,1.8,2014-08-17,0359,Aqua,MODIS,51,6.2,295.4,38.5,D,0
-12.302,142.2584,334.4,1.3,1.2,2014-08-17,0359,Aqua,MODIS,85,6.2,302.4,37.6,D,0
-12.314,142.2475,351.4,1.4,1.2,2014-08-17,0359,Aqua,MODIS,96,6.2,303.8,87.2,D,0
-12.3124,142.2598,328.9,1.3,1.2,2014-08-17,0359,Aqua,MODIS,79,6.2,302.9,26.5,D,0
-12.3227,142.2613,330.8,1.3,1.2,2014-08-17,0359,Aqua,MODIS,82,6.2,302.3,30.7,D,0
-11.9401,142.6221,356.5,1.3,1.1,2014-08-17,0359,Aqua,MODIS,98,6.2,296.8,98.9,D,0
-11.9386,142.6336,347.7,1.3,1.1,2014-08-17,0359,Aqua,MODIS,94,6.2,295.1,70.2,D,0
-12.3635,135.8488,312.3,4.1,1.9,2014-08-17,0359,Aqua,MODIS,54,6.2,297.5,50.2,D,0
-13.8638,136.5697,324.6,3.8,1.8,2014-08-17,0359,Aqua,MODIS,78,6.2,297.9,118.7,D,0
-13.8733,136.5637,319.3,3.8,1.8,2014-08-17,0359,Aqua,MODIS,71,6.2,297,82.6,D,0
-12.0832,136.3564,315.6,3.7,1.8,2014-08-17,0359,Aqua,MODIS,56,6.2,298.3,49.8,D,0
-13.8531,136.5967,318.3,3.8,1.8,2014-08-17,0359,Aqua,MODIS,61,6.2,298.9,73,D,0
-13.8569,136.5616,325.5,3.8,1.8,2014-08-17,0359,Aqua,MODIS,79,6.2,297.7,123.8,D,0
-12.0755,136.3484,315.5,3.7,1.8,2014-08-17,0359,Aqua,MODIS,64,6.2,298.5,54,D,0
-12.3252,136.7684,311.1,3.5,1.8,2014-08-17,0359,Aqua,MODIS,46,6.2,295.5,34.7,D,0
-12.0963,136.4537,312.6,3.7,1.8,2014-08-17,0359,Aqua,MODIS,30,6.2,297.9,34.3,D,0
-10.6584,142.1509,318.4,1.3,1.1,2014-08-17,0400,Aqua,MODIS,66,6.2,293.9,13.7,D,0
-10.7004,142.1391,328.7,1.3,1.1,2014-08-17,0400,Aqua,MODIS,82,6.2,298.8,28.1,D,0
-24.3592,129.2559,320,1.7,1.3,2014-08-17,0534,Aqua,MODIS,57,6.2,304.8,18.5,D,0
-24.3479,129.2534,316.3,1.7,1.3,2014-08-17,0534,Aqua,MODIS,17,6.2,301.8,11.9,D,0
-23.5457,119.7116,319.2,1.4,1.2,2014-08-17,0535,Aqua,MODIS,60,6.2,308.2,10.5,D,0
-23.5441,119.725,325.7,1.4,1.2,2014-08-17,0535,Aqua,MODIS,74,6.2,307.4,21.1,D,0
-22.7921,119.993,329.5,1.3,1.1,2014-08-17,0535,Aqua,MODIS,80,6.2,308.6,24.8,D,0
-22.6875,125.9205,320.1,1.1,1.1,2014-08-17,0535,Aqua,MODIS,57,6.2,307.7,8.4,D,0
-18.9182,122.068,324.2,1,1,2014-08-17,0536,Aqua,MODIS,16,6.2,311.6,6.4,D,0
-17.1891,122.7142,328.8,1,1,2014-08-17,0536,Aqua,MODIS,66,6.2,314.5,11.3,D,0
-17.2375,122.252,327.5,1,1,2014-08-17,0536,Aqua,MODIS,65,6.2,309.9,11.5,D,0
-18.9078,122.0761,322.7,1,1,2014-08-17,0536,Aqua,MODIS,26,6.2,311.9,5.9,D,0
-17.5056,122.4942,328.6,1,1,2014-08-17,0536,Aqua,MODIS,59,6.2,309.8,14.6,D,0
-17.4381,122.2001,346.4,1,1,2014-08-17,0536,Aqua,MODIS,91,6.2,315.9,39.7,D,0
-17.2388,122.2426,328,1,1,2014-08-17,0536,Aqua,MODIS,65,6.2,311.6,12,D,0
-17.5631,122.6736,329.4,1,1,2014-08-17,0536,Aqua,MODIS,38,6.2,312.6,13.8,D,0
-17.4534,122.2217,340.1,1,1,2014-08-17,0536,Aqua,MODIS,86,6.2,314.5,28,D,0
-17.5721,122.6751,327.7,1,1,2014-08-17,0536,Aqua,MODIS,25,6.2,313.1,12.2,D,0
-17.9287,123.5642,326.4,1,1,2014-08-17,0536,Aqua,MODIS,51,6.2,315,9.2,D,0
-17.4444,122.2203,338.1,1,1,2014-08-17,0536,Aqua,MODIS,84,6.2,314.5,23.9,D,0
-17.9301,123.5545,327.7,1,1,2014-08-17,0536,Aqua,MODIS,64,6.2,315.1,10.6,D,0
-17.4547,122.2123,341.5,1,1,2014-08-17,0536,Aqua,MODIS,84,6.2,310.4,31.9,D,0
-17.2396,122.9308,327.2,1,1,2014-08-17,0536,Aqua,MODIS,34,6.2,315.5,9.9,D,0
-17.9152,123.5919,325,1,1,2014-08-17,0536,Aqua,MODIS,35,6.2,312.7,8.6,D,0
-17.4624,122.2231,334.6,1,1,2014-08-17,0536,Aqua,MODIS,71,6.2,313.4,19.8,D,0
-17.3071,122.2151,331.7,1,1,2014-08-17,0536,Aqua,MODIS,58,6.2,314.8,13.4,D,0
-17.6981,123.8759,331,1.1,1,2014-08-17,0536,Aqua,MODIS,35,6.2,315.1,14.6,D,0
-17.3085,122.2058,333.9,1,1,2014-08-17,0536,Aqua,MODIS,65,6.2,315.1,17.3,D,0
-17.3347,122.3399,328.8,1,1,2014-08-17,0536,Aqua,MODIS,53,6.2,312,11.6,D,0
-17.497,122.2381,337.5,1,1,2014-08-17,0536,Aqua,MODIS,46,6.2,314.8,22.2,D,0
-17.5452,122.5389,328.6,1,1,2014-08-17,0536,Aqua,MODIS,64,6.2,310.1,13.3,D,0
-17.5438,122.5483,325.4,1,1,2014-08-17,0536,Aqua,MODIS,48,6.2,310.4,9.5,D,0
-17.5313,123.8867,327.2,1.1,1,2014-08-17,0536,Aqua,MODIS,46,6.2,312.1,13.4,D,0
-17.9352,127.8499,334.3,1.8,1.3,2014-08-17,0536,Aqua,MODIS,83,6.2,307,54.2,D,0
-17.9323,127.8665,371.4,1.8,1.3,2014-08-17,0536,Aqua,MODIS,100,6.2,311.6,255.6,D,0
-17.9294,127.8831,318.5,1.8,1.3,2014-08-17,0536,Aqua,MODIS,27,6.2,307.9,11.4,D,0
-18.8016,130.2728,315.5,2.6,1.5,2014-08-17,0536,Aqua,MODIS,50,6.2,304.1,19.9,D,0
-16.6336,128.1259,319.9,2,1.4,2014-08-17,0536,Aqua,MODIS,51,6.2,309.6,16.9,D,0
-17.5328,123.8767,328.4,1.1,1,2014-08-17,0536,Aqua,MODIS,60,6.2,314.6,15,D,0
-16.6215,128.1231,322.4,2,1.4,2014-08-17,0536,Aqua,MODIS,67,6.2,308.7,25.5,D,0
-17.5235,123.8752,331.4,1.1,1,2014-08-17,0536,Aqua,MODIS,56,6.2,310.3,18.8,D,0
-17.9206,127.8642,335,1.8,1.3,2014-08-17,0536,Aqua,MODIS,84,6.2,307.6,56.9,D,0
-17.9235,127.8475,324,1.8,1.3,2014-08-17,0536,Aqua,MODIS,70,6.2,307.1,26.1,D,0
-17.6175,123.8669,332.1,1.1,1,2014-08-17,0536,Aqua,MODIS,72,6.2,312.5,17.4,D,0
-18.9118,122.0475,328.2,1,1,2014-08-17,0536,Aqua,MODIS,74,6.2,313.7,11.3,D,0
-18.9684,121.7727,323.8,1,1,2014-08-17,0536,Aqua,MODIS,44,6.2,312.1,8.7,D,0
-18.9698,121.763,324.3,1,1,2014-08-17,0536,Aqua,MODIS,28,6.2,311.9,8.7,D,0
-20.6449,119.134,321.3,1.4,1.2,2014-08-17,0536,Aqua,MODIS,47,6.2,309.4,8.7,D,0
-20.6344,119.1325,331.1,1.4,1.2,2014-08-17,0536,Aqua,MODIS,79,6.2,311,26.3,D,0
-17.9778,125.2602,324,1.2,1.1,2014-08-17,0536,Aqua,MODIS,54,6.2,312.3,9.1,D,0
-14.0682,132.0598,323.7,4.4,1.9,2014-08-17,0537,Aqua,MODIS,70,6.2,305.3,85.7,D,0
-13.0956,130.1906,320.7,3.3,1.7,2014-08-17,0537,Aqua,MODIS,70,6.2,304.1,55.7,D,0
-13.101,130.1869,321.6,3.3,1.7,2014-08-17,0537,Aqua,MODIS,61,6.2,304.2,51,D,0
-14.0603,132.1,321.6,4.4,1.9,2014-08-17,0537,Aqua,MODIS,55,6.2,304.8,70,D,0
-14.0584,132.0914,329,4.4,1.9,2014-08-17,0537,Aqua,MODIS,79,6.2,305.3,145.1,D,0
-13.8751,130.116,318.1,3.2,1.7,2014-08-17,0537,Aqua,MODIS,38,6.2,308.1,34.8,D,0
-15.4642,129.1469,321.2,2.5,1.5,2014-08-17,0537,Aqua,MODIS,12,6.2,305,32.9,D,0
-15.5143,129.1802,347.5,2.5,1.5,2014-08-17,0537,Aqua,MODIS,93,6.2,310.5,164.5,D,0
-14.8304,128.5013,324.1,2.3,1.5,2014-08-17,0537,Aqua,MODIS,42,6.2,307.8,31.8,D,0
-14.0412,132.088,352.4,4.4,1.9,2014-08-17,0537,Aqua,MODIS,96,6.2,305.8,486.1,D,0
-14.0661,132.0513,323.3,4.4,1.9,2014-08-17,0537,Aqua,MODIS,72,6.2,305.4,88.8,D,0
-14.0413,132.0838,347.1,4.4,1.9,2014-08-17,0537,Aqua,MODIS,93,6.2,305.9,392.7,D,0
-15.5364,131.3869,318.6,3.6,1.8,2014-08-17,0537,Aqua,MODIS,52,6.2,307.7,44.4,D,0
-14.0488,132.0481,329.1,4.4,1.9,2014-08-17,0537,Aqua,MODIS,80,6.2,305.8,145.3,D,0
-12.6524,131.0678,319.7,3.9,1.8,2014-08-17,0537,Aqua,MODIS,66,6.2,304.8,57.3,D,0
-12.1839,131.0647,310.2,4,1.9,2014-08-17,0537,Aqua,MODIS,12,6.2,299.9,38.1,D,0
-14.0487,132.0438,324,4.4,1.9,2014-08-17,0537,Aqua,MODIS,73,6.2,305.7,98.1,D,0
-15.5438,131.3803,321.3,3.6,1.8,2014-08-17,0537,Aqua,MODIS,48,6.2,307.6,57,D,0
-17.0054,122.4548,333.6,1,1,2014-08-17,0537,Aqua,MODIS,61,6.2,311.7,22,D,0
-16.9978,122.444,342.8,1,1,2014-08-17,0537,Aqua,MODIS,70,6.2,307.6,37.7,D,0
-14.1804,129.6271,320.3,2.9,1.6,2014-08-17,0537,Aqua,MODIS,63,6.2,307.8,42.5,D,0
-16.9154,122.7574,330.7,1,1,2014-08-17,0537,Aqua,MODIS,78,6.2,313.4,17.3,D,0
-17.0168,122.444,345.3,1,1,2014-08-17,0537,Aqua,MODIS,91,6.2,309.6,38.5,D,0
-16.9991,122.4346,377.4,1,1,2014-08-17,0537,Aqua,MODIS,100,6.2,314,132.6,D,0
-17.0113,122.4815,334.8,1,1,2014-08-17,0537,Aqua,MODIS,70,6.2,313.3,20,D,0
-17.0495,122.5355,336.6,1,1,2014-08-17,0537,Aqua,MODIS,84,6.2,317.1,23,D,0
-16.5469,123.8662,323.8,1.1,1,2014-08-17,0537,Aqua,MODIS,31,6.2,309,10.3,D,0
-16.567,123.8592,324.2,1.1,1,2014-08-17,0537,Aqua,MODIS,70,6.2,308.2,12.2,D,0
-16.4912,123.8823,340,1.1,1,2014-08-17,0537,Aqua,MODIS,86,6.2,309.5,33.6,D,0
-16.4616,123.888,326.3,1.1,1,2014-08-17,0537,Aqua,MODIS,45,6.2,308.4,15,D,0
-16.5267,123.8733,344.6,1.1,1,2014-08-17,0537,Aqua,MODIS,91,6.2,310.6,42.5,D,0
-16.5222,123.8667,326,1.1,1,2014-08-17,0537,Aqua,MODIS,37,6.2,310.7,12.1,D,0
-14.3984,129.4427,326.7,2.7,1.6,2014-08-17,0537,Aqua,MODIS,60,6.2,304.2,66.3,D,0
-14.0629,129.6734,325.6,2.9,1.6,2014-08-17,0537,Aqua,MODIS,70,6.2,306.4,73.1,D,0
-14.4086,129.4372,318.9,2.7,1.6,2014-08-17,0537,Aqua,MODIS,28,6.2,304.3,30.6,D,0
-14.0582,129.7,332.7,2.9,1.6,2014-08-17,0537,Aqua,MODIS,82,6.2,303.9,116.3,D,0
-16.914,122.7668,330.3,1,1,2014-08-17,0537,Aqua,MODIS,78,6.2,309.9,17.6,D,0
-16.3502,123.7231,321.5,1.1,1,2014-08-17,0537,Aqua,MODIS,9,6.2,310.5,6.9,D,0
-14.0627,129.6785,331,2.9,1.6,2014-08-17,0537,Aqua,MODIS,80,6.2,306.5,100,D,0
-14.0578,129.7051,324.2,2.9,1.6,2014-08-17,0537,Aqua,MODIS,64,6.2,303.4,64.3,D,0
-14.4079,129.4706,321.3,2.8,1.6,2014-08-17,0537,Aqua,MODIS,33,6.2,307.8,38.3,D,0
-14.3849,129.6787,316,2.9,1.6,2014-08-17,0537,Aqua,MODIS,29,6.2,306,18.6,D,0
-14.4043,129.4622,332.6,2.8,1.6,2014-08-17,0537,Aqua,MODIS,82,6.2,307.5,98.9,D,0
-17.0027,122.4735,324.4,1,1,2014-08-17,0537,Aqua,MODIS,54,6.2,308,11.2,D,0
-14.3938,129.4678,319.7,2.8,1.6,2014-08-17,0537,Aqua,MODIS,28,6.2,307.7,33.9,D,0
-13.6419,130.632,316.8,3.5,1.8,2014-08-17,0537,Aqua,MODIS,37,6.2,306,39.4,D,0
-16.9973,122.7676,323.3,1,1,2014-08-17,0537,Aqua,MODIS,64,6.2,312.4,7.4,D,0
-14.1851,129.6012,318.8,2.8,1.6,2014-08-17,0537,Aqua,MODIS,50,6.2,307.1,34.5,D,0
-14.1782,129.6191,323.4,2.9,1.6,2014-08-17,0537,Aqua,MODIS,70,6.2,307.8,57.5,D,0
-17.0041,122.4641,332.2,1,1,2014-08-17,0537,Aqua,MODIS,63,6.2,311.8,19.9,D,0
-17.0081,122.436,332,1,1,2014-08-17,0537,Aqua,MODIS,57,6.2,308.9,19.6,D,0
-12.1974,131.0623,312.7,4,1.9,2014-08-17,0537,Aqua,MODIS,41,6.2,301,47.4,D,0
-12.4273,130.6521,314.1,3.7,1.8,2014-08-17,0537,Aqua,MODIS,40,6.2,301.2,40.6,D,0
-12.9015,131.4557,320.4,4.2,1.9,2014-08-17,0537,Aqua,MODIS,65,6.2,306.6,57.2,D,0
-12.9611,132.1824,318.6,4.7,2,2014-08-17,0537,Aqua,MODIS,54,6.2,304.2,60.6,D,0
-12.6916,132.0671,317.9,4.7,2,2014-08-17,0537,Aqua,MODIS,64,6.2,304.4,60.8,D,0
-12.6484,131.0382,319,3.9,1.8,2014-08-17,0537,Aqua,MODIS,66,6.2,305.8,57.1,D,0
-12.9523,132.2336,320.8,4.7,2,2014-08-17,0537,Aqua,MODIS,63,6.2,305,85,D,0
-12.6893,132.0712,319.2,4.7,2,2014-08-17,0537,Aqua,MODIS,50,6.2,304.4,67.6,D,0
-12.4212,130.6461,316.6,3.7,1.8,2014-08-17,0537,Aqua,MODIS,0,6.2,300.4,57.2,D,0
-12.9531,132.2254,321.9,4.7,2,2014-08-17,0537,Aqua,MODIS,74,6.2,305,96.3,D,0
-12.9607,132.1905,320.3,4.7,2,2014-08-17,0537,Aqua,MODIS,55,6.2,304.2,72.9,D,0
-11.4866,131.2785,314.3,4.3,1.9,2014-08-17,0538,Aqua,MODIS,23,6.2,300.2,53.5,D,0
-11.518,131.2769,312.4,4.3,1.9,2014-08-17,0538,Aqua,MODIS,17,6.2,299.7,44.9,D,0
-11.5738,130.7189,337.3,3.9,1.8,2014-08-17,0538,Aqua,MODIS,88,6.2,301.5,226.9,D,0
-11.5804,130.6837,317.6,3.9,1.8,2014-08-17,0538,Aqua,MODIS,58,6.2,299.7,58.1,D,0
-11.5674,130.7101,336.9,3.9,1.8,2014-08-17,0538,Aqua,MODIS,88,6.2,299.9,222.6,D,0
-11.5839,130.7131,314.8,3.9,1.8,2014-08-17,0538,Aqua,MODIS,40,6.2,302,40.4,D,0
-11.8316,130.896,315.7,4,1.9,2014-08-17,0538,Aqua,MODIS,61,6.2,300.3,54.2,D,0
-11.8281,130.89,315.9,4,1.9,2014-08-17,0538,Aqua,MODIS,61,6.2,300.4,57.7,D,0
-11.4317,130.3528,315.6,3.7,1.8,2014-08-17,0538,Aqua,MODIS,48,6.2,298.9,53.1,D,0
-11.3671,130.302,323,3.7,1.8,2014-08-17,0538,Aqua,MODIS,54,6.2,297.6,88.9,D,0
-11.3737,130.3077,333.5,3.7,1.8,2014-08-17,0538,Aqua,MODIS,81,6.2,298.1,171,D,0
-11.5164,130.307,318.2,3.6,1.8,2014-08-17,0538,Aqua,MODIS,35,6.2,302,58.5,D,0
-16.6699,139.2867,303.5,1,1,2014-08-17,1323,Terra,MODIS,55,6.2,288.9,6.8,N,0
-17.2121,139.1603,301.4,1,1,2014-08-17,1323,Terra,MODIS,37,6.2,286.2,6.3,N,0
-15.0872,143.2229,318.1,1.5,1.2,2014-08-17,1323,Terra,MODIS,96,6.2,291,29.3,N,0
-15.1018,143.2174,304.3,1.5,1.2,2014-08-17,1323,Terra,MODIS,11,6.2,290,9.8,N,0
-15.0909,143.2155,321.5,1.5,1.2,2014-08-17,1323,Terra,MODIS,100,6.2,291.2,34.5,N,0
-15.0894,143.2088,313.1,1.5,1.2,2014-08-17,1323,Terra,MODIS,63,6.2,290,21,N,0
-15.1003,143.2108,306.6,1.5,1.2,2014-08-17,1323,Terra,MODIS,20,6.2,289.8,12.4,N,0
-12.8569,141.9857,303.1,1.4,1.2,2014-08-17,1324,Terra,MODIS,53,6.2,290.8,8.7,N,0
-13.0053,142.0099,307.1,1.4,1.2,2014-08-17,1324,Terra,MODIS,13,6.2,291.7,9.4,N,0
-14.8606,142.5072,305.1,1.4,1.2,2014-08-17,1324,Terra,MODIS,16,6.2,289.1,10.2,N,0
-14.8407,142.5234,312.9,1.4,1.2,2014-08-17,1324,Terra,MODIS,86,6.2,289,20,N,0
-12.9853,142.0264,327.7,1.4,1.2,2014-08-17,1324,Terra,MODIS,100,6.2,293,39.2,N,0
-12.8446,141.9963,315.6,1.4,1.2,2014-08-17,1324,Terra,MODIS,92,6.2,291.7,21.7,N,0
-12.4004,133.8846,316.6,1.5,1.2,2014-08-17,1324,Terra,MODIS,90,6.2,294.1,22.9,N,0
-12.9749,142.0246,311.5,1.4,1.2,2014-08-17,1324,Terra,MODIS,81,6.2,291.7,15.7,N,0
-12.8466,141.9839,310.2,1.4,1.2,2014-08-17,1324,Terra,MODIS,79,6.2,290.7,14.9,N,0
-15.6424,136.3603,324.9,1.2,1.1,2014-08-17,1324,Terra,MODIS,100,6.2,286.3,32.1,N,0
-12.1216,142.2153,300.7,1.5,1.2,2014-08-17,1324,Terra,MODIS,32,6.2,290.5,6.3,N,0
-12.16,142.249,301,1.5,1.2,2014-08-17,1324,Terra,MODIS,36,6.2,290.6,7.2,N,0
-12.498,134.7244,300.5,1.3,1.1,2014-08-17,1324,Terra,MODIS,28,6.2,288.7,7.3,N,0
-14.8387,142.5362,311.1,1.4,1.2,2014-08-17,1324,Terra,MODIS,82,6.2,289,18,N,0
-13.0033,142.0224,318.8,1.4,1.2,2014-08-17,1324,Terra,MODIS,98,6.2,292.5,23.9,N,0
-12.9806,142.0314,328.2,1.4,1.2,2014-08-17,1324,Terra,MODIS,100,6.2,293.4,39.2,N,0
-12.4095,133.8999,306.5,1.5,1.2,2014-08-17,1324,Terra,MODIS,58,6.2,292.7,10.4,N,0
-14.8461,142.5308,336.8,1.4,1.2,2014-08-17,1324,Terra,MODIS,100,6.2,291.4,62,N,0
-12.8883,131.4742,300.4,2.3,1.5,2014-08-17,1324,Terra,MODIS,5,6.2,289.7,15.3,N,0
-12.0861,142.2031,301,1.5,1.2,2014-08-17,1324,Terra,MODIS,3,6.2,290.6,5.9,N,0
-12.4511,133.8349,311.9,1.5,1.2,2014-08-17,1324,Terra,MODIS,84,6.2,293.7,18.7,N,0
-15.6458,136.3555,304.9,1.2,1.1,2014-08-17,1324,Terra,MODIS,62,6.2,285.4,10.8,N,0
-12.9511,132.2477,300.1,2,1.4,2014-08-17,1324,Terra,MODIS,2,6.2,287.9,12.1,N,0
-12.973,142.0371,307.4,1.4,1.2,2014-08-17,1324,Terra,MODIS,41,6.2,292,11.1,N,0
-12.4113,133.8861,306,1.5,1.2,2014-08-17,1324,Terra,MODIS,48,6.2,293.2,9.8,N,0
-12.9929,142.0207,330.3,1.4,1.2,2014-08-17,1324,Terra,MODIS,100,6.2,292.9,43.3,N,0
-12.0733,142.2146,304.6,1.5,1.2,2014-08-17,1324,Terra,MODIS,61,6.2,291,9.8,N,0
-12.4475,135.8788,300.7,1.1,1.1,2014-08-17,1324,Terra,MODIS,14,6.2,289.3,5.6,N,0
-12.4379,135.8774,303.2,1.1,1.1,2014-08-17,1324,Terra,MODIS,54,6.2,289.5,7.5,N,0
-15.5333,131.3306,304.3,2.6,1.6,2014-08-17,1324,Terra,MODIS,55,6.2,291.1,24.6,N,0
-12.2758,136.608,301.9,1.1,1,2014-08-17,1324,Terra,MODIS,45,6.2,289.5,5.7,N,0
-15.5446,131.3567,309.6,2.6,1.5,2014-08-17,1324,Terra,MODIS,78,6.2,289.9,39.4,N,0
-15.5394,131.3503,305.5,2.6,1.5,2014-08-17,1324,Terra,MODIS,38,6.2,290,27,N,0
-12.1182,135.449,300.9,1.2,1.1,2014-08-17,1325,Terra,MODIS,26,6.2,290.5,6,N,0
-12.2018,133.1041,300.6,1.7,1.3,2014-08-17,1325,Terra,MODIS,12,6.2,289.5,9.2,N,0
-12.5065,133.0496,304.1,1.7,1.3,2014-08-17,1325,Terra,MODIS,59,6.2,286.5,16.6,N,0
-12.5178,132.5802,316.1,1.9,1.3,2014-08-17,1325,Terra,MODIS,92,6.2,287.7,38.4,N,0
-12.52,132.563,305.4,1.9,1.3,2014-08-17,1325,Terra,MODIS,64,6.2,288.2,19.2,N,0
-12.5282,132.7881,305.3,1.8,1.3,2014-08-17,1325,Terra,MODIS,64,6.2,288.7,18.2,N,0
-12.5299,132.5817,302.1,1.9,1.3,2014-08-17,1325,Terra,MODIS,46,6.2,287.6,14.4,N,0
-12.5203,132.8104,304.1,1.8,1.3,2014-08-17,1325,Terra,MODIS,59,6.2,288.7,16.4,N,0
-12.5222,132.7937,318.7,1.8,1.3,2014-08-17,1325,Terra,MODIS,97,6.2,288.9,42.6,N,0
-12.5261,132.8048,317.4,1.8,1.3,2014-08-17,1325,Terra,MODIS,95,6.2,289.7,39.8,N,0
-11.9863,134.7524,301.2,1.3,1.1,2014-08-17,1325,Terra,MODIS,38,6.2,291,6,N,0
-12.3965,133.8919,308.4,1.5,1.2,2014-08-17,1325,Terra,MODIS,74,6.2,293.5,12.8,N,0
-12.3984,133.8778,308.5,1.5,1.2,2014-08-17,1325,Terra,MODIS,75,6.2,294.1,12.7,N,0
-12.3184,134.1541,323.2,1.4,1.2,2014-08-17,1325,Terra,MODIS,100,6.2,290.8,37.4,N,0
-12.2198,133.1281,300.1,1.7,1.3,2014-08-17,1325,Terra,MODIS,13,6.2,289.3,9.1,N,0
-12.1998,133.1197,301.4,1.7,1.3,2014-08-17,1325,Terra,MODIS,19,6.2,290.2,10,N,0
-21.782,118.843,312.2,1.3,1.1,2014-08-17,1500,Terra,MODIS,84,6.2,285.1,20,N,0
-21.7839,118.8311,307.7,1.3,1.1,2014-08-17,1500,Terra,MODIS,72,6.2,283.5,15.5,N,0
-20.6834,117.0418,303.4,1.1,1,2014-08-17,1501,Terra,MODIS,51,6.2,286.8,7.6,N,0
-20.685,117.0315,305.6,1.1,1,2014-08-17,1501,Terra,MODIS,65,6.2,287.2,9.3,N,0
-17.5518,122.5476,302,2.7,1.6,2014-08-17,1501,Terra,MODIS,46,6.2,282.9,34.6,N,0
-17.4632,123.829,322.6,3.4,1.7,2014-08-17,1501,Terra,MODIS,100,6.2,291,128.7,N,0
-17.4477,123.8257,320.5,3.4,1.7,2014-08-17,1501,Terra,MODIS,100,6.2,289.8,115.7,N,0
-17.4538,123.7945,311.7,3.4,1.7,2014-08-17,1501,Terra,MODIS,54,6.2,288.4,70,N,0
-17.4377,123.8184,304,3.4,1.7,2014-08-17,1501,Terra,MODIS,58,6.2,287.4,46.8,N,0
-17.4532,123.8217,326.4,3.4,1.7,2014-08-17,1501,Terra,MODIS,100,6.2,291.4,153,N,0
-17.4692,123.7979,306.3,3.4,1.7,2014-08-17,1501,Terra,MODIS,23,6.2,286.9,48,N,0
-17.2159,122.9523,300.8,2.9,1.6,2014-08-17,1502,Terra,MODIS,33,6.2,282.9,32.8,N,0
-12.4406,135.8805,302.6,1,1,2014-08-17,1627,Aqua,MODIS,4,6.2,287.7,5.8,N,0
-12.4316,135.8819,304.2,1,1,2014-08-17,1627,Aqua,MODIS,29,6.2,288.6,7,N,0
-12.442,135.8898,315.4,1,1,2014-08-17,1627,Aqua,MODIS,91,6.2,289.2,14.8,N,0
-12.451,135.8885,307.8,1,1,2014-08-17,1627,Aqua,MODIS,66,6.2,287.9,9.2,N,0
-12.2678,136.607,303.5,1.1,1,2014-08-17,1627,Aqua,MODIS,56,6.2,289.7,7.1,N,0
-12.994,142.0149,305.6,2.4,1.5,2014-08-17,1627,Aqua,MODIS,65,6.2,288.4,26.8,N,0
-12.4129,133.8958,303.1,1,1,2014-08-17,1627,Aqua,MODIS,24,6.2,291.2,4.8,N,0
-12.3871,133.8966,303.6,1,1,2014-08-17,1627,Aqua,MODIS,15,6.2,291.8,4.9,N,0
-12.9536,142.0199,308.8,2.4,1.5,2014-08-17,1627,Aqua,MODIS,76,6.2,288.4,34.7,N,0
-11.9801,134.7513,300.7,1,1,2014-08-17,1627,Aqua,MODIS,32,6.2,288.5,4.8,N,0
-12.9596,142.0261,319.4,2.4,1.5,2014-08-17,1627,Aqua,MODIS,99,6.2,289.3,64.7,N,0
-12.4422,133.8424,308.5,1,1,2014-08-17,1627,Aqua,MODIS,74,6.2,292.4,8.8,N,0
-12.9805,142.0166,310.5,2.4,1.5,2014-08-17,1627,Aqua,MODIS,52,6.2,288.4,36.3,N,0
-12.4514,133.8411,331.1,1,1,2014-08-17,1627,Aqua,MODIS,100,6.2,292.9,32,N,0
-12.9671,142.0182,319.8,2.4,1.5,2014-08-17,1627,Aqua,MODIS,99,6.2,289,64,N,0
-12.3646,133.1057,316.4,1.1,1.1,2014-08-17,1627,Aqua,MODIS,77,6.2,293.9,15.9,N,0
-12.374,133.1043,304.5,1.1,1.1,2014-08-17,1627,Aqua,MODIS,24,6.2,293.8,6.4,N,0
-12.363,133.0955,314,1.1,1.1,2014-08-17,1627,Aqua,MODIS,75,6.2,293.3,14.5,N,0
-15.5326,129.2552,301.7,1.7,1.3,2014-08-17,1628,Aqua,MODIS,38,6.2,290.5,12.5,N,0
-14.0682,132.0925,300.9,1.2,1.1,2014-08-17,1628,Aqua,MODIS,31,6.2,289.2,6.6,N,0
-15.5214,129.1909,300.6,1.7,1.3,2014-08-17,1628,Aqua,MODIS,31,6.2,287.1,13.5,N,0
-13.1712,132.3126,307.1,1.2,1.1,2014-08-17,1628,Aqua,MODIS,57,6.2,292.2,10,N,0
-15.5322,131.3253,305.1,1.3,1.1,2014-08-17,1628,Aqua,MODIS,63,6.2,290.4,10,N,0
-13.181,132.3112,302.2,1.2,1.1,2014-08-17,1628,Aqua,MODIS,10,6.2,291.6,5.9,N,0
-15.6455,136.0392,303.1,1.1,1,2014-08-17,1628,Aqua,MODIS,53,6.2,282.8,9.3,N,0
-12.8728,131.4765,302.7,1.3,1.1,2014-08-17,1628,Aqua,MODIS,22,6.2,289.4,9.1,N,0
-12.9495,132.2203,325,1.2,1.1,2014-08-17,1628,Aqua,MODIS,100,6.2,288.4,31.9,N,0
-14.8374,142.5267,302.6,2.8,1.6,2014-08-17,1628,Aqua,MODIS,39,6.2,284.9,29.4,N,0
-15.0819,143.235,302.8,3.2,1.7,2014-08-17,1628,Aqua,MODIS,52,6.2,284.3,36,N,0
-12.6842,132.0923,308.6,1.2,1.1,2014-08-17,1628,Aqua,MODIS,75,6.2,287.9,13.9,N,0
-12.9529,132.2424,303.7,1.2,1.1,2014-08-17,1628,Aqua,MODIS,54,6.2,286.8,9.2,N,0
-15.0822,143.2123,318.6,3.2,1.7,2014-08-17,1628,Aqua,MODIS,97,6.2,285.5,96.8,N,0
-12.6959,132.102,302.1,1.2,1.1,2014-08-17,1628,Aqua,MODIS,11,6.2,286.5,8,N,0
-12.686,132.1037,301.7,1.2,1.1,2014-08-17,1628,Aqua,MODIS,19,6.2,288.6,8,N,0
-12.9512,132.2314,324.2,1.2,1.1,2014-08-17,1628,Aqua,MODIS,100,6.2,288.6,30.9,N,0
-15.0788,143.2055,312.4,3.2,1.7,2014-08-17,1628,Aqua,MODIS,85,6.2,285,69.7,N,0
-17.4459,123.83,310.3,4,1.9,2014-08-17,1629,Aqua,MODIS,80,6.2,289.1,88.3,N,0
-17.4596,123.8347,302.5,4,1.9,2014-08-17,1629,Aqua,MODIS,23,6.2,288.3,49.5,N,0
-17.4431,123.8382,308.2,4,1.9,2014-08-17,1629,Aqua,MODIS,68,6.2,289.3,76.8,N,0
-12.1554,142.264,317.1,4,1.9,2014-08-18,0014,Terra,MODIS,67,6.2,291.5,79.3,D,0
-12.9678,142.0113,333.4,4.1,1.9,2014-08-18,0014,Terra,MODIS,81,6.2,295.3,205.3,D,0
-12.9882,141.9998,319.9,4.1,1.9,2014-08-18,0014,Terra,MODIS,61,6.2,294.5,97.2,D,0
-12.9442,141.9773,321.7,4.1,1.9,2014-08-18,0014,Terra,MODIS,40,6.2,293.4,103,D,0
-12.9511,142.0145,327.5,4.1,1.9,2014-08-18,0014,Terra,MODIS,69,6.2,294.4,147.4,D,0
-12.1487,142.2276,311.8,4.1,1.9,2014-08-18,0014,Terra,MODIS,51,6.2,290.5,49.2,D,0
-12.1598,142.2576,312.1,4,1.9,2014-08-18,0014,Terra,MODIS,20,6.2,291.3,43.2,D,0
-12.0749,142.203,310.4,4.1,1.9,2014-08-18,0014,Terra,MODIS,38,6.2,291,44.7,D,0
-12.9548,142.0061,331.5,4.1,1.9,2014-08-18,0014,Terra,MODIS,69,6.2,294.7,185,D,0
-12.9715,142.0029,331.6,4.1,1.9,2014-08-18,0014,Terra,MODIS,76,6.2,294.7,189.1,D,0
-12.0715,142.2111,312.7,4.1,1.9,2014-08-18,0014,Terra,MODIS,55,6.2,291.1,58.5,D,0
-12.9845,142.0081,324.2,4.1,1.9,2014-08-18,0014,Terra,MODIS,73,6.2,295,126.5,D,0
-12.283,142.2725,313.3,4,1.9,2014-08-18,0014,Terra,MODIS,58,6.2,288.9,62.5,D,0
-12.2872,142.2642,311.3,4,1.9,2014-08-18,0014,Terra,MODIS,48,6.2,288.8,50.7,D,0
-15.0843,143.2059,339.9,3,1.6,2014-08-18,0015,Terra,MODIS,91,6.2,300.4,174.7,D,0
-15.1186,143.2218,323.6,3,1.6,2014-08-18,0015,Terra,MODIS,61,6.2,300.1,68.6,D,0
-15.0791,143.1783,324.1,3,1.6,2014-08-18,0015,Terra,MODIS,71,6.2,296.5,73.1,D,0
-15.0987,143.1971,342.2,3,1.6,2014-08-18,0015,Terra,MODIS,92,6.2,300,192.2,D,0
-14.8696,142.4871,326.1,3.4,1.7,2014-08-18,0015,Terra,MODIS,53,6.2,298.3,105.1,D,0
-15.1333,143.225,320.2,3,1.6,2014-08-18,0015,Terra,MODIS,37,6.2,298.3,51.7,D,0
-15.099,143.2031,344.2,3,1.6,2014-08-18,0015,Terra,MODIS,93,6.2,300.5,208.5,D,0
-15.1136,143.2002,358.8,3,1.6,2014-08-18,0015,Terra,MODIS,99,6.2,301.3,369.4,D,0
-15.1281,143.1917,344.5,3,1.6,2014-08-18,0015,Terra,MODIS,93,6.2,297.5,221.9,D,0
-15.1134,143.1943,357.5,3,1.6,2014-08-18,0015,Terra,MODIS,99,6.2,300.5,361.2,D,0
-15.1333,143.2191,328.7,3,1.6,2014-08-18,0015,Terra,MODIS,83,6.2,298.7,98.1,D,0
-15.1283,143.1975,356.3,3,1.6,2014-08-18,0015,Terra,MODIS,98,6.2,298.7,344.8,D,0
-20.7969,146.5536,321.2,1.3,1.1,2014-08-18,0016,Terra,MODIS,78,6.2,294.9,23.4,D,0
-21.6157,149.0273,327.3,1,1,2014-08-18,0016,Terra,MODIS,84,6.2,296.3,23.6,D,0
-20.7926,146.5477,321.6,1.3,1.1,2014-08-18,0016,Terra,MODIS,79,6.2,295,24.2,D,0
-21.6142,149.0175,332.5,1,1,2014-08-18,0016,Terra,MODIS,87,6.2,297.1,30.6,D,0
-21.6248,149.0257,310.2,1,1,2014-08-18,0016,Terra,MODIS,66,6.2,294.4,7.6,D,0
-27.3144,152.9795,301.8,1.4,1.2,2014-08-18,0018,Terra,MODIS,19,6.2,288.7,3.8,D,2
-26.5661,152.0087,309.7,1.2,1.1,2014-08-18,0018,Terra,MODIS,69,6.2,289.7,12.4,D,0
-26.5677,152.0208,304,1.2,1.1,2014-08-18,0018,Terra,MODIS,52,6.2,287.2,7.9,D,0
-12.4416,135.8845,316.2,3.1,1.7,2014-08-18,0152,Terra,MODIS,26,6.2,298.5,41.2,D,0
-12.4398,135.8777,317.3,3.1,1.7,2014-08-18,0152,Terra,MODIS,63,6.2,298.7,50.4,D,0
-12.236,136.566,314.5,3.5,1.8,2014-08-18,0152,Terra,MODIS,33,6.2,296.3,38.2,D,0
-12.2202,136.568,318.6,3.5,1.8,2014-08-18,0152,Terra,MODIS,56,6.2,297.4,58.6,D,0
-11.5657,130.7435,320.1,1.3,1.1,2014-08-18,0152,Terra,MODIS,54,6.2,297,14.5,D,0
-11.4224,130.6646,312.8,1.2,1.1,2014-08-18,0152,Terra,MODIS,32,6.2,301.8,6.7,D,0
-11.6856,130.7261,324.3,1.3,1.1,2014-08-18,0152,Terra,MODIS,75,6.2,303.8,17.7,D,0
-11.6036,131.1717,329.8,1.3,1.1,2014-08-18,0152,Terra,MODIS,81,6.2,304.8,30.3,D,0
-11.5641,130.732,329.3,1.3,1.1,2014-08-18,0152,Terra,MODIS,81,6.2,299.8,28.7,D,0
-12.0185,134.1663,316.9,2.3,1.5,2014-08-18,0152,Terra,MODIS,0,6.2,302.6,17.8,D,0
-12.3197,134.612,324.9,2.5,1.5,2014-08-18,0152,Terra,MODIS,76,6.2,301.1,62,D,0
-12.3296,134.1662,319.5,2.3,1.5,2014-08-18,0152,Terra,MODIS,56,6.2,303.3,32,D,0
-12.4248,135.8796,318.3,3.1,1.7,2014-08-18,0152,Terra,MODIS,66,6.2,298.1,55.7,D,0
-12.2039,134.4088,317.7,2.4,1.5,2014-08-18,0152,Terra,MODIS,63,6.2,300.4,31.3,D,0
-12.4266,135.8863,317.7,3.1,1.7,2014-08-18,0152,Terra,MODIS,44,6.2,298.2,49.9,D,0
-12.606,135.9992,324.5,3.2,1.7,2014-08-18,0152,Terra,MODIS,76,6.2,299.1,86.1,D,0
-12.2139,133.1257,347.7,1.9,1.3,2014-08-18,0152,Terra,MODIS,94,6.2,309.5,113.5,D,0
-12.216,133.1429,325.6,1.9,1.3,2014-08-18,0152,Terra,MODIS,58,6.2,308.7,27.2,D,0
-12.2066,134.4307,319,2.4,1.5,2014-08-18,0152,Terra,MODIS,66,6.2,301,36.4,D,0
-12.2299,136.5611,323.4,3.5,1.8,2014-08-18,0152,Terra,MODIS,74,6.2,296.7,93.3,D,0
-11.4002,130.2857,337.5,1.2,1.1,2014-08-18,0152,Terra,MODIS,88,6.2,300.9,41.5,D,0
-11.3905,130.2871,322.8,1.2,1.1,2014-08-18,0152,Terra,MODIS,56,6.2,304.4,16.3,D,0
-11.749,130.2235,316.1,1.2,1.1,2014-08-18,0152,Terra,MODIS,30,6.2,301.7,8.4,D,0
-11.4303,130.3586,318,1.2,1.1,2014-08-18,0152,Terra,MODIS,56,6.2,304.2,9.8,D,0
-11.779,130.0608,316.2,1.2,1.1,2014-08-18,0152,Terra,MODIS,61,6.2,301.7,10.3,D,0
-11.7392,130.2249,320.1,1.2,1.1,2014-08-18,0152,Terra,MODIS,56,6.2,300.8,13.2,D,0
-11.2364,132.0152,319.5,1.5,1.2,2014-08-18,0152,Terra,MODIS,50,6.2,303.5,15.4,D,0
-12.1846,136.4391,325.3,3.4,1.7,2014-08-18,0152,Terra,MODIS,66,6.2,297.3,97.3,D,0
-12.2036,136.4682,327.1,3.4,1.7,2014-08-18,0152,Terra,MODIS,79,6.2,298.5,111.4,D,0
-12.1593,133.0805,341.4,1.9,1.3,2014-08-18,0152,Terra,MODIS,90,6.2,304.8,87.2,D,0
-12.1662,133.0853,338.7,1.9,1.3,2014-08-18,0152,Terra,MODIS,84,6.2,305.5,75.5,D,0
-12.1542,133.0867,351,1.9,1.3,2014-08-18,0152,Terra,MODIS,95,6.2,308.3,135.6,D,0
-12.1855,133.0945,330.5,1.9,1.3,2014-08-18,0152,Terra,MODIS,31,6.2,306.6,42.4,D,0
-12.1614,133.0975,347.6,1.9,1.3,2014-08-18,0152,Terra,MODIS,94,6.2,310.4,113.3,D,0
-12.1685,133.1023,339.4,1.9,1.3,2014-08-18,0152,Terra,MODIS,86,6.2,308.9,75.1,D,0
-12.1564,133.1038,331.1,1.9,1.3,2014-08-18,0152,Terra,MODIS,79,6.2,309.7,48.2,D,0
-11.554,132.9637,315.8,1.8,1.3,2014-08-18,0152,Terra,MODIS,41,6.2,302,15.9,D,0
-12.209,136.473,325.5,3.4,1.7,2014-08-18,0152,Terra,MODIS,79,6.2,297.6,100.9,D,0
-12.2054,136.4422,314.9,3.4,1.7,2014-08-18,0152,Terra,MODIS,30,6.2,296.3,40.6,D,0
-11.7954,132.9536,341,1.8,1.3,2014-08-18,0152,Terra,MODIS,90,6.2,305.3,83.6,D,0
-11.7976,132.97,323.9,1.8,1.3,2014-08-18,0152,Terra,MODIS,31,6.2,306.7,26.4,D,0
-11.7922,132.9649,331.1,1.8,1.3,2014-08-18,0152,Terra,MODIS,82,6.2,306.3,49.8,D,0
-12.3307,135.8446,319.8,3.1,1.7,2014-08-18,0152,Terra,MODIS,68,6.2,297.9,61.5,D,0
-11.7901,132.9485,325,1.8,1.3,2014-08-18,0152,Terra,MODIS,72,6.2,303.3,33.7,D,0
-11.774,132.9731,337.3,1.8,1.3,2014-08-18,0152,Terra,MODIS,87,6.2,305.2,72,D,0
-12.3297,135.8393,318.4,3.1,1.7,2014-08-18,0152,Terra,MODIS,65,6.2,297.8,53.7,D,0
-12.094,136.3979,312.4,3.4,1.7,2014-08-18,0152,Terra,MODIS,54,6.2,296.6,35.9,D,0
-12.0889,136.392,312,3.4,1.7,2014-08-18,0152,Terra,MODIS,41,6.2,297.2,32.7,D,0
-12.3597,135.8358,313.1,3.1,1.7,2014-08-18,0152,Terra,MODIS,17,6.2,297.9,30.1,D,0
-12.1897,136.4441,323.7,3.4,1.7,2014-08-18,0152,Terra,MODIS,72,6.2,297.3,94.4,D,0
-11.2346,132.0015,324.1,1.5,1.2,2014-08-18,0152,Terra,MODIS,67,6.2,301.3,24.4,D,0
-13.1606,132.3163,323.5,1.7,1.3,2014-08-18,0153,Terra,MODIS,49,6.2,306.4,21.7,D,0
-12.9614,132.1833,323.4,1.6,1.3,2014-08-18,0153,Terra,MODIS,40,6.2,308.6,18.7,D,0
-13.5655,131.6308,328.4,1.5,1.2,2014-08-18,0153,Terra,MODIS,79,6.2,306.7,29.9,D,0
-13.0151,132.4269,323.1,1.7,1.3,2014-08-18,0153,Terra,MODIS,50,6.2,308.4,20.7,D,0
-15.536,131.3089,329.4,1.6,1.2,2014-08-18,0153,Terra,MODIS,81,6.2,304.4,35.6,D,0
-13.7786,131.779,320.7,1.6,1.2,2014-08-18,0153,Terra,MODIS,68,6.2,307.7,15.2,D,0
-13.4893,132.2863,322.2,1.7,1.3,2014-08-18,0153,Terra,MODIS,38,6.2,307.2,20.7,D,0
-13.7956,131.9115,322.4,1.6,1.3,2014-08-18,0153,Terra,MODIS,56,6.2,309.3,17.4,D,0
-13.5765,131.6292,317.9,1.5,1.2,2014-08-18,0153,Terra,MODIS,47,6.2,306.2,9.7,D,0
-13.2668,132.2489,323.9,1.7,1.3,2014-08-18,0153,Terra,MODIS,65,6.2,309.2,18.3,D,0
-13.9254,131.1244,320.4,1.4,1.2,2014-08-18,0153,Terra,MODIS,48,6.2,309.4,10.7,D,0
-12.7693,132.5573,317.8,1.7,1.3,2014-08-18,0153,Terra,MODIS,57,6.2,303.2,17.3,D,0
-13.1354,132.4691,339.9,1.7,1.3,2014-08-18,0153,Terra,MODIS,89,6.2,307.5,74.3,D,0
-15.5249,131.3104,328.3,1.6,1.2,2014-08-18,0153,Terra,MODIS,76,6.2,307.5,33.2,D,0
-12.9652,132.2136,338.4,1.7,1.3,2014-08-18,0153,Terra,MODIS,87,6.2,308.5,58.8,D,0
-12.9671,132.2289,345.1,1.7,1.3,2014-08-18,0153,Terra,MODIS,92,6.2,309.9,87.2,D,0
-13.7164,132.286,317.8,1.7,1.3,2014-08-18,0153,Terra,MODIS,39,6.2,306.2,14.7,D,0
-13.1614,132.3063,320.4,1.7,1.3,2014-08-18,0153,Terra,MODIS,37,6.2,308.1,16.4,D,0
-15.5232,131.2964,327.5,1.5,1.2,2014-08-18,0153,Terra,MODIS,76,6.2,306.2,32.3,D,0
-13.2688,132.2643,325.4,1.7,1.3,2014-08-18,0153,Terra,MODIS,61,6.2,306.7,23.2,D,0
-14.313,132.6926,319,1.9,1.3,2014-08-18,0153,Terra,MODIS,55,6.2,306.7,17.4,D,0
-12.963,132.1888,320.9,1.6,1.3,2014-08-18,0153,Terra,MODIS,57,6.2,307.6,13.6,D,0
-15.558,131.3949,321.4,1.6,1.2,2014-08-18,0153,Terra,MODIS,68,6.2,305.4,19.5,D,0
-12.7519,132.6083,319.1,1.8,1.3,2014-08-18,0153,Terra,MODIS,44,6.2,305.4,22.8,D,0
-14.093,129.6259,320.6,1.2,1.1,2014-08-18,0153,Terra,MODIS,60,6.2,303.3,13,D,0
-14.2084,129.4883,336.1,1.2,1.1,2014-08-18,0153,Terra,MODIS,86,6.2,304,36,D,0
-14.0952,129.6197,336.8,1.2,1.1,2014-08-18,0153,Terra,MODIS,66,6.2,304.4,39.4,D,0
-14.0937,129.6089,341.9,1.2,1.1,2014-08-18,0153,Terra,MODIS,68,6.2,303.3,50.2,D,0
-14.0915,129.6152,355.5,1.2,1.1,2014-08-18,0153,Terra,MODIS,97,6.2,307,85.3,D,0
-14.115,129.6938,318.5,1.2,1.1,2014-08-18,0153,Terra,MODIS,58,6.2,306.8,10.2,D,0
-12.4126,130.6009,323.8,1.3,1.1,2014-08-18,0153,Terra,MODIS,0,6.2,304.2,21,D,0
-14.2265,129.6939,317,1.2,1.1,2014-08-18,0153,Terra,MODIS,51,6.2,305.4,8.6,D,0
-14.3885,129.6812,325.3,1.2,1.1,2014-08-18,0153,Terra,MODIS,75,6.2,306.3,18.4,D,0
-14.3802,129.6935,334.6,1.2,1.1,2014-08-18,0153,Terra,MODIS,85,6.2,307.4,31.6,D,0
-14.3788,129.7001,327.6,1.2,1.1,2014-08-18,0153,Terra,MODIS,77,6.2,306.3,17.4,D,0
-14.3773,129.6892,337.9,1.2,1.1,2014-08-18,0153,Terra,MODIS,87,6.2,308,36.2,D,0
-14.387,129.6703,317.1,1.2,1.1,2014-08-18,0153,Terra,MODIS,38,6.2,304.2,7.9,D,0
-14.3435,129.6606,320.4,1.2,1.1,2014-08-18,0153,Terra,MODIS,31,6.2,307.8,8.9,D,0
-14.2207,129.6506,338.3,1.2,1.1,2014-08-18,0153,Terra,MODIS,88,6.2,308.3,39.1,D,0
-14.2221,129.6614,348.1,1.2,1.1,2014-08-18,0153,Terra,MODIS,94,6.2,308,61.6,D,0
-13.6408,130.642,317.6,1.3,1.1,2014-08-18,0153,Terra,MODIS,46,6.2,307,11.5,D,0
-14.4231,129.5,322.8,1.2,1.1,2014-08-18,0153,Terra,MODIS,49,6.2,310.8,12.7,D,0
-14.3533,129.6593,323.7,1.2,1.1,2014-08-18,0153,Terra,MODIS,63,6.2,305.9,14,D,0
-12.5177,132.6406,320.1,1.8,1.3,2014-08-18,0153,Terra,MODIS,53,6.2,307.6,16.5,D,0
-12.4383,130.7162,317.8,1.3,1.1,2014-08-18,0153,Terra,MODIS,33,6.2,305.3,9.7,D,0
-12.5825,131.9941,341.1,1.6,1.2,2014-08-18,0153,Terra,MODIS,90,6.2,306.1,67.6,D,0
-12.8869,130.9367,333.1,1.3,1.1,2014-08-18,0153,Terra,MODIS,78,6.2,309.8,32.7,D,0
-12.8852,130.9245,325.7,1.3,1.1,2014-08-18,0153,Terra,MODIS,65,6.2,310.1,16.5,D,0
-12.5714,131.9956,364.3,1.6,1.2,2014-08-18,0153,Terra,MODIS,100,6.2,310.1,173,D,0
-12.5695,131.9812,336.6,1.6,1.2,2014-08-18,0153,Terra,MODIS,87,6.2,302.8,57.1,D,0
-12.8749,130.9259,332,1.3,1.1,2014-08-18,0153,Terra,MODIS,81,6.2,307.1,29.9,D,0
-12.9522,135.9944,312.4,3.2,1.7,2014-08-18,0153,Terra,MODIS,52,6.2,298.5,35,D,0
-12.8629,130.915,351.8,1.3,1.1,2014-08-18,0153,Terra,MODIS,95,6.2,308.9,83.9,D,0
-12.8646,130.9273,331.9,1.3,1.1,2014-08-18,0153,Terra,MODIS,81,6.2,305.9,30.7,D,0
-12.5844,132.0085,339.6,1.6,1.2,2014-08-18,0153,Terra,MODIS,89,6.2,309.9,60.5,D,0
-12.5718,131.9898,357.7,1.6,1.2,2014-08-18,0153,Terra,MODIS,99,6.2,307.6,135.7,D,0
-15.2985,135.1287,315.2,3,1.6,2014-08-18,0153,Terra,MODIS,51,6.2,301.2,35,D,0
-15.2837,135.1305,316.8,3,1.6,2014-08-18,0153,Terra,MODIS,36,6.2,302.8,38.3,D,0
-15.2986,135.1234,317.1,3,1.6,2014-08-18,0153,Terra,MODIS,51,6.2,301.1,42.3,D,0
-13.0438,134.9857,314.4,2.7,1.6,2014-08-18,0153,Terra,MODIS,58,6.2,301.6,22.7,D,0
-15.2215,135.1097,326.1,3,1.6,2014-08-18,0153,Terra,MODIS,37,6.2,304.2,72.2,D,0
-12.5847,132.0027,347,1.6,1.2,2014-08-18,0153,Terra,MODIS,93,6.2,309.8,85,D,0
-12.5736,132.0042,329.2,1.6,1.2,2014-08-18,0153,Terra,MODIS,73,6.2,310.3,31.4,D,0
-12.2867,133.3778,318,2,1.4,2014-08-18,0153,Terra,MODIS,52,6.2,306.9,14.9,D,0
-12.4322,131.0414,331.4,1.3,1.2,2014-08-18,0153,Terra,MODIS,82,6.2,307.3,33.8,D,0
-13.2112,135.7631,318,3.1,1.7,2014-08-18,0153,Terra,MODIS,66,6.2,299,52.1,D,0
-12.5906,131.5362,320.9,1.5,1.2,2014-08-18,0153,Terra,MODIS,69,6.2,305.9,14.7,D,0
-12.7482,132.0337,331.8,1.6,1.2,2014-08-18,0153,Terra,MODIS,83,6.2,308.8,38.9,D,0
-12.761,132.0409,327.4,1.6,1.2,2014-08-18,0153,Terra,MODIS,54,6.2,308.4,30.1,D,0
-12.9517,132.1903,324.3,1.6,1.3,2014-08-18,0153,Terra,MODIS,74,6.2,309.7,20.2,D,0
-12.6997,132.0995,326.3,1.6,1.2,2014-08-18,0153,Terra,MODIS,63,6.2,307.6,24.5,D,0
-12.7561,135.7367,317.4,3.1,1.7,2014-08-18,0153,Terra,MODIS,65,6.2,300.2,51,D,0
-12.7342,132.4654,327,1.7,1.3,2014-08-18,0153,Terra,MODIS,44,6.2,305.8,29.9,D,0
-12.4103,130.6604,316,1.3,1.1,2014-08-18,0153,Terra,MODIS,49,6.2,304.3,9.7,D,0
-12.7593,132.0322,334.6,1.6,1.2,2014-08-18,0153,Terra,MODIS,85,6.2,307.6,48.6,D,0
-12.7592,132.0263,328.2,1.6,1.2,2014-08-18,0153,Terra,MODIS,64,6.2,305.9,31.9,D,0
-12.726,132.473,321.9,1.7,1.3,2014-08-18,0153,Terra,MODIS,50,6.2,307.9,19.8,D,0
-12.3888,133.9032,314.4,2.2,1.4,2014-08-18,0153,Terra,MODIS,31,6.2,301.8,19.3,D,0
-12.3983,133.141,314.3,1.9,1.3,2014-08-18,0153,Terra,MODIS,29,6.2,302.8,11.6,D,0
-12.9388,132.269,322.9,1.7,1.3,2014-08-18,0153,Terra,MODIS,9,6.2,308,15.7,D,0
-12.4853,134.2848,317.1,2.3,1.5,2014-08-18,0153,Terra,MODIS,34,6.2,304.5,18,D,0
-12.9502,132.2677,323.4,1.7,1.3,2014-08-18,0153,Terra,MODIS,37,6.2,307.1,18.4,D,0
-12.7528,135.7088,315,3,1.7,2014-08-18,0153,Terra,MODIS,59,6.2,298.8,38.4,D,0
-12.9556,132.2205,334.3,1.7,1.3,2014-08-18,0153,Terra,MODIS,84,6.2,310,44.3,D,0
-12.8688,131.4801,327.9,1.5,1.2,2014-08-18,0153,Terra,MODIS,78,6.2,308.3,24.7,D,0
-12.724,132.4572,326.3,1.7,1.3,2014-08-18,0153,Terra,MODIS,76,6.2,307.3,29,D,0
-16.0816,136.6481,312.6,4,1.9,2014-08-18,0153,Terra,MODIS,55,6.2,302,46.6,D,0
-13.1512,135.7533,317.9,3.1,1.7,2014-08-18,0153,Terra,MODIS,68,6.2,299.3,53.7,D,0
-15.6149,135.9278,315.9,3.5,1.8,2014-08-18,0153,Terra,MODIS,57,6.2,302.1,45.8,D,0
-12.9576,132.2357,336.2,1.7,1.3,2014-08-18,0153,Terra,MODIS,86,6.2,309.9,50.1,D,0
-12.4127,131.1324,324.1,1.4,1.2,2014-08-18,0153,Terra,MODIS,74,6.2,304.8,19.8,D,0
-12.8953,131.4844,329.1,1.5,1.2,2014-08-18,0153,Terra,MODIS,37,6.2,309.5,25.4,D,0
-12.4583,133.8336,321.4,2.2,1.4,2014-08-18,0153,Terra,MODIS,27,6.2,301.5,35.2,D,0
-12.906,131.483,328.5,1.5,1.2,2014-08-18,0153,Terra,MODIS,66,6.2,309.1,24.5,D,0
-13.1979,135.7702,317.6,3.1,1.7,2014-08-18,0153,Terra,MODIS,67,6.2,298.5,49.5,D,0
-12.6867,132.0863,324,1.6,1.2,2014-08-18,0153,Terra,MODIS,48,6.2,308.6,16.7,D,0
-13.213,135.7683,314.9,3.1,1.7,2014-08-18,0153,Terra,MODIS,46,6.2,299.1,37.6,D,0
-12.46,133.848,323.9,2.2,1.4,2014-08-18,0153,Terra,MODIS,74,6.2,302.9,46.2,D,0
-15.8713,135.8423,312.4,3.4,1.7,2014-08-18,0153,Terra,MODIS,39,6.2,301.4,31.7,D,0
-15.2185,135.0887,327.6,3,1.6,2014-08-18,0153,Terra,MODIS,67,6.2,301.7,87.7,D,0
-13.1494,135.7467,313.6,3.1,1.7,2014-08-18,0153,Terra,MODIS,53,6.2,299,34.9,D,0
-12.9596,132.2509,330.6,1.7,1.3,2014-08-18,0153,Terra,MODIS,79,6.2,307.8,34.3,D,0
-12.6033,135.9926,319.3,3.2,1.7,2014-08-18,0153,Terra,MODIS,54,6.2,298.8,55.9,D,0
-12.9459,135.9587,314.3,3.2,1.7,2014-08-18,0153,Terra,MODIS,41,6.2,297.4,37.5,D,0
-12.9537,132.2053,331.5,1.6,1.3,2014-08-18,0153,Terra,MODIS,82,6.2,309.2,37.7,D,0
-12.3746,133.8919,315,2.2,1.4,2014-08-18,0153,Terra,MODIS,48,6.2,301.1,21.5,D,0
-12.4007,131.1214,322.6,1.4,1.2,2014-08-18,0153,Terra,MODIS,57,6.2,305.8,16.5,D,0
-12.6143,135.9393,318,3.2,1.7,2014-08-18,0153,Terra,MODIS,47,6.2,298.3,49.8,D,0
-12.4529,132.1357,334.5,1.6,1.2,2014-08-18,0153,Terra,MODIS,85,6.2,306,56.4,D,0
-12.9488,135.965,319.7,3.2,1.7,2014-08-18,0153,Terra,MODIS,71,6.2,298.1,68.7,D,0
-15.6247,135.9211,316.2,3.5,1.8,2014-08-18,0153,Terra,MODIS,49,6.2,302.7,43.8,D,0
-12.7613,132.0468,323,1.6,1.2,2014-08-18,0153,Terra,MODIS,35,6.2,307.8,19.3,D,0
-12.4015,131.4927,324.4,1.4,1.2,2014-08-18,0153,Terra,MODIS,72,6.2,306.3,23,D,0
-12.3499,131.5131,316,1.4,1.2,2014-08-18,0153,Terra,MODIS,56,6.2,303.1,14.7,D,0
-12.9491,135.9882,316.2,3.2,1.7,2014-08-18,0153,Terra,MODIS,53,6.2,298.3,47.6,D,0
-12.7551,135.7299,319.9,3.1,1.7,2014-08-18,0153,Terra,MODIS,71,6.2,300,61.9,D,0
-14.333,132.6551,320.3,1.9,1.3,2014-08-18,0153,Terra,MODIS,58,6.2,306.7,21.9,D,0
-15.3114,130.5125,335.5,1.4,1.2,2014-08-18,0153,Terra,MODIS,84,6.2,309.4,40.5,D,0
-15.3054,130.5193,326.1,1.4,1.2,2014-08-18,0153,Terra,MODIS,61,6.2,308.8,19.9,D,0
-15.3098,130.4999,325.9,1.4,1.2,2014-08-18,0153,Terra,MODIS,48,6.2,310.5,19.4,D,0
-12.3511,133.1012,334.5,1.9,1.3,2014-08-18,0153,Terra,MODIS,82,6.2,305.1,58.5,D,0
-12.361,133.0827,323,1.9,1.3,2014-08-18,0153,Terra,MODIS,31,6.2,306.2,25.9,D,0
-12.3558,133.0951,324.5,1.9,1.3,2014-08-18,0153,Terra,MODIS,59,6.2,304.3,30.5,D,0
-12.3578,133.1118,325,1.9,1.3,2014-08-18,0153,Terra,MODIS,61,6.2,304.2,32.9,D,0
-12.3657,133.0766,319.7,1.9,1.3,2014-08-18,0153,Terra,MODIS,51,6.2,305.9,20.7,D,0
-12.3678,133.0932,324,1.9,1.3,2014-08-18,0153,Terra,MODIS,66,6.2,304.9,31.1,D,0
-15.3038,130.5067,342.5,1.4,1.2,2014-08-18,0153,Terra,MODIS,90,6.2,310.3,55.7,D,0
-12.451,132.1211,320.9,1.6,1.2,2014-08-18,0153,Terra,MODIS,70,6.2,302.5,23.1,D,0
-15.3921,129.1327,345.5,1.1,1.1,2014-08-18,0153,Terra,MODIS,92,6.2,308.1,53.8,D,0
-15.3936,129.1433,336.8,1.1,1.1,2014-08-18,0153,Terra,MODIS,86,6.2,310.2,35.5,D,0
-15.4031,129.1419,327.3,1.1,1.1,2014-08-18,0153,Terra,MODIS,77,6.2,306.7,20,D,0
-15.4046,129.1525,339.1,1.1,1.1,2014-08-18,0153,Terra,MODIS,88,6.2,307.9,39.8,D,0
-14.826,128.5078,330.9,1.1,1,2014-08-18,0153,Terra,MODIS,81,6.2,307.7,20.8,D,0
-14.8353,128.5065,328.6,1.1,1,2014-08-18,0153,Terra,MODIS,79,6.2,305.7,17.8,D,0
-14.8445,128.5051,332.4,1.1,1,2014-08-18,0153,Terra,MODIS,83,6.2,306.4,23.7,D,0
-13.9047,130.1033,321.4,1.2,1.1,2014-08-18,0153,Terra,MODIS,54,6.2,304.5,13.6,D,0
-13.8948,130.1047,328.8,1.2,1.1,2014-08-18,0153,Terra,MODIS,78,6.2,307.5,24.1,D,0
-13.8933,130.0933,347.1,1.2,1.1,2014-08-18,0153,Terra,MODIS,93,6.2,306.3,63.1,D,0
-13.8963,130.116,321.9,1.2,1.1,2014-08-18,0153,Terra,MODIS,50,6.2,304.9,13.9,D,0
-13.8783,130.1365,325.5,1.2,1.1,2014-08-18,0153,Terra,MODIS,73,6.2,307.5,18.9,D,0
-14.0338,130.0798,325.1,1.2,1.1,2014-08-18,0153,Terra,MODIS,47,6.2,309.2,15,D,0
-14.0323,130.0684,342.8,1.2,1.1,2014-08-18,0153,Terra,MODIS,90,6.2,310.5,50.3,D,0
-14.0307,130.0571,327.3,1.2,1.1,2014-08-18,0153,Terra,MODIS,29,6.2,309.4,18.8,D,0
-14.0276,130.0344,322.3,1.2,1.1,2014-08-18,0153,Terra,MODIS,39,6.2,304.1,14,D,0
-14.0208,130.0584,331.5,1.2,1.1,2014-08-18,0153,Terra,MODIS,38,6.2,308.5,26.5,D,0
-14.0193,130.0471,344.1,1.2,1.1,2014-08-18,0153,Terra,MODIS,91,6.2,309,54.4,D,0
-14.0177,130.0357,376.7,1.2,1.1,2014-08-18,0153,Terra,MODIS,100,6.2,312,177.6,D,0
-13.0889,130.249,321.5,1.2,1.1,2014-08-18,0153,Terra,MODIS,56,6.2,308,13.4,D,0
-13.0874,130.2377,325.1,1.2,1.1,2014-08-18,0153,Terra,MODIS,72,6.2,307.7,18.3,D,0
-14.0479,132.108,323.1,1.7,1.3,2014-08-18,0153,Terra,MODIS,37,6.2,307.7,18.8,D,0
-14.0803,132.0876,349.3,1.7,1.3,2014-08-18,0153,Terra,MODIS,94,6.2,309.4,106.5,D,0
-14.0823,132.1033,326.5,1.7,1.3,2014-08-18,0153,Terra,MODIS,77,6.2,310.9,28.6,D,0
-15.428,129.1535,319.2,1.1,1.1,2014-08-18,0153,Terra,MODIS,24,6.2,307.7,7.6,D,0
-15.4266,129.1429,326.5,1.1,1.1,2014-08-18,0153,Terra,MODIS,76,6.2,308.4,17.6,D,0
-15.4252,129.1323,318.1,1.1,1.1,2014-08-18,0153,Terra,MODIS,35,6.2,306.5,7.5,D,0
-13.9988,132.0731,337,1.7,1.3,2014-08-18,0153,Terra,MODIS,87,6.2,307.6,59,D,0
-14.0102,132.0716,323.7,1.7,1.3,2014-08-18,0153,Terra,MODIS,61,6.2,308.8,22.5,D,0
-14.0122,132.0869,327.8,1.7,1.3,2014-08-18,0153,Terra,MODIS,78,6.2,308.4,32.1,D,0
-15.5395,128.1544,320.4,1,1,2014-08-18,0154,Terra,MODIS,44,6.2,308.6,7.1,D,0
-15.1368,126.0978,322.2,1,1,2014-08-18,0154,Terra,MODIS,60,6.2,308.9,10.2,D,0
-18.5824,130.2965,320.5,1.5,1.2,2014-08-18,0154,Terra,MODIS,71,6.2,302.2,20.1,D,0
-18.5789,130.2691,319.9,1.4,1.2,2014-08-18,0154,Terra,MODIS,70,6.2,300,20,D,0
-18.5858,130.2904,333.8,1.5,1.2,2014-08-18,0154,Terra,MODIS,85,6.2,302.7,48.6,D,0
-18.5807,130.2828,358.3,1.5,1.2,2014-08-18,0154,Terra,MODIS,99,6.2,303.9,131.7,D,0
-15.4626,129.192,320.9,1.2,1.1,2014-08-18,0154,Terra,MODIS,42,6.2,309.9,10,D,0
-18.5841,130.2766,353.3,1.5,1.2,2014-08-18,0154,Terra,MODIS,97,6.2,301.8,110.3,D,0
-17.9851,125.2605,319.9,1,1,2014-08-18,0154,Terra,MODIS,64,6.2,308.6,7.4,D,0
-17.7013,123.8575,330.9,1.1,1.1,2014-08-18,0154,Terra,MODIS,62,6.2,312.8,22.1,D,0
-17.7082,123.9004,344.5,1.1,1.1,2014-08-18,0154,Terra,MODIS,91,6.2,311.1,48.4,D,0
-17.7047,123.879,341.6,1.1,1.1,2014-08-18,0154,Terra,MODIS,90,6.2,314.3,40.6,D,0
-17.7065,123.8897,326.9,1.1,1.1,2014-08-18,0154,Terra,MODIS,41,6.2,312.1,15.3,D,0
-17.7099,123.9111,332.7,1.1,1.1,2014-08-18,0154,Terra,MODIS,74,6.2,308.7,25.4,D,0
-17.5404,123.118,323.8,1.3,1.1,2014-08-18,0154,Terra,MODIS,58,6.2,306.8,15,D,0
-16.5068,123.8867,317.2,1.2,1.1,2014-08-18,0154,Terra,MODIS,53,6.2,304.3,9.3,D,0
-17.6978,123.836,331.3,1.2,1.1,2014-08-18,0154,Terra,MODIS,47,6.2,311,22.8,D,0
-17.2304,122.2495,340.3,1.4,1.2,2014-08-18,0154,Terra,MODIS,0,6.2,306.9,58.5,D,0
-17.7143,123.8774,382.2,1.1,1.1,2014-08-18,0154,Terra,MODIS,100,6.2,314.5,183.7,D,0
-17.7126,123.8666,377.8,1.1,1.1,2014-08-18,0154,Terra,MODIS,100,6.2,310.5,161.2,D,0
-17.6961,123.8252,338.1,1.2,1.1,2014-08-18,0154,Terra,MODIS,82,6.2,308.4,36.6,D,0
-17.6944,123.8144,340.8,1.2,1.1,2014-08-18,0154,Terra,MODIS,89,6.2,305.7,43.9,D,0
-17.6865,123.8268,333.9,1.2,1.1,2014-08-18,0154,Terra,MODIS,81,6.2,309.7,26.3,D,0
-17.6848,123.816,332.6,1.2,1.1,2014-08-18,0154,Terra,MODIS,75,6.2,307.4,25.1,D,0
-17.6717,123.7959,347.1,1.2,1.1,2014-08-18,0154,Terra,MODIS,93,6.2,307.6,57.2,D,0
-17.7074,123.8344,337,1.2,1.1,2014-08-18,0154,Terra,MODIS,63,6.2,305.6,34.5,D,0
-17.716,123.8881,334.9,1.1,1.1,2014-08-18,0154,Terra,MODIS,68,6.2,306,29.8,D,0
-17.6699,123.7851,336.1,1.2,1.1,2014-08-18,0154,Terra,MODIS,85,6.2,305.9,34.7,D,0
-17.6621,123.7976,319.6,1.2,1.1,2014-08-18,0154,Terra,MODIS,44,6.2,307.8,8.9,D,0
-17.5433,122.5256,324.9,1.4,1.2,2014-08-18,0154,Terra,MODIS,61,6.2,306.7,22.6,D,0
-17.5455,122.5383,321.9,1.4,1.2,2014-08-18,0154,Terra,MODIS,62,6.2,306.1,17.2,D,0
-17.5476,122.5509,319.8,1.4,1.2,2014-08-18,0154,Terra,MODIS,35,6.2,304.6,13.4,D,0
-17.4347,122.1723,341,1.4,1.2,2014-08-18,0154,Terra,MODIS,67,6.2,305.8,60.4,D,0
-16.5745,123.8578,314.7,1.2,1.1,2014-08-18,0154,Terra,MODIS,48,6.2,301.5,7.4,D,0
-16.5762,123.8688,327.5,1.2,1.1,2014-08-18,0154,Terra,MODIS,79,6.2,304,23.9,D,0
-17.2054,122.95,320.1,1.3,1.1,2014-08-18,0154,Terra,MODIS,20,6.2,306,12.9,D,0
-17.1933,122.9396,329.4,1.3,1.1,2014-08-18,0154,Terra,MODIS,78,6.2,308,27.5,D,0
-16.284,128.1697,321.2,1.1,1,2014-08-18,0154,Terra,MODIS,61,6.2,308,10.4,D,0
-17.2326,122.2629,346.8,1.4,1.2,2014-08-18,0154,Terra,MODIS,87,6.2,308.3,77.6,D,0
-17.7109,123.8559,356.1,1.1,1.1,2014-08-18,0154,Terra,MODIS,94,6.2,308.7,78.9,D,0
-17.5221,122.4635,314.6,1.4,1.2,2014-08-18,0154,Terra,MODIS,31,6.2,303.5,10,D,0
-17.7092,123.8452,344,1.1,1.1,2014-08-18,0154,Terra,MODIS,74,6.2,306.8,47.6,D,0
-18.9165,122.0742,323.8,1.4,1.2,2014-08-18,0155,Terra,MODIS,74,6.2,305.4,19.8,D,0
-20.6784,117.0137,334,2.9,1.6,2014-08-18,0155,Terra,MODIS,75,6.2,299.6,136,D,0
-20.6839,117.0415,328.3,2.9,1.6,2014-08-18,0155,Terra,MODIS,81,6.2,301.3,100,D,0
-20.6788,117.0077,323.9,2.9,1.6,2014-08-18,0155,Terra,MODIS,67,6.2,298.2,77.5,D,0
-20.6844,117.0356,330.7,2.9,1.6,2014-08-18,0155,Terra,MODIS,83,6.2,301.9,115.8,D,0
-18.9684,121.7685,317,1.4,1.2,2014-08-18,0155,Terra,MODIS,49,6.2,304.9,11.4,D,0
-18.9615,121.7273,317.9,1.5,1.2,2014-08-18,0155,Terra,MODIS,47,6.2,304.8,9.4,D,0
-20.2209,127.8877,333.9,1.1,1.1,2014-08-18,0155,Terra,MODIS,84,6.2,303.6,29.2,D,0
-20.2085,127.8679,316.4,1.1,1.1,2014-08-18,0155,Terra,MODIS,58,6.2,304.4,6.2,D,0
-20.2194,127.8771,334.9,1.1,1.1,2014-08-18,0155,Terra,MODIS,85,6.2,304.4,31,D,0
-19.884,127.3655,319.4,1.1,1,2014-08-18,0155,Terra,MODIS,65,6.2,306,8.7,D,0
-19.8918,127.354,331.2,1.1,1,2014-08-18,0155,Terra,MODIS,82,6.2,304,23.2,D,0
-19.8932,127.3641,317,1.1,1,2014-08-18,0155,Terra,MODIS,52,6.2,304.5,6.2,D,0
-22.7525,131.3714,314,2,1.4,2014-08-18,0155,Terra,MODIS,63,6.2,300.2,16.8,D,0
-20.21,127.8785,317.9,1.1,1.1,2014-08-18,0155,Terra,MODIS,63,6.2,304.3,8.2,D,0
-25.2494,122.3582,313.5,1.1,1,2014-08-18,0156,Terra,MODIS,60,6.2,299.3,7.8,D,0
-24.0207,120.0657,314.8,1.5,1.2,2014-08-18,0156,Terra,MODIS,63,6.2,299.7,12.7,D,0
-24.018,120.0509,317.5,1.5,1.2,2014-08-18,0156,Terra,MODIS,68,6.2,301.4,16.9,D,0
-25.2588,122.3564,327.4,1.1,1,2014-08-18,0156,Terra,MODIS,81,6.2,299.1,23.4,D,0
-24.637,126.1553,317.8,1.1,1,2014-08-18,0156,Terra,MODIS,66,6.2,298.1,10,D,0
-24.6203,126.1535,348.5,1.1,1,2014-08-18,0156,Terra,MODIS,94,6.2,304.5,53.3,D,0
-24.6217,126.1638,387.2,1.1,1,2014-08-18,0156,Terra,MODIS,100,6.2,307.5,189.6,D,0
-22.7973,120.0084,315.7,1.6,1.3,2014-08-18,0156,Terra,MODIS,62,6.2,301.1,14.1,D,0
-24.6231,126.1742,326.3,1.1,1,2014-08-18,0156,Terra,MODIS,73,6.2,300.8,17.6,D,0
-24.6281,126.1417,318.1,1.1,1,2014-08-18,0156,Terra,MODIS,40,6.2,300.9,9,D,0
-24.6356,126.145,331.3,1.1,1,2014-08-18,0156,Terra,MODIS,83,6.2,298.7,26.2,D,0
-24.6295,126.152,342.2,1.1,1,2014-08-18,0156,Terra,MODIS,91,6.2,300.5,42.4,D,0
-24.599,126.1358,319.9,1,1,2014-08-18,0156,Terra,MODIS,70,6.2,302.3,10.3,D,0
-24.6125,126.1653,327.1,1.1,1,2014-08-18,0156,Terra,MODIS,79,6.2,304.3,18.2,D,0
-24.6139,126.1756,318.7,1.1,1,2014-08-18,0156,Terra,MODIS,67,6.2,300.8,9.6,D,0
-34.0336,117.6641,309.7,1.4,1.2,2014-08-18,0159,Terra,MODIS,67,6.2,286.5,14.8,D,0
-34.044,117.6613,312.6,1.4,1.2,2014-08-18,0159,Terra,MODIS,73,6.2,286.6,18.5,D,0
-34.0468,117.6762,305.3,1.4,1.2,2014-08-18,0159,Terra,MODIS,54,6.2,286.5,10.4,D,0
-24.697,151.7967,310.8,4.1,1.9,2014-08-18,0300,Aqua,MODIS,44,6.2,292.7,67.1,D,0
-24.6997,151.8003,314,4.1,1.9,2014-08-18,0300,Aqua,MODIS,60,6.2,292.8,86.7,D,0
-37.7814,141.7868,314.8,1,1,2014-08-18,0435,Aqua,MODIS,62,6.2,284.3,15.3,D,0
-34.6446,142.8486,308.2,1.1,1,2014-08-18,0436,Aqua,MODIS,62,6.2,286.6,9.1,D,0
-32.9995,137.5874,311.4,1.1,1.1,2014-08-18,0437,Aqua,MODIS,62,6.2,296,8.2,D,0
-23.9517,149.2459,306.3,4.5,2,2014-08-18,0438,Aqua,MODIS,45,6.2,295.1,47.1,D,0
-24.4016,146.3499,308.3,2.8,1.6,2014-08-18,0438,Aqua,MODIS,53,6.2,294.6,25,D,0
-24.399,146.3413,309.9,2.8,1.6,2014-08-18,0438,Aqua,MODIS,58,6.2,294.6,31.8,D,0
-24.6544,126.1372,320.8,4.8,2,2014-08-18,0439,Aqua,MODIS,60,6.2,298.7,100.6,D,0
-24.6362,126.1358,319.8,4.8,2,2014-08-18,0439,Aqua,MODIS,29,6.2,301.5,86.7,D,0
-24.6393,126.1323,322.2,4.8,2,2014-08-18,0439,Aqua,MODIS,72,6.2,301.1,114.2,D,0
-24.6051,126.1218,315.5,4.8,2,2014-08-18,0439,Aqua,MODIS,45,6.2,303.2,52.9,D,0
-19.8884,127.3493,318.9,3.4,1.7,2014-08-18,0440,Aqua,MODIS,59,6.2,307.1,40.4,D,0
-19.9043,127.3509,317.7,3.4,1.7,2014-08-18,0440,Aqua,MODIS,47,6.2,305.5,33.3,D,0
-22.7505,131.3777,318.9,1.9,1.3,2014-08-18,0440,Aqua,MODIS,64,6.2,307.7,19,D,0
-19.8952,127.3457,326.5,3.4,1.7,2014-08-18,0440,Aqua,MODIS,76,6.2,306.5,90.6,D,0
-18.5904,130.2588,322.4,2,1.4,2014-08-18,0441,Aqua,MODIS,69,6.2,306.8,32.1,D,0
-18.5947,130.247,323.4,2,1.4,2014-08-18,0441,Aqua,MODIS,29,6.2,304.4,31.3,D,0
-18.3375,130.6581,321.9,1.9,1.3,2014-08-18,0441,Aqua,MODIS,68,6.2,305.9,23.8,D,0
-18.3396,130.6406,323.8,1.9,1.3,2014-08-18,0441,Aqua,MODIS,72,6.2,305.9,29.6,D,0
-18.5823,130.219,387.3,2,1.4,2014-08-18,0441,Aqua,MODIS,100,6.2,310,496.1,D,0
-18.5801,130.2381,363.7,2,1.4,2014-08-18,0441,Aqua,MODIS,100,6.2,309.1,242.6,D,0
-18.5844,130.1999,316.8,2,1.4,2014-08-18,0441,Aqua,MODIS,51,6.2,301.1,22.1,D,0
-18.5779,130.2571,328.9,2,1.4,2014-08-18,0441,Aqua,MODIS,78,6.2,307.3,49.8,D,0
-18.5948,130.2206,331.8,2,1.4,2014-08-18,0441,Aqua,MODIS,82,6.2,301.8,63.1,D,0
-18.5926,130.2397,341.1,2,1.4,2014-08-18,0441,Aqua,MODIS,89,6.2,305.1,101.3,D,0
-18.5882,130.2776,318.2,2,1.4,2014-08-18,0441,Aqua,MODIS,58,6.2,307.5,21.4,D,0
-16.0963,136.6313,328.8,1,1,2014-08-18,0441,Aqua,MODIS,65,6.2,312.7,14.5,D,0
-16.0441,136.6713,348,1,1,2014-08-18,0441,Aqua,MODIS,93,6.2,312.3,44.4,D,0
-15.9396,135.9388,328.1,1,1,2014-08-18,0441,Aqua,MODIS,64,6.2,314,10.8,D,0
-14.7423,142.166,320.2,2.2,1.4,2014-08-18,0441,Aqua,MODIS,54,6.2,302.6,25.8,D,0
-14.8187,142.4841,339,2.3,1.5,2014-08-18,0441,Aqua,MODIS,88,6.2,302.4,106.2,D,0
-15.4567,135.3908,326.3,1,1,2014-08-18,0441,Aqua,MODIS,65,6.2,311.9,10.6,D,0
-14.8343,142.5388,331.6,2.3,1.5,2014-08-18,0441,Aqua,MODIS,82,6.2,304.4,73.2,D,0
-14.413,141.6405,323.9,2,1.4,2014-08-18,0441,Aqua,MODIS,62,6.2,303.3,29.1,D,0
-15.8736,135.8174,324,1,1,2014-08-18,0441,Aqua,MODIS,65,6.2,306.8,10.2,D,0
-15.6497,135.9032,328.8,1,1,2014-08-18,0441,Aqua,MODIS,53,6.2,307.9,13.6,D,0
-14.4108,141.6329,329.7,2,1.4,2014-08-18,0441,Aqua,MODIS,76,6.2,304.6,48.3,D,0
-16.0817,136.6676,327.3,1,1,2014-08-18,0441,Aqua,MODIS,52,6.2,310.7,12.5,D,0
-15.8669,135.8638,328.1,1,1,2014-08-18,0441,Aqua,MODIS,68,6.2,313,11.9,D,0
-14.4286,141.6242,330,2,1.4,2014-08-18,0441,Aqua,MODIS,81,6.2,306.9,49,D,0
-15.0836,143.1614,325.9,2.6,1.5,2014-08-18,0441,Aqua,MODIS,51,6.2,303.4,45.9,D,0
-14.4163,141.6219,328.9,2,1.4,2014-08-18,0441,Aqua,MODIS,80,6.2,305.8,44.6,D,0
-15.1362,143.2578,317.7,2.6,1.6,2014-08-18,0441,Aqua,MODIS,27,6.2,302.5,22,D,0
-14.7259,142.1837,316,2.2,1.4,2014-08-18,0441,Aqua,MODIS,21,6.2,302.6,14.9,D,0
-14.8362,142.4514,326.2,2.3,1.5,2014-08-18,0441,Aqua,MODIS,76,6.2,301.8,51.3,D,0
-15.6278,135.9282,331.2,1,1,2014-08-18,0441,Aqua,MODIS,49,6.2,314.4,14.2,D,0
-14.8224,142.4629,336.5,2.3,1.5,2014-08-18,0441,Aqua,MODIS,86,6.2,301.8,93.9,D,0
-14.4232,141.6352,331.3,2,1.4,2014-08-18,0441,Aqua,MODIS,83,6.2,305.1,54.2,D,0
-16.0582,136.4561,330.4,1,1,2014-08-18,0441,Aqua,MODIS,73,6.2,313.9,15.5,D,0
-15.8683,135.8545,328.4,1,1,2014-08-18,0441,Aqua,MODIS,70,6.2,311.2,12.8,D,0
-15.7008,135.9367,331.5,1,1,2014-08-18,0441,Aqua,MODIS,74,6.2,312.5,15.7,D,0
-16.3226,136.0858,343.2,1,1,2014-08-18,0441,Aqua,MODIS,90,6.2,310.8,34.7,D,0
-15.6304,135.9096,350.5,1,1,2014-08-18,0441,Aqua,MODIS,94,6.2,309.7,48.5,D,0
-15.5974,136.0754,323.4,1,1,2014-08-18,0441,Aqua,MODIS,47,6.2,312.1,7.2,D,0
-14.8391,142.4443,320.2,2.3,1.5,2014-08-18,0441,Aqua,MODIS,27,6.2,302.1,29.9,D,0
-15.8723,135.8266,346.2,1,1,2014-08-18,0441,Aqua,MODIS,92,6.2,311.3,42.7,D,0
-14.8475,142.5413,356.1,2.3,1.5,2014-08-18,0441,Aqua,MODIS,98,6.2,305.5,228.7,D,0
-15.0657,143.1825,322.4,2.6,1.5,2014-08-18,0441,Aqua,MODIS,45,6.2,304.8,29.4,D,0
-15.596,136.0847,322.6,1,1,2014-08-18,0441,Aqua,MODIS,45,6.2,311.1,7,D,0
-15.4554,135.4001,342.3,1,1,2014-08-18,0441,Aqua,MODIS,89,6.2,309.3,34.1,D,0
-15.076,143.1675,332.6,2.6,1.5,2014-08-18,0441,Aqua,MODIS,83,6.2,303.2,78.8,D,0
-15.1971,135.0758,355.3,1,1,2014-08-18,0441,Aqua,MODIS,97,6.2,307.6,61.7,D,0
-15.1958,135.0851,350.7,1,1,2014-08-18,0441,Aqua,MODIS,94,6.2,310.7,49.4,D,0
-16.3239,136.0765,328.7,1,1,2014-08-18,0441,Aqua,MODIS,62,6.2,308.8,13.3,D,0
-14.4263,141.6165,324.8,2,1.4,2014-08-18,0441,Aqua,MODIS,75,6.2,307.5,31.7,D,0
-16.0949,136.6407,324.8,1,1,2014-08-18,0441,Aqua,MODIS,11,6.2,312,8.8,D,0
-14.8194,142.47,344,2.3,1.5,2014-08-18,0441,Aqua,MODIS,91,6.2,302,139.4,D,0
-16.0532,136.6727,328.1,1,1,2014-08-18,0441,Aqua,MODIS,67,6.2,311.4,12.8,D,0
-14.8325,142.4725,320.8,2.3,1.5,2014-08-18,0441,Aqua,MODIS,49,6.2,300.9,29.9,D,0
-15.6291,135.9189,333.7,1,1,2014-08-18,0441,Aqua,MODIS,58,6.2,310.7,17.9,D,0
-15.8986,135.9039,325.9,1,1,2014-08-18,0441,Aqua,MODIS,42,6.2,313.1,9.4,D,0
-15.6807,136.076,325.9,1,1,2014-08-18,0441,Aqua,MODIS,53,6.2,312.7,7.8,D,0
-15.5356,131.2953,321.6,1.5,1.2,2014-08-18,0441,Aqua,MODIS,20,6.2,310.9,12.4,D,0
-15.5601,131.3909,327,1.5,1.2,2014-08-18,0441,Aqua,MODIS,74,6.2,311.4,23.1,D,0
-15.2878,135.2198,326.1,1,1,2014-08-18,0441,Aqua,MODIS,54,6.2,313.3,9.1,D,0
-15.3007,135.1933,326.5,1,1,2014-08-18,0441,Aqua,MODIS,56,6.2,308.4,10.6,D,0
-15.5617,131.3772,327.5,1.5,1.2,2014-08-18,0441,Aqua,MODIS,75,6.2,311.2,24.3,D,0
-15.2917,135.1919,328.4,1,1,2014-08-18,0441,Aqua,MODIS,40,6.2,311.2,11.8,D,0
-15.682,136.0667,345.2,1,1,2014-08-18,0441,Aqua,MODIS,91,6.2,314.5,36.7,D,0
-15.5577,131.3841,329.5,1.5,1.2,2014-08-18,0441,Aqua,MODIS,63,6.2,312.8,25.8,D,0
-15.5337,131.3099,328.7,1.5,1.2,2014-08-18,0441,Aqua,MODIS,74,6.2,311.7,26,D,0
-16.897,138.8583,324.4,1.2,1.1,2014-08-18,0441,Aqua,MODIS,71,6.2,310.5,12.6,D,0
-13.9549,142.0744,323.1,2.2,1.4,2014-08-18,0441,Aqua,MODIS,75,6.2,302.7,39.3,D,0
-17.2553,138.7784,324.5,1.2,1.1,2014-08-18,0441,Aqua,MODIS,45,6.2,303.9,14.2,D,0
-17.257,138.7674,352.2,1.2,1.1,2014-08-18,0441,Aqua,MODIS,96,6.2,307.4,71.6,D,0
-17.2473,138.7657,332,1.2,1.1,2014-08-18,0441,Aqua,MODIS,77,6.2,302.7,27,D,0
-17.184,138.9144,327,1.2,1.1,2014-08-18,0441,Aqua,MODIS,58,6.2,309.2,16.6,D,0
-13.9973,142.0611,319,2.2,1.4,2014-08-18,0441,Aqua,MODIS,68,6.2,303.3,27.7,D,0
-17.0519,138.9021,326.3,1.2,1.1,2014-08-18,0441,Aqua,MODIS,74,6.2,306.6,20.2,D,0
-17.2587,138.7564,357.2,1.2,1.1,2014-08-18,0441,Aqua,MODIS,98,6.2,310.8,86.5,D,0
-17.2491,138.7547,342.7,1.2,1.1,2014-08-18,0441,Aqua,MODIS,90,6.2,306.1,48.5,D,0
-16.6553,139.2776,326.8,1.3,1.1,2014-08-18,0441,Aqua,MODIS,75,6.2,306,20.3,D,0
-16.6573,139.2657,327.4,1.3,1.1,2014-08-18,0441,Aqua,MODIS,65,6.2,303.9,20.2,D,0
-16.6472,139.264,325.1,1.3,1.1,2014-08-18,0441,Aqua,MODIS,0,6.2,303.7,18.2,D,0
-16.6389,139.317,320.1,1.3,1.1,2014-08-18,0441,Aqua,MODIS,22,6.2,303.3,12.2,D,0
-16.6464,139.2693,328,1.3,1.1,2014-08-18,0441,Aqua,MODIS,73,6.2,305.2,24,D,0
-13.9531,142.0881,322.2,2.2,1.5,2014-08-18,0441,Aqua,MODIS,73,6.2,301.9,40.4,D,0
-13.9565,142.0677,316.1,2.2,1.4,2014-08-18,0441,Aqua,MODIS,62,6.2,302.8,21.2,D,0
-16.3585,136.0915,326.4,1,1,2014-08-18,0441,Aqua,MODIS,37,6.2,311.9,11.4,D,0
-16.3599,136.0822,337.2,1,1,2014-08-18,0441,Aqua,MODIS,85,6.2,310,26.4,D,0
-17.3491,138.9094,328,1.2,1.1,2014-08-18,0441,Aqua,MODIS,33,6.2,310.9,15.9,D,0
-17.347,138.915,319.7,1.2,1.1,2014-08-18,0441,Aqua,MODIS,45,6.2,308.5,8,D,0
-17.3704,138.9016,333.3,1.2,1.1,2014-08-18,0441,Aqua,MODIS,78,6.2,310,25.5,D,0
-17.3722,138.8905,327.3,1.2,1.1,2014-08-18,0441,Aqua,MODIS,44,6.2,311.5,14.8,D,0
-17.3607,138.8999,354.9,1.2,1.1,2014-08-18,0441,Aqua,MODIS,97,6.2,313.2,75.9,D,0
-17.3464,138.7896,322.1,1.2,1.1,2014-08-18,0441,Aqua,MODIS,60,6.2,310,10,D,0
-17.3174,138.7846,325,1.2,1.1,2014-08-18,0441,Aqua,MODIS,25,6.2,310,12,D,0
-17.306,138.794,324.6,1.2,1.1,2014-08-18,0441,Aqua,MODIS,46,6.2,311.7,10.7,D,0
-17.3077,138.7829,327.4,1.2,1.1,2014-08-18,0441,Aqua,MODIS,66,6.2,308.8,15.8,D,0
-17.298,138.7813,331.1,1.2,1.1,2014-08-18,0441,Aqua,MODIS,41,6.2,307.5,19.1,D,0
-17.2769,138.7889,323.2,1.2,1.1,2014-08-18,0441,Aqua,MODIS,48,6.2,309.3,9,D,0
-17.2786,138.7779,327,1.2,1.1,2014-08-18,0441,Aqua,MODIS,68,6.2,309.8,15.8,D,0
-17.2747,138.7818,332,1.2,1.1,2014-08-18,0441,Aqua,MODIS,73,6.2,309.3,22,D,0
-17.265,138.7801,330.9,1.2,1.1,2014-08-18,0441,Aqua,MODIS,80,6.2,307.3,21.1,D,0
-17.5919,138.392,323.3,1.1,1.1,2014-08-18,0441,Aqua,MODIS,66,6.2,309.2,11.8,D,0
-15.2945,135.1066,322.9,1,1,2014-08-18,0441,Aqua,MODIS,63,6.2,307.5,10.6,D,0
-16.7923,136.9672,325.3,1,1,2014-08-18,0441,Aqua,MODIS,43,6.2,309.9,8.7,D,0
-15.2932,135.1159,322.3,1,1,2014-08-18,0441,Aqua,MODIS,53,6.2,308.6,9.1,D,0
-15.2919,135.1252,348.3,1,1,2014-08-18,0441,Aqua,MODIS,93,6.2,310.5,46.6,D,0
-15.2906,135.1346,337.9,1,1,2014-08-18,0441,Aqua,MODIS,85,6.2,308.8,27.5,D,0
-15.7749,137.0695,329.6,1,1,2014-08-18,0441,Aqua,MODIS,69,6.2,306.4,18.5,D,0
-15.7734,137.0792,326.1,1,1,2014-08-18,0441,Aqua,MODIS,39,6.2,303.3,13.8,D,0
-15.7826,137.0806,324.8,1,1,2014-08-18,0441,Aqua,MODIS,45,6.2,306,13.9,D,0
-17.646,138.9118,321.8,1.2,1.1,2014-08-18,0441,Aqua,MODIS,61,6.2,310.7,10.5,D,0
-17.2173,139.1606,324.8,1.2,1.1,2014-08-18,0441,Aqua,MODIS,52,6.2,308.4,14.6,D,0
-17.2192,139.1491,360.6,1.2,1.1,2014-08-18,0441,Aqua,MODIS,100,6.2,311.6,105.2,D,0
-17.221,139.1376,324.3,1.2,1.1,2014-08-18,0441,Aqua,MODIS,49,6.2,309.4,14.9,D,0
-17.2171,139.1537,348,1.2,1.1,2014-08-18,0441,Aqua,MODIS,88,6.2,310.1,61,D,0
-17.2189,139.1421,339.1,1.2,1.1,2014-08-18,0441,Aqua,MODIS,87,6.2,310.9,40.3,D,0
-17.209,139.1404,332.7,1.2,1.1,2014-08-18,0441,Aqua,MODIS,76,6.2,308.8,27.6,D,0
-13.0776,141.9075,313.3,2.3,1.5,2014-08-18,0442,Aqua,MODIS,47,6.2,299.1,19.3,D,0
-12.5643,132.0906,326.8,1.2,1.1,2014-08-18,0442,Aqua,MODIS,66,6.2,315,10.5,D,0
-12.7692,135.7217,333.1,1,1,2014-08-18,0442,Aqua,MODIS,82,6.2,307.3,21.2,D,0
-12.53,132.6442,329.9,1.2,1.1,2014-08-18,0442,Aqua,MODIS,51,6.2,311.2,15.4,D,0
-12.7679,135.7309,323.6,1,1,2014-08-18,0442,Aqua,MODIS,36,6.2,307.9,8.5,D,0
-12.8857,130.9367,331.2,1.5,1.2,2014-08-18,0442,Aqua,MODIS,45,6.2,312,28.2,D,0
-12.2651,136.5873,345.5,1.1,1,2014-08-18,0442,Aqua,MODIS,92,6.2,306.8,45.9,D,0
-13.5741,141.7656,317.3,2.2,1.4,2014-08-18,0442,Aqua,MODIS,55,6.2,302.2,19.1,D,0
-12.5204,132.6428,330.7,1.2,1.1,2014-08-18,0442,Aqua,MODIS,59,6.2,311.4,16.6,D,0
-12.5179,132.5882,325.3,1.2,1.1,2014-08-18,0442,Aqua,MODIS,53,6.2,313.7,6.4,D,0
-13.6056,141.8119,315.9,2.2,1.4,2014-08-18,0442,Aqua,MODIS,38,6.2,302.1,18.1,D,0
-12.5533,132.0192,344.8,1.3,1.1,2014-08-18,0442,Aqua,MODIS,91,6.2,310.7,56.8,D,0
-12.4295,135.8439,360.2,1,1,2014-08-18,0442,Aqua,MODIS,100,6.2,304.7,79,D,0
-12.7442,135.3824,322.9,1,1,2014-08-18,0442,Aqua,MODIS,44,6.2,310,7.4,D,0
-12.4385,135.8453,329.9,1,1,2014-08-18,0442,Aqua,MODIS,78,6.2,303.2,19.3,D,0
-12.4371,135.8546,351.9,1,1,2014-08-18,0442,Aqua,MODIS,95,6.2,307.8,56.1,D,0
-12.5276,132.5896,332.9,1.2,1.1,2014-08-18,0442,Aqua,MODIS,79,6.2,312.6,18.8,D,0
-12.8658,130.92,354.2,1.5,1.2,2014-08-18,0442,Aqua,MODIS,96,6.2,309.8,102.1,D,0
-12.8675,130.9064,348.3,1.5,1.2,2014-08-18,0442,Aqua,MODIS,93,6.2,307.9,78.4,D,0
-12.8766,130.9215,354,1.5,1.2,2014-08-18,0442,Aqua,MODIS,96,6.2,310.1,99.3,D,0
-12.8431,135.3385,321.8,1,1,2014-08-18,0442,Aqua,MODIS,47,6.2,309,7.1,D,0
-12.888,135.3454,330.4,1,1,2014-08-18,0442,Aqua,MODIS,79,6.2,309.1,15.4,D,0
-12.8354,135.328,342.7,1,1,2014-08-18,0442,Aqua,MODIS,90,6.2,308.5,35.4,D,0
-13.0791,141.8942,315.4,2.3,1.5,2014-08-18,0442,Aqua,MODIS,56,6.2,299.2,25.1,D,0
-12.8736,130.9144,365.1,1.5,1.2,2014-08-18,0442,Aqua,MODIS,100,6.2,311.2,154.1,D,0
-12.8718,130.9281,344,1.5,1.2,2014-08-18,0442,Aqua,MODIS,86,6.2,310.1,64.5,D,0
-12.8854,135.3637,325.9,1,1,2014-08-18,0442,Aqua,MODIS,69,6.2,309.3,10.4,D,0
-12.8153,136.4736,323.8,1,1,2014-08-18,0442,Aqua,MODIS,0,6.2,295.3,16.8,D,0
-12.7184,135.373,326.7,1,1,2014-08-18,0442,Aqua,MODIS,25,6.2,314.1,10.6,D,0
-12.5863,132.0005,329.8,1.3,1.1,2014-08-18,0442,Aqua,MODIS,36,6.2,314,16,D,0
-13.1338,135.7458,337.8,1,1,2014-08-18,0442,Aqua,MODIS,86,6.2,308.5,28.6,D,0
-13.1225,135.7564,319.4,1,1,2014-08-18,0442,Aqua,MODIS,54,6.2,306.4,8,D,0
-13.1087,134.3692,325.1,1,1,2014-08-18,0442,Aqua,MODIS,54,6.2,310.8,9.4,D,0
-11.992,134.729,323.5,1,1,2014-08-18,0442,Aqua,MODIS,58,6.2,305.6,10.5,D,0
-12.7171,135.3822,346.3,1,1,2014-08-18,0442,Aqua,MODIS,92,6.2,313.5,40.1,D,0
-12.1281,136.3236,321,1,1,2014-08-18,0442,Aqua,MODIS,54,6.2,306.6,8.4,D,0
-12.2559,136.586,331.1,1.1,1,2014-08-18,0442,Aqua,MODIS,78,6.2,305.4,19.9,D,0
-12.231,136.5622,325.2,1.1,1,2014-08-18,0442,Aqua,MODIS,58,6.2,303.9,12.6,D,0
-11.8193,130.7761,321.4,1.5,1.2,2014-08-18,0442,Aqua,MODIS,34,6.2,307.6,11.3,D,0
-13.3442,141.876,317.5,2.2,1.4,2014-08-18,0442,Aqua,MODIS,57,6.2,300.4,23.9,D,0
-13.3472,141.8715,315.3,2.2,1.4,2014-08-18,0442,Aqua,MODIS,42,6.2,299.7,18.8,D,0
-12.8444,135.3294,341.7,1,1,2014-08-18,0442,Aqua,MODIS,89,6.2,310.6,33.6,D,0
-12.5963,132.0018,332,1.3,1.1,2014-08-18,0442,Aqua,MODIS,53,6.2,314.4,19,D,0
-13.0159,136.3613,320.6,1,1,2014-08-18,0442,Aqua,MODIS,64,6.2,300.8,11.6,D,0
-11.8449,130.9148,324.5,1.4,1.2,2014-08-18,0442,Aqua,MODIS,71,6.2,307.2,18.4,D,0
-11.6907,132.9901,329.3,1.1,1,2014-08-18,0442,Aqua,MODIS,62,6.2,312.5,16,D,0
-11.9195,130.9567,328.8,1.4,1.2,2014-08-18,0442,Aqua,MODIS,77,6.2,308.9,27.7,D,0
-12.4187,133.9121,331.9,1,1,2014-08-18,0442,Aqua,MODIS,72,6.2,309.4,18.3,D,0
-12.7605,142.161,337.4,2.4,1.5,2014-08-18,0442,Aqua,MODIS,88,6.2,302.5,103.1,D,0
-12.202,134.4102,334.1,1,1,2014-08-18,0442,Aqua,MODIS,78,6.2,310.4,20.4,D,0
-12.47,141.9988,321.4,2.4,1.5,2014-08-18,0442,Aqua,MODIS,55,6.2,293.6,44,D,0
-12.6032,135.9781,376.7,1,1,2014-08-18,0442,Aqua,MODIS,100,6.2,311.1,129.8,D,0
-12.0574,134.1311,332.6,1,1,2014-08-18,0442,Aqua,MODIS,77,6.2,311.5,18.3,D,0
-12.0522,134.1682,328.9,1,1,2014-08-18,0442,Aqua,MODIS,38,6.2,307.3,15.7,D,0
-12.4161,131.1132,342.8,1.4,1.2,2014-08-18,0442,Aqua,MODIS,90,6.2,307.3,60.1,D,0
-12.5368,135.1649,324.7,1,1,2014-08-18,0442,Aqua,MODIS,57,6.2,310.4,10.5,D,0
-12.193,134.4089,335.6,1,1,2014-08-18,0442,Aqua,MODIS,76,6.2,310,21.5,D,0
-12.7478,132.0114,343.6,1.3,1.1,2014-08-18,0442,Aqua,MODIS,89,6.2,311.3,46.9,D,0
-12.7406,132.4448,336.9,1.2,1.1,2014-08-18,0442,Aqua,MODIS,77,6.2,312.2,27.1,D,0
-12.051,134.1112,330.2,1,1,2014-08-18,0442,Aqua,MODIS,74,6.2,309.8,15.4,D,0
-12.6177,135.9422,359.1,1,1,2014-08-18,0442,Aqua,MODIS,99,6.2,311.1,72,D,0
-12.3128,134.1493,334.3,1,1,2014-08-18,0442,Aqua,MODIS,81,6.2,307.7,24.4,D,0
-12.314,133.612,328.8,1.1,1,2014-08-18,0442,Aqua,MODIS,70,6.2,315.1,12.4,D,0
-12.3309,134.152,360.4,1,1,2014-08-18,0442,Aqua,MODIS,100,6.2,312.1,75.4,D,0
-12.1937,133.5498,333.8,1.1,1,2014-08-18,0442,Aqua,MODIS,41,6.2,314.6,16.9,D,0
-13.1412,134.3358,336.7,1,1,2014-08-18,0442,Aqua,MODIS,84,6.2,310.6,25.9,D,0
-12.6741,135.9279,335.6,1,1,2014-08-18,0442,Aqua,MODIS,77,6.2,307.1,24.1,D,0
-12.7197,136.2484,324.8,1,1,2014-08-18,0442,Aqua,MODIS,54,6.2,304,12.2,D,0
-12.7288,136.2498,324.2,1,1,2014-08-18,0442,Aqua,MODIS,46,6.2,304.4,11.7,D,0
-12.6651,135.9265,359.1,1,1,2014-08-18,0442,Aqua,MODIS,99,6.2,308.7,73.4,D,0
-12.8427,136.351,346.1,1,1,2014-08-18,0442,Aqua,MODIS,92,6.2,303.7,48.3,D,0
-13.1425,134.3265,326,1,1,2014-08-18,0442,Aqua,MODIS,63,6.2,310.3,11.7,D,0
-12.9461,135.9603,339.7,1,1,2014-08-18,0442,Aqua,MODIS,83,6.2,305.5,31.2,D,0
-12.7028,132.1154,328.6,1.2,1.1,2014-08-18,0442,Aqua,MODIS,55,6.2,312,16.7,D,0
-12.6109,135.9889,357.9,1,1,2014-08-18,0442,Aqua,MODIS,99,6.2,309.7,67.9,D,0
-12.7505,142.1867,323.1,2.4,1.5,2014-08-18,0442,Aqua,MODIS,38,6.2,300.8,33.9,D,0
-12.3861,133.8783,324.4,1,1,2014-08-18,0442,Aqua,MODIS,14,6.2,308.6,10.4,D,0
-12.5094,134.1906,335.1,1,1,2014-08-18,0442,Aqua,MODIS,82,6.2,308.1,23.5,D,0
-12.6818,135.9386,342.2,1,1,2014-08-18,0442,Aqua,MODIS,88,6.2,307.4,33.8,D,0
-12.7569,142.1828,334.8,2.4,1.5,2014-08-18,0442,Aqua,MODIS,86,6.2,301.2,86.9,D,0
-12.4579,133.8309,339.5,1,1,2014-08-18,0442,Aqua,MODIS,71,6.2,309.4,30.9,D,0
-11.9881,134.7564,323.9,1,1,2014-08-18,0442,Aqua,MODIS,52,6.2,305.5,11.5,D,0
-12.1964,133.5305,334.6,1.1,1,2014-08-18,0442,Aqua,MODIS,69,6.2,317.4,18.1,D,0
-12.6066,135.6376,328.8,1,1,2014-08-18,0442,Aqua,MODIS,59,6.2,305.1,16.6,D,0
-12.6004,135.9968,353,1,1,2014-08-18,0442,Aqua,MODIS,96,6.2,308.7,58.2,D,0
-12.9401,136.3824,324.5,1,1,2014-08-18,0442,Aqua,MODIS,72,6.2,297,15.8,D,0
-12.18,135.9102,336.8,1,1,2014-08-18,0442,Aqua,MODIS,80,6.2,308.5,28.7,D,0
-13.1969,135.7554,343.7,1,1,2014-08-18,0442,Aqua,MODIS,90,6.2,307.1,38.5,D,0
-12.751,135.2712,321.6,1,1,2014-08-18,0442,Aqua,MODIS,63,6.2,309.5,7.7,D,0
-12.7219,135.7268,340.5,1,1,2014-08-18,0442,Aqua,MODIS,88,6.2,307.8,31.1,D,0
-12.4084,131.4979,324.2,1.3,1.1,2014-08-18,0442,Aqua,MODIS,51,6.2,309.9,16.4,D,0
-12.2645,136.5276,319.1,1.1,1,2014-08-18,0442,Aqua,MODIS,48,6.2,305.2,7.8,D,0
-13.0583,130.9303,325,1.5,1.2,2014-08-18,0442,Aqua,MODIS,54,6.2,314,15.7,D,0
-12.7678,132.0144,366.3,1.3,1.1,2014-08-18,0442,Aqua,MODIS,100,6.2,310.4,125,D,0
-12.7074,132.0812,323.8,1.2,1.1,2014-08-18,0442,Aqua,MODIS,50,6.2,311.9,8.9,D,0
-12.6182,135.4259,327.9,1,1,2014-08-18,0442,Aqua,MODIS,75,6.2,308.3,13.7,D,0
-12.6974,132.0798,339.7,1.2,1.1,2014-08-18,0442,Aqua,MODIS,86,6.2,311.4,37.3,D,0
-12.7083,135.6303,317.6,1,1,2014-08-18,0442,Aqua,MODIS,16,6.2,304.9,5.4,D,0
-12.707,135.6396,319.8,1,1,2014-08-18,0442,Aqua,MODIS,25,6.2,306.7,6.9,D,0
-11.9457,133.2068,328.5,1.1,1,2014-08-18,0442,Aqua,MODIS,59,6.2,316.3,9.9,D,0
-12.0497,134.1205,339.8,1,1,2014-08-18,0442,Aqua,MODIS,86,6.2,310.8,28.9,D,0
-12.5619,134.204,328.5,1,1,2014-08-18,0442,Aqua,MODIS,74,6.2,311.2,12.4,D,0
-12.5878,135.9567,336.3,1,1,2014-08-18,0442,Aqua,MODIS,72,6.2,309.4,24.2,D,0
-12.3966,133.13,351.5,1.1,1,2014-08-18,0442,Aqua,MODIS,95,6.2,309.7,59.6,D,0
-12.1595,133.4692,328.3,1.1,1,2014-08-18,0442,Aqua,MODIS,46,6.2,311.3,11.4,D,0
-12.5891,135.9474,348.4,1,1,2014-08-18,0442,Aqua,MODIS,93,6.2,308.3,46.9,D,0
-12.2208,134.4101,332.7,1,1,2014-08-18,0442,Aqua,MODIS,47,6.2,307.6,17.9,D,0
-12.6358,135.9451,338.5,1,1,2014-08-18,0442,Aqua,MODIS,87,6.2,309.9,29,D,0
-12.6986,135.9507,339.1,1,1,2014-08-18,0442,Aqua,MODIS,87,6.2,310.5,28.2,D,0
-14.4931,134.854,327.9,1,1,2014-08-18,0442,Aqua,MODIS,69,6.2,312.6,13.7,D,0
-11.7011,133.1235,318.6,1.1,1,2014-08-18,0442,Aqua,MODIS,57,6.2,307.2,8.1,D,0
-12.2907,133.371,330.4,1.1,1,2014-08-18,0442,Aqua,MODIS,76,6.2,315.2,13.7,D,0
-12.2666,136.7547,319,1.1,1,2014-08-18,0442,Aqua,MODIS,23,6.2,305,9.3,D,0
-12.7362,132.4775,328.7,1.2,1.1,2014-08-18,0442,Aqua,MODIS,48,6.2,311.1,16.5,D,0
-12.1846,134.6673,324.3,1,1,2014-08-18,0442,Aqua,MODIS,63,6.2,306.4,11.4,D,0
-12.6574,135.9158,361.2,1,1,2014-08-18,0442,Aqua,MODIS,100,6.2,305,81.7,D,0
-12.619,135.9329,368.2,1,1,2014-08-18,0442,Aqua,MODIS,100,6.2,308,100.8,D,0
-12.6279,135.2309,337.5,1,1,2014-08-18,0442,Aqua,MODIS,86,6.2,310.4,25.4,D,0
-12.1295,134.7273,323.6,1,1,2014-08-18,0442,Aqua,MODIS,54,6.2,305.2,9.8,D,0
-12.41,131.4856,325.4,1.3,1.1,2014-08-18,0442,Aqua,MODIS,62,6.2,311.3,18,D,0
-12.6281,135.9343,351,1,1,2014-08-18,0442,Aqua,MODIS,95,6.2,307.4,54.3,D,0
-12.8697,131.4784,338.2,1.4,1.2,2014-08-18,0442,Aqua,MODIS,85,6.2,312.6,37.7,D,0
-13.1352,135.7365,337.5,1,1,2014-08-18,0442,Aqua,MODIS,86,6.2,304.1,28.6,D,0
-12.3296,134.1613,348.1,1,1,2014-08-18,0442,Aqua,MODIS,93,6.2,315.1,45.4,D,0
-12.3218,134.1507,347.8,1,1,2014-08-18,0442,Aqua,MODIS,93,6.2,310.9,46.4,D,0
-12.2466,134.4233,325.8,1,1,2014-08-18,0442,Aqua,MODIS,56,6.2,309,10.8,D,0
-13.2072,135.7476,329.1,1,1,2014-08-18,0442,Aqua,MODIS,40,6.2,306.2,16.1,D,0
-12.1592,133.1279,344.2,1.1,1,2014-08-18,0442,Aqua,MODIS,90,6.2,315.7,36.8,D,0
-11.6998,133.1334,318.3,1.1,1,2014-08-18,0442,Aqua,MODIS,44,6.2,305.4,8.1,D,0
-12.6664,135.9172,401.4,1,1,2014-08-18,0442,Aqua,MODIS,100,6.2,314.1,257.2,D,0
-12.4658,133.8417,365.8,1,1,2014-08-18,0442,Aqua,MODIS,100,6.2,312.9,93,D,0
-12.6122,135.9795,330.8,1,1,2014-08-18,0442,Aqua,MODIS,79,6.2,307.6,15.6,D,0
-12.6333,136.017,337.9,1,1,2014-08-18,0442,Aqua,MODIS,86,6.2,307.8,27.3,D,0
-12.649,135.6629,326,1,1,2014-08-18,0442,Aqua,MODIS,52,6.2,306.7,12,D,0
-12.0216,133.6008,328.9,1,1,2014-08-18,0442,Aqua,MODIS,41,6.2,316.1,10.5,D,0
-12.0952,134.3887,321.8,1,1,2014-08-18,0442,Aqua,MODIS,37,6.2,306.2,8.7,D,0
-12.1308,134.7181,320.2,1,1,2014-08-18,0442,Aqua,MODIS,36,6.2,304.3,7,D,0
-12.6267,135.9436,374.2,1,1,2014-08-18,0442,Aqua,MODIS,100,6.2,312.4,120.8,D,0
-12.3782,133.8811,325.7,1,1,2014-08-18,0442,Aqua,MODIS,58,6.2,307.9,12.8,D,0
-12.0588,134.1218,325.4,1,1,2014-08-18,0442,Aqua,MODIS,49,6.2,309.6,9.1,D,0
-12.716,135.6409,321.6,1,1,2014-08-18,0442,Aqua,MODIS,51,6.2,305.7,8.6,D,0
-12.8441,136.3415,326.3,1,1,2014-08-18,0442,Aqua,MODIS,75,6.2,301.9,16.4,D,0
-12.7155,136.2768,328.1,1,1,2014-08-18,0442,Aqua,MODIS,77,6.2,307.1,16.5,D,0
-12.5457,135.1662,329.6,1,1,2014-08-18,0442,Aqua,MODIS,77,6.2,309.3,15,D,0
-12.8801,131.4799,328.4,1.4,1.2,2014-08-18,0442,Aqua,MODIS,33,6.2,312.2,16.5,D,0
-12.7273,132.0905,327.1,1.2,1.1,2014-08-18,0442,Aqua,MODIS,55,6.2,313.6,14.1,D,0
-12.9464,136.3892,357.9,1,1,2014-08-18,0442,Aqua,MODIS,99,6.2,302.8,76.6,D,0
-12.6413,135.6523,328.8,1,1,2014-08-18,0442,Aqua,MODIS,56,6.2,305.6,15.2,D,0
-12.1943,134.3997,334.2,1,1,2014-08-18,0442,Aqua,MODIS,76,6.2,307.9,20.6,D,0
-13.1752,135.7144,326,1,1,2014-08-18,0442,Aqua,MODIS,46,6.2,305.8,13.2,D,0
-12.1512,133.1165,336.3,1.1,1,2014-08-18,0442,Aqua,MODIS,61,6.2,313.2,22.2,D,0
-12.5256,134.1987,366.3,1,1,2014-08-18,0442,Aqua,MODIS,100,6.2,315.1,90.1,D,0
-12.2353,135.465,326.3,1,1,2014-08-18,0442,Aqua,MODIS,69,6.2,309,12,D,0
-12.1814,135.9009,342.7,1,1,2014-08-18,0442,Aqua,MODIS,78,6.2,305.6,37.7,D,0
-12.6371,135.9357,327,1,1,2014-08-18,0442,Aqua,MODIS,66,6.2,307.5,14.5,D,0
-12.4488,133.8294,339.4,1,1,2014-08-18,0442,Aqua,MODIS,84,6.2,307.8,32.6,D,0
-12.3386,134.1626,326.7,1,1,2014-08-18,0442,Aqua,MODIS,66,6.2,312.6,11,D,0
-12.3644,136.7755,326,1.1,1,2014-08-18,0442,Aqua,MODIS,73,6.2,304,16.4,D,0
-12.7274,136.2592,354,1,1,2014-08-18,0442,Aqua,MODIS,97,6.2,308.4,63.1,D,0
-12.3115,134.1586,342.2,1,1,2014-08-18,0442,Aqua,MODIS,89,6.2,310.4,37,D,0
-12.7308,132.4435,330.4,1.2,1.1,2014-08-18,0442,Aqua,MODIS,70,6.2,311.3,18.2,D,0
-12.0939,134.3979,321.4,1,1,2014-08-18,0442,Aqua,MODIS,29,6.2,307.6,8.9,D,0
-12.6323,135.6509,336.3,1,1,2014-08-18,0442,Aqua,MODIS,72,6.2,306.2,24.2,D,0
-12.9645,142.0165,321.7,2.3,1.5,2014-08-18,0442,Aqua,MODIS,17,6.2,304.2,24.6,D,0
-12.9387,136.3919,336.2,1,1,2014-08-18,0442,Aqua,MODIS,85,6.2,298.5,31.9,D,0
-12.5797,135.6927,323.8,1,1,2014-08-18,0442,Aqua,MODIS,57,6.2,306.7,9.6,D,0
-12.7391,132.4557,368,1.2,1.1,2014-08-18,0442,Aqua,MODIS,100,6.2,314.2,119.5,D,0
-12.4177,135.861,325.5,1,1,2014-08-18,0442,Aqua,MODIS,41,6.2,305,12.5,D,0
-12.016,134.1629,334.3,1,1,2014-08-18,0442,Aqua,MODIS,75,6.2,312,20.4,D,0
-12.5927,135.9861,359.3,1,1,2014-08-18,0442,Aqua,MODIS,99,6.2,308.2,73.7,D,0
-12.7294,132.4544,334.5,1.2,1.1,2014-08-18,0442,Aqua,MODIS,77,6.2,315.6,24.6,D,0
-12.956,142.01,321.2,2.3,1.5,2014-08-18,0442,Aqua,MODIS,36,6.2,303.9,24.2,D,0
-12.7642,142.1393,323.8,2.4,1.5,2014-08-18,0442,Aqua,MODIS,72,6.2,300.7,39.7,D,0
-12.1578,133.1378,332.2,1.1,1,2014-08-18,0442,Aqua,MODIS,48,6.2,313.4,16,D,0
-12.672,135.6947,329.8,1,1,2014-08-18,0442,Aqua,MODIS,65,6.2,309.4,14,D,0
-12.6195,135.4168,323.3,1,1,2014-08-18,0442,Aqua,MODIS,56,6.2,311,8.1,D,0
-13.0279,141.9629,318.4,2.3,1.5,2014-08-18,0442,Aqua,MODIS,60,6.2,301.4,28.1,D,0
-12.6081,136.0076,323.8,1,1,2014-08-18,0442,Aqua,MODIS,28,6.2,306.6,9.8,D,0
-12.7578,132.0129,386.1,1.3,1.1,2014-08-18,0442,Aqua,MODIS,100,6.2,315.3,230.6,D,0
-12.33,134.6104,324.9,1,1,2014-08-18,0442,Aqua,MODIS,52,6.2,310.8,9.5,D,0
-12.0432,134.1669,332.5,1,1,2014-08-18,0442,Aqua,MODIS,73,6.2,308,18.3,D,0
-12.7677,142.1674,330.3,2.4,1.5,2014-08-18,0442,Aqua,MODIS,76,6.2,300,65.7,D,0
-12.7663,132.0258,394.1,1.3,1.1,2014-08-18,0442,Aqua,MODIS,100,6.2,319.9,286,D,0
-12.7233,135.7175,334.7,1,1,2014-08-18,0442,Aqua,MODIS,83,6.2,309,23.1,D,0
-12.2651,136.7645,320.4,1.1,1,2014-08-18,0442,Aqua,MODIS,45,6.2,304.5,10.6,D,0
-12.9449,136.3987,333.6,1,1,2014-08-18,0442,Aqua,MODIS,83,6.2,297.8,26.6,D,0
-12.4055,131.1117,354.2,1.4,1.2,2014-08-18,0442,Aqua,MODIS,97,6.2,309.1,99.2,D,0
-12.5412,134.1532,329.8,1,1,2014-08-18,0442,Aqua,MODIS,76,6.2,311.6,14.6,D,0
-12.7064,136.2754,359.2,1,1,2014-08-18,0442,Aqua,MODIS,99,6.2,308.4,77.2,D,0
-12.7078,136.2659,343.9,1,1,2014-08-18,0442,Aqua,MODIS,91,6.2,307.6,40.2,D,0
-12.5914,135.9954,326.9,1,1,2014-08-18,0442,Aqua,MODIS,53,6.2,304.3,14.3,D,0
-12.663,135.6933,356,1,1,2014-08-18,0442,Aqua,MODIS,98,6.2,310.4,61.4,D,0
-12.7183,136.2578,341.3,1,1,2014-08-18,0442,Aqua,MODIS,89,6.2,305.5,36.3,D,0
-12.61,135.9315,326.2,1,1,2014-08-18,0442,Aqua,MODIS,48,6.2,302.3,13.7,D,0
-12.6292,135.2218,333.1,1,1,2014-08-18,0442,Aqua,MODIS,81,6.2,310.7,19.1,D,0
-12.3664,136.6354,324.2,1.1,1,2014-08-18,0442,Aqua,MODIS,68,6.2,304.6,13.5,D,0
-12.5347,134.2,331.7,1,1,2014-08-18,0442,Aqua,MODIS,77,6.2,313.2,14.4,D,0
-12.7043,132.1041,336.5,1.2,1.1,2014-08-18,0442,Aqua,MODIS,83,6.2,313.9,31.1,D,0
-12.7563,132.0244,340.5,1.3,1.1,2014-08-18,0442,Aqua,MODIS,81,6.2,313.9,37.8,D,0
-12.1642,134.6764,334.8,1,1,2014-08-18,0442,Aqua,MODIS,82,6.2,308.9,24.6,D,0
-12.6959,132.0913,344.1,1.2,1.1,2014-08-18,0442,Aqua,MODIS,90,6.2,314.1,46.7,D,0
-12.2007,134.4194,334.8,1,1,2014-08-18,0442,Aqua,MODIS,79,6.2,307.7,20.7,D,0
-12.3205,134.16,335.1,1,1,2014-08-18,0442,Aqua,MODIS,80,6.2,313.6,23.5,D,0
-12.283,134.0305,335.1,1,1,2014-08-18,0442,Aqua,MODIS,82,6.2,314.4,21.4,D,0
-12.481,135.8004,319.2,1,1,2014-08-18,0442,Aqua,MODIS,53,6.2,303.5,7.5,D,0
-12.4281,135.8531,376.1,1,1,2014-08-18,0442,Aqua,MODIS,100,6.2,309.1,129.6,D,0
-12.0168,136.2745,316.3,1,1,2014-08-18,0442,Aqua,MODIS,0,6.2,302.9,5.9,D,0
-12.7059,132.0926,336.5,1.2,1.1,2014-08-18,0442,Aqua,MODIS,83,6.2,313.4,30.7,D,0
-12.1732,134.6778,327.5,1,1,2014-08-18,0442,Aqua,MODIS,72,6.2,309.1,15.5,D,0
-12.5787,135.9553,326.3,1,1,2014-08-18,0442,Aqua,MODIS,18,6.2,306.5,12.8,D,0
-12.5941,135.9767,363.8,1,1,2014-08-18,0442,Aqua,MODIS,100,6.2,310.1,85.2,D,0
-12.1832,133.5581,330.7,1.1,1,2014-08-18,0442,Aqua,MODIS,49,6.2,314,13.6,D,0
-12.6449,135.4368,357.3,1,1,2014-08-18,0442,Aqua,MODIS,98,6.2,311.8,64.7,D,0
-12.3952,133.1402,351.1,1.1,1,2014-08-18,0442,Aqua,MODIS,95,6.2,311.4,58.1,D,0
-12.2726,134.0385,326,1,1,2014-08-18,0442,Aqua,MODIS,60,6.2,313.4,8.7,D,0
-12.7607,135.7138,328.6,1,1,2014-08-18,0442,Aqua,MODIS,73,6.2,308.5,15,D,0
-12.7543,142.1649,329.1,2.4,1.5,2014-08-18,0442,Aqua,MODIS,81,6.2,302.8,60,D,0
-12.4038,131.1247,328.4,1.4,1.2,2014-08-18,0442,Aqua,MODIS,70,6.2,311.2,22.6,D,0
-12.5198,134.1826,322.1,1,1,2014-08-18,0442,Aqua,MODIS,50,6.2,309.4,6.9,D,0
-12.0561,134.1404,330.3,1,1,2014-08-18,0442,Aqua,MODIS,63,6.2,309.1,14.8,D,0
-12.958,132.1929,330.4,1.2,1.1,2014-08-18,0442,Aqua,MODIS,74,6.2,312.2,16.2,D,0
-12.6018,135.9875,374.2,1,1,2014-08-18,0442,Aqua,MODIS,100,6.2,312.4,120.4,D,0
-12.5185,134.1919,335.9,1,1,2014-08-18,0442,Aqua,MODIS,83,6.2,312.5,25,D,0
-12.321,134.6091,368.9,1,1,2014-08-18,0442,Aqua,MODIS,100,6.2,312.2,99.8,D,0
-12.4096,133.9108,327.9,1,1,2014-08-18,0442,Aqua,MODIS,60,6.2,309.5,13.5,D,0
-12.0182,136.265,329.9,1,1,2014-08-18,0442,Aqua,MODIS,63,6.2,305.2,20.1,D,0
-12.4368,131.0361,325.3,1.4,1.2,2014-08-18,0442,Aqua,MODIS,64,6.2,311.5,18.7,D,0
-12.6644,135.6841,339.2,1,1,2014-08-18,0442,Aqua,MODIS,87,6.2,307.7,27.9,D,0
-12.6728,142.0482,322.4,2.4,1.5,2014-08-18,0442,Aqua,MODIS,60,6.2,303.5,33.5,D,0
-14.4374,134.9881,328.2,1,1,2014-08-18,0442,Aqua,MODIS,72,6.2,308.9,14.8,D,0
-12.1696,136.4874,321.3,1.1,1,2014-08-18,0442,Aqua,MODIS,55,6.2,305.9,10.5,D,0
-12.3997,131.4842,343.5,1.3,1.1,2014-08-18,0442,Aqua,MODIS,90,6.2,310.4,57.3,D,0
-12.3848,133.8878,342.4,1,1,2014-08-18,0442,Aqua,MODIS,89,6.2,311.4,36.9,D,0
-12.4144,131.1262,348.7,1.4,1.2,2014-08-18,0442,Aqua,MODIS,94,6.2,311.2,78.3,D,0
-12.1833,134.6765,340.8,1,1,2014-08-18,0442,Aqua,MODIS,88,6.2,308.6,34.2,D,0
-12.2325,136.5524,319.7,1.1,1,2014-08-18,0442,Aqua,MODIS,21,6.2,303.1,7,D,0
-12.6233,135.6495,329.1,1,1,2014-08-18,0442,Aqua,MODIS,54,6.2,306.4,15,D,0
-11.9894,134.7473,332.3,1,1,2014-08-18,0442,Aqua,MODIS,78,6.2,306.3,21.2,D,0
-12.6567,135.6735,327.8,1,1,2014-08-18,0442,Aqua,MODIS,40,6.2,307.1,13.1,D,0
-14.7265,134.4974,371.8,1,1,2014-08-18,0442,Aqua,MODIS,100,6.2,315.6,114.1,D,0
-12.0535,134.159,335.8,1,1,2014-08-18,0442,Aqua,MODIS,70,6.2,311.1,24.4,D,0
-12.5071,134.724,328.6,1,1,2014-08-18,0442,Aqua,MODIS,75,6.2,311,12,D,0
-12.0716,134.6849,328.1,1,1,2014-08-18,0442,Aqua,MODIS,62,6.2,308.3,14.1,D,0
-12.6053,135.6468,334.7,1,1,2014-08-18,0442,Aqua,MODIS,79,6.2,308.6,24,D,0
-12.6263,136.0104,326.3,1,1,2014-08-18,0442,Aqua,MODIS,45,6.2,306.9,12.7,D,0
-12.6157,135.6389,323.9,1,1,2014-08-18,0442,Aqua,MODIS,48,6.2,304,10.9,D,0
-14.7278,134.4879,337.1,1,1,2014-08-18,0442,Aqua,MODIS,85,6.2,312.7,26.7,D,0
-12.3981,131.4965,337.6,1.3,1.1,2014-08-18,0442,Aqua,MODIS,85,6.2,308.9,42.2,D,0
-12.5444,135.1754,329.6,1,1,2014-08-18,0442,Aqua,MODIS,77,6.2,309.4,14.3,D,0
-12.3769,133.8906,329.3,1,1,2014-08-18,0442,Aqua,MODIS,74,6.2,308.2,17.2,D,0
-12.4722,133.862,327.3,1,1,2014-08-18,0442,Aqua,MODIS,56,6.2,310.1,11.4,D,0
-14.3578,129.6521,321,1.9,1.4,2014-08-18,0442,Aqua,MODIS,35,6.2,308,18.2,D,0
-12.4116,130.6115,321.3,1.5,1.2,2014-08-18,0442,Aqua,MODIS,47,6.2,307.9,21.8,D,0
-15.5061,129.0676,319,2.2,1.4,2014-08-18,0442,Aqua,MODIS,38,6.2,309,19.6,D,0
-14.39,129.6924,321.3,1.9,1.4,2014-08-18,0442,Aqua,MODIS,46,6.2,308.6,19,D,0
-14.3811,129.6968,323.7,1.9,1.4,2014-08-18,0442,Aqua,MODIS,61,6.2,309.3,23.6,D,0
-15.5038,129.0882,324.6,2.2,1.4,2014-08-18,0442,Aqua,MODIS,71,6.2,308.3,38.3,D,0
-15.5168,129.09,319.1,2.2,1.4,2014-08-18,0442,Aqua,MODIS,23,6.2,308,20.3,D,0
-14.3923,129.6745,322,1.9,1.4,2014-08-18,0442,Aqua,MODIS,55,6.2,308,21.4,D,0
-13.6426,130.6396,322.3,1.6,1.2,2014-08-18,0442,Aqua,MODIS,38,6.2,311.8,17.2,D,0
-14.0316,130.0777,328.1,1.8,1.3,2014-08-18,0442,Aqua,MODIS,65,6.2,310.5,31.2,D,0
-13.9037,130.0894,337.9,1.8,1.3,2014-08-18,0442,Aqua,MODIS,85,6.2,308.4,65.5,D,0
-13.8962,130.0817,323.5,1.8,1.3,2014-08-18,0442,Aqua,MODIS,33,6.2,307.6,19.3,D,0
-14.8304,128.5021,319.4,2.4,1.5,2014-08-18,0442,Aqua,MODIS,32,6.2,306.3,24,D,0
-14.8438,128.5038,318.7,2.4,1.5,2014-08-18,0442,Aqua,MODIS,35,6.2,305,20,D,0
-15.1472,126.0892,323.1,3.7,1.8,2014-08-18,0442,Aqua,MODIS,70,6.2,307.8,77.6,D,0
-15.1506,126.0549,320.3,3.8,1.8,2014-08-18,0442,Aqua,MODIS,59,6.2,306.5,57.9,D,0
-15.1567,126.0864,326.4,3.7,1.8,2014-08-18,0442,Aqua,MODIS,76,6.2,305.9,103.9,D,0
-15.3139,130.4986,325.8,1.7,1.3,2014-08-18,0442,Aqua,MODIS,52,6.2,315.5,23,D,0
-14.0025,132.0723,328.1,1.3,1.1,2014-08-18,0442,Aqua,MODIS,38,6.2,312.4,18.3,D,0
-15.4074,129.1314,320.9,2.2,1.4,2014-08-18,0442,Aqua,MODIS,29,6.2,306.3,24.7,D,0
-12.3964,132.35,331.7,1.2,1.1,2014-08-18,0442,Aqua,MODIS,69,6.2,310.4,23.6,D,0
-14.3334,132.6547,327.7,1.2,1.1,2014-08-18,0442,Aqua,MODIS,72,6.2,315.1,14.7,D,0
-12.4572,132.1267,331.2,1.2,1.1,2014-08-18,0442,Aqua,MODIS,77,6.2,311.3,27.8,D,0
-15.4519,129.1986,321.9,2.2,1.4,2014-08-18,0442,Aqua,MODIS,32,6.2,307.6,24.6,D,0
-15.4533,129.1856,328.4,2.2,1.4,2014-08-18,0442,Aqua,MODIS,77,6.2,307.7,47.3,D,0
-14.0547,132.0617,343.1,1.3,1.1,2014-08-18,0442,Aqua,MODIS,89,6.2,307.6,49.5,D,0
-14.0649,132.0632,367.9,1.3,1.1,2014-08-18,0442,Aqua,MODIS,100,6.2,315,137.3,D,0
-14.075,132.0647,341.5,1.3,1.1,2014-08-18,0442,Aqua,MODIS,84,6.2,312.1,40.3,D,0
-14.0734,132.0768,337.5,1.3,1.1,2014-08-18,0442,Aqua,MODIS,59,6.2,314.4,27.9,D,0
-14.0259,130.0269,339.6,1.8,1.3,2014-08-18,0442,Aqua,MODIS,87,6.2,306.9,75.1,D,0
-14.014,130.0256,380.6,1.8,1.3,2014-08-18,0442,Aqua,MODIS,100,6.2,310.7,345.9,D,0
-14.016,130.009,329.2,1.8,1.3,2014-08-18,0442,Aqua,MODIS,72,6.2,302.9,45.9,D,0
-14.043,129.6831,320,1.9,1.3,2014-08-18,0442,Aqua,MODIS,37,6.2,306.3,20.5,D,0
-14.0336,130.0612,339.6,1.8,1.3,2014-08-18,0442,Aqua,MODIS,87,6.2,310,68.7,D,0
-14.0218,130.0598,381.4,1.8,1.3,2014-08-18,0442,Aqua,MODIS,100,6.2,309.9,342.9,D,0
-14.0239,130.0433,366.4,1.8,1.3,2014-08-18,0442,Aqua,MODIS,100,6.2,310.2,216.6,D,0
-14.012,130.0419,377.9,1.8,1.3,2014-08-18,0442,Aqua,MODIS,100,6.2,308.2,317.1,D,0
-15.4543,129.1785,322.9,2.2,1.4,2014-08-18,0442,Aqua,MODIS,48,6.2,308.2,27.2,D,0
-12.3551,136.774,326.1,1.1,1,2014-08-18,0442,Aqua,MODIS,74,6.2,304.5,16,D,0
-13.7622,131.9541,324.7,1.3,1.1,2014-08-18,0442,Aqua,MODIS,40,6.2,312.5,10.8,D,0
-12.3536,136.784,323.4,1.1,1,2014-08-18,0442,Aqua,MODIS,65,6.2,303,12.3,D,0
-12.3288,136.7846,330.7,1.1,1,2014-08-18,0442,Aqua,MODIS,80,6.2,304.9,23.2,D,0
-12.2702,136.489,317.2,1.1,1,2014-08-18,0442,Aqua,MODIS,30,6.2,304,5.9,D,0
-13.1924,132.2661,324.5,1.2,1.1,2014-08-18,0442,Aqua,MODIS,49,6.2,313.7,10.5,D,0
-14.1542,136.4459,333.7,1,1,2014-08-18,0442,Aqua,MODIS,0,6.2,304.2,24.8,D,0
-14.1501,136.4742,316.6,1,1,2014-08-18,0442,Aqua,MODIS,26,6.2,303.9,6.7,D,0
-14.1633,136.4473,319.3,1,1,2014-08-18,0442,Aqua,MODIS,42,6.2,302.6,8.4,D,0
-12.1405,133.0537,335.6,1.1,1,2014-08-18,0442,Aqua,MODIS,64,6.2,306.7,27.2,D,0
-12.1513,133.0449,361.2,1.1,1,2014-08-18,0442,Aqua,MODIS,100,6.2,307.1,91.1,D,0
-12.1499,133.055,374.1,1.1,1,2014-08-18,0442,Aqua,MODIS,100,6.2,312.8,136.1,D,0
-12.1486,133.0651,330.5,1.1,1,2014-08-18,0442,Aqua,MODIS,23,6.2,310.8,18.3,D,0
-12.1472,133.0751,332.3,1.1,1,2014-08-18,0442,Aqua,MODIS,42,6.2,312.6,19.4,D,0
-12.158,133.0664,355.7,1.1,1,2014-08-18,0442,Aqua,MODIS,93,6.2,310,69.1,D,0
-13.1568,132.307,325.5,1.2,1.1,2014-08-18,0442,Aqua,MODIS,52,6.2,314,9.7,D,0
-13.1553,132.3183,326.1,1.2,1.1,2014-08-18,0442,Aqua,MODIS,54,6.2,312.9,10.9,D,0
-13.1666,132.3086,343.4,1.2,1.1,2014-08-18,0442,Aqua,MODIS,89,6.2,313.1,44.2,D,0
-13.1652,132.3198,332.7,1.2,1.1,2014-08-18,0442,Aqua,MODIS,69,6.2,311.3,21.9,D,0
-13.8288,136.535,316.1,1,1,2014-08-18,0442,Aqua,MODIS,47,6.2,303,7.2,D,0
-12.1264,136.2777,316.9,1,1,2014-08-18,0442,Aqua,MODIS,21,6.2,303.8,5.3,D,0
-12.1849,136.5549,327.2,1.1,1,2014-08-18,0442,Aqua,MODIS,75,6.2,306,14.5,D,0
-13.0505,132.423,339.5,1.2,1.1,2014-08-18,0442,Aqua,MODIS,86,6.2,311,38.2,D,0
-12.7605,132.6073,330.8,1.2,1.1,2014-08-18,0442,Aqua,MODIS,64,6.2,310.9,24.2,D,0
-12.6783,132.1466,328.5,1.2,1.1,2014-08-18,0442,Aqua,MODIS,54,6.2,314,15,D,0
-12.2023,136.4391,332.5,1.1,1,2014-08-18,0442,Aqua,MODIS,32,6.2,304,21.5,D,0
-12.1907,136.5162,319,1.1,1,2014-08-18,0442,Aqua,MODIS,37,6.2,304.4,6.1,D,0
-11.7713,132.9608,325.2,1.1,1,2014-08-18,0442,Aqua,MODIS,78,6.2,309.9,13.8,D,0
-11.7699,132.9708,328.6,1.1,1,2014-08-18,0442,Aqua,MODIS,82,6.2,310.1,18.9,D,0
-11.7768,132.9569,335.6,1.1,1,2014-08-18,0442,Aqua,MODIS,33,6.2,308.2,24.9,D,0
-11.7754,132.9669,375.5,1.1,1,2014-08-18,0442,Aqua,MODIS,100,6.2,315.8,139.6,D,0
-11.7741,132.977,333.9,1.1,1,2014-08-18,0442,Aqua,MODIS,57,6.2,310.3,22.3,D,0
-11.7889,132.9381,325.7,1.1,1,2014-08-18,0442,Aqua,MODIS,53,6.2,306.7,14.9,D,0
-11.8078,132.9408,364.8,1.1,1,2014-08-18,0442,Aqua,MODIS,100,6.2,309,99.3,D,0
-11.7983,132.9394,351.8,1.1,1,2014-08-18,0442,Aqua,MODIS,95,6.2,310.1,62,D,0
-12.365,136.6451,320.9,1.1,1,2014-08-18,0442,Aqua,MODIS,42,6.2,305.8,9.2,D,0
-12.313,134.7949,327.9,1,1,2014-08-18,0442,Aqua,MODIS,74,6.2,308.8,12.5,D,0
-13.904,136.5816,318.2,1,1,2014-08-18,0442,Aqua,MODIS,60,6.2,302.9,7.7,D,0
-13.9026,136.5911,317.5,1,1,2014-08-18,0442,Aqua,MODIS,52,6.2,304.4,7.5,D,0
-13.8723,136.6059,330.8,1,1,2014-08-18,0442,Aqua,MODIS,82,6.2,302.8,21.6,D,0
-12.3488,135.8247,328.4,1,1,2014-08-18,0442,Aqua,MODIS,57,6.2,304.6,16.4,D,0
-12.3475,135.834,344.9,1,1,2014-08-18,0442,Aqua,MODIS,89,6.2,307.4,39.8,D,0
-13.8675,136.5758,328.2,1,1,2014-08-18,0442,Aqua,MODIS,79,6.2,303.1,17.3,D,0
-13.5778,134.1713,322.5,1,1,2014-08-18,0442,Aqua,MODIS,26,6.2,309.5,5.9,D,0
-12.1956,136.5467,326.4,1.1,1,2014-08-18,0442,Aqua,MODIS,38,6.2,306.2,13.3,D,0
-12.1941,136.5563,327.5,1.1,1,2014-08-18,0442,Aqua,MODIS,52,6.2,306.9,14.3,D,0
-13.8689,136.5663,339.7,1,1,2014-08-18,0442,Aqua,MODIS,89,6.2,304.9,35.3,D,0
-13.7852,136.1359,318.2,1,1,2014-08-18,0442,Aqua,MODIS,48,6.2,302.1,8.4,D,0
-13.8962,136.698,332.3,1,1,2014-08-18,0442,Aqua,MODIS,83,6.2,302.8,25.2,D,0
-13.8976,136.6884,316,1,1,2014-08-18,0442,Aqua,MODIS,45,6.2,302.5,5.7,D,0
-13.8212,131.9007,327.4,1.3,1.1,2014-08-18,0442,Aqua,MODIS,45,6.2,312.7,15.6,D,0
-13.8498,136.6318,322.7,1,1,2014-08-18,0442,Aqua,MODIS,72,6.2,304.9,11.3,D,0
-12.1795,136.5483,318.9,1.1,1,2014-08-18,0442,Aqua,MODIS,16,6.2,304.4,6.4,D,0
-12.1863,136.5452,323,1.1,1,2014-08-18,0442,Aqua,MODIS,49,6.2,304.9,9.9,D,0
-12.3448,135.8526,326.8,1,1,2014-08-18,0442,Aqua,MODIS,33,6.2,307.6,11.4,D,0
-12.3371,135.8419,338.3,1,1,2014-08-18,0442,Aqua,MODIS,86,6.2,309,28.2,D,0
-12.1887,136.4214,327.5,1.1,1,2014-08-18,0442,Aqua,MODIS,0,6.2,304.5,16.9,D,0
-12.0692,136.475,331.9,1.1,1,2014-08-18,0442,Aqua,MODIS,81,6.2,304.8,23.9,D,0
-12.0707,136.4653,324.7,1.1,1,2014-08-18,0442,Aqua,MODIS,72,6.2,304.2,14.4,D,0
-13.5127,134.2423,332.3,1,1,2014-08-18,0442,Aqua,MODIS,79,6.2,311.2,17.9,D,0
-13.5114,134.2517,339.4,1,1,2014-08-18,0442,Aqua,MODIS,86,6.2,311.6,28.3,D,0
-13.51,134.2612,332.3,1,1,2014-08-18,0442,Aqua,MODIS,79,6.2,311.7,17.4,D,0
-12.1004,136.3911,326.1,1.1,1,2014-08-18,0442,Aqua,MODIS,51,6.2,304.7,14.3,D,0
-12.0912,136.3896,335.2,1.1,1,2014-08-18,0442,Aqua,MODIS,84,6.2,307.8,26.8,D,0
-12.1641,134.7418,323.3,1,1,2014-08-18,0442,Aqua,MODIS,55,6.2,306.8,10.4,D,0
-12.1363,135.4538,324.7,1,1,2014-08-18,0442,Aqua,MODIS,69,6.2,305.2,13.1,D,0
-12.1376,135.4446,320,1,1,2014-08-18,0442,Aqua,MODIS,34,6.2,306.6,7.6,D,0
-12.1273,135.4524,326.5,1,1,2014-08-18,0442,Aqua,MODIS,50,6.2,305.9,14.1,D,0
-12.173,134.7496,326,1,1,2014-08-18,0442,Aqua,MODIS,68,6.2,307,13.4,D,0
-12.1717,134.7588,330.1,1,1,2014-08-18,0442,Aqua,MODIS,72,6.2,307.8,17.7,D,0
-13.7856,131.7714,330.9,1.3,1.1,2014-08-18,0442,Aqua,MODIS,77,6.2,311.7,24.5,D,0
-14.0297,132.0948,336.9,1.3,1.1,2014-08-18,0442,Aqua,MODIS,60,6.2,313.8,30.6,D,0
-13.1349,132.4742,332.1,1.2,1.1,2014-08-18,0442,Aqua,MODIS,78,6.2,310.6,21.4,D,0
-13.6878,132.2967,327.6,1.2,1.1,2014-08-18,0442,Aqua,MODIS,32,6.2,315.4,12.2,D,0
-12.3302,136.7747,322.5,1.1,1,2014-08-18,0442,Aqua,MODIS,67,6.2,303.1,12.5,D,0
-13.5934,132.3127,321.8,1.2,1.1,2014-08-18,0442,Aqua,MODIS,54,6.2,310,10,D,0
-12.0927,136.38,346.7,1.1,1,2014-08-18,0442,Aqua,MODIS,93,6.2,306.4,47.7,D,0
-13.1364,132.463,331,1.2,1.1,2014-08-18,0442,Aqua,MODIS,75,6.2,313.2,18.3,D,0
-12.0627,134.6836,343.1,1,1,2014-08-18,0442,Aqua,MODIS,84,6.2,309.2,35.7,D,0
-12.064,134.6744,329.2,1,1,2014-08-18,0442,Aqua,MODIS,37,6.2,307.4,14.9,D,0
-12.0537,134.6822,333.3,1,1,2014-08-18,0442,Aqua,MODIS,71,6.2,304,21.6,D,0
-12.055,134.6731,343.6,1,1,2014-08-18,0442,Aqua,MODIS,89,6.2,305.6,38.4,D,0
-11.9907,134.7382,330.1,1,1,2014-08-18,0442,Aqua,MODIS,74,6.2,305.7,17.8,D,0
-12.2168,133.1019,343.6,1.1,1,2014-08-18,0442,Aqua,MODIS,64,6.2,311.9,35,D,0
-12.335,136.781,341.3,1.1,1,2014-08-18,0442,Aqua,MODIS,89,6.2,304.7,38.5,D,0
-12.2794,136.6062,333.7,1.1,1,2014-08-18,0442,Aqua,MODIS,58,6.2,306.4,23.2,D,0
-14.3112,132.8977,326.6,1.2,1.1,2014-08-18,0442,Aqua,MODIS,69,6.2,312,13.3,D,0
-14.3097,132.9086,322.6,1.2,1.1,2014-08-18,0442,Aqua,MODIS,42,6.2,310.6,7.1,D,0
-14.3194,132.9099,323.5,1.2,1.1,2014-08-18,0442,Aqua,MODIS,28,6.2,311.5,7.8,D,0
-13.5816,131.6372,321.2,1.4,1.2,2014-08-18,0442,Aqua,MODIS,37,6.2,310.7,7.9,D,0
-12.1525,133.1065,333.3,1.1,1,2014-08-18,0442,Aqua,MODIS,46,6.2,311.8,17.5,D,0
-12.174,133.0892,369.7,1.1,1,2014-08-18,0442,Aqua,MODIS,100,6.2,317.9,106.5,D,0
-12.1726,133.0992,340.7,1.1,1,2014-08-18,0442,Aqua,MODIS,74,6.2,317.8,24.2,D,0
-12.1834,133.0905,363.9,1.1,1,2014-08-18,0442,Aqua,MODIS,100,6.2,316,85.3,D,0
-12.182,133.1006,349,1.1,1,2014-08-18,0442,Aqua,MODIS,90,6.2,317.7,41,D,0
-12.9618,132.2394,337.6,1.2,1.1,2014-08-18,0442,Aqua,MODIS,66,6.2,314.7,27.5,D,0
-14.3177,132.6979,325.5,1.2,1.1,2014-08-18,0442,Aqua,MODIS,68,6.2,312.9,11.1,D,0
-14.3192,132.6867,327.3,1.2,1.1,2014-08-18,0442,Aqua,MODIS,72,6.2,315.1,13.2,D,0
-12.1859,136.4406,321.7,1.1,1,2014-08-18,0442,Aqua,MODIS,52,6.2,303.8,10.5,D,0
-12.0835,136.3785,323.4,1.1,1,2014-08-18,0442,Aqua,MODIS,58,6.2,306,10.5,D,0
-13.7197,132.2836,329.7,1.2,1.1,2014-08-18,0442,Aqua,MODIS,62,6.2,312.9,19.1,D,0
-12.1754,133.0791,365.4,1.1,1,2014-08-18,0442,Aqua,MODIS,98,6.2,310.9,95.5,D,0
-12.1862,133.0704,346.5,1.1,1,2014-08-18,0442,Aqua,MODIS,77,6.2,309.1,46.7,D,0
-11.8144,132.9623,332.6,1.1,1,2014-08-18,0442,Aqua,MODIS,50,6.2,311.2,18.7,D,0
-11.805,132.9609,352.1,1.1,1,2014-08-18,0442,Aqua,MODIS,95,6.2,314.7,55.8,D,0
-11.8064,132.9508,385.1,1.1,1,2014-08-18,0442,Aqua,MODIS,100,6.2,317.7,183.2,D,0
-12.2155,133.1119,345.2,1.1,1,2014-08-18,0442,Aqua,MODIS,56,6.2,316.1,36,D,0
-14.0665,132.0511,333.7,1.3,1.1,2014-08-18,0442,Aqua,MODIS,60,6.2,306.7,26.6,D,0
-14.0563,132.0497,326.5,1.3,1.1,2014-08-18,0442,Aqua,MODIS,46,6.2,303.9,16,D,0
-13.5896,134.1537,347.8,1,1,2014-08-18,0442,Aqua,MODIS,93,6.2,310.3,46,D,0
-13.5804,134.1523,359.1,1,1,2014-08-18,0442,Aqua,MODIS,99,6.2,312.8,74.3,D,0
-13.5817,134.1428,328.5,1,1,2014-08-18,0442,Aqua,MODIS,73,6.2,307.6,15.3,D,0
-13.0084,132.4216,335.2,1.2,1.1,2014-08-18,0442,Aqua,MODIS,81,6.2,312.8,24.1,D,0
-13.7866,136.1266,317.9,1,1,2014-08-18,0442,Aqua,MODIS,35,6.2,303.2,8,D,0
-11.2394,132.0084,332.8,1.2,1.1,2014-08-18,0443,Aqua,MODIS,83,6.2,307.3,28.4,D,0
-11.4213,132.8354,320.3,1.1,1,2014-08-18,0443,Aqua,MODIS,53,6.2,307.4,10.4,D,0
-11.1903,132.0015,321.7,1.2,1.1,2014-08-18,0443,Aqua,MODIS,43,6.2,307.3,10.9,D,0
-11.1542,132.5605,317.1,1.1,1.1,2014-08-18,0443,Aqua,MODIS,47,6.2,304.7,6.6,D,0
-11.395,130.332,335.1,1.6,1.2,2014-08-18,0443,Aqua,MODIS,43,6.2,304.4,43.7,D,0
-11.2137,130.4153,312.6,1.5,1.2,2014-08-18,0443,Aqua,MODIS,55,6.2,300.2,10.7,D,0
-11.3969,130.3178,339.4,1.6,1.2,2014-08-18,0443,Aqua,MODIS,75,6.2,303.1,56.2,D,0
-11.4026,130.2749,334.5,1.6,1.2,2014-08-18,0443,Aqua,MODIS,67,6.2,301.7,50.2,D,0
-11.4007,130.2892,332.7,1.6,1.2,2014-08-18,0443,Aqua,MODIS,42,6.2,302.5,42.4,D,0
-11.4025,130.28,345,1.6,1.2,2014-08-18,0443,Aqua,MODIS,88,6.2,302.8,83.8,D,0
-11.5604,130.7359,326.9,1.5,1.2,2014-08-18,0443,Aqua,MODIS,32,6.2,307,24.9,D,0
-11.4956,131.3126,331,1.3,1.1,2014-08-18,0443,Aqua,MODIS,75,6.2,308.6,25.4,D,0
-11.2559,132.0511,347.8,1.2,1.1,2014-08-18,0443,Aqua,MODIS,93,6.2,310.7,59.6,D,0
-11.2701,132.0193,326.4,1.2,1.1,2014-08-18,0443,Aqua,MODIS,51,6.2,307.6,15.8,D,0
-11.253,132.0551,334.2,1.2,1.1,2014-08-18,0443,Aqua,MODIS,84,6.2,309.7,29.8,D,0
-11.2545,132.0442,327.3,1.2,1.1,2014-08-18,0443,Aqua,MODIS,50,6.2,307.6,16.2,D,0
-11.5427,131.1169,341,1.4,1.2,2014-08-18,0443,Aqua,MODIS,89,6.2,311,48,D,0
-11.5889,131.1427,325.6,1.4,1.2,2014-08-18,0443,Aqua,MODIS,67,6.2,307.6,17.1,D,0
-11.7008,130.7261,355,1.5,1.2,2014-08-18,0443,Aqua,MODIS,97,6.2,309.9,107.9,D,0
-11.6984,130.7205,352.6,1.5,1.2,2014-08-18,0443,Aqua,MODIS,96,6.2,310.8,99.3,D,0
-11.2715,132.0083,326.3,1.2,1.1,2014-08-18,0443,Aqua,MODIS,57,6.2,305.2,15.6,D,0
-11.6991,130.7397,323.5,1.5,1.2,2014-08-18,0443,Aqua,MODIS,61,6.2,307.9,14.2,D,0
-11.6966,130.734,338.6,1.5,1.2,2014-08-18,0443,Aqua,MODIS,87,6.2,309,51.6,D,0
-11.2409,131.9973,327.2,1.2,1.1,2014-08-18,0443,Aqua,MODIS,74,6.2,304.1,19.9,D,0
-11.6065,131.1709,323.9,1.4,1.2,2014-08-18,0443,Aqua,MODIS,62,6.2,308.1,16.1,D,0
-11.7025,130.7126,327.2,1.5,1.2,2014-08-18,0443,Aqua,MODIS,75,6.2,307.9,22.6,D,0
-11.4777,132.8797,331.6,1.1,1,2014-08-18,0443,Aqua,MODIS,84,6.2,312.3,21.8,D,0
-11.4377,130.3574,318.1,1.6,1.2,2014-08-18,0443,Aqua,MODIS,61,6.2,300.2,13.9,D,0
-11.7847,130.0659,320.2,1.6,1.3,2014-08-18,0443,Aqua,MODIS,64,6.2,300.6,24.9,D,0
-11.8128,130.1054,314.8,1.6,1.3,2014-08-18,0443,Aqua,MODIS,0,6.2,300.4,14.3,D,0
-11.3971,130.323,354.9,1.6,1.2,2014-08-18,0443,Aqua,MODIS,97,6.2,304.2,117,D,0
-11.4395,130.3432,316.1,1.6,1.2,2014-08-18,0443,Aqua,MODIS,49,6.2,299,10.4,D,0
-11.7428,130.2116,315.9,1.6,1.2,2014-08-18,0443,Aqua,MODIS,25,6.2,302.9,12.5,D,0
-11.7867,130.0509,321.7,1.7,1.3,2014-08-18,0443,Aqua,MODIS,67,6.2,301.2,28.6,D,0
-11.754,130.2132,318.6,1.6,1.2,2014-08-18,0443,Aqua,MODIS,59,6.2,303.9,17.7,D,0
-11.7844,130.0556,329.1,1.7,1.3,2014-08-18,0443,Aqua,MODIS,80,6.2,301.4,42.8,D,0
-32.4683,116.1452,313.4,1,1,2014-08-18,0615,Aqua,MODIS,58,6.2,282.5,15,D,0
-24.0242,120.0493,323.1,2.2,1.4,2014-08-18,0618,Aqua,MODIS,70,6.2,307.7,30.5,D,0
-22.7946,119.9844,323.2,2.3,1.5,2014-08-18,0618,Aqua,MODIS,71,6.2,309.5,35.9,D,0
-22.7903,120.0067,316.7,2.3,1.5,2014-08-18,0618,Aqua,MODIS,35,6.2,305.7,15.3,D,0
-20.6451,119.1314,323.9,2.2,1.4,2014-08-18,0618,Aqua,MODIS,68,6.2,311.5,28.3,D,0
-20.6875,117.0416,318.5,1.6,1.2,2014-08-18,0619,Aqua,MODIS,33,6.2,306.2,12.7,D,0
-20.6901,117.0266,320.5,1.6,1.2,2014-08-18,0619,Aqua,MODIS,45,6.2,307.9,17,D,0
-17.5207,122.445,335.3,4.5,2,2014-08-18,0619,Aqua,MODIS,87,6.2,304.1,234.1,D,0
-17.5129,122.4947,334.8,4.6,2,2014-08-18,0619,Aqua,MODIS,86,6.2,305.8,231.1,D,0
-17.5123,122.4872,319,4.6,2,2014-08-18,0619,Aqua,MODIS,63,6.2,305.2,58.7,D,0
-17.5807,122.5158,323,4.6,2,2014-08-18,0619,Aqua,MODIS,62,6.2,300.3,123.2,D,0
-17.5459,122.5075,341.9,4.6,2,2014-08-18,0619,Aqua,MODIS,91,6.2,304.4,334.7,D,0
-17.5285,122.5033,413.7,4.6,2,2014-08-18,0619,Aqua,MODIS,100,6.2,315.7,3010.8,D,0
-17.5824,122.5114,317.9,4.6,2,2014-08-18,0619,Aqua,MODIS,32,6.2,299.8,79.5,D,0
-17.565,122.5072,320.1,4.6,2,2014-08-18,0619,Aqua,MODIS,27,6.2,301.7,93.3,D,0
-17.5477,122.503,337.7,4.6,2,2014-08-18,0619,Aqua,MODIS,78,6.2,303.7,271.5,D,0
-17.5216,122.5415,341.7,4.6,2,2014-08-18,0619,Aqua,MODIS,91,6.2,307.7,325.6,D,0
-17.5303,122.4988,412.8,4.6,2,2014-08-18,0619,Aqua,MODIS,100,6.2,316,2946,D,0
-17.5373,122.4612,337.5,4.5,2,2014-08-18,0619,Aqua,MODIS,73,6.2,306.2,262.3,D,0
-17.5215,122.4524,333.8,4.5,2,2014-08-18,0619,Aqua,MODIS,86,6.2,303.7,217.2,D,0
-17.3554,122.3532,315.3,4.5,2,2014-08-18,0619,Aqua,MODIS,51,6.2,304.5,45.1,D,0
-17.5289,122.4034,328.3,4.5,2,2014-08-18,0619,Aqua,MODIS,81,6.2,304.5,153.9,D,0
-17.53,122.4109,333.4,4.5,2,2014-08-18,0619,Aqua,MODIS,85,6.2,304.3,216.2,D,0
-26.1258,149.9725,305.4,1.6,1.3,2014-08-18,1225,Terra,MODIS,64,6.2,280.2,20.7,N,0
-27.0727,153.1872,310.9,1.1,1.1,2014-08-18,1225,Terra,MODIS,81,6.2,286.6,14.1,N,0
-27.0742,153.1759,312.1,1.1,1.1,2014-08-18,1225,Terra,MODIS,84,6.2,286.1,15,N,0
-15.0972,143.1237,308.9,3.7,1.8,2014-08-18,1228,Terra,MODIS,38,6.2,288.9,59.8,N,0
-15.1042,143.1296,302.8,3.7,1.8,2014-08-18,1228,Terra,MODIS,51,6.2,289.2,40.7,N,0
-15.0772,143.1564,338.5,3.7,1.8,2014-08-18,1228,Terra,MODIS,100,6.2,290.6,274.2,N,0
-15.0682,143.1604,313.9,3.7,1.8,2014-08-18,1228,Terra,MODIS,88,6.2,289.5,86.2,N,0
-15.0934,143.1583,327.9,3.7,1.8,2014-08-18,1228,Terra,MODIS,100,6.2,291.2,176.2,N,0
-15.1007,143.1641,304.9,3.7,1.8,2014-08-18,1228,Terra,MODIS,62,6.2,289.7,47.3,N,0
-15.0879,143.1279,324.2,3.7,1.8,2014-08-18,1228,Terra,MODIS,100,6.2,289.4,151.9,N,0
-15.0844,143.1623,341.7,3.7,1.8,2014-08-18,1228,Terra,MODIS,100,6.2,291.2,312.7,N,0
-24.617,126.1364,300,1.4,1.2,2014-08-18,1404,Terra,MODIS,7,6.2,280.1,12.3,N,0
-17.5042,123.1644,310.2,1.8,1.3,2014-08-18,1406,Terra,MODIS,64,6.2,288.5,24.3,N,0
-17.713,124.0717,301,1.5,1.2,2014-08-18,1406,Terra,MODIS,20,6.2,286.7,10.5,N,0
-17.5014,123.1528,304,1.8,1.3,2014-08-18,1406,Terra,MODIS,45,6.2,287.8,15.8,N,0
-17.4996,123.1693,312.3,1.8,1.3,2014-08-18,1406,Terra,MODIS,85,6.2,288.5,28.5,N,0
-17.7275,124.0445,316.5,1.5,1.2,2014-08-18,1406,Terra,MODIS,93,6.2,289.2,30.5,N,0
-17.7292,124.0301,303.5,1.5,1.2,2014-08-18,1406,Terra,MODIS,55,6.2,288.3,14,N,0
-17.9031,123.6243,310.7,1.6,1.3,2014-08-18,1406,Terra,MODIS,81,6.2,285.6,26,N,0
-17.2176,122.9745,328.9,1.8,1.3,2014-08-18,1406,Terra,MODIS,100,6.2,291,65.7,N,0
-17.1959,122.9547,303.3,1.8,1.3,2014-08-18,1406,Terra,MODIS,39,6.2,287.8,16.3,N,0
-17.3243,123.0451,314.9,1.8,1.3,2014-08-18,1406,Terra,MODIS,80,6.2,291.3,31.3,N,0
-17.5529,122.4438,302,2,1.4,2014-08-18,1406,Terra,MODIS,46,6.2,286.1,18.8,N,0
-16.4649,128.567,307.6,1,1,2014-08-18,1406,Terra,MODIS,72,6.2,287.6,9.3,N,0
-17.2594,122.986,311.4,1.8,1.3,2014-08-18,1406,Terra,MODIS,75,6.2,288.3,26.1,N,0
-17.5826,123.1362,308.3,1.8,1.3,2014-08-18,1406,Terra,MODIS,66,6.2,287.7,21.1,N,0
-17.5855,123.1469,300.5,1.8,1.3,2014-08-18,1406,Terra,MODIS,10,6.2,288,11,N,0
-17.4925,123.1629,303.8,1.8,1.3,2014-08-18,1406,Terra,MODIS,57,6.2,287.3,16.4,N,0
-17.2254,123.0095,313.8,1.8,1.3,2014-08-18,1406,Terra,MODIS,88,6.2,291.1,31.2,N,0
-17.2613,122.9693,306.9,1.8,1.3,2014-08-18,1406,Terra,MODIS,42,6.2,288.6,19,N,0
-17.9049,123.6088,320.2,1.6,1.3,2014-08-18,1406,Terra,MODIS,100,6.2,286.2,42.7,N,0
-17.9048,123.6183,324.3,1.6,1.3,2014-08-18,1406,Terra,MODIS,100,6.2,286.7,51.3,N,0
-17.9067,123.6029,301.9,1.6,1.3,2014-08-18,1406,Terra,MODIS,45,6.2,285.5,14.3,N,0
-17.3165,123.0103,323.4,1.8,1.3,2014-08-18,1406,Terra,MODIS,50,6.2,294.3,44.3,N,0
-17.5718,123.1618,304.1,1.8,1.3,2014-08-18,1406,Terra,MODIS,44,6.2,288.2,15.6,N,0
-17.2136,123.008,305,1.8,1.3,2014-08-18,1406,Terra,MODIS,63,6.2,289.3,17.8,N,0
-17.3366,123.0014,326,1.8,1.3,2014-08-18,1406,Terra,MODIS,79,6.2,294.2,52.7,N,0
-17.5507,122.4626,313.9,2,1.4,2014-08-18,1406,Terra,MODIS,88,6.2,288.1,39.7,N,0
-17.321,123.0334,396.2,1.8,1.3,2014-08-18,1406,Terra,MODIS,100,6.2,301.5,535.1,N,0
-17.3228,123.0167,359.3,1.8,1.3,2014-08-18,1406,Terra,MODIS,100,6.2,298.2,191.4,N,0
-17.3401,123.0132,328,1.8,1.3,2014-08-18,1406,Terra,MODIS,84,6.2,294.6,56.3,N,0
-17.3422,122.9965,316.4,1.8,1.3,2014-08-18,1406,Terra,MODIS,40,6.2,291.8,28.7,N,0
-17.3263,123.0284,380.6,1.8,1.3,2014-08-18,1406,Terra,MODIS,100,6.2,299.5,361.2,N,0
-17.3283,123.0117,318.5,1.8,1.3,2014-08-18,1406,Terra,MODIS,39,6.2,294.3,33,N,0
-17.3145,123.027,374.1,1.8,1.3,2014-08-18,1406,Terra,MODIS,100,6.2,299,301.3,N,0
-17.2156,122.9913,344.8,1.8,1.3,2014-08-18,1406,Terra,MODIS,100,6.2,293.6,123.1,N,0
-17.2274,122.9928,331.2,1.8,1.3,2014-08-18,1406,Terra,MODIS,100,6.2,292.2,73.1,N,0
-17.2018,138.7089,300.1,4,1.9,2014-08-18,1406,Terra,MODIS,16,6.2,284.1,47.3,N,0
-17.2074,138.7424,300.3,4.1,1.9,2014-08-18,1406,Terra,MODIS,25,6.2,284.3,46.8,N,0
-18.7421,122.0228,302.6,2.2,1.4,2014-08-18,1406,Terra,MODIS,50,6.2,289.5,20.8,N,0
-18.5466,130.0555,418.3,1,1,2014-08-18,1406,Terra,MODIS,100,6.2,303.8,406.2,N,0
-18.5481,130.0457,324.5,1,1,2014-08-18,1406,Terra,MODIS,100,6.2,286.5,25.5,N,0
-17.5457,124.0373,303.6,1.5,1.2,2014-08-18,1406,Terra,MODIS,42,6.2,289.3,12.3,N,0
-17.5266,123.9174,301.8,1.6,1.2,2014-08-18,1406,Terra,MODIS,45,6.2,286.7,11.3,N,0
-18.5558,130.057,372.7,1,1,2014-08-18,1406,Terra,MODIS,100,6.2,296.4,135.4,N,0
-18.5591,130.0979,348.9,1,1,2014-08-18,1406,Terra,MODIS,100,6.2,287.5,66,N,0
-18.5605,130.0881,339.9,1,1,2014-08-18,1406,Terra,MODIS,100,6.2,289.3,48.4,N,0
-18.5635,130.0684,316.4,1,1,2014-08-18,1406,Terra,MODIS,93,6.2,286,17.6,N,0
-18.5499,130.0964,302.6,1,1,2014-08-18,1406,Terra,MODIS,39,6.2,282,7.3,N,0
-18.5514,130.0865,367.6,1,1,2014-08-18,1406,Terra,MODIS,100,6.2,289.5,117.8,N,0
-18.5528,130.0767,387.4,1,1,2014-08-18,1406,Terra,MODIS,100,6.2,298.5,199.5,N,0
-18.5543,130.0668,369.7,1,1,2014-08-18,1406,Terra,MODIS,100,6.2,299.8,123.6,N,0
-18.5573,130.0472,304.3,1,1,2014-08-18,1406,Terra,MODIS,59,6.2,285,8.2,N,0
-18.5437,130.0751,341.6,1,1,2014-08-18,1406,Terra,MODIS,100,6.2,284.9,50.7,N,0
-18.5452,130.0653,403.3,1,1,2014-08-18,1406,Terra,MODIS,100,6.2,296.6,292,N,0
-17.5347,124.0359,358.2,1.5,1.2,2014-08-18,1406,Terra,MODIS,100,6.2,294.8,151.9,N,0
-17.5365,124.0215,342.1,1.5,1.2,2014-08-18,1406,Terra,MODIS,100,6.2,293.7,88.1,N,0
-17.5238,124.0344,305,1.5,1.2,2014-08-18,1406,Terra,MODIS,63,6.2,289.2,13.1,N,0
-17.5087,123.9739,352.3,1.5,1.2,2014-08-18,1406,Terra,MODIS,100,6.2,290.7,129.1,N,0
-17.5197,123.9753,332.7,1.5,1.2,2014-08-18,1406,Terra,MODIS,100,6.2,290.7,62.4,N,0
-17.518,123.9898,341,1.5,1.2,2014-08-18,1406,Terra,MODIS,100,6.2,291.4,86.7,N,0
-16.5764,128.1077,332.7,1,1,2014-08-18,1406,Terra,MODIS,100,6.2,290.7,34,N,0
-16.5751,128.1171,341.7,1,1,2014-08-18,1406,Terra,MODIS,100,6.2,292.6,48.2,N,0
-16.5847,128.1153,347.9,1,1,2014-08-18,1406,Terra,MODIS,100,6.2,292.9,59.1,N,0
-16.5834,128.1246,333.2,1,1,2014-08-18,1406,Terra,MODIS,100,6.2,290.8,34.1,N,0
-16.5924,128.126,327.4,1,1,2014-08-18,1406,Terra,MODIS,100,6.2,289.5,26.9,N,0
-17.5255,124.02,349.7,1.5,1.2,2014-08-18,1406,Terra,MODIS,100,6.2,293.1,115.8,N,0
-17.5273,124.0056,322.5,1.5,1.2,2014-08-18,1406,Terra,MODIS,100,6.2,290.6,38.1,N,0
-17.5011,123.9434,326.6,1.5,1.2,2014-08-18,1406,Terra,MODIS,100,6.2,287.8,48.9,N,0
-17.5121,123.9449,302.2,1.5,1.2,2014-08-18,1406,Terra,MODIS,46,6.2,286.4,11.1,N,0
-17.5104,123.9594,331.8,1.5,1.2,2014-08-18,1406,Terra,MODIS,100,6.2,289.5,61.2,N,0
-17.5028,123.9289,319.5,1.5,1.2,2014-08-18,1406,Terra,MODIS,99,6.2,287.1,34.9,N,0
-17.5002,123.937,326.3,1.5,1.2,2014-08-18,1406,Terra,MODIS,100,6.2,288.1,49.4,N,0
-14.0286,130.03,303.5,1.1,1.1,2014-08-18,1407,Terra,MODIS,55,6.2,287.1,8.4,N,0
-14.0762,132.0599,300.5,1.5,1.2,2014-08-18,1407,Terra,MODIS,10,6.2,289.7,7,N,0
-15.5465,129.1855,309,1,1,2014-08-18,1407,Terra,MODIS,76,6.2,289.3,10,N,0
-15.5479,129.176,304.6,1,1,2014-08-18,1407,Terra,MODIS,61,6.2,287.8,7,N,0
-13.421,131.3129,316.4,1.4,1.2,2014-08-18,1407,Terra,MODIS,93,6.2,289.1,25.2,N,0
-14.8454,128.5071,314.2,1,1,2014-08-18,1407,Terra,MODIS,89,6.2,288.5,14.2,N,0
-14.8364,128.5057,304.8,1,1,2014-08-18,1407,Terra,MODIS,61,6.2,288.7,8,N,0
-14.826,128.5136,314.8,1,1,2014-08-18,1407,Terra,MODIS,90,6.2,287.9,15.2,N,0
-13.4229,131.3004,300.5,1.4,1.2,2014-08-18,1407,Terra,MODIS,29,6.2,287.3,7.5,N,0
-13.9951,130.0567,304,1.1,1.1,2014-08-18,1407,Terra,MODIS,18,6.2,288.3,7.1,N,0
-13.9968,130.0462,384.8,1.1,1.1,2014-08-18,1407,Terra,MODIS,100,6.2,297.8,212.3,N,0
-13.9984,130.0357,340.9,1.1,1.1,2014-08-18,1407,Terra,MODIS,100,6.2,290.5,55.3,N,0
-13.9922,130.0505,352.2,1.1,1.1,2014-08-18,1407,Terra,MODIS,100,6.2,291.3,84.2,N,0
-13.9938,130.0399,360.4,1.1,1.1,2014-08-18,1407,Terra,MODIS,100,6.2,293.6,108.5,N,0
-15.1637,126.1004,302.8,1.1,1,2014-08-18,1407,Terra,MODIS,51,6.2,287.6,7.4,N,0
-13.4106,131.3112,332,1.4,1.2,2014-08-18,1407,Terra,MODIS,100,6.2,289.3,52.2,N,0
-14.0112,132.0998,308.8,1.5,1.2,2014-08-18,1407,Terra,MODIS,66,6.2,289.2,17.2,N,0
-13.4125,131.2986,315.5,1.4,1.2,2014-08-18,1407,Terra,MODIS,91,6.2,287.4,23.6,N,0
-14.6438,132.4632,304.6,1.6,1.2,2014-08-18,1407,Terra,MODIS,57,6.2,285.8,14.6,N,0
-14.6462,132.4489,303,1.6,1.2,2014-08-18,1407,Terra,MODIS,45,6.2,286.2,12.7,N,0
-14.6328,132.4614,302.6,1.6,1.2,2014-08-18,1407,Terra,MODIS,34,6.2,286.6,11.9,N,0
-14.6352,132.447,303.9,1.6,1.2,2014-08-18,1407,Terra,MODIS,46,6.2,286.4,13.3,N,0
-14.6324,132.4547,308.4,1.6,1.2,2014-08-18,1407,Terra,MODIS,18,6.2,286.8,17.5,N,0
-14.658,132.3776,301.2,1.5,1.2,2014-08-18,1407,Terra,MODIS,38,6.2,287.6,10.9,N,0
-12.7666,132.5996,303.9,1.7,1.3,2014-08-18,1407,Terra,MODIS,57,6.2,288.7,14.9,N,0
-15.5444,131.3346,304.1,1.3,1.1,2014-08-18,1407,Terra,MODIS,42,6.2,289.6,8,N,0
-13.9595,132.056,329.4,1.5,1.2,2014-08-18,1407,Terra,MODIS,100,6.2,288.1,53.8,N,0
-13.9614,132.0627,316.5,1.5,1.2,2014-08-18,1407,Terra,MODIS,93,6.2,287.3,28.6,N,0
-15.5588,131.3737,301.2,1.3,1.1,2014-08-18,1407,Terra,MODIS,38,6.2,288.3,7.8,N,0
-13.9637,132.049,334.4,1.5,1.2,2014-08-18,1407,Terra,MODIS,100,6.2,287.6,65.7,N,0
-13.9617,132.0422,309.6,1.5,1.2,2014-08-18,1407,Terra,MODIS,78,6.2,284.9,19.6,N,0
-13.1707,132.3172,304.9,1.6,1.3,2014-08-18,1407,Terra,MODIS,44,6.2,292.7,11.3,N,0
-13.5831,134.1368,308.5,2.2,1.4,2014-08-18,1407,Terra,MODIS,75,6.2,286.3,32,N,0
-12.9616,132.187,310.6,1.6,1.2,2014-08-18,1407,Terra,MODIS,80,6.2,288.1,23,N,0
-12.9633,132.2478,302.3,1.6,1.2,2014-08-18,1407,Terra,MODIS,48,6.2,287.9,11.9,N,0
-16.0321,128.8859,310.4,1,1,2014-08-18,1407,Terra,MODIS,80,6.2,289.6,10.4,N,0
-16.5361,123.8951,322.9,1.5,1.2,2014-08-18,1407,Terra,MODIS,100,6.2,292.1,39.2,N,0
-14.0756,129.6586,306.1,1.1,1,2014-08-18,1407,Terra,MODIS,67,6.2,289.4,9.2,N,0
-16.0231,128.8845,306.9,1,1,2014-08-18,1407,Terra,MODIS,70,6.2,288.3,8.6,N,0
-12.4747,133.8559,302.8,2.2,1.4,2014-08-18,1407,Terra,MODIS,10,6.2,291.4,12.6,N,0
-12.8973,131.5098,341.7,1.4,1.2,2014-08-18,1407,Terra,MODIS,100,6.2,294.2,78.6,N,0
-12.857,131.4895,304.6,1.4,1.2,2014-08-18,1407,Terra,MODIS,32,6.2,291.1,9.7,N,0
-12.8676,131.4913,308.1,1.4,1.2,2014-08-18,1407,Terra,MODIS,28,6.2,292,12.6,N,0
-12.9101,131.4984,313.4,1.4,1.2,2014-08-18,1407,Terra,MODIS,87,6.2,292.7,21.6,N,0
-12.9592,132.2016,300.5,1.6,1.2,2014-08-18,1407,Terra,MODIS,30,6.2,287.9,10.1,N,0
-12.874,131.5195,356.5,1.4,1.2,2014-08-18,1407,Terra,MODIS,100,6.2,295.4,131,N,0
-12.4675,133.8194,303.6,2.2,1.4,2014-08-18,1407,Terra,MODIS,7,6.2,291.7,13.3,N,0
-12.4641,133.8389,308.2,2.2,1.4,2014-08-18,1407,Terra,MODIS,57,6.2,292.1,22.2,N,0
-12.8761,131.5063,348,1.4,1.2,2014-08-18,1407,Terra,MODIS,100,6.2,295.8,97,N,0
-12.8655,131.5045,318.1,1.4,1.2,2014-08-18,1407,Terra,MODIS,96,6.2,292.7,26.2,N,0
-12.8782,131.493,312.7,1.4,1.2,2014-08-18,1407,Terra,MODIS,25,6.2,292.3,17.1,N,0
-12.4652,133.8335,311.6,2.2,1.4,2014-08-18,1407,Terra,MODIS,81,6.2,292.2,29.3,N,0
-12.9121,131.4854,304.8,1.4,1.2,2014-08-18,1407,Terra,MODIS,39,6.2,290.6,11.1,N,0
-12.8994,131.4966,336.4,1.4,1.2,2014-08-18,1407,Terra,MODIS,100,6.2,293.7,63.7,N,0
-12.8867,131.5081,326.9,1.4,1.2,2014-08-18,1407,Terra,MODIS,100,6.2,293.7,41.2,N,0
-12.8846,131.5213,313.9,1.4,1.2,2014-08-18,1407,Terra,MODIS,41,6.2,291.1,20.5,N,0
-12.5253,142.3519,300.2,2.3,1.5,2014-08-18,1532,Aqua,MODIS,20,6.2,288.5,17.5,N,0
-27.068,153.1796,306.8,2.3,1.5,2014-08-18,1536,Aqua,MODIS,69,6.2,284.8,35.4,N,0
-12.9001,131.519,301.8,2.5,1.5,2014-08-18,1710,Aqua,MODIS,40,6.2,286.2,23.6,N,0
-14.8452,128.5135,300.5,1.6,1.2,2014-08-18,1711,Aqua,MODIS,26,6.2,285.8,12.3,N,0
-15.5418,129.1586,306.1,1.8,1.3,2014-08-18,1711,Aqua,MODIS,67,6.2,290.3,19.3,N,0
-15.5459,129.1927,310.4,1.8,1.3,2014-08-18,1711,Aqua,MODIS,80,6.2,290.5,26.1,N,0
-15.5439,129.1759,329.6,1.8,1.3,2014-08-18,1711,Aqua,MODIS,100,6.2,290.8,71.7,N,0
-17.5134,124.0457,313.2,1,1,2014-08-18,1712,Aqua,MODIS,19,6.2,290.6,11.8,N,0
-17.4953,124.0484,304,1,1,2014-08-18,1712,Aqua,MODIS,36,6.2,289.7,6.6,N,0
-17.5016,124.028,344.6,1,1,2014-08-18,1712,Aqua,MODIS,100,6.2,291.1,53.3,N,0
-17.4966,124.058,338.7,1,1,2014-08-18,1712,Aqua,MODIS,100,6.2,294.4,43.8,N,0
-17.5225,124.0443,318.2,1,1,2014-08-18,1712,Aqua,MODIS,96,6.2,289.2,17.7,N,0
-17.5316,124.0429,305.1,1,1,2014-08-18,1712,Aqua,MODIS,53,6.2,286,8.2,N,0
-17.517,124.0062,305.1,1,1,2014-08-18,1712,Aqua,MODIS,44,6.2,285.6,8.2,N,0
-17.503,124.0375,324.8,1,1,2014-08-18,1712,Aqua,MODIS,100,6.2,291.8,23.2,N,0
-17.5121,124.0361,316.6,1,1,2014-08-18,1712,Aqua,MODIS,34,6.2,290.7,14.5,N,0
-17.5044,124.047,350.9,1,1,2014-08-18,1712,Aqua,MODIS,100,6.2,295.1,65.9,N,0
-16.5764,128.1089,304,1.6,1.2,2014-08-18,1712,Aqua,MODIS,56,6.2,287.1,13.6,N,0
-16.567,128.1253,302.4,1.6,1.2,2014-08-18,1712,Aqua,MODIS,31,6.2,286.6,12,N,0
-17.5107,124.0266,320.5,1,1,2014-08-18,1712,Aqua,MODIS,52,6.2,291.2,18.5,N,0
-17.5093,124.0171,314.9,1,1,2014-08-18,1712,Aqua,MODIS,42,6.2,287.6,13.9,N,0
-17.5066,123.998,309.8,1,1,2014-08-18,1712,Aqua,MODIS,65,6.2,285.2,11.4,N,0
-17.5071,124.0661,334.2,1,1,2014-08-18,1712,Aqua,MODIS,100,6.2,293,35.9,N,0
-17.5057,124.0566,357.8,1,1,2014-08-18,1712,Aqua,MODIS,100,6.2,298.1,82.9,N,0
-17.2767,122.9922,319.4,1,1,2014-08-18,1712,Aqua,MODIS,99,6.2,287.8,18.6,N,0
-17.2781,123.0016,320.8,1,1,2014-08-18,1712,Aqua,MODIS,100,6.2,287.6,20.2,N,0
-17.2091,123.0288,301.5,1,1,2014-08-18,1712,Aqua,MODIS,42,6.2,287.8,6.7,N,0
-17.506,123.1735,307.6,1,1,2014-08-18,1712,Aqua,MODIS,72,6.2,285.6,10.6,N,0
-17.2077,123.0195,309.8,1,1,2014-08-18,1712,Aqua,MODIS,78,6.2,287.8,12.1,N,0
-17.294,123.047,344,1,1,2014-08-18,1712,Aqua,MODIS,100,6.2,289.3,51.4,N,0
-17.303,123.0456,326.2,1,1,2014-08-18,1712,Aqua,MODIS,100,6.2,289.5,25.4,N,0
-17.3044,123.0549,303,1,1,2014-08-18,1712,Aqua,MODIS,14,6.2,286.1,6.2,N,0
-17.2753,122.9829,319.9,1,1,2014-08-18,1712,Aqua,MODIS,99,6.2,288.1,19.8,N,0
-17.5612,123.1688,301.6,1,1,2014-08-18,1712,Aqua,MODIS,42,6.2,285.6,6.9,N,0
-17.2912,123.0283,310.6,1,1,2014-08-18,1712,Aqua,MODIS,56,6.2,286.3,10.8,N,0
-17.312,123.0441,310.5,1,1,2014-08-18,1712,Aqua,MODIS,63,6.2,289.8,11,N,0
-17.3134,123.0535,306.5,1,1,2014-08-18,1712,Aqua,MODIS,43,6.2,286.7,8.5,N,0
-17.2885,123.0095,303.9,1,1,2014-08-18,1712,Aqua,MODIS,57,6.2,286.9,7.3,N,0
-17.2926,123.0376,334.9,1,1,2014-08-18,1712,Aqua,MODIS,100,6.2,287.7,36.3,N,0
-30.8598,121.4957,308.9,1,1,2014-08-18,1716,Aqua,MODIS,76,6.2,281.3,13.4,N,2
-13.5587,141.7513,326.7,1,1,2014-08-19,0057,Terra,MODIS,80,6.2,302.3,15,D,0
-12.7656,135.719,311.6,1.9,1.3,2014-08-19,0057,Terra,MODIS,39,6.2,298.8,11,D,0
-12.7726,135.7247,317.2,1.9,1.3,2014-08-19,0057,Terra,MODIS,67,6.2,298.3,21.2,D,0
-12.4378,135.8867,315.6,1.8,1.3,2014-08-19,0057,Terra,MODIS,40,6.2,300.6,17,D,0
-12.4323,135.8944,315.4,1.8,1.3,2014-08-19,0057,Terra,MODIS,20,6.2,299.4,16.2,D,0
-12.739,135.4202,323.9,2,1.4,2014-08-19,0057,Terra,MODIS,78,6.2,302,38.2,D,0
-13.6133,141.8095,318.5,1,1,2014-08-19,0057,Terra,MODIS,53,6.2,300.8,8,D,0
-12.2298,136.5628,315.9,1.6,1.3,2014-08-19,0057,Terra,MODIS,60,6.2,300.7,13.2,D,0
-12.736,135.4026,322.8,2,1.4,2014-08-19,0057,Terra,MODIS,76,6.2,302.1,36,D,0
-13.3462,141.9343,316.5,1,1,2014-08-19,0057,Terra,MODIS,67,6.2,301,7.6,D,0
-13.5497,141.7526,320.4,1,1,2014-08-19,0057,Terra,MODIS,66,6.2,302.1,9,D,0
-13.5979,141.8308,330.2,1,1,2014-08-19,0057,Terra,MODIS,83,6.2,301.8,20.2,D,0
-13.5889,141.8321,318.4,1,1,2014-08-19,0057,Terra,MODIS,58,6.2,301.7,8,D,0
-13.5875,141.8228,316.7,1,1,2014-08-19,0057,Terra,MODIS,39,6.2,301.9,5.8,D,0
-11.9663,142.6368,313.8,1,1,2014-08-19,0057,Terra,MODIS,46,6.2,293,8.2,D,0
-12.9658,141.9772,346.4,1,1,2014-08-19,0057,Terra,MODIS,94,6.2,299.4,48.7,D,0
-12.5978,135.2082,323.3,2,1.4,2014-08-19,0057,Terra,MODIS,77,6.2,301.6,38.9,D,0
-12.4242,135.8446,320.6,1.8,1.3,2014-08-19,0057,Terra,MODIS,69,6.2,300,26.2,D,0
-12.6478,135.6414,317.5,1.9,1.3,2014-08-19,0057,Terra,MODIS,44,6.2,298.3,21.9,D,0
-12.6011,135.2272,330.6,2,1.4,2014-08-19,0057,Terra,MODIS,84,6.2,301.5,60.9,D,0
-12.5854,135.2106,318.7,2,1.4,2014-08-19,0057,Terra,MODIS,65,6.2,301.1,23.8,D,0
-12.1309,142.2501,316.5,1,1,2014-08-19,0057,Terra,MODIS,53,6.2,296.7,6.7,D,0
-12.5001,135.2508,360.1,2,1.4,2014-08-19,0057,Terra,MODIS,100,6.2,301.5,223.6,D,0
-12.6537,135.6755,316.9,1.9,1.3,2014-08-19,0057,Terra,MODIS,29,6.2,299.9,17.6,D,0
-12.9672,141.9865,319.7,1,1,2014-08-19,0057,Terra,MODIS,38,6.2,299.7,9.8,D,0
-12.3985,133.9138,309.6,2.6,1.5,2014-08-19,0057,Terra,MODIS,36,6.2,295.2,17.6,D,0
-12.9127,141.991,327.3,1,1,2014-08-19,0057,Terra,MODIS,81,6.2,299.5,18,D,0
-12.538,135.4933,312.1,1.9,1.4,2014-08-19,0057,Terra,MODIS,38,6.2,300.2,13.2,D,0
-12.7727,142.17,350.5,1,1,2014-08-19,0057,Terra,MODIS,95,6.2,304,56.3,D,0
-12.6642,135.9202,329.3,1.8,1.3,2014-08-19,0057,Terra,MODIS,56,6.2,301.1,46.1,D,0
-12.4864,135.26,357,2,1.4,2014-08-19,0057,Terra,MODIS,98,6.2,300.2,199.6,D,0
-12.9113,141.9817,380.7,1,1,2014-08-19,0057,Terra,MODIS,100,6.2,301.5,152,D,0
-12.4317,135.3318,325.8,2,1.4,2014-08-19,0057,Terra,MODIS,56,6.2,300.4,36.2,D,0
-12.0609,142.21,340.8,1,1,2014-08-19,0057,Terra,MODIS,91,6.2,299,38.1,D,0
-12.6311,135.6501,313.4,1.9,1.3,2014-08-19,0057,Terra,MODIS,16,6.2,299.6,12.7,D,0
-12.4151,135.2911,343.6,2,1.4,2014-08-19,0057,Terra,MODIS,91,6.2,302.6,107.4,D,0
-12.8611,142.0175,323.8,1,1,2014-08-19,0057,Terra,MODIS,78,6.2,298.4,13,D,0
-12.5033,135.2692,384.2,2,1.4,2014-08-19,0057,Terra,MODIS,100,6.2,305.7,457.7,D,0
-12.0596,142.2007,321.9,1,1,2014-08-19,0057,Terra,MODIS,70,6.2,295.2,11.9,D,0
-12.3277,135.02,329.1,2.1,1.4,2014-08-19,0057,Terra,MODIS,82,6.2,301,61.6,D,0
-12.5813,135.9748,314.5,1.8,1.3,2014-08-19,0057,Terra,MODIS,40,6.2,301.2,14.4,D,0
-12.5113,135.2558,316.6,2,1.4,2014-08-19,0057,Terra,MODIS,53,6.2,301,22,D,0
-12.4055,135.8409,333.7,1.8,1.3,2014-08-19,0057,Terra,MODIS,86,6.2,300,64.6,D,0
-12.4989,135.2579,389.5,2,1.4,2014-08-19,0057,Terra,MODIS,100,6.2,305.4,531.4,D,0
-12.5314,142.3477,321.7,1,1,2014-08-19,0057,Terra,MODIS,51,6.2,298.8,11.8,D,0
-12.4193,135.3339,341.2,2,1.4,2014-08-19,0057,Terra,MODIS,91,6.2,302,96,D,0
-12.6507,135.6583,327.5,1.9,1.3,2014-08-19,0057,Terra,MODIS,81,6.2,299.4,47.7,D,0
-12.6432,135.6481,349.2,1.9,1.3,2014-08-19,0057,Terra,MODIS,95,6.2,300.6,136.6,D,0
-12.4091,135.3298,335,2,1.4,2014-08-19,0057,Terra,MODIS,30,6.2,301.8,66.2,D,0
-12.4895,135.2785,365.2,2,1.4,2014-08-19,0057,Terra,MODIS,100,6.2,304.6,261.6,D,0
-12.4214,135.3277,335.1,2,1.4,2014-08-19,0057,Terra,MODIS,87,6.2,301.4,70,D,0
-12.2528,142.2642,322.1,1,1,2014-08-19,0057,Terra,MODIS,56,6.2,299.4,12,D,0
-12.4069,135.336,327.3,2,1.4,2014-08-19,0057,Terra,MODIS,26,6.2,301.6,44.1,D,0
-12.1296,142.2408,328.2,1,1,2014-08-19,0057,Terra,MODIS,82,6.2,298.4,19.9,D,0
-12.4005,135.8488,339.4,1.8,1.3,2014-08-19,0057,Terra,MODIS,90,6.2,299.4,87.5,D,0
-12.1158,134.6988,314.2,2.3,1.5,2014-08-19,0057,Terra,MODIS,50,6.2,298.2,22.5,D,0
-12.9428,142.009,318.7,1,1,2014-08-19,0057,Terra,MODIS,72,6.2,297.3,8.5,D,0
-12.9857,142.0502,327.7,1,1,2014-08-19,0057,Terra,MODIS,82,6.2,301,18.4,D,0
-12.5886,135.2294,326.8,2,1.4,2014-08-19,0057,Terra,MODIS,80,6.2,302.6,46.9,D,0
-12.5994,135.2335,327.9,2,1.4,2014-08-19,0057,Terra,MODIS,81,6.2,301.8,49.6,D,0
-12.7623,142.162,337.2,1,1,2014-08-19,0057,Terra,MODIS,74,6.2,303,30.7,D,0
-12.6537,135.2364,321.3,2,1.4,2014-08-19,0057,Terra,MODIS,66,6.2,301.9,31.6,D,0
-12.646,135.665,327.2,1.9,1.3,2014-08-19,0057,Terra,MODIS,80,6.2,300.9,45.9,D,0
-12.5019,135.2764,361,2,1.4,2014-08-19,0057,Terra,MODIS,100,6.2,302.1,227.3,D,0
-12.0112,136.2811,312.2,1.7,1.3,2014-08-19,0057,Terra,MODIS,0,6.2,298.2,10.4,D,0
-12.4401,141.9691,316.2,1,1,2014-08-19,0057,Terra,MODIS,67,6.2,298,7.3,D,0
-12.1193,134.7195,311,2.3,1.5,2014-08-19,0057,Terra,MODIS,33,6.2,297.8,14.3,D,0
-12.9023,141.983,333.9,1,1,2014-08-19,0057,Terra,MODIS,86,6.2,301.5,27,D,0
-12.4084,135.8577,319,1.8,1.3,2014-08-19,0057,Terra,MODIS,53,6.2,299.2,21.4,D,0
-12.1164,134.7139,312.7,2.3,1.5,2014-08-19,0057,Terra,MODIS,28,6.2,298.4,17,D,0
-12.331,135.0394,322.4,2.1,1.4,2014-08-19,0057,Terra,MODIS,70,6.2,300,39,D,0
-12.584,135.9909,313.4,1.8,1.3,2014-08-19,0057,Terra,MODIS,32,6.2,300.1,12.4,D,0
-12.5963,135.2145,346.7,2,1.4,2014-08-19,0057,Terra,MODIS,94,6.2,302,133.9,D,0
-12.8222,142.0013,321.4,1,1,2014-08-19,0057,Terra,MODIS,75,6.2,298.7,12.4,D,0
-12.6855,136.2599,319.1,1.7,1.3,2014-08-19,0057,Terra,MODIS,71,6.2,299.6,24,D,0
-12.4771,135.2807,331.4,2,1.4,2014-08-19,0057,Terra,MODIS,84,6.2,300.3,64.5,D,0
-12.6881,136.2752,318.3,1.7,1.3,2014-08-19,0057,Terra,MODIS,70,6.2,298.9,22.3,D,0
-12.4909,135.2713,367.1,2,1.4,2014-08-19,0057,Terra,MODIS,100,6.2,304.9,279.9,D,0
-12.0727,142.2272,319.5,1,1,2014-08-19,0057,Terra,MODIS,49,6.2,300,10.6,D,0
-12.4665,142.0248,316.6,1,1,2014-08-19,0057,Terra,MODIS,64,6.2,296.6,7.5,D,0
-12.9843,142.0409,320.7,1,1,2014-08-19,0057,Terra,MODIS,74,6.2,301.8,10,D,0
-12.9037,141.9923,315.5,1,1,2014-08-19,0057,Terra,MODIS,28,6.2,299.2,5.8,D,0
-12.4101,135.2788,385.9,2,1.4,2014-08-19,0057,Terra,MODIS,100,6.2,306.3,471.9,D,0
-12.3977,135.2808,342,2,1.4,2014-08-19,0057,Terra,MODIS,68,6.2,301.6,105.5,D,0
-12.4195,135.2584,345.8,2,1.4,2014-08-19,0057,Terra,MODIS,85,6.2,301.4,120.9,D,0
-12.3537,142.2621,328.1,1,1,2014-08-19,0057,Terra,MODIS,82,6.2,293.7,19.8,D,0
-12.2618,142.2629,332.1,1,1,2014-08-19,0057,Terra,MODIS,85,6.2,297.7,22.6,D,0
-12.3994,135.2747,346.3,2,1.4,2014-08-19,0057,Terra,MODIS,81,6.2,302.3,123,D,0
-12.4164,135.2398,351.4,2,1.4,2014-08-19,0057,Terra,MODIS,96,6.2,301.1,156,D,0
-12.3535,135.0952,312.1,2.1,1.4,2014-08-19,0057,Terra,MODIS,29,6.2,298,15.5,D,0
-12.3726,135.1313,318.7,2.1,1.4,2014-08-19,0057,Terra,MODIS,71,6.2,298.3,30.9,D,0
-12.3758,135.1503,354.9,2.1,1.4,2014-08-19,0057,Terra,MODIS,97,6.2,301,196.7,D,0
-12.379,135.1692,341.5,2.1,1.4,2014-08-19,0057,Terra,MODIS,91,6.2,299.3,113.2,D,0
-12.3766,135.1443,343.5,2.1,1.4,2014-08-19,0057,Terra,MODIS,92,6.2,300,125.3,D,0
-12.3799,135.1631,347.9,2.1,1.4,2014-08-19,0057,Terra,MODIS,94,6.2,300.9,147.3,D,0
-12.2002,133.0558,323.9,3,1.7,2014-08-19,0057,Terra,MODIS,30,6.2,301.9,63.1,D,0
-12.0564,142.5595,325.7,1,1,2014-08-19,0057,Terra,MODIS,80,6.2,294.7,18.7,D,0
-12.0487,142.5703,328.5,1,1,2014-08-19,0057,Terra,MODIS,82,6.2,295.4,23.6,D,0
-12.0473,142.5608,317.3,1,1,2014-08-19,0057,Terra,MODIS,65,6.2,296.5,10.8,D,0
-12.1961,136.4285,323.3,1.7,1.3,2014-08-19,0057,Terra,MODIS,54,6.2,301.1,28.8,D,0
-12.4179,135.2336,336.9,2,1.4,2014-08-19,0057,Terra,MODIS,88,6.2,300,85.6,D,0
-12.4211,135.2523,344.5,2,1.4,2014-08-19,0057,Terra,MODIS,92,6.2,301.6,121.3,D,0
-12.4243,135.2708,321.9,2,1.4,2014-08-19,0057,Terra,MODIS,63,6.2,300.1,29.5,D,0
-12.399,135.1986,316.7,2.1,1.4,2014-08-19,0057,Terra,MODIS,25,6.2,297.7,20.7,D,0
-12.4147,135.2151,321.3,2.1,1.4,2014-08-19,0057,Terra,MODIS,65,6.2,298.2,33.2,D,0
-11.8273,142.6339,329.4,1,1,2014-08-19,0057,Terra,MODIS,76,6.2,293.5,23.9,D,0
-12.3153,142.3122,327.6,1,1,2014-08-19,0057,Terra,MODIS,81,6.2,297.9,18.8,D,0
-12.3409,142.302,324.9,1,1,2014-08-19,0057,Terra,MODIS,77,6.2,299.6,15.8,D,0
-12.3446,142.2634,319.7,1,1,2014-08-19,0057,Terra,MODIS,63,6.2,297.5,10.8,D,0
-12.4119,135.2727,368,2,1.4,2014-08-19,0057,Terra,MODIS,100,6.2,303.3,278,D,0
-12.1772,136.5254,316.6,1.7,1.3,2014-08-19,0057,Terra,MODIS,65,6.2,299.2,15.4,D,0
-12.1746,136.5103,312.6,1.7,1.3,2014-08-19,0057,Terra,MODIS,46,6.2,299.7,9.5,D,0
-15.3289,133.1239,315.1,2.6,1.5,2014-08-19,0058,Terra,MODIS,53,6.2,299.4,31.2,D,0
-13.7981,131.9981,310.2,3.4,1.7,2014-08-19,0058,Terra,MODIS,42,6.2,296.8,20.6,D,0
-13.7456,131.9759,310.8,3.4,1.7,2014-08-19,0058,Terra,MODIS,38,6.2,296.8,23,D,0
-13.9901,132.0428,327.7,3.3,1.7,2014-08-19,0058,Terra,MODIS,81,6.2,298.5,106.9,D,0
-14.0624,132.023,315.4,3.3,1.7,2014-08-19,0058,Terra,MODIS,56,6.2,298.1,34.6,D,0
-14.0682,132.0538,330.3,3.3,1.7,2014-08-19,0058,Terra,MODIS,83,6.2,300.5,122.3,D,0
-13.1018,132.4631,320.2,3.2,1.7,2014-08-19,0058,Terra,MODIS,73,6.2,298.7,67.2,D,0
-13.1054,132.4695,321.2,3.2,1.7,2014-08-19,0058,Terra,MODIS,74,6.2,298.8,71.9,D,0
-13.5824,134.1322,318.8,2.4,1.5,2014-08-19,0058,Terra,MODIS,71,6.2,300.8,33.1,D,0
-13.5861,134.1536,316.5,2.3,1.5,2014-08-19,0058,Terra,MODIS,67,6.2,301.8,25.4,D,0
-15.3376,133.1281,312.3,2.6,1.5,2014-08-19,0058,Terra,MODIS,45,6.2,299.4,23.1,D,0
-15.3419,133.1519,338.6,2.6,1.5,2014-08-19,0058,Terra,MODIS,89,6.2,300.8,143.7,D,0
-15.3333,133.1477,335.5,2.6,1.5,2014-08-19,0058,Terra,MODIS,87,6.2,302.1,124.7,D,0
-15.3378,133.1714,313.9,2.6,1.5,2014-08-19,0058,Terra,MODIS,38,6.2,299.8,26.6,D,0
-12.7663,132.5516,316.8,3.2,1.7,2014-08-19,0058,Terra,MODIS,69,6.2,297.5,52.3,D,0
-12.7619,132.6129,310.6,3.2,1.7,2014-08-19,0058,Terra,MODIS,15,6.2,297.4,27.6,D,0
-12.7699,132.5581,316.3,3.2,1.7,2014-08-19,0058,Terra,MODIS,68,6.2,297.4,49.4,D,0
-13.9594,132.0488,315.7,3.3,1.7,2014-08-19,0058,Terra,MODIS,54,6.2,297.7,43.4,D,0
-13.9644,132.0552,315.2,3.3,1.7,2014-08-19,0058,Terra,MODIS,48,6.2,298,40.1,D,0
-13.502,132.4595,325.1,3.2,1.7,2014-08-19,0058,Terra,MODIS,79,6.2,298.5,92,D,0
-13.499,132.453,317.5,3.2,1.7,2014-08-19,0058,Terra,MODIS,69,6.2,298.3,55.1,D,0
-14.8196,142.5251,326.3,1.1,1,2014-08-19,0058,Terra,MODIS,65,6.2,305,15.8,D,0
-13.746,134.4758,327.8,2.2,1.4,2014-08-19,0058,Terra,MODIS,81,6.2,302.6,60.7,D,0
-15.6822,135.9138,314.8,1.6,1.2,2014-08-19,0058,Terra,MODIS,49,6.2,304.4,10.7,D,0
-15.0869,143.1209,376.9,1.1,1.1,2014-08-19,0058,Terra,MODIS,100,6.2,303.3,154.7,D,0
-14.894,142.4678,325.6,1.1,1,2014-08-19,0058,Terra,MODIS,70,6.2,302.8,14.9,D,0
-12.7696,132.0423,312,3.5,1.8,2014-08-19,0058,Terra,MODIS,47,6.2,298.5,28.7,D,0
-15.8715,135.8067,315.9,1.6,1.2,2014-08-19,0058,Terra,MODIS,29,6.2,303.8,12.1,D,0
-14.8741,142.4606,329,1.1,1,2014-08-19,0058,Terra,MODIS,50,6.2,305.3,16.9,D,0
-15.0722,143.1554,324.6,1.1,1.1,2014-08-19,0058,Terra,MODIS,75,6.2,303.9,11.5,D,0
-14.8834,142.4592,333,1.1,1,2014-08-19,0058,Terra,MODIS,75,6.2,303.6,23.4,D,0
-14.4838,134.8517,315.5,2,1.4,2014-08-19,0058,Terra,MODIS,65,6.2,303.9,21,D,0
-14.8954,142.4777,325.7,1.1,1,2014-08-19,0058,Terra,MODIS,71,6.2,304.4,14.9,D,0
-14.8182,142.5152,352.1,1.1,1,2014-08-19,0058,Terra,MODIS,96,6.2,305.6,63.2,D,0
-14.7145,142.1811,345.2,1,1,2014-08-19,0058,Terra,MODIS,92,6.2,304.2,46.2,D,0
-15.6438,135.8902,316.8,1.6,1.2,2014-08-19,0058,Terra,MODIS,44,6.2,303.2,12.4,D,0
-15.6442,135.8961,322.5,1.6,1.2,2014-08-19,0058,Terra,MODIS,75,6.2,303.5,24.2,D,0
-14.8275,142.5138,323.3,1.1,1,2014-08-19,0058,Terra,MODIS,73,6.2,305.5,13.1,D,0
-15.0884,143.1315,351.7,1.1,1.1,2014-08-19,0058,Terra,MODIS,96,6.2,302,62.9,D,0
-14.8289,142.5237,320.2,1.1,1,2014-08-19,0058,Terra,MODIS,63,6.2,305.6,9.3,D,0
-15.3059,135.0527,321.4,1.9,1.3,2014-08-19,0058,Terra,MODIS,74,6.2,301.6,31.5,D,0
-15.0855,143.1103,354.5,1.1,1.1,2014-08-19,0058,Terra,MODIS,97,6.2,302.6,73.1,D,0
-13.7496,134.4958,314.7,2.2,1.4,2014-08-19,0058,Terra,MODIS,63,6.2,303.4,18.7,D,0
-13.7478,134.4814,326.7,2.2,1.4,2014-08-19,0058,Terra,MODIS,80,6.2,303.1,56.1,D,0
-14.8634,142.4521,322.1,1.1,1,2014-08-19,0058,Terra,MODIS,40,6.2,303.3,10.3,D,0
-14.8762,141.9589,321.6,1,1,2014-08-19,0058,Terra,MODIS,30,6.2,303.8,10.3,D,0
-15.0936,143.0985,345.1,1.1,1.1,2014-08-19,0058,Terra,MODIS,92,6.2,300.7,51.2,D,0
-14.8749,141.9493,324.6,1,1,2014-08-19,0058,Terra,MODIS,51,6.2,302,13.5,D,0
-15.8827,135.8048,315.5,1.6,1.2,2014-08-19,0058,Terra,MODIS,30,6.2,303.7,11.4,D,0
-14.8727,142.4507,344.2,1.1,1,2014-08-19,0058,Terra,MODIS,92,6.2,305.5,44.3,D,0
-14.8342,142.4462,319.1,1.1,1,2014-08-19,0058,Terra,MODIS,58,6.2,302.9,9.1,D,0
-14.4715,134.854,313.9,2,1.4,2014-08-19,0058,Terra,MODIS,55,6.2,301.8,17.4,D,0
-14.8168,142.5052,352.7,1.1,1,2014-08-19,0058,Terra,MODIS,96,6.2,304,65,D,0
-14.8847,142.4691,354.5,1.1,1,2014-08-19,0058,Terra,MODIS,97,6.2,304.8,67.4,D,0
-14.7159,142.1908,322.4,1,1,2014-08-19,0058,Terra,MODIS,71,6.2,303.1,11.6,D,0
-15.0707,143.1448,331.8,1.1,1.1,2014-08-19,0058,Terra,MODIS,83,6.2,303,22.5,D,0
-15.2224,135.0682,321.5,1.9,1.3,2014-08-19,0058,Terra,MODIS,66,6.2,303.7,27.4,D,0
-15.6207,135.9607,325.2,1.6,1.2,2014-08-19,0058,Terra,MODIS,78,6.2,305.1,27.2,D,0
-14.882,142.4494,345.2,1.1,1,2014-08-19,0058,Terra,MODIS,92,6.2,304.3,46.6,D,0
-14.5139,144.2198,314.6,1.3,1.1,2014-08-19,0058,Terra,MODIS,50,6.2,295.8,7.9,D,0
-16.6475,139.3003,314.6,1,1,2014-08-19,0058,Terra,MODIS,44,6.2,303.4,5.4,D,0
-16.6566,139.2988,315,1,1,2014-08-19,0058,Terra,MODIS,56,6.2,301.6,5.8,D,0
-14.8346,142.5635,327.8,1.1,1,2014-08-19,0058,Terra,MODIS,79,6.2,303.2,18.6,D,0
-12.8576,130.8996,313.4,4.3,1.9,2014-08-19,0058,Terra,MODIS,56,6.2,297.9,51.7,D,0
-14.8253,142.5648,327.4,1.1,1,2014-08-19,0058,Terra,MODIS,78,6.2,304,18.4,D,0
-12.8558,130.9077,312.3,4.3,1.9,2014-08-19,0058,Terra,MODIS,47,6.2,297.5,41.3,D,0
-15.2314,135.119,315,1.8,1.3,2014-08-19,0058,Terra,MODIS,57,6.2,303.6,9.1,D,0
-15.185,135.0994,314.6,1.9,1.3,2014-08-19,0058,Terra,MODIS,41,6.2,303.3,13.7,D,0
-16.5791,139.3409,312.1,1,1,2014-08-19,0058,Terra,MODIS,42,6.2,301.8,4.9,D,0
-14.8267,142.5747,339.1,1.1,1,2014-08-19,0058,Terra,MODIS,88,6.2,303.3,37.2,D,0
-14.836,142.5734,319.1,1.1,1,2014-08-19,0058,Terra,MODIS,63,6.2,302,8.8,D,0
-14.0247,130.0153,332.3,4.7,2,2014-08-19,0058,Terra,MODIS,85,6.2,297.9,247.1,D,0
-13.9907,130.0279,322.5,4.7,2,2014-08-19,0058,Terra,MODIS,76,6.2,297.1,144.2,D,0
-13.9893,130.0226,321.2,4.7,2,2014-08-19,0058,Terra,MODIS,56,6.2,296.7,123,D,0
-13.999,130.0708,312,4.7,2,2014-08-19,0058,Terra,MODIS,45,6.2,298.1,56.8,D,0
-13.9958,132.0733,316.5,3.3,1.7,2014-08-19,0058,Terra,MODIS,35,6.2,298.7,40.1,D,0
-14.0894,132.082,314.2,3.3,1.7,2014-08-19,0058,Terra,MODIS,47,6.2,299.4,27.9,D,0
-14.0727,132.0588,326,3.3,1.7,2014-08-19,0058,Terra,MODIS,77,6.2,300.3,86.5,D,0
-14.0572,132.0614,317.4,3.3,1.7,2014-08-19,0058,Terra,MODIS,37,6.2,300.5,40.7,D,0
-14.0261,130.0205,333.6,4.7,2,2014-08-19,0058,Terra,MODIS,86,6.2,298.3,261.5,D,0
-21.632,149.0377,332.8,3.6,1.8,2014-08-19,0059,Terra,MODIS,87,6.2,294.8,196.5,D,0
-21.6288,149.0006,320.7,3.6,1.8,2014-08-19,0059,Terra,MODIS,76,6.2,292.8,105.2,D,0
-20.735,139.473,318.7,1,1,2014-08-19,0059,Terra,MODIS,50,6.2,302.1,9.4,D,2
-20.7364,139.4825,317.9,1,1,2014-08-19,0059,Terra,MODIS,61,6.2,301.7,8.6,D,2
-17.1612,138.6917,319.5,1.1,1,2014-08-19,0059,Terra,MODIS,60,6.2,300.9,10.2,D,0
-17.1628,138.7016,340.4,1.1,1,2014-08-19,0059,Terra,MODIS,90,6.2,304.5,38.8,D,0
-17.1751,138.72,326.6,1.1,1,2014-08-19,0059,Terra,MODIS,24,6.2,304.9,15,D,0
-21.6448,148.9986,309.2,3.6,1.8,2014-08-19,0059,Terra,MODIS,50,6.2,291.4,47.3,D,0
-17.2273,138.7663,327.8,1.1,1,2014-08-19,0059,Terra,MODIS,40,6.2,306.1,16.6,D,0
-17.238,138.7746,327.7,1.1,1,2014-08-19,0059,Terra,MODIS,39,6.2,304.5,16.1,D,0
-17.258,138.7815,321.7,1.1,1,2014-08-19,0059,Terra,MODIS,56,6.2,306.8,9.3,D,0
-17.2596,138.7913,318.6,1.1,1,2014-08-19,0059,Terra,MODIS,64,6.2,306,6.7,D,0
-17.1905,138.7581,330.8,1.1,1,2014-08-19,0059,Terra,MODIS,74,6.2,305.1,22,D,0
-17.2013,138.7055,370.9,1.1,1,2014-08-19,0059,Terra,MODIS,100,6.2,308.2,119.6,D,0
-17.2059,138.7352,367.5,1.1,1,2014-08-19,0059,Terra,MODIS,100,6.2,308.1,102.8,D,0
-17.2121,138.7139,340.9,1.1,1,2014-08-19,0059,Terra,MODIS,63,6.2,306.8,37,D,0
-17.2195,138.7168,366,1.1,1,2014-08-19,0059,Terra,MODIS,100,6.2,307.3,103.6,D,0
-17.2211,138.7267,348.8,1.1,1,2014-08-19,0059,Terra,MODIS,94,6.2,310.3,54.1,D,0
-17.2287,138.7153,321.9,1.1,1,2014-08-19,0059,Terra,MODIS,58,6.2,298.6,12.8,D,0
-17.2303,138.7252,369.5,1.1,1,2014-08-19,0059,Terra,MODIS,100,6.2,309.3,116,D,0
-17.2411,138.7336,331.4,1.1,1,2014-08-19,0059,Terra,MODIS,47,6.2,305.1,20.8,D,0
-21.6481,149.0352,323.4,3.6,1.8,2014-08-19,0059,Terra,MODIS,80,6.2,293.4,126.2,D,0
-17.2082,139.1159,320.1,1,1,2014-08-19,0059,Terra,MODIS,70,6.2,302.6,10.7,D,0
-17.2097,139.1255,326.4,1,1,2014-08-19,0059,Terra,MODIS,78,6.2,304.7,17.1,D,0
-22.516,149.5388,309.2,4,1.9,2014-08-19,0100,Terra,MODIS,60,6.2,297.2,45.7,D,0
-22.5033,149.5348,310.4,4,1.9,2014-08-19,0100,Terra,MODIS,64,6.2,297.1,52.4,D,0
-24.5871,149.937,304.9,4.5,2,2014-08-19,0100,Terra,MODIS,50,6.2,294,35.1,D,0
-23.7103,132.8228,307.6,1.8,1.3,2014-08-19,0101,Terra,MODIS,26,6.2,293.1,13,D,0
-23.7255,132.8381,308.4,1.8,1.3,2014-08-19,0101,Terra,MODIS,53,6.2,293.1,15.4,D,0
-23.7221,132.8201,314.2,1.8,1.3,2014-08-19,0101,Terra,MODIS,69,6.2,293.1,25.8,D,0
-34.1431,142.1874,300.4,1.7,1.3,2014-08-19,0103,Terra,MODIS,32,6.2,285.7,7.3,D,0
-15.1752,126.1048,319.1,4.1,1.9,2014-08-19,0236,Terra,MODIS,25,6.2,300.9,61.3,D,0
-15.1712,126.0672,326.8,4.1,1.9,2014-08-19,0236,Terra,MODIS,78,6.2,301.4,121.1,D,0
-15.1792,126.0971,321.7,4.1,1.9,2014-08-19,0236,Terra,MODIS,74,6.2,300.8,89.7,D,0
-15.1754,126.0594,318.9,4.1,1.9,2014-08-19,0236,Terra,MODIS,69,6.2,301,67.8,D,0
-17.4786,124.0382,328.3,3,1.7,2014-08-19,0237,Terra,MODIS,57,6.2,304.3,91.9,D,0
-17.4636,124.0399,325.2,3,1.7,2014-08-19,0237,Terra,MODIS,53,6.2,303.8,76.2,D,0
-17.4802,124.0604,323.4,3.1,1.7,2014-08-19,0237,Terra,MODIS,44,6.2,307,62.8,D,0
-17.4773,124.0315,323.8,3,1.7,2014-08-19,0237,Terra,MODIS,51,6.2,302.6,67.1,D,0
-17.7377,123.9275,331.9,3,1.7,2014-08-19,0237,Terra,MODIS,77,6.2,307.1,105.2,D,0
-17.7053,123.7673,337.8,2.9,1.6,2014-08-19,0237,Terra,MODIS,87,6.2,305.7,140.7,D,0
-17.2956,123.0298,329.9,2.5,1.5,2014-08-19,0237,Terra,MODIS,80,6.2,303.6,66.6,D,0
-17.2792,123.0076,320.8,2.5,1.5,2014-08-19,0237,Terra,MODIS,38,6.2,302.3,34.5,D,0
-17.7023,123.7399,319.8,2.9,1.6,2014-08-19,0237,Terra,MODIS,37,6.2,307.3,34.1,D,0
-17.5534,122.6519,316.5,2.4,1.5,2014-08-19,0237,Terra,MODIS,44,6.2,303.3,23.5,D,0
-17.5624,122.493,333.8,2.3,1.5,2014-08-19,0237,Terra,MODIS,84,6.2,306.6,77.8,D,0
-17.5687,122.714,321.3,2.4,1.5,2014-08-19,0237,Terra,MODIS,65,6.2,306.1,36.5,D,0
-17.5746,122.7188,316.3,2.4,1.5,2014-08-19,0237,Terra,MODIS,35,6.2,305.1,20.5,D,0
-17.5416,122.4293,324.9,2.3,1.5,2014-08-19,0237,Terra,MODIS,59,6.2,302.5,46.5,D,0
-17.5757,122.4915,328.3,2.3,1.5,2014-08-19,0237,Terra,MODIS,55,6.2,304.3,56.3,D,0
-17.5582,122.4879,328.2,2.3,1.5,2014-08-19,0237,Terra,MODIS,61,6.2,305.8,53.4,D,0
-17.5715,122.4865,333.7,2.3,1.5,2014-08-19,0237,Terra,MODIS,78,6.2,304.3,85,D,0
-17.2628,122.9854,317.3,2.5,1.5,2014-08-19,0237,Terra,MODIS,12,6.2,303.1,26.1,D,0
-17.5916,123.1233,325.2,2.6,1.6,2014-08-19,0237,Terra,MODIS,75,6.2,304.8,58.7,D,0
-17.589,123.0988,319.8,2.6,1.5,2014-08-19,0237,Terra,MODIS,50,6.2,302.9,38,D,0
-17.2766,122.9838,340.6,2.5,1.5,2014-08-19,0237,Terra,MODIS,89,6.2,304.1,136.8,D,0
-17.5058,123.165,320.5,2.6,1.6,2014-08-19,0237,Terra,MODIS,62,6.2,304.6,38.5,D,0
-17.2038,123.0214,328,2.5,1.5,2014-08-19,0237,Terra,MODIS,79,6.2,303.6,72.4,D,0
-17.2701,122.99,342.7,2.5,1.5,2014-08-19,0237,Terra,MODIS,91,6.2,304,151.4,D,0
-17.7058,123.7618,337,2.9,1.6,2014-08-19,0237,Terra,MODIS,87,6.2,305.6,137.7,D,0
-17.7383,123.9328,334.2,3,1.7,2014-08-19,0237,Terra,MODIS,80,6.2,306.7,116.2,D,0
-21.8753,119.4874,315.2,1.6,1.3,2014-08-19,0238,Terra,MODIS,57,6.2,303,11.4,D,0
-32.2244,152.2734,315.2,1,1,2014-08-19,0341,Aqua,MODIS,72,6.2,284,15.7,D,0
-32.2175,152.2777,316.1,1,1,2014-08-19,0341,Aqua,MODIS,76,6.2,286.7,16.5,D,0
-32.219,152.2668,300.1,1,1,2014-08-19,0341,Aqua,MODIS,20,6.2,285,5.6,D,0
-27.0634,153.1849,345.7,1,1,2014-08-19,0342,Aqua,MODIS,89,6.2,297.8,51,D,0
-27.0709,153.1968,306.8,1,1,2014-08-19,0342,Aqua,MODIS,45,6.2,295,4.2,D,0
-27.0619,153.1951,350.7,1,1,2014-08-19,0342,Aqua,MODIS,0,6.2,295.6,61.2,D,0
-23.9316,151.1828,308.7,1,1,2014-08-19,0343,Aqua,MODIS,27,6.2,297.1,4.4,D,0
-23.9303,151.1926,319.4,1,1,2014-08-19,0343,Aqua,MODIS,73,6.2,298.3,13,D,0
-23.923,151.1857,316.2,1,1,2014-08-19,0343,Aqua,MODIS,69,6.2,299,9.9,D,0
-26.1302,149.9714,311.6,1.1,1,2014-08-19,0343,Aqua,MODIS,38,6.2,297.5,7.3,D,0
-24.6153,152.1259,307.8,1,1,2014-08-19,0343,Aqua,MODIS,41,6.2,296.2,5.4,D,0
-24.6365,152.0451,308.2,1,1,2014-08-19,0343,Aqua,MODIS,54,6.2,297.7,5.2,D,0
-26.8141,152.4395,305.9,1,1,2014-08-19,0343,Aqua,MODIS,40,6.2,282.3,6,D,0
-24.6758,152.0925,323,1,1,2014-08-19,0343,Aqua,MODIS,49,6.2,299.2,14.6,D,0
-23.9125,149.2301,310,1.1,1.1,2014-08-19,0343,Aqua,MODIS,40,6.2,299.7,6.7,D,0
-25.1689,151.2084,332.1,1,1,2014-08-19,0343,Aqua,MODIS,86,6.2,300.4,25.9,D,0
-25.1676,151.2184,331.4,1,1,2014-08-19,0343,Aqua,MODIS,86,6.2,300.3,24.9,D,0
-26.594,152.5621,320.3,1,1,2014-08-19,0343,Aqua,MODIS,79,6.2,294.5,15.3,D,0
-26.5768,152.5523,311.4,1,1,2014-08-19,0343,Aqua,MODIS,53,6.2,288.9,9.8,D,0
-25.1585,151.2169,319.7,1,1,2014-08-19,0343,Aqua,MODIS,76,6.2,299.2,12.7,D,0
-25.1599,151.2069,320.2,1,1,2014-08-19,0343,Aqua,MODIS,76,6.2,300.1,13.2,D,0
-24.4335,150.4735,313.3,1,1,2014-08-19,0343,Aqua,MODIS,64,6.2,302.7,5.6,D,0
-24.4243,150.472,335.6,1,1,2014-08-19,0343,Aqua,MODIS,88,6.2,302.1,31.6,D,0
-24.6744,152.1024,325,1,1,2014-08-19,0343,Aqua,MODIS,63,6.2,298,17.1,D,0
-24.9306,148.0784,311.6,1.3,1.1,2014-08-19,0343,Aqua,MODIS,58,6.2,290.8,14.7,D,0
-24.7067,151.8148,321.6,1,1,2014-08-19,0343,Aqua,MODIS,78,6.2,299.7,14.3,D,0
-24.6887,151.8117,355,1,1,2014-08-19,0343,Aqua,MODIS,98,6.2,301.4,67.2,D,0
-24.6991,151.8034,430.3,1,1,2014-08-19,0343,Aqua,MODIS,100,6.2,320,482.2,D,0
-24.6977,151.8133,399.9,1,1,2014-08-19,0343,Aqua,MODIS,100,6.2,307.8,245.9,D,0
-24.6901,151.8018,410,1,1,2014-08-19,0343,Aqua,MODIS,100,6.2,309,312,D,0
-24.3878,151.7952,316.1,1,1,2014-08-19,0343,Aqua,MODIS,72,6.2,300.2,9.1,D,0
-24.3892,151.7854,314.1,1,1,2014-08-19,0343,Aqua,MODIS,69,6.2,300.5,7.6,D,0
-24.7567,151.91,310.9,1,1,2014-08-19,0343,Aqua,MODIS,54,6.2,295.5,6.8,D,0
-24.7081,151.805,316.4,1,1,2014-08-19,0343,Aqua,MODIS,67,6.2,299.5,9.7,D,0
-24.7477,151.9084,329,1,1,2014-08-19,0343,Aqua,MODIS,84,6.2,296.6,24.5,D,0
-24.9538,150.9691,322.9,1,1,2014-08-19,0343,Aqua,MODIS,69,6.2,294.9,17.5,D,0
-24.9461,150.9575,342.2,1,1,2014-08-19,0343,Aqua,MODIS,92,6.2,299,43.8,D,0
-24.9448,150.9676,337.7,1,1,2014-08-19,0343,Aqua,MODIS,87,6.2,295.4,36.5,D,0
-24.9357,150.966,323.3,1,1,2014-08-19,0343,Aqua,MODIS,79,6.2,295.1,18.8,D,0
-24.3149,151.4638,315.1,1,1,2014-08-19,0343,Aqua,MODIS,58,6.2,300.9,9.7,D,0
-26.5719,152.0069,315,1,1,2014-08-19,0343,Aqua,MODIS,59,6.2,290.4,11.2,D,0
-24.6564,152.0992,318.8,1,1,2014-08-19,0343,Aqua,MODIS,29,6.2,298.8,11.2,D,0
-24.634,152.1257,315.1,1,1,2014-08-19,0343,Aqua,MODIS,47,6.2,297.7,9.2,D,0
-23.8792,151.0373,315.5,1,1,2014-08-19,0343,Aqua,MODIS,68,6.2,299.5,9.5,D,0
-23.8806,151.0274,311.2,1,1,2014-08-19,0343,Aqua,MODIS,57,6.2,300,5.7,D,0
-24.6654,152.1008,325.1,1,1,2014-08-19,0343,Aqua,MODIS,61,6.2,298.4,17.1,D,0
-24.6265,152.1142,310.5,1,1,2014-08-19,0343,Aqua,MODIS,39,6.2,296.4,5.8,D,0
-24.625,152.1241,331.3,1,1,2014-08-19,0343,Aqua,MODIS,86,6.2,297.2,26.5,D,0
-24.7491,151.8986,314.2,1,1,2014-08-19,0343,Aqua,MODIS,68,6.2,296.3,9.2,D,0
-24.6915,151.792,325.7,1,1,2014-08-19,0343,Aqua,MODIS,67,6.2,298.8,18,D,0
-21.6303,149.0174,322.5,1.1,1,2014-08-19,0344,Aqua,MODIS,67,6.2,299.8,16.4,D,0
-21.6383,149.0295,322.5,1.1,1,2014-08-19,0344,Aqua,MODIS,65,6.2,301.4,16.7,D,0
-21.5926,149.0117,314.7,1.1,1,2014-08-19,0344,Aqua,MODIS,56,6.2,301.1,9.2,D,0
-22.5977,150.0802,312.6,1,1,2014-08-19,0344,Aqua,MODIS,58,6.2,301.4,6.2,D,0
-23.4155,149.7849,310.5,1.1,1,2014-08-19,0344,Aqua,MODIS,34,6.2,298.3,5.4,D,0
-22.5963,150.0902,333.3,1,1,2014-08-19,0344,Aqua,MODIS,86,6.2,301.3,29.6,D,0
-22.2693,148.9595,315.5,1.1,1.1,2014-08-19,0344,Aqua,MODIS,62,6.2,302.7,8.4,D,0
-22.2802,148.9501,337,1.1,1.1,2014-08-19,0344,Aqua,MODIS,88,6.2,305.3,37.5,D,0
-22.3198,148.4917,327.5,1.2,1.1,2014-08-19,0344,Aqua,MODIS,80,6.2,303.5,22.9,D,0
-22.3295,148.4931,336.3,1.2,1.1,2014-08-19,0344,Aqua,MODIS,87,6.2,304.3,38.4,D,0
-22.2788,148.9609,346.8,1.1,1.1,2014-08-19,0344,Aqua,MODIS,93,6.2,303.6,57.8,D,0
-16.9927,145.5724,335.3,1.5,1.2,2014-08-19,0345,Aqua,MODIS,69,6.2,295.1,53.8,D,0
-17.1107,145.5396,317,1.5,1.2,2014-08-19,0345,Aqua,MODIS,42,6.2,296.6,21.3,D,0
-16.9818,145.5711,352.7,1.5,1.2,2014-08-19,0345,Aqua,MODIS,96,6.2,298.4,112.4,D,0
-17.0635,145.5621,319.9,1.5,1.2,2014-08-19,0345,Aqua,MODIS,55,6.2,295.3,25.5,D,0
-17.0653,145.5476,316.3,1.5,1.2,2014-08-19,0345,Aqua,MODIS,44,6.2,299,17.7,D,0
-17.1236,145.526,329.1,1.5,1.2,2014-08-19,0345,Aqua,MODIS,58,6.2,299.5,40.8,D,0
-17.0743,145.5647,342.6,1.5,1.2,2014-08-19,0345,Aqua,MODIS,91,6.2,295.7,80.9,D,0
-17.0761,145.5502,339.7,1.5,1.2,2014-08-19,0345,Aqua,MODIS,89,6.2,298.7,70.7,D,0
-16.9549,145.5912,315.2,1.5,1.2,2014-08-19,0345,Aqua,MODIS,32,6.2,293.4,17.8,D,0
-14.8192,144.9575,360.1,1.6,1.2,2014-08-19,0346,Aqua,MODIS,100,6.2,300,150,D,0
-14.8892,142.4611,324.8,2.4,1.5,2014-08-19,0346,Aqua,MODIS,68,6.2,301.6,37.1,D,0
-14.7971,144.9545,321.2,1.6,1.2,2014-08-19,0346,Aqua,MODIS,49,6.2,300.2,21.7,D,0
-14.8082,144.956,336.7,1.6,1.2,2014-08-19,0346,Aqua,MODIS,87,6.2,299.4,58.4,D,0
-14.8811,142.415,325,2.4,1.5,2014-08-19,0346,Aqua,MODIS,32,6.2,299.9,43.6,D,0
-14.8844,142.4679,328.2,2.4,1.5,2014-08-19,0346,Aqua,MODIS,71,6.2,302.2,52.4,D,0
-15.529,145.2153,315.8,1.5,1.2,2014-08-19,0346,Aqua,MODIS,47,6.2,298.6,14.7,D,0
-15.0298,145.1045,338.3,1.5,1.2,2014-08-19,0346,Aqua,MODIS,88,6.2,298.2,67,D,0
-14.8361,142.5658,321.1,2.3,1.5,2014-08-19,0346,Aqua,MODIS,72,6.2,302.1,34.4,D,0
-14.8247,142.058,318.1,2.6,1.5,2014-08-19,0346,Aqua,MODIS,54,6.2,295.5,30.2,D,0
-17.053,141.3647,324.8,3.1,1.7,2014-08-19,0346,Aqua,MODIS,63,6.2,306.5,62.5,D,0
-17.0705,141.3624,319,3.1,1.7,2014-08-19,0346,Aqua,MODIS,41,6.2,304.5,32.8,D,0
-17.0523,141.3898,318.8,3.1,1.7,2014-08-19,0346,Aqua,MODIS,56,6.2,306.6,33.7,D,0
-17.0554,141.3607,323.1,3.1,1.7,2014-08-19,0346,Aqua,MODIS,68,6.2,306.7,57.2,D,0
-13.5806,141.8259,320.2,2.6,1.5,2014-08-19,0346,Aqua,MODIS,73,6.2,298.8,39.5,D,0
-13.5892,141.8223,324.7,2.6,1.5,2014-08-19,0346,Aqua,MODIS,79,6.2,299,57.8,D,0
-14.8333,142.0542,325.1,2.6,1.5,2014-08-19,0346,Aqua,MODIS,73,6.2,298.1,59.6,D,0
-14.8273,142.0342,322.5,2.6,1.5,2014-08-19,0346,Aqua,MODIS,72,6.2,300.2,46.2,D,0
-13.5559,141.7458,321.5,2.6,1.5,2014-08-19,0346,Aqua,MODIS,75,6.2,298.5,45.2,D,0
-13.5205,143.254,315.4,2,1.4,2014-08-19,0346,Aqua,MODIS,63,6.2,295,26.2,D,0
-17.2291,139.0819,321,4.6,2,2014-08-19,0346,Aqua,MODIS,59,6.2,300.5,108.1,D,0
-17.2255,139.1169,321.7,4.6,2,2014-08-19,0346,Aqua,MODIS,42,6.2,301.6,110.9,D,0
-17.2298,139.0735,316.4,4.6,2,2014-08-19,0346,Aqua,MODIS,19,6.2,300.6,71.2,D,0
-17.2119,139.0717,321.9,4.6,2,2014-08-19,0346,Aqua,MODIS,59,6.2,299.9,118.5,D,0
-17.2113,139.0801,323.5,4.6,2,2014-08-19,0346,Aqua,MODIS,64,6.2,300.1,132.2,D,0
-13.5176,143.2464,316.5,2,1.4,2014-08-19,0346,Aqua,MODIS,60,6.2,295.2,27.2,D,0
-14.8361,142.0304,320.1,2.6,1.5,2014-08-19,0346,Aqua,MODIS,66,6.2,300,38.4,D,0
-12.184,141.9286,321.2,2.4,1.5,2014-08-19,0347,Aqua,MODIS,0,6.2,302,45.5,D,0
-13.3534,141.9235,315.2,2.5,1.5,2014-08-19,0347,Aqua,MODIS,64,6.2,297.7,25,D,0
-12.4511,141.9807,317.7,2.4,1.5,2014-08-19,0347,Aqua,MODIS,19,6.2,297.9,23.8,D,0
-12.0589,142.2111,316,2.3,1.5,2014-08-19,0347,Aqua,MODIS,35,6.2,295.7,22.2,D,0
-12.9195,141.9771,322.6,2.4,1.5,2014-08-19,0347,Aqua,MODIS,76,6.2,293.7,50.4,D,0
-12.2597,142.2536,321.4,2.3,1.5,2014-08-19,0347,Aqua,MODIS,72,6.2,290.3,40,D,0
-12.4537,141.9586,328.5,2.4,1.5,2014-08-19,0347,Aqua,MODIS,82,6.2,296.2,67.2,D,0
-12.8575,142.0373,318,2.4,1.5,2014-08-19,0347,Aqua,MODIS,54,6.2,297.3,34.7,D,0
-12.4726,142.0274,317,2.4,1.5,2014-08-19,0347,Aqua,MODIS,30,6.2,294.4,19.9,D,0
-12.3384,142.2634,317.2,2.3,1.5,2014-08-19,0347,Aqua,MODIS,60,6.2,291.7,27.6,D,0
-11.8392,142.622,323.4,2.1,1.4,2014-08-19,0347,Aqua,MODIS,67,6.2,294.2,42.5,D,0
-11.8414,142.6026,318.8,2.1,1.4,2014-08-19,0347,Aqua,MODIS,43,6.2,294.1,28.2,D,0
-12.263,142.2489,317.4,2.3,1.5,2014-08-19,0347,Aqua,MODIS,46,6.2,290.8,27.8,D,0
-11.8392,142.617,326.4,2.1,1.4,2014-08-19,0347,Aqua,MODIS,80,6.2,294.2,55.6,D,0
-24.6067,126.1586,329.6,1,1,2014-08-19,0522,Aqua,MODIS,75,6.2,313,14.9,D,0
-24.6081,126.1486,327.3,1,1,2014-08-19,0522,Aqua,MODIS,71,6.2,313.9,11.9,D,0
-24.6221,126.1817,337,1,1,2014-08-19,0522,Aqua,MODIS,84,6.2,309.9,26.5,D,0
-24.6207,126.1917,325.6,1,1,2014-08-19,0522,Aqua,MODIS,62,6.2,305.5,11.9,D,0
-24.6158,126.1601,331.6,1,1,2014-08-19,0522,Aqua,MODIS,78,6.2,311.4,16.3,D,0
-24.6298,126.1933,359.3,1,1,2014-08-19,0522,Aqua,MODIS,99,6.2,308.3,75.6,D,0
-24.6312,126.1832,340.2,1,1,2014-08-19,0522,Aqua,MODIS,87,6.2,310.3,33.7,D,0
-21.8801,119.4861,317.6,2.2,1.4,2014-08-19,0523,Aqua,MODIS,49,6.2,306.8,17.5,D,0
-19.9072,127.3671,329.8,1.1,1,2014-08-19,0523,Aqua,MODIS,71,6.2,310.3,14.7,D,0
-19.898,127.3655,336.3,1.1,1,2014-08-19,0523,Aqua,MODIS,82,6.2,314,23.6,D,0
-19.8393,127.3896,326.6,1.1,1,2014-08-19,0523,Aqua,MODIS,65,6.2,311.4,10.1,D,0
-20.2326,127.8963,340.7,1.1,1,2014-08-19,0523,Aqua,MODIS,87,6.2,309.7,34.2,D,0
-19.8883,127.3776,336.5,1.1,1,2014-08-19,0523,Aqua,MODIS,82,6.2,313,24.4,D,0
-19.8485,127.3912,325.1,1.1,1,2014-08-19,0523,Aqua,MODIS,59,6.2,310.5,8.4,D,0
-20.2233,127.8946,328.9,1.1,1,2014-08-19,0523,Aqua,MODIS,73,6.2,310.6,15.3,D,0
-18.5314,130.1664,338,1.5,1.2,2014-08-19,0524,Aqua,MODIS,86,6.2,307.2,54.1,D,0
-15.4649,129.1334,328.5,1.5,1.2,2014-08-19,0524,Aqua,MODIS,28,6.2,306.9,22.1,D,0
-18.5219,130.0696,326,1.5,1.2,2014-08-19,0524,Aqua,MODIS,72,6.2,308.8,24.6,D,0
-18.5799,130.2803,321.4,1.6,1.2,2014-08-19,0524,Aqua,MODIS,43,6.2,310.1,14,D,0
-18.5689,130.2782,392.1,1.6,1.2,2014-08-19,0524,Aqua,MODIS,100,6.2,316.6,373.8,D,0
-18.5714,130.2636,363.9,1.6,1.2,2014-08-19,0524,Aqua,MODIS,100,6.2,314.1,157.3,D,0
-17.5046,123.9281,332.4,1.1,1,2014-08-19,0524,Aqua,MODIS,78,6.2,307.6,22.4,D,0
-17.5019,123.9478,327.1,1.1,1,2014-08-19,0524,Aqua,MODIS,61,6.2,304.6,15.7,D,0
-17.5006,123.9577,333.8,1.1,1,2014-08-19,0524,Aqua,MODIS,80,6.2,303.7,25.3,D,0
-17.4992,123.9675,383.3,1,1,2014-08-19,0524,Aqua,MODIS,100,6.2,312.1,167.7,D,0
-17.5111,123.9492,337.9,1.1,1,2014-08-19,0524,Aqua,MODIS,84,6.2,307.4,29.9,D,0
-17.5098,123.959,346.7,1.1,1,2014-08-19,0524,Aqua,MODIS,92,6.2,306.9,46.9,D,0
-18.5579,130.2761,392.8,1.6,1.2,2014-08-19,0524,Aqua,MODIS,100,6.2,312.4,380.7,D,0
-18.5604,130.2616,349.7,1.6,1.2,2014-08-19,0524,Aqua,MODIS,94,6.2,311.8,89.1,D,0
-18.5384,130.2575,330.9,1.6,1.2,2014-08-19,0524,Aqua,MODIS,66,6.2,306.5,34.5,D,0
-18.5409,130.2429,353.2,1.5,1.2,2014-08-19,0524,Aqua,MODIS,96,6.2,313.1,107.3,D,0
-18.5299,130.2409,354.1,1.5,1.2,2014-08-19,0524,Aqua,MODIS,97,6.2,306.4,113.6,D,0
-18.5324,130.2263,328.9,1.5,1.2,2014-08-19,0524,Aqua,MODIS,51,6.2,307.3,29.9,D,0
-18.5374,130.1973,333.3,1.5,1.2,2014-08-19,0524,Aqua,MODIS,76,6.2,308.4,38.6,D,0
-18.5239,130.2097,384.8,1.5,1.2,2014-08-19,0524,Aqua,MODIS,100,6.2,310.4,307.1,D,0
-18.5264,130.1952,379.3,1.5,1.2,2014-08-19,0524,Aqua,MODIS,100,6.2,310.2,260,D,0
-18.52,130.2173,319.5,1.5,1.2,2014-08-19,0524,Aqua,MODIS,49,6.2,303.3,16.7,D,0
-18.5224,130.2027,386.5,1.5,1.2,2014-08-19,0524,Aqua,MODIS,100,6.2,312,323.4,D,0
-18.5423,130.1684,327.4,1.5,1.2,2014-08-19,0524,Aqua,MODIS,65,6.2,308.7,25.5,D,0
-18.5544,130.0971,327.3,1.5,1.2,2014-08-19,0524,Aqua,MODIS,64,6.2,308.9,24.1,D,0
-18.5338,130.152,323.7,1.5,1.2,2014-08-19,0524,Aqua,MODIS,30,6.2,306.7,19.3,D,0
-18.5411,130.1093,327.7,1.5,1.2,2014-08-19,0524,Aqua,MODIS,54,6.2,304,25.7,D,0
-18.5436,130.0951,392.9,1.5,1.2,2014-08-19,0524,Aqua,MODIS,100,6.2,314.7,368.1,D,0
-18.546,130.0809,340.5,1.5,1.2,2014-08-19,0524,Aqua,MODIS,88,6.2,307.1,56,D,0
-18.5327,130.093,362.6,1.5,1.2,2014-08-19,0524,Aqua,MODIS,100,6.2,306.1,147.9,D,0
-17.36,123.7118,328,1.1,1,2014-08-19,0524,Aqua,MODIS,55,6.2,311.5,11.4,D,0
-17.381,123.741,328.2,1.1,1,2014-08-19,0524,Aqua,MODIS,51,6.2,310.7,13,D,0
-17.4195,123.7364,331.6,1.1,1,2014-08-19,0524,Aqua,MODIS,63,6.2,309.4,18.1,D,0
-17.4181,123.7464,336.2,1.1,1,2014-08-19,0524,Aqua,MODIS,79,6.2,310.7,25.9,D,0
-18.5351,130.0788,369.4,1.5,1.2,2014-08-19,0524,Aqua,MODIS,100,6.2,310.2,184.4,D,0
-17.4288,123.7378,333,1.1,1,2014-08-19,0524,Aqua,MODIS,79,6.2,309.6,22.1,D,0
-18.5376,130.0647,338.5,1.5,1.2,2014-08-19,0524,Aqua,MODIS,86,6.2,306.9,50.2,D,0
-18.5389,130.1022,369.5,1.5,1.2,2014-08-19,0524,Aqua,MODIS,100,6.2,308.1,189.5,D,0
-18.5413,130.088,373.8,1.5,1.2,2014-08-19,0524,Aqua,MODIS,100,6.2,313.2,214.2,D,0
-18.5436,130.0738,327.4,1.5,1.2,2014-08-19,0524,Aqua,MODIS,34,6.2,306,22,D,0
-18.5328,130.0717,375.1,1.5,1.2,2014-08-19,0524,Aqua,MODIS,100,6.2,312.2,223.5,D,0
-15.5291,128.3136,330.3,1.3,1.1,2014-08-19,0524,Aqua,MODIS,74,6.2,312.1,21.8,D,0
-16.5679,128.0904,332.9,1.2,1.1,2014-08-19,0524,Aqua,MODIS,78,6.2,307.8,27.5,D,0
-16.566,128.1018,337.3,1.2,1.1,2014-08-19,0524,Aqua,MODIS,84,6.2,309.3,36.3,D,0
-16.5642,128.1132,322.6,1.2,1.1,2014-08-19,0524,Aqua,MODIS,41,6.2,306.3,11.2,D,0
-15.4735,129.1292,346.8,1.5,1.2,2014-08-19,0524,Aqua,MODIS,92,6.2,310.6,72.8,D,0
-15.4671,129.1199,344.9,1.5,1.2,2014-08-19,0524,Aqua,MODIS,91,6.2,308.8,67.4,D,0
-15.4778,129.1217,333,1.5,1.2,2014-08-19,0524,Aqua,MODIS,47,6.2,311,29.4,D,0
-15.5621,129.2416,326.5,1.5,1.2,2014-08-19,0524,Aqua,MODIS,61,6.2,311.4,19.4,D,0
-17.5071,123.9787,327.8,1,1,2014-08-19,0524,Aqua,MODIS,70,6.2,307.6,14.4,D,0
-17.4965,123.9872,320.8,1,1,2014-08-19,0524,Aqua,MODIS,12,6.2,306.9,6.2,D,0
-17.4979,123.9773,378.9,1,1,2014-08-19,0524,Aqua,MODIS,100,6.2,312.8,146.9,D,0
-17.4873,123.9858,353.4,1,1,2014-08-19,0524,Aqua,MODIS,96,6.2,309.8,61.7,D,0
-17.5084,123.9689,348.2,1,1,2014-08-19,0524,Aqua,MODIS,93,6.2,308,49.7,D,0
-17.4887,123.976,372.6,1,1,2014-08-19,0524,Aqua,MODIS,100,6.2,310.5,122.1,D,0
-17.4596,124.0517,348.5,1,1,2014-08-19,0524,Aqua,MODIS,93,6.2,311.8,47.5,D,0
-17.4609,124.0419,367.5,1,1,2014-08-19,0524,Aqua,MODIS,100,6.2,314.3,99.1,D,0
-17.4636,124.0223,327.8,1,1,2014-08-19,0524,Aqua,MODIS,49,6.2,310.9,12.9,D,0
-17.4768,123.9943,336,1,1,2014-08-19,0524,Aqua,MODIS,80,6.2,308.8,25.3,D,0
-17.4781,123.9844,359.1,1,1,2014-08-19,0524,Aqua,MODIS,99,6.2,309,77.5,D,0
-17.4795,123.9746,336.3,1,1,2014-08-19,0524,Aqua,MODIS,83,6.2,303.5,29.2,D,0
-17.4663,124.0027,332,1,1,2014-08-19,0524,Aqua,MODIS,51,6.2,310.2,19,D,0
-17.4676,123.9929,354.1,1,1,2014-08-19,0524,Aqua,MODIS,96,6.2,310.7,63.4,D,0
-17.4689,123.9831,365.7,1,1,2014-08-19,0524,Aqua,MODIS,100,6.2,309.5,98.8,D,0
-15.4756,129.1353,335.3,1.5,1.2,2014-08-19,0524,Aqua,MODIS,62,6.2,310.1,34.9,D,0
-15.4841,129.1508,344.2,1.5,1.2,2014-08-19,0524,Aqua,MODIS,90,6.2,311,60.1,D,0
-15.4217,129.1761,323.7,1.5,1.2,2014-08-19,0524,Aqua,MODIS,55,6.2,309.5,17,D,0
-18.5304,130.0859,345.9,1.5,1.2,2014-08-19,0524,Aqua,MODIS,92,6.2,305.6,78.9,D,0
-17.7546,123.9026,377.8,1.1,1,2014-08-19,0524,Aqua,MODIS,100,6.2,316,137.2,D,0
-17.7454,123.9012,334.8,1.1,1,2014-08-19,0524,Aqua,MODIS,47,6.2,315.8,17.3,D,0
-16.5159,128.4778,340.9,1.3,1.1,2014-08-19,0524,Aqua,MODIS,88,6.2,308.8,42.8,D,0
-16.5078,128.4641,332.6,1.3,1.1,2014-08-19,0524,Aqua,MODIS,79,6.2,308.7,26,D,0
-17.5789,122.5289,351.7,1.2,1.1,2014-08-19,0524,Aqua,MODIS,95,6.2,313.7,66.5,D,0
-17.5833,122.4947,342.6,1.2,1.1,2014-08-19,0524,Aqua,MODIS,80,6.2,314.2,44.7,D,0
-17.5848,122.4833,351.9,1.2,1.1,2014-08-19,0524,Aqua,MODIS,95,6.2,311.9,70.5,D,0
-17.7533,123.9125,403.1,1.1,1,2014-08-19,0524,Aqua,MODIS,100,6.2,325.4,276.3,D,0
-17.5863,122.4719,329.3,1.2,1.1,2014-08-19,0524,Aqua,MODIS,43,6.2,307.5,20.8,D,0
-17.5665,122.4692,328.9,1.2,1.1,2014-08-19,0524,Aqua,MODIS,12,6.2,309.7,16.8,D,0
-17.7506,123.9324,339.4,1.1,1,2014-08-19,0524,Aqua,MODIS,71,6.2,315.4,28,D,0
-17.565,122.7883,327.1,1.2,1.1,2014-08-19,0524,Aqua,MODIS,32,6.2,312.7,11.3,D,0
-17.7625,123.9139,347.4,1.1,1,2014-08-19,0524,Aqua,MODIS,83,6.2,310.3,44.2,D,0
-16.4631,128.5621,324.9,1.3,1.1,2014-08-19,0524,Aqua,MODIS,42,6.2,308.4,14.9,D,0
-16.4848,128.4904,326.5,1.3,1.1,2014-08-19,0524,Aqua,MODIS,54,6.2,304,19.4,D,0
-16.4828,128.5028,334.1,1.3,1.1,2014-08-19,0524,Aqua,MODIS,67,6.2,305.8,31.8,D,0
-16.4809,128.5147,350,1.3,1.1,2014-08-19,0524,Aqua,MODIS,94,6.2,308.5,71.2,D,0
-16.0305,128.8976,338.9,1.4,1.2,2014-08-19,0524,Aqua,MODIS,83,6.2,313.1,40.9,D,0
-17.9129,123.6243,347.3,1.1,1,2014-08-19,0524,Aqua,MODIS,92,6.2,315.8,46.1,D,0
-16.5354,123.8923,320.7,1,1,2014-08-19,0524,Aqua,MODIS,57,6.2,306.1,8.6,D,0
-17.5682,123.1685,332.6,1.1,1.1,2014-08-19,0524,Aqua,MODIS,59,6.2,311.6,20.8,D,0
-17.5695,123.1579,331.9,1.1,1.1,2014-08-19,0524,Aqua,MODIS,56,6.2,312.2,19,D,0
-17.5416,122.4252,363.7,1.2,1.1,2014-08-19,0524,Aqua,MODIS,100,6.2,311.8,110.2,D,0
-17.5218,122.4224,326.7,1.2,1.1,2014-08-19,0524,Aqua,MODIS,51,6.2,311.6,11.7,D,0
-17.5317,122.4238,336.6,1.2,1.1,2014-08-19,0524,Aqua,MODIS,83,6.2,309.6,30.5,D,0
-16.479,128.5273,338.7,1.3,1.1,2014-08-19,0524,Aqua,MODIS,73,6.2,307.4,40.2,D,0
-17.5028,122.2541,332,1.2,1.1,2014-08-19,0524,Aqua,MODIS,77,6.2,312.2,24,D,0
-17.5043,122.2423,326,1.3,1.1,2014-08-19,0524,Aqua,MODIS,51,6.2,311.8,14.8,D,0
-17.7086,123.7779,344.7,1.1,1,2014-08-19,0524,Aqua,MODIS,90,6.2,318.5,37.3,D,0
-16.5944,123.8712,320,1,1,2014-08-19,0524,Aqua,MODIS,44,6.2,306.2,7.9,D,0
-16.5839,123.8795,322.6,1,1,2014-08-19,0524,Aqua,MODIS,38,6.2,306.8,9.9,D,0
-16.5734,123.8879,334.7,1,1,2014-08-19,0524,Aqua,MODIS,83,6.2,306.7,25.1,D,0
-16.5747,123.8781,334,1,1,2014-08-19,0524,Aqua,MODIS,83,6.2,307.6,24.1,D,0
-16.5656,123.8768,322.9,1,1,2014-08-19,0524,Aqua,MODIS,66,6.2,304.6,10.6,D,0
-17.5766,122.6999,332.2,1.2,1.1,2014-08-19,0524,Aqua,MODIS,72,6.2,311.7,23,D,0
-17.7226,124.0693,332,1,1,2014-08-19,0524,Aqua,MODIS,62,6.2,318.1,14.7,D,0
-17.7213,124.0791,354,1,1,2014-08-19,0524,Aqua,MODIS,96,6.2,317.1,58.7,D,0
-17.1999,122.9978,337.8,1.1,1.1,2014-08-19,0524,Aqua,MODIS,84,6.2,309.7,33.5,D,0
-17.5434,122.6498,334,1.2,1.1,2014-08-19,0524,Aqua,MODIS,80,6.2,308.2,28.6,D,0
-17.5448,122.6387,328,1.2,1.1,2014-08-19,0524,Aqua,MODIS,72,6.2,307.5,19.4,D,0
-17.5401,122.4366,349.7,1.2,1.1,2014-08-19,0524,Aqua,MODIS,93,6.2,311.2,61.4,D,0
-17.71,123.7679,351.6,1.1,1,2014-08-19,0524,Aqua,MODIS,95,6.2,317.7,53.4,D,0
-17.4881,123.1502,325,1.1,1.1,2014-08-19,0524,Aqua,MODIS,44,6.2,310.3,9,D,0
-17.2049,122.9944,364.7,1.1,1.1,2014-08-19,0524,Aqua,MODIS,100,6.2,312.2,99.8,D,0
-17.2036,123.005,343.8,1.1,1.1,2014-08-19,0524,Aqua,MODIS,89,6.2,312.5,42,D,0
-17.2199,123.029,335.3,1.1,1.1,2014-08-19,0524,Aqua,MODIS,75,6.2,312.1,27.7,D,0
-16.4693,123.9055,317.5,1,1,2014-08-19,0524,Aqua,MODIS,35,6.2,305.2,6,D,0
-16.0201,128.8958,328,1.4,1.2,2014-08-19,0524,Aqua,MODIS,21,6.2,312.1,17.3,D,0
-16.018,128.9085,332.5,1.4,1.2,2014-08-19,0524,Aqua,MODIS,74,6.2,309.2,28.5,D,0
-17.5793,123.0837,335.7,1.1,1.1,2014-08-19,0524,Aqua,MODIS,72,6.2,311.6,26.7,D,0
-17.5276,123.1452,328.4,1.1,1.1,2014-08-19,0524,Aqua,MODIS,70,6.2,310.9,12.2,D,0
-17.56,123.1565,329.8,1.1,1.1,2014-08-19,0524,Aqua,MODIS,56,6.2,311.5,14.8,D,0
-17.2747,122.9827,322.5,1.1,1.1,2014-08-19,0524,Aqua,MODIS,16,6.2,309.2,9.9,D,0
-17.2761,122.972,331.7,1.1,1.1,2014-08-19,0524,Aqua,MODIS,77,6.2,308.6,22.8,D,0
-17.5986,122.7594,327.4,1.2,1.1,2014-08-19,0524,Aqua,MODIS,53,6.2,309,15.2,D,0
-17.5971,122.7704,355.1,1.2,1.1,2014-08-19,0524,Aqua,MODIS,97,6.2,315.1,75.2,D,0
-17.6007,122.7663,367.9,1.2,1.1,2014-08-19,0524,Aqua,MODIS,100,6.2,313.5,121.2,D,0
-17.5993,122.7773,347.1,1.2,1.1,2014-08-19,0524,Aqua,MODIS,92,6.2,315.7,52.1,D,0
-17.6104,122.7676,338,1.2,1.1,2014-08-19,0524,Aqua,MODIS,83,6.2,310.1,34.6,D,0
-17.609,122.7787,344.4,1.2,1.1,2014-08-19,0524,Aqua,MODIS,90,6.2,315.4,47,D,0
-17.3457,122.9875,325.6,1.1,1.1,2014-08-19,0524,Aqua,MODIS,64,6.2,310.9,11.3,D,0
-15.5531,131.2983,323.6,2.1,1.4,2014-08-19,0524,Aqua,MODIS,46,6.2,308.9,21,D,0
-15.5489,131.3098,323.6,2.1,1.4,2014-08-19,0524,Aqua,MODIS,63,6.2,308.6,23.1,D,0
-15.5522,131.2908,322.8,2.1,1.4,2014-08-19,0524,Aqua,MODIS,67,6.2,309.2,21,D,0
-15.1723,135.0504,321.5,4.1,1.9,2014-08-19,0524,Aqua,MODIS,68,6.2,297.8,100.7,D,0
-15.2438,135.0729,318.5,4.1,1.9,2014-08-19,0524,Aqua,MODIS,51,6.2,302.9,57.9,D,0
-18.9634,121.7889,326.3,1.4,1.2,2014-08-19,0524,Aqua,MODIS,52,6.2,312.7,16.3,D,0
-17.9867,125.2772,324.3,1,1,2014-08-19,0524,Aqua,MODIS,32,6.2,313.2,4.1,D,0
-17.9881,125.2678,327.7,1,1,2014-08-19,0524,Aqua,MODIS,67,6.2,316.4,8.1,D,0
-15.1698,135.0457,321.1,4.1,1.9,2014-08-19,0524,Aqua,MODIS,67,6.2,297.3,96.4,D,0
-15.8712,135.7798,320.9,4.5,1.9,2014-08-19,0524,Aqua,MODIS,54,6.2,302.9,91.2,D,0
-15.8725,135.7882,320.6,4.5,1.9,2014-08-19,0524,Aqua,MODIS,62,6.2,303.2,90.2,D,0
-14.4735,134.849,317.1,4.1,1.9,2014-08-19,0524,Aqua,MODIS,53,6.2,303.2,54.2,D,0
-15.8889,135.7969,320.5,4.5,1.9,2014-08-19,0524,Aqua,MODIS,18,6.2,305.5,81,D,0
-15.8898,135.7919,321,4.5,1.9,2014-08-19,0524,Aqua,MODIS,55,6.2,305.4,91.2,D,0
-15.2393,135.0638,318.7,4.1,1.9,2014-08-19,0524,Aqua,MODIS,54,6.2,301.9,61.1,D,0
-12.4124,134.8216,317.9,4.5,1.9,2014-08-19,0525,Aqua,MODIS,42,6.2,300.3,63.2,D,0
-12.8693,134.8164,351.2,4.4,1.9,2014-08-19,0525,Aqua,MODIS,95,6.2,301.8,482.7,D,0
-12.3928,131.4873,321,2.5,1.5,2014-08-19,0525,Aqua,MODIS,51,6.2,302.9,37.9,D,0
-12.7923,135.3278,322.5,4.8,2,2014-08-19,0525,Aqua,MODIS,48,6.2,299.3,118.6,D,0
-12.5865,134.8682,321.9,4.5,1.9,2014-08-19,0525,Aqua,MODIS,39,6.2,300.8,94.8,D,0
-12.7487,134.7888,325.9,4.4,1.9,2014-08-19,0525,Aqua,MODIS,73,6.2,299.6,128,D,0
-12.8767,134.7769,318.4,4.3,1.9,2014-08-19,0525,Aqua,MODIS,50,6.2,301.9,68.6,D,0
-12.7057,135.209,329.7,4.7,2,2014-08-19,0525,Aqua,MODIS,78,6.2,299.4,202.6,D,0
-12.4293,131.1093,317.7,2.3,1.5,2014-08-19,0525,Aqua,MODIS,45,6.2,304,19.2,D,0
-12.5518,134.8615,324.2,4.5,1.9,2014-08-19,0525,Aqua,MODIS,12,6.2,299.8,114.7,D,0
-12.185,133.1386,328.6,3.4,1.7,2014-08-19,0525,Aqua,MODIS,78,6.2,307.9,79.6,D,0
-12.7436,132.4775,318.3,2.9,1.6,2014-08-19,0525,Aqua,MODIS,39,6.2,304.7,23.7,D,0
-12.565,133.9926,320,3.8,1.8,2014-08-19,0525,Aqua,MODIS,59,6.2,302.2,69.2,D,0
-12.1789,133.1424,327.9,3.4,1.7,2014-08-19,0525,Aqua,MODIS,77,6.2,306.8,74.4,D,0
-12.5677,134.8569,329,4.5,1.9,2014-08-19,0525,Aqua,MODIS,66,6.2,300,163.9,D,0
-12.6854,132.8069,319.6,3.1,1.7,2014-08-19,0525,Aqua,MODIS,58,6.2,307.2,30.7,D,0
-12.7778,132.0343,320.4,2.7,1.6,2014-08-19,0525,Aqua,MODIS,58,6.2,307.1,26.7,D,0
-12.5389,134.1353,326.1,3.9,1.8,2014-08-19,0525,Aqua,MODIS,73,6.2,303.7,115.7,D,0
-12.9134,131.5031,324.3,2.4,1.5,2014-08-19,0525,Aqua,MODIS,28,6.2,309.9,27.9,D,0
-12.4801,135.2398,319.6,4.8,2,2014-08-19,0525,Aqua,MODIS,58,6.2,297.6,116.3,D,0
-12.5503,134.8535,329,4.5,1.9,2014-08-19,0525,Aqua,MODIS,72,6.2,299.9,170.7,D,0
-12.5696,133.9987,325.7,3.8,1.8,2014-08-19,0525,Aqua,MODIS,72,6.2,302.8,107.4,D,0
-13.2084,135.2502,317.3,4.6,2,2014-08-19,0525,Aqua,MODIS,21,6.2,297.7,76.6,D,0
-12.4064,131.4897,322.6,2.5,1.5,2014-08-19,0525,Aqua,MODIS,57,6.2,303.5,43.6,D,0
-12.7934,135.3194,324.1,4.8,2,2014-08-19,0525,Aqua,MODIS,71,6.2,299.5,138.7,D,0
-12.533,134.8503,328.7,4.5,1.9,2014-08-19,0525,Aqua,MODIS,77,6.2,299.5,168.6,D,0
-12.8792,134.7856,327,4.3,1.9,2014-08-19,0525,Aqua,MODIS,76,6.2,301.8,141.1,D,0
-12.9348,134.9634,321.8,4.5,1.9,2014-08-19,0525,Aqua,MODIS,67,6.2,301.7,108,D,0
-12.5692,134.8649,327,4.5,1.9,2014-08-19,0525,Aqua,MODIS,39,6.2,300.1,136.6,D,0
-12.3124,134.1461,316.9,4,1.9,2014-08-19,0525,Aqua,MODIS,33,6.2,300.8,53.2,D,0
-12.481,135.2323,318.9,4.8,2,2014-08-19,0525,Aqua,MODIS,55,6.2,297.4,109.2,D,0
-12.8715,134.8253,344.5,4.4,1.9,2014-08-19,0525,Aqua,MODIS,91,6.2,301.6,366.1,D,0
-12.3404,133.1165,318.6,3.3,1.7,2014-08-19,0525,Aqua,MODIS,57,6.2,305.1,32.3,D,0
-12.7464,134.7807,324.2,4.4,1.9,2014-08-19,0525,Aqua,MODIS,68,6.2,299.5,112.8,D,0
-12.5961,131.5364,322.4,2.5,1.5,2014-08-19,0525,Aqua,MODIS,69,6.2,306.2,32.3,D,0
-12.1541,133.1328,326.7,3.4,1.7,2014-08-19,0525,Aqua,MODIS,63,6.2,304.3,69.4,D,0
-12.5345,134.8583,327.5,4.5,1.9,2014-08-19,0525,Aqua,MODIS,65,6.2,299.3,149.3,D,0
-13.2085,135.2585,318.3,4.6,2,2014-08-19,0525,Aqua,MODIS,47,6.2,297.3,87.9,D,0
-12.7031,135.2132,331.1,4.7,2,2014-08-19,0525,Aqua,MODIS,80,6.2,298.8,210.8,D,0
-12.4001,131.4961,333.3,2.5,1.5,2014-08-19,0525,Aqua,MODIS,83,6.2,303.3,93.8,D,0
-12.542,134.8185,321.5,4.4,1.9,2014-08-19,0525,Aqua,MODIS,40,6.2,302.3,87.1,D,0
-12.7587,132.5636,335.6,3,1.6,2014-08-19,0525,Aqua,MODIS,84,6.2,301.7,131.1,D,0
-12.7734,132.5664,341.1,3,1.6,2014-08-19,0525,Aqua,MODIS,89,6.2,305.3,175.9,D,0
-12.7687,132.5935,323.1,3,1.6,2014-08-19,0525,Aqua,MODIS,57,6.2,304.7,60.9,D,0
-12.7644,132.5443,328.1,3,1.6,2014-08-19,0525,Aqua,MODIS,68,6.2,304.8,79.8,D,0
-12.7596,132.5712,339.5,3,1.6,2014-08-19,0525,Aqua,MODIS,87,6.2,301.5,163,D,0
-12.7742,132.5739,332.2,3,1.6,2014-08-19,0525,Aqua,MODIS,81,6.2,305.1,113.8,D,0
-12.7693,132.601,324.6,3,1.6,2014-08-19,0525,Aqua,MODIS,71,6.2,304.5,70.9,D,0
-12.3658,135.0717,318.5,4.7,2,2014-08-19,0525,Aqua,MODIS,53,6.2,296.4,98.8,D,0
-13.046,132.4233,331.5,2.9,1.6,2014-08-19,0525,Aqua,MODIS,69,6.2,309.6,86.5,D,0
-12.1704,133.0421,329.4,3.3,1.7,2014-08-19,0525,Aqua,MODIS,60,6.2,304,92.8,D,0
-12.1342,133.0662,328.5,3.3,1.7,2014-08-19,0525,Aqua,MODIS,63,6.2,301.9,95.6,D,0
-12.138,133.0591,335.5,3.3,1.7,2014-08-19,0525,Aqua,MODIS,82,6.2,303.2,147.6,D,0
-13.06,132.4206,330.1,2.9,1.6,2014-08-19,0525,Aqua,MODIS,71,6.2,308.3,80.1,D,0
-13.0605,132.4259,332.9,2.9,1.6,2014-08-19,0525,Aqua,MODIS,77,6.2,307.6,96.7,D,0
-11.8604,132.9903,323.4,3.3,1.7,2014-08-19,0525,Aqua,MODIS,76,6.2,302,61,D,0
-13.5004,132.4606,357.4,2.8,1.6,2014-08-19,0525,Aqua,MODIS,98,6.2,309.2,310.4,D,0
-13.512,132.4544,320.8,2.8,1.6,2014-08-19,0525,Aqua,MODIS,38,6.2,308,35.9,D,0
-11.8549,132.9937,319.7,3.3,1.7,2014-08-19,0525,Aqua,MODIS,59,6.2,302,39.5,D,0
-11.8702,132.9966,320.5,3.3,1.7,2014-08-19,0525,Aqua,MODIS,67,6.2,302.8,45,D,0
-11.8196,132.9515,319.7,3.3,1.7,2014-08-19,0525,Aqua,MODIS,46,6.2,302.4,46.5,D,0
-12.1442,133.0994,322.6,3.4,1.7,2014-08-19,0525,Aqua,MODIS,35,6.2,304,54.2,D,0
-13.9692,132.0645,328.9,2.6,1.5,2014-08-19,0525,Aqua,MODIS,70,6.2,309.2,61.3,D,0
-13.2856,132.2638,322.4,2.8,1.6,2014-08-19,0525,Aqua,MODIS,53,6.2,307.2,25.7,D,0
-13.2733,132.2666,325.3,2.8,1.6,2014-08-19,0525,Aqua,MODIS,73,6.2,309.1,39,D,0
-13.1234,132.4911,344.9,2.9,1.6,2014-08-19,0525,Aqua,MODIS,91,6.2,306.5,185.6,D,0
-13.1255,132.4988,323.9,2.9,1.6,2014-08-19,0525,Aqua,MODIS,62,6.2,305.6,44.4,D,0
-13.1136,132.4622,330.6,2.9,1.6,2014-08-19,0525,Aqua,MODIS,79,6.2,310,82.7,D,0
-13.128,132.465,338,2.9,1.6,2014-08-19,0525,Aqua,MODIS,86,6.2,309.2,129.1,D,0
-13.1424,132.4678,320.8,2.9,1.6,2014-08-19,0525,Aqua,MODIS,45,6.2,309.2,29.7,D,0
-13.1302,132.4728,339.4,2.9,1.6,2014-08-19,0525,Aqua,MODIS,87,6.2,308.8,140.5,D,0
-13.8113,131.9978,318.7,2.6,1.5,2014-08-19,0525,Aqua,MODIS,52,6.2,307.3,23.1,D,0
-13.4977,132.4517,372.5,2.8,1.6,2014-08-19,0525,Aqua,MODIS,100,6.2,309.9,518.4,D,0
-13.4932,132.4775,325.3,2.8,1.6,2014-08-19,0525,Aqua,MODIS,59,6.2,304.8,57.8,D,0
-13.109,132.4884,335.6,2.9,1.6,2014-08-19,0525,Aqua,MODIS,84,6.2,305.8,115.6,D,0
-13.5052,132.4343,337.8,2.8,1.6,2014-08-19,0525,Aqua,MODIS,86,6.2,309.7,129.7,D,0
-11.7925,132.9385,316.6,3.3,1.7,2014-08-19,0525,Aqua,MODIS,60,6.2,301.3,39.4,D,0
-13.0456,132.4179,327.1,2.9,1.6,2014-08-19,0525,Aqua,MODIS,69,6.2,310.3,65.4,D,0
-13.0411,132.4437,323.7,2.9,1.6,2014-08-19,0525,Aqua,MODIS,44,6.2,304.7,48.9,D,0
-13.0556,132.4464,324.3,2.9,1.6,2014-08-19,0525,Aqua,MODIS,41,6.2,305,50.2,D,0
-12.1451,133.0063,327.3,3.3,1.7,2014-08-19,0525,Aqua,MODIS,76,6.2,302.4,94.5,D,0
-12.1432,133.0291,359.2,3.3,1.7,2014-08-19,0525,Aqua,MODIS,99,6.2,304.9,420.3,D,0
-12.3633,135.0765,322.5,4.7,2,2014-08-19,0525,Aqua,MODIS,61,6.2,296.8,128.8,D,0
-13.7266,131.9505,327.6,2.5,1.5,2014-08-19,0525,Aqua,MODIS,59,6.2,309.2,49.2,D,0
-12.4097,135.2184,316.8,4.8,2,2014-08-19,0525,Aqua,MODIS,33,6.2,296.7,86.6,D,0
-12.4131,135.214,316.7,4.8,2,2014-08-19,0525,Aqua,MODIS,15,6.2,296.6,76,D,0
-13.5023,132.4253,328.9,2.8,1.6,2014-08-19,0525,Aqua,MODIS,77,6.2,309,77.3,D,0
-12.1397,133.0361,358.2,3.3,1.7,2014-08-19,0525,Aqua,MODIS,99,6.2,304.3,409,D,0
-11.7035,130.1837,313,2,1.4,2014-08-19,0525,Aqua,MODIS,49,6.2,298.1,19.5,D,0
-11.7399,130.2162,314.2,2.1,1.4,2014-08-19,0525,Aqua,MODIS,57,6.2,297.5,17.7,D,0
-11.7056,130.1911,310.3,2,1.4,2014-08-19,0525,Aqua,MODIS,23,6.2,297.7,13.4,D,0
-14.0082,130.0775,326.8,1.8,1.3,2014-08-19,0525,Aqua,MODIS,30,6.2,308.3,26.4,D,0
-13.9721,130.0028,328.1,1.8,1.3,2014-08-19,0525,Aqua,MODIS,65,6.2,303.6,38.4,D,0
-13.9984,129.9904,342.8,1.8,1.3,2014-08-19,0525,Aqua,MODIS,89,6.2,304.2,85.3,D,0
-13.8392,130.0232,318,1.8,1.3,2014-08-19,0525,Aqua,MODIS,34,6.2,305.3,14.1,D,0
-12.3457,133.0874,324.2,3.3,1.7,2014-08-19,0525,Aqua,MODIS,71,6.2,306.5,63.8,D,0
-13.9925,132.0934,326.9,2.6,1.5,2014-08-19,0525,Aqua,MODIS,35,6.2,306.9,38.5,D,0
-14.0074,130.0089,325,1.8,1.3,2014-08-19,0525,Aqua,MODIS,44,6.2,306.4,24.4,D,0
-14.0881,132.0669,331.9,2.6,1.5,2014-08-19,0525,Aqua,MODIS,81,6.2,312,56.8,D,0
-15.1758,126.0786,330.2,1,1,2014-08-19,0525,Aqua,MODIS,39,6.2,312.2,14.4,D,0
-14.8623,128.5086,327.8,1.4,1.2,2014-08-19,0525,Aqua,MODIS,65,6.2,308.5,21.6,D,0
-14.852,128.5068,326.7,1.4,1.2,2014-08-19,0525,Aqua,MODIS,62,6.2,307.3,18.8,D,0
-14.8396,128.5176,332.8,1.4,1.2,2014-08-19,0525,Aqua,MODIS,67,6.2,307,27.9,D,0
-14.8416,128.5049,329.8,1.4,1.2,2014-08-19,0525,Aqua,MODIS,45,6.2,306.4,22.7,D,0
-14.8243,128.5093,330.9,1.4,1.2,2014-08-19,0525,Aqua,MODIS,76,6.2,308.8,26.2,D,0
-11.7797,130.0532,323.5,2,1.4,2014-08-19,0525,Aqua,MODIS,72,6.2,298,42.3,D,0
-13.8815,130.1339,322.3,1.8,1.3,2014-08-19,0525,Aqua,MODIS,55,6.2,307.6,22,D,0
-14.0921,132.0438,327.7,2.5,1.5,2014-08-19,0525,Aqua,MODIS,71,6.2,312,36.4,D,0
-11.7826,130.0352,313,2,1.4,2014-08-19,0525,Aqua,MODIS,0,6.2,298,15.5,D,0
-13.8787,130.1507,322,1.9,1.3,2014-08-19,0525,Aqua,MODIS,51,6.2,304.8,21.3,D,0
-13.8934,130.1361,321.3,1.8,1.3,2014-08-19,0525,Aqua,MODIS,39,6.2,305.4,20.5,D,0
-14.3624,129.5235,322.3,1.6,1.3,2014-08-19,0525,Aqua,MODIS,48,6.2,309.4,16.2,D,0
-14.2674,129.9559,342.5,1.8,1.3,2014-08-19,0525,Aqua,MODIS,89,6.2,311.8,78.1,D,0
-14.2422,129.7009,319.4,1.7,1.3,2014-08-19,0525,Aqua,MODIS,16,6.2,306.4,13,D,0
-14.3514,129.6623,319.7,1.7,1.3,2014-08-19,0525,Aqua,MODIS,21,6.2,307.6,10.9,D,0
-14.087,129.6509,318.4,1.7,1.3,2014-08-19,0525,Aqua,MODIS,16,6.2,306.4,10.2,D,0
-14.3951,129.6772,322.5,1.7,1.3,2014-08-19,0525,Aqua,MODIS,51,6.2,308.5,15.3,D,0
-14.0906,129.6461,319.6,1.7,1.3,2014-08-19,0525,Aqua,MODIS,47,6.2,307.3,13.9,D,0
-14.3349,129.5498,321.3,1.6,1.3,2014-08-19,0525,Aqua,MODIS,30,6.2,307.9,15,D,0
-14.2308,129.6989,325.1,1.7,1.3,2014-08-19,0525,Aqua,MODIS,69,6.2,306.6,26.7,D,0
-14.2384,129.6528,319.6,1.7,1.3,2014-08-19,0525,Aqua,MODIS,29,6.2,308.4,10.5,D,0
-14.4365,129.4979,325.8,1.6,1.3,2014-08-19,0525,Aqua,MODIS,42,6.2,310.2,25.8,D,0
-12.5852,131.9809,322.4,2.7,1.6,2014-08-19,0525,Aqua,MODIS,60,6.2,305.6,43.7,D,0
-12.5001,132.6436,321.3,3,1.7,2014-08-19,0525,Aqua,MODIS,47,6.2,305.9,32.6,D,0
-12.7909,134.7608,320.3,4.3,1.9,2014-08-19,0525,Aqua,MODIS,37,6.2,300.4,77.6,D,0
-12.8423,134.7706,327.9,4.3,1.9,2014-08-19,0525,Aqua,MODIS,76,6.2,300.3,145.1,D,0
-12.5719,131.1912,321.7,2.3,1.5,2014-08-19,0525,Aqua,MODIS,67,6.2,303.8,35.6,D,0
-12.8592,130.8999,325,2.2,1.4,2014-08-19,0525,Aqua,MODIS,50,6.2,307.7,27.6,D,0
-12.8419,134.766,325.1,4.3,1.9,2014-08-19,0525,Aqua,MODIS,69,6.2,300.3,120.9,D,0
-12.5878,131.9868,321.5,2.7,1.6,2014-08-19,0525,Aqua,MODIS,53,6.2,306.4,37.9,D,0
-12.8602,130.8928,330.1,2.2,1.4,2014-08-19,0525,Aqua,MODIS,79,6.2,308.5,48,D,0
-12.8474,130.8905,330.9,2.2,1.4,2014-08-19,0525,Aqua,MODIS,80,6.2,306.6,53.2,D,0
-12.8628,130.8798,324.1,2.2,1.4,2014-08-19,0525,Aqua,MODIS,54,6.2,308.9,22.3,D,0
-13.3662,135.3903,321.3,4.7,2,2014-08-19,0525,Aqua,MODIS,36,6.2,296.3,114.7,D,0
-12.7831,134.7955,335.6,4.4,1.9,2014-08-19,0525,Aqua,MODIS,84,6.2,301,231.7,D,0
-12.7833,134.8001,333.6,4.4,1.9,2014-08-19,0525,Aqua,MODIS,83,6.2,301,206.1,D,0
-11.2601,132.0443,327.6,2.9,1.6,2014-08-19,0525,Aqua,MODIS,81,6.2,301,87.9,D,0
-11.279,132.0209,318.5,2.9,1.6,2014-08-19,0525,Aqua,MODIS,70,6.2,299,43.3,D,0
-11.2746,132.047,315.5,2.9,1.6,2014-08-19,0525,Aqua,MODIS,55,6.2,299.3,31.1,D,0
-11.2792,132.0261,321.4,2.9,1.6,2014-08-19,0525,Aqua,MODIS,61,6.2,299.1,52.3,D,0
-12.8508,130.8704,321.3,2.2,1.4,2014-08-19,0525,Aqua,MODIS,39,6.2,307.5,17.6,D,0
-12.942,134.9268,325.7,4.4,1.9,2014-08-19,0525,Aqua,MODIS,56,6.2,300.8,129.1,D,0
-12.9424,134.9225,323.8,4.4,1.9,2014-08-19,0525,Aqua,MODIS,71,6.2,300.7,123.9,D,0
-23.9369,151.1935,305.7,2.3,1.5,2014-08-19,1308,Terra,MODIS,65,6.2,285,32.2,N,0
-22.3275,148.4938,308.1,1.6,1.2,2014-08-19,1309,Terra,MODIS,74,6.2,281.3,22.6,N,0
-17.1606,138.7539,305.3,1.3,1.1,2014-08-19,1311,Terra,MODIS,64,6.2,287.8,12,N,0
-17.2375,138.7263,300.2,1.3,1.1,2014-08-19,1311,Terra,MODIS,13,6.2,288.2,7.3,N,0
-17.2391,138.7137,314.6,1.3,1.1,2014-08-19,1311,Terra,MODIS,90,6.2,287.8,21.9,N,0
-17.2288,138.7123,301.8,1.3,1.1,2014-08-19,1311,Terra,MODIS,44,6.2,288.4,8.9,N,0
-17.0755,141.3832,307,1,1,2014-08-19,1311,Terra,MODIS,70,6.2,285.8,9.6,N,0
-17.0803,141.4098,313.6,1,1,2014-08-19,1311,Terra,MODIS,50,6.2,286.2,13.5,N,0
-15.0682,143.1347,303.1,1,1,2014-08-19,1311,Terra,MODIS,53,6.2,289.6,5.6,N,0
-15.0858,143.0785,300.4,1,1,2014-08-19,1311,Terra,MODIS,26,6.2,289.2,3.9,N,0
-15.0696,143.125,301,1,1,2014-08-19,1311,Terra,MODIS,37,6.2,289.2,4.1,N,0
-14.859,142.4244,304.5,1,1,2014-08-19,1311,Terra,MODIS,60,6.2,288.8,6.4,N,0
-15.0668,143.1443,300.6,1,1,2014-08-19,1311,Terra,MODIS,30,6.2,289.2,4,N,0
-15.6163,145.2527,306.2,1.3,1.1,2014-08-19,1311,Terra,MODIS,67,6.2,289.9,10.7,N,0
-12.1378,133.0223,305.6,3,1.6,2014-08-19,1312,Terra,MODIS,65,6.2,285.1,38.1,N,0
-12.123,133.0206,300.9,3,1.6,2014-08-19,1312,Terra,MODIS,33,6.2,284,25,N,0
-14.1572,132.1479,302.3,3.7,1.8,2014-08-19,1312,Terra,MODIS,48,6.2,287.7,38,N,0
-12.963,132.2665,304.2,3.5,1.8,2014-08-19,1312,Terra,MODIS,23,6.2,289.6,36.1,N,0
-12.1197,133.0412,301.5,3,1.6,2014-08-19,1312,Terra,MODIS,8,6.2,284.3,25.1,N,0
-13.5651,132.3074,301.8,3.6,1.8,2014-08-19,1312,Terra,MODIS,44,6.2,289,32,N,0
-12.6791,135.9083,302.4,1.8,1.3,2014-08-19,1312,Terra,MODIS,49,6.2,285.8,14.5,N,0
-12.9278,132.2952,303.7,3.5,1.8,2014-08-19,1312,Terra,MODIS,30,6.2,290.2,34.7,N,0
-12.5008,135.2234,321.3,2,1.4,2014-08-19,1312,Terra,MODIS,100,6.2,288.9,56,N,0
-12.4882,135.2218,328.5,2,1.4,2014-08-19,1312,Terra,MODIS,100,6.2,289,78.7,N,0
-12.4766,133.8389,301.7,2.6,1.6,2014-08-19,1312,Terra,MODIS,43,6.2,288.8,16.9,N,0
-12.8624,134.8135,301.6,2.2,1.4,2014-08-19,1312,Terra,MODIS,42,6.2,286.4,18.3,N,0
-13.2595,135.2922,302,2.1,1.4,2014-08-19,1312,Terra,MODIS,46,6.2,288.2,15.7,N,0
-12.4985,135.242,318.2,2,1.4,2014-08-19,1312,Terra,MODIS,96,6.2,289.2,47.1,N,0
-12.783,135.5973,301.6,1.9,1.4,2014-08-19,1312,Terra,MODIS,43,6.2,287.5,13.6,N,0
-12.6494,135.8982,307.3,1.8,1.3,2014-08-19,1312,Terra,MODIS,40,6.2,286.8,19.4,N,0
-12.913,135.5839,300.4,1.9,1.4,2014-08-19,1312,Terra,MODIS,22,6.2,286,12.3,N,0
-12.8649,134.7931,303.9,2.2,1.4,2014-08-19,1312,Terra,MODIS,57,6.2,286.4,22.6,N,0
-12.8303,141.9495,342.5,1,1,2014-08-19,1312,Terra,MODIS,100,6.2,292.2,47.8,N,0
-12.5374,135.1318,303.2,2.1,1.4,2014-08-19,1312,Terra,MODIS,54,6.2,287.5,18.7,N,0
-12.4844,135.2346,305.3,2,1.4,2014-08-19,1312,Terra,MODIS,58,6.2,288.2,18.9,N,0
-12.6375,135.8966,303.8,1.8,1.3,2014-08-19,1312,Terra,MODIS,23,6.2,286.4,14.3,N,0
-12.4867,135.216,314.2,2,1.4,2014-08-19,1312,Terra,MODIS,89,6.2,288,37,N,0
-12.535,135.1511,302.7,2.1,1.4,2014-08-19,1312,Terra,MODIS,51,6.2,287.5,17.5,N,0
-12.8393,141.9509,305.9,1,1,2014-08-19,1312,Terra,MODIS,56,6.2,288.7,6.9,N,0
-12.8706,135.5902,300.3,1.9,1.4,2014-08-19,1312,Terra,MODIS,25,6.2,286.6,12.8,N,0
-13.5729,141.8394,312.3,1,1,2014-08-19,1312,Terra,MODIS,85,6.2,289.6,10,N,0
-13.5756,141.821,313.4,1,1,2014-08-19,1312,Terra,MODIS,87,6.2,289.9,11.8,N,0
-13.5666,141.8196,316.4,1,1,2014-08-19,1312,Terra,MODIS,93,6.2,289.5,14,N,0
-12.8519,134.7914,315.3,2.2,1.4,2014-08-19,1312,Terra,MODIS,91,6.2,286.6,46.7,N,0
-13.5412,141.7405,307.4,1,1,2014-08-19,1312,Terra,MODIS,71,6.2,288.9,7.7,N,0
-13.5126,143.2463,300.4,1.1,1,2014-08-19,1312,Terra,MODIS,28,6.2,289.9,4,N,0
-13.5111,143.2562,301.4,1.1,1,2014-08-19,1312,Terra,MODIS,41,6.2,290,4.6,N,0
-13.5502,141.7419,303.9,1,1,2014-08-19,1312,Terra,MODIS,58,6.2,289,5.5,N,0
-32.5059,116.0575,320,1.6,1.2,2014-08-19,1445,Terra,MODIS,100,6.2,282.1,40.8,N,0
-32.8303,116.544,300.6,1.5,1.2,2014-08-19,1445,Terra,MODIS,30,6.2,281.6,13.2,N,0
-30.8626,121.4869,305.8,1,1,2014-08-19,1446,Terra,MODIS,66,6.2,283.3,9.7,N,2
-24.64,126.1844,308.9,2.1,1.4,2014-08-19,1447,Terra,MODIS,76,6.2,281.8,36,N,0
-24.6438,126.164,309.6,2.1,1.4,2014-08-19,1447,Terra,MODIS,78,6.2,281.9,37.7,N,0
-24.6432,126.1706,319.7,2.1,1.4,2014-08-19,1447,Terra,MODIS,99,6.2,283,63,N,0
-21.9093,119.557,313.4,1,1,2014-08-19,1448,Terra,MODIS,87,6.2,287.6,14.1,N,0
-21.9017,119.5456,307.8,1,1,2014-08-19,1448,Terra,MODIS,73,6.2,285.7,10.5,N,0
-21.9303,119.5406,320.1,1,1,2014-08-19,1448,Terra,MODIS,100,6.2,284.8,20.9,N,0
-21.9318,119.5308,323.2,1,1,2014-08-19,1448,Terra,MODIS,100,6.2,284.1,23.5,N,0
-21.9108,119.5472,316.7,1,1,2014-08-19,1448,Terra,MODIS,94,6.2,287,16.9,N,0
-17.7326,123.9925,321,2,1.4,2014-08-19,1449,Terra,MODIS,100,6.2,291.1,52.3,N,0
-18.9157,122.1134,304,1.4,1.2,2014-08-19,1449,Terra,MODIS,58,6.2,285,14.5,N,0
-17.7688,123.947,333.9,2,1.4,2014-08-19,1449,Terra,MODIS,100,6.2,292,96.5,N,0
-17.7598,123.9258,303.5,2,1.4,2014-08-19,1449,Terra,MODIS,44,6.2,287.5,18.5,N,0
-17.7292,124.0963,306.2,2.1,1.4,2014-08-19,1449,Terra,MODIS,67,6.2,287,27.1,N,0
-17.7655,123.9658,317.5,2,1.4,2014-08-19,1449,Terra,MODIS,93,6.2,289.5,45.1,N,0
-17.7359,123.9736,309.8,2,1.4,2014-08-19,1449,Terra,MODIS,35,6.2,289.4,26.1,N,0
-17.734,123.9984,312.9,2,1.4,2014-08-19,1449,Terra,MODIS,57,6.2,290.7,33.2,N,0
-17.7286,124.0905,308.6,2.1,1.4,2014-08-19,1449,Terra,MODIS,75,6.2,287.3,29.7,N,0
-17.7374,123.9796,317.7,2,1.4,2014-08-19,1449,Terra,MODIS,87,6.2,290.3,44.3,N,0
-18.949,121.8487,303.8,1.4,1.2,2014-08-19,1449,Terra,MODIS,57,6.2,286.9,12.7,N,0
-18.9511,121.8359,303.8,1.4,1.2,2014-08-19,1449,Terra,MODIS,57,6.2,286.7,12.6,N,0
-18.9386,121.8468,328.1,1.4,1.2,2014-08-19,1449,Terra,MODIS,100,6.2,289.6,44.2,N,0
-18.9408,121.834,310.3,1.4,1.2,2014-08-19,1449,Terra,MODIS,70,6.2,286.7,17.3,N,0
-17.5337,124.0854,322.5,2.1,1.4,2014-08-19,1449,Terra,MODIS,100,6.2,290.4,63.3,N,0
-17.5014,124.1139,302,2.1,1.4,2014-08-19,1449,Terra,MODIS,39,6.2,287.7,17.2,N,0
-17.5334,124.0797,324.6,2.1,1.4,2014-08-19,1449,Terra,MODIS,100,6.2,290,67.7,N,0
-17.5373,124.066,304.4,2.1,1.4,2014-08-19,1449,Terra,MODIS,58,6.2,287.8,21.8,N,0
-12.8776,135.5796,306.4,1.2,1.1,2014-08-19,1615,Aqua,MODIS,68,6.2,284.1,11,N,0
-12.4641,133.83,301.2,1.5,1.2,2014-08-19,1615,Aqua,MODIS,39,6.2,289,8.4,N,0
-12.8793,135.5903,310.8,1.2,1.1,2014-08-19,1615,Aqua,MODIS,81,6.2,284.2,14.8,N,0
-13.2813,132.2773,309.5,1.9,1.4,2014-08-19,1615,Aqua,MODIS,78,6.2,284.9,28.4,N,0
-13.2719,132.2717,305.9,1.9,1.4,2014-08-19,1615,Aqua,MODIS,66,6.2,285.5,22.7,N,0
-12.3866,135.1854,310.4,1.3,1.1,2014-08-19,1615,Aqua,MODIS,80,6.2,286.6,16,N,0
-13.4713,132.4615,301.6,1.8,1.3,2014-08-19,1615,Aqua,MODIS,43,6.2,285.8,13.2,N,0
-13.4754,132.453,304.1,1.8,1.3,2014-08-19,1615,Aqua,MODIS,57,6.2,285.4,15.6,N,0
-13.1249,132.4878,300.8,1.9,1.3,2014-08-19,1615,Aqua,MODIS,34,6.2,289.2,12.5,N,0
-13.121,132.4954,301,1.9,1.3,2014-08-19,1615,Aqua,MODIS,36,6.2,287.7,12.4,N,0
-13.2749,132.2892,302.7,1.9,1.3,2014-08-19,1615,Aqua,MODIS,51,6.2,286,18,N,0
-12.3848,135.174,315.4,1.3,1.1,2014-08-19,1615,Aqua,MODIS,91,6.2,286.2,21.2,N,0
-16.2829,135.8035,305.9,1.1,1,2014-08-19,1616,Aqua,MODIS,66,6.2,285.3,10.6,N,0
-15.3236,135.0365,307.8,1.2,1.1,2014-08-19,1616,Aqua,MODIS,73,6.2,285.1,13,N,0
-16.4742,128.5316,302.1,3.2,1.7,2014-08-19,1616,Aqua,MODIS,46,6.2,287.5,32.7,N,0
-16.47,128.5255,305.3,3.2,1.7,2014-08-19,1616,Aqua,MODIS,64,6.2,288.5,43.9,N,0
-16.4692,128.5043,303.4,3.2,1.7,2014-08-19,1616,Aqua,MODIS,55,6.2,288.8,37.4,N,0
-15.2139,135.1335,300.4,1.2,1.1,2014-08-19,1616,Aqua,MODIS,27,6.2,283.3,7.9,N,0
-15.7672,137.0786,307.9,1,1,2014-08-19,1616,Aqua,MODIS,73,6.2,285.1,11.1,N,0
-15.7686,137.0879,318.7,1,1,2014-08-19,1616,Aqua,MODIS,97,6.2,286.3,19.7,N,0
-18.4773,130.0684,322,2.2,1.4,2014-08-19,1617,Aqua,MODIS,100,6.2,286.9,70.4,N,0
-18.4644,130.071,312.5,2.2,1.4,2014-08-19,1617,Aqua,MODIS,85,6.2,286.5,43.9,N,0
-18.4811,130.0892,313.2,2.2,1.4,2014-08-19,1617,Aqua,MODIS,85,6.2,286.4,43.6,N,0
-18.4682,130.0917,322,2.2,1.4,2014-08-19,1617,Aqua,MODIS,100,6.2,286,69.9,N,0
-18.4735,130.0475,308.6,2.2,1.4,2014-08-19,1617,Aqua,MODIS,75,6.2,285.7,36.1,N,0
-22.5496,150.088,309.8,1.2,1.1,2014-08-20,0004,Terra,MODIS,62,6.2,296.6,8.2,D,0
-22.3284,148.503,314.7,1.5,1.2,2014-08-20,0004,Terra,MODIS,70,6.2,297.4,16.7,D,0
-23.927,151.1942,316.8,1,1,2014-08-20,0005,Terra,MODIS,67,6.2,294.8,12.3,D,0
-23.9286,151.2043,313.1,1,1,2014-08-20,0005,Terra,MODIS,34,6.2,296.5,8.8,D,0
-23.9362,151.1925,315.8,1,1,2014-08-20,0005,Terra,MODIS,62,6.2,294.2,11.5,D,0
-23.9378,151.2027,314.9,1,1,2014-08-20,0005,Terra,MODIS,59,6.2,294.8,10.6,D,0
-24.6444,152.1474,304.7,1,1,2014-08-20,0005,Terra,MODIS,29,6.2,290.2,3.7,D,0
-24.6947,151.8075,310.6,1,1,2014-08-20,0005,Terra,MODIS,57,6.2,299.6,7,D,0
-25.1579,151.826,318.6,1,1,2014-08-20,0005,Terra,MODIS,77,6.2,294.9,15.5,D,0
-25.1564,151.8161,306,1,1,2014-08-20,0005,Terra,MODIS,55,6.2,292.5,5.8,D,0
-24.6295,152.1095,305.1,1,1,2014-08-20,0005,Terra,MODIS,51,6.2,292.6,3.8,D,0
-24.631,152.1194,305.6,1,1,2014-08-20,0005,Terra,MODIS,48,6.2,293.2,4.1,D,0
-27.0658,153.1923,305.5,1,1,2014-08-20,0006,Terra,MODIS,51,6.2,294.1,4.8,D,0
-29.2994,153.2174,307.2,1.1,1,2014-08-20,0006,Terra,MODIS,65,6.2,289.7,9.2,D,0
-39.6705,143.9466,323.6,1.3,1.1,2014-08-20,0009,Terra,MODIS,67,6.2,284.6,35.4,D,0
-41.5092,147.2671,301.3,1,1,2014-08-20,0010,Terra,MODIS,46,6.2,283.6,6.9,D,0
-12.412,134.8105,319.3,1.5,1.2,2014-08-20,0140,Terra,MODIS,49,6.2,304.5,11.8,D,0
-12.2836,136.6021,340,2,1.4,2014-08-20,0140,Terra,MODIS,90,6.2,300.6,102.3,D,0
-12.286,136.6208,318.8,2,1.4,2014-08-20,0140,Terra,MODIS,66,6.2,300.7,26.5,D,0
-12.1457,136.5332,320,2,1.4,2014-08-20,0140,Terra,MODIS,66,6.2,301.6,23,D,0
-12.5984,131.4947,320.2,1,1,2014-08-20,0140,Terra,MODIS,59,6.2,307,6.9,D,0
-12.1029,136.3929,315.8,1.9,1.4,2014-08-20,0140,Terra,MODIS,41,6.2,300.7,17.6,D,0
-12.3485,134.9173,319.9,1.5,1.2,2014-08-20,0140,Terra,MODIS,65,6.2,304.3,16,D,0
-11.8652,132.9907,319.9,1.1,1.1,2014-08-20,0140,Terra,MODIS,51,6.2,304.7,8.9,D,0
-12.2878,136.6146,328.5,2,1.4,2014-08-20,0140,Terra,MODIS,80,6.2,300.5,57.3,D,0
-12.3795,135.1582,318.5,1.6,1.2,2014-08-20,0140,Terra,MODIS,61,6.2,303.3,16,D,0
-11.7671,132.9468,321,1.1,1.1,2014-08-20,0140,Terra,MODIS,39,6.2,304.7,10.6,D,0
-11.7685,132.9571,334.8,1.1,1.1,2014-08-20,0140,Terra,MODIS,84,6.2,306.9,30.4,D,0
-12.1557,136.5137,326.5,2,1.4,2014-08-20,0140,Terra,MODIS,73,6.2,302.6,41.6,D,0
-12.3776,135.1438,318.2,1.6,1.2,2014-08-20,0140,Terra,MODIS,39,6.2,303,14.8,D,0
-12.1583,136.507,327.7,2,1.4,2014-08-20,0140,Terra,MODIS,67,6.2,303.5,45.5,D,0
-12.3287,134.8496,316.4,1.5,1.2,2014-08-20,0140,Terra,MODIS,51,6.2,304.8,10.9,D,0
-12.1432,133.0078,326.4,1.2,1.1,2014-08-20,0140,Terra,MODIS,60,6.2,306.8,17.2,D,0
-12.1511,136.4778,316.9,2,1.4,2014-08-20,0140,Terra,MODIS,57,6.2,300.8,21.1,D,0
-12.3944,135.1857,339.4,1.6,1.2,2014-08-20,0140,Terra,MODIS,88,6.2,304.7,65.8,D,0
-12.3488,136.7988,314.6,2.1,1.4,2014-08-20,0140,Terra,MODIS,56,6.2,299.6,22.1,D,0
-12.1446,133.0183,335.5,1.2,1.1,2014-08-20,0140,Terra,MODIS,82,6.2,309.5,29.7,D,0
-12.1528,133.0065,334.5,1.2,1.1,2014-08-20,0140,Terra,MODIS,83,6.2,305.4,28.8,D,0
-12.3267,134.8564,317,1.5,1.2,2014-08-20,0140,Terra,MODIS,47,6.2,304.1,11.3,D,0
-11.7722,132.7415,324.8,1.1,1.1,2014-08-20,0140,Terra,MODIS,72,6.2,308.1,10.6,D,0
-12.0885,136.3765,318.7,1.9,1.4,2014-08-20,0140,Terra,MODIS,67,6.2,300.6,23.2,D,0
-12.1172,133.0329,355.6,1.2,1.1,2014-08-20,0140,Terra,MODIS,97,6.2,307.7,79.2,D,0
-12.1239,133.0105,326.2,1.2,1.1,2014-08-20,0140,Terra,MODIS,55,6.2,303.9,17.4,D,0
-11.6025,133.0138,323.5,1.1,1.1,2014-08-20,0140,Terra,MODIS,73,6.2,305.6,12.1,D,0
-12.1275,133.1072,335.5,1.2,1.1,2014-08-20,0140,Terra,MODIS,84,6.2,309.6,30.4,D,0
-12.3813,135.1727,322.3,1.6,1.2,2014-08-20,0140,Terra,MODIS,66,6.2,302.5,22.5,D,0
-12.126,133.0965,324.1,1.2,1.1,2014-08-20,0140,Terra,MODIS,42,6.2,306.5,11.3,D,0
-12.1254,133.021,367.7,1.2,1.1,2014-08-20,0140,Terra,MODIS,100,6.2,310.9,120.5,D,0
-12.1434,136.5152,335.1,2,1.4,2014-08-20,0140,Terra,MODIS,87,6.2,301.9,72.7,D,0
-12.1269,133.0315,346,1.2,1.1,2014-08-20,0140,Terra,MODIS,92,6.2,310.8,51,D,0
-12.1336,133.0091,365.3,1.2,1.1,2014-08-20,0140,Terra,MODIS,100,6.2,306.5,112,D,0
-12.1216,133.0646,333.2,1.2,1.1,2014-08-20,0140,Terra,MODIS,76,6.2,307,25.8,D,0
-12.2177,136.4809,315.6,2,1.4,2014-08-20,0140,Terra,MODIS,55,6.2,302.1,15.9,D,0
-12.1187,133.0435,344.7,1.2,1.1,2014-08-20,0140,Terra,MODIS,91,6.2,309.2,49.8,D,0
-12.1543,133.017,328.9,1.2,1.1,2014-08-20,0140,Terra,MODIS,59,6.2,307.1,18,D,0
-12.1728,136.5235,319.4,2,1.4,2014-08-20,0140,Terra,MODIS,71,6.2,302.5,22.6,D,0
-12.1976,135.5181,326.9,1.7,1.3,2014-08-20,0140,Terra,MODIS,78,6.2,303.7,36.6,D,0
-12.7651,132.6164,321.6,1.1,1.1,2014-08-20,0140,Terra,MODIS,31,6.2,307.5,11.9,D,0
-12.7746,132.615,331.6,1.1,1.1,2014-08-20,0140,Terra,MODIS,81,6.2,306.9,25.3,D,0
-12.135,133.0196,380.7,1.2,1.1,2014-08-20,0140,Terra,MODIS,100,6.2,313.6,178,D,0
-12.1956,135.503,338.2,1.7,1.3,2014-08-20,0140,Terra,MODIS,88,6.2,303.4,68.9,D,0
-12.7729,135.7256,323.7,1.8,1.3,2014-08-20,0140,Terra,MODIS,73,6.2,303.8,29.2,D,0
-12.9253,135.2291,319.3,1.6,1.3,2014-08-20,0140,Terra,MODIS,67,6.2,303.9,18,D,0
-12.9248,135.2203,323.7,1.6,1.3,2014-08-20,0140,Terra,MODIS,74,6.2,304.9,25.5,D,0
-12.4648,136.2692,317.3,1.9,1.4,2014-08-20,0140,Terra,MODIS,56,6.2,303.3,22.2,D,0
-12.4112,131.0894,320.4,1,1,2014-08-20,0140,Terra,MODIS,49,6.2,302.9,8.8,D,0
-13.0605,135.5559,316.6,1.7,1.3,2014-08-20,0140,Terra,MODIS,29,6.2,302.7,14,D,0
-12.5937,131.9774,335.1,1.1,1,2014-08-20,0140,Terra,MODIS,85,6.2,306.3,27,D,0
-13.0235,135.5441,318.8,1.7,1.3,2014-08-20,0140,Terra,MODIS,49,6.2,304.3,18.8,D,0
-12.9792,135.5665,321.3,1.7,1.3,2014-08-20,0140,Terra,MODIS,54,6.2,304.7,24,D,0
-12.8109,134.7831,324.6,1.5,1.2,2014-08-20,0140,Terra,MODIS,75,6.2,305.9,24.9,D,0
-12.7563,134.8102,317.7,1.5,1.2,2014-08-20,0140,Terra,MODIS,43,6.2,305.2,8.7,D,0
-12.467,136.2867,313.8,1.9,1.4,2014-08-20,0140,Terra,MODIS,38,6.2,300.2,14.8,D,0
-13.0215,135.5283,318.3,1.7,1.3,2014-08-20,0140,Terra,MODIS,56,6.2,301.3,19.4,D,0
-13.1039,134.3896,317.8,1.4,1.2,2014-08-20,0140,Terra,MODIS,53,6.2,303,12,D,0
-13.0877,135.5143,315.1,1.7,1.3,2014-08-20,0140,Terra,MODIS,35,6.2,302.1,12.3,D,0
-13.0897,135.53,324.1,1.7,1.3,2014-08-20,0140,Terra,MODIS,74,6.2,302.2,31.2,D,0
-13.1224,135.5095,323.9,1.7,1.3,2014-08-20,0140,Terra,MODIS,74,6.2,302.1,32.3,D,0
-12.9716,135.5739,323.6,1.7,1.3,2014-08-20,0140,Terra,MODIS,23,6.2,305.1,27.2,D,0
-12.9696,135.584,325.9,1.7,1.3,2014-08-20,0140,Terra,MODIS,64,6.2,304.9,32,D,0
-13.1433,135.2342,323.2,1.6,1.3,2014-08-20,0140,Terra,MODIS,73,6.2,305.2,24.8,D,0
-13.1452,135.2493,316.8,1.6,1.3,2014-08-20,0140,Terra,MODIS,24,6.2,304.3,12,D,0
-12.8607,135.0796,318.7,1.6,1.2,2014-08-20,0140,Terra,MODIS,61,6.2,304.8,13.8,D,0
-12.9235,135.2142,315.9,1.6,1.3,2014-08-20,0140,Terra,MODIS,58,6.2,304.8,11.7,D,0
-12.5924,131.9677,333.6,1.1,1,2014-08-20,0140,Terra,MODIS,83,6.2,303.1,25.8,D,0
-11.8587,130.8998,321.5,1,1,2014-08-20,0140,Terra,MODIS,26,6.2,304.9,7.4,D,0
-11.86,130.909,330.6,1,1,2014-08-20,0140,Terra,MODIS,81,6.2,307.6,17.4,D,0
-11.8685,130.9017,323.9,1,1,2014-08-20,0140,Terra,MODIS,64,6.2,304.3,12.8,D,0
-12.5845,131.9787,345.9,1.1,1,2014-08-20,0140,Terra,MODIS,92,6.2,308.3,47.7,D,0
-12.5832,131.9691,342.9,1.1,1,2014-08-20,0140,Terra,MODIS,90,6.2,305.4,42.6,D,0
-13.322,135.4809,320.1,1.7,1.3,2014-08-20,0140,Terra,MODIS,26,6.2,302.7,21.4,D,0
-12.6692,135.9114,358.8,1.8,1.3,2014-08-20,0140,Terra,MODIS,99,6.2,305.8,173.2,D,0
-12.6434,135.8978,334.5,1.8,1.3,2014-08-20,0140,Terra,MODIS,51,6.2,304.9,56.6,D,0
-12.6416,135.9385,325.4,1.8,1.3,2014-08-20,0140,Terra,MODIS,76,6.2,303.2,28.4,D,0
-12.6233,135.8902,339.9,1.8,1.3,2014-08-20,0140,Terra,MODIS,87,6.2,302.9,81.1,D,0
-13.2911,135.3253,325.3,1.7,1.3,2014-08-20,0140,Terra,MODIS,76,6.2,301,35.1,D,0
-12.476,133.1874,320.3,1.2,1.1,2014-08-20,0140,Terra,MODIS,55,6.2,306.3,10.1,D,0
-12.6553,135.8963,356.1,1.8,1.3,2014-08-20,0140,Terra,MODIS,98,6.2,305.3,154.4,D,0
-12.6295,135.8829,338,1.8,1.3,2014-08-20,0140,Terra,MODIS,84,6.2,301,76.3,D,0
-12.5662,135.9144,315.4,1.8,1.3,2014-08-20,0140,Terra,MODIS,32,6.2,302.7,13.8,D,0
-12.9115,135.5651,353.7,1.7,1.3,2014-08-20,0140,Terra,MODIS,97,6.2,304.3,136.9,D,0
-12.4139,134.8243,319.5,1.5,1.2,2014-08-20,0140,Terra,MODIS,49,6.2,304,12.9,D,0
-11.9288,133.2126,323,1.2,1.1,2014-08-20,0140,Terra,MODIS,56,6.2,309.3,10.1,D,0
-12.8728,134.8312,320.8,1.5,1.2,2014-08-20,0140,Terra,MODIS,46,6.2,305.4,16.7,D,0
-12.9908,135.1155,325.1,1.6,1.2,2014-08-20,0140,Terra,MODIS,41,6.2,305.1,24.1,D,0
-12.4835,133.8506,321.6,1.3,1.1,2014-08-20,0140,Terra,MODIS,64,6.2,302.5,15.4,D,0
-12.2933,134.0174,325.1,1.3,1.1,2014-08-20,0140,Terra,MODIS,73,6.2,307,19.4,D,0
-12.8786,135.5854,328.4,1.7,1.3,2014-08-20,0140,Terra,MODIS,44,6.2,303.6,37,D,0
-12.923,135.5635,325.9,1.7,1.3,2014-08-20,0140,Terra,MODIS,51,6.2,301,33.2,D,0
-13.2938,135.3314,317.8,1.7,1.3,2014-08-20,0140,Terra,MODIS,52,6.2,300.6,18.1,D,0
-12.4819,133.8386,325.2,1.3,1.1,2014-08-20,0140,Terra,MODIS,72,6.2,302.3,20.5,D,0
-12.3904,133.9179,324.6,1.3,1.1,2014-08-20,0140,Terra,MODIS,73,6.2,304.6,20.5,D,0
-13.0185,135.1507,331.1,1.6,1.3,2014-08-20,0140,Terra,MODIS,78,6.2,307.8,38.4,D,0
-13.0166,135.136,338,1.6,1.2,2014-08-20,0140,Terra,MODIS,88,6.2,307.3,56.6,D,0
-12.2393,136.5519,315.7,2,1.4,2014-08-20,0140,Terra,MODIS,50,6.2,300.7,15.5,D,0
-12.57,134.2632,317.6,1.4,1.2,2014-08-20,0140,Terra,MODIS,60,6.2,305.8,10,D,0
-12.3364,135.011,322.2,1.5,1.2,2014-08-20,0140,Terra,MODIS,56,6.2,303.9,16.7,D,0
-12.5522,135.1675,319.4,1.6,1.2,2014-08-20,0140,Terra,MODIS,65,6.2,304.4,15,D,0
-12.8563,134.791,333.9,1.5,1.2,2014-08-20,0140,Terra,MODIS,85,6.2,303.6,44.3,D,0
-12.6811,135.9099,324.1,1.8,1.3,2014-08-20,0140,Terra,MODIS,48,6.2,301.5,31,D,0
-13.2892,135.3098,320.8,1.7,1.3,2014-08-20,0140,Terra,MODIS,69,6.2,300.2,24.4,D,0
-11.9205,133.2246,348.1,1.2,1.1,2014-08-20,0140,Terra,MODIS,93,6.2,311,57.5,D,0
-12.4126,131.0986,320.3,1,1,2014-08-20,0140,Terra,MODIS,30,6.2,303.1,7.9,D,0
-13.265,135.2888,321.3,1.7,1.3,2014-08-20,0140,Terra,MODIS,70,6.2,300.7,24.5,D,0
-12.3888,133.9061,320.7,1.3,1.1,2014-08-20,0140,Terra,MODIS,62,6.2,303.3,14.3,D,0
-13.1907,135.2435,319.6,1.6,1.3,2014-08-20,0140,Terra,MODIS,67,6.2,303.5,18.5,D,0
-12.3099,134.619,320.4,1.4,1.2,2014-08-20,0140,Terra,MODIS,66,6.2,304.4,16.7,D,0
-12.1155,134.7316,320.8,1.5,1.2,2014-08-20,0140,Terra,MODIS,58,6.2,304.3,16.8,D,0
-11.9191,133.2139,356.2,1.2,1.1,2014-08-20,0140,Terra,MODIS,98,6.2,310.9,80.1,D,0
-12.6753,136.2591,322.2,1.9,1.4,2014-08-20,0140,Terra,MODIS,71,6.2,304.8,31.8,D,0
-12.6352,135.8887,348.9,1.8,1.3,2014-08-20,0140,Terra,MODIS,94,6.2,302.3,122,D,0
-13.191,135.2529,320.9,1.7,1.3,2014-08-20,0140,Terra,MODIS,50,6.2,304.1,19.6,D,0
-12.4686,135.2296,321.1,1.6,1.2,2014-08-20,0140,Terra,MODIS,63,6.2,304.6,15.7,D,0
-12.6414,135.8814,338,1.8,1.3,2014-08-20,0140,Terra,MODIS,82,6.2,299.9,74.5,D,0
-12.6356,135.9326,322.9,1.8,1.3,2014-08-20,0140,Terra,MODIS,59,6.2,303.6,20.7,D,0
-13.2918,135.316,327.8,1.7,1.3,2014-08-20,0140,Terra,MODIS,79,6.2,300.6,38.9,D,0
-12.4851,133.8626,317.9,1.3,1.1,2014-08-20,0140,Terra,MODIS,38,6.2,301.9,10.4,D,0
-12.6577,135.6323,323.9,1.7,1.3,2014-08-20,0140,Terra,MODIS,74,6.2,302.8,30.1,D,0
-12.4667,135.2149,319.3,1.6,1.2,2014-08-20,0140,Terra,MODIS,44,6.2,305.6,13.7,D,0
-12.776,135.5884,327.6,1.7,1.3,2014-08-20,0140,Terra,MODIS,51,6.2,303,34,D,0
-12.6461,135.6337,338,1.7,1.3,2014-08-20,0140,Terra,MODIS,88,6.2,303.4,69.6,D,0
-12.8958,132.3434,334.5,1.1,1,2014-08-20,0140,Terra,MODIS,84,6.2,307.5,27.3,D,0
-12.8742,134.8246,331.4,1.5,1.2,2014-08-20,0140,Terra,MODIS,82,6.2,305.3,40.4,D,0
-12.1534,136.4957,342.7,2,1.4,2014-08-20,0140,Terra,MODIS,91,6.2,303.9,107.8,D,0
-12.9251,135.5795,327.6,1.7,1.3,2014-08-20,0140,Terra,MODIS,65,6.2,304,35.5,D,0
-12.2855,136.5961,327.1,2,1.4,2014-08-20,0140,Terra,MODIS,79,6.2,299.7,52.5,D,0
-13.2556,135.3056,329.2,1.7,1.3,2014-08-20,0140,Terra,MODIS,80,6.2,302.7,41.3,D,0
-12.2949,134.0295,318.3,1.3,1.1,2014-08-20,0140,Terra,MODIS,48,6.2,305.3,9,D,0
-12.6551,135.5212,319.2,1.7,1.3,2014-08-20,0140,Terra,MODIS,65,6.2,302.9,20.8,D,0
-12.6774,136.2769,323.4,1.9,1.4,2014-08-20,0140,Terra,MODIS,73,6.2,302.2,35.4,D,0
-12.7796,135.5944,324.7,1.7,1.3,2014-08-20,0140,Terra,MODIS,59,6.2,302.9,26.9,D,0
-12.2782,133.3899,323.3,1.2,1.1,2014-08-20,0140,Terra,MODIS,68,6.2,308.9,13.4,D,0
-12.6337,135.4457,317.2,1.7,1.3,2014-08-20,0140,Terra,MODIS,34,6.2,304.4,12.2,D,0
-12.4229,131.1064,325.2,1,1,2014-08-20,0140,Terra,MODIS,66,6.2,303.5,11.7,D,0
-12.2798,133.4011,322,1.2,1.1,2014-08-20,0140,Terra,MODIS,68,6.2,307.3,10.9,D,0
-12.8597,134.7982,342.1,1.5,1.2,2014-08-20,0140,Terra,MODIS,90,6.2,305,68,D,0
-12.7739,132.0182,321.2,1.1,1,2014-08-20,0140,Terra,MODIS,42,6.2,305.1,8.6,D,0
-12.6531,135.5058,314.8,1.7,1.3,2014-08-20,0140,Terra,MODIS,48,6.2,303.2,12.7,D,0
-12.647,135.8872,346,1.8,1.3,2014-08-20,0140,Terra,MODIS,93,6.2,302.1,109.2,D,0
-12.8615,134.8121,328.5,1.5,1.2,2014-08-20,0140,Terra,MODIS,80,6.2,306.6,31.4,D,0
-12.6207,136.2549,322.6,1.9,1.4,2014-08-20,0140,Terra,MODIS,72,6.2,301,36.1,D,0
-12.4672,135.2207,322.6,1.6,1.2,2014-08-20,0140,Terra,MODIS,41,6.2,305.2,19,D,0
-12.7779,135.6042,327.1,1.7,1.3,2014-08-20,0140,Terra,MODIS,50,6.2,303.8,32,D,0
-12.9019,132.3463,323.9,1.1,1,2014-08-20,0140,Terra,MODIS,67,6.2,305.4,13.2,D,0
-12.4537,135.2017,329,1.6,1.2,2014-08-20,0140,Terra,MODIS,79,6.2,303.1,34.4,D,0
-12.5064,135.4377,317.2,1.7,1.3,2014-08-20,0140,Terra,MODIS,44,6.2,304.2,11.4,D,0
-12.1935,134.4293,319.5,1.4,1.2,2014-08-20,0140,Terra,MODIS,53,6.2,305,13.4,D,0
-12.1561,136.489,340.7,2,1.4,2014-08-20,0140,Terra,MODIS,90,6.2,304.4,96.6,D,0
-11.9172,133.2207,369.5,1.2,1.1,2014-08-20,0140,Terra,MODIS,100,6.2,312.3,128,D,0
-12.129,133.1178,322.4,1.2,1.1,2014-08-20,0140,Terra,MODIS,40,6.2,309.4,9.6,D,0
-12.6481,135.6497,328.6,1.7,1.3,2014-08-20,0140,Terra,MODIS,79,6.2,305.6,39.1,D,0
-12.8824,135.5907,330.9,1.7,1.3,2014-08-20,0140,Terra,MODIS,57,6.2,303.6,43.9,D,0
-12.4541,135.2075,344.6,1.6,1.2,2014-08-20,0140,Terra,MODIS,92,6.2,304.5,82.2,D,0
-12.5573,134.0123,322.6,1.3,1.1,2014-08-20,0140,Terra,MODIS,70,6.2,306.5,16.6,D,0
-12.1187,134.7247,317.4,1.5,1.2,2014-08-20,0140,Terra,MODIS,17,6.2,303.6,10.8,D,0
-12.9135,135.5811,339.2,1.7,1.3,2014-08-20,0140,Terra,MODIS,89,6.2,304.1,71.9,D,0
-11.9157,133.2099,326.1,1.2,1.1,2014-08-20,0140,Terra,MODIS,74,6.2,308.3,12.8,D,0
-12.7941,135.1834,322.1,1.6,1.2,2014-08-20,0140,Terra,MODIS,71,6.2,305.6,20.5,D,0
-12.4161,134.8181,320.3,1.5,1.2,2014-08-20,0140,Terra,MODIS,66,6.2,303.3,14.3,D,0
-12.8582,134.8048,347.3,1.5,1.2,2014-08-20,0140,Terra,MODIS,93,6.2,306.4,85.6,D,0
-12.4555,135.2164,327.8,1.6,1.2,2014-08-20,0140,Terra,MODIS,75,6.2,304.3,30.8,D,0
-13.2536,135.2904,338,1.7,1.3,2014-08-20,0140,Terra,MODIS,88,6.2,302.1,66.6,D,0
-13.3392,135.4302,348.3,1.7,1.3,2014-08-20,0140,Terra,MODIS,94,6.2,302.8,108.8,D,0
-12.6492,135.9036,336.9,1.8,1.3,2014-08-20,0140,Terra,MODIS,81,6.2,306.3,66.9,D,0
-12.6832,135.9265,323.3,1.8,1.3,2014-08-20,0140,Terra,MODIS,46,6.2,303.8,28.3,D,0
-12.5601,135.9209,314.2,1.8,1.3,2014-08-20,0140,Terra,MODIS,46,6.2,301.7,12.6,D,0
-12.8724,134.8106,321.2,1.5,1.2,2014-08-20,0140,Terra,MODIS,66,6.2,303,17.3,D,0
-12.871,134.8172,338.1,1.5,1.2,2014-08-20,0140,Terra,MODIS,88,6.2,305.2,56.7,D,0
-12.0493,134.1684,317.8,1.3,1.1,2014-08-20,0140,Terra,MODIS,33,6.2,304.7,6.5,D,0
-12.674,136.284,315.3,1.9,1.4,2014-08-20,0140,Terra,MODIS,44,6.2,301.2,17,D,0
-12.6212,135.8738,328,1.8,1.3,2014-08-20,0140,Terra,MODIS,61,6.2,298.9,44.2,D,0
-12.6597,135.6483,330.3,1.7,1.3,2014-08-20,0140,Terra,MODIS,81,6.2,303.1,45.3,D,0
-12.8284,135.6303,322.6,1.7,1.3,2014-08-20,0140,Terra,MODIS,57,6.2,303.8,25.3,D,0
-13.267,135.3038,323.9,1.7,1.3,2014-08-20,0140,Terra,MODIS,74,6.2,301.5,29.6,D,0
-12.7633,132.0098,338.4,1.1,1,2014-08-20,0140,Terra,MODIS,87,6.2,307,32.8,D,0
-12.768,135.5958,328.9,1.7,1.3,2014-08-20,0140,Terra,MODIS,70,6.2,303.9,37.7,D,0
-12.6717,136.2662,328.3,1.9,1.4,2014-08-20,0140,Terra,MODIS,79,6.2,303.6,51.3,D,0
-12.9005,132.3363,325.7,1.1,1,2014-08-20,0140,Terra,MODIS,73,6.2,305.2,15.5,D,0
-11.707,130.1863,321,1,1,2014-08-20,0140,Terra,MODIS,62,6.2,303.8,12,D,0
-11.7408,130.228,320.2,1,1,2014-08-20,0140,Terra,MODIS,38,6.2,304.8,8.9,D,0
-11.7888,130.0553,319.6,1,1,2014-08-20,0140,Terra,MODIS,67,6.2,304.8,9.3,D,0
-11.4104,130.2967,316.2,1,1,2014-08-20,0140,Terra,MODIS,41,6.2,303.3,9.6,D,0
-11.7874,130.0461,321.1,1,1,2014-08-20,0140,Terra,MODIS,71,6.2,303.5,10.3,D,0
-14.0092,130.1226,333.1,1,1,2014-08-20,0141,Terra,MODIS,43,6.2,308.2,19.3,D,0
-14.8252,128.5178,332.6,1.1,1,2014-08-20,0141,Terra,MODIS,62,6.2,307.6,20.8,D,0
-14.8268,128.5275,330.4,1.1,1,2014-08-20,0141,Terra,MODIS,61,6.2,306.7,17.2,D,0
-14.836,128.526,327.6,1.1,1,2014-08-20,0141,Terra,MODIS,54,6.2,307.6,13.3,D,0
-14.8452,128.5246,328.5,1.1,1,2014-08-20,0141,Terra,MODIS,78,6.2,308.1,15.4,D,0
-13.1269,130.1969,376.7,1,1,2014-08-20,0141,Terra,MODIS,100,6.2,306.1,132.5,D,0
-13.118,130.1982,335,1,1,2014-08-20,0141,Terra,MODIS,80,6.2,309.8,26.3,D,0
-14.0506,132.1284,328.1,1.1,1,2014-08-20,0141,Terra,MODIS,75,6.2,307.4,15.2,D,0
-13.1166,130.1891,349.4,1,1,2014-08-20,0141,Terra,MODIS,94,6.2,308.1,49.6,D,0
-13.1152,130.1799,349.3,1,1,2014-08-20,0141,Terra,MODIS,94,6.2,305.5,49,D,0
-13.1076,130.1904,344.7,1,1,2014-08-20,0141,Terra,MODIS,91,6.2,310.8,39.7,D,0
-13.1063,130.1812,356.1,1,1,2014-08-20,0141,Terra,MODIS,98,6.2,311.3,64.3,D,0
-13.1049,130.1721,326.6,1,1,2014-08-20,0141,Terra,MODIS,74,6.2,307.2,13.1,D,0
-14.8467,128.5343,324.4,1.1,1,2014-08-20,0141,Terra,MODIS,71,6.2,306.4,9.9,D,0
-14.8544,128.5231,324.6,1.1,1,2014-08-20,0141,Terra,MODIS,65,6.2,307.4,11.3,D,0
-13.9007,130.1358,326.5,1,1,2014-08-20,0141,Terra,MODIS,74,6.2,308.1,13.9,D,0
-13.8993,130.1266,326,1,1,2014-08-20,0141,Terra,MODIS,72,6.2,307.3,12.6,D,0
-14.0981,132.0846,320.2,1.1,1,2014-08-20,0141,Terra,MODIS,46,6.2,307.4,6,D,0
-13.1283,130.206,353.5,1,1,2014-08-20,0141,Terra,MODIS,96,6.2,302.9,62.7,D,0
-13.109,130.1996,327.3,1,1,2014-08-20,0141,Terra,MODIS,66,6.2,309,14.9,D,0
-14.0217,130.0831,327.6,1,1,2014-08-20,0141,Terra,MODIS,65,6.2,308.8,10.4,D,0
-14.0231,130.0923,328.9,1,1,2014-08-20,0141,Terra,MODIS,52,6.2,307.5,11.8,D,0
-15.1691,126.1235,326.9,1.4,1.2,2014-08-20,0141,Terra,MODIS,74,6.2,303.3,22.7,D,0
-15.167,126.1107,341.7,1.4,1.2,2014-08-20,0141,Terra,MODIS,90,6.2,305.5,57.3,D,0
-15.1566,126.1125,325.6,1.4,1.2,2014-08-20,0141,Terra,MODIS,75,6.2,305.6,21.5,D,0
-14.819,128.5247,333,1.1,1,2014-08-20,0141,Terra,MODIS,83,6.2,306.7,23.5,D,0
-13.9899,130.1161,370.4,1,1,2014-08-20,0141,Terra,MODIS,100,6.2,312.1,105.2,D,0
-13.9886,130.1069,369,1,1,2014-08-20,0141,Terra,MODIS,100,6.2,309.2,100.3,D,0
-15.5692,129.2202,328,1,1,2014-08-20,0141,Terra,MODIS,77,6.2,307.1,16.3,D,0
-15.5685,129.1565,333.9,1,1,2014-08-20,0141,Terra,MODIS,83,6.2,306.3,24.8,D,0
-13.982,132.1176,321.1,1.1,1,2014-08-20,0141,Terra,MODIS,50,6.2,307.8,7,D,0
-15.5706,129.2296,325.6,1,1,2014-08-20,0141,Terra,MODIS,73,6.2,309,13.6,D,0
-13.8778,130.1674,321.3,1,1,2014-08-20,0141,Terra,MODIS,47,6.2,305.3,8.9,D,0
-15.2016,126.0858,330.3,1.4,1.2,2014-08-20,0141,Terra,MODIS,81,6.2,303.7,33.3,D,0
-15.1482,126.0613,316.9,1.4,1.2,2014-08-20,0141,Terra,MODIS,32,6.2,303.3,6.2,D,0
-15.881,135.7717,333.1,2,1.4,2014-08-20,0141,Terra,MODIS,76,6.2,305.2,62.3,D,0
-15.8787,135.7531,337.6,2,1.4,2014-08-20,0141,Terra,MODIS,87,6.2,300.3,84.1,D,0
-12.9526,132.2981,324.7,1.1,1,2014-08-20,0141,Terra,MODIS,47,6.2,307.7,11.1,D,0
-15.8213,135.7976,334.7,2,1.4,2014-08-20,0141,Terra,MODIS,53,6.2,303.1,66.4,D,0
-15.3232,135.0417,322.5,1.7,1.3,2014-08-20,0141,Terra,MODIS,62,6.2,303.7,24.5,D,0
-14.4328,134.9502,318.3,1.6,1.3,2014-08-20,0141,Terra,MODIS,38,6.2,302.9,14.1,D,0
-15.3212,135.0257,337.5,1.7,1.3,2014-08-20,0141,Terra,MODIS,87,6.2,303.3,66.5,D,0
-14.5825,134.7823,319.3,1.6,1.2,2014-08-20,0141,Terra,MODIS,52,6.2,304.6,15.1,D,0
-14.4315,134.9448,321.9,1.6,1.3,2014-08-20,0141,Terra,MODIS,68,6.2,303.3,22.2,D,0
-15.8166,135.7855,338.9,2,1.4,2014-08-20,0141,Terra,MODIS,19,6.2,300.1,80.9,D,0
-15.8664,135.7546,359.9,2,1.4,2014-08-20,0141,Terra,MODIS,99,6.2,302.3,207.4,D,0
-16.1463,136.0275,319.6,2.1,1.4,2014-08-20,0141,Terra,MODIS,54,6.2,305,16.1,D,0
-15.8235,135.8163,342.4,2,1.4,2014-08-20,0141,Terra,MODIS,85,6.2,304,99.4,D,0
-14.5844,134.7971,318.4,1.6,1.2,2014-08-20,0141,Terra,MODIS,53,6.2,302.6,14.2,D,0
-16.1486,136.0471,319.9,2.1,1.4,2014-08-20,0141,Terra,MODIS,56,6.2,305.1,19.2,D,0
-15.8337,135.7962,331.6,2,1.4,2014-08-20,0141,Terra,MODIS,47,6.2,303.4,52.8,D,0
-15.8312,135.8022,342,2,1.4,2014-08-20,0141,Terra,MODIS,83,6.2,303.6,96.3,D,0
-15.8686,135.7734,331.7,2,1.4,2014-08-20,0141,Terra,MODIS,72,6.2,304.3,54.4,D,0
-12.9512,132.2881,323.5,1.1,1,2014-08-20,0141,Terra,MODIS,38,6.2,308.7,8.6,D,0
-15.8541,135.7564,381.1,2,1.4,2014-08-20,0141,Terra,MODIS,100,6.2,306.5,398.4,D,0
-15.8188,135.8037,343.2,2,1.4,2014-08-20,0141,Terra,MODIS,66,6.2,303.8,104.3,D,0
-16.1613,136.0455,321.3,2.1,1.4,2014-08-20,0141,Terra,MODIS,62,6.2,305.8,23.5,D,0
-13.7312,132.296,322.8,1.1,1.1,2014-08-20,0141,Terra,MODIS,54,6.2,305.6,11.2,D,0
-13.7364,132.2642,325.4,1.1,1,2014-08-20,0141,Terra,MODIS,54,6.2,305.1,13.3,D,0
-14.1391,132.172,329.8,1.1,1,2014-08-20,0141,Terra,MODIS,65,6.2,306.7,19.4,D,0
-13.7917,131.9333,346.2,1.1,1,2014-08-20,0141,Terra,MODIS,92,6.2,310.9,46.4,D,0
-13.7996,131.9221,340.5,1.1,1,2014-08-20,0141,Terra,MODIS,88,6.2,309.4,33.9,D,0
-13.801,131.932,356.3,1.1,1,2014-08-20,0141,Terra,MODIS,98,6.2,311.8,70.1,D,0
-15.0295,133.0836,323.6,1.3,1.1,2014-08-20,0141,Terra,MODIS,73,6.2,305.6,16.4,D,0
-15.3443,133.1534,320.4,1.3,1.1,2014-08-20,0141,Terra,MODIS,57,6.2,306,13.3,D,0
-13.5978,134.1283,318.1,1.4,1.2,2014-08-20,0141,Terra,MODIS,47,6.2,304.7,7.6,D,0
-13.7028,134.4364,327.8,1.5,1.2,2014-08-20,0141,Terra,MODIS,78,6.2,305.5,25.8,D,0
-12.9826,132.1965,345.9,1.1,1,2014-08-20,0141,Terra,MODIS,92,6.2,307.5,46.4,D,0
-13.7652,131.9472,329.5,1.1,1,2014-08-20,0141,Terra,MODIS,78,6.2,309.9,17.2,D,0
-13.5673,132.3005,326.6,1.1,1,2014-08-20,0141,Terra,MODIS,74,6.2,306.5,16.4,D,0
-13.5659,132.2903,319.2,1.1,1,2014-08-20,0141,Terra,MODIS,44,6.2,304.3,7,D,0
-15.5493,131.2939,326.5,1.1,1,2014-08-20,0141,Terra,MODIS,76,6.2,305.8,15.4,D,0
-13.2884,132.2767,326.2,1.1,1,2014-08-20,0141,Terra,MODIS,62,6.2,307.1,11.9,D,0
-15.5507,131.3037,318.9,1.1,1,2014-08-20,0141,Terra,MODIS,62,6.2,305.8,6.5,D,0
-15.5682,131.361,321.4,1.1,1,2014-08-20,0141,Terra,MODIS,62,6.2,305.1,9.3,D,0
-13.0632,132.4308,325.6,1.1,1.1,2014-08-20,0141,Terra,MODIS,57,6.2,305.7,13.9,D,0
-15.5695,131.3707,324.7,1.1,1,2014-08-20,0141,Terra,MODIS,73,6.2,306,12.6,D,0
-15.0395,133.0822,321.9,1.3,1.1,2014-08-20,0141,Terra,MODIS,70,6.2,305.2,14.1,D,0
-13.8275,131.9181,327.6,1.1,1,2014-08-20,0141,Terra,MODIS,66,6.2,309.2,15.1,D,0
-13.9629,132.0486,324,1.1,1,2014-08-20,0141,Terra,MODIS,43,6.2,309,10.4,D,0
-13.1259,132.4986,323.4,1.1,1.1,2014-08-20,0141,Terra,MODIS,34,6.2,306.9,11.1,D,0
-13.4599,132.4329,339.7,1.1,1.1,2014-08-20,0141,Terra,MODIS,88,6.2,306.5,37.9,D,0
-13.4639,132.4259,333.8,1.1,1.1,2014-08-20,0141,Terra,MODIS,83,6.2,307.9,26.6,D,0
-13.4653,132.4362,326.2,1.1,1.1,2014-08-20,0141,Terra,MODIS,27,6.2,306.3,14.1,D,0
-13.7931,131.9432,330,1.1,1,2014-08-20,0141,Terra,MODIS,73,6.2,307.6,17.9,D,0
-13.0552,132.4422,327.2,1.1,1.1,2014-08-20,0141,Terra,MODIS,39,6.2,307.1,15,D,0
-13.8089,131.9208,347.7,1.1,1,2014-08-20,0141,Terra,MODIS,93,6.2,307.6,46.8,D,0
-13.4776,132.4554,327.6,1.1,1.1,2014-08-20,0141,Terra,MODIS,58,6.2,307.8,16.8,D,0
-13.8103,131.9306,356.7,1.1,1,2014-08-20,0141,Terra,MODIS,98,6.2,308.7,70.1,D,0
-13.7218,132.2974,323.6,1.1,1.1,2014-08-20,0141,Terra,MODIS,53,6.2,306.8,12,D,0
-13.7679,131.967,324.2,1.1,1,2014-08-20,0141,Terra,MODIS,37,6.2,308.1,9.8,D,0
-13.7256,132.2555,324.9,1.1,1,2014-08-20,0141,Terra,MODIS,71,6.2,306.2,13,D,0
-13.7666,131.9571,325.7,1.1,1,2014-08-20,0141,Terra,MODIS,73,6.2,309.5,12.9,D,0
-12.9619,132.2969,325.2,1.1,1,2014-08-20,0141,Terra,MODIS,29,6.2,307.8,11.8,D,0
-13.5688,132.3107,323.6,1.1,1,2014-08-20,0141,Terra,MODIS,68,6.2,308,12.6,D,0
-13.1941,132.3271,327.5,1.1,1,2014-08-20,0141,Terra,MODIS,75,6.2,305.9,17.3,D,0
-13.7986,131.9828,322.6,1.1,1,2014-08-20,0141,Terra,MODIS,64,6.2,308.4,9.4,D,0
-13.8,131.9927,321.6,1.1,1,2014-08-20,0141,Terra,MODIS,62,6.2,310.2,8.1,D,0
-13.727,132.2656,327.5,1.1,1,2014-08-20,0141,Terra,MODIS,76,6.2,308.3,16.8,D,0
-13.9229,134.8073,319.4,1.6,1.2,2014-08-20,0141,Terra,MODIS,57,6.2,303.8,11.7,D,0
-13.921,134.7928,351.9,1.6,1.2,2014-08-20,0141,Terra,MODIS,96,6.2,305.8,108.5,D,0
-13.7174,132.3042,325.6,1.1,1.1,2014-08-20,0141,Terra,MODIS,31,6.2,307.1,12.2,D,0
-13.9192,134.7784,321,1.6,1.2,2014-08-20,0141,Terra,MODIS,67,6.2,303.7,16.4,D,0
-13.5035,132.2953,333.5,1.1,1,2014-08-20,0141,Terra,MODIS,74,6.2,307.7,23.7,D,0
-13.5209,132.2822,325.3,1.1,1,2014-08-20,0141,Terra,MODIS,69,6.2,308.3,12.6,D,0
-13.8024,131.9418,338.4,1.1,1,2014-08-20,0141,Terra,MODIS,87,6.2,309.6,31.2,D,0
-15.3396,133.118,320.7,1.3,1.1,2014-08-20,0141,Terra,MODIS,46,6.2,303.1,13.4,D,0
-15.3412,133.1298,323.7,1.3,1.1,2014-08-20,0141,Terra,MODIS,64,6.2,304.7,17.3,D,0
-15.3428,133.1416,320.8,1.3,1.1,2014-08-20,0141,Terra,MODIS,50,6.2,306,13.4,D,0
-15.5737,131.4004,322.8,1.1,1,2014-08-20,0141,Terra,MODIS,70,6.2,306.4,11,D,0
-13.7298,132.2859,327.1,1.1,1.1,2014-08-20,0141,Terra,MODIS,54,6.2,306.8,15.4,D,0
-13.1753,132.3298,317.8,1.1,1,2014-08-20,0141,Terra,MODIS,26,6.2,304.9,6.5,D,0
-15.4721,132.4425,320.6,1.2,1.1,2014-08-20,0141,Terra,MODIS,67,6.2,309.5,10.6,D,0
-12.984,132.2064,338.8,1.1,1,2014-08-20,0141,Terra,MODIS,87,6.2,307.6,32,D,0
-15.2052,135.0151,326.3,1.7,1.3,2014-08-20,0141,Terra,MODIS,77,6.2,304.4,33.2,D,0
-17.1665,139.1088,318.5,3.7,1.8,2014-08-20,0141,Terra,MODIS,24,6.2,303,55.1,D,0
-15.1821,135.1149,356.7,1.7,1.3,2014-08-20,0141,Terra,MODIS,98,6.2,307.5,144.4,D,0
-16.3905,135.672,315.5,2,1.4,2014-08-20,0141,Terra,MODIS,45,6.2,303.1,11.6,D,0
-16.4593,136.943,317.2,2.5,1.5,2014-08-20,0141,Terra,MODIS,48,6.2,302.2,26.3,D,0
-15.2421,135.1234,320,1.7,1.3,2014-08-20,0141,Terra,MODIS,63,6.2,305.5,12,D,0
-15.1974,135.1187,327.7,1.7,1.3,2014-08-20,0141,Terra,MODIS,40,6.2,306.2,28.8,D,0
-15.1956,135.1294,322.9,1.7,1.3,2014-08-20,0141,Terra,MODIS,72,6.2,305.8,17.1,D,0
-15.1954,135.1027,331,1.7,1.3,2014-08-20,0141,Terra,MODIS,66,6.2,305.2,38.6,D,0
-15.1801,135.0988,350.7,1.7,1.3,2014-08-20,0141,Terra,MODIS,95,6.2,302.5,113.6,D,0
-15.1937,135.1134,344.1,1.7,1.3,2014-08-20,0141,Terra,MODIS,91,6.2,305.4,86.3,D,0
-15.1742,135.1215,323.8,1.7,1.3,2014-08-20,0141,Terra,MODIS,67,6.2,302.9,26.7,D,0
-15.1722,135.1055,348.3,1.7,1.3,2014-08-20,0141,Terra,MODIS,94,6.2,303.7,110.6,D,0
-15.1838,135.1041,366.8,1.7,1.3,2014-08-20,0141,Terra,MODIS,100,6.2,303.6,210,D,0
-15.1858,135.1201,356.3,1.7,1.3,2014-08-20,0141,Terra,MODIS,98,6.2,306.8,144.9,D,0
-15.5134,129.0947,339.4,1,1,2014-08-20,0141,Terra,MODIS,80,6.2,307.7,29.9,D,0
-14.1196,129.6883,337.4,1,1,2014-08-20,0141,Terra,MODIS,86,6.2,307.2,28.8,D,0
-16.0153,128.8813,328.4,1,1,2014-08-20,0141,Terra,MODIS,78,6.2,309.4,12.9,D,0
-14.3611,129.5182,322.3,1,1,2014-08-20,0141,Terra,MODIS,68,6.2,305.9,9.2,D,0
-14.1327,129.7146,323.5,1,1,2014-08-20,0141,Terra,MODIS,57,6.2,304.1,11.2,D,0
-14.1313,129.7054,340.2,1,1,2014-08-20,0141,Terra,MODIS,88,6.2,305.4,33.4,D,0
-14.121,129.6975,328.8,1,1,2014-08-20,0141,Terra,MODIS,78,6.2,308.1,16.2,D,0
-14.2335,129.7115,324.6,1,1,2014-08-20,0141,Terra,MODIS,69,6.2,305.8,13,D,0
-15.9881,128.8857,331.1,1,1,2014-08-20,0141,Terra,MODIS,71,6.2,307,18.5,D,0
-15.5252,129.1121,354.8,1,1,2014-08-20,0141,Terra,MODIS,97,6.2,308.9,60,D,0
-14.4337,129.5104,320.5,1,1,2014-08-20,0141,Terra,MODIS,34,6.2,305.5,9.1,D,0
-14.1286,129.6869,333.1,1,1,2014-08-20,0141,Terra,MODIS,83,6.2,304.8,22.9,D,0
-15.9896,128.8952,331,1,1,2014-08-20,0141,Terra,MODIS,75,6.2,307,18.5,D,0
-14.2342,129.6546,319.4,1,1,2014-08-20,0141,Terra,MODIS,57,6.2,305.5,6.6,D,0
-16.0019,128.8544,323.9,1,1,2014-08-20,0141,Terra,MODIS,34,6.2,309.6,9.2,D,0
-15.5043,129.0961,331.5,1,1,2014-08-20,0141,Terra,MODIS,67,6.2,308.9,18.4,D,0
-14.13,129.6961,331,1,1,2014-08-20,0141,Terra,MODIS,81,6.2,304.2,19,D,0
-16.0139,128.8719,334.8,1,1,2014-08-20,0141,Terra,MODIS,84,6.2,310,21.5,D,0
-14.2425,129.7101,318.9,1,1,2014-08-20,0141,Terra,MODIS,27,6.2,304.8,6.5,D,0
-14.2411,129.7009,322.6,1,1,2014-08-20,0141,Terra,MODIS,64,6.2,305.3,9.6,D,0
-15.5148,129.1041,335.2,1,1,2014-08-20,0141,Terra,MODIS,61,6.2,309.2,21.7,D,0
-17.7575,123.9532,341.4,1.8,1.3,2014-08-20,0142,Terra,MODIS,90,6.2,307.3,75,D,0
-17.7692,123.951,326.1,1.8,1.3,2014-08-20,0142,Terra,MODIS,55,6.2,307,30.5,D,0
-16.4978,128.5424,319.8,1,1,2014-08-20,0142,Terra,MODIS,50,6.2,305.8,7.7,D,0
-17.753,123.9483,324.6,1.8,1.3,2014-08-20,0142,Terra,MODIS,53,6.2,304.6,26.9,D,0
-17.5751,123.054,342.1,2.1,1.4,2014-08-20,0142,Terra,MODIS,90,6.2,304,115.5,D,0
-17.5626,123.0564,370.5,2.1,1.4,2014-08-20,0142,Terra,MODIS,100,6.2,310,316.9,D,0
-17.7428,124.0067,343.7,1.7,1.3,2014-08-20,0142,Terra,MODIS,91,6.2,305.4,85.9,D,0
-16.2287,128.3475,322.6,1,1,2014-08-20,0142,Terra,MODIS,69,6.2,304.3,11.9,D,0
-16.4887,128.5439,337.6,1,1,2014-08-20,0142,Terra,MODIS,87,6.2,307.6,30.4,D,0
-17.7646,123.946,347.8,1.8,1.3,2014-08-20,0142,Terra,MODIS,94,6.2,308.3,110.1,D,0
-17.7547,123.9368,346.8,1.8,1.3,2014-08-20,0142,Terra,MODIS,93,6.2,305.2,98.1,D,0
-16.4757,128.5131,325.9,1,1,2014-08-20,0142,Terra,MODIS,75,6.2,305.2,15.8,D,0
-17.74,123.9904,341,1.7,1.3,2014-08-20,0142,Terra,MODIS,89,6.2,307.3,75.5,D,0
-17.7371,123.9741,325.7,1.8,1.3,2014-08-20,0142,Terra,MODIS,51,6.2,307.7,24.6,D,0
-17.5591,123.0371,360.8,2.1,1.4,2014-08-20,0142,Terra,MODIS,100,6.2,303.7,235.6,D,0
-17.5716,123.0347,314.9,2.1,1.4,2014-08-20,0142,Terra,MODIS,33,6.2,298.7,20.1,D,0
-17.6291,123.1417,316.3,2,1.4,2014-08-20,0142,Terra,MODIS,31,6.2,303.8,17.5,D,0
-16.2286,123.6206,315.2,2,1.4,2014-08-20,0142,Terra,MODIS,44,6.2,300.3,20.8,D,0
-17.7459,123.9554,327.2,1.8,1.3,2014-08-20,0142,Terra,MODIS,50,6.2,304.3,28.2,D,0
-17.6307,123.1356,315,2,1.4,2014-08-20,0142,Terra,MODIS,38,6.2,303.1,15.9,D,0
-16.2253,123.6024,317.3,2,1.4,2014-08-20,0142,Terra,MODIS,0,6.2,300.7,26,D,0
-16.2232,123.6088,322.4,2,1.4,2014-08-20,0142,Terra,MODIS,0,6.2,301.1,38.3,D,0
-17.7082,123.9456,322.6,1.8,1.3,2014-08-20,0142,Terra,MODIS,57,6.2,306.9,16.8,D,0
-18.5335,130.102,334.8,1,1,2014-08-20,0142,Terra,MODIS,85,6.2,306.3,24.6,D,0
-16.574,128.1965,328.6,1.1,1,2014-08-20,0142,Terra,MODIS,78,6.2,307,17.8,D,0
-16.5725,128.1867,328.5,1.1,1,2014-08-20,0142,Terra,MODIS,78,6.2,306.9,18.4,D,0
-16.5648,128.198,320.5,1.1,1,2014-08-20,0142,Terra,MODIS,65,6.2,307.3,9.1,D,0
-16.986,128.2341,324.9,1,1,2014-08-20,0142,Terra,MODIS,74,6.2,308,13,D,0
-16.9846,128.2244,321.5,1,1,2014-08-20,0142,Terra,MODIS,66,6.2,307.7,9.5,D,0
-17.5917,124.1312,320.9,1.7,1.3,2014-08-20,0142,Terra,MODIS,17,6.2,303.4,21.7,D,0
-17.589,124.1152,340.2,1.7,1.3,2014-08-20,0142,Terra,MODIS,89,6.2,304.5,78.6,D,0
-17.5775,124.1173,356.5,1.7,1.3,2014-08-20,0142,Terra,MODIS,98,6.2,306.6,153,D,0
-17.5659,124.1193,331.1,1.7,1.3,2014-08-20,0142,Terra,MODIS,71,6.2,304.3,46.7,D,0
-17.5544,124.1214,358.2,1.7,1.3,2014-08-20,0142,Terra,MODIS,99,6.2,307.7,159.6,D,0
-17.5516,124.1055,343.8,1.7,1.3,2014-08-20,0142,Terra,MODIS,91,6.2,303.4,90.3,D,0
-17.54,124.1075,349.7,1.7,1.3,2014-08-20,0142,Terra,MODIS,94,6.2,307.5,116.3,D,0
-17.5285,124.1096,336.9,1.7,1.3,2014-08-20,0142,Terra,MODIS,81,6.2,305.6,60,D,0
-17.5212,124.1178,344.8,1.7,1.3,2014-08-20,0142,Terra,MODIS,92,6.2,307,89.5,D,0
-17.4231,124.0355,330.2,1.8,1.3,2014-08-20,0142,Terra,MODIS,77,6.2,303.9,40.8,D,0
-17.3969,124.0233,327.6,1.8,1.3,2014-08-20,0142,Terra,MODIS,64,6.2,303.6,39.9,D,0
-17.4072,124.0611,324.1,1.8,1.3,2014-08-20,0142,Terra,MODIS,24,6.2,304.7,26.9,D,0
-17.4044,124.0448,335.5,1.8,1.3,2014-08-20,0142,Terra,MODIS,78,6.2,305.2,60.8,D,0
-17.4016,124.0284,326.9,1.8,1.3,2014-08-20,0142,Terra,MODIS,57,6.2,303.3,37.3,D,0
-17.3988,124.0119,318.3,1.8,1.3,2014-08-20,0142,Terra,MODIS,57,6.2,302.4,20.1,D,0
-17.6112,124.1216,352.2,1.7,1.3,2014-08-20,0142,Terra,MODIS,96,6.2,305.6,133,D,0
-17.6084,124.1056,364.6,1.7,1.3,2014-08-20,0142,Terra,MODIS,100,6.2,306.2,205.4,D,0
-17.5997,124.1237,328.2,1.7,1.3,2014-08-20,0142,Terra,MODIS,78,6.2,304.7,41.4,D,0
-17.5968,124.1077,326.4,1.7,1.3,2014-08-20,0142,Terra,MODIS,76,6.2,303.4,37.4,D,0
-17.6148,124.127,320.4,1.7,1.3,2014-08-20,0142,Terra,MODIS,56,6.2,302.9,22.6,D,0
-17.6121,124.111,380.5,1.7,1.3,2014-08-20,0142,Terra,MODIS,100,6.2,307.7,328,D,0
-17.6005,124.1131,341.9,1.7,1.3,2014-08-20,0142,Terra,MODIS,90,6.2,305.2,84.9,D,0
-17.429,124.0006,320.3,1.8,1.3,2014-08-20,0142,Terra,MODIS,42,6.2,302.8,24,D,0
-17.5169,124.1118,332,1.7,1.3,2014-08-20,0142,Terra,MODIS,40,6.2,306.9,43.3,D,0
-17.4981,124.1221,324.4,1.7,1.3,2014-08-20,0142,Terra,MODIS,62,6.2,304.3,26.7,D,0
-17.4953,124.106,320.6,1.7,1.3,2014-08-20,0142,Terra,MODIS,27,6.2,304.2,15.9,D,0
-17.4865,124.1242,332,1.7,1.3,2014-08-20,0142,Terra,MODIS,78,6.2,305,46.8,D,0
-17.4838,124.1081,325.2,1.7,1.3,2014-08-20,0142,Terra,MODIS,51,6.2,304.1,26.5,D,0
-17.4583,123.9611,326.4,1.8,1.3,2014-08-20,0142,Terra,MODIS,65,6.2,304.1,37.5,D,0
-17.5372,124.0915,324.2,1.7,1.3,2014-08-20,0142,Terra,MODIS,60,6.2,305,27.2,D,0
-18.5316,130.0239,324.4,1,1,2014-08-20,0142,Terra,MODIS,74,6.2,303.9,14,D,0
-18.544,130.1103,327.4,1,1,2014-08-20,0142,Terra,MODIS,78,6.2,306,15.1,D,0
-18.5363,130.1213,329.2,1,1,2014-08-20,0142,Terra,MODIS,80,6.2,306.3,17.3,D,0
-18.5349,130.1117,341.7,1,1,2014-08-20,0142,Terra,MODIS,90,6.2,307.8,35.9,D,0
-18.514,130.0952,320.6,1,1,2014-08-20,0142,Terra,MODIS,68,6.2,306,7.6,D,0
-18.4936,130.1475,333.8,1,1,2014-08-20,0142,Terra,MODIS,84,6.2,305.5,24.4,D,0
-18.4922,130.1379,326.4,1,1,2014-08-20,0142,Terra,MODIS,76,6.2,304.2,15.5,D,0
-18.4886,130.1778,328.9,1,1,2014-08-20,0142,Terra,MODIS,73,6.2,308.2,17.9,D,0
-18.4872,130.1682,332.3,1,1,2014-08-20,0142,Terra,MODIS,83,6.2,308.8,22.6,D,0
-18.4859,130.1585,331.4,1,1,2014-08-20,0142,Terra,MODIS,82,6.2,307.3,22.2,D,0
-18.4763,130.0912,322.4,1,1,2014-08-20,0142,Terra,MODIS,65,6.2,304.7,11.6,D,0
-18.7491,122.0475,321.6,2.3,1.5,2014-08-20,0142,Terra,MODIS,70,6.2,305.7,36.5,D,0
-17.9913,125.2731,321.4,1.4,1.2,2014-08-20,0142,Terra,MODIS,69,6.2,308.4,12.7,D,0
-17.9935,125.2863,329.7,1.4,1.2,2014-08-20,0142,Terra,MODIS,80,6.2,307.6,28.5,D,0
-17.998,125.2795,330.1,1.4,1.2,2014-08-20,0142,Terra,MODIS,81,6.2,307.6,30.3,D,0
-18.2899,127.8452,314.7,1,1,2014-08-20,0142,Terra,MODIS,49,6.2,304.6,5.3,D,0
-18.961,121.8472,317.4,2.4,1.5,2014-08-20,0143,Terra,MODIS,50,6.2,303.9,24.7,D,0
-18.9624,121.8309,317.5,2.4,1.5,2014-08-20,0143,Terra,MODIS,20,6.2,304.2,22.1,D,0
-18.9839,121.7488,318.9,2.4,1.5,2014-08-20,0143,Terra,MODIS,65,6.2,303.9,30.8,D,0
-21.9136,119.4825,309.1,3,1.7,2014-08-20,0143,Terra,MODIS,23,6.2,297.9,18.1,D,0
-21.9148,119.4879,314.3,3,1.7,2014-08-20,0143,Terra,MODIS,63,6.2,298.5,36.3,D,0
-21.8705,119.4983,327.5,3,1.7,2014-08-20,0143,Terra,MODIS,81,6.2,299.3,102.5,D,0
-21.8558,119.5017,328.4,3,1.7,2014-08-20,0143,Terra,MODIS,82,6.2,298.7,107.4,D,0
-22.7421,127.4342,323.3,1,1,2014-08-20,0143,Terra,MODIS,73,6.2,303.3,12,D,0
-24.648,126.172,327.7,1.1,1,2014-08-20,0144,Terra,MODIS,79,6.2,301.4,19.1,D,0
-24.6572,126.1702,332.3,1.1,1,2014-08-20,0144,Terra,MODIS,83,6.2,301.2,26.1,D,0
-42.3063,147.9417,304.8,1.1,1,2014-08-20,0421,Aqua,MODIS,60,6.2,284.9,8.5,D,0
-35.2197,143.5898,306.7,1,1,2014-08-20,0423,Aqua,MODIS,58,6.2,295.2,5,D,0
-34.8752,145.8503,354.2,1.1,1,2014-08-20,0423,Aqua,MODIS,97,6.2,288.8,79,D,0
-35.585,145.9127,310.8,1.1,1,2014-08-20,0423,Aqua,MODIS,67,6.2,286.9,10.5,D,0
-35.5117,145.0907,313.2,1,1,2014-08-20,0423,Aqua,MODIS,73,6.2,292.8,10.9,D,0
-34.8479,146.0176,321.5,1.1,1,2014-08-20,0423,Aqua,MODIS,74,6.2,291.5,17.2,D,0
-34.8459,146.0296,318.6,1.1,1,2014-08-20,0423,Aqua,MODIS,50,6.2,293.6,13.9,D,0
-34.8553,146.032,314.7,1.1,1,2014-08-20,0423,Aqua,MODIS,24,6.2,290.2,9.9,D,0
-34.8573,146.0199,321.8,1.1,1,2014-08-20,0423,Aqua,MODIS,62,6.2,293.9,17.5,D,0
-29.4054,148.2431,309.3,1.8,1.3,2014-08-20,0425,Aqua,MODIS,57,6.2,296,10.7,D,0
-29.41,148.25,312.7,1.8,1.3,2014-08-20,0425,Aqua,MODIS,66,6.2,295.9,17.1,D,0
-26.8992,152.533,312.5,4,1.9,2014-08-20,0425,Aqua,MODIS,59,6.2,287.6,63.4,D,0
-26.8943,152.5238,311.2,4,1.9,2014-08-20,0425,Aqua,MODIS,57,6.2,287.3,56.8,D,0
-26.8545,152.469,305.4,3.9,1.8,2014-08-20,0425,Aqua,MODIS,33,6.2,290.9,35.2,D,0
-25.7669,146.9932,350.8,1.8,1.3,2014-08-20,0426,Aqua,MODIS,91,6.2,293,138.3,D,0
-25.7612,146.9865,325.9,1.8,1.3,2014-08-20,0426,Aqua,MODIS,71,6.2,288,45.1,D,0
-26.5828,148.735,313.6,2.2,1.4,2014-08-20,0426,Aqua,MODIS,70,6.2,295.9,22.1,D,0
-24.8572,150.9764,305.2,3.5,1.8,2014-08-20,0426,Aqua,MODIS,36,6.2,293.3,25.7,D,0
-26.5342,149.7338,313.6,2.6,1.6,2014-08-20,0426,Aqua,MODIS,70,6.2,295.9,29,D,0
-25.1407,151.2278,315,3.6,1.8,2014-08-20,0426,Aqua,MODIS,71,6.2,293.5,61.2,D,0
-25.1483,151.1929,313.3,3.6,1.8,2014-08-20,0426,Aqua,MODIS,68,6.2,293.2,50.6,D,0
-24.8583,150.949,305.4,3.5,1.8,2014-08-20,0426,Aqua,MODIS,40,6.2,291.5,24.5,D,0
-24.9271,148.0685,311.9,2.2,1.4,2014-08-20,0426,Aqua,MODIS,60,6.2,291,31,D,0
-24.8643,150.9424,305.9,3.5,1.8,2014-08-20,0426,Aqua,MODIS,45,6.2,291.7,28.7,D,0
-22.3294,148.4919,320.9,2.7,1.6,2014-08-20,0427,Aqua,MODIS,73,6.2,302.2,48.8,D,0
-22.3404,148.4895,318.1,2.7,1.6,2014-08-20,0427,Aqua,MODIS,69,6.2,302.2,37.3,D,0
-22.3355,148.515,316.5,2.7,1.6,2014-08-20,0427,Aqua,MODIS,66,6.2,301.8,31.9,D,0
-21.6307,149.0542,321.9,3,1.7,2014-08-20,0427,Aqua,MODIS,24,6.2,296.2,72.4,D,0
-21.627,149.0788,321.4,3,1.7,2014-08-20,0427,Aqua,MODIS,73,6.2,294.9,79.3,D,0
-21.6327,149.05,323,3,1.7,2014-08-20,0427,Aqua,MODIS,75,6.2,296.4,87.3,D,0
-16.3247,144.6047,321,1.8,1.3,2014-08-20,0428,Aqua,MODIS,71,6.2,302.5,26.5,D,0
-20.7417,139.4712,329,1,1,2014-08-20,0428,Aqua,MODIS,64,6.2,309.2,16.1,D,2
-20.7404,139.4808,324.7,1,1,2014-08-20,0428,Aqua,MODIS,65,6.2,308.3,11.2,D,2
-17.1655,139.0918,330.9,1,1,2014-08-20,0428,Aqua,MODIS,78,6.2,312.6,15.5,D,0
-17.1668,139.0825,337.2,1,1,2014-08-20,0428,Aqua,MODIS,85,6.2,312.5,24.9,D,0
-17.1737,138.7704,350.7,1,1,2014-08-20,0428,Aqua,MODIS,95,6.2,313.9,47.3,D,0
-17.175,138.7611,351.2,1,1,2014-08-20,0428,Aqua,MODIS,95,6.2,315.5,47.5,D,0
-17.9298,138.7534,325.6,1,1,2014-08-20,0428,Aqua,MODIS,57,6.2,314.5,9.5,D,0
-17.2272,138.7853,350.6,1,1,2014-08-20,0428,Aqua,MODIS,95,6.2,310.9,48,D,0
-17.2285,138.7759,333.2,1,1,2014-08-20,0428,Aqua,MODIS,53,6.2,314.2,16.8,D,0
-17.2622,138.733,331.6,1,1,2014-08-20,0428,Aqua,MODIS,59,6.2,313.3,15.3,D,0
-17.2301,138.6992,324,1,1,2014-08-20,0428,Aqua,MODIS,21,6.2,312,6.5,D,0
-17.3449,138.9245,328.9,1,1,2014-08-20,0428,Aqua,MODIS,75,6.2,311.3,14.1,D,0
-19.0417,146.3635,315.9,2.2,1.4,2014-08-20,0428,Aqua,MODIS,39,6.2,296.1,33.3,D,0
-18.5136,130.0378,326.7,3.6,1.8,2014-08-20,0428,Aqua,MODIS,63,6.2,305.3,85,D,0
-18.4497,130.0918,326.1,3.5,1.8,2014-08-20,0428,Aqua,MODIS,76,6.2,299.1,113.2,D,0
-18.4813,130.2018,335.9,3.4,1.7,2014-08-20,0428,Aqua,MODIS,63,6.2,303.9,154.3,D,0
-18.4656,130.0327,341,3.6,1.8,2014-08-20,0428,Aqua,MODIS,89,6.2,301.9,237.6,D,0
-18.4624,130.0664,358.9,3.5,1.8,2014-08-20,0428,Aqua,MODIS,99,6.2,302.5,469.7,D,0
-18.4464,130.1247,336.1,3.5,1.8,2014-08-20,0428,Aqua,MODIS,86,6.2,300.3,194,D,0
-18.517,130.0038,321.4,3.6,1.8,2014-08-20,0428,Aqua,MODIS,46,6.2,307,59.8,D,0
-18.4971,130.2033,375.7,3.4,1.7,2014-08-20,0428,Aqua,MODIS,100,6.2,309,758,D,0
-18.4433,130.0979,335.6,3.5,1.8,2014-08-20,0428,Aqua,MODIS,85,6.2,298,190.4,D,0
-18.5249,130.0096,322.5,3.6,1.8,2014-08-20,0428,Aqua,MODIS,54,6.2,308.2,65.4,D,0
-18.4655,130.2001,335.3,3.4,1.7,2014-08-20,0428,Aqua,MODIS,74,6.2,301.7,160.8,D,0
-18.4402,130.1309,326.6,3.5,1.8,2014-08-20,0428,Aqua,MODIS,76,6.2,298.6,117.8,D,0
-18.4592,130.0996,375.5,3.5,1.8,2014-08-20,0428,Aqua,MODIS,100,6.2,305.2,785.2,D,0
-18.456,130.1326,338.6,3.5,1.8,2014-08-20,0428,Aqua,MODIS,86,6.2,302.2,205.4,D,0
-18.4784,130.0681,338.9,3.5,1.8,2014-08-20,0428,Aqua,MODIS,84,6.2,304,192.8,D,0
-18.4751,130.1014,342.5,3.5,1.8,2014-08-20,0428,Aqua,MODIS,90,6.2,304.8,223,D,0
-18.4719,130.1343,330.6,3.5,1.8,2014-08-20,0428,Aqua,MODIS,40,6.2,304.4,111.6,D,0
-18.4687,130.1673,377.5,3.5,1.8,2014-08-20,0428,Aqua,MODIS,100,6.2,306.7,806,D,0
-18.4845,130.1691,342.4,3.5,1.8,2014-08-20,0428,Aqua,MODIS,88,6.2,306.2,210.9,D,0
-18.4867,130.074,326.5,3.5,1.8,2014-08-20,0428,Aqua,MODIS,41,6.2,304.7,71.7,D,0
-18.4836,130.1072,327.9,3.5,1.8,2014-08-20,0428,Aqua,MODIS,65,6.2,304.5,78.6,D,0
-18.4806,130.1402,331.4,3.5,1.8,2014-08-20,0428,Aqua,MODIS,81,6.2,305.2,103.5,D,0
-18.4776,130.1733,373.2,3.5,1.8,2014-08-20,0428,Aqua,MODIS,100,6.2,308.2,702.4,D,0
-18.4934,130.175,332,3.5,1.8,2014-08-20,0428,Aqua,MODIS,77,6.2,306.7,116.3,D,0
-18.4746,130.2061,327.5,3.4,1.7,2014-08-20,0428,Aqua,MODIS,63,6.2,302.9,96.4,D,0
-18.4904,130.2077,363.5,3.4,1.7,2014-08-20,0428,Aqua,MODIS,100,6.2,306.2,515.7,D,0
-18.5062,130.2093,356.5,3.4,1.7,2014-08-20,0428,Aqua,MODIS,98,6.2,307.7,403.8,D,0
-18.4939,130.2357,322.6,3.4,1.7,2014-08-20,0428,Aqua,MODIS,35,6.2,303.2,61.7,D,0
-18.5217,130.0437,323.8,3.6,1.8,2014-08-20,0428,Aqua,MODIS,62,6.2,307.1,65,D,0
-15.5806,129.1459,317,3.8,1.8,2014-08-20,0429,Aqua,MODIS,10,6.2,304.9,36.7,D,0
-16.5773,128.1568,316,4.6,2,2014-08-20,0429,Aqua,MODIS,31,6.2,305.1,51.1,D,0
-16.576,128.16,317.9,4.6,2,2014-08-20,0429,Aqua,MODIS,55,6.2,305.1,69.8,D,0
-16.3389,136.0597,323.9,1.2,1.1,2014-08-20,0429,Aqua,MODIS,55,6.2,308.4,12.6,D,0
-15.8203,135.8219,415.9,1.2,1.1,2014-08-20,0429,Aqua,MODIS,100,6.2,316.1,486.1,D,0
-16.1179,136.6433,329.2,1.1,1.1,2014-08-20,0429,Aqua,MODIS,74,6.2,311.1,17.7,D,0
-15.8502,135.8259,362.9,1.2,1.1,2014-08-20,0429,Aqua,MODIS,100,6.2,310.6,112,D,0
-14.8893,134.5155,325.5,1.5,1.2,2014-08-20,0429,Aqua,MODIS,42,6.2,310.1,17.4,D,0
-15.8518,135.8144,331.3,1.2,1.1,2014-08-20,0429,Aqua,MODIS,73,6.2,311.6,22.6,D,0
-15.8606,135.8212,342.1,1.2,1.1,2014-08-20,0429,Aqua,MODIS,89,6.2,311.5,42.6,D,0
-12.9889,142.056,329.1,1.4,1.2,2014-08-20,0429,Aqua,MODIS,80,6.2,298.3,27.2,D,0
-15.3078,135.0678,341.3,1.4,1.2,2014-08-20,0429,Aqua,MODIS,88,6.2,306,54.3,D,0
-16.3235,135.7059,325.5,1.3,1.1,2014-08-20,0429,Aqua,MODIS,61,6.2,310.9,12.6,D,0
-15.5954,145.2309,313.7,2.1,1.4,2014-08-20,0429,Aqua,MODIS,31,6.2,294.5,18,D,0
-15.8018,135.8076,358.3,1.2,1.1,2014-08-20,0429,Aqua,MODIS,99,6.2,305.2,98,D,0
-16.3276,136.0697,344.9,1.2,1.1,2014-08-20,0429,Aqua,MODIS,91,6.2,313.2,51.4,D,0
-15.8217,135.8104,379.3,1.2,1.1,2014-08-20,0429,Aqua,MODIS,100,6.2,317.2,190.7,D,0
-15.9045,135.8745,325.7,1.2,1.1,2014-08-20,0429,Aqua,MODIS,29,6.2,311,13.4,D,0
-15.8048,135.7844,335.9,1.3,1.1,2014-08-20,0429,Aqua,MODIS,61,6.2,304.8,33.3,D,0
-15.1709,135.0949,335.4,1.4,1.2,2014-08-20,0429,Aqua,MODIS,84,6.2,309,38.1,D,0
-15.899,135.8384,325.3,1.2,1.1,2014-08-20,0429,Aqua,MODIS,48,6.2,310.2,12.4,D,0
-15.8118,135.8091,372.5,1.2,1.1,2014-08-20,0429,Aqua,MODIS,100,6.2,311.3,156.9,D,0
-12.9869,142.0686,335.4,1.4,1.2,2014-08-20,0429,Aqua,MODIS,86,6.2,298,41.1,D,0
-15.592,145.2506,332.8,2.1,1.4,2014-08-20,0429,Aqua,MODIS,85,6.2,296.1,80.3,D,0
-15.8033,135.7959,364.3,1.3,1.1,2014-08-20,0429,Aqua,MODIS,100,6.2,310.5,119.3,D,0
-15.8894,135.7544,333.7,1.3,1.1,2014-08-20,0429,Aqua,MODIS,52,6.2,308.2,25.5,D,0
-15.8602,135.8273,341.2,1.2,1.1,2014-08-20,0429,Aqua,MODIS,88,6.2,309.9,42.3,D,0
-15.8418,135.813,349,1.2,1.1,2014-08-20,0429,Aqua,MODIS,94,6.2,312.2,62.6,D,0
-14.9062,142.3702,335.6,1.4,1.2,2014-08-20,0429,Aqua,MODIS,86,6.2,304.1,40.4,D,0
-15.8302,135.8233,355,1.2,1.1,2014-08-20,0429,Aqua,MODIS,97,6.2,306.4,83.7,D,0
-15.8103,135.8206,344.1,1.2,1.1,2014-08-20,0429,Aqua,MODIS,90,6.2,301.5,56.3,D,0
-14.4382,134.934,324.6,1.4,1.2,2014-08-20,0429,Aqua,MODIS,61,6.2,309.5,15.2,D,0
-15.8591,135.8328,331.7,1.2,1.1,2014-08-20,0429,Aqua,MODIS,73,6.2,308.8,21,D,0
-15.8609,135.7448,329.8,1.3,1.1,2014-08-20,0429,Aqua,MODIS,26,6.2,308.1,19.6,D,0
-15.7933,135.7945,339.9,1.3,1.1,2014-08-20,0429,Aqua,MODIS,87,6.2,303.3,46.4,D,0
-16.1477,136.0438,336,1.2,1.1,2014-08-20,0429,Aqua,MODIS,83,6.2,314.2,27.3,D,0
-15.3278,135.0511,327.9,1.4,1.2,2014-08-20,0429,Aqua,MODIS,14,6.2,306,19.2,D,0
-15.8945,135.8731,327.7,1.2,1.1,2014-08-20,0429,Aqua,MODIS,67,6.2,308.7,15.8,D,0
-16.1463,136.0552,338.6,1.2,1.1,2014-08-20,0429,Aqua,MODIS,83,6.2,311,33.5,D,0
-14.4366,134.9465,328.5,1.4,1.2,2014-08-20,0429,Aqua,MODIS,72,6.2,310,21.6,D,0
-16.0835,136.6815,325.8,1.1,1.1,2014-08-20,0429,Aqua,MODIS,68,6.2,307.8,14.4,D,0
-14.4263,134.945,334,1.4,1.2,2014-08-20,0429,Aqua,MODIS,79,6.2,311,31.4,D,0
-16.329,136.0583,341.3,1.2,1.1,2014-08-20,0429,Aqua,MODIS,88,6.2,310.1,42.9,D,0
-15.3205,135.0244,336.2,1.4,1.2,2014-08-20,0429,Aqua,MODIS,79,6.2,309.5,37.2,D,0
-15.8402,135.8246,385.8,1.2,1.1,2014-08-20,0429,Aqua,MODIS,100,6.2,310.5,227.8,D,0
-14.8786,134.514,325.5,1.5,1.2,2014-08-20,0429,Aqua,MODIS,53,6.2,308.3,17.6,D,0
-14.8876,134.5289,325.7,1.5,1.2,2014-08-20,0429,Aqua,MODIS,53,6.2,310.4,17.4,D,0
-15.6903,135.8791,323.3,1.2,1.1,2014-08-20,0429,Aqua,MODIS,50,6.2,307.6,13,D,0
-16.3134,135.7044,351.9,1.3,1.1,2014-08-20,0429,Aqua,MODIS,95,6.2,311.5,75.1,D,0
-15.8408,135.742,347.7,1.3,1.1,2014-08-20,0429,Aqua,MODIS,93,6.2,309,61.8,D,0
-15.8308,135.7406,325.6,1.3,1.1,2014-08-20,0429,Aqua,MODIS,23,6.2,307.9,15.4,D,0
-16.3375,136.0711,323,1.2,1.1,2014-08-20,0429,Aqua,MODIS,57,6.2,310.1,10.9,D,0
-15.8317,135.8118,333.9,1.2,1.1,2014-08-20,0429,Aqua,MODIS,35,6.2,310.1,26.1,D,0
-16.291,135.7981,335.2,1.3,1.1,2014-08-20,0429,Aqua,MODIS,83,6.2,311.2,30.7,D,0
-16.1219,136.6386,326.6,1.1,1.1,2014-08-20,0429,Aqua,MODIS,62,6.2,311.1,14,D,0
-15.6888,135.8905,336.3,1.2,1.1,2014-08-20,0429,Aqua,MODIS,84,6.2,309.4,34.8,D,0
-16.0849,136.6709,328.1,1.1,1.1,2014-08-20,0429,Aqua,MODIS,65,6.2,311,16.5,D,0
-15.3127,135.0298,336,1.4,1.2,2014-08-20,0429,Aqua,MODIS,72,6.2,306.9,36.9,D,0
-15.9679,136.246,326.7,1.2,1.1,2014-08-20,0429,Aqua,MODIS,48,6.2,311.4,11.9,D,0
-16.0014,128.8808,325.7,4,1.9,2014-08-20,0429,Aqua,MODIS,53,6.2,309.1,93.1,D,0
-15.9845,128.8792,327,4,1.9,2014-08-20,0429,Aqua,MODIS,52,6.2,305.2,105.8,D,0
-15.9893,128.8867,338.1,4,1.9,2014-08-20,0429,Aqua,MODIS,87,6.2,306.1,221.4,D,0
-16.5055,128.5324,331.1,4.3,1.9,2014-08-20,0429,Aqua,MODIS,76,6.2,306.1,166.7,D,0
-16.5044,128.5289,333,4.3,1.9,2014-08-20,0429,Aqua,MODIS,78,6.2,306.2,189.7,D,0
-16.4882,128.5308,318.4,4.3,1.9,2014-08-20,0429,Aqua,MODIS,47,6.2,305.6,54.4,D,0
-16.487,128.5275,317.2,4.3,1.9,2014-08-20,0429,Aqua,MODIS,36,6.2,305.7,48.5,D,0
-13.9505,136.4881,316.8,1.1,1,2014-08-20,0429,Aqua,MODIS,39,6.2,303.7,6.2,D,0
-15.3374,133.0988,325.1,1.9,1.3,2014-08-20,0429,Aqua,MODIS,59,6.2,307.6,30.3,D,0
-13.8615,136.614,323,1.1,1,2014-08-20,0429,Aqua,MODIS,61,6.2,305.2,10.3,D,0
-16.0328,136.2946,332.5,1.2,1.1,2014-08-20,0429,Aqua,MODIS,79,6.2,311.4,21.7,D,0
-15.3452,133.1352,327.6,1.9,1.3,2014-08-20,0429,Aqua,MODIS,55,6.2,309.2,35.7,D,0
-15.0544,133.0809,318.7,1.9,1.3,2014-08-20,0429,Aqua,MODIS,51,6.2,307.4,13.7,D,0
-13.9044,136.5792,322.8,1.1,1,2014-08-20,0429,Aqua,MODIS,71,6.2,304.2,12.2,D,0
-15.3473,133.1178,331.4,1.9,1.3,2014-08-20,0429,Aqua,MODIS,80,6.2,307.4,47.4,D,0
-15.5711,131.3291,325.2,2.6,1.5,2014-08-20,0429,Aqua,MODIS,50,6.2,308.9,38.8,D,0
-13.9138,136.5805,321.7,1.1,1,2014-08-20,0429,Aqua,MODIS,69,6.2,304.6,11.3,D,0
-15.5684,131.3535,326.5,2.6,1.5,2014-08-20,0429,Aqua,MODIS,62,6.2,308.5,44.3,D,0
-15.5795,131.3785,326.2,2.6,1.5,2014-08-20,0429,Aqua,MODIS,56,6.2,308.4,45.8,D,0
-15.5768,131.3371,324.8,2.6,1.5,2014-08-20,0429,Aqua,MODIS,24,6.2,308.2,35.6,D,0
-15.5742,131.3612,324,2.6,1.5,2014-08-20,0429,Aqua,MODIS,49,6.2,308.3,35,D,0
-13.8707,136.6867,316.9,1.1,1,2014-08-20,0429,Aqua,MODIS,50,6.2,303.8,6.3,D,0
-16.0313,136.3055,334,1.2,1.1,2014-08-20,0429,Aqua,MODIS,81,6.2,312.4,23.8,D,0
-15.5717,131.3847,325.6,2.6,1.5,2014-08-20,0429,Aqua,MODIS,49,6.2,308.9,42.4,D,0
-14.0073,136.4233,340.2,1.1,1.1,2014-08-20,0429,Aqua,MODIS,0,6.2,305,38.6,D,0
-15.6047,145.2526,319.7,2.1,1.4,2014-08-20,0429,Aqua,MODIS,70,6.2,296.9,36.5,D,0
-15.0423,133.0794,329.5,1.9,1.3,2014-08-20,0429,Aqua,MODIS,77,6.2,307.9,41,D,0
-14.0059,136.4336,324.2,1.1,1.1,2014-08-20,0429,Aqua,MODIS,58,6.2,304.3,12.3,D,0
-15.2031,135.0093,331.4,1.4,1.2,2014-08-20,0429,Aqua,MODIS,63,6.2,306.8,28,D,0
-17.0306,139.1349,320.8,1,1,2014-08-20,0429,Aqua,MODIS,41,6.2,305.4,10.1,D,0
-16.5431,139.323,326.8,1,1,2014-08-20,0429,Aqua,MODIS,78,6.2,309,14.9,D,0
-16.5444,139.3136,334.3,1,1,2014-08-20,0429,Aqua,MODIS,86,6.2,307.6,24.9,D,0
-17.162,138.7878,346.7,1,1,2014-08-20,0429,Aqua,MODIS,92,6.2,305.7,44.7,D,0
-17.1633,138.7785,372,1,1,2014-08-20,0429,Aqua,MODIS,100,6.2,315.3,111.3,D,0
-17.1646,138.7691,378.4,1,1,2014-08-20,0429,Aqua,MODIS,100,6.2,316.7,133.2,D,0
-17.166,138.7597,351.1,1,1,2014-08-20,0429,Aqua,MODIS,95,6.2,314,49.3,D,0
-17.1543,138.7771,406.1,1,1,2014-08-20,0429,Aqua,MODIS,100,6.2,317.9,283.6,D,0
-17.153,138.7865,342.3,1,1,2014-08-20,0429,Aqua,MODIS,89,6.2,304.2,38.9,D,0
-17.1556,138.7677,361.1,1,1,2014-08-20,0429,Aqua,MODIS,100,6.2,312.1,78.2,D,0
-14.0014,142.065,324.5,1.3,1.1,2014-08-20,0429,Aqua,MODIS,53,6.2,305.6,19.5,D,0
-16.5534,139.315,340.5,1,1,2014-08-20,0429,Aqua,MODIS,90,6.2,308.8,33.7,D,0
-13.6029,141.8658,321.5,1.3,1.1,2014-08-20,0429,Aqua,MODIS,63,6.2,296.4,15.8,D,0
-17.1161,138.727,326.4,1,1,2014-08-20,0429,Aqua,MODIS,61,6.2,310.1,12.8,D,0
-15.2477,135.1236,339.4,1.4,1.2,2014-08-20,0429,Aqua,MODIS,87,6.2,308.5,43.8,D,0
-16.6534,139.3281,319.9,1,1,2014-08-20,0429,Aqua,MODIS,44,6.2,307.1,6.7,D,0
-16.6574,139.3,321.4,1,1,2014-08-20,0429,Aqua,MODIS,53,6.2,309,6.5,D,0
-16.6664,139.3015,321.3,1,1,2014-08-20,0429,Aqua,MODIS,35,6.2,308.2,6.2,D,0
-15.2493,135.1111,324.3,1.4,1.2,2014-08-20,0429,Aqua,MODIS,39,6.2,308.2,12.7,D,0
-16.3976,135.6861,337.3,1.3,1.1,2014-08-20,0429,Aqua,MODIS,80,6.2,312.2,33.7,D,0
-16.3991,135.674,338,1.3,1.1,2014-08-20,0429,Aqua,MODIS,86,6.2,312.8,36.1,D,0
-16.3874,135.6847,344.5,1.3,1.1,2014-08-20,0429,Aqua,MODIS,91,6.2,309.7,53.5,D,0
-16.389,135.6726,331.5,1.3,1.1,2014-08-20,0429,Aqua,MODIS,69,6.2,312.1,23.5,D,0
-16.3788,135.6712,326.9,1.3,1.1,2014-08-20,0429,Aqua,MODIS,38,6.2,310.3,15.4,D,0
-16.4876,136.9408,344,1.1,1.1,2014-08-20,0429,Aqua,MODIS,90,6.2,312,43.5,D,0
-16.489,136.9304,329.2,1.1,1.1,2014-08-20,0429,Aqua,MODIS,76,6.2,310.3,16.5,D,0
-16.4579,136.947,327.5,1.1,1.1,2014-08-20,0429,Aqua,MODIS,42,6.2,312.3,13.2,D,0
-16.4484,136.9456,327.3,1.1,1.1,2014-08-20,0429,Aqua,MODIS,33,6.2,312.2,11.5,D,0
-16.4565,136.9574,342,1.1,1.1,2014-08-20,0429,Aqua,MODIS,89,6.2,309.9,38.3,D,0
-16.447,136.956,347.9,1.1,1.1,2014-08-20,0429,Aqua,MODIS,93,6.2,310.3,50,D,0
-15.1781,135.1213,332.1,1.3,1.2,2014-08-20,0429,Aqua,MODIS,71,6.2,305.2,29.2,D,0
-15.1693,135.1075,360.5,1.4,1.2,2014-08-20,0429,Aqua,MODIS,100,6.2,307.1,119,D,0
-15.2533,134.9958,320.4,1.4,1.2,2014-08-20,0429,Aqua,MODIS,56,6.2,308.2,11.7,D,0
-13.5722,141.8608,331.7,1.3,1.1,2014-08-20,0429,Aqua,MODIS,63,6.2,300.9,32.2,D,0
-16.5679,139.4101,322.4,1,1,2014-08-20,0429,Aqua,MODIS,71,6.2,307.7,10.7,D,0
-13.3568,141.9251,330.3,1.3,1.1,2014-08-20,0429,Aqua,MODIS,82,6.2,300.4,30.6,D,0
-15.2005,135.1116,322,1.4,1.2,2014-08-20,0429,Aqua,MODIS,52,6.2,309.5,9.1,D,0
-15.2014,135.022,336,1.4,1.2,2014-08-20,0429,Aqua,MODIS,84,6.2,307.1,36.2,D,0
-15.1988,135.1241,321.6,1.3,1.2,2014-08-20,0429,Aqua,MODIS,41,6.2,308.7,8,D,0
-15.1797,135.1088,335.3,1.4,1.2,2014-08-20,0429,Aqua,MODIS,83,6.2,308.6,36.3,D,0
-15.7731,137.08,323,1.1,1,2014-08-20,0429,Aqua,MODIS,58,6.2,303.9,12.1,D,0
-15.2135,135.0107,325.5,1.4,1.2,2014-08-20,0429,Aqua,MODIS,36,6.2,308.6,17.1,D,0
-16.776,136.9908,334.9,1.1,1.1,2014-08-20,0429,Aqua,MODIS,83,6.2,312.6,24.1,D,0
-16.7774,136.9804,323.3,1.1,1.1,2014-08-20,0429,Aqua,MODIS,55,6.2,311.9,6.5,D,0
-13.5639,141.847,343.4,1.3,1.1,2014-08-20,0429,Aqua,MODIS,91,6.2,299.5,58.7,D,0
-13.15,135.2219,331,1.3,1.1,2014-08-20,0430,Aqua,MODIS,59,6.2,304.2,25.5,D,0
-12.9271,135.2139,326.6,1.2,1.1,2014-08-20,0430,Aqua,MODIS,74,6.2,310.3,17.3,D,0
-12.7789,135.7161,329.3,1.2,1.1,2014-08-20,0430,Aqua,MODIS,67,6.2,309.8,18.5,D,0
-12.5869,131.9458,355.8,2.1,1.4,2014-08-20,0430,Aqua,MODIS,97,6.2,304.7,195,D,0
-12.7706,135.704,342.2,1.2,1.1,2014-08-20,0430,Aqua,MODIS,89,6.2,307.3,42.6,D,0
-13.345,135.441,332.5,1.2,1.1,2014-08-20,0430,Aqua,MODIS,44,6.2,306.7,20.6,D,0
-12.5719,131.9634,373.2,2.1,1.4,2014-08-20,0430,Aqua,MODIS,100,6.2,306.4,344.9,D,0
-12.5876,131.953,365.3,2.1,1.4,2014-08-20,0430,Aqua,MODIS,100,6.2,306.9,268.4,D,0
-12.5695,131.9824,325.5,2.1,1.4,2014-08-20,0430,Aqua,MODIS,43,6.2,305,37.6,D,0
-12.4469,135.8918,321.8,1.1,1.1,2014-08-20,0430,Aqua,MODIS,51,6.2,306.6,11.8,D,0
-12.7163,135.4244,319.7,1.2,1.1,2014-08-20,0430,Aqua,MODIS,53,6.2,307,6.8,D,0
-12.7803,135.7054,328.2,1.2,1.1,2014-08-20,0430,Aqua,MODIS,57,6.2,307.8,17.7,D,0
-12.7877,135.5745,327.2,1.2,1.1,2014-08-20,0430,Aqua,MODIS,30,6.2,307.6,16.7,D,0
-12.5845,131.965,365.2,2.1,1.4,2014-08-20,0430,Aqua,MODIS,100,6.2,309.1,263.8,D,0
-12.6003,131.9547,333,2.1,1.4,2014-08-20,0430,Aqua,MODIS,79,6.2,304.4,62.9,D,0
-12.598,131.9738,339.7,2.1,1.4,2014-08-20,0430,Aqua,MODIS,87,6.2,307.6,87.2,D,0
-12.5972,131.9666,349.7,2.1,1.4,2014-08-20,0430,Aqua,MODIS,94,6.2,307.2,145,D,0
-12.8996,136.398,322.9,1.1,1,2014-08-20,0430,Aqua,MODIS,67,6.2,305.2,13.9,D,0
-13.0056,135.5394,341.6,1.2,1.1,2014-08-20,0430,Aqua,MODIS,81,6.2,307.7,41,D,0
-13.0042,135.5502,335.1,1.2,1.1,2014-08-20,0430,Aqua,MODIS,55,6.2,309.3,25.6,D,0
-13.0154,135.5407,331.4,1.2,1.1,2014-08-20,0430,Aqua,MODIS,18,6.2,309.4,20.2,D,0
-12.5853,131.9722,335.2,2.1,1.4,2014-08-20,0430,Aqua,MODIS,83,6.2,308.3,68.1,D,0
-12.9832,135.5583,327.3,1.2,1.1,2014-08-20,0430,Aqua,MODIS,20,6.2,308.9,13.8,D,0
-12.9762,135.5352,333.1,1.2,1.1,2014-08-20,0430,Aqua,MODIS,67,6.2,304.2,29.8,D,0
-13.1469,135.2449,332.5,1.3,1.1,2014-08-20,0430,Aqua,MODIS,62,6.2,306.5,27.7,D,0
-12.5821,131.984,330.4,2.1,1.4,2014-08-20,0430,Aqua,MODIS,69,6.2,308.5,49.3,D,0
-12.8988,135.3422,321.7,1.2,1.1,2014-08-20,0430,Aqua,MODIS,63,6.2,307.4,9.2,D,0
-13.1584,135.2348,332,1.3,1.1,2014-08-20,0430,Aqua,MODIS,80,6.2,305.6,27.5,D,0
-13.3523,135.3846,338.9,1.2,1.1,2014-08-20,0430,Aqua,MODIS,67,6.2,303.8,36.7,D,0
-12.881,135.0951,339.3,1.3,1.1,2014-08-20,0430,Aqua,MODIS,87,6.2,310.9,38.6,D,0
-13.1085,134.3855,324.1,1.4,1.2,2014-08-20,0430,Aqua,MODIS,60,6.2,307.8,15.9,D,0
-12.5742,131.9442,327.5,2.1,1.4,2014-08-20,0430,Aqua,MODIS,74,6.2,301.5,51.3,D,0
-12.8516,134.7839,338.5,1.3,1.1,2014-08-20,0430,Aqua,MODIS,86,6.2,310.9,41.1,D,0
-12.2898,141.7491,349.3,1.4,1.2,2014-08-20,0430,Aqua,MODIS,95,6.2,297.8,83.8,D,0
-12.2918,141.7367,325.1,1.4,1.2,2014-08-20,0430,Aqua,MODIS,77,6.2,296.9,24.8,D,0
-13.1484,135.2334,345.5,1.3,1.1,2014-08-20,0430,Aqua,MODIS,92,6.2,308.1,57.7,D,0
-13.1684,135.2361,326.6,1.3,1.1,2014-08-20,0430,Aqua,MODIS,51,6.2,303.9,17.6,D,0
-13.4925,134.2788,325,1.5,1.2,2014-08-20,0430,Aqua,MODIS,60,6.2,308.2,17.1,D,0
-12.8926,135.0849,325.8,1.3,1.1,2014-08-20,0430,Aqua,MODIS,72,6.2,311.5,15.2,D,0
-12.8624,135.0806,323.8,1.3,1.1,2014-08-20,0430,Aqua,MODIS,60,6.2,309.6,12.2,D,0
-12.891,135.0967,323.9,1.3,1.1,2014-08-20,0430,Aqua,MODIS,62,6.2,310.6,11.5,D,0
-12.284,136.5942,329.8,1.1,1,2014-08-20,0430,Aqua,MODIS,61,6.2,305.5,18.1,D,0
-13.3453,135.4356,332.6,1.2,1.1,2014-08-20,0430,Aqua,MODIS,46,6.2,306.3,24.4,D,0
-11.2592,132.0502,318.2,2,1.4,2014-08-20,0430,Aqua,MODIS,43,6.2,304.1,19.6,D,0
-13.321,135.4664,328.2,1.2,1.1,2014-08-20,0430,Aqua,MODIS,56,6.2,305.8,19.6,D,0
-13.1269,135.2421,318.9,1.3,1.1,2014-08-20,0430,Aqua,MODIS,27,6.2,303.5,8.6,D,0
-11.7617,130.9234,321.5,2.4,1.5,2014-08-20,0430,Aqua,MODIS,74,6.2,301.6,42.5,D,0
-11.7644,130.9008,338.5,2.5,1.5,2014-08-20,0430,Aqua,MODIS,89,6.2,302.6,125.4,D,0
-13.3429,135.3778,350.4,1.2,1.1,2014-08-20,0430,Aqua,MODIS,95,6.2,303.6,69.9,D,0
-12.8639,135.069,323.3,1.3,1.1,2014-08-20,0430,Aqua,MODIS,66,6.2,307.6,12.7,D,0
-13.14,135.2205,337.2,1.3,1.1,2014-08-20,0430,Aqua,MODIS,85,6.2,304.8,40,D,0
-12.937,135.2152,343,1.2,1.1,2014-08-20,0430,Aqua,MODIS,90,6.2,308.4,49.9,D,0
-12.85,134.796,325.7,1.3,1.1,2014-08-20,0430,Aqua,MODIS,48,6.2,309.7,14.6,D,0
-13.1284,135.2306,325.9,1.3,1.1,2014-08-20,0430,Aqua,MODIS,56,6.2,305.5,18.3,D,0
-11.7482,130.9216,337.9,2.4,1.5,2014-08-20,0430,Aqua,MODIS,89,6.2,302.5,116.9,D,0
-11.7508,130.8991,328.4,2.5,1.5,2014-08-20,0430,Aqua,MODIS,81,6.2,301.6,70.1,D,0
-13.3345,135.3651,339.9,1.2,1.1,2014-08-20,0430,Aqua,MODIS,75,6.2,304.3,43.6,D,0
-13.3195,135.4776,324.1,1.2,1.1,2014-08-20,0430,Aqua,MODIS,41,6.2,306.5,13.2,D,0
-13.3353,135.4344,329.6,1.2,1.1,2014-08-20,0430,Aqua,MODIS,54,6.2,303.7,24,D,0
-13.3338,135.4455,341.9,1.2,1.1,2014-08-20,0430,Aqua,MODIS,86,6.2,305.5,46.9,D,0
-13.3445,135.3665,336.8,1.2,1.1,2014-08-20,0430,Aqua,MODIS,73,6.2,306.7,36.7,D,0
-12.4198,131.0915,323.8,2.4,1.5,2014-08-20,0430,Aqua,MODIS,66,6.2,301.4,41.9,D,0
-13.1223,135.5059,330.9,1.2,1.1,2014-08-20,0430,Aqua,MODIS,61,6.2,308.4,23.2,D,0
-13.207,135.7017,321.1,1.2,1.1,2014-08-20,0430,Aqua,MODIS,60,6.2,306.6,10.8,D,0
-13.0085,135.5175,329.2,1.2,1.1,2014-08-20,0430,Aqua,MODIS,64,6.2,303.4,23,D,0
-12.9418,135.5582,357.7,1.2,1.1,2014-08-20,0430,Aqua,MODIS,98,6.2,307.9,87.2,D,0
-12.9403,135.5691,334.7,1.2,1.1,2014-08-20,0430,Aqua,MODIS,66,6.2,307.4,25.3,D,0
-12.9486,135.5813,327.2,1.2,1.1,2014-08-20,0430,Aqua,MODIS,48,6.2,309.8,14.7,D,0
-12.9705,135.5788,326.8,1.2,1.1,2014-08-20,0430,Aqua,MODIS,39,6.2,309.8,12.7,D,0
-13.2525,135.2889,327.5,1.2,1.1,2014-08-20,0430,Aqua,MODIS,43,6.2,305.5,19.5,D,0
-12.968,136.3633,333.5,1.1,1,2014-08-20,0430,Aqua,MODIS,82,6.2,303.9,29,D,0
-13.3162,135.351,323.8,1.2,1.1,2014-08-20,0430,Aqua,MODIS,68,6.2,303,17.5,D,0
-12.4944,130.6352,319.7,2.6,1.6,2014-08-20,0430,Aqua,MODIS,38,6.2,300,26.8,D,0
-14.3599,129.504,318.8,3.4,1.7,2014-08-20,0430,Aqua,MODIS,47,6.2,303.8,48.4,D,0
-12.4903,130.6299,321.2,2.6,1.6,2014-08-20,0430,Aqua,MODIS,51,6.2,300.2,37.1,D,0
-12.4803,130.6334,320.4,2.6,1.6,2014-08-20,0430,Aqua,MODIS,13,6.2,299.8,31.7,D,0
-14.0049,129.968,319,3.1,1.7,2014-08-20,0430,Aqua,MODIS,38,6.2,303.4,40.2,D,0
-13.9886,130.1106,327.3,3,1.7,2014-08-20,0430,Aqua,MODIS,62,6.2,307.5,69.1,D,0
-13.9111,130.123,340.9,3,1.7,2014-08-20,0430,Aqua,MODIS,88,6.2,305.7,180.4,D,0
-13.9138,130.1018,322.5,3,1.7,2014-08-20,0430,Aqua,MODIS,61,6.2,304.1,56,D,0
-13.9872,130.1149,325.3,3,1.7,2014-08-20,0430,Aqua,MODIS,34,6.2,306.8,53.2,D,0
-13.9902,130.0867,332.4,3.1,1.7,2014-08-20,0430,Aqua,MODIS,75,6.2,308.3,97.6,D,0
-13.9768,130.0805,360.4,3.1,1.7,2014-08-20,0430,Aqua,MODIS,100,6.2,305.1,388.5,D,0
-13.9752,130.0848,365.1,3.1,1.7,2014-08-20,0430,Aqua,MODIS,100,6.2,304.9,453.4,D,0
-13.9736,130.1087,348.4,3,1.7,2014-08-20,0430,Aqua,MODIS,93,6.2,306.1,241,D,0
-13.9918,130.0824,327.6,3.1,1.7,2014-08-20,0430,Aqua,MODIS,60,6.2,307.3,70.6,D,0
-14.0025,129.9722,321.3,3.1,1.7,2014-08-20,0430,Aqua,MODIS,58,6.2,303.7,50.2,D,0
-13.9107,130.13,336.6,3,1.7,2014-08-20,0430,Aqua,MODIS,84,6.2,305.6,144,D,0
-11.7413,130.2149,316.5,2.8,1.6,2014-08-20,0430,Aqua,MODIS,57,6.2,299,36.7,D,0
-13.9722,130.113,335.3,3,1.7,2014-08-20,0430,Aqua,MODIS,83,6.2,306,121.3,D,0
-13.12,130.177,320.2,2.9,1.6,2014-08-20,0430,Aqua,MODIS,17,6.2,305.4,37.9,D,0
-12.59,135.9032,358.1,1.1,1.1,2014-08-20,0430,Aqua,MODIS,99,6.2,308.8,81.4,D,0
-12.4822,133.8503,320.6,1.5,1.2,2014-08-20,0430,Aqua,MODIS,35,6.2,307.7,11.1,D,0
-12.3125,134.6243,320.6,1.3,1.1,2014-08-20,0430,Aqua,MODIS,38,6.2,306.9,9.6,D,0
-12.661,135.5223,324.4,1.2,1.1,2014-08-20,0430,Aqua,MODIS,48,6.2,305.8,14.4,D,0
-13.2908,135.3129,322.1,1.2,1.1,2014-08-20,0430,Aqua,MODIS,56,6.2,304.7,13.6,D,0
-12.0598,134.1229,323.1,1.4,1.2,2014-08-20,0430,Aqua,MODIS,52,6.2,308.1,15.1,D,0
-12.8662,136.3625,318.2,1.1,1,2014-08-20,0430,Aqua,MODIS,51,6.2,306.8,8.2,D,0
-13.2252,135.4925,321.5,1.2,1.1,2014-08-20,0430,Aqua,MODIS,53,6.2,307.7,10.8,D,0
-13.2169,135.4801,338.9,1.2,1.1,2014-08-20,0430,Aqua,MODIS,87,6.2,306.2,39.7,D,0
-12.6093,135.5372,326.6,1.2,1.1,2014-08-20,0430,Aqua,MODIS,74,6.2,307.4,17.7,D,0
-12.4578,135.2164,328,1.2,1.1,2014-08-20,0430,Aqua,MODIS,44,6.2,309.8,15.4,D,0
-12.6541,135.499,328.2,1.2,1.1,2014-08-20,0430,Aqua,MODIS,49,6.2,306.4,19.7,D,0
-12.6024,135.8836,345.8,1.1,1.1,2014-08-20,0430,Aqua,MODIS,92,6.2,307.8,50.7,D,0
-12.5926,135.5734,328.5,1.2,1.1,2014-08-20,0430,Aqua,MODIS,76,6.2,306.7,20.7,D,0
-12.7932,135.2989,320.6,1.2,1.1,2014-08-20,0430,Aqua,MODIS,49,6.2,307.9,8.4,D,0
-12.5774,135.9964,338.4,1.1,1.1,2014-08-20,0430,Aqua,MODIS,75,6.2,307,32.5,D,0
-12.6259,136.2487,351.6,1.1,1,2014-08-20,0430,Aqua,MODIS,95,6.2,310.1,62.1,D,0
-13.2624,135.2905,354.3,1.2,1.1,2014-08-20,0430,Aqua,MODIS,97,6.2,306.9,83.1,D,0
-12.8803,135.5718,337.7,1.2,1.1,2014-08-20,0430,Aqua,MODIS,76,6.2,305.2,35.9,D,0
-13.0633,135.1799,318.3,1.3,1.1,2014-08-20,0430,Aqua,MODIS,47,6.2,304.9,8.9,D,0
-12.6004,136.2245,365.6,1.1,1,2014-08-20,0430,Aqua,MODIS,100,6.2,310.9,103.6,D,0
-12.8672,135.5745,337.7,1.2,1.1,2014-08-20,0430,Aqua,MODIS,79,6.2,304.9,35.8,D,0
-12.7634,132.0065,326.5,2.1,1.4,2014-08-20,0430,Aqua,MODIS,50,6.2,306.9,32.6,D,0
-12.6496,135.9287,352,1.1,1.1,2014-08-20,0430,Aqua,MODIS,95,6.2,309.6,60.6,D,0
-13.1887,135.2328,328.3,1.3,1.1,2014-08-20,0430,Aqua,MODIS,76,6.2,305.8,21.6,D,0
-12.8688,134.8109,336.8,1.3,1.1,2014-08-20,0430,Aqua,MODIS,57,6.2,313,34.3,D,0
-12.8886,135.5842,327.7,1.2,1.1,2014-08-20,0430,Aqua,MODIS,71,6.2,305.6,14.5,D,0
-13.1872,135.2443,328.9,1.3,1.1,2014-08-20,0430,Aqua,MODIS,77,6.2,306.4,21.5,D,0
-12.8691,135.5813,333.5,1.2,1.1,2014-08-20,0430,Aqua,MODIS,71,6.2,306.6,26,D,0
-12.8984,135.5855,329.1,1.2,1.1,2014-08-20,0430,Aqua,MODIS,47,6.2,305.8,15.7,D,0
-12.1709,134.6842,325.6,1.3,1.1,2014-08-20,0430,Aqua,MODIS,70,6.2,306.5,20.6,D,0
-12.3327,135.0063,341.8,1.3,1.1,2014-08-20,0430,Aqua,MODIS,89,6.2,313,45.3,D,0
-12.901,136.388,319.9,1.1,1,2014-08-20,0430,Aqua,MODIS,59,6.2,304.2,10.4,D,0
-12.8529,142.0669,321,1.4,1.2,2014-08-20,0430,Aqua,MODIS,45,6.2,302.3,13.7,D,0
-12.3104,133.5855,324.9,1.6,1.2,2014-08-20,0430,Aqua,MODIS,54,6.2,309.9,14.9,D,0
-12.9033,132.3318,326.6,2,1.4,2014-08-20,0430,Aqua,MODIS,44,6.2,307.9,31.1,D,0
-13.3465,135.4297,333.2,1.2,1.1,2014-08-20,0430,Aqua,MODIS,44,6.2,306.2,23.8,D,0
-12.8773,134.8054,331.4,1.3,1.1,2014-08-20,0430,Aqua,MODIS,80,6.2,309.3,24.2,D,0
-12.6252,135.4165,325.2,1.2,1.1,2014-08-20,0430,Aqua,MODIS,32,6.2,310.2,11.9,D,0
-12.5709,135.9004,332.9,1.1,1.1,2014-08-20,0430,Aqua,MODIS,55,6.2,305,25.2,D,0
-13.2055,135.4899,336.7,1.2,1.1,2014-08-20,0430,Aqua,MODIS,85,6.2,307.1,34.8,D,0
-12.776,132.0082,340.1,2.1,1.4,2014-08-20,0430,Aqua,MODIS,87,6.2,305.9,88.3,D,0
-12.6237,135.4276,326.8,1.2,1.1,2014-08-20,0430,Aqua,MODIS,54,6.2,306.7,14.1,D,0
-12.4334,131.0932,323.7,2.4,1.5,2014-08-20,0430,Aqua,MODIS,65,6.2,301.9,41.9,D,0
-13.1114,135.2049,319.6,1.3,1.1,2014-08-20,0430,Aqua,MODIS,47,6.2,303.6,11.2,D,0
-12.5681,135.9213,337.8,1.1,1.1,2014-08-20,0430,Aqua,MODIS,57,6.2,307,31.9,D,0
-12.7336,135.5946,319.5,1.2,1.1,2014-08-20,0430,Aqua,MODIS,54,6.2,306,9.2,D,0
-12.6335,135.429,325.5,1.2,1.1,2014-08-20,0430,Aqua,MODIS,55,6.2,308.2,12,D,0
-12.595,136.0094,344.1,1.1,1.1,2014-08-20,0430,Aqua,MODIS,91,6.2,306.5,43.4,D,0
-12.4509,135.1925,337.2,1.2,1.1,2014-08-20,0430,Aqua,MODIS,77,6.2,309.4,33.4,D,0
-12.4471,132.5715,325.8,1.9,1.3,2014-08-20,0430,Aqua,MODIS,71,6.2,313,18.5,D,0
-11.8583,133.6396,337.2,1.5,1.2,2014-08-20,0430,Aqua,MODIS,85,6.2,311.5,47.3,D,0
-12.0577,134.1039,327,1.4,1.2,2014-08-20,0430,Aqua,MODIS,57,6.2,307.8,21.9,D,0
-12.6401,135.9274,341.7,1.1,1.1,2014-08-20,0430,Aqua,MODIS,89,6.2,308.9,36.5,D,0
-12.3938,133.9166,326.4,1.5,1.2,2014-08-20,0430,Aqua,MODIS,62,6.2,309.2,22.5,D,0
-12.2599,142.2857,315.4,1.5,1.2,2014-08-20,0430,Aqua,MODIS,29,6.2,294.2,8.8,D,0
-12.8757,134.8175,330.6,1.3,1.1,2014-08-20,0430,Aqua,MODIS,79,6.2,312.5,23.9,D,0
-12.8705,135.5704,334.6,1.2,1.1,2014-08-20,0430,Aqua,MODIS,72,6.2,303.5,31,D,0
-12.3342,134.9948,328,1.3,1.1,2014-08-20,0430,Aqua,MODIS,50,6.2,307.5,17.6,D,0
-13.3479,135.4184,336.7,1.2,1.1,2014-08-20,0430,Aqua,MODIS,75,6.2,305.7,32.9,D,0
-12.1293,133.1223,325.8,1.7,1.3,2014-08-20,0430,Aqua,MODIS,25,6.2,309.1,19.1,D,0
-12.4179,134.8221,333.9,1.3,1.1,2014-08-20,0430,Aqua,MODIS,82,6.2,309.5,28.8,D,0
-12.5953,135.9357,340.8,1.1,1.1,2014-08-20,0430,Aqua,MODIS,88,6.2,309.1,35.1,D,0
-12.8657,135.5854,340.1,1.2,1.1,2014-08-20,0430,Aqua,MODIS,88,6.2,307.9,39.6,D,0
-12.5695,135.9109,346.4,1.1,1.1,2014-08-20,0430,Aqua,MODIS,90,6.2,309.3,51.3,D,0
-12.1151,134.7319,322.3,1.3,1.1,2014-08-20,0430,Aqua,MODIS,46,6.2,309.6,13.2,D,0
-13.0192,135.1265,327.2,1.3,1.1,2014-08-20,0430,Aqua,MODIS,35,6.2,308.6,14,D,0
-13.2267,135.4814,328,1.2,1.1,2014-08-20,0430,Aqua,MODIS,72,6.2,305.9,20.5,D,0
-12.7901,135.171,336.3,1.3,1.1,2014-08-20,0430,Aqua,MODIS,85,6.2,310.2,32.4,D,0
-12.4449,132.5488,327.9,1.9,1.3,2014-08-20,0430,Aqua,MODIS,70,6.2,310.6,24.7,D,0
-12.9489,141.972,329.6,1.4,1.2,2014-08-20,0430,Aqua,MODIS,61,6.2,298.2,29.4,D,0
-12.4427,132.5659,339.9,1.9,1.3,2014-08-20,0430,Aqua,MODIS,87,6.2,312.4,66.1,D,0
-12.6038,135.8731,338,1.1,1.1,2014-08-20,0430,Aqua,MODIS,86,6.2,305.9,36.6,D,0
-13.3075,135.8048,324.9,1.2,1.1,2014-08-20,0430,Aqua,MODIS,69,6.2,303.4,17.9,D,0
-12.9306,135.5677,363.9,1.2,1.1,2014-08-20,0430,Aqua,MODIS,100,6.2,309.8,104.7,D,0
-12.6406,135.8891,330.6,1.1,1.1,2014-08-20,0430,Aqua,MODIS,76,6.2,308,22.2,D,0
-12.6134,135.8745,367.3,1.1,1.1,2014-08-20,0430,Aqua,MODIS,100,6.2,308.5,117.7,D,0
-12.6273,136.2387,334.2,1.1,1,2014-08-20,0430,Aqua,MODIS,82,6.2,307.3,25.6,D,0
-12.0071,136.2801,323.7,1.1,1,2014-08-20,0430,Aqua,MODIS,50,6.2,305.9,11.9,D,0
-12.6624,135.5113,322.9,1.2,1.1,2014-08-20,0430,Aqua,MODIS,58,6.2,306.4,13.5,D,0
-12.6165,136.2474,325.8,1.1,1,2014-08-20,0430,Aqua,MODIS,44,6.2,309.2,13.8,D,0
-12.9468,141.9846,338.6,1.4,1.2,2014-08-20,0430,Aqua,MODIS,67,6.2,299.1,49.9,D,0
-12.6463,135.6308,326.4,1.2,1.1,2014-08-20,0430,Aqua,MODIS,39,6.2,308,14.2,D,0
-12.5858,135.5503,318.3,1.2,1.1,2014-08-20,0430,Aqua,MODIS,46,6.2,305.2,7.1,D,0
-12.8376,136.3936,317.2,1.1,1,2014-08-20,0430,Aqua,MODIS,26,6.2,305,7,D,0
-12.5964,135.9992,335.6,1.1,1.1,2014-08-20,0430,Aqua,MODIS,79,6.2,308.5,25.4,D,0
-12.8282,136.3923,343.3,1.1,1,2014-08-20,0430,Aqua,MODIS,90,6.2,305,44.9,D,0
-12.4494,135.2038,334.8,1.2,1.1,2014-08-20,0430,Aqua,MODIS,70,6.2,308.4,28.8,D,0
-13.3707,135.3984,354.1,1.2,1.1,2014-08-20,0430,Aqua,MODIS,97,6.2,307.6,79,D,0
-12.8904,135.4948,319.4,1.2,1.1,2014-08-20,0430,Aqua,MODIS,45,6.2,307,9.2,D,0
-12.2708,136.7593,319.9,1,1,2014-08-20,0430,Aqua,MODIS,47,6.2,307,9.3,D,0
-12.6974,135.9355,335.2,1.1,1.1,2014-08-20,0430,Aqua,MODIS,69,6.2,310,25.4,D,0
-13.1014,135.2036,325.2,1.3,1.1,2014-08-20,0430,Aqua,MODIS,44,6.2,304.3,17.9,D,0
-12.9523,141.9799,334.4,1.4,1.2,2014-08-20,0430,Aqua,MODIS,65,6.2,298.6,38.4,D,0
-12.5804,135.9018,340.8,1.1,1.1,2014-08-20,0430,Aqua,MODIS,84,6.2,307,38.1,D,0
-12.7459,132.47,323.9,1.9,1.4,2014-08-20,0430,Aqua,MODIS,56,6.2,308.7,22.2,D,0
-13.3384,135.4117,342.5,1.2,1.1,2014-08-20,0430,Aqua,MODIS,89,6.2,303.9,54.5,D,0
-12.6527,135.51,326.6,1.2,1.1,2014-08-20,0430,Aqua,MODIS,56,6.2,306.1,17.7,D,0
-13.3061,135.8156,321.6,1.2,1.1,2014-08-20,0430,Aqua,MODIS,61,6.2,304,13.7,D,0
-12.1506,136.5031,336.7,1.1,1,2014-08-20,0430,Aqua,MODIS,77,6.2,304.7,27.6,D,0
-13.3369,135.423,329.6,1.2,1.1,2014-08-20,0430,Aqua,MODIS,72,6.2,304.7,25.6,D,0
-13.2785,135.4836,325.2,1.2,1.1,2014-08-20,0430,Aqua,MODIS,65,6.2,304.1,17,D,0
-13.3906,135.4011,321.6,1.2,1.1,2014-08-20,0430,Aqua,MODIS,40,6.2,306.1,10.8,D,0
-12.1414,136.5018,333.1,1.1,1,2014-08-20,0430,Aqua,MODIS,61,6.2,303.6,22.5,D,0
-12.4776,130.6575,325.8,2.6,1.6,2014-08-20,0430,Aqua,MODIS,68,6.2,301.2,54.7,D,0
-12.6072,135.7016,325.6,1.2,1.1,2014-08-20,0430,Aqua,MODIS,65,6.2,310.8,12.7,D,0
-12.7727,132.0203,333.5,2.1,1.4,2014-08-20,0430,Aqua,MODIS,81,6.2,308.7,59.2,D,0
-12.6119,135.885,349.5,1.1,1.1,2014-08-20,0430,Aqua,MODIS,94,6.2,308.8,58.2,D,0
-12.4873,130.654,336.9,2.6,1.6,2014-08-20,0430,Aqua,MODIS,85,6.2,300.3,117,D,0
-12.5613,135.8991,337.5,1.1,1.1,2014-08-20,0430,Aqua,MODIS,86,6.2,304.1,35.6,D,0
-12.7751,135.595,338.5,1.2,1.1,2014-08-20,0430,Aqua,MODIS,70,6.2,307.1,32.6,D,0
-13.264,135.2787,330.1,1.2,1.1,2014-08-20,0430,Aqua,MODIS,62,6.2,305.1,23.2,D,0
-12.7625,131.9995,326.4,2.1,1.4,2014-08-20,0430,Aqua,MODIS,65,6.2,305.7,32.6,D,0
-12.4181,134.8277,325.7,1.3,1.1,2014-08-20,0430,Aqua,MODIS,58,6.2,309.5,14.4,D,0
-12.4516,133.8126,322.5,1.5,1.2,2014-08-20,0430,Aqua,MODIS,56,6.2,305.7,19.1,D,0
-12.4865,135.776,328.8,1.2,1.1,2014-08-20,0430,Aqua,MODIS,77,6.2,303.9,23.6,D,0
-12.5403,134.8202,334.6,1.3,1.1,2014-08-20,0430,Aqua,MODIS,83,6.2,311.1,27.9,D,0
-12.5914,135.8927,332.7,1.1,1.1,2014-08-20,0430,Aqua,MODIS,58,6.2,305.3,23.9,D,0
-12.693,135.3582,335.9,1.2,1.1,2014-08-20,0430,Aqua,MODIS,84,6.2,307.8,33.2,D,0
-12.5762,134.8617,327.5,1.3,1.1,2014-08-20,0430,Aqua,MODIS,74,6.2,310.6,18.4,D,0
-12.594,136.2274,337.9,1.1,1,2014-08-20,0430,Aqua,MODIS,86,6.2,310.3,31.9,D,0
-12.932,135.5569,376.6,1.2,1.1,2014-08-20,0430,Aqua,MODIS,100,6.2,309.2,164,D,0
-12.8116,135.1624,323.1,1.3,1.1,2014-08-20,0430,Aqua,MODIS,59,6.2,309.1,10.6,D,0
-12.2313,134.3797,333,1.4,1.2,2014-08-20,0430,Aqua,MODIS,81,6.2,310.9,31.5,D,0
-12.9081,135.5867,341.9,1.2,1.1,2014-08-20,0430,Aqua,MODIS,89,6.2,308.7,40.8,D,0
-12.9096,135.5759,337.7,1.2,1.1,2014-08-20,0430,Aqua,MODIS,74,6.2,308.1,31.5,D,0
-13.1527,134.3308,321.7,1.4,1.2,2014-08-20,0430,Aqua,MODIS,39,6.2,307.7,11.4,D,0
-12.872,135.5594,333.2,1.2,1.1,2014-08-20,0430,Aqua,MODIS,82,6.2,301.4,31,D,0
-12.5942,135.8718,352.8,1.1,1.1,2014-08-20,0430,Aqua,MODIS,96,6.2,304,72.9,D,0
-12.5586,135.9199,323.8,1.1,1.1,2014-08-20,0430,Aqua,MODIS,30,6.2,304.7,13.1,D,0
-12.6552,135.887,331.2,1.1,1.1,2014-08-20,0430,Aqua,MODIS,59,6.2,306.6,20.8,D,0
-12.6018,136.2144,409.3,1.1,1,2014-08-20,0430,Aqua,MODIS,100,6.2,312.1,349.9,D,0
-13.2126,135.2832,321.5,1.2,1.1,2014-08-20,0430,Aqua,MODIS,24,6.2,306.1,11.7,D,0
-12.8389,135.6368,323.1,1.2,1.1,2014-08-20,0430,Aqua,MODIS,57,6.2,305.8,11.4,D,0
-12.6077,134.2993,322.3,1.4,1.2,2014-08-20,0430,Aqua,MODIS,63,6.2,309.7,12.6,D,0
-12.7738,132.0272,326.9,2.1,1.4,2014-08-20,0430,Aqua,MODIS,39,6.2,309.2,33.2,D,0
-12.7437,132.4875,320.7,1.9,1.4,2014-08-20,0430,Aqua,MODIS,33,6.2,306.8,14.7,D,0
-12.3579,136.7981,322.2,1,1,2014-08-20,0430,Aqua,MODIS,44,6.2,304.9,9.5,D,0
-12.5844,135.5612,320,1.2,1.1,2014-08-20,0430,Aqua,MODIS,59,6.2,305.7,9.3,D,0
-12.5941,135.5626,320.3,1.2,1.1,2014-08-20,0430,Aqua,MODIS,25,6.2,307.8,9.4,D,0
-13.207,135.4788,348.9,1.2,1.1,2014-08-20,0430,Aqua,MODIS,94,6.2,306.2,64.3,D,0
-13.0109,135.1196,327.3,1.3,1.1,2014-08-20,0430,Aqua,MODIS,32,6.2,308,13.5,D,0
-12.5527,135.5014,321.6,1.2,1.1,2014-08-20,0430,Aqua,MODIS,33,6.2,308.4,10,D,0
-13.2237,135.5036,321,1.2,1.1,2014-08-20,0430,Aqua,MODIS,45,6.2,306.8,10.3,D,0
-12.7864,132.0287,332.8,2.1,1.4,2014-08-20,0430,Aqua,MODIS,80,6.2,307.8,55.4,D,0
-13.1971,135.4775,332.3,1.2,1.1,2014-08-20,0430,Aqua,MODIS,81,6.2,303.7,28.8,D,0
-12.6229,135.8759,332.4,1.1,1.1,2014-08-20,0430,Aqua,MODIS,68,6.2,305.9,25.4,D,0
-12.6325,135.8773,330.1,1.1,1.1,2014-08-20,0430,Aqua,MODIS,63,6.2,306.2,22,D,0
-12.5653,134.0062,325.9,1.5,1.2,2014-08-20,0430,Aqua,MODIS,70,6.2,311.1,19.9,D,0
-12.6456,135.8856,324.8,1.1,1.1,2014-08-20,0430,Aqua,MODIS,25,6.2,307.2,12.9,D,0
-13.3792,135.411,341.2,1.2,1.1,2014-08-20,0430,Aqua,MODIS,88,6.2,308,42.8,D,0
-12.5954,136.2173,331.7,1.1,1,2014-08-20,0430,Aqua,MODIS,80,6.2,308.3,23,D,0
-12.4351,132.57,333.2,1.9,1.3,2014-08-20,0430,Aqua,MODIS,81,6.2,311.7,40.9,D,0
-12.7211,135.2246,325.3,1.2,1.1,2014-08-20,0430,Aqua,MODIS,56,6.2,310.8,11.8,D,0
-13.2154,135.4912,336,1.2,1.1,2014-08-20,0430,Aqua,MODIS,84,6.2,308.4,33.1,D,0
-12.4839,133.8368,330.3,1.5,1.2,2014-08-20,0430,Aqua,MODIS,77,6.2,307,32,D,0
-12.4877,133.1779,323.2,1.7,1.3,2014-08-20,0430,Aqua,MODIS,56,6.2,310.8,16.1,D,0
-12.5953,135.5685,325.8,1.2,1.1,2014-08-20,0430,Aqua,MODIS,54,6.2,308.2,15.4,D,0
-12.5418,134.8082,327.9,1.3,1.1,2014-08-20,0430,Aqua,MODIS,69,6.2,311.2,14.2,D,0
-12.6946,135.347,321.9,1.2,1.1,2014-08-20,0430,Aqua,MODIS,51,6.2,305.5,10.7,D,0
-12.4372,132.5528,333.2,1.9,1.3,2014-08-20,0430,Aqua,MODIS,81,6.2,310,41.6,D,0
-12.1874,133.5576,326.7,1.6,1.2,2014-08-20,0430,Aqua,MODIS,61,6.2,310.8,17.5,D,0
-12.2376,136.5421,322.3,1.1,1,2014-08-20,0430,Aqua,MODIS,54,6.2,307.2,7.9,D,0
-12.9179,135.5881,327.9,1.2,1.1,2014-08-20,0430,Aqua,MODIS,71,6.2,308,14.5,D,0
-13.3807,135.3998,328,1.2,1.1,2014-08-20,0430,Aqua,MODIS,26,6.2,306.2,17.8,D,0
-12.5095,135.433,330.6,1.2,1.1,2014-08-20,0430,Aqua,MODIS,79,6.2,309.6,20.6,D,0
-12.4271,131.0972,329,2.4,1.5,2014-08-20,0430,Aqua,MODIS,76,6.2,302.2,62.9,D,0
-12.8095,136.3896,322,1.1,1,2014-08-20,0430,Aqua,MODIS,55,6.2,303.3,11.3,D,0
-12.9419,141.9782,322.1,1.4,1.2,2014-08-20,0430,Aqua,MODIS,66,6.2,297.3,15,D,0
-12.669,141.9978,327,1.4,1.2,2014-08-20,0430,Aqua,MODIS,28,6.2,302.4,19.5,D,0
-12.5639,135.9523,328.8,1.1,1.1,2014-08-20,0430,Aqua,MODIS,59,6.2,307.3,18.4,D,0
-13.1957,135.4886,345.8,1.2,1.1,2014-08-20,0430,Aqua,MODIS,92,6.2,308,57.6,D,0
-13.0649,135.1683,320.9,1.3,1.1,2014-08-20,0430,Aqua,MODIS,61,6.2,305.2,11.9,D,0
-13.3483,135.413,327.9,1.2,1.1,2014-08-20,0430,Aqua,MODIS,38,6.2,304,20.3,D,0
-11.9978,136.2787,331.9,1.1,1,2014-08-20,0430,Aqua,MODIS,57,6.2,304.7,22.4,D,0
-12.5599,135.9095,386.5,1.1,1.1,2014-08-20,0430,Aqua,MODIS,100,6.2,311.9,208.2,D,0
-12.8704,134.7989,332.7,1.3,1.1,2014-08-20,0430,Aqua,MODIS,44,6.2,309.3,24.3,D,0
-12.774,135.5892,324.9,1.2,1.1,2014-08-20,0430,Aqua,MODIS,55,6.2,306.2,12.4,D,0
-12.7725,135.6001,331.3,1.2,1.1,2014-08-20,0430,Aqua,MODIS,80,6.2,306.8,22.1,D,0
-12.8296,136.3823,324.7,1.1,1,2014-08-20,0430,Aqua,MODIS,65,6.2,303.3,14.6,D,0
-12.9862,135.1516,320.7,1.3,1.1,2014-08-20,0430,Aqua,MODIS,53,6.2,308.5,8.2,D,0
-12.3141,134.6121,330.2,1.3,1.1,2014-08-20,0430,Aqua,MODIS,78,6.2,309.7,25.7,D,0
-12.5612,135.9731,331.5,1.1,1.1,2014-08-20,0430,Aqua,MODIS,57,6.2,306.5,21.6,D,0
-12.0614,134.1098,329.4,1.4,1.2,2014-08-20,0430,Aqua,MODIS,76,6.2,307.8,28.5,D,0
-12.2448,142.2419,316.6,1.5,1.2,2014-08-20,0430,Aqua,MODIS,62,6.2,295.9,12.1,D,0
-12.4916,130.6593,322.2,2.6,1.6,2014-08-20,0430,Aqua,MODIS,60,6.2,300.1,37.1,D,0
-12.8292,135.6355,339.6,1.2,1.1,2014-08-20,0430,Aqua,MODIS,87,6.2,306.6,39.1,D,0
-12.599,135.6896,342.2,1.2,1.1,2014-08-20,0430,Aqua,MODIS,89,6.2,309.3,42.4,D,0
-13.0623,132.4192,324.9,2,1.4,2014-08-20,0430,Aqua,MODIS,50,6.2,309.4,26.6,D,0
-13.0601,132.4374,323.1,2,1.4,2014-08-20,0430,Aqua,MODIS,37,6.2,307.6,21.3,D,0
-11.8713,132.9908,320.8,1.7,1.3,2014-08-20,0430,Aqua,MODIS,53,6.2,307.6,13.8,D,0
-12.3698,136.6427,321.1,1.1,1,2014-08-20,0430,Aqua,MODIS,43,6.2,306.3,8.7,D,0
-11.5664,132.9739,323.1,1.7,1.3,2014-08-20,0430,Aqua,MODIS,66,6.2,305.2,24.4,D,0
-11.6465,132.9754,341,1.7,1.3,2014-08-20,0430,Aqua,MODIS,90,6.2,308.3,73.5,D,0
-11.6432,132.9802,331.8,1.7,1.3,2014-08-20,0430,Aqua,MODIS,84,6.2,308.5,41.5,D,0
-12.177,136.5169,326,1.1,1,2014-08-20,0430,Aqua,MODIS,46,6.2,308.7,11.5,D,0
-13.5815,134.181,324.4,1.5,1.2,2014-08-20,0430,Aqua,MODIS,67,6.2,308.2,13.8,D,0
-12.1493,136.5129,330.2,1.1,1,2014-08-20,0430,Aqua,MODIS,64,6.2,304.8,16.7,D,0
-12.1408,135.4459,322.1,1.2,1.1,2014-08-20,0430,Aqua,MODIS,38,6.2,305.9,11.2,D,0
-11.4822,132.8997,318.5,1.7,1.3,2014-08-20,0430,Aqua,MODIS,54,6.2,303.9,16.2,D,0
-13.7351,132.2536,336.7,2.1,1.4,2014-08-20,0430,Aqua,MODIS,84,6.2,309.7,67.4,D,0
-13.7346,132.2486,335.8,2.1,1.4,2014-08-20,0430,Aqua,MODIS,83,6.2,309.3,62.8,D,0
-11.9691,142.608,314.1,1.6,1.2,2014-08-20,0430,Aqua,MODIS,34,6.2,293.9,10.2,D,0
-12.1214,136.5782,317.7,1.1,1,2014-08-20,0430,Aqua,MODIS,0,6.2,303.7,5,D,0
-12.1572,136.524,326.8,1.1,1,2014-08-20,0430,Aqua,MODIS,44,6.2,307.3,11.1,D,0
-12.1664,136.5253,330.4,1.1,1,2014-08-20,0430,Aqua,MODIS,49,6.2,308.5,16,D,0
-13.911,134.7624,334.9,1.4,1.2,2014-08-20,0430,Aqua,MODIS,83,6.2,309.9,33.9,D,0
-13.9078,134.7874,328.8,1.4,1.2,2014-08-20,0430,Aqua,MODIS,55,6.2,308.3,18.7,D,0
-13.9062,134.8,330.7,1.4,1.2,2014-08-20,0430,Aqua,MODIS,71,6.2,308.8,21.8,D,0
-13.477,134.2849,322.8,1.5,1.2,2014-08-20,0430,Aqua,MODIS,57,6.2,305.6,14.6,D,0
-13.4877,134.2864,333,1.5,1.2,2014-08-20,0430,Aqua,MODIS,81,6.2,306,34.8,D,0
-13.4908,134.2921,330.6,1.5,1.2,2014-08-20,0430,Aqua,MODIS,78,6.2,305.5,29.4,D,0
-12.0182,136.4586,317.7,1.1,1,2014-08-20,0430,Aqua,MODIS,41,6.2,304.8,8.4,D,0
-12.0106,136.4608,328.5,1.1,1,2014-08-20,0430,Aqua,MODIS,71,6.2,305.4,20,D,0
-13.4674,132.4285,348,2,1.4,2014-08-20,0430,Aqua,MODIS,93,6.2,312,124.5,D,0
-13.455,132.4268,342,2,1.4,2014-08-20,0430,Aqua,MODIS,89,6.2,306.8,96.2,D,0
-13.4621,132.4396,340.9,2,1.4,2014-08-20,0430,Aqua,MODIS,88,6.2,307.6,89.2,D,0
-13.4644,132.4212,343,2,1.4,2014-08-20,0430,Aqua,MODIS,90,6.2,311.8,99.6,D,0
-12.0966,136.3701,324.4,1.1,1,2014-08-20,0430,Aqua,MODIS,51,6.2,304.5,10.5,D,0
-12.1045,136.3813,334.4,1.1,1,2014-08-20,0430,Aqua,MODIS,82,6.2,306.6,24,D,0
-12.2219,136.4501,332.1,1.1,1,2014-08-20,0430,Aqua,MODIS,66,6.2,306.5,21.3,D,0
-12.1125,136.3924,326.6,1.1,1,2014-08-20,0430,Aqua,MODIS,27,6.2,306.1,13.1,D,0
-13.8251,131.9261,338.4,2.2,1.4,2014-08-20,0430,Aqua,MODIS,84,6.2,310.9,82.6,D,0
-11.6451,132.9647,335,1.7,1.3,2014-08-20,0430,Aqua,MODIS,83,6.2,304.9,53.4,D,0
-12.4195,134.8103,326.3,1.3,1.1,2014-08-20,0430,Aqua,MODIS,68,6.2,308.6,13.7,D,0
-13.5995,134.1277,326.2,1.5,1.2,2014-08-20,0430,Aqua,MODIS,70,6.2,309.2,17.9,D,0
-13.5977,134.1414,326,1.5,1.2,2014-08-20,0430,Aqua,MODIS,69,6.2,309.1,17.5,D,0
-14.0226,132.1314,338.5,2.1,1.4,2014-08-20,0430,Aqua,MODIS,86,6.2,311.6,72.4,D,0
-14.0226,132.1241,334.2,2.1,1.4,2014-08-20,0430,Aqua,MODIS,82,6.2,312.7,53.4,D,0
-12.1733,134.7454,328.9,1.3,1.1,2014-08-20,0430,Aqua,MODIS,58,6.2,307.9,23.6,D,0
-12.4197,134.8159,328.5,1.3,1.1,2014-08-20,0430,Aqua,MODIS,75,6.2,308.2,18.6,D,0
-12.3285,135.8057,317.9,1.1,1.1,2014-08-20,0430,Aqua,MODIS,20,6.2,305.8,6.4,D,0
-13.7423,131.972,321.8,2.2,1.4,2014-08-20,0430,Aqua,MODIS,14,6.2,308.2,18.3,D,0
-12.327,135.8163,338.6,1.1,1.1,2014-08-20,0430,Aqua,MODIS,86,6.2,307.2,36.8,D,0
-12.3256,135.8268,329.9,1.1,1.1,2014-08-20,0430,Aqua,MODIS,76,6.2,306.8,20.3,D,0
-12.3605,135.1039,325.8,1.2,1.1,2014-08-20,0430,Aqua,MODIS,41,6.2,308.5,15.8,D,0
-12.3774,135.136,327.9,1.2,1.1,2014-08-20,0430,Aqua,MODIS,59,6.2,309.4,18.1,D,0
-13.6023,134.1348,328.4,1.5,1.2,2014-08-20,0430,Aqua,MODIS,70,6.2,308.7,20.3,D,0
-12.3859,135.1488,333,1.2,1.1,2014-08-20,0430,Aqua,MODIS,68,6.2,308.2,25.9,D,0
-12.1113,133.0026,334.9,1.7,1.3,2014-08-20,0430,Aqua,MODIS,81,6.2,305.1,55.3,D,0
-12.1093,133.0182,350,1.7,1.3,2014-08-20,0430,Aqua,MODIS,94,6.2,304.8,112.8,D,0
-12.1219,132.9949,344.4,1.7,1.3,2014-08-20,0430,Aqua,MODIS,74,6.2,307.2,83.3,D,0
-12.1199,133.0107,376.8,1.7,1.3,2014-08-20,0430,Aqua,MODIS,100,6.2,313.6,277.4,D,0
-12.14,136.5116,352.6,1.1,1,2014-08-20,0430,Aqua,MODIS,96,6.2,307.6,60.4,D,0
-12.118,133.0263,371.5,1.7,1.3,2014-08-20,0430,Aqua,MODIS,100,6.2,311.6,232.2,D,0
-12.1585,136.5142,356.2,1.1,1,2014-08-20,0430,Aqua,MODIS,98,6.2,308.8,67.6,D,0
-12.1335,132.9964,339.9,1.7,1.3,2014-08-20,0430,Aqua,MODIS,65,6.2,307.8,62.9,D,0
-12.145,132.9979,374.7,1.7,1.3,2014-08-20,0430,Aqua,MODIS,100,6.2,311.6,261,D,0
-12.1431,133.0136,331.5,1.7,1.3,2014-08-20,0430,Aqua,MODIS,32,6.2,312.1,30.9,D,0
-12.2148,135.5072,327,1.2,1.1,2014-08-20,0430,Aqua,MODIS,41,6.2,309.1,15.7,D,0
-12.2051,135.5058,339.1,1.2,1.1,2014-08-20,0430,Aqua,MODIS,87,6.2,308.6,37.9,D,0
-12.3844,135.1601,334,1.2,1.1,2014-08-20,0430,Aqua,MODIS,49,6.2,306.9,27.4,D,0
-12.3829,135.1714,335,1.2,1.1,2014-08-20,0430,Aqua,MODIS,83,6.2,306.5,32.8,D,0
-12.1954,135.5044,338,1.2,1.1,2014-08-20,0430,Aqua,MODIS,82,6.2,308.1,35.6,D,0
-12.3928,135.1728,354.3,1.2,1.1,2014-08-20,0430,Aqua,MODIS,97,6.2,308.8,82.2,D,0
-12.1968,135.4936,329.1,1.2,1.1,2014-08-20,0430,Aqua,MODIS,35,6.2,305,19.2,D,0
-12.3036,134.7702,322,1.3,1.1,2014-08-20,0430,Aqua,MODIS,32,6.2,308.1,11.7,D,0
-12.3323,134.852,320.6,1.3,1.1,2014-08-20,0430,Aqua,MODIS,46,6.2,308.8,9,D,0
-12.3228,135.8476,332.5,1.1,1.1,2014-08-20,0430,Aqua,MODIS,80,6.2,307.7,23.9,D,0
-13.1328,132.4901,326.5,1.9,1.4,2014-08-20,0430,Aqua,MODIS,63,6.2,309.3,28.3,D,0
-12.2192,136.4697,328.3,1.1,1,2014-08-20,0430,Aqua,MODIS,57,6.2,308.5,14.3,D,0
-12.2206,136.4599,328.5,1.1,1,2014-08-20,0430,Aqua,MODIS,48,6.2,308.8,15.1,D,0
-12.3324,135.849,324.8,1.1,1.1,2014-08-20,0430,Aqua,MODIS,69,6.2,309.5,12.5,D,0
-12.1479,136.5226,340.2,1.1,1,2014-08-20,0430,Aqua,MODIS,88,6.2,308.1,32.7,D,0
-11.8678,142.5998,317.4,1.6,1.2,2014-08-20,0430,Aqua,MODIS,52,6.2,294.7,14,D,0
-11.7731,132.9567,325.7,1.7,1.3,2014-08-20,0430,Aqua,MODIS,57,6.2,307.8,26.5,D,0
-11.775,132.9411,349.6,1.7,1.3,2014-08-20,0430,Aqua,MODIS,95,6.2,307.9,110.5,D,0
-11.777,132.9254,327.6,1.7,1.3,2014-08-20,0430,Aqua,MODIS,62,6.2,303.3,32,D,0
-13.5777,131.5121,323.3,2.3,1.5,2014-08-20,0430,Aqua,MODIS,64,6.2,308.4,25.3,D,0
-13.2922,132.2627,324.2,2,1.4,2014-08-20,0430,Aqua,MODIS,51,6.2,309.2,18.7,D,0
-12.355,134.9149,325.6,1.3,1.1,2014-08-20,0430,Aqua,MODIS,71,6.2,309.3,15.5,D,0
-13.2879,132.2743,326.6,2,1.4,2014-08-20,0430,Aqua,MODIS,64,6.2,308.5,27.2,D,0
-13.5711,132.3168,320.4,2,1.4,2014-08-20,0430,Aqua,MODIS,56,6.2,307.5,20.1,D,0
-13.57,132.3116,322.5,2,1.4,2014-08-20,0430,Aqua,MODIS,64,6.2,307.7,24.3,D,0
-12.9884,132.1815,329.8,2,1.4,2014-08-20,0430,Aqua,MODIS,77,6.2,310.1,40.5,D,0
-12.3814,135.1827,321.7,1.2,1.1,2014-08-20,0430,Aqua,MODIS,27,6.2,305.7,11.6,D,0
-12.2906,136.6149,324.3,1.1,1,2014-08-20,0430,Aqua,MODIS,31,6.2,306.3,11.3,D,0
-12.3913,135.1841,322.7,1.2,1.1,2014-08-20,0430,Aqua,MODIS,31,6.2,307.8,12.1,D,0
-12.3421,135.0896,331.1,1.2,1.1,2014-08-20,0430,Aqua,MODIS,69,6.2,308.2,26.5,D,0
-13.5098,132.2846,320.8,2,1.4,2014-08-20,0430,Aqua,MODIS,41,6.2,306.6,16.6,D,0
-12.4013,135.1855,330,1.2,1.1,2014-08-20,0430,Aqua,MODIS,76,6.2,307.8,22.4,D,0
-12.3998,135.1968,336.3,1.2,1.1,2014-08-20,0430,Aqua,MODIS,84,6.2,309.7,33.4,D,0
-12.3983,135.208,339.1,1.2,1.1,2014-08-20,0430,Aqua,MODIS,87,6.2,310.4,38.6,D,0
-12.3487,136.7967,321,1,1,2014-08-20,0430,Aqua,MODIS,23,6.2,305.5,7.5,D,0
-12.1218,133.0899,336.9,1.7,1.3,2014-08-20,0430,Aqua,MODIS,77,6.2,308.1,49.8,D,0
-12.35,136.7871,329.3,1,1,2014-08-20,0430,Aqua,MODIS,78,6.2,305.6,17.3,D,0
-12.1332,133.0915,333.7,1.7,1.3,2014-08-20,0430,Aqua,MODIS,60,6.2,311.5,36.9,D,0
-12.1313,133.1069,331.9,1.7,1.3,2014-08-20,0430,Aqua,MODIS,65,6.2,311.7,34.1,D,0
-12.3521,135.2408,328.2,1.2,1.1,2014-08-20,0430,Aqua,MODIS,61,6.2,307.1,19.3,D,0
-14.1472,132.1714,326.4,2.1,1.4,2014-08-20,0430,Aqua,MODIS,32,6.2,310.1,33.7,D,0
-12.3635,135.231,323.8,1.2,1.1,2014-08-20,0430,Aqua,MODIS,50,6.2,309,12.3,D,0
-12.3642,135.2377,327.1,1.2,1.1,2014-08-20,0430,Aqua,MODIS,61,6.2,307,16.3,D,0
-12.425,135.2347,323.9,1.2,1.1,2014-08-20,0430,Aqua,MODIS,42,6.2,309.6,9.8,D,0
-12.4235,135.2459,323.1,1.2,1.1,2014-08-20,0430,Aqua,MODIS,49,6.2,310.2,7.7,D,0
-13.1775,132.3312,323.9,2,1.4,2014-08-20,0430,Aqua,MODIS,57,6.2,307.4,21.2,D,0
-13.7969,131.9431,332.9,2.2,1.4,2014-08-20,0430,Aqua,MODIS,22,6.2,307.7,47.9,D,0
-12.7834,132.6037,324.4,1.9,1.3,2014-08-20,0430,Aqua,MODIS,40,6.2,307.7,25.5,D,0
-12.7771,132.6153,324.3,1.9,1.3,2014-08-20,0430,Aqua,MODIS,56,6.2,306.1,29.4,D,0
-12.7792,132.5981,322.8,1.9,1.3,2014-08-20,0430,Aqua,MODIS,49,6.2,308.4,25,D,0
-12.3856,136.6647,328.6,1.1,1,2014-08-20,0430,Aqua,MODIS,77,6.2,305.9,18.2,D,0
-12.3869,136.655,319.3,1.1,1,2014-08-20,0430,Aqua,MODIS,43,6.2,304.3,7.4,D,0
-12.1678,136.5155,346.4,1.1,1,2014-08-20,0430,Aqua,MODIS,92,6.2,309.8,43.6,D,0
-24.7927,121.7292,328,1.7,1.3,2014-08-20,0605,Aqua,MODIS,76,6.2,307.3,32.4,D,0
-24.7916,121.717,323.7,1.7,1.3,2014-08-20,0605,Aqua,MODIS,62,6.2,308.1,22,D,0
-24.7813,121.7267,327.6,1.7,1.3,2014-08-20,0605,Aqua,MODIS,75,6.2,309.3,33.2,D,0
-24.7885,121.7336,324.3,1.7,1.3,2014-08-20,0605,Aqua,MODIS,66,6.2,307.3,23.6,D,0
-22.9262,123.1861,325.8,2.3,1.5,2014-08-20,0605,Aqua,MODIS,73,6.2,306.8,48.6,D,0
-20.8824,117.1803,329.6,1.1,1,2014-08-20,0606,Aqua,MODIS,72,6.2,314.3,13.5,D,0
-20.8731,117.1787,326.4,1.1,1,2014-08-20,0606,Aqua,MODIS,58,6.2,314.9,8.8,D,0
-21.9332,119.497,326,1.4,1.2,2014-08-20,0606,Aqua,MODIS,71,6.2,307.6,22.6,D,0
-21.8561,119.5091,342.7,1.4,1.2,2014-08-20,0606,Aqua,MODIS,89,6.2,309.1,53.3,D,0
-21.9245,119.5497,330.4,1.4,1.2,2014-08-20,0606,Aqua,MODIS,78,6.2,308.6,29.3,D,0
-21.8583,119.496,344,1.4,1.2,2014-08-20,0606,Aqua,MODIS,90,6.2,310.8,57.5,D,0
-21.862,119.5048,355.3,1.4,1.2,2014-08-20,0606,Aqua,MODIS,97,6.2,310.2,97.5,D,0
-21.8641,119.4916,328.5,1.4,1.2,2014-08-20,0606,Aqua,MODIS,51,6.2,310.1,21.3,D,0
-21.9223,119.5629,327,1.4,1.2,2014-08-20,0606,Aqua,MODIS,72,6.2,308.1,22.3,D,0
-21.8687,119.498,336.4,1.4,1.2,2014-08-20,0606,Aqua,MODIS,84,6.2,308.9,40.2,D,0
-21.8665,119.5111,326.1,1.4,1.2,2014-08-20,0606,Aqua,MODIS,24,6.2,306.9,17.7,D,0
-17.8152,122.5629,320.2,2.7,1.6,2014-08-20,0607,Aqua,MODIS,58,6.2,306.3,35.6,D,0
-17.6154,123.0605,323.1,3,1.6,2014-08-20,0607,Aqua,MODIS,27,6.2,304.5,57,D,0
-17.63,123.0637,334.8,3,1.6,2014-08-20,0607,Aqua,MODIS,84,6.2,301.5,129.5,D,0
-17.6344,123.1307,327.4,3,1.6,2014-08-20,0607,Aqua,MODIS,77,6.2,306.7,79.7,D,0
-17.5982,122.5035,331.6,2.7,1.6,2014-08-20,0607,Aqua,MODIS,80,6.2,305.2,90.2,D,0
-17.5819,122.9962,334.6,2.9,1.6,2014-08-20,0607,Aqua,MODIS,84,6.2,304.3,131.4,D,0
-17.6212,123.0409,323.4,3,1.6,2014-08-20,0607,Aqua,MODIS,60,6.2,301.9,65.9,D,0
-17.6343,123.1227,327.6,3,1.6,2014-08-20,0607,Aqua,MODIS,77,6.2,306.4,79.5,D,0
-17.6159,123.0687,322.2,3,1.6,2014-08-20,0607,Aqua,MODIS,45,6.2,304.6,55.9,D,0
-17.6305,123.0718,326.5,3,1.6,2014-08-20,0607,Aqua,MODIS,60,6.2,301.3,75.3,D,0
-16.2248,123.6129,314,3.5,1.8,2014-08-20,0607,Aqua,MODIS,0,6.2,299.8,37.6,D,0
-17.5853,122.6651,323.3,2.8,1.6,2014-08-20,0607,Aqua,MODIS,40,6.2,305.4,47.2,D,0
-16.6058,123.8607,319.4,3.6,1.8,2014-08-20,0607,Aqua,MODIS,71,6.2,302.1,58.7,D,0
-17.5423,122.4139,326.6,2.7,1.6,2014-08-20,0607,Aqua,MODIS,46,6.2,309.5,48.8,D,0
-17.5516,122.4081,330.3,2.7,1.6,2014-08-20,0607,Aqua,MODIS,69,6.2,308.1,72.3,D,0
-17.5377,122.4051,324.1,2.7,1.6,2014-08-20,0607,Aqua,MODIS,50,6.2,309.8,38.6,D,0
-17.8293,122.5659,321.1,2.7,1.6,2014-08-20,0607,Aqua,MODIS,66,6.2,305.5,38.5,D,0
-17.8225,122.5427,322.4,2.7,1.6,2014-08-20,0607,Aqua,MODIS,69,6.2,306.3,45.4,D,0
-17.8177,122.568,322.4,2.7,1.6,2014-08-20,0607,Aqua,MODIS,69,6.2,306.3,46.6,D,0
-17.6131,122.7524,328.9,2.8,1.6,2014-08-20,0607,Aqua,MODIS,78,6.2,306.3,79.4,D,0
-17.6122,122.7477,324.9,2.8,1.6,2014-08-20,0607,Aqua,MODIS,62,6.2,306.1,55.2,D,0
-17.5842,122.5005,334.2,2.7,1.6,2014-08-20,0607,Aqua,MODIS,83,6.2,310.6,103.4,D,0
-17.5795,122.5256,322.9,2.7,1.6,2014-08-20,0607,Aqua,MODIS,60,6.2,310.4,43.5,D,0
-17.5936,122.5286,337.2,2.7,1.6,2014-08-20,0607,Aqua,MODIS,86,6.2,308.3,124.5,D,0
-17.5682,122.9886,321.2,2.9,1.6,2014-08-20,0607,Aqua,MODIS,40,6.2,303.5,51.1,D,0
-17.5631,123.0163,339.5,3,1.6,2014-08-20,0607,Aqua,MODIS,88,6.2,304.1,165,D,0
-17.5674,122.9931,328.2,2.9,1.6,2014-08-20,0607,Aqua,MODIS,67,6.2,303.7,86.7,D,0
-17.5621,123.0207,341.3,3,1.6,2014-08-20,0607,Aqua,MODIS,89,6.2,303.8,176.9,D,0
-17.5561,122.3834,326.8,2.7,1.6,2014-08-20,0607,Aqua,MODIS,52,6.2,306.1,53.1,D,0
-17.5609,122.3923,329.2,2.7,1.6,2014-08-20,0607,Aqua,MODIS,56,6.2,305,66,D,0
-17.6515,124.0158,320,3.5,1.8,2014-08-20,0607,Aqua,MODIS,39,6.2,302.6,45.7,D,0
-18.9603,121.8213,329.1,2.3,1.5,2014-08-20,0607,Aqua,MODIS,24,6.2,311.7,41.4,D,0
-18.9588,121.8355,334.4,2.3,1.5,2014-08-20,0607,Aqua,MODIS,50,6.2,312.2,61.6,D,0
-18.9888,121.7403,341.5,2.2,1.4,2014-08-20,0607,Aqua,MODIS,88,6.2,310.5,108,D,0
-18.9904,121.7334,332.6,2.2,1.4,2014-08-20,0607,Aqua,MODIS,80,6.2,310.5,63.2,D,0
-17.4363,123.9239,328.5,3.5,1.8,2014-08-20,0607,Aqua,MODIS,46,6.2,300.9,103,D,0
-17.4675,123.9306,337.7,3.5,1.8,2014-08-20,0607,Aqua,MODIS,87,6.2,302.8,175,D,0
-17.4838,123.9086,321.2,3.4,1.7,2014-08-20,0607,Aqua,MODIS,59,6.2,302.8,56.5,D,0
-17.4307,123.9307,327.3,3.5,1.8,2014-08-20,0607,Aqua,MODIS,50,6.2,301.2,96.9,D,0
-17.4463,123.9341,332.2,3.5,1.8,2014-08-20,0607,Aqua,MODIS,73,6.2,301.3,129.1,D,0
-17.4619,123.9374,344.7,3.5,1.8,2014-08-20,0607,Aqua,MODIS,92,6.2,303,251.9,D,0
-17.5982,124.0384,323.8,3.5,1.8,2014-08-20,0607,Aqua,MODIS,53,6.2,305.2,67.5,D,0
-17.5825,124.0351,335.6,3.5,1.8,2014-08-20,0607,Aqua,MODIS,85,6.2,303.5,157.3,D,0
-17.5921,124.0453,336.7,3.5,1.8,2014-08-20,0607,Aqua,MODIS,86,6.2,305.7,166.5,D,0
-17.6456,124.0227,324,3.5,1.8,2014-08-20,0607,Aqua,MODIS,71,6.2,302.3,74.2,D,0
-17.4556,123.9696,338.5,3.5,1.8,2014-08-20,0607,Aqua,MODIS,87,6.2,304.4,181.2,D,0
-17.4834,124.0783,330,3.6,1.8,2014-08-20,0607,Aqua,MODIS,80,6.2,308.1,110.6,D,0
-17.4908,124.0843,325.5,3.6,1.8,2014-08-20,0607,Aqua,MODIS,74,6.2,308.5,77.5,D,0
-17.4614,123.9629,343.1,3.5,1.8,2014-08-20,0607,Aqua,MODIS,90,6.2,304.8,223.1,D,0
-17.4519,123.9272,323.5,3.5,1.8,2014-08-20,0607,Aqua,MODIS,37,6.2,300.2,68.1,D,0
-17.4458,123.9594,328.3,3.5,1.8,2014-08-20,0607,Aqua,MODIS,72,6.2,303.2,96.5,D,0
-17.5986,124.0128,330,3.5,1.8,2014-08-20,0607,Aqua,MODIS,68,6.2,302.7,110.9,D,0
-24.6729,152.1588,303.5,1.8,1.3,2014-08-20,1213,Terra,MODIS,56,6.2,285.5,19,N,0
-24.6748,152.1408,301.2,1.8,1.3,2014-08-20,1213,Terra,MODIS,39,6.2,284,16.1,N,0
-22.3168,148.4737,305.2,3.1,1.7,2014-08-20,1214,Terra,MODIS,63,6.2,283.2,46.4,N,0
-22.332,148.4752,305.6,3.1,1.7,2014-08-20,1214,Terra,MODIS,65,6.2,284.2,49.4,N,0
-22.3293,148.5056,301.1,3.1,1.7,2014-08-20,1214,Terra,MODIS,38,6.2,283,35.5,N,0
-18.4254,130.0218,341.7,1.1,1,2014-08-20,1354,Terra,MODIS,100,6.2,291.6,53,N,0
-18.4133,130.0408,309.5,1.1,1,2014-08-20,1354,Terra,MODIS,78,6.2,283.5,12.8,N,0
-18.4147,130.0306,364.1,1.1,1,2014-08-20,1354,Terra,MODIS,100,6.2,290.7,111.5,N,0
-18.4174,130.0102,356.9,1.1,1,2014-08-20,1354,Terra,MODIS,100,6.2,289.3,88.9,N,0
-18.4666,129.9712,325.1,1.1,1,2014-08-20,1354,Terra,MODIS,97,6.2,290.3,26.5,N,0
-18.4693,129.9507,302.1,1.1,1,2014-08-20,1354,Terra,MODIS,42,6.2,287.2,7,N,0
-18.4586,129.9596,384.6,1.1,1,2014-08-20,1354,Terra,MODIS,100,6.2,300.2,194.8,N,0
-18.4457,129.9415,343.2,1.1,1,2014-08-20,1354,Terra,MODIS,100,6.2,292.1,56.4,N,0
-18.46,129.9493,408.6,1.1,1,2014-08-20,1354,Terra,MODIS,100,6.2,308.4,349.2,N,0
-18.4653,129.9814,305.6,1.1,1,2014-08-20,1354,Terra,MODIS,6,6.2,288.3,8.3,N,0
-18.4443,129.9517,377.4,1.1,1,2014-08-20,1354,Terra,MODIS,100,6.2,298.3,161.7,N,0
-18.443,129.9619,440.6,1.1,1,2014-08-20,1354,Terra,MODIS,100,6.2,321.9,674.1,N,0
-18.4416,129.9722,430.8,1.1,1,2014-08-20,1354,Terra,MODIS,100,6.2,319.3,555.6,N,0
-18.4402,129.9824,405.6,1.1,1,2014-08-20,1354,Terra,MODIS,100,6.2,306.8,324,N,0
-18.4388,129.9926,387.6,1.1,1,2014-08-20,1354,Terra,MODIS,100,6.2,303.8,210.5,N,0
-18.4374,130.0028,326.9,1.1,1,2014-08-20,1354,Terra,MODIS,100,6.2,288.9,29.4,N,0
-18.4519,129.9377,360.3,1.1,1,2014-08-20,1354,Terra,MODIS,100,6.2,294,98.1,N,0
-18.4506,129.948,406.7,1.1,1,2014-08-20,1354,Terra,MODIS,100,6.2,308.1,332.9,N,0
-18.4626,130.0019,327.5,1.1,1,2014-08-20,1354,Terra,MODIS,100,6.2,289.2,29.5,N,0
-18.4493,129.9582,405.5,1.1,1,2014-08-20,1354,Terra,MODIS,100,6.2,309.6,321.5,N,0
-18.4479,129.9684,407.8,1.1,1,2014-08-20,1354,Terra,MODIS,100,6.2,320.2,337.6,N,0
-18.4613,129.9391,354.1,1.1,1,2014-08-20,1354,Terra,MODIS,100,6.2,292.8,81,N,0
-18.4452,129.9889,376.8,1.1,1,2014-08-20,1354,Terra,MODIS,100,6.2,295.8,155.2,N,0
-18.416,130.0204,405.6,1.1,1,2014-08-20,1354,Terra,MODIS,100,6.2,298.9,323.7,N,0
-18.4267,130.0116,404.2,1.1,1,2014-08-20,1354,Terra,MODIS,100,6.2,302.5,313.7,N,0
-18.4466,129.9787,408.5,1.1,1,2014-08-20,1354,Terra,MODIS,100,6.2,308,341.5,N,0
-18.4612,130.0121,318.6,1.1,1,2014-08-20,1354,Terra,MODIS,97,6.2,288.5,19.4,N,0
-18.4639,129.9917,309.3,1.1,1,2014-08-20,1354,Terra,MODIS,54,6.2,287.9,11.1,N,0
-18.468,129.961,342,1.1,1,2014-08-20,1354,Terra,MODIS,100,6.2,291.9,54.2,N,0
-18.4336,129.9606,304.6,1.1,1,2014-08-20,1354,Terra,MODIS,56,6.2,287.5,8.3,N,0
-18.4322,129.9708,300.4,1.1,1,2014-08-20,1354,Terra,MODIS,2,6.2,287.5,5.3,N,0
-18.4308,129.981,359,1.1,1,2014-08-20,1354,Terra,MODIS,100,6.2,289.5,95,N,0
-18.4295,129.9912,376.5,1.1,1,2014-08-20,1354,Terra,MODIS,100,6.2,291.8,157.7,N,0
-18.4281,130.0014,363.7,1.1,1,2014-08-20,1354,Terra,MODIS,100,6.2,292.9,109.5,N,0
-18.4471,129.9312,303.2,1.1,1,2014-08-20,1354,Terra,MODIS,45,6.2,287.2,7.3,N,0
-15.3559,133.1461,302,1.1,1,2014-08-20,1354,Terra,MODIS,32,6.2,288.5,6.2,N,0
-15.3497,133.1241,300.8,1.1,1,2014-08-20,1354,Terra,MODIS,3,6.2,289,5.2,N,0
-15.5552,131.3022,304.4,1,1,2014-08-20,1354,Terra,MODIS,60,6.2,292.3,6.1,N,0
-16.2374,128.3198,308.4,1.2,1.1,2014-08-20,1354,Terra,MODIS,74,6.2,292.7,11.7,N,0
-17.5494,123.0452,355.1,3.1,1.7,2014-08-20,1354,Terra,MODIS,100,6.2,296.4,384.2,N,0
-15.9413,128.8838,318.5,1.1,1.1,2014-08-20,1354,Terra,MODIS,97,6.2,292.4,18.1,N,0
-17.5523,123.0163,317.8,3.1,1.7,2014-08-20,1354,Terra,MODIS,96,6.2,288.6,86.6,N,0
-17.5326,123.0657,310.5,3,1.7,2014-08-20,1354,Terra,MODIS,55,6.2,290.8,52.6,N,0
-17.5465,123.074,308.5,3,1.7,2014-08-20,1354,Terra,MODIS,75,6.2,290.8,49.9,N,0
-17.5476,123.0673,320.8,3,1.7,2014-08-20,1354,Terra,MODIS,100,6.2,292.2,95.9,N,0
-17.5344,123.0435,346.9,3.1,1.7,2014-08-20,1354,Terra,MODIS,100,6.2,290.5,290.7,N,0
-17.5507,123.0385,332.4,3.1,1.7,2014-08-20,1354,Terra,MODIS,100,6.2,293.9,167.5,N,0
-16.2275,128.3184,304.8,1.2,1.1,2014-08-20,1354,Terra,MODIS,43,6.2,293.2,7.9,N,0
-15.9398,128.8948,315.4,1.1,1.1,2014-08-20,1354,Terra,MODIS,78,6.2,294,14.9,N,0
-17.5373,123.0146,313.5,3.1,1.7,2014-08-20,1354,Terra,MODIS,87,6.2,286.7,68.6,N,0
-15.9743,128.8557,304.1,1.1,1.1,2014-08-20,1354,Terra,MODIS,59,6.2,288.8,7.6,N,0
-17.5357,123.0368,357.1,3.1,1.7,2014-08-20,1354,Terra,MODIS,100,6.2,290.9,405.4,N,0
-17.5538,123.0097,300.9,3.1,1.7,2014-08-20,1354,Terra,MODIS,10,6.2,287.9,25.1,N,0
-15.959,128.8973,308.8,1.1,1.1,2014-08-20,1354,Terra,MODIS,75,6.2,291.9,9.6,N,0
-15.9576,128.9084,309.3,1.1,1.1,2014-08-20,1354,Terra,MODIS,77,6.2,293.1,9.9,N,0
-15.8404,135.7349,309.1,1.5,1.2,2014-08-20,1354,Terra,MODIS,76,6.2,289.3,18.6,N,0
-15.8437,135.7272,308.6,1.5,1.2,2014-08-20,1354,Terra,MODIS,75,6.2,288.8,18.1,N,0
-12.9161,135.5273,301,1.7,1.3,2014-08-20,1355,Terra,MODIS,36,6.2,290.4,9.3,N,0
-13.2558,135.2837,310.3,1.6,1.2,2014-08-20,1355,Terra,MODIS,80,6.2,291.4,19.7,N,0
-12.916,135.5362,312,1.7,1.3,2014-08-20,1355,Terra,MODIS,84,6.2,290.7,24.1,N,0
-12.4839,133.8492,305.2,1.3,1.1,2014-08-20,1355,Terra,MODIS,63,6.2,293,8.8,N,0
-14.0574,136.4402,308.5,1.9,1.3,2014-08-20,1355,Terra,MODIS,75,6.2,287.8,24.1,N,0
-14.0623,136.4476,307.5,1.9,1.3,2014-08-20,1355,Terra,MODIS,72,6.2,287.5,22.2,N,0
-12.9325,132.3136,308.2,1.1,1,2014-08-20,1355,Terra,MODIS,65,6.2,291.3,8.9,N,0
-12.4852,130.6503,301.9,1,1,2014-08-20,1355,Terra,MODIS,45,6.2,290.1,5.2,N,0
-12.9604,132.3181,311.5,1.1,1,2014-08-20,1355,Terra,MODIS,83,6.2,292.5,11.9,N,0
-12.8191,135.6414,302.8,1.7,1.3,2014-08-20,1355,Terra,MODIS,49,6.2,288.1,12.8,N,0
-12.9135,135.5426,309,1.7,1.3,2014-08-20,1355,Terra,MODIS,76,6.2,290.3,19.6,N,0
-12.9511,132.3166,311.8,1.1,1,2014-08-20,1355,Terra,MODIS,83,6.2,291.7,11.8,N,0
-13.2581,135.2695,305.8,1.6,1.2,2014-08-20,1355,Terra,MODIS,66,6.2,290.6,13.9,N,0
-12.8157,135.6465,301,1.7,1.3,2014-08-20,1355,Terra,MODIS,36,6.2,288.2,11.7,N,0
-12.4495,133.813,309.5,1.3,1.1,2014-08-20,1355,Terra,MODIS,77,6.2,293.7,12.5,N,0
-12.4513,133.801,308.7,1.3,1.1,2014-08-20,1355,Terra,MODIS,75,6.2,293.1,11.7,N,0
-12.7907,132.0284,305.4,1.1,1,2014-08-20,1355,Terra,MODIS,64,6.2,289.4,8.1,N,0
-12.9648,132.2885,307.1,1.1,1,2014-08-20,1355,Terra,MODIS,60,6.2,289.4,8.4,N,0
-13.7166,131.9897,303.5,1,1,2014-08-20,1355,Terra,MODIS,47,6.2,292.4,5.4,N,0
-13.5048,131.5511,315.9,1,1,2014-08-20,1355,Terra,MODIS,92,6.2,291.8,14.8,N,0
-13.5035,131.5604,305.2,1,1,2014-08-20,1355,Terra,MODIS,63,6.2,289.8,6.7,N,0
-13.2876,132.2737,300.4,1.1,1,2014-08-20,1355,Terra,MODIS,27,6.2,289.8,5,N,0
-13.1975,132.3233,304.4,1.1,1,2014-08-20,1355,Terra,MODIS,42,6.2,293.2,6.3,N,0
-13.1989,132.3136,302.5,1.1,1,2014-08-20,1355,Terra,MODIS,19,6.2,291.8,5,N,0
-13.507,132.2906,300.4,1.1,1,2014-08-20,1355,Terra,MODIS,16,6.2,290.2,4.2,N,0
-12.786,132.6128,307.3,1.1,1.1,2014-08-20,1355,Terra,MODIS,71,6.2,291.6,9.3,N,0
-14.123,132.1633,311.2,1,1,2014-08-20,1355,Terra,MODIS,82,6.2,289.8,10.8,N,0
-13.0721,132.4194,338.7,1.1,1,2014-08-20,1355,Terra,MODIS,100,6.2,291.8,47.3,N,0
-13.0598,132.4377,333.2,1.1,1,2014-08-20,1355,Terra,MODIS,100,6.2,292.8,37.6,N,0
-13.0628,132.4179,303.3,1.1,1,2014-08-20,1355,Terra,MODIS,54,6.2,288.4,7,N,0
-13.0736,132.4094,321.9,1.1,1,2014-08-20,1355,Terra,MODIS,100,6.2,288.5,23,N,0
-13.0643,132.4079,303.6,1.1,1,2014-08-20,1355,Terra,MODIS,56,6.2,287.8,7.5,N,0
-12.9897,132.2278,303.6,1.1,1,2014-08-20,1355,Terra,MODIS,56,6.2,290.1,6.6,N,0
-12.9912,132.218,303.4,1.1,1,2014-08-20,1355,Terra,MODIS,54,6.2,291.1,6.4,N,0
-12.9864,132.1871,301.2,1.1,1,2014-08-20,1355,Terra,MODIS,31,6.2,290,4.9,N,0
-13.0583,132.4477,309.6,1.1,1,2014-08-20,1355,Terra,MODIS,74,6.2,291.1,10.7,N,0
-13.0474,132.4561,317.2,1.1,1,2014-08-20,1355,Terra,MODIS,95,6.2,291.5,17.2,N,0
-13.0489,132.4462,334.6,1.1,1,2014-08-20,1355,Terra,MODIS,100,6.2,292.4,39.6,N,0
-12.9749,132.3264,302.2,1.1,1,2014-08-20,1355,Terra,MODIS,18,6.2,290.6,5.4,N,0
-12.9656,132.3249,340.4,1.1,1,2014-08-20,1355,Terra,MODIS,100,6.2,292.6,48.6,N,0
-12.9671,132.315,346.2,1.1,1,2014-08-20,1355,Terra,MODIS,100,6.2,293.6,59.8,N,0
-13.0381,132.4547,306.1,1.1,1,2014-08-20,1355,Terra,MODIS,55,6.2,291.2,8.3,N,0
-12.97,132.2952,319.4,1.1,1,2014-08-20,1355,Terra,MODIS,53,6.2,290.7,17.3,N,0
-12.9715,132.2853,325.3,1.1,1,2014-08-20,1355,Terra,MODIS,100,6.2,290.9,24.7,N,0
-12.9662,132.2786,308.5,1.1,1,2014-08-20,1355,Terra,MODIS,75,6.2,289.2,10.2,N,0
-13.0396,132.4447,321,1.1,1,2014-08-20,1355,Terra,MODIS,100,6.2,290.3,21.4,N,0
-13.1005,132.4852,309.3,1.1,1,2014-08-20,1355,Terra,MODIS,77,6.2,290.6,10.5,N,0
-13.4867,131.5482,328.3,1,1,2014-08-20,1355,Terra,MODIS,100,6.2,293.2,28.6,N,0
-13.4853,131.5576,312.1,1,1,2014-08-20,1355,Terra,MODIS,84,6.2,289.8,12.3,N,0
-13.4958,131.5497,349.6,1,1,2014-08-20,1355,Terra,MODIS,100,6.2,296,63.6,N,0
-13.4944,131.559,328.8,1,1,2014-08-20,1355,Terra,MODIS,100,6.2,291.9,28.4,N,0
-12.316,135.8089,301.8,1.8,1.3,2014-08-20,1355,Terra,MODIS,44,6.2,290.4,10.8,N,0
-12.5605,131.2136,304.1,1,1,2014-08-20,1355,Terra,MODIS,59,6.2,288.7,7.1,N,0
-15.2267,126.0868,301.5,1.7,1.3,2014-08-20,1355,Terra,MODIS,38,6.2,289.8,9.7,N,0
-15.219,126.0539,312.7,1.7,1.3,2014-08-20,1355,Terra,MODIS,85,6.2,291.1,24.7,N,0
-14.2433,129.6533,300.6,1,1,2014-08-20,1355,Terra,MODIS,30,6.2,289,5.1,N,0
-14.2444,129.712,305.2,1,1,2014-08-20,1355,Terra,MODIS,63,6.2,291,7.3,N,0
-14.2431,129.7215,315.3,1,1,2014-08-20,1355,Terra,MODIS,91,6.2,291.1,15.3,N,0
-22.3266,148.4875,313.9,1,1,2014-08-20,1522,Aqua,MODIS,88,6.2,284.2,15.8,N,0
-22.319,148.4993,311.4,1,1,2014-08-20,1522,Aqua,MODIS,82,6.2,284,13.7,N,0
-22.3297,148.5077,302.5,1,1,2014-08-20,1522,Aqua,MODIS,50,6.2,283.4,8.5,N,0
-22.3174,148.4892,330.8,1,1,2014-08-20,1522,Aqua,MODIS,100,6.2,285.6,34.4,N,0
-32.837,116.5267,307.1,1.7,1.3,2014-08-20,1528,Terra,MODIS,70,6.2,281.1,21.6,N,0
-32.8258,116.5355,325.7,1.7,1.3,2014-08-20,1528,Terra,MODIS,100,6.2,281.2,57.3,N,0
-32.8372,116.5385,325.2,1.7,1.3,2014-08-20,1528,Terra,MODIS,100,6.2,282.7,55.9,N,0
-32.8336,116.5441,345.1,1.7,1.3,2014-08-20,1528,Terra,MODIS,100,6.2,283.6,118.1,N,0
-14.057,136.4418,301,3.6,1.8,2014-08-20,1658,Aqua,MODIS,36,6.2,286.9,41.7,N,0
-14.1392,132.1902,309.8,1.7,1.3,2014-08-20,1658,Aqua,MODIS,78,6.2,290.9,21.2,N,0
-13.8573,130.1734,301.9,1.3,1.1,2014-08-20,1658,Aqua,MODIS,39,6.2,291.6,7.2,N,0
-13.8673,130.1719,303.8,1.3,1.1,2014-08-20,1658,Aqua,MODIS,57,6.2,291,8.5,N,0
-15.1791,126.1306,306.6,1,1,2014-08-20,1659,Aqua,MODIS,69,6.2,288.3,9,N,0
-15.2229,126.0595,301,1,1,2014-08-20,1659,Aqua,MODIS,35,6.2,289.2,4.9,N,0
-15.2139,126.0609,322.1,1,1,2014-08-20,1659,Aqua,MODIS,100,6.2,291.4,21,N,0
-15.2105,126.0998,304.9,1,1,2014-08-20,1659,Aqua,MODIS,62,6.2,288.4,7.7,N,0
-15.2119,126.1091,304.9,1,1,2014-08-20,1659,Aqua,MODIS,62,6.2,288.8,7.8,N,0
-15.9393,128.8526,312.5,1.1,1.1,2014-08-20,1659,Aqua,MODIS,85,6.2,291.9,12.8,N,0
-15.9437,128.8561,311.9,1.1,1.1,2014-08-20,1659,Aqua,MODIS,84,6.2,292.3,12.6,N,0
-15.9532,128.8548,303.7,1.1,1.1,2014-08-20,1659,Aqua,MODIS,52,6.2,291.4,6.6,N,0
-15.9507,128.908,304.6,1.1,1.1,2014-08-20,1659,Aqua,MODIS,37,6.2,292.2,7.2,N,0
-15.9602,128.9068,310.2,1.1,1.1,2014-08-20,1659,Aqua,MODIS,79,6.2,292.6,11.4,N,0
-14.245,129.7223,302.5,1.2,1.1,2014-08-20,1659,Aqua,MODIS,49,6.2,287.9,8.2,N,0
-15.9616,128.9171,302.7,1.1,1.1,2014-08-20,1659,Aqua,MODIS,25,6.2,292.3,5.9,N,0
-15.9408,128.863,317.8,1.1,1.1,2014-08-20,1659,Aqua,MODIS,96,6.2,293.1,17.6,N,0
-16.238,128.3183,308.8,1.1,1,2014-08-20,1659,Aqua,MODIS,76,6.2,291.9,11.4,N,0
-15.9355,128.8953,305.7,1.1,1.1,2014-08-20,1659,Aqua,MODIS,34,6.2,292.4,6.8,N,0
-15.3322,133.1082,304.2,2.1,1.4,2014-08-20,1659,Aqua,MODIS,59,6.2,286.6,23.9,N,0
-18.4132,129.9248,353.2,1.4,1.2,2014-08-20,1700,Aqua,MODIS,100,6.2,290.4,114.6,N,0
-18.4109,129.9915,318.3,1.4,1.2,2014-08-20,1700,Aqua,MODIS,97,6.2,285,29.9,N,0
-18.4679,129.9772,306.6,1.4,1.2,2014-08-20,1700,Aqua,MODIS,18,6.2,283.8,15.2,N,0
-18.4148,129.9378,345.8,1.4,1.2,2014-08-20,1700,Aqua,MODIS,100,6.2,290.4,89.2,N,0
-18.4652,129.9978,309.5,1.4,1.2,2014-08-20,1700,Aqua,MODIS,77,6.2,284.1,19.9,N,0
-18.4165,129.9508,325.9,1.4,1.2,2014-08-20,1700,Aqua,MODIS,100,6.2,287.8,41.6,N,0
-18.4695,129.9904,308,1.4,1.2,2014-08-20,1700,Aqua,MODIS,55,6.2,283.8,17.4,N,0
-18.4181,129.9639,300.3,1.4,1.2,2014-08-20,1700,Aqua,MODIS,24,6.2,285.7,9.3,N,0
-18.4635,129.9846,324.7,1.4,1.2,2014-08-20,1700,Aqua,MODIS,100,6.2,286.4,41.3,N,0
-17.549,123.0549,301.4,1.3,1.1,2014-08-20,1700,Aqua,MODIS,41,6.2,287.1,8.5,N,0
-17.7528,123.9973,349.3,1.1,1.1,2014-08-20,1700,Aqua,MODIS,100,6.2,291.5,75.6,N,0
-17.7544,124.0078,307,1.1,1.1,2014-08-20,1700,Aqua,MODIS,70,6.2,285.8,11.7,N,0
-17.5509,123.0667,308,1.3,1.1,2014-08-20,1700,Aqua,MODIS,73,6.2,287.4,14.3,N,0
-32.8255,116.537,307.6,1.7,1.3,2014-08-20,1704,Aqua,MODIS,72,6.2,279.2,25.5,N,0
-32.8291,116.555,313.1,1.7,1.3,2014-08-20,1704,Aqua,MODIS,86,6.2,281.6,33.8,N,0
-11.8192,142.6,345.1,1.1,1,2014-08-21,0045,Terra,MODIS,93,6.2,297.3,52.4,D,0
-11.8254,142.6401,336,1.1,1,2014-08-21,0045,Terra,MODIS,87,6.2,297.2,35,D,0
-11.8269,142.6502,318.4,1.1,1,2014-08-21,0045,Terra,MODIS,69,6.2,296.4,11.6,D,0
-11.8568,142.5941,325,1.1,1,2014-08-21,0045,Terra,MODIS,62,6.2,297.9,14.2,D,0
-11.8613,142.5873,322.8,1.1,1,2014-08-21,0045,Terra,MODIS,68,6.2,298.4,13.1,D,0
-11.8629,142.5974,325.1,1.1,1,2014-08-21,0045,Terra,MODIS,78,6.2,298.1,15.7,D,0
-12.3778,136.673,310.4,2.7,1.6,2014-08-21,0045,Terra,MODIS,22,6.2,298.2,19.3,D,0
-12.1129,136.3894,314.9,2.9,1.6,2014-08-21,0045,Terra,MODIS,58,6.2,298.5,35.7,D,0
-12.3151,135.8171,309.3,3.2,1.7,2014-08-21,0045,Terra,MODIS,45,6.2,298.5,20.5,D,0
-12.3302,135.8145,311,3.2,1.7,2014-08-21,0045,Terra,MODIS,58,6.2,299,27.3,D,0
-12.0425,142.5669,320.1,1.1,1,2014-08-21,0045,Terra,MODIS,72,6.2,297.8,14,D,0
-15.0276,145.1,317,1,1,2014-08-21,0045,Terra,MODIS,63,6.2,297,10.9,D,0
-12.0394,142.5837,324.4,1.1,1,2014-08-21,0045,Terra,MODIS,67,6.2,295.2,16.4,D,0
-12.0931,136.3724,312.5,2.9,1.6,2014-08-21,0045,Terra,MODIS,42,6.2,298.4,25.1,D,0
-12.1122,136.3956,313.6,2.9,1.6,2014-08-21,0045,Terra,MODIS,58,6.2,298.6,30.6,D,0
-12.0364,142.5636,322.2,1.1,1,2014-08-21,0045,Terra,MODIS,50,6.2,295.2,14.5,D,0
-12.0936,136.3662,311.2,2.9,1.6,2014-08-21,0045,Terra,MODIS,13,6.2,298,20.7,D,0
-12.3733,136.6483,318.6,2.8,1.6,2014-08-21,0045,Terra,MODIS,70,6.2,298.4,49.5,D,0
-12.0379,142.5736,318.3,1.1,1,2014-08-21,0045,Terra,MODIS,49,6.2,293.9,10.3,D,0
-12.3185,135.8241,310.6,3.2,1.7,2014-08-21,0045,Terra,MODIS,29,6.2,298.9,24.4,D,0
-13.125,135.2275,318.1,3.4,1.7,2014-08-21,0045,Terra,MODIS,73,6.2,298.4,67.4,D,0
-13.6101,141.8578,318.3,1.1,1.1,2014-08-21,0045,Terra,MODIS,70,6.2,296,11.3,D,0
-13.6338,141.8216,313.3,1.1,1.1,2014-08-21,0045,Terra,MODIS,28,6.2,290.2,8.1,D,0
-13.7121,142.1374,332.4,1.1,1,2014-08-21,0045,Terra,MODIS,79,6.2,298.1,28.3,D,0
-13.7257,142.1285,318.4,1.1,1,2014-08-21,0045,Terra,MODIS,71,6.2,292.9,12.3,D,0
-13.7105,142.1272,327.9,1.1,1.1,2014-08-21,0045,Terra,MODIS,66,6.2,297.3,21.6,D,0
-14.9122,144.2345,321.4,1,1,2014-08-21,0045,Terra,MODIS,69,6.2,300.3,10.4,D,0
-14.9032,144.2358,320.4,1,1,2014-08-21,0045,Terra,MODIS,63,6.2,300.5,9,D,0
-13.5431,141.8314,319,1.1,1.1,2014-08-21,0045,Terra,MODIS,51,6.2,296.3,11.8,D,0
-13.1308,135.2586,323.5,3.4,1.7,2014-08-21,0045,Terra,MODIS,79,6.2,298,99.1,D,0
-12.9535,135.5339,323.3,3.3,1.7,2014-08-21,0045,Terra,MODIS,68,6.2,296.3,79,D,0
-12.9435,135.5654,318.2,3.2,1.7,2014-08-21,0045,Terra,MODIS,25,6.2,298.5,51.7,D,0
-12.955,135.5564,336.4,3.2,1.7,2014-08-21,0045,Terra,MODIS,88,6.2,299,167.6,D,0
-12.9587,135.5625,330.8,3.2,1.7,2014-08-21,0045,Terra,MODIS,85,6.2,299.1,127.3,D,0
-12.5425,142.1043,317.8,1.1,1.1,2014-08-21,0045,Terra,MODIS,38,6.2,299.3,10.1,D,0
-13.1707,135.4739,314.3,3.3,1.7,2014-08-21,0045,Terra,MODIS,67,6.2,297,47.1,D,0
-12.8923,135.5441,314.6,3.3,1.7,2014-08-21,0045,Terra,MODIS,67,6.2,297.6,40.5,D,0
-12.552,142.1028,321.8,1.1,1.1,2014-08-21,0045,Terra,MODIS,74,6.2,296,14.8,D,0
-13.1696,135.4506,314.2,3.3,1.7,2014-08-21,0045,Terra,MODIS,65,6.2,297,42.4,D,0
-11.9691,142.6255,319.9,1.1,1,2014-08-21,0045,Terra,MODIS,49,6.2,298.2,11.4,D,0
-13.1749,135.4803,311.8,3.3,1.7,2014-08-21,0045,Terra,MODIS,50,6.2,297,33.4,D,0
-11.9551,142.6343,322.6,1.1,1,2014-08-21,0045,Terra,MODIS,54,6.2,297.7,12.8,D,0
-12.8223,142.8844,320.8,1.1,1,2014-08-21,0045,Terra,MODIS,69,6.2,297.6,12.5,D,0
-12.6993,141.9917,328.7,1.2,1.1,2014-08-21,0045,Terra,MODIS,77,6.2,298.3,25.5,D,0
-12.6874,135.9288,312.4,3.1,1.7,2014-08-21,0045,Terra,MODIS,43,6.2,298.7,28.8,D,0
-13.923,141.63,315.5,1.2,1.1,2014-08-21,0045,Terra,MODIS,31,6.2,298.9,10.1,D,0
-11.9597,142.627,326.8,1.1,1,2014-08-21,0045,Terra,MODIS,71,6.2,299.1,18.1,D,0
-12.8961,135.5494,311,3.3,1.7,2014-08-21,0045,Terra,MODIS,40,6.2,297.9,23.8,D,0
-12.8131,142.8859,321.4,1.1,1,2014-08-21,0045,Terra,MODIS,74,6.2,294,13.3,D,0
-12.6844,135.9074,311.6,3.1,1.7,2014-08-21,0045,Terra,MODIS,35,6.2,297.4,27.1,D,0
-12.8862,135.5822,311.7,3.2,1.7,2014-08-21,0045,Terra,MODIS,53,6.2,297.8,29.1,D,0
-12.1659,142.2697,317.5,1.1,1.1,2014-08-21,0045,Terra,MODIS,42,6.2,295.9,9.6,D,0
-15.0677,143.1114,320.7,1,1,2014-08-21,0046,Terra,MODIS,67,6.2,304.2,6.3,D,0
-15.7844,135.8299,326.2,2.7,1.6,2014-08-21,0046,Terra,MODIS,59,6.2,301.5,65.6,D,0
-15.7608,135.7823,323.1,2.7,1.6,2014-08-21,0046,Terra,MODIS,31,6.2,300.9,55.9,D,0
-16.3329,136.0671,320.3,2.5,1.5,2014-08-21,0046,Terra,MODIS,64,6.2,303.3,42,D,0
-15.7627,135.8149,340.7,2.7,1.6,2014-08-21,0046,Terra,MODIS,90,6.2,301.2,155.3,D,0
-15.5128,145.2152,317.3,1.1,1,2014-08-21,0046,Terra,MODIS,66,6.2,297.2,10.6,D,0
-15.8696,135.7359,324.7,2.8,1.6,2014-08-21,0046,Terra,MODIS,75,6.2,300.5,68,D,0
-15.7486,135.8177,340.7,2.7,1.6,2014-08-21,0046,Terra,MODIS,90,6.2,301.3,160.5,D,0
-15.5114,145.2054,311.7,1.1,1,2014-08-21,0046,Terra,MODIS,34,6.2,298.5,5.5,D,0
-16.2774,144.6414,311.9,1,1,2014-08-21,0046,Terra,MODIS,38,6.2,298.8,5.3,D,0
-15.2872,135.0629,316.4,3.2,1.7,2014-08-21,0046,Terra,MODIS,69,6.2,302.7,44.9,D,0
-14.9086,142.3739,317.6,1.1,1,2014-08-21,0046,Terra,MODIS,58,6.2,298.2,8.1,D,0
-15.7581,135.7897,335.7,2.7,1.6,2014-08-21,0046,Terra,MODIS,73,6.2,301.4,123.7,D,0
-15.7439,135.7924,336.4,2.7,1.6,2014-08-21,0046,Terra,MODIS,88,6.2,299.9,133.5,D,0
-15.0481,141.8999,337.3,1.1,1,2014-08-21,0046,Terra,MODIS,87,6.2,299.5,34.5,D,0
-14.8633,134.5252,314,3.6,1.8,2014-08-21,0046,Terra,MODIS,64,6.2,301,42.6,D,0
-15.8554,135.7385,321.1,2.8,1.6,2014-08-21,0046,Terra,MODIS,48,6.2,301.1,48.3,D,0
-14.8572,134.4929,323.2,3.6,1.8,2014-08-21,0046,Terra,MODIS,78,6.2,301.1,97.5,D,0
-15.1544,135.0951,326.2,3.2,1.7,2014-08-21,0046,Terra,MODIS,81,6.2,301,98.2,D,0
-15.0662,143.102,326.5,1,1,2014-08-21,0046,Terra,MODIS,77,6.2,303.2,12.9,D,0
-15.4335,143.5246,322.5,1,1,2014-08-21,0046,Terra,MODIS,73,6.2,304.1,8.4,D,0
-15.8771,135.7541,318,2.7,1.6,2014-08-21,0046,Terra,MODIS,35,6.2,302,36.4,D,0
-15.7655,135.8073,328.4,2.7,1.6,2014-08-21,0046,Terra,MODIS,80,6.2,300.9,81.7,D,0
-15.0465,141.8898,351.7,1.1,1,2014-08-21,0046,Terra,MODIS,96,6.2,300.9,64.4,D,0
-16.3169,144.5997,319.8,1,1,2014-08-21,0046,Terra,MODIS,69,6.2,297.6,12.2,D,0
-15.3294,135.0475,314.6,3.2,1.7,2014-08-21,0046,Terra,MODIS,66,6.2,301.2,42,D,0
-14.8166,142.4351,326.3,1.1,1,2014-08-21,0046,Terra,MODIS,77,6.2,301.5,16.9,D,0
-17.1541,139.1451,317.7,1.5,1.2,2014-08-21,0046,Terra,MODIS,0,6.2,302.5,8.7,D,0
-17.2208,138.795,317.4,1.5,1.2,2014-08-21,0046,Terra,MODIS,67,6.2,305.6,9.6,D,0
-17.2688,138.7349,325.3,1.6,1.2,2014-08-21,0046,Terra,MODIS,44,6.2,304.4,25.5,D,0
-17.2418,138.7099,323.5,1.6,1.2,2014-08-21,0046,Terra,MODIS,44,6.2,303.9,21.7,D,0
-17.2881,141.2068,318.2,1.1,1.1,2014-08-21,0046,Terra,MODIS,58,6.2,306,9.1,D,0
-17.2898,141.2173,317.4,1.1,1.1,2014-08-21,0046,Terra,MODIS,55,6.2,304.6,8.3,D,0
-15.2103,134.9865,314.8,3.2,1.7,2014-08-21,0046,Terra,MODIS,66,6.2,301,41.6,D,0
-15.1598,135.1244,313.6,3.2,1.7,2014-08-21,0046,Terra,MODIS,41,6.2,300.2,30.3,D,0
-16.3645,136.085,323.4,2.5,1.5,2014-08-21,0046,Terra,MODIS,76,6.2,302.9,54.3,D,0
-16.3782,136.0822,316.5,2.5,1.5,2014-08-21,0046,Terra,MODIS,41,6.2,302.3,29.9,D,0
-16.3702,136.0769,327.5,2.5,1.5,2014-08-21,0046,Terra,MODIS,81,6.2,302.5,71.8,D,0
-17.292,138.9364,323.4,1.5,1.2,2014-08-21,0046,Terra,MODIS,75,6.2,302.5,25.9,D,0
-17.2944,138.9503,328,1.5,1.2,2014-08-21,0046,Terra,MODIS,80,6.2,304,35.2,D,0
-17.2713,138.7494,320.4,1.6,1.2,2014-08-21,0046,Terra,MODIS,36,6.2,303.8,16.1,D,0
-16.4743,139.6855,314.4,1.4,1.2,2014-08-21,0046,Terra,MODIS,0,6.2,299.1,11.8,D,0
-16.5526,139.4091,316,1.4,1.2,2014-08-21,0046,Terra,MODIS,61,6.2,300.4,15.1,D,0
-15.2926,135.092,311.2,3.2,1.7,2014-08-21,0046,Terra,MODIS,37,6.2,300.2,22.8,D,0
-15.2897,135.0855,315.2,3.2,1.7,2014-08-21,0046,Terra,MODIS,66,6.2,300.8,40.1,D,0
-17.1963,139.0668,313.4,1.5,1.2,2014-08-21,0046,Terra,MODIS,33,6.2,302.5,7.2,D,0
-15.6103,145.2547,321.9,1.1,1,2014-08-21,0046,Terra,MODIS,74,6.2,298.9,15.1,D,0
-13.8965,134.7569,315.4,3.6,1.8,2014-08-21,0046,Terra,MODIS,68,6.2,300.3,45.7,D,0
-15.9655,135.9167,318.1,2.7,1.6,2014-08-21,0046,Terra,MODIS,65,6.2,301.7,40.4,D,0
-15.3476,133.1246,309.2,4.4,1.9,2014-08-21,0046,Terra,MODIS,39,6.2,299.1,44.8,D,0
-17.9259,138.7328,322,1.5,1.2,2014-08-21,0047,Terra,MODIS,73,6.2,306.5,18.8,D,0
-22.3217,148.483,316.5,2,1.4,2014-08-21,0047,Terra,MODIS,70,6.2,298.7,26.3,D,0
-22.3237,148.5023,314.7,2,1.4,2014-08-21,0047,Terra,MODIS,67,6.2,299.5,22.6,D,0
-22.4676,149.4907,307.7,2.4,1.5,2014-08-21,0047,Terra,MODIS,23,6.2,295.5,12.7,D,0
-19.9517,148.122,310.7,1.7,1.3,2014-08-21,0047,Terra,MODIS,18,6.2,297,10.6,D,0
-20.7376,139.4731,322.7,1.2,1.1,2014-08-21,0047,Terra,MODIS,69,6.2,302.3,17.9,D,2
-20.7395,139.4846,316.8,1.2,1.1,2014-08-21,0047,Terra,MODIS,62,6.2,301.4,10.2,D,2
-24.8851,148.589,326.1,2.2,1.4,2014-08-21,0048,Terra,MODIS,84,6.2,295.7,65.6,D,0
-25.7629,146.9831,327.6,1.7,1.3,2014-08-21,0048,Terra,MODIS,83,6.2,294.6,45.8,D,0
-26.5155,149.7533,315.7,2.8,1.6,2014-08-21,0048,Terra,MODIS,74,6.2,293.9,43.8,D,0
-24.0239,145.748,326.5,1.4,1.2,2014-08-21,0048,Terra,MODIS,37,6.2,294.1,30.4,D,0
-28.2502,147.2794,315.1,2,1.4,2014-08-21,0049,Terra,MODIS,72,6.2,297.7,21.5,D,0
-34.1841,139.9348,311,1,1,2014-08-21,0051,Terra,MODIS,33,6.2,286.8,9.1,D,0
-36.2618,139.7501,309.9,1,1,2014-08-21,0051,Terra,MODIS,69,6.2,287.4,11,D,0
-35.2942,138.7705,302.3,1,1,2014-08-21,0051,Terra,MODIS,52,6.2,287.1,6,D,0
-35.6751,140.0887,302.6,1,1,2014-08-21,0051,Terra,MODIS,30,6.2,291.7,4.1,D,0
-37.8837,141.0237,312.5,1.1,1.1,2014-08-21,0052,Terra,MODIS,55,6.2,279.3,15.9,D,0
-14.135,129.7275,311.2,4.3,1.9,2014-08-21,0224,Terra,MODIS,45,6.2,299.7,38.9,D,0
-14.1307,129.6872,313.8,4.3,1.9,2014-08-21,0224,Terra,MODIS,59,6.2,300.4,52.3,D,0
-14.1364,129.72,313.1,4.3,1.9,2014-08-21,0224,Terra,MODIS,48,6.2,300,47.1,D,0
-15.9729,128.9007,317.3,4,1.9,2014-08-21,0224,Terra,MODIS,33,6.2,305.5,47.7,D,0
-16.2475,128.3069,313.9,3.6,1.8,2014-08-21,0224,Terra,MODIS,33,6.2,302.6,27.8,D,0
-15.1711,126.1312,332.1,2.4,1.5,2014-08-21,0224,Terra,MODIS,83,6.2,305,72.8,D,0
-15.1685,126.1092,331.9,2.4,1.5,2014-08-21,0224,Terra,MODIS,83,6.2,305.1,69.5,D,0
-13.1229,130.1902,313.6,4.6,2,2014-08-21,0224,Terra,MODIS,50,6.2,300.7,57.5,D,0
-15.2255,126.0511,329.4,2.3,1.5,2014-08-21,0224,Terra,MODIS,79,6.2,301.1,64.4,D,0
-15.2304,126.0944,318.8,2.4,1.5,2014-08-21,0224,Terra,MODIS,52,6.2,303,21.6,D,0
-13.9085,130.1438,314.5,4.6,2,2014-08-21,0224,Terra,MODIS,61,6.2,301.4,60.8,D,0
-13.1187,130.1549,313.7,4.5,2,2014-08-21,0224,Terra,MODIS,0,6.2,300.6,53.2,D,0
-13.9082,130.1391,314.5,4.6,2,2014-08-21,0224,Terra,MODIS,58,6.2,301.5,60.8,D,0
-13.9616,130.1338,317.1,4.6,2,2014-08-21,0224,Terra,MODIS,44,6.2,302.9,69.8,D,0
-13.9573,130.0914,318.1,4.6,2,2014-08-21,0224,Terra,MODIS,55,6.2,302,79.2,D,0
-13.9573,130.0964,321.3,4.6,2,2014-08-21,0224,Terra,MODIS,38,6.2,302.2,100.5,D,0
-13.9794,130.1318,323.1,4.6,2,2014-08-21,0224,Terra,MODIS,70,6.2,303.3,115.3,D,0
-15.1989,126.0543,328.6,2.3,1.5,2014-08-21,0224,Terra,MODIS,53,6.2,303.4,54.6,D,0
-17.3631,123.7739,335.5,1.7,1.3,2014-08-21,0225,Terra,MODIS,84,6.2,307.4,57.6,D,0
-17.365,123.7897,322,1.7,1.3,2014-08-21,0225,Terra,MODIS,66,6.2,306.9,22.2,D,0
-17.4177,123.9306,326.8,1.7,1.3,2014-08-21,0225,Terra,MODIS,62,6.2,305.9,32.6,D,0
-18.9696,121.9164,330.2,1.3,1.1,2014-08-21,0225,Terra,MODIS,72,6.2,310.8,23.6,D,0
-18.9713,121.9291,329.5,1.3,1.1,2014-08-21,0225,Terra,MODIS,75,6.2,310.8,22.7,D,0
-18.9729,121.9418,325.6,1.3,1.1,2014-08-21,0225,Terra,MODIS,37,6.2,308.9,15.3,D,0
-18.9718,121.852,330,1.3,1.1,2014-08-21,0225,Terra,MODIS,75,6.2,310.8,24.3,D,0
-18.9735,121.8646,329.4,1.3,1.1,2014-08-21,0225,Terra,MODIS,73,6.2,310.1,23.5,D,0
-17.5252,123.0466,326.1,1.5,1.2,2014-08-21,0225,Terra,MODIS,66,6.2,309.6,18.8,D,0
-17.6322,123.0841,325.3,1.5,1.2,2014-08-21,0225,Terra,MODIS,29,6.2,308.5,17.9,D,0
-17.6432,123.0827,328.2,1.5,1.2,2014-08-21,0225,Terra,MODIS,58,6.2,306.8,25.2,D,0
-17.6304,123.0698,335.7,1.5,1.2,2014-08-21,0225,Terra,MODIS,84,6.2,308.2,45,D,0
-17.6248,123.1144,328.7,1.5,1.2,2014-08-21,0225,Terra,MODIS,77,6.2,312.8,25.8,D,0
-17.8377,122.5333,325.8,1.4,1.2,2014-08-21,0225,Terra,MODIS,40,6.2,306.7,20.1,D,0
-17.8198,122.5629,326,1.4,1.2,2014-08-21,0225,Terra,MODIS,48,6.2,310.9,20.9,D,0
-17.8215,122.5762,323.6,1.4,1.2,2014-08-21,0225,Terra,MODIS,45,6.2,309.3,16.8,D,0
-17.8254,122.5214,336.1,1.4,1.2,2014-08-21,0225,Terra,MODIS,85,6.2,304.6,43.7,D,0
-17.8271,122.5347,357.8,1.4,1.2,2014-08-21,0225,Terra,MODIS,98,6.2,309.7,114.4,D,0
-17.7529,123.9809,327.5,1.8,1.3,2014-08-21,0225,Terra,MODIS,76,6.2,311.4,27.8,D,0
-17.5344,123.0309,352.3,1.5,1.2,2014-08-21,0225,Terra,MODIS,96,6.2,313.4,99.1,D,0
-17.5234,123.0324,344.7,1.5,1.2,2014-08-21,0225,Terra,MODIS,91,6.2,308.7,70.2,D,0
-17.5303,122.6527,322.6,1.4,1.2,2014-08-21,0225,Terra,MODIS,58,6.2,308.7,15.2,D,0
-17.5286,122.6393,318.7,1.4,1.2,2014-08-21,0225,Terra,MODIS,26,6.2,306.1,9.5,D,0
-17.5905,123.0168,328.1,1.5,1.2,2014-08-21,0225,Terra,MODIS,57,6.2,314.7,25.4,D,0
-17.6266,123.129,325.4,1.5,1.2,2014-08-21,0225,Terra,MODIS,71,6.2,312.2,19.8,D,0
-17.6208,122.7306,346.3,1.4,1.2,2014-08-21,0225,Terra,MODIS,92,6.2,309.5,75.3,D,0
-17.6159,123.0424,330.6,1.5,1.2,2014-08-21,0225,Terra,MODIS,37,6.2,307.8,31,D,0
-17.5923,123.0311,327,1.5,1.2,2014-08-21,0225,Terra,MODIS,49,6.2,311.7,20.8,D,0
-17.6032,123.0296,367.6,1.5,1.2,2014-08-21,0225,Terra,MODIS,100,6.2,310.1,175.3,D,0
-17.6015,123.0154,435.3,1.5,1.2,2014-08-21,0225,Terra,MODIS,100,6.2,324,968,D,0
-17.2979,123.0662,318.6,1.5,1.2,2014-08-21,0225,Terra,MODIS,27,6.2,307.9,5.2,D,0
-17.5435,123.0153,372,1.5,1.2,2014-08-21,0225,Terra,MODIS,100,6.2,311.5,203.1,D,0
-17.5326,123.0167,376.2,1.5,1.2,2014-08-21,0225,Terra,MODIS,100,6.2,312.8,231.3,D,0
-17.5997,123.0013,373.9,1.5,1.2,2014-08-21,0225,Terra,MODIS,100,6.2,310.5,217.4,D,0
-17.6226,122.7442,325.9,1.5,1.2,2014-08-21,0225,Terra,MODIS,72,6.2,308.9,21.4,D,0
-17.8165,122.5361,337.7,1.4,1.2,2014-08-21,0225,Terra,MODIS,86,6.2,310.5,47.2,D,0
-21.9498,119.6455,320.4,1.1,1,2014-08-21,0226,Terra,MODIS,67,6.2,304,10.9,D,0
-21.9284,119.4872,325.1,1.1,1,2014-08-21,0226,Terra,MODIS,75,6.2,303.5,16,D,0
-21.914,119.5215,323.5,1.1,1,2014-08-21,0226,Terra,MODIS,65,6.2,307.6,11.1,D,0
-21.9125,119.511,329,1.1,1,2014-08-21,0226,Terra,MODIS,79,6.2,304.3,19.7,D,0
-21.906,119.5335,333.2,1.1,1,2014-08-21,0226,Terra,MODIS,83,6.2,307.6,24.5,D,0
-21.9046,119.523,388.7,1.1,1,2014-08-21,0226,Terra,MODIS,100,6.2,315.5,205.8,D,0
-21.9032,119.5125,400.4,1.1,1,2014-08-21,0226,Terra,MODIS,100,6.2,315.4,278.2,D,0
-21.8952,119.5244,329.6,1.1,1,2014-08-21,0226,Terra,MODIS,76,6.2,306.7,19.8,D,0
-21.9404,119.6469,321.7,1.1,1,2014-08-21,0226,Terra,MODIS,69,6.2,304.8,12.2,D,0
-21.9392,119.4962,318.6,1.1,1,2014-08-21,0226,Terra,MODIS,62,6.2,303.4,8.7,D,0
-21.8938,119.5139,337,1.1,1,2014-08-21,0226,Terra,MODIS,87,6.2,307,32.4,D,0
-21.9299,119.4977,337.7,1.1,1,2014-08-21,0226,Terra,MODIS,87,6.2,305,34.1,D,0
-20.5971,116.7773,315.4,1,1,2014-08-21,0226,Terra,MODIS,24,6.2,304.1,6.8,D,2
-32.8325,116.5445,312.7,1.1,1,2014-08-21,0229,Terra,MODIS,73,6.2,284.8,13.6,D,0
-34.9545,117.9851,302.5,1.3,1.1,2014-08-21,0230,Terra,MODIS,40,6.2,290,7.1,D,0
-26.8767,152.4889,325.7,1.2,1.1,2014-08-21,0330,Aqua,MODIS,83,6.2,290.4,24.7,D,0
-26.8781,152.4771,329.4,1.2,1.1,2014-08-21,0330,Aqua,MODIS,85,6.2,291.1,31.2,D,0
-26.5266,149.7514,342.4,1.7,1.3,2014-08-21,0330,Aqua,MODIS,93,6.2,292.2,100.3,D,0
-26.5284,149.7341,338.6,1.7,1.3,2014-08-21,0330,Aqua,MODIS,86,6.2,290.9,87.2,D,0
-26.6932,150.5286,331.1,1.5,1.2,2014-08-21,0330,Aqua,MODIS,86,6.2,297.8,48.1,D,0
-24.8928,148.591,315.6,2,1.4,2014-08-21,0331,Aqua,MODIS,38,6.2,293.2,25.6,D,0
-24.8804,148.5897,347.7,2,1.4,2014-08-21,0331,Aqua,MODIS,95,6.2,301.5,143.8,D,0
-24.4212,148.4052,317,2,1.4,2014-08-21,0331,Aqua,MODIS,73,6.2,297.3,31.4,D,0
-22.4519,149.4807,324,1.6,1.2,2014-08-21,0332,Aqua,MODIS,78,6.2,298.1,28.9,D,0
-22.3344,148.5014,313.3,1.8,1.3,2014-08-21,0332,Aqua,MODIS,38,6.2,296.5,11.7,D,0
-22.3244,148.4821,315.7,1.8,1.3,2014-08-21,0332,Aqua,MODIS,43,6.2,298.2,16.4,D,0
-20.2862,147.7782,318.8,1.9,1.4,2014-08-21,0332,Aqua,MODIS,71,6.2,303,23.1,D,0
-22.4521,149.4877,315.4,1.6,1.2,2014-08-21,0332,Aqua,MODIS,67,6.2,297.4,14.9,D,0
-22.4538,149.4725,318.9,1.6,1.2,2014-08-21,0332,Aqua,MODIS,72,6.2,299.1,21.4,D,0
-22.601,150.0705,316.7,1.4,1.2,2014-08-21,0332,Aqua,MODIS,71,6.2,296.3,18.3,D,0
-14.0503,143.5477,315.1,3.3,1.7,2014-08-21,0334,Aqua,MODIS,17,6.2,293,37.2,D,0
-14.8782,141.9608,310.5,4.5,2,2014-08-21,0334,Aqua,MODIS,45,6.2,291.9,47.8,D,0
-15.0261,145.093,312.9,2.6,1.6,2014-08-21,0334,Aqua,MODIS,63,6.2,295.3,31.4,D,0
-11.8718,142.5674,310.4,3.7,1.8,2014-08-21,0335,Aqua,MODIS,20,6.2,290.2,31.8,D,0
-11.8627,142.5714,310.9,3.7,1.8,2014-08-21,0335,Aqua,MODIS,28,6.2,289.9,34.4,D,0
-34.8533,141.89,311.1,2.6,1.5,2014-08-21,0506,Aqua,MODIS,61,6.2,292,34.2,D,0
-35.6748,140.0915,306.9,1.9,1.3,2014-08-21,0506,Aqua,MODIS,63,6.2,294.3,14.4,D,0
-23.2756,129.5413,324,1,1,2014-08-21,0510,Aqua,MODIS,56,6.2,310.6,7.6,D,0
-23.277,129.5315,326.7,1,1,2014-08-21,0510,Aqua,MODIS,69,6.2,310.5,10.9,D,0
-22.8056,127.5108,323,1.1,1.1,2014-08-21,0510,Aqua,MODIS,57,6.2,310,8.8,D,0
-22.8791,127.4665,324.6,1.1,1.1,2014-08-21,0510,Aqua,MODIS,63,6.2,313.2,10.2,D,0
-22.8165,127.5014,331.5,1.1,1.1,2014-08-21,0510,Aqua,MODIS,77,6.2,308,20.3,D,0
-22.8151,127.5122,342.6,1.1,1.1,2014-08-21,0510,Aqua,MODIS,89,6.2,310.8,40.3,D,0
-22.8558,127.4963,337.5,1.1,1.1,2014-08-21,0510,Aqua,MODIS,84,6.2,313.4,30.1,D,0
-22.871,127.4541,360,1.1,1.1,2014-08-21,0510,Aqua,MODIS,99,6.2,313.5,84.6,D,0
-22.8696,127.465,368.5,1.1,1.1,2014-08-21,0510,Aqua,MODIS,100,6.2,314.1,113.8,D,0
-22.8805,127.4556,324.8,1.1,1.1,2014-08-21,0510,Aqua,MODIS,64,6.2,311,10.9,D,0
-18.3906,130.1592,333.1,1.1,1,2014-08-21,0511,Aqua,MODIS,56,6.2,311,19.4,D,0
-18.3352,129.8654,368.8,1,1,2014-08-21,0511,Aqua,MODIS,100,6.2,309.5,101.7,D,0
-18.3366,129.8557,361.9,1,1,2014-08-21,0511,Aqua,MODIS,100,6.2,307.9,81,D,0
-18.3381,129.846,374.8,1,1,2014-08-21,0511,Aqua,MODIS,100,6.2,317.4,127.5,D,0
-18.3395,129.8362,399.9,1,1,2014-08-21,0511,Aqua,MODIS,100,6.2,321.9,254,D,0
-18.3261,129.8639,358,1,1,2014-08-21,0511,Aqua,MODIS,98,6.2,305.8,71.5,D,0
-18.3275,129.8542,361.5,1,1,2014-08-21,0511,Aqua,MODIS,100,6.2,301.9,82.4,D,0
-18.329,129.8444,446.9,1,1,2014-08-21,0511,Aqua,MODIS,100,6.2,325.6,695.6,D,0
-18.3304,129.8347,394,1,1,2014-08-21,0511,Aqua,MODIS,100,6.2,312.9,220.4,D,0
-18.3198,129.8429,320.4,1,1,2014-08-21,0511,Aqua,MODIS,50,6.2,300.9,10.6,D,0
-18.4021,129.9131,331.1,1,1,2014-08-21,0511,Aqua,MODIS,77,6.2,312.3,13.8,D,0
-18.4045,129.8336,329.8,1,1,2014-08-21,0511,Aqua,MODIS,29,6.2,309.1,15.1,D,0
-18.3823,129.9199,333.6,1,1,2014-08-21,0511,Aqua,MODIS,80,6.2,312.1,16.2,D,0
-18.3896,129.8711,336,1,1,2014-08-21,0511,Aqua,MODIS,83,6.2,308.9,22.8,D,0
-18.394,129.8418,330.6,1,1,2014-08-21,0511,Aqua,MODIS,49,6.2,308,15.5,D,0
-18.3954,129.8321,334.3,1,1,2014-08-21,0511,Aqua,MODIS,69,6.2,309,22.3,D,0
-18.3747,129.9086,330.7,1,1,2014-08-21,0511,Aqua,MODIS,61,6.2,309.8,12.8,D,0
-18.3805,129.8696,332.2,1,1,2014-08-21,0511,Aqua,MODIS,66,6.2,308.7,17.3,D,0
-18.3819,129.8598,343.3,1,1,2014-08-21,0511,Aqua,MODIS,89,6.2,309.1,36.7,D,0
-18.1667,130.418,321.6,1.1,1,2014-08-21,0511,Aqua,MODIS,58,6.2,310.7,7.3,D,0
-18.367,129.8973,333.8,1,1,2014-08-21,0511,Aqua,MODIS,80,6.2,309.3,18.7,D,0
-18.3728,129.8583,395.3,1,1,2014-08-21,0511,Aqua,MODIS,100,6.2,313.1,223,D,0
-18.3743,129.8486,333.1,1,1,2014-08-21,0511,Aqua,MODIS,64,6.2,305.9,20.4,D,0
-18.3578,129.8958,387.8,1,1,2014-08-21,0511,Aqua,MODIS,100,6.2,316.9,179.5,D,0
-18.3593,129.886,367.7,1,1,2014-08-21,0511,Aqua,MODIS,100,6.2,307.9,96.2,D,0
-18.3637,129.8568,351.6,1,1,2014-08-21,0511,Aqua,MODIS,95,6.2,307.6,52.8,D,0
-18.3983,130.1707,329.6,1.1,1,2014-08-21,0511,Aqua,MODIS,68,6.2,311.1,15.9,D,0
-18.3999,130.1608,328.5,1.1,1,2014-08-21,0511,Aqua,MODIS,69,6.2,311.8,14.5,D,0
-18.3851,130.1526,356.3,1.1,1,2014-08-21,0511,Aqua,MODIS,98,6.2,312.6,68,D,0
-18.3866,130.1427,387.8,1.1,1,2014-08-21,0511,Aqua,MODIS,100,6.2,317.6,188.8,D,0
-18.3881,130.1328,327.8,1.1,1,2014-08-21,0511,Aqua,MODIS,53,6.2,307.5,14.2,D,0
-18.3774,130.1412,357.8,1.1,1,2014-08-21,0511,Aqua,MODIS,98,6.2,311.5,73.4,D,0
-18.3789,130.1312,330.4,1.1,1,2014-08-21,0511,Aqua,MODIS,73,6.2,306,18.4,D,0
-18.3652,129.847,340.9,1,1,2014-08-21,0511,Aqua,MODIS,80,6.2,305.2,32.4,D,0
-18.356,129.8455,382.8,1,1,2014-08-21,0511,Aqua,MODIS,100,6.2,312.1,161.4,D,0
-18.3575,129.8358,322.8,1,1,2014-08-21,0511,Aqua,MODIS,36,6.2,303.3,10.8,D,0
-18.4245,130.1853,340.3,1.1,1,2014-08-21,0511,Aqua,MODIS,87,6.2,313.8,31.4,D,0
-18.4696,130.0105,330.7,1,1,2014-08-21,0511,Aqua,MODIS,72,6.2,313.1,15,D,0
-18.4711,130.0007,326.9,1,1,2014-08-21,0511,Aqua,MODIS,48,6.2,313.4,9.8,D,0
-18.4784,129.9516,327.2,1,1,2014-08-21,0511,Aqua,MODIS,49,6.2,311.9,11.6,D,0
-18.4221,129.9522,326.2,1,1,2014-08-21,0511,Aqua,MODIS,69,6.2,314.8,7.7,D,0
-18.417,129.8756,329.6,1,1,2014-08-21,0511,Aqua,MODIS,70,6.2,313,13.7,D,0
-18.4185,129.8658,326.8,1,1,2014-08-21,0511,Aqua,MODIS,41,6.2,310.9,10.3,D,0
-18.4122,129.8449,328.7,1,1,2014-08-21,0511,Aqua,MODIS,35,6.2,310.8,13.9,D,0
-18.3323,129.8849,344.8,1,1,2014-08-21,0511,Aqua,MODIS,72,6.2,312.3,39,D,0
-18.3337,129.8752,434.8,1,1,2014-08-21,0511,Aqua,MODIS,100,6.2,334.9,546.8,D,0
-18.3232,129.8834,410,1,1,2014-08-21,0511,Aqua,MODIS,100,6.2,316.8,322.6,D,0
-18.3246,129.8737,451.6,1,1,2014-08-21,0511,Aqua,MODIS,100,6.2,335.7,759.1,D,0
-18.3155,129.8721,323,1,1,2014-08-21,0511,Aqua,MODIS,58,6.2,298.8,12.1,D,0
-18.4322,130.1969,324.3,1.1,1,2014-08-21,0511,Aqua,MODIS,27,6.2,312.6,8.8,D,0
-18.423,130.1953,335.2,1.1,1,2014-08-21,0511,Aqua,MODIS,81,6.2,311,23.4,D,0
-18.341,129.883,343.2,1,1,2014-08-21,0511,Aqua,MODIS,89,6.2,308.8,34.2,D,0
-18.3502,129.8845,350.3,1,1,2014-08-21,0511,Aqua,MODIS,94,6.2,304.8,46.3,D,0
-18.3469,129.844,368.5,1,1,2014-08-21,0511,Aqua,MODIS,100,6.2,309.6,105.6,D,0
-18.3484,129.8343,328.3,1,1,2014-08-21,0511,Aqua,MODIS,51,6.2,302.5,17,D,0
-18.3596,129.9462,343.8,1,1,2014-08-21,0511,Aqua,MODIS,88,6.2,310.6,36.2,D,0
-18.3673,129.9575,341.9,1,1,2014-08-21,0511,Aqua,MODIS,88,6.2,311,33.3,D,0
-18.3487,129.8942,382.1,1,1,2014-08-21,0511,Aqua,MODIS,100,6.2,312.8,151.8,D,0
-21.8794,119.4949,324,3.7,1.8,2014-08-21,0511,Aqua,MODIS,70,6.2,307.4,83.4,D,0
-21.9856,119.6675,339.3,3.6,1.8,2014-08-21,0511,Aqua,MODIS,87,6.2,304.3,215,D,0
-21.9947,119.6641,324.3,3.6,1.8,2014-08-21,0511,Aqua,MODIS,70,6.2,303.5,84.9,D,0
-21.9785,119.6628,340.6,3.6,1.8,2014-08-21,0511,Aqua,MODIS,88,6.2,304.5,225.2,D,0
-21.9218,119.6494,324.3,3.6,1.8,2014-08-21,0511,Aqua,MODIS,70,6.2,305.6,85.4,D,0
-21.8827,119.4583,321.2,3.8,1.8,2014-08-21,0511,Aqua,MODIS,63,6.2,305.9,63.6,D,0
-21.9583,119.5149,340.8,3.7,1.8,2014-08-21,0511,Aqua,MODIS,88,6.2,305.3,234.7,D,0
-21.9614,119.4781,357,3.8,1.8,2014-08-21,0511,Aqua,MODIS,98,6.2,307.5,466.3,D,0
-21.9329,119.622,324.6,3.7,1.8,2014-08-21,0511,Aqua,MODIS,57,6.2,304.8,79.9,D,0
-21.9419,119.5133,317.2,3.7,1.8,2014-08-21,0511,Aqua,MODIS,8,6.2,305.8,35.9,D,0
-21.9449,119.4766,324.9,3.8,1.8,2014-08-21,0511,Aqua,MODIS,71,6.2,305.8,88.6,D,0
-21.9167,119.6204,320.2,3.7,1.8,2014-08-21,0511,Aqua,MODIS,22,6.2,305.6,50,D,0
-21.9675,119.508,339.1,3.7,1.8,2014-08-21,0511,Aqua,MODIS,87,6.2,304.6,221.2,D,0
-21.9886,119.6313,353.5,3.7,1.8,2014-08-21,0511,Aqua,MODIS,96,6.2,305.9,400.2,D,0
-21.9979,119.628,328.9,3.7,1.8,2014-08-21,0511,Aqua,MODIS,77,6.2,304.1,121.2,D,0
-21.9816,119.6266,344,3.7,1.8,2014-08-21,0511,Aqua,MODIS,91,6.2,305.7,267.7,D,0
-21.9708,119.4713,329.9,3.8,1.8,2014-08-21,0511,Aqua,MODIS,78,6.2,304.6,133.2,D,0
-21.9511,119.5066,342.5,3.7,1.8,2014-08-21,0511,Aqua,MODIS,90,6.2,306,257.3,D,0
-21.9544,119.4698,335.7,3.8,1.8,2014-08-21,0511,Aqua,MODIS,84,6.2,306.6,185.2,D,0
-21.925,119.6137,326.1,3.7,1.8,2014-08-21,0511,Aqua,MODIS,73,6.2,305.5,95.2,D,0
-21.8723,119.4616,324.2,3.8,1.8,2014-08-21,0511,Aqua,MODIS,70,6.2,307.1,85.4,D,0
-21.8693,119.4984,321.9,3.7,1.8,2014-08-21,0511,Aqua,MODIS,65,6.2,307.3,68.4,D,0
-17.9094,138.7007,317.7,3.9,1.8,2014-08-21,0511,Aqua,MODIS,53,6.2,307.4,44.7,D,0
-17.9199,138.6958,318.3,3.9,1.8,2014-08-21,0511,Aqua,MODIS,62,6.2,307,47.6,D,0
-19.148,133.7736,320.1,1.6,1.3,2014-08-21,0511,Aqua,MODIS,59,6.2,308.5,12.6,D,0
-19.1506,133.7584,321.4,1.6,1.2,2014-08-21,0511,Aqua,MODIS,63,6.2,308.5,15.5,D,0
-17.2948,138.9211,347.8,4.2,1.9,2014-08-21,0511,Aqua,MODIS,94,6.2,305.6,391.8,D,0
-17.2779,138.9174,348,4.2,1.9,2014-08-21,0511,Aqua,MODIS,94,6.2,301.7,394.6,D,0
-17.3005,138.9549,317.2,4.2,1.9,2014-08-21,0511,Aqua,MODIS,46,6.2,303.5,51.6,D,0
-17.3082,138.9158,316.7,4.2,1.9,2014-08-21,0511,Aqua,MODIS,35,6.2,304.9,48.5,D,0
-17.2836,138.9512,365.9,4.2,1.9,2014-08-21,0511,Aqua,MODIS,100,6.2,303.3,762.1,D,0
-17.2913,138.9121,348.7,4.2,1.9,2014-08-21,0511,Aqua,MODIS,94,6.2,305.4,407.4,D,0
-18.8135,127.1998,323.3,1.1,1,2014-08-21,0511,Aqua,MODIS,44,6.2,312.7,6.2,D,0
-18.9796,121.9521,332.3,2.2,1.5,2014-08-21,0511,Aqua,MODIS,72,6.2,313.2,55.9,D,0
-19.0062,121.8085,411.6,2.3,1.5,2014-08-21,0511,Aqua,MODIS,100,6.2,323.9,1063,D,0
-19.0084,121.7866,384.3,2.3,1.5,2014-08-21,0511,Aqua,MODIS,100,6.2,315.7,537.6,D,0
-18.9929,121.8069,342.7,2.3,1.5,2014-08-21,0511,Aqua,MODIS,42,6.2,318.9,99.4,D,0
-18.9952,121.7849,338,2.3,1.5,2014-08-21,0511,Aqua,MODIS,41,6.2,314.7,80.9,D,0
-19.0072,121.8239,357.5,2.3,1.5,2014-08-21,0511,Aqua,MODIS,98,6.2,315.6,209.6,D,0
-19.0096,121.802,404.9,2.3,1.5,2014-08-21,0511,Aqua,MODIS,100,6.2,320,906,D,0
-19.0121,121.7801,331.4,2.3,1.5,2014-08-21,0511,Aqua,MODIS,55,6.2,308.2,57.1,D,0
-18.9964,121.8004,377.7,2.3,1.5,2014-08-21,0511,Aqua,MODIS,100,6.2,322.8,432,D,0
-18.9988,121.7785,350.1,2.3,1.5,2014-08-21,0511,Aqua,MODIS,94,6.2,314.6,161,D,0
-17.237,139.1154,322.6,4.3,1.9,2014-08-21,0511,Aqua,MODIS,71,6.2,303.9,93.5,D,0
-17.2348,139.1066,324,4.3,1.9,2014-08-21,0511,Aqua,MODIS,74,6.2,304,116.7,D,0
-15.1617,134.9714,335.4,2.4,1.5,2014-08-21,0512,Aqua,MODIS,39,6.2,306.6,81.9,D,0
-15.1959,134.9833,332.6,2.4,1.5,2014-08-21,0512,Aqua,MODIS,77,6.2,310.6,63.6,D,0
-13.3428,135.3723,324.1,2.8,1.6,2014-08-21,0512,Aqua,MODIS,42,6.2,301,54.6,D,0
-15.1579,134.9931,347.6,2.4,1.5,2014-08-21,0512,Aqua,MODIS,83,6.2,303.3,159.4,D,0
-15.1519,135.1059,342.8,2.4,1.5,2014-08-21,0512,Aqua,MODIS,90,6.2,306.2,144.1,D,0
-15.1786,135.0025,341.3,2.4,1.5,2014-08-21,0512,Aqua,MODIS,87,6.2,304.3,106.6,D,0
-15.1314,134.9879,364.1,2.4,1.5,2014-08-21,0512,Aqua,MODIS,100,6.2,304.3,318.6,D,0
-15.1352,134.9663,355.5,2.4,1.5,2014-08-21,0512,Aqua,MODIS,97,6.2,306.4,232.9,D,0
-16.3682,136.0523,321.6,2.7,1.6,2014-08-21,0512,Aqua,MODIS,39,6.2,306.9,39.5,D,0
-16.3592,136.0688,319.8,2.7,1.6,2014-08-21,0512,Aqua,MODIS,44,6.2,309,31.5,D,0
-15.1883,134.9764,340.7,2.4,1.5,2014-08-21,0512,Aqua,MODIS,76,6.2,311.3,104.7,D,0
-15.1845,134.9982,353.5,2.4,1.5,2014-08-21,0512,Aqua,MODIS,96,6.2,307.3,193.7,D,0
-15.1826,134.9807,349,2.4,1.5,2014-08-21,0512,Aqua,MODIS,94,6.2,309.9,157.4,D,0
-14.5285,132.1792,341.1,1.5,1.2,2014-08-21,0512,Aqua,MODIS,88,6.2,312.3,56.5,D,0
-15.1259,134.9573,318.5,2.4,1.5,2014-08-21,0512,Aqua,MODIS,48,6.2,303.2,30.9,D,0
-14.548,132.1968,332.6,1.5,1.2,2014-08-21,0512,Aqua,MODIS,79,6.2,314.2,33.4,D,0
-14.5503,132.1829,324.6,1.5,1.2,2014-08-21,0512,Aqua,MODIS,66,6.2,314.4,14.7,D,0
-14.5372,132.195,350.2,1.5,1.2,2014-08-21,0512,Aqua,MODIS,94,6.2,312.8,88.3,D,0
-14.5394,132.1811,337.7,1.5,1.2,2014-08-21,0512,Aqua,MODIS,85,6.2,313.4,45.2,D,0
-14.5263,132.1931,350.7,1.5,1.2,2014-08-21,0512,Aqua,MODIS,94,6.2,310.1,91.3,D,0
-15.148,135.1282,344.9,2.4,1.5,2014-08-21,0512,Aqua,MODIS,91,6.2,301.2,162.8,D,0
-15.1653,135.1082,347.2,2.4,1.5,2014-08-21,0512,Aqua,MODIS,93,6.2,310.3,166.5,D,0
-15.168,135.1373,355,2.4,1.5,2014-08-21,0512,Aqua,MODIS,97,6.2,309.2,227.2,D,0
-15.1545,135.1349,381.7,2.4,1.5,2014-08-21,0512,Aqua,MODIS,100,6.2,307.7,547.6,D,0
-15.1586,135.1125,373.2,2.4,1.5,2014-08-21,0512,Aqua,MODIS,100,6.2,310.7,416.6,D,0
-15.172,135.1149,339.7,2.4,1.5,2014-08-21,0512,Aqua,MODIS,88,6.2,310.5,108.1,D,0
-15.1787,135.111,325.4,2.4,1.5,2014-08-21,0512,Aqua,MODIS,35,6.2,310,40,D,0
-15.1656,134.9496,353.2,2.3,1.5,2014-08-21,0512,Aqua,MODIS,96,6.2,310,195.7,D,0
-18.0007,125.2918,325.7,1.3,1.1,2014-08-21,0512,Aqua,MODIS,52,6.2,315.5,9.3,D,0
-15.266,134.974,324.6,2.3,1.5,2014-08-21,0512,Aqua,MODIS,71,6.2,308.4,40.5,D,0
-15.1748,135.1333,345.9,2.4,1.5,2014-08-21,0512,Aqua,MODIS,92,6.2,309,158.2,D,0
-15.1614,135.1307,377.6,2.4,1.5,2014-08-21,0512,Aqua,MODIS,100,6.2,312.1,490,D,0
-15.1702,126.1289,325.6,1.1,1,2014-08-21,0512,Aqua,MODIS,46,6.2,310.5,7.1,D,0
-17.3732,123.8104,361.1,1.6,1.2,2014-08-21,0512,Aqua,MODIS,100,6.2,316,145.1,D,0
-15.4288,128.8567,327.4,1,1,2014-08-21,0512,Aqua,MODIS,58,6.2,314.7,10.9,D,0
-16.5844,128.0517,323.5,1,1,2014-08-21,0512,Aqua,MODIS,49,6.2,309.8,7,D,0
-15.1435,126.1147,325.8,1.1,1,2014-08-21,0512,Aqua,MODIS,37,6.2,312.4,8.4,D,0
-17.4072,123.909,335.7,1.5,1.2,2014-08-21,0512,Aqua,MODIS,67,6.2,309.9,41.6,D,0
-17.431,123.8975,363.5,1.5,1.2,2014-08-21,0512,Aqua,MODIS,100,6.2,312.5,158.7,D,0
-17.3786,123.7662,340.2,1.6,1.2,2014-08-21,0512,Aqua,MODIS,86,6.2,309.1,56.7,D,0
-17.3843,123.8119,326.2,1.6,1.2,2014-08-21,0512,Aqua,MODIS,33,6.2,308.4,19.9,D,0
-16.5717,128.0718,324.8,1,1,2014-08-21,0512,Aqua,MODIS,59,6.2,310.9,9.1,D,0
-17.4292,123.9119,369.4,1.5,1.2,2014-08-21,0512,Aqua,MODIS,100,6.2,315.5,187.7,D,0
-17.4147,123.9394,340.1,1.5,1.2,2014-08-21,0512,Aqua,MODIS,86,6.2,313,47.2,D,0
-15.2239,126.061,325.4,1.1,1,2014-08-21,0512,Aqua,MODIS,24,6.2,308.5,7.7,D,0
-15.2011,126.0886,327,1.1,1,2014-08-21,0512,Aqua,MODIS,43,6.2,311.5,8.3,D,0
-15.1905,126.0496,332.6,1.1,1,2014-08-21,0512,Aqua,MODIS,78,6.2,309.7,18.5,D,0
-17.4165,123.9249,334.4,1.5,1.2,2014-08-21,0512,Aqua,MODIS,62,6.2,311.9,32.7,D,0
-15.1825,126.0382,334.4,1.1,1,2014-08-21,0512,Aqua,MODIS,81,6.2,309.3,22.4,D,0
-17.4182,123.9105,346,1.5,1.2,2014-08-21,0512,Aqua,MODIS,89,6.2,314.7,73.7,D,0
-16.5934,128.0531,332.1,1,1,2014-08-21,0512,Aqua,MODIS,77,6.2,311.5,17.4,D,0
-17.4257,123.9408,330.4,1.5,1.2,2014-08-21,0512,Aqua,MODIS,64,6.2,313.3,22,D,0
-15.2319,126.0725,364.3,1.1,1,2014-08-21,0512,Aqua,MODIS,100,6.2,313.1,92.2,D,0
-15.2333,126.0623,348.6,1.1,1,2014-08-21,0512,Aqua,MODIS,93,6.2,307.4,48.8,D,0
-16.5921,128.0624,325.4,1,1,2014-08-21,0512,Aqua,MODIS,47,6.2,313.6,8.5,D,0
-15.2267,126.0406,332.8,1.1,1,2014-08-21,0512,Aqua,MODIS,67,6.2,307.7,22,D,0
-15.228,126.0305,324.7,1.1,1,2014-08-21,0512,Aqua,MODIS,26,6.2,305.2,12.3,D,0
-15.2173,126.0393,346.2,1.1,1,2014-08-21,0512,Aqua,MODIS,89,6.2,309.1,46.3,D,0
-17.4199,123.896,330.1,1.5,1.2,2014-08-21,0512,Aqua,MODIS,64,6.2,310.1,31.2,D,0
-16.9788,128.2523,340.2,1,1,2014-08-21,0512,Aqua,MODIS,86,6.2,316,27.6,D,0
-16.9698,128.2508,324.4,1,1,2014-08-21,0512,Aqua,MODIS,38,6.2,313.1,6,D,0
-15.5461,129.1208,338.4,1,1,2014-08-21,0512,Aqua,MODIS,82,6.2,318,23.5,D,0
-17.375,123.7958,330.3,1.6,1.2,2014-08-21,0512,Aqua,MODIS,50,6.2,312.3,29.7,D,0
-15.2186,126.0292,353.8,1.1,1,2014-08-21,0512,Aqua,MODIS,96,6.2,306.5,67,D,0
-15.2079,126.038,351.2,1.1,1,2014-08-21,0512,Aqua,MODIS,95,6.2,311.2,57.2,D,0
-15.2092,126.0278,334.7,1.1,1,2014-08-21,0512,Aqua,MODIS,61,6.2,305.4,26.2,D,0
-15.2013,126.0409,345.1,1.1,1,2014-08-21,0512,Aqua,MODIS,90,6.2,311.2,43,D,0
-15.2027,126.0307,354.5,1.1,1,2014-08-21,0512,Aqua,MODIS,97,6.2,310.7,66.7,D,0
-15.3591,133.1399,327.1,1.7,1.3,2014-08-21,0512,Aqua,MODIS,71,6.2,310.3,28.9,D,0
-14.1255,132.1843,328.9,1.5,1.2,2014-08-21,0512,Aqua,MODIS,49,6.2,310.4,22.4,D,0
-13.5059,134.2793,318.9,2.3,1.5,2014-08-21,0512,Aqua,MODIS,45,6.2,306.4,16.7,D,0
-13.9012,134.7351,324.1,2.4,1.5,2014-08-21,0512,Aqua,MODIS,58,6.2,309.5,29.7,D,0
-13.8028,134.6377,337,2.4,1.5,2014-08-21,0512,Aqua,MODIS,85,6.2,309.8,86.3,D,0
-15.5901,131.3688,321.9,1.3,1.1,2014-08-21,0512,Aqua,MODIS,44,6.2,310.8,7.2,D,0
-13.797,134.6419,344.7,2.4,1.5,2014-08-21,0512,Aqua,MODIS,91,6.2,310.2,135.4,D,0
-13.9553,132.099,326.5,1.5,1.2,2014-08-21,0512,Aqua,MODIS,45,6.2,311.1,15.4,D,0
-13.9146,134.7372,322.6,2.4,1.5,2014-08-21,0512,Aqua,MODIS,28,6.2,309.8,24.7,D,0
-15.9445,135.9046,328.2,2.7,1.6,2014-08-21,0512,Aqua,MODIS,73,6.2,308.9,65.4,D,0
-13.6986,134.5297,322.7,2.3,1.5,2014-08-21,0512,Aqua,MODIS,20,6.2,308.6,23.9,D,0
-13.7895,134.6351,329.7,2.4,1.5,2014-08-21,0512,Aqua,MODIS,68,6.2,309.1,53.7,D,0
-13.8027,134.6876,323.4,2.4,1.5,2014-08-21,0512,Aqua,MODIS,34,6.2,309.5,28.3,D,0
-13.702,134.523,327.1,2.3,1.5,2014-08-21,0512,Aqua,MODIS,73,6.2,308.6,44,D,0
-14.3158,132.9096,323.5,1.7,1.3,2014-08-21,0512,Aqua,MODIS,66,6.2,311.5,18.8,D,0
-13.8008,134.6204,328.2,2.4,1.5,2014-08-21,0512,Aqua,MODIS,73,6.2,309.4,48.4,D,0
-14.1063,132.1455,324.6,1.5,1.2,2014-08-21,0512,Aqua,MODIS,62,6.2,313.1,13.7,D,0
-14.1041,132.1595,326,1.5,1.2,2014-08-21,0512,Aqua,MODIS,69,6.2,312,17.2,D,0
-13.7382,132.2977,327.7,1.6,1.2,2014-08-21,0512,Aqua,MODIS,32,6.2,311.9,21.1,D,0
-15.353,133.1064,322.9,1.7,1.3,2014-08-21,0512,Aqua,MODIS,35,6.2,310.3,18.4,D,0
-15.3618,133.1241,322.3,1.7,1.3,2014-08-21,0512,Aqua,MODIS,34,6.2,308.8,16.3,D,0
-13.7056,134.5017,321.7,2.3,1.5,2014-08-21,0512,Aqua,MODIS,46,6.2,307.7,22.1,D,0
-14.8251,134.4859,338.3,2.2,1.4,2014-08-21,0512,Aqua,MODIS,86,6.2,311.3,91.9,D,0
-16.1962,136.8724,317.1,3.1,1.7,2014-08-21,0512,Aqua,MODIS,54,6.2,305.7,35.9,D,0
-15.7625,135.8355,355.1,2.7,1.6,2014-08-21,0512,Aqua,MODIS,97,6.2,307.2,252.2,D,0
-13.7023,134.5084,327.1,2.3,1.5,2014-08-21,0512,Aqua,MODIS,67,6.2,307.2,38.5,D,0
-15.1504,135.1573,335.1,2.4,1.5,2014-08-21,0512,Aqua,MODIS,83,6.2,298.4,102.2,D,0
-15.7455,135.8272,338.7,2.7,1.6,2014-08-21,0512,Aqua,MODIS,60,6.2,305.3,124.8,D,0
-14.373,134.9542,335.1,2.4,1.5,2014-08-21,0512,Aqua,MODIS,84,6.2,308.4,83.1,D,0
-15.1222,134.9792,340.4,2.4,1.5,2014-08-21,0512,Aqua,MODIS,88,6.2,302.9,132.3,D,0
-14.859,134.5208,329.6,2.2,1.4,2014-08-21,0512,Aqua,MODIS,69,6.2,311,47.7,D,0
-15.7595,135.8299,341,2.7,1.6,2014-08-21,0512,Aqua,MODIS,50,6.2,306.6,130.8,D,0
-14.3649,134.945,340.8,2.4,1.5,2014-08-21,0512,Aqua,MODIS,89,6.2,307.3,121.5,D,0
-14.3611,134.9674,321.8,2.4,1.5,2014-08-21,0512,Aqua,MODIS,27,6.2,306.9,29.4,D,0
-14.3771,134.9317,325.9,2.4,1.5,2014-08-21,0512,Aqua,MODIS,56,6.2,307.2,36.3,D,0
-14.8239,134.4933,339.9,2.2,1.4,2014-08-21,0512,Aqua,MODIS,88,6.2,309.6,98.9,D,0
-15.9155,135.7461,320,2.6,1.6,2014-08-21,0512,Aqua,MODIS,44,6.2,307.3,29.9,D,0
-15.8975,135.8444,332.7,2.7,1.6,2014-08-21,0512,Aqua,MODIS,82,6.2,310.3,84.1,D,0
-15.893,135.8691,333.4,2.7,1.6,2014-08-21,0512,Aqua,MODIS,83,6.2,308.7,89.5,D,0
-15.911,135.7709,323.4,2.6,1.6,2014-08-21,0512,Aqua,MODIS,59,6.2,310.4,42.1,D,0
-16.2099,136.8828,315.7,3.1,1.7,2014-08-21,0512,Aqua,MODIS,20,6.2,304.7,28.9,D,0
-13.3028,135.3329,320.4,2.7,1.6,2014-08-21,0512,Aqua,MODIS,63,6.2,299.9,47.9,D,0
-14.3596,134.9517,330.7,2.4,1.5,2014-08-21,0512,Aqua,MODIS,72,6.2,306.5,62.8,D,0
-13.3049,135.3385,324.5,2.7,1.6,2014-08-21,0512,Aqua,MODIS,71,6.2,300.1,65.1,D,0
-15.9056,135.7619,323,2.6,1.6,2014-08-21,0512,Aqua,MODIS,28,6.2,309.7,34.4,D,0
-16.1319,136.6483,318.2,3,1.7,2014-08-21,0512,Aqua,MODIS,60,6.2,305.9,38.8,D,0
-15.3301,135.0613,321,2.4,1.5,2014-08-21,0512,Aqua,MODIS,56,6.2,307.3,27.8,D,0
-16.1908,136.9014,316.7,3.1,1.7,2014-08-21,0512,Aqua,MODIS,50,6.2,306.6,34.4,D,0
-14.467,134.8613,323.2,2.4,1.5,2014-08-21,0512,Aqua,MODIS,50,6.2,308.2,32.8,D,0
-15.827,135.7207,322.5,2.6,1.6,2014-08-21,0512,Aqua,MODIS,62,6.2,306.8,39.2,D,0
-15.7735,135.8325,344.3,2.7,1.6,2014-08-21,0512,Aqua,MODIS,74,6.2,308,154.4,D,0
-15.778,136.4094,324.9,2.9,1.6,2014-08-21,0512,Aqua,MODIS,47,6.2,309.1,55.1,D,0
-15.879,135.8663,322.9,2.7,1.6,2014-08-21,0512,Aqua,MODIS,63,6.2,306.7,36.9,D,0
-15.7765,135.8379,336.3,2.7,1.6,2014-08-21,0512,Aqua,MODIS,44,6.2,307.1,98.9,D,0
-14.4597,134.8551,324.4,2.4,1.5,2014-08-21,0512,Aqua,MODIS,69,6.2,308.8,41.4,D,0
-15.8883,135.8604,328.8,2.7,1.6,2014-08-21,0512,Aqua,MODIS,78,6.2,308.6,63,D,0
-15.2451,135.0149,352.8,2.4,1.5,2014-08-21,0512,Aqua,MODIS,96,6.2,309.9,196.2,D,0
-16.2476,135.7883,320.7,2.6,1.5,2014-08-21,0512,Aqua,MODIS,63,6.2,308.4,31.8,D,0
-13.2193,135.4739,323.7,2.8,1.6,2014-08-21,0512,Aqua,MODIS,67,6.2,302.3,61.4,D,0
-15.1575,135.1532,359.3,2.4,1.5,2014-08-21,0512,Aqua,MODIS,99,6.2,302,280.3,D,0
-17.6246,122.7131,328,1.9,1.3,2014-08-21,0512,Aqua,MODIS,63,6.2,310.3,34.2,D,0
-17.6266,122.6955,326.4,1.9,1.3,2014-08-21,0512,Aqua,MODIS,55,6.2,308.5,30.8,D,0
-17.642,122.7265,338.2,1.9,1.3,2014-08-21,0512,Aqua,MODIS,85,6.2,310.4,68.8,D,0
-17.6441,122.7088,336.5,1.9,1.3,2014-08-21,0512,Aqua,MODIS,81,6.2,308.7,63.6,D,0
-17.6299,122.725,332.2,1.9,1.3,2014-08-21,0512,Aqua,MODIS,78,6.2,313.1,46.3,D,0
-17.632,122.7074,388,1.9,1.3,2014-08-21,0512,Aqua,MODIS,100,6.2,317.6,444.9,D,0
-17.6341,122.6897,354.2,1.9,1.3,2014-08-21,0512,Aqua,MODIS,96,6.2,310.5,150,D,0
-17.6098,122.6868,332.6,1.9,1.3,2014-08-21,0512,Aqua,MODIS,68,6.2,310.1,45.3,D,0
-17.6367,122.7146,377.7,1.9,1.3,2014-08-21,0512,Aqua,MODIS,100,6.2,316.3,331.5,D,0
-17.6348,122.7323,334.5,1.9,1.3,2014-08-21,0512,Aqua,MODIS,62,6.2,312.1,53,D,0
-15.9727,128.9123,329.9,1,1,2014-08-21,0512,Aqua,MODIS,25,6.2,311.3,12.7,D,0
-15.9547,128.9092,327.8,1,1,2014-08-21,0512,Aqua,MODIS,28,6.2,310,10.6,D,0
-17.5811,122.9309,345.3,1.8,1.3,2014-08-21,0512,Aqua,MODIS,91,6.2,306.7,103.1,D,0
-14.2482,129.7257,331.1,1.1,1,2014-08-21,0512,Aqua,MODIS,68,6.2,311.4,18.4,D,0
-14.2513,129.7054,328,1.1,1,2014-08-21,0512,Aqua,MODIS,67,6.2,311.4,13.3,D,0
-14.2529,129.6952,323.5,1.1,1,2014-08-21,0512,Aqua,MODIS,40,6.2,311.8,7.4,D,0
-14.2388,129.7242,335.5,1.1,1,2014-08-21,0512,Aqua,MODIS,54,6.2,310,24.6,D,0
-14.2496,129.6534,332,1.1,1,2014-08-21,0512,Aqua,MODIS,77,6.2,312.7,19.1,D,0
-14.2512,129.6433,333.8,1.1,1,2014-08-21,0512,Aqua,MODIS,79,6.2,311.9,21.4,D,0
-15.1933,126.0293,374.7,1.1,1,2014-08-21,0512,Aqua,MODIS,100,6.2,313.4,136.1,D,0
-15.1919,126.0395,353.8,1.1,1,2014-08-21,0512,Aqua,MODIS,96,6.2,313.3,63.5,D,0
-16.2547,128.2994,359.5,1,1,2014-08-21,0512,Aqua,MODIS,99,6.2,312.5,71,D,0
-16.2457,128.298,338,1,1,2014-08-21,0512,Aqua,MODIS,84,6.2,312.2,26.1,D,0
-15.9993,128.9127,331.5,1,1,2014-08-21,0512,Aqua,MODIS,62,6.2,317.4,13.4,D,0
-14.4033,129.6952,324.2,1.1,1,2014-08-21,0512,Aqua,MODIS,39,6.2,310.2,5.9,D,0
-14.4048,129.6852,328.3,1.1,1,2014-08-21,0512,Aqua,MODIS,61,6.2,311.7,11.8,D,0
-17.829,122.6226,340.2,1.9,1.4,2014-08-21,0512,Aqua,MODIS,87,6.2,310.5,86.2,D,0
-17.831,122.6044,326.8,1.9,1.4,2014-08-21,0512,Aqua,MODIS,55,6.2,308.5,31.7,D,0
-17.8373,122.6168,331.6,1.9,1.4,2014-08-21,0512,Aqua,MODIS,77,6.2,309.3,50.1,D,0
-17.8251,122.6153,325.7,1.9,1.4,2014-08-21,0512,Aqua,MODIS,67,6.2,308.8,33.5,D,0
-17.6567,123.0669,354.9,1.8,1.3,2014-08-21,0512,Aqua,MODIS,97,6.2,311.8,138.4,D,0
-17.6065,123.0199,336.7,1.8,1.3,2014-08-21,0512,Aqua,MODIS,70,6.2,312.9,48.5,D,0
-17.6045,123.0367,339.1,1.8,1.3,2014-08-21,0512,Aqua,MODIS,85,6.2,313.2,58.3,D,0
-17.6015,123.026,335.2,1.8,1.3,2014-08-21,0512,Aqua,MODIS,44,6.2,311.6,43.5,D,0
-17.6153,123.0106,349.2,1.8,1.3,2014-08-21,0512,Aqua,MODIS,82,6.2,310.3,98.3,D,0
-17.6134,123.0275,355,1.8,1.3,2014-08-21,0512,Aqua,MODIS,97,6.2,313.2,128.3,D,0
-17.5652,122.9632,336.8,1.8,1.3,2014-08-21,0512,Aqua,MODIS,66,6.2,311.8,57.7,D,0
-14.4093,129.6549,328.3,1.1,1,2014-08-21,0512,Aqua,MODIS,46,6.2,310.2,12.2,D,0
-14.3999,129.6534,347.4,1.1,1,2014-08-21,0512,Aqua,MODIS,92,6.2,311.1,46.9,D,0
-14.361,129.6574,323.2,1.1,1,2014-08-21,0512,Aqua,MODIS,31,6.2,310.5,7.6,D,0
-17.6114,123.0443,344,1.8,1.3,2014-08-21,0512,Aqua,MODIS,81,6.2,314.1,75.7,D,0
-17.6311,122.9781,368,1.8,1.3,2014-08-21,0512,Aqua,MODIS,100,6.2,310.4,231.9,D,0
-17.6271,123.0121,343.6,1.8,1.3,2014-08-21,0512,Aqua,MODIS,80,6.2,305.9,72.9,D,0
-17.6409,122.9966,379.5,1.8,1.3,2014-08-21,0512,Aqua,MODIS,100,6.2,308.8,330.6,D,0
-17.639,123.0136,441.2,1.8,1.3,2014-08-21,0512,Aqua,MODIS,100,6.2,327.9,1386.1,D,0
-17.637,123.0304,361.6,1.8,1.3,2014-08-21,0512,Aqua,MODIS,100,6.2,310.6,175,D,0
-17.635,123.0472,348.3,1.8,1.3,2014-08-21,0512,Aqua,MODIS,93,6.2,311.5,98.7,D,0
-17.6528,122.998,338.4,1.8,1.3,2014-08-21,0512,Aqua,MODIS,85,6.2,303.4,74.1,D,0
-14.2213,129.4892,323.3,1.1,1,2014-08-21,0512,Aqua,MODIS,35,6.2,312.2,9.6,D,0
-14.2198,129.4992,324.7,1.1,1,2014-08-21,0512,Aqua,MODIS,29,6.2,312.4,12.1,D,0
-17.6508,123.0151,405.3,1.8,1.3,2014-08-21,0512,Aqua,MODIS,100,6.2,313.8,645.6,D,0
-17.6488,123.0319,349.6,1.8,1.3,2014-08-21,0512,Aqua,MODIS,94,6.2,307.1,112.2,D,0
-16.4701,123.9071,317.8,1.5,1.2,2014-08-21,0512,Aqua,MODIS,25,6.2,306.7,10.8,D,0
-17.6547,123.0835,375.3,1.8,1.3,2014-08-21,0512,Aqua,MODIS,100,6.2,313.3,278.1,D,0
-17.8257,122.5038,336.8,2,1.4,2014-08-21,0512,Aqua,MODIS,51,6.2,311.2,64.8,D,0
-17.8402,122.487,327.3,2,1.4,2014-08-21,0512,Aqua,MODIS,48,6.2,308.8,33.1,D,0
-17.8381,122.5054,338.6,2,1.4,2014-08-21,0512,Aqua,MODIS,85,6.2,311.1,74.6,D,0
-17.8504,122.5069,351,2,1.4,2014-08-21,0512,Aqua,MODIS,95,6.2,310.4,133.3,D,0
-17.8308,122.4926,335.6,2,1.4,2014-08-21,0512,Aqua,MODIS,82,6.2,309.5,64.8,D,0
-17.8288,122.511,344.3,2,1.4,2014-08-21,0512,Aqua,MODIS,90,6.2,313,100.1,D,0
-17.8432,122.4942,330.6,2,1.4,2014-08-21,0512,Aqua,MODIS,76,6.2,309.6,47.5,D,0
-17.8556,122.4957,332.3,2,1.4,2014-08-21,0512,Aqua,MODIS,78,6.2,307.3,55.7,D,0
-17.5791,122.9479,387.2,1.8,1.3,2014-08-21,0512,Aqua,MODIS,100,6.2,313.9,412.8,D,0
-17.633,122.9611,344.2,1.8,1.3,2014-08-21,0512,Aqua,MODIS,86,6.2,305,95.7,D,0
-14.3636,129.5142,324.9,1.1,1,2014-08-21,0512,Aqua,MODIS,61,6.2,313.5,8.6,D,0
-14.3651,129.5042,343.1,1.1,1,2014-08-21,0512,Aqua,MODIS,89,6.2,313.9,37.9,D,0
-14.3558,129.5028,337.2,1.1,1,2014-08-21,0512,Aqua,MODIS,83,6.2,312.7,26.8,D,0
-14.2467,129.7359,328.2,1.1,1,2014-08-21,0512,Aqua,MODIS,51,6.2,309.2,14.1,D,0
-17.5253,122.6351,325,1.9,1.3,2014-08-21,0512,Aqua,MODIS,53,6.2,310.9,23.3,D,0
-17.5375,122.6366,335.8,1.9,1.3,2014-08-21,0512,Aqua,MODIS,82,6.2,310,60,D,0
-14.3573,129.4929,331.8,1.1,1,2014-08-21,0512,Aqua,MODIS,73,6.2,310.2,19.1,D,0
-16.5641,123.8817,333.4,1.5,1.2,2014-08-21,0512,Aqua,MODIS,82,6.2,309,38.6,D,0
-16.6027,123.8647,331.7,1.5,1.2,2014-08-21,0512,Aqua,MODIS,75,6.2,309.7,34.5,D,0
-16.601,123.8787,346.8,1.5,1.2,2014-08-21,0512,Aqua,MODIS,92,6.2,310.3,78.6,D,0
-17.8214,122.5407,329.6,2,1.4,2014-08-21,0512,Aqua,MODIS,32,6.2,312.4,40.2,D,0
-14.2631,129.5017,325.5,1.1,1,2014-08-21,0512,Aqua,MODIS,57,6.2,310.3,9.5,D,0
-15.938,128.8969,337.5,1,1,2014-08-21,0512,Aqua,MODIS,81,6.2,311.2,24.1,D,0
-17.8193,122.559,328.3,1.9,1.4,2014-08-21,0512,Aqua,MODIS,42,6.2,311.6,37.3,D,0
-17.8337,122.5422,350.6,2,1.4,2014-08-21,0512,Aqua,MODIS,94,6.2,314.2,131.8,D,0
-17.846,122.5437,335.6,2,1.4,2014-08-21,0512,Aqua,MODIS,34,6.2,309,54.7,D,0
-17.8412,122.5126,343.4,2,1.4,2014-08-21,0512,Aqua,MODIS,89,6.2,311.7,94.1,D,0
-17.8391,122.5311,347.9,2,1.4,2014-08-21,0512,Aqua,MODIS,86,6.2,312.8,110.7,D,0
-17.8371,122.5495,352.5,2,1.4,2014-08-21,0512,Aqua,MODIS,95,6.2,313.4,138.6,D,0
-17.8535,122.5141,346.7,2,1.4,2014-08-21,0512,Aqua,MODIS,92,6.2,307.5,116.3,D,0
-14.3302,129.5635,345.6,1.1,1,2014-08-21,0512,Aqua,MODIS,91,6.2,311.8,44.3,D,0
-14.3317,129.5535,330.2,1.1,1,2014-08-21,0512,Aqua,MODIS,74,6.2,312.6,17.2,D,0
-16.4654,128.4934,322.1,1,1,2014-08-21,0512,Aqua,MODIS,43,6.2,311.1,7.5,D,0
-17.5337,123.0274,328.1,1.8,1.3,2014-08-21,0512,Aqua,MODIS,69,6.2,312.3,25.3,D,0
-17.5632,122.9802,345.1,1.8,1.3,2014-08-21,0512,Aqua,MODIS,90,6.2,310.8,85.7,D,0
-17.5771,122.9647,380.7,1.8,1.3,2014-08-21,0512,Aqua,MODIS,100,6.2,310.9,338.2,D,0
-17.5318,123.0442,326,1.8,1.3,2014-08-21,0512,Aqua,MODIS,65,6.2,312.4,18,D,0
-16.2492,123.6568,324.4,1.5,1.2,2014-08-21,0512,Aqua,MODIS,38,6.2,303.1,21.6,D,0
-16.2523,123.6493,350.5,1.5,1.2,2014-08-21,0512,Aqua,MODIS,95,6.2,305.5,99.8,D,0
-16.2651,123.6362,342.1,1.5,1.2,2014-08-21,0512,Aqua,MODIS,89,6.2,303.2,69.1,D,0
-16.2634,123.6507,347,1.5,1.2,2014-08-21,0512,Aqua,MODIS,92,6.2,302.2,86,D,0
-16.4532,128.5775,325.7,1,1,2014-08-21,0512,Aqua,MODIS,0,6.2,313.9,8,D,0
-16.5624,123.8958,328.2,1.5,1.2,2014-08-21,0512,Aqua,MODIS,75,6.2,307.5,26.6,D,0
-16.5884,123.8913,327.9,1.5,1.2,2014-08-21,0512,Aqua,MODIS,72,6.2,309.6,24.4,D,0
-16.5867,123.9053,323.5,1.5,1.2,2014-08-21,0512,Aqua,MODIS,43,6.2,308.2,15.5,D,0
-16.5993,123.8927,326.1,1.5,1.2,2014-08-21,0512,Aqua,MODIS,52,6.2,307.5,21.2,D,0
-14.4394,129.4917,330,1.1,1,2014-08-21,0512,Aqua,MODIS,29,6.2,311.2,18,D,0
-14.4379,129.5016,335.1,1.1,1,2014-08-21,0512,Aqua,MODIS,69,6.2,314.3,25.1,D,0
-17.3108,123.0708,331.5,1.8,1.3,2014-08-21,0512,Aqua,MODIS,77,6.2,311.9,31,D,0
-17.3127,123.0543,338.1,1.8,1.3,2014-08-21,0512,Aqua,MODIS,84,6.2,313.1,53,D,0
-17.3042,123.0647,343.1,1.8,1.3,2014-08-21,0512,Aqua,MODIS,89,6.2,311.9,74.1,D,0
-17.3062,123.0482,329.5,1.8,1.3,2014-08-21,0512,Aqua,MODIS,74,6.2,312.8,27.2,D,0
-17.6387,122.6969,379.9,1.9,1.3,2014-08-21,0512,Aqua,MODIS,100,6.2,313.1,357.1,D,0
-14.1285,129.7215,354.5,1.1,1,2014-08-21,0513,Aqua,MODIS,96,6.2,309.8,68.1,D,0
-14.1395,129.7128,332.4,1.1,1,2014-08-21,0513,Aqua,MODIS,76,6.2,310.5,19.2,D,0
-14.1379,129.723,330.6,1.1,1,2014-08-21,0513,Aqua,MODIS,61,6.2,308,18.3,D,0
-14.1301,129.7113,349.3,1.1,1,2014-08-21,0513,Aqua,MODIS,93,6.2,313.5,53.4,D,0
-14.1348,129.6808,328.6,1.1,1,2014-08-21,0513,Aqua,MODIS,71,6.2,311.5,15.1,D,0
-14.141,129.7026,336.8,1.1,1,2014-08-21,0513,Aqua,MODIS,83,6.2,311.9,25.2,D,0
-14.1236,129.7141,341.3,1.1,1,2014-08-21,0513,Aqua,MODIS,87,6.2,309.7,37.5,D,0
-13.9297,130.0699,425.6,1.2,1.1,2014-08-21,0513,Aqua,MODIS,100,6.2,322,532.6,D,0
-13.9314,130.0593,347.3,1.2,1.1,2014-08-21,0513,Aqua,MODIS,92,6.2,308.1,56.3,D,0
-11.7589,130.4739,320.4,1.3,1.1,2014-08-21,0513,Aqua,MODIS,46,6.2,306.8,10,D,0
-14.1426,129.6925,334.8,1.1,1,2014-08-21,0513,Aqua,MODIS,78,6.2,311.2,22.8,D,0
-12.0847,134.7722,324.9,2.6,1.6,2014-08-21,0513,Aqua,MODIS,0,6.2,305.4,57.1,D,0
-12.7811,132.5856,330,1.7,1.3,2014-08-21,0513,Aqua,MODIS,41,6.2,311.1,35,D,0
-12.1336,132.9728,345.9,1.9,1.3,2014-08-21,0513,Aqua,MODIS,88,6.2,308.5,94.4,D,0
-12.1307,132.9902,332.9,1.9,1.3,2014-08-21,0513,Aqua,MODIS,30,6.2,310.6,38,D,0
-12.1384,132.9806,341.1,1.9,1.3,2014-08-21,0513,Aqua,MODIS,88,6.2,310.1,72.7,D,0
-12.7785,132.6013,328,1.7,1.3,2014-08-21,0513,Aqua,MODIS,38,6.2,309.1,30.4,D,0
-12.1195,133.06,331.8,1.9,1.4,2014-08-21,0513,Aqua,MODIS,71,6.2,309.7,40.4,D,0
-12.1237,133.0676,338.4,1.9,1.4,2014-08-21,0513,Aqua,MODIS,86,6.2,311.3,66.5,D,0
-12.7927,132.5876,340.6,1.7,1.3,2014-08-21,0513,Aqua,MODIS,72,6.2,312.4,65.7,D,0
-12.7901,132.6033,337.5,1.7,1.3,2014-08-21,0513,Aqua,MODIS,62,6.2,312.3,54,D,0
-12.3588,135.2283,316.7,2.8,1.6,2014-08-21,0513,Aqua,MODIS,32,6.2,302.6,30.7,D,0
-13.4843,132.2952,351.7,1.6,1.2,2014-08-21,0513,Aqua,MODIS,95,6.2,314.2,101.2,D,0
-13.482,132.3094,372.3,1.6,1.2,2014-08-21,0513,Aqua,MODIS,100,6.2,311,221.6,D,0
-13.4954,132.2974,332.5,1.6,1.2,2014-08-21,0513,Aqua,MODIS,67,6.2,313.5,33.9,D,0
-13.4931,132.3115,349.3,1.6,1.2,2014-08-21,0513,Aqua,MODIS,94,6.2,310.9,94.7,D,0
-13.1911,132.3332,326.6,1.6,1.3,2014-08-21,0513,Aqua,MODIS,66,6.2,308.9,19.7,D,0
-12.4262,135.193,320.7,2.8,1.6,2014-08-21,0513,Aqua,MODIS,64,6.2,301.3,36.7,D,0
-13.2023,132.3355,323,1.6,1.3,2014-08-21,0513,Aqua,MODIS,37,6.2,308.4,12.3,D,0
-12.0927,134.7546,331.5,2.6,1.6,2014-08-21,0513,Aqua,MODIS,60,6.2,304.7,81.7,D,0
-13.5737,132.3169,323.3,1.6,1.2,2014-08-21,0513,Aqua,MODIS,62,6.2,312.1,17.9,D,0
-13.5955,132.1138,327.1,1.6,1.2,2014-08-21,0513,Aqua,MODIS,71,6.2,312.2,18.9,D,0
-13.5932,132.128,332.2,1.6,1.2,2014-08-21,0513,Aqua,MODIS,79,6.2,314,31.8,D,0
-13.0036,132.2128,329.8,1.6,1.2,2014-08-21,0513,Aqua,MODIS,20,6.2,313.5,22,D,0
-11.7637,132.9444,322.7,1.9,1.4,2014-08-21,0513,Aqua,MODIS,61,6.2,305.9,25.1,D,0
-11.8456,132.9765,324.5,1.9,1.4,2014-08-21,0513,Aqua,MODIS,45,6.2,308,20.6,D,0
-13.1288,132.503,357.4,1.7,1.3,2014-08-21,0513,Aqua,MODIS,98,6.2,311.5,137.4,D,0
-13.1293,132.4944,333,1.7,1.3,2014-08-21,0513,Aqua,MODIS,80,6.2,313.2,36.2,D,0
-13.7172,131.9956,332,1.5,1.2,2014-08-21,0513,Aqua,MODIS,60,6.2,310.1,26.5,D,0
-13.1268,132.5095,361.2,1.7,1.3,2014-08-21,0513,Aqua,MODIS,100,6.2,309.4,160.3,D,0
-12.9801,132.285,336.3,1.6,1.3,2014-08-21,0513,Aqua,MODIS,83,6.2,313.4,39.8,D,0
-13.3022,132.2822,326.7,1.6,1.2,2014-08-21,0513,Aqua,MODIS,68,6.2,311.1,14.6,D,0
-13.2886,132.2951,324.9,1.6,1.3,2014-08-21,0513,Aqua,MODIS,35,6.2,311.3,11.5,D,0
-11.8392,132.9395,343.8,1.9,1.4,2014-08-21,0513,Aqua,MODIS,92,6.2,307.7,96.3,D,0
-12.3769,135.8175,316.5,3.1,1.7,2014-08-21,0513,Aqua,MODIS,49,6.2,300.3,39.5,D,0
-12.3759,135.8254,315.9,3.1,1.7,2014-08-21,0513,Aqua,MODIS,47,6.2,300.5,36.4,D,0
-12.0853,132.9643,360,1.9,1.3,2014-08-21,0513,Aqua,MODIS,100,6.2,308,189.3,D,0
-12.146,134.662,326.9,2.6,1.5,2014-08-21,0513,Aqua,MODIS,72,6.2,302.9,63.1,D,0
-13.7281,131.9975,341.2,1.5,1.2,2014-08-21,0513,Aqua,MODIS,88,6.2,310.6,53.2,D,0
-13.7412,131.9854,328,1.5,1.2,2014-08-21,0513,Aqua,MODIS,35,6.2,311.8,18.1,D,0
-13.7781,131.9635,328,1.5,1.2,2014-08-21,0513,Aqua,MODIS,62,6.2,312.9,14.9,D,0
-12.3524,135.0973,317.6,2.7,1.6,2014-08-21,0513,Aqua,MODIS,46,6.2,302.3,34,D,0
-12.317,135.8072,315.5,3.1,1.7,2014-08-21,0513,Aqua,MODIS,35,6.2,300,34.5,D,0
-12.9784,132.293,334,1.6,1.3,2014-08-21,0513,Aqua,MODIS,81,6.2,313.5,32.7,D,0
-12.9808,132.2782,329.5,1.6,1.3,2014-08-21,0513,Aqua,MODIS,64,6.2,313.6,20,D,0
-13.0054,132.4135,347.8,1.7,1.3,2014-08-21,0513,Aqua,MODIS,92,6.2,315,86.6,D,0
-13.0029,132.4287,382.1,1.7,1.3,2014-08-21,0513,Aqua,MODIS,100,6.2,314.6,309.7,D,0
-11.8364,132.9569,355.2,1.9,1.4,2014-08-21,0513,Aqua,MODIS,98,6.2,307.2,157.4,D,0
-12.2757,132.5919,325.8,1.8,1.3,2014-08-21,0513,Aqua,MODIS,56,6.2,308.1,24.9,D,0
-13.0704,132.4302,327.7,1.7,1.3,2014-08-21,0513,Aqua,MODIS,51,6.2,312,22.3,D,0
-12.56,131.9651,378,1.6,1.2,2014-08-21,0513,Aqua,MODIS,100,6.2,313.5,257.6,D,0
-13.1139,135.2156,334.4,2.7,1.6,2014-08-21,0513,Aqua,MODIS,84,6.2,301.9,111.5,D,0
-13.1094,135.2403,324.4,2.7,1.6,2014-08-21,0513,Aqua,MODIS,64,6.2,301.1,58.5,D,0
-13.107,135.2346,326.6,2.7,1.6,2014-08-21,0513,Aqua,MODIS,74,6.2,300.8,71.1,D,0
-12.5751,131.944,385.4,1.6,1.2,2014-08-21,0513,Aqua,MODIS,100,6.2,313.7,309.9,D,0
-12.8734,135.5209,323.1,2.9,1.6,2014-08-21,0513,Aqua,MODIS,44,6.2,301.6,56.1,D,0
-12.5577,131.9795,388,1.6,1.2,2014-08-21,0513,Aqua,MODIS,100,6.2,311.1,344.9,D,0
-13.1211,135.2375,322.3,2.7,1.6,2014-08-21,0513,Aqua,MODIS,56,6.2,301.8,50.2,D,0
-12.5646,131.9363,337,1.6,1.2,2014-08-21,0513,Aqua,MODIS,51,6.2,307.3,46.8,D,0
-12.5756,131.9382,393.8,1.6,1.2,2014-08-21,0513,Aqua,MODIS,100,6.2,314,392.2,D,0
-12.5425,131.9325,341.9,1.6,1.2,2014-08-21,0513,Aqua,MODIS,89,6.2,302.8,73.1,D,0
-12.5535,131.9344,350.9,1.6,1.2,2014-08-21,0513,Aqua,MODIS,95,6.2,307.8,101.8,D,0
-12.5688,131.9813,337.8,1.6,1.2,2014-08-21,0513,Aqua,MODIS,76,6.2,312.4,50.3,D,0
-12.5171,132.6516,335.8,1.8,1.3,2014-08-21,0513,Aqua,MODIS,83,6.2,308.9,51,D,0
-12.5844,131.9544,336.7,1.6,1.2,2014-08-21,0513,Aqua,MODIS,81,6.2,312.5,38.2,D,0
-12.5727,131.9583,335.1,1.6,1.2,2014-08-21,0513,Aqua,MODIS,65,6.2,311.9,32,D,0
-12.568,131.9871,328.4,1.6,1.2,2014-08-21,0513,Aqua,MODIS,47,6.2,312,20,D,0
-12.5402,131.9469,321,1.6,1.2,2014-08-21,0513,Aqua,MODIS,21,6.2,302.4,18.7,D,0
-12.5288,132.6537,343.6,1.8,1.3,2014-08-21,0513,Aqua,MODIS,90,6.2,310.6,82.2,D,0
-12.5885,131.9315,365.7,1.6,1.2,2014-08-21,0513,Aqua,MODIS,100,6.2,310.7,172.8,D,0
-12.5623,131.9507,365.8,1.6,1.2,2014-08-21,0513,Aqua,MODIS,100,6.2,311.5,170.3,D,0
-12.5733,131.9525,346,1.6,1.2,2014-08-21,0513,Aqua,MODIS,92,6.2,311.6,72.9,D,0
-12.5512,131.9488,343.9,1.6,1.2,2014-08-21,0513,Aqua,MODIS,78,6.2,305.6,74,D,0
-12.5972,131.9477,336.8,1.6,1.2,2014-08-21,0513,Aqua,MODIS,80,6.2,310.9,46.7,D,0
-11.2695,132.0554,323.1,1.7,1.3,2014-08-21,0513,Aqua,MODIS,56,6.2,306.7,21.4,D,0
-12.5861,131.9458,390,1.6,1.2,2014-08-21,0513,Aqua,MODIS,100,6.2,316.5,354.5,D,0
-11.6392,130.9669,318.8,1.4,1.2,2014-08-21,0513,Aqua,MODIS,59,6.2,304.8,12.6,D,0
-12.5867,131.9401,387.7,1.6,1.2,2014-08-21,0513,Aqua,MODIS,100,6.2,317.2,331.5,D,0
-13.0084,135.5229,317.7,2.9,1.6,2014-08-21,0513,Aqua,MODIS,9,6.2,303.4,27.8,D,0
-11.7447,130.8879,347.9,1.4,1.2,2014-08-21,0513,Aqua,MODIS,93,6.2,307.8,74.1,D,0
-11.7345,130.9048,322.9,1.4,1.2,2014-08-21,0513,Aqua,MODIS,45,6.2,305.4,16,D,0
-12.8736,135.5259,324.9,2.9,1.6,2014-08-21,0513,Aqua,MODIS,29,6.2,301.4,58.2,D,0
-12.5774,131.9297,362.8,1.6,1.2,2014-08-21,0513,Aqua,MODIS,100,6.2,308.7,155.8,D,0
-12.9461,135.538,324.6,2.9,1.6,2014-08-21,0513,Aqua,MODIS,48,6.2,301.2,58.6,D,0
-12.279,132.6147,326.2,1.8,1.3,2014-08-21,0513,Aqua,MODIS,59,6.2,310.1,22.5,D,0
-12.2731,132.608,333.6,1.8,1.3,2014-08-21,0513,Aqua,MODIS,81,6.2,309.8,46.6,D,0
-12.2816,132.5987,337.1,1.8,1.3,2014-08-21,0513,Aqua,MODIS,80,6.2,309.4,58.7,D,0
-12.5647,131.2089,326.1,1.4,1.2,2014-08-21,0513,Aqua,MODIS,66,6.2,308.7,21.4,D,0
-11.7565,130.2247,316.6,1.2,1.1,2014-08-21,0513,Aqua,MODIS,37,6.2,303.1,7.7,D,0
-13.1366,130.1774,330.4,1.2,1.1,2014-08-21,0513,Aqua,MODIS,30,6.2,310.2,19.9,D,0
-13.9409,130.0609,325.9,1.2,1.1,2014-08-21,0513,Aqua,MODIS,55,6.2,306.7,15.1,D,0
-13.9731,130.1262,334.5,1.2,1.1,2014-08-21,0513,Aqua,MODIS,62,6.2,313.1,20.1,D,0
-14.0115,130.1325,336.2,1.2,1.1,2014-08-21,0513,Aqua,MODIS,54,6.2,311.4,23.7,D,0
-14.0211,130.134,333.3,1.2,1.1,2014-08-21,0513,Aqua,MODIS,53,6.2,313.4,19.4,D,0
-14.034,130.1144,330.4,1.2,1.1,2014-08-21,0513,Aqua,MODIS,43,6.2,314.9,12.7,D,0
-14.0323,130.125,330.8,1.2,1.1,2014-08-21,0513,Aqua,MODIS,58,6.2,313.3,14.6,D,0
-13.9681,130.0762,361.7,1.2,1.1,2014-08-21,0513,Aqua,MODIS,100,6.2,316.3,88.9,D,0
-13.1266,130.1579,336.7,1.2,1.1,2014-08-21,0513,Aqua,MODIS,82,6.2,312.2,27.6,D,0
-13.9697,130.0656,343.7,1.2,1.1,2014-08-21,0513,Aqua,MODIS,89,6.2,313.9,39.7,D,0
-13.8862,130.1608,336.9,1.2,1.1,2014-08-21,0513,Aqua,MODIS,83,6.2,312.6,29.6,D,0
-12.4065,132.3448,322.2,1.7,1.3,2014-08-21,0513,Aqua,MODIS,60,6.2,307.4,17.7,D,0
-13.9713,130.1202,335.2,1.2,1.1,2014-08-21,0513,Aqua,MODIS,62,6.2,314.2,22.4,D,0
-13.9569,130.0853,345.4,1.2,1.1,2014-08-21,0513,Aqua,MODIS,64,6.2,315.5,40,D,0
-13.8845,130.1714,332.8,1.2,1.1,2014-08-21,0513,Aqua,MODIS,78,6.2,309.8,24,D,0
-13.9377,130.0821,369.2,1.2,1.1,2014-08-21,0513,Aqua,MODIS,100,6.2,310.6,121.3,D,0
-13.9249,130.1017,334.5,1.2,1.1,2014-08-21,0513,Aqua,MODIS,73,6.2,307.1,26.2,D,0
-13.9281,130.0805,342.2,1.2,1.1,2014-08-21,0513,Aqua,MODIS,83,6.2,306.5,42.5,D,0
-13.9087,130.1427,332.2,1.2,1.1,2014-08-21,0513,Aqua,MODIS,73,6.2,312.7,21.4,D,0
-13.9585,130.0746,388.7,1.2,1.1,2014-08-21,0513,Aqua,MODIS,100,6.2,316.6,213.9,D,0
-13.9601,130.0641,370.1,1.2,1.1,2014-08-21,0513,Aqua,MODIS,100,6.2,313.2,122.6,D,0
-13.9393,130.0715,383.6,1.2,1.1,2014-08-21,0513,Aqua,MODIS,100,6.2,315.3,192.2,D,0
-12.7639,131.9829,340.3,1.6,1.2,2014-08-21,0513,Aqua,MODIS,87,6.2,311.4,53.5,D,0
-12.4823,133.8111,325,2.2,1.4,2014-08-21,0513,Aqua,MODIS,69,6.2,304.7,38.4,D,0
-12.2523,133.3732,338.3,2,1.4,2014-08-21,0513,Aqua,MODIS,85,6.2,307.9,72.7,D,0
-12.9816,135.526,324.6,2.9,1.6,2014-08-21,0513,Aqua,MODIS,60,6.2,302.3,58,D,0
-12.4789,133.8308,320.7,2.2,1.4,2014-08-21,0513,Aqua,MODIS,57,6.2,305.3,23.6,D,0
-12.9511,132.3192,340.5,1.6,1.3,2014-08-21,0513,Aqua,MODIS,84,6.2,314,56.7,D,0
-12.7832,132.0064,328.4,1.6,1.2,2014-08-21,0513,Aqua,MODIS,52,6.2,310.8,20,D,0
-12.5964,135.5394,323.3,2.9,1.6,2014-08-21,0513,Aqua,MODIS,36,6.2,302.2,55.9,D,0
-12.7747,136.3513,315.6,3.4,1.7,2014-08-21,0513,Aqua,MODIS,24,6.2,298.3,42.6,D,0
-12.7745,131.9903,329.7,1.6,1.2,2014-08-21,0513,Aqua,MODIS,67,6.2,309.6,23.4,D,0
-12.4881,130.655,324.8,1.3,1.1,2014-08-21,0513,Aqua,MODIS,55,6.2,312.5,10.4,D,0
-12.2515,133.3992,328.4,2,1.4,2014-08-21,0513,Aqua,MODIS,59,6.2,311.8,36.7,D,0
-12.5805,135.5284,338.1,2.9,1.6,2014-08-21,0513,Aqua,MODIS,87,6.2,303.5,149.1,D,0
-12.8834,135.5498,350.1,2.9,1.6,2014-08-21,0513,Aqua,MODIS,95,6.2,304.8,244.1,D,0
-12.2671,133.3825,334.1,2,1.4,2014-08-21,0513,Aqua,MODIS,82,6.2,311.3,52.8,D,0
-12.9424,134.7977,327.2,2.5,1.5,2014-08-21,0513,Aqua,MODIS,76,6.2,303.5,60.5,D,0
-12.9985,135.4941,325.8,2.9,1.6,2014-08-21,0513,Aqua,MODIS,56,6.2,300.7,64.5,D,0
-12.2421,134.3805,324.3,2.4,1.5,2014-08-21,0513,Aqua,MODIS,68,6.2,306.9,38.8,D,0
-12.2493,133.392,336.6,2,1.4,2014-08-21,0513,Aqua,MODIS,79,6.2,310.7,66.7,D,0
-12.2617,133.3941,332.2,2,1.4,2014-08-21,0513,Aqua,MODIS,80,6.2,312.3,48.4,D,0
-12.6659,136.2602,350,3.3,1.7,2014-08-21,0513,Aqua,MODIS,95,6.2,301.1,324.9,D,0
-12.6057,136.0001,317.8,3.2,1.7,2014-08-21,0513,Aqua,MODIS,48,6.2,302.7,39.7,D,0
-12.2383,134.4028,345.5,2.4,1.5,2014-08-21,0513,Aqua,MODIS,91,6.2,306.7,154.8,D,0
-12.8641,131.1351,333.3,1.4,1.2,2014-08-21,0513,Aqua,MODIS,54,6.2,308.9,26.5,D,0
-12.596,135.88,336.1,3.1,1.7,2014-08-21,0513,Aqua,MODIS,68,6.2,302.4,139.6,D,0
-12.7634,131.9885,353.9,1.6,1.2,2014-08-21,0513,Aqua,MODIS,96,6.2,311.7,105.9,D,0
-12.3107,133.5842,324.5,2.1,1.4,2014-08-21,0513,Aqua,MODIS,49,6.2,310.9,23.8,D,0
-12.9059,132.3115,327.3,1.6,1.3,2014-08-21,0513,Aqua,MODIS,42,6.2,308.9,17.5,D,0
-13.1779,135.4322,343.4,2.8,1.6,2014-08-21,0513,Aqua,MODIS,91,6.2,301,185.7,D,0
-12.5852,135.5019,327.9,2.9,1.6,2014-08-21,0513,Aqua,MODIS,57,6.2,301.9,80.1,D,0
-12.952,134.8233,318.7,2.5,1.5,2014-08-21,0513,Aqua,MODIS,58,6.2,304.9,26.8,D,0
-12.6829,135.9005,322.7,3.1,1.7,2014-08-21,0513,Aqua,MODIS,60,6.2,301.7,59.5,D,0
-13.0008,135.502,335,2.9,1.6,2014-08-21,0513,Aqua,MODIS,84,6.2,301.8,119.4,D,0
-12.1563,134.7173,331.3,2.6,1.5,2014-08-21,0513,Aqua,MODIS,79,6.2,302.6,83.2,D,0
-12.3872,133.9132,323.4,2.2,1.4,2014-08-21,0513,Aqua,MODIS,66,6.2,305.7,34.1,D,0
-12.9026,135.5309,323.4,2.9,1.6,2014-08-21,0513,Aqua,MODIS,29,6.2,301.7,52.2,D,0
-12.888,135.5285,340.6,2.9,1.6,2014-08-21,0513,Aqua,MODIS,86,6.2,303.3,155.3,D,0
-12.7897,136.3274,324.1,3.3,1.7,2014-08-21,0513,Aqua,MODIS,56,6.2,300,84.1,D,0
-12.8833,135.5547,344.5,2.9,1.6,2014-08-21,0513,Aqua,MODIS,91,6.2,304.5,185.9,D,0
-12.3119,134.1272,323.1,2.3,1.5,2014-08-21,0513,Aqua,MODIS,46,6.2,305.6,36.5,D,0
-12.9383,134.8208,331.2,2.5,1.5,2014-08-21,0513,Aqua,MODIS,81,6.2,303.6,81.7,D,0
-13.134,134.3797,326.2,2.3,1.5,2014-08-21,0513,Aqua,MODIS,72,6.2,306.3,46.1,D,0
-12.4459,133.7997,342.5,2.2,1.4,2014-08-21,0513,Aqua,MODIS,89,6.2,304.7,119.8,D,0
-12.8769,134.8014,321.2,2.5,1.5,2014-08-21,0513,Aqua,MODIS,65,6.2,306,33.9,D,0
-12.4492,133.7798,320.4,2.2,1.4,2014-08-21,0513,Aqua,MODIS,54,6.2,302.7,28.2,D,0
-12.9398,132.3172,393.3,1.6,1.3,2014-08-21,0513,Aqua,MODIS,100,6.2,320.1,410.2,D,0
-12.6283,135.8614,337.1,3.1,1.7,2014-08-21,0513,Aqua,MODIS,86,6.2,300.4,154.4,D,0
-12.6581,135.8668,341.2,3.1,1.7,2014-08-21,0513,Aqua,MODIS,89,6.2,300.9,187.4,D,0
-12.9373,132.3324,357.1,1.6,1.3,2014-08-21,0513,Aqua,MODIS,98,6.2,308.7,128.3,D,0
-12.4438,133.8048,336.3,2.2,1.4,2014-08-21,0513,Aqua,MODIS,84,6.2,304,85.7,D,0
-12.8745,131.1369,378.3,1.4,1.2,2014-08-21,0513,Aqua,MODIS,94,6.2,314.9,205.2,D,0
-12.8879,135.5234,331.7,2.9,1.6,2014-08-21,0513,Aqua,MODIS,67,6.2,302.8,97.7,D,0
-12.8,135.1579,322,2.7,1.6,2014-08-21,0513,Aqua,MODIS,58,6.2,302.6,41.4,D,0
-12.7842,136.3578,342,3.4,1.7,2014-08-21,0513,Aqua,MODIS,90,6.2,300.3,230.5,D,0
-12.6309,135.8574,332.9,3.1,1.7,2014-08-21,0513,Aqua,MODIS,60,6.2,299.8,117.3,D,0
-13.1923,135.4346,329.5,2.8,1.6,2014-08-21,0513,Aqua,MODIS,79,6.2,301,89.9,D,0
-13.1878,135.4604,318.3,2.8,1.6,2014-08-21,0513,Aqua,MODIS,43,6.2,301.1,36.4,D,0
-12.8051,136.3305,324.5,3.3,1.7,2014-08-21,0513,Aqua,MODIS,57,6.2,300.5,84.3,D,0
-13.181,135.4403,353.9,2.8,1.6,2014-08-21,0513,Aqua,MODIS,97,6.2,302.6,280.8,D,0
-12.9961,135.5285,326.6,2.9,1.6,2014-08-21,0513,Aqua,MODIS,71,6.2,303.4,68,D,0
-12.723,135.59,316.1,2.9,1.6,2014-08-21,0513,Aqua,MODIS,46,6.2,301.3,31.8,D,0
-12.7996,136.3609,355,3.4,1.7,2014-08-21,0513,Aqua,MODIS,97,6.2,302.2,383,D,0
-12.2249,134.4003,333.3,2.4,1.5,2014-08-21,0513,Aqua,MODIS,81,6.2,305.5,79.5,D,0
-12.4473,133.785,332.2,2.2,1.4,2014-08-21,0513,Aqua,MODIS,80,6.2,302.8,67.8,D,0
-13.1735,135.458,334,2.8,1.6,2014-08-21,0513,Aqua,MODIS,83,6.2,301.6,119.3,D,0
-12.3221,134.1363,325.2,2.3,1.5,2014-08-21,0513,Aqua,MODIS,70,6.2,306.7,44.7,D,0
-12.8848,131.1386,327.5,1.4,1.2,2014-08-21,0513,Aqua,MODIS,59,6.2,314.4,13.5,D,0
-12.022,134.0574,327.1,2.3,1.5,2014-08-21,0513,Aqua,MODIS,71,6.2,308.7,43.5,D,0
-12.4429,131.1306,320.6,1.4,1.2,2014-08-21,0513,Aqua,MODIS,44,6.2,308,8.1,D,0
-12.6432,135.8642,327,3.1,1.7,2014-08-21,0513,Aqua,MODIS,72,6.2,299.1,84.3,D,0
-12.2152,134.3756,325.6,2.4,1.5,2014-08-21,0513,Aqua,MODIS,65,6.2,303,46.4,D,0
-12.4842,135.5612,315.2,3,1.6,2014-08-21,0513,Aqua,MODIS,28,6.2,302.8,28.4,D,0
-12.9285,132.3153,373.4,1.6,1.3,2014-08-21,0513,Aqua,MODIS,100,6.2,312.8,227,D,0
-12.6607,135.8628,333.5,3.1,1.7,2014-08-21,0513,Aqua,MODIS,82,6.2,300.7,125.2,D,0
-12.6458,135.8601,327.7,3.1,1.7,2014-08-21,0513,Aqua,MODIS,60,6.2,299.1,85.4,D,0
-12.6495,135.4946,317.6,2.9,1.6,2014-08-21,0513,Aqua,MODIS,52,6.2,301.8,34.5,D,0
-12.668,136.2373,321.3,3.3,1.7,2014-08-21,0513,Aqua,MODIS,68,6.2,299.7,76.9,D,0
-12.9864,135.4998,328.9,2.9,1.6,2014-08-21,0513,Aqua,MODIS,76,6.2,299,82.7,D,0
-12.3469,135.0127,333.2,2.7,1.6,2014-08-21,0513,Aqua,MODIS,82,6.2,305.1,100.7,D,0
-12.7392,132.4908,332.6,1.7,1.3,2014-08-21,0513,Aqua,MODIS,79,6.2,309.6,39.7,D,0
-12.7138,135.2148,319.2,2.8,1.6,2014-08-21,0513,Aqua,MODIS,40,6.2,305.6,33.4,D,0
-12.8064,135.2877,321.5,2.8,1.6,2014-08-21,0513,Aqua,MODIS,67,6.2,303.5,46.5,D,0
-12.1507,134.6682,338.8,2.6,1.5,2014-08-21,0513,Aqua,MODIS,86,6.2,303.3,128.7,D,0
-12.3513,135.021,325.5,2.7,1.6,2014-08-21,0513,Aqua,MODIS,72,6.2,305.8,61.7,D,0
-12.3372,135.0184,327.8,2.7,1.6,2014-08-21,0513,Aqua,MODIS,74,6.2,303.7,69.1,D,0
-12.1421,134.6853,321.8,2.6,1.5,2014-08-21,0513,Aqua,MODIS,60,6.2,301.2,41.9,D,0
-12.8881,136.0406,314.9,3.2,1.7,2014-08-21,0513,Aqua,MODIS,30,6.2,299.9,37.8,D,0
-12.7224,135.5943,317.4,2.9,1.6,2014-08-21,0513,Aqua,MODIS,56,6.2,301.1,38.8,D,0
-12.6012,135.5129,322.8,2.9,1.6,2014-08-21,0513,Aqua,MODIS,26,6.2,301.8,52.7,D,0
-12.6558,135.891,322,3.1,1.7,2014-08-21,0513,Aqua,MODIS,23,6.2,301.6,50.1,D,0
-12.6021,136.004,319.1,3.2,1.7,2014-08-21,0513,Aqua,MODIS,48,6.2,302.1,43.4,D,0
-12.6979,135.9032,326,3.1,1.7,2014-08-21,0513,Aqua,MODIS,67,6.2,300.5,78.8,D,0
-12.4056,131.4988,335.3,1.5,1.2,2014-08-21,0513,Aqua,MODIS,83,6.2,310.1,41.1,D,0
-12.1964,133.5564,324.2,2.1,1.4,2014-08-21,0513,Aqua,MODIS,63,6.2,308.1,22.6,D,0
-12.8141,135.1604,319.9,2.7,1.6,2014-08-21,0513,Aqua,MODIS,20,6.2,303.5,31.3,D,0
-12.8865,136.0481,317.8,3.2,1.7,2014-08-21,0513,Aqua,MODIS,57,6.2,299.9,50.7,D,0
-12.9316,136.0568,325.3,3.2,1.7,2014-08-21,0513,Aqua,MODIS,74,6.2,301,91.3,D,0
-13.1113,135.21,326.9,2.7,1.6,2014-08-21,0513,Aqua,MODIS,76,6.2,301.6,72.3,D,0
-12.8239,135.1878,321.5,2.7,1.6,2014-08-21,0513,Aqua,MODIS,51,6.2,302.9,39.7,D,0
-12.6624,136.2675,348.5,3.3,1.7,2014-08-21,0513,Aqua,MODIS,94,6.2,300.4,307.7,D,0
-13.1015,135.1829,341.3,2.7,1.6,2014-08-21,0513,Aqua,MODIS,89,6.2,301.1,156,D,0
-12.2648,133.3751,331.6,2,1.4,2014-08-21,0513,Aqua,MODIS,79,6.2,310.2,45.1,D,0
-12.3013,133.5625,327.6,2.1,1.4,2014-08-21,0513,Aqua,MODIS,62,6.2,310.8,37.4,D,0
-12.994,135.5205,333.2,2.9,1.6,2014-08-21,0513,Aqua,MODIS,83,6.2,303.1,105.7,D,0
-12.9795,135.5177,330.7,2.9,1.6,2014-08-21,0513,Aqua,MODIS,60,6.2,301.4,87.7,D,0
-13.1744,135.2018,317.5,2.7,1.6,2014-08-21,0513,Aqua,MODIS,35,6.2,301.8,26.9,D,0
-12.2546,133.3806,350.9,2,1.4,2014-08-21,0513,Aqua,MODIS,95,6.2,310.2,141.3,D,0
-12.8107,135.2628,326,2.8,1.6,2014-08-21,0513,Aqua,MODIS,75,6.2,303.3,66.5,D,0
-13.1604,135.1993,321.5,2.7,1.6,2014-08-21,0513,Aqua,MODIS,57,6.2,301,42.2,D,0
-12.4405,135.1954,327.5,2.8,1.6,2014-08-21,0513,Aqua,MODIS,76,6.2,302.9,69,D,0
-12.5951,135.531,323.5,2.9,1.6,2014-08-21,0513,Aqua,MODIS,70,6.2,302.2,61.1,D,0
-12.8764,131.1244,367.1,1.4,1.2,2014-08-21,0513,Aqua,MODIS,87,6.2,311.6,140.8,D,0
-13.1155,135.1856,320.2,2.7,1.6,2014-08-21,0513,Aqua,MODIS,52,6.2,301.3,39.1,D,0
-12.5566,133.9983,321.3,2.2,1.4,2014-08-21,0513,Aqua,MODIS,60,6.2,307.5,27.1,D,0
-12.9453,134.8145,335.2,2.5,1.5,2014-08-21,0513,Aqua,MODIS,84,6.2,305.1,101.1,D,0
-12.2286,134.378,344.8,2.4,1.5,2014-08-21,0513,Aqua,MODIS,91,6.2,307.5,146.9,D,0
-12.7617,131.9972,336.8,1.6,1.2,2014-08-21,0513,Aqua,MODIS,84,6.2,311.5,42.1,D,0
-31.7574,149.5538,316.7,1,1,2014-08-21,1254,Terra,MODIS,94,6.2,281.1,18.4,N,0
-24.8769,148.5999,311,1,1,2014-08-21,1256,Terra,MODIS,81,6.2,283.4,14.2,N,0
-24.8785,148.5896,307.4,1,1,2014-08-21,1256,Terra,MODIS,71,6.2,283.2,11.6,N,0
-24.4079,148.4087,307.1,1,1,2014-08-21,1256,Terra,MODIS,70,6.2,282.7,11.7,N,0
-24.0093,145.7379,312.3,1,1,2014-08-21,1256,Terra,MODIS,85,6.2,284.6,14.8,N,0
-24.0144,145.7556,314.9,1,1,2014-08-21,1256,Terra,MODIS,90,6.2,284,16.6,N,0
-24.0157,145.7454,300.3,1,1,2014-08-21,1256,Terra,MODIS,19,6.2,284.2,6.2,N,0
-24.0079,145.7481,313.6,1,1,2014-08-21,1256,Terra,MODIS,87,6.2,284.4,16.3,N,0
-21.6092,149.0301,317.5,1.2,1.1,2014-08-21,1257,Terra,MODIS,95,6.2,282.8,23.2,N,0
-21.611,149.0189,309.7,1.2,1.1,2014-08-21,1257,Terra,MODIS,78,6.2,283.6,15.3,N,0
-17.1433,145.1793,303.2,1,1,2014-08-21,1258,Terra,MODIS,54,6.2,286,7.1,N,0
-17.142,145.1886,343.8,1,1,2014-08-21,1258,Terra,MODIS,100,6.2,287.7,52.3,N,0
-15.8805,135.7373,300.1,3.6,1.8,2014-08-21,1259,Terra,MODIS,3,6.2,288,30.8,N,0
-15.8679,135.7019,308.6,3.6,1.8,2014-08-21,1259,Terra,MODIS,75,6.2,288,64.7,N,0
-15.3208,144.8061,308,1,1,2014-08-21,1259,Terra,MODIS,73,6.2,290.8,8.1,N,0
-15.8761,135.7102,322.3,3.6,1.8,2014-08-21,1259,Terra,MODIS,100,6.2,289.2,137,N,0
-15.884,135.7041,303.7,3.6,1.8,2014-08-21,1259,Terra,MODIS,38,6.2,287.8,43.1,N,0
-15.8644,135.7354,302.3,3.6,1.8,2014-08-21,1259,Terra,MODIS,43,6.2,288,39.9,N,0
-15.3221,144.7969,301.4,1,1,2014-08-21,1259,Terra,MODIS,22,6.2,290.5,3.8,N,0
-15.3195,144.8154,304.7,1,1,2014-08-21,1259,Terra,MODIS,61,6.2,290.7,5.8,N,0
-15.993,135.9266,304.3,3.5,1.8,2014-08-21,1259,Terra,MODIS,59,6.2,286.8,50.5,N,0
-17.3252,138.9534,308.2,2.1,1.4,2014-08-21,1259,Terra,MODIS,74,6.2,285.5,32.4,N,0
-14.9046,144.2372,300.6,1,1,2014-08-21,1259,Terra,MODIS,31,6.2,290.3,3.9,N,0
-17.2396,139.1428,323.7,2.1,1.4,2014-08-21,1259,Terra,MODIS,100,6.2,287.1,67.4,N,0
-17.2389,139.1371,319.8,2.1,1.4,2014-08-21,1259,Terra,MODIS,99,6.2,286.7,56.8,N,0
-17.2367,139.1564,314.3,2.1,1.4,2014-08-21,1259,Terra,MODIS,89,6.2,286.3,41.3,N,0
-17.2241,139.1549,303.6,2.1,1.4,2014-08-21,1259,Terra,MODIS,56,6.2,286.1,22.3,N,0
-17.2263,139.1355,315.5,2.1,1.4,2014-08-21,1259,Terra,MODIS,91,6.2,285.8,46.9,N,0
-17.227,139.1412,325.8,2.1,1.4,2014-08-21,1259,Terra,MODIS,100,6.2,287,72.9,N,0
-15.9963,135.8942,300.7,3.5,1.8,2014-08-21,1259,Terra,MODIS,32,6.2,285.3,39.4,N,0
-11.8279,142.503,324.9,1.1,1,2014-08-21,1300,Terra,MODIS,100,6.2,292,24.5,N,0
-11.8266,142.5129,303.4,1.1,1,2014-08-21,1300,Terra,MODIS,49,6.2,291.5,4.9,N,0
-11.8146,142.5312,311.8,1.1,1,2014-08-21,1300,Terra,MODIS,83,6.2,291.2,11,N,0
-12.6574,135.8594,303.3,3.2,1.7,2014-08-21,1300,Terra,MODIS,54,6.2,288.4,35,N,0
-11.8239,142.5326,311.9,1.1,1,2014-08-21,1300,Terra,MODIS,84,6.2,291.8,11.3,N,0
-11.8252,142.5228,305.8,1.1,1,2014-08-21,1300,Terra,MODIS,66,6.2,291.9,6.8,N,0
-12.2526,142.2926,305.4,1.1,1.1,2014-08-21,1300,Terra,MODIS,64,6.2,291.9,6.3,N,0
-11.8145,142.6012,308.4,1.1,1,2014-08-21,1300,Terra,MODIS,74,6.2,291.1,8.9,N,0
-12.2365,142.2697,311.1,1.1,1.1,2014-08-21,1300,Terra,MODIS,82,6.2,291.9,10.7,N,0
-11.8159,142.5214,313.3,1.1,1,2014-08-21,1300,Terra,MODIS,87,6.2,291.7,12.1,N,0
-11.8158,142.5914,309.2,1.1,1,2014-08-21,1300,Terra,MODIS,77,6.2,291.2,9.4,N,0
-21.9922,119.6745,326.1,1.1,1.1,2014-08-21,1436,Terra,MODIS,100,6.2,288.4,30.1,N,0
-21.8928,119.5102,300.1,1.1,1.1,2014-08-21,1436,Terra,MODIS,14,6.2,284.8,6.8,N,0
-21.9732,119.6716,380.7,1.1,1.1,2014-08-21,1436,Terra,MODIS,100,6.2,293.5,183.5,N,0
-21.9746,119.6609,328.6,1.1,1.1,2014-08-21,1436,Terra,MODIS,100,6.2,287.6,33,N,0
-21.9827,119.6731,338.6,1.1,1.1,2014-08-21,1436,Terra,MODIS,100,6.2,290.7,49.9,N,0
-21.9841,119.6623,302.4,1.1,1.1,2014-08-21,1436,Terra,MODIS,31,6.2,286.3,7,N,0
-17.6473,122.7191,301.3,1.1,1,2014-08-21,1437,Terra,MODIS,39,6.2,287.5,6.8,N,0
-17.5224,123.0283,317.2,1.1,1.1,2014-08-21,1437,Terra,MODIS,95,6.2,288.6,20,N,0
-17.5158,123.0424,313.5,1.1,1.1,2014-08-21,1437,Terra,MODIS,87,6.2,289.2,16.4,N,0
-17.5401,122.9772,303.4,1.1,1.1,2014-08-21,1437,Terra,MODIS,55,6.2,287.9,8.4,N,0
-17.6458,122.7294,306.9,1.1,1,2014-08-21,1437,Terra,MODIS,70,6.2,288.5,10.6,N,0
-17.519,123.0212,322.8,1.1,1.1,2014-08-21,1437,Terra,MODIS,100,6.2,288.7,26.7,N,0
-17.5174,123.0318,325.3,1.1,1.1,2014-08-21,1437,Terra,MODIS,100,6.2,289.3,29.8,N,0
-17.5207,123.0389,319.6,1.1,1.1,2014-08-21,1437,Terra,MODIS,99,6.2,289.5,22.8,N,0
-17.524,123.0177,314.7,1.1,1.1,2014-08-21,1437,Terra,MODIS,90,6.2,288.1,17.6,N,0
-17.6439,123.1531,316.4,1.1,1.1,2014-08-21,1437,Terra,MODIS,93,6.2,290.7,19.3,N,0
-18.9654,122.0221,343.3,1,1,2014-08-21,1437,Terra,MODIS,100,6.2,290,52.5,N,0
-18.9668,122.0125,320.6,1,1,2014-08-21,1437,Terra,MODIS,100,6.2,288.6,20.1,N,0
-18.9567,122.0243,331.3,1,1,2014-08-21,1437,Terra,MODIS,100,6.2,288.6,33.3,N,0
-18.9581,122.0146,334.4,1,1,2014-08-21,1437,Terra,MODIS,100,6.2,288.7,37.5,N,0
-18.9442,121.9827,303.3,1,1,2014-08-21,1437,Terra,MODIS,24,6.2,287.1,6.3,N,0
-18.9366,121.9716,302.4,1,1,2014-08-21,1437,Terra,MODIS,49,6.2,287.1,6.5,N,0
-17.4027,123.908,304,1.3,1.1,2014-08-21,1437,Terra,MODIS,58,6.2,287,10.6,N,0
-12.9924,132.2464,309.8,3.4,1.7,2014-08-21,1603,Aqua,MODIS,78,6.2,287,64.8,N,0
-12.9959,132.2507,308.2,3.4,1.7,2014-08-21,1603,Aqua,MODIS,74,6.2,287.1,57.7,N,0
-15.3225,144.8036,302.5,1.4,1.2,2014-08-21,1603,Aqua,MODIS,49,6.2,289.3,9.2,N,0
-14.7905,142.4583,339.9,1.1,1,2014-08-21,1603,Aqua,MODIS,100,6.2,292.2,48,N,0
-14.7919,142.4682,301.5,1.1,1,2014-08-21,1603,Aqua,MODIS,38,6.2,290.9,4.8,N,0
-15.3175,144.8124,302.9,1.5,1.2,2014-08-21,1603,Aqua,MODIS,52,6.2,289.9,9.6,N,0
-14.7812,142.4597,301.6,1.1,1,2014-08-21,1603,Aqua,MODIS,11,6.2,291,5.2,N,0
-13.7045,142.123,304.2,1,1,2014-08-21,1603,Aqua,MODIS,59,6.2,290.9,6.8,N,0
-17.224,139.1515,307.4,1,1,2014-08-21,1604,Aqua,MODIS,71,6.2,285.4,10.8,N,0
-15.1425,135.1525,307,1.8,1.3,2014-08-21,1604,Aqua,MODIS,70,6.2,284,24.3,N,0
-16.1864,135.8005,312.5,1.6,1.2,2014-08-21,1604,Aqua,MODIS,35,6.2,286.4,24.5,N,0
-16.1966,135.8042,309.9,1.6,1.2,2014-08-21,1604,Aqua,MODIS,7,6.2,286.9,20.7,N,0
-20.7364,139.4818,301.3,1,1,2014-08-21,1605,Aqua,MODIS,40,6.2,284.3,6.7,N,2
-16.1977,123.5844,308.8,2.7,1.6,2014-08-21,1742,Aqua,MODIS,76,6.2,290.5,39.8,N,0
-21.9709,119.6745,320.2,1.7,1.3,2014-08-21,1744,Aqua,MODIS,100,6.2,286.1,43,N,0
-21.9723,119.7019,300.2,1.7,1.3,2014-08-21,1744,Aqua,MODIS,19,6.2,284.7,12.5,N,0
-21.9705,119.6856,344.2,1.7,1.3,2014-08-21,1744,Aqua,MODIS,100,6.2,288.6,114.4,N,0
-21.9728,119.6907,339.3,1.7,1.3,2014-08-21,1744,Aqua,MODIS,100,6.2,288.6,95.5,N,0
-19.953,148.1203,313.7,2.9,1.6,2014-08-21,2352,Terra,MODIS,0,6.2,293.7,40.1,D,0
-19.9532,148.1142,311.8,2.9,1.6,2014-08-21,2352,Terra,MODIS,50,6.2,294,33.8,D,0
-24.8672,148.6059,313,2.1,1.4,2014-08-21,2353,Terra,MODIS,72,6.2,293.3,29.5,D,0
-24.8803,148.6086,329.5,2.1,1.4,2014-08-21,2353,Terra,MODIS,86,6.2,295,77.2,D,0
-24.8798,148.6027,334,2.1,1.4,2014-08-21,2353,Terra,MODIS,88,6.2,295.3,94.5,D,0
-24.8764,148.5878,314.3,2.1,1.4,2014-08-21,2353,Terra,MODIS,71,6.2,292.9,30.9,D,0
-24.8677,148.6117,311,2.1,1.4,2014-08-21,2353,Terra,MODIS,66,6.2,293.2,24.3,D,0
-29.7589,150.3829,304.6,1.3,1.1,2014-08-21,2354,Terra,MODIS,59,6.2,291,6.6,D,0
-29.8519,149.8719,305.2,1.4,1.2,2014-08-21,2354,Terra,MODIS,61,6.2,292.7,8,D,0
-29.586,149.8184,304.4,1.4,1.2,2014-08-21,2354,Terra,MODIS,51,6.2,290,8.4,D,0
-30.8121,148.5574,313.6,1.6,1.2,2014-08-21,2355,Terra,MODIS,53,6.2,287.7,22.8,D,0
-35.4712,148.1234,300.7,1.4,1.2,2014-08-21,2356,Terra,MODIS,40,6.2,285.7,8.8,D,0
-13.2829,135.4474,332.9,1.1,1,2014-08-22,0128,Terra,MODIS,83,6.2,303.6,29,D,0
-13.2909,135.436,316.1,1.1,1,2014-08-22,0128,Terra,MODIS,43,6.2,302.8,8.1,D,0
-12.8131,135.649,319.2,1.1,1.1,2014-08-22,0128,Terra,MODIS,29,6.2,306.9,7.9,D,0
-12.8461,135.5406,318.1,1.1,1,2014-08-22,0128,Terra,MODIS,36,6.2,305.3,7.4,D,0
-12.1813,141.9254,321.5,3,1.7,2014-08-22,0128,Terra,MODIS,0,6.2,304.5,69.6,D,0
-12.2258,141.9202,314.3,3,1.7,2014-08-22,0128,Terra,MODIS,0,6.2,300.4,37.1,D,0
-12.2257,141.9148,313.3,3,1.7,2014-08-22,0128,Terra,MODIS,44,6.2,300.1,33.8,D,0
-13.2923,135.4462,327.2,1.1,1,2014-08-22,0128,Terra,MODIS,77,6.2,304.2,20.7,D,0
-12.3883,135.6886,318.2,1.1,1.1,2014-08-22,0128,Terra,MODIS,62,6.2,305.7,8.5,D,0
-12.5535,131.9317,338.4,1.1,1,2014-08-22,0128,Terra,MODIS,87,6.2,310.5,31.1,D,0
-12.5488,131.9625,328.1,1.1,1,2014-08-22,0128,Terra,MODIS,50,6.2,310.9,15.1,D,0
-12.4587,135.8458,319.8,1.1,1.1,2014-08-22,0128,Terra,MODIS,67,6.2,306.6,10.3,D,0
-13.063,135.5702,321,1.1,1.1,2014-08-22,0128,Terra,MODIS,57,6.2,307.8,10.9,D,0
-12.5503,131.9722,329.7,1.1,1,2014-08-22,0128,Terra,MODIS,63,6.2,308.3,18.2,D,0
-12.9887,135.5911,320.5,1.1,1.1,2014-08-22,0128,Terra,MODIS,52,6.2,307.9,9.4,D,0
-13.0686,135.5738,319.8,1.1,1.1,2014-08-22,0128,Terra,MODIS,58,6.2,305.1,10.3,D,0
-12.5921,131.9357,412.5,1.1,1,2014-08-22,0128,Terra,MODIS,100,6.2,323,358,D,0
-13.5551,141.7884,310.4,3.1,1.7,2014-08-22,0128,Terra,MODIS,22,6.2,293.4,15.8,D,0
-12.6014,131.9342,346.8,1.1,1,2014-08-22,0128,Terra,MODIS,93,6.2,307.5,47.5,D,0
-12.8036,135.6504,323.1,1.1,1.1,2014-08-22,0128,Terra,MODIS,68,6.2,306.8,12.5,D,0
-12.5906,131.9259,375.6,1.1,1,2014-08-22,0128,Terra,MODIS,100,6.2,310.4,136.2,D,0
-12.0556,132.955,369.8,1,1,2014-08-22,0128,Terra,MODIS,100,6.2,314.4,104.1,D,0
-12.5813,131.9273,346.2,1.1,1,2014-08-22,0128,Terra,MODIS,89,6.2,311.5,46,D,0
-12.5721,131.9288,339.4,1.1,1,2014-08-22,0128,Terra,MODIS,55,6.2,310.8,30.7,D,0
-12.7982,135.6472,329.2,1.1,1.1,2014-08-22,0128,Terra,MODIS,73,6.2,307.2,19.9,D,0
-13.1146,135.2424,337.6,1.1,1,2014-08-22,0128,Terra,MODIS,87,6.2,310.2,33.7,D,0
-12.5936,131.9454,331.5,1.1,1,2014-08-22,0128,Terra,MODIS,59,6.2,312.1,18.4,D,0
-12.5635,131.2183,319.1,1.2,1.1,2014-08-22,0128,Terra,MODIS,30,6.2,306.2,9.4,D,0
-13.2811,135.7852,316.1,1.1,1.1,2014-08-22,0128,Terra,MODIS,15,6.2,305.3,7.5,D,0
-13.2921,135.7944,319.5,1.1,1.1,2014-08-22,0128,Terra,MODIS,60,6.2,304.9,11.3,D,0
-12.552,131.9219,327.2,1.1,1,2014-08-22,0128,Terra,MODIS,60,6.2,307.3,15.9,D,0
-12.2762,136.5802,325,1.2,1.1,2014-08-22,0128,Terra,MODIS,42,6.2,305.7,17.3,D,0
-12.3897,135.6987,324.7,1.1,1.1,2014-08-22,0128,Terra,MODIS,75,6.2,308.3,16.3,D,0
-13.0369,135.5217,333.5,1.1,1.1,2014-08-22,0128,Terra,MODIS,84,6.2,306.7,28.5,D,0
-13.0354,135.5116,319.9,1.1,1,2014-08-22,0128,Terra,MODIS,63,6.2,305.3,10.9,D,0
-12.9223,136.4531,317.8,1.2,1.1,2014-08-22,0128,Terra,MODIS,56,6.2,306.3,9.8,D,0
-12.0618,132.9351,361.4,1,1,2014-08-22,0128,Terra,MODIS,100,6.2,307.9,82,D,0
-12.057,132.9642,323.2,1,1,2014-08-22,0128,Terra,MODIS,36,6.2,309.9,6.9,D,0
-12.0542,132.9458,369.1,1,1,2014-08-22,0128,Terra,MODIS,100,6.2,312.7,102.7,D,0
-12.066,132.9629,323.9,1,1,2014-08-22,0128,Terra,MODIS,57,6.2,310.6,7.7,D,0
-12.0646,132.9536,360.9,1,1,2014-08-22,0128,Terra,MODIS,100,6.2,314.6,76.3,D,0
-12.0632,132.9444,435.5,1,1,2014-08-22,0128,Terra,MODIS,100,6.2,326.8,540.3,D,0
-12.5293,131.9415,332.2,1.1,1,2014-08-22,0128,Terra,MODIS,82,6.2,308,23.5,D,0
-13.116,135.2524,339.2,1.1,1,2014-08-22,0128,Terra,MODIS,88,6.2,308.9,36.8,D,0
-11.7345,130.8921,319.4,1.2,1.1,2014-08-22,0128,Terra,MODIS,66,6.2,305.2,11.2,D,0
-13.1036,135.5478,320.6,1.1,1.1,2014-08-22,0128,Terra,MODIS,54,6.2,306,10,D,0
-13.7827,134.6293,328.1,1,1,2014-08-22,0128,Terra,MODIS,77,6.2,310.6,15.4,D,0
-13.7814,134.6197,322.5,1,1,2014-08-22,0128,Terra,MODIS,58,6.2,308.3,8.9,D,0
-12.1425,135.4499,316.9,1.1,1,2014-08-22,0128,Terra,MODIS,47,6.2,304.2,7.5,D,0
-13.7591,134.6489,322,1,1,2014-08-22,0128,Terra,MODIS,52,6.2,308.2,7.3,D,0
-12.1345,135.461,329.1,1.1,1,2014-08-22,0128,Terra,MODIS,60,6.2,306.2,21.4,D,0
-13.7577,134.6393,324.4,1,1,2014-08-22,0128,Terra,MODIS,66,6.2,311.2,10.5,D,0
-12.2214,136.4743,321.2,1.2,1.1,2014-08-22,0128,Terra,MODIS,54,6.2,307.4,12,D,0
-12.1188,132.9454,365.5,1,1,2014-08-22,0128,Terra,MODIS,100,6.2,309.7,93.2,D,0
-12.1291,135.4678,318.3,1.1,1,2014-08-22,0128,Terra,MODIS,48,6.2,304.4,8.6,D,0
-12.1202,132.9547,336.1,1,1,2014-08-22,0128,Terra,MODIS,81,6.2,308,25.6,D,0
-13.301,132.2931,323.2,1,1,2014-08-22,0128,Terra,MODIS,63,6.2,311.1,6.3,D,0
-12.0352,134.6925,326.5,1,1,2014-08-22,0128,Terra,MODIS,75,6.2,307.1,15.4,D,0
-13.0495,132.4574,323.6,1,1,2014-08-22,0128,Terra,MODIS,32,6.2,310.6,8.4,D,0
-11.6057,133.0264,328.5,1,1,2014-08-22,0128,Terra,MODIS,78,6.2,308.8,15.6,D,0
-12.3351,135.827,331,1.1,1.1,2014-08-22,0128,Terra,MODIS,82,6.2,307.3,23.1,D,0
-12.3336,135.8168,331.2,1.1,1.1,2014-08-22,0128,Terra,MODIS,82,6.2,307.7,24.2,D,0
-12.1278,132.944,403.4,1,1,2014-08-22,0128,Terra,MODIS,100,6.2,314.3,268.7,D,0
-12.1292,132.9533,386.6,1,1,2014-08-22,0128,Terra,MODIS,100,6.2,315.3,173.2,D,0
-13.5851,132.107,332.9,1,1,2014-08-22,0128,Terra,MODIS,74,6.2,309.3,18.9,D,0
-13.7413,132.2809,345.2,1,1,2014-08-22,0128,Terra,MODIS,92,6.2,309.4,42.2,D,0
-12.5819,131.5223,319.9,1.1,1.1,2014-08-22,0128,Terra,MODIS,55,6.2,307.7,6.5,D,0
-12.0813,132.9416,348.8,1,1,2014-08-22,0128,Terra,MODIS,94,6.2,309.6,49.2,D,0
-12.0799,132.9324,341.2,1,1,2014-08-22,0128,Terra,MODIS,88,6.2,307,36.7,D,0
-12.0736,132.9523,337.9,1,1,2014-08-22,0128,Terra,MODIS,80,6.2,311.4,25.7,D,0
-12.0722,132.943,343,1,1,2014-08-22,0128,Terra,MODIS,89,6.2,307.6,36.8,D,0
-12.0708,132.9338,317.8,1,1,2014-08-22,0128,Terra,MODIS,35,6.2,305.4,6.4,D,0
-12.1306,132.9625,333.4,1,1,2014-08-22,0128,Terra,MODIS,74,6.2,310.8,19.9,D,0
-12.5913,131.5208,320.9,1.1,1.1,2014-08-22,0128,Terra,MODIS,64,6.2,308.5,7.2,D,0
-12.3793,135.5558,342.4,1.1,1,2014-08-22,0128,Terra,MODIS,90,6.2,308,44.9,D,0
-12.1277,135.4579,320.6,1.1,1,2014-08-22,0128,Terra,MODIS,54,6.2,306.3,10.9,D,0
-12.3779,135.5458,320.5,1.1,1,2014-08-22,0128,Terra,MODIS,68,6.2,305.3,10.9,D,0
-12.3699,135.5572,321,1.1,1,2014-08-22,0128,Terra,MODIS,69,6.2,305.9,11.7,D,0
-12.1386,132.9552,328.6,1,1,2014-08-22,0128,Terra,MODIS,77,6.2,310.9,14.6,D,0
-13.7446,132.2416,331.5,1,1,2014-08-22,0128,Terra,MODIS,80,6.2,311.1,19.1,D,0
-13.8014,134.6952,323.4,1,1,2014-08-22,0128,Terra,MODIS,44,6.2,311.4,8.2,D,0
-12.4224,135.2108,327.9,1.1,1,2014-08-22,0128,Terra,MODIS,59,6.2,306.3,14.3,D,0
-13.5558,132.0886,345.6,1,1,2014-08-22,0128,Terra,MODIS,92,6.2,310.3,41.5,D,0
-13.4696,132.3128,323.5,1,1,2014-08-22,0128,Terra,MODIS,51,6.2,308.5,10.5,D,0
-12.14,132.9645,324.1,1,1,2014-08-22,0128,Terra,MODIS,70,6.2,312.1,8.9,D,0
-12.7977,132.6203,341.2,1,1,2014-08-22,0128,Terra,MODIS,89,6.2,310.1,34.5,D,0
-13.7475,132.2605,320.7,1,1,2014-08-22,0128,Terra,MODIS,18,6.2,308.4,6.5,D,0
-13.5544,132.0791,325.8,1,1,2014-08-22,0128,Terra,MODIS,55,6.2,307.3,12.2,D,0
-13.7427,132.2903,330,1,1,2014-08-22,0128,Terra,MODIS,74,6.2,308.4,17.7,D,0
-13.5745,132.0988,331.9,1,1,2014-08-22,0128,Terra,MODIS,68,6.2,312.5,18.1,D,0
-12.0837,134.7715,327.6,1,1,2014-08-22,0128,Terra,MODIS,77,6.2,307.9,16.2,D,0
-12.0824,134.7621,326.5,1,1,2014-08-22,0128,Terra,MODIS,75,6.2,308.2,14.8,D,0
-13.072,132.4281,329.9,1,1,2014-08-22,0128,Terra,MODIS,78,6.2,311.3,17.7,D,0
-13.5836,132.0974,326.4,1,1,2014-08-22,0128,Terra,MODIS,21,6.2,308.6,10.2,D,0
-12.1482,136.536,321.9,1.2,1.1,2014-08-22,0128,Terra,MODIS,75,6.2,306.6,11.8,D,0
-13.7083,132.0033,322.2,1,1,2014-08-22,0128,Terra,MODIS,55,6.2,309.7,7,D,0
-11.9705,142.5868,311.2,3.4,1.7,2014-08-22,0128,Terra,MODIS,47,6.2,291.4,33.4,D,0
-13.0045,132.2221,332.9,1,1,2014-08-22,0128,Terra,MODIS,62,6.2,311.7,17.7,D,0
-13.0122,132.2111,324.2,1,1,2014-08-22,0128,Terra,MODIS,42,6.2,313.1,8.4,D,0
-13.0137,132.2207,327.4,1,1,2014-08-22,0128,Terra,MODIS,56,6.2,310.1,12.1,D,0
-14.136,136.4639,312.9,1.3,1.1,2014-08-22,0128,Terra,MODIS,45,6.2,301.7,8.1,D,0
-14.1344,136.4522,335.5,1.3,1.1,2014-08-22,0128,Terra,MODIS,0,6.2,303.7,43.2,D,0
-11.7651,132.9234,332,1,1,2014-08-22,0128,Terra,MODIS,74,6.2,308.5,21.2,D,0
-13.9475,136.5021,318.6,1.3,1.1,2014-08-22,0128,Terra,MODIS,67,6.2,302.7,13.7,D,0
-13.8085,134.1652,323.8,1,1,2014-08-22,0128,Terra,MODIS,67,6.2,309.2,10.8,D,0
-13.5635,132.0777,343.1,1,1,2014-08-22,0128,Terra,MODIS,90,6.2,310.4,37.7,D,0
-13.1332,132.5246,321.8,1,1,2014-08-22,0128,Terra,MODIS,39,6.2,308.7,7.6,D,0
-13.565,132.0872,374.7,1,1,2014-08-22,0128,Terra,MODIS,100,6.2,315.2,123.9,D,0
-13.5664,132.0968,381.6,1,1,2014-08-22,0128,Terra,MODIS,100,6.2,317.1,151.9,D,0
-13.1318,132.5152,339.7,1,1,2014-08-22,0128,Terra,MODIS,87,6.2,309,31.4,D,0
-13.1227,132.5167,322.4,1,1,2014-08-22,0128,Terra,MODIS,41,6.2,307.3,7.2,D,0
-12.2154,136.4303,329.7,1.2,1.1,2014-08-22,0128,Terra,MODIS,81,6.2,304.8,25.5,D,0
-13.7398,132.2714,335.3,1,1,2014-08-22,0128,Terra,MODIS,84,6.2,308.2,24.1,D,0
-13.7307,132.2728,326.2,1,1,2014-08-22,0128,Terra,MODIS,57,6.2,309.6,11.5,D,0
-11.8317,142.5772,323.6,3.4,1.7,2014-08-22,0128,Terra,MODIS,56,6.2,292.1,83.5,D,0
-11.8364,142.5834,324.1,3.4,1.7,2014-08-22,0128,Terra,MODIS,77,6.2,291.4,96.4,D,0
-13.5715,132.0797,341.1,1,1,2014-08-22,0128,Terra,MODIS,89,6.2,311,32.6,D,0
-13.573,132.0893,340.7,1,1,2014-08-22,0128,Terra,MODIS,88,6.2,312.7,32.4,D,0
-13.4892,132.3195,330.2,1,1,2014-08-22,0128,Terra,MODIS,52,6.2,307.8,17.2,D,0
-13.0735,132.4375,324.7,1,1,2014-08-22,0128,Terra,MODIS,65,6.2,310,11.4,D,0
-12.3717,135.1192,316.4,1.1,1,2014-08-22,0128,Terra,MODIS,24,6.2,305.1,5.7,D,0
-13.1799,132.3475,351.5,1,1,2014-08-22,0128,Terra,MODIS,95,6.2,311.5,55.1,D,0
-13.4983,132.318,326,1,1,2014-08-22,0128,Terra,MODIS,49,6.2,308.1,12.1,D,0
-13.506,132.307,338.4,1,1,2014-08-22,0128,Terra,MODIS,86,6.2,310,28.8,D,0
-13.6063,132.1232,324.2,1,1,2014-08-22,0128,Terra,MODIS,69,6.2,310.2,10,D,0
-12.2778,132.5975,332.4,1,1,2014-08-22,0128,Terra,MODIS,82,6.2,309.4,23.4,D,0
-12.3037,135.8106,340.9,1.1,1.1,2014-08-22,0128,Terra,MODIS,90,6.2,307.3,41.7,D,0
-12.3051,135.8208,340.9,1.1,1.1,2014-08-22,0128,Terra,MODIS,90,6.2,307.4,42.3,D,0
-11.7666,132.9326,325.6,1,1,2014-08-22,0128,Terra,MODIS,50,6.2,310,11.3,D,0
-11.7742,132.922,334.3,1,1,2014-08-22,0128,Terra,MODIS,76,6.2,309.4,23.8,D,0
-11.7818,132.9114,345.7,1,1,2014-08-22,0128,Terra,MODIS,92,6.2,307,44.2,D,0
-11.7832,132.9206,338.5,1,1,2014-08-22,0128,Terra,MODIS,87,6.2,310.6,30.4,D,0
-12.7991,132.6296,327.4,1,1,2014-08-22,0128,Terra,MODIS,72,6.2,308.3,14.4,D,0
-12.8053,132.6096,332.3,1,1,2014-08-22,0128,Terra,MODIS,78,6.2,309.8,19.5,D,0
-12.3213,135.7976,328.2,1.1,1.1,2014-08-22,0128,Terra,MODIS,72,6.2,306.9,19.3,D,0
-12.3198,135.7874,374.5,1.1,1.1,2014-08-22,0128,Terra,MODIS,100,6.2,311.5,145.7,D,0
-12.3118,135.799,338.9,1.1,1.1,2014-08-22,0128,Terra,MODIS,88,6.2,307.7,38.1,D,0
-13.6949,134.6581,335.5,1,1,2014-08-22,0128,Terra,MODIS,85,6.2,309.2,27.8,D,0
-13.7041,134.6568,333.8,1,1,2014-08-22,0128,Terra,MODIS,83,6.2,309.9,24.1,D,0
-13.5074,132.3165,337.3,1,1,2014-08-22,0128,Terra,MODIS,86,6.2,309.8,27.7,D,0
-12.3638,135.2455,319.2,1.1,1,2014-08-22,0128,Terra,MODIS,28,6.2,307.6,6.5,D,0
-13.189,132.3462,326.4,1,1,2014-08-22,0128,Terra,MODIS,72,6.2,309.8,12.3,D,0
-12.3891,136.6559,316,1.2,1.1,2014-08-22,0128,Terra,MODIS,37,6.2,305.3,8.2,D,0
-12.388,136.6509,319.8,1.2,1.1,2014-08-22,0128,Terra,MODIS,31,6.2,304.8,11.3,D,0
-12.3781,136.6522,330.9,1.2,1.1,2014-08-22,0128,Terra,MODIS,82,6.2,308.7,27.2,D,0
-12.0932,136.3532,330.3,1.2,1.1,2014-08-22,0128,Terra,MODIS,83,6.2,306.1,25,D,0
-12.0947,136.3641,328.6,1.2,1.1,2014-08-22,0128,Terra,MODIS,82,6.2,307.4,21.5,D,0
-12.1157,136.3724,330.9,1.2,1.1,2014-08-22,0128,Terra,MODIS,83,6.2,307,27.2,D,0
-12.1172,136.3834,328.7,1.2,1.1,2014-08-22,0128,Terra,MODIS,82,6.2,308.3,24.2,D,0
-13.7461,132.251,328.7,1,1,2014-08-22,0128,Terra,MODIS,77,6.2,310,15.1,D,0
-13.487,134.2948,318.9,1,1,2014-08-22,0128,Terra,MODIS,48,6.2,306,6.8,D,0
-12.9887,132.3024,323,1,1,2014-08-22,0128,Terra,MODIS,24,6.2,312.3,7.3,D,0
-12.3104,135.7887,321.1,1.1,1.1,2014-08-22,0128,Terra,MODIS,43,6.2,305.7,11.7,D,0
-13.609,134.1214,320.4,1,1,2014-08-22,0128,Terra,MODIS,57,6.2,309.6,6.7,D,0
-12.3765,136.6408,327.9,1.2,1.1,2014-08-22,0128,Terra,MODIS,72,6.2,305.1,22.5,D,0
-12.7867,132.0026,323.3,1.1,1,2014-08-22,0128,Terra,MODIS,58,6.2,309,9.5,D,0
-13.4428,132.4422,325.5,1,1,2014-08-22,0128,Terra,MODIS,63,6.2,307.1,14,D,0
-13.4341,132.4404,334.8,1,1,2014-08-22,0128,Terra,MODIS,83,6.2,308.4,26.3,D,0
-13.9359,136.4918,318.5,1.3,1.1,2014-08-22,0128,Terra,MODIS,52,6.2,303.6,13,D,0
-13.9374,136.5034,327.4,1.3,1.1,2014-08-22,0128,Terra,MODIS,79,6.2,302.9,26.8,D,0
-13.5597,135.5255,319.4,1.1,1.1,2014-08-22,0128,Terra,MODIS,64,6.2,304.4,11.6,D,0
-13.9459,136.4904,315.8,1.3,1.1,2014-08-22,0128,Terra,MODIS,33,6.2,305.4,9.5,D,0
-12.9983,132.2426,325.8,1,1,2014-08-22,0128,Terra,MODIS,31,6.2,312.5,9,D,0
-12.9542,135.519,323.6,1.1,1,2014-08-22,0128,Terra,MODIS,47,6.2,305.5,12,D,0
-14.9167,142.3522,310.6,3.6,1.8,2014-08-22,0128,Terra,MODIS,15,6.2,295.5,23.8,D,0
-13.6614,134.4877,327.7,1,1,2014-08-22,0128,Terra,MODIS,58,6.2,304.9,12.7,D,0
-12.6602,135.6622,324.8,1.1,1.1,2014-08-22,0128,Terra,MODIS,71,6.2,306.3,13.2,D,0
-12.1691,133.1578,324.7,1,1,2014-08-22,0128,Terra,MODIS,66,6.2,312.4,7.8,D,0
-13.6732,134.5054,364.1,1,1,2014-08-22,0128,Terra,MODIS,100,6.2,316.2,84,D,0
-12.6726,135.8923,329,1.1,1.1,2014-08-22,0128,Terra,MODIS,65,6.2,307.5,18.9,D,0
-12.2469,133.3708,324.6,1,1,2014-08-22,0128,Terra,MODIS,62,6.2,311.7,10.3,D,0
-12.7652,131.986,339.7,1.1,1,2014-08-22,0128,Terra,MODIS,87,6.2,310.8,31.4,D,0
-13.6451,134.4962,421.9,1,1,2014-08-22,0128,Terra,MODIS,100,6.2,321.1,419,D,0
-13.3024,135.5176,326.7,1.1,1.1,2014-08-22,0128,Terra,MODIS,76,6.2,305.3,19.2,D,0
-12.942,135.5003,356.7,1.1,1,2014-08-22,0128,Terra,MODIS,98,6.2,307.6,78,D,0
-12.2455,133.3616,322.1,1,1,2014-08-22,0128,Terra,MODIS,58,6.2,309.1,8.3,D,0
-12.9434,135.5104,346.1,1.1,1,2014-08-22,0128,Terra,MODIS,93,6.2,308.5,50.6,D,0
-12.7571,135.1779,325.5,1.1,1,2014-08-22,0128,Terra,MODIS,70,6.2,308.9,11.7,D,0
-12.4835,135.5757,322.1,1.1,1,2014-08-22,0128,Terra,MODIS,70,6.2,308.7,12.9,D,0
-13.6536,134.4986,382.4,1,1,2014-08-22,0128,Terra,MODIS,100,6.2,317.8,154.4,D,0
-12.4713,135.5569,333.9,1.1,1,2014-08-22,0128,Terra,MODIS,84,6.2,308.6,27.6,D,0
-13.043,134.8513,331.6,1,1,2014-08-22,0128,Terra,MODIS,82,6.2,309.1,22.4,D,0
-12.4043,133.9378,319.3,1,1,2014-08-22,0128,Terra,MODIS,50,6.2,305.3,7.6,D,0
-12.0246,134.047,359.8,1,1,2014-08-22,0128,Terra,MODIS,99,6.2,312.3,76,D,0
-12.4905,133.8349,322.3,1,1,2014-08-22,0128,Terra,MODIS,30,6.2,306.2,9.7,D,0
-12.0037,134.0939,318.1,1,1,2014-08-22,0128,Terra,MODIS,35,6.2,307.1,4.8,D,0
-12.8925,135.5591,325.4,1.1,1.1,2014-08-22,0128,Terra,MODIS,75,6.2,308.4,14.8,D,0
-13.6628,134.4972,391.8,1,1,2014-08-22,0128,Terra,MODIS,100,6.2,318.9,201,D,0
-12.1816,134.6839,332.4,1,1,2014-08-22,0128,Terra,MODIS,82,6.2,308.1,24.6,D,0
-12.1208,133.7005,318.5,1,1,2014-08-22,0128,Terra,MODIS,20,6.2,308,3.9,D,0
-13.636,134.4975,363.8,1,1,2014-08-22,0128,Terra,MODIS,100,6.2,307.8,90.4,D,0
-11.915,133.6786,321.8,1,1,2014-08-22,0128,Terra,MODIS,36,6.2,310.8,8.2,D,0
-12.4932,133.8532,319.5,1,1,2014-08-22,0128,Terra,MODIS,51,6.2,304.9,8.2,D,0
-12.3106,134.6241,321.4,1,1,2014-08-22,0128,Terra,MODIS,65,6.2,307.5,9.9,D,0
-12.705,135.1918,322.5,1.1,1,2014-08-22,0128,Terra,MODIS,55,6.2,312.1,7.9,D,0
-12.776,131.9943,337.3,1.1,1,2014-08-22,0128,Terra,MODIS,83,6.2,307.6,27.1,D,0
-12.6563,135.4977,326.8,1.1,1,2014-08-22,0128,Terra,MODIS,76,6.2,308.7,17.7,D,0
-12.7545,131.9778,327.5,1.1,1,2014-08-22,0128,Terra,MODIS,60,6.2,309.6,13.3,D,0
-12.9514,135.499,325.1,1.1,1,2014-08-22,0128,Terra,MODIS,49,6.2,306.2,15.4,D,0
-12.5442,135.4895,338.3,1.1,1,2014-08-22,0128,Terra,MODIS,87,6.2,308.6,35.8,D,0
-12.6822,135.8909,333.6,1.1,1.1,2014-08-22,0128,Terra,MODIS,78,6.2,305.6,28.1,D,0
-13.6719,134.4959,402.6,1,1,2014-08-22,0128,Terra,MODIS,100,6.2,320.4,264.1,D,0
-12.1795,133.1656,321.3,1,1,2014-08-22,0128,Terra,MODIS,38,6.2,310.5,4.5,D,0
-12.4408,133.811,338.9,1,1,2014-08-22,0128,Terra,MODIS,87,6.2,306.9,32.9,D,0
-12.4789,133.818,337.8,1,1,2014-08-22,0128,Terra,MODIS,78,6.2,307.4,28.4,D,0
-12.4318,133.8123,369.7,1,1,2014-08-22,0128,Terra,MODIS,100,6.2,306.2,107.1,D,0
-12.5409,142.1523,316.8,3.2,1.7,2014-08-22,0128,Terra,MODIS,59,6.2,297.1,39.5,D,0
-12.8128,136.3947,322.4,1.2,1.1,2014-08-22,0128,Terra,MODIS,71,6.2,304.9,15.5,D,0
-12.8994,136.0641,335.2,1.2,1.1,2014-08-22,0128,Terra,MODIS,85,6.2,305.8,35.9,D,0
-12.4367,133.7836,387,1,1,2014-08-22,0128,Terra,MODIS,100,6.2,308.3,177.1,D,0
-13.6465,134.5057,368.3,1,1,2014-08-22,0128,Terra,MODIS,100,6.2,313.4,102.1,D,0
-12.5375,142.1235,315.6,3.2,1.7,2014-08-22,0128,Terra,MODIS,51,6.2,297.3,32.8,D,0
-12.806,136.3562,331.8,1.2,1.1,2014-08-22,0128,Terra,MODIS,82,6.2,305.3,27.2,D,0
-12.8068,136.3502,319.7,1.2,1.1,2014-08-22,0128,Terra,MODIS,63,6.2,304.6,10.9,D,0
-12.4775,133.8089,330.2,1,1,2014-08-22,0128,Terra,MODIS,48,6.2,305.3,18.4,D,0
-12.5384,142.1456,319.7,3.2,1.7,2014-08-22,0128,Terra,MODIS,61,6.2,297.1,50.8,D,0
-13.6824,134.5041,352.3,1,1,2014-08-22,0128,Terra,MODIS,96,6.2,314.8,53.5,D,0
-12.183,134.6932,329.2,1,1,2014-08-22,0128,Terra,MODIS,79,6.2,305,20.3,D,0
-13.2889,135.3538,317.8,1.1,1,2014-08-22,0128,Terra,MODIS,57,6.2,304.3,8.7,D,0
-12.6682,135.6507,321.5,1.1,1.1,2014-08-22,0128,Terra,MODIS,34,6.2,305.3,9.1,D,0
-12.2805,134.9916,359.6,1,1,2014-08-22,0128,Terra,MODIS,99,6.2,309.5,81.6,D,0
-12.4919,133.8441,329.4,1,1,2014-08-22,0128,Terra,MODIS,79,6.2,306,19,D,0
-12.4381,133.7927,345.3,1,1,2014-08-22,0128,Terra,MODIS,92,6.2,307.1,45.5,D,0
-12.2819,135.0012,319.6,1,1,2014-08-22,0128,Terra,MODIS,40,6.2,306.7,8.6,D,0
-12.4511,135.5495,335,1.1,1,2014-08-22,0128,Terra,MODIS,85,6.2,307.6,29.9,D,0
-12.579,135.6699,316,1.1,1.1,2014-08-22,0128,Terra,MODIS,45,6.2,305.8,6.1,D,0
-13.1785,135.4267,334.8,1.1,1,2014-08-22,0128,Terra,MODIS,84,6.2,305.7,28.6,D,0
-12.7775,132.0041,349,1.1,1,2014-08-22,0128,Terra,MODIS,94,6.2,312.2,50.9,D,0
-12.6616,135.6724,321.2,1.1,1.1,2014-08-22,0128,Terra,MODIS,52,6.2,306.6,9.3,D,0
-12.6414,136.2623,320.2,1.2,1.1,2014-08-22,0128,Terra,MODIS,60,6.2,306.3,11.6,D,0
-12.3964,132.6496,320.4,1,1,2014-08-22,0128,Terra,MODIS,41,6.2,308.3,6.1,D,0
-12.613,135.8435,318.2,1.1,1.1,2014-08-22,0128,Terra,MODIS,41,6.2,303,9.4,D,0
-12.578,135.5256,321.2,1.1,1,2014-08-22,0128,Terra,MODIS,14,6.2,309.2,9.3,D,0
-12.3429,133.5832,327,1,1,2014-08-22,0128,Terra,MODIS,75,6.2,309.9,13.9,D,0
-13.1907,135.4455,324.1,1.1,1,2014-08-22,0128,Terra,MODIS,63,6.2,306,13.2,D,0
-12.1622,133.483,321.5,1,1,2014-08-22,0128,Terra,MODIS,53,6.2,308.3,8.2,D,0
-12.5113,131.0747,357.6,1.2,1.1,2014-08-22,0128,Terra,MODIS,98,6.2,309,89.5,D,0
-12.4892,133.8258,331.1,1,1,2014-08-22,0128,Terra,MODIS,81,6.2,306.1,20.5,D,0
-13.6601,134.4782,324.2,1,1,2014-08-22,0128,Terra,MODIS,49,6.2,304.6,8.8,D,0
-13.6374,134.507,361.7,1,1,2014-08-22,0128,Terra,MODIS,100,6.2,309.7,82.8,D,0
-12.5096,131.064,333.4,1.2,1.1,2014-08-22,0128,Terra,MODIS,83,6.2,305.7,30.7,D,0
-12.7478,135.1793,324.3,1.1,1,2014-08-22,0128,Terra,MODIS,57,6.2,310.7,10.9,D,0
-12.521,131.0731,317,1.2,1.1,2014-08-22,0128,Terra,MODIS,46,6.2,304.4,7.4,D,0
-13.1238,134.392,326.8,1,1,2014-08-22,0128,Terra,MODIS,76,6.2,308.1,14.6,D,0
-12.2877,136.59,329.8,1.2,1.1,2014-08-22,0128,Terra,MODIS,56,6.2,305.1,24.4,D,0
-12.926,135.5231,320.8,1.1,1,2014-08-22,0128,Terra,MODIS,45,6.2,304.8,10,D,0
-12.9166,135.5245,324.9,1.1,1,2014-08-22,0128,Terra,MODIS,74,6.2,306.3,15.6,D,0
-12.0032,136.2948,317.8,1.2,1.1,2014-08-22,0128,Terra,MODIS,27,6.2,305.8,8.7,D,0
-13.0996,135.1805,325.5,1.1,1,2014-08-22,0128,Terra,MODIS,49,6.2,309.9,12.5,D,0
-12.8935,135.497,318.5,1.1,1,2014-08-22,0128,Terra,MODIS,46,6.2,307.7,7.5,D,0
-12.4672,133.8011,319.3,1,1,2014-08-22,0128,Terra,MODIS,15,6.2,304,7.7,D,0
-13.1893,135.4354,327.4,1.1,1,2014-08-22,0128,Terra,MODIS,74,6.2,305.6,17.7,D,0
-12.4686,133.8102,323.5,1,1,2014-08-22,0128,Terra,MODIS,39,6.2,304.6,11,D,0
-12.4497,135.5395,342.5,1.1,1,2014-08-22,0128,Terra,MODIS,90,6.2,307.8,43.7,D,0
-12.6828,135.6173,318.3,1.1,1.1,2014-08-22,0128,Terra,MODIS,57,6.2,304.8,8.9,D,0
-12.9855,135.498,324.8,1.1,1,2014-08-22,0128,Terra,MODIS,72,6.2,304.8,14.9,D,0
-13.105,135.1732,324.2,1.1,1,2014-08-22,0128,Terra,MODIS,73,6.2,307.6,13.6,D,0
-12.8083,136.3614,320.7,1.2,1.1,2014-08-22,0128,Terra,MODIS,65,6.2,305,11.9,D,0
-12.0259,134.0561,328.2,1,1,2014-08-22,0128,Terra,MODIS,74,6.2,307.1,16.9,D,0
-13.1224,134.3827,326.9,1,1,2014-08-22,0128,Terra,MODIS,76,6.2,310,14.1,D,0
-12.9622,135.5076,340.4,1.1,1,2014-08-22,0128,Terra,MODIS,89,6.2,305.7,38.2,D,0
-12.624,135.8525,346.8,1.1,1.1,2014-08-22,0128,Terra,MODIS,93,6.2,306.4,54.8,D,0
-12.5901,135.8891,327.5,1.1,1.1,2014-08-22,0128,Terra,MODIS,78,6.2,308.1,15.8,D,0
-12.0523,134.1738,321.6,1,1,2014-08-22,0128,Terra,MODIS,43,6.2,305.9,8.9,D,0
-13.6103,134.1307,321.6,1,1,2014-08-22,0128,Terra,MODIS,59,6.2,309.4,7.9,D,0
-13.0982,135.1706,335,1.1,1,2014-08-22,0128,Terra,MODIS,85,6.2,310.2,25.9,D,0
-13.681,134.4946,347.5,1,1,2014-08-22,0128,Terra,MODIS,93,6.2,314.6,43,D,0
-13.1799,135.4368,336.5,1.1,1,2014-08-22,0128,Terra,MODIS,86,6.2,308.1,30.6,D,0
-12.4331,133.8215,317.3,1,1,2014-08-22,0128,Terra,MODIS,26,6.2,303.8,6.9,D,0
-12.6399,136.2514,333.5,1.2,1.1,2014-08-22,0128,Terra,MODIS,84,6.2,305.8,31.7,D,0
-12.9528,135.509,340.8,1.1,1,2014-08-22,0128,Terra,MODIS,89,6.2,308.7,40.7,D,0
-12.0248,134.1749,331.6,1,1,2014-08-22,0128,Terra,MODIS,61,6.2,307.4,19.3,D,0
-12.2792,134.982,339.8,1,1,2014-08-22,0128,Terra,MODIS,88,6.2,307.2,36.9,D,0
-13.1341,130.164,323.1,1.3,1.1,2014-08-22,0128,Terra,MODIS,51,6.2,308.9,14.2,D,0
-12.8663,130.3472,327.3,1.3,1.1,2014-08-22,0128,Terra,MODIS,0,6.2,306.7,25,D,0
-12.8582,130.3604,325.5,1.3,1.1,2014-08-22,0128,Terra,MODIS,66,6.2,303.1,21.5,D,0
-12.8563,130.3488,328.3,1.3,1.1,2014-08-22,0128,Terra,MODIS,0,6.2,304.1,26.6,D,0
-12.4136,132.3416,326.9,1,1,2014-08-22,0128,Terra,MODIS,76,6.2,308.2,15.9,D,0
-12.8381,130.3637,328.1,1.3,1.1,2014-08-22,0128,Terra,MODIS,65,6.2,306.2,27.1,D,0
-12.8376,130.3579,350.2,1.3,1.1,2014-08-22,0128,Terra,MODIS,0,6.2,308.3,79.6,D,0
-13.1322,130.1521,326.3,1.3,1.1,2014-08-22,0128,Terra,MODIS,63,6.2,307.3,19.3,D,0
-12.793,130.4009,360.2,1.3,1.1,2014-08-22,0128,Terra,MODIS,100,6.2,309.4,110.7,D,0
-12.7911,130.3893,334.7,1.3,1.1,2014-08-22,0128,Terra,MODIS,83,6.2,306.1,38.4,D,0
-12.7893,130.3777,324.4,1.3,1.1,2014-08-22,0128,Terra,MODIS,65,6.2,305.2,19.3,D,0
-14.3552,129.4906,324.9,1.4,1.2,2014-08-22,0129,Terra,MODIS,71,6.2,306.6,20.3,D,0
-14.3573,129.5031,327.2,1.4,1.2,2014-08-22,0129,Terra,MODIS,77,6.2,310.3,23.7,D,0
-14.2586,129.5066,322.6,1.4,1.2,2014-08-22,0129,Terra,MODIS,71,6.2,307.5,15.3,D,0
-15.1923,125.9825,360.3,2.4,1.5,2014-08-22,0129,Terra,MODIS,100,6.2,303.6,274,D,0
-14.1423,129.6854,328.2,1.3,1.1,2014-08-22,0129,Terra,MODIS,78,6.2,306.1,23.5,D,0
-14.1321,129.6871,323.2,1.3,1.1,2014-08-22,0129,Terra,MODIS,72,6.2,310,16.1,D,0
-14.3597,129.4958,340.5,1.4,1.2,2014-08-22,0129,Terra,MODIS,89,6.2,309.8,52.8,D,0
-16.6055,128.4088,332.7,1.5,1.2,2014-08-22,0129,Terra,MODIS,83,6.2,309.7,39.7,D,0
-13.9168,130.0624,345.3,1.3,1.1,2014-08-22,0129,Terra,MODIS,92,6.2,309.5,62.8,D,0
-16.0436,128.9091,324.8,1.4,1.2,2014-08-22,0129,Terra,MODIS,75,6.2,308.6,20,D,0
-16.2642,128.3087,324.6,1.5,1.2,2014-08-22,0129,Terra,MODIS,75,6.2,306,23.8,D,0
-15.9405,128.9082,319.1,1.4,1.2,2014-08-22,0129,Terra,MODIS,48,6.2,305,11.2,D,0
-16.2619,128.2945,366.2,1.5,1.2,2014-08-22,0129,Terra,MODIS,100,6.2,308.5,175.8,D,0
-15.1962,126.0042,355.8,2.3,1.5,2014-08-22,0129,Terra,MODIS,98,6.2,305.8,229.1,D,0
-16.4594,128.5056,314.8,1.5,1.2,2014-08-22,0129,Terra,MODIS,42,6.2,304,8.5,D,0
-13.9149,130.0508,334.9,1.3,1.1,2014-08-22,0129,Terra,MODIS,84,6.2,305.4,38.6,D,0
-15.9867,128.9261,320.1,1.4,1.2,2014-08-22,0129,Terra,MODIS,57,6.2,305.2,12.9,D,0
-14.2514,129.7238,323.2,1.3,1.1,2014-08-22,0129,Terra,MODIS,72,6.2,307.3,15.9,D,0
-14.2498,129.6486,329.3,1.3,1.1,2014-08-22,0129,Terra,MODIS,80,6.2,307.8,27.3,D,0
-14.13,129.6748,322.5,1.3,1.1,2014-08-22,0129,Terra,MODIS,71,6.2,307.9,15.3,D,0
-15.5559,129.1114,320,1.4,1.2,2014-08-22,0129,Terra,MODIS,28,6.2,308.7,11.8,D,0
-15.8956,128.8677,317.4,1.4,1.2,2014-08-22,0129,Terra,MODIS,43,6.2,305.2,10.3,D,0
-15.9427,128.9211,317.8,1.4,1.2,2014-08-22,0129,Terra,MODIS,42,6.2,304.2,9.6,D,0
-15.9062,128.8661,318.3,1.4,1.2,2014-08-22,0129,Terra,MODIS,36,6.2,304.4,11.1,D,0
-14.2643,129.4989,318.6,1.4,1.2,2014-08-22,0129,Terra,MODIS,49,6.2,307.6,8.2,D,0
-15.9084,128.8798,335.5,1.4,1.2,2014-08-22,0129,Terra,MODIS,86,6.2,305.5,45.2,D,0
-16.3203,136.0397,327.1,1.3,1.1,2014-08-22,0129,Terra,MODIS,60,6.2,309.8,19.3,D,0
-15.102,134.9337,329.3,1.1,1,2014-08-22,0129,Terra,MODIS,20,6.2,308.6,17.5,D,0
-15.1095,135.095,351.6,1.1,1.1,2014-08-22,0129,Terra,MODIS,95,6.2,306.6,67.3,D,0
-15.8098,135.7283,319.9,1.2,1.1,2014-08-22,0129,Terra,MODIS,39,6.2,304.5,11.1,D,0
-16.2231,135.7677,346,1.2,1.1,2014-08-22,0129,Terra,MODIS,92,6.2,310,57.1,D,0
-16.332,136.0502,325.9,1.3,1.1,2014-08-22,0129,Terra,MODIS,52,6.2,309.7,16.7,D,0
-16.1919,135.7662,339.8,1.2,1.1,2014-08-22,0129,Terra,MODIS,79,6.2,309.8,40.5,D,0
-15.1086,134.9121,352.8,1.1,1,2014-08-22,0129,Terra,MODIS,96,6.2,309.5,65.4,D,0
-15.8939,135.7451,320.3,1.2,1.1,2014-08-22,0129,Terra,MODIS,58,6.2,305.3,11.2,D,0
-15.1329,135.1589,326.6,1.1,1.1,2014-08-22,0129,Terra,MODIS,46,6.2,307.9,14.5,D,0
-15.9337,135.8911,330.1,1.2,1.1,2014-08-22,0129,Terra,MODIS,75,6.2,309.4,24.4,D,0
-15.9076,135.8479,320.8,1.2,1.1,2014-08-22,0129,Terra,MODIS,43,6.2,307,11.5,D,0
-15.1518,135.1562,324,1.1,1.1,2014-08-22,0129,Terra,MODIS,40,6.2,309.3,8.7,D,0
-15.1166,134.9007,341.6,1.1,1,2014-08-22,0129,Terra,MODIS,89,6.2,304.8,41.5,D,0
-15.7786,135.8718,345.6,1.2,1.1,2014-08-22,0129,Terra,MODIS,92,6.2,308.6,56.9,D,0
-15.1007,134.9236,334.9,1.1,1,2014-08-22,0129,Terra,MODIS,69,6.2,309.8,27.3,D,0
-15.1114,134.9324,334,1.1,1,2014-08-22,0129,Terra,MODIS,79,6.2,311.7,23.1,D,0
-15.7885,135.8703,331,1.2,1.1,2014-08-22,0129,Terra,MODIS,81,6.2,308.8,25.3,D,0
-15.0866,134.9321,346.8,1.1,1,2014-08-22,0129,Terra,MODIS,93,6.2,308.6,51.1,D,0
-16.1866,135.8021,326.7,1.2,1.1,2014-08-22,0129,Terra,MODIS,67,6.2,308.5,19.2,D,0
-16.1851,135.7906,330.2,1.2,1.1,2014-08-22,0129,Terra,MODIS,72,6.2,310.5,23.4,D,0
-15.118,134.9108,384.5,1.1,1,2014-08-22,0129,Terra,MODIS,100,6.2,312.7,184.4,D,0
-16.1835,135.7791,330.9,1.2,1.1,2014-08-22,0129,Terra,MODIS,39,6.2,309.4,23.4,D,0
-15.8015,135.7411,322.1,1.2,1.1,2014-08-22,0129,Terra,MODIS,54,6.2,304.2,13.5,D,0
-15.11,134.9222,351.8,1.1,1,2014-08-22,0129,Terra,MODIS,96,6.2,310.9,60.2,D,0
-15.088,134.9422,337.5,1.1,1,2014-08-22,0129,Terra,MODIS,87,6.2,309.1,31.7,D,0
-14.3648,134.9156,319.7,1.1,1,2014-08-22,0129,Terra,MODIS,56,6.2,307.4,8,D,0
-15.1424,135.1575,328.9,1.1,1.1,2014-08-22,0129,Terra,MODIS,48,6.2,308.5,15.1,D,0
-15.1072,134.902,318.4,1.1,1,2014-08-22,0129,Terra,MODIS,27,6.2,306.3,8.4,D,0
-15.8,135.7297,318.8,1.2,1.1,2014-08-22,0129,Terra,MODIS,48,6.2,303,10.1,D,0
-16.3304,136.0383,328.2,1.3,1.1,2014-08-22,0129,Terra,MODIS,61,6.2,308.1,21.7,D,0
-16.182,135.7676,330.7,1.2,1.1,2014-08-22,0129,Terra,MODIS,62,6.2,308.7,24.5,D,0
-15.1081,135.0848,317.6,1.1,1.1,2014-08-22,0129,Terra,MODIS,49,6.2,301.4,9.6,D,0
-15.1194,134.9209,333.9,1.1,1,2014-08-22,0129,Terra,MODIS,76,6.2,311.1,24.5,D,0
-15.9182,135.7766,320.7,1.2,1.1,2014-08-22,0129,Terra,MODIS,51,6.2,308.1,11.4,D,0
-16.2276,135.8022,325.1,1.2,1.1,2014-08-22,0129,Terra,MODIS,59,6.2,309.4,15,D,0
-16.1736,135.7805,334.5,1.2,1.1,2014-08-22,0129,Terra,MODIS,50,6.2,308.8,30.9,D,0
-16.3187,136.0278,346.5,1.3,1.1,2014-08-22,0129,Terra,MODIS,93,6.2,308.1,62.5,D,0
-15.7246,135.8508,320.4,1.2,1.1,2014-08-22,0129,Terra,MODIS,36,6.2,308.2,9.9,D,0
-17.1963,138.9551,332.2,2.1,1.4,2014-08-22,0129,Terra,MODIS,56,6.2,305.2,63.5,D,0
-17.209,138.9536,347.6,2.1,1.4,2014-08-22,0129,Terra,MODIS,93,6.2,308.4,137.7,D,0
-17.2833,138.7032,319.8,2,1.4,2014-08-22,0129,Terra,MODIS,17,6.2,308.2,18.6,D,0
-16.3504,136.0412,340.8,1.3,1.1,2014-08-22,0129,Terra,MODIS,89,6.2,306.8,49.6,D,0
-16.3519,136.0531,328.4,1.3,1.1,2014-08-22,0129,Terra,MODIS,64,6.2,308.9,22.1,D,0
-16.3737,136.0624,340.6,1.3,1.1,2014-08-22,0129,Terra,MODIS,81,6.2,309,46.4,D,0
-16.3854,136.0731,328.4,1.3,1.1,2014-08-22,0129,Terra,MODIS,70,6.2,308.4,23.4,D,0
-16.3838,136.0611,349,1.3,1.1,2014-08-22,0129,Terra,MODIS,94,6.2,307.2,72.5,D,0
-17.3128,138.9545,319.9,2.1,1.4,2014-08-22,0129,Terra,MODIS,53,6.2,308.5,21.8,D,0
-17.2805,138.8986,332.1,2.1,1.4,2014-08-22,0129,Terra,MODIS,83,6.2,308.3,63,D,0
-15.2279,134.9718,327.1,1.1,1,2014-08-22,0129,Terra,MODIS,74,6.2,310.4,14.3,D,0
-15.6258,137.0236,320.6,1.4,1.2,2014-08-22,0129,Terra,MODIS,0,6.2,304,20.5,D,0
-14.5314,132.2067,322.8,1,1,2014-08-22,0129,Terra,MODIS,69,6.2,310.3,9.5,D,0
-15.1029,135.117,357.9,1.1,1.1,2014-08-22,0129,Terra,MODIS,99,6.2,309.7,79.5,D,0
-15.1164,135.1086,341.6,1.1,1.1,2014-08-22,0129,Terra,MODIS,89,6.2,307.9,41.6,D,0
-15.115,135.0983,336.3,1.1,1.1,2014-08-22,0129,Terra,MODIS,86,6.2,304.4,32.9,D,0
-15.2453,134.9589,323.3,1.1,1,2014-08-22,0129,Terra,MODIS,51,6.2,309.3,10.9,D,0
-15.2857,135.11,327.9,1.1,1.1,2014-08-22,0129,Terra,MODIS,77,6.2,309,16.4,D,0
-15.2842,135.0997,326.7,1.1,1.1,2014-08-22,0129,Terra,MODIS,76,6.2,307.3,14.8,D,0
-15.1396,134.9283,340.4,1.1,1,2014-08-22,0129,Terra,MODIS,89,6.2,308.3,37.9,D,0
-15.1955,134.9453,321,1.1,1,2014-08-22,0129,Terra,MODIS,38,6.2,308.7,7.7,D,0
-15.141,134.9384,336.5,1.1,1,2014-08-22,0129,Terra,MODIS,86,6.2,310.3,29.7,D,0
-15.1705,134.9445,321.9,1.1,1,2014-08-22,0129,Terra,MODIS,54,6.2,310.1,9.7,D,0
-15.7733,137.0882,315,1.5,1.2,2014-08-22,0129,Terra,MODIS,0,6.2,301.2,9.4,D,0
-17.2356,139.0715,318,2.1,1.4,2014-08-22,0129,Terra,MODIS,20,6.2,306.6,17.5,D,0
-17.238,139.0917,328.7,2.2,1.4,2014-08-22,0129,Terra,MODIS,71,6.2,306.9,48.4,D,0
-17.254,139.1243,324,2.2,1.4,2014-08-22,0129,Terra,MODIS,27,6.2,304.8,29.3,D,0
-17.2427,139.1322,323.8,2.2,1.4,2014-08-22,0129,Terra,MODIS,57,6.2,306,31.1,D,0
-15.1178,135.1189,325.9,1.1,1.1,2014-08-22,0129,Terra,MODIS,56,6.2,307.4,15.2,D,0
-15.1258,135.1073,328.7,1.1,1.1,2014-08-22,0129,Terra,MODIS,48,6.2,307.4,18.6,D,0
-15.1272,135.1176,336.4,1.1,1.1,2014-08-22,0129,Terra,MODIS,81,6.2,310.1,29.8,D,0
-15.9437,135.8897,326.7,1.2,1.1,2014-08-22,0129,Terra,MODIS,70,6.2,308.4,20.2,D,0
-15.3366,133.0938,340.9,1,1,2014-08-22,0129,Terra,MODIS,89,6.2,312.6,33.9,D,0
-13.7896,131.9939,322.9,1,1,2014-08-22,0129,Terra,MODIS,68,6.2,312,7.6,D,0
-13.7911,132.0035,325.3,1,1,2014-08-22,0129,Terra,MODIS,73,6.2,311.1,10.4,D,0
-15.3587,133.1188,338.3,1,1,2014-08-22,0129,Terra,MODIS,87,6.2,309.8,28.4,D,0
-15.3353,133.0846,387.6,1,1,2014-08-22,0129,Terra,MODIS,100,6.2,318.5,177.3,D,0
-15.3263,133.0859,336.2,1,1,2014-08-22,0129,Terra,MODIS,86,6.2,308.9,27.9,D,0
-14.1009,132.1606,321.4,1,1,2014-08-22,0129,Terra,MODIS,65,6.2,310.3,7.6,D,0
-15.3443,133.0832,362.2,1,1,2014-08-22,0129,Terra,MODIS,100,6.2,305.4,82.2,D,0
-15.3456,133.0925,363,1,1,2014-08-22,0129,Terra,MODIS,100,6.2,308.9,84.1,D,0
-15.347,133.1017,325.5,1,1,2014-08-22,0129,Terra,MODIS,59,6.2,307,11.9,D,0
-15.3573,133.1096,328.4,1,1,2014-08-22,0129,Terra,MODIS,62,6.2,307.1,14.4,D,0
-15.36,133.1281,326.8,1,1,2014-08-22,0129,Terra,MODIS,77,6.2,308.6,13.5,D,0
-15.3628,133.1466,330.6,1,1,2014-08-22,0129,Terra,MODIS,74,6.2,308.7,17.9,D,0
-15.976,135.9023,376.5,1.2,1.1,2014-08-22,0129,Terra,MODIS,100,6.2,313.5,172.8,D,0
-15.3641,133.1558,332,1,1,2014-08-22,0129,Terra,MODIS,82,6.2,309.3,20.8,D,0
-15.3655,133.1651,323.9,1,1,2014-08-22,0129,Terra,MODIS,73,6.2,309.4,12.1,D,0
-15.986,135.9009,364.2,1.2,1.1,2014-08-22,0129,Terra,MODIS,100,6.2,312.1,116.1,D,0
-15.5908,131.3664,320.7,1.1,1,2014-08-22,0129,Terra,MODIS,66,6.2,307.9,9,D,0
-15.3339,133.0753,349.3,1,1,2014-08-22,0129,Terra,MODIS,94,6.2,305.2,52.6,D,0
-15.3614,133.1373,323.5,1,1,2014-08-22,0129,Terra,MODIS,64,6.2,308.1,10.2,D,0
-15.2265,126.0212,355.8,2.3,1.5,2014-08-22,0129,Terra,MODIS,98,6.2,305.6,231.1,D,0
-13.8492,130.1517,347.6,1.3,1.1,2014-08-22,0129,Terra,MODIS,93,6.2,309.2,64.4,D,0
-14.0601,132.1379,324.9,1,1,2014-08-22,0129,Terra,MODIS,72,6.2,310.6,9.6,D,0
-15.2094,126.0018,344.3,2.3,1.5,2014-08-22,0129,Terra,MODIS,92,6.2,304.6,145,D,0
-15.2226,125.9992,341.9,2.3,1.5,2014-08-22,0129,Terra,MODIS,90,6.2,303.4,131.9,D,0
-15.2303,126.0426,322.9,2.3,1.5,2014-08-22,0129,Terra,MODIS,58,6.2,303.2,39.7,D,0
-15.2182,125.9937,342.9,2.3,1.5,2014-08-22,0129,Terra,MODIS,88,6.2,303.2,135.2,D,0
-15.2222,126.0158,341.6,2.3,1.5,2014-08-22,0129,Terra,MODIS,90,6.2,305.8,126.2,D,0
-15.2354,126.0131,331.4,2.3,1.5,2014-08-22,0129,Terra,MODIS,83,6.2,301.1,74.7,D,0
-15.3299,126.0845,315.6,2.3,1.5,2014-08-22,0129,Terra,MODIS,57,6.2,302.9,23.9,D,0
-15.5129,128.2263,329.1,1.6,1.2,2014-08-22,0129,Terra,MODIS,80,6.2,308.5,30.9,D,0
-13.9181,130.134,392.3,1.3,1.1,2014-08-22,0129,Terra,MODIS,100,6.2,316.1,279.4,D,0
-13.92,130.1455,353.3,1.3,1.1,2014-08-22,0129,Terra,MODIS,96,6.2,310.8,80.9,D,0
-15.2055,125.9798,334.8,2.4,1.5,2014-08-22,0129,Terra,MODIS,83,6.2,301.5,94.4,D,0
-13.9162,130.1223,356.1,1.3,1.1,2014-08-22,0129,Terra,MODIS,98,6.2,307.6,91,D,0
-16.5895,128.1819,317.6,1.5,1.2,2014-08-22,0129,Terra,MODIS,58,6.2,305.3,11.2,D,0
-15.1496,126.1234,317.6,2.3,1.5,2014-08-22,0129,Terra,MODIS,29,6.2,304.5,20.3,D,0
-15.1537,126.1297,323,2.3,1.5,2014-08-22,0129,Terra,MODIS,73,6.2,304.3,41.5,D,0
-15.183,126.0069,320.3,2.3,1.5,2014-08-22,0129,Terra,MODIS,40,6.2,303.2,31.5,D,0
-13.91,130.1472,329,1.3,1.1,2014-08-22,0129,Terra,MODIS,31,6.2,310.5,21.7,D,0
-13.9081,130.1356,334.1,1.3,1.1,2014-08-22,0129,Terra,MODIS,66,6.2,310.1,29.7,D,0
-13.9092,130.1416,341,1.3,1.1,2014-08-22,0129,Terra,MODIS,72,6.2,310.9,43.1,D,0
-13.8611,130.1619,327.6,1.3,1.1,2014-08-22,0129,Terra,MODIS,76,6.2,306.9,19.5,D,0
-13.8593,130.1502,317.5,1.3,1.1,2014-08-22,0129,Terra,MODIS,34,6.2,306.3,5.3,D,0
-14.0306,130.1325,323.9,1.3,1.1,2014-08-22,0129,Terra,MODIS,60,6.2,309.9,12.9,D,0
-14.0787,130.1125,323.3,1.3,1.1,2014-08-22,0129,Terra,MODIS,70,6.2,310.5,12.3,D,0
-13.8511,130.1633,329.7,1.3,1.1,2014-08-22,0129,Terra,MODIS,79,6.2,308.6,22.9,D,0
-18.477,129.9428,342.9,1.1,1.1,2014-08-22,0130,Terra,MODIS,91,6.2,307.9,47,D,0
-18.4804,129.9641,348.9,1.1,1.1,2014-08-22,0130,Terra,MODIS,94,6.2,306.7,59.8,D,0
-18.4849,129.9304,328.6,1.1,1.1,2014-08-22,0130,Terra,MODIS,79,6.2,302.2,22.3,D,0
-18.4821,129.9747,331.1,1.1,1.1,2014-08-22,0130,Terra,MODIS,82,6.2,304.9,24.4,D,0
-18.3583,129.8373,319.3,1.2,1.1,2014-08-22,0130,Terra,MODIS,51,6.2,308,7.9,D,0
-18.4776,130.0082,363,1.1,1.1,2014-08-22,0130,Terra,MODIS,100,6.2,308.6,99.2,D,0
-18.4235,129.853,402.5,1.1,1.1,2014-08-22,0130,Terra,MODIS,100,6.2,315.6,315.2,D,0
-18.4793,130.0188,323.6,1.1,1.1,2014-08-22,0130,Terra,MODIS,71,6.2,305.5,12.1,D,0
-18.3566,129.8264,322.3,1.2,1.1,2014-08-22,0130,Terra,MODIS,71,6.2,307.1,12.3,D,0
-18.4865,129.9411,339.9,1.1,1.1,2014-08-22,0130,Terra,MODIS,89,6.2,303.7,41.6,D,0
-18.3806,130.1612,317,1.1,1.1,2014-08-22,0130,Terra,MODIS,49,6.2,304.9,7.5,D,0
-18.3043,129.8688,322.6,1.1,1.1,2014-08-22,0130,Terra,MODIS,64,6.2,305.4,12.9,D,0
-18.476,129.9976,356.2,1.1,1.1,2014-08-22,0130,Terra,MODIS,98,6.2,307.5,77.3,D,0
-18.4787,129.9534,332,1.1,1.1,2014-08-22,0130,Terra,MODIS,83,6.2,306.6,25.8,D,0
-18.4252,129.8638,347.6,1.1,1.1,2014-08-22,0130,Terra,MODIS,93,6.2,310,57,D,0
-20.0081,127.8497,317.5,1.4,1.2,2014-08-22,0130,Terra,MODIS,60,6.2,304.8,9.8,D,0
-19.9975,127.8517,327.8,1.4,1.2,2014-08-22,0130,Terra,MODIS,78,6.2,305.9,27.6,D,0
-18.433,129.8513,350.3,1.1,1.1,2014-08-22,0130,Terra,MODIS,95,6.2,302.2,65.8,D,0
-19.0341,121.7242,345.3,4.1,1.9,2014-08-22,0130,Terra,MODIS,92,6.2,301.5,336.1,D,0
-19.0418,121.7624,366.4,4,1.9,2014-08-22,0130,Terra,MODIS,100,6.2,304,721.5,D,0
-19.0507,121.7203,316.1,4.1,1.9,2014-08-22,0130,Terra,MODIS,58,6.2,299.3,57.5,D,0
-19.0584,121.7585,328.3,4,1.9,2014-08-22,0130,Terra,MODIS,80,6.2,300.2,149.9,D,0
-19.037,121.7973,320.5,4,1.9,2014-08-22,0130,Terra,MODIS,70,6.2,301.8,79.7,D,0
-19.0378,121.7175,327.8,4.1,1.9,2014-08-22,0130,Terra,MODIS,61,6.2,300.9,137.9,D,0
-19.0457,121.7556,372.6,4,1.9,2014-08-22,0130,Terra,MODIS,100,6.2,304,879.7,D,0
-19.0086,121.7699,322.4,4,1.9,2014-08-22,0130,Terra,MODIS,73,6.2,302.1,90.6,D,0
-19.0163,121.8077,321.1,4,1.9,2014-08-22,0130,Terra,MODIS,71,6.2,302.8,80.2,D,0
-19.0252,121.7663,330.1,4,1.9,2014-08-22,0130,Terra,MODIS,78,6.2,302.4,153.3,D,0
-19.0125,121.7631,322.8,4,1.9,2014-08-22,0130,Terra,MODIS,53,6.2,302,90.9,D,0
-19.0205,121.8009,326,4,1.9,2014-08-22,0130,Terra,MODIS,70,6.2,303.1,115.8,D,0
-19.0291,121.7595,324.7,4,1.9,2014-08-22,0130,Terra,MODIS,76,6.2,301.9,113.8,D,0
-18.4182,129.8204,378.6,1.2,1.1,2014-08-22,0130,Terra,MODIS,100,6.2,310.1,168.9,D,0
-17.6663,122.8833,322.5,3.6,1.8,2014-08-22,0130,Terra,MODIS,73,6.2,299.3,88.3,D,0
-17.6505,122.8869,331.7,3.6,1.8,2014-08-22,0130,Terra,MODIS,83,6.2,301.8,151.3,D,0
-17.6467,122.7394,317.2,3.7,1.8,2014-08-22,0130,Terra,MODIS,40,6.2,301.1,53.3,D,0
-17.6627,122.736,317.8,3.7,1.8,2014-08-22,0130,Terra,MODIS,47,6.2,299.6,57.5,D,0
-17.665,122.9109,325.5,3.6,1.8,2014-08-22,0130,Terra,MODIS,68,6.2,301.9,102.2,D,0
-17.6728,122.9166,314.7,3.6,1.8,2014-08-22,0130,Terra,MODIS,48,6.2,300.6,43,D,0
-17.6398,122.7055,322.7,3.7,1.8,2014-08-22,0130,Terra,MODIS,72,6.2,301.8,89.5,D,0
-18.4217,129.8421,356.6,1.1,1.1,2014-08-22,0130,Terra,MODIS,98,6.2,305.8,82.1,D,0
-16.5565,123.8924,313.2,3.2,1.7,2014-08-22,0130,Terra,MODIS,53,6.2,300.2,29.8,D,0
-18.4104,129.8329,325.4,1.2,1.1,2014-08-22,0130,Terra,MODIS,59,6.2,308.6,15.8,D,0
-18.4165,129.8096,353.8,1.2,1.1,2014-08-22,0130,Terra,MODIS,97,6.2,304.8,75,D,0
-17.6557,122.7449,320.2,3.7,1.8,2014-08-22,0130,Terra,MODIS,70,6.2,300.2,77.3,D,0
-18.42,129.8313,354.3,1.2,1.1,2014-08-22,0130,Terra,MODIS,97,6.2,305.9,75.8,D,0
-17.6491,122.7108,332.9,3.7,1.8,2014-08-22,0130,Terra,MODIS,84,6.2,300.5,175.7,D,0
-17.6583,122.8777,333.8,3.6,1.8,2014-08-22,0130,Terra,MODIS,85,6.2,300.6,168.2,D,0
-35.4366,145.556,305.5,1,1,2014-08-22,0411,Aqua,MODIS,62,6.2,292.9,5.1,D,0
-34.5291,145.2159,331.5,1,1,2014-08-22,0411,Aqua,MODIS,87,6.2,296.5,27.8,D,0
-35.4245,145.0855,328.9,1.1,1,2014-08-22,0411,Aqua,MODIS,86,6.2,293.9,27.4,D,0
-35.379,144.8784,328,1.1,1,2014-08-22,0411,Aqua,MODIS,85,6.2,294,26.3,D,0
-35.423,145.0972,322.2,1.1,1,2014-08-22,0411,Aqua,MODIS,81,6.2,294.6,19.1,D,0
-35.3883,144.8802,311.1,1.1,1,2014-08-22,0411,Aqua,MODIS,68,6.2,292.8,8.1,D,0
-35.8526,145.2482,315.7,1.1,1,2014-08-22,0411,Aqua,MODIS,76,6.2,290.5,15.5,D,0
-35.4351,145.5674,302.9,1,1,2014-08-22,0411,Aqua,MODIS,45,6.2,292,3.5,D,0
-35.9923,145.9389,311.8,1,1,2014-08-22,0411,Aqua,MODIS,72,6.2,290.5,11.1,D,0
-34.5276,145.2272,379.3,1,1,2014-08-22,0411,Aqua,MODIS,100,6.2,300.9,154.1,D,0
-35.9907,145.9503,305.8,1,1,2014-08-22,0411,Aqua,MODIS,62,6.2,289.3,6.8,D,0
-35.3775,144.8903,307.9,1.1,1,2014-08-22,0411,Aqua,MODIS,30,6.2,292.8,5.9,D,0
-35.3868,144.8921,305.5,1.1,1,2014-08-22,0411,Aqua,MODIS,40,6.2,291.8,4.1,D,0
-36.5445,141.4825,360.8,1.6,1.2,2014-08-22,0411,Aqua,MODIS,100,6.2,303.2,167.5,D,0
-35.6166,143.7591,307.2,1.2,1.1,2014-08-22,0411,Aqua,MODIS,54,6.2,291.5,7.2,D,0
-35.053,143.808,317.2,1.2,1.1,2014-08-22,0411,Aqua,MODIS,71,6.2,292.1,15.6,D,0
-36.5332,141.4809,317.3,1.6,1.2,2014-08-22,0411,Aqua,MODIS,77,6.2,294.7,25.4,D,0
-36.5314,141.4989,307,1.6,1.2,2014-08-22,0411,Aqua,MODIS,55,6.2,292.8,10.3,D,0
-37.3425,144.1805,306.9,1.2,1.1,2014-08-22,0411,Aqua,MODIS,64,6.2,285.6,10.5,D,0
-37.3426,144.1754,305.2,1.2,1.1,2014-08-22,0411,Aqua,MODIS,61,6.2,285.4,11,D,0
-36.5427,141.5005,353.9,1.6,1.2,2014-08-22,0411,Aqua,MODIS,97,6.2,297.7,132.8,D,0
-36.5424,141.4874,383.4,1.6,1.2,2014-08-22,0411,Aqua,MODIS,100,6.2,303.5,324.3,D,0
-36.5407,141.5054,326.6,1.6,1.2,2014-08-22,0411,Aqua,MODIS,59,6.2,294.3,40.7,D,0
-36.5537,141.489,397.3,1.6,1.2,2014-08-22,0411,Aqua,MODIS,100,6.2,305.9,463.7,D,0
-36.552,141.507,339.5,1.6,1.2,2014-08-22,0411,Aqua,MODIS,91,6.2,296,77,D,0
-36.5745,141.5104,310.4,1.6,1.2,2014-08-22,0411,Aqua,MODIS,25,6.2,294.8,14.8,D,0
-34.7833,141.6092,309.4,1.5,1.2,2014-08-22,0411,Aqua,MODIS,46,6.2,297.4,9.1,D,0
-30.8073,148.5597,310.7,1.2,1.1,2014-08-22,0412,Aqua,MODIS,68,6.2,297,7,D,0
-31.1276,146.4053,312.3,1,1,2014-08-22,0412,Aqua,MODIS,70,6.2,294.7,7.4,D,0
-33.649,146.0775,307.7,1,1,2014-08-22,0412,Aqua,MODIS,61,6.2,295.2,5.5,D,0
-31.8442,148.8728,310.2,1.2,1.1,2014-08-22,0412,Aqua,MODIS,68,6.2,294.2,10.7,D,0
-31.8421,148.8851,312.5,1.2,1.1,2014-08-22,0412,Aqua,MODIS,73,6.2,294.5,12.7,D,0
-31.1291,146.3947,311.2,1,1,2014-08-22,0412,Aqua,MODIS,69,6.2,295.7,6.4,D,0
-23.4946,149.7751,330.5,1.9,1.3,2014-08-22,0414,Aqua,MODIS,78,6.2,296.6,56.2,D,0
-23.4894,149.7671,326.1,1.9,1.3,2014-08-22,0414,Aqua,MODIS,41,6.2,298,43.1,D,0
-24.8758,148.5991,359.1,1.5,1.2,2014-08-22,0414,Aqua,MODIS,99,6.2,297,137.6,D,0
-24.8865,148.6015,341.2,1.5,1.2,2014-08-22,0414,Aqua,MODIS,92,6.2,300,69,D,0
-21.4706,148.3877,317.4,1.6,1.3,2014-08-22,0415,Aqua,MODIS,71,6.2,299,16.9,D,0
-20.7389,139.475,323.9,1.3,1.1,2014-08-22,0415,Aqua,MODIS,44,6.2,310,13,D,2
-15.5058,145.2057,317.9,1.3,1.1,2014-08-22,0416,Aqua,MODIS,41,6.2,298.8,12.3,D,0
-15.4976,145.1921,332.9,1.3,1.1,2014-08-22,0416,Aqua,MODIS,84,6.2,300.2,36.5,D,0
-15.3347,144.796,331.4,1.2,1.1,2014-08-22,0416,Aqua,MODIS,83,6.2,302.5,27.9,D,0
-15.3231,144.8056,331.8,1.2,1.1,2014-08-22,0416,Aqua,MODIS,83,6.2,302.8,28.6,D,0
-15.333,144.8073,322.2,1.2,1.1,2014-08-22,0416,Aqua,MODIS,36,6.2,303.6,13.4,D,0
-15.3213,144.8169,320.8,1.2,1.1,2014-08-22,0416,Aqua,MODIS,15,6.2,302.3,11.4,D,0
-15.5077,145.1938,333.5,1.3,1.1,2014-08-22,0416,Aqua,MODIS,85,6.2,300.8,37.1,D,0
-15.5153,145.2009,317.2,1.3,1.1,2014-08-22,0416,Aqua,MODIS,39,6.2,299.6,11.3,D,0
-17.2643,138.8871,324,1.3,1.1,2014-08-22,0416,Aqua,MODIS,18,6.2,307,14.9,D,0
-17.2379,138.933,351.1,1.3,1.1,2014-08-22,0416,Aqua,MODIS,95,6.2,310.7,75.2,D,0
-17.2382,138.9389,334.3,1.3,1.1,2014-08-22,0416,Aqua,MODIS,69,6.2,310.8,28.9,D,0
-17.228,138.9375,334.2,1.3,1.1,2014-08-22,0416,Aqua,MODIS,64,6.2,311.1,28.1,D,0
-17.2296,138.9254,350.1,1.3,1.1,2014-08-22,0416,Aqua,MODIS,94,6.2,309.4,70.9,D,0
-17.2225,138.8997,340.8,1.3,1.1,2014-08-22,0416,Aqua,MODIS,88,6.2,305.2,49.2,D,0
-17.2108,138.9104,329,1.3,1.1,2014-08-22,0416,Aqua,MODIS,76,6.2,308.9,23.9,D,0
-17.1858,138.9439,329.6,1.3,1.1,2014-08-22,0416,Aqua,MODIS,77,6.2,306.5,25.3,D,0
-17.221,138.9118,358.3,1.3,1.1,2014-08-22,0416,Aqua,MODIS,99,6.2,311,103.9,D,0
-17.289,138.6887,326.5,1.3,1.1,2014-08-22,0416,Aqua,MODIS,65,6.2,310.2,16.6,D,0
-17.1787,138.9183,326.5,1.3,1.1,2014-08-22,0416,Aqua,MODIS,72,6.2,306.3,19.5,D,0
-17.1772,138.9304,331.1,1.3,1.1,2014-08-22,0416,Aqua,MODIS,79,6.2,307.1,28.4,D,0
-17.3176,138.9564,324.6,1.3,1.1,2014-08-22,0416,Aqua,MODIS,21,6.2,313.5,10.7,D,0
-17.2856,138.9643,325.7,1.3,1.1,2014-08-22,0416,Aqua,MODIS,56,6.2,309.9,14.1,D,0
-17.2862,138.8777,339.6,1.3,1.1,2014-08-22,0416,Aqua,MODIS,87,6.2,308.3,44.3,D,0
-17.2847,138.8899,340.8,1.3,1.1,2014-08-22,0416,Aqua,MODIS,88,6.2,311.7,46.3,D,0
-17.276,138.8763,325.5,1.3,1.1,2014-08-22,0416,Aqua,MODIS,55,6.2,307.6,16.8,D,0
-16.479,139.6835,319.1,1.2,1.1,2014-08-22,0416,Aqua,MODIS,0,6.2,303.1,10.5,D,0
-16.5693,139.3891,319.2,1.2,1.1,2014-08-22,0416,Aqua,MODIS,54,6.2,306.9,9.3,D,0
-17.2401,139.08,325.4,1.3,1.1,2014-08-22,0416,Aqua,MODIS,67,6.2,308.5,14.4,D,0
-17.2526,139.1421,335.1,1.3,1.1,2014-08-22,0416,Aqua,MODIS,83,6.2,314.1,26.6,D,0
-17.2426,139.1407,334.3,1.3,1.1,2014-08-22,0416,Aqua,MODIS,80,6.2,313.6,24.3,D,0
-15.6248,145.2262,314.6,1.3,1.1,2014-08-22,0416,Aqua,MODIS,48,6.2,299,7.8,D,0
-15.6229,145.238,316.3,1.3,1.1,2014-08-22,0416,Aqua,MODIS,55,6.2,300.3,10.9,D,0
-13.5528,135.5204,332.9,2,1.4,2014-08-22,0417,Aqua,MODIS,82,6.2,305.9,66.3,D,0
-13.6742,134.625,327.9,2.3,1.5,2014-08-22,0417,Aqua,MODIS,45,6.2,308.9,49.7,D,0
-13.6686,134.5187,324.5,2.4,1.5,2014-08-22,0417,Aqua,MODIS,38,6.2,310.8,28.8,D,0
-13.4637,132.3111,327.2,3.5,1.8,2014-08-22,0417,Aqua,MODIS,62,6.2,307.2,86.9,D,0
-11.9807,142.5758,333.3,1.1,1,2014-08-22,0417,Aqua,MODIS,84,6.2,298.9,24.4,D,0
-11.9652,142.5538,357,1.1,1,2014-08-22,0417,Aqua,MODIS,98,6.2,305.9,73.5,D,0
-13.6694,134.6297,325.7,2.3,1.5,2014-08-22,0417,Aqua,MODIS,52,6.2,307.9,42.7,D,0
-12.045,142.5859,323.7,1.1,1,2014-08-22,0417,Aqua,MODIS,64,6.2,303.2,12.5,D,0
-13.5244,132.2934,322.1,3.5,1.8,2014-08-22,0417,Aqua,MODIS,30,6.2,308.9,52.9,D,0
-13.4732,132.3206,325.1,3.5,1.8,2014-08-22,0417,Aqua,MODIS,56,6.2,307.6,72.6,D,0
-13.749,132.2681,321.8,3.6,1.8,2014-08-22,0417,Aqua,MODIS,46,6.2,310.4,46.9,D,0
-15.3645,133.0976,326.7,3.2,1.7,2014-08-22,0417,Aqua,MODIS,63,6.2,306.9,78.9,D,0
-11.9778,142.5951,329.7,1.1,1,2014-08-22,0417,Aqua,MODIS,71,6.2,302.6,18.3,D,0
-13.9513,136.4967,317.9,1.7,1.3,2014-08-22,0417,Aqua,MODIS,57,6.2,304.1,17.2,D,0
-13.9398,136.4952,331,1.7,1.3,2014-08-22,0417,Aqua,MODIS,81,6.2,304.6,47.8,D,0
-11.9758,142.5456,317.6,1.1,1,2014-08-22,0417,Aqua,MODIS,29,6.2,295.4,6.9,D,0
-13.5509,135.515,333.7,2,1.4,2014-08-22,0417,Aqua,MODIS,83,6.2,305.7,68.4,D,0
-14.1278,136.451,323.8,1.7,1.3,2014-08-22,0417,Aqua,MODIS,0,6.2,304.3,33.4,D,0
-13.5862,132.1016,323,3.7,1.8,2014-08-22,0417,Aqua,MODIS,67,6.2,311.9,50.4,D,0
-11.9729,142.5648,351.8,1.1,1,2014-08-22,0417,Aqua,MODIS,96,6.2,303.9,59.2,D,0
-14.1422,132.1961,319,3.7,1.8,2014-08-22,0417,Aqua,MODIS,43,6.2,307.9,44.2,D,0
-15.337,133.0639,353.9,3.3,1.7,2014-08-22,0417,Aqua,MODIS,97,6.2,308.3,342,D,0
-11.9764,142.6047,349.8,1.1,1,2014-08-22,0417,Aqua,MODIS,95,6.2,305.4,55.1,D,0
-11.9582,142.5461,335.5,1.1,1,2014-08-22,0417,Aqua,MODIS,86,6.2,303.7,28.7,D,0
-11.9568,142.5558,324.6,1.1,1,2014-08-22,0417,Aqua,MODIS,46,6.2,302.6,13.2,D,0
-13.7518,136.6312,318.8,1.7,1.3,2014-08-22,0417,Aqua,MODIS,0,6.2,306.3,18.3,D,0
-15.9676,135.8656,335.8,2,1.4,2014-08-22,0417,Aqua,MODIS,43,6.2,310.6,62.5,D,0
-15.9528,135.8829,333.6,2,1.4,2014-08-22,0417,Aqua,MODIS,51,6.2,312.2,52,D,0
-15.3613,133.1047,326.2,3.2,1.7,2014-08-22,0417,Aqua,MODIS,58,6.2,307.5,75.7,D,0
-11.9744,142.5552,353.1,1.1,1,2014-08-22,0417,Aqua,MODIS,96,6.2,298.7,63.2,D,0
-11.9821,142.5662,334,1.1,1,2014-08-22,0417,Aqua,MODIS,85,6.2,298.8,24.7,D,0
-13.5633,135.5165,320.2,2,1.4,2014-08-22,0417,Aqua,MODIS,62,6.2,306,25.5,D,0
-13.4768,132.2868,324.3,3.5,1.8,2014-08-22,0417,Aqua,MODIS,43,6.2,310.7,64.9,D,0
-13.3078,135.2853,318.8,2.1,1.4,2014-08-22,0417,Aqua,MODIS,59,6.2,305.8,21.8,D,0
-16.1411,136.6488,325.3,1.8,1.3,2014-08-22,0417,Aqua,MODIS,71,6.2,312.2,25.9,D,0
-14.7944,142.4081,326.6,1,1,2014-08-22,0417,Aqua,MODIS,53,6.2,299.6,13,D,0
-12.2305,142.2579,343.3,1,1,2014-08-22,0417,Aqua,MODIS,86,6.2,298.6,39.7,D,0
-16.3124,136.0277,336.9,2,1.4,2014-08-22,0417,Aqua,MODIS,78,6.2,312.5,61.3,D,0
-12.8984,136.0609,317.2,1.8,1.3,2014-08-22,0417,Aqua,MODIS,24,6.2,305.7,14,D,0
-13.6364,134.4876,333.8,2.4,1.5,2014-08-22,0417,Aqua,MODIS,82,6.2,310.2,77.2,D,0
-12.8033,136.3538,356.6,1.7,1.3,2014-08-22,0417,Aqua,MODIS,98,6.2,309.4,138.3,D,0
-13.1986,135.4356,336.3,2,1.4,2014-08-22,0417,Aqua,MODIS,81,6.2,305.9,69.5,D,0
-12.858,136.0322,316.1,1.8,1.3,2014-08-22,0417,Aqua,MODIS,21,6.2,303.4,12.6,D,0
-13.2091,135.4321,340.5,2,1.4,2014-08-22,0417,Aqua,MODIS,83,6.2,307.7,87.1,D,0
-12.9005,136.0445,327.5,1.8,1.3,2014-08-22,0417,Aqua,MODIS,77,6.2,305.5,39.2,D,0
-15.1214,134.8787,340.2,2.3,1.5,2014-08-22,0417,Aqua,MODIS,72,6.2,308.6,109,D,0
-12.8358,136.3736,329.8,1.7,1.3,2014-08-22,0417,Aqua,MODIS,69,6.2,304.4,37.4,D,0
-13.304,135.2973,323.3,2.1,1.4,2014-08-22,0417,Aqua,MODIS,70,6.2,306.7,34.6,D,0
-12.8148,136.3553,344.3,1.7,1.3,2014-08-22,0417,Aqua,MODIS,91,6.2,307.1,84.9,D,0
-12.8052,136.3384,360.6,1.7,1.3,2014-08-22,0417,Aqua,MODIS,100,6.2,308.8,163.6,D,0
-12.9293,135.5115,348.1,2,1.4,2014-08-22,0417,Aqua,MODIS,94,6.2,309.3,122.7,D,0
-12.796,136.3303,319.6,1.7,1.3,2014-08-22,0417,Aqua,MODIS,35,6.2,305.8,16.8,D,0
-12.8167,136.3399,321.6,1.7,1.3,2014-08-22,0417,Aqua,MODIS,16,6.2,306.6,18.6,D,0
-15.7145,135.8221,324.3,2,1.4,2014-08-22,0417,Aqua,MODIS,49,6.2,309.6,26.8,D,0
-12.1745,142.2617,336.4,1,1,2014-08-22,0417,Aqua,MODIS,81,6.2,304.3,28.4,D,0
-14.4346,134.8794,320,2.3,1.5,2014-08-22,0417,Aqua,MODIS,47,6.2,307.3,21.5,D,0
-14.8034,142.4095,333.8,1,1,2014-08-22,0417,Aqua,MODIS,76,6.2,300.9,23.1,D,0
-16.133,136.6597,322,1.8,1.3,2014-08-22,0417,Aqua,MODIS,57,6.2,311.3,18,D,0
-13.2109,135.4372,351.5,2,1.4,2014-08-22,0417,Aqua,MODIS,95,6.2,308.8,148.8,D,0
-12.817,136.3487,327,1.7,1.3,2014-08-22,0417,Aqua,MODIS,31,6.2,306.1,26.5,D,0
-12.1731,142.2711,347.8,1,1,2014-08-22,0417,Aqua,MODIS,94,6.2,307,49.4,D,0
-12.8672,136.0238,320.6,1.8,1.3,2014-08-22,0417,Aqua,MODIS,58,6.2,303.8,22.9,D,0
-13.1967,135.4305,332.3,2,1.4,2014-08-22,0417,Aqua,MODIS,58,6.2,304.8,51.5,D,0
-13.2067,135.4505,340.7,2,1.4,2014-08-22,0417,Aqua,MODIS,89,6.2,311.4,86.9,D,0
-12.9379,135.2064,326.2,2.1,1.4,2014-08-22,0417,Aqua,MODIS,75,6.2,309.3,41.1,D,0
-13.0851,135.179,331.5,2.1,1.4,2014-08-22,0417,Aqua,MODIS,78,6.2,306.3,56.3,D,0
-12.8578,135.5495,323.8,1.9,1.4,2014-08-22,0417,Aqua,MODIS,60,6.2,308.2,26.7,D,0
-13.0874,135.1597,330.4,2.1,1.4,2014-08-22,0417,Aqua,MODIS,80,6.2,308.8,51.7,D,0
-12.8463,142.8818,325.3,1.1,1,2014-08-22,0417,Aqua,MODIS,76,6.2,303,16,D,0
-15.9285,135.7644,317.8,2.1,1.4,2014-08-22,0417,Aqua,MODIS,45,6.2,305.7,17.5,D,0
-16.19,135.7569,321.1,2.1,1.4,2014-08-22,0417,Aqua,MODIS,45,6.2,310.2,22.7,D,0
-13.3187,135.5119,318.5,2,1.4,2014-08-22,0417,Aqua,MODIS,54,6.2,306.5,19.4,D,0
-13.1573,135.4439,325.5,2,1.4,2014-08-22,0417,Aqua,MODIS,47,6.2,306.2,35.3,D,0
-16.3149,136.0352,330.8,2,1.4,2014-08-22,0417,Aqua,MODIS,46,6.2,313.7,38.5,D,0
-12.9415,135.5133,357.5,2,1.4,2014-08-22,0417,Aqua,MODIS,98,6.2,311.1,178.1,D,0
-15.1682,134.9137,353.2,2.3,1.5,2014-08-22,0417,Aqua,MODIS,95,6.2,309.4,193,D,0
-16.2361,135.8015,324.7,2.1,1.4,2014-08-22,0417,Aqua,MODIS,43,6.2,309.5,29.4,D,0
-15.1256,135.0746,328.3,2.3,1.5,2014-08-22,0417,Aqua,MODIS,68,6.2,307.7,51.8,D,0
-14.3591,134.9544,321.3,2.3,1.5,2014-08-22,0417,Aqua,MODIS,26,6.2,310.6,23.9,D,0
-12.9951,135.4836,330.1,2,1.4,2014-08-22,0417,Aqua,MODIS,73,6.2,307.1,48.9,D,0
-13.2778,135.4334,323.9,2,1.4,2014-08-22,0417,Aqua,MODIS,61,6.2,302.8,35.7,D,0
-13.1862,135.4339,334.4,2,1.4,2014-08-22,0417,Aqua,MODIS,68,6.2,307.5,60.1,D,0
-15.2434,134.9276,338,2.3,1.5,2014-08-22,0417,Aqua,MODIS,81,6.2,308,95.1,D,0
-15.7081,135.8784,327,2,1.4,2014-08-22,0417,Aqua,MODIS,34,6.2,310.5,31.7,D,0
-13.2688,135.2725,325.3,2.1,1.4,2014-08-22,0417,Aqua,MODIS,74,6.2,307.5,38.7,D,0
-13.7123,142.1943,326.7,1,1,2014-08-22,0417,Aqua,MODIS,59,6.2,304.6,16.2,D,0
-13.2877,135.4275,336.3,2,1.4,2014-08-22,0417,Aqua,MODIS,85,6.2,305,80.7,D,0
-14.7785,144.9477,320.8,1.3,1.1,2014-08-22,0417,Aqua,MODIS,62,6.2,301.2,15.3,D,0
-13.3016,135.3164,318.3,2,1.4,2014-08-22,0417,Aqua,MODIS,45,6.2,306.7,19.1,D,0
-12.5624,142.1262,328.8,1,1,2014-08-22,0417,Aqua,MODIS,63,6.2,301.2,18.4,D,0
-15.9072,135.8388,324.8,2,1.4,2014-08-22,0417,Aqua,MODIS,41,6.2,310.2,28.1,D,0
-12.5705,142.0703,328.1,1,1,2014-08-22,0417,Aqua,MODIS,56,6.2,299.3,17.5,D,0
-16.2407,135.7627,322.8,2.1,1.4,2014-08-22,0417,Aqua,MODIS,30,6.2,311.1,19.4,D,0
-12.8887,136.043,321.1,1.8,1.3,2014-08-22,0417,Aqua,MODIS,50,6.2,304.6,22.6,D,0
-13.3056,135.3046,320.7,2.1,1.4,2014-08-22,0417,Aqua,MODIS,65,6.2,306.7,27.4,D,0
-16.317,136.0166,331.5,2,1.4,2014-08-22,0417,Aqua,MODIS,55,6.2,312.2,42.6,D,0
-13.1944,135.4489,329.6,2,1.4,2014-08-22,0417,Aqua,MODIS,25,6.2,308.9,40.1,D,0
-12.8457,135.5477,322.5,1.9,1.4,2014-08-22,0417,Aqua,MODIS,55,6.2,307.2,24.5,D,0
-13.1848,135.218,338,2.1,1.4,2014-08-22,0417,Aqua,MODIS,87,6.2,308.2,84.9,D,0
-14.8373,142.3671,328.5,1,1,2014-08-22,0417,Aqua,MODIS,67,6.2,307,18.2,D,0
-14.846,142.3647,328.2,1,1,2014-08-22,0417,Aqua,MODIS,53,6.2,304.8,16.2,D,0
-12.9459,135.4769,336.1,2,1.4,2014-08-22,0417,Aqua,MODIS,69,6.2,307.2,70.1,D,0
-12.8977,136.3237,319.1,1.7,1.3,2014-08-22,0417,Aqua,MODIS,51,6.2,304.8,17.6,D,0
-12.7787,136.375,326.4,1.7,1.3,2014-08-22,0417,Aqua,MODIS,37,6.2,308.5,28.5,D,0
-13.2087,135.4556,335.5,2,1.4,2014-08-22,0417,Aqua,MODIS,85,6.2,311.6,67,D,0
-13.1819,135.4704,331.9,2,1.4,2014-08-22,0417,Aqua,MODIS,45,6.2,307.9,47.8,D,0
-13.1001,135.1613,323.8,2.1,1.4,2014-08-22,0417,Aqua,MODIS,71,6.2,309.9,31.2,D,0
-11.9749,142.6143,321.8,1.1,1,2014-08-22,0417,Aqua,MODIS,38,6.2,303.8,9.2,D,0
-14.3746,134.9352,323.9,2.3,1.5,2014-08-22,0417,Aqua,MODIS,62,6.2,310.7,29.5,D,0
-13.0977,135.1806,321.9,2.1,1.4,2014-08-22,0417,Aqua,MODIS,28,6.2,309.1,24.9,D,0
-15.7996,135.8777,327.6,2,1.4,2014-08-22,0417,Aqua,MODIS,63,6.2,310.6,30.3,D,0
-12.5719,142.0611,334.5,1,1,2014-08-22,0417,Aqua,MODIS,84,6.2,299.8,25.4,D,0
-12.899,136.3347,320.1,1.7,1.3,2014-08-22,0417,Aqua,MODIS,65,6.2,306.1,20.3,D,0
-12.8055,136.3472,376.4,1.7,1.3,2014-08-22,0417,Aqua,MODIS,100,6.2,310.8,269.7,D,0
-12.8339,136.389,330.9,1.7,1.3,2014-08-22,0417,Aqua,MODIS,78,6.2,306.4,42.3,D,0
-13.1843,135.429,329.8,2,1.4,2014-08-22,0417,Aqua,MODIS,22,6.2,306.5,43,D,0
-12.2396,142.2593,332.5,1,1,2014-08-22,0417,Aqua,MODIS,68,6.2,301.2,22.9,D,0
-14.8447,142.374,351.4,1,1,2014-08-22,0417,Aqua,MODIS,95,6.2,308.9,55.5,D,0
-12.9976,135.4888,327.2,2,1.4,2014-08-22,0417,Aqua,MODIS,48,6.2,308,37.8,D,0
-12.9234,135.5221,329.2,1.9,1.4,2014-08-22,0417,Aqua,MODIS,52,6.2,308.5,40.5,D,0
-12.9928,135.5018,324.4,2,1.4,2014-08-22,0417,Aqua,MODIS,24,6.2,309.1,29.1,D,0
-13.622,141.8654,318.7,1,1,2014-08-22,0417,Aqua,MODIS,52,6.2,301.3,8.1,D,0
-12.8478,135.5299,329.5,1.9,1.4,2014-08-22,0417,Aqua,MODIS,79,6.2,309.2,45.5,D,0
-12.86,135.5315,333.8,1.9,1.4,2014-08-22,0417,Aqua,MODIS,83,6.2,308.8,59.5,D,0
-15.2701,134.9308,327.8,2.3,1.5,2014-08-22,0417,Aqua,MODIS,27,6.2,305.9,46.2,D,0
-13.6207,141.8746,318.2,1,1,2014-08-22,0417,Aqua,MODIS,34,6.2,302.5,7.5,D,0
-13.6337,141.8445,324,1,1,2014-08-22,0417,Aqua,MODIS,64,6.2,302,12.3,D,0
-15.2482,134.9232,337.8,2.3,1.5,2014-08-22,0417,Aqua,MODIS,86,6.2,307.5,97,D,0
-13.2854,135.4457,334.5,2,1.4,2014-08-22,0417,Aqua,MODIS,84,6.2,305.4,72.5,D,0
-13.379,135.4496,316.5,2,1.4,2014-08-22,0417,Aqua,MODIS,36,6.2,305.8,13.8,D,0
-12.8682,136.3935,350.9,1.7,1.3,2014-08-22,0417,Aqua,MODIS,95,6.2,307.8,117.3,D,0
-13.2903,135.4346,338.9,2,1.4,2014-08-22,0417,Aqua,MODIS,87,6.2,306.5,90.8,D,0
-13.3773,135.4444,319.9,2,1.4,2014-08-22,0417,Aqua,MODIS,62,6.2,306.8,21.7,D,0
-13.2881,135.4528,322.7,2,1.4,2014-08-22,0417,Aqua,MODIS,51,6.2,305,29.9,D,0
-12.8663,136.4088,326.8,1.7,1.3,2014-08-22,0417,Aqua,MODIS,76,6.2,307.9,34.5,D,0
-12.8777,136.4103,318.9,1.7,1.3,2014-08-22,0417,Aqua,MODIS,54,6.2,305.4,17.1,D,0
-12.8796,136.3949,318.1,1.7,1.3,2014-08-22,0417,Aqua,MODIS,34,6.2,304.4,14.5,D,0
-16.377,136.0426,324.8,2,1.4,2014-08-22,0417,Aqua,MODIS,29,6.2,310.4,29.2,D,0
-13.1038,135.5386,321,2,1.4,2014-08-22,0417,Aqua,MODIS,42,6.2,308,20.8,D,0
-12.9344,134.8084,320.5,2.2,1.4,2014-08-22,0417,Aqua,MODIS,65,6.2,310.5,26,D,0
-15.2723,134.9481,331.8,2.3,1.5,2014-08-22,0417,Aqua,MODIS,33,6.2,309.6,60.4,D,0
-15.2677,134.9525,349.8,2.3,1.5,2014-08-22,0417,Aqua,MODIS,94,6.2,311.4,169,D,0
-13.5607,141.7807,335.8,1,1,2014-08-22,0417,Aqua,MODIS,86,6.2,303.7,26.5,D,0
-13.5273,141.8159,331.7,1,1,2014-08-22,0417,Aqua,MODIS,72,6.2,302.8,21.7,D,0
-15.1696,134.9287,342.1,2.3,1.5,2014-08-22,0417,Aqua,MODIS,82,6.2,311.5,108.3,D,0
-13.2964,135.7955,319.9,1.9,1.3,2014-08-22,0417,Aqua,MODIS,17,6.2,305.7,21,D,0
-13.2844,135.794,321.7,1.9,1.3,2014-08-22,0417,Aqua,MODIS,49,6.2,306.3,26.1,D,0
-13.2865,135.7767,321.7,1.9,1.3,2014-08-22,0417,Aqua,MODIS,51,6.2,306.8,26.8,D,0
-13.0343,134.8487,319.2,2.2,1.4,2014-08-22,0417,Aqua,MODIS,47,6.2,308.6,17.8,D,0
-15.281,134.9541,323.8,2.3,1.5,2014-08-22,0417,Aqua,MODIS,54,6.2,308.3,35,D,0
-12.947,136.5777,322.1,1.6,1.3,2014-08-22,0417,Aqua,MODIS,65,6.2,302.7,27.1,D,0
-13.0446,135.5129,327.8,2,1.4,2014-08-22,0417,Aqua,MODIS,64,6.2,307.8,38.3,D,0
-13.0323,135.5113,328.6,2,1.4,2014-08-22,0417,Aqua,MODIS,71,6.2,308.8,41.5,D,0
-13.1722,135.2164,321.4,2.1,1.4,2014-08-22,0417,Aqua,MODIS,22,6.2,308.1,22.3,D,0
-13.555,135.5021,322,2,1.4,2014-08-22,0417,Aqua,MODIS,67,6.2,304.7,30.8,D,0
-15.1791,134.9369,331.5,2.3,1.5,2014-08-22,0417,Aqua,MODIS,42,6.2,312.3,57.4,D,0
-15.259,134.9464,346.3,2.3,1.5,2014-08-22,0417,Aqua,MODIS,92,6.2,310.8,142.8,D,0
-12.9394,135.2136,323.3,2.1,1.4,2014-08-22,0417,Aqua,MODIS,49,6.2,308.7,29.5,D,0
-13.1033,135.2393,324.3,2.1,1.4,2014-08-22,0417,Aqua,MODIS,72,6.2,307,37.2,D,0
-13.134,135.5318,319.6,2,1.4,2014-08-22,0417,Aqua,MODIS,34,6.2,306.6,19.6,D,0
-15.2785,134.9759,334.7,2.3,1.5,2014-08-22,0417,Aqua,MODIS,84,6.2,309.6,80.1,D,0
-15.2457,134.9448,329.7,2.3,1.5,2014-08-22,0417,Aqua,MODIS,62,6.2,309.8,53.7,D,0
-13.1411,135.2439,322.2,2.1,1.4,2014-08-22,0417,Aqua,MODIS,40,6.2,307.5,27.5,D,0
-13.1159,135.2408,335.8,2.1,1.4,2014-08-22,0417,Aqua,MODIS,85,6.2,309.4,75.5,D,0
-12.4572,135.839,337.5,1.8,1.3,2014-08-22,0418,Aqua,MODIS,87,6.2,309.1,68.2,D,0
-12.545,131.9405,326.9,3.6,1.8,2014-08-22,0418,Aqua,MODIS,47,6.2,308.5,105.1,D,0
-12.5412,131.9736,326.4,3.6,1.8,2014-08-22,0418,Aqua,MODIS,54,6.2,304.4,102.1,D,0
-12.469,135.8405,325.2,1.8,1.3,2014-08-22,0418,Aqua,MODIS,74,6.2,307.3,31.7,D,0
-12.4453,135.8375,344.2,1.8,1.3,2014-08-22,0418,Aqua,MODIS,91,6.2,308.4,92.5,D,0
-12.1256,132.9173,332.9,3,1.7,2014-08-22,0418,Aqua,MODIS,66,6.2,309.1,102.3,D,0
-12.5166,131.9037,329.9,3.7,1.8,2014-08-22,0418,Aqua,MODIS,79,6.2,303,134.1,D,0
-12.5328,131.9056,318.6,3.7,1.8,2014-08-22,0418,Aqua,MODIS,15,6.2,303.3,50.3,D,0
-12.5239,131.9098,344.4,3.7,1.8,2014-08-22,0418,Aqua,MODIS,91,6.2,304.8,280.9,D,0
-12.7413,135.3207,325.2,2,1.4,2014-08-22,0418,Aqua,MODIS,73,6.2,307.6,37.5,D,0
-12.7289,135.319,334.7,2,1.4,2014-08-22,0418,Aqua,MODIS,84,6.2,306.2,70,D,0
-12.4551,135.8555,327.1,1.8,1.3,2014-08-22,0418,Aqua,MODIS,40,6.2,306.9,30.3,D,0
-12.4352,136.3827,324.8,1.6,1.3,2014-08-22,0418,Aqua,MODIS,73,6.2,305.1,28.1,D,0
-12.4473,135.821,337.3,1.8,1.3,2014-08-22,0418,Aqua,MODIS,78,6.2,306.4,66.5,D,0
-12.5289,131.9386,332.7,3.6,1.8,2014-08-22,0418,Aqua,MODIS,82,6.2,305.3,157.6,D,0
-11.461,142.4189,321.5,1.1,1,2014-08-22,0418,Aqua,MODIS,73,6.2,297.8,12.8,D,0
-11.7938,132.909,338.5,3,1.6,2014-08-22,0418,Aqua,MODIS,89,6.2,307.5,144.6,D,0
-11.7972,132.889,324.4,3,1.6,2014-08-22,0418,Aqua,MODIS,63,6.2,305,58.5,D,0
-11.7941,132.9164,339.8,3,1.6,2014-08-22,0418,Aqua,MODIS,90,6.2,308.1,159.7,D,0
-12.5128,131.937,353.5,3.6,1.8,2014-08-22,0418,Aqua,MODIS,96,6.2,304.9,405.2,D,0
-12.3558,135.5269,376,1.9,1.3,2014-08-22,0418,Aqua,MODIS,100,6.2,306.7,331.7,D,0
-12.4309,135.5188,343.5,1.9,1.4,2014-08-22,0418,Aqua,MODIS,91,6.2,305.7,102.2,D,0
-12.4587,135.5273,331.2,1.9,1.4,2014-08-22,0418,Aqua,MODIS,63,6.2,306.7,47.4,D,0
-12.4465,135.5258,326.2,1.9,1.4,2014-08-22,0418,Aqua,MODIS,73,6.2,306,35.2,D,0
-12.5203,131.9429,351.8,3.6,1.8,2014-08-22,0418,Aqua,MODIS,96,6.2,305.8,379.2,D,0
-12.5525,131.9466,337,3.6,1.8,2014-08-22,0418,Aqua,MODIS,81,6.2,309.9,179.1,D,0
-12.2747,136.5676,328.4,1.6,1.2,2014-08-22,0418,Aqua,MODIS,70,6.2,303.7,33.6,D,0
-12.8047,135.6446,319.9,1.9,1.3,2014-08-22,0418,Aqua,MODIS,30,6.2,308.9,18.3,D,0
-12.0637,132.933,328.1,3,1.6,2014-08-22,0418,Aqua,MODIS,14,6.2,306.9,67.8,D,0
-12.284,136.5837,327.5,1.6,1.2,2014-08-22,0418,Aqua,MODIS,62,6.2,305.3,31.5,D,0
-12.5723,131.9151,353.7,3.7,1.8,2014-08-22,0418,Aqua,MODIS,96,6.2,310.9,387.8,D,0
-12.4339,136.3893,323.9,1.6,1.3,2014-08-22,0418,Aqua,MODIS,42,6.2,305.7,24.6,D,0
-12.1255,132.9241,337.1,3,1.7,2014-08-22,0418,Aqua,MODIS,77,6.2,309.8,128.8,D,0
-12.5364,131.9447,324.2,3.6,1.8,2014-08-22,0418,Aqua,MODIS,58,6.2,306,86.1,D,0
-12.5562,131.9135,367,3.7,1.8,2014-08-22,0418,Aqua,MODIS,100,6.2,308.4,627,D,0
-12.8036,135.1457,344.6,2.1,1.4,2014-08-22,0418,Aqua,MODIS,91,6.2,310.7,114.9,D,0
-12.0963,136.352,320.7,1.6,1.3,2014-08-22,0418,Aqua,MODIS,64,6.2,306.2,17,D,0
-12.1265,136.3859,321.5,1.6,1.3,2014-08-22,0418,Aqua,MODIS,66,6.2,304.8,21.5,D,0
-12.3765,135.118,320.9,2.1,1.4,2014-08-22,0418,Aqua,MODIS,51,6.2,308.3,21.9,D,0
-13.0952,132.4757,326.4,3.4,1.7,2014-08-22,0418,Aqua,MODIS,74,6.2,310.5,75.4,D,0
-13.0961,132.5004,330.1,3.4,1.7,2014-08-22,0418,Aqua,MODIS,79,6.2,308.7,101.1,D,0
-12.3758,135.565,326,1.9,1.3,2014-08-22,0418,Aqua,MODIS,74,6.2,305,38.8,D,0
-11.8336,142.5801,337.5,1.1,1,2014-08-22,0418,Aqua,MODIS,83,6.2,303.4,32.5,D,0
-12.4215,135.1875,329.8,2,1.4,2014-08-22,0418,Aqua,MODIS,63,6.2,311.5,39.6,D,0
-12.378,135.5476,354,1.9,1.3,2014-08-22,0418,Aqua,MODIS,97,6.2,309.2,160.3,D,0
-12.3801,135.53,326,1.9,1.3,2014-08-22,0418,Aqua,MODIS,74,6.2,304.7,38.9,D,0
-12.3637,135.5634,321,1.9,1.3,2014-08-22,0418,Aqua,MODIS,43,6.2,304.7,26,D,0
-12.3658,135.546,376.8,1.9,1.3,2014-08-22,0418,Aqua,MODIS,100,6.2,311.1,339,D,0
-12.368,135.5284,341,1.9,1.3,2014-08-22,0418,Aqua,MODIS,89,6.2,305.1,91.6,D,0
-12.3537,135.5444,408.7,1.9,1.3,2014-08-22,0418,Aqua,MODIS,100,6.2,316.4,771.4,D,0
-12.3028,135.8069,340.2,1.8,1.3,2014-08-22,0418,Aqua,MODIS,88,6.2,307,76,D,0
-12.994,132.4243,326.7,3.4,1.7,2014-08-22,0418,Aqua,MODIS,72,6.2,310.8,79.9,D,0
-12.9997,132.4206,327.7,3.4,1.7,2014-08-22,0418,Aqua,MODIS,74,6.2,312.3,85.3,D,0
-12.9648,132.4483,321.7,3.4,1.7,2014-08-22,0418,Aqua,MODIS,19,6.2,308.4,43.2,D,0
-12.3711,135.5576,352.6,1.9,1.3,2014-08-22,0418,Aqua,MODIS,96,6.2,307.5,149.9,D,0
-12.3734,135.5401,358.8,1.9,1.3,2014-08-22,0418,Aqua,MODIS,99,6.2,310.5,191.3,D,0
-12.359,135.556,343.5,1.9,1.3,2014-08-22,0418,Aqua,MODIS,91,6.2,306.4,103.7,D,0
-11.401,132.5257,314,3.2,1.7,2014-08-22,0418,Aqua,MODIS,50,6.2,302.2,28.5,D,0
-11.8627,142.5748,327.7,1.1,1,2014-08-22,0418,Aqua,MODIS,67,6.2,300.5,18.1,D,0
-12.3613,135.5385,377.1,1.9,1.3,2014-08-22,0418,Aqua,MODIS,100,6.2,312.1,342,D,0
-12.3469,135.5545,328.3,1.9,1.3,2014-08-22,0418,Aqua,MODIS,67,6.2,305,46.6,D,0
-12.3491,135.537,407.1,1.9,1.3,2014-08-22,0418,Aqua,MODIS,100,6.2,313,745.2,D,0
-12.3901,135.8424,318.8,1.8,1.3,2014-08-22,0418,Aqua,MODIS,45,6.2,308.3,13.6,D,0
-13.0917,132.5073,323.5,3.4,1.7,2014-08-22,0418,Aqua,MODIS,64,6.2,308.4,57.3,D,0
-11.85,132.9508,320.3,3,1.6,2014-08-22,0418,Aqua,MODIS,57,6.2,306.9,32.8,D,0
-11.8497,132.9553,321.7,3,1.6,2014-08-22,0418,Aqua,MODIS,70,6.2,307,39.7,D,0
-12.2354,134.9917,331.8,2.1,1.4,2014-08-22,0418,Aqua,MODIS,77,6.2,310.2,62,D,0
-12.2386,134.9794,323.4,2.1,1.4,2014-08-22,0418,Aqua,MODIS,58,6.2,305.6,34.5,D,0
-12.4236,135.8178,320.6,1.8,1.3,2014-08-22,0418,Aqua,MODIS,32,6.2,306.6,20.2,D,0
-12.2364,134.9985,326.7,2.1,1.4,2014-08-22,0418,Aqua,MODIS,66,6.2,311.4,43.5,D,0
-12.1223,132.9447,338.3,3,1.6,2014-08-22,0418,Aqua,MODIS,86,6.2,309.7,136.1,D,0
-12.2914,136.6143,322.1,1.6,1.2,2014-08-22,0418,Aqua,MODIS,50,6.2,305.5,20.4,D,0
-12.2896,136.6285,321.7,1.6,1.2,2014-08-22,0418,Aqua,MODIS,57,6.2,305.5,20.6,D,0
-12.3251,135.7828,335.3,1.8,1.3,2014-08-22,0418,Aqua,MODIS,70,6.2,308,57.4,D,0
-12.3167,135.792,341.7,1.8,1.3,2014-08-22,0418,Aqua,MODIS,85,6.2,308.8,80.1,D,0
-11.7609,132.9327,330.2,3,1.6,2014-08-22,0418,Aqua,MODIS,83,6.2,305.7,97.6,D,0
-12.4171,135.1992,342.1,2,1.4,2014-08-22,0418,Aqua,MODIS,83,6.2,311.1,87.6,D,0
-11.7642,132.9054,322.2,3,1.6,2014-08-22,0418,Aqua,MODIS,58,6.2,304.1,51.9,D,0
-12.1412,135.4445,317.8,1.9,1.4,2014-08-22,0418,Aqua,MODIS,41,6.2,305.9,19.2,D,0
-11.779,132.9072,327.5,3,1.6,2014-08-22,0418,Aqua,MODIS,68,6.2,305.4,73.8,D,0
-11.7645,132.9128,329.3,3,1.6,2014-08-22,0418,Aqua,MODIS,82,6.2,304.8,89.3,D,0
-11.7614,132.94,324.6,3,1.6,2014-08-22,0418,Aqua,MODIS,69,6.2,305.6,62.9,D,0
-11.229,132.037,325.4,3.4,1.7,2014-08-22,0418,Aqua,MODIS,68,6.2,305.3,87.6,D,0
-11.235,132.0333,322.4,3.4,1.7,2014-08-22,0418,Aqua,MODIS,71,6.2,305.7,69.2,D,0
-12.1284,136.371,325.4,1.6,1.3,2014-08-22,0418,Aqua,MODIS,73,6.2,305,29.4,D,0
-11.7793,132.9146,330.1,3,1.6,2014-08-22,0418,Aqua,MODIS,75,6.2,306.9,90.3,D,0
-12.2208,136.449,328.5,1.6,1.3,2014-08-22,0418,Aqua,MODIS,77,6.2,308.1,34,D,0
-12.1832,135.5033,318.4,1.9,1.3,2014-08-22,0418,Aqua,MODIS,55,6.2,306.3,18,D,0
-12.0833,136.4557,324.1,1.6,1.2,2014-08-22,0418,Aqua,MODIS,71,6.2,307.6,23.6,D,0
-12.1373,132.9531,326.9,3,1.6,2014-08-22,0418,Aqua,MODIS,43,6.2,312.1,57.9,D,0
-11.3977,132.5544,312.6,3.1,1.7,2014-08-22,0418,Aqua,MODIS,18,6.2,302,21.9,D,0
-12.1224,132.9515,336.8,3,1.6,2014-08-22,0418,Aqua,MODIS,85,6.2,309.3,119.1,D,0
-12.3513,135.5196,317.3,1.9,1.3,2014-08-22,0418,Aqua,MODIS,22,6.2,301.2,18.7,D,0
-12.3756,135.5226,324.3,1.9,1.3,2014-08-22,0418,Aqua,MODIS,68,6.2,304.3,33.9,D,0
-12.3489,136.7865,319.8,1.5,1.2,2014-08-22,0418,Aqua,MODIS,64,6.2,304.4,17.2,D,0
-12.4192,135.2063,353.8,2,1.4,2014-08-22,0418,Aqua,MODIS,97,6.2,311.4,155.5,D,0
-12.1534,136.5301,319.5,1.6,1.2,2014-08-22,0418,Aqua,MODIS,60,6.2,306.2,11.8,D,0
-12.7951,130.3813,317.2,4.8,2,2014-08-22,0418,Aqua,MODIS,49,6.2,305.7,73.3,D,0
-12.6596,135.4757,323.5,1.9,1.4,2014-08-22,0418,Aqua,MODIS,48,6.2,308.5,25.6,D,0
-12.5565,135.8755,336.7,1.8,1.3,2014-08-22,0418,Aqua,MODIS,60,6.2,307.2,59.4,D,0
-12.7341,132.4716,320.1,3.3,1.7,2014-08-22,0418,Aqua,MODIS,50,6.2,310.1,35.7,D,0
-12.2766,134.9844,344.1,2.1,1.4,2014-08-22,0418,Aqua,MODIS,91,6.2,308.6,116.7,D,0
-12.7307,132.5021,324.6,3.3,1.7,2014-08-22,0418,Aqua,MODIS,71,6.2,306.5,66.7,D,0
-12.6625,135.6544,328.9,1.9,1.3,2014-08-22,0418,Aqua,MODIS,78,6.2,308.5,39.4,D,0
-12.6461,136.2424,344.3,1.7,1.3,2014-08-22,0418,Aqua,MODIS,91,6.2,309.5,85.9,D,0
-12.6709,135.879,331.8,1.8,1.3,2014-08-22,0418,Aqua,MODIS,76,6.2,307.9,45.3,D,0
-12.4278,135.8302,326.2,1.8,1.3,2014-08-22,0418,Aqua,MODIS,63,6.2,308.1,31,D,0
-12.76,135.1714,328.8,2.1,1.4,2014-08-22,0418,Aqua,MODIS,77,6.2,311.7,41.7,D,0
-12.5071,135.8859,316,1.8,1.3,2014-08-22,0418,Aqua,MODIS,41,6.2,305.1,13.2,D,0
-11.8195,142.5484,335,1.1,1,2014-08-22,0418,Aqua,MODIS,79,6.2,300.3,27.8,D,0
-12.3091,135.7569,341.9,1.8,1.3,2014-08-22,0418,Aqua,MODIS,89,6.2,302.6,88,D,0
-12.5639,135.6191,318,1.9,1.3,2014-08-22,0418,Aqua,MODIS,57,6.2,304.7,18.7,D,0
-12.5823,135.862,334.6,1.8,1.3,2014-08-22,0418,Aqua,MODIS,62,6.2,306.6,52.4,D,0
-12.1854,133.571,320.8,2.7,1.6,2014-08-22,0418,Aqua,MODIS,45,6.2,310,19.9,D,0
-12.3088,134.6061,325.5,2.2,1.5,2014-08-22,0418,Aqua,MODIS,73,6.2,307.7,43.8,D,0
-11.8301,142.5402,341.3,1.1,1,2014-08-22,0418,Aqua,MODIS,90,6.2,307.2,39.3,D,0
-12.5959,135.6581,321.9,1.9,1.3,2014-08-22,0418,Aqua,MODIS,50,6.2,306.2,20.8,D,0
-12.9336,132.3421,323.8,3.4,1.7,2014-08-22,0418,Aqua,MODIS,57,6.2,308.5,55.4,D,0
-12.2552,133.3498,323.7,2.8,1.6,2014-08-22,0418,Aqua,MODIS,66,6.2,312.3,39.3,D,0
-11.8209,142.5388,395.8,1.1,1,2014-08-22,0418,Aqua,MODIS,100,6.2,308,237.5,D,0
-12.6365,136.2252,342.4,1.7,1.3,2014-08-22,0418,Aqua,MODIS,73,6.2,308.2,77.5,D,0
-12.5968,135.5523,321.5,1.9,1.4,2014-08-22,0418,Aqua,MODIS,45,6.2,308.2,21.5,D,0
-12.8025,135.2603,318.9,2,1.4,2014-08-22,0418,Aqua,MODIS,60,6.2,307.7,18.6,D,0
-12.6575,135.4933,324.4,1.9,1.4,2014-08-22,0418,Aqua,MODIS,72,6.2,309.8,31.5,D,0
-12.2088,134.3695,359.2,2.3,1.5,2014-08-22,0418,Aqua,MODIS,99,6.2,309.4,251.7,D,0
-12.3064,134.6265,328.1,2.2,1.4,2014-08-22,0418,Aqua,MODIS,77,6.2,308.4,53.7,D,0
-12.6276,135.8395,388.2,1.8,1.3,2014-08-22,0418,Aqua,MODIS,100,6.2,312.3,432.2,D,0
-12.507,134.1575,322.6,2.4,1.5,2014-08-22,0418,Aqua,MODIS,64,6.2,311,31.9,D,0
-12.9317,132.3176,326.8,3.4,1.7,2014-08-22,0418,Aqua,MODIS,66,6.2,311.2,73.9,D,0
-12.0412,134.0253,333.3,2.5,1.5,2014-08-22,0418,Aqua,MODIS,75,6.2,313.9,70.9,D,0
-12.1773,136.2441,317.9,1.7,1.3,2014-08-22,0418,Aqua,MODIS,40,6.2,307.4,12.5,D,0
-12.4295,133.8168,328.3,2.6,1.5,2014-08-22,0418,Aqua,MODIS,77,6.2,304.6,71.4,D,0
-12.6258,136.2326,332.6,1.7,1.3,2014-08-22,0418,Aqua,MODIS,77,6.2,309,48.8,D,0
-12.6177,135.821,326.4,1.8,1.3,2014-08-22,0418,Aqua,MODIS,69,6.2,301.6,40.3,D,0
-12.6545,135.4879,326.5,1.9,1.4,2014-08-22,0418,Aqua,MODIS,53,6.2,309.7,33.4,D,0
-12.7346,132.4958,330.5,3.3,1.7,2014-08-22,0418,Aqua,MODIS,79,6.2,307.6,105.2,D,0
-12.369,136.6297,335.1,1.6,1.2,2014-08-22,0418,Aqua,MODIS,80,6.2,305.7,49.4,D,0
-12.9372,132.3109,323.3,3.4,1.7,2014-08-22,0418,Aqua,MODIS,45,6.2,312.4,47.4,D,0
-12.0013,136.2963,316.9,1.6,1.3,2014-08-22,0418,Aqua,MODIS,0,6.2,305,12.5,D,0
-12.3189,135.7752,348.4,1.8,1.3,2014-08-22,0418,Aqua,MODIS,93,6.2,308.4,113.8,D,0
-12.2115,134.348,328.8,2.3,1.5,2014-08-22,0418,Aqua,MODIS,74,6.2,308,57.9,D,0
-12.0276,134.0236,328.2,2.5,1.5,2014-08-22,0418,Aqua,MODIS,61,6.2,314.2,45,D,0
-12.4809,135.548,321.6,1.9,1.3,2014-08-22,0418,Aqua,MODIS,67,6.2,308.6,25.8,D,0
-12.8002,135.2792,321.3,2,1.4,2014-08-22,0418,Aqua,MODIS,66,6.2,308.2,25.7,D,0
-12.508,131.0604,323.6,4.3,1.9,2014-08-22,0418,Aqua,MODIS,70,6.2,305.2,104.8,D,0
-12.499,133.8264,319.9,2.6,1.5,2014-08-22,0418,Aqua,MODIS,23,6.2,307.1,30.1,D,0
-12.5859,135.8846,326.7,1.8,1.3,2014-08-22,0418,Aqua,MODIS,28,6.2,310.6,23.1,D,0
-12.435,133.7695,325.3,2.6,1.6,2014-08-22,0418,Aqua,MODIS,73,6.2,304.8,60.3,D,0
-12.1742,133.1494,332.8,2.9,1.6,2014-08-22,0418,Aqua,MODIS,81,6.2,313.6,80.4,D,0
-12.5051,131.0533,317.6,4.3,1.9,2014-08-22,0418,Aqua,MODIS,42,6.2,304.6,54.9,D,0
-12.6468,136.2513,339.2,1.7,1.3,2014-08-22,0418,Aqua,MODIS,65,6.2,309.5,63.3,D,0
-12.453,135.5394,326.2,1.9,1.3,2014-08-22,0418,Aqua,MODIS,57,6.2,306.8,34.2,D,0
-12.8847,134.7979,326.1,2.2,1.4,2014-08-22,0418,Aqua,MODIS,66,6.2,310,39.1,D,0
-12.443,135.5203,324,1.9,1.4,2014-08-22,0418,Aqua,MODIS,42,6.2,305,28.2,D,0
-12.5868,135.533,323.7,1.9,1.4,2014-08-22,0418,Aqua,MODIS,41,6.2,310.7,27.8,D,0
-12.5802,135.8786,353.2,1.8,1.3,2014-08-22,0418,Aqua,MODIS,96,6.2,311.4,131,D,0
-12.0386,134.0476,335.7,2.5,1.5,2014-08-22,0418,Aqua,MODIS,79,6.2,308.6,84.7,D,0
-12.6576,136.2439,344.9,1.7,1.3,2014-08-22,0418,Aqua,MODIS,92,6.2,309.2,88.4,D,0
-12.4216,135.8343,321.7,1.8,1.3,2014-08-22,0418,Aqua,MODIS,46,6.2,309.3,20.7,D,0
-12.6373,136.2342,343.5,1.7,1.3,2014-08-22,0418,Aqua,MODIS,91,6.2,311.1,84.6,D,0
-12.025,134.0459,328.7,2.5,1.5,2014-08-22,0418,Aqua,MODIS,61,6.2,312.4,48.6,D,0
-12.6488,136.2357,340.6,1.7,1.3,2014-08-22,0418,Aqua,MODIS,66,6.2,308.2,68.2,D,0
-12.3599,136.7881,325.3,1.5,1.2,2014-08-22,0418,Aqua,MODIS,74,6.2,304.6,27.7,D,0
-12.6395,135.8411,327.2,1.8,1.3,2014-08-22,0418,Aqua,MODIS,58,6.2,302.6,37.3,D,0
-12.5149,134.1653,322.4,2.4,1.5,2014-08-22,0418,Aqua,MODIS,68,6.2,311.4,26.6,D,0
-12.6925,135.8987,327.3,1.8,1.3,2014-08-22,0418,Aqua,MODIS,45,6.2,306.4,27.8,D,0
-12.8872,134.7775,323.3,2.2,1.4,2014-08-22,0418,Aqua,MODIS,45,6.2,310.2,28.6,D,0
-12.0522,134.162,325,2.4,1.5,2014-08-22,0418,Aqua,MODIS,54,6.2,308.5,40.7,D,0
-12.4237,135.169,329.4,2,1.4,2014-08-22,0418,Aqua,MODIS,62,6.2,309.8,38,D,0
-12.3518,133.5779,323.6,2.7,1.6,2014-08-22,0418,Aqua,MODIS,71,6.2,310.8,48.2,D,0
-12.5936,136.0186,321.2,1.8,1.3,2014-08-22,0418,Aqua,MODIS,46,6.2,306.2,19.1,D,0
-12.2151,134.3971,327.9,2.3,1.5,2014-08-22,0418,Aqua,MODIS,77,6.2,309.5,46.1,D,0
-12.2672,136.5371,324.9,1.6,1.2,2014-08-22,0418,Aqua,MODIS,73,6.2,304.8,28.4,D,0
-12.269,136.5225,317.3,1.6,1.2,2014-08-22,0418,Aqua,MODIS,48,6.2,306,13.6,D,0
-12.3835,131.4894,327.5,3.9,1.8,2014-08-22,0418,Aqua,MODIS,75,6.2,305.5,133.8,D,0
-12.2436,133.3548,322.5,2.8,1.6,2014-08-22,0418,Aqua,MODIS,54,6.2,309.9,32.6,D,0
-12.3485,133.5724,324.5,2.7,1.6,2014-08-22,0418,Aqua,MODIS,63,6.2,310.8,48.6,D,0
-12.5899,135.8513,342.5,1.8,1.3,2014-08-22,0418,Aqua,MODIS,80,6.2,307.2,83.3,D,0
-12.2195,134.3925,331.1,2.3,1.5,2014-08-22,0418,Aqua,MODIS,80,6.2,309.8,63.7,D,0
-12.6374,135.8575,331.9,1.8,1.3,2014-08-22,0418,Aqua,MODIS,72,6.2,307,47.3,D,0
-12.6255,135.856,354,1.8,1.3,2014-08-22,0418,Aqua,MODIS,97,6.2,309.5,141,D,0
-12.2858,136.5692,331.4,1.6,1.2,2014-08-22,0418,Aqua,MODIS,78,6.2,305,42.4,D,0
-12.6157,135.8378,395,1.8,1.3,2014-08-22,0418,Aqua,MODIS,100,6.2,313.2,515.7,D,0
-12.1748,133.1546,334.4,2.9,1.6,2014-08-22,0418,Aqua,MODIS,83,6.2,313.2,85.5,D,0
-12.4687,135.5464,347.5,1.9,1.3,2014-08-22,0418,Aqua,MODIS,93,6.2,310.3,119,D,0
-12.5839,135.6564,342.2,1.9,1.3,2014-08-22,0418,Aqua,MODIS,90,6.2,307,90.8,D,0
-12.3083,134.62,332.1,2.2,1.4,2014-08-22,0418,Aqua,MODIS,81,6.2,309.1,66.6,D,0
-12.4322,133.7935,331.9,2.6,1.6,2014-08-22,0418,Aqua,MODIS,81,6.2,304.6,92.4,D,0
-12.4651,135.541,357.9,1.9,1.3,2014-08-22,0418,Aqua,MODIS,99,6.2,311.2,177.4,D,0
-12.2176,134.3758,331.5,2.3,1.5,2014-08-22,0418,Aqua,MODIS,81,6.2,310.3,62.9,D,0
-12.5101,135.8961,318,1.8,1.3,2014-08-22,0418,Aqua,MODIS,58,6.2,305.5,17.6,D,0
-12.5963,135.8469,352.5,1.8,1.3,2014-08-22,0418,Aqua,MODIS,95,6.2,307.6,133.1,D,0
-12.5444,135.4738,319.2,1.9,1.4,2014-08-22,0418,Aqua,MODIS,38,6.2,307.3,16.5,D,0
-12.791,135.1441,328,2.1,1.4,2014-08-22,0418,Aqua,MODIS,70,6.2,308.2,41.9,D,0
-12.2221,134.3712,323.5,2.3,1.5,2014-08-22,0418,Aqua,MODIS,66,6.2,311.2,34,D,0
-12.4566,135.5449,346.7,1.9,1.3,2014-08-22,0418,Aqua,MODIS,93,6.2,307.4,112.9,D,0
-12.1883,133.5466,323.2,2.7,1.6,2014-08-22,0418,Aqua,MODIS,61,6.2,313.1,33.1,D,0
-12.4962,133.849,324.5,2.6,1.5,2014-08-22,0418,Aqua,MODIS,68,6.2,306.7,46.1,D,0
-12.6137,135.8544,336.1,1.8,1.3,2014-08-22,0418,Aqua,MODIS,67,6.2,308,56.2,D,0
-12.4444,135.5434,324.7,1.9,1.3,2014-08-22,0418,Aqua,MODIS,73,6.2,306.7,32.4,D,0
-12.2933,136.5997,328.5,1.6,1.2,2014-08-22,0418,Aqua,MODIS,70,6.2,304.1,34.8,D,0
-12.001,136.2864,318.9,1.7,1.3,2014-08-22,0418,Aqua,MODIS,0,6.2,307.4,15.7,D,0
-12.6082,135.8485,331.1,1.8,1.3,2014-08-22,0418,Aqua,MODIS,52,6.2,307.4,42.5,D,0
-12.307,135.7736,384.8,1.8,1.3,2014-08-22,0418,Aqua,MODIS,100,6.2,307.1,394,D,0
-12.5955,136.0024,325.9,1.8,1.3,2014-08-22,0418,Aqua,MODIS,67,6.2,308.6,28.9,D,0
-12.5919,135.8348,342.8,1.8,1.3,2014-08-22,0418,Aqua,MODIS,79,6.2,303.6,91.1,D,0
-12.4408,135.5379,334,1.9,1.3,2014-08-22,0418,Aqua,MODIS,83,6.2,307,60.8,D,0
-12.4287,135.5364,340.1,1.9,1.3,2014-08-22,0418,Aqua,MODIS,88,6.2,305.3,86.6,D,0
-12.4709,135.529,331.3,1.9,1.4,2014-08-22,0418,Aqua,MODIS,77,6.2,309.7,49.7,D,0
-30.8707,121.4912,328.4,1,1,2014-08-22,0551,Aqua,MODIS,83,6.2,300.2,22.1,D,2
-22.6659,122.103,321.3,1.3,1.1,2014-08-22,0553,Aqua,MODIS,48,6.2,310.2,8.5,D,0
-22.845,122.5662,330.9,1.3,1.1,2014-08-22,0553,Aqua,MODIS,76,6.2,312.8,24.9,D,0
-20.0353,127.7142,319.1,3.4,1.7,2014-08-22,0554,Aqua,MODIS,47,6.2,308.3,33.5,D,0
-19.6074,127.7627,345.7,3.5,1.8,2014-08-22,0554,Aqua,MODIS,80,6.2,310.1,269.8,D,0
-19.6156,127.7601,339.6,3.5,1.8,2014-08-22,0554,Aqua,MODIS,76,6.2,309.2,201.7,D,0
-18.9955,121.9907,335.8,1.4,1.2,2014-08-22,0554,Aqua,MODIS,69,6.2,312.4,34.2,D,0
-19.0906,121.7078,349.1,1.3,1.1,2014-08-22,0554,Aqua,MODIS,93,6.2,307.9,75.8,D,0
-19.0803,121.7059,324.2,1.3,1.1,2014-08-22,0554,Aqua,MODIS,37,6.2,307.4,15.9,D,0
-19.0082,121.9794,338.6,1.4,1.2,2014-08-22,0554,Aqua,MODIS,85,6.2,309.5,46.7,D,0
-18.9977,121.9775,370.1,1.4,1.2,2014-08-22,0554,Aqua,MODIS,100,6.2,316.6,166.1,D,0
-18.9998,121.9643,336.8,1.4,1.2,2014-08-22,0554,Aqua,MODIS,78,6.2,311,39,D,0
-19.0864,121.7332,362.9,1.3,1.1,2014-08-22,0554,Aqua,MODIS,100,6.2,307.9,126.2,D,0
-19.0885,121.7205,371,1.3,1.1,2014-08-22,0554,Aqua,MODIS,100,6.2,309.6,165.7,D,0
-19.0719,121.7567,341.5,1.4,1.2,2014-08-22,0554,Aqua,MODIS,88,6.2,308.8,49.1,D,0
-19.074,121.744,350.1,1.3,1.2,2014-08-22,0554,Aqua,MODIS,94,6.2,311.3,75.1,D,0
-19.0761,121.7313,376.1,1.3,1.1,2014-08-22,0554,Aqua,MODIS,100,6.2,313.5,191.8,D,0
-19.0782,121.7186,329.3,1.3,1.1,2014-08-22,0554,Aqua,MODIS,69,6.2,308.5,23.1,D,0
-19.0594,121.7676,333.2,1.4,1.2,2014-08-22,0554,Aqua,MODIS,50,6.2,313.2,26.7,D,0
-19.0357,121.7444,347.6,1.4,1.2,2014-08-22,0554,Aqua,MODIS,92,6.2,310.8,63.1,D,0
-19.0377,121.7317,362.2,1.3,1.2,2014-08-22,0554,Aqua,MODIS,100,6.2,312.2,119.9,D,0
-19.0233,121.7552,331.2,1.4,1.2,2014-08-22,0554,Aqua,MODIS,65,6.2,314.7,21.3,D,0
-19.0253,121.7425,334.8,1.4,1.2,2014-08-22,0554,Aqua,MODIS,81,6.2,312.9,31.4,D,0
-19.0108,121.7662,354.4,1.4,1.2,2014-08-22,0554,Aqua,MODIS,97,6.2,316.1,85.1,D,0
-19.0129,121.7534,340.3,1.4,1.2,2014-08-22,0554,Aqua,MODIS,86,6.2,313.8,42.5,D,0
-21.103,116.4601,330.1,1.1,1,2014-08-22,0554,Aqua,MODIS,74,6.2,311.5,17.9,D,0
-21.1044,116.4496,349.8,1.1,1,2014-08-22,0554,Aqua,MODIS,94,6.2,313.7,56.1,D,0
-17.9985,125.3021,328,2.5,1.5,2014-08-22,0554,Aqua,MODIS,74,6.2,313,44.7,D,0
-17.9848,125.2992,325.8,2.5,1.5,2014-08-22,0554,Aqua,MODIS,70,6.2,313.5,33.7,D,0
-17.9917,125.293,328,2.5,1.5,2014-08-22,0554,Aqua,MODIS,69,6.2,313.6,40.9,D,0
-21.0037,116.9196,324.8,1.1,1,2014-08-22,0554,Aqua,MODIS,52,6.2,311.3,8.2,D,0
-21.0051,116.9095,352.2,1.1,1,2014-08-22,0554,Aqua,MODIS,95,6.2,314.4,56.9,D,0
-21.0064,116.8993,324.3,1.1,1,2014-08-22,0554,Aqua,MODIS,45,6.2,311.7,7.3,D,0
-20.9945,116.9182,333,1.1,1,2014-08-22,0554,Aqua,MODIS,78,6.2,312.4,18.9,D,0
-20.9958,116.908,324.5,1.1,1,2014-08-22,0554,Aqua,MODIS,43,6.2,312.5,7.5,D,0
-21.9079,119.4374,343.4,1,1,2014-08-22,0554,Aqua,MODIS,89,6.2,308.9,35.5,D,0
-21.9184,119.4291,368,1,1,2014-08-22,0554,Aqua,MODIS,100,6.2,312.6,97.2,D,0
-21.956,119.4256,391.1,1,1,2014-08-22,0554,Aqua,MODIS,100,6.2,315.2,194.6,D,0
-21.9155,119.4487,324.6,1,1,2014-08-22,0554,Aqua,MODIS,12,6.2,310.7,7.4,D,0
-21.9546,119.4354,372.8,1,1,2014-08-22,0554,Aqua,MODIS,100,6.2,311.4,113.8,D,0
-21.8775,119.4556,342.5,1,1,2014-08-22,0554,Aqua,MODIS,89,6.2,311.4,32.6,D,0
-21.8761,119.4653,335.7,1,1,2014-08-22,0554,Aqua,MODIS,78,6.2,310.9,20.6,D,0
-21.8869,119.5174,328.9,1,1,2014-08-22,0554,Aqua,MODIS,67,6.2,314.5,12.6,D,0
-21.888,119.4473,327.9,1,1,2014-08-22,0554,Aqua,MODIS,49,6.2,310.2,12.5,D,0
-21.9141,119.4585,338,1,1,2014-08-22,0554,Aqua,MODIS,82,6.2,311,23.7,D,0
-21.9094,119.4276,343.1,1,1,2014-08-22,0554,Aqua,MODIS,89,6.2,309.5,35.9,D,0
-21.9199,119.4194,385.7,1,1,2014-08-22,0554,Aqua,MODIS,100,6.2,314.3,166.9,D,0
-21.9503,119.4647,344.1,1,1,2014-08-22,0554,Aqua,MODIS,90,6.2,311.4,37.3,D,0
-21.9898,119.6887,320.8,1,1,2014-08-22,0554,Aqua,MODIS,42,6.2,308.9,5.8,D,0
-21.8866,119.4571,341.2,1,1,2014-08-22,0554,Aqua,MODIS,88,6.2,312.9,31.6,D,0
-21.9913,119.6788,327.4,1,1,2014-08-22,0554,Aqua,MODIS,72,6.2,310.1,13,D,0
-21.9484,119.6657,322.7,1,1,2014-08-22,0554,Aqua,MODIS,46,6.2,309.9,7.1,D,0
-21.9498,119.6558,326.2,1,1,2014-08-22,0554,Aqua,MODIS,69,6.2,310.7,11.1,D,0
-21.8942,119.4685,329.2,1,1,2014-08-22,0554,Aqua,MODIS,44,6.2,310.9,12.8,D,0
-21.9423,119.3932,329.9,1,1,2014-08-22,0554,Aqua,MODIS,71,6.2,308.3,17.2,D,0
-21.8855,119.5272,328.2,1,1,2014-08-22,0554,Aqua,MODIS,67,6.2,311.9,12.3,D,0
-21.9213,119.4096,375.1,1,1,2014-08-22,0554,Aqua,MODIS,100,6.2,312.1,123.2,D,0
-21.9517,119.4549,326.9,1,1,2014-08-22,0554,Aqua,MODIS,57,6.2,308.9,11.3,D,0
-21.9188,119.4894,346.7,1,1,2014-08-22,0554,Aqua,MODIS,92,6.2,311.7,38.6,D,0
-17.6632,122.8633,363.1,1.7,1.3,2014-08-22,0555,Aqua,MODIS,100,6.2,308.2,176.6,D,0
-17.671,122.6089,319.1,1.6,1.3,2014-08-22,0555,Aqua,MODIS,14,6.2,303.2,13.7,D,0
-17.6571,122.622,350.7,1.6,1.3,2014-08-22,0555,Aqua,MODIS,94,6.2,306.1,106,D,0
-17.6207,122.6409,364,1.6,1.3,2014-08-22,0555,Aqua,MODIS,100,6.2,309.3,170.3,D,0
-17.6208,122.6308,328.4,1.6,1.3,2014-08-22,0555,Aqua,MODIS,41,6.2,305.1,27.2,D,0
-17.6321,122.6329,361.6,1.6,1.3,2014-08-22,0555,Aqua,MODIS,100,6.2,308.8,158.1,D,0
-17.6459,122.6198,366.8,1.6,1.3,2014-08-22,0555,Aqua,MODIS,100,6.2,309.2,191.7,D,0
-17.6254,122.5376,336.1,1.6,1.2,2014-08-22,0555,Aqua,MODIS,83,6.2,311.8,50.4,D,0
-17.6246,122.5473,340.4,1.6,1.2,2014-08-22,0555,Aqua,MODIS,87,6.2,311.4,62.7,D,0
-16.4711,123.9192,316.1,2.1,1.4,2014-08-22,0555,Aqua,MODIS,23,6.2,302.7,14.8,D,0
-17.6597,122.6067,336.1,1.6,1.3,2014-08-22,0555,Aqua,MODIS,79,6.2,305.2,52.7,D,0
-17.6693,122.6874,333.6,1.6,1.3,2014-08-22,0555,Aqua,MODIS,51,6.2,307.5,41.7,D,0
-16.4852,123.9171,326.9,2.1,1.4,2014-08-22,0555,Aqua,MODIS,76,6.2,302.5,47.1,D,0
-16.4837,123.9219,328.2,2.1,1.4,2014-08-22,0555,Aqua,MODIS,78,6.2,302.8,52.8,D,0
-17.5257,122.9971,328.5,1.7,1.3,2014-08-22,0555,Aqua,MODIS,64,6.2,310.1,29,D,0
-17.6502,122.7317,329.8,1.7,1.3,2014-08-22,0555,Aqua,MODIS,42,6.2,311.6,27,D,0
-17.6475,122.7472,331.4,1.7,1.3,2014-08-22,0555,Aqua,MODIS,61,6.2,311.2,32.1,D,0
-17.8441,122.6076,361.4,1.6,1.2,2014-08-22,0555,Aqua,MODIS,100,6.2,309.3,158.6,D,0
-17.8467,122.5926,332.6,1.6,1.2,2014-08-22,0555,Aqua,MODIS,80,6.2,305.3,40.5,D,0
-17.8329,122.6055,324,1.6,1.2,2014-08-22,0555,Aqua,MODIS,37,6.2,305.5,21.7,D,0
-17.8355,122.5905,323.7,1.6,1.2,2014-08-22,0555,Aqua,MODIS,44,6.2,304.4,19.8,D,0
-17.8543,122.5477,319.2,1.6,1.2,2014-08-22,0555,Aqua,MODIS,32,6.2,305.2,12.4,D,0
-17.8568,122.5327,336.1,1.6,1.2,2014-08-22,0555,Aqua,MODIS,84,6.2,306.2,53.1,D,0
-17.8593,122.5178,320.3,1.6,1.2,2014-08-22,0555,Aqua,MODIS,43,6.2,303.4,15.3,D,0
-17.8123,122.5243,337.3,1.6,1.2,2014-08-22,0555,Aqua,MODIS,85,6.2,304.9,55.2,D,0
-17.6156,122.6612,366.3,1.6,1.3,2014-08-22,0555,Aqua,MODIS,100,6.2,310.1,184.6,D,0
-17.8137,122.5189,352.6,1.6,1.2,2014-08-22,0555,Aqua,MODIS,96,6.2,305.3,113.8,D,0
-17.6491,122.8769,334,1.7,1.3,2014-08-22,0555,Aqua,MODIS,64,6.2,306.8,43.4,D,0
-17.6295,122.6481,355.4,1.6,1.3,2014-08-22,0555,Aqua,MODIS,97,6.2,309.3,123.7,D,0
-17.6182,122.646,366.2,1.6,1.3,2014-08-22,0555,Aqua,MODIS,100,6.2,308.3,183.9,D,0
-17.6636,122.8541,348.5,1.7,1.3,2014-08-22,0555,Aqua,MODIS,93,6.2,307.3,99.6,D,0
-17.6608,122.8699,356.6,1.7,1.3,2014-08-22,0555,Aqua,MODIS,98,6.2,308.1,136.3,D,0
-17.8161,122.504,330.7,1.6,1.2,2014-08-22,0555,Aqua,MODIS,77,6.2,304.2,38.5,D,0
-17.6695,122.8879,329,1.7,1.3,2014-08-22,0555,Aqua,MODIS,63,6.2,308.7,22.2,D,0
-17.8149,122.5095,348.9,1.6,1.2,2014-08-22,0555,Aqua,MODIS,93,6.2,304.7,97.2,D,0
-17.5988,123.0331,324.5,1.7,1.3,2014-08-22,0555,Aqua,MODIS,63,6.2,311.4,12.8,D,0
-17.596,123.0495,343.9,1.8,1.3,2014-08-22,0555,Aqua,MODIS,90,6.2,309.5,78,D,0
-17.6228,122.5526,331.1,1.6,1.2,2014-08-22,0555,Aqua,MODIS,78,6.2,310.2,36.7,D,0
-17.6615,122.7339,337,1.7,1.3,2014-08-22,0555,Aqua,MODIS,79,6.2,308.8,50.2,D,0
-17.672,122.8814,335.3,1.7,1.3,2014-08-22,0555,Aqua,MODIS,82,6.2,308.7,42.1,D,0
-17.6722,122.8721,332,1.7,1.3,2014-08-22,0555,Aqua,MODIS,71,6.2,305.6,35.2,D,0
-17.6182,122.6561,365.7,1.6,1.3,2014-08-22,0555,Aqua,MODIS,100,6.2,311.3,177.6,D,0
-17.6069,122.6439,374.4,1.6,1.3,2014-08-22,0555,Aqua,MODIS,100,6.2,310.6,240.7,D,0
-17.6837,122.8743,375.6,1.7,1.3,2014-08-22,0555,Aqua,MODIS,100,6.2,307.3,265.7,D,0
-17.6809,122.8901,339,1.7,1.3,2014-08-22,0555,Aqua,MODIS,86,6.2,309.3,56.9,D,0
-17.6782,122.9059,343.3,1.7,1.3,2014-08-22,0555,Aqua,MODIS,90,6.2,311.4,72,D,0
-17.6951,122.8765,344.3,1.7,1.3,2014-08-22,0555,Aqua,MODIS,90,6.2,304.7,85.9,D,0
-17.6518,122.8611,329.5,1.7,1.3,2014-08-22,0555,Aqua,MODIS,46,6.2,306.4,32.3,D,0
-17.6096,122.6286,330.8,1.6,1.3,2014-08-22,0555,Aqua,MODIS,67,6.2,306.2,34,D,0
-17.6069,122.654,341.3,1.6,1.3,2014-08-22,0555,Aqua,MODIS,88,6.2,306.9,61.1,D,0
-17.6157,122.6715,334.5,1.6,1.3,2014-08-22,0555,Aqua,MODIS,82,6.2,310.9,39.3,D,0
-16.6025,123.8515,330,2.1,1.4,2014-08-22,0555,Aqua,MODIS,68,6.2,301.7,56,D,0
-17.6864,122.8585,360.4,1.7,1.3,2014-08-22,0555,Aqua,MODIS,100,6.2,305.2,163.4,D,0
-17.6978,122.8607,381.4,1.7,1.3,2014-08-22,0555,Aqua,MODIS,100,6.2,306.7,322.2,D,0
-17.6095,122.6387,368.3,1.6,1.3,2014-08-22,0555,Aqua,MODIS,100,6.2,308.9,198.3,D,0
-17.5956,122.6518,328.1,1.6,1.3,2014-08-22,0555,Aqua,MODIS,60,6.2,309.4,24.3,D,0
-17.5982,122.6365,339.1,1.6,1.3,2014-08-22,0555,Aqua,MODIS,86,6.2,309.4,59,D,0
-17.6073,122.5129,329,1.6,1.2,2014-08-22,0555,Aqua,MODIS,47,6.2,314.2,23.4,D,0
-17.6098,122.498,348.4,1.6,1.2,2014-08-22,0555,Aqua,MODIS,93,6.2,311.9,88.5,D,0
-17.3697,123.7562,348.1,2,1.4,2014-08-22,0555,Aqua,MODIS,93,6.2,309.1,123.4,D,0
-15.3353,126.0686,321.7,3.3,1.7,2014-08-22,0555,Aqua,MODIS,42,6.2,307.9,47.5,D,0
-17.4281,123.8693,325.6,2,1.4,2014-08-22,0555,Aqua,MODIS,55,6.2,307.7,30.8,D,0
-15.2391,126.0145,319.4,3.2,1.7,2014-08-22,0555,Aqua,MODIS,48,6.2,307,30.2,D,0
-15.1811,125.9296,330.5,3.2,1.7,2014-08-22,0555,Aqua,MODIS,57,6.2,303.9,97.5,D,0
-15.1769,125.9333,330.2,3.2,1.7,2014-08-22,0555,Aqua,MODIS,77,6.2,303.1,100,D,0
-15.181,125.995,332.3,3.2,1.7,2014-08-22,0555,Aqua,MODIS,82,6.2,307.2,104.6,D,0
-17.3664,123.7747,345.3,2,1.4,2014-08-22,0555,Aqua,MODIS,91,6.2,309.1,110.1,D,0
-15.3249,126.0616,323.3,3.3,1.7,2014-08-22,0555,Aqua,MODIS,70,6.2,306.3,56.6,D,0
-17.3574,123.7539,322.6,2,1.4,2014-08-22,0555,Aqua,MODIS,57,6.2,308.7,20.5,D,0
-17.4247,123.8882,326.6,2,1.4,2014-08-22,0555,Aqua,MODIS,59,6.2,311.6,33.3,D,0
-20.7388,139.4789,301.1,1.4,1.2,2014-08-22,1340,Terra,MODIS,36,6.2,287.5,8.4,N,2
-20.7344,139.4721,303.7,1.4,1.2,2014-08-22,1340,Terra,MODIS,56,6.2,288.5,10.9,N,2
-18.6225,130.2477,304.7,1.6,1.2,2014-08-22,1341,Terra,MODIS,15,6.2,286.8,13.9,N,0
-18.6207,130.2623,307.9,1.6,1.2,2014-08-22,1341,Terra,MODIS,33,6.2,288.1,18,N,0
-18.6114,130.2461,312.6,1.6,1.2,2014-08-22,1341,Terra,MODIS,36,6.2,288.5,23,N,0
-17.2098,138.9772,310.4,1.5,1.2,2014-08-22,1341,Terra,MODIS,80,6.2,287.9,20.2,N,0
-17.2121,138.9633,307.6,1.5,1.2,2014-08-22,1341,Terra,MODIS,72,6.2,287.4,16.5,N,0
-17.3406,138.7407,312.3,1.4,1.2,2014-08-22,1341,Terra,MODIS,81,6.2,289.4,20.1,N,0
-17.3427,138.7273,312.3,1.4,1.2,2014-08-22,1341,Terra,MODIS,84,6.2,290,19.8,N,0
-17.33,138.7387,307.1,1.4,1.2,2014-08-22,1341,Terra,MODIS,70,6.2,289.8,14.3,N,0
-17.3194,138.7368,313.9,1.4,1.2,2014-08-22,1341,Terra,MODIS,82,6.2,290.6,21.3,N,0
-17.3065,138.7482,326,1.4,1.2,2014-08-22,1341,Terra,MODIS,100,6.2,289.9,41.4,N,0
-17.2853,138.7444,304,1.4,1.2,2014-08-22,1341,Terra,MODIS,58,6.2,288.6,11.5,N,0
-17.2747,138.7424,310.6,1.4,1.2,2014-08-22,1341,Terra,MODIS,81,6.2,287.7,19,N,0
-17.3172,138.7502,337.3,1.4,1.2,2014-08-22,1341,Terra,MODIS,100,6.2,291.6,67.5,N,0
-17.2725,138.7558,300.3,1.4,1.2,2014-08-22,1341,Terra,MODIS,20,6.2,287.3,8.3,N,0
-18.8657,133.9717,305.7,1,1,2014-08-22,1341,Terra,MODIS,65,6.2,288.5,8.6,N,0
-18.8694,134.0118,301.1,1,1,2014-08-22,1341,Terra,MODIS,37,6.2,283.5,7.2,N,0
-16.0477,135.8607,310,1.1,1,2014-08-22,1342,Terra,MODIS,57,6.2,289.2,11,N,0
-14.6504,134.7872,324.1,1,1,2014-08-22,1342,Terra,MODIS,100,6.2,290.8,24,N,0
-14.649,134.7965,316.6,1,1,2014-08-22,1342,Terra,MODIS,93,6.2,289.7,16.4,N,0
-15.3562,142.0261,307.3,2.7,1.6,2014-08-22,1342,Terra,MODIS,71,6.2,290.8,35.9,N,0
-15.1385,135.1619,301.4,1,1,2014-08-22,1342,Terra,MODIS,40,6.2,284.4,6.9,N,0
-15.3516,142.0511,302.2,2.7,1.6,2014-08-22,1342,Terra,MODIS,36,6.2,290.4,24.2,N,0
-15.1889,134.8801,306.5,1,1,2014-08-22,1342,Terra,MODIS,68,6.2,287.1,8.9,N,0
-16.2891,136.0304,301.1,1.1,1,2014-08-22,1342,Terra,MODIS,38,6.2,286.8,6.3,N,0
-15.8742,128.832,319.1,1.8,1.3,2014-08-22,1342,Terra,MODIS,98,6.2,292.1,40.4,N,0
-16.0277,135.8675,306,1.1,1,2014-08-22,1342,Terra,MODIS,4,6.2,287.8,6.8,N,0
-15.3678,133.1632,301,1,1,2014-08-22,1342,Terra,MODIS,36,6.2,285.3,6.6,N,0
-16.0233,135.897,304,1.1,1,2014-08-22,1342,Terra,MODIS,26,6.2,288.5,7.2,N,0
-15.3691,133.1537,337.6,1,1,2014-08-22,1342,Terra,MODIS,100,6.2,288,43.7,N,0
-15.3704,133.1442,357.3,1,1,2014-08-22,1342,Terra,MODIS,100,6.2,289.6,84.3,N,0
-16.0248,135.8872,314.7,1.1,1,2014-08-22,1342,Terra,MODIS,85,6.2,289.1,14.5,N,0
-15.373,133.1251,304,1,1,2014-08-22,1342,Terra,MODIS,58,6.2,285.6,8.1,N,0
-15.3717,133.1346,323.6,1,1,2014-08-22,1342,Terra,MODIS,100,6.2,286.8,24.4,N,0
-15.2999,126.066,302.6,2.9,1.6,2014-08-22,1342,Terra,MODIS,50,6.2,288.9,27.3,N,0
-15.301,126.0727,305.3,2.9,1.6,2014-08-22,1342,Terra,MODIS,64,6.2,289.2,34.4,N,0
-12.4036,133.0062,309,1,1,2014-08-22,1343,Terra,MODIS,71,6.2,294.7,9.3,N,0
-13.9234,130.1275,306.8,1.4,1.2,2014-08-22,1343,Terra,MODIS,69,6.2,286.5,15.1,N,0
-12.5993,131.9211,307.6,1.1,1,2014-08-22,1343,Terra,MODIS,72,6.2,286.8,10.5,N,0
-11.8129,132.6972,334.3,1,1,2014-08-22,1343,Terra,MODIS,100,6.2,287.4,36.1,N,0
-11.8051,132.6867,307.8,1,1,2014-08-22,1343,Terra,MODIS,42,6.2,287.9,9.3,N,0
-12.0674,132.9131,302.9,1,1,2014-08-22,1343,Terra,MODIS,37,6.2,291.7,5.4,N,0
-12.0494,132.9104,311.2,1,1,2014-08-22,1343,Terra,MODIS,82,6.2,292.8,10.7,N,0
-13.0082,135.4905,302.8,1.1,1,2014-08-22,1343,Terra,MODIS,17,6.2,289.7,5.9,N,0
-13.0175,135.4921,308,1.1,1,2014-08-22,1343,Terra,MODIS,73,6.2,289.6,9.7,N,0
-12.59,131.9197,302.3,1.1,1,2014-08-22,1343,Terra,MODIS,35,6.2,286.8,6.8,N,0
-11.8038,132.6959,309,1,1,2014-08-22,1343,Terra,MODIS,54,6.2,287.4,10,N,0
-12.1128,132.9167,317.3,1,1,2014-08-22,1343,Terra,MODIS,95,6.2,293.7,14.8,N,0
-12.1218,132.9181,301.4,1,1,2014-08-22,1343,Terra,MODIS,22,6.2,289.9,4.5,N,0
-13.019,135.4822,301.3,1.1,1,2014-08-22,1343,Terra,MODIS,20,6.2,288.2,5.2,N,0
-12.8023,135.1478,300.1,1.1,1,2014-08-22,1343,Terra,MODIS,14,6.2,288,5.5,N,0
-12.4226,133.7789,309.7,1,1,2014-08-22,1343,Terra,MODIS,69,6.2,292.2,8.2,N,0
-12.178,134.7066,303.1,1,1,2014-08-22,1343,Terra,MODIS,4,6.2,287.8,5.5,N,0
-12.4892,133.8265,309.8,1,1,2014-08-22,1343,Terra,MODIS,78,6.2,292.6,8.9,N,0
-12.9581,132.4608,300.4,1,1,2014-08-22,1343,Terra,MODIS,27,6.2,289.5,5.4,N,0
-12.3663,133.9143,306.2,1,1,2014-08-22,1343,Terra,MODIS,67,6.2,294.4,6.2,N,0
-12.4962,133.8432,309.9,1,1,2014-08-22,1343,Terra,MODIS,69,6.2,293.6,8.3,N,0
-12.4199,133.7972,312.2,1,1,2014-08-22,1343,Terra,MODIS,19,6.2,293.6,8.9,N,0
-13.6411,134.5138,300.2,1,1,2014-08-22,1343,Terra,MODIS,22,6.2,287.4,4.9,N,0
-12.6274,135.4465,303.5,1.1,1,2014-08-22,1343,Terra,MODIS,56,6.2,289.3,7,N,0
-12.4263,133.8169,308.1,1,1,2014-08-22,1343,Terra,MODIS,73,6.2,293.1,7,N,0
-12.3676,133.9052,315.9,1,1,2014-08-22,1343,Terra,MODIS,92,6.2,295,13.3,N,0
-12.621,135.4494,306.6,1.1,1,2014-08-22,1343,Terra,MODIS,69,6.2,289.4,10.1,N,0
-12.33,135.776,306,1.1,1.1,2014-08-22,1343,Terra,MODIS,66,6.2,291,8.3,N,0
-12.939,131.8672,301.5,1.1,1,2014-08-22,1343,Terra,MODIS,42,6.2,288.3,6.3,N,0
-13.1121,135.1757,305.6,1.1,1,2014-08-22,1343,Terra,MODIS,65,6.2,288.2,8.6,N,0
-12.5663,135.1322,300.3,1.1,1,2014-08-22,1343,Terra,MODIS,25,6.2,289.5,5.3,N,0
-12.4905,133.8173,306.5,1,1,2014-08-22,1343,Terra,MODIS,37,6.2,292.3,6.2,N,0
-12.6259,135.4565,301.2,1.1,1,2014-08-22,1343,Terra,MODIS,38,6.2,289,5.6,N,0
-13.4464,132.4424,303.7,1,1,2014-08-22,1343,Terra,MODIS,24,6.2,292,6,N,0
-12.0845,132.9219,307.6,1,1,2014-08-22,1343,Terra,MODIS,32,6.2,290.9,6.9,N,0
-13.0069,132.2292,300.8,1.1,1,2014-08-22,1343,Terra,MODIS,22,6.2,288.4,5.3,N,0
-12.3049,135.5249,306.4,1.1,1,2014-08-22,1343,Terra,MODIS,37,6.2,290.3,8.4,N,0
-13.428,132.4396,316.2,1,1,2014-08-22,1343,Terra,MODIS,93,6.2,290.7,15.4,N,0
-13.7658,134.1608,316.6,1,1,2014-08-22,1343,Terra,MODIS,93,6.2,290.8,15.3,N,0
-13.7645,134.1701,317.7,1,1,2014-08-22,1343,Terra,MODIS,96,6.2,291.3,16.2,N,0
-13.4727,132.3182,305.4,1.1,1,2014-08-22,1343,Terra,MODIS,23,6.2,291.1,6.5,N,0
-13.4543,132.3154,302.3,1.1,1,2014-08-22,1343,Terra,MODIS,6,6.2,291.9,5.1,N,0
-13.2024,132.3487,303.8,1,1,2014-08-22,1343,Terra,MODIS,24,6.2,290,6.3,N,0
-13.4372,132.4411,307.2,1,1,2014-08-22,1343,Terra,MODIS,56,6.2,292.4,8.4,N,0
-13.0174,132.2209,312.8,1.1,1,2014-08-22,1343,Terra,MODIS,86,6.2,287.9,13.5,N,0
-13.0986,132.5035,303.7,1,1,2014-08-22,1343,Terra,MODIS,14,6.2,293.7,5.6,N,0
-13.6668,134.5273,300.5,1,1,2014-08-22,1343,Terra,MODIS,29,6.2,287.1,5.3,N,0
-12.3223,135.538,300.7,1.1,1,2014-08-22,1343,Terra,MODIS,2,6.2,289,5,N,0
-12.3238,135.5279,306.6,1.1,1,2014-08-22,1343,Terra,MODIS,58,6.2,289.7,8.7,N,0
-12.3143,135.5264,312.2,1.1,1,2014-08-22,1343,Terra,MODIS,56,6.2,290.6,12.5,N,0
-13.7631,134.1793,305,1,1,2014-08-22,1343,Terra,MODIS,30,6.2,290.1,6.5,N,0
-12.3064,135.5148,319.6,1.1,1,2014-08-22,1343,Terra,MODIS,99,6.2,291.5,20.5,N,0
-13.7618,134.1885,303,1,1,2014-08-22,1343,Terra,MODIS,28,6.2,289.6,5.4,N,0
-12.297,135.5133,316.9,1.1,1,2014-08-22,1343,Terra,MODIS,94,6.2,290.7,18.1,N,0
-13.0082,132.2196,302.2,1.1,1,2014-08-22,1343,Terra,MODIS,47,6.2,288.8,6.3,N,0
-12.3284,135.7863,306.8,1.1,1.1,2014-08-22,1343,Terra,MODIS,69,6.2,290.9,8.7,N,0
-13.1932,132.3475,303.9,1,1,2014-08-22,1343,Terra,MODIS,36,6.2,291.6,6,N,0
-12.8087,132.6064,317.2,1,1,2014-08-22,1343,Terra,MODIS,95,6.2,291.1,17.1,N,0
-13.0973,132.5129,307.5,1,1,2014-08-22,1343,Terra,MODIS,52,6.2,292.8,8.1,N,0
-12.1077,132.8877,309,1,1,2014-08-22,1343,Terra,MODIS,73,6.2,290.1,9,N,0
-12.8074,132.6158,317,1,1,2014-08-22,1343,Terra,MODIS,94,6.2,291,16.8,N,0
-13.6985,134.6244,302.5,1,1,2014-08-22,1343,Terra,MODIS,49,6.2,285.6,6.5,N,0
-13.7273,132.0057,302.5,1.1,1,2014-08-22,1343,Terra,MODIS,24,6.2,291,5.5,N,0
-12.3558,135.2471,302.8,1.1,1,2014-08-22,1343,Terra,MODIS,51,6.2,290.2,6.2,N,0
-14.1411,132.1975,305.6,1.1,1,2014-08-22,1343,Terra,MODIS,65,6.2,291.1,7.8,N,0
-13.6999,134.615,301,1,1,2014-08-22,1343,Terra,MODIS,36,6.2,287.3,5.7,N,0
-12.9859,132.4514,303.3,1,1,2014-08-22,1343,Terra,MODIS,52,6.2,291.9,6.1,N,0
-21.2725,116.3699,308.6,1.8,1.3,2014-08-22,1519,Terra,MODIS,75,6.2,289.6,21.5,N,0
-21.2755,116.3533,303.3,1.8,1.3,2014-08-22,1519,Terra,MODIS,54,6.2,288.5,13.9,N,0
-21.2659,116.3631,303.2,1.8,1.3,2014-08-22,1519,Terra,MODIS,26,6.2,288.8,12.5,N,0
-21.2165,116.3697,308.2,1.8,1.3,2014-08-22,1519,Terra,MODIS,74,6.2,290.7,21.2,N,0
-21.9101,119.4161,302.5,2.8,1.6,2014-08-22,1519,Terra,MODIS,50,6.2,284.8,34.6,N,0
-21.9034,119.4364,303.2,2.8,1.6,2014-08-22,1519,Terra,MODIS,52,6.2,284.1,33.6,N,0
-11.8172,132.7013,311.6,1.1,1.1,2014-08-22,1646,Aqua,MODIS,83,6.2,286.5,14.5,N,0
-12.5976,131.9234,302.3,1.1,1,2014-08-22,1646,Aqua,MODIS,48,6.2,286.1,7.3,N,0
-12.5884,131.9248,300.1,1.1,1,2014-08-22,1646,Aqua,MODIS,16,6.2,286.7,5.9,N,0
-13.0178,132.2288,301.3,1.1,1,2014-08-22,1646,Aqua,MODIS,39,6.2,285.1,6.6,N,0
-13.4347,132.4442,308.5,1.1,1.1,2014-08-22,1646,Aqua,MODIS,70,6.2,290.6,11.3,N,0
-13.4394,132.4473,312.3,1.1,1.1,2014-08-22,1646,Aqua,MODIS,85,6.2,290.7,14.7,N,0
-13.4489,132.4458,301,1.1,1.1,2014-08-22,1646,Aqua,MODIS,36,6.2,290.5,6.4,N,0
-14.1406,132.2039,307.8,1.1,1.1,2014-08-22,1646,Aqua,MODIS,73,6.2,290.4,11.4,N,0
-13.7423,132.2918,300.5,1.1,1.1,2014-08-22,1646,Aqua,MODIS,17,6.2,289.7,5.2,N,0
-13.451,132.3206,302.2,1.1,1.1,2014-08-22,1646,Aqua,MODIS,44,6.2,290.9,6.6,N,0
-13.0164,132.2189,301.7,1.1,1,2014-08-22,1646,Aqua,MODIS,44,6.2,285.5,7,N,0
-13.7409,132.2816,300.7,1.1,1.1,2014-08-22,1646,Aqua,MODIS,32,6.2,289.8,5.6,N,0
-12.4197,133.8062,312.9,1.3,1.1,2014-08-22,1646,Aqua,MODIS,86,6.2,293.1,16.6,N,0
-12.9387,131.8692,301.3,1.1,1,2014-08-22,1646,Aqua,MODIS,38,6.2,288.3,6.4,N,0
-12.4181,133.7943,301.7,1.3,1.1,2014-08-22,1646,Aqua,MODIS,24,6.2,291.2,6,N,0
-12.9373,131.8595,316,1.1,1,2014-08-22,1646,Aqua,MODIS,92,6.2,289.8,17.2,N,0
-12.4838,133.8276,301.8,1.3,1.1,2014-08-22,1646,Aqua,MODIS,29,6.2,290.4,6.8,N,0
-15.8712,128.8276,302.5,1,1,2014-08-22,1647,Aqua,MODIS,37,6.2,287,6.3,N,0
-15.9705,128.9322,304.2,1,1,2014-08-22,1647,Aqua,MODIS,34,6.2,292.4,6.4,N,0
-15.8889,128.883,308.4,1,1,2014-08-22,1647,Aqua,MODIS,54,6.2,293.4,8,N,0
-15.9027,128.8519,311.2,1,1,2014-08-22,1647,Aqua,MODIS,82,6.2,293.6,10.1,N,0
-15.9013,128.8423,303.2,1,1,2014-08-22,1647,Aqua,MODIS,21,6.2,292.1,5.2,N,0
-15.9218,128.9165,302.5,1,1,2014-08-22,1647,Aqua,MODIS,12,6.2,290.7,4.8,N,0
-15.9308,128.9151,311,1,1,2014-08-22,1647,Aqua,MODIS,54,6.2,292.7,10,N,0
-15.2258,125.9776,302.9,1.4,1.2,2014-08-22,1647,Aqua,MODIS,52,6.2,284.3,11.7,N,0
-20.0339,127.725,303.9,1,1,2014-08-22,1648,Aqua,MODIS,57,6.2,283.4,8.9,N,0
-19.6056,127.758,319.5,1,1,2014-08-22,1648,Aqua,MODIS,99,6.2,283.3,22,N,0
-19.6071,127.7678,322.1,1,1,2014-08-22,1648,Aqua,MODIS,100,6.2,283.6,24.7,N,0
-21.8995,119.436,311.3,3.1,1.7,2014-08-22,1649,Aqua,MODIS,82,6.2,283.9,69.8,N,0
-21.8998,119.4409,312.9,3.1,1.7,2014-08-22,1649,Aqua,MODIS,86,6.2,284,74.4,N,0
-14.5506,143.4165,316.4,1.4,1.2,2014-08-23,0033,Terra,MODIS,67,6.2,297.8,13.1,D,0
-13.7012,142.12,315.9,1.7,1.3,2014-08-23,0033,Terra,MODIS,63,6.2,297.4,16.3,D,0
-13.6897,142.1219,313.9,1.7,1.3,2014-08-23,0033,Terra,MODIS,29,6.2,296.8,12.6,D,0
-13.6985,142.1042,313.6,1.7,1.3,2014-08-23,0033,Terra,MODIS,52,6.2,296.2,12.5,D,0
-14.5526,143.429,321.7,1.3,1.2,2014-08-23,0033,Terra,MODIS,75,6.2,297.2,21.4,D,0
-15.3204,144.8246,317.5,1.1,1.1,2014-08-23,0033,Terra,MODIS,63,6.2,300.1,8.8,D,0
-15.3187,144.8143,316.2,1.1,1.1,2014-08-23,0033,Terra,MODIS,56,6.2,300.4,7.3,D,0
-15.0066,141.9384,317.5,1.7,1.3,2014-08-23,0033,Terra,MODIS,60,6.2,301.1,12.7,D,0
-14.8912,142.3469,314.7,1.6,1.2,2014-08-23,0033,Terra,MODIS,34,6.2,299.3,10.6,D,0
-11.9732,142.5385,315,1.7,1.3,2014-08-23,0033,Terra,MODIS,51,6.2,288.5,15.8,D,0
-17.1877,138.9686,321,2.5,1.5,2014-08-23,0034,Terra,MODIS,72,6.2,301.8,44.1,D,0
-17.2392,138.9765,319.9,2.5,1.5,2014-08-23,0034,Terra,MODIS,62,6.2,301.5,33.5,D,0
-17.2528,138.9738,318.9,2.5,1.5,2014-08-23,0034,Terra,MODIS,57,6.2,302,30.2,D,0
-17.1834,138.9451,319.1,2.5,1.5,2014-08-23,0034,Terra,MODIS,62,6.2,301.4,34.4,D,0
-17.3418,138.651,314.7,2.6,1.6,2014-08-23,0034,Terra,MODIS,44,6.2,300.6,23.1,D,0
-17.3464,138.6756,327.4,2.6,1.6,2014-08-23,0034,Terra,MODIS,79,6.2,303.1,73.4,D,0
-17.3508,138.6688,327.2,2.6,1.6,2014-08-23,0034,Terra,MODIS,79,6.2,302.5,72.2,D,0
-19.1503,146.5731,333.9,1,1,2014-08-23,0034,Terra,MODIS,65,6.2,297.9,29.4,D,0
-19.1517,146.5826,317.8,1,1,2014-08-23,0034,Terra,MODIS,53,6.2,296.6,10.5,D,0
-17.2466,138.9811,325.7,2.5,1.5,2014-08-23,0034,Terra,MODIS,78,6.2,301.3,56.4,D,0
-15.9253,135.8706,312.1,4.5,2,2014-08-23,0034,Terra,MODIS,46,6.2,300.9,35.8,D,0
-15.7,135.849,311.9,4.6,2,2014-08-23,0034,Terra,MODIS,49,6.2,299.8,48.6,D,0
-15.6997,135.8435,310.1,4.6,2,2014-08-23,0034,Terra,MODIS,25,6.2,299.7,38,D,0
-16.2039,144.4573,319.1,1.1,1.1,2014-08-23,0034,Terra,MODIS,69,6.2,300.3,11.8,D,0
-21.4548,148.3803,321.2,1.2,1.1,2014-08-23,0035,Terra,MODIS,76,6.2,299.6,17.3,D,0
-20.2579,145.839,314.3,1,1,2014-08-23,0035,Terra,MODIS,29,6.2,300.2,5.1,D,0
-21.4563,148.3919,326.8,1.2,1.1,2014-08-23,0035,Terra,MODIS,82,6.2,299.2,25.1,D,0
-20.2792,145.7966,314.6,1,1,2014-08-23,0035,Terra,MODIS,56,6.2,299.8,5.5,D,0
-20.2503,145.85,315,1,1,2014-08-23,0035,Terra,MODIS,39,6.2,300.4,5.1,D,0
-20.4579,145.5112,317.9,1,1,2014-08-23,0035,Terra,MODIS,67,6.2,301.4,7.7,D,0
-21.4465,148.3933,312.3,1.2,1.1,2014-08-23,0035,Terra,MODIS,33,6.2,297.7,7.2,D,0
-27.3237,149.6739,302.2,1.7,1.3,2014-08-23,0036,Terra,MODIS,33,6.2,281.7,8.5,D,0
-25.8295,147.3601,310,1.2,1.1,2014-08-23,0036,Terra,MODIS,62,6.2,296.1,6.5,D,0
-24.8765,148.6009,336.2,1.4,1.2,2014-08-23,0036,Terra,MODIS,89,6.2,295.6,52.3,D,0
-24.8749,148.5874,312.5,1.4,1.2,2014-08-23,0036,Terra,MODIS,46,6.2,293.2,11.5,D,0
-28.9867,147.2676,309.6,1.3,1.1,2014-08-23,0037,Terra,MODIS,49,6.2,296.9,6,D,0
-33.6934,147.5217,306.5,1.5,1.2,2014-08-23,0038,Terra,MODIS,64,6.2,292.3,10.7,D,0
-33.6917,147.5053,303.9,1.5,1.2,2014-08-23,0038,Terra,MODIS,54,6.2,292.8,7.9,D,0
-31.1253,146.4037,310.8,1.2,1.1,2014-08-23,0038,Terra,MODIS,69,6.2,292.8,10.9,D,0
-31.5525,147.0968,302,1.3,1.1,2014-08-23,0038,Terra,MODIS,50,6.2,291.6,6.2,D,0
-37.5718,143.5702,314.7,1.1,1,2014-08-23,0039,Terra,MODIS,75,6.2,286.3,16.7,D,0
-13.758,132.2576,319,3.9,1.8,2014-08-23,0211,Terra,MODIS,53,6.2,307.6,43.6,D,0
-13.0315,132.2104,320.2,3.8,1.8,2014-08-23,0211,Terra,MODIS,59,6.2,308.3,51.5,D,0
-13.7525,132.2638,321.9,3.9,1.8,2014-08-23,0211,Terra,MODIS,62,6.2,307.9,65.5,D,0
-13.0246,132.217,324.6,3.8,1.8,2014-08-23,0211,Terra,MODIS,73,6.2,308.2,80.6,D,0
-12.3827,131.5138,315.4,3.3,1.7,2014-08-23,0211,Terra,MODIS,36,6.2,304.9,40.3,D,0
-12.3792,131.5088,316.5,3.3,1.7,2014-08-23,0211,Terra,MODIS,40,6.2,304.9,44.3,D,0
-12.943,131.8473,323.9,3.5,1.8,2014-08-23,0211,Terra,MODIS,72,6.2,308.7,70.1,D,0
-12.9497,131.8522,327,3.5,1.8,2014-08-23,0211,Terra,MODIS,77,6.2,308.6,91.6,D,0
-12.4526,133.191,317,4.4,1.9,2014-08-23,0211,Terra,MODIS,55,6.2,306.9,55.1,D,0
-13.9209,130.1657,321.8,2.7,1.6,2014-08-23,0211,Terra,MODIS,56,6.2,308,42.1,D,0
-13.15,130.1887,322.2,2.6,1.6,2014-08-23,0211,Terra,MODIS,65,6.2,302.9,48.3,D,0
-12.8049,130.3838,326,2.7,1.6,2014-08-23,0211,Terra,MODIS,57,6.2,302.3,70.6,D,0
-12.7908,130.3854,335.3,2.7,1.6,2014-08-23,0211,Terra,MODIS,64,6.2,307.4,122.3,D,0
-12.7947,130.3794,347.6,2.7,1.6,2014-08-23,0211,Terra,MODIS,71,6.2,306.3,213.7,D,0
-13.1472,130.1643,324.9,2.6,1.6,2014-08-23,0211,Terra,MODIS,67,6.2,306.8,59.4,D,0
-12.5731,131.9146,326.2,3.5,1.8,2014-08-23,0211,Terra,MODIS,60,6.2,306,89.1,D,0
-12.589,131.9127,335.5,3.5,1.8,2014-08-23,0211,Terra,MODIS,86,6.2,305.8,168.5,D,0
-12.6153,131.9477,319.4,3.6,1.8,2014-08-23,0211,Terra,MODIS,52,6.2,306.1,45,D,0
-12.5956,131.9171,327.4,3.5,1.8,2014-08-23,0211,Terra,MODIS,73,6.2,305.3,100.8,D,0
-12.5797,131.919,333.3,3.5,1.8,2014-08-23,0211,Terra,MODIS,84,6.2,306.9,144.9,D,0
-12.6084,131.9433,320.2,3.6,1.8,2014-08-23,0211,Terra,MODIS,56,6.2,306.6,54.5,D,0
-12.1185,132.9278,319.1,4.2,1.9,2014-08-23,0211,Terra,MODIS,40,6.2,307.3,62.2,D,0
-15.2051,125.9406,366.8,1.4,1.2,2014-08-23,0212,Terra,MODIS,100,6.2,313.6,145.9,D,0
-15.1673,125.8944,322,1.4,1.2,2014-08-23,0212,Terra,MODIS,63,6.2,309.5,14.1,D,0
-15.1777,125.8931,364.1,1.4,1.2,2014-08-23,0212,Terra,MODIS,100,6.2,309.2,137.7,D,0
-15.1793,125.9056,355.2,1.4,1.2,2014-08-23,0212,Terra,MODIS,97,6.2,312.1,98.3,D,0
-15.1689,125.907,334.3,1.4,1.2,2014-08-23,0212,Terra,MODIS,84,6.2,309.7,35.1,D,0
-15.3037,126.0772,324.5,1.4,1.2,2014-08-23,0212,Terra,MODIS,73,6.2,306.6,20.3,D,0
-15.2344,126.0014,324.5,1.4,1.2,2014-08-23,0212,Terra,MODIS,44,6.2,308.3,15,D,0
-15.1271,126.1269,328.2,1.4,1.2,2014-08-23,0212,Terra,MODIS,77,6.2,308.8,25.4,D,0
-15.236,126.0141,322.7,1.4,1.2,2014-08-23,0212,Terra,MODIS,36,6.2,306.8,12.8,D,0
-15.2448,126,327.4,1.4,1.2,2014-08-23,0212,Terra,MODIS,33,6.2,306.7,20.4,D,0
-15.2482,126.0257,339.4,1.4,1.2,2014-08-23,0212,Terra,MODIS,88,6.2,305.9,50.2,D,0
-15.8835,128.7992,327.2,2.3,1.5,2014-08-23,0212,Terra,MODIS,44,6.2,308.1,46.6,D,0
-15.8862,128.8045,337,2.3,1.5,2014-08-23,0212,Terra,MODIS,50,6.2,309.1,82.2,D,0
-15.2034,125.928,389.3,1.4,1.2,2014-08-23,0212,Terra,MODIS,100,6.2,314.1,288.1,D,0
-15.1705,125.9195,331.8,1.4,1.2,2014-08-23,0212,Terra,MODIS,73,6.2,309,28.2,D,0
-15.3356,133.0762,323.6,4.7,2,2014-08-23,0212,Terra,MODIS,67,6.2,304.9,128.6,D,0
-15.3162,133.0711,327.8,4.7,2,2014-08-23,0212,Terra,MODIS,78,6.2,303.6,173.7,D,0
-15.3342,133.0694,322.9,4.7,2,2014-08-23,0212,Terra,MODIS,66,6.2,304.5,123.1,D,0
-15.3521,133.0677,332.7,4.7,2,2014-08-23,0212,Terra,MODIS,83,6.2,304.7,229.3,D,0
-15.3536,133.0747,336.1,4.7,2,2014-08-23,0212,Terra,MODIS,86,6.2,305.1,267.1,D,0
-15.3177,133.0779,325.7,4.7,2,2014-08-23,0212,Terra,MODIS,73,6.2,303.8,151.9,D,0
-15.9217,128.9002,359.5,2.3,1.5,2014-08-23,0212,Terra,MODIS,99,6.2,307.7,250.3,D,0
-15.9084,128.9012,323.2,2.3,1.5,2014-08-23,0212,Terra,MODIS,63,6.2,306.1,35.7,D,0
-16.2186,128.3217,320.5,2.1,1.4,2014-08-23,0212,Terra,MODIS,68,6.2,305.7,28.2,D,0
-16.0648,128.9151,343.7,2.3,1.5,2014-08-23,0212,Terra,MODIS,91,6.2,308.9,135.1,D,0
-16.0624,128.8939,345.4,2.3,1.5,2014-08-23,0212,Terra,MODIS,92,6.2,309.3,142.3,D,0
-16.0686,128.9202,337,2.3,1.5,2014-08-23,0212,Terra,MODIS,87,6.2,307.8,96.2,D,0
-15.8859,128.8202,325.7,2.3,1.5,2014-08-23,0212,Terra,MODIS,61,6.2,311.1,43.1,D,0
-15.899,128.8185,332.3,2.3,1.5,2014-08-23,0212,Terra,MODIS,38,6.2,307.9,62.3,D,0
-15.9014,128.839,333.2,2.3,1.5,2014-08-23,0212,Terra,MODIS,41,6.2,308.1,66.5,D,0
-15.9145,128.8374,332.2,2.3,1.5,2014-08-23,0212,Terra,MODIS,34,6.2,305.6,63.9,D,0
-15.9276,128.8352,319.5,2.3,1.5,2014-08-23,0212,Terra,MODIS,51,6.2,304.2,26.4,D,0
-15.93,128.856,320.8,2.3,1.5,2014-08-23,0212,Terra,MODIS,55,6.2,305.5,29,D,0
-16.0661,128.8989,361.2,2.3,1.5,2014-08-23,0212,Terra,MODIS,100,6.2,309.7,266,D,0
-14.2275,129.7227,320.3,2.5,1.5,2014-08-23,0212,Terra,MODIS,51,6.2,306,32.4,D,0
-14.2137,129.7243,338.1,2.5,1.5,2014-08-23,0212,Terra,MODIS,88,6.2,307.3,118.7,D,0
-16.465,123.9305,319.5,1.1,1,2014-08-23,0212,Terra,MODIS,53,6.2,304.8,9.9,D,0
-16.4528,123.9113,340.9,1.1,1,2014-08-23,0212,Terra,MODIS,89,6.2,307,39.9,D,0
-15.989,128.9296,323.6,2.3,1.5,2014-08-23,0212,Terra,MODIS,62,6.2,307.6,38.3,D,0
-16.0781,128.9135,316.9,2.3,1.5,2014-08-23,0212,Terra,MODIS,38,6.2,305.6,18.1,D,0
-16.603,123.9157,328,1.1,1,2014-08-23,0212,Terra,MODIS,77,6.2,308,18,D,0
-16.6015,123.9054,320,1.1,1,2014-08-23,0212,Terra,MODIS,25,6.2,309,7.5,D,0
-16.5827,123.908,326.7,1.1,1,2014-08-23,0212,Terra,MODIS,72,6.2,308.9,15.4,D,0
-16.6052,123.8628,318.6,1.1,1,2014-08-23,0212,Terra,MODIS,49,6.2,307,8.1,D,0
-16.6038,123.8525,322.1,1.1,1,2014-08-23,0212,Terra,MODIS,70,6.2,305.6,12.6,D,0
-16.442,123.9026,324.2,1.1,1,2014-08-23,0212,Terra,MODIS,60,6.2,304.8,14.5,D,0
-14.354,129.4876,318.5,2.4,1.5,2014-08-23,0212,Terra,MODIS,63,6.2,307,25.4,D,0
-15.9931,128.9358,328.4,2.3,1.5,2014-08-23,0212,Terra,MODIS,78,6.2,307.3,55.8,D,0
-14.4053,129.6895,318.4,2.5,1.5,2014-08-23,0212,Terra,MODIS,63,6.2,307.8,23.7,D,0
-15.9374,128.9201,319,2.3,1.5,2014-08-23,0212,Terra,MODIS,47,6.2,305.6,21.3,D,0
-15.9243,128.9225,339.8,2.3,1.5,2014-08-23,0212,Terra,MODIS,89,6.2,307.8,110.4,D,0
-17.6642,122.5812,463.3,1,1,2014-08-23,0213,Terra,MODIS,100,6.2,349.5,912,D,0
-17.6551,122.5826,390.4,1,1,2014-08-23,0213,Terra,MODIS,100,6.2,325.3,192.4,D,0
-17.6356,122.5757,341.7,1,1,2014-08-23,0213,Terra,MODIS,88,6.2,310.5,36.7,D,0
-17.651,122.5538,335.6,1,1,2014-08-23,0213,Terra,MODIS,83,6.2,303.7,29.1,D,0
-17.6447,122.5744,383.2,1,1,2014-08-23,0213,Terra,MODIS,100,6.2,320.3,160,D,0
-17.6323,122.6115,396.4,1,1,2014-08-23,0213,Terra,MODIS,100,6.2,317.5,225,D,0
-17.6336,122.6211,353.8,1,1,2014-08-23,0213,Terra,MODIS,96,6.2,313.3,56.5,D,0
-17.637,122.5853,360.5,1,1,2014-08-23,0213,Terra,MODIS,98,6.2,314,74.3,D,0
-17.6383,122.5949,352.8,1,1,2014-08-23,0213,Terra,MODIS,68,6.2,314.5,54.1,D,0
-17.6397,122.6045,346.8,1,1,2014-08-23,0213,Terra,MODIS,71,6.2,314.6,40.4,D,0
-17.6733,122.5798,356.7,1,1,2014-08-23,0213,Terra,MODIS,98,6.2,312.4,67,D,0
-17.6433,122.5648,409.3,1,1,2014-08-23,0213,Terra,MODIS,100,6.2,323.4,313.5,D,0
-18.9901,122.0789,321.1,1,1,2014-08-23,0213,Terra,MODIS,36,6.2,308.4,7.5,D,0
-17.642,122.5552,344.4,1,1,2014-08-23,0213,Terra,MODIS,91,6.2,302.9,43.8,D,0
-17.6719,122.5703,374,1,1,2014-08-23,0213,Terra,MODIS,100,6.2,309.9,123.8,D,0
-17.6329,122.5566,374.1,1,1,2014-08-23,0213,Terra,MODIS,100,6.2,309.2,126.2,D,0
-19.0054,122.0569,339,1,1,2014-08-23,0213,Terra,MODIS,84,6.2,308.6,29.3,D,0
-17.6723,122.8361,327.8,1,1,2014-08-23,0213,Terra,MODIS,37,6.2,311.8,15,D,0
-17.6315,122.547,360.8,1,1,2014-08-23,0213,Terra,MODIS,100,6.2,304,82.6,D,0
-17.6254,122.5636,337.2,1,1,2014-08-23,0213,Terra,MODIS,85,6.2,311.6,29.4,D,0
-17.6737,122.8458,325.1,1,1,2014-08-23,0213,Terra,MODIS,38,6.2,311.7,11.4,D,0
-17.6751,122.8556,332.8,1,1,2014-08-23,0213,Terra,MODIS,75,6.2,311.5,21.1,D,0
-17.9439,123.7238,331,1.1,1.1,2014-08-23,0213,Terra,MODIS,79,6.2,313.3,21.1,D,0
-17.9425,123.7133,342.6,1.1,1.1,2014-08-23,0213,Terra,MODIS,90,6.2,314.2,40,D,0
-17.9411,123.7029,377.2,1.1,1.1,2014-08-23,0213,Terra,MODIS,100,6.2,317.7,151.1,D,0
-17.9396,123.6924,325.4,1.1,1.1,2014-08-23,0213,Terra,MODIS,72,6.2,310.2,13.5,D,0
-17.641,122.6141,338.6,1,1,2014-08-23,0213,Terra,MODIS,48,6.2,313.9,25.2,D,0
-17.6787,122.8153,359.7,1,1,2014-08-23,0213,Terra,MODIS,99,6.2,314.2,77.2,D,0
-17.6801,122.825,356.5,1,1,2014-08-23,0213,Terra,MODIS,98,6.2,312.9,67.4,D,0
-17.6565,122.5922,399.5,1,1,2014-08-23,0213,Terra,MODIS,100,6.2,323,243.1,D,0
-17.6579,122.6018,355.3,1,1,2014-08-23,0213,Terra,MODIS,92,6.2,315,56.9,D,0
-17.6656,122.5908,393.6,1,1,2014-08-23,0213,Terra,MODIS,100,6.2,323.8,205.2,D,0
-17.6669,122.6004,364.8,1,1,2014-08-23,0213,Terra,MODIS,100,6.2,314.4,86,D,0
-17.624,122.5541,343.6,1,1,2014-08-23,0213,Terra,MODIS,90,6.2,314.7,41,D,0
-17.527,122.91,333.4,1,1,2014-08-23,0213,Terra,MODIS,81,6.2,304.2,26.1,D,0
-17.5233,122.9503,338.7,1,1,2014-08-23,0213,Terra,MODIS,77,6.2,311.8,29.5,D,0
-17.5219,122.9406,355.8,1,1,2014-08-23,0213,Terra,MODIS,97,6.2,310.4,66.2,D,0
-17.5205,122.9308,339.8,1,1,2014-08-23,0213,Terra,MODIS,82,6.2,310.5,32.7,D,0
-17.5192,122.9211,350.6,1,1,2014-08-23,0213,Terra,MODIS,94,6.2,311.5,56.7,D,0
-17.5178,122.9113,353.1,1,1,2014-08-23,0213,Terra,MODIS,96,6.2,309.3,64.1,D,0
-17.6613,122.814,325.7,1,1,2014-08-23,0213,Terra,MODIS,58,6.2,308.9,12.5,D,0
-17.5141,122.9517,331.7,1,1,2014-08-23,0213,Terra,MODIS,74,6.2,312.7,20.3,D,0
-17.5128,122.9419,331,1,1,2014-08-23,0213,Terra,MODIS,76,6.2,311.9,19.6,D,0
-17.5114,122.9322,331.7,1,1,2014-08-23,0213,Terra,MODIS,65,6.2,308.8,20.1,D,0
-17.6815,122.8347,339.7,1,1,2014-08-23,0213,Terra,MODIS,76,6.2,310,30.5,D,0
-17.6747,122.5894,342.5,1,1,2014-08-23,0213,Terra,MODIS,90,6.2,310.7,35,D,0
-17.6433,122.6884,324.2,1,1,2014-08-23,0213,Terra,MODIS,68,6.2,309.7,8,D,0
-17.6587,122.7393,323.7,1,1,2014-08-23,0213,Terra,MODIS,28,6.2,312.6,8.9,D,0
-17.6637,122.7089,325.2,1,1,2014-08-23,0213,Terra,MODIS,46,6.2,311.3,10,D,0
-17.5407,122.8089,344.4,1,1,2014-08-23,0213,Terra,MODIS,91,6.2,311.4,41.1,D,0
-17.6828,122.8445,337,1,1,2014-08-23,0213,Terra,MODIS,74,6.2,309.3,26.2,D,0
-17.7089,122.8307,348.6,1,1,2014-08-23,0213,Terra,MODIS,94,6.2,310.9,50.9,D,0
-17.5393,122.7992,338.4,1,1,2014-08-23,0213,Terra,MODIS,86,6.2,311,29.6,D,0
-17.7103,122.8404,325.8,1,1,2014-08-23,0213,Terra,MODIS,67,6.2,309.7,13.1,D,0
-17.5935,123.0498,322.7,1,1,2014-08-23,0213,Terra,MODIS,59,6.2,312,6.8,D,0
-17.6651,122.7186,334.7,1,1,2014-08-23,0213,Terra,MODIS,83,6.2,309.7,22.4,D,0
-17.6678,122.7379,334.5,1,1,2014-08-23,0213,Terra,MODIS,77,6.2,309.8,22.9,D,0
-17.6601,122.7489,328.4,1,1,2014-08-23,0213,Terra,MODIS,63,6.2,310.8,14.9,D,0
-17.6729,122.7076,327.9,1,1,2014-08-23,0213,Terra,MODIS,66,6.2,309.1,14.2,D,0
-18.4391,129.8246,318.7,2.9,1.6,2014-08-23,0213,Terra,MODIS,41,6.2,303.9,38.3,D,0
-17.8119,122.5819,322.3,1,1,2014-08-23,0213,Terra,MODIS,58,6.2,310,8.2,D,0
-18.439,129.8314,321.3,2.9,1.6,2014-08-23,0213,Terra,MODIS,55,6.2,304.4,49.6,D,0
-17.8152,122.6699,333.5,1,1,2014-08-23,0213,Terra,MODIS,82,6.2,309.9,24,D,0
-17.8138,122.6602,345.4,1,1,2014-08-23,0213,Terra,MODIS,92,6.2,312,44.2,D,0
-17.8042,122.5928,340.7,1,1,2014-08-23,0213,Terra,MODIS,88,6.2,310.2,33.7,D,0
-17.8061,122.6712,329.7,1,1,2014-08-23,0213,Terra,MODIS,78,6.2,309.5,19,D,0
-17.8047,122.6616,347.8,1,1,2014-08-23,0213,Terra,MODIS,93,6.2,312.3,49.3,D,0
-17.6706,122.5607,321.5,1,1,2014-08-23,0213,Terra,MODIS,54,6.2,299.7,10.4,D,0
-17.6628,122.5716,500,1,1,2014-08-23,0213,Terra,MODIS,100,6.2,369.8,1645.6,D,0
-17.6615,122.562,433.4,1,1,2014-08-23,0213,Terra,MODIS,100,6.2,314.7,526.4,D,0
-17.6538,122.573,394.1,1,1,2014-08-23,0213,Terra,MODIS,100,6.2,330.2,214.9,D,0
-17.6524,122.5634,382,1,1,2014-08-23,0213,Terra,MODIS,100,6.2,319.5,156.3,D,0
-18.4979,129.9607,320,3,1.7,2014-08-23,0213,Terra,MODIS,41,6.2,303.9,40.8,D,0
-20.0437,127.6993,319.8,2.1,1.4,2014-08-23,0213,Terra,MODIS,64,6.2,305.4,22,D,0
-18.495,129.9323,333.7,3,1.6,2014-08-23,0213,Terra,MODIS,85,6.2,304.1,124.1,D,0
-18.483,129.9622,319.4,3,1.7,2014-08-23,0213,Terra,MODIS,47,6.2,307.5,36.4,D,0
-20.0459,127.7198,324.4,2.1,1.4,2014-08-23,0213,Terra,MODIS,73,6.2,306.4,36.5,D,0
-17.4052,123.8817,319.1,1.1,1.1,2014-08-23,0213,Terra,MODIS,41,6.2,307.3,7.8,D,0
-17.4066,123.8923,344.1,1.1,1.1,2014-08-23,0213,Terra,MODIS,91,6.2,309.6,47.1,D,0
-18.4859,129.9908,320.2,3,1.7,2014-08-23,0213,Terra,MODIS,63,6.2,306.2,37.7,D,0
-19.6096,127.7614,322.8,2.1,1.4,2014-08-23,0213,Terra,MODIS,61,6.2,309.1,29.4,D,0
-19.6179,127.7195,321.2,2.1,1.4,2014-08-23,0213,Terra,MODIS,67,6.2,306.6,24.9,D,0
-19.6202,127.7397,381.6,2.1,1.4,2014-08-23,0213,Terra,MODIS,100,6.2,313.4,448.4,D,0
-19.6224,127.7599,337.7,2.1,1.4,2014-08-23,0213,Terra,MODIS,87,6.2,308.4,85.2,D,0
-19.004,122.0473,356.6,1,1,2014-08-23,0213,Terra,MODIS,98,6.2,311.5,64.2,D,0
-19.0138,121.9872,391.2,1,1,2014-08-23,0213,Terra,MODIS,100,6.2,317.6,194.2,D,0
-19.0152,121.9968,449.1,1,1,2014-08-23,0213,Terra,MODIS,100,6.2,328.6,696.2,D,0
-19.0166,122.0063,363,1,1,2014-08-23,0213,Terra,MODIS,100,6.2,314.3,80.7,D,0
-19.018,122.0159,330.8,1,1,2014-08-23,0213,Terra,MODIS,48,6.2,309.3,15.5,D,0
-19.023,121.9896,392.6,1,1,2014-08-23,0213,Terra,MODIS,100,6.2,314.3,204.3,D,0
-19.0244,121.9991,359.7,1,1,2014-08-23,0213,Terra,MODIS,99,6.2,309.9,76.6,D,0
-19.0258,122.0087,325.1,1,1,2014-08-23,0213,Terra,MODIS,71,6.2,307.2,12.9,D,0
-19.0345,121.6864,332.2,1,1,2014-08-23,0213,Terra,MODIS,35,6.2,311.2,17.4,D,0
-19.0373,121.7054,331,1,1,2014-08-23,0213,Terra,MODIS,71,6.2,312.2,15.9,D,0
-19.0449,121.6945,335.3,1,1,2014-08-23,0213,Terra,MODIS,46,6.2,309.3,21.4,D,0
-19.0463,121.7039,331.2,1,1,2014-08-23,0213,Terra,MODIS,22,6.2,308.5,15.5,D,0
-19.0148,121.9324,328.8,1,1,2014-08-23,0213,Terra,MODIS,76,6.2,306.9,15.4,D,0
-19.0162,121.9419,320.4,1,1,2014-08-23,0213,Terra,MODIS,49,6.2,307.7,7,D,0
-19.0176,121.9514,323.2,1,1,2014-08-23,0213,Terra,MODIS,67,6.2,309,10.5,D,0
-19.0189,121.961,330.6,1,1,2014-08-23,0213,Terra,MODIS,79,6.2,307.7,19.3,D,0
-19.0217,121.98,352.6,1,1,2014-08-23,0213,Terra,MODIS,96,6.2,307.1,59,D,0
-19.0252,121.9405,336.7,1,1,2014-08-23,0213,Terra,MODIS,85,6.2,306.3,26.2,D,0
-19.0387,121.7148,325.9,1,1,2014-08-23,0213,Terra,MODIS,53,6.2,309,9.3,D,0
-19.0895,121.7488,331.9,1,1,2014-08-23,0213,Terra,MODIS,61,6.2,311.7,17.5,D,0
-19.0909,121.7583,340.5,1,1,2014-08-23,0213,Terra,MODIS,88,6.2,313.1,29.6,D,0
-19.0985,121.7474,366.7,1,1,2014-08-23,0213,Terra,MODIS,100,6.2,312.1,91.3,D,0
-19.0999,121.7569,427.3,1,1,2014-08-23,0213,Terra,MODIS,100,6.2,323,445.6,D,0
-19.1012,121.7664,386.2,1,1,2014-08-23,0213,Terra,MODIS,100,6.2,315.7,162.8,D,0
-19.1026,121.7759,344.6,1,1,2014-08-23,0213,Terra,MODIS,90,6.2,312.4,34.3,D,0
-19.104,121.7854,331,1,1,2014-08-23,0213,Terra,MODIS,35,6.2,312.6,14.4,D,0
-19.1054,121.7949,328.2,1,1,2014-08-23,0213,Terra,MODIS,52,6.2,311.3,12.1,D,0
-19.1061,121.7365,322.7,1,1,2014-08-23,0213,Terra,MODIS,49,6.2,306.6,9.5,D,0
-19.1075,121.746,364.8,1,1,2014-08-23,0213,Terra,MODIS,100,6.2,316.3,88.2,D,0
-19.1089,121.7555,381.3,1,1,2014-08-23,0213,Terra,MODIS,100,6.2,320.8,144.5,D,0
-19.1103,121.765,375.7,1,1,2014-08-23,0213,Terra,MODIS,100,6.2,318.2,121.5,D,0
-19.1165,121.7446,377.5,1,1,2014-08-23,0213,Terra,MODIS,100,6.2,309,132.7,D,0
-19.1179,121.7541,392.2,1,1,2014-08-23,0213,Terra,MODIS,100,6.2,312,197.6,D,0
-19.1193,121.7636,351.4,1,1,2014-08-23,0213,Terra,MODIS,95,6.2,308.5,50.2,D,0
-19.013,121.7286,328.4,1,1,2014-08-23,0213,Terra,MODIS,68,6.2,311.1,13.9,D,0
-19.0421,121.6755,328.4,1,1,2014-08-23,0213,Terra,MODIS,67,6.2,309.2,15.4,D,0
-17.9491,123.691,365.1,1.1,1.1,2014-08-23,0213,Terra,MODIS,100,6.2,308.3,103.9,D,0
-17.9505,123.7015,408.2,1.1,1.1,2014-08-23,0213,Terra,MODIS,100,6.2,317.8,342.2,D,0
-17.952,123.712,349.6,1.1,1.1,2014-08-23,0213,Terra,MODIS,94,6.2,313.2,55.2,D,0
-17.9534,123.7224,341.2,1.1,1.1,2014-08-23,0213,Terra,MODIS,89,6.2,311.6,37.9,D,0
-21.2642,116.3584,318,1.5,1.2,2014-08-23,0214,Terra,MODIS,40,6.2,304.4,11.2,D,0
-21.2666,116.3727,334,1.5,1.2,2014-08-23,0214,Terra,MODIS,84,6.2,305.6,43.9,D,0
-21.2689,116.3661,328.3,1.5,1.2,2014-08-23,0214,Terra,MODIS,78,6.2,305.4,31.3,D,0
-21.2715,116.3804,328.4,1.5,1.2,2014-08-23,0214,Terra,MODIS,78,6.2,305.5,31.2,D,0
-21.2772,116.3497,340,1.5,1.2,2014-08-23,0214,Terra,MODIS,89,6.2,305.3,61.1,D,0
-21.2797,116.364,339.3,1.5,1.2,2014-08-23,0214,Terra,MODIS,88,6.2,306.6,59.1,D,0
-21.3178,116.3271,323.3,1.5,1.2,2014-08-23,0214,Terra,MODIS,72,6.2,304.9,19.7,D,0
-21.3286,116.3249,321.1,1.5,1.2,2014-08-23,0214,Terra,MODIS,65,6.2,305.2,15.8,D,0
-21.8918,119.4363,332.8,1,1,2014-08-23,0214,Terra,MODIS,83,6.2,307.7,22.2,D,0
-21.9145,119.4017,325.3,1,1,2014-08-23,0214,Terra,MODIS,75,6.2,305.4,13.6,D,0
-21.9009,119.4348,334.6,1,1,2014-08-23,0214,Terra,MODIS,84,6.2,307,24,D,0
-21.8933,119.4463,333.7,1,1,2014-08-23,0214,Terra,MODIS,84,6.2,308.1,22.3,D,0
-21.9588,119.689,321.9,1,1,2014-08-23,0214,Terra,MODIS,69,6.2,305.7,10.1,D,0
-21.9161,119.4117,338.3,1,1,2014-08-23,0214,Terra,MODIS,87,6.2,306.4,31.6,D,0
-21.9102,119.4944,318.9,1,1,2014-08-23,0214,Terra,MODIS,63,6.2,306.8,4.7,D,0
-21.904,119.4547,322.4,1,1,2014-08-23,0214,Terra,MODIS,70,6.2,308.1,8.2,D,0
-21.8902,119.4264,321.8,1,1,2014-08-23,0214,Terra,MODIS,69,6.2,306.1,9.8,D,0
-21.8995,119.4861,331.9,1,1,2014-08-23,0214,Terra,MODIS,82,6.2,307.6,19.9,D,0
-21.8994,119.4248,333.5,1,1,2014-08-23,0214,Terra,MODIS,84,6.2,306.6,22.8,D,0
-30.8644,121.4951,316.5,1.2,1.1,2014-08-23,0216,Terra,MODIS,75,6.2,294.3,15.6,D,2
-24.8698,148.605,339.2,3.3,1.7,2014-08-23,0319,Aqua,MODIS,86,6.2,291.8,220.5,D,0
-24.8725,148.5721,329.1,3.3,1.7,2014-08-23,0319,Aqua,MODIS,74,6.2,290.1,141.8,D,0
-24.0382,147.6958,308.8,3.7,1.8,2014-08-23,0319,Aqua,MODIS,36,6.2,292.8,30.3,D,0
-21.4549,148.3813,319.4,3.1,1.7,2014-08-23,0320,Aqua,MODIS,73,6.2,300.6,60.7,D,0
-21.4563,148.3739,319.1,3.1,1.7,2014-08-23,0320,Aqua,MODIS,72,6.2,300.9,57.6,D,0
-20.4239,145.551,312.7,4.8,2,2014-08-23,0320,Aqua,MODIS,54,6.2,298.4,47.4,D,0
-20.4218,145.5584,313.3,4.8,2,2014-08-23,0320,Aqua,MODIS,58,6.2,298.3,51.7,D,0
-23.5707,142.7668,322,3.4,1.7,2014-08-23,0457,Aqua,MODIS,63,6.2,303.5,65.4,D,0
-21.2971,126.532,331.8,1.9,1.3,2014-08-23,0458,Aqua,MODIS,79,6.2,309.7,46.5,D,0
-21.2952,126.5501,353.7,1.9,1.3,2014-08-23,0458,Aqua,MODIS,96,6.2,311,145.1,D,0
-21.2912,126.5445,338.2,1.9,1.3,2014-08-23,0458,Aqua,MODIS,85,6.2,310.5,69.4,D,0
-23.2508,131.2887,342.2,1.1,1,2014-08-23,0458,Aqua,MODIS,89,6.2,312.6,37.4,D,0
-18.4864,129.9945,325.6,1.1,1,2014-08-23,0459,Aqua,MODIS,60,6.2,313.7,8.3,D,0
-18.2784,129.852,333.4,1.1,1,2014-08-23,0459,Aqua,MODIS,60,6.2,315.2,19.2,D,0
-18.2704,129.8403,355.8,1.1,1,2014-08-23,0459,Aqua,MODIS,97,6.2,313.7,68.1,D,0
-18.2026,130.4132,324.8,1,1,2014-08-23,0459,Aqua,MODIS,65,6.2,313.8,9.3,D,0
-18.2117,130.4146,322.7,1,1,2014-08-23,0459,Aqua,MODIS,46,6.2,312.5,6.5,D,0
-18.4877,129.9843,325.9,1.1,1,2014-08-23,0459,Aqua,MODIS,59,6.2,314,9.2,D,0
-18.4891,129.9741,325.9,1.1,1,2014-08-23,0459,Aqua,MODIS,46,6.2,313.5,9.1,D,0
-18.4931,129.9434,328.9,1.1,1,2014-08-23,0459,Aqua,MODIS,46,6.2,313.8,13.5,D,0
-18.4945,129.9331,327.2,1.1,1,2014-08-23,0459,Aqua,MODIS,51,6.2,312.3,11.7,D,0
-18.4434,129.8468,332.5,1.1,1,2014-08-23,0459,Aqua,MODIS,68,6.2,310.8,19.8,D,0
-18.6126,130.2366,330,1.1,1,2014-08-23,0459,Aqua,MODIS,75,6.2,312.7,16.4,D,0
-20.0498,127.713,333.6,1.5,1.2,2014-08-23,0459,Aqua,MODIS,81,6.2,311.3,35.7,D,0
-20.0464,127.7217,322.9,1.5,1.2,2014-08-23,0459,Aqua,MODIS,58,6.2,310.9,12.1,D,0
-20.0482,127.7075,334.1,1.5,1.2,2014-08-23,0459,Aqua,MODIS,81,6.2,311.5,37.8,D,0
-20.039,127.6917,321.9,1.5,1.2,2014-08-23,0459,Aqua,MODIS,51,6.2,310,10.6,D,0
-18.4395,129.804,336.6,1.1,1,2014-08-23,0459,Aqua,MODIS,83,6.2,312.6,26,D,0
-17.7696,122.5178,318.3,3.4,1.7,2014-08-23,0459,Aqua,MODIS,26,6.2,299.7,50,D,0
-17.7885,122.4873,318.9,3.4,1.7,2014-08-23,0459,Aqua,MODIS,36,6.2,298.1,48.9,D,0
-17.7852,122.5191,442.7,3.4,1.7,2014-08-23,0459,Aqua,MODIS,100,6.2,322.9,3554.8,D,0
-17.782,122.5506,378.7,3.3,1.7,2014-08-23,0459,Aqua,MODIS,100,6.2,305.7,801.5,D,0
-17.7836,122.4942,353,3.4,1.7,2014-08-23,0459,Aqua,MODIS,96,6.2,299.7,348,D,0
-17.7806,122.526,437.5,3.4,1.7,2014-08-23,0459,Aqua,MODIS,100,6.2,317.8,3203.5,D,0
-17.7777,122.5574,334.7,3.3,1.7,2014-08-23,0459,Aqua,MODIS,50,6.2,302.5,140.8,D,0
-17.7079,122.8222,360.3,3.2,1.7,2014-08-23,0459,Aqua,MODIS,100,6.2,312.1,401.2,D,0
-17.8369,122.5952,341.5,3.3,1.7,2014-08-23,0459,Aqua,MODIS,89,6.2,311.5,174.6,D,0
-17.7997,122.6544,371.6,3.3,1.7,2014-08-23,0459,Aqua,MODIS,100,6.2,312.7,614.8,D,0
-17.8027,122.6233,358.2,3.3,1.7,2014-08-23,0459,Aqua,MODIS,99,6.2,310.6,386.6,D,0
-17.8058,122.5919,372.8,3.3,1.7,2014-08-23,0459,Aqua,MODIS,100,6.2,311.9,634.6,D,0
-17.8035,122.6474,379.9,3.3,1.7,2014-08-23,0459,Aqua,MODIS,100,6.2,314.3,786,D,0
-17.8067,122.6164,347.1,3.3,1.7,2014-08-23,0459,Aqua,MODIS,87,6.2,309.9,235,D,0
-17.7912,122.6148,329.8,3.3,1.7,2014-08-23,0459,Aqua,MODIS,30,6.2,305.4,95.8,D,0
-17.7993,122.4957,328.2,3.4,1.7,2014-08-23,0459,Aqua,MODIS,62,6.2,301.5,93.6,D,0
-17.9381,123.6894,369.7,2.8,1.6,2014-08-23,0459,Aqua,MODIS,100,6.2,314.8,437.1,D,0
-17.9407,123.6632,340,2.8,1.6,2014-08-23,0459,Aqua,MODIS,44,6.2,311.6,126.3,D,0
-17.9357,123.6843,371.1,2.8,1.6,2014-08-23,0459,Aqua,MODIS,100,6.2,314.8,462,D,0
-17.9385,123.6581,344.8,2.8,1.6,2014-08-23,0459,Aqua,MODIS,82,6.2,310.9,167.4,D,0
-17.9241,123.6564,342.1,2.8,1.6,2014-08-23,0459,Aqua,MODIS,85,6.2,306.9,149,D,0
-17.8009,122.5206,396.9,3.4,1.7,2014-08-23,0459,Aqua,MODIS,100,6.2,314.9,1299.9,D,0
-17.7977,122.5521,383.1,3.3,1.7,2014-08-23,0459,Aqua,MODIS,100,6.2,312.5,889.7,D,0
-17.7944,122.5834,338.2,3.3,1.7,2014-08-23,0459,Aqua,MODIS,61,6.2,303.5,158.9,D,0
-17.8133,122.5536,347.3,3.3,1.7,2014-08-23,0459,Aqua,MODIS,93,6.2,310.7,244.5,D,0
-17.81,122.585,370.6,3.3,1.7,2014-08-23,0459,Aqua,MODIS,100,6.2,313,583.2,D,0
-17.8255,122.5866,334.3,3.3,1.7,2014-08-23,0459,Aqua,MODIS,76,6.2,312.1,93.6,D,0
-17.7963,122.5275,415.4,3.4,1.7,2014-08-23,0459,Aqua,MODIS,100,6.2,319.7,2008.8,D,0
-17.7932,122.559,366.3,3.3,1.7,2014-08-23,0459,Aqua,MODIS,100,6.2,308.1,526.4,D,0
-17.8119,122.529,359.8,3.4,1.7,2014-08-23,0459,Aqua,MODIS,99,6.2,310.1,422.4,D,0
-17.8088,122.5605,355.7,3.3,1.7,2014-08-23,0459,Aqua,MODIS,97,6.2,311.3,347.8,D,0
-17.84,122.5637,334.8,3.3,1.7,2014-08-23,0459,Aqua,MODIS,73,6.2,311,116.9,D,0
-17.8588,122.5338,325.8,3.4,1.7,2014-08-23,0459,Aqua,MODIS,39,6.2,310.8,61.9,D,0
-18.614,130.2265,328.6,1.1,1,2014-08-23,0459,Aqua,MODIS,72,6.2,313.5,14.7,D,0
-18.4288,129.813,328.3,1.1,1,2014-08-23,0459,Aqua,MODIS,62,6.2,314.3,12.2,D,0
-18.4382,129.8143,336.6,1.1,1,2014-08-23,0459,Aqua,MODIS,83,6.2,313.5,25.5,D,0
-18.4448,129.8365,341.6,1.1,1,2014-08-23,0459,Aqua,MODIS,88,6.2,312.1,35.6,D,0
-16.038,135.8213,347.5,1.6,1.2,2014-08-23,0459,Aqua,MODIS,92,6.2,314.1,73.5,D,0
-15.9806,135.8259,352.5,1.6,1.2,2014-08-23,0459,Aqua,MODIS,95,6.2,314.2,93.3,D,0
-16.0539,135.8757,366.4,1.6,1.2,2014-08-23,0459,Aqua,MODIS,100,6.2,315.2,169.2,D,0
-16.0966,135.8239,343.2,1.6,1.2,2014-08-23,0459,Aqua,MODIS,89,6.2,306.5,75.2,D,0
-16.0832,135.8363,404.7,1.6,1.2,2014-08-23,0459,Aqua,MODIS,100,6.2,321.8,514.7,D,0
-16.0526,135.8159,387.6,1.6,1.2,2014-08-23,0459,Aqua,MODIS,100,6.2,317.3,322.9,D,0
-16.0405,135.8881,341.3,1.6,1.2,2014-08-23,0459,Aqua,MODIS,83,6.2,312.3,54.4,D,0
-16.0537,135.7942,354.1,1.5,1.2,2014-08-23,0459,Aqua,MODIS,96,6.2,309.2,115.4,D,0
-15.9696,135.8238,362.2,1.6,1.2,2014-08-23,0459,Aqua,MODIS,100,6.2,316.4,139.4,D,0
-16.0417,135.8138,352.5,1.6,1.2,2014-08-23,0459,Aqua,MODIS,87,6.2,312.5,96.5,D,0
-15.983,135.8114,366.5,1.6,1.2,2014-08-23,0459,Aqua,MODIS,100,6.2,312.6,167.3,D,0
-16.0551,135.8013,372.4,1.5,1.2,2014-08-23,0459,Aqua,MODIS,100,6.2,311.8,216.8,D,0
-16.0636,135.8179,369.7,1.6,1.2,2014-08-23,0459,Aqua,MODIS,100,6.2,311.5,189.2,D,0
-16.3365,135.69,331,1.5,1.2,2014-08-23,0459,Aqua,MODIS,77,6.2,311.1,29.9,D,0
-16.0513,135.8088,367.3,1.6,1.2,2014-08-23,0459,Aqua,MODIS,100,6.2,316.1,176,D,0
-16.0466,135.8379,342.3,1.6,1.2,2014-08-23,0459,Aqua,MODIS,88,6.2,314.2,50.3,D,0
-16.0184,135.8027,354,1.6,1.2,2014-08-23,0459,Aqua,MODIS,96,6.2,308.1,106,D,0
-16.0576,135.7868,326.9,1.5,1.2,2014-08-23,0459,Aqua,MODIS,68,6.2,303.6,29.5,D,0
-15.9744,135.795,340.8,1.6,1.2,2014-08-23,0459,Aqua,MODIS,77,6.2,310.5,58.2,D,0
-16.3388,135.6761,330.6,1.5,1.2,2014-08-23,0459,Aqua,MODIS,77,6.2,310.8,27.8,D,0
-16.0746,135.8199,423.1,1.6,1.2,2014-08-23,0459,Aqua,MODIS,100,6.2,322.7,777.8,D,0
-16.049,135.8234,374.1,1.6,1.2,2014-08-23,0459,Aqua,MODIS,100,6.2,317.8,210.7,D,0
-16.0502,135.8304,357.6,1.6,1.2,2014-08-23,0459,Aqua,MODIS,98,6.2,315.4,108.9,D,0
-16.0661,135.8033,321.3,1.5,1.2,2014-08-23,0459,Aqua,MODIS,29,6.2,304.3,18.6,D,0
-16.0612,135.8324,340.7,1.6,1.2,2014-08-23,0459,Aqua,MODIS,49,6.2,312.3,47.7,D,0
-16.0674,135.8633,359.5,1.6,1.2,2014-08-23,0459,Aqua,MODIS,99,6.2,313.5,131.9,D,0
-15.972,135.8094,396,1.6,1.2,2014-08-23,0459,Aqua,MODIS,100,6.2,320.9,406.4,D,0
-15.9586,135.8219,340.7,1.6,1.2,2014-08-23,0459,Aqua,MODIS,83,6.2,314.8,48.7,D,0
-16.0441,135.7993,342.4,1.5,1.2,2014-08-23,0459,Aqua,MODIS,89,6.2,307.5,69.9,D,0
-16.0478,135.8448,334.8,1.6,1.2,2014-08-23,0459,Aqua,MODIS,36,6.2,313.1,22.9,D,0
-16.34,135.682,339.4,1.5,1.2,2014-08-23,0459,Aqua,MODIS,85,6.2,311.6,48.4,D,0
-15.961,135.8075,343.2,1.6,1.2,2014-08-23,0459,Aqua,MODIS,83,6.2,312.4,61.4,D,0
-16.0074,135.8009,339.8,1.6,1.2,2014-08-23,0459,Aqua,MODIS,60,6.2,306.6,52.5,D,0
-16.0771,135.8053,387.2,1.5,1.2,2014-08-23,0459,Aqua,MODIS,100,6.2,311.7,333.8,D,0
-16.0722,135.8343,377.9,1.6,1.2,2014-08-23,0459,Aqua,MODIS,100,6.2,316.6,246.2,D,0
-16.0392,135.8283,350.5,1.6,1.2,2014-08-23,0459,Aqua,MODIS,94,6.2,315.2,82.7,D,0
-16.0942,135.8383,349.1,1.6,1.2,2014-08-23,0459,Aqua,MODIS,93,6.2,309.3,96.9,D,0
-16.065,135.8777,346.1,1.6,1.2,2014-08-23,0459,Aqua,MODIS,86,6.2,308.3,74.7,D,0
-16.0856,135.8218,391.4,1.6,1.2,2014-08-23,0459,Aqua,MODIS,100,6.2,315.3,369.1,D,0
-17.2471,138.9563,321.1,2.5,1.5,2014-08-23,0459,Aqua,MODIS,32,6.2,307.8,24.7,D,0
-17.3428,138.7395,322.4,2.4,1.5,2014-08-23,0459,Aqua,MODIS,43,6.2,308.7,22.8,D,0
-16.6371,139.2406,323.5,2.7,1.6,2014-08-23,0459,Aqua,MODIS,59,6.2,306.1,52.4,D,0
-16.4017,136.0697,329.1,1.6,1.2,2014-08-23,0459,Aqua,MODIS,66,6.2,309.8,26,D,0
-16.3956,136.0381,334.1,1.6,1.2,2014-08-23,0459,Aqua,MODIS,69,6.2,310.3,37.6,D,0
-16.4042,136.0549,352.2,1.6,1.2,2014-08-23,0459,Aqua,MODIS,95,6.2,310.4,105.7,D,0
-16.3981,136.0232,349.4,1.6,1.2,2014-08-23,0459,Aqua,MODIS,94,6.2,311.5,92.8,D,0
-16.3784,136.0046,337.6,1.6,1.2,2014-08-23,0459,Aqua,MODIS,78,6.2,310.4,48.2,D,0
-16.3809,135.99,366.5,1.6,1.2,2014-08-23,0459,Aqua,MODIS,100,6.2,313.6,178.3,D,0
-16.3729,136.0271,324.8,1.6,1.2,2014-08-23,0459,Aqua,MODIS,40,6.2,311.5,13,D,0
-16.3777,135.9978,363.5,1.6,1.2,2014-08-23,0459,Aqua,MODIS,100,6.2,313.5,159.7,D,0
-16.3801,135.9831,347,1.6,1.2,2014-08-23,0459,Aqua,MODIS,92,6.2,311.3,83.7,D,0
-16.3667,135.9956,339.3,1.6,1.2,2014-08-23,0459,Aqua,MODIS,86,6.2,310.8,53.9,D,0
-17.3014,138.9672,332.8,2.5,1.5,2014-08-23,0459,Aqua,MODIS,81,6.2,306.5,74.9,D,0
-16.3508,135.6839,349.1,1.5,1.2,2014-08-23,0459,Aqua,MODIS,93,6.2,312.9,80.2,D,0
-16.3531,135.67,406.6,1.5,1.2,2014-08-23,0459,Aqua,MODIS,100,6.2,320,504.6,D,0
-16.3555,135.6561,326.3,1.5,1.2,2014-08-23,0459,Aqua,MODIS,46,6.2,309.5,17.3,D,0
-16.3496,135.678,368.3,1.5,1.2,2014-08-23,0459,Aqua,MODIS,100,6.2,315.4,172.1,D,0
-16.3518,135.664,366.8,1.5,1.2,2014-08-23,0459,Aqua,MODIS,100,6.2,315.4,162.3,D,0
-17.3182,138.875,319.8,2.5,1.5,2014-08-23,0459,Aqua,MODIS,40,6.2,306.8,15.4,D,0
-19.0308,121.9357,322.9,3.8,1.8,2014-08-23,0459,Aqua,MODIS,52,6.2,309.9,60.6,D,0
-19.1031,121.7583,325.7,4,1.9,2014-08-23,0459,Aqua,MODIS,64,6.2,312.4,83.7,D,0
-19.0361,121.9405,321.7,3.8,1.8,2014-08-23,0459,Aqua,MODIS,49,6.2,308.8,51.9,D,0
-17.9524,123.6911,333.7,2.8,1.6,2014-08-23,0459,Aqua,MODIS,66,6.2,313.1,92,D,0
-17.9498,123.717,328.1,2.7,1.6,2014-08-23,0459,Aqua,MODIS,38,6.2,311,59.2,D,0
-18.845,133.9534,334.1,1.1,1,2014-08-23,0459,Aqua,MODIS,52,6.2,313.6,22.8,D,0
-18.8356,133.9517,333.9,1.1,1,2014-08-23,0459,Aqua,MODIS,34,6.2,312.1,20.7,D,0
-18.8389,133.9309,349.1,1.1,1,2014-08-23,0459,Aqua,MODIS,93,6.2,311,52.5,D,0
-18.8405,133.9205,368,1.1,1,2014-08-23,0459,Aqua,MODIS,100,6.2,311.1,111.5,D,0
-18.8306,133.9559,333.4,1.1,1.1,2014-08-23,0459,Aqua,MODIS,80,6.2,310.3,23.2,D,0
-18.8338,133.935,335.3,1.1,1,2014-08-23,0459,Aqua,MODIS,82,6.2,311.4,24.8,D,0
-18.8354,133.9247,356.9,1.1,1,2014-08-23,0459,Aqua,MODIS,98,6.2,313.3,73,D,0
-18.837,133.9142,343.8,1.1,1,2014-08-23,0459,Aqua,MODIS,90,6.2,308.5,39.5,D,0
-18.8746,134.0124,326.9,1.1,1.1,2014-08-23,0459,Aqua,MODIS,65,6.2,312,12.9,D,0
-18.8762,134.0019,331.7,1.1,1.1,2014-08-23,0459,Aqua,MODIS,77,6.2,313.3,21.1,D,0
-18.8778,133.9914,333.2,1.1,1.1,2014-08-23,0459,Aqua,MODIS,79,6.2,313.5,22.9,D,0
-16.0373,135.8958,330.1,1.6,1.2,2014-08-23,0459,Aqua,MODIS,46,6.2,309.9,23.2,D,0
-18.8229,133.8798,336.8,1.1,1,2014-08-23,0459,Aqua,MODIS,76,6.2,307,29.9,D,0
-12.3591,135.5108,368.4,1.7,1.3,2014-08-23,0500,Aqua,MODIS,100,6.2,309.7,215,D,0
-13.6043,134.5786,348.3,1.4,1.2,2014-08-23,0500,Aqua,MODIS,93,6.2,308.9,72.5,D,0
-15.3496,133.0324,334.6,1.1,1,2014-08-23,0500,Aqua,MODIS,64,6.2,304.5,23.9,D,0
-15.3387,133.0411,399.3,1.1,1,2014-08-23,0500,Aqua,MODIS,100,6.2,319.8,268,D,0
-15.3402,133.0309,397.4,1.1,1,2014-08-23,0500,Aqua,MODIS,100,6.2,316.3,259,D,0
-15.3309,133.0293,376.4,1.1,1,2014-08-23,0500,Aqua,MODIS,100,6.2,312.2,144.8,D,0
-15.3324,133.0192,328.4,1.1,1,2014-08-23,0500,Aqua,MODIS,71,6.2,306.1,18.2,D,0
-13.4472,132.4507,331.2,1.1,1,2014-08-23,0500,Aqua,MODIS,22,6.2,312.7,15.2,D,0
-13.4321,132.4418,342.5,1.1,1,2014-08-23,0500,Aqua,MODIS,88,6.2,314.7,36.8,D,0
-13.7156,132.0164,339,1,1,2014-08-23,0500,Aqua,MODIS,84,6.2,317,23.5,D,0
-15.3106,133.0364,365.2,1.1,1,2014-08-23,0500,Aqua,MODIS,100,6.2,313.8,98.1,D,0
-15.3121,133.0262,330.4,1.1,1,2014-08-23,0500,Aqua,MODIS,57,6.2,308.7,18.3,D,0
-13.7171,132.0067,332.9,1,1,2014-08-23,0500,Aqua,MODIS,56,6.2,317.6,13.2,D,0
-12.2175,136.4436,321.7,2,1.4,2014-08-23,0500,Aqua,MODIS,61,6.2,302.4,31.9,D,0
-15.3046,135.1661,352,1.4,1.2,2014-08-23,0500,Aqua,MODIS,95,6.2,317.3,85.7,D,0
-15.3067,135.1527,334.4,1.4,1.2,2014-08-23,0500,Aqua,MODIS,65,6.2,316.8,31.6,D,0
-15.3701,133.088,330.6,1.1,1,2014-08-23,0500,Aqua,MODIS,63,6.2,311.8,14.8,D,0
-15.3797,133.1276,357.7,1.1,1,2014-08-23,0500,Aqua,MODIS,98,6.2,315.1,74,D,0
-13.7289,134.1837,339.5,1.3,1.1,2014-08-23,0500,Aqua,MODIS,86,6.2,313.6,37.5,D,0
-13.7313,134.1772,338.8,1.3,1.1,2014-08-23,0500,Aqua,MODIS,85,6.2,314.1,35.6,D,0
-13.0049,132.4517,335.6,1.1,1,2014-08-23,0500,Aqua,MODIS,65,6.2,317.6,20.1,D,0
-12.994,132.4601,342.2,1.1,1,2014-08-23,0500,Aqua,MODIS,73,6.2,315.1,32.5,D,0
-12.9806,132.4523,328.5,1.1,1,2014-08-23,0500,Aqua,MODIS,49,6.2,312.9,11.9,D,0
-13.7616,132.2569,352.1,1.1,1,2014-08-23,0500,Aqua,MODIS,95,6.2,317.8,49.4,D,0
-13.7631,132.2473,334.4,1.1,1,2014-08-23,0500,Aqua,MODIS,40,6.2,318.9,14.3,D,0
-13.745,132.3043,329.8,1.1,1,2014-08-23,0500,Aqua,MODIS,48,6.2,317.4,11.5,D,0
-13.7509,132.2653,340,1.1,1,2014-08-23,0500,Aqua,MODIS,85,6.2,320.5,24.6,D,0
-13.4672,134.2841,369.6,1.4,1.2,2014-08-23,0500,Aqua,MODIS,100,6.2,314.2,157.1,D,0
-13.4652,134.2966,337.9,1.4,1.2,2014-08-23,0500,Aqua,MODIS,85,6.2,311.8,40.9,D,0
-13.4755,134.2983,323.8,1.4,1.2,2014-08-23,0500,Aqua,MODIS,52,6.2,312,12.3,D,0
-15.3782,133.1379,345.8,1.1,1.1,2014-08-23,0500,Aqua,MODIS,91,6.2,315.6,42.7,D,0
-13.6128,134.5933,344.1,1.4,1.2,2014-08-23,0500,Aqua,MODIS,88,6.2,313.3,57.2,D,0
-13.6107,134.6062,333.7,1.4,1.2,2014-08-23,0500,Aqua,MODIS,66,6.2,314.4,28.1,D,0
-15.386,133.1497,333.3,1.1,1.1,2014-08-23,0500,Aqua,MODIS,77,6.2,312.7,20,D,0
-15.3844,133.16,345.1,1.1,1.1,2014-08-23,0500,Aqua,MODIS,90,6.2,314,43.2,D,0
-13.7308,134.1716,331.5,1.3,1.1,2014-08-23,0500,Aqua,MODIS,76,6.2,313.7,19.5,D,0
-13.7652,134.1525,325.3,1.3,1.1,2014-08-23,0500,Aqua,MODIS,52,6.2,314.3,9.6,D,0
-13.4667,132.3221,337.1,1.1,1,2014-08-23,0500,Aqua,MODIS,57,6.2,316.7,22.9,D,0
-13.4591,132.3245,328.5,1.1,1,2014-08-23,0500,Aqua,MODIS,50,6.2,313.3,13.1,D,0
-13.7863,134.2182,333,1.3,1.1,2014-08-23,0500,Aqua,MODIS,72,6.2,315,23.7,D,0
-13.4243,132.4304,328.5,1.1,1,2014-08-23,0500,Aqua,MODIS,59,6.2,311.3,14,D,0
-12.415,135.4568,325.2,1.7,1.3,2014-08-23,0500,Aqua,MODIS,63,6.2,304.3,29.6,D,0
-12.4125,135.4722,328.1,1.7,1.3,2014-08-23,0500,Aqua,MODIS,65,6.2,306,35,D,0
-12.424,135.4741,354.3,1.7,1.3,2014-08-23,0500,Aqua,MODIS,97,6.2,307.6,128.8,D,0
-12.4215,135.4896,338.6,1.7,1.3,2014-08-23,0500,Aqua,MODIS,84,6.2,307.8,57,D,0
-12.4243,135.4651,343.1,1.7,1.3,2014-08-23,0500,Aqua,MODIS,84,6.2,304.4,78,D,0
-12.4217,135.4806,364.9,1.7,1.3,2014-08-23,0500,Aqua,MODIS,100,6.2,308,186,D,0
-12.3553,135.4622,354.1,1.7,1.3,2014-08-23,0500,Aqua,MODIS,96,6.2,306.6,132.1,D,0
-12.3527,135.4777,332.6,1.7,1.3,2014-08-23,0500,Aqua,MODIS,74,6.2,307.4,45.7,D,0
-12.3667,135.4642,334.1,1.7,1.3,2014-08-23,0500,Aqua,MODIS,82,6.2,302.1,52,D,0
-12.3413,135.4757,323.2,1.7,1.3,2014-08-23,0500,Aqua,MODIS,42,6.2,306.2,21,D,0
-12.3642,135.4796,387.4,1.7,1.3,2014-08-23,0500,Aqua,MODIS,100,6.2,310.8,381.4,D,0
-12.3617,135.4952,362.7,1.7,1.3,2014-08-23,0500,Aqua,MODIS,100,6.2,308.6,176.4,D,0
-13.5698,135.5038,331.5,1.6,1.3,2014-08-23,0500,Aqua,MODIS,77,6.2,306.5,39.6,D,0
-15.2996,133.045,333.8,1.1,1,2014-08-23,0500,Aqua,MODIS,44,6.2,312.2,21.1,D,0
-15.3012,133.0348,339.9,1.1,1,2014-08-23,0500,Aqua,MODIS,83,6.2,311.2,33.2,D,0
-15.3027,133.0247,321.9,1.1,1,2014-08-23,0500,Aqua,MODIS,32,6.2,307.6,8.7,D,0
-12.3773,135.1207,327.6,1.6,1.2,2014-08-23,0500,Aqua,MODIS,72,6.2,310.1,27.1,D,0
-12.3783,135.1115,324.5,1.6,1.2,2014-08-23,0500,Aqua,MODIS,40,6.2,308.4,18.9,D,0
-12.3759,135.1259,323,1.6,1.2,2014-08-23,0500,Aqua,MODIS,33,6.2,310.6,14.9,D,0
-12.3007,136.5798,319,2.1,1.4,2014-08-23,0500,Aqua,MODIS,19,6.2,300.7,23.5,D,0
-13.8353,134.6639,338.6,1.4,1.2,2014-08-23,0500,Aqua,MODIS,56,6.2,315.3,36.9,D,0
-13.8374,134.651,356.3,1.4,1.2,2014-08-23,0500,Aqua,MODIS,98,6.2,316.7,97,D,0
-13.5374,132.2932,328.7,1.1,1,2014-08-23,0500,Aqua,MODIS,41,6.2,317.8,9,D,0
-13.9779,132.1055,330,1,1,2014-08-23,0500,Aqua,MODIS,71,6.2,318.5,7.8,D,0
-13.5732,132.2845,335.1,1.1,1,2014-08-23,0500,Aqua,MODIS,80,6.2,316.9,21.1,D,0
-13.8406,134.6579,332.5,1.4,1.2,2014-08-23,0500,Aqua,MODIS,53,6.2,313.4,21.9,D,0
-13.8301,134.656,348.5,1.4,1.2,2014-08-23,0500,Aqua,MODIS,93,6.2,318.2,65.8,D,0
-13.5718,132.2944,326.2,1.1,1,2014-08-23,0500,Aqua,MODIS,63,6.2,315.8,8.7,D,0
-13.5981,134.6173,335,1.4,1.2,2014-08-23,0500,Aqua,MODIS,69,6.2,311.1,30.7,D,0
-15.3481,133.0426,366.2,1.1,1,2014-08-23,0500,Aqua,MODIS,100,6.2,314.8,100.3,D,0
-13.5658,131.6599,333.4,1,1,2014-08-23,0500,Aqua,MODIS,77,6.2,314.4,16.7,D,0
-13.9431,131.85,332.5,1,1,2014-08-23,0500,Aqua,MODIS,41,6.2,316,13.2,D,0
-13.9326,131.8581,331.4,1,1,2014-08-23,0500,Aqua,MODIS,55,6.2,317,12.9,D,0
-13.9354,131.8391,345.7,1,1,2014-08-23,0500,Aqua,MODIS,90,6.2,317.8,36.5,D,0
-13.9368,131.8296,332.1,1,1,2014-08-23,0500,Aqua,MODIS,58,6.2,313.7,14,D,0
-12.2944,136.6176,320.5,2.1,1.4,2014-08-23,0500,Aqua,MODIS,36,6.2,301.9,26.9,D,0
-13.4228,132.4404,340.6,1.1,1,2014-08-23,0500,Aqua,MODIS,86,6.2,314.4,33.7,D,0
-13.5672,131.6505,328.9,1,1,2014-08-23,0500,Aqua,MODIS,64,6.2,316.1,10.5,D,0
-13.5038,132.3281,337.3,1.1,1,2014-08-23,0500,Aqua,MODIS,73,6.2,316.6,23.6,D,0
-13.4945,132.3266,333.6,1.1,1,2014-08-23,0500,Aqua,MODIS,58,6.2,314.4,17.8,D,0
-12.382,136.6381,318.3,2.1,1.4,2014-08-23,0500,Aqua,MODIS,47,6.2,302.1,23.3,D,0
-13.6382,134.6374,330,1.4,1.2,2014-08-23,0500,Aqua,MODIS,39,6.2,311,21.5,D,0
-14.1579,132.1956,334,1.1,1,2014-08-23,0500,Aqua,MODIS,79,6.2,316.2,18.9,D,0
-13.0144,132.2239,356.5,1.1,1,2014-08-23,0500,Aqua,MODIS,97,6.2,321.2,63.8,D,0
-13.0129,132.2337,347.9,1.1,1,2014-08-23,0500,Aqua,MODIS,92,6.2,317.8,42,D,0
-13.0331,132.2025,332,1.1,1,2014-08-23,0500,Aqua,MODIS,44,6.2,317.5,12.5,D,0
-13.0316,132.2123,335.2,1.1,1,2014-08-23,0500,Aqua,MODIS,78,6.2,316.2,17.8,D,0
-15.3074,133.0568,333,1.1,1,2014-08-23,0500,Aqua,MODIS,51,6.2,313.2,18.5,D,0
-15.3153,133.0685,337.5,1.1,1,2014-08-23,0500,Aqua,MODIS,66,6.2,314.5,24.4,D,0
-15.3465,133.0528,340.4,1.1,1,2014-08-23,0500,Aqua,MODIS,69,6.2,315.8,28.2,D,0
-13.0301,132.2221,335.8,1.1,1,2014-08-23,0500,Aqua,MODIS,66,6.2,316.9,18.9,D,0
-15.3559,133.0543,337.2,1.1,1,2014-08-23,0500,Aqua,MODIS,49,6.2,313.7,24,D,0
-15.3544,133.0645,338.8,1.1,1,2014-08-23,0500,Aqua,MODIS,46,6.2,316.3,24.9,D,0
-15.3638,133.0661,406.5,1.1,1,2014-08-23,0500,Aqua,MODIS,100,6.2,322.6,319.6,D,0
-15.3622,133.0763,373.5,1.1,1,2014-08-23,0500,Aqua,MODIS,100,6.2,317.7,127,D,0
-13.8321,134.6433,335.7,1.4,1.2,2014-08-23,0500,Aqua,MODIS,64,6.2,316.7,29.7,D,0
-14.0646,132.1456,334.2,1,1,2014-08-23,0500,Aqua,MODIS,79,6.2,319.3,16.6,D,0
-14.1062,132.1818,343.1,1.1,1,2014-08-23,0500,Aqua,MODIS,88,6.2,316.7,31.4,D,0
-14.1182,132.164,329.5,1,1,2014-08-23,0500,Aqua,MODIS,60,6.2,315.3,10.3,D,0
-12.8151,132.6163,335.5,1.1,1.1,2014-08-23,0500,Aqua,MODIS,80,6.2,316.2,23.4,D,0
-12.8166,132.606,331.2,1.1,1.1,2014-08-23,0500,Aqua,MODIS,74,6.2,316.9,16.6,D,0
-13.601,132.1002,333.3,1.1,1,2014-08-23,0500,Aqua,MODIS,71,6.2,316.5,13.2,D,0
-13.5932,132.0891,331,1.1,1,2014-08-23,0500,Aqua,MODIS,44,6.2,319.5,9,D,0
-13.7169,132.3242,328.4,1.1,1,2014-08-23,0500,Aqua,MODIS,26,6.2,316.4,9.1,D,0
-13.6023,134.5915,365.7,1.4,1.2,2014-08-23,0500,Aqua,MODIS,100,6.2,313.9,143.6,D,0
-13.0819,132.4295,334.8,1.1,1,2014-08-23,0500,Aqua,MODIS,79,6.2,318.6,20,D,0
-15.1564,134.8724,335.9,1.4,1.2,2014-08-23,0500,Aqua,MODIS,80,6.2,314,32.4,D,0
-15.2068,134.8604,361.5,1.4,1.2,2014-08-23,0500,Aqua,MODIS,100,6.2,314.7,119.6,D,0
-12.4902,135.5458,322.4,1.7,1.3,2014-08-23,0500,Aqua,MODIS,35,6.2,306.4,19.8,D,0
-14.4328,134.8567,324.1,1.4,1.2,2014-08-23,0500,Aqua,MODIS,55,6.2,310.7,13.1,D,0
-15.2277,134.864,338,1.4,1.2,2014-08-23,0500,Aqua,MODIS,64,6.2,309.5,40.6,D,0
-12.5807,135.4976,321.5,1.7,1.3,2014-08-23,0500,Aqua,MODIS,17,6.2,306.2,16.5,D,0
-15.721,135.8663,334.8,1.6,1.2,2014-08-23,0500,Aqua,MODIS,78,6.2,313.4,36,D,0
-12.4287,135.2256,324.4,1.6,1.3,2014-08-23,0500,Aqua,MODIS,67,6.2,307.3,18.7,D,0
-15.9416,135.7836,344.4,1.6,1.2,2014-08-23,0500,Aqua,MODIS,90,6.2,311.5,69,D,0
-15.9589,135.8164,339.3,1.6,1.2,2014-08-23,0500,Aqua,MODIS,57,6.2,314.7,48.1,D,0
-12.8846,134.8158,342.7,1.5,1.2,2014-08-23,0500,Aqua,MODIS,89,6.2,313.2,56.4,D,0
-12.4331,135.4825,328,1.7,1.3,2014-08-23,0500,Aqua,MODIS,30,6.2,307.7,27.2,D,0
-12.6636,135.4867,353.2,1.7,1.3,2014-08-23,0500,Aqua,MODIS,96,6.2,311.2,122.6,D,0
-12.6052,135.5562,344.4,1.7,1.3,2014-08-23,0500,Aqua,MODIS,91,6.2,306.1,88.5,D,0
-12.4876,135.5615,336.9,1.7,1.3,2014-08-23,0500,Aqua,MODIS,85,6.2,310.5,60.3,D,0
-12.8625,132.3654,353.2,1.1,1,2014-08-23,0500,Aqua,MODIS,96,6.2,314.9,60.8,D,0
-14.0349,136.4341,322.5,1.9,1.3,2014-08-23,0500,Aqua,MODIS,50,6.2,302.3,27.9,D,0
-13.2933,135.359,323.6,1.6,1.2,2014-08-23,0500,Aqua,MODIS,64,6.2,305.8,23.3,D,0
-15.3003,134.8573,339.8,1.4,1.2,2014-08-23,0500,Aqua,MODIS,69,6.2,309.4,47.6,D,0
-12.4493,134.8165,325.6,1.5,1.2,2014-08-23,0500,Aqua,MODIS,69,6.2,311.1,13.8,D,0
-15.9267,135.7363,328.5,1.5,1.2,2014-08-23,0500,Aqua,MODIS,72,6.2,310.2,26.6,D,0
-15.7099,135.8644,330.9,1.6,1.2,2014-08-23,0500,Aqua,MODIS,76,6.2,314,27.8,D,0
-12.5808,135.8478,320.4,1.8,1.3,2014-08-23,0500,Aqua,MODIS,35,6.2,301.2,18.3,D,0
-15.261,134.8568,394,1.4,1.2,2014-08-23,0500,Aqua,MODIS,100,6.2,318.4,326.5,D,0
-15.1102,135.1608,333.8,1.5,1.2,2014-08-23,0500,Aqua,MODIS,66,6.2,311.1,30.4,D,0
-15.9377,135.7381,368,1.5,1.2,2014-08-23,0500,Aqua,MODIS,100,6.2,315.4,182.5,D,0
-12.6726,135.504,323.3,1.7,1.3,2014-08-23,0500,Aqua,MODIS,57,6.2,306.4,21.7,D,0
-13.1546,134.3152,326.1,1.4,1.2,2014-08-23,0500,Aqua,MODIS,49,6.2,311.7,15.6,D,0
-12.5691,135.1411,326.3,1.6,1.2,2014-08-23,0500,Aqua,MODIS,58,6.2,307.9,26.7,D,0
-13.1483,134.3072,324.1,1.4,1.2,2014-08-23,0500,Aqua,MODIS,51,6.2,310.3,12.5,D,0
-12.4894,135.5722,323.9,1.7,1.3,2014-08-23,0500,Aqua,MODIS,59,6.2,307.8,22.8,D,0
-12.4311,135.2108,321.7,1.6,1.3,2014-08-23,0500,Aqua,MODIS,54,6.2,306.5,12.8,D,0
-12.8898,134.8092,364.5,1.5,1.2,2014-08-23,0500,Aqua,MODIS,100,6.2,314.3,151,D,0
-12.6274,136.1915,322.4,1.9,1.3,2014-08-23,0500,Aqua,MODIS,57,6.2,299.2,30.6,D,0
-12.7405,132.5051,330.6,1.1,1,2014-08-23,0500,Aqua,MODIS,73,6.2,314,15.6,D,0
-15.2027,134.886,361,1.4,1.2,2014-08-23,0500,Aqua,MODIS,100,6.2,315.1,112.7,D,0
-12.6799,135.6552,324.7,1.7,1.3,2014-08-23,0500,Aqua,MODIS,70,6.2,303.6,24.4,D,0
-12.8147,136.3992,321.8,2,1.4,2014-08-23,0500,Aqua,MODIS,25,6.2,301.3,26,D,0
-15.2899,134.8555,343.6,1.4,1.2,2014-08-23,0500,Aqua,MODIS,70,6.2,312.6,56.3,D,0
-15.933,135.7671,347.1,1.5,1.2,2014-08-23,0500,Aqua,MODIS,92,6.2,312.6,78.4,D,0
-13.2941,135.2843,342.7,1.6,1.2,2014-08-23,0500,Aqua,MODIS,89,6.2,307.6,72.2,D,0
-12.567,135.6561,327,1.7,1.3,2014-08-23,0500,Aqua,MODIS,10,6.2,306.6,30.4,D,0
-12.5696,135.64,341.3,1.7,1.3,2014-08-23,0500,Aqua,MODIS,89,6.2,306,74.9,D,0
-12.8868,134.8021,349.9,1.5,1.2,2014-08-23,0500,Aqua,MODIS,94,6.2,311.8,81.5,D,0
-13.2949,135.4199,327.2,1.6,1.3,2014-08-23,0500,Aqua,MODIS,72,6.2,306.7,31.9,D,0
-12.6661,135.4713,342,1.7,1.3,2014-08-23,0500,Aqua,MODIS,89,6.2,308.8,72.6,D,0
-13.2763,135.4627,321.3,1.6,1.3,2014-08-23,0500,Aqua,MODIS,27,6.2,306.8,15.8,D,0
-15.1818,134.8824,327.5,1.4,1.2,2014-08-23,0500,Aqua,MODIS,52,6.2,313.3,12.9,D,0
-12.5664,135.6463,334.8,1.7,1.3,2014-08-23,0500,Aqua,MODIS,73,6.2,306.4,51.4,D,0
-13.1262,135.1845,337.5,1.6,1.2,2014-08-23,0500,Aqua,MODIS,76,6.2,310.6,47.4,D,0
-12.578,135.6484,338.8,1.7,1.3,2014-08-23,0500,Aqua,MODIS,87,6.2,306,66.3,D,0
-15.2048,134.8731,343.6,1.4,1.2,2014-08-23,0500,Aqua,MODIS,85,6.2,313,50.4,D,0
-12.5172,135.4549,319.3,1.7,1.3,2014-08-23,0500,Aqua,MODIS,40,6.2,305.1,11.7,D,0
-12.4357,135.467,344,1.7,1.3,2014-08-23,0500,Aqua,MODIS,90,6.2,304.9,82.8,D,0
-13.2046,135.4138,326.4,1.6,1.3,2014-08-23,0500,Aqua,MODIS,63,6.2,308,23.6,D,0
-12.5703,135.1357,338.2,1.6,1.2,2014-08-23,0500,Aqua,MODIS,85,6.2,308.6,57.5,D,0
-12.7926,135.252,327.3,1.6,1.2,2014-08-23,0500,Aqua,MODIS,74,6.2,308.9,27.1,D,0
-12.892,134.7956,334.4,1.5,1.2,2014-08-23,0500,Aqua,MODIS,70,6.2,308.8,34.9,D,0
-12.6684,135.6533,320.7,1.7,1.3,2014-08-23,0500,Aqua,MODIS,39,6.2,305.6,14.9,D,0
-12.5207,135.4499,321.9,1.7,1.3,2014-08-23,0500,Aqua,MODIS,58,6.2,304.5,16.6,D,0
-12.9396,135.1993,351.3,1.6,1.2,2014-08-23,0500,Aqua,MODIS,95,6.2,314.4,103.6,D,0
-13.2846,135.3423,321.6,1.6,1.2,2014-08-23,0500,Aqua,MODIS,58,6.2,305.3,18.6,D,0
-12.8954,134.8177,332.5,1.5,1.2,2014-08-23,0500,Aqua,MODIS,72,6.2,312.9,31.5,D,0
-12.8975,134.8041,328.3,1.5,1.2,2014-08-23,0500,Aqua,MODIS,40,6.2,311.2,20.7,D,0
-13.0827,135.1712,326.4,1.6,1.2,2014-08-23,0500,Aqua,MODIS,45,6.2,311.8,18,D,0
-12.5832,135.4822,325.3,1.7,1.3,2014-08-23,0500,Aqua,MODIS,59,6.2,304.9,26.3,D,0
-13.1112,135.1379,340.9,1.6,1.2,2014-08-23,0500,Aqua,MODIS,77,6.2,314.4,56.3,D,0
-13.1181,135.1626,337.8,1.6,1.2,2014-08-23,0500,Aqua,MODIS,64,6.2,316.3,41.2,D,0
-13.1093,135.1465,337.9,1.6,1.2,2014-08-23,0500,Aqua,MODIS,73,6.2,315,44.2,D,0
-13.1116,135.1322,332.5,1.6,1.2,2014-08-23,0500,Aqua,MODIS,65,6.2,313.4,32.5,D,0
-15.1124,135.1474,330.4,1.4,1.2,2014-08-23,0500,Aqua,MODIS,40,6.2,312.8,21.6,D,0
-13.1286,135.1702,350.4,1.6,1.2,2014-08-23,0500,Aqua,MODIS,94,6.2,310,93,D,0
-13.1175,135.1683,338,1.6,1.2,2014-08-23,0500,Aqua,MODIS,25,6.2,315.8,43.1,D,0
-13.1088,135.1521,334.6,1.6,1.2,2014-08-23,0500,Aqua,MODIS,47,6.2,315.1,33.9,D,0
-15.9244,135.7507,343.3,1.5,1.2,2014-08-23,0500,Aqua,MODIS,89,6.2,312.7,66.8,D,0
-12.4919,135.5566,349.6,1.7,1.3,2014-08-23,0500,Aqua,MODIS,94,6.2,309.1,111,D,0
-12.9875,135.4729,326,1.7,1.3,2014-08-23,0500,Aqua,MODIS,34,6.2,306.8,20.6,D,0
-12.4991,135.5634,335.8,1.7,1.3,2014-08-23,0500,Aqua,MODIS,84,6.2,306,57.8,D,0
-13.124,134.3942,325.1,1.4,1.2,2014-08-23,0500,Aqua,MODIS,48,6.2,312.5,13.8,D,0
-14.6019,135.0903,325.1,1.5,1.2,2014-08-23,0500,Aqua,MODIS,63,6.2,311.3,16.9,D,0
-15.2194,134.9154,347.8,1.4,1.2,2014-08-23,0500,Aqua,MODIS,92,6.2,315.4,63.7,D,0
-12.4446,135.4846,332,1.7,1.3,2014-08-23,0500,Aqua,MODIS,66,6.2,305.7,39,D,0
-13.2861,135.4031,335.6,1.6,1.3,2014-08-23,0500,Aqua,MODIS,83,6.2,305,55.2,D,0
-12.9988,135.4748,327.3,1.7,1.3,2014-08-23,0500,Aqua,MODIS,38,6.2,307.9,24.6,D,0
-13.2675,135.4455,326.9,1.6,1.3,2014-08-23,0500,Aqua,MODIS,72,6.2,306.2,30,D,0
-13.2787,135.4477,328.9,1.6,1.3,2014-08-23,0500,Aqua,MODIS,75,6.2,306,33.8,D,0
-13.2837,135.4178,340.3,1.6,1.3,2014-08-23,0500,Aqua,MODIS,87,6.2,306.8,69.8,D,0
-15.9463,135.7545,371.2,1.5,1.2,2014-08-23,0500,Aqua,MODIS,100,6.2,313.5,202.9,D,0
-13.1463,134.3198,326.7,1.4,1.2,2014-08-23,0500,Aqua,MODIS,64,6.2,313.1,16.2,D,0
-12.6731,135.6482,326,1.7,1.3,2014-08-23,0500,Aqua,MODIS,64,6.2,304.6,26.2,D,0
-12.6401,136.2654,323.5,1.9,1.4,2014-08-23,0500,Aqua,MODIS,66,6.2,303.3,29.2,D,0
-12.6187,135.8376,321.4,1.8,1.3,2014-08-23,0500,Aqua,MODIS,30,6.2,304.9,20.1,D,0
-12.9578,131.8512,329.4,1,1,2014-08-23,0500,Aqua,MODIS,66,6.2,317.7,10.1,D,0
-15.2006,134.8988,361.9,1.4,1.2,2014-08-23,0500,Aqua,MODIS,100,6.2,315.8,117.9,D,0
-12.942,135.1848,344.9,1.6,1.2,2014-08-23,0500,Aqua,MODIS,91,6.2,309.2,77.2,D,0
-12.2976,136.5987,322.6,2.1,1.4,2014-08-23,0500,Aqua,MODIS,60,6.2,301,33.7,D,0
-13.3026,135.5144,336.6,1.6,1.3,2014-08-23,0500,Aqua,MODIS,84,6.2,307.8,55.6,D,0
-12.3472,135.8048,321.6,1.8,1.3,2014-08-23,0500,Aqua,MODIS,37,6.2,302.4,18.9,D,0
-12.5812,135.6421,330.2,1.7,1.3,2014-08-23,0500,Aqua,MODIS,48,6.2,304.5,37.1,D,0
-15.0913,135.0753,344.7,1.4,1.2,2014-08-23,0500,Aqua,MODIS,90,6.2,314.9,63,D,0
-12.6026,135.5717,318.8,1.7,1.3,2014-08-23,0500,Aqua,MODIS,25,6.2,305.1,13,D,0
-15.7432,135.8704,325.5,1.6,1.2,2014-08-23,0500,Aqua,MODIS,52,6.2,308.7,17.2,D,0
-12.7903,135.2666,337.2,1.6,1.3,2014-08-23,0500,Aqua,MODIS,85,6.2,307.9,54.7,D,0
-13.2135,135.4303,339.4,1.6,1.3,2014-08-23,0500,Aqua,MODIS,83,6.2,311.4,59.6,D,0
-14.5334,134.8667,327.1,1.4,1.2,2014-08-23,0500,Aqua,MODIS,70,6.2,312.6,18.3,D,0
-12.5516,135.6045,343.7,1.7,1.3,2014-08-23,0500,Aqua,MODIS,90,6.2,307.5,88.6,D,0
-12.5726,135.1214,327.5,1.6,1.2,2014-08-23,0500,Aqua,MODIS,53,6.2,306.8,30.5,D,0
-15.8222,135.8749,333.1,1.6,1.2,2014-08-23,0500,Aqua,MODIS,79,6.2,312.8,31.9,D,0
-15.1125,135.0789,342.4,1.4,1.2,2014-08-23,0500,Aqua,MODIS,84,6.2,311.1,54.3,D,0
-12.7439,134.3322,354.9,1.4,1.2,2014-08-23,0500,Aqua,MODIS,97,6.2,311.6,98.9,D,0
-12.8366,136.3736,324.5,1.9,1.4,2014-08-23,0500,Aqua,MODIS,69,6.2,300.5,34.7,D,0
-15.944,135.769,380.4,1.5,1.2,2014-08-23,0500,Aqua,MODIS,100,6.2,316.1,266,D,0
-12.5962,135.5479,328.3,1.7,1.3,2014-08-23,0500,Aqua,MODIS,70,6.2,307.3,32.3,D,0
-13.1522,135.4508,323.5,1.6,1.3,2014-08-23,0500,Aqua,MODIS,32,6.2,308,17.8,D,0
-12.9348,134.9444,323.1,1.5,1.2,2014-08-23,0500,Aqua,MODIS,65,6.2,309.8,17,D,0
-12.864,132.3555,338,1.1,1,2014-08-23,0500,Aqua,MODIS,83,6.2,316.2,26.6,D,0
-15.147,135.1591,326,1.4,1.2,2014-08-23,0500,Aqua,MODIS,55,6.2,313.3,10.1,D,0
-15.2818,134.8603,334.6,1.4,1.2,2014-08-23,0500,Aqua,MODIS,41,6.2,307.7,30.8,D,0
-14.6538,134.7934,324.2,1.4,1.2,2014-08-23,0500,Aqua,MODIS,59,6.2,313,14.7,D,0
-14.6063,135.0829,321.9,1.5,1.2,2014-08-23,0500,Aqua,MODIS,42,6.2,311,12.4,D,0
-15.7185,135.8811,341.8,1.6,1.2,2014-08-23,0500,Aqua,MODIS,88,6.2,312.4,59,D,0
-15.0997,135.0904,338.2,1.4,1.2,2014-08-23,0500,Aqua,MODIS,65,6.2,314,38.6,D,0
-12.5715,135.1268,345.2,1.6,1.2,2014-08-23,0500,Aqua,MODIS,91,6.2,308.5,84.7,D,0
-15.1019,135.0771,347.4,1.4,1.2,2014-08-23,0500,Aqua,MODIS,92,6.2,313.7,70,D,0
-12.7313,135.2812,322,1.6,1.3,2014-08-23,0500,Aqua,MODIS,63,6.2,307.7,15.8,D,0
-12.8889,134.7885,334.3,1.5,1.2,2014-08-23,0500,Aqua,MODIS,54,6.2,310.1,32.3,D,0
-12.5542,135.5888,333.7,1.7,1.3,2014-08-23,0500,Aqua,MODIS,82,6.2,305.5,51.9,D,0
-12.7965,135.585,320.7,1.7,1.3,2014-08-23,0500,Aqua,MODIS,42,6.2,307.3,14.3,D,0
-12.7459,134.3195,320.6,1.4,1.2,2014-08-23,0500,Aqua,MODIS,46,6.2,309.2,8.2,D,0
-15.9353,135.7527,430.1,1.5,1.2,2014-08-23,0500,Aqua,MODIS,100,6.2,327.9,891.9,D,0
-15.2506,134.8549,336.5,1.4,1.2,2014-08-23,0500,Aqua,MODIS,28,6.2,311.6,37.2,D,0
-15.9029,128.7964,363.3,1.1,1.1,2014-08-23,0500,Aqua,MODIS,100,6.2,313.9,93.6,D,0
-15.1996,125.9162,361.1,1.7,1.3,2014-08-23,0500,Aqua,MODIS,100,6.2,312.8,158.4,D,0
-15.2015,125.9002,347.4,1.7,1.3,2014-08-23,0500,Aqua,MODIS,92,6.2,310.5,90.7,D,0
-15.3081,126.0652,323,1.7,1.3,2014-08-23,0500,Aqua,MODIS,47,6.2,312.3,16.1,D,0
-15.2111,125.9178,331,1.7,1.3,2014-08-23,0500,Aqua,MODIS,77,6.2,311.6,34.7,D,0
-15.2451,126.0092,332.5,1.7,1.3,2014-08-23,0500,Aqua,MODIS,79,6.2,310.6,38.2,D,0
-17.4119,123.8956,333.4,2.6,1.6,2014-08-23,0500,Aqua,MODIS,80,6.2,311.9,80.4,D,0
-17.4049,123.8747,350,2.6,1.6,2014-08-23,0500,Aqua,MODIS,94,6.2,311.3,204.6,D,0
-17.4006,123.8694,336.6,2.6,1.6,2014-08-23,0500,Aqua,MODIS,84,6.2,309.2,103.7,D,0
-15.2469,125.9934,324.6,1.7,1.3,2014-08-23,0500,Aqua,MODIS,46,6.2,309.8,16.5,D,0
-15.2454,126.0182,332.5,1.7,1.3,2014-08-23,0500,Aqua,MODIS,71,6.2,312.2,34.4,D,0
-15.2474,126.0026,326.8,1.7,1.3,2014-08-23,0500,Aqua,MODIS,46,6.2,309.6,19.5,D,0
-15.1765,125.9131,324.4,1.7,1.3,2014-08-23,0500,Aqua,MODIS,35,6.2,312.1,17.3,D,0
-13.9792,130.1286,337.3,1,1,2014-08-23,0500,Aqua,MODIS,48,6.2,320,18,D,0
-13.9779,130.1379,360.7,1,1,2014-08-23,0500,Aqua,MODIS,100,6.2,319.4,69.1,D,0
-15.9111,128.8085,353.1,1.1,1.1,2014-08-23,0500,Aqua,MODIS,96,6.2,318.9,61.7,D,0
-15.9125,128.7978,344.9,1.1,1.1,2014-08-23,0500,Aqua,MODIS,83,6.2,313.8,42.7,D,0
-14.0561,129.7088,356.4,1,1,2014-08-23,0500,Aqua,MODIS,97,6.2,315.4,65.1,D,0
-15.3766,130.5162,332.6,1,1,2014-08-23,0500,Aqua,MODIS,53,6.2,315,12.7,D,0
-15.9015,128.8071,342.2,1.1,1.1,2014-08-23,0500,Aqua,MODIS,46,6.2,315.6,31,D,0
-16.1864,128.3324,337.9,1.2,1.1,2014-08-23,0500,Aqua,MODIS,84,6.2,313.1,32.9,D,0
-15.891,128.7894,329.1,1.1,1.1,2014-08-23,0500,Aqua,MODIS,66,6.2,312.4,15.7,D,0
-13.9294,130.1527,344.4,1,1,2014-08-23,0500,Aqua,MODIS,89,6.2,317.1,33,D,0
-17.4147,123.871,330.3,2.6,1.6,2014-08-23,0500,Aqua,MODIS,73,6.2,310.9,68.7,D,0
-15.2941,130.5132,344,1,1,2014-08-23,0500,Aqua,MODIS,89,6.2,317.3,31.4,D,0
-15.2853,130.5156,332.6,1,1,2014-08-23,0500,Aqua,MODIS,77,6.2,315.7,14.6,D,0
-13.9373,130.0969,327.6,1,1,2014-08-23,0500,Aqua,MODIS,45,6.2,314,9,D,0
-15.2928,130.5226,332.4,1,1,2014-08-23,0500,Aqua,MODIS,66,6.2,316.2,13.7,D,0
-13.9308,130.1434,336,1,1,2014-08-23,0500,Aqua,MODIS,73,6.2,316.6,18.9,D,0
-13.1642,130.1685,375.7,1,1,2014-08-23,0500,Aqua,MODIS,87,6.2,308.3,124.3,D,0
-17.6654,122.8134,337.1,3.2,1.7,2014-08-23,0500,Aqua,MODIS,81,6.2,313.4,137.1,D,0
-17.6501,122.8119,364.2,3.2,1.7,2014-08-23,0500,Aqua,MODIS,100,6.2,312.5,455.7,D,0
-13.1552,130.1672,357.5,1,1,2014-08-23,0500,Aqua,MODIS,98,6.2,311.2,66.9,D,0
-13.1565,130.1579,352.7,1,1,2014-08-23,0500,Aqua,MODIS,95,6.2,311.6,56.8,D,0
-13.1578,130.1487,324.5,1,1,2014-08-23,0500,Aqua,MODIS,48,6.2,309.3,11.8,D,0
-13.1629,130.1777,360.1,1,1,2014-08-23,0500,Aqua,MODIS,94,6.2,306.2,76.3,D,0
-16.6065,123.8533,320.4,2.6,1.5,2014-08-23,0500,Aqua,MODIS,20,6.2,310,29.3,D,0
-17.5485,122.61,320.8,3.3,1.7,2014-08-23,0500,Aqua,MODIS,49,6.2,305.8,45.3,D,0
-17.5331,122.6085,330.4,3.3,1.7,2014-08-23,0500,Aqua,MODIS,77,6.2,306.6,101,D,0
-17.5176,122.6069,321.3,3.3,1.7,2014-08-23,0500,Aqua,MODIS,41,6.2,307,42.3,D,0
-17.5376,122.6048,320.3,3.3,1.7,2014-08-23,0500,Aqua,MODIS,33,6.2,305.5,39.6,D,0
-17.6078,122.49,362.9,3.4,1.7,2014-08-23,0500,Aqua,MODIS,100,6.2,307.9,490.7,D,0
-17.6013,122.5528,404.6,3.3,1.7,2014-08-23,0500,Aqua,MODIS,100,6.2,312.5,1542.4,D,0
-17.5982,122.5837,379.2,3.3,1.7,2014-08-23,0500,Aqua,MODIS,100,6.2,306,782.3,D,0
-17.5221,122.6033,333.3,3.3,1.7,2014-08-23,0500,Aqua,MODIS,81,6.2,307.1,122.8,D,0
-16.6153,123.902,320.7,2.5,1.5,2014-08-23,0500,Aqua,MODIS,54,6.2,309.9,30,D,0
-15.9867,128.9347,324.5,1.1,1.1,2014-08-23,0500,Aqua,MODIS,30,6.2,311.6,8.4,D,0
-17.6062,122.4651,364.1,3.4,1.7,2014-08-23,0500,Aqua,MODIS,100,6.2,304.1,518.3,D,0
-17.6031,122.497,332.8,3.4,1.7,2014-08-23,0500,Aqua,MODIS,27,6.2,304.2,122.3,D,0
-17.5972,122.5597,381.3,3.3,1.7,2014-08-23,0500,Aqua,MODIS,100,6.2,306.1,830.1,D,0
-17.6127,122.5612,413.1,3.3,1.7,2014-08-23,0500,Aqua,MODIS,100,6.2,320.4,1847.9,D,0
-16.4655,123.9273,323.9,2.5,1.5,2014-08-23,0500,Aqua,MODIS,39,6.2,306.5,42.9,D,0
-16.4597,123.922,333.4,2.5,1.5,2014-08-23,0500,Aqua,MODIS,82,6.2,306.8,89.4,D,0
-16.4487,123.8958,334.2,2.5,1.5,2014-08-23,0500,Aqua,MODIS,70,6.2,306.7,90,D,0
-16.4624,123.8979,326.6,2.5,1.5,2014-08-23,0500,Aqua,MODIS,61,6.2,307.8,53,D,0
-16.4679,123.9036,328,2.5,1.5,2014-08-23,0500,Aqua,MODIS,57,6.2,308.2,56.2,D,0
-17.6068,122.623,340.7,3.3,1.7,2014-08-23,0500,Aqua,MODIS,87,6.2,309.5,165,D,0
-17.5089,122.8758,337.5,3.1,1.7,2014-08-23,0500,Aqua,MODIS,63,6.2,312.6,132,D,0
-17.5241,122.8774,344,3.1,1.7,2014-08-23,0500,Aqua,MODIS,90,6.2,311,185.7,D,0
-17.5214,122.8814,343.1,3.1,1.7,2014-08-23,0500,Aqua,MODIS,89,6.2,312.3,184.7,D,0
-17.4937,122.8743,366.2,3.1,1.7,2014-08-23,0500,Aqua,MODIS,100,6.2,310,482.1,D,0
-17.6223,122.6246,341.3,3.3,1.7,2014-08-23,0500,Aqua,MODIS,87,6.2,311.5,161.5,D,0
-17.6253,122.5937,353.4,3.3,1.7,2014-08-23,0500,Aqua,MODIS,96,6.2,313.9,294.5,D,0
-17.6098,122.5922,381.9,3.3,1.7,2014-08-23,0500,Aqua,MODIS,100,6.2,311.7,818.3,D,0
-17.626,122.6175,343.4,3.3,1.7,2014-08-23,0500,Aqua,MODIS,90,6.2,311.6,184.9,D,0
-17.6292,122.5867,337.8,3.3,1.7,2014-08-23,0500,Aqua,MODIS,84,6.2,313.6,128.1,D,0
-17.6105,122.6161,355,3.3,1.7,2014-08-23,0500,Aqua,MODIS,97,6.2,310.6,333.8,D,0
-17.6137,122.5852,385.8,3.3,1.7,2014-08-23,0500,Aqua,MODIS,100,6.2,315.2,925.7,D,0
-17.4911,122.8783,362.5,3.1,1.7,2014-08-23,0500,Aqua,MODIS,100,6.2,308.1,420.4,D,0
-14.2177,129.7353,345.1,1,1,2014-08-23,0500,Aqua,MODIS,90,6.2,314.8,34.8,D,0
-13.1655,130.1593,338.6,1,1,2014-08-23,0500,Aqua,MODIS,63,6.2,306.4,28.2,D,0
-14.2098,129.7244,337.1,1,1,2014-08-23,0500,Aqua,MODIS,33,6.2,314.4,20.7,D,0
-14.2125,129.7054,361.7,1,1,2014-08-23,0500,Aqua,MODIS,100,6.2,320.6,78.4,D,0
-17.6532,122.7817,366.7,3.2,1.7,2014-08-23,0500,Aqua,MODIS,100,6.2,312.4,502,D,0
-17.6685,122.7833,327.4,3.2,1.7,2014-08-23,0500,Aqua,MODIS,28,6.2,309.7,66.7,D,0
-17.665,122.7873,338.4,3.2,1.7,2014-08-23,0500,Aqua,MODIS,61,6.2,312,143.9,D,0
-14.2138,129.6959,378.2,1,1,2014-08-23,0500,Aqua,MODIS,100,6.2,316.5,139.5,D,0
-14.2035,129.7074,385,1,1,2014-08-23,0500,Aqua,MODIS,100,6.2,318,169,D,0
-14.2049,129.6978,364.8,1,1,2014-08-23,0500,Aqua,MODIS,100,6.2,312.9,92.5,D,0
-14.2229,129.6972,355.6,1,1,2014-08-23,0500,Aqua,MODIS,97,6.2,313.7,62.3,D,0
-14.2216,129.7068,345.3,1,1,2014-08-23,0500,Aqua,MODIS,60,6.2,316.8,36.2,D,0
-14.2294,129.7176,348.8,1,1,2014-08-23,0500,Aqua,MODIS,93,6.2,314.8,41.8,D,0
-14.2281,129.7271,340.8,1,1,2014-08-23,0500,Aqua,MODIS,73,6.2,314.7,25.3,D,0
-14.1449,129.7277,331.8,1,1,2014-08-23,0500,Aqua,MODIS,54,6.2,312.3,16.1,D,0
-15.8743,128.8413,328.6,1.1,1.1,2014-08-23,0500,Aqua,MODIS,59,6.2,316.4,12.1,D,0
-15.9097,128.8192,335.3,1.1,1.1,2014-08-23,0500,Aqua,MODIS,60,6.2,318.7,22.1,D,0
-15.9083,128.83,334.3,1.1,1.1,2014-08-23,0500,Aqua,MODIS,65,6.2,316.8,20.9,D,0
-14.0653,129.7102,387.5,1,1,2014-08-23,0500,Aqua,MODIS,100,6.2,317.8,179.7,D,0
-14.2569,129.6535,335.6,1,1,2014-08-23,0500,Aqua,MODIS,80,6.2,315.1,23,D,0
-14.2582,129.644,348.4,1,1,2014-08-23,0500,Aqua,MODIS,92,6.2,314,46.2,D,0
-16.2313,128.2219,322.8,1.2,1.1,2014-08-23,0500,Aqua,MODIS,57,6.2,311.2,10.4,D,0
-17.6708,122.7266,319.9,3.2,1.7,2014-08-23,0500,Aqua,MODIS,40,6.2,309.4,39.1,D,0
-14.1344,129.7359,328.7,1,1,2014-08-23,0500,Aqua,MODIS,33,6.2,310.3,14.1,D,0
-14.0666,129.7007,343.8,1,1,2014-08-23,0500,Aqua,MODIS,89,6.2,313.7,36.3,D,0
-14.0575,129.6993,333.8,1,1,2014-08-23,0500,Aqua,MODIS,78,6.2,313.2,19.7,D,0
-17.708,122.848,334.9,3.2,1.7,2014-08-23,0500,Aqua,MODIS,62,6.2,311,109.4,D,0
-17.7112,122.818,350.9,3.2,1.7,2014-08-23,0500,Aqua,MODIS,72,6.2,311.9,270.3,D,0
-17.6471,122.6892,325.1,3.2,1.7,2014-08-23,0500,Aqua,MODIS,33,6.2,310.3,51,D,0
-16.2306,128.3038,330.2,1.2,1.1,2014-08-23,0500,Aqua,MODIS,52,6.2,312.4,19.6,D,0
-16.2324,128.299,328.5,1.2,1.1,2014-08-23,0500,Aqua,MODIS,66,6.2,311.2,17.3,D,0
-16.2309,128.3108,328.7,1.2,1.1,2014-08-23,0500,Aqua,MODIS,53,6.2,312,17.6,D,0
-17.4816,122.8434,357.5,3.1,1.7,2014-08-23,0500,Aqua,MODIS,98,6.2,302.5,366.4,D,0
-17.4968,122.8449,384.4,3.1,1.7,2014-08-23,0500,Aqua,MODIS,100,6.2,313.6,846.5,D,0
-17.6267,122.4598,357.6,3.4,1.7,2014-08-23,0500,Aqua,MODIS,98,6.2,307.7,410.5,D,0
-17.6234,122.4916,355.6,3.4,1.7,2014-08-23,0500,Aqua,MODIS,97,6.2,312.7,368.1,D,0
-17.512,122.8465,382.2,3.1,1.7,2014-08-23,0500,Aqua,MODIS,100,6.2,314.1,788.7,D,0
-17.5272,122.8481,341.2,3.1,1.7,2014-08-23,0500,Aqua,MODIS,88,6.2,307.1,160.8,D,0
-17.5122,122.8206,331.1,3.2,1.7,2014-08-23,0500,Aqua,MODIS,70,6.2,305.1,94.4,D,0
-17.5092,122.8505,373.9,3.1,1.7,2014-08-23,0500,Aqua,MODIS,100,6.2,313.7,618.8,D,0
-17.6423,122.4615,339.9,3.4,1.7,2014-08-23,0500,Aqua,MODIS,73,6.2,304.1,187.3,D,0
-17.639,122.4931,359.5,3.4,1.7,2014-08-23,0500,Aqua,MODIS,99,6.2,311.9,411.7,D,0
-17.6547,122.4946,337.7,3.4,1.7,2014-08-23,0500,Aqua,MODIS,39,6.2,307.5,145,D,0
-17.6218,122.4668,369.2,3.4,1.7,2014-08-23,0500,Aqua,MODIS,100,6.2,311.1,601.9,D,0
-17.6188,122.4986,342.6,3.4,1.7,2014-08-23,0500,Aqua,MODIS,69,6.2,311.2,201.4,D,0
-17.6375,122.4685,363.7,3.4,1.7,2014-08-23,0500,Aqua,MODIS,100,6.2,308.4,496,D,0
-17.6344,122.5001,341.3,3.4,1.7,2014-08-23,0500,Aqua,MODIS,41,6.2,312.2,178.7,D,0
-17.6531,122.4701,333.1,3.4,1.7,2014-08-23,0500,Aqua,MODIS,44,6.2,303.5,126.1,D,0
-17.65,122.5016,352.6,3.4,1.7,2014-08-23,0500,Aqua,MODIS,84,6.2,310.7,311.4,D,0
-17.5244,122.8521,369.1,3.1,1.7,2014-08-23,0500,Aqua,MODIS,100,6.2,309.9,525.9,D,0
-17.5457,122.7938,326.3,3.2,1.7,2014-08-23,0500,Aqua,MODIS,67,6.2,311.6,63,D,0
-17.4969,122.8191,344.9,3.2,1.7,2014-08-23,0500,Aqua,MODIS,91,6.2,305.3,216.2,D,0
-15.8795,128.8746,327,1.1,1.1,2014-08-23,0500,Aqua,MODIS,53,6.2,314.6,12.2,D,0
-17.494,122.8489,393.1,3.1,1.7,2014-08-23,0500,Aqua,MODIS,100,6.2,313.5,1068.6,D,0
-17.6169,122.5543,365.2,3.3,1.7,2014-08-23,0500,Aqua,MODIS,100,6.2,313.1,494.7,D,0
-16.469,128.5074,324.8,1.2,1.1,2014-08-23,0500,Aqua,MODIS,64,6.2,309.5,14.3,D,0
-16.0895,128.8466,331.9,1.1,1.1,2014-08-23,0500,Aqua,MODIS,71,6.2,314.1,17.7,D,0
-15.9257,128.9192,330.6,1.1,1.1,2014-08-23,0500,Aqua,MODIS,45,6.2,314,15.8,D,0
-16.0799,128.8452,351,1.1,1.1,2014-08-23,0500,Aqua,MODIS,94,6.2,316.2,57.4,D,0
-15.9176,128.9073,334.1,1.1,1.1,2014-08-23,0500,Aqua,MODIS,54,6.2,313.2,21.8,D,0
-15.9094,128.8958,329.1,1.1,1.1,2014-08-23,0500,Aqua,MODIS,16,6.2,312.6,14,D,0
-14.2675,129.5082,326.4,1,1,2014-08-23,0500,Aqua,MODIS,56,6.2,314.9,9,D,0
-13.1526,130.1856,326.6,1,1,2014-08-23,0500,Aqua,MODIS,49,6.2,303.1,13.3,D,0
-13.1539,130.1764,339.4,1,1,2014-08-23,0500,Aqua,MODIS,84,6.2,309.5,30.4,D,0
-14.4065,129.6976,326.5,1,1,2014-08-23,0500,Aqua,MODIS,64,6.2,315.2,8.4,D,0
-17.611,122.4581,362.6,3.4,1.7,2014-08-23,0500,Aqua,MODIS,100,6.2,305.7,497.4,D,0
-17.5152,122.8166,318.9,3.2,1.7,2014-08-23,0500,Aqua,MODIS,15,6.2,304.5,26.5,D,0
-17.5,122.8151,327.5,3.2,1.7,2014-08-23,0500,Aqua,MODIS,72,6.2,305,80.5,D,0
-14.3629,129.4786,338,1,1,2014-08-23,0500,Aqua,MODIS,83,6.2,314.6,26.6,D,0
-17.6621,122.8175,344.5,3.2,1.7,2014-08-23,0500,Aqua,MODIS,69,6.2,314.1,196.1,D,0
-15.1442,135.0168,322.6,1.4,1.2,2014-08-23,0500,Aqua,MODIS,52,6.2,307.5,14.2,D,0
-12.7266,135.311,332,1.6,1.3,2014-08-23,0500,Aqua,MODIS,80,6.2,308.1,39.5,D,0
-15.259,134.8695,340.3,1.4,1.2,2014-08-23,0500,Aqua,MODIS,65,6.2,315.5,42.6,D,0
-15.1803,125.8812,346.9,1.7,1.3,2014-08-23,0500,Aqua,MODIS,92,6.2,305.8,97.3,D,0
-15.2794,134.9858,333.8,1.4,1.2,2014-08-23,0500,Aqua,MODIS,61,6.2,314.5,26.8,D,0
-15.1479,134.7923,369.9,1.4,1.2,2014-08-23,0500,Aqua,MODIS,100,6.2,308.7,169.7,D,0
-15.2694,134.8713,353.1,1.4,1.2,2014-08-23,0500,Aqua,MODIS,96,6.2,310.7,81.6,D,0
-15.2674,134.8841,353.1,1.4,1.2,2014-08-23,0500,Aqua,MODIS,96,6.2,315.5,82.5,D,0
-13.31,135.4691,322.6,1.6,1.3,2014-08-23,0500,Aqua,MODIS,59,6.2,305.6,16.6,D,0
-13.3675,135.3341,322,1.6,1.2,2014-08-23,0500,Aqua,MODIS,23,6.2,306.8,16.2,D,0
-13.3564,135.3321,344.9,1.6,1.2,2014-08-23,0500,Aqua,MODIS,91,6.2,308.6,81,D,0
-13.3588,135.3174,334.7,1.6,1.2,2014-08-23,0500,Aqua,MODIS,82,6.2,304.3,48.1,D,0
-15.1421,135.0299,321.1,1.4,1.2,2014-08-23,0500,Aqua,MODIS,44,6.2,306.5,12.7,D,0
-12.9295,135.1918,338.4,1.6,1.2,2014-08-23,0500,Aqua,MODIS,86,6.2,311.5,54.6,D,0
-12.799,135.5699,322.5,1.7,1.3,2014-08-23,0500,Aqua,MODIS,59,6.2,305.6,18.2,D,0
-13.0739,135.5726,322.6,1.7,1.3,2014-08-23,0500,Aqua,MODIS,56,6.2,307.3,19,D,0
-13.0764,135.5571,336.7,1.7,1.3,2014-08-23,0500,Aqua,MODIS,85,6.2,307.9,56.1,D,0
-15.19,125.8986,338.8,1.7,1.3,2014-08-23,0500,Aqua,MODIS,70,6.2,310.3,57.2,D,0
-12.7294,135.2867,332.7,1.6,1.3,2014-08-23,0500,Aqua,MODIS,81,6.2,308.8,41.6,D,0
-12.7269,135.3016,339.9,1.6,1.3,2014-08-23,0500,Aqua,MODIS,87,6.2,309.3,64.2,D,0
-13.3672,135.3272,323.2,1.6,1.2,2014-08-23,0500,Aqua,MODIS,36,6.2,306.3,19.2,D,0
-13.3561,135.3252,349.5,1.6,1.2,2014-08-23,0500,Aqua,MODIS,94,6.2,307.5,99.5,D,0
-13.3538,135.3398,328.6,1.6,1.2,2014-08-23,0500,Aqua,MODIS,62,6.2,307.9,30.2,D,0
-12.7357,135.3183,331.2,1.6,1.3,2014-08-23,0500,Aqua,MODIS,79,6.2,311,36.8,D,0
-15.1874,134.8122,364.1,1.4,1.2,2014-08-23,0500,Aqua,MODIS,100,6.2,307,135,D,0
-12.7382,135.3034,381.9,1.6,1.3,2014-08-23,0500,Aqua,MODIS,100,6.2,316.4,304.6,D,0
-15.1527,135.0318,326.9,1.4,1.2,2014-08-23,0500,Aqua,MODIS,69,6.2,306.3,21.4,D,0
-15.2899,134.9876,343,1.4,1.2,2014-08-23,0500,Aqua,MODIS,81,6.2,313.1,50.8,D,0
-15.1854,134.825,354.7,1.4,1.2,2014-08-23,0500,Aqua,MODIS,97,6.2,308.5,92.6,D,0
-12.7406,135.2886,388.7,1.6,1.3,2014-08-23,0500,Aqua,MODIS,100,6.2,315.6,367.9,D,0
-12.7244,135.3164,320.6,1.6,1.3,2014-08-23,0500,Aqua,MODIS,32,6.2,307,13.3,D,0
-15.1922,134.8187,379.5,1.4,1.2,2014-08-23,0500,Aqua,MODIS,100,6.2,309.5,221.9,D,0
-15.2089,134.8477,357.3,1.4,1.2,2014-08-23,0500,Aqua,MODIS,98,6.2,311.8,104.1,D,0
-15.1943,134.806,323.9,1.4,1.2,2014-08-23,0500,Aqua,MODIS,57,6.2,304,18.7,D,0
-15.1354,134.8032,364.2,1.4,1.2,2014-08-23,0500,Aqua,MODIS,100,6.2,309.4,140.4,D,0
-12.4509,135.8127,350.8,1.8,1.3,2014-08-23,0500,Aqua,MODIS,89,6.2,305.2,123.8,D,0
-12.9285,135.1973,330.8,1.6,1.2,2014-08-23,0500,Aqua,MODIS,78,6.2,311,34.8,D,0
-15.292,134.9746,337.8,1.4,1.2,2014-08-23,0500,Aqua,MODIS,67,6.2,313.3,35.8,D,0
-15.3046,134.9635,348.4,1.4,1.2,2014-08-23,0500,Aqua,MODIS,87,6.2,313.4,64.4,D,0
-13.1278,135.2442,335.6,1.6,1.2,2014-08-23,0500,Aqua,MODIS,83,6.2,311.2,45.3,D,0
-12.9309,135.1828,341,1.6,1.2,2014-08-23,0500,Aqua,MODIS,88,6.2,309.2,65.1,D,0
-12.8113,135.1356,360.9,1.6,1.2,2014-08-23,0500,Aqua,MODIS,100,6.2,311.3,150.8,D,0
-15.1582,134.7941,336,1.4,1.2,2014-08-23,0500,Aqua,MODIS,82,6.2,301.9,43.8,D,0
-13.3164,135.2877,320,1.6,1.2,2014-08-23,0500,Aqua,MODIS,25,6.2,306.6,14.5,D,0
-13.2944,135.7838,322.2,1.7,1.3,2014-08-23,0500,Aqua,MODIS,25,6.2,306.1,22.1,D,0
-13.1998,135.2334,324.9,1.6,1.2,2014-08-23,0500,Aqua,MODIS,64,6.2,312.8,19.5,D,0
-13.2022,135.2191,331.9,1.6,1.2,2014-08-23,0500,Aqua,MODIS,79,6.2,309.8,37.4,D,0
-13.1991,135.2266,329.4,1.6,1.2,2014-08-23,0500,Aqua,MODIS,71,6.2,312.1,27.4,D,0
-13.4692,134.2717,361.7,1.3,1.2,2014-08-23,0500,Aqua,MODIS,100,6.2,312.4,118.6,D,0
-13.05,135.5052,324.4,1.7,1.3,2014-08-23,0500,Aqua,MODIS,38,6.2,306.9,20.8,D,0
-12.3566,135.5264,325,1.7,1.3,2014-08-23,0500,Aqua,MODIS,40,6.2,306.1,22.2,D,0
-12.4306,135.498,328.8,1.7,1.3,2014-08-23,0500,Aqua,MODIS,37,6.2,309.9,26.5,D,0
-13.139,135.246,324.6,1.6,1.2,2014-08-23,0500,Aqua,MODIS,44,6.2,310.3,17.9,D,0
-15.3172,134.9525,349,1.4,1.2,2014-08-23,0500,Aqua,MODIS,90,6.2,314,68.9,D,0
-15.2257,134.943,326.9,1.4,1.2,2014-08-23,0500,Aqua,MODIS,30,6.2,315.3,10.9,D,0
-13.5723,135.4887,323.3,1.6,1.3,2014-08-23,0500,Aqua,MODIS,37,6.2,306.7,20.1,D,0
-13.561,135.4868,340.9,1.6,1.3,2014-08-23,0500,Aqua,MODIS,87,6.2,309.8,68.3,D,0
-15.1562,134.8068,369.8,1.4,1.2,2014-08-23,0500,Aqua,MODIS,100,6.2,307.6,165.2,D,0
-13.3141,135.3021,319.9,1.6,1.2,2014-08-23,0500,Aqua,MODIS,25,6.2,306.4,14.5,D,0
-15.1542,134.8195,347.8,1.4,1.2,2014-08-23,0500,Aqua,MODIS,92,6.2,306,67.3,D,0
-12.8219,134.7914,323.3,1.5,1.2,2014-08-23,0500,Aqua,MODIS,43,6.2,310.5,11.8,D,0
-12.9318,135.1773,324.6,1.6,1.2,2014-08-23,0500,Aqua,MODIS,34,6.2,307.9,18.5,D,0
-15.1521,134.8323,340.1,1.4,1.2,2014-08-23,0500,Aqua,MODIS,87,6.2,308.1,41.3,D,0
-15.1646,134.8213,339.7,1.4,1.2,2014-08-23,0500,Aqua,MODIS,73,6.2,307,44.3,D,0
-15.1458,134.805,382.6,1.4,1.2,2014-08-23,0500,Aqua,MODIS,100,6.2,313.9,245.4,D,0
-15.263,134.844,364.2,1.4,1.2,2014-08-23,0500,Aqua,MODIS,100,6.2,311.1,136.5,D,0
-12.809,135.1499,328.5,1.6,1.2,2014-08-23,0500,Aqua,MODIS,76,6.2,310.5,28.6,D,0
-15.1375,134.7905,346,1.4,1.2,2014-08-23,0500,Aqua,MODIS,91,6.2,305.1,71.6,D,0
-13.5635,135.4719,328.5,1.6,1.3,2014-08-23,0500,Aqua,MODIS,72,6.2,305.1,33,D,0
-15.2526,134.8422,344.3,1.4,1.2,2014-08-23,0500,Aqua,MODIS,90,6.2,311.1,63.3,D,0
-13.0102,135.4765,328,1.7,1.3,2014-08-23,0500,Aqua,MODIS,32,6.2,308.1,26.3,D,0
-12.729,135.2961,333.9,1.6,1.3,2014-08-23,0500,Aqua,MODIS,82,6.2,310.8,45.2,D,0
-15.0869,135.1018,335.6,1.4,1.2,2014-08-23,0500,Aqua,MODIS,73,6.2,315.1,35.3,D,0
-15.0976,135.1037,335.6,1.4,1.2,2014-08-23,0500,Aqua,MODIS,75,6.2,313.6,32.4,D,0
-15.1334,134.8159,349.4,1.4,1.2,2014-08-23,0500,Aqua,MODIS,93,6.2,308.2,78.3,D,0
-12.8002,135.1338,333.2,1.6,1.2,2014-08-23,0500,Aqua,MODIS,81,6.2,309.6,40.6,D,0
-12.563,131.2207,354.1,1,1,2014-08-23,0501,Aqua,MODIS,96,6.2,311.8,60.4,D,0
-12.6104,131.9561,336.3,1.1,1,2014-08-23,0501,Aqua,MODIS,76,6.2,314.3,19.4,D,0
-12.1262,132.9127,332.2,1.2,1.1,2014-08-23,0501,Aqua,MODIS,24,6.2,315.6,17.7,D,0
-12.1166,132.9111,342.9,1.2,1.1,2014-08-23,0501,Aqua,MODIS,88,6.2,316.8,38.3,D,0
-12.5648,131.8927,369.3,1.1,1,2014-08-23,0501,Aqua,MODIS,99,6.2,314.4,103.1,D,0
-12.5634,131.9024,348.3,1.1,1,2014-08-23,0501,Aqua,MODIS,69,6.2,316.7,40.9,D,0
-12.5846,131.886,336.2,1.1,1,2014-08-23,0501,Aqua,MODIS,18,6.2,311.3,21.9,D,0
-12.5754,131.8846,415.4,1.1,1,2014-08-23,0501,Aqua,MODIS,100,6.2,324.8,370.2,D,0
-12.574,131.8942,379.3,1.1,1,2014-08-23,0501,Aqua,MODIS,100,6.2,317.3,143.2,D,0
-12.5662,131.8831,358.4,1.1,1,2014-08-23,0501,Aqua,MODIS,96,6.2,308.4,72.9,D,0
-12.4936,132.6626,339.2,1.1,1.1,2014-08-23,0501,Aqua,MODIS,85,6.2,318,28,D,0
-12.5266,131.8966,356.5,1.1,1,2014-08-23,0501,Aqua,MODIS,96,6.2,315.7,67.3,D,0
-12.5542,131.9009,346,1.1,1,2014-08-23,0501,Aqua,MODIS,69,6.2,313,36.2,D,0
-12.5294,131.8773,333.1,1.1,1,2014-08-23,0501,Aqua,MODIS,78,6.2,306,24.6,D,0
-12.5358,131.898,339.1,1.1,1,2014-08-23,0501,Aqua,MODIS,35,6.2,314.3,27.3,D,0
-12.528,131.887,367.9,1.1,1,2014-08-23,0501,Aqua,MODIS,100,6.2,314.3,103.5,D,0
-12.0544,132.9054,358.5,1.2,1.1,2014-08-23,0501,Aqua,MODIS,99,6.2,314.2,85.6,D,0
-11.6365,130.9445,368.6,1,1,2014-08-23,0501,Aqua,MODIS,100,6.2,315.7,101.7,D,0
-11.645,130.9524,324.1,1,1,2014-08-23,0501,Aqua,MODIS,64,6.2,310.8,10.7,D,0
-12.5503,131.1808,416.2,1,1,2014-08-23,0501,Aqua,MODIS,100,6.2,325.7,355.1,D,0
-11.6016,131.1855,323.1,1,1,2014-08-23,0501,Aqua,MODIS,43,6.2,309.9,8.1,D,0
-11.6029,131.1762,325,1,1,2014-08-23,0501,Aqua,MODIS,68,6.2,313.5,9.9,D,0
-11.6261,130.9523,326,1,1,2014-08-23,0501,Aqua,MODIS,70,6.2,310.9,13.5,D,0
-11.6352,130.9537,347.8,1,1,2014-08-23,0501,Aqua,MODIS,93,6.2,314.2,47.1,D,0
-12.5126,132.6656,331.8,1.1,1.1,2014-08-23,0501,Aqua,MODIS,68,6.2,313.7,15.5,D,0
-12.621,131.9478,334.6,1.1,1,2014-08-23,0501,Aqua,MODIS,72,6.2,316.3,18.8,D,0
-12.607,131.916,340.5,1.1,1,2014-08-23,0501,Aqua,MODIS,78,6.2,312.8,28,D,0
-12.572,131.222,352.9,1,1,2014-08-23,0501,Aqua,MODIS,96,6.2,315.7,56.6,D,0
-11.7998,130.897,322.2,1,1,2014-08-23,0501,Aqua,MODIS,19,6.2,310,7.3,D,0
-11.7766,130.0385,344.1,1,1,2014-08-23,0501,Aqua,MODIS,79,6.2,309,40.8,D,0
-11.7855,130.0398,342.6,1,1,2014-08-23,0501,Aqua,MODIS,78,6.2,311.5,36.7,D,0
-11.644,130.3192,329.8,1,1,2014-08-23,0501,Aqua,MODIS,66,6.2,312.3,12.8,D,0
-11.4332,130.3162,331.2,1,1,2014-08-23,0501,Aqua,MODIS,84,6.2,305.6,19,D,0
-11.4308,130.2043,321,1,1,2014-08-23,0501,Aqua,MODIS,18,6.2,306.6,8.4,D,0
-11.4049,130.3213,331.5,1,1,2014-08-23,0501,Aqua,MODIS,55,6.2,310.3,16.7,D,0
-11.7778,130.0293,334.4,1,1,2014-08-23,0501,Aqua,MODIS,0,6.2,306,24,D,0
-11.7945,130.0411,333.9,1,1,2014-08-23,0501,Aqua,MODIS,62,6.2,308.5,21.9,D,0
-11.4319,130.3253,337.5,1,1,2014-08-23,0501,Aqua,MODIS,88,6.2,308.5,27.5,D,0
-11.8035,130.0425,329.3,1,1,2014-08-23,0501,Aqua,MODIS,0,6.2,308,17.2,D,0
-12.4069,133.0087,327.8,1.2,1.1,2014-08-23,0501,Aqua,MODIS,47,6.2,315.1,14.2,D,0
-11.2228,132.0573,338.8,1.1,1,2014-08-23,0501,Aqua,MODIS,79,6.2,311.3,31.2,D,0
-12.1649,132.9851,336.3,1.2,1.1,2014-08-23,0501,Aqua,MODIS,63,6.2,315.3,26.8,D,0
-11.7539,132.9387,334.6,1.2,1.1,2014-08-23,0501,Aqua,MODIS,74,6.2,313.8,26.5,D,0
-11.3839,132.5328,359.2,1.1,1.1,2014-08-23,0501,Aqua,MODIS,99,6.2,312.3,85.8,D,0
-11.3855,132.5224,359.6,1.1,1.1,2014-08-23,0501,Aqua,MODIS,99,6.2,308.9,86.5,D,0
-12.2981,134.7505,324.1,1.5,1.2,2014-08-23,0501,Aqua,MODIS,39,6.2,308.4,21.7,D,0
-12.1675,132.9801,329.8,1.2,1.1,2014-08-23,0501,Aqua,MODIS,61,6.2,312.5,17.6,D,0
-12.15,135.447,328.1,1.7,1.3,2014-08-23,0501,Aqua,MODIS,63,6.2,304.2,32.9,D,0
-11.1669,132.0124,339.6,1.1,1,2014-08-23,0501,Aqua,MODIS,78,6.2,308,37.4,D,0
-11.8487,132.9818,328.2,1.2,1.1,2014-08-23,0501,Aqua,MODIS,31,6.2,316.6,9.7,D,0
-11.8601,132.9725,332.1,1.2,1.1,2014-08-23,0501,Aqua,MODIS,71,6.2,314.1,16.7,D,0
-12.1427,135.4402,320.8,1.7,1.3,2014-08-23,0501,Aqua,MODIS,30,6.2,304.7,20.3,D,0
-12.1085,132.8988,340.8,1.2,1.1,2014-08-23,0501,Aqua,MODIS,79,6.2,316.2,36.1,D,0
-12.1658,132.9909,338.2,1.2,1.1,2014-08-23,0501,Aqua,MODIS,81,6.2,316.9,32.2,D,0
-12.1069,132.9096,332.9,1.2,1.1,2014-08-23,0501,Aqua,MODIS,24,6.2,315,18.5,D,0
-12.1839,134.7542,324.5,1.5,1.2,2014-08-23,0501,Aqua,MODIS,52,6.2,308.2,19.9,D,0
-12.1862,134.7403,322.6,1.5,1.2,2014-08-23,0501,Aqua,MODIS,33,6.2,309.5,16.4,D,0
-12.1884,134.7265,332.5,1.5,1.2,2014-08-23,0501,Aqua,MODIS,69,6.2,310,37,D,0
-11.2696,132.0646,334.6,1.1,1,2014-08-23,0501,Aqua,MODIS,83,6.2,312.3,24.9,D,0
-12.182,134.6972,398.5,1.5,1.2,2014-08-23,0501,Aqua,MODIS,100,6.2,320,423.9,D,0
-12.4085,132.9981,349.2,1.2,1.1,2014-08-23,0501,Aqua,MODIS,93,6.2,314.4,57.1,D,0
-12.4165,133.0103,325.4,1.2,1.1,2014-08-23,0501,Aqua,MODIS,35,6.2,312.6,11.8,D,0
-12.3042,134.1384,324.3,1.4,1.2,2014-08-23,0501,Aqua,MODIS,41,6.2,311.9,14.5,D,0
-12.4436,132.6372,331.9,1.1,1.1,2014-08-23,0501,Aqua,MODIS,75,6.2,317.4,16.5,D,0
-12.4101,132.9874,333.5,1.2,1.1,2014-08-23,0501,Aqua,MODIS,75,6.2,312.5,22.4,D,0
-12.4697,131.1618,321.9,1,1,2014-08-23,0501,Aqua,MODIS,57,6.2,306.1,9,D,0
-12.1484,133.1668,349.4,1.2,1.1,2014-08-23,0501,Aqua,MODIS,93,6.2,316.5,55.3,D,0
-12.4421,132.6475,328.9,1.1,1.1,2014-08-23,0501,Aqua,MODIS,58,6.2,314.4,11.8,D,0
-12.5322,131.178,427.2,1,1,2014-08-23,0501,Aqua,MODIS,100,6.2,319.7,455.8,D,0
-12.3071,134.6256,321.7,1.5,1.2,2014-08-23,0501,Aqua,MODIS,34,6.2,309.1,14.8,D,0
-11.7656,133.1942,329,1.2,1.1,2014-08-23,0501,Aqua,MODIS,54,6.2,313.3,16,D,0
-12.0338,134.1651,326.1,1.4,1.2,2014-08-23,0501,Aqua,MODIS,48,6.2,310.4,16.5,D,0
-12.5309,131.1873,403.5,1,1,2014-08-23,0501,Aqua,MODIS,100,6.2,315.7,269.1,D,0
-12.4199,131.1296,333.5,1,1,2014-08-23,0501,Aqua,MODIS,81,6.2,313.5,20,D,0
-12.1778,133.5725,330.6,1.3,1.1,2014-08-23,0501,Aqua,MODIS,59,6.2,315.1,15.1,D,0
-12.7311,132.5036,328.7,1.1,1,2014-08-23,0501,Aqua,MODIS,47,6.2,313,12.7,D,0
-12.2342,134.1976,324.8,1.4,1.2,2014-08-23,0501,Aqua,MODIS,41,6.2,310,16.7,D,0
-12.187,134.3613,325.6,1.4,1.2,2014-08-23,0501,Aqua,MODIS,56,6.2,310.4,19.2,D,0
-12.7047,132.126,338,1.1,1,2014-08-23,0501,Aqua,MODIS,83,6.2,314,26.5,D,0
-12.5034,133.8435,326.2,1.3,1.1,2014-08-23,0501,Aqua,MODIS,25,6.2,310.9,15.8,D,0
-12.5756,131.4515,360.4,1,1,2014-08-23,0501,Aqua,MODIS,100,6.2,316.5,74.8,D,0
-12.1843,134.6835,364.4,1.5,1.2,2014-08-23,0501,Aqua,MODIS,100,6.2,312.5,159.6,D,0
-12.376,131.4948,363.4,1,1,2014-08-23,0501,Aqua,MODIS,100,6.2,318.9,87.4,D,0
-12.4216,133.774,338,1.3,1.1,2014-08-23,0501,Aqua,MODIS,56,6.2,311.2,39.3,D,0
-12.446,131.0769,328.9,1,1,2014-08-23,0501,Aqua,MODIS,75,6.2,310.4,15.2,D,0
-12.4601,133.2026,352,1.2,1.1,2014-08-23,0501,Aqua,MODIS,95,6.2,316.9,64.5,D,0
-12.3616,133.9073,343.4,1.3,1.1,2014-08-23,0501,Aqua,MODIS,89,6.2,311.3,55.5,D,0
-12.4027,134.1603,343.9,1.4,1.2,2014-08-23,0501,Aqua,MODIS,90,6.2,313.9,54.7,D,0
-12.3903,134.1712,328.6,1.4,1.2,2014-08-23,0501,Aqua,MODIS,22,6.2,317,15.6,D,0
-12.0124,134.0966,327.3,1.4,1.2,2014-08-23,0501,Aqua,MODIS,57,6.2,310.1,18.4,D,0
-12.5399,131.1887,411.9,1,1,2014-08-23,0501,Aqua,MODIS,100,6.2,328.7,326.2,D,0
-12.161,133.4799,328.6,1.3,1.1,2014-08-23,0501,Aqua,MODIS,20,6.2,314.1,14.5,D,0
-12.4452,133.234,337.9,1.2,1.1,2014-08-23,0501,Aqua,MODIS,84,6.2,317.4,31.7,D,0
-12.2757,134.8902,319.2,1.6,1.2,2014-08-23,0501,Aqua,MODIS,17,6.2,304.8,15.8,D,0
-12.405,133.9446,322.6,1.3,1.1,2014-08-23,0501,Aqua,MODIS,51,6.2,310.4,10.4,D,0
-12.4447,131.0861,323.6,1,1,2014-08-23,0501,Aqua,MODIS,65,6.2,309.9,8.2,D,0
-12.577,131.4422,354,1,1,2014-08-23,0501,Aqua,MODIS,96,6.2,315,59.4,D,0
-11.7639,133.2054,329.8,1.2,1.1,2014-08-23,0501,Aqua,MODIS,59,6.2,314.7,17,D,0
-12.4534,131.0836,332.5,1,1,2014-08-23,0501,Aqua,MODIS,78,6.2,309.4,18.5,D,0
-12.4186,131.1388,327.7,1,1,2014-08-23,0501,Aqua,MODIS,73,6.2,312.7,11.9,D,0
-12.4618,133.1916,334.2,1.2,1.1,2014-08-23,0501,Aqua,MODIS,80,6.2,318.2,21.6,D,0
-12.0144,134.084,334.7,1.4,1.2,2014-08-23,0501,Aqua,MODIS,79,6.2,311.2,33.3,D,0
-12.549,131.1901,406.6,1,1,2014-08-23,0501,Aqua,MODIS,100,6.2,325.7,284.9,D,0
-12.429,131.131,358.4,1,1,2014-08-23,0501,Aqua,MODIS,99,6.2,313.6,68.9,D,0
-12.4276,131.1402,349.9,1,1,2014-08-23,0501,Aqua,MODIS,94,6.2,311.9,48.4,D,0
-12.4108,133.7913,323.3,1.3,1.1,2014-08-23,0501,Aqua,MODIS,58,6.2,307.7,15.1,D,0
-12.4069,133.9324,333.6,1.3,1.1,2014-08-23,0501,Aqua,MODIS,80,6.2,312.6,30.4,D,0
-12.3747,131.5043,350.6,1,1,2014-08-23,0501,Aqua,MODIS,94,6.2,314.1,54.4,D,0
-12.4952,133.8295,338,1.3,1.1,2014-08-23,0501,Aqua,MODIS,59,6.2,313.4,35.8,D,0
-12.1126,133.1328,330.4,1.2,1.1,2014-08-23,0501,Aqua,MODIS,56,6.2,314.5,16,D,0
-12.1297,134.4462,324.5,1.5,1.2,2014-08-23,0501,Aqua,MODIS,58,6.2,309,20.7,D,0
-12.4469,133.223,347.9,1.2,1.1,2014-08-23,0501,Aqua,MODIS,92,6.2,315.4,53.8,D,0
-12.1798,134.711,334.9,1.5,1.2,2014-08-23,0501,Aqua,MODIS,81,6.2,312.1,40.7,D,0
-12.0442,134.1668,325.7,1.4,1.2,2014-08-23,0501,Aqua,MODIS,38,6.2,308.5,16.2,D,0
-12.437,131.0755,341,1,1,2014-08-23,0501,Aqua,MODIS,88,6.2,312,32.5,D,0
-12.1907,134.7128,389.1,1.5,1.2,2014-08-23,0501,Aqua,MODIS,100,6.2,316.2,334.5,D,0
-12.471,131.1525,319.6,1,1,2014-08-23,0501,Aqua,MODIS,32,6.2,308.1,6.5,D,0
-12.3517,133.5705,327.3,1.3,1.1,2014-08-23,0501,Aqua,MODIS,52,6.2,314.6,16.2,D,0
-12.1929,134.699,409.9,1.5,1.2,2014-08-23,0501,Aqua,MODIS,100,6.2,315.9,560.6,D,0
-12.1794,134.6898,329.9,1.5,1.2,2014-08-23,0501,Aqua,MODIS,52,6.2,314.9,27.6,D,0
-12.4126,133.7794,321.1,1.3,1.1,2014-08-23,0501,Aqua,MODIS,11,6.2,307,11.1,D,0
-12.1583,133.1683,330.4,1.2,1.1,2014-08-23,0501,Aqua,MODIS,29,6.2,316.8,12.1,D,0
-12.0756,134.1722,366,1.4,1.2,2014-08-23,0501,Aqua,MODIS,100,6.2,307.5,163,D,3
-12.1951,134.6853,328.8,1.5,1.2,2014-08-23,0501,Aqua,MODIS,67,6.2,302,32.4,D,0
-12.3719,133.9087,332.3,1.3,1.1,2014-08-23,0501,Aqua,MODIS,78,6.2,311.4,28.4,D,0
-12.5838,131.4489,340.7,1,1,2014-08-23,0501,Aqua,MODIS,87,6.2,315.3,30.4,D,0
-12.37,133.921,323.8,1.3,1.1,2014-08-23,0501,Aqua,MODIS,51,6.2,309.7,12.7,D,0
-12.3923,134.1586,365.9,1.4,1.2,2014-08-23,0501,Aqua,MODIS,100,6.2,318.3,140,D,0
-12.4888,133.8095,336.1,1.3,1.1,2014-08-23,0501,Aqua,MODIS,50,6.2,312.7,31.2,D,0
-12.0668,133.5659,332.9,1.3,1.1,2014-08-23,0501,Aqua,MODIS,67,6.2,317,19.9,D,0
-12.0729,134.1653,381.6,1.4,1.2,2014-08-23,0501,Aqua,MODIS,0,6.2,314,243.7,D,0
-12.4971,133.8176,336.4,1.3,1.1,2014-08-23,0501,Aqua,MODIS,59,6.2,312,32.8,D,0
-12.0776,134.1594,336,1.4,1.2,2014-08-23,0501,Aqua,MODIS,61,6.2,306.4,42.5,D,0
-12.3178,134.6274,323.8,1.5,1.2,2014-08-23,0501,Aqua,MODIS,56,6.2,308.1,18.6,D,0
-12.4954,133.8348,331.9,1.3,1.1,2014-08-23,0501,Aqua,MODIS,66,6.2,313.7,24,D,0
-12.5476,131.1993,344,1,1,2014-08-23,0501,Aqua,MODIS,73,6.2,309.9,37.4,D,0
-12.4972,133.8228,331.9,1.3,1.1,2014-08-23,0501,Aqua,MODIS,53,6.2,311.8,22.9,D,0
-12.3022,134.151,332.8,1.4,1.2,2014-08-23,0501,Aqua,MODIS,79,6.2,313.3,31.1,D,0
-12.5413,131.1794,452.1,1,1,2014-08-23,0501,Aqua,MODIS,100,6.2,340,739.3,D,0
-12.3702,133.2488,336,1.2,1.1,2014-08-23,0501,Aqua,MODIS,79,6.2,316.5,27.2,D,0
-12.5386,131.1979,327.5,1,1,2014-08-23,0501,Aqua,MODIS,48,6.2,308.4,15.4,D,0
-12.7877,130.3593,321.6,1,1,2014-08-23,0501,Aqua,MODIS,0,6.2,305.1,7.3,D,0
-12.803,130.3804,357,1,1,2014-08-23,0501,Aqua,MODIS,98,6.2,307.4,65.3,D,0
-11.387,130.3186,359,1,1,2014-08-23,0501,Aqua,MODIS,99,6.2,313.3,68.9,D,0
-11.4053,130.6382,317.9,1,1,2014-08-23,0501,Aqua,MODIS,18,6.2,307.3,6.1,D,0
-11.5347,130.3092,344.8,1,1,2014-08-23,0501,Aqua,MODIS,91,6.2,311.5,37.4,D,0
-11.5334,130.3184,344,1,1,2014-08-23,0501,Aqua,MODIS,91,6.2,310.4,36.6,D,0
-11.3767,130.3264,351.6,1,1,2014-08-23,0501,Aqua,MODIS,96,6.2,312.5,51.9,D,0
-21.8906,119.4284,328.1,4.7,2,2014-08-23,0636,Aqua,MODIS,73,6.2,305.3,150.6,D,0
-21.8994,119.3922,328.5,4.7,2,2014-08-23,0636,Aqua,MODIS,75,6.2,302.6,157.9,D,0
-21.9268,119.3522,325.1,4.6,2,2014-08-23,0636,Aqua,MODIS,67,6.2,304,116.4,D,0
-21.917,119.3965,337.4,4.7,2,2014-08-23,0636,Aqua,MODIS,85,6.2,304.4,263.3,D,0
-21.9178,119.3882,344.8,4.7,2,2014-08-23,0636,Aqua,MODIS,91,6.2,304.4,380.2,D,0
-21.8895,119.4368,323.7,4.7,2,2014-08-23,0636,Aqua,MODIS,61,6.2,305.8,105.3,D,0
-21.3468,116.3201,332.9,2.9,1.6,2014-08-23,0637,Aqua,MODIS,81,6.2,308.5,96.9,D,0
-21.3475,116.3152,330.2,2.9,1.6,2014-08-23,0637,Aqua,MODIS,78,6.2,308.5,80,D,0
-21.3323,116.3167,325.8,2.9,1.6,2014-08-23,0637,Aqua,MODIS,71,6.2,308.4,56.9,D,0
-21.2786,116.3569,327.1,2.9,1.6,2014-08-23,0637,Aqua,MODIS,59,6.2,309.8,57.2,D,0
-21.264,116.3537,347.8,2.9,1.6,2014-08-23,0637,Aqua,MODIS,93,6.2,310.1,212.3,D,0
-21.258,116.3736,325.8,3,1.6,2014-08-23,0637,Aqua,MODIS,29,6.2,308.7,50.4,D,0
-21.2634,116.3458,336.6,2.9,1.6,2014-08-23,0637,Aqua,MODIS,85,6.2,309.8,117.8,D,0
-21.333,116.3118,326.6,2.9,1.6,2014-08-23,0637,Aqua,MODIS,73,6.2,308.6,57.8,D,0
-23.9375,151.1557,313.2,1,1,2014-08-23,1244,Terra,MODIS,86,6.2,286.8,14.2,N,0
-23.939,151.1456,312.9,1,1,2014-08-23,1244,Terra,MODIS,86,6.2,286.5,14,N,0
-24.8677,148.5964,304.4,1.1,1,2014-08-23,1244,Terra,MODIS,60,6.2,284.6,9,N,0
-24.8663,148.6069,306.2,1.1,1,2014-08-23,1244,Terra,MODIS,67,6.2,284.9,10.1,N,0
-24.877,148.5978,300.9,1.1,1,2014-08-23,1244,Terra,MODIS,17,6.2,284.2,6.7,N,0
-24.0076,147.7164,303.3,1.1,1.1,2014-08-23,1244,Terra,MODIS,54,6.2,287.1,7.4,N,0
-24.0089,147.7054,327.7,1.1,1.1,2014-08-23,1244,Terra,MODIS,100,6.2,289.1,32.8,N,0
-24.0046,147.7102,324.4,1.1,1.1,2014-08-23,1244,Terra,MODIS,100,6.2,289,29.2,N,0
-24.006,147.6992,320.8,1.1,1.1,2014-08-23,1244,Terra,MODIS,100,6.2,288.9,24.7,N,0
-21.4564,148.3798,304.5,1,1,2014-08-23,1245,Terra,MODIS,60,6.2,285.1,8.5,N,0
-17.3628,138.7245,300.3,3.8,1.8,2014-08-23,1246,Terra,MODIS,24,6.2,289.7,30.8,N,0
-17.3687,138.7303,303.3,3.8,1.8,2014-08-23,1246,Terra,MODIS,55,6.2,289.9,42.2,N,0
-13.5132,141.7809,300.8,2,1.4,2014-08-23,1247,Terra,MODIS,33,6.2,289.8,8.6,N,0
-14.6315,144.4955,305.3,1.3,1.1,2014-08-23,1247,Terra,MODIS,64,6.2,285.7,9.9,N,0
-15.0197,141.8976,306.7,2,1.4,2014-08-23,1247,Terra,MODIS,69,6.2,289,23.2,N,0
-15.0211,141.9033,305.2,2,1.4,2014-08-23,1247,Terra,MODIS,55,6.2,289.6,18.6,N,0
-21.8765,119.4112,318.5,1.7,1.3,2014-08-23,1424,Terra,MODIS,97,6.2,286.2,39.5,N,0
-19.0086,122.0544,303.7,1.1,1.1,2014-08-23,1424,Terra,MODIS,57,6.2,286.5,9.1,N,0
-19.01,122.0438,303.8,1.1,1.1,2014-08-23,1424,Terra,MODIS,57,6.2,287.4,8.9,N,0
-19.0306,121.9603,315.3,1.1,1.1,2014-08-23,1424,Terra,MODIS,91,6.2,288.5,18.3,N,0
-19.0321,121.9496,310.6,1.1,1.1,2014-08-23,1424,Terra,MODIS,80,6.2,287.4,14,N,0
-18.8183,133.9612,301.2,3.7,1.8,2014-08-23,1424,Terra,MODIS,39,6.2,288.7,35.4,N,0
-17.9455,123.6566,300.6,1,1,2014-08-23,1425,Terra,MODIS,30,6.2,288,5.3,N,0
-17.3888,123.8873,300.4,1,1,2014-08-23,1425,Terra,MODIS,18,6.2,288.3,5.1,N,0
-15.1731,126.008,306.1,1.2,1.1,2014-08-23,1425,Terra,MODIS,67,6.2,289.9,10.2,N,0
-15.17,126.0129,300.4,1.2,1.1,2014-08-23,1425,Terra,MODIS,27,6.2,289.9,6.6,N,0
-15.2094,125.9028,300.3,1.2,1.1,2014-08-23,1425,Terra,MODIS,24,6.2,287.9,6.2,N,0
-15.8932,128.8983,308.3,1.8,1.3,2014-08-23,1425,Terra,MODIS,12,6.2,294.3,16.3,N,0
-17.719,122.5702,314.1,1,1,2014-08-23,1425,Terra,MODIS,89,6.2,290.2,15.6,N,0
-17.7098,122.5688,355.2,1,1,2014-08-23,1425,Terra,MODIS,100,6.2,293,81.6,N,0
-17.7111,122.559,313.1,1,1,2014-08-23,1425,Terra,MODIS,86,6.2,290.4,14,N,0
-17.7006,122.5675,318.1,1,1,2014-08-23,1425,Terra,MODIS,96,6.2,286.7,19,N,0
-17.7019,122.5577,369.8,1,1,2014-08-23,1425,Terra,MODIS,100,6.2,296.9,124.9,N,0
-17.7032,122.5478,318,1,1,2014-08-23,1425,Terra,MODIS,96,6.2,293.1,18.1,N,0
-17.6942,122.5606,328.5,1,1,2014-08-23,1425,Terra,MODIS,100,6.2,287.2,30.8,N,0
-17.6955,122.5508,359.1,1,1,2014-08-23,1425,Terra,MODIS,100,6.2,297.2,91,N,0
-17.6969,122.541,324.8,1,1,2014-08-23,1425,Terra,MODIS,100,6.2,294,25.4,N,0
-17.6877,122.5396,312.2,1,1,2014-08-23,1425,Terra,MODIS,78,6.2,290.3,13,N,0
-17.689,122.5298,315.2,1,1,2014-08-23,1425,Terra,MODIS,79,6.2,292.5,15.3,N,0
-17.6812,122.5186,313.6,1,1,2014-08-23,1425,Terra,MODIS,86,6.2,290.8,13.6,N,0
-14.1185,130.3848,302.1,2.5,1.5,2014-08-23,1425,Terra,MODIS,46,6.2,289.2,21.7,N,0
-17.6733,122.5074,317.8,1,1,2014-08-23,1425,Terra,MODIS,59,6.2,291.7,16.8,N,0
-17.6628,122.5159,312.6,1,1,2014-08-23,1425,Terra,MODIS,30,6.2,287.6,12.6,N,0
-17.6641,122.506,330.9,1,1,2014-08-23,1425,Terra,MODIS,100,6.2,291.3,32.1,N,0
-15.9136,128.9198,313.5,1.8,1.3,2014-08-23,1425,Terra,MODIS,63,6.2,292.1,26,N,0
-17.7177,122.58,318.3,1,1,2014-08-23,1425,Terra,MODIS,97,6.2,287.4,19.7,N,0
-17.7268,122.5814,321.1,1,1,2014-08-23,1425,Terra,MODIS,100,6.2,286.8,22.6,N,0
-17.7582,122.6262,337,1,1,2014-08-23,1425,Terra,MODIS,100,6.2,288.3,43.1,N,0
-17.7569,122.636,302,1,1,2014-08-23,1425,Terra,MODIS,10,6.2,284,6.8,N,0
-17.7661,122.6374,303.4,1,1,2014-08-23,1425,Terra,MODIS,34,6.2,284.4,7.8,N,0
-15.902,128.917,308.7,1.8,1.3,2014-08-23,1425,Terra,MODIS,26,6.2,292.9,17.9,N,0
-15.9073,128.9114,313.2,1.8,1.3,2014-08-23,1425,Terra,MODIS,59,6.2,292.7,25.6,N,0
-17.777,122.4885,320.4,1.1,1,2014-08-23,1425,Terra,MODIS,100,6.2,287.9,21.9,N,0
-17.5424,122.9273,301.7,1,1,2014-08-23,1425,Terra,MODIS,44,6.2,287.4,6.5,N,0
-16.4314,123.8946,312.7,1,1,2014-08-23,1425,Terra,MODIS,34,6.2,293.6,10.5,N,0
-17.6633,122.7848,302.8,1,1,2014-08-23,1425,Terra,MODIS,52,6.2,286.3,7.8,N,0
-17.6635,122.7155,312.7,1,1,2014-08-23,1425,Terra,MODIS,85,6.2,285.1,14.3,N,0
-17.6845,122.8235,307.3,1,1,2014-08-23,1425,Terra,MODIS,47,6.2,286.9,9.1,N,0
-17.6937,122.8249,307.9,1,1,2014-08-23,1425,Terra,MODIS,41,6.2,286.6,9.4,N,0
-16.4454,123.9254,311.2,1,1,2014-08-23,1425,Terra,MODIS,78,6.2,291.5,9.8,N,0
-16.4467,123.9161,308.7,1,1,2014-08-23,1425,Terra,MODIS,51,6.2,291.4,7.9,N,0
-16.4391,123.9053,306.5,1,1,2014-08-23,1425,Terra,MODIS,30,6.2,292.9,6.5,N,0
-17.6562,122.4948,304.5,1,1,2014-08-23,1425,Terra,MODIS,30,6.2,287.1,7.7,N,0
-17.6654,122.4962,332.7,1,1,2014-08-23,1425,Terra,MODIS,100,6.2,293,35.5,N,0
-17.5007,122.96,301.6,1,1,2014-08-23,1425,Terra,MODIS,23,6.2,284.8,6.5,N,0
-12.9616,132.3589,303.3,3.7,1.8,2014-08-23,1426,Terra,MODIS,20,6.2,288.9,38.7,N,0
-12.968,132.3254,307.3,3.7,1.8,2014-08-23,1426,Terra,MODIS,54,6.2,289.3,54.6,N,0
-12.9545,132.352,308.7,3.7,1.8,2014-08-23,1426,Terra,MODIS,75,6.2,289.5,66.3,N,0
-12.9607,132.3185,302.6,3.7,1.8,2014-08-23,1426,Terra,MODIS,50,6.2,288.9,40.3,N,0
-11.8913,142.179,301.2,1.1,1.1,2014-08-23,1550,Aqua,MODIS,39,6.2,289.9,4.2,N,0
-12.3248,135.4236,306.1,3.4,1.7,2014-08-23,1551,Aqua,MODIS,67,6.2,290.4,45.4,N,0
-15.3419,144.8063,301.7,1,1,2014-08-23,1551,Aqua,MODIS,43,6.2,290.6,4.5,N,0
-12.339,135.4453,307.9,3.4,1.7,2014-08-23,1551,Aqua,MODIS,61,6.2,290.1,49,N,0
-14.8357,144.9411,300.9,1,1,2014-08-23,1551,Aqua,MODIS,35,6.2,289.9,4.5,N,0
-14.5393,144.5343,301.5,1,1,2014-08-23,1551,Aqua,MODIS,42,6.2,290.6,4,N,0
-14.6278,144.5144,308.4,1,1,2014-08-23,1551,Aqua,MODIS,14,6.2,290.6,7,N,0
-12.3332,135.4143,305.2,3.4,1.7,2014-08-23,1551,Aqua,MODIS,38,6.2,289.6,39.7,N,0
-14.6251,144.4957,307.3,1,1,2014-08-23,1551,Aqua,MODIS,9,6.2,290.7,6.4,N,0
-14.547,143.3969,302.6,1,1,2014-08-23,1551,Aqua,MODIS,50,6.2,289.7,4.9,N,0
-15.449,141.6907,300.6,1.1,1.1,2014-08-23,1551,Aqua,MODIS,30,6.2,290.2,5.4,N,0
-14.5574,143.4048,301.3,1,1,2014-08-23,1551,Aqua,MODIS,13,6.2,289.4,3.8,N,0
-12.3458,135.4516,300.4,3.4,1.7,2014-08-23,1551,Aqua,MODIS,26,6.2,289.8,25.7,N,0
-18.8226,133.9583,303.6,3.2,1.7,2014-08-23,1552,Aqua,MODIS,47,6.2,288.6,34,N,0
-18.8204,133.9537,302.7,3.2,1.7,2014-08-23,1552,Aqua,MODIS,51,6.2,288.8,34.1,N,0
-17.852,138.5665,307.1,1.6,1.2,2014-08-23,1552,Aqua,MODIS,70,6.2,288.9,17.9,N,0
-16.099,135.7791,303.2,2.7,1.6,2014-08-23,1552,Aqua,MODIS,54,6.2,290.1,25.6,N,0
-16.0967,135.7869,302.6,2.7,1.6,2014-08-23,1552,Aqua,MODIS,50,6.2,289.9,24.1,N,0
-20.7328,139.4748,301.4,1.2,1.1,2014-08-23,1553,Aqua,MODIS,41,6.2,288.9,7.4,N,2
-17.6794,122.7797,305.3,1.5,1.2,2014-08-23,1730,Aqua,MODIS,50,6.2,284.2,14,N,0
-17.686,122.8352,302.4,1.5,1.2,2014-08-23,1730,Aqua,MODIS,36,6.2,284.5,12.4,N,0
-17.6824,122.8283,301.3,1.5,1.2,2014-08-23,1730,Aqua,MODIS,40,6.2,284.8,11.9,N,0
-19.0234,121.9532,302.6,1.4,1.2,2014-08-23,1731,Aqua,MODIS,50,6.2,285.2,11.6,N,0
-19.0251,121.966,304.6,1.4,1.2,2014-08-23,1731,Aqua,MODIS,61,6.2,285.1,13.5,N,0
-19.0475,121.6752,306.5,1.3,1.1,2014-08-23,1731,Aqua,MODIS,68,6.2,286.9,14.3,N,0
-20.8662,119.6164,301.8,1.1,1,2014-08-23,1731,Aqua,MODIS,44,6.2,286.7,6.8,N,0
-21.2869,116.3679,302,1,1,2014-08-23,1732,Aqua,MODIS,46,6.2,288.9,6.5,N,0
-21.2955,116.3709,313.9,1,1,2014-08-23,1732,Aqua,MODIS,88,6.2,289.8,15,N,0
-21.3168,116.3261,304.4,1,1,2014-08-23,1732,Aqua,MODIS,60,6.2,287.8,8.1,N,0
-21.3183,116.3361,315.3,1,1,2014-08-23,1732,Aqua,MODIS,91,6.2,288.8,16.4,N,0
-21.9056,119.4213,307.8,1.1,1,2014-08-23,1732,Aqua,MODIS,73,6.2,285.1,11.9,N,0
-21.8654,119.4062,323.6,1.1,1,2014-08-23,1732,Aqua,MODIS,100,6.2,286,26.7,N,0
-21.864,119.3958,337.5,1.1,1,2014-08-23,1732,Aqua,MODIS,100,6.2,286.5,46.5,N,0
-21.8668,119.4166,309.1,1.1,1,2014-08-23,1732,Aqua,MODIS,77,6.2,284.2,12.7,N,0
-21.8682,119.427,313.1,1.1,1,2014-08-23,1732,Aqua,MODIS,86,6.2,284.3,15.9,N,0
-21.9042,119.4109,331.3,1.1,1,2014-08-23,1732,Aqua,MODIS,100,6.2,287,37.1,N,0
-24.3064,151.482,306.2,2.3,1.5,2014-08-23,2340,Terra,MODIS,46,6.2,292.4,16.2,D,0
-26.5258,149.6142,302.3,2.7,1.6,2014-08-23,2341,Terra,MODIS,45,6.2,289.4,12.6,D,0
-24.883,148.5789,313.5,3.5,1.8,2014-08-23,2341,Terra,MODIS,74,6.2,290.4,65.6,D,0
-24.8904,148.6129,307.4,3.5,1.8,2014-08-23,2341,Terra,MODIS,59,6.2,291.3,38,D,0
-12.2279,142.2874,320.9,1.9,1.3,2014-08-24,0115,Terra,MODIS,58,6.2,295.4,22,D,0
-12.1728,142.2841,318.5,1.9,1.3,2014-08-24,0115,Terra,MODIS,35,6.2,296.5,17.8,D,0
-12.2184,142.2608,334,1.8,1.3,2014-08-24,0115,Terra,MODIS,86,6.2,295.9,59.5,D,0
-12.2258,142.2706,322.1,1.9,1.3,2014-08-24,0115,Terra,MODIS,65,6.2,295.8,25.5,D,0
-12.2206,142.2778,332.2,1.9,1.3,2014-08-24,0115,Terra,MODIS,84,6.2,296,54.8,D,0
-12.2228,142.2946,322,1.9,1.3,2014-08-24,0115,Terra,MODIS,74,6.2,294.9,26.2,D,0
-12.2065,142.2624,322.1,1.8,1.3,2014-08-24,0115,Terra,MODIS,61,6.2,294.9,24.2,D,0
-14.599,144.4853,316.7,3,1.6,2014-08-24,0116,Terra,MODIS,61,6.2,292.3,43.5,D,0
-12.5024,133.8352,331.1,1.2,1.1,2014-08-24,0116,Terra,MODIS,80,6.2,304.1,27.3,D,0
-12.502,133.8416,332,1.2,1.1,2014-08-24,0116,Terra,MODIS,81,6.2,304,28.5,D,0
-12.3604,135.4443,327.8,1,1,2014-08-24,0116,Terra,MODIS,76,6.2,305.8,15.1,D,0
-12.604,136.2052,329.2,1,1,2014-08-24,0116,Terra,MODIS,78,6.2,302.9,17.5,D,0
-12.9389,135.1928,324,1.1,1,2014-08-24,0116,Terra,MODIS,63,6.2,307.6,10.3,D,0
-12.0691,134.0209,330.5,1.2,1.1,2014-08-24,0116,Terra,MODIS,72,6.2,307.6,20.4,D,0
-12.6311,135.8357,323,1,1,2014-08-24,0116,Terra,MODIS,22,6.2,308.4,9.2,D,0
-12.3956,133.9436,317.4,1.2,1.1,2014-08-24,0116,Terra,MODIS,40,6.2,303.7,7.1,D,0
-12.5003,133.8307,322.4,1.2,1.1,2014-08-24,0116,Terra,MODIS,45,6.2,303.6,12,D,0
-12.5684,135.4774,323.7,1,1,2014-08-24,0116,Terra,MODIS,53,6.2,308,9.4,D,0
-12.2507,133.3566,326.3,1.3,1.1,2014-08-24,0116,Terra,MODIS,73,6.2,306.3,19.2,D,0
-12.5593,135.4789,326.6,1,1,2014-08-24,0116,Terra,MODIS,62,6.2,304.9,11.5,D,0
-12.643,135.8529,321.6,1,1,2014-08-24,0116,Terra,MODIS,41,6.2,305.5,7.4,D,0
-14.8707,142.3094,325.2,2,1.4,2014-08-24,0116,Terra,MODIS,77,6.2,299.8,44.5,D,0
-15.0236,141.8725,322.8,1.9,1.3,2014-08-24,0116,Terra,MODIS,74,6.2,303.8,19.2,D,0
-15.0158,141.8679,337.7,1.9,1.3,2014-08-24,0116,Terra,MODIS,88,6.2,304.5,69.2,D,0
-12.3806,136.6222,325.3,1,1,2014-08-24,0116,Terra,MODIS,63,6.2,303.4,12.7,D,0
-15.0115,141.874,342.7,1.9,1.3,2014-08-24,0116,Terra,MODIS,91,6.2,305.6,89.8,D,0
-12.1738,133.575,322.7,1.3,1.1,2014-08-24,0116,Terra,MODIS,56,6.2,308.2,10.7,D,0
-12.7967,135.1127,347.4,1.1,1,2014-08-24,0116,Terra,MODIS,93,6.2,307.3,47.6,D,0
-13.7574,133.3574,328.7,1.2,1.1,2014-08-24,0116,Terra,MODIS,76,6.2,308,21.5,D,0
-13.052,134.8535,326.7,1.1,1,2014-08-24,0116,Terra,MODIS,75,6.2,307.5,14.6,D,0
-12.4556,133.2241,327.5,1.3,1.1,2014-08-24,0116,Terra,MODIS,76,6.2,306.4,21.5,D,0
-12.5386,135.5884,357.4,1,1,2014-08-24,0116,Terra,MODIS,98,6.2,308.8,71.1,D,0
-13.285,135.4038,328.9,1,1,2014-08-24,0116,Terra,MODIS,77,6.2,303.8,18.9,D,0
-12.344,135.3981,334.1,1,1,2014-08-24,0116,Terra,MODIS,83,6.2,302.8,25.9,D,0
-12.1756,133.5865,326.5,1.3,1.1,2014-08-24,0116,Terra,MODIS,73,6.2,306.1,16.6,D,0
-12.8344,142.8959,314.8,2.1,1.4,2014-08-24,0116,Terra,MODIS,49,6.2,292.8,20.5,D,0
-12.4712,131.1465,323,1.9,1.3,2014-08-24,0116,Terra,MODIS,71,6.2,300.8,32.7,D,0
-12.3407,135.4377,329,1,1,2014-08-24,0116,Terra,MODIS,78,6.2,305.8,17.1,D,0
-12.613,136.2038,318.4,1,1,2014-08-24,0116,Terra,MODIS,29,6.2,303.8,6.3,D,0
-12.7967,135.3452,323.6,1,1,2014-08-24,0116,Terra,MODIS,42,6.2,305.8,9,D,0
-12.4117,133.0169,318.1,1.4,1.2,2014-08-24,0116,Terra,MODIS,33,6.2,304.4,10.2,D,0
-13.2744,135.3957,341.8,1,1,2014-08-24,0116,Terra,MODIS,89,6.2,304.8,38.6,D,0
-12.8217,142.8972,326,2.1,1.4,2014-08-24,0116,Terra,MODIS,79,6.2,294.1,53.6,D,0
-12.6768,135.6473,323.3,1,1,2014-08-24,0116,Terra,MODIS,64,6.2,305.9,8.7,D,0
-14.8443,144.9341,314.8,3.2,1.7,2014-08-24,0116,Terra,MODIS,60,6.2,292.1,47.9,D,0
-12.3494,133.9056,325.3,1.2,1.1,2014-08-24,0116,Terra,MODIS,72,6.2,304.2,19.1,D,0
-14.8324,144.9411,311.9,3.2,1.7,2014-08-24,0116,Terra,MODIS,21,6.2,291.7,29.5,D,0
-14.7646,142.2909,336.7,2,1.4,2014-08-24,0116,Terra,MODIS,87,6.2,300.4,76.6,D,0
-12.5488,142.1774,320,1.8,1.3,2014-08-24,0116,Terra,MODIS,65,6.2,297.4,21.4,D,0
-12.4521,133.7807,316.7,1.2,1.1,2014-08-24,0116,Terra,MODIS,34,6.2,301.8,7.8,D,0
-12.5372,134.3218,325.9,1.1,1.1,2014-08-24,0116,Terra,MODIS,73,6.2,306.9,13.4,D,0
-12.359,135.4348,360.2,1,1,2014-08-24,0116,Terra,MODIS,100,6.2,307.6,80.4,D,0
-13.2759,135.4052,331.2,1,1,2014-08-24,0116,Terra,MODIS,80,6.2,304.8,21.8,D,0
-12.382,136.6313,331.2,1,1,2014-08-24,0116,Terra,MODIS,81,6.2,305.3,20.1,D,0
-13.7755,133.3427,323.2,1.3,1.1,2014-08-24,0116,Terra,MODIS,66,6.2,307.4,14.1,D,0
-14.8722,142.3034,321.8,2,1.4,2014-08-24,0116,Terra,MODIS,72,6.2,299.3,33.8,D,0
-13.2836,135.3943,337.8,1,1,2014-08-24,0116,Terra,MODIS,86,6.2,302.9,31.7,D,0
-12.9266,131.2576,320.8,1.8,1.3,2014-08-24,0116,Terra,MODIS,55,6.2,307.4,18.9,D,0
-13.1225,134.404,320.6,1.1,1.1,2014-08-24,0116,Terra,MODIS,46,6.2,306.4,8.3,D,0
-14.6315,144.503,320.8,3,1.6,2014-08-24,0116,Terra,MODIS,32,6.2,293.6,56.8,D,0
-12.6924,135.8739,326.7,1,1,2014-08-24,0116,Terra,MODIS,74,6.2,304.1,14.3,D,0
-13.1229,135.1909,324.8,1,1,2014-08-24,0116,Terra,MODIS,57,6.2,307.9,9.6,D,0
-14.7794,142.3081,322,2,1.4,2014-08-24,0116,Terra,MODIS,65,6.2,304.9,28.4,D,0
-14.6463,144.5014,322.1,3,1.6,2014-08-24,0116,Terra,MODIS,73,6.2,293.7,66.8,D,0
-14.8744,142.3223,315.1,2,1.4,2014-08-24,0116,Terra,MODIS,44,6.2,299.9,15.1,D,0
-12.6297,135.8264,334.1,1,1,2014-08-24,0116,Terra,MODIS,83,6.2,307,24,D,0
-12.2937,136.595,328.2,1,1,2014-08-24,0116,Terra,MODIS,64,6.2,304.2,15.2,D,0
-12.3498,135.4362,321.5,1,1,2014-08-24,0116,Terra,MODIS,65,6.2,307.4,8.7,D,0
-12.7328,134.3319,325.5,1.1,1.1,2014-08-24,0116,Terra,MODIS,73,6.2,306.2,16,D,0
-12.0345,134.1826,319.3,1.2,1.1,2014-08-24,0116,Terra,MODIS,0,6.2,303,4.7,D,0
-12.3575,135.4253,325.5,1,1,2014-08-24,0116,Terra,MODIS,57,6.2,304.8,12.3,D,0
-12.3476,133.8947,320.1,1.2,1.1,2014-08-24,0116,Terra,MODIS,60,6.2,302.3,12,D,0
-12.4355,135.4554,338.2,1,1,2014-08-24,0116,Terra,MODIS,87,6.2,308.1,28.2,D,0
-12.7952,135.3357,347.2,1,1,2014-08-24,0116,Terra,MODIS,93,6.2,308.3,46.1,D,0
-12.0663,134.3847,324.2,1.2,1.1,2014-08-24,0116,Terra,MODIS,65,6.2,303.7,14.9,D,0
-12.434,135.4459,334.5,1,1,2014-08-24,0116,Terra,MODIS,83,6.2,305.5,22.4,D,0
-12.3392,135.4281,366.8,1,1,2014-08-24,0116,Terra,MODIS,100,6.2,308.9,100.7,D,0
-14.7771,142.2894,323,2,1.4,2014-08-24,0116,Terra,MODIS,67,6.2,303.9,31.5,D,0
-12.5372,135.579,325.9,1,1,2014-08-24,0116,Terra,MODIS,71,6.2,305.2,13.1,D,0
-12.0716,134.1656,320.3,1.2,1.1,2014-08-24,0116,Terra,MODIS,0,6.2,305.5,8.2,D,0
-12.3334,135.3899,339.4,1,1,2014-08-24,0116,Terra,MODIS,87,6.2,302.5,34.9,D,0
-12.068,134.3952,318.5,1.2,1.1,2014-08-24,0116,Terra,MODIS,42,6.2,303.9,8.5,D,0
-12.053,133.5891,320.4,1.3,1.1,2014-08-24,0116,Terra,MODIS,22,6.2,306.4,8.7,D,0
-12.5699,135.4869,323.3,1,1,2014-08-24,0116,Terra,MODIS,48,6.2,307.7,9.1,D,0
-12.3484,135.4267,330.5,1,1,2014-08-24,0116,Terra,MODIS,79,6.2,308,19.4,D,0
-12.3349,135.3995,345.5,1,1,2014-08-24,0116,Terra,MODIS,92,6.2,305.5,46.8,D,0
-14.3823,135.111,325.9,1,1,2014-08-24,0116,Terra,MODIS,73,6.2,306,12.1,D,0
-14.599,144.4798,319,3,1.6,2014-08-24,0116,Terra,MODIS,41,6.2,292.1,51.5,D,0
-12.4536,133.2118,338.2,1.3,1.1,2014-08-24,0116,Terra,MODIS,87,6.2,307.1,43.5,D,0
-12.6938,135.8831,369.7,1,1,2014-08-24,0116,Terra,MODIS,100,6.2,308.9,106.2,D,0
-12.3378,135.4186,326.3,1,1,2014-08-24,0116,Terra,MODIS,74,6.2,304.4,14.9,D,0
-12.1747,134.3617,323.9,1.2,1.1,2014-08-24,0116,Terra,MODIS,64,6.2,304.6,13.3,D,0
-12.4027,133.789,317.7,1.2,1.1,2014-08-24,0116,Terra,MODIS,40,6.2,302,9.3,D,0
-12.3363,135.409,324.6,1,1,2014-08-24,0116,Terra,MODIS,71,6.2,304.2,13.5,D,0
-12.0701,134.0148,325.2,1.2,1.1,2014-08-24,0116,Terra,MODIS,64,6.2,308.1,13,D,0
-12.7636,135.496,322,1,1,2014-08-24,0116,Terra,MODIS,50,6.2,305,7.8,D,0
-12.6952,135.8924,338.1,1,1,2014-08-24,0116,Terra,MODIS,86,6.2,306.1,29.3,D,0
-12.5042,133.8461,319.2,1.2,1.1,2014-08-24,0116,Terra,MODIS,50,6.2,302.9,10.4,D,0
-13.2591,135.4175,337.7,1,1,2014-08-24,0116,Terra,MODIS,86,6.2,303.7,31.1,D,0
-12.6026,136.196,347.7,1,1,2014-08-24,0116,Terra,MODIS,93,6.2,303.2,47.9,D,0
-15.0179,141.8855,331.1,1.9,1.3,2014-08-24,0116,Terra,MODIS,83,6.2,304.3,46.4,D,0
-14.7669,142.3096,335.9,2,1.4,2014-08-24,0116,Terra,MODIS,87,6.2,301.8,72.9,D,0
-13.7439,134.4995,330.4,1.1,1,2014-08-24,0116,Terra,MODIS,79,6.2,310.3,18.2,D,0
-15.4206,141.7927,321.3,1.9,1.3,2014-08-24,0116,Terra,MODIS,72,6.2,304,17.3,D,0
-14.3808,135.1014,330.7,1,1,2014-08-24,0116,Terra,MODIS,79,6.2,308.4,18.7,D,0
-12.474,131.1634,336.3,1.8,1.3,2014-08-24,0116,Terra,MODIS,86,6.2,301.7,74,D,0
-12.4413,135.4934,324.4,1,1,2014-08-24,0116,Terra,MODIS,55,6.2,308.4,8,D,0
-14.2492,135.0172,327,1,1,2014-08-24,0116,Terra,MODIS,75,6.2,308.5,14.3,D,0
-14.271,135.047,322.3,1,1,2014-08-24,0116,Terra,MODIS,56,6.2,307.3,8.7,D,0
-12.2527,133.3687,321.6,1.3,1.1,2014-08-24,0116,Terra,MODIS,64,6.2,305.2,10.9,D,0
-13.1332,135.258,330,1,1,2014-08-24,0116,Terra,MODIS,75,6.2,307.1,16.4,D,0
-12.8731,136.4049,319.8,1,1,2014-08-24,0116,Terra,MODIS,57,6.2,303.9,8.4,D,0
-13.1317,135.2484,330.7,1,1,2014-08-24,0116,Terra,MODIS,80,6.2,309.1,16.7,D,0
-14.5713,143.4142,314.8,2.5,1.5,2014-08-24,0116,Terra,MODIS,52,6.2,294.6,27.3,D,0
-14.5613,143.3992,314.1,2.4,1.5,2014-08-24,0116,Terra,MODIS,48,6.2,294.3,23.9,D,0
-14.564,143.4218,312.9,2.5,1.5,2014-08-24,0116,Terra,MODIS,40,6.2,294.6,20.6,D,0
-12.6367,132.8313,324.6,1.4,1.2,2014-08-24,0116,Terra,MODIS,73,6.2,306.6,19.1,D,0
-12.8718,136.3958,328.4,1,1,2014-08-24,0116,Terra,MODIS,77,6.2,303.6,17.6,D,0
-12.7948,135.5781,326.1,1,1,2014-08-24,0116,Terra,MODIS,74,6.2,305.2,13.8,D,0
-13.0798,135.573,320.9,1,1,2014-08-24,0116,Terra,MODIS,54,6.2,303.9,7.8,D,0
-12.8119,135.1501,327.3,1.1,1,2014-08-24,0116,Terra,MODIS,76,6.2,307,13.5,D,0
-13.35,135.3482,321.7,1,1,2014-08-24,0116,Terra,MODIS,59,6.2,306,8.8,D,0
-12.4548,135.8277,324.8,1,1,2014-08-24,0116,Terra,MODIS,49,6.2,306.1,10,D,0
-13.3457,135.3198,333.3,1,1,2014-08-24,0116,Terra,MODIS,82,6.2,305.7,23.9,D,0
-13.3365,135.3212,328.3,1,1,2014-08-24,0116,Terra,MODIS,66,6.2,302.9,16.7,D,0
-12.452,135.809,325,1,1,2014-08-24,0116,Terra,MODIS,46,6.2,304.7,11,D,0
-12.4534,135.8183,330.4,1,1,2014-08-24,0116,Terra,MODIS,79,6.2,305.5,17.9,D,0
-13.338,135.3307,337.8,1,1,2014-08-24,0116,Terra,MODIS,85,6.2,303.7,30.1,D,0
-13.3409,135.3496,328.5,1,1,2014-08-24,0116,Terra,MODIS,76,6.2,304.9,16.4,D,0
-13.3394,135.3402,345.3,1,1,2014-08-24,0116,Terra,MODIS,92,6.2,305.7,43.8,D,0
-12.5055,131.9706,322.4,1.6,1.2,2014-08-24,0116,Terra,MODIS,62,6.2,305.9,21.7,D,0
-14.8884,144.2368,316,2.9,1.6,2014-08-24,0116,Terra,MODIS,50,6.2,293.5,34.5,D,0
-12.5486,131.8109,328.5,1.6,1.3,2014-08-24,0116,Terra,MODIS,59,6.2,303.9,33,D,0
-12.5079,131.9853,321.5,1.6,1.2,2014-08-24,0116,Terra,MODIS,55,6.2,304.4,21.3,D,0
-13.0295,135.4812,318.8,1,1,2014-08-24,0116,Terra,MODIS,49,6.2,303.4,6.3,D,0
-12.5491,131.8195,325.8,1.6,1.3,2014-08-24,0116,Terra,MODIS,37,6.2,304,27.5,D,0
-13.2605,135.427,367,1,1,2014-08-24,0116,Terra,MODIS,100,6.2,307.4,101.2,D,0
-13.262,135.4364,322.5,1,1,2014-08-24,0116,Terra,MODIS,66,6.2,304.1,10.3,D,0
-13.2754,135.4632,324.3,1,1,2014-08-24,0116,Terra,MODIS,70,6.2,304.2,12,D,0
-12.9372,136.4637,317.8,1,1,2014-08-24,0116,Terra,MODIS,50,6.2,302.8,6.9,D,0
-12.5397,131.8278,324.5,1.6,1.3,2014-08-24,0116,Terra,MODIS,26,6.2,304.1,24.2,D,0
-12.8104,135.1404,331.1,1.1,1,2014-08-24,0116,Terra,MODIS,80,6.2,306.7,18.1,D,0
-12.3469,135.4172,330.9,1,1,2014-08-24,0116,Terra,MODIS,80,6.2,306.7,19.7,D,0
-12.3455,135.4076,336.3,1,1,2014-08-24,0116,Terra,MODIS,85,6.2,304.8,28.7,D,0
-12.3161,135.4609,321.1,1,1,2014-08-24,0116,Terra,MODIS,11,6.2,306.4,7.6,D,0
-12.5817,131.8754,329.8,1.6,1.3,2014-08-24,0116,Terra,MODIS,80,6.2,305.9,39.2,D,0
-13.3125,135.2861,328,1,1,2014-08-24,0116,Terra,MODIS,76,6.2,304,17.2,D,0
-12.6299,131.9582,321.6,1.6,1.2,2014-08-24,0116,Terra,MODIS,64,6.2,306.4,16.1,D,0
-12.6275,131.9435,331.7,1.6,1.2,2014-08-24,0116,Terra,MODIS,82,6.2,305.3,41.1,D,0
-13.5056,141.8018,316,1.8,1.3,2014-08-24,0116,Terra,MODIS,69,6.2,295.2,18.5,D,0
-12.7982,135.1224,334.5,1.1,1,2014-08-24,0116,Terra,MODIS,84,6.2,307.9,23,D,0
-13.031,135.4905,320.9,1,1,2014-08-24,0116,Terra,MODIS,57,6.2,303.9,7.7,D,0
-12.9294,134.9458,325.9,1.1,1,2014-08-24,0116,Terra,MODIS,74,6.2,308.3,13.2,D,0
-13.0517,135.5102,329.2,1,1,2014-08-24,0116,Terra,MODIS,78,6.2,306.3,16.9,D,0
-13.5463,135.4886,318.9,1,1,2014-08-24,0116,Terra,MODIS,24,6.2,306.2,6,D,0
-12.2901,136.6328,321.6,1,1,2014-08-24,0116,Terra,MODIS,51,6.2,305.4,9.3,D,0
-13.627,134.5248,321.1,1.1,1,2014-08-24,0116,Terra,MODIS,50,6.2,308.2,6.4,D,0
-13.6175,134.5634,322.3,1.1,1,2014-08-24,0116,Terra,MODIS,62,6.2,307.8,8.1,D,0
-12.3497,135.2498,332,1.1,1,2014-08-24,0116,Terra,MODIS,75,6.2,306.1,20.4,D,0
-12.3573,135.252,324.8,1.1,1,2014-08-24,0116,Terra,MODIS,63,6.2,306.3,12.6,D,0
-13.5894,134.6294,327,1.1,1,2014-08-24,0116,Terra,MODIS,71,6.2,308.3,12.3,D,0
-12.1339,136.3887,355,1,1,2014-08-24,0116,Terra,MODIS,97,6.2,305.9,62.5,D,0
-12.1353,136.3978,336.8,1,1,2014-08-24,0116,Terra,MODIS,88,6.2,304,27.3,D,0
-13.6096,134.6364,328.4,1.1,1,2014-08-24,0116,Terra,MODIS,37,6.2,307.9,14.3,D,0
-12.1083,136.4019,324.4,1,1,2014-08-24,0116,Terra,MODIS,67,6.2,304.2,10.7,D,0
-13.4593,134.2612,322.2,1.1,1.1,2014-08-24,0116,Terra,MODIS,65,6.2,307.8,8.5,D,0
-12.1333,136.8178,313.2,1,1,2014-08-24,0116,Terra,MODIS,57,6.2,301.4,9.7,D,3
-12.2249,136.4433,332,1,1,2014-08-24,0116,Terra,MODIS,82,6.2,302.2,20.5,D,0
-11.5268,132.8106,325.3,1.5,1.2,2014-08-24,0116,Terra,MODIS,76,6.2,304.9,22.5,D,0
-12.2996,135.5278,322.2,1,1,2014-08-24,0116,Terra,MODIS,67,6.2,305.6,8.8,D,0
-13.4268,132.4568,324.3,1.4,1.2,2014-08-24,0116,Terra,MODIS,36,6.2,305.6,18.6,D,0
-12.3267,135.469,326.1,1,1,2014-08-24,0116,Terra,MODIS,63,6.2,306.5,12.4,D,0
-12.3898,135.4625,328.9,1,1,2014-08-24,0116,Terra,MODIS,77,6.2,305.1,16.8,D,0
-12.8193,142.8782,322.2,2.1,1.4,2014-08-24,0116,Terra,MODIS,75,6.2,294.3,40.1,D,0
-13.7558,136.6465,317,1,1,2014-08-24,0116,Terra,MODIS,42,6.2,300.1,6.4,D,0
-12.2646,132.6788,317.8,1.4,1.2,2014-08-24,0116,Terra,MODIS,49,6.2,303.6,10.6,D,0
-12.3912,135.472,322,1,1,2014-08-24,0116,Terra,MODIS,49,6.2,305.4,7.8,D,0
-12.3985,135.5194,336,1,1,2014-08-24,0116,Terra,MODIS,85,6.2,306.8,24.8,D,0
-12.387,135.1383,322.8,1.1,1,2014-08-24,0116,Terra,MODIS,55,6.2,306.7,8.2,D,0
-12.3511,135.8119,318.5,1,1,2014-08-24,0116,Terra,MODIS,55,6.2,303.5,6,D,0
-12.832,142.8768,316,2.1,1.4,2014-08-24,0116,Terra,MODIS,54,6.2,293.9,22.5,D,0
-13.9688,132.1202,324.1,1.5,1.2,2014-08-24,0116,Terra,MODIS,70,6.2,308.8,13.9,D,0
-12.1412,135.4613,319.6,1,1,2014-08-24,0116,Terra,MODIS,44,6.2,303.8,7.1,D,0
-13.9714,132.1138,326.5,1.5,1.2,2014-08-24,0116,Terra,MODIS,75,6.2,309.4,18.1,D,0
-13.951,131.8602,320.3,1.5,1.2,2014-08-24,0116,Terra,MODIS,45,6.2,306.9,11.1,D,0
-13.4224,132.4305,328.3,1.4,1.2,2014-08-24,0116,Terra,MODIS,37,6.2,305.3,25.1,D,0
-12.1326,136.3795,320.2,1,1,2014-08-24,0116,Terra,MODIS,28,6.2,303.8,6.5,D,0
-13.4499,132.3296,327.2,1.5,1.2,2014-08-24,0116,Terra,MODIS,65,6.2,307.3,24.2,D,0
-13.9018,136.5744,317.7,1,1,2014-08-24,0116,Terra,MODIS,62,6.2,302.3,6.4,D,0
-13.437,132.3179,322.8,1.5,1.2,2014-08-24,0116,Terra,MODIS,32,6.2,307.6,16,D,0
-13.8928,136.5758,336.8,1,1,2014-08-24,0116,Terra,MODIS,87,6.2,302.8,29,D,0
-13.8915,136.5666,318.4,1,1,2014-08-24,0116,Terra,MODIS,64,6.2,301.7,6.8,D,0
-12.304,136.6028,328.8,1,1,2014-08-24,0116,Terra,MODIS,78,6.2,302.5,17.4,D,0
-13.4993,134.3011,316.7,1.1,1.1,2014-08-24,0116,Terra,MODIS,25,6.2,305.2,4.8,D,0
-12.2951,136.6041,325.8,1,1,2014-08-24,0116,Terra,MODIS,70,6.2,304,13,D,0
-13.0738,132.4866,324.6,1.4,1.2,2014-08-24,0116,Terra,MODIS,71,6.2,306.9,19.9,D,0
-12.2915,136.6419,319,1,1,2014-08-24,0116,Terra,MODIS,46,6.2,304.8,6.7,D,0
-11.1654,132.0139,316.3,1.7,1.3,2014-08-24,0116,Terra,MODIS,0,6.2,299.6,13.5,D,0
-13.076,132.5,327.5,1.4,1.2,2014-08-24,0116,Terra,MODIS,76,6.2,307.8,25.5,D,0
-13.7641,132.2655,323.5,1.5,1.2,2014-08-24,0116,Terra,MODIS,69,6.2,307.7,14.3,D,0
-13.7494,132.3092,320.9,1.5,1.2,2014-08-24,0116,Terra,MODIS,45,6.2,308,12.1,D,0
-12.9788,132.4684,320.8,1.5,1.2,2014-08-24,0116,Terra,MODIS,43,6.2,306,12.3,D,0
-15.3304,132.9447,319.3,1.3,1.1,2014-08-24,0117,Terra,MODIS,45,6.2,305.2,10.3,D,0
-15.4865,132.9599,318.3,1.2,1.1,2014-08-24,0117,Terra,MODIS,51,6.2,305.8,8.2,D,0
-15.2791,133.0073,331.4,1.2,1.1,2014-08-24,0117,Terra,MODIS,81,6.2,306.8,28.4,D,0
-15.2982,133.0631,326.6,1.2,1.1,2014-08-24,0117,Terra,MODIS,70,6.2,306.5,17.9,D,0
-15.4231,132.9468,325.1,1.3,1.1,2014-08-24,0117,Terra,MODIS,73,6.2,306.2,16.9,D,0
-15.3071,132.9908,343.9,1.2,1.1,2014-08-24,0117,Terra,MODIS,91,6.2,305.6,54.3,D,0
-15.317,132.9891,334.6,1.2,1.1,2014-08-24,0117,Terra,MODIS,84,6.2,305.8,33.2,D,0
-15.3099,133.0728,327.8,1.2,1.1,2014-08-24,0117,Terra,MODIS,76,6.2,307.4,19.4,D,0
-15.3089,133.0023,327.9,1.2,1.1,2014-08-24,0117,Terra,MODIS,44,6.2,305.1,19.2,D,0
-15.3126,133.0253,323.8,1.2,1.1,2014-08-24,0117,Terra,MODIS,49,6.2,305.3,11.8,D,0
-15.3584,132.9279,321.3,1.3,1.1,2014-08-24,0117,Terra,MODIS,54,6.2,307.2,11.4,D,0
-15.3285,132.933,321.3,1.3,1.1,2014-08-24,0117,Terra,MODIS,54,6.2,305.1,12.8,D,0
-15.3854,133.1582,325.1,1.2,1.1,2014-08-24,0117,Terra,MODIS,66,6.2,307.1,15.1,D,0
-15.3266,132.9214,338.4,1.3,1.1,2014-08-24,0117,Terra,MODIS,87,6.2,306.2,43.6,D,0
-15.3872,133.1694,321.5,1.2,1.1,2014-08-24,0117,Terra,MODIS,42,6.2,306.9,10.7,D,0
-15.3317,133.0154,328.8,1.2,1.1,2014-08-24,0117,Terra,MODIS,78,6.2,304.6,22.5,D,0
-15.3916,133.134,330.7,1.2,1.1,2014-08-24,0117,Terra,MODIS,80,6.2,306.6,23.5,D,0
-15.5992,131.3837,318.3,1.6,1.2,2014-08-24,0117,Terra,MODIS,58,6.2,305.8,12.2,D,0
-15.5993,131.377,319.1,1.6,1.2,2014-08-24,0117,Terra,MODIS,57,6.2,305.8,13.2,D,0
-15.3161,132.9826,328.7,1.2,1.1,2014-08-24,0117,Terra,MODIS,47,6.2,304.5,21.3,D,0
-15.3261,132.9809,331.7,1.2,1.1,2014-08-24,0117,Terra,MODIS,77,6.2,305.7,27.9,D,0
-17.2273,138.9719,325.7,1.3,1.1,2014-08-24,0117,Terra,MODIS,68,6.2,304.4,17.1,D,0
-17.8095,138.4409,392.9,1.2,1.1,2014-08-24,0117,Terra,MODIS,100,6.2,308.7,270.9,D,0
-17.8125,138.4638,361.4,1.2,1.1,2014-08-24,0117,Terra,MODIS,100,6.2,309.5,102.2,D,0
-17.811,138.4523,428.8,1.2,1.1,2014-08-24,0117,Terra,MODIS,100,6.2,323.2,620.1,D,0
-17.8193,138.4395,380.9,1.2,1.1,2014-08-24,0117,Terra,MODIS,100,6.2,305.9,194.8,D,0
-17.8209,138.4509,414.7,1.2,1.1,2014-08-24,0117,Terra,MODIS,100,6.2,313,454.5,D,0
-17.8292,138.4381,324.4,1.2,1.1,2014-08-24,0117,Terra,MODIS,33,6.2,304.7,16,D,0
-17.8224,138.4624,435.4,1.2,1.1,2014-08-24,0117,Terra,MODIS,100,6.2,322,706,D,0
-17.8323,138.461,341.9,1.2,1.1,2014-08-24,0117,Terra,MODIS,85,6.2,306.8,44.1,D,0
-17.8406,138.4482,345.1,1.2,1.1,2014-08-24,0117,Terra,MODIS,88,6.2,307.9,51.4,D,0
-17.8521,138.4583,333.1,1.2,1.1,2014-08-24,0117,Terra,MODIS,61,6.2,306.1,26.5,D,0
-16.4597,137.0198,319.4,1,1,2014-08-24,0117,Terra,MODIS,53,6.2,307.4,6.6,D,0
-16.4689,137.0185,343.6,1,1,2014-08-24,0117,Terra,MODIS,90,6.2,309.6,41.2,D,0
-16.4703,137.0281,330.6,1,1,2014-08-24,0117,Terra,MODIS,78,6.2,307.6,19.4,D,0
-17.3796,138.7327,323.2,1.3,1.1,2014-08-24,0117,Terra,MODIS,29,6.2,307.4,9.9,D,0
-17.3819,138.673,321.1,1.2,1.1,2014-08-24,0117,Terra,MODIS,51,6.2,307,7.9,D,0
-17.3965,138.7066,322.2,1.2,1.1,2014-08-24,0117,Terra,MODIS,47,6.2,306.6,10.3,D,0
-17.8056,138.4882,339.3,1.2,1.1,2014-08-24,0117,Terra,MODIS,79,6.2,308,38.3,D,0
-17.8041,138.4767,331,1.2,1.1,2014-08-24,0117,Terra,MODIS,41,6.2,308,22.7,D,0
-17.814,138.4753,380.2,1.2,1.1,2014-08-24,0117,Terra,MODIS,100,6.2,311.1,186.2,D,0
-17.8155,138.4868,367,1.2,1.1,2014-08-24,0117,Terra,MODIS,100,6.2,312,123.6,D,0
-17.8239,138.4739,370.8,1.2,1.1,2014-08-24,0117,Terra,MODIS,100,6.2,310.2,136.4,D,0
-17.8254,138.4854,385.8,1.2,1.1,2014-08-24,0117,Terra,MODIS,100,6.2,309.5,217,D,0
-17.8269,138.4969,397.4,1.2,1.1,2014-08-24,0117,Terra,MODIS,100,6.2,313.5,296.3,D,0
-17.8284,138.5085,382.5,1.2,1.1,2014-08-24,0117,Terra,MODIS,100,6.2,314.2,196.2,D,0
-17.8368,138.4955,356.1,1.2,1.1,2014-08-24,0117,Terra,MODIS,98,6.2,307.2,77.9,D,0
-17.8353,138.484,345,1.2,1.1,2014-08-24,0117,Terra,MODIS,92,6.2,306.4,44.9,D,0
-17.8384,138.5071,388.3,1.2,1.1,2014-08-24,0117,Terra,MODIS,100,6.2,308.7,233.6,D,0
-17.8399,138.5186,399.3,1.2,1.1,2014-08-24,0117,Terra,MODIS,100,6.2,314.1,314.1,D,0
-17.8414,138.5302,355.4,1.2,1.1,2014-08-24,0117,Terra,MODIS,97,6.2,311.4,79.6,D,0
-17.8338,138.4725,343.6,1.2,1.1,2014-08-24,0117,Terra,MODIS,81,6.2,306.2,45.7,D,0
-17.8437,138.4711,342.1,1.2,1.1,2014-08-24,0117,Terra,MODIS,72,6.2,308.5,42.9,D,0
-17.8452,138.4826,348.6,1.2,1.1,2014-08-24,0117,Terra,MODIS,94,6.2,307.5,60.5,D,0
-17.8597,138.5159,331.5,1.2,1.1,2014-08-24,0117,Terra,MODIS,39,6.2,306.1,23.2,D,0
-17.8498,138.5172,327.1,1.2,1.1,2014-08-24,0117,Terra,MODIS,22,6.2,305.2,15.4,D,0
-15.2921,134.973,325.8,1,1,2014-08-24,0117,Terra,MODIS,63,6.2,310.4,11,D,0
-15.2935,134.9825,321.8,1,1,2014-08-24,0117,Terra,MODIS,40,6.2,308.4,7.5,D,0
-16.364,135.9777,328.1,1,1,2014-08-24,0117,Terra,MODIS,72,6.2,305.9,13.9,D,0
-16.3654,135.987,348.8,1,1,2014-08-24,0117,Terra,MODIS,94,6.2,308.9,47.4,D,0
-16.3667,135.9963,321.5,1,1,2014-08-24,0117,Terra,MODIS,34,6.2,308.8,6.9,D,0
-16.3694,136.0149,322.1,1,1,2014-08-24,0117,Terra,MODIS,56,6.2,308.1,7.6,D,0
-16.3937,135.9921,328.3,1,1,2014-08-24,0117,Terra,MODIS,31,6.2,309.7,11.9,D,0
-16.395,136.0014,325.9,1,1,2014-08-24,0117,Terra,MODIS,37,6.2,308.8,10.1,D,0
-16.406,136.0759,318.7,1,1,2014-08-24,0117,Terra,MODIS,32,6.2,306.8,5.6,D,0
-16.4095,136.0373,325.8,1,1,2014-08-24,0117,Terra,MODIS,68,6.2,308.8,11.6,D,0
-16.4103,135.98,350.6,1,1,2014-08-24,0117,Terra,MODIS,95,6.2,310.8,46,D,0
-16.4116,135.9893,341,1,1,2014-08-24,0117,Terra,MODIS,82,6.2,309.7,27.2,D,0
-16.4185,136.0359,332,1,1,2014-08-24,0117,Terra,MODIS,80,6.2,308.7,18.7,D,0
-16.4193,135.9787,373,1,1,2014-08-24,0117,Terra,MODIS,100,6.2,313.9,112,D,0
-16.4275,136.0345,329.5,1,1,2014-08-24,0117,Terra,MODIS,75,6.2,307.9,16.3,D,0
-16.4276,135.9713,323.5,1,1,2014-08-24,0117,Terra,MODIS,65,6.2,307.4,9.8,D,0
-16.429,135.9806,342.3,1,1,2014-08-24,0117,Terra,MODIS,89,6.2,309.1,35.3,D,0
-16.4407,135.9978,323.9,1,1,2014-08-24,0117,Terra,MODIS,58,6.2,307.3,10.4,D,0
-17.2796,138.9769,326.6,1.3,1.1,2014-08-24,0117,Terra,MODIS,65,6.2,306,17.2,D,0
-17.3534,138.7663,324.3,1.3,1.1,2014-08-24,0117,Terra,MODIS,27,6.2,307.9,11.4,D,0
-16.8241,136.9308,333.6,1,1,2014-08-24,0117,Terra,MODIS,83,6.2,308.4,21.3,D,0
-16.8255,136.9405,342.9,1,1,2014-08-24,0117,Terra,MODIS,90,6.2,308.4,37.6,D,0
-16.8269,136.9502,322.6,1,1,2014-08-24,0117,Terra,MODIS,67,6.2,307.9,8.1,D,0
-16.3792,135.9563,341.9,1,1,2014-08-24,0117,Terra,MODIS,89,6.2,306.6,33.2,D,0
-16.3806,135.9656,341.1,1,1,2014-08-24,0117,Terra,MODIS,84,6.2,309.5,30.6,D,0
-16.3855,135.9363,358,1,1,2014-08-24,0117,Terra,MODIS,99,6.2,306.7,69.7,D,0
-16.3868,135.9456,367.3,1,1,2014-08-24,0117,Terra,MODIS,100,6.2,311.2,95.5,D,0
-16.4179,135.9693,359.1,1,1,2014-08-24,0117,Terra,MODIS,99,6.2,309.2,70,D,0
-15.1648,134.7441,321.4,1,1,2014-08-24,0117,Terra,MODIS,61,6.2,306.1,8.8,D,0
-15.1091,134.7986,332.7,1,1,2014-08-24,0117,Terra,MODIS,76,6.2,309.1,19.6,D,0
-15.3062,135.1263,361.2,1,1,2014-08-24,0117,Terra,MODIS,100,6.2,308.9,78.8,D,0
-15.3076,135.1358,386.6,1,1,2014-08-24,0117,Terra,MODIS,100,6.2,313.3,173.5,D,0
-15.3167,135.1343,350.5,1,1,2014-08-24,0117,Terra,MODIS,95,6.2,308.9,51.7,D,0
-15.3409,134.812,336.4,1,1,2014-08-24,0117,Terra,MODIS,85,6.2,310.2,26.3,D,0
-17.3659,138.628,318.6,1.2,1.1,2014-08-24,0117,Terra,MODIS,45,6.2,304.9,8.3,D,0
-17.7798,138.445,318,1.2,1.1,2014-08-24,0117,Terra,MODIS,53,6.2,305.2,8.7,D,0
-17.7882,138.4322,333.9,1.2,1.1,2014-08-24,0117,Terra,MODIS,83,6.2,301.2,34,D,0
-17.7897,138.4436,380,1.2,1.1,2014-08-24,0117,Terra,MODIS,100,6.2,308.9,192.5,D,0
-17.7912,138.4551,348.9,1.2,1.1,2014-08-24,0117,Terra,MODIS,94,6.2,308.2,65.6,D,0
-17.7927,138.4666,329.8,1.2,1.1,2014-08-24,0117,Terra,MODIS,79,6.2,306.8,24.1,D,0
-17.7996,138.4422,352.6,1.2,1.1,2014-08-24,0117,Terra,MODIS,96,6.2,305.7,78.8,D,0
-17.8011,138.4537,342,1.2,1.1,2014-08-24,0117,Terra,MODIS,90,6.2,308.1,47.2,D,0
-17.1887,138.983,322,1.3,1.1,2014-08-24,0117,Terra,MODIS,62,6.2,304.6,14.5,D,0
-17.2289,138.9839,365.8,1.3,1.1,2014-08-24,0117,Terra,MODIS,100,6.2,307.7,133.4,D,0
-17.2304,138.996,328.6,1.3,1.1,2014-08-24,0117,Terra,MODIS,77,6.2,304.1,24.5,D,0
-17.239,138.9825,333.6,1.3,1.1,2014-08-24,0117,Terra,MODIS,81,6.2,305.2,30.9,D,0
-17.2609,138.9918,324.2,1.3,1.1,2014-08-24,0117,Terra,MODIS,19,6.2,305.1,13.2,D,0
-17.2406,138.9946,331.8,1.3,1.1,2014-08-24,0117,Terra,MODIS,75,6.2,305.1,28.3,D,0
-17.8544,138.552,334.7,1.2,1.1,2014-08-24,0117,Terra,MODIS,84,6.2,308.4,30,D,0
-17.8529,138.5404,345.4,1.2,1.1,2014-08-24,0117,Terra,MODIS,92,6.2,308.2,53.9,D,0
-15.0878,135.1409,335,1,1,2014-08-24,0117,Terra,MODIS,83,6.2,308.9,24.8,D,0
-15.1088,134.8577,343.4,1,1,2014-08-24,0117,Terra,MODIS,90,6.2,308.8,40.5,D,0
-15.9153,135.8694,336.8,1,1,2014-08-24,0117,Terra,MODIS,85,6.2,310.3,23.7,D,0
-15.5099,135.682,328,1,1,2014-08-24,0117,Terra,MODIS,75,6.2,308.2,14.9,D,0
-15.2533,135.506,326,1,1,2014-08-24,0117,Terra,MODIS,41,6.2,308.8,12.7,D,0
-16.0943,135.7722,331,1,1,2014-08-24,0117,Terra,MODIS,66,6.2,308,16.8,D,0
-16.1019,135.7616,328.1,1,1,2014-08-24,0117,Terra,MODIS,39,6.2,306.1,14.4,D,0
-15.3216,134.8605,326.5,1,1,2014-08-24,0117,Terra,MODIS,63,6.2,308.7,11.9,D,0
-15.1194,134.8659,323.9,1,1,2014-08-24,0117,Terra,MODIS,52,6.2,309.3,9.2,D,0
-16.1108,135.7602,347.6,1,1,2014-08-24,0117,Terra,MODIS,93,6.2,306.8,45.9,D,0
-15.2609,135.4953,328.4,1,1,2014-08-24,0117,Terra,MODIS,69,6.2,308.5,16,D,0
-15.9601,135.799,321.8,1,1,2014-08-24,0117,Terra,MODIS,30,6.2,308.2,6.6,D,0
-15.5086,135.6727,319.2,1,1,2014-08-24,0117,Terra,MODIS,43,6.2,307.1,5.6,D,0
-15.119,135.1683,329.4,1,1,2014-08-24,0117,Terra,MODIS,73,6.2,308.4,15.6,D,0
-16.1424,136.6671,322.5,1,1,2014-08-24,0117,Terra,MODIS,46,6.2,310.6,7.3,D,0
-15.1103,134.8673,323.9,1,1,2014-08-24,0117,Terra,MODIS,54,6.2,308.7,10.1,D,0
-15.1085,135.1603,330.1,1,1,2014-08-24,0117,Terra,MODIS,76,6.2,308.7,17.3,D,0
-16.0659,135.7671,349,1,1,2014-08-24,0117,Terra,MODIS,94,6.2,306.9,48,D,0
-16.0418,135.7899,327.1,1,1,2014-08-24,0117,Terra,MODIS,64,6.2,308,12.5,D,0
-16.0494,135.7792,337.3,1,1,2014-08-24,0117,Terra,MODIS,71,6.2,306.8,26.2,D,0
-15.11,135.1697,322.4,1,1,2014-08-24,0117,Terra,MODIS,33,6.2,306.9,8.1,D,0
-16.1122,135.7694,336.1,1,1,2014-08-24,0117,Terra,MODIS,80,6.2,308.9,24.6,D,0
-16.0404,135.7806,346.2,1,1,2014-08-24,0117,Terra,MODIS,92,6.2,308.4,43.3,D,0
-16.0583,135.7778,348.5,1,1,2014-08-24,0117,Terra,MODIS,93,6.2,308.8,46,D,0
-16.0597,135.7871,339.4,1,1,2014-08-24,0117,Terra,MODIS,81,6.2,309.3,26.5,D,0
-15.2438,135.5041,335.8,1,1,2014-08-24,0117,Terra,MODIS,76,6.2,310.5,23.3,D,0
-16.1425,135.7868,327.1,1,1,2014-08-24,0117,Terra,MODIS,63,6.2,309.9,11.9,D,0
-16.0749,135.7657,335.4,1,1,2014-08-24,0117,Terra,MODIS,55,6.2,305.9,23.5,D,0
-16.0673,135.7764,355.1,1,1,2014-08-24,0117,Terra,MODIS,97,6.2,309.8,60.7,D,0
-15.9139,135.8601,331.7,1,1,2014-08-24,0117,Terra,MODIS,79,6.2,311.2,16.4,D,0
-16.1437,136.6766,322.2,1,1,2014-08-24,0117,Terra,MODIS,48,6.2,308.4,7.6,D,0
-15.0892,135.1504,325.4,1,1,2014-08-24,0117,Terra,MODIS,68,6.2,307.2,12.3,D,0
-16.2714,136.0364,323.1,1,1,2014-08-24,0117,Terra,MODIS,65,6.2,310,7.7,D,0
-15.9015,128.942,331.4,2.3,1.5,2014-08-24,0117,Terra,MODIS,83,6.2,305.5,68.8,D,0
-15.906,128.948,322.5,2.3,1.5,2014-08-24,0117,Terra,MODIS,72,6.2,306,36.3,D,0
-15.8977,128.9212,354,2.3,1.5,2014-08-24,0117,Terra,MODIS,97,6.2,306.3,209.7,D,0
-15.9023,128.9268,363.5,2.3,1.5,2014-08-24,0117,Terra,MODIS,100,6.2,307.5,299.8,D,0
-17.1273,127.8708,313.9,2.7,1.6,2014-08-24,0117,Terra,MODIS,58,6.2,301.2,24,D,0
-15.9172,128.8032,320.8,2.4,1.5,2014-08-24,0117,Terra,MODIS,61,6.2,305.2,33.9,D,0
-15.1979,125.8933,321.2,4.1,1.9,2014-08-24,0117,Terra,MODIS,71,6.2,303,92.1,D,0
-17.1459,127.8928,313.5,2.6,1.6,2014-08-24,0117,Terra,MODIS,56,6.2,301.3,23.2,D,0
-18.4976,129.9848,343.5,1.7,1.3,2014-08-24,0118,Terra,MODIS,91,6.2,304,90,D,0
-18.593,130.2076,329.1,1.7,1.3,2014-08-24,0118,Terra,MODIS,81,6.2,304,40.4,D,0
-18.5903,130.1919,317.9,1.7,1.3,2014-08-24,0118,Terra,MODIS,45,6.2,301.4,15.2,D,0
-18.5958,130.2232,321.1,1.7,1.3,2014-08-24,0118,Terra,MODIS,69,6.2,303.5,20.1,D,0
-18.4931,129.9787,348.3,1.7,1.3,2014-08-24,0118,Terra,MODIS,94,6.2,304.9,111.1,D,0
-18.4901,129.9623,321,1.7,1.3,2014-08-24,0118,Terra,MODIS,66,6.2,303.7,21.5,D,0
-18.4947,129.9684,347.8,1.7,1.3,2014-08-24,0118,Terra,MODIS,94,6.2,303.5,109.4,D,0
-18.2838,129.8849,323.3,1.8,1.3,2014-08-24,0118,Terra,MODIS,50,6.2,303.9,28.1,D,0
-18.2515,129.8389,323.8,1.8,1.3,2014-08-24,0118,Terra,MODIS,70,6.2,303.1,29.9,D,0
-20.7391,139.4817,321.9,1.5,1.2,2014-08-24,0118,Terra,MODIS,63,6.2,304.8,20.1,D,2
-20.7399,139.4756,322.6,1.5,1.2,2014-08-24,0118,Terra,MODIS,52,6.2,304.7,19.9,D,2
-18.8118,133.8288,319.8,1.1,1,2014-08-24,0118,Terra,MODIS,63,6.2,303.4,9.6,D,0
-18.8225,133.8372,360.2,1.1,1,2014-08-24,0118,Terra,MODIS,100,6.2,304.5,83.6,D,0
-18.8241,133.8471,328.8,1.1,1,2014-08-24,0118,Terra,MODIS,79,6.2,304.2,19.3,D,0
-18.8133,133.8387,334.6,1.1,1,2014-08-24,0118,Terra,MODIS,85,6.2,307.5,28.3,D,0
-18.821,133.8273,339,1.1,1,2014-08-24,0118,Terra,MODIS,88,6.2,302.5,35.8,D,0
-19.0955,133.874,321.2,1,1,2014-08-24,0118,Terra,MODIS,68,6.2,303.8,11,D,0
-19.097,133.8838,320.4,1,1,2014-08-24,0118,Terra,MODIS,66,6.2,304.2,10.2,D,0
-18.844,133.9147,324,1,1,2014-08-24,0118,Terra,MODIS,73,6.2,303.5,13.5,D,0
-18.8455,133.9245,332.7,1,1,2014-08-24,0118,Terra,MODIS,83,6.2,303.7,24.8,D,0
-18.8531,133.9737,323.1,1,1,2014-08-24,0118,Terra,MODIS,69,6.2,303.7,12.1,D,0
-18.8805,133.9691,316.9,1,1,2014-08-24,0118,Terra,MODIS,36,6.2,304.9,6.2,D,0
-18.882,133.9789,334.4,1,1,2014-08-24,0118,Terra,MODIS,84,6.2,304.2,26.7,D,0
-18.8835,133.9887,336.2,1,1,2014-08-24,0118,Terra,MODIS,86,6.2,305.2,29.5,D,0
-18.885,133.9985,320.2,1,1,2014-08-24,0118,Terra,MODIS,60,6.2,303.9,9.1,D,0
-18.8887,133.9717,318.7,1,1,2014-08-24,0118,Terra,MODIS,62,6.2,303.7,9.2,D,0
-18.4484,129.8407,317.1,1.8,1.3,2014-08-24,0118,Terra,MODIS,58,6.2,302,17.1,D,0
-21.4634,126.8891,313.6,2.5,1.5,2014-08-24,0119,Terra,MODIS,52,6.2,299.1,22.7,D,0
-21.4627,126.8127,324.7,2.6,1.5,2014-08-24,0119,Terra,MODIS,77,6.2,299,65.5,D,0
-21.4534,126.8727,332.7,2.5,1.5,2014-08-24,0119,Terra,MODIS,84,6.2,300.6,96,D,0
-21.4586,126.8648,330.6,2.5,1.5,2014-08-24,0119,Terra,MODIS,83,6.2,300.3,88.4,D,0
-21.4578,126.788,340.8,2.6,1.5,2014-08-24,0119,Terra,MODIS,90,6.2,300.1,154.9,D,0
-19.0665,121.6934,326.8,4.7,2,2014-08-24,0256,Terra,MODIS,65,6.2,307,136.3,D,0
-19.1262,121.7725,316.9,4.8,2,2014-08-24,0256,Terra,MODIS,55,6.2,306,55.7,D,0
-19.0463,121.6552,331.6,4.7,2,2014-08-24,0256,Terra,MODIS,84,6.2,306.5,200.1,D,0
-19.0642,121.6536,326.9,4.7,2,2014-08-24,0256,Terra,MODIS,73,6.2,305.4,144.4,D,0
-19.0627,121.6485,330.8,4.7,2,2014-08-24,0256,Terra,MODIS,81,6.2,305.2,189.3,D,0
-21.2629,116.3702,325.7,2,1.4,2014-08-24,0257,Terra,MODIS,75,6.2,308.5,36.7,D,0
-21.2984,116.3462,361.7,2,1.4,2014-08-24,0257,Terra,MODIS,100,6.2,311.4,221.2,D,0
-21.3005,116.3656,372.8,2,1.4,2014-08-24,0257,Terra,MODIS,100,6.2,313.4,321.8,D,0
-21.3087,116.3253,321.6,2,1.4,2014-08-24,0257,Terra,MODIS,65,6.2,307.5,21.6,D,0
-21.3213,116.3239,338.6,2,1.4,2014-08-24,0257,Terra,MODIS,88,6.2,308.5,83.6,D,0
-21.3235,116.3433,321.3,2,1.4,2014-08-24,0257,Terra,MODIS,60,6.2,307.8,21.2,D,0
-21.3121,116.3382,322.3,2,1.4,2014-08-24,0257,Terra,MODIS,28,6.2,306.6,22,D,0
-21.3226,116.3174,328.5,2,1.4,2014-08-24,0257,Terra,MODIS,76,6.2,308.3,42.3,D,0
-21.3247,116.3368,327.8,2,1.4,2014-08-24,0257,Terra,MODIS,71,6.2,308.5,40.7,D,0
-20.9655,118.3493,324.6,2.8,1.6,2014-08-24,0257,Terra,MODIS,73,6.2,308,54.3,D,0
-20.9683,118.3766,340.5,2.8,1.6,2014-08-24,0257,Terra,MODIS,89,6.2,309.7,154.6,D,0
-20.9695,118.3696,339.4,2.8,1.6,2014-08-24,0257,Terra,MODIS,88,6.2,309.6,144.2,D,0
-20.8635,119.5952,318.7,3.5,1.8,2014-08-24,0257,Terra,MODIS,52,6.2,305.8,43.3,D,0
-20.8668,119.6293,328.1,3.5,1.8,2014-08-24,0257,Terra,MODIS,77,6.2,308.3,103.9,D,0
-20.8759,119.6228,336,3.5,1.8,2014-08-24,0257,Terra,MODIS,85,6.2,308.1,175.7,D,0
-23.503,119.6945,317.9,3.8,1.8,2014-08-24,0257,Terra,MODIS,55,6.2,304.9,44.5,D,0
-23.4864,119.696,323.4,3.8,1.8,2014-08-24,0257,Terra,MODIS,71,6.2,306.4,84.4,D,0
-21.9837,119.6755,317.5,3.7,1.8,2014-08-24,0257,Terra,MODIS,59,6.2,305,46.8,D,0
-21.8947,119.4188,319.8,3.5,1.8,2014-08-24,0257,Terra,MODIS,54,6.2,304.7,43.5,D,0
-21.904,119.4123,320.8,3.5,1.8,2014-08-24,0257,Terra,MODIS,57,6.2,304.8,49.3,D,0
-21.9328,119.6572,343.5,3.6,1.8,2014-08-24,0257,Terra,MODIS,91,6.2,306.1,271.6,D,0
-21.9245,119.6524,326.5,3.6,1.8,2014-08-24,0257,Terra,MODIS,77,6.2,305.5,109.2,D,0
-21.9406,119.6509,331.3,3.6,1.8,2014-08-24,0257,Terra,MODIS,82,6.2,305.6,143.7,D,0
-21.9761,119.6827,320.9,3.7,1.8,2014-08-24,0257,Terra,MODIS,68,6.2,305.5,69.8,D,0
-21.9296,119.6222,314,3.6,1.8,2014-08-24,0257,Terra,MODIS,25,6.2,303.8,25.5,D,0
-28.0542,114.2451,310.6,1.8,1.3,2014-08-24,0259,Terra,MODIS,48,6.2,297.5,13.1,D,0
-33.5361,146.9506,315.6,1.1,1.1,2014-08-24,0359,Aqua,MODIS,74,6.2,296.4,13.7,D,0
-34.9111,145.9746,311.6,1.3,1.1,2014-08-24,0359,Aqua,MODIS,66,6.2,296.5,9.3,D,0
-34.9229,145.9622,311.9,1.3,1.1,2014-08-24,0359,Aqua,MODIS,69,6.2,296.5,9.9,D,0
-34.9127,145.9605,343.4,1.3,1.1,2014-08-24,0359,Aqua,MODIS,93,6.2,298.4,64.9,D,0
-35.434,145.5565,309.2,1.4,1.2,2014-08-24,0359,Aqua,MODIS,59,6.2,291.5,11.1,D,0
-34.4602,150.8775,309,1,1,2014-08-24,0359,Aqua,MODIS,0,6.2,294.3,6.2,D,0
-34.2127,145.7966,316.6,1.3,1.1,2014-08-24,0359,Aqua,MODIS,42,6.2,294.3,14.5,D,0
-34.2196,145.8032,323.9,1.3,1.1,2014-08-24,0359,Aqua,MODIS,80,6.2,294.6,24.8,D,0
-34.466,150.8843,320.3,1,1,2014-08-24,0359,Aqua,MODIS,70,6.2,293.5,15.1,D,2
-35.4394,145.564,314.5,1.4,1.2,2014-08-24,0359,Aqua,MODIS,72,6.2,293.3,17.7,D,0
-29.2311,149.4535,314,1,1,2014-08-24,0400,Aqua,MODIS,62,6.2,299.7,6.2,D,0
-30.0057,149.0752,313.6,1,1,2014-08-24,0400,Aqua,MODIS,63,6.2,302,5.9,D,0
-30.0041,149.0856,321,1,1,2014-08-24,0400,Aqua,MODIS,75,6.2,301.9,12.7,D,0
-29.2402,149.4553,329.9,1,1,2014-08-24,0400,Aqua,MODIS,83,6.2,302.5,23.2,D,0
-32.0306,151.2946,303.2,1.1,1,2014-08-24,0400,Aqua,MODIS,33,6.2,286.2,7.7,D,0
-25.4112,149.1285,311,1.1,1,2014-08-24,0401,Aqua,MODIS,55,6.2,296.2,7.4,D,0
-27.7582,148.0213,328.1,1,1,2014-08-24,0401,Aqua,MODIS,71,6.2,302.6,21.7,D,0
-23.3125,146.128,315.5,1,1,2014-08-24,0402,Aqua,MODIS,20,6.2,302.4,5.4,D,0
-20.3653,145.6548,323,1,1,2014-08-24,0403,Aqua,MODIS,68,6.2,306.3,9.3,D,0
-20.3756,145.6467,333.3,1,1,2014-08-24,0403,Aqua,MODIS,82,6.2,309.5,21,D,0
-20.3743,145.6563,341.4,1,1,2014-08-24,0403,Aqua,MODIS,89,6.2,310,34.1,D,0
-14.7636,142.2976,357.2,1.2,1.1,2014-08-24,0404,Aqua,MODIS,98,6.2,306.8,78,D,0
-14.6102,144.4909,341.9,1,1,2014-08-24,0404,Aqua,MODIS,90,6.2,293.7,33.9,D,0
-15.9599,135.7812,337.8,3.6,1.8,2014-08-24,0404,Aqua,MODIS,86,6.2,307.4,170,D,0
-15.5199,135.6073,343.2,3.6,1.8,2014-08-24,0404,Aqua,MODIS,92,6.2,304,249.2,D,0
-16.7073,145.2018,325.7,1,1,2014-08-24,0404,Aqua,MODIS,73,6.2,302,16.2,D,0
-15.5191,145.1457,327.9,1,1,2014-08-24,0404,Aqua,MODIS,57,6.2,299.8,16.8,D,0
-14.6308,144.4751,339.2,1,1,2014-08-24,0404,Aqua,MODIS,62,6.2,298.9,31.2,D,0
-14.6295,144.4844,332.3,1,1,2014-08-24,0404,Aqua,MODIS,41,6.2,296.6,18.4,D,0
-17.4345,145.8981,321.2,1,1,2014-08-24,0404,Aqua,MODIS,73,6.2,295.7,15.2,D,0
-16.1496,135.7866,322.9,3.6,1.8,2014-08-24,0404,Aqua,MODIS,40,6.2,307.5,47.5,D,0
-14.8867,142.2885,334.5,1.2,1.1,2014-08-24,0404,Aqua,MODIS,76,6.2,305.6,26.7,D,0
-15.5292,135.6762,323,3.6,1.8,2014-08-24,0404,Aqua,MODIS,76,6.2,305.2,64.1,D,0
-16.7059,145.2112,323.8,1,1,2014-08-24,0404,Aqua,MODIS,70,6.2,300.1,13.1,D,0
-15.5217,145.1271,320,1,1,2014-08-24,0404,Aqua,MODIS,65,6.2,301.5,10.3,D,0
-14.6218,144.4737,341.2,1,1,2014-08-24,0404,Aqua,MODIS,89,6.2,297.4,35.4,D,0
-16.1118,135.7442,343.9,3.6,1.8,2014-08-24,0404,Aqua,MODIS,91,6.2,306.4,235.8,D,0
-14.8345,144.9216,320.4,1,1,2014-08-24,0404,Aqua,MODIS,40,6.2,282.7,10.9,D,0
-15.5204,145.1364,331.7,1,1,2014-08-24,0404,Aqua,MODIS,71,6.2,301.3,21.8,D,0
-15.3472,144.8039,319.7,1,1,2014-08-24,0404,Aqua,MODIS,56,6.2,291.9,10.5,D,0
-14.6615,144.5176,324.9,1,1,2014-08-24,0404,Aqua,MODIS,61,6.2,299.8,12.4,D,0
-14.6461,144.4964,334.2,1,1,2014-08-24,0404,Aqua,MODIS,65,6.2,294.3,21.4,D,0
-15.4918,145.2078,328.9,1,1,2014-08-24,0404,Aqua,MODIS,79,6.2,298.9,20.3,D,0
-15.4931,145.1985,327.3,1,1,2014-08-24,0404,Aqua,MODIS,77,6.2,298.9,18.1,D,0
-14.962,145.1171,323.6,1,1,2014-08-24,0404,Aqua,MODIS,69,6.2,289.3,17,D,0
-16.0362,135.7652,324.9,3.6,1.8,2014-08-24,0404,Aqua,MODIS,35,6.2,304.8,68.4,D,0
-16.1207,135.7509,332.6,3.6,1.8,2014-08-24,0404,Aqua,MODIS,75,6.2,306.6,115.2,D,0
-15.5038,135.6054,328.3,3.6,1.8,2014-08-24,0404,Aqua,MODIS,74,6.2,303.3,103.9,D,0
-16.0443,135.7703,327.9,3.6,1.8,2014-08-24,0404,Aqua,MODIS,60,6.2,305.6,89.1,D,0
-14.8202,144.9572,315.7,1,1,2014-08-24,0404,Aqua,MODIS,23,6.2,287.8,7.3,D,0
-14.877,142.2872,337.5,1.2,1.1,2014-08-24,0404,Aqua,MODIS,84,6.2,305.1,33.5,D,0
-14.8882,142.2776,341.7,1.2,1.1,2014-08-24,0404,Aqua,MODIS,89,6.2,307.4,42.6,D,0
-14.8358,144.9124,328.7,1,1,2014-08-24,0404,Aqua,MODIS,80,6.2,285.8,21,D,0
-15.5177,145.1549,321.7,1,1,2014-08-24,0404,Aqua,MODIS,37,6.2,296.3,10.6,D,0
-14.6192,144.4923,332.5,1,1,2014-08-24,0404,Aqua,MODIS,78,6.2,293.2,18.6,D,0
-14.6385,144.4857,335.6,1,1,2014-08-24,0404,Aqua,MODIS,55,6.2,298.3,24.1,D,0
-15.0205,141.8918,327.5,1.2,1.1,2014-08-24,0404,Aqua,MODIS,66,6.2,309.3,10.8,D,0
-15.5165,135.6408,354.6,3.6,1.8,2014-08-24,0404,Aqua,MODIS,97,6.2,309.4,399.6,D,0
-15.953,135.7875,336.6,3.6,1.8,2014-08-24,0404,Aqua,MODIS,85,6.2,307,156.7,D,0
-14.6115,144.4816,331.8,1,1,2014-08-24,0404,Aqua,MODIS,70,6.2,291,18.7,D,0
-15.9245,135.8103,323.5,3.5,1.8,2014-08-24,0404,Aqua,MODIS,61,6.2,307.6,44.8,D,0
-15.5326,135.6427,333.5,3.6,1.8,2014-08-24,0404,Aqua,MODIS,85,6.2,305.4,150.4,D,0
-14.8756,142.298,332.4,1.2,1.1,2014-08-24,0404,Aqua,MODIS,54,6.2,307,23.1,D,0
-15.3176,144.8183,321.4,1,1,2014-08-24,0404,Aqua,MODIS,68,6.2,290.3,12.1,D,0
-14.6628,144.5083,327.9,1,1,2014-08-24,0404,Aqua,MODIS,64,6.2,298.8,15.3,D,0
-16.1045,135.7503,331.9,3.6,1.8,2014-08-24,0404,Aqua,MODIS,72,6.2,305.8,112.9,D,0
-16.1566,135.7803,327.5,3.6,1.8,2014-08-24,0404,Aqua,MODIS,54,6.2,306.7,74.9,D,0
-15.5088,145.1535,324.8,1,1,2014-08-24,0404,Aqua,MODIS,70,6.2,296.9,14.5,D,0
-14.6551,144.4977,332.2,1,1,2014-08-24,0404,Aqua,MODIS,66,6.2,298,19.9,D,0
-14.8896,142.2667,328.1,1.2,1.1,2014-08-24,0404,Aqua,MODIS,45,6.2,305,18.9,D,0
-15.5005,135.639,335.9,3.6,1.8,2014-08-24,0404,Aqua,MODIS,87,6.2,306.1,168.8,D,0
-14.8024,142.0794,341.2,1.2,1.1,2014-08-24,0404,Aqua,MODIS,88,6.2,309.6,39.7,D,0
-14.8857,144.2316,335.3,1,1,2014-08-24,0404,Aqua,MODIS,84,6.2,304.4,24.1,D,0
-16.4631,136.9795,322.9,2.9,1.6,2014-08-24,0404,Aqua,MODIS,67,6.2,305.4,38.7,D,0
-16.4601,137.0018,337.9,2.9,1.6,2014-08-24,0404,Aqua,MODIS,87,6.2,306.9,130.2,D,0
-16.4603,137.0067,336,2.9,1.6,2014-08-24,0404,Aqua,MODIS,85,6.2,306.9,118.4,D,0
-16.8406,138.539,328.9,2.3,1.5,2014-08-24,0404,Aqua,MODIS,79,6.2,303.5,53.5,D,0
-16.8413,138.5556,321,2.2,1.5,2014-08-24,0404,Aqua,MODIS,66,6.2,304.2,24.3,D,0
-16.8438,138.5346,326.8,2.3,1.5,2014-08-24,0404,Aqua,MODIS,76,6.2,303.5,44.1,D,0
-17.3851,138.6622,337.9,2.2,1.5,2014-08-24,0404,Aqua,MODIS,86,6.2,305.9,86.6,D,0
-17.4066,138.7073,328,2.2,1.4,2014-08-24,0404,Aqua,MODIS,39,6.2,304.6,42.3,D,0
-17.4113,138.6653,350.8,2.2,1.5,2014-08-24,0404,Aqua,MODIS,95,6.2,303.3,171.4,D,0
-17.8538,138.5311,335.9,2.3,1.5,2014-08-24,0404,Aqua,MODIS,84,6.2,311.1,76.8,D,0
-17.8562,138.5091,328,2.3,1.5,2014-08-24,0404,Aqua,MODIS,71,6.2,308.8,40.6,D,0
-16.3735,135.9888,332,3.5,1.8,2014-08-24,0404,Aqua,MODIS,78,6.2,307.9,99.2,D,0
-16.3436,135.6482,321.9,3.7,1.8,2014-08-24,0404,Aqua,MODIS,66,6.2,307.2,49.6,D,0
-16.4049,135.9314,345.7,3.5,1.8,2014-08-24,0404,Aqua,MODIS,92,6.2,306.8,248.8,D,0
-16.3858,135.9621,330.9,3.5,1.8,2014-08-24,0404,Aqua,MODIS,68,6.2,308,93.6,D,0
-16.389,135.9298,327.1,3.5,1.8,2014-08-24,0404,Aqua,MODIS,37,6.2,306.8,72.3,D,0
-16.3922,135.8969,322,3.5,1.8,2014-08-24,0404,Aqua,MODIS,13,6.2,305.4,47.2,D,0
-16.3699,135.9606,355.4,3.5,1.8,2014-08-24,0404,Aqua,MODIS,97,6.2,308.4,369,D,0
-16.373,135.9283,337.2,3.5,1.8,2014-08-24,0404,Aqua,MODIS,86,6.2,307.3,154.9,D,0
-16.4122,135.9273,334.5,3.5,1.8,2014-08-24,0404,Aqua,MODIS,75,6.2,306.7,131.2,D,0
-16.3963,135.926,334,3.5,1.8,2014-08-24,0404,Aqua,MODIS,71,6.2,305.8,125.9,D,0
-16.3803,135.9246,324.5,3.5,1.8,2014-08-24,0404,Aqua,MODIS,25,6.2,307.4,58,D,0
-16.3769,135.9568,354,3.5,1.8,2014-08-24,0404,Aqua,MODIS,97,6.2,308.8,351.6,D,0
-16.3644,135.9227,329.6,3.5,1.8,2014-08-24,0404,Aqua,MODIS,73,6.2,306.1,91.4,D,0
-16.361,135.9552,332.7,3.5,1.8,2014-08-24,0404,Aqua,MODIS,82,6.2,306.7,113.2,D,0
-16.593,139.349,330.1,1.9,1.4,2014-08-24,0404,Aqua,MODIS,68,6.2,304.8,52.5,D,0
-15.3338,141.6801,330.1,1.3,1.1,2014-08-24,0404,Aqua,MODIS,69,6.2,308.4,22.7,D,0
-15.3323,141.692,324.6,1.3,1.1,2014-08-24,0404,Aqua,MODIS,34,6.2,308.3,12.8,D,0
-15.344,141.6815,325.4,1.3,1.1,2014-08-24,0404,Aqua,MODIS,53,6.2,310.2,14.3,D,0
-15.3424,141.6934,323.9,1.3,1.1,2014-08-24,0404,Aqua,MODIS,43,6.2,307.4,11.4,D,0
-14.8039,142.0682,328.1,1.2,1.1,2014-08-24,0404,Aqua,MODIS,57,6.2,308.1,14.2,D,0
-17.785,138.449,334.2,2.4,1.5,2014-08-24,0404,Aqua,MODIS,75,6.2,306.5,72,D,0
-17.7874,138.4268,331.6,2.4,1.5,2014-08-24,0404,Aqua,MODIS,68,6.2,305.1,63.7,D,0
-17.7898,138.4044,348.1,2.4,1.5,2014-08-24,0404,Aqua,MODIS,93,6.2,305.2,166.6,D,0
-16.0108,144.338,326.5,1,1,2014-08-24,0404,Aqua,MODIS,74,6.2,306.9,12.9,D,0
-15.6098,145.2194,322.1,1,1,2014-08-24,0404,Aqua,MODIS,61,6.2,298.8,11.2,D,0
-15.6135,145.2579,316.8,1,1,2014-08-24,0404,Aqua,MODIS,48,6.2,290.8,8.8,D,0
-15.6085,145.2287,320.7,1,1,2014-08-24,0404,Aqua,MODIS,52,6.2,296,10.1,D,0
-14.7185,141.9479,348.4,1.2,1.1,2014-08-24,0405,Aqua,MODIS,93,6.2,308.7,60.3,D,0
-13.6216,134.5847,320.6,4.1,1.9,2014-08-24,0405,Aqua,MODIS,44,6.2,304.3,51.9,D,0
-13.6289,134.5512,321.2,4.1,1.9,2014-08-24,0405,Aqua,MODIS,38,6.2,303.6,47.9,D,0
-14.72,141.9366,337.3,1.2,1.1,2014-08-24,0405,Aqua,MODIS,85,6.2,306,31.9,D,0
-13.898,136.5681,322.8,2.9,1.6,2014-08-24,0405,Aqua,MODIS,73,6.2,298.7,63.8,D,0
-14.7087,141.9466,331,1.2,1.1,2014-08-24,0405,Aqua,MODIS,72,6.2,307.8,20.4,D,0
-12.1399,136.347,316.2,2.8,1.6,2014-08-24,0405,Aqua,MODIS,46,6.2,294.5,28.8,D,0
-12.1368,136.3729,319.4,2.8,1.6,2014-08-24,0405,Aqua,MODIS,66,6.2,295.9,42.1,D,0
-13.901,136.5414,324.4,2.9,1.6,2014-08-24,0405,Aqua,MODIS,75,6.2,297.8,71.9,D,0
-13.8967,136.5605,324.6,2.9,1.6,2014-08-24,0405,Aqua,MODIS,60,6.2,298.7,66.1,D,0
-13.6257,134.5466,322.2,4.1,1.9,2014-08-24,0405,Aqua,MODIS,72,6.2,303.7,58.9,D,0
-12.8074,135.124,325.1,3.6,1.8,2014-08-24,0405,Aqua,MODIS,76,6.2,300.6,86,D,0
-13.5037,141.8067,324.9,1.2,1.1,2014-08-24,0405,Aqua,MODIS,75,6.2,290,16.3,D,0
-13.3,135.8511,314,3.2,1.7,2014-08-24,0405,Aqua,MODIS,28,6.2,295.8,29.2,D,0
-13.2963,135.8556,315.3,3.2,1.7,2014-08-24,0405,Aqua,MODIS,0,6.2,296,33.1,D,0
-12.4486,135.7833,336.5,3.2,1.7,2014-08-24,0405,Aqua,MODIS,87,6.2,299.5,153.1,D,0
-15.1575,134.6916,323.1,4.2,1.9,2014-08-24,0405,Aqua,MODIS,75,6.2,306.8,85.6,D,0
-12.4543,135.8466,319.9,3.1,1.7,2014-08-24,0405,Aqua,MODIS,40,6.2,300.4,41.1,D,0
-13.8961,142.1473,317.4,1.2,1.1,2014-08-24,0405,Aqua,MODIS,67,6.2,285.2,9.5,D,0
-13.8975,142.1365,325,1.2,1.1,2014-08-24,0405,Aqua,MODIS,78,6.2,285.8,19.7,D,0
-12.4451,135.812,328.9,3.2,1.7,2014-08-24,0405,Aqua,MODIS,75,6.2,300.6,91.8,D,0
-12.4608,135.7892,339.7,3.2,1.7,2014-08-24,0405,Aqua,MODIS,89,6.2,299.7,178.1,D,0
-12.4576,135.818,338.4,3.2,1.7,2014-08-24,0405,Aqua,MODIS,88,6.2,301.1,164.8,D,0
-15.1114,134.804,336,4.1,1.9,2014-08-24,0405,Aqua,MODIS,87,6.2,305.4,195.8,D,0
-12.4456,135.7876,343.9,3.2,1.7,2014-08-24,0405,Aqua,MODIS,92,6.2,299.5,219.4,D,0
-15.1075,134.8419,323.5,4.1,1.9,2014-08-24,0405,Aqua,MODIS,67,6.2,305.7,69.5,D,0
-15.1154,134.8114,334.2,4.1,1.9,2014-08-24,0405,Aqua,MODIS,86,6.2,305.5,168.1,D,0
-12.5587,141.7912,335.5,1.2,1.1,2014-08-24,0405,Aqua,MODIS,74,6.2,304,28.9,D,0
-13.1776,135.19,319,3.6,1.8,2014-08-24,0405,Aqua,MODIS,61,6.2,300.9,47.6,D,0
-12.4424,135.8163,321.4,3.2,1.7,2014-08-24,0405,Aqua,MODIS,52,6.2,300.2,48.7,D,0
-15.174,134.7399,324,4.2,1.9,2014-08-24,0405,Aqua,MODIS,71,6.2,306.3,77.9,D,0
-15.1705,134.7323,328.6,4.2,1.9,2014-08-24,0405,Aqua,MODIS,81,6.2,306.6,120.7,D,0
-15.3473,134.7622,322.9,4.2,1.9,2014-08-24,0405,Aqua,MODIS,62,6.2,306.1,78.1,D,0
-12.4293,135.4144,327.6,3.4,1.7,2014-08-24,0405,Aqua,MODIS,74,6.2,294,97.4,D,0
-13.3436,135.3226,327.2,3.6,1.8,2014-08-24,0405,Aqua,MODIS,78,6.2,298.4,109.2,D,0
-13.5071,141.7901,330.2,1.2,1.1,2014-08-24,0405,Aqua,MODIS,36,6.2,293.7,20.3,D,0
-13.3858,143.0565,321.4,1.1,1,2014-08-24,0405,Aqua,MODIS,61,6.2,299.1,10.1,D,0
-13.3753,143.0649,320.5,1.1,1,2014-08-24,0405,Aqua,MODIS,60,6.2,300.4,9.2,D,0
-15.1746,134.6934,325.8,4.2,1.9,2014-08-24,0405,Aqua,MODIS,73,6.2,305.3,102.4,D,0
-12.8027,135.0822,322.5,3.6,1.8,2014-08-24,0405,Aqua,MODIS,72,6.2,298.3,69.5,D,0
-15.3433,134.8007,322.9,4.1,1.9,2014-08-24,0405,Aqua,MODIS,60,6.2,308,74.8,D,0
-15.347,134.8083,320.5,4.1,1.9,2014-08-24,0405,Aqua,MODIS,46,6.2,307.1,57.6,D,0
-12.7988,135.1157,342.9,3.6,1.8,2014-08-24,0405,Aqua,MODIS,91,6.2,301.1,247.5,D,0
-13.5198,141.7693,324.6,1.2,1.1,2014-08-24,0405,Aqua,MODIS,48,6.2,292.9,13.9,D,0
-15.3508,134.7698,326.9,4.2,1.9,2014-08-24,0405,Aqua,MODIS,80,6.2,305.6,114.3,D,0
-13.5057,141.8012,336.9,1.2,1.1,2014-08-24,0405,Aqua,MODIS,87,6.2,292,35,D,0
-15.1608,134.6992,329.6,4.2,1.9,2014-08-24,0405,Aqua,MODIS,78,6.2,306.6,135.3,D,0
-13.5052,141.7957,328.9,1.2,1.1,2014-08-24,0405,Aqua,MODIS,80,6.2,292.8,21.8,D,0
-13.5085,141.779,326.8,1.2,1.1,2014-08-24,0405,Aqua,MODIS,57,6.2,293.7,16.7,D,0
-12.7381,135.3149,321.6,3.5,1.8,2014-08-24,0405,Aqua,MODIS,40,6.2,300.5,48.1,D,0
-12.4393,135.4202,329,3.4,1.7,2014-08-24,0405,Aqua,MODIS,76,6.2,293.7,108.5,D,0
-12.7913,135.1223,338,3.6,1.8,2014-08-24,0405,Aqua,MODIS,88,6.2,299.8,195.8,D,0
-13.279,135.3748,321,3.5,1.8,2014-08-24,0405,Aqua,MODIS,45,6.2,298.4,62.2,D,0
-12.556,135.4736,324.2,3.4,1.7,2014-08-24,0405,Aqua,MODIS,61,6.2,297.9,76.9,D,0
-13.2887,135.3829,322,3.5,1.8,2014-08-24,0405,Aqua,MODIS,58,6.2,298.2,68.8,D,0
-12.6112,136.1889,315.2,3,1.6,2014-08-24,0405,Aqua,MODIS,35,6.2,297.9,26.4,D,0
-12.6382,135.822,318.3,3.2,1.7,2014-08-24,0405,Aqua,MODIS,20,6.2,299.5,40.7,D,0
-12.8296,142.8895,325,1.1,1,2014-08-24,0405,Aqua,MODIS,68,6.2,296.4,15.4,D,0
-12.5594,135.4426,327.9,3.4,1.7,2014-08-24,0405,Aqua,MODIS,79,6.2,296.4,99.6,D,0
-12.3422,135.7701,325.3,3.2,1.7,2014-08-24,0405,Aqua,MODIS,76,6.2,301,72.3,D,0
-12.4257,135.4457,326,3.4,1.7,2014-08-24,0405,Aqua,MODIS,70,6.2,293.2,79.4,D,0
-15.5211,135.6707,328.8,3.6,1.8,2014-08-24,0405,Aqua,MODIS,82,6.2,306.5,104.1,D,0
-12.5581,135.6211,333.7,3.3,1.7,2014-08-24,0405,Aqua,MODIS,82,6.2,297.9,128.6,D,0
-15.5247,135.6373,359.2,3.6,1.8,2014-08-24,0405,Aqua,MODIS,99,6.2,308.6,471.6,D,0
-12.8769,136.3758,315.2,2.9,1.6,2014-08-24,0405,Aqua,MODIS,55,6.2,296.5,30.8,D,0
-14.3392,135.077,321.6,3.8,1.8,2014-08-24,0405,Aqua,MODIS,71,6.2,304.9,66.8,D,0
-12.1359,134.361,315.1,4.1,1.9,2014-08-24,0405,Aqua,MODIS,63,6.2,292.1,53.7,D,0
-13.3471,135.2905,322.1,3.6,1.8,2014-08-24,0405,Aqua,MODIS,71,6.2,297.6,73.8,D,0
-12.8623,136.3741,332.5,2.9,1.6,2014-08-24,0405,Aqua,MODIS,83,6.2,297,116.4,D,0
-12.7161,135.2725,367.6,3.5,1.8,2014-08-24,0405,Aqua,MODIS,100,6.2,300.8,605.7,D,0
-13.3632,135.2919,325.2,3.6,1.8,2014-08-24,0405,Aqua,MODIS,75,6.2,298.4,94,D,0
-12.8087,135.2576,319.4,3.5,1.8,2014-08-24,0405,Aqua,MODIS,66,6.2,300.4,43.8,D,0
-12.1911,142.2531,322.6,1.1,1.1,2014-08-24,0405,Aqua,MODIS,43,6.2,296.4,10.5,D,0
-12.0662,142.035,320.8,1.1,1.1,2014-08-24,0405,Aqua,MODIS,36,6.2,294.7,14.8,D,0
-12.3786,136.6258,330.2,2.7,1.6,2014-08-24,0405,Aqua,MODIS,82,6.2,295.5,100.4,D,0
-12.3816,136.6011,330.2,2.7,1.6,2014-08-24,0405,Aqua,MODIS,82,6.2,293.6,101.2,D,0
-15.1779,134.701,322.3,4.2,1.9,2014-08-24,0405,Aqua,MODIS,68,6.2,305.1,72.5,D,0
-12.5486,135.9521,321.8,3.1,1.7,2014-08-24,0405,Aqua,MODIS,63,6.2,298.3,56.4,D,0
-12.3455,135.7405,319.2,3.2,1.7,2014-08-24,0405,Aqua,MODIS,60,6.2,299.4,38.2,D,0
-12.7319,135.2743,325.2,3.5,1.8,2014-08-24,0405,Aqua,MODIS,63,6.2,300,75.9,D,0
-12.2579,142.3001,325.2,1.1,1,2014-08-24,0405,Aqua,MODIS,62,6.2,297.9,15.2,D,0
-12.7292,135.2483,328.5,3.5,1.8,2014-08-24,0405,Aqua,MODIS,48,6.2,299,91.2,D,0
-12.1848,133.5613,320.4,4.7,2,2014-08-24,0405,Aqua,MODIS,65,6.2,299.5,65.2,D,0
-12.57,135.6302,331.5,3.3,1.7,2014-08-24,0405,Aqua,MODIS,74,6.2,298.2,113.8,D,0
-12.7197,135.2399,321.3,3.5,1.8,2014-08-24,0405,Aqua,MODIS,58,6.2,297.7,53.4,D,0
-12.1884,142.2733,340.2,1.1,1,2014-08-24,0405,Aqua,MODIS,89,6.2,300.1,37.1,D,0
-12.8203,142.8882,318.2,1.1,1,2014-08-24,0405,Aqua,MODIS,37,6.2,298.1,9,D,0
-11.9825,142.5067,327.2,1.1,1,2014-08-24,0405,Aqua,MODIS,76,6.2,289.6,20.9,D,0
-12.1855,133.5534,318.5,4.7,2,2014-08-24,0405,Aqua,MODIS,58,6.2,299.5,55.3,D,0
-12.5358,142.1747,327.4,1.1,1.1,2014-08-24,0405,Aqua,MODIS,77,6.2,298.5,16.8,D,0
-14.3322,135.0446,318.7,3.8,1.8,2014-08-24,0405,Aqua,MODIS,69,6.2,304.6,48.6,D,0
-12.5607,135.4665,337.5,3.4,1.7,2014-08-24,0405,Aqua,MODIS,87,6.2,296.5,178.5,D,0
-12.8774,136.381,314.1,2.9,1.6,2014-08-24,0405,Aqua,MODIS,33,6.2,296.6,24.2,D,0
-12.1898,142.2632,328.5,1.1,1.1,2014-08-24,0405,Aqua,MODIS,73,6.2,296.1,17.2,D,0
-12.7257,135.2808,350.2,3.5,1.8,2014-08-24,0405,Aqua,MODIS,95,6.2,301.1,314.9,D,0
-12.1271,134.3896,313.6,4,1.9,2014-08-24,0405,Aqua,MODIS,59,6.2,291.3,44.6,D,0
-13.1577,135.4587,330.6,3.4,1.7,2014-08-24,0405,Aqua,MODIS,82,6.2,296.7,128.6,D,0
-12.8944,134.7881,320.8,3.8,1.8,2014-08-24,0405,Aqua,MODIS,68,6.2,302.6,59.7,D,0
-15.5087,135.6355,345.6,3.6,1.8,2014-08-24,0405,Aqua,MODIS,93,6.2,308,279,D,0
-13.3553,135.2961,325.5,3.6,1.8,2014-08-24,0405,Aqua,MODIS,44,6.2,298.6,88,D,0
-12.5372,142.1643,322,1.1,1.1,2014-08-24,0405,Aqua,MODIS,36,6.2,301.2,9.6,D,0
-13.3713,135.2975,321.2,3.6,1.8,2014-08-24,0405,Aqua,MODIS,64,6.2,298.3,65.7,D,0
-12.1313,134.3528,312.7,4.1,1.9,2014-08-24,0405,Aqua,MODIS,55,6.2,292,39.4,D,0
-15.5284,135.6037,331.8,3.6,1.8,2014-08-24,0405,Aqua,MODIS,84,6.2,302.7,136.4,D,0
-12.795,135.0887,338.7,3.6,1.8,2014-08-24,0405,Aqua,MODIS,88,6.2,298.3,206.1,D,0
-15.5123,135.6019,329.7,3.6,1.8,2014-08-24,0405,Aqua,MODIS,82,6.2,303.2,119.7,D,0
-12.3444,135.7629,329.3,3.2,1.7,2014-08-24,0405,Aqua,MODIS,80,6.2,300.6,96.8,D,0
-12.3367,135.4282,340.9,3.4,1.7,2014-08-24,0405,Aqua,MODIS,82,6.2,296.7,201.6,D,0
-12.5546,135.6282,324.7,3.3,1.7,2014-08-24,0405,Aqua,MODIS,67,6.2,296.5,72.2,D,0
-12.5643,135.4355,321.4,3.4,1.7,2014-08-24,0405,Aqua,MODIS,41,6.2,294.3,57.2,D,0
-12.5763,134.2864,317,4.2,1.9,2014-08-24,0405,Aqua,MODIS,62,6.2,298.8,42.5,D,0
-14.3285,135.0801,321.7,3.8,1.8,2014-08-24,0405,Aqua,MODIS,74,6.2,304.2,69.3,D,0
-12.5403,142.1704,328.3,1.1,1.1,2014-08-24,0405,Aqua,MODIS,47,6.2,301.8,15.7,D,0
-15.4926,135.6337,319.8,3.6,1.8,2014-08-24,0405,Aqua,MODIS,72,6.2,304.2,51.6,D,0
-12.5498,142.1718,327,1.1,1.1,2014-08-24,0405,Aqua,MODIS,42,6.2,302,13.9,D,0
-12.819,142.898,320.4,1.1,1,2014-08-24,0405,Aqua,MODIS,63,6.2,298.2,11.2,D,0
-12.7125,135.3045,337.1,3.5,1.8,2014-08-24,0405,Aqua,MODIS,87,6.2,299.2,167.4,D,0
-12.4413,135.4475,319.9,3.4,1.7,2014-08-24,0405,Aqua,MODIS,51,6.2,296.1,49.2,D,0
-13.0542,142.9344,320.6,1.1,1,2014-08-24,0405,Aqua,MODIS,67,6.2,298.4,11.2,D,0
-12.8744,142.0987,321.2,1.1,1.1,2014-08-24,0405,Aqua,MODIS,55,6.2,300,7.3,D,0
-12.4359,135.4514,324.4,3.4,1.7,2014-08-24,0405,Aqua,MODIS,61,6.2,296.1,72.1,D,0
-13.1484,135.4527,328.4,3.4,1.7,2014-08-24,0405,Aqua,MODIS,80,6.2,295.8,112.4,D,0
-11.9811,142.5166,316,1.1,1,2014-08-24,0405,Aqua,MODIS,37,6.2,288.2,7.4,D,0
-12.9398,135.178,318.6,3.6,1.8,2014-08-24,0405,Aqua,MODIS,65,6.2,300.4,51.5,D,0
-30.8697,121.4917,337.9,1.1,1.1,2014-08-24,0539,Aqua,MODIS,88,6.2,307.2,36.6,D,2
-22.889,127.8766,319.9,1.8,1.3,2014-08-24,0541,Aqua,MODIS,55,6.2,308.2,15.6,D,0
-22.9148,127.9377,328.9,1.9,1.3,2014-08-24,0541,Aqua,MODIS,76,6.2,309.7,39.4,D,0
-22.9116,127.9556,323.5,1.9,1.3,2014-08-24,0541,Aqua,MODIS,67,6.2,309.5,24.3,D,0
-21.3885,126.5766,450,1.6,1.2,2014-08-24,0541,Aqua,MODIS,100,6.2,327.2,1386.3,D,0
-21.3859,126.5918,454,1.6,1.2,2014-08-24,0541,Aqua,MODIS,100,6.2,323.3,1494.1,D,0
-21.3832,126.607,471.1,1.6,1.2,2014-08-24,0541,Aqua,MODIS,100,6.2,331.1,2020.7,D,0
-23.6677,124.7109,337.7,1.1,1.1,2014-08-24,0541,Aqua,MODIS,83,6.2,314,30.6,D,0
-23.6659,124.7221,325.8,1.1,1.1,2014-08-24,0541,Aqua,MODIS,64,6.2,312.3,11.2,D,0
-21.3806,126.6223,414.6,1.6,1.2,2014-08-24,0541,Aqua,MODIS,100,6.2,306.6,676.7,D,0
-21.4082,126.5962,347.7,1.6,1.2,2014-08-24,0541,Aqua,MODIS,86,6.2,301,84.9,D,0
-21.4193,126.5984,339,1.6,1.2,2014-08-24,0541,Aqua,MODIS,55,6.2,302,57,D,0
-21.4167,126.6137,360.4,1.6,1.2,2014-08-24,0541,Aqua,MODIS,100,6.2,305.6,146.7,D,0
-21.4278,126.6159,345.7,1.6,1.2,2014-08-24,0541,Aqua,MODIS,85,6.2,306.3,79.1,D,0
-21.4022,126.5636,389.9,1.6,1.2,2014-08-24,0541,Aqua,MODIS,100,6.2,303.6,368.9,D,0
-21.3996,126.5788,424.3,1.6,1.2,2014-08-24,0541,Aqua,MODIS,100,6.2,313.9,832.1,D,0
-21.397,126.594,372.9,1.6,1.2,2014-08-24,0541,Aqua,MODIS,100,6.2,304.4,221.9,D,0
-21.314,126.8023,370.4,1.7,1.3,2014-08-24,0541,Aqua,MODIS,100,6.2,312.8,218,D,0
-21.3721,126.6048,349.1,1.6,1.2,2014-08-24,0541,Aqua,MODIS,93,6.2,293.5,93.1,D,0
-21.3911,126.5614,443.9,1.6,1.2,2014-08-24,0541,Aqua,MODIS,100,6.2,321.1,1230.1,D,0
-21.3944,126.6092,377.5,1.6,1.2,2014-08-24,0541,Aqua,MODIS,100,6.2,314.6,256.6,D,0
-21.3112,126.8182,388.6,1.7,1.3,2014-08-24,0541,Aqua,MODIS,100,6.2,315.5,374.7,D,0
-21.3917,126.6246,383.4,1.6,1.2,2014-08-24,0541,Aqua,MODIS,100,6.2,318.8,302.1,D,0
-21.9278,119.6377,326.3,1.1,1,2014-08-24,0541,Aqua,MODIS,71,6.2,312.9,13.3,D,0
-21.3827,126.5441,336.9,1.6,1.2,2014-08-24,0541,Aqua,MODIS,84,6.2,292.8,55.2,D,0
-21.4108,126.581,365.2,1.6,1.2,2014-08-24,0541,Aqua,MODIS,100,6.2,301.2,178.1,D,0
-21.3225,126.8204,325.2,1.7,1.3,2014-08-24,0541,Aqua,MODIS,68,6.2,311.6,20.6,D,0
-21.4252,126.6313,392.2,1.6,1.2,2014-08-24,0541,Aqua,MODIS,100,6.2,314.1,390.8,D,0
-21.4191,126.6053,357.1,1.6,1.2,2014-08-24,0541,Aqua,MODIS,98,6.2,304.6,130.8,D,0
-21.4164,126.6206,347.4,1.6,1.2,2014-08-24,0541,Aqua,MODIS,92,6.2,304.6,85.7,D,0
-21.4275,126.6228,393.2,1.6,1.2,2014-08-24,0541,Aqua,MODIS,100,6.2,311.8,403.1,D,0
-21.389,126.64,352.7,1.6,1.2,2014-08-24,0541,Aqua,MODIS,93,6.2,303.2,106.1,D,0
-21.9264,119.6484,329.6,1.1,1,2014-08-24,0541,Aqua,MODIS,76,6.2,311.4,17.9,D,0
-21.9322,119.645,338.1,1.1,1,2014-08-24,0541,Aqua,MODIS,85,6.2,313.3,30.2,D,0
-21.9739,119.6951,330.5,1.1,1,2014-08-24,0541,Aqua,MODIS,77,6.2,310.3,19.1,D,0
-21.3976,126.6578,357.6,1.6,1.3,2014-08-24,0541,Aqua,MODIS,98,6.2,302.2,128.8,D,0
-21.3949,126.6732,350.8,1.6,1.3,2014-08-24,0541,Aqua,MODIS,92,6.2,307.2,99.7,D,0
-21.4088,126.66,339,1.6,1.3,2014-08-24,0541,Aqua,MODIS,79,6.2,302.9,50,D,0
-21.4061,126.6754,362.2,1.6,1.3,2014-08-24,0541,Aqua,MODIS,100,6.2,313.3,153.8,D,0
-21.4034,126.691,339.6,1.6,1.3,2014-08-24,0541,Aqua,MODIS,69,6.2,307.6,53.3,D,0
-21.4173,126.6777,347.6,1.6,1.3,2014-08-24,0541,Aqua,MODIS,92,6.2,307.5,80.6,D,0
-21.4147,126.6932,383.4,1.6,1.3,2014-08-24,0541,Aqua,MODIS,100,6.2,315.9,303.9,D,0
-21.4676,126.8459,326.5,1.7,1.3,2014-08-24,0541,Aqua,MODIS,16,6.2,310.3,22.1,D,0
-21.4067,126.7398,335.2,1.6,1.3,2014-08-24,0541,Aqua,MODIS,51,6.2,309.3,41.2,D,0
-21.4622,126.823,330,1.7,1.3,2014-08-24,0541,Aqua,MODIS,58,6.2,311,29.2,D,0
-21.4649,126.8072,333.7,1.6,1.3,2014-08-24,0541,Aqua,MODIS,81,6.2,310.6,40.7,D,0
-21.3689,126.557,337.5,1.6,1.2,2014-08-24,0541,Aqua,MODIS,85,6.2,291.9,57,D,0
-21.3662,126.5722,332.5,1.6,1.2,2014-08-24,0541,Aqua,MODIS,72,6.2,294.4,41.2,D,0
-21.4645,126.7423,347.9,1.6,1.3,2014-08-24,0541,Aqua,MODIS,93,6.2,311.5,88.1,D,0
-21.4672,126.7268,376.7,1.6,1.3,2014-08-24,0541,Aqua,MODIS,100,6.2,315.2,255.8,D,0
-21.3636,126.5874,323.4,1.6,1.2,2014-08-24,0541,Aqua,MODIS,50,6.2,294.2,20.7,D,0
-21.4699,126.7112,356.8,1.6,1.3,2014-08-24,0541,Aqua,MODIS,98,6.2,311.4,129.7,D,0
-21.4368,126.8341,335.3,1.7,1.3,2014-08-24,0541,Aqua,MODIS,82,6.2,310.6,42.7,D,0
-21.4396,126.8184,333.2,1.7,1.3,2014-08-24,0541,Aqua,MODIS,66,6.2,311,34.5,D,0
-21.4587,126.709,346.3,1.6,1.3,2014-08-24,0541,Aqua,MODIS,92,6.2,311.1,78.3,D,0
-21.4502,126.6912,341.2,1.6,1.3,2014-08-24,0541,Aqua,MODIS,70,6.2,309,59.1,D,0
-21.38,126.5592,436.3,1.6,1.2,2014-08-24,0541,Aqua,MODIS,100,6.2,309.1,1061.2,D,0
-21.4529,126.6757,350.8,1.6,1.3,2014-08-24,0541,Aqua,MODIS,94,6.2,308.7,97.9,D,0
-21.4335,126.7201,340.7,1.6,1.3,2014-08-24,0541,Aqua,MODIS,87,6.2,310,51.3,D,0
-21.4223,126.7178,355.1,1.6,1.3,2014-08-24,0541,Aqua,MODIS,97,6.2,312.5,111.1,D,0
-21.425,126.7023,355.7,1.6,1.3,2014-08-24,0541,Aqua,MODIS,97,6.2,309.7,112.9,D,0
-21.4138,126.7,372.2,1.6,1.3,2014-08-24,0541,Aqua,MODIS,100,6.2,313.2,211.1,D,0
-21.4166,126.6845,387.2,1.6,1.3,2014-08-24,0541,Aqua,MODIS,100,6.2,313.1,336.8,D,0
-21.3774,126.5744,399.8,1.6,1.2,2014-08-24,0541,Aqua,MODIS,100,6.2,301.4,471.6,D,0
-21.3747,126.5896,359.1,1.6,1.2,2014-08-24,0541,Aqua,MODIS,99,6.2,294.6,139.8,D,0
-21.3938,126.5463,338.3,1.6,1.2,2014-08-24,0541,Aqua,MODIS,82,6.2,294.4,58.2,D,0
-21.4248,126.6382,378.1,1.6,1.2,2014-08-24,0541,Aqua,MODIS,100,6.2,309.2,262.9,D,0
-21.4054,126.6823,355.7,1.6,1.3,2014-08-24,0541,Aqua,MODIS,97,6.2,311.5,117,D,0
-21.4081,126.6668,355.5,1.6,1.3,2014-08-24,0541,Aqua,MODIS,97,6.2,308.7,114.7,D,0
-21.8664,119.413,323.8,1.1,1.1,2014-08-24,0541,Aqua,MODIS,64,6.2,311.3,9.8,D,0
-21.8691,119.4189,328.9,1.1,1.1,2014-08-24,0541,Aqua,MODIS,75,6.2,311.8,14.5,D,0
-21.9005,119.4014,324.3,1.1,1.1,2014-08-24,0541,Aqua,MODIS,49,6.2,312.2,7,D,0
-21.9087,119.4138,325.4,1.1,1.1,2014-08-24,0541,Aqua,MODIS,67,6.2,312.8,8.7,D,0
-22.9657,122.6023,325.6,1,1,2014-08-24,0541,Aqua,MODIS,65,6.2,309.9,10.5,D,0
-22.9642,122.6121,347.4,1,1,2014-08-24,0541,Aqua,MODIS,92,6.2,312,45.2,D,0
-22.9628,122.6219,324.5,1,1,2014-08-24,0541,Aqua,MODIS,57,6.2,310.3,9.6,D,0
-18.6119,130.1883,325.7,3.3,1.7,2014-08-24,0542,Aqua,MODIS,55,6.2,307.6,67.5,D,0
-18.5898,130.0824,326.1,3.3,1.7,2014-08-24,0542,Aqua,MODIS,72,6.2,305.1,76.7,D,0
-18.599,130.1163,334.3,3.3,1.7,2014-08-24,0542,Aqua,MODIS,81,6.2,303.8,127,D,0
-18.5838,130.113,384.6,3.3,1.7,2014-08-24,0542,Aqua,MODIS,100,6.2,310.4,902.9,D,0
-17.3913,123.7999,397.9,1.2,1.1,2014-08-24,0542,Aqua,MODIS,100,6.2,324.7,302.1,D,0
-18.5778,130.0718,327.8,3.3,1.7,2014-08-24,0542,Aqua,MODIS,75,6.2,307.3,85.2,D,0
-18.593,130.147,337.6,3.3,1.7,2014-08-24,0542,Aqua,MODIS,86,6.2,308.4,149.5,D,0
-18.6022,130.1815,326.7,3.3,1.7,2014-08-24,0542,Aqua,MODIS,64,6.2,308.8,70.8,D,0
-18.2424,129.8175,325.2,3.2,1.7,2014-08-24,0542,Aqua,MODIS,64,6.2,306,65.3,D,0
-18.2554,129.828,325.8,3.2,1.7,2014-08-24,0542,Aqua,MODIS,56,6.2,307.9,65.4,D,0
-17.3814,123.7982,363.5,1.2,1.1,2014-08-24,0542,Aqua,MODIS,96,6.2,315.6,102.6,D,0
-17.4119,123.8634,331.7,1.3,1.1,2014-08-24,0542,Aqua,MODIS,21,6.2,316.9,15.4,D,0
-17.4218,123.8651,346.5,1.3,1.1,2014-08-24,0542,Aqua,MODIS,91,6.2,315.3,50.8,D,0
-17.42,123.8768,331.6,1.3,1.1,2014-08-24,0542,Aqua,MODIS,35,6.2,315.6,16.3,D,0
-18.5872,130.1059,366,3.3,1.7,2014-08-24,0542,Aqua,MODIS,100,6.2,308.9,513.2,D,0
-17.3691,123.8142,341.6,1.2,1.1,2014-08-24,0542,Aqua,MODIS,54,6.2,316.4,36,D,0
-17.3696,123.808,354.5,1.2,1.1,2014-08-24,0542,Aqua,MODIS,96,6.2,316.1,71,D,0
-17.3796,123.8098,402.8,1.2,1.1,2014-08-24,0542,Aqua,MODIS,100,6.2,321.8,339.9,D,0
-17.3932,123.7884,329.6,1.2,1.1,2014-08-24,0542,Aqua,MODIS,29,6.2,311.3,16.9,D,0
-17.3895,123.8115,382.8,1.2,1.1,2014-08-24,0542,Aqua,MODIS,100,6.2,326.7,193.6,D,0
-17.3876,123.8231,372.1,1.2,1.1,2014-08-24,0542,Aqua,MODIS,100,6.2,321.4,135.2,D,0
-17.372,123.8564,335.5,1.3,1.1,2014-08-24,0542,Aqua,MODIS,26,6.2,315.1,22.5,D,0
-17.3839,123.8465,342.5,1.2,1.1,2014-08-24,0542,Aqua,MODIS,62,6.2,316.4,34.5,D,0
-17.4107,123.9355,328,1.3,1.1,2014-08-24,0542,Aqua,MODIS,58,6.2,316.1,11,D,0
-18.5746,130.079,339.9,3.3,1.7,2014-08-24,0542,Aqua,MODIS,88,6.2,308.2,180.4,D,0
-18.5813,130.1366,353.6,3.3,1.7,2014-08-24,0542,Aqua,MODIS,96,6.2,307.9,324.4,D,0
-18.5719,130.1025,360.5,3.3,1.7,2014-08-24,0542,Aqua,MODIS,100,6.2,308.2,423.7,D,0
-18.5686,130.1096,344.1,3.3,1.7,2014-08-24,0542,Aqua,MODIS,91,6.2,306.7,214,D,0
-18.5778,130.1436,330.9,3.3,1.7,2014-08-24,0542,Aqua,MODIS,77,6.2,307.5,91.8,D,0
-21.2331,120.4979,345.5,1,1,2014-08-24,0542,Aqua,MODIS,91,6.2,314.1,41.7,D,0
-21.2318,120.5078,338.3,1,1,2014-08-24,0542,Aqua,MODIS,85,6.2,312.5,28.3,D,0
-21.224,120.4965,326,1,1,2014-08-24,0542,Aqua,MODIS,68,6.2,311.3,11.6,D,0
-21.32,116.3384,340.1,1.7,1.3,2014-08-24,0542,Aqua,MODIS,86,6.2,314.1,62.9,D,0
-21.3218,116.3218,331.4,1.7,1.3,2014-08-24,0542,Aqua,MODIS,77,6.2,313.1,35,D,0
-21.3239,116.3337,332.9,1.7,1.3,2014-08-24,0542,Aqua,MODIS,79,6.2,312.2,37.2,D,0
-21.3104,116.3487,326.3,1.7,1.3,2014-08-24,0542,Aqua,MODIS,63,6.2,314.2,19.9,D,0
-21.3123,116.3323,375,1.7,1.3,2014-08-24,0542,Aqua,MODIS,100,6.2,318.3,257.7,D,0
-21.3143,116.3157,340.6,1.7,1.3,2014-08-24,0542,Aqua,MODIS,87,6.2,313.9,63.2,D,0
-21.2989,116.3472,328.6,1.7,1.3,2014-08-24,0542,Aqua,MODIS,72,6.2,314.3,25.8,D,0
-21.2606,116.3755,322.9,1.7,1.3,2014-08-24,0542,Aqua,MODIS,55,6.2,312.5,15.4,D,0
-19.0298,122.0269,343.6,1,1,2014-08-24,0542,Aqua,MODIS,89,6.2,315.7,34.5,D,0
-19.0312,122.0172,346.3,1,1,2014-08-24,0542,Aqua,MODIS,91,6.2,316.3,39,D,0
-19.0326,122.0076,335.1,1,1,2014-08-24,0542,Aqua,MODIS,80,6.2,314.9,20.3,D,0
-19.0341,121.9979,333,1,1,2014-08-24,0542,Aqua,MODIS,78,6.2,314.6,18.2,D,0
-19.0355,121.9883,333.7,1,1,2014-08-24,0542,Aqua,MODIS,79,6.2,315,19.1,D,0
-19.0177,122.048,340.5,1,1,2014-08-24,0542,Aqua,MODIS,86,6.2,316.6,27.8,D,0
-19.0191,122.0383,335.5,1,1,2014-08-24,0542,Aqua,MODIS,81,6.2,316.1,20.1,D,0
-19.0205,122.0286,326.8,1,1,2014-08-24,0542,Aqua,MODIS,55,6.2,315.8,8.5,D,0
-19.0773,121.5772,324.5,1,1,2014-08-24,0542,Aqua,MODIS,45,6.2,311.2,9.5,D,0
-19.0593,121.5742,335.6,1,1,2014-08-24,0542,Aqua,MODIS,53,6.2,310.1,22.4,D,0
-19.0683,121.5757,437.1,1,1,2014-08-24,0542,Aqua,MODIS,100,6.2,333.8,548.8,D,0
-19.062,121.6819,342.3,1,1,2014-08-24,0542,Aqua,MODIS,88,6.2,315.1,29.4,D,0
-19.1237,121.7671,331.2,1,1,2014-08-24,0542,Aqua,MODIS,72,6.2,315.3,13,D,0
-19.1251,121.7575,328.1,1,1,2014-08-24,0542,Aqua,MODIS,66,6.2,316.5,9.5,D,0
-19.1265,121.748,328.7,1,1,2014-08-24,0542,Aqua,MODIS,62,6.2,316.3,9.9,D,0
-19.0369,121.9787,340.5,1,1,2014-08-24,0542,Aqua,MODIS,86,6.2,315.7,28.2,D,0
-19.0384,121.969,340.5,1,1,2014-08-24,0542,Aqua,MODIS,86,6.2,316.2,28.9,D,0
-19.0398,121.9594,331.9,1,1,2014-08-24,0542,Aqua,MODIS,77,6.2,314.6,16,D,0
-19.0412,121.9498,334.4,1,1,2014-08-24,0542,Aqua,MODIS,80,6.2,314.3,19.8,D,0
-19.0426,121.9402,325.9,1,1,2014-08-24,0542,Aqua,MODIS,49,6.2,314.4,7.8,D,0
-19.0738,121.6643,349.6,1,1,2014-08-24,0542,Aqua,MODIS,87,6.2,318.4,40.8,D,0
-19.0752,121.6548,343.7,1,1,2014-08-24,0542,Aqua,MODIS,50,6.2,318,27.2,D,0
-19.0766,121.6453,353.7,1,1,2014-08-24,0542,Aqua,MODIS,90,6.2,317.5,47.4,D,0
-19.078,121.6357,361,1,1,2014-08-24,0542,Aqua,MODIS,100,6.2,318.3,65.6,D,0
-19.0634,121.6724,352.7,1,1,2014-08-24,0542,Aqua,MODIS,95,6.2,317.4,49.4,D,0
-19.0648,121.6628,346.8,1,1,2014-08-24,0542,Aqua,MODIS,80,6.2,319,35.1,D,0
-19.0718,121.6152,352.5,1,1,2014-08-24,0542,Aqua,MODIS,94,6.2,317.6,46.1,D,0
-19.0731,121.6057,390.4,1,1,2014-08-24,0542,Aqua,MODIS,100,6.2,321.8,180.6,D,0
-19.0745,121.5962,360.2,1,1,2014-08-24,0542,Aqua,MODIS,100,6.2,316.8,67.8,D,0
-19.0655,121.5947,338.8,1,1,2014-08-24,0542,Aqua,MODIS,31,6.2,318.2,21.6,D,0
-19.0669,121.5852,431.9,1,1,2014-08-24,0542,Aqua,MODIS,100,6.2,332.2,490.7,D,0
-19.0579,121.5837,357.9,1,1,2014-08-24,0542,Aqua,MODIS,97,6.2,315.2,64.3,D,0
-19.0419,121.6298,368.6,1,1,2014-08-24,0542,Aqua,MODIS,100,6.2,317.7,93.2,D,0
-19.0433,121.6203,364.8,1,1,2014-08-24,0542,Aqua,MODIS,100,6.2,317.5,80.1,D,0
-19.0343,121.6188,360.4,1,1,2014-08-24,0542,Aqua,MODIS,100,6.2,315.3,71,D,0
-19.0357,121.6093,352.3,1,1,2014-08-24,0542,Aqua,MODIS,95,6.2,316.6,50.6,D,0
-19.0371,121.5998,338.7,1,1,2014-08-24,0542,Aqua,MODIS,78,6.2,314.8,26.1,D,0
-19.0385,121.5903,330.4,1,1,2014-08-24,0542,Aqua,MODIS,45,6.2,311.7,15,D,0
-20.9842,118.3665,331.6,1.2,1.1,2014-08-24,0542,Aqua,MODIS,76,6.2,314.8,19.7,D,0
-20.9742,118.3651,332.5,1.2,1.1,2014-08-24,0542,Aqua,MODIS,77,6.2,316.4,21.5,D,0
-20.9642,118.3637,343.8,1.2,1.1,2014-08-24,0542,Aqua,MODIS,89,6.2,317.1,45.8,D,0
-20.7318,119.2361,330.7,1.1,1.1,2014-08-24,0542,Aqua,MODIS,35,6.2,314.1,14,D,0
-17.9621,123.6903,330,1.2,1.1,2014-08-24,0542,Aqua,MODIS,52,6.2,318.8,13.5,D,0
-17.9657,123.6678,344.1,1.2,1.1,2014-08-24,0542,Aqua,MODIS,85,6.2,317.6,40.7,D,0
-17.9675,123.6566,364.3,1.2,1.1,2014-08-24,0542,Aqua,MODIS,100,6.2,320.6,103.7,D,0
-20.9176,119.6541,326.3,1.1,1,2014-08-24,0542,Aqua,MODIS,65,6.2,311.1,12.2,D,0
-20.919,119.6436,323,1.1,1,2014-08-24,0542,Aqua,MODIS,45,6.2,311.2,8.3,D,0
-20.875,119.6155,330.3,1.1,1,2014-08-24,0542,Aqua,MODIS,74,6.2,315.3,16,D,0
-20.7919,119.2504,323.7,1.1,1.1,2014-08-24,0542,Aqua,MODIS,52,6.2,313.2,6.3,D,0
-20.7889,119.2446,325.8,1.1,1.1,2014-08-24,0542,Aqua,MODIS,62,6.2,313.7,10,D,0
-20.7508,119.2389,330.9,1.1,1.1,2014-08-24,0542,Aqua,MODIS,74,6.2,314.5,15.7,D,0
-18.9938,122.0837,332,1,1,2014-08-24,0542,Aqua,MODIS,69,6.2,313.6,16.9,D,0
-19.0057,122.0658,336.1,1,1,2014-08-24,0542,Aqua,MODIS,74,6.2,315.6,20.5,D,0
-19.0043,122.0755,334.8,1,1,2014-08-24,0542,Aqua,MODIS,63,6.2,314.1,19.5,D,0
-19.0162,122.0577,341.6,1,1,2014-08-24,0542,Aqua,MODIS,85,6.2,314.9,29,D,0
-17.9495,123.6365,348.1,1.2,1.1,2014-08-24,0542,Aqua,MODIS,92,6.2,318.9,55.2,D,0
-17.6216,122.7028,333.4,1.1,1,2014-08-24,0542,Aqua,MODIS,77,6.2,316.2,18.6,D,0
-17.6753,122.708,335.2,1.1,1,2014-08-24,0542,Aqua,MODIS,63,6.2,314,22.2,D,0
-17.6737,122.7182,374.9,1.1,1,2014-08-24,0542,Aqua,MODIS,100,6.2,320.8,131.5,D,0
-17.6721,122.7285,349.1,1.1,1,2014-08-24,0542,Aqua,MODIS,93,6.2,318.7,46.6,D,0
-17.6831,122.7198,368.7,1.1,1,2014-08-24,0542,Aqua,MODIS,100,6.2,318.9,109.8,D,0
-17.6815,122.7301,344.4,1.1,1,2014-08-24,0542,Aqua,MODIS,75,6.2,318.7,37.8,D,0
-17.9497,123.642,335.2,1.2,1.1,2014-08-24,0542,Aqua,MODIS,40,6.2,318,20.7,D,0
-17.5716,122.4285,335.3,1.1,1,2014-08-24,0542,Aqua,MODIS,80,6.2,313.7,24.1,D,0
-17.8001,122.3017,358.7,1.1,1,2014-08-24,0542,Aqua,MODIS,99,6.2,314.7,71.5,D,0
-17.95,122.425,387.4,1.1,1,2014-08-24,0542,Aqua,MODIS,100,6.2,322.3,187.6,D,0
-17.9485,122.435,386.4,1.1,1,2014-08-24,0542,Aqua,MODIS,100,6.2,322.2,182.8,D,0
-17.947,122.445,359.2,1.1,1,2014-08-24,0542,Aqua,MODIS,99,6.2,318.1,75.8,D,0
-17.8267,122.4387,348,1.1,1,2014-08-24,0542,Aqua,MODIS,76,6.2,313,42.3,D,0
-17.6367,122.4146,339.6,1.1,1,2014-08-24,0542,Aqua,MODIS,85,6.2,310.5,33.1,D,0
-17.7475,122.358,338.4,1.1,1,2014-08-24,0542,Aqua,MODIS,73,6.2,305.9,28.4,D,0
-17.749,122.3481,329,1.1,1,2014-08-24,0542,Aqua,MODIS,31,6.2,305.9,13.6,D,0
-17.7412,122.3366,331.6,1.1,1,2014-08-24,0542,Aqua,MODIS,53,6.2,305,19.2,D,0
-17.9455,122.455,348.5,1.1,1,2014-08-24,0542,Aqua,MODIS,92,6.2,314.2,49.5,D,0
-17.944,122.465,326,1.1,1,2014-08-24,0542,Aqua,MODIS,62,6.2,312,11.1,D,0
-17.7427,122.3267,334.5,1.1,1,2014-08-24,0542,Aqua,MODIS,71,6.2,306.9,23.9,D,0
-17.7909,122.3001,347.2,1.1,1,2014-08-24,0542,Aqua,MODIS,57,6.2,315.4,40.7,D,0
-17.7924,122.2902,359.8,1.1,1,2014-08-24,0542,Aqua,MODIS,99,6.2,316.1,78.3,D,0
-17.7939,122.2803,334.3,1.1,1,2014-08-24,0542,Aqua,MODIS,72,6.2,308.9,26.3,D,0
-17.735,122.3153,332.8,1.1,1,2014-08-24,0542,Aqua,MODIS,44,6.2,305.2,22.8,D,0
-17.7365,122.3054,355.3,1.1,1,2014-08-24,0542,Aqua,MODIS,97,6.2,309.6,68.3,D,0
-17.738,122.2955,370.3,1.1,1,2014-08-24,0542,Aqua,MODIS,100,6.2,310.3,115.5,D,0
-17.7395,122.2856,326.2,1.1,1,2014-08-24,0542,Aqua,MODIS,39,6.2,303.8,16.3,D,0
-17.7275,122.3648,356.3,1.1,1,2014-08-24,0542,Aqua,MODIS,97,6.2,306.2,71.8,D,0
-17.7183,122.3633,332,1.1,1,2014-08-24,0542,Aqua,MODIS,75,6.2,307.3,22.5,D,0
-17.7198,122.3534,363.4,1.1,1,2014-08-24,0542,Aqua,MODIS,100,6.2,308.6,92.9,D,0
-17.7213,122.3434,373.6,1.1,1,2014-08-24,0542,Aqua,MODIS,100,6.2,309.9,128.9,D,0
-17.7228,122.3335,327.4,1.1,1,2014-08-24,0542,Aqua,MODIS,26,6.2,303.1,16.2,D,0
-17.712,122.3419,338.5,1.1,1,2014-08-24,0542,Aqua,MODIS,83,6.2,305.1,34.2,D,0
-17.953,122.4051,345.4,1.1,1,2014-08-24,0542,Aqua,MODIS,90,6.2,308.3,43.9,D,0
-17.9515,122.4151,369.1,1.1,1,2014-08-24,0542,Aqua,MODIS,100,6.2,312.8,109.2,D,0
-17.6476,122.4678,344,1.1,1,2014-08-24,0542,Aqua,MODIS,89,6.2,315.9,36.5,D,0
-17.9567,122.4216,388.2,1.1,1,2014-08-24,0542,Aqua,MODIS,87,6.2,317,194.9,D,0
-17.9551,122.4316,375.1,1.1,1,2014-08-24,0542,Aqua,MODIS,94,6.2,318.6,131,D,0
-17.6815,122.5421,325.4,1.1,1,2014-08-24,0542,Aqua,MODIS,22,6.2,308.8,9.2,D,0
-17.6831,122.532,345.1,1.1,1,2014-08-24,0542,Aqua,MODIS,90,6.2,310.7,41.7,D,0
-17.6846,122.5219,351.5,1.1,1,2014-08-24,0542,Aqua,MODIS,94,6.2,312.2,57,D,0
-17.6753,122.5203,364.1,1.1,1,2014-08-24,0542,Aqua,MODIS,100,6.2,312.5,91.8,D,0
-17.6769,122.5102,348,1.1,1,2014-08-24,0542,Aqua,MODIS,92,6.2,309.1,48.6,D,0
-17.5494,122.8598,345,1.1,1.1,2014-08-24,0542,Aqua,MODIS,65,6.2,318.8,34.3,D,0
-17.551,122.8494,362.6,1.1,1.1,2014-08-24,0542,Aqua,MODIS,100,6.2,320.4,84.6,D,0
-17.9536,122.4416,379.2,1.1,1,2014-08-24,0542,Aqua,MODIS,100,6.2,323.7,148.6,D,0
-17.9521,122.4516,360.2,1.1,1,2014-08-24,0542,Aqua,MODIS,100,6.2,318.3,78.3,D,0
-17.9629,122.4431,367.7,1.1,1,2014-08-24,0542,Aqua,MODIS,100,6.2,316.3,105.2,D,0
-17.9613,122.4531,356.3,1.1,1,2014-08-24,0542,Aqua,MODIS,97,6.2,315.7,68.5,D,0
-17.9598,122.4631,349.6,1.1,1,2014-08-24,0542,Aqua,MODIS,93,6.2,316.1,51.5,D,0
-17.9583,122.4731,335.8,1.1,1,2014-08-24,0542,Aqua,MODIS,81,6.2,314.6,24.5,D,0
-17.5526,122.839,387.8,1.1,1.1,2014-08-24,0542,Aqua,MODIS,100,6.2,323.2,196.5,D,0
-17.5542,122.8286,446.9,1.1,1,2014-08-24,0542,Aqua,MODIS,100,6.2,333.8,760.6,D,0
-17.5558,122.8183,349.9,1.1,1,2014-08-24,0542,Aqua,MODIS,93,6.2,311.1,51.3,D,0
-17.5416,122.8478,347.4,1.1,1.1,2014-08-24,0542,Aqua,MODIS,92,6.2,317.5,41.3,D,0
-17.5432,122.8374,404.5,1.1,1.1,2014-08-24,0542,Aqua,MODIS,100,6.2,326.5,302.5,D,0
-17.5448,122.827,432.7,1.1,1,2014-08-24,0542,Aqua,MODIS,100,6.2,331.4,572.9,D,0
-17.5464,122.8167,372.9,1.1,1,2014-08-24,0542,Aqua,MODIS,100,6.2,314.2,124.6,D,0
-17.6845,122.3984,381.5,1.1,1,2014-08-24,0542,Aqua,MODIS,100,6.2,317.3,161.5,D,0
-17.5619,122.9048,347.8,1.1,1.1,2014-08-24,0542,Aqua,MODIS,85,6.2,319.8,42.9,D,0
-17.8252,122.4487,346.2,1.1,1,2014-08-24,0542,Aqua,MODIS,71,6.2,314.7,37.6,D,0
-17.5602,122.9152,351.7,1.1,1.1,2014-08-24,0542,Aqua,MODIS,95,6.2,318.8,54.3,D,0
-17.5922,123.057,327.2,1.1,1.1,2014-08-24,0542,Aqua,MODIS,64,6.2,314.2,8.1,D,0
-17.8391,122.6541,335.6,1.1,1,2014-08-24,0542,Aqua,MODIS,48,6.2,315,20.8,D,0
-17.8406,122.6439,331.1,1.1,1,2014-08-24,0542,Aqua,MODIS,32,6.2,314.8,13.7,D,0
-17.8438,122.6236,340.3,1.1,1,2014-08-24,0542,Aqua,MODIS,86,6.2,314.7,29.1,D,0
-17.8453,122.6135,328.7,1.1,1,2014-08-24,0542,Aqua,MODIS,70,6.2,314.6,11.5,D,0
-17.8469,122.6034,336.9,1.1,1,2014-08-24,0542,Aqua,MODIS,82,6.2,315.3,22.9,D,0
-17.7509,122.461,341.6,1.1,1,2014-08-24,0542,Aqua,MODIS,82,6.2,312.7,30.5,D,0
-17.7524,122.451,340.7,1.1,1,2014-08-24,0542,Aqua,MODIS,54,6.2,315,27.1,D,0
-17.7432,122.4494,355.1,1.1,1,2014-08-24,0542,Aqua,MODIS,97,6.2,316.7,59.2,D,0
-17.8484,122.5933,343.9,1.1,1,2014-08-24,0542,Aqua,MODIS,89,6.2,315.2,36.1,D,0
-18.4581,129.815,321.5,3.1,1.7,2014-08-24,0542,Aqua,MODIS,46,6.2,305.9,43.8,D,0
-18.4565,129.8225,321.5,3.1,1.7,2014-08-24,0542,Aqua,MODIS,53,6.2,306.3,47.3,D,0
-17.8282,122.6627,339.9,1.1,1,2014-08-24,0542,Aqua,MODIS,50,6.2,316.7,27,D,0
-17.8298,122.6525,337.1,1.1,1,2014-08-24,0542,Aqua,MODIS,73,6.2,317.4,22.8,D,0
-17.8313,122.6424,333,1.1,1,2014-08-24,0542,Aqua,MODIS,71,6.2,315.9,16.6,D,0
-17.8195,122.6756,333,1.1,1,2014-08-24,0542,Aqua,MODIS,56,6.2,314.9,17.3,D,0
-17.7931,122.6606,341.9,1.1,1,2014-08-24,0542,Aqua,MODIS,83,6.2,318.2,31.4,D,0
-17.8222,122.4687,340.1,1.1,1,2014-08-24,0542,Aqua,MODIS,30,6.2,317.3,25.9,D,0
-17.9506,122.4615,357.5,1.1,1,2014-08-24,0542,Aqua,MODIS,98,6.2,315.3,70.9,D,0
-17.949,122.4715,337.2,1.1,1,2014-08-24,0542,Aqua,MODIS,83,6.2,312.5,26.4,D,0
-17.776,122.6473,339,1.1,1,2014-08-24,0542,Aqua,MODIS,71,6.2,315.3,26.2,D,0
-17.7312,122.5921,331.5,1.1,1,2014-08-24,0542,Aqua,MODIS,38,6.2,308.7,17.7,D,0
-17.7141,122.5788,326.8,1.1,1,2014-08-24,0542,Aqua,MODIS,49,6.2,307.9,13.3,D,0
-17.8191,122.4888,337.6,1.1,1,2014-08-24,0542,Aqua,MODIS,55,6.2,317.2,22,D,0
-17.8176,122.4988,335.6,1.1,1,2014-08-24,0542,Aqua,MODIS,63,6.2,317.5,19,D,0
-17.9408,122.4235,340.4,1.1,1,2014-08-24,0542,Aqua,MODIS,86,6.2,312.3,32.7,D,0
-17.5105,123.0473,334.7,1.1,1.1,2014-08-24,0542,Aqua,MODIS,79,6.2,316.2,19.8,D,0
-17.9393,122.4334,345.4,1.1,1,2014-08-24,0542,Aqua,MODIS,90,6.2,315.4,42.6,D,0
-17.8584,122.2911,331,1.1,1,2014-08-24,0542,Aqua,MODIS,63,6.2,312.7,17,D,0
-17.7259,122.7858,343.6,1.1,1,2014-08-24,0542,Aqua,MODIS,52,6.2,318.2,34.6,D,0
-17.7274,122.7755,350.8,1.1,1,2014-08-24,0542,Aqua,MODIS,73,6.2,318.5,50.2,D,0
-17.729,122.7652,339.6,1.1,1,2014-08-24,0542,Aqua,MODIS,37,6.2,316.9,27.5,D,0
-17.7165,122.7842,361.1,1.1,1,2014-08-24,0542,Aqua,MODIS,100,6.2,319.7,78.4,D,0
-17.7181,122.7739,349.6,1.1,1,2014-08-24,0542,Aqua,MODIS,64,6.2,318.7,45.8,D,0
-17.7112,122.7879,347.1,1.1,1,2014-08-24,0542,Aqua,MODIS,75,6.2,319.1,40,D,0
-17.7127,122.7776,360.7,1.1,1,2014-08-24,0542,Aqua,MODIS,100,6.2,321.6,76.4,D,0
-17.7986,122.3116,363,1.1,1,2014-08-24,0542,Aqua,MODIS,100,6.2,319.1,82.7,D,0
-17.7018,122.7863,368.6,1.1,1,2014-08-24,0542,Aqua,MODIS,100,6.2,319.6,103.1,D,0
-17.7034,122.776,385,1.1,1,2014-08-24,0542,Aqua,MODIS,100,6.2,325.4,175.7,D,0
-17.7049,122.7657,388.4,1.1,1,2014-08-24,0542,Aqua,MODIS,100,6.2,324.5,196,D,0
-17.7447,122.4394,355.5,1.1,1,2014-08-24,0542,Aqua,MODIS,97,6.2,319,58.4,D,0
-17.7354,122.4378,351,1.1,1,2014-08-24,0542,Aqua,MODIS,92,6.2,313.7,49.4,D,0
-17.737,122.4278,394.9,1.1,1,2014-08-24,0542,Aqua,MODIS,100,6.2,322.3,225,D,0
-17.7385,122.4178,397.6,1.1,1,2014-08-24,0542,Aqua,MODIS,100,6.2,324.6,241.6,D,0
-17.74,122.4078,348.4,1.1,1,2014-08-24,0542,Aqua,MODIS,89,6.2,314.7,45.7,D,0
-17.7307,122.4062,362.4,1.1,1,2014-08-24,0542,Aqua,MODIS,100,6.2,311.8,84.5,D,0
-17.7322,122.3963,353.6,1.1,1,2014-08-24,0542,Aqua,MODIS,96,6.2,308.4,60,D,0
-17.7215,122.4046,336.9,1.1,1,2014-08-24,0542,Aqua,MODIS,77,6.2,311.3,25.8,D,0
-17.723,122.3947,340.9,1.1,1,2014-08-24,0542,Aqua,MODIS,86,6.2,312.3,34,D,0
-17.7245,122.3847,346.9,1.1,1,2014-08-24,0542,Aqua,MODIS,91,6.2,312.3,48.2,D,0
-17.726,122.3748,351.4,1.1,1,2014-08-24,0542,Aqua,MODIS,94,6.2,308.6,58.5,D,0
-17.6907,122.42,325.3,1.1,1,2014-08-24,0542,Aqua,MODIS,52,6.2,310.2,10.2,D,0
-17.6922,122.41,330.8,1.1,1,2014-08-24,0542,Aqua,MODIS,72,6.2,310.5,17,D,0
-17.6937,122.4,335.6,1.1,1,2014-08-24,0542,Aqua,MODIS,80,6.2,310.6,25.7,D,0
-17.6953,122.39,324.2,1.1,1,2014-08-24,0542,Aqua,MODIS,37,6.2,307.7,11.7,D,0
-17.683,122.4084,361.7,1.1,1,2014-08-24,0542,Aqua,MODIS,100,6.2,314.6,84.8,D,0
-17.5635,122.8943,341.3,1.1,1.1,2014-08-24,0542,Aqua,MODIS,58,6.2,320.1,28.9,D,0
-17.686,122.3885,328.4,1.1,1,2014-08-24,0542,Aqua,MODIS,66,6.2,306.4,17.7,D,0
-17.6767,122.4008,359.2,1.1,1,2014-08-24,0542,Aqua,MODIS,99,6.2,313.1,77.4,D,0
-17.6522,122.4377,340.3,1.1,1,2014-08-24,0542,Aqua,MODIS,78,6.2,314.7,29.5,D,0
-17.6537,122.4277,380.2,1.1,1,2014-08-24,0542,Aqua,MODIS,100,6.2,319,152.6,D,0
-17.6552,122.4177,350.6,1.1,1,2014-08-24,0542,Aqua,MODIS,94,6.2,311.4,54.5,D,0
-17.6444,122.4261,341.8,1.1,1,2014-08-24,0542,Aqua,MODIS,87,6.2,315.5,34.9,D,0
-17.6459,122.4161,350.1,1.1,1,2014-08-24,0542,Aqua,MODIS,93,6.2,312.7,54.2,D,0
-18.9847,122.0821,334.6,1,1,2014-08-24,0542,Aqua,MODIS,72,6.2,314.3,19.5,D,0
-17.5276,122.8135,340.7,1.1,1,2014-08-24,0542,Aqua,MODIS,82,6.2,317.2,28.7,D,0
-17.5225,122.8175,341.2,1.1,1,2014-08-24,0542,Aqua,MODIS,86,6.2,317.7,32.1,D,0
-17.5241,122.8071,334.2,1.1,1,2014-08-24,0542,Aqua,MODIS,76,6.2,316.3,18.4,D,0
-17.6924,122.8484,327.5,1.1,1,2014-08-24,0542,Aqua,MODIS,48,6.2,316.5,8.4,D,0
-17.6939,122.838,328.5,1.1,1,2014-08-24,0542,Aqua,MODIS,51,6.2,317.1,9.7,D,0
-17.6799,122.8037,330.8,1.1,1,2014-08-24,0542,Aqua,MODIS,73,6.2,315.9,10.9,D,0
-17.85,122.5832,328.1,1.1,1,2014-08-24,0542,Aqua,MODIS,54,6.2,314,10.5,D,0
-17.8593,122.5227,325.9,1.1,1,2014-08-24,0542,Aqua,MODIS,59,6.2,314.8,9.4,D,0
-17.8407,122.5816,327.3,1.1,1,2014-08-24,0542,Aqua,MODIS,43,6.2,315.5,8.8,D,0
-17.85,122.5211,337.7,1.1,1,2014-08-24,0542,Aqua,MODIS,83,6.2,315.1,26.2,D,0
-17.7961,122.5779,330.6,1.1,1,2014-08-24,0542,Aqua,MODIS,72,6.2,316.7,11.7,D,0
-17.7837,122.659,336.3,1.1,1,2014-08-24,0542,Aqua,MODIS,43,6.2,314.5,21.2,D,0
-17.7338,122.7344,334.5,1.1,1,2014-08-24,0542,Aqua,MODIS,57,6.2,313.6,21.5,D,0
-17.7244,122.7328,368.8,1.1,1,2014-08-24,0542,Aqua,MODIS,100,6.2,316.2,109.7,D,0
-17.726,122.7226,379.3,1.1,1,2014-08-24,0542,Aqua,MODIS,100,6.2,316,155.3,D,0
-17.7205,122.7262,351.6,1.1,1,2014-08-24,0542,Aqua,MODIS,94,6.2,313.2,61.1,D,0
-17.7221,122.716,327.4,1.1,1,2014-08-24,0542,Aqua,MODIS,61,6.2,308.1,15.6,D,0
-17.7065,122.7554,362.6,1.1,1,2014-08-24,0542,Aqua,MODIS,100,6.2,319.7,85.7,D,0
-17.6658,123.1082,337.9,1.1,1.1,2014-08-24,0542,Aqua,MODIS,83,6.2,317.8,26.4,D,0
-17.6618,123.1127,331.2,1.1,1.1,2014-08-24,0542,Aqua,MODIS,73,6.2,318,15.7,D,0
-17.9693,123.6454,367.6,1.2,1.1,2014-08-24,0542,Aqua,MODIS,100,6.2,320.2,117.8,D,0
-17.9711,123.6342,358.7,1.2,1.1,2014-08-24,0542,Aqua,MODIS,99,6.2,316.2,85.9,D,0
-17.9595,123.6437,342.5,1.2,1.1,2014-08-24,0542,Aqua,MODIS,62,6.2,320.7,37.2,D,0
-17.9613,123.6325,387.7,1.2,1.1,2014-08-24,0542,Aqua,MODIS,100,6.2,324.8,221.2,D,0
-17.9631,123.6213,350.3,1.2,1.1,2014-08-24,0542,Aqua,MODIS,94,6.2,313.4,62.6,D,0
-17.9515,123.6308,368.3,1.2,1.1,2014-08-24,0542,Aqua,MODIS,100,6.2,319,122.3,D,0
-17.9533,123.6196,329,1.2,1.1,2014-08-24,0542,Aqua,MODIS,36,6.2,310.9,17,D,0
-17.9512,123.6253,341.2,1.2,1.1,2014-08-24,0542,Aqua,MODIS,87,6.2,316,39.4,D,0
-17.5162,122.6056,329,1.1,1,2014-08-24,0542,Aqua,MODIS,69,6.2,313.2,15.2,D,0
-17.5351,122.8895,337.3,1.1,1.1,2014-08-24,0542,Aqua,MODIS,70,6.2,319,18.5,D,0
-17.5381,122.933,329.6,1.1,1.1,2014-08-24,0542,Aqua,MODIS,71,6.2,316.3,9.3,D,0
-17.5667,122.8735,353.7,1.1,1.1,2014-08-24,0542,Aqua,MODIS,88,6.2,320.3,60.3,D,0
-16.5847,123.9189,326.1,1.3,1.1,2014-08-24,0543,Aqua,MODIS,44,6.2,312.5,12.9,D,0
-14.4548,129.4915,323.2,3.6,1.8,2014-08-24,0543,Aqua,MODIS,62,6.2,302.1,78,D,0
-17.1126,122.3517,358.8,1.1,1,2014-08-24,0543,Aqua,MODIS,99,6.2,319,70.8,D,0
-17.1141,122.3417,350.4,1.1,1,2014-08-24,0543,Aqua,MODIS,71,6.2,318.9,48.6,D,0
-14.2836,129.5128,322.6,3.6,1.8,2014-08-24,0543,Aqua,MODIS,64,6.2,303.6,70.1,D,0
-16.61,123.8248,341.7,1.3,1.1,2014-08-24,0543,Aqua,MODIS,83,6.2,313.8,45,D,0
-16.5999,123.823,337.5,1.3,1.1,2014-08-24,0543,Aqua,MODIS,59,6.2,312,33.9,D,0
-14.2909,129.5066,321.9,3.6,1.8,2014-08-24,0543,Aqua,MODIS,52,6.2,303.3,60.8,D,0
-16.5899,123.8213,347.2,1.3,1.1,2014-08-24,0543,Aqua,MODIS,91,6.2,312.6,60.1,D,0
-16.5779,123.8312,350.3,1.3,1.1,2014-08-24,0543,Aqua,MODIS,92,6.2,310.7,66.8,D,0
-15.9167,128.8117,324,3,1.6,2014-08-24,0543,Aqua,MODIS,51,6.2,312.4,40.8,D,0
-16.5861,123.845,341.8,1.3,1.1,2014-08-24,0543,Aqua,MODIS,78,6.2,314.4,42.2,D,0
-16.0869,128.8862,322.3,3,1.6,2014-08-24,0543,Aqua,MODIS,40,6.2,311.3,33.1,D,0
-14.4485,129.5244,321.4,3.6,1.8,2014-08-24,0543,Aqua,MODIS,60,6.2,304.8,68.3,D,0
-14.4397,129.515,322.7,3.6,1.8,2014-08-24,0543,Aqua,MODIS,64,6.2,304.8,75.2,D,0
-16.5748,122.9298,325.9,1.1,1.1,2014-08-24,0543,Aqua,MODIS,72,6.2,309.4,17.1,D,0
-17.1234,122.3433,333.1,1.1,1,2014-08-24,0543,Aqua,MODIS,67,6.2,318.8,19.3,D,0
-16.4391,123.9228,330.1,1.3,1.1,2014-08-24,0543,Aqua,MODIS,42,6.2,310.5,21.7,D,0
-16.441,123.9108,329.3,1.3,1.1,2014-08-24,0543,Aqua,MODIS,40,6.2,310.7,19.6,D,0
-15.1994,125.8544,334.3,1.9,1.3,2014-08-24,0543,Aqua,MODIS,38,6.2,310.7,41.5,D,0
-15.2963,126.0809,323.2,1.9,1.4,2014-08-24,0543,Aqua,MODIS,53,6.2,310.1,17.2,D,0
-15.254,126.0373,323.8,1.9,1.3,2014-08-24,0543,Aqua,MODIS,27,6.2,311.4,16.1,D,0
-16.184,128.3582,323,2.7,1.6,2014-08-24,0543,Aqua,MODIS,57,6.2,311.2,35.4,D,0
-15.263,125.9852,334,1.9,1.3,2014-08-24,0543,Aqua,MODIS,69,6.2,312.7,46.6,D,0
-15.1165,126.1276,332.7,1.9,1.4,2014-08-24,0543,Aqua,MODIS,80,6.2,311,47.1,D,0
-15.1287,126.1298,324.2,1.9,1.4,2014-08-24,0543,Aqua,MODIS,49,6.2,311.2,20.7,D,0
-15.26,126.0026,337.3,1.9,1.3,2014-08-24,0543,Aqua,MODIS,85,6.2,312.4,59.1,D,0
-15.257,126.02,331.2,1.9,1.3,2014-08-24,0543,Aqua,MODIS,72,6.2,311.9,37.4,D,0
-15.2095,125.8269,334.6,1.8,1.3,2014-08-24,0543,Aqua,MODIS,35,6.2,310.2,49.2,D,0
-15.2124,125.8103,347.6,1.8,1.3,2014-08-24,0543,Aqua,MODIS,93,6.2,306.9,111.4,D,0
-15.1976,125.825,339,1.8,1.3,2014-08-24,0543,Aqua,MODIS,86,6.2,310.1,70.6,D,0
-15.2005,125.808,379.8,1.8,1.3,2014-08-24,0543,Aqua,MODIS,100,6.2,311,345.5,D,0
-15.205,125.8204,361.9,1.8,1.3,2014-08-24,0543,Aqua,MODIS,100,6.2,312.6,188.8,D,0
-15.2078,125.8039,357.8,1.8,1.3,2014-08-24,0543,Aqua,MODIS,98,6.2,307.9,168.2,D,0
-15.1959,125.8017,325.2,1.8,1.3,2014-08-24,0543,Aqua,MODIS,69,6.2,305.8,32.3,D,0
-15.1931,125.8185,327.2,1.8,1.3,2014-08-24,0543,Aqua,MODIS,62,6.2,308.8,32.9,D,0
-11.4751,130.212,311.8,4.7,2,2014-08-24,0544,Aqua,MODIS,0,6.2,291.5,51.4,D,0
-20.7371,139.4717,311.2,1,1,2014-08-24,1328,Terra,MODIS,82,6.2,288.6,12.2,N,0
-20.7356,139.4815,304.3,1,1,2014-08-24,1328,Terra,MODIS,59,6.2,287.7,7.5,N,2
-18.8519,133.9312,313.3,1.4,1.2,2014-08-24,1329,Terra,MODIS,87,6.2,291.1,21.6,N,0
-18.8536,133.9175,310,1.4,1.2,2014-08-24,1329,Terra,MODIS,79,6.2,290.6,17.7,N,0
-16.4247,136.0411,302.3,1.1,1,2014-08-24,1330,Terra,MODIS,48,6.2,290.3,5.4,N,0
-16.4178,135.9026,314,1.1,1,2014-08-24,1330,Terra,MODIS,88,6.2,293.3,13,N,0
-16.4085,135.9012,304.2,1.1,1,2014-08-24,1330,Terra,MODIS,25,6.2,292.7,5.3,N,0
-15.3286,135.137,312.5,1.1,1.1,2014-08-24,1330,Terra,MODIS,85,6.2,292.2,13.5,N,0
-15.3301,135.1266,306,1.1,1.1,2014-08-24,1330,Terra,MODIS,66,6.2,291.6,8.2,N,0
-15.521,135.6081,306.8,1.1,1,2014-08-24,1330,Terra,MODIS,69,6.2,291,8.8,N,0
-16.0533,135.7437,318.5,1.1,1,2014-08-24,1330,Terra,MODIS,97,6.2,293.7,17.2,N,0
-16.0516,135.8949,303,1.1,1,2014-08-24,1330,Terra,MODIS,52,6.2,292.6,5.6,N,0
-15.5223,135.5981,305.9,1.1,1,2014-08-24,1330,Terra,MODIS,66,6.2,290.9,8.5,N,0
-15.4864,135.6538,310.1,1.1,1,2014-08-24,1330,Terra,MODIS,79,6.2,290.9,11,N,0
-16.1467,136.6655,300.3,1,1,2014-08-24,1330,Terra,MODIS,24,6.2,290.2,4.4,N,0
-13.4547,132.331,313.4,1.6,1.2,2014-08-24,1330,Terra,MODIS,87,6.2,294.4,19.2,N,0
-13.4624,132.4474,306.3,1.5,1.2,2014-08-24,1330,Terra,MODIS,52,6.2,295,9.7,N,0
-13.4657,132.333,309.4,1.6,1.2,2014-08-24,1330,Terra,MODIS,77,6.2,295.1,14,N,0
-15.457,132.9515,309,1.5,1.2,2014-08-24,1330,Terra,MODIS,76,6.2,291.6,15.9,N,0
-15.4553,132.9654,305.4,1.5,1.2,2014-08-24,1330,Terra,MODIS,64,6.2,290.9,11.7,N,0
-15.5132,132.9448,301.8,1.5,1.2,2014-08-24,1330,Terra,MODIS,23,6.2,290.8,8,N,0
-15.2634,133.0399,310.5,1.5,1.2,2014-08-24,1330,Terra,MODIS,63,6.2,292.1,16.3,N,0
-15.3535,132.9602,308.4,1.5,1.2,2014-08-24,1330,Terra,MODIS,25,6.2,293.4,12.5,N,0
-15.3867,133.0486,323.1,1.5,1.2,2014-08-24,1330,Terra,MODIS,100,6.2,293.6,36.6,N,0
-13.4075,132.4404,315.9,1.5,1.2,2014-08-24,1330,Terra,MODIS,51,6.2,294.9,20.3,N,0
-13.4043,132.448,307.6,1.5,1.2,2014-08-24,1330,Terra,MODIS,32,6.2,293.9,10.4,N,0
-15.2617,133.0536,307.1,1.5,1.2,2014-08-24,1330,Terra,MODIS,40,6.2,291,12.9,N,0
-15.3191,133.0333,302.5,1.5,1.2,2014-08-24,1330,Terra,MODIS,50,6.2,291.3,8.5,N,0
-15.3793,133.0198,328.1,1.5,1.2,2014-08-24,1330,Terra,MODIS,100,6.2,293.4,45.4,N,0
-15.3776,133.0335,330.8,1.5,1.2,2014-08-24,1330,Terra,MODIS,100,6.2,294,51.6,N,0
-15.3918,133.0076,326.2,1.5,1.2,2014-08-24,1330,Terra,MODIS,100,6.2,294.7,42.5,N,0
-15.3901,133.0213,331.8,1.5,1.2,2014-08-24,1330,Terra,MODIS,100,6.2,296.1,54.8,N,0
-15.3884,133.035,312,1.5,1.2,2014-08-24,1330,Terra,MODIS,80,6.2,293.9,18.2,N,0
-15.4087,133.1347,305.9,1.5,1.2,2014-08-24,1330,Terra,MODIS,66,6.2,291.3,12.6,N,0
-13.5724,131.6697,304.7,1.7,1.3,2014-08-24,1330,Terra,MODIS,61,6.2,293.1,12.8,N,0
-13.4277,132.4573,317.7,1.5,1.2,2014-08-24,1330,Terra,MODIS,96,6.2,294.4,24.4,N,0
-13.4061,132.434,310.1,1.5,1.2,2014-08-24,1330,Terra,MODIS,21,6.2,295.1,12.8,N,0
-13.3951,132.4328,305.9,1.5,1.2,2014-08-24,1330,Terra,MODIS,11,6.2,294.5,8.6,N,0
-13.603,134.4975,314.5,1.2,1.1,2014-08-24,1330,Terra,MODIS,89,6.2,292.1,15.6,N,0
-13.7571,132.2868,306.6,1.6,1.2,2014-08-24,1330,Terra,MODIS,59,6.2,294,11.3,N,0
-15.3945,133.1603,301,1.5,1.2,2014-08-24,1330,Terra,MODIS,31,6.2,289.6,8,N,0
-13.6016,134.5081,346.5,1.2,1.1,2014-08-24,1330,Terra,MODIS,100,6.2,295,67.5,N,0
-13.6002,134.5187,311.4,1.1,1.1,2014-08-24,1330,Terra,MODIS,83,6.2,292.1,12.3,N,0
-13.6098,134.5201,304.6,1.1,1.1,2014-08-24,1330,Terra,MODIS,61,6.2,291.7,6.9,N,0
-12.1055,133.0305,311.5,1.3,1.1,2014-08-24,1331,Terra,MODIS,83,6.2,291.8,16,N,0
-13.0609,132.468,304.3,1.5,1.2,2014-08-24,1331,Terra,MODIS,59,6.2,291.3,9.8,N,0
-12.0354,134.7039,303.3,1.1,1,2014-08-24,1331,Terra,MODIS,54,6.2,291.7,6.1,N,0
-12.3046,135.4205,305.6,1,1,2014-08-24,1331,Terra,MODIS,65,6.2,292.3,5.9,N,0
-12.1038,133.0427,304.4,1.3,1.1,2014-08-24,1331,Terra,MODIS,60,6.2,291.8,8.7,N,0
-12.9916,132.4668,311.3,1.5,1.2,2014-08-24,1331,Terra,MODIS,82,6.2,293.5,18.3,N,0
-12.3033,135.4299,306.5,1,1,2014-08-24,1331,Terra,MODIS,68,6.2,292.6,6.4,N,0
-12.8461,132.6341,303.3,1.5,1.2,2014-08-24,1331,Terra,MODIS,33,6.2,292.9,8.4,N,0
-12.3381,133.8878,316,1.2,1.1,2014-08-24,1331,Terra,MODIS,92,6.2,295.5,15.8,N,0
-12.5015,135.1879,311.4,1.1,1,2014-08-24,1331,Terra,MODIS,30,6.2,292.7,9.6,N,0
-12.4988,135.2072,303.3,1.1,1,2014-08-24,1331,Terra,MODIS,20,6.2,292.3,4.5,N,0
-12.4183,133.7474,306.9,1.2,1.1,2014-08-24,1331,Terra,MODIS,53,6.2,292.7,7.6,N,0
-12.4936,135.1769,310.5,1.1,1,2014-08-24,1331,Terra,MODIS,19,6.2,293.4,8.4,N,0
-12.486,135.1794,321.8,1.1,1,2014-08-24,1331,Terra,MODIS,100,6.2,293.9,19.8,N,0
-12.4873,135.1698,312.6,1.1,1,2014-08-24,1331,Terra,MODIS,85,6.2,293.5,10.9,N,0
-12.7832,131.4127,329.8,1.8,1.3,2014-08-24,1331,Terra,MODIS,100,6.2,292.4,65.6,N,0
-12.3621,135.4095,303.7,1,1,2014-08-24,1331,Terra,MODIS,11,6.2,292.1,4.2,N,0
-12.7791,131.4453,304.1,1.8,1.3,2014-08-24,1331,Terra,MODIS,59,6.2,291.3,13.6,N,0
-12.7812,131.429,331.4,1.8,1.3,2014-08-24,1331,Terra,MODIS,100,6.2,292,70.4,N,0
-12.3223,134.4744,310,1.1,1.1,2014-08-24,1331,Terra,MODIS,79,6.2,292.3,10.5,N,0
-12.7899,131.4198,317.8,1.8,1.3,2014-08-24,1331,Terra,MODIS,96,6.2,291.8,34.6,N,0
-12.4922,135.1866,312.2,1.1,1,2014-08-24,1331,Terra,MODIS,41,6.2,293,9.6,N,0
-12.4677,135.1074,305.3,1.1,1,2014-08-24,1331,Terra,MODIS,64,6.2,292.1,6.5,N,0
-12.7971,131.3978,302,1.8,1.3,2014-08-24,1331,Terra,MODIS,9,6.2,290.9,10.2,N,0
-12.6472,131.9411,311.3,1.6,1.3,2014-08-24,1331,Terra,MODIS,82,6.2,292.3,18.8,N,0
-12.6464,131.9468,309.9,1.6,1.3,2014-08-24,1331,Terra,MODIS,79,6.2,292.5,18,N,0
-12.6483,131.932,301.9,1.6,1.3,2014-08-24,1331,Terra,MODIS,29,6.2,291.6,8.2,N,0
-34.4183,116.7807,313.1,1,1,2014-08-24,1503,Terra,MODIS,86,6.2,281.6,15.1,N,0
-21.8546,119.403,300.5,1.7,1.3,2014-08-24,1507,Terra,MODIS,29,6.2,285.9,12.7,N,0
-21.8625,119.411,312.4,1.7,1.3,2014-08-24,1507,Terra,MODIS,85,6.2,286.7,29.2,N,0
-17.9662,123.635,300.8,4.1,1.9,2014-08-24,1507,Terra,MODIS,34,6.2,288.4,41.1,N,0
-21.8969,119.4181,310.8,1.7,1.3,2014-08-24,1507,Terra,MODIS,81,6.2,286.3,26.9,N,0
-21.3307,116.3536,301.7,1.1,1.1,2014-08-24,1507,Terra,MODIS,36,6.2,287.8,5.8,N,0
-21.3324,116.3426,301.6,1.1,1.1,2014-08-24,1507,Terra,MODIS,42,6.2,288.4,6,N,0
-19.0156,121.6198,311.8,2.8,1.6,2014-08-24,1507,Terra,MODIS,83,6.2,290.7,54,N,0
-19.0175,121.6267,312.6,2.8,1.6,2014-08-24,1507,Terra,MODIS,85,6.2,290.4,56.4,N,0
-19.0299,121.6229,302.5,2.8,1.6,2014-08-24,1507,Terra,MODIS,50,6.2,289.3,28,N,0
-17.6803,122.5686,305.3,3.5,1.8,2014-08-24,1508,Terra,MODIS,27,6.2,286.8,51.6,N,0
-17.6868,122.5358,305.2,3.5,1.8,2014-08-24,1508,Terra,MODIS,21,6.2,287.4,51.1,N,0
-17.8297,122.2767,314.1,3.3,1.7,2014-08-24,1508,Terra,MODIS,84,6.2,285.7,85.9,N,0
-12.3653,135.388,311.7,1.1,1,2014-08-24,1633,Aqua,MODIS,59,6.2,291.1,10.3,N,0
-12.3559,135.3894,304.2,1.1,1,2014-08-24,1633,Aqua,MODIS,16,6.2,290.9,4.9,N,0
-12.3545,135.3795,306.7,1.1,1,2014-08-24,1633,Aqua,MODIS,46,6.2,291.1,6.5,N,0
-12.3438,133.8882,310.4,1,1,2014-08-24,1633,Aqua,MODIS,80,6.2,295.1,8.5,N,0
-12.4737,135.1203,303,1.1,1,2014-08-24,1633,Aqua,MODIS,52,6.2,290.8,6,N,0
-12.3348,133.8895,321.5,1,1,2014-08-24,1633,Aqua,MODIS,100,6.2,296.1,17.8,N,0
-12.4819,135.1786,311,1.1,1,2014-08-24,1633,Aqua,MODIS,61,6.2,291.8,10.2,N,0
-12.4009,133.7712,307.2,1,1,2014-08-24,1633,Aqua,MODIS,39,6.2,294.2,6,N,0
-12.4655,135.1085,315,1.1,1,2014-08-24,1633,Aqua,MODIS,90,6.2,290.9,14.7,N,0
-12.4724,135.1106,305.6,1.1,1,2014-08-24,1633,Aqua,MODIS,65,6.2,290.5,7.8,N,0
-12.3361,133.8987,311.8,1,1,2014-08-24,1633,Aqua,MODIS,83,6.2,295.5,9.4,N,0
-12.4669,135.1182,307.3,1.1,1,2014-08-24,1633,Aqua,MODIS,55,6.2,290.8,8.2,N,0
-12.4925,135.187,305.3,1.1,1,2014-08-24,1633,Aqua,MODIS,38,6.2,291.4,6.7,N,0
-12.4938,135.1968,303,1.1,1,2014-08-24,1633,Aqua,MODIS,49,6.2,291,5.5,N,0
-12.4023,133.7803,312.5,1,1,2014-08-24,1633,Aqua,MODIS,85,6.2,294.3,10,N,0
-12.4752,135.1764,315.7,1.1,1,2014-08-24,1633,Aqua,MODIS,92,6.2,291.9,14.3,N,0
-12.4036,133.7894,305.3,1,1,2014-08-24,1633,Aqua,MODIS,43,6.2,293.3,4.8,N,0
-12.4805,135.1689,304.1,1.1,1,2014-08-24,1633,Aqua,MODIS,22,6.2,291.3,5.5,N,0
-16.0438,135.7413,319.8,1.2,1.1,2014-08-24,1634,Aqua,MODIS,99,6.2,292.6,23.3,N,0
-16.036,135.7608,304.1,1.2,1.1,2014-08-24,1634,Aqua,MODIS,59,6.2,291.2,7.6,N,0
-12.7886,131.3962,305,1.1,1.1,2014-08-24,1634,Aqua,MODIS,32,6.2,289.7,7.7,N,0
-12.7776,131.4503,306.4,1.1,1.1,2014-08-24,1634,Aqua,MODIS,68,6.2,291.1,9,N,0
-16.0428,135.7367,312.5,1.2,1.1,2014-08-24,1634,Aqua,MODIS,85,6.2,292.3,14.7,N,0
-16.0444,135.748,312.2,1.2,1.1,2014-08-24,1634,Aqua,MODIS,84,6.2,291.9,14.3,N,0
-15.3611,134.7479,305.7,1.1,1,2014-08-24,1634,Aqua,MODIS,65,6.2,288.6,9,N,0
-12.7996,131.4049,302.7,1.1,1.1,2014-08-24,1634,Aqua,MODIS,23,6.2,290.3,6.2,N,0
-16.4094,136.0424,306.4,1.3,1.1,2014-08-24,1634,Aqua,MODIS,66,6.2,288.6,11.3,N,0
-16.411,136.0545,327.1,1.3,1.1,2014-08-24,1634,Aqua,MODIS,100,6.2,290.8,38,N,0
-16.4195,136.041,318.3,1.3,1.1,2014-08-24,1634,Aqua,MODIS,97,6.2,288.8,24.1,N,0
-16.4211,136.0531,339.6,1.3,1.1,2014-08-24,1634,Aqua,MODIS,100,6.2,291.7,63,N,0
-16.4297,136.0397,300.8,1.3,1.1,2014-08-24,1634,Aqua,MODIS,28,6.2,287.8,7.5,N,0
-16.4313,136.0517,304.3,1.3,1.1,2014-08-24,1634,Aqua,MODIS,59,6.2,287.6,10.3,N,0
-13.5342,135.4812,302.9,1.1,1.1,2014-08-24,1634,Aqua,MODIS,52,6.2,287.8,7.7,N,0
-15.3625,134.7579,304.7,1.1,1,2014-08-24,1634,Aqua,MODIS,61,6.2,289.2,8.4,N,0
-15.3566,134.7553,311.2,1.1,1,2014-08-24,1634,Aqua,MODIS,82,6.2,289.4,12.6,N,0
-15.3724,133.0135,307.7,1,1,2014-08-24,1634,Aqua,MODIS,36,6.2,292.1,7.1,N,0
-13.7619,132.2785,304.2,1,1,2014-08-24,1634,Aqua,MODIS,47,6.2,291.3,5.7,N,0
-15.288,133.0616,316.4,1,1,2014-08-24,1634,Aqua,MODIS,93,6.2,290.9,14.9,N,0
-13.5782,131.6736,334.3,1.1,1,2014-08-24,1634,Aqua,MODIS,100,6.2,294.1,38.5,N,0
-13.5689,131.6751,306.3,1.1,1,2014-08-24,1634,Aqua,MODIS,67,6.2,293.2,8.1,N,0
-13.7662,132.3068,304.6,1,1,2014-08-24,1634,Aqua,MODIS,61,6.2,292.2,6.1,N,0
-13.5767,131.6637,314.2,1.1,1,2014-08-24,1634,Aqua,MODIS,89,6.2,292.4,14,N,0
-13.7648,132.2974,315.1,1,1,2014-08-24,1634,Aqua,MODIS,90,6.2,293.7,13.3,N,0
-13.7634,132.2879,315.2,1,1,2014-08-24,1634,Aqua,MODIS,91,6.2,293.5,13.3,N,0
-13.4773,132.342,310.4,1,1,2014-08-24,1634,Aqua,MODIS,76,6.2,292.1,9.6,N,0
-13.7787,132.2661,312.8,1,1,2014-08-24,1634,Aqua,MODIS,86,6.2,291.5,12.1,N,0
-15.2633,133.0181,304.4,1,1,2014-08-24,1634,Aqua,MODIS,51,6.2,291.1,5.9,N,0
-13.7724,132.2865,307.8,1,1,2014-08-24,1634,Aqua,MODIS,39,6.2,292.7,7.9,N,0
-13.4671,132.4589,303.9,1,1,2014-08-24,1634,Aqua,MODIS,57,6.2,292.2,6,N,0
-13.771,132.277,337.9,1,1,2014-08-24,1634,Aqua,MODIS,100,6.2,294.8,41.8,N,0
-13.7696,132.2676,340.3,1,1,2014-08-24,1634,Aqua,MODIS,100,6.2,295.5,45.8,N,0
-15.5133,132.97,308.3,1,1,2014-08-24,1634,Aqua,MODIS,74,6.2,290.6,8.6,N,0
-13.6068,132.1054,305.8,1,1,2014-08-24,1634,Aqua,MODIS,66,6.2,291.1,7.8,N,0
-15.2646,133.0274,301.2,1,1,2014-08-24,1634,Aqua,MODIS,20,6.2,290.9,4.1,N,0
-13.4575,132.4566,310,1,1,2014-08-24,1634,Aqua,MODIS,73,6.2,294,9.3,N,0
-13.4969,132.3486,304.4,1,1,2014-08-24,1634,Aqua,MODIS,57,6.2,291.8,6.1,N,0
-13.0655,132.4845,305.2,1,1,2014-08-24,1634,Aqua,MODIS,63,6.2,290.3,7.4,N,0
-15.786,130.5255,305.8,1.1,1.1,2014-08-24,1634,Aqua,MODIS,66,6.2,294.2,7.5,N,0
-15.2929,126.1036,300.1,2.3,1.5,2014-08-24,1635,Aqua,MODIS,16,6.2,288.7,16.5,N,0
-15.1605,125.7434,310.6,2.5,1.5,2014-08-24,1635,Aqua,MODIS,80,6.2,287.8,42.4,N,0
-15.1646,125.7661,311,2.4,1.5,2014-08-24,1635,Aqua,MODIS,81,6.2,288.5,43.3,N,0
-15.1686,125.7884,300.2,2.4,1.5,2014-08-24,1635,Aqua,MODIS,19,6.2,288.6,19.2,N,0
-17.7652,138.4868,302.2,2,1.4,2014-08-24,1635,Aqua,MODIS,32,6.2,288,16,N,0
-17.7704,138.5,302.6,2,1.4,2014-08-24,1635,Aqua,MODIS,50,6.2,288.1,17.9,N,0
-17.9669,123.6678,301.8,3.1,1.7,2014-08-24,1635,Aqua,MODIS,44,6.2,286.5,34.2,N,0
-17.9636,123.6608,304.5,3.1,1.7,2014-08-24,1635,Aqua,MODIS,60,6.2,287,42.3,N,0
-18.8478,133.9237,315.7,1.1,1,2014-08-24,1635,Aqua,MODIS,92,6.2,289.6,16.9,N,0
-18.8492,133.9339,308.8,1.1,1,2014-08-24,1635,Aqua,MODIS,76,6.2,289.7,11,N,0
-17.725,122.6318,301.6,3.7,1.8,2014-08-24,1635,Aqua,MODIS,43,6.2,286.9,42.6,N,0
-19.0004,121.6007,304,4.1,1.9,2014-08-24,1636,Aqua,MODIS,58,6.2,288.4,56.6,N,0
-19.0083,121.6395,311.2,4.1,1.9,2014-08-24,1636,Aqua,MODIS,82,6.2,289.7,94.3,N,0
-19.0098,121.6312,317.4,4.1,1.9,2014-08-24,1636,Aqua,MODIS,95,6.2,290.2,133.5,N,0
-13.4909,141.7782,315.5,3.1,1.7,2014-08-25,0021,Terra,MODIS,64,6.2,292.3,47.9,D,0
-13.4936,141.8001,314.9,3.1,1.7,2014-08-25,0021,Terra,MODIS,62,6.2,292.4,46.1,D,0
-13.9013,142.1041,317.9,2.9,1.6,2014-08-25,0021,Terra,MODIS,72,6.2,293,53.2,D,0
-13.9016,142.0969,317.6,2.9,1.6,2014-08-25,0021,Terra,MODIS,73,6.2,292.9,51.6,D,0
-13.496,141.8067,311.7,3.1,1.7,2014-08-25,0021,Terra,MODIS,50,6.2,292.4,32.1,D,0
-14.7291,141.9413,316.1,2.9,1.6,2014-08-25,0021,Terra,MODIS,42,6.2,292.4,35.5,D,0
-14.7302,141.935,321.5,2.9,1.6,2014-08-25,0021,Terra,MODIS,75,6.2,293.8,62.4,D,0
-17.7993,138.5398,318.3,4.4,1.9,2014-08-25,0022,Terra,MODIS,67,6.2,300.8,80.1,D,0
-17.7994,138.5319,315.8,4.4,1.9,2014-08-25,0022,Terra,MODIS,60,6.2,300.7,59.3,D,0
-20.2309,148.1129,313.7,1,1,2014-08-25,0022,Terra,MODIS,60,6.2,300,4.9,D,0
-19.9553,148.1181,318.4,1,1,2014-08-25,0022,Terra,MODIS,52,6.2,300.9,9.9,D,0
-19.9567,148.1278,338.6,1,1,2014-08-25,0022,Terra,MODIS,89,6.2,301.2,35.5,D,0
-17.7563,138.4185,319.6,4.5,2,2014-08-25,0022,Terra,MODIS,70,6.2,300,105.1,D,0
-17.7556,138.4107,316.2,4.5,2,2014-08-25,0022,Terra,MODIS,46,6.2,299.7,70.9,D,0
-22.3626,147.5303,314.1,1,1,2014-08-25,0023,Terra,MODIS,58,6.2,301.7,4.8,D,0
-22.3611,147.5204,315.8,1,1,2014-08-25,0023,Terra,MODIS,63,6.2,300.6,6.2,D,0
-21.5208,147.3884,314.9,1,1,2014-08-25,0023,Terra,MODIS,62,6.2,301,5.4,D,0
-28.2868,149.7404,312,1.2,1.1,2014-08-25,0024,Terra,MODIS,64,6.2,298,8,D,0
-27.3255,149.6896,311.1,1.1,1.1,2014-08-25,0024,Terra,MODIS,60,6.2,298,5.7,D,0
-27.324,149.6781,330.6,1.1,1.1,2014-08-25,0024,Terra,MODIS,85,6.2,299.3,29.3,D,0
-24.8835,148.5876,313.6,1,1,2014-08-25,0024,Terra,MODIS,68,6.2,299.8,6.4,D,0
-24.8744,148.5891,363.8,1,1,2014-08-25,0024,Terra,MODIS,100,6.2,302.1,93.2,D,0
-25.836,148.5626,311,1,1,2014-08-25,0024,Terra,MODIS,57,6.2,299,3.9,D,0
-24.5833,145.4834,334.4,1.1,1.1,2014-08-25,0024,Terra,MODIS,86,6.2,302.6,31.9,D,0
-24.5852,145.4944,316.5,1.1,1.1,2014-08-25,0024,Terra,MODIS,64,6.2,302.2,7.7,D,0
-24.5928,145.4815,315.6,1.1,1.1,2014-08-25,0024,Terra,MODIS,64,6.2,301.7,7.1,D,0
-24.5946,145.4926,315.7,1.1,1.1,2014-08-25,0024,Terra,MODIS,65,6.2,302.2,7.1,D,0
-24.8758,148.5991,338.8,1,1,2014-08-25,0024,Terra,MODIS,90,6.2,301.9,36.3,D,0
-30.369,151.6323,305.7,1.6,1.2,2014-08-25,0025,Terra,MODIS,62,6.2,286,15.3,D,0
-30.3526,152.1274,303.7,1.7,1.3,2014-08-25,0025,Terra,MODIS,48,6.2,290.1,11.8,D,0
-29.4643,150.3058,311.7,1.3,1.1,2014-08-25,0025,Terra,MODIS,68,6.2,294.4,12.9,D,0
-31.4138,148.3559,310.1,1.1,1,2014-08-25,0025,Terra,MODIS,69,6.2,292.4,8.8,D,0
-29.4718,150.2988,305.8,1.3,1.1,2014-08-25,0025,Terra,MODIS,40,6.2,293.8,6.4,D,0
-32.5898,151.3623,303.3,1.6,1.3,2014-08-25,0026,Terra,MODIS,50,6.2,287.4,9.6,D,0
-32.5892,151.3736,310.7,1.6,1.3,2014-08-25,0026,Terra,MODIS,70,6.2,288,17.7,D,0
-42.3504,147.2393,311.1,1.3,1.1,2014-08-25,0028,Terra,MODIS,71,6.2,284.4,17.3,D,0
-11.416,132.8498,315.6,2.3,1.5,2014-08-25,0158,Terra,MODIS,0,6.2,300.6,13.7,D,0
-12.2904,135.401,338.3,3.8,1.8,2014-08-25,0159,Terra,MODIS,87,6.2,296.8,232.5,D,0
-11.7963,133.0111,343.6,2.4,1.5,2014-08-25,0159,Terra,MODIS,91,6.2,305.5,135.6,D,0
-11.8016,133.017,335.5,2.4,1.5,2014-08-25,0159,Terra,MODIS,85,6.2,305.4,87.2,D,0
-13.4172,132.3137,336,2.2,1.5,2014-08-25,0159,Terra,MODIS,85,6.2,304.4,84.9,D,0
-12.301,135.428,336.6,3.8,1.8,2014-08-25,0159,Terra,MODIS,86,6.2,297.2,211.8,D,0
-12.2847,135.43,330.5,3.8,1.8,2014-08-25,0159,Terra,MODIS,81,6.2,296.2,156.9,D,0
-13.5848,131.6608,324,2,1.4,2014-08-25,0159,Terra,MODIS,72,6.2,304.3,30.5,D,0
-12.2809,135.3957,317,3.8,1.8,2014-08-25,0159,Terra,MODIS,52,6.2,295.6,58.6,D,0
-12.2945,135.4353,342.9,3.8,1.8,2014-08-25,0159,Terra,MODIS,90,6.2,297.1,286.3,D,0
-13.061,132.4875,322.6,2.3,1.5,2014-08-25,0159,Terra,MODIS,53,6.2,306.4,26.8,D,0
-12.279,132.682,320.9,2.3,1.5,2014-08-25,0159,Terra,MODIS,50,6.2,303.7,28.7,D,0
-11.7881,133.0185,322,2.4,1.5,2014-08-25,0159,Terra,MODIS,62,6.2,303.1,33.2,D,0
-11.7854,132.9968,320.2,2.4,1.5,2014-08-25,0159,Terra,MODIS,43,6.2,303.3,24.6,D,0
-14.2208,134.9779,319.2,3.7,1.8,2014-08-25,0159,Terra,MODIS,64,6.2,302.2,65.6,D,0
-14.2137,134.9859,316.1,3.7,1.8,2014-08-25,0159,Terra,MODIS,54,6.2,301.7,47.7,D,0
-13.4613,132.4553,326.5,2.3,1.5,2014-08-25,0159,Terra,MODIS,65,6.2,302.7,45.8,D,0
-13.6036,134.5302,318.4,3.4,1.7,2014-08-25,0159,Terra,MODIS,60,6.2,303.9,35.6,D,0
-13.4747,132.4549,320,2.3,1.5,2014-08-25,0159,Terra,MODIS,37,6.2,304.7,23.1,D,0
-13.3986,132.3793,322.4,2.3,1.5,2014-08-25,0159,Terra,MODIS,69,6.2,302.5,36.7,D,0
-13.401,132.3991,348.9,2.3,1.5,2014-08-25,0159,Terra,MODIS,94,6.2,304,166.7,D,0
-13.4328,132.3326,342.5,2.3,1.5,2014-08-25,0159,Terra,MODIS,90,6.2,305.6,121.3,D,0
-13.4142,132.3982,334.5,2.3,1.5,2014-08-25,0159,Terra,MODIS,84,6.2,304.3,81.4,D,0
-13.4303,132.3274,337.8,2.3,1.5,2014-08-25,0159,Terra,MODIS,87,6.2,306.1,92.9,D,0
-13.4712,132.4496,326,2.3,1.5,2014-08-25,0159,Terra,MODIS,75,6.2,304.9,45.5,D,0
-11.7937,132.9892,323.3,2.4,1.5,2014-08-25,0159,Terra,MODIS,48,6.2,303.9,29.6,D,0
-11.7988,132.9951,334.1,2.4,1.5,2014-08-25,0159,Terra,MODIS,84,6.2,305.3,76.7,D,0
-13.4736,132.4698,319.8,2.3,1.5,2014-08-25,0159,Terra,MODIS,43,6.2,302.5,25,D,0
-13.485,132.3405,320.7,2.3,1.5,2014-08-25,0159,Terra,MODIS,36,6.2,304.4,22.5,D,0
-14.6377,134.5025,322.5,3.4,1.7,2014-08-25,0159,Terra,MODIS,70,6.2,302.8,66.5,D,0
-12.3733,135.4146,322.3,3.8,1.8,2014-08-25,0159,Terra,MODIS,49,6.2,296.7,66.4,D,0
-12.3974,133.7727,328.5,2.8,1.6,2014-08-25,0159,Terra,MODIS,79,6.2,300,89.6,D,0
-12.4912,135.2216,328.3,3.7,1.8,2014-08-25,0159,Terra,MODIS,79,6.2,299.1,114.5,D,0
-12.7908,131.3855,327.1,1.9,1.3,2014-08-25,0159,Terra,MODIS,45,6.2,309.2,27.7,D,0
-12.4761,135.1517,349.6,3.6,1.8,2014-08-25,0159,Terra,MODIS,95,6.2,300.4,332,D,0
-12.4836,135.1554,320.4,3.6,1.8,2014-08-25,0159,Terra,MODIS,16,6.2,299,62.2,D,0
-12.4361,131.519,316.4,1.9,1.3,2014-08-25,0159,Terra,MODIS,37,6.2,304.2,14.1,D,0
-12.4111,133.7377,319.2,2.8,1.6,2014-08-25,0159,Terra,MODIS,65,6.2,300.4,40.8,D,0
-12.4005,133.7987,318,2.8,1.6,2014-08-25,0159,Terra,MODIS,62,6.2,299.6,40.6,D,0
-12.053,133.6539,321.6,2.7,1.6,2014-08-25,0159,Terra,MODIS,65,6.2,303.2,38.7,D,0
-14.563,135.029,326.5,3.8,1.8,2014-08-25,0159,Terra,MODIS,76,6.2,301.6,117.8,D,0
-12.4259,131.1474,323.5,1.8,1.3,2014-08-25,0159,Terra,MODIS,72,6.2,306.8,24.4,D,0
-15.527,135.6223,358.4,4.3,1.9,2014-08-25,0159,Terra,MODIS,99,6.2,308,598.1,D,0
-12.4676,135.1573,368.9,3.6,1.8,2014-08-25,0159,Terra,MODIS,100,6.2,300.8,665.7,D,0
-12.4957,135.1826,323.2,3.6,1.8,2014-08-25,0159,Terra,MODIS,55,6.2,298.3,80.7,D,0
-12.4139,133.7631,332.7,2.8,1.6,2014-08-25,0159,Terra,MODIS,83,6.2,302.1,112.7,D,0
-15.4924,135.6259,324.4,4.3,1.9,2014-08-25,0159,Terra,MODIS,27,6.2,305.6,104.8,D,0
-12.7886,131.3685,342.9,1.9,1.3,2014-08-25,0159,Terra,MODIS,90,6.2,308.2,87.9,D,0
-12.7766,131.37,336,1.9,1.3,2014-08-25,0159,Terra,MODIS,81,6.2,307.6,60.5,D,0
-12.434,131.5017,318.1,1.9,1.3,2014-08-25,0159,Terra,MODIS,60,6.2,303.6,18.7,D,0
-12.5074,135.2199,318.8,3.7,1.8,2014-08-25,0159,Terra,MODIS,59,6.2,297.3,52.5,D,0
-12.9545,132.3606,322,2.2,1.4,2014-08-25,0159,Terra,MODIS,50,6.2,306.4,23.3,D,0
-12.0498,133.6612,322,2.7,1.6,2014-08-25,0159,Terra,MODIS,67,6.2,303.7,40,D,0
-12.5266,135.5314,315.6,3.9,1.8,2014-08-25,0159,Terra,MODIS,50,6.2,296.2,48,D,0
-12.3786,135.3848,331.1,3.8,1.8,2014-08-25,0159,Terra,MODIS,80,6.2,298.4,133.7,D,0
-15.0936,134.8578,321.8,3.7,1.8,2014-08-25,0159,Terra,MODIS,58,6.2,304.7,57,D,0
-14.6412,134.5346,335.8,3.5,1.8,2014-08-25,0159,Terra,MODIS,85,6.2,306.2,167.4,D,0
-14.5466,135.0306,322.2,3.8,1.8,2014-08-25,0159,Terra,MODIS,70,6.2,302.2,87.5,D,0
-12.4993,135.2159,336.5,3.7,1.8,2014-08-25,0159,Terra,MODIS,86,6.2,298.6,193.2,D,0
-12.7818,131.3635,326.8,1.9,1.3,2014-08-25,0159,Terra,MODIS,50,6.2,306,29,D,0
-13.7573,133.3579,317.8,2.7,1.6,2014-08-25,0159,Terra,MODIS,57,6.2,301.4,34.8,D,0
-14.5533,135.0235,335.4,3.8,1.8,2014-08-25,0159,Terra,MODIS,85,6.2,302.9,202,D,0
-12.4291,131.5081,320.7,1.9,1.3,2014-08-25,0159,Terra,MODIS,67,6.2,302.6,23.6,D,0
-12.4874,135.1884,330.1,3.6,1.8,2014-08-25,0159,Terra,MODIS,81,6.2,298.6,130.1,D,0
-12.7048,131.815,326.5,2,1.4,2014-08-25,0159,Terra,MODIS,76,6.2,305.4,37.9,D,0
-13.2895,135.3905,314.3,3.9,1.8,2014-08-25,0159,Terra,MODIS,16,6.2,298.2,40.4,D,0
-12.4713,135.1901,330.6,3.6,1.8,2014-08-25,0159,Terra,MODIS,81,6.2,298,128.8,D,0
-12.4796,135.1845,338.6,3.6,1.8,2014-08-25,0159,Terra,MODIS,88,6.2,298.7,201.8,D,0
-12.6778,131.8,321.7,2,1.4,2014-08-25,0159,Terra,MODIS,35,6.2,304.2,25,D,0
-12.3858,135.3786,331.3,3.8,1.8,2014-08-25,0159,Terra,MODIS,81,6.2,298.7,136.8,D,0
-12.7839,131.3805,329.9,1.9,1.3,2014-08-25,0159,Terra,MODIS,58,6.2,309.4,35.8,D,0
-12.4087,133.7448,327.4,2.8,1.6,2014-08-25,0159,Terra,MODIS,78,6.2,300.9,80.9,D,0
-12.5365,135.5614,315.3,3.9,1.8,2014-08-25,0159,Terra,MODIS,49,6.2,296.9,47.3,D,0
-12.5306,135.5668,316.5,3.9,1.8,2014-08-25,0159,Terra,MODIS,57,6.2,297.1,56.7,D,0
-12.4117,133.7705,338.1,2.8,1.6,2014-08-25,0159,Terra,MODIS,88,6.2,301.8,149.4,D,0
-13.7539,133.3637,316.3,2.7,1.6,2014-08-25,0159,Terra,MODIS,44,6.2,301.3,27.4,D,0
-12.0951,134.1572,318.2,3,1.6,2014-08-25,0159,Terra,MODIS,0,6.2,298.7,42.8,D,0
-12.1799,134.3658,318.7,3.1,1.7,2014-08-25,0159,Terra,MODIS,54,6.2,299.3,46,D,0
-12.3657,135.3462,332,3.7,1.8,2014-08-25,0159,Terra,MODIS,69,6.2,297,149.3,D,0
-12.3827,135.4193,326.8,3.8,1.8,2014-08-25,0159,Terra,MODIS,67,6.2,297.3,95.5,D,0
-11.4595,130.2141,336.9,1.5,1.2,2014-08-25,0159,Terra,MODIS,86,6.2,305.3,51.1,D,0
-11.4577,130.2007,342.2,1.5,1.2,2014-08-25,0159,Terra,MODIS,90,6.2,303.8,65.4,D,0
-14.1219,129.7437,321.6,1.5,1.2,2014-08-25,0159,Terra,MODIS,67,6.2,303,17.4,D,0
-14.0842,130.0827,326,1.6,1.2,2014-08-25,0159,Terra,MODIS,50,6.2,307.8,23.5,D,0
-14.0836,130.0888,326.3,1.6,1.2,2014-08-25,0159,Terra,MODIS,43,6.2,308.3,22.3,D,0
-12.8439,130.5745,322.5,1.6,1.3,2014-08-25,0159,Terra,MODIS,37,6.2,307,18.5,D,0
-12.8213,130.5774,326.7,1.6,1.3,2014-08-25,0159,Terra,MODIS,51,6.2,306.4,24.4,D,0
-14.2582,129.6643,331.9,1.5,1.2,2014-08-25,0159,Terra,MODIS,81,6.2,307.9,34.2,D,0
-13.9328,130.42,321.2,1.6,1.3,2014-08-25,0159,Terra,MODIS,62,6.2,308.2,9.5,D,0
-14.339,129.4175,318.5,1.4,1.2,2014-08-25,0159,Terra,MODIS,52,6.2,306.3,9.7,D,0
-12.6397,131.923,339.3,2,1.4,2014-08-25,0159,Terra,MODIS,88,6.2,307.7,79.2,D,0
-12.6212,131.7761,331.7,2,1.4,2014-08-25,0159,Terra,MODIS,82,6.2,305.2,57.2,D,0
-12.574,131.8005,327.4,2,1.4,2014-08-25,0159,Terra,MODIS,66,6.2,305.9,39.6,D,0
-12.6328,131.8674,336,2,1.4,2014-08-25,0159,Terra,MODIS,79,6.2,305.4,70.5,D,0
-12.5639,131.8203,335.2,2,1.4,2014-08-25,0159,Terra,MODIS,80,6.2,306.9,64.7,D,0
-12.6203,131.869,333.3,2,1.4,2014-08-25,0159,Terra,MODIS,75,6.2,307.1,58,D,0
-12.5627,131.2228,318.2,1.8,1.3,2014-08-25,0159,Terra,MODIS,32,6.2,305.3,14.2,D,0
-15.3847,134.7399,317.6,3.7,1.8,2014-08-25,0159,Terra,MODIS,22,6.2,306.3,42.7,D,0
-12.7938,131.362,325.3,1.9,1.3,2014-08-25,0159,Terra,MODIS,55,6.2,306.7,25.6,D,0
-12.7959,131.379,335.8,1.9,1.3,2014-08-25,0159,Terra,MODIS,85,6.2,308.2,57.6,D,0
-12.5617,131.8271,360.7,2,1.4,2014-08-25,0159,Terra,MODIS,100,6.2,308.2,207.8,D,0
-15.09,134.8228,359.4,3.7,1.8,2014-08-25,0159,Terra,MODIS,99,6.2,307.8,493.8,D,0
-15.0827,134.8304,356.3,3.7,1.8,2014-08-25,0159,Terra,MODIS,98,6.2,307.2,442.8,D,0
-15.3159,135.1093,328.3,3.9,1.8,2014-08-25,0159,Terra,MODIS,79,6.2,305.8,117.9,D,0
-13.3147,135.3158,318.6,3.8,1.8,2014-08-25,0159,Terra,MODIS,62,6.2,298.9,66.7,D,0
-13.321,135.3083,317.1,3.8,1.8,2014-08-25,0159,Terra,MODIS,57,6.2,299.3,60.6,D,0
-12.5683,131.8569,324.8,2,1.4,2014-08-25,0159,Terra,MODIS,61,6.2,307.8,27.3,D,0
-14.4967,133.2252,323.9,2.7,1.6,2014-08-25,0159,Terra,MODIS,71,6.2,306.8,46.9,D,0
-14.511,133.2236,324.1,2.7,1.6,2014-08-25,0159,Terra,MODIS,72,6.2,306.3,47,D,0
-15.4008,134.7377,316.2,3.7,1.8,2014-08-25,0159,Terra,MODIS,34,6.2,304.7,35.8,D,0
-13.4379,134.2801,329.3,3.2,1.7,2014-08-25,0159,Terra,MODIS,79,6.2,302.5,108.1,D,0
-12.4669,135.8021,314.5,4.1,1.9,2014-08-25,0159,Terra,MODIS,41,6.2,295.9,48.5,D,0
-12.4542,135.7961,314.1,4.1,1.9,2014-08-25,0159,Terra,MODIS,35,6.2,296.3,45.5,D,0
-12.3746,135.3508,326.5,3.7,1.8,2014-08-25,0159,Terra,MODIS,46,6.2,296.8,101.3,D,0
-12.564,131.8453,361.5,2,1.4,2014-08-25,0159,Terra,MODIS,100,6.2,310,214.4,D,0
-12.3695,135.3802,325.3,3.8,1.8,2014-08-25,0159,Terra,MODIS,46,6.2,297.9,91.3,D,0
-12.5661,131.8386,366.9,2,1.4,2014-08-25,0159,Terra,MODIS,100,6.2,310.5,259.4,D,0
-11.5356,130.7126,322.3,1.6,1.2,2014-08-25,0159,Terra,MODIS,46,6.2,304.5,20.3,D,0
-11.5468,130.7111,338.6,1.6,1.2,2014-08-25,0159,Terra,MODIS,87,6.2,304.4,59.9,D,0
-12.6421,131.9416,333.3,2,1.4,2014-08-25,0159,Terra,MODIS,84,6.2,308,54.1,D,0
-15.3233,135.0789,323,3.9,1.8,2014-08-25,0159,Terra,MODIS,71,6.2,306.8,74.7,D,0
-12.5537,131.8401,323.2,2,1.4,2014-08-25,0159,Terra,MODIS,53,6.2,305.6,24.3,D,0
-12.3285,131.1007,349.4,1.7,1.3,2014-08-25,0159,Terra,MODIS,94,6.2,307.1,112.4,D,0
-15.3272,135.1149,326,3.9,1.8,2014-08-25,0159,Terra,MODIS,76,6.2,305.7,98.5,D,0
-15.0791,134.7968,327.1,3.7,1.8,2014-08-25,0159,Terra,MODIS,75,6.2,307.2,96.9,D,0
-15.0801,135.1169,333.7,3.9,1.8,2014-08-25,0159,Terra,MODIS,83,6.2,306,184.3,D,0
-15.0855,135.1095,318.3,3.9,1.8,2014-08-25,0159,Terra,MODIS,44,6.2,306.3,54.8,D,0
-13.3248,135.3446,314.5,3.8,1.8,2014-08-25,0159,Terra,MODIS,39,6.2,298.6,45.4,D,0
-15.2152,125.8122,321.3,1,1,2014-08-25,0200,Terra,MODIS,52,6.2,307.5,5.9,D,0
-15.1558,125.7831,328.1,1,1,2014-08-25,0200,Terra,MODIS,71,6.2,308.4,14,D,0
-15.1571,125.7924,328.2,1,1,2014-08-25,0200,Terra,MODIS,39,6.2,308.7,13.5,D,0
-15.1607,125.7539,329.9,1,1,2014-08-25,0200,Terra,MODIS,68,6.2,307.9,14.5,D,0
-15.1661,125.791,335.7,1,1,2014-08-25,0200,Terra,MODIS,73,6.2,308.7,21.7,D,0
-15.1675,125.8004,341.4,1,1,2014-08-25,0200,Terra,MODIS,89,6.2,308.5,31.3,D,0
-15.1697,125.7525,331,1,1,2014-08-25,0200,Terra,MODIS,80,6.2,308.3,15.7,D,0
-15.1918,125.7777,323.3,1,1,2014-08-25,0200,Terra,MODIS,46,6.2,309.9,6.9,D,0
-15.2084,125.7657,365.4,1,1,2014-08-25,0200,Terra,MODIS,100,6.2,310,90.5,D,0
-15.2098,125.775,351.2,1,1,2014-08-25,0200,Terra,MODIS,95,6.2,309.5,52.8,D,0
-15.2112,125.7843,338.6,1,1,2014-08-25,0200,Terra,MODIS,87,6.2,309,28.9,D,0
-15.1688,125.8097,327.2,1,1,2014-08-25,0200,Terra,MODIS,42,6.2,308.1,11.7,D,0
-15.1702,125.819,347.7,1,1,2014-08-25,0200,Terra,MODIS,93,6.2,310.5,44.2,D,0
-15.1715,125.8283,339.9,1,1,2014-08-25,0200,Terra,MODIS,88,6.2,309.4,30.6,D,0
-15.1729,125.8376,325,1,1,2014-08-25,0200,Terra,MODIS,62,6.2,306.5,10.8,D,0
-15.1819,125.8362,324,1,1,2014-08-25,0200,Terra,MODIS,54,6.2,307.8,9.5,D,0
-15.2708,126.0072,326.8,1,1,2014-08-25,0200,Terra,MODIS,75,6.2,308.7,12.6,D,0
-15.2758,125.9777,341.4,1,1,2014-08-25,0200,Terra,MODIS,89,6.2,308,33.9,D,0
-15.2772,125.9871,357.5,1,1,2014-08-25,0200,Terra,MODIS,98,6.2,309.4,67.8,D,0
-15.1859,125.8641,320.9,1,1,2014-08-25,0200,Terra,MODIS,61,6.2,309.4,6.7,D,0
-18.7586,133.9154,332.2,3.5,1.8,2014-08-25,0200,Terra,MODIS,84,6.2,304,148.4,D,0
-18.7673,133.9077,352.8,3.5,1.8,2014-08-25,0200,Terra,MODIS,96,6.2,305.8,379.6,D,0
-18.7745,133.9137,335.5,3.5,1.8,2014-08-25,0200,Terra,MODIS,86,6.2,303.8,179.3,D,0
-18.7704,133.9411,315.9,3.6,1.8,2014-08-25,0200,Terra,MODIS,60,6.2,302.2,43.5,D,0
-18.847,133.8992,320.5,3.5,1.8,2014-08-25,0200,Terra,MODIS,70,6.2,304.6,68.3,D,0
-18.856,133.893,317.4,3.5,1.8,2014-08-25,0200,Terra,MODIS,50,6.2,302.2,49.7,D,0
-18.579,130.092,320.1,1.8,1.3,2014-08-25,0200,Terra,MODIS,34,6.2,306.8,17.7,D,0
-18.5929,130.1078,326.4,1.8,1.3,2014-08-25,0200,Terra,MODIS,69,6.2,305.1,34.4,D,0
-17.1588,127.809,320.5,1.2,1.1,2014-08-25,0200,Terra,MODIS,54,6.2,306.1,10.3,D,0
-15.1504,125.7459,328.2,1,1,2014-08-25,0200,Terra,MODIS,77,6.2,308.3,14.8,D,0
-15.1594,125.7446,349.7,1,1,2014-08-25,0200,Terra,MODIS,94,6.2,310.5,49,D,0
-15.167,125.7339,335.2,1,1,2014-08-25,0200,Terra,MODIS,78,6.2,307.7,23.1,D,0
-15.1684,125.7432,350.7,1,1,2014-08-25,0200,Terra,MODIS,95,6.2,309.8,50.2,D,0
-15.176,125.7326,337.6,1,1,2014-08-25,0200,Terra,MODIS,86,6.2,310.3,28.3,D,0
-15.1774,125.7419,333.2,1,1,2014-08-25,0200,Terra,MODIS,82,6.2,310.2,20.6,D,0
-15.185,125.7312,347.9,1,1,2014-08-25,0200,Terra,MODIS,93,6.2,311.1,47.1,D,0
-15.1864,125.7405,331.4,1,1,2014-08-25,0200,Terra,MODIS,80,6.2,309.3,18.6,D,0
-17.3193,123.7999,375.7,1,1,2014-08-25,0200,Terra,MODIS,100,6.2,316.3,127.8,D,0
-15.2695,125.9978,329.8,1,1,2014-08-25,0200,Terra,MODIS,79,6.2,310.2,16.5,D,0
-15.2658,126.0336,324.6,1,1,2014-08-25,0200,Terra,MODIS,45,6.2,306.1,9.4,D,0
-15.2645,126.0242,339.6,1,1,2014-08-25,0200,Terra,MODIS,88,6.2,309.4,29,D,0
-17.1597,127.8909,318.3,1.2,1.1,2014-08-25,0200,Terra,MODIS,39,6.2,306.4,7.8,D,0
-17.3207,123.8094,370.8,1,1,2014-08-25,0200,Terra,MODIS,100,6.2,316.2,108.3,D,0
-17.3222,123.819,338.3,1,1,2014-08-25,0200,Terra,MODIS,82,6.2,312.6,27.2,D,0
-17.3284,123.7984,328.2,1,1,2014-08-25,0200,Terra,MODIS,52,6.2,313.2,13.7,D,0
-15.2351,125.8853,341.4,1,1,2014-08-25,0200,Terra,MODIS,89,6.2,308.6,33.2,D,0
-17.3298,123.808,334.1,1,1,2014-08-25,0200,Terra,MODIS,77,6.2,313.4,20,D,0
-15.7577,130.4939,330.8,1.8,1.3,2014-08-25,0200,Terra,MODIS,78,6.2,310.7,40.4,D,0
-15.7666,130.5034,329.3,1.8,1.3,2014-08-25,0200,Terra,MODIS,48,6.2,309.3,34.8,D,0
-17.3369,123.8004,344.1,1,1,2014-08-25,0200,Terra,MODIS,90,6.2,313.8,37.2,D,0
-15.0843,126.1787,343.3,1,1,2014-08-25,0200,Terra,MODIS,90,6.2,311.2,38.3,D,0
-17.1581,127.8794,338.5,1.2,1.1,2014-08-25,0200,Terra,MODIS,87,6.2,309.5,41.5,D,0
-15.2337,125.876,328.8,1,1,2014-08-25,0200,Terra,MODIS,77,6.2,306.6,13.8,D,0
-15.083,126.1693,344.5,1,1,2014-08-25,0200,Terra,MODIS,91,6.2,309.7,39.9,D,0
-15.0753,126.18,325.9,1,1,2014-08-25,0200,Terra,MODIS,70,6.2,308.7,12.8,D,0
-15.2324,125.8667,333.5,1,1,2014-08-25,0200,Terra,MODIS,82,6.2,308.1,20.8,D,0
-15.2803,126.0728,331.5,1,1,2014-08-25,0200,Terra,MODIS,81,6.2,308.9,17.8,D,0
-15.231,125.8574,348,1,1,2014-08-25,0200,Terra,MODIS,93,6.2,309.5,45.9,D,0
-15.2816,126.0822,328.7,1,1,2014-08-25,0200,Terra,MODIS,78,6.2,308.2,14.3,D,0
-15.2301,125.9146,327.7,1,1,2014-08-25,0200,Terra,MODIS,71,6.2,308.5,13.4,D,0
-15.2829,126.0916,321.7,1,1,2014-08-25,0200,Terra,MODIS,41,6.2,307,5.9,D,0
-15.2893,126.0715,320.6,1,1,2014-08-25,0200,Terra,MODIS,58,6.2,307.2,5.6,D,0
-15.2288,125.9053,347.9,1,1,2014-08-25,0200,Terra,MODIS,93,6.2,310.3,46,D,0
-17.3443,123.8482,327.1,1,1,2014-08-25,0200,Terra,MODIS,59,6.2,311.7,9.8,D,0
-15.2274,125.896,327.1,1,1,2014-08-25,0200,Terra,MODIS,59,6.2,309.7,11.8,D,0
-15.2907,126.0809,319.8,1,1,2014-08-25,0200,Terra,MODIS,49,6.2,307.4,4.8,D,0
-15.0934,126.1773,329.8,1,1,2014-08-25,0200,Terra,MODIS,75,6.2,306.4,17.6,D,0
-18.2322,129.8399,324.8,1.7,1.3,2014-08-25,0200,Terra,MODIS,63,6.2,307.3,26.4,D,0
-18.2187,129.8253,327.7,1.7,1.3,2014-08-25,0200,Terra,MODIS,73,6.2,305.8,35.2,D,0
-18.2167,129.8092,336.5,1.7,1.3,2014-08-25,0200,Terra,MODIS,86,6.2,306,61.8,D,0
-17.4183,123.846,340.1,1,1,2014-08-25,0200,Terra,MODIS,87,6.2,312.5,30.1,D,0
-17.3384,123.81,344.1,1,1,2014-08-25,0200,Terra,MODIS,90,6.2,312.3,36.6,D,0
-17.3178,123.7903,337.8,1,1,2014-08-25,0200,Terra,MODIS,85,6.2,310.6,28.3,D,0
-15.9278,128.8057,332.8,1.4,1.2,2014-08-25,0200,Terra,MODIS,46,6.2,309.3,27.6,D,0
-15.3963,133.1645,318.8,2.8,1.6,2014-08-25,0200,Terra,MODIS,43,6.2,306.8,31.1,D,0
-15.279,133.0538,321.4,2.7,1.6,2014-08-25,0200,Terra,MODIS,28,6.2,304.6,35.9,D,0
-15.5304,132.9114,335.9,2.7,1.6,2014-08-25,0200,Terra,MODIS,67,6.2,309,105.4,D,0
-18.7712,133.8804,321.1,3.5,1.8,2014-08-25,0200,Terra,MODIS,71,6.2,302.2,70.1,D,0
-15.3737,132.9611,346.6,2.7,1.6,2014-08-25,0200,Terra,MODIS,93,6.2,303,187.7,D,0
-15.3764,132.9861,372.6,2.7,1.6,2014-08-25,0200,Terra,MODIS,100,6.2,310.8,479.1,D,0
-15.3906,132.9844,335.6,2.7,1.6,2014-08-25,0200,Terra,MODIS,83,6.2,306.5,104.9,D,0
-18.7453,133.8431,344.3,3.5,1.8,2014-08-25,0200,Terra,MODIS,92,6.2,301.6,270.1,D,0
-18.7483,133.8762,351.1,3.5,1.8,2014-08-25,0200,Terra,MODIS,95,6.2,305.5,353.2,D,0
-18.7642,133.8744,327.7,3.5,1.8,2014-08-25,0200,Terra,MODIS,79,6.2,302.4,111.4,D,0
-15.2961,133.0776,328.3,2.7,1.6,2014-08-25,0200,Terra,MODIS,57,6.2,305.4,64.5,D,0
-15.4162,132.9564,321.4,2.7,1.6,2014-08-25,0200,Terra,MODIS,32,6.2,306.9,38.1,D,0
-18.7394,133.8837,337.5,3.5,1.8,2014-08-25,0200,Terra,MODIS,88,6.2,303.4,198.3,D,0
-15.505,132.9393,344.6,2.7,1.6,2014-08-25,0200,Terra,MODIS,92,6.2,308.4,165,D,0
-15.5021,132.9146,383.3,2.7,1.6,2014-08-25,0200,Terra,MODIS,100,6.2,311.7,651.7,D,0
-15.4201,132.9493,320,2.7,1.6,2014-08-25,0200,Terra,MODIS,28,6.2,307.1,33.2,D,0
-18.752,133.8491,316.8,3.5,1.8,2014-08-25,0200,Terra,MODIS,53,6.2,301,48.8,D,0
-18.7553,133.8821,346.5,3.5,1.8,2014-08-25,0200,Terra,MODIS,93,6.2,304.9,296.7,D,0
-15.4921,132.9102,347.9,2.7,1.6,2014-08-25,0200,Terra,MODIS,93,6.2,307,191.5,D,0
-15.4947,132.9349,331,2.7,1.6,2014-08-25,0200,Terra,MODIS,42,6.2,305.8,70.1,D,0
-15.5318,132.8806,325.4,2.7,1.6,2014-08-25,0200,Terra,MODIS,46,6.2,306.5,55.6,D,0
-15.5062,132.9086,378.2,2.7,1.6,2014-08-25,0200,Terra,MODIS,100,6.2,310,558.2,D,0
-15.5089,132.9333,348.2,2.7,1.6,2014-08-25,0200,Terra,MODIS,94,6.2,308.5,184.7,D,0
-15.5177,132.8823,328.9,2.7,1.6,2014-08-25,0200,Terra,MODIS,30,6.2,304.9,68.1,D,0
-15.3935,133.0096,329.7,2.7,1.6,2014-08-25,0200,Terra,MODIS,48,6.2,307.8,71,D,0
-15.5345,132.9053,331.7,2.7,1.6,2014-08-25,0200,Terra,MODIS,67,6.2,307.7,85.6,D,0
-15.2765,132.9029,317.2,2.7,1.6,2014-08-25,0200,Terra,MODIS,52,6.2,304.5,26.5,D,0
-15.3104,133.076,324.7,2.7,1.6,2014-08-25,0200,Terra,MODIS,54,6.2,306.7,47.3,D,0
-15.3793,133.0114,330.7,2.7,1.6,2014-08-25,0200,Terra,MODIS,58,6.2,308.8,71,D,0
-15.4993,132.8899,343.6,2.7,1.6,2014-08-25,0200,Terra,MODIS,91,6.2,303.7,166,D,0
-15.3623,132.9879,329.2,2.7,1.6,2014-08-25,0200,Terra,MODIS,79,6.2,307.6,62.4,D,0
-15.5204,132.907,357.9,2.7,1.6,2014-08-25,0200,Terra,MODIS,99,6.2,310.7,290,D,0
-15.2727,133.0361,320.5,2.7,1.6,2014-08-25,0200,Terra,MODIS,50,6.2,304.9,38.3,D,0
-15.2933,133.0522,325.7,2.7,1.6,2014-08-25,0200,Terra,MODIS,42,6.2,305.7,49.4,D,0
-15.5134,132.8883,353.1,2.7,1.6,2014-08-25,0200,Terra,MODIS,96,6.2,306,240.6,D,0
-15.2793,132.9277,335.2,2.7,1.6,2014-08-25,0200,Terra,MODIS,85,6.2,305.8,110.9,D,0
-15.2757,133.0613,318,2.7,1.6,2014-08-25,0200,Terra,MODIS,42,6.2,304.6,29,D,0
-15.5163,132.913,364.8,2.7,1.6,2014-08-25,0200,Terra,MODIS,100,6.2,310.4,364.2,D,0
-15.5275,132.8867,339.8,2.7,1.6,2014-08-25,0200,Terra,MODIS,88,6.2,307.5,136.4,D,0
-18.7362,133.8508,360.9,3.5,1.8,2014-08-25,0200,Terra,MODIS,100,6.2,303.4,501.9,D,0
-16.1172,135.7656,318.4,4.5,2,2014-08-25,0200,Terra,MODIS,57,6.2,304.6,66.3,D,0
-16.0416,135.9103,314.4,4.6,2,2014-08-25,0200,Terra,MODIS,24,6.2,304,30.6,D,0
-16.1172,135.7731,317.5,4.5,2,2014-08-25,0200,Terra,MODIS,33,6.2,305.1,52.6,D,0
-15.5288,135.6148,360,4.3,1.9,2014-08-25,0200,Terra,MODIS,99,6.2,307.8,634.4,D,0
-16.0429,135.7296,325.9,4.5,1.9,2014-08-25,0200,Terra,MODIS,76,6.2,302.3,134,D,0
-16.0425,135.7363,327.1,4.5,1.9,2014-08-25,0200,Terra,MODIS,78,6.2,302.5,148.2,D,0
-15.5327,135.6549,324.4,4.3,1.9,2014-08-25,0200,Terra,MODIS,56,6.2,306.2,105.6,D,0
-16.085,128.8491,356.8,1.4,1.2,2014-08-25,0200,Terra,MODIS,98,6.2,310.3,103,D,0
-16.0866,128.8619,358.4,1.4,1.2,2014-08-25,0200,Terra,MODIS,99,6.2,311.8,109.8,D,0
-17.5696,122.8685,350.6,1.1,1,2014-08-25,0200,Terra,MODIS,94,6.2,312.4,56.9,D,0
-17.5713,122.8787,339.8,1.1,1,2014-08-25,0200,Terra,MODIS,85,6.2,312.2,33,D,0
-16.0467,128.4025,319.1,1.3,1.1,2014-08-25,0200,Terra,MODIS,49,6.2,306.4,9.9,D,0
-16.0499,128.4265,319.7,1.3,1.1,2014-08-25,0200,Terra,MODIS,60,6.2,305.4,10.5,D,0
-17.5538,122.8293,328.8,1.1,1,2014-08-25,0200,Terra,MODIS,64,6.2,313,14.4,D,0
-17.5632,122.8278,326,1.1,1,2014-08-25,0200,Terra,MODIS,51,6.2,309.8,10.7,D,0
-16.5728,123.9217,326.5,1,1,2014-08-25,0200,Terra,MODIS,74,6.2,308.8,13.7,D,0
-16.5819,123.9202,323.9,1,1,2014-08-25,0200,Terra,MODIS,29,6.2,309,9.2,D,0
-16.6015,123.9268,324.9,1,1,2014-08-25,0200,Terra,MODIS,38,6.2,309.2,9.9,D,0
-15.2785,125.9964,328.7,1,1,2014-08-25,0200,Terra,MODIS,70,6.2,307.1,13.6,D,0
-16.4444,123.9291,327.9,1,1,2014-08-25,0200,Terra,MODIS,64,6.2,308.4,15.3,D,0
-16.0987,128.8733,326.8,1.4,1.2,2014-08-25,0200,Terra,MODIS,75,6.2,308.7,22.1,D,0
-16.0971,128.8605,323.4,1.4,1.2,2014-08-25,0200,Terra,MODIS,63,6.2,308.2,16.1,D,0
-16.0883,128.8747,330.6,1.4,1.2,2014-08-25,0200,Terra,MODIS,80,6.2,308.9,26.5,D,0
-16.4254,123.9189,327.2,1,1,2014-08-25,0200,Terra,MODIS,42,6.2,306.6,14.2,D,0
-16.4239,123.9092,343.6,1,1,2014-08-25,0200,Terra,MODIS,79,6.2,307.9,41.1,D,0
-15.6417,128.7426,321.1,1.3,1.1,2014-08-25,0200,Terra,MODIS,46,6.2,305.8,14.7,D,0
-16.6165,123.8493,319.1,1,1,2014-08-25,0200,Terra,MODIS,58,6.2,305.7,6.4,D,0
-16.566,122.9374,316,1.1,1,2014-08-25,0200,Terra,MODIS,33,6.2,304.3,7,D,0
-15.6436,128.7364,322.9,1.3,1.1,2014-08-25,0200,Terra,MODIS,65,6.2,306.3,17.8,D,0
-16.6179,123.8589,319.3,1,1,2014-08-25,0200,Terra,MODIS,60,6.2,306.4,6.7,D,0
-16.6177,123.9177,328,1,1,2014-08-25,0200,Terra,MODIS,77,6.2,310.2,16.5,D,0
-16.6029,123.822,318,1,1,2014-08-25,0200,Terra,MODIS,46,6.2,307,6.3,D,0
-16.0483,128.4145,346.5,1.3,1.1,2014-08-25,0200,Terra,MODIS,92,6.2,308.7,65.9,D,0
-16.6014,123.8124,318.6,1,1,2014-08-25,0200,Terra,MODIS,50,6.2,304.6,7.1,D,0
-15.9133,128.9368,320.1,1.4,1.2,2014-08-25,0200,Terra,MODIS,59,6.2,308.1,9.8,D,0
-16.4585,128.5245,324.1,1.3,1.1,2014-08-25,0200,Terra,MODIS,67,6.2,304.5,19.3,D,0
-17.8269,122.3791,354.3,1.1,1.1,2014-08-25,0201,Terra,MODIS,97,6.2,313.4,69.1,D,0
-17.6324,122.3156,332.7,1.1,1.1,2014-08-25,0201,Terra,MODIS,78,6.2,308.2,23.9,D,0
-17.6307,122.3048,347.4,1.1,1.1,2014-08-25,0201,Terra,MODIS,92,6.2,309.4,54.2,D,0
-17.6139,122.3848,328.2,1.1,1.1,2014-08-25,0201,Terra,MODIS,56,6.2,310.5,15.7,D,0
-17.6122,122.3742,328.7,1.1,1.1,2014-08-25,0201,Terra,MODIS,67,6.2,310.7,15.5,D,0
-17.6409,122.3692,350.4,1.1,1.1,2014-08-25,0201,Terra,MODIS,94,6.2,312.4,59.9,D,0
-17.6392,122.3585,326.2,1.1,1.1,2014-08-25,0201,Terra,MODIS,51,6.2,309.3,12.6,D,0
-17.6358,122.3371,328.3,1.1,1.1,2014-08-25,0201,Terra,MODIS,41,6.2,308.3,15.9,D,0
-17.7223,122.6081,327.2,1.1,1.1,2014-08-25,0201,Terra,MODIS,65,6.2,309.9,14.9,D,0
-17.7334,122.617,331,1.1,1.1,2014-08-25,0201,Terra,MODIS,61,6.2,310,18.4,D,0
-17.7351,122.6274,331.9,1.1,1.1,2014-08-25,0201,Terra,MODIS,71,6.2,309.1,21.1,D,0
-17.7572,122.6449,335.3,1.1,1,2014-08-25,0201,Terra,MODIS,74,6.2,310.5,25.7,D,0
-17.7682,122.6536,331.9,1.1,1,2014-08-25,0201,Terra,MODIS,39,6.2,310.8,19.1,D,0
-17.6876,122.7269,334,1.1,1,2014-08-25,0201,Terra,MODIS,81,6.2,310.4,23.6,D,0
-17.8229,122.292,352.4,1.1,1.1,2014-08-25,0201,Terra,MODIS,96,6.2,312.6,66.9,D,0
-17.8246,122.3027,372.8,1.1,1.1,2014-08-25,0201,Terra,MODIS,100,6.2,316.8,135.2,D,0
-17.8263,122.3135,337.2,1.1,1.1,2014-08-25,0201,Terra,MODIS,37,6.2,313.3,27.4,D,0
-17.8297,122.3349,331.5,1.1,1.1,2014-08-25,0201,Terra,MODIS,48,6.2,312,20.3,D,0
-17.8313,122.3455,341.7,1.1,1.1,2014-08-25,0201,Terra,MODIS,89,6.2,311.7,39.5,D,0
-17.833,122.3562,340.9,1.1,1.1,2014-08-25,0201,Terra,MODIS,79,6.2,310.5,37.7,D,0
-17.8341,122.3011,340.9,1.1,1.1,2014-08-25,0201,Terra,MODIS,82,6.2,309,38.3,D,0
-17.8358,122.3118,335.1,1.1,1.1,2014-08-25,0201,Terra,MODIS,51,6.2,307,24.9,D,0
-17.8539,122.6116,322.7,1.1,1,2014-08-25,0201,Terra,MODIS,64,6.2,309,8.7,D,0
-21.462,126.5457,317.2,1.2,1.1,2014-08-25,0201,Terra,MODIS,39,6.2,299.2,9.2,D,0
-21.4173,126.5063,333.2,1.2,1.1,2014-08-25,0201,Terra,MODIS,83,6.2,304.2,27.6,D,0
-21.4158,126.4951,384,1.2,1.1,2014-08-25,0201,Terra,MODIS,100,6.2,310.2,200.4,D,0
-21.4143,126.4838,441.8,1.2,1.1,2014-08-25,0201,Terra,MODIS,100,6.2,324.6,754.2,D,0
-21.4129,126.4726,384.7,1.2,1.1,2014-08-25,0201,Terra,MODIS,100,6.2,307.5,205.6,D,0
-21.409,126.519,323.8,1.2,1.1,2014-08-25,0201,Terra,MODIS,70,6.2,305.5,14.1,D,0
-21.4076,126.5077,344.4,1.2,1.1,2014-08-25,0201,Terra,MODIS,91,6.2,308.8,50.9,D,0
-21.4061,126.4965,374.1,1.2,1.1,2014-08-25,0201,Terra,MODIS,100,6.2,312.9,149.8,D,0
-21.4046,126.4853,356.4,1.2,1.1,2014-08-25,0201,Terra,MODIS,98,6.2,308.9,84,D,0
-21.4032,126.474,325.7,1.2,1.1,2014-08-25,0201,Terra,MODIS,74,6.2,305.3,17.2,D,0
-17.8461,122.6236,320.9,1.1,1,2014-08-25,0201,Terra,MODIS,48,6.2,309,6.2,D,0
-17.8416,122.6563,326.7,1.1,1,2014-08-25,0201,Terra,MODIS,48,6.2,309.8,13.3,D,0
-17.84,122.6459,332.7,1.1,1,2014-08-25,0201,Terra,MODIS,79,6.2,311.3,21.3,D,0
-17.8245,122.6698,328.2,1.1,1,2014-08-25,0201,Terra,MODIS,16,6.2,310.8,14.7,D,0
-17.8057,122.673,329,1.1,1,2014-08-25,0201,Terra,MODIS,64,6.2,309.9,16.3,D,0
-21.3906,126.453,327.2,1.2,1.1,2014-08-25,0201,Terra,MODIS,76,6.2,304.2,19.8,D,0
-21.3892,126.4419,354.1,1.2,1.1,2014-08-25,0201,Terra,MODIS,97,6.2,307,77.2,D,0
-21.3877,126.4308,327.1,1.2,1.1,2014-08-25,0201,Terra,MODIS,76,6.2,303.8,19.9,D,0
-21.3871,126.4486,354.2,1.2,1.1,2014-08-25,0201,Terra,MODIS,97,6.2,306.8,76.7,D,0
-21.3856,126.4375,354.4,1.2,1.1,2014-08-25,0201,Terra,MODIS,97,6.2,306.5,77.8,D,0
-17.748,122.464,328.1,1.1,1.1,2014-08-25,0201,Terra,MODIS,74,6.2,309,15.6,D,0
-21.3307,126.6986,363.9,1.2,1.1,2014-08-25,0201,Terra,MODIS,100,6.2,304.1,114,D,0
-21.3296,126.7047,375,1.2,1.1,2014-08-25,0201,Terra,MODIS,100,6.2,304.5,160.3,D,0
-21.3281,126.6933,386.6,1.2,1.1,2014-08-25,0201,Terra,MODIS,100,6.2,306.1,222.4,D,0
-21.3289,126.775,329.8,1.2,1.1,2014-08-25,0201,Terra,MODIS,44,6.2,305.3,19.3,D,0
-21.3274,126.7635,397.9,1.2,1.1,2014-08-25,0201,Terra,MODIS,100,6.2,313.2,297.5,D,0
-21.3259,126.752,444.3,1.2,1.1,2014-08-25,0201,Terra,MODIS,100,6.2,326.4,820.3,D,0
-21.3244,126.7405,363.3,1.2,1.1,2014-08-25,0201,Terra,MODIS,100,6.2,308.1,107.8,D,0
-21.3228,126.729,337.4,1.2,1.1,2014-08-25,0201,Terra,MODIS,86,6.2,304.3,34.4,D,0
-21.3213,126.7175,373.3,1.2,1.1,2014-08-25,0201,Terra,MODIS,100,6.2,308.3,150.3,D,0
-21.3198,126.7061,378.1,1.2,1.1,2014-08-25,0201,Terra,MODIS,100,6.2,312.8,174.4,D,0
-21.3183,126.6946,348.6,1.2,1.1,2014-08-25,0201,Terra,MODIS,94,6.2,309.6,62.4,D,0
-21.3221,126.7996,326.5,1.2,1.1,2014-08-25,0201,Terra,MODIS,75,6.2,306.6,17.7,D,0
-21.3206,126.788,328.3,1.2,1.1,2014-08-25,0201,Terra,MODIS,77,6.2,308.8,19.5,D,0
-21.3191,126.7765,340.3,1.2,1.1,2014-08-25,0201,Terra,MODIS,88,6.2,309.6,39.5,D,0
-21.3176,126.7649,332.7,1.2,1.1,2014-08-25,0201,Terra,MODIS,79,6.2,309.7,24.1,D,0
-21.3161,126.7534,325.7,1.2,1.1,2014-08-25,0201,Terra,MODIS,74,6.2,308.4,14.7,D,0
-21.3062,126.7548,328.2,1.2,1.1,2014-08-25,0201,Terra,MODIS,75,6.2,307.4,17.7,D,0
-21.4725,126.625,326,1.2,1.1,2014-08-25,0201,Terra,MODIS,42,6.2,300.8,18.2,D,0
-21.471,126.6137,389.1,1.2,1.1,2014-08-25,0201,Terra,MODIS,100,6.2,307.7,236.8,D,0
-21.4695,126.6023,431.4,1.2,1.1,2014-08-25,0201,Terra,MODIS,100,6.2,318.7,626.2,D,0
-21.468,126.591,415.4,1.2,1.1,2014-08-25,0201,Terra,MODIS,100,6.2,312.6,444.7,D,0
-21.465,126.5683,321.4,1.2,1.1,2014-08-25,0201,Terra,MODIS,27,6.2,298.6,13.3,D,0
-21.4635,126.557,376.4,1.2,1.1,2014-08-25,0201,Terra,MODIS,100,6.2,301.5,166.5,D,0
-21.4627,126.6264,352.3,1.2,1.1,2014-08-25,0201,Terra,MODIS,96,6.2,307.3,70.8,D,0
-21.4612,126.6151,350.4,1.2,1.1,2014-08-25,0201,Terra,MODIS,95,6.2,308.6,65.4,D,0
-21.4597,126.6037,345.4,1.2,1.1,2014-08-25,0201,Terra,MODIS,92,6.2,305.1,51.6,D,0
-21.4582,126.5924,351.6,1.2,1.1,2014-08-25,0201,Terra,MODIS,95,6.2,303.4,68.7,D,0
-21.4567,126.5811,345.8,1.2,1.1,2014-08-25,0201,Terra,MODIS,92,6.2,303.6,54.9,D,0
-21.4552,126.5697,343.2,1.2,1.1,2014-08-25,0201,Terra,MODIS,89,6.2,304.8,49.3,D,0
-21.4538,126.5584,337,1.2,1.1,2014-08-25,0201,Terra,MODIS,81,6.2,304,36.8,D,0
-21.4529,126.6279,332.1,1.2,1.1,2014-08-25,0201,Terra,MODIS,82,6.2,305.1,24.8,D,0
-21.4514,126.6165,322.4,1.2,1.1,2014-08-25,0201,Terra,MODIS,40,6.2,303.5,10.9,D,0
-21.4499,126.6051,340.9,1.2,1.1,2014-08-25,0201,Terra,MODIS,86,6.2,305.2,42.3,D,0
-21.4485,126.5938,346.4,1.2,1.1,2014-08-25,0201,Terra,MODIS,92,6.2,305,56.1,D,0
-17.9751,123.633,349.6,1,1,2014-08-25,0201,Terra,MODIS,94,6.2,309.8,49.3,D,0
-17.9736,123.6234,343.3,1,1,2014-08-25,0201,Terra,MODIS,90,6.2,308.5,38,D,0
-17.9721,123.6137,324.9,1,1,2014-08-25,0201,Terra,MODIS,57,6.2,306,11.3,D,0
-17.9645,123.6248,344.2,1,1,2014-08-25,0201,Terra,MODIS,90,6.2,312.8,39,D,0
-17.963,123.6152,343.3,1,1,2014-08-25,0201,Terra,MODIS,90,6.2,311.8,37.9,D,0
-17.7404,122.7219,333.4,1.1,1,2014-08-25,0201,Terra,MODIS,77,6.2,309.1,23.2,D,0
-17.7388,122.7116,344.5,1.1,1,2014-08-25,0201,Terra,MODIS,91,6.2,310.6,44.4,D,0
-17.7372,122.7013,360.3,1.1,1,2014-08-25,0201,Terra,MODIS,100,6.2,311.4,87.3,D,0
-17.7355,122.691,319,1.1,1,2014-08-25,0201,Terra,MODIS,29,6.2,306.6,6.9,D,0
-17.7343,122.744,325.6,1.1,1,2014-08-25,0201,Terra,MODIS,51,6.2,310.5,11.4,D,0
-17.719,122.7427,325.4,1.1,1,2014-08-25,0201,Terra,MODIS,46,6.2,310.3,9.8,D,0
-21.4777,126.7413,326.6,1.2,1.1,2014-08-25,0201,Terra,MODIS,63,6.2,305.7,17.8,D,0
-21.4762,126.7298,352,1.2,1.1,2014-08-25,0201,Terra,MODIS,96,6.2,308.6,72.9,D,0
-21.4747,126.7182,410.5,1.2,1.1,2014-08-25,0201,Terra,MODIS,100,6.2,315.4,406.3,D,0
-21.4732,126.7067,350,1.2,1.1,2014-08-25,0201,Terra,MODIS,95,6.2,303.8,67.4,D,0
-21.4642,126.6378,338.4,1.2,1.1,2014-08-25,0201,Terra,MODIS,87,6.2,305.2,37.3,D,0
-21.4693,126.7543,336.9,1.2,1.1,2014-08-25,0201,Terra,MODIS,86,6.2,309.5,35.2,D,0
-21.4678,126.7427,347.7,1.2,1.1,2014-08-25,0201,Terra,MODIS,93,6.2,310.7,59.3,D,0
-21.4664,126.7312,349.5,1.2,1.1,2014-08-25,0201,Terra,MODIS,94,6.2,309.8,64.9,D,0
-21.4649,126.7197,321.8,1.2,1.1,2014-08-25,0201,Terra,MODIS,55,6.2,306.3,10.6,D,0
-21.4604,126.6851,326.7,1.2,1.1,2014-08-25,0201,Terra,MODIS,70,6.2,305.7,17.7,D,0
-21.4589,126.6736,346.7,1.2,1.1,2014-08-25,0201,Terra,MODIS,93,6.2,307.2,57.9,D,0
-21.4574,126.6621,323.4,1.2,1.1,2014-08-25,0201,Terra,MODIS,62,6.2,306,12.9,D,0
-21.4559,126.6507,330,1.2,1.1,2014-08-25,0201,Terra,MODIS,79,6.2,307.2,21.7,D,0
-21.4544,126.6393,341.3,1.2,1.1,2014-08-25,0201,Terra,MODIS,89,6.2,306.7,41.9,D,0
-21.397,126.7476,321.7,1.2,1.1,2014-08-25,0201,Terra,MODIS,42,6.2,308.1,9.6,D,0
-17.9542,122.3881,322.1,1.1,1.1,2014-08-25,0201,Terra,MODIS,62,6.2,307.9,11.5,D,0
-17.962,122.3759,330.1,1.1,1.1,2014-08-25,0201,Terra,MODIS,74,6.2,307,22.7,D,0
-17.6957,122.32,334.8,1.1,1.1,2014-08-25,0201,Terra,MODIS,80,6.2,310.3,27.1,D,0
-17.6818,122.3554,327.2,1.1,1.1,2014-08-25,0201,Terra,MODIS,67,6.2,311,16.3,D,0
-17.8381,122.3881,334.8,1.1,1.1,2014-08-25,0201,Terra,MODIS,52,6.2,306.6,27,D,0
-17.8364,122.3775,347.9,1.1,1.1,2014-08-25,0201,Terra,MODIS,92,6.2,309.1,54.6,D,0
-17.8347,122.3668,341.1,1.1,1.1,2014-08-25,0201,Terra,MODIS,79,6.2,309.5,39.2,D,0
-17.8285,122.3897,333,1.1,1.1,2014-08-25,0201,Terra,MODIS,46,6.2,310.6,21.5,D,0
-17.8324,122.4759,331.1,1.1,1.1,2014-08-25,0201,Terra,MODIS,65,6.2,311.8,17.1,D,0
-17.819,122.3913,328.2,1.1,1.1,2014-08-25,0201,Terra,MODIS,59,6.2,311,12.8,D,0
-17.8173,122.3807,326.4,1.1,1.1,2014-08-25,0201,Terra,MODIS,67,6.2,311.9,10.6,D,0
-18.9698,122.0888,324,1.1,1.1,2014-08-25,0201,Terra,MODIS,13,6.2,308.5,11,D,0
-17.694,122.3092,335.2,1.1,1.1,2014-08-25,0201,Terra,MODIS,79,6.2,311.1,28.3,D,0
-19.011,122.0754,328.1,1.1,1.1,2014-08-25,0201,Terra,MODIS,61,6.2,308.7,16.3,D,0
-19.0187,122.0631,339,1.1,1.1,2014-08-25,0201,Terra,MODIS,74,6.2,310.6,33.4,D,0
-17.681,122.2893,345.9,1.1,1.1,2014-08-25,0201,Terra,MODIS,91,6.2,308.6,52.5,D,0
-17.6683,122.4192,329.4,1.1,1.1,2014-08-25,0201,Terra,MODIS,74,6.2,308.2,15.2,D,0
-17.6667,122.4086,334.4,1.1,1.1,2014-08-25,0201,Terra,MODIS,82,6.2,309.4,23,D,0
-17.665,122.3979,343.3,1.1,1.1,2014-08-25,0201,Terra,MODIS,89,6.2,310.2,40.3,D,0
-17.6633,122.3873,331.6,1.1,1.1,2014-08-25,0201,Terra,MODIS,78,6.2,310.1,19,D,0
-17.6588,122.4209,323.6,1.1,1.1,2014-08-25,0201,Terra,MODIS,37,6.2,311.1,7.6,D,0
-17.6555,122.3996,326.3,1.1,1.1,2014-08-25,0201,Terra,MODIS,65,6.2,310.9,11,D,0
-17.7392,122.7748,341.4,1.1,1,2014-08-25,0201,Terra,MODIS,88,6.2,309.4,36.9,D,0
-17.7376,122.7645,333.3,1.1,1,2014-08-25,0201,Terra,MODIS,72,6.2,309.5,21.7,D,0
-17.7315,122.7866,326.6,1.1,1,2014-08-25,0201,Terra,MODIS,54,6.2,310.7,13.3,D,0
-17.875,122.2875,321.4,1.1,1.1,2014-08-25,0201,Terra,MODIS,57,6.2,308.3,11,D,0
-21.3297,126.537,318.4,1.2,1.1,2014-08-25,0201,Terra,MODIS,56,6.2,304,8.8,D,0
-17.8369,122.4426,345.7,1.1,1.1,2014-08-25,0201,Terra,MODIS,92,6.2,310.1,47.2,D,0
-17.8257,122.4337,336.1,1.1,1.1,2014-08-25,0201,Terra,MODIS,84,6.2,313.3,26.2,D,0
-17.8274,122.4443,339.8,1.1,1.1,2014-08-25,0201,Terra,MODIS,87,6.2,312.9,32.6,D,0
-17.8352,122.4321,412.2,1.1,1.1,2014-08-25,0201,Terra,MODIS,100,6.2,320.3,382.6,D,0
-17.8336,122.4215,367.7,1.1,1.1,2014-08-25,0201,Terra,MODIS,100,6.2,309.9,115,D,0
-21.6794,132.4285,315,3,1.6,2014-08-25,0201,Terra,MODIS,51,6.2,301.8,25.2,D,0
-21.6771,132.4063,314,3,1.6,2014-08-25,0201,Terra,MODIS,49,6.2,302,24.1,D,0
-19.0248,122.04,336.6,1.1,1.1,2014-08-25,0201,Terra,MODIS,85,6.2,310.2,29.9,D,0
-19.0265,122.0507,348.4,1.1,1.1,2014-08-25,0201,Terra,MODIS,93,6.2,309.9,54.9,D,0
-19.0326,122.0275,332.5,1.1,1.1,2014-08-25,0201,Terra,MODIS,81,6.2,309,24.8,D,0
-19.0344,122.0383,326.3,1.1,1.1,2014-08-25,0201,Terra,MODIS,67,6.2,307.4,15.7,D,0
-19.037,121.9935,326.8,1.1,1.1,2014-08-25,0201,Terra,MODIS,74,6.2,307.5,15.2,D,0
-19.0387,122.0043,330,1.1,1.1,2014-08-25,0201,Terra,MODIS,78,6.2,307.6,20,D,0
-19.0405,122.0151,329,1.1,1.1,2014-08-25,0201,Terra,MODIS,67,6.2,307.3,18.2,D,0
-19.0601,121.6892,323.8,1.2,1.1,2014-08-25,0201,Terra,MODIS,24,6.2,308.9,9.6,D,0
-19.0698,121.6875,327.8,1.2,1.1,2014-08-25,0201,Terra,MODIS,46,6.2,307.7,15.2,D,0
-19.0899,121.6262,324.8,1.2,1.1,2014-08-25,0201,Terra,MODIS,59,6.2,307.7,13.5,D,0
-18.9995,121.9444,321.4,1.2,1.1,2014-08-25,0201,Terra,MODIS,62,6.2,309.3,7.3,D,0
-19.1229,121.7695,337.6,1.2,1.1,2014-08-25,0201,Terra,MODIS,86,6.2,310.8,32.7,D,0
-19.1308,121.7567,343.1,1.2,1.1,2014-08-25,0201,Terra,MODIS,90,6.2,309.7,44.8,D,0
-19.1326,121.7678,346.3,1.2,1.1,2014-08-25,0201,Terra,MODIS,92,6.2,309.3,51.5,D,0
-19.1327,121.7505,321.5,1.2,1.1,2014-08-25,0201,Terra,MODIS,62,6.2,307.9,8,D,0
-19.0448,121.981,324.2,1.1,1.1,2014-08-25,0201,Terra,MODIS,61,6.2,307.5,12.4,D,0
-19.0172,121.6225,334.5,1.2,1.1,2014-08-25,0201,Terra,MODIS,82,6.2,308.6,29.1,D,0
-19.0199,121.627,326.5,1.2,1.1,2014-08-25,0201,Terra,MODIS,70,6.2,308.6,14.6,D,0
-19.068,121.6763,334.8,1.2,1.1,2014-08-25,0201,Terra,MODIS,75,6.2,310,26,D,0
-19.0777,121.6746,328.8,1.2,1.1,2014-08-25,0201,Terra,MODIS,66,6.2,309.1,18.3,D,0
-19.0729,121.5828,372.1,1.2,1.1,2014-08-25,0201,Terra,MODIS,100,6.2,313.5,147.3,D,0
-19.0747,121.5941,358.6,1.2,1.1,2014-08-25,0201,Terra,MODIS,99,6.2,311.4,92.7,D,0
-19.0765,121.6054,368.2,1.2,1.1,2014-08-25,0201,Terra,MODIS,100,6.2,312.9,126.2,D,0
-19.0784,121.6167,376.1,1.2,1.1,2014-08-25,0201,Terra,MODIS,100,6.2,314.8,161.1,D,0
-19.0802,121.6279,413.9,1.2,1.1,2014-08-25,0201,Terra,MODIS,100,6.2,324.1,430.9,D,0
-19.082,121.6392,407.3,1.2,1.1,2014-08-25,0201,Terra,MODIS,100,6.2,321.4,368.2,D,0
-19.0838,121.6504,346.6,1.2,1.1,2014-08-25,0201,Terra,MODIS,92,6.2,310.9,52.6,D,0
-19.0826,121.5811,339.3,1.2,1.1,2014-08-25,0201,Terra,MODIS,87,6.2,305.2,42.7,D,0
-19.0845,121.5924,325.8,1.2,1.1,2014-08-25,0201,Terra,MODIS,63,6.2,304.6,17.4,D,0
-17.9672,123.7032,327.6,1,1,2014-08-25,0201,Terra,MODIS,74,6.2,311.5,14,D,0
-17.9704,123.6633,343,1,1,2014-08-25,0201,Terra,MODIS,90,6.2,313,36.6,D,0
-17.978,123.6522,356.3,1,1,2014-08-25,0201,Terra,MODIS,98,6.2,310.8,65.2,D,0
-17.9795,123.6618,336.6,1,1,2014-08-25,0201,Terra,MODIS,81,6.2,309,25.4,D,0
-17.9599,123.7105,354.1,1,1,2014-08-25,0201,Terra,MODIS,96,6.2,315,57.4,D,0
-17.9613,123.7201,344,1,1,2014-08-25,0201,Terra,MODIS,90,6.2,312.6,36.6,D,0
-17.9687,123.7128,321.8,1,1,2014-08-25,0201,Terra,MODIS,61,6.2,310.5,7.5,D,0
-20.2214,127.8138,336.8,1.3,1.1,2014-08-25,0201,Terra,MODIS,86,6.2,308.9,43.2,D,0
-20.2182,127.7883,360.3,1.3,1.1,2014-08-25,0201,Terra,MODIS,100,6.2,309.1,117.9,D,0
-18.122,125.6867,327.7,1,1,2014-08-25,0201,Terra,MODIS,65,6.2,310.3,15.5,D,0
-20.2198,127.8011,350,1.3,1.1,2014-08-25,0201,Terra,MODIS,95,6.2,309.4,79.8,D,0
-22.9584,122.5988,324.1,1,1,2014-08-25,0202,Terra,MODIS,73,6.2,303.8,14.1,D,0
-22.9599,122.6087,316.3,1,1,2014-08-25,0202,Terra,MODIS,52,6.2,304.2,6.5,D,0
-22.9495,122.5962,320.4,1,1,2014-08-25,0202,Terra,MODIS,43,6.2,304.3,8.3,D,0
-22.951,122.6061,350.4,1,1,2014-08-25,0202,Terra,MODIS,95,6.2,306.2,54.8,D,0
-22.9525,122.616,328.1,1,1,2014-08-25,0202,Terra,MODIS,72,6.2,305,17.2,D,0
-21.3372,116.3311,317,2.4,1.5,2014-08-25,0202,Terra,MODIS,61,6.2,306.7,22.1,D,0
-21.8471,119.4047,318.5,1.5,1.2,2014-08-25,0202,Terra,MODIS,41,6.2,305.1,11.7,D,0
-21.8496,119.4187,321.7,1.5,1.2,2014-08-25,0202,Terra,MODIS,66,6.2,305.1,16.4,D,0
-20.9131,119.6651,318.8,1.5,1.2,2014-08-25,0202,Terra,MODIS,62,6.2,305,13.6,D,0
-20.8772,117.3084,316.6,2.1,1.4,2014-08-25,0202,Terra,MODIS,58,6.2,304.9,17.3,D,0
-21.9585,119.7025,320.3,1.4,1.2,2014-08-25,0202,Terra,MODIS,67,6.2,304.1,14.7,D,0
-21.969,119.7005,320.8,1.4,1.2,2014-08-25,0202,Terra,MODIS,26,6.2,304.3,14.3,D,0
-23.6536,124.7156,328.4,1,1,2014-08-25,0202,Terra,MODIS,77,6.2,308,17.7,D,0
-21.9899,119.6965,319.1,1.4,1.2,2014-08-25,0202,Terra,MODIS,61,6.2,302.9,13.1,D,0
-21.8626,119.4306,321.8,1.5,1.2,2014-08-25,0202,Terra,MODIS,68,6.2,305.3,15.3,D,0
-21.8602,119.4166,318.3,1.5,1.2,2014-08-25,0202,Terra,MODIS,20,6.2,305.9,10.1,D,0
-21.9562,119.6891,316.7,1.4,1.2,2014-08-25,0202,Terra,MODIS,38,6.2,304.5,9.1,D,0
-21.0933,120.8337,318.3,1.2,1.1,2014-08-25,0202,Terra,MODIS,34,6.2,305.1,8.4,D,0
-21.1848,119.9769,318.3,1.4,1.2,2014-08-25,0202,Terra,MODIS,53,6.2,303.8,11.2,D,0
-21.1302,120.8688,340.3,1.2,1.1,2014-08-25,0202,Terra,MODIS,89,6.2,308.4,45.8,D,0
-21.1263,120.8454,385.9,1.2,1.1,2014-08-25,0202,Terra,MODIS,100,6.2,311.7,229.5,D,0
-21.1871,119.99,333,1.4,1.2,2014-08-25,0202,Terra,MODIS,83,6.2,304.2,38.2,D,0
-21.1224,120.8219,316.1,1.2,1.1,2014-08-25,0202,Terra,MODIS,48,6.2,304.7,7.7,D,0
-21.0952,120.8455,330.3,1.2,1.1,2014-08-25,0202,Terra,MODIS,80,6.2,307.1,26.1,D,0
-21.1767,119.992,339,1.4,1.2,2014-08-25,0202,Terra,MODIS,88,6.2,306.5,51.8,D,0
-21.1893,120.003,315.9,1.4,1.2,2014-08-25,0202,Terra,MODIS,20,6.2,303.9,7.3,D,0
-21.1744,119.9789,326.8,1.4,1.2,2014-08-25,0202,Terra,MODIS,77,6.2,306.5,24.6,D,0
-21.0854,120.8473,326.9,1.2,1.1,2014-08-25,0202,Terra,MODIS,76,6.2,306.9,20.7,D,0
-21.1283,120.8571,390.1,1.2,1.1,2014-08-25,0202,Terra,MODIS,100,6.2,312.8,256.1,D,0
-21.1243,120.8336,336.2,1.2,1.1,2014-08-25,0202,Terra,MODIS,86,6.2,306,38.7,D,0
-30.8684,121.4875,313.3,1,1,2014-08-25,0204,Terra,MODIS,59,6.2,301.1,5.8,D,0
-30.87,121.4979,315.4,1,1,2014-08-25,0204,Terra,MODIS,64,6.2,301.5,7.4,D,2
-33.5662,121.8353,306.5,1,1,2014-08-25,0205,Terra,MODIS,57,6.2,295.2,5.6,D,0
-34.4171,116.7885,361.3,1.3,1.1,2014-08-25,0205,Terra,MODIS,100,6.2,295.5,125.5,D,0
-32.8264,116.5385,302.5,1.4,1.2,2014-08-25,0205,Terra,MODIS,53,6.2,288.8,7,D,0
-32.5906,151.3604,312.6,4.1,1.9,2014-08-25,0304,Aqua,MODIS,55,6.2,287.1,80.6,D,0
-32.5888,151.3564,311.5,4.1,1.9,2014-08-25,0304,Aqua,MODIS,49,6.2,287.3,79.8,D,0
-23.4673,149.7869,330.6,4.3,1.9,2014-08-25,0307,Aqua,MODIS,83,6.2,299.1,204.4,D,0
-23.4705,149.7443,327.9,4.3,1.9,2014-08-25,0307,Aqua,MODIS,81,6.2,297.7,175.6,D,0
-23.4664,149.7832,333.8,4.3,1.9,2014-08-25,0307,Aqua,MODIS,86,6.2,299.1,239.2,D,0
-23.4698,149.7405,325.4,4.3,1.9,2014-08-25,0307,Aqua,MODIS,79,6.2,297.5,150.6,D,0
-33.3771,146.5031,300.1,2.2,1.4,2014-08-25,0442,Aqua,MODIS,22,6.2,288,11.2,D,0
-24.5977,145.4629,317,3.1,1.7,2014-08-25,0444,Aqua,MODIS,64,6.2,304.6,29.7,D,0
-24.6444,145.5376,335.2,3.1,1.7,2014-08-25,0444,Aqua,MODIS,86,6.2,305,138,D,0
-24.6296,145.5338,328.2,3.1,1.7,2014-08-25,0444,Aqua,MODIS,80,6.2,305.1,88.6,D,0
-24.5914,145.4928,317.5,3.1,1.7,2014-08-25,0444,Aqua,MODIS,65,6.2,304.8,31.9,D,0
-24.5925,145.4855,320.5,3.1,1.7,2014-08-25,0444,Aqua,MODIS,71,6.2,304.9,46.7,D,0
-23.6523,124.6963,318.9,4.6,2,2014-08-25,0445,Aqua,MODIS,56,6.2,306.9,63,D,0
-21.4691,126.5131,349,3.2,1.7,2014-08-25,0446,Aqua,MODIS,94,6.2,306.1,273.1,D,0
-21.4036,126.4044,361.8,3.3,1.7,2014-08-25,0446,Aqua,MODIS,100,6.2,307,434.4,D,0
-21.4317,126.4392,329.9,3.2,1.7,2014-08-25,0446,Aqua,MODIS,55,6.2,301.9,101.1,D,0
-21.4289,126.4703,351,3.2,1.7,2014-08-25,0446,Aqua,MODIS,95,6.2,305.5,286.7,D,0
-21.4568,126.5044,339,3.2,1.7,2014-08-25,0446,Aqua,MODIS,86,6.2,302.8,165.9,D,0
-21.4539,126.5356,402.8,3.2,1.7,2014-08-25,0446,Aqua,MODIS,100,6.2,314.1,1391.9,D,0
-21.4722,126.506,337.6,3.2,1.7,2014-08-25,0446,Aqua,MODIS,86,6.2,304.6,156.5,D,0
-21.4693,126.5371,344.4,3.2,1.7,2014-08-25,0446,Aqua,MODIS,91,6.2,307.9,213.4,D,0
-21.4846,126.5388,321.6,3.2,1.7,2014-08-25,0446,Aqua,MODIS,41,6.2,305.2,46.4,D,0
-21.4112,126.3689,414.9,3.3,1.7,2014-08-25,0446,Aqua,MODIS,100,6.2,313.3,1934.7,D,0
-21.4082,126.4008,368.3,3.3,1.7,2014-08-25,0446,Aqua,MODIS,100,6.2,307.1,551.4,D,0
-21.4176,126.4651,344.9,3.2,1.7,2014-08-25,0446,Aqua,MODIS,91,6.2,308.7,207.4,D,0
-21.4345,126.4077,317.2,3.3,1.7,2014-08-25,0446,Aqua,MODIS,34,6.2,300.1,41.6,D,0
-21.4107,126.4997,327.8,3.2,1.7,2014-08-25,0446,Aqua,MODIS,43,6.2,309.5,64.8,D,0
-21.4682,126.6994,334.4,3.1,1.7,2014-08-25,0446,Aqua,MODIS,83,6.2,309.7,109.3,D,0
-21.467,126.7222,325.3,3.1,1.7,2014-08-25,0446,Aqua,MODIS,47,6.2,310.3,49.4,D,0
-21.4699,126.6922,333.6,3.1,1.7,2014-08-25,0446,Aqua,MODIS,82,6.2,309.2,104.5,D,0
-21.4142,126.3369,320,3.3,1.7,2014-08-25,0446,Aqua,MODIS,45,6.2,299.2,51,D,0
-21.4092,126.3405,329,3.3,1.7,2014-08-25,0446,Aqua,MODIS,73,6.2,299.2,104.4,D,0
-21.4135,126.4688,334.4,3.2,1.7,2014-08-25,0446,Aqua,MODIS,74,6.2,308.9,115.7,D,0
-21.4816,126.5698,324.7,3.2,1.7,2014-08-25,0446,Aqua,MODIS,56,6.2,305.6,58.3,D,0
-21.4482,126.5977,338,3.2,1.7,2014-08-25,0446,Aqua,MODIS,86,6.2,308.6,136.7,D,0
-21.451,126.5667,381.7,3.2,1.7,2014-08-25,0446,Aqua,MODIS,100,6.2,310.9,785,D,0
-21.4052,126.4323,346.8,3.2,1.7,2014-08-25,0446,Aqua,MODIS,92,6.2,306.9,234.4,D,0
-21.4206,126.4339,380.9,3.2,1.7,2014-08-25,0446,Aqua,MODIS,100,6.2,309.2,792.5,D,0
-21.4022,126.4635,361.5,3.2,1.7,2014-08-25,0446,Aqua,MODIS,100,6.2,309.8,419,D,0
-21.3993,126.4944,333,3.2,1.7,2014-08-25,0446,Aqua,MODIS,82,6.2,309.8,100,D,0
-21.4147,126.4959,332.6,3.2,1.7,2014-08-25,0446,Aqua,MODIS,76,6.2,309.4,95.8,D,0
-21.433,126.4665,333.4,3.2,1.7,2014-08-25,0446,Aqua,MODIS,82,6.2,303,123.1,D,0
-21.4236,126.4024,351.5,3.3,1.7,2014-08-25,0446,Aqua,MODIS,95,6.2,302.8,299.9,D,0
-21.4817,126.546,328,3.2,1.7,2014-08-25,0446,Aqua,MODIS,70,6.2,305.8,81.4,D,0
-21.43,126.4975,322.3,3.2,1.7,2014-08-25,0446,Aqua,MODIS,35,6.2,304.6,43.3,D,0
-21.4064,126.3726,408,3.3,1.7,2014-08-25,0446,Aqua,MODIS,100,6.2,310.2,1649.6,D,0
-21.4163,126.4376,375.4,3.2,1.7,2014-08-25,0446,Aqua,MODIS,100,6.2,310.1,673.5,D,0
-21.4191,126.4061,358.5,3.3,1.7,2014-08-25,0446,Aqua,MODIS,99,6.2,304.5,399.2,D,0
-21.4219,126.3742,355.8,3.3,1.7,2014-08-25,0446,Aqua,MODIS,97,6.2,302.7,372.6,D,0
-21.3981,126.4672,359.2,3.2,1.7,2014-08-25,0446,Aqua,MODIS,99,6.2,309.6,373.6,D,0
-21.4008,126.4359,345.2,3.2,1.7,2014-08-25,0446,Aqua,MODIS,91,6.2,306.9,200.5,D,0
-21.4664,126.5444,337.5,3.2,1.7,2014-08-25,0446,Aqua,MODIS,86,6.2,307.9,149.6,D,0
-17.9696,123.5767,332.6,4.8,2,2014-08-25,0447,Aqua,MODIS,81,6.2,307.4,201.3,D,0
-17.9835,123.624,332.9,4.7,2,2014-08-25,0447,Aqua,MODIS,79,6.2,308.6,203.5,D,0
-16.05,128.4093,329.7,1.9,1.4,2014-08-25,0447,Aqua,MODIS,76,6.2,310.8,44.1,D,0
-16.0536,128.4166,321.2,1.9,1.4,2014-08-25,0447,Aqua,MODIS,19,6.2,309.5,16.9,D,0
-16.0858,128.8642,338.9,1.8,1.3,2014-08-25,0447,Aqua,MODIS,86,6.2,315,59.5,D,0
-17.982,123.632,335.4,4.7,2,2014-08-25,0447,Aqua,MODIS,84,6.2,309.7,242.5,D,0
-17.9655,123.622,328.6,4.7,2,2014-08-25,0447,Aqua,MODIS,77,6.2,312.2,151.6,D,0
-16.0916,128.8698,355.4,1.8,1.3,2014-08-25,0447,Aqua,MODIS,97,6.2,315.4,140.4,D,0
-17.9679,123.5846,336.1,4.8,2,2014-08-25,0447,Aqua,MODIS,79,6.2,308,240.1,D,0
-16.1034,128.8714,327.3,1.8,1.3,2014-08-25,0447,Aqua,MODIS,59,6.2,312.7,26.6,D,0
-16.0838,128.8809,332.3,1.8,1.3,2014-08-25,0447,Aqua,MODIS,79,6.2,313.9,37.3,D,0
-15.9509,128.8231,344.8,1.8,1.3,2014-08-25,0447,Aqua,MODIS,91,6.2,313.8,89.2,D,0
-15.9273,128.8195,334.6,1.8,1.3,2014-08-25,0447,Aqua,MODIS,82,6.2,312.9,45.6,D,0
-15.9604,128.9427,323.4,1.8,1.3,2014-08-25,0447,Aqua,MODIS,41,6.2,312.1,15.4,D,0
-16.0413,128.4151,329.7,1.9,1.4,2014-08-25,0447,Aqua,MODIS,76,6.2,310.3,44.3,D,0
-17.8987,138.4618,326.7,1.4,1.2,2014-08-25,0447,Aqua,MODIS,40,6.2,312.1,14.7,D,0
-17.8624,138.4497,331.3,1.4,1.2,2014-08-25,0447,Aqua,MODIS,63,6.2,313.1,21.2,D,0
-17.8596,138.4417,338.3,1.3,1.2,2014-08-25,0447,Aqua,MODIS,73,6.2,312.5,36.2,D,0
-17.8644,138.4371,328.1,1.3,1.2,2014-08-25,0447,Aqua,MODIS,30,6.2,311.1,15.2,D,0
-16.485,136.9854,328,1.2,1.1,2014-08-25,0447,Aqua,MODIS,40,6.2,312.9,12.7,D,0
-17.1702,138.9704,337.3,1.5,1.2,2014-08-25,0447,Aqua,MODIS,84,6.2,309.7,46.9,D,0
-17.1594,138.9685,329.4,1.5,1.2,2014-08-25,0447,Aqua,MODIS,69,6.2,309.5,28,D,0
-17.1617,138.9545,334.8,1.5,1.2,2014-08-25,0447,Aqua,MODIS,82,6.2,307.7,39.9,D,0
-17.1509,138.9525,342.2,1.5,1.2,2014-08-25,0447,Aqua,MODIS,89,6.2,307.2,61.5,D,0
-17.1532,138.9386,340.8,1.5,1.2,2014-08-25,0447,Aqua,MODIS,88,6.2,307.5,54.9,D,0
-17.1424,138.9367,326.9,1.5,1.2,2014-08-25,0447,Aqua,MODIS,46,6.2,306.2,21.2,D,0
-17.1373,138.9433,327.8,1.5,1.2,2014-08-25,0447,Aqua,MODIS,73,6.2,306.7,27.9,D,0
-16.6006,139.4051,321.8,1.6,1.3,2014-08-25,0447,Aqua,MODIS,55,6.2,305.3,19.7,D,0
-16.6032,139.3899,320.2,1.6,1.3,2014-08-25,0447,Aqua,MODIS,25,6.2,304.2,16.1,D,0
-16.6033,139.3998,325.4,1.6,1.3,2014-08-25,0447,Aqua,MODIS,40,6.2,305.6,26.3,D,0
-17.8967,138.4745,326.6,1.4,1.2,2014-08-25,0447,Aqua,MODIS,39,6.2,313.4,15,D,0
-17.7714,138.4856,331.2,1.4,1.2,2014-08-25,0447,Aqua,MODIS,71,6.2,312.5,21.3,D,0
-17.8863,138.4726,340.3,1.4,1.2,2014-08-25,0447,Aqua,MODIS,87,6.2,313.2,42.7,D,0
-16.6303,139.2343,319.8,1.6,1.2,2014-08-25,0447,Aqua,MODIS,49,6.2,308.3,13.8,D,0
-17.819,138.39,321.8,1.3,1.1,2014-08-25,0447,Aqua,MODIS,50,6.2,309.8,10.2,D,0
-16.4021,136.0761,330.2,1.1,1,2014-08-25,0447,Aqua,MODIS,69,6.2,315,14.9,D,0
-16.4066,136.0462,332.1,1.1,1,2014-08-25,0447,Aqua,MODIS,40,6.2,315.1,15.5,D,0
-16.3974,136.0447,331.1,1.1,1,2014-08-25,0447,Aqua,MODIS,53,6.2,314.7,13.6,D,0
-16.3989,136.0347,330.7,1.1,1,2014-08-25,0447,Aqua,MODIS,19,6.2,316.2,13,D,0
-16.3923,136.0381,331.5,1.1,1,2014-08-25,0447,Aqua,MODIS,76,6.2,315.4,16.6,D,0
-16.3505,136.0006,337.7,1.1,1,2014-08-25,0447,Aqua,MODIS,83,6.2,313.7,24.1,D,0
-16.352,135.9907,355.8,1.1,1,2014-08-25,0447,Aqua,MODIS,97,6.2,316.9,63.4,D,0
-15.3803,134.7153,409.7,1,1,2014-08-25,0447,Aqua,MODIS,100,6.2,327.6,303.2,D,0
-15.37,134.7233,337.9,1,1,2014-08-25,0447,Aqua,MODIS,83,6.2,311.9,24.2,D,0
-16.8859,136.9673,324.9,1.2,1.1,2014-08-25,0447,Aqua,MODIS,54,6.2,313.7,10.2,D,0
-16.8875,136.9565,332.5,1.2,1.1,2014-08-25,0447,Aqua,MODIS,79,6.2,314.4,21.2,D,0
-16.4867,136.9745,326.4,1.2,1.1,2014-08-25,0447,Aqua,MODIS,42,6.2,313.5,10.1,D,0
-17.7134,138.4025,355.6,1.3,1.2,2014-08-25,0447,Aqua,MODIS,97,6.2,310.8,93.5,D,0
-17.7154,138.39,388.8,1.3,1.1,2014-08-25,0447,Aqua,MODIS,100,6.2,315.8,276.6,D,0
-15.1508,134.6479,391.8,1,1,2014-08-25,0447,Aqua,MODIS,100,6.2,329.4,188.7,D,0
-15.1585,134.6587,341.7,1,1,2014-08-25,0447,Aqua,MODIS,60,6.2,320.6,24.2,D,0
-15.1598,134.6494,337.6,1,1,2014-08-25,0447,Aqua,MODIS,18,6.2,319.1,17.9,D,0
-15.1495,134.6573,357.4,1,1,2014-08-25,0447,Aqua,MODIS,98,6.2,318.7,58.5,D,0
-15.3727,134.7046,324.4,1,1,2014-08-25,0447,Aqua,MODIS,50,6.2,311.4,7.6,D,0
-16.4277,135.9077,326.9,1.1,1,2014-08-25,0447,Aqua,MODIS,51,6.2,312.5,11.2,D,0
-16.4324,135.9388,327.4,1.1,1,2014-08-25,0447,Aqua,MODIS,48,6.2,315,11,D,0
-15.4069,134.7262,332.2,1,1,2014-08-25,0447,Aqua,MODIS,60,6.2,314,14.3,D,0
-15.3137,135.1085,331.6,1,1,2014-08-25,0447,Aqua,MODIS,50,6.2,315.9,11.7,D,0
-15.3951,134.7435,335.2,1,1,2014-08-25,0447,Aqua,MODIS,41,6.2,317.4,17.7,D,0
-15.3893,134.7168,341.4,1,1,2014-08-25,0447,Aqua,MODIS,87,6.2,316.1,28.9,D,0
-15.379,134.7247,369.1,1,1,2014-08-25,0447,Aqua,MODIS,100,6.2,314.7,97.7,D,0
-15.388,134.7261,351.4,1,1,2014-08-25,0447,Aqua,MODIS,94,6.2,318.5,48.6,D,0
-15.3839,134.7541,332,1,1,2014-08-25,0447,Aqua,MODIS,67,6.2,315.1,13.5,D,0
-17.9781,123.6769,330.5,4.7,2,2014-08-25,0447,Aqua,MODIS,79,6.2,311,172.1,D,0
-17.9793,123.6689,332.5,4.7,2,2014-08-25,0447,Aqua,MODIS,81,6.2,311,195.6,D,0
-15.3713,134.7139,406.6,1,1,2014-08-25,0447,Aqua,MODIS,100,6.2,317.9,282.8,D,0
-15.3591,134.798,335.2,1,1,2014-08-25,0447,Aqua,MODIS,57,6.2,316.5,16.1,D,0
-15.358,135.1222,328.5,1,1,2014-08-25,0447,Aqua,MODIS,26,6.2,316.6,10.7,D,0
-17.7758,138.3951,336.3,1.3,1.1,2014-08-25,0447,Aqua,MODIS,65,6.2,312.2,31.5,D,0
-17.7779,138.3826,340.6,1.3,1.1,2014-08-25,0447,Aqua,MODIS,84,6.2,311.6,44.2,D,0
-17.7689,138.3868,340.9,1.3,1.1,2014-08-25,0447,Aqua,MODIS,72,6.2,311.9,36.6,D,0
-17.7566,138.3976,337.6,1.3,1.1,2014-08-25,0447,Aqua,MODIS,33,6.2,312.1,22.9,D,0
-17.7586,138.3849,338.9,1.3,1.1,2014-08-25,0447,Aqua,MODIS,27,6.2,312.8,30.9,D,0
-17.7606,138.3724,346.2,1.3,1.1,2014-08-25,0447,Aqua,MODIS,77,6.2,310.9,58.9,D,0
-17.7422,138.4208,341.9,1.4,1.2,2014-08-25,0447,Aqua,MODIS,28,6.2,314.1,37.5,D,0
-17.7463,138.3956,340.4,1.3,1.1,2014-08-25,0447,Aqua,MODIS,41,6.2,313.2,37.8,D,0
-17.7483,138.383,345.4,1.3,1.1,2014-08-25,0447,Aqua,MODIS,56,6.2,311.6,54.2,D,0
-17.7504,138.3705,351.3,1.3,1.1,2014-08-25,0447,Aqua,MODIS,95,6.2,311.9,80.5,D,0
-17.7524,138.3579,324.7,1.3,1.1,2014-08-25,0447,Aqua,MODIS,46,6.2,308.5,15.8,D,0
-17.736,138.3937,354.1,1.3,1.1,2014-08-25,0447,Aqua,MODIS,73,6.2,310.8,77.7,D,0
-17.7381,138.3811,364.3,1.3,1.1,2014-08-25,0447,Aqua,MODIS,98,6.2,311,124,D,0
-17.7401,138.3685,352.8,1.3,1.1,2014-08-25,0447,Aqua,MODIS,96,6.2,310.2,86,D,0
-17.7421,138.356,333.2,1.3,1.1,2014-08-25,0447,Aqua,MODIS,79,6.2,307.3,32.3,D,0
-17.7298,138.3665,344.7,1.3,1.1,2014-08-25,0447,Aqua,MODIS,90,6.2,307.2,62.7,D,0
-17.7319,138.354,330.7,1.3,1.1,2014-08-25,0447,Aqua,MODIS,76,6.2,305.1,29.1,D,0
-18.8524,133.8956,329.1,1,1,2014-08-25,0447,Aqua,MODIS,66,6.2,313.7,13.8,D,0
-18.8236,133.9704,333.4,1,1,2014-08-25,0447,Aqua,MODIS,80,6.2,312.5,20.1,D,0
-18.8145,133.969,336.2,1,1,2014-08-25,0447,Aqua,MODIS,83,6.2,312.8,24.8,D,0
-18.8158,133.9593,327.8,1,1,2014-08-25,0447,Aqua,MODIS,72,6.2,312.2,12.6,D,0
-18.7666,133.9154,326.2,1,1,2014-08-25,0447,Aqua,MODIS,36,6.2,314,10.7,D,0
-18.7693,133.896,340.8,1,1,2014-08-25,0447,Aqua,MODIS,82,6.2,315,29.9,D,0
-18.7589,133.9043,346.6,1,1,2014-08-25,0447,Aqua,MODIS,84,6.2,312.4,39.7,D,0
-18.8964,133.9816,322.6,1,1,2014-08-25,0447,Aqua,MODIS,48,6.2,309.7,7.1,D,0
-15.3566,135.1317,331.2,1,1,2014-08-25,0447,Aqua,MODIS,62,6.2,313.7,13.9,D,0
-17.2231,139.0002,333.9,1.5,1.2,2014-08-25,0447,Aqua,MODIS,81,6.2,310.4,35.4,D,0
-17.2123,138.9982,343,1.5,1.2,2014-08-25,0447,Aqua,MODIS,89,6.2,309.9,63.1,D,0
-17.2197,139.0083,326.1,1.5,1.2,2014-08-25,0447,Aqua,MODIS,55,6.2,308,19.9,D,0
-17.222,138.9943,327.6,1.5,1.2,2014-08-25,0447,Aqua,MODIS,58,6.2,310.9,21.6,D,0
-15.0819,135.1175,331.6,1,1,2014-08-25,0447,Aqua,MODIS,37,6.2,314.3,12.4,D,0
-17.2089,139.0063,325.1,1.5,1.2,2014-08-25,0447,Aqua,MODIS,38,6.2,307.7,18.2,D,0
-17.2112,138.9923,331.2,1.5,1.2,2014-08-25,0447,Aqua,MODIS,72,6.2,310.3,30,D,0
-15.7876,135.9424,329.6,1.1,1,2014-08-25,0447,Aqua,MODIS,71,6.2,317.1,10.9,D,0
-16.0346,135.9036,334.4,1.1,1,2014-08-25,0447,Aqua,MODIS,78,6.2,314.1,17.8,D,0
-18.7629,133.8752,340.1,1,1,2014-08-25,0447,Aqua,MODIS,51,6.2,310.9,27.8,D,0
-15.4091,133.1544,332.9,1,1,2014-08-25,0447,Aqua,MODIS,57,6.2,313.9,15.3,D,0
-15.5295,132.8848,335.6,1,1,2014-08-25,0447,Aqua,MODIS,39,6.2,318.2,18.6,D,0
-15.5175,132.9719,340.6,1,1,2014-08-25,0447,Aqua,MODIS,54,6.2,314.9,26.2,D,0
-15.5696,132.9853,336.7,1,1,2014-08-25,0447,Aqua,MODIS,61,6.2,314.6,22.8,D,0
-18.7446,133.8724,343.4,1,1,2014-08-25,0447,Aqua,MODIS,89,6.2,313,35.5,D,0
-15.3806,133.0918,327.4,1,1,2014-08-25,0447,Aqua,MODIS,55,6.2,313.5,7.4,D,0
-15.4187,132.9506,343.7,1,1,2014-08-25,0447,Aqua,MODIS,89,6.2,318.7,33.7,D,0
-15.4096,132.9492,348.6,1,1,2014-08-25,0447,Aqua,MODIS,92,6.2,317.1,42,D,0
-18.7473,133.8529,336.2,1,1,2014-08-25,0447,Aqua,MODIS,83,6.2,309.7,24.8,D,0
-15.5267,132.9733,344,1,1,2014-08-25,0447,Aqua,MODIS,85,6.2,315.4,34.2,D,0
-15.4118,133.1354,330.3,1,1,2014-08-25,0447,Aqua,MODIS,62,6.2,316.2,11.9,D,0
-15.454,132.9657,334.5,1,1,2014-08-25,0447,Aqua,MODIS,46,6.2,314.8,18.1,D,0
-18.7239,133.8337,323.2,1,1,2014-08-25,0447,Aqua,MODIS,52,6.2,308.6,8.5,D,0
-15.4823,132.8877,345.1,1,1,2014-08-25,0447,Aqua,MODIS,57,6.2,312.7,37.4,D,0
-15.3819,133.0822,327.9,1,1,2014-08-25,0447,Aqua,MODIS,33,6.2,316.2,8.1,D,0
-15.5358,132.9746,356.8,1,1,2014-08-25,0447,Aqua,MODIS,98,6.2,316.6,65.6,D,0
-15.3976,133.0357,334.8,1,1,2014-08-25,0447,Aqua,MODIS,55,6.2,316,17.8,D,0
-15.4745,132.8766,348.3,1,1,2014-08-25,0447,Aqua,MODIS,92,6.2,309.9,48.5,D,0
-15.4836,132.878,357,1,1,2014-08-25,0447,Aqua,MODIS,98,6.2,315,66.8,D,0
-18.8538,133.8859,343.6,1,1,2014-08-25,0447,Aqua,MODIS,90,6.2,312.5,37.4,D,0
-15.6062,132.9907,328.3,1,1,2014-08-25,0447,Aqua,MODIS,61,6.2,313.8,12.1,D,0
-15.4902,132.8988,341.4,1,1,2014-08-25,0447,Aqua,MODIS,45,6.2,314.2,27.6,D,0
-15.4104,133.1449,334.7,1,1,2014-08-25,0447,Aqua,MODIS,77,6.2,315.9,18.2,D,0
-15.5345,132.9843,331.1,1,1,2014-08-25,0447,Aqua,MODIS,69,6.2,311.9,15.5,D,0
-15.4888,132.9085,344.7,1,1,2014-08-25,0447,Aqua,MODIS,52,6.2,312.2,31.9,D,0
-18.7252,133.824,332.7,1,1,2014-08-25,0447,Aqua,MODIS,80,6.2,309.7,20.8,D,0
-15.4875,132.9182,342.8,1,1,2014-08-25,0447,Aqua,MODIS,35,6.2,312.3,29.6,D,0
-15.5112,132.8821,341.6,1,1,2014-08-25,0447,Aqua,MODIS,31,6.2,317.1,24.7,D,0
-15.502,132.8807,363.3,1,1,2014-08-25,0447,Aqua,MODIS,100,6.2,316.3,79.2,D,0
-15.5309,132.8751,334.5,1,1,2014-08-25,0447,Aqua,MODIS,53,6.2,316.2,18.3,D,0
-15.481,132.8974,349,1,1,2014-08-25,0447,Aqua,MODIS,78,6.2,310.7,46,D,0
-18.7706,133.8863,330.4,1,1,2014-08-25,0447,Aqua,MODIS,37,6.2,311.2,14.7,D,0
-17.4291,123.8086,335.4,4.5,2,2014-08-25,0447,Aqua,MODIS,84,6.2,308.4,212.8,D,0
-17.4288,123.8009,339.3,4.5,2,2014-08-25,0447,Aqua,MODIS,87,6.2,308.4,258.7,D,0
-17.4252,123.8515,333,4.5,2,2014-08-25,0447,Aqua,MODIS,81,6.2,309.9,176.6,D,0
-17.4247,123.8439,337.4,4.5,2,2014-08-25,0447,Aqua,MODIS,86,6.2,310.1,228,D,0
-17.4111,123.7992,323.3,4.5,2,2014-08-25,0447,Aqua,MODIS,63,6.2,311.8,77.4,D,0
-15.7786,130.4762,349.6,1.4,1.2,2014-08-25,0447,Aqua,MODIS,94,6.2,314.7,70.5,D,0
-15.7874,130.4904,338.9,1.4,1.2,2014-08-25,0447,Aqua,MODIS,81,6.2,315.7,36.7,D,0
-15.7845,130.4837,331.6,1.4,1.2,2014-08-25,0447,Aqua,MODIS,58,6.2,314.4,24.6,D,0
-15.795,130.4851,334.1,1.4,1.2,2014-08-25,0447,Aqua,MODIS,61,6.2,312.4,29.3,D,0
-15.7934,130.4978,335.4,1.4,1.2,2014-08-25,0447,Aqua,MODIS,68,6.2,314.7,31.3,D,0
-17.4152,123.7636,335.3,4.6,2,2014-08-25,0447,Aqua,MODIS,84,6.2,310,211.2,D,0
-17.4152,123.756,327.6,4.6,2,2014-08-25,0447,Aqua,MODIS,75,6.2,309.6,117.8,D,0
-17.3409,123.7882,321.6,4.5,2,2014-08-25,0447,Aqua,MODIS,49,6.2,309.7,65.9,D,0
-17.3403,123.7921,321.3,4.5,2,2014-08-25,0447,Aqua,MODIS,37,6.2,309.8,61.7,D,0
-17.1668,127.8751,322.5,2.2,1.4,2014-08-25,0447,Aqua,MODIS,52,6.2,311.2,25.4,D,0
-15.9411,128.8047,348.1,1.8,1.3,2014-08-25,0447,Aqua,MODIS,93,6.2,312.5,105.8,D,0
-15.953,128.8062,343.2,1.8,1.3,2014-08-25,0447,Aqua,MODIS,89,6.2,310.9,84,D,0
-18.5923,130.0969,327.1,1.6,1.2,2014-08-25,0447,Aqua,MODIS,60,6.2,312.7,21.9,D,0
-18.1306,125.6439,320.6,3.4,1.7,2014-08-25,0447,Aqua,MODIS,44,6.2,308.7,36.5,D,0
-18.1274,125.6758,332.4,3.4,1.7,2014-08-25,0447,Aqua,MODIS,76,6.2,310.2,120,D,0
-18.1228,125.6825,328.5,3.4,1.7,2014-08-25,0447,Aqua,MODIS,71,6.2,309.7,85.7,D,0
-18.2246,129.8314,326.6,1.6,1.3,2014-08-25,0447,Aqua,MODIS,53,6.2,311.1,21.5,D,0
-18.234,129.8484,332.4,1.6,1.3,2014-08-25,0447,Aqua,MODIS,80,6.2,312.7,35.2,D,0
-18.2327,129.855,328.1,1.6,1.3,2014-08-25,0447,Aqua,MODIS,22,6.2,311.4,21.3,D,0
-18.2745,129.892,333,1.6,1.3,2014-08-25,0447,Aqua,MODIS,51,6.2,312.5,34.8,D,0
-16.0942,135.7377,332.6,1.1,1,2014-08-25,0447,Aqua,MODIS,76,6.2,311.5,18.4,D,0
-16.0135,135.7288,472.1,1.1,1,2014-08-25,0447,Aqua,MODIS,100,6.2,338.2,1106.1,D,0
-16.1498,135.8073,328.6,1.1,1,2014-08-25,0447,Aqua,MODIS,65,6.2,313.7,11.1,D,0
-15.4625,135.593,362.1,1.1,1,2014-08-25,0447,Aqua,MODIS,100,6.2,310.4,86.9,D,0
-15.4475,135.6304,405.9,1.1,1,2014-08-25,0447,Aqua,MODIS,100,6.2,317.2,301,D,0
-16.1262,136.6694,330.1,1.1,1.1,2014-08-25,0447,Aqua,MODIS,60,6.2,315.3,14.7,D,0
-15.4567,135.6319,347.3,1.1,1,2014-08-25,0447,Aqua,MODIS,90,6.2,312.8,46,D,0
-15.446,135.6402,396,1.1,1,2014-08-25,0447,Aqua,MODIS,100,6.2,314.5,234.9,D,0
-15.4644,135.6431,349.3,1.1,1,2014-08-25,0447,Aqua,MODIS,93,6.2,314.5,45.8,D,0
-15.4629,135.6529,333.9,1.1,1,2014-08-25,0447,Aqua,MODIS,52,6.2,312.3,17.8,D,0
-16.015,135.7191,383,1.1,1,2014-08-25,0447,Aqua,MODIS,100,6.2,316.6,165.7,D,0
-16.0735,135.8753,331.5,1.1,1,2014-08-25,0447,Aqua,MODIS,71,6.2,312.1,16,D,0
-16.0438,135.9052,334.5,1.1,1,2014-08-25,0447,Aqua,MODIS,73,6.2,314.8,18.1,D,0
-16.0759,135.7348,333.3,1.1,1,2014-08-25,0447,Aqua,MODIS,78,6.2,312.8,20,D,0
-16.0411,135.7334,348.4,1.1,1,2014-08-25,0447,Aqua,MODIS,92,6.2,316.2,44.8,D,0
-15.0958,135.1488,360,1,1,2014-08-25,0447,Aqua,MODIS,100,6.2,318,72.4,D,0
-16.1167,136.6678,326.5,1.1,1.1,2014-08-25,0447,Aqua,MODIS,37,6.2,314,9.4,D,0
-16.3428,135.9891,341.8,1.1,1,2014-08-25,0447,Aqua,MODIS,87,6.2,314.5,31.9,D,0
-15.5283,135.5936,334.7,1,1,2014-08-25,0447,Aqua,MODIS,32,6.2,316.6,17.5,D,0
-15.1535,134.6293,339.5,1,1,2014-08-25,0447,Aqua,MODIS,76,6.2,313.4,25.7,D,0
-16.0744,135.7445,346.3,1.1,1,2014-08-25,0447,Aqua,MODIS,91,6.2,314.4,42.2,D,0
-16.0121,135.7386,409,1.1,1,2014-08-25,0447,Aqua,MODIS,100,6.2,314.4,320.8,D,0
-15.7256,135.8647,335.9,1.1,1,2014-08-25,0447,Aqua,MODIS,81,6.2,316,18.4,D,0
-15.492,135.6476,335.2,1.1,1,2014-08-25,0447,Aqua,MODIS,57,6.2,316.4,15.4,D,0
-16.0304,135.7416,407.4,1.1,1,2014-08-25,0447,Aqua,MODIS,100,6.2,327.5,304.6,D,0
-15.5022,135.5795,374.7,1,1,2014-08-25,0447,Aqua,MODIS,100,6.2,316.6,122.9,D,0
-15.4886,135.6071,339.5,1.1,1,2014-08-25,0447,Aqua,MODIS,67,6.2,316.6,21.2,D,0
-16.0006,136.734,331.6,1.2,1.1,2014-08-25,0447,Aqua,MODIS,70,6.2,312.9,17.8,D,0
-15.4688,135.6139,360.9,1.1,1,2014-08-25,0447,Aqua,MODIS,96,6.2,314,77.2,D,0
-16.1218,135.7424,326.7,1.1,1,2014-08-25,0447,Aqua,MODIS,50,6.2,311.3,9.1,D,0
-15.4552,135.6416,388.4,1.1,1,2014-08-25,0447,Aqua,MODIS,100,6.2,319.2,190.2,D,0
-15.9143,135.8978,326.5,1.1,1,2014-08-25,0447,Aqua,MODIS,59,6.2,315.5,5.8,D,0
-15.9475,135.8022,325.6,1.1,1,2014-08-25,0447,Aqua,MODIS,54,6.2,312.8,6.6,D,0
-16.0319,135.7319,400.3,1.1,1,2014-08-25,0447,Aqua,MODIS,100,6.2,327.2,254.1,D,0
-16.0672,135.7475,337.3,1.1,1,2014-08-25,0447,Aqua,MODIS,83,6.2,314,23.5,D,0
-16.0242,135.7206,381,1.1,1,2014-08-25,0447,Aqua,MODIS,100,6.2,318,154.2,D,0
-16.0396,135.7431,349.6,1.1,1,2014-08-25,0447,Aqua,MODIS,93,6.2,316,48.5,D,0
-16.0213,135.7401,426.7,1.1,1,2014-08-25,0447,Aqua,MODIS,100,6.2,327.9,472.2,D,0
-15.4673,135.6237,370.9,1.1,1,2014-08-25,0447,Aqua,MODIS,96,6.2,313.3,107.3,D,0
-15.9641,135.7544,329.7,1.1,1,2014-08-25,0447,Aqua,MODIS,55,6.2,311.3,15,D,0
-16.0227,135.7303,428.4,1.1,1,2014-08-25,0447,Aqua,MODIS,100,6.2,330.4,487.7,D,0
-15.2085,134.6951,325.2,1,1,2014-08-25,0447,Aqua,MODIS,42,6.2,313.9,3.8,D,0
-15.1823,134.7483,338.9,1,1,2014-08-25,0447,Aqua,MODIS,84,6.2,316.3,23.2,D,0
-16.0425,135.7237,343.5,1.1,1,2014-08-25,0447,Aqua,MODIS,89,6.2,312.3,37.9,D,0
-15.4611,135.6027,339.1,1.1,1,2014-08-25,0447,Aqua,MODIS,85,6.2,309.6,32.1,D,0
-16.0517,135.7252,336.2,1.1,1,2014-08-25,0447,Aqua,MODIS,81,6.2,310,23.6,D,0
-15.1522,134.6386,368.5,1,1,2014-08-25,0447,Aqua,MODIS,100,6.2,319.6,93.6,D,0
-16.0642,135.8739,334.3,1.1,1,2014-08-25,0447,Aqua,MODIS,79,6.2,312.8,18.6,D,0
-15.493,135.578,327.1,1,1,2014-08-25,0447,Aqua,MODIS,57,6.2,309.3,10.9,D,0
-15.4828,135.6461,340.1,1.1,1,2014-08-25,0447,Aqua,MODIS,28,6.2,316.5,22.1,D,0
-15.0867,135.1474,348.7,1,1,2014-08-25,0447,Aqua,MODIS,93,6.2,313.5,45.3,D,0
-15.1612,134.64,337,1,1,2014-08-25,0447,Aqua,MODIS,52,6.2,316.5,19.5,D,0
-14.748,142.2072,331.7,2.9,1.6,2014-08-25,0447,Aqua,MODIS,79,6.2,301.9,85.7,D,0
-16.029,135.7513,365,1.1,1,2014-08-25,0447,Aqua,MODIS,100,6.2,314.3,89.7,D,0
-15.5007,135.5892,376.6,1,1,2014-08-25,0447,Aqua,MODIS,100,6.2,317.8,128.6,D,0
-15.7426,135.8776,334.3,1.1,1,2014-08-25,0447,Aqua,MODIS,65,6.2,314.5,17.6,D,0
-15.181,134.7576,327.7,1,1,2014-08-25,0447,Aqua,MODIS,45,6.2,315.6,6.9,D,0
-15.4809,135.5959,350,1.1,1,2014-08-25,0447,Aqua,MODIS,60,6.2,317.9,46.6,D,0
-15.4732,135.5847,346.2,1,1,2014-08-25,0447,Aqua,MODIS,91,6.2,309.6,43.3,D,0
-15.2098,134.6858,327.3,1,1,2014-08-25,0447,Aqua,MODIS,62,6.2,315.9,6.5,D,0
-16.1324,135.7343,326.9,1,1,2014-08-25,0447,Aqua,MODIS,46,6.2,310.6,9.3,D,0
-16.0701,135.7281,325.6,1.1,1,2014-08-25,0447,Aqua,MODIS,38,6.2,311.2,9,D,0
-16.0503,135.7348,331.6,1.1,1,2014-08-25,0447,Aqua,MODIS,44,6.2,311,15.1,D,0
-14.9089,142.2512,330,2.9,1.6,2014-08-25,0447,Aqua,MODIS,81,6.2,301.5,95.6,D,0
-14.907,142.2433,331.3,2.9,1.6,2014-08-25,0447,Aqua,MODIS,82,6.2,301.1,102.9,D,0
-14.8944,142.2484,319.5,2.9,1.6,2014-08-25,0447,Aqua,MODIS,66,6.2,300,41.9,D,0
-16.0686,135.7378,351.1,1.1,1,2014-08-25,0447,Aqua,MODIS,94,6.2,314.6,52.2,D,0
-14.7431,142.2336,327,2.9,1.6,2014-08-25,0447,Aqua,MODIS,62,6.2,300.9,57,D,0
-15.4721,135.6544,339.6,1.1,1,2014-08-25,0447,Aqua,MODIS,45,6.2,314,24.6,D,0
-14.9023,142.2699,318.9,2.9,1.6,2014-08-25,0447,Aqua,MODIS,64,6.2,301.9,37.7,D,0
-16.2612,136.0405,327.3,1.1,1,2014-08-25,0447,Aqua,MODIS,65,6.2,315.4,9,D,0
-15.4765,135.6251,369.6,1.1,1,2014-08-25,0447,Aqua,MODIS,100,6.2,318.9,95.6,D,0
-15.478,135.6154,374.9,1.1,1,2014-08-25,0447,Aqua,MODIS,100,6.2,320.3,119.3,D,0
-15.4703,135.6042,349,1.1,1,2014-08-25,0447,Aqua,MODIS,68,6.2,316.2,47.1,D,0
-15.4751,135.6349,352,1.1,1,2014-08-25,0447,Aqua,MODIS,73,6.2,318.4,44.6,D,0
-16.0773,135.725,322.8,1,1,2014-08-25,0447,Aqua,MODIS,22,6.2,311.2,6.8,D,0
-15.4717,135.5945,384.8,1.1,1,2014-08-25,0447,Aqua,MODIS,100,6.2,320.4,170.5,D,0
-15.9158,135.8878,329,1.1,1,2014-08-25,0447,Aqua,MODIS,70,6.2,315.4,9.3,D,0
-14.7414,142.226,328.1,2.9,1.6,2014-08-25,0447,Aqua,MODIS,66,6.2,300.7,66,D,0
-16.3413,135.9991,328.4,1.1,1,2014-08-25,0447,Aqua,MODIS,70,6.2,313.5,10.3,D,0
-16.0333,135.7222,346.5,1.1,1,2014-08-25,0447,Aqua,MODIS,91,6.2,315.3,43.5,D,0
-14.7382,142.2603,329.8,2.9,1.6,2014-08-25,0447,Aqua,MODIS,80,6.2,301.1,75.5,D,0
-12.9029,136.3209,326.1,1.2,1.1,2014-08-25,0448,Aqua,MODIS,71,6.2,301.3,18,D,0
-13.2712,135.4039,334.1,1.1,1,2014-08-25,0448,Aqua,MODIS,64,6.2,308.2,20.4,D,0
-12.53,135.8159,321.2,1.1,1.1,2014-08-25,0448,Aqua,MODIS,46,6.2,304.1,8.4,D,0
-12.8908,134.7547,386.6,1,1,2014-08-25,0448,Aqua,MODIS,100,6.2,317.8,173.8,D,0
-13.1449,135.4624,328.3,1.1,1,2014-08-25,0448,Aqua,MODIS,74,6.2,308.1,16.8,D,0
-12.8932,136.3193,339,1.2,1.1,2014-08-25,0448,Aqua,MODIS,87,6.2,304.9,39.9,D,0
-11.7828,133.1902,327.4,1,1,2014-08-25,0448,Aqua,MODIS,33,6.2,310.2,8.3,D,0
-12.7374,135.9421,363.2,1.1,1.1,2014-08-25,0448,Aqua,MODIS,100,6.2,310.6,103.1,D,0
-12.5245,135.5321,339.3,1.1,1,2014-08-25,0448,Aqua,MODIS,87,6.2,309.9,32.6,D,0
-11.7571,133.177,339.9,1,1,2014-08-25,0448,Aqua,MODIS,85,6.2,308.9,28.4,D,0
-12.503,135.1866,329.5,1.1,1,2014-08-25,0448,Aqua,MODIS,35,6.2,308.2,13,D,0
-12.2892,134.141,333.3,1,1,2014-08-25,0448,Aqua,MODIS,77,6.2,308.3,19.6,D,0
-12.6909,135.289,353.1,1.1,1,2014-08-25,0448,Aqua,MODIS,96,6.2,307.8,58.8,D,0
-13.2637,135.4059,325.5,1.1,1,2014-08-25,0448,Aqua,MODIS,58,6.2,307.8,11,D,0
-12.5078,135.2174,332,1.1,1,2014-08-25,0448,Aqua,MODIS,68,6.2,304.8,19.1,D,0
-12.4102,133.8185,332.8,1,1,2014-08-25,0448,Aqua,MODIS,73,6.2,305.7,20.7,D,0
-12.9085,134.8117,381.6,1,1,2014-08-25,0448,Aqua,MODIS,100,6.2,313.8,151.3,D,0
-13.2652,135.3961,337.5,1.1,1,2014-08-25,0448,Aqua,MODIS,85,6.2,309.1,29.5,D,0
-12.4386,132.6472,329.7,1,1,2014-08-25,0448,Aqua,MODIS,72,6.2,313.6,11.5,D,0
-12.7285,136.2579,347.4,1.2,1.1,2014-08-25,0448,Aqua,MODIS,93,6.2,307.8,57.6,D,0
-12.7382,136.2594,365.7,1.2,1.1,2014-08-25,0448,Aqua,MODIS,100,6.2,311.2,116.3,D,0
-12.6987,135.3003,339.2,1.1,1,2014-08-25,0448,Aqua,MODIS,81,6.2,307.4,27.4,D,0
-12.5466,135.577,332.6,1.1,1.1,2014-08-25,0448,Aqua,MODIS,77,6.2,311.2,20,D,0
-14.3791,134.8894,342.3,1,1,2014-08-25,0448,Aqua,MODIS,88,6.2,314.6,32.4,D,0
-12.0322,133.6274,331,1,1,2014-08-25,0448,Aqua,MODIS,59,6.2,303.6,16.2,D,0
-12.7112,135.9,325.6,1.1,1.1,2014-08-25,0448,Aqua,MODIS,65,6.2,305,14.7,D,0
-12.7398,136.2486,328.3,1.2,1.1,2014-08-25,0448,Aqua,MODIS,75,6.2,304.7,20.4,D,0
-12.4598,131.5496,324.9,1.1,1,2014-08-25,0448,Aqua,MODIS,59,6.2,304.1,14.3,D,0
-12.5481,135.5669,354.8,1.1,1,2014-08-25,0448,Aqua,MODIS,97,6.2,310.7,67.4,D,0
-12.3159,134.465,359.1,1,1,2014-08-25,0448,Aqua,MODIS,99,6.2,311.4,71.6,D,0
-12.7454,135.9541,344.4,1.1,1.1,2014-08-25,0448,Aqua,MODIS,90,6.2,306.9,49.4,D,0
-12.5324,135.5437,335.7,1.1,1,2014-08-25,0448,Aqua,MODIS,69,6.2,309.5,25.8,D,0
-12.0744,134.1619,328,1,1,2014-08-25,0448,Aqua,MODIS,28,6.2,311.5,10.8,D,0
-12.8985,134.7656,348.2,1,1,2014-08-25,0448,Aqua,MODIS,93,6.2,315.6,45,D,0
-12.337,134.1295,326.8,1,1,2014-08-25,0448,Aqua,MODIS,23,6.2,307,11,D,0
-12.7181,131.8199,330.3,1.1,1,2014-08-25,0448,Aqua,MODIS,67,6.2,310.8,15.3,D,0
-12.3146,134.4744,333.1,1,1,2014-08-25,0448,Aqua,MODIS,63,6.2,307.1,18.4,D,0
-12.4766,135.1724,336.7,1.1,1,2014-08-25,0448,Aqua,MODIS,73,6.2,307.3,22.3,D,0
-12.1745,134.3642,335,1,1,2014-08-25,0448,Aqua,MODIS,80,6.2,310,22,D,0
-12.7256,135.9344,378.6,1.1,1.1,2014-08-25,0448,Aqua,MODIS,100,6.2,314.7,167.1,D,0
-12.5633,135.4662,326.2,1.1,1,2014-08-25,0448,Aqua,MODIS,48,6.2,310.6,9.4,D,0
-12.4976,134.1004,336.7,1,1,2014-08-25,0448,Aqua,MODIS,83,6.2,309.1,24.4,D,0
-12.5151,135.5306,358.8,1.1,1,2014-08-25,0448,Aqua,MODIS,99,6.2,312.8,80.4,D,0
-12.6454,135.4645,342,1.1,1,2014-08-25,0448,Aqua,MODIS,89,6.2,310,36.6,D,0
-12.6829,135.4704,344.1,1.1,1,2014-08-25,0448,Aqua,MODIS,90,6.2,307.9,41,D,0
-11.7584,133.1679,327.4,1,1,2014-08-25,0448,Aqua,MODIS,65,6.2,308.3,11,D,0
-12.5509,135.4847,324.7,1.1,1,2014-08-25,0448,Aqua,MODIS,18,6.2,309.5,7.2,D,0
-12.4802,135.1073,332.7,1.1,1,2014-08-25,0448,Aqua,MODIS,68,6.2,309.7,18.3,D,0
-12.7048,135.8776,333.4,1.1,1.1,2014-08-25,0448,Aqua,MODIS,81,6.2,308.7,26,D,0
-12.7064,135.8672,325.8,1.1,1.1,2014-08-25,0448,Aqua,MODIS,69,6.2,306.5,14.4,D,0
-14.342,135.0774,330.6,1,1,2014-08-25,0448,Aqua,MODIS,64,6.2,314.4,13.2,D,0
-12.5184,135.5725,343,1.1,1.1,2014-08-25,0448,Aqua,MODIS,90,6.2,308.8,41.2,D,0
-11.9926,134.0966,331,1,1,2014-08-25,0448,Aqua,MODIS,72,6.2,308.8,13.6,D,0
-12.4623,135.1643,338.6,1.1,1,2014-08-25,0448,Aqua,MODIS,86,6.2,305.7,28.8,D,0
-12.0386,133.647,345.6,1,1,2014-08-25,0448,Aqua,MODIS,90,6.2,306,38.2,D,0
-12.9232,134.7753,326.7,1,1,2014-08-25,0448,Aqua,MODIS,55,6.2,312.4,8.7,D,0
-12.5085,135.5334,343.3,1.1,1,2014-08-25,0448,Aqua,MODIS,90,6.2,307.8,42.8,D,0
-12.4065,133.7805,354.6,1,1,2014-08-25,0448,Aqua,MODIS,97,6.2,308.8,58.3,D,0
-12.377,135.3529,349.1,1.1,1,2014-08-25,0448,Aqua,MODIS,93,6.2,309.6,49.1,D,0
-12.6751,131.8071,328,1.1,1,2014-08-25,0448,Aqua,MODIS,51,6.2,309.3,12.5,D,0
-12.4021,135.3773,336,1.1,1,2014-08-25,0448,Aqua,MODIS,81,6.2,309.2,22.4,D,0
-12.4638,135.1546,351.5,1.1,1,2014-08-25,0448,Aqua,MODIS,95,6.2,309.9,55.7,D,0
-12.3223,134.4851,369.6,1,1,2014-08-25,0448,Aqua,MODIS,100,6.2,313,104.1,D,0
-13.3231,135.3116,330.2,1.1,1,2014-08-25,0448,Aqua,MODIS,58,6.2,308.5,15.3,D,0
-12.5861,135.6352,322.2,1.1,1.1,2014-08-25,0448,Aqua,MODIS,38,6.2,307.6,7.8,D,0
-12.399,133.7635,322.9,1,1,2014-08-25,0448,Aqua,MODIS,50,6.2,304,9.5,D,0
-14.5643,135.0083,329.6,1,1,2014-08-25,0448,Aqua,MODIS,72,6.2,312.4,13.8,D,0
-12.6469,135.4545,326,1.1,1,2014-08-25,0448,Aqua,MODIS,55,6.2,310,10.2,D,0
-12.5387,134.2643,328.2,1,1,2014-08-25,0448,Aqua,MODIS,72,6.2,309.5,11.7,D,0
-12.6533,135.476,331.3,1.1,1,2014-08-25,0448,Aqua,MODIS,71,6.2,310.2,16.6,D,0
-12.6907,135.4819,325.8,1.1,1,2014-08-25,0448,Aqua,MODIS,62,6.2,305.5,12,D,0
-12.3864,135.3544,348.6,1.1,1,2014-08-25,0448,Aqua,MODIS,93,6.2,309.3,48.9,D,0
-11.9939,134.0874,329.4,1,1,2014-08-25,0448,Aqua,MODIS,68,6.2,311.3,11.5,D,0
-12.782,135.1098,347.4,1.1,1,2014-08-25,0448,Aqua,MODIS,92,6.2,311.9,45.8,D,0
-12.33,131.0764,346.2,1.2,1.1,2014-08-25,0448,Aqua,MODIS,92,6.2,309.7,52.1,D,0
-12.5093,135.2076,336.2,1.1,1,2014-08-25,0448,Aqua,MODIS,81,6.2,306.5,25.3,D,0
-12.0965,134.1369,356.2,1,1,2014-08-25,0448,Aqua,MODIS,97,6.2,311.2,63.4,D,0
-12.0399,133.6379,364.5,1,1,2014-08-25,0448,Aqua,MODIS,100,6.2,311.7,82.8,D,0
-12.4455,135.4412,325.7,1.1,1,2014-08-25,0448,Aqua,MODIS,70,6.2,307.3,11.3,D,0
-12.5166,135.5205,337.8,1.1,1,2014-08-25,0448,Aqua,MODIS,85,6.2,309.6,29.3,D,0
-12.4016,133.7451,350.4,1,1,2014-08-25,0448,Aqua,MODIS,94,6.2,308.1,51.6,D,0
-12.7168,131.8298,331.1,1.1,1,2014-08-25,0448,Aqua,MODIS,73,6.2,309.5,17,D,0
-12.4052,133.7896,352,1,1,2014-08-25,0448,Aqua,MODIS,95,6.2,305.5,54.1,D,0
-12.6844,135.4604,326.4,1.1,1,2014-08-25,0448,Aqua,MODIS,45,6.2,306.2,10.1,D,0
-12.5418,135.5452,334.1,1.1,1,2014-08-25,0448,Aqua,MODIS,72,6.2,307.1,22.6,D,0
-13.1517,135.163,321.8,1.1,1,2014-08-25,0448,Aqua,MODIS,32,6.2,306.2,7,D,0
-12.1042,134.1476,346.3,1,1,2014-08-25,0448,Aqua,MODIS,91,6.2,306.7,43.2,D,0
-12.4003,133.7543,328.4,1,1,2014-08-25,0448,Aqua,MODIS,71,6.2,305.5,15.3,D,0
-12.4425,131.5004,324.5,1.1,1.1,2014-08-25,0448,Aqua,MODIS,63,6.2,305.6,12.1,D,0
-12.5896,135.6417,327.4,1.1,1.1,2014-08-25,0448,Aqua,MODIS,70,6.2,307.8,14.1,D,0
-12.7805,135.1195,331.9,1.1,1,2014-08-25,0448,Aqua,MODIS,79,6.2,307.9,18,D,0
-12.325,134.4664,337.6,1,1,2014-08-25,0448,Aqua,MODIS,84,6.2,309.2,25.3,D,0
-12.7263,135.9511,339.5,1.1,1.1,2014-08-25,0448,Aqua,MODIS,87,6.2,305.3,36.6,D,0
-12.747,135.9437,318.7,1.1,1.1,2014-08-25,0448,Aqua,MODIS,25,6.2,305.1,7.5,D,0
-12.4784,131.1687,329.6,1.1,1.1,2014-08-25,0448,Aqua,MODIS,72,6.2,311.6,15.7,D,0
-15.1432,134.6372,347.5,1,1,2014-08-25,0448,Aqua,MODIS,92,6.2,309.5,42.4,D,0
-12.9246,134.7658,330.4,1,1,2014-08-25,0448,Aqua,MODIS,76,6.2,309.9,13.8,D,0
-14.3777,134.8988,330.4,1,1,2014-08-25,0448,Aqua,MODIS,76,6.2,315.1,13.7,D,0
-12.3313,134.4865,329.8,1,1,2014-08-25,0448,Aqua,MODIS,75,6.2,310.4,16,D,0
-12.1544,133.4847,330.4,1,1,2014-08-25,0448,Aqua,MODIS,41,6.2,309.9,11.6,D,0
-12.4652,135.1448,328.4,1.1,1,2014-08-25,0448,Aqua,MODIS,48,6.2,308.8,12.7,D,0
-11.7558,133.1861,331.6,1,1,2014-08-25,0448,Aqua,MODIS,60,6.2,307.4,15.7,D,0
-12.771,135.5013,326.8,1.1,1,2014-08-25,0448,Aqua,MODIS,58,6.2,307,12.1,D,0
-12.7002,135.2904,338.3,1.1,1,2014-08-25,0448,Aqua,MODIS,55,6.2,312,25.2,D,0
-12.7333,132.5075,334.7,1,1,2014-08-25,0448,Aqua,MODIS,80,6.2,311.5,21.5,D,0
-12.5136,135.5407,331,1.1,1,2014-08-25,0448,Aqua,MODIS,46,6.2,306.4,18.3,D,0
-13.2865,135.366,339.8,1.1,1,2014-08-25,0448,Aqua,MODIS,86,6.2,307.9,33.7,D,0
-12.6671,131.7959,332,1.1,1,2014-08-25,0448,Aqua,MODIS,48,6.2,309.6,17.8,D,0
-12.7301,136.247,327.6,1.2,1.1,2014-08-25,0448,Aqua,MODIS,74,6.2,305.3,18.9,D,0
-12.4874,135.1641,331.7,1.1,1,2014-08-25,0448,Aqua,MODIS,20,6.2,309.3,13.6,D,0
-12.1615,133.1779,328.8,1,1,2014-08-25,0448,Aqua,MODIS,54,6.2,312.5,6,D,0
-12.541,135.807,333.1,1.1,1.1,2014-08-25,0448,Aqua,MODIS,81,6.2,305.9,25.3,D,0
-12.8949,136.3084,347.3,1.2,1.1,2014-08-25,0448,Aqua,MODIS,93,6.2,305.7,59.5,D,0
-12.8554,136.3693,324.7,1.2,1.1,2014-08-25,0448,Aqua,MODIS,46,6.2,305.8,12.6,D,0
-12.5395,135.8173,358.7,1.1,1.1,2014-08-25,0448,Aqua,MODIS,99,6.2,309.1,85.1,D,0
-12.7725,135.4912,324.3,1.1,1,2014-08-25,0448,Aqua,MODIS,33,6.2,306.8,8.1,D,0
-12.4118,133.7439,336.9,1,1,2014-08-25,0448,Aqua,MODIS,66,6.2,307.7,24.3,D,0
-12.6232,134.3115,323.7,1,1,2014-08-25,0448,Aqua,MODIS,59,6.2,309.3,6.3,D,0
-11.8329,133.1604,327.8,1,1,2014-08-25,0448,Aqua,MODIS,48,6.2,309.4,10,D,0
-12.8457,136.3677,332.2,1.2,1.1,2014-08-25,0448,Aqua,MODIS,61,6.2,307.2,22.9,D,0
-12.3327,134.4772,328.9,1,1,2014-08-25,0448,Aqua,MODIS,74,6.2,309.4,14.4,D,0
-12.4208,133.7452,326.7,1,1,2014-08-25,0448,Aqua,MODIS,30,6.2,308.3,12.2,D,0
-12.7706,131.362,330.6,1.1,1.1,2014-08-25,0448,Aqua,MODIS,34,6.2,310.7,15.7,D,0
-12.6922,135.4719,326.6,1.1,1,2014-08-25,0448,Aqua,MODIS,64,6.2,307.4,12.4,D,0
-12.5938,134.3297,328,1,1,2014-08-25,0448,Aqua,MODIS,71,6.2,310.1,12,D,0
-12.4716,135.1658,340.4,1.1,1,2014-08-25,0448,Aqua,MODIS,87,6.2,309.1,32.6,D,0
-12.7451,135.6104,322.7,1.1,1,2014-08-25,0448,Aqua,MODIS,51,6.2,305.6,8.4,D,0
-12.5015,135.1964,333.2,1.1,1,2014-08-25,0448,Aqua,MODIS,68,6.2,308.7,19,D,0
-15.1418,134.6465,388.1,1,1,2014-08-25,0448,Aqua,MODIS,100,6.2,315.2,174.7,D,0
-12.8652,136.3708,324.7,1.2,1.1,2014-08-25,0448,Aqua,MODIS,57,6.2,307.3,13.8,D,0
-12.4105,133.753,356.4,1,1,2014-08-25,0448,Aqua,MODIS,98,6.2,313.1,62.1,D,0
-12.3132,134.4837,352.3,1,1,2014-08-25,0448,Aqua,MODIS,95,6.2,307.8,54.6,D,0
-12.4744,135.1463,331,1.1,1,2014-08-25,0448,Aqua,MODIS,61,6.2,310.2,16.1,D,0
-15.0679,135.0862,341.3,1,1,2014-08-25,0448,Aqua,MODIS,44,6.2,315.3,24.5,D,0
-13.285,135.3759,360.7,1.1,1,2014-08-25,0448,Aqua,MODIS,100,6.2,310.5,82.3,D,0
-12.3728,135.4443,329.5,1.1,1,2014-08-25,0448,Aqua,MODIS,65,6.2,309.1,13.8,D,0
-12.0063,136.2943,337.3,1.2,1.1,2014-08-25,0448,Aqua,MODIS,0,6.2,306.6,37.8,D,0
-12.4079,133.7713,338.7,1,1,2014-08-25,0448,Aqua,MODIS,82,6.2,307.7,26.5,D,0
-14.6537,134.5239,335.3,1,1,2014-08-25,0448,Aqua,MODIS,50,6.2,314,14.1,D,0
-12.6354,136.2039,322.8,1.2,1.1,2014-08-25,0448,Aqua,MODIS,57,6.2,305,14.8,D,0
-15.0521,135.078,403.8,1,1,2014-08-25,0448,Aqua,MODIS,100,6.2,321,268.6,D,0
-12.724,135.9449,370.4,1.1,1.1,2014-08-25,0448,Aqua,MODIS,100,6.2,308.9,129.8,D,0
-12.1628,133.1687,331.1,1,1,2014-08-25,0448,Aqua,MODIS,70,6.2,314.8,9,D,0
-12.5627,135.6629,327.7,1.1,1.1,2014-08-25,0448,Aqua,MODIS,56,6.2,309.6,13.7,D,0
-12.3236,134.4758,339.1,1,1,2014-08-25,0448,Aqua,MODIS,86,6.2,311.2,27.4,D,0
-12.4918,131.1653,332.2,1.2,1.1,2014-08-25,0448,Aqua,MODIS,69,6.2,312,18.8,D,0
-12.0671,134.1552,338.3,1,1,2014-08-25,0448,Aqua,MODIS,72,6.2,311.2,27,D,0
-15.0534,135.0685,428.8,1,1,2014-08-25,0448,Aqua,MODIS,100,6.2,329.4,473.8,D,0
-12.3692,135.3415,330.4,1.1,1,2014-08-25,0448,Aqua,MODIS,53,6.2,307.8,15.4,D,0
-12.0462,133.6575,335.8,1,1,2014-08-25,0448,Aqua,MODIS,75,6.2,309.2,22.3,D,0
-12.6376,135.4531,337.7,1.1,1,2014-08-25,0448,Aqua,MODIS,85,6.2,309.3,27.8,D,0
-12.7253,135.8065,337.8,1.1,1.1,2014-08-25,0448,Aqua,MODIS,85,6.2,305.4,35.7,D,0
-12.1912,134.3762,332.3,1,1,2014-08-25,0448,Aqua,MODIS,78,6.2,308.6,15.7,D,0
-12.4963,134.1096,324.6,1,1,2014-08-25,0448,Aqua,MODIS,45,6.2,309.4,7.9,D,0
-12.0952,134.1462,373.1,1,1,2014-08-25,0448,Aqua,MODIS,100,6.2,312,113.7,D,0
-12.0657,134.1645,337.3,1,1,2014-08-25,0448,Aqua,MODIS,77,6.2,310.6,26.1,D,0
-12.3614,135.3301,331.6,1.1,1,2014-08-25,0448,Aqua,MODIS,75,6.2,306.7,20,D,0
-13.3113,135.39,361.8,1.1,1,2014-08-25,0448,Aqua,MODIS,100,6.2,311.2,86.1,D,0
-12.8453,136.3621,333,1.2,1.1,2014-08-25,0448,Aqua,MODIS,81,6.2,307.4,27.6,D,0
-12.7365,136.2703,369.8,1.2,1.1,2014-08-25,0448,Aqua,MODIS,100,6.2,309.5,133.3,D,0
-13.2928,135.3872,338.1,1.1,1,2014-08-25,0448,Aqua,MODIS,85,6.2,309,29.5,D,0
-12.7295,135.9302,353.2,1.1,1.1,2014-08-25,0448,Aqua,MODIS,96,6.2,307.8,71.7,D,0
-12.5838,134.2712,331.9,1,1,2014-08-25,0448,Aqua,MODIS,78,6.2,310.2,15.2,D,0
-12.4192,133.8198,328.7,1,1,2014-08-25,0448,Aqua,MODIS,72,6.2,307.2,15.1,D,0
-12.0667,133.6486,334.4,1,1,2014-08-25,0448,Aqua,MODIS,40,6.2,312,15.5,D,0
-12.4092,133.7621,343.7,1,1,2014-08-25,0448,Aqua,MODIS,83,6.2,310.3,34.3,D,0
-12.0412,133.6288,360.8,1,1,2014-08-25,0448,Aqua,MODIS,100,6.2,313.3,72.8,D,0
-12.4039,135.4288,329,1.1,1,2014-08-25,0448,Aqua,MODIS,41,6.2,306.8,13.6,D,0
-12.7143,135.8792,335.2,1.1,1.1,2014-08-25,0448,Aqua,MODIS,83,6.2,308.1,29.2,D,0
-13.2875,135.2962,323,1.1,1,2014-08-25,0448,Aqua,MODIS,58,6.2,307,9,D,0
-12.7128,135.8896,337.8,1.1,1.1,2014-08-25,0448,Aqua,MODIS,85,6.2,309,34,D,0
-11.7815,133.1993,332.7,1,1,2014-08-25,0448,Aqua,MODIS,76,6.2,310.5,14.3,D,0
-12.5499,135.619,326.1,1.1,1.1,2014-08-25,0448,Aqua,MODIS,50,6.2,308.5,12,D,0
-12.6361,135.4631,353.2,1.1,1,2014-08-25,0448,Aqua,MODIS,96,6.2,307.6,61.9,D,0
-15.0507,135.0875,347.3,1,1,2014-08-25,0448,Aqua,MODIS,85,6.2,311,41.3,D,0
-12.8474,136.3567,329.2,1.2,1.1,2014-08-25,0448,Aqua,MODIS,38,6.2,306.1,17.9,D,0
-12.3268,136.6737,326.7,1.3,1.1,2014-08-25,0448,Aqua,MODIS,57,6.2,302,22.2,D,0
-12.7358,135.9526,387,1.1,1.1,2014-08-25,0448,Aqua,MODIS,100,6.2,310.2,211.4,D,0
-12.3513,135.3525,330.6,1.1,1,2014-08-25,0448,Aqua,MODIS,64,6.2,307.2,19,D,0
-12.549,135.8189,330.4,1.1,1.1,2014-08-25,0448,Aqua,MODIS,73,6.2,305.6,20.2,D,0
-12.1726,133.4836,331.1,1,1,2014-08-25,0448,Aqua,MODIS,67,6.2,311,11.7,D,0
-12.4545,131.5178,324.8,1.1,1,2014-08-25,0448,Aqua,MODIS,29,6.2,303.7,13.2,D,0
-12.4631,133.7703,324.3,1,1,2014-08-25,0448,Aqua,MODIS,60,6.2,307.7,10.1,D,0
-12.5019,134.2616,324,1,1,2014-08-25,0448,Aqua,MODIS,48,6.2,309.2,5.2,D,0
-12.756,136.2735,330.8,1.2,1.1,2014-08-25,0448,Aqua,MODIS,78,6.2,306.4,23.9,D,0
-12.6765,131.7972,332.3,1.1,1,2014-08-25,0448,Aqua,MODIS,68,6.2,310.8,18.9,D,0
-12.5474,135.8293,342,1.1,1.1,2014-08-25,0448,Aqua,MODIS,89,6.2,306.7,40.8,D,0
-12.3557,135.3227,326.7,1.1,1,2014-08-25,0448,Aqua,MODIS,57,6.2,304.7,14.3,D,0
-12.6915,131.8059,332.8,1.1,1,2014-08-25,0448,Aqua,MODIS,56,6.2,311.4,19.2,D,0
-12.5648,135.4561,330.4,1.1,1,2014-08-25,0448,Aqua,MODIS,78,6.2,309.7,15.7,D,0
-12.0288,134.2915,326.8,1,1,2014-08-25,0448,Aqua,MODIS,57,6.2,308.5,12,D,0
-12.3977,133.7726,333.7,1,1,2014-08-25,0448,Aqua,MODIS,79,6.2,303.4,22.2,D,0
-13.2942,135.3774,335.2,1.1,1,2014-08-25,0448,Aqua,MODIS,82,6.2,306.4,24.3,D,0
-12.5801,136.0235,328.8,1.2,1.1,2014-08-25,0448,Aqua,MODIS,75,6.2,308.3,19.4,D,0
-12.4013,134.8223,332.9,1,1,2014-08-25,0448,Aqua,MODIS,79,6.2,309.1,16.3,D,0
-14.6217,134.4904,341.2,1,1,2014-08-25,0448,Aqua,MODIS,52,6.2,317.1,25.7,D,0
-12.3068,135.4581,360,1.1,1,2014-08-25,0448,Aqua,MODIS,100,6.2,311.2,81,D,0
-12.6822,131.8046,336.2,1.1,1,2014-08-25,0448,Aqua,MODIS,81,6.2,310.9,25.6,D,0
-12.7896,131.3647,340.5,1.1,1.1,2014-08-25,0448,Aqua,MODIS,71,6.2,313.8,30.3,D,0
-12.7446,136.2828,323.7,1.2,1.1,2014-08-25,0448,Aqua,MODIS,44,6.2,306.5,12.4,D,0
-14.6014,135.0723,325.9,1,1,2014-08-25,0448,Aqua,MODIS,65,6.2,312.9,10.8,D,0
-14.5629,135.0177,327.4,1,1,2014-08-25,0448,Aqua,MODIS,30,6.2,313.6,10.5,D,0
-14.3511,135.0788,326.4,1,1,2014-08-25,0448,Aqua,MODIS,29,6.2,312.5,8,D,0
-12.0476,133.6484,343.6,1,1,2014-08-25,0448,Aqua,MODIS,81,6.2,313.3,33.9,D,0
-13.1503,135.1727,342.7,1.1,1,2014-08-25,0448,Aqua,MODIS,89,6.2,309.2,37.6,D,0
-12.7088,131.8185,334.9,1.1,1,2014-08-25,0448,Aqua,MODIS,79,6.2,311.4,22.2,D,0
-12.7463,136.2719,343.9,1.2,1.1,2014-08-25,0448,Aqua,MODIS,90,6.2,307.9,49.2,D,0
-13.1595,135.1742,344.8,1.1,1,2014-08-25,0448,Aqua,MODIS,91,6.2,310.6,42,D,0
-12.3455,135.7531,325.9,1.1,1.1,2014-08-25,0448,Aqua,MODIS,49,6.2,308.9,12.2,D,0
-12.8356,136.3605,325.1,1.2,1.1,2014-08-25,0448,Aqua,MODIS,68,6.2,306.7,15.5,D,0
-13.2757,135.3744,343.3,1.1,1,2014-08-25,0448,Aqua,MODIS,89,6.2,308.6,39.1,D,0
-11.8239,133.159,328.5,1,1,2014-08-25,0448,Aqua,MODIS,59,6.2,308.5,11.7,D,0
-13.2666,135.3864,324.4,1.1,1,2014-08-25,0448,Aqua,MODIS,47,6.2,309.4,10,D,0
-14.2458,134.9236,326.1,1,1,2014-08-25,0448,Aqua,MODIS,67,6.2,312.5,9.6,D,0
-12.1731,134.3735,328.4,1,1,2014-08-25,0448,Aqua,MODIS,47,6.2,307.9,11.8,D,0
-13.2559,135.3947,379.9,1.1,1,2014-08-25,0448,Aqua,MODIS,100,6.2,312.7,155.3,D,0
-12.1634,133.486,329.3,1,1,2014-08-25,0448,Aqua,MODIS,46,6.2,311.9,11,D,0
-12.7279,135.9406,412.4,1.1,1.1,2014-08-25,0448,Aqua,MODIS,100,6.2,318,396.7,D,0
-12.1654,134.3628,348.4,1,1,2014-08-25,0448,Aqua,MODIS,93,6.2,307.6,47.2,D,0
-12.9176,134.8131,367.7,1,1,2014-08-25,0448,Aqua,MODIS,100,6.2,316.9,97.8,D,0
-12.4331,131.499,322.3,1.1,1.1,2014-08-25,0448,Aqua,MODIS,40,6.2,304.9,8.9,D,0
-12.4541,133.769,365.9,1,1,2014-08-25,0448,Aqua,MODIS,100,6.2,310.5,90.6,D,0
-12.3743,135.4342,329.8,1.1,1,2014-08-25,0448,Aqua,MODIS,34,6.2,307.9,13.2,D,0
-13.2574,135.3849,330.9,1.1,1,2014-08-25,0448,Aqua,MODIS,77,6.2,308.5,18.5,D,0
-12.3921,134.8208,333.3,1,1,2014-08-25,0448,Aqua,MODIS,78,6.2,307.8,18.3,D,0
-12.9099,134.8022,338.7,1,1,2014-08-25,0448,Aqua,MODIS,86,6.2,312.4,25.4,D,0
-11.9241,133.6802,330.9,1,1,2014-08-25,0448,Aqua,MODIS,48,6.2,311.2,14.3,D,0
-12.0862,134.1448,335.6,1,1,2014-08-25,0448,Aqua,MODIS,73,6.2,307.3,21.4,D,0
-12.2003,134.3776,331.9,1,1,2014-08-25,0448,Aqua,MODIS,77,6.2,308.7,14.8,D,0
-12.9162,134.8226,332.2,1,1,2014-08-25,0448,Aqua,MODIS,77,6.2,310,16.5,D,0
-12.1822,134.3748,327.8,1,1,2014-08-25,0448,Aqua,MODIS,64,6.2,308.3,10.8,D,0
-12.5044,135.1768,329.5,1.1,1,2014-08-25,0448,Aqua,MODIS,51,6.2,306.8,13.1,D,0
-12.4411,131.5105,322,1.1,1,2014-08-25,0448,Aqua,MODIS,39,6.2,305.9,10.2,D,0
-12.9046,136.31,320.5,1.2,1.1,2014-08-25,0448,Aqua,MODIS,54,6.2,301.1,10.1,D,0
-12.3498,135.3625,327.2,1.1,1,2014-08-25,0448,Aqua,MODIS,61,6.2,307.8,14.7,D,0
-14.6127,134.489,349.1,1,1,2014-08-25,0448,Aqua,MODIS,88,6.2,312.2,42.3,D,0
-12.3765,136.8201,322.6,1.3,1.1,2014-08-25,0448,Aqua,MODIS,67,6.2,302.1,17.3,D,0
-11.7931,133.1824,325.2,1,1,2014-08-25,0448,Aqua,MODIS,35,6.2,308.2,7.6,D,0
-12.8894,134.7641,368.8,1,1,2014-08-25,0448,Aqua,MODIS,100,6.2,313.5,101,D,0
-12.5098,131.1031,331,1.2,1.1,2014-08-25,0448,Aqua,MODIS,77,6.2,313.6,18.9,D,0
-12.4039,133.7988,325,1,1,2014-08-25,0448,Aqua,MODIS,55,6.2,301.1,10.7,D,0
-12.3173,134.4557,347.2,1,1,2014-08-25,0448,Aqua,MODIS,92,6.2,308.6,44.2,D,0
-12.7202,135.2834,329.7,1.1,1,2014-08-25,0448,Aqua,MODIS,52,6.2,308.7,13.2,D,0
-12.4639,131.5192,366.4,1.1,1,2014-08-25,0448,Aqua,MODIS,100,6.2,308.2,110,D,0
-12.449,135.5447,325.9,1.1,1,2014-08-25,0448,Aqua,MODIS,48,6.2,310.4,10.3,D,0
-12.51,135.5233,348.6,1.1,1,2014-08-25,0448,Aqua,MODIS,93,6.2,310.7,55,D,0
-12.4131,133.7347,336.5,1,1,2014-08-25,0448,Aqua,MODIS,78,6.2,305.9,24.7,D,0
-12.3942,135.3658,337.3,1.1,1,2014-08-25,0448,Aqua,MODIS,84,6.2,309.8,24.8,D,0
-12.0269,134.1774,336,1,1,2014-08-25,0448,Aqua,MODIS,61,6.2,307.4,21.6,D,0
-13.2544,135.4044,374.9,1.1,1,2014-08-25,0448,Aqua,MODIS,100,6.2,311,134,D,0
-13.1182,135.1974,328.4,1.1,1,2014-08-25,0448,Aqua,MODIS,71,6.2,309.2,13.3,D,0
-12.4886,134.099,329.3,1,1,2014-08-25,0448,Aqua,MODIS,73,6.2,306.7,14,D,0
-12.4584,131.5597,321.5,1.1,1,2014-08-25,0448,Aqua,MODIS,42,6.2,306.3,11.6,D,0
-12.5952,134.3204,328.8,1,1,2014-08-25,0448,Aqua,MODIS,73,6.2,309.6,12.6,D,0
-12.4539,135.0933,328.4,1.1,1,2014-08-25,0448,Aqua,MODIS,42,6.2,309.8,13,D,0
-12.33,134.4959,328.7,1,1,2014-08-25,0448,Aqua,MODIS,73,6.2,308.4,14.3,D,0
-12.4554,133.7598,362.7,1,1,2014-08-25,0448,Aqua,MODIS,100,6.2,307.3,81.7,D,0
-12.3785,135.343,336,1.1,1,2014-08-25,0448,Aqua,MODIS,83,6.2,307.9,23.7,D,0
-12.708,135.3017,333.2,1.1,1,2014-08-25,0448,Aqua,MODIS,39,6.2,308.9,18.6,D,0
-12.6219,134.3208,327.2,1,1,2014-08-25,0448,Aqua,MODIS,70,6.2,308.6,10.3,D,0
-12.1206,133.1372,328.3,1,1,2014-08-25,0448,Aqua,MODIS,56,6.2,313.3,7.9,D,0
-13.39,132.4142,350.6,1,1,2014-08-25,0448,Aqua,MODIS,94,6.2,311.8,51.1,D,0
-15.3246,133.0388,328.1,1,1,2014-08-25,0448,Aqua,MODIS,70,6.2,315.5,7.9,D,0
-15.3651,133.0015,332.2,1,1,2014-08-25,0448,Aqua,MODIS,73,6.2,316.5,10.6,D,0
-12.1733,132.9643,337.9,1,1,2014-08-25,0448,Aqua,MODIS,79,6.2,312.1,24.7,D,0
-12.1643,132.963,343.2,1,1,2014-08-25,0448,Aqua,MODIS,88,6.2,313.5,32.2,D,0
-13.7511,132.3236,330.7,1.1,1,2014-08-25,0448,Aqua,MODIS,48,6.2,313.2,13.5,D,0
-12.3305,136.8492,327.2,1.3,1.1,2014-08-25,0448,Aqua,MODIS,75,6.2,301.2,23.9,D,0
-12.3842,135.2425,324.8,1.1,1,2014-08-25,0448,Aqua,MODIS,55,6.2,309.6,7,D,0
-13.6154,132.1114,328.1,1.1,1,2014-08-25,0448,Aqua,MODIS,39,6.2,313.9,6.8,D,0
-15.2985,133.0251,328.8,1,1,2014-08-25,0448,Aqua,MODIS,71,6.2,315.5,9.7,D,0
-15.2854,133.0525,367.9,1,1,2014-08-25,0448,Aqua,MODIS,100,6.2,313.4,94.4,D,0
-13.4232,132.3104,335.8,1.1,1,2014-08-25,0448,Aqua,MODIS,53,6.2,313.7,20.1,D,0
-13.4245,132.3007,368.3,1.1,1,2014-08-25,0448,Aqua,MODIS,100,6.2,315.9,98.7,D,0
-13.4259,132.291,353.6,1.1,1,2014-08-25,0448,Aqua,MODIS,96,6.2,314,56,D,0
-13.414,132.3091,333.9,1.1,1,2014-08-25,0448,Aqua,MODIS,37,6.2,311.9,18.2,D,0
-13.4061,132.298,331,1.1,1,2014-08-25,0448,Aqua,MODIS,35,6.2,310.8,13.7,D,0
-12.819,132.6226,333,1,1,2014-08-25,0448,Aqua,MODIS,53,6.2,313.4,13.9,D,0
-12.8176,132.632,339.9,1,1,2014-08-25,0448,Aqua,MODIS,84,6.2,312.8,25,D,0
-13.9297,136.5072,326.5,1.2,1.1,2014-08-25,0448,Aqua,MODIS,74,6.2,305,18.8,D,0
-12.8267,132.6333,331.1,1,1,2014-08-25,0448,Aqua,MODIS,43,6.2,311.9,10.6,D,0
-12.3567,135.2519,331,1.1,1,2014-08-25,0448,Aqua,MODIS,69,6.2,308.8,16.6,D,0
-14.1334,132.2133,329.9,1.1,1,2014-08-25,0448,Aqua,MODIS,67,6.2,314.3,14.1,D,0
-12.29,135.0851,329.9,1.1,1,2014-08-25,0448,Aqua,MODIS,72,6.2,306.2,15.6,D,0
-12.1879,134.767,324.8,1,1,2014-08-25,0448,Aqua,MODIS,56,6.2,306.1,11.1,D,0
-12.2807,135.0836,326.6,1.1,1,2014-08-25,0448,Aqua,MODIS,70,6.2,308.2,12.2,D,0
-12.1893,134.7574,325,1,1,2014-08-25,0448,Aqua,MODIS,43,6.2,308.1,10.8,D,0
-12.1907,134.7479,335.4,1,1,2014-08-25,0448,Aqua,MODIS,80,6.2,308.3,24.1,D,0
-14.1241,132.212,328.3,1.1,1,2014-08-25,0448,Aqua,MODIS,62,6.2,312.9,11.8,D,0
-14.0205,136.4336,324.1,1.2,1.1,2014-08-25,0448,Aqua,MODIS,60,6.2,306.7,14.1,D,0
-15.2867,133.0429,358.3,1,1,2014-08-25,0448,Aqua,MODIS,99,6.2,315.5,64.3,D,0
-13.6247,132.1128,327.8,1.1,1,2014-08-25,0448,Aqua,MODIS,48,6.2,312.6,6.7,D,0
-13.6244,134.5818,336.3,1,1,2014-08-25,0448,Aqua,MODIS,82,6.2,311.4,21.2,D,0
-14.5184,133.2172,339.7,1,1,2014-08-25,0448,Aqua,MODIS,85,6.2,315.7,23.8,D,0
-15.3102,133.0757,336,1,1,2014-08-25,0448,Aqua,MODIS,73,6.2,315.5,20.1,D,0
-15.301,133.0743,344.1,1,1,2014-08-25,0448,Aqua,MODIS,89,6.2,313.4,34.5,D,0
-15.3024,133.0647,334.7,1,1,2014-08-25,0448,Aqua,MODIS,46,6.2,314.5,16.7,D,0
-15.2763,133.0511,348.3,1,1,2014-08-25,0448,Aqua,MODIS,93,6.2,311.1,42.8,D,0
-15.2776,133.0416,405.1,1,1,2014-08-25,0448,Aqua,MODIS,100,6.2,317.8,279,D,0
-15.2789,133.032,368,1,1,2014-08-25,0448,Aqua,MODIS,100,6.2,313.5,95.5,D,0
-15.2685,133.0402,336.2,1,1,2014-08-25,0448,Aqua,MODIS,70,6.2,310.4,22.9,D,0
-15.2698,133.0306,372.6,1,1,2014-08-25,0448,Aqua,MODIS,100,6.2,311.9,114.7,D,0
-15.2711,133.021,350.6,1,1,2014-08-25,0448,Aqua,MODIS,94,6.2,308.3,49.8,D,0
-15.2636,133.0133,334.8,1,1,2014-08-25,0448,Aqua,MODIS,62,6.2,306.7,21,D,0
-15.2545,133.0119,351.7,1,1,2014-08-25,0448,Aqua,MODIS,95,6.2,307,52.6,D,0
-15.2558,133.0023,403.6,1,1,2014-08-25,0448,Aqua,MODIS,100,6.2,318.5,273,D,0
-15.2467,133.001,361.1,1,1,2014-08-25,0448,Aqua,MODIS,100,6.2,307,79.5,D,0
-13.9655,135.8101,319.6,1.1,1,2014-08-25,0448,Aqua,MODIS,52,6.2,305.2,9.2,D,0
-13.0577,132.4828,356.6,1,1,2014-08-25,0448,Aqua,MODIS,98,6.2,313.5,61.4,D,0
-13.059,132.4733,333.2,1,1,2014-08-25,0448,Aqua,MODIS,47,6.2,315.1,13.7,D,0
-13.0499,132.4719,338,1,1,2014-08-25,0448,Aqua,MODIS,75,6.2,313.3,22.1,D,0
-13.7438,136.6448,322.3,1.2,1.1,2014-08-25,0448,Aqua,MODIS,56,6.2,304.1,13.6,D,0
-13.7536,136.6464,327.2,1.2,1.1,2014-08-25,0448,Aqua,MODIS,56,6.2,304.7,20.2,D,0
-13.0434,132.4653,329,1,1,2014-08-25,0448,Aqua,MODIS,62,6.2,312.3,11,D,0
-13.4198,132.4532,334.7,1,1,2014-08-25,0448,Aqua,MODIS,70,6.2,311.4,19.1,D,0
-13.4044,132.4454,330.4,1,1,2014-08-25,0448,Aqua,MODIS,50,6.2,310.4,13.3,D,0
-13.901,136.553,321.5,1.2,1.1,2014-08-25,0448,Aqua,MODIS,31,6.2,306.9,9.3,D,0
-13.9107,136.5546,338.6,1.2,1.1,2014-08-25,0448,Aqua,MODIS,87,6.2,307.2,37.9,D,0
-12.305,134.7917,330.2,1,1,2014-08-25,0448,Aqua,MODIS,76,6.2,308.3,16.6,D,0
-11.8114,132.9237,326.6,1,1,2014-08-25,0448,Aqua,MODIS,22,6.2,308.2,8.6,D,0
-12.2753,135.4121,334.3,1.1,1,2014-08-25,0448,Aqua,MODIS,77,6.2,305.6,27,D,0
-12.2847,135.4135,340.4,1.1,1,2014-08-25,0448,Aqua,MODIS,70,6.2,309.4,33.6,D,0
-12.3893,134.8399,334,1,1,2014-08-25,0448,Aqua,MODIS,80,6.2,307.1,20.4,D,0
-12.8531,132.6334,335.9,1,1,2014-08-25,0448,Aqua,MODIS,81,6.2,314.9,20.4,D,0
-12.8518,132.6428,336.6,1,1,2014-08-25,0448,Aqua,MODIS,82,6.2,312.5,21.3,D,0
-15.2777,132.9731,330.5,1,1,2014-08-25,0448,Aqua,MODIS,65,6.2,313.8,15.2,D,0
-15.2665,132.9256,334.8,1,1,2014-08-25,0448,Aqua,MODIS,52,6.2,313.4,20.3,D,0
-12.8358,132.6347,332.7,1,1,2014-08-25,0448,Aqua,MODIS,31,6.2,313.3,12.6,D,0
-15.2678,132.9159,333.5,1,1,2014-08-25,0448,Aqua,MODIS,59,6.2,313.3,18.9,D,0
-12.2795,132.6687,327.7,1,1,2014-08-25,0448,Aqua,MODIS,64,6.2,312.9,7.2,D,0
-12.844,132.632,337.4,1,1,2014-08-25,0448,Aqua,MODIS,70,6.2,315.3,21.2,D,0
-12.8427,132.6414,334.4,1,1,2014-08-25,0448,Aqua,MODIS,54,6.2,312.7,16.5,D,0
-14.2088,136.4947,320.1,1.2,1.1,2014-08-25,0448,Aqua,MODIS,60,6.2,302.7,12.8,D,0
-12.0322,134.7012,332.6,1,1,2014-08-25,0448,Aqua,MODIS,63,6.2,308.6,18.2,D,0
-14.2202,136.4855,326.7,1.2,1.1,2014-08-25,0448,Aqua,MODIS,0,6.2,303.5,19.2,D,0
-12.0308,134.7107,330.3,1,1,2014-08-25,0448,Aqua,MODIS,54,6.2,304.3,15,D,0
-12.04,134.7121,331.7,1,1,2014-08-25,0448,Aqua,MODIS,60,6.2,305.4,17.1,D,0
-14.2185,136.4963,349.5,1.2,1.1,2014-08-25,0448,Aqua,MODIS,71,6.2,305.5,66.8,D,0
-13.0669,132.4842,343.7,1,1,2014-08-25,0448,Aqua,MODIS,89,6.2,313.1,31.9,D,0
-13.967,135.8,324.6,1.1,1,2014-08-25,0448,Aqua,MODIS,69,6.2,305.1,15,D,0
-15.2919,133.0729,337.1,1,1,2014-08-25,0448,Aqua,MODIS,66,6.2,312,22.6,D,0
-12.2768,134.8557,323.9,1,1,2014-08-25,0448,Aqua,MODIS,54,6.2,301.4,12.9,D,0
-12.2874,134.8476,326.2,1,1,2014-08-25,0448,Aqua,MODIS,58,6.2,305.3,13.8,D,0
-12.286,134.8571,353.7,1,1,2014-08-25,0448,Aqua,MODIS,96,6.2,307.2,64.1,D,0
-13.5834,131.6694,326.3,1.1,1.1,2014-08-25,0448,Aqua,MODIS,65,6.2,311.8,9.3,D,0
-13.5848,131.6592,329.4,1.1,1.1,2014-08-25,0448,Aqua,MODIS,72,6.2,312.8,13.9,D,0
-13.5,132.3472,332.5,1.1,1,2014-08-25,0448,Aqua,MODIS,68,6.2,311.7,17.1,D,0
-12.3028,136.5633,324.1,1.3,1.1,2014-08-25,0448,Aqua,MODIS,70,6.2,292.9,19.5,D,0
-12.3858,134.8003,324.2,1,1,2014-08-25,0448,Aqua,MODIS,34,6.2,309.7,7,D,0
-12.3844,134.8099,357.6,1,1,2014-08-25,0448,Aqua,MODIS,98,6.2,310.4,68.5,D,0
-13.4466,134.2858,331.5,1,1,2014-08-25,0448,Aqua,MODIS,73,6.2,312.1,15.2,D,0
-13.4479,134.2766,330.8,1,1,2014-08-25,0448,Aqua,MODIS,73,6.2,312.2,13.5,D,0
-12.3935,134.8113,336.4,1,1,2014-08-25,0448,Aqua,MODIS,83,6.2,309.6,22.3,D,0
-13.5096,134.2956,327.5,1,1,2014-08-25,0448,Aqua,MODIS,45,6.2,310,9.7,D,0
-12.3926,135.1235,326.3,1.1,1,2014-08-25,0448,Aqua,MODIS,56,6.2,308.2,10.7,D,0
-13.4993,134.3034,327.3,1,1,2014-08-25,0448,Aqua,MODIS,44,6.2,309.2,10.3,D,0
-12.3036,134.8012,338.6,1,1,2014-08-25,0448,Aqua,MODIS,86,6.2,307.7,29.9,D,0
-13.8946,136.5294,326.6,1.2,1.1,2014-08-25,0448,Aqua,MODIS,73,6.2,306.1,17.6,D,0
-13.8929,136.5404,320.8,1.2,1.1,2014-08-25,0448,Aqua,MODIS,29,6.2,307.3,9.2,D,0
-13.9027,136.542,327.7,1.2,1.1,2014-08-25,0448,Aqua,MODIS,76,6.2,306.2,19,D,0
-12.3053,135.4682,365,1.1,1,2014-08-25,0448,Aqua,MODIS,100,6.2,310,98.8,D,0
-12.3286,136.861,326.9,1.3,1.1,2014-08-25,0448,Aqua,MODIS,72,6.2,300.7,22.9,D,0
-12.3147,135.4697,336,1.1,1,2014-08-25,0448,Aqua,MODIS,46,6.2,309.3,24.6,D,0
-12.3979,135.4689,325.9,1.1,1,2014-08-25,0448,Aqua,MODIS,22,6.2,310.1,9.8,D,0
-12.3886,135.4673,340.7,1.1,1,2014-08-25,0448,Aqua,MODIS,87,6.2,311.3,33.4,D,0
-12.3792,135.4659,365.1,1.1,1,2014-08-25,0448,Aqua,MODIS,100,6.2,310.9,97.3,D,0
-12.3807,135.4558,342.1,1.1,1,2014-08-25,0448,Aqua,MODIS,89,6.2,309.9,35.9,D,0
-13.4461,132.3292,333.2,1.1,1,2014-08-25,0448,Aqua,MODIS,43,6.2,313.3,16.1,D,0
-13.454,132.3403,335.4,1.1,1,2014-08-25,0448,Aqua,MODIS,45,6.2,310.1,20.1,D,0
-13.4816,132.3445,335.4,1.1,1,2014-08-25,0448,Aqua,MODIS,81,6.2,310.8,22.1,D,0
-13.4908,132.3458,330.6,1.1,1,2014-08-25,0448,Aqua,MODIS,59,6.2,309.9,14.4,D,0
-13.9313,136.4964,336.6,1.2,1.1,2014-08-25,0448,Aqua,MODIS,85,6.2,306.9,35.9,D,0
-13.9288,136.5015,335.1,1.2,1.1,2014-08-25,0448,Aqua,MODIS,84,6.2,306.5,34.3,D,0
-13.9304,136.4906,326.5,1.2,1.1,2014-08-25,0448,Aqua,MODIS,74,6.2,305.4,19.7,D,0
-15.2389,132.99,322.4,1,1,2014-08-25,0448,Aqua,MODIS,34,6.2,304.9,7.7,D,0
-13.5928,134.4817,344.7,1,1,2014-08-25,0448,Aqua,MODIS,90,6.2,312.3,35.9,D,0
-11.7448,132.9353,343.7,1,1,2014-08-25,0448,Aqua,MODIS,92,6.2,307.8,36.9,D,0
-13.3887,132.4238,332.1,1,1,2014-08-25,0448,Aqua,MODIS,60,6.2,310.5,17.2,D,0
-13.3979,132.425,327.5,1,1,2014-08-25,0448,Aqua,MODIS,42,6.2,311.2,10.7,D,0
-15.248,132.9914,330.7,1,1,2014-08-25,0448,Aqua,MODIS,57,6.2,305.8,16.7,D,0
-13.6018,134.4831,347.6,1,1,2014-08-25,0448,Aqua,MODIS,92,6.2,313.3,41.3,D,0
-13.6005,134.4924,347.1,1,1,2014-08-25,0448,Aqua,MODIS,92,6.2,313.6,39.4,D,0
-13.589,134.6337,329.7,1,1,2014-08-25,0448,Aqua,MODIS,65,6.2,311.4,11.6,D,0
-13.5981,134.635,338.3,1,1,2014-08-25,0448,Aqua,MODIS,84,6.2,311.9,24,D,0
-13.6071,134.6365,336,1,1,2014-08-25,0448,Aqua,MODIS,76,6.2,312.3,20.4,D,0
-13.6131,134.5325,331.6,1,1,2014-08-25,0448,Aqua,MODIS,72,6.2,313.1,12.6,D,0
-13.4903,134.302,330.9,1,1,2014-08-25,0448,Aqua,MODIS,68,6.2,309.5,14.9,D,0
-13.4916,134.2928,327.8,1,1,2014-08-25,0448,Aqua,MODIS,43,6.2,309.7,10.6,D,0
-12.9768,132.4749,342.8,1,1,2014-08-25,0448,Aqua,MODIS,88,6.2,311.1,31.2,D,0
-12.9859,132.4763,331.6,1,1,2014-08-25,0448,Aqua,MODIS,35,6.2,312.7,13.1,D,0
-12.9951,132.4776,331.2,1,1,2014-08-25,0448,Aqua,MODIS,41,6.2,312.3,12.8,D,0
-14.2367,134.9222,324,1,1,2014-08-25,0448,Aqua,MODIS,58,6.2,311.6,7.7,D,0
-13.8545,131.2646,327.9,1.2,1.1,2014-08-25,0448,Aqua,MODIS,68,6.2,315,13,D,0
-14.1792,135.8053,330.9,1.1,1,2014-08-25,0448,Aqua,MODIS,79,6.2,307.4,22.7,D,0
-14.2192,134.9776,324,1,1,2014-08-25,0448,Aqua,MODIS,57,6.2,311.4,7.8,D,0
-14.2206,134.9681,327.1,1,1,2014-08-25,0448,Aqua,MODIS,71,6.2,313.1,11.8,D,0
-14.0108,136.432,321.2,1.2,1.1,2014-08-25,0448,Aqua,MODIS,12,6.2,305.2,8.4,D,0
-14.222,134.9586,324.3,1,1,2014-08-25,0448,Aqua,MODIS,61,6.2,312,8.2,D,0
-12.1227,135.458,323.9,1.1,1,2014-08-25,0448,Aqua,MODIS,16,6.2,299.2,12.3,D,0
-13.4289,132.4546,345.5,1,1,2014-08-25,0448,Aqua,MODIS,90,6.2,311.6,38.5,D,0
-13.4381,132.456,334.7,1,1,2014-08-25,0448,Aqua,MODIS,61,6.2,311.3,19.2,D,0
-13.4473,132.4574,337.8,1,1,2014-08-25,0448,Aqua,MODIS,68,6.2,312.2,23.9,D,0
-13.4761,132.4515,330.2,1,1,2014-08-25,0448,Aqua,MODIS,40,6.2,311.6,11.4,D,0
-15.275,133.0607,333.7,1,1,2014-08-25,0448,Aqua,MODIS,79,6.2,312.7,19.5,D,0
-15.2737,133.0702,328.9,1,1,2014-08-25,0448,Aqua,MODIS,72,6.2,312.7,13.3,D,0
-15.2841,133.062,327.9,1,1,2014-08-25,0448,Aqua,MODIS,39,6.2,311.5,10,D,0
-15.2932,133.0634,370.6,1,1,2014-08-25,0448,Aqua,MODIS,100,6.2,315.7,104.4,D,0
-15.2946,133.0538,334.8,1,1,2014-08-25,0448,Aqua,MODIS,44,6.2,312.5,15.8,D,0
-15.2972,133.0347,328,1,1,2014-08-25,0448,Aqua,MODIS,70,6.2,314.6,8.3,D,0
-11.7907,133.0048,336.8,1,1,2014-08-25,0448,Aqua,MODIS,74,6.2,311.6,21.1,D,0
-12.3203,136.8475,335.8,1.3,1.1,2014-08-25,0448,Aqua,MODIS,85,6.2,301.7,40.1,D,0
-13.8345,136.446,321.3,1.2,1.1,2014-08-25,0448,Aqua,MODIS,51,6.2,303.7,12.9,D,0
-14.1777,135.8154,322.3,1.1,1,2014-08-25,0448,Aqua,MODIS,58,6.2,306,11,D,0
-14.2655,129.7266,322.7,1.5,1.2,2014-08-25,0448,Aqua,MODIS,49,6.2,310.9,11.7,D,0
-14.3911,129.5378,323.8,1.5,1.2,2014-08-25,0448,Aqua,MODIS,50,6.2,311.2,14.6,D,0
-15.6444,128.7417,320.2,1.8,1.3,2014-08-25,0448,Aqua,MODIS,39,6.2,308.6,18.1,D,0
-12.8148,130.5637,340.2,1.2,1.1,2014-08-25,0448,Aqua,MODIS,86,6.2,313.2,37.1,D,0
-12.8133,130.5752,346,1.2,1.1,2014-08-25,0448,Aqua,MODIS,91,6.2,312.4,51.6,D,0
-14.4055,129.8944,334.8,1.4,1.2,2014-08-25,0448,Aqua,MODIS,81,6.2,314.2,32,D,0
-14.3997,129.9004,332.6,1.4,1.2,2014-08-25,0448,Aqua,MODIS,78,6.2,315.8,25.2,D,0
-14.2632,129.6568,331.6,1.5,1.2,2014-08-25,0448,Aqua,MODIS,77,6.2,312.4,28.3,D,0
-14.2615,129.6706,332.3,1.5,1.2,2014-08-25,0448,Aqua,MODIS,78,6.2,311.2,30.4,D,0
-15.2785,125.9816,330.2,2.9,1.6,2014-08-25,0448,Aqua,MODIS,78,6.2,308.5,81.3,D,0
-15.3141,130.6129,326.5,1.3,1.1,2014-08-25,0448,Aqua,MODIS,49,6.2,315.1,9.9,D,0
-12.8333,130.5779,328.2,1.2,1.1,2014-08-25,0448,Aqua,MODIS,41,6.2,310,14.6,D,0
-14.1233,129.7506,333.7,1.5,1.2,2014-08-25,0448,Aqua,MODIS,80,6.2,305.3,39.4,D,0
-14.1251,129.7371,367,1.5,1.2,2014-08-25,0448,Aqua,MODIS,100,6.2,308.7,166.1,D,0
-12.8447,130.5744,337.2,1.2,1.1,2014-08-25,0448,Aqua,MODIS,79,6.2,311.5,33,D,0
-14.4038,129.9077,328.6,1.4,1.2,2014-08-25,0448,Aqua,MODIS,72,6.2,316.3,17.7,D,0
-12.8432,130.5793,330.9,1.2,1.1,2014-08-25,0448,Aqua,MODIS,42,6.2,309.9,19.1,D,0
-12.8233,130.5765,332.5,1.2,1.1,2014-08-25,0448,Aqua,MODIS,59,6.2,310.7,21.2,D,0
-12.8851,136.3068,328.3,1.2,1.1,2014-08-25,0448,Aqua,MODIS,75,6.2,301.8,20.5,D,0
-12.6388,130.7339,334.5,1.2,1.1,2014-08-25,0448,Aqua,MODIS,53,6.2,313.9,22.4,D,0
-12.631,131.8512,337.4,1.1,1,2014-08-25,0448,Aqua,MODIS,36,6.2,312.6,23.2,D,0
-15.2253,125.7795,325.3,3,1.7,2014-08-25,0448,Aqua,MODIS,57,6.2,307.4,52.1,D,0
-15.163,125.7934,368.4,3,1.6,2014-08-25,0448,Aqua,MODIS,100,6.2,311.1,475.4,D,0
-15.2255,125.7727,327.4,3,1.7,2014-08-25,0448,Aqua,MODIS,69,6.2,307.4,64.6,D,0
-15.1638,125.7891,365.3,3,1.6,2014-08-25,0448,Aqua,MODIS,100,6.2,311,424,D,0
-12.7281,135.3417,332.9,1.1,1,2014-08-25,0448,Aqua,MODIS,80,6.2,307.3,19.7,D,0
-13.1294,135.249,326.6,1.1,1,2014-08-25,0448,Aqua,MODIS,18,6.2,309.5,9.8,D,0
-13.0401,135.4799,320.9,1.1,1,2014-08-25,0448,Aqua,MODIS,47,6.2,305.7,7.5,D,0
-13.3216,135.3214,329.1,1.1,1,2014-08-25,0448,Aqua,MODIS,69,6.2,308.2,14.8,D,0
-15.1748,125.823,327.7,3,1.6,2014-08-25,0448,Aqua,MODIS,75,6.2,308.9,57,D,0
-15.1755,125.8184,327.7,3,1.6,2014-08-25,0448,Aqua,MODIS,52,6.2,309.4,55.9,D,0
-15.1607,125.8166,334.3,3,1.6,2014-08-25,0448,Aqua,MODIS,73,6.2,307.9,96.2,D,0
-15.2756,126.0086,320.9,2.9,1.6,2014-08-25,0448,Aqua,MODIS,37,6.2,308.2,26.5,D,0
-13.271,135.7216,333.5,1.1,1,2014-08-25,0448,Aqua,MODIS,80,6.2,306.7,25.6,D,0
-12.5595,131.8454,362.9,1.1,1,2014-08-25,0448,Aqua,MODIS,100,6.2,315.4,83.6,D,0
-13.5517,133.3556,325.7,1,1,2014-08-25,0448,Aqua,MODIS,48,6.2,311.6,8,D,0
-13.535,133.3437,341,1,1,2014-08-25,0448,Aqua,MODIS,87,6.2,311.9,29.5,D,0
-13.5337,133.3529,353.4,1,1,2014-08-25,0448,Aqua,MODIS,96,6.2,313.2,53.3,D,0
-13.1589,134.298,329.6,1,1,2014-08-25,0448,Aqua,MODIS,74,6.2,309.4,14,D,0
-13.5427,133.3542,327.1,1,1,2014-08-25,0448,Aqua,MODIS,49,6.2,312.9,9.8,D,0
-13.5235,135.4567,326.2,1.1,1,2014-08-25,0448,Aqua,MODIS,68,6.2,306.9,13.5,D,0
-13.5313,135.468,328.2,1.1,1,2014-08-25,0448,Aqua,MODIS,65,6.2,308.5,15.8,D,0
-13.522,135.4666,322.4,1.1,1,2014-08-25,0448,Aqua,MODIS,38,6.2,306.9,8.8,D,0
-12.6148,131.9691,327.3,1.1,1,2014-08-25,0448,Aqua,MODIS,66,6.2,313.8,6.5,D,0
-13.0399,135.9033,324.3,1.1,1.1,2014-08-25,0448,Aqua,MODIS,67,6.2,306.1,13.1,D,0
-13.2763,135.8797,326.6,1.1,1.1,2014-08-25,0448,Aqua,MODIS,17,6.2,306.4,14.2,D,0
-12.7479,136.261,338.9,1.2,1.1,2014-08-25,0448,Aqua,MODIS,86,6.2,307.2,37.7,D,0
-13.2683,135.8679,336.8,1.1,1.1,2014-08-25,0448,Aqua,MODIS,73,6.2,305.9,27.1,D,0
-13.1372,135.2602,328.7,1.1,1,2014-08-25,0448,Aqua,MODIS,39,6.2,308.8,13.8,D,0
-13.1173,134.3997,341.2,1,1,2014-08-25,0448,Aqua,MODIS,87,6.2,311,29.3,D,0
-13.2855,135.818,322.4,1.1,1.1,2014-08-25,0448,Aqua,MODIS,36,6.2,304.9,9.7,D,0
-12.7296,135.3318,328.7,1.1,1,2014-08-25,0448,Aqua,MODIS,72,6.2,309.9,13.3,D,0
-13.2668,135.8782,336.8,1.1,1.1,2014-08-25,0448,Aqua,MODIS,0,6.2,307.9,27.8,D,0
-12.6137,131.8387,342.7,1.1,1,2014-08-25,0448,Aqua,MODIS,79,6.2,311.8,33.8,D,0
-12.6311,131.7806,331.3,1.1,1,2014-08-25,0448,Aqua,MODIS,28,6.2,311.8,17.4,D,0
-13.3386,135.3342,330.4,1.1,1,2014-08-25,0448,Aqua,MODIS,68,6.2,309.3,16.6,D,0
-13.3372,135.3441,336.9,1.1,1,2014-08-25,0448,Aqua,MODIS,84,6.2,307.7,26.9,D,0
-13.5131,133.3686,324.9,1,1,2014-08-25,0448,Aqua,MODIS,57,6.2,311.9,8,D,0
-12.7222,135.3342,329.8,1.1,1,2014-08-25,0448,Aqua,MODIS,77,6.2,307.6,17.2,D,0
-12.6484,131.7932,333.6,1.1,1,2014-08-25,0448,Aqua,MODIS,35,6.2,310.2,19.9,D,0
-13.2647,135.6998,332.5,1.1,1,2014-08-25,0448,Aqua,MODIS,79,6.2,304.8,23.4,D,0
-12.5688,131.8467,343.3,1.1,1,2014-08-25,0448,Aqua,MODIS,89,6.2,316.6,35.4,D,0
-13.3221,135.3817,326.6,1.1,1,2014-08-25,0448,Aqua,MODIS,70,6.2,307.9,13.5,D,0
-12.5674,131.8565,338.3,1.1,1,2014-08-25,0448,Aqua,MODIS,79,6.2,312.9,26.1,D,0
-13.2883,135.7348,331.2,1.1,1,2014-08-25,0448,Aqua,MODIS,69,6.2,308.4,20.5,D,0
-12.8073,131.3778,335.6,1.1,1.1,2014-08-25,0448,Aqua,MODIS,76,6.2,313.5,20.5,D,0
-12.8034,135.5739,329.6,1.1,1,2014-08-25,0448,Aqua,MODIS,76,6.2,307.5,18.7,D,0
-13.3206,135.3915,336.6,1.1,1,2014-08-25,0448,Aqua,MODIS,84,6.2,308.5,28.8,D,0
-13.2962,135.7465,327.3,1.1,1.1,2014-08-25,0448,Aqua,MODIS,72,6.2,308.4,16.2,D,0
-12.6218,131.7792,347.6,1.1,1,2014-08-25,0448,Aqua,MODIS,92,6.2,312.3,47.4,D,0
-12.6151,131.8288,338.9,1.1,1,2014-08-25,0448,Aqua,MODIS,73,6.2,308.4,28.9,D,0
-12.8145,135.1447,326.8,1.1,1,2014-08-25,0448,Aqua,MODIS,67,6.2,311.3,10.1,D,0
-13.3201,135.3312,325.7,1.1,1,2014-08-25,0448,Aqua,MODIS,52,6.2,306.2,10.9,D,0
-12.9754,131.2753,325.8,1.1,1.1,2014-08-25,0448,Aqua,MODIS,17,6.2,311.6,7.9,D,0
-12.5938,131.7751,328.5,1.1,1,2014-08-25,0448,Aqua,MODIS,41,6.2,308.9,14.3,D,0
-13.3128,135.3803,334.6,1.1,1,2014-08-25,0448,Aqua,MODIS,81,6.2,307.7,23.2,D,0
-13.282,135.713,340.9,1.1,1,2014-08-25,0448,Aqua,MODIS,88,6.2,307.5,38.1,D,0
-13.3779,135.3662,326.2,1.1,1,2014-08-25,0448,Aqua,MODIS,65,6.2,308.8,12.1,D,0
-12.6532,131.9647,329.7,1.1,1,2014-08-25,0448,Aqua,MODIS,63,6.2,314,8.9,D,0
-12.6608,131.9623,333.8,1.1,1,2014-08-25,0448,Aqua,MODIS,74,6.2,314.1,14.9,D,0
-13.2804,135.7231,360.4,1.1,1,2014-08-25,0448,Aqua,MODIS,100,6.2,309.5,87,D,0
-12.5849,131.7986,335.3,1.1,1,2014-08-25,0448,Aqua,MODIS,69,6.2,311.6,20.9,D,0
-12.5863,131.7887,332.7,1.1,1,2014-08-25,0448,Aqua,MODIS,36,6.2,309.7,16.2,D,0
-14.6363,132.7017,334.5,1,1,2014-08-25,0448,Aqua,MODIS,79,6.2,313.5,20,D,0
-14.5093,133.2159,343.4,1,1,2014-08-25,0448,Aqua,MODIS,51,6.2,318,27.6,D,0
-14.5106,133.2065,345.2,1,1,2014-08-25,0448,Aqua,MODIS,90,6.2,316,33.1,D,0
-14.5119,133.1971,329.7,1,1,2014-08-25,0448,Aqua,MODIS,36,6.2,313.3,9.6,D,0
-14.5024,133.1989,344.4,1,1,2014-08-25,0448,Aqua,MODIS,73,6.2,316.9,32.4,D,0
-14.5037,133.1895,364.1,1,1,2014-08-25,0448,Aqua,MODIS,100,6.2,317.7,81.8,D,0
-14.4894,133.2256,333.1,1,1,2014-08-25,0448,Aqua,MODIS,59,6.2,316.3,14.9,D,0
-14.492,133.2069,346.9,1,1,2014-08-25,0448,Aqua,MODIS,82,6.2,317.7,36.9,D,0
-14.4933,133.1975,349.3,1,1,2014-08-25,0448,Aqua,MODIS,93,6.2,315.8,43.6,D,0
-14.4946,133.1882,332,1,1,2014-08-25,0448,Aqua,MODIS,71,6.2,313.7,15,D,0
-14.4817,133.2149,337.7,1,1,2014-08-25,0448,Aqua,MODIS,51,6.2,314,19.8,D,0
-14.483,133.2055,344.9,1,1,2014-08-25,0448,Aqua,MODIS,75,6.2,314.8,32.7,D,0
-12.5299,131.9909,338.1,1.1,1,2014-08-25,0448,Aqua,MODIS,72,6.2,309.7,28,D,0
-12.8844,134.7344,354.5,1,1,2014-08-25,0448,Aqua,MODIS,97,6.2,313.5,59.8,D,0
-12.5313,131.9812,333.4,1.1,1,2014-08-25,0448,Aqua,MODIS,57,6.2,313.6,18.1,D,0
-12.5207,131.9895,350.7,1.1,1,2014-08-25,0448,Aqua,MODIS,94,6.2,313.3,52.7,D,0
-15.0851,134.8518,387.1,1,1,2014-08-25,0448,Aqua,MODIS,100,6.2,315,169.9,D,0
-15.0955,134.8439,348.1,1,1,2014-08-25,0448,Aqua,MODIS,92,6.2,318.4,39.7,D,0
-15.0941,134.8532,363.2,1,1,2014-08-25,0448,Aqua,MODIS,100,6.2,317.2,78.3,D,0
-15.0865,134.8424,413,1,1,2014-08-25,0448,Aqua,MODIS,100,6.2,326.8,327.5,D,0
-13.1221,135.5511,321.5,1.1,1,2014-08-25,0448,Aqua,MODIS,34,6.2,306.9,7.6,D,0
-12.6398,130.7406,336.8,1.2,1.1,2014-08-25,0448,Aqua,MODIS,68,6.2,313.4,25.8,D,0
-12.577,131.7874,357.4,1.1,1,2014-08-25,0448,Aqua,MODIS,93,6.2,313.6,70.7,D,0
-13.2796,135.5375,322.7,1.1,1,2014-08-25,0448,Aqua,MODIS,57,6.2,306.8,9.8,D,0
-13.2515,135.4241,332.7,1.1,1,2014-08-25,0448,Aqua,MODIS,80,6.2,307.2,22.5,D,0
-13.1263,134.4012,331.9,1,1,2014-08-25,0448,Aqua,MODIS,78,6.2,312,16.4,D,0
-13.4376,134.2845,329.3,1,1,2014-08-25,0448,Aqua,MODIS,35,6.2,310.9,11.9,D,0
-13.2003,136.0593,325,1.1,1.1,2014-08-25,0448,Aqua,MODIS,64,6.2,303.6,16.1,D,0
-13.2019,136.0488,324.4,1.1,1.1,2014-08-25,0448,Aqua,MODIS,66,6.2,304.3,15.5,D,0
-13.1501,134.3005,332.7,1,1,2014-08-25,0448,Aqua,MODIS,78,6.2,311.2,18.2,D,0
-13.1515,134.2913,326.8,1,1,2014-08-25,0448,Aqua,MODIS,68,6.2,309.6,10.8,D,0
-13.0592,134.8613,333,1,1,2014-08-25,0448,Aqua,MODIS,80,6.2,310.4,18,D,0
-13.05,134.8599,340.3,1,1,2014-08-25,0448,Aqua,MODIS,87,6.2,311.4,30.7,D,0
-13.0409,134.8585,322.8,1,1,2014-08-25,0448,Aqua,MODIS,43,6.2,308.7,6.2,D,0
-12.5715,131.8269,334.7,1.1,1,2014-08-25,0448,Aqua,MODIS,68,6.2,311.5,20,D,0
-12.8831,134.7438,348.4,1,1,2014-08-25,0448,Aqua,MODIS,93,6.2,311.4,45.7,D,0
-13.0304,135.9017,324.9,1.1,1.1,2014-08-25,0448,Aqua,MODIS,68,6.2,305.9,14.5,D,0
-12.5729,131.817,334,1.1,1,2014-08-25,0448,Aqua,MODIS,56,6.2,312,19,D,0
-12.6305,130.7214,331.2,1.2,1.1,2014-08-25,0448,Aqua,MODIS,46,6.2,312.7,18.1,D,0
-12.0231,134.6998,328.7,1,1,2014-08-25,0448,Aqua,MODIS,53,6.2,308.9,13.5,D,0
-12.3405,135.361,342.1,1.1,1,2014-08-25,0448,Aqua,MODIS,88,6.2,304.9,39.4,D,0
-12.342,135.351,382.9,1.1,1,2014-08-25,0448,Aqua,MODIS,100,6.2,309.2,173.9,D,0
-12.4099,135.3888,326.7,1.1,1,2014-08-25,0448,Aqua,MODIS,29,6.2,307.6,9.1,D,0
-12.3958,135.7035,332.6,1.1,1.1,2014-08-25,0448,Aqua,MODIS,80,6.2,303.7,26.1,D,0
-12.5079,132.6728,350.3,1,1,2014-08-25,0448,Aqua,MODIS,94,6.2,312.6,46.2,D,0
-13.2826,135.5175,327.5,1.1,1,2014-08-25,0448,Aqua,MODIS,66,6.2,307,14.7,D,0
-13.2841,135.5076,324.5,1.1,1,2014-08-25,0448,Aqua,MODIS,48,6.2,307,10.8,D,0
-13.125,134.4105,323,1,1,2014-08-25,0448,Aqua,MODIS,39,6.2,308.3,6.4,D,0
-12.5677,131.786,340.8,1.1,1,2014-08-25,0448,Aqua,MODIS,82,6.2,310.4,32.9,D,0
-12.5784,131.7774,379.7,1.1,1,2014-08-25,0448,Aqua,MODIS,100,6.2,317.5,154.5,D,0
-13.0634,136.5405,323.7,1.2,1.1,2014-08-25,0448,Aqua,MODIS,0,6.2,296.3,18.8,D,0
-12.5608,131.8355,345.8,1.1,1,2014-08-25,0448,Aqua,MODIS,91,6.2,316.1,38.5,D,0
-13.2632,135.7099,353.6,1.1,1,2014-08-25,0448,Aqua,MODIS,96,6.2,307.7,69.2,D,0
-12.6414,131.913,332.1,1.1,1,2014-08-25,0448,Aqua,MODIS,73,6.2,314.3,12.3,D,0
-15.0774,134.841,338.5,1,1,2014-08-25,0448,Aqua,MODIS,84,6.2,313.7,24.1,D,0
-12.8131,135.1544,333.8,1.1,1,2014-08-25,0448,Aqua,MODIS,81,6.2,311.2,19.9,D,0
-12.9474,136.5045,327.2,1.2,1.1,2014-08-25,0448,Aqua,MODIS,74,6.2,301.8,22.6,D,0
-12.7419,135.3135,349.8,1.1,1,2014-08-25,0448,Aqua,MODIS,94,6.2,311.5,52.4,D,0
-13.2726,135.7115,344.1,1.1,1,2014-08-25,0448,Aqua,MODIS,90,6.2,308.4,45.6,D,0
-12.5515,131.8341,349.8,1.1,1,2014-08-25,0448,Aqua,MODIS,91,6.2,310.2,48,D,0
-12.5169,132.6741,336.7,1,1,2014-08-25,0448,Aqua,MODIS,82,6.2,311,21.6,D,0
-12.5454,132.6688,331.6,1,1,2014-08-25,0448,Aqua,MODIS,75,6.2,313.1,14,D,0
-12.5092,132.6635,335.9,1,1,2014-08-25,0448,Aqua,MODIS,81,6.2,312.6,19.6,D,0
-12.7512,135.3149,341.7,1.1,1,2014-08-25,0448,Aqua,MODIS,88,6.2,308.2,35.4,D,0
-12.648,131.934,342.1,1.1,1,2014-08-25,0448,Aqua,MODIS,88,6.2,313.3,27.8,D,0
-12.8922,134.7452,343.9,1,1,2014-08-25,0448,Aqua,MODIS,90,6.2,314.1,35.7,D,0
-12.6494,131.9242,342.1,1.1,1,2014-08-25,0448,Aqua,MODIS,87,6.2,313.8,28.2,D,0
-12.4712,135.8172,329.8,1.1,1.1,2014-08-25,0448,Aqua,MODIS,64,6.2,303.8,18.2,D,0
-12.9491,136.4933,325.5,1.2,1.1,2014-08-25,0448,Aqua,MODIS,71,6.2,302.5,19.5,D,0
-13.2899,135.7246,339.6,1.1,1,2014-08-25,0448,Aqua,MODIS,86,6.2,307.4,35.1,D,0
-12.6401,131.9228,334,1.1,1,2014-08-25,0448,Aqua,MODIS,69,6.2,315.2,13.9,D,0
-15.0698,134.8302,330.8,1,1,2014-08-25,0448,Aqua,MODIS,63,6.2,313.4,13,D,0
-13.3138,135.3101,328.6,1.1,1,2014-08-25,0448,Aqua,MODIS,44,6.2,308.4,13.5,D,0
-12.571,131.2299,325.6,1.1,1.1,2014-08-25,0448,Aqua,MODIS,51,6.2,309.3,11.7,D,0
-12.5615,131.2286,330.8,1.1,1.1,2014-08-25,0448,Aqua,MODIS,65,6.2,306.7,20.1,D,0
-13.3764,135.3761,330.5,1.1,1,2014-08-25,0448,Aqua,MODIS,76,6.2,311.4,17.6,D,0
-13.3124,135.3198,335.5,1.1,1,2014-08-25,0448,Aqua,MODIS,82,6.2,308.6,24.4,D,0
-15.0937,126.1678,330.3,2.8,1.6,2014-08-25,0448,Aqua,MODIS,73,6.2,309.8,74.7,D,0
-12.3941,133.0281,327.9,1,1,2014-08-25,0448,Aqua,MODIS,57,6.2,311.8,9.7,D,0
-15.2426,125.8877,322.1,3,1.6,2014-08-25,0448,Aqua,MODIS,60,6.2,308.6,32.6,D,0
-13.9795,130.1489,331.4,1.4,1.2,2014-08-25,0448,Aqua,MODIS,70,6.2,312.8,21,D,0
-15.0774,126.1614,321.9,2.8,1.6,2014-08-25,0448,Aqua,MODIS,27,6.2,309.8,33.5,D,0
-12.4031,133.0294,325.6,1,1,2014-08-25,0448,Aqua,MODIS,43,6.2,310.3,7.1,D,0
-15.0919,126.163,328.6,2.8,1.6,2014-08-25,0448,Aqua,MODIS,76,6.2,310,67.6,D,0
-13.9899,130.1504,328.9,1.4,1.2,2014-08-25,0448,Aqua,MODIS,44,6.2,313.1,15.2,D,0
-15.2432,125.8949,321.2,3,1.6,2014-08-25,0448,Aqua,MODIS,53,6.2,308.4,29,D,0
-11.4593,130.192,448.9,1.3,1.1,2014-08-25,0449,Aqua,MODIS,94,6.2,330.1,962.8,D,0
-11.4608,130.1805,334.9,1.3,1.1,2014-08-25,0449,Aqua,MODIS,56,6.2,305.8,28.3,D,0
-11.4578,130.2036,371.5,1.3,1.1,2014-08-25,0449,Aqua,MODIS,100,6.2,313.8,151.3,D,0
-11.4932,130.2435,334.6,1.3,1.1,2014-08-25,0449,Aqua,MODIS,62,6.2,306.6,31.1,D,0
-11.4917,130.2551,340.3,1.3,1.1,2014-08-25,0449,Aqua,MODIS,83,6.2,308.7,43.1,D,0
-11.4148,130.4512,327.6,1.2,1.1,2014-08-25,0449,Aqua,MODIS,68,6.2,309.2,18.2,D,0
-11.4678,130.205,380.4,1.3,1.1,2014-08-25,0449,Aqua,MODIS,100,6.2,313.3,199,D,0
-11.4693,130.1934,393,1.3,1.1,2014-08-25,0449,Aqua,MODIS,94,6.2,310.1,282.1,D,0
-11.405,130.4498,330.9,1.2,1.1,2014-08-25,0449,Aqua,MODIS,79,6.2,309.7,22.6,D,0
-11.2903,132.0452,327.6,1,1,2014-08-25,0449,Aqua,MODIS,53,6.2,309.2,10.8,D,0
-11.1588,132.0042,324.5,1,1,2014-08-25,0449,Aqua,MODIS,0,6.2,303.9,12.4,D,0
-11.2916,132.0357,333.7,1,1,2014-08-25,0449,Aqua,MODIS,81,6.2,307.8,19.3,D,0
-11.4176,132.8437,329.4,1,1,2014-08-25,0449,Aqua,MODIS,30,6.2,308.2,13.9,D,0
-11.4266,132.845,326.3,1,1,2014-08-25,0449,Aqua,MODIS,79,6.2,307.1,11.3,D,0
-11.2994,132.0466,337.9,1,1,2014-08-25,0449,Aqua,MODIS,85,6.2,308.6,25.9,D,0
-11.3007,132.0371,337.9,1,1,2014-08-25,0449,Aqua,MODIS,85,6.2,307.6,26.1,D,0
-11.3933,132.4926,329.8,1,1,2014-08-25,0449,Aqua,MODIS,76,6.2,306.1,17,D,0
-11.3848,132.4951,323.2,1,1,2014-08-25,0449,Aqua,MODIS,20,6.2,307.8,9,D,0
-11.3757,132.4937,339.8,1,1,2014-08-25,0449,Aqua,MODIS,87,6.2,307,31.5,D,0
-11.3744,132.503,327.8,1,1,2014-08-25,0449,Aqua,MODIS,56,6.2,307.1,14.6,D,0
-11.6162,130.9275,352.6,1.2,1.1,2014-08-25,0449,Aqua,MODIS,96,6.2,312.9,65.5,D,0
-11.6066,130.9262,335.3,1.2,1.1,2014-08-25,0449,Aqua,MODIS,83,6.2,309.9,26.6,D,0
-11.6176,130.9169,366.2,1.2,1.1,2014-08-25,0449,Aqua,MODIS,100,6.2,313.3,110.1,D,0
-11.608,130.9156,351.2,1.2,1.1,2014-08-25,0449,Aqua,MODIS,95,6.2,309.6,62.5,D,0
-11.6059,130.9097,329.8,1.2,1.1,2014-08-25,0449,Aqua,MODIS,77,6.2,308.4,20.7,D,0
-11.6113,131.1814,330.9,1.1,1.1,2014-08-25,0449,Aqua,MODIS,78,6.2,308.9,19.4,D,0
-11.5051,130.8996,331.3,1.2,1.1,2014-08-25,0449,Aqua,MODIS,79,6.2,306,22.5,D,0
-11.8597,130.9198,334,1.2,1.1,2014-08-25,0449,Aqua,MODIS,86,6.2,312.5,22.5,D,0
-11.619,130.9062,346.8,1.2,1.1,2014-08-25,0449,Aqua,MODIS,92,6.2,310.7,50.2,D,0
-11.6094,130.9049,361.7,1.2,1.1,2014-08-25,0449,Aqua,MODIS,100,6.2,308.9,95.8,D,0
-11.6074,130.899,328.9,1.2,1.1,2014-08-25,0449,Aqua,MODIS,75,6.2,305.6,19.4,D,0
-11.5447,130.7048,323.8,1.2,1.1,2014-08-25,0449,Aqua,MODIS,41,6.2,308.6,11.4,D,0
-11.5412,130.7089,323.4,1.2,1.1,2014-08-25,0449,Aqua,MODIS,46,6.2,307.4,12.1,D,0
-32.8364,116.5425,316.6,1.2,1.1,2014-08-25,0621,Aqua,MODIS,58,6.2,287.5,16.9,D,0
-33.7734,120.4425,315.7,1.8,1.3,2014-08-25,0621,Aqua,MODIS,71,6.2,298.5,23.8,D,0
-33.0169,117.1837,301.6,1.2,1.1,2014-08-25,0621,Aqua,MODIS,42,6.2,288.7,5.4,D,0
-32.8385,116.5304,313.3,1.2,1.1,2014-08-25,0621,Aqua,MODIS,56,6.2,284.7,12.9,D,0
-32.0886,116.0376,314.2,1.1,1.1,2014-08-25,0622,Aqua,MODIS,69,6.2,293.9,11.4,D,0
-32.0904,116.0262,315.9,1.1,1.1,2014-08-25,0622,Aqua,MODIS,74,6.2,295.1,12.4,D,0
-32.0981,116.0398,312.7,1.1,1.1,2014-08-25,0622,Aqua,MODIS,50,6.2,292.7,10.1,D,0
-28.0559,114.2458,320.9,1.1,1,2014-08-25,0623,Aqua,MODIS,65,6.2,305.3,10.3,D,0
-28.0576,114.235,328.3,1.1,1,2014-08-25,0623,Aqua,MODIS,78,6.2,306.9,19.6,D,0
-21.1483,120.8026,324.2,3.7,1.8,2014-08-25,0624,Aqua,MODIS,69,6.2,307.3,77.5,D,0
-21.1571,120.8421,329.1,3.7,1.8,2014-08-25,0624,Aqua,MODIS,65,6.2,308.6,103.6,D,0
-21.1558,120.8125,330.6,3.7,1.8,2014-08-25,0624,Aqua,MODIS,79,6.2,307.8,128.4,D,0
-21.1483,120.8481,337.2,3.7,1.8,2014-08-25,0624,Aqua,MODIS,85,6.2,309.9,189.1,D,0
-21.0842,120.7874,319.1,3.7,1.8,2014-08-25,0624,Aqua,MODIS,52,6.2,308,43,D,0
-21.1411,120.8381,328.9,3.7,1.8,2014-08-25,0624,Aqua,MODIS,77,6.2,310.3,112,D,0
-21.1852,119.9851,319.1,3.2,1.7,2014-08-25,0624,Aqua,MODIS,50,6.2,308.6,34.5,D,0
-21.0929,120.8266,320.7,3.7,1.8,2014-08-25,0624,Aqua,MODIS,42,6.2,309.7,47.8,D,0
-21.8694,119.4217,320.3,2.8,1.6,2014-08-25,0624,Aqua,MODIS,58,6.2,309.8,27.2,D,0
-21.9567,119.6846,319.4,3,1.6,2014-08-25,0624,Aqua,MODIS,51,6.2,308.4,28.6,D,0
-21.9846,119.696,319,3,1.6,2014-08-25,0624,Aqua,MODIS,46,6.2,308.7,27.5,D,0
-20.9215,118.3673,321.8,2.5,1.5,2014-08-25,0624,Aqua,MODIS,57,6.2,311.1,25.3,D,0
-20.9079,118.3643,356.1,2.5,1.5,2014-08-25,0624,Aqua,MODIS,98,6.2,315.4,238.4,D,0
-20.8468,118.3437,357.2,2.5,1.5,2014-08-25,0624,Aqua,MODIS,98,6.2,314,243.8,D,0
-20.8422,118.3674,375.2,2.5,1.5,2014-08-25,0624,Aqua,MODIS,100,6.2,319.1,454.8,D,0
-20.9034,118.3881,343.5,2.5,1.5,2014-08-25,0624,Aqua,MODIS,90,6.2,314.8,136.3,D,0
-20.917,118.391,328.3,2.5,1.5,2014-08-25,0624,Aqua,MODIS,74,6.2,312.3,52.7,D,0
-20.8377,118.3913,345,2.5,1.5,2014-08-25,0624,Aqua,MODIS,91,6.2,314,142.9,D,0
-20.8286,118.3645,333.2,2.5,1.5,2014-08-25,0624,Aqua,MODIS,53,6.2,313.6,66.3,D,0
-20.8332,118.3407,353.2,2.5,1.5,2014-08-25,0624,Aqua,MODIS,96,6.2,314.5,206.7,D,0
-20.8196,118.3378,356.6,2.5,1.5,2014-08-25,0624,Aqua,MODIS,98,6.2,316.3,236.7,D,0
-19.0923,121.5869,321.8,4.7,2,2014-08-25,0625,Aqua,MODIS,52,6.2,307.6,76,D,0
-19.0739,121.6747,319.5,4.7,2,2014-08-25,0625,Aqua,MODIS,45,6.2,307.2,48.1,D,0
-20.81,118.3552,327.4,2.5,1.5,2014-08-25,0625,Aqua,MODIS,55,6.2,313.2,43.9,D,0
-20.8144,118.3314,352.3,2.5,1.5,2014-08-25,0625,Aqua,MODIS,72,6.2,316.7,204.4,D,0
-24.8802,148.6026,302.5,1.5,1.2,2014-08-25,1232,Terra,MODIS,50,6.2,281.8,14,N,0
-22.5544,148.4158,301.7,1.5,1.2,2014-08-25,1232,Terra,MODIS,43,6.2,284.2,12.5,N,0
-23.4651,149.7843,304.6,1.3,1.1,2014-08-25,1232,Terra,MODIS,48,6.2,285.8,10.6,N,0
-23.4666,149.7723,308.4,1.3,1.1,2014-08-25,1232,Terra,MODIS,74,6.2,286.8,14,N,0
-23.4681,149.7601,302.1,1.3,1.1,2014-08-25,1232,Terra,MODIS,14,6.2,287.6,8.1,N,0
-21.5487,123.9549,302.1,1.4,1.2,2014-08-25,1411,Terra,MODIS,35,6.2,285.2,10.6,N,0
-21.5413,123.9268,306.9,1.4,1.2,2014-08-25,1411,Terra,MODIS,70,6.2,287.5,15.8,N,0
-21.3783,126.3201,300.3,1.1,1,2014-08-25,1411,Terra,MODIS,23,6.2,286.4,6.4,N,0
-21.3083,125.871,304.2,1.1,1,2014-08-25,1411,Terra,MODIS,50,6.2,284.3,9.5,N,0
-21.3177,125.8724,309.6,1.1,1,2014-08-25,1411,Terra,MODIS,78,6.2,285.9,13.7,N,0
-21.3164,125.8829,300.1,1.1,1,2014-08-25,1411,Terra,MODIS,17,6.2,283.9,7.3,N,0
-21.5397,123.9401,300.1,1.4,1.2,2014-08-25,1411,Terra,MODIS,13,6.2,286.4,9.3,N,0
-17.9867,123.6012,301.6,1.3,1.1,2014-08-25,1412,Terra,MODIS,39,6.2,290.7,7.1,N,0
-19.0354,122.0579,301.7,1.7,1.3,2014-08-25,1412,Terra,MODIS,18,6.2,289.8,11,N,0
-17.9837,123.6258,311.6,1.3,1.1,2014-08-25,1412,Terra,MODIS,80,6.2,290.2,15.6,N,0
-17.9587,122.3995,304.6,1.6,1.2,2014-08-25,1412,Terra,MODIS,61,6.2,284.7,15.1,N,0
-17.9848,123.632,320.8,1.3,1.1,2014-08-25,1412,Terra,MODIS,100,6.2,291.1,27.9,N,0
-17.9822,123.6381,320.2,1.3,1.1,2014-08-25,1412,Terra,MODIS,100,6.2,290.3,27.3,N,0
-17.9832,123.6442,313.6,1.3,1.1,2014-08-25,1412,Terra,MODIS,87,6.2,290,18.8,N,0
-19.0373,122.0417,311.9,1.7,1.3,2014-08-25,1412,Terra,MODIS,84,6.2,289.9,25.9,N,0
-19.0392,122.0255,302.9,1.7,1.3,2014-08-25,1412,Terra,MODIS,52,6.2,289,13.4,N,0
-19.0656,121.6882,305.7,1.8,1.3,2014-08-25,1412,Terra,MODIS,65,6.2,289.9,19.3,N,0
-16.0022,135.694,306.3,3.3,1.7,2014-08-25,1412,Terra,MODIS,67,6.2,290.7,43.6,N,0
-16.0072,135.6898,306.3,3.3,1.7,2014-08-25,1412,Terra,MODIS,66,6.2,290.7,43.1,N,0
-21.135,120.7952,310.7,2.3,1.5,2014-08-25,1412,Terra,MODIS,81,6.2,288.7,36.7,N,0
-21.1339,120.7786,304.3,2.3,1.5,2014-08-25,1412,Terra,MODIS,59,6.2,289.2,22.4,N,0
-21.1373,120.7735,300.4,2.3,1.5,2014-08-25,1412,Terra,MODIS,27,6.2,288.8,15.3,N,0
-21.1317,120.8002,303.6,2.3,1.5,2014-08-25,1412,Terra,MODIS,56,6.2,288.7,21.2,N,0
-13.3702,132.3846,309.8,2.1,1.4,2014-08-25,1413,Terra,MODIS,14,6.2,294.5,22.6,N,0
-13.3669,132.4035,321.5,2.1,1.4,2014-08-25,1413,Terra,MODIS,100,6.2,293.1,52.4,N,0
-13.3828,132.3868,311.7,2.1,1.4,2014-08-25,1413,Terra,MODIS,25,6.2,294,25.8,N,0
-15.2056,132.9496,318.7,2.2,1.4,2014-08-25,1413,Terra,MODIS,97,6.2,290.5,53,N,0
-15.2022,132.9695,305.1,2.2,1.4,2014-08-25,1413,Terra,MODIS,63,6.2,289.4,21.9,N,0
-12.2781,135.4343,301.3,3.8,1.8,2014-08-25,1413,Terra,MODIS,37,6.2,289.6,32.2,N,0
-15.2264,132.9799,307.2,2.2,1.4,2014-08-25,1413,Terra,MODIS,51,6.2,289.6,22.9,N,0
-12.2716,135.5119,300.5,3.8,1.8,2014-08-25,1413,Terra,MODIS,22,6.2,289.7,29.6,N,0
-15.2801,133.0519,301,2.2,1.4,2014-08-25,1413,Terra,MODIS,37,6.2,290.1,13.9,N,0
-13.3674,132.3969,323.8,2.1,1.4,2014-08-25,1413,Terra,MODIS,100,6.2,294.2,61,N,0
-13.3641,132.4165,306,2.1,1.4,2014-08-25,1413,Terra,MODIS,17,6.2,291.2,16.4,N,0
-13.3801,132.3988,313.6,2.1,1.4,2014-08-25,1413,Terra,MODIS,58,6.2,293.9,30.9,N,0
-15.2045,132.955,320.6,2.2,1.4,2014-08-25,1413,Terra,MODIS,100,6.2,290.5,57,N,0
-15.2172,132.9574,338.3,2.2,1.4,2014-08-25,1413,Terra,MODIS,100,6.2,293.1,124.8,N,0
-15.2299,132.9599,325.9,2.2,1.4,2014-08-25,1413,Terra,MODIS,100,6.2,291.7,73.2,N,0
-15.2766,133.0722,300.2,2.2,1.4,2014-08-25,1413,Terra,MODIS,17,6.2,290,12.9,N,0
-15.2784,133.0581,306.3,2.2,1.4,2014-08-25,1413,Terra,MODIS,68,6.2,290.6,23.6,N,0
-15.2392,132.9823,310.4,2.2,1.4,2014-08-25,1413,Terra,MODIS,74,6.2,289.7,29.5,N,0
-13.4112,132.3732,341.5,2.1,1.4,2014-08-25,1413,Terra,MODIS,100,6.2,293.4,133.5,N,0
-15.2184,132.9521,324.3,2.2,1.4,2014-08-25,1413,Terra,MODIS,100,6.2,292.3,67.3,N,0
-15.215,132.972,319.6,2.2,1.4,2014-08-25,1413,Terra,MODIS,99,6.2,290.5,53.2,N,0
-12.2657,135.5039,304.4,3.8,1.8,2014-08-25,1413,Terra,MODIS,60,6.2,289.8,45.3,N,0
-15.4071,133.1513,302.2,2.2,1.4,2014-08-25,1413,Terra,MODIS,48,6.2,289.5,19.2,N,0
-15.931,128.828,307.9,1.1,1.1,2014-08-25,1413,Terra,MODIS,68,6.2,295.9,8,N,0
-17.8618,122.3449,305,1.6,1.2,2014-08-25,1413,Terra,MODIS,17,6.2,288.9,14,N,0
-17.8525,122.3287,304.4,1.6,1.2,2014-08-25,1413,Terra,MODIS,60,6.2,289.3,14.4,N,0
-17.6917,122.6237,319.8,1.5,1.2,2014-08-25,1413,Terra,MODIS,77,6.2,292.9,28.4,N,0
-17.8507,122.3435,307.1,1.6,1.2,2014-08-25,1413,Terra,MODIS,70,6.2,288.8,17.4,N,0
-17.689,122.7364,300.9,1.5,1.2,2014-08-25,1413,Terra,MODIS,36,6.2,288.3,9.9,N,0
-16.0261,128.9366,308.4,1.1,1.1,2014-08-25,1413,Terra,MODIS,74,6.2,294.9,9.2,N,0
-16.0277,128.9261,313,1.1,1.1,2014-08-25,1413,Terra,MODIS,86,6.2,295,13.1,N,0
-16.4114,123.9218,344.8,1.2,1.1,2014-08-25,1413,Terra,MODIS,100,6.2,296,66.5,N,0
-15.9246,128.8698,312.2,1.1,1.1,2014-08-25,1413,Terra,MODIS,84,6.2,294.8,12.2,N,0
-17.6825,122.6082,331.2,1.5,1.2,2014-08-25,1413,Terra,MODIS,100,6.2,294.5,53.7,N,0
-17.7152,122.6124,311.6,1.5,1.2,2014-08-25,1413,Terra,MODIS,51,6.2,291.5,19.5,N,0
-16.4212,123.9232,318.9,1.2,1.1,2014-08-25,1413,Terra,MODIS,98,6.2,295.7,20.6,N,0
-17.7524,122.6948,302,1.5,1.2,2014-08-25,1413,Terra,MODIS,31,6.2,288.3,10.2,N,0
-17.7541,122.6809,303.5,1.5,1.2,2014-08-25,1413,Terra,MODIS,26,6.2,289.4,11.3,N,0
-17.7575,122.6528,300.1,1.5,1.2,2014-08-25,1413,Terra,MODIS,12,6.2,288.3,8.6,N,0
-17.6859,122.58,314.6,1.5,1.2,2014-08-25,1413,Terra,MODIS,62,6.2,291.5,23.8,N,0
-17.6934,122.6096,315.5,1.5,1.2,2014-08-25,1413,Terra,MODIS,51,6.2,292,21.8,N,0
-16.4129,123.9105,325.4,1.2,1.1,2014-08-25,1413,Terra,MODIS,100,6.2,295.1,29,N,0
-15.2173,125.784,305.7,1,1,2014-08-25,1413,Terra,MODIS,65,6.2,288.3,8.3,N,0
-15.2186,125.7746,301.2,1,1,2014-08-25,1413,Terra,MODIS,39,6.2,288.1,5.8,N,0
-15.2019,125.7625,315.8,1,1,2014-08-25,1413,Terra,MODIS,92,6.2,289.7,14.9,N,0
-15.2032,125.7531,324.7,1,1,2014-08-25,1413,Terra,MODIS,100,6.2,289.3,24.2,N,0
-15.1502,125.8024,306.2,1,1,2014-08-25,1413,Terra,MODIS,67,6.2,287.2,8.4,N,0
-15.7718,130.0495,302.6,1.3,1.1,2014-08-25,1413,Terra,MODIS,50,6.2,289.1,9,N,0
-17.4277,123.7686,301.3,1.3,1.1,2014-08-25,1413,Terra,MODIS,33,6.2,291.1,5.7,N,0
-15.1005,126.156,301.3,1,1,2014-08-25,1413,Terra,MODIS,37,6.2,288.9,4.9,N,0
-15.1399,125.7435,311.8,1,1,2014-08-25,1413,Terra,MODIS,83,6.2,288.1,12.5,N,0
-17.2989,123.822,304.4,1.2,1.1,2014-08-25,1413,Terra,MODIS,34,6.2,293.5,7,N,0
-12.6242,131.8295,304.4,2,1.4,2014-08-25,1414,Terra,MODIS,21,6.2,287.8,15.8,N,0
-12.6002,131.801,309.9,2,1.4,2014-08-25,1414,Terra,MODIS,31,6.2,289.2,24.1,N,0
-12.5787,131.7787,315.5,2,1.4,2014-08-25,1414,Terra,MODIS,91,6.2,289.2,37.8,N,0
-12.6125,131.8032,308.8,2,1.4,2014-08-25,1414,Terra,MODIS,14,6.2,289.2,22.2,N,0
-11.3837,132.4797,303.9,2.3,1.5,2014-08-25,1414,Terra,MODIS,58,6.2,291.8,18.5,N,0
-12.4261,143.1685,300.4,1.5,1.2,2014-08-25,1538,Aqua,MODIS,7,6.2,289.2,6.2,N,0
-12.2943,143.0675,304.4,1.5,1.2,2014-08-25,1538,Aqua,MODIS,60,6.2,287.8,9.8,N,0
-14.8473,144.9215,309,1.1,1.1,2014-08-25,1539,Aqua,MODIS,76,6.2,290.4,10,N,0
-14.8568,144.9201,303.3,1.1,1.1,2014-08-25,1539,Aqua,MODIS,10,6.2,290.1,5.9,N,0
-14.8462,144.2175,301,1.2,1.1,2014-08-25,1539,Aqua,MODIS,36,6.2,289.2,6.6,N,0
-22.5555,148.4168,306,1.2,1.1,2014-08-25,1540,Aqua,MODIS,67,6.2,282.7,13.8,N,0
-24.629,145.5502,302.4,1,1,2014-08-25,1541,Aqua,MODIS,49,6.2,281.9,8.3,N,0
-15.1338,125.7503,305.4,1.3,1.1,2014-08-25,1717,Aqua,MODIS,64,6.2,285.9,13.3,N,0
-17.303,123.8288,305.1,1.1,1.1,2014-08-25,1718,Aqua,MODIS,42,6.2,293,6.5,N,0
-17.2921,123.8198,321.4,1.1,1.1,2014-08-25,1718,Aqua,MODIS,100,6.2,294.1,21.4,N,0
-17.4297,123.7664,302.3,1.1,1.1,2014-08-25,1718,Aqua,MODIS,48,6.2,291.5,6.1,N,0
-17.3016,123.8184,307.8,1.1,1.1,2014-08-25,1718,Aqua,MODIS,72,6.2,292.8,8.8,N,0
-17.6585,122.2987,302.6,1,1,2014-08-25,1718,Aqua,MODIS,21,6.2,289.1,5.9,N,0
-17.6736,122.5984,317.6,1,1,2014-08-25,1718,Aqua,MODIS,91,6.2,289.8,17,N,0
-17.684,122.6066,314,1,1,2014-08-25,1718,Aqua,MODIS,24,6.2,289.4,12.7,N,0
-17.756,122.659,302.1,1,1,2014-08-25,1718,Aqua,MODIS,44,6.2,286.7,6.7,N,0
-17.7536,122.7087,309,1,1,2014-08-25,1718,Aqua,MODIS,76,6.2,286.9,10.7,N,0
-17.7523,122.699,312.9,1,1,2014-08-25,1718,Aqua,MODIS,86,6.2,288,13.8,N,0
-17.7509,122.6893,305.3,1,1,2014-08-25,1718,Aqua,MODIS,38,6.2,288.3,8.1,N,0
-17.7486,122.7391,306,1,1,2014-08-25,1718,Aqua,MODIS,50,6.2,287.8,8.4,N,0
-17.7472,122.7294,313.6,1,1,2014-08-25,1718,Aqua,MODIS,87,6.2,287.7,14.1,N,0
-17.7264,122.7085,304.7,1,1,2014-08-25,1718,Aqua,MODIS,32,6.2,285.9,7.9,N,0
-17.7452,122.7749,301.4,1,1,2014-08-25,1718,Aqua,MODIS,18,6.2,285.6,5.5,N,0
-17.858,122.3431,303,1,1,2014-08-25,1718,Aqua,MODIS,53,6.2,285.3,7.5,N,0
-16.5749,123.8045,301,1.1,1,2014-08-25,1718,Aqua,MODIS,37,6.2,290.4,4.9,N,0
-16.4078,123.9245,303.6,1.1,1,2014-08-25,1718,Aqua,MODIS,43,6.2,292.7,5.7,N,0
-17.7022,122.6039,319.8,1,1,2014-08-25,1718,Aqua,MODIS,46,6.2,288.9,18,N,0
-17.6958,122.6245,322.4,1,1,2014-08-25,1718,Aqua,MODIS,97,6.2,288.7,20.5,N,0
-17.978,123.607,309.9,1.1,1,2014-08-25,1718,Aqua,MODIS,79,6.2,288.2,12.6,N,0
-19.0303,122.056,306.8,1,1,2014-08-25,1718,Aqua,MODIS,69,6.2,287.4,8.9,N,0
-18.9509,122.0749,300.7,1,1,2014-08-25,1718,Aqua,MODIS,32,6.2,287.5,5.9,N,0
-17.6558,122.2798,336.7,1,1,2014-08-25,1718,Aqua,MODIS,100,6.2,292,39.6,N,0
-17.6572,122.2892,353.3,1,1,2014-08-25,1718,Aqua,MODIS,100,6.2,295.4,71.8,N,0
-17.8567,122.3336,310.1,1,1,2014-08-25,1718,Aqua,MODIS,79,6.2,286.4,11.9,N,0
-17.6648,122.2784,306.9,1,1,2014-08-25,1718,Aqua,MODIS,70,6.2,290,8.8,N,0
-17.6662,122.2879,302.6,1,1,2014-08-25,1718,Aqua,MODIS,49,6.2,289.2,6.2,N,0
-17.7513,122.7585,302.3,1,1,2014-08-25,1718,Aqua,MODIS,45,6.2,288.4,6.3,N,0
-17.6849,122.7444,309.5,1,1,2014-08-25,1718,Aqua,MODIS,77,6.2,287,12.3,N,0
-16.573,123.9306,302.5,1.1,1,2014-08-25,1718,Aqua,MODIS,50,6.2,290.2,7,N,0
-17.9601,122.4095,315.5,1,1,2014-08-25,1718,Aqua,MODIS,91,6.2,281.4,17.6,N,0
-17.9822,123.6382,323.1,1.1,1.1,2014-08-25,1718,Aqua,MODIS,100,6.2,289.3,26.6,N,0
-19.0366,122.0354,304.7,1,1,2014-08-25,1718,Aqua,MODIS,39,6.2,287.2,7.6,N,0
-19.038,122.045,311.1,1,1,2014-08-25,1718,Aqua,MODIS,82,6.2,287.1,11.9,N,0
-19.0179,121.649,300.4,1,1,2014-08-25,1718,Aqua,MODIS,27,6.2,289,5.2,N,0
-17.9836,123.6487,308.9,1.1,1.1,2014-08-25,1718,Aqua,MODIS,76,6.2,287.8,12.6,N,0
-21.8429,119.4203,307.2,1,1,2014-08-25,1719,Aqua,MODIS,71,6.2,284.7,10.6,N,0
-21.8536,119.4287,300.3,1,1,2014-08-25,1719,Aqua,MODIS,5,6.2,284.1,5.9,N,0
-20.8924,119.6576,304.1,1,1,2014-08-25,1719,Aqua,MODIS,25,6.2,293.1,6.2,N,0
-20.8939,119.6675,315.2,1,1,2014-08-25,1719,Aqua,MODIS,91,6.2,293.7,14.5,N,0
-20.9046,119.6759,315.9,1,1,2014-08-25,1719,Aqua,MODIS,92,6.2,294.1,14.4,N,0
-22.949,122.6266,303.1,1.1,1.1,2014-08-25,1719,Aqua,MODIS,53,6.2,284.8,9,N,0
-21.1281,120.7898,302.1,1,1,2014-08-25,1719,Aqua,MODIS,47,6.2,287,6.4,N,0
-21.1295,120.7994,303.4,1,1,2014-08-25,1719,Aqua,MODIS,55,6.2,286.7,7.2,N,0
-30.8609,121.502,317.3,1.2,1.1,2014-08-25,1722,Aqua,MODIS,95,6.2,284.5,23.6,N,2
-30.8593,121.4894,323.1,1.2,1.1,2014-08-25,1722,Aqua,MODIS,100,6.2,283.8,31,N,2
-32.8268,116.5388,315.4,1,1,2014-08-25,1722,Aqua,MODIS,91,6.2,281.9,17.8,N,0
-30.3728,151.6275,311.3,2.6,1.6,2014-08-25,2330,Terra,MODIS,60,6.2,281,44.8,D,0
-12.3771,141.9288,324.7,1.1,1.1,2014-08-26,0103,Terra,MODIS,78,6.2,300.9,15.1,D,0
-11.3626,132.4678,397.6,2.7,1.6,2014-08-26,0103,Terra,MODIS,100,6.2,312.9,958.9,D,0
-11.3573,132.487,327.1,2.6,1.6,2014-08-26,0103,Terra,MODIS,71,6.2,302.3,65.6,D,0
-11.353,132.4632,348.7,2.7,1.6,2014-08-26,0103,Terra,MODIS,94,6.2,305.2,215.5,D,0
-12.5587,141.7767,317.8,1.1,1,2014-08-26,0103,Terra,MODIS,0,6.2,297.9,7.2,D,0
-11.3766,132.4654,386,2.7,1.6,2014-08-26,0103,Terra,MODIS,100,6.2,308.9,709.8,D,0
-11.3667,132.4916,344.9,2.6,1.6,2014-08-26,0103,Terra,MODIS,93,6.2,304.7,175.4,D,0
-11.3945,132.4866,332.3,2.6,1.6,2014-08-26,0103,Terra,MODIS,85,6.2,303.1,92.4,D,0
-11.3906,132.463,379.3,2.7,1.6,2014-08-26,0103,Terra,MODIS,100,6.2,306,590,D,0
-11.3806,132.4891,328.9,2.6,1.6,2014-08-26,0103,Terra,MODIS,82,6.2,304.1,73.2,D,0
-11.3713,132.4846,347.9,2.6,1.6,2014-08-26,0103,Terra,MODIS,94,6.2,306.2,196.5,D,0
-11.3991,132.4798,332.3,2.6,1.6,2014-08-26,0103,Terra,MODIS,85,6.2,302.2,96.8,D,0
-11.3852,132.4822,341.9,2.6,1.6,2014-08-26,0103,Terra,MODIS,91,6.2,305.3,153.6,D,0
-11.2766,132.0385,314.7,2.9,1.6,2014-08-26,0103,Terra,MODIS,35,6.2,302.9,24.1,D,0
-11.2896,132.0424,323.2,2.9,1.6,2014-08-26,0103,Terra,MODIS,76,6.2,303.1,63.5,D,0
-11.3627,132.4369,400.5,2.7,1.6,2014-08-26,0103,Terra,MODIS,100,6.2,307.5,1040.4,D,0
-11.3487,132.4393,312.5,2.7,1.6,2014-08-26,0103,Terra,MODIS,43,6.2,299.8,21.9,D,0
-11.3725,132.4413,400,2.7,1.6,2014-08-26,0103,Terra,MODIS,100,6.2,305.7,1025.1,D,0
-11.3585,132.4437,404.7,2.7,1.6,2014-08-26,0103,Terra,MODIS,100,6.2,310.1,1148.8,D,0
-11.367,132.4609,411.9,2.7,1.6,2014-08-26,0103,Terra,MODIS,100,6.2,315.1,1341.9,D,0
-11.381,132.4586,395.4,2.7,1.6,2014-08-26,0103,Terra,MODIS,100,6.2,309.4,905.4,D,0
-11.3767,132.4344,342.2,2.7,1.6,2014-08-26,0103,Terra,MODIS,91,6.2,299.8,167.8,D,0
-12.2698,142.9896,381.4,1.3,1.1,2014-08-26,0103,Terra,MODIS,100,6.2,295.4,217.6,D,0
-11.7664,133.0027,327.4,2.4,1.5,2014-08-26,0103,Terra,MODIS,78,6.2,303.3,60.5,D,0
-11.395,132.4562,344.2,2.7,1.6,2014-08-26,0103,Terra,MODIS,92,6.2,302.6,178.5,D,0
-12.2412,143.0052,327.4,1.3,1.1,2014-08-26,0103,Terra,MODIS,81,6.2,294.9,28.7,D,0
-12.2253,136.4675,325.9,1.3,1.1,2014-08-26,0103,Terra,MODIS,75,6.2,305.2,18.6,D,0
-12.2702,142.9955,348.3,1.3,1.1,2014-08-26,0103,Terra,MODIS,0,6.2,291,71.9,D,0
-12.2228,136.4618,322.5,1.3,1.1,2014-08-26,0103,Terra,MODIS,70,6.2,305.6,15.6,D,0
-12.2686,142.9838,360,1.3,1.1,2014-08-26,0103,Terra,MODIS,94,6.2,294.5,111.6,D,0
-11.2911,132.036,317.1,2.9,1.6,2014-08-26,0103,Terra,MODIS,64,6.2,303,35.6,D,0
-12.4164,143.1726,318,1.3,1.1,2014-08-26,0103,Terra,MODIS,29,6.2,292.3,14.1,D,0
-12.403,143.1503,321,1.3,1.1,2014-08-26,0103,Terra,MODIS,44,6.2,294,16.8,D,0
-11.3865,132.4388,315.1,2.7,1.6,2014-08-26,0103,Terra,MODIS,44,6.2,300.4,25.9,D,0
-11.3755,132.5084,329.2,2.6,1.6,2014-08-26,0103,Terra,MODIS,76,6.2,303.8,73.5,D,0
-12.3026,136.5703,317.5,1.3,1.1,2014-08-26,0103,Terra,MODIS,52,6.2,303,10.1,D,0
-11.3707,132.5154,330,2.6,1.6,2014-08-26,0103,Terra,MODIS,83,6.2,302.9,81.1,D,0
-12.3867,143.1712,318.5,1.3,1.1,2014-08-26,0103,Terra,MODIS,59,6.2,294.9,15.3,D,0
-12.5387,142.1904,327,1.2,1.1,2014-08-26,0103,Terra,MODIS,77,6.2,298.1,18.3,D,0
-12,142.5153,327.4,1.2,1.1,2014-08-26,0103,Terra,MODIS,82,6.2,294.6,25,D,0
-12.2997,143.0625,316.8,1.3,1.1,2014-08-26,0103,Terra,MODIS,27,6.2,287.8,13.4,D,0
-12.2054,142.2939,319.1,1.2,1.1,2014-08-26,0103,Terra,MODIS,45,6.2,295.4,10.2,D,0
-12.2261,142.3018,324.7,1.2,1.1,2014-08-26,0103,Terra,MODIS,61,6.2,294.2,17,D,0
-12.8187,142.9066,313.4,1.3,1.1,2014-08-26,0103,Terra,MODIS,52,6.2,295.1,10.4,D,0
-12.0847,141.9469,315.5,1.1,1.1,2014-08-26,0103,Terra,MODIS,44,6.2,298.9,8.1,D,0
-11.8125,142.6309,319.3,1.2,1.1,2014-08-26,0103,Terra,MODIS,59,6.2,290.8,14.7,D,0
-12.5498,142.1996,320.7,1.2,1.1,2014-08-26,0103,Terra,MODIS,50,6.2,299.9,11.3,D,0
-12.4884,143.1814,313.3,1.3,1.1,2014-08-26,0103,Terra,MODIS,58,6.2,290.2,12.1,D,0
-12.5402,142.2009,320.8,1.2,1.1,2014-08-26,0103,Terra,MODIS,52,6.2,297.5,10.7,D,0
-12.0015,142.5261,320.3,1.2,1.1,2014-08-26,0103,Terra,MODIS,75,6.2,291.2,15.3,D,0
-12.2039,142.2834,321.5,1.2,1.1,2014-08-26,0103,Terra,MODIS,47,6.2,297.8,13.8,D,0
-12.33,143.0584,320.2,1.3,1.1,2014-08-26,0103,Terra,MODIS,39,6.2,290.6,16.5,D,0
-12.0591,141.9713,315.5,1.1,1.1,2014-08-26,0103,Terra,MODIS,41,6.2,297.9,7.6,D,0
-14.8257,144.9978,331.9,1.9,1.3,2014-08-26,0104,Terra,MODIS,84,6.2,293.6,61.9,D,0
-14.6793,141.5903,347.1,1.1,1.1,2014-08-26,0104,Terra,MODIS,93,6.2,309,55.6,D,0
-12.811,132.7393,324.1,2.4,1.5,2014-08-26,0104,Terra,MODIS,74,6.2,303.6,48.6,D,0
-12.0616,133.6452,327.2,2.1,1.4,2014-08-26,0104,Terra,MODIS,49,6.2,305.7,39.9,D,0
-15.9435,135.7035,333.9,1.3,1.1,2014-08-26,0104,Terra,MODIS,83,6.2,305.1,34.3,D,0
-12.4297,132.346,316.7,2.6,1.5,2014-08-26,0104,Terra,MODIS,59,6.2,303.8,26.5,D,0
-12.29,134.6382,322.9,1.7,1.3,2014-08-26,0104,Terra,MODIS,68,6.2,304.7,25.3,D,0
-12.4054,133.8159,314.3,2,1.4,2014-08-26,0104,Terra,MODIS,21,6.2,302.4,12.9,D,0
-12.4929,134.085,325.1,1.9,1.3,2014-08-26,0104,Terra,MODIS,75,6.2,303.9,37.1,D,0
-13.169,135.1538,325.8,1.5,1.2,2014-08-26,0104,Terra,MODIS,76,6.2,304.9,25.5,D,0
-12.407,133.7343,320,2,1.4,2014-08-26,0104,Terra,MODIS,40,6.2,303.5,24.6,D,0
-15.4297,135.6368,328.9,1.3,1.1,2014-08-26,0104,Terra,MODIS,62,6.2,309.3,23.2,D,0
-12.0397,133.668,324.8,2.1,1.4,2014-08-26,0104,Terra,MODIS,50,6.2,304.9,33.9,D,0
-12.4862,134.0753,318.3,1.9,1.3,2014-08-26,0104,Terra,MODIS,46,6.2,303.8,18.4,D,0
-12.109,134.3922,324.7,1.8,1.3,2014-08-26,0104,Terra,MODIS,74,6.2,303.9,34.7,D,0
-12.6819,135.4878,315.8,1.5,1.2,2014-08-26,0104,Terra,MODIS,32,6.2,303.2,7.7,D,0
-12.0362,133.6564,331.7,2.1,1.4,2014-08-26,0104,Terra,MODIS,77,6.2,306.4,58.1,D,0
-13.6986,142.1839,332.3,1.2,1.1,2014-08-26,0104,Terra,MODIS,84,6.2,302.8,30.4,D,0
-14.8136,144.9998,344.7,1.9,1.3,2014-08-26,0104,Terra,MODIS,92,6.2,296.3,113.2,D,0
-12.489,134.0923,332.6,1.9,1.3,2014-08-26,0104,Terra,MODIS,83,6.2,304.6,58.8,D,0
-12.3343,134.4931,315.2,1.8,1.3,2014-08-26,0104,Terra,MODIS,17,6.2,302.9,12,D,0
-12.1052,134.1483,317.6,1.9,1.3,2014-08-26,0104,Terra,MODIS,38,6.2,302.9,18.5,D,0
-12.4056,133.7413,317.4,2,1.4,2014-08-26,0104,Terra,MODIS,29,6.2,304.4,19.5,D,0
-12.7577,135.1023,332.8,1.6,1.2,2014-08-26,0104,Terra,MODIS,83,6.2,307.2,44.1,D,0
-14.8575,144.9151,325.2,1.9,1.3,2014-08-26,0104,Terra,MODIS,77,6.2,295.6,44.3,D,0
-12.7114,131.8347,320.4,2.8,1.6,2014-08-26,0104,Terra,MODIS,53,6.2,303.2,42.8,D,0
-12.3805,136.6109,348.3,1.3,1.1,2014-08-26,0104,Terra,MODIS,94,6.2,305.1,71.2,D,0
-12.0859,134.3275,316.6,1.9,1.3,2014-08-26,0104,Terra,MODIS,47,6.2,303.7,15.5,D,0
-12.4082,135.3674,324.4,1.5,1.2,2014-08-26,0104,Terra,MODIS,71,6.2,305.6,18.1,D,0
-16.1353,144.5274,313.6,1.8,1.3,2014-08-26,0104,Terra,MODIS,25,6.2,302.3,13.5,D,0
-12.0358,134.1781,320.1,1.9,1.3,2014-08-26,0104,Terra,MODIS,0,6.2,303.2,18.3,D,0
-12.074,134.3295,332.5,1.9,1.3,2014-08-26,0104,Terra,MODIS,83,6.2,303.8,60,D,0
-14.8178,144.9927,345.9,1.9,1.3,2014-08-26,0104,Terra,MODIS,93,6.2,293.8,121.2,D,0
-14.8199,145.0102,324.1,1.9,1.3,2014-08-26,0104,Terra,MODIS,68,6.2,295.6,39.8,D,0
-12.3077,134.8905,406.6,1.7,1.3,2014-08-26,0104,Terra,MODIS,100,6.2,312.4,604.5,D,0
-12.3823,136.6225,346.2,1.3,1.1,2014-08-26,0104,Terra,MODIS,93,6.2,307.1,63.8,D,0
-16.1311,144.5395,314.9,1.8,1.3,2014-08-26,0104,Terra,MODIS,58,6.2,301.5,17.1,D,0
-15.9555,135.7138,395.3,1.3,1.1,2014-08-26,0104,Terra,MODIS,100,6.2,312.6,309.1,D,0
-12.3191,134.8886,359.9,1.7,1.3,2014-08-26,0104,Terra,MODIS,99,6.2,305.1,160.9,D,0
-15.4396,141.7834,320.6,1.2,1.1,2014-08-26,0104,Terra,MODIS,44,6.2,308.4,7.3,D,0
-12.3868,135.4428,323.6,1.5,1.2,2014-08-26,0104,Terra,MODIS,72,6.2,304.5,16.5,D,0
-16.9014,145.5782,317.2,2.3,1.5,2014-08-26,0104,Terra,MODIS,64,6.2,294.7,39.9,D,0
-12.3714,133.7653,319.5,2,1.4,2014-08-26,0104,Terra,MODIS,48,6.2,303.2,22.8,D,0
-15.4938,135.5941,323.5,1.3,1.1,2014-08-26,0104,Terra,MODIS,68,6.2,307.9,13.3,D,0
-16.8987,145.5721,313.8,2.3,1.5,2014-08-26,0104,Terra,MODIS,53,6.2,295,32.5,D,0
-12.2975,134.631,322.6,1.7,1.3,2014-08-26,0104,Terra,MODIS,70,6.2,306.1,25,D,0
-15.4298,135.5738,330.1,1.3,1.1,2014-08-26,0104,Terra,MODIS,61,6.2,307,26.4,D,0
-14.8299,144.9906,315.9,1.9,1.3,2014-08-26,0104,Terra,MODIS,51,6.2,292.2,20,D,0
-15.9301,135.8745,324.1,1.3,1.1,2014-08-26,0104,Terra,MODIS,71,6.2,309.6,12.4,D,0
-12.7045,131.8157,319.1,2.8,1.6,2014-08-26,0104,Terra,MODIS,66,6.2,304.4,41.4,D,0
-15.9559,135.6519,321.6,1.3,1.1,2014-08-26,0104,Terra,MODIS,66,6.2,303.4,14.9,D,0
-14.6588,141.5826,342.8,1.1,1.1,2014-08-26,0104,Terra,MODIS,90,6.2,304.7,44.5,D,0
-12.6902,131.8182,318.5,2.8,1.6,2014-08-26,0104,Terra,MODIS,38,6.2,304.2,36.9,D,0
-12.6796,135.4741,322,1.5,1.2,2014-08-26,0104,Terra,MODIS,66,6.2,305.7,16.8,D,0
-12.5122,135.2215,320.1,1.6,1.2,2014-08-26,0104,Terra,MODIS,52,6.2,303.1,14,D,0
-12.387,133.7818,326.6,2,1.4,2014-08-26,0104,Terra,MODIS,76,6.2,303,42.4,D,0
-12.476,135.4926,322.7,1.5,1.2,2014-08-26,0104,Terra,MODIS,60,6.2,307.3,14.5,D,0
-12.066,134.3194,327.7,1.9,1.3,2014-08-26,0104,Terra,MODIS,78,6.2,303.1,44.5,D,0
-14.5889,144.5073,329.2,1.7,1.3,2014-08-26,0104,Terra,MODIS,81,6.2,300.1,43.7,D,0
-12.4769,134.0945,316.3,1.9,1.3,2014-08-26,0104,Terra,MODIS,32,6.2,303.4,13.5,D,0
-12.4808,134.0871,331.1,1.9,1.3,2014-08-26,0104,Terra,MODIS,82,6.2,304.2,55.4,D,0
-15.4278,135.5614,340.5,1.3,1.1,2014-08-26,0104,Terra,MODIS,89,6.2,307.4,50.8,D,0
-12.2491,135.7966,315.7,1.4,1.2,2014-08-26,0104,Terra,MODIS,39,6.2,303.2,9.5,D,0
-15.4764,135.6663,321.3,1.3,1.1,2014-08-26,0104,Terra,MODIS,24,6.2,308.3,9.7,D,0
-12.3786,136.5993,323.4,1.3,1.1,2014-08-26,0104,Terra,MODIS,73,6.2,301.7,18.6,D,0
-13.1603,135.1697,319.3,1.5,1.2,2014-08-26,0104,Terra,MODIS,54,6.2,303.9,13,D,0
-15.9334,135.7052,320.2,1.3,1.1,2014-08-26,0104,Terra,MODIS,62,6.2,305.2,12.5,D,0
-14.6698,141.5917,396.9,1.1,1.1,2014-08-26,0104,Terra,MODIS,100,6.2,314.6,270.1,D,0
-12.4845,133.1965,318.4,2.2,1.4,2014-08-26,0104,Terra,MODIS,56,6.2,305.3,21.6,D,0
-13.1713,135.1679,319,1.5,1.2,2014-08-26,0104,Terra,MODIS,35,6.2,305.4,12.6,D,0
-14.5792,144.4989,316.2,1.7,1.3,2014-08-26,0104,Terra,MODIS,37,6.2,298.6,13.5,D,0
-14.832,145.0084,324.2,1.9,1.3,2014-08-26,0104,Terra,MODIS,76,6.2,294.9,41.5,D,0
-12.7091,131.8413,315.7,2.8,1.6,2014-08-26,0104,Terra,MODIS,56,6.2,303,27.1,D,0
-15.1529,134.6055,322.3,1.6,1.2,2014-08-26,0104,Terra,MODIS,42,6.2,306.5,15.8,D,0
-15.4195,135.6385,327.2,1.3,1.1,2014-08-26,0104,Terra,MODIS,55,6.2,306.4,21.1,D,0
-15.4401,135.572,325.9,1.3,1.1,2014-08-26,0104,Terra,MODIS,46,6.2,307.3,18,D,0
-12.7375,135.8316,316,1.4,1.2,2014-08-26,0104,Terra,MODIS,52,6.2,302.5,11,D,0
-12.0711,134.3127,322.6,1.9,1.3,2014-08-26,0104,Terra,MODIS,71,6.2,303.1,31,D,0
-12.3973,135.3694,341.4,1.5,1.2,2014-08-26,0104,Terra,MODIS,90,6.2,309.4,61.8,D,0
-14.6712,141.6022,345.3,1.1,1.1,2014-08-26,0104,Terra,MODIS,92,6.2,311.1,48.3,D,0
-14.6807,141.6009,328.7,1.1,1.1,2014-08-26,0104,Terra,MODIS,76,6.2,309.4,19,D,0
-12.7601,135.1169,341.6,1.6,1.2,2014-08-26,0104,Terra,MODIS,90,6.2,305.9,68.9,D,0
-12.8161,132.7455,318.3,2.4,1.5,2014-08-26,0104,Terra,MODIS,48,6.2,303.5,25.8,D,0
-15.4463,135.5456,327.8,1.3,1.1,2014-08-26,0104,Terra,MODIS,54,6.2,306.3,22.3,D,0
-14.6602,141.593,348.7,1.1,1.1,2014-08-26,0104,Terra,MODIS,94,6.2,309.7,58.5,D,0
-12.0932,134.1504,329,1.9,1.3,2014-08-26,0104,Terra,MODIS,60,6.2,305.4,47.7,D,0
-14.5812,144.5149,322.5,1.7,1.3,2014-08-26,0104,Terra,MODIS,74,6.2,298.1,27.1,D,0
-13.6148,134.509,322.1,1.7,1.3,2014-08-26,0104,Terra,MODIS,71,6.2,305.5,17.6,D,0
-12.395,135.3554,361.5,1.5,1.2,2014-08-26,0104,Terra,MODIS,100,6.2,308,145.9,D,0
-12.3171,134.4626,319.8,1.8,1.3,2014-08-26,0104,Terra,MODIS,64,6.2,304.4,21.9,D,0
-13.3451,132.4015,319.3,2.5,1.5,2014-08-26,0104,Terra,MODIS,61,6.2,303.5,34.3,D,0
-15.4158,132.8846,348.6,2.1,1.4,2014-08-26,0104,Terra,MODIS,94,6.2,307.1,146.2,D,0
-15.4191,132.9036,331.3,2.1,1.4,2014-08-26,0104,Terra,MODIS,82,6.2,305.9,60,D,0
-13.6122,134.4936,324.3,1.7,1.3,2014-08-26,0104,Terra,MODIS,74,6.2,306.5,23.5,D,0
-15.4254,132.8562,324.7,2.1,1.4,2014-08-26,0104,Terra,MODIS,75,6.2,300.4,44.8,D,0
-15.4128,132.8586,352.2,2.1,1.4,2014-08-26,0104,Terra,MODIS,96,6.2,304.2,171.4,D,0
-15.4162,132.8775,369.9,2.1,1.4,2014-08-26,0104,Terra,MODIS,100,6.2,308.9,310.3,D,0
-12.2704,135.7931,328.1,1.4,1.2,2014-08-26,0104,Terra,MODIS,68,6.2,305.1,29,D,0
-15.2789,133.0704,320.5,2,1.4,2014-08-26,0104,Terra,MODIS,68,6.2,305.2,26.1,D,0
-15.284,132.9537,319.2,2,1.4,2014-08-26,0104,Terra,MODIS,66,6.2,303.9,23.6,D,0
-15.2085,132.9748,321.2,2,1.4,2014-08-26,0104,Terra,MODIS,62,6.2,304.8,27.4,D,0
-14.2151,136.4884,322.3,1.2,1.1,2014-08-26,0104,Terra,MODIS,63,6.2,302.6,17.5,D,0
-13.9361,136.4726,330.1,1.2,1.1,2014-08-26,0104,Terra,MODIS,81,6.2,304.7,27.2,D,0
-12.3267,134.8028,317.6,1.7,1.3,2014-08-26,0104,Terra,MODIS,57,6.2,304.4,12.2,D,0
-14.4597,133.2029,321.7,2,1.4,2014-08-26,0104,Terra,MODIS,70,6.2,305.5,26.3,D,0
-15.9578,135.664,436.5,1.3,1.1,2014-08-26,0104,Terra,MODIS,100,6.2,323.7,790.1,D,0
-15.9574,135.7257,350.1,1.3,1.1,2014-08-26,0104,Terra,MODIS,95,6.2,306.6,72.5,D,0
-14.4581,133.209,326.2,2,1.4,2014-08-26,0104,Terra,MODIS,77,6.2,305.5,38.4,D,0
-12.3102,134.9056,345,1.7,1.3,2014-08-26,0104,Terra,MODIS,92,6.2,305.8,89.1,D,0
-12.2989,134.9075,320.2,1.7,1.3,2014-08-26,0104,Terra,MODIS,51,6.2,304.9,18.8,D,0
-13.3971,132.4611,318.7,2.4,1.5,2014-08-26,0104,Terra,MODIS,7,6.2,303.3,26.5,D,0
-12.3216,134.9038,328,1.7,1.3,2014-08-26,0104,Terra,MODIS,78,6.2,303.2,33.8,D,0
-15.4022,133.1738,320.3,2,1.4,2014-08-26,0104,Terra,MODIS,53,6.2,305.7,23.6,D,0
-11.7834,133.0219,336.1,2.4,1.5,2014-08-26,0104,Terra,MODIS,86,6.2,304.8,97.7,D,0
-11.7797,133.0003,372.9,2.4,1.5,2014-08-26,0104,Terra,MODIS,100,6.2,307.9,410.9,D,0
-13.0578,132.4954,320.4,2.4,1.5,2014-08-26,0104,Terra,MODIS,44,6.2,305.6,28.5,D,0
-13.3933,132.4392,324.3,2.4,1.5,2014-08-26,0104,Terra,MODIS,31,6.2,304.9,43.5,D,0
-13.3798,132.4413,330.2,2.4,1.5,2014-08-26,0104,Terra,MODIS,55,6.2,304.2,67.8,D,0
-15.2177,132.9536,337.4,2.1,1.4,2014-08-26,0104,Terra,MODIS,87,6.2,306.9,85.6,D,0
-15.2217,132.9652,335.3,2,1.4,2014-08-26,0104,Terra,MODIS,85,6.2,307.5,72.8,D,0
-13.4355,132.4713,318.9,2.4,1.5,2014-08-26,0104,Terra,MODIS,29,6.2,302.8,28.4,D,0
-15.2209,132.9724,322.8,2,1.4,2014-08-26,0104,Terra,MODIS,48,6.2,305.9,30.2,D,0
-15.2301,132.9513,367.4,2.1,1.4,2014-08-26,0104,Terra,MODIS,100,6.2,305.8,280.4,D,0
-15.2334,132.9701,358.4,2,1.4,2014-08-26,0104,Terra,MODIS,99,6.2,308.3,204.1,D,0
-12.2616,135.5129,323.3,1.5,1.2,2014-08-26,0104,Terra,MODIS,30,6.2,304.3,18.7,D,0
-13.4495,132.3458,322.6,2.5,1.5,2014-08-26,0104,Terra,MODIS,56,6.2,304.3,37.7,D,0
-15.2052,132.956,320.4,2.1,1.4,2014-08-26,0104,Terra,MODIS,61,6.2,304.4,26.5,D,0
-15.9675,135.7241,327.5,1.3,1.1,2014-08-26,0104,Terra,MODIS,42,6.2,306.2,19.4,D,0
-15.4113,133.1535,317.1,2,1.4,2014-08-26,0104,Terra,MODIS,19,6.2,305.4,15.1,D,0
-15.2308,132.9441,326.9,2.1,1.4,2014-08-26,0104,Terra,MODIS,76,6.2,302.6,45.8,D,0
-11.7759,132.9787,327.1,2.4,1.5,2014-08-26,0104,Terra,MODIS,78,6.2,304,55.2,D,0
-15.4321,132.8943,344.8,2.1,1.4,2014-08-26,0104,Terra,MODIS,92,6.2,306.7,120.8,D,0
-15.9598,135.676,399.4,1.3,1.1,2014-08-26,0104,Terra,MODIS,100,6.2,315.5,347.4,D,0
-13.5212,132.3566,323.3,2.5,1.5,2014-08-26,0104,Terra,MODIS,72,6.2,304.6,46.1,D,0
-13.3885,132.3631,360.1,2.5,1.5,2014-08-26,0104,Terra,MODIS,100,6.2,305.4,282.9,D,0
-13.4195,132.3807,326.1,2.5,1.5,2014-08-26,0104,Terra,MODIS,66,6.2,304.3,52.9,D,0
-13.4116,132.3361,320.8,2.5,1.5,2014-08-26,0104,Terra,MODIS,15,6.2,303.3,29.7,D,0
-15.2183,132.9464,339.6,2.1,1.4,2014-08-26,0104,Terra,MODIS,89,6.2,305.6,93.7,D,0
-15.4072,132.9837,320.6,2,1.4,2014-08-26,0104,Terra,MODIS,27,6.2,304.1,20.8,D,0
-11.8085,132.9283,316.6,2.4,1.5,2014-08-26,0104,Terra,MODIS,40,6.2,302.8,19.7,D,0
-15.4039,132.9649,323,2,1.4,2014-08-26,0104,Terra,MODIS,50,6.2,304.4,27.6,D,0
-13.9379,136.4839,325,1.2,1.1,2014-08-26,0104,Terra,MODIS,76,6.2,304.7,18.9,D,0
-15.4355,132.9133,335.9,2,1.4,2014-08-26,0104,Terra,MODIS,86,6.2,306.7,76.3,D,0
-13.3926,132.3863,346.5,2.5,1.5,2014-08-26,0104,Terra,MODIS,93,6.2,304.4,164.9,D,0
-13.3989,132.3908,326.7,2.5,1.5,2014-08-26,0104,Terra,MODIS,53,6.2,304,54,D,0
-13.395,132.3677,363.7,2.5,1.5,2014-08-26,0104,Terra,MODIS,100,6.2,305.5,324.9,D,0
-13.3815,132.3703,336.4,2.5,1.5,2014-08-26,0104,Terra,MODIS,86,6.2,303.4,110.2,D,0
-13.3626,132.4219,332.5,2.4,1.5,2014-08-26,0104,Terra,MODIS,65,6.2,303.7,80.7,D,0
-13.3586,132.3992,343.7,2.5,1.5,2014-08-26,0104,Terra,MODIS,91,6.2,304.1,149.5,D,0
-12.8357,132.6453,318.6,2.4,1.5,2014-08-26,0104,Terra,MODIS,61,6.2,307,24.2,D,0
-12.2586,135.428,322.8,1.5,1.2,2014-08-26,0104,Terra,MODIS,70,6.2,303.8,19.2,D,0
-12.2563,135.4141,348,1.5,1.2,2014-08-26,0104,Terra,MODIS,94,6.2,305.5,90.4,D,0
-12.2774,134.8485,316.4,1.7,1.3,2014-08-26,0104,Terra,MODIS,42,6.2,300.6,16.8,D,0
-15.4125,132.8655,361.1,2.1,1.4,2014-08-26,0104,Terra,MODIS,100,6.2,306.9,235.1,D,0
-15.4287,132.8753,378.1,2.1,1.4,2014-08-26,0104,Terra,MODIS,100,6.2,307.1,397,D,0
-15.423,132.9156,326.3,2,1.4,2014-08-26,0104,Terra,MODIS,70,6.2,305.1,41.5,D,0
-15.4196,132.8966,333.9,2.1,1.4,2014-08-26,0104,Terra,MODIS,85,6.2,306.5,71.3,D,0
-13.394,132.3161,322.3,2.5,1.5,2014-08-26,0104,Terra,MODIS,53,6.2,304.1,38.1,D,0
-15.2342,132.9629,368.6,2,1.4,2014-08-26,0104,Terra,MODIS,100,6.2,308.1,291.1,D,0
-14.463,133.2213,317.4,2,1.4,2014-08-26,0104,Terra,MODIS,55,6.2,304.9,14.7,D,0
-13.8957,136.5373,316.7,1.2,1.1,2014-08-26,0104,Terra,MODIS,45,6.2,304.2,7.7,D,0
-15.4389,132.9322,327.9,2,1.4,2014-08-26,0104,Terra,MODIS,57,6.2,305.8,40.8,D,0
-16.4935,139.3353,317.7,1,1,2014-08-26,0104,Terra,MODIS,0,6.2,305.3,6.4,D,0
-13.0413,134.8691,316.4,1.6,1.3,2014-08-26,0104,Terra,MODIS,35,6.2,303.5,9.8,D,0
-13.4801,141.7934,324.3,1.1,1.1,2014-08-26,0104,Terra,MODIS,57,6.2,303.7,13.9,D,0
-13.1906,136.0465,316.1,1.3,1.1,2014-08-26,0104,Terra,MODIS,48,6.2,303.9,10.8,D,0
-13.6282,141.8879,315.6,1.1,1.1,2014-08-26,0104,Terra,MODIS,20,6.2,302.7,5.8,D,0
-13.1166,134.2855,320.1,1.8,1.3,2014-08-26,0104,Terra,MODIS,68,6.2,302.8,23.9,D,0
-15.7765,137.0932,322.2,1.1,1,2014-08-26,0104,Terra,MODIS,0,6.2,302,13.3,D,0
-13.0525,134.8672,320.8,1.6,1.3,2014-08-26,0104,Terra,MODIS,69,6.2,305.7,18,D,0
-12.617,130.7458,314,3.4,1.7,2014-08-26,0104,Terra,MODIS,25,6.2,303.2,27.2,D,0
-13.1544,134.2955,316.8,1.8,1.3,2014-08-26,0104,Terra,MODIS,59,6.2,303.5,14.8,D,0
-13.1216,135.5608,318.2,1.4,1.2,2014-08-26,0104,Terra,MODIS,48,6.2,303.8,10.9,D,0
-15.341,135.1045,330.1,1.4,1.2,2014-08-26,0104,Terra,MODIS,80,6.2,308.4,27.9,D,0
-13.2799,135.5354,328.7,1.4,1.2,2014-08-26,0104,Terra,MODIS,80,6.2,303.7,32.3,D,0
-12.8238,131.3637,316.5,3,1.7,2014-08-26,0104,Terra,MODIS,50,6.2,305.4,24.2,D,0
-15.3271,134.9559,323.2,1.5,1.2,2014-08-26,0104,Terra,MODIS,65,6.2,307.8,17.6,D,0
-15.3964,134.7537,338.1,1.5,1.2,2014-08-26,0104,Terra,MODIS,87,6.2,308.2,51.8,D,0
-12.4987,132.6636,323.7,2.4,1.5,2014-08-26,0104,Terra,MODIS,74,6.2,306,39.6,D,0
-14.5287,143.4182,312.7,1.4,1.2,2014-08-26,0104,Terra,MODIS,35,6.2,300.3,7.2,D,0
-15.3516,135.1026,323.3,1.4,1.2,2014-08-26,0104,Terra,MODIS,45,6.2,307.9,15.8,D,0
-15.3434,134.7054,323.3,1.5,1.2,2014-08-26,0104,Terra,MODIS,50,6.2,305.9,19.5,D,0
-15.3622,135.1008,324.3,1.4,1.2,2014-08-26,0104,Terra,MODIS,55,6.2,307.6,18.8,D,0
-15.3458,134.7194,332.4,1.5,1.2,2014-08-26,0104,Terra,MODIS,82,6.2,306.7,38.6,D,0
-13.1122,134.4021,318.7,1.8,1.3,2014-08-26,0104,Terra,MODIS,62,6.2,305.1,17.4,D,0
-14.5125,133.212,319,2,1.4,2014-08-26,0104,Terra,MODIS,64,6.2,306.9,18.2,D,0
-13.1193,134.3019,358.7,1.8,1.3,2014-08-26,0104,Terra,MODIS,99,6.2,306.7,174.8,D,0
-15.0289,134.8291,319.9,1.5,1.2,2014-08-26,0104,Terra,MODIS,55,6.2,306.3,13.7,D,0
-15.0265,134.8152,327.3,1.5,1.2,2014-08-26,0104,Terra,MODIS,77,6.2,307.5,27.8,D,0
-13.485,141.7969,320.9,1.1,1.1,2014-08-26,0104,Terra,MODIS,45,6.2,304.1,10.8,D,0
-15.3699,134.7295,334.3,1.5,1.2,2014-08-26,0104,Terra,MODIS,84,6.2,307.8,40.3,D,0
-12.3379,135.3507,345.3,1.5,1.2,2014-08-26,0104,Terra,MODIS,92,6.2,306.4,81.2,D,0
-12.386,135.707,318.1,1.5,1.2,2014-08-26,0104,Terra,MODIS,60,6.2,305.4,11.8,D,0
-13.4634,141.7431,315.4,1.1,1.1,2014-08-26,0104,Terra,MODIS,59,6.2,301.1,7.2,D,0
-13.4648,141.7533,333.6,1.1,1.1,2014-08-26,0104,Terra,MODIS,85,6.2,302.7,30.5,D,0
-13.4663,141.7637,328.6,1.1,1.1,2014-08-26,0104,Terra,MODIS,79,6.2,302.2,21.4,D,0
-13.4677,141.774,333,1.1,1.1,2014-08-26,0104,Terra,MODIS,84,6.2,303,27.5,D,0
-12.614,131.8055,324.3,2.8,1.6,2014-08-26,0104,Terra,MODIS,43,6.2,304.4,53.5,D,0
-12.5236,132.6761,317.7,2.4,1.5,2014-08-26,0104,Terra,MODIS,50,6.2,304.9,20.2,D,0
-12.9356,136.4942,326.6,1.3,1.1,2014-08-26,0104,Terra,MODIS,77,6.2,302.9,23.1,D,0
-12.5025,132.6858,324.7,2.4,1.5,2014-08-26,0104,Terra,MODIS,75,6.2,305.8,43.7,D,0
-12.5933,131.7898,342.9,2.8,1.6,2014-08-26,0104,Terra,MODIS,91,6.2,305.1,176.2,D,0
-12.6122,131.813,320.8,2.8,1.6,2014-08-26,0104,Terra,MODIS,27,6.2,304.5,38.1,D,0
-12.6093,131.7797,327.2,2.8,1.6,2014-08-26,0104,Terra,MODIS,54,6.2,304.9,72.2,D,0
-13.5061,135.4568,321.6,1.5,1.2,2014-08-26,0104,Terra,MODIS,71,6.2,302.7,19.5,D,0
-14.8504,144.2168,318,1.7,1.3,2014-08-26,0104,Terra,MODIS,48,6.2,298.8,17.6,D,0
-12.6077,131.7872,331.2,2.8,1.6,2014-08-26,0104,Terra,MODIS,82,6.2,305.5,95.8,D,0
-12.9337,136.4825,321.7,1.3,1.1,2014-08-26,0104,Terra,MODIS,69,6.2,303,15.2,D,0
-15.3421,134.7123,336.2,1.5,1.2,2014-08-26,0104,Terra,MODIS,86,6.2,306.8,51.2,D,0
-15.3582,134.8097,324.1,1.5,1.2,2014-08-26,0104,Terra,MODIS,43,6.2,307.9,16.5,D,0
-15.3445,134.7263,324.6,1.5,1.2,2014-08-26,0104,Terra,MODIS,73,6.2,305.3,22.1,D,0
-15.3473,134.8116,322.4,1.5,1.2,2014-08-26,0104,Terra,MODIS,41,6.2,308.7,12.8,D,0
-15.0638,134.8374,324.7,1.5,1.2,2014-08-26,0104,Terra,MODIS,54,6.2,308.5,18.8,D,0
-13.251,135.7209,334.9,1.4,1.2,2014-08-26,0104,Terra,MODIS,85,6.2,305,42.6,D,0
-13.2777,135.5224,315.8,1.4,1.2,2014-08-26,0104,Terra,MODIS,55,6.2,302.8,9.5,D,0
-13.2744,135.5298,316.5,1.4,1.2,2014-08-26,0104,Terra,MODIS,58,6.2,303.4,10.6,D,0
-13.2531,135.7337,320.5,1.4,1.2,2014-08-26,0104,Terra,MODIS,51,6.2,302.5,14.7,D,0
-12.4968,132.6808,328.6,2.4,1.5,2014-08-26,0104,Terra,MODIS,73,6.2,306,55.5,D,0
-13.2846,135.7284,328.9,1.4,1.2,2014-08-26,0104,Terra,MODIS,80,6.2,305.6,29.7,D,0
-12.8467,130.5868,320,3.4,1.7,2014-08-26,0104,Terra,MODIS,52,6.2,302.7,61,D,0
-14.1376,129.6903,312.7,3.8,1.8,2014-08-26,0104,Terra,MODIS,41,6.2,302,38.7,D,0
-12.8371,130.5945,317.1,3.4,1.7,2014-08-26,0104,Terra,MODIS,47,6.2,303.4,42.9,D,0
-12.8527,130.5916,318.9,3.4,1.7,2014-08-26,0104,Terra,MODIS,60,6.2,302.3,55.5,D,0
-16.0562,128.4039,314.3,4.3,1.9,2014-08-26,0105,Terra,MODIS,21,6.2,302.8,48.7,D,0
-16.0721,128.4078,322.7,4.3,1.9,2014-08-26,0105,Terra,MODIS,75,6.2,302.5,111.6,D,0
-16.0647,128.3697,314.9,4.3,1.9,2014-08-26,0105,Terra,MODIS,27,6.2,301.8,51.6,D,0
-16.0733,128.4002,323,4.3,1.9,2014-08-26,0105,Terra,MODIS,76,6.2,302.4,119,D,0
-15.9594,128.8392,317,4,1.9,2014-08-26,0105,Terra,MODIS,66,6.2,303.8,54.5,D,0
-15.9557,128.8473,316.8,4,1.9,2014-08-26,0105,Terra,MODIS,66,6.2,304.3,53.1,D,0
-18.765,133.8731,335.3,1.5,1.2,2014-08-26,0105,Terra,MODIS,86,6.2,305.6,49.1,D,0
-15.9698,135.6742,387.9,1.3,1.1,2014-08-26,0105,Terra,MODIS,75,6.2,317.2,255.9,D,0
-15.9818,135.6905,340.9,1.3,1.1,2014-08-26,0105,Terra,MODIS,89,6.2,308.8,47.7,D,0
-15.9799,135.6786,398.6,1.3,1.1,2014-08-26,0105,Terra,MODIS,100,6.2,313.6,338.4,D,0
-15.9779,135.6666,342.1,1.3,1.1,2014-08-26,0105,Terra,MODIS,90,6.2,306.3,53.3,D,0
-15.9797,135.7402,327.6,1.3,1.1,2014-08-26,0105,Terra,MODIS,58,6.2,305.7,20.7,D,0
-15.9679,135.6622,403.7,1.3,1.1,2014-08-26,0105,Terra,MODIS,75,6.2,313.2,386.4,D,0
-15.9737,135.6981,336.8,1.3,1.1,2014-08-26,0105,Terra,MODIS,65,6.2,307.1,38.4,D,0
-15.9795,135.7343,327.4,1.3,1.1,2014-08-26,0105,Terra,MODIS,55,6.2,306.8,20.4,D,0
-15.9718,135.6862,371.4,1.3,1.1,2014-08-26,0105,Terra,MODIS,75,6.2,313.5,158.1,D,0
-15.9678,135.6684,412.1,1.3,1.1,2014-08-26,0105,Terra,MODIS,75,6.2,322.2,469.7,D,0
-15.9698,135.6804,373,1.3,1.1,2014-08-26,0105,Terra,MODIS,75,6.2,314.9,165.9,D,0
-15.9718,135.6923,351.6,1.3,1.1,2014-08-26,0105,Terra,MODIS,72,6.2,309.7,77.9,D,0
-15.9738,135.7044,321.9,1.3,1.1,2014-08-26,0105,Terra,MODIS,35,6.2,305.1,10.3,D,0
-15.9658,135.6564,384,1.3,1.1,2014-08-26,0105,Terra,MODIS,75,6.2,310.4,232.6,D,0
-15.6342,131.9673,319.1,2.4,1.5,2014-08-26,0105,Terra,MODIS,67,6.2,304.8,31,D,0
-15.6301,131.9454,318.3,2.4,1.5,2014-08-26,0105,Terra,MODIS,66,6.2,304.3,28.5,D,0
-15.6225,131.9536,319.1,2.4,1.5,2014-08-26,0105,Terra,MODIS,59,6.2,305,28.3,D,0
-18.7625,133.8588,364,1.5,1.2,2014-08-26,0105,Terra,MODIS,100,6.2,307,163.1,D,0
-18.7601,133.8445,346.7,1.5,1.2,2014-08-26,0105,Terra,MODIS,93,6.2,303.5,87.3,D,0
-16.1889,136.0183,324.3,1.2,1.1,2014-08-26,0105,Terra,MODIS,71,6.2,309.3,14.8,D,0
-16.1034,135.8681,327.5,1.3,1.1,2014-08-26,0105,Terra,MODIS,58,6.2,306.3,18.6,D,0
-16.0985,135.713,316,1.3,1.1,2014-08-26,0105,Terra,MODIS,21,6.2,304.8,6.2,D,0
-16.014,135.6972,321.4,1.3,1.1,2014-08-26,0105,Terra,MODIS,66,6.2,307.2,11.9,D,0
-16.0481,135.7158,333.6,1.3,1.1,2014-08-26,0105,Terra,MODIS,83,6.2,306.3,31.9,D,0
-16.1314,135.8514,326,1.3,1.1,2014-08-26,0105,Terra,MODIS,69,6.2,307.5,15.9,D,0
-16.1243,135.7448,319.2,1.3,1.1,2014-08-26,0105,Terra,MODIS,28,6.2,305.1,7.6,D,0
-16.129,136.6804,321.5,1.1,1.1,2014-08-26,0105,Terra,MODIS,44,6.2,309.2,9.8,D,0
-16.0583,135.906,320.9,1.2,1.1,2014-08-26,0105,Terra,MODIS,45,6.2,307,10.5,D,0
-16.1224,135.7332,329.8,1.3,1.1,2014-08-26,0105,Terra,MODIS,79,6.2,305,24.9,D,0
-16.1005,135.7251,323.2,1.3,1.1,2014-08-26,0105,Terra,MODIS,68,6.2,306,15.3,D,0
-16.0582,135.7141,322.9,1.3,1.1,2014-08-26,0105,Terra,MODIS,65,6.2,306.4,13.9,D,0
-16.1015,135.8566,336.4,1.3,1.1,2014-08-26,0105,Terra,MODIS,85,6.2,307.9,34.2,D,0
-15.9813,135.7461,318.8,1.3,1.1,2014-08-26,0105,Terra,MODIS,10,6.2,304.6,7.1,D,0
-16.1134,135.8663,323.5,1.3,1.1,2014-08-26,0105,Terra,MODIS,14,6.2,307.3,12.1,D,0
-16.0564,135.8945,331.6,1.2,1.1,2014-08-26,0105,Terra,MODIS,81,6.2,306.6,26.3,D,0
-16.05,135.7278,326.9,1.3,1.1,2014-08-26,0105,Terra,MODIS,75,6.2,305.9,19.5,D,0
-16.153,136.6812,323.4,1.1,1.1,2014-08-26,0105,Terra,MODIS,63,6.2,309.6,12,D,0
-15.8047,130.4891,316.8,3.1,1.7,2014-08-26,0105,Terra,MODIS,50,6.2,302.7,36.6,D,0
-18.2543,129.8889,322.7,3,1.7,2014-08-26,0105,Terra,MODIS,49,6.2,301.6,62,D,0
-18.2349,129.8696,316.7,3,1.7,2014-08-26,0105,Terra,MODIS,19,6.2,301.9,37.7,D,0
-18.2497,129.8664,318.9,3,1.7,2014-08-26,0105,Terra,MODIS,49,6.2,302.5,44.6,D,0
-18.2551,129.8949,319.1,3,1.7,2014-08-26,0105,Terra,MODIS,47,6.2,300.9,47.5,D,0
-15.8034,130.4833,322.2,3.1,1.7,2014-08-26,0105,Terra,MODIS,65,6.2,302.9,59.8,D,0
-18.5886,130.0353,342.8,2.9,1.6,2014-08-26,0105,Terra,MODIS,92,6.2,300.1,194.7,D,0
-18.5937,130.0626,373.3,2.9,1.6,2014-08-26,0105,Terra,MODIS,100,6.2,303.5,557.3,D,0
-18.5987,130.0896,321.3,2.9,1.6,2014-08-26,0105,Terra,MODIS,33,6.2,301.3,49.4,D,0
-18.5942,130.0552,374.4,2.9,1.6,2014-08-26,0105,Terra,MODIS,100,6.2,302.7,581.9,D,0
-18.5994,130.0822,323.1,2.9,1.6,2014-08-26,0105,Terra,MODIS,74,6.2,300.9,65.3,D,0
-18.6046,130.109,324.1,2.9,1.6,2014-08-26,0105,Terra,MODIS,74,6.2,300.5,69.1,D,0
-17.1703,127.8231,309,4.5,2,2014-08-26,0105,Terra,MODIS,29,6.2,298.7,33.5,D,0
-17.8607,138.4297,324.6,1,1,2014-08-26,0105,Terra,MODIS,72,6.2,307.1,11.3,D,0
-17.8911,138.4477,344.7,1,1,2014-08-26,0105,Terra,MODIS,91,6.2,308.1,40.5,D,0
-17.8925,138.457,345,1,1,2014-08-26,0105,Terra,MODIS,92,6.2,309.9,40.6,D,0
-17.4245,138.6545,319.6,1,1,2014-08-26,0105,Terra,MODIS,46,6.2,307.9,5.6,D,0
-17.1529,138.9353,326.3,1,1,2014-08-26,0105,Terra,MODIS,75,6.2,306.3,13.1,D,0
-17.9042,138.4744,324.1,1,1,2014-08-26,0105,Terra,MODIS,71,6.2,305.7,10.7,D,0
-17.5121,140.8267,324.4,1.1,1.1,2014-08-26,0105,Terra,MODIS,0,6.2,308,13.2,D,0
-17.6935,138.3571,324.5,1,1,2014-08-26,0105,Terra,MODIS,72,6.2,306.5,12.1,D,0
-17.6949,138.3665,320.2,1,1,2014-08-26,0105,Terra,MODIS,57,6.2,307.1,7.2,D,0
-16.8906,136.959,323.6,1.1,1,2014-08-26,0105,Terra,MODIS,71,6.2,307.8,11.7,D,0
-16.4942,136.9665,322,1.1,1,2014-08-26,0105,Terra,MODIS,61,6.2,308.3,9.8,D,0
-17.679,138.3846,324.5,1,1,2014-08-26,0105,Terra,MODIS,37,6.2,306.8,10.3,D,0
-17.6804,138.3939,332.7,1,1,2014-08-26,0105,Terra,MODIS,82,6.2,308,20.5,D,0
-17.6901,138.396,323.3,1,1,2014-08-26,0105,Terra,MODIS,65,6.2,308.2,9.7,D,0
-16.8922,136.9691,320.5,1.1,1,2014-08-26,0105,Terra,MODIS,59,6.2,306.6,8.8,D,0
-15.7847,130.4638,326,3.1,1.7,2014-08-26,0105,Terra,MODIS,55,6.2,303.5,75,D,0
-15.7996,130.4609,319.9,3.1,1.7,2014-08-26,0105,Terra,MODIS,64,6.2,302.4,52.1,D,0
-15.798,130.4551,318.4,3.1,1.7,2014-08-26,0105,Terra,MODIS,38,6.2,302,42.4,D,0
-16.586,139.4013,335.5,1,1,2014-08-26,0105,Terra,MODIS,87,6.2,305.4,23.9,D,0
-15.7296,130.417,323.2,3.1,1.7,2014-08-26,0105,Terra,MODIS,55,6.2,302.4,65.1,D,0
-15.7348,130.4446,322.2,3.1,1.7,2014-08-26,0105,Terra,MODIS,48,6.2,303.4,56.7,D,0
-15.7442,130.4126,324.6,3.1,1.7,2014-08-26,0105,Terra,MODIS,61,6.2,302.6,73.3,D,0
-17.3934,138.6306,322.6,1,1,2014-08-26,0105,Terra,MODIS,60,6.2,306.1,9.3,D,0
-17.7226,138.4293,320.4,1,1,2014-08-26,0105,Terra,MODIS,48,6.2,307.8,6.4,D,0
-17.7266,138.3326,324.8,1,1,2014-08-26,0105,Terra,MODIS,30,6.2,306.3,12.1,D,0
-17.7356,138.3312,333.5,1,1,2014-08-26,0105,Terra,MODIS,55,6.2,304.8,21.6,D,0
-17.737,138.3406,342.3,1,1,2014-08-26,0105,Terra,MODIS,89,6.2,308.7,34.8,D,0
-17.746,138.3391,372.2,1,1,2014-08-26,0105,Terra,MODIS,100,6.2,311.5,111.5,D,0
-17.7703,138.4409,322.2,1,1,2014-08-26,0105,Terra,MODIS,68,6.2,309.5,6.5,D,0
-18.7674,133.8874,319.5,1.5,1.2,2014-08-26,0105,Terra,MODIS,66,6.2,305.1,15.4,D,0
-18.8968,133.9736,318,1.5,1.2,2014-08-26,0105,Terra,MODIS,65,6.2,301.7,14,D,0
-18.8991,133.9874,327.6,1.5,1.2,2014-08-26,0105,Terra,MODIS,79,6.2,303.7,32.1,D,0
-17.2378,139.0119,323.3,1,1,2014-08-26,0105,Terra,MODIS,48,6.2,307.1,8.2,D,0
-17.2102,139.0125,325.8,1,1,2014-08-26,0105,Terra,MODIS,54,6.2,305.8,11.9,D,0
-24.8737,148.6106,316.7,4.7,2,2014-08-26,0106,Terra,MODIS,17,6.2,296.8,103.9,D,0
-24.876,148.6174,323.8,4.7,2,2014-08-26,0106,Terra,MODIS,79,6.2,296.8,182.2,D,0
-24.8919,148.6098,321.6,4.7,2,2014-08-26,0106,Terra,MODIS,56,6.2,297.6,146.3,D,0
-20.7332,139.4782,319.2,1.1,1,2014-08-26,0106,Terra,MODIS,57,6.2,305.7,8.6,D,2
-21.4551,126.4046,344.4,4.6,2,2014-08-26,0106,Terra,MODIS,93,6.2,296.5,415.1,D,0
-21.4297,126.4569,310.7,4.5,2,2014-08-26,0106,Terra,MODIS,47,6.2,298.1,37.7,D,0
-21.4548,126.3992,336.8,4.6,2,2014-08-26,0106,Terra,MODIS,88,6.2,296.1,294.9,D,0
-21.447,126.4469,343.5,4.5,2,2014-08-26,0106,Terra,MODIS,92,6.2,299.5,391.3,D,0
-21.447,126.4524,342.2,4.5,2,2014-08-26,0106,Terra,MODIS,91,6.2,299,368.5,D,0
-35.4897,145.4077,307.3,3.6,1.8,2014-08-26,0109,Terra,MODIS,65,6.2,289.4,45.5,D,0
-34.3723,140.4701,305,1.7,1.3,2014-08-26,0109,Terra,MODIS,60,6.2,292.4,9.5,D,0
-34.3742,140.4886,327.9,1.7,1.3,2014-08-26,0109,Terra,MODIS,85,6.2,294.1,53.1,D,0
-35.4969,145.3719,300.2,3.6,1.8,2014-08-26,0109,Terra,MODIS,32,6.2,288.9,20.6,D,0
-35.5061,145.4065,307.2,3.6,1.8,2014-08-26,0109,Terra,MODIS,65,6.2,289.3,46,D,0
-17.6127,122.8709,325.9,3.3,1.7,2014-08-26,0243,Terra,MODIS,57,6.2,303.9,57.6,D,0
-17.8608,122.6441,319.7,3.2,1.7,2014-08-26,0243,Terra,MODIS,33,6.2,308.2,35.9,D,0
-17.7108,122.6413,322.5,3.2,1.7,2014-08-26,0243,Terra,MODIS,47,6.2,310.3,34.1,D,0
-17.7078,122.6118,323.9,3.1,1.7,2014-08-26,0243,Terra,MODIS,70,6.2,309.5,43,D,0
-17.6003,122.9033,327.9,3.3,1.7,2014-08-26,0243,Terra,MODIS,73,6.2,308.9,72.4,D,0
-17.9954,123.6104,328.8,3.8,1.8,2014-08-26,0243,Terra,MODIS,73,6.2,307.9,113.9,D,0
-17.9922,123.5752,336.7,3.8,1.8,2014-08-26,0243,Terra,MODIS,86,6.2,305.7,188.6,D,0
-17.989,123.618,332.5,3.8,1.8,2014-08-26,0243,Terra,MODIS,82,6.2,309.7,144.9,D,0
-17.9855,123.5828,340.3,3.8,1.8,2014-08-26,0243,Terra,MODIS,88,6.2,307.5,226.5,D,0
-17.5982,122.8478,353,3.3,1.7,2014-08-26,0243,Terra,MODIS,96,6.2,311.2,304.7,D,0
-17.6015,122.8785,355.5,3.3,1.7,2014-08-26,0243,Terra,MODIS,97,6.2,309.2,340,D,0
-17.6137,122.8463,324.5,3.3,1.7,2014-08-26,0243,Terra,MODIS,45,6.2,304.2,52.3,D,0
-17.5942,122.8417,332.5,3.3,1.7,2014-08-26,0243,Terra,MODIS,81,6.2,310.6,105,D,0
-17.5972,122.8724,353.3,3.3,1.7,2014-08-26,0243,Terra,MODIS,96,6.2,311.3,317.8,D,0
-17.6925,122.765,324.1,3.2,1.7,2014-08-26,0243,Terra,MODIS,63,6.2,311.1,49.5,D,0
-16.6292,123.9258,316.4,3.8,1.8,2014-08-26,0243,Terra,MODIS,55,6.2,305.5,38.1,D,0
-17.772,122.6587,327.1,3.2,1.7,2014-08-26,0243,Terra,MODIS,75,6.2,308.8,65.3,D,0
-17.7628,122.7206,341.3,3.2,1.7,2014-08-26,0243,Terra,MODIS,89,6.2,309.4,175.8,D,0
-17.7598,122.6902,337.3,3.2,1.7,2014-08-26,0243,Terra,MODIS,86,6.2,311.3,136.4,D,0
-17.7749,122.6651,330.5,3.2,1.7,2014-08-26,0243,Terra,MODIS,70,6.2,307.6,79.6,D,0
-17.7661,122.7269,335.7,3.2,1.7,2014-08-26,0243,Terra,MODIS,72,6.2,308.3,123.1,D,0
-17.7629,122.6966,348.8,3.2,1.7,2014-08-26,0243,Terra,MODIS,94,6.2,310.6,244.7,D,0
-17.8701,122.2909,369.1,3,1.6,2014-08-26,0243,Terra,MODIS,100,6.2,310,510.1,D,0
-17.8731,122.319,364.1,3,1.6,2014-08-26,0243,Terra,MODIS,100,6.2,308.6,437.2,D,0
-17.8697,122.2844,349.7,3,1.6,2014-08-26,0243,Terra,MODIS,94,6.2,308.5,256.7,D,0
-17.8725,122.3124,368,3,1.6,2014-08-26,0243,Terra,MODIS,100,6.2,310.1,497.5,D,0
-17.8753,122.3408,326.5,3,1.7,2014-08-26,0243,Terra,MODIS,61,6.2,305.8,76.3,D,0
-16.4051,123.9161,327.1,3.8,1.8,2014-08-26,0243,Terra,MODIS,0,6.2,302.4,134.3,D,0
-16.4152,123.9212,328.1,3.8,1.8,2014-08-26,0243,Terra,MODIS,0,6.2,303.4,137.7,D,0
-17.66,122.2973,320.8,3,1.6,2014-08-26,0243,Terra,MODIS,51,6.2,308.4,26.6,D,0
-16.5722,123.7801,328.1,3.7,1.8,2014-08-26,0243,Terra,MODIS,81,6.2,304.4,123.6,D,0
-16.5815,123.7858,324.3,3.7,1.8,2014-08-26,0243,Terra,MODIS,77,6.2,305.1,94.4,D,0
-16.5653,123.7879,321.8,3.7,1.8,2014-08-26,0243,Terra,MODIS,71,6.2,303.9,75.3,D,0
-17.6895,122.7347,336.3,3.2,1.7,2014-08-26,0243,Terra,MODIS,85,6.2,309,134.9,D,0
-17.6096,122.8402,337.9,3.3,1.7,2014-08-26,0243,Terra,MODIS,86,6.2,306.4,151.6,D,0
-17.6924,122.7401,335.7,3.2,1.7,2014-08-26,0243,Terra,MODIS,84,6.2,308.8,127.9,D,0
-17.9794,123.6912,322.8,3.8,1.8,2014-08-26,0243,Terra,MODIS,26,6.2,310.5,62.3,D,0
-17.4294,123.825,319.5,3.8,1.8,2014-08-26,0243,Terra,MODIS,25,6.2,309.4,40.2,D,0
-21.1471,120.7465,317.4,2.5,1.5,2014-08-26,0244,Terra,MODIS,44,6.2,303.5,27.7,D,0
-21.1383,120.7973,317.6,2.5,1.5,2014-08-26,0244,Terra,MODIS,42,6.2,306.8,24.3,D,0
-21.0689,120.8051,316.9,2.5,1.5,2014-08-26,0244,Terra,MODIS,51,6.2,306.3,20.4,D,0
-21.0607,120.7869,328.6,2.5,1.5,2014-08-26,0244,Terra,MODIS,78,6.2,307.1,69.3,D,0
-21.1851,119.9969,316.6,2.2,1.4,2014-08-26,0244,Terra,MODIS,49,6.2,305.8,18.7,D,0
-21.1333,120.7482,327,2.5,1.5,2014-08-26,0244,Terra,MODIS,76,6.2,305.5,64.1,D,0
-21.1358,120.7726,317.4,2.5,1.5,2014-08-26,0244,Terra,MODIS,38,6.2,305.5,25.5,D,0
-21.0666,120.7808,328.6,2.5,1.5,2014-08-26,0244,Terra,MODIS,78,6.2,307.9,69.8,D,0
-20.915,119.6638,317.8,2.1,1.4,2014-08-26,0244,Terra,MODIS,29,6.2,305.6,18.1,D,0
-23.0022,122.7854,348.8,3.8,1.8,2014-08-26,0245,Terra,MODIS,94,6.2,307.1,356.5,D,0
-23.0126,122.7918,315.3,3.8,1.8,2014-08-26,0245,Terra,MODIS,41,6.2,304.5,35.9,D,0
-21.97,119.7129,326.5,2.2,1.4,2014-08-26,0245,Terra,MODIS,77,6.2,305.9,47.6,D,0
-21.9717,119.7194,321.2,2.2,1.4,2014-08-26,0245,Terra,MODIS,69,6.2,305.3,30.2,D,0
-22.9962,122.7933,345.9,3.8,1.8,2014-08-26,0245,Terra,MODIS,92,6.2,307,314.5,D,0
-21.9694,119.6982,320.3,2.2,1.4,2014-08-26,0245,Terra,MODIS,67,6.2,307.2,26,D,0
-41.076,147.2832,304.8,1.9,1.3,2014-08-26,0345,Aqua,MODIS,60,6.2,287.4,16.8,D,0
-41.0779,147.2883,302.4,1.9,1.3,2014-08-26,0345,Aqua,MODIS,49,6.2,287.8,13.9,D,0
-32.3301,148.6877,301.2,1.2,1.1,2014-08-26,0347,Aqua,MODIS,33,6.2,288.5,4.9,D,0
-28.4006,151.1122,313.1,1,1,2014-08-26,0348,Aqua,MODIS,68,6.2,298.8,6.7,D,0
-29.3146,148.4504,332.2,1.2,1.1,2014-08-26,0348,Aqua,MODIS,77,6.2,292.4,36.5,D,0
-29.3131,148.4626,320.5,1.2,1.1,2014-08-26,0348,Aqua,MODIS,33,6.2,293.4,19.9,D,0
-28.4678,150.7685,320.1,1,1,2014-08-26,0348,Aqua,MODIS,76,6.2,300.7,12.6,D,0
-24.7329,151.523,338.7,1,1,2014-08-26,0349,Aqua,MODIS,89,6.2,300.9,39.1,D,0
-24.7314,151.5332,320.8,1,1,2014-08-26,0349,Aqua,MODIS,72,6.2,299.6,14.9,D,0
-26.8308,152.4454,306.1,1.1,1,2014-08-26,0349,Aqua,MODIS,23,6.2,294.8,4,D,0
-24.8749,150.9455,340.1,1,1,2014-08-26,0349,Aqua,MODIS,90,6.2,301.3,38.6,D,0
-26.3328,152.9611,311,1.1,1.1,2014-08-26,0349,Aqua,MODIS,65,6.2,292.7,10.1,D,0
-25.7233,150.9287,342.2,1,1,2014-08-26,0349,Aqua,MODIS,91,6.2,304.5,38.7,D,0
-26.1815,146.3172,316.6,1.4,1.2,2014-08-26,0349,Aqua,MODIS,66,6.2,302.8,12.2,D,0
-26.0973,151.5137,313.4,1,1,2014-08-26,0349,Aqua,MODIS,60,6.2,301.7,4.7,D,0
-26.688,151.6299,312.9,1,1,2014-08-26,0349,Aqua,MODIS,51,6.2,296.4,9.9,D,0
-26.6895,151.6197,318.3,1,1,2014-08-26,0349,Aqua,MODIS,51,6.2,297.6,14.5,D,0
-25.7324,150.9304,344.2,1,1,2014-08-26,0349,Aqua,MODIS,92,6.2,305.3,42.1,D,0
-25.4066,149.1226,313.6,1,1,2014-08-26,0349,Aqua,MODIS,55,6.2,300.4,6.8,D,0
-25.508,152.4097,321.5,1.1,1,2014-08-26,0349,Aqua,MODIS,52,6.2,297.8,15,D,0
-25.497,152.4187,328.3,1.1,1,2014-08-26,0349,Aqua,MODIS,77,6.2,296.1,23.8,D,0
-24.872,150.9653,314,1,1,2014-08-26,0349,Aqua,MODIS,29,6.2,294.4,8.6,D,0
-24.8854,150.9371,315.1,1,1,2014-08-26,0349,Aqua,MODIS,22,6.2,300.8,8.2,D,0
-24.8839,150.9471,341.9,1,1,2014-08-26,0349,Aqua,MODIS,91,6.2,301.8,42.5,D,0
-25.4079,147.0204,322.5,1.3,1.1,2014-08-26,0349,Aqua,MODIS,75,6.2,303.1,18.3,D,0
-24.8734,150.9554,341.2,1,1,2014-08-26,0349,Aqua,MODIS,90,6.2,299.3,40.8,D,0
-27.3678,148.1015,328.9,1.2,1.1,2014-08-26,0349,Aqua,MODIS,82,6.2,302.5,26.5,D,0
-24.8819,148.6008,369.9,1.1,1,2014-08-26,0349,Aqua,MODIS,100,6.2,311.7,116.5,D,0
-26.1831,146.303,329.4,1.4,1.2,2014-08-26,0349,Aqua,MODIS,82,6.2,303.2,35,D,0
-26.6078,151.4205,319.5,1,1,2014-08-26,0349,Aqua,MODIS,74,6.2,296.4,11.9,D,0
-26.6063,151.4306,327.8,1,1,2014-08-26,0349,Aqua,MODIS,82,6.2,296.3,20.8,D,0
-24.8898,148.6128,325.5,1.1,1,2014-08-26,0349,Aqua,MODIS,72,6.2,307.3,14.4,D,0
-24.6997,151.8026,319.1,1.1,1,2014-08-26,0349,Aqua,MODIS,63,6.2,305.9,11.3,D,0
-25.4094,147.0078,320.2,1.3,1.1,2014-08-26,0349,Aqua,MODIS,72,6.2,303.8,15.2,D,0
-24.8644,150.9538,331.3,1,1,2014-08-26,0349,Aqua,MODIS,72,6.2,300.5,25.4,D,0
-24.8764,150.9355,315.8,1,1,2014-08-26,0349,Aqua,MODIS,47,6.2,299.3,8.7,D,0
-24.8912,148.6022,336.5,1.1,1,2014-08-26,0349,Aqua,MODIS,87,6.2,309.2,29.9,D,0
-25.4097,152.2089,311.8,1.1,1,2014-08-26,0349,Aqua,MODIS,46,6.2,299.3,5,D,0
-23.8689,151.0856,319.5,1,1,2014-08-26,0349,Aqua,MODIS,25,6.2,297.4,10.9,D,0
-24.2065,149.4527,343.9,1,1,2014-08-26,0349,Aqua,MODIS,91,6.2,304.9,42.6,D,0
-24.2079,149.4427,328,1,1,2014-08-26,0349,Aqua,MODIS,76,6.2,304.2,18.3,D,0
-24.1975,149.4511,321.3,1,1,2014-08-26,0349,Aqua,MODIS,68,6.2,303,12.1,D,0
-24.1988,149.4412,321.3,1,1,2014-08-26,0349,Aqua,MODIS,68,6.2,303.9,11.9,D,0
-24.8805,148.6113,324.2,1.1,1,2014-08-26,0349,Aqua,MODIS,66,6.2,306.4,13.4,D,0
-22.6022,148.3587,332.6,1,1,2014-08-26,0350,Aqua,MODIS,82,6.2,307.3,20.7,D,0
-22.5891,148.5932,320.5,1,1,2014-08-26,0350,Aqua,MODIS,53,6.2,310,5.9,D,0
-23.4681,149.7982,351.7,1,1,2014-08-26,0350,Aqua,MODIS,96,6.2,307.2,54.5,D,0
-22.6128,148.3501,327.8,1,1,2014-08-26,0350,Aqua,MODIS,77,6.2,309.4,15.7,D,0
-23.4157,149.7837,318.1,1,1,2014-08-26,0350,Aqua,MODIS,49,6.2,303.6,7.9,D,0
-23.3977,149.7807,317.2,1,1,2014-08-26,0350,Aqua,MODIS,37,6.2,302.7,7.5,D,0
-23.4785,149.79,334.6,1,1,2014-08-26,0350,Aqua,MODIS,84,6.2,308.1,22.4,D,0
-22.6049,148.3385,324.1,1,1,2014-08-26,0350,Aqua,MODIS,36,6.2,310.3,10.8,D,0
-23.0382,150.7328,317.6,1,1,2014-08-26,0350,Aqua,MODIS,63,6.2,297.3,11.4,D,0
-23.4799,149.7802,327.5,1,1,2014-08-26,0350,Aqua,MODIS,38,6.2,309,13.1,D,0
-23.4695,149.7885,343.8,1,1,2014-08-26,0350,Aqua,MODIS,91,6.2,309.3,37.9,D,0
-23.4723,149.7689,325.1,1,1,2014-08-26,0350,Aqua,MODIS,31,6.2,309,12.7,D,0
-23.4607,149.7914,329,1,1,2014-08-26,0350,Aqua,MODIS,79,6.2,304.6,19,D,0
-23.4621,149.7816,321.7,1,1,2014-08-26,0350,Aqua,MODIS,68,6.2,307.7,11.1,D,0
-23.4649,149.7621,331.6,1,1,2014-08-26,0350,Aqua,MODIS,82,6.2,305.5,23,D,0
-22.6036,148.3486,340.8,1,1,2014-08-26,0350,Aqua,MODIS,89,6.2,310.7,35,D,0
-22.5854,150.3108,314.4,1,1,2014-08-26,0350,Aqua,MODIS,55,6.2,297.8,9.8,D,0
-22.7455,145.41,350.4,1.5,1.2,2014-08-26,0350,Aqua,MODIS,95,6.2,309,90.2,D,0
-23.7985,146.3999,317.9,1.3,1.1,2014-08-26,0350,Aqua,MODIS,60,6.2,303.9,13,D,0
-22.7397,145.4328,319.1,1.5,1.2,2014-08-26,0350,Aqua,MODIS,54,6.2,304.5,10.1,D,0
-22.7414,145.4186,380.9,1.5,1.2,2014-08-26,0350,Aqua,MODIS,100,6.2,309.5,254.5,D,0
-22.7438,145.4242,370.9,1.5,1.2,2014-08-26,0350,Aqua,MODIS,100,6.2,307.8,188.2,D,0
-18.2715,145.9713,368.6,1.2,1.1,2014-08-26,0351,Aqua,MODIS,100,6.2,306,138.1,D,0
-18.711,145.7982,318.6,1.2,1.1,2014-08-26,0351,Aqua,MODIS,62,6.2,296.7,18.5,D,0
-18.27,145.9826,392.7,1.2,1.1,2014-08-26,0351,Aqua,MODIS,100,6.2,308.5,267.4,D,0
-20.1025,148.2461,328.8,1,1,2014-08-26,0351,Aqua,MODIS,77,6.2,304.9,19.8,D,0
-20.1012,148.2558,345.8,1,1,2014-08-26,0351,Aqua,MODIS,92,6.2,306,47.5,D,0
-17.7513,138.317,331.3,4.1,1.9,2014-08-26,0351,Aqua,MODIS,79,6.2,308.3,154.2,D,0
-13.9327,142.0732,317,1.9,1.3,2014-08-26,0352,Aqua,MODIS,19,6.2,302.2,12.7,D,0
-13.9354,142.0982,322.1,1.9,1.3,2014-08-26,0352,Aqua,MODIS,53,6.2,304.2,23.7,D,0
-13.9305,142.0906,330.8,1.9,1.3,2014-08-26,0352,Aqua,MODIS,82,6.2,304.7,50.5,D,0
-13.9374,142.0807,327.9,1.9,1.3,2014-08-26,0352,Aqua,MODIS,79,6.2,302.9,40.3,D,0
-17.7477,138.3092,331,4.1,1.9,2014-08-26,0352,Aqua,MODIS,73,6.2,308.2,152.7,D,0
-14.5285,143.4195,319,1.5,1.2,2014-08-26,0352,Aqua,MODIS,56,6.2,302.7,13.8,D,0
-16.5879,139.3872,320.2,3.3,1.7,2014-08-26,0352,Aqua,MODIS,45,6.2,302.5,61.3,D,0
-14.8482,144.209,325.1,1.4,1.2,2014-08-26,0352,Aqua,MODIS,46,6.2,299.8,21.9,D,0
-15.5007,145.2066,333,1.2,1.1,2014-08-26,0352,Aqua,MODIS,83,6.2,302.2,35.3,D,0
-15.5285,145.071,340.6,1.2,1.1,2014-08-26,0352,Aqua,MODIS,89,6.2,301.6,49.7,D,0
-14.7003,142.2079,325.6,1.9,1.3,2014-08-26,0352,Aqua,MODIS,71,6.2,309.1,23.1,D,0
-14.8355,144.9959,328.9,1.2,1.1,2014-08-26,0352,Aqua,MODIS,69,6.2,296.7,24.6,D,0
-16.9185,145.5742,316,1.2,1.1,2014-08-26,0352,Aqua,MODIS,39,6.2,298.3,11.8,D,0
-14.8674,144.9144,341,1.2,1.1,2014-08-26,0352,Aqua,MODIS,89,6.2,298.7,51.5,D,0
-15.53,145.0593,342.3,1.2,1.1,2014-08-26,0352,Aqua,MODIS,90,6.2,303.4,53.3,D,0
-14.8172,144.9815,332.5,1.2,1.1,2014-08-26,0352,Aqua,MODIS,82,6.2,296.9,33.1,D,0
-14.834,145.0072,342.1,1.2,1.1,2014-08-26,0352,Aqua,MODIS,90,6.2,299.3,51.7,D,0
-15.3587,144.809,318.7,1.3,1.1,2014-08-26,0352,Aqua,MODIS,59,6.2,303.6,10.1,D,0
-14.6376,144.4776,321.7,1.3,1.1,2014-08-26,0352,Aqua,MODIS,55,6.2,300.3,16.1,D,0
-16.1369,144.5288,323.9,1.4,1.2,2014-08-26,0352,Aqua,MODIS,66,6.2,305.9,18.8,D,0
-16.9087,145.5729,337.6,1.2,1.1,2014-08-26,0352,Aqua,MODIS,87,6.2,300.3,45.5,D,0
-16.1265,144.5272,322.8,1.4,1.2,2014-08-26,0352,Aqua,MODIS,60,6.2,305.3,16.7,D,0
-14.8271,144.983,327.3,1.2,1.1,2014-08-26,0352,Aqua,MODIS,77,6.2,296.5,23.7,D,0
-16.8989,145.5715,330,1.2,1.1,2014-08-26,0352,Aqua,MODIS,80,6.2,298.8,31.3,D,0
-14.7024,142.1904,344.7,1.9,1.3,2014-08-26,0352,Aqua,MODIS,91,6.2,308,97.2,D,0
-14.8543,145.0166,355,1.2,1.1,2014-08-26,0352,Aqua,MODIS,97,6.2,300.6,89.2,D,0
-15.3602,144.7972,327,1.3,1.1,2014-08-26,0352,Aqua,MODIS,77,6.2,304.1,22.8,D,0
-14.8529,145.0278,335.4,1.2,1.1,2014-08-26,0352,Aqua,MODIS,85,6.2,299.2,38.9,D,0
-16.9072,145.5845,314.8,1.2,1.1,2014-08-26,0352,Aqua,MODIS,22,6.2,297.4,11.1,D,0
-15.4992,145.218,331.9,1.2,1.1,2014-08-26,0352,Aqua,MODIS,82,6.2,299.2,33.6,D,0
-14.8575,144.9129,325.6,1.2,1.1,2014-08-26,0352,Aqua,MODIS,33,6.2,297.5,19.7,D,0
-14.8256,144.9946,324.9,1.2,1.1,2014-08-26,0352,Aqua,MODIS,72,6.2,295.7,20,D,0
-14.6903,142.1888,322.2,1.9,1.3,2014-08-26,0352,Aqua,MODIS,39,6.2,308,15.2,D,0
-15.6283,145.243,333.3,1.2,1.1,2014-08-26,0352,Aqua,MODIS,84,6.2,302.4,35.4,D,0
-15.6298,145.2315,320.6,1.2,1.1,2014-08-26,0352,Aqua,MODIS,65,6.2,302.6,14.2,D,0
-12.049,142.6048,313.6,1.6,1.3,2014-08-26,0353,Aqua,MODIS,30,6.2,292.3,12,D,0
-12.4368,143.156,322.5,1.5,1.2,2014-08-26,0353,Aqua,MODIS,64,6.2,293.3,21.7,D,0
-12.3272,143.0168,314.5,1.5,1.2,2014-08-26,0353,Aqua,MODIS,0,6.2,287.1,10.9,D,0
-12.0504,142.5965,313.4,1.6,1.3,2014-08-26,0353,Aqua,MODIS,46,6.2,292.6,11.2,D,0
-12.8356,142.8886,317.8,1.6,1.2,2014-08-26,0353,Aqua,MODIS,40,6.2,296.5,17,D,0
-12.6577,142.0502,322.9,1.8,1.3,2014-08-26,0353,Aqua,MODIS,53,6.2,286.6,27.4,D,0
-11.94,142.4787,357.6,1.6,1.3,2014-08-26,0353,Aqua,MODIS,99,6.2,292,151,D,0
-12.0485,142.6114,311.2,1.6,1.3,2014-08-26,0353,Aqua,MODIS,28,6.2,291.8,8.4,D,0
-12.8171,141.9457,320.5,1.9,1.3,2014-08-26,0353,Aqua,MODIS,56,6.2,294.6,27.2,D,0
-12.6696,142.0517,334.4,1.8,1.3,2014-08-26,0353,Aqua,MODIS,54,6.2,289.8,55.7,D,0
-12.6759,142.0598,322.3,1.8,1.3,2014-08-26,0353,Aqua,MODIS,53,6.2,290.8,26.9,D,0
-12.4893,143.1772,320.9,1.5,1.2,2014-08-26,0353,Aqua,MODIS,75,6.2,292.9,26.4,D,0
-12.664,142.0583,350.2,1.8,1.3,2014-08-26,0353,Aqua,MODIS,90,6.2,291.5,124.9,D,0
-12.0041,142.5078,324.3,1.6,1.3,2014-08-26,0353,Aqua,MODIS,77,6.2,293.4,32.7,D,0
-12.0135,142.5244,315.1,1.6,1.3,2014-08-26,0353,Aqua,MODIS,33,6.2,292.8,14.1,D,0
-13.4754,141.7877,321.5,2,1.4,2014-08-26,0353,Aqua,MODIS,49,6.2,301.7,24.2,D,0
-13.6347,141.8747,321.4,1.9,1.4,2014-08-26,0353,Aqua,MODIS,61,6.2,304.1,22.7,D,0
-13.3966,143.0585,315.3,1.6,1.2,2014-08-26,0353,Aqua,MODIS,51,6.2,299.6,9.4,D,0
-13.4653,141.7681,325.7,2,1.4,2014-08-26,0353,Aqua,MODIS,53,6.2,301.8,35.9,D,0
-13.4552,141.7484,333.7,2,1.4,2014-08-26,0353,Aqua,MODIS,85,6.2,301.1,65.6,D,0
-12.5396,141.681,317.8,1.9,1.4,2014-08-26,0353,Aqua,MODIS,0,6.2,297.1,20.7,D,0
-11.5199,142.4537,322.5,1.6,1.3,2014-08-26,0353,Aqua,MODIS,71,6.2,290.4,32.1,D,0
-22.8278,130.2343,325.8,1.6,1.3,2014-08-26,0528,Aqua,MODIS,70,6.2,311.3,22.4,D,0
-22.8306,130.2185,331.7,1.6,1.3,2014-08-26,0528,Aqua,MODIS,79,6.2,308.4,37.7,D,0
-22.8165,130.2319,328.2,1.6,1.3,2014-08-26,0528,Aqua,MODIS,75,6.2,310.2,29.3,D,0
-22.8193,130.2161,333.4,1.6,1.3,2014-08-26,0528,Aqua,MODIS,81,6.2,308.3,43.7,D,0
-23.6543,124.7211,326.6,1,1,2014-08-26,0528,Aqua,MODIS,62,6.2,314.2,8.6,D,0
-21.3841,125.8479,392.6,1,1,2014-08-26,0529,Aqua,MODIS,100,6.2,323.5,198,D,0
-21.4245,126.4392,362.4,1.1,1,2014-08-26,0529,Aqua,MODIS,100,6.2,317.3,80.5,D,0
-21.3826,125.8578,371.2,1,1,2014-08-26,0529,Aqua,MODIS,100,6.2,319.2,103.7,D,0
-21.4678,126.3421,337.1,1.1,1,2014-08-26,0529,Aqua,MODIS,82,6.2,310.9,25.7,D,0
-21.4663,126.3523,330.8,1.1,1,2014-08-26,0529,Aqua,MODIS,56,6.2,312.4,14.6,D,0
-21.3201,125.8514,353.4,1,1,2014-08-26,0529,Aqua,MODIS,96,6.2,310.7,51.8,D,0
-21.3216,125.8415,351.7,1,1,2014-08-26,0529,Aqua,MODIS,95,6.2,309.8,47.1,D,0
-21.3305,125.7823,332.3,1,1,2014-08-26,0529,Aqua,MODIS,74,6.2,305.2,18.2,D,0
-21.332,125.7724,391.9,1,1,2014-08-26,0529,Aqua,MODIS,100,6.2,312.4,202.3,D,0
-21.3335,125.7626,332,1,1,2014-08-26,0529,Aqua,MODIS,68,6.2,305.9,19.9,D,0
-21.3066,125.8795,344.6,1,1,2014-08-26,0529,Aqua,MODIS,89,6.2,316.3,34,D,0
-21.3081,125.8696,367.4,1,1,2014-08-26,0529,Aqua,MODIS,100,6.2,319.7,92.2,D,0
-21.3095,125.8597,366.1,1,1,2014-08-26,0529,Aqua,MODIS,100,6.2,315.7,87.3,D,0
-21.311,125.8498,353.7,1,1,2014-08-26,0529,Aqua,MODIS,96,6.2,316.8,52,D,0
-21.4097,125.8017,356,1,1,2014-08-26,0529,Aqua,MODIS,97,6.2,311.2,63,D,0
-21.3125,125.8399,342.2,1,1,2014-08-26,0529,Aqua,MODIS,87,6.2,311.9,28.2,D,0
-21.3004,125.8581,348,1,1,2014-08-26,0529,Aqua,MODIS,92,6.2,313,42,D,0
-21.3108,125.789,397.3,1,1,2014-08-26,0529,Aqua,MODIS,100,6.2,317.6,231.9,D,0
-21.3094,125.7988,341.7,1,1,2014-08-26,0529,Aqua,MODIS,87,6.2,312.2,32.3,D,0
-21.3079,125.8087,340.6,1,1,2014-08-26,0529,Aqua,MODIS,86,6.2,312.4,30.5,D,0
-21.3064,125.8186,328.7,1,1,2014-08-26,0529,Aqua,MODIS,34,6.2,310.9,12.9,D,0
-21.3049,125.8285,384.5,1,1,2014-08-26,0529,Aqua,MODIS,100,6.2,314.3,164.2,D,0
-21.3034,125.8383,445.1,1,1,2014-08-26,0529,Aqua,MODIS,100,6.2,328.5,660.1,D,0
-21.3019,125.8482,441.9,1,1,2014-08-26,0529,Aqua,MODIS,100,6.2,324.8,621.1,D,0
-21.5481,123.9488,335.1,1,1,2014-08-26,0529,Aqua,MODIS,79,6.2,315.2,19.6,D,0
-21.5495,123.939,328.7,1,1,2014-08-26,0529,Aqua,MODIS,68,6.2,318.6,10.7,D,0
-21.373,125.8099,377.8,1,1,2014-08-26,0529,Aqua,MODIS,100,6.2,313.4,134.3,D,0
-21.3745,125.8,450.9,1,1,2014-08-26,0529,Aqua,MODIS,100,6.2,329.8,736,D,0
-21.376,125.7901,420.9,1,1,2014-08-26,0529,Aqua,MODIS,100,6.2,322.4,403.3,D,0
-21.3914,124.7341,415.5,1,1,2014-08-26,0529,Aqua,MODIS,100,6.2,328.6,344.9,D,0
-21.3927,124.7245,325.5,1,1,2014-08-26,0529,Aqua,MODIS,42,6.2,307.6,10.6,D,0
-21.3774,125.7803,331,1,1,2014-08-26,0529,Aqua,MODIS,19,6.2,306.8,15.7,D,0
-21.3851,125.7917,412,1,1,2014-08-26,0529,Aqua,MODIS,100,6.2,328.8,328.8,D,0
-21.4082,125.8116,366,1,1,2014-08-26,0529,Aqua,MODIS,100,6.2,315.2,90.6,D,0
-21.4067,125.8214,334.7,1,1,2014-08-26,0529,Aqua,MODIS,61,6.2,313.1,18.7,D,0
-21.39,124.7437,382,1,1,2014-08-26,0529,Aqua,MODIS,100,6.2,324.5,145.8,D,0
-21.388,125.772,345.6,1,1,2014-08-26,0529,Aqua,MODIS,84,6.2,309.8,39,D,0
-21.4053,125.8313,352.7,1,1,2014-08-26,0529,Aqua,MODIS,95,6.2,316.5,52.6,D,0
-21.4038,125.8412,333.3,1,1,2014-08-26,0529,Aqua,MODIS,57,6.2,316.4,15.9,D,0
-21.4023,125.8511,330,1,1,2014-08-26,0529,Aqua,MODIS,51,6.2,316,11.5,D,0
-21.3833,125.7409,352.6,1,1,2014-08-26,0529,Aqua,MODIS,95,6.2,308.5,57.5,D,0
-21.3886,124.7533,356,1,1,2014-08-26,0529,Aqua,MODIS,97,6.2,319.1,59.6,D,0
-21.3654,125.7984,324.8,1,1,2014-08-26,0529,Aqua,MODIS,19,6.2,306,9.1,D,0
-21.3352,125.8134,335.6,1,1,2014-08-26,0529,Aqua,MODIS,76,6.2,311.6,21.3,D,0
-21.3366,125.8036,337.9,1,1,2014-08-26,0529,Aqua,MODIS,83,6.2,310.5,25.8,D,0
-21.3381,125.7937,332.9,1,1,2014-08-26,0529,Aqua,MODIS,76,6.2,307,19.3,D,0
-21.3396,125.7838,343.5,1,1,2014-08-26,0529,Aqua,MODIS,88,6.2,308.2,37.8,D,0
-21.3411,125.774,403.8,1,1,2014-08-26,0529,Aqua,MODIS,100,6.2,316.4,274.3,D,0
-21.3708,126.308,373.3,1.1,1,2014-08-26,0529,Aqua,MODIS,100,6.2,317.7,120.6,D,0
-21.3836,125.8016,372.1,1,1,2014-08-26,0529,Aqua,MODIS,100,6.2,325.4,111,D,0
-21.3692,126.3181,373,1.1,1,2014-08-26,0529,Aqua,MODIS,100,6.2,317.3,119.6,D,0
-21.3785,126.3198,338.2,1.1,1,2014-08-26,0529,Aqua,MODIS,83,6.2,316.7,25.5,D,0
-21.3821,125.8114,359.4,1,1,2014-08-26,0529,Aqua,MODIS,99,6.2,322,70,D,0
-21.3807,125.8213,417.7,1,1,2014-08-26,0529,Aqua,MODIS,100,6.2,335.6,374,D,0
-21.3792,125.8312,384.4,1,1,2014-08-26,0529,Aqua,MODIS,100,6.2,324.9,160.9,D,0
-21.4432,126.3796,374,1.1,1,2014-08-26,0529,Aqua,MODIS,100,6.2,319.2,122.8,D,0
-21.4338,126.4409,331.2,1.1,1,2014-08-26,0529,Aqua,MODIS,50,6.2,314,11.7,D,0
-21.3865,125.7819,380.7,1,1,2014-08-26,0529,Aqua,MODIS,100,6.2,314.6,145.1,D,0
-21.4325,126.3254,323.9,1.1,1,2014-08-26,0529,Aqua,MODIS,38,6.2,306.5,7.8,D,0
-21.4464,126.2966,357.9,1.1,1,2014-08-26,0529,Aqua,MODIS,98,6.2,309.4,73.4,D,0
-21.4448,126.3067,432,1.1,1,2014-08-26,0529,Aqua,MODIS,100,6.2,324.4,533.1,D,0
-21.3716,125.8197,324.6,1,1,2014-08-26,0529,Aqua,MODIS,9,6.2,311.2,6.7,D,0
-21.4433,126.3168,403.6,1.1,1,2014-08-26,0529,Aqua,MODIS,100,6.2,319.3,283,D,0
-23.0129,122.7889,326.3,1.1,1.1,2014-08-26,0529,Aqua,MODIS,56,6.2,313.6,10.7,D,0
-23.0012,122.7691,342.5,1.1,1.1,2014-08-26,0529,Aqua,MODIS,88,6.2,315.3,40.1,D,0
-21.4417,126.327,444.5,1.1,1,2014-08-26,0529,Aqua,MODIS,100,6.2,333.7,682.7,D,0
-21.4401,126.3372,417.5,1.1,1,2014-08-26,0529,Aqua,MODIS,100,6.2,321.4,390.4,D,0
-21.4386,126.3474,374.7,1.1,1,2014-08-26,0529,Aqua,MODIS,100,6.2,312.7,126,D,0
-21.437,126.3575,372,1.1,1,2014-08-26,0529,Aqua,MODIS,100,6.2,313.6,116.3,D,0
-21.454,126.3083,403.8,1.1,1,2014-08-26,0529,Aqua,MODIS,100,6.2,321.3,285.3,D,0
-21.3047,125.7677,404.6,1,1,2014-08-26,0529,Aqua,MODIS,100,6.2,313,278.5,D,0
-21.3032,125.7775,381.3,1,1,2014-08-26,0529,Aqua,MODIS,100,6.2,313.5,150.6,D,0
-21.3017,125.7874,328.2,1,1,2014-08-26,0529,Aqua,MODIS,37,6.2,308.8,13.8,D,0
-21.3138,125.7693,392.4,1,1,2014-08-26,0529,Aqua,MODIS,100,6.2,317.1,204.3,D,0
-21.3123,125.7791,428.9,1,1,2014-08-26,0529,Aqua,MODIS,100,6.2,325.5,478.3,D,0
-21.4322,126.4511,339.4,1.1,1,2014-08-26,0529,Aqua,MODIS,85,6.2,316.9,25.4,D,0
-21.4525,126.3185,374.7,1.1,1,2014-08-26,0529,Aqua,MODIS,100,6.2,316.7,127.2,D,0
-21.4509,126.3287,350.8,1.1,1,2014-08-26,0529,Aqua,MODIS,94,6.2,314.3,50.2,D,0
-21.4306,126.4614,333.8,1.1,1,2014-08-26,0529,Aqua,MODIS,65,6.2,317.7,15.8,D,0
-21.4494,126.3388,395.2,1.1,1,2014-08-26,0529,Aqua,MODIS,100,6.2,320.8,225.9,D,0
-21.4524,126.3812,348.1,1.1,1,2014-08-26,0529,Aqua,MODIS,92,6.2,316,44.7,D,0
-21.4493,126.4016,326.9,1.1,1,2014-08-26,0529,Aqua,MODIS,48,6.2,312.4,9.5,D,0
-21.4399,126.4631,341.8,1.1,1,2014-08-26,0529,Aqua,MODIS,84,6.2,317.8,30.2,D,0
-21.4383,126.4734,340.9,1.1,1,2014-08-26,0529,Aqua,MODIS,86,6.2,314.5,29,D,0
-21.4523,126.4442,344.2,1.1,1,2014-08-26,0529,Aqua,MODIS,89,6.2,314,36.2,D,0
-21.4478,126.349,375.6,1.1,1,2014-08-26,0529,Aqua,MODIS,100,6.2,318,127.5,D,0
-21.4507,126.4545,334.1,1.1,1,2014-08-26,0529,Aqua,MODIS,49,6.2,312.5,17.7,D,0
-21.4463,126.3592,374.7,1.1,1,2014-08-26,0529,Aqua,MODIS,100,6.2,320.1,124.5,D,0
-21.3425,125.7641,325.2,1,1,2014-08-26,0529,Aqua,MODIS,50,6.2,304.4,12,D,0
-21.3777,125.8411,380.9,1,1,2014-08-26,0529,Aqua,MODIS,100,6.2,323.4,145,D,0
-21.4447,126.3694,355,1.1,1,2014-08-26,0529,Aqua,MODIS,97,6.2,316.2,59.7,D,0
-21.3763,125.851,391.5,1,1,2014-08-26,0529,Aqua,MODIS,100,6.2,321.4,196.6,D,0
-21.3172,125.8712,329,1,1,2014-08-26,0529,Aqua,MODIS,35,6.2,315.4,9.1,D,0
-21.3886,125.8183,337,1,1,2014-08-26,0529,Aqua,MODIS,73,6.2,312.3,18.3,D,0
-21.3187,125.8613,331.3,1,1,2014-08-26,0529,Aqua,MODIS,66,6.2,311.8,11.6,D,0
-21.3871,125.8282,388.6,1,1,2014-08-26,0529,Aqua,MODIS,100,6.2,320.5,176.3,D,0
-21.3856,125.8381,352.2,1,1,2014-08-26,0529,Aqua,MODIS,95,6.2,318,45.8,D,0
-21.4617,126.3201,336.9,1.1,1,2014-08-26,0529,Aqua,MODIS,82,6.2,308.1,26.5,D,0
-21.4602,126.3303,353.9,1.1,1,2014-08-26,0529,Aqua,MODIS,96,6.2,311.3,59.6,D,0
-21.4586,126.3405,342.1,1.1,1,2014-08-26,0529,Aqua,MODIS,87,6.2,310.6,32.7,D,0
-21.0424,118.4237,327.9,2,1.4,2014-08-26,0529,Aqua,MODIS,71,6.2,313.8,28.7,D,0
-21.0444,118.4044,324.7,2,1.4,2014-08-26,0529,Aqua,MODIS,48,6.2,313.9,18.8,D,0
-21.0408,118.4183,331.3,2,1.4,2014-08-26,0529,Aqua,MODIS,77,6.2,314.2,43,D,0
-21.8501,119.4165,324.2,1.7,1.3,2014-08-26,0529,Aqua,MODIS,61,6.2,312.1,17.6,D,0
-21.8454,119.4208,325.7,1.7,1.3,2014-08-26,0529,Aqua,MODIS,63,6.2,310.9,19.6,D,0
-20.92,119.6661,325.6,1.6,1.3,2014-08-26,0529,Aqua,MODIS,51,6.2,310.9,19.9,D,0
-20.9217,119.6608,325.1,1.6,1.3,2014-08-26,0529,Aqua,MODIS,16,6.2,311,16.7,D,0
-18.8967,133.9155,323.4,3.6,1.8,2014-08-26,0529,Aqua,MODIS,67,6.2,305.2,76.5,D,0
-18.8903,133.9092,328.7,3.6,1.8,2014-08-26,0529,Aqua,MODIS,73,6.2,305.2,111.5,D,0
-18.7788,133.8849,318.4,3.6,1.8,2014-08-26,0529,Aqua,MODIS,48,6.2,308.2,43,D,0
-21.1373,120.8016,328,1.4,1.2,2014-08-26,0529,Aqua,MODIS,68,6.2,312.1,18.3,D,0
-21.1423,120.8077,324.4,1.4,1.2,2014-08-26,0529,Aqua,MODIS,41,6.2,312.3,11.9,D,0
-21.0656,120.7781,323.7,1.4,1.2,2014-08-26,0529,Aqua,MODIS,60,6.2,312.8,11.9,D,0
-21.1559,120.7372,337.8,1.4,1.2,2014-08-26,0529,Aqua,MODIS,49,6.2,310.4,40.1,D,0
-18.7856,133.8511,319.9,3.6,1.8,2014-08-26,0529,Aqua,MODIS,58,6.2,308.4,51,D,0
-18.7362,133.7969,320.8,3.6,1.8,2014-08-26,0529,Aqua,MODIS,40,6.2,307.1,56.3,D,0
-18.7429,133.763,345.4,3.6,1.8,2014-08-26,0529,Aqua,MODIS,92,6.2,307.9,280,D,0
-21.1454,120.7357,330.7,1.4,1.2,2014-08-26,0529,Aqua,MODIS,61,6.2,312.1,26.8,D,0
-18.7271,133.7595,373.3,3.6,1.8,2014-08-26,0529,Aqua,MODIS,100,6.2,305.7,752.1,D,0
-21.1421,120.7621,348.5,1.4,1.2,2014-08-26,0529,Aqua,MODIS,93,6.2,311.4,67.8,D,0
-18.7358,133.7565,371.5,3.6,1.8,2014-08-26,0529,Aqua,MODIS,100,6.2,309.4,716.1,D,0
-18.7422,133.7234,322.8,3.6,1.8,2014-08-26,0529,Aqua,MODIS,35,6.2,300.2,76.8,D,0
-21.1605,120.7432,340.3,1.4,1.2,2014-08-26,0529,Aqua,MODIS,87,6.2,309.6,49.2,D,0
-21.1485,120.755,390.3,1.4,1.2,2014-08-26,0529,Aqua,MODIS,100,6.2,316.9,295.8,D,0
-21.1516,120.7286,326.4,1.4,1.2,2014-08-26,0529,Aqua,MODIS,34,6.2,309.6,19.3,D,0
-21.147,120.7225,323.5,1.4,1.2,2014-08-26,0529,Aqua,MODIS,60,6.2,310.2,17,D,0
-21.1349,120.7341,338.1,1.4,1.2,2014-08-26,0529,Aqua,MODIS,75,6.2,311.4,41.9,D,0
-21.1333,120.7473,356.3,1.4,1.2,2014-08-26,0529,Aqua,MODIS,98,6.2,312.2,99.4,D,0
-21.1365,120.7209,346.3,1.4,1.2,2014-08-26,0529,Aqua,MODIS,91,6.2,311.2,68.1,D,0
-21.1438,120.7489,380.1,1.4,1.2,2014-08-26,0529,Aqua,MODIS,100,6.2,316.5,223.4,D,0
-21.15,120.7418,371.6,1.4,1.2,2014-08-26,0529,Aqua,MODIS,100,6.2,314.2,173.2,D,0
-21.1543,120.7504,367.7,1.4,1.2,2014-08-26,0529,Aqua,MODIS,100,6.2,315,150.6,D,0
-21.159,120.7565,336.3,1.4,1.2,2014-08-26,0529,Aqua,MODIS,81,6.2,310.1,37.6,D,0
-22.9513,122.6261,332.3,1.1,1.1,2014-08-26,0529,Aqua,MODIS,77,6.2,312.3,23.2,D,0
-17.4403,123.8201,344.6,1,1,2014-08-26,0530,Aqua,MODIS,89,6.2,318.7,29.4,D,0
-17.4377,123.8388,373.2,1,1,2014-08-26,0530,Aqua,MODIS,100,6.2,320.2,104.3,D,0
-18.5922,130.0242,326.9,1.9,1.3,2014-08-26,0530,Aqua,MODIS,49,6.2,311.3,28.2,D,0
-16.6394,123.8263,356.7,1,1,2014-08-26,0530,Aqua,MODIS,98,6.2,313.3,62.5,D,0
-16.6214,123.8235,348.3,1,1,2014-08-26,0530,Aqua,MODIS,93,6.2,314.5,43.3,D,0
-17.4246,123.8655,328.5,1,1,2014-08-26,0530,Aqua,MODIS,49,6.2,316.6,5.1,D,0
-17.426,123.8561,329.9,1,1,2014-08-26,0530,Aqua,MODIS,57,6.2,319,6.8,D,0
-18.0973,130.643,336.7,2.2,1.4,2014-08-26,0530,Aqua,MODIS,85,6.2,310.1,77.3,D,0
-18.0937,130.6634,325.4,2.2,1.4,2014-08-26,0530,Aqua,MODIS,30,6.2,309.4,31.1,D,0
-18.0967,130.6502,338.8,2.2,1.4,2014-08-26,0530,Aqua,MODIS,87,6.2,310.6,87.8,D,0
-18.1185,130.6757,340.4,2.2,1.4,2014-08-26,0530,Aqua,MODIS,88,6.2,312.1,93.2,D,0
-18.1148,130.6962,329.7,2.2,1.4,2014-08-26,0530,Aqua,MODIS,49,6.2,312.5,46.7,D,0
-18.5668,129.9934,324.3,1.9,1.3,2014-08-26,0530,Aqua,MODIS,46,6.2,311.5,25.4,D,0
-18.589,130.0421,340.7,1.9,1.4,2014-08-26,0530,Aqua,MODIS,88,6.2,313.9,77,D,0
-18.1222,130.6553,334.8,2.2,1.4,2014-08-26,0530,Aqua,MODIS,76,6.2,309.9,63.8,D,0
-18.2838,130.6302,323.2,2.1,1.4,2014-08-26,0530,Aqua,MODIS,42,6.2,311.9,24.9,D,0
-18.2873,130.6177,322.7,2.1,1.4,2014-08-26,0530,Aqua,MODIS,22,6.2,311.3,23.3,D,0
-15.7222,130.3821,326.3,2.3,1.5,2014-08-26,0530,Aqua,MODIS,57,6.2,310.7,37.8,D,0
-18.1283,125.7016,326.4,1.1,1,2014-08-26,0530,Aqua,MODIS,43,6.2,316.4,10.3,D,0
-18.1482,125.6328,337.2,1.1,1,2014-08-26,0530,Aqua,MODIS,82,6.2,316.3,23.5,D,0
-18.1467,125.6428,331.3,1.1,1,2014-08-26,0530,Aqua,MODIS,72,6.2,319.6,14.4,D,0
-17.4417,123.8107,353.8,1,1,2014-08-26,0530,Aqua,MODIS,96,6.2,321.6,49.6,D,0
-19.0432,122.0518,336.3,1.1,1.1,2014-08-26,0530,Aqua,MODIS,69,6.2,314.9,23.3,D,0
-19.0446,122.0412,333.2,1.1,1.1,2014-08-26,0530,Aqua,MODIS,59,6.2,316.4,17.4,D,0
-19.0709,121.6939,335,1.2,1.1,2014-08-26,0530,Aqua,MODIS,79,6.2,316.3,20.3,D,0
-19.0268,121.6539,330.6,1.2,1.1,2014-08-26,0530,Aqua,MODIS,49,6.2,317,10.4,D,0
-15.8035,130.4489,330,2.3,1.5,2014-08-26,0530,Aqua,MODIS,75,6.2,312.7,52.2,D,0
-15.8073,130.4277,322.4,2.3,1.5,2014-08-26,0530,Aqua,MODIS,30,6.2,309.4,23.7,D,0
-15.7372,130.4518,324.9,2.3,1.5,2014-08-26,0530,Aqua,MODIS,36,6.2,311,25.3,D,0
-17.9838,123.6833,341.4,1,1,2014-08-26,0530,Aqua,MODIS,86,6.2,321.2,25.6,D,0
-17.9852,123.6738,336.1,1,1,2014-08-26,0530,Aqua,MODIS,61,6.2,321.3,16.4,D,0
-17.9865,123.6644,344.5,1,1,2014-08-26,0530,Aqua,MODIS,89,6.2,321.7,30.7,D,0
-17.9592,123.7275,333.9,1,1,2014-08-26,0530,Aqua,MODIS,68,6.2,319.9,15.4,D,0
-15.966,128.8221,343.3,1.8,1.3,2014-08-26,0530,Aqua,MODIS,89,6.2,314.4,73.3,D,0
-15.9688,128.8061,337,1.7,1.3,2014-08-26,0530,Aqua,MODIS,84,6.2,313.1,50.9,D,0
-17.7071,122.6309,326,1,1,2014-08-26,0530,Aqua,MODIS,21,6.2,314.3,4.3,D,0
-17.7096,122.681,334.7,1,1,2014-08-26,0530,Aqua,MODIS,47,6.2,314.7,16.3,D,0
-17.7016,122.7393,350.8,1,1,2014-08-26,0530,Aqua,MODIS,92,6.2,317.2,42.1,D,0
-17.7645,122.6893,345.1,1,1,2014-08-26,0530,Aqua,MODIS,89,6.2,317.1,33.5,D,0
-16.625,123.8622,327,1,1,2014-08-26,0530,Aqua,MODIS,64,6.2,315.1,9.2,D,0
-16.6336,123.9305,326.3,1,1,2014-08-26,0530,Aqua,MODIS,54,6.2,313.8,8.8,D,0
-16.5911,123.774,340.1,1,1,2014-08-26,0530,Aqua,MODIS,67,6.2,312.9,28.1,D,0
-17.8521,122.6482,336.7,1,1,2014-08-26,0530,Aqua,MODIS,53,6.2,317.2,19.2,D,0
-17.7565,122.7476,332,1,1,2014-08-26,0530,Aqua,MODIS,47,6.2,318.6,12.4,D,0
-17.7763,122.6712,340.4,1,1,2014-08-26,0530,Aqua,MODIS,84,6.2,313.9,27.6,D,0
-17.775,122.6809,353.9,1,1,2014-08-26,0530,Aqua,MODIS,96,6.2,311.4,55.6,D,0
-17.7737,122.6907,352.6,1,1,2014-08-26,0530,Aqua,MODIS,95,6.2,314.5,51.9,D,0
-17.7723,122.7004,355.6,1,1,2014-08-26,0530,Aqua,MODIS,97,6.2,316.7,58.6,D,0
-17.771,122.7101,336.7,1,1,2014-08-26,0530,Aqua,MODIS,63,6.2,315.8,20.3,D,0
-17.8574,122.609,336,1,1,2014-08-26,0530,Aqua,MODIS,79,6.2,316.2,20.3,D,0
-16.0734,128.3912,344.5,1.6,1.3,2014-08-26,0530,Aqua,MODIS,90,6.2,316.3,74.6,D,0
-17.8626,122.6398,333.5,1,1,2014-08-26,0530,Aqua,MODIS,48,6.2,316.5,14.8,D,0
-17.5253,122.9559,364.6,1,1,2014-08-26,0530,Aqua,MODIS,100,6.2,316.6,78.1,D,0
-17.5149,122.9641,360.8,1,1,2014-08-26,0530,Aqua,MODIS,100,6.2,320.6,68.7,D,0
-17.8588,122.5992,333.9,1,1,2014-08-26,0530,Aqua,MODIS,76,6.2,315.8,17.6,D,0
-16.0759,128.3759,343.2,1.6,1.3,2014-08-26,0530,Aqua,MODIS,89,6.2,313.4,69.6,D,0
-17.5163,122.9545,345.4,1,1,2014-08-26,0530,Aqua,MODIS,77,6.2,314.5,32.2,D,0
-16.4578,123.938,327.9,1,1,2014-08-26,0530,Aqua,MODIS,57,6.2,311.8,11.8,D,0
-17.8284,122.6846,332.7,1,1,2014-08-26,0530,Aqua,MODIS,56,6.2,313.9,15.6,D,0
-17.8297,122.6748,336.5,1,1,2014-08-26,0530,Aqua,MODIS,63,6.2,317.3,20.1,D,0
-17.8022,122.6706,332.4,1,1,2014-08-26,0530,Aqua,MODIS,57,6.2,317.9,13.1,D,0
-16.5633,123.9032,364.8,1,1,2014-08-26,0530,Aqua,MODIS,100,6.2,316.7,84.5,D,0
-16.562,123.9125,333.6,1,1,2014-08-26,0530,Aqua,MODIS,75,6.2,313,17.9,D,0
-16.5696,123.9233,352.5,1,1,2014-08-26,0530,Aqua,MODIS,95,6.2,315.7,52.6,D,0
-17.8794,122.3089,334.8,1.1,1,2014-08-26,0530,Aqua,MODIS,62,6.2,311.6,21.8,D,0
-17.6867,122.651,330,1,1,2014-08-26,0530,Aqua,MODIS,38,6.2,315.9,10.3,D,0
-16.5691,123.7991,335.5,1,1,2014-08-26,0530,Aqua,MODIS,77,6.2,313.7,19.6,D,0
-17.5059,122.9627,353.3,1,1,2014-08-26,0530,Aqua,MODIS,95,6.2,317.1,50.5,D,0
-17.6854,122.6608,364.8,1,1,2014-08-26,0530,Aqua,MODIS,100,6.2,316.7,86.5,D,0
-16.4055,123.9136,328.2,1,1,2014-08-26,0530,Aqua,MODIS,48,6.2,310.9,13.6,D,0
-16.4132,123.9244,327.1,1,1,2014-08-26,0530,Aqua,MODIS,57,6.2,311,12.7,D,0
-17.684,122.6705,338.4,1,1,2014-08-26,0530,Aqua,MODIS,77,6.2,312.4,24.6,D,0
-17.6932,122.6719,333.6,1,1,2014-08-26,0530,Aqua,MODIS,65,6.2,313.3,17.9,D,0
-17.6851,122.7302,343.7,1,1,2014-08-26,0530,Aqua,MODIS,87,6.2,319.4,30.5,D,0
-17.6838,122.7399,365.3,1,1,2014-08-26,0530,Aqua,MODIS,100,6.2,322.8,84.8,D,0
-17.6938,122.7282,344.9,1,1,2014-08-26,0530,Aqua,MODIS,87,6.2,316.1,33.5,D,0
-18.9584,122.0767,340.7,1.1,1.1,2014-08-26,0530,Aqua,MODIS,85,6.2,317,30.4,D,0
-19.031,122.0714,336.6,1.1,1.1,2014-08-26,0530,Aqua,MODIS,53,6.2,316.1,22.5,D,0
-17.6925,122.7379,354.3,1,1,2014-08-26,0530,Aqua,MODIS,96,6.2,320.2,50.1,D,0
-17.6912,122.7476,350.4,1,1,2014-08-26,0530,Aqua,MODIS,90,6.2,320.8,39.9,D,0
-16.2268,128.2327,327.9,1.6,1.2,2014-08-26,0530,Aqua,MODIS,59,6.2,314.3,21.1,D,0
-16.2402,128.2204,325.9,1.6,1.2,2014-08-26,0530,Aqua,MODIS,47,6.2,315.1,14.4,D,0
-17.6679,122.3061,339.6,1.1,1,2014-08-26,0530,Aqua,MODIS,78,6.2,317.4,24.4,D,0
-17.6693,122.2961,338.7,1.1,1,2014-08-26,0530,Aqua,MODIS,80,6.2,319,21.8,D,0
-17.6587,122.3047,346.7,1.1,1,2014-08-26,0530,Aqua,MODIS,90,6.2,314.6,38.4,D,0
-17.66,122.2947,421.3,1.1,1,2014-08-26,0530,Aqua,MODIS,100,6.2,324.8,421.1,D,0
-16.4069,123.9043,332.7,1,1,2014-08-26,0530,Aqua,MODIS,0,6.2,312.1,19,D,0
-16.5729,122.9334,322.4,1,1,2014-08-26,0530,Aqua,MODIS,58,6.2,312.3,8.7,D,0
-16.6201,123.8328,332,1,1,2014-08-26,0530,Aqua,MODIS,53,6.2,315.2,14.5,D,0
-16.5655,123.7605,356.9,1,1,2014-08-26,0530,Aqua,MODIS,98,6.2,312.4,64.6,D,0
-16.5642,123.7698,355.3,1,1,2014-08-26,0530,Aqua,MODIS,97,6.2,313.6,58.9,D,0
-16.5628,123.7791,368.2,1,1,2014-08-26,0530,Aqua,MODIS,100,6.2,315.5,93.8,D,0
-16.5615,123.7884,338.5,1,1,2014-08-26,0530,Aqua,MODIS,82,6.2,312.5,24.7,D,0
-16.5705,123.7898,331.3,1,1,2014-08-26,0530,Aqua,MODIS,45,6.2,314,13.5,D,0
-16.5822,123.7726,351.2,1,1,2014-08-26,0530,Aqua,MODIS,91,6.2,315.6,48.2,D,0
-16.8573,122.5406,364,1,1,2014-08-26,0530,Aqua,MODIS,100,6.2,310.4,97.7,D,3
-17.6951,122.7185,343.4,1,1,2014-08-26,0530,Aqua,MODIS,87,6.2,315.2,32.4,D,0
-17.6824,122.7495,340,1,1,2014-08-26,0530,Aqua,MODIS,82,6.2,321.3,24.1,D,0
-17.6613,122.2847,360.8,1.1,1,2014-08-26,0530,Aqua,MODIS,100,6.2,317.7,72.2,D,0
-17.8526,122.4372,333.9,1.1,1,2014-08-26,0530,Aqua,MODIS,65,6.2,316.7,18.7,D,0
-17.854,122.4273,358.8,1.1,1,2014-08-26,0530,Aqua,MODIS,99,6.2,318,72.3,D,0
-16.6066,123.9262,334.2,1,1,2014-08-26,0530,Aqua,MODIS,81,6.2,317.2,16.9,D,0
-16.5953,123.9369,324.3,1,1,2014-08-26,0530,Aqua,MODIS,30,6.2,313.5,6.9,D,0
-16.5966,123.9276,342.4,1,1,2014-08-26,0530,Aqua,MODIS,89,6.2,316.1,31.8,D,0
-16.5876,123.9262,335.6,1,1,2014-08-26,0530,Aqua,MODIS,83,6.2,315,20.1,D,0
-16.5786,123.9247,327.5,1,1,2014-08-26,0530,Aqua,MODIS,47,6.2,315.6,9.8,D,0
-17.5032,122.9818,338.4,1,1,2014-08-26,0530,Aqua,MODIS,49,6.2,314.2,18.7,D,0
-17.5123,122.9832,340.1,1,1,2014-08-26,0530,Aqua,MODIS,66,6.2,319.7,21.3,D,0
-17.524,122.9655,383.6,1,1,2014-08-26,0530,Aqua,MODIS,100,6.2,322.8,148.8,D,0
-17.9585,123.6022,339.7,1,1,2014-08-26,0530,Aqua,MODIS,81,6.2,317.3,24.4,D,0
-17.9572,123.6116,335,1,1,2014-08-26,0530,Aqua,MODIS,64,6.2,318,16.5,D,0
-17.9998,123.5701,331.5,1,1,2014-08-26,0530,Aqua,MODIS,31,6.2,313.1,13.4,D,0
-17.9958,123.5984,337.8,1,1,2014-08-26,0530,Aqua,MODIS,57,6.2,316.8,19.5,D,0
-17.9945,123.6079,356.8,1,1,2014-08-26,0530,Aqua,MODIS,98,6.2,318.6,57.5,D,0
-18.0022,123.6187,334.4,1,1,2014-08-26,0530,Aqua,MODIS,53,6.2,313.6,16.3,D,0
-18.0857,123.6087,330.5,1,1,2014-08-26,0530,Aqua,MODIS,72,6.2,315.9,13.6,D,0
-15.4093,133.0196,325.9,3.7,1.8,2014-08-26,0530,Aqua,MODIS,57,6.2,308.1,75.8,D,0
-15.2493,132.9471,324.1,3.7,1.8,2014-08-26,0530,Aqua,MODIS,56,6.2,307.6,70.2,D,0
-15.4595,132.8979,328.6,3.6,1.8,2014-08-26,0530,Aqua,MODIS,39,6.2,309.9,78.4,D,0
-15.6413,131.9438,322.8,3,1.7,2014-08-26,0530,Aqua,MODIS,64,6.2,309.4,42.3,D,0
-15.2507,132.9751,322,3.7,1.8,2014-08-26,0530,Aqua,MODIS,38,6.2,309.2,59.3,D,0
-15.4188,132.8821,329.6,3.6,1.8,2014-08-26,0530,Aqua,MODIS,34,6.2,308.2,91.7,D,0
-15.4314,132.8158,330.8,3.6,1.8,2014-08-26,0530,Aqua,MODIS,65,6.2,304.8,122.6,D,0
-15.4156,132.8124,326,3.6,1.8,2014-08-26,0530,Aqua,MODIS,68,6.2,302.4,96.8,D,0
-15.641,131.9516,324.2,3,1.7,2014-08-26,0530,Aqua,MODIS,68,6.2,309.7,50.4,D,0
-11.4005,132.4255,332.5,4,1.9,2014-08-26,0531,Aqua,MODIS,65,6.2,300.8,166,D,0
-11.8155,132.9214,336.7,4.3,1.9,2014-08-26,0531,Aqua,MODIS,88,6.2,302.9,233.2,D,0
-13.3512,132.3915,334.1,3.7,1.8,2014-08-26,0531,Aqua,MODIS,40,6.2,306.6,131,D,0
-13.3634,132.327,342.1,3.6,1.8,2014-08-26,0531,Aqua,MODIS,81,6.2,305.8,214.5,D,0
-14.4627,133.2094,323.7,4,1.9,2014-08-26,0531,Aqua,MODIS,60,6.2,308.2,65.9,D,0
-14.4575,133.2,324.8,4,1.9,2014-08-26,0531,Aqua,MODIS,68,6.2,307.9,78.2,D,0
-13.4271,132.3392,332,3.6,1.8,2014-08-26,0531,Aqua,MODIS,63,6.2,308.6,110.4,D,0
-11.3075,132.0303,311.7,3.8,1.8,2014-08-26,0531,Aqua,MODIS,34,6.2,296.6,31.2,D,0
-11.8184,132.9295,336.7,4.3,1.9,2014-08-26,0531,Aqua,MODIS,88,6.2,303.5,234.5,D,0
-13.4111,132.3361,338.8,3.6,1.8,2014-08-26,0531,Aqua,MODIS,84,6.2,308,170.6,D,0
-15.114,125.7342,366.3,1.2,1.1,2014-08-26,0531,Aqua,MODIS,100,6.2,317.1,105.5,D,0
-15.1156,125.7235,389.7,1.2,1.1,2014-08-26,0531,Aqua,MODIS,100,6.2,319.1,220.6,D,0
-15.2325,125.7772,334.3,1.2,1.1,2014-08-26,0531,Aqua,MODIS,80,6.2,314.7,20.1,D,0
-15.1619,125.8246,333,1.2,1.1,2014-08-26,0531,Aqua,MODIS,58,6.2,314.2,16.9,D,0
-14.4698,133.1733,326.2,4,1.9,2014-08-26,0531,Aqua,MODIS,71,6.2,308.3,83.9,D,0
-14.4642,133.1641,319.8,4,1.9,2014-08-26,0531,Aqua,MODIS,51,6.2,307.6,38.4,D,0
-11.8256,132.8906,318.9,4.3,1.9,2014-08-26,0531,Aqua,MODIS,69,6.2,301,57,D,0
-11.4218,130.9012,314.1,3.1,1.7,2014-08-26,0531,Aqua,MODIS,60,6.2,300.8,31.2,D,0
-11.4223,130.8931,311.5,3.1,1.7,2014-08-26,0531,Aqua,MODIS,49,6.2,300.8,21.2,D,0
-12.5572,131.8349,320.6,3.4,1.7,2014-08-26,0531,Aqua,MODIS,35,6.2,308.3,36,D,0
-15.1108,126.1531,328.6,1.2,1.1,2014-08-26,0531,Aqua,MODIS,51,6.2,312.4,13,D,0
-15.2617,126.0373,338.9,1.2,1.1,2014-08-26,0531,Aqua,MODIS,85,6.2,317,30.2,D,0
-11.4511,130.1922,318.5,2.7,1.6,2014-08-26,0531,Aqua,MODIS,36,6.2,304.8,36.1,D,0
-15.1091,126.1643,345.5,1.2,1.1,2014-08-26,0531,Aqua,MODIS,90,6.2,314.7,46.4,D,0
-15.1073,126.1755,342.5,1.2,1.1,2014-08-26,0531,Aqua,MODIS,88,6.2,314.5,39.4,D,0
-15.1241,126.1324,337.6,1.2,1.1,2014-08-26,0531,Aqua,MODIS,82,6.2,313.1,28.5,D,0
-15.1252,125.7251,331.7,1.2,1.1,2014-08-26,0531,Aqua,MODIS,47,6.2,312.7,16.4,D,0
-15.26,126.0483,329.1,1.2,1.1,2014-08-26,0531,Aqua,MODIS,46,6.2,315.7,12.3,D,0
-15.0662,126.1802,335.9,1.2,1.1,2014-08-26,0531,Aqua,MODIS,27,6.2,314.9,22.6,D,0
-11.4016,130.3114,321.6,2.8,1.6,2014-08-26,0531,Aqua,MODIS,63,6.2,304.8,47,D,0
-15.0422,126.136,346,1.2,1.1,2014-08-26,0531,Aqua,MODIS,91,6.2,313.2,51.9,D,0
-13.9339,130.1655,325.2,2.4,1.5,2014-08-26,0531,Aqua,MODIS,53,6.2,313,32.9,D,0
-15.0486,126.16,355.6,1.2,1.1,2014-08-26,0531,Aqua,MODIS,97,6.2,314.3,76,D,0
-15.1224,126.1436,352.8,1.2,1.1,2014-08-26,0531,Aqua,MODIS,95,6.2,312.6,66.8,D,0
-11.4537,130.1974,317.7,2.7,1.6,2014-08-26,0531,Aqua,MODIS,23,6.2,304.6,31.2,D,0
-12.4343,132.7763,322.6,4.1,1.9,2014-08-26,0531,Aqua,MODIS,56,6.2,306.1,77.7,D,0
-14.5058,129.8913,322.9,2.2,1.5,2014-08-26,0531,Aqua,MODIS,35,6.2,312.7,18.5,D,0
-15.122,125.7465,333.5,1.2,1.1,2014-08-26,0531,Aqua,MODIS,79,6.2,316.6,17.4,D,0
-15.0859,126.1834,330,1.2,1.1,2014-08-26,0531,Aqua,MODIS,23,6.2,316.4,13.8,D,0
-15.0503,126.1489,370.8,1.2,1.1,2014-08-26,0531,Aqua,MODIS,100,6.2,317.3,134.4,D,0
-14.438,126.6687,331.8,1.3,1.1,2014-08-26,0531,Aqua,MODIS,59,6.2,314.5,20.6,D,0
-15.1173,125.7128,349.2,1.2,1.1,2014-08-26,0531,Aqua,MODIS,93,6.2,313.5,54.9,D,0
-15.1236,125.7358,339.7,1.2,1.1,2014-08-26,0531,Aqua,MODIS,86,6.2,315.6,30.8,D,0
-15.1126,126.142,327.7,1.2,1.1,2014-08-26,0531,Aqua,MODIS,54,6.2,311,12.9,D,0
-12.4484,132.7747,325,4.1,1.9,2014-08-26,0531,Aqua,MODIS,64,6.2,305.3,98,D,0
-11.8154,133.1395,346.4,4.5,1.9,2014-08-26,0531,Aqua,MODIS,93,6.2,300.1,391.1,D,0
-11.8087,133.1753,333.5,4.5,2,2014-08-26,0531,Aqua,MODIS,85,6.2,301.5,213.7,D,0
-12.8077,132.7182,328.3,4,1.9,2014-08-26,0531,Aqua,MODIS,75,6.2,306.4,123.4,D,0
-11.8076,133.1804,326.6,4.5,2,2014-08-26,0531,Aqua,MODIS,80,6.2,301.7,132.6,D,0
-12.6263,131.2632,321.4,3.1,1.7,2014-08-26,0531,Aqua,MODIS,60,6.2,305.3,45.2,D,0
-12.6253,131.2708,320.4,3.1,1.7,2014-08-26,0531,Aqua,MODIS,29,6.2,306,36,D,0
-12.8112,132.7236,326.4,4,1.9,2014-08-26,0531,Aqua,MODIS,72,6.2,306.5,102.2,D,0
-11.8162,133.1345,340.7,4.5,1.9,2014-08-26,0531,Aqua,MODIS,90,6.2,299.8,304.7,D,0
-12.0518,133.6345,322.9,4.8,2,2014-08-26,0531,Aqua,MODIS,21,6.2,304.7,79,D,0
-12.0588,133.5985,320.8,4.8,2,2014-08-26,0531,Aqua,MODIS,19,6.2,304.1,61.6,D,0
-14.1216,129.7531,326.8,2.2,1.4,2014-08-26,0531,Aqua,MODIS,71,6.2,305.7,49.9,D,0
-11.3874,130.3088,342.9,2.8,1.6,2014-08-26,0531,Aqua,MODIS,91,6.2,306.1,173,D,0
-11.4875,130.2543,366.2,2.7,1.6,2014-08-26,0531,Aqua,MODIS,87,6.2,307.5,410.3,D,0
-12.8358,130.5968,327.6,2.7,1.6,2014-08-26,0531,Aqua,MODIS,58,6.2,309.1,67.7,D,0
-14.1487,129.6742,329.4,2.2,1.4,2014-08-26,0531,Aqua,MODIS,76,6.2,309.1,51.3,D,0
-12.8641,130.6021,331.7,2.7,1.6,2014-08-26,0531,Aqua,MODIS,76,6.2,306.6,90.4,D,0
-12.8499,130.5994,350.2,2.7,1.6,2014-08-26,0531,Aqua,MODIS,94,6.2,307.2,224.9,D,0
-11.3942,130.4412,334.4,2.8,1.6,2014-08-26,0531,Aqua,MODIS,65,6.2,304.7,118.9,D,0
-11.3949,130.4462,337.2,2.8,1.6,2014-08-26,0531,Aqua,MODIS,67,6.2,304.9,139.5,D,0
-14.1453,129.6942,327.2,2.2,1.4,2014-08-26,0531,Aqua,MODIS,72,6.2,311.2,41.8,D,0
-12.8521,130.6046,346.2,2.7,1.6,2014-08-26,0531,Aqua,MODIS,92,6.2,307.2,184.8,D,0
-11.4085,130.4438,325.3,2.8,1.6,2014-08-26,0531,Aqua,MODIS,59,6.2,307.4,71.3,D,0
-14.1249,129.7484,324.9,2.2,1.4,2014-08-26,0531,Aqua,MODIS,58,6.2,306.2,39.1,D,0
-12.8684,130.5772,321.5,2.7,1.6,2014-08-26,0531,Aqua,MODIS,44,6.2,304.4,42,D,0
-14.4384,129.5164,324.2,2.1,1.4,2014-08-26,0531,Aqua,MODIS,24,6.2,311.9,26.9,D,0
-11.4093,130.4487,320.7,2.8,1.6,2014-08-26,0531,Aqua,MODIS,55,6.2,306.9,49.7,D,0
-15.2887,126.0025,326.1,1.2,1.1,2014-08-26,0531,Aqua,MODIS,55,6.2,314.9,7.8,D,0
-24.9009,148.6176,300.7,1.8,1.3,2014-08-26,1315,Terra,MODIS,33,6.2,278.9,18,N,0
-24.9043,148.5996,309.5,1.8,1.3,2014-08-26,1315,Terra,MODIS,77,6.2,278.4,31.6,N,0
-24.621,145.4842,300,1.2,1.1,2014-08-26,1315,Terra,MODIS,8,6.2,280.9,9.6,N,0
-24.6229,145.4725,305.2,1.2,1.1,2014-08-26,1315,Terra,MODIS,63,6.2,280.7,13.4,N,0
-18.2729,145.9726,318.8,1.6,1.3,2014-08-26,1316,Terra,MODIS,97,6.2,287.6,38.2,N,0
-20.7359,139.4763,331.9,1.1,1.1,2014-08-26,1316,Terra,MODIS,100,6.2,287.1,39,N,2
-14.8572,144.9019,303.3,1.6,1.2,2014-08-26,1317,Terra,MODIS,55,6.2,290.3,10.3,N,0
-14.8313,144.9893,315,1.6,1.2,2014-08-26,1317,Terra,MODIS,90,6.2,291.9,25.5,N,0
-14.8399,145.0062,303.8,1.6,1.2,2014-08-26,1317,Terra,MODIS,26,6.2,291.7,9.6,N,0
-14.8288,145.0041,304.3,1.6,1.2,2014-08-26,1317,Terra,MODIS,45,6.2,291.4,10.2,N,0
-14.8657,144.9194,301.2,1.6,1.2,2014-08-26,1317,Terra,MODIS,37,6.2,290.5,8.1,N,0
-14.8404,144.2107,302.2,1.4,1.2,2014-08-26,1317,Terra,MODIS,30,6.2,291,7.5,N,0
-17.7242,138.2811,300.3,1.2,1.1,2014-08-26,1317,Terra,MODIS,24,6.2,290.2,6.2,N,0
-14.8448,144.2178,304.3,1.4,1.2,2014-08-26,1317,Terra,MODIS,59,6.2,291,9.3,N,0
-17.3944,138.6213,301.9,1.1,1.1,2014-08-26,1317,Terra,MODIS,45,6.2,291.7,5.8,N,0
-13.1065,134.257,306.5,1.9,1.3,2014-08-26,1318,Terra,MODIS,44,6.2,291.6,17,N,0
-13.0923,134.2727,304.5,1.9,1.3,2014-08-26,1318,Terra,MODIS,16,6.2,291.6,13.6,N,0
-13.1112,134.2639,309.7,1.9,1.3,2014-08-26,1318,Terra,MODIS,32,6.2,291.9,20.7,N,0
-12.6478,131.8017,312.3,2.9,1.6,2014-08-26,1318,Terra,MODIS,85,6.2,290,56.7,N,0
-13.3337,132.3916,319.3,2.6,1.6,2014-08-26,1318,Terra,MODIS,98,6.2,296.3,63.5,N,0
-12.4592,143.1405,307.7,1.3,1.1,2014-08-26,1318,Terra,MODIS,72,6.2,291.1,10,N,0
-12.3963,143.0867,304.5,1.3,1.1,2014-08-26,1318,Terra,MODIS,40,6.2,290.8,6.9,N,0
-12.2278,142.9862,308.4,1.3,1.1,2014-08-26,1318,Terra,MODIS,69,6.2,291.1,10.1,N,0
-12.3167,143.007,306.1,1.3,1.1,2014-08-26,1318,Terra,MODIS,22,6.2,290.7,7.1,N,0
-12.2743,143.0123,307.9,1.3,1.1,2014-08-26,1318,Terra,MODIS,35,6.2,290.9,8.9,N,0
-13.3197,132.3899,317.5,2.6,1.6,2014-08-26,1318,Terra,MODIS,95,6.2,295.4,57.5,N,0
-13.3226,132.3655,323,2.6,1.6,2014-08-26,1318,Terra,MODIS,100,6.2,295.9,81,N,0
-13.3366,132.3674,312.9,2.6,1.6,2014-08-26,1318,Terra,MODIS,86,6.2,295.9,42.2,N,0
-13.327,132.3725,336.9,2.6,1.6,2014-08-26,1318,Terra,MODIS,100,6.2,297.2,150.7,N,0
-13.341,132.375,308.5,2.6,1.6,2014-08-26,1318,Terra,MODIS,75,6.2,295.5,28.7,N,0
-13.3383,132.3993,307.7,2.6,1.6,2014-08-26,1318,Terra,MODIS,72,6.2,295.1,25.4,N,0
-15.3851,132.877,305.1,2.6,1.5,2014-08-26,1318,Terra,MODIS,11,6.2,291.3,23.1,N,0
-15.3877,132.8532,308.3,2.6,1.5,2014-08-26,1318,Terra,MODIS,61,6.2,290.1,31,N,0
-13.3243,132.3974,311.9,2.6,1.6,2014-08-26,1318,Terra,MODIS,74,6.2,295.2,35.4,N,0
-15.3938,132.8727,313.5,2.6,1.5,2014-08-26,1318,Terra,MODIS,87,6.2,291.4,46.3,N,0
-15.3966,132.8489,306,2.6,1.5,2014-08-26,1318,Terra,MODIS,58,6.2,290.1,25.2,N,0
-15.3994,132.8249,302.8,2.6,1.6,2014-08-26,1318,Terra,MODIS,25,6.2,290.6,20,N,0
-12.4879,143.1574,300.7,1.3,1.1,2014-08-26,1318,Terra,MODIS,32,6.2,290.6,4.5,N,0
-12.6931,131.814,304.6,2.9,1.6,2014-08-26,1318,Terra,MODIS,46,6.2,289.3,29.9,N,0
-12.6883,131.8331,318.7,2.8,1.6,2014-08-26,1318,Terra,MODIS,97,6.2,289.8,79.8,N,0
-12.3744,133.7727,305.4,2,1.4,2014-08-26,1318,Terra,MODIS,64,6.2,294.7,12.1,N,0
-12.325,143.0204,316.1,1.3,1.1,2014-08-26,1318,Terra,MODIS,77,6.2,291.1,16.6,N,0
-12.7191,131.844,303.5,2.8,1.6,2014-08-26,1318,Terra,MODIS,55,6.2,290.2,26.2,N,0
-12.3169,134.4431,304.6,1.8,1.3,2014-08-26,1318,Terra,MODIS,61,6.2,293.4,11.5,N,0
-12.3342,134.4946,304.4,1.8,1.3,2014-08-26,1318,Terra,MODIS,60,6.2,293.5,11.9,N,0
-11.795,142.6115,301.5,1.2,1.1,2014-08-26,1318,Terra,MODIS,41,6.2,288.6,6,N,0
-12.6902,131.8402,311.9,2.8,1.6,2014-08-26,1318,Terra,MODIS,84,6.2,289.4,51.4,N,0
-12.3148,136.8312,304.3,1.2,1.1,2014-08-26,1318,Terra,MODIS,59,6.2,293.4,6.9,N,0
-12.6226,134.284,304.5,1.8,1.3,2014-08-26,1318,Terra,MODIS,60,6.2,293.7,11.9,N,0
-11.7646,133.0013,309.2,2.2,1.4,2014-08-26,1319,Terra,MODIS,65,6.2,291,30.4,N,0
-32.8321,116.5187,306.7,1.2,1.1,2014-08-26,1452,Terra,MODIS,69,6.2,281.3,14.7,N,0
-32.8306,116.5319,308.2,1.2,1.1,2014-08-26,1452,Terra,MODIS,74,6.2,281.7,16.1,N,0
-32.8675,116.0286,301.2,1.3,1.1,2014-08-26,1452,Terra,MODIS,39,6.2,281,11.1,N,0
-32.4742,116.1927,303.3,1.3,1.1,2014-08-26,1452,Terra,MODIS,55,6.2,283,12.2,N,0
-21.3377,125.6744,320,2.9,1.6,2014-08-26,1454,Terra,MODIS,100,6.2,287.5,97.8,N,0
-22.9791,122.7562,300.2,1.7,1.3,2014-08-26,1454,Terra,MODIS,21,6.2,284.4,14.1,N,0
-21.3375,125.6812,319.6,2.9,1.6,2014-08-26,1454,Terra,MODIS,99,6.2,287.2,95,N,0
-17.7705,122.6871,307,2.1,1.4,2014-08-26,1455,Terra,MODIS,70,6.2,286.7,30.2,N,0
-17.6948,122.6717,300.2,2.1,1.4,2014-08-26,1455,Terra,MODIS,20,6.2,285,17.3,N,0
-17.7736,122.673,302.2,2.1,1.4,2014-08-26,1455,Terra,MODIS,47,6.2,285.8,20.7,N,0
-17.77,122.6927,305.3,2.1,1.4,2014-08-26,1455,Terra,MODIS,64,6.2,286.6,26.8,N,0
-21.101,118.4697,308.7,1.1,1,2014-08-26,1455,Terra,MODIS,75,6.2,290.1,11.1,N,0
-18.9946,121.6537,306,1.7,1.3,2014-08-26,1455,Terra,MODIS,66,6.2,287.4,19,N,0
-20.5951,116.7777,308.5,1,1,2014-08-26,1455,Terra,MODIS,61,6.2,292.4,8.7,N,0
-21.1142,120.7125,327.6,1.3,1.1,2014-08-26,1455,Terra,MODIS,100,6.2,293.4,39.7,N,0
-21.1245,120.7144,314.2,1.3,1.1,2014-08-26,1455,Terra,MODIS,89,6.2,293,19.2,N,0
-21.1303,120.8091,302.7,1.4,1.2,2014-08-26,1455,Terra,MODIS,51,6.2,288.7,10.1,N,0
-21.1324,120.7961,301.1,1.4,1.2,2014-08-26,1455,Terra,MODIS,37,6.2,287.5,8.4,N,0
-21.1181,120.7533,301.2,1.3,1.2,2014-08-26,1455,Terra,MODIS,19,6.2,289.5,7,N,0
-21.1203,120.7403,328.5,1.3,1.1,2014-08-26,1455,Terra,MODIS,100,6.2,292.5,42.5,N,0
-21.1224,120.7274,303,1.3,1.1,2014-08-26,1455,Terra,MODIS,9,6.2,291.6,7.3,N,0
-15.0887,126.206,320.4,4.4,1.9,2014-08-26,1456,Terra,MODIS,100,6.2,290.1,162.7,N,0
-15.09,126.2113,314.4,4.4,1.9,2014-08-26,1456,Terra,MODIS,85,6.2,289.5,115.9,N,0
-15.0544,126.1986,312.3,4.4,1.9,2014-08-26,1456,Terra,MODIS,78,6.2,288.5,107.2,N,0
-15.0715,126.2024,322.7,4.4,1.9,2014-08-26,1456,Terra,MODIS,100,6.2,290.4,183.9,N,0
-15.0556,126.2039,313.4,4.4,1.9,2014-08-26,1456,Terra,MODIS,82,6.2,288.3,111.8,N,0
-16.6347,123.8205,303.5,2.7,1.6,2014-08-26,1456,Terra,MODIS,56,6.2,291.3,27.3,N,0
-15.0728,126.2076,324.1,4.4,1.9,2014-08-26,1456,Terra,MODIS,100,6.2,290.2,194.3,N,0
-13.4223,132.3978,300.9,1.4,1.2,2014-08-26,1621,Aqua,MODIS,31,6.2,290.1,6.6,N,0
-13.3264,132.3793,324.3,1.5,1.2,2014-08-26,1621,Aqua,MODIS,100,6.2,295.9,35.8,N,0
-13.3285,132.3926,319.9,1.5,1.2,2014-08-26,1621,Aqua,MODIS,99,6.2,295,28,N,0
-13.3307,132.4064,310.3,1.5,1.2,2014-08-26,1621,Aqua,MODIS,80,6.2,294.1,14.5,N,0
-13.4459,132.4762,307.1,1.4,1.2,2014-08-26,1621,Aqua,MODIS,70,6.2,292.6,12.5,N,0
-13.3157,132.3812,321.6,1.5,1.2,2014-08-26,1621,Aqua,MODIS,100,6.2,295.7,32.2,N,0
-13.3179,132.3946,308.7,1.5,1.2,2014-08-26,1621,Aqua,MODIS,75,6.2,294,13.2,N,0
-12.3788,133.752,306.2,1.2,1.1,2014-08-26,1621,Aqua,MODIS,19,6.2,294.1,7.5,N,0
-14.8296,145.0084,301.4,3.3,1.7,2014-08-26,1621,Aqua,MODIS,40,6.2,290.7,26.8,N,0
-14.8249,145.0018,301.6,3.3,1.7,2014-08-26,1621,Aqua,MODIS,42,6.2,290.6,29.2,N,0
-12.3733,133.7826,305.9,1.2,1.1,2014-08-26,1621,Aqua,MODIS,46,6.2,294.3,7.1,N,0
-16.0983,135.8707,306,1,1,2014-08-26,1622,Aqua,MODIS,67,6.2,290.9,8.3,N,0
-15.1135,126.185,300.8,3.9,1.8,2014-08-26,1622,Aqua,MODIS,34,6.2,288.5,43.4,N,0
-15.0607,126.2037,304.2,3.9,1.8,2014-08-26,1622,Aqua,MODIS,59,6.2,288.1,54.7,N,0
-17.7061,138.3655,305.5,1.2,1.1,2014-08-26,1622,Aqua,MODIS,65,6.2,290.3,10.2,N,0
-16.5843,139.4313,306.4,1.3,1.1,2014-08-26,1622,Aqua,MODIS,45,6.2,292.2,11.3,N,0
-13.4609,131.1055,335.6,1.8,1.3,2014-08-26,1622,Aqua,MODIS,100,6.2,291.5,87.6,N,0
-13.4867,132.3668,305,1.5,1.2,2014-08-26,1622,Aqua,MODIS,55,6.2,291,9.9,N,0
-13.4754,131.12,335.8,1.8,1.3,2014-08-26,1622,Aqua,MODIS,100,6.2,293.9,87.4,N,0
-13.4726,131.1034,401,1.8,1.3,2014-08-26,1622,Aqua,MODIS,100,6.2,301.2,607.8,N,0
-21.3275,125.6787,310.7,3.1,1.7,2014-08-26,1624,Aqua,MODIS,81,6.2,285.6,67,N,0
-21.3414,125.6707,302.1,3.1,1.7,2014-08-26,1624,Aqua,MODIS,45,6.2,285.3,37.2,N,0
-21.1034,120.7218,305.1,4.3,1.9,2014-08-26,1802,Aqua,MODIS,63,6.2,290,63.6,N,0
-21.1068,120.7633,300.6,4.3,1.9,2014-08-26,1802,Aqua,MODIS,26,6.2,287.9,45.5,N,0
-21.1022,120.73,305.9,4.3,1.9,2014-08-26,1802,Aqua,MODIS,65,6.2,289.6,65,N,0
-12.3743,143.0407,310.4,4.5,2,2014-08-27,0008,Terra,MODIS,37,6.2,291.7,55.6,D,0
-16.0925,144.5245,312.7,3,1.6,2014-08-27,0009,Terra,MODIS,53,6.2,301.6,26.6,D,0
-16.0875,144.4967,314,3,1.6,2014-08-27,0009,Terra,MODIS,67,6.2,300.7,31.9,D,0
-16.1754,144.5576,319.2,2.9,1.6,2014-08-27,0009,Terra,MODIS,74,6.2,300.8,56.7,D,0
-16.1759,144.5518,317.3,2.9,1.6,2014-08-27,0009,Terra,MODIS,68,6.2,300.5,49.7,D,0
-16.0922,144.5172,316.3,3,1.6,2014-08-27,0009,Terra,MODIS,71,6.2,301.8,42.8,D,0
-16.2302,144.68,314.9,2.9,1.6,2014-08-27,0009,Terra,MODIS,68,6.2,301,38.2,D,0
-14.8263,144.9708,314.4,2.9,1.6,2014-08-27,0009,Terra,MODIS,52,6.2,298.6,30.2,D,0
-14.8313,144.9979,325.5,2.9,1.6,2014-08-27,0009,Terra,MODIS,81,6.2,300.3,82.9,D,0
-14.8433,144.2248,309.7,3.3,1.7,2014-08-27,0009,Terra,MODIS,45,6.2,298.9,21.8,D,0
-20.0988,148.2431,313,1.3,1.1,2014-08-27,0010,Terra,MODIS,56,6.2,301.3,8.1,D,0
-20.101,148.2559,322.8,1.3,1.1,2014-08-27,0010,Terra,MODIS,71,6.2,303.1,22.4,D,0
-20.5422,147.7849,315.7,1.4,1.2,2014-08-27,0010,Terra,MODIS,66,6.2,304.8,9.2,D,0
-23.308,149.5056,320,1.1,1,2014-08-27,0011,Terra,MODIS,73,6.2,303.3,12.8,D,0
-26.0561,151.8958,313.7,1,1,2014-08-27,0011,Terra,MODIS,71,6.2,294.2,9.1,D,0
-24.9093,148.6146,319.8,1.1,1.1,2014-08-27,0011,Terra,MODIS,77,6.2,301.6,12.8,D,0
-25.7238,150.919,339.2,1,1,2014-08-27,0011,Terra,MODIS,90,6.2,297,37.5,D,0
-25.5338,151.2603,315.4,1,1,2014-08-27,0011,Terra,MODIS,72,6.2,297.7,9.1,D,0
-25.5428,151.2588,330.9,1,1,2014-08-27,0011,Terra,MODIS,86,6.2,298.5,25.4,D,0
-25.0479,151.0796,310.2,1,1,2014-08-27,0011,Terra,MODIS,60,6.2,296.1,5.3,D,0
-25.4046,149.1267,305.9,1.1,1,2014-08-27,0011,Terra,MODIS,42,6.2,295,4.8,D,0
-26.064,151.8991,315.9,1,1,2014-08-27,0011,Terra,MODIS,74,6.2,296.1,11.2,D,0
-23.4051,149.7781,312,1,1,2014-08-27,0011,Terra,MODIS,58,6.2,298,7.9,D,0
-25.4062,149.1371,311.4,1.1,1,2014-08-27,0011,Terra,MODIS,64,6.2,295.5,9,D,0
-24.8727,150.9501,306.6,1,1,2014-08-27,0011,Terra,MODIS,30,6.2,294.5,5.6,D,0
-25.2023,151.1278,307,1,1,2014-08-27,0011,Terra,MODIS,36,6.2,296.1,4.1,D,0
-23.0288,147.4847,310.3,1.3,1.1,2014-08-27,0011,Terra,MODIS,40,6.2,299.6,7.3,D,0
-26.8172,150.5331,317.7,1,1,2014-08-27,0012,Terra,MODIS,74,6.2,296.9,11.4,D,0
-26.9208,150.5494,305.4,1,1,2014-08-27,0012,Terra,MODIS,29,6.2,294.3,3.6,D,0
-28.5061,150.704,320,1,1,2014-08-27,0012,Terra,MODIS,79,6.2,294.8,14.7,D,0
-28.1476,147.4641,311.2,1.1,1.1,2014-08-27,0012,Terra,MODIS,67,6.2,293.9,7.4,D,0
-34.462,150.8887,306.8,1.1,1.1,2014-08-27,0014,Terra,MODIS,0,6.2,290.3,7.8,D,2
-32.9501,147.3094,319,1,1,2014-08-27,0014,Terra,MODIS,79,6.2,290.5,17.4,D,0
-34.3811,140.5078,310.9,2.2,1.4,2014-08-27,0014,Terra,MODIS,71,6.2,291.4,27.2,D,0
-32.9483,147.2983,302.5,1,1,2014-08-27,0014,Terra,MODIS,52,6.2,290.2,4.6,D,0
-34.376,140.4844,319.4,2.2,1.4,2014-08-27,0014,Terra,MODIS,79,6.2,291.7,50.1,D,0
-37.9085,141.1058,307.5,1.7,1.3,2014-08-27,0015,Terra,MODIS,65,6.2,287.1,19.8,D,0
-37.8355,144.7865,304.3,1.1,1.1,2014-08-27,0015,Terra,MODIS,56,6.2,290.3,5.5,D,0
-37.7841,141.7742,328.8,1.5,1.2,2014-08-27,0015,Terra,MODIS,86,6.2,289.7,53.8,D,0
-37.7872,141.7845,318.1,1.5,1.2,2014-08-27,0015,Terra,MODIS,78,6.2,289.1,31.7,D,0
-37.7837,141.7674,316.7,1.5,1.2,2014-08-27,0015,Terra,MODIS,77,6.2,289,29.6,D,0
-37.7875,141.7914,301.3,1.5,1.2,2014-08-27,0015,Terra,MODIS,46,6.2,288.9,10.1,D,0
-12.3765,134.9132,325.3,2,1.4,2014-08-27,0146,Terra,MODIS,72,6.2,305.3,32.9,D,0
-11.7484,132.9532,323.6,1.4,1.2,2014-08-27,0146,Terra,MODIS,63,6.2,304,19.9,D,0
-11.7446,132.9608,368.7,1.4,1.2,2014-08-27,0146,Terra,MODIS,100,6.2,307.6,163.6,D,0
-11.7585,132.985,349.9,1.4,1.2,2014-08-27,0146,Terra,MODIS,94,6.2,309.4,75.4,D,0
-11.7568,132.9722,351.6,1.4,1.2,2014-08-27,0146,Terra,MODIS,95,6.2,308.2,85.2,D,0
-11.7519,132.9787,376.7,1.4,1.2,2014-08-27,0146,Terra,MODIS,100,6.2,311.3,214.3,D,0
-11.7501,132.966,393.6,1.4,1.2,2014-08-27,0146,Terra,MODIS,100,6.2,311.8,340.9,D,0
-11.7554,133.0043,394.7,1.4,1.2,2014-08-27,0146,Terra,MODIS,100,6.2,318.3,351.6,D,0
-11.7572,133.0171,328.3,1.4,1.2,2014-08-27,0146,Terra,MODIS,76,6.2,308.6,26.5,D,0
-11.7618,133.0106,353.9,1.4,1.2,2014-08-27,0146,Terra,MODIS,96,6.2,312.5,91.5,D,0
-11.7741,133.022,338.1,1.4,1.2,2014-08-27,0146,Terra,MODIS,74,6.2,310,43.4,D,0
-11.7864,133.0335,328.6,1.4,1.2,2014-08-27,0146,Terra,MODIS,58,6.2,309.2,24,D,0
-12.3516,134.783,318.3,1.9,1.4,2014-08-27,0146,Terra,MODIS,41,6.2,306.7,15.9,D,0
-12.3579,134.77,322.7,1.9,1.4,2014-08-27,0146,Terra,MODIS,62,6.2,305.7,26.7,D,0
-11.7602,132.9978,370.8,1.4,1.2,2014-08-27,0146,Terra,MODIS,100,6.2,313.8,170.2,D,0
-11.7537,132.9915,389.5,1.4,1.2,2014-08-27,0146,Terra,MODIS,100,6.2,314.2,304.2,D,0
-12.3692,134.927,328,2,1.4,2014-08-27,0146,Terra,MODIS,77,6.2,305.4,42.6,D,0
-12.3815,134.9253,327.4,2,1.4,2014-08-27,0146,Terra,MODIS,76,6.2,305,40.5,D,0
-12.3939,134.9236,319,2,1.4,2014-08-27,0146,Terra,MODIS,58,6.2,306.2,16.1,D,0
-11.3362,132.4093,343,1.3,1.1,2014-08-27,0146,Terra,MODIS,92,6.2,304.6,52.8,D,0
-12.3789,134.9314,326.9,2,1.4,2014-08-27,0146,Terra,MODIS,75,6.2,304.9,37.8,D,0
-12.3642,134.9148,317.9,2,1.4,2014-08-27,0146,Terra,MODIS,35,6.2,304.3,13.1,D,0
-12.3669,134.9086,317.4,2,1.4,2014-08-27,0146,Terra,MODIS,45,6.2,304.2,13.2,D,0
-12.3258,134.8104,317.9,1.9,1.4,2014-08-27,0146,Terra,MODIS,42,6.2,306.1,14.3,D,0
-12.2668,135.7922,316.4,2.3,1.5,2014-08-27,0146,Terra,MODIS,0,6.2,301.9,23.1,D,0
-12.2464,135.5227,322.2,2.2,1.4,2014-08-27,0146,Terra,MODIS,67,6.2,303.4,32.1,D,0
-12.245,135.5173,319.8,2.2,1.4,2014-08-27,0146,Terra,MODIS,52,6.2,303.3,22.4,D,0
-11.7496,132.9992,380.6,1.4,1.2,2014-08-27,0146,Terra,MODIS,100,6.2,315.6,235.9,D,0
-11.7479,132.9864,349.6,1.4,1.2,2014-08-27,0146,Terra,MODIS,94,6.2,306.7,76.8,D,0
-11.7463,132.9736,372.4,1.4,1.2,2014-08-27,0146,Terra,MODIS,100,6.2,310.4,184.4,D,0
-11.3478,132.4194,363.7,1.3,1.1,2014-08-27,0146,Terra,MODIS,100,6.2,313.5,118.5,D,0
-11.3378,132.4208,387.4,1.3,1.1,2014-08-27,0146,Terra,MODIS,100,6.2,316,248.4,D,0
-11.3441,132.4675,352.8,1.3,1.1,2014-08-27,0146,Terra,MODIS,95,6.2,311.4,80.2,D,0
-11.359,132.5014,345.4,1.3,1.1,2014-08-27,0146,Terra,MODIS,93,6.2,308.5,58.7,D,0
-12.2701,133.4021,323,1.5,1.2,2014-08-27,0146,Terra,MODIS,65,6.2,311.7,13.5,D,0
-12.0568,134.3238,327.3,1.8,1.3,2014-08-27,0146,Terra,MODIS,71,6.2,305.7,36.9,D,0
-12.0685,134.3223,319,1.8,1.3,2014-08-27,0146,Terra,MODIS,56,6.2,307.7,18.9,D,0
-12.0706,134.3385,322.9,1.8,1.3,2014-08-27,0146,Terra,MODIS,68,6.2,305.8,28.1,D,0
-12.3312,134.1402,319,1.7,1.3,2014-08-27,0146,Terra,MODIS,30,6.2,308.9,14.2,D,0
-11.3574,132.4896,357.5,1.3,1.1,2014-08-27,0146,Terra,MODIS,98,6.2,311.4,96,D,0
-11.2395,132.5901,329.7,1.3,1.1,2014-08-27,0146,Terra,MODIS,26,6.2,311.4,20.6,D,0
-11.4058,130.6552,320.5,1.1,1,2014-08-27,0146,Terra,MODIS,50,6.2,302.9,10.2,D,0
-11.414,130.9113,322.8,1.1,1,2014-08-27,0146,Terra,MODIS,71,6.2,307.1,13.9,D,0
-11.4126,130.9015,326.2,1.1,1,2014-08-27,0146,Terra,MODIS,76,6.2,305.9,17.6,D,0
-11.4545,130.6814,321.9,1.1,1,2014-08-27,0146,Terra,MODIS,0,6.2,304.9,12,D,0
-12.2254,132.2022,319.9,1.3,1.1,2014-08-27,0146,Terra,MODIS,43,6.2,307.7,10.3,D,0
-11.3409,132.4441,349.8,1.3,1.1,2014-08-27,0146,Terra,MODIS,87,6.2,310.6,67.7,D,0
-12.2153,132.2036,332.6,1.3,1.1,2014-08-27,0146,Terra,MODIS,71,6.2,306.9,30.9,D,0
-12.2169,132.2152,322.8,1.3,1.1,2014-08-27,0146,Terra,MODIS,59,6.2,307.4,13.7,D,0
-11.3393,132.4324,348.2,1.3,1.1,2014-08-27,0146,Terra,MODIS,86,6.2,309.5,63.1,D,0
-11.3425,132.4558,341.3,1.3,1.1,2014-08-27,0146,Terra,MODIS,58,6.2,310,43.8,D,0
-11.3848,130.4442,326.7,1,1,2014-08-27,0146,Terra,MODIS,69,6.2,306.1,15.4,D,0
-11.3834,130.4348,326.5,1,1,2014-08-27,0146,Terra,MODIS,67,6.2,304.1,16,D,0
-11.4135,130.3282,322.2,1,1,2014-08-27,0146,Terra,MODIS,53,6.2,306.2,9.4,D,0
-12.4652,133.7656,317.8,1.6,1.3,2014-08-27,0146,Terra,MODIS,36,6.2,305.5,13.4,D,0
-12.0152,133.6421,343.7,1.6,1.2,2014-08-27,0146,Terra,MODIS,90,6.2,307.6,67.8,D,0
-12.4426,133.7686,319.1,1.6,1.3,2014-08-27,0146,Terra,MODIS,20,6.2,305,13.8,D,0
-11.7823,133.1671,373.6,1.4,1.2,2014-08-27,0146,Terra,MODIS,100,6.2,314.2,199.6,D,0
-12.4179,133.8392,324.3,1.6,1.3,2014-08-27,0146,Terra,MODIS,72,6.2,304.6,29.2,D,0
-12.0148,133.648,361.9,1.6,1.2,2014-08-27,0146,Terra,MODIS,100,6.2,310.6,150.4,D,0
-11.8126,133.1494,341.2,1.4,1.2,2014-08-27,0146,Terra,MODIS,89,6.2,310.7,55.6,D,0
-12.03,133.6695,330.5,1.6,1.2,2014-08-27,0146,Terra,MODIS,68,6.2,311,30.2,D,0
-12.4633,133.7508,323.9,1.6,1.3,2014-08-27,0146,Terra,MODIS,71,6.2,304.7,25.7,D,0
-12.3296,134.505,319.4,1.8,1.3,2014-08-27,0146,Terra,MODIS,44,6.2,306.6,19.6,D,0
-12.5712,135.9336,317.8,2.4,1.5,2014-08-27,0146,Terra,MODIS,49,6.2,302.5,18.9,D,0
-12.2767,134.1531,321.5,1.7,1.3,2014-08-27,0146,Terra,MODIS,47,6.2,306.5,22.2,D,0
-12.0281,133.6549,329,1.6,1.2,2014-08-27,0146,Terra,MODIS,60,6.2,312.6,26,D,0
-12.5239,136.2891,324.9,2.5,1.5,2014-08-27,0146,Terra,MODIS,74,6.2,298.4,64.7,D,0
-12.5377,136.2874,316.9,2.5,1.5,2014-08-27,0146,Terra,MODIS,36,6.2,296.8,31.7,D,0
-12.3395,134.4868,320.1,1.8,1.3,2014-08-27,0146,Terra,MODIS,48,6.2,307.8,19.6,D,0
-12.2746,134.1374,320.1,1.7,1.3,2014-08-27,0146,Terra,MODIS,33,6.2,306.7,19.3,D,0
-12.53,136.2828,327.9,2.5,1.5,2014-08-27,0146,Terra,MODIS,77,6.2,297.7,77.5,D,0
-12.1352,133.1492,325.2,1.5,1.2,2014-08-27,0146,Terra,MODIS,71,6.2,311.5,13.1,D,0
-12.2731,134.1477,326.7,1.7,1.3,2014-08-27,0146,Terra,MODIS,75,6.2,306.8,36,D,0
-12.13,133.1422,323.8,1.5,1.2,2014-08-27,0146,Terra,MODIS,61,6.2,312.7,11.4,D,0
-12.0279,133.6609,337.2,1.6,1.2,2014-08-27,0146,Terra,MODIS,71,6.2,312.9,47.7,D,0
-12.5186,135.512,318.8,2.2,1.4,2014-08-27,0146,Terra,MODIS,43,6.2,305.2,18.2,D,0
-12.4144,133.7268,320.5,1.6,1.3,2014-08-27,0146,Terra,MODIS,43,6.2,305.6,16.4,D,0
-11.7912,133.1524,363,1.4,1.2,2014-08-27,0146,Terra,MODIS,100,6.2,309.7,139.1,D,0
-12.4164,133.8337,330.3,1.6,1.3,2014-08-27,0146,Terra,MODIS,80,6.2,305.9,43.3,D,0
-12.0337,133.7045,327.8,1.6,1.2,2014-08-27,0146,Terra,MODIS,43,6.2,309.8,26,D,0
-12.5211,136.266,315,2.5,1.5,2014-08-27,0146,Terra,MODIS,26,6.2,296.8,26,D,0
-12.5066,134.2686,318.7,1.8,1.3,2014-08-27,0146,Terra,MODIS,41,6.2,308,11.1,D,0
-12.0337,133.6986,331.5,1.6,1.2,2014-08-27,0146,Terra,MODIS,71,6.2,310,35.1,D,0
-12.376,133.7836,318.8,1.6,1.3,2014-08-27,0146,Terra,MODIS,21,6.2,306,13.4,D,0
-12.5067,135.2129,320.3,2.1,1.4,2014-08-27,0146,Terra,MODIS,55,6.2,305.6,21.2,D,0
-12.3628,133.7701,320.9,1.6,1.3,2014-08-27,0146,Terra,MODIS,54,6.2,307.5,16.3,D,0
-12.0559,133.6074,328,1.6,1.2,2014-08-27,0146,Terra,MODIS,61,6.2,309,22.5,D,0
-12.4705,134.0775,320.4,1.7,1.3,2014-08-27,0146,Terra,MODIS,51,6.2,309.2,19.3,D,0
-11.7805,133.1538,347.2,1.4,1.2,2014-08-27,0146,Terra,MODIS,93,6.2,309.4,75.8,D,0
-12.4159,133.824,321,1.6,1.3,2014-08-27,0146,Terra,MODIS,65,6.2,305.8,21.4,D,0
-11.7929,133.1656,368.5,1.4,1.2,2014-08-27,0146,Terra,MODIS,100,6.2,314.6,168.3,D,0
-11.8143,133.1626,329.8,1.4,1.2,2014-08-27,0146,Terra,MODIS,72,6.2,310.9,26.8,D,0
-12.0167,133.6624,335.9,1.6,1.2,2014-08-27,0146,Terra,MODIS,63,6.2,310.4,45.1,D,0
-12.5189,135.5259,327.9,2.2,1.4,2014-08-27,0146,Terra,MODIS,77,6.2,306.2,49.3,D,0
-12.5068,135.2062,317.2,2.1,1.4,2014-08-27,0146,Terra,MODIS,35,6.2,305.1,14.2,D,0
-12.017,133.6564,345.2,1.6,1.2,2014-08-27,0146,Terra,MODIS,91,6.2,312,76,D,0
-12.4613,133.7359,326.6,1.6,1.3,2014-08-27,0146,Terra,MODIS,75,6.2,304.5,31.6,D,0
-12.5212,135.5323,328.5,2.2,1.4,2014-08-27,0146,Terra,MODIS,78,6.2,306.4,52.9,D,0
-12.3416,134.5035,317.5,1.8,1.3,2014-08-27,0146,Terra,MODIS,31,6.2,306.2,14.7,D,0
-12.5882,130.7646,339.2,1.1,1,2014-08-27,0147,Terra,MODIS,0,6.2,306.3,35.4,D,0
-12.6469,131.255,339.3,1.1,1.1,2014-08-27,0147,Terra,MODIS,87,6.2,307.4,38.2,D,0
-12.5868,130.7547,385.8,1.1,1,2014-08-27,0147,Terra,MODIS,87,6.2,310.6,189.6,D,0
-12.7567,135.1184,328.7,2.1,1.4,2014-08-27,0147,Terra,MODIS,79,6.2,307.9,45.7,D,0
-15.4262,135.5254,326.2,2.5,1.5,2014-08-27,0147,Terra,MODIS,68,6.2,308.1,46.6,D,0
-12.427,132.7868,325.7,1.4,1.2,2014-08-27,0147,Terra,MODIS,55,6.2,311.9,17.6,D,0
-16.1423,136.7313,331.2,3.1,1.7,2014-08-27,0147,Terra,MODIS,81,6.2,306,111.4,D,0
-12.6838,131.8289,351.6,1.2,1.1,2014-08-27,0147,Terra,MODIS,95,6.2,312.8,69.2,D,0
-16.1574,136.7296,319.3,3.1,1.7,2014-08-27,0147,Terra,MODIS,61,6.2,305.8,45.1,D,0
-15.989,136.2776,323.3,2.9,1.6,2014-08-27,0147,Terra,MODIS,71,6.2,309.1,43.8,D,0
-15.0816,134.8771,323,2.2,1.4,2014-08-27,0147,Terra,MODIS,60,6.2,308.5,27.8,D,0
-12.756,135.1241,328.4,2.1,1.4,2014-08-27,0147,Terra,MODIS,78,6.2,307.2,44.4,D,0
-15.9843,136.2565,326.5,2.8,1.6,2014-08-27,0147,Terra,MODIS,76,6.2,307.8,58.8,D,0
-12.4287,132.7995,326.6,1.4,1.2,2014-08-27,0147,Terra,MODIS,28,6.2,311.7,21.7,D,0
-15.0808,134.8715,323.8,2.2,1.4,2014-08-27,0147,Terra,MODIS,61,6.2,309.3,28,D,0
-16.001,135.6805,319.9,2.6,1.5,2014-08-27,0147,Terra,MODIS,61,6.2,309.4,25.7,D,0
-12.6724,131.8191,334.2,1.2,1.1,2014-08-27,0147,Terra,MODIS,47,6.2,308.1,25.9,D,0
-12.4904,133.1791,322.1,1.5,1.2,2014-08-27,0147,Terra,MODIS,40,6.2,310.7,14.6,D,0
-12.9575,132.4864,327.8,1.4,1.2,2014-08-27,0147,Terra,MODIS,75,6.2,312.8,16.9,D,0
-12.6454,131.2446,328.7,1.1,1.1,2014-08-27,0147,Terra,MODIS,62,6.2,307.2,18.4,D,0
-12.674,131.8303,353.9,1.2,1.1,2014-08-27,0147,Terra,MODIS,97,6.2,311.4,76.3,D,0
-12.6232,134.2797,320.9,1.8,1.3,2014-08-27,0147,Terra,MODIS,51,6.2,307.3,18.2,D,0
-12.796,132.7254,330,1.4,1.2,2014-08-27,0147,Terra,MODIS,73,6.2,310.8,29.8,D,0
-13.2056,135.1756,328.7,2.1,1.4,2014-08-27,0147,Terra,MODIS,79,6.2,306.9,51.9,D,0
-12.6359,131.2459,346.4,1.1,1.1,2014-08-27,0147,Terra,MODIS,92,6.2,309.3,51.9,D,0
-15.9565,135.7154,320.1,2.6,1.5,2014-08-27,0147,Terra,MODIS,54,6.2,306.9,28.6,D,0
-16.1443,136.7379,330.2,3.1,1.7,2014-08-27,0147,Terra,MODIS,79,6.2,306.4,101.6,D,0
-15.9873,136.2833,321.9,2.9,1.6,2014-08-27,0147,Terra,MODIS,68,6.2,309.2,37.3,D,0
-12.6253,134.2963,320.6,1.8,1.3,2014-08-27,0147,Terra,MODIS,43,6.2,308.3,17.3,D,0
-12.7169,131.8412,328.6,1.2,1.1,2014-08-27,0147,Terra,MODIS,70,6.2,309.5,19.8,D,0
-15.4299,135.5087,323,2.4,1.5,2014-08-27,0147,Terra,MODIS,54,6.2,308.1,38.2,D,0
-12.8245,132.6511,327.1,1.4,1.2,2014-08-27,0147,Terra,MODIS,75,6.2,311.7,18.6,D,0
-15.4373,135.501,330.6,2.4,1.5,2014-08-27,0147,Terra,MODIS,77,6.2,309,67.7,D,0
-15.9862,136.2509,322.3,2.8,1.6,2014-08-27,0147,Terra,MODIS,69,6.2,308.1,37.5,D,0
-13.2048,135.1689,328.4,2.1,1.4,2014-08-27,0147,Terra,MODIS,77,6.2,306.7,48.9,D,0
-14.318,129.8633,329.2,1,1,2014-08-27,0147,Terra,MODIS,53,6.2,310.2,15.8,D,0
-14.1413,129.6614,322,1,1,2014-08-27,0147,Terra,MODIS,65,6.2,308.5,9.1,D,0
-14.1453,129.6898,354.8,1,1,2014-08-27,0147,Terra,MODIS,97,6.2,314.8,63.6,D,0
-14.1282,129.757,328.6,1,1,2014-08-27,0147,Terra,MODIS,76,6.2,307.4,17.7,D,0
-14.1268,129.7475,321.4,1,1,2014-08-27,0147,Terra,MODIS,53,6.2,309.1,9.2,D,0
-14.1426,129.6709,348.1,1,1,2014-08-27,0147,Terra,MODIS,93,6.2,310.6,48.6,D,0
-14.144,129.6803,345.8,1,1,2014-08-27,0147,Terra,MODIS,92,6.2,310.5,42.7,D,0
-13.9387,130.1802,336.3,1.1,1,2014-08-27,0147,Terra,MODIS,84,6.2,309.4,27.6,D,0
-13.9326,130.1871,338.2,1.1,1,2014-08-27,0147,Terra,MODIS,86,6.2,310.8,30,D,0
-13.9312,130.1774,328.6,1.1,1,2014-08-27,0147,Terra,MODIS,59,6.2,312.1,14.1,D,0
-14.1467,129.6993,324,1,1,2014-08-27,0147,Terra,MODIS,52,6.2,312.7,9.4,D,0
-13.0042,131.9334,334.5,1.3,1.1,2014-08-27,0147,Terra,MODIS,80,6.2,311.4,28.4,D,0
-15.2968,132.9457,321.5,1.6,1.2,2014-08-27,0147,Terra,MODIS,43,6.2,307.4,13.8,D,0
-13.9237,136.476,332.1,2.8,1.6,2014-08-27,0147,Terra,MODIS,83,6.2,301.9,109.7,D,0
-13.3263,132.3678,350.5,1.3,1.1,2014-08-27,0147,Terra,MODIS,95,6.2,313.7,72.5,D,0
-13.3077,132.3636,367.4,1.3,1.1,2014-08-27,0147,Terra,MODIS,100,6.2,312.2,145.4,D,0
-13.3094,132.376,357,1.3,1.1,2014-08-27,0147,Terra,MODIS,98,6.2,313.2,99.9,D,0
-15.4215,132.9317,328.9,1.6,1.2,2014-08-27,0147,Terra,MODIS,65,6.2,310.2,23.7,D,0
-15.4255,133.1477,322.5,1.6,1.3,2014-08-27,0147,Terra,MODIS,50,6.2,308.2,17.4,D,0
-13.0399,132.4947,330.4,1.4,1.2,2014-08-27,0147,Terra,MODIS,52,6.2,312.2,22,D,0
-13.0192,132.4975,332.7,1.4,1.2,2014-08-27,0147,Terra,MODIS,59,6.2,309.4,28.4,D,0
-13.0175,132.4851,350.2,1.4,1.2,2014-08-27,0147,Terra,MODIS,94,6.2,312.2,75.2,D,0
-15.3619,132.8283,322.7,1.5,1.2,2014-08-27,0147,Terra,MODIS,61,6.2,307.4,18.7,D,0
-15.3637,132.8426,321.9,1.5,1.2,2014-08-27,0147,Terra,MODIS,54,6.2,307.9,17,D,0
-15.3876,132.8541,335.2,1.5,1.2,2014-08-27,0147,Terra,MODIS,69,6.2,309.8,42.7,D,0
-15.3887,132.848,331.1,1.5,1.2,2014-08-27,0147,Terra,MODIS,74,6.2,308.7,32.4,D,0
-13.9292,136.4943,324.9,2.8,1.6,2014-08-27,0147,Terra,MODIS,74,6.2,302.2,70.9,D,0
-13.9264,136.469,322.4,2.8,1.6,2014-08-27,0147,Terra,MODIS,71,6.2,301.9,60.3,D,0
-13.904,136.5563,314.9,2.8,1.6,2014-08-27,0147,Terra,MODIS,27,6.2,302.8,28.6,D,0
-13.9062,136.5492,319.3,2.8,1.6,2014-08-27,0147,Terra,MODIS,26,6.2,302.7,42.5,D,0
-15.9957,135.6877,323.8,2.6,1.5,2014-08-27,0147,Terra,MODIS,72,6.2,309.5,40,D,0
-15.9592,135.7395,329.2,2.6,1.5,2014-08-27,0147,Terra,MODIS,79,6.2,306.6,70.7,D,0
-15.2949,132.9313,332.7,1.6,1.2,2014-08-27,0147,Terra,MODIS,82,6.2,309,40.5,D,0
-15.2857,132.9472,322.1,1.6,1.2,2014-08-27,0147,Terra,MODIS,61,6.2,310.1,15.4,D,0
-15.2801,133.0819,319.1,1.6,1.2,2014-08-27,0147,Terra,MODIS,42,6.2,307.9,12.9,D,0
-14.4516,133.2142,323.4,1.6,1.2,2014-08-27,0147,Terra,MODIS,70,6.2,307.5,19.3,D,0
-13.5053,130.8918,322.9,1.1,1.1,2014-08-27,0147,Terra,MODIS,65,6.2,309.3,10.9,D,0
-13.5014,132.3626,325.3,1.4,1.2,2014-08-27,0147,Terra,MODIS,41,6.2,308.9,15.2,D,0
-13.3351,132.3542,341.7,1.3,1.1,2014-08-27,0147,Terra,MODIS,89,6.2,308,49.8,D,0
-15.3979,132.8323,333,1.5,1.2,2014-08-27,0147,Terra,MODIS,77,6.2,310.3,36.2,D,0
-15.3968,132.8383,336.8,1.5,1.2,2014-08-27,0147,Terra,MODIS,86,6.2,310,48.3,D,0
-13.0058,131.9449,327.8,1.3,1.1,2014-08-27,0147,Terra,MODIS,46,6.2,310,14.9,D,0
-13.3334,132.3419,349.4,1.3,1.1,2014-08-27,0147,Terra,MODIS,94,6.2,310.6,74,D,0
-15.2542,132.9661,318.8,1.6,1.2,2014-08-27,0147,Terra,MODIS,23,6.2,308.1,8.2,D,0
-15.2095,132.9778,325.1,1.6,1.2,2014-08-27,0147,Terra,MODIS,69,6.2,309.4,21.7,D,0
-15.1984,132.9793,320.6,1.6,1.2,2014-08-27,0147,Terra,MODIS,53,6.2,308.2,13.8,D,0
-15.1966,132.9647,322,1.6,1.2,2014-08-27,0147,Terra,MODIS,61,6.2,308.8,16.5,D,0
-13.4323,132.3977,340.5,1.4,1.2,2014-08-27,0147,Terra,MODIS,88,6.2,308.3,50.2,D,0
-13.4306,132.3852,338.7,1.4,1.2,2014-08-27,0147,Terra,MODIS,81,6.2,308.7,42.9,D,0
-13.3144,132.3566,346.8,1.3,1.1,2014-08-27,0147,Terra,MODIS,72,6.2,309.9,60.9,D,0
-13.3111,132.3884,342.3,1.3,1.2,2014-08-27,0147,Terra,MODIS,89,6.2,311.6,51.6,D,0
-13.318,132.3621,359.7,1.3,1.1,2014-08-27,0147,Terra,MODIS,99,6.2,312.8,110.3,D,0
-13.3164,132.35,333.9,1.3,1.1,2014-08-27,0147,Terra,MODIS,82,6.2,307.8,34,D,0
-15.6399,136.1305,324.7,2.8,1.6,2014-08-27,0147,Terra,MODIS,74,6.2,308.9,57.7,D,0
-13.4274,132.3603,336.5,1.3,1.2,2014-08-27,0147,Terra,MODIS,84,6.2,308.2,36.3,D,0
-13.4257,132.3479,328.8,1.3,1.1,2014-08-27,0147,Terra,MODIS,68,6.2,309.4,19.7,D,0
-13.4219,132.399,328.4,1.4,1.2,2014-08-27,0147,Terra,MODIS,75,6.2,309.2,23.3,D,0
-15.4622,132.8969,322.5,1.6,1.2,2014-08-27,0147,Terra,MODIS,64,6.2,310.5,12,D,0
-15.4604,132.8826,330.8,1.6,1.2,2014-08-27,0147,Terra,MODIS,80,6.2,310.9,31.4,D,0
-13.9267,136.5013,317.1,2.8,1.6,2014-08-27,0147,Terra,MODIS,51,6.2,301.9,35.8,D,0
-13.3366,132.3662,342,1.3,1.1,2014-08-27,0147,Terra,MODIS,89,6.2,309.3,50.3,D,0
-13.3295,132.3925,333,1.4,1.2,2014-08-27,0147,Terra,MODIS,33,6.2,310.9,28.6,D,0
-13.442,132.472,329.5,1.4,1.2,2014-08-27,0147,Terra,MODIS,62,6.2,308.6,26.4,D,0
-13.4524,132.4704,324.9,1.4,1.2,2014-08-27,0147,Terra,MODIS,59,6.2,307.7,18.5,D,0
-13.4628,132.4691,331.6,1.4,1.2,2014-08-27,0147,Terra,MODIS,79,6.2,307.6,30.9,D,0
-16.1605,136.7587,320.3,3.1,1.7,2014-08-27,0147,Terra,MODIS,65,6.2,306.2,53.6,D,0
-15.59,133.0017,321.1,1.6,1.2,2014-08-27,0147,Terra,MODIS,36,6.2,308.9,15.9,D,0
-13.3247,132.3554,351.1,1.3,1.1,2014-08-27,0147,Terra,MODIS,94,6.2,310.4,74.7,D,0
-14.5221,133.2295,324.3,1.6,1.2,2014-08-27,0147,Terra,MODIS,68,6.2,308.3,19.3,D,0
-13.3808,132.4611,330.1,1.4,1.2,2014-08-27,0147,Terra,MODIS,33,6.2,309.1,24.1,D,0
-13.3687,132.4498,328.3,1.4,1.2,2014-08-27,0147,Terra,MODIS,56,6.2,308.4,22.6,D,0
-15.4161,133.1642,323.7,1.6,1.3,2014-08-27,0147,Terra,MODIS,53,6.2,308.5,20.4,D,0
-13.429,132.3727,338.5,1.4,1.2,2014-08-27,0147,Terra,MODIS,72,6.2,309.7,39.9,D,0
-13.9437,131.8724,324.3,1.3,1.1,2014-08-27,0147,Terra,MODIS,54,6.2,309.6,10.6,D,0
-13.4807,132.3655,326.4,1.4,1.2,2014-08-27,0147,Terra,MODIS,17,6.2,309.4,17.1,D,0
-14.5206,133.2206,322.1,1.6,1.2,2014-08-27,0147,Terra,MODIS,67,6.2,309.2,14.7,D,0
-13.4911,132.3641,332.2,1.4,1.2,2014-08-27,0147,Terra,MODIS,60,6.2,309.1,27.9,D,0
-14.1019,132.2128,321.6,1.3,1.1,2014-08-27,0147,Terra,MODIS,64,6.2,306.2,13.6,D,0
-15.3488,134.8268,328.6,2.2,1.4,2014-08-27,0147,Terra,MODIS,64,6.2,309.5,43.9,D,0
-15.3477,134.8202,327.5,2.2,1.4,2014-08-27,0147,Terra,MODIS,47,6.2,310.6,38.3,D,0
-13.1273,134.4158,319.2,1.9,1.3,2014-08-27,0147,Terra,MODIS,46,6.2,306.6,19,D,0
-13.0384,134.8738,320.7,2,1.4,2014-08-27,0147,Terra,MODIS,48,6.2,306.8,19.7,D,0
-15.3808,135.0938,322.6,2.3,1.5,2014-08-27,0147,Terra,MODIS,57,6.2,309.5,31.3,D,0
-13.1145,135.0747,328.8,2.1,1.4,2014-08-27,0147,Terra,MODIS,79,6.2,307.9,48.4,D,0
-13.1151,135.069,320.6,2.1,1.4,2014-08-27,0147,Terra,MODIS,66,6.2,307.7,22.3,D,0
-13.1174,135.0882,325.2,2.1,1.4,2014-08-27,0147,Terra,MODIS,74,6.2,307.3,36.4,D,0
-13.2071,135.1888,321.5,2.1,1.4,2014-08-27,0147,Terra,MODIS,33,6.2,306,25.4,D,0
-12.7189,135.3464,328.6,2.2,1.4,2014-08-27,0147,Terra,MODIS,79,6.2,306.5,49.7,D,0
-13.2761,135.5516,319.1,2.3,1.5,2014-08-27,0147,Terra,MODIS,52,6.2,303.3,28.5,D,0
-13.1169,135.0939,322.1,2.1,1.4,2014-08-27,0147,Terra,MODIS,70,6.2,306.9,25.8,D,0
-13.1042,135.0954,328.5,2.1,1.4,2014-08-27,0147,Terra,MODIS,79,6.2,306.4,45.8,D,0
-13.139,135.2695,321,2.2,1.4,2014-08-27,0147,Terra,MODIS,58,6.2,306.8,26.4,D,0
-13.2666,135.5598,315,2.3,1.5,2014-08-27,0147,Terra,MODIS,32,6.2,303.1,17.8,D,0
-13.1226,134.2782,323.2,1.8,1.3,2014-08-27,0147,Terra,MODIS,37,6.2,306.1,24.5,D,0
-12.5325,132.6827,332.7,1.4,1.2,2014-08-27,0147,Terra,MODIS,53,6.2,311.9,28.2,D,0
-14.6467,132.7029,322.2,1.5,1.2,2014-08-27,0147,Terra,MODIS,56,6.2,307.2,15.8,D,0
-14.6497,132.6966,317.2,1.5,1.2,2014-08-27,0147,Terra,MODIS,43,6.2,306.7,8.5,D,0
-13.1009,134.2979,348.8,1.8,1.3,2014-08-27,0147,Terra,MODIS,94,6.2,307.9,115.5,D,0
-13.2318,135.716,320.5,2.4,1.5,2014-08-27,0147,Terra,MODIS,62,6.2,303.9,32.8,D,0
-13.1047,135.0897,337.4,2.1,1.4,2014-08-27,0147,Terra,MODIS,87,6.2,307,80.7,D,0
-12.5252,132.6774,335.7,1.4,1.2,2014-08-27,0147,Terra,MODIS,55,6.2,312,32.1,D,0
-13.1018,135.0762,358.7,2.1,1.4,2014-08-27,0147,Terra,MODIS,99,6.2,307.9,210.4,D,0
-13.1024,135.0706,347.3,2.1,1.4,2014-08-27,0147,Terra,MODIS,93,6.2,307.2,132.4,D,0
-15.4153,134.7308,326.4,2.1,1.4,2014-08-27,0147,Terra,MODIS,36,6.2,310.2,37.5,D,0
-13.2031,135.1559,321.5,2.1,1.4,2014-08-27,0147,Terra,MODIS,54,6.2,305.7,26.7,D,0
-13.2867,135.5289,321.4,2.3,1.5,2014-08-27,0147,Terra,MODIS,68,6.2,304,36,D,0
-13.2893,135.5502,314.8,2.3,1.5,2014-08-27,0147,Terra,MODIS,17,6.2,303.2,15.8,D,0
-15.1805,134.6138,320.9,2.1,1.4,2014-08-27,0147,Terra,MODIS,62,6.2,310.1,21.9,D,0
-13.1904,135.1576,330.5,2.1,1.4,2014-08-27,0147,Terra,MODIS,81,6.2,306.3,54.3,D,0
-13.117,134.2854,324.5,1.8,1.3,2014-08-27,0147,Terra,MODIS,22,6.2,307.8,24.9,D,0
-12.6428,131.8232,333.9,1.2,1.1,2014-08-27,0147,Terra,MODIS,69,6.2,308.7,25.3,D,0
-13.0954,134.3052,336.2,1.8,1.3,2014-08-27,0147,Terra,MODIS,85,6.2,305.5,64.6,D,0
-13.0932,134.2884,338.8,1.8,1.3,2014-08-27,0147,Terra,MODIS,87,6.2,306.9,74.6,D,0
-13.1072,134.3036,336.5,1.8,1.3,2014-08-27,0147,Terra,MODIS,86,6.2,306.4,62.4,D,0
-15.3595,135.139,320.1,2.3,1.5,2014-08-27,0147,Terra,MODIS,26,6.2,309.7,22.5,D,0
-15.4049,134.7521,328.1,2.1,1.4,2014-08-27,0147,Terra,MODIS,47,6.2,309.9,42,D,0
-15.3647,134.744,324.6,2.1,1.4,2014-08-27,0147,Terra,MODIS,34,6.2,311.2,25.8,D,0
-15.3188,130.5853,324.1,1.1,1.1,2014-08-27,0147,Terra,MODIS,55,6.2,311.4,8.9,D,0
-15.0074,126.1787,416.8,1.1,1.1,2014-08-27,0147,Terra,MODIS,100,6.2,325.2,424.1,D,0
-15.0069,126.1143,335.8,1.1,1.1,2014-08-27,0147,Terra,MODIS,84,6.2,302.9,31.5,D,0
-15.0086,126.1248,372.3,1.1,1.1,2014-08-27,0147,Terra,MODIS,100,6.2,310.1,135.7,D,0
-15.0102,126.1353,341.4,1.1,1.1,2014-08-27,0147,Terra,MODIS,89,6.2,308.2,38.2,D,0
-15.0247,126.1652,329.2,1.1,1.1,2014-08-27,0147,Terra,MODIS,59,6.2,309.3,15.5,D,0
-15.0342,126.1636,336.2,1.1,1.1,2014-08-27,0147,Terra,MODIS,72,6.2,310.6,26.8,D,0
-15.0359,126.1741,334.3,1.1,1.1,2014-08-27,0147,Terra,MODIS,57,6.2,308.8,23.4,D,0
-14.0156,129.8087,363.9,1,1,2014-08-27,0147,Terra,MODIS,100,6.2,310.3,92.6,D,0
-14.017,129.8182,340.1,1,1,2014-08-27,0147,Terra,MODIS,87,6.2,313.8,35.8,D,0
-15.0581,126.1918,335.3,1.1,1.1,2014-08-27,0147,Terra,MODIS,84,6.2,311.8,25.4,D,0
-15.0565,126.1813,333.1,1.1,1.1,2014-08-27,0147,Terra,MODIS,79,6.2,310.1,21.5,D,0
-13.9835,130.1638,324.4,1.1,1,2014-08-27,0147,Terra,MODIS,53,6.2,311.4,9.1,D,0
-15.7006,130.41,320.1,1.1,1.1,2014-08-27,0147,Terra,MODIS,28,6.2,308,6,D,0
-14.999,126.1264,321.6,1.1,1.1,2014-08-27,0147,Terra,MODIS,46,6.2,305,10.5,D,0
-12.3871,132.7276,329.8,1.4,1.2,2014-08-27,0147,Terra,MODIS,78,6.2,312.2,25.3,D,0
-14.9962,126.1699,335.7,1.1,1.1,2014-08-27,0147,Terra,MODIS,59,6.2,313.5,27.7,D,0
-14.9946,126.1594,350.6,1.1,1.1,2014-08-27,0147,Terra,MODIS,95,6.2,313.3,59.9,D,0
-14.9929,126.1489,384.6,1.1,1.1,2014-08-27,0147,Terra,MODIS,100,6.2,317.2,193.1,D,0
-14.9912,126.1384,349.9,1.1,1.1,2014-08-27,0147,Terra,MODIS,94,6.2,309.5,59.9,D,0
-15.0454,126.1725,339.7,1.1,1.1,2014-08-27,0147,Terra,MODIS,87,6.2,308.4,34.4,D,0
-15.0503,126.2038,328.8,1.1,1.1,2014-08-27,0147,Terra,MODIS,66,6.2,310.8,17.5,D,0
-15.0486,126.1934,353.1,1.1,1.1,2014-08-27,0147,Terra,MODIS,96,6.2,312.6,66.5,D,0
-14.9927,126.1764,327.1,1.1,1.1,2014-08-27,0147,Terra,MODIS,74,6.2,312.1,12.7,D,0
-14.9911,126.166,335.9,1.1,1.1,2014-08-27,0147,Terra,MODIS,84,6.2,311,26.4,D,0
-14.9894,126.1555,358.2,1.1,1.1,2014-08-27,0147,Terra,MODIS,99,6.2,311.4,81.5,D,0
-14.9878,126.145,324.7,1.1,1.1,2014-08-27,0147,Terra,MODIS,57,6.2,309,12.3,D,0
-15.009,126.1891,394.2,1.1,1.1,2014-08-27,0147,Terra,MODIS,100,6.2,320,246.4,D,0
-14.506,129.8922,322.9,1,1,2014-08-27,0147,Terra,MODIS,51,6.2,310.1,8.3,D,0
-14.4254,126.6791,321.9,1.1,1,2014-08-27,0147,Terra,MODIS,59,6.2,308.8,8.3,D,0
-15.0107,126.1996,335.8,1.1,1.1,2014-08-27,0147,Terra,MODIS,84,6.2,312.4,29.2,D,0
-15.047,126.183,364.3,1.1,1.1,2014-08-27,0147,Terra,MODIS,100,6.2,313.4,99.7,D,0
-13.8864,130.1936,324.4,1.1,1,2014-08-27,0147,Terra,MODIS,67,6.2,309.1,10.2,D,0
-14.0112,130.1597,334.9,1.1,1,2014-08-27,0147,Terra,MODIS,83,6.2,309.3,24.3,D,0
-15.0057,126.1683,382.9,1.1,1.1,2014-08-27,0147,Terra,MODIS,100,6.2,317.7,179.9,D,0
-15.0882,126.1975,324.3,1.1,1.1,2014-08-27,0147,Terra,MODIS,65,6.2,310.5,8.9,D,0
-15.0898,126.2079,327.9,1.1,1.1,2014-08-27,0147,Terra,MODIS,72,6.2,311.5,14.8,D,0
-15.1106,126.1873,332.7,1.1,1.1,2014-08-27,0147,Terra,MODIS,67,6.2,311.5,20.4,D,0
-15.1123,126.1977,336.6,1.1,1.1,2014-08-27,0147,Terra,MODIS,85,6.2,310.5,28.8,D,0
-15.1168,126.1649,329.5,1.1,1.1,2014-08-27,0147,Terra,MODIS,77,6.2,309.5,16.6,D,0
-15.1436,126.1498,338.7,1.1,1.1,2014-08-27,0147,Terra,MODIS,87,6.2,309.5,34.1,D,0
-15.1453,126.1602,332.5,1.1,1.1,2014-08-27,0147,Terra,MODIS,81,6.2,307.6,23.5,D,0
-15.1486,126.1811,331.3,1.1,1.1,2014-08-27,0147,Terra,MODIS,74,6.2,308.2,21.3,D,0
-15.1502,126.1916,346.1,1.1,1.1,2014-08-27,0147,Terra,MODIS,92,6.2,311.4,51.3,D,0
-15.1518,126.202,322,1.1,1.1,2014-08-27,0147,Terra,MODIS,53,6.2,308.9,10.1,D,0
-15.1597,126.19,319.1,1.1,1.1,2014-08-27,0147,Terra,MODIS,47,6.2,307.1,7.2,D,0
-13.8877,130.2033,341.9,1.1,1,2014-08-27,0147,Terra,MODIS,89,6.2,309.2,38,D,0
-15.7115,130.4188,323.3,1.1,1.1,2014-08-27,0147,Terra,MODIS,64,6.2,308.4,9.6,D,0
-15.0787,126.199,346.2,1.1,1.1,2014-08-27,0147,Terra,MODIS,92,6.2,312.3,46.6,D,0
-15.0803,126.2095,345.3,1.1,1.1,2014-08-27,0147,Terra,MODIS,91,6.2,313.2,45.4,D,0
-15.0007,126.1369,391.6,1.1,1.1,2014-08-27,0147,Terra,MODIS,100,6.2,312.8,233.9,D,0
-15.0024,126.1474,401.2,1.1,1.1,2014-08-27,0147,Terra,MODIS,100,6.2,319.5,295.3,D,0
-15.0041,126.1579,349.2,1.1,1.1,2014-08-27,0147,Terra,MODIS,94,6.2,313.4,54.5,D,0
-18.1998,129.8221,366.7,1.1,1.1,2014-08-27,0148,Terra,MODIS,100,6.2,313,110.2,D,0
-18.2037,129.8151,335.4,1.1,1.1,2014-08-27,0148,Terra,MODIS,85,6.2,309.1,29.6,D,0
-18.2051,129.8255,331.1,1.1,1.1,2014-08-27,0148,Terra,MODIS,81,6.2,310.7,21.9,D,0
-15.1264,125.7083,369,1.2,1.1,2014-08-27,0148,Terra,MODIS,100,6.2,313.6,128,D,0
-17.656,127.8201,333.2,1,1,2014-08-27,0148,Terra,MODIS,83,6.2,308.6,22.9,D,0
-17.665,127.8187,330.7,1,1,2014-08-27,0148,Terra,MODIS,80,6.2,306.8,19.9,D,0
-15.1281,125.7191,359.3,1.2,1.1,2014-08-27,0148,Terra,MODIS,99,6.2,314,91,D,0
-18.0826,130.6774,325.3,1.2,1.1,2014-08-27,0148,Terra,MODIS,69,6.2,307.8,16.7,D,0
-18.1586,125.6336,321.8,1.1,1,2014-08-27,0148,Terra,MODIS,50,6.2,309,7.9,D,0
-18.2858,129.9213,322.6,1.1,1.1,2014-08-27,0148,Terra,MODIS,23,6.2,309.8,10.5,D,0
-18.1983,129.8116,344,1.1,1.1,2014-08-27,0148,Terra,MODIS,91,6.2,309.4,46.9,D,0
-15.2724,126.1056,325.8,1.1,1.1,2014-08-27,0148,Terra,MODIS,73,6.2,309.8,13.1,D,0
-18.2325,129.8858,330.8,1.1,1.1,2014-08-27,0148,Terra,MODIS,81,6.2,310.6,20.9,D,0
-18.2012,129.8326,335.5,1.1,1.1,2014-08-27,0148,Terra,MODIS,85,6.2,310.8,29,D,0
-15.1299,125.73,325.3,1.2,1.1,2014-08-27,0148,Terra,MODIS,57,6.2,311.8,12.7,D,0
-18.234,129.8964,326.6,1.1,1.1,2014-08-27,0148,Terra,MODIS,71,6.2,310,15.5,D,0
-17.5986,127.8064,321.9,1,1,2014-08-27,0148,Terra,MODIS,67,6.2,308.4,9.6,D,0
-17.6546,127.8108,359.9,1,1,2014-08-27,0148,Terra,MODIS,99,6.2,310.3,75.8,D,0
-18.2708,130.6385,321,1.2,1.1,2014-08-27,0148,Terra,MODIS,65,6.2,307.3,10.1,D,0
-15.2819,126.104,320.2,1.1,1.1,2014-08-27,0148,Terra,MODIS,51,6.2,308.6,6.1,D,0
-18.2873,129.9319,321.9,1.1,1.1,2014-08-27,0148,Terra,MODIS,48,6.2,306.6,10.9,D,0
-18.2354,129.907,321.2,1.1,1.1,2014-08-27,0148,Terra,MODIS,60,6.2,308.8,9.7,D,0
-18.0811,130.6659,320.9,1.2,1.1,2014-08-27,0148,Terra,MODIS,51,6.2,307.1,9.9,D,0
-18.2544,129.9042,329.9,1.1,1.1,2014-08-27,0148,Terra,MODIS,68,6.2,308.3,18.4,D,0
-17.6076,127.805,337,1,1,2014-08-27,0148,Terra,MODIS,86,6.2,306.7,28.1,D,0
-17.6089,127.8143,317.9,1,1,2014-08-27,0148,Terra,MODIS,39,6.2,306.9,4.9,D,0
-18.2653,129.9134,331.6,1.1,1.1,2014-08-27,0148,Terra,MODIS,75,6.2,309.5,21.9,D,0
-18.2763,129.9227,331.9,1.1,1.1,2014-08-27,0148,Terra,MODIS,70,6.2,308.9,22.8,D,0
-18.2027,129.843,324.4,1.1,1.1,2014-08-27,0148,Terra,MODIS,68,6.2,308.5,12.4,D,0
-17.8451,122.6675,323.5,1.7,1.3,2014-08-27,0148,Terra,MODIS,57,6.2,307.1,22.7,D,0
-16.5549,123.7473,323.7,1.5,1.2,2014-08-27,0148,Terra,MODIS,71,6.2,305,21.6,D,0
-16.3987,123.9148,321.4,1.5,1.2,2014-08-27,0148,Terra,MODIS,23,6.2,304.8,15.6,D,0
-15.9688,128.8072,336.9,1,1,2014-08-27,0148,Terra,MODIS,85,6.2,309.6,25.6,D,0
-17.9963,123.6299,333,1.4,1.2,2014-08-27,0148,Terra,MODIS,81,6.2,310.5,31.4,D,0
-16.5573,123.7614,349.7,1.5,1.2,2014-08-27,0148,Terra,MODIS,94,6.2,307.3,93,D,0
-15.9571,128.7897,324.2,1,1,2014-08-27,0148,Terra,MODIS,30,6.2,308.9,10.6,D,0
-17.6998,122.6919,322.6,1.7,1.3,2014-08-27,0148,Terra,MODIS,49,6.2,308,16.1,D,0
-16.4117,123.9266,323.6,1.5,1.2,2014-08-27,0148,Terra,MODIS,35,6.2,306.6,19.6,D,0
-17.9977,123.6091,363.1,1.4,1.2,2014-08-27,0148,Terra,MODIS,100,6.2,313,139,D,0
-15.9661,128.7884,321.5,1,1,2014-08-27,0148,Terra,MODIS,20,6.2,307.1,8,D,0
-18,123.6226,334,1.4,1.2,2014-08-27,0148,Terra,MODIS,82,6.2,309.8,36.7,D,0
-17.7797,122.687,367.8,1.7,1.3,2014-08-27,0148,Terra,MODIS,100,6.2,312.1,205.5,D,0
-17.9953,123.5956,336.1,1.4,1.2,2014-08-27,0148,Terra,MODIS,84,6.2,309.9,42.3,D,0
-16.5596,123.7752,319.7,1.5,1.2,2014-08-27,0148,Terra,MODIS,44,6.2,306.8,12.2,D,0
-17.8423,122.6519,321.7,1.7,1.3,2014-08-27,0148,Terra,MODIS,53,6.2,309.4,17.5,D,0
-17.6938,122.7252,320.5,1.7,1.3,2014-08-27,0148,Terra,MODIS,39,6.2,307.6,12,D,0
-18.0023,123.636,330.3,1.4,1.2,2014-08-27,0148,Terra,MODIS,74,6.2,308,29.5,D,0
-18.0013,123.5667,339.5,1.4,1.2,2014-08-27,0148,Terra,MODIS,87,6.2,307.6,54.1,D,0
-17.6106,122.8436,327.1,1.6,1.3,2014-08-27,0148,Terra,MODIS,73,6.2,311,24.8,D,0
-18.0037,123.5802,342.6,1.4,1.2,2014-08-27,0148,Terra,MODIS,90,6.2,306.9,62.8,D,0
-18.0083,123.6072,327.3,1.4,1.2,2014-08-27,0148,Terra,MODIS,66,6.2,306.9,23.8,D,0
-15.0985,125.6738,332.6,1.2,1.1,2014-08-27,0148,Terra,MODIS,81,6.2,310,26.5,D,0
-16.4588,123.946,319.5,1.4,1.2,2014-08-27,0148,Terra,MODIS,61,6.2,304.4,14.5,D,0
-15.0998,125.6675,337.9,1.2,1.1,2014-08-27,0148,Terra,MODIS,86,6.2,309.4,37.7,D,0
-15.9702,128.8165,329.9,1,1,2014-08-27,0148,Terra,MODIS,74,6.2,309.2,15.8,D,0
-15.1016,125.6785,335.6,1.2,1.1,2014-08-27,0148,Terra,MODIS,84,6.2,311.9,31.5,D,0
-17.9986,123.6433,326,1.4,1.2,2014-08-27,0148,Terra,MODIS,49,6.2,308.1,17.6,D,0
-16.5919,123.7696,326.9,1.5,1.2,2014-08-27,0148,Terra,MODIS,76,6.2,304.9,28.8,D,0
-16.6408,123.8388,320.6,1.5,1.2,2014-08-27,0148,Terra,MODIS,39,6.2,305.2,14.4,D,0
-17.7328,124.098,330.2,1.3,1.2,2014-08-27,0148,Terra,MODIS,78,6.2,308.4,26.6,D,0
-16.5942,123.7834,316.5,1.5,1.2,2014-08-27,0148,Terra,MODIS,9,6.2,304.2,9.3,D,0
-15.9675,128.7978,324,1,1,2014-08-27,0148,Terra,MODIS,40,6.2,307.8,9.4,D,0
-15.1096,125.6659,339.3,1.2,1.1,2014-08-27,0148,Terra,MODIS,87,6.2,308.1,40.7,D,0
-17.7824,122.7025,351.6,1.7,1.3,2014-08-27,0148,Terra,MODIS,95,6.2,310.2,113.6,D,0
-15.1113,125.6768,383.6,1.2,1.1,2014-08-27,0148,Terra,MODIS,100,6.2,315.6,202.9,D,0
-16.401,123.9285,324,1.5,1.2,2014-08-27,0148,Terra,MODIS,61,6.2,303.9,21.1,D,0
-15.1131,125.6878,341.7,1.2,1.1,2014-08-27,0148,Terra,MODIS,89,6.2,311.8,43.3,D,0
-15.2468,125.76,327,1.2,1.1,2014-08-27,0148,Terra,MODIS,75,6.2,308.8,16.6,D,0
-15.2485,125.7708,328.6,1.2,1.1,2014-08-27,0148,Terra,MODIS,77,6.2,310.1,18.7,D,0
-15.1421,125.806,327.4,1.2,1.1,2014-08-27,0148,Terra,MODIS,75,6.2,311,14.4,D,0
-15.1438,125.8168,333.6,1.2,1.1,2014-08-27,0148,Terra,MODIS,82,6.2,311.6,25.1,D,0
-15.1456,125.8276,326.4,1.2,1.1,2014-08-27,0148,Terra,MODIS,72,6.2,310.7,12.8,D,0
-15.1797,125.8553,320.9,1.2,1.1,2014-08-27,0148,Terra,MODIS,57,6.2,309.7,6.8,D,0
-15.2719,126.041,319.5,1.1,1.1,2014-08-27,0148,Terra,MODIS,46,6.2,308,5.4,D,0
-17.0961,138.9189,335.9,4.7,2,2014-08-27,0148,Terra,MODIS,86,6.2,301,285.6,D,0
-17.1004,138.9628,319.4,4.7,2,2014-08-27,0148,Terra,MODIS,49,6.2,301.1,100.7,D,0
-17.0948,138.9118,328.8,4.7,2,2014-08-27,0148,Terra,MODIS,81,6.2,300.5,199.5,D,0
-17.0988,138.9559,324.8,4.7,2,2014-08-27,0148,Terra,MODIS,76,6.2,301.4,156.9,D,0
-17.714,138.258,336,4.3,1.9,2014-08-27,0148,Terra,MODIS,87,6.2,303.1,244,D,0
-17.6989,138.2526,313.8,4.3,1.9,2014-08-27,0148,Terra,MODIS,39,6.2,300.6,49.4,D,0
-17.7161,138.2506,326.3,4.3,1.9,2014-08-27,0148,Terra,MODIS,78,6.2,302.4,141.1,D,0
-17.718,138.2989,326.5,4.3,1.9,2014-08-27,0148,Terra,MODIS,72,6.2,303.2,137.4,D,0
-17.7198,138.2915,327.4,4.3,1.9,2014-08-27,0148,Terra,MODIS,73,6.2,303.5,144.9,D,0
-17.7099,138.3753,317.3,4.3,1.9,2014-08-27,0148,Terra,MODIS,47,6.2,306.1,56.7,D,0
-15.8094,130.4623,321.1,1.1,1.1,2014-08-27,0148,Terra,MODIS,39,6.2,310.6,8.4,D,0
-17.9757,123.7023,331.5,1.4,1.2,2014-08-27,0148,Terra,MODIS,75,6.2,311.6,26.3,D,0
-17.9902,123.6586,335.9,1.4,1.2,2014-08-27,0148,Terra,MODIS,84,6.2,311.1,36.9,D,0
-17.9924,123.6719,331.1,1.4,1.2,2014-08-27,0148,Terra,MODIS,49,6.2,310.6,26,D,0
-17.9963,123.6646,329.9,1.4,1.2,2014-08-27,0148,Terra,MODIS,65,6.2,308.8,26.9,D,0
-17.9779,123.7155,325.4,1.4,1.2,2014-08-27,0148,Terra,MODIS,32,6.2,310.3,15.1,D,0
-18.8909,133.8903,316.2,2.1,1.4,2014-08-27,0148,Terra,MODIS,34,6.2,300.8,19.7,D,0
-18.8932,133.91,353.5,2.1,1.4,2014-08-27,0148,Terra,MODIS,97,6.2,306.2,182.1,D,0
-18.8955,133.9297,318.8,2.1,1.4,2014-08-27,0148,Terra,MODIS,56,6.2,304.2,24.9,D,0
-18.8937,133.9034,348.4,2.1,1.4,2014-08-27,0148,Terra,MODIS,94,6.2,304.7,150.1,D,0
-18.8958,133.9232,330.8,2.1,1.4,2014-08-27,0148,Terra,MODIS,82,6.2,305,65.2,D,0
-20.9434,119.6343,319.4,2.4,1.5,2014-08-27,0149,Terra,MODIS,67,6.2,302.3,35.9,D,0
-21.6216,127.7638,324.9,1,1,2014-08-27,0149,Terra,MODIS,72,6.2,308.2,12.4,D,0
-21.6306,127.7624,341.3,1,1,2014-08-27,0149,Terra,MODIS,89,6.2,307.5,35.1,D,0
-21.623,127.7736,318.7,1,1,2014-08-27,0149,Terra,MODIS,58,6.2,307.2,6.2,D,0
-21.1213,120.7219,321,2,1.4,2014-08-27,0149,Terra,MODIS,66,6.2,302.1,28.4,D,0
-21.1089,120.7243,344.6,2,1.4,2014-08-27,0149,Terra,MODIS,92,6.2,305.3,116.3,D,0
-21.1125,120.7431,327.3,2,1.4,2014-08-27,0149,Terra,MODIS,73,6.2,304.1,45.1,D,0
-21.1562,120.7732,316.1,2,1.4,2014-08-27,0149,Terra,MODIS,54,6.2,302.7,17.2,D,0
-21.1336,120.7196,319,2,1.4,2014-08-27,0149,Terra,MODIS,37,6.2,302.2,23.1,D,0
-18.9527,122.0753,325.1,1.8,1.3,2014-08-27,0149,Terra,MODIS,72,6.2,308.9,24,D,0
-21.2971,125.882,325.9,1,1,2014-08-27,0149,Terra,MODIS,72,6.2,308.3,11.8,D,0
-21.2956,125.8722,326.4,1,1,2014-08-27,0149,Terra,MODIS,72,6.2,309.4,12.1,D,0
-21.2865,125.8737,324.1,1,1,2014-08-27,0149,Terra,MODIS,39,6.2,307.3,9.5,D,0
-21.3297,125.8598,320.7,1,1,2014-08-27,0149,Terra,MODIS,53,6.2,309.3,6,D,0
-21.3312,125.8697,325.7,1,1,2014-08-27,0149,Terra,MODIS,72,6.2,308.7,11.7,D,0
-21.3463,125.786,323,1,1,2014-08-27,0149,Terra,MODIS,67,6.2,309.9,6.9,D,0
-21.3478,125.7959,324.8,1,1,2014-08-27,0149,Terra,MODIS,70,6.2,308.8,8.7,D,0
-21.3476,126.2743,325.4,1,1,2014-08-27,0149,Terra,MODIS,67,6.2,308.7,11.8,D,0
-21.3888,125.88,332,1,1,2014-08-27,0149,Terra,MODIS,80,6.2,309.4,20.3,D,0
-21.4065,125.8203,330.9,1,1,2014-08-27,0149,Terra,MODIS,79,6.2,309.5,17.3,D,0
-21.4612,126.4173,338.5,1,1,2014-08-27,0149,Terra,MODIS,87,6.2,307,29.9,D,0
-21.4551,126.4382,340.9,1,1,2014-08-27,0149,Terra,MODIS,88,6.2,311.6,32.2,D,0
-21.449,126.459,325.3,1,1,2014-08-27,0149,Terra,MODIS,59,6.2,308.3,11,D,0
-21.2804,125.8343,347.8,1,1,2014-08-27,0149,Terra,MODIS,93,6.2,311,46.5,D,0
-21.2819,125.8441,328.3,1,1,2014-08-27,0149,Terra,MODIS,71,6.2,308.2,14.3,D,0
-21.291,125.8426,328.3,1,1,2014-08-27,0149,Terra,MODIS,76,6.2,310,14.3,D,0
-21.4319,126.2237,355.5,1,1,2014-08-27,0149,Terra,MODIS,97,6.2,310.9,64.1,D,0
-21.4334,126.2334,385.8,1,1,2014-08-27,0149,Terra,MODIS,100,6.2,317.7,168.9,D,0
-21.4349,126.2431,363.2,1,1,2014-08-27,0149,Terra,MODIS,100,6.2,312.8,83.6,D,0
-21.411,125.7891,334.3,1,1,2014-08-27,0149,Terra,MODIS,83,6.2,308.6,23.4,D,0
-21.4125,125.799,361.6,1,1,2014-08-27,0149,Terra,MODIS,100,6.2,312.1,81.4,D,0
-21.414,125.8089,358.2,1,1,2014-08-27,0149,Terra,MODIS,99,6.2,310.6,72.1,D,0
-21.4364,126.2528,372,1,1,2014-08-27,0149,Terra,MODIS,100,6.2,312,112.5,D,0
-21.4395,126.2125,354.4,1,1,2014-08-27,0149,Terra,MODIS,97,6.2,306.7,62.5,D,0
-21.441,126.2222,460.5,1,1,2014-08-27,0149,Terra,MODIS,100,6.2,331.8,860.4,D,0
-21.4424,126.2319,398,1,1,2014-08-27,0149,Terra,MODIS,100,6.2,313.2,233.6,D,0
-21.4439,126.2416,322.4,1,1,2014-08-27,0149,Terra,MODIS,43,6.2,305.6,7.7,D,0
-21.4156,125.8187,323.5,1,1,2014-08-27,0149,Terra,MODIS,53,6.2,306.8,9.2,D,0
-21.4201,125.7875,334.6,1,1,2014-08-27,0149,Terra,MODIS,83,6.2,304.6,25.1,D,0
-21.4216,125.7974,338.9,1,1,2014-08-27,0149,Terra,MODIS,87,6.2,305.6,31.1,D,0
-21.3294,125.6768,323.5,1,1,2014-08-27,0149,Terra,MODIS,68,6.2,308.8,10,D,0
-21.3309,125.6868,320.7,1,1,2014-08-27,0149,Terra,MODIS,60,6.2,307.1,6.9,D,0
-21.4641,126.4367,340.4,1,1,2014-08-27,0149,Terra,MODIS,88,6.2,307.2,31.5,D,0
-21.4626,126.427,371.3,1,1,2014-08-27,0149,Terra,MODIS,100,6.2,311.9,109.3,D,0
-22.0986,123.0929,325.7,1.3,1.1,2014-08-27,0149,Terra,MODIS,75,6.2,305.6,19.6,D,0
-22.0928,123.1204,320.2,1.3,1.1,2014-08-27,0149,Terra,MODIS,65,6.2,305.8,12.2,D,0
-22.0906,123.1076,334.6,1.3,1.1,2014-08-27,0149,Terra,MODIS,84,6.2,306.8,37.9,D,0
-22.0884,123.0949,337.3,1.3,1.1,2014-08-27,0149,Terra,MODIS,87,6.2,307.3,43.5,D,0
-19.0165,122.0969,325.9,1.7,1.3,2014-08-27,0149,Terra,MODIS,40,6.2,306.6,26,D,0
-18.9556,122.0917,321.3,1.8,1.3,2014-08-27,0149,Terra,MODIS,41,6.2,307.1,14.8,D,0
-21.5446,123.9512,326.4,1.2,1.1,2014-08-27,0149,Terra,MODIS,75,6.2,308.7,17.6,D,0
-21.2697,125.7651,330,1,1,2014-08-27,0149,Terra,MODIS,78,6.2,308.3,16,D,0
-21.2575,125.7468,321.2,1,1,2014-08-27,0149,Terra,MODIS,49,6.2,308.5,7.2,D,0
-21.2789,125.8244,342.9,1,1,2014-08-27,0149,Terra,MODIS,90,6.2,310.8,36.4,D,0
-22.9852,122.7498,332.4,1.3,1.1,2014-08-27,0150,Terra,MODIS,83,6.2,305.7,35.6,D,0
-22.9772,122.7648,320.2,1.3,1.1,2014-08-27,0150,Terra,MODIS,53,6.2,304.8,13.2,D,0
-22.983,122.7368,320.6,1.3,1.2,2014-08-27,0150,Terra,MODIS,68,6.2,303.8,14.9,D,0
-23.6604,124.7254,323.7,1.1,1,2014-08-27,0150,Terra,MODIS,70,6.2,306.7,12.1,D,0
-23.6512,124.7271,319.9,1.1,1,2014-08-27,0150,Terra,MODIS,61,6.2,307.5,7.9,D,0
-22.9546,122.6338,332.1,1.4,1.2,2014-08-27,0150,Terra,MODIS,83,6.2,305.1,37.4,D,0
-31.681,115.8004,302.2,2.5,1.5,2014-08-27,0152,Terra,MODIS,51,6.2,289.4,15.7,D,0
-30.8653,121.4869,310.2,1.2,1.1,2014-08-27,0152,Terra,MODIS,62,6.2,296.2,7.3,D,2
-42.3342,147.5383,301.3,1.1,1.1,2014-08-27,0427,Aqua,MODIS,46,6.2,287,5.8,D,0
-37.9082,141.1074,308.1,1.1,1,2014-08-27,0429,Aqua,MODIS,67,6.2,285,9.6,D,0
-37.9174,141.1093,303,1.1,1,2014-08-27,0429,Aqua,MODIS,42,6.2,282.4,6,D,0
-36.3897,143.2418,306.2,1,1,2014-08-27,0429,Aqua,MODIS,45,6.2,294.7,4.1,D,0
-37.7785,141.6841,328.4,1,1,2014-08-27,0429,Aqua,MODIS,86,6.2,293.6,27.5,D,0
-37.2974,143.4575,301.8,1,1,2014-08-27,0429,Aqua,MODIS,49,6.2,290.8,3.9,D,0
-36.8311,142.5625,311.2,1,1,2014-08-27,0429,Aqua,MODIS,69,6.2,293.7,9,D,0
-37.7833,141.7759,306.8,1,1,2014-08-27,0429,Aqua,MODIS,64,6.2,292.5,7.3,D,0
-37.786,141.6977,344.6,1,1,2014-08-27,0429,Aqua,MODIS,94,6.2,294.3,53,D,0
-37.7876,141.6861,301.9,1,1,2014-08-27,0429,Aqua,MODIS,42,6.2,289.8,4.2,D,0
-37.7753,141.7075,342.6,1,1,2014-08-27,0429,Aqua,MODIS,93,6.2,294.3,48.9,D,0
-37.7769,141.6958,395,1,1,2014-08-27,0429,Aqua,MODIS,100,6.2,302.2,232.4,D,0
-36.2406,141.1761,312.1,1,1,2014-08-27,0429,Aqua,MODIS,68,6.2,299.1,7.7,D,0
-37.8395,144.7869,308.1,1.1,1,2014-08-27,0429,Aqua,MODIS,66,6.2,295.1,5.9,D,0
-35.4392,145.6221,335.3,1.2,1.1,2014-08-27,0429,Aqua,MODIS,89,6.2,294.7,45,D,0
-36.3909,145.2879,307.5,1.1,1.1,2014-08-27,0429,Aqua,MODIS,65,6.2,294.4,7,D,0
-35.4383,145.6272,353.5,1.2,1.1,2014-08-27,0429,Aqua,MODIS,97,6.2,294.4,87.9,D,0
-35.4961,145.4108,327.4,1.2,1.1,2014-08-27,0429,Aqua,MODIS,85,6.2,293,28,D,0
-35.4864,145.4084,319.6,1.2,1.1,2014-08-27,0429,Aqua,MODIS,79,6.2,294.3,18,D,0
-35.4584,145.6877,308.3,1.2,1.1,2014-08-27,0429,Aqua,MODIS,65,6.2,295.7,7.9,D,0
-37.1103,145.4719,301.2,1.1,1.1,2014-08-27,0429,Aqua,MODIS,45,6.2,289.1,5.1,D,0
-35.4983,145.398,324.2,1.2,1.1,2014-08-27,0429,Aqua,MODIS,79,6.2,295.2,23.4,D,0
-35.4406,145.614,309.2,1.2,1.1,2014-08-27,0429,Aqua,MODIS,37,6.2,293.6,7.5,D,0
-35.557,146.1229,320.7,1.3,1.1,2014-08-27,0429,Aqua,MODIS,80,6.2,290.4,23.9,D,0
-36.3888,145.3005,309.8,1.1,1.1,2014-08-27,0429,Aqua,MODIS,69,6.2,294.4,9.1,D,0
-36.5054,140.4687,307.1,1.1,1,2014-08-27,0429,Aqua,MODIS,62,6.2,293.9,5.5,D,0
-32.4846,147.0489,305.4,1.6,1.3,2014-08-27,0430,Aqua,MODIS,55,6.2,293.2,8.7,D,0
-33.146,143.9797,312.5,1.1,1,2014-08-27,0430,Aqua,MODIS,55,6.2,300.1,5.5,D,0
-32.4814,147.0661,307.2,1.6,1.3,2014-08-27,0430,Aqua,MODIS,60,6.2,295.1,11.3,D,0
-34.4341,146.2361,308.6,1.3,1.1,2014-08-27,0430,Aqua,MODIS,64,6.2,296.7,8.1,D,0
-34.3722,140.4831,332.2,1,1,2014-08-27,0430,Aqua,MODIS,86,6.2,303.6,27.3,D,0
-32.4832,147.0553,311,1.6,1.3,2014-08-27,0430,Aqua,MODIS,68,6.2,293.9,15.3,D,0
-33.1441,143.9915,320.6,1.1,1,2014-08-27,0430,Aqua,MODIS,73,6.2,300.3,13.8,D,0
-34.3775,140.4896,339.6,1,1,2014-08-27,0430,Aqua,MODIS,90,6.2,304.1,38.7,D,0
-34.8643,145.846,335.4,1.3,1.1,2014-08-27,0430,Aqua,MODIS,84,6.2,298.4,44.9,D,0
-34.3789,140.4782,326.2,1,1,2014-08-27,0430,Aqua,MODIS,81,6.2,301.3,19,D,0
-24.6078,145.4377,320.8,1.9,1.3,2014-08-27,0432,Aqua,MODIS,71,6.2,304.7,22.4,D,0
-24.9113,148.6241,315.3,3,1.7,2014-08-27,0432,Aqua,MODIS,56,6.2,299,46.1,D,0
-24.9168,148.6016,320,3,1.7,2014-08-27,0432,Aqua,MODIS,62,6.2,300.4,61.3,D,0
-24.9174,148.5943,315.5,3,1.7,2014-08-27,0432,Aqua,MODIS,63,6.2,300.1,45,D,0
-25.1724,151.1886,308.1,4.5,2,2014-08-27,0432,Aqua,MODIS,27,6.2,290.8,46.8,D,0
-23.4888,149.7751,313.9,3.9,1.8,2014-08-27,0432,Aqua,MODIS,63,6.2,299.9,53.5,D,0
-23.4854,149.7697,313.6,3.9,1.8,2014-08-27,0432,Aqua,MODIS,61,6.2,299.9,51.8,D,0
-23.2824,146.4426,312.9,2.3,1.5,2014-08-27,0433,Aqua,MODIS,40,6.2,299.8,18.3,D,0
-23.2956,146.4456,355.6,2.3,1.5,2014-08-27,0433,Aqua,MODIS,98,6.2,302.7,232.7,D,0
-23.2999,146.4231,343.1,2.3,1.5,2014-08-27,0433,Aqua,MODIS,91,6.2,302.9,142.8,D,0
-23.0463,147.4899,322.5,2.8,1.6,2014-08-27,0433,Aqua,MODIS,74,6.2,302.3,61.4,D,0
-23.0321,147.4865,326.6,2.8,1.6,2014-08-27,0433,Aqua,MODIS,79,6.2,303.4,79.9,D,0
-23.0453,147.4847,327.9,2.8,1.6,2014-08-27,0433,Aqua,MODIS,80,6.2,302.6,89.8,D,0
-23.0312,147.4811,326.5,2.8,1.6,2014-08-27,0433,Aqua,MODIS,79,6.2,303.2,83.6,D,0
-21.5256,144.9727,328.8,2,1.4,2014-08-27,0433,Aqua,MODIS,78,6.2,307.7,45.6,D,0
-22.147,148.8682,314.1,3.7,1.8,2014-08-27,0433,Aqua,MODIS,56,6.2,299.6,47.6,D,0
-21.5221,144.9917,320.1,2,1.4,2014-08-27,0433,Aqua,MODIS,63,6.2,307,19.3,D,0
-18.0309,145.821,317.2,2.7,1.6,2014-08-27,0434,Aqua,MODIS,54,6.2,303.1,32,D,0
-18.9994,130.7778,327.8,2.4,1.5,2014-08-27,0434,Aqua,MODIS,75,6.2,311.1,52.3,D,0
-19.2415,130.7228,341.6,2.5,1.5,2014-08-27,0434,Aqua,MODIS,89,6.2,310.3,133.7,D,0
-19.0052,130.7717,325.2,2.4,1.5,2014-08-27,0434,Aqua,MODIS,71,6.2,310.9,41.6,D,0
-19.239,130.7462,323.6,2.5,1.5,2014-08-27,0434,Aqua,MODIS,69,6.2,311.5,39.7,D,0
-19.2439,130.6994,318.5,2.5,1.5,2014-08-27,0434,Aqua,MODIS,43,6.2,306.3,20,D,0
-18.8814,133.8818,406.9,1.4,1.2,2014-08-27,0434,Aqua,MODIS,100,6.2,321.5,486.3,D,0
-18.8921,133.8834,344.3,1.4,1.2,2014-08-27,0434,Aqua,MODIS,91,6.2,313.5,65.6,D,0
-18.8831,133.8681,374,1.4,1.2,2014-08-27,0434,Aqua,MODIS,100,6.2,314.9,202.6,D,0
-18.9028,133.8848,329.8,1.4,1.2,2014-08-27,0434,Aqua,MODIS,77,6.2,308.5,29.1,D,0
-19.1126,130.8194,330,2.4,1.5,2014-08-27,0434,Aqua,MODIS,78,6.2,310.6,61.3,D,0
-17.4219,138.6419,328.1,1,1,2014-08-27,0434,Aqua,MODIS,55,6.2,317,9.4,D,0
-17.7187,138.2526,363,1,1,2014-08-27,0434,Aqua,MODIS,100,6.2,312.5,80.8,D,0
-17.6922,138.9872,333.1,1,1,2014-08-27,0434,Aqua,MODIS,78,6.2,317,18,D,0
-17.7492,138.2962,356.4,1,1,2014-08-27,0434,Aqua,MODIS,98,6.2,315.5,60.9,D,0
-17.7506,138.2867,330.8,1,1,2014-08-27,0434,Aqua,MODIS,45,6.2,311.8,14.2,D,0
-17.7146,138.2809,352,1,1,2014-08-27,0434,Aqua,MODIS,95,6.2,312.3,51.5,D,0
-17.7159,138.2715,343.9,1,1,2014-08-27,0434,Aqua,MODIS,85,6.2,312.5,34.6,D,0
-17.7069,138.27,339.2,1,1,2014-08-27,0434,Aqua,MODIS,43,6.2,311.5,26.4,D,0
-19.6028,147.3873,324.6,3.3,1.7,2014-08-27,0434,Aqua,MODIS,69,6.2,304.7,80,D,0
-19.6088,147.3567,318.4,3.2,1.7,2014-08-27,0434,Aqua,MODIS,59,6.2,305.4,45.1,D,0
-17.7229,138.3499,332.5,1,1,2014-08-27,0434,Aqua,MODIS,77,6.2,315.8,14,D,0
-17.7243,138.3404,328.5,1,1,2014-08-27,0434,Aqua,MODIS,57,6.2,315.8,9.3,D,0
-18.9012,133.8984,329.1,1.4,1.2,2014-08-27,0434,Aqua,MODIS,67,6.2,310.5,25.3,D,0
-18.8995,133.912,335.3,1.4,1.2,2014-08-27,0434,Aqua,MODIS,83,6.2,312.8,40.6,D,0
-18.8888,133.9106,347.2,1.4,1.2,2014-08-27,0434,Aqua,MODIS,92,6.2,313.5,72.2,D,0
-18.8905,133.897,347.9,1.4,1.2,2014-08-27,0434,Aqua,MODIS,93,6.2,311.7,74.2,D,0
-18.8798,133.8955,350.9,1.4,1.2,2014-08-27,0434,Aqua,MODIS,95,6.2,311.8,83.1,D,0
-13.9134,142.0827,338.5,1.7,1.3,2014-08-27,0435,Aqua,MODIS,88,6.2,308.8,63.3,D,0
-16.5944,139.4422,322.3,1.1,1,2014-08-27,0435,Aqua,MODIS,0,6.2,308.5,9.9,D,0
-16.6126,139.3208,331.8,1.1,1,2014-08-27,0435,Aqua,MODIS,60,6.2,308.2,25.3,D,0
-16.6232,139.2506,323.1,1.1,1,2014-08-27,0435,Aqua,MODIS,53,6.2,307.5,10.5,D,0
-16.6109,139.2691,334.2,1.1,1,2014-08-27,0435,Aqua,MODIS,82,6.2,308.5,26.9,D,0
-16.6124,139.2591,321.6,1.1,1,2014-08-27,0435,Aqua,MODIS,49,6.2,307.6,9.2,D,0
-17.1225,138.9302,344.8,1,1,2014-08-27,0435,Aqua,MODIS,90,6.2,311.2,35.9,D,0
-17.1133,138.9287,362.5,1,1,2014-08-27,0435,Aqua,MODIS,100,6.2,313.7,80,D,0
-17.1148,138.919,342.3,1,1,2014-08-27,0435,Aqua,MODIS,84,6.2,309.7,32.3,D,0
-16.6433,139.4153,324.2,1.1,1,2014-08-27,0435,Aqua,MODIS,0,6.2,308.2,13.9,D,0
-16.651,139.3647,330.3,1.1,1,2014-08-27,0435,Aqua,MODIS,0,6.2,306.5,19.7,D,0
-16.6525,139.3546,321.2,1.1,1,2014-08-27,0435,Aqua,MODIS,27,6.2,308.1,7.4,D,0
-16.5959,139.4321,326.1,1.1,1,2014-08-27,0435,Aqua,MODIS,0,6.2,310.6,12.7,D,0
-15.4006,134.7693,334.3,1.2,1.1,2014-08-27,0435,Aqua,MODIS,54,6.2,318.3,20.4,D,0
-13.9261,142.1498,318.6,1.7,1.3,2014-08-27,0435,Aqua,MODIS,51,6.2,306.1,14.1,D,0
-14.8409,144.1969,331.2,2.4,1.5,2014-08-27,0435,Aqua,MODIS,80,6.2,303.1,76.2,D,0
-14.009,142.1388,320.2,1.7,1.3,2014-08-27,0435,Aqua,MODIS,63,6.2,307.2,16.9,D,0
-15.1895,134.6055,327.4,1.2,1.1,2014-08-27,0435,Aqua,MODIS,51,6.2,316.7,10.9,D,0
-14.8371,144.2186,326.6,2.4,1.5,2014-08-27,0435,Aqua,MODIS,74,6.2,303.3,55.3,D,0
-15.3133,134.9848,327.6,1.1,1.1,2014-08-27,0435,Aqua,MODIS,55,6.2,314.2,11.6,D,0
-13.9249,142.0848,325.8,1.7,1.3,2014-08-27,0435,Aqua,MODIS,76,6.2,308.4,27.2,D,0
-13.0946,141.8839,319.3,1.7,1.3,2014-08-27,0435,Aqua,MODIS,62,6.2,308.5,16.2,D,0
-13.0972,141.8682,316.5,1.7,1.3,2014-08-27,0435,Aqua,MODIS,41,6.2,305.5,10.9,D,0
-15.7789,137.0896,327.1,1,1,2014-08-27,0435,Aqua,MODIS,57,6.2,306.3,15.2,D,0
-14.6544,132.6875,330.4,1.5,1.2,2014-08-27,0435,Aqua,MODIS,75,6.2,313.2,27.7,D,0
-13.9275,142.0691,330.7,1.7,1.3,2014-08-27,0435,Aqua,MODIS,81,6.2,308.1,41.5,D,0
-15.3756,135.1387,332.1,1.1,1.1,2014-08-27,0435,Aqua,MODIS,76,6.2,314,19.5,D,0
-15.3755,135.1004,330,1.1,1.1,2014-08-27,0435,Aqua,MODIS,68,6.2,316.2,14.9,D,0
-16.4529,137.0075,326.9,1,1,2014-08-27,0435,Aqua,MODIS,41,6.2,315.5,7.8,D,0
-15.3645,134.8189,333.8,1.2,1.1,2014-08-27,0435,Aqua,MODIS,53,6.2,315,20.1,D,0
-15.4282,134.7358,331.7,1.2,1.1,2014-08-27,0435,Aqua,MODIS,44,6.2,316.1,16.7,D,0
-16.4516,137.0169,334.7,1,1,2014-08-27,0435,Aqua,MODIS,81,6.2,314.7,18.7,D,0
-15.4243,134.7397,331.7,1.2,1.1,2014-08-27,0435,Aqua,MODIS,31,6.2,314.4,16,D,0
-15.3579,135.0872,338,1.1,1.1,2014-08-27,0435,Aqua,MODIS,84,6.2,313.6,26.1,D,0
-13.916,142.0671,337.8,1.7,1.3,2014-08-27,0435,Aqua,MODIS,87,6.2,306.6,62.8,D,0
-14.5849,143.4055,317.6,2.1,1.4,2014-08-27,0435,Aqua,MODIS,41,6.2,307.1,18,D,0
-15.1798,134.6041,329.9,1.2,1.1,2014-08-27,0435,Aqua,MODIS,69,6.2,317.8,14.6,D,0
-16.5788,139.4188,327.1,1.1,1,2014-08-27,0435,Aqua,MODIS,37,6.2,309.5,13.7,D,0
-15.812,130.4339,334,2.3,1.5,2014-08-27,0435,Aqua,MODIS,82,6.2,313.1,73.6,D,0
-15.3712,135.1316,329.7,1.1,1.1,2014-08-27,0435,Aqua,MODIS,74,6.2,314.3,14.8,D,0
-15.3698,135.1419,334.2,1.1,1.1,2014-08-27,0435,Aqua,MODIS,80,6.2,313.7,23.2,D,0
-15.381,135.0971,331,1.1,1.1,2014-08-27,0435,Aqua,MODIS,41,6.2,317.1,15.4,D,0
-16.6261,139.3399,322.3,1.1,1,2014-08-27,0435,Aqua,MODIS,58,6.2,306.6,8.7,D,0
-16.6168,139.3383,344.9,1.1,1,2014-08-27,0435,Aqua,MODIS,91,6.2,308.6,44.9,D,0
-16.6184,139.3283,343.3,1.1,1,2014-08-27,0435,Aqua,MODIS,90,6.2,309.5,41.8,D,0
-16.6111,139.3309,348.6,1.1,1,2014-08-27,0435,Aqua,MODIS,71,6.2,308.6,56.5,D,0
-15.4132,134.7492,338.8,1.2,1.1,2014-08-27,0435,Aqua,MODIS,76,6.2,316.3,27.8,D,0
-15.4258,134.7289,327.1,1.2,1.1,2014-08-27,0435,Aqua,MODIS,40,6.2,316.8,11.2,D,0
-17.2184,139.0182,333,1,1,2014-08-27,0435,Aqua,MODIS,77,6.2,312.3,17.5,D,0
-18.084,130.6511,325,2.4,1.5,2014-08-27,0435,Aqua,MODIS,71,6.2,312,37.3,D,0
-18.3026,129.8971,331.7,2.8,1.6,2014-08-27,0435,Aqua,MODIS,69,6.2,312.4,76.3,D,0
-18.2595,129.8922,330.6,2.8,1.6,2014-08-27,0435,Aqua,MODIS,59,6.2,311.3,67.9,D,0
-18.2574,129.8875,327.4,2.8,1.6,2014-08-27,0435,Aqua,MODIS,54,6.2,311.4,51.6,D,0
-17.6633,127.8006,324.3,3.9,1.8,2014-08-27,0435,Aqua,MODIS,71,6.2,308.1,96.3,D,0
-17.6577,127.7929,321.3,3.9,1.8,2014-08-27,0435,Aqua,MODIS,62,6.2,307.9,70.7,D,0
-17.6244,127.7893,389.9,3.9,1.8,2014-08-27,0435,Aqua,MODIS,100,6.2,311.5,1357.1,D,0
-17.6279,127.7523,342.9,3.9,1.8,2014-08-27,0435,Aqua,MODIS,90,6.2,305.6,279.3,D,0
-17.6042,127.8244,320,3.9,1.8,2014-08-27,0435,Aqua,MODIS,61,6.2,308.6,55.5,D,0
-18.0815,130.6737,322,2.4,1.5,2014-08-27,0435,Aqua,MODIS,57,6.2,309.9,24.8,D,0
-17.6077,127.7872,361,3.9,1.8,2014-08-27,0435,Aqua,MODIS,100,6.2,311.4,576.5,D,0
-17.6112,127.7504,330.8,3.9,1.8,2014-08-27,0435,Aqua,MODIS,80,6.2,306.6,148.1,D,0
-17.6159,127.8213,334.8,3.9,1.8,2014-08-27,0435,Aqua,MODIS,84,6.2,308.2,178.3,D,0
-18.3537,130.6783,323.2,2.4,1.5,2014-08-27,0435,Aqua,MODIS,67,6.2,309.5,35.8,D,0
-17.6197,127.7841,391.3,3.9,1.8,2014-08-27,0435,Aqua,MODIS,100,6.2,315,1411.3,D,0
-17.6234,127.7474,332.1,3.9,1.8,2014-08-27,0435,Aqua,MODIS,81,6.2,306.1,161.2,D,0
-15.3142,130.5784,331.3,2.2,1.4,2014-08-27,0435,Aqua,MODIS,74,6.2,314.7,47.2,D,0
-15.1758,126.1814,318.5,4.8,2,2014-08-27,0435,Aqua,MODIS,45,6.2,306.4,68.5,D,0
-15.1577,126.1796,329.7,4.8,2,2014-08-27,0435,Aqua,MODIS,78,6.2,308.1,181.1,D,0
-15.317,130.5738,327.6,2.2,1.4,2014-08-27,0435,Aqua,MODIS,33,6.2,314.7,32.1,D,0
-15.7092,130.4153,330.7,2.3,1.5,2014-08-27,0435,Aqua,MODIS,78,6.2,313.4,52.2,D,0
-15.7117,130.3929,325.1,2.3,1.5,2014-08-27,0435,Aqua,MODIS,55,6.2,313,31.5,D,0
-15.9752,128.8012,330.2,3.1,1.7,2014-08-27,0435,Aqua,MODIS,70,6.2,311.5,83.7,D,0
-16.0348,128.9545,321,3,1.7,2014-08-27,0435,Aqua,MODIS,44,6.2,310.4,32.6,D,0
-15.9721,128.8306,324.2,3.1,1.7,2014-08-27,0435,Aqua,MODIS,33,6.2,312.4,38.8,D,0
-16.277,144.6208,327.1,2.4,1.5,2014-08-27,0435,Aqua,MODIS,72,6.2,301.6,62.7,D,0
-16.2909,144.6389,323.2,2.4,1.5,2014-08-27,0435,Aqua,MODIS,44,6.2,305.1,43.7,D,0
-16.1849,144.5681,323.1,2.4,1.5,2014-08-27,0435,Aqua,MODIS,60,6.2,304.2,43.5,D,0
-15.3672,144.7863,321.7,2.6,1.5,2014-08-27,0435,Aqua,MODIS,67,6.2,305.4,44.2,D,0
-15.4408,135.5482,336.6,1.1,1,2014-08-27,0435,Aqua,MODIS,83,6.2,316.4,22.3,D,0
-16.1888,144.5459,320.6,2.4,1.5,2014-08-27,0435,Aqua,MODIS,58,6.2,304.2,37,D,0
-15.9493,135.7208,365.1,1.1,1,2014-08-27,0435,Aqua,MODIS,100,6.2,313.6,94.4,D,0
-15.5312,145.0564,319.4,2.7,1.6,2014-08-27,0435,Aqua,MODIS,59,6.2,303.7,43.4,D,0
-16.2948,144.6166,325.6,2.4,1.5,2014-08-27,0435,Aqua,MODIS,59,6.2,304.1,54.2,D,0
-14.022,136.4444,321.2,1,1,2014-08-27,0435,Aqua,MODIS,62,6.2,307.9,7.5,D,0
-15.4122,135.5078,332.7,1.1,1,2014-08-27,0435,Aqua,MODIS,78,6.2,314.2,20.8,D,0
-15.4343,135.4551,334.6,1.1,1,2014-08-27,0435,Aqua,MODIS,29,6.2,312,20.7,D,0
-15.4274,135.6479,340.5,1.1,1,2014-08-27,0435,Aqua,MODIS,82,6.2,314.4,30.1,D,0
-15.5408,145.0837,333.7,2.7,1.6,2014-08-27,0435,Aqua,MODIS,83,6.2,302.9,110.7,D,0
-15.4209,135.484,344.4,1.1,1,2014-08-27,0435,Aqua,MODIS,70,6.2,310.3,30.5,D,0
-15.3809,144.789,328.5,2.6,1.5,2014-08-27,0435,Aqua,MODIS,78,6.2,304,72.3,D,0
-14.8392,144.9736,335.7,2.7,1.6,2014-08-27,0435,Aqua,MODIS,85,6.2,303.3,120.6,D,0
-15.4263,135.4437,352.6,1.1,1,2014-08-27,0435,Aqua,MODIS,95,6.2,311.6,61.2,D,0
-14.0233,136.4351,323.3,1,1,2014-08-27,0435,Aqua,MODIS,69,6.2,310.2,9.8,D,0
-16.1117,135.878,331.4,1.1,1,2014-08-27,0435,Aqua,MODIS,53,6.2,315.9,14.2,D,0
-15.4196,135.494,361,1.1,1,2014-08-27,0435,Aqua,MODIS,100,6.2,316.6,73.7,D,0
-15.4249,135.5255,356,1.1,1,2014-08-27,0435,Aqua,MODIS,97,6.2,315.8,63,D,0
-16.0737,135.6945,332.2,1.1,1,2014-08-27,0435,Aqua,MODIS,75,6.2,318.7,16.9,D,0
-15.4289,135.4954,360,1.1,1,2014-08-27,0435,Aqua,MODIS,100,6.2,316.5,69,D,0
-14.8416,144.9791,333.5,2.7,1.6,2014-08-27,0435,Aqua,MODIS,83,6.2,303,105.4,D,0
-16.1345,136.7233,347.2,1,1,2014-08-27,0435,Aqua,MODIS,86,6.2,314.1,40.1,D,0
-16.2711,136.2629,338.7,1,1,2014-08-27,0435,Aqua,MODIS,84,6.2,315.9,26.1,D,0
-16.1675,136.7436,346.4,1,1,2014-08-27,0435,Aqua,MODIS,89,6.2,316.2,37.8,D,0
-16.0905,144.4977,323.2,2.4,1.5,2014-08-27,0435,Aqua,MODIS,67,6.2,305.7,42.7,D,0
-14.8489,145.0016,323.3,2.7,1.6,2014-08-27,0435,Aqua,MODIS,67,6.2,302.6,58.3,D,0
-16.2429,144.6757,322.8,2.4,1.5,2014-08-27,0435,Aqua,MODIS,66,6.2,305.1,43.2,D,0
-15.075,134.8576,332,1.1,1.1,2014-08-27,0435,Aqua,MODIS,54,6.2,317.3,16,D,0
-15.4149,135.4877,343.9,1.1,1,2014-08-27,0435,Aqua,MODIS,89,6.2,311.9,38.8,D,0
-15.1141,144.8908,325.9,2.6,1.6,2014-08-27,0435,Aqua,MODIS,74,6.2,303.4,69.7,D,0
-15.948,135.7308,328.1,1.1,1,2014-08-27,0435,Aqua,MODIS,36,6.2,312.3,11.6,D,0
-15.4022,135.6239,325.2,1.1,1,2014-08-27,0435,Aqua,MODIS,42,6.2,315,8.3,D,0
-15.4035,135.614,327.6,1.1,1,2014-08-27,0435,Aqua,MODIS,54,6.2,312.8,11,D,0
-16.1332,136.7327,338.7,1,1,2014-08-27,0435,Aqua,MODIS,40,6.2,312.8,24.1,D,0
-16.3037,144.6259,329.6,2.4,1.5,2014-08-27,0435,Aqua,MODIS,78,6.2,305.6,70.9,D,0
-16.2815,144.6141,330,2.4,1.5,2014-08-27,0435,Aqua,MODIS,76,6.2,302.3,74.7,D,0
-14.8668,144.8994,320.2,2.7,1.6,2014-08-27,0435,Aqua,MODIS,58,6.2,300.9,46.8,D,0
-16.1223,144.5338,321.4,2.4,1.5,2014-08-27,0435,Aqua,MODIS,58,6.2,305.7,34,D,0
-16.2633,136.2518,343.9,1,1,2014-08-27,0435,Aqua,MODIS,89,6.2,316.5,35.3,D,0
-15.4163,135.4777,326.6,1.1,1,2014-08-27,0435,Aqua,MODIS,56,6.2,308.4,11.1,D,0
-16.2724,136.2532,342.6,1,1,2014-08-27,0435,Aqua,MODIS,88,6.2,316.5,33.1,D,0
-15.3852,144.7651,324.3,2.5,1.5,2014-08-27,0435,Aqua,MODIS,70,6.2,303.4,51.6,D,0
-14.8369,145.0043,321.9,2.7,1.6,2014-08-27,0435,Aqua,MODIS,35,6.2,302.4,49.4,D,0
-15.3714,144.7628,324.9,2.5,1.5,2014-08-27,0435,Aqua,MODIS,73,6.2,303.6,56,D,0
-16.0533,135.9143,328.1,1.1,1,2014-08-27,0435,Aqua,MODIS,53,6.2,314.6,11,D,0
-15.9838,135.7463,328.8,1.1,1,2014-08-27,0435,Aqua,MODIS,49,6.2,312.8,11,D,0
-15.9883,136.252,338.7,1,1,2014-08-27,0435,Aqua,MODIS,70,6.2,318.7,21.5,D,0
-15.9687,136.2589,338.7,1,1,2014-08-27,0435,Aqua,MODIS,79,6.2,315.2,22.6,D,0
-16.0866,144.5194,317.8,2.4,1.5,2014-08-27,0435,Aqua,MODIS,32,6.2,305.2,22.6,D,0
-16.262,136.2615,327.4,1,1,2014-08-27,0435,Aqua,MODIS,67,6.2,315.4,9.7,D,0
-15.5452,145.059,340.8,2.7,1.6,2014-08-27,0435,Aqua,MODIS,89,6.2,303.7,155.3,D,0
-15.6589,142.1205,327.5,1.6,1.2,2014-08-27,0435,Aqua,MODIS,0,6.2,311.8,29.8,D,0
-15.425,135.4538,344.9,1.1,1,2014-08-27,0435,Aqua,MODIS,67,6.2,313.3,39.9,D,0
-16.2295,144.6733,327.4,2.4,1.5,2014-08-27,0435,Aqua,MODIS,75,6.2,304.7,59.9,D,0
-16.1264,144.5271,319.4,2.4,1.5,2014-08-27,0435,Aqua,MODIS,32,6.2,306.4,26.3,D,0
-16.1675,135.8155,332.5,1.1,1,2014-08-27,0435,Aqua,MODIS,67,6.2,316.7,16.1,D,0
-16.1539,136.7166,343.6,1,1,2014-08-27,0435,Aqua,MODIS,58,6.2,312.7,30,D,0
-16.0745,135.8973,330.1,1.1,1,2014-08-27,0435,Aqua,MODIS,54,6.2,313.3,13.3,D,0
-15.4135,135.4978,351.7,1.1,1,2014-08-27,0435,Aqua,MODIS,95,6.2,317.5,57.6,D,0
-16.1688,135.8055,331,1.1,1,2014-08-27,0435,Aqua,MODIS,67,6.2,317.6,12.9,D,0
-16.1526,136.726,357.4,1,1,2014-08-27,0435,Aqua,MODIS,90,6.2,317.7,59.4,D,0
-16.2903,144.6234,330.8,2.4,1.5,2014-08-27,0435,Aqua,MODIS,79,6.2,304.3,77.1,D,0
-13.9345,136.4823,328.6,1,1,2014-08-27,0435,Aqua,MODIS,61,6.2,309.9,12.6,D,0
-15.2931,133.0741,324.4,1.5,1.2,2014-08-27,0435,Aqua,MODIS,41,6.2,313.7,13.5,D,0
-14.4464,133.1753,328.5,1.4,1.2,2014-08-27,0435,Aqua,MODIS,72,6.2,313.8,17,D,0
-15.3787,132.8319,365.1,1.5,1.2,2014-08-27,0435,Aqua,MODIS,100,6.2,313.4,154.9,D,0
-15.3805,132.8177,383.7,1.5,1.2,2014-08-27,0435,Aqua,MODIS,100,6.2,316.1,283.3,D,0
-15.6334,145.2362,317.5,2.7,1.6,2014-08-27,0435,Aqua,MODIS,45,6.2,301.3,45.8,D,0
-13.9214,136.5747,323.6,1,1,2014-08-27,0435,Aqua,MODIS,65,6.2,309.3,10,D,0
-13.9163,136.5457,328.6,1,1,2014-08-27,0435,Aqua,MODIS,71,6.2,309.6,14.3,D,0
-14.0143,136.4337,339.7,1,1,2014-08-27,0435,Aqua,MODIS,88,6.2,309.8,30.2,D,0
-14.013,136.443,331.7,1,1,2014-08-27,0435,Aqua,MODIS,81,6.2,309,18.4,D,0
-15.4177,135.4677,324,1.1,1,2014-08-27,0435,Aqua,MODIS,50,6.2,309.9,9,D,0
-15.4204,135.4475,363.2,1.1,1,2014-08-27,0435,Aqua,MODIS,100,6.2,316.6,93,D,0
-15.4218,135.4375,357.7,1.1,1,2014-08-27,0435,Aqua,MODIS,98,6.2,312.7,77,D,0
-15.4083,135.4663,346.3,1.1,1,2014-08-27,0435,Aqua,MODIS,91,6.2,309.6,44.9,D,0
-15.4097,135.4562,372.1,1.1,1,2014-08-27,0435,Aqua,MODIS,100,6.2,315.1,123,D,0
-15.4111,135.4461,383,1.1,1,2014-08-27,0435,Aqua,MODIS,100,6.2,317,173.1,D,0
-15.4124,135.4361,361.6,1.1,1,2014-08-27,0435,Aqua,MODIS,100,6.2,311.5,89.6,D,0
-15.4003,135.4548,350.4,1.1,1,2014-08-27,0435,Aqua,MODIS,94,6.2,308.2,55.8,D,0
-15.4017,135.4447,368.1,1.1,1,2014-08-27,0435,Aqua,MODIS,100,6.2,310,111.2,D,0
-14.1117,136.4645,321.7,1,1,2014-08-27,0435,Aqua,MODIS,67,6.2,305.5,9.7,D,0
-15.2587,132.9653,324.9,1.5,1.2,2014-08-27,0435,Aqua,MODIS,60,6.2,311.7,12,D,0
-15.2605,132.9515,324.5,1.5,1.2,2014-08-27,0435,Aqua,MODIS,55,6.2,311.5,11.6,D,0
-15.2137,132.9733,329.4,1.5,1.2,2014-08-27,0435,Aqua,MODIS,75,6.2,314,24.2,D,0
-15.2028,132.9719,336,1.5,1.2,2014-08-27,0435,Aqua,MODIS,83,6.2,313.4,40,D,0
-15.2008,132.9663,326.4,1.5,1.2,2014-08-27,0435,Aqua,MODIS,61,6.2,313.4,18.1,D,0
-15.3916,132.905,326,1.5,1.2,2014-08-27,0435,Aqua,MODIS,42,6.2,312.3,16.4,D,0
-15.4363,132.8304,325.2,1.5,1.2,2014-08-27,0435,Aqua,MODIS,50,6.2,313.7,15.8,D,0
-15.4136,133.0124,339.4,1.5,1.2,2014-08-27,0435,Aqua,MODIS,86,6.2,315.6,46,D,0
-15.4153,132.9986,331.3,1.5,1.2,2014-08-27,0435,Aqua,MODIS,44,6.2,314,23.4,D,0
-15.4171,132.9848,330.1,1.5,1.2,2014-08-27,0435,Aqua,MODIS,63,6.2,313,21.6,D,0
-13.4013,141.6267,339.4,1.6,1.3,2014-08-27,0435,Aqua,MODIS,67,6.2,308.8,63.6,D,0
-15.3802,133.105,326.6,1.5,1.2,2014-08-27,0435,Aqua,MODIS,68,6.2,315.3,12.8,D,0
-15.2992,132.9351,329.3,1.5,1.2,2014-08-27,0435,Aqua,MODIS,68,6.2,314,24.3,D,0
-15.2948,132.942,328.6,1.5,1.2,2014-08-27,0435,Aqua,MODIS,50,6.2,313.9,19.8,D,0
-15.6369,136.1358,327.7,1,1,2014-08-27,0435,Aqua,MODIS,50,6.2,314.7,9.7,D,0
-15.5519,132.9953,331.8,1.5,1.2,2014-08-27,0435,Aqua,MODIS,43,6.2,313.7,28.5,D,0
-15.4305,133.1393,326.5,1.5,1.2,2014-08-27,0435,Aqua,MODIS,38,6.2,314.2,16,D,0
-15.9586,135.7222,348.7,1.1,1,2014-08-27,0435,Aqua,MODIS,93,6.2,315.5,47.3,D,0
-15.9573,135.7322,348,1.1,1,2014-08-27,0435,Aqua,MODIS,92,6.2,314.7,45.1,D,0
-15.9666,135.7336,331.1,1.1,1,2014-08-27,0435,Aqua,MODIS,32,6.2,315.2,13.9,D,0
-16.2476,136.2297,327.3,1,1,2014-08-27,0435,Aqua,MODIS,43,6.2,316,9.2,D,0
-16.2568,136.2311,326.4,1,1,2014-08-27,0435,Aqua,MODIS,33,6.2,313.8,8.5,D,0
-13.9268,136.4717,345.7,1,1,2014-08-27,0435,Aqua,MODIS,92,6.2,310,38.7,D,0
-13.9255,136.481,338.2,1,1,2014-08-27,0435,Aqua,MODIS,87,6.2,309.6,25.1,D,0
-12.1712,132.9404,332.1,1.4,1.2,2014-08-27,0436,Aqua,MODIS,55,6.2,313.4,22.6,D,0
-13.4281,132.3533,334.6,1.5,1.2,2014-08-27,0436,Aqua,MODIS,70,6.2,313.5,30.5,D,0
-11.3331,132.3968,358.4,1.4,1.2,2014-08-27,0436,Aqua,MODIS,99,6.2,306.9,120.5,D,0
-11.3437,132.3983,335.8,1.4,1.2,2014-08-27,0436,Aqua,MODIS,78,6.2,306.4,39.9,D,0
-13.3036,132.3442,357.2,1.5,1.2,2014-08-27,0436,Aqua,MODIS,98,6.2,314.5,112.8,D,0
-12.3778,135.2545,327.2,1,1,2014-08-27,0436,Aqua,MODIS,60,6.2,308.1,12.1,D,0
-12.4006,134.9512,332.5,1.1,1,2014-08-27,0436,Aqua,MODIS,74,6.2,312.3,17,D,0
-12.402,134.9413,343.1,1.1,1,2014-08-27,0436,Aqua,MODIS,89,6.2,313.3,35.4,D,0
-12.4033,134.9315,328.6,1.1,1,2014-08-27,0436,Aqua,MODIS,53,6.2,312.1,11.2,D,0
-12.3806,143.073,321.2,2.2,1.4,2014-08-27,0436,Aqua,MODIS,30,6.2,296.5,36.2,D,0
-12.4187,143.1618,333.1,2.2,1.4,2014-08-27,0436,Aqua,MODIS,55,6.2,298.6,72.9,D,0
-12.4289,143.1688,324,2.2,1.4,2014-08-27,0436,Aqua,MODIS,40,6.2,297.7,43.5,D,0
-13.5084,134.2977,324.1,1.2,1.1,2014-08-27,0436,Aqua,MODIS,14,6.2,311.4,8,D,0
-12.2919,142.9697,364.7,2.1,1.4,2014-08-27,0436,Aqua,MODIS,100,6.2,297.8,278.9,D,0
-12.247,135.4047,327.9,1,1,2014-08-27,0436,Aqua,MODIS,65,6.2,308.4,12.3,D,0
-11.334,132.4302,341.2,1.4,1.2,2014-08-27,0436,Aqua,MODIS,89,6.2,306.9,59.2,D,0
-13.4344,132.4023,332.3,1.5,1.2,2014-08-27,0436,Aqua,MODIS,46,6.2,311.5,28.4,D,0
-13.4361,132.3882,336.4,1.5,1.2,2014-08-27,0436,Aqua,MODIS,35,6.2,313.3,38.1,D,0
-13.5181,134.299,330.2,1.2,1.1,2014-08-27,0436,Aqua,MODIS,73,6.2,311,16.3,D,0
-13.3367,132.3485,337.3,1.5,1.2,2014-08-27,0436,Aqua,MODIS,84,6.2,313.2,37.3,D,0
-13.4336,132.397,337.1,1.5,1.2,2014-08-27,0436,Aqua,MODIS,82,6.2,312.8,42.6,D,0
-11.6507,132.9396,326.6,1.3,1.1,2014-08-27,0436,Aqua,MODIS,56,6.2,308.4,18.9,D,0
-13.9481,135.7888,324.5,1,1,2014-08-27,0436,Aqua,MODIS,69,6.2,306.5,13.4,D,0
-13.4354,132.383,335.1,1.5,1.2,2014-08-27,0436,Aqua,MODIS,66,6.2,313.3,35.6,D,0
-11.6609,132.941,334.8,1.3,1.1,2014-08-27,0436,Aqua,MODIS,83,6.2,308.5,34.3,D,0
-12.3001,136.5297,333.5,1,1,2014-08-27,0436,Aqua,MODIS,81,6.2,306.4,23.1,D,0
-13.0119,132.4863,334,1.5,1.2,2014-08-27,0436,Aqua,MODIS,71,6.2,311.9,31,D,0
-12.3535,134.7674,326.6,1.1,1,2014-08-27,0436,Aqua,MODIS,66,6.2,311.1,11,D,0
-13.4474,132.4767,342.9,1.5,1.2,2014-08-27,0436,Aqua,MODIS,89,6.2,311.5,62,D,0
-14.1928,133.7335,356.8,1.3,1.1,2014-08-27,0436,Aqua,MODIS,98,6.2,315.7,89.9,D,0
-12.2973,136.6133,337.8,1,1,2014-08-27,0436,Aqua,MODIS,85,6.2,306,26.5,D,0
-13.3348,132.363,342.7,1.5,1.2,2014-08-27,0436,Aqua,MODIS,85,6.2,314.6,50.7,D,0
-12.3054,134.8413,337.8,1.1,1,2014-08-27,0436,Aqua,MODIS,84,6.2,312,28.9,D,0
-13.87,136.6734,328.6,1,1,2014-08-27,0436,Aqua,MODIS,78,6.2,308.7,16.5,D,0
-13.8713,136.6642,325.3,1,1,2014-08-27,0436,Aqua,MODIS,52,6.2,308.8,12.5,D,0
-14.1075,132.2197,323.3,1.6,1.3,2014-08-27,0436,Aqua,MODIS,56,6.2,310.6,12.4,D,0
-12.3067,134.8314,328.2,1.1,1,2014-08-27,0436,Aqua,MODIS,72,6.2,309.3,14.4,D,0
-12.2456,135.4142,353.3,1,1,2014-08-27,0436,Aqua,MODIS,96,6.2,311.8,57.7,D,0
-11.7552,132.9966,330.9,1.3,1.1,2014-08-27,0436,Aqua,MODIS,35,6.2,308.8,24.8,D,0
-12.0437,134.627,322.9,1.1,1,2014-08-27,0436,Aqua,MODIS,15,6.2,310.3,8.3,D,0
-13.4365,132.4749,331.2,1.5,1.2,2014-08-27,0436,Aqua,MODIS,51,6.2,310.4,28.4,D,0
-13.4492,132.4626,331.3,1.5,1.2,2014-08-27,0436,Aqua,MODIS,47,6.2,313.6,27,D,0
-13.012,131.9407,331.4,1.6,1.3,2014-08-27,0436,Aqua,MODIS,71,6.2,314.5,25.2,D,0
-13.0139,131.9258,334,1.6,1.3,2014-08-27,0436,Aqua,MODIS,80,6.2,315.7,33.7,D,0
-11.4096,132.4736,339.9,1.4,1.2,2014-08-27,0436,Aqua,MODIS,88,6.2,308.8,49,D,0
-11.7497,132.9586,328,1.3,1.1,2014-08-27,0436,Aqua,MODIS,28,6.2,307.4,20,D,0
-13.3622,132.4318,330.8,1.5,1.2,2014-08-27,0436,Aqua,MODIS,66,6.2,311.7,26.6,D,0
-13.364,132.4173,325.6,1.5,1.2,2014-08-27,0436,Aqua,MODIS,41,6.2,312.7,13.9,D,0
-12.1364,135.4687,326.4,1,1,2014-08-27,0436,Aqua,MODIS,56,6.2,307.4,12.6,D,0
-13.9178,136.4704,330.9,1,1,2014-08-27,0436,Aqua,MODIS,44,6.2,306.3,16,D,0
-13.7512,132.334,325.6,1.6,1.2,2014-08-27,0436,Aqua,MODIS,46,6.2,312.9,16.5,D,0
-14.1944,133.7215,379,1.3,1.1,2014-08-27,0436,Aqua,MODIS,100,6.2,316,195.7,D,0
-14.185,133.7269,327.7,1.3,1.1,2014-08-27,0436,Aqua,MODIS,60,6.2,313.5,16.4,D,0
-11.3096,132.031,364.1,1.5,1.2,2014-08-27,0436,Aqua,MODIS,100,6.2,309.9,159.9,D,0
-11.3079,132.0448,337.6,1.5,1.2,2014-08-27,0436,Aqua,MODIS,86,6.2,306.9,51.6,D,0
-12.2718,135.8157,327.3,1,1,2014-08-27,0436,Aqua,MODIS,58,6.2,305.2,12.4,D,0
-14.2045,133.7229,344.2,1.3,1.1,2014-08-27,0436,Aqua,MODIS,90,6.2,310.2,52.2,D,0
-14.203,133.7348,371.3,1.3,1.1,2014-08-27,0436,Aqua,MODIS,100,6.2,318,151.9,D,0
-14.2014,133.7467,357.2,1.3,1.1,2014-08-27,0436,Aqua,MODIS,98,6.2,317,90.9,D,0
-14.2116,133.748,373.9,1.3,1.1,2014-08-27,0436,Aqua,MODIS,100,6.2,317.5,165.4,D,0
-14.21,133.7598,340.9,1.3,1.1,2014-08-27,0436,Aqua,MODIS,87,6.2,314.7,42,D,0
-11.4059,132.4202,327.9,1.4,1.2,2014-08-27,0436,Aqua,MODIS,56,6.2,309.9,19.3,D,0
-11.4135,132.4795,333.7,1.4,1.2,2014-08-27,0436,Aqua,MODIS,83,6.2,307.4,34.8,D,0
-11.4151,132.4666,328.5,1.4,1.2,2014-08-27,0436,Aqua,MODIS,65,6.2,306.7,22.7,D,0
-11.955,135.7823,329.4,1,1,2014-08-27,0436,Aqua,MODIS,72,6.2,303.3,20.4,D,0
-12.2848,135.7891,328.1,1,1,2014-08-27,0436,Aqua,MODIS,41,6.2,309.9,12.4,D,0
-11.3358,132.4172,338.3,1.4,1.2,2014-08-27,0436,Aqua,MODIS,87,6.2,307.8,49.8,D,0
-13.7634,136.6516,324.5,1,1,2014-08-27,0436,Aqua,MODIS,50,6.2,307,11.6,D,0
-14.1089,132.2111,326.5,1.6,1.3,2014-08-27,0436,Aqua,MODIS,69,6.2,311.5,21.1,D,0
-12.2905,135.0887,321.3,1.1,1,2014-08-27,0436,Aqua,MODIS,41,6.2,308.4,6.6,D,0
-12.2585,135.5221,339.1,1,1,2014-08-27,0436,Aqua,MODIS,86,6.2,308.4,28.9,D,0
-12.2494,135.5207,354.5,1,1,2014-08-27,0436,Aqua,MODIS,97,6.2,309.2,61.1,D,0
-12.2508,135.5113,328.7,1,1,2014-08-27,0436,Aqua,MODIS,69,6.2,308.6,12.8,D,0
-12.3727,135.0863,339.2,1.1,1,2014-08-27,0436,Aqua,MODIS,86,6.2,310.7,32.4,D,0
-11.3314,132.4099,336.9,1.4,1.2,2014-08-27,0436,Aqua,MODIS,78,6.2,306.6,42.5,D,0
-12.1272,135.4674,328.2,1,1,2014-08-27,0436,Aqua,MODIS,42,6.2,307.6,14.2,D,0
-12.2403,135.5194,324.5,1,1,2014-08-27,0436,Aqua,MODIS,64,6.2,305.8,9.6,D,0
-12.2416,135.51,332.7,1,1,2014-08-27,0436,Aqua,MODIS,79,6.2,306.7,19.4,D,0
-13.0227,132.4877,333.6,1.5,1.2,2014-08-27,0436,Aqua,MODIS,62,6.2,315.4,29.5,D,0
-13.0136,132.4726,328.9,1.5,1.2,2014-08-27,0436,Aqua,MODIS,33,6.2,314.3,16.8,D,0
-12.3294,134.8044,327.3,1.1,1,2014-08-27,0436,Aqua,MODIS,70,6.2,310.5,12.8,D,0
-12.2925,135.479,327.5,1,1,2014-08-27,0436,Aqua,MODIS,66,6.2,308.7,11.4,D,0
-12.3731,134.9015,328.7,1.1,1,2014-08-27,0436,Aqua,MODIS,73,6.2,309.1,12.3,D,0
-12.2888,135.3722,328.5,1,1,2014-08-27,0436,Aqua,MODIS,73,6.2,309,13.7,D,0
-12.2979,135.3735,332.6,1,1,2014-08-27,0436,Aqua,MODIS,74,6.2,310.9,17.7,D,0
-12.2966,135.383,326.1,1,1,2014-08-27,0436,Aqua,MODIS,33,6.2,311.1,8.3,D,0
-12.3718,134.9113,348.5,1.1,1,2014-08-27,0436,Aqua,MODIS,93,6.2,310.9,48.8,D,0
-11.3393,132.391,339.9,1.4,1.2,2014-08-27,0436,Aqua,MODIS,88,6.2,305.2,55.9,D,0
-11.3347,132.3838,320.5,1.4,1.2,2014-08-27,0436,Aqua,MODIS,55,6.2,303.7,13.8,D,0
-11.3934,130.3049,343.9,2.1,1.4,2014-08-27,0436,Aqua,MODIS,92,6.2,306.9,114.8,D,0
-14.1597,129.6638,321.1,2.5,1.5,2014-08-27,0436,Aqua,MODIS,40,6.2,306.4,27.4,D,0
-14.154,129.6581,324,2.5,1.5,2014-08-27,0436,Aqua,MODIS,54,6.2,306.9,37.7,D,0
-14.1459,129.6622,321.2,2.5,1.5,2014-08-27,0436,Aqua,MODIS,39,6.2,308.3,26.6,D,0
-14.1511,129.6817,322.2,2.5,1.5,2014-08-27,0436,Aqua,MODIS,49,6.2,308.8,30.4,D,0
-11.3895,130.4358,323.7,2,1.4,2014-08-27,0436,Aqua,MODIS,58,6.2,306,33.5,D,0
-11.391,130.3236,325.7,2,1.4,2014-08-27,0436,Aqua,MODIS,69,6.2,306.9,35.5,D,0
-11.392,130.4434,323.2,2,1.4,2014-08-27,0436,Aqua,MODIS,44,6.2,306.4,29.3,D,0
-12.877,136.288,340.2,1,1,2014-08-27,0436,Aqua,MODIS,84,6.2,308.1,31,D,0
-13.0353,134.8729,333.1,1.1,1,2014-08-27,0436,Aqua,MODIS,75,6.2,309,19.8,D,0
-12.8737,135.4512,360,1,1,2014-08-27,0436,Aqua,MODIS,100,6.2,312.7,77.4,D,0
-13.0242,136.0231,325.3,1,1,2014-08-27,0436,Aqua,MODIS,69,6.2,307.8,12.1,D,0
-12.886,136.2893,352.2,1,1,2014-08-27,0436,Aqua,MODIS,95,6.2,308,52.8,D,0
-12.9027,136.3012,336.8,1,1,2014-08-27,0436,Aqua,MODIS,67,6.2,308.9,24.9,D,0
-12.3045,141.788,320.6,1.7,1.3,2014-08-27,0436,Aqua,MODIS,61,6.2,303.5,17.7,D,0
-12.2929,141.786,322.4,1.7,1.3,2014-08-27,0436,Aqua,MODIS,72,6.2,303.7,23.3,D,0
-13.5928,134.6393,327.1,1.1,1.1,2014-08-27,0436,Aqua,MODIS,43,6.2,313.8,10.1,D,0
-13.0648,134.8669,328.4,1.1,1,2014-08-27,0436,Aqua,MODIS,36,6.2,312.9,12.3,D,0
-13.2823,135.8224,326.5,1,1,2014-08-27,0436,Aqua,MODIS,66,6.2,308.6,13,D,0
-13.1368,134.4059,332.1,1.1,1.1,2014-08-27,0436,Aqua,MODIS,78,6.2,312.5,20.6,D,0
-13.5264,135.4522,324.9,1.1,1,2014-08-27,0436,Aqua,MODIS,49,6.2,308.7,11.4,D,0
-13.1636,134.28,324.5,1.2,1.1,2014-08-27,0436,Aqua,MODIS,64,6.2,312.6,10.8,D,0
-13.1622,134.2907,324.4,1.2,1.1,2014-08-27,0436,Aqua,MODIS,63,6.2,312.7,10.6,D,0
-13.1249,134.2746,330,1.2,1.1,2014-08-27,0436,Aqua,MODIS,64,6.2,312,15.9,D,0
-12.8007,141.9382,318.7,1.8,1.3,2014-08-27,0436,Aqua,MODIS,48,6.2,306.4,15.5,D,0
-12.3876,136.4925,325.6,1,1,2014-08-27,0436,Aqua,MODIS,70,6.2,305.1,12.9,D,0
-12.9953,134.8401,339.2,1.1,1,2014-08-27,0436,Aqua,MODIS,73,6.2,312.4,28.3,D,0
-13.2645,135.5522,333.5,1,1,2014-08-27,0436,Aqua,MODIS,81,6.2,306.5,22.4,D,0
-11.7481,132.9709,333.9,1.3,1.1,2014-08-27,0436,Aqua,MODIS,69,6.2,308.1,32.3,D,0
-12.2248,132.1995,327.6,1.5,1.2,2014-08-27,0436,Aqua,MODIS,64,6.2,311.3,23.7,D,0
-12.8658,135.4404,357.6,1,1,2014-08-27,0436,Aqua,MODIS,98,6.2,313.9,70.7,D,0
-12.9203,136.4972,328.8,1,1,2014-08-27,0436,Aqua,MODIS,61,6.2,305.1,15.2,D,0
-12.8645,135.4499,345.8,1,1,2014-08-27,0436,Aqua,MODIS,91,6.2,311.3,42,D,0
-12.875,135.4417,362.1,1,1,2014-08-27,0436,Aqua,MODIS,100,6.2,313.1,84.6,D,0
-13.1237,135.104,345.4,1.1,1,2014-08-27,0436,Aqua,MODIS,91,6.2,311.6,39.6,D,0
-13.1498,135.2577,334.2,1.1,1,2014-08-27,0436,Aqua,MODIS,76,6.2,311.3,20.7,D,0
-11.3527,132.4129,333.7,1.4,1.2,2014-08-27,0436,Aqua,MODIS,74,6.2,310.2,29.5,D,0
-13.0255,136.0138,324.4,1,1,2014-08-27,0436,Aqua,MODIS,65,6.2,307.5,10.8,D,0
-13.133,135.1054,327.8,1.1,1,2014-08-27,0436,Aqua,MODIS,30,6.2,308.9,10.2,D,0
-11.342,132.4114,346.9,1.4,1.2,2014-08-27,0436,Aqua,MODIS,93,6.2,308.5,68.5,D,0
-13.1158,135.0928,338.2,1.1,1,2014-08-27,0436,Aqua,MODIS,85,6.2,308.2,26.4,D,0
-13.1144,135.1027,328.1,1.1,1,2014-08-27,0436,Aqua,MODIS,21,6.2,309.5,10.9,D,0
-13.1251,135.0942,332.4,1.1,1,2014-08-27,0436,Aqua,MODIS,35,6.2,310.1,15.7,D,0
-12.0492,134.3062,340.5,1.1,1.1,2014-08-27,0436,Aqua,MODIS,86,6.2,310.9,37.2,D,0
-13.1485,135.2674,330,1.1,1,2014-08-27,0436,Aqua,MODIS,59,6.2,310,15.7,D,0
-11.3376,132.4041,349.9,1.4,1.2,2014-08-27,0436,Aqua,MODIS,94,6.2,308.2,87,D,0
-11.3403,132.4245,359.5,1.4,1.2,2014-08-27,0436,Aqua,MODIS,99,6.2,309.7,116.3,D,0
-12.0587,134.3075,337.2,1.1,1.1,2014-08-27,0436,Aqua,MODIS,80,6.2,312.5,29.8,D,0
-13.2251,135.769,320.4,1,1,2014-08-27,0436,Aqua,MODIS,41,6.2,307.7,6.6,D,0
-13.1382,134.3954,329.5,1.2,1.1,2014-08-27,0436,Aqua,MODIS,72,6.2,312.4,14.8,D,0
-13.0821,134.2729,363.8,1.2,1.1,2014-08-27,0436,Aqua,MODIS,100,6.2,312.2,104.4,D,0
-13.0367,134.8629,328.7,1.1,1,2014-08-27,0436,Aqua,MODIS,52,6.2,310.9,13.1,D,0
-13.006,134.8314,331.4,1.1,1,2014-08-27,0436,Aqua,MODIS,56,6.2,313.6,17,D,0
-13.1961,136.0419,326.3,1,1,2014-08-27,0436,Aqua,MODIS,48,6.2,310.6,13.2,D,0
-13.1971,136.2313,328,1,1,2014-08-27,0436,Aqua,MODIS,0,6.2,305.5,17,D,0
-12.9966,134.8301,382,1.1,1,2014-08-27,0436,Aqua,MODIS,100,6.2,318,166.5,D,0
-13.1974,136.0326,343.3,1,1,2014-08-27,0436,Aqua,MODIS,90,6.2,308.9,39.9,D,0
-11.4746,142.4332,313.4,2,1.4,2014-08-27,0436,Aqua,MODIS,44,6.2,294.7,13.6,D,0
-11.5731,142.4767,313.9,2,1.4,2014-08-27,0436,Aqua,MODIS,56,6.2,295.9,16,D,0
-13.0046,134.8415,332.5,1.1,1,2014-08-27,0436,Aqua,MODIS,75,6.2,313.9,18.8,D,0
-12.3122,141.7406,343.1,1.7,1.3,2014-08-27,0436,Aqua,MODIS,91,6.2,305.7,88.1,D,0
-12.2955,141.7701,316.6,1.7,1.3,2014-08-27,0436,Aqua,MODIS,48,6.2,302.4,11.2,D,0
-11.3638,132.4936,336.1,1.4,1.2,2014-08-27,0436,Aqua,MODIS,78,6.2,307.4,38.7,D,0
-11.346,132.4649,339.1,1.4,1.2,2014-08-27,0436,Aqua,MODIS,66,6.2,307.5,46.3,D,0
-11.9886,134.6803,331.2,1.1,1,2014-08-27,0436,Aqua,MODIS,0,6.2,310.6,16,D,0
-11.5143,142.4475,319,2,1.4,2014-08-27,0436,Aqua,MODIS,52,6.2,296.7,24.7,D,0
-12.3357,135.3555,327.1,1,1,2014-08-27,0436,Aqua,MODIS,20,6.2,309.6,10.3,D,0
-12.223,132.2134,325.8,1.5,1.2,2014-08-27,0436,Aqua,MODIS,57,6.2,311.1,19.8,D,0
-12.0506,134.2958,335.7,1.1,1.1,2014-08-27,0436,Aqua,MODIS,81,6.2,310,28.5,D,0
-11.2486,132.5885,330.3,1.4,1.2,2014-08-27,0436,Aqua,MODIS,71,6.2,310,25.5,D,0
-11.5701,142.4949,328.2,2,1.4,2014-08-27,0436,Aqua,MODIS,81,6.2,296.8,58.3,D,0
-13.3032,135.5352,334.8,1,1,2014-08-27,0436,Aqua,MODIS,82,6.2,305.4,24,D,0
-12.1728,132.928,338.9,1.4,1.2,2014-08-27,0436,Aqua,MODIS,85,6.2,312.4,41,D,0
-12.3148,141.725,341.1,1.7,1.3,2014-08-27,0436,Aqua,MODIS,90,6.2,304.1,80.1,D,0
-13.3044,135.7295,326.2,1,1,2014-08-27,0436,Aqua,MODIS,48,6.2,308,11.5,D,0
-11.4275,130.8988,316.3,1.9,1.3,2014-08-27,0436,Aqua,MODIS,39,6.2,304.9,15.6,D,0
-11.4205,130.91,326.4,1.8,1.3,2014-08-27,0436,Aqua,MODIS,75,6.2,305.6,40.2,D,0
-11.4226,130.8933,334.1,1.9,1.3,2014-08-27,0436,Aqua,MODIS,84,6.2,306.6,65.1,D,0
-13.2855,135.5358,333,1,1,2014-08-27,0436,Aqua,MODIS,56,6.2,309.1,20.3,D,0
-13.2842,135.5453,338.4,1,1,2014-08-27,0436,Aqua,MODIS,77,6.2,308.2,28,D,0
-13.296,135.5276,332.7,1,1,2014-08-27,0436,Aqua,MODIS,79,6.2,304.5,20.7,D,0
-13.2868,135.5262,324.5,1,1,2014-08-27,0436,Aqua,MODIS,42,6.2,304.3,10.3,D,0
-11.4085,130.9085,344.3,1.8,1.3,2014-08-27,0436,Aqua,MODIS,91,6.2,306.2,105,D,0
-11.4107,130.8917,360.8,1.9,1.3,2014-08-27,0436,Aqua,MODIS,100,6.2,309.4,198.8,D,0
-11.3387,132.4376,350.9,1.4,1.2,2014-08-27,0436,Aqua,MODIS,95,6.2,307.6,82.8,D,0
-11.3476,132.452,347.4,1.4,1.2,2014-08-27,0436,Aqua,MODIS,90,6.2,310.3,69.5,D,0
-12.0573,134.3179,332,1.1,1.1,2014-08-27,0436,Aqua,MODIS,45,6.2,311.7,20.6,D,0
-13.0904,134.2849,349.2,1.2,1.1,2014-08-27,0436,Aqua,MODIS,93,6.2,311.7,58.2,D,0
-13.0918,134.2742,336.7,1.2,1.1,2014-08-27,0436,Aqua,MODIS,83,6.2,311.2,30.3,D,0
-13.0985,134.2969,327,1.2,1.1,2014-08-27,0436,Aqua,MODIS,69,6.2,309.5,14.4,D,0
-12.9293,136.4985,342.6,1,1,2014-08-27,0436,Aqua,MODIS,90,6.2,306.2,35.8,D,0
-13.1,134.2863,324.5,1.2,1.1,2014-08-27,0436,Aqua,MODIS,52,6.2,311.8,11.3,D,0
-13.0836,134.2622,338,1.2,1.1,2014-08-27,0436,Aqua,MODIS,85,6.2,307.6,34.3,D,0
-13.3939,135.4208,333,1.1,1,2014-08-27,0436,Aqua,MODIS,74,6.2,304.2,22.9,D,0
-12.075,134.3309,327.3,1.1,1.1,2014-08-27,0436,Aqua,MODIS,35,6.2,312.1,13.5,D,0
-13.3215,135.538,336,1,1,2014-08-27,0436,Aqua,MODIS,83,6.2,305.8,27.2,D,0
-12.3537,141.836,318.3,1.8,1.3,2014-08-27,0436,Aqua,MODIS,53,6.2,304.4,13.2,D,0
-12.3573,141.8297,317.7,1.8,1.3,2014-08-27,0436,Aqua,MODIS,36,6.2,304.4,12.2,D,0
-13.3229,135.5284,328,1,1,2014-08-27,0436,Aqua,MODIS,73,6.2,305.2,15.1,D,0
-14.9831,126.1414,332.1,4.8,2,2014-08-27,0436,Aqua,MODIS,77,6.2,308.8,193.2,D,0
-14.9813,126.1485,323.7,4.8,2,2014-08-27,0436,Aqua,MODIS,25,6.2,308.8,97.3,D,0
-14.0124,130.1611,324.9,2.3,1.5,2014-08-27,0436,Aqua,MODIS,47,6.2,308.5,27.9,D,0
-13.8892,130.2041,322.4,2.3,1.5,2014-08-27,0436,Aqua,MODIS,47,6.2,307.3,23.3,D,0
-13.8929,130.1991,321.3,2.3,1.5,2014-08-27,0436,Aqua,MODIS,29,6.2,307.7,18.6,D,0
-14.0121,129.804,325,2.5,1.5,2014-08-27,0436,Aqua,MODIS,35,6.2,305.6,45.4,D,0
-15.1415,126.1695,319.6,4.8,2,2014-08-27,0436,Aqua,MODIS,25,6.2,307.4,73,D,0
-15.1596,126.1714,337.5,4.8,2,2014-08-27,0436,Aqua,MODIS,86,6.2,308.8,280.2,D,0
-14.0153,129.8206,322.9,2.4,1.5,2014-08-27,0436,Aqua,MODIS,54,6.2,309.8,40.8,D,0
-14.018,129.7979,325.4,2.5,1.5,2014-08-27,0436,Aqua,MODIS,68,6.2,306.5,53.7,D,0
-11.4591,130.2053,325.4,2.1,1.4,2014-08-27,0436,Aqua,MODIS,64,6.2,308.3,41.1,D,0
-11.4614,130.1861,332,2.1,1.4,2014-08-27,0436,Aqua,MODIS,64,6.2,308.7,61.1,D,0
-11.6553,130.3,321.8,2.1,1.4,2014-08-27,0436,Aqua,MODIS,54,6.2,305.8,20.9,D,0
-14.0149,130.1397,326.9,2.3,1.5,2014-08-27,0436,Aqua,MODIS,54,6.2,309.9,33.9,D,0
-15.033,126.1576,326.3,4.8,2,2014-08-27,0436,Aqua,MODIS,56,6.2,307.8,119.3,D,0
-15.0356,126.1543,324.8,4.8,2,2014-08-27,0436,Aqua,MODIS,34,6.2,307.4,98.5,D,0
-12.424,132.7882,338,1.4,1.2,2014-08-27,0436,Aqua,MODIS,84,6.2,314.6,39.1,D,0
-12.3204,143.0348,321.2,2.2,1.4,2014-08-27,0436,Aqua,MODIS,41,6.2,296.9,26.8,D,0
-12.6236,134.2751,336.6,1.2,1.1,2014-08-27,0436,Aqua,MODIS,49,6.2,313.7,23.8,D,0
-12.5136,135.2122,330.1,1.1,1,2014-08-27,0436,Aqua,MODIS,76,6.2,310.4,13.9,D,0
-13.1593,135.1893,327.9,1.1,1,2014-08-27,0436,Aqua,MODIS,61,6.2,307.6,12,D,0
-12.3663,133.7682,325,1.2,1.1,2014-08-27,0436,Aqua,MODIS,40,6.2,311.1,11.1,D,0
-12.4849,134.1079,332.5,1.2,1.1,2014-08-27,0436,Aqua,MODIS,35,6.2,311.3,19.8,D,0
-12.4695,141.9773,326.2,1.8,1.3,2014-08-27,0436,Aqua,MODIS,73,6.2,305.2,28.5,D,0
-12.3943,136.3814,319.7,1,1,2014-08-27,0436,Aqua,MODIS,46,6.2,305.5,6.8,D,0
-12.4833,134.1021,329.6,1.2,1.1,2014-08-27,0436,Aqua,MODIS,47,6.2,311.3,16.8,D,0
-12.4131,133.7183,343.9,1.2,1.1,2014-08-27,0436,Aqua,MODIS,86,6.2,312.1,44.6,D,0
-12.4722,141.961,369.6,1.8,1.3,2014-08-27,0436,Aqua,MODIS,100,6.2,307.5,242.1,D,0
-13.3717,135.309,343.3,1.1,1,2014-08-27,0436,Aqua,MODIS,89,6.2,311.1,41.3,D,0
-12.423,133.7198,342.8,1.2,1.1,2014-08-27,0436,Aqua,MODIS,87,6.2,308.5,44.3,D,0
-12.3929,133.7947,338.3,1.2,1.1,2014-08-27,0436,Aqua,MODIS,85,6.2,309.2,37.4,D,0
-12.8009,132.705,363.3,1.4,1.2,2014-08-27,0436,Aqua,MODIS,100,6.2,314,141.4,D,0
-11.8004,142.61,350.2,2.1,1.4,2014-08-27,0436,Aqua,MODIS,95,6.2,300.5,147.7,D,0
-13.2081,135.163,335.8,1.1,1,2014-08-27,0436,Aqua,MODIS,65,6.2,310.1,23.2,D,0
-12.6769,135.4783,325.6,1,1,2014-08-27,0436,Aqua,MODIS,35,6.2,310.3,7.9,D,0
-12.5232,135.5305,346.4,1,1,2014-08-27,0436,Aqua,MODIS,92,6.2,313.5,38.9,D,0
-12.451,131.513,327.9,1.7,1.3,2014-08-27,0436,Aqua,MODIS,49,6.2,308.4,29.5,D,0
-12.4839,141.9632,346.8,1.8,1.3,2014-08-27,0436,Aqua,MODIS,93,6.2,305.7,106.6,D,0
-12.4813,141.9793,322.5,1.8,1.3,2014-08-27,0436,Aqua,MODIS,66,6.2,305.3,21.8,D,0
-12.73,135.8954,328,1,1,2014-08-27,0436,Aqua,MODIS,35,6.2,302.6,14.9,D,0
-12.342,134.4981,334.9,1.1,1.1,2014-08-27,0436,Aqua,MODIS,81,6.2,311.5,24.9,D,0
-12.3284,134.128,330.7,1.2,1.1,2014-08-27,0436,Aqua,MODIS,39,6.2,313.7,17.6,D,0
-12.383,133.7932,328.1,1.2,1.1,2014-08-27,0436,Aqua,MODIS,48,6.2,307.4,17.1,D,0
-12.9155,135.4865,328.4,1,1,2014-08-27,0436,Aqua,MODIS,52,6.2,309.2,12.2,D,0
-12.5306,135.7424,337.8,1,1,2014-08-27,0436,Aqua,MODIS,85,6.2,312.1,28.2,D,0
-12.6646,142.0573,336.6,1.8,1.3,2014-08-27,0436,Aqua,MODIS,86,6.2,311.9,60.9,D,0
-12.9168,135.4769,331,1,1,2014-08-27,0436,Aqua,MODIS,72,6.2,308.7,16,D,0
-12.4179,133.8318,368.4,1.2,1.1,2014-08-27,0436,Aqua,MODIS,100,6.2,311.6,131.5,D,0
-12.3434,134.4878,331.7,1.1,1.1,2014-08-27,0436,Aqua,MODIS,76,6.2,311.9,19.3,D,0
-12.0543,134.0501,330.4,1.2,1.1,2014-08-27,0436,Aqua,MODIS,67,6.2,311.3,17.2,D,0
-12.7902,132.7036,337.8,1.4,1.2,2014-08-27,0436,Aqua,MODIS,84,6.2,306.5,49.7,D,0
-12.3188,134.1266,342,1.2,1.1,2014-08-27,0436,Aqua,MODIS,85,6.2,315.1,39.2,D,0
-12.4147,133.7071,335,1.2,1.1,2014-08-27,0436,Aqua,MODIS,43,6.2,309.1,26,D,0
-11.7969,133.1434,362.3,1.3,1.1,2014-08-27,0436,Aqua,MODIS,100,6.2,317.7,107.6,D,0
-12.4048,133.7056,329.8,1.2,1.1,2014-08-27,0436,Aqua,MODIS,37,6.2,310.8,18.8,D,0
-12.8332,132.3661,333.9,1.5,1.2,2014-08-27,0436,Aqua,MODIS,80,6.2,314.8,29.6,D,0
-12.3949,133.7043,329.7,1.2,1.1,2014-08-27,0436,Aqua,MODIS,67,6.2,310.8,19,D,0
-12.3734,134.8309,340.5,1.1,1,2014-08-27,0436,Aqua,MODIS,87,6.2,310.9,34.4,D,0
-12.8946,134.769,330.8,1.1,1,2014-08-27,0436,Aqua,MODIS,76,6.2,313.6,14.8,D,0
-12.4299,133.7434,328.9,1.2,1.1,2014-08-27,0436,Aqua,MODIS,44,6.2,308,16.3,D,0
-12.4284,133.7546,346.7,1.2,1.1,2014-08-27,0436,Aqua,MODIS,91,6.2,310.8,54.6,D,0
-13.1317,135.1152,334.3,1.1,1,2014-08-27,0436,Aqua,MODIS,81,6.2,311.8,19.9,D,0
-12.4949,133.1834,331.4,1.3,1.1,2014-08-27,0436,Aqua,MODIS,71,6.2,314.5,22.4,D,0
-12.5381,136.2787,323.1,1,1,2014-08-27,0436,Aqua,MODIS,35,6.2,306.3,9.4,D,0
-12.7548,135.1164,333.4,1.1,1,2014-08-27,0436,Aqua,MODIS,62,6.2,311.7,17,D,0
-11.8128,142.6122,323.8,2.1,1.4,2014-08-27,0436,Aqua,MODIS,66,6.2,297.7,30.1,D,0
-12.7058,135.3363,399.3,1,1,2014-08-27,0436,Aqua,MODIS,100,6.2,318.2,249.2,D,0
-12.7885,132.7167,350.5,1.4,1.2,2014-08-27,0436,Aqua,MODIS,94,6.2,313.1,86.3,D,0
-12.4819,134.1128,324.7,1.2,1.1,2014-08-27,0436,Aqua,MODIS,42,6.2,310.3,10.3,D,0
-12.0291,133.6964,344.5,1.2,1.1,2014-08-27,0436,Aqua,MODIS,89,6.2,313.8,47.1,D,0
-12.039,133.6978,339.7,1.2,1.1,2014-08-27,0436,Aqua,MODIS,85,6.2,317.7,35,D,0
-12.5432,136.3075,331,1,1,2014-08-27,0436,Aqua,MODIS,70,6.2,306.1,19.1,D,0
-12.5445,136.2984,329.2,1,1,2014-08-27,0436,Aqua,MODIS,43,6.2,306.9,15.6,D,0
-12.5019,135.1611,358.7,1.1,1,2014-08-27,0436,Aqua,MODIS,99,6.2,312.4,74.2,D,0
-12.9063,135.4851,328.5,1,1,2014-08-27,0436,Aqua,MODIS,44,6.2,310.4,12.3,D,0
-12.9077,135.4756,336.7,1,1,2014-08-27,0436,Aqua,MODIS,84,6.2,310.9,24.6,D,0
-12.4586,132.9785,323,1.4,1.2,2014-08-27,0436,Aqua,MODIS,54,6.2,308.7,14.3,D,0
-12.5216,135.741,332.1,1,1,2014-08-27,0436,Aqua,MODIS,79,6.2,309.5,19.5,D,0
-12.8115,132.7065,415.5,1.4,1.2,2014-08-27,0436,Aqua,MODIS,100,6.2,321.9,586.8,D,0
-12.0291,133.4669,328,1.3,1.1,2014-08-27,0436,Aqua,MODIS,68,6.2,314.2,10.2,D,0
-12.4736,134.1008,354.4,1.2,1.1,2014-08-27,0436,Aqua,MODIS,96,6.2,310.6,72.3,D,0
-12.4717,133.7443,324.2,1.2,1.1,2014-08-27,0436,Aqua,MODIS,29,6.2,308.2,12,D,0
-12.4489,131.502,334,1.7,1.3,2014-08-27,0436,Aqua,MODIS,68,6.2,309.6,45.8,D,0
-12.0692,133.6226,360.4,1.2,1.1,2014-08-27,0436,Aqua,MODIS,100,6.2,317.3,91.4,D,0
-12.5593,135.9337,330.6,1,1,2014-08-27,0436,Aqua,MODIS,68,6.2,305.4,16.6,D,0
-12.0608,133.6099,339.3,1.2,1.1,2014-08-27,0436,Aqua,MODIS,77,6.2,313,31,D,0
-12.4702,133.7556,327,1.2,1.1,2014-08-27,0436,Aqua,MODIS,50,6.2,310,16.1,D,0
-12.5071,135.1915,337.4,1.1,1,2014-08-27,0436,Aqua,MODIS,84,6.2,310.3,25.3,D,0
-12.0593,133.6212,340.2,1.2,1.1,2014-08-27,0436,Aqua,MODIS,84,6.2,317.3,31.4,D,0
-11.7985,133.1316,352.5,1.3,1.1,2014-08-27,0436,Aqua,MODIS,90,6.2,310.7,75.1,D,0
-12.1388,133.4887,331,1.3,1.1,2014-08-27,0436,Aqua,MODIS,41,6.2,314,17.9,D,0
-12.4776,135.5238,328.2,1,1,2014-08-27,0436,Aqua,MODIS,49,6.2,309.4,8.5,D,0
-12.9148,136.0201,324,1,1,2014-08-27,0436,Aqua,MODIS,21,6.2,308,9.5,D,0
-12.6726,131.8261,344.1,1.6,1.3,2014-08-27,0436,Aqua,MODIS,75,6.2,312.3,66.7,D,0
-12.453,131.4972,343.4,1.7,1.3,2014-08-27,0436,Aqua,MODIS,89,6.2,310.2,80.7,D,0
-13.0967,141.7343,327.3,1.7,1.3,2014-08-27,0436,Aqua,MODIS,55,6.2,308,31.9,D,0
-12.7992,132.7182,353.7,1.4,1.2,2014-08-27,0436,Aqua,MODIS,96,6.2,317.3,97,D,0
-12.8098,132.7196,399.8,1.4,1.2,2014-08-27,0436,Aqua,MODIS,100,6.2,320.6,402.1,D,0
-12.4391,133.7627,330.7,1.2,1.1,2014-08-27,0436,Aqua,MODIS,75,6.2,307.4,21.4,D,0
-11.5671,142.5133,319.3,2,1.4,2014-08-27,0436,Aqua,MODIS,71,6.2,296.3,30.9,D,0
-12.5167,135.5102,330.5,1,1,2014-08-27,0436,Aqua,MODIS,66,6.2,309.8,11.2,D,0
-12.5214,136.2668,333,1,1,2014-08-27,0436,Aqua,MODIS,76,6.2,302.3,22.1,D,0
-12.4668,134.0782,337,1.2,1.1,2014-08-27,0436,Aqua,MODIS,77,6.2,312.4,30.1,D,0
-12.518,135.5007,329.7,1,1,2014-08-27,0436,Aqua,MODIS,61,6.2,308.7,10.5,D,0
-12.5291,136.2773,348.1,1,1,2014-08-27,0436,Aqua,MODIS,93,6.2,308.2,47.4,D,0
-12.5201,136.276,331.9,1,1,2014-08-27,0436,Aqua,MODIS,70,6.2,305.2,20.3,D,0
-12.6274,135.446,329.4,1,1,2014-08-27,0436,Aqua,MODIS,75,6.2,310.2,12.7,D,0
-12.7404,135.8208,328.3,1,1,2014-08-27,0436,Aqua,MODIS,74,6.2,309.3,16.2,D,0
-12.0677,133.6339,344.9,1.2,1.1,2014-08-27,0436,Aqua,MODIS,90,6.2,317.6,43.3,D,0
-12.1313,134.3023,321.7,1.1,1.1,2014-08-27,0436,Aqua,MODIS,31,6.2,310.1,8,D,0
-12.5123,135.2218,325.1,1.1,1,2014-08-27,0436,Aqua,MODIS,64,6.2,310.1,7.3,D,0
-12.4709,135.5173,326.4,1,1,2014-08-27,0436,Aqua,MODIS,46,6.2,311.3,8.9,D,0
-12.4837,143.1578,323.2,2.2,1.4,2014-08-27,0436,Aqua,MODIS,72,6.2,299,46,D,0
-12.3512,135.777,348.6,1,1,2014-08-27,0436,Aqua,MODIS,93,6.2,313.9,44.7,D,0
-12.3616,135.769,327,1,1,2014-08-27,0436,Aqua,MODIS,65,6.2,308.7,11.4,D,0
-12.4927,135.1599,342.4,1.1,1,2014-08-27,0436,Aqua,MODIS,89,6.2,310.9,35.1,D,0
-12.8321,135.4298,330.1,1,1,2014-08-27,0436,Aqua,MODIS,73,6.2,308.7,16.3,D,0
-12.4155,131.1277,327.8,1.8,1.3,2014-08-27,0436,Aqua,MODIS,72,6.2,312.6,29,D,0
-12.3525,135.7676,379,1,1,2014-08-27,0436,Aqua,MODIS,100,6.2,315.8,138.3,D,0
-12.3603,135.7783,338.1,1,1,2014-08-27,0436,Aqua,MODIS,85,6.2,309.3,26.7,D,0
-12.3362,134.501,332.6,1.1,1.1,2014-08-27,0436,Aqua,MODIS,72,6.2,311.6,20.6,D,0
-12.5948,134.271,330.4,1.2,1.1,2014-08-27,0436,Aqua,MODIS,26,6.2,313.3,15,D,0
-12.625,134.2645,348.1,1.2,1.1,2014-08-27,0436,Aqua,MODIS,93,6.2,314.3,50.2,D,0
-12.8731,136.3156,328.2,1,1,2014-08-27,0436,Aqua,MODIS,49,6.2,306.8,12.5,D,0
-12.6775,135.2874,330,1.1,1,2014-08-27,0436,Aqua,MODIS,74,6.2,309.5,14.2,D,0
-12.4382,133.7561,331.2,1.2,1.1,2014-08-27,0436,Aqua,MODIS,70,6.2,308.8,21.5,D,0
-12.6927,135.2951,331.8,1.1,1,2014-08-27,0436,Aqua,MODIS,65,6.2,310.6,13.6,D,0
-12.6253,131.2012,324.1,1.8,1.3,2014-08-27,0436,Aqua,MODIS,35,6.2,304.9,21.9,D,0
-12.6373,131.2027,342.7,1.8,1.3,2014-08-27,0436,Aqua,MODIS,89,6.2,309.8,80.9,D,0
-12.8449,142.8883,315.2,2.1,1.4,2014-08-27,0436,Aqua,MODIS,39,6.2,301.3,17.9,D,0
-12.4025,135.3457,328.9,1,1,2014-08-27,0436,Aqua,MODIS,73,6.2,310.8,12.7,D,0
-12.3201,143.042,330,2.2,1.4,2014-08-27,0436,Aqua,MODIS,68,6.2,296.7,53.6,D,0
-12.6044,134.2723,344.5,1.2,1.1,2014-08-27,0436,Aqua,MODIS,90,6.2,315,40.6,D,0
-12.6058,134.2618,347.3,1.2,1.1,2014-08-27,0436,Aqua,MODIS,92,6.2,314.4,49,D,0
-12.1719,133.4697,331.3,1.3,1.1,2014-08-27,0436,Aqua,MODIS,74,6.2,314.9,16.5,D,0
-12.5499,142.2027,319.9,1.9,1.3,2014-08-27,0436,Aqua,MODIS,58,6.2,305.4,16.1,D,0
-12.5258,135.5116,327.9,1,1,2014-08-27,0436,Aqua,MODIS,39,6.2,306.7,8.1,D,0
-12.6901,135.3143,332.6,1,1,2014-08-27,0436,Aqua,MODIS,69,6.2,307.6,16.3,D,0
-12.393,136.3906,323.9,1,1,2014-08-27,0436,Aqua,MODIS,68,6.2,308.4,11.2,D,0
-12.5414,135.5331,344.9,1,1,2014-08-27,0436,Aqua,MODIS,91,6.2,310.2,38.2,D,0
-12.1811,134.4733,324.1,1.1,1.1,2014-08-27,0436,Aqua,MODIS,62,6.2,307.8,12.9,D,0
-12.7045,135.3458,363.7,1,1,2014-08-27,0436,Aqua,MODIS,100,6.2,311.2,86.1,D,0
-12.494,135.1502,324.6,1.1,1,2014-08-27,0436,Aqua,MODIS,49,6.2,309,8.1,D,0
-10.1116,142.1084,312.3,2,1.4,2014-08-27,0436,Aqua,MODIS,36,6.2,294.2,15.5,D,0
-12.7106,135.902,325.7,1,1,2014-08-27,0436,Aqua,MODIS,21,6.2,306.1,9.8,D,0
-12.1466,133.1238,328.8,1.3,1.1,2014-08-27,0436,Aqua,MODIS,56,6.2,316.6,9.9,D,0
-12.5336,135.5223,357.4,1,1,2014-08-27,0436,Aqua,MODIS,98,6.2,308.8,65.2,D,0
-12.1331,133.1466,330.2,1.3,1.1,2014-08-27,0436,Aqua,MODIS,68,6.2,315.3,14.1,D,0
-12.1351,134.6727,323.4,1.1,1,2014-08-27,0436,Aqua,MODIS,50,6.2,311,8.3,D,0
-12.6417,135.7996,332.7,1,1,2014-08-27,0436,Aqua,MODIS,80,6.2,308.3,22.5,D,0
-12.3257,134.4368,341.6,1.1,1.1,2014-08-27,0436,Aqua,MODIS,88,6.2,313,35.5,D,0
-12.3243,134.447,331.8,1.1,1.1,2014-08-27,0436,Aqua,MODIS,74,6.2,313.9,17.1,D,0
-12.5089,135.4994,327.9,1,1,2014-08-27,0436,Aqua,MODIS,43,6.2,310.3,8.6,D,0
-12.8412,135.4312,326.6,1,1,2014-08-27,0436,Aqua,MODIS,63,6.2,311.5,12,D,0
-12.4974,134.0879,324.4,1.2,1.1,2014-08-27,0436,Aqua,MODIS,30,6.2,309.8,10.4,D,0
-12.7335,132.5131,321,1.5,1.2,2014-08-27,0436,Aqua,MODIS,19,6.2,309.2,11.8,D,0
-12.715,135.3376,350.5,1,1,2014-08-27,0436,Aqua,MODIS,94,6.2,316.7,50.4,D,0
-12.6442,135.5259,331.9,1,1,2014-08-27,0436,Aqua,MODIS,70,6.2,309.7,17.5,D,0
-12.2821,134.1593,334.7,1.2,1.1,2014-08-27,0436,Aqua,MODIS,70,6.2,310.3,24.5,D,0
-12.6548,131.2556,332.3,1.8,1.3,2014-08-27,0436,Aqua,MODIS,19,6.2,308.1,42.7,D,0
-12.645,131.2375,334.5,1.8,1.3,2014-08-27,0436,Aqua,MODIS,35,6.2,312.4,46,D,0
-12.629,131.2691,335.6,1.8,1.3,2014-08-27,0436,Aqua,MODIS,64,6.2,311,52.4,D,0
-12.8072,141.945,345.2,1.8,1.3,2014-08-27,0436,Aqua,MODIS,80,6.2,307.1,96.6,D,0
-12.7455,135.115,327.2,1.1,1,2014-08-27,0436,Aqua,MODIS,35,6.2,310.4,8.3,D,0
-12.6364,135.5151,329,1,1,2014-08-27,0436,Aqua,MODIS,63,6.2,309.4,14.1,D,0
-12.5401,135.5426,327.8,1,1,2014-08-27,0436,Aqua,MODIS,50,6.2,311.5,11.1,D,0
-12.5773,135.9363,330.4,1,1,2014-08-27,0436,Aqua,MODIS,66,6.2,307.3,14.6,D,0
-12.7071,135.3267,355.8,1,1,2014-08-27,0436,Aqua,MODIS,97,6.2,313.3,62.9,D,0
-12.6914,135.3047,357.4,1.1,1,2014-08-27,0436,Aqua,MODIS,98,6.2,310.8,66.7,D,0
-12.5323,135.5318,403.7,1,1,2014-08-27,0436,Aqua,MODIS,100,6.2,318.7,271.8,D,0
-12.5245,135.521,343.2,1,1,2014-08-27,0436,Aqua,MODIS,90,6.2,310.4,31.5,D,0
-12.4892,134.0759,339.5,1.2,1.1,2014-08-27,0436,Aqua,MODIS,86,6.2,311.2,35.2,D,0
-12.4194,133.8209,328.9,1.2,1.1,2014-08-27,0436,Aqua,MODIS,72,6.2,310.5,20.4,D,0
-12.2739,134.1473,335.1,1.2,1.1,2014-08-27,0436,Aqua,MODIS,81,6.2,310.5,27.6,D,0
-12.554,136.6792,321.7,1,1,2014-08-27,0436,Aqua,MODIS,58,6.2,304.1,10.8,D,0
-12.7137,135.3472,350.8,1,1,2014-08-27,0436,Aqua,MODIS,94,6.2,313.3,51.4,D,0
-11.7871,133.1477,339.2,1.3,1.1,2014-08-27,0436,Aqua,MODIS,72,6.2,313.5,37.2,D,0
-12.5696,135.9258,332.3,1,1,2014-08-27,0436,Aqua,MODIS,53,6.2,309.8,17,D,0
-12.7417,135.8115,330.2,1,1,2014-08-27,0436,Aqua,MODIS,77,6.2,307.3,19.1,D,0
-12.4748,141.9449,347.6,1.8,1.3,2014-08-27,0436,Aqua,MODIS,93,6.2,304,108.6,D,0
-12.4863,143.1454,320.1,2.2,1.4,2014-08-27,0436,Aqua,MODIS,51,6.2,298.7,33,D,0
-12.6352,131.2194,373.8,1.8,1.3,2014-08-27,0436,Aqua,MODIS,100,6.2,312.2,275.3,D,0
-12.6233,131.2179,335.7,1.8,1.3,2014-08-27,0436,Aqua,MODIS,80,6.2,308.3,55.4,D,0
-12.6717,142.0654,324.3,1.8,1.3,2014-08-27,0436,Aqua,MODIS,60,6.2,310.5,23.7,D,0
-12.6331,131.236,342.5,1.8,1.3,2014-08-27,0436,Aqua,MODIS,85,6.2,310.7,75.8,D,0
-12.3171,143.0548,324,2.2,1.4,2014-08-27,0436,Aqua,MODIS,53,6.2,295.6,36.2,D,0
-12.3475,135.3378,359.2,1,1,2014-08-27,0436,Aqua,MODIS,99,6.2,312.1,71.1,D,0
-11.929,133.6881,332.3,1.2,1.1,2014-08-27,0436,Aqua,MODIS,58,6.2,312.5,22.5,D,0
-12.2754,134.1367,358.3,1.2,1.1,2014-08-27,0436,Aqua,MODIS,99,6.2,312.8,85.6,D,0
-12.0962,136.4123,325.9,1,1,2014-08-27,0436,Aqua,MODIS,48,6.2,307,10.5,D,0
-12.5149,135.2025,329.3,1.1,1,2014-08-27,0436,Aqua,MODIS,74,6.2,309.1,12.5,D,0
-12.5057,135.2012,336.1,1.1,1,2014-08-27,0436,Aqua,MODIS,83,6.2,311.8,22.5,D,0
-11.791,142.5893,360.2,2,1.4,2014-08-27,0436,Aqua,MODIS,100,6.2,298.1,217.5,D,0
-12.2836,134.1487,356.4,1.2,1.1,2014-08-27,0436,Aqua,MODIS,98,6.2,314.3,77.2,D,0
-12.2137,134.4466,330.6,1.1,1.1,2014-08-27,0436,Aqua,MODIS,72,6.2,309.5,18.4,D,0
-12.5703,135.4601,331.3,1,1,2014-08-27,0436,Aqua,MODIS,78,6.2,310.7,13.8,D,0
-12.4194,131.1387,328.7,1.8,1.3,2014-08-27,0436,Aqua,MODIS,51,6.2,313.8,31.1,D,0
-12.2123,134.4568,359.7,1.1,1.1,2014-08-27,0436,Aqua,MODIS,99,6.2,311.9,85.2,D,0
-12.2109,134.4671,384.6,1.1,1.1,2014-08-27,0436,Aqua,MODIS,100,6.2,316.9,189.4,D,0
-11.7941,142.5709,340.2,2,1.4,2014-08-27,0436,Aqua,MODIS,90,6.2,293.1,97,D,0
-12.4345,132.7896,337.6,1.4,1.2,2014-08-27,0436,Aqua,MODIS,72,6.2,316.8,41.4,D,0
-12.5492,135.5439,328.8,1,1,2014-08-27,0436,Aqua,MODIS,53,6.2,308.4,12.4,D,0
-11.8035,142.5915,375.2,2,1.4,2014-08-27,0436,Aqua,MODIS,100,6.2,300.1,352.8,D,0
-12.4605,131.5035,342.9,1.7,1.3,2014-08-27,0436,Aqua,MODIS,89,6.2,312,78.5,D,0
-12.3162,134.4354,330.2,1.1,1.1,2014-08-27,0436,Aqua,MODIS,36,6.2,313.7,15.2,D,0
-12.4074,131.1371,344.1,1.8,1.3,2014-08-27,0436,Aqua,MODIS,90,6.2,311.8,86.6,D,0
-12.4135,131.1446,353.3,1.8,1.3,2014-08-27,0436,Aqua,MODIS,96,6.2,313.1,136.3,D,0
-12.4113,133.9535,321.7,1.2,1.1,2014-08-27,0436,Aqua,MODIS,42,6.2,309.4,7.9,D,0
-12.2898,136.5375,348.6,1,1,2014-08-27,0436,Aqua,MODIS,93,6.2,305.2,48.2,D,0
-12.3877,136.4272,325.2,1,1,2014-08-27,0436,Aqua,MODIS,70,6.2,309.3,11.4,D,0
-12.4721,131.5051,323,1.7,1.3,2014-08-27,0436,Aqua,MODIS,28,6.2,309.2,19.4,D,0
-12.2911,136.5284,349.8,1,1,2014-08-27,0436,Aqua,MODIS,94,6.2,304.7,51.2,D,0
-12.2917,134.1606,332.4,1.2,1.1,2014-08-27,0436,Aqua,MODIS,67,6.2,311.9,20.6,D,0
-12.5683,135.935,349.1,1,1,2014-08-27,0436,Aqua,MODIS,94,6.2,306.9,46.9,D,0
-12.2988,136.5389,348.2,1,1,2014-08-27,0436,Aqua,MODIS,93,6.2,307.3,47.7,D,0
-12.4329,133.7211,326.4,1.2,1.1,2014-08-27,0436,Aqua,MODIS,27,6.2,308.6,14.6,D,0
-12.2953,134.1558,333.7,1.2,1.1,2014-08-27,0436,Aqua,MODIS,64,6.2,314.7,21.9,D,0
-12.4329,132.8024,333.5,1.4,1.2,2014-08-27,0436,Aqua,MODIS,45,6.2,315.5,33,D,0
-12.5005,135.1709,333.5,1.1,1,2014-08-27,0436,Aqua,MODIS,80,6.2,310.3,19.5,D,0
-12.0153,133.6492,336.7,1.2,1.1,2014-08-27,0436,Aqua,MODIS,44,6.2,314.4,25.6,D,0
-12.2932,134.15,332.4,1.2,1.1,2014-08-27,0436,Aqua,MODIS,69,6.2,315.8,21.5,D,0
-12.2095,134.4773,366,1.1,1.1,2014-08-27,0436,Aqua,MODIS,100,6.2,312.8,107,D,0
-12.4989,134.0773,330.2,1.2,1.1,2014-08-27,0436,Aqua,MODIS,75,6.2,310.2,20.7,D,0
-12.6332,134.2765,329.2,1.2,1.1,2014-08-27,0436,Aqua,MODIS,48,6.2,311.9,14,D,0
-13.0878,141.717,336.3,1.7,1.3,2014-08-27,0436,Aqua,MODIS,49,6.2,308.5,54.8,D,0
-12.389,136.418,325.2,1,1,2014-08-27,0436,Aqua,MODIS,70,6.2,307.3,11.2,D,0
-12.6318,134.2869,328.9,1.2,1.1,2014-08-27,0436,Aqua,MODIS,48,6.2,312.7,14.2,D,0
-12.2204,134.4685,322.8,1.1,1.1,2014-08-27,0436,Aqua,MODIS,57,6.2,310.5,10.3,D,0
-12.3376,134.4907,327.6,1.1,1.1,2014-08-27,0436,Aqua,MODIS,48,6.2,312.3,11.6,D,0
-12.3176,134.4251,333.9,1.1,1.1,2014-08-27,0436,Aqua,MODIS,75,6.2,313.1,22.2,D,0
-12.0509,133.6085,331.2,1.2,1.1,2014-08-27,0436,Aqua,MODIS,37,6.2,315,13.6,D,0
-12.6154,134.2631,356.6,1.2,1.1,2014-08-27,0436,Aqua,MODIS,98,6.2,311.5,73.3,D,0
-12.1488,133.4901,338.3,1.3,1.1,2014-08-27,0436,Aqua,MODIS,61,6.2,313.7,30.5,D,0
-31.6857,115.8018,316.8,1,1,2014-08-27,0609,Aqua,MODIS,68,6.2,289.1,12.5,D,0
-32.4897,116.0345,303.5,1,1,2014-08-27,0609,Aqua,MODIS,50,6.2,278.9,7.4,D,0
-31.2839,115.7279,312.6,1,1,2014-08-27,0610,Aqua,MODIS,68,6.2,296.2,8.1,D,0
-31.363,116.2754,307.9,1,1,2014-08-27,0610,Aqua,MODIS,42,6.2,297.3,4.6,D,0
-22.958,122.6221,321.5,2.7,1.6,2014-08-27,0611,Aqua,MODIS,57,6.2,308.6,35.7,D,0
-22.989,122.7258,334.9,2.8,1.6,2014-08-27,0611,Aqua,MODIS,83,6.2,309,105.6,D,0
-22.9862,122.7173,327.2,2.8,1.6,2014-08-27,0611,Aqua,MODIS,73,6.2,308.2,65.1,D,0
-22.9597,122.6274,323.5,2.7,1.6,2014-08-27,0611,Aqua,MODIS,66,6.2,308.4,48.9,D,0
-22.9809,122.7441,324.2,2.8,1.6,2014-08-27,0611,Aqua,MODIS,68,6.2,308.6,50.1,D,0
-21.4748,125.6386,319.2,4.8,2,2014-08-27,0612,Aqua,MODIS,54,6.2,302.6,86.4,D,0
-21.1329,120.7471,324.5,2.2,1.4,2014-08-27,0612,Aqua,MODIS,49,6.2,311.7,26.3,D,0
-21.4207,120.0471,328.2,1.9,1.4,2014-08-27,0612,Aqua,MODIS,70,6.2,310.3,34.3,D,0
-21.1151,120.6997,337.2,2.2,1.4,2014-08-27,0612,Aqua,MODIS,85,6.2,309.4,78.4,D,0
-21.101,120.7136,326.7,2.2,1.4,2014-08-27,0612,Aqua,MODIS,71,6.2,310.1,37.2,D,0
-21.1111,120.7207,337.2,2.2,1.4,2014-08-27,0612,Aqua,MODIS,85,6.2,311.4,79,D,0
-21.4603,120.0364,325.2,1.9,1.4,2014-08-27,0612,Aqua,MODIS,52,6.2,307.9,28.1,D,0
-21.4669,119.9999,328.6,1.9,1.3,2014-08-27,0612,Aqua,MODIS,56,6.2,306.1,37.1,D,0
-21.4734,119.9637,319.4,1.9,1.3,2014-08-27,0612,Aqua,MODIS,32,6.2,306.7,15.7,D,0
-21.4328,120.0495,335.2,1.9,1.4,2014-08-27,0612,Aqua,MODIS,72,6.2,309.5,56.6,D,0
-21.4173,120.0656,336,1.9,1.4,2014-08-27,0612,Aqua,MODIS,83,6.2,310.2,63.2,D,0
-21.8339,119.4327,327.7,1.7,1.3,2014-08-27,0612,Aqua,MODIS,72,6.2,311.6,25.7,D,0
-21.8367,119.4163,331,1.7,1.3,2014-08-27,0612,Aqua,MODIS,77,6.2,312,34.6,D,0
-20.6275,119.1908,327.2,1.7,1.3,2014-08-27,0612,Aqua,MODIS,67,6.2,315.5,19.4,D,0
-20.9388,119.6491,335.6,1.8,1.3,2014-08-27,0612,Aqua,MODIS,82,6.2,313.2,55.1,D,0
-20.942,119.6315,329.1,1.8,1.3,2014-08-27,0612,Aqua,MODIS,73,6.2,313.7,33.8,D,0
-19.0584,122.0457,330.1,3,1.7,2014-08-27,0613,Aqua,MODIS,33,6.2,310.4,75.6,D,0
-19.0585,122.0382,327.5,3,1.7,2014-08-27,0613,Aqua,MODIS,34,6.2,310.7,58.8,D,0
-19.0205,121.682,344.7,2.8,1.6,2014-08-27,0613,Aqua,MODIS,91,6.2,313.4,164.9,D,0
-19.0061,121.679,383.9,2.8,1.6,2014-08-27,0613,Aqua,MODIS,100,6.2,316.5,708.5,D,0
-18.0101,123.6582,332,4.2,1.9,2014-08-27,0613,Aqua,MODIS,71,6.2,310.2,144,D,0
-17.9851,123.6935,330.2,4.2,1.9,2014-08-27,0613,Aqua,MODIS,67,6.2,313.3,125.2,D,0
-17.9986,123.6884,327.9,4.2,1.9,2014-08-27,0613,Aqua,MODIS,66,6.2,310.6,107.6,D,0
-18.0064,123.6494,335.4,4.2,1.9,2014-08-27,0613,Aqua,MODIS,87,6.2,311.7,185.9,D,0
-16.653,123.8975,321.4,4.6,2,2014-08-27,0613,Aqua,MODIS,33,6.2,304.2,84.4,D,0
-18.018,123.6196,327,4.1,1.9,2014-08-27,0613,Aqua,MODIS,49,6.2,308.7,97.1,D,0
-17.8443,122.6624,320.4,3.6,1.8,2014-08-27,0613,Aqua,MODIS,55,6.2,308.3,43.1,D,0
-17.8508,122.6561,335.7,3.6,1.8,2014-08-27,0613,Aqua,MODIS,87,6.2,309.1,161.6,D,0
-17.6799,122.6749,323.9,3.6,1.8,2014-08-27,0613,Aqua,MODIS,37,6.2,311,38.2,D,0
-17.86,122.6658,328,3.6,1.8,2014-08-27,0613,Aqua,MODIS,81,6.2,307.2,98,D,0
-17.8666,122.6329,324.6,3.5,1.8,2014-08-27,0613,Aqua,MODIS,78,6.2,309,72.4,D,0
-18.9613,122.071,324.5,3,1.7,2014-08-27,0613,Aqua,MODIS,53,6.2,313.4,36.9,D,0
-18.9589,122.0756,325.6,3,1.7,2014-08-27,0613,Aqua,MODIS,54,6.2,312.9,41.1,D,0
-17.797,122.6787,342.6,3.6,1.8,2014-08-27,0613,Aqua,MODIS,91,6.2,309.6,222.5,D,0
-17.6887,122.6843,325.8,3.6,1.8,2014-08-27,0613,Aqua,MODIS,72,6.2,311.2,54.9,D,0
-17.7813,122.6751,334.3,3.6,1.8,2014-08-27,0613,Aqua,MODIS,86,6.2,313.2,129.4,D,0
-17.7837,122.7058,333.5,3.6,1.8,2014-08-27,0613,Aqua,MODIS,82,6.2,309.6,125.7,D,0
-16.6441,123.8506,323.4,4.6,2,2014-08-27,0613,Aqua,MODIS,57,6.2,304.9,109.7,D,0
-16.6354,123.8937,323.4,4.6,2,2014-08-27,0613,Aqua,MODIS,59,6.2,306.5,103.3,D,0
-17.79,122.6723,340.6,3.6,1.8,2014-08-27,0613,Aqua,MODIS,90,6.2,312.7,189.7,D,0
-17.6979,122.7217,325.5,3.6,1.8,2014-08-27,0613,Aqua,MODIS,77,6.2,310.7,53.4,D,0
-23.7,150.6456,301,1.7,1.3,2014-08-27,1220,Terra,MODIS,37,6.2,284.2,15.9,N,0
-23.7029,150.6578,305.5,1.7,1.3,2014-08-27,1220,Terra,MODIS,64,6.2,283.6,20.8,N,0
-23.8931,149.2483,308.7,2.2,1.4,2014-08-27,1220,Terra,MODIS,75,6.2,285.3,34.9,N,0
-23.8953,149.2258,307,2.2,1.4,2014-08-27,1220,Terra,MODIS,70,6.2,283.4,31.3,N,0
-23.3979,149.7836,303,2,1.4,2014-08-27,1220,Terra,MODIS,53,6.2,285.1,21.5,N,0
-23.88,149.2475,318,2.2,1.4,2014-08-27,1220,Terra,MODIS,96,6.2,286.2,55.1,N,0
-23.8822,149.2245,333.8,2.2,1.4,2014-08-27,1220,Terra,MODIS,100,6.2,285,113.3,N,0
-29.9149,123.7657,305.9,3,1.6,2014-08-27,1357,Terra,MODIS,66,6.2,286.7,43.3,N,0
-20.5044,134.2243,301.2,1.3,1.1,2014-08-27,1359,Terra,MODIS,39,6.2,286,8.1,N,0
-20.5065,134.212,303.5,1.3,1.1,2014-08-27,1359,Terra,MODIS,55,6.2,287.1,9.7,N,0
-20.507,134.2184,310.5,1.3,1.1,2014-08-27,1359,Terra,MODIS,57,6.2,287.5,15.8,N,0
-20.4868,134.2146,301.1,1.3,1.1,2014-08-27,1359,Terra,MODIS,37,6.2,285.8,8.9,N,0
-20.9088,119.6203,305.8,4.6,2,2014-08-27,1359,Terra,MODIS,66,6.2,288.9,71.5,N,0
-21.4373,126.1631,302.2,1.6,1.2,2014-08-27,1359,Terra,MODIS,48,6.2,283.4,15.1,N,0
-21.4374,126.1694,312.1,1.6,1.2,2014-08-27,1359,Terra,MODIS,84,6.2,283.4,26.4,N,0
-21.4104,120.0494,300.3,4.4,1.9,2014-08-27,1359,Terra,MODIS,23,6.2,288.2,45.5,N,0
-21.4113,120.0544,300.8,4.4,1.9,2014-08-27,1359,Terra,MODIS,33,6.2,288.2,47,N,0
-18.7866,130.8884,317.4,1,1,2014-08-27,1400,Terra,MODIS,95,6.2,284.6,18.5,N,0
-18.7879,130.8789,315.4,1,1,2014-08-27,1400,Terra,MODIS,91,6.2,283.7,16.9,N,0
-17.5987,122.9142,308.4,2.4,1.5,2014-08-27,1400,Terra,MODIS,74,6.2,289.2,36.3,N,0
-17.6092,122.899,316.6,2.4,1.5,2014-08-27,1400,Terra,MODIS,93,6.2,290.8,57.4,N,0
-17.6012,122.8917,324.6,2.4,1.5,2014-08-27,1400,Terra,MODIS,100,6.2,289.7,87.3,N,0
-16.1118,136.7138,303.3,2.3,1.5,2014-08-27,1400,Terra,MODIS,55,6.2,285.2,25,N,0
-16.116,136.7091,304,2.3,1.5,2014-08-27,1400,Terra,MODIS,58,6.2,284.9,26.1,N,0
-15.9906,136.5896,309,2.3,1.5,2014-08-27,1400,Terra,MODIS,76,6.2,287.1,37.5,N,0
-16.1122,136.7307,304.9,2.3,1.5,2014-08-27,1400,Terra,MODIS,62,6.2,284.7,28.5,N,0
-17.6959,138.2642,300.1,2.8,1.6,2014-08-27,1400,Terra,MODIS,16,6.2,289.3,21.3,N,0
-20.9099,119.6153,305.5,4.6,2,2014-08-27,1400,Terra,MODIS,65,6.2,289,70.3,N,0
-18.289,129.9344,302.7,1,1,2014-08-27,1400,Terra,MODIS,47,6.2,285.8,6.9,N,0
-17.2972,123.8628,326.8,2,1.4,2014-08-27,1400,Terra,MODIS,100,6.2,292.9,70.5,N,0
-17.5876,127.7576,303.2,1.1,1.1,2014-08-27,1400,Terra,MODIS,54,6.2,289.4,7.9,N,0
-17.5862,127.7682,319.8,1.1,1.1,2014-08-27,1400,Terra,MODIS,99,6.2,289.2,22.8,N,0
-17.5909,127.7645,323.6,1.1,1.1,2014-08-27,1400,Terra,MODIS,90,6.2,291.3,24.5,N,0
-17.6073,127.7127,323.1,1.1,1.1,2014-08-27,1400,Terra,MODIS,42,6.2,293.9,23,N,0
-17.6251,127.7262,317,1.1,1.1,2014-08-27,1400,Terra,MODIS,43,6.2,290.9,16.7,N,0
-18.2634,129.9207,301,1,1,2014-08-27,1400,Terra,MODIS,24,6.2,285.7,5.6,N,0
-17.6291,127.7702,314.8,1.1,1.1,2014-08-27,1400,Terra,MODIS,67,6.2,290.8,16.1,N,0
-15.0359,126.1868,339.8,1.3,1.1,2014-08-27,1401,Terra,MODIS,100,6.2,293.1,63.3,N,0
-15.158,125.7073,305.2,1.4,1.2,2014-08-27,1401,Terra,MODIS,63,6.2,289.8,11.2,N,0
-12.371,132.7793,319.5,1.4,1.2,2014-08-27,1401,Terra,MODIS,99,6.2,292,29.1,N,0
-15.0375,126.1747,300.8,1.3,1.1,2014-08-27,1401,Terra,MODIS,10,6.2,290.7,6.2,N,0
-12.373,132.7665,304,1.4,1.2,2014-08-27,1401,Terra,MODIS,58,6.2,290.3,10.1,N,0
-14.9828,126.1183,327.9,1.3,1.1,2014-08-27,1401,Terra,MODIS,100,6.2,289,39.7,N,0
-14.9741,126.1049,305.5,1.3,1.1,2014-08-27,1401,Terra,MODIS,62,6.2,287.9,10.7,N,0
-15.0258,126.1853,317.3,1.3,1.1,2014-08-27,1401,Terra,MODIS,95,6.2,290,23.4,N,0
-15.1298,126.1696,307.7,1.3,1.1,2014-08-27,1401,Terra,MODIS,69,6.2,290.4,12.2,N,0
-15.0273,126.1733,303.8,1.3,1.1,2014-08-27,1401,Terra,MODIS,57,6.2,288.7,9.1,N,0
-15.9423,128.7796,314.9,1,1,2014-08-27,1401,Terra,MODIS,90,6.2,295.7,13.2,N,0
-15.0343,126.1987,318,1.3,1.1,2014-08-27,1401,Terra,MODIS,96,6.2,289.9,23.7,N,0
-15.0441,126.1942,311.1,1.3,1.1,2014-08-27,1401,Terra,MODIS,82,6.2,290.5,16,N,0
-12.629,131.19,305.2,1.1,1.1,2014-08-27,1401,Terra,MODIS,63,6.2,291.1,8.2,N,0
-12.4681,134.0996,306.1,1.7,1.3,2014-08-27,1401,Terra,MODIS,27,6.2,295.2,11.9,N,0
-12.4323,133.7526,307,1.6,1.3,2014-08-27,1401,Terra,MODIS,43,6.2,294.4,12.2,N,0
-12.3833,133.6987,303.9,1.6,1.3,2014-08-27,1401,Terra,MODIS,10,6.2,293.3,8.8,N,0
-12.7442,131.8369,303.4,1.2,1.1,2014-08-27,1401,Terra,MODIS,32,6.2,292.6,7,N,0
-12.7344,131.8353,312.5,1.2,1.1,2014-08-27,1401,Terra,MODIS,85,6.2,293.3,15.1,N,0
-12.7327,131.8465,305.8,1.2,1.1,2014-08-27,1401,Terra,MODIS,51,6.2,292.5,8.9,N,0
-12.9482,132.3738,310.2,1.3,1.1,2014-08-27,1401,Terra,MODIS,79,6.2,291.6,14.9,N,0
-12.4171,133.704,310.1,1.6,1.3,2014-08-27,1401,Terra,MODIS,79,6.2,293.4,16.9,N,0
-13.4646,132.4715,306.2,1.3,1.1,2014-08-27,1401,Terra,MODIS,56,6.2,293.2,8.9,N,0
-13.4323,132.4783,308.8,1.3,1.1,2014-08-27,1401,Terra,MODIS,73,6.2,294.4,10.7,N,0
-13.4342,132.4665,303.6,1.3,1.1,2014-08-27,1401,Terra,MODIS,17,6.2,292.8,6,N,0
-13.5012,132.369,304,1.3,1.1,2014-08-27,1401,Terra,MODIS,19,6.2,293.2,6.4,N,0
-13.3381,132.3596,305.8,1.3,1.1,2014-08-27,1401,Terra,MODIS,24,6.2,294.6,7.3,N,0
-13.3401,132.3542,304.4,1.3,1.1,2014-08-27,1401,Terra,MODIS,23,6.2,293.9,6.1,N,0
-13.0139,131.9459,306.1,1.2,1.1,2014-08-27,1401,Terra,MODIS,67,6.2,290.7,9.6,N,0
-13.0156,131.9347,317.5,1.2,1.1,2014-08-27,1401,Terra,MODIS,95,6.2,291.5,21.4,N,0
-15.4201,132.9884,331.7,1.3,1.1,2014-08-27,1401,Terra,MODIS,100,6.2,291.7,47.1,N,0
-15.4182,133.0005,307.8,1.3,1.1,2014-08-27,1401,Terra,MODIS,72,6.2,289.4,13.1,N,0
-15.4163,133.0126,300.3,1.3,1.1,2014-08-27,1401,Terra,MODIS,25,6.2,288.3,7.4,N,0
-15.4245,133.0266,318.9,1.3,1.1,2014-08-27,1401,Terra,MODIS,98,6.2,291.1,25.8,N,0
-15.4226,133.0387,319.9,1.3,1.1,2014-08-27,1401,Terra,MODIS,99,6.2,291.1,28.1,N,0
-14.2143,133.6898,302.9,1.5,1.2,2014-08-27,1401,Terra,MODIS,52,6.2,288.6,11.1,N,0
-14.212,133.7037,302.6,1.5,1.2,2014-08-27,1401,Terra,MODIS,48,6.2,288.8,10.7,N,0
-15.4175,132.9386,301.3,1.3,1.1,2014-08-27,1401,Terra,MODIS,40,6.2,288.7,7.5,N,0
-15.422,132.9764,329.5,1.3,1.1,2014-08-27,1401,Terra,MODIS,100,6.2,291.4,42.6,N,0
-12.3328,132.7802,340.5,1.4,1.2,2014-08-27,1401,Terra,MODIS,100,6.2,294.7,74.1,N,0
-13.4911,132.3674,309.3,1.3,1.1,2014-08-27,1401,Terra,MODIS,68,6.2,292.8,11,N,0
-13.3016,132.3358,324.9,1.3,1.1,2014-08-27,1401,Terra,MODIS,100,6.2,294.4,31.7,N,0
-13.3117,132.3375,304.6,1.3,1.1,2014-08-27,1401,Terra,MODIS,52,6.2,293.4,7.4,N,0
-15.4257,133.1528,310.8,1.3,1.1,2014-08-27,1401,Terra,MODIS,81,6.2,289.8,16.4,N,0
-15.424,133.1457,301.4,1.3,1.1,2014-08-27,1401,Terra,MODIS,18,6.2,288.9,7.1,N,0
-15.422,133.1581,310.1,1.3,1.1,2014-08-27,1401,Terra,MODIS,79,6.2,289.6,15.6,N,0
-16.3936,123.9155,314.4,1.9,1.4,2014-08-27,1401,Terra,MODIS,89,6.2,293.5,31.9,N,0
-15.081,125.6773,329,1.4,1.2,2014-08-27,1401,Terra,MODIS,100,6.2,291.6,45.2,N,0
-16.4072,123.9421,312.9,1.9,1.4,2014-08-27,1401,Terra,MODIS,86,6.2,293.5,27.7,N,0
-16,128.9589,311,1,1,2014-08-27,1401,Terra,MODIS,82,6.2,295.5,9.4,N,0
-16.5861,123.9327,305,1.9,1.4,2014-08-27,1401,Terra,MODIS,62,6.2,291.7,18.4,N,0
-16.5894,123.9394,308.8,1.9,1.4,2014-08-27,1401,Terra,MODIS,76,6.2,292.3,24.6,N,0
-16.4036,123.9351,320.7,1.9,1.4,2014-08-27,1401,Terra,MODIS,100,6.2,294,45.5,N,0
-16.3914,123.9335,310,1.9,1.4,2014-08-27,1401,Terra,MODIS,79,6.2,294,23.3,N,0
-16.4092,123.9242,309.4,1.9,1.4,2014-08-27,1401,Terra,MODIS,70,6.2,292.8,21,N,0
-15.0793,125.6901,309.5,1.4,1.2,2014-08-27,1401,Terra,MODIS,59,6.2,291.4,15.2,N,0
-15.0705,125.6758,304.7,1.4,1.2,2014-08-27,1401,Terra,MODIS,38,6.2,288.4,10.4,N,0
-12.1685,132.8931,314.9,1.4,1.2,2014-08-27,1401,Terra,MODIS,18,6.2,293.4,17.5,N,0
-12.1564,132.8717,322.4,1.4,1.2,2014-08-27,1401,Terra,MODIS,100,6.2,294.5,31,N,0
-12.1727,132.8669,316.6,1.4,1.2,2014-08-27,1401,Terra,MODIS,8,6.2,294.8,20.9,N,0
-13.0648,134.2442,301.3,1.7,1.3,2014-08-27,1401,Terra,MODIS,39,6.2,288.1,12.6,N,0
-12.1458,132.8699,310.4,1.4,1.2,2014-08-27,1401,Terra,MODIS,37,6.2,293.5,14.3,N,0
-12.1706,132.8799,325.4,1.4,1.2,2014-08-27,1401,Terra,MODIS,94,6.2,295,34.9,N,0
-12.3434,132.782,319.9,1.4,1.2,2014-08-27,1401,Terra,MODIS,99,6.2,292.9,29.1,N,0
-12.3414,132.795,312.9,1.4,1.2,2014-08-27,1401,Terra,MODIS,86,6.2,293,19,N,0
-12.3308,132.7932,302.4,1.4,1.2,2014-08-27,1401,Terra,MODIS,49,6.2,290.9,8,N,0
-12.3478,132.7886,323.9,1.4,1.2,2014-08-27,1401,Terra,MODIS,100,6.2,293,36,N,0
-12.1813,132.8818,314.9,1.4,1.2,2014-08-27,1401,Terra,MODIS,75,6.2,293.8,20.3,N,0
-15.7881,130.4435,310.7,1,1,2014-08-27,1401,Terra,MODIS,81,6.2,294.7,9.6,N,0
-12.1494,132.8763,326.4,1.4,1.2,2014-08-27,1401,Terra,MODIS,100,6.2,294.5,38.5,N,0
-11.3387,132.4557,305.4,1.4,1.2,2014-08-27,1402,Terra,MODIS,26,6.2,293.7,7.9,N,0
-11.3317,132.3643,304.6,1.4,1.2,2014-08-27,1402,Terra,MODIS,44,6.2,293.2,8.4,N,0
-11.3441,132.3534,316.3,1.4,1.2,2014-08-27,1402,Terra,MODIS,93,6.2,294.6,21,N,0
-11.3322,132.4287,306,1.4,1.2,2014-08-27,1402,Terra,MODIS,34,6.2,293.4,8.6,N,0
-11.3421,132.3659,312.9,1.4,1.2,2014-08-27,1402,Terra,MODIS,86,6.2,294.5,16.6,N,0
-13.4795,132.3719,314.5,2.3,1.5,2014-08-27,1704,Aqua,MODIS,89,6.2,291.1,42.7,N,0
-11.3273,132.4335,308.1,2.1,1.4,2014-08-27,1704,Aqua,MODIS,59,6.2,292.2,24.7,N,0
-13.4392,132.4822,302.4,2.3,1.5,2014-08-27,1704,Aqua,MODIS,49,6.2,291.3,16.7,N,0
-11.327,132.4386,307.9,2.1,1.4,2014-08-27,1704,Aqua,MODIS,33,6.2,292.1,21.3,N,0
-13.4795,132.3878,304.7,2.3,1.5,2014-08-27,1704,Aqua,MODIS,55,6.2,291.1,19.4,N,0
-13.4771,132.3669,309.5,2.3,1.5,2014-08-27,1704,Aqua,MODIS,78,6.2,291.1,30.1,N,0
-11.3329,132.3739,305.3,2.1,1.4,2014-08-27,1704,Aqua,MODIS,26,6.2,291.8,19.7,N,0
-12.1749,132.8622,300.5,2.4,1.5,2014-08-27,1704,Aqua,MODIS,12,6.2,290.4,16.6,N,0
-12.1347,132.8667,301.8,2.4,1.5,2014-08-27,1704,Aqua,MODIS,26,6.2,291.1,17.6,N,0
-12.1642,132.8853,315.4,2.4,1.5,2014-08-27,1704,Aqua,MODIS,84,6.2,292.4,47.2,N,0
-12.1374,132.8885,308.4,2.4,1.5,2014-08-27,1704,Aqua,MODIS,74,6.2,290.3,31.7,N,0
-12.1615,132.8636,322.5,2.4,1.5,2014-08-27,1704,Aqua,MODIS,100,6.2,292.8,70.4,N,0
-12.1508,132.8869,314.5,2.4,1.5,2014-08-27,1704,Aqua,MODIS,59,6.2,291.9,43.9,N,0
-12.1481,132.8653,318.3,2.4,1.5,2014-08-27,1704,Aqua,MODIS,79,6.2,293,56.1,N,0
-12.1776,132.8837,314.7,2.4,1.5,2014-08-27,1704,Aqua,MODIS,90,6.2,291.6,49.7,N,0
-12.172,132.8774,317.8,2.4,1.5,2014-08-27,1704,Aqua,MODIS,96,6.2,292.2,58.3,N,0
-12.1746,132.8994,301.2,2.4,1.5,2014-08-27,1704,Aqua,MODIS,15,6.2,289.7,16.9,N,0
-12.3341,132.7867,306,2.3,1.5,2014-08-27,1704,Aqua,MODIS,66,6.2,290,28.2,N,0
-12.3448,132.8004,302,2.4,1.5,2014-08-27,1704,Aqua,MODIS,12,6.2,290.4,18.1,N,0
-15.9385,128.7898,309.2,1.4,1.2,2014-08-27,1705,Aqua,MODIS,77,6.2,293.9,14.4,N,0
-15.0327,126.1977,308.2,1,1,2014-08-27,1705,Aqua,MODIS,74,6.2,289.3,10.3,N,0
-14.9649,126.1119,312.6,1,1,2014-08-27,1705,Aqua,MODIS,85,6.2,285.5,13.1,N,0
-14.9766,126.1293,305,1,1,2014-08-27,1705,Aqua,MODIS,63,6.2,285.4,8.7,N,0
-15.1552,125.7086,303.9,1,1,2014-08-27,1705,Aqua,MODIS,57,6.2,288.5,6.9,N,0
-15.1696,126.1937,301.6,1,1,2014-08-27,1705,Aqua,MODIS,43,6.2,286.9,6.3,N,0
-16.39,123.9198,323.4,1,1,2014-08-27,1705,Aqua,MODIS,94,6.2,293.8,19.9,N,0
-16.402,123.9375,307.4,1,1,2014-08-27,1705,Aqua,MODIS,14,6.2,292.9,7.3,N,0
-16.5873,123.944,308.9,1,1,2014-08-27,1705,Aqua,MODIS,76,6.2,292.1,10.4,N,0
-16.5383,123.741,300,1,1,2014-08-27,1705,Aqua,MODIS,5,6.2,288,4.9,N,0
-16.3822,123.9267,330.3,1,1,2014-08-27,1705,Aqua,MODIS,86,6.2,297,27.9,N,0
-18.9802,122.1587,328.5,1.1,1.1,2014-08-27,1706,Aqua,MODIS,100,6.2,287.8,34.8,N,0
-18.969,122.1497,317.5,1.1,1.1,2014-08-27,1706,Aqua,MODIS,93,6.2,285.2,20.4,N,0
-18.9707,122.1604,326.9,1.1,1.1,2014-08-27,1706,Aqua,MODIS,100,6.2,285.6,32,N,0
-18.9785,122.1481,307,1.1,1.1,2014-08-27,1706,Aqua,MODIS,51,6.2,285.6,11.3,N,0
-18.9975,122.1448,310.4,1.1,1.1,2014-08-27,1706,Aqua,MODIS,59,6.2,285.1,13.8,N,0
-19.0477,122.0921,308.5,1.1,1.1,2014-08-27,1706,Aqua,MODIS,75,6.2,284.8,12.7,N,0
-19.0576,122.0625,314.7,1.1,1.1,2014-08-27,1706,Aqua,MODIS,90,6.2,284.9,19.1,N,0
-19.0593,122.0732,310.8,1.1,1.1,2014-08-27,1706,Aqua,MODIS,81,6.2,284.6,15.4,N,0
-17.6186,127.7117,317.9,1.2,1.1,2014-08-27,1706,Aqua,MODIS,96,6.2,288.1,23.5,N,0
-17.5865,127.7754,308.1,1.2,1.1,2014-08-27,1706,Aqua,MODIS,70,6.2,285.1,13.5,N,0
-17.6277,127.7812,308.2,1.2,1.1,2014-08-27,1706,Aqua,MODIS,74,6.2,287,13.8,N,0
-17.6216,127.7348,300.2,1.2,1.1,2014-08-27,1706,Aqua,MODIS,12,6.2,287.1,6.8,N,0
-17.6262,127.7695,307.3,1.2,1.1,2014-08-27,1706,Aqua,MODIS,71,6.2,286.6,13,N,0
-17.6201,127.7231,312.8,1.2,1.1,2014-08-27,1706,Aqua,MODIS,86,6.2,288.6,17.8,N,0
-22.937,122.6348,302.6,1,1,2014-08-27,1707,Aqua,MODIS,35,6.2,286.7,7.4,N,0
-22.9385,122.6447,306.5,1,1,2014-08-27,1707,Aqua,MODIS,68,6.2,285.6,9.8,N,0
-22.9777,122.7187,303.8,1,1,2014-08-27,1707,Aqua,MODIS,57,6.2,279.8,9.4,N,0
-20.9098,119.6386,308,1.5,1.2,2014-08-27,1707,Aqua,MODIS,73,6.2,289.5,16.5,N,0
-21.0926,120.7195,304.2,1.3,1.1,2014-08-27,1707,Aqua,MODIS,40,6.2,288,9.3,N,0
-21.4012,120.0661,310.9,1.3,1.2,2014-08-27,1707,Aqua,MODIS,81,6.2,287.9,18,N,0
-21.0965,120.7433,302.7,1.2,1.1,2014-08-27,1707,Aqua,MODIS,31,6.2,286.1,8.5,N,0
-21.4544,120.0024,301.5,1.4,1.2,2014-08-27,1707,Aqua,MODIS,42,6.2,284.9,10.6,N,0
-21.3941,120.061,313.3,1.4,1.2,2014-08-27,1707,Aqua,MODIS,87,6.2,288.7,21.4,N,0
-13.4083,141.6255,330.8,1,1,2014-08-28,0051,Terra,MODIS,0,6.2,304.6,19.9,D,0
-12.1772,132.8569,336.9,4.1,1.9,2014-08-28,0051,Terra,MODIS,72,6.2,300.7,226.2,D,0
-12.1468,132.8552,356.9,4.1,1.9,2014-08-28,0051,Terra,MODIS,98,6.2,303.6,527.6,D,0
-12.3841,143.0936,325,1,1,2014-08-28,0051,Terra,MODIS,71,6.2,301.6,15.3,D,0
-12.2233,136.4322,331.1,2.2,1.4,2014-08-28,0051,Terra,MODIS,84,6.2,301.7,71.3,D,0
-11.3224,132.3757,358.7,4.6,2,2014-08-28,0051,Terra,MODIS,99,6.2,301.9,685.3,D,0
-11.3401,132.3727,347.2,4.6,2,2014-08-28,0051,Terra,MODIS,94,6.2,302.9,450.4,D,0
-11.321,132.3679,358,4.6,2,2014-08-28,0051,Terra,MODIS,99,6.2,302,686.6,D,0
-11.3387,132.365,356.7,4.6,2,2014-08-28,0051,Terra,MODIS,98,6.2,303.4,653.5,D,0
-12.2221,142.9932,323,1,1,2014-08-28,0051,Terra,MODIS,73,6.2,300.6,14.4,D,0
-12.2974,136.6334,315.6,2.1,1.4,2014-08-28,0051,Terra,MODIS,50,6.2,301.9,18.7,D,0
-13.3992,141.6269,327,1,1,2014-08-28,0051,Terra,MODIS,58,6.2,308.6,17.4,D,0
-11.3301,132.4176,328.5,4.6,2,2014-08-28,0051,Terra,MODIS,70,6.2,300.9,169.4,D,0
-12.2208,142.9841,319.9,1,1,2014-08-28,0051,Terra,MODIS,68,6.2,300.4,11.5,D,0
-12.184,132.8944,327.6,4.1,1.9,2014-08-28,0051,Terra,MODIS,36,6.2,302.7,133.4,D,0
-11.7747,133.0367,318,4.1,1.9,2014-08-28,0051,Terra,MODIS,67,6.2,302.4,70,D,0
-12.3951,143.1042,328,1,1,2014-08-28,0051,Terra,MODIS,58,6.2,303.2,16.9,D,0
-12.404,143.1029,322.9,1,1,2014-08-28,0051,Terra,MODIS,73,6.2,302.3,12.2,D,0
-12.453,143.1236,323.9,1,1,2014-08-28,0051,Terra,MODIS,74,6.2,301.9,14.1,D,0
-12.4687,143.168,318.2,1,1,2014-08-28,0051,Terra,MODIS,59,6.2,300.4,8.3,D,0
-11.7511,133.0025,325.4,4.1,1.9,2014-08-28,0051,Terra,MODIS,78,6.2,303.3,127.3,D,0
-11.329,132.4097,329.2,4.6,2,2014-08-28,0051,Terra,MODIS,79,6.2,300.8,185.4,D,0
-11.7441,132.9652,327.6,4.1,1.9,2014-08-28,0051,Terra,MODIS,80,6.2,301.6,147,D,0
-12.2522,135.5286,313.7,2.6,1.5,2014-08-28,0051,Terra,MODIS,56,6.2,302.5,17.1,D,0
-12.2858,142.3075,322,1,1,2014-08-28,0051,Terra,MODIS,50,6.2,304.4,8,D,0
-12.2782,142.3181,324.5,1,1,2014-08-28,0051,Terra,MODIS,71,6.2,304.3,11.2,D,0
-12.3051,142.9934,327.3,1,1,2014-08-28,0051,Terra,MODIS,78,6.2,302.4,16.3,D,0
-12.3038,142.9843,332.2,1,1,2014-08-28,0051,Terra,MODIS,83,6.2,301.4,23.2,D,0
-12.3281,132.776,324.1,4.1,1.9,2014-08-28,0051,Terra,MODIS,60,6.2,300.3,117.9,D,0
-11.7404,132.9717,334,4.1,1.9,2014-08-28,0051,Terra,MODIS,86,6.2,301.8,212.3,D,0
-11.7471,133.009,321.2,4.1,1.9,2014-08-28,0051,Terra,MODIS,69,6.2,302.2,93.1,D,0
-11.3369,132.4514,325.7,4.6,2,2014-08-28,0051,Terra,MODIS,70,6.2,301.3,146.4,D,0
-13.6152,141.8969,320.4,1,1,2014-08-28,0051,Terra,MODIS,60,6.2,305.9,9.1,D,0
-14.0641,143.5078,328.9,1,1,2014-08-28,0051,Terra,MODIS,80,6.2,308.1,17.2,D,0
-11.3378,132.4592,324.4,4.6,2,2014-08-28,0051,Terra,MODIS,65,6.2,301,128.9,D,0
-11.4675,142.4408,324,1,1,2014-08-28,0051,Terra,MODIS,77,6.2,299,14.6,D,0
-13.0942,141.8623,326.8,1,1,2014-08-28,0051,Terra,MODIS,76,6.2,304.3,17.5,D,0
-13.0928,141.853,315.3,1,1,2014-08-28,0051,Terra,MODIS,44,6.2,303.2,6,D,0
-13.6019,141.8704,331.4,1,1,2014-08-28,0051,Terra,MODIS,82,6.2,306.7,21,D,0
-11.5596,142.502,314.7,1,1,2014-08-28,0051,Terra,MODIS,21,6.2,295.8,6.4,D,0
-13.6033,141.8797,330.4,1,1,2014-08-28,0051,Terra,MODIS,81,6.2,307.4,19.5,D,0
-11.3147,132.3335,327.6,4.7,2,2014-08-28,0051,Terra,MODIS,74,6.2,299.5,175.7,D,0
-12.3098,141.7353,319,1,1,2014-08-28,0051,Terra,MODIS,64,6.2,305.2,8.6,D,0
-12.1673,132.8976,323.8,4.1,1.9,2014-08-28,0051,Terra,MODIS,45,6.2,304,104.4,D,0
-11.3324,132.3304,320.5,4.7,2,2014-08-28,0051,Terra,MODIS,68,6.2,300.2,111.7,D,0
-12.1437,132.8636,359.4,4.1,1.9,2014-08-28,0051,Terra,MODIS,99,6.2,304.6,584.4,D,0
-11.5361,142.468,322,1,1,2014-08-28,0051,Terra,MODIS,66,6.2,297.9,12,D,0
-13.0877,141.7579,319.9,1,1,2014-08-28,0051,Terra,MODIS,33,6.2,305.3,9,D,0
-12.3884,132.7955,329.3,4.1,1.9,2014-08-28,0051,Terra,MODIS,82,6.2,301.2,160.2,D,0
-12.3084,141.7258,319.6,1,1,2014-08-28,0051,Terra,MODIS,66,6.2,303.4,9.3,D,0
-12.3716,132.7987,323.2,4.1,1.9,2014-08-28,0051,Terra,MODIS,59,6.2,299,106.4,D,0
-12.1128,141.8902,324.5,1,1,2014-08-28,0051,Terra,MODIS,75,6.2,303,12.9,D,0
-12.3923,132.789,324,4.1,1.9,2014-08-28,0051,Terra,MODIS,77,6.2,301.9,116.6,D,0
-12.3814,132.7581,333.1,4.1,1.9,2014-08-28,0051,Terra,MODIS,85,6.2,300.9,197.7,D,0
-12.3646,132.7613,333.5,4.1,1.9,2014-08-28,0051,Terra,MODIS,85,6.2,301.6,205.3,D,0
-12.3851,132.7516,319.1,4.1,1.9,2014-08-28,0051,Terra,MODIS,65,6.2,300.5,75.4,D,0
-12.4813,141.9523,336.7,1,1,2014-08-28,0051,Terra,MODIS,87,6.2,304.5,28.6,D,0
-12.284,143.0399,355.7,1,1,2014-08-28,0051,Terra,MODIS,98,6.2,303.4,63,D,0
-12.4717,134.095,315.2,3.3,1.7,2014-08-28,0051,Terra,MODIS,48,6.2,303.3,34.1,D,0
-12.4293,133.6929,318.9,3.5,1.8,2014-08-28,0051,Terra,MODIS,69,6.2,301.6,59.4,D,0
-12.2571,143.0439,329.9,1,1,2014-08-28,0051,Terra,MODIS,66,6.2,300.2,20.4,D,0
-12.5658,142.2086,347.1,1,1,2014-08-28,0051,Terra,MODIS,93,6.2,303.2,45.3,D,0
-12.2454,143.027,326.8,1,1,2014-08-28,0051,Terra,MODIS,72,6.2,301.9,17.1,D,0
-12.6271,134.2704,315.6,3.1,1.7,2014-08-28,0051,Terra,MODIS,63,6.2,302.9,38.4,D,0
-12.4945,133.1868,319.3,3.8,1.8,2014-08-28,0051,Terra,MODIS,70,6.2,303.8,69.3,D,0
-13.0911,141.719,322.4,1,1,2014-08-28,0051,Terra,MODIS,45,6.2,307.1,11.1,D,0
-12.4827,141.9616,346.8,1,1,2014-08-28,0051,Terra,MODIS,93,6.2,306.6,47,D,0
-12.5531,136.6733,311.5,2.1,1.4,2014-08-28,0051,Terra,MODIS,37,6.2,299.9,14.2,D,0
-12.3029,143.0404,333.3,1,1,2014-08-28,0051,Terra,MODIS,75,6.2,301.7,23.8,D,0
-12.4441,132.9695,314.6,4,1.9,2014-08-28,0051,Terra,MODIS,61,6.2,301.6,50.4,D,0
-12.6296,134.2768,317.1,3.1,1.7,2014-08-28,0051,Terra,MODIS,66,6.2,302.7,42.4,D,0
-12.4601,134.1029,313,3.3,1.7,2014-08-28,0051,Terra,MODIS,40,6.2,302,25.2,D,0
-12.2813,143.0217,330.4,1,1,2014-08-28,0051,Terra,MODIS,82,6.2,301,18.3,D,0
-12.4351,133.7245,325.2,3.5,1.8,2014-08-28,0051,Terra,MODIS,78,6.2,301.4,101.3,D,0
-13.0883,141.7002,328,1,1,2014-08-28,0051,Terra,MODIS,78,6.2,303.7,19,D,0
-11.7908,142.57,331,1,1,2014-08-28,0051,Terra,MODIS,83,6.2,296.2,22.9,D,0
-12.8264,142.9062,320.2,1,1,2014-08-28,0051,Terra,MODIS,57,6.2,303.5,9.7,D,0
-12.5582,142.2192,353.4,1,1,2014-08-28,0051,Terra,MODIS,97,6.2,310.2,56.9,D,0
-12.2939,143.0417,331.2,1,1,2014-08-28,0051,Terra,MODIS,45,6.2,300.7,20.6,D,0
-12.3819,133.7003,313.9,3.5,1.8,2014-08-28,0051,Terra,MODIS,46,6.2,302.6,33.9,D,0
-12.4409,133.7559,319.7,3.5,1.8,2014-08-28,0051,Terra,MODIS,71,6.2,301.2,62.7,D,0
-12.2134,142.3155,318.3,1,1,2014-08-28,0051,Terra,MODIS,34,6.2,303.4,4.4,D,0
-13.0677,141.6261,345.7,1,1,2014-08-28,0051,Terra,MODIS,0,6.2,303.2,49.2,D,0
-11.8053,142.6052,337.8,1,1,2014-08-28,0051,Terra,MODIS,88,6.2,297.6,28.8,D,0
-12.8353,142.9049,320,1,1,2014-08-28,0051,Terra,MODIS,63,6.2,302.9,9.8,D,0
-12.5672,142.2178,354.1,1,1,2014-08-28,0051,Terra,MODIS,97,6.2,305.5,60.3,D,0
-12.3594,133.7822,321,3.5,1.8,2014-08-28,0051,Terra,MODIS,72,6.2,302.6,73.3,D,0
-12.6639,142.0641,342.1,1,1,2014-08-28,0051,Terra,MODIS,90,6.2,307.8,38.1,D,0
-11.7922,142.5791,326.6,1,1,2014-08-28,0051,Terra,MODIS,47,6.2,298.7,16.5,D,0
-12.212,142.3063,334.5,1,1,2014-08-28,0051,Terra,MODIS,85,6.2,304,23.7,D,0
-13.0897,141.7096,328.2,1,1,2014-08-28,0051,Terra,MODIS,78,6.2,306,18.9,D,0
-11.8039,142.5961,343.5,1,1,2014-08-28,0051,Terra,MODIS,92,6.2,297.3,39.1,D,0
-13.0692,141.6355,332.6,1,1,2014-08-28,0051,Terra,MODIS,78,6.2,303.4,26.9,D,0
-11.8067,142.6143,333,1,1,2014-08-28,0051,Terra,MODIS,85,6.2,298.6,22.4,D,0
-12.934,136.0606,314.7,2.3,1.5,2014-08-28,0051,Terra,MODIS,60,6.2,300.7,21.7,D,0
-12.5416,142.2312,362.3,1,1,2014-08-28,0051,Terra,MODIS,100,6.2,307.7,80.1,D,0
-12.4135,133.6954,331.9,3.5,1.8,2014-08-28,0051,Terra,MODIS,84,6.2,302.8,145.6,D,0
-12.4557,132.9734,312.6,4,1.9,2014-08-28,0051,Terra,MODIS,53,6.2,301.3,38.2,D,0
-12.4754,134.1002,314.8,3.3,1.7,2014-08-28,0051,Terra,MODIS,56,6.2,303.1,33,D,0
-11.786,142.5988,329.1,1,1,2014-08-28,0051,Terra,MODIS,50,6.2,300.8,18,D,0
-12.5402,142.222,351.8,1,1,2014-08-28,0051,Terra,MODIS,96,6.2,304,52.4,D,0
-11.808,142.6235,324.1,1,1,2014-08-28,0051,Terra,MODIS,75,6.2,298.8,12,D,0
-12.2328,142.3219,320.5,1,1,2014-08-28,0051,Terra,MODIS,56,6.2,304.7,6.2,D,0
-12.5533,142.2483,328.6,1,1,2014-08-28,0051,Terra,MODIS,43,6.2,305.3,15.4,D,0
-12.5568,142.21,366.1,1,1,2014-08-28,0051,Terra,MODIS,100,6.2,310.5,93.2,D,0
-12.3565,135.7609,316,2.4,1.5,2014-08-28,0051,Terra,MODIS,62,6.2,302.6,24.1,D,0
-12.4202,133.7004,341.3,3.5,1.8,2014-08-28,0051,Terra,MODIS,90,6.2,302.9,228.4,D,0
-14.8454,145.0091,320.5,1.2,1.1,2014-08-28,0052,Terra,MODIS,48,6.2,304.9,11.8,D,0
-15.4224,135.5364,320.2,2.2,1.4,2014-08-28,0052,Terra,MODIS,33,6.2,306.4,25.2,D,0
-15.9654,136.5562,363,1.8,1.3,2014-08-28,0052,Terra,MODIS,100,6.2,310.5,194,D,0
-15.9077,135.6767,352.1,2.1,1.4,2014-08-28,0052,Terra,MODIS,96,6.2,306.3,175.7,D,0
-15.9914,136.5963,330.4,1.8,1.3,2014-08-28,0052,Terra,MODIS,56,6.2,307.2,43,D,0
-15.1114,145.2373,321.1,1.2,1.1,2014-08-28,0052,Terra,MODIS,0,6.2,300.2,18.7,D,0
-15.9856,136.5629,345.3,1.8,1.3,2014-08-28,0052,Terra,MODIS,92,6.2,305,100.3,D,0
-15.9042,135.6573,321.9,2.1,1.4,2014-08-28,0052,Terra,MODIS,69,6.2,303.8,35.1,D,0
-16.2731,144.6409,320,1.2,1.1,2014-08-28,0052,Terra,MODIS,35,6.2,306.4,11.4,D,0
-14.8497,142.3318,322.9,1,1,2014-08-28,0052,Terra,MODIS,69,6.2,305.3,12.7,D,0
-15.9738,136.5651,377,1.8,1.3,2014-08-28,0052,Terra,MODIS,100,6.2,313.5,307.7,D,0
-15.9708,136.5482,360.3,1.8,1.3,2014-08-28,0052,Terra,MODIS,100,6.2,306,181.3,D,0
-15.9739,136.6065,336,1.8,1.3,2014-08-28,0052,Terra,MODIS,65,6.2,308.1,53.2,D,0
-15.42,135.53,319.1,2.2,1.4,2014-08-28,0052,Terra,MODIS,41,6.2,306.7,23.6,D,0
-15.9046,135.6628,337.7,2.1,1.4,2014-08-28,0052,Terra,MODIS,88,6.2,304.6,94.7,D,0
-16.071,144.5059,330.3,1.2,1.1,2014-08-28,0052,Terra,MODIS,55,6.2,307,22.6,D,0
-16.1495,136.6977,323.6,1.8,1.3,2014-08-28,0052,Terra,MODIS,48,6.2,307.2,22.7,D,0
-16.2373,144.6682,323.2,1.2,1.1,2014-08-28,0052,Terra,MODIS,57,6.2,305.2,15.8,D,0
-15.908,135.6827,346.3,2.1,1.4,2014-08-28,0052,Terra,MODIS,93,6.2,305.6,138.1,D,0
-16.0818,144.487,317.2,1.2,1.1,2014-08-28,0052,Terra,MODIS,62,6.2,304.4,10.2,D,0
-16.123,136.7527,321.4,1.7,1.3,2014-08-28,0052,Terra,MODIS,50,6.2,305.6,22.7,D,0
-16.0173,136.7444,319.4,1.8,1.3,2014-08-28,0052,Terra,MODIS,53,6.2,307.4,16.1,D,0
-16.0821,144.5152,323.6,1.2,1.1,2014-08-28,0052,Terra,MODIS,46,6.2,307.6,14.3,D,0
-15.353,144.7674,334.7,1.2,1.1,2014-08-28,0052,Terra,MODIS,85,6.2,306.9,33.2,D,0
-16.0777,144.4831,321.9,1.1,1.1,2014-08-28,0052,Terra,MODIS,55,6.2,303.9,13.6,D,0
-18.0248,145.8239,330.5,1.5,1.2,2014-08-28,0052,Terra,MODIS,83,6.2,304.6,39.5,D,0
-12.501,133.1803,316.7,3.8,1.8,2014-08-28,0052,Terra,MODIS,64,6.2,303.3,54.4,D,0
-16.0861,144.519,317.4,1.2,1.1,2014-08-28,0052,Terra,MODIS,52,6.2,307.4,9.8,D,0
-16.1262,136.7019,325.7,1.8,1.3,2014-08-28,0052,Terra,MODIS,46,6.2,306.7,29.5,D,0
-18.0265,145.8376,314.9,1.5,1.2,2014-08-28,0052,Terra,MODIS,60,6.2,302.6,11.5,D,0
-15.9767,136.5818,333.1,1.8,1.3,2014-08-28,0052,Terra,MODIS,32,6.2,310.1,47.2,D,0
-14.8424,144.9874,327.7,1.2,1.1,2014-08-28,0052,Terra,MODIS,70,6.2,305.1,19.6,D,0
-16.2701,144.6189,323.5,1.2,1.1,2014-08-28,0052,Terra,MODIS,63,6.2,305.9,16.5,D,0
-16.1936,144.5636,319,1.2,1.1,2014-08-28,0052,Terra,MODIS,68,6.2,305,12,D,0
-16.1648,136.7383,327.5,1.7,1.3,2014-08-28,0052,Terra,MODIS,79,6.2,306.6,36.9,D,0
-14.8576,144.9343,317.5,1.2,1.1,2014-08-28,0052,Terra,MODIS,45,6.2,304.7,9.4,D,0
-14.6775,144.5296,316.8,1.1,1.1,2014-08-28,0052,Terra,MODIS,60,6.2,305.9,7.9,D,0
-14.6789,144.5399,323.6,1.1,1.1,2014-08-28,0052,Terra,MODIS,74,6.2,304.8,16,D,0
-15.4274,135.4224,325.8,2.3,1.5,2014-08-28,0052,Terra,MODIS,78,6.2,304.2,45.6,D,0
-16.1816,135.8034,320.6,2,1.4,2014-08-28,0052,Terra,MODIS,59,6.2,307.5,22.3,D,0
-16.1694,136.7443,325.9,1.7,1.3,2014-08-28,0052,Terra,MODIS,77,6.2,305.3,33.7,D,0
-15.3019,135.0051,316.5,2.4,1.5,2014-08-28,0052,Terra,MODIS,45,6.2,304.9,18.8,D,0
-16.1608,144.5631,321.9,1.2,1.1,2014-08-28,0052,Terra,MODIS,73,6.2,304.8,14.9,D,0
-15.457,135.4379,317.8,2.3,1.5,2014-08-28,0052,Terra,MODIS,58,6.2,305.1,21.3,D,0
-15.4059,135.5183,322.4,2.2,1.4,2014-08-28,0052,Terra,MODIS,48,6.2,305.5,34.5,D,0
-15.3515,144.7564,329.3,1.2,1.1,2014-08-28,0052,Terra,MODIS,81,6.2,304.7,24.8,D,0
-16.1807,135.8104,323.7,2,1.4,2014-08-28,0052,Terra,MODIS,75,6.2,307.2,32.7,D,0
-16.2687,144.6082,315.3,1.2,1.1,2014-08-28,0052,Terra,MODIS,40,6.2,303.2,8.4,D,0
-15.9885,136.5797,370.1,1.8,1.3,2014-08-28,0052,Terra,MODIS,100,6.2,308.6,249.8,D,0
-15.4033,135.5119,320,2.2,1.4,2014-08-28,0052,Terra,MODIS,38,6.2,305.1,28.3,D,0
-16.0836,144.5258,321.1,1.2,1.1,2014-08-28,0052,Terra,MODIS,64,6.2,305.2,12.3,D,0
-16.25,144.6888,324,1.2,1.1,2014-08-28,0052,Terra,MODIS,76,6.2,305.9,16.5,D,0
-16.2485,144.6778,320.9,1.2,1.1,2014-08-28,0052,Terra,MODIS,59,6.2,306.3,12.7,D,0
-15.5188,145.0808,322.8,1.2,1.1,2014-08-28,0052,Terra,MODIS,55,6.2,303.8,16.3,D,0
-16.1893,144.531,316.3,1.2,1.1,2014-08-28,0052,Terra,MODIS,57,6.2,305,9.2,D,0
-15.3672,144.7986,325.9,1.2,1.1,2014-08-28,0052,Terra,MODIS,77,6.2,307.7,18.8,D,0
-16.2402,144.6902,327.4,1.2,1.1,2014-08-28,0052,Terra,MODIS,59,6.2,307.2,19.6,D,0
-16.247,144.6669,347.4,1.2,1.1,2014-08-28,0052,Terra,MODIS,94,6.2,305.4,61,D,0
-15.5385,145.078,333.9,1.2,1.1,2014-08-28,0052,Terra,MODIS,85,6.2,304.4,34.4,D,0
-14.8409,144.9763,327.4,1.2,1.1,2014-08-28,0052,Terra,MODIS,73,6.2,304.6,20.1,D,0
-13.1423,135.2789,321.7,2.6,1.5,2014-08-28,0052,Terra,MODIS,74,6.2,302.4,47.9,D,0
-14.9001,142.2988,323.5,1,1,2014-08-28,0052,Terra,MODIS,69,6.2,307.4,11,D,0
-16.5401,145.181,314,1.3,1.1,2014-08-28,0052,Terra,MODIS,33,6.2,301.3,9.6,D,0
-15.9435,135.7309,320.9,2.1,1.4,2014-08-28,0052,Terra,MODIS,71,6.2,304.8,26.3,D,0
-15.9826,136.6151,330.1,1.8,1.3,2014-08-28,0052,Terra,MODIS,66,6.2,307.7,40.6,D,0
-16.2619,144.6312,332.7,1.2,1.1,2014-08-28,0052,Terra,MODIS,81,6.2,305.1,29.8,D,0
-14.8439,144.9983,323.4,1.2,1.1,2014-08-28,0052,Terra,MODIS,62,6.2,305.3,14.1,D,0
-15.4533,135.4171,317.3,2.3,1.5,2014-08-28,0052,Terra,MODIS,60,6.2,304.2,20.4,D,0
-16.2604,144.6203,339.5,1.2,1.1,2014-08-28,0052,Terra,MODIS,89,6.2,305.5,43.1,D,0
-16.1202,136.7365,348.9,1.8,1.3,2014-08-28,0052,Terra,MODIS,94,6.2,309.1,114.6,D,0
-14.9015,142.3081,323.5,1,1,2014-08-28,0052,Terra,MODIS,69,6.2,307.4,11,D,0
-14.8511,142.341,316.4,1,1,2014-08-28,0052,Terra,MODIS,40,6.2,305.7,6.1,D,0
-16.1677,136.7544,315.8,1.7,1.3,2014-08-28,0052,Terra,MODIS,43,6.2,305.7,11.8,D,0
-15.4109,133.0201,336.2,3.4,1.7,2014-08-28,0052,Terra,MODIS,87,6.2,306,175.2,D,0
-15.4264,133.0171,334.7,3.4,1.7,2014-08-28,0052,Terra,MODIS,86,6.2,303,162,D,0
-13.9187,136.5831,312.6,2,1.4,2014-08-28,0052,Terra,MODIS,55,6.2,300.6,14.4,D,0
-15.3641,135.1469,317.1,2.4,1.5,2014-08-28,0052,Terra,MODIS,58,6.2,306.7,22.9,D,0
-13.7148,131.7685,312.5,4.6,2,2014-08-28,0052,Terra,MODIS,53,6.2,302.3,38.9,D,0
-16.0201,136.7606,327.2,1.8,1.3,2014-08-28,0052,Terra,MODIS,78,6.2,307.5,36.9,D,0
-16.0229,136.7768,316.4,1.7,1.3,2014-08-28,0052,Terra,MODIS,24,6.2,305.8,12.5,D,0
-13.7768,131.5237,312.7,4.8,2,2014-08-28,0052,Terra,MODIS,53,6.2,301.1,61.1,D,0
-15.634,145.2621,322.9,1.2,1.1,2014-08-28,0052,Terra,MODIS,55,6.2,298,19.7,D,0
-13.8577,136.6681,311.9,2,1.4,2014-08-28,0052,Terra,MODIS,46,6.2,300.8,11.2,D,0
-13.8637,136.6546,313.5,2,1.4,2014-08-28,0052,Terra,MODIS,58,6.2,301.3,13.8,D,0
-15.6225,145.2522,355.6,1.2,1.1,2014-08-28,0052,Terra,MODIS,98,6.2,304.1,93.8,D,0
-15.6325,145.2508,336.6,1.2,1.1,2014-08-28,0052,Terra,MODIS,87,6.2,301.7,43.1,D,0
-15.4169,133.0514,318.4,3.4,1.7,2014-08-28,0052,Terra,MODIS,60,6.2,304,50.7,D,0
-13.771,131.4868,316.2,4.8,2,2014-08-28,0052,Terra,MODIS,37,6.2,300.8,77.1,D,0
-15.6333,145.2559,332.1,1.2,1.1,2014-08-28,0052,Terra,MODIS,80,6.2,300.3,34.4,D,0
-13.7682,131.4796,314,4.8,2,2014-08-28,0052,Terra,MODIS,58,6.2,300.6,70.6,D,0
-13.4407,132.3565,314.1,4.2,1.9,2014-08-28,0052,Terra,MODIS,58,6.2,302.3,35.7,D,0
-15.3561,135.1552,318.8,2.4,1.5,2014-08-28,0052,Terra,MODIS,65,6.2,306,26.9,D,0
-14.1834,133.7384,322.3,3.2,1.7,2014-08-28,0052,Terra,MODIS,43,6.2,304.2,63.2,D,0
-14.2137,133.7323,320.3,3.2,1.7,2014-08-28,0052,Terra,MODIS,26,6.2,303.2,51.1,D,0
-15.4167,133.0247,354.5,3.4,1.7,2014-08-28,0052,Terra,MODIS,97,6.2,306.5,384.2,D,0
-14.1869,133.7447,326.9,3.2,1.7,2014-08-28,0052,Terra,MODIS,69,6.2,304.8,89,D,0
-13.7154,131.7741,313.4,4.6,2,2014-08-28,0052,Terra,MODIS,57,6.2,302.2,44.6,D,0
-13.1475,135.2709,315.8,2.6,1.5,2014-08-28,0052,Terra,MODIS,59,6.2,302.8,26.1,D,0
-17.1788,139.0179,316.8,1.2,1.1,2014-08-28,0052,Terra,MODIS,46,6.2,305.1,7.8,D,0
-14.8391,144.2341,337.8,1.1,1,2014-08-28,0052,Terra,MODIS,87,6.2,305.6,32.8,D,0
-13.0671,134.2473,314.3,3.1,1.7,2014-08-28,0052,Terra,MODIS,42,6.2,301.2,32.8,D,0
-13.0457,134.8944,320,2.8,1.6,2014-08-28,0052,Terra,MODIS,72,6.2,302.6,44.5,D,0
-17.0819,138.9252,328.5,1.2,1.1,2014-08-28,0052,Terra,MODIS,80,6.2,305.1,25.2,D,0
-17.0837,138.9365,325.3,1.2,1.1,2014-08-28,0052,Terra,MODIS,76,6.2,304.7,20.2,D,0
-17.0954,138.9462,326.9,1.2,1.1,2014-08-28,0052,Terra,MODIS,72,6.2,304.7,20.8,D,0
-17.0972,138.9575,325.8,1.2,1.1,2014-08-28,0052,Terra,MODIS,59,6.2,304.5,19,D,0
-17.0974,138.9509,340.3,1.2,1.1,2014-08-28,0052,Terra,MODIS,89,6.2,305.8,45.4,D,0
-16.5901,139.3113,330,1.2,1.1,2014-08-28,0052,Terra,MODIS,53,6.2,304.4,24,D,0
-16.5998,139.3097,346.2,1.2,1.1,2014-08-28,0052,Terra,MODIS,93,6.2,305.4,56.5,D,0
-16.6012,139.3028,333.7,1.2,1.1,2014-08-28,0052,Terra,MODIS,86,6.2,304,32.8,D,0
-16.603,139.3138,326.2,1.2,1.1,2014-08-28,0052,Terra,MODIS,79,6.2,304.6,20.9,D,0
-16.5928,139.2657,323.1,1.2,1.1,2014-08-28,0052,Terra,MODIS,76,6.2,304.6,16.9,D,0
-16.5946,139.2767,324,1.2,1.1,2014-08-28,0052,Terra,MODIS,77,6.2,304.4,17.5,D,0
-16.5959,139.2698,327.1,1.2,1.1,2014-08-28,0052,Terra,MODIS,80,6.2,305.2,22.5,D,0
-17.1072,138.9492,336.9,1.2,1.1,2014-08-28,0052,Terra,MODIS,87,6.2,306.1,37.6,D,0
-17.136,139.0022,318.6,1.2,1.1,2014-08-28,0052,Terra,MODIS,49,6.2,306.2,9.9,D,0
-16.6136,139.397,333.5,1.2,1.1,2014-08-28,0052,Terra,MODIS,65,6.2,304.5,28.7,D,0
-16.6269,139.3993,319.6,1.2,1.1,2014-08-28,0052,Terra,MODIS,0,6.2,304.4,12.2,D,0
-16.6488,139.3509,317.4,1.2,1.1,2014-08-28,0052,Terra,MODIS,58,6.2,305.9,7.7,D,0
-16.6471,139.34,317.6,1.2,1.1,2014-08-28,0052,Terra,MODIS,67,6.2,304.7,8,D,0
-13.1244,135.2579,315.4,2.6,1.5,2014-08-28,0052,Terra,MODIS,36,6.2,303,23.2,D,0
-13.0688,134.2528,318.2,3.1,1.7,2014-08-28,0052,Terra,MODIS,50,6.2,301.5,46.9,D,0
-15.4056,135.0706,316.2,2.4,1.5,2014-08-28,0052,Terra,MODIS,45,6.2,304.1,22.9,D,0
-15.3089,134.9968,320.4,2.4,1.5,2014-08-28,0052,Terra,MODIS,57,6.2,305.6,30.2,D,0
-15.3961,135.0954,317.3,2.4,1.5,2014-08-28,0052,Terra,MODIS,51,6.2,304.7,24.1,D,0
-14.8405,144.2442,324.6,1.1,1,2014-08-28,0052,Terra,MODIS,37,6.2,305.4,12.7,D,0
-13.0722,134.2752,314.3,3.1,1.7,2014-08-28,0052,Terra,MODIS,35,6.2,301,31.9,D,0
-15.2979,134.9826,317.2,2.5,1.5,2014-08-28,0052,Terra,MODIS,52,6.2,305.7,21.3,D,0
-15.0123,134.8112,322.6,2.6,1.5,2014-08-28,0052,Terra,MODIS,74,6.2,305.9,50.2,D,0
-15.0066,134.8182,318.8,2.6,1.5,2014-08-28,0052,Terra,MODIS,69,6.2,304.3,35.8,D,0
-16.5839,139.3349,320.8,1.2,1.1,2014-08-28,0052,Terra,MODIS,47,6.2,303.7,11.3,D,0
-16.5936,139.3332,323,1.2,1.1,2014-08-28,0052,Terra,MODIS,36,6.2,304.5,13.1,D,0
-17.2127,139.0291,323.2,1.2,1.1,2014-08-28,0052,Terra,MODIS,68,6.2,305.5,14.2,D,0
-17.8238,138.3794,325.4,1.3,1.1,2014-08-28,0053,Terra,MODIS,76,6.2,305.1,20.7,D,0
-17.8258,138.3913,326.6,1.3,1.1,2014-08-28,0053,Terra,MODIS,77,6.2,306.7,22.4,D,0
-17.8277,138.4032,318.7,1.3,1.1,2014-08-28,0053,Terra,MODIS,64,6.2,306.7,10.2,D,0
-17.6957,138.2224,321.5,1.3,1.1,2014-08-28,0053,Terra,MODIS,70,6.2,305.5,16.7,D,0
-17.6977,138.2347,321.4,1.3,1.1,2014-08-28,0053,Terra,MODIS,44,6.2,307.3,14.8,D,0
-17.7059,138.2208,374.7,1.3,1.1,2014-08-28,0053,Terra,MODIS,100,6.2,305.6,184.2,D,0
-17.7079,138.233,437.1,1.3,1.1,2014-08-28,0053,Terra,MODIS,100,6.2,321.1,811.4,D,0
-17.7099,138.2453,334.3,1.3,1.1,2014-08-28,0053,Terra,MODIS,41,6.2,308,31.4,D,0
-17.718,138.2312,342.1,1.3,1.1,2014-08-28,0053,Terra,MODIS,79,6.2,303.5,52.5,D,0
-17.7172,138.2375,347.6,1.3,1.1,2014-08-28,0053,Terra,MODIS,94,6.2,305.9,69.6,D,0
-17.72,138.2435,342.3,1.3,1.1,2014-08-28,0053,Terra,MODIS,89,6.2,305.7,51.7,D,0
-17.7192,138.2497,324.6,1.3,1.1,2014-08-28,0053,Terra,MODIS,43,6.2,306.5,16,D,0
-17.7293,138.2477,348.9,1.3,1.1,2014-08-28,0053,Terra,MODIS,94,6.2,306.7,72.2,D,0
-17.7314,138.2598,345.9,1.3,1.1,2014-08-28,0053,Terra,MODIS,93,6.2,308.6,63.3,D,0
-17.6849,138.9731,349.4,1.2,1.1,2014-08-28,0053,Terra,MODIS,94,6.2,309.6,66.2,D,0
-17.6955,138.2852,321.7,1.3,1.1,2014-08-28,0053,Terra,MODIS,43,6.2,305.1,13.9,D,0
-17.3997,138.6075,328.3,1.3,1.1,2014-08-28,0053,Terra,MODIS,79,6.2,306.1,23.4,D,0
-17.4097,138.6057,332.7,1.3,1.1,2014-08-28,0053,Terra,MODIS,83,6.2,306,31.2,D,0
-17.4105,138.6111,338.2,1.3,1.1,2014-08-28,0053,Terra,MODIS,87,6.2,307.3,43.2,D,0
-17.4115,138.6174,330.6,1.3,1.1,2014-08-28,0053,Terra,MODIS,81,6.2,307.1,26.5,D,0
-17.4124,138.6228,321,1.3,1.1,2014-08-28,0053,Terra,MODIS,46,6.2,307.4,11.3,D,0
-18.9081,133.9069,337.5,2.5,1.5,2014-08-28,0053,Terra,MODIS,88,6.2,300.8,124.4,D,0
-18.9009,133.9026,338.6,2.5,1.5,2014-08-28,0053,Terra,MODIS,89,6.2,302.3,135.4,D,0
-18.9053,133.9257,320.2,2.5,1.5,2014-08-28,0053,Terra,MODIS,73,6.2,300.5,44.5,D,0
-17.6831,138.962,353.9,1.2,1.1,2014-08-28,0053,Terra,MODIS,97,6.2,307.8,79.1,D,0
-18.7587,130.828,382.7,4.2,1.9,2014-08-28,0053,Terra,MODIS,100,6.2,304.1,1284.4,D,0
-18.7767,130.8983,342.7,4.2,1.9,2014-08-28,0053,Terra,MODIS,92,6.2,301.5,340.8,D,0
-18.7746,130.9065,332.4,4.2,1.9,2014-08-28,0053,Terra,MODIS,85,6.2,301.1,211.5,D,0
-18.9038,133.8836,322.9,2.5,1.5,2014-08-28,0053,Terra,MODIS,67,6.2,299,53.2,D,0
-18.8964,133.8793,314.3,2.5,1.5,2014-08-28,0053,Terra,MODIS,46,6.2,299.8,26,D,0
-18.7667,130.8674,386.9,4.2,1.9,2014-08-28,0053,Terra,MODIS,100,6.2,305.9,1419.5,D,0
-18.7604,130.82,371.6,4.2,1.9,2014-08-28,0053,Terra,MODIS,100,6.2,302.1,941.5,D,0
-18.7686,130.8593,386.9,4.2,1.9,2014-08-28,0053,Terra,MODIS,100,6.2,306.1,1423.6,D,0
-18.7507,130.7884,308.1,4.3,1.9,2014-08-28,0053,Terra,MODIS,24,6.2,296.1,31,D,0
-20.7365,139.4766,341.7,1.1,1,2014-08-28,0053,Terra,MODIS,85,6.2,305.1,41.2,D,2
-23.8934,149.2355,312.2,3.1,1.7,2014-08-28,0054,Terra,MODIS,63,6.2,294.6,47.9,D,0
-23.894,149.258,313.6,3.1,1.7,2014-08-28,0054,Terra,MODIS,61,6.2,293.2,51.4,D,0
-20.4812,134.2251,316.2,2.2,1.4,2014-08-28,0054,Terra,MODIS,65,6.2,300.7,24.2,D,0
-20.5159,134.1964,312.2,2.2,1.4,2014-08-28,0054,Terra,MODIS,49,6.2,299.9,17.2,D,0
-20.5197,134.2174,315.7,2.2,1.4,2014-08-28,0054,Terra,MODIS,64,6.2,299.4,26.1,D,0
-20.5177,134.2108,321.1,2.2,1.4,2014-08-28,0054,Terra,MODIS,74,6.2,300,41.3,D,0
-20.6112,134.2123,312.5,2.2,1.4,2014-08-28,0054,Terra,MODIS,55,6.2,300.6,14.9,D,0
-20.6094,134.2068,312.9,2.2,1.4,2014-08-28,0054,Terra,MODIS,56,6.2,300.6,15.3,D,0
-23.2959,149.4296,310.8,3.1,1.7,2014-08-28,0054,Terra,MODIS,57,6.2,296,33.9,D,0
-23.2988,149.4609,315.6,3.1,1.7,2014-08-28,0054,Terra,MODIS,68,6.2,296.4,53,D,0
-23.2964,149.4554,318.6,3.1,1.7,2014-08-28,0054,Terra,MODIS,73,6.2,296.2,67.4,D,0
-24.8863,148.5899,323.4,2.8,1.6,2014-08-28,0054,Terra,MODIS,80,6.2,297.3,81.1,D,0
-24.8888,148.618,327.7,2.9,1.6,2014-08-28,0054,Terra,MODIS,83,6.2,297.9,104.4,D,0
-23.8782,149.2363,332.3,3.1,1.7,2014-08-28,0054,Terra,MODIS,86,6.2,293.9,152.5,D,0
-23.8764,149.23,327.6,3.1,1.7,2014-08-28,0054,Terra,MODIS,82,6.2,293.7,120.8,D,0
-23.896,149.2645,308.3,3.1,1.7,2014-08-28,0054,Terra,MODIS,44,6.2,292.4,33,D,0
-26.1807,146.3177,324.2,2,1.4,2014-08-28,0055,Terra,MODIS,80,6.2,298.2,47.5,D,0
-26.1933,146.3163,314.9,2,1.4,2014-08-28,0055,Terra,MODIS,61,6.2,297.9,21.5,D,0
-32.8873,145.6622,303,2.2,1.4,2014-08-28,0056,Terra,MODIS,44,6.2,293,11.6,D,0
-34.3762,140.4807,330.4,1.2,1.1,2014-08-28,0057,Terra,MODIS,86,6.2,297.5,30.8,D,0
-33.9355,138.6577,304.4,1,1,2014-08-28,0057,Terra,MODIS,54,6.2,290.9,5.8,D,0
-34.3778,140.4933,326.1,1.2,1.1,2014-08-28,0057,Terra,MODIS,83,6.2,298.3,24.4,D,0
-35.4282,145.5623,311.3,2.3,1.5,2014-08-28,0057,Terra,MODIS,71,6.2,291.6,34,D,0
-33.0072,137.5793,309.8,1,1,2014-08-28,0057,Terra,MODIS,60,6.2,298.4,4.2,D,0
-35.4262,145.5362,304.3,2.3,1.5,2014-08-28,0057,Terra,MODIS,59,6.2,290.9,17.4,D,0
-34.3681,140.4949,317.9,1.2,1.1,2014-08-28,0057,Terra,MODIS,75,6.2,297.7,14.9,D,0
-36.2408,141.1771,307.1,1.3,1.1,2014-08-28,0057,Terra,MODIS,64,6.2,293.9,8.4,D,0
-37.9142,141.113,303.6,1.4,1.2,2014-08-28,0058,Terra,MODIS,27,6.2,288.6,8.1,D,0
-37.9054,141.1304,324.5,1.4,1.2,2014-08-28,0058,Terra,MODIS,83,6.2,289.5,36.1,D,0
-37.9037,141.1147,328.3,1.4,1.2,2014-08-28,0058,Terra,MODIS,86,6.2,290.2,42.6,D,0
-14.4442,126.6785,319.9,3.4,1.7,2014-08-28,0230,Terra,MODIS,72,6.2,308.2,43.8,D,0
-15.1502,125.6926,356,2.9,1.6,2014-08-28,0230,Terra,MODIS,98,6.2,311.6,301.8,D,0
-15.1719,126.1713,321,3.2,1.7,2014-08-28,0230,Terra,MODIS,48,6.2,309.5,39,D,0
-15.1649,125.6908,327.3,2.9,1.6,2014-08-28,0230,Terra,MODIS,77,6.2,306.4,66.9,D,0
-15.1744,126.1779,326.9,3.2,1.7,2014-08-28,0230,Terra,MODIS,74,6.2,309.3,72.6,D,0
-15.1079,125.5969,326.2,2.8,1.6,2014-08-28,0230,Terra,MODIS,66,6.2,306.3,66.7,D,0
-14.9688,126.0961,318.7,3.1,1.7,2014-08-28,0230,Terra,MODIS,25,6.2,307.5,28.7,D,0
-14.9703,126.119,323.7,3.1,1.7,2014-08-28,0230,Terra,MODIS,68,6.2,308,55,D,0
-14.9721,126.1252,322.7,3.1,1.7,2014-08-28,0230,Terra,MODIS,60,6.2,308.2,48.4,D,0
-15.1095,125.5899,319.8,2.8,1.6,2014-08-28,0230,Terra,MODIS,40,6.2,304.6,38.8,D,0
-15.1532,125.7195,323.7,2.9,1.6,2014-08-28,0230,Terra,MODIS,72,6.2,309,44,D,0
-15.0733,125.6815,323.4,2.9,1.6,2014-08-28,0230,Terra,MODIS,58,6.2,309.1,39.6,D,0
-14.4475,126.7085,317.7,3.4,1.7,2014-08-28,0230,Terra,MODIS,58,6.2,306.5,33,D,0
-15.111,125.6231,323.4,2.9,1.6,2014-08-28,0230,Terra,MODIS,47,6.2,310.1,47.7,D,0
-15.1124,125.616,329.1,2.9,1.6,2014-08-28,0230,Terra,MODIS,75,6.2,309.1,81.2,D,0
-15.1473,125.6658,349,2.9,1.6,2014-08-28,0230,Terra,MODIS,94,6.2,309.2,224.4,D,0
-18.0247,123.5657,326,2.2,1.4,2014-08-28,0231,Terra,MODIS,32,6.2,309.7,33.1,D,0
-18.027,123.5863,362.2,2.2,1.4,2014-08-28,0231,Terra,MODIS,100,6.2,316.4,247.3,D,0
-18.0294,123.6069,394,2.2,1.4,2014-08-28,0231,Terra,MODIS,100,6.2,321.1,650.4,D,0
-18.0317,123.6275,355.2,2.2,1.4,2014-08-28,0231,Terra,MODIS,97,6.2,305.5,199.4,D,0
-18.04,123.5847,397.5,2.2,1.4,2014-08-28,0231,Terra,MODIS,100,6.2,313.9,712.7,D,0
-18.0423,123.6054,385.9,2.2,1.4,2014-08-28,0231,Terra,MODIS,100,6.2,306.9,528.9,D,0
-18.0383,123.5792,373.3,2.2,1.4,2014-08-28,0231,Terra,MODIS,100,6.2,313.5,364.9,D,0
-18.0405,123.5999,406.8,2.2,1.4,2014-08-28,0231,Terra,MODIS,100,6.2,315.3,905,D,0
-18.0427,123.6206,320.7,2.2,1.4,2014-08-28,0231,Terra,MODIS,63,6.2,302.4,27.9,D,0
-16.6321,123.8866,324.6,2.2,1.4,2014-08-28,0231,Terra,MODIS,66,6.2,307.3,36,D,0
-17.8585,122.6636,325.8,1.9,1.3,2014-08-28,0231,Terra,MODIS,61,6.2,311.5,28.4,D,0
-16.576,123.7331,357.8,2.1,1.4,2014-08-28,0231,Terra,MODIS,99,6.2,303.8,221.8,D,0
-16.5784,123.7532,365.5,2.2,1.4,2014-08-28,0231,Terra,MODIS,100,6.2,305.9,288,D,0
-18.0117,123.5674,330.6,2.2,1.4,2014-08-28,0231,Terra,MODIS,71,6.2,313,46.7,D,0
-16.3909,123.932,321.1,2.2,1.4,2014-08-28,0231,Terra,MODIS,0,6.2,304.4,35.7,D,0
-16.3886,123.9114,328.2,2.2,1.4,2014-08-28,0231,Terra,MODIS,0,6.2,302.6,60.9,D,0
-16.6112,123.8107,321.1,2.2,1.4,2014-08-28,0231,Terra,MODIS,65,6.2,303.9,30.5,D,0
-18.0164,123.6084,335,2.2,1.4,2014-08-28,0231,Terra,MODIS,53,6.2,314.1,61.2,D,0
-16.626,123.9506,324.7,2.2,1.4,2014-08-28,0231,Terra,MODIS,46,6.2,307.5,35.7,D,0
-16.6283,123.956,321.5,2.2,1.4,2014-08-28,0231,Terra,MODIS,47,6.2,307.1,27.5,D,0
-16.634,123.8921,324.9,2.2,1.4,2014-08-28,0231,Terra,MODIS,68,6.2,306.7,36.8,D,0
-18.0187,123.629,377.1,2.2,1.4,2014-08-28,0231,Terra,MODIS,100,6.2,315.3,404.7,D,0
-16.4453,123.946,316.6,2.2,1.4,2014-08-28,0231,Terra,MODIS,51,6.2,304,20.9,D,0
-17.3236,123.9102,324.2,2.3,1.5,2014-08-28,0231,Terra,MODIS,35,6.2,311.8,28.7,D,0
-17.6335,127.7825,336.7,4.5,2,2014-08-28,0231,Terra,MODIS,86,6.2,305.3,262.5,D,0
-17.3474,123.8857,333.3,2.3,1.5,2014-08-28,0231,Terra,MODIS,80,6.2,310.6,61.9,D,0
-17.3445,123.8804,330.4,2.3,1.5,2014-08-28,0231,Terra,MODIS,77,6.2,310.2,51,D,0
-17.3343,123.8873,342.1,2.3,1.5,2014-08-28,0231,Terra,MODIS,90,6.2,310.7,108.1,D,0
-17.3319,123.866,325.6,2.3,1.5,2014-08-28,0231,Terra,MODIS,64,6.2,312,27.3,D,0
-18.1605,125.6501,325.7,3.2,1.7,2014-08-28,0231,Terra,MODIS,61,6.2,309.9,62.7,D,0
-18.1484,125.6816,325.3,3.2,1.7,2014-08-28,0231,Terra,MODIS,61,6.2,310.6,63,D,0
-17.63,127.7332,326.5,4.5,1.9,2014-08-28,0231,Terra,MODIS,70,6.2,304.6,145.3,D,0
-17.6296,127.7399,330.3,4.5,1.9,2014-08-28,0231,Terra,MODIS,79,6.2,304.9,181.7,D,0
-17.6337,127.7755,336,4.5,2,2014-08-28,0231,Terra,MODIS,86,6.2,305.3,257.6,D,0
-17.9891,123.7029,329.8,2.2,1.4,2014-08-28,0231,Terra,MODIS,16,6.2,312.8,35.9,D,0
-17.9866,123.6966,329.5,2.2,1.4,2014-08-28,0231,Terra,MODIS,43,6.2,314.2,40,D,0
-18.008,123.6515,354.4,2.2,1.4,2014-08-28,0231,Terra,MODIS,97,6.2,317.4,179.4,D,0
-18.0104,123.6724,346.6,2.2,1.4,2014-08-28,0231,Terra,MODIS,88,6.2,310.7,128.7,D,0
-18.021,123.6499,364.1,2.2,1.4,2014-08-28,0231,Terra,MODIS,100,6.2,307.7,269.2,D,0
-19.0651,122.0358,341.3,1.7,1.3,2014-08-28,0232,Terra,MODIS,89,6.2,309.9,68.7,D,0
-19.0607,122.0298,343.2,1.7,1.3,2014-08-28,0232,Terra,MODIS,90,6.2,310.8,80.3,D,0
-21.7784,117.5735,335.6,1.1,1,2014-08-28,0232,Terra,MODIS,84,6.2,311.4,25.3,D,0
-21.7856,117.5763,328.2,1.1,1,2014-08-28,0232,Terra,MODIS,75,6.2,310.5,16.5,D,0
-21.1996,118.2446,345.1,1.1,1,2014-08-28,0232,Terra,MODIS,91,6.2,309.1,47.8,D,0
-21.201,118.2552,363.3,1.1,1,2014-08-28,0232,Terra,MODIS,100,6.2,312.8,97.8,D,0
-20.9146,119.6347,324.8,1.3,1.1,2014-08-28,0232,Terra,MODIS,69,6.2,309.3,16.2,D,0
-20.9295,119.6701,319.6,1.3,1.1,2014-08-28,0232,Terra,MODIS,46,6.2,308.2,10.2,D,0
-20.9616,119.609,318,1.3,1.1,2014-08-28,0232,Terra,MODIS,44,6.2,307.3,8.7,D,0
-20.9632,119.6212,346.4,1.3,1.1,2014-08-28,0232,Terra,MODIS,92,6.2,309.6,65.4,D,0
-21.2662,118.272,320.4,1.1,1,2014-08-28,0232,Terra,MODIS,57,6.2,309.7,6.7,D,0
-21.2485,125.7963,322.5,3.6,1.8,2014-08-28,0232,Terra,MODIS,57,6.2,306.9,60.8,D,0
-18.988,122.1523,329.6,1.8,1.3,2014-08-28,0232,Terra,MODIS,27,6.2,311.8,30,D,0
-21.2561,125.8024,323.5,3.6,1.8,2014-08-28,0232,Terra,MODIS,59,6.2,308.3,65.3,D,0
-21.0935,120.7171,320.4,1.5,1.2,2014-08-28,0232,Terra,MODIS,18,6.2,309.2,11.2,D,0
-21.4859,119.9826,333.6,1.4,1.2,2014-08-28,0232,Terra,MODIS,83,6.2,309.4,35.2,D,0
-21.0986,120.7395,321.7,1.5,1.2,2014-08-28,0232,Terra,MODIS,65,6.2,309.9,15.1,D,0
-21.4843,119.9695,340,1.4,1.2,2014-08-28,0232,Terra,MODIS,88,6.2,309.5,50.5,D,0
-20.1353,127.0805,329.2,4.3,1.9,2014-08-28,0232,Terra,MODIS,78,6.2,307.6,152.7,D,0
-20.1335,127.0876,329.8,4.3,1.9,2014-08-28,0232,Terra,MODIS,78,6.2,307.6,157.4,D,0
-22.9418,122.6426,325.6,2.2,1.4,2014-08-28,0233,Terra,MODIS,74,6.2,307.1,43.7,D,0
-22.9895,122.7242,326.4,2.2,1.4,2014-08-28,0233,Terra,MODIS,75,6.2,307.6,46.8,D,0
-22.9765,122.7257,320.3,2.2,1.4,2014-08-28,0233,Terra,MODIS,33,6.2,307.9,25.4,D,0
-22.9743,122.7041,320.9,2.2,1.4,2014-08-28,0233,Terra,MODIS,49,6.2,306.7,28.2,D,0
-22.9548,122.6412,321.4,2.2,1.4,2014-08-28,0233,Terra,MODIS,64,6.2,308.2,30.4,D,0
-22.9677,122.6396,344.7,2.2,1.4,2014-08-28,0233,Terra,MODIS,91,6.2,307.6,132.4,D,0
-22.9437,122.6491,325.8,2.2,1.4,2014-08-28,0233,Terra,MODIS,75,6.2,306.9,42.9,D,0
-32.8397,116.5203,319.7,1.2,1.1,2014-08-28,0235,Terra,MODIS,54,6.2,272.1,26.9,D,0
-34.5872,146.1241,327.1,3,1.6,2014-08-28,0334,Aqua,MODIS,84,6.2,294.4,100.6,D,0
-34.5573,146.1214,349.3,3,1.6,2014-08-28,0334,Aqua,MODIS,96,6.2,298.2,275.7,D,0
-34.5722,146.1227,319.2,3,1.6,2014-08-28,0334,Aqua,MODIS,65,6.2,296,60.6,D,0
-35.4013,145.6999,306.7,3.2,1.7,2014-08-28,0334,Aqua,MODIS,64,6.2,295.1,26.6,D,0
-34.5705,146.1271,343.4,3,1.6,2014-08-28,0334,Aqua,MODIS,93,6.2,296.6,217.7,D,0
-34.5555,146.1257,324.6,3,1.6,2014-08-28,0334,Aqua,MODIS,83,6.2,297.2,88.7,D,0
-34.5726,146.0941,320.4,3,1.6,2014-08-28,0334,Aqua,MODIS,58,6.2,296.8,66.5,D,0
-34.5855,146.1285,330.3,3,1.6,2014-08-28,0334,Aqua,MODIS,83,6.2,294.6,119.7,D,0
-34.5576,146.0927,315.4,3,1.6,2014-08-28,0334,Aqua,MODIS,67,6.2,296.2,46.1,D,0
-34.5595,146.0884,317.2,3,1.6,2014-08-28,0334,Aqua,MODIS,62,6.2,297.1,53.4,D,0
-28.0672,150.2682,321.8,1.3,1.1,2014-08-28,0336,Aqua,MODIS,77,6.2,299.3,22.5,D,0
-27.3249,149.6818,322.7,1.4,1.2,2014-08-28,0336,Aqua,MODIS,76,6.2,301.6,22.9,D,0
-28.4059,149.981,314.8,1.4,1.2,2014-08-28,0336,Aqua,MODIS,67,6.2,299.8,10.3,D,0
-24.5228,151.5813,320.1,1.1,1,2014-08-28,0337,Aqua,MODIS,73,6.2,300,14.4,D,0
-23.9092,149.2493,321.5,1.4,1.2,2014-08-28,0337,Aqua,MODIS,71,6.2,299.5,20.5,D,0
-23.9108,149.2357,332.6,1.4,1.2,2014-08-28,0337,Aqua,MODIS,84,6.2,302.8,40.8,D,0
-23.8987,149.2479,333.7,1.4,1.2,2014-08-28,0337,Aqua,MODIS,62,6.2,301.5,41.1,D,0
-23.8883,149.2467,333,1.4,1.2,2014-08-28,0337,Aqua,MODIS,65,6.2,300.5,40.1,D,0
-24.8855,148.5903,327.4,1.5,1.2,2014-08-28,0337,Aqua,MODIS,80,6.2,305.1,34.1,D,0
-24.8838,148.6056,339,1.5,1.2,2014-08-28,0337,Aqua,MODIS,89,6.2,305.3,64.7,D,0
-24.8966,148.5917,327.3,1.5,1.2,2014-08-28,0337,Aqua,MODIS,80,6.2,305,32.7,D,0
-24.8949,148.607,343.9,1.5,1.2,2014-08-28,0337,Aqua,MODIS,92,6.2,305.6,79.2,D,0
-23.2963,149.4439,322.1,1.3,1.1,2014-08-28,0337,Aqua,MODIS,72,6.2,303.1,17.8,D,0
-23.2972,149.4503,314.7,1.3,1.1,2014-08-28,0337,Aqua,MODIS,31,6.2,302.7,7.5,D,0
-23.2987,149.4377,318.4,1.3,1.1,2014-08-28,0337,Aqua,MODIS,63,6.2,303.2,12.2,D,0
-26.5378,149.384,321.1,1.4,1.2,2014-08-28,0337,Aqua,MODIS,74,6.2,301.6,19.8,D,0
-26.5362,149.3986,337.8,1.4,1.2,2014-08-28,0337,Aqua,MODIS,89,6.2,302.4,55.6,D,0
-25.1685,151.8348,311.5,1.1,1,2014-08-28,0337,Aqua,MODIS,34,6.2,289.5,8.6,D,0
-23.4064,149.7944,316.9,1.2,1.1,2014-08-28,0337,Aqua,MODIS,55,6.2,300.4,11.5,D,0
-23.4095,149.7701,362.6,1.3,1.1,2014-08-28,0337,Aqua,MODIS,100,6.2,304,121,D,0
-23.4079,149.7823,332.4,1.2,1.1,2014-08-28,0337,Aqua,MODIS,83,6.2,300.9,35.6,D,0
-23.3979,149.7808,315.3,1.2,1.1,2014-08-28,0337,Aqua,MODIS,42,6.2,299.3,10.2,D,0
-25.5565,152.3638,325.2,1,1,2014-08-28,0337,Aqua,MODIS,81,6.2,296.7,20.3,D,0
-25.7116,152.2964,315.3,1,1,2014-08-28,0337,Aqua,MODIS,69,6.2,297.8,9.5,D,0
-25.5551,152.3741,313.3,1,1,2014-08-28,0337,Aqua,MODIS,66,6.2,295.6,8.5,D,0
-25.1778,151.8363,327.9,1.1,1,2014-08-28,0337,Aqua,MODIS,82,6.2,292.5,25.4,D,0
-23.8794,149.2316,352,1.4,1.2,2014-08-28,0337,Aqua,MODIS,96,6.2,301.9,94.4,D,0
-23.8717,149.2381,329.1,1.4,1.2,2014-08-28,0337,Aqua,MODIS,81,6.2,297.7,35,D,0
-23.8734,149.2242,323.6,1.4,1.2,2014-08-28,0337,Aqua,MODIS,74,6.2,298.8,25.3,D,0
-24.2187,149.4515,316.2,1.3,1.1,2014-08-28,0337,Aqua,MODIS,60,6.2,302.2,11.5,D,0
-24.868,150.9566,314.1,1.1,1.1,2014-08-28,0337,Aqua,MODIS,59,6.2,299.4,10.7,D,0
-24.5488,145.3573,316.8,2.6,1.5,2014-08-28,0337,Aqua,MODIS,63,6.2,305.3,23.6,D,0
-24.5442,145.3517,318.4,2.6,1.5,2014-08-28,0337,Aqua,MODIS,66,6.2,305.6,29.7,D,0
-23.8782,151.0502,318.9,1.1,1,2014-08-28,0337,Aqua,MODIS,68,6.2,301.8,12.2,D,0
-24.6763,152.1569,318.6,1,1,2014-08-28,0337,Aqua,MODIS,66,6.2,295.9,12.9,D,0
-20.0228,148.1577,317.9,1.4,1.2,2014-08-28,0338,Aqua,MODIS,52,6.2,305.7,9.1,D,0
-20.0105,148.1698,320.5,1.4,1.2,2014-08-28,0338,Aqua,MODIS,66,6.2,305.4,13.4,D,0
-20.0121,148.1562,327.8,1.4,1.2,2014-08-28,0338,Aqua,MODIS,77,6.2,307.4,27.1,D,0
-16.2529,144.6655,323.6,2.2,1.4,2014-08-28,0339,Aqua,MODIS,28,6.2,305.9,35.4,D,0
-16.0764,144.5027,330,2.3,1.5,2014-08-28,0339,Aqua,MODIS,81,6.2,307.8,65.3,D,0
-16.0871,144.526,317.9,2.3,1.5,2014-08-28,0339,Aqua,MODIS,27,6.2,306.9,21,D,0
-16.2601,144.6031,324.4,2.3,1.5,2014-08-28,0339,Aqua,MODIS,66,6.2,302.7,47.7,D,0
-16.2399,144.6639,330.7,2.2,1.4,2014-08-28,0339,Aqua,MODIS,65,6.2,306.2,61.9,D,0
-16.0788,144.4811,317.5,2.3,1.5,2014-08-28,0339,Aqua,MODIS,16,6.2,305.8,20.5,D,0
-16.1492,144.5388,318.2,2.3,1.5,2014-08-28,0339,Aqua,MODIS,52,6.2,306.3,25.8,D,0
-16.1911,144.5229,316.5,2.3,1.5,2014-08-28,0339,Aqua,MODIS,54,6.2,304.7,24.3,D,0
-16.266,144.6672,323.4,2.2,1.4,2014-08-28,0339,Aqua,MODIS,29,6.2,306,34.6,D,0
-16.5456,145.1716,317.3,2.1,1.4,2014-08-28,0339,Aqua,MODIS,33,6.2,301.9,24.6,D,0
-16.2577,144.6239,353.2,2.3,1.5,2014-08-28,0339,Aqua,MODIS,96,6.2,305.4,196,D,0
-13.0954,141.6974,318.9,3.4,1.7,2014-08-28,0340,Aqua,MODIS,51,6.2,301.1,57.5,D,0
-14.8816,142.3294,319.7,3.2,1.7,2014-08-28,0340,Aqua,MODIS,52,6.2,304,39.3,D,0
-14.6844,144.5276,323.8,2.2,1.4,2014-08-28,0340,Aqua,MODIS,72,6.2,304.1,42.4,D,0
-15.5304,145.0724,320.2,2,1.4,2014-08-28,0340,Aqua,MODIS,67,6.2,304.3,31.4,D,0
-15.3586,144.7605,323.1,2.1,1.4,2014-08-28,0340,Aqua,MODIS,71,6.2,304.9,34.6,D,0
-14.9769,145.1131,317.3,2,1.4,2014-08-28,0340,Aqua,MODIS,39,6.2,299.5,25.6,D,0
-13.0883,141.6574,317.3,3.4,1.7,2014-08-28,0340,Aqua,MODIS,39,6.2,298.4,50.9,D,0
-14.9792,145.118,321.9,2,1.4,2014-08-28,0340,Aqua,MODIS,70,6.2,299.5,39.6,D,0
-14.6851,144.5119,314.3,2.2,1.4,2014-08-28,0340,Aqua,MODIS,36,6.2,303.3,16.2,D,0
-15.5429,145.0739,330.7,2,1.4,2014-08-28,0340,Aqua,MODIS,81,6.2,304,62.6,D,0
-14.6827,144.5325,322.9,2.2,1.4,2014-08-28,0340,Aqua,MODIS,71,6.2,303.9,42,D,0
-12.6641,142.0508,324.7,3.2,1.7,2014-08-28,0340,Aqua,MODIS,74,6.2,303,68,D,0
-15.36,144.7451,323.6,2.1,1.4,2014-08-28,0340,Aqua,MODIS,47,6.2,303.5,34.6,D,0
-14.9747,145.1309,313.8,2,1.4,2014-08-28,0340,Aqua,MODIS,10,6.2,300.1,15.9,D,0
-14.8783,142.3593,319.8,3.2,1.7,2014-08-28,0340,Aqua,MODIS,48,6.2,305.5,34.3,D,0
-12.6626,142.0734,315.8,3.1,1.7,2014-08-28,0340,Aqua,MODIS,51,6.2,299.8,28.1,D,0
-14.849,144.9962,322.4,2,1.4,2014-08-28,0340,Aqua,MODIS,65,6.2,304.9,32.3,D,0
-14.8512,144.9774,320.7,2,1.4,2014-08-28,0340,Aqua,MODIS,54,6.2,302.7,26.5,D,0
-15.1216,145.2167,319,2,1.4,2014-08-28,0340,Aqua,MODIS,45,6.2,293.8,29.6,D,0
-13.0847,141.6891,324.2,3.4,1.7,2014-08-28,0340,Aqua,MODIS,77,6.2,300.5,91.1,D,0
-15.361,144.7402,318.9,2.1,1.4,2014-08-28,0340,Aqua,MODIS,65,6.2,303.3,24.8,D,0
-12.6659,142.0444,321.7,3.2,1.7,2014-08-28,0340,Aqua,MODIS,74,6.2,303.7,55.3,D,0
-13.9398,142.1257,314.3,3.2,1.7,2014-08-28,0340,Aqua,MODIS,50,6.2,302.2,28,D,0
-13.9367,142.1325,315.7,3.2,1.7,2014-08-28,0340,Aqua,MODIS,55,6.2,302.3,34.7,D,0
-14.8363,144.2218,318.6,2.3,1.5,2014-08-28,0340,Aqua,MODIS,47,6.2,303.9,23.1,D,0
-13.0979,141.8477,315,3.3,1.7,2014-08-28,0340,Aqua,MODIS,61,6.2,300.6,38.4,D,0
-13.094,141.8543,314.8,3.3,1.7,2014-08-28,0340,Aqua,MODIS,58,6.2,301,39.4,D,0
-13.6517,141.8596,321.1,3.4,1.7,2014-08-28,0340,Aqua,MODIS,73,6.2,303.6,65.4,D,0
-13.6483,141.8909,321,3.4,1.7,2014-08-28,0340,Aqua,MODIS,73,6.2,302.5,64,D,0
-14.2165,143.2894,313,2.7,1.6,2014-08-28,0340,Aqua,MODIS,41,6.2,302.2,21.2,D,0
-13.6049,141.8545,316.1,3.4,1.7,2014-08-28,0340,Aqua,MODIS,44,6.2,303,32.8,D,0
-15.6398,145.244,326.1,2,1.4,2014-08-28,0340,Aqua,MODIS,76,6.2,301.7,48.4,D,0
-15.6274,145.2426,319.5,2,1.4,2014-08-28,0340,Aqua,MODIS,61,6.2,302.4,30.2,D,0
-12.0592,142.6065,342.7,2.8,1.6,2014-08-28,0341,Aqua,MODIS,91,6.2,300.6,181.6,D,0
-12.3951,143.0959,315.2,2.6,1.5,2014-08-28,0341,Aqua,MODIS,49,6.2,298.3,29.9,D,0
-12.409,143.0976,312,2.6,1.5,2014-08-28,0341,Aqua,MODIS,15,6.2,298.2,18.7,D,0
-12.3028,142.9804,364.7,2.6,1.6,2014-08-28,0341,Aqua,MODIS,100,6.2,300.9,372.8,D,0
-12.3056,142.9562,350.4,2.7,1.6,2014-08-28,0341,Aqua,MODIS,95,6.2,297.9,230,D,0
-12.286,143.003,328.4,2.6,1.6,2014-08-28,0341,Aqua,MODIS,48,6.2,296.7,68.1,D,0
-12.2986,142.9751,376.3,2.6,1.6,2014-08-28,0341,Aqua,MODIS,100,6.2,301.7,539.1,D,0
-12.3016,142.9509,333,2.7,1.6,2014-08-28,0341,Aqua,MODIS,85,6.2,296.6,109.3,D,0
-12.3893,143.0886,315.9,2.6,1.5,2014-08-28,0341,Aqua,MODIS,44,6.2,297.8,32.3,D,0
-12.0621,142.5808,317.3,2.8,1.6,2014-08-28,0341,Aqua,MODIS,61,6.2,298.8,35,D,0
-12.0565,142.5989,342.8,2.8,1.6,2014-08-28,0341,Aqua,MODIS,91,6.2,300.6,183.1,D,0
-12.2897,142.2901,333.6,3,1.6,2014-08-28,0341,Aqua,MODIS,86,6.2,302.8,117.4,D,0
-12.2864,142.3172,318.3,3,1.6,2014-08-28,0341,Aqua,MODIS,58,6.2,301.6,29,D,0
-12.29,142.2971,333,3,1.6,2014-08-28,0341,Aqua,MODIS,85,6.2,302.8,112.2,D,0
-12.4931,141.9596,318,3.2,1.7,2014-08-28,0341,Aqua,MODIS,35,6.2,299.4,41.6,D,0
-12.0138,142.462,314.5,2.9,1.6,2014-08-28,0341,Aqua,MODIS,61,6.2,300.4,27.9,D,0
-11.8039,142.5827,362.5,2.8,1.6,2014-08-28,0341,Aqua,MODIS,100,6.2,303.4,370.4,D,0
-12.2128,142.304,316.7,3,1.6,2014-08-28,0341,Aqua,MODIS,61,6.2,300.9,24.3,D,0
-12.4946,143.1375,314.8,2.6,1.5,2014-08-28,0341,Aqua,MODIS,62,6.2,298.5,32,D,0
-12.2973,143.0289,354.5,2.6,1.6,2014-08-28,0341,Aqua,MODIS,97,6.2,298.4,249.5,D,0
-12.2833,143.027,343.6,2.6,1.6,2014-08-28,0341,Aqua,MODIS,92,6.2,297.8,158.3,D,0
-12.5712,142.2063,322.3,3.1,1.7,2014-08-28,0341,Aqua,MODIS,62,6.2,303.8,48.4,D,0
-12.0108,142.4883,314.5,2.9,1.6,2014-08-28,0341,Aqua,MODIS,61,6.2,299.4,26.4,D,0
-11.8162,142.5795,323.9,2.8,1.6,2014-08-28,0341,Aqua,MODIS,66,6.2,299.8,51.1,D,0
-11.8153,142.61,322.2,2.8,1.6,2014-08-28,0341,Aqua,MODIS,58,6.2,299,46.7,D,0
-11.8049,142.5521,337.8,2.8,1.6,2014-08-28,0341,Aqua,MODIS,88,6.2,298.4,137.4,D,0
-12.2899,143.0472,325.9,2.6,1.6,2014-08-28,0341,Aqua,MODIS,15,6.2,294.7,53.4,D,0
-12.4802,141.9512,320.5,3.2,1.7,2014-08-28,0341,Aqua,MODIS,27,6.2,301.8,47.5,D,0
-12.4954,141.9529,318,3.2,1.7,2014-08-28,0341,Aqua,MODIS,46,6.2,299.2,41.6,D,0
-11.813,142.605,328.8,2.8,1.6,2014-08-28,0341,Aqua,MODIS,82,6.2,299.5,78.4,D,0
-12.2928,143.0234,354.7,2.6,1.6,2014-08-28,0341,Aqua,MODIS,97,6.2,298.8,255.9,D,0
-12.5681,142.2343,325.6,3,1.7,2014-08-28,0341,Aqua,MODIS,78,6.2,304.4,67.8,D,0
-11.8069,142.557,350.4,2.8,1.6,2014-08-28,0341,Aqua,MODIS,95,6.2,299.1,238.7,D,0
-11.8018,142.5778,364.6,2.8,1.6,2014-08-28,0341,Aqua,MODIS,100,6.2,303.9,399.5,D,0
-12.5214,142.2523,323.8,3,1.7,2014-08-28,0341,Aqua,MODIS,63,6.2,300.9,58.6,D,0
-12.0534,142.6245,316.1,2.8,1.6,2014-08-28,0341,Aqua,MODIS,59,6.2,300,30.2,D,0
-12.0095,142.4835,316,2.9,1.6,2014-08-28,0341,Aqua,MODIS,65,6.2,299.4,31.7,D,0
-12.3067,143.0252,323,2.6,1.6,2014-08-28,0341,Aqua,MODIS,38,6.2,297.5,44.6,D,0
-12.2788,143.0215,340,2.6,1.6,2014-08-28,0341,Aqua,MODIS,88,6.2,297,141,D,0
-12.5247,142.2242,338.9,3,1.7,2014-08-28,0341,Aqua,MODIS,89,6.2,301.4,160,D,0
-12.5695,142.2293,326.5,3,1.7,2014-08-28,0341,Aqua,MODIS,80,6.2,304.6,73.8,D,0
-12.4896,143.1315,312.5,2.6,1.5,2014-08-28,0341,Aqua,MODIS,25,6.2,298.1,21.2,D,0
-11.5009,142.4446,317.7,2.8,1.6,2014-08-28,0341,Aqua,MODIS,51,6.2,296.7,41.3,D,0
-11.5438,142.4833,316,2.8,1.6,2014-08-28,0341,Aqua,MODIS,47,6.2,296.2,34.7,D,0
-11.4704,142.4358,312,2.8,1.6,2014-08-28,0341,Aqua,MODIS,52,6.2,296.2,25.4,D,0
-12.4683,141.92,332,3.2,1.7,2014-08-28,0341,Aqua,MODIS,84,6.2,301.3,115.3,D,0
-12.4835,141.9217,328,3.2,1.7,2014-08-28,0341,Aqua,MODIS,81,6.2,299.9,92,D,0
-11.5467,142.4575,315.3,2.8,1.6,2014-08-28,0341,Aqua,MODIS,43,6.2,296.8,31.1,D,0
-12.3114,141.7078,328.4,3.3,1.7,2014-08-28,0341,Aqua,MODIS,0,6.2,299,111.2,D,0
-12.453,141.9184,321.9,3.2,1.7,2014-08-28,0341,Aqua,MODIS,72,6.2,301.3,53.5,D,0
-12.4564,141.9141,320.9,3.2,1.7,2014-08-28,0341,Aqua,MODIS,70,6.2,301.1,45,D,0
-37.5678,141.1494,361.8,2.5,1.5,2014-08-28,0512,Aqua,MODIS,100,6.2,295,337.1,D,0
-37.5617,141.1766,336.3,2.5,1.5,2014-08-28,0512,Aqua,MODIS,90,6.2,291.6,139.6,D,0
-26.1493,132.138,321.6,1.2,1.1,2014-08-28,0515,Aqua,MODIS,52,6.2,309,10.3,D,0
-23.5326,129.3618,329,1,1,2014-08-28,0516,Aqua,MODIS,72,6.2,312.4,13.7,D,0
-23.534,129.3519,322.5,1,1,2014-08-28,0516,Aqua,MODIS,40,6.2,309,6.1,D,0
-23.525,129.3502,352.6,1,1,2014-08-28,0516,Aqua,MODIS,95,6.2,311.9,55.6,D,0
-23.5265,129.3403,325.7,1,1,2014-08-28,0516,Aqua,MODIS,56,6.2,308.5,9.7,D,0
-23.3907,121.1281,331.5,2.3,1.5,2014-08-28,0516,Aqua,MODIS,78,6.2,309.6,66,D,0
-23.3852,121.1571,366.6,2.3,1.5,2014-08-28,0516,Aqua,MODIS,100,6.2,312.1,311.7,D,0
-23.3884,121.1506,375.7,2.3,1.5,2014-08-28,0516,Aqua,MODIS,100,6.2,312,417.9,D,0
-22.9674,122.6411,329.3,1.8,1.3,2014-08-28,0516,Aqua,MODIS,40,6.2,311.1,30.6,D,0
-23.3742,121.1329,321.5,2.3,1.5,2014-08-28,0516,Aqua,MODIS,54,6.2,310.3,25.4,D,0
-23.372,121.1553,327.5,2.3,1.5,2014-08-28,0516,Aqua,MODIS,72,6.2,310.6,49.3,D,0
-23.3874,121.1346,357.6,2.3,1.5,2014-08-28,0516,Aqua,MODIS,98,6.2,312.3,226.9,D,0
-22.9502,122.6439,333,1.8,1.3,2014-08-28,0516,Aqua,MODIS,67,6.2,311.3,41.7,D,0
-22.962,122.6454,325.5,1.8,1.3,2014-08-28,0516,Aqua,MODIS,52,6.2,310.6,24,D,0
-23.3752,121.1488,340.7,2.3,1.5,2014-08-28,0516,Aqua,MODIS,87,6.2,312.7,113,D,0
-22.9799,122.6996,337.2,1.7,1.3,2014-08-28,0516,Aqua,MODIS,84,6.2,312.4,61.3,D,0
-22.9439,122.6381,325.6,1.8,1.3,2014-08-28,0516,Aqua,MODIS,35,6.2,311,23,D,0
-22.9781,122.7165,327.1,1.7,1.3,2014-08-28,0516,Aqua,MODIS,70,6.2,311.8,29,D,0
-25.2131,129.9404,324.6,1,1,2014-08-28,0516,Aqua,MODIS,66,6.2,311.3,10.1,D,0
-18.2152,129.8662,338.2,1.2,1.1,2014-08-28,0517,Aqua,MODIS,84,6.2,315.6,28.5,D,0
-18.7498,130.7491,327.1,1.3,1.1,2014-08-28,0517,Aqua,MODIS,48,6.2,310.4,16.5,D,0
-20.0702,127.1043,350.1,1,1,2014-08-28,0517,Aqua,MODIS,93,6.2,316.2,47,D,0
-20.1291,127.0812,326.2,1,1,2014-08-28,0517,Aqua,MODIS,60,6.2,316,7.4,D,0
-18.202,129.8869,337,1.2,1.1,2014-08-28,0517,Aqua,MODIS,47,6.2,314.9,26.2,D,0
-18.2037,129.8757,345,1.2,1.1,2014-08-28,0517,Aqua,MODIS,90,6.2,315.1,43.7,D,0
-18.2055,129.8645,366.1,1.2,1.1,2014-08-28,0517,Aqua,MODIS,100,6.2,315.3,112.5,D,0
-18.2072,129.8534,369.4,1.2,1.1,2014-08-28,0517,Aqua,MODIS,100,6.2,315.3,126.2,D,0
-18.1957,129.8628,368.2,1.2,1.1,2014-08-28,0517,Aqua,MODIS,100,6.2,314.5,122.9,D,0
-18.1975,129.8517,384.8,1.2,1.1,2014-08-28,0517,Aqua,MODIS,100,6.2,316.8,204.9,D,0
-18.3111,129.9186,341.6,1.2,1.1,2014-08-28,0517,Aqua,MODIS,87,6.2,316.7,35.3,D,0
-18.309,129.9242,341,1.2,1.1,2014-08-28,0517,Aqua,MODIS,87,6.2,316.8,33.7,D,0
-18.3093,129.9298,339.6,1.2,1.1,2014-08-28,0517,Aqua,MODIS,83,6.2,315.5,32.3,D,0
-18.2505,129.9139,337.8,1.2,1.1,2014-08-28,0517,Aqua,MODIS,76,6.2,314.9,27.6,D,0
-18.2117,129.8886,338.2,1.2,1.1,2014-08-28,0517,Aqua,MODIS,40,6.2,316.7,26.9,D,0
-18.715,130.8325,327.8,1.3,1.1,2014-08-28,0517,Aqua,MODIS,64,6.2,312.8,18.1,D,0
-18.7193,130.8275,327.7,1.3,1.1,2014-08-28,0517,Aqua,MODIS,64,6.2,313.2,18.8,D,0
-19.744,127.336,332.8,1,1,2014-08-28,0517,Aqua,MODIS,76,6.2,316.3,15.6,D,0
-19.7426,127.3455,349.8,1,1,2014-08-28,0517,Aqua,MODIS,93,6.2,318.6,45.2,D,0
-20.0716,127.0947,355.3,1,1,2014-08-28,0517,Aqua,MODIS,97,6.2,316.4,58.7,D,0
-18.7579,130.7634,336.2,1.3,1.1,2014-08-28,0517,Aqua,MODIS,83,6.2,310.8,34.2,D,0
-18.729,130.7016,325.2,1.3,1.1,2014-08-28,0517,Aqua,MODIS,41,6.2,307.6,14.3,D,0
-18.7335,130.7208,346.5,1.3,1.1,2014-08-28,0517,Aqua,MODIS,91,6.2,312,58.9,D,0
-18.7356,130.7085,353.3,1.3,1.1,2014-08-28,0517,Aqua,MODIS,96,6.2,309.6,81.5,D,0
-18.7371,130.7157,337.4,1.3,1.1,2014-08-28,0517,Aqua,MODIS,84,6.2,310.6,37.3,D,0
-18.727,130.7139,344.2,1.3,1.1,2014-08-28,0517,Aqua,MODIS,90,6.2,310.1,55.5,D,0
-20.4981,119.0466,324.9,3,1.6,2014-08-28,0517,Aqua,MODIS,65,6.2,313.1,39.3,D,0
-18.9166,133.8818,333.3,2.1,1.4,2014-08-28,0517,Aqua,MODIS,81,6.2,307,65,D,0
-18.9182,133.8773,326.5,2.1,1.4,2014-08-28,0517,Aqua,MODIS,69,6.2,306.9,38.1,D,0
-19.0877,122.0188,354.9,1.7,1.3,2014-08-28,0517,Aqua,MODIS,97,6.2,312.6,127.4,D,0
-19.0896,122.0024,325.9,1.7,1.3,2014-08-28,0517,Aqua,MODIS,43,6.2,309.5,20.3,D,0
-19.0742,122.0336,337.5,1.7,1.3,2014-08-28,0517,Aqua,MODIS,77,6.2,314.8,48.9,D,0
-19.0761,122.0173,396.8,1.7,1.3,2014-08-28,0517,Aqua,MODIS,100,6.2,319.6,479.8,D,0
-19.078,122.001,369.8,1.7,1.3,2014-08-28,0517,Aqua,MODIS,100,6.2,313.6,220.1,D,0
-17.7137,138.2586,324.7,4.7,2,2014-08-28,0517,Aqua,MODIS,53,6.2,307.6,122.3,D,0
-17.7167,138.2552,323.1,4.7,2,2014-08-28,0517,Aqua,MODIS,40,6.2,307.8,105.7,D,0
-17.7221,138.3075,325,4.8,2,2014-08-28,0517,Aqua,MODIS,35,6.2,308.2,111,D,0
-17.7043,138.3035,330.6,4.8,2,2014-08-28,0517,Aqua,MODIS,66,6.2,306.9,179.9,D,0
-17.7076,138.3003,330.9,4.8,2,2014-08-28,0517,Aqua,MODIS,70,6.2,307.4,183.8,D,0
-20.9815,119.6303,336.1,2.7,1.6,2014-08-28,0517,Aqua,MODIS,83,6.2,309.4,111.6,D,0
-20.9841,119.6035,359.7,2.8,1.6,2014-08-28,0517,Aqua,MODIS,99,6.2,310.8,324,D,0
-20.9672,119.6283,326.1,2.7,1.6,2014-08-28,0517,Aqua,MODIS,30,6.2,310.3,48,D,0
-20.9698,119.6016,346.2,2.8,1.6,2014-08-28,0517,Aqua,MODIS,91,6.2,312.2,185.4,D,0
-20.9477,119.6791,342,2.7,1.6,2014-08-28,0517,Aqua,MODIS,87,6.2,310.5,139.7,D,0
-20.9503,119.6527,339.9,2.7,1.6,2014-08-28,0517,Aqua,MODIS,80,6.2,311.7,124.7,D,0
-20.9334,119.6776,327.8,2.7,1.6,2014-08-28,0517,Aqua,MODIS,58,6.2,310.2,51.2,D,0
-20.936,119.6511,329.4,2.7,1.6,2014-08-28,0517,Aqua,MODIS,66,6.2,313.1,61.9,D,0
-20.8409,119.5557,327.2,2.8,1.6,2014-08-28,0517,Aqua,MODIS,59,6.2,314.5,49.2,D,0
-20.8381,119.548,327.2,2.8,1.6,2014-08-28,0517,Aqua,MODIS,63,6.2,314.7,48.1,D,0
-20.4981,119.0397,327.7,3,1.6,2014-08-28,0517,Aqua,MODIS,71,6.2,313.1,58.3,D,0
-18.8638,133.8872,337,2.1,1.4,2014-08-28,0517,Aqua,MODIS,85,6.2,311.7,77,D,0
-18.9129,133.9019,326.5,2.1,1.4,2014-08-28,0517,Aqua,MODIS,66,6.2,309.5,37.5,D,0
-18.9147,133.8972,329.7,2.1,1.4,2014-08-28,0517,Aqua,MODIS,77,6.2,308.8,49.2,D,0
-18.7062,133.7396,326.3,2.1,1.4,2014-08-28,0517,Aqua,MODIS,73,6.2,309.5,37.1,D,0
-18.7026,133.7594,334.1,2.1,1.4,2014-08-28,0517,Aqua,MODIS,82,6.2,310.9,67.3,D,0
-21.2592,125.7925,332.1,1.1,1,2014-08-28,0517,Aqua,MODIS,63,6.2,316.8,15.6,D,0
-21.2525,125.77,334,1.1,1,2014-08-28,0517,Aqua,MODIS,78,6.2,316.6,19.2,D,0
-21.2511,125.7805,382.2,1.1,1,2014-08-28,0517,Aqua,MODIS,100,6.2,320.3,166.1,D,0
-21.2497,125.791,344.9,1.1,1,2014-08-28,0517,Aqua,MODIS,88,6.2,315.3,38.9,D,0
-21.2578,125.803,331.7,1.1,1,2014-08-28,0517,Aqua,MODIS,69,6.2,315.2,16.2,D,0
-21.2912,125.8402,363.2,1.1,1,2014-08-28,0517,Aqua,MODIS,100,6.2,322.1,87.8,D,0
-21.2898,125.8507,362,1.1,1,2014-08-28,0517,Aqua,MODIS,100,6.2,318.2,84.1,D,0
-21.2966,125.836,341.2,1.1,1,2014-08-28,0517,Aqua,MODIS,86,6.2,317.3,29,D,0
-21.2952,125.8465,393.6,1.1,1,2014-08-28,0517,Aqua,MODIS,100,6.2,324.3,225.9,D,0
-21.2938,125.857,335.8,1.1,1,2014-08-28,0517,Aqua,MODIS,80,6.2,316.5,20,D,0
-21.3347,125.6905,327.5,1.1,1.1,2014-08-28,0517,Aqua,MODIS,64,6.2,314,10.1,D,0
-21.3361,125.6799,328.8,1.1,1.1,2014-08-28,0517,Aqua,MODIS,68,6.2,317,11.9,D,0
-21.4443,126.2514,334.8,1.1,1,2014-08-28,0517,Aqua,MODIS,79,6.2,315.8,20.7,D,0
-21.4459,126.1681,342.9,1.1,1,2014-08-28,0517,Aqua,MODIS,88,6.2,316.1,35.9,D,0
-21.4473,126.1578,332.2,1.1,1,2014-08-28,0517,Aqua,MODIS,75,6.2,315.4,18.2,D,0
-21.4486,126.1476,331.5,1.1,1,2014-08-28,0517,Aqua,MODIS,74,6.2,314,17.6,D,0
-21.3489,126.2832,328.5,1.1,1,2014-08-28,0517,Aqua,MODIS,60,6.2,316.1,10.9,D,0
-19.0704,122.0661,336.5,1.7,1.3,2014-08-28,0517,Aqua,MODIS,64,6.2,314.1,44.8,D,0
-18.7702,130.8168,359.2,1.3,1.1,2014-08-28,0517,Aqua,MODIS,99,6.2,314.9,101.7,D,0
-18.7498,130.8131,334.6,1.3,1.1,2014-08-28,0517,Aqua,MODIS,81,6.2,313.7,30.1,D,0
-18.7559,130.84,336.8,1.3,1.1,2014-08-28,0517,Aqua,MODIS,83,6.2,315.2,31.7,D,0
-21.4956,119.9668,328.2,2.6,1.6,2014-08-28,0517,Aqua,MODIS,73,6.2,312.2,53.6,D,0
-18.7518,130.8006,377.6,1.3,1.1,2014-08-28,0517,Aqua,MODIS,100,6.2,315,194.2,D,0
-18.7477,130.8256,328.9,1.3,1.1,2014-08-28,0517,Aqua,MODIS,44,6.2,313.6,16.7,D,0
-18.7682,130.8293,353,1.3,1.1,2014-08-28,0517,Aqua,MODIS,96,6.2,318,77.8,D,0
-18.7826,130.8707,328.2,1.3,1.1,2014-08-28,0517,Aqua,MODIS,58,6.2,315.2,14.9,D,0
-18.7806,130.8833,332.9,1.3,1.1,2014-08-28,0517,Aqua,MODIS,79,6.2,315.8,24.8,D,0
-19.1891,130.8232,324.4,1.3,1.1,2014-08-28,0517,Aqua,MODIS,59,6.2,311.9,12.9,D,0
-21.4908,119.9592,330.3,2.6,1.6,2014-08-28,0517,Aqua,MODIS,77,6.2,312.8,67.2,D,0
-15.3059,132.9351,327.6,2.1,1.4,2014-08-28,0518,Aqua,MODIS,72,6.2,313.8,36.2,D,0
-15.3093,132.9228,325.8,2.1,1.4,2014-08-28,0518,Aqua,MODIS,21,6.2,313.8,28.7,D,0
-15.3058,132.9424,326.1,2.1,1.4,2014-08-28,0518,Aqua,MODIS,41,6.2,312.8,27.2,D,0
-15.3889,132.9172,329.7,2.1,1.4,2014-08-28,0518,Aqua,MODIS,61,6.2,312.6,38.7,D,0
-15.4016,132.9195,329.7,2.1,1.4,2014-08-28,0518,Aqua,MODIS,70,6.2,314.5,38.2,D,0
-15.4002,132.9244,335.7,2.1,1.4,2014-08-28,0518,Aqua,MODIS,83,6.2,314.9,59.3,D,0
-14.1865,133.7294,326.7,2.6,1.5,2014-08-28,0518,Aqua,MODIS,36,6.2,313,41.8,D,0
-14.1824,133.7534,333.1,2.6,1.6,2014-08-28,0518,Aqua,MODIS,81,6.2,312.1,76.8,D,0
-14.1908,133.735,334.2,2.6,1.5,2014-08-28,0518,Aqua,MODIS,77,6.2,313.4,78.3,D,0
-13.5223,134.2987,318.4,3,1.6,2014-08-28,0518,Aqua,MODIS,36,6.2,306.7,24.1,D,0
-14.1865,133.759,332.4,2.6,1.6,2014-08-28,0518,Aqua,MODIS,74,6.2,312,70.2,D,0
-14.2226,133.7164,346.5,2.6,1.5,2014-08-28,0518,Aqua,MODIS,92,6.2,313.6,164.6,D,0
-14.2267,133.6929,328.1,2.6,1.5,2014-08-28,0518,Aqua,MODIS,53,6.2,308,50.9,D,0
-14.2088,133.7139,327.5,2.6,1.5,2014-08-28,0518,Aqua,MODIS,61,6.2,313.3,48.8,D,0
-15.4041,135.4745,342.9,3.3,1.7,2014-08-28,0518,Aqua,MODIS,90,6.2,309.8,205.8,D,0
-15.4077,135.4675,332.3,3.3,1.7,2014-08-28,0518,Aqua,MODIS,81,6.2,309.2,113.3,D,0
-15.438,133.1592,321.8,2.2,1.4,2014-08-28,0518,Aqua,MODIS,39,6.2,310.6,21.5,D,0
-15.3924,135.4644,328.5,3.3,1.7,2014-08-28,0518,Aqua,MODIS,70,6.2,307.3,89.5,D,0
-16.5466,123.7629,328.6,1.2,1.1,2014-08-28,0518,Aqua,MODIS,74,6.2,311.8,16.3,D,0
-15.134,125.6773,328.9,1,1,2014-08-28,0518,Aqua,MODIS,48,6.2,314.8,7.3,D,0
-18.0271,123.6331,342,1.3,1.1,2014-08-28,0518,Aqua,MODIS,69,6.2,315.5,43.1,D,0
-18.0261,123.5577,334.5,1.3,1.1,2014-08-28,0518,Aqua,MODIS,53,6.2,317.6,23.5,D,0
-18.0276,123.5453,336.5,1.3,1.1,2014-08-28,0518,Aqua,MODIS,72,6.2,317.6,29.7,D,0
-14.3768,129.476,327.4,1.3,1.1,2014-08-28,0518,Aqua,MODIS,61,6.2,317.3,13.5,D,0
-18.0256,123.6453,352.2,1.3,1.1,2014-08-28,0518,Aqua,MODIS,92,6.2,315.2,73.2,D,0
-17.8335,122.6797,367.4,1.5,1.2,2014-08-28,0518,Aqua,MODIS,100,6.2,317.9,164.5,D,0
-17.8352,122.6657,342.7,1.5,1.2,2014-08-28,0518,Aqua,MODIS,87,6.2,313.7,56.4,D,0
-16.5808,123.7328,351.4,1.2,1.1,2014-08-28,0518,Aqua,MODIS,95,6.2,313.5,70.6,D,0
-16.5793,123.7443,340.8,1.2,1.1,2014-08-28,0518,Aqua,MODIS,82,6.2,314.5,41.1,D,0
-16.391,123.936,330.9,1.2,1.1,2014-08-28,0518,Aqua,MODIS,53,6.2,308.3,22,D,0
-14.3096,129.5196,328.5,1.3,1.1,2014-08-28,0518,Aqua,MODIS,70,6.2,314.7,15,D,0
-14.2996,129.5179,328.9,1.3,1.1,2014-08-28,0518,Aqua,MODIS,66,6.2,313.2,15.1,D,0
-16.6248,123.9408,329.9,1.2,1.1,2014-08-28,0518,Aqua,MODIS,40,6.2,315,14.9,D,0
-16.6222,123.8832,334,1.2,1.1,2014-08-28,0518,Aqua,MODIS,75,6.2,314.1,21.7,D,0
-16.632,123.8845,349.6,1.2,1.1,2014-08-28,0518,Aqua,MODIS,94,6.2,314.3,57.4,D,0
-16.3925,123.925,327.5,1.2,1.1,2014-08-28,0518,Aqua,MODIS,46,6.2,312.6,16.4,D,0
-16.6433,123.8746,367.5,1.2,1.1,2014-08-28,0518,Aqua,MODIS,100,6.2,315.3,121.2,D,0
-16.6419,123.8859,344.3,1.2,1.1,2014-08-28,0518,Aqua,MODIS,81,6.2,313.2,42.6,D,0
-16.6532,123.876,337.2,1.2,1.1,2014-08-28,0518,Aqua,MODIS,68,6.2,309.3,32.2,D,0
-16.6517,123.8874,394.9,1.2,1.1,2014-08-28,0518,Aqua,MODIS,100,6.2,320.1,274.7,D,0
-16.6502,123.8987,368.1,1.2,1.1,2014-08-28,0518,Aqua,MODIS,100,6.2,316.5,123.3,D,0
-15.9844,128.8029,336.5,1.1,1.1,2014-08-28,0518,Aqua,MODIS,81,6.2,318.3,21.7,D,0
-17.8747,122.6335,332.7,1.5,1.2,2014-08-28,0518,Aqua,MODIS,76,6.2,313.1,34.3,D,0
-17.8443,122.6811,356.9,1.5,1.2,2014-08-28,0518,Aqua,MODIS,98,6.2,313.1,114.1,D,0
-17.8461,122.6671,331.6,1.5,1.2,2014-08-28,0518,Aqua,MODIS,73,6.2,310.2,28.2,D,0
-16.394,123.9135,325.4,1.2,1.1,2014-08-28,0518,Aqua,MODIS,52,6.2,310.2,13.7,D,0
-16.3827,123.9235,341.8,1.2,1.1,2014-08-28,0518,Aqua,MODIS,76,6.2,311.3,41.9,D,0
-16.3841,123.9124,349.1,1.2,1.1,2014-08-28,0518,Aqua,MODIS,88,6.2,312.4,59.7,D,0
-17.7992,122.6894,344.1,1.5,1.2,2014-08-28,0518,Aqua,MODIS,88,6.2,316.8,58.6,D,0
-17.8009,122.6754,345.9,1.5,1.2,2014-08-28,0518,Aqua,MODIS,90,6.2,317.8,63.2,D,0
-14.3078,129.5314,327.9,1.3,1.1,2014-08-28,0518,Aqua,MODIS,69,6.2,315.6,14.2,D,0
-16.1124,128.3799,328.9,1.1,1,2014-08-28,0518,Aqua,MODIS,42,6.2,316.1,11.7,D,0
-16.4714,123.9416,324.3,1.2,1.1,2014-08-28,0518,Aqua,MODIS,37,6.2,310.4,11.1,D,0
-17.8318,122.6937,370.2,1.5,1.2,2014-08-28,0518,Aqua,MODIS,100,6.2,316.5,181.5,D,0
-17.7975,122.7033,335.7,1.5,1.2,2014-08-28,0518,Aqua,MODIS,79,6.2,314.4,35.5,D,0
-15.1707,125.6799,343.2,1,1,2014-08-28,0518,Aqua,MODIS,56,6.2,312.7,28.5,D,0
-15.1746,125.6517,352.9,1,1,2014-08-28,0518,Aqua,MODIS,95,6.2,315.7,55.5,D,0
-16.6601,123.9001,326.9,1.2,1.1,2014-08-28,0518,Aqua,MODIS,60,6.2,311,14.2,D,0
-16.1139,128.3699,337,1.1,1,2014-08-28,0518,Aqua,MODIS,82,6.2,316.3,24.8,D,0
-15.1611,125.6814,332.3,1,1,2014-08-28,0518,Aqua,MODIS,26,6.2,316.6,13.3,D,0
-16.5892,123.7456,359.2,1.2,1.1,2014-08-28,0518,Aqua,MODIS,99,6.2,309.8,96.9,D,0
-16.5877,123.7571,328.9,1.2,1.1,2014-08-28,0518,Aqua,MODIS,23,6.2,310.4,18.1,D,0
-17.873,122.6476,332.7,1.5,1.2,2014-08-28,0518,Aqua,MODIS,76,6.2,313.6,33.7,D,0
-15.9796,128.8342,337.8,1.1,1.1,2014-08-28,0518,Aqua,MODIS,83,6.2,318.3,23.4,D,0
-15.9812,128.8238,330.9,1.1,1.1,2014-08-28,0518,Aqua,MODIS,54,6.2,317.4,10.8,D,0
-14.9796,126.1235,331.7,1,1,2014-08-28,0518,Aqua,MODIS,35,6.2,316.9,11,D,0
-17.3058,123.8708,339.1,1.2,1.1,2014-08-28,0518,Aqua,MODIS,84,6.2,320.3,28.3,D,0
-15.1759,125.6423,357.8,1,1,2014-08-28,0518,Aqua,MODIS,98,6.2,314.7,68.2,D,0
-14.5036,129.9068,333.9,1.4,1.2,2014-08-28,0518,Aqua,MODIS,79,6.2,316.9,25.3,D,0
-14.5159,129.8961,331.4,1.3,1.2,2014-08-28,0518,Aqua,MODIS,69,6.2,316.6,20.6,D,0
-15.168,125.6987,353.6,1,1,2014-08-28,0518,Aqua,MODIS,96,6.2,318.2,49.3,D,0
-16.6591,123.8308,326.3,1.2,1.1,2014-08-28,0518,Aqua,MODIS,51,6.2,308,16.6,D,0
-16.6422,123.8055,327.5,1.2,1.1,2014-08-28,0518,Aqua,MODIS,45,6.2,308.4,17.5,D,0
-17.4402,123.8548,338,1.2,1.1,2014-08-28,0518,Aqua,MODIS,82,6.2,317,29.1,D,0
-15.1558,125.7189,334.2,1,1,2014-08-28,0518,Aqua,MODIS,79,6.2,316.9,16.7,D,0
-15.1694,125.6893,339.4,1,1,2014-08-28,0518,Aqua,MODIS,40,6.2,315.6,21.2,D,0
-15.2222,126.1597,328.6,1,1,2014-08-28,0518,Aqua,MODIS,59,6.2,316.9,9,D,0
-15.2209,126.169,329.4,1,1,2014-08-28,0518,Aqua,MODIS,65,6.2,317.2,9.9,D,0
-17.4387,123.8664,331.3,1.2,1.1,2014-08-28,0518,Aqua,MODIS,62,6.2,316.1,16.7,D,0
-17.6509,127.7535,342.3,1,1,2014-08-28,0518,Aqua,MODIS,61,6.2,314.8,31.2,D,0
-14.9643,126.1023,333,1,1,2014-08-28,0518,Aqua,MODIS,66,6.2,315.2,14.9,D,0
-17.6376,127.7806,340.5,1,1,2014-08-28,0518,Aqua,MODIS,75,6.2,316,25,D,0
-17.6328,127.7506,341.6,1,1,2014-08-28,0518,Aqua,MODIS,52,6.2,314.9,26.4,D,0
-17.5919,127.7764,336,1,1,2014-08-28,0518,Aqua,MODIS,79,6.2,314.7,20.8,D,0
-17.5933,127.7668,342.2,1,1,2014-08-28,0518,Aqua,MODIS,88,6.2,313.8,30.8,D,0
-15.1654,125.7174,352.9,1,1,2014-08-28,0518,Aqua,MODIS,95,6.2,316.3,48.6,D,0
-17.5829,127.7749,335,1,1,2014-08-28,0518,Aqua,MODIS,76,6.2,313.3,20.7,D,0
-17.5843,127.7654,344.8,1,1,2014-08-28,0518,Aqua,MODIS,90,6.2,315.1,36.7,D,0
-17.5857,127.7558,338.3,1,1,2014-08-28,0518,Aqua,MODIS,74,6.2,312.2,24.7,D,0
-15.1719,126.1937,333,1,1,2014-08-28,0518,Aqua,MODIS,34,6.2,316.6,14.9,D,0
-14.5178,129.884,328.2,1.3,1.1,2014-08-28,0518,Aqua,MODIS,39,6.2,316.6,13.1,D,0
-15.1784,125.6906,337.4,1,1,2014-08-28,0518,Aqua,MODIS,57,6.2,311.9,20.2,D,0
-15.1835,126.1765,332.2,1,1,2014-08-28,0518,Aqua,MODIS,45,6.2,316.4,12.5,D,0
-15.1667,125.708,357.5,1,1,2014-08-28,0518,Aqua,MODIS,98,6.2,317.7,58.8,D,0
-15.0939,125.6999,330.9,1,1,2014-08-28,0518,Aqua,MODIS,26,6.2,316.5,9.3,D,0
-15.3144,134.7224,320.3,2.9,1.6,2014-08-28,0518,Aqua,MODIS,34,6.2,308.9,26.4,D,0
-15.3098,134.6653,319.8,2.9,1.6,2014-08-28,0518,Aqua,MODIS,40,6.2,307.6,31.1,D,0
-15.3965,135.0334,338,3.1,1.7,2014-08-28,0518,Aqua,MODIS,85,6.2,307.8,143.2,D,0
-15.3939,135.0376,338.7,3.1,1.7,2014-08-28,0518,Aqua,MODIS,77,6.2,308.1,144.3,D,0
-15.4141,135.0123,334.4,3.1,1.7,2014-08-28,0518,Aqua,MODIS,79,6.2,307.3,118.5,D,0
-15.3432,134.9064,333.6,3,1.7,2014-08-28,0518,Aqua,MODIS,82,6.2,308.6,117.3,D,0
-15.338,134.934,326.4,3,1.7,2014-08-28,0518,Aqua,MODIS,49,6.2,309.9,64.4,D,0
-15.4194,134.9841,322,3,1.7,2014-08-28,0518,Aqua,MODIS,30,6.2,304.6,46.4,D,0
-14.8362,131.8331,335.9,1.8,1.3,2014-08-28,0518,Aqua,MODIS,82,6.2,313.7,55.5,D,0
-14.839,131.8163,377.9,1.8,1.3,2014-08-28,0518,Aqua,MODIS,100,6.2,314.7,312,D,0
-15.3913,135.0619,331.9,3.1,1.7,2014-08-28,0518,Aqua,MODIS,53,6.2,311,96.1,D,0
-15.3284,134.9034,334.7,3,1.7,2014-08-28,0518,Aqua,MODIS,83,6.2,307.1,117.3,D,0
-15.3051,134.688,322.2,2.9,1.6,2014-08-28,0518,Aqua,MODIS,25,6.2,310,36.5,D,0
-15.3283,134.8954,330.3,3,1.7,2014-08-28,0518,Aqua,MODIS,78,6.2,306.2,87.5,D,0
-15.343,134.8985,343.7,3,1.7,2014-08-28,0518,Aqua,MODIS,90,6.2,308.1,195.2,D,0
-15.0074,134.8063,324,3,1.7,2014-08-28,0518,Aqua,MODIS,56,6.2,308.9,53,D,0
-15.0075,134.8141,321,3,1.7,2014-08-28,0518,Aqua,MODIS,44,6.2,308.2,38.8,D,0
-15.8275,130.4434,326.4,1.4,1.2,2014-08-28,0518,Aqua,MODIS,33,6.2,315,13.9,D,0
-15.7897,130.3783,344.9,1.4,1.2,2014-08-28,0518,Aqua,MODIS,86,6.2,316.3,53.8,D,0
-15.7856,130.3377,358.8,1.4,1.2,2014-08-28,0518,Aqua,MODIS,99,6.2,316,102.7,D,0
-18.0241,123.6575,337.6,1.3,1.1,2014-08-28,0518,Aqua,MODIS,52,6.2,311.8,34,D,0
-18.0094,123.6925,364.1,1.3,1.1,2014-08-28,0518,Aqua,MODIS,100,6.2,314.7,114.6,D,0
-18.0109,123.6804,359.1,1.3,1.1,2014-08-28,0518,Aqua,MODIS,99,6.2,319.6,94.2,D,0
-18.0124,123.6683,344.9,1.3,1.1,2014-08-28,0518,Aqua,MODIS,76,6.2,320.2,47.5,D,0
-17.9977,123.7032,381,1.3,1.1,2014-08-28,0518,Aqua,MODIS,100,6.2,322.4,199.4,D,0
-17.9992,123.6911,343.2,1.3,1.1,2014-08-28,0518,Aqua,MODIS,77,6.2,319.6,40.6,D,0
-17.9994,123.697,353.9,1.3,1.1,2014-08-28,0518,Aqua,MODIS,96,6.2,318.1,70.9,D,0
-18.0009,123.6849,334.7,1.3,1.1,2014-08-28,0518,Aqua,MODIS,70,6.2,320.8,18,D,0
-17.9877,123.7077,357.6,1.3,1.1,2014-08-28,0518,Aqua,MODIS,98,6.2,325,81.7,D,0
-15.4176,134.7502,319.9,2.9,1.6,2014-08-28,0518,Aqua,MODIS,33,6.2,309.8,30,D,0
-15.3048,134.6925,320.8,2.9,1.6,2014-08-28,0518,Aqua,MODIS,46,6.2,310.3,33.2,D,0
-15.8254,130.4563,327.6,1.4,1.2,2014-08-28,0518,Aqua,MODIS,36,6.2,317.2,15.8,D,0
-17.9962,123.7153,355.1,1.3,1.1,2014-08-28,0518,Aqua,MODIS,97,6.2,319,79.2,D,0
-17.9978,123.7091,370,1.3,1.1,2014-08-28,0518,Aqua,MODIS,100,6.2,320.5,136,D,0
-17.9861,123.7197,347.4,1.3,1.1,2014-08-28,0518,Aqua,MODIS,92,6.2,318.9,51.3,D,0
-17.9744,123.7303,331,1.3,1.1,2014-08-28,0518,Aqua,MODIS,39,6.2,318.9,16.1,D,0
-15.1315,125.629,345.4,1,1,2014-08-28,0518,Aqua,MODIS,90,6.2,315.1,35.3,D,0
-15.1328,125.6196,364.7,1,1,2014-08-28,0518,Aqua,MODIS,100,6.2,314,83.3,D,0
-15.1341,125.6102,356.3,1,1,2014-08-28,0518,Aqua,MODIS,97,6.2,310.6,62.3,D,0
-15.1211,125.637,353.2,1,1,2014-08-28,0518,Aqua,MODIS,96,6.2,321,51.4,D,0
-15.1224,125.6277,357.5,1,1,2014-08-28,0518,Aqua,MODIS,98,6.2,322.6,61.4,D,0
-15.1237,125.6183,380.4,1,1,2014-08-28,0518,Aqua,MODIS,100,6.2,325.2,138.3,D,0
-15.1251,125.6088,407.3,1,1,2014-08-28,0518,Aqua,MODIS,100,6.2,325.8,288.5,D,0
-15.1264,125.5993,366.6,1,1,2014-08-28,0518,Aqua,MODIS,100,6.2,314.4,91.4,D,0
-15.116,125.6075,332.5,1,1,2014-08-28,0518,Aqua,MODIS,50,6.2,317.6,14.7,D,0
-15.1173,125.598,332.5,1,1,2014-08-28,0518,Aqua,MODIS,40,6.2,314.8,16.7,D,0
-15.1186,125.5886,335.2,1,1,2014-08-28,0518,Aqua,MODIS,63,6.2,310.7,21.7,D,0
-15.3193,134.6953,340.6,2.9,1.6,2014-08-28,0518,Aqua,MODIS,88,6.2,310.4,155.5,D,0
-15.4342,135.4098,319.3,3.3,1.7,2014-08-28,0518,Aqua,MODIS,40,6.2,307.8,31.8,D,0
-16.0782,135.5593,323,3.3,1.7,2014-08-28,0518,Aqua,MODIS,62,6.2,309.7,46.7,D,0
-15.9015,135.6757,322.5,3.4,1.7,2014-08-28,0518,Aqua,MODIS,37,6.2,308.6,44.7,D,0
-16.1136,136.7281,317.1,4,1.9,2014-08-28,0518,Aqua,MODIS,22,6.2,306.6,43.2,D,0
-16.0005,136.5406,348.5,3.9,1.8,2014-08-28,0518,Aqua,MODIS,94,6.2,307.6,341.8,D,0
-16.068,135.5519,326.5,3.3,1.7,2014-08-28,0518,Aqua,MODIS,61,6.2,310.5,64.2,D,0
-16.063,135.556,325.4,3.3,1.7,2014-08-28,0518,Aqua,MODIS,72,6.2,310.8,62.3,D,0
-16.01,136.5799,334.2,3.9,1.8,2014-08-28,0518,Aqua,MODIS,83,6.2,307.5,173.9,D,0
-15.942,135.7153,324.6,3.4,1.7,2014-08-28,0518,Aqua,MODIS,71,6.2,310.6,49.9,D,0
-16.1739,136.7073,319.3,3.9,1.8,2014-08-28,0518,Aqua,MODIS,55,6.2,308.1,52.3,D,0
-15.431,135.4167,322.3,3.3,1.7,2014-08-28,0518,Aqua,MODIS,51,6.2,308.3,45.7,D,0
-15.9841,136.5372,334.6,3.9,1.8,2014-08-28,0518,Aqua,MODIS,83,6.2,306.9,168.7,D,0
-15.4164,135.0081,334.7,3.1,1.7,2014-08-28,0518,Aqua,MODIS,79,6.2,307.3,121.5,D,0
-16.0048,136.5467,346.5,3.9,1.8,2014-08-28,0518,Aqua,MODIS,92,6.2,307.2,316.5,D,0
-16.1702,136.7018,318.6,3.9,1.8,2014-08-28,0518,Aqua,MODIS,40,6.2,308.3,45,D,0
-15.4021,135.4983,323.8,3.3,1.7,2014-08-28,0518,Aqua,MODIS,52,6.2,309.6,57.5,D,0
-15.9976,136.5826,348,3.9,1.8,2014-08-28,0518,Aqua,MODIS,93,6.2,308.3,339.6,D,0
-15.3381,134.9262,332.1,3,1.7,2014-08-28,0518,Aqua,MODIS,80,6.2,309.8,98.1,D,0
-15.9936,136.5764,348.5,3.9,1.8,2014-08-28,0518,Aqua,MODIS,94,6.2,308.3,344.9,D,0
-15.1489,134.6213,330,2.9,1.6,2014-08-28,0518,Aqua,MODIS,77,6.2,313.9,72.3,D,0
-15.9057,135.6688,324.9,3.4,1.7,2014-08-28,0518,Aqua,MODIS,70,6.2,309.2,62,D,0
-12.663,131.2476,336.1,1.8,1.3,2014-08-28,0519,Aqua,MODIS,65,6.2,310.2,50.7,D,0
-12.6405,131.1862,328,1.8,1.3,2014-08-28,0519,Aqua,MODIS,63,6.2,313.2,24.7,D,0
-12.3632,133.7526,324.9,2.8,1.6,2014-08-28,0519,Aqua,MODIS,57,6.2,308.5,54.1,D,0
-12.6914,131.8425,350.2,2,1.4,2014-08-28,0519,Aqua,MODIS,94,6.2,312.7,130.5,D,0
-12.0707,133.6038,325.5,2.8,1.6,2014-08-28,0519,Aqua,MODIS,49,6.2,311.8,33.5,D,0
-12.0346,134.0609,329.2,3,1.7,2014-08-28,0519,Aqua,MODIS,75,6.2,307.8,76.5,D,0
-12.6677,131.2413,330.9,1.8,1.3,2014-08-28,0519,Aqua,MODIS,40,6.2,309.5,32.1,D,0
-12.0095,133.1526,330.2,2.6,1.5,2014-08-28,0519,Aqua,MODIS,77,6.2,313,52.4,D,0
-12.6387,134.272,326,3.1,1.7,2014-08-28,0519,Aqua,MODIS,70,6.2,306,70.9,D,0
-12.5159,135.1952,326.5,3.6,1.8,2014-08-28,0519,Aqua,MODIS,72,6.2,304.4,95.3,D,0
-12.2824,136.5288,318.4,4.6,2,2014-08-28,0519,Aqua,MODIS,56,6.2,299.9,94.8,D,0
-12.3479,133.7451,338.9,2.8,1.6,2014-08-28,0519,Aqua,MODIS,86,6.2,308.8,137,D,0
-12.7467,135.1173,321.5,3.5,1.8,2014-08-28,0519,Aqua,MODIS,58,6.2,307.2,54.6,D,0
-12.7527,135.1109,320.6,3.5,1.8,2014-08-28,0519,Aqua,MODIS,41,6.2,306.6,44.4,D,0
-12.6946,135.3109,323.3,3.7,1.8,2014-08-28,0519,Aqua,MODIS,68,6.2,304.9,68.9,D,0
-12.4711,131.5132,322.7,1.9,1.3,2014-08-28,0519,Aqua,MODIS,56,6.2,310,21.4,D,0
-12.4426,133.7467,322.2,2.8,1.6,2014-08-28,0519,Aqua,MODIS,29,6.2,306.4,37.5,D,0
-12.0818,133.5977,328.2,2.8,1.6,2014-08-28,0519,Aqua,MODIS,73,6.2,310.3,51.8,D,0
-12.7283,131.8487,327.7,2,1.4,2014-08-28,0519,Aqua,MODIS,28,6.2,312.3,30.1,D,0
-12.686,135.3018,324.1,3.7,1.8,2014-08-28,0519,Aqua,MODIS,69,6.2,304.5,74.9,D,0
-12.4992,133.1828,323.1,2.5,1.5,2014-08-28,0519,Aqua,MODIS,53,6.2,311.2,34.2,D,0
-12.0054,133.1759,343,2.6,1.5,2014-08-28,0519,Aqua,MODIS,89,6.2,312.5,130.6,D,0
-12.3346,133.7471,327.8,2.8,1.6,2014-08-28,0519,Aqua,MODIS,64,6.2,306.6,65.2,D,0
-12.5228,135.1892,325.7,3.6,1.8,2014-08-28,0519,Aqua,MODIS,71,6.2,304.3,90.9,D,0
-12.7037,131.8446,325.5,2,1.4,2014-08-28,0519,Aqua,MODIS,20,6.2,308.6,23.1,D,0
-12.7468,131.8406,326.8,2,1.4,2014-08-28,0519,Aqua,MODIS,22,6.2,311.7,23,D,0
-12.4197,130.9982,332.6,1.7,1.3,2014-08-28,0519,Aqua,MODIS,40,6.2,312.1,37.2,D,0
-12.4396,135.5597,318.9,3.9,1.8,2014-08-28,0519,Aqua,MODIS,42,6.2,302.1,53.4,D,0
-12.2795,134.1472,323.6,3,1.7,2014-08-28,0519,Aqua,MODIS,42,6.2,305.2,52.8,D,0
-12.6698,131.8202,329.7,2,1.4,2014-08-28,0519,Aqua,MODIS,40,6.2,311.4,34.8,D,0
-12.4081,130.9962,330,1.7,1.3,2014-08-28,0519,Aqua,MODIS,63,6.2,310.8,34.9,D,0
-11.9341,133.672,319.3,2.8,1.6,2014-08-28,0519,Aqua,MODIS,44,6.2,307.1,30,D,0
-12.085,133.6062,327.4,2.8,1.6,2014-08-28,0519,Aqua,MODIS,67,6.2,310.3,47.2,D,0
-12.7217,132.5137,323.1,2.2,1.4,2014-08-28,0519,Aqua,MODIS,55,6.2,310.9,25.1,D,0
-12.725,132.509,322.4,2.2,1.4,2014-08-28,0519,Aqua,MODIS,47,6.2,310.3,20.4,D,0
-12.2775,134.1517,322.1,3,1.7,2014-08-28,0519,Aqua,MODIS,49,6.2,304.7,46.7,D,0
-12.0297,134.0885,331.5,3,1.7,2014-08-28,0519,Aqua,MODIS,78,6.2,306,95.7,D,0
-12.3488,133.7503,341.9,2.8,1.6,2014-08-28,0519,Aqua,MODIS,88,6.2,309.2,160.7,D,0
-11.7956,133.1181,334.8,2.6,1.5,2014-08-28,0519,Aqua,MODIS,80,6.2,307.4,94.4,D,0
-11.8015,133.1269,326.6,2.6,1.5,2014-08-28,0519,Aqua,MODIS,51,6.2,307.5,48.6,D,0
-12.3572,135.7297,322.8,4,1.9,2014-08-28,0519,Aqua,MODIS,52,6.2,303.8,79.8,D,0
-12.5457,135.5204,317.2,3.8,1.8,2014-08-28,0519,Aqua,MODIS,31,6.2,302.8,40.8,D,0
-12.2586,134.9537,321.8,3.5,1.8,2014-08-28,0519,Aqua,MODIS,56,6.2,301.8,66.4,D,0
-12.5071,134.0646,320.3,3,1.6,2014-08-28,0519,Aqua,MODIS,39,6.2,305.7,33.5,D,0
-11.5972,130.3114,331.6,1.6,1.2,2014-08-28,0519,Aqua,MODIS,72,6.2,312.6,36.7,D,0
-14.0387,129.9392,323,1.4,1.2,2014-08-28,0519,Aqua,MODIS,40,6.2,310.4,14.3,D,0
-11.4018,130.3114,336.6,1.6,1.3,2014-08-28,0519,Aqua,MODIS,88,6.2,310.9,51.4,D,0
-14.004,130.158,330.9,1.4,1.2,2014-08-28,0519,Aqua,MODIS,65,6.2,314.9,21.1,D,0
-13.9489,130.1621,333.5,1.4,1.2,2014-08-28,0519,Aqua,MODIS,72,6.2,314.7,26.6,D,0
-13.9175,129.783,325.6,1.4,1.2,2014-08-28,0519,Aqua,MODIS,27,6.2,311.3,17.3,D,0
-13.1318,130.3551,329,1.5,1.2,2014-08-28,0519,Aqua,MODIS,44,6.2,315.6,19.2,D,0
-11.5995,130.2969,334.5,1.6,1.2,2014-08-28,0519,Aqua,MODIS,84,6.2,310.5,43.3,D,0
-11.7694,130.0323,321.4,1.5,1.2,2014-08-28,0519,Aqua,MODIS,0,6.2,305.9,17.5,D,0
-13.9398,130.1136,330.9,1.4,1.2,2014-08-28,0519,Aqua,MODIS,48,6.2,317.6,17.6,D,0
-14.0019,130.1711,328.9,1.4,1.2,2014-08-28,0519,Aqua,MODIS,62,6.2,312.8,18.3,D,0
-12.3903,132.7749,325.4,2.4,1.5,2014-08-28,0519,Aqua,MODIS,52,6.2,309.7,38.5,D,0
-14.4573,126.6826,328,1,1,2014-08-28,0519,Aqua,MODIS,50,6.2,315.2,10.5,D,0
-13.9017,130.0138,325.9,1.4,1.2,2014-08-28,0519,Aqua,MODIS,63,6.2,311.8,17.8,D,0
-13.4662,132.4695,328.1,2.1,1.4,2014-08-28,0519,Aqua,MODIS,53,6.2,312.2,34.6,D,0
-13.4678,132.4649,325.5,2.1,1.4,2014-08-28,0519,Aqua,MODIS,32,6.2,312.2,26.1,D,0
-13.7682,131.4652,329.6,1.8,1.3,2014-08-28,0519,Aqua,MODIS,65,6.2,308.8,33.8,D,0
-13.7655,131.4816,339.3,1.8,1.3,2014-08-28,0519,Aqua,MODIS,86,6.2,313.3,66.6,D,0
-13.7772,131.4836,332.5,1.8,1.3,2014-08-28,0519,Aqua,MODIS,78,6.2,311.1,43.6,D,0
-12.6314,131.1678,327.3,1.8,1.3,2014-08-28,0519,Aqua,MODIS,53,6.2,311.9,25,D,0
-13.7272,132.0266,328.7,2,1.4,2014-08-28,0519,Aqua,MODIS,54,6.2,313.4,26.6,D,0
-13.7395,132.0286,331.9,2,1.4,2014-08-28,0519,Aqua,MODIS,78,6.2,313.8,38,D,0
-11.8057,133.1032,328.8,2.6,1.5,2014-08-28,0519,Aqua,MODIS,78,6.2,304.4,63.1,D,0
-13.751,131.4958,348.8,1.8,1.3,2014-08-28,0519,Aqua,MODIS,93,6.2,313.1,104.3,D,0
-13.7483,131.5122,383.1,1.8,1.3,2014-08-28,0519,Aqua,MODIS,100,6.2,317.1,353.5,D,0
-13.7455,131.5287,377.6,1.8,1.3,2014-08-28,0519,Aqua,MODIS,100,6.2,316.4,303.3,D,0
-13.7427,131.5452,331,1.8,1.3,2014-08-28,0519,Aqua,MODIS,76,6.2,313,38.1,D,0
-13.7745,131.5,324.8,1.8,1.3,2014-08-28,0519,Aqua,MODIS,25,6.2,313.2,20.9,D,0
-13.7365,131.5102,346.2,1.8,1.3,2014-08-28,0519,Aqua,MODIS,91,6.2,309.2,91.3,D,0
-13.7338,131.5266,339.4,1.8,1.3,2014-08-28,0519,Aqua,MODIS,83,6.2,311.8,62.6,D,0
-11.4125,132.4226,325.1,2.3,1.5,2014-08-28,0519,Aqua,MODIS,56,6.2,309,37,D,0
-12.3739,135.7327,318.5,4,1.9,2014-08-28,0519,Aqua,MODIS,29,6.2,303,50.5,D,0
-11.3294,132.4445,337.2,2.3,1.5,2014-08-28,0519,Aqua,MODIS,68,6.2,306.3,93.1,D,0
-13.4703,132.371,328.9,2.1,1.4,2014-08-28,0519,Aqua,MODIS,67,6.2,312.6,30.8,D,0
-13.4839,132.3683,325.6,2.1,1.4,2014-08-28,0519,Aqua,MODIS,48,6.2,313.3,20.5,D,0
-13.4712,132.366,327.6,2.1,1.4,2014-08-28,0519,Aqua,MODIS,48,6.2,313.5,26.7,D,0
-12.1323,132.8057,354.1,2.4,1.5,2014-08-28,0519,Aqua,MODIS,96,6.2,307.6,214.6,D,0
-12.1388,132.802,338.9,2.4,1.5,2014-08-28,0519,Aqua,MODIS,66,6.2,305.6,99.8,D,0
-12.1254,132.7994,344.1,2.4,1.5,2014-08-28,0519,Aqua,MODIS,90,6.2,306.3,137.2,D,0
-11.361,132.3274,333.5,2.3,1.5,2014-08-28,0519,Aqua,MODIS,82,6.2,305.3,75.2,D,0
-11.3538,132.369,334.6,2.3,1.5,2014-08-28,0519,Aqua,MODIS,83,6.2,307,73.2,D,0
-11.3532,132.3833,327.9,2.3,1.5,2014-08-28,0519,Aqua,MODIS,50,6.2,307.1,41.4,D,0
-11.3567,132.3621,329.4,2.3,1.5,2014-08-28,0519,Aqua,MODIS,78,6.2,305.8,52.8,D,0
-11.3268,132.3788,332.5,2.3,1.5,2014-08-28,0519,Aqua,MODIS,53,6.2,304.5,67.4,D,0
-11.3304,132.3576,328.6,2.3,1.5,2014-08-28,0519,Aqua,MODIS,15,6.2,305.2,51.2,D,0
-13.715,131.7831,324,1.9,1.3,2014-08-28,0519,Aqua,MODIS,58,6.2,311.7,14.5,D,0
-13.703,131.7809,345.8,1.9,1.3,2014-08-28,0519,Aqua,MODIS,91,6.2,312.9,94.7,D,0
-11.3173,132.0407,318.6,2.2,1.4,2014-08-28,0519,Aqua,MODIS,47,6.2,303.6,26.7,D,0
-11.7453,132.9608,322,2.5,1.5,2014-08-28,0519,Aqua,MODIS,28,6.2,304,35.4,D,0
-11.7368,132.9644,323.4,2.5,1.5,2014-08-28,0519,Aqua,MODIS,64,6.2,301.9,43,D,0
-12.282,136.5206,317,4.6,2,2014-08-28,0519,Aqua,MODIS,42,6.2,299.9,82.8,D,0
-13.7059,131.7639,338.9,1.9,1.3,2014-08-28,0519,Aqua,MODIS,85,6.2,315,62.1,D,0
-11.3505,132.3183,378.7,2.3,1.5,2014-08-28,0519,Aqua,MODIS,100,6.2,310.8,461.6,D,0
-11.347,132.3389,345.2,2.3,1.5,2014-08-28,0519,Aqua,MODIS,92,6.2,307.2,138,D,0
-11.3602,132.3412,321.1,2.3,1.5,2014-08-28,0519,Aqua,MODIS,30,6.2,304.7,23.8,D,0
-12.3579,134.8148,319.7,3.4,1.7,2014-08-28,0519,Aqua,MODIS,46,6.2,303.6,43.9,D,0
-11.3574,132.3479,327.1,2.3,1.5,2014-08-28,0519,Aqua,MODIS,46,6.2,305.3,41.6,D,0
-11.6672,132.9232,317.8,2.5,1.5,2014-08-28,0519,Aqua,MODIS,39,6.2,303.7,20.2,D,0
-12.1361,132.7838,338.8,2.4,1.5,2014-08-28,0519,Aqua,MODIS,65,6.2,304.2,109.7,D,0
-14.1397,129.7441,344.7,1.3,1.1,2014-08-28,0519,Aqua,MODIS,90,6.2,312.6,59.3,D,0
-14.1378,129.7564,335.5,1.3,1.1,2014-08-28,0519,Aqua,MODIS,81,6.2,312.4,36.1,D,0
-11.3918,130.4469,325.9,1.7,1.3,2014-08-28,0519,Aqua,MODIS,75,6.2,310.9,26.3,D,0
-13.9017,129.7747,331.1,1.4,1.2,2014-08-28,0519,Aqua,MODIS,66,6.2,308.5,25.1,D,0
-14.1616,129.6725,335.7,1.3,1.1,2014-08-28,0519,Aqua,MODIS,81,6.2,312.6,31.7,D,0
-13.8998,129.7871,331.5,1.4,1.2,2014-08-28,0519,Aqua,MODIS,73,6.2,309.5,24.8,D,0
-13.9101,129.7889,343.4,1.4,1.2,2014-08-28,0519,Aqua,MODIS,89,6.2,313.1,54.3,D,0
-13.9071,129.7812,362.4,1.4,1.2,2014-08-28,0519,Aqua,MODIS,100,6.2,313.5,124.1,D,0
-13.9051,129.7936,326.5,1.4,1.2,2014-08-28,0519,Aqua,MODIS,24,6.2,311.2,16,D,0
-13.0194,134.8636,321.1,3.3,1.7,2014-08-28,0519,Aqua,MODIS,48,6.2,304,48,D,0
-14.456,126.6919,336.9,1,1,2014-08-28,0519,Aqua,MODIS,83,6.2,314.7,23.2,D,0
-14.4457,126.6997,324.9,1,1,2014-08-28,0519,Aqua,MODIS,57,6.2,314,6.2,D,0
-14.447,126.6904,341.9,1,1,2014-08-28,0519,Aqua,MODIS,88,6.2,314.6,30.2,D,0
-14.4367,126.6982,331.8,1,1,2014-08-28,0519,Aqua,MODIS,76,6.2,311.8,14.2,D,0
-14.438,126.689,339,1,1,2014-08-28,0519,Aqua,MODIS,85,6.2,314.4,24.4,D,0
-12.8884,136.302,319.6,4.3,1.9,2014-08-28,0519,Aqua,MODIS,60,6.2,303.2,86.3,D,0
-12.8815,136.2678,326.7,4.3,1.9,2014-08-28,0519,Aqua,MODIS,75,6.2,302,146.9,D,0
-12.8986,136.2714,333.4,4.3,1.9,2014-08-28,0519,Aqua,MODIS,83,6.2,303.4,222.2,D,0
-12.8786,136.2591,319.8,4.3,1.9,2014-08-28,0519,Aqua,MODIS,54,6.2,301.2,85.4,D,0
-12.8956,136.2627,337.2,4.3,1.9,2014-08-28,0519,Aqua,MODIS,86,6.2,303.1,262.6,D,0
-13.2982,134.2707,332.9,3,1.6,2014-08-28,0519,Aqua,MODIS,81,6.2,305.9,104.9,D,0
-12.9258,135.2307,321.2,3.6,1.8,2014-08-28,0519,Aqua,MODIS,29,6.2,303,60.4,D,0
-12.055,134.2971,327,3.2,1.7,2014-08-28,0519,Aqua,MODIS,68,6.2,303.7,86.5,D,0
-11.7465,132.9898,323,2.5,1.5,2014-08-28,0519,Aqua,MODIS,26,6.2,303.8,39.8,D,0
-11.7415,132.9838,321.1,2.5,1.5,2014-08-28,0519,Aqua,MODIS,24,6.2,302.8,33.4,D,0
-13.2885,134.2405,324.6,3,1.6,2014-08-28,0519,Aqua,MODIS,69,6.2,304.3,59.4,D,0
-13.2836,134.2677,357.8,3,1.6,2014-08-28,0519,Aqua,MODIS,98,6.2,307.2,343.9,D,0
-12.0567,134.2726,328.8,3.1,1.7,2014-08-28,0519,Aqua,MODIS,74,6.2,303.3,95.2,D,0
-12.0516,134.3011,323.2,3.2,1.7,2014-08-28,0519,Aqua,MODIS,56,6.2,303,60.8,D,0
-12.0599,134.2684,325.5,3.1,1.7,2014-08-28,0519,Aqua,MODIS,69,6.2,303.3,76.9,D,0
-12.9549,135.0712,320.6,3.5,1.8,2014-08-28,0519,Aqua,MODIS,61,6.2,302,59.2,D,0
-12.6544,131.8361,331.8,2,1.4,2014-08-28,0519,Aqua,MODIS,64,6.2,311.2,40.7,D,0
-13.0692,134.2692,318.2,3,1.6,2014-08-28,0519,Aqua,MODIS,26,6.2,303.7,34.5,D,0
-13.0098,134.8567,334.3,3.3,1.7,2014-08-28,0519,Aqua,MODIS,83,6.2,304.1,143.1,D,0
-12.4374,133.6927,323.1,2.8,1.6,2014-08-28,0519,Aqua,MODIS,36,6.2,306.5,40.9,D,0
-12.434,133.6847,326.6,2.8,1.6,2014-08-28,0519,Aqua,MODIS,49,6.2,306.7,55.2,D,0
-12.3805,135.6968,320.7,4,1.9,2014-08-28,0519,Aqua,MODIS,42,6.2,303,63.4,D,0
-12.9159,135.195,323.1,3.6,1.8,2014-08-28,0519,Aqua,MODIS,54,6.2,302.7,73.7,D,0
-12.3333,132.787,325.6,2.4,1.5,2014-08-28,0519,Aqua,MODIS,24,6.2,309.7,45.9,D,0
-11.4035,130.87,358.9,1.8,1.3,2014-08-28,0519,Aqua,MODIS,99,6.2,308,168.7,D,0
-12.9221,135.1889,328.8,3.6,1.8,2014-08-28,0519,Aqua,MODIS,41,6.2,304,107.8,D,0
-11.4101,130.9043,325.6,1.8,1.3,2014-08-28,0519,Aqua,MODIS,68,6.2,308.2,31.3,D,0
-11.4127,130.888,332.5,1.8,1.3,2014-08-28,0519,Aqua,MODIS,85,6.2,309.3,52,D,0
-11.401,130.886,354,1.8,1.3,2014-08-28,0519,Aqua,MODIS,97,6.2,308.2,141.5,D,0
-11.6254,130.7082,322,1.7,1.3,2014-08-28,0519,Aqua,MODIS,41,6.2,309.6,17.6,D,0
-12.6575,131.818,331.5,2,1.4,2014-08-28,0519,Aqua,MODIS,52,6.2,314.8,41,D,0
-12.9218,135.1632,322.7,3.5,1.8,2014-08-28,0519,Aqua,MODIS,40,6.2,302.3,68,D,0
-12.9491,135.1028,321.5,3.5,1.8,2014-08-28,0519,Aqua,MODIS,63,6.2,302.4,63,D,0
-37.4362,143.2527,306.4,1.6,1.2,2014-08-28,1259,Terra,MODIS,68,6.2,276,23.7,N,0
-28.058,150.2663,307.7,1.3,1.1,2014-08-28,1301,Terra,MODIS,72,6.2,282.4,17.1,N,0
-24.8789,148.6051,313.9,1.2,1.1,2014-08-28,1302,Terra,MODIS,88,6.2,282.4,19.3,N,0
-26.5316,149.3988,306.3,1.2,1.1,2014-08-28,1302,Terra,MODIS,68,6.2,282.8,14.7,N,0
-24.8886,148.6072,313.6,1.2,1.1,2014-08-28,1302,Terra,MODIS,88,6.2,283.1,19.5,N,0
-23.7012,150.6561,318.4,1.7,1.3,2014-08-28,1303,Terra,MODIS,97,6.2,285.3,40.4,N,0
-23.701,150.6671,302.9,1.7,1.3,2014-08-28,1303,Terra,MODIS,52,6.2,284.9,16.6,N,0
-23.7038,150.6509,309.9,1.7,1.3,2014-08-28,1303,Terra,MODIS,79,6.2,284.9,25.9,N,0
-23.0313,147.4828,301,1.1,1.1,2014-08-28,1303,Terra,MODIS,37,6.2,282.9,8.1,N,0
-14.2165,143.2828,300.4,1,1,2014-08-28,1305,Terra,MODIS,28,6.2,290.1,4.5,N,0
-15.1084,145.2248,347.2,1.1,1,2014-08-28,1305,Terra,MODIS,100,6.2,295.5,62.9,N,0
-16.5336,145.1834,304.1,1.1,1,2014-08-28,1305,Terra,MODIS,18,6.2,286.9,7.6,N,0
-16.0607,144.4591,300.8,1,1,2014-08-28,1305,Terra,MODIS,11,6.2,288.5,4.7,N,0
-16.5274,145.162,304.4,1.1,1,2014-08-28,1305,Terra,MODIS,21,6.2,288.1,7.3,N,0
-16.5182,145.1604,324.1,1.1,1,2014-08-28,1305,Terra,MODIS,100,6.2,289.9,24.7,N,0
-14.8516,144.9705,306.9,1.1,1,2014-08-28,1305,Terra,MODIS,19,6.2,291.4,7.2,N,0
-15.5466,145.0763,300.8,1.1,1,2014-08-28,1305,Terra,MODIS,34,6.2,287.7,5.8,N,0
-16.0698,144.4605,312.8,1,1,2014-08-28,1305,Terra,MODIS,86,6.2,290.4,12.4,N,0
-16.0593,144.4685,303.4,1,1,2014-08-28,1305,Terra,MODIS,37,6.2,289.3,6.1,N,0
-14.9691,145.118,320.4,1.1,1,2014-08-28,1305,Terra,MODIS,100,6.2,290.3,21.3,N,0
-15.1099,145.2148,303.8,1.1,1,2014-08-28,1305,Terra,MODIS,14,6.2,292.5,5,N,0
-14.8699,144.9123,303.8,1.1,1,2014-08-28,1305,Terra,MODIS,37,6.2,290.4,5.8,N,0
-14.8791,144.9138,306.9,1.1,1,2014-08-28,1305,Terra,MODIS,70,6.2,290.8,8.2,N,0
-16.0579,144.478,303,1,1,2014-08-28,1305,Terra,MODIS,12,6.2,289.4,5.5,N,0
-14.8636,144.8914,313.4,1.1,1,2014-08-28,1305,Terra,MODIS,87,6.2,291.5,12.6,N,0
-14.8446,144.9735,306.6,1.1,1,2014-08-28,1305,Terra,MODIS,69,6.2,291.2,8,N,0
-14.8622,144.9009,312.4,1.1,1,2014-08-28,1305,Terra,MODIS,85,6.2,290.5,11.7,N,0
-14.9676,145.128,327.3,1.1,1,2014-08-28,1305,Terra,MODIS,100,6.2,291.3,29.5,N,0
-16.0628,144.5079,320.3,1,1,2014-08-28,1305,Terra,MODIS,100,6.2,288.8,19.3,N,0
-14.8368,144.9622,301.4,1.1,1,2014-08-28,1305,Terra,MODIS,12,6.2,291.2,4.5,N,0
-15.3452,144.7511,301.4,1,1,2014-08-28,1305,Terra,MODIS,41,6.2,290.5,4.7,N,0
-16.5168,145.17,306.2,1.1,1,2014-08-28,1305,Terra,MODIS,21,6.2,287.9,8.2,N,0
-16.0719,144.5093,318.3,1,1,2014-08-28,1305,Terra,MODIS,96,6.2,289.4,17.3,N,0
-15.0991,145.2232,311,1.1,1,2014-08-28,1305,Terra,MODIS,67,6.2,293.4,10.3,N,0
-15.4254,132.982,303.4,4.4,1.9,2014-08-28,1305,Terra,MODIS,55,6.2,289.7,56.1,N,0
-15.6305,145.2583,310.2,1.1,1,2014-08-28,1305,Terra,MODIS,79,6.2,291.2,11.4,N,0
-15.4371,133.0192,360,4.3,1.9,2014-08-28,1305,Terra,MODIS,100,6.2,295.6,733.6,N,0
-15.6372,145.2559,312.9,1.1,1,2014-08-28,1305,Terra,MODIS,86,6.2,291.2,13.3,N,0
-15.4428,132.9837,356.2,4.4,1.9,2014-08-28,1305,Terra,MODIS,100,6.2,295.9,655.5,N,0
-15.4388,133.0243,352.7,4.3,1.9,2014-08-28,1305,Terra,MODIS,100,6.2,293.6,579.7,N,0
-15.6387,145.246,305.6,1.1,1,2014-08-28,1305,Terra,MODIS,63,6.2,289.6,7.6,N,0
-15.6319,145.2486,303.4,1.1,1,2014-08-28,1305,Terra,MODIS,55,6.2,290.7,6.7,N,0
-15.4413,132.9786,349.7,4.4,1.9,2014-08-28,1305,Terra,MODIS,100,6.2,294.8,530.4,N,0
-12.3764,143.0951,302.3,1,1,2014-08-28,1306,Terra,MODIS,48,6.2,292,3.7,N,0
-12.2747,142.3234,300.9,1,1,2014-08-28,1306,Terra,MODIS,31,6.2,289.6,4.1,N,0
-12.2123,136.4187,319,2.1,1.4,2014-08-28,1306,Terra,MODIS,98,6.2,289.5,53,N,0
-13.4186,141.6269,310.8,1.1,1,2014-08-28,1306,Terra,MODIS,74,6.2,289.9,11,N,0
-12.2251,136.4203,306.2,2.1,1.4,2014-08-28,1306,Terra,MODIS,67,6.2,289.2,24.5,N,0
-13.4068,141.6449,304.5,1.1,1,2014-08-28,1306,Terra,MODIS,61,6.2,288.8,7.1,N,0
-14.232,133.7191,302.3,3.7,1.8,2014-08-28,1306,Terra,MODIS,48,6.2,289.3,41.6,N,0
-13.4369,132.3791,303.9,4.6,2,2014-08-28,1306,Terra,MODIS,57,6.2,292.7,42.9,N,0
-12.1168,132.7973,305.8,4.1,1.9,2014-08-28,1306,Terra,MODIS,37,6.2,290.5,55.2,N,0
-14.2356,133.6846,302.9,3.7,1.8,2014-08-28,1306,Terra,MODIS,52,6.2,289.9,44.1,N,0
-12.2014,132.8493,306.6,4.1,1.9,2014-08-28,1306,Terra,MODIS,69,6.2,291.1,59.4,N,0
-12.2147,136.3991,313.8,2.1,1.4,2014-08-28,1306,Terra,MODIS,88,6.2,289.2,39.7,N,0
-13.4199,141.6172,315,1.1,1,2014-08-28,1306,Terra,MODIS,90,6.2,290.5,15.1,N,0
-12.8352,142.9086,302.1,1,1,2014-08-28,1306,Terra,MODIS,47,6.2,291.1,4.7,N,0
-13.0905,141.6821,329.9,1,1,2014-08-28,1306,Terra,MODIS,100,6.2,292.4,29.7,N,0
-12.2117,142.314,303.3,1,1,2014-08-28,1306,Terra,MODIS,54,6.2,290.1,5,N,0
-13.0918,141.6725,328.2,1,1,2014-08-28,1306,Terra,MODIS,100,6.2,293.9,27.7,N,0
-11.8122,142.6034,302.4,1,1,2014-08-28,1306,Terra,MODIS,49,6.2,290.5,4.8,N,0
-12.6616,142.0563,311.2,1,1,2014-08-28,1306,Terra,MODIS,82,6.2,291.9,10.8,N,0
-13.0892,141.6917,313.8,1,1,2014-08-28,1306,Terra,MODIS,88,6.2,291.3,12.4,N,0
-12.2546,143.0456,309,1,1,2014-08-28,1306,Terra,MODIS,76,6.2,292,7.6,N,0
-12.3835,133.7205,306.9,3.5,1.8,2014-08-28,1306,Terra,MODIS,66,6.2,293.4,37,N,0
-13.0827,141.6712,326.8,1,1,2014-08-28,1306,Terra,MODIS,100,6.2,292,26.3,N,0
-12.6603,142.0656,311.9,1,1,2014-08-28,1306,Terra,MODIS,84,6.2,291.8,11.4,N,0
-12.3008,142.0069,301.9,1,1,2014-08-28,1306,Terra,MODIS,45,6.2,291.2,4.3,N,0
-13.0983,141.693,325.8,1,1,2014-08-28,1306,Terra,MODIS,100,6.2,293.5,24.9,N,0
-12.3092,143.0509,308.5,1,1,2014-08-28,1306,Terra,MODIS,49,6.2,291.8,6.9,N,0
-11.7704,142.5722,308.9,1,1,2014-08-28,1306,Terra,MODIS,51,6.2,290.8,7.9,N,0
-11.755,142.5513,321.5,1,1,2014-08-28,1306,Terra,MODIS,100,6.2,291.2,18.6,N,0
-12.3929,133.7289,304.6,3.5,1.8,2014-08-28,1306,Terra,MODIS,48,6.2,293.4,28.4,N,0
-13.0997,141.6834,327.4,1,1,2014-08-28,1306,Terra,MODIS,100,6.2,293.4,26.7,N,0
-13.097,141.7026,316.3,1,1,2014-08-28,1306,Terra,MODIS,93,6.2,292.3,15.1,N,0
-13.0931,141.6629,328.3,1,1,2014-08-28,1306,Terra,MODIS,100,6.2,293.1,27.6,N,0
-11.8109,142.6125,301.8,1,1,2014-08-28,1306,Terra,MODIS,44,6.2,290.6,4.5,N,0
-11.5273,142.4711,302.1,1,1,2014-08-28,1306,Terra,MODIS,41,6.2,290.5,4.4,N,0
-13.5877,141.8695,306.2,1,1,2014-08-28,1306,Terra,MODIS,58,6.2,291.6,6.9,N,0
-13.0934,141.8535,304.6,1,1,2014-08-28,1306,Terra,MODIS,61,6.2,291.5,6.2,N,0
-13.0947,141.844,311,1,1,2014-08-28,1306,Terra,MODIS,81,6.2,291.8,10.6,N,0
-21.7078,119.1719,300.9,1,1,2014-08-28,1442,Terra,MODIS,30,6.2,286.2,6,N,0
-21.1981,118.2556,302.6,1.1,1,2014-08-28,1442,Terra,MODIS,50,6.2,289.4,6.2,N,0
-20.9376,119.6945,306.9,1,1,2014-08-28,1442,Terra,MODIS,70,6.2,292.4,7.4,N,0
-20.9651,119.6301,311.3,1,1,2014-08-28,1442,Terra,MODIS,82,6.2,291.3,11.4,N,0
-20.9665,119.6205,306.7,1,1,2014-08-28,1442,Terra,MODIS,69,6.2,289.6,8.2,N,0
-20.939,119.6849,328.7,1,1,2014-08-28,1442,Terra,MODIS,100,6.2,296.1,27.3,N,0
-20.9403,119.6752,313.7,1,1,2014-08-28,1442,Terra,MODIS,88,6.2,292.3,12.1,N,0
-20.93,119.6834,317.7,1,1,2014-08-28,1442,Terra,MODIS,95,6.2,294.7,15.3,N,0
-20.9174,119.642,310,1,1,2014-08-28,1442,Terra,MODIS,79,6.2,292.3,10.2,N,0
-20.907,119.6501,315.7,1,1,2014-08-28,1442,Terra,MODIS,92,6.2,291,14.5,N,0
-20.9083,119.6405,361.2,1,1,2014-08-28,1442,Terra,MODIS,100,6.2,296.2,90.8,N,0
-20.9097,119.6309,300.3,1,1,2014-08-28,1442,Terra,MODIS,25,6.2,289.4,4.6,N,0
-21.2671,118.2825,311.3,1.1,1,2014-08-28,1442,Terra,MODIS,82,6.2,289.9,13.2,N,0
-19.6408,127.3878,301.3,2.5,1.5,2014-08-28,1442,Terra,MODIS,26,6.2,284.6,25.7,N,0
-19.6681,127.3938,311.1,2.5,1.5,2014-08-28,1442,Terra,MODIS,35,6.2,286.5,46.1,N,0
-19.6818,127.3968,302.8,2.5,1.5,2014-08-28,1442,Terra,MODIS,38,6.2,285.9,28.7,N,0
-19.6735,127.4018,312.5,2.5,1.5,2014-08-28,1442,Terra,MODIS,85,6.2,286.3,52.2,N,0
-23.405,121.1419,302.6,1,1,2014-08-28,1442,Terra,MODIS,50,6.2,286.2,7.6,N,0
-17.6474,127.7713,301.4,3,1.6,2014-08-28,1443,Terra,MODIS,35,6.2,286.6,27.4,N,0
-17.6526,127.7433,308.2,3,1.6,2014-08-28,1443,Terra,MODIS,74,6.2,288.8,48.4,N,0
-17.658,127.715,305.2,3,1.6,2014-08-28,1443,Terra,MODIS,63,6.2,289.9,36.4,N,0
-19.0647,122.0005,312.2,1.1,1.1,2014-08-28,1443,Terra,MODIS,84,6.2,284.9,17,N,0
-18.9431,122.1867,302.9,1.2,1.1,2014-08-28,1443,Terra,MODIS,52,6.2,287.5,8.4,N,0
-18.9545,122.1773,324.5,1.2,1.1,2014-08-28,1443,Terra,MODIS,100,6.2,291.5,29.1,N,0
-18.958,122.1552,328.6,1.2,1.1,2014-08-28,1443,Terra,MODIS,100,6.2,290.4,35.2,N,0
-18.023,123.5668,301.5,1.5,1.2,2014-08-28,1443,Terra,MODIS,41,6.2,287.1,10.8,N,0
-18.9352,122.1739,313.5,1.2,1.1,2014-08-28,1443,Terra,MODIS,87,6.2,288.7,16.6,N,0
-18.0533,123.6064,308.2,1.5,1.2,2014-08-28,1443,Terra,MODIS,64,6.2,287.2,16.9,N,0
-18.9483,122.1535,324.1,1.2,1.1,2014-08-28,1443,Terra,MODIS,100,6.2,291.6,28.6,N,0
-18.9677,122.157,306.5,1.2,1.1,2014-08-28,1443,Terra,MODIS,51,6.2,287.1,10.6,N,0
-18.9466,122.1646,367.7,1.2,1.1,2014-08-28,1443,Terra,MODIS,100,6.2,298.7,137.1,N,0
-18.9448,122.1756,384.2,1.2,1.1,2014-08-28,1443,Terra,MODIS,100,6.2,300.6,217,N,0
-18.9563,122.1663,329.3,1.2,1.1,2014-08-28,1443,Terra,MODIS,100,6.2,292.9,35.2,N,0
-18.0506,123.6,305,1.5,1.2,2014-08-28,1443,Terra,MODIS,43,6.2,288.3,13.5,N,0
-16.375,123.9137,325.7,1.6,1.3,2014-08-28,1443,Terra,MODIS,100,6.2,295.8,48.1,N,0
-18.9369,122.1629,339.3,1.2,1.1,2014-08-28,1443,Terra,MODIS,100,6.2,290.1,54.3,N,0
-14.4273,126.6932,302.7,2.9,1.6,2014-08-28,1444,Terra,MODIS,51,6.2,290.9,29.4,N,0
-11.7495,142.5542,316.9,1.2,1.1,2014-08-28,1608,Aqua,MODIS,94,6.2,290.7,19.2,N,0
-11.7771,142.5888,302.7,1.2,1.1,2014-08-28,1608,Aqua,MODIS,34,6.2,290,5.9,N,0
-11.8108,142.6173,301.6,1.2,1.1,2014-08-28,1608,Aqua,MODIS,43,6.2,290.5,6,N,0
-11.748,142.5434,328.4,1.2,1.1,2014-08-28,1608,Aqua,MODIS,100,6.2,291.3,34.8,N,0
-11.7937,142.5644,313.1,1.2,1.1,2014-08-28,1608,Aqua,MODIS,86,6.2,290.9,15.2,N,0
-14.9693,145.1315,300.7,2,1.4,2014-08-28,1609,Aqua,MODIS,33,6.2,288.7,13.8,N,0
-12.4563,134.1093,322.9,1.9,1.3,2014-08-28,1609,Aqua,MODIS,100,6.2,294.8,52.5,N,0
-12.6535,142.0684,302.1,1.1,1.1,2014-08-28,1609,Aqua,MODIS,47,6.2,289.9,6.6,N,0
-12.4534,134.0923,305.9,1.9,1.3,2014-08-28,1609,Aqua,MODIS,66,6.2,293.1,16.3,N,0
-12.1127,132.8672,323,2.4,1.5,2014-08-28,1609,Aqua,MODIS,100,6.2,291.4,76.6,N,0
-13.0913,141.8478,300.2,1.1,1.1,2014-08-28,1609,Aqua,MODIS,20,6.2,289.4,5.6,N,0
-12.1167,132.8719,321.1,2.4,1.5,2014-08-28,1609,Aqua,MODIS,100,6.2,291.3,69,N,0
-13.5841,141.8756,300.8,1.1,1.1,2014-08-28,1609,Aqua,MODIS,34,6.2,289.5,6,N,0
-13.4175,141.6202,301.4,1.1,1.1,2014-08-28,1609,Aqua,MODIS,36,6.2,288.8,6.4,N,0
-15.6236,145.2698,302.1,2,1.4,2014-08-28,1609,Aqua,MODIS,46,6.2,290.2,15,N,0
-12.1535,134.6457,300.4,1.7,1.3,2014-08-28,1609,Aqua,MODIS,28,6.2,289.5,11.3,N,0
-12.2102,136.4151,317.3,1.3,1.1,2014-08-28,1609,Aqua,MODIS,93,6.2,288.3,24.4,N,0
-12.1996,132.8439,301.5,2.4,1.5,2014-08-28,1609,Aqua,MODIS,31,6.2,287.5,17.7,N,0
-12.113,132.85,303.1,2.4,1.5,2014-08-28,1609,Aqua,MODIS,52,6.2,289.8,20.2,N,0
-12.2121,136.4271,320.1,1.3,1.1,2014-08-28,1609,Aqua,MODIS,100,6.2,289.1,28.4,N,0
-12.2223,136.4254,306.7,1.3,1.1,2014-08-28,1609,Aqua,MODIS,48,6.2,287.4,13.2,N,0
-17.6774,138.2941,303.1,1,1,2014-08-28,1610,Aqua,MODIS,42,6.2,291.1,5.7,N,0
-17.6876,138.305,303.3,1,1,2014-08-28,1610,Aqua,MODIS,43,6.2,291.1,6.5,N,0
-15.7635,130.2789,302.4,3.2,1.7,2014-08-28,1610,Aqua,MODIS,36,6.2,291.4,26.6,N,0
-15.7679,130.2859,306,3.2,1.7,2014-08-28,1610,Aqua,MODIS,65,6.2,291.4,37.7,N,0
-15.7734,130.3157,305.9,3.2,1.7,2014-08-28,1610,Aqua,MODIS,59,6.2,290.9,37.6,N,0
-15.7692,130.3086,311.5,3.2,1.7,2014-08-28,1610,Aqua,MODIS,83,6.2,291.6,57.9,N,0
-17.4097,138.604,302,1,1,2014-08-28,1610,Aqua,MODIS,46,6.2,286.5,6.6,N,0
-17.4111,138.6134,302.7,1,1,2014-08-28,1610,Aqua,MODIS,51,6.2,287,6.9,N,0
-16.5096,145.1731,302.3,2.1,1.4,2014-08-28,1610,Aqua,MODIS,45,6.2,287.6,18.3,N,0
-16.5248,145.1944,300.9,2.1,1.4,2014-08-28,1610,Aqua,MODIS,33,6.2,287,16.1,N,0
-20.7348,139.4856,301.4,1.1,1,2014-08-28,1611,Aqua,MODIS,40,6.2,286.7,6.6,N,2
-20.7334,139.4754,308.5,1.1,1,2014-08-28,1611,Aqua,MODIS,75,6.2,287.5,11.2,N,2
-18.9074,133.8938,303.9,1.5,1.2,2014-08-28,1611,Aqua,MODIS,58,6.2,288.5,13.3,N,0
-18.9101,133.8877,302.1,1.5,1.2,2014-08-28,1611,Aqua,MODIS,29,6.2,288.7,10.4,N,0
-21.2595,118.284,307.7,1.7,1.3,2014-08-28,1750,Aqua,MODIS,72,6.2,286.9,21.2,N,0
-21.2614,118.3001,310.7,1.7,1.3,2014-08-28,1750,Aqua,MODIS,81,6.2,287.9,26.3,N,0
-21.259,118.295,317.2,1.7,1.3,2014-08-28,1750,Aqua,MODIS,95,6.2,287.6,36.8,N,0
-24.1845,151.6008,328.1,1.1,1.1,2014-08-28,2359,Terra,MODIS,83,6.2,299,27,D,0
-24.8852,148.6091,316.4,1.7,1.3,2014-08-28,2359,Terra,MODIS,60,6.2,301.7,18.4,D,0
-26.5309,149.3997,314.9,1.4,1.2,2014-08-28,2359,Terra,MODIS,68,6.2,299.2,13.1,D,0
-24.1532,150.7436,307.3,1.3,1.1,2014-08-28,2359,Terra,MODIS,16,6.2,295.8,5.9,D,0
-24.7851,151.3837,322.1,1.1,1.1,2014-08-28,2359,Terra,MODIS,77,6.2,292.9,23.1,D,0
-27.3905,150.7609,312.6,1.1,1.1,2014-08-29,0000,Terra,MODIS,66,6.2,298.5,8.5,D,0
-28.0735,151.5523,310.2,1.1,1,2014-08-29,0000,Terra,MODIS,69,6.2,292,8.6,D,0
-30.2052,149.1251,311.8,1.2,1.1,2014-08-29,0000,Terra,MODIS,71,6.2,292.3,13.8,D,0
-29.9718,149.3822,303.1,1.2,1.1,2014-08-29,0000,Terra,MODIS,51,6.2,292,5.6,D,0
-27.9312,149.4708,336,1.3,1.1,2014-08-29,0000,Terra,MODIS,89,6.2,298.9,47.3,D,0
-27.9413,149.4686,314,1.3,1.1,2014-08-29,0000,Terra,MODIS,65,6.2,297.9,11.7,D,0
-27.9334,149.4839,312.1,1.3,1.1,2014-08-29,0000,Terra,MODIS,46,6.2,297.4,9.8,D,0
-30.3349,149.6966,301.8,1.2,1.1,2014-08-29,0000,Terra,MODIS,49,6.2,289.6,4.8,D,0
-28.5564,149.3421,308.4,1.3,1.1,2014-08-29,0000,Terra,MODIS,55,6.2,296.4,6.1,D,0
-30.8358,150.7558,300.3,1.1,1,2014-08-29,0001,Terra,MODIS,34,6.2,290.1,3.6,D,0
-31.4856,149.2153,301.3,1.2,1.1,2014-08-29,0001,Terra,MODIS,46,6.2,288.3,6.1,D,0
-34.4621,150.8794,304.8,1,1,2014-08-29,0002,Terra,MODIS,38,6.2,289.3,5.7,D,0
-11.9203,133.6912,328.5,1.1,1,2014-08-29,0134,Terra,MODIS,61,6.2,312.5,15,D,0
-12.3661,133.7951,323.4,1.1,1,2014-08-29,0134,Terra,MODIS,30,6.2,307.4,9.9,D,0
-12.4672,134.1071,327.5,1.1,1.1,2014-08-29,0134,Terra,MODIS,39,6.2,308.8,13.8,D,0
-12.3857,133.732,327.3,1.1,1,2014-08-29,0134,Terra,MODIS,61,6.2,308.4,13.1,D,0
-12.6684,131.2551,339.1,1,1,2014-08-29,0134,Terra,MODIS,86,6.2,308.2,28.9,D,0
-11.7961,142.5681,331.8,4.4,1.9,2014-08-29,0134,Terra,MODIS,67,6.2,292.8,192.6,D,0
-12.5168,135.196,358,1.3,1.1,2014-08-29,0134,Terra,MODIS,99,6.2,310,95.3,D,0
-11.7713,142.483,320,4.3,1.9,2014-08-29,0134,Terra,MODIS,60,6.2,289.2,112.8,D,0
-12.6364,134.28,327.4,1.1,1.1,2014-08-29,0134,Terra,MODIS,75,6.2,309.3,15.7,D,0
-11.8013,133.1187,326.4,1,1,2014-08-29,0134,Terra,MODIS,51,6.2,312.7,12.1,D,0
-12.4009,133.8403,319,1.1,1,2014-08-29,0134,Terra,MODIS,30,6.2,307.7,8,D,0
-12.2927,133.2747,325,1,1,2014-08-29,0134,Terra,MODIS,49,6.2,312.1,10.4,D,0
-12.5184,135.2075,342.4,1.3,1.1,2014-08-29,0134,Terra,MODIS,90,6.2,308.4,48.4,D,0
-11.939,133.9578,337.7,1.1,1,2014-08-29,0134,Terra,MODIS,85,6.2,310.6,29.6,D,0
-11.7929,142.5208,353.5,4.4,1.9,2014-08-29,0134,Terra,MODIS,97,6.2,290.5,526.2,D,0
-12.5284,135.2062,324,1.3,1.1,2014-08-29,0134,Terra,MODIS,73,6.2,306.2,13.9,D,0
-12.4915,134.0356,328.4,1.1,1,2014-08-29,0134,Terra,MODIS,75,6.2,307.3,19,D,0
-12.6816,131.2815,329.7,1,1,2014-08-29,0134,Terra,MODIS,59,6.2,305.4,17.5,D,0
-12.508,134.085,326.6,1.1,1.1,2014-08-29,0134,Terra,MODIS,67,6.2,307.1,14.1,D,0
-12.6802,131.2722,349.2,1,1,2014-08-29,0134,Terra,MODIS,93,6.2,311,50.4,D,0
-11.7742,142.5298,386.4,4.4,1.9,2014-08-29,0134,Terra,MODIS,100,6.2,292.2,1466.4,D,0
-12.4999,134.0965,332.9,1.1,1.1,2014-08-29,0134,Terra,MODIS,81,6.2,307.5,23.4,D,0
-11.7836,133.1845,326.2,1,1,2014-08-29,0134,Terra,MODIS,71,6.2,310.9,9.6,D,0
-12.0288,134.0808,327.3,1.1,1,2014-08-29,0134,Terra,MODIS,74,6.2,311.7,16.1,D,0
-12.4163,133.9498,346.8,1.1,1,2014-08-29,0134,Terra,MODIS,92,6.2,307.9,50.9,D,0
-12.8462,132.391,323.3,1,1,2014-08-29,0134,Terra,MODIS,29,6.2,312.3,7,D,0
-12.4469,134.0996,328.7,1.1,1.1,2014-08-29,0134,Terra,MODIS,37,6.2,307.1,16,D,0
-12.3829,134.6747,361.9,1.2,1.1,2014-08-29,0134,Terra,MODIS,100,6.2,309.6,101.8,D,0
-12.1715,134.4785,326.7,1.1,1.1,2014-08-29,0134,Terra,MODIS,73,6.2,305.6,20,D,0
-11.7915,142.5281,359.7,4.4,1.9,2014-08-29,0134,Terra,MODIS,99,6.2,290.8,661.2,D,0
-12.2913,133.2652,334.1,1,1,2014-08-29,0134,Terra,MODIS,82,6.2,312.4,23,D,0
-12.4368,133.8252,332.2,1.1,1,2014-08-29,0134,Terra,MODIS,80,6.2,306.6,23.3,D,0
-12.3877,134.6902,332,1.2,1.1,2014-08-29,0134,Terra,MODIS,82,6.2,309.5,24.7,D,0
-12.5725,135.4524,328.5,1.3,1.1,2014-08-29,0134,Terra,MODIS,77,6.2,308.7,21.2,D,0
-12.4943,134.0558,337.7,1.1,1,2014-08-29,0134,Terra,MODIS,86,6.2,310.6,33.3,D,0
-12.5861,142.2273,314.9,4.3,1.9,2014-08-29,0134,Terra,MODIS,60,6.2,295.2,49.5,D,0
-12.3685,135.7669,319.4,1.4,1.2,2014-08-29,0134,Terra,MODIS,70,6.2,294.2,14.4,D,0
-12.3396,134.5067,324,1.2,1.1,2014-08-29,0134,Terra,MODIS,62,6.2,307.7,13.7,D,0
-12.7425,131.8735,328.2,1,1,2014-08-29,0134,Terra,MODIS,40,6.2,312.5,10,D,0
-11.7831,142.6098,321.5,4.4,1.9,2014-08-29,0134,Terra,MODIS,55,6.2,291,105,D,0
-13.0824,141.6821,326.9,3.9,1.8,2014-08-29,0134,Terra,MODIS,55,6.2,295.5,131.9,D,0
-11.9216,133.7009,327.1,1.1,1,2014-08-29,0134,Terra,MODIS,59,6.2,309.2,14.5,D,0
-11.7871,142.4885,317.4,4.3,1.9,2014-08-29,0134,Terra,MODIS,37,6.2,289.2,86.6,D,0
-11.8106,133.184,328.7,1,1,2014-08-29,0134,Terra,MODIS,25,6.2,311.2,12.9,D,0
-12.4687,134.1173,324.4,1.1,1.1,2014-08-29,0134,Terra,MODIS,31,6.2,307.7,10.6,D,0
-12.4177,133.9597,321.7,1.1,1,2014-08-29,0134,Terra,MODIS,59,6.2,308.4,9.3,D,0
-12.4805,133.7525,319.7,1.1,1,2014-08-29,0134,Terra,MODIS,53,6.2,307,8.6,D,0
-12.2576,134.1286,345.5,1.1,1.1,2014-08-29,0134,Terra,MODIS,91,6.2,309.3,49.1,D,0
-13.099,141.6804,321.5,3.9,1.8,2014-08-29,0134,Terra,MODIS,67,6.2,294.3,97.6,D,0
-12.2225,134.4652,332.4,1.1,1.1,2014-08-29,0134,Terra,MODIS,81,6.2,307.9,25.6,D,0
-12.2239,134.4757,324.5,1.1,1.1,2014-08-29,0134,Terra,MODIS,71,6.2,306.4,14.1,D,0
-12.1267,134.368,321.1,1.1,1.1,2014-08-29,0134,Terra,MODIS,57,6.2,306.2,9.9,D,0
-11.7971,142.5608,336.8,4.4,1.9,2014-08-29,0134,Terra,MODIS,73,6.2,292.5,249.4,D,0
-12.3916,133.8417,326.5,1.1,1,2014-08-29,0134,Terra,MODIS,71,6.2,306.1,16.6,D,0
-12.5276,142.2015,313.1,4.2,1.9,2014-08-29,0134,Terra,MODIS,27,6.2,295.8,35,D,0
-11.7755,142.5226,382.5,4.4,1.9,2014-08-29,0134,Terra,MODIS,100,6.2,292.2,1318.5,D,0
-12.3592,133.7459,326.9,1.1,1,2014-08-29,0134,Terra,MODIS,71,6.2,309.7,13,D,0
-12.1361,134.5048,338.7,1.2,1.1,2014-08-29,0134,Terra,MODIS,87,6.2,307.3,38.3,D,0
-12.4023,133.8503,319.2,1.1,1,2014-08-29,0134,Terra,MODIS,39,6.2,304.9,8,D,0
-12.3863,134.6793,370.6,1.2,1.1,2014-08-29,0134,Terra,MODIS,100,6.2,313,135.1,D,0
-12.3726,133.9524,326.2,1.1,1,2014-08-29,0134,Terra,MODIS,71,6.2,307.3,15.9,D,0
-12.4084,133.9612,321.5,1.1,1,2014-08-29,0134,Terra,MODIS,59,6.2,307.5,8.9,D,0
-11.7787,142.5698,328.6,4.4,1.9,2014-08-29,0134,Terra,MODIS,67,6.2,291.5,164.4,D,0
-12.4382,133.835,334.6,1.1,1,2014-08-29,0134,Terra,MODIS,82,6.2,306.4,26.8,D,0
-13.0784,141.6467,340,3.9,1.8,2014-08-29,0134,Terra,MODIS,68,6.2,294,256.6,D,0
-13.1277,135.2722,341.2,1.3,1.1,2014-08-29,0134,Terra,MODIS,89,6.2,308.5,48,D,0
-12.4931,133.1947,324.1,1,1,2014-08-29,0134,Terra,MODIS,37,6.2,312,8.8,D,0
-12.4215,131.0863,329.2,1,1,2014-08-29,0134,Terra,MODIS,76,6.2,309.3,15.9,D,0
-12.646,134.2787,342.2,1.1,1.1,2014-08-29,0134,Terra,MODIS,89,6.2,307.6,41.9,D,0
-12.4122,132.8248,328.2,1,1,2014-08-29,0134,Terra,MODIS,62,6.2,310.4,18.5,D,0
-12.3844,134.6855,363.3,1.2,1.1,2014-08-29,0134,Terra,MODIS,100,6.2,311.9,107.4,D,0
-12.635,134.2696,340.6,1.1,1.1,2014-08-29,0134,Terra,MODIS,88,6.2,310.6,38.6,D,0
-12.4957,134.0659,328.1,1.1,1,2014-08-29,0134,Terra,MODIS,69,6.2,310,16.7,D,0
-11.9376,133.9479,351.2,1.1,1,2014-08-29,0134,Terra,MODIS,95,6.2,311.9,59,D,0
-12.7438,131.8826,334.6,1,1,2014-08-29,0134,Terra,MODIS,79,6.2,310.5,19.3,D,0
-11.7845,133.1272,330.3,1,1,2014-08-29,0134,Terra,MODIS,39,6.2,309.7,14.6,D,0
-12.4135,132.834,327.9,1,1,2014-08-29,0134,Terra,MODIS,71,6.2,307.6,18.8,D,0
-11.7832,133.1179,338,1,1,2014-08-29,0134,Terra,MODIS,78,6.2,309.5,26.3,D,0
-12.4929,134.0456,332.4,1.1,1,2014-08-29,0134,Terra,MODIS,80,6.2,309.4,24,D,0
-12.4474,134.1721,329.1,1.1,1.1,2014-08-29,0134,Terra,MODIS,77,6.2,310.4,17.5,D,0
-13.2203,135.4185,317.3,1.3,1.1,2014-08-29,0134,Terra,MODIS,35,6.2,304.5,7.9,D,0
-12.6445,134.2682,333.9,1.1,1.1,2014-08-29,0134,Terra,MODIS,83,6.2,307.8,26.2,D,0
-12.176,134.4825,327.5,1.1,1.1,2014-08-29,0134,Terra,MODIS,76,6.2,305.6,19.7,D,0
-12.3736,133.7138,328.5,1.1,1,2014-08-29,0134,Terra,MODIS,48,6.2,310,14.7,D,0
-12.0427,133.7069,325.9,1.1,1,2014-08-29,0134,Terra,MODIS,51,6.2,314,11.2,D,0
-13.0881,141.676,326.7,3.9,1.8,2014-08-29,0134,Terra,MODIS,49,6.2,295.2,133.1,D,0
-13.2288,135.4237,325.1,1.3,1.1,2014-08-29,0134,Terra,MODIS,72,6.2,304.5,20.4,D,0
-13.222,135.4306,319.8,1.3,1.1,2014-08-29,0134,Terra,MODIS,49,6.2,303,10.9,D,0
-12.0441,133.7166,325.9,1.1,1,2014-08-29,0134,Terra,MODIS,53,6.2,311.1,11.6,D,0
-12.4275,133.8264,328.7,1.1,1,2014-08-29,0134,Terra,MODIS,75,6.2,306.9,18.4,D,0
-12.4455,134.0894,351.6,1.1,1.1,2014-08-29,0134,Terra,MODIS,95,6.2,307.9,61.4,D,0
-11.7697,142.4902,345.8,4.3,1.9,2014-08-29,0134,Terra,MODIS,93,6.2,289.7,406.7,D,0
-12.7515,131.8722,327.2,1,1,2014-08-29,0134,Terra,MODIS,44,6.2,312.4,8.8,D,0
-12.1375,134.5153,328.7,1.2,1.1,2014-08-29,0134,Terra,MODIS,77,6.2,306.3,20,D,0
-12.3388,134.7138,365.1,1.2,1.1,2014-08-29,0134,Terra,MODIS,100,6.2,307.6,116,D,0
-12.3843,133.7222,325,1.1,1,2014-08-29,0134,Terra,MODIS,28,6.2,306.9,9.6,D,0
-12.5715,142.2236,313.8,4.3,1.9,2014-08-29,0134,Terra,MODIS,55,6.2,296.6,42.1,D,0
-11.7797,142.5626,332,4.4,1.9,2014-08-29,0134,Terra,MODIS,53,6.2,291.8,188.4,D,0
-13.5154,134.3051,318.5,1.2,1.1,2014-08-29,0134,Terra,MODIS,43,6.2,307,5.2,D,0
-11.2925,132.0322,331.1,1,1,2014-08-29,0134,Terra,MODIS,78,6.2,307.7,16,D,0
-12.1051,132.8003,338.7,1,1,2014-08-29,0134,Terra,MODIS,85,6.2,306.6,30.7,D,0
-11.8063,133.0895,362.8,1,1,2014-08-29,0134,Terra,MODIS,100,6.2,307.8,83.8,D,0
-12.1552,134.6424,337.9,1.2,1.1,2014-08-29,0134,Terra,MODIS,87,6.2,306.9,37.9,D,0
-12.1567,134.6531,322.3,1.2,1.1,2014-08-29,0134,Terra,MODIS,50,6.2,305.4,11.7,D,0
-11.7895,133.098,345.7,1,1,2014-08-29,0134,Terra,MODIS,91,6.2,306.9,42.4,D,0
-11.7973,133.0909,335.5,1,1,2014-08-29,0134,Terra,MODIS,82,6.2,307.1,25.5,D,0
-11.2638,132.089,330.8,1,1,2014-08-29,0134,Terra,MODIS,64,6.2,305.3,17.5,D,0
-11.2625,132.0799,337.6,1,1,2014-08-29,0134,Terra,MODIS,88,6.2,308.8,26.2,D,0
-11.3135,132.4252,342.3,1,1,2014-08-29,0134,Terra,MODIS,91,6.2,305.1,33.8,D,0
-11.3149,132.4343,343.1,1,1,2014-08-29,0134,Terra,MODIS,92,6.2,305.7,35.1,D,0
-11.3162,132.4434,377.2,1,1,2014-08-29,0134,Terra,MODIS,100,6.2,311.5,128.8,D,0
-11.3176,132.4525,357.7,1,1,2014-08-29,0134,Terra,MODIS,99,6.2,310.2,67.3,D,0
-11.3189,132.4615,334.4,1,1,2014-08-29,0134,Terra,MODIS,75,6.2,307.8,22.8,D,0
-11.3252,132.442,327.3,1,1,2014-08-29,0134,Terra,MODIS,66,6.2,308.3,11.5,D,0
-11.3279,132.4602,340.4,1,1,2014-08-29,0134,Terra,MODIS,89,6.2,310.1,30.7,D,0
-11.3292,132.4693,341.2,1,1,2014-08-29,0134,Terra,MODIS,88,6.2,308.5,32.8,D,0
-12.1734,132.9543,324,1,1,2014-08-29,0134,Terra,MODIS,33,6.2,311.9,7.6,D,0
-11.7986,133.1001,337.1,1,1,2014-08-29,0134,Terra,MODIS,84,6.2,307.2,27.2,D,0
-12.2079,132.8736,348.8,1,1,2014-08-29,0134,Terra,MODIS,93,6.2,313.9,45.4,D,0
-12.1037,132.7911,328.9,1,1,2014-08-29,0134,Terra,MODIS,73,6.2,306.6,16.9,D,0
-12.2002,132.8841,333.7,1,1,2014-08-29,0134,Terra,MODIS,66,6.2,310.9,17.2,D,0
-12.1064,132.8095,356.7,1,1,2014-08-29,0134,Terra,MODIS,98,6.2,307.4,66.3,D,0
-12.1078,132.8187,377,1,1,2014-08-29,0134,Terra,MODIS,100,6.2,313.1,131.5,D,0
-12.1128,132.7897,336.7,1,1,2014-08-29,0134,Terra,MODIS,83,6.2,307.8,26.4,D,0
-12.1141,132.799,338.4,1,1,2014-08-29,0134,Terra,MODIS,85,6.2,308.5,28.3,D,0
-12.1168,132.8174,358.5,1,1,2014-08-29,0134,Terra,MODIS,99,6.2,310.6,68.4,D,0
-12.1181,132.8266,340.2,1,1,2014-08-29,0134,Terra,MODIS,85,6.2,308.9,29.1,D,0
-11.809,133.1081,332.2,1,1,2014-08-29,0134,Terra,MODIS,63,6.2,310.8,17.9,D,0
-12.222,132.8462,345.3,1,1,2014-08-29,0134,Terra,MODIS,0,6.2,308.9,39.5,D,0
-12.1526,132.9384,324.7,1,1,2014-08-29,0134,Terra,MODIS,18,6.2,311.4,5.9,D,0
-11.7331,132.9644,339.8,1,1,2014-08-29,0134,Terra,MODIS,87,6.2,308.4,33.6,D,0
-12.2065,132.8643,334.1,1,1,2014-08-29,0134,Terra,MODIS,74,6.2,313.1,18.3,D,0
-12.1777,132.7931,330.6,1,1,2014-08-29,0134,Terra,MODIS,0,6.2,306.9,19.3,D,0
-12.2142,132.8538,378.4,1,1,2014-08-29,0134,Terra,MODIS,94,6.2,312,133.9,D,0
-12.1867,132.7918,335.4,1,1,2014-08-29,0134,Terra,MODIS,0,6.2,309,25.1,D,0
-12.1881,132.801,333.3,1,1,2014-08-29,0134,Terra,MODIS,55,6.2,308.6,20.6,D,0
-13.0564,132.5072,326.4,1,1,2014-08-29,0134,Terra,MODIS,42,6.2,312.6,7.8,D,0
-13.0294,132.5112,335.8,1,1,2014-08-29,0134,Terra,MODIS,77,6.2,311.8,22.2,D,0
-13.4071,141.6597,319.1,3.9,1.8,2014-08-29,0134,Terra,MODIS,0,6.2,300.9,84.3,D,0
-11.3131,132.3603,344.7,1,1,2014-08-29,0134,Terra,MODIS,83,6.2,308,39.4,D,0
-11.3172,132.3875,358.2,1,1,2014-08-29,0134,Terra,MODIS,96,6.2,309.4,69.2,D,0
-11.3185,132.3966,351.1,1,1,2014-08-29,0134,Terra,MODIS,92,6.2,308.2,51.9,D,0
-11.3513,132.3671,328.9,1,1,2014-08-29,0134,Terra,MODIS,68,6.2,311,11.1,D,0
-11.3526,132.3762,342.1,1,1,2014-08-29,0134,Terra,MODIS,89,6.2,311.9,30.8,D,0
-11.3603,132.3658,346.7,1,1,2014-08-29,0134,Terra,MODIS,92,6.2,310.4,39.6,D,0
-11.3616,132.3749,330.7,1,1,2014-08-29,0134,Terra,MODIS,73,6.2,310.5,13.3,D,0
-12.2155,132.863,362.4,1,1,2014-08-29,0134,Terra,MODIS,100,6.2,310,79.1,D,0
-11.7318,132.9552,327.1,1,1,2014-08-29,0134,Terra,MODIS,72,6.2,307.1,16,D,0
-11.3198,132.4057,341.9,1,1,2014-08-29,0134,Terra,MODIS,83,6.2,307.3,33.4,D,0
-12.1118,132.8464,342.3,1,1,2014-08-29,0134,Terra,MODIS,88,6.2,307.8,33.6,D,0
-12.1131,132.8556,360.4,1,1,2014-08-29,0134,Terra,MODIS,100,6.2,309.9,75.3,D,0
-12.1222,132.8543,337.2,1,1,2014-08-29,0134,Terra,MODIS,84,6.2,307.4,23.8,D,0
-12.1724,133.0114,346.6,1,1,2014-08-29,0134,Terra,MODIS,92,6.2,311.7,42.8,D,0
-12.1934,132.8379,343,1,1,2014-08-29,0134,Terra,MODIS,89,6.2,310.1,34.1,D,0
-12.2011,132.8274,328.8,1,1,2014-08-29,0134,Terra,MODIS,56,6.2,309.6,11.9,D,0
-12.2025,132.8366,383.8,1,1,2014-08-29,0134,Terra,MODIS,87,6.2,313,157,D,0
-12.2129,132.8445,339.7,1,1,2014-08-29,0134,Terra,MODIS,61,6.2,312.7,27,D,0
-12.2029,132.9027,329.8,1,1,2014-08-29,0134,Terra,MODIS,47,6.2,310.6,13.8,D,0
-12.2015,132.8934,333.5,1,1,2014-08-29,0134,Terra,MODIS,65,6.2,309.3,17.4,D,0
-11.3015,132.0308,334.4,1,1,2014-08-29,0134,Terra,MODIS,83,6.2,309.4,21.1,D,0
-11.3118,132.0386,326.5,1,1,2014-08-29,0134,Terra,MODIS,66,6.2,308.3,12.1,D,0
-12.3341,134.8255,333.5,1.2,1.1,2014-08-29,0134,Terra,MODIS,84,6.2,308.4,28.1,D,0
-12.3327,134.8146,323.8,1.2,1.1,2014-08-29,0134,Terra,MODIS,73,6.2,307.5,12.1,D,0
-11.771,133.0344,332.8,1,1,2014-08-29,0134,Terra,MODIS,49,6.2,308.7,18.1,D,0
-11.7814,133.0423,325.8,1,1,2014-08-29,0134,Terra,MODIS,45,6.2,307.4,11.4,D,0
-11.3118,132.3512,364.4,1,1,2014-08-29,0134,Terra,MODIS,100,6.2,310.3,86.7,D,0
-11.1495,132.0009,322.6,1,1,2014-08-29,0134,Terra,MODIS,33,6.2,305.2,9.6,D,0
-12.3254,132.7967,339.1,1,1,2014-08-29,0134,Terra,MODIS,67,6.2,312.7,28.9,D,0
-12.3403,134.7246,390.4,1.2,1.1,2014-08-29,0134,Terra,MODIS,100,6.2,314.7,244.7,D,0
-11.8077,133.0988,402.4,1,1,2014-08-29,0134,Terra,MODIS,100,6.2,315.4,262.3,D,0
-11.3589,132.3567,332.5,1,1,2014-08-29,0134,Terra,MODIS,76,6.2,309.1,16.9,D,0
-11.3446,132.3217,326.1,1,1,2014-08-29,0134,Terra,MODIS,58,6.2,309.9,10.1,D,0
-11.3534,132.5061,342.3,1,1,2014-08-29,0134,Terra,MODIS,89,6.2,308,33.6,D,0
-13.2549,134.2455,345.8,1.1,1.1,2014-08-29,0134,Terra,MODIS,92,6.2,307.7,52.3,D,0
-13.3844,135.2919,333.5,1.3,1.1,2014-08-29,0134,Terra,MODIS,83,6.2,305,35.9,D,0
-11.7489,133.0093,334.1,1,1,2014-08-29,0134,Terra,MODIS,75,6.2,311.8,20.3,D,0
-11.7399,133.0106,332.1,1,1,2014-08-29,0134,Terra,MODIS,54,6.2,309.3,17.8,D,0
-11.7385,133.0014,340,1,1,2014-08-29,0134,Terra,MODIS,87,6.2,309.9,30.4,D,0
-11.7345,132.9736,331.6,1,1,2014-08-29,0134,Terra,MODIS,76,6.2,308.6,20.4,D,0
-12.0554,134.2732,323.9,1.1,1.1,2014-08-29,0134,Terra,MODIS,52,6.2,305.7,12.9,D,0
-11.3105,132.3421,362.8,1,1,2014-08-29,0134,Terra,MODIS,100,6.2,309.6,82.7,D,0
-13.2192,135.1934,328.2,1.3,1.1,2014-08-29,0134,Terra,MODIS,70,6.2,308.5,19.9,D,0
-11.3404,132.4802,334.6,1,1,2014-08-29,0134,Terra,MODIS,63,6.2,307.8,17.5,D,0
-12.958,135.9909,320.8,1.4,1.2,2014-08-29,0134,Terra,MODIS,59,6.2,305.8,12.7,D,0
-12.1409,132.9212,327.4,1,1,2014-08-29,0134,Terra,MODIS,71,6.2,313,8.5,D,0
-12.1276,132.8913,328.8,1,1,2014-08-29,0134,Terra,MODIS,73,6.2,311.4,10.7,D,0
-12.1158,132.8741,367,1,1,2014-08-29,0134,Terra,MODIS,100,6.2,311.1,93,D,0
-13.2977,134.272,327.1,1.2,1.1,2014-08-29,0134,Terra,MODIS,75,6.2,308.6,15.9,D,0
-13.2962,134.2614,326.5,1.2,1.1,2014-08-29,0134,Terra,MODIS,68,6.2,307.8,14.6,D,0
-12.8438,134.7577,323.7,1.2,1.1,2014-08-29,0134,Terra,MODIS,35,6.2,306.5,12.5,D,0
-13.0675,135.0481,346.9,1.3,1.1,2014-08-29,0134,Terra,MODIS,93,6.2,310.4,58.3,D,0
-13.0659,135.0366,362.9,1.3,1.1,2014-08-29,0134,Terra,MODIS,100,6.2,310.3,112.1,D,0
-13.0574,135.0495,320.6,1.3,1.1,2014-08-29,0134,Terra,MODIS,33,6.2,308.3,6.6,D,0
-13.2991,134.2825,324.3,1.2,1.1,2014-08-29,0134,Terra,MODIS,50,6.2,308,11.7,D,0
-12.3268,141.7735,315.7,3.9,1.8,2014-08-29,0134,Terra,MODIS,64,6.2,294.7,62.9,D,0
-12.3376,141.7773,311.9,3.9,1.8,2014-08-29,0134,Terra,MODIS,51,6.2,294.6,41,D,0
-13.2564,134.2561,368.5,1.1,1.1,2014-08-29,0134,Terra,MODIS,100,6.2,313.4,122.6,D,0
-13.266,134.2548,327.7,1.1,1.1,2014-08-29,0134,Terra,MODIS,75,6.2,307.6,17.4,D,0
-13.1014,134.3222,323.3,1.2,1.1,2014-08-29,0134,Terra,MODIS,23,6.2,307.1,10.5,D,0
-13.0558,135.0379,325.2,1.3,1.1,2014-08-29,0134,Terra,MODIS,73,6.2,308.7,13.9,D,0
-12.6464,131.8473,324.8,1,1,2014-08-29,0134,Terra,MODIS,33,6.2,311.4,7.4,D,0
-12.0421,134.2815,332.4,1.1,1.1,2014-08-29,0134,Terra,MODIS,58,6.2,308.8,21.7,D,0
-13.3872,135.2974,330.2,1.3,1.1,2014-08-29,0134,Terra,MODIS,79,6.2,303.9,29.2,D,0
-12.5229,132.6986,328.2,1,1,2014-08-29,0134,Terra,MODIS,76,6.2,311.8,10.9,D,0
-12.0311,134.2726,357,1.1,1.1,2014-08-29,0134,Terra,MODIS,98,6.2,309.7,78,D,0
-12.0326,134.2828,328.7,1.1,1.1,2014-08-29,0134,Terra,MODIS,59,6.2,307.5,16.2,D,0
-11.3091,132.333,335.8,1,1,2014-08-29,0134,Terra,MODIS,87,6.2,306,25.5,D,0
-12.1172,132.8833,368.7,1,1,2014-08-29,0134,Terra,MODIS,100,6.2,315.2,97.1,D,0
-13.3855,135.2852,321.7,1.3,1.1,2014-08-29,0134,Terra,MODIS,55,6.2,303.3,15,D,0
-12.3344,132.7954,336.3,1,1,2014-08-29,0134,Terra,MODIS,70,6.2,311.2,25.1,D,0
-12.1262,132.882,353.7,1,1,2014-08-29,0134,Terra,MODIS,96,6.2,313.9,54,D,0
-12.1249,132.8728,340.4,1,1,2014-08-29,0134,Terra,MODIS,87,6.2,311.4,27.3,D,0
-12.054,134.263,320.9,1.1,1.1,2014-08-29,0134,Terra,MODIS,46,6.2,306.7,9.3,D,0
-12.4324,133.6793,325.8,1.1,1,2014-08-29,0134,Terra,MODIS,71,6.2,307.2,13.5,D,0
-12.4337,133.689,330.2,1.1,1,2014-08-29,0134,Terra,MODIS,78,6.2,310.7,20.1,D,0
-12.4351,133.6987,328.9,1.1,1,2014-08-29,0134,Terra,MODIS,61,6.2,309.3,17.5,D,0
-12.4458,133.7073,331.3,1.1,1,2014-08-29,0134,Terra,MODIS,64,6.2,306.7,20.2,D,0
-11.3383,132.3412,355.9,1,1,2014-08-29,0134,Terra,MODIS,98,6.2,310.6,59.6,D,0
-11.337,132.3321,371.3,1,1,2014-08-29,0134,Terra,MODIS,100,6.2,312.5,105.2,D,0
-11.3356,132.323,384.2,1,1,2014-08-29,0134,Terra,MODIS,100,6.2,314,156.8,D,0
-11.3507,132.4879,325.8,1,1,2014-08-29,0134,Terra,MODIS,62,6.2,308.9,7.7,D,0
-12.2133,132.2201,327.6,1,1,2014-08-29,0134,Terra,MODIS,73,6.2,310.1,13.8,D,0
-11.3521,132.497,338.9,1,1,2014-08-29,0134,Terra,MODIS,87,6.2,309.7,27.1,D,0
-12.1289,132.9005,329,1,1,2014-08-29,0134,Terra,MODIS,73,6.2,311,10.7,D,0
-11.3879,130.6509,327.5,1.1,1,2014-08-29,0134,Terra,MODIS,58,6.2,302.5,18.7,D,0
-13.386,135.3041,318.2,1.3,1.1,2014-08-29,0134,Terra,MODIS,28,6.2,303.3,9.1,D,0
-12.8105,134.8073,321.1,1.2,1.1,2014-08-29,0134,Terra,MODIS,42,6.2,308,6.8,D,0
-13.2971,135.5415,327.3,1.4,1.2,2014-08-29,0134,Terra,MODIS,75,6.2,306,23.6,D,0
-13.1294,135.4438,326.1,1.3,1.1,2014-08-29,0134,Terra,MODIS,73,6.2,305,21.8,D,0
-13.131,135.4558,327.7,1.3,1.1,2014-08-29,0134,Terra,MODIS,76,6.2,304.8,25.4,D,0
-13.1329,135.4496,337.4,1.3,1.1,2014-08-29,0134,Terra,MODIS,86,6.2,305.5,45.9,D,0
-13.1339,134.2747,319.6,1.1,1.1,2014-08-29,0134,Terra,MODIS,51,6.2,307.4,6.9,D,0
-13.0623,134.28,332.3,1.1,1.1,2014-08-29,0134,Terra,MODIS,81,6.2,308.4,23.4,D,0
-13.0778,134.2932,329.1,1.1,1.1,2014-08-29,0134,Terra,MODIS,49,6.2,308,18.9,D,0
-13.0668,134.284,340.7,1.1,1.1,2014-08-29,0134,Terra,MODIS,88,6.2,309.4,39.7,D,0
-13.0638,134.2905,324.3,1.1,1.1,2014-08-29,0134,Terra,MODIS,32,6.2,306.9,12,D,0
-12.1282,134.3784,329.2,1.1,1.1,2014-08-29,0134,Terra,MODIS,77,6.2,307.7,20.4,D,0
-12.129,134.315,321.7,1.1,1.1,2014-08-29,0134,Terra,MODIS,63,6.2,307.4,10.5,D,0
-13.0912,134.2485,323.9,1.1,1.1,2014-08-29,0134,Terra,MODIS,63,6.2,305.8,12.8,D,0
-13.0889,134.3024,327,1.2,1.1,2014-08-29,0134,Terra,MODIS,47,6.2,307.2,14.9,D,0
-13.0999,134.3116,332.8,1.2,1.1,2014-08-29,0134,Terra,MODIS,81,6.2,308.5,24,D,0
-11.5815,130.2988,328,1.1,1,2014-08-29,0134,Terra,MODIS,55,6.2,306.8,16,D,0
-11.4191,130.3161,326.8,1.1,1,2014-08-29,0134,Terra,MODIS,68,6.2,304.2,16.8,D,0
-11.5909,130.2973,332.5,1.1,1,2014-08-29,0134,Terra,MODIS,79,6.2,308.7,22.2,D,0
-11.5924,130.3074,327.7,1.1,1,2014-08-29,0134,Terra,MODIS,70,6.2,308.7,14.8,D,0
-12.3911,132.7429,328.6,1,1,2014-08-29,0134,Terra,MODIS,62,6.2,309.3,15.6,D,0
-11.3858,130.4499,332.2,1.1,1,2014-08-29,0134,Terra,MODIS,82,6.2,308.4,23.7,D,0
-12.8205,130.3775,321.3,1.1,1,2014-08-29,0134,Terra,MODIS,41,6.2,304.4,11.2,D,0
-15.9897,128.8279,326.6,1.2,1.1,2014-08-29,0135,Terra,MODIS,67,6.2,311.9,10.9,D,0
-13.9488,130.1685,330.6,1.1,1,2014-08-29,0135,Terra,MODIS,77,6.2,310.2,18.4,D,0
-15.9959,128.8048,327.7,1.2,1.1,2014-08-29,0135,Terra,MODIS,73,6.2,312.9,13.6,D,0
-15.9812,128.7742,322.9,1.2,1.1,2014-08-29,0135,Terra,MODIS,63,6.2,308.2,11.1,D,0
-15.1884,125.6683,330.1,1.9,1.3,2014-08-29,0135,Terra,MODIS,80,6.2,308.9,44.1,D,0
-15.057,125.6861,332.9,1.9,1.3,2014-08-29,0135,Terra,MODIS,82,6.2,308.4,52.2,D,0
-15.0599,125.7036,324,1.9,1.3,2014-08-29,0135,Terra,MODIS,52,6.2,309.4,22.2,D,0
-15.061,125.6794,322.5,1.9,1.3,2014-08-29,0135,Terra,MODIS,53,6.2,307.8,20.1,D,0
-15.064,125.6969,341,1.9,1.3,2014-08-29,0135,Terra,MODIS,89,6.2,309.6,83,D,0
-15.428,135.0296,333.6,1.3,1.1,2014-08-29,0135,Terra,MODIS,71,6.2,313.4,27,D,0
-15.423,134.9924,334.7,1.3,1.1,2014-08-29,0135,Terra,MODIS,67,6.2,312.9,30.6,D,0
-15.4317,134.9785,333.1,1.3,1.1,2014-08-29,0135,Terra,MODIS,82,6.2,310.6,30.6,D,0
-13.4847,133.3697,332.2,1.1,1,2014-08-29,0135,Terra,MODIS,80,6.2,308.4,21.8,D,0
-13.4936,133.3824,326,1.1,1,2014-08-29,0135,Terra,MODIS,71,6.2,308,13.8,D,0
-13.486,133.3795,328.2,1.1,1,2014-08-29,0135,Terra,MODIS,74,6.2,308.8,15.9,D,0
-17.686,138.2494,328.9,2.5,1.5,2014-08-29,0135,Terra,MODIS,71,6.2,306.6,62.3,D,0
-17.6792,138.2437,324.9,2.5,1.5,2014-08-29,0135,Terra,MODIS,74,6.2,306.2,47.7,D,0
-17.715,138.1915,336.5,2.5,1.5,2014-08-29,0135,Terra,MODIS,86,6.2,305.2,105.4,D,0
-17.7176,138.2149,345.3,2.5,1.5,2014-08-29,0135,Terra,MODIS,92,6.2,309.8,158.1,D,0
-15.4073,134.7953,328.7,1.3,1.1,2014-08-29,0135,Terra,MODIS,68,6.2,311,21.3,D,0
-15.4214,134.9799,333.4,1.3,1.1,2014-08-29,0135,Terra,MODIS,74,6.2,309.8,30.2,D,0
-15.0761,125.6948,320.2,1.9,1.3,2014-08-29,0135,Terra,MODIS,38,6.2,309.3,12.2,D,0
-14.8396,131.7981,375.1,1,1,2014-08-29,0135,Terra,MODIS,100,6.2,315.8,120.9,D,0
-14.841,131.8074,348.8,1,1,2014-08-29,0135,Terra,MODIS,94,6.2,314.5,46.4,D,0
-14.8423,131.8166,328.8,1,1,2014-08-29,0135,Terra,MODIS,77,6.2,313.1,13.8,D,0
-14.8045,131.81,329.8,1,1,2014-08-29,0135,Terra,MODIS,52,6.2,312.5,13.4,D,0
-15.0019,134.8144,345.6,1.3,1.1,2014-08-29,0135,Terra,MODIS,92,6.2,312.3,57.5,D,0
-15.3781,135.106,323.1,1.4,1.2,2014-08-29,0135,Terra,MODIS,50,6.2,311.1,11.2,D,0
-14.6224,132.7151,325,1,1,2014-08-29,0135,Terra,MODIS,69,6.2,310.9,10.9,D,0
-15.4366,135.0158,331,1.3,1.1,2014-08-29,0135,Terra,MODIS,62,6.2,311.9,22.7,D,0
-14.8135,131.8086,333.9,1,1,2014-08-29,0135,Terra,MODIS,51,6.2,314.4,17.7,D,0
-15.7583,130.3042,325.9,1,1,2014-08-29,0135,Terra,MODIS,59,6.2,308.6,10.1,D,0
-15.8252,130.4427,343.9,1,1,2014-08-29,0135,Terra,MODIS,91,6.2,309.1,39.8,D,0
-15.8267,130.4522,341.3,1,1,2014-08-29,0135,Terra,MODIS,89,6.2,311.5,35.3,D,0
-15.7885,130.3189,324.7,1,1,2014-08-29,0135,Terra,MODIS,45,6.2,307.3,9.9,D,0
-15.8093,130.3387,324.4,1,1,2014-08-29,0135,Terra,MODIS,70,6.2,307.4,12.9,D,0
-15.8108,130.3482,342.9,1,1,2014-08-29,0135,Terra,MODIS,90,6.2,310.2,39.7,D,0
-15.8122,130.3577,333,1,1,2014-08-29,0135,Terra,MODIS,82,6.2,309.9,22.7,D,0
-15.3035,134.7057,354.9,1.3,1.1,2014-08-29,0135,Terra,MODIS,97,6.2,312.7,85.3,D,0
-15.8281,130.4616,322.5,1,1,2014-08-29,0135,Terra,MODIS,61,6.2,310.4,9.3,D,0
-15.3051,134.7176,325.5,1.3,1.1,2014-08-29,0135,Terra,MODIS,60,6.2,309.6,13.3,D,0
-17.4102,138.5901,338,2.6,1.6,2014-08-29,0135,Terra,MODIS,87,6.2,308.2,123.4,D,0
-17.4129,138.6146,335.1,2.6,1.6,2014-08-29,0135,Terra,MODIS,85,6.2,310.2,102.7,D,0
-17.427,138.613,321.6,2.6,1.6,2014-08-29,0135,Terra,MODIS,59,6.2,305.4,38.3,D,0
-17.4179,138.6086,341.2,2.6,1.6,2014-08-29,0135,Terra,MODIS,89,6.2,308.7,145.7,D,0
-17.4153,138.5841,335.9,2.6,1.6,2014-08-29,0135,Terra,MODIS,86,6.2,304.9,113.1,D,0
-17.675,138.9271,317.8,2.8,1.6,2014-08-29,0135,Terra,MODIS,60,6.2,306.8,28.6,D,0
-17.6726,138.9331,318.6,2.8,1.6,2014-08-29,0135,Terra,MODIS,57,6.2,307.5,29.2,D,0
-15.279,134.9925,326.1,1.3,1.1,2014-08-29,0135,Terra,MODIS,67,6.2,310.8,17.6,D,0
-15.1153,125.5598,325.5,1.9,1.4,2014-08-29,0135,Terra,MODIS,74,6.2,303.3,40.2,D,0
-15.1183,125.5779,366.6,1.9,1.4,2014-08-29,0135,Terra,MODIS,100,6.2,308.2,253.5,D,0
-15.1214,125.5707,362.2,1.9,1.4,2014-08-29,0135,Terra,MODIS,100,6.2,306.6,218.5,D,0
-15.1245,125.5881,330.2,1.9,1.4,2014-08-29,0135,Terra,MODIS,68,6.2,305.6,47.9,D,0
-15.134,125.6417,323.8,1.9,1.4,2014-08-29,0135,Terra,MODIS,42,6.2,309.6,21.2,D,0
-15.3153,134.7162,327.5,1.3,1.1,2014-08-29,0135,Terra,MODIS,72,6.2,311.6,16.8,D,0
-15.8736,135.6404,338.8,1.5,1.2,2014-08-29,0135,Terra,MODIS,87,6.2,310.2,56.8,D,0
-15.4138,135.5381,329.9,1.5,1.2,2014-08-29,0135,Terra,MODIS,67,6.2,311.2,24.8,D,0
-14.8463,142.3271,311.9,4.6,2,2014-08-29,0135,Terra,MODIS,30,6.2,299.5,40.3,D,0
-15.8881,135.667,331.2,1.5,1.2,2014-08-29,0135,Terra,MODIS,79,6.2,309.5,35,D,0
-15.9327,136.5802,325.8,1.8,1.3,2014-08-29,0135,Terra,MODIS,60,6.2,310.7,23.7,D,0
-15.4531,135.6711,325.9,1.5,1.2,2014-08-29,0135,Terra,MODIS,30,6.2,310.3,17.4,D,0
-15.4575,135.6786,323.1,1.5,1.2,2014-08-29,0135,Terra,MODIS,38,6.2,309.2,14.8,D,0
-15.4359,135.4204,322.5,1.4,1.2,2014-08-29,0135,Terra,MODIS,40,6.2,309.3,10.7,D,0
-15.9307,136.564,323.9,1.7,1.3,2014-08-29,0135,Terra,MODIS,42,6.2,311.6,17.2,D,0
-14.9785,134.7934,342.1,1.3,1.1,2014-08-29,0135,Terra,MODIS,89,6.2,311.7,49.2,D,0
-14.8426,142.2909,316.7,4.6,2,2014-08-29,0135,Terra,MODIS,66,6.2,299.2,80.3,D,0
-16.0679,135.9079,326.9,1.6,1.2,2014-08-29,0135,Terra,MODIS,68,6.2,310.9,24.8,D,0
-16.1738,136.6712,330,1.8,1.3,2014-08-29,0135,Terra,MODIS,78,6.2,309.4,38.6,D,0
-15.4031,135.5395,332.6,1.5,1.2,2014-08-29,0135,Terra,MODIS,57,6.2,308.7,31.3,D,0
-15.9232,136.5708,332.5,1.7,1.3,2014-08-29,0135,Terra,MODIS,68,6.2,309.7,39.3,D,0
-15.4013,135.5261,342.4,1.4,1.2,2014-08-29,0135,Terra,MODIS,89,6.2,310.8,57.7,D,0
-15.9204,135.7275,323.5,1.5,1.2,2014-08-29,0135,Terra,MODIS,53,6.2,307.6,17.8,D,0
-15.3347,134.8604,326.6,1.3,1.1,2014-08-29,0135,Terra,MODIS,73,6.2,310.7,16.4,D,0
-15.9314,135.726,327.5,1.5,1.2,2014-08-29,0135,Terra,MODIS,75,6.2,307.9,25.4,D,0
-16.0568,135.9093,323.9,1.6,1.2,2014-08-29,0135,Terra,MODIS,41,6.2,311.3,17.3,D,0
-16.1345,136.7445,322.2,1.8,1.3,2014-08-29,0135,Terra,MODIS,45,6.2,311.3,18.9,D,0
-16.1236,135.8941,323.3,1.6,1.2,2014-08-29,0135,Terra,MODIS,59,6.2,310.6,14.5,D,0
-14.9918,134.8157,327,1.3,1.1,2014-08-29,0135,Terra,MODIS,28,6.2,308.9,17.6,D,0
-15.9171,135.7199,326.1,1.5,1.2,2014-08-29,0135,Terra,MODIS,43,6.2,307.7,22.3,D,0
-15.9153,135.7057,332.5,1.5,1.2,2014-08-29,0135,Terra,MODIS,53,6.2,306.2,34.7,D,0
-15.3889,135.5141,357,1.4,1.2,2014-08-29,0135,Terra,MODIS,98,6.2,310.3,111.3,D,0
-16.1758,136.6879,332.9,1.8,1.3,2014-08-29,0135,Terra,MODIS,81,6.2,311.5,46.5,D,0
-15.9187,135.7133,331.6,1.5,1.2,2014-08-29,0135,Terra,MODIS,80,6.2,307.5,35.6,D,0
-14.977,134.7815,343.7,1.3,1.1,2014-08-29,0135,Terra,MODIS,90,6.2,310.7,54,D,0
-16.1876,136.6864,337.4,1.8,1.3,2014-08-29,0135,Terra,MODIS,86,6.2,308.6,65,D,0
-15.3906,135.5275,343.3,1.4,1.2,2014-08-29,0135,Terra,MODIS,90,6.2,309.6,62.5,D,0
-14.8421,142.2844,314.1,4.6,2,2014-08-29,0135,Terra,MODIS,60,6.2,299,61,D,0
-16.02,136.5197,323.8,1.7,1.3,2014-08-29,0135,Terra,MODIS,65,6.2,310.5,16.1,D,0
-15.8718,135.6264,339.2,1.5,1.2,2014-08-29,0135,Terra,MODIS,87,6.2,308,58.7,D,0
-15.8899,135.6809,324.7,1.5,1.2,2014-08-29,0135,Terra,MODIS,42,6.2,307.5,20.3,D,0
-13.8447,136.6598,316.1,1.7,1.3,2014-08-29,0135,Terra,MODIS,29,6.2,302.8,11.9,D,0
-13.8467,136.6752,321.2,1.7,1.3,2014-08-29,0135,Terra,MODIS,52,6.2,303.4,23,D,0
-15.4176,135.4022,346.9,1.4,1.2,2014-08-29,0135,Terra,MODIS,92,6.2,312.7,71.1,D,0
-15.4193,135.4153,342.3,1.4,1.2,2014-08-29,0135,Terra,MODIS,89,6.2,310.7,57.1,D,0
-13.5073,132.3807,327.7,1,1,2014-08-29,0135,Terra,MODIS,61,6.2,312.3,12.9,D,0
-13.7345,132.0459,328.8,1,1,2014-08-29,0135,Terra,MODIS,46,6.2,307.7,12.9,D,0
-13.7713,131.4835,330.4,1,1,2014-08-29,0135,Terra,MODIS,77,6.2,310.3,17.5,D,0
-13.7749,132.3224,324.2,1,1,2014-08-29,0135,Terra,MODIS,21,6.2,309.1,7.7,D,0
-14.12,132.2271,322.5,1,1,2014-08-29,0135,Terra,MODIS,60,6.2,309.2,8.5,D,0
-15.3744,135.158,326.8,1.4,1.2,2014-08-29,0135,Terra,MODIS,55,6.2,311.6,18.7,D,0
-13.7435,132.0446,334,1,1,2014-08-29,0135,Terra,MODIS,50,6.2,308.8,18.8,D,0
-13.7511,132.034,343.6,1,1,2014-08-29,0135,Terra,MODIS,90,6.2,310.4,35.1,D,0
-15.4383,133.153,329.7,1.1,1,2014-08-29,0135,Terra,MODIS,71,6.2,310.3,16.9,D,0
-13.7525,132.0432,327,1,1,2014-08-29,0135,Terra,MODIS,53,6.2,308.2,10.6,D,0
-15.4178,133.0747,327.9,1.1,1,2014-08-29,0135,Terra,MODIS,60,6.2,308.6,15.3,D,0
-13.761,132.3528,322.4,1,1,2014-08-29,0135,Terra,MODIS,30,6.2,308.4,7.7,D,0
-13.793,132.3197,336.3,1,1,2014-08-29,0135,Terra,MODIS,84,6.2,311.8,23,D,0
-15.369,132.8609,322.2,1.1,1,2014-08-29,0135,Terra,MODIS,56,6.2,310,9.1,D,0
-14.0929,132.2311,321.8,1,1,2014-08-29,0135,Terra,MODIS,60,6.2,309.6,7.3,D,0
-13.4497,132.49,333.5,1,1,2014-08-29,0135,Terra,MODIS,61,6.2,308.4,20.7,D,0
-13.4589,132.4917,324.2,1,1,2014-08-29,0135,Terra,MODIS,56,6.2,306.9,10.4,D,0
-13.4904,130.9005,325.7,1,1,2014-08-29,0135,Terra,MODIS,45,6.2,310.3,10.4,D,0
-13.468,132.4903,325.4,1,1,2014-08-29,0135,Terra,MODIS,69,6.2,307.2,12.2,D,0
-15.364,135.1594,325.5,1.4,1.2,2014-08-29,0135,Terra,MODIS,43,6.2,312.1,16.5,D,0
-15.3001,132.9572,325.7,1.1,1,2014-08-29,0135,Terra,MODIS,64,6.2,309.5,11.3,D,0
-13.8446,136.6689,316.7,1.7,1.3,2014-08-29,0135,Terra,MODIS,34,6.2,303.2,12,D,0
-15.413,135.4103,338.9,1.4,1.2,2014-08-29,0135,Terra,MODIS,87,6.2,310.3,47.4,D,0
-13.856,136.6674,317.4,1.7,1.3,2014-08-29,0135,Terra,MODIS,25,6.2,303,13.1,D,0
-14.4468,133.223,330,1.1,1,2014-08-29,0135,Terra,MODIS,77,6.2,310.3,17.1,D,0
-15.4236,135.4089,336.5,1.4,1.2,2014-08-29,0135,Terra,MODIS,85,6.2,311.1,40.2,D,0
-13.7566,131.5105,327.6,1,1,2014-08-29,0135,Terra,MODIS,34,6.2,312.7,11.1,D,0
-13.4713,132.386,338.9,1,1,2014-08-29,0135,Terra,MODIS,86,6.2,309.4,27.8,D,0
-13.4456,132.3993,333.2,1,1,2014-08-29,0135,Terra,MODIS,67,6.2,310.3,18.8,D,0
-13.7476,131.5119,338.6,1,1,2014-08-29,0135,Terra,MODIS,86,6.2,311.2,26.7,D,0
-14.4427,133.1936,320.1,1.1,1,2014-08-29,0135,Terra,MODIS,52,6.2,308.6,4.8,D,0
-13.7726,131.4927,328.8,1,1,2014-08-29,0135,Terra,MODIS,75,6.2,310.7,16.1,D,0
-13.489,130.8911,326.8,1,1,2014-08-29,0135,Terra,MODIS,68,6.2,310.6,12.8,D,0
-15.3415,135.1496,345,1.4,1.2,2014-08-29,0135,Terra,MODIS,91,6.2,313.3,61.3,D,0
-15.592,133.0064,323.9,1.1,1,2014-08-29,0135,Terra,MODIS,34,6.2,311.2,9.9,D,0
-13.4666,132.4811,338.8,1,1,2014-08-29,0135,Terra,MODIS,86,6.2,310.2,30.2,D,0
-14.2315,133.722,332.7,1.1,1.1,2014-08-29,0135,Terra,MODIS,63,6.2,310,20.6,D,0
-13.4875,130.8818,327,1,1,2014-08-29,0135,Terra,MODIS,65,6.2,308,13.1,D,0
-13.7594,132.0264,327.9,1,1,2014-08-29,0135,Terra,MODIS,74,6.2,311.1,12.5,D,0
-15.4336,133.0521,329,1.1,1,2014-08-29,0135,Terra,MODIS,13,6.2,308.7,15.1,D,0
-13.7607,132.0355,322.5,1,1,2014-08-29,0135,Terra,MODIS,63,6.2,308.9,6.2,D,0
-13.4576,132.4824,331.5,1,1,2014-08-29,0135,Terra,MODIS,78,6.2,310.1,19,D,0
-13.784,132.3211,326.3,1,1,2014-08-29,0135,Terra,MODIS,49,6.2,310.4,9.6,D,0
-13.4699,132.3768,333.8,1,1,2014-08-29,0135,Terra,MODIS,77,6.2,311.8,19.7,D,0
-13.7242,132.0381,328.2,1,1,2014-08-29,0135,Terra,MODIS,72,6.2,311.2,12.8,D,0
-15.3432,135.1622,330.9,1.4,1.2,2014-08-29,0135,Terra,MODIS,76,6.2,310.6,26.6,D,0
-15.4401,133.0309,325.7,1.1,1,2014-08-29,0135,Terra,MODIS,36,6.2,309.4,11.2,D,0
-15.471,133.0002,326.2,1.1,1,2014-08-29,0135,Terra,MODIS,37,6.2,309.8,11.3,D,0
-13.4851,131.1114,322,1,1,2014-08-29,0135,Terra,MODIS,35,6.2,307.5,7.8,D,0
-13.5345,132.314,322.1,1,1,2014-08-29,0135,Terra,MODIS,44,6.2,310.5,6.7,D,0
-13.3915,132.4703,323.9,1,1,2014-08-29,0135,Terra,MODIS,34,6.2,308.8,8.7,D,0
-13.7685,131.4651,325.6,1,1,2014-08-29,0135,Terra,MODIS,70,6.2,307.1,13.3,D,0
-15.3066,132.9362,322.8,1.1,1,2014-08-29,0135,Terra,MODIS,31,6.2,310.6,7.5,D,0
-13.2655,132.3631,348,1,1,2014-08-29,0135,Terra,MODIS,93,6.2,312.1,42.6,D,0
-13.2641,132.3539,327.1,1,1,2014-08-29,0135,Terra,MODIS,69,6.2,312.8,9.1,D,0
-13.7699,131.4743,331.5,1,1,2014-08-29,0135,Terra,MODIS,79,6.2,309.8,19.4,D,0
-14.8842,126.1834,396.9,1.8,1.3,2014-08-29,0135,Terra,MODIS,100,6.2,316.5,518.3,D,0
-14.8869,126.1994,330.1,1.8,1.3,2014-08-29,0135,Terra,MODIS,79,6.2,308,41.9,D,0
-14.8958,126.1812,391.6,1.8,1.3,2014-08-29,0135,Terra,MODIS,100,6.2,313.7,452.4,D,0
-16.1203,128.3651,338.3,1.2,1.1,2014-08-29,0135,Terra,MODIS,87,6.2,309.5,38.7,D,0
-15.7196,130.4719,324.1,1,1,2014-08-29,0135,Terra,MODIS,59,6.2,313,7.5,D,0
-14.9409,126.1169,326.8,1.8,1.3,2014-08-29,0135,Terra,MODIS,65,6.2,306.7,30.4,D,0
-14.9459,126.1219,324.4,1.8,1.3,2014-08-29,0135,Terra,MODIS,39,6.2,306.5,24.4,D,0
-14.9432,126.1055,337.7,1.8,1.3,2014-08-29,0135,Terra,MODIS,87,6.2,308.4,64.4,D,0
-13.8934,130.2234,318.9,1.1,1,2014-08-29,0135,Terra,MODIS,7,6.2,305.8,5.8,D,0
-13.8919,130.2136,327.4,1.1,1,2014-08-29,0135,Terra,MODIS,73,6.2,306.8,15.4,D,0
-15.3832,130.505,322.8,1,1,2014-08-29,0135,Terra,MODIS,56,6.2,312.7,7.2,D,0
-14.5001,129.912,323.6,1.1,1,2014-08-29,0135,Terra,MODIS,26,6.2,312,8.3,D,0
-14.8986,126.1974,344.9,1.8,1.3,2014-08-29,0135,Terra,MODIS,92,6.2,310.1,95.1,D,0
-14.9102,126.1952,320.7,1.8,1.3,2014-08-29,0135,Terra,MODIS,58,6.2,306.8,18.6,D,0
-13.998,130.1807,329,1.1,1,2014-08-29,0135,Terra,MODIS,75,6.2,309.8,16.7,D,0
-13.9965,130.1709,333.3,1.1,1,2014-08-29,0135,Terra,MODIS,81,6.2,311.6,22.4,D,0
-14.9526,126.1148,328.4,1.8,1.3,2014-08-29,0135,Terra,MODIS,77,6.2,308.8,35.1,D,0
-14.8814,126.1671,348.1,1.8,1.3,2014-08-29,0135,Terra,MODIS,93,6.2,306.9,112,D,0
-14.938,126.1004,323.5,1.8,1.3,2014-08-29,0135,Terra,MODIS,34,6.2,308.2,21.1,D,0
-16.1185,128.354,340.2,1.2,1.1,2014-08-29,0135,Terra,MODIS,88,6.2,309.9,43.2,D,0
-16.1105,128.3668,324.6,1.2,1.1,2014-08-29,0135,Terra,MODIS,69,6.2,311,14.5,D,0
-15.1671,125.6174,333.7,1.9,1.4,2014-08-29,0135,Terra,MODIS,83,6.2,309.7,59.2,D,0
-15.164,125.5994,357.6,1.9,1.4,2014-08-29,0135,Terra,MODIS,98,6.2,307.5,182.1,D,0
-14.0333,129.9363,321.8,1.1,1,2014-08-29,0135,Terra,MODIS,59,6.2,307.4,12.1,D,0
-13.7952,131.8333,331.8,1,1,2014-08-29,0135,Terra,MODIS,79,6.2,312.2,16.8,D,0
-13.7939,131.8241,325.5,1,1,2014-08-29,0135,Terra,MODIS,70,6.2,310.3,9.2,D,0
-15.606,128.2249,324.2,1.3,1.1,2014-08-29,0135,Terra,MODIS,70,6.2,310.3,14.9,D,0
-13.9033,130.0409,327.3,1.1,1,2014-08-29,0135,Terra,MODIS,72,6.2,308.7,15.9,D,0
-19.6852,127.3995,335.5,1.2,1.1,2014-08-29,0136,Terra,MODIS,85,6.2,308.5,33,D,0
-19.6871,127.4111,340.7,1.2,1.1,2014-08-29,0136,Terra,MODIS,89,6.2,309.1,43.9,D,0
-19.689,127.4227,324.3,1.2,1.1,2014-08-29,0136,Terra,MODIS,71,6.2,306.4,15.1,D,0
-19.695,127.3977,328.4,1.2,1.1,2014-08-29,0136,Terra,MODIS,65,6.2,306,19.8,D,0
-18.1981,129.9277,339.9,1,1,2014-08-29,0136,Terra,MODIS,88,6.2,306.9,33.3,D,0
-18.3171,129.9215,357.2,1,1,2014-08-29,0136,Terra,MODIS,98,6.2,309.2,67.5,D,0
-18.3156,129.912,322.7,1,1,2014-08-29,0136,Terra,MODIS,65,6.2,309.5,7.3,D,0
-17.6691,127.7375,355.9,1.3,1.1,2014-08-29,0136,Terra,MODIS,98,6.2,305.3,92,D,0
-19.6658,127.4097,330.7,1.2,1.1,2014-08-29,0136,Terra,MODIS,71,6.2,308,21.9,D,0
-19.6639,127.398,335.6,1.2,1.1,2014-08-29,0136,Terra,MODIS,76,6.2,306.9,31.5,D,0
-19.662,127.3864,355.7,1.2,1.1,2014-08-29,0136,Terra,MODIS,97,6.2,304.9,85.7,D,0
-16.6547,123.8287,317.4,2.4,1.5,2014-08-29,0136,Terra,MODIS,46,6.2,304.8,25.4,D,0
-18.2432,129.9238,334.3,1,1,2014-08-29,0136,Terra,MODIS,84,6.2,309,22.8,D,0
-19.6464,127.3532,343.7,1.2,1.1,2014-08-29,0136,Terra,MODIS,91,6.2,307.3,54.6,D,0
-19.6483,127.3648,330.9,1.2,1.1,2014-08-29,0136,Terra,MODIS,80,6.2,306.4,26.5,D,0
-18.1967,129.9182,333.6,1,1,2014-08-29,0136,Terra,MODIS,83,6.2,307.6,23.1,D,0
-18.1952,129.9086,352.3,1,1,2014-08-29,0136,Terra,MODIS,96,6.2,309.4,58.2,D,0
-18.192,129.9483,323.4,1,1,2014-08-29,0136,Terra,MODIS,71,6.2,308.8,12.1,D,0
-19.6502,127.3765,336.2,1.2,1.1,2014-08-29,0136,Terra,MODIS,85,6.2,305.9,36,D,0
-19.6563,127.3514,339,1.2,1.1,2014-08-29,0136,Terra,MODIS,87,6.2,305,44.2,D,0
-18.1934,129.9579,321.6,1,1,2014-08-29,0136,Terra,MODIS,67,6.2,308.3,10.1,D,0
-18.1938,129.8991,320.1,1,1,2014-08-29,0136,Terra,MODIS,61,6.2,305.5,7.2,D,0
-19.6381,127.4267,322.4,1.2,1.1,2014-08-29,0136,Terra,MODIS,48,6.2,306.2,12.5,D,0
-18.3185,129.9311,344.3,1,1,2014-08-29,0136,Terra,MODIS,91,6.2,307.9,38.8,D,0
-19.6403,127.3783,329.8,1.2,1.1,2014-08-29,0136,Terra,MODIS,79,6.2,307.5,24.8,D,0
-19.6521,127.3882,374.5,1.2,1.1,2014-08-29,0136,Terra,MODIS,100,6.2,311.2,162.9,D,0
-19.6479,127.4249,327.6,1.2,1.1,2014-08-29,0136,Terra,MODIS,48,6.2,307.4,19.2,D,0
-18.3019,129.9436,327.4,1,1,2014-08-29,0136,Terra,MODIS,19,6.2,308,12.6,D,0
-18.2537,129.9319,328.4,1,1,2014-08-29,0136,Terra,MODIS,54,6.2,309.4,14.9,D,0
-19.654,127.3998,375.5,1.2,1.1,2014-08-29,0136,Terra,MODIS,100,6.2,312.3,165.6,D,0
-19.6559,127.4115,334.8,1.2,1.1,2014-08-29,0136,Terra,MODIS,79,6.2,306.9,29.1,D,0
-17.6672,127.7257,370.7,1.3,1.1,2014-08-29,0136,Terra,MODIS,100,6.2,308.1,151.1,D,0
-17.6653,127.7141,364.8,1.3,1.1,2014-08-29,0136,Terra,MODIS,100,6.2,308.5,126.1,D,0
-17.6633,127.7022,360.2,1.3,1.1,2014-08-29,0136,Terra,MODIS,100,6.2,308,109.3,D,0
-17.6648,127.7741,328.9,1.2,1.1,2014-08-29,0136,Terra,MODIS,74,6.2,305,23.2,D,0
-17.6629,127.7623,348.3,1.3,1.1,2014-08-29,0136,Terra,MODIS,94,6.2,305.6,66,D,0
-17.661,127.7507,330.4,1.3,1.1,2014-08-29,0136,Terra,MODIS,71,6.2,305.7,25.2,D,0
-17.6533,127.7038,321.9,1.3,1.1,2014-08-29,0136,Terra,MODIS,58,6.2,307.6,14.5,D,0
-17.6549,127.7758,336.7,1.2,1.1,2014-08-29,0136,Terra,MODIS,86,6.2,307.8,36.9,D,0
-17.6529,127.7641,327.9,1.3,1.1,2014-08-29,0136,Terra,MODIS,75,6.2,307.7,19.4,D,0
-19.6756,127.4078,331.7,1.2,1.1,2014-08-29,0136,Terra,MODIS,25,6.2,309,23.2,D,0
-19.6775,127.4194,354.6,1.2,1.1,2014-08-29,0136,Terra,MODIS,97,6.2,309.6,80,D,0
-17.6449,127.7774,319.8,1.2,1.1,2014-08-29,0136,Terra,MODIS,49,6.2,308.1,8,D,0
-19.6772,127.4129,345.2,1.2,1.1,2014-08-29,0136,Terra,MODIS,92,6.2,309.8,54.1,D,0
-18.1996,129.9373,325.4,1,1,2014-08-29,0136,Terra,MODIS,70,6.2,305.3,12.9,D,0
-19.6792,127.4245,334.4,1.2,1.1,2014-08-29,0136,Terra,MODIS,84,6.2,307.3,30.9,D,0
-19.6832,127.3879,323.2,1.2,1.1,2014-08-29,0136,Terra,MODIS,59,6.2,306.3,13.8,D,0
-16.6587,123.8509,320.7,2.4,1.5,2014-08-29,0136,Terra,MODIS,65,6.2,304.6,34.3,D,0
-16.6,123.9614,328.2,2.4,1.5,2014-08-29,0136,Terra,MODIS,79,6.2,305.5,59.8,D,0
-16.5977,123.7457,324.6,2.5,1.5,2014-08-29,0136,Terra,MODIS,74,6.2,302.3,55.6,D,0
-16.4685,123.9724,314.8,2.4,1.5,2014-08-29,0136,Terra,MODIS,48,6.2,302.7,21.4,D,0
-16.5947,123.9565,323.1,2.4,1.5,2014-08-29,0136,Terra,MODIS,71,6.2,305.9,42,D,0
-16.6523,123.8453,318.3,2.4,1.5,2014-08-29,0136,Terra,MODIS,49,6.2,305,26.6,D,0
-19.0158,122.1483,324.8,2.9,1.6,2014-08-29,0136,Terra,MODIS,59,6.2,306.2,59.2,D,0
-16.3755,123.92,315.8,2.4,1.5,2014-08-29,0136,Terra,MODIS,0,6.2,304.2,20,D,0
-16.5841,123.7484,341.3,2.5,1.5,2014-08-29,0136,Terra,MODIS,90,6.2,306.3,141,D,0
-16.5884,123.7717,324,2.5,1.5,2014-08-29,0136,Terra,MODIS,72,6.2,304.8,48.3,D,0
-18.9202,133.8791,336.6,1.3,1.1,2014-08-29,0136,Terra,MODIS,86,6.2,305.6,39.3,D,0
-17.8275,138.3896,318.8,2.5,1.5,2014-08-29,0136,Terra,MODIS,43,6.2,308.4,24.7,D,0
-17.8413,138.3881,330.6,2.5,1.5,2014-08-29,0136,Terra,MODIS,81,6.2,306,75.9,D,0
-17.7502,138.2588,321.2,2.5,1.5,2014-08-29,0136,Terra,MODIS,34,6.2,306.7,32.4,D,0
-17.7313,138.2135,336.4,2.5,1.5,2014-08-29,0136,Terra,MODIS,86,6.2,306,104.5,D,0
-18.0121,123.6924,334,2.3,1.5,2014-08-29,0136,Terra,MODIS,80,6.2,308.4,75.1,D,0
-18.2819,127.8461,319.6,1.2,1.1,2014-08-29,0136,Terra,MODIS,63,6.2,306.4,10.5,D,0
-19.0733,127.0557,321.3,1.3,1.1,2014-08-29,0136,Terra,MODIS,64,6.2,308.1,13.3,D,0
-19.0754,127.0681,323.5,1.3,1.1,2014-08-29,0136,Terra,MODIS,69,6.2,306.8,16.8,D,0
-18.9116,133.8924,323.6,1.3,1.1,2014-08-29,0136,Terra,MODIS,70,6.2,307.5,15.8,D,0
-18.9132,133.9045,320.2,1.3,1.1,2014-08-29,0136,Terra,MODIS,53,6.2,305.6,11.6,D,0
-18.9217,133.891,343.1,1.3,1.1,2014-08-29,0136,Terra,MODIS,90,6.2,305.9,54.3,D,0
-19.1884,130.8263,333.7,1,1,2014-08-29,0136,Terra,MODIS,83,6.2,308,22.8,D,0
-21.0859,120.7191,331.4,3.3,1.7,2014-08-29,0137,Terra,MODIS,83,6.2,304.2,132.8,D,0
-19.0163,122.1423,322.7,2.9,1.6,2014-08-29,0137,Terra,MODIS,56,6.2,306.5,51.1,D,0
-19.0779,122.0642,321.2,2.9,1.6,2014-08-29,0137,Terra,MODIS,44,6.2,304.5,46.9,D,0
-21.4425,126.2598,332.9,1.3,1.1,2014-08-29,0137,Terra,MODIS,82,6.2,307.8,33.9,D,0
-21.2418,125.7881,324.7,1.4,1.2,2014-08-29,0137,Terra,MODIS,70,6.2,307.4,20.4,D,0
-21.2853,125.8862,320.9,1.4,1.2,2014-08-29,0137,Terra,MODIS,65,6.2,308.1,12.8,D,0
-21.2572,125.8136,328,1.4,1.2,2014-08-29,0137,Terra,MODIS,59,6.2,307.8,23.9,D,0
-21.2448,125.7808,324.7,1.4,1.2,2014-08-29,0137,Terra,MODIS,48,6.2,308.4,17.9,D,0
-21.2627,125.82,324,1.4,1.2,2014-08-29,0137,Terra,MODIS,62,6.2,307.8,16.8,D,0
-19.0782,122.0715,321.8,2.9,1.6,2014-08-29,0137,Terra,MODIS,49,6.2,304.5,49.7,D,0
-20.0745,127.029,344.7,1.3,1.1,2014-08-29,0137,Terra,MODIS,91,6.2,308.8,55.8,D,0
-20.0781,127.0468,367.7,1.3,1.1,2014-08-29,0137,Terra,MODIS,100,6.2,309.8,136.3,D,0
-20.0761,127.0348,386.2,1.3,1.1,2014-08-29,0137,Terra,MODIS,100,6.2,313,238.8,D,0
-20.1385,127.1036,342.6,1.3,1.1,2014-08-29,0137,Terra,MODIS,90,6.2,309,50.9,D,0
-20.0865,127.0391,321.9,1.3,1.1,2014-08-29,0137,Terra,MODIS,65,6.2,306,11.6,D,0
-20.0785,127.0529,323.5,1.3,1.1,2014-08-29,0137,Terra,MODIS,62,6.2,306.6,12.9,D,0
-20.0765,127.041,380.8,1.3,1.1,2014-08-29,0137,Terra,MODIS,100,6.2,314.1,205.2,D,0
-21.7024,119.169,316.4,4.2,1.9,2014-08-29,0137,Terra,MODIS,65,6.2,302.6,58.4,D,0
-21.7052,119.1623,316.9,4.2,1.9,2014-08-29,0137,Terra,MODIS,66,6.2,302.3,62.9,D,0
-20.9771,119.6405,314.4,4,1.9,2014-08-29,0137,Terra,MODIS,55,6.2,302.6,51.3,D,0
-20.9441,119.7013,316.1,4,1.9,2014-08-29,0137,Terra,MODIS,47,6.2,302.8,49.7,D,0
-20.9486,119.6945,318.5,4,1.9,2014-08-29,0137,Terra,MODIS,67,6.2,302.9,71,D,0
-23.6826,124.7397,319.6,1.5,1.2,2014-08-29,0138,Terra,MODIS,65,6.2,306,13.9,D,0
-25.4997,126.5804,314.8,1.1,1.1,2014-08-29,0138,Terra,MODIS,27,6.2,302.9,5.2,D,0
-23.68,124.7248,327.3,1.5,1.2,2014-08-29,0138,Terra,MODIS,77,6.2,306.6,29.2,D,0
-25.1159,129.9683,317,1,1,2014-08-29,0138,Terra,MODIS,61,6.2,304,6.3,D,0
-25.1283,129.9252,328,1,1,2014-08-29,0138,Terra,MODIS,79,6.2,302.8,18.9,D,0
-25.1207,129.9367,354.6,1,1,2014-08-29,0138,Terra,MODIS,97,6.2,308.5,66.1,D,0
-23.6717,124.7419,316.5,1.5,1.2,2014-08-29,0138,Terra,MODIS,47,6.2,305.9,8.8,D,0
-22.9476,122.6472,325.9,2.2,1.4,2014-08-29,0138,Terra,MODIS,77,6.2,305.1,50.2,D,0
-23.3963,121.094,325.5,2.8,1.6,2014-08-29,0138,Terra,MODIS,78,6.2,302,70,D,0
-22.9734,122.6416,318.3,2.2,1.4,2014-08-29,0138,Terra,MODIS,44,6.2,302.5,26.8,D,0
-25.1311,129.9452,363.6,1,1,2014-08-29,0138,Terra,MODIS,100,6.2,308.2,89.5,D,0
-25.1192,129.9267,317.9,1,1,2014-08-29,0138,Terra,MODIS,64,6.2,303,7.8,D,0
-25.1235,129.9567,346,1,1,2014-08-29,0138,Terra,MODIS,93,6.2,307.5,46.1,D,0
-25.1221,129.9467,344.4,1,1,2014-08-29,0138,Terra,MODIS,92,6.2,308.9,42.8,D,0
-23.404,121.1145,340.1,2.8,1.6,2014-08-29,0138,Terra,MODIS,90,6.2,302.6,159.9,D,0
-23.4018,121.1213,341.6,2.8,1.6,2014-08-29,0138,Terra,MODIS,90,6.2,302.5,170.1,D,0
-23.3931,121.1516,317.1,2.8,1.6,2014-08-29,0138,Terra,MODIS,64,6.2,301.7,37.5,D,0
-23.3876,121.1245,318,2.8,1.6,2014-08-29,0138,Terra,MODIS,66,6.2,301.6,39.9,D,0
-25.1326,129.9552,367.9,1,1,2014-08-29,0138,Terra,MODIS,100,6.2,306.9,102.9,D,0
-25.1297,129.9352,353.9,1,1,2014-08-29,0138,Terra,MODIS,97,6.2,306.1,64.6,D,0
-33.7299,122.2841,312.4,1.4,1.2,2014-08-29,0140,Terra,MODIS,72,6.2,295.5,15.6,D,0
-30.8699,121.4828,311.2,1.8,1.3,2014-08-29,0140,Terra,MODIS,59,6.2,299.6,10.9,D,0
-42.2333,146.8215,303.1,1,1,2014-08-29,0415,Aqua,MODIS,55,6.2,288.5,6.2,D,0
-42.2351,146.8092,301.4,1,1,2014-08-29,0415,Aqua,MODIS,47,6.2,288.8,5.4,D,0
-41.1235,147.4427,300.1,1,1,2014-08-29,0416,Aqua,MODIS,27,6.2,285.7,4.3,D,0
-37.4335,143.2723,311.5,1.1,1.1,2014-08-29,0417,Aqua,MODIS,71,6.2,292.2,11.2,D,0
-37.4461,143.2487,303.7,1.1,1.1,2014-08-29,0417,Aqua,MODIS,34,6.2,292.6,5.1,D,0
-37.4446,143.2614,306.2,1.1,1.1,2014-08-29,0417,Aqua,MODIS,55,6.2,292.8,6.9,D,0
-37.3716,143.3446,305.1,1.1,1.1,2014-08-29,0417,Aqua,MODIS,61,6.2,292.3,6.9,D,0
-38.1701,141.9612,333.4,1.3,1.1,2014-08-29,0417,Aqua,MODIS,88,6.2,292.7,46.6,D,0
-34.8476,140.2418,319.5,1.5,1.2,2014-08-29,0417,Aqua,MODIS,72,6.2,303.3,17.3,D,0
-38.1717,141.9462,312.7,1.3,1.1,2014-08-29,0417,Aqua,MODIS,59,6.2,291.5,14.4,D,0
-36.5577,144.6078,304.3,1,1,2014-08-29,0417,Aqua,MODIS,55,6.2,293.7,4.9,D,0
-37.8777,141.2354,302.8,1.4,1.2,2014-08-29,0417,Aqua,MODIS,54,6.2,292.6,6.1,D,0
-38.164,141.9547,322.1,1.3,1.1,2014-08-29,0417,Aqua,MODIS,81,6.2,292.9,27.4,D,0
-37.435,143.2596,329.4,1.1,1.1,2014-08-29,0417,Aqua,MODIS,86,6.2,293.4,32.1,D,0
-38.1743,141.9565,327.6,1.3,1.1,2014-08-29,0417,Aqua,MODIS,85,6.2,291.5,34.8,D,0
-35.2253,144.0674,310,1,1,2014-08-29,0417,Aqua,MODIS,47,6.2,298.7,5,D,0
-37.375,143.3521,308.8,1.1,1.1,2014-08-29,0417,Aqua,MODIS,68,6.2,292.4,9,D,0
-35.0193,145.9772,347.8,1,1,2014-08-29,0417,Aqua,MODIS,95,6.2,297.7,55.2,D,0
-36.1278,147.2849,308.3,1.1,1,2014-08-29,0417,Aqua,MODIS,19,6.2,288.3,8.4,D,0
-35.6052,145.3058,332.4,1,1,2014-08-29,0417,Aqua,MODIS,87,6.2,297.4,29.7,D,0
-35.7639,145.5465,309.7,1,1,2014-08-29,0417,Aqua,MODIS,67,6.2,296.9,6.7,D,0
-34.8651,145.8393,315.1,1,1,2014-08-29,0417,Aqua,MODIS,69,6.2,301.8,7.9,D,0
-35.7623,145.5576,310.8,1,1,2014-08-29,0417,Aqua,MODIS,69,6.2,294.1,7.7,D,0
-34.9045,145.8253,317,1,1,2014-08-29,0417,Aqua,MODIS,72,6.2,300.4,10,D,0
-34.8634,145.8503,310.3,1,1,2014-08-29,0417,Aqua,MODIS,49,6.2,300,4.2,D,0
-36.1462,147.2892,309.9,1.1,1,2014-08-29,0417,Aqua,MODIS,19,6.2,288.3,9,D,0
-35.6036,145.3168,311.1,1,1,2014-08-29,0417,Aqua,MODIS,68,6.2,294.4,7.8,D,0
-35.021,145.9661,332.5,1,1,2014-08-29,0417,Aqua,MODIS,86,6.2,299.5,28.9,D,0
-34.7985,145.8517,312.9,1,1,2014-08-29,0417,Aqua,MODIS,64,6.2,298.3,6.1,D,0
-36.9817,147.4837,317.4,1,1,2014-08-29,0417,Aqua,MODIS,78,6.2,290.6,16.3,D,0
-36.9759,147.4755,306.4,1,1,2014-08-29,0417,Aqua,MODIS,63,6.2,290.5,8.4,D,0
-34.9061,145.8143,318.3,1,1,2014-08-29,0417,Aqua,MODIS,73,6.2,298.7,11.6,D,0
-34.5705,146.1423,309.9,1,1,2014-08-29,0417,Aqua,MODIS,42,6.2,299.5,5.3,D,0
-34.4306,146.3356,315.3,1,1,2014-08-29,0417,Aqua,MODIS,71,6.2,295.9,10.3,D,0
-36.974,147.4875,307.9,1,1,2014-08-29,0417,Aqua,MODIS,66,6.2,289.5,9.4,D,0
-36.137,147.2869,310.4,1.1,1,2014-08-29,0417,Aqua,MODIS,24,6.2,288.3,9.6,D,0
-37.5593,141.1485,327.5,1.4,1.2,2014-08-29,0417,Aqua,MODIS,85,6.2,294,40.8,D,0
-37.5779,141.2814,309.5,1.4,1.2,2014-08-29,0417,Aqua,MODIS,54,6.2,293.1,11.4,D,0
-37.5812,141.2495,315.9,1.4,1.2,2014-08-29,0417,Aqua,MODIS,76,6.2,295.3,19,D,0
-37.5796,141.2654,323,1.4,1.2,2014-08-29,0417,Aqua,MODIS,82,6.2,294.4,30.8,D,0
-33.3792,146.5051,308.9,1.1,1,2014-08-29,0418,Aqua,MODIS,49,6.2,298.7,4.6,D,0
-30.139,148.177,318.7,1.4,1.2,2014-08-29,0418,Aqua,MODIS,72,6.2,303,13.9,D,0
-33.8301,142.1669,336.3,1.1,1.1,2014-08-29,0418,Aqua,MODIS,87,6.2,305.7,35.3,D,0
-34.2886,144.0034,321.5,1,1,2014-08-29,0418,Aqua,MODIS,68,6.2,305.5,12.3,D,0
-33.8286,142.1793,348.5,1.1,1.1,2014-08-29,0418,Aqua,MODIS,94,6.2,306.2,61.5,D,0
-30.2101,149.1197,308.5,1.6,1.2,2014-08-29,0418,Aqua,MODIS,53,6.2,297.5,8.6,D,0
-29.2014,149.0061,314.9,1.6,1.2,2014-08-29,0419,Aqua,MODIS,58,6.2,302.6,14.4,D,0
-27.938,149.4923,314.5,1.8,1.3,2014-08-29,0419,Aqua,MODIS,49,6.2,300.2,18.2,D,0
-27.9416,149.4739,349.1,1.8,1.3,2014-08-29,0419,Aqua,MODIS,95,6.2,303.4,132.7,D,0
-27.9326,149.4842,337.4,1.8,1.3,2014-08-29,0419,Aqua,MODIS,89,6.2,301.3,79.4,D,0
-27.9298,149.471,337.5,1.8,1.3,2014-08-29,0419,Aqua,MODIS,89,6.2,302,79.8,D,0
-27.6712,152.8182,307.4,3.1,1.7,2014-08-29,0419,Aqua,MODIS,47,6.2,296,23.2,D,0
-27.936,149.4658,340.9,1.8,1.3,2014-08-29,0419,Aqua,MODIS,91,6.2,303.7,92.3,D,0
-26.5492,152.419,314.1,3.1,1.7,2014-08-29,0419,Aqua,MODIS,66,6.2,294,61,D,0
-27.5655,149.6305,311.1,1.9,1.3,2014-08-29,0419,Aqua,MODIS,53,6.2,300,10.3,D,0
-26.9035,152.3522,317.6,3,1.7,2014-08-29,0419,Aqua,MODIS,72,6.2,297.6,60,D,0
-28.3653,146.1187,316.2,1.2,1.1,2014-08-29,0419,Aqua,MODIS,58,6.2,302.1,7.8,D,0
-26.906,152.3483,314.9,3,1.7,2014-08-29,0419,Aqua,MODIS,68,6.2,297.4,45.1,D,0
-26.6293,146.0639,358,1.2,1.1,2014-08-29,0419,Aqua,MODIS,99,6.2,306.2,95.7,D,0
-26.6273,146.076,328,1.2,1.1,2014-08-29,0419,Aqua,MODIS,79,6.2,303.6,23.4,D,0
-27.6585,144.5828,315.6,1,1,2014-08-29,0419,Aqua,MODIS,53,6.2,304.6,5.5,D,0
-26.5303,150.1869,318.4,2.2,1.4,2014-08-29,0419,Aqua,MODIS,71,6.2,297.3,38,D,0
-26.8998,152.3781,309,3,1.7,2014-08-29,0419,Aqua,MODIS,27,6.2,296.6,23.7,D,0
-24.8866,148.6085,317.3,1.9,1.3,2014-08-29,0420,Aqua,MODIS,51,6.2,306.5,17.8,D,0
-23.8966,149.2309,318.4,2.1,1.4,2014-08-29,0420,Aqua,MODIS,33,6.2,301.6,32.8,D,0
-22.7711,147.5374,324.5,1.7,1.3,2014-08-29,0420,Aqua,MODIS,75,6.2,303.3,35.2,D,0
-26.1869,146.3148,323.1,1.3,1.1,2014-08-29,0420,Aqua,MODIS,73,6.2,306.1,15.9,D,0
-25.4564,150.921,311.2,2.6,1.6,2014-08-29,0420,Aqua,MODIS,17,6.2,296.8,18.8,D,0
-20.6749,140.4737,326.4,1,1,2014-08-29,0421,Aqua,MODIS,61,6.2,312.6,9.1,D,0
-19.2915,146.9847,327.1,1.8,1.3,2014-08-29,0421,Aqua,MODIS,57,6.2,301.2,46.3,D,0
-20.7368,139.4805,323,1.1,1,2014-08-29,0421,Aqua,MODIS,43,6.2,312.2,7.8,D,2
-16.0801,144.4451,327.6,1.4,1.2,2014-08-29,0422,Aqua,MODIS,62,6.2,306.2,25.3,D,0
-16.2695,144.6801,324.1,1.4,1.2,2014-08-29,0422,Aqua,MODIS,70,6.2,305.6,19.8,D,0
-16.2271,144.5017,331.5,1.4,1.2,2014-08-29,0422,Aqua,MODIS,65,6.2,302,33.1,D,0
-16.0778,144.5251,327.4,1.4,1.2,2014-08-29,0422,Aqua,MODIS,66,6.2,306.6,23.8,D,0
-16.2314,144.6459,331,1.4,1.2,2014-08-29,0422,Aqua,MODIS,80,6.2,303.4,30.8,D,0
-16.0822,144.4321,343.5,1.4,1.2,2014-08-29,0422,Aqua,MODIS,90,6.2,305.5,65.6,D,0
-16.0569,144.4546,328.5,1.4,1.2,2014-08-29,0422,Aqua,MODIS,46,6.2,306.1,24.5,D,0
-16.2302,144.5219,322.5,1.4,1.2,2014-08-29,0422,Aqua,MODIS,66,6.2,302.5,20.6,D,0
-16.2186,144.6574,326.6,1.4,1.2,2014-08-29,0422,Aqua,MODIS,74,6.2,304.9,23,D,0
-16.0906,144.447,340.9,1.4,1.2,2014-08-29,0422,Aqua,MODIS,89,6.2,304.9,57,D,0
-16.2292,144.6593,322.1,1.4,1.2,2014-08-29,0422,Aqua,MODIS,47,6.2,305.5,14.1,D,0
-18.4337,145.3271,315.1,1.5,1.2,2014-08-29,0422,Aqua,MODIS,39,6.2,302.4,11.4,D,0
-16.168,144.5325,334.1,1.4,1.2,2014-08-29,0422,Aqua,MODIS,83,6.2,304.2,40.2,D,0
-16.2359,144.619,322.5,1.4,1.2,2014-08-29,0422,Aqua,MODIS,48,6.2,304.3,18.2,D,0
-16.2548,144.6362,326,1.4,1.2,2014-08-29,0422,Aqua,MODIS,59,6.2,304.2,21.2,D,0
-16.1701,144.5194,337.4,1.4,1.2,2014-08-29,0422,Aqua,MODIS,86,6.2,305.4,49.2,D,0
-16.0927,144.4341,347.7,1.4,1.2,2014-08-29,0422,Aqua,MODIS,93,6.2,304,79.2,D,0
-16.0885,144.4599,327.1,1.4,1.2,2014-08-29,0422,Aqua,MODIS,61,6.2,304.3,23.9,D,0
-16.0548,144.4675,328.2,1.4,1.2,2014-08-29,0422,Aqua,MODIS,34,6.2,306.4,21.7,D,0
-16.5276,145.1498,327.6,1.5,1.2,2014-08-29,0422,Aqua,MODIS,75,6.2,303.5,34.2,D,0
-16.1095,144.5306,321.5,1.4,1.2,2014-08-29,0422,Aqua,MODIS,60,6.2,304.2,14.3,D,0
-16.225,144.5142,338.9,1.4,1.2,2014-08-29,0422,Aqua,MODIS,87,6.2,304.3,51.1,D,0
-16.5423,145.197,327.9,1.5,1.2,2014-08-29,0422,Aqua,MODIS,75,6.2,301.9,38.1,D,0
-16.0601,144.4615,329.4,1.4,1.2,2014-08-29,0422,Aqua,MODIS,41,6.2,307.5,26.9,D,0
-16.2323,144.5094,342.9,1.4,1.2,2014-08-29,0422,Aqua,MODIS,90,6.2,302.3,67,D,0
-20.0218,134.3937,323.1,2.3,1.5,2014-08-29,0422,Aqua,MODIS,63,6.2,310.2,31.1,D,0
-20.0241,134.372,321.3,2.3,1.5,2014-08-29,0422,Aqua,MODIS,56,6.2,309,26.1,D,0
-16.5838,139.3074,322.9,1,1,2014-08-29,0422,Aqua,MODIS,33,6.2,308.8,6.1,D,0
-16.5825,139.3171,331.6,1,1,2014-08-29,0422,Aqua,MODIS,79,6.2,309.6,16.9,D,0
-16.5746,139.306,324.6,1,1,2014-08-29,0422,Aqua,MODIS,46,6.2,309.1,8.3,D,0
-16.5616,139.2642,324.3,1,1,2014-08-29,0422,Aqua,MODIS,27,6.2,309.8,9.5,D,0
-16.5629,139.2545,322.7,1,1,2014-08-29,0422,Aqua,MODIS,24,6.2,308.8,8.8,D,0
-17.4433,138.6598,325.1,1.1,1.1,2014-08-29,0422,Aqua,MODIS,54,6.2,311.2,7.8,D,0
-17.4447,138.6493,332.8,1.1,1.1,2014-08-29,0422,Aqua,MODIS,79,6.2,312.3,19.3,D,0
-18.9258,133.8685,323.3,2.4,1.5,2014-08-29,0422,Aqua,MODIS,54,6.2,310.1,35.3,D,0
-17.8344,138.403,331,1.2,1.1,2014-08-29,0422,Aqua,MODIS,75,6.2,314.3,16.9,D,0
-17.8372,138.3812,326.6,1.2,1.1,2014-08-29,0422,Aqua,MODIS,27,6.2,313.1,10.3,D,0
-17.8387,138.3703,338.3,1.2,1.1,2014-08-29,0422,Aqua,MODIS,84,6.2,313.2,31.2,D,0
-17.8401,138.3593,336,1.2,1.1,2014-08-29,0422,Aqua,MODIS,82,6.2,311.9,27.5,D,0
-17.8416,138.3484,344.9,1.2,1.1,2014-08-29,0422,Aqua,MODIS,90,6.2,312,49.6,D,0
-17.8304,138.358,332.9,1.2,1.1,2014-08-29,0422,Aqua,MODIS,78,6.2,312,22.2,D,0
-17.8319,138.347,368.7,1.2,1.1,2014-08-29,0422,Aqua,MODIS,100,6.2,315.6,123.9,D,0
-17.8333,138.336,367.6,1.2,1.1,2014-08-29,0422,Aqua,MODIS,100,6.2,311.6,121.9,D,0
-17.7615,138.2642,349.8,1.2,1.1,2014-08-29,0422,Aqua,MODIS,94,6.2,312.9,56.9,D,0
-17.7532,138.2519,336.4,1.2,1.1,2014-08-29,0422,Aqua,MODIS,78,6.2,314.9,26.8,D,0
-17.7546,138.2408,343.4,1.2,1.1,2014-08-29,0422,Aqua,MODIS,85,6.2,313.3,42.2,D,0
-17.7039,138.2272,343.4,1.2,1.1,2014-08-29,0422,Aqua,MODIS,89,6.2,315.9,44.2,D,0
-17.6928,138.2367,346.3,1.2,1.1,2014-08-29,0422,Aqua,MODIS,91,6.2,314,49.3,D,0
-17.6942,138.2256,360,1.2,1.1,2014-08-29,0422,Aqua,MODIS,99,6.2,314.4,90.4,D,0
-17.6816,138.2463,333.5,1.2,1.1,2014-08-29,0422,Aqua,MODIS,79,6.2,313.9,22.9,D,0
-17.683,138.2352,341,1.2,1.1,2014-08-29,0422,Aqua,MODIS,87,6.2,313,36.8,D,0
-17.7395,138.2048,341.8,1.2,1.1,2014-08-29,0422,Aqua,MODIS,53,6.2,313.6,36,D,0
-17.7283,138.2146,335.8,1.2,1.1,2014-08-29,0422,Aqua,MODIS,49,6.2,315.9,23.3,D,0
-17.7312,138.1924,339.2,1.2,1.1,2014-08-29,0422,Aqua,MODIS,43,6.2,313.8,32.4,D,0
-17.7326,138.1812,342.7,1.2,1.1,2014-08-29,0422,Aqua,MODIS,85,6.2,312.5,43.6,D,0
-17.7228,138.1799,357.9,1.2,1.1,2014-08-29,0422,Aqua,MODIS,98,6.2,313.3,87.2,D,0
-17.7242,138.1688,335.7,1.2,1.1,2014-08-29,0422,Aqua,MODIS,82,6.2,308.3,31.8,D,0
-17.7054,138.2162,326.3,1.2,1.1,2014-08-29,0422,Aqua,MODIS,67,6.2,311.7,15.3,D,0
-17.6957,138.2146,336.7,1.2,1.1,2014-08-29,0422,Aqua,MODIS,83,6.2,309.6,31.5,D,0
-17.7698,138.2766,327.2,1.2,1.1,2014-08-29,0422,Aqua,MODIS,33,6.2,312.2,13.2,D,0
-17.7683,138.2876,331.6,1.2,1.1,2014-08-29,0422,Aqua,MODIS,64,6.2,313.2,19.4,D,0
-17.76,138.2753,362.3,1.2,1.1,2014-08-29,0422,Aqua,MODIS,100,6.2,315.8,95.4,D,0
-17.6937,138.3041,323.5,1.2,1.1,2014-08-29,0422,Aqua,MODIS,41,6.2,312,9.3,D,0
-17.6941,138.9167,338.8,1.1,1,2014-08-29,0422,Aqua,MODIS,85,6.2,312.7,29.1,D,0
-17.7141,138.3246,326.7,1.2,1.1,2014-08-29,0422,Aqua,MODIS,63,6.2,314.2,10.8,D,0
-16.4876,139.6804,322.1,1,1,2014-08-29,0422,Aqua,MODIS,60,6.2,306.2,9.6,D,0
-17.4218,138.6031,342.6,1.1,1.1,2014-08-29,0422,Aqua,MODIS,89,6.2,314.7,38.8,D,0
-17.4232,138.5925,331.9,1.1,1.1,2014-08-29,0422,Aqua,MODIS,66,6.2,313,20.1,D,0
-17.7035,138.9552,332.7,1.1,1,2014-08-29,0422,Aqua,MODIS,78,6.2,314.9,18.6,D,0
-17.698,138.9592,325.9,1.1,1,2014-08-29,0422,Aqua,MODIS,50,6.2,315.2,8.9,D,0
-18.9233,133.8918,336.2,2.4,1.5,2014-08-29,0422,Aqua,MODIS,85,6.2,308.6,95.1,D,0
-17.6833,138.9256,330.6,1.1,1,2014-08-29,0422,Aqua,MODIS,68,6.2,314.2,14.4,D,0
-17.6847,138.9153,363.8,1.1,1,2014-08-29,0422,Aqua,MODIS,100,6.2,316.9,93.3,D,0
-17.6861,138.905,327.7,1.1,1,2014-08-29,0422,Aqua,MODIS,56,6.2,312.4,11.9,D,0
-15.6454,145.2519,324.6,1.6,1.3,2014-08-29,0422,Aqua,MODIS,72,6.2,299.7,31.7,D,0
-15.6449,145.2614,318.9,1.6,1.3,2014-08-29,0422,Aqua,MODIS,53,6.2,297.8,22.9,D,0
-15.6473,145.2465,317.1,1.6,1.3,2014-08-29,0422,Aqua,MODIS,50,6.2,299.7,18.1,D,0
-18.2565,129.904,325.3,4.7,2,2014-08-29,0422,Aqua,MODIS,64,6.2,308.7,117.1,D,0
-18.2026,129.8993,321.4,4.7,2,2014-08-29,0422,Aqua,MODIS,61,6.2,308.2,94.5,D,0
-18.2046,129.8957,321.1,4.7,2,2014-08-29,0422,Aqua,MODIS,44,6.2,308.2,85.8,D,0
-18.2554,129.9123,328.2,4.7,2,2014-08-29,0422,Aqua,MODIS,70,6.2,308,149.6,D,0
-13.9304,136.5783,325.4,1.3,1.1,2014-08-29,0423,Aqua,MODIS,62,6.2,301.5,18.9,D,0
-13.8485,136.6586,328.1,1.3,1.1,2014-08-29,0423,Aqua,MODIS,69,6.2,304.8,20.9,D,0
-14.9405,133.0645,322.4,2.5,1.5,2014-08-29,0423,Aqua,MODIS,55,6.2,310.1,33.1,D,0
-13.7928,132.3091,328.5,2.7,1.6,2014-08-29,0423,Aqua,MODIS,48,6.2,313.1,47.1,D,0
-16.0411,136.3508,376.8,1.5,1.2,2014-08-29,0423,Aqua,MODIS,100,6.2,315.4,211.9,D,0
-14.9338,133.0585,322.8,2.5,1.5,2014-08-29,0423,Aqua,MODIS,65,6.2,310.1,35.9,D,0
-16.2379,136.2358,331.8,1.5,1.2,2014-08-29,0423,Aqua,MODIS,76,6.2,315.4,23.9,D,0
-15.4399,133.1553,321.2,2.5,1.5,2014-08-29,0423,Aqua,MODIS,43,6.2,310.5,26.8,D,0
-15.4156,135.408,322.1,1.7,1.3,2014-08-29,0423,Aqua,MODIS,36,6.2,309.9,9.6,D,0
-13.4172,141.6371,345.8,1.1,1,2014-08-29,0423,Aqua,MODIS,70,6.2,306.6,45,D,0
-14.6075,144.4307,321,1.5,1.2,2014-08-29,0423,Aqua,MODIS,63,6.2,300.6,18.8,D,0
-13.4064,141.6455,337.7,1.1,1,2014-08-29,0423,Aqua,MODIS,64,6.2,309.6,29.9,D,0
-13.4079,141.6356,341.6,1.1,1,2014-08-29,0423,Aqua,MODIS,84,6.2,308,37,D,0
-14.5968,144.4288,361.3,1.5,1.2,2014-08-29,0423,Aqua,MODIS,100,6.2,304,144.1,D,0
-13.9121,136.4763,320.5,1.3,1.1,2014-08-29,0423,Aqua,MODIS,63,6.2,305.6,10.9,D,0
-12.4195,143.139,315.5,1.3,1.1,2014-08-29,0423,Aqua,MODIS,51,6.2,296.6,9.1,D,0
-13.6602,134.2633,341.7,1.9,1.3,2014-08-29,0423,Aqua,MODIS,88,6.2,311.4,78.2,D,0
-12.3764,143.0883,320.9,1.3,1.1,2014-08-29,0423,Aqua,MODIS,51,6.2,297.8,17.4,D,0
-12.5893,142.2413,332,1.2,1.1,2014-08-29,0423,Aqua,MODIS,35,6.2,304.8,20.5,D,0
-16.0519,136.3523,350.8,1.5,1.2,2014-08-29,0423,Aqua,MODIS,94,6.2,317.8,80.2,D,0
-12.3598,143.0611,329.9,1.3,1.1,2014-08-29,0423,Aqua,MODIS,81,6.2,297.7,31.4,D,0
-15.3187,132.9214,326.4,2.5,1.5,2014-08-29,0423,Aqua,MODIS,46,6.2,311.1,43.4,D,0
-13.5241,134.2865,325.9,1.9,1.3,2014-08-29,0423,Aqua,MODIS,70,6.2,310.3,23.8,D,0
-13.5219,134.3038,326.1,1.9,1.3,2014-08-29,0423,Aqua,MODIS,71,6.2,309.6,25.1,D,0
-16.0428,136.3372,336.5,1.5,1.2,2014-08-29,0423,Aqua,MODIS,83,6.2,316.1,34.5,D,0
-14.599,144.4154,327.5,1.5,1.2,2014-08-29,0423,Aqua,MODIS,75,6.2,299.6,30.2,D,0
-13.8486,136.4981,322.8,1.3,1.1,2014-08-29,0423,Aqua,MODIS,67,6.2,303.8,17.4,D,0
-14.5913,144.4349,323,1.5,1.2,2014-08-29,0423,Aqua,MODIS,68,6.2,301.4,20.9,D,0
-14.5934,144.4214,334.1,1.5,1.2,2014-08-29,0423,Aqua,MODIS,83,6.2,302.7,45.8,D,0
-13.7961,132.3144,329.3,2.7,1.6,2014-08-29,0423,Aqua,MODIS,66,6.2,313.1,54.9,D,0
-13.772,131.4549,320.2,3.1,1.7,2014-08-29,0423,Aqua,MODIS,30,6.2,308.2,36,D,0
-14.2055,133.7203,326.6,2.1,1.4,2014-08-29,0423,Aqua,MODIS,47,6.2,313.6,25.9,D,0
-14.4467,133.218,331,2.3,1.5,2014-08-29,0423,Aqua,MODIS,79,6.2,312.7,52.7,D,0
-13.8587,136.66,325.1,1.3,1.1,2014-08-29,0423,Aqua,MODIS,65,6.2,305.9,15.9,D,0
-15.3546,144.7101,320.3,1.5,1.2,2014-08-29,0423,Aqua,MODIS,33,6.2,300.2,16.2,D,0
-13.7502,131.5109,323.8,3.1,1.7,2014-08-29,0423,Aqua,MODIS,59,6.2,308.7,51.5,D,0
-13.2305,135.1616,327,1.6,1.2,2014-08-29,0423,Aqua,MODIS,55,6.2,308.8,22.1,D,0
-13.0727,141.6693,385.1,1.1,1,2014-08-29,0423,Aqua,MODIS,100,6.2,306.1,186.8,D,0
-15.867,135.6285,329.6,1.6,1.3,2014-08-29,0423,Aqua,MODIS,53,6.2,310.7,30,D,0
-15.3926,135.4879,331.5,1.6,1.3,2014-08-29,0423,Aqua,MODIS,44,6.2,312.3,26.2,D,0
-15.3908,135.5031,336.4,1.6,1.3,2014-08-29,0423,Aqua,MODIS,59,6.2,313.8,40.9,D,0
-14.6797,144.547,319,1.5,1.2,2014-08-29,0423,Aqua,MODIS,37,6.2,301.4,16.5,D,0
-16.107,135.9027,334,1.6,1.2,2014-08-29,0423,Aqua,MODIS,73,6.2,314.3,31.3,D,0
-13.0556,141.6563,334.1,1.1,1,2014-08-29,0423,Aqua,MODIS,84,6.2,304.9,28.1,D,0
-13.3021,135.3989,318.2,1.6,1.2,2014-08-29,0423,Aqua,MODIS,21,6.2,305.6,9,D,0
-15.8688,135.6134,342,1.6,1.3,2014-08-29,0423,Aqua,MODIS,88,6.2,310.2,69.3,D,0
-14.2437,133.7254,324.5,2.1,1.4,2014-08-29,0423,Aqua,MODIS,31,6.2,308.6,25.1,D,0
-14.9691,134.7458,335.3,1.8,1.3,2014-08-29,0423,Aqua,MODIS,84,6.2,312.4,53,D,0
-16.2471,136.2511,339.5,1.5,1.2,2014-08-29,0423,Aqua,MODIS,86,6.2,317.8,42,D,0
-14.9168,142.2611,337,1.1,1,2014-08-29,0423,Aqua,MODIS,84,6.2,311.8,27,D,0
-12.835,142.9064,323.4,1.3,1.1,2014-08-29,0423,Aqua,MODIS,37,6.2,299.3,17.5,D,0
-14.8321,142.3101,336.3,1.1,1.1,2014-08-29,0423,Aqua,MODIS,83,6.2,310.7,27.2,D,0
-13.0649,141.6579,363.1,1.1,1,2014-08-29,0423,Aqua,MODIS,100,6.2,303.2,94.5,D,0
-14.9671,134.7627,328.3,1.8,1.3,2014-08-29,0423,Aqua,MODIS,55,6.2,312.7,29.5,D,0
-13.0806,141.6807,335.9,1.1,1,2014-08-29,0423,Aqua,MODIS,86,6.2,305.1,30.6,D,0
-13.2213,135.4173,328.3,1.5,1.2,2014-08-29,0423,Aqua,MODIS,64,6.2,306.1,25.6,D,0
-15.0998,134.8768,327.6,1.8,1.3,2014-08-29,0423,Aqua,MODIS,58,6.2,314.3,16.3,D,0
-14.979,134.7643,337.7,1.8,1.3,2014-08-29,0423,Aqua,MODIS,86,6.2,314.8,59,D,0
-14.8102,145.0099,333.7,1.6,1.2,2014-08-29,0423,Aqua,MODIS,78,6.2,298.3,53.5,D,0
-15.3643,144.7317,328.2,1.5,1.2,2014-08-29,0423,Aqua,MODIS,72,6.2,301.4,29.3,D,0
-12.578,142.2503,330.3,1.2,1.1,2014-08-29,0423,Aqua,MODIS,39,6.2,307.9,18.1,D,0
-14.8337,142.2999,349.4,1.1,1.1,2014-08-29,0423,Aqua,MODIS,94,6.2,309.6,53.2,D,0
-15.4978,135.6613,331.1,1.6,1.2,2014-08-29,0423,Aqua,MODIS,73,6.2,315.5,25,D,0
-13.0757,141.6494,329.1,1.1,1,2014-08-29,0423,Aqua,MODIS,79,6.2,303.1,18.7,D,0
-16.0831,135.9089,337.3,1.6,1.2,2014-08-29,0423,Aqua,MODIS,83,6.2,313.6,44.1,D,0
-15.3632,144.7259,331,1.5,1.2,2014-08-29,0423,Aqua,MODIS,81,6.2,301.9,37.5,D,0
-15.4098,135.5363,330.2,1.6,1.3,2014-08-29,0423,Aqua,MODIS,56,6.2,311.4,26.4,D,0
-15.9608,136.2654,327.2,1.5,1.2,2014-08-29,0423,Aqua,MODIS,59,6.2,315,13.3,D,0
-14.8353,142.2896,338.3,1.1,1.1,2014-08-29,0423,Aqua,MODIS,73,6.2,306.4,30.3,D,0
-14.6689,144.5453,328.8,1.5,1.2,2014-08-29,0423,Aqua,MODIS,72,6.2,300.7,35,D,0
-13.2286,135.1763,332.3,1.6,1.2,2014-08-29,0423,Aqua,MODIS,75,6.2,310.9,34.4,D,0
-15.3524,144.724,336.9,1.5,1.2,2014-08-29,0423,Aqua,MODIS,86,6.2,302.9,53.1,D,0
-14.6928,144.5353,317.8,1.5,1.2,2014-08-29,0423,Aqua,MODIS,37,6.2,302.2,12.8,D,0
-15.4382,135.6766,332.8,1.6,1.2,2014-08-29,0423,Aqua,MODIS,78,6.2,310.3,35.5,D,0
-13.0664,141.6479,326.1,1.1,1,2014-08-29,0423,Aqua,MODIS,73,6.2,300.9,14.5,D,0
-13.0821,141.6708,336.6,1.1,1,2014-08-29,0423,Aqua,MODIS,86,6.2,304,31.5,D,0
-16.072,135.9074,338.1,1.6,1.2,2014-08-29,0423,Aqua,MODIS,84,6.2,315,46,D,0
-14.9636,145.1264,348,1.6,1.3,2014-08-29,0423,Aqua,MODIS,93,6.2,295.1,105.8,D,0
-13.0989,141.6587,341.6,1.1,1,2014-08-29,0423,Aqua,MODIS,86,6.2,301.4,38.9,D,0
-16.0213,136.5115,333.5,1.4,1.2,2014-08-29,0423,Aqua,MODIS,78,6.2,312.6,27.2,D,0
-13.9347,142.1547,326.1,1.1,1.1,2014-08-29,0423,Aqua,MODIS,51,6.2,307.4,13,D,0
-15.4513,135.6633,326.6,1.6,1.2,2014-08-29,0423,Aqua,MODIS,52,6.2,311.9,17.1,D,0
-16.085,135.8943,331.5,1.6,1.2,2014-08-29,0423,Aqua,MODIS,67,6.2,315.7,27.3,D,0
-13.0541,141.6663,361,1.1,1,2014-08-29,0423,Aqua,MODIS,100,6.2,305,90,D,0
-13.0911,141.6473,324.6,1.1,1,2014-08-29,0423,Aqua,MODIS,24,6.2,301.2,13.6,D,0
-15.361,144.7397,323.1,1.5,1.2,2014-08-29,0423,Aqua,MODIS,69,6.2,302.5,20,D,0
-14.8698,142.3163,333,1.1,1.1,2014-08-29,0423,Aqua,MODIS,80,6.2,310.7,20.8,D,0
-14.8683,142.3266,330.3,1.1,1.1,2014-08-29,0423,Aqua,MODIS,73,6.2,310,16.9,D,0
-14.8422,144.9548,328.9,1.6,1.2,2014-08-29,0423,Aqua,MODIS,78,6.2,299.9,38.5,D,0
-14.6676,144.5396,332.4,1.5,1.2,2014-08-29,0423,Aqua,MODIS,81,6.2,301.2,44.8,D,0
-14.9247,142.2729,329.1,1.1,1,2014-08-29,0423,Aqua,MODIS,66,6.2,311,13.6,D,0
-16.0848,135.8997,337,1.6,1.2,2014-08-29,0423,Aqua,MODIS,69,6.2,315.2,40.1,D,0
-16.072,135.9128,341.3,1.6,1.2,2014-08-29,0423,Aqua,MODIS,88,6.2,313.6,57,D,0
-14.8431,142.3014,336.7,1.1,1.1,2014-08-29,0423,Aqua,MODIS,57,6.2,310.1,26.2,D,0
-13.0742,141.6593,391.1,1.1,1,2014-08-29,0423,Aqua,MODIS,100,6.2,307.9,218.5,D,0
-13.0974,141.6686,331.2,1.1,1,2014-08-29,0423,Aqua,MODIS,39,6.2,302.5,20.4,D,0
-14.8635,142.2943,335.1,1.1,1.1,2014-08-29,0423,Aqua,MODIS,66,6.2,304.7,23.5,D,0
-16.0714,135.5424,324.8,1.7,1.3,2014-08-29,0423,Aqua,MODIS,46,6.2,313.8,15.4,D,0
-14.6712,144.5316,336.3,1.5,1.2,2014-08-29,0423,Aqua,MODIS,85,6.2,301.9,52.7,D,0
-13.3403,134.1982,322.2,1.9,1.3,2014-08-29,0423,Aqua,MODIS,56,6.2,308.9,18.4,D,0
-15.9046,135.6947,345.6,1.6,1.2,2014-08-29,0423,Aqua,MODIS,91,6.2,312.4,76.2,D,0
-16.1088,135.8881,328.7,1.6,1.2,2014-08-29,0423,Aqua,MODIS,31,6.2,317,17.3,D,0
-13.0634,141.6678,356.3,1.1,1,2014-08-29,0423,Aqua,MODIS,98,6.2,302.7,74.8,D,0
-14.8463,142.281,325.2,1.1,1,2014-08-29,0423,Aqua,MODIS,44,6.2,305.6,13.3,D,0
-14.8541,142.2927,361.5,1.1,1.1,2014-08-29,0423,Aqua,MODIS,100,6.2,308.8,88.4,D,0
-13.9299,142.1586,322.4,1.1,1.1,2014-08-29,0423,Aqua,MODIS,42,6.2,307.3,9.3,D,0
-15.4492,135.4018,322.7,1.7,1.3,2014-08-29,0423,Aqua,MODIS,50,6.2,309.3,14.1,D,0
-14.8604,142.3147,330.9,1.1,1.1,2014-08-29,0423,Aqua,MODIS,48,6.2,310,16.8,D,0
-13.1037,141.69,328,1.1,1,2014-08-29,0423,Aqua,MODIS,64,6.2,304.1,18.2,D,0
-13.2323,135.4189,324.9,1.5,1.2,2014-08-29,0423,Aqua,MODIS,60,6.2,307.6,19.7,D,0
-14.8714,142.306,361.4,1.1,1.1,2014-08-29,0423,Aqua,MODIS,100,6.2,312.5,87.7,D,0
-13.3381,134.2156,334.4,1.9,1.3,2014-08-29,0423,Aqua,MODIS,83,6.2,309.8,56,D,0
-14.2461,133.7124,343.2,2.1,1.4,2014-08-29,0423,Aqua,MODIS,90,6.2,310,105.7,D,0
-13.0713,141.6792,340.4,1.1,1,2014-08-29,0423,Aqua,MODIS,89,6.2,303.4,38.8,D,0
-14.8127,144.9951,324.1,1.6,1.2,2014-08-29,0423,Aqua,MODIS,66,6.2,298.1,28.1,D,0
-14.8557,142.2825,341,1.1,1,2014-08-29,0423,Aqua,MODIS,86,6.2,306.2,37.5,D,0
-12.8449,142.9081,323.5,1.3,1.1,2014-08-29,0423,Aqua,MODIS,59,6.2,299.4,17.9,D,0
-14.7297,142.281,333.8,1.1,1.1,2014-08-29,0423,Aqua,MODIS,79,6.2,314.8,19.6,D,0
-12.3854,141.9526,326.6,1.1,1.1,2014-08-29,0423,Aqua,MODIS,78,6.2,280.9,23.5,D,0
-15.3927,135.4983,337.8,1.6,1.3,2014-08-29,0423,Aqua,MODIS,85,6.2,313.6,49,D,0
-14.2462,133.7053,343,2.1,1.4,2014-08-29,0423,Aqua,MODIS,90,6.2,309.9,105.1,D,0
-14.8369,142.2794,341.3,1.1,1,2014-08-29,0423,Aqua,MODIS,88,6.2,306.2,38.2,D,0
-14.9106,142.302,330.6,1.1,1.1,2014-08-29,0423,Aqua,MODIS,71,6.2,312.5,15.4,D,0
-14.6698,144.5258,323.8,1.5,1.2,2014-08-29,0423,Aqua,MODIS,70,6.2,301.1,24.6,D,0
-15.4401,135.6618,348,1.6,1.2,2014-08-29,0423,Aqua,MODIS,93,6.2,314.8,84.1,D,0
-14.862,142.3045,390.8,1.1,1.1,2014-08-29,0423,Aqua,MODIS,100,6.2,315,217.8,D,0
-13.6335,141.9043,335.4,1.1,1,2014-08-29,0423,Aqua,MODIS,85,6.2,307.2,26.5,D,0
-13.6583,141.8671,327.6,1.1,1,2014-08-29,0423,Aqua,MODIS,67,6.2,307.6,14.1,D,0
-13.9422,142.0768,329.2,1.1,1.1,2014-08-29,0423,Aqua,MODIS,79,6.2,307,16.8,D,0
-14.2312,143.2722,332.1,1.3,1.1,2014-08-29,0423,Aqua,MODIS,80,6.2,303.2,30.8,D,0
-13.3696,135.3264,324.3,1.6,1.2,2014-08-29,0423,Aqua,MODIS,50,6.2,308.3,17.4,D,0
-13.3957,135.3935,330.7,1.6,1.2,2014-08-29,0423,Aqua,MODIS,70,6.2,307.9,32.3,D,0
-13.6147,141.9013,330.5,1.1,1,2014-08-29,0423,Aqua,MODIS,74,6.2,307.3,18.6,D,0
-13.3863,135.2846,325.4,1.6,1.2,2014-08-29,0423,Aqua,MODIS,70,6.2,307.4,23.4,D,0
-13.9583,142.127,324,1.1,1.1,2014-08-29,0423,Aqua,MODIS,40,6.2,306.1,9.5,D,0
-13.6568,141.8771,337,1.1,1,2014-08-29,0423,Aqua,MODIS,86,6.2,307.6,28.9,D,0
-13.9458,142.146,327.5,1.1,1.1,2014-08-29,0423,Aqua,MODIS,54,6.2,305.7,13.9,D,0
-13.9437,142.0666,326.7,1.1,1,2014-08-29,0423,Aqua,MODIS,76,6.2,306.6,13.9,D,0
-13.3844,135.2989,325.5,1.6,1.2,2014-08-29,0423,Aqua,MODIS,38,6.2,307.6,20.5,D,0
-13.4805,133.3622,330.6,2.2,1.4,2014-08-29,0423,Aqua,MODIS,77,6.2,310,53.9,D,0
-15.4401,135.0236,327.7,1.8,1.3,2014-08-29,0423,Aqua,MODIS,27,6.2,312.7,22.5,D,0
-13.3881,135.2702,322.5,1.6,1.2,2014-08-29,0423,Aqua,MODIS,55,6.2,304.4,17.7,D,0
-13.2267,135.1909,330.4,1.6,1.2,2014-08-29,0423,Aqua,MODIS,59,6.2,309.7,27.5,D,0
-13.6028,141.8832,323.4,1.1,1,2014-08-29,0423,Aqua,MODIS,26,6.2,307.1,10.7,D,0
-13.6013,141.8933,327,1.1,1,2014-08-29,0423,Aqua,MODIS,76,6.2,305.5,15.9,D,0
-13.5935,141.8817,330.1,1.1,1,2014-08-29,0423,Aqua,MODIS,74,6.2,307,19.5,D,0
-13.4935,133.3637,323.4,2.2,1.4,2014-08-29,0423,Aqua,MODIS,61,6.2,309.4,26.3,D,0
-14.8224,131.7708,329.2,3.1,1.7,2014-08-29,0423,Aqua,MODIS,38,6.2,309.4,72.1,D,0
-14.8202,131.7919,330.1,3.1,1.7,2014-08-29,0423,Aqua,MODIS,44,6.2,313.2,83.2,D,0
-14.8044,131.7973,345.3,3.1,1.7,2014-08-29,0423,Aqua,MODIS,89,6.2,310.3,199,D,0
-14.8074,131.7691,334.9,3.1,1.7,2014-08-29,0423,Aqua,MODIS,50,6.2,307.8,109.8,D,0
-14.8052,131.7902,344.8,3.1,1.7,2014-08-29,0423,Aqua,MODIS,91,6.2,310.4,203.4,D,0
-15.3091,134.7038,338.3,1.9,1.3,2014-08-29,0423,Aqua,MODIS,85,6.2,314.6,62.7,D,0
-15.3833,135.0992,325.7,1.7,1.3,2014-08-29,0423,Aqua,MODIS,43,6.2,313.7,18,D,0
-14.2293,143.2838,327,1.3,1.1,2014-08-29,0423,Aqua,MODIS,74,6.2,304.2,21.5,D,0
-15.3016,134.7079,337,1.9,1.3,2014-08-29,0423,Aqua,MODIS,84,6.2,315.2,56,D,0
-13.1091,141.845,335.7,1.1,1,2014-08-29,0423,Aqua,MODIS,85,6.2,304.4,28,D,0
-13.1027,141.8233,344.8,1.1,1,2014-08-29,0423,Aqua,MODIS,92,6.2,306.7,46.6,D,0
-13.1042,141.8133,342.6,1.1,1,2014-08-29,0423,Aqua,MODIS,90,6.2,304.7,43.4,D,0
-13.0933,141.8218,340.1,1.1,1,2014-08-29,0423,Aqua,MODIS,88,6.2,305.3,37.8,D,0
-13.0949,141.8118,340.1,1.1,1,2014-08-29,0423,Aqua,MODIS,88,6.2,303.1,38.6,D,0
-13.7865,142.9729,331.2,1.2,1.1,2014-08-29,0423,Aqua,MODIS,81,6.2,306.7,23.8,D,0
-13.7883,142.9615,326,1.2,1.1,2014-08-29,0423,Aqua,MODIS,68,6.2,307,14.4,D,0
-13.7766,142.9712,329.9,1.2,1.1,2014-08-29,0423,Aqua,MODIS,78,6.2,306.5,22.2,D,0
-15.4344,134.9725,328.9,1.8,1.3,2014-08-29,0423,Aqua,MODIS,50,6.2,311,28.8,D,0
-13.7784,142.9599,327.1,1.2,1.1,2014-08-29,0423,Aqua,MODIS,67,6.2,308.7,16.9,D,0
-15.3136,134.7094,325.5,1.9,1.3,2014-08-29,0423,Aqua,MODIS,55,6.2,313.3,17.9,D,0
-15.3313,134.8674,328.3,1.8,1.3,2014-08-29,0423,Aqua,MODIS,62,6.2,314.8,25.3,D,0
-15.3432,134.8689,333.3,1.8,1.3,2014-08-29,0423,Aqua,MODIS,71,6.2,311.9,41.9,D,0
-12.334,141.7495,324.8,1.1,1.1,2014-08-29,0423,Aqua,MODIS,70,6.2,282.9,18.7,D,0
-13.3956,135.388,326.6,1.6,1.2,2014-08-29,0423,Aqua,MODIS,48,6.2,307.5,21.6,D,0
-13.104,141.7515,331.9,1.1,1,2014-08-29,0423,Aqua,MODIS,81,6.2,303.1,25.7,D,0
-13.1055,141.7415,325.4,1.1,1,2014-08-29,0423,Aqua,MODIS,70,6.2,302.6,15.6,D,0
-13.3072,135.7293,325,1.5,1.2,2014-08-29,0423,Aqua,MODIS,49,6.2,308.4,18.1,D,0
-13.635,141.8942,333,1.1,1,2014-08-29,0423,Aqua,MODIS,83,6.2,307.2,21.9,D,0
-13.4829,133.3571,330.8,2.2,1.4,2014-08-29,0423,Aqua,MODIS,78,6.2,310.2,52.9,D,0
-15.8211,130.4127,321.2,4,1.9,2014-08-29,0423,Aqua,MODIS,35,6.2,309.5,53,D,0
-14.2193,143.2821,320.3,1.3,1.1,2014-08-29,0423,Aqua,MODIS,58,6.2,304.7,11.8,D,0
-13.4829,133.3415,325.3,2.2,1.4,2014-08-29,0423,Aqua,MODIS,69,6.2,308.2,32.1,D,0
-13.6598,141.8571,336.7,1.1,1,2014-08-29,0423,Aqua,MODIS,86,6.2,307.8,29.1,D,0
-13.9473,142.073,319.4,1.1,1,2014-08-29,0423,Aqua,MODIS,44,6.2,306.1,6.2,D,0
-13.5856,141.8702,333,1.1,1,2014-08-29,0423,Aqua,MODIS,83,6.2,307.7,22.6,D,0
-13.2817,135.6706,326.2,1.5,1.2,2014-08-29,0423,Aqua,MODIS,57,6.2,305.7,20.5,D,0
-13.6613,141.8471,327.5,1.1,1,2014-08-29,0423,Aqua,MODIS,71,6.2,305.6,15.9,D,0
-14.2212,143.2706,370.4,1.3,1.1,2014-08-29,0423,Aqua,MODIS,100,6.2,308.6,153.1,D,0
-15.3334,134.8506,326.8,1.8,1.3,2014-08-29,0423,Aqua,MODIS,61,6.2,314.5,20.4,D,0
-14.223,143.259,333.1,1.3,1.1,2014-08-29,0423,Aqua,MODIS,82,6.2,302.3,34.1,D,0
-15.3453,134.8521,334.7,1.8,1.3,2014-08-29,0423,Aqua,MODIS,79,6.2,311,45.9,D,0
-14.22,143.2753,346.3,1.3,1.1,2014-08-29,0423,Aqua,MODIS,92,6.2,306.7,63.2,D,0
-14.2218,143.2638,348.4,1.3,1.1,2014-08-29,0423,Aqua,MODIS,93,6.2,306.3,69.3,D,0
-15.2854,134.9917,327.1,1.8,1.3,2014-08-29,0423,Aqua,MODIS,34,6.2,312.6,20.4,D,0
-13.171,134.2883,324.2,1.9,1.3,2014-08-29,0424,Aqua,MODIS,70,6.2,308.5,24.8,D,0
-13.0889,134.2609,335.2,1.9,1.3,2014-08-29,0424,Aqua,MODIS,59,6.2,308.8,50.3,D,0
-13.1656,134.2753,325.4,1.9,1.3,2014-08-29,0424,Aqua,MODIS,72,6.2,308.8,28.2,D,0
-12.4399,133.6968,324.2,2,1.4,2014-08-29,0424,Aqua,MODIS,66,6.2,307.3,30.8,D,0
-13.1732,134.2712,320,1.9,1.3,2014-08-29,0424,Aqua,MODIS,59,6.2,306.6,14.3,D,0
-13.2662,134.2529,343,1.9,1.3,2014-08-29,0424,Aqua,MODIS,90,6.2,309.7,90,D,0
-11.4929,142.4494,325.6,1.2,1.1,2014-08-29,0424,Aqua,MODIS,27,6.2,299.6,16.7,D,0
-12.4376,133.6894,322.8,2,1.4,2014-08-29,0424,Aqua,MODIS,43,6.2,307.9,24.2,D,0
-13.2612,134.2417,322.4,1.9,1.3,2014-08-29,0424,Aqua,MODIS,34,6.2,308.7,18.8,D,0
-13.2733,134.2431,334.6,1.9,1.3,2014-08-29,0424,Aqua,MODIS,78,6.2,307.9,54,D,0
-11.4939,142.4437,328.9,1.2,1.1,2014-08-29,0424,Aqua,MODIS,33,6.2,300.9,20.8,D,0
-11.483,142.4478,324.6,1.2,1.1,2014-08-29,0424,Aqua,MODIS,36,6.2,299.7,16,D,0
-11.53,142.4725,350.7,1.2,1.1,2014-08-29,0424,Aqua,MODIS,95,6.2,300.1,72.6,D,0
-11.5317,142.4612,324.5,1.2,1.1,2014-08-29,0424,Aqua,MODIS,44,6.2,299.4,15.4,D,0
-13.1259,135.2599,326.1,1.6,1.2,2014-08-29,0424,Aqua,MODIS,32,6.2,309.7,18.4,D,0
-13.2713,134.2603,333.6,1.9,1.3,2014-08-29,0424,Aqua,MODIS,82,6.2,309.3,50,D,0
-11.5597,142.4773,333.9,1.2,1.1,2014-08-29,0424,Aqua,MODIS,85,6.2,297,34.6,D,0
-13.2684,134.2358,325.6,1.9,1.3,2014-08-29,0424,Aqua,MODIS,58,6.2,307.6,26.6,D,0
-13.3075,134.2646,321.5,1.9,1.3,2014-08-29,0424,Aqua,MODIS,39,6.2,308.4,15.2,D,0
-12.1654,133.4894,325.9,2.1,1.4,2014-08-29,0424,Aqua,MODIS,34,6.2,311.5,22,D,0
-12.165,133.4843,325.2,2.1,1.4,2014-08-29,0424,Aqua,MODIS,47,6.2,311.9,20.8,D,0
-13.0543,135.02,326,1.6,1.3,2014-08-29,0424,Aqua,MODIS,56,6.2,310.3,16.4,D,0
-13.0637,135.0365,326.5,1.6,1.3,2014-08-29,0424,Aqua,MODIS,63,6.2,311.3,16.2,D,0
-13.0694,134.2689,340.7,1.9,1.3,2014-08-29,0424,Aqua,MODIS,88,6.2,308.9,76.6,D,0
-13.0978,134.2378,328.8,1.9,1.3,2014-08-29,0424,Aqua,MODIS,60,6.2,304.3,35.5,D,0
-13.1276,135.7881,337,1.4,1.2,2014-08-29,0424,Aqua,MODIS,85,6.2,305.3,48.8,D,0
-13.1291,135.4274,334.3,1.5,1.2,2014-08-29,0424,Aqua,MODIS,83,6.2,305.7,43.4,D,0
-12.1216,132.8831,328.3,2.3,1.5,2014-08-29,0424,Aqua,MODIS,58,6.2,311.4,35.2,D,0
-11.4189,130.9063,315.3,3.2,1.7,2014-08-29,0424,Aqua,MODIS,56,6.2,304.1,31.4,D,0
-11.4223,130.9021,320,3.2,1.7,2014-08-29,0424,Aqua,MODIS,71,6.2,304.2,52.4,D,0
-13.1274,135.4416,343.4,1.5,1.2,2014-08-29,0424,Aqua,MODIS,90,6.2,307.7,72.1,D,0
-11.4223,130.8771,330.4,3.2,1.7,2014-08-29,0424,Aqua,MODIS,83,6.2,304.7,119.4,D,0
-11.4259,130.8729,327.3,3.2,1.7,2014-08-29,0424,Aqua,MODIS,80,6.2,304.1,96.3,D,0
-13.1067,134.3152,325.1,1.9,1.3,2014-08-29,0424,Aqua,MODIS,45,6.2,306.9,21.6,D,0
-13.0749,134.2764,340.3,1.9,1.3,2014-08-29,0424,Aqua,MODIS,88,6.2,308.5,71.7,D,0
-13.1293,135.7748,342.4,1.5,1.2,2014-08-29,0424,Aqua,MODIS,90,6.2,306.2,63.5,D,0
-13.0956,134.2549,341.4,1.9,1.3,2014-08-29,0424,Aqua,MODIS,88,6.2,306.8,74.6,D,0
-13.0759,134.2175,325.2,1.9,1.3,2014-08-29,0424,Aqua,MODIS,72,6.2,305.6,29.9,D,0
-13.0673,134.286,324.8,1.9,1.3,2014-08-29,0424,Aqua,MODIS,25,6.2,306.8,23.1,D,0
-12.3419,134.501,328.4,1.7,1.3,2014-08-29,0424,Aqua,MODIS,75,6.2,309.4,34.6,D,0
-11.7941,133.1165,338.5,2.2,1.4,2014-08-29,0424,Aqua,MODIS,89,6.2,309.4,87.4,D,0
-11.8255,133.1807,341.7,2.2,1.4,2014-08-29,0424,Aqua,MODIS,91,6.2,308,99.8,D,0
-12.6774,131.2553,326.3,3.1,1.7,2014-08-29,0424,Aqua,MODIS,47,6.2,308.9,60.4,D,0
-12.298,133.2504,335.4,2.2,1.4,2014-08-29,0424,Aqua,MODIS,80,6.2,310.1,69.1,D,0
-12.3689,133.9353,322.6,1.9,1.4,2014-08-29,0424,Aqua,MODIS,65,6.2,306.2,22.5,D,0
-11.787,133.1757,324.8,2.2,1.4,2014-08-29,0424,Aqua,MODIS,61,6.2,310.1,25.8,D,0
-11.3294,142.5792,317.2,1.3,1.1,2014-08-29,0424,Aqua,MODIS,40,6.2,296.4,12.7,D,0
-11.3158,142.6007,324.4,1.3,1.1,2014-08-29,0424,Aqua,MODIS,71,6.2,297,21.8,D,0
-11.3276,142.5907,320,1.3,1.1,2014-08-29,0424,Aqua,MODIS,71,6.2,296.8,16.4,D,0
-11.3176,142.5891,328,1.3,1.1,2014-08-29,0424,Aqua,MODIS,81,6.2,298,28,D,0
-11.9746,142.4501,349.8,1.2,1.1,2014-08-29,0424,Aqua,MODIS,95,6.2,304,65,D,0
-10.5991,142.2736,321.7,1.2,1.1,2014-08-29,0424,Aqua,MODIS,70,6.2,297.5,13.9,D,0
-12.8995,132.4628,325.6,2.5,1.5,2014-08-29,0424,Aqua,MODIS,67,6.2,309.2,41.6,D,0
-11.9861,142.4406,325.6,1.2,1.1,2014-08-29,0424,Aqua,MODIS,61,6.2,302.3,15.2,D,0
-11.9827,142.4627,334.9,1.2,1.1,2014-08-29,0424,Aqua,MODIS,85,6.2,303.7,29.8,D,0
-11.9763,142.439,330.1,1.2,1.1,2014-08-29,0424,Aqua,MODIS,75,6.2,301.7,22.4,D,0
-13.093,134.2266,341.2,1.9,1.3,2014-08-29,0424,Aqua,MODIS,89,6.2,305.8,80.9,D,0
-12.3667,133.9526,325.2,1.9,1.4,2014-08-29,0424,Aqua,MODIS,71,6.2,306.7,28.6,D,0
-13.083,134.2077,326.1,1.9,1.3,2014-08-29,0424,Aqua,MODIS,70,6.2,304.4,30.1,D,0
-13.081,134.2251,365.5,1.9,1.3,2014-08-29,0424,Aqua,MODIS,100,6.2,309,224,D,0
-12.2974,133.2569,344.2,2.2,1.4,2014-08-29,0424,Aqua,MODIS,91,6.2,311.7,116.6,D,0
-11.7696,142.5187,396.5,1.2,1.1,2014-08-29,0424,Aqua,MODIS,100,6.2,306.3,300.6,D,0
-13.0879,134.2191,360.1,1.9,1.3,2014-08-29,0424,Aqua,MODIS,100,6.2,308.2,186.9,D,0
-12.3381,134.4351,365.6,1.8,1.3,2014-08-29,0424,Aqua,MODIS,100,6.2,311.9,202.5,D,0
-11.7678,142.5299,371.9,1.2,1.1,2014-08-29,0424,Aqua,MODIS,100,6.2,300.9,148.9,D,0
-13.0858,134.2363,354.6,1.9,1.3,2014-08-29,0424,Aqua,MODIS,97,6.2,309.2,149.4,D,0
-11.8121,142.5718,331.9,1.2,1.1,2014-08-29,0424,Aqua,MODIS,81,6.2,302.7,20.1,D,0
-11.8288,142.2012,327.9,1.2,1.1,2014-08-29,0424,Aqua,MODIS,79,6.2,303.4,19.9,D,0
-10.914,142.4239,313.8,1.3,1.1,2014-08-29,0424,Aqua,MODIS,59,6.2,296.8,7.3,D,0
-11.7777,142.5315,351,1.2,1.1,2014-08-29,0424,Aqua,MODIS,95,6.2,304.6,66.2,D,0
-12.4218,133.9492,323.4,1.9,1.4,2014-08-29,0424,Aqua,MODIS,65,6.2,307.2,24.8,D,0
-12.3424,134.4285,347.9,1.8,1.3,2014-08-29,0424,Aqua,MODIS,93,6.2,311.1,100.4,D,0
-12.0207,133.7024,321.6,2,1.4,2014-08-29,0424,Aqua,MODIS,29,6.2,296.8,23.7,D,0
-12.3327,134.4107,328.9,1.8,1.3,2014-08-29,0424,Aqua,MODIS,69,6.2,307.2,28.6,D,0
-12.3306,134.427,367,1.8,1.3,2014-08-29,0424,Aqua,MODIS,100,6.2,312.2,212.3,D,0
-12.2956,133.2695,335.4,2.2,1.4,2014-08-29,0424,Aqua,MODIS,78,6.2,312,66.1,D,0
-11.7975,142.5347,334.3,1.2,1.1,2014-08-29,0424,Aqua,MODIS,63,6.2,305.3,28,D,0
-13.1401,135.4293,324.8,1.5,1.2,2014-08-29,0424,Aqua,MODIS,55,6.2,307.3,21.2,D,0
-11.7911,142.5107,336.3,1.2,1.1,2014-08-29,0424,Aqua,MODIS,76,6.2,305.3,35.3,D,0
-12.3284,134.4172,334.3,1.8,1.3,2014-08-29,0424,Aqua,MODIS,83,6.2,309.3,46.7,D,0
-12.7258,131.8775,323.9,2.8,1.6,2014-08-29,0424,Aqua,MODIS,56,6.2,310.1,33.6,D,0
-11.7672,142.5993,332.8,1.2,1.1,2014-08-29,0424,Aqua,MODIS,58,6.2,304,25.4,D,0
-11.776,142.5428,362.4,1.2,1.1,2014-08-29,0424,Aqua,MODIS,100,6.2,305.3,104.8,D,0
-11.9197,133.6847,323.5,2,1.4,2014-08-29,0424,Aqua,MODIS,18,6.2,308.8,23.2,D,0
-11.794,142.5573,330.3,1.2,1.1,2014-08-29,0424,Aqua,MODIS,61,6.2,303.8,17.3,D,0
-13.091,134.2438,356.5,1.9,1.3,2014-08-29,0424,Aqua,MODIS,98,6.2,308.9,158.4,D,0
-12.3401,134.4187,358.1,1.8,1.3,2014-08-29,0424,Aqua,MODIS,99,6.2,309.8,154,D,0
-11.7475,142.52,324.8,1.2,1.1,2014-08-29,0424,Aqua,MODIS,72,6.2,299.9,17.2,D,0
-12.0885,133.5883,335.2,2,1.4,2014-08-29,0424,Aqua,MODIS,83,6.2,311.2,53.9,D,0
-11.7992,142.5235,338.6,1.2,1.1,2014-08-29,0424,Aqua,MODIS,79,6.2,303.8,37.9,D,0
-13.1383,135.4433,334.2,1.5,1.2,2014-08-29,0424,Aqua,MODIS,83,6.2,307.4,44.6,D,0
-11.9844,142.4516,324.4,1.2,1.1,2014-08-29,0424,Aqua,MODIS,61,6.2,304,12,D,0
-10.5999,142.2682,324.4,1.2,1.1,2014-08-29,0424,Aqua,MODIS,65,6.2,298.1,18.4,D,0
-11.8182,142.6659,320.1,1.3,1.1,2014-08-29,0424,Aqua,MODIS,46,6.2,299.8,12.8,D,0
-12.6908,131.2641,325.7,3.1,1.7,2014-08-29,0424,Aqua,MODIS,33,6.2,308.3,56.2,D,0
-12.3102,133.259,326.4,2.2,1.4,2014-08-29,0424,Aqua,MODIS,56,6.2,308,36.2,D,0
-11.7458,142.5313,325.8,1.2,1.1,2014-08-29,0424,Aqua,MODIS,77,6.2,301.4,17.7,D,0
-11.8152,142.6187,325.3,1.3,1.1,2014-08-29,0424,Aqua,MODIS,68,6.2,301.5,13.9,D,0
-11.7859,142.5444,335.3,1.2,1.1,2014-08-29,0424,Aqua,MODIS,81,6.2,306.7,25.2,D,0
-11.7841,142.5556,332.9,1.2,1.1,2014-08-29,0424,Aqua,MODIS,84,6.2,302.5,20.2,D,0
-12.8095,132.6387,333,2.5,1.5,2014-08-29,0424,Aqua,MODIS,75,6.2,312.9,63.4,D,0
-11.8279,133.1611,324.3,2.2,1.4,2014-08-29,0424,Aqua,MODIS,66,6.2,304.8,24.5,D,0
-11.4139,130.3059,338.9,3.6,1.8,2014-08-29,0424,Aqua,MODIS,89,6.2,302.8,221.2,D,0
-11.5824,130.2711,323.9,3.6,1.8,2014-08-29,0424,Aqua,MODIS,63,6.2,301.8,84.5,D,0
-11.5858,130.2974,326,3.6,1.8,2014-08-29,0424,Aqua,MODIS,49,6.2,303.6,99.5,D,0
-11.812,133.0779,336.7,2.2,1.4,2014-08-29,0424,Aqua,MODIS,88,6.2,305.6,80.4,D,0
-11.3181,132.4226,328.8,2.4,1.5,2014-08-29,0424,Aqua,MODIS,42,6.2,306.4,53.9,D,0
-11.7966,133.0965,341.8,2.2,1.4,2014-08-29,0424,Aqua,MODIS,91,6.2,306.5,109,D,0
-11.356,132.3367,332.9,2.5,1.5,2014-08-29,0424,Aqua,MODIS,65,6.2,308.3,70.8,D,0
-11.3234,132.3779,330.2,2.5,1.5,2014-08-29,0424,Aqua,MODIS,35,6.2,305.5,55.4,D,0
-12.8028,132.6331,327.3,2.5,1.5,2014-08-29,0424,Aqua,MODIS,40,6.2,310.9,44.1,D,0
-13.4522,132.3972,325.1,2.6,1.6,2014-08-29,0424,Aqua,MODIS,68,6.2,310.5,31.6,D,0
-12.2135,132.8797,327.1,2.3,1.5,2014-08-29,0424,Aqua,MODIS,58,6.2,308.2,41.6,D,0
-11.8095,133.0981,328.9,2.2,1.4,2014-08-29,0424,Aqua,MODIS,78,6.2,306.2,46.6,D,0
-11.8537,142.6307,322.2,1.3,1.1,2014-08-29,0424,Aqua,MODIS,26,6.2,299.9,12.3,D,0
-13.4956,130.8452,325.3,3.5,1.8,2014-08-29,0424,Aqua,MODIS,60,6.2,308.1,66.8,D,0
-13.502,130.8861,324.7,3.4,1.7,2014-08-29,0424,Aqua,MODIS,68,6.2,310,70.2,D,0
-13.4863,130.8845,326.9,3.4,1.7,2014-08-29,0424,Aqua,MODIS,72,6.2,309.3,85.6,D,0
-11.7837,133.0946,320.6,2.2,1.4,2014-08-29,0424,Aqua,MODIS,37,6.2,305.4,24.3,D,0
-13.4918,130.878,337.9,3.4,1.7,2014-08-29,0424,Aqua,MODIS,85,6.2,310.3,172.5,D,0
-13.4898,130.8519,329.4,3.5,1.8,2014-08-29,0424,Aqua,MODIS,76,6.2,308.1,100,D,0
-11.7847,133.0879,319.1,2.2,1.4,2014-08-29,0424,Aqua,MODIS,24,6.2,305.2,19.5,D,0
-11.801,142.5123,329.9,1.2,1.1,2014-08-29,0424,Aqua,MODIS,58,6.2,300.7,23,D,0
-12.1241,132.8619,328.9,2.3,1.5,2014-08-29,0424,Aqua,MODIS,59,6.2,310.8,41.5,D,0
-11.799,133.0762,340.6,2.2,1.4,2014-08-29,0424,Aqua,MODIS,90,6.2,305.3,103.9,D,0
-12.1053,132.7944,328.4,2.3,1.5,2014-08-29,0424,Aqua,MODIS,68,6.2,307.1,52,D,0
-13.0634,132.4951,328.2,2.5,1.5,2014-08-29,0424,Aqua,MODIS,64,6.2,314.4,42.7,D,0
-13.4549,132.3734,329.5,2.6,1.6,2014-08-29,0424,Aqua,MODIS,76,6.2,311.4,52.2,D,0
-12.1186,132.7962,323.3,2.3,1.5,2014-08-29,0424,Aqua,MODIS,41,6.2,308.2,29.2,D,0
-12.0235,136.4422,322,1.3,1.1,2014-08-29,0424,Aqua,MODIS,75,6.2,286.9,18.5,D,0
-11.3002,132.0406,318.9,2.6,1.6,2014-08-29,0424,Aqua,MODIS,61,6.2,303.9,33,D,0
-13.2745,132.3638,324.8,2.6,1.6,2014-08-29,0424,Aqua,MODIS,58,6.2,311.7,27.9,D,0
-12.2416,136.4128,314.9,1.3,1.1,2014-08-29,0424,Aqua,MODIS,43,6.2,280,9.8,D,0
-12.116,132.8175,329.1,2.3,1.5,2014-08-29,0424,Aqua,MODIS,49,6.2,307.8,48.3,D,0
-12.2161,132.8584,327.9,2.3,1.5,2014-08-29,0424,Aqua,MODIS,0,6.2,308.2,42.8,D,0
-13.0607,132.5185,326.1,2.5,1.5,2014-08-29,0424,Aqua,MODIS,42,6.2,312.7,37.1,D,0
-13.4715,132.4742,326.6,2.6,1.5,2014-08-29,0424,Aqua,MODIS,62,6.2,310.4,46.7,D,0
-30.8695,121.4942,320.5,1.1,1,2014-08-29,0557,Aqua,MODIS,66,6.2,308.3,9.1,D,2
-30.8748,121.4891,322.6,1.1,1,2014-08-29,0557,Aqua,MODIS,70,6.2,307.6,10.7,D,2
-28.1634,115.1242,325.9,1.3,1.1,2014-08-29,0558,Aqua,MODIS,74,6.2,304.4,22.2,D,0
-26.5719,121.1245,369.1,1.2,1.1,2014-08-29,0558,Aqua,MODIS,100,6.2,317.7,128.2,D,0
-26.5739,121.1128,357.9,1.2,1.1,2014-08-29,0558,Aqua,MODIS,98,6.2,317.9,86,D,0
-26.5622,121.1225,338.5,1.2,1.1,2014-08-29,0558,Aqua,MODIS,85,6.2,313.2,35.2,D,0
-26.5642,121.1108,349.6,1.2,1.1,2014-08-29,0558,Aqua,MODIS,94,6.2,315.8,61.3,D,0
-26.5312,121.0676,390.1,1.2,1.1,2014-08-29,0558,Aqua,MODIS,100,6.2,318.3,234.7,D,0
-26.5331,121.0559,337.6,1.2,1.1,2014-08-29,0558,Aqua,MODIS,84,6.2,314.5,32.4,D,0
-26.5215,121.0656,323.5,1.2,1.1,2014-08-29,0558,Aqua,MODIS,58,6.2,311.5,10.3,D,0
-26.5235,121.0539,323.5,1.2,1.1,2014-08-29,0558,Aqua,MODIS,58,6.2,311.6,10.5,D,0
-25.1327,129.9258,323.1,4.8,2,2014-08-29,0558,Aqua,MODIS,66,6.2,303.2,133.6,D,0
-25.1363,129.9228,321.6,4.8,2,2014-08-29,0558,Aqua,MODIS,63,6.2,303.1,117.3,D,0
-23.4185,121.092,327.3,1.3,1.1,2014-08-29,0559,Aqua,MODIS,35,6.2,312,14.6,D,0
-22.9862,122.6671,343.1,1.7,1.3,2014-08-29,0559,Aqua,MODIS,89,6.2,309.5,73.8,D,0
-23.4063,121.1026,334.5,1.3,1.1,2014-08-29,0559,Aqua,MODIS,80,6.2,314.3,27.7,D,0
-23.6891,124.7418,323.5,2.3,1.5,2014-08-29,0559,Aqua,MODIS,63,6.2,313.4,22.4,D,0
-23.4042,121.1152,331.6,1.3,1.1,2014-08-29,0559,Aqua,MODIS,73,6.2,313.1,21.1,D,0
-23.3978,121.1533,339.4,1.3,1.1,2014-08-29,0559,Aqua,MODIS,85,6.2,315.3,41.5,D,0
-23.4164,121.1046,343.2,1.3,1.1,2014-08-29,0559,Aqua,MODIS,89,6.2,314.2,49.4,D,0
-23.3956,121.166,340.6,1.3,1.1,2014-08-29,0559,Aqua,MODIS,86,6.2,312.6,45.5,D,0
-23.4143,121.1172,333.8,1.3,1.1,2014-08-29,0559,Aqua,MODIS,58,6.2,313.2,25.9,D,0
-23.4079,121.1553,331.6,1.3,1.1,2014-08-29,0559,Aqua,MODIS,76,6.2,310.8,25.7,D,0
-23.4058,121.1681,323.8,1.3,1.1,2014-08-29,0559,Aqua,MODIS,46,6.2,310.3,12.5,D,0
-22.9437,122.6416,326.1,1.7,1.3,2014-08-29,0559,Aqua,MODIS,49,6.2,312,21.7,D,0
-23.4232,120.508,339.3,1.2,1.1,2014-08-29,0559,Aqua,MODIS,85,6.2,316.2,34.4,D,0
-23.4212,120.5199,339,1.2,1.1,2014-08-29,0559,Aqua,MODIS,85,6.2,316.2,33.5,D,0
-22.9692,122.6972,328.4,1.7,1.3,2014-08-29,0559,Aqua,MODIS,70,6.2,311.4,27.8,D,0
-22.9834,122.6834,346.5,1.7,1.3,2014-08-29,0559,Aqua,MODIS,91,6.2,312.2,87.5,D,0
-23.6933,124.7201,327.2,2.2,1.5,2014-08-29,0559,Aqua,MODIS,71,6.2,313.1,34.8,D,0
-18.9365,122.1188,325.8,1.8,1.3,2014-08-29,0600,Aqua,MODIS,45,6.2,314.6,15.6,D,0
-21.281,125.8713,327.9,3.1,1.7,2014-08-29,0600,Aqua,MODIS,72,6.2,311.7,61.9,D,0
-21.2802,125.8791,328.6,3.1,1.7,2014-08-29,0600,Aqua,MODIS,73,6.2,311.7,67.8,D,0
-21.2394,125.7704,325.2,3,1.7,2014-08-29,0600,Aqua,MODIS,66,6.2,311.2,49,D,0
-21.2414,125.7659,324.5,3,1.7,2014-08-29,0600,Aqua,MODIS,63,6.2,311.7,46.2,D,0
-21.0829,118.324,343.2,1,1,2014-08-29,0600,Aqua,MODIS,88,6.2,319.3,31.2,D,0
-21.0844,118.314,332.8,1,1,2014-08-29,0600,Aqua,MODIS,74,6.2,317,13.8,D,0
-21.0738,118.3224,335.6,1,1,2014-08-29,0600,Aqua,MODIS,79,6.2,319.1,18.3,D,0
-21.0753,118.3124,356.1,1,1,2014-08-29,0600,Aqua,MODIS,97,6.2,320,61,D,0
-20.7038,119.4518,327.6,1.2,1.1,2014-08-29,0600,Aqua,MODIS,61,6.2,317.4,10.5,D,0
-20.7055,119.4407,342.5,1.2,1.1,2014-08-29,0600,Aqua,MODIS,87,6.2,318.5,37.4,D,0
-21.7308,119.1537,380.9,1.1,1,2014-08-29,0600,Aqua,MODIS,100,6.2,316.6,159.8,D,0
-21.7325,119.1431,428,1.1,1,2014-08-29,0600,Aqua,MODIS,100,6.2,329,516.6,D,0
-21.7198,119.1626,335.7,1.1,1,2014-08-29,0600,Aqua,MODIS,58,6.2,315.2,21.7,D,0
-21.7214,119.152,334.7,1.1,1,2014-08-29,0600,Aqua,MODIS,67,6.2,315.7,21,D,0
-21.7231,119.1414,334,1.1,1,2014-08-29,0600,Aqua,MODIS,72,6.2,315.1,20.9,D,0
-21.7104,119.1609,336.3,1.1,1,2014-08-29,0600,Aqua,MODIS,58,6.2,315.9,22.8,D,0
-21.7121,119.1503,334.7,1.1,1,2014-08-29,0600,Aqua,MODIS,45,6.2,314.8,20,D,0
-20.9948,119.6155,327.5,1.2,1.1,2014-08-29,0600,Aqua,MODIS,51,6.2,311.4,14,D,0
-20.9965,119.6044,355.4,1.2,1.1,2014-08-29,0600,Aqua,MODIS,97,6.2,313.6,76.3,D,0
-20.9833,119.6251,343,1.2,1.1,2014-08-29,0600,Aqua,MODIS,88,6.2,315,42.5,D,0
-20.9851,119.6139,337.6,1.2,1.1,2014-08-29,0600,Aqua,MODIS,82,6.2,315,29.7,D,0
-20.9868,119.6027,343.6,1.2,1.1,2014-08-29,0600,Aqua,MODIS,88,6.2,314.1,43.4,D,0
-20.9886,119.5915,326.2,1.2,1.1,2014-08-29,0600,Aqua,MODIS,48,6.2,313.2,12.1,D,0
-20.953,119.6894,330.1,1.2,1.1,2014-08-29,0600,Aqua,MODIS,39,6.2,315.3,16,D,0
-20.9646,119.6799,339.9,1.2,1.1,2014-08-29,0600,Aqua,MODIS,85,6.2,315.3,34.7,D,0
-21.0805,120.7252,327.1,1.3,1.2,2014-08-29,0600,Aqua,MODIS,66,6.2,314.3,15,D,0
-21.0826,120.7123,325.7,1.3,1.1,2014-08-29,0600,Aqua,MODIS,61,6.2,315.3,12.5,D,0
-19.6389,127.3508,346.7,4.3,1.9,2014-08-29,0600,Aqua,MODIS,92,6.2,310,356.4,D,0
-19.6566,127.36,346.7,4.3,1.9,2014-08-29,0600,Aqua,MODIS,92,6.2,308.9,342.9,D,0
-19.6483,127.4001,334.5,4.3,1.9,2014-08-29,0600,Aqua,MODIS,67,6.2,309.9,176.8,D,0
-19.6595,127.3687,344.7,4.3,1.9,2014-08-29,0600,Aqua,MODIS,90,6.2,308.5,311.8,D,0
-19.6313,127.3961,326.1,4.3,1.9,2014-08-29,0600,Aqua,MODIS,41,6.2,307.8,96.5,D,0
-19.6308,127.3912,327.7,4.3,1.9,2014-08-29,0600,Aqua,MODIS,57,6.2,307.9,114.9,D,0
-19.6397,127.3558,359.8,4.3,1.9,2014-08-29,0600,Aqua,MODIS,99,6.2,310,601.1,D,0
-14.9248,126.1302,323.9,4.4,1.9,2014-08-29,0601,Aqua,MODIS,62,6.2,304.7,91.1,D,0
-14.9,126.1617,321.4,4.4,1.9,2014-08-29,0601,Aqua,MODIS,36,6.2,306.6,70.4,D,0
-14.9171,126.1659,333,4.4,1.9,2014-08-29,0601,Aqua,MODIS,83,6.2,306.3,182.3,D,0
-14.9169,126.1708,336.2,4.4,1.9,2014-08-29,0601,Aqua,MODIS,87,6.2,306.7,225.9,D,0
-15.1892,125.5986,327.5,3.9,1.8,2014-08-29,0601,Aqua,MODIS,54,6.2,307.7,103.7,D,0
-15.1831,125.5667,342.4,3.9,1.8,2014-08-29,0601,Aqua,MODIS,91,6.2,305.9,267.2,D,0
-14.9522,126.1015,323.8,4.3,1.9,2014-08-29,0601,Aqua,MODIS,48,6.2,307.5,84.6,D,0
-15.1763,125.6015,336.2,3.9,1.8,2014-08-29,0601,Aqua,MODIS,85,6.2,310.6,187.6,D,0
-15.1726,125.5958,334.4,3.9,1.8,2014-08-29,0601,Aqua,MODIS,73,6.2,309.6,160.9,D,0
-17.8604,122.6733,330.3,2.1,1.4,2014-08-29,0601,Aqua,MODIS,76,6.2,311,44.1,D,0
-16.6107,123.9535,323.2,2.8,1.6,2014-08-29,0601,Aqua,MODIS,69,6.2,309.3,39.3,D,0
-16.6094,123.9481,321.9,2.8,1.6,2014-08-29,0601,Aqua,MODIS,59,6.2,309.4,32.4,D,0
-16.6579,123.8573,338.4,2.7,1.6,2014-08-29,0601,Aqua,MODIS,87,6.2,305.9,126.6,D,0
-16.6628,123.9107,330.5,2.8,1.6,2014-08-29,0601,Aqua,MODIS,65,6.2,309.6,75.7,D,0
-16.6664,123.9188,325.5,2.8,1.6,2014-08-29,0601,Aqua,MODIS,33,6.2,309,51.3,D,0
-16.4548,123.9609,320.2,2.8,1.6,2014-08-29,0601,Aqua,MODIS,64,6.2,305.3,38.7,D,0
-16.4691,123.9636,317.8,2.8,1.6,2014-08-29,0601,Aqua,MODIS,47,6.2,305.7,28.2,D,0
-16.6253,123.7968,329.2,2.7,1.6,2014-08-29,0601,Aqua,MODIS,77,6.2,304.2,74.6,D,0
-16.6065,123.7419,333.7,2.7,1.6,2014-08-29,0601,Aqua,MODIS,83,6.2,302.5,102.2,D,0
-16.5897,123.7334,330.3,2.7,1.6,2014-08-29,0601,Aqua,MODIS,62,6.2,304.4,77.7,D,0
-17.8403,122.7027,329.2,2.1,1.4,2014-08-29,0601,Aqua,MODIS,48,6.2,312.2,36.9,D,0
-16.387,123.9159,317.2,2.8,1.6,2014-08-29,0601,Aqua,MODIS,0,6.2,306.1,32.4,D,0
-16.3882,123.921,318.1,2.8,1.6,2014-08-29,0601,Aqua,MODIS,0,6.2,305.6,31.3,D,0
-17.8437,122.6829,328.3,2.1,1.4,2014-08-29,0601,Aqua,MODIS,20,6.2,312.8,30.3,D,0
-17.8442,122.6905,333.2,2.1,1.4,2014-08-29,0601,Aqua,MODIS,75,6.2,312.8,52.9,D,0
-23.7059,150.6593,320.6,2.9,1.6,2014-08-29,1207,Terra,MODIS,100,6.2,284.5,102.6,N,0
-23.7056,150.6541,320.6,2.9,1.6,2014-08-29,1207,Terra,MODIS,100,6.2,284.4,102.7,N,0
-24.7416,152.2201,323.9,2.3,1.5,2014-08-29,1207,Terra,MODIS,100,6.2,284.6,82.7,N,0
-24.7461,152.2141,316.8,2.3,1.5,2014-08-29,1207,Terra,MODIS,94,6.2,284.3,60.5,N,0
-24.7438,152.237,300.1,2.3,1.5,2014-08-29,1207,Terra,MODIS,17,6.2,284.2,21.6,N,0
-33.001,137.5936,305.1,1,1,2014-08-29,1343,Terra,MODIS,63,6.2,285,9.2,N,0
-33.0026,137.5828,305.5,1,1,2014-08-29,1343,Terra,MODIS,65,6.2,284.4,9.6,N,0
-17.7574,138.2552,300.1,1.7,1.3,2014-08-29,1347,Terra,MODIS,14,6.2,290.1,8.3,N,0
-17.6924,138.3018,302.2,1.7,1.3,2014-08-29,1347,Terra,MODIS,41,6.2,290.7,12.3,N,0
-17.6809,138.3,305.5,1.7,1.3,2014-08-29,1347,Terra,MODIS,64,6.2,288.8,16.7,N,0
-18.9157,133.9022,300.6,1,1,2014-08-29,1347,Terra,MODIS,31,6.2,288.6,5.4,N,0
-18.8238,130.3406,307.7,1.2,1.1,2014-08-29,1347,Terra,MODIS,45,6.2,287.7,12.5,N,0
-18.8153,130.3275,317.1,1.2,1.1,2014-08-29,1347,Terra,MODIS,74,6.2,285.9,22.2,N,0
-18.8338,130.3421,306.9,1.2,1.1,2014-08-29,1347,Terra,MODIS,17,6.2,287.8,10.9,N,0
-17.6881,127.7008,313.3,1.8,1.3,2014-08-29,1348,Terra,MODIS,87,6.2,289,28.4,N,0
-15.5729,128.2142,306.6,1.5,1.2,2014-08-29,1348,Terra,MODIS,52,6.2,289.8,14.9,N,0
-17.6861,127.7175,316.4,1.8,1.3,2014-08-29,1348,Terra,MODIS,91,6.2,291.7,33.5,N,0
-17.6841,127.7343,317.2,1.8,1.3,2014-08-29,1348,Terra,MODIS,95,6.2,292.2,36.1,N,0
-17.6822,127.7506,306.9,1.8,1.3,2014-08-29,1348,Terra,MODIS,63,6.2,290.5,18.3,N,0
-17.6802,127.7671,307.3,1.8,1.3,2014-08-29,1348,Terra,MODIS,69,6.2,290,20.1,N,0
-17.6945,127.7081,319.5,1.8,1.3,2014-08-29,1348,Terra,MODIS,99,6.2,290.8,42.8,N,0
-17.6926,127.7249,305.2,1.8,1.3,2014-08-29,1348,Terra,MODIS,63,6.2,290.7,16.2,N,0
-17.35,123.9173,322.3,3.4,1.7,2014-08-29,1348,Terra,MODIS,100,6.2,289.2,131.3,N,0
-15.5746,128.2001,316.8,1.5,1.2,2014-08-29,1348,Terra,MODIS,94,6.2,292.6,28.3,N,0
-17.6664,127.6812,309.6,1.8,1.3,2014-08-29,1348,Terra,MODIS,78,6.2,289.5,24.4,N,0
-17.6684,127.6645,314.7,1.8,1.3,2014-08-29,1348,Terra,MODIS,90,6.2,289.7,33.9,N,0
-17.0776,138.9689,304.7,1.9,1.4,2014-08-29,1348,Terra,MODIS,61,6.2,286.5,20,N,0
-17.0745,138.9627,305.1,1.9,1.4,2014-08-29,1348,Terra,MODIS,63,6.2,286.2,21.6,N,0
-17.2018,135.2715,306.5,1.1,1.1,2014-08-29,1348,Terra,MODIS,68,6.2,286.6,10.6,N,0
-17.2034,135.261,364.9,1.1,1.1,2014-08-29,1348,Terra,MODIS,100,6.2,291,121.3,N,0
-15.415,134.7846,302.5,1.1,1.1,2014-08-29,1348,Terra,MODIS,45,6.2,288.1,6.7,N,0
-15.4797,135.0273,303.3,1.1,1.1,2014-08-29,1348,Terra,MODIS,16,6.2,290.1,6.9,N,0
-11.3044,132.3408,306.8,1,1,2014-08-29,1349,Terra,MODIS,69,6.2,289.9,8.1,N,0
-13.4529,133.3203,314.2,1,1,2014-08-29,1349,Terra,MODIS,89,6.2,289,14.7,N,0
-14.7545,131.7439,314.7,1,1,2014-08-29,1349,Terra,MODIS,49,6.2,291.3,11,N,0
-14.7454,131.7426,326.3,1,1,2014-08-29,1349,Terra,MODIS,100,6.2,293.8,22.4,N,0
-14.7467,131.7332,324.8,1,1,2014-08-29,1349,Terra,MODIS,83,6.2,293.6,21,N,0
-12.4351,133.6605,305.8,1.1,1,2014-08-29,1349,Terra,MODIS,66,6.2,290.7,7.4,N,0
-14.7686,131.7747,300.6,1,1,2014-08-29,1349,Terra,MODIS,19,6.2,288,4.3,N,0
-14.7596,131.7734,314.8,1,1,2014-08-29,1349,Terra,MODIS,90,6.2,290,13.7,N,0
-14.7505,131.772,314.8,1,1,2014-08-29,1349,Terra,MODIS,89,6.2,290.2,13.8,N,0
-14.7518,131.7627,313.4,1,1,2014-08-29,1349,Terra,MODIS,54,6.2,291.2,11.7,N,0
-14.7428,131.7613,328.6,1,1,2014-08-29,1349,Terra,MODIS,100,6.2,290.4,27.5,N,0
-13.0681,134.2827,300.4,1.1,1.1,2014-08-29,1349,Terra,MODIS,26,6.2,289.5,5,N,0
-13.1013,134.3197,303,1.1,1.1,2014-08-29,1349,Terra,MODIS,53,6.2,289.5,6.5,N,0
-13.3041,134.2601,307.3,1.1,1.1,2014-08-29,1349,Terra,MODIS,71,6.2,289,10.4,N,0
-12.4337,133.6703,330.2,1.1,1,2014-08-29,1349,Terra,MODIS,100,6.2,294.1,32.1,N,0
-13.4621,133.3217,338,1,1,2014-08-29,1349,Terra,MODIS,100,6.2,289.9,43.4,N,0
-12.4322,133.68,312.6,1.1,1,2014-08-29,1349,Terra,MODIS,73,6.2,293.1,11.6,N,0
-13.4698,133.3326,321.4,1,1,2014-08-29,1349,Terra,MODIS,100,6.2,289.8,20.9,N,0
-11.3451,132.5036,309.6,1,1,2014-08-29,1349,Terra,MODIS,63,6.2,291,8.9,N,0
-11.3464,132.4944,305.9,1,1,2014-08-29,1349,Terra,MODIS,17,6.2,290.6,6.4,N,0
-13.079,134.211,300.8,1.1,1.1,2014-08-29,1349,Terra,MODIS,21,6.2,290,5.1,N,0
-13.4712,133.3232,322.7,1,1,2014-08-29,1349,Terra,MODIS,100,6.2,289.7,22.3,N,0
-13.0665,134.293,301.7,1.1,1.1,2014-08-29,1349,Terra,MODIS,44,6.2,289.2,6,N,0
-12.443,133.6718,303.8,1.1,1,2014-08-29,1349,Terra,MODIS,51,6.2,291.6,5.9,N,0
-13.4634,133.3123,335,1,1,2014-08-29,1349,Terra,MODIS,100,6.2,289.8,38.5,N,0
-12.4386,133.7011,303.1,1.1,1,2014-08-29,1349,Terra,MODIS,53,6.2,292.8,4.9,N,0
-15.1243,125.5921,308.6,2.4,1.5,2014-08-29,1349,Terra,MODIS,56,6.2,292.9,28.9,N,0
-15.1292,125.5873,319.5,2.4,1.5,2014-08-29,1349,Terra,MODIS,99,6.2,293.8,59.9,N,0
-15.1377,125.5932,304.4,2.4,1.5,2014-08-29,1349,Terra,MODIS,11,6.2,293.1,19.4,N,0
-14.9372,126.1084,300.5,2.1,1.4,2014-08-29,1349,Terra,MODIS,25,6.2,286.3,14.9,N,0
-15.1401,125.5716,306,2.4,1.5,2014-08-29,1349,Terra,MODIS,34,6.2,293.3,21.9,N,0
-14.9477,126.1297,311.6,2.1,1.4,2014-08-29,1349,Terra,MODIS,83,6.2,287.1,36.2,N,0
-15.1912,125.6004,302.6,2.4,1.5,2014-08-29,1349,Terra,MODIS,47,6.2,291.9,18.1,N,0
-12.8519,132.3895,304.1,1,1,2014-08-29,1349,Terra,MODIS,59,6.2,291.5,6.1,N,0
-12.3576,133.9481,300.4,1.1,1,2014-08-29,1349,Terra,MODIS,23,6.2,288.4,4.1,N,0
-12.6954,131.8762,302.2,1,1,2014-08-29,1349,Terra,MODIS,25,6.2,290.6,4.8,N,0
-12.6982,131.2684,318.4,1,1,2014-08-29,1349,Terra,MODIS,97,6.2,288,18.4,N,0
-12.4873,131.5271,300.5,1,1,2014-08-29,1349,Terra,MODIS,29,6.2,289.2,5,N,0
-12.6969,131.2778,315.2,1,1,2014-08-29,1349,Terra,MODIS,91,6.2,288.7,15.6,N,0
-12.748,131.8935,308.2,1,1,2014-08-29,1349,Terra,MODIS,22,6.2,292.2,7.7,N,0
-12.8274,131.527,327.5,1,1,2014-08-29,1349,Terra,MODIS,100,6.2,293.2,26.8,N,0
-13.3708,135.2317,301.2,1.2,1.1,2014-08-29,1349,Terra,MODIS,13,6.2,284.6,6.5,N,0
-14.2497,133.7133,334.9,1,1,2014-08-29,1349,Terra,MODIS,100,6.2,290.6,38.5,N,0
-12.5039,133.1983,306.4,1,1,2014-08-29,1349,Terra,MODIS,68,6.2,293.9,6.5,N,0
-14.2418,133.716,321.2,1,1,2014-08-29,1349,Terra,MODIS,100,6.2,289.2,20.6,N,0
-12.73,131.8908,309.4,1,1,2014-08-29,1349,Terra,MODIS,31,6.2,291.5,8.3,N,0
-12.7557,131.904,317.1,1,1,2014-08-29,1349,Terra,MODIS,94,6.2,293.1,15,N,0
-12.8609,132.3909,315.5,1,1,2014-08-29,1349,Terra,MODIS,91,6.2,291.8,13.7,N,0
-12.8596,132.4001,364.6,1,1,2014-08-29,1349,Terra,MODIS,100,6.2,296.5,99.9,N,0
-12.6941,131.8854,302.8,1,1,2014-08-29,1349,Terra,MODIS,34,6.2,291.3,5.2,N,0
-12.7031,131.8867,317.9,1,1,2014-08-29,1349,Terra,MODIS,96,6.2,293.2,15.5,N,0
-12.2211,131.2619,306.3,1,1,2014-08-29,1349,Terra,MODIS,43,6.2,292,8.1,N,0
-12.7467,131.9026,319.9,1,1,2014-08-29,1349,Terra,MODIS,99,6.2,293.5,17.2,N,0
-14.2483,133.7229,304.9,1,1,2014-08-29,1349,Terra,MODIS,19,6.2,290,6.5,N,0
-14.2432,133.7065,300.3,1,1,2014-08-29,1349,Terra,MODIS,13,6.2,288.1,4.6,N,0
-12.3975,133.8471,304.2,1.1,1,2014-08-29,1349,Terra,MODIS,25,6.2,290.3,6.1,N,0
-13.6591,130.5665,313.5,1.1,1,2014-08-29,1349,Terra,MODIS,87,6.2,289.2,15.5,N,0
-13.9829,130.4648,320,1.1,1,2014-08-29,1349,Terra,MODIS,99,6.2,291.8,21.5,N,0
-15.2059,125.6758,301.8,2.3,1.5,2014-08-29,1349,Terra,MODIS,44,6.2,289,18.9,N,0
-13.4967,130.8756,310.3,1,1,2014-08-29,1349,Terra,MODIS,80,6.2,293.3,10.2,N,0
-13.4927,130.9044,300.6,1,1,2014-08-29,1349,Terra,MODIS,25,6.2,289.7,4.8,N,0
-13.3984,132.491,315.8,1,1,2014-08-29,1349,Terra,MODIS,92,6.2,294.6,13.3,N,0
-13.7578,132.035,309.2,1,1,2014-08-29,1349,Terra,MODIS,77,6.2,291.8,8.9,N,0
-11.3041,132.4065,303.3,1,1,2014-08-29,1349,Terra,MODIS,54,6.2,290.4,6.3,N,0
-11.3028,132.4157,301,1,1,2014-08-29,1349,Terra,MODIS,36,6.2,290.1,5,N,0
-13.4494,132.3925,305.6,1,1,2014-08-29,1349,Terra,MODIS,56,6.2,290.7,6.1,N,0
-13.4481,132.4017,307,1,1,2014-08-29,1349,Terra,MODIS,63,6.2,291.4,7.1,N,0
-11.3093,132.4321,306.8,1,1,2014-08-29,1349,Terra,MODIS,19,6.2,290.6,6.8,N,0
-13.7477,131.5168,303.3,1,1,2014-08-29,1349,Terra,MODIS,54,6.2,287.1,6.7,N,0
-13.738,132.0449,302.8,1,1,2014-08-29,1349,Terra,MODIS,33,6.2,292.7,4.7,N,0
-11.3031,132.35,305.3,1,1,2014-08-29,1349,Terra,MODIS,64,6.2,289.3,7,N,0
-13.4722,132.4899,305.7,1,1,2014-08-29,1349,Terra,MODIS,35,6.2,292.7,5.5,N,0
-13.4439,132.4949,311.8,1,1,2014-08-29,1349,Terra,MODIS,82,6.2,294,9,N,0
-13.4349,132.4935,311.9,1,1,2014-08-29,1349,Terra,MODIS,82,6.2,295.6,9.2,N,0
-13.4735,132.4807,315.8,1,1,2014-08-29,1349,Terra,MODIS,92,6.2,294.9,13,N,0
-12.2094,132.8875,302,1,1,2014-08-29,1349,Terra,MODIS,20,6.2,291.7,4,N,0
-12.2107,132.8781,315.3,1,1,2014-08-29,1349,Terra,MODIS,91,6.2,291.1,13.4,N,0
-13.482,131.1172,301.5,1,1,2014-08-29,1349,Terra,MODIS,42,6.2,291.2,5.2,N,0
-13.4834,131.1076,301.1,1,1,2014-08-29,1349,Terra,MODIS,37,6.2,289.5,5.1,N,0
-11.3691,132.3378,301.6,1,1,2014-08-29,1349,Terra,MODIS,41,6.2,289.3,4.9,N,0
-13.0363,132.5146,311.9,1,1,2014-08-29,1349,Terra,MODIS,84,6.2,292,11.2,N,0
-12.2559,132.8818,301.7,1,1,2014-08-29,1349,Terra,MODIS,42,6.2,288.5,5.1,N,0
-12.2262,132.8997,312.4,1,1,2014-08-29,1349,Terra,MODIS,82,6.2,291.9,11.8,N,0
-14.2298,133.7338,301.9,1,1,2014-08-29,1349,Terra,MODIS,22,6.2,290.9,5.5,N,0
-12.2275,132.8903,337.5,1,1,2014-08-29,1349,Terra,MODIS,100,6.2,294.5,40.8,N,0
-12.2185,132.8889,311.7,1,1,2014-08-29,1349,Terra,MODIS,83,6.2,293.6,10.8,N,0
-13.7802,132.3297,305.5,1,1,2014-08-29,1349,Terra,MODIS,65,6.2,291.1,6.5,N,0
-11.3541,132.505,311,1,1,2014-08-29,1349,Terra,MODIS,17,6.2,291.1,9.3,N,0
-23.6966,150.661,330.7,1,1,2014-08-29,1516,Aqua,MODIS,100,6.2,285.1,33.1,N,0
-24.7394,152.2276,321.4,1,1,2014-08-29,1516,Aqua,MODIS,100,6.2,284.8,23.4,N,0
-27.9298,149.4811,300.6,1,1,2014-08-29,1517,Aqua,MODIS,30,6.2,279.3,8.3,N,0
-30.5062,148.6152,300.4,1,1,2014-08-29,1518,Aqua,MODIS,27,6.2,281.1,8,N,0
-32.1877,147.2251,304.7,1.1,1,2014-08-29,1519,Aqua,MODIS,61,6.2,278.8,11.6,N,0
-30.8626,121.5003,300.3,3.1,1.7,2014-08-29,1522,Terra,MODIS,22,6.2,285.2,31.8,N,2
-30.8652,121.4957,302.2,3.1,1.7,2014-08-29,1522,Terra,MODIS,47,6.2,285.4,39.8,N,2
-14.7109,131.7343,303.2,1.3,1.1,2014-08-29,1652,Aqua,MODIS,54,6.2,290.2,9.7,N,0
-14.7125,131.7462,305.4,1.3,1.1,2014-08-29,1652,Aqua,MODIS,60,6.2,290.2,11.7,N,0
-14.7226,131.7448,315.1,1.3,1.1,2014-08-29,1652,Aqua,MODIS,86,6.2,290.8,19.6,N,0
-14.7242,131.7567,324.8,1.3,1.1,2014-08-29,1652,Aqua,MODIS,100,6.2,292,32.9,N,0
-14.7343,131.7553,336.3,1.3,1.1,2014-08-29,1652,Aqua,MODIS,100,6.2,291.9,52.4,N,0
-14.7359,131.7672,356.9,1.3,1.1,2014-08-29,1652,Aqua,MODIS,100,6.2,295.7,113.1,N,0
-14.746,131.7658,319.2,1.3,1.1,2014-08-29,1652,Aqua,MODIS,72,6.2,290.7,22.8,N,0
-14.7476,131.7776,328.6,1.3,1.1,2014-08-29,1652,Aqua,MODIS,100,6.2,291.1,39.4,N,0
-12.2594,132.8851,304.3,1.4,1.2,2014-08-29,1652,Aqua,MODIS,50,6.2,288.7,11.1,N,0
-13.4461,132.4066,307.1,1.4,1.2,2014-08-29,1652,Aqua,MODIS,70,6.2,290.4,12.3,N,0
-13.7456,131.5196,302.9,1.2,1.1,2014-08-29,1652,Aqua,MODIS,52,6.2,285,10,N,0
-13.4681,132.4921,305.8,1.4,1.2,2014-08-29,1652,Aqua,MODIS,66,6.2,291.5,11.2,N,0
-13.7471,131.5307,300.9,1.2,1.1,2014-08-29,1652,Aqua,MODIS,35,6.2,284.8,8.4,N,0
-13.4548,132.3927,304.7,1.4,1.2,2014-08-29,1652,Aqua,MODIS,46,6.2,291.3,9.4,N,0
-13.4935,130.8694,305.4,1.1,1.1,2014-08-29,1652,Aqua,MODIS,64,6.2,290.5,9,N,0
-13.4949,130.8797,303.4,1.1,1.1,2014-08-29,1652,Aqua,MODIS,55,6.2,290.5,7.7,N,0
-11.3123,132.4456,306.9,1.3,1.1,2014-08-29,1652,Aqua,MODIS,49,6.2,291.2,11.3,N,0
-13.4367,132.496,309.8,1.4,1.2,2014-08-29,1652,Aqua,MODIS,78,6.2,292.9,14.9,N,0
-13.475,131.1218,300.2,1.1,1.1,2014-08-29,1652,Aqua,MODIS,9,6.2,287.9,5.7,N,0
-13.6556,130.5754,312.2,1.1,1,2014-08-29,1652,Aqua,MODIS,84,6.2,286.2,15.5,N,0
-13.6542,130.5654,312.9,1.1,1,2014-08-29,1652,Aqua,MODIS,86,6.2,285.2,16.2,N,0
-16.6029,123.7906,305.2,1.5,1.2,2014-08-29,1653,Aqua,MODIS,63,6.2,290.4,12.7,N,0
-15.0465,125.6993,306,1.2,1.1,2014-08-29,1653,Aqua,MODIS,67,6.2,286,11,N,0
-15.0677,125.707,304.6,1.2,1.1,2014-08-29,1653,Aqua,MODIS,58,6.2,287.2,9.8,N,0
-14.4566,126.703,301,1.1,1,2014-08-29,1653,Aqua,MODIS,28,6.2,285.5,6.1,N,0
-14.4582,126.7131,311.6,1.1,1,2014-08-29,1653,Aqua,MODIS,83,6.2,287.1,13.7,N,0
-14.4675,126.7115,301.9,1.1,1,2014-08-29,1653,Aqua,MODIS,45,6.2,284.2,7.3,N,0
-15.8293,130.4293,302.8,1.1,1.1,2014-08-29,1653,Aqua,MODIS,52,6.2,290,7.2,N,0
-15.1221,125.5903,307.3,1.2,1.1,2014-08-29,1653,Aqua,MODIS,56,6.2,292.2,9.8,N,0
-15.7144,130.3349,324.9,1.1,1.1,2014-08-29,1653,Aqua,MODIS,100,6.2,295.6,25.7,N,0
-17.6618,127.6713,327.1,1,1,2014-08-29,1653,Aqua,MODIS,100,6.2,291.6,25.8,N,0
-17.6542,127.682,307.8,1,1,2014-08-29,1653,Aqua,MODIS,24,6.2,288.9,8.4,N,0
-17.6756,127.7649,309.8,1,1,2014-08-29,1653,Aqua,MODIS,34,6.2,290,9.5,N,0
-17.3407,123.9235,307,1.4,1.2,2014-08-29,1653,Aqua,MODIS,67,6.2,288.3,14.1,N,0
-14.9407,126.1364,322,1.1,1.1,2014-08-29,1653,Aqua,MODIS,100,6.2,286.2,26.8,N,0
-15.5772,128.2059,307.4,1,1,2014-08-29,1653,Aqua,MODIS,71,6.2,291.4,8.8,N,0
-14.9391,126.126,324.9,1.1,1.1,2014-08-29,1653,Aqua,MODIS,100,6.2,288.8,30.4,N,0
-17.6528,127.6727,308.6,1,1,2014-08-29,1653,Aqua,MODIS,55,6.2,289.2,9.3,N,0
-15.7116,130.3143,329.3,1.1,1.1,2014-08-29,1653,Aqua,MODIS,100,6.2,294.9,31.6,N,0
-17.6894,127.734,309.5,1,1,2014-08-29,1653,Aqua,MODIS,77,6.2,288.8,9.8,N,0
-17.6881,127.7246,314.8,1,1,2014-08-29,1653,Aqua,MODIS,90,6.2,290.5,13.6,N,0
-17.6867,127.7153,327.2,1,1,2014-08-29,1653,Aqua,MODIS,100,6.2,292.6,25.9,N,0
-17.6853,127.7059,306.4,1,1,2014-08-29,1653,Aqua,MODIS,37,6.2,288.4,7.6,N,0
-17.6818,127.7448,317.6,1,1,2014-08-29,1653,Aqua,MODIS,37,6.2,291.8,14.7,N,0
-17.6805,127.7354,321.6,1,1,2014-08-29,1653,Aqua,MODIS,100,6.2,292.4,19.3,N,0
-17.6791,127.726,318.4,1,1,2014-08-29,1653,Aqua,MODIS,97,6.2,290.2,16.1,N,0
-17.677,127.7743,308.7,1,1,2014-08-29,1653,Aqua,MODIS,28,6.2,289.5,9.4,N,0
-15.713,130.3245,325,1.1,1.1,2014-08-29,1653,Aqua,MODIS,100,6.2,295.6,25.4,N,0
-18.2499,129.9452,306.7,1.1,1.1,2014-08-29,1653,Aqua,MODIS,68,6.2,285.8,11.4,N,0
-17.3324,123.9384,304.6,1.4,1.2,2014-08-29,1653,Aqua,MODIS,39,6.2,289.6,11.7,N,0
-17.3346,123.9514,310.7,1.4,1.2,2014-08-29,1653,Aqua,MODIS,74,6.2,289.3,18.5,N,0
-18.239,129.936,312.4,1.1,1.1,2014-08-29,1653,Aqua,MODIS,85,6.2,287.8,15.8,N,0
-18.0252,123.668,312.4,1.4,1.2,2014-08-29,1654,Aqua,MODIS,78,6.2,287.5,21.3,N,0
-18.0274,123.6812,315.9,1.4,1.2,2014-08-29,1654,Aqua,MODIS,87,6.2,287.4,25.9,N,0
-18.0335,123.6527,305.9,1.4,1.2,2014-08-29,1654,Aqua,MODIS,40,6.2,288.4,13.9,N,0
-18.0358,123.666,309.9,1.4,1.2,2014-08-29,1654,Aqua,MODIS,69,6.2,289.2,18.6,N,0
-18.0441,123.6508,353.1,1.4,1.2,2014-08-29,1654,Aqua,MODIS,100,6.2,294.4,117.4,N,0
-18.0003,123.7134,302.5,1.4,1.2,2014-08-29,1654,Aqua,MODIS,50,6.2,285.6,12.1,N,0
-18.0525,123.6355,305.2,1.4,1.2,2014-08-29,1654,Aqua,MODIS,20,6.2,288.2,13,N,0
-18.0419,123.6374,318.1,1.4,1.2,2014-08-29,1654,Aqua,MODIS,59,6.2,289.8,28.1,N,0
-20.9194,119.7084,300.9,2.4,1.5,2014-08-29,1655,Aqua,MODIS,35,6.2,289.9,19,N,0
-20.9327,119.7055,318.4,2.4,1.5,2014-08-29,1655,Aqua,MODIS,97,6.2,288.5,61.4,N,0
-20.937,119.7279,335.3,2.4,1.5,2014-08-29,1655,Aqua,MODIS,100,6.2,289.8,131.7,N,0
-30.8598,121.4982,308.8,1.2,1.1,2014-08-29,1657,Aqua,MODIS,76,6.2,285.2,15.1,N,2
-13.2195,135.2065,313,4.4,1.9,2014-08-30,0039,Terra,MODIS,55,6.2,302.7,43.9,D,0
-12.5662,142.2563,327.5,1.4,1.2,2014-08-30,0039,Terra,MODIS,81,6.2,298.8,26,D,0
-11.7357,142.4941,323.4,1.4,1.2,2014-08-30,0039,Terra,MODIS,38,6.2,288.4,20.5,D,0
-14.8275,142.2358,340.3,1.3,1.1,2014-08-30,0039,Terra,MODIS,90,6.2,301.1,49.8,D,0
-12.2706,142.3364,321.3,1.4,1.2,2014-08-30,0039,Terra,MODIS,47,6.2,297.9,13.5,D,0
-12.2809,142.3347,322.9,1.4,1.2,2014-08-30,0039,Terra,MODIS,64,6.2,298.8,17.6,D,0
-14.8479,142.2378,338.1,1.3,1.1,2014-08-30,0039,Terra,MODIS,88,6.2,299.8,44.9,D,0
-14.8294,142.2475,333.1,1.3,1.1,2014-08-30,0039,Terra,MODIS,85,6.2,301.4,33.6,D,0
-14.8278,142.2412,336.5,1.3,1.1,2014-08-30,0039,Terra,MODIS,87,6.2,301.9,40.4,D,0
-13.1029,141.6576,315.5,1.5,1.2,2014-08-30,0039,Terra,MODIS,60,6.2,275,16.2,D,0
-15.8457,135.6129,319.6,3.7,1.8,2014-08-30,0040,Terra,MODIS,69,6.2,302.6,69.7,D,0
-15.8521,135.6465,324.2,3.6,1.8,2014-08-30,0040,Terra,MODIS,76,6.2,303,98.8,D,0
-14.9162,142.2143,333.6,1.3,1.1,2014-08-30,0040,Terra,MODIS,64,6.2,300.2,36.5,D,0
-15.8594,135.638,324.6,3.6,1.8,2014-08-30,0040,Terra,MODIS,55,6.2,303.8,90.7,D,0
-14.9168,142.2202,319,1.3,1.1,2014-08-30,0040,Terra,MODIS,51,6.2,299.4,13.5,D,0
-14.9143,142.2026,320.8,1.3,1.1,2014-08-30,0040,Terra,MODIS,54,6.2,299.1,15.3,D,0
-14.9149,142.2085,333,1.3,1.1,2014-08-30,0040,Terra,MODIS,64,6.2,300.3,36.4,D,0
-17.6341,138.2279,325.1,2.1,1.4,2014-08-30,0040,Terra,MODIS,76,6.2,303.8,43.3,D,0
-17.6376,138.2478,333.6,2.1,1.4,2014-08-30,0040,Terra,MODIS,84,6.2,306.2,75.2,D,0
-17.6503,138.2454,348.5,2.1,1.4,2014-08-30,0040,Terra,MODIS,94,6.2,308.5,149.6,D,0
-17.6468,138.2254,353.2,2.1,1.4,2014-08-30,0040,Terra,MODIS,96,6.2,306.5,181.9,D,0
-17.6366,138.2411,334.7,2.1,1.4,2014-08-30,0040,Terra,MODIS,85,6.2,306.1,78.5,D,0
-17.6456,138.2187,328,2.1,1.4,2014-08-30,0040,Terra,MODIS,52,6.2,304.7,47.2,D,0
-17.6493,138.2387,357.8,2.1,1.4,2014-08-30,0040,Terra,MODIS,99,6.2,309.3,212.2,D,0
-17.8166,138.3629,317.5,2.1,1.4,2014-08-30,0040,Terra,MODIS,53,6.2,305.2,17.5,D,0
-17.663,138.243,332,2.1,1.4,2014-08-30,0040,Terra,MODIS,75,6.2,307.1,62.7,D,0
-17.662,138.2363,336.8,2.1,1.4,2014-08-30,0040,Terra,MODIS,87,6.2,306.7,85.3,D,0
-17.6747,138.234,322.8,2.1,1.4,2014-08-30,0040,Terra,MODIS,64,6.2,306.2,31.2,D,0
-17.6765,138.3154,316.4,2.1,1.4,2014-08-30,0040,Terra,MODIS,47,6.2,304.7,15.2,D,0
-17.1623,135.2042,326.4,3.7,1.8,2014-08-30,0040,Terra,MODIS,64,6.2,299.7,116.8,D,0
-17.1689,135.2383,349.6,3.7,1.8,2014-08-30,0040,Terra,MODIS,95,6.2,303.4,358.2,D,0
-17.1604,135.2343,353.4,3.7,1.8,2014-08-30,0040,Terra,MODIS,97,6.2,303,413.7,D,0
-17.1763,135.2308,317.9,3.7,1.8,2014-08-30,0040,Terra,MODIS,29,6.2,301.7,61,D,0
-17.1831,135.2646,320.1,3.6,1.8,2014-08-30,0040,Terra,MODIS,46,6.2,302.1,73.5,D,0
-19.2398,146.6444,314.1,1.1,1.1,2014-08-30,0040,Terra,MODIS,35,6.2,300.8,6.9,D,0
-20.0117,148.1683,324.3,1.4,1.2,2014-08-30,0041,Terra,MODIS,76,6.2,302.9,20.8,D,0
-20.1302,146.1232,323.3,1.1,1,2014-08-30,0041,Terra,MODIS,74,6.2,304.6,14.3,D,0
-20.1693,145.9914,324.3,1.1,1,2014-08-30,0041,Terra,MODIS,75,6.2,306.2,13.5,D,0
-20.1288,146.1129,321.7,1.1,1,2014-08-30,0041,Terra,MODIS,71,6.2,304.4,12.2,D,0
-20.1707,146.0016,370.1,1.1,1,2014-08-30,0041,Terra,MODIS,100,6.2,309,119.6,D,0
-26.6945,148.5859,324.1,1.8,1.3,2014-08-30,0042,Terra,MODIS,79,6.2,300.6,39.3,D,0
-26.6999,148.5789,316.3,1.8,1.3,2014-08-30,0042,Terra,MODIS,55,6.2,300.4,19,D,0
-26.7018,148.5972,312.5,1.8,1.3,2014-08-30,0042,Terra,MODIS,39,6.2,297.9,13,D,0
-24.8872,148.6106,317.9,1.7,1.3,2014-08-30,0042,Terra,MODIS,60,6.2,302.6,20.7,D,0
-24.8796,148.6176,330.3,1.7,1.3,2014-08-30,0042,Terra,MODIS,85,6.2,302,52.1,D,0
-24.8777,148.6007,332.2,1.7,1.3,2014-08-30,0042,Terra,MODIS,86,6.2,303.4,57.2,D,0
-28.3315,149.9632,306.8,2.4,1.5,2014-08-30,0043,Terra,MODIS,39,6.2,295.9,13.8,D,0
-32.3654,148.7711,302.3,2.2,1.4,2014-08-30,0044,Terra,MODIS,52,6.2,290.2,13.9,D,0
-32.9968,137.5919,311.5,1.2,1.1,2014-08-30,0045,Terra,MODIS,46,6.2,298.1,6.9,D,2
-34.0344,139.7616,311.5,1,1,2014-08-30,0045,Terra,MODIS,33,6.2,296.1,6.2,D,0
-34.4381,146.3354,303,1.6,1.3,2014-08-30,0045,Terra,MODIS,50,6.2,290.8,7.6,D,0
-34.0435,139.7596,320.4,1,1,2014-08-30,0045,Terra,MODIS,78,6.2,296.4,14.6,D,0
-35.493,145.4407,309,1.5,1.2,2014-08-30,0045,Terra,MODIS,68,6.2,292.2,13.6,D,0
-34.339,146.0311,306.7,1.6,1.2,2014-08-30,0045,Terra,MODIS,56,6.2,294.3,8.7,D,0
-34.3394,146.0368,308.8,1.6,1.2,2014-08-30,0045,Terra,MODIS,65,6.2,293.6,11.7,D,0
-36.5084,140.8589,310.3,1,1,2014-08-30,0045,Terra,MODIS,70,6.2,293.4,8.4,D,0
-36.6955,140.1741,309.8,1,1,2014-08-30,0045,Terra,MODIS,69,6.2,291,8.4,D,0
-37.4387,143.2607,314.2,1.2,1.1,2014-08-30,0045,Terra,MODIS,74,6.2,291.6,17.2,D,0
-36.6939,140.1629,326.3,1,1,2014-08-30,0045,Terra,MODIS,84,6.2,292.7,23.7,D,0
-36.6865,140.1761,304.7,1,1,2014-08-30,0045,Terra,MODIS,41,6.2,291.3,5,D,0
-36.6849,140.1649,305.8,1,1,2014-08-30,0045,Terra,MODIS,43,6.2,292.6,5.8,D,0
-38.2254,144.5234,301.3,1.4,1.2,2014-08-30,0046,Terra,MODIS,46,6.2,288,8.3,D,0
-12.8345,131.5313,317,4.4,1.9,2014-08-30,0217,Terra,MODIS,50,6.2,304.8,34.6,D,0
-11.5722,130.2932,318.3,3.4,1.7,2014-08-30,0217,Terra,MODIS,60,6.2,301.9,52.9,D,0
-11.5673,130.2868,315.6,3.4,1.7,2014-08-30,0217,Terra,MODIS,46,6.2,301.1,38.7,D,0
-15.1917,125.5899,341,1.7,1.3,2014-08-30,0218,Terra,MODIS,88,6.2,307.7,70.9,D,0
-13.8249,130.0748,335.5,3.5,1.8,2014-08-30,0218,Terra,MODIS,87,6.2,305.8,165.4,D,0
-14.9224,126.1973,325.7,1.8,1.3,2014-08-30,0218,Terra,MODIS,62,6.2,310.4,26.8,D,0
-15.2028,125.5973,317.9,1.7,1.3,2014-08-30,0218,Terra,MODIS,16,6.2,306.8,10.8,D,0
-14.94,126.1439,328.2,1.8,1.3,2014-08-30,0218,Terra,MODIS,58,6.2,310.1,30.7,D,0
-14.9204,126.1804,333,1.8,1.3,2014-08-30,0218,Terra,MODIS,77,6.2,310.8,46.5,D,0
-14.938,126.1272,335.9,1.8,1.3,2014-08-30,0218,Terra,MODIS,85,6.2,312.1,55.3,D,0
-14.9282,126.1454,326.4,1.8,1.3,2014-08-30,0218,Terra,MODIS,41,6.2,307.9,26,D,0
-14.9146,126.1878,325.4,1.8,1.3,2014-08-30,0218,Terra,MODIS,10,6.2,311.6,22.5,D,0
-13.8186,130.0698,318.1,3.5,1.8,2014-08-30,0218,Terra,MODIS,63,6.2,306.5,39.3,D,0
-14.9261,126.1286,333.1,1.8,1.3,2014-08-30,0218,Terra,MODIS,78,6.2,308.6,46.7,D,0
-15.1424,125.5652,333.6,1.6,1.3,2014-08-30,0218,Terra,MODIS,75,6.2,305.5,46.8,D,0
-15.1443,125.5806,339.8,1.7,1.3,2014-08-30,0218,Terra,MODIS,88,6.2,308.4,64.7,D,0
-15.1538,125.5644,335.6,1.6,1.3,2014-08-30,0218,Terra,MODIS,79,6.2,305.1,51.7,D,0
-15.1557,125.5795,340.7,1.7,1.3,2014-08-30,0218,Terra,MODIS,88,6.2,308.1,66.8,D,0
-15.1784,125.5764,324.1,1.7,1.3,2014-08-30,0218,Terra,MODIS,52,6.2,310.1,25.1,D,0
-13.8345,130.0684,328.6,3.5,1.8,2014-08-30,0218,Terra,MODIS,82,6.2,304.7,104.6,D,0
-15.1896,125.5838,328,1.7,1.3,2014-08-30,0218,Terra,MODIS,60,6.2,306.7,32.1,D,0
-15.1937,125.6049,335,1.7,1.3,2014-08-30,0218,Terra,MODIS,83,6.2,309.3,48.5,D,0
-15.1914,125.5989,334.8,1.7,1.3,2014-08-30,0218,Terra,MODIS,84,6.2,309,49.1,D,0
-13.8213,130.0435,317.6,3.5,1.8,2014-08-30,0218,Terra,MODIS,59,6.2,306.6,34.8,D,0
-14.2889,129.5431,319.8,3.2,1.7,2014-08-30,0218,Terra,MODIS,54,6.2,308.5,32.2,D,0
-14.7824,131.7483,321.8,4.8,2,2014-08-30,0218,Terra,MODIS,37,6.2,305.8,92.1,D,0
-14.7804,131.7417,318.9,4.8,2,2014-08-30,0218,Terra,MODIS,19,6.2,305.6,73.1,D,0
-14.7985,131.7399,319,4.8,2,2014-08-30,0218,Terra,MODIS,35,6.2,303.5,70.9,D,0
-15.8315,130.418,325.8,3.9,1.8,2014-08-30,0218,Terra,MODIS,72,6.2,308,101.1,D,0
-15.8367,130.4124,325.2,3.9,1.8,2014-08-30,0218,Terra,MODIS,71,6.2,306.9,97.5,D,0
-15.6915,130.2589,331.9,3.8,1.8,2014-08-30,0218,Terra,MODIS,67,6.2,306.1,135.7,D,0
-15.6975,130.2514,334.1,3.8,1.8,2014-08-30,0218,Terra,MODIS,61,6.2,306.9,153.3,D,0
-15.6951,130.2941,341.1,3.8,1.8,2014-08-30,0218,Terra,MODIS,89,6.2,309.9,233.1,D,0
-15.7116,130.2919,327.3,3.8,1.8,2014-08-30,0218,Terra,MODIS,65,6.2,308.4,100.4,D,0
-15.7009,130.2863,330.9,3.8,1.8,2014-08-30,0218,Terra,MODIS,49,6.2,308.6,125.2,D,0
-13.5059,130.8971,324.4,4,1.9,2014-08-30,0218,Terra,MODIS,77,6.2,306.5,96.1,D,0
-13.5072,130.855,323.9,4,1.9,2014-08-30,0218,Terra,MODIS,77,6.2,304.7,83.2,D,0
-13.502,130.8605,330.6,4,1.9,2014-08-30,0218,Terra,MODIS,83,6.2,305.8,146.9,D,0
-13.5109,130.8915,326.3,4,1.9,2014-08-30,0218,Terra,MODIS,79,6.2,305.7,106.4,D,0
-13.7538,131.5297,317.4,4.5,2,2014-08-30,0218,Terra,MODIS,68,6.2,305,58.9,D,0
-13.7542,131.5245,317.2,4.5,2,2014-08-30,0218,Terra,MODIS,60,6.2,305.3,56.8,D,0
-16.6132,123.7812,331.7,1.3,1.1,2014-08-30,0219,Terra,MODIS,81,6.2,307.6,26.6,D,0
-16.6116,123.7692,339.8,1.3,1.1,2014-08-30,0219,Terra,MODIS,88,6.2,309,42.2,D,0
-17.8348,122.7148,323,1.2,1.1,2014-08-30,0219,Terra,MODIS,57,6.2,310.5,10.4,D,0
-16.61,123.7572,340.7,1.3,1.1,2014-08-30,0219,Terra,MODIS,89,6.2,310.4,43.4,D,0
-16.6052,123.7209,347.4,1.3,1.1,2014-08-30,0219,Terra,MODIS,86,6.2,311.8,63.3,D,0
-16.6031,123.783,320.4,1.3,1.1,2014-08-30,0219,Terra,MODIS,29,6.2,308.2,8.1,D,0
-16.595,123.7223,352.1,1.3,1.1,2014-08-30,0219,Terra,MODIS,96,6.2,310.6,77.5,D,0
-16.5945,123.7964,331.9,1.3,1.1,2014-08-30,0219,Terra,MODIS,81,6.2,308.5,28.7,D,0
-16.5848,123.7235,329.5,1.3,1.1,2014-08-30,0219,Terra,MODIS,63,6.2,310.9,23.8,D,0
-19.0689,122.0999,339.5,1.1,1.1,2014-08-30,0219,Terra,MODIS,79,6.2,313.9,31.9,D,0
-18.928,122.1987,330.9,1.1,1.1,2014-08-30,0219,Terra,MODIS,66,6.2,312.4,19.2,D,0
-19.0704,122.1107,340.8,1.1,1.1,2014-08-30,0219,Terra,MODIS,81,6.2,311.8,35.7,D,0
-16.4541,123.9854,332.1,1.3,1.1,2014-08-30,0219,Terra,MODIS,82,6.2,307.6,34.6,D,0
-16.4581,123.9913,328.3,1.3,1.1,2014-08-30,0219,Terra,MODIS,78,6.2,305.7,26.7,D,0
-16.4564,123.9786,330.9,1.3,1.1,2014-08-30,0219,Terra,MODIS,81,6.2,307.6,31.1,D,0
-16.6619,123.9327,327.5,1.3,1.1,2014-08-30,0219,Terra,MODIS,60,6.2,309,20.7,D,0
-16.6658,123.8814,325.8,1.3,1.1,2014-08-30,0219,Terra,MODIS,54,6.2,310.9,17.2,D,0
-16.6674,123.8938,334.4,1.3,1.1,2014-08-30,0219,Terra,MODIS,81,6.2,310.9,34.7,D,0
-19.0771,122.0879,353.5,1.1,1.1,2014-08-30,0219,Terra,MODIS,96,6.2,311.7,67.1,D,0
-16.5934,123.7102,344.6,1.3,1.1,2014-08-30,0219,Terra,MODIS,83,6.2,307.4,57.3,D,0
-16.6027,123.7148,340.7,1.3,1.1,2014-08-30,0219,Terra,MODIS,81,6.2,309.2,49.3,D,0
-16.6129,123.7134,336.9,1.3,1.1,2014-08-30,0219,Terra,MODIS,75,6.2,305.7,41.2,D,0
-19.0785,122.0986,335.6,1.1,1.1,2014-08-30,0219,Terra,MODIS,73,6.2,310.3,26.2,D,0
-16.6635,123.9454,344.4,1.3,1.1,2014-08-30,0219,Terra,MODIS,91,6.2,309.9,61.1,D,0
-16.6652,123.9579,337.8,1.3,1.1,2014-08-30,0219,Terra,MODIS,86,6.2,308.8,44.1,D,0
-19.0319,122.1444,341,1.1,1.1,2014-08-30,0219,Terra,MODIS,84,6.2,312.4,34.6,D,0
-18.9802,122.1959,333.8,1.1,1.1,2014-08-30,0219,Terra,MODIS,60,6.2,313.5,22.9,D,0
-19.0608,122.1121,331.7,1.1,1.1,2014-08-30,0219,Terra,MODIS,69,6.2,313.6,19.6,D,0
-19.0622,122.1229,328.1,1.1,1.1,2014-08-30,0219,Terra,MODIS,44,6.2,310.2,15,D,0
-16.6071,123.972,331.2,1.3,1.1,2014-08-30,0219,Terra,MODIS,81,6.2,311.9,27.1,D,0
-16.6191,123.7619,344,1.3,1.1,2014-08-30,0219,Terra,MODIS,90,6.2,307.5,57.4,D,0
-16.6144,123.7253,345,1.3,1.1,2014-08-30,0219,Terra,MODIS,89,6.2,308,60.9,D,0
-16.612,123.7876,327.8,1.3,1.1,2014-08-30,0219,Terra,MODIS,50,6.2,307.3,20.3,D,0
-16.6104,123.7753,328.7,1.3,1.1,2014-08-30,0219,Terra,MODIS,50,6.2,308.4,20.8,D,0
-16.6089,123.7632,332.5,1.3,1.1,2014-08-30,0219,Terra,MODIS,59,6.2,309.7,27.6,D,0
-18.056,123.6312,339.6,1.3,1.1,2014-08-30,0219,Terra,MODIS,86,6.2,312.8,44.6,D,0
-18.0576,123.6438,328.4,1.3,1.1,2014-08-30,0219,Terra,MODIS,69,6.2,311,20.8,D,0
-19.0238,122.1565,332.7,1.1,1.1,2014-08-30,0219,Terra,MODIS,41,6.2,312.7,20.1,D,0
-17.27,123.1299,340.7,1.2,1.1,2014-08-30,0219,Terra,MODIS,87,6.2,311.5,43.9,D,0
-17.871,122.67,335.8,1.2,1.1,2014-08-30,0219,Terra,MODIS,83,6.2,313.2,29,D,0
-17.8695,122.659,342,1.2,1.1,2014-08-30,0219,Terra,MODIS,88,6.2,313.8,41,D,0
-18.0582,123.6247,341.1,1.3,1.1,2014-08-30,0219,Terra,MODIS,88,6.2,311.5,44,D,0
-18.0599,123.6372,332.8,1.3,1.1,2014-08-30,0219,Terra,MODIS,57,6.2,311.2,25.2,D,0
-18.0545,123.6186,326,1.3,1.1,2014-08-30,0219,Terra,MODIS,46,6.2,312.2,13.5,D,0
-17.3145,123.9433,322.8,1.4,1.2,2014-08-30,0219,Terra,MODIS,44,6.2,312.6,10.7,D,0
-20.1317,127.3579,321.4,2.6,1.6,2014-08-30,0219,Terra,MODIS,40,6.2,308.9,29,D,0
-17.3602,123.9174,331.4,1.4,1.2,2014-08-30,0219,Terra,MODIS,74,6.2,311.7,26.7,D,0
-17.687,127.7673,361.5,2.6,1.6,2014-08-30,0219,Terra,MODIS,100,6.2,307.3,327.7,D,0
-17.6898,127.7925,326.6,2.6,1.6,2014-08-30,0219,Terra,MODIS,76,6.2,306.9,58.4,D,0
-17.6983,127.7403,332.4,2.6,1.6,2014-08-30,0219,Terra,MODIS,79,6.2,302.8,88.7,D,0
-17.7008,127.71,321.8,2.6,1.6,2014-08-30,0219,Terra,MODIS,65,6.2,300.1,47.2,D,0
-17.7033,127.7342,328.1,2.6,1.6,2014-08-30,0219,Terra,MODIS,73,6.2,301.6,69.2,D,0
-17.3586,123.9046,325.2,1.4,1.2,2014-08-30,0219,Terra,MODIS,40,6.2,312.8,13.1,D,0
-20.1457,127.3564,385,2.6,1.6,2014-08-30,0219,Terra,MODIS,75,6.2,312.9,663.1,D,0
-18.2131,129.9349,321.3,3.9,1.8,2014-08-30,0219,Terra,MODIS,54,6.2,307.2,70.7,D,0
-16.634,123.7971,322.7,1.3,1.1,2014-08-30,0219,Terra,MODIS,51,6.2,307.3,14.6,D,0
-20.1358,127.3507,326.9,2.6,1.6,2014-08-30,0219,Terra,MODIS,59,6.2,309.9,54.2,D,0
-18.8621,130.2885,332.9,4.2,1.9,2014-08-30,0219,Terra,MODIS,83,6.2,304.8,194.4,D,0
-20.1499,127.3491,354.8,2.6,1.6,2014-08-30,0219,Terra,MODIS,73,6.2,307.4,245.4,D,0
-19.659,127.4396,327,2.6,1.6,2014-08-30,0219,Terra,MODIS,51,6.2,308.1,48.8,D,0
-18.8765,130.2922,320.5,4.2,1.9,2014-08-30,0219,Terra,MODIS,51,6.2,303.9,78.4,D,0
-20.0837,127.0405,326.2,2.5,1.5,2014-08-30,0219,Terra,MODIS,72,6.2,310.5,44.2,D,0
-19.6564,127.4146,328.7,2.6,1.6,2014-08-30,0219,Terra,MODIS,54,6.2,311.2,55.2,D,0
-18.8593,130.2942,331.9,4.2,1.9,2014-08-30,0219,Terra,MODIS,82,6.2,305.3,182.1,D,0
-18.8656,130.3288,328.7,4.3,1.9,2014-08-30,0219,Terra,MODIS,78,6.2,305.6,151.5,D,0
-20.09,127.033,321.6,2.5,1.5,2014-08-30,0219,Terra,MODIS,52,6.2,309.1,24,D,0
-20.129,127.3328,323.2,2.6,1.6,2014-08-30,0219,Terra,MODIS,55,6.2,308.1,36.7,D,0
-18.3236,129.9121,322.3,3.9,1.8,2014-08-30,0219,Terra,MODIS,41,6.2,308.6,62.5,D,0
-18.8484,130.3306,318.1,4.3,1.9,2014-08-30,0219,Terra,MODIS,42,6.2,306.9,61.9,D,0
-18.863,130.3344,324.7,4.3,1.9,2014-08-30,0219,Terra,MODIS,72,6.2,305.8,112.8,D,0
-19.6986,127.4101,325.6,2.6,1.6,2014-08-30,0219,Terra,MODIS,65,6.2,309.5,45,D,0
-18.0408,123.6527,334.7,1.3,1.1,2014-08-30,0219,Terra,MODIS,78,6.2,314.6,29.5,D,0
-18.0512,123.6513,335,1.3,1.1,2014-08-30,0219,Terra,MODIS,68,6.2,312.5,30.2,D,0
-18.2855,127.8371,317.9,2.7,1.6,2014-08-30,0219,Terra,MODIS,55,6.2,307.3,28.7,D,0
-21.0467,118.4449,321,1,1,2014-08-30,0220,Terra,MODIS,50,6.2,310.7,5.7,D,0
-20.8588,117.2445,325.6,1.1,1,2014-08-30,0220,Terra,MODIS,67,6.2,312.4,10.8,D,0
-21.7186,119.1158,357.4,1,1,2014-08-30,0220,Terra,MODIS,98,6.2,309.3,68.8,D,0
-21.72,119.1254,396.8,1,1,2014-08-30,0220,Terra,MODIS,100,6.2,317.7,222.9,D,0
-21.7214,119.135,335.9,1,1,2014-08-30,0220,Terra,MODIS,84,6.2,311.9,24.5,D,0
-21.7498,119.1401,331.9,1,1,2014-08-30,0220,Terra,MODIS,80,6.2,310.1,19.7,D,0
-20.9108,119.6934,336.6,1,1,2014-08-30,0220,Terra,MODIS,84,6.2,312,23.4,D,0
-20.9202,119.6956,341.6,1,1,2014-08-30,0220,Terra,MODIS,88,6.2,311.2,32.1,D,0
-20.9292,119.6942,324.5,1,1,2014-08-30,0220,Terra,MODIS,65,6.2,308.8,8.7,D,0
-20.9576,119.6994,327.2,1,1,2014-08-30,0220,Terra,MODIS,70,6.2,309.5,13.6,D,0
-20.9188,119.686,356.7,1,1,2014-08-30,0220,Terra,MODIS,98,6.2,308.8,64,D,0
-21.2682,125.8953,325.8,2.1,1.4,2014-08-30,0220,Terra,MODIS,71,6.2,309.6,34.5,D,0
-21.2595,125.8136,336.2,2.1,1.4,2014-08-30,0220,Terra,MODIS,84,6.2,312.1,66.7,D,0
-21.2468,125.8152,328.2,2.1,1.4,2014-08-30,0220,Terra,MODIS,72,6.2,309.5,40.9,D,0
-21.2573,125.7934,342.6,2.1,1.4,2014-08-30,0220,Terra,MODIS,89,6.2,312.4,97.2,D,0
-22.9953,122.6626,346.4,1.3,1.2,2014-08-30,0220,Terra,MODIS,88,6.2,307.6,65.2,D,0
-22.9818,122.638,376.5,1.3,1.1,2014-08-30,0220,Terra,MODIS,100,6.2,310.1,197.6,D,0
-22.9714,122.6395,341.9,1.3,1.1,2014-08-30,0220,Terra,MODIS,89,6.2,311,52.1,D,0
-22.9881,122.6906,342.8,1.4,1.2,2014-08-30,0220,Terra,MODIS,90,6.2,310,54.2,D,0
-22.9275,122.5983,335.5,1.3,1.1,2014-08-30,0220,Terra,MODIS,84,6.2,308.2,39.4,D,0
-22.9667,122.6592,323.7,1.3,1.1,2014-08-30,0220,Terra,MODIS,61,6.2,307.1,14.4,D,0
-23.0041,122.6482,327.9,1.3,1.1,2014-08-30,0220,Terra,MODIS,46,6.2,305.3,24.8,D,0
-22.9985,122.6891,362.1,1.4,1.2,2014-08-30,0220,Terra,MODIS,100,6.2,310.1,122.9,D,0
-22.9969,122.6758,355.8,1.4,1.2,2014-08-30,0220,Terra,MODIS,97,6.2,308.9,95.5,D,0
-25.1113,129.9394,315.4,4.7,2,2014-08-30,0221,Terra,MODIS,46,6.2,304.5,54.7,D,0
-26.5271,121.0764,316.5,1.2,1.1,2014-08-30,0221,Terra,MODIS,48,6.2,304,11,D,0
-26.5286,121.0886,318.3,1.2,1.1,2014-08-30,0221,Terra,MODIS,58,6.2,301.8,12.9,D,0
-26.5545,121.1346,326.7,1.2,1.1,2014-08-30,0221,Terra,MODIS,61,6.2,305.8,21.3,D,0
-26.5644,121.1331,329,1.2,1.1,2014-08-30,0221,Terra,MODIS,62,6.2,303.9,24.6,D,0
-26.5659,121.1453,331.4,1.2,1.1,2014-08-30,0221,Terra,MODIS,80,6.2,306.9,28.5,D,0
-26.5675,121.1576,320.6,1.2,1.1,2014-08-30,0221,Terra,MODIS,54,6.2,305,11.9,D,0
-26.5774,121.1562,317.7,1.2,1.1,2014-08-30,0221,Terra,MODIS,34,6.2,304.3,8.7,D,0
-34.5208,146.2967,330.1,4.6,2,2014-08-30,0322,Aqua,MODIS,83,6.2,295.1,241,D,0
-34.9031,145.9765,305.3,4.8,2,2014-08-30,0322,Aqua,MODIS,61,6.2,295,32.8,D,0
-34.5187,146.2997,330.3,4.6,2,2014-08-30,0322,Aqua,MODIS,87,6.2,295.2,242.8,D,0
-34.9073,145.9732,306.2,4.8,2,2014-08-30,0322,Aqua,MODIS,63,6.2,295.1,38,D,0
-29.5882,148.1552,317.4,3.1,1.7,2014-08-30,0323,Aqua,MODIS,71,6.2,303,41.7,D,0
-26.854,152.4599,312.9,1.5,1.2,2014-08-30,0324,Aqua,MODIS,32,6.2,301.2,10.9,D,0
-26.8393,152.4673,314.8,1.5,1.2,2014-08-30,0324,Aqua,MODIS,59,6.2,300.3,15,D,0
-26.6114,152.4849,322.8,1.4,1.2,2014-08-30,0324,Aqua,MODIS,78,6.2,297,29.8,D,0
-26.4927,152.5325,321.3,1.4,1.2,2014-08-30,0324,Aqua,MODIS,76,6.2,299.6,26.1,D,0
-26.4895,152.5266,315.9,1.4,1.2,2014-08-30,0324,Aqua,MODIS,51,6.2,300.1,16.5,D,0
-26.185,150.3509,311.8,2,1.4,2014-08-30,0324,Aqua,MODIS,53,6.2,298.2,18.1,D,0
-26.1151,151.8283,318.7,1.6,1.2,2014-08-30,0324,Aqua,MODIS,69,6.2,303.8,15.9,D,0
-26.104,151.8267,317.8,1.6,1.2,2014-08-30,0324,Aqua,MODIS,54,6.2,304.8,13.7,D,0
-26.1147,151.8217,319.9,1.6,1.2,2014-08-30,0324,Aqua,MODIS,70,6.2,303.8,17.6,D,0
-26.6098,152.4992,320.2,1.4,1.2,2014-08-30,0324,Aqua,MODIS,75,6.2,299.7,24.9,D,0
-25.6715,152.3127,312.1,1.4,1.2,2014-08-30,0324,Aqua,MODIS,52,6.2,300.4,9.5,D,0
-26.7881,152.0095,310.7,1.6,1.2,2014-08-30,0324,Aqua,MODIS,40,6.2,300.1,10.2,D,0
-26.2952,150.8454,344.7,1.8,1.3,2014-08-30,0324,Aqua,MODIS,93,6.2,298.3,117.2,D,0
-26.297,150.8268,357.2,1.8,1.3,2014-08-30,0324,Aqua,MODIS,98,6.2,300.2,184,D,0
-26.2905,150.8396,362.2,1.8,1.3,2014-08-30,0324,Aqua,MODIS,100,6.2,299.3,215.7,D,0
-26.2925,150.8211,345.8,1.8,1.3,2014-08-30,0324,Aqua,MODIS,93,6.2,300.1,122.7,D,0
-27.2097,152.316,309.3,1.5,1.2,2014-08-30,0324,Aqua,MODIS,45,6.2,296.1,7.7,D,0
-26.4504,152.1951,311.9,1.5,1.2,2014-08-30,0324,Aqua,MODIS,54,6.2,300.9,11.3,D,0
-28.4525,150.4667,315.6,2.1,1.4,2014-08-30,0324,Aqua,MODIS,68,6.2,300.2,22.6,D,0
-25.2964,152.4919,321.1,1.4,1.2,2014-08-30,0325,Aqua,MODIS,75,6.2,299.7,22.6,D,0
-25.3017,152.4994,320.8,1.4,1.2,2014-08-30,0325,Aqua,MODIS,56,6.2,299.3,22.4,D,0
-24.7812,152.1282,325.1,1.4,1.2,2014-08-30,0325,Aqua,MODIS,78,6.2,301,28.7,D,0
-24.8829,148.6227,330.9,2.5,1.5,2014-08-30,0325,Aqua,MODIS,83,6.2,302.8,90.7,D,0
-24.2462,148.5909,319,2.5,1.5,2014-08-30,0325,Aqua,MODIS,58,6.2,305.4,30.2,D,0
-24.2532,148.5843,321.9,2.5,1.5,2014-08-30,0325,Aqua,MODIS,73,6.2,306.6,45.2,D,0
-24.4537,148.6007,324,2.5,1.5,2014-08-30,0325,Aqua,MODIS,76,6.2,307.4,47.6,D,0
-24.4609,148.5945,321.7,2.5,1.5,2014-08-30,0325,Aqua,MODIS,52,6.2,306.9,34.3,D,0
-24.8905,148.6026,359.3,2.5,1.5,2014-08-30,0325,Aqua,MODIS,99,6.2,309.1,298.8,D,0
-24.8853,148.5972,353.9,2.5,1.5,2014-08-30,0325,Aqua,MODIS,97,6.2,308.7,249.2,D,0
-25.4131,149.1173,317.5,2.4,1.5,2014-08-30,0325,Aqua,MODIS,69,6.2,300.4,40.1,D,0
-25.403,149.1345,318.2,2.3,1.5,2014-08-30,0325,Aqua,MODIS,62,6.2,299.2,37.9,D,0
-25.411,149.1404,321.2,2.3,1.5,2014-08-30,0325,Aqua,MODIS,74,6.2,300.5,52,D,0
-23.4037,149.8032,319,2,1.4,2014-08-30,0325,Aqua,MODIS,48,6.2,302.1,27.2,D,0
-24.7795,152.1423,314.1,1.4,1.2,2014-08-30,0325,Aqua,MODIS,60,6.2,300.3,10.1,D,0
-24.7673,151.3613,312.2,1.6,1.2,2014-08-30,0325,Aqua,MODIS,33,6.2,295.5,14.2,D,0
-24.7786,151.3627,314.2,1.6,1.2,2014-08-30,0325,Aqua,MODIS,54,6.2,296.3,17.6,D,0
-24.7768,151.379,311.1,1.6,1.2,2014-08-30,0325,Aqua,MODIS,41,6.2,295.5,14.1,D,0
-23.4226,149.7731,327.5,2,1.4,2014-08-30,0325,Aqua,MODIS,62,6.2,302.8,49.5,D,0
-23.4082,149.791,322.9,2,1.4,2014-08-30,0325,Aqua,MODIS,60,6.2,302.6,37.1,D,0
-23.4181,149.7854,318.9,2,1.4,2014-08-30,0325,Aqua,MODIS,44,6.2,301.9,26.4,D,0
-23.4202,149.7662,320.8,2,1.4,2014-08-30,0325,Aqua,MODIS,58,6.2,302.3,32.2,D,0
-23.4057,149.784,320.9,2,1.4,2014-08-30,0325,Aqua,MODIS,58,6.2,302.1,33.2,D,0
-24.6465,152.1326,313.4,1.4,1.2,2014-08-30,0325,Aqua,MODIS,55,6.2,298.1,12.5,D,0
-23.7671,150.9301,313.4,1.7,1.3,2014-08-30,0325,Aqua,MODIS,43,6.2,303.2,11.7,D,0
-23.7303,150.9704,313.1,1.7,1.3,2014-08-30,0325,Aqua,MODIS,51,6.2,300,13,D,0
-22.6891,147.7922,318,2.7,1.6,2014-08-30,0325,Aqua,MODIS,64,6.2,306.8,21.3,D,0
-19.2364,146.6306,316.1,3,1.6,2014-08-30,0326,Aqua,MODIS,65,6.2,299,40.8,D,0
-19.2335,146.6517,315.1,3,1.6,2014-08-30,0326,Aqua,MODIS,63,6.2,299.3,33,D,0
-19.3321,146.8711,335.4,2.9,1.6,2014-08-30,0326,Aqua,MODIS,87,6.2,300,140.6,D,0
-19.3348,146.8438,321.4,2.9,1.6,2014-08-30,0326,Aqua,MODIS,73,6.2,298.1,61.8,D,0
-37.8824,141.736,369.4,1.7,1.3,2014-08-30,0459,Aqua,MODIS,100,6.2,297.2,251.7,D,0
-37.3383,141.3155,307.1,1.7,1.3,2014-08-30,0500,Aqua,MODIS,65,6.2,291.3,14.1,D,0
-37.3157,141.3084,364.1,1.7,1.3,2014-08-30,0500,Aqua,MODIS,100,6.2,297.4,203.9,D,0
-37.327,141.3119,342.5,1.7,1.3,2014-08-30,0500,Aqua,MODIS,93,6.2,294.7,97.9,D,0
-37.3307,141.2934,333.3,1.7,1.3,2014-08-30,0500,Aqua,MODIS,88,6.2,295.6,66.8,D,0
-37.3194,141.2898,351.3,1.7,1.3,2014-08-30,0500,Aqua,MODIS,96,6.2,297.4,133.8,D,0
-34.8369,145.7681,310,3.6,1.8,2014-08-30,0500,Aqua,MODIS,62,6.2,295.4,39,D,0
-34.921,145.8032,308.2,3.6,1.8,2014-08-30,0500,Aqua,MODIS,51,6.2,296,28.5,D,0
-26.0454,125.6632,329,2,1.4,2014-08-30,0503,Aqua,MODIS,23,6.2,315.4,28.2,D,0
-26.0577,125.6647,339.9,2,1.4,2014-08-30,0503,Aqua,MODIS,86,6.2,315,69.1,D,0
-25.1199,129.9162,323,1.1,1,2014-08-30,0503,Aqua,MODIS,47,6.2,312,6.2,D,0
-25.1185,129.9269,327,1.1,1,2014-08-30,0503,Aqua,MODIS,67,6.2,312.6,11.2,D,0
-26.0598,125.6699,332.7,2,1.4,2014-08-30,0503,Aqua,MODIS,77,6.2,314.2,41.6,D,0
-26.0474,125.6684,333.1,2,1.4,2014-08-30,0503,Aqua,MODIS,78,6.2,315.2,42.7,D,0
-26.0493,125.6488,327.4,2,1.4,2014-08-30,0503,Aqua,MODIS,38,6.2,314.7,23.3,D,0
-26.0617,125.6503,327.7,2,1.4,2014-08-30,0503,Aqua,MODIS,47,6.2,314.2,24.8,D,0
-26.5766,121.1577,380,4.1,1.9,2014-08-30,0503,Aqua,MODIS,100,6.2,308.1,1111.1,D,0
-26.5793,121.1158,330.2,4.2,1.9,2014-08-30,0503,Aqua,MODIS,77,6.2,304.3,142.3,D,0
-26.5744,121.1537,374,4.1,1.9,2014-08-30,0503,Aqua,MODIS,100,6.2,308.2,934.5,D,0
-26.5773,121.1118,321.1,4.2,1.9,2014-08-30,0503,Aqua,MODIS,24,6.2,304.2,61.7,D,0
-26.5573,121.1523,324.2,4.1,1.9,2014-08-30,0503,Aqua,MODIS,60,6.2,305.8,91.9,D,0
-26.543,121.1089,356,4.2,1.9,2014-08-30,0503,Aqua,MODIS,97,6.2,307.1,510.8,D,0
-26.5458,121.0668,367.2,4.2,1.9,2014-08-30,0503,Aqua,MODIS,100,6.2,308.9,763.7,D,0
-26.5258,121.1075,337.9,4.2,1.9,2014-08-30,0503,Aqua,MODIS,85,6.2,307.3,235.3,D,0
-26.5286,121.0653,341.2,4.2,1.9,2014-08-30,0503,Aqua,MODIS,88,6.2,308.8,279.9,D,0
-26.54,121.1009,375.8,4.2,1.9,2014-08-30,0503,Aqua,MODIS,100,6.2,309.6,986,D,0
-26.5431,121.0588,359,4.2,1.9,2014-08-30,0503,Aqua,MODIS,99,6.2,309.2,573.9,D,0
-26.5228,121.0995,333.5,4.2,1.9,2014-08-30,0503,Aqua,MODIS,80,6.2,307,186.6,D,0
-26.5258,121.0573,324.9,4.2,1.9,2014-08-30,0503,Aqua,MODIS,66,6.2,307,102,D,0
-20.4828,134.2324,324,1.3,1.1,2014-08-30,0504,Aqua,MODIS,43,6.2,312.6,8.4,D,0
-22.7776,127.7562,323.4,1.3,1.1,2014-08-30,0504,Aqua,MODIS,38,6.2,313,9.6,D,0
-22.9852,122.6143,328.3,3,1.6,2014-08-30,0504,Aqua,MODIS,51,6.2,309.9,63.3,D,0
-22.9854,122.6214,334.2,3,1.6,2014-08-30,0504,Aqua,MODIS,76,6.2,310.8,100.8,D,0
-22.9825,122.6429,332.1,2.9,1.6,2014-08-30,0504,Aqua,MODIS,67,6.2,312.1,85.6,D,0
-21.4976,130.9651,324,1,1,2014-08-30,0504,Aqua,MODIS,42,6.2,313.2,7.1,D,0
-22.8154,127.9452,325.6,1.3,1.1,2014-08-30,0504,Aqua,MODIS,58,6.2,314.4,12.1,D,0
-19.1373,130.817,333.7,1,1,2014-08-30,0505,Aqua,MODIS,68,6.2,316.6,14.1,D,0
-19.1359,130.8265,345.5,1,1,2014-08-30,0505,Aqua,MODIS,90,6.2,315.6,34.2,D,0
-19.1449,130.8279,332.5,1,1,2014-08-30,0505,Aqua,MODIS,27,6.2,317.3,12.5,D,0
-18.8674,130.2646,336.3,1,1,2014-08-30,0505,Aqua,MODIS,75,6.2,314.9,20.4,D,0
-18.7536,130.2204,362.4,1,1,2014-08-30,0505,Aqua,MODIS,100,6.2,316.4,77.6,D,0
-18.755,130.2109,342.6,1,1,2014-08-30,0505,Aqua,MODIS,88,6.2,314.7,32.5,D,0
-20.1452,127.1068,332.9,1.3,1.1,2014-08-30,0505,Aqua,MODIS,75,6.2,315.8,20.8,D,0
-20.1476,127.1006,332.9,1.3,1.1,2014-08-30,0505,Aqua,MODIS,71,6.2,316.6,20.6,D,0
-20.0924,127.0419,328.5,1.3,1.1,2014-08-30,0505,Aqua,MODIS,65,6.2,316.4,13.8,D,0
-20.1005,127.1446,333,1.3,1.1,2014-08-30,0505,Aqua,MODIS,75,6.2,315.9,22.7,D,0
-20.1021,127.1322,338.7,1.3,1.1,2014-08-30,0505,Aqua,MODIS,83,6.2,316.5,35.6,D,0
-17.6673,127.7804,328.2,1.1,1.1,2014-08-30,0505,Aqua,MODIS,61,6.2,315.1,10.6,D,0
-17.6609,127.6817,327.6,1.1,1.1,2014-08-30,0505,Aqua,MODIS,64,6.2,313.3,14.1,D,0
-20.1369,127.3432,326.1,1.3,1.1,2014-08-30,0505,Aqua,MODIS,38,6.2,315.1,11,D,0
-20.1354,127.3553,339.5,1.3,1.1,2014-08-30,0505,Aqua,MODIS,84,6.2,315.5,37.1,D,0
-17.7134,127.7613,393.2,1.1,1.1,2014-08-30,0505,Aqua,MODIS,100,6.2,319.2,235.3,D,0
-17.7148,127.7508,401.2,1.1,1.1,2014-08-30,0505,Aqua,MODIS,100,6.2,319.2,291.5,D,0
-17.7162,127.7402,347.2,1.1,1.1,2014-08-30,0505,Aqua,MODIS,85,6.2,307,48.2,D,0
-17.7052,127.7495,358.2,1.1,1.1,2014-08-30,0505,Aqua,MODIS,99,6.2,318.2,75.6,D,0
-18.3418,130.3999,364,1,1,2014-08-30,0505,Aqua,MODIS,100,6.2,316.7,81.6,D,0
-18.3404,130.4093,348.5,1,1,2014-08-30,0505,Aqua,MODIS,92,6.2,314.9,43.4,D,0
-18.3507,130.4014,407.9,1,1,2014-08-30,0505,Aqua,MODIS,100,6.2,323.3,287.5,D,0
-18.3494,130.4108,373.8,1,1,2014-08-30,0505,Aqua,MODIS,100,6.2,320.3,114,D,0
-17.7066,127.7389,381.4,1.1,1.1,2014-08-30,0505,Aqua,MODIS,100,6.2,317.8,171.2,D,0
-17.6998,127.7159,326.2,1.1,1.1,2014-08-30,0505,Aqua,MODIS,41,6.2,309.4,13,D,0
-17.7012,127.7052,327.4,1.1,1.1,2014-08-30,0505,Aqua,MODIS,42,6.2,308.7,16.7,D,0
-17.7026,127.6944,327.7,1.1,1.1,2014-08-30,0505,Aqua,MODIS,51,6.2,306,18.3,D,0
-17.6848,127.7571,351.4,1.1,1.1,2014-08-30,0505,Aqua,MODIS,94,6.2,315.6,53.4,D,0
-17.6768,127.7818,328.4,1.1,1.1,2014-08-30,0505,Aqua,MODIS,63,6.2,313.2,10.6,D,0
-17.708,127.728,359.5,1.1,1.1,2014-08-30,0505,Aqua,MODIS,99,6.2,311,84,D,0
-17.7094,127.7173,359.1,1.1,1.1,2014-08-30,0505,Aqua,MODIS,99,6.2,306.7,84.6,D,0
-18.2993,130.5707,324.7,1,1,2014-08-30,0505,Aqua,MODIS,55,6.2,312.8,7.2,D,0
-18.3082,130.5682,330,1,1,2014-08-30,0505,Aqua,MODIS,72,6.2,315.4,13.4,D,0
-17.7108,127.7066,370.9,1.1,1.1,2014-08-30,0505,Aqua,MODIS,100,6.2,308.6,129.8,D,0
-17.7122,127.6958,344.8,1.1,1.1,2014-08-30,0505,Aqua,MODIS,90,6.2,303.7,49.5,D,0
-18.3281,129.9201,330.5,1,1,2014-08-30,0505,Aqua,MODIS,67,6.2,317.4,9.4,D,0
-18.831,130.3264,345.4,1,1,2014-08-30,0505,Aqua,MODIS,90,6.2,316.1,34.7,D,0
-18.8584,130.2631,346.4,1,1,2014-08-30,0505,Aqua,MODIS,91,6.2,314.4,39.1,D,0
-18.866,130.274,335.9,1,1,2014-08-30,0505,Aqua,MODIS,79,6.2,315.6,18.8,D,0
-18.3268,129.9295,339.5,1,1,2014-08-30,0505,Aqua,MODIS,85,6.2,318.2,22.9,D,0
-18.858,130.3307,332.8,1,1,2014-08-30,0505,Aqua,MODIS,67,6.2,316.5,13.4,D,0
-18.8687,130.2551,335.6,1,1,2014-08-30,0505,Aqua,MODIS,80,6.2,313,20.9,D,0
-18.8598,130.2537,353.5,1,1,2014-08-30,0505,Aqua,MODIS,96,6.2,313.8,55.3,D,0
-20.0361,134.3838,330,1.4,1.2,2014-08-30,0505,Aqua,MODIS,72,6.2,315.1,22.1,D,0
-16.4793,137.0133,328.4,2.4,1.5,2014-08-30,0505,Aqua,MODIS,74,6.2,313.4,44.6,D,0
-17.6338,138.2454,325.1,2.8,1.6,2014-08-30,0505,Aqua,MODIS,50,6.2,305.7,55.6,D,0
-18.9305,133.8766,346.8,1.3,1.1,2014-08-30,0505,Aqua,MODIS,91,6.2,315.4,61.3,D,0
-17.8204,138.3324,322.2,2.8,1.6,2014-08-30,0505,Aqua,MODIS,50,6.2,306.1,34.7,D,0
-17.6793,138.2622,349.5,2.8,1.6,2014-08-30,0505,Aqua,MODIS,94,6.2,309.8,208.3,D,0
-17.6649,138.2596,342.7,2.8,1.6,2014-08-30,0505,Aqua,MODIS,89,6.2,308.8,153.5,D,0
-17.6699,138.2332,328.8,2.8,1.6,2014-08-30,0505,Aqua,MODIS,40,6.2,308.9,60,D,0
-17.6769,138.2538,356.1,2.8,1.6,2014-08-30,0505,Aqua,MODIS,98,6.2,311.3,282.6,D,0
-17.6625,138.2511,332.5,2.8,1.6,2014-08-30,0505,Aqua,MODIS,52,6.2,308.7,82.5,D,0
-17.7514,138.1946,320.6,2.8,1.6,2014-08-30,0505,Aqua,MODIS,31,6.2,309.8,26.2,D,0
-17.6894,138.2092,327.9,2.8,1.6,2014-08-30,0505,Aqua,MODIS,43,6.2,308.1,53,D,0
-17.6943,138.1835,339.6,2.8,1.6,2014-08-30,0505,Aqua,MODIS,87,6.2,309.5,126.5,D,0
-17.6866,138.2011,336.2,2.8,1.6,2014-08-30,0505,Aqua,MODIS,84,6.2,307.9,107.3,D,0
-17.6913,138.1752,332.4,2.8,1.6,2014-08-30,0505,Aqua,MODIS,79,6.2,308.9,82.5,D,0
-17.203,135.2321,343.7,1.7,1.3,2014-08-30,0505,Aqua,MODIS,84,6.2,310.3,73.4,D,0
-17.1935,135.2412,345.1,1.7,1.3,2014-08-30,0505,Aqua,MODIS,90,6.2,312.7,79,D,0
-17.1962,135.2251,345.4,1.7,1.3,2014-08-30,0505,Aqua,MODIS,89,6.2,311,82.5,D,0
-17.6979,138.3213,322.4,2.9,1.6,2014-08-30,0505,Aqua,MODIS,43,6.2,308.1,31.1,D,0
-17.2117,135.2504,332.3,1.7,1.3,2014-08-30,0505,Aqua,MODIS,37,6.2,312.6,35.9,D,0
-17.1858,135.2621,336.8,1.7,1.3,2014-08-30,0505,Aqua,MODIS,35,6.2,311,45.5,D,0
-17.1793,135.2552,348,1.7,1.3,2014-08-30,0505,Aqua,MODIS,92,6.2,311.1,94.4,D,0
-17.1213,135.1875,326.3,1.7,1.3,2014-08-30,0505,Aqua,MODIS,59,6.2,307.3,29.7,D,0
-20.9637,119.6951,340.2,4.6,2,2014-08-30,0505,Aqua,MODIS,87,6.2,310.6,292.6,D,0
-20.9648,119.6908,342.8,4.6,2,2014-08-30,0505,Aqua,MODIS,89,6.2,310.7,327.6,D,0
-18.0524,123.6517,334.3,2.1,1.4,2014-08-30,0505,Aqua,MODIS,61,6.2,315.4,51,D,0
-20.9671,119.6502,328.8,4.6,2,2014-08-30,0505,Aqua,MODIS,73,6.2,310.8,150,D,0
-20.9685,119.6461,324.3,4.6,2,2014-08-30,0505,Aqua,MODIS,50,6.2,310.5,97.9,D,0
-20.9292,119.6879,329,4.6,2,2014-08-30,0505,Aqua,MODIS,70,6.2,310.8,131.1,D,0
-20.9294,119.6798,328.6,4.6,2,2014-08-30,0505,Aqua,MODIS,73,6.2,310.8,131.3,D,0
-18.9285,133.8889,328.7,1.3,1.1,2014-08-30,0505,Aqua,MODIS,67,6.2,312.8,18.5,D,0
-16.209,136.6694,344.4,2.3,1.5,2014-08-30,0505,Aqua,MODIS,90,6.2,313.9,122.7,D,0
-16.2006,136.6629,358.9,2.3,1.5,2014-08-30,0505,Aqua,MODIS,99,6.2,313.3,232.2,D,0
-16.1959,136.6669,346.4,2.3,1.5,2014-08-30,0505,Aqua,MODIS,91,6.2,311.7,133.7,D,0
-21.2551,125.7955,354.6,1.6,1.3,2014-08-30,0505,Aqua,MODIS,96,6.2,317.3,113.9,D,0
-21.2819,125.8628,329.7,1.6,1.3,2014-08-30,0505,Aqua,MODIS,47,6.2,315.2,19.7,D,0
-19.0113,122.176,342.7,2.8,1.6,2014-08-30,0505,Aqua,MODIS,86,6.2,314,144.1,D,0
-18.7736,128.6097,341.2,1.1,1,2014-08-30,0505,Aqua,MODIS,86,6.2,319.6,29.7,D,0
-19.014,122.1489,330.6,2.8,1.6,2014-08-30,0505,Aqua,MODIS,37,6.2,317,55.6,D,0
-21.2801,125.8785,332.3,1.6,1.3,2014-08-30,0505,Aqua,MODIS,75,6.2,316.9,29,D,0
-21.2783,125.8941,330.9,1.6,1.3,2014-08-30,0505,Aqua,MODIS,66,6.2,314.7,24.2,D,0
-19.0822,122.0805,336.7,2.9,1.6,2014-08-30,0505,Aqua,MODIS,82,6.2,314.7,110.2,D,0
-19.078,122.1008,330.9,2.9,1.6,2014-08-30,0505,Aqua,MODIS,57,6.2,312.6,71.3,D,0
-19.0809,122.0733,335.2,2.9,1.6,2014-08-30,0505,Aqua,MODIS,78,6.2,315.3,98.9,D,0
-21.2341,125.7767,326.5,1.6,1.3,2014-08-30,0505,Aqua,MODIS,49,6.2,314.5,17.3,D,0
-21.2533,125.8112,338.9,1.6,1.3,2014-08-30,0505,Aqua,MODIS,84,6.2,315.8,50.5,D,0
-16.6172,123.7196,339,2,1.4,2014-08-30,0506,Aqua,MODIS,67,6.2,310.3,80.2,D,0
-14.2905,129.5377,338.9,1,1,2014-08-30,0506,Aqua,MODIS,83,6.2,317.5,21.7,D,0
-16.6135,123.7333,333.1,2,1.4,2014-08-30,0506,Aqua,MODIS,57,6.2,312.7,52.7,D,0
-16.6259,123.7352,369.9,2,1.4,2014-08-30,0506,Aqua,MODIS,100,6.2,309.3,284.8,D,0
-16.6237,123.7536,335.4,2,1.4,2014-08-30,0506,Aqua,MODIS,56,6.2,309.4,58.9,D,0
-16.6215,123.7722,331.2,2,1.4,2014-08-30,0506,Aqua,MODIS,68,6.2,309.4,45.1,D,0
-16.6192,123.7908,325.8,2,1.4,2014-08-30,0506,Aqua,MODIS,45,6.2,309.7,26,D,0
-16.2378,128.2943,334.7,1.1,1,2014-08-30,0506,Aqua,MODIS,66,6.2,317,18.5,D,0
-16.6028,123.959,328.8,1.9,1.4,2014-08-30,0506,Aqua,MODIS,72,6.2,314,32,D,0
-16.6481,123.7805,333.9,2,1.4,2014-08-30,0506,Aqua,MODIS,75,6.2,307.9,61.2,D,0
-15.2091,125.658,332.3,1.4,1.2,2014-08-30,0506,Aqua,MODIS,35,6.2,316.1,19.2,D,0
-16.6273,123.9618,339.4,1.9,1.4,2014-08-30,0506,Aqua,MODIS,86,6.2,314.8,67,D,0
-15.2147,125.6653,334.1,1.4,1.2,2014-08-30,0506,Aqua,MODIS,53,6.2,314.9,25.9,D,0
-13.6615,130.571,326.8,1.1,1,2014-08-30,0506,Aqua,MODIS,52,6.2,310.8,13,D,0
-13.6629,130.5613,333.6,1.1,1,2014-08-30,0506,Aqua,MODIS,76,6.2,310.8,21.8,D,0
-16.6559,123.9288,343.7,1.9,1.4,2014-08-30,0506,Aqua,MODIS,90,6.2,315,87.2,D,0
-16.6746,123.8758,333.9,2,1.4,2014-08-30,0506,Aqua,MODIS,74,6.2,312.1,54.3,D,0
-16.6682,123.9305,342.2,1.9,1.4,2014-08-30,0506,Aqua,MODIS,81,6.2,316.4,82.4,D,0
-14.4548,129.5472,338.4,1,1,2014-08-30,0506,Aqua,MODIS,83,6.2,317.5,24.9,D,0
-16.6869,123.8777,334.3,2,1.4,2014-08-30,0506,Aqua,MODIS,78,6.2,309.5,58.1,D,0
-16.6825,123.9146,345.4,1.9,1.4,2014-08-30,0506,Aqua,MODIS,91,6.2,308.9,101.5,D,0
-16.6661,123.9482,335.6,1.9,1.4,2014-08-30,0506,Aqua,MODIS,62,6.2,313.3,55.5,D,0
-16.6783,123.9498,325.3,1.9,1.4,2014-08-30,0506,Aqua,MODIS,38,6.2,311.6,26.4,D,0
-16.6841,123.9397,328,1.9,1.4,2014-08-30,0506,Aqua,MODIS,35,6.2,311.5,35.2,D,0
-16.6804,123.9323,370.9,1.9,1.4,2014-08-30,0506,Aqua,MODIS,100,6.2,315.3,276.4,D,0
-15.6115,128.1795,334.2,1.1,1,2014-08-30,0506,Aqua,MODIS,58,6.2,315.9,17.8,D,0
-16.4692,123.968,326.2,1.9,1.3,2014-08-30,0506,Aqua,MODIS,68,6.2,310.8,33.7,D,0
-16.4551,123.9837,327.3,1.9,1.3,2014-08-30,0506,Aqua,MODIS,58,6.2,309.6,35.5,D,0
-16.4571,123.9664,340.3,1.9,1.3,2014-08-30,0506,Aqua,MODIS,87,6.2,313,82.6,D,0
-13.9109,130.0015,328,1,1,2014-08-30,0506,Aqua,MODIS,39,6.2,314.5,10.9,D,0
-13.9888,130.4736,331.5,1,1,2014-08-30,0506,Aqua,MODIS,71,6.2,319.2,8.4,D,0
-13.9976,130.4718,332.1,1,1,2014-08-30,0506,Aqua,MODIS,73,6.2,318.6,9,D,0
-17.8771,122.6398,333.9,2.5,1.5,2014-08-30,0506,Aqua,MODIS,65,6.2,315.4,75.7,D,0
-17.8746,122.6635,350.8,2.5,1.5,2014-08-30,0506,Aqua,MODIS,82,6.2,316,190.7,D,0
-16.6357,123.779,341.2,2,1.4,2014-08-30,0506,Aqua,MODIS,70,6.2,309.2,85,D,0
-16.6233,123.7775,334.9,2,1.4,2014-08-30,0506,Aqua,MODIS,47,6.2,309.2,55.3,D,0
-16.6275,123.7404,349.5,2,1.4,2014-08-30,0506,Aqua,MODIS,94,6.2,308,135.5,D,0
-16.6297,123.7209,327.3,2,1.4,2014-08-30,0506,Aqua,MODIS,31,6.2,304.9,40.4,D,0
-16.6151,123.7385,357.1,2,1.4,2014-08-30,0506,Aqua,MODIS,98,6.2,313.4,176.6,D,0
-16.6008,123.9768,336.9,1.9,1.4,2014-08-30,0506,Aqua,MODIS,84,6.2,311.6,63,D,0
-16.6098,123.9728,326.3,1.9,1.4,2014-08-30,0506,Aqua,MODIS,45,6.2,313.8,24.9,D,0
-16.5975,123.9715,334.4,1.9,1.4,2014-08-30,0506,Aqua,MODIS,80,6.2,311.2,53.3,D,0
-14.47,126.7084,335.9,1.2,1.1,2014-08-30,0506,Aqua,MODIS,81,6.2,318,26.1,D,0
-13.0796,134.2914,324.6,1.8,1.3,2014-08-30,0506,Aqua,MODIS,32,6.2,309.8,17.8,D,0
-13.162,135.2936,325.7,2.1,1.4,2014-08-30,0506,Aqua,MODIS,32,6.2,310,30.5,D,0
-13.1841,134.2827,323.1,1.7,1.3,2014-08-30,0506,Aqua,MODIS,46,6.2,311,15.2,D,0
-13.1725,134.2805,327.4,1.7,1.3,2014-08-30,0506,Aqua,MODIS,71,6.2,313,26.5,D,0
-13.1231,135.4444,324.1,2.1,1.4,2014-08-30,0506,Aqua,MODIS,62,6.2,307.8,31.7,D,0
-13.2309,135.1901,327.8,2,1.4,2014-08-30,0506,Aqua,MODIS,30,6.2,312.8,30.3,D,0
-13.2942,135.6732,331.2,2.2,1.4,2014-08-30,0506,Aqua,MODIS,77,6.2,307,59.2,D,0
-13.4428,133.3235,384.6,1.5,1.2,2014-08-30,0506,Aqua,MODIS,100,6.2,317.6,274.5,D,0
-13.4536,133.3254,337.9,1.5,1.2,2014-08-30,0506,Aqua,MODIS,71,6.2,315.9,36.1,D,0
-13.4321,133.3216,335.8,1.5,1.2,2014-08-30,0506,Aqua,MODIS,74,6.2,312,33.9,D,0
-14.8024,131.7483,341.6,1.1,1.1,2014-08-30,0506,Aqua,MODIS,86,6.2,316.1,34,D,0
-14.7483,131.7179,327.1,1.1,1.1,2014-08-30,0506,Aqua,MODIS,59,6.2,315.1,10.6,D,0
-14.7243,131.7464,335.2,1.1,1.1,2014-08-30,0506,Aqua,MODIS,68,6.2,312.4,22.5,D,0
-14.7112,131.7377,330,1.1,1.1,2014-08-30,0506,Aqua,MODIS,33,6.2,310.2,13.5,D,0
-13.0261,135.9507,318.8,2.3,1.5,2014-08-30,0506,Aqua,MODIS,31,6.2,303.4,25.2,D,0
-13.4514,133.3389,335,1.5,1.2,2014-08-30,0506,Aqua,MODIS,58,6.2,311.6,29,D,0
-13.4726,133.3618,333.4,1.5,1.2,2014-08-30,0506,Aqua,MODIS,64,6.2,313.7,27.3,D,0
-13.4704,133.3754,328,1.5,1.2,2014-08-30,0506,Aqua,MODIS,31,6.2,313.7,16.7,D,0
-14.8538,131.8169,357.7,1.1,1.1,2014-08-30,0506,Aqua,MODIS,98,6.2,317.2,74.4,D,0
-14.8555,131.8062,355.2,1.1,1.1,2014-08-30,0506,Aqua,MODIS,97,6.2,319.9,67.4,D,0
-14.8109,131.7772,345.9,1.1,1.1,2014-08-30,0506,Aqua,MODIS,90,6.2,318.4,38.8,D,0
-14.8126,131.7666,358.4,1.1,1.1,2014-08-30,0506,Aqua,MODIS,99,6.2,318.7,73.7,D,0
-14.8103,131.7606,333.7,1.1,1.1,2014-08-30,0506,Aqua,MODIS,76,6.2,316,19,D,0
-13.1065,134.318,322.1,1.8,1.3,2014-08-30,0506,Aqua,MODIS,31,6.2,310.6,10.1,D,0
-14.7752,131.7982,339.9,1.1,1.1,2014-08-30,0506,Aqua,MODIS,52,6.2,316.2,27.8,D,0
-14.8093,131.7878,336.3,1.1,1.1,2014-08-30,0506,Aqua,MODIS,69,6.2,319.2,17.5,D,0
-14.8071,131.7817,338.7,1.1,1.1,2014-08-30,0506,Aqua,MODIS,75,6.2,318.1,24.9,D,0
-14.8087,131.7711,353,1.1,1.1,2014-08-30,0506,Aqua,MODIS,95,6.2,318.3,60.6,D,0
-14.8008,131.7589,341,1.1,1.1,2014-08-30,0506,Aqua,MODIS,85,6.2,315,31.6,D,0
-14.7497,131.7722,335.6,1.1,1.1,2014-08-30,0506,Aqua,MODIS,48,6.2,312.8,21.3,D,0
-14.7401,131.7707,335.3,1.1,1.1,2014-08-30,0506,Aqua,MODIS,60,6.2,312.6,21.8,D,0
-14.7322,131.7586,335.4,1.1,1.1,2014-08-30,0506,Aqua,MODIS,68,6.2,314,22.6,D,0
-15.4218,134.7959,325.6,1.7,1.3,2014-08-30,0506,Aqua,MODIS,30,6.2,309.6,21.3,D,0
-12.8225,135.7478,322.9,2.3,1.5,2014-08-30,0506,Aqua,MODIS,63,6.2,305.6,37,D,0
-15.4266,134.791,325,1.7,1.3,2014-08-30,0506,Aqua,MODIS,35,6.2,308.8,19.4,D,0
-13.2554,134.2696,326.4,1.7,1.3,2014-08-30,0506,Aqua,MODIS,51,6.2,314,21.6,D,0
-13.3109,134.269,325.4,1.7,1.3,2014-08-30,0506,Aqua,MODIS,60,6.2,312.1,18.8,D,0
-13.0263,135.0089,333.6,2,1.4,2014-08-30,0506,Aqua,MODIS,53,6.2,310.1,47.1,D,0
-13.0509,135.0133,333,2,1.4,2014-08-30,0506,Aqua,MODIS,80,6.2,314.7,44.4,D,0
-12.8485,136.2049,319.6,2.5,1.5,2014-08-30,0506,Aqua,MODIS,40,6.2,303.1,31.6,D,0
-15.3914,135.1119,331.6,1.8,1.3,2014-08-30,0506,Aqua,MODIS,77,6.2,311,34.5,D,0
-15.3868,135.1056,324.6,1.8,1.3,2014-08-30,0506,Aqua,MODIS,48,6.2,311.6,13.6,D,0
-13.4814,133.3079,334.1,1.5,1.2,2014-08-30,0506,Aqua,MODIS,64,6.2,314.3,27.6,D,0
-13.2371,135.1528,327.2,2,1.4,2014-08-30,0506,Aqua,MODIS,31,6.2,310.4,31.1,D,0
-13.0479,135.0315,327.6,2,1.4,2014-08-30,0506,Aqua,MODIS,51,6.2,313.7,24.3,D,0
-12.8228,134.807,333.8,1.9,1.4,2014-08-30,0506,Aqua,MODIS,81,6.2,314.3,46.2,D,0
-13.4075,135.3894,324.2,2.1,1.4,2014-08-30,0506,Aqua,MODIS,56,6.2,307.2,30.3,D,0
-13.4792,133.3214,336,1.5,1.2,2014-08-30,0506,Aqua,MODIS,77,6.2,315.4,32.9,D,0
-13.2438,134.2675,331.7,1.7,1.3,2014-08-30,0506,Aqua,MODIS,70,6.2,311.7,36.7,D,0
-15.8301,130.4036,329.9,1,1,2014-08-30,0506,Aqua,MODIS,49,6.2,318.6,10.5,D,0
-15.821,130.4021,345.2,1,1,2014-08-30,0506,Aqua,MODIS,89,6.2,317.8,32.6,D,0
-15.8224,130.3927,346.2,1,1,2014-08-30,0506,Aqua,MODIS,90,6.2,318.6,35.5,D,0
-15.8252,130.3739,338.9,1,1,2014-08-30,0506,Aqua,MODIS,83,6.2,315.2,24.8,D,0
-15.7682,130.3841,334.3,1,1,2014-08-30,0506,Aqua,MODIS,72,6.2,316.3,16.2,D,0
-15.7695,130.3747,353.7,1,1,2014-08-30,0506,Aqua,MODIS,96,6.2,319.7,52.4,D,0
-13.0953,134.196,321.4,1.7,1.3,2014-08-30,0506,Aqua,MODIS,37,6.2,310.5,10.4,D,0
-13.3182,135.5328,331.2,2.2,1.4,2014-08-30,0506,Aqua,MODIS,77,6.2,308.2,57.8,D,0
-13.1377,134.2744,322.7,1.7,1.3,2014-08-30,0506,Aqua,MODIS,47,6.2,312.2,13.9,D,0
-13.0991,134.2455,328.7,1.7,1.3,2014-08-30,0506,Aqua,MODIS,71,6.2,310.5,28.3,D,0
-15.6962,130.2518,340.1,1,1,2014-08-30,0506,Aqua,MODIS,52,6.2,315.8,21.3,D,0
-15.6858,130.2598,365,1,1,2014-08-30,0506,Aqua,MODIS,100,6.2,317.2,80.7,D,0
-15.6747,130.2705,348.2,1,1,2014-08-30,0506,Aqua,MODIS,92,6.2,316.7,41.5,D,0
-15.6761,130.2612,346.2,1,1,2014-08-30,0506,Aqua,MODIS,90,6.2,318.5,39.2,D,0
-15.6802,130.233,328.3,1,1,2014-08-30,0506,Aqua,MODIS,65,6.2,311,13.1,D,0
-15.6657,130.2691,333.5,1,1,2014-08-30,0506,Aqua,MODIS,76,6.2,313.2,16.1,D,0
-15.6671,130.2597,353.9,1,1,2014-08-30,0506,Aqua,MODIS,96,6.2,315.5,55.6,D,0
-15.7115,130.2734,335.5,1,1,2014-08-30,0506,Aqua,MODIS,34,6.2,316.8,13.2,D,0
-15.688,130.3081,356,1,1,2014-08-30,0506,Aqua,MODIS,97,6.2,318.8,52.2,D,0
-15.672,130.2893,334,1,1,2014-08-30,0506,Aqua,MODIS,77,6.2,317.1,16.6,D,0
-15.6734,130.2799,337.5,1,1,2014-08-30,0506,Aqua,MODIS,82,6.2,316.2,22.4,D,0
-13.014,135.0068,327.3,2,1.4,2014-08-30,0506,Aqua,MODIS,66,6.2,307.9,32.1,D,0
-13.0964,134.2615,324.8,1.7,1.3,2014-08-30,0506,Aqua,MODIS,40,6.2,312,16.7,D,0
-15.4889,135.016,330,1.8,1.3,2014-08-30,0506,Aqua,MODIS,23,6.2,310.7,29.5,D,0
-13.8102,135.5801,337,2.1,1.4,2014-08-30,0506,Aqua,MODIS,81,6.2,302.6,85.4,D,0
-13.8335,135.5993,339.4,2.1,1.4,2014-08-30,0506,Aqua,MODIS,69,6.2,311.2,88.7,D,0
-13.8367,135.5796,347.3,2.1,1.4,2014-08-30,0506,Aqua,MODIS,92,6.2,310.1,131.6,D,0
-13.8481,135.5873,354.2,2.1,1.4,2014-08-30,0506,Aqua,MODIS,96,6.2,310.9,181.2,D,0
-13.8515,135.5679,343.7,2.1,1.4,2014-08-30,0506,Aqua,MODIS,90,6.2,308.9,115.3,D,0
-13.8175,135.6167,349.6,2.1,1.4,2014-08-30,0506,Aqua,MODIS,92,6.2,308.6,148.8,D,0
-13.8208,135.5969,385.9,2.1,1.4,2014-08-30,0506,Aqua,MODIS,100,6.2,317.1,504.4,D,0
-13.8263,135.5628,336.9,2.1,1.4,2014-08-30,0506,Aqua,MODIS,80,6.2,304.4,82.2,D,0
-13.8241,135.5772,383.8,2.1,1.4,2014-08-30,0506,Aqua,MODIS,100,6.2,314.4,476.4,D,0
-13.8115,135.5748,342.8,2.1,1.4,2014-08-30,0506,Aqua,MODIS,89,6.2,303.1,119.4,D,0
-14.1167,132.2234,328.7,1.2,1.1,2014-08-30,0506,Aqua,MODIS,60,6.2,315.5,11.6,D,0
-15.3427,135.15,328.7,1.8,1.3,2014-08-30,0506,Aqua,MODIS,43,6.2,312.8,25.1,D,0
-14.1265,132.225,328.2,1.2,1.1,2014-08-30,0506,Aqua,MODIS,48,6.2,316.2,11.9,D,0
-13.4988,130.8485,339.5,1.1,1,2014-08-30,0506,Aqua,MODIS,80,6.2,314.6,27.4,D,0
-13.5081,130.8499,346,1.1,1,2014-08-30,0506,Aqua,MODIS,90,6.2,316.5,38.9,D,0
-15.383,135.451,372.4,1.9,1.4,2014-08-30,0506,Aqua,MODIS,100,6.2,311.5,291.8,D,0
-15.3799,135.4688,332,1.9,1.4,2014-08-30,0506,Aqua,MODIS,58,6.2,309.1,43.5,D,0
-15.386,135.433,326.5,1.9,1.4,2014-08-30,0506,Aqua,MODIS,53,6.2,308.2,27.6,D,0
-13.7671,132.0373,346.4,1.2,1.1,2014-08-30,0506,Aqua,MODIS,90,6.2,320.1,42.9,D,0
-15.4547,133.1447,327.9,1.3,1.1,2014-08-30,0506,Aqua,MODIS,53,6.2,315.2,14.5,D,0
-15.4527,133.157,328.9,1.3,1.1,2014-08-30,0506,Aqua,MODIS,60,6.2,313.8,16.2,D,0
-13.5,131.0942,341.1,1.1,1,2014-08-30,0506,Aqua,MODIS,85,6.2,315.4,31.8,D,0
-13.7413,132.0605,338,1.2,1.1,2014-08-30,0506,Aqua,MODIS,78,6.2,316.8,25.8,D,0
-13.7551,131.5191,332.8,1.1,1.1,2014-08-30,0506,Aqua,MODIS,70,6.2,316.8,17.1,D,0
-13.5066,130.8598,341.2,1.1,1,2014-08-30,0506,Aqua,MODIS,83,6.2,318,27.8,D,0
-13.7556,132.0469,332.9,1.2,1.1,2014-08-30,0506,Aqua,MODIS,75,6.2,317.9,14,D,0
-13.4705,132.4889,341.9,1.3,1.1,2014-08-30,0506,Aqua,MODIS,74,6.2,317.1,40.5,D,0
-13.4484,132.4972,333.5,1.3,1.1,2014-08-30,0506,Aqua,MODIS,34,6.2,314.1,23.1,D,0
-13.8405,136.649,319.3,2.6,1.5,2014-08-30,0506,Aqua,MODIS,36,6.2,305,31.5,D,0
-13.4666,130.8983,325.8,1.1,1,2014-08-30,0506,Aqua,MODIS,45,6.2,313.7,9.2,D,0
-13.4712,130.9048,341.3,1.1,1,2014-08-30,0506,Aqua,MODIS,86,6.2,315.5,30.8,D,0
-13.8451,136.6552,321.2,2.6,1.5,2014-08-30,0506,Aqua,MODIS,60,6.2,304.9,41.6,D,0
-13.743,132.0493,350.4,1.2,1.1,2014-08-30,0506,Aqua,MODIS,93,6.2,317.3,55.8,D,0
-14.4593,133.2277,327.4,1.4,1.2,2014-08-30,0506,Aqua,MODIS,67,6.2,315,11.5,D,0
-13.7923,132.3329,331.5,1.3,1.1,2014-08-30,0506,Aqua,MODIS,53,6.2,318.3,14,D,0
-15.4244,133.082,331.1,1.3,1.1,2014-08-30,0506,Aqua,MODIS,62,6.2,313.7,19.4,D,0
-13.5144,130.8712,333.9,1.1,1,2014-08-30,0506,Aqua,MODIS,63,6.2,316.4,15.2,D,0
-13.465,132.3914,335.9,1.3,1.1,2014-08-30,0506,Aqua,MODIS,80,6.2,317.1,23.7,D,0
-13.4631,132.4033,330.5,1.3,1.1,2014-08-30,0506,Aqua,MODIS,50,6.2,318.1,13.1,D,0
-13.8009,135.7157,321.9,2.2,1.4,2014-08-30,0506,Aqua,MODIS,34,6.2,304.7,34.6,D,0
-15.311,132.9567,332.2,1.3,1.1,2014-08-30,0506,Aqua,MODIS,76,6.2,314.3,19.1,D,0
-15.3636,135.1715,331,1.9,1.3,2014-08-30,0506,Aqua,MODIS,54,6.2,311.9,33.4,D,0
-15.3129,132.9447,327.6,1.3,1.1,2014-08-30,0506,Aqua,MODIS,55,6.2,314.4,10.5,D,0
-13.4091,132.4976,331.2,1.3,1.1,2014-08-30,0506,Aqua,MODIS,58,6.2,313.3,19.7,D,0
-15.546,133.015,333.5,1.3,1.1,2014-08-30,0506,Aqua,MODIS,20,6.2,314.7,21.2,D,0
-13.497,131.1145,333.6,1.1,1,2014-08-30,0506,Aqua,MODIS,68,6.2,314.5,18.8,D,0
-13.8184,135.6833,334,2.2,1.4,2014-08-30,0506,Aqua,MODIS,81,6.2,308.5,76.7,D,0
-13.8218,135.6635,336.7,2.2,1.4,2014-08-30,0506,Aqua,MODIS,84,6.2,308,85.8,D,0
-13.8022,135.7007,348.3,2.2,1.4,2014-08-30,0506,Aqua,MODIS,93,6.2,308.9,153,D,0
-13.8056,135.6808,339.1,2.2,1.4,2014-08-30,0506,Aqua,MODIS,86,6.2,307.8,97.6,D,0
-13.7894,135.6984,342.4,2.2,1.4,2014-08-30,0506,Aqua,MODIS,89,6.2,304.8,119.5,D,0
-13.7929,135.6785,337.3,2.2,1.4,2014-08-30,0506,Aqua,MODIS,84,6.2,304.8,90.3,D,0
-13.8203,135.6783,333.9,2.2,1.4,2014-08-30,0506,Aqua,MODIS,64,6.2,308.4,69.2,D,0
-13.8043,135.6957,342.4,2.2,1.4,2014-08-30,0506,Aqua,MODIS,89,6.2,308.6,118.8,D,0
-13.8076,135.6759,335.3,2.2,1.4,2014-08-30,0506,Aqua,MODIS,66,6.2,306.9,77.2,D,0
-13.7915,135.6934,351.5,2.2,1.4,2014-08-30,0506,Aqua,MODIS,95,6.2,306.1,176.9,D,0
-13.7948,135.6735,331.1,2.2,1.4,2014-08-30,0506,Aqua,MODIS,60,6.2,305.3,62.8,D,0
-13.4985,131.1044,338,1.1,1,2014-08-30,0506,Aqua,MODIS,82,6.2,316.3,26.1,D,0
-13.5036,130.8796,331.5,1.1,1,2014-08-30,0506,Aqua,MODIS,16,6.2,317.4,11,D,0
-13.8287,135.6241,322.7,2.1,1.4,2014-08-30,0506,Aqua,MODIS,34,6.2,308.3,31.1,D,0
-13.8355,135.5848,363.7,2.1,1.4,2014-08-30,0506,Aqua,MODIS,100,6.2,311.8,256.6,D,0
-13.816,135.6218,332.5,2.1,1.4,2014-08-30,0506,Aqua,MODIS,53,6.2,306.7,60,D,0
-13.8194,135.6021,381.5,2.1,1.4,2014-08-30,0506,Aqua,MODIS,100,6.2,315.6,444.7,D,0
-13.8229,135.5825,391,2.1,1.4,2014-08-30,0506,Aqua,MODIS,100,6.2,316.8,577.1,D,0
-15.2071,125.5914,341.5,1.4,1.2,2014-08-30,0506,Aqua,MODIS,87,6.2,312.7,50.5,D,0
-14.4955,129.5884,337.2,1,1,2014-08-30,0506,Aqua,MODIS,82,6.2,315.1,23,D,0
-14.5233,129.9051,350.3,1,1,2014-08-30,0506,Aqua,MODIS,94,6.2,317.2,44.3,D,0
-15.5941,128.1802,361.1,1.1,1,2014-08-30,0506,Aqua,MODIS,100,6.2,315.5,76.8,D,0
-13.8548,130.0051,333.1,1,1,2014-08-30,0506,Aqua,MODIS,75,6.2,316.2,14.3,D,0
-15.1982,125.5768,375.1,1.4,1.2,2014-08-30,0506,Aqua,MODIS,100,6.2,318,195.5,D,0
-17.375,123.8983,327,2,1.4,2014-08-30,0506,Aqua,MODIS,34,6.2,316.2,17.9,D,0
-15.1965,125.5898,351.6,1.4,1.2,2014-08-30,0506,Aqua,MODIS,95,6.2,317.1,80.2,D,0
-14.9319,126.1371,338.9,1.3,1.1,2014-08-30,0506,Aqua,MODIS,84,6.2,308.6,34.3,D,0
-14.0124,130.186,333.1,1,1,2014-08-30,0506,Aqua,MODIS,56,6.2,314,14.1,D,0
-14.9304,126.149,368.6,1.3,1.1,2014-08-30,0506,Aqua,MODIS,100,6.2,317.5,134.7,D,0
-16.1885,128.3313,337,1,1,2014-08-30,0506,Aqua,MODIS,81,6.2,318.7,20.6,D,0
-16.1898,128.3215,336.7,1.1,1,2014-08-30,0506,Aqua,MODIS,76,6.2,319.6,20.4,D,0
-16.1608,128.3272,330.4,1,1,2014-08-30,0506,Aqua,MODIS,37,6.2,317.5,13,D,0
-15.729,130.3433,335.9,1,1,2014-08-30,0506,Aqua,MODIS,75,6.2,316.3,18.3,D,0
-14.0033,130.1846,332,1,1,2014-08-30,0506,Aqua,MODIS,48,6.2,316.4,12.2,D,0
-14.9421,126.1385,336.3,1.3,1.1,2014-08-30,0506,Aqua,MODIS,78,6.2,313,28.5,D,0
-14.4995,129.5607,330.6,1,1,2014-08-30,0506,Aqua,MODIS,72,6.2,315.2,12.8,D,0
-14.5008,129.5515,332.8,1,1,2014-08-30,0506,Aqua,MODIS,76,6.2,316,15.2,D,0
-15.6866,130.3175,356.8,1,1,2014-08-30,0506,Aqua,MODIS,98,6.2,318.5,56.3,D,0
-14.9257,126.1846,337.3,1.3,1.1,2014-08-30,0506,Aqua,MODIS,82,6.2,316.4,31,D,0
-14.9242,126.1964,331.8,1.3,1.1,2014-08-30,0506,Aqua,MODIS,75,6.2,316.3,20.3,D,0
-16.0659,128.3463,324.7,1,1,2014-08-30,0506,Aqua,MODIS,47,6.2,313.9,8.1,D,0
-15.2054,125.6045,330.5,1.4,1.2,2014-08-30,0506,Aqua,MODIS,50,6.2,311.3,20.8,D,0
-14.0138,130.1766,340.4,1,1,2014-08-30,0506,Aqua,MODIS,85,6.2,316.6,26,D,0
-14.9335,126.1252,337,1.3,1.1,2014-08-30,0506,Aqua,MODIS,79,6.2,310.4,30.3,D,0
-14.0371,129.8267,332.8,1,1,2014-08-30,0506,Aqua,MODIS,58,6.2,314.6,17.6,D,0
-14.9273,126.1728,338.9,1.3,1.1,2014-08-30,0506,Aqua,MODIS,84,6.2,318,33.4,D,0
-13.8271,130.0677,331.5,1,1,2014-08-30,0506,Aqua,MODIS,72,6.2,315.3,16,D,0
-14.9288,126.1609,359.1,1.3,1.1,2014-08-30,0506,Aqua,MODIS,99,6.2,320.2,94.9,D,0
-13.8285,130.0583,332.2,1,1,2014-08-30,0506,Aqua,MODIS,74,6.2,316.9,16.6,D,0
-15.156,125.5704,336.3,1.4,1.2,2014-08-30,0506,Aqua,MODIS,58,6.2,313.1,32.7,D,0
-15.1438,125.5823,348.7,1.4,1.2,2014-08-30,0506,Aqua,MODIS,93,6.2,313.9,67.2,D,0
-15.1454,125.5695,340.7,1.4,1.2,2014-08-30,0506,Aqua,MODIS,76,6.2,313.2,44.7,D,0
-15.1471,125.5559,338,1.4,1.2,2014-08-30,0506,Aqua,MODIS,69,6.2,309.6,42,D,0
-15.6033,128.1816,338.6,1.1,1,2014-08-30,0506,Aqua,MODIS,79,6.2,317.8,24.8,D,0
-15.5928,128.1899,335.8,1.1,1,2014-08-30,0506,Aqua,MODIS,60,6.2,316.9,18.4,D,0
-15.8434,135.6047,350.5,2,1.4,2014-08-30,0506,Aqua,MODIS,94,6.2,309.8,130.4,D,0
-13.3382,134.1769,334.7,1.7,1.3,2014-08-30,0506,Aqua,MODIS,81,6.2,312.6,44.9,D,0
-15.8332,135.6085,328.7,2,1.4,2014-08-30,0506,Aqua,MODIS,53,6.2,306.8,36,D,0
-14.9563,134.7736,338.3,1.8,1.3,2014-08-30,0506,Aqua,MODIS,85,6.2,310.8,61.1,D,0
-16.0525,136.5342,326.2,2.3,1.5,2014-08-30,0506,Aqua,MODIS,23,6.2,306.8,34.4,D,0
-14.5907,134.8078,352.2,1.8,1.3,2014-08-30,0506,Aqua,MODIS,95,6.2,311.7,120.9,D,0
-16.1721,135.8484,327.9,2,1.4,2014-08-30,0506,Aqua,MODIS,68,6.2,313,24,D,0
-14.5956,134.8015,367.5,1.8,1.3,2014-08-30,0506,Aqua,MODIS,100,6.2,314.3,219.3,D,0
-16.1835,135.8453,326.9,2,1.4,2014-08-30,0506,Aqua,MODIS,54,6.2,313.3,20.2,D,0
-15.3769,135.4868,336.2,2,1.4,2014-08-30,0506,Aqua,MODIS,83,6.2,309,63,D,0
-14.6025,134.8098,330.4,1.8,1.3,2014-08-30,0506,Aqua,MODIS,66,6.2,314.8,33.2,D,0
-15.3738,135.5049,327.6,2,1.4,2014-08-30,0506,Aqua,MODIS,62,6.2,308,33.2,D,0
-12.8052,135.3034,328.2,2.1,1.4,2014-08-30,0506,Aqua,MODIS,74,6.2,313.1,38.7,D,0
-16.0452,136.5764,332.1,2.3,1.5,2014-08-30,0506,Aqua,MODIS,63,6.2,309.2,56.5,D,0
-14.9447,134.7715,335,1.8,1.3,2014-08-30,0506,Aqua,MODIS,81,6.2,309.5,51.8,D,0
-15.475,135.6816,327.9,2,1.4,2014-08-30,0506,Aqua,MODIS,46,6.2,310.7,27.6,D,0
-13.3283,134.1857,323.2,1.7,1.3,2014-08-30,0506,Aqua,MODIS,52,6.2,311,15.3,D,0
-15.8758,135.6535,327.4,2,1.4,2014-08-30,0506,Aqua,MODIS,37,6.2,312.5,25.6,D,0
-14.5936,134.7913,349.2,1.8,1.3,2014-08-30,0506,Aqua,MODIS,93,6.2,311.9,104.4,D,0
-15.8485,135.5931,326.9,1.9,1.4,2014-08-30,0506,Aqua,MODIS,50,6.2,308.7,30.2,D,0
-12.754,135.9243,323.7,2.4,1.5,2014-08-30,0506,Aqua,MODIS,35,6.2,305.3,36.3,D,0
-12.7115,135.2426,327.9,2.1,1.4,2014-08-30,0506,Aqua,MODIS,52,6.2,312.6,31.1,D,0
-12.7383,135.8552,320.3,2.3,1.5,2014-08-30,0506,Aqua,MODIS,54,6.2,305,29.9,D,0
-12.5436,135.9191,320.6,2.4,1.5,2014-08-30,0506,Aqua,MODIS,40,6.2,306.5,26.1,D,0
-14.2569,133.7115,338.7,1.5,1.2,2014-08-30,0506,Aqua,MODIS,70,6.2,316.5,42.8,D,0
-12.7632,135.9336,324.3,2.4,1.5,2014-08-30,0506,Aqua,MODIS,64,6.2,305.2,43,D,0
-15.8423,135.6284,335.2,2,1.4,2014-08-30,0506,Aqua,MODIS,71,6.2,311.7,55.3,D,0
-15.83,135.6265,331.4,2,1.4,2014-08-30,0506,Aqua,MODIS,68,6.2,308.8,44.6,D,0
-13.0927,134.2116,323.9,1.7,1.3,2014-08-30,0506,Aqua,MODIS,41,6.2,310.8,15.4,D,0
-15.8455,135.6103,349.6,2,1.4,2014-08-30,0506,Aqua,MODIS,94,6.2,311.1,125.3,D,0
-15.4791,135.6689,328.1,2,1.4,2014-08-30,0506,Aqua,MODIS,55,6.2,313.1,27.7,D,0
-13.383,135.2279,343.7,2,1.4,2014-08-30,0506,Aqua,MODIS,68,6.2,309.6,98.5,D,0
-16.0557,135.9181,325.8,2,1.4,2014-08-30,0506,Aqua,MODIS,55,6.2,312.7,22.4,D,0
-14.9617,134.7413,323.5,1.8,1.3,2014-08-30,0506,Aqua,MODIS,39,6.2,309.9,15.4,D,0
-14.9474,134.7553,350.9,1.8,1.3,2014-08-30,0506,Aqua,MODIS,94,6.2,310,116,D,0
-15.8726,135.6719,336.2,2,1.4,2014-08-30,0506,Aqua,MODIS,82,6.2,311,58.5,D,0
-15.8527,135.6244,328.6,2,1.4,2014-08-30,0506,Aqua,MODIS,33,6.2,312.8,32.6,D,0
-12.8085,135.2841,328.9,2.1,1.4,2014-08-30,0506,Aqua,MODIS,75,6.2,311.8,42,D,0
-12.9067,135.4083,320.3,2.1,1.4,2014-08-30,0506,Aqua,MODIS,45,6.2,307.1,18.7,D,0
-15.8404,135.6224,348.2,2,1.4,2014-08-30,0506,Aqua,MODIS,93,6.2,311.7,117.6,D,0
-13.3356,134.1925,342.6,1.7,1.3,2014-08-30,0506,Aqua,MODIS,89,6.2,314.7,73.9,D,0
-14.959,134.7575,336,1.8,1.3,2014-08-30,0506,Aqua,MODIS,82,6.2,311.2,52.5,D,0
-13.2191,135.4277,322.8,2.1,1.4,2014-08-30,0506,Aqua,MODIS,47,6.2,309.2,24.5,D,0
-15.9096,136.5869,325.7,2.3,1.5,2014-08-30,0506,Aqua,MODIS,61,6.2,308.4,38.3,D,0
-16.0539,136.583,324.9,2.3,1.5,2014-08-30,0506,Aqua,MODIS,42,6.2,306.9,32.1,D,0
-16.0963,135.9063,326.8,2,1.4,2014-08-30,0506,Aqua,MODIS,57,6.2,313.2,24,D,0
-12.6989,135.2405,327.1,2.1,1.4,2014-08-30,0506,Aqua,MODIS,40,6.2,311.8,27.4,D,0
-12.374,133.9587,333.8,1.7,1.3,2014-08-30,0507,Aqua,MODIS,79,6.2,311.2,42.4,D,0
-11.8337,133.1732,352.6,1.5,1.2,2014-08-30,0507,Aqua,MODIS,95,6.2,310.6,97.9,D,0
-12.5378,134.2277,341.6,1.8,1.3,2014-08-30,0507,Aqua,MODIS,88,6.2,314.8,70.3,D,0
-12.3766,133.8005,340.9,1.7,1.3,2014-08-30,0507,Aqua,MODIS,87,6.2,309.2,64.8,D,0
-12.3755,133.8095,333.9,1.7,1.3,2014-08-30,0507,Aqua,MODIS,79,6.2,309.4,43.6,D,0
-12.5549,134.0503,341.6,1.7,1.3,2014-08-30,0507,Aqua,MODIS,87,6.2,314.7,68.5,D,0
-12.6946,131.8908,328.8,1.2,1.1,2014-08-30,0507,Aqua,MODIS,21,6.2,314.4,13.4,D,0
-12.4249,133.9352,325.7,1.7,1.3,2014-08-30,0507,Aqua,MODIS,64,6.2,310,21,D,0
-12.273,134.9583,323,2,1.4,2014-08-30,0507,Aqua,MODIS,46,6.2,304.5,23.7,D,0
-12.2606,134.9562,321.4,2,1.4,2014-08-30,0507,Aqua,MODIS,21,6.2,305.9,22.3,D,0
-12.8329,131.5252,337.5,1.2,1.1,2014-08-30,0507,Aqua,MODIS,81,6.2,317.7,26,D,0
-12.3527,134.7111,336.5,1.9,1.4,2014-08-30,0507,Aqua,MODIS,83,6.2,310.8,68.4,D,0
-12.2315,134.0679,327.5,1.8,1.3,2014-08-30,0507,Aqua,MODIS,46,6.2,312.3,22.1,D,0
-12.4944,131.5231,330.1,1.2,1.1,2014-08-30,0507,Aqua,MODIS,73,6.2,312.4,19.2,D,0
-12.165,134.4815,326.9,1.9,1.3,2014-08-30,0507,Aqua,MODIS,55,6.2,307,34.2,D,0
-12.2694,134.9714,321.7,2,1.4,2014-08-30,0507,Aqua,MODIS,46,6.2,304.3,22.6,D,0
-12.3625,133.9567,325.8,1.7,1.3,2014-08-30,0507,Aqua,MODIS,64,6.2,309.3,22,D,0
-11.8359,133.1593,326,1.5,1.2,2014-08-30,0507,Aqua,MODIS,47,6.2,308.2,14.5,D,0
-12.7242,131.8957,336,1.2,1.1,2014-08-30,0507,Aqua,MODIS,50,6.2,315.6,21.7,D,0
-12.3536,133.9393,340.1,1.7,1.3,2014-08-30,0507,Aqua,MODIS,86,6.2,309,64.6,D,0
-12.3651,133.9409,324.9,1.7,1.3,2014-08-30,0507,Aqua,MODIS,61,6.2,310,19.4,D,0
-11.8309,133.1816,335.6,1.5,1.2,2014-08-30,0507,Aqua,MODIS,87,6.2,308.6,38.5,D,0
-12.3778,133.7232,328.1,1.6,1.3,2014-08-30,0507,Aqua,MODIS,66,6.2,313.1,20.3,D,0
-12.3879,133.8025,324.3,1.7,1.3,2014-08-30,0507,Aqua,MODIS,44,6.2,309,17.5,D,0
-12.5351,134.2441,328.7,1.8,1.3,2014-08-30,0507,Aqua,MODIS,72,6.2,312.4,26.6,D,0
-12.4398,133.8428,323.3,1.7,1.3,2014-08-30,0507,Aqua,MODIS,50,6.2,310.8,14.6,D,0
-12.0412,134.0776,328.1,1.8,1.3,2014-08-30,0507,Aqua,MODIS,45,6.2,308.3,27.2,D,0
-12.4722,131.1987,327.7,1.1,1.1,2014-08-30,0507,Aqua,MODIS,70,6.2,311.7,14.4,D,0
-12.5183,135.2081,323.1,2.1,1.4,2014-08-30,0507,Aqua,MODIS,49,6.2,307.7,17.9,D,0
-11.8331,133.1676,341.7,1.5,1.2,2014-08-30,0507,Aqua,MODIS,91,6.2,310.5,57,D,0
-12.4831,131.5323,334.3,1.2,1.1,2014-08-30,0507,Aqua,MODIS,79,6.2,312,25.5,D,0
-12.1687,134.4877,322.3,1.9,1.3,2014-08-30,0507,Aqua,MODIS,28,6.2,308.1,21.8,D,0
-12.2416,135.451,325.3,2.2,1.4,2014-08-30,0507,Aqua,MODIS,67,6.2,308.3,34.2,D,0
-12.744,131.8989,334.1,1.2,1.1,2014-08-30,0507,Aqua,MODIS,68,6.2,316.8,17.6,D,0
-12.2343,134.4637,327.9,1.9,1.3,2014-08-30,0507,Aqua,MODIS,41,6.2,309.8,30.4,D,0
-12.519,135.2154,328.9,2.1,1.4,2014-08-30,0507,Aqua,MODIS,75,6.2,307.9,38.5,D,0
-12.3449,134.5071,327.6,1.9,1.3,2014-08-30,0507,Aqua,MODIS,67,6.2,309.9,33.7,D,0
-12.3486,134.5133,326,1.9,1.3,2014-08-30,0507,Aqua,MODIS,66,6.2,309,27.3,D,0
-12.3569,134.5092,324.2,1.9,1.3,2014-08-30,0507,Aqua,MODIS,43,6.2,308.7,21.5,D,0
-12.2075,134.4769,328.2,1.9,1.3,2014-08-30,0507,Aqua,MODIS,25,6.2,308.9,30.3,D,0
-12.3762,133.7318,328.5,1.6,1.3,2014-08-30,0507,Aqua,MODIS,70,6.2,312.7,23.9,D,0
-12.6963,131.8796,330.4,1.2,1.1,2014-08-30,0507,Aqua,MODIS,31,6.2,316.8,15.2,D,0
-12.6643,131.8792,351.9,1.2,1.1,2014-08-30,0507,Aqua,MODIS,95,6.2,315.6,69.3,D,0
-12.1716,134.4706,323.9,1.9,1.3,2014-08-30,0507,Aqua,MODIS,50,6.2,306.1,26.8,D,0
-12.2725,134.9528,320.7,2,1.4,2014-08-30,0507,Aqua,MODIS,31,6.2,304.6,22,D,0
-12.4552,134.0913,326.7,1.7,1.3,2014-08-30,0507,Aqua,MODIS,42,6.2,311.3,22,D,0
-12.0561,133.7221,327.3,1.7,1.3,2014-08-30,0507,Aqua,MODIS,43,6.2,311.5,19.6,D,0
-12.4847,131.5215,333.6,1.2,1.1,2014-08-30,0507,Aqua,MODIS,78,6.2,313.1,23.8,D,0
-12.5152,135.2272,324.8,2.1,1.4,2014-08-30,0507,Aqua,MODIS,53,6.2,308.9,24.4,D,0
-12.274,134.1467,331,1.8,1.3,2014-08-30,0507,Aqua,MODIS,75,6.2,310.8,40.4,D,0
-12.4526,134.1075,328.5,1.7,1.3,2014-08-30,0507,Aqua,MODIS,55,6.2,309.3,27.1,D,0
-12.8708,132.3901,336.5,1.3,1.1,2014-08-30,0507,Aqua,MODIS,74,6.2,317.2,28.4,D,0
-12.0981,133.6056,330.8,1.6,1.3,2014-08-30,0507,Aqua,MODIS,73,6.2,314.4,25.5,D,0
-12.3779,133.7941,327.8,1.7,1.3,2014-08-30,0507,Aqua,MODIS,62,6.2,308.9,24.9,D,0
-12.4564,134.1574,355.6,1.8,1.3,2014-08-30,0507,Aqua,MODIS,97,6.2,315.2,139.3,D,0
-12.3535,133.9485,331.4,1.7,1.3,2014-08-30,0507,Aqua,MODIS,76,6.2,308.9,36.9,D,0
-12.4467,131.4987,344.1,1.2,1.1,2014-08-30,0507,Aqua,MODIS,89,6.2,316.4,45.6,D,0
-12.3559,133.933,333.3,1.7,1.3,2014-08-30,0507,Aqua,MODIS,78,6.2,309.6,42.4,D,0
-12.0326,134.087,324.5,1.8,1.3,2014-08-30,0507,Aqua,MODIS,24,6.2,308.6,17,D,0
-12.0914,132.7868,354,1.4,1.2,2014-08-30,0507,Aqua,MODIS,96,6.2,310.1,96.3,D,0
-12.246,136.4181,323.6,2.6,1.6,2014-08-30,0507,Aqua,MODIS,60,6.2,303.7,47.7,D,0
-12.2011,134.7712,325.7,2,1.4,2014-08-30,0507,Aqua,MODIS,63,6.2,304.3,35.1,D,0
-12.1977,134.7637,328.6,2,1.4,2014-08-30,0507,Aqua,MODIS,72,6.2,305.2,44.7,D,0
-12.1636,134.666,327.7,1.9,1.4,2014-08-30,0507,Aqua,MODIS,37,6.2,306.7,32.5,D,0
-12.1666,134.6484,332.5,1.9,1.4,2014-08-30,0507,Aqua,MODIS,69,6.2,307,50,D,0
-12.1544,134.6463,344.9,1.9,1.4,2014-08-30,0507,Aqua,MODIS,90,6.2,308,103.4,D,0
-12.1422,134.6441,324.2,1.9,1.4,2014-08-30,0507,Aqua,MODIS,51,6.2,304.2,24.1,D,0
-12.149,134.6579,327.9,1.9,1.4,2014-08-30,0507,Aqua,MODIS,63,6.2,306.3,35.3,D,0
-12.1519,134.6402,328.8,1.9,1.4,2014-08-30,0507,Aqua,MODIS,65,6.2,307.1,37.5,D,0
-12.1452,134.6266,322.6,1.9,1.4,2014-08-30,0507,Aqua,MODIS,27,6.2,305.3,20,D,0
-11.3154,132.4585,335.3,1.4,1.2,2014-08-30,0507,Aqua,MODIS,51,6.2,307.9,35.7,D,0
-11.3005,132.4172,337.2,1.4,1.2,2014-08-30,0507,Aqua,MODIS,65,6.2,309.5,37.7,D,0
-11.3025,132.4047,336.3,1.4,1.2,2014-08-30,0507,Aqua,MODIS,45,6.2,307.4,33.7,D,0
-12.1129,132.8572,363.7,1.4,1.2,2014-08-30,0507,Aqua,MODIS,100,6.2,317.3,134.9,D,0
-12.1149,132.8442,336.3,1.4,1.2,2014-08-30,0507,Aqua,MODIS,77,6.2,314.5,33.3,D,0
-12.1022,132.8555,340.8,1.4,1.2,2014-08-30,0507,Aqua,MODIS,80,6.2,307.1,50.3,D,0
-12.1043,132.8424,353.6,1.4,1.2,2014-08-30,0507,Aqua,MODIS,96,6.2,309.2,93.5,D,0
-12.1064,132.8294,345.8,1.4,1.2,2014-08-30,0507,Aqua,MODIS,91,6.2,311.6,63,D,0
-12.0958,132.8276,351.4,1.4,1.2,2014-08-30,0507,Aqua,MODIS,95,6.2,307.8,88.8,D,0
-11.7766,133.0307,332.6,1.5,1.2,2014-08-30,0507,Aqua,MODIS,66,6.2,311.2,28.8,D,0
-11.3768,132.3396,327.5,1.4,1.2,2014-08-30,0507,Aqua,MODIS,65,6.2,308.3,17.2,D,0
-12.2371,132.8908,331.9,1.4,1.2,2014-08-30,0507,Aqua,MODIS,32,6.2,313.8,21.3,D,0
-12.1108,132.8704,366.1,1.4,1.2,2014-08-30,0507,Aqua,MODIS,100,6.2,318,148.8,D,0
-12.1001,132.8687,353.1,1.4,1.2,2014-08-30,0507,Aqua,MODIS,96,6.2,311.3,92.4,D,0
-11.2536,132.0815,329.9,1.3,1.1,2014-08-30,0507,Aqua,MODIS,63,6.2,306.5,22,D,0
-12.2949,135.9748,326.2,2.4,1.5,2014-08-30,0507,Aqua,MODIS,44,6.2,302.9,53,D,0
-12.2814,135.9727,324.2,2.4,1.5,2014-08-30,0507,Aqua,MODIS,48,6.2,301.5,47.5,D,0
-12.2884,135.9685,337,2.4,1.5,2014-08-30,0507,Aqua,MODIS,73,6.2,304,105.6,D,0
-11.4824,132.985,320.5,1.5,1.2,2014-08-30,0507,Aqua,MODIS,46,6.2,308.1,14.2,D,0
-12.0808,132.7851,333.1,1.4,1.2,2014-08-30,0507,Aqua,MODIS,35,6.2,306.3,33.9,D,0
-12.0296,136.4403,323.6,2.7,1.6,2014-08-30,0507,Aqua,MODIS,63,6.2,298.3,59.6,D,0
-12.2852,135.9507,320.6,2.4,1.5,2014-08-30,0507,Aqua,MODIS,47,6.2,302.2,33.2,D,0
-12.2241,133.0387,330.6,1.5,1.2,2014-08-30,0507,Aqua,MODIS,56,6.2,316.3,18.3,D,0
-12.0265,136.4347,327.7,2.7,1.6,2014-08-30,0507,Aqua,MODIS,72,6.2,298.6,81.2,D,0
-13.0081,132.5062,336.8,1.3,1.1,2014-08-30,0507,Aqua,MODIS,64,6.2,316.7,28.1,D,0
-12.4861,130.6141,330.8,1.1,1,2014-08-30,0507,Aqua,MODIS,63,6.2,310.1,16.2,D,0
-12.435,133.6564,334.3,1.6,1.3,2014-08-30,0507,Aqua,MODIS,79,6.2,313.4,37.3,D,0
-12.6626,131.8905,343.4,1.2,1.1,2014-08-30,0507,Aqua,MODIS,88,6.2,317.8,44.6,D,0
-12.4438,133.673,328,1.6,1.3,2014-08-30,0507,Aqua,MODIS,61,6.2,314,22,D,0
-12.4462,133.6583,337,1.6,1.3,2014-08-30,0507,Aqua,MODIS,83,6.2,314.3,46.9,D,0
-11.3061,132.3341,323.1,1.4,1.2,2014-08-30,0507,Aqua,MODIS,15,6.2,308.8,12.6,D,0
-12.1367,134.3541,346.7,1.8,1.3,2014-08-30,0507,Aqua,MODIS,91,6.2,307,108.9,D,0
-12.1395,134.3372,322.8,1.8,1.3,2014-08-30,0507,Aqua,MODIS,45,6.2,305.2,24.5,D,0
-12.1422,134.3204,324.6,1.8,1.3,2014-08-30,0507,Aqua,MODIS,59,6.2,304.9,29.9,D,0
-12.145,134.3038,327.1,1.8,1.3,2014-08-30,0507,Aqua,MODIS,67,6.2,304.8,36.2,D,0
-11.9966,133.6586,335,1.6,1.3,2014-08-30,0507,Aqua,MODIS,60,6.2,309.8,42.1,D,0
-12.0725,134.0336,355.4,1.8,1.3,2014-08-30,0507,Aqua,MODIS,97,6.2,311.9,136.6,D,0
-12.0751,134.0178,324.1,1.7,1.3,2014-08-30,0507,Aqua,MODIS,41,6.2,310.1,16.4,D,0
-12.1099,133.8783,340.9,1.7,1.3,2014-08-30,0507,Aqua,MODIS,86,6.2,316.9,61,D,0
-12.1125,133.8628,341.2,1.7,1.3,2014-08-30,0507,Aqua,MODIS,87,6.2,315.8,63.4,D,0
-12.1057,134.2732,326.8,1.8,1.3,2014-08-30,0507,Aqua,MODIS,64,6.2,305.4,34.2,D,0
-11.3514,132.5036,333,1.4,1.2,2014-08-30,0507,Aqua,MODIS,76,6.2,306.1,29.4,D,0
-11.4244,130.8836,341.2,1.1,1.1,2014-08-30,0507,Aqua,MODIS,78,6.2,313.8,34.7,D,0
-11.4149,130.8821,333,1.1,1.1,2014-08-30,0507,Aqua,MODIS,35,6.2,314.7,19.6,D,0
-11.4023,130.9013,364,1.1,1.1,2014-08-30,0507,Aqua,MODIS,100,6.2,314.1,99.4,D,0
-11.625,130.7085,325,1.1,1,2014-08-30,0507,Aqua,MODIS,47,6.2,313.6,10.4,D,0
-12.1032,134.2625,324.7,1.8,1.3,2014-08-30,0507,Aqua,MODIS,59,6.2,305.8,29.4,D,0
-11.4295,130.225,323.2,1.1,1,2014-08-30,0507,Aqua,MODIS,60,6.2,302.3,14.1,D,0
-11.5664,130.2882,323.4,1.1,1,2014-08-30,0507,Aqua,MODIS,55,6.2,308.7,9.1,D,0
-11.5742,130.2993,355.1,1.1,1,2014-08-30,0507,Aqua,MODIS,97,6.2,309.3,63.3,D,0
-11.5757,130.2897,347.2,1.1,1,2014-08-30,0507,Aqua,MODIS,92,6.2,311.8,45,D,0
-11.431,130.2153,339.7,1.1,1,2014-08-30,0507,Aqua,MODIS,90,6.2,307.7,36.6,D,0
-11.5835,130.3008,346.9,1.1,1,2014-08-30,0507,Aqua,MODIS,92,6.2,312.4,41.7,D,0
-11.582,130.3105,340.2,1.1,1,2014-08-30,0507,Aqua,MODIS,72,6.2,310.7,29.4,D,0
-25.28,150.8856,302.5,1.1,1,2014-08-30,1250,Terra,MODIS,50,6.2,280.5,9.4,N,0
-23.8991,149.2596,321,1,1,2014-08-30,1250,Terra,MODIS,100,6.2,287,21.6,N,0
-23.9006,149.2498,303,1,1,2014-08-30,1250,Terra,MODIS,53,6.2,283.5,7.5,N,0
-23.8901,149.258,314.6,1,1,2014-08-30,1250,Terra,MODIS,90,6.2,286.4,15.2,N,0
-24.8188,151.4398,300.4,1.2,1.1,2014-08-30,1250,Terra,MODIS,27,6.2,284,8.9,N,0
-24.2443,148.5915,307.1,1,1,2014-08-30,1250,Terra,MODIS,70,6.2,282,11,N,0
-23.3958,149.7975,307.8,1,1,2014-08-30,1250,Terra,MODIS,59,6.2,283.6,10.8,N,0
-24.8204,151.4467,303,1.2,1.1,2014-08-30,1250,Terra,MODIS,24,6.2,283,9,N,0
-24.832,151.4366,306,1.2,1.1,2014-08-30,1250,Terra,MODIS,19,6.2,284.9,11.3,N,0
-17.6526,138.2583,314.1,3.2,1.7,2014-08-30,1252,Terra,MODIS,89,6.2,290.2,68.9,N,0
-17.6373,138.2565,306.4,3.2,1.7,2014-08-30,1252,Terra,MODIS,68,6.2,289.4,44.1,N,0
-17.6557,138.2534,303.6,3.2,1.7,2014-08-30,1252,Terra,MODIS,47,6.2,289.8,33.4,N,0
-17.6404,138.2517,311.3,3.2,1.7,2014-08-30,1252,Terra,MODIS,82,6.2,289.6,61.9,N,0
-17.6831,138.2622,302.3,3.2,1.7,2014-08-30,1252,Terra,MODIS,45,6.2,290.9,27.2,N,0
-17.6898,138.3294,317.7,3.2,1.7,2014-08-30,1252,Terra,MODIS,95,6.2,291.7,84.3,N,0
-17.6923,138.3232,313.2,3.2,1.7,2014-08-30,1252,Terra,MODIS,86,6.2,291.8,64,N,0
-17.6771,138.3213,316.5,3.2,1.7,2014-08-30,1252,Terra,MODIS,93,6.2,290.7,78.9,N,0
-16.4906,145.1644,300.4,1.1,1,2014-08-30,1252,Terra,MODIS,26,6.2,286,5.7,N,0
-16.5159,145.1875,311.7,1.1,1,2014-08-30,1252,Terra,MODIS,83,6.2,288,13.3,N,0
-15.5448,145.093,300.5,1.1,1,2014-08-30,1253,Terra,MODIS,18,6.2,289.9,4.1,N,0
-14.8906,144.9189,315.3,1.1,1,2014-08-30,1253,Terra,MODIS,91,6.2,289.5,14.8,N,0
-15.2794,141.7617,332.8,1.6,1.2,2014-08-30,1253,Terra,MODIS,100,6.2,291.3,66.2,N,0
-15.2574,141.8491,302.9,1.6,1.2,2014-08-30,1253,Terra,MODIS,52,6.2,290.5,10.6,N,0
-15.1385,141.7008,307.8,1.6,1.3,2014-08-30,1253,Terra,MODIS,72,6.2,290.3,16.5,N,0
-15.1273,141.6993,339.2,1.6,1.3,2014-08-30,1253,Terra,MODIS,100,6.2,291.9,85.3,N,0
-14.9553,142.1677,307.1,1.5,1.2,2014-08-30,1253,Terra,MODIS,70,6.2,290.5,13.4,N,0
-15.2776,141.7766,301.3,1.6,1.2,2014-08-30,1253,Terra,MODIS,38,6.2,289.8,8.5,N,0
-14.9336,142.1648,301.2,1.5,1.2,2014-08-30,1253,Terra,MODIS,23,6.2,290.5,6.5,N,0
-14.6383,144.5396,300.7,1.1,1,2014-08-30,1253,Terra,MODIS,33,6.2,290,4,N,0
-15.1254,141.7143,300.7,1.6,1.2,2014-08-30,1253,Terra,MODIS,15,6.2,289.5,7.5,N,0
-13.4346,141.6343,303.3,1.5,1.2,2014-08-30,1253,Terra,MODIS,54,6.2,288,9.8,N,0
-13.4338,141.6284,311.5,1.5,1.2,2014-08-30,1253,Terra,MODIS,61,6.2,287.9,18.2,N,0
-13.4364,141.6201,307.6,1.6,1.2,2014-08-30,1253,Terra,MODIS,72,6.2,287.2,14.9,N,0
-13.563,141.8711,301.8,1.5,1.2,2014-08-30,1253,Terra,MODIS,26,6.2,290,6.5,N,0
-13.6688,141.8692,301.8,1.5,1.2,2014-08-30,1253,Terra,MODIS,42,6.2,290.6,6.4,N,0
-11.7852,142.4647,308,1.3,1.1,2014-08-30,1254,Terra,MODIS,54,6.2,289.5,9.9,N,0
-11.7938,142.4779,310.4,1.3,1.1,2014-08-30,1254,Terra,MODIS,43,6.2,289.4,11.9,N,0
-12.6431,142.032,306.4,1.4,1.2,2014-08-30,1254,Terra,MODIS,68,6.2,290,10.8,N,0
-11.7868,142.4528,309,1.3,1.1,2014-08-30,1254,Terra,MODIS,76,6.2,289.6,11.4,N,0
-12.6386,142.0256,300.2,1.4,1.2,2014-08-30,1254,Terra,MODIS,21,6.2,289.7,5.1,N,0
-12.6716,142.0622,320.4,1.4,1.2,2014-08-30,1254,Terra,MODIS,100,6.2,290.2,29.4,N,0
-11.8009,142.5028,300.7,1.3,1.1,2014-08-30,1254,Terra,MODIS,19,6.2,288.8,4.6,N,0
-11.7993,142.5146,304.2,1.3,1.1,2014-08-30,1254,Terra,MODIS,57,6.2,288.6,7.5,N,0
-21.2894,118.5111,303.9,1.5,1.2,2014-08-30,1430,Terra,MODIS,57,6.2,286.8,13.9,N,0
-21.2563,118.5066,310,1.5,1.2,2014-08-30,1430,Terra,MODIS,79,6.2,287.2,21.5,N,0
-21.7897,119.1297,307.8,1.4,1.2,2014-08-30,1430,Terra,MODIS,48,6.2,289.8,14.5,N,0
-21.7913,119.1158,377.2,1.4,1.2,2014-08-30,1430,Terra,MODIS,100,6.2,296.6,242,N,0
-21.7929,119.1019,305.6,1.4,1.2,2014-08-30,1430,Terra,MODIS,35,6.2,288.1,12.4,N,0
-21.7966,119.1247,333.6,1.4,1.2,2014-08-30,1430,Terra,MODIS,100,6.2,291.6,58.5,N,0
-21.7983,119.111,326.1,1.4,1.2,2014-08-30,1430,Terra,MODIS,100,6.2,290.3,42.7,N,0
-21.786,119.1234,341.2,1.4,1.2,2014-08-30,1430,Terra,MODIS,100,6.2,291.8,77.7,N,0
-21.768,119.0928,305.4,1.4,1.2,2014-08-30,1430,Terra,MODIS,31,6.2,289.4,11.9,N,0
-21.7877,119.1095,350.4,1.4,1.2,2014-08-30,1430,Terra,MODIS,100,6.2,291.6,108,N,0
-20.9941,119.6856,324.5,1.3,1.1,2014-08-30,1430,Terra,MODIS,100,6.2,294.2,32.2,N,0
-20.9956,119.6732,309,1.3,1.1,2014-08-30,1430,Terra,MODIS,76,6.2,291.9,12.7,N,0
-20.9965,119.6802,320.5,1.3,1.1,2014-08-30,1430,Terra,MODIS,100,6.2,293.2,25.4,N,0
-20.9863,119.6787,314.3,1.3,1.1,2014-08-30,1430,Terra,MODIS,86,6.2,291.7,17.2,N,0
-21.2743,119.8067,304.9,1.3,1.1,2014-08-30,1430,Terra,MODIS,62,6.2,292.3,9.2,N,0
-21.2642,119.8052,302.4,1.3,1.1,2014-08-30,1430,Terra,MODIS,46,6.2,290.6,6.8,N,0
-20.9848,119.6912,313.4,1.3,1.1,2014-08-30,1430,Terra,MODIS,79,6.2,294,16.1,N,0
-20.9746,119.6897,315.6,1.3,1.1,2014-08-30,1430,Terra,MODIS,92,6.2,292.5,20,N,0
-20.9706,119.6386,317.6,1.3,1.1,2014-08-30,1430,Terra,MODIS,95,6.2,293.2,22.7,N,0
-20.9691,119.651,349.2,1.3,1.1,2014-08-30,1430,Terra,MODIS,100,6.2,296.2,88.7,N,0
-21.1043,118.5341,301.3,1.5,1.2,2014-08-30,1430,Terra,MODIS,39,6.2,286.2,11.4,N,0
-22.9781,122.6511,303.1,1,1,2014-08-30,1430,Terra,MODIS,53,6.2,284.4,7.6,N,0
-17.7221,127.708,304,1.7,1.3,2014-08-30,1431,Terra,MODIS,25,6.2,289.8,13.9,N,0
-15.2,125.5693,303.8,1.4,1.2,2014-08-30,1431,Terra,MODIS,57,6.2,292.7,7.6,N,0
-17.7193,127.7242,306.4,1.7,1.3,2014-08-30,1431,Terra,MODIS,54,6.2,290.4,16.9,N,0
-19.0646,122.1285,304.8,1,1,2014-08-30,1431,Terra,MODIS,62,6.2,286.4,8.3,N,0
-19.0114,122.1824,300.3,1,1,2014-08-30,1431,Terra,MODIS,18,6.2,287.3,5.3,N,0
-17.8718,122.6961,322.9,1,1,2014-08-30,1431,Terra,MODIS,78,6.2,291.7,20.2,N,0
-17.8511,122.712,312.4,1,1,2014-08-30,1431,Terra,MODIS,35,6.2,290.9,11.3,N,0
-17.8525,122.7026,310.3,1,1,2014-08-30,1431,Terra,MODIS,12,6.2,289.9,9.7,N,0
-17.8705,122.7055,324.3,1,1,2014-08-30,1431,Terra,MODIS,71,6.2,291.7,21.6,N,0
-17.8808,122.6975,316.9,1,1,2014-08-30,1431,Terra,MODIS,77,6.2,290,15.4,N,0
-18.9183,122.1905,305.5,1,1,2014-08-30,1431,Terra,MODIS,64,6.2,288.4,8.4,N,0
-18.9249,122.2076,304.6,1,1,2014-08-30,1431,Terra,MODIS,47,6.2,288.1,7.2,N,0
-16.4306,123.9817,308.9,1.1,1,2014-08-30,1431,Terra,MODIS,58,6.2,293.5,9.2,N,0
-16.4228,123.9699,316.8,1.1,1,2014-08-30,1431,Terra,MODIS,94,6.2,294.5,15.4,N,0
-18.9236,122.2171,304.5,1,1,2014-08-30,1431,Terra,MODIS,44,6.2,288.5,7.1,N,0
-16.6769,123.9274,304.2,1.1,1,2014-08-30,1431,Terra,MODIS,27,6.2,291.8,6.4,N,0
-17.8314,122.7222,306.8,1,1,2014-08-30,1431,Terra,MODIS,69,6.2,287.9,9.5,N,0
-15.1424,125.5539,306.7,1.4,1.2,2014-08-30,1432,Terra,MODIS,63,6.2,293.6,9.9,N,0
-13.4911,131.1155,300.5,3.8,1.8,2014-08-30,1432,Terra,MODIS,30,6.2,289,34.7,N,0
-13.4974,131.0811,305,3.8,1.8,2014-08-30,1432,Terra,MODIS,63,6.2,288.3,53.2,N,0
-13.5038,131.0874,305.4,3.8,1.8,2014-08-30,1432,Terra,MODIS,64,6.2,288.8,53.5,N,0
-12.6902,131.899,305.1,4.5,2,2014-08-30,1432,Terra,MODIS,16,6.2,291.5,58.4,N,0
-12.6704,142.0612,303.4,1,1,2014-08-30,1556,Aqua,MODIS,55,6.2,289.2,5.9,N,0
-11.7995,142.5197,300.7,1,1,2014-08-30,1556,Aqua,MODIS,32,6.2,290.2,3.7,N,0
-12.6718,142.0704,303.2,1,1,2014-08-30,1556,Aqua,MODIS,54,6.2,289.1,5.7,N,0
-11.7672,142.4845,306,1,1,2014-08-30,1556,Aqua,MODIS,67,6.2,290.3,6.5,N,0
-11.7823,142.4661,301,1,1,2014-08-30,1556,Aqua,MODIS,16,6.2,290,3.5,N,0
-12.2467,143.0529,305.3,1,1,2014-08-30,1556,Aqua,MODIS,38,6.2,291.4,5.3,N,0
-12.2364,143.0452,319.7,1,1,2014-08-30,1556,Aqua,MODIS,99,6.2,292.2,16.5,N,0
-11.7927,142.4739,304.7,1,1,2014-08-30,1556,Aqua,MODIS,55,6.2,289.9,5.6,N,0
-12.2351,143.036,305.9,1,1,2014-08-30,1556,Aqua,MODIS,37,6.2,291.3,5.7,N,0
-14.2637,133.7135,300.7,3.2,1.7,2014-08-30,1557,Aqua,MODIS,24,6.2,289.1,29.7,N,0
-14.8319,142.1634,303.5,1,1,2014-08-30,1557,Aqua,MODIS,55,6.2,290.5,6,N,0
-14.277,133.7056,301,3.2,1.7,2014-08-30,1557,Aqua,MODIS,23,6.2,287.5,29.9,N,0
-15.1588,141.6989,314.1,1,1,2014-08-30,1557,Aqua,MODIS,88,6.2,290.2,13.7,N,0
-15.2735,141.8551,302,1,1,2014-08-30,1557,Aqua,MODIS,46,6.2,291.5,4.2,N,0
-14.9603,142.1596,310.5,1,1,2014-08-30,1557,Aqua,MODIS,80,6.2,291.1,10.4,N,0
-14.8865,144.9272,304.5,1.2,1.1,2014-08-30,1557,Aqua,MODIS,43,6.2,289,7.4,N,0
-14.8877,144.9199,308,1.2,1.1,2014-08-30,1557,Aqua,MODIS,73,6.2,289,11.4,N,0
-14.9321,142.1601,307.6,1,1,2014-08-30,1557,Aqua,MODIS,72,6.2,290.8,7.9,N,0
-15.2569,141.8672,302.5,1,1,2014-08-30,1557,Aqua,MODIS,50,6.2,291.7,4.6,N,0
-16.5116,145.1884,300.9,1.3,1.1,2014-08-30,1557,Aqua,MODIS,34,6.2,286.8,8.1,N,0
-14.9562,142.1319,328.4,1,1,2014-08-30,1557,Aqua,MODIS,100,6.2,293.1,27.3,N,0
-14.9548,142.1227,310.6,1,1,2014-08-30,1557,Aqua,MODIS,80,6.2,291.3,10.3,N,0
-14.959,142.1504,327.4,1,1,2014-08-30,1557,Aqua,MODIS,100,6.2,292.7,26.2,N,0
-14.9576,142.1411,334.8,1,1,2014-08-30,1557,Aqua,MODIS,100,6.2,293.5,35.9,N,0
-13.4258,141.6309,306.5,1,1,2014-08-30,1557,Aqua,MODIS,68,6.2,290,8.2,N,0
-16.079,136.4944,305.2,1.8,1.3,2014-08-30,1558,Aqua,MODIS,63,6.2,287.5,20.5,N,0
-16.0843,136.4987,300.1,1.8,1.3,2014-08-30,1558,Aqua,MODIS,14,6.2,287.3,12.2,N,0
-17.1158,135.2292,302.5,2.2,1.4,2014-08-30,1558,Aqua,MODIS,24,6.2,286.5,17.7,N,0
-17.1265,135.2891,325.3,2.1,1.4,2014-08-30,1558,Aqua,MODIS,100,6.2,287.7,75.6,N,0
-17.13,135.3088,302,2.1,1.4,2014-08-30,1558,Aqua,MODIS,38,6.2,284.5,19.5,N,0
-17.0402,135.1673,307.1,2.2,1.4,2014-08-30,1558,Aqua,MODIS,61,6.2,287.2,28,N,0
-17.0474,135.2082,324.2,2.2,1.4,2014-08-30,1558,Aqua,MODIS,75,6.2,289.3,67.9,N,0
-17.051,135.2284,310.3,2.2,1.4,2014-08-30,1558,Aqua,MODIS,32,6.2,288.8,31.6,N,0
-17.053,135.1648,338.3,2.2,1.4,2014-08-30,1558,Aqua,MODIS,100,6.2,289.3,129.6,N,0
-17.0638,135.226,319.5,2.2,1.4,2014-08-30,1558,Aqua,MODIS,79,6.2,290.8,54,N,0
-17.05,135.1581,317,2.2,1.4,2014-08-30,1558,Aqua,MODIS,25,6.2,287,46.9,N,0
-17.0484,135.2216,322.3,2.2,1.4,2014-08-30,1558,Aqua,MODIS,100,6.2,289.4,63.9,N,0
-17.0612,135.2192,315,2.2,1.4,2014-08-30,1558,Aqua,MODIS,19,6.2,290.5,39.7,N,0
-17.083,135.1938,335.3,2.2,1.4,2014-08-30,1558,Aqua,MODIS,100,6.2,289.4,109.8,N,0
-17.0922,135.1711,317.2,2.2,1.4,2014-08-30,1558,Aqua,MODIS,53,6.2,287,49.6,N,0
-20.733,139.4769,300.2,1.1,1,2014-08-30,1559,Aqua,MODIS,21,6.2,288.3,6.2,N,2
-17.7164,127.7384,305.6,4.5,1.9,2014-08-30,1736,Aqua,MODIS,63,6.2,290,72.6,N,0
-17.7161,127.7305,305.8,4.5,1.9,2014-08-30,1736,Aqua,MODIS,66,6.2,290.1,78.7,N,0
-19.0206,122.1894,308.6,1.8,1.3,2014-08-30,1737,Aqua,MODIS,75,6.2,284.3,25.4,N,0
-19.0019,122.1971,324,1.8,1.3,2014-08-30,1737,Aqua,MODIS,100,6.2,285.7,55.8,N,0
-19.0187,122.1726,300,1.8,1.3,2014-08-30,1737,Aqua,MODIS,5,6.2,283.6,13.5,N,0
-19.0088,122.1909,327,1.8,1.3,2014-08-30,1737,Aqua,MODIS,91,6.2,285.8,62.2,N,0
-18.9989,122.2094,315.6,1.8,1.3,2014-08-30,1737,Aqua,MODIS,42,6.2,284.7,35.3,N,0
-19.0137,122.1956,324.5,1.8,1.3,2014-08-30,1737,Aqua,MODIS,87,6.2,284.6,55.2,N,0
-19.0039,122.214,305.2,1.8,1.3,2014-08-30,1737,Aqua,MODIS,31,6.2,283.5,19.4,N,0
-19.0522,122.1513,309.3,1.8,1.3,2014-08-30,1737,Aqua,MODIS,77,6.2,283.6,27.7,N,0
-17.878,122.6997,301.9,1.9,1.3,2014-08-30,1737,Aqua,MODIS,45,6.2,284.9,18.3,N,0
-20.9926,119.6852,308.4,1.3,1.1,2014-08-30,1737,Aqua,MODIS,30,6.2,290.2,12.2,N,0
-20.9057,119.7171,339.2,1.3,1.1,2014-08-30,1737,Aqua,MODIS,100,6.2,293.9,62.5,N,0
-20.9073,119.7296,302.3,1.3,1.1,2014-08-30,1737,Aqua,MODIS,48,6.2,292.2,7.4,N,0
-20.9159,119.7153,336.6,1.3,1.1,2014-08-30,1737,Aqua,MODIS,100,6.2,294.1,56.6,N,0
-20.9856,119.6931,310,1.3,1.1,2014-08-30,1737,Aqua,MODIS,25,6.2,290.8,13.5,N,0
-21.0896,118.5497,334.4,1.1,1.1,2014-08-30,1738,Aqua,MODIS,100,6.2,287,45.1,N,0
-21.0992,118.5483,314.6,1.1,1.1,2014-08-30,1738,Aqua,MODIS,90,6.2,284,19.4,N,0
-21.2788,118.5205,310.7,1.1,1.1,2014-08-30,1738,Aqua,MODIS,81,6.2,285.7,14.2,N,0
-21.2803,118.5313,312.3,1.1,1.1,2014-08-30,1738,Aqua,MODIS,85,6.2,286.9,15.7,N,0
-21.7864,119.1217,303.3,1.2,1.1,2014-08-30,1738,Aqua,MODIS,54,6.2,285,10.4,N,0
-21.0881,118.5388,323.8,1.1,1.1,2014-08-30,1738,Aqua,MODIS,100,6.2,285,29,N,0
-23.4098,149.8187,308.7,2.4,1.5,2014-08-30,2346,Terra,MODIS,48,6.2,297.5,17.8,D,0
-23.4052,149.7958,314.3,2.4,1.5,2014-08-30,2346,Terra,MODIS,67,6.2,297.7,34.1,D,0
-26.6075,147.4947,309.1,3,1.6,2014-08-30,2347,Terra,MODIS,34,6.2,296.9,23.9,D,0
-26.6071,147.4893,310,3,1.6,2014-08-30,2347,Terra,MODIS,49,6.2,296.4,27.7,D,0
-23.9024,149.258,306.3,2.6,1.5,2014-08-30,2347,Terra,MODIS,32,6.2,295.3,17.5,D,0
-25.4004,149.1592,305.8,2.4,1.5,2014-08-30,2347,Terra,MODIS,18,6.2,294.8,15.3,D,0
-25.4073,149.1506,306.2,2.4,1.5,2014-08-30,2347,Terra,MODIS,33,6.2,295.3,16.7,D,0
-23.8979,149.2666,306.9,2.6,1.5,2014-08-30,2347,Terra,MODIS,44,6.2,294.6,20.6,D,0
-27.6837,152.685,312,1.3,1.1,2014-08-30,2347,Terra,MODIS,63,6.2,297.2,7.6,D,0
-27.6815,152.672,312,1.3,1.1,2014-08-30,2347,Terra,MODIS,63,6.2,297,8.2,D,0
-28.064,151.5514,315.9,1.5,1.2,2014-08-30,2348,Terra,MODIS,74,6.2,293.9,19.4,D,0
-28.0621,151.5585,312.5,1.5,1.2,2014-08-30,2348,Terra,MODIS,65,6.2,293.8,14.5,D,0
-28.0728,151.5562,315.4,1.5,1.2,2014-08-30,2348,Terra,MODIS,73,6.2,293.8,18.7,D,0
-28.0668,151.5662,311.6,1.5,1.2,2014-08-30,2348,Terra,MODIS,68,6.2,294.4,12.8,D,0
-34.4704,150.8962,303.8,1.2,1.1,2014-08-30,2349,Terra,MODIS,0,6.2,292.2,4.6,D,2
-12.4491,134.1121,332.5,1,1,2014-08-31,0122,Terra,MODIS,80,6.2,308.4,19.8,D,0
-14.2612,133.7252,332,1,1,2014-08-31,0122,Terra,MODIS,69,6.2,310.4,16.5,D,0
-12.5628,134.0694,330.6,1,1,2014-08-31,0122,Terra,MODIS,75,6.2,308.4,17.7,D,0
-11.8262,133.1847,326.2,1.1,1.1,2014-08-31,0122,Terra,MODIS,60,6.2,310.7,12.2,D,0
-12.5599,134.0506,321.5,1,1,2014-08-31,0122,Terra,MODIS,41,6.2,307,6.7,D,0
-11.9173,133.7089,355.8,1.1,1,2014-08-31,0122,Terra,MODIS,97,6.2,311.9,68.7,D,0
-12.5226,135.2183,333.1,1,1,2014-08-31,0122,Terra,MODIS,81,6.2,309.7,18.2,D,0
-12.2345,134.4592,328.9,1,1,2014-08-31,0122,Terra,MODIS,67,6.2,309.5,15.1,D,0
-12.4386,134.1041,327.5,1,1,2014-08-31,0122,Terra,MODIS,73,6.2,308.5,13.3,D,0
-12.2618,134.1534,345.1,1,1,2014-08-31,0122,Terra,MODIS,91,6.2,309.2,42.5,D,0
-12.2603,134.144,339.5,1,1,2014-08-31,0122,Terra,MODIS,86,6.2,310.4,32.4,D,0
-12.0889,134.5317,328.5,1,1,2014-08-31,0122,Terra,MODIS,49,6.2,312.9,11,D,0
-12.7552,135.9288,321.3,1,1,2014-08-31,0122,Terra,MODIS,41,6.2,301.5,8.8,D,0
-12.3541,134.5197,337.7,1,1,2014-08-31,0122,Terra,MODIS,85,6.2,308.8,27.5,D,0
-12.3679,136.4973,315.7,1,1,2014-08-31,0122,Terra,MODIS,39,6.2,302.1,5.4,D,0
-12.3511,133.9503,332.2,1,1,2014-08-31,0122,Terra,MODIS,79,6.2,306.7,21.9,D,0
-12.7458,135.8638,332,1,1,2014-08-31,0122,Terra,MODIS,81,6.2,303.4,22.3,D,0
-14.2535,133.7361,325.7,1,1,2014-08-31,0122,Terra,MODIS,45,6.2,309.8,9.3,D,0
-12.4409,134.1805,323.5,1,1,2014-08-31,0122,Terra,MODIS,55,6.2,311.4,7.3,D,0
-12.7656,135.9368,353.2,1,1,2014-08-31,0122,Terra,MODIS,96,6.2,303.5,60.3,D,0
-12.7163,135.9155,324.1,1,1,2014-08-31,0122,Terra,MODIS,69,6.2,302.9,11.1,D,0
-12.3742,133.7451,320.9,1.1,1,2014-08-31,0122,Terra,MODIS,47,6.2,306.1,6.6,D,0
-12.5613,134.06,331.7,1,1,2014-08-31,0122,Terra,MODIS,79,6.2,308.4,19.4,D,0
-12.515,135.2287,325.1,1,1,2014-08-31,0122,Terra,MODIS,51,6.2,308.6,8.9,D,0
-13.089,134.1999,330.5,1,1,2014-08-31,0122,Terra,MODIS,78,6.2,309.6,18.2,D,0
-12.0951,134.5118,370.9,1,1,2014-08-31,0122,Terra,MODIS,100,6.2,311.5,107.5,D,0
-12.1801,141.9425,317.7,2.3,1.5,2014-08-31,0122,Terra,MODIS,56,6.2,302.9,30.8,D,0
-12.3525,133.9598,335.2,1,1,2014-08-31,0122,Terra,MODIS,83,6.2,306.9,25.8,D,0
-12.1257,134.3491,345.3,1,1,2014-08-31,0122,Terra,MODIS,91,6.2,309.6,42.8,D,0
-12.3367,134.7104,343.2,1,1,2014-08-31,0122,Terra,MODIS,89,6.2,310.3,37.2,D,0
-12.729,135.8757,327.4,1,1,2014-08-31,0122,Terra,MODIS,66,6.2,302.5,14.7,D,0
-12.401,133.8584,320.8,1,1,2014-08-31,0122,Terra,MODIS,56,6.2,303.6,9.1,D,0
-12.3616,133.9584,323.7,1,1,2014-08-31,0122,Terra,MODIS,64,6.2,308.4,10.9,D,0
-12.3451,134.5211,332.5,1,1,2014-08-31,0122,Terra,MODIS,79,6.2,308.8,20.8,D,0
-12.3527,134.5105,322.2,1,1,2014-08-31,0122,Terra,MODIS,27,6.2,310.5,7.2,D,0
-12.3727,133.7355,322.9,1.1,1,2014-08-31,0122,Terra,MODIS,64,6.2,307.8,8.8,D,0
-12.3457,134.7091,325.1,1,1,2014-08-31,0122,Terra,MODIS,64,6.2,311.4,11.1,D,0
-13.0904,134.2092,333.6,1,1,2014-08-31,0122,Terra,MODIS,82,6.2,309.5,23,D,0
-12.8193,135.7997,318.3,1,1,2014-08-31,0122,Terra,MODIS,43,6.2,302.9,6.3,D,0
-13.3521,135.225,341.8,1,1,2014-08-31,0122,Terra,MODIS,89,6.2,307.3,35.9,D,0
-12.3692,136.5068,316.6,1,1,2014-08-31,0122,Terra,MODIS,49,6.2,301.9,6.3,D,0
-12.3437,134.5119,328.3,1,1,2014-08-31,0122,Terra,MODIS,73,6.2,311.3,14.9,D,0
-12.4247,133.952,320.9,1,1,2014-08-31,0122,Terra,MODIS,55,6.2,308.4,7.2,D,0
-12.7277,135.8665,332.8,1,1,2014-08-31,0122,Terra,MODIS,81,6.2,303.9,22.1,D,0
-13.3508,135.2159,327.8,1,1,2014-08-31,0122,Terra,MODIS,75,6.2,304.7,15.9,D,0
-12.7176,135.9248,320.9,1,1,2014-08-31,0122,Terra,MODIS,60,6.2,302.6,7.9,D,0
-11.792,142.4843,327.8,2.5,1.5,2014-08-31,0122,Terra,MODIS,81,6.2,291.6,79,D,0
-12.0675,133.7187,326,1.1,1,2014-08-31,0122,Terra,MODIS,42,6.2,314.1,10.1,D,0
-12.8103,135.801,317.8,1,1,2014-08-31,0122,Terra,MODIS,38,6.2,301.9,5.9,D,0
-11.7892,142.4617,327.2,2.5,1.5,2014-08-31,0122,Terra,MODIS,80,6.2,293.2,75.8,D,0
-12.0965,134.5211,345.6,1,1,2014-08-31,0122,Terra,MODIS,91,6.2,311.8,39.2,D,0
-12.4477,134.1028,325.7,1,1,2014-08-31,0122,Terra,MODIS,63,6.2,308.6,10.8,D,0
-11.9265,133.7075,335.1,1.1,1,2014-08-31,0122,Terra,MODIS,82,6.2,309.3,25.7,D,0
-12.3568,133.8032,322.2,1.1,1,2014-08-31,0122,Terra,MODIS,51,6.2,305.3,8.9,D,0
-12.7298,131.9105,325.5,1.3,1.1,2014-08-31,0122,Terra,MODIS,61,6.2,310.8,11,D,0
-12.3631,133.9678,327.8,1,1,2014-08-31,0122,Terra,MODIS,73,6.2,306.9,15.3,D,0
-11.9158,133.6992,361.8,1.1,1,2014-08-31,0122,Terra,MODIS,100,6.2,314.9,84.8,D,0
-12.0875,134.5224,336.5,1,1,2014-08-31,0122,Terra,MODIS,84,6.2,312.2,23.8,D,0
-13.3485,135.263,330.3,1,1,2014-08-31,0122,Terra,MODIS,78,6.2,307.9,17.7,D,0
-11.9065,133.7007,329.5,1.1,1,2014-08-31,0122,Terra,MODIS,68,6.2,310.5,16.3,D,0
-12.0032,133.6692,331.5,1.1,1,2014-08-31,0122,Terra,MODIS,67,6.2,314.7,17.1,D,0
-12.2359,134.4685,325.5,1,1,2014-08-31,0122,Terra,MODIS,48,6.2,308.9,10.9,D,0
-11.7963,142.4554,317.4,2.5,1.5,2014-08-31,0122,Terra,MODIS,62,6.2,294.7,36.3,D,0
-12.524,135.2274,324.3,1,1,2014-08-31,0122,Terra,MODIS,37,6.2,307.6,7.8,D,0
-13.7089,136.6754,319.1,1.1,1,2014-08-31,0122,Terra,MODIS,54,6.2,302.7,9.4,D,0
-13.5017,131.0577,345.4,1.4,1.2,2014-08-31,0122,Terra,MODIS,91,6.2,307.2,67.2,D,0
-13.6397,131.5782,329.5,1.3,1.1,2014-08-31,0122,Terra,MODIS,76,6.2,311.7,19.9,D,0
-11.3738,132.3363,324.8,1.3,1.1,2014-08-31,0122,Terra,MODIS,75,6.2,307.8,13.3,D,0
-13.5048,131.1156,332.6,1.4,1.2,2014-08-31,0122,Terra,MODIS,71,6.2,307.5,29.6,D,0
-12.5621,142.4303,322.6,2.5,1.5,2014-08-31,0122,Terra,MODIS,75,6.2,297,49.3,D,0
-12.551,142.4553,320.8,2.5,1.5,2014-08-31,0122,Terra,MODIS,73,6.2,294.4,45.2,D,0
-12.5587,142.4599,331.3,2.5,1.5,2014-08-31,0122,Terra,MODIS,84,6.2,296.8,91.2,D,0
-13.5051,131.0502,324.3,1.4,1.2,2014-08-31,0122,Terra,MODIS,53,6.2,303,16.8,D,0
-12.5558,142.4367,333.3,2.5,1.5,2014-08-31,0122,Terra,MODIS,85,6.2,296.3,99.9,D,0
-12.0905,132.7948,328.2,1.2,1.1,2014-08-31,0122,Terra,MODIS,39,6.2,311,16.1,D,0
-12.0922,132.8054,334.6,1.2,1.1,2014-08-31,0122,Terra,MODIS,77,6.2,310.8,25.4,D,0
-13.5094,130.842,338.5,1.4,1.2,2014-08-31,0122,Terra,MODIS,86,6.2,305.8,50.2,D,0
-12.2439,136.4048,330.3,1,1,2014-08-31,0122,Terra,MODIS,36,6.2,306.8,15.4,D,0
-13.4077,132.5014,322,1.2,1.1,2014-08-31,0122,Terra,MODIS,48,6.2,308.9,10.1,D,0
-13.4094,132.5121,331.6,1.2,1.1,2014-08-31,0122,Terra,MODIS,78,6.2,309.5,24.8,D,0
-13.8135,136.1204,325.1,1,1,2014-08-31,0122,Terra,MODIS,0,6.2,300.8,17.4,D,0
-13.4462,130.8865,322.2,1.4,1.2,2014-08-31,0122,Terra,MODIS,40,6.2,308.3,13.4,D,0
-12.2517,136.394,342.9,1,1,2014-08-31,0122,Terra,MODIS,68,6.2,302.5,37.7,D,0
-12.2531,136.4035,340.2,1,1,2014-08-31,0122,Terra,MODIS,76,6.2,306.1,32.1,D,0
-11.2937,132.413,365.2,1.2,1.1,2014-08-31,0122,Terra,MODIS,87,6.2,310.3,123.4,D,0
-13.4841,133.2779,338.9,1.1,1,2014-08-31,0122,Terra,MODIS,86,6.2,312.4,27.9,D,0
-12.2544,136.413,348.9,1,1,2014-08-31,0122,Terra,MODIS,94,6.2,305.6,49,D,0
-12.2622,136.4022,338,1,1,2014-08-31,0122,Terra,MODIS,87,6.2,302.8,31.1,D,0
-13.4914,133.2808,327.9,1.1,1,2014-08-31,0122,Terra,MODIS,69,6.2,311.8,13.8,D,0
-12.0173,135.6013,317.7,1,1,2014-08-31,0122,Terra,MODIS,46,6.2,304.6,5.9,D,0
-12.0875,132.8385,354.9,1.2,1.1,2014-08-31,0122,Terra,MODIS,97,6.2,311.2,73.9,D,0
-12.0892,132.849,340.2,1.2,1.1,2014-08-31,0122,Terra,MODIS,79,6.2,311.3,37.2,D,0
-13.5138,130.8685,331.6,1.4,1.2,2014-08-31,0122,Terra,MODIS,78,6.2,308,31.7,D,0
-13.5092,131.0757,342.9,1.4,1.2,2014-08-31,0122,Terra,MODIS,89,6.2,308.6,53.1,D,0
-13.5164,131.0816,348.3,1.4,1.2,2014-08-31,0122,Terra,MODIS,93,6.2,309.3,76.5,D,0
-13.5112,131.0885,332,1.4,1.2,2014-08-31,0122,Terra,MODIS,54,6.2,308.2,24.6,D,0
-13.5038,131.0705,332.2,1.4,1.2,2014-08-31,0122,Terra,MODIS,30,6.2,308.4,30.2,D,0
-13.5143,131.0688,348.5,1.4,1.2,2014-08-31,0122,Terra,MODIS,93,6.2,307.3,77.1,D,0
-13.8419,135.5552,322.9,1,1,2014-08-31,0122,Terra,MODIS,58,6.2,307.1,9.8,D,0
-13.7361,132.056,328.4,1.2,1.1,2014-08-31,0122,Terra,MODIS,74,6.2,310.6,16.2,D,0
-13.8406,135.5459,333,1,1,2014-08-31,0122,Terra,MODIS,82,6.2,307.6,22.7,D,0
-13.7888,135.5691,328.2,1,1,2014-08-31,0122,Terra,MODIS,62,6.2,308.9,14.3,D,0
-13.7779,136.6489,319.5,1.1,1,2014-08-31,0122,Terra,MODIS,33,6.2,303.1,8.3,D,0
-13.4574,132.5043,331.2,1.2,1.1,2014-08-31,0122,Terra,MODIS,40,6.2,309.5,19.9,D,0
-13.4598,132.4973,333.1,1.2,1.1,2014-08-31,0122,Terra,MODIS,74,6.2,311.2,24.4,D,0
-13.8043,136.1217,327.9,1,1,2014-08-31,0122,Terra,MODIS,58,6.2,301.4,20.4,D,0
-13.4615,132.5079,329.3,1.2,1.1,2014-08-31,0122,Terra,MODIS,60,6.2,308.1,19.1,D,0
-11.324,132.4773,328.8,1.2,1.1,2014-08-31,0122,Terra,MODIS,32,6.2,307.9,18.4,D,0
-13.4711,132.5063,330.3,1.2,1.1,2014-08-31,0122,Terra,MODIS,76,6.2,308.2,22.4,D,0
-13.4694,132.4958,331.2,1.2,1.1,2014-08-31,0122,Terra,MODIS,77,6.2,311.3,23,D,0
-13.4899,133.271,326.2,1.1,1,2014-08-31,0122,Terra,MODIS,59,6.2,311.3,11.9,D,0
-11.7605,133.0434,333.9,1.1,1.1,2014-08-31,0122,Terra,MODIS,73,6.2,310.4,23.8,D,0
-13.441,141.6322,317.9,2.3,1.5,2014-08-31,0122,Terra,MODIS,49,6.2,301.2,24.9,D,0
-11.77,133.0419,337.8,1.1,1.1,2014-08-31,0122,Terra,MODIS,83,6.2,311.2,30,D,0
-12.347,134.7183,322.9,1,1,2014-08-31,0122,Terra,MODIS,57,6.2,311.6,8.6,D,0
-13.4696,130.896,324.6,1.4,1.2,2014-08-31,0122,Terra,MODIS,61,6.2,308.2,16.1,D,0
-13.4484,130.8996,322.3,1.4,1.2,2014-08-31,0122,Terra,MODIS,41,6.2,308.9,13,D,0
-13.4987,130.8437,323.3,1.4,1.2,2014-08-31,0122,Terra,MODIS,63,6.2,307.1,16.8,D,0
-13.5116,130.8553,327.7,1.4,1.2,2014-08-31,0122,Terra,MODIS,73,6.2,307.1,23.2,D,0
-12.1459,134.6673,324.2,1,1,2014-08-31,0122,Terra,MODIS,59,6.2,308.7,8.7,D,0
-11.8016,142.501,313.8,2.5,1.5,2014-08-31,0122,Terra,MODIS,17,6.2,291.5,22.1,D,0
-11.7989,142.4781,325.9,2.5,1.5,2014-08-31,0122,Terra,MODIS,79,6.2,293.8,68.3,D,0
-12.1446,134.6581,343.9,1,1,2014-08-31,0122,Terra,MODIS,90,6.2,309.9,37.3,D,0
-11.2954,132.4243,325,1.2,1.1,2014-08-31,0122,Terra,MODIS,57,6.2,307,16.2,D,0
-12.0249,136.4198,322.8,1,1,2014-08-31,0122,Terra,MODIS,57,6.2,304.1,11.4,D,0
-12.0262,136.4293,344.7,1,1,2014-08-31,0122,Terra,MODIS,70,6.2,307.4,44.3,D,0
-12.0276,136.4388,330.1,1,1,2014-08-31,0122,Terra,MODIS,63,6.2,305.9,19.4,D,0
-12.2493,135.4892,322.3,1,1,2014-08-31,0122,Terra,MODIS,61,6.2,308.1,6.7,D,0
-11.3007,132.4581,339.3,1.2,1.1,2014-08-31,0122,Terra,MODIS,89,6.2,307.8,42.7,D,0
-11.3089,132.4454,337,1.2,1.1,2014-08-31,0122,Terra,MODIS,85,6.2,308.6,33.7,D,0
-11.3106,132.4566,349.7,1.2,1.1,2014-08-31,0122,Terra,MODIS,95,6.2,310,65.5,D,0
-12.2389,136.4346,327.1,1,1,2014-08-31,0122,Terra,MODIS,49,6.2,306.6,12.4,D,0
-11.3124,132.4677,334,1.2,1.1,2014-08-31,0122,Terra,MODIS,77,6.2,309.1,29.6,D,0
-13.5122,131.0562,333.8,1.4,1.2,2014-08-31,0122,Terra,MODIS,80,6.2,302.5,37.8,D,0
-12.248,136.4333,333.1,1,1,2014-08-31,0122,Terra,MODIS,75,6.2,306.5,21.3,D,0
-12.2558,136.4225,334.5,1,1,2014-08-31,0122,Terra,MODIS,73,6.2,303.7,23.1,D,0
-13.5072,131.0629,361.1,1.4,1.2,2014-08-31,0122,Terra,MODIS,100,6.2,308.5,124.5,D,0
-12.2571,136.4319,333,1,1,2014-08-31,0122,Terra,MODIS,72,6.2,303.8,21.5,D,0
-13.4967,131.0645,327.9,1.4,1.2,2014-08-31,0122,Terra,MODIS,42,6.2,307.9,19.4,D,0
-12.5648,142.4536,328.7,2.5,1.5,2014-08-31,0122,Terra,MODIS,82,6.2,296.9,78.3,D,0
-12.7683,135.9554,329.9,1,1,2014-08-31,0122,Terra,MODIS,78,6.2,303.3,19.1,D,0
-14.9282,142.1106,340.4,2.6,1.5,2014-08-31,0122,Terra,MODIS,90,6.2,300.1,138.9,D,0
-14.9358,142.1274,329.7,2.6,1.6,2014-08-31,0122,Terra,MODIS,75,6.2,302.4,74.3,D,0
-14.9331,142.1033,333.6,2.6,1.5,2014-08-31,0122,Terra,MODIS,85,6.2,299.5,99.3,D,0
-14.9309,142.1346,327.1,2.6,1.6,2014-08-31,0122,Terra,MODIS,46,6.2,302.8,60.1,D,0
-14.9449,142.133,322.7,2.6,1.6,2014-08-31,0122,Terra,MODIS,57,6.2,302.3,42.1,D,0
-14.2277,143.2513,315.5,3.1,1.7,2014-08-31,0122,Terra,MODIS,64,6.2,298.1,39.3,D,0
-13.5081,133.3881,322,1.1,1,2014-08-31,0122,Terra,MODIS,54,6.2,310.8,8.1,D,0
-13.4361,133.3357,341.9,1.1,1,2014-08-31,0122,Terra,MODIS,88,6.2,312.9,34.3,D,0
-13.068,134.3042,343.2,1,1,2014-08-31,0122,Terra,MODIS,90,6.2,309.8,35.9,D,0
-13.1598,135.2944,323.2,1,1,2014-08-31,0122,Terra,MODIS,58,6.2,310.2,9.1,D,0
-12.1243,134.3398,327.4,1,1,2014-08-31,0122,Terra,MODIS,71,6.2,309.2,14.3,D,0
-12.3137,133.3545,332.8,1.1,1,2014-08-31,0122,Terra,MODIS,80,6.2,311.8,20.3,D,0
-12.1775,141.9216,321,2.3,1.5,2014-08-31,0122,Terra,MODIS,0,6.2,305.4,40.3,D,0
-13.1508,135.2958,338.8,1,1,2014-08-31,0122,Terra,MODIS,86,6.2,311.2,28.7,D,0
-11.7494,133.0345,351.3,1.1,1.1,2014-08-31,0122,Terra,MODIS,95,6.2,311.4,62.6,D,0
-13.4468,133.344,325.2,1.1,1,2014-08-31,0122,Terra,MODIS,36,6.2,311.1,8.6,D,0
-14.8419,142.1505,319.2,2.6,1.6,2014-08-31,0122,Terra,MODIS,35,6.2,301.9,35.4,D,0
-13.4913,133.3869,324,1.1,1,2014-08-31,0122,Terra,MODIS,37,6.2,310.8,7.8,D,0
-13.4944,133.3004,334.3,1.1,1,2014-08-31,0122,Terra,MODIS,81,6.2,310.7,23.2,D,0
-13.496,133.3102,324.1,1.1,1,2014-08-31,0122,Terra,MODIS,56,6.2,309.6,10,D,0
-14.8391,142.1265,322.2,2.6,1.5,2014-08-31,0122,Terra,MODIS,63,6.2,300.8,47,D,0
-13.2209,135.2104,327.6,1,1,2014-08-31,0122,Terra,MODIS,67,6.2,311.1,11.2,D,0
-14.8279,142.1522,321.4,2.6,1.6,2014-08-31,0122,Terra,MODIS,56,6.2,302.7,42.2,D,0
-13.4886,133.3073,338.7,1.1,1,2014-08-31,0122,Terra,MODIS,85,6.2,311.2,26.3,D,0
-11.2912,132.3321,323.7,1.3,1.1,2014-08-31,0122,Terra,MODIS,61,6.2,308.9,13.2,D,0
-12.1082,133.8738,330.6,1,1,2014-08-31,0122,Terra,MODIS,76,6.2,316.6,16.5,D,0
-13.096,134.2464,322.8,1,1,2014-08-31,0122,Terra,MODIS,53,6.2,309,8.6,D,0
-13.482,133.3884,322.8,1.1,1,2014-08-31,0122,Terra,MODIS,26,6.2,310.9,7,D,0
-13.3948,135.2655,327.7,1,1,2014-08-31,0122,Terra,MODIS,75,6.2,306.9,14,D,0
-13.4808,133.3186,349.7,1.1,1,2014-08-31,0122,Terra,MODIS,94,6.2,316.2,48.9,D,0
-12.6634,131.8796,331,1.3,1.1,2014-08-31,0122,Terra,MODIS,74,6.2,310.9,24.6,D,0
-14.0461,143.524,316.2,3.2,1.7,2014-08-31,0122,Terra,MODIS,44,6.2,298.7,36.5,D,0
-13.2294,135.203,322.6,1,1,2014-08-31,0122,Terra,MODIS,38,6.2,309.5,7.4,D,0
-12.1348,134.3477,329.4,1,1,2014-08-31,0122,Terra,MODIS,75,6.2,308.7,16.7,D,0
-12.767,135.9461,370.5,1,1,2014-08-31,0122,Terra,MODIS,100,6.2,307.6,110.1,D,0
-14.0343,143.532,316.6,3.2,1.7,2014-08-31,0122,Terra,MODIS,47,6.2,298.1,37.3,D,0
-13.7577,142.9719,320.1,2.9,1.6,2014-08-31,0122,Terra,MODIS,72,6.2,300.1,49,D,0
-13.0658,134.2285,322.7,1,1,2014-08-31,0122,Terra,MODIS,50,6.2,310.6,7.5,D,0
-13.7587,142.9652,318.3,2.9,1.6,2014-08-31,0122,Terra,MODIS,64,6.2,300.7,38,D,0
-12.7565,135.9381,326.3,1,1,2014-08-31,0122,Terra,MODIS,69,6.2,304.6,13.9,D,0
-12.3121,133.3446,325,1.1,1,2014-08-31,0122,Terra,MODIS,68,6.2,312.9,9.2,D,0
-12.8306,134.8109,326.3,1,1,2014-08-31,0122,Terra,MODIS,66,6.2,310,9.8,D,0
-13.2358,134.2563,326.9,1,1,2014-08-31,0122,Terra,MODIS,67,6.2,309.2,12.7,D,0
-13.2268,134.2578,323.9,1,1,2014-08-31,0122,Terra,MODIS,33,6.2,307.6,9.1,D,0
-11.293,132.3435,328.6,1.3,1.1,2014-08-31,0122,Terra,MODIS,64,6.2,308.1,20,D,0
-13.4376,133.3454,331.1,1.1,1,2014-08-31,0122,Terra,MODIS,73,6.2,309.8,16.5,D,0
-13.5902,134.6552,326.8,1,1,2014-08-31,0122,Terra,MODIS,64,6.2,310.2,12.1,D,0
-12.0963,134.2774,321.3,1,1,2014-08-31,0122,Terra,MODIS,53,6.2,308.9,8.2,D,0
-13.2594,134.2906,332.3,1,1,2014-08-31,0122,Terra,MODIS,80,6.2,308.7,18.3,D,0
-12.8293,134.8017,328.9,1,1,2014-08-31,0122,Terra,MODIS,77,6.2,311.5,12.8,D,0
-13.2372,134.2656,323.3,1,1,2014-08-31,0122,Terra,MODIS,41,6.2,310.1,8.2,D,0
-13.2282,134.267,336.5,1,1,2014-08-31,0122,Terra,MODIS,85,6.2,309.9,25.4,D,0
-13.4901,133.3171,369.8,1.1,1,2014-08-31,0122,Terra,MODIS,100,6.2,312.6,109.4,D,0
-12.1067,133.8642,327.9,1,1,2014-08-31,0122,Terra,MODIS,58,6.2,314.8,12.5,D,0
-13.3073,135.5486,319.9,1,1,2014-08-31,0122,Terra,MODIS,49,6.2,308,6.1,D,0
-13.1086,134.3298,320.6,1,1,2014-08-31,0122,Terra,MODIS,52,6.2,309.5,5.9,D,0
-13.5436,141.8513,327.7,2.4,1.5,2014-08-31,0122,Terra,MODIS,81,6.2,299.6,59.8,D,0
-13.551,141.878,319.6,2.4,1.5,2014-08-31,0122,Terra,MODIS,61,6.2,300.2,34.1,D,0
-14.246,143.2782,312,3.1,1.7,2014-08-31,0122,Terra,MODIS,47,6.2,297.4,25.1,D,0
-13.0974,134.2556,325.9,1,1,2014-08-31,0122,Terra,MODIS,71,6.2,308.8,11.9,D,0
-13.3961,135.2747,323.3,1,1,2014-08-31,0122,Terra,MODIS,49,6.2,307.8,8.6,D,0
-13.1522,135.305,343.8,1,1,2014-08-31,0122,Terra,MODIS,90,6.2,309.8,37.8,D,0
-13.5484,141.8563,328.3,2.4,1.5,2014-08-31,0122,Terra,MODIS,81,6.2,300.4,66.4,D,0
-13.4916,133.3269,337.7,1.1,1,2014-08-31,0122,Terra,MODIS,84,6.2,310.2,27.2,D,0
-12.4162,133.6499,326.8,1.1,1,2014-08-31,0122,Terra,MODIS,66,6.2,309.6,11.6,D,0
-15.4098,134.8192,324.8,1,1,2014-08-31,0123,Terra,MODIS,34,6.2,308.9,9.1,D,0
-15.425,134.7979,351.8,1,1,2014-08-31,0123,Terra,MODIS,95,6.2,312.5,50,D,0
-14.6911,131.7476,324.4,1.2,1.1,2014-08-31,0123,Terra,MODIS,48,6.2,311.8,12.5,D,0
-17.6209,138.2756,352.7,1.5,1.2,2014-08-31,0123,Terra,MODIS,96,6.2,312.8,96.8,D,0
-17.6227,138.2894,327.7,1.5,1.2,2014-08-31,0123,Terra,MODIS,38,6.2,310,22.3,D,0
-17.1987,135.1714,348.7,1,1,2014-08-31,0123,Terra,MODIS,94,6.2,311.6,48.5,D,0
-17.2001,135.181,336.1,1,1,2014-08-31,0123,Terra,MODIS,68,6.2,313.6,23.8,D,0
-17.2079,135.17,335.4,1,1,2014-08-31,0123,Terra,MODIS,79,6.2,308.7,24.6,D,0
-17.2092,135.1796,338,1,1,2014-08-31,0123,Terra,MODIS,83,6.2,312.2,27.9,D,0
-17.6821,138.324,327.4,1.5,1.2,2014-08-31,0123,Terra,MODIS,48,6.2,312.7,20.9,D,0
-17.6929,138.3225,340.5,1.5,1.2,2014-08-31,0123,Terra,MODIS,88,6.2,310.2,53.3,D,0
-17.6947,138.3366,328.1,1.5,1.2,2014-08-31,0123,Terra,MODIS,70,6.2,309.6,21.3,D,0
-17.6845,138.3178,334.5,1.5,1.2,2014-08-31,0123,Terra,MODIS,82,6.2,312.3,36.9,D,0
-17.6862,138.3318,332.2,1.5,1.2,2014-08-31,0123,Terra,MODIS,80,6.2,311.6,30.4,D,0
-17.697,138.3303,325.4,1.5,1.2,2014-08-31,0123,Terra,MODIS,66,6.2,309.7,15.3,D,0
-17.0278,135.1311,371.1,1,1,2014-08-31,0123,Terra,MODIS,100,6.2,309.1,115.2,D,0
-17.0382,135.1393,340.2,1,1,2014-08-31,0123,Terra,MODIS,66,6.2,307.2,31.7,D,0
-17.0459,135.1283,346.5,1,1,2014-08-31,0123,Terra,MODIS,92,6.2,305.3,48.9,D,0
-17.0473,135.1379,373.7,1,1,2014-08-31,0123,Terra,MODIS,100,6.2,313.5,119.4,D,0
-17.055,135.127,353.8,1,1,2014-08-31,0123,Terra,MODIS,96,6.2,306.8,65.2,D,0
-17.0564,135.1366,378.3,1,1,2014-08-31,0123,Terra,MODIS,100,6.2,315.4,137.6,D,0
-17.0746,135.1338,357.2,1,1,2014-08-31,0123,Terra,MODIS,98,6.2,309.3,70.1,D,0
-17.0833,135.1362,356.2,1,1,2014-08-31,0123,Terra,MODIS,98,6.2,309.6,68.5,D,0
-17.0924,135.1349,357.7,1,1,2014-08-31,0123,Terra,MODIS,98,6.2,308.8,72.9,D,0
-17.1015,135.1335,368.1,1,1,2014-08-31,0123,Terra,MODIS,100,6.2,310.2,104.2,D,0
-15.4264,134.8072,335.7,1,1,2014-08-31,0123,Terra,MODIS,57,6.2,309.5,21,D,0
-17.1887,135.2876,333,1,1,2014-08-31,0123,Terra,MODIS,60,6.2,310.2,18.3,D,0
-17.2151,135.2872,328.8,1,1,2014-08-31,0123,Terra,MODIS,59,6.2,310.8,15.2,D,0
-17.1087,135.2502,326.4,1,1,2014-08-31,0123,Terra,MODIS,44,6.2,310.3,10.4,D,0
-17.1101,135.2598,329.9,1,1,2014-08-31,0123,Terra,MODIS,51,6.2,311,14.8,D,0
-17.0291,135.1407,380.2,1,1,2014-08-31,0123,Terra,MODIS,100,6.2,310.8,148,D,0
-17.0305,135.1503,346.6,1,1,2014-08-31,0123,Terra,MODIS,91,6.2,309.1,43.2,D,0
-17.0318,135.1598,347.9,1,1,2014-08-31,0123,Terra,MODIS,90,6.2,311.1,44.9,D,0
-17.0332,135.1694,337.7,1,1,2014-08-31,0123,Terra,MODIS,61,6.2,311.2,25.6,D,0
-17.0373,135.1982,326.8,1,1,2014-08-31,0123,Terra,MODIS,56,6.2,308.8,12.9,D,0
-17.0396,135.1489,351.9,1,1,2014-08-31,0123,Terra,MODIS,95,6.2,312.7,52.7,D,0
-17.0464,135.1968,337.7,1,1,2014-08-31,0123,Terra,MODIS,74,6.2,312,25.6,D,0
-17.0478,135.2064,337.7,1,1,2014-08-31,0123,Terra,MODIS,74,6.2,311.8,26.2,D,0
-17.0487,135.1475,352.4,1,1,2014-08-31,0123,Terra,MODIS,96,6.2,314.1,51.1,D,0
-17.0596,135.2242,332.6,1,1,2014-08-31,0123,Terra,MODIS,56,6.2,311.5,18.8,D,0
-17.0578,135.1461,366.3,1,1,2014-08-31,0123,Terra,MODIS,100,6.2,313,90.4,D,0
-17.0646,135.194,323.1,1,1,2014-08-31,0123,Terra,MODIS,51,6.2,309.3,5.5,D,0
-17.066,135.2036,323.1,1,1,2014-08-31,0123,Terra,MODIS,59,6.2,308.4,6,D,0
-17.076,135.1434,363.1,1,1,2014-08-31,0123,Terra,MODIS,100,6.2,313.9,83.8,D,0
-17.0669,135.1447,342.8,1,1,2014-08-31,0123,Terra,MODIS,57,6.2,311.1,32.9,D,0
-17.0847,135.1458,365.1,1,1,2014-08-31,0123,Terra,MODIS,100,6.2,314.4,92.8,D,0
-17.086,135.1554,327.6,1,1,2014-08-31,0123,Terra,MODIS,55,6.2,310.5,12.5,D,0
-17.0938,135.1444,345.3,1,1,2014-08-31,0123,Terra,MODIS,92,6.2,310.8,42.2,D,0
-17.0951,135.154,331.1,1,1,2014-08-31,0123,Terra,MODIS,48,6.2,311,15.8,D,0
-17.1029,135.1431,389.7,1,1,2014-08-31,0123,Terra,MODIS,100,6.2,321.5,192.2,D,0
-17.1043,135.1527,341.2,1,1,2014-08-31,0123,Terra,MODIS,88,6.2,314.5,31.2,D,0
-17.112,135.1417,371.6,1,1,2014-08-31,0123,Terra,MODIS,100,6.2,308.3,115.3,D,0
-17.1134,135.1513,393.1,1,1,2014-08-31,0123,Terra,MODIS,100,6.2,315.8,209.1,D,0
-17.1147,135.1609,368.2,1,1,2014-08-31,0123,Terra,MODIS,100,6.2,317,100.9,D,0
-17.1238,135.1596,366.6,1,1,2014-08-31,0123,Terra,MODIS,100,6.2,310.1,96.4,D,0
-17.1252,135.1692,344.1,1,1,2014-08-31,0123,Terra,MODIS,91,6.2,309.3,38.8,D,0
-15.4062,135.1109,328.4,1,1,2014-08-31,0123,Terra,MODIS,63,6.2,310.6,11.5,D,0
-15.4076,135.1203,331.7,1,1,2014-08-31,0123,Terra,MODIS,72,6.2,308.6,16.8,D,0
-15.3985,135.1216,344.1,1,1,2014-08-31,0123,Terra,MODIS,90,6.2,309.2,36.3,D,0
-15.449,135.0891,335.7,1,1,2014-08-31,0123,Terra,MODIS,82,6.2,310.6,22.3,D,0
-15.3791,135.115,323.5,1,1,2014-08-31,0123,Terra,MODIS,40,6.2,311,6.2,D,0
-15.4747,135.0757,326.6,1,1,2014-08-31,0123,Terra,MODIS,65,6.2,308.2,11.9,D,0
-15.4503,135.0984,346.9,1,1,2014-08-31,0123,Terra,MODIS,92,6.2,309.7,43,D,0
-15.4706,135.0477,328.1,1,1,2014-08-31,0123,Terra,MODIS,35,6.2,310.1,10.6,D,0
-15.3841,134.8326,343.9,1,1,2014-08-31,0123,Terra,MODIS,90,6.2,313.7,35.7,D,0
-15.8408,130.4391,322.9,1.4,1.2,2014-08-31,0123,Terra,MODIS,50,6.2,310.5,13.6,D,0
-15.4084,134.8099,328.2,1,1,2014-08-31,0123,Terra,MODIS,54,6.2,312.1,12.2,D,0
-15.8037,130.2823,323.6,1.4,1.2,2014-08-31,0123,Terra,MODIS,43,6.2,309.9,15.1,D,0
-15.8143,130.2802,321.7,1.4,1.2,2014-08-31,0123,Terra,MODIS,33,6.2,307.8,12.7,D,0
-15.8166,130.2939,327.6,1.4,1.2,2014-08-31,0123,Terra,MODIS,68,6.2,307.6,23,D,0
-15.8255,130.3473,327.2,1.4,1.2,2014-08-31,0123,Terra,MODIS,49,6.2,308,20.7,D,0
-15.8277,130.3603,346.9,1.4,1.2,2014-08-31,0123,Terra,MODIS,92,6.2,311.5,72,D,0
-15.4403,134.7766,338.9,1,1,2014-08-31,0123,Terra,MODIS,86,6.2,309.5,27.9,D,0
-15.4416,134.7859,347.5,1,1,2014-08-31,0123,Terra,MODIS,92,6.2,310.1,43.7,D,0
-15.3931,134.8312,338.6,1,1,2014-08-31,0123,Terra,MODIS,78,6.2,310.2,25.9,D,0
-15.6517,130.2793,324.5,1.5,1.2,2014-08-31,0123,Terra,MODIS,53,6.2,311.4,14.8,D,0
-15.4963,135.0343,332.7,1,1,2014-08-31,0123,Terra,MODIS,80,6.2,309.8,18.4,D,0
-15.4275,133.0995,327,1.1,1,2014-08-31,0123,Terra,MODIS,60,6.2,308.8,12.1,D,0
-15.4645,133.0338,345.2,1.1,1,2014-08-31,0123,Terra,MODIS,91,6.2,308,41.9,D,0
-15.463,133.024,375.2,1.1,1,2014-08-31,0123,Terra,MODIS,100,6.2,308.7,131,D,0
-15.3408,135.1685,333.1,1,1,2014-08-31,0123,Terra,MODIS,80,6.2,311.9,17,D,0
-15.4568,133.045,338.6,1.1,1,2014-08-31,0123,Terra,MODIS,86,6.2,312.2,30,D,0
-15.4553,133.0352,352.8,1.1,1,2014-08-31,0123,Terra,MODIS,96,6.2,315.7,58,D,0
-15.4538,133.0255,338.4,1.1,1,2014-08-31,0123,Terra,MODIS,86,6.2,315.6,28.3,D,0
-15.3052,132.9657,326.2,1.1,1,2014-08-31,0123,Terra,MODIS,55,6.2,311.7,8.3,D,0
-15.4414,133.0674,330.5,1.1,1,2014-08-31,0123,Terra,MODIS,47,6.2,309.2,15.6,D,0
-15.4337,133.0786,390.3,1.1,1,2014-08-31,0123,Terra,MODIS,100,6.2,314.4,199.2,D,0
-15.4583,133.0547,330.3,1.1,1,2014-08-31,0123,Terra,MODIS,71,6.2,309,17.8,D,0
-15.4322,133.0689,350.7,1.1,1,2014-08-31,0123,Terra,MODIS,95,6.2,311,51.6,D,0
-15.426,133.0898,332.5,1.1,1,2014-08-31,0123,Terra,MODIS,80,6.2,311.6,19.4,D,0
-15.313,132.9544,325.9,1.1,1,2014-08-31,0123,Terra,MODIS,56,6.2,312,7.6,D,0
-15.4548,133.1548,330,1,1,2014-08-31,0123,Terra,MODIS,38,6.2,311.7,14.1,D,0
-16.2436,136.6858,338.1,1.1,1.1,2014-08-31,0123,Terra,MODIS,85,6.2,310.9,33,D,0
-15.3207,132.9431,346.2,1.1,1,2014-08-31,0123,Terra,MODIS,92,6.2,312.2,40.3,D,0
-15.4491,133.0562,328.2,1.1,1,2014-08-31,0123,Terra,MODIS,69,6.2,310.4,14.7,D,0
-15.3222,132.9529,334.5,1.1,1,2014-08-31,0123,Terra,MODIS,82,6.2,312.3,18.4,D,0
-15.3114,132.9446,327.3,1.1,1,2014-08-31,0123,Terra,MODIS,70,6.2,313.6,9.6,D,0
-14.1136,132.2379,326.1,1.2,1.1,2014-08-31,0123,Terra,MODIS,65,6.2,310.3,13.1,D,0
-16.2127,144.5934,312.6,4.2,1.9,2014-08-31,0123,Terra,MODIS,21,6.2,298.7,39.6,D,0
-16.0459,136.5117,327.7,1.1,1.1,2014-08-31,0123,Terra,MODIS,68,6.2,311.2,11.9,D,0
-16.2164,144.6328,318.2,4.2,1.9,2014-08-31,0123,Terra,MODIS,61,6.2,299.2,79,D,0
-15.4214,135.6685,334.6,1,1,2014-08-31,0123,Terra,MODIS,82,6.2,311.2,23.9,D,0
-14.2765,133.7034,324.1,1,1,2014-08-31,0123,Terra,MODIS,56,6.2,310.5,8.4,D,0
-15.8425,135.65,330.1,1,1,2014-08-31,0123,Terra,MODIS,74,6.2,310.3,16.2,D,0
-16.1746,135.865,325.8,1.1,1,2014-08-31,0123,Terra,MODIS,62,6.2,310.8,9.6,D,0
-15.2621,135.0058,324.1,1,1,2014-08-31,0123,Terra,MODIS,50,6.2,310,8.2,D,0
-14.275,133.694,326.9,1,1,2014-08-31,0123,Terra,MODIS,71,6.2,310.7,11.8,D,0
-15.8356,135.6019,324.7,1,1,2014-08-31,0123,Terra,MODIS,45,6.2,309.2,10.2,D,0
-15.3729,135.5166,343.3,1,1,2014-08-31,0123,Terra,MODIS,89,6.2,311.7,37.2,D,0
-15.8173,135.6046,339.1,1,1,2014-08-31,0123,Terra,MODIS,86,6.2,309.9,31.1,D,0
-15.8292,135.6225,325.6,1,1,2014-08-31,0123,Terra,MODIS,43,6.2,310.1,10.2,D,0
-16.1993,144.635,320.7,4.2,1.9,2014-08-31,0123,Terra,MODIS,67,6.2,299.3,94.7,D,0
-15.2891,135.0017,328.7,1,1,2014-08-31,0123,Terra,MODIS,74,6.2,310.8,13.8,D,0
-15.3743,135.526,328.8,1,1,2014-08-31,0123,Terra,MODIS,69,6.2,309.4,15,D,0
-15.9162,136.5895,324.9,1.1,1.1,2014-08-31,0123,Terra,MODIS,34,6.2,311.6,10.1,D,0
-14.616,135.3715,324.9,1,1,2014-08-31,0123,Terra,MODIS,59,6.2,309.4,11.6,D,0
-14.6092,135.3249,331.4,1,1,2014-08-31,0123,Terra,MODIS,79,6.2,308.7,19.2,D,0
-15.8278,135.6129,329.4,1,1,2014-08-31,0123,Terra,MODIS,73,6.2,309,15.5,D,0
-15.8265,135.6033,352.5,1,1,2014-08-31,0123,Terra,MODIS,95,6.2,309.9,57.5,D,0
-16.0714,136.4869,340.6,1.1,1.1,2014-08-31,0123,Terra,MODIS,85,6.2,309.5,33.8,D,0
-14.9409,134.7606,330.6,1,1,2014-08-31,0123,Terra,MODIS,59,6.2,311.5,15.1,D,0
-16.2136,144.6382,324.8,4.2,1.9,2014-08-31,0123,Terra,MODIS,77,6.2,299.3,134.5,D,0
-15.8448,135.6006,336.8,1,1,2014-08-31,0123,Terra,MODIS,84,6.2,308.5,27.1,D,0
-14.976,134.8119,348.6,1,1,2014-08-31,0123,Terra,MODIS,93,6.2,310.7,46.5,D,0
-14.9319,134.7619,327.1,1,1,2014-08-31,0123,Terra,MODIS,30,6.2,308.5,11.9,D,0
-16.1673,135.8626,325.9,1.1,1,2014-08-31,0123,Terra,MODIS,56,6.2,311.3,9,D,0
-16.2096,144.5991,326.3,4.2,1.9,2014-08-31,0123,Terra,MODIS,78,6.2,299,144.8,D,0
-14.0206,130.1697,343.3,1.6,1.2,2014-08-31,0123,Terra,MODIS,90,6.2,310.6,69.7,D,0
-15.5802,128.1585,325.9,2.1,1.4,2014-08-31,0123,Terra,MODIS,47,6.2,306.8,30.5,D,0
-15.5846,128.1724,327.2,2.1,1.4,2014-08-31,0123,Terra,MODIS,49,6.2,306.9,32,D,0
-13.8323,130.0794,332.5,1.6,1.2,2014-08-31,0123,Terra,MODIS,80,6.2,306.3,43.7,D,0
-15.597,128.1697,328.7,2.1,1.4,2014-08-31,0123,Terra,MODIS,58,6.2,307.8,39.8,D,0
-13.8347,130.0942,321.2,1.6,1.2,2014-08-31,0123,Terra,MODIS,59,6.2,304.9,16.6,D,0
-15.8014,130.2687,335.2,1.4,1.2,2014-08-31,0123,Terra,MODIS,84,6.2,310.2,41,D,0
-16.143,128.3603,328.7,2,1.4,2014-08-31,0123,Terra,MODIS,78,6.2,309.8,41,D,0
-14.5183,129.9092,322.7,1.6,1.2,2014-08-31,0123,Terra,MODIS,55,6.2,308.9,17.1,D,0
-15.8405,130.3715,356,1.4,1.2,2014-08-31,0123,Terra,MODIS,98,6.2,308.7,106.2,D,0
-15.1942,125.5848,316.9,3.3,1.7,2014-08-31,0123,Terra,MODIS,38,6.2,306.1,38.6,D,0
-14.5195,129.9159,322,1.6,1.2,2014-08-31,0123,Terra,MODIS,42,6.2,307.9,14,D,0
-13.9035,130.2328,318.6,1.6,1.2,2014-08-31,0123,Terra,MODIS,32,6.2,305.2,12.3,D,0
-14.5003,129.5984,331.7,1.7,1.3,2014-08-31,0123,Terra,MODIS,80,6.2,308.3,43.3,D,0
-14.0341,130.1822,324.5,1.6,1.2,2014-08-31,0123,Terra,MODIS,62,6.2,306.4,18.4,D,0
-13.9232,129.7931,327.2,1.7,1.3,2014-08-31,0123,Terra,MODIS,73,6.2,301.5,38.2,D,0
-16.1612,128.3201,340.4,2,1.4,2014-08-31,0123,Terra,MODIS,89,6.2,309.8,85.4,D,0
-15.7217,130.3438,322.6,1.4,1.2,2014-08-31,0123,Terra,MODIS,44,6.2,309.9,12.9,D,0
-16.164,128.3137,337.6,2,1.4,2014-08-31,0123,Terra,MODIS,87,6.2,308.3,74.5,D,0
-14.0181,130.1552,341.5,1.6,1.2,2014-08-31,0123,Terra,MODIS,89,6.2,309.3,61.8,D,0
-14.0317,130.1678,324.9,1.6,1.2,2014-08-31,0123,Terra,MODIS,66,6.2,307.4,20.1,D,0
-15.6183,128.2295,324,2,1.4,2014-08-31,0123,Terra,MODIS,66,6.2,310.5,25.2,D,0
-17.8533,122.7425,315.2,4.7,2,2014-08-31,0124,Terra,MODIS,33,6.2,303.5,55.6,D,0
-16.5797,123.6945,315.3,4.3,1.9,2014-08-31,0124,Terra,MODIS,42,6.2,302.2,55.7,D,0
-16.5773,123.7009,315.8,4.3,1.9,2014-08-31,0124,Terra,MODIS,47,6.2,302.5,59.9,D,0
-18.0636,123.6626,326,4,1.9,2014-08-31,0124,Terra,MODIS,75,6.2,306.1,113.3,D,0
-18.2653,127.8413,316.5,1.9,1.4,2014-08-31,0124,Terra,MODIS,50,6.2,306.4,13.8,D,0
-17.722,127.7574,321.3,2,1.4,2014-08-31,0124,Terra,MODIS,57,6.2,306.4,21.8,D,0
-18.8857,130.2479,323.1,1.3,1.1,2014-08-31,0124,Terra,MODIS,45,6.2,306.7,12.7,D,0
-17.7311,127.7363,329,2,1.4,2014-08-31,0124,Terra,MODIS,55,6.2,305.3,42.9,D,0
-17.7368,127.6955,322.4,2,1.4,2014-08-31,0124,Terra,MODIS,40,6.2,303.6,30.1,D,0
-17.7401,127.7146,326.9,2,1.4,2014-08-31,0124,Terra,MODIS,62,6.2,305,42.2,D,0
-17.7237,127.7513,325.5,2,1.4,2014-08-31,0124,Terra,MODIS,57,6.2,306.1,33.1,D,0
-17.7256,127.6918,323.7,2,1.4,2014-08-31,0124,Terra,MODIS,38,6.2,305.1,33,D,0
-17.7291,127.7108,337.5,2,1.4,2014-08-31,0124,Terra,MODIS,81,6.2,307.1,79.4,D,0
-17.7326,127.7298,334,2,1.4,2014-08-31,0124,Terra,MODIS,57,6.2,305.9,61.3,D,0
-19.646,127.4456,319,1.9,1.4,2014-08-31,0124,Terra,MODIS,28,6.2,307.8,14.5,D,0
-18.2138,129.9597,330,1.4,1.2,2014-08-31,0124,Terra,MODIS,72,6.2,310.1,26,D,0
-18.2961,129.965,339.2,1.4,1.2,2014-08-31,0124,Terra,MODIS,78,6.2,309.3,45.1,D,0
-18.3013,129.9579,337.4,1.4,1.2,2014-08-31,0124,Terra,MODIS,86,6.2,310.1,42.9,D,0
-18.8715,130.2251,323.8,1.3,1.1,2014-08-31,0124,Terra,MODIS,42,6.2,307.9,14.5,D,0
-18.8735,130.2375,374.5,1.3,1.1,2014-08-31,0124,Terra,MODIS,100,6.2,314.1,176.7,D,0
-20.1291,127.354,335.5,1.9,1.4,2014-08-31,0124,Terra,MODIS,80,6.2,308.6,65.7,D,0
-18.8756,130.2498,332.1,1.3,1.1,2014-08-31,0124,Terra,MODIS,80,6.2,309.5,26.9,D,0
-18.8837,130.2357,368.4,1.3,1.1,2014-08-31,0124,Terra,MODIS,100,6.2,308.1,147.3,D,0
-20.0954,127.168,318.1,2,1.4,2014-08-31,0124,Terra,MODIS,53,6.2,305.5,14.8,D,0
-20.117,127.3564,333.7,1.9,1.4,2014-08-31,0124,Terra,MODIS,63,6.2,307.2,58.7,D,0
-17.7277,127.7171,334.7,2,1.4,2014-08-31,0124,Terra,MODIS,80,6.2,307.2,67.4,D,0
-17.7244,127.6981,328.8,2,1.4,2014-08-31,0124,Terra,MODIS,57,6.2,306.4,47.8,D,0
-22.9782,122.6425,317.1,3.7,1.8,2014-08-31,0125,Terra,MODIS,59,6.2,305.7,48.3,D,0
-21.279,125.8609,322.4,2.3,1.5,2014-08-31,0125,Terra,MODIS,67,6.2,307.4,28.6,D,0
-21.2744,125.856,330.6,2.3,1.5,2014-08-31,0125,Terra,MODIS,80,6.2,307.9,61.4,D,0
-21.2658,125.8638,327.4,2.3,1.5,2014-08-31,0125,Terra,MODIS,77,6.2,307.4,49.2,D,0
-21.2398,125.7993,318.8,2.4,1.5,2014-08-31,0125,Terra,MODIS,46,6.2,307.5,21,D,0
-28.5554,125.8158,312.7,1.7,1.3,2014-08-31,0127,Terra,MODIS,50,6.2,299.7,11.2,D,0
-21.0687,118.4691,326.3,3.8,1.8,2014-08-31,0303,Terra,MODIS,70,6.2,310.3,76,D,0
-21.0753,118.463,325.9,3.8,1.8,2014-08-31,0303,Terra,MODIS,66,6.2,310.6,72,D,0
-21.2916,118.5038,327.8,3.8,1.8,2014-08-31,0303,Terra,MODIS,75,6.2,311.2,96.5,D,0
-21.2974,118.4961,325.7,3.8,1.8,2014-08-31,0303,Terra,MODIS,65,6.2,309.6,79.9,D,0
-21.7677,119.0613,324.7,4.3,1.9,2014-08-31,0303,Terra,MODIS,70,6.2,307,102.3,D,0
-21.7695,119.0543,318.8,4.3,1.9,2014-08-31,0303,Terra,MODIS,49,6.2,306.6,60.1,D,0
-21.7712,119.1022,335.9,4.3,1.9,2014-08-31,0303,Terra,MODIS,84,6.2,310.2,220.2,D,0
-21.7901,119.0939,335.3,4.3,1.9,2014-08-31,0303,Terra,MODIS,84,6.2,304.7,220.5,D,0
-21.7728,119.0952,347.3,4.3,1.9,2014-08-31,0303,Terra,MODIS,93,6.2,310.1,389.3,D,0
-21.7924,119.0885,325.1,4.3,1.9,2014-08-31,0303,Terra,MODIS,70,6.2,303.9,113.6,D,0
-21.7209,119.0994,320.1,4.3,1.9,2014-08-31,0303,Terra,MODIS,37,6.2,307,59.5,D,0
-21.7241,119.1413,322.8,4.3,1.9,2014-08-31,0303,Terra,MODIS,53,6.2,309.7,78.5,D,0
-21.7193,119.1062,325.8,4.3,1.9,2014-08-31,0303,Terra,MODIS,72,6.2,307.7,112.4,D,0
-21.7228,119.1483,322,4.3,1.9,2014-08-31,0303,Terra,MODIS,63,6.2,309.7,76.5,D,0
-20.978,119.6601,326.9,4.6,2,2014-08-31,0303,Terra,MODIS,69,6.2,306.9,135.6,D,0
-20.9958,119.6583,322.3,4.6,2,2014-08-31,0303,Terra,MODIS,62,6.2,306.1,102.1,D,0
-20.9772,119.6549,326.2,4.6,2,2014-08-31,0303,Terra,MODIS,71,6.2,306.7,134.6,D,0
-20.9996,119.7025,346.6,4.6,2,2014-08-31,0303,Terra,MODIS,92,6.2,308,422,D,0
-20.9985,119.6974,346,4.6,2,2014-08-31,0303,Terra,MODIS,92,6.2,308,405,D,0
-20.9602,119.6622,333.1,4.6,2,2014-08-31,0303,Terra,MODIS,81,6.2,309.1,204.1,D,0
-20.9594,119.6572,334.7,4.6,2,2014-08-31,0303,Terra,MODIS,82,6.2,309.2,219.1,D,0
-21.092,118.5404,331.6,3.8,1.8,2014-08-31,0303,Terra,MODIS,75,6.2,311,117.4,D,0
-21.0981,118.5344,329.8,3.8,1.8,2014-08-31,0303,Terra,MODIS,77,6.2,311.3,105.2,D,0
-41.7696,147.7234,301.4,1.1,1,2014-08-31,0403,Aqua,MODIS,46,6.2,291.3,5,D,0
-36.8549,147.7545,320.4,1,1,2014-08-31,0404,Aqua,MODIS,80,6.2,289.2,19.5,D,0
-36.8565,147.7431,307.8,1,1,2014-08-31,0404,Aqua,MODIS,66,6.2,289.5,8.9,D,0
-36.8474,147.741,326.1,1,1,2014-08-31,0404,Aqua,MODIS,84,6.2,290.9,24.5,D,0
-36.9516,147.9218,300,1,1,2014-08-31,0404,Aqua,MODIS,18,6.2,288.4,4.6,D,0
-36.9531,147.9104,302.9,1,1,2014-08-31,0404,Aqua,MODIS,54,6.2,289,6.4,D,0
-36.995,147.4566,303.1,1,1,2014-08-31,0404,Aqua,MODIS,46,6.2,291.7,5.4,D,0
-36.9935,147.4682,323.2,1,1,2014-08-31,0404,Aqua,MODIS,82,6.2,290.2,22,D,0
-35.7605,145.5462,325.9,1.2,1.1,2014-08-31,0405,Aqua,MODIS,84,6.2,298.8,26.3,D,0
-35.0162,145.974,331.8,1.1,1,2014-08-31,0405,Aqua,MODIS,86,6.2,299,29.9,D,0
-35.6619,145.444,313.1,1.2,1.1,2014-08-31,0405,Aqua,MODIS,71,6.2,298.4,10.9,D,0
-36.5068,144.8794,317.6,1.3,1.1,2014-08-31,0405,Aqua,MODIS,78,6.2,294,19.4,D,0
-35.5672,145.5519,319,1.2,1.1,2014-08-31,0405,Aqua,MODIS,75,6.2,296.8,16,D,0
-35.4087,145.6795,314.7,1.1,1.1,2014-08-31,0405,Aqua,MODIS,71,6.2,299.3,11.2,D,0
-35.5545,145.5758,319.6,1.2,1.1,2014-08-31,0405,Aqua,MODIS,78,6.2,296.6,17.2,D,0
-34.2663,144.0148,319.7,1.3,1.1,2014-08-31,0405,Aqua,MODIS,63,6.2,307.5,12.4,D,0
-35.0177,145.9619,343.6,1.1,1,2014-08-31,0405,Aqua,MODIS,92,6.2,302.5,51.2,D,0
-35.3453,144.7583,315.3,1.2,1.1,2014-08-31,0405,Aqua,MODIS,70,6.2,301,11.4,D,0
-34.2722,144.0212,390,1.3,1.1,2014-08-31,0405,Aqua,MODIS,87,6.2,313,282.4,D,0
-35.0272,145.9636,319.8,1.1,1,2014-08-31,0405,Aqua,MODIS,75,6.2,299,15.1,D,0
-35.6773,145.5654,318.1,1.2,1.1,2014-08-31,0405,Aqua,MODIS,77,6.2,295.9,16.1,D,0
-34.2841,144.0084,345.6,1.3,1.1,2014-08-31,0405,Aqua,MODIS,93,6.2,309.4,68.4,D,0
-35.6023,145.2531,317.7,1.2,1.1,2014-08-31,0405,Aqua,MODIS,76,6.2,298.6,16.6,D,0
-35.3783,145.6868,321,1.1,1.1,2014-08-31,0405,Aqua,MODIS,78,6.2,298.7,17.1,D,0
-35.5591,145.5374,329.2,1.2,1.1,2014-08-31,0405,Aqua,MODIS,85,6.2,297.8,30.7,D,0
-35.687,145.5671,309.2,1.2,1.1,2014-08-31,0405,Aqua,MODIS,51,6.2,296.7,7.3,D,0
-35.8466,145.2406,310.1,1.2,1.1,2014-08-31,0405,Aqua,MODIS,48,6.2,294.6,9.1,D,0
-35.7589,145.5591,324.3,1.2,1.1,2014-08-31,0405,Aqua,MODIS,82,6.2,295.8,24.1,D,0
-34.4607,146.1747,320.5,1.1,1,2014-08-31,0405,Aqua,MODIS,75,6.2,303.1,14.1,D,0
-34.4671,150.8867,309.8,1.1,1.1,2014-08-31,0405,Aqua,MODIS,51,6.2,295.8,6.5,D,2
-35.4102,145.6669,310.6,1.1,1.1,2014-08-31,0405,Aqua,MODIS,64,6.2,299.6,7.4,D,0
-34.2758,146.1876,322.2,1.1,1,2014-08-31,0405,Aqua,MODIS,76,6.2,301.3,15.9,D,0
-35.0257,145.9758,317.6,1.1,1,2014-08-31,0405,Aqua,MODIS,72,6.2,299,12.9,D,0
-35.56,145.0086,310.2,1.2,1.1,2014-08-31,0405,Aqua,MODIS,39,6.2,296.4,7.2,D,0
-34.2738,144.0068,384.1,1.3,1.1,2014-08-31,0405,Aqua,MODIS,100,6.2,311.3,242.5,D,0
-35.5768,145.039,322.8,1.2,1.1,2014-08-31,0405,Aqua,MODIS,80,6.2,297.9,22.2,D,0
-35.659,145.7182,328.8,1.1,1.1,2014-08-31,0405,Aqua,MODIS,85,6.2,298.1,30.6,D,0
-35.5688,145.5391,332.9,1.2,1.1,2014-08-31,0405,Aqua,MODIS,88,6.2,299.6,37.3,D,0
-35.6007,145.2663,344.6,1.2,1.1,2014-08-31,0405,Aqua,MODIS,93,6.2,298,62.8,D,0
-34.4117,146.3324,314.6,1.1,1,2014-08-31,0405,Aqua,MODIS,67,6.2,300.7,9.4,D,0
-35.5752,145.0524,315.4,1.2,1.1,2014-08-31,0405,Aqua,MODIS,73,6.2,296.5,13.2,D,0
-35.8367,145.2388,320.3,1.2,1.1,2014-08-31,0405,Aqua,MODIS,79,6.2,295.1,20.8,D,0
-34.2825,144.0228,363.5,1.3,1.1,2014-08-31,0405,Aqua,MODIS,94,6.2,306.2,131.6,D,0
-35.4223,144.9726,313.9,1.2,1.1,2014-08-31,0405,Aqua,MODIS,69,6.2,301.2,10,D,0
-33.5329,146.95,311.7,1,1,2014-08-31,0405,Aqua,MODIS,62,6.2,301.4,6.9,D,0
-35.4239,144.9591,322.1,1.2,1.1,2014-08-31,0405,Aqua,MODIS,79,6.2,301.2,20.1,D,0
-34.8286,145.778,312.7,1.1,1.1,2014-08-31,0405,Aqua,MODIS,48,6.2,300.1,7.4,D,0
-35.6997,145.8083,306.6,1.1,1.1,2014-08-31,0405,Aqua,MODIS,54,6.2,295.3,5.2,D,0
-35.6575,145.7309,349.2,1.1,1.1,2014-08-31,0405,Aqua,MODIS,95,6.2,298.9,71,D,0
-34.231,150.5816,305.6,1.1,1.1,2014-08-31,0405,Aqua,MODIS,62,6.2,295.1,5.2,D,0
-35.2586,149.0846,304.8,1,1,2014-08-31,0405,Aqua,MODIS,56,6.2,293,4.5,D,0
-35.4822,148.1854,301.5,1,1,2014-08-31,0405,Aqua,MODIS,47,6.2,290.3,4.1,D,0
-35.6506,148.0334,300.1,1,1,2014-08-31,0405,Aqua,MODIS,21,6.2,289.1,3.7,D,0
-35.5705,147.9536,300.9,1,1,2014-08-31,0405,Aqua,MODIS,33,6.2,290.5,3.1,D,0
-35.2982,144.0902,321.5,1.3,1.1,2014-08-31,0405,Aqua,MODIS,78,6.2,296.1,23.3,D,0
-35.58,144.1989,318,1.3,1.1,2014-08-31,0405,Aqua,MODIS,76,6.2,294.4,19.7,D,0
-35.307,144.1067,312.8,1.3,1.1,2014-08-31,0405,Aqua,MODIS,48,6.2,298.3,10,D,0
-35.5816,144.1841,312.1,1.3,1.1,2014-08-31,0405,Aqua,MODIS,69,6.2,294.6,12.5,D,0
-35.3086,144.0919,332.5,1.3,1.1,2014-08-31,0405,Aqua,MODIS,86,6.2,299.1,42.2,D,0
-30.1541,149.9552,312.7,1.2,1.1,2014-08-31,0406,Aqua,MODIS,58,6.2,297.2,9.1,D,0
-29.3436,152.7335,314,1.8,1.3,2014-08-31,0406,Aqua,MODIS,71,6.2,295.5,21.3,D,0
-29.969,147.3888,328.8,1,1,2014-08-31,0406,Aqua,MODIS,78,6.2,305.5,16.8,D,0
-32.1909,147.2198,310.6,1,1,2014-08-31,0406,Aqua,MODIS,59,6.2,298.7,5.7,D,0
-29.5716,148.1332,318.5,1,1,2014-08-31,0406,Aqua,MODIS,61,6.2,306.5,6,D,0
-30.8049,147.8976,315.5,1,1,2014-08-31,0406,Aqua,MODIS,66,6.2,301.5,6.6,D,0
-29.8862,148.0083,321.3,1,1,2014-08-31,0406,Aqua,MODIS,68,6.2,307.3,8.7,D,0
-30.7582,145.9464,317.6,1,1,2014-08-31,0406,Aqua,MODIS,64,6.2,300.2,10.6,D,0
-29.8938,148.0046,348.3,1,1,2014-08-31,0406,Aqua,MODIS,94,6.2,309.3,48.5,D,0
-29.3469,152.7156,316.1,1.8,1.3,2014-08-31,0406,Aqua,MODIS,74,6.2,294.7,24.7,D,0
-29.8878,147.9977,319.9,1,1,2014-08-31,0406,Aqua,MODIS,64,6.2,308.4,7.3,D,0
-29.9675,147.3992,321.7,1,1,2014-08-31,0406,Aqua,MODIS,67,6.2,305.3,9.3,D,0
-27.6956,152.6607,351.4,1.9,1.3,2014-08-31,0407,Aqua,MODIS,96,6.2,301,148,D,0
-27.6996,152.674,319.9,1.9,1.3,2014-08-31,0407,Aqua,MODIS,74,6.2,297.8,28,D,0
-27.6912,152.6521,326.7,1.9,1.3,2014-08-31,0407,Aqua,MODIS,75,6.2,301.2,43.8,D,0
-27.6876,152.671,348.3,1.9,1.3,2014-08-31,0407,Aqua,MODIS,94,6.2,301.4,130.4,D,0
-27.6919,152.6797,334.9,1.9,1.3,2014-08-31,0407,Aqua,MODIS,87,6.2,299.2,73.3,D,0
-28.5388,150.3985,328,1.3,1.1,2014-08-31,0407,Aqua,MODIS,81,6.2,301.3,30.2,D,0
-27.8613,151.2231,319.8,1.5,1.2,2014-08-31,0407,Aqua,MODIS,72,6.2,300.6,21,D,0
-26.4045,151.03,317.1,1.6,1.2,2014-08-31,0407,Aqua,MODIS,65,6.2,297.5,18.8,D,0
-26.4073,151.0144,323.5,1.6,1.2,2014-08-31,0407,Aqua,MODIS,75,6.2,299.4,30.7,D,0
-26.0127,149.9752,328,1.4,1.2,2014-08-31,0407,Aqua,MODIS,78,6.2,307.9,23.4,D,0
-26.6126,147.4841,319.3,1,1,2014-08-31,0407,Aqua,MODIS,43,6.2,307.2,6.8,D,0
-26.3936,151.0272,317.5,1.6,1.2,2014-08-31,0407,Aqua,MODIS,46,6.2,298.4,18.6,D,0
-26.5199,151.5943,314.2,1.7,1.3,2014-08-31,0407,Aqua,MODIS,50,6.2,299.4,11.2,D,0
-26.5098,151.6039,338.7,1.7,1.3,2014-08-31,0407,Aqua,MODIS,89,6.2,303.4,73.1,D,0
-26.5168,151.6111,333.9,1.7,1.3,2014-08-31,0407,Aqua,MODIS,85,6.2,302.2,57.6,D,0
-25.4032,149.1525,346.1,1.3,1.1,2014-08-31,0407,Aqua,MODIS,93,6.2,303.6,66.2,D,0
-26.189,150.3616,312.7,1.4,1.2,2014-08-31,0407,Aqua,MODIS,43,6.2,300,10.3,D,0
-26.1916,150.3474,328.3,1.4,1.2,2014-08-31,0407,Aqua,MODIS,80,6.2,302.5,35.8,D,0
-26.1864,150.3556,322.3,1.4,1.2,2014-08-31,0407,Aqua,MODIS,73,6.2,300.9,24.7,D,0
-25.4173,149.1294,323.6,1.3,1.1,2014-08-31,0407,Aqua,MODIS,74,6.2,303.1,20,D,0
-26.1888,150.3414,319,1.4,1.2,2014-08-31,0407,Aqua,MODIS,67,6.2,302.3,18.6,D,0
-26.0891,151.849,319.1,1.8,1.3,2014-08-31,0407,Aqua,MODIS,65,6.2,303.7,20.5,D,0
-25.4152,149.1419,313.9,1.3,1.1,2014-08-31,0407,Aqua,MODIS,36,6.2,302.7,8.1,D,0
-25.4053,149.1399,351.3,1.3,1.1,2014-08-31,0407,Aqua,MODIS,96,6.2,307,80.8,D,0
-26.015,149.9616,343.5,1.4,1.2,2014-08-31,0407,Aqua,MODIS,91,6.2,310.4,59.6,D,0
-25.4194,149.1171,328.5,1.3,1.1,2014-08-31,0407,Aqua,MODIS,80,6.2,303.7,27.3,D,0
-26.3024,150.8249,328.8,1.5,1.2,2014-08-31,0407,Aqua,MODIS,60,6.2,299.7,36.4,D,0
-26.3159,150.8124,330.3,1.5,1.2,2014-08-31,0407,Aqua,MODIS,72,6.2,300.9,40.4,D,0
-26.3051,150.81,327.9,1.5,1.2,2014-08-31,0407,Aqua,MODIS,51,6.2,301.3,33.9,D,0
-25.3629,149.8629,314.2,1.4,1.2,2014-08-31,0407,Aqua,MODIS,29,6.2,301.4,7.9,D,0
-24.0095,151.2845,317.4,1.8,1.3,2014-08-31,0408,Aqua,MODIS,53,6.2,299.4,21.7,D,0
-23.9978,151.2818,340.1,1.8,1.3,2014-08-31,0408,Aqua,MODIS,89,6.2,302.8,88.4,D,0
-23.8968,149.259,337.7,1.3,1.1,2014-08-31,0408,Aqua,MODIS,82,6.2,303.3,47.8,D,0
-24.8396,150.9861,314.2,1.7,1.3,2014-08-31,0408,Aqua,MODIS,54,6.2,298.7,15.9,D,0
-24.7931,151.3777,334.8,1.8,1.3,2014-08-31,0408,Aqua,MODIS,86,6.2,300.4,69.5,D,0
-24.79,151.3952,316.6,1.8,1.3,2014-08-31,0408,Aqua,MODIS,26,6.2,295.9,22.9,D,0
-23.4326,149.8065,317.5,1.5,1.2,2014-08-31,0408,Aqua,MODIS,18,6.2,305.9,10.8,D,0
-23.4218,149.8041,338.6,1.5,1.2,2014-08-31,0408,Aqua,MODIS,87,6.2,305.6,55.4,D,0
-23.395,149.8065,328.7,1.5,1.2,2014-08-31,0408,Aqua,MODIS,75,6.2,301.1,34.9,D,0
-24.8001,151.3865,345.9,1.8,1.3,2014-08-31,0408,Aqua,MODIS,93,6.2,299.3,113.6,D,0
-24.8047,151.3805,326.2,1.8,1.3,2014-08-31,0408,Aqua,MODIS,74,6.2,298.3,44.1,D,0
-24.8033,151.3691,319.9,1.8,1.3,2014-08-31,0408,Aqua,MODIS,52,6.2,299.2,27.3,D,0
-23.4351,149.7921,317,1.5,1.2,2014-08-31,0408,Aqua,MODIS,14,6.2,305.8,10.6,D,0
-23.4244,149.7898,330.9,1.5,1.2,2014-08-31,0408,Aqua,MODIS,80,6.2,304.8,36,D,0
-23.4189,149.7964,327.7,1.5,1.2,2014-08-31,0408,Aqua,MODIS,68,6.2,305.5,29.8,D,0
-23.4082,149.7941,318.4,1.5,1.2,2014-08-31,0408,Aqua,MODIS,20,6.2,304.2,15.1,D,0
-23.3974,149.792,340.4,1.5,1.2,2014-08-31,0408,Aqua,MODIS,88,6.2,304.9,64.5,D,0
-24.8425,150.9701,312.5,1.7,1.3,2014-08-31,0408,Aqua,MODIS,43,6.2,300.6,14.4,D,0
-24.003,151.3201,316.1,1.8,1.3,2014-08-31,0408,Aqua,MODIS,50,6.2,300,19.9,D,0
-23.8865,149.2566,329.8,1.3,1.1,2014-08-31,0408,Aqua,MODIS,56,6.2,301.9,30.6,D,0
-24.8403,151.4319,337.7,1.8,1.3,2014-08-31,0408,Aqua,MODIS,88,6.2,298,77.4,D,0
-24.8349,151.3948,322.3,1.8,1.3,2014-08-31,0408,Aqua,MODIS,35,6.2,299.6,31.4,D,0
-24.2257,149.4338,320,1.4,1.2,2014-08-31,0408,Aqua,MODIS,43,6.2,304.4,13.3,D,0
-24.2084,149.4718,323.4,1.4,1.2,2014-08-31,0408,Aqua,MODIS,71,6.2,304.1,20.8,D,0
-24.2128,149.466,327.3,1.4,1.2,2014-08-31,0408,Aqua,MODIS,73,6.2,305,25.9,D,0
-24.1965,149.4349,321.5,1.4,1.2,2014-08-31,0408,Aqua,MODIS,65,6.2,305.2,16.4,D,0
-24.7698,151.3724,316.2,1.8,1.3,2014-08-31,0408,Aqua,MODIS,54,6.2,297.1,21.9,D,0
-21.5492,149.3321,318.5,1.5,1.2,2014-08-31,0408,Aqua,MODIS,60,6.2,300,19.3,D,0
-21.5516,149.3179,316.1,1.5,1.2,2014-08-31,0408,Aqua,MODIS,49,6.2,300.3,16.4,D,0
-21.5531,149.3237,317.2,1.5,1.2,2014-08-31,0408,Aqua,MODIS,37,6.2,299.9,16.4,D,0
-19.2847,147.0054,338.4,1.2,1.1,2014-08-31,0409,Aqua,MODIS,86,6.2,303.4,42.6,D,0
-18.4275,146.1264,314,1.1,1,2014-08-31,0409,Aqua,MODIS,50,6.2,297.5,10.7,D,0
-20.4805,134.24,323.6,4.1,1.9,2014-08-31,0409,Aqua,MODIS,49,6.2,309.4,75.6,D,0
-20.4933,134.2329,322.5,4.1,1.9,2014-08-31,0409,Aqua,MODIS,30,6.2,309.4,64.7,D,0
-19.8772,146.6344,321.6,1.1,1.1,2014-08-31,0409,Aqua,MODIS,56,6.2,308.9,8.4,D,0
-19.8789,146.6239,321.8,1.1,1.1,2014-08-31,0409,Aqua,MODIS,57,6.2,309.3,8.2,D,0
-19.8728,146.627,325.9,1.1,1.1,2014-08-31,0409,Aqua,MODIS,70,6.2,309.1,14.5,D,0
-18.9358,133.8705,323.2,4.1,1.9,2014-08-31,0410,Aqua,MODIS,41,6.2,309.9,74.5,D,0
-18.9331,133.8662,321.5,4.1,1.9,2014-08-31,0410,Aqua,MODIS,47,6.2,310.2,65.3,D,0
-17.6723,138.2646,328.8,1.9,1.3,2014-08-31,0410,Aqua,MODIS,66,6.2,313,24.9,D,0
-17.6342,138.2774,331.2,1.9,1.3,2014-08-31,0410,Aqua,MODIS,65,6.2,315.5,36.6,D,0
-17.6222,138.2758,352.6,1.9,1.3,2014-08-31,0410,Aqua,MODIS,95,6.2,314.3,129.4,D,0
-17.6176,138.2699,331.6,1.9,1.3,2014-08-31,0410,Aqua,MODIS,64,6.2,311.8,38.7,D,0
-17.2138,135.1641,340.1,3.1,1.7,2014-08-31,0410,Aqua,MODIS,88,6.2,315.1,163.6,D,0
-17.1957,135.192,334.2,3.1,1.7,2014-08-31,0410,Aqua,MODIS,83,6.2,313.5,98,D,0
-17.1986,135.1625,344.5,3.1,1.7,2014-08-31,0410,Aqua,MODIS,91,6.2,311.6,198.9,D,0
-17.2166,135.1599,347.4,3.1,1.7,2014-08-31,0410,Aqua,MODIS,93,6.2,314.5,236.7,D,0
-17.1983,135.1878,337.2,3.1,1.7,2014-08-31,0410,Aqua,MODIS,85,6.2,313.9,123.4,D,0
-17.2014,135.1583,341.5,3.1,1.7,2014-08-31,0410,Aqua,MODIS,89,6.2,311.6,172.3,D,0
-17.1832,135.1862,336.7,3.1,1.7,2014-08-31,0410,Aqua,MODIS,85,6.2,312.8,118.4,D,0
-17.1862,135.1566,391.8,3.1,1.7,2014-08-31,0410,Aqua,MODIS,100,6.2,315.5,1025.7,D,0
-17.1711,135.155,358.4,3.1,1.7,2014-08-31,0410,Aqua,MODIS,99,6.2,310.3,372,D,0
-16.0519,137.1158,334.4,2.1,1.4,2014-08-31,0410,Aqua,MODIS,82,6.2,305.4,71.6,D,0
-17.6958,138.3273,326.3,1.8,1.3,2014-08-31,0410,Aqua,MODIS,64,6.2,314,17.6,D,0
-17.1284,135.1208,327,3.2,1.7,2014-08-31,0410,Aqua,MODIS,56,6.2,307.1,76.4,D,0
-17.1305,135.114,325.4,3.2,1.7,2014-08-31,0410,Aqua,MODIS,45,6.2,305.9,68.1,D,0
-17.0849,135.1093,327.6,3.2,1.7,2014-08-31,0410,Aqua,MODIS,46,6.2,305.6,76.4,D,0
-17.0212,135.1316,339.4,3.1,1.7,2014-08-31,0410,Aqua,MODIS,69,6.2,306.6,157.9,D,0
-17.0239,135.1277,343.2,3.1,1.7,2014-08-31,0410,Aqua,MODIS,88,6.2,307.4,197.2,D,0
-17.0726,135.1035,331.1,3.2,1.7,2014-08-31,0410,Aqua,MODIS,35,6.2,306.6,95.4,D,0
-17.2042,135.2769,326.3,3.1,1.7,2014-08-31,0410,Aqua,MODIS,35,6.2,312,60.9,D,0
-17.156,135.3011,330.1,3.1,1.7,2014-08-31,0410,Aqua,MODIS,66,6.2,308.8,83.8,D,0
-17.159,135.2723,328.7,3.1,1.7,2014-08-31,0410,Aqua,MODIS,54,6.2,310.5,69.5,D,0
-17.1017,135.2368,331,3.1,1.7,2014-08-31,0410,Aqua,MODIS,60,6.2,310.4,82.4,D,0
-17.103,135.2299,326.7,3.1,1.7,2014-08-31,0410,Aqua,MODIS,46,6.2,310.7,58,D,0
-17.0456,135.1941,328.3,3.1,1.7,2014-08-31,0410,Aqua,MODIS,39,6.2,308.7,69.5,D,0
-17.1255,135.1503,326.5,3.1,1.7,2014-08-31,0410,Aqua,MODIS,63,6.2,308.7,67,D,0
-17.1243,135.1729,326.7,3.1,1.7,2014-08-31,0410,Aqua,MODIS,30,6.2,309.6,58.1,D,0
-17.1274,135.1435,325.3,3.1,1.7,2014-08-31,0410,Aqua,MODIS,52,6.2,308.2,62.5,D,0
-17.2167,135.1345,364.1,3.2,1.7,2014-08-31,0410,Aqua,MODIS,100,6.2,310.5,461.5,D,0
-17.2197,135.1303,358.1,3.2,1.7,2014-08-31,0410,Aqua,MODIS,99,6.2,309.4,375.8,D,0
-17.1893,135.127,363.9,3.2,1.7,2014-08-31,0410,Aqua,MODIS,100,6.2,309.2,460,D,0
-17.1741,135.1254,342.5,3.2,1.7,2014-08-31,0410,Aqua,MODIS,90,6.2,306,201.9,D,0
-16.5472,139.4488,325.3,1.5,1.2,2014-08-31,0410,Aqua,MODIS,0,6.2,309.2,20.7,D,0
-16.0752,137.1389,338.9,2.1,1.4,2014-08-31,0410,Aqua,MODIS,86,6.2,305.2,95.1,D,0
-16.067,137.0973,343.6,2.2,1.4,2014-08-31,0410,Aqua,MODIS,90,6.2,304.8,116.8,D,0
-16.5507,139.4212,326.6,1.5,1.2,2014-08-31,0410,Aqua,MODIS,42,6.2,307.8,22.1,D,0
-16.0822,137.0787,321.8,2.2,1.4,2014-08-31,0410,Aqua,MODIS,61,6.2,304.1,27.6,D,0
-16.0647,137.1173,355,2.1,1.4,2014-08-31,0410,Aqua,MODIS,97,6.2,307.3,189.4,D,0
-16.0775,137.1189,378.3,2.1,1.4,2014-08-31,0410,Aqua,MODIS,100,6.2,308.4,414.6,D,0
-16.0624,137.1373,326.1,2.1,1.4,2014-08-31,0410,Aqua,MODIS,61,6.2,305,40.6,D,0
-16.0799,137.0989,324.3,2.2,1.4,2014-08-31,0410,Aqua,MODIS,68,6.2,304,34.8,D,0
-19.6245,134.4066,321.9,3.8,1.8,2014-08-31,0410,Aqua,MODIS,44,6.2,310.5,51.6,D,0
-17.7264,138.9526,328.5,1.7,1.3,2014-08-31,0410,Aqua,MODIS,72,6.2,315.3,20.9,D,0
-17.7282,138.937,333.6,1.7,1.3,2014-08-31,0410,Aqua,MODIS,79,6.2,315.7,35.1,D,0
-18.9324,133.9102,321.9,4.1,1.9,2014-08-31,0410,Aqua,MODIS,45,6.2,307.3,65.6,D,0
-18.9294,133.906,323.6,4.1,1.9,2014-08-31,0410,Aqua,MODIS,62,6.2,307.7,81.1,D,0
-19.6192,134.4018,322,3.8,1.8,2014-08-31,0410,Aqua,MODIS,49,6.2,310.3,54.3,D,0
-15.2586,141.8326,327.1,1.1,1,2014-08-31,0410,Aqua,MODIS,16,6.2,310.3,11.2,D,0
-15.3108,145.2423,317.8,1.1,1,2014-08-31,0410,Aqua,MODIS,51,6.2,299.7,11,D,0
-16.0429,136.5087,325.3,2.4,1.5,2014-08-31,0410,Aqua,MODIS,43,6.2,310.2,22.2,D,0
-14.8828,144.9214,318.7,1.1,1,2014-08-31,0410,Aqua,MODIS,20,6.2,300.9,9.1,D,0
-16.091,136.4465,341.6,2.4,1.5,2014-08-31,0410,Aqua,MODIS,76,6.2,307.3,120.2,D,0
-16.0857,136.4529,351,2.4,1.5,2014-08-31,0410,Aqua,MODIS,95,6.2,310.2,188.7,D,0
-14.8988,144.9195,332.6,1.1,1,2014-08-31,0410,Aqua,MODIS,82,6.2,299.9,26.4,D,0
-15.2914,145.2634,319.2,1.1,1,2014-08-31,0410,Aqua,MODIS,42,6.2,300.2,11.5,D,0
-16.0723,136.4897,335.8,2.4,1.5,2014-08-31,0410,Aqua,MODIS,54,6.2,311,72.7,D,0
-16.2158,144.6187,336.3,1,1,2014-08-31,0410,Aqua,MODIS,85,6.2,309.8,26.8,D,0
-16.0775,136.445,373.8,2.4,1.5,2014-08-31,0410,Aqua,MODIS,100,6.2,311.1,421.2,D,0
-15.3,145.2508,351.9,1.1,1,2014-08-31,0410,Aqua,MODIS,95,6.2,302.7,66.2,D,0
-14.872,144.9303,320.9,1.1,1,2014-08-31,0410,Aqua,MODIS,28,6.2,302.7,10.9,D,0
-15.3415,144.7367,326.1,1,1,2014-08-31,0410,Aqua,MODIS,65,6.2,305.8,13.6,D,0
-15.2506,141.8214,333.5,1.1,1,2014-08-31,0410,Aqua,MODIS,73,6.2,309.2,20.8,D,0
-15.9443,136.5815,325.7,2.3,1.5,2014-08-31,0410,Aqua,MODIS,63,6.2,310.7,25,D,0
-16.2144,144.6282,345.5,1,1,2014-08-31,0410,Aqua,MODIS,92,6.2,308.1,43.3,D,0
-15.3358,144.7755,335.8,1,1,2014-08-31,0410,Aqua,MODIS,84,6.2,305.3,26.1,D,0
-15.2984,145.2608,355.3,1.1,1,2014-08-31,0410,Aqua,MODIS,97,6.2,303.6,75.2,D,0
-16.2211,144.6352,324.4,1,1,2014-08-31,0410,Aqua,MODIS,27,6.2,305.9,8.5,D,0
-15.3438,144.6583,326.4,1,1,2014-08-31,0410,Aqua,MODIS,64,6.2,298.9,14.6,D,0
-16.1621,144.542,334.2,1,1,2014-08-31,0410,Aqua,MODIS,83,6.2,308.2,21.5,D,0
-16.2262,136.7057,326.8,2.3,1.5,2014-08-31,0410,Aqua,MODIS,42,6.2,310.3,35.5,D,0
-16.2226,144.6256,327.3,1,1,2014-08-31,0410,Aqua,MODIS,56,6.2,308.4,12.7,D,0
-16.0992,136.4544,344.3,2.4,1.5,2014-08-31,0410,Aqua,MODIS,90,6.2,308.3,137.6,D,0
-16.2081,144.6078,321.4,1,1,2014-08-31,0410,Aqua,MODIS,39,6.2,308.7,8.2,D,0
-16.0749,136.4673,339,2.4,1.5,2014-08-31,0410,Aqua,MODIS,63,6.2,309.9,93.7,D,0
-16.065,136.012,326.3,2.6,1.6,2014-08-31,0410,Aqua,MODIS,40,6.2,312.5,33.8,D,0
-16.0722,136.4513,356.1,2.4,1.5,2014-08-31,0410,Aqua,MODIS,96,6.2,308.7,227.5,D,0
-15.3372,144.7658,330.3,1,1,2014-08-31,0410,Aqua,MODIS,79,6.2,303.9,17.8,D,0
-16.0837,144.32,324.8,1,1,2014-08-31,0410,Aqua,MODIS,70,6.2,312.4,7.9,D,0
-16.2067,144.6173,338.9,1,1,2014-08-31,0410,Aqua,MODIS,87,6.2,307.8,31.8,D,0
-15.5268,145.0961,320.1,1.1,1,2014-08-31,0410,Aqua,MODIS,45,6.2,301.8,8.9,D,0
-15.4323,142.9009,322.7,1,1,2014-08-31,0410,Aqua,MODIS,50,6.2,309.5,6.7,D,0
-16.0788,144.5415,324.1,1,1,2014-08-31,0410,Aqua,MODIS,39,6.2,308.2,9.3,D,0
-16.4942,145.1627,321.8,1.1,1,2014-08-31,0410,Aqua,MODIS,55,6.2,300,14.4,D,0
-16.0674,136.4961,332.9,2.4,1.5,2014-08-31,0410,Aqua,MODIS,25,6.2,310.8,57.3,D,0
-15.556,145.0907,338,1.1,1,2014-08-31,0410,Aqua,MODIS,86,6.2,304.5,32.9,D,0
-16.0563,136.5104,331.2,2.4,1.5,2014-08-31,0410,Aqua,MODIS,55,6.2,311.1,47.4,D,0
-15.3449,144.7769,326.1,1,1,2014-08-31,0410,Aqua,MODIS,73,6.2,306.8,12.9,D,0
-15.5653,145.0921,318.5,1.1,1,2014-08-31,0410,Aqua,MODIS,44,6.2,301.5,7.1,D,0
-15.3464,144.7673,331.1,1,1,2014-08-31,0410,Aqua,MODIS,80,6.2,304.6,18.8,D,0
-15.3435,144.7866,323.5,1,1,2014-08-31,0410,Aqua,MODIS,62,6.2,305.1,8.8,D,0
-16.0462,136.5987,328.2,2.3,1.5,2014-08-31,0410,Aqua,MODIS,63,6.2,310.1,39.9,D,0
-15.5283,145.0862,324.3,1.1,1,2014-08-31,0410,Aqua,MODIS,65,6.2,304.9,13.3,D,0
-16.0921,136.0692,346.8,2.6,1.5,2014-08-31,0410,Aqua,MODIS,92,6.2,311,161.2,D,0
-15.3429,144.7272,324.1,1,1,2014-08-31,0410,Aqua,MODIS,39,6.2,302.1,11.2,D,0
-16.0895,136.0931,325.7,2.6,1.5,2014-08-31,0410,Aqua,MODIS,59,6.2,309.3,33.6,D,0
-16.1712,144.5434,329.2,1,1,2014-08-31,0410,Aqua,MODIS,74,6.2,309.8,14.5,D,0
-15.3338,144.7257,355.9,1,1,2014-08-31,0410,Aqua,MODIS,98,6.2,306.8,68.7,D,0
-15.5342,145.0468,325,1.1,1,2014-08-31,0410,Aqua,MODIS,71,6.2,304.3,14,D,0
-16.0487,136.5768,328.6,2.4,1.5,2014-08-31,0410,Aqua,MODIS,64,6.2,309.3,42.8,D,0
-15.2929,145.2533,344.6,1.1,1,2014-08-31,0410,Aqua,MODIS,75,6.2,302.8,51.2,D,0
-15.3324,144.7353,349.7,1,1,2014-08-31,0410,Aqua,MODIS,94,6.2,306.3,53.5,D,0
-15.5181,144.977,324.3,1.1,1,2014-08-31,0410,Aqua,MODIS,70,6.2,304.2,14.3,D,0
-15.367,144.6916,343.6,1,1,2014-08-31,0410,Aqua,MODIS,87,6.2,306.1,39.7,D,0
-15.5262,144.9749,332.9,1.1,1,2014-08-31,0410,Aqua,MODIS,81,6.2,303,25.1,D,0
-15.6405,145.263,319.2,1.1,1,2014-08-31,0410,Aqua,MODIS,39,6.2,298.6,11.4,D,0
-11.798,142.4669,322.7,1,1,2014-08-31,0411,Aqua,MODIS,46,6.2,297.2,11,D,0
-13.8572,135.5344,320.8,2.6,1.6,2014-08-31,0411,Aqua,MODIS,48,6.2,305.3,35.5,D,0
-15.3456,135.1672,325.4,3,1.6,2014-08-31,0411,Aqua,MODIS,59,6.2,310,46.7,D,0
-13.8712,135.5363,339.4,2.6,1.6,2014-08-31,0411,Aqua,MODIS,88,6.2,305.2,133.3,D,0
-13.8241,135.5236,323.8,2.6,1.6,2014-08-31,0411,Aqua,MODIS,46,6.2,304.7,43.7,D,0
-13.815,135.5294,323.5,2.6,1.6,2014-08-31,0411,Aqua,MODIS,52,6.2,306,42.8,D,0
-13.8105,135.6984,318.9,2.6,1.5,2014-08-31,0411,Aqua,MODIS,44,6.2,304.1,30.8,D,0
-13.8131,135.6748,323.2,2.6,1.5,2014-08-31,0411,Aqua,MODIS,69,6.2,305.1,46.8,D,0
-13.782,135.5188,332.8,2.6,1.6,2014-08-31,0411,Aqua,MODIS,82,6.2,305.8,93.5,D,0
-13.8044,135.6909,318.6,2.6,1.5,2014-08-31,0411,Aqua,MODIS,44,6.2,304.6,30.7,D,0
-13.439,141.6434,348.1,1,1,2014-08-31,0411,Aqua,MODIS,93,6.2,303.5,52.3,D,0
-13.4404,141.6337,350.2,1.1,1,2014-08-31,0411,Aqua,MODIS,94,6.2,305.3,57.6,D,0
-13.4417,141.6241,328.8,1.1,1,2014-08-31,0411,Aqua,MODIS,76,6.2,303.9,19.8,D,0
-13.8072,135.6673,319.2,2.6,1.5,2014-08-31,0411,Aqua,MODIS,47,6.2,304.8,30.6,D,0
-12.2589,136.4264,320.7,2.1,1.4,2014-08-31,0411,Aqua,MODIS,51,6.2,300,35.2,D,0
-12.2613,136.4137,329.2,2.1,1.4,2014-08-31,0411,Aqua,MODIS,79,6.2,300.6,60.4,D,0
-12.2636,136.394,340.7,2.1,1.4,2014-08-31,0411,Aqua,MODIS,89,6.2,301.1,109.8,D,0
-15.4795,133.1647,340.7,4.2,1.9,2014-08-31,0411,Aqua,MODIS,88,6.2,307.3,275.6,D,0
-12.2613,136.4068,334.6,2.1,1.4,2014-08-31,0411,Aqua,MODIS,84,6.2,300.9,85.5,D,0
-12.2638,136.3872,329.8,2.1,1.4,2014-08-31,0411,Aqua,MODIS,74,6.2,300.4,62.7,D,0
-13.7129,136.6714,318.1,2.1,1.4,2014-08-31,0411,Aqua,MODIS,39,6.2,299.5,27.1,D,0
-15.4623,133.1629,326.5,4.2,1.9,2014-08-31,0411,Aqua,MODIS,73,6.2,310.1,116,D,0
-15.4773,133.1606,338.8,4.2,1.9,2014-08-31,0411,Aqua,MODIS,87,6.2,307.9,252.5,D,0
-13.7132,136.6646,318.1,2.1,1.4,2014-08-31,0411,Aqua,MODIS,13,6.2,300,25.2,D,0
-13.9177,136.5875,317.3,2.2,1.4,2014-08-31,0411,Aqua,MODIS,30,6.2,303.7,19.4,D,0
-13.946,136.5707,331.4,2.2,1.4,2014-08-31,0411,Aqua,MODIS,81,6.2,302.8,69.2,D,0
-14.1686,136.4257,334.1,2.3,1.5,2014-08-31,0411,Aqua,MODIS,0,6.2,300.1,90.7,D,0
-13.8685,135.5604,340.8,2.6,1.6,2014-08-31,0411,Aqua,MODIS,89,6.2,307,141.9,D,0
-13.8545,135.5586,322.9,2.6,1.6,2014-08-31,0411,Aqua,MODIS,58,6.2,307.8,42.6,D,0
-11.8044,142.4865,344.8,1,1,2014-08-31,0411,Aqua,MODIS,93,6.2,297.6,41.1,D,0
-12.8561,142.9139,333,1,1,2014-08-31,0411,Aqua,MODIS,82,6.2,303.7,22,D,0
-12.7536,135.8911,326.7,2.4,1.5,2014-08-31,0411,Aqua,MODIS,50,6.2,298.2,52.8,D,0
-14.5787,135.2758,323.1,2.8,1.6,2014-08-31,0411,Aqua,MODIS,18,6.2,306.7,39.1,D,0
-13.2297,141.7018,338.7,1,1,2014-08-31,0411,Aqua,MODIS,0,6.2,301.4,33.3,D,0
-12.5745,134.0531,318.2,3.3,1.7,2014-08-31,0411,Aqua,MODIS,50,6.2,305.1,30.2,D,0
-14.5497,135.2725,325,2.8,1.6,2014-08-31,0411,Aqua,MODIS,64,6.2,308.6,50.8,D,0
-14.6187,135.34,334.4,2.8,1.6,2014-08-31,0411,Aqua,MODIS,83,6.2,309.4,105.5,D,0
-13.3297,134.1891,319.9,3.3,1.7,2014-08-31,0411,Aqua,MODIS,59,6.2,306.5,38.9,D,0
-14.581,135.2827,329.1,2.8,1.6,2014-08-31,0411,Aqua,MODIS,67,6.2,306.6,73.9,D,0
-14.9912,134.826,337.2,3.1,1.7,2014-08-31,0411,Aqua,MODIS,86,6.2,306.9,133.8,D,0
-13.237,141.7094,341.8,1,1,2014-08-31,0411,Aqua,MODIS,84,6.2,303,38.7,D,0
-14.8083,142.3038,353.2,1,1,2014-08-31,0411,Aqua,MODIS,96,6.2,309.7,54.3,D,0
-13.4035,135.2465,329,2.7,1.6,2014-08-31,0411,Aqua,MODIS,76,6.2,302.8,70.9,D,0
-13.2284,141.7114,326.2,1,1,2014-08-31,0411,Aqua,MODIS,53,6.2,302.9,15.4,D,0
-13.3524,135.1872,354.4,2.8,1.6,2014-08-31,0411,Aqua,MODIS,97,6.2,306.1,269.8,D,0
-13.3284,134.1627,326.6,3.3,1.7,2014-08-31,0411,Aqua,MODIS,72,6.2,305,76.1,D,0
-14.2511,133.7345,322.2,3.7,1.8,2014-08-31,0411,Aqua,MODIS,49,6.2,308.4,48.5,D,0
-15.1757,141.6927,326.9,1.1,1,2014-08-31,0411,Aqua,MODIS,31,6.2,312.3,9.4,D,0
-15.8298,135.5911,333.8,2.8,1.6,2014-08-31,0411,Aqua,MODIS,67,6.2,308.5,91.3,D,0
-12.5627,134.0449,320.3,3.3,1.7,2014-08-31,0411,Aqua,MODIS,62,6.2,307.3,41.5,D,0
-14.8578,142.2141,325.9,1,1,2014-08-31,0411,Aqua,MODIS,25,6.2,308.9,9.7,D,0
-14.807,142.3133,339.5,1,1,2014-08-31,0411,Aqua,MODIS,86,6.2,307.2,26.6,D,0
-13.3667,135.1892,326.7,2.8,1.6,2014-08-31,0411,Aqua,MODIS,47,6.2,303.2,58.3,D,0
-14.8996,142.1813,351.2,1,1,2014-08-31,0411,Aqua,MODIS,94,6.2,308.9,53.1,D,0
-13.1463,135.2775,325.9,2.7,1.6,2014-08-31,0411,Aqua,MODIS,70,6.2,307.4,51.1,D,0
-13.3637,135.2151,344,2.8,1.6,2014-08-31,0411,Aqua,MODIS,91,6.2,306.3,166.1,D,0
-14.8151,142.1915,335.3,1,1,2014-08-31,0411,Aqua,MODIS,67,6.2,313.4,20.8,D,0
-12.5292,135.2048,327.7,2.7,1.6,2014-08-31,0411,Aqua,MODIS,77,6.2,305.7,54,D,0
-14.8592,142.2045,349.3,1,1,2014-08-31,0411,Aqua,MODIS,93,6.2,310,49.1,D,0
-12.7761,143.3422,324.5,1,1,2014-08-31,0411,Aqua,MODIS,72,6.2,291.2,17.2,D,0
-12.656,142.0584,339.8,1,1,2014-08-31,0411,Aqua,MODIS,89,6.2,306.7,29.3,D,0
-12.6475,135.2555,322.7,2.7,1.6,2014-08-31,0411,Aqua,MODIS,60,6.2,306.5,28.1,D,0
-12.4545,134.4446,325.2,3.1,1.7,2014-08-31,0411,Aqua,MODIS,73,6.2,309.3,49.3,D,0
-13.1435,135.3025,324.5,2.7,1.6,2014-08-31,0411,Aqua,MODIS,62,6.2,304.1,45.3,D,0
-13.9269,142.1698,322.7,1,1,2014-08-31,0411,Aqua,MODIS,58,6.2,306.8,8.6,D,0
-14.8191,142.1629,328.6,1,1,2014-08-31,0411,Aqua,MODIS,33,6.2,311.8,11,D,0
-12.4931,141.9748,322.6,1,1,2014-08-31,0411,Aqua,MODIS,60,6.2,303.4,9.7,D,0
-15.8354,135.6383,337.3,2.8,1.6,2014-08-31,0411,Aqua,MODIS,65,6.2,308.9,106.4,D,0
-12.751,135.913,327.3,2.4,1.5,2014-08-31,0411,Aqua,MODIS,51,6.2,301.6,53.6,D,0
-13.1083,141.6491,329.8,1,1,2014-08-31,0411,Aqua,MODIS,65,6.2,306.6,17.8,D,0
-15.827,135.5841,334.3,2.8,1.6,2014-08-31,0411,Aqua,MODIS,81,6.2,308.3,98,D,0
-14.5902,135.3038,322.9,2.8,1.6,2014-08-31,0411,Aqua,MODIS,25,6.2,306.8,39.8,D,0
-11.8228,142.1624,318.9,1,1,2014-08-31,0411,Aqua,MODIS,58,6.2,297.3,9.6,D,0
-14.8905,142.1799,336,1,1,2014-08-31,0411,Aqua,MODIS,82,6.2,308.1,25.5,D,0
-13.3331,134.159,324.7,3.3,1.7,2014-08-31,0411,Aqua,MODIS,72,6.2,305.6,69.3,D,0
-14.8656,142.2249,349.4,1,1,2014-08-31,0411,Aqua,MODIS,93,6.2,310.8,48.1,D,0
-15.824,135.6106,327.4,2.8,1.6,2014-08-31,0411,Aqua,MODIS,38,6.2,308.7,55.3,D,0
-13.9827,142.1684,326.8,1,1,2014-08-31,0411,Aqua,MODIS,61,6.2,307.4,12.3,D,0
-12.4577,134.4165,320,3.1,1.7,2014-08-31,0411,Aqua,MODIS,40,6.2,306.8,21.2,D,0
-15.8386,135.6454,341.3,2.8,1.6,2014-08-31,0411,Aqua,MODIS,88,6.2,309.1,137.9,D,0
-12.7402,135.8895,320.6,2.4,1.5,2014-08-31,0411,Aqua,MODIS,52,6.2,298.2,33.6,D,0
-13.2383,141.6999,320.3,1,1,2014-08-31,0411,Aqua,MODIS,0,6.2,301.3,9.4,D,0
-14.806,142.1902,342.4,1,1,2014-08-31,0411,Aqua,MODIS,88,6.2,309.3,31.8,D,0
-14.8161,142.3147,331.4,1,1,2014-08-31,0411,Aqua,MODIS,72,6.2,311.3,15.2,D,0
-14.7814,134.9544,327.1,3,1.7,2014-08-31,0411,Aqua,MODIS,70,6.2,308.7,67.3,D,0
-14.7782,134.9827,337.5,3,1.6,2014-08-31,0411,Aqua,MODIS,75,6.2,309.3,135.6,D,0
-12.8574,142.9048,334.7,1,1,2014-08-31,0411,Aqua,MODIS,84,6.2,302.2,24.4,D,0
-14.6158,135.366,322,2.8,1.6,2014-08-31,0411,Aqua,MODIS,50,6.2,308.9,38.5,D,0
-14.6428,144.546,324.2,1,1,2014-08-31,0411,Aqua,MODIS,40,6.2,296.5,14.8,D,0
-14.8957,142.2099,330.5,1,1,2014-08-31,0411,Aqua,MODIS,68,6.2,307.3,15.2,D,0
-14.8565,142.2236,328.7,1,1,2014-08-31,0411,Aqua,MODIS,60,6.2,309.5,12.5,D,0
-14.5468,135.2986,333,2.8,1.6,2014-08-31,0411,Aqua,MODIS,82,6.2,308.3,95.9,D,0
-12.6573,142.0491,348.5,1,1,2014-08-31,0411,Aqua,MODIS,94,6.2,310.4,44.3,D,0
-12.816,141.9639,333.8,1,1,2014-08-31,0411,Aqua,MODIS,77,6.2,306.2,21,D,0
-14.897,142.2004,340,1,1,2014-08-31,0411,Aqua,MODIS,86,6.2,309.4,29.7,D,0
-12.5328,135.2106,330.3,2.7,1.6,2014-08-31,0411,Aqua,MODIS,80,6.2,305.4,68.2,D,0
-14.8096,142.2943,356.3,1,1,2014-08-31,0411,Aqua,MODIS,98,6.2,312.2,63.1,D,0
-12.5261,135.2296,323.8,2.7,1.6,2014-08-31,0411,Aqua,MODIS,71,6.2,303.7,35,D,0
-15.177,141.6827,328.9,1.1,1,2014-08-31,0411,Aqua,MODIS,38,6.2,316.4,12.5,D,0
-13.3495,135.2129,358.5,2.8,1.6,2014-08-31,0411,Aqua,MODIS,99,6.2,307.2,309.8,D,0
-12.8368,142.9204,322.7,1,1,2014-08-31,0411,Aqua,MODIS,55,6.2,303.9,9.5,D,0
-12.8471,142.9126,331,1,1,2014-08-31,0411,Aqua,MODIS,80,6.2,304.6,18.6,D,0
-14.8983,142.1908,332,1,1,2014-08-31,0411,Aqua,MODIS,68,6.2,308.7,17.3,D,0
-14.8848,142.3539,325.3,1,1,2014-08-31,0411,Aqua,MODIS,46,6.2,308.8,8.3,D,0
-13.3461,135.205,359.5,2.8,1.6,2014-08-31,0411,Aqua,MODIS,99,6.2,307.9,320.5,D,0
-12.7376,135.9114,318.1,2.4,1.5,2014-08-31,0411,Aqua,MODIS,35,6.2,298.6,22.3,D,0
-13.3492,135.1794,327.3,2.8,1.6,2014-08-31,0411,Aqua,MODIS,76,6.2,303.6,66.2,D,0
-13.5873,141.902,349.3,1,1,2014-08-31,0411,Aqua,MODIS,94,6.2,306.4,50,D,0
-14.2438,143.242,323,1,1,2014-08-31,0411,Aqua,MODIS,47,6.2,306.2,7.7,D,0
-14.9181,142.1155,348.2,1,1,2014-08-31,0411,Aqua,MODIS,92,6.2,310.2,48.5,D,0
-14.9168,142.1251,352.7,1,1,2014-08-31,0411,Aqua,MODIS,95,6.2,309.6,59.3,D,0
-14.9218,142.1414,349.7,1,1,2014-08-31,0411,Aqua,MODIS,93,6.2,307.5,48.2,D,0
-14.9208,142.0963,327.3,1,1,2014-08-31,0411,Aqua,MODIS,64,6.2,307.6,14.3,D,0
-14.9195,142.1059,368.7,1,1,2014-08-31,0411,Aqua,MODIS,100,6.2,313.6,106.2,D,0
-13.0767,134.2942,331.3,3.2,1.7,2014-08-31,0411,Aqua,MODIS,81,6.2,303.9,108.3,D,0
-14.7189,142.0249,338.9,1,1,2014-08-31,0411,Aqua,MODIS,85,6.2,308.7,33.2,D,0
-13.0741,134.3011,335.5,3.2,1.7,2014-08-31,0411,Aqua,MODIS,85,6.2,303.8,141.7,D,0
-13.2133,135.7254,321.1,2.5,1.5,2014-08-31,0411,Aqua,MODIS,62,6.2,302.9,32.7,D,0
-13.958,142.1455,337.2,1,1,2014-08-31,0411,Aqua,MODIS,86,6.2,308.1,25.6,D,0
-13.5315,141.8387,349.4,1,1,2014-08-31,0411,Aqua,MODIS,94,6.2,301.6,51.9,D,0
-13.1534,135.2967,328.9,2.7,1.6,2014-08-31,0411,Aqua,MODIS,71,6.2,306.3,64.5,D,0
-13.5001,133.3182,319.6,3.9,1.8,2014-08-31,0411,Aqua,MODIS,30,6.2,307.2,38.5,D,0
-13.6055,141.9047,325.9,1,1,2014-08-31,0411,Aqua,MODIS,63,6.2,302,10.3,D,0
-13.5964,141.9034,347.3,1,1,2014-08-31,0411,Aqua,MODIS,93,6.2,306.5,46,D,0
-14.7176,142.0345,320.9,1,1,2014-08-31,0411,Aqua,MODIS,31,6.2,307.8,8.5,D,0
-12.9249,135.207,321.8,2.7,1.6,2014-08-31,0411,Aqua,MODIS,68,6.2,307.9,36.1,D,0
-12.8229,141.7826,322.8,1,1,2014-08-31,0411,Aqua,MODIS,69,6.2,300,11.8,D,0
-12.8242,141.7731,354.5,1,1,2014-08-31,0411,Aqua,MODIS,91,6.2,303.1,66.6,D,0
-12.8138,141.7813,318.4,1,1,2014-08-31,0411,Aqua,MODIS,17,6.2,298.8,6.7,D,0
-12.8151,141.7718,372.5,1,1,2014-08-31,0411,Aqua,MODIS,75,6.2,304.2,120.8,D,0
-14.2256,143.305,325.7,1,1,2014-08-31,0411,Aqua,MODIS,70,6.2,306.9,12.1,D,0
-15.431,134.7857,325.6,3.2,1.7,2014-08-31,0411,Aqua,MODIS,26,6.2,307.9,58.4,D,0
-14.2362,143.2314,334.9,1,1,2014-08-31,0411,Aqua,MODIS,83,6.2,305.1,22.5,D,0
-14.2349,143.2406,336.2,1,1,2014-08-31,0411,Aqua,MODIS,84,6.2,308.5,24.1,D,0
-13.0614,134.2924,320.9,3.2,1.7,2014-08-31,0411,Aqua,MODIS,52,6.2,303,47.2,D,0
-14.8436,142.1143,333.5,1,1,2014-08-31,0411,Aqua,MODIS,75,6.2,307.6,21.9,D,0
-14.8345,142.1129,336.7,1,1,2014-08-31,0411,Aqua,MODIS,77,6.2,306.8,26.9,D,0
-13.7417,142.9595,336.7,1,1,2014-08-31,0411,Aqua,MODIS,85,6.2,306.7,26.5,D,0
-14.1893,143.3692,322.1,1,1,2014-08-31,0411,Aqua,MODIS,61,6.2,305.8,9.9,D,0
-14.8449,142.1047,328.8,1,1,2014-08-31,0411,Aqua,MODIS,65,6.2,305.3,16.5,D,0
-13.2903,135.6647,325,2.5,1.5,2014-08-31,0411,Aqua,MODIS,60,6.2,302.3,44.1,D,0
-13.2262,135.2109,321.1,2.7,1.6,2014-08-31,0411,Aqua,MODIS,33,6.2,306.6,25.3,D,0
-13.2996,135.6492,320.2,2.5,1.5,2014-08-31,0411,Aqua,MODIS,50,6.2,301.2,30.7,D,0
-13.2968,135.6728,338.5,2.5,1.5,2014-08-31,0411,Aqua,MODIS,87,6.2,304.2,117.2,D,0
-13.9594,142.1361,331.9,1,1,2014-08-31,0411,Aqua,MODIS,81,6.2,307.3,17.7,D,0
-14.8271,142.1054,333.7,1,1,2014-08-31,0411,Aqua,MODIS,77,6.2,305.7,23.8,D,0
-14.8258,142.115,343.8,1,1,2014-08-31,0411,Aqua,MODIS,89,6.2,309.8,40,D,0
-14.8153,142.1232,331.4,1,1,2014-08-31,0411,Aqua,MODIS,56,6.2,309.1,17.6,D,0
-14.814,142.1328,333.2,1,1,2014-08-31,0411,Aqua,MODIS,71,6.2,307.1,19.5,D,0
-14.8166,142.1136,341,1,1,2014-08-31,0411,Aqua,MODIS,87,6.2,309.5,34.7,D,0
-14.8179,142.104,336.3,1,1,2014-08-31,0411,Aqua,MODIS,82,6.2,305.7,27.8,D,0
-15.4342,134.7815,326.6,3.2,1.7,2014-08-31,0411,Aqua,MODIS,70,6.2,308.1,66.3,D,0
-14.9441,142.1153,327.5,1,1,2014-08-31,0411,Aqua,MODIS,54,6.2,312.1,10.1,D,0
-15.4494,134.7833,321,3.2,1.7,2014-08-31,0411,Aqua,MODIS,10,6.2,306.4,34.5,D,0
-13.1079,141.8529,322.3,1,1,2014-08-31,0411,Aqua,MODIS,61,6.2,303.9,8.5,D,0
-14.9506,142.1359,343.8,1,1,2014-08-31,0411,Aqua,MODIS,89,6.2,312.9,32.5,D,0
-12.8365,134.792,322.2,2.9,1.6,2014-08-31,0411,Aqua,MODIS,51,6.2,309.2,34.5,D,0
-13.2351,135.1351,327.6,2.8,1.6,2014-08-31,0411,Aqua,MODIS,77,6.2,305.4,63.5,D,0
-13.2304,134.2401,326.7,3.3,1.7,2014-08-31,0411,Aqua,MODIS,75,6.2,304.5,78.8,D,0
-13.2183,134.2315,334.8,3.3,1.7,2014-08-31,0411,Aqua,MODIS,84,6.2,302.9,140.7,D,0
-13.2932,141.7761,328.8,1,1,2014-08-31,0411,Aqua,MODIS,76,6.2,302,18.2,D,0
-13.3023,141.7775,328.9,1,1,2014-08-31,0411,Aqua,MODIS,76,6.2,302.6,18.1,D,0
-13.344,141.7991,324.3,1,1,2014-08-31,0411,Aqua,MODIS,68,6.2,303.6,11.8,D,0
-12.8076,135.7851,318.4,2.4,1.5,2014-08-31,0411,Aqua,MODIS,44,6.2,297.5,28.9,D,0
-13.5407,141.8401,341.2,1,1,2014-08-31,0411,Aqua,MODIS,87,6.2,305.9,34.5,D,0
-12.8378,134.7991,322.2,2.9,1.6,2014-08-31,0411,Aqua,MODIS,50,6.2,309,32.8,D,0
-13.7596,142.9622,332.6,1,1,2014-08-31,0411,Aqua,MODIS,56,6.2,310,17.3,D,0
-12.8147,135.7909,317,2.4,1.5,2014-08-31,0411,Aqua,MODIS,42,6.2,298.4,25.8,D,0
-13.4285,133.3065,321.3,3.9,1.8,2014-08-31,0411,Aqua,MODIS,52,6.2,307.9,56,D,0
-13.4339,133.3109,325.7,3.9,1.8,2014-08-31,0411,Aqua,MODIS,74,6.2,309.2,88.9,D,0
-13.2337,134.2333,318.8,3.3,1.7,2014-08-31,0411,Aqua,MODIS,56,6.2,304,35.5,D,0
-13.2321,135.1606,321.6,2.8,1.6,2014-08-31,0411,Aqua,MODIS,34,6.2,306.9,31.4,D,0
-12.77,135.9422,322.1,2.4,1.5,2014-08-31,0411,Aqua,MODIS,35,6.2,302.9,37.4,D,0
-12.7752,135.9378,321.3,2.4,1.5,2014-08-31,0411,Aqua,MODIS,54,6.2,302.3,36.1,D,0
-15.4612,135.0802,332.5,3,1.7,2014-08-31,0411,Aqua,MODIS,80,6.2,308.9,91.8,D,0
-13.2374,135.1401,329.6,2.8,1.6,2014-08-31,0411,Aqua,MODIS,79,6.2,305.5,74.2,D,0
-13.7507,142.9609,342.4,1,1,2014-08-31,0411,Aqua,MODIS,90,6.2,309.1,34,D,0
-13.5951,141.9129,327.7,1,1,2014-08-31,0411,Aqua,MODIS,69,6.2,304.2,14,D,0
-13.2631,141.7911,322.6,1,1,2014-08-31,0411,Aqua,MODIS,64,6.2,305.6,10.2,D,0
-13.2644,141.7816,321,1,1,2014-08-31,0411,Aqua,MODIS,58,6.2,304.4,8.9,D,0
-13.6734,141.8718,327,1,1,2014-08-31,0411,Aqua,MODIS,47,6.2,309.1,12.5,D,0
-13.1121,141.7567,327.2,1,1,2014-08-31,0411,Aqua,MODIS,73,6.2,305.6,15.3,D,0
-13.1134,141.7472,320,1,1,2014-08-31,0411,Aqua,MODIS,49,6.2,304.8,7,D,0
-13.5628,141.8822,330.1,1,1,2014-08-31,0411,Aqua,MODIS,36,6.2,304.4,15.5,D,0
-13.5393,141.8496,337.2,1,1,2014-08-31,0411,Aqua,MODIS,68,6.2,303.7,26.2,D,0
-13.8523,142.8325,319.8,1,1,2014-08-31,0411,Aqua,MODIS,60,6.2,305.6,5.3,D,0
-14.2475,143.2802,332.5,1,1,2014-08-31,0411,Aqua,MODIS,80,6.2,307.9,19.1,D,0
-13.2272,134.27,328.2,3.2,1.7,2014-08-31,0411,Aqua,MODIS,77,6.2,304.5,89.7,D,0
-13.3041,134.2777,319,3.2,1.7,2014-08-31,0411,Aqua,MODIS,59,6.2,305.5,33.3,D,0
-13.2302,134.2633,334,3.2,1.7,2014-08-31,0411,Aqua,MODIS,83,6.2,305.1,133.8,D,0
-13.6042,141.9142,335.2,1,1,2014-08-31,0411,Aqua,MODIS,84,6.2,306.2,23.7,D,0
-13.2149,134.2617,329,3.2,1.7,2014-08-31,0411,Aqua,MODIS,78,6.2,303.3,97.7,D,0
-13.313,135.5323,322.7,2.6,1.5,2014-08-31,0411,Aqua,MODIS,68,6.2,306.6,41.5,D,0
-14.9927,134.8187,342.5,3.1,1.7,2014-08-31,0411,Aqua,MODIS,90,6.2,307.9,180.2,D,0
-14.2488,143.271,328.6,1,1,2014-08-31,0411,Aqua,MODIS,75,6.2,306.5,14.1,D,0
-13.5458,141.87,333.7,1,1,2014-08-31,0411,Aqua,MODIS,68,6.2,308.2,21.9,D,0
-13.3269,135.5343,335.5,2.6,1.5,2014-08-31,0411,Aqua,MODIS,84,6.2,305.7,105.4,D,0
-13.6133,141.9156,330,1,1,2014-08-31,0411,Aqua,MODIS,48,6.2,306,15.1,D,0
-13.6525,141.9019,325.6,1,1,2014-08-31,0411,Aqua,MODIS,27,6.2,307.7,8.9,D,0
-13.216,135.7024,320.4,2.5,1.5,2014-08-31,0411,Aqua,MODIS,61,6.2,305,29.9,D,0
-14.9942,134.7969,331.3,3.1,1.7,2014-08-31,0411,Aqua,MODIS,76,6.2,309.2,88.2,D,0
-13.5536,141.8809,332.6,1,1,2014-08-31,0411,Aqua,MODIS,56,6.2,304,19.5,D,0
-14.9493,142.1455,339.8,1,1,2014-08-31,0411,Aqua,MODIS,86,6.2,316.1,25.3,D,0
-13.1564,135.2719,327.7,2.7,1.6,2014-08-31,0411,Aqua,MODIS,71,6.2,308.7,56.9,D,0
-13.1605,135.2794,330.7,2.7,1.6,2014-08-31,0411,Aqua,MODIS,69,6.2,308.6,71.9,D,0
-12.4135,133.637,330.7,3.5,1.8,2014-08-31,0412,Aqua,MODIS,80,6.2,308.8,118.4,D,0
-11.9916,133.6549,331.4,3.5,1.8,2014-08-31,0412,Aqua,MODIS,84,6.2,307,115.1,D,0
-12.1479,134.3559,319.4,3.1,1.7,2014-08-31,0412,Aqua,MODIS,51,6.2,303.8,38.7,D,0
-11.9851,133.6585,329.6,3.5,1.8,2014-08-31,0412,Aqua,MODIS,79,6.2,305.7,98.8,D,0
-12.147,134.3633,319.8,3.1,1.7,2014-08-31,0412,Aqua,MODIS,37,6.2,304.2,37.4,D,0
-11.3207,132.3078,319.1,4.3,1.9,2014-08-31,0412,Aqua,MODIS,23,6.2,305.4,57.3,D,0
-11.3232,132.3152,322.1,4.3,1.9,2014-08-31,0412,Aqua,MODIS,67,6.2,305.7,84.5,D,0
-12.2405,134.081,341.1,3.2,1.7,2014-08-31,0412,Aqua,MODIS,89,6.2,308.8,184.1,D,0
-11.9457,132.7432,318.1,4.1,1.9,2014-08-31,0412,Aqua,MODIS,54,6.2,302.8,42.2,D,0
-12.4294,133.6389,322.7,3.5,1.8,2014-08-31,0412,Aqua,MODIS,60,6.2,308.4,57.8,D,0
-11.9417,132.7805,323.9,4.1,1.9,2014-08-31,0412,Aqua,MODIS,77,6.2,301.3,83.9,D,0
-11.9371,132.7723,325.1,4.1,1.9,2014-08-31,0412,Aqua,MODIS,78,6.2,300.8,98.3,D,0
-11.9954,133.6233,321.9,3.5,1.8,2014-08-31,0412,Aqua,MODIS,35,6.2,306.8,43,D,0
-12.4071,133.6434,319.5,3.5,1.8,2014-08-31,0412,Aqua,MODIS,22,6.2,307.8,41.4,D,0
-12.423,133.6454,332.1,3.5,1.8,2014-08-31,0412,Aqua,MODIS,81,6.2,308.3,128.8,D,0
-11.9213,133.7104,317.4,3.4,1.7,2014-08-31,0412,Aqua,MODIS,34,6.2,303.6,32.1,D,0
-12.2609,134.1478,327.7,3.2,1.7,2014-08-31,0412,Aqua,MODIS,68,6.2,306.6,75.8,D,0
-11.792,133.116,322.3,3.8,1.8,2014-08-31,0412,Aqua,MODIS,65,6.2,307,60.4,D,0
-12.3616,133.9478,323.1,3.3,1.7,2014-08-31,0412,Aqua,MODIS,69,6.2,306.4,59.9,D,0
-12.0378,136.4262,322.1,2.1,1.4,2014-08-31,0412,Aqua,MODIS,65,6.2,301.2,33.5,D,0
-12.1334,133.1431,322.2,3.8,1.8,2014-08-31,0412,Aqua,MODIS,57,6.2,309,46.5,D,0
-12.3575,133.9541,330.2,3.3,1.7,2014-08-31,0412,Aqua,MODIS,79,6.2,306,103.3,D,0
-12.3378,134.6759,330.5,2.9,1.6,2014-08-31,0412,Aqua,MODIS,79,6.2,305.4,93.3,D,0
-12.2408,134.464,322.4,3,1.7,2014-08-31,0412,Aqua,MODIS,67,6.2,307.3,49,D,0
-12.2761,134.1496,324.2,3.2,1.7,2014-08-31,0412,Aqua,MODIS,61,6.2,307.6,57.2,D,0
-12.1087,134.6833,323.9,2.9,1.6,2014-08-31,0412,Aqua,MODIS,65,6.2,307,47.8,D,0
-12.4035,133.8597,319.4,3.4,1.7,2014-08-31,0412,Aqua,MODIS,59,6.2,304.9,46,D,0
-12.3346,134.7028,337.5,2.9,1.6,2014-08-31,0412,Aqua,MODIS,86,6.2,308.5,138.4,D,0
-12.4021,133.8355,317.9,3.4,1.7,2014-08-31,0412,Aqua,MODIS,52,6.2,304.7,37.8,D,0
-10.9108,142.3013,325.4,1,1,2014-08-31,0412,Aqua,MODIS,0,6.2,298.5,16.1,D,0
-12.3461,133.9457,324.6,3.3,1.7,2014-08-31,0412,Aqua,MODIS,71,6.2,305.2,70,D,0
-12.2419,134.4596,321.9,3,1.7,2014-08-31,0412,Aqua,MODIS,62,6.2,307.2,46.2,D,0
-10.9095,142.3104,322.8,1,1,2014-08-31,0412,Aqua,MODIS,57,6.2,299.8,13.4,D,0
-12.2795,134.1456,319.7,3.2,1.7,2014-08-31,0412,Aqua,MODIS,36,6.2,307.7,34,D,0
-12.3566,134.5132,319.2,3,1.7,2014-08-31,0412,Aqua,MODIS,50,6.2,306.3,29.2,D,0
-12.2642,134.1438,328.9,3.2,1.7,2014-08-31,0412,Aqua,MODIS,73,6.2,307.4,85.1,D,0
-12.1101,134.6909,321,2.9,1.6,2014-08-31,0412,Aqua,MODIS,48,6.2,306.9,31.7,D,0
-12.0009,133.6603,325.6,3.5,1.8,2014-08-31,0412,Aqua,MODIS,66,6.2,308,68.1,D,0
-12.2371,134.1105,323.8,3.2,1.7,2014-08-31,0412,Aqua,MODIS,65,6.2,309.9,55.5,D,0
-11.7851,133.1073,325.2,3.8,1.8,2014-08-31,0412,Aqua,MODIS,69,6.2,305.5,83.7,D,0
-12.1978,134.9687,322.3,2.8,1.6,2014-08-31,0412,Aqua,MODIS,25,6.2,306.1,39.5,D,0
-12.1953,134.9638,323.3,2.8,1.6,2014-08-31,0412,Aqua,MODIS,45,6.2,306.9,34.3,D,0
-12.2297,135.4164,319,2.5,1.5,2014-08-31,0412,Aqua,MODIS,40,6.2,303.2,24.5,D,0
-12.1056,132.8785,325.9,4,1.9,2014-08-31,0412,Aqua,MODIS,72,6.2,307.6,79.1,D,0
-11.2961,132.0609,314.3,4.5,2,2014-08-31,0412,Aqua,MODIS,33,6.2,302.7,40.8,D,0
-12.0251,136.4248,320,2.1,1.4,2014-08-31,0412,Aqua,MODIS,51,6.2,302.1,28.6,D,0
-12.2071,134.7608,321.7,2.9,1.6,2014-08-31,0412,Aqua,MODIS,47,6.2,303.5,43.5,D,0
-12.2101,134.7345,325.2,2.9,1.6,2014-08-31,0412,Aqua,MODIS,65,6.2,303.4,62.4,D,0
-12.206,134.7562,327.4,2.9,1.6,2014-08-31,0412,Aqua,MODIS,75,6.2,303.9,74.4,D,0
-12.0802,132.8005,346.6,4.1,1.9,2014-08-31,0412,Aqua,MODIS,93,6.2,303.4,327.2,D,0
-12.0764,132.796,348.6,4.1,1.9,2014-08-31,0412,Aqua,MODIS,94,6.2,302,365.7,D,0
-12.2092,134.7299,323.6,2.9,1.6,2014-08-31,0412,Aqua,MODIS,61,6.2,303.3,55.1,D,0
-28.5504,125.8375,324.4,1.3,1.1,2014-08-31,0545,Aqua,MODIS,68,6.2,304.4,17.2,D,0
-28.5425,125.8216,328.3,1.3,1.1,2014-08-31,0545,Aqua,MODIS,75,6.2,306.6,22.6,D,0
-28.5528,125.8239,336.4,1.3,1.1,2014-08-31,0545,Aqua,MODIS,84,6.2,308.7,40.1,D,0
-28.563,125.8262,373,1.3,1.1,2014-08-31,0545,Aqua,MODIS,100,6.2,308.3,175.6,D,0
-28.5654,125.8127,351.9,1.3,1.1,2014-08-31,0545,Aqua,MODIS,95,6.2,308.5,82.6,D,0
-28.5551,125.8104,340.7,1.3,1.1,2014-08-31,0545,Aqua,MODIS,88,6.2,309.4,49.1,D,0
-26.551,121.1585,350.7,1,1,2014-08-31,0546,Aqua,MODIS,94,6.2,311.4,49.8,D,0
-26.5524,121.1485,332.7,1,1,2014-08-31,0546,Aqua,MODIS,78,6.2,311.8,17.9,D,0
-21.2663,125.8511,332.6,1.8,1.3,2014-08-31,0547,Aqua,MODIS,39,6.2,316.1,32.3,D,0
-21.2632,125.8686,328,1.8,1.3,2014-08-31,0547,Aqua,MODIS,32,6.2,316,19.7,D,0
-21.2489,125.8113,333.3,1.8,1.3,2014-08-31,0547,Aqua,MODIS,51,6.2,314.6,34.9,D,0
-21.2719,125.8886,328.8,1.8,1.3,2014-08-31,0547,Aqua,MODIS,16,6.2,317.8,21.8,D,0
-21.2781,125.8536,335.7,1.8,1.3,2014-08-31,0547,Aqua,MODIS,77,6.2,314.8,43.3,D,0
-21.2285,125.7889,335.3,1.8,1.3,2014-08-31,0547,Aqua,MODIS,58,6.2,314.9,40.7,D,0
-21.2403,125.7915,334.9,1.8,1.3,2014-08-31,0547,Aqua,MODIS,78,6.2,317.4,42,D,0
-21.2317,125.7717,340.7,1.8,1.3,2014-08-31,0547,Aqua,MODIS,81,6.2,317.9,60.4,D,0
-21.2238,125.7825,336.5,1.8,1.3,2014-08-31,0547,Aqua,MODIS,71,6.2,314.8,44.8,D,0
-23.6877,124.7421,333.3,1.4,1.2,2014-08-31,0547,Aqua,MODIS,75,6.2,318.2,23.7,D,0
-23.0233,122.6549,332.8,1.1,1.1,2014-08-31,0547,Aqua,MODIS,75,6.2,313.5,20.9,D,0
-18.8819,130.2076,324.9,4.3,1.9,2014-08-31,0548,Aqua,MODIS,63,6.2,309.1,97.5,D,0
-17.7416,127.7109,338.6,3,1.6,2014-08-31,0548,Aqua,MODIS,84,6.2,311.1,135.3,D,0
-18.207,130.3445,325,4.5,2,2014-08-31,0548,Aqua,MODIS,65,6.2,311.1,92.4,D,0
-18.881,130.2025,323.5,4.3,1.9,2014-08-31,0548,Aqua,MODIS,56,6.2,308.5,85.2,D,0
-17.7364,127.738,331.7,3,1.6,2014-08-31,0548,Aqua,MODIS,72,6.2,311.1,79.4,D,0
-17.7377,127.7332,330.4,3,1.6,2014-08-31,0548,Aqua,MODIS,68,6.2,310.8,72.4,D,0
-18.1897,130.3404,348.4,4.5,2,2014-08-31,0548,Aqua,MODIS,93,6.2,309.9,408.4,D,0
-17.7325,127.7611,338.3,3,1.6,2014-08-31,0548,Aqua,MODIS,84,6.2,311.8,127.5,D,0
-19.6396,127.3315,326.9,2.5,1.5,2014-08-31,0548,Aqua,MODIS,54,6.2,314.3,33.8,D,0
-19.6261,127.3588,334,2.5,1.5,2014-08-31,0548,Aqua,MODIS,78,6.2,314.7,69.3,D,0
-19.6308,127.3349,335.7,2.5,1.5,2014-08-31,0548,Aqua,MODIS,81,6.2,314.5,79.5,D,0
-19.6352,127.3555,334.8,2.5,1.5,2014-08-31,0548,Aqua,MODIS,79,6.2,316.3,73.7,D,0
-17.7309,127.7665,338.3,3,1.6,2014-08-31,0548,Aqua,MODIS,84,6.2,312.1,128,D,0
-17.7469,127.6837,324.5,2.9,1.6,2014-08-31,0548,Aqua,MODIS,58,6.2,310.1,49.5,D,0
-18.1995,130.3072,325,4.5,1.9,2014-08-31,0548,Aqua,MODIS,65,6.2,309.1,83.4,D,0
-19.6716,127.4188,339.3,2.6,1.5,2014-08-31,0548,Aqua,MODIS,85,6.2,316.8,97.3,D,0
-18.2079,130.3532,323.4,4.5,2,2014-08-31,0548,Aqua,MODIS,37,6.2,311,73,D,0
-18.1906,130.3492,348.8,4.5,2,2014-08-31,0548,Aqua,MODIS,93,6.2,310.5,414,D,0
-17.7427,127.7059,340.2,3,1.6,2014-08-31,0548,Aqua,MODIS,86,6.2,310.9,148.8,D,0
-18.9332,122.1603,348.9,1.2,1.1,2014-08-31,0548,Aqua,MODIS,92,6.2,319,42.3,D,0
-18.935,122.1492,343.1,1.2,1.1,2014-08-31,0548,Aqua,MODIS,72,6.2,318.6,29.1,D,0
-18.9156,122.1458,337.9,1.2,1.1,2014-08-31,0548,Aqua,MODIS,66,6.2,320.2,24.1,D,0
-19.0729,122.1293,340.2,1.2,1.1,2014-08-31,0548,Aqua,MODIS,63,6.2,318.6,30.1,D,0
-19.0698,122.1343,337.9,1.2,1.1,2014-08-31,0548,Aqua,MODIS,81,6.2,318.7,24.8,D,0
-19.0323,122.1843,342.1,1.2,1.1,2014-08-31,0548,Aqua,MODIS,71,6.2,315.5,34.9,D,0
-17.9088,122.6758,340.9,1.3,1.1,2014-08-31,0548,Aqua,MODIS,46,6.2,316.7,36.8,D,0
-17.9127,122.6516,347.3,1.3,1.1,2014-08-31,0548,Aqua,MODIS,88,6.2,316,58.4,D,0
-17.9146,122.6396,372.6,1.3,1.1,2014-08-31,0548,Aqua,MODIS,100,6.2,315.4,160.2,D,0
-17.9166,122.6276,327.6,1.3,1.1,2014-08-31,0548,Aqua,MODIS,60,6.2,309.4,19,D,0
-18.9174,122.1348,334.6,1.2,1.1,2014-08-31,0548,Aqua,MODIS,35,6.2,318.9,17.6,D,0
-17.9026,122.6498,363,1.3,1.1,2014-08-31,0548,Aqua,MODIS,100,6.2,317.7,112.3,D,0
-17.9045,122.6378,337.8,1.3,1.1,2014-08-31,0548,Aqua,MODIS,73,6.2,312.8,33.9,D,0
-17.8705,122.7188,342.8,1.3,1.1,2014-08-31,0548,Aqua,MODIS,67,6.2,318.1,40.1,D,0
-17.8737,122.7139,339.2,1.3,1.1,2014-08-31,0548,Aqua,MODIS,54,6.2,317.5,28.4,D,0
-17.8597,122.7364,364.8,1.3,1.1,2014-08-31,0548,Aqua,MODIS,100,6.2,319.1,118.5,D,0
-17.8617,122.7242,353.5,1.3,1.1,2014-08-31,0548,Aqua,MODIS,95,6.2,321.5,70.6,D,0
-18.0821,123.6426,337.5,1.5,1.2,2014-08-31,0548,Aqua,MODIS,54,6.2,319,35.2,D,0
-18.9288,122.1254,346.4,1.2,1.1,2014-08-31,0548,Aqua,MODIS,90,6.2,319.3,41.9,D,0
-17.8453,122.6963,339.7,1.3,1.1,2014-08-31,0548,Aqua,MODIS,83,6.2,319,29.9,D,0
-18.927,122.1365,339.1,1.2,1.1,2014-08-31,0548,Aqua,MODIS,46,6.2,318.4,23.4,D,0
-21.081,118.4661,333,1.1,1,2014-08-31,0548,Aqua,MODIS,41,6.2,319.8,13.4,D,0
-21.0744,118.4697,336.7,1.1,1,2014-08-31,0548,Aqua,MODIS,79,6.2,319.9,21.1,D,0
-20.9001,117.2593,331.9,1.2,1.1,2014-08-31,0548,Aqua,MODIS,70,6.2,318.9,16,D,0
-20.9015,117.248,361.8,1.2,1.1,2014-08-31,0548,Aqua,MODIS,100,6.2,321.7,92.4,D,0
-20.8631,117.2252,329.7,1.2,1.1,2014-08-31,0548,Aqua,MODIS,64,6.2,318.9,13.3,D,0
-21.2989,118.4912,339.1,1.1,1,2014-08-31,0548,Aqua,MODIS,38,6.2,320.4,20.7,D,0
-21.246,118.4877,329.6,1.1,1,2014-08-31,0548,Aqua,MODIS,48,6.2,317.9,10.1,D,0
-21.7888,119.077,328.8,1,1,2014-08-31,0548,Aqua,MODIS,60,6.2,312.3,13.2,D,0
-21.7797,119.0755,351.1,1,1,2014-08-31,0548,Aqua,MODIS,94,6.2,313.5,50,D,0
-21.7811,119.0656,363.3,1,1,2014-08-31,0548,Aqua,MODIS,100,6.2,313.8,82.8,D,0
-21.7692,119.084,394.1,1,1,2014-08-31,0548,Aqua,MODIS,100,6.2,319,210.5,D,0
-21.7706,119.0741,381.8,1,1,2014-08-31,0548,Aqua,MODIS,100,6.2,316.6,149.9,D,0
-21.7601,119.0826,337.9,1,1,2014-08-31,0548,Aqua,MODIS,82,6.2,314.1,24.9,D,0
-21.7614,119.0726,328.6,1,1,2014-08-31,0548,Aqua,MODIS,65,6.2,313.4,12,D,0
-21.8045,118.8239,349.1,1,1,2014-08-31,0548,Aqua,MODIS,92,6.2,318.5,45.4,D,0
-21.8059,118.8138,334.2,1,1,2014-08-31,0548,Aqua,MODIS,77,6.2,318.1,18,D,0
-21.7953,118.8225,332.2,1,1,2014-08-31,0548,Aqua,MODIS,74,6.2,318.6,14.2,D,0
-21.7195,119.1212,329.5,1,1,2014-08-31,0548,Aqua,MODIS,29,6.2,318.1,10.8,D,0
-21.7181,119.1311,334.3,1,1,2014-08-31,0548,Aqua,MODIS,76,6.2,318.1,17,D,0
-21.0273,119.6695,370.2,1,1,2014-08-31,0548,Aqua,MODIS,100,6.2,313.7,102.4,D,0
-21.0286,119.6598,362.6,1,1,2014-08-31,0548,Aqua,MODIS,100,6.2,312.7,80.1,D,0
-21.0155,119.6872,354.8,1,1,2014-08-31,0548,Aqua,MODIS,96,6.2,317.5,57.1,D,0
-21.0169,119.6776,380.7,1,1,2014-08-31,0548,Aqua,MODIS,100,6.2,322.2,140.8,D,0
-21.0182,119.668,386.2,1,1,2014-08-31,0548,Aqua,MODIS,100,6.2,322.6,165.6,D,0
-21.0196,119.6584,363.7,1,1,2014-08-31,0548,Aqua,MODIS,100,6.2,315.9,83.1,D,0
-21.0065,119.6858,331.8,1,1,2014-08-31,0548,Aqua,MODIS,71,6.2,317.8,15.1,D,0
-21.0079,119.6761,360.5,1,1,2014-08-31,0548,Aqua,MODIS,100,6.2,318.9,71.6,D,0
-21.0092,119.6665,353.8,1,1,2014-08-31,0548,Aqua,MODIS,96,6.2,315.6,54.8,D,0
-20.9842,119.6462,347.3,1,1,2014-08-31,0548,Aqua,MODIS,91,6.2,316.1,39.8,D,0
-20.9855,119.6366,333.2,1,1,2014-08-31,0548,Aqua,MODIS,63,6.2,313.6,16.6,D,0
-21.2932,119.7996,351,1,1,2014-08-31,0548,Aqua,MODIS,94,6.2,317.6,44.4,D,0
-21.2945,119.79,336.3,1,1,2014-08-31,0548,Aqua,MODIS,46,6.2,315,17.4,D,0
-21.2842,119.7981,334.2,1,1,2014-08-31,0548,Aqua,MODIS,72,6.2,318.6,16.2,D,0
-21.2855,119.7885,337.7,1,1,2014-08-31,0548,Aqua,MODIS,82,6.2,317.9,21.5,D,0
-21.2765,119.7871,336,1,1,2014-08-31,0548,Aqua,MODIS,61,6.2,316.5,18.7,D,0
-21.1611,119.8249,346.4,1,1,2014-08-31,0548,Aqua,MODIS,90,6.2,318.4,37.1,D,0
-21.1624,119.8153,327.8,1,1,2014-08-31,0548,Aqua,MODIS,60,6.2,317.5,8.3,D,0
-18.084,123.6485,339.5,1.5,1.2,2014-08-31,0548,Aqua,MODIS,50,6.2,317.4,40.5,D,0
-18.0799,123.6565,336.2,1.5,1.2,2014-08-31,0548,Aqua,MODIS,59,6.2,316.7,33,D,0
-20.9724,119.6639,329.5,1,1,2014-08-31,0548,Aqua,MODIS,22,6.2,317.1,8.1,D,0
-20.9468,119.6499,332.1,1,1,2014-08-31,0548,Aqua,MODIS,71,6.2,318.7,11.3,D,0
-20.7918,119.6419,333.3,1,1,2014-08-31,0548,Aqua,MODIS,62,6.2,318.8,12,D,0
-20.7931,119.6323,336.4,1,1,2014-08-31,0548,Aqua,MODIS,74,6.2,321.6,15.7,D,0
-18.2712,127.8333,344.2,2.9,1.6,2014-08-31,0548,Aqua,MODIS,89,6.2,314.6,177.1,D,0
-18.2765,127.8058,340.7,2.9,1.6,2014-08-31,0548,Aqua,MODIS,86,6.2,313.7,146.1,D,0
-18.272,127.8287,349,2.9,1.6,2014-08-31,0548,Aqua,MODIS,93,6.2,314.8,222.1,D,0
-18.2772,127.8011,333.4,2.9,1.6,2014-08-31,0548,Aqua,MODIS,78,6.2,313.4,92.7,D,0
-16.6693,123.9674,331.7,1.6,1.3,2014-08-31,0549,Aqua,MODIS,27,6.2,314.4,28.6,D,0
-16.5751,123.7053,336,1.6,1.2,2014-08-31,0549,Aqua,MODIS,83,6.2,310.8,45,D,0
-16.6567,123.9739,331.3,1.6,1.3,2014-08-31,0549,Aqua,MODIS,39,6.2,313.2,24.8,D,0
-16.6581,123.9653,337.1,1.6,1.3,2014-08-31,0549,Aqua,MODIS,51,6.2,313.2,40.3,D,0
-16.6177,128.3968,328.2,3.5,1.8,2014-08-31,0549,Aqua,MODIS,28,6.2,312.6,73.8,D,0
-16.6116,128.4039,328.1,3.5,1.8,2014-08-31,0549,Aqua,MODIS,70,6.2,313.3,79.9,D,0
-16.6273,128.4071,324.1,3.5,1.8,2014-08-31,0549,Aqua,MODIS,32,6.2,312.3,51.7,D,0
-16.6382,123.7375,336.5,1.6,1.2,2014-08-31,0549,Aqua,MODIS,80,6.2,311.5,48.6,D,0
-16.6358,123.7519,367.1,1.6,1.2,2014-08-31,0549,Aqua,MODIS,100,6.2,314.4,181.6,D,0
-16.6444,123.7688,334.4,1.6,1.2,2014-08-31,0549,Aqua,MODIS,75,6.2,308.7,40.4,D,0
-16.6419,123.7839,326.8,1.6,1.2,2014-08-31,0549,Aqua,MODIS,35,6.2,310.5,19.5,D,0
-16.6052,128.4368,323.4,3.5,1.8,2014-08-31,0549,Aqua,MODIS,37,6.2,311.3,45.5,D,0
-16.4359,123.983,323.2,1.7,1.3,2014-08-31,0549,Aqua,MODIS,44,6.2,311.5,18.2,D,0
-16.4473,123.9849,339.8,1.7,1.3,2014-08-31,0549,Aqua,MODIS,87,6.2,311.8,63.1,D,0
-16.4447,124.0008,345.9,1.7,1.3,2014-08-31,0549,Aqua,MODIS,91,6.2,309.3,87.8,D,0
-16.5776,123.6906,334.6,1.6,1.2,2014-08-31,0549,Aqua,MODIS,81,6.2,311,43.2,D,0
-16.5887,123.6925,327.9,1.6,1.2,2014-08-31,0549,Aqua,MODIS,44,6.2,311,25.7,D,0
-16.691,123.9085,335.1,1.6,1.3,2014-08-31,0549,Aqua,MODIS,46,6.2,311.9,37.1,D,0
-16.6798,123.9062,337.1,1.6,1.3,2014-08-31,0549,Aqua,MODIS,61,6.2,313.2,39.4,D,0
-15.6134,128.1585,326.2,3.5,1.8,2014-08-31,0549,Aqua,MODIS,33,6.2,313.2,53.2,D,0
-16.6468,123.7542,334.1,1.6,1.2,2014-08-31,0549,Aqua,MODIS,63,6.2,309,40.8,D,0
-16.5727,123.72,336.6,1.6,1.2,2014-08-31,0549,Aqua,MODIS,84,6.2,310.1,46,D,0
-16.2434,128.2603,325.7,3.5,1.8,2014-08-31,0549,Aqua,MODIS,65,6.2,314.4,56.1,D,0
-16.6479,123.9566,332.8,1.6,1.3,2014-08-31,0549,Aqua,MODIS,73,6.2,313.1,27.5,D,0
-16.6641,123.7882,339,1.6,1.2,2014-08-31,0549,Aqua,MODIS,86,6.2,309.5,58.2,D,0
-14.9452,126.1439,359.9,2.6,1.5,2014-08-31,0549,Aqua,MODIS,99,6.2,314.4,279.1,D,0
-15.5898,128.1501,330.6,3.5,1.8,2014-08-31,0549,Aqua,MODIS,67,6.2,313.2,83.4,D,0
-16.6617,123.8028,327,1.6,1.2,2014-08-31,0549,Aqua,MODIS,57,6.2,310,23.3,D,0
-14.941,126.1674,352.4,2.6,1.5,2014-08-31,0549,Aqua,MODIS,95,6.2,315.5,209.7,D,0
-15.192,125.5584,330.6,2.3,1.5,2014-08-31,0549,Aqua,MODIS,38,6.2,311.7,50,D,0
-23.9123,149.2255,303.9,4.5,2,2014-08-31,1333,Terra,MODIS,43,6.2,285.1,64.1,N,0
-23.9032,149.2636,319.4,4.5,2,2014-08-31,1333,Terra,MODIS,98,6.2,286.8,163.8,N,0
-23.9199,149.2737,304.9,4.5,2,2014-08-31,1333,Terra,MODIS,62,6.2,286.8,72.4,N,0
-23.9028,149.268,315.7,4.5,2,2014-08-31,1333,Terra,MODIS,92,6.2,286.6,138.1,N,0
-20.7353,139.4765,303.9,1.2,1.1,2014-08-31,1334,Terra,MODIS,58,6.2,289,8.4,N,2
-20.4894,134.2447,301.4,1.2,1.1,2014-08-31,1335,Terra,MODIS,29,6.2,286.1,6.9,N,0
-20.4797,134.2433,307,1.2,1.1,2014-08-31,1335,Terra,MODIS,70,6.2,288,11.4,N,0
-17.6138,138.2892,303.9,1.1,1,2014-08-31,1335,Terra,MODIS,58,6.2,287.9,8.1,N,0
-18.924,133.908,300.5,1.2,1.1,2014-08-31,1335,Terra,MODIS,29,6.2,288.9,7.1,N,0
-14.9455,142.1305,304,2.1,1.4,2014-08-31,1336,Terra,MODIS,58,6.2,291.2,16.6,N,0
-14.9464,142.1251,311.5,2.1,1.4,2014-08-31,1336,Terra,MODIS,83,6.2,291.4,31.1,N,0
-13.5097,141.8419,305.7,2.2,1.4,2014-08-31,1336,Terra,MODIS,65,6.2,291.5,18.6,N,0
-14.949,142.1108,304.3,2.1,1.4,2014-08-31,1336,Terra,MODIS,59,6.2,291.4,17.2,N,0
-16.9688,135.1447,323.2,1,1,2014-08-31,1336,Terra,MODIS,100,6.2,295.2,21.3,N,0
-16.961,135.1338,316.7,1,1,2014-08-31,1336,Terra,MODIS,94,6.2,291.6,16.1,N,0
-14.7423,131.7943,308.9,1.4,1.2,2014-08-31,1336,Terra,MODIS,30,6.2,290.4,14,N,0
-14.7387,131.7872,318.4,1.4,1.2,2014-08-31,1336,Terra,MODIS,70,6.2,292.3,25.1,N,0
-14.7334,131.7801,332.7,1.4,1.2,2014-08-31,1336,Terra,MODIS,100,6.2,294.7,53,N,0
-14.7229,131.7787,335.4,1.4,1.2,2014-08-31,1336,Terra,MODIS,100,6.2,291.9,58.8,N,0
-14.7246,131.7659,358.5,1.4,1.2,2014-08-31,1336,Terra,MODIS,100,6.2,296.5,133,N,0
-17.0866,135.0908,313.1,1,1,2014-08-31,1336,Terra,MODIS,86,6.2,291,12.3,N,0
-17.0656,135.2439,324.2,1,1,2014-08-31,1336,Terra,MODIS,100,6.2,295,20.5,N,0
-17.037,135.2492,319,1,1,2014-08-31,1336,Terra,MODIS,75,6.2,294.6,14.8,N,0
-17.0282,135.2512,312.8,1,1,2014-08-31,1336,Terra,MODIS,86,6.2,293.6,12,N,0
-17.0295,135.2417,314.5,1,1,2014-08-31,1336,Terra,MODIS,85,6.2,293.5,12.5,N,0
-17.0076,135.1994,352.7,1,1,2014-08-31,1336,Terra,MODIS,100,6.2,302.3,66.4,N,0
-17.0089,135.1899,352.9,1,1,2014-08-31,1336,Terra,MODIS,100,6.2,298.5,67.1,N,0
-16.9985,135.198,352,1,1,2014-08-31,1336,Terra,MODIS,100,6.2,300.8,64.8,N,0
-16.9998,135.1885,330.7,1,1,2014-08-31,1336,Terra,MODIS,100,6.2,295.3,25.9,N,0
-17.0038,135.1599,352.1,1,1,2014-08-31,1336,Terra,MODIS,100,6.2,297.5,66.3,N,0
-17.0051,135.1503,337,1,1,2014-08-31,1336,Terra,MODIS,100,6.2,294.7,36.7,N,0
-16.9881,135.2062,342.6,1,1,2014-08-31,1336,Terra,MODIS,100,6.2,299.4,48,N,0
-16.9894,135.1966,391.2,1,1,2014-08-31,1336,Terra,MODIS,100,6.2,307.4,208.7,N,0
-16.9908,135.1871,326.6,1,1,2014-08-31,1336,Terra,MODIS,72,6.2,294.6,22.6,N,0
-16.9947,135.1585,346.1,1,1,2014-08-31,1336,Terra,MODIS,100,6.2,297.9,53.1,N,0
-16.996,135.1489,344.1,1,1,2014-08-31,1336,Terra,MODIS,100,6.2,296.1,48.6,N,0
-16.9974,135.1393,345.3,1,1,2014-08-31,1336,Terra,MODIS,100,6.2,295.7,52.9,N,0
-16.9987,135.1297,307.9,1,1,2014-08-31,1336,Terra,MODIS,57,6.2,289.4,7,N,0
-17.0026,135.101,313.3,1,1,2014-08-31,1336,Terra,MODIS,87,6.2,289.6,12.3,N,0
-16.9791,135.2048,308.5,1,1,2014-08-31,1336,Terra,MODIS,60,6.2,291.4,8.7,N,0
-16.9804,135.1953,331.6,1,1,2014-08-31,1336,Terra,MODIS,100,6.2,292.8,31.4,N,0
-16.9843,135.1666,305.8,1,1,2014-08-31,1336,Terra,MODIS,17,6.2,292.5,5.9,N,0
-16.9856,135.1571,365.8,1,1,2014-08-31,1336,Terra,MODIS,100,6.2,300.8,104.9,N,0
-16.987,135.1475,361.7,1,1,2014-08-31,1336,Terra,MODIS,100,6.2,300,90.9,N,0
-16.9883,135.1379,402,1,1,2014-08-31,1336,Terra,MODIS,100,6.2,306.3,272.4,N,0
-16.9909,135.1188,323.2,1,1,2014-08-31,1336,Terra,MODIS,100,6.2,291.5,19.3,N,0
-16.9896,135.1284,331.8,1,1,2014-08-31,1336,Terra,MODIS,100,6.2,291,30.8,N,0
-16.9922,135.1092,328.3,1,1,2014-08-31,1336,Terra,MODIS,100,6.2,292.5,26.1,N,0
-16.9935,135.0996,313.9,1,1,2014-08-31,1336,Terra,MODIS,86,6.2,288.9,12.3,N,0
-16.9765,135.1557,321.7,1,1,2014-08-31,1336,Terra,MODIS,100,6.2,292.3,19.2,N,0
-16.9779,135.1461,324.7,1,1,2014-08-31,1336,Terra,MODIS,77,6.2,296.3,21.3,N,0
-16.9792,135.1366,409.8,1,1,2014-08-31,1336,Terra,MODIS,100,6.2,310.5,327,N,0
-16.9805,135.127,335.3,1,1,2014-08-31,1336,Terra,MODIS,100,6.2,292.2,36.8,N,0
-16.9818,135.1174,351.8,1,1,2014-08-31,1336,Terra,MODIS,100,6.2,295.8,67.1,N,0
-16.9831,135.1078,380.6,1,1,2014-08-31,1336,Terra,MODIS,100,6.2,300.6,160.5,N,0
-16.9844,135.0983,344.9,1,1,2014-08-31,1336,Terra,MODIS,100,6.2,290.9,54.3,N,0
-16.9701,135.1352,396,1,1,2014-08-31,1336,Terra,MODIS,100,6.2,303.6,238.3,N,0
-16.9714,135.1256,322.6,1,1,2014-08-31,1336,Terra,MODIS,100,6.2,291.6,21.3,N,0
-16.9727,135.116,315.7,1,1,2014-08-31,1336,Terra,MODIS,92,6.2,290.5,14.9,N,0
-16.974,135.1064,323.6,1,1,2014-08-31,1336,Terra,MODIS,100,6.2,291,22.8,N,0
-17.0423,135.2111,334.9,1,1,2014-08-31,1336,Terra,MODIS,100,6.2,298.7,34.9,N,0
-17.0436,135.2016,327.1,1,1,2014-08-31,1336,Terra,MODIS,100,6.2,294.8,25.5,N,0
-17.0335,135.2131,313.1,1,1,2014-08-31,1336,Terra,MODIS,45,6.2,295.2,10.5,N,0
-17.0348,135.2036,318.4,1,1,2014-08-31,1336,Terra,MODIS,56,6.2,296.2,15.3,N,0
-17.0244,135.2117,311.7,1,1,2014-08-31,1336,Terra,MODIS,26,6.2,294.9,9.1,N,0
-17.0258,135.2022,329.5,1,1,2014-08-31,1336,Terra,MODIS,100,6.2,298.1,27,N,0
-17.0167,135.2008,361.6,1,1,2014-08-31,1336,Terra,MODIS,100,6.2,301.7,89.2,N,0
-17.018,135.1913,329,1,1,2014-08-31,1336,Terra,MODIS,100,6.2,295.5,24.7,N,0
-17.0193,135.1817,315.1,1,1,2014-08-31,1336,Terra,MODIS,70,6.2,294,10.9,N,0
-17.0206,135.1722,310.8,1,1,2014-08-31,1336,Terra,MODIS,29,6.2,293,8,N,0
-17.0284,135.1831,322.2,1,1,2014-08-31,1336,Terra,MODIS,94,6.2,294.7,19.7,N,0
-15.4071,134.8181,302.8,1,1,2014-08-31,1336,Terra,MODIS,41,6.2,289.2,5.5,N,0
-15.4867,135.0387,307.3,1,1,2014-08-31,1336,Terra,MODIS,71,6.2,288.7,8.5,N,0
-15.4854,135.0481,305.6,1,1,2014-08-31,1336,Terra,MODIS,65,6.2,289.8,7.5,N,0
-16.0582,137.136,313.4,1,1,2014-08-31,1336,Terra,MODIS,87,6.2,289.7,13.9,N,0
-15.4383,134.7938,313.4,1,1,2014-08-31,1336,Terra,MODIS,87,6.2,293.3,12.6,N,0
-17.0971,135.0826,305.6,1,1,2014-08-31,1336,Terra,MODIS,63,6.2,289.9,8,N,0
-17.088,135.0812,317.5,1,1,2014-08-31,1336,Terra,MODIS,95,6.2,290.1,16.4,N,0
-15.5472,142.0017,310.3,2,1.4,2014-08-31,1336,Terra,MODIS,80,6.2,290.6,29.3,N,0
-14.2743,133.7051,328.5,1.1,1,2014-08-31,1336,Terra,MODIS,100,6.2,294,29.9,N,0
-12.6466,142.0546,311.7,2.3,1.5,2014-08-31,1336,Terra,MODIS,76,6.2,291,36.9,N,0
-14.2757,133.6951,304.8,1.1,1,2014-08-31,1336,Terra,MODIS,62,6.2,292.2,6.8,N,0
-13.1106,141.6364,307,2.1,1.4,2014-08-31,1336,Terra,MODIS,70,6.2,291.5,21.1,N,0
-12.6553,142.0627,308.6,2.3,1.5,2014-08-31,1336,Terra,MODIS,62,6.2,291.2,29.1,N,0
-16.0622,136.4208,309.8,1,1,2014-08-31,1336,Terra,MODIS,78,6.2,290.4,10,N,0
-13.1074,141.6558,308.8,2.1,1.4,2014-08-31,1336,Terra,MODIS,76,6.2,291.3,25.7,N,0
-13.1098,141.6426,313.9,2.1,1.4,2014-08-31,1336,Terra,MODIS,88,6.2,291.6,37.5,N,0
-14.273,133.7151,355.5,1.1,1,2014-08-31,1336,Terra,MODIS,100,6.2,298.2,83.1,N,0
-14.2609,133.7338,313.2,1.1,1,2014-08-31,1336,Terra,MODIS,86,6.2,294.2,12.7,N,0
-14.2716,133.7251,311.9,1.1,1,2014-08-31,1336,Terra,MODIS,84,6.2,294.5,11.3,N,0
-13.1064,141.6621,301.7,2.1,1.4,2014-08-31,1336,Terra,MODIS,43,6.2,291,13.4,N,0
-16.0635,136.4114,304.1,1,1,2014-08-31,1336,Terra,MODIS,26,6.2,290,5.9,N,0
-14.5962,144.5406,300.6,3.3,1.7,2014-08-31,1336,Terra,MODIS,31,6.2,290,22.9,N,0
-15.5505,141.9829,318,2,1.4,2014-08-31,1336,Terra,MODIS,96,6.2,289.9,46.9,N,0
-14.6009,144.5348,306,3.3,1.7,2014-08-31,1336,Terra,MODIS,66,6.2,290.1,41.3,N,0
-15.5629,141.9852,304.4,2,1.4,2014-08-31,1336,Terra,MODIS,60,6.2,289.5,20.1,N,0
-16.0725,136.4129,312.3,1,1,2014-08-31,1336,Terra,MODIS,59,6.2,291.3,10.9,N,0
-14.2623,133.7238,312.9,1.1,1,2014-08-31,1336,Terra,MODIS,86,6.2,294,12.1,N,0
-14.6019,144.5103,307.8,3.3,1.7,2014-08-31,1336,Terra,MODIS,73,6.2,289.9,46.9,N,0
-14.6064,144.5043,303.3,3.3,1.7,2014-08-31,1336,Terra,MODIS,54,6.2,289.8,32,N,0
-14.999,141.9007,305.1,2.1,1.4,2014-08-31,1336,Terra,MODIS,63,6.2,291.4,18.4,N,0
-15.7222,130.369,305.2,1.8,1.3,2014-08-31,1336,Terra,MODIS,57,6.2,293.3,13.2,N,0
-15.4791,133.1722,301.9,1.2,1.1,2014-08-31,1336,Terra,MODIS,34,6.2,288.8,6.5,N,0
-15.4978,133.0117,300.7,1.2,1.1,2014-08-31,1336,Terra,MODIS,5,6.2,288.6,5.7,N,0
-13.3975,132.4982,314.5,1.2,1.1,2014-08-31,1337,Terra,MODIS,89,6.2,295.2,15.6,N,0
-12.2624,132.905,304.7,1.1,1.1,2014-08-31,1337,Terra,MODIS,55,6.2,293.2,8,N,0
-12.2529,132.9036,324,1.1,1.1,2014-08-31,1337,Terra,MODIS,100,6.2,291.4,26.3,N,0
-12.2543,132.8933,318.8,1.1,1.1,2014-08-31,1337,Terra,MODIS,97,6.2,291.4,19.8,N,0
-11.9757,132.8458,379.4,1.1,1.1,2014-08-31,1337,Terra,MODIS,100,6.2,298.1,177.6,N,0
-13.4565,132.5067,305.2,1.2,1.1,2014-08-31,1337,Terra,MODIS,10,6.2,293.4,6.2,N,0
-12.2663,136.3961,302,1,1,2014-08-31,1337,Terra,MODIS,46,6.2,291.3,5.1,N,0
-11.9743,132.8561,320.1,1.1,1.1,2014-08-31,1337,Terra,MODIS,100,6.2,293,20,N,0
-11.9852,132.8472,368.4,1.1,1.1,2014-08-31,1337,Terra,MODIS,100,6.2,299.7,130.5,N,0
-11.9866,132.8369,374,1.1,1.1,2014-08-31,1337,Terra,MODIS,100,6.2,299.5,153.3,N,0
-11.9838,132.8575,306.9,1.1,1.1,2014-08-31,1337,Terra,MODIS,42,6.2,291.9,8,N,0
-13.5199,131.0889,301,1.5,1.2,2014-08-31,1337,Terra,MODIS,14,6.2,290.7,7,N,0
-13.5216,131.0753,307.9,1.5,1.2,2014-08-31,1337,Terra,MODIS,70,6.2,291.7,14.1,N,0
-11.9947,132.8486,307.2,1.1,1.1,2014-08-31,1337,Terra,MODIS,27,6.2,292.9,8.2,N,0
-11.9771,132.8356,331.9,1.1,1.1,2014-08-31,1337,Terra,MODIS,100,6.2,293.2,35.7,N,0
-13.4255,132.5139,307.9,1.2,1.1,2014-08-31,1337,Terra,MODIS,48,6.2,296,8.5,N,0
-11.9234,132.7695,304.8,1.1,1.1,2014-08-31,1337,Terra,MODIS,43,6.2,291.8,7.5,N,0
-13.5143,131.0464,302,1.5,1.2,2014-08-31,1337,Terra,MODIS,20,6.2,291,8.8,N,0
-13.5234,131.0616,315,1.5,1.2,2014-08-31,1337,Terra,MODIS,90,6.2,292.6,23.8,N,0
-13.4082,130.8996,309,1.5,1.2,2014-08-31,1337,Terra,MODIS,18,6.2,293,14.1,N,0
-11.9961,132.8383,351.8,1.1,1.1,2014-08-31,1337,Terra,MODIS,100,6.2,297.2,78.3,N,0
-13.0375,132.5238,308.3,1.2,1.1,2014-08-31,1337,Terra,MODIS,74,6.2,293.2,10.5,N,0
-12.6701,132.3019,308.1,1.2,1.1,2014-08-31,1337,Terra,MODIS,74,6.2,293.3,10.8,N,0
-12.3845,130.9261,302.7,1.5,1.2,2014-08-31,1337,Terra,MODIS,50,6.2,291.4,8.3,N,0
-12.6513,134.286,305.3,1,1,2014-08-31,1337,Terra,MODIS,64,6.2,294.7,5.8,N,0
-13.3991,135.241,307.3,1,1,2014-08-31,1337,Terra,MODIS,69,6.2,291.2,7.5,N,0
-13.0533,134.2996,310.6,1,1,2014-08-31,1337,Terra,MODIS,80,6.2,292.4,9.9,N,0
-12.7507,131.9177,311.1,1.3,1.1,2014-08-31,1337,Terra,MODIS,82,6.2,294.3,13.6,N,0
-13.4004,135.2318,306.7,1,1,2014-08-31,1337,Terra,MODIS,67,6.2,291.8,7.2,N,0
-12.3767,130.9309,304.9,1.5,1.2,2014-08-31,1337,Terra,MODIS,62,6.2,293,10.4,N,0
-12.523,131.4747,320.3,1.4,1.2,2014-08-31,1337,Terra,MODIS,100,6.2,292.1,29.1,N,0
-12.3784,130.9174,310.9,1.5,1.2,2014-08-31,1337,Terra,MODIS,81,6.2,292.3,17.2,N,0
-13.3927,135.2212,311.8,1,1,2014-08-31,1337,Terra,MODIS,58,6.2,292.2,10,N,0
-12.5214,131.4872,310.6,1.4,1.2,2014-08-31,1337,Terra,MODIS,80,6.2,291.9,16.1,N,0
-12.2904,136.794,303.5,1.1,1,2014-08-31,1337,Terra,MODIS,56,6.2,292.3,6.2,N,0
-12.2889,136.8039,316.3,1.1,1,2014-08-31,1337,Terra,MODIS,93,6.2,292.7,16.4,N,0
-12.3737,130.9246,327.7,1.5,1.2,2014-08-31,1337,Terra,MODIS,100,6.2,293.3,45.5,N,0
-12.3755,130.9112,303.3,1.5,1.2,2014-08-31,1337,Terra,MODIS,54,6.2,292.3,8.4,N,0
-12.6597,132.2941,320.3,1.2,1.1,2014-08-31,1337,Terra,MODIS,100,6.2,293,23.6,N,0
-13.5015,133.3139,306.7,1.1,1,2014-08-31,1337,Terra,MODIS,57,6.2,293.6,8.1,N,0
-12.6602,132.3005,314.8,1.2,1.1,2014-08-31,1337,Terra,MODIS,90,6.2,293.1,17.3,N,0
-13.0949,134.2003,307.4,1,1,2014-08-31,1337,Terra,MODIS,71,6.2,291.3,8.5,N,0
-13.1776,134.2668,301.8,1,1,2014-08-31,1337,Terra,MODIS,45,6.2,291.4,4.8,N,0
-13.5029,133.3038,314.6,1.1,1,2014-08-31,1337,Terra,MODIS,90,6.2,293.7,15.1,N,0
-12.6617,132.2893,308.7,1.2,1.1,2014-08-31,1337,Terra,MODIS,72,6.2,291.6,11.2,N,0
-13.4934,133.3024,346.5,1.1,1,2014-08-31,1337,Terra,MODIS,100,6.2,294.2,63.8,N,0
-13.4921,133.3126,335.2,1.1,1,2014-08-31,1337,Terra,MODIS,100,6.2,293.2,41.4,N,0
-13.4907,133.3228,304.8,1.1,1,2014-08-31,1337,Terra,MODIS,62,6.2,291.5,7,N,0
-23.8992,149.264,302.8,1.6,1.2,2014-08-31,1504,Aqua,MODIS,44,6.2,285.5,13.5,N,0
-23.9102,149.2612,316.9,1.6,1.2,2014-08-31,1504,Aqua,MODIS,94,6.2,286.6,33,N,0
-24.2049,149.4267,306.8,1.5,1.2,2014-08-31,1504,Aqua,MODIS,69,6.2,284.5,19.6,N,0
-28.5418,125.8138,304.9,4.3,1.9,2014-08-31,1511,Terra,MODIS,62,6.2,285.4,68.4,N,0
-28.5431,125.8214,302.9,4.3,1.9,2014-08-31,1511,Terra,MODIS,52,6.2,285.3,57.6,N,0
-19.104,122.2154,315.5,4,1.9,2014-08-31,1513,Terra,MODIS,38,6.2,286.7,106.7,N,0
-18.9941,122.3031,329.5,4.1,1.9,2014-08-31,1513,Terra,MODIS,100,6.2,290.7,228.9,N,0
-19.0185,122.269,317.1,4.1,1.9,2014-08-31,1513,Terra,MODIS,93,6.2,287.6,119.4,N,0
-19.0352,122.2728,322.7,4.1,1.9,2014-08-31,1513,Terra,MODIS,100,6.2,289.2,156.2,N,0
-19.0465,122.2412,375.6,4,1.9,2014-08-31,1513,Terra,MODIS,100,6.2,294.1,1021.3,N,0
-19.0874,122.2115,320.4,4,1.9,2014-08-31,1513,Terra,MODIS,56,6.2,289.1,136.4,N,0
-19.0594,122.2391,384.9,4,1.9,2014-08-31,1513,Terra,MODIS,100,6.2,297.3,1313.3,N,0
-18.9862,122.3415,330.8,4.1,1.9,2014-08-31,1513,Terra,MODIS,100,6.2,290.6,241.4,N,0
-19.03,122.2372,353.6,4,1.9,2014-08-31,1513,Terra,MODIS,100,6.2,291.2,523.1,N,0
-19.0518,122.2768,338.5,4.1,1.9,2014-08-31,1513,Terra,MODIS,100,6.2,290.1,317.4,N,0
-19.0428,122.2351,354.1,4,1.9,2014-08-31,1513,Terra,MODIS,100,6.2,291.8,536.9,N,0
-19.0019,122.2651,307.6,4.1,1.9,2014-08-31,1513,Terra,MODIS,56,6.2,288.2,70.4,N,0
-18.9908,122.2955,326.6,4.1,1.9,2014-08-31,1513,Terra,MODIS,100,6.2,290,197.6,N,0
-18.9832,122.3339,332.4,4.1,1.9,2014-08-31,1513,Terra,MODIS,100,6.2,290.9,256.2,N,0
-19.076,122.243,326.6,4,1.9,2014-08-31,1513,Terra,MODIS,100,6.2,289.3,194.2,N,0
-19.0262,122.2311,336.1,4,1.9,2014-08-31,1513,Terra,MODIS,100,6.2,289.2,286,N,0
-19.1,122.2094,326.2,4,1.9,2014-08-31,1513,Terra,MODIS,100,6.2,288,188.1,N,0
-19.0631,122.2451,375,4,1.9,2014-08-31,1513,Terra,MODIS,100,6.2,296.1,1012.1,N,0
-19.0553,122.2828,309.3,4.1,1.9,2014-08-31,1513,Terra,MODIS,33,6.2,288.6,74.4,N,0
-21.8288,118.8434,304.9,2,1.4,2014-08-31,1513,Terra,MODIS,62,6.2,285.8,23.5,N,0
-21.834,118.8312,305.3,2,1.4,2014-08-31,1513,Terra,MODIS,64,6.2,285.8,22.1,N,0
-21.0396,119.6732,304.4,2.4,1.5,2014-08-31,1513,Terra,MODIS,46,6.2,292,19.9,N,0
-21.0277,119.6888,317.1,2.4,1.5,2014-08-31,1513,Terra,MODIS,94,6.2,293.5,53.4,N,0
-21.0219,119.693,321.6,2.4,1.5,2014-08-31,1513,Terra,MODIS,100,6.2,293.6,67,N,0
-21.0233,119.7123,304.6,2.4,1.5,2014-08-31,1513,Terra,MODIS,26,6.2,293.5,21.3,N,0
-12.2702,136.3992,305,1.5,1.2,2014-08-31,1639,Aqua,MODIS,63,6.2,289.1,14.5,N,0
-11.9676,132.8449,319.2,1,1,2014-08-31,1639,Aqua,MODIS,98,6.2,291.1,17.2,N,0
-11.9689,132.8541,326.2,1,1,2014-08-31,1639,Aqua,MODIS,100,6.2,291.9,24.7,N,0
-11.9211,132.7734,302.8,1,1,2014-08-31,1639,Aqua,MODIS,47,6.2,291.3,5.5,N,0
-11.9856,132.8422,318.8,1,1,2014-08-31,1639,Aqua,MODIS,92,6.2,292.6,16.8,N,0
-11.9843,132.833,311.8,1,1,2014-08-31,1639,Aqua,MODIS,47,6.2,291.4,11,N,0
-11.9766,132.8435,328.6,1,1,2014-08-31,1639,Aqua,MODIS,100,6.2,292.7,26.9,N,0
-11.9779,132.8528,314.5,1,1,2014-08-31,1639,Aqua,MODIS,75,6.2,292,12.6,N,0
-13.5239,131.098,302,1,1,2014-08-31,1640,Aqua,MODIS,36,6.2,289.4,5.4,N,0
-13.4464,132.5087,309.6,1,1,2014-08-31,1640,Aqua,MODIS,78,6.2,293.4,8.9,N,0
-13.4207,132.522,315,1,1,2014-08-31,1640,Aqua,MODIS,90,6.2,294.2,12.9,N,0
-13.5225,131.0887,316.8,1,1,2014-08-31,1640,Aqua,MODIS,94,6.2,290.9,16,N,0
-13.4193,132.5127,331.6,1,1,2014-08-31,1640,Aqua,MODIS,100,6.2,295.6,30.6,N,0
-12.2532,132.9077,313.5,1,1,2014-08-31,1640,Aqua,MODIS,87,6.2,291.3,12.7,N,0
-13.7924,132.3568,301.4,1,1,2014-08-31,1640,Aqua,MODIS,41,6.2,290.9,5.2,N,0
-12.2441,132.909,306.1,1,1,2014-08-31,1640,Aqua,MODIS,67,6.2,290.1,7.7,N,0
-13.4653,132.5095,326.9,1,1,2014-08-31,1640,Aqua,MODIS,100,6.2,294.4,25.4,N,0
-13.4666,132.5188,311.3,1,1,2014-08-31,1640,Aqua,MODIS,82,6.2,292.8,10.4,N,0
-13.4743,132.5082,324.7,1,1,2014-08-31,1640,Aqua,MODIS,100,6.2,294.5,22.7,N,0
-13.4563,132.5108,322.1,1,1,2014-08-31,1640,Aqua,MODIS,100,6.2,293.6,20.5,N,0
-13.7583,132.0544,303,1,1,2014-08-31,1640,Aqua,MODIS,53,6.2,292.4,5.7,N,0
-13.0978,134.2065,306.7,1.1,1.1,2014-08-31,1640,Aqua,MODIS,69,6.2,288.2,10.7,N,0
-14.7321,131.8549,320.6,1,1,2014-08-31,1640,Aqua,MODIS,100,6.2,287,20.5,N,0
-14.742,131.7997,309.2,1,1,2014-08-31,1640,Aqua,MODIS,60,6.2,288.6,9.7,N,0
-14.764,131.8247,302.4,1,1,2014-08-31,1640,Aqua,MODIS,18,6.2,286.5,6,N,0
-14.7654,131.8339,301,1,1,2014-08-31,1640,Aqua,MODIS,20,6.2,285.5,5.6,N,0
-14.773,131.8233,309.7,1,1,2014-08-31,1640,Aqua,MODIS,78,6.2,286.5,10.9,N,0
-14.7186,131.7625,300.7,1,1,2014-08-31,1640,Aqua,MODIS,32,6.2,286.1,5.5,N,0
-14.72,131.7718,335.9,1,1,2014-08-31,1640,Aqua,MODIS,100,6.2,292.8,38.6,N,0
-14.7213,131.781,314.8,1,1,2014-08-31,1640,Aqua,MODIS,74,6.2,289.6,14,N,0
-13.0964,134.1962,302.5,1.1,1.1,2014-08-31,1640,Aqua,MODIS,49,6.2,287.5,7.7,N,0
-13.4896,133.3338,306,1.1,1,2014-08-31,1640,Aqua,MODIS,65,6.2,290.3,8.4,N,0
-13.2537,134.2906,300.5,1.2,1.1,2014-08-31,1640,Aqua,MODIS,28,6.2,288.9,6,N,0
-13.4961,133.313,323.8,1.1,1,2014-08-31,1640,Aqua,MODIS,100,6.2,291.2,23.8,N,0
-13.4947,133.3033,300.8,1.1,1,2014-08-31,1640,Aqua,MODIS,28,6.2,290.1,5.1,N,0
-13.504,133.302,326.4,1.1,1,2014-08-31,1640,Aqua,MODIS,100,6.2,292.3,27.5,N,0
-13.4975,133.3227,319.9,1.1,1,2014-08-31,1640,Aqua,MODIS,99,6.2,292,19.3,N,0
-13.2551,134.3012,305.6,1.2,1.1,2014-08-31,1640,Aqua,MODIS,65,6.2,289.7,9.6,N,0
-12.3646,130.9174,306.4,1,1,2014-08-31,1640,Aqua,MODIS,68,6.2,292.2,7.3,N,0
-14.2697,133.7328,325.2,1.1,1.1,2014-08-31,1640,Aqua,MODIS,100,6.2,293.8,27.5,N,0
-12.3766,130.9349,302,1,1,2014-08-31,1640,Aqua,MODIS,39,6.2,290.8,4.8,N,0
-14.2648,133.7299,328.3,1.1,1.1,2014-08-31,1640,Aqua,MODIS,100,6.2,293.9,30.8,N,0
-12.366,130.9269,324,1,1,2014-08-31,1640,Aqua,MODIS,100,6.2,292.3,23.1,N,0
-14.2763,133.7111,303.8,1.1,1.1,2014-08-31,1640,Aqua,MODIS,57,6.2,290.6,7.6,N,0
-12.7527,131.9173,303.2,1,1,2014-08-31,1640,Aqua,MODIS,54,6.2,292.2,5.4,N,0
-14.2683,133.7226,315.7,1.1,1.1,2014-08-31,1640,Aqua,MODIS,92,6.2,292.3,16.7,N,0
-17.0079,135.1939,301.5,1.4,1.2,2014-08-31,1641,Aqua,MODIS,39,6.2,288.9,7.9,N,0
-17.0186,135.1924,301.3,1.4,1.2,2014-08-31,1641,Aqua,MODIS,39,6.2,290,7.9,N,0
-15.7271,130.2501,312.6,1,1,2014-08-31,1641,Aqua,MODIS,85,6.2,293.6,11.2,N,0
-15.7285,130.2597,315,1,1,2014-08-31,1641,Aqua,MODIS,90,6.2,294,13.5,N,0
-17.1119,135.0853,301.1,1.4,1.2,2014-08-31,1641,Aqua,MODIS,21,6.2,288.6,8.8,N,0
-17.1226,135.0838,306.5,1.4,1.2,2014-08-31,1641,Aqua,MODIS,68,6.2,288.7,14.7,N,0
-15.6138,128.1661,304.1,1.3,1.1,2014-08-31,1641,Aqua,MODIS,58,6.2,293.2,8.3,N,0
-15.7078,130.3663,306.9,1,1,2014-08-31,1641,Aqua,MODIS,23,6.2,293.3,6.4,N,0
-15.7063,130.3568,303.6,1,1,2014-08-31,1641,Aqua,MODIS,16,6.2,292.7,4.5,N,0
-18.3,129.9634,306.4,1,1,2014-08-31,1641,Aqua,MODIS,68,6.2,284.2,10,N,0
-21.019,119.7107,328.6,3.9,1.8,2014-08-31,1642,Aqua,MODIS,100,6.2,292.6,206.4,N,0
-21.0087,119.7086,321.8,3.9,1.8,2014-08-31,1642,Aqua,MODIS,100,6.2,292,149.9,N,0
-21.0164,119.7446,304,3.9,1.8,2014-08-31,1642,Aqua,MODIS,54,6.2,288.6,47.7,N,0
-21.025,119.7044,305,3.9,1.8,2014-08-31,1642,Aqua,MODIS,62,6.2,291.4,52,N,0
-19.0481,122.2394,347.2,2.9,1.6,2014-08-31,1642,Aqua,MODIS,100,6.2,288.9,265.3,N,0
-19.0585,122.301,305,2.8,1.6,2014-08-31,1642,Aqua,MODIS,54,6.2,288.2,35.6,N,0
-19.0535,122.2743,324,2.8,1.6,2014-08-31,1642,Aqua,MODIS,100,6.2,291.6,106.3,N,0
-19.0434,122.2204,312.9,2.9,1.6,2014-08-31,1642,Aqua,MODIS,86,6.2,285.4,64.7,N,0
-18.9778,122.3462,304.6,2.8,1.6,2014-08-31,1642,Aqua,MODIS,60,6.2,289.3,34.6,N,0
-19.0484,122.2474,352.7,2.9,1.6,2014-08-31,1642,Aqua,MODIS,100,6.2,290.7,320.3,N,0
-19.0392,122.2775,321.9,2.8,1.6,2014-08-31,1642,Aqua,MODIS,100,6.2,289.4,95.3,N,0
-19.0768,122.2331,307.7,2.9,1.6,2014-08-31,1642,Aqua,MODIS,67,6.2,286,45.1,N,0
-19.0728,122.2898,303.1,2.8,1.6,2014-08-31,1642,Aqua,MODIS,9,6.2,287.9,30.2,N,0
-21.2146,125.7829,301,1.4,1.2,2014-08-31,1642,Aqua,MODIS,36,6.2,283.9,11.7,N,0
-19.0624,122.2362,320.7,2.9,1.6,2014-08-31,1642,Aqua,MODIS,98,6.2,287.3,88.7,N,0
-19.0677,122.2631,331.7,2.8,1.6,2014-08-31,1642,Aqua,MODIS,100,6.2,291.6,149,N,0
-19.0341,122.2506,320.2,2.9,1.6,2014-08-31,1642,Aqua,MODIS,100,6.2,289.6,88.9,N,0
-19.0585,122.2929,320.9,2.8,1.6,2014-08-31,1642,Aqua,MODIS,100,6.2,290.3,89.3,N,0
-19.0533,122.2662,326.9,2.8,1.6,2014-08-31,1642,Aqua,MODIS,100,6.2,291.2,118.9,N,0
-18.9698,122.3252,301.4,2.8,1.6,2014-08-31,1642,Aqua,MODIS,12,6.2,287.7,24.4,N,0
-19.039,122.2695,332.5,2.8,1.6,2014-08-31,1642,Aqua,MODIS,100,6.2,290.6,153.9,N,0
-19.0337,122.2426,321.5,2.9,1.6,2014-08-31,1642,Aqua,MODIS,100,6.2,288.4,95.3,N,0
-11.802,142.4842,317.2,2.3,1.5,2014-09-01,0026,Terra,MODIS,39,6.2,293.2,28.5,D,0
-15.3314,144.6817,320.8,1.4,1.2,2014-09-01,0027,Terra,MODIS,54,6.2,302.5,14.3,D,0
-15.3273,144.7854,317.7,1.3,1.1,2014-09-01,0027,Terra,MODIS,49,6.2,300.1,11.8,D,0
-15.5527,145.0954,325.1,1.3,1.1,2014-09-01,0027,Terra,MODIS,72,6.2,302.8,23,D,0
-14.5899,144.528,330.4,1.4,1.2,2014-09-01,0027,Terra,MODIS,82,6.2,302.8,32.9,D,0
-15.4273,142.9207,315.4,1.8,1.3,2014-09-01,0027,Terra,MODIS,40,6.2,302.9,11.4,D,0
-15.5554,141.9824,330.2,2.1,1.4,2014-09-01,0027,Terra,MODIS,81,6.2,305.4,60.7,D,0
-15.5519,141.963,323.6,2.1,1.4,2014-09-01,0027,Terra,MODIS,73,6.2,302.6,36.1,D,0
-15.5428,141.991,325.3,2.1,1.4,2014-09-01,0027,Terra,MODIS,76,6.2,304.3,42.4,D,0
-15.552,141.9692,335.9,2.1,1.4,2014-09-01,0027,Terra,MODIS,86,6.2,303.9,81.2,D,0
-15.5554,141.9886,328.2,2.1,1.4,2014-09-01,0027,Terra,MODIS,79,6.2,305.2,52.6,D,0
-14.9522,145.1189,314.5,1.3,1.1,2014-09-01,0027,Terra,MODIS,47,6.2,297.4,10.7,D,0
-14.5877,144.5148,328,1.4,1.2,2014-09-01,0027,Terra,MODIS,80,6.2,301.6,26.7,D,0
-14.9537,142.0855,322.2,2.1,1.4,2014-09-01,0027,Terra,MODIS,57,6.2,302.8,31.5,D,0
-14.8559,142.1237,318.6,2.1,1.4,2014-09-01,0027,Terra,MODIS,62,6.2,302.3,26.6,D,0
-14.8561,142.1298,317.1,2.1,1.4,2014-09-01,0027,Terra,MODIS,51,6.2,302.3,22.7,D,0
-14.8527,142.1103,314.9,2.1,1.4,2014-09-01,0027,Terra,MODIS,34,6.2,301.5,17,D,0
-13.5162,141.8304,319.6,2.4,1.5,2014-09-01,0027,Terra,MODIS,71,6.2,299.4,35.1,D,0
-14.953,142.079,317.9,2.1,1.4,2014-09-01,0027,Terra,MODIS,50,6.2,302,20.8,D,0
-14.9564,142.0985,317.7,2.1,1.4,2014-09-01,0027,Terra,MODIS,51,6.2,304,18.7,D,0
-13.5236,141.8735,332.2,2.3,1.5,2014-09-01,0027,Terra,MODIS,84,6.2,301,82.9,D,0
-13.5154,141.847,316.3,2.4,1.5,2014-09-01,0027,Terra,MODIS,42,6.2,299.7,22.9,D,0
-13.5199,141.8521,316.6,2.4,1.5,2014-09-01,0027,Terra,MODIS,37,6.2,300.1,24,D,0
-13.5193,141.8685,329.6,2.3,1.5,2014-09-01,0027,Terra,MODIS,82,6.2,300.8,70.9,D,0
-13.5115,141.8254,316.7,2.4,1.5,2014-09-01,0027,Terra,MODIS,66,6.2,299,25.9,D,0
-14.2544,143.2829,314.4,1.8,1.3,2014-09-01,0027,Terra,MODIS,59,6.2,299.8,13.5,D,0
-16.2023,144.6239,327.6,1.3,1.1,2014-09-01,0028,Terra,MODIS,59,6.2,304.6,24,D,0
-17.1209,145.8701,353.4,1.1,1.1,2014-09-01,0028,Terra,MODIS,97,6.2,300.5,76.8,D,0
-19.4577,147.1055,312.2,1,1,2014-09-01,0028,Terra,MODIS,19,6.2,299.6,5.6,D,0
-19.02,146.1039,317.8,1.1,1,2014-09-01,0028,Terra,MODIS,62,6.2,296.4,13.8,D,0
-16.2269,144.6453,328.6,1.3,1.1,2014-09-01,0028,Terra,MODIS,78,6.2,306.3,23.5,D,0
-16.2249,144.633,330.6,1.3,1.1,2014-09-01,0028,Terra,MODIS,82,6.2,305.8,28.6,D,0
-17.1193,145.8595,316.2,1.1,1.1,2014-09-01,0028,Terra,MODIS,39,6.2,301.4,9.9,D,0
-16.2058,144.6295,331.3,1.3,1.1,2014-09-01,0028,Terra,MODIS,83,6.2,305.3,31.1,D,0
-23.9079,149.2534,331.8,1.2,1.1,2014-09-01,0029,Terra,MODIS,63,6.2,303.9,28.8,D,0
-23.9177,149.2521,389.8,1.2,1.1,2014-09-01,0029,Terra,MODIS,100,6.2,307.3,244,D,0
-23.9191,149.2636,346.2,1.2,1.1,2014-09-01,0029,Terra,MODIS,93,6.2,301,60.8,D,0
-23.4175,149.799,315.3,1.2,1.1,2014-09-01,0029,Terra,MODIS,57,6.2,303,9.3,D,0
-23.3869,149.797,312.6,1.2,1.1,2014-09-01,0029,Terra,MODIS,30,6.2,301.1,7.6,D,0
-24.2048,149.4314,317.7,1.2,1.1,2014-09-01,0029,Terra,MODIS,50,6.2,302,11.1,D,0
-24.2132,149.4179,319.8,1.2,1.1,2014-09-01,0029,Terra,MODIS,66,6.2,301.5,13.8,D,0
-23.8885,149.2733,350.5,1.2,1.1,2014-09-01,0029,Terra,MODIS,95,6.2,300.7,72.8,D,0
-23.8897,149.2673,337.5,1.2,1.1,2014-09-01,0029,Terra,MODIS,88,6.2,300.9,40.3,D,0
-23.8912,149.279,324.2,1.2,1.1,2014-09-01,0029,Terra,MODIS,53,6.2,298.4,19.1,D,0
-23.8995,149.2661,323.5,1.2,1.1,2014-09-01,0029,Terra,MODIS,50,6.2,299.7,17.4,D,0
-23.9093,149.2648,327,1.2,1.1,2014-09-01,0029,Terra,MODIS,42,6.2,300.6,22,D,0
-24.9062,152.2634,310.6,1.9,1.3,2014-09-01,0030,Terra,MODIS,45,6.2,298.9,11.6,D,0
-26.9223,147.4217,352.7,1.1,1,2014-09-01,0030,Terra,MODIS,96,6.2,306.2,65.6,D,0
-26.9237,147.4324,322.6,1.1,1,2014-09-01,0030,Terra,MODIS,74,6.2,304,12.9,D,0
-25.3989,149.1492,316.4,1.2,1.1,2014-09-01,0030,Terra,MODIS,31,6.2,301.5,10.6,D,0
-27.4475,153.4901,308,2.5,1.5,2014-09-01,0030,Terra,MODIS,42,6.2,293.3,23.3,D,0
-27.4499,153.5158,325.7,2.5,1.5,2014-09-01,0030,Terra,MODIS,0,6.2,292.7,82.5,D,0
-24.0407,147.502,318.1,1,1,2014-09-01,0030,Terra,MODIS,64,6.2,304.9,6.9,D,0
-24.0421,147.5121,325.5,1,1,2014-09-01,0030,Terra,MODIS,77,6.2,304.7,14.8,D,0
-26.689,150.1694,326.5,1.4,1.2,2014-09-01,0030,Terra,MODIS,80,6.2,300.5,33.4,D,0
-25.389,149.1507,328.7,1.2,1.1,2014-09-01,0030,Terra,MODIS,82,6.2,300.9,27.4,D,0
-26.3072,150.8178,313.7,1.6,1.2,2014-09-01,0030,Terra,MODIS,63,6.2,297.9,15.6,D,0
-26.309,150.8335,315.9,1.6,1.2,2014-09-01,0030,Terra,MODIS,68,6.2,297.9,19.6,D,0
-26.6797,145.7122,315.6,1,1,2014-09-01,0030,Terra,MODIS,59,6.2,303.2,5.8,D,0
-27.4425,153.5109,316.9,2.5,1.5,2014-09-01,0030,Terra,MODIS,49,6.2,292.1,45.1,D,0
-27.4563,153.5095,317.5,2.5,1.5,2014-09-01,0030,Terra,MODIS,0,6.2,292.8,45.8,D,0
-26.8451,149.1776,319.3,1.3,1.1,2014-09-01,0030,Terra,MODIS,69,6.2,302.5,14.3,D,0
-25.0075,151.7302,328.6,1.7,1.3,2014-09-01,0030,Terra,MODIS,82,6.2,301.8,43.6,D,0
-24.9958,151.7317,324.3,1.7,1.3,2014-09-01,0030,Terra,MODIS,78,6.2,302.8,33.4,D,0
-24.0342,145.7534,315.7,1,1,2014-09-01,0030,Terra,MODIS,50,6.2,304.9,4.8,D,0
-24.0357,145.7632,322.4,1,1,2014-09-01,0030,Terra,MODIS,71,6.2,304.3,11.2,D,0
-25.0004,151.7378,331.8,1.7,1.3,2014-09-01,0030,Terra,MODIS,84,6.2,301.9,55.4,D,0
-25.1028,151.8409,311.7,1.8,1.3,2014-09-01,0030,Terra,MODIS,56,6.2,296.1,18.7,D,0
-25.0978,151.8357,315.7,1.8,1.3,2014-09-01,0030,Terra,MODIS,67,6.2,296.6,24.7,D,0
-24.9985,151.7206,324.2,1.7,1.3,2014-09-01,0030,Terra,MODIS,78,6.2,304.1,35.1,D,0
-25.4057,149.1233,318.3,1.2,1.1,2014-09-01,0030,Terra,MODIS,56,6.2,302.2,13,D,0
-24.8011,151.3945,316.2,1.6,1.3,2014-09-01,0030,Terra,MODIS,45,6.2,295.6,21.3,D,0
-26.8435,149.1648,329.5,1.3,1.1,2014-09-01,0030,Terra,MODIS,82,6.2,302.7,29.6,D,0
-30.4239,151.3538,311.4,1.9,1.4,2014-09-01,0031,Terra,MODIS,70,6.2,291.5,26.5,D,0
-30.7925,148.5976,306,1.3,1.1,2014-09-01,0031,Terra,MODIS,47,6.2,295.3,4.4,D,0
-28.454,150.4814,311.3,1.6,1.2,2014-09-01,0031,Terra,MODIS,53,6.2,300,8.5,D,0
-29.0157,148.7448,314.5,1.3,1.1,2014-09-01,0031,Terra,MODIS,60,6.2,304.1,8.2,D,0
-32.2079,147.7914,306.7,1.2,1.1,2014-09-01,0032,Terra,MODIS,49,6.2,289.1,9.1,D,0
-32.2093,147.7977,304.9,1.2,1.1,2014-09-01,0032,Terra,MODIS,44,6.2,288.4,7.2,D,0
-33.8549,148.2812,302.9,1.4,1.2,2014-09-01,0032,Terra,MODIS,54,6.2,289.1,9.2,D,0
-13.2224,134.2274,328.4,4.1,1.9,2014-09-01,0205,Terra,MODIS,77,6.2,303.8,137.4,D,0
-13.1721,134.2767,318.1,4.2,1.9,2014-09-01,0205,Terra,MODIS,57,6.2,304.1,56.5,D,0
-13.1756,134.2709,316.9,4.2,1.9,2014-09-01,0205,Terra,MODIS,45,6.2,303.8,50.4,D,0
-11.741,133.016,341.4,3.2,1.7,2014-09-01,0205,Terra,MODIS,90,6.2,307.5,189.1,D,0
-11.7258,133.0177,335.2,3.2,1.7,2014-09-01,0205,Terra,MODIS,85,6.2,304.9,137.3,D,0
-11.7421,133.0396,327.9,3.2,1.7,2014-09-01,0205,Terra,MODIS,52,6.2,305.1,83.1,D,0
-11.7375,132.9872,335.3,3.2,1.7,2014-09-01,0205,Terra,MODIS,85,6.2,306.9,130.7,D,0
-11.7388,133.0107,346.8,3.2,1.7,2014-09-01,0205,Terra,MODIS,93,6.2,307.7,241.8,D,0
-11.7236,133.0125,323.1,3.2,1.7,2014-09-01,0205,Terra,MODIS,51,6.2,304,60,D,0
-11.7445,133.0449,323.6,3.2,1.7,2014-09-01,0205,Terra,MODIS,34,6.2,304.7,60.6,D,0
-11.9837,133.6618,319.9,3.6,1.8,2014-09-01,0205,Terra,MODIS,41,6.2,304.2,48,D,0
-13.2258,134.2203,323.2,4.1,1.9,2014-09-01,0205,Terra,MODIS,69,6.2,303.6,92.7,D,0
-13.2297,134.2581,328.9,4.2,1.9,2014-09-01,0205,Terra,MODIS,78,6.2,305.3,147.1,D,0
-12.2628,133.5058,328.4,3.5,1.8,2014-09-01,0205,Terra,MODIS,79,6.2,307.3,101.3,D,0
-12.2697,133.5116,324.2,3.5,1.8,2014-09-01,0205,Terra,MODIS,52,6.2,306.9,65.7,D,0
-13.5059,133.3087,320,3.6,1.8,2014-09-01,0205,Terra,MODIS,50,6.2,306.3,42.9,D,0
-13.2266,134.2653,327.5,4.2,1.9,2014-09-01,0205,Terra,MODIS,76,6.2,305.2,133.9,D,0
-13.2096,134.267,318.2,4.2,1.9,2014-09-01,0205,Terra,MODIS,43,6.2,303.8,57,D,0
-11.9074,133.704,325.8,3.6,1.8,2014-09-01,0205,Terra,MODIS,74,6.2,304.8,96,D,0
-14.2857,133.6991,318.1,3.9,1.8,2014-09-01,0205,Terra,MODIS,45,6.2,304.4,39.6,D,0
-14.2804,133.7063,320.6,3.9,1.8,2014-09-01,0205,Terra,MODIS,56,6.2,305,55.1,D,0
-12.365,133.8304,315.6,3.8,1.8,2014-09-01,0205,Terra,MODIS,48,6.2,300.1,44.5,D,0
-12.3203,134.71,328.5,4.4,1.9,2014-09-01,0205,Terra,MODIS,78,6.2,303.8,162.2,D,0
-12.4357,134.4474,317,4.2,1.9,2014-09-01,0205,Terra,MODIS,54,6.2,301.5,41,D,0
-13.0497,134.296,317.6,4.2,1.9,2014-09-01,0205,Terra,MODIS,55,6.2,304.4,59.8,D,0
-11.9153,133.7097,327.2,3.6,1.8,2014-09-01,0205,Terra,MODIS,77,6.2,305.4,103.8,D,0
-12.3219,134.7044,327.8,4.4,1.9,2014-09-01,0205,Terra,MODIS,77,6.2,303.6,159.7,D,0
-12.3157,134.6706,316.2,4.3,1.9,2014-09-01,0205,Terra,MODIS,44,6.2,300.7,58.2,D,0
-14.1439,133.0674,333.3,3.5,1.8,2014-09-01,0205,Terra,MODIS,83,6.2,305,145.7,D,0
-11.5827,130.3177,321.5,1.9,1.4,2014-09-01,0205,Terra,MODIS,37,6.2,309.1,23.3,D,0
-14.1534,133.0597,322.8,3.5,1.8,2014-09-01,0205,Terra,MODIS,69,6.2,303.7,71.7,D,0
-13.4629,132.5119,325.6,3.1,1.7,2014-09-01,0205,Terra,MODIS,71,6.2,303.6,71.2,D,0
-12.258,132.9194,331.3,3.2,1.7,2014-09-01,0205,Terra,MODIS,77,6.2,306.6,104.3,D,0
-11.2937,132.4259,320.2,2.8,1.6,2014-09-01,0205,Terra,MODIS,41,6.2,303.8,34.3,D,0
-13.5179,131.0911,337.5,2.4,1.5,2014-09-01,0205,Terra,MODIS,86,6.2,304.4,95.1,D,0
-12.2555,132.9142,331.8,3.2,1.7,2014-09-01,0205,Terra,MODIS,62,6.2,307.2,104.9,D,0
-13.5289,131.1066,328.9,2.4,1.5,2014-09-01,0205,Terra,MODIS,77,6.2,303.3,60.8,D,0
-13.4641,132.5168,327.5,3.1,1.7,2014-09-01,0205,Terra,MODIS,75,6.2,303.3,81.9,D,0
-13.449,132.5179,320.4,3.1,1.7,2014-09-01,0205,Terra,MODIS,56,6.2,302.9,44.6,D,0
-13.3872,132.5045,318.3,3.1,1.7,2014-09-01,0205,Terra,MODIS,49,6.2,302.8,37.7,D,0
-13.3861,132.498,318,3.1,1.7,2014-09-01,0205,Terra,MODIS,43,6.2,302.5,35.7,D,0
-11.9632,132.8563,328.7,3.1,1.7,2014-09-01,0205,Terra,MODIS,72,6.2,304.4,76.8,D,0
-13.434,132.5195,329.2,3.1,1.7,2014-09-01,0205,Terra,MODIS,77,6.2,302.9,92.8,D,0
-11.9734,132.8196,333,3.1,1.7,2014-09-01,0205,Terra,MODIS,80,6.2,301.9,111.8,D,0
-11.9884,132.8178,363.8,3.1,1.7,2014-09-01,0205,Terra,MODIS,100,6.2,302.8,447.3,D,0
-13.5155,131.1082,325.8,2.4,1.5,2014-09-01,0205,Terra,MODIS,56,6.2,304.7,44.9,D,0
-13.5207,131.1132,330.5,2.4,1.5,2014-09-01,0205,Terra,MODIS,72,6.2,303.8,62.2,D,0
-11.9749,132.8263,347,3.1,1.7,2014-09-01,0205,Terra,MODIS,93,6.2,302.9,232.7,D,0
-13.5263,131.0845,322.9,2.4,1.5,2014-09-01,0205,Terra,MODIS,52,6.2,302.7,34.5,D,0
-11.9415,132.8018,324.1,3.1,1.7,2014-09-01,0205,Terra,MODIS,65,6.2,300.6,62.4,D,0
-11.9783,132.8544,328.5,3.1,1.7,2014-09-01,0205,Terra,MODIS,77,6.2,302.9,80.3,D,0
-11.9933,132.8527,326.2,3.1,1.7,2014-09-01,0205,Terra,MODIS,75,6.2,302.2,72.3,D,0
-11.9899,132.8246,369.1,3.1,1.7,2014-09-01,0205,Terra,MODIS,100,6.2,303.4,534.6,D,0
-11.2913,132.4315,321.5,2.8,1.6,2014-09-01,0205,Terra,MODIS,41,6.2,302.7,40.5,D,0
-11.9766,132.8478,334.5,3.1,1.7,2014-09-01,0205,Terra,MODIS,84,6.2,303.3,121.1,D,0
-11.9233,132.7756,320,3.1,1.7,2014-09-01,0205,Terra,MODIS,38,6.2,300.3,38.9,D,0
-11.9916,132.8459,341.2,3.1,1.7,2014-09-01,0205,Terra,MODIS,89,6.2,303.2,180.7,D,0
-14.941,134.8154,320.7,4.8,2,2014-09-01,0206,Terra,MODIS,34,6.2,302.2,88.4,D,0
-14.9385,134.8087,320.6,4.8,2,2014-09-01,0206,Terra,MODIS,48,6.2,302.2,89,D,0
-16.5959,128.4622,328.6,1.7,1.3,2014-09-01,0206,Terra,MODIS,75,6.2,312,28.5,D,0
-16.5628,123.706,338.7,1,1,2014-09-01,0206,Terra,MODIS,87,6.2,308.2,28.1,D,0
-16.9442,122.4976,321.8,1,1,2014-09-01,0206,Terra,MODIS,0,6.2,310.1,8.6,D,0
-16.5669,123.7341,323.1,1,1,2014-09-01,0206,Terra,MODIS,64,6.2,308.8,6.9,D,0
-16.6054,128.445,325.9,1.7,1.3,2014-09-01,0206,Terra,MODIS,35,6.2,312.7,18.8,D,0
-16.5921,128.431,338.9,1.7,1.3,2014-09-01,0206,Terra,MODIS,86,6.2,309.7,55.6,D,0
-16.5615,123.6967,334.4,1,1,2014-09-01,0206,Terra,MODIS,83,6.2,307.2,22.4,D,0
-16.6205,128.3796,329,1.7,1.3,2014-09-01,0206,Terra,MODIS,75,6.2,311.9,30.2,D,0
-16.594,128.4465,376.9,1.7,1.3,2014-09-01,0206,Terra,MODIS,100,6.2,316.7,269,D,0
-16.697,123.8701,320.1,1,1,2014-09-01,0206,Terra,MODIS,45,6.2,306.1,6.2,D,0
-16.7025,123.9076,326.2,1,1,2014-09-01,0206,Terra,MODIS,72,6.2,309.4,12.8,D,0
-16.7038,123.917,330.6,1,1,2014-09-01,0206,Terra,MODIS,79,6.2,308.3,18.7,D,0
-15.6228,128.1621,322.1,1.5,1.2,2014-09-01,0206,Terra,MODIS,63,6.2,308.4,15.5,D,0
-16.6953,123.9855,322.4,1,1,2014-09-01,0206,Terra,MODIS,64,6.2,308.7,8.3,D,0
-16.6574,123.787,326.5,1,1,2014-09-01,0206,Terra,MODIS,73,6.2,308.7,13.7,D,0
-16.656,123.7776,325.7,1,1,2014-09-01,0206,Terra,MODIS,66,6.2,306.6,12.8,D,0
-15.2439,125.6749,325.9,1.1,1,2014-09-01,0206,Terra,MODIS,42,6.2,308.9,13.1,D,0
-15.2453,125.685,331,1.1,1,2014-09-01,0206,Terra,MODIS,78,6.2,310.5,20.6,D,0
-15.2467,125.6951,329,1.1,1,2014-09-01,0206,Terra,MODIS,59,6.2,311.5,16.5,D,0
-14.7082,131.7656,322.9,2.8,1.6,2014-09-01,0206,Terra,MODIS,60,6.2,298.2,47.4,D,0
-14.7591,131.8052,318.5,2.8,1.6,2014-09-01,0206,Terra,MODIS,31,6.2,299.7,30.2,D,0
-14.7226,131.7638,335.6,2.8,1.6,2014-09-01,0206,Terra,MODIS,85,6.2,300,115.4,D,0
-14.6634,132.0445,318.8,2.9,1.6,2014-09-01,0206,Terra,MODIS,59,6.2,299.1,35.4,D,0
-15.617,130.2993,318,2.2,1.4,2014-09-01,0206,Terra,MODIS,34,6.2,303.8,14.3,D,0
-15.7685,130.2526,322.5,2.2,1.4,2014-09-01,0206,Terra,MODIS,55,6.2,308.7,25.4,D,0
-15.7665,130.2474,326,2.2,1.4,2014-09-01,0206,Terra,MODIS,74,6.2,308.9,38.4,D,0
-14.9416,126.1446,355.3,1.1,1.1,2014-09-01,0206,Terra,MODIS,97,6.2,316.1,70.7,D,0
-15.1882,125.5495,347.3,1.1,1,2014-09-01,0206,Terra,MODIS,87,6.2,307.1,50.3,D,0
-14.9527,126.1538,323.8,1.1,1.1,2014-09-01,0206,Terra,MODIS,46,6.2,311.3,6.8,D,0
-14.9512,126.1432,339,1.1,1.1,2014-09-01,0206,Terra,MODIS,86,6.2,312.7,30.6,D,0
-15.1976,125.548,338.6,1.1,1,2014-09-01,0206,Terra,MODIS,86,6.2,305.4,33.7,D,0
-15.4962,128.1634,322.8,1.5,1.2,2014-09-01,0206,Terra,MODIS,43,6.2,309.9,11.9,D,0
-15.5872,128.1596,325,1.5,1.2,2014-09-01,0206,Terra,MODIS,70,6.2,308.1,18.4,D,0
-14.9431,126.1552,328.1,1.1,1.1,2014-09-01,0206,Terra,MODIS,61,6.2,314.7,12.4,D,0
-15.4944,128.1493,326.5,1.5,1.2,2014-09-01,0206,Terra,MODIS,70,6.2,312.4,21.6,D,0
-16.1783,128.3138,332.6,1.6,1.2,2014-09-01,0206,Terra,MODIS,52,6.2,313,35.9,D,0
-15.1789,125.551,340.7,1.1,1,2014-09-01,0206,Terra,MODIS,83,6.2,306,37,D,0
-14.9541,126.1644,325.5,1.1,1.1,2014-09-01,0206,Terra,MODIS,62,6.2,312,9.3,D,0
-15.1629,125.5489,320.8,1.1,1,2014-09-01,0206,Terra,MODIS,13,6.2,308.1,8.1,D,0
-15.6895,130.3525,319.1,2.3,1.5,2014-09-01,0206,Terra,MODIS,46,6.2,306.3,14.3,D,0
-17.7411,127.7569,328.8,1.6,1.2,2014-09-01,0207,Terra,MODIS,76,6.2,308.6,27.4,D,0
-18.8875,130.1996,324.9,2.4,1.5,2014-09-01,0207,Terra,MODIS,69,6.2,310.2,41.1,D,0
-19.6648,127.4314,326.4,1.6,1.2,2014-09-01,0207,Terra,MODIS,51,6.2,313.6,16.1,D,0
-18.8725,130.3193,322.2,2.5,1.5,2014-09-01,0207,Terra,MODIS,52,6.2,310.5,28.4,D,0
-17.7585,127.7041,340.6,1.5,1.2,2014-09-01,0207,Terra,MODIS,88,6.2,309.2,61.6,D,0
-17.7434,127.7652,330.8,1.6,1.2,2014-09-01,0207,Terra,MODIS,79,6.2,309.5,32.1,D,0
-17.743,127.772,326.8,1.6,1.2,2014-09-01,0207,Terra,MODIS,73,6.2,309.8,22.8,D,0
-18.8899,130.2226,327.8,2.4,1.5,2014-09-01,0207,Terra,MODIS,75,6.2,311.8,52.7,D,0
-17.9185,122.6661,327.7,1,1,2014-09-01,0207,Terra,MODIS,54,6.2,309.5,11.6,D,0
-18.9954,122.2322,333.7,1,1,2014-09-01,0207,Terra,MODIS,80,6.2,311.8,16.9,D,0
-18.9939,122.2227,335.9,1,1,2014-09-01,0207,Terra,MODIS,82,6.2,310.1,20.3,D,0
-17.8378,122.7429,327.6,1,1,2014-09-01,0207,Terra,MODIS,50,6.2,310.7,12.1,D,0
-17.8435,122.7805,335.1,1,1,2014-09-01,0207,Terra,MODIS,81,6.2,307.3,22.5,D,0
-18.9722,122.3238,350.2,1,1,2014-09-01,0207,Terra,MODIS,94,6.2,312.2,47.3,D,0
-18.9111,122.2228,323,1,1,2014-09-01,0207,Terra,MODIS,50,6.2,308.4,8,D,0
-17.8899,122.7827,330,1,1,2014-09-01,0207,Terra,MODIS,72,6.2,307.5,15.1,D,0
-17.9199,122.6756,327,1,1,2014-09-01,0207,Terra,MODIS,50,6.2,310.4,10.3,D,0
-17.382,123.9631,338.9,1,1,2014-09-01,0207,Terra,MODIS,82,6.2,314.2,25,D,0
-19.0748,122.2715,328.8,1,1,2014-09-01,0207,Terra,MODIS,45,6.2,310.1,13.5,D,0
-19.081,122.2509,328.7,1,1,2014-09-01,0207,Terra,MODIS,27,6.2,309,13.2,D,0
-17.8359,122.7913,341.4,1,1,2014-09-01,0207,Terra,MODIS,87,6.2,308.2,33.7,D,0
-17.8449,122.7899,344.1,1,1,2014-09-01,0207,Terra,MODIS,90,6.2,308.3,37.6,D,0
-17.8733,122.795,333.8,1,1,2014-09-01,0207,Terra,MODIS,79,6.2,308.6,20.4,D,0
-17.8747,122.8044,328.4,1,1,2014-09-01,0207,Terra,MODIS,71,6.2,306.6,14.3,D,0
-19.0283,122.2693,330.3,1,1,2014-09-01,0207,Terra,MODIS,75,6.2,309.3,16.1,D,0
-17.3563,123.9767,327.1,1,1,2014-09-01,0207,Terra,MODIS,33,6.2,312.8,10.4,D,0
-17.373,123.9644,351.3,1,1,2014-09-01,0207,Terra,MODIS,95,6.2,315.9,49.6,D,0
-17.3639,123.9658,333.8,1,1,2014-09-01,0207,Terra,MODIS,78,6.2,314.6,19.3,D,0
-17.3549,123.9672,336.7,1,1,2014-09-01,0207,Terra,MODIS,83,6.2,313.8,23.2,D,0
-17.8345,122.7819,322.3,1,1,2014-09-01,0207,Terra,MODIS,50,6.2,304.8,8,D,0
-18.9067,122.1942,325,1,1,2014-09-01,0207,Terra,MODIS,48,6.2,308,9.9,D,0
-18.9082,122.2037,344.7,1,1,2014-09-01,0207,Terra,MODIS,90,6.2,309.2,38.8,D,0
-18.9096,122.2133,341.2,1,1,2014-09-01,0207,Terra,MODIS,87,6.2,310,32.5,D,0
-19.0895,122.126,326.9,1,1,2014-09-01,0207,Terra,MODIS,57,6.2,310.6,11.9,D,0
-19.0909,122.1356,323.6,1,1,2014-09-01,0207,Terra,MODIS,32,6.2,310.7,8.7,D,0
-18.0577,123.674,330.7,1,1,2014-09-01,0207,Terra,MODIS,56,6.2,311.3,14.3,D,0
-21.3026,118.515,324.7,1.4,1.2,2014-09-01,0208,Terra,MODIS,66,6.2,312,14.6,D,0
-21.3049,118.5279,325.2,1.4,1.2,2014-09-01,0208,Terra,MODIS,67,6.2,310,16,D,0
-21.7658,119.0674,334.1,1.2,1.1,2014-09-01,0208,Terra,MODIS,82,6.2,308.6,31.1,D,0
-21.7738,119.0536,338.3,1.2,1.1,2014-09-01,0208,Terra,MODIS,86,6.2,309.4,41.1,D,0
-21.7758,119.0655,349.1,1.2,1.1,2014-09-01,0208,Terra,MODIS,94,6.2,312.2,67.1,D,0
-21.7837,119.0517,326.8,1.2,1.1,2014-09-01,0208,Terra,MODIS,73,6.2,305.1,20.1,D,0
-21.7857,119.0636,332.5,1.2,1.1,2014-09-01,0208,Terra,MODIS,80,6.2,309.1,29.2,D,0
-20.9824,119.6692,335.8,1.2,1.1,2014-09-01,0208,Terra,MODIS,83,6.2,310.2,30.1,D,0
-20.9921,119.6675,354.3,1.2,1.1,2014-09-01,0208,Terra,MODIS,97,6.2,311.3,75.1,D,0
-20.994,119.6788,322,1.2,1.1,2014-09-01,0208,Terra,MODIS,58,6.2,310.2,9,D,0
-21.0091,119.7108,322.8,1.2,1.1,2014-09-01,0208,Terra,MODIS,54,6.2,308.9,10.3,D,0
-21.0109,119.7219,334.8,1.2,1.1,2014-09-01,0208,Terra,MODIS,82,6.2,310.2,29.9,D,0
-21.0124,119.7152,332.2,1.2,1.1,2014-09-01,0208,Terra,MODIS,79,6.2,310.1,25.5,D,0
-21.0142,119.7262,322.9,1.2,1.1,2014-09-01,0208,Terra,MODIS,62,6.2,309.5,11.7,D,0
-20.692,119.6472,325.6,1.2,1.1,2014-09-01,0208,Terra,MODIS,66,6.2,312,11.6,D,0
-21.2385,118.4929,327.4,1.4,1.2,2014-09-01,0208,Terra,MODIS,73,6.2,310.5,18.3,D,0
-23.042,122.6533,326.7,1,1,2014-09-01,0208,Terra,MODIS,69,6.2,309.1,14.9,D,0
-23.0078,122.6045,326.4,1,1,2014-09-01,0208,Terra,MODIS,71,6.2,305.4,15,D,0
-23.0092,122.6143,328,1,1,2014-09-01,0208,Terra,MODIS,74,6.2,307.6,17,D,0
-23.0406,122.6435,325.2,1,1,2014-09-01,0208,Terra,MODIS,61,6.2,307.7,13.1,D,0
-21.2454,125.8321,330.6,1.3,1.1,2014-09-01,0208,Terra,MODIS,57,6.2,313,19.3,D,0
-21.2438,125.8196,364.1,1.3,1.1,2014-09-01,0208,Terra,MODIS,100,6.2,317.7,118,D,0
-21.2621,125.8807,339.4,1.3,1.1,2014-09-01,0208,Terra,MODIS,85,6.2,314.8,39.3,D,0
-21.2695,125.8736,328.8,1.3,1.1,2014-09-01,0208,Terra,MODIS,70,6.2,316,16.3,D,0
-21.254,125.8182,334.5,1.3,1.1,2014-09-01,0208,Terra,MODIS,59,6.2,313.2,24.7,D,0
-21.2593,125.875,346.8,1.3,1.1,2014-09-01,0208,Terra,MODIS,91,6.2,315.2,58.2,D,0
-21.232,125.8085,330.3,1.3,1.1,2014-09-01,0208,Terra,MODIS,24,6.2,314.7,17.6,D,0
-21.2604,125.8681,356.3,1.3,1.1,2014-09-01,0208,Terra,MODIS,97,6.2,315.6,89.9,D,0
-21.2577,125.8625,338.7,1.3,1.1,2014-09-01,0208,Terra,MODIS,84,6.2,313.7,36.7,D,0
-21.2531,125.825,342.7,1.3,1.1,2014-09-01,0208,Terra,MODIS,88,6.2,314.5,45.1,D,0
-21.2516,125.8125,342.1,1.3,1.1,2014-09-01,0208,Terra,MODIS,88,6.2,314.6,43.2,D,0
-26.7191,152.6469,309.2,2.3,1.5,2014-09-01,0312,Aqua,MODIS,20,6.2,296.6,23,D,0
-26.8759,152.4635,316.7,2.4,1.5,2014-09-01,0312,Aqua,MODIS,31,6.2,299.2,27.2,D,0
-26.8673,152.4559,316.6,2.4,1.5,2014-09-01,0312,Aqua,MODIS,64,6.2,299.3,30.8,D,0
-26.6221,152.4187,309.7,2.4,1.5,2014-09-01,0312,Aqua,MODIS,38,6.2,298.7,24,D,0
-26.6255,152.4383,311.8,2.3,1.5,2014-09-01,0312,Aqua,MODIS,46,6.2,297.7,24.6,D,0
-26.2747,150.8559,313.5,3,1.7,2014-09-01,0312,Aqua,MODIS,36,6.2,298.5,35.7,D,0
-25.0115,151.7289,313.1,2.5,1.5,2014-09-01,0312,Aqua,MODIS,54,6.2,301.7,20.7,D,0
-26.3974,151.0006,312.3,3,1.6,2014-09-01,0312,Aqua,MODIS,56,6.2,297.9,38.2,D,0
-26.3983,150.9962,309.8,3,1.6,2014-09-01,0312,Aqua,MODIS,38,6.2,297.7,27.1,D,0
-24.6559,151.8147,311,2.5,1.5,2014-09-01,0312,Aqua,MODIS,31,6.2,296.1,18.7,D,0
-26.6903,150.1659,313.8,3.4,1.7,2014-09-01,0312,Aqua,MODIS,61,6.2,301.3,37.8,D,0
-26.1949,150.3645,310.6,3.3,1.7,2014-09-01,0312,Aqua,MODIS,46,6.2,299.2,32.6,D,0
-24.8053,151.3877,316.6,2.7,1.6,2014-09-01,0312,Aqua,MODIS,48,6.2,294.7,38.9,D,0
-24.8194,151.3891,314.6,2.7,1.6,2014-09-01,0312,Aqua,MODIS,36,6.2,293.6,30,D,0
-26.8107,152.3276,323.6,2.4,1.5,2014-09-01,0312,Aqua,MODIS,77,6.2,300.3,59.7,D,0
-26.8128,152.3041,325.1,2.4,1.5,2014-09-01,0312,Aqua,MODIS,79,6.2,300.2,65,D,0
-26.8173,152.3245,328.8,2.4,1.5,2014-09-01,0312,Aqua,MODIS,82,6.2,300,77.4,D,0
-26.8196,152.2998,319.2,2.4,1.5,2014-09-01,0312,Aqua,MODIS,70,6.2,299,39,D,0
-26.2914,150.8334,333.3,3,1.7,2014-09-01,0312,Aqua,MODIS,86,6.2,298.9,138.7,D,0
-26.2764,150.8319,329,3,1.7,2014-09-01,0312,Aqua,MODIS,82,6.2,299.2,111.2,D,0
-26.2923,150.8263,333.9,3,1.7,2014-09-01,0312,Aqua,MODIS,86,6.2,299.3,144.5,D,0
-26.2773,150.8249,326.7,3,1.7,2014-09-01,0312,Aqua,MODIS,80,6.2,299.2,100.4,D,0
-27.451,153.5091,319.7,2,1.4,2014-09-01,0312,Aqua,MODIS,55,6.2,294.3,39.8,D,0
-27.453,153.4887,309,2,1.4,2014-09-01,0312,Aqua,MODIS,22,6.2,295.2,15.1,D,0
-26.6161,151.4507,312.3,2.8,1.6,2014-09-01,0312,Aqua,MODIS,57,6.2,302.1,22.5,D,0
-25.4156,149.1206,320.6,3.9,1.8,2014-09-01,0312,Aqua,MODIS,71,6.2,300,93.6,D,0
-25.1043,151.8448,312.6,2.5,1.5,2014-09-01,0312,Aqua,MODIS,59,6.2,296.6,28.3,D,0
-25.1066,151.8204,319,2.5,1.5,2014-09-01,0312,Aqua,MODIS,72,6.2,297.7,50.9,D,0
-25.9245,150.9247,316.6,3,1.6,2014-09-01,0312,Aqua,MODIS,62,6.2,299.6,48.5,D,0
-25.9219,150.9471,311.4,2.9,1.6,2014-09-01,0312,Aqua,MODIS,38,6.2,298.7,28,D,0
-25.9245,150.918,314.3,3,1.6,2014-09-01,0312,Aqua,MODIS,57,6.2,299.9,39.8,D,0
-25.4113,149.1164,320,3.9,1.8,2014-09-01,0312,Aqua,MODIS,73,6.2,300.4,94.4,D,0
-24.8431,151.444,313.1,2.6,1.6,2014-09-01,0312,Aqua,MODIS,38,6.2,295.5,32.7,D,0
-25.3918,149.1526,313.8,3.9,1.8,2014-09-01,0312,Aqua,MODIS,54,6.2,299.7,51.5,D,0
-27.5714,152.3568,326.9,2.4,1.5,2014-09-01,0312,Aqua,MODIS,77,6.2,302.6,66.3,D,0
-23.9894,151.2667,339.9,2.6,1.6,2014-09-01,0313,Aqua,MODIS,90,6.2,300.1,153.7,D,0
-23.9976,151.2883,330.9,2.6,1.6,2014-09-01,0313,Aqua,MODIS,83,6.2,300.3,101.4,D,0
-24,151.2626,326.9,2.6,1.6,2014-09-01,0313,Aqua,MODIS,79,6.2,298.6,80.3,D,0
-23.9834,151.2869,312.1,2.6,1.6,2014-09-01,0313,Aqua,MODIS,44,6.2,300.2,25.7,D,0
-23.9859,151.2612,311.6,2.6,1.6,2014-09-01,0313,Aqua,MODIS,37,6.2,299.3,23.2,D,0
-23.9199,149.2277,314,3.7,1.8,2014-09-01,0313,Aqua,MODIS,40,6.2,299.2,53.2,D,0
-23.9007,149.264,364.7,3.7,1.8,2014-09-01,0313,Aqua,MODIS,100,6.2,298.8,619.8,D,0
-23.9259,149.2572,316.4,3.7,1.8,2014-09-01,0313,Aqua,MODIS,38,6.2,296.8,59.5,D,0
-23.9096,149.2565,348.3,3.7,1.8,2014-09-01,0313,Aqua,MODIS,94,6.2,297.3,354.6,D,0
-23.8932,149.2559,341,3.7,1.8,2014-09-01,0313,Aqua,MODIS,90,6.2,298.7,264.7,D,0
-22.8739,150.2808,343.7,3,1.7,2014-09-01,0313,Aqua,MODIS,92,6.2,302.9,221.1,D,0
-23.9871,151.2923,323.3,2.6,1.6,2014-09-01,0313,Aqua,MODIS,76,6.2,300.1,62.6,D,0
-24.2224,149.4174,313.9,3.6,1.8,2014-09-01,0313,Aqua,MODIS,55,6.2,300.8,38.3,D,0
-24.2062,149.4158,313.4,3.6,1.8,2014-09-01,0313,Aqua,MODIS,39,6.2,302.1,34.6,D,0
-23.917,149.2646,322.9,3.7,1.8,2014-09-01,0313,Aqua,MODIS,75,6.2,296.1,103.8,D,0
-23.9064,149.2944,317.3,3.7,1.8,2014-09-01,0313,Aqua,MODIS,46,6.2,295.6,62.8,D,0
-23.8901,149.2935,316.5,3.7,1.8,2014-09-01,0313,Aqua,MODIS,34,6.2,297.2,59.3,D,0
-22.8766,150.2511,315.2,3,1.7,2014-09-01,0313,Aqua,MODIS,59,6.2,300.6,35.8,D,0
-34.7429,139.0239,336.5,1,1,2014-09-01,0448,Aqua,MODIS,90,6.2,286.2,41.9,D,0
-34.7447,139.0126,355.4,1,1,2014-09-01,0448,Aqua,MODIS,98,6.2,290.4,81.3,D,0
-34.08,139.6417,301.2,1.1,1,2014-09-01,0448,Aqua,MODIS,37,6.2,289,4.6,D,0
-34.078,139.6537,301.7,1.1,1.1,2014-09-01,0448,Aqua,MODIS,48,6.2,288.6,4.9,D,0
-25.6794,147.0067,316.2,4.7,2,2014-09-01,0450,Aqua,MODIS,52,6.2,304.2,66.3,D,0
-25.6782,147.0145,317.9,4.7,2,2014-09-01,0450,Aqua,MODIS,60,6.2,304.1,80.5,D,0
-19.6241,134.4383,331.4,1,1,2014-09-01,0452,Aqua,MODIS,28,6.2,319.1,10,D,0
-19.6255,134.4287,334.7,1,1,2014-09-01,0452,Aqua,MODIS,62,6.2,317.8,14.6,D,0
-19.6193,134.4079,329.7,1,1,2014-09-01,0452,Aqua,MODIS,44,6.2,316.6,9.6,D,0
-19.6151,134.4368,333.8,1,1,2014-09-01,0452,Aqua,MODIS,48,6.2,316.6,12.9,D,0
-18.893,139.0332,331.7,1.8,1.3,2014-09-01,0452,Aqua,MODIS,73,6.2,315.1,35,D,0
-18.8861,139.0372,329.2,1.8,1.3,2014-09-01,0452,Aqua,MODIS,68,6.2,313.5,26.8,D,0
-20.1551,134.4554,332.2,1,1,2014-09-01,0452,Aqua,MODIS,22,6.2,314.8,12.6,D,0
-20.1447,134.4635,332,1,1,2014-09-01,0452,Aqua,MODIS,36,6.2,316.8,12.7,D,0
-20.1537,134.465,345.5,1,1,2014-09-01,0452,Aqua,MODIS,88,6.2,316.3,34.6,D,0
-20.205,134.5486,337.9,1,1,2014-09-01,0452,Aqua,MODIS,79,6.2,316.5,21.1,D,0
-20.214,134.5502,347.2,1,1,2014-09-01,0452,Aqua,MODIS,90,6.2,316.9,37.2,D,0
-21.2285,125.7672,347.8,2.8,1.6,2014-09-01,0452,Aqua,MODIS,92,6.2,317,175.7,D,0
-21.2405,125.7954,331.1,2.8,1.6,2014-09-01,0452,Aqua,MODIS,56,6.2,317.7,53.4,D,0
-21.2358,125.817,329.3,2.8,1.6,2014-09-01,0452,Aqua,MODIS,43,6.2,315.1,42.3,D,0
-21.2385,125.7905,329.6,2.8,1.6,2014-09-01,0452,Aqua,MODIS,57,6.2,317.7,47.1,D,0
-21.2617,125.8778,326,2.7,1.6,2014-09-01,0452,Aqua,MODIS,36,6.2,315.6,26.1,D,0
-21.224,125.7891,342.8,2.8,1.6,2014-09-01,0452,Aqua,MODIS,87,6.2,314.9,133,D,0
-21.2267,125.7624,347,2.8,1.6,2014-09-01,0452,Aqua,MODIS,91,6.2,316.9,169.4,D,0
-21.2261,125.7939,336.2,2.8,1.6,2014-09-01,0452,Aqua,MODIS,79,6.2,314.8,84.3,D,0
-23.6705,124.7558,328.2,3.5,1.8,2014-09-01,0452,Aqua,MODIS,68,6.2,312.5,66.5,D,0
-23.6785,124.7517,328.8,3.5,1.8,2014-09-01,0452,Aqua,MODIS,70,6.2,314,73.7,D,0
-18.9018,130.2041,332,1.3,1.1,2014-09-01,0453,Aqua,MODIS,65,6.2,316.1,19.8,D,0
-18.9033,130.1922,373,1.3,1.1,2014-09-01,0453,Aqua,MODIS,100,6.2,319,153.1,D,0
-18.9048,130.1803,343.5,1.3,1.1,2014-09-01,0453,Aqua,MODIS,88,6.2,315.2,46.4,D,0
-18.9063,130.1683,324.3,1.3,1.1,2014-09-01,0453,Aqua,MODIS,24,6.2,312.5,10.3,D,0
-19.6213,127.3532,389,2,1.4,2014-09-01,0453,Aqua,MODIS,100,6.2,318.8,490.2,D,0
-19.6268,127.4361,341.2,2,1.4,2014-09-01,0453,Aqua,MODIS,86,6.2,315.7,74.9,D,0
-19.6192,127.3722,387.7,2,1.4,2014-09-01,0453,Aqua,MODIS,100,6.2,318,468.1,D,0
-19.6338,127.3547,333.9,2,1.4,2014-09-01,0453,Aqua,MODIS,76,6.2,315.4,46.5,D,0
-19.6316,127.3737,340.7,2,1.4,2014-09-01,0453,Aqua,MODIS,86,6.2,317.4,72.8,D,0
-19.6225,127.3584,410.4,2,1.4,2014-09-01,0453,Aqua,MODIS,100,6.2,322.4,843.9,D,0
-19.6205,127.3775,364.7,2,1.4,2014-09-01,0453,Aqua,MODIS,100,6.2,316.4,223.4,D,0
-18.8933,130.1907,362.6,1.3,1.1,2014-09-01,0453,Aqua,MODIS,100,6.2,318.1,105.4,D,0
-18.8948,130.1788,340.7,1.3,1.1,2014-09-01,0453,Aqua,MODIS,85,6.2,316.4,38.7,D,0
-19.6289,127.4171,333.9,2,1.4,2014-09-01,0453,Aqua,MODIS,67,6.2,314.7,41.9,D,0
-19.6251,127.4308,345.6,2,1.4,2014-09-01,0453,Aqua,MODIS,90,6.2,315.5,97.6,D,0
-18.8963,130.1669,336.3,1.3,1.1,2014-09-01,0453,Aqua,MODIS,80,6.2,312.5,31.9,D,0
-18.3113,129.9686,338.4,1.3,1.1,2014-09-01,0453,Aqua,MODIS,79,6.2,316.9,30.8,D,0
-18.2997,129.9793,331.5,1.3,1.1,2014-09-01,0453,Aqua,MODIS,33,6.2,316.3,17.2,D,0
-18.3012,129.9672,349.5,1.3,1.1,2014-09-01,0453,Aqua,MODIS,93,6.2,319.5,60,D,0
-17.7414,127.759,327.4,1.8,1.3,2014-09-01,0453,Aqua,MODIS,63,6.2,314.7,20.7,D,0
-17.7612,127.6934,339,1.8,1.3,2014-09-01,0453,Aqua,MODIS,84,6.2,314.3,63.3,D,0
-17.7614,127.7497,336.7,1.8,1.3,2014-09-01,0453,Aqua,MODIS,81,6.2,311.8,51.6,D,0
-17.7591,127.7103,327.9,1.8,1.3,2014-09-01,0453,Aqua,MODIS,62,6.2,312,24.1,D,0
-17.7551,127.744,330,1.8,1.3,2014-09-01,0453,Aqua,MODIS,66,6.2,312.5,28.6,D,0
-18.2406,129.9587,334.3,1.3,1.1,2014-09-01,0453,Aqua,MODIS,63,6.2,317.4,20.3,D,0
-17.3908,123.9341,349.3,3.4,1.7,2014-09-01,0453,Aqua,MODIS,93,6.2,314.3,261.6,D,0
-18.8836,130.3459,331.6,1.2,1.1,2014-09-01,0453,Aqua,MODIS,68,6.2,313.5,17.8,D,0
-18.8978,130.1548,325.7,1.3,1.1,2014-09-01,0453,Aqua,MODIS,53,6.2,310.2,12.6,D,0
-17.7532,127.7603,342.6,1.8,1.3,2014-09-01,0453,Aqua,MODIS,88,6.2,314.2,72.7,D,0
-18.2009,129.9598,350.5,1.3,1.1,2014-09-01,0453,Aqua,MODIS,94,6.2,320.5,63.6,D,0
-18.2024,129.9477,334.5,1.3,1.1,2014-09-01,0453,Aqua,MODIS,60,6.2,321.9,21.4,D,0
-17.7671,127.6993,340.4,1.8,1.3,2014-09-01,0453,Aqua,MODIS,85,6.2,313.8,68,D,0
-17.7596,127.7659,326.5,1.8,1.3,2014-09-01,0453,Aqua,MODIS,51,6.2,313.2,19.8,D,0
-18.9003,130.216,335.9,1.3,1.1,2014-09-01,0453,Aqua,MODIS,79,6.2,316.4,27.4,D,0
-19.1858,130.8429,333.1,1.2,1.1,2014-09-01,0453,Aqua,MODIS,62,6.2,317.5,18.8,D,0
-16.2796,136.6145,412.1,1.4,1.2,2014-09-01,0453,Aqua,MODIS,100,6.2,320.8,500,D,0
-16.292,136.6036,365.4,1.4,1.2,2014-09-01,0453,Aqua,MODIS,100,6.2,311.7,132,D,0
-16.3024,136.6054,343.2,1.4,1.2,2014-09-01,0453,Aqua,MODIS,68,6.2,309.5,48,D,0
-16.2775,136.6273,351.5,1.4,1.2,2014-09-01,0453,Aqua,MODIS,94,6.2,313.8,74.1,D,0
-16.0621,136.3762,374.5,1.3,1.1,2014-09-01,0453,Aqua,MODIS,100,6.2,314.1,173.1,D,0
-16.2941,136.5909,328.1,1.4,1.2,2014-09-01,0453,Aqua,MODIS,42,6.2,310.2,16.1,D,0
-16.2608,136.6637,330.1,1.4,1.2,2014-09-01,0453,Aqua,MODIS,24,6.2,312.7,16.7,D,0
-16.2817,136.6018,377.5,1.4,1.2,2014-09-01,0453,Aqua,MODIS,100,6.2,313.1,199.3,D,0
-16.29,136.6163,350.7,1.4,1.2,2014-09-01,0453,Aqua,MODIS,94,6.2,312.1,68.9,D,0
-14.7466,142.0326,317.3,3.7,1.8,2014-09-01,0453,Aqua,MODIS,42,6.2,304.8,37.1,D,0
-16.6183,137.0631,333,1.4,1.2,2014-09-01,0453,Aqua,MODIS,77,6.2,314,32.6,D,0
-16.6205,137.0496,327.2,1.4,1.2,2014-09-01,0453,Aqua,MODIS,65,6.2,311.3,20,D,0
-16.6077,137.0612,349.2,1.4,1.2,2014-09-01,0453,Aqua,MODIS,93,6.2,314.2,78.2,D,0
-16.6099,137.0477,333.5,1.4,1.2,2014-09-01,0453,Aqua,MODIS,69,6.2,312,31.3,D,0
-16.9949,135.0721,327.9,1.1,1.1,2014-09-01,0453,Aqua,MODIS,28,6.2,310.4,13.7,D,0
-16.9855,135.0705,346,1.1,1.1,2014-09-01,0453,Aqua,MODIS,91,6.2,309.9,46.9,D,0
-16.9634,135.088,362.6,1.1,1.1,2014-09-01,0453,Aqua,MODIS,100,6.2,314.1,91.8,D,0
-16.965,135.0777,360,1.1,1.1,2014-09-01,0453,Aqua,MODIS,100,6.2,312.4,84.1,D,0
-16.96,135.0817,389.6,1.1,1.1,2014-09-01,0453,Aqua,MODIS,100,6.2,318.4,216.2,D,0
-16.9616,135.0713,326.3,1.1,1.1,2014-09-01,0453,Aqua,MODIS,57,6.2,308.1,14.5,D,0
-14.9448,142.0774,322.3,3.7,1.8,2014-09-01,0453,Aqua,MODIS,57,6.2,303.8,55.7,D,0
-17.1253,135.0793,333.5,1.1,1,2014-09-01,0453,Aqua,MODIS,51,6.2,315,12.5,D,0
-17.1268,135.069,359.7,1.1,1,2014-09-01,0453,Aqua,MODIS,99,6.2,318.1,72.3,D,0
-17.1378,134.997,341.2,1.1,1,2014-09-01,0453,Aqua,MODIS,56,6.2,311.8,34.6,D,0
-17.1284,134.9954,371.4,1.1,1,2014-09-01,0453,Aqua,MODIS,100,6.2,315.2,119.7,D,0
-17.13,134.9852,383,1.1,1,2014-09-01,0453,Aqua,MODIS,100,6.2,313.6,177.6,D,0
-17.6842,138.2739,329.5,1.7,1.3,2014-09-01,0453,Aqua,MODIS,67,6.2,315.2,19.3,D,0
-17.6214,138.3042,327.4,1.7,1.3,2014-09-01,0453,Aqua,MODIS,42,6.2,313.9,19.6,D,0
-14.8523,142.0889,317.6,3.7,1.8,2014-09-01,0453,Aqua,MODIS,42,6.2,301.6,40.8,D,0
-16.9648,135.1416,340.8,1.1,1.1,2014-09-01,0453,Aqua,MODIS,41,6.2,314,29.1,D,0
-16.9553,135.14,363.8,1.1,1.1,2014-09-01,0453,Aqua,MODIS,100,6.2,312.3,94,D,0
-16.9521,135.1337,349.3,1.1,1.1,2014-09-01,0453,Aqua,MODIS,93,6.2,310.7,55.9,D,0
-16.968,135.1208,330.6,1.1,1.1,2014-09-01,0453,Aqua,MODIS,53,6.2,309.7,13.2,D,0
-16.9696,135.1104,334.2,1.1,1.1,2014-09-01,0453,Aqua,MODIS,74,6.2,311,19.1,D,0
-16.9586,135.1192,349.9,1.1,1.1,2014-09-01,0453,Aqua,MODIS,93,6.2,310.5,53.8,D,0
-16.9602,135.1088,351.7,1.1,1.1,2014-09-01,0453,Aqua,MODIS,95,6.2,311.2,58.4,D,0
-16.9618,135.0984,354.5,1.1,1.1,2014-09-01,0453,Aqua,MODIS,96,6.2,310.2,65.8,D,0
-16.9553,135.1129,336.3,1.1,1.1,2014-09-01,0453,Aqua,MODIS,73,6.2,308.6,28.4,D,0
-16.9569,135.1025,338.5,1.1,1.1,2014-09-01,0453,Aqua,MODIS,84,6.2,308.6,32.6,D,0
-16.9585,135.0921,362.6,1.1,1.1,2014-09-01,0453,Aqua,MODIS,100,6.2,310,93.6,D,0
-16.9569,135.1296,392.7,1.1,1.1,2014-09-01,0453,Aqua,MODIS,100,6.2,316.4,231,D,0
-17.2274,135.1731,338.3,1.1,1.1,2014-09-01,0453,Aqua,MODIS,55,6.2,317.5,20.8,D,0
-17.1331,135.0913,342.2,1.1,1.1,2014-09-01,0453,Aqua,MODIS,73,6.2,316.2,27.9,D,0
-17.0569,135.2714,328.6,1.1,1.1,2014-09-01,0453,Aqua,MODIS,20,6.2,313.7,10.3,D,0
-17.0261,135.2487,336.7,1.1,1.1,2014-09-01,0453,Aqua,MODIS,54,6.2,315.6,22.1,D,0
-17.0182,135.2366,334,1.1,1.1,2014-09-01,0453,Aqua,MODIS,63,6.2,314.8,18,D,0
-16.9756,135.1971,339.7,1.1,1.1,2014-09-01,0453,Aqua,MODIS,75,6.2,315.5,28.3,D,0
-17.2292,135.1241,332.9,1.1,1.1,2014-09-01,0453,Aqua,MODIS,43,6.2,315.1,17.5,D,0
-17.2198,135.1225,337.2,1.1,1.1,2014-09-01,0453,Aqua,MODIS,38,6.2,316.6,23.7,D,0
-16.0366,137.1046,326.9,1.5,1.2,2014-09-01,0453,Aqua,MODIS,52,6.2,309.7,18.5,D,0
-16.0343,137.1185,335,1.5,1.2,2014-09-01,0453,Aqua,MODIS,78,6.2,310.5,38.6,D,0
-16.0428,137.1342,328.6,1.5,1.2,2014-09-01,0453,Aqua,MODIS,51,6.2,308.8,23.1,D,0
-16.1227,137.0688,327.4,1.5,1.2,2014-09-01,0453,Aqua,MODIS,28,6.2,310.3,19.9,D,0
-16.0451,137.1204,331.3,1.5,1.2,2014-09-01,0453,Aqua,MODIS,67,6.2,311.2,28.2,D,0
-16.0474,137.1066,336,1.5,1.2,2014-09-01,0453,Aqua,MODIS,79,6.2,310.6,37.6,D,0
-18.2839,127.7954,327.4,1.8,1.3,2014-09-01,0453,Aqua,MODIS,65,6.2,315,22.1,D,0
-14.9531,142.0872,321.8,3.7,1.8,2014-09-01,0453,Aqua,MODIS,58,6.2,304.8,50.7,D,0
-17.119,134.9938,390.5,1.1,1,2014-09-01,0453,Aqua,MODIS,100,6.2,315.4,212.6,D,0
-17.1206,134.9836,353.2,1.1,1,2014-09-01,0453,Aqua,MODIS,96,6.2,307,66.6,D,0
-17.1097,134.9923,335.4,1.1,1,2014-09-01,0453,Aqua,MODIS,60,6.2,305.3,27.1,D,0
-17.0987,135.0009,384,1.1,1,2014-09-01,0453,Aqua,MODIS,100,6.2,313.8,179.2,D,0
-17.1003,134.9907,344.6,1.1,1,2014-09-01,0453,Aqua,MODIS,89,6.2,307,45.9,D,0
-17.083,135.0405,352.2,1.1,1,2014-09-01,0453,Aqua,MODIS,93,6.2,312.8,54.7,D,0
-17.0846,135.0302,377.1,1.1,1,2014-09-01,0453,Aqua,MODIS,100,6.2,317.4,142.3,D,0
-17.0862,135.0199,349.3,1.1,1,2014-09-01,0453,Aqua,MODIS,88,6.2,313.8,50.6,D,0
-17.0877,135.0096,352.2,1.1,1,2014-09-01,0453,Aqua,MODIS,87,6.2,310.6,59.6,D,0
-17.0768,135.0183,336.8,1.1,1,2014-09-01,0453,Aqua,MODIS,67,6.2,307.8,28.8,D,0
-18.9283,133.9111,334.8,1,1,2014-09-01,0453,Aqua,MODIS,76,6.2,314.2,18.6,D,0
-17.1174,135.0675,361.9,1.1,1,2014-09-01,0453,Aqua,MODIS,100,6.2,315.9,79,D,0
-17.119,135.0571,367.6,1.1,1,2014-09-01,0453,Aqua,MODIS,100,6.2,318.5,98.7,D,0
-17.0814,135.0508,344.4,1.1,1,2014-09-01,0453,Aqua,MODIS,81,6.2,314.3,37.2,D,0
-16.2544,136.7023,330.1,1.4,1.2,2014-09-01,0453,Aqua,MODIS,59,6.2,314.4,18.3,D,0
-15.2676,141.8254,323.5,3.4,1.7,2014-09-01,0453,Aqua,MODIS,39,6.2,306.6,46.1,D,0
-16.0827,136.3797,340.4,1.3,1.1,2014-09-01,0453,Aqua,MODIS,77,6.2,309,40.7,D,0
-15.8,135.5798,335.8,1.2,1.1,2014-09-01,0453,Aqua,MODIS,76,6.2,316.2,23.3,D,0
-16.5584,142.2594,323.9,3.5,1.8,2014-09-01,0453,Aqua,MODIS,67,6.2,307.6,60.9,D,0
-15.8386,135.6557,367.4,1.2,1.1,2014-09-01,0453,Aqua,MODIS,100,6.2,318.5,118.9,D,0
-16.0807,136.392,348.7,1.3,1.1,2014-09-01,0453,Aqua,MODIS,92,6.2,311.6,62.7,D,0
-15.5426,141.9724,321,3.5,1.8,2014-09-01,0453,Aqua,MODIS,65,6.2,306.2,49.6,D,0
-16.2091,136.7407,337.9,1.4,1.2,2014-09-01,0453,Aqua,MODIS,75,6.2,313.7,35.4,D,0
-16.0724,136.3779,342.5,1.3,1.1,2014-09-01,0453,Aqua,MODIS,83,6.2,309.5,45,D,0
-15.7508,135.8892,331.6,1.3,1.1,2014-09-01,0453,Aqua,MODIS,71,6.2,315,17.3,D,0
-16.0847,136.3673,331.6,1.3,1.1,2014-09-01,0453,Aqua,MODIS,71,6.2,307.5,25.2,D,0
-16.2196,136.7425,330.9,1.4,1.2,2014-09-01,0453,Aqua,MODIS,52,6.2,312.6,21.3,D,0
-15.8687,135.5915,326.2,1.2,1.1,2014-09-01,0453,Aqua,MODIS,30,6.2,313.2,8.7,D,0
-15.7527,135.8775,338.9,1.3,1.1,2014-09-01,0453,Aqua,MODIS,83,6.2,316.4,31.1,D,0
-15.9251,136.593,345.5,1.4,1.2,2014-09-01,0453,Aqua,MODIS,89,6.2,315.8,57.3,D,0
-16.0949,136.3691,338,1.3,1.1,2014-09-01,0453,Aqua,MODIS,81,6.2,308.2,39.6,D,0
-16.0601,136.3886,394.4,1.3,1.1,2014-09-01,0453,Aqua,MODIS,100,6.2,316,309.4,D,0
-16.1208,136.0747,331.4,1.3,1.1,2014-09-01,0453,Aqua,MODIS,68,6.2,312.8,17.8,D,0
-14.8077,142.3305,318.5,3.8,1.8,2014-09-01,0453,Aqua,MODIS,38,6.2,304.5,34.5,D,0
-15.8305,135.6427,342.4,1.2,1.1,2014-09-01,0453,Aqua,MODIS,87,6.2,317.6,37.8,D,0
-16.0562,136.4133,352.5,1.3,1.1,2014-09-01,0453,Aqua,MODIS,95,6.2,312.9,72.9,D,0
-15.923,136.6059,360.4,1.4,1.2,2014-09-01,0453,Aqua,MODIS,100,6.2,315.3,113.7,D,0
-15.8288,135.654,360.4,1.2,1.1,2014-09-01,0453,Aqua,MODIS,100,6.2,314.4,92.4,D,0
-16.0704,136.3903,338,1.3,1.1,2014-09-01,0453,Aqua,MODIS,46,6.2,311.1,30.7,D,0
-15.8404,135.6443,331,1.2,1.1,2014-09-01,0453,Aqua,MODIS,69,6.2,317.7,13.7,D,0
-16.093,136.3814,336.7,1.3,1.1,2014-09-01,0453,Aqua,MODIS,78,6.2,310.7,34.1,D,0
-15.8368,135.6671,333.2,1.2,1.1,2014-09-01,0453,Aqua,MODIS,63,6.2,312.3,19.2,D,0
-16.2217,136.7294,358.4,1.4,1.2,2014-09-01,0453,Aqua,MODIS,99,6.2,315.2,104.5,D,0
-16.6507,128.3796,332.5,1.5,1.2,2014-09-01,0453,Aqua,MODIS,66,6.2,314.6,27.3,D,0
-17.9242,122.6733,337.5,4.3,1.9,2014-09-01,0453,Aqua,MODIS,81,6.2,312.2,212,D,0
-17.9278,122.6326,335.2,4.3,1.9,2014-09-01,0453,Aqua,MODIS,68,6.2,309.8,188,D,0
-17.9105,122.631,341.9,4.3,1.9,2014-09-01,0453,Aqua,MODIS,88,6.2,311.2,277,D,0
-17.914,122.59,325.3,4.3,1.9,2014-09-01,0453,Aqua,MODIS,55,6.2,307.5,97.2,D,0
-17.9227,122.6698,338.2,4.3,1.9,2014-09-01,0453,Aqua,MODIS,85,6.2,312.5,227,D,0
-17.9265,122.6292,332.8,4.3,1.9,2014-09-01,0453,Aqua,MODIS,74,6.2,309.9,163.7,D,0
-17.9092,122.6276,341,4.3,1.9,2014-09-01,0453,Aqua,MODIS,87,6.2,311.2,268.2,D,0
-17.913,122.5866,321.7,4.3,1.9,2014-09-01,0453,Aqua,MODIS,41,6.2,307.5,65.9,D,0
-16.5872,128.4428,340.3,1.5,1.2,2014-09-01,0453,Aqua,MODIS,85,6.2,319.4,42.9,D,0
-16.5863,128.4373,341.3,1.5,1.2,2014-09-01,0453,Aqua,MODIS,86,6.2,318.6,46.7,D,0
-17.3802,123.9258,352.7,3.4,1.7,2014-09-01,0453,Aqua,MODIS,95,6.2,314.5,309,D,0
-16.649,128.3935,372.7,1.5,1.2,2014-09-01,0453,Aqua,MODIS,100,6.2,318.8,202.5,D,0
-16.638,128.392,374.2,1.5,1.2,2014-09-01,0453,Aqua,MODIS,100,6.2,321.6,209.2,D,0
-16.5889,128.4286,338.1,1.5,1.2,2014-09-01,0453,Aqua,MODIS,83,6.2,317.4,34.8,D,0
-16.6397,128.378,348.4,1.5,1.2,2014-09-01,0453,Aqua,MODIS,92,6.2,317.8,75.2,D,0
-19.0967,122.1609,338.8,4.8,2,2014-09-01,0453,Aqua,MODIS,84,6.2,310.4,267.5,D,0
-17.8999,122.7523,364,4.2,1.9,2014-09-01,0453,Aqua,MODIS,100,6.2,315.8,660,D,0
-17.915,122.7504,339.7,4.2,1.9,2014-09-01,0453,Aqua,MODIS,86,6.2,310.8,230,D,0
-17.8941,122.7886,331,4.2,1.9,2014-09-01,0453,Aqua,MODIS,66,6.2,311.4,125.6,D,0
-17.9189,122.7102,327.4,4.3,1.9,2014-09-01,0453,Aqua,MODIS,39,6.2,311.3,90.9,D,0
-17.3751,123.9323,328.3,3.4,1.7,2014-09-01,0453,Aqua,MODIS,58,6.2,314.6,64.8,D,0
-17.8435,122.7353,327.1,4.2,1.9,2014-09-01,0453,Aqua,MODIS,63,6.2,313.7,89.3,D,0
-17.8396,122.7754,324,4.2,1.9,2014-09-01,0453,Aqua,MODIS,39,6.2,312.1,65.7,D,0
-17.8568,122.7771,326.1,4.2,1.9,2014-09-01,0453,Aqua,MODIS,30,6.2,313,78.1,D,0
-17.8979,122.7487,352.5,4.2,1.9,2014-09-01,0453,Aqua,MODIS,95,6.2,315.7,425.4,D,0
-17.8463,122.7437,331.3,4.2,1.9,2014-09-01,0453,Aqua,MODIS,76,6.2,314,133.2,D,0
-19.0131,122.2913,330.3,4.7,2,2014-09-01,0453,Aqua,MODIS,46,6.2,310.8,129.1,D,0
-19.0112,122.333,326.4,4.7,2,2014-09-01,0453,Aqua,MODIS,38,6.2,309.9,98.6,D,0
-16.2203,128.2632,339.7,1.5,1.2,2014-09-01,0454,Aqua,MODIS,85,6.2,314.6,47.9,D,0
-15.2313,125.6552,355.6,2.3,1.5,2014-09-01,0454,Aqua,MODIS,97,6.2,313.9,199.7,D,0
-16.4704,123.9905,320.2,3.3,1.7,2014-09-01,0454,Aqua,MODIS,23,6.2,307.8,40.8,D,0
-16.6507,123.9654,326.3,3.3,1.7,2014-09-01,0454,Aqua,MODIS,68,6.2,312.8,57.6,D,0
-16.6512,123.9897,325.7,3.3,1.7,2014-09-01,0454,Aqua,MODIS,66,6.2,311.3,54.3,D,0
-16.6545,123.9588,323.5,3.3,1.7,2014-09-01,0454,Aqua,MODIS,55,6.2,312.7,39.1,D,0
-16.2406,128.2802,327.1,1.5,1.2,2014-09-01,0454,Aqua,MODIS,47,6.2,317.1,13.6,D,0
-16.2185,128.2776,345.6,1.5,1.2,2014-09-01,0454,Aqua,MODIS,90,6.2,318.1,66.8,D,0
-12.26,133.568,350.8,1.1,1,2014-09-01,0454,Aqua,MODIS,94,6.2,317.1,48.7,D,0
-12.783,135.9409,338.5,1.4,1.2,2014-09-01,0454,Aqua,MODIS,86,6.2,305.5,48.4,D,0
-13.1692,134.2615,347.5,1.1,1.1,2014-09-01,0454,Aqua,MODIS,92,6.2,313.3,47.5,D,0
-15.2555,125.6795,332.4,2.3,1.5,2014-09-01,0454,Aqua,MODIS,65,6.2,313.7,59.6,D,0
-13.3998,135.2898,332.7,1.3,1.1,2014-09-01,0454,Aqua,MODIS,77,6.2,310.5,24.4,D,0
-12.777,135.9476,324.7,1.4,1.2,2014-09-01,0454,Aqua,MODIS,35,6.2,303.8,18.2,D,0
-12.7734,135.7645,320.5,1.4,1.2,2014-09-01,0454,Aqua,MODIS,25,6.2,305.5,9.6,D,0
-12.8814,136.2478,319.3,1.5,1.2,2014-09-01,0454,Aqua,MODIS,27,6.2,295,15.3,D,0
-13.507,141.8289,314.8,3.8,1.8,2014-09-01,0454,Aqua,MODIS,56,6.2,298.9,37.7,D,0
-12.658,132.2975,330.2,1,1,2014-09-01,0454,Aqua,MODIS,69,6.2,312.9,13.5,D,0
-14.4956,126.704,323.2,1.9,1.3,2014-09-01,0454,Aqua,MODIS,53,6.2,312.3,18,D,0
-12.1134,134.3442,359.7,1.2,1.1,2014-09-01,0454,Aqua,MODIS,99,6.2,312.4,87.2,D,0
-13.1064,134.2552,327.3,1.1,1.1,2014-09-01,0454,Aqua,MODIS,62,6.2,311.3,10.3,D,0
-13.1786,134.2631,333.2,1.1,1.1,2014-09-01,0454,Aqua,MODIS,78,6.2,312,19.4,D,0
-13.3261,135.1657,342.4,1.2,1.1,2014-09-01,0454,Aqua,MODIS,88,6.2,309.4,43.4,D,0
-13.336,135.1674,347.7,1.2,1.1,2014-09-01,0454,Aqua,MODIS,92,6.2,313,57.1,D,0
-13.1184,135.4515,328.4,1.3,1.1,2014-09-01,0454,Aqua,MODIS,65,6.2,312.2,19.4,D,0
-13.0687,134.3124,338.5,1.1,1.1,2014-09-01,0454,Aqua,MODIS,79,6.2,311.5,28.5,D,0
-13.177,134.2734,328.5,1.1,1.1,2014-09-01,0454,Aqua,MODIS,67,6.2,312.2,11.6,D,0
-15.4921,135.0495,334.2,1.1,1.1,2014-09-01,0454,Aqua,MODIS,63,6.2,318.1,17.2,D,0
-12.4123,133.6542,329.7,1.1,1,2014-09-01,0454,Aqua,MODIS,58,6.2,313.5,10.7,D,0
-13.3083,135.6755,328.5,1.3,1.1,2014-09-01,0454,Aqua,MODIS,63,6.2,310.5,18.3,D,0
-13.1597,134.2599,403.6,1.1,1.1,2014-09-01,0454,Aqua,MODIS,100,6.2,319.2,305.1,D,0
-12.1486,134.3715,326.4,1.2,1.1,2014-09-01,0454,Aqua,MODIS,52,6.2,311.2,11,D,0
-13.0937,134.2111,329.9,1.1,1.1,2014-09-01,0454,Aqua,MODIS,64,6.2,313.3,14.6,D,0
-13.0433,134.224,350,1.1,1.1,2014-09-01,0454,Aqua,MODIS,94,6.2,315.2,55.3,D,0
-12.5009,133.0594,342.5,1,1,2014-09-01,0454,Aqua,MODIS,86,6.2,315.9,28.1,D,0
-13.3472,135.2272,331.9,1.2,1.1,2014-09-01,0454,Aqua,MODIS,59,6.2,311,17.6,D,0
-13.4105,135.2207,359.7,1.2,1.1,2014-09-01,0454,Aqua,MODIS,99,6.2,310.5,97.7,D,0
-13.4087,135.232,366,1.2,1.1,2014-09-01,0454,Aqua,MODIS,100,6.2,312.2,122.5,D,0
-13.4069,135.2435,326.2,1.2,1.1,2014-09-01,0454,Aqua,MODIS,58,6.2,309.9,12.9,D,0
-13.0418,134.2342,326.3,1.1,1.1,2014-09-01,0454,Aqua,MODIS,50,6.2,313,10,D,0
-14.8081,131.7941,333.1,1,1,2014-09-01,0454,Aqua,MODIS,70,6.2,317.5,11.5,D,0
-14.7784,131.8087,333.8,1,1,2014-09-01,0454,Aqua,MODIS,62,6.2,314.6,13.5,D,0
-14.7635,131.8476,334.1,1,1,2014-09-01,0454,Aqua,MODIS,60,6.2,312.2,16,D,0
-14.7648,131.8382,340.2,1,1,2014-09-01,0454,Aqua,MODIS,81,6.2,311.7,25.5,D,0
-14.7661,131.8289,353.4,1,1,2014-09-01,0454,Aqua,MODIS,96,6.2,313.4,53.1,D,0
-14.7675,131.8196,343,1,1,2014-09-01,0454,Aqua,MODIS,79,6.2,314.8,29.2,D,0
-14.7558,131.8369,341.7,1,1,2014-09-01,0454,Aqua,MODIS,80,6.2,307.7,28.3,D,0
-14.7571,131.8275,363.9,1,1,2014-09-01,0454,Aqua,MODIS,100,6.2,313,82.2,D,0
-14.7584,131.8182,384.1,1,1,2014-09-01,0454,Aqua,MODIS,100,6.2,320.7,154.7,D,0
-14.7597,131.8089,369.1,1,1,2014-09-01,0454,Aqua,MODIS,100,6.2,319.8,96.3,D,0
-14.7481,131.8262,377.5,1,1,2014-09-01,0454,Aqua,MODIS,100,6.2,307.7,130.5,D,0
-14.7494,131.8169,418.1,1,1,2014-09-01,0454,Aqua,MODIS,100,6.2,317.1,369.1,D,0
-14.7507,131.8075,415.7,1,1,2014-09-01,0454,Aqua,MODIS,100,6.2,320.3,349.7,D,0
-14.752,131.7982,379.6,1,1,2014-09-01,0454,Aqua,MODIS,100,6.2,315.6,136.6,D,0
-14.7364,131.8435,365.8,1,1,2014-09-01,0454,Aqua,MODIS,100,6.2,316.7,86.3,D,0
-14.743,131.7968,349.9,1,1,2014-09-01,0454,Aqua,MODIS,93,6.2,305.5,48.3,D,0
-14.7274,131.8421,363.2,1,1,2014-09-01,0454,Aqua,MODIS,100,6.2,314.9,80.2,D,0
-14.7339,131.7954,330.2,1,1,2014-09-01,0454,Aqua,MODIS,39,6.2,303.7,16.1,D,0
-14.7353,131.7861,332.1,1,1,2014-09-01,0454,Aqua,MODIS,53,6.2,305.4,17.9,D,0
-14.7198,131.7647,331.8,1,1,2014-09-01,0454,Aqua,MODIS,71,6.2,307.8,17.8,D,0
-14.7121,131.7539,341.8,1,1,2014-09-01,0454,Aqua,MODIS,86,6.2,307.2,32.6,D,0
-12.5177,133.0716,335.5,1,1,2014-09-01,0454,Aqua,MODIS,57,6.2,315.6,19.3,D,0
-15.3822,134.841,334.8,1.1,1.1,2014-09-01,0454,Aqua,MODIS,73,6.2,315,19.2,D,0
-12.5135,133.0999,338.1,1,1,2014-09-01,0454,Aqua,MODIS,61,6.2,317.2,23.7,D,0
-13.0449,134.2137,335.1,1.1,1.1,2014-09-01,0454,Aqua,MODIS,75,6.2,310.4,23.9,D,0
-13.0385,134.2281,336.3,1.1,1.1,2014-09-01,0454,Aqua,MODIS,82,6.2,313.8,28.2,D,0
-13.0415,134.2075,322,1.1,1.1,2014-09-01,0454,Aqua,MODIS,43,6.2,308.3,8.7,D,0
-12.7714,135.7771,376.5,1.4,1.2,2014-09-01,0454,Aqua,MODIS,100,6.2,309.8,204.7,D,0
-13.04,134.2178,354.1,1.1,1.1,2014-09-01,0454,Aqua,MODIS,96,6.2,314.8,69,D,0
-15.4546,134.7848,330.1,1.1,1.1,2014-09-01,0454,Aqua,MODIS,68,6.2,315.4,12.7,D,0
-15.425,134.8159,337.4,1.1,1.1,2014-09-01,0454,Aqua,MODIS,76,6.2,314.5,23.1,D,0
-13.4005,135.2192,352.3,1.2,1.1,2014-09-01,0454,Aqua,MODIS,95,6.2,310.8,72.1,D,0
-13.3988,135.2303,332.5,1.2,1.1,2014-09-01,0454,Aqua,MODIS,68,6.2,311.4,21.9,D,0
-13.1281,135.5835,324.8,1.3,1.1,2014-09-01,0454,Aqua,MODIS,39,6.2,312.9,9.1,D,0
-13.349,135.2227,333.8,1.2,1.1,2014-09-01,0454,Aqua,MODIS,79,6.2,311.1,21.8,D,0
-13.5049,141.8011,323.3,3.7,1.8,2014-09-01,0454,Aqua,MODIS,76,6.2,298.6,90.6,D,0
-13.2408,135.1927,327.8,1.2,1.1,2014-09-01,0454,Aqua,MODIS,52,6.2,313.6,12.2,D,0
-15.4974,135.0342,339.2,1.1,1.1,2014-09-01,0454,Aqua,MODIS,65,6.2,320.4,25.6,D,0
-15.4958,135.0448,339.6,1.1,1.1,2014-09-01,0454,Aqua,MODIS,74,6.2,319.1,26.5,D,0
-14.6626,132.0413,342.2,1,1,2014-09-01,0454,Aqua,MODIS,87,6.2,315.1,26.5,D,0
-14.6639,132.032,336.2,1,1,2014-09-01,0454,Aqua,MODIS,74,6.2,318.1,16.1,D,0
-14.6536,132.0399,333.6,1,1,2014-09-01,0454,Aqua,MODIS,68,6.2,315.2,13.5,D,0
-14.6549,132.0307,331.8,1,1,2014-09-01,0454,Aqua,MODIS,49,6.2,318.4,10.8,D,0
-12.7694,135.7897,337.8,1.4,1.2,2014-09-01,0454,Aqua,MODIS,85,6.2,302.7,46.2,D,0
-13.2275,134.2243,333.7,1.1,1.1,2014-09-01,0454,Aqua,MODIS,26,6.2,313.2,18,D,0
-12.8449,136.2005,321.1,1.5,1.2,2014-09-01,0454,Aqua,MODIS,50,6.2,291.7,18.7,D,0
-12.8578,136.189,322.2,1.5,1.2,2014-09-01,0454,Aqua,MODIS,59,6.2,293.6,21.6,D,0
-12.8556,136.2023,325.4,1.5,1.2,2014-09-01,0454,Aqua,MODIS,68,6.2,294.4,26.9,D,0
-12.8471,136.1872,329.3,1.5,1.2,2014-09-01,0454,Aqua,MODIS,75,6.2,292.4,35.6,D,0
-12.4216,133.6556,328.9,1.1,1,2014-09-01,0454,Aqua,MODIS,60,6.2,313.5,8.7,D,0
-12.3297,134.072,324.2,1.1,1.1,2014-09-01,0454,Aqua,MODIS,55,6.2,312.7,8,D,0
-15.4021,135.1221,328,1.2,1.1,2014-09-01,0454,Aqua,MODIS,47,6.2,315,10.9,D,0
-15.4535,135.1087,332.7,1.2,1.1,2014-09-01,0454,Aqua,MODIS,30,6.2,314.8,15.5,D,0
-13.5137,133.3138,331.9,1,1,2014-09-01,0454,Aqua,MODIS,67,6.2,308.6,13.9,D,0
-13.5032,133.3218,328.8,1,1,2014-09-01,0454,Aqua,MODIS,40,6.2,310.6,9.6,D,0
-13.339,135.2144,349.7,1.2,1.1,2014-09-01,0454,Aqua,MODIS,94,6.2,311.6,60.1,D,0
-13.239,135.2042,328.5,1.2,1.1,2014-09-01,0454,Aqua,MODIS,63,6.2,313.7,13.7,D,0
-13.5151,133.3043,328.4,1,1,2014-09-01,0454,Aqua,MODIS,52,6.2,310.7,9.2,D,0
-12.7766,135.9135,324.1,1.4,1.2,2014-09-01,0454,Aqua,MODIS,52,6.2,305.5,17,D,0
-12.7787,135.9007,323.7,1.4,1.2,2014-09-01,0454,Aqua,MODIS,52,6.2,301.9,17.9,D,0
-12.4734,134.2493,327.5,1.1,1.1,2014-09-01,0454,Aqua,MODIS,63,6.2,312.7,10.5,D,0
-12.4352,134.1795,333.8,1.1,1.1,2014-09-01,0454,Aqua,MODIS,76,6.2,316.8,18,D,0
-12.2292,134.0961,328.4,1.1,1.1,2014-09-01,0454,Aqua,MODIS,58,6.2,315.4,12.6,D,0
-12.2243,134.0638,330.8,1.1,1.1,2014-09-01,0454,Aqua,MODIS,68,6.2,316.7,15.6,D,0
-12.2258,134.0536,330,1.1,1.1,2014-09-01,0454,Aqua,MODIS,68,6.2,318.2,13.7,D,0
-13.4186,135.2338,340.9,1.2,1.1,2014-09-01,0454,Aqua,MODIS,86,6.2,307.7,42.2,D,0
-15.7078,130.184,335.6,1.2,1.1,2014-09-01,0454,Aqua,MODIS,79,6.2,317.2,22.8,D,0
-12.2693,133.5694,355.2,1.1,1,2014-09-01,0454,Aqua,MODIS,97,6.2,318.1,60.5,D,0
-12.1696,133.498,329.8,1.1,1,2014-09-01,0454,Aqua,MODIS,54,6.2,314.2,10.9,D,0
-12.4853,131.4489,359.2,1,1,2014-09-01,0454,Aqua,MODIS,99,6.2,313.5,69.2,D,0
-12.1034,134.2614,334.3,1.1,1.1,2014-09-01,0454,Aqua,MODIS,78,6.2,314.8,23.4,D,0
-12.3205,135.3265,327.7,1.3,1.1,2014-09-01,0454,Aqua,MODIS,69,6.2,312.5,17.7,D,0
-13.108,134.2449,328.9,1.1,1.1,2014-09-01,0454,Aqua,MODIS,66,6.2,311.4,13.7,D,0
-12.2615,133.5582,346.2,1.1,1,2014-09-01,0454,Aqua,MODIS,90,6.2,313,39,D,0
-13.5132,141.7948,316.3,3.7,1.8,2014-09-01,0454,Aqua,MODIS,62,6.2,299.4,44.4,D,0
-13.2328,135.4338,333.2,1.3,1.1,2014-09-01,0454,Aqua,MODIS,72,6.2,310.8,25.1,D,0
-13.2227,135.4322,333,1.3,1.1,2014-09-01,0454,Aqua,MODIS,63,6.2,312.9,23.3,D,0
-13.2235,135.4387,330.6,1.3,1.1,2014-09-01,0454,Aqua,MODIS,69,6.2,312.3,18.3,D,0
-13.1446,135.414,327.7,1.3,1.1,2014-09-01,0454,Aqua,MODIS,49,6.2,313.2,12.8,D,0
-12.2722,133.5499,353.5,1.1,1,2014-09-01,0454,Aqua,MODIS,96,6.2,316.6,57.4,D,0
-13.2328,135.8336,321.3,1.4,1.2,2014-09-01,0454,Aqua,MODIS,15,6.2,307.8,9,D,0
-13.3423,141.8192,315.6,3.8,1.8,2014-09-01,0454,Aqua,MODIS,60,6.2,299.2,40.5,D,0
-13.3256,135.2352,348.5,1.3,1.1,2014-09-01,0454,Aqua,MODIS,93,6.2,312.2,58.9,D,0
-12.115,134.3336,357.6,1.2,1.1,2014-09-01,0454,Aqua,MODIS,98,6.2,313,79.7,D,0
-13.398,135.3013,326.6,1.3,1.1,2014-09-01,0454,Aqua,MODIS,63,6.2,310.2,13.4,D,0
-13.3238,135.2465,340.4,1.3,1.1,2014-09-01,0454,Aqua,MODIS,86,6.2,313.2,39.2,D,0
-13.2241,134.2181,328.8,1.1,1.1,2014-09-01,0454,Aqua,MODIS,51,6.2,311.4,14,D,0
-13.2146,134.2166,355.6,1.1,1.1,2014-09-01,0454,Aqua,MODIS,97,6.2,311.8,70.4,D,0
-12.0731,134.2673,327.6,1.2,1.1,2014-09-01,0454,Aqua,MODIS,55,6.2,310,13.3,D,0
-13.2131,134.2267,378.2,1.1,1.1,2014-09-01,0454,Aqua,MODIS,100,6.2,314.6,152.8,D,0
-12.0795,134.2899,329.8,1.2,1.1,2014-09-01,0454,Aqua,MODIS,52,6.2,308.6,15.6,D,0
-13.226,134.2345,332.6,1.1,1.1,2014-09-01,0454,Aqua,MODIS,27,6.2,313.2,15,D,0
-13.2225,134.2283,333.5,1.1,1.1,2014-09-01,0454,Aqua,MODIS,76,6.2,313.4,20.8,D,0
-13.2085,134.2574,381.6,1.1,1.1,2014-09-01,0454,Aqua,MODIS,100,6.2,319.4,167.7,D,0
-13.3152,135.7649,327.9,1.3,1.1,2014-09-01,0454,Aqua,MODIS,44,6.2,311.3,17.9,D,0
-13.2006,134.2456,338.2,1.1,1.1,2014-09-01,0454,Aqua,MODIS,82,6.2,312.6,27.7,D,0
-13.1991,134.2558,342.4,1.1,1.1,2014-09-01,0454,Aqua,MODIS,88,6.2,309,34.7,D,0
-13.3293,135.5425,327.8,1.3,1.1,2014-09-01,0454,Aqua,MODIS,50,6.2,311.3,16.8,D,0
-13.588,134.659,332.1,1.2,1.1,2014-09-01,0454,Aqua,MODIS,49,6.2,315.6,17.2,D,0
-15.3256,134.7405,330.8,1.1,1.1,2014-09-01,0454,Aqua,MODIS,57,6.2,317.3,9,D,0
-12.1487,134.2422,340.9,1.1,1.1,2014-09-01,0454,Aqua,MODIS,86,6.2,314.7,37.1,D,0
-15.3272,134.7302,330,1.1,1.1,2014-09-01,0454,Aqua,MODIS,54,6.2,317.6,7.9,D,0
-13.2654,134.2933,329.3,1.1,1.1,2014-09-01,0454,Aqua,MODIS,62,6.2,314,11.1,D,0
-12.1471,134.2526,344.5,1.1,1.1,2014-09-01,0454,Aqua,MODIS,89,6.2,313.2,44.7,D,0
-12.261,133.4983,337.6,1.1,1,2014-09-01,0454,Aqua,MODIS,48,6.2,316.3,20.1,D,0
-12.2566,133.5275,362.7,1.1,1,2014-09-01,0454,Aqua,MODIS,100,6.2,313.5,83,D,0
-12.2551,133.5372,338.5,1.1,1,2014-09-01,0454,Aqua,MODIS,83,6.2,309.2,25.1,D,0
-12.2644,133.5387,327.8,1.1,1,2014-09-01,0454,Aqua,MODIS,44,6.2,312.8,10.4,D,0
-12.2629,133.5484,332.8,1.1,1,2014-09-01,0454,Aqua,MODIS,66,6.2,309.9,16.4,D,0
-12.2707,133.5597,357.2,1.1,1,2014-09-01,0454,Aqua,MODIS,98,6.2,316.3,66.6,D,0
-13.1613,134.2497,410,1.1,1.1,2014-09-01,0454,Aqua,MODIS,100,6.2,322.3,357.7,D,0
-13.1707,134.2512,338.7,1.1,1.1,2014-09-01,0454,Aqua,MODIS,84,6.2,311.5,30,D,0
-15.2447,125.6563,371,2.3,1.5,2014-09-01,0454,Aqua,MODIS,100,6.2,317.4,360,D,0
-13.2386,134.2785,334.1,1.1,1.1,2014-09-01,0454,Aqua,MODIS,53,6.2,315.1,16.9,D,0
-15.7737,130.2334,342.7,1.2,1.1,2014-09-01,0454,Aqua,MODIS,87,6.2,318,38.5,D,0
-15.7641,130.232,342.5,1.2,1.1,2014-09-01,0454,Aqua,MODIS,87,6.2,318.3,36.3,D,0
-15.7655,130.2212,343.3,1.2,1.1,2014-09-01,0454,Aqua,MODIS,88,6.2,315.6,39.7,D,0
-13.1171,135.2597,326.3,1.3,1.1,2014-09-01,0454,Aqua,MODIS,57,6.2,311.7,12,D,0
-13.1153,135.2713,338.2,1.3,1.1,2014-09-01,0454,Aqua,MODIS,85,6.2,310.8,35.5,D,0
-13.2291,134.2769,333.9,1.1,1.1,2014-09-01,0454,Aqua,MODIS,48,6.2,314.5,16.9,D,0
-13.2197,134.2753,336.7,1.1,1.1,2014-09-01,0454,Aqua,MODIS,64,6.2,311.4,21.3,D,0
-13.2164,134.2691,341,1.1,1.1,2014-09-01,0454,Aqua,MODIS,87,6.2,312.5,32.7,D,0
-13.207,134.2676,379.3,1.1,1.1,2014-09-01,0454,Aqua,MODIS,100,6.2,313.3,157,D,0
-14.1163,133.0325,342.9,1,1,2014-09-01,0454,Aqua,MODIS,54,6.2,318.2,23.4,D,0
-15.1656,125.5492,346.7,2.4,1.5,2014-09-01,0454,Aqua,MODIS,69,6.2,312.9,146.1,D,0
-14.1316,133.054,336.9,1,1,2014-09-01,0454,Aqua,MODIS,31,6.2,317.9,16.5,D,0
-14.157,133.0636,341,1,1,2014-09-01,0454,Aqua,MODIS,27,6.2,318,24.2,D,0
-15.502,128.1628,331.9,1.5,1.2,2014-09-01,0454,Aqua,MODIS,76,6.2,311.8,25.1,D,0
-15.4909,128.1616,341.3,1.5,1.2,2014-09-01,0454,Aqua,MODIS,87,6.2,309.6,53.7,D,0
-15.4928,128.147,329.3,1.5,1.2,2014-09-01,0454,Aqua,MODIS,65,6.2,311.8,22.8,D,0
-13.9584,130.1641,332.7,1.1,1.1,2014-09-01,0454,Aqua,MODIS,77,6.2,311.5,17.8,D,0
-13.9598,130.1538,350.1,1.1,1.1,2014-09-01,0454,Aqua,MODIS,94,6.2,313.3,52.8,D,0
-14.953,126.1469,328.7,2.1,1.4,2014-09-01,0454,Aqua,MODIS,47,6.2,311.8,32,D,0
-14.9658,126.1486,326.6,2.1,1.4,2014-09-01,0454,Aqua,MODIS,43,6.2,309.1,24,D,0
-14.9531,126.1537,328.8,2.1,1.4,2014-09-01,0454,Aqua,MODIS,72,6.2,311.2,33.2,D,0
-14.9659,126.1554,327.8,2.1,1.4,2014-09-01,0454,Aqua,MODIS,65,6.2,308.7,28.5,D,0
-15.6958,130.3465,337.4,1.1,1.1,2014-09-01,0454,Aqua,MODIS,75,6.2,318,21.5,D,0
-15.6862,130.345,331.7,1.1,1.1,2014-09-01,0454,Aqua,MODIS,41,6.2,317.4,12.4,D,0
-15.6876,130.3343,333.9,1.1,1.1,2014-09-01,0454,Aqua,MODIS,64,6.2,318.3,15.5,D,0
-15.2473,125.6334,389.9,2.3,1.5,2014-09-01,0454,Aqua,MODIS,100,6.2,316.4,636.3,D,0
-14.5337,129.9061,327.2,1.2,1.1,2014-09-01,0454,Aqua,MODIS,60,6.2,309.3,12.1,D,0
-14.5323,129.9169,337,1.2,1.1,2014-09-01,0454,Aqua,MODIS,83,6.2,311,27.9,D,0
-15.8375,130.2921,327.2,1.2,1.1,2014-09-01,0454,Aqua,MODIS,37,6.2,316.5,8.9,D,0
-14.5198,129.9372,328.7,1.2,1.1,2014-09-01,0454,Aqua,MODIS,72,6.2,313.7,13.1,D,0
-14.5212,129.9264,327.2,1.2,1.1,2014-09-01,0454,Aqua,MODIS,46,6.2,312.7,10.2,D,0
-15.8688,130.3509,338.6,1.1,1.1,2014-09-01,0454,Aqua,MODIS,83,6.2,314.8,27.5,D,0
-15.8674,130.3616,340.1,1.1,1.1,2014-09-01,0454,Aqua,MODIS,84,6.2,316.2,29.2,D,0
-15.866,130.3723,346.3,1.1,1.1,2014-09-01,0454,Aqua,MODIS,90,6.2,318.1,41.3,D,0
-15.8784,130.3524,349.7,1.1,1.1,2014-09-01,0454,Aqua,MODIS,93,6.2,316.9,55.2,D,0
-15.877,130.363,350,1.1,1.1,2014-09-01,0454,Aqua,MODIS,93,6.2,316.5,54.6,D,0
-14.1127,132.9939,340.9,1,1,2014-09-01,0454,Aqua,MODIS,77,6.2,313.3,27.1,D,0
-14.1217,132.9953,341.8,1,1,2014-09-01,0454,Aqua,MODIS,69,6.2,314,28.6,D,0
-14.1149,133.0418,345.3,1,1,2014-09-01,0454,Aqua,MODIS,79,6.2,317.2,28.2,D,0
-12.1369,134.6455,322.8,1.2,1.1,2014-09-01,0454,Aqua,MODIS,20,6.2,305.4,8.6,D,0
-14.123,132.986,361,1,1,2014-09-01,0454,Aqua,MODIS,100,6.2,312.6,73.7,D,0
-13.43,132.4991,388.3,1,1,2014-09-01,0454,Aqua,MODIS,100,6.2,317.5,173.7,D,0
-13.4286,132.5083,373.6,1,1,2014-09-01,0454,Aqua,MODIS,100,6.2,316.9,112,D,0
-13.4389,132.5004,340.8,1,1,2014-09-01,0454,Aqua,MODIS,75,6.2,313.2,26.1,D,0
-13.4376,132.5096,349.8,1,1,2014-09-01,0454,Aqua,MODIS,93,6.2,315.5,43.6,D,0
-12.1648,134.6121,329.8,1.2,1.1,2014-09-01,0454,Aqua,MODIS,72,6.2,301.4,24,D,0
-12.2759,136.8597,326.1,1.7,1.3,2014-09-01,0454,Aqua,MODIS,72,6.2,294.9,36.4,D,0
-12.2882,134.7954,333.6,1.2,1.1,2014-09-01,0454,Aqua,MODIS,70,6.2,305.2,29,D,0
-14.1384,132.2365,335.3,1,1,2014-09-01,0454,Aqua,MODIS,61,6.2,314.3,17.6,D,0
-14.1397,132.2273,344.4,1,1,2014-09-01,0454,Aqua,MODIS,89,6.2,314.8,32.5,D,0
-14.1294,132.2352,335.6,1,1,2014-09-01,0454,Aqua,MODIS,78,6.2,315.7,17.8,D,0
-14.1191,132.243,331.1,1,1,2014-09-01,0454,Aqua,MODIS,28,6.2,314.8,10.7,D,0
-13.3952,130.8525,349.2,1,1,2014-09-01,0454,Aqua,MODIS,93,6.2,309.6,47.6,D,0
-13.3965,130.8429,335.1,1,1,2014-09-01,0454,Aqua,MODIS,71,6.2,306.1,23.5,D,0
-13.3978,130.8333,331.1,1,1,2014-09-01,0454,Aqua,MODIS,73,6.2,303.4,20.5,D,0
-13.4479,132.5018,331.3,1,1,2014-09-01,0454,Aqua,MODIS,33,6.2,312.3,11.5,D,0
-13.4646,132.5138,351.7,1,1,2014-09-01,0454,Aqua,MODIS,95,6.2,316.2,47.6,D,0
-13.4736,132.5152,340.1,1,1,2014-09-01,0454,Aqua,MODIS,83,6.2,315.9,25.4,D,0
-15.4627,133.0684,339.3,1,1,2014-09-01,0454,Aqua,MODIS,81,6.2,316.8,23.6,D,0
-13.4722,132.5244,336.6,1,1,2014-09-01,0454,Aqua,MODIS,73,6.2,311.8,20,D,0
-12.2323,135.423,330.1,1.3,1.1,2014-09-01,0454,Aqua,MODIS,72,6.2,313,20.7,D,0
-12.2342,135.4109,329.8,1.3,1.1,2014-09-01,0454,Aqua,MODIS,66,6.2,312.7,19.8,D,0
-15.4613,133.0777,333,1,1,2014-09-01,0454,Aqua,MODIS,40,6.2,316.1,14.2,D,0
-13.4826,132.5128,349.4,1,1,2014-09-01,0454,Aqua,MODIS,93,6.2,315.1,43.8,D,0
-13.4305,130.8674,326.4,1,1,2014-09-01,0454,Aqua,MODIS,31,6.2,309.9,8.1,D,0
-13.4319,130.8578,334.8,1,1,2014-09-01,0454,Aqua,MODIS,78,6.2,309.2,20.4,D,0
-13.4214,130.8661,338.5,1,1,2014-09-01,0454,Aqua,MODIS,83,6.2,311.4,24.4,D,0
-13.4227,130.8565,407.9,1,1,2014-09-01,0454,Aqua,MODIS,100,6.2,315.2,306.3,D,0
-13.424,130.8469,356.8,1,1,2014-09-01,0454,Aqua,MODIS,98,6.2,306.7,66.7,D,0
-13.4135,130.8552,344.5,1,1,2014-09-01,0454,Aqua,MODIS,89,6.2,309.8,35,D,0
-13.4149,130.8456,347.6,1,1,2014-09-01,0454,Aqua,MODIS,92,6.2,307,44.7,D,0
-13.4162,130.836,326.9,1,1,2014-09-01,0454,Aqua,MODIS,62,6.2,302.8,14.2,D,0
-13.4043,130.8539,334,1,1,2014-09-01,0454,Aqua,MODIS,62,6.2,308.5,18.4,D,0
-13.4057,130.8443,340.5,1,1,2014-09-01,0454,Aqua,MODIS,83,6.2,307.2,32.3,D,0
-13.407,130.8347,341.9,1,1,2014-09-01,0454,Aqua,MODIS,87,6.2,305.3,38,D,0
-12.1209,135.4727,327,1.3,1.1,2014-09-01,0454,Aqua,MODIS,45,6.2,308.7,19.6,D,0
-12.1312,135.4744,329.7,1.3,1.1,2014-09-01,0454,Aqua,MODIS,67,6.2,309.6,22.7,D,0
-13.3912,130.8814,327.5,1,1,2014-09-01,0454,Aqua,MODIS,28,6.2,310.5,7.4,D,0
-13.7413,132.3769,334.5,1,1,2014-09-01,0454,Aqua,MODIS,78,6.2,315.1,17.9,D,0
-12.2466,132.9156,383.7,1,1,2014-09-01,0454,Aqua,MODIS,100,6.2,317.5,156.7,D,0
-12.2375,132.9142,355,1,1,2014-09-01,0454,Aqua,MODIS,97,6.2,311.4,55.7,D,0
-12.2443,134.9495,323.7,1.2,1.1,2014-09-01,0454,Aqua,MODIS,40,6.2,304.9,13,D,0
-13.3927,132.5028,342.3,1,1,2014-09-01,0454,Aqua,MODIS,87,6.2,314.4,31.2,D,0
-13.6543,134.3497,331.5,1.1,1.1,2014-09-01,0454,Aqua,MODIS,74,6.2,317.1,13.5,D,0
-13.4017,132.5042,330.6,1,1,2014-09-01,0454,Aqua,MODIS,69,6.2,312.7,13.7,D,0
-15.4762,133.1658,332.5,1,1,2014-09-01,0454,Aqua,MODIS,43,6.2,316.8,10.3,D,0
-15.4865,133.1579,330.3,1,1,2014-09-01,0454,Aqua,MODIS,44,6.2,314.6,8.6,D,0
-13.9454,136.5735,332.4,1.5,1.2,2014-09-01,0454,Aqua,MODIS,79,6.2,306.5,37.1,D,0
-13.9476,136.5597,325,1.5,1.2,2014-09-01,0454,Aqua,MODIS,67,6.2,304.8,20.6,D,0
-13.5445,131.1009,343.7,1,1,2014-09-01,0454,Aqua,MODIS,89,6.2,307.7,33.4,D,0
-13.5536,131.1022,344.9,1,1,2014-09-01,0454,Aqua,MODIS,90,6.2,309.3,38.2,D,0
-13.5614,131.113,334.7,1,1,2014-09-01,0454,Aqua,MODIS,79,6.2,306.8,21.9,D,0
-12.2661,132.9091,346.3,1,1,2014-09-01,0454,Aqua,MODIS,85,6.2,314.9,36,D,0
-12.2389,132.9049,345.6,1,1,2014-09-01,0454,Aqua,MODIS,90,6.2,313.3,34.2,D,0
-12.2705,136.404,319.5,1.5,1.2,2014-09-01,0454,Aqua,MODIS,13,6.2,289.7,17.8,D,0
-13.835,135.3812,347.2,1.3,1.1,2014-09-01,0454,Aqua,MODIS,92,6.2,312.1,58.2,D,0
-13.8368,135.3696,346.4,1.3,1.1,2014-09-01,0454,Aqua,MODIS,91,6.2,311.9,56.8,D,0
-13.8269,135.3679,323.3,1.3,1.1,2014-09-01,0454,Aqua,MODIS,45,6.2,309.1,10.7,D,0
-13.8187,135.4855,324.1,1.3,1.1,2014-09-01,0454,Aqua,MODIS,50,6.2,310.4,12.2,D,0
-13.8087,135.4838,376.2,1.3,1.1,2014-09-01,0454,Aqua,MODIS,100,6.2,314.6,176.6,D,0
-13.8215,135.4026,325.9,1.3,1.1,2014-09-01,0454,Aqua,MODIS,62,6.2,310.9,14.4,D,0
-13.8115,135.4009,337.8,1.3,1.1,2014-09-01,0454,Aqua,MODIS,83,6.2,311.2,36.5,D,0
-13.421,132.4977,340.8,1,1,2014-09-01,0454,Aqua,MODIS,86,6.2,310.4,28.4,D,0
-12.0952,135.6338,321.1,1.4,1.2,2014-09-01,0454,Aqua,MODIS,31,6.2,304.5,13.5,D,0
-12.1056,135.6355,325.7,1.4,1.2,2014-09-01,0454,Aqua,MODIS,65,6.2,306.7,21.8,D,0
-12.2181,134.7217,332.9,1.2,1.1,2014-09-01,0454,Aqua,MODIS,52,6.2,307.7,24.1,D,0
-12.2165,134.7328,332.2,1.2,1.1,2014-09-01,0454,Aqua,MODIS,55,6.2,310.6,22.9,D,0
-12.1935,134.7518,332,1.2,1.1,2014-09-01,0454,Aqua,MODIS,76,6.2,310.3,21,D,0
-12.2556,132.917,333.5,1,1,2014-09-01,0454,Aqua,MODIS,54,6.2,313.5,16.4,D,0
-13.6527,134.36,349.3,1.1,1.1,2014-09-01,0454,Aqua,MODIS,93,6.2,317.3,49,D,0
-12.2682,136.418,324.3,1.5,1.2,2014-09-01,0454,Aqua,MODIS,65,6.2,291.2,27.5,D,0
-12.2659,136.432,323,1.6,1.2,2014-09-01,0454,Aqua,MODIS,49,6.2,291.5,24,D,0
-15.4825,133.1859,334,1,1,2014-09-01,0454,Aqua,MODIS,66,6.2,316.8,15.1,D,0
-13.4174,130.895,326.9,1,1,2014-09-01,0454,Aqua,MODIS,39,6.2,309.8,8.1,D,0
-13.4337,130.904,333.5,1,1,2014-09-01,0454,Aqua,MODIS,76,6.2,310.7,18,D,0
-13.5641,131.094,354.2,1,1,2014-09-01,0454,Aqua,MODIS,96,6.2,308.8,59.4,D,0
-13.5549,131.0927,342.5,1,1,2014-09-01,0454,Aqua,MODIS,88,6.2,310.4,34.5,D,0
-13.5458,131.0914,337.8,1,1,2014-09-01,0454,Aqua,MODIS,71,6.2,306.5,24.6,D,0
-13.5367,131.0901,334.6,1,1,2014-09-01,0454,Aqua,MODIS,62,6.2,302.6,19.4,D,0
-13.538,131.0806,339.7,1,1,2014-09-01,0454,Aqua,MODIS,82,6.2,302.7,30,D,0
-13.394,132.4936,337.2,1,1,2014-09-01,0454,Aqua,MODIS,82,6.2,313.4,23.6,D,0
-13.3953,132.4844,325.6,1,1,2014-09-01,0454,Aqua,MODIS,40,6.2,312.2,8.1,D,0
-13.8176,135.6924,326.2,1.3,1.1,2014-09-01,0454,Aqua,MODIS,50,6.2,312.8,15.7,D,0
-12.369,135.267,331.9,1.3,1.1,2014-09-01,0454,Aqua,MODIS,57,6.2,312.1,21.2,D,0
-13.8257,135.7005,321.5,1.3,1.1,2014-09-01,0454,Aqua,MODIS,13,6.2,308.4,10.5,D,0
-13.773,135.5139,339.4,1.3,1.1,2014-09-01,0454,Aqua,MODIS,85,6.2,312.9,40,D,0
-13.7749,135.5022,331.7,1.3,1.1,2014-09-01,0454,Aqua,MODIS,76,6.2,311,24.4,D,0
-13.7653,135.5069,335.1,1.3,1.1,2014-09-01,0454,Aqua,MODIS,80,6.2,310.8,32.7,D,0
-12.2865,134.8065,333.9,1.2,1.1,2014-09-01,0454,Aqua,MODIS,67,6.2,304.8,28.6,D,0
-13.8169,135.4972,327.2,1.3,1.1,2014-09-01,0454,Aqua,MODIS,57,6.2,312.5,15.6,D,0
-13.8069,135.4956,335.5,1.3,1.1,2014-09-01,0454,Aqua,MODIS,78,6.2,312.2,29.9,D,0
-14.1307,132.9967,344.7,1,1,2014-09-01,0454,Aqua,MODIS,83,6.2,312.9,34,D,0
-15.3491,135.1841,337.5,1.2,1.1,2014-09-01,0454,Aqua,MODIS,70,6.2,313.6,26.1,D,0
-13.495,131.1227,334.5,1,1,2014-09-01,0454,Aqua,MODIS,79,6.2,308.3,18.9,D,0
-12.3191,135.3196,336.4,1.3,1.1,2014-09-01,0454,Aqua,MODIS,82,6.2,311.8,32.7,D,0
-12.3223,135.3145,327.4,1.3,1.1,2014-09-01,0454,Aqua,MODIS,69,6.2,311.7,17.3,D,0
-12.3917,133.8539,327,1.1,1,2014-09-01,0454,Aqua,MODIS,65,6.2,309.6,13.4,D,0
-12.1746,134.6136,339.5,1.2,1.1,2014-09-01,0454,Aqua,MODIS,85,6.2,304,41.5,D,0
-12.764,135.8928,355.1,1.4,1.2,2014-09-01,0454,Aqua,MODIS,97,6.2,306.1,100.5,D,0
-12.7451,135.8764,324.6,1.4,1.2,2014-09-01,0454,Aqua,MODIS,56,6.2,299.5,19.2,D,0
-12.5354,131.4809,338.9,1,1,2014-09-01,0454,Aqua,MODIS,75,6.2,311.1,25.2,D,0
-12.4789,134.0188,335.3,1.1,1.1,2014-09-01,0454,Aqua,MODIS,70,6.2,313.3,21.7,D,0
-13.0513,134.299,328.9,1.1,1.1,2014-09-01,0454,Aqua,MODIS,40,6.2,311.9,12.7,D,0
-12.5154,135.575,341.4,1.3,1.1,2014-09-01,0454,Aqua,MODIS,88,6.2,311.2,47.1,D,0
-12.5737,134.0604,347,1.1,1.1,2014-09-01,0454,Aqua,MODIS,91,6.2,312.7,46.2,D,0
-15.4576,135.6717,329.3,1.2,1.1,2014-09-01,0454,Aqua,MODIS,53,6.2,315.5,12.1,D,0
-14.6305,134.9376,372.9,1.2,1.1,2014-09-01,0454,Aqua,MODIS,100,6.2,314.5,138.7,D,0
-13.3407,135.203,358.5,1.2,1.1,2014-09-01,0454,Aqua,MODIS,99,6.2,313.6,87.7,D,0
-14.9478,134.8028,333.4,1.1,1.1,2014-09-01,0454,Aqua,MODIS,33,6.2,316.9,16.5,D,0
-12.7556,135.8782,351,1.4,1.2,2014-09-01,0454,Aqua,MODIS,95,6.2,300.6,87.4,D,0
-14.285,133.6962,339.7,1,1,2014-09-01,0454,Aqua,MODIS,84,6.2,316.2,25.9,D,0
-12.7536,135.891,348.4,1.4,1.2,2014-09-01,0454,Aqua,MODIS,93,6.2,303.9,76.5,D,0
-13.3321,135.2595,325.1,1.3,1.1,2014-09-01,0454,Aqua,MODIS,32,6.2,310.7,9.7,D,0
-13.3136,134.1654,325.2,1.1,1,2014-09-01,0454,Aqua,MODIS,40,6.2,309.7,8.6,D,0
-14.6289,134.9483,372.6,1.2,1.1,2014-09-01,0454,Aqua,MODIS,100,6.2,317.2,135.3,D,0
-12.4896,134.8929,365.7,1.2,1.1,2014-09-01,0454,Aqua,MODIS,100,6.2,309.1,118.3,D,0
-14.6006,135.3255,336.6,1.2,1.1,2014-09-01,0454,Aqua,MODIS,81,6.2,311.9,30.3,D,0
-13.1829,135.1716,330.4,1.2,1.1,2014-09-01,0454,Aqua,MODIS,75,6.2,313.5,15.1,D,0
-12.471,134.0072,364.1,1.1,1.1,2014-09-01,0454,Aqua,MODIS,100,6.2,316.1,97.7,D,0
-14.9557,134.8148,340.6,1.1,1.1,2014-09-01,0454,Aqua,MODIS,75,6.2,314.6,30.4,D,0
-12.2477,134.1373,349.8,1.1,1.1,2014-09-01,0454,Aqua,MODIS,93,6.2,315.1,54.1,D,0
-14.6352,134.9713,331,1.2,1.1,2014-09-01,0454,Aqua,MODIS,44,6.2,313,16,D,0
-12.4345,133.9531,327.3,1.1,1,2014-09-01,0454,Aqua,MODIS,66,6.2,311.1,12.7,D,0
-12.5459,134.2451,328.6,1.1,1.1,2014-09-01,0454,Aqua,MODIS,70,6.2,312,11.7,D,0
-13.3518,135.2697,325.3,1.3,1.1,2014-09-01,0454,Aqua,MODIS,53,6.2,309.6,10,D,0
-12.3164,134.6757,332.7,1.2,1.1,2014-09-01,0454,Aqua,MODIS,62,6.2,311.1,23.8,D,0
-12.3474,134.6875,332.4,1.2,1.1,2014-09-01,0454,Aqua,MODIS,42,6.2,308.1,20.8,D,0
-12.3454,133.2456,337.1,1,1,2014-09-01,0454,Aqua,MODIS,82,6.2,306.2,27.5,D,0
-12.4913,134.8816,328.3,1.2,1.1,2014-09-01,0454,Aqua,MODIS,65,6.2,305.5,16,D,0
-13.3295,134.1642,334.9,1.1,1,2014-09-01,0454,Aqua,MODIS,80,6.2,311.2,21.1,D,0
-13.3217,134.215,331,1.1,1.1,2014-09-01,0454,Aqua,MODIS,74,6.2,312.5,16.4,D,0
-12.5162,131.4911,329.8,1,1,2014-09-01,0454,Aqua,MODIS,47,6.2,311.2,11.2,D,0
-12.5612,134.0792,326.6,1.1,1.1,2014-09-01,0454,Aqua,MODIS,17,6.2,312.4,8.9,D,0
-15.4558,135.6832,326.5,1.2,1.1,2014-09-01,0454,Aqua,MODIS,37,6.2,312.7,8.8,D,0
-12.4725,133.9972,351.5,1.1,1,2014-09-01,0454,Aqua,MODIS,95,6.2,311.6,59.6,D,0
-12.3491,134.5252,348.9,1.2,1.1,2014-09-01,0454,Aqua,MODIS,93,6.2,309.9,55.6,D,0
-12.0342,136.4319,324.4,1.6,1.2,2014-09-01,0454,Aqua,MODIS,67,6.2,302.2,24.4,D,0
-14.6272,134.959,344,1.2,1.1,2014-09-01,0454,Aqua,MODIS,89,6.2,316.9,40.9,D,0
-12.4242,134.4456,339.6,1.2,1.1,2014-09-01,0454,Aqua,MODIS,81,6.2,313.4,29.1,D,0
-12.3639,133.813,340.1,1.1,1,2014-09-01,0454,Aqua,MODIS,85,6.2,310.1,33.7,D,0
-12.3682,133.8196,328.1,1.1,1,2014-09-01,0454,Aqua,MODIS,40,6.2,308.7,13.2,D,0
-12.3628,134.5232,333.1,1.2,1.1,2014-09-01,0454,Aqua,MODIS,78,6.2,311.4,21.8,D,0
-12.779,135.9348,327.2,1.4,1.2,2014-09-01,0454,Aqua,MODIS,58,6.2,305.9,21.4,D,0
-13.3215,134.1771,334.4,1.1,1,2014-09-01,0454,Aqua,MODIS,79,6.2,310.3,22.2,D,0
-12.4695,134.0173,333,1.1,1.1,2014-09-01,0454,Aqua,MODIS,71,6.2,313.8,20.2,D,0
-12.5085,131.4805,349,1,1,2014-09-01,0454,Aqua,MODIS,93,6.2,310.9,42.5,D,0
-14.9304,134.7893,334.7,1.1,1.1,2014-09-01,0454,Aqua,MODIS,59,6.2,313.2,19.8,D,0
-12.4258,134.4351,341.4,1.2,1.1,2014-09-01,0454,Aqua,MODIS,84,6.2,312.6,33,D,0
-12.6696,136.2137,320.5,1.5,1.2,2014-09-01,0454,Aqua,MODIS,49,6.2,295.5,18.4,D,0
-14.5665,135.2855,326.6,1.2,1.1,2014-09-01,0454,Aqua,MODIS,60,6.2,313.8,11.6,D,0
-14.5988,135.3368,330.1,1.2,1.1,2014-09-01,0454,Aqua,MODIS,72,6.2,311.6,18.3,D,0
-12.4804,134.0087,341,1.1,1.1,2014-09-01,0454,Aqua,MODIS,86,6.2,314,34.4,D,0
-12.2462,134.4702,330.2,1.2,1.1,2014-09-01,0454,Aqua,MODIS,50,6.2,313.3,16.3,D,0
-14.9336,134.7684,348.4,1.1,1.1,2014-09-01,0454,Aqua,MODIS,92,6.2,313.5,48.6,D,0
-12.4162,134.4335,333.2,1.2,1.1,2014-09-01,0454,Aqua,MODIS,78,6.2,313.4,19.5,D,0
-14.9383,134.8013,338.5,1.1,1.1,2014-09-01,0454,Aqua,MODIS,73,6.2,315.8,26.9,D,0
-13.323,134.1669,330.6,1.1,1,2014-09-01,0454,Aqua,MODIS,73,6.2,312.7,16.1,D,0
-12.284,136.7478,321.2,1.6,1.3,2014-09-01,0454,Aqua,MODIS,48,6.2,295.7,22.4,D,0
-12.3666,135.7368,329.7,1.4,1.2,2014-09-01,0454,Aqua,MODIS,74,6.2,309,23.1,D,0
-13.3279,135.1544,375.6,1.2,1.1,2014-09-01,0454,Aqua,MODIS,100,6.2,315.1,166.3,D,0
-13.3378,135.1561,384.3,1.2,1.1,2014-09-01,0454,Aqua,MODIS,100,6.2,316,214.9,D,0
-12.7851,135.9281,328.1,1.4,1.2,2014-09-01,0454,Aqua,MODIS,44,6.2,303.5,22.5,D,0
-12.1826,134.6261,335.5,1.2,1.1,2014-09-01,0454,Aqua,MODIS,81,6.2,306.3,32.9,D,0
-14.2864,133.6866,328.5,1,1,2014-09-01,0454,Aqua,MODIS,60,6.2,314.2,9.6,D,0
-12.3229,134.6992,326.6,1.2,1.1,2014-09-01,0454,Aqua,MODIS,45,6.2,308.9,14.1,D,0
-12.3148,134.6867,330.4,1.2,1.1,2014-09-01,0454,Aqua,MODIS,60,6.2,309.6,20.4,D,0
-12.3262,134.6772,334.4,1.2,1.1,2014-09-01,0454,Aqua,MODIS,66,6.2,308.8,25.7,D,0
-12.3245,134.6882,340.5,1.2,1.1,2014-09-01,0454,Aqua,MODIS,86,6.2,310.2,39.3,D,0
-12.2556,134.1491,354.3,1.1,1.1,2014-09-01,0454,Aqua,MODIS,96,6.2,314,66.5,D,0
-12.5767,134.04,325.7,1.1,1.1,2014-09-01,0454,Aqua,MODIS,53,6.2,311,9.2,D,0
-12.2589,134.192,330.8,1.1,1.1,2014-09-01,0454,Aqua,MODIS,69,6.2,314.6,16.8,D,0
-14.2836,133.7058,342.1,1,1,2014-09-01,0454,Aqua,MODIS,87,6.2,317.6,29.2,D,0
-13.1436,135.2878,328.2,1.3,1.1,2014-09-01,0454,Aqua,MODIS,47,6.2,312.8,14.2,D,0
-13.1418,135.2993,335.4,1.3,1.1,2014-09-01,0454,Aqua,MODIS,79,6.2,310.7,29.2,D,0
-13.1254,135.2729,344.3,1.3,1.1,2014-09-01,0454,Aqua,MODIS,90,6.2,313.8,48.2,D,0
-12.3507,134.5145,342.6,1.2,1.1,2014-09-01,0454,Aqua,MODIS,88,6.2,312.9,39.5,D,0
-12.3532,134.5216,352.9,1.2,1.1,2014-09-01,0454,Aqua,MODIS,95,6.2,312.5,66.7,D,0
-12.2651,134.1506,336.7,1.1,1.1,2014-09-01,0454,Aqua,MODIS,73,6.2,316,25.9,D,0
-12.484,131.4581,338.9,1,1,2014-09-01,0454,Aqua,MODIS,85,6.2,314.5,26.2,D,0
-15.2952,135.0041,327.3,1.1,1.1,2014-09-01,0454,Aqua,MODIS,39,6.2,315.2,8.6,D,0
-12.2604,134.1816,334.1,1.1,1.1,2014-09-01,0454,Aqua,MODIS,79,6.2,313.3,22.4,D,0
-12.2543,134.9511,367.6,1.2,1.1,2014-09-01,0454,Aqua,MODIS,100,6.2,310.9,131.9,D,0
-13.3154,134.2178,324.8,1.1,1.1,2014-09-01,0454,Aqua,MODIS,58,6.2,311.1,8.8,D,0
-12.3636,134.7124,325.8,1.2,1.1,2014-09-01,0454,Aqua,MODIS,36,6.2,306.2,13.1,D,0
-12.4444,134.055,329.4,1.1,1.1,2014-09-01,0454,Aqua,MODIS,59,6.2,312.8,13.7,D,0
-14.9462,134.8133,340.5,1.1,1.1,2014-09-01,0454,Aqua,MODIS,82,6.2,314,31.6,D,0
-12.5251,131.4887,349.2,1,1,2014-09-01,0454,Aqua,MODIS,93,6.2,312.6,44,D,0
-12.1729,134.6245,346.8,1.2,1.1,2014-09-01,0454,Aqua,MODIS,91,6.2,305.7,57.8,D,0
-13.3452,134.1875,337.9,1.1,1,2014-09-01,0454,Aqua,MODIS,83,6.2,313.4,26.3,D,0
-12.3538,134.4277,328.3,1.2,1.1,2014-09-01,0454,Aqua,MODIS,70,6.2,313.8,11.4,D,0
-13.3325,135.1901,331,1.2,1.1,2014-09-01,0454,Aqua,MODIS,50,6.2,308.5,18.2,D,0
-12.3522,134.4383,327.9,1.2,1.1,2014-09-01,0454,Aqua,MODIS,62,6.2,311.2,11.5,D,0
-14.932,134.7788,347.7,1.1,1.1,2014-09-01,0454,Aqua,MODIS,92,6.2,315.2,46.1,D,0
-12.0365,136.4175,325.2,1.6,1.2,2014-09-01,0454,Aqua,MODIS,69,6.2,302.4,24.8,D,0
-12.5454,136.2694,321.5,1.5,1.2,2014-09-01,0454,Aqua,MODIS,51,6.2,293.9,19.2,D,0
-14.2793,133.7346,332.8,1,1,2014-09-01,0454,Aqua,MODIS,24,6.2,316.8,12.9,D,0
-12.3654,133.803,329.2,1.1,1,2014-09-01,0454,Aqua,MODIS,69,6.2,310.2,14.6,D,0
-12.5175,131.4818,331.5,1,1,2014-09-01,0454,Aqua,MODIS,47,6.2,312.4,13.1,D,0
-13.3296,135.1432,335.6,1.2,1.1,2014-09-01,0454,Aqua,MODIS,81,6.2,305.9,33.1,D,0
-13.3308,135.2014,331.4,1.2,1.1,2014-09-01,0454,Aqua,MODIS,35,6.2,309.1,18.3,D,0
-15.3907,135.515,333,1.2,1.1,2014-09-01,0454,Aqua,MODIS,69,6.2,315.5,18.1,D,0
-13.3395,135.1448,333.2,1.2,1.1,2014-09-01,0454,Aqua,MODIS,79,6.2,307.7,27.9,D,0
-12.7489,131.9252,327.8,1,1,2014-09-01,0454,Aqua,MODIS,59,6.2,309.8,7.6,D,0
-12.7725,135.9073,329.4,1.4,1.2,2014-09-01,0454,Aqua,MODIS,57,6.2,305.5,25.2,D,0
-12.7745,135.8945,328.5,1.4,1.2,2014-09-01,0454,Aqua,MODIS,51,6.2,302.3,24.9,D,0
-11.918,133.7119,332.3,1.1,1,2014-09-01,0455,Aqua,MODIS,59,6.2,306.9,19.9,D,0
-11.9102,133.7004,332,1.1,1,2014-09-01,0455,Aqua,MODIS,68,6.2,309.2,18.2,D,0
-12.1362,133.1621,333.8,1,1,2014-09-01,0455,Aqua,MODIS,76,6.2,317.6,12.4,D,0
-11.9251,133.7094,325.3,1.1,1,2014-09-01,0455,Aqua,MODIS,9,6.2,307.2,10.3,D,0
-11.8278,133.1936,340.5,1,1,2014-09-01,0455,Aqua,MODIS,85,6.2,314,26.7,D,0
-12.026,134.0936,333.6,1.1,1.1,2014-09-01,0455,Aqua,MODIS,65,6.2,314.6,17.2,D,0
-11.9008,133.699,327.8,1.1,1,2014-09-01,0455,Aqua,MODIS,50,6.2,308.6,12.6,D,0
-12.1339,133.496,351.2,1.1,1,2014-09-01,0455,Aqua,MODIS,71,6.2,317.5,53.9,D,0
-12.0848,133.6997,339.8,1.1,1,2014-09-01,0455,Aqua,MODIS,83,6.2,311.5,28.1,D,0
-11.8293,133.184,351.6,1,1,2014-09-01,0455,Aqua,MODIS,94,6.2,317.1,49.4,D,0
-11.791,133.1325,350.9,1,1,2014-09-01,0455,Aqua,MODIS,94,6.2,317,47.2,D,0
-11.9087,133.7104,333.5,1.1,1,2014-09-01,0455,Aqua,MODIS,68,6.2,306,21.2,D,0
-11.6581,130.3309,348.6,1.1,1,2014-09-01,0455,Aqua,MODIS,93,6.2,312.9,46.5,D,0
-11.419,130.3233,341,1.1,1,2014-09-01,0455,Aqua,MODIS,88,6.2,306.9,36.5,D,0
-11.4177,130.333,346.3,1.1,1,2014-09-01,0455,Aqua,MODIS,92,6.2,304.3,46.1,D,0
-11.4336,130.2172,332.8,1.1,1,2014-09-01,0455,Aqua,MODIS,77,6.2,307.8,23.9,D,0
-11.5759,130.3329,362.9,1.1,1,2014-09-01,0455,Aqua,MODIS,100,6.2,306.6,87,D,0
-11.5843,130.3201,369.2,1.1,1,2014-09-01,0455,Aqua,MODIS,100,6.2,297.7,108,D,0
-11.583,130.3297,468.3,1.1,1,2014-09-01,0455,Aqua,MODIS,100,6.2,321.5,1048.8,D,0
-11.4282,130.3247,346.3,1.1,1,2014-09-01,0455,Aqua,MODIS,92,6.2,306.8,46.5,D,0
-11.4269,130.3343,362.6,1.1,1,2014-09-01,0455,Aqua,MODIS,100,6.2,305,87.3,D,0
-11.5922,130.3311,351.4,1.1,1,2014-09-01,0455,Aqua,MODIS,95,6.2,306.3,56.9,D,0
-11.5817,130.3394,350.9,1.1,1,2014-09-01,0455,Aqua,MODIS,89,6.2,303.3,58.1,D,0
-11.9964,133.6799,344.5,1.1,1,2014-09-01,0455,Aqua,MODIS,84,6.2,310.8,37.7,D,0
-11.9807,133.6572,346.6,1.1,1,2014-09-01,0455,Aqua,MODIS,90,6.2,309.8,43,D,0
-11.9885,133.6685,344.5,1.1,1,2014-09-01,0455,Aqua,MODIS,88,6.2,311.7,37,D,0
-11.3209,132.3177,342.9,1,1,2014-09-01,0455,Aqua,MODIS,89,6.2,312.1,32.2,D,0
-12.4643,131.2034,339.1,1,1,2014-09-01,0455,Aqua,MODIS,65,6.2,312.6,28.2,D,0
-12.2101,132.218,323.8,1,1,2014-09-01,0455,Aqua,MODIS,27,6.2,307.3,8.1,D,0
-11.9269,132.775,343.9,1,1,2014-09-01,0455,Aqua,MODIS,88,6.2,312.4,36.1,D,0
-11.3962,130.8877,327.8,1,1,2014-09-01,0455,Aqua,MODIS,57,6.2,310.9,12.7,D,0
-11.6322,130.7123,324.8,1,1,2014-09-01,0455,Aqua,MODIS,44,6.2,312.4,8.8,D,0
-12.1325,133.5058,334.9,1.1,1,2014-09-01,0455,Aqua,MODIS,58,6.2,312.2,21.9,D,0
-12.463,131.2127,324,1,1,2014-09-01,0455,Aqua,MODIS,37,6.2,310.8,7.1,D,0
-12.4726,131.211,328.1,1,1,2014-09-01,0455,Aqua,MODIS,42,6.2,311.4,11.5,D,0
-11.9863,132.8663,342.1,1,1,2014-09-01,0455,Aqua,MODIS,77,6.2,314.4,27,D,0
-11.3026,132.0663,331.5,1,1,2014-09-01,0455,Aqua,MODIS,45,6.2,312,14,D,0
-11.3252,132.4783,329.4,1,1,2014-09-01,0455,Aqua,MODIS,52,6.2,303,16.2,D,0
-11.3128,132.3728,329.4,1,1,2014-09-01,0455,Aqua,MODIS,39,6.2,306.4,12.8,D,0
-11.7811,133.0727,330.9,1,1,2014-09-01,0455,Aqua,MODIS,70,6.2,315.1,14.4,D,0
-11.9877,132.8569,375.7,1,1,2014-09-01,0455,Aqua,MODIS,100,6.2,314.4,120.9,D,0
-11.2537,132.0869,335.4,1,1,2014-09-01,0455,Aqua,MODIS,62,6.2,310.4,21.3,D,0
-11.7762,133.0428,333.2,1,1,2014-09-01,0455,Aqua,MODIS,58,6.2,314.2,14.6,D,0
-12.0802,132.8586,343.6,1,1,2014-09-01,0455,Aqua,MODIS,72,6.2,313.3,33.7,D,0
-11.7853,133.0442,335.2,1,1,2014-09-01,0455,Aqua,MODIS,59,6.2,314.6,17.7,D,0
-11.3102,132.3912,333,1,1,2014-09-01,0455,Aqua,MODIS,69,6.2,303.7,18.8,D,0
-11.9423,132.7964,329.4,1,1,2014-09-01,0455,Aqua,MODIS,44,6.2,308.9,12.5,D,0
-11.3008,132.4557,335.7,1,1,2014-09-01,0455,Aqua,MODIS,82,6.2,301.5,24.6,D,0
-12.0009,132.8303,342.4,1,1,2014-09-01,0455,Aqua,MODIS,62,6.2,314.2,31,D,0
-11.2881,132.4161,330,1,1,2014-09-01,0455,Aqua,MODIS,54,6.2,301.4,15.8,D,0
-11.9995,132.8396,337.9,1,1,2014-09-01,0455,Aqua,MODIS,40,6.2,313.8,22.8,D,0
-11.3672,132.3153,330.3,1,1,2014-09-01,0455,Aqua,MODIS,58,6.2,310.8,10,D,0
-11.9178,132.7736,330.8,1,1,2014-09-01,0455,Aqua,MODIS,58,6.2,309.8,15.7,D,0
-11.3034,132.4373,343.1,1,1,2014-09-01,0455,Aqua,MODIS,89,6.2,303,35,D,0
-11.9751,132.8168,340.4,1,1,2014-09-01,0455,Aqua,MODIS,70,6.2,314.3,25.1,D,0
-11.9764,132.8074,355.4,1,1,2014-09-01,0455,Aqua,MODIS,97,6.2,317.3,57.1,D,0
-11.9954,132.8677,347.9,1,1,2014-09-01,0455,Aqua,MODIS,90,6.2,315.2,42.3,D,0
-11.3813,132.3456,330.2,1,1,2014-09-01,0455,Aqua,MODIS,47,6.2,308.1,10,D,0
-11.2867,132.4253,337.8,1,1,2014-09-01,0455,Aqua,MODIS,74,6.2,306,26.3,D,0
-11.2944,132.4359,331.1,1,1,2014-09-01,0455,Aqua,MODIS,70,6.2,302.7,17.5,D,0
-11.9786,132.8555,334.5,1,1,2014-09-01,0455,Aqua,MODIS,61,6.2,314.3,13.2,D,0
-11.7579,133.04,338.5,1,1,2014-09-01,0455,Aqua,MODIS,63,6.2,315.8,22.5,D,0
-11.9968,132.8583,355.6,1,1,2014-09-01,0455,Aqua,MODIS,97,6.2,313.6,59.8,D,0
-11.9982,132.849,339.1,1,1,2014-09-01,0455,Aqua,MODIS,61,6.2,311.6,25.4,D,0
-11.5095,132.6038,326.1,1,1,2014-09-01,0455,Aqua,MODIS,56,6.2,309.4,10.7,D,0
-34.6422,118.6486,301.6,1.7,1.3,2014-09-01,0627,Aqua,MODIS,48,6.2,289.7,10,D,0
-34.7168,118.0281,307,1.5,1.2,2014-09-01,0627,Aqua,MODIS,65,6.2,288.8,15.4,D,0
-21.2208,120.077,321.4,4.2,1.9,2014-09-01,0630,Aqua,MODIS,42,6.2,309.1,57.8,D,0
-21.2325,120.0455,321.5,4.2,1.9,2014-09-01,0630,Aqua,MODIS,36,6.2,309.6,50.6,D,0
-22.0885,119.6669,335.6,3.8,1.8,2014-09-01,0630,Aqua,MODIS,82,6.2,311.3,167.7,D,0
-22.0976,119.6613,325.1,3.8,1.8,2014-09-01,0630,Aqua,MODIS,64,6.2,310,72.3,D,0
-22.1046,119.6709,322.1,3.8,1.8,2014-09-01,0630,Aqua,MODIS,50,6.2,308.4,55.6,D,0
-21.8646,118.8343,352.2,3.3,1.7,2014-09-01,0630,Aqua,MODIS,95,6.2,312.4,307.3,D,0
-21.871,118.8024,328.2,3.3,1.7,2014-09-01,0630,Aqua,MODIS,70,6.2,311.8,72.7,D,0
-21.8604,118.8411,338.2,3.3,1.7,2014-09-01,0630,Aqua,MODIS,71,6.2,312.4,143.3,D,0
-21.8824,118.8127,327.2,3.3,1.7,2014-09-01,0630,Aqua,MODIS,48,6.2,310.4,63.3,D,0
-21.8757,118.8446,326.7,3.3,1.7,2014-09-01,0630,Aqua,MODIS,47,6.2,309.2,60.2,D,0
-22.0815,119.6574,331.7,3.8,1.8,2014-09-01,0630,Aqua,MODIS,77,6.2,310.9,127.9,D,0
-21.6792,118.6798,333.7,3.3,1.7,2014-09-01,0630,Aqua,MODIS,79,6.2,312.4,108.3,D,0
-21.6695,118.6721,332.9,3.3,1.7,2014-09-01,0630,Aqua,MODIS,78,6.2,313.8,100.6,D,0
-21.329,118.5074,324.5,3.2,1.7,2014-09-01,0630,Aqua,MODIS,57,6.2,313.1,44.7,D,0
-21.3128,118.5311,323.7,3.3,1.7,2014-09-01,0630,Aqua,MODIS,39,6.2,312.5,35.7,D,0
-21.7716,119.0501,324,3.5,1.8,2014-09-01,0630,Aqua,MODIS,59,6.2,311.1,55.3,D,0
-21.8492,118.8307,328.5,3.3,1.7,2014-09-01,0630,Aqua,MODIS,71,6.2,312.4,74.7,D,0
-21.0723,119.6598,326.9,4,1.9,2014-09-01,0630,Aqua,MODIS,68,6.2,305,95.9,D,0
-21.0559,119.6555,343.1,4,1.9,2014-09-01,0630,Aqua,MODIS,89,6.2,307.2,268.8,D,0
-21.064,119.6175,327.8,3.9,1.8,2014-09-01,0630,Aqua,MODIS,64,6.2,304.8,102.7,D,0
-21.0475,119.6139,342.5,3.9,1.8,2014-09-01,0630,Aqua,MODIS,88,6.2,308.3,253.7,D,0
-21.0692,119.6542,349.2,4,1.9,2014-09-01,0630,Aqua,MODIS,93,6.2,306.1,355.5,D,0
-21.0606,119.6122,337.5,3.9,1.8,2014-09-01,0630,Aqua,MODIS,83,6.2,305.8,194,D,0
-21.0441,119.6084,335.2,3.9,1.8,2014-09-01,0630,Aqua,MODIS,78,6.2,308.5,163.6,D,0
-26.779,152.6032,302.8,1,1,2014-09-01,1237,Terra,MODIS,52,6.2,287.3,6.2,N,0
-26.7804,152.5932,301.8,1,1,2014-09-01,1237,Terra,MODIS,44,6.2,288.3,5.6,N,0
-27.4466,153.5094,304.1,1,1,2014-09-01,1237,Terra,MODIS,59,6.2,289.3,6.8,N,0
-26.609,151.4653,306.5,1,1,2014-09-01,1237,Terra,MODIS,68,6.2,283.5,10.9,N,0
-25.9298,150.9243,300.2,1,1,2014-09-01,1237,Terra,MODIS,23,6.2,285.4,6,N,0
-23.9205,149.2517,312.3,1.1,1.1,2014-09-01,1238,Terra,MODIS,70,6.2,288.9,13.9,N,0
-24.7998,151.4015,312.2,1,1,2014-09-01,1238,Terra,MODIS,84,6.2,286.8,12.4,N,0
-24.8026,151.3817,313.1,1,1,2014-09-01,1238,Terra,MODIS,86,6.2,286.4,12.7,N,0
-25.1111,152.5591,311.3,1,1,2014-09-01,1238,Terra,MODIS,82,6.2,289.1,12.6,N,0
-23.14,148.0069,301,1.3,1.1,2014-09-01,1238,Terra,MODIS,36,6.2,286.6,9.2,N,0
-24.813,151.3733,308.2,1,1,2014-09-01,1238,Terra,MODIS,74,6.2,286.8,10.1,N,0
-24.8012,151.3916,314.4,1,1,2014-09-01,1238,Terra,MODIS,75,6.2,286.7,13.2,N,0
-23.4206,149.8006,304.3,1.1,1,2014-09-01,1238,Terra,MODIS,59,6.2,287.4,8,N,0
-23.422,149.7902,328.8,1.1,1,2014-09-01,1238,Terra,MODIS,100,6.2,289.6,32.2,N,0
-23.4313,149.7916,310.2,1.1,1,2014-09-01,1238,Terra,MODIS,80,6.2,286.6,12.3,N,0
-24.8116,151.3832,324.1,1,1,2014-09-01,1238,Terra,MODIS,100,6.2,287.9,23.4,N,0
-24.8102,151.3931,323.5,1,1,2014-09-01,1238,Terra,MODIS,97,6.2,288.1,21.6,N,0
-24.8088,151.403,313,1,1,2014-09-01,1238,Terra,MODIS,86,6.2,287.3,13,N,0
-24.8325,151.3626,305.7,1,1,2014-09-01,1238,Terra,MODIS,40,6.2,285.7,7.6,N,0
-24.224,149.407,303.9,1.1,1.1,2014-09-01,1238,Terra,MODIS,26,6.2,287.6,7.7,N,0
-24.205,149.404,304.9,1.1,1.1,2014-09-01,1238,Terra,MODIS,29,6.2,285.7,8.2,N,0
-23.9081,149.2729,313,1.1,1.1,2014-09-01,1238,Terra,MODIS,46,6.2,288.8,13.3,N,0
-23.9035,149.2777,310.9,1.1,1.1,2014-09-01,1238,Terra,MODIS,51,6.2,288.6,12.7,N,0
-23.894,149.2763,303.8,1.1,1.1,2014-09-01,1238,Terra,MODIS,17,6.2,287.6,7.4,N,0
-23.8844,149.2749,305.5,1.1,1.1,2014-09-01,1238,Terra,MODIS,29,6.2,287.8,8.4,N,0
-18.4427,146.2994,302,1.4,1.2,2014-09-01,1240,Terra,MODIS,27,6.2,287.4,8.8,N,0
-15.5874,145.2682,302.4,1.5,1.2,2014-09-01,1240,Terra,MODIS,49,6.2,292.2,7.8,N,0
-15.562,145.0993,302.9,1.6,1.2,2014-09-01,1240,Terra,MODIS,43,6.2,290.6,9.9,N,0
-12.6418,142.0485,300.9,2.4,1.5,2014-09-01,1241,Terra,MODIS,35,6.2,290.6,13,N,0
-14.8989,144.9274,302.5,1.6,1.2,2014-09-01,1241,Terra,MODIS,21,6.2,290.5,8.7,N,0
-14.8914,144.8966,301.7,1.6,1.2,2014-09-01,1241,Terra,MODIS,15,6.2,290.7,8.1,N,0
-14.9007,144.9129,310.4,1.6,1.2,2014-09-01,1241,Terra,MODIS,80,6.2,290.7,18.8,N,0
-23.6316,124.7655,310.2,1.1,1,2014-09-01,1417,Terra,MODIS,79,6.2,290.9,11.8,N,0
-21.2477,120.0923,333.5,2,1.4,2014-09-01,1418,Terra,MODIS,100,6.2,292.8,92.8,N,0
-21.2498,120.0733,312.9,2,1.4,2014-09-01,1418,Terra,MODIS,86,6.2,289.3,33.7,N,0
-21.2374,120.0718,308.9,2,1.4,2014-09-01,1418,Terra,MODIS,76,6.2,289.2,27.4,N,0
-16.9597,135.214,311.9,3.8,1.8,2014-09-01,1418,Terra,MODIS,72,6.2,292.4,74.1,N,0
-16.9435,135.2104,317.8,3.8,1.8,2014-09-01,1418,Terra,MODIS,47,6.2,291.6,100.9,N,0
-16.9506,135.175,321,3.8,1.8,2014-09-01,1418,Terra,MODIS,55,6.2,292.4,117.8,N,0
-16.9542,135.2059,317.9,3.8,1.8,2014-09-01,1418,Terra,MODIS,77,6.2,292.7,105,N,0
-16.938,135.2023,318.5,3.8,1.8,2014-09-01,1418,Terra,MODIS,59,6.2,291.7,106.7,N,0
-16.8899,135.1501,301.9,3.8,1.8,2014-09-01,1418,Terra,MODIS,9,6.2,291.1,32.3,N,0
-16.9193,135.1248,324.6,3.8,1.8,2014-09-01,1418,Terra,MODIS,81,6.2,293.1,144,N,0
-16.8967,135.1147,304.4,3.8,1.8,2014-09-01,1418,Terra,MODIS,36,6.2,290.6,40.9,N,0
-16.9128,135.1183,315.7,3.8,1.8,2014-09-01,1418,Terra,MODIS,23,6.2,291.8,86.1,N,0
-16.9705,135.2094,307.1,3.8,1.8,2014-09-01,1418,Terra,MODIS,70,6.2,292,54.9,N,0
-16.976,135.2174,301.8,3.8,1.8,2014-09-01,1418,Terra,MODIS,30,6.2,291.6,32.8,N,0
-21.3206,118.5194,306.1,2.6,1.5,2014-09-01,1418,Terra,MODIS,67,6.2,288.4,33.4,N,0
-21.0355,119.6522,334.1,2.1,1.4,2014-09-01,1418,Terra,MODIS,100,6.2,292.8,99.5,N,0
-21.0377,119.6321,321.9,2.1,1.4,2014-09-01,1418,Terra,MODIS,100,6.2,292.3,56.5,N,0
-21.0714,119.6828,316.7,2.1,1.4,2014-09-01,1418,Terra,MODIS,94,6.2,295,41.4,N,0
-21.0735,119.6625,312.5,2.1,1.4,2014-09-01,1418,Terra,MODIS,85,6.2,292.9,30.9,N,0
-21.0481,119.6595,314.3,2.1,1.4,2014-09-01,1418,Terra,MODIS,89,6.2,293.5,35,N,0
-21.0501,119.6395,326.7,2.1,1.4,2014-09-01,1418,Terra,MODIS,100,6.2,295,71.7,N,0
-21.0715,119.6774,323.6,2.1,1.4,2014-09-01,1418,Terra,MODIS,100,6.2,295.3,60.9,N,0
-21.0482,119.654,326.8,2.1,1.4,2014-09-01,1418,Terra,MODIS,100,6.2,294.8,71.4,N,0
-21.0504,119.634,317.5,2.1,1.4,2014-09-01,1418,Terra,MODIS,95,6.2,293.6,43.8,N,0
-19.1096,122.2749,303.3,1.3,1.1,2014-09-01,1418,Terra,MODIS,54,6.2,289.1,9.6,N,0
-19.0079,122.3547,316.9,1.3,1.1,2014-09-01,1418,Terra,MODIS,94,6.2,291.1,23.1,N,0
-19.0094,122.3424,312.6,1.3,1.1,2014-09-01,1418,Terra,MODIS,85,6.2,290.1,18.1,N,0
-19.1119,122.1736,300.4,1.3,1.1,2014-09-01,1418,Terra,MODIS,12,6.2,288.1,7.1,N,0
-19.0954,122.2223,338.9,1.3,1.1,2014-09-01,1418,Terra,MODIS,100,6.2,290.8,61.6,N,0
-19.0938,122.2348,358.8,1.3,1.1,2014-09-01,1418,Terra,MODIS,100,6.2,292.8,124.3,N,0
-19.1088,122.1987,313.7,1.3,1.1,2014-09-01,1418,Terra,MODIS,36,6.2,289.3,18.3,N,0
-19.1056,122.2237,349.6,1.3,1.1,2014-09-01,1418,Terra,MODIS,100,6.2,293.3,91.4,N,0
-19.1041,122.2362,384.3,1.3,1.1,2014-09-01,1418,Terra,MODIS,100,6.2,299.5,256.3,N,0
-19.1025,122.2486,367.8,1.3,1.1,2014-09-01,1418,Terra,MODIS,100,6.2,294.7,162.6,N,0
-19.1009,122.2611,370.3,1.3,1.1,2014-09-01,1418,Terra,MODIS,100,6.2,294.2,174.8,N,0
-21.8891,118.8185,300.4,2.5,1.5,2014-09-01,1418,Terra,MODIS,20,6.2,287.5,17.1,N,0
-19.1064,122.1344,301.2,1.3,1.1,2014-09-01,1418,Terra,MODIS,39,6.2,288.5,8.7,N,0
-19.108,122.1217,300.1,1.3,1.1,2014-09-01,1418,Terra,MODIS,14,6.2,288.6,7.9,N,0
-19.0994,122.2735,355.9,1.3,1.1,2014-09-01,1418,Terra,MODIS,100,6.2,292.1,112.5,N,0
-19.0978,122.2859,356.9,1.3,1.1,2014-09-01,1418,Terra,MODIS,100,6.2,292.1,116.2,N,0
-19.119,122.2002,306.3,1.3,1.1,2014-09-01,1418,Terra,MODIS,34,6.2,288.2,11.6,N,0
-19.1175,122.2127,307.3,1.3,1.1,2014-09-01,1418,Terra,MODIS,71,6.2,289.2,13.6,N,0
-19.1159,122.2251,307.5,1.3,1.1,2014-09-01,1418,Terra,MODIS,53,6.2,289.5,12.6,N,0
-19.1143,122.2376,353.9,1.3,1.1,2014-09-01,1418,Terra,MODIS,100,6.2,294.9,107,N,0
-19.1127,122.2501,389.8,1.3,1.1,2014-09-01,1418,Terra,MODIS,100,6.2,299.4,294.7,N,0
-19.1112,122.2625,356.2,1.3,1.1,2014-09-01,1418,Terra,MODIS,100,6.2,293.9,115.6,N,0
-19.1135,122.1611,334.6,1.3,1.1,2014-09-01,1418,Terra,MODIS,100,6.2,290.1,55.4,N,0
-19.1104,122.1862,348.4,1.3,1.1,2014-09-01,1418,Terra,MODIS,100,6.2,291,89.8,N,0
-19.1151,122.1485,341.5,1.3,1.1,2014-09-01,1418,Terra,MODIS,100,6.2,290.9,71.5,N,0
-19.1167,122.1358,320.3,1.3,1.1,2014-09-01,1418,Terra,MODIS,100,6.2,288.6,29.3,N,0
-19.0774,122.2831,312.6,1.3,1.1,2014-09-01,1418,Terra,MODIS,85,6.2,289.1,17.9,N,0
-21.2104,125.7749,328.3,1,1,2014-09-01,1418,Terra,MODIS,100,6.2,290.5,27.4,N,0
-21.209,125.7845,361,1,1,2014-09-01,1418,Terra,MODIS,100,6.2,295,90.4,N,0
-21.2181,125.786,308.4,1,1,2014-09-01,1418,Terra,MODIS,20,6.2,288.5,9.2,N,0
-19.0758,122.2954,308.2,1.3,1.1,2014-09-01,1418,Terra,MODIS,74,6.2,289.4,13.3,N,0
-16.5614,123.7202,308.7,1.1,1,2014-09-01,1419,Terra,MODIS,75,6.2,293.3,9.4,N,0
-16.464,124.0372,303.9,1,1,2014-09-01,1419,Terra,MODIS,40,6.2,293.6,5,N,0
-16.588,128.4566,302,1.3,1.1,2014-09-01,1419,Terra,MODIS,46,6.2,289.3,7.7,N,0
-16.9348,122.4988,300.5,1.2,1.1,2014-09-01,1419,Terra,MODIS,29,6.2,289.5,6.5,N,0
-16.5548,123.6992,303.5,1.1,1,2014-09-01,1419,Terra,MODIS,32,6.2,293.5,5,N,0
-17.8271,122.8344,304,1.2,1.1,2014-09-01,1419,Terra,MODIS,57,6.2,291.6,7.9,N,0
-16.5862,128.4622,305.5,1.3,1.1,2014-09-01,1419,Terra,MODIS,64,6.2,289.3,10.4,N,0
-14.1499,132.9904,324.8,3,1.6,2014-09-01,1419,Terra,MODIS,100,6.2,293,112.1,N,0
-14.1495,132.9957,327.9,3,1.6,2014-09-01,1419,Terra,MODIS,100,6.2,293.2,128.3,N,0
-14.1348,132.9931,312.1,3,1.6,2014-09-01,1419,Terra,MODIS,84,6.2,290.9,53.2,N,0
-14.1451,133.0178,302,3,1.6,2014-09-01,1419,Terra,MODIS,16,6.2,291.7,21,N,0
-13.5054,131.1744,304.9,2.2,1.4,2014-09-01,1419,Terra,MODIS,62,6.2,291,20.2,N,0
-14.1352,132.9877,312.4,3,1.6,2014-09-01,1419,Terra,MODIS,85,6.2,291,55.5,N,0
-14.4877,125.7786,316.2,1,1,2014-09-01,1419,Terra,MODIS,93,6.2,294.2,14,N,0
-15.1675,125.534,309.2,1,1,2014-09-01,1419,Terra,MODIS,77,6.2,295.2,7.6,N,0
-17.7607,127.7008,303.1,1.1,1.1,2014-09-01,1419,Terra,MODIS,46,6.2,288.1,7.6,N,0
-17.759,127.7114,306.1,1.1,1.1,2014-09-01,1419,Terra,MODIS,67,6.2,290.3,9.4,N,0
-14.4772,125.7867,309.5,1,1,2014-09-01,1419,Terra,MODIS,77,6.2,292.6,8.7,N,0
-15.7129,130.3683,306.5,1.8,1.3,2014-09-01,1419,Terra,MODIS,35,6.2,294.7,12.7,N,0
-15.7099,130.3855,306.9,1.8,1.3,2014-09-01,1419,Terra,MODIS,48,6.2,293.2,13.3,N,0
-14.1593,133.0256,304.5,3,1.6,2014-09-01,1419,Terra,MODIS,60,6.2,292.3,30.1,N,0
-15.2533,125.6397,307.1,1,1,2014-09-01,1419,Terra,MODIS,37,6.2,292,7.2,N,0
-14.155,133.048,303.7,3,1.7,2014-09-01,1419,Terra,MODIS,57,6.2,292.3,27.3,N,0
-17.7495,127.7098,300.5,1.1,1.1,2014-09-01,1419,Terra,MODIS,6,6.2,288.8,5,N,0
-15.1585,125.5326,311.4,1,1,2014-09-01,1419,Terra,MODIS,64,6.2,294.3,8.6,N,0
-17.762,127.7555,305.5,1.1,1.1,2014-09-01,1419,Terra,MODIS,63,6.2,290.6,9,N,0
-15.7151,130.3806,309.5,1.8,1.3,2014-09-01,1419,Terra,MODIS,74,6.2,293.4,17.3,N,0
-15.2424,125.7148,307.2,1,1,2014-09-01,1419,Terra,MODIS,55,6.2,287.5,7.9,N,0
-15.2736,125.6877,310.6,1,1,2014-09-01,1419,Terra,MODIS,49,6.2,293.3,8.3,N,0
-15.2333,125.7133,308.1,1,1,2014-09-01,1419,Terra,MODIS,73,6.2,287,8.9,N,0
-14.4818,126.7336,300.8,1.1,1,2014-09-01,1419,Terra,MODIS,34,6.2,289.7,5.8,N,0
-14.4834,126.7234,324.8,1.1,1,2014-09-01,1419,Terra,MODIS,100,6.2,291.9,27.8,N,0
-15.7213,130.1992,307.2,1.7,1.3,2014-09-01,1419,Terra,MODIS,51,6.2,293.8,14.1,N,0
-18.0598,123.703,350.8,1.1,1,2014-09-01,1419,Terra,MODIS,100,6.2,300.8,71.1,N,0
-18.0612,123.6928,326.4,1.1,1,2014-09-01,1419,Terra,MODIS,100,6.2,295.2,26.2,N,0
-18.0626,123.6825,318,1.1,1,2014-09-01,1419,Terra,MODIS,96,6.2,292.8,17.2,N,0
-18.0505,123.7016,354.9,1.1,1,2014-09-01,1419,Terra,MODIS,100,6.2,295.3,82.7,N,0
-18.0519,123.6914,322.7,1.1,1,2014-09-01,1419,Terra,MODIS,100,6.2,292.5,22.7,N,0
-18.0532,123.6811,314.7,1.1,1,2014-09-01,1419,Terra,MODIS,90,6.2,291.5,14.8,N,0
-18.0813,123.6853,303.9,1.1,1,2014-09-01,1419,Terra,MODIS,45,6.2,291.7,6.7,N,0
-18.0678,123.7146,328.6,1.1,1,2014-09-01,1419,Terra,MODIS,100,6.2,297.7,30.8,N,0
-18.0692,123.7044,336.9,1.1,1,2014-09-01,1419,Terra,MODIS,100,6.2,299.7,43.1,N,0
-18.0706,123.6942,328.7,1.1,1,2014-09-01,1419,Terra,MODIS,100,6.2,297.2,29.8,N,0
-18.0719,123.6839,329.3,1.1,1,2014-09-01,1419,Terra,MODIS,100,6.2,295.2,31.8,N,0
-18.0733,123.6737,307.4,1.1,1,2014-09-01,1419,Terra,MODIS,64,6.2,291.3,9,N,0
-15.6328,130.2989,308.7,1.8,1.3,2014-09-01,1419,Terra,MODIS,12,6.2,292.6,15.9,N,0
-15.6356,130.2827,321.8,1.7,1.3,2014-09-01,1419,Terra,MODIS,100,6.2,291.9,41.9,N,0
-15.6373,130.2932,321.5,1.8,1.3,2014-09-01,1419,Terra,MODIS,100,6.2,293.4,41.9,N,0
-15.64,130.277,307.1,1.7,1.3,2014-09-01,1419,Terra,MODIS,41,6.2,290.9,15.9,N,0
-18.0571,123.7234,414.7,1.1,1,2014-09-01,1419,Terra,MODIS,100,6.2,312.1,395.5,N,0
-18.0585,123.7132,377.5,1.1,1,2014-09-01,1419,Terra,MODIS,100,6.2,307.2,160.6,N,0
-18.0478,123.722,327.5,1.1,1,2014-09-01,1419,Terra,MODIS,100,6.2,294.5,28.6,N,0
-18.0491,123.7118,347.7,1.1,1,2014-09-01,1419,Terra,MODIS,100,6.2,295.6,64.3,N,0
-15.261,125.6505,307.8,1,1,2014-09-01,1419,Terra,MODIS,44,6.2,292.5,7.6,N,0
-15.2596,125.6599,307.3,1,1,2014-09-01,1419,Terra,MODIS,27,6.2,294.5,7.3,N,0
-15.2826,125.6891,315.5,1,1,2014-09-01,1419,Terra,MODIS,91,6.2,294.6,12.8,N,0
-15.7071,130.213,310.2,1.7,1.3,2014-09-01,1419,Terra,MODIS,67,6.2,292.5,19,N,0
-12.6655,132.3018,306.3,2.8,1.6,2014-09-01,1420,Terra,MODIS,68,6.2,292.2,34.8,N,0
-12.5452,131.4911,323.7,2.5,1.5,2014-09-01,1420,Terra,MODIS,100,6.2,292.3,80.7,N,0
-12.5317,131.4886,303.3,2.5,1.5,2014-09-01,1420,Terra,MODIS,54,6.2,292.1,20.4,N,0
-11.8107,142.4712,300,1.4,1.2,2014-09-01,1544,Aqua,MODIS,9,6.2,287.6,5.8,N,0
-11.8088,142.4588,302.3,1.4,1.2,2014-09-01,1544,Aqua,MODIS,48,6.2,287.4,7.7,N,0
-15.5813,145.2701,304.4,1,1,2014-09-01,1545,Aqua,MODIS,43,6.2,292.3,5.4,N,0
-14.8765,144.9295,302.5,1,1,2014-09-01,1545,Aqua,MODIS,19,6.2,291.4,4.7,N,0
-15.593,145.2873,302.9,1,1,2014-09-01,1545,Aqua,MODIS,7,6.2,292.4,4.2,N,0
-15.5657,145.102,307.2,1,1,2014-09-01,1545,Aqua,MODIS,71,6.2,289.3,8.8,N,0
-17.1241,134.9882,313.3,3.8,1.8,2014-09-01,1546,Aqua,MODIS,61,6.2,287.9,88.1,N,0
-17.1315,134.9818,337,3.8,1.8,2014-09-01,1546,Aqua,MODIS,100,6.2,289,277.3,N,0
-17.1385,135.0173,341.6,3.8,1.8,2014-09-01,1546,Aqua,MODIS,100,6.2,290.3,325.1,N,0
-17.1477,134.9784,320,3.8,1.8,2014-09-01,1546,Aqua,MODIS,99,6.2,286.4,133,N,0
-17.1547,135.0138,357.1,3.8,1.8,2014-09-01,1546,Aqua,MODIS,100,6.2,291.5,552.2,N,0
-17.1616,135.0486,322.9,3.8,1.8,2014-09-01,1546,Aqua,MODIS,100,6.2,288,148.4,N,0
-17.1777,135.045,315.2,3.8,1.8,2014-09-01,1546,Aqua,MODIS,91,6.2,286.8,106.2,N,0
-17.1845,135.0798,316.6,3.8,1.8,2014-09-01,1546,Aqua,MODIS,94,6.2,286.8,114,N,0
-17.1591,135.005,320.3,3.8,1.8,2014-09-01,1546,Aqua,MODIS,100,6.2,287.3,132.5,N,0
-17.1662,135.0398,331.8,3.8,1.8,2014-09-01,1546,Aqua,MODIS,100,6.2,289.9,222.8,N,0
-17.1733,135.0746,306.1,3.8,1.8,2014-09-01,1546,Aqua,MODIS,54,6.2,286.7,56.4,N,0
-17.1894,135.0709,303.5,3.8,1.8,2014-09-01,1546,Aqua,MODIS,43,6.2,285,47,N,0
-17.6536,138.2901,302.2,2.1,1.4,2014-09-01,1546,Aqua,MODIS,47,6.2,288.1,18.4,N,0
-18.4049,146.3126,302.7,1.1,1,2014-09-01,1546,Aqua,MODIS,47,6.2,288.8,6.6,N,0
-17.0917,134.9954,301.4,3.8,1.8,2014-09-01,1546,Aqua,MODIS,29,6.2,287.7,37.3,N,0
-17.0665,134.9961,304.6,3.8,1.8,2014-09-01,1546,Aqua,MODIS,12,6.2,289.2,46.5,N,0
-17.1152,134.9852,309,3.8,1.8,2014-09-01,1546,Aqua,MODIS,75,6.2,287,69.6,N,0
-17.0847,134.9597,301.6,3.8,1.8,2014-09-01,1546,Aqua,MODIS,28,6.2,287.1,39.5,N,0
-23.425,149.8036,302.4,2,1.4,2014-09-01,1547,Aqua,MODIS,49,6.2,284.2,20.5,N,0
-23.4275,149.798,303.8,2,1.4,2014-09-01,1547,Aqua,MODIS,56,6.2,283.3,21.3,N,0
-15.2711,125.6893,310.6,1.7,1.3,2014-09-01,1723,Aqua,MODIS,80,6.2,289.5,22.8,N,0
-15.2845,125.7032,300.7,1.7,1.3,2014-09-01,1723,Aqua,MODIS,30,6.2,288.2,10.6,N,0
-15.2827,125.6877,314.5,1.7,1.3,2014-09-01,1723,Aqua,MODIS,89,6.2,290.3,29.7,N,0
-15.6874,130.3732,304,3.9,1.8,2014-09-01,1723,Aqua,MODIS,58,6.2,293.5,38.8,N,0
-16.559,123.7266,305.3,1.3,1.1,2014-09-01,1724,Aqua,MODIS,57,6.2,291.2,10,N,0
-16.5622,123.7331,300.7,1.3,1.1,2014-09-01,1724,Aqua,MODIS,17,6.2,289.5,6.1,N,0
-19.1216,122.1446,321.2,1.1,1.1,2014-09-01,1725,Aqua,MODIS,100,6.2,291,25.2,N,0
-19.1201,122.1338,304.7,1.1,1.1,2014-09-01,1725,Aqua,MODIS,35,6.2,287.5,9.2,N,0
-21.2324,120.0628,314.6,1,1,2014-09-01,1725,Aqua,MODIS,51,6.2,285.6,14,N,0
-21.2066,120.0769,312.1,1,1,2014-09-01,1725,Aqua,MODIS,83,6.2,287.2,12.6,N,0
-21.2442,120.0809,309.7,1,1,2014-09-01,1725,Aqua,MODIS,41,6.2,286.2,10.4,N,0
-21.2052,120.0672,306.9,1,1,2014-09-01,1725,Aqua,MODIS,45,6.2,285.9,8.9,N,0
-21.2338,120.0726,336.7,1,1,2014-09-01,1725,Aqua,MODIS,100,6.2,289.7,39.1,N,0
-21.2366,120.0921,309.9,1,1,2014-09-01,1725,Aqua,MODIS,33,6.2,287.8,10.5,N,0
-21.2143,120.0657,352.7,1,1,2014-09-01,1725,Aqua,MODIS,100,6.2,290.3,70.9,N,0
-21.0357,119.652,318.6,1,1,2014-09-01,1725,Aqua,MODIS,97,6.2,290.2,16.8,N,0
-21.0447,119.6506,333.3,1,1,2014-09-01,1725,Aqua,MODIS,100,6.2,293.9,33.6,N,0
-21.0461,119.6602,318.4,1,1,2014-09-01,1725,Aqua,MODIS,97,6.2,291.2,16.4,N,0
-21.0547,119.653,302.9,1,1,2014-09-01,1725,Aqua,MODIS,52,6.2,290.1,5.7,N,0
-20.9886,119.7088,301.3,1,1,2014-09-01,1725,Aqua,MODIS,31,6.2,291.3,4.4,N,0
-20.9976,119.7073,302.7,1,1,2014-09-01,1725,Aqua,MODIS,34,6.2,291.2,5,N,0
-21.0184,119.7237,303.5,1,1,2014-09-01,1725,Aqua,MODIS,56,6.2,288.8,6.4,N,0
-26.5723,147.9749,306.1,4.4,1.9,2014-09-01,2335,Terra,MODIS,52,6.2,292.5,31.7,D,0
-24.8178,151.3908,305.2,2.9,1.6,2014-09-01,2335,Terra,MODIS,29,6.2,294,15.3,D,0
-12.246,142.3507,321.8,1.5,1.2,2014-09-02,0109,Terra,MODIS,67,6.2,303.3,13,D,0
-12.0765,142.4864,313.1,1.5,1.2,2014-09-02,0109,Terra,MODIS,53,6.2,296,7.6,D,0
-12.6373,142.0482,332.8,1.4,1.2,2014-09-02,0109,Terra,MODIS,84,6.2,304.9,34.5,D,0
-11.791,142.653,320.9,1.5,1.2,2014-09-02,0109,Terra,MODIS,69,6.2,292,22.2,D,0
-11.8119,142.5338,317.9,1.5,1.2,2014-09-02,0109,Terra,MODIS,43,6.2,295,10.6,D,0
-11.7928,142.6666,325.7,1.5,1.2,2014-09-02,0109,Terra,MODIS,69,6.2,289,33.5,D,0
-12.6478,142.0468,330.9,1.4,1.2,2014-09-02,0109,Terra,MODIS,82,6.2,306.4,30.5,D,0
-11.8106,142.4725,325.4,1.5,1.2,2014-09-02,0109,Terra,MODIS,77,6.2,293.4,26.7,D,0
-12.5846,142.4234,316.6,1.5,1.2,2014-09-02,0109,Terra,MODIS,55,6.2,302.1,7.6,D,0
-11.814,142.4655,328.7,1.5,1.2,2014-09-02,0109,Terra,MODIS,82,6.2,292.4,35.3,D,0
-11.8123,142.4523,317.7,1.5,1.2,2014-09-02,0109,Terra,MODIS,56,6.2,291.4,15.3,D,0
-11.8088,142.4592,330.6,1.5,1.2,2014-09-02,0109,Terra,MODIS,83,6.2,292.9,38.4,D,0
-12.2706,136.8611,376.8,1.1,1,2014-09-02,0110,Terra,MODIS,100,6.2,308.9,141.5,D,0
-12.1801,136.394,318.3,1.1,1,2014-09-02,0110,Terra,MODIS,64,6.2,305.4,6.9,D,0
-14.131,132.9741,343.8,1.6,1.3,2014-09-02,0110,Terra,MODIS,90,6.2,311.3,68,D,0
-15.366,135.2054,327.1,1.1,1.1,2014-09-02,0110,Terra,MODIS,41,6.2,311.7,11.9,D,0
-12.1816,136.404,358.9,1.1,1,2014-09-02,0110,Terra,MODIS,86,6.2,307.7,83.5,D,0
-12.2893,134.81,323.7,1.3,1.1,2014-09-02,0110,Terra,MODIS,53,6.2,309.2,14.1,D,0
-15.5308,144.9875,317.4,2.5,1.5,2014-09-02,0110,Terra,MODIS,60,6.2,301.7,35.8,D,0
-12.2721,136.8707,324.1,1.1,1,2014-09-02,0110,Terra,MODIS,77,6.2,304.5,13.4,D,0
-13.4401,130.8695,324.2,2.4,1.5,2014-09-02,0110,Terra,MODIS,67,6.2,305.2,43.2,D,0
-13.4361,130.8475,333.6,2.4,1.5,2014-09-02,0110,Terra,MODIS,82,6.2,304,87.4,D,0
-13.4286,130.8548,341.7,2.4,1.5,2014-09-02,0110,Terra,MODIS,89,6.2,306.7,129.9,D,0
-15.5281,144.9637,324.1,2.5,1.5,2014-09-02,0110,Terra,MODIS,74,6.2,301.5,63.4,D,0
-14.1423,132.9721,352.2,1.6,1.3,2014-09-02,0110,Terra,MODIS,96,6.2,312.1,105.3,D,0
-13.5036,131.1488,337.4,2.3,1.5,2014-09-02,0110,Terra,MODIS,86,6.2,305,98.3,D,0
-12.2769,132.9035,333.3,1.8,1.3,2014-09-02,0110,Terra,MODIS,71,6.2,303.3,58.3,D,0
-11.2922,132.4407,319.9,2,1.4,2014-09-02,0110,Terra,MODIS,43,6.2,303,22.6,D,0
-12.2119,135.4171,339.1,1.2,1.1,2014-09-02,0110,Terra,MODIS,87,6.2,307.3,41.1,D,0
-12.2325,134.7195,320.5,1.3,1.1,2014-09-02,0110,Terra,MODIS,55,6.2,306.4,13.5,D,0
-12.2752,136.4134,330.8,1.1,1,2014-09-02,0110,Terra,MODIS,68,6.2,307.1,19,D,0
-13.4783,132.5229,321.2,1.8,1.3,2014-09-02,0110,Terra,MODIS,54,6.2,306.6,19.2,D,0
-12.2102,135.406,324.4,1.2,1.1,2014-09-02,0110,Terra,MODIS,70,6.2,304.1,14.4,D,0
-11.92,132.75,319.4,1.9,1.3,2014-09-02,0110,Terra,MODIS,61,6.2,297.5,22.4,D,0
-12.2674,136.4249,326.6,1.1,1,2014-09-02,0110,Terra,MODIS,59,6.2,309.2,13.1,D,0
-13.5073,131.1696,322.8,2.3,1.5,2014-09-02,0110,Terra,MODIS,66,6.2,307.4,34.8,D,0
-12.1201,135.4836,325.1,1.2,1.1,2014-09-02,0110,Terra,MODIS,68,6.2,302.8,18.3,D,0
-13.8064,135.4656,328.2,1.2,1.1,2014-09-02,0110,Terra,MODIS,76,6.2,310.5,18.6,D,0
-13.8077,135.4105,324.9,1.2,1.1,2014-09-02,0110,Terra,MODIS,59,6.2,312.3,11.4,D,0
-12.1723,136.4055,330.6,1.1,1,2014-09-02,0110,Terra,MODIS,79,6.2,306.2,21.3,D,0
-13.5617,141.9087,322,1.4,1.2,2014-09-02,0110,Terra,MODIS,60,6.2,304.5,14.6,D,0
-13.5679,141.9144,329.6,1.4,1.2,2014-09-02,0110,Terra,MODIS,81,6.2,304.9,29,D,0
-14.7229,142.0622,326.6,1.5,1.2,2014-09-02,0110,Terra,MODIS,66,6.2,305,24.5,D,0
-14.8455,143.0383,331,1.8,1.3,2014-09-02,0110,Terra,MODIS,81,6.2,304.9,49.9,D,0
-14.7211,142.0484,338.1,1.5,1.2,2014-09-02,0110,Terra,MODIS,87,6.2,305.8,53.6,D,0
-13.5968,141.9303,321.2,1.4,1.2,2014-09-02,0110,Terra,MODIS,11,6.2,305.7,13.5,D,0
-14.8488,142.8741,315.8,1.7,1.3,2014-09-02,0110,Terra,MODIS,42,6.2,305,12,D,0
-14.8508,142.8899,316.2,1.7,1.3,2014-09-02,0110,Terra,MODIS,46,6.2,305.6,12.6,D,0
-13.4211,135.2313,332.2,1.2,1.1,2014-09-02,0110,Terra,MODIS,74,6.2,308.3,23.9,D,0
-14.8475,143.0546,324.4,1.8,1.3,2014-09-02,0110,Terra,MODIS,72,6.2,304.9,31.4,D,0
-14.8391,142.8914,346.8,1.7,1.3,2014-09-02,0110,Terra,MODIS,93,6.2,307.7,103.2,D,0
-13.1779,134.2709,330.6,1.4,1.2,2014-09-02,0110,Terra,MODIS,76,6.2,309.9,24.7,D,0
-12.0692,134.2503,321,1.5,1.2,2014-09-02,0110,Terra,MODIS,57,6.2,307.6,13.5,D,0
-13.1819,134.2961,322,1.4,1.2,2014-09-02,0110,Terra,MODIS,46,6.2,309.1,11.2,D,0
-12.16,134.2423,319.8,1.4,1.2,2014-09-02,0110,Terra,MODIS,34,6.2,307.4,11.5,D,0
-13.1932,134.2618,338.7,1.4,1.2,2014-09-02,0110,Terra,MODIS,87,6.2,310.7,43.6,D,0
-13.4193,135.2204,337.4,1.2,1.1,2014-09-02,0110,Terra,MODIS,85,6.2,308.4,33.4,D,0
-16.0638,144.2942,317.2,2.3,1.5,2014-09-02,0110,Terra,MODIS,56,6.2,304.3,18.9,D,0
-14.7414,131.8275,325.2,1.9,1.4,2014-09-02,0110,Terra,MODIS,66,6.2,309.1,26,D,0
-13.3138,135.1978,342.2,1.2,1.1,2014-09-02,0110,Terra,MODIS,89,6.2,312.9,43.5,D,0
-13.2971,141.8194,318,1.4,1.2,2014-09-02,0110,Terra,MODIS,25,6.2,302.9,11.4,D,0
-13.3042,141.7927,318.6,1.4,1.2,2014-09-02,0110,Terra,MODIS,29,6.2,303.9,11,D,0
-12.8579,136.196,322.9,1.1,1,2014-09-02,0110,Terra,MODIS,61,6.2,307.1,11.9,D,0
-13.4176,135.2093,347.8,1.2,1.1,2014-09-02,0110,Terra,MODIS,93,6.2,309.9,58.3,D,0
-14.8372,142.8756,339.4,1.7,1.3,2014-09-02,0110,Terra,MODIS,88,6.2,307,73.4,D,0
-13.4159,135.1981,335.9,1.2,1.1,2014-09-02,0110,Terra,MODIS,84,6.2,309.1,32,D,0
-13.4095,135.2219,326,1.2,1.1,2014-09-02,0110,Terra,MODIS,55,6.2,309.7,13.2,D,0
-13.3962,135.2012,326.2,1.2,1.1,2014-09-02,0110,Terra,MODIS,62,6.2,307.9,14.9,D,0
-13.422,135.2252,328.9,1.2,1.1,2014-09-02,0110,Terra,MODIS,67,6.2,308,19.9,D,0
-13.1148,141.6656,320.8,1.3,1.1,2014-09-02,0110,Terra,MODIS,49,6.2,304.1,14,D,0
-13.6811,141.8737,318.1,1.4,1.2,2014-09-02,0110,Terra,MODIS,27,6.2,303.4,11.7,D,0
-13.4202,135.2142,330.9,1.2,1.1,2014-09-02,0110,Terra,MODIS,75,6.2,308.1,23.5,D,0
-13.336,135.5299,330.6,1.2,1.1,2014-09-02,0110,Terra,MODIS,78,6.2,307.8,22.3,D,0
-13.3377,135.5408,321.7,1.2,1.1,2014-09-02,0110,Terra,MODIS,53,6.2,307.6,9.9,D,0
-13.4184,135.203,346,1.2,1.1,2014-09-02,0110,Terra,MODIS,92,6.2,310,55.5,D,0
-12.2496,133.5069,323,1.6,1.3,2014-09-02,0110,Terra,MODIS,58,6.2,309,16.9,D,0
-13.1758,134.2583,333.9,1.4,1.2,2014-09-02,0110,Terra,MODIS,83,6.2,309.9,33.8,D,0
-13.1911,134.2492,334.6,1.4,1.2,2014-09-02,0110,Terra,MODIS,83,6.2,310.3,33.9,D,0
-13.4113,135.233,323.4,1.2,1.1,2014-09-02,0110,Terra,MODIS,45,6.2,310.3,10,D,0
-13.2182,134.2837,326.6,1.4,1.2,2014-09-02,0110,Terra,MODIS,68,6.2,309.7,17.7,D,0
-11.565,130.331,320.5,2.9,1.6,2014-09-02,0110,Terra,MODIS,39,6.2,297.5,52.3,D,0
-11.5645,130.338,325,2.9,1.6,2014-09-02,0110,Terra,MODIS,66,6.2,297.1,80.7,D,0
-12.0316,136.4401,324.5,1.1,1,2014-09-02,0110,Terra,MODIS,52,6.2,305.7,11.7,D,0
-12.3488,133.9717,322,1.5,1.2,2014-09-02,0110,Terra,MODIS,55,6.2,307,14.2,D,0
-12.5718,134.0746,319,1.5,1.2,2014-09-02,0110,Terra,MODIS,29,6.2,307.2,8.4,D,0
-14.295,133.7392,322.8,1.4,1.2,2014-09-02,0110,Terra,MODIS,44,6.2,309.3,12.7,D,0
-12.4256,134.4453,323.4,1.4,1.2,2014-09-02,0110,Terra,MODIS,63,6.2,311.6,10.5,D,0
-14.9195,134.7961,326.7,1.2,1.1,2014-09-02,0110,Terra,MODIS,62,6.2,308.7,15.9,D,0
-12.3722,136.3204,326.9,1.1,1,2014-09-02,0110,Terra,MODIS,65,6.2,306.3,17.8,D,0
-12.2857,133.5161,326.9,1.6,1.3,2014-09-02,0110,Terra,MODIS,68,6.2,307.9,26,D,0
-14.9178,134.7848,334.8,1.2,1.1,2014-09-02,0110,Terra,MODIS,82,6.2,308.6,30.6,D,0
-15.3026,145.2522,317.8,2.7,1.6,2014-09-02,0110,Terra,MODIS,53,6.2,297.2,50,D,0
-14.2892,133.7325,324.4,1.4,1.2,2014-09-02,0110,Terra,MODIS,43,6.2,309.9,14.4,D,0
-12.4723,134.0283,324.5,1.5,1.2,2014-09-02,0110,Terra,MODIS,61,6.2,308.1,17.1,D,0
-16.0758,144.5503,317.8,2.4,1.5,2014-09-02,0110,Terra,MODIS,46,6.2,304.1,25.5,D,0
-12.8264,136.3401,322.7,1.1,1,2014-09-02,0110,Terra,MODIS,57,6.2,308.6,9.8,D,0
-12.452,131.0548,317.2,2.5,1.5,2014-09-02,0110,Terra,MODIS,45,6.2,303.8,19.4,D,0
-15.4183,135.6915,351.6,1.1,1,2014-09-02,0110,Terra,MODIS,95,6.2,312.1,59.8,D,0
-12.4558,131.0771,318.6,2.5,1.5,2014-09-02,0110,Terra,MODIS,60,6.2,304,25.4,D,0
-15.4167,135.6814,373.6,1.1,1,2014-09-02,0110,Terra,MODIS,100,6.2,314.6,130.4,D,0
-11.9032,133.7101,321.7,1.6,1.2,2014-09-02,0110,Terra,MODIS,65,6.2,299.1,22.3,D,0
-12.5318,135.2371,326,1.2,1.1,2014-09-02,0110,Terra,MODIS,71,6.2,309,13.1,D,0
-14.943,134.8088,330.2,1.2,1.1,2014-09-02,0110,Terra,MODIS,60,6.2,313.6,19,D,0
-13.348,135.2773,319.8,1.2,1.1,2014-09-02,0110,Terra,MODIS,49,6.2,308.3,6,D,0
-12.512,135.2402,324.9,1.2,1.1,2014-09-02,0110,Terra,MODIS,68,6.2,309.8,11.5,D,0
-14.2843,133.7411,324.9,1.4,1.2,2014-09-02,0110,Terra,MODIS,53,6.2,310,15.6,D,0
-12.1876,134.619,321.5,1.4,1.2,2014-09-02,0110,Terra,MODIS,32,6.2,305.6,12.4,D,0
-12.7652,135.8814,321.4,1.1,1.1,2014-09-02,0110,Terra,MODIS,28,6.2,308.3,9.5,D,0
-14.0611,136.4554,320.4,1.1,1,2014-09-02,0110,Terra,MODIS,51,6.2,308.3,9.5,D,0
-12.3644,134.704,321.8,1.3,1.1,2014-09-02,0110,Terra,MODIS,42,6.2,308.4,11.2,D,0
-13.3236,135.1962,326.8,1.2,1.1,2014-09-02,0110,Terra,MODIS,61,6.2,313.2,13.3,D,0
-16.0814,144.5564,317.6,2.4,1.5,2014-09-02,0110,Terra,MODIS,48,6.2,303.9,25.8,D,0
-12.3624,134.6917,351.3,1.3,1.1,2014-09-02,0110,Terra,MODIS,95,6.2,308.9,82.3,D,0
-15.5771,145.0966,326.5,2.6,1.6,2014-09-02,0110,Terra,MODIS,77,6.2,300.5,73.9,D,0
-13.1463,135.3058,325.6,1.2,1.1,2014-09-02,0110,Terra,MODIS,45,6.2,313,12.2,D,0
-12.3364,134.5309,321.5,1.4,1.2,2014-09-02,0110,Terra,MODIS,26,6.2,307,12.4,D,0
-12.2343,134.7128,329.6,1.3,1.1,2014-09-02,0110,Terra,MODIS,73,6.2,305.5,26.6,D,0
-12.7188,136.3636,318,1.1,1,2014-09-02,0110,Terra,MODIS,38,6.2,307.9,7.5,D,0
-12.3451,134.4516,320.1,1.4,1.2,2014-09-02,0110,Terra,MODIS,25,6.2,307.5,6.9,D,0
-12.3541,134.7057,334.2,1.3,1.1,2014-09-02,0110,Terra,MODIS,82,6.2,311,33.6,D,0
-14.9197,134.7896,339,1.2,1.1,2014-09-02,0110,Terra,MODIS,80,6.2,309.6,35.9,D,0
-12.1753,134.6083,323.3,1.4,1.2,2014-09-02,0110,Terra,MODIS,60,6.2,308.2,17.1,D,0
-12.3444,133.9444,319.8,1.5,1.2,2014-09-02,0110,Terra,MODIS,32,6.2,306.2,11.9,D,0
-12.2305,134.7073,321.7,1.3,1.1,2014-09-02,0110,Terra,MODIS,59,6.2,305,15,D,0
-13.1116,141.6412,329,1.3,1.1,2014-09-02,0110,Terra,MODIS,68,6.2,304.3,26.6,D,0
-12.343,134.4389,333.3,1.4,1.2,2014-09-02,0110,Terra,MODIS,81,6.2,310.4,31.8,D,0
-12.4493,131.0715,324.5,2.5,1.5,2014-09-02,0110,Terra,MODIS,74,6.2,304.5,47.8,D,0
-12.5386,131.4986,316.7,2.3,1.5,2014-09-02,0110,Terra,MODIS,26,6.2,300.1,19.2,D,0
-12.4615,134.03,323.2,1.5,1.2,2014-09-02,0110,Terra,MODIS,52,6.2,307.4,15,D,0
-12.1725,135.2968,323.6,1.2,1.1,2014-09-02,0110,Terra,MODIS,59,6.2,307.1,17.7,D,0
-12.3521,134.6934,336.5,1.3,1.1,2014-09-02,0110,Terra,MODIS,84,6.2,307,38.8,D,0
-12.5697,134.0612,327.4,1.5,1.2,2014-09-02,0110,Terra,MODIS,74,6.2,307.9,24.4,D,0
-12.0394,136.4286,323.2,1.1,1,2014-09-02,0110,Terra,MODIS,45,6.2,306.5,10.2,D,0
-14.2913,133.7458,323.6,1.4,1.2,2014-09-02,0110,Terra,MODIS,44,6.2,308.8,13.4,D,0
-12.2412,134.148,326.1,1.5,1.2,2014-09-02,0110,Terra,MODIS,60,6.2,308.2,22.4,D,0
-12.4869,135.5348,335.5,1.2,1.1,2014-09-02,0110,Terra,MODIS,83,6.2,312.2,27,D,0
-12.2271,134.4905,323.8,1.4,1.2,2014-09-02,0110,Terra,MODIS,41,6.2,308.9,14,D,0
-12.2459,134.4745,323.8,1.4,1.2,2014-09-02,0110,Terra,MODIS,45,6.2,309.9,15.4,D,0
-12.4787,133.9993,334.8,1.5,1.2,2014-09-02,0110,Terra,MODIS,83,6.2,307.8,41.8,D,0
-15.5722,145.1038,328,2.6,1.6,2014-09-02,0110,Terra,MODIS,79,6.2,301.3,79.9,D,0
-16.3293,136.6512,326.6,1,1,2014-09-02,0111,Terra,MODIS,46,6.2,312.9,9.4,D,0
-16.0553,136.4229,337.2,1,1,2014-09-02,0111,Terra,MODIS,83,6.2,315.8,22.7,D,0
-16.0462,136.4244,328.6,1,1,2014-09-02,0111,Terra,MODIS,54,6.2,312.9,11,D,0
-18.0744,145.9303,313.3,3.3,1.7,2014-09-02,0111,Terra,MODIS,22,6.2,301.4,34.7,D,0
-16.1958,136.7427,330.2,1,1,2014-09-02,0111,Terra,MODIS,60,6.2,316.1,12.7,D,0
-16.0568,136.4324,328.6,1,1,2014-09-02,0111,Terra,MODIS,53,6.2,316.8,10,D,0
-16.3278,136.6417,327.2,1,1,2014-09-02,0111,Terra,MODIS,54,6.2,314,9.8,D,0
-16.1977,128.2937,327.3,3.4,1.7,2014-09-02,0111,Terra,MODIS,69,6.2,309.8,79.4,D,0
-17.7755,127.7195,317.9,3.4,1.7,2014-09-02,0111,Terra,MODIS,51,6.2,306.2,37.6,D,0
-16.1824,128.2971,325.8,3.4,1.7,2014-09-02,0111,Terra,MODIS,57,6.2,308.6,69.4,D,0
-15.8622,130.3549,323,2.4,1.5,2014-09-02,0111,Terra,MODIS,63,6.2,309.5,29.4,D,0
-15.4899,133.0323,339.5,1.5,1.2,2014-09-02,0111,Terra,MODIS,87,6.2,310.6,53.5,D,0
-15.5361,133.0387,330.2,1.5,1.2,2014-09-02,0111,Terra,MODIS,69,6.2,310.6,29.8,D,0
-16.2869,136.674,326.1,1,1,2014-09-02,0111,Terra,MODIS,47,6.2,314.7,7.6,D,0
-16.6469,137.0487,329.4,1,1,2014-09-02,0111,Terra,MODIS,55,6.2,313,13.8,D,0
-16.6455,137.0393,342,1,1,2014-09-02,0111,Terra,MODIS,88,6.2,312,33.6,D,0
-16.6656,137.0493,351.7,1,1,2014-09-02,0111,Terra,MODIS,95,6.2,312.1,52.9,D,0
-16.6552,137.0414,329.1,1,1,2014-09-02,0111,Terra,MODIS,74,6.2,311.6,14.9,D,0
-16.667,137.0587,324.7,1,1,2014-09-02,0111,Terra,MODIS,55,6.2,310.5,9.5,D,0
-16.9502,135.0621,325.6,1.1,1.1,2014-09-02,0111,Terra,MODIS,64,6.2,309.8,13.1,D,0
-16.9519,135.0725,326.7,1.1,1.1,2014-09-02,0111,Terra,MODIS,68,6.2,311.7,14.4,D,0
-16.9548,135.0291,350.2,1.1,1.1,2014-09-02,0111,Terra,MODIS,94,6.2,309.8,61.8,D,0
-16.9564,135.0396,368.8,1.1,1.1,2014-09-02,0111,Terra,MODIS,100,6.2,315,118.7,D,0
-16.9581,135.05,337.2,1.1,1.1,2014-09-02,0111,Terra,MODIS,78,6.2,313.1,30.6,D,0
-16.9659,135.038,362,1.1,1.1,2014-09-02,0111,Terra,MODIS,100,6.2,311,95.1,D,0
-16.9642,135.0275,325.9,1.1,1.1,2014-09-02,0111,Terra,MODIS,71,6.2,307.3,16.5,D,0
-16.9675,135.0484,393.6,1.1,1.1,2014-09-02,0111,Terra,MODIS,100,6.2,317.4,241,D,0
-16.9692,135.0589,335.8,1.1,1.1,2014-09-02,0111,Terra,MODIS,81,6.2,310.2,27,D,0
-15.4526,135.1087,326.6,1.2,1.1,2014-09-02,0111,Terra,MODIS,23,6.2,312.4,11.4,D,0
-17.1242,134.9341,357,1.1,1.1,2014-09-02,0111,Terra,MODIS,98,6.2,310.4,81.1,D,0
-17.1258,134.9446,357.6,1.1,1.1,2014-09-02,0111,Terra,MODIS,98,6.2,312.4,80.6,D,0
-17.1275,134.9552,346,1.1,1.1,2014-09-02,0111,Terra,MODIS,91,6.2,313,46.1,D,0
-17.1403,134.9746,339,1.1,1.1,2014-09-02,0111,Terra,MODIS,86,6.2,311.7,26.2,D,0
-17.142,134.9851,334.5,1.1,1.1,2014-09-02,0111,Terra,MODIS,65,6.2,312.7,18.1,D,0
-17.1465,134.952,350.5,1.1,1.1,2014-09-02,0111,Terra,MODIS,90,6.2,310.4,56.9,D,0
-17.1481,134.9625,359.1,1.1,1.1,2014-09-02,0111,Terra,MODIS,99,6.2,314.5,79.7,D,0
-17.156,134.9504,337.8,1.1,1.1,2014-09-02,0111,Terra,MODIS,49,6.2,309.4,29.9,D,0
-17.1576,134.9609,337.2,1.1,1.1,2014-09-02,0111,Terra,MODIS,31,6.2,313.5,25.8,D,0
-17.1609,134.9536,345.2,1.1,1.1,2014-09-02,0111,Terra,MODIS,91,6.2,312.7,45.4,D,0
-17.1687,134.9415,366.1,1.1,1.1,2014-09-02,0111,Terra,MODIS,100,6.2,310.8,108,D,0
-17.1704,134.952,442.2,1.1,1.1,2014-09-02,0111,Terra,MODIS,100,6.2,328.4,715.8,D,0
-17.1721,134.9625,348.3,1.1,1.1,2014-09-02,0111,Terra,MODIS,91,6.2,313.5,47.9,D,0
-17.1855,135.0461,331,1.1,1.1,2014-09-02,0111,Terra,MODIS,55,6.2,310.6,16.2,D,0
-17.1782,134.9399,347.5,1.1,1.1,2014-09-02,0111,Terra,MODIS,91,6.2,308.6,51.7,D,0
-17.1799,134.9504,352,1.1,1.1,2014-09-02,0111,Terra,MODIS,95,6.2,311.2,59.6,D,0
-15.4444,134.8084,344.4,1.2,1.1,2014-09-02,0111,Terra,MODIS,90,6.2,312.4,46.2,D,0
-15.4038,135.1337,336,1.2,1.1,2014-09-02,0111,Terra,MODIS,83,6.2,311.3,28.9,D,0
-15.5135,135.0366,324.1,1.2,1.1,2014-09-02,0111,Terra,MODIS,30,6.2,313.2,9.7,D,0
-17.1905,135.0772,334.2,1.1,1.1,2014-09-02,0111,Terra,MODIS,76,6.2,312.5,22.8,D,0
-17.1921,135.0876,334,1.1,1.1,2014-09-02,0111,Terra,MODIS,82,6.2,311.7,22.7,D,0
-17.1999,135.0756,327.1,1.1,1.1,2014-09-02,0111,Terra,MODIS,54,6.2,310,13.3,D,0
-15.4622,135.1071,328.7,1.2,1.1,2014-09-02,0111,Terra,MODIS,56,6.2,311.5,14.8,D,0
-17.641,138.3163,359.2,1,1,2014-09-02,0111,Terra,MODIS,99,6.2,315.9,69.4,D,0
-17.646,138.2858,340.5,1,1,2014-09-02,0111,Terra,MODIS,87,6.2,316.2,26.6,D,0
-17.6647,138.2964,329.7,1,1,2014-09-02,0111,Terra,MODIS,69,6.2,315.9,9.7,D,0
-16.978,135.238,332.8,1.1,1,2014-09-02,0111,Terra,MODIS,74,6.2,312.4,19.9,D,0
-16.9417,135.1913,330.1,1.1,1,2014-09-02,0111,Terra,MODIS,74,6.2,315.5,15.8,D,0
-16.8933,135.1629,340.4,1.1,1.1,2014-09-02,0111,Terra,MODIS,88,6.2,311.5,36,D,0
-16.3525,136.5605,337.2,1,1,2014-09-02,0111,Terra,MODIS,83,6.2,311.4,23.6,D,0
-16.3797,136.5562,325.9,1,1,2014-09-02,0111,Terra,MODIS,48,6.2,311.4,8.9,D,0
-16.3811,136.5656,326.7,1,1,2014-09-02,0111,Terra,MODIS,63,6.2,313,10.6,D,0
-16.3887,136.5547,342.2,1,1,2014-09-02,0111,Terra,MODIS,88,6.2,310.9,32.7,D,0
-16.3902,136.5642,342,1,1,2014-09-02,0111,Terra,MODIS,88,6.2,310.8,32.8,D,0
-17.6424,138.326,333.2,1,1,2014-09-02,0111,Terra,MODIS,60,6.2,315.4,16.3,D,0
-17.6557,138.3539,346.6,1,1,2014-09-02,0111,Terra,MODIS,91,6.2,315.7,39.8,D,0
-17.6607,138.3233,354.4,1,1,2014-09-02,0111,Terra,MODIS,96,6.2,316.7,53.7,D,0
-17.6688,138.3256,334,1,1,2014-09-02,0111,Terra,MODIS,80,6.2,317.6,16.6,D,0
-16.3611,136.6172,325.3,1,1,2014-09-02,0111,Terra,MODIS,44,6.2,313.4,7.7,D,0
-17.1938,135.0979,330.8,1.1,1.1,2014-09-02,0111,Terra,MODIS,78,6.2,311.3,17.3,D,0
-15.4524,134.7956,327.5,1.2,1.1,2014-09-02,0111,Terra,MODIS,71,6.2,311.6,14.9,D,0
-15.4266,134.8226,329.2,1.2,1.1,2014-09-02,0111,Terra,MODIS,62,6.2,310.8,17.4,D,0
-16.037,137.0958,338.3,1,1,2014-09-02,0111,Terra,MODIS,84,6.2,314.7,23.4,D,0
-18.4163,146.3269,366.3,3.5,1.8,2014-09-02,0111,Terra,MODIS,0,6.2,296.4,642.1,D,0
-17.1955,134.9261,443.4,1.1,1.1,2014-09-02,0111,Terra,MODIS,100,6.2,326.6,742.1,D,0
-17.1972,134.9367,452.5,1.1,1.1,2014-09-02,0111,Terra,MODIS,100,6.2,336.2,872.2,D,0
-17.1989,134.9472,371.3,1.1,1.1,2014-09-02,0111,Terra,MODIS,100,6.2,321.1,120.6,D,0
-17.205,134.9245,414.9,1.1,1.1,2014-09-02,0111,Terra,MODIS,100,6.2,312.5,412.8,D,0
-17.2067,134.935,379.5,1.1,1.1,2014-09-02,0111,Terra,MODIS,100,6.2,316,166.3,D,0
-17.2084,134.9455,342.8,1.1,1.1,2014-09-02,0111,Terra,MODIS,52,6.2,315.1,38.8,D,0
-17.1949,135.0445,328,1.1,1.1,2014-09-02,0111,Terra,MODIS,26,6.2,310.5,12.8,D,0
-17.2027,135.0325,331.3,1.1,1.1,2014-09-02,0111,Terra,MODIS,57,6.2,313.1,18.3,D,0
-17.2212,134.965,369.3,1.1,1.1,2014-09-02,0111,Terra,MODIS,97,6.2,316.5,112.2,D,0
-17.2228,134.9754,379.6,1.1,1.1,2014-09-02,0111,Terra,MODIS,100,6.2,319.9,155,D,0
-17.2245,134.9859,354.7,1.1,1.1,2014-09-02,0111,Terra,MODIS,96,6.2,314.8,63.2,D,0
-17.2323,134.9738,355.9,1.1,1.1,2014-09-02,0111,Terra,MODIS,87,6.2,312.7,69,D,0
-17.234,134.9843,352.1,1.1,1.1,2014-09-02,0111,Terra,MODIS,93,6.2,312.2,59.3,D,0
-15.4542,134.8068,329.1,1.2,1.1,2014-09-02,0111,Terra,MODIS,74,6.2,310.3,18.3,D,0
-17.0658,135.0254,324.3,1.1,1.1,2014-09-02,0111,Terra,MODIS,50,6.2,310.8,8.6,D,0
-17.0674,135.0358,325.6,1.1,1.1,2014-09-02,0111,Terra,MODIS,62,6.2,311.8,10.4,D,0
-17.0739,134.9858,334.8,1.1,1.1,2014-09-02,0111,Terra,MODIS,83,6.2,311.5,26.5,D,0
-17.0783,134.9526,366,1.1,1.1,2014-09-02,0111,Terra,MODIS,100,6.2,313.7,109.8,D,0
-17.08,134.9632,344.3,1.1,1.1,2014-09-02,0111,Terra,MODIS,90,6.2,313.9,46.2,D,0
-17.0878,134.951,356.1,1.1,1.1,2014-09-02,0111,Terra,MODIS,98,6.2,312,76.7,D,0
-17.0895,134.9615,338.5,1.1,1.1,2014-09-02,0111,Terra,MODIS,86,6.2,312.5,33.4,D,0
-17.0973,134.9494,336.7,1.1,1.1,2014-09-02,0111,Terra,MODIS,84,6.2,309.5,31.5,D,0
-17.1147,134.9357,359.3,1.1,1.1,2014-09-02,0111,Terra,MODIS,99,6.2,311.2,88.1,D,0
-17.1163,134.9462,395.2,1.1,1.1,2014-09-02,0111,Terra,MODIS,100,6.2,320.3,254.6,D,0
-17.118,134.9567,374.6,1.1,1.1,2014-09-02,0111,Terra,MODIS,100,6.2,317.6,140.4,D,0
-17.1197,134.9673,344,1.1,1.1,2014-09-02,0111,Terra,MODIS,90,6.2,314.8,42.2,D,0
-18.9282,133.9161,328.7,1.2,1.1,2014-09-02,0111,Terra,MODIS,77,6.2,306.7,21.7,D,0
-18.9289,133.9099,318.6,1.2,1.1,2014-09-02,0111,Terra,MODIS,38,6.2,306.7,8,D,0
-18.9308,133.9212,323.7,1.2,1.1,2014-09-02,0111,Terra,MODIS,70,6.2,305.2,15.1,D,0
-15.7773,130.2398,322.1,2.4,1.5,2014-09-02,0111,Terra,MODIS,51,6.2,309,25.5,D,0
-16.2073,128.2601,345.1,3.4,1.7,2014-09-02,0111,Terra,MODIS,92,6.2,307.7,237.6,D,0
-16.2131,128.2904,324.1,3.4,1.7,2014-09-02,0111,Terra,MODIS,31,6.2,310.1,55.9,D,0
-16.1976,128.2694,361.6,3.4,1.7,2014-09-02,0111,Terra,MODIS,100,6.2,309.4,459.7,D,0
-16.1918,128.263,344.5,3.4,1.7,2014-09-02,0111,Terra,MODIS,91,6.2,307.5,235.2,D,0
-19.007,122.3055,326.6,4.1,1.9,2014-09-02,0250,Terra,MODIS,47,6.2,315.1,73.2,D,0
-19.119,122.1749,330,4,1.9,2014-09-02,0250,Terra,MODIS,58,6.2,313.4,97.2,D,0
-19.1368,122.1287,334.3,3.9,1.8,2014-09-02,0250,Terra,MODIS,73,6.2,308.2,155.4,D,0
-19.1201,122.1303,343.8,3.9,1.8,2014-09-02,0250,Terra,MODIS,91,6.2,315.2,255.7,D,0
-19.1234,122.1677,335.2,4,1.9,2014-09-02,0250,Terra,MODIS,59,6.2,313.5,148,D,0
-19.1322,122.1359,353.9,3.9,1.8,2014-09-02,0250,Terra,MODIS,97,6.2,311.3,417.7,D,0
-21.8603,118.8222,327.5,2.4,1.5,2014-09-02,0251,Terra,MODIS,74,6.2,312.7,47.7,D,0
-21.2153,120.066,333,2.9,1.6,2014-09-02,0251,Terra,MODIS,80,6.2,313.2,92.1,D,0
-21.2154,120.0607,332.7,2.9,1.6,2014-09-02,0251,Terra,MODIS,80,6.2,313.1,90.7,D,0
-21.0147,118.4119,328.8,2.2,1.4,2014-09-02,0251,Terra,MODIS,74,6.2,312.6,38.1,D,0
-21.0169,118.433,339.7,2.2,1.4,2014-09-02,0251,Terra,MODIS,86,6.2,313.9,88.7,D,0
-21.0278,118.4263,327.2,2.2,1.4,2014-09-02,0251,Terra,MODIS,70,6.2,315.7,29.9,D,0
-21.0021,119.6078,328.1,2.7,1.6,2014-09-02,0251,Terra,MODIS,72,6.2,309.3,59.9,D,0
-20.9847,119.6838,322.7,2.7,1.6,2014-09-02,0251,Terra,MODIS,53,6.2,311.2,34.2,D,0
-21.0056,119.6019,322.3,2.7,1.6,2014-09-02,0251,Terra,MODIS,58,6.2,309.3,37.5,D,0
-21.0081,119.6275,325.7,2.7,1.6,2014-09-02,0251,Terra,MODIS,68,6.2,310.5,49.9,D,0
-20.9817,119.6896,322,2.7,1.6,2014-09-02,0251,Terra,MODIS,24,6.2,310.9,28.1,D,0
-20.9872,119.71,328.8,2.8,1.6,2014-09-02,0251,Terra,MODIS,74,6.2,309.8,67.2,D,0
-21.7181,119.5335,335.7,2.7,1.6,2014-09-02,0251,Terra,MODIS,84,6.2,310,102.8,D,0
-21.7837,119.5737,325.8,2.8,1.6,2014-09-02,0251,Terra,MODIS,71,6.2,309.7,55.2,D,0
-21.7038,119.5348,336.9,2.7,1.6,2014-09-02,0251,Terra,MODIS,85,6.2,311.8,111.6,D,0
-21.7069,119.5291,342.1,2.7,1.6,2014-09-02,0251,Terra,MODIS,89,6.2,311.7,150.6,D,0
-21.7094,119.5551,328.9,2.7,1.6,2014-09-02,0251,Terra,MODIS,76,6.2,310.9,65.9,D,0
-31.9634,147.6074,308.6,1.2,1.1,2014-09-02,0354,Aqua,MODIS,48,6.2,290.5,10.6,D,0
-29.679,149.6467,309.4,1,1,2014-09-02,0354,Aqua,MODIS,52,6.2,295.5,5.6,D,0
-29.6775,149.657,313.9,1,1,2014-09-02,0354,Aqua,MODIS,68,6.2,296.5,8.9,D,0
-28.5203,151.9034,330.4,1.1,1,2014-09-02,0354,Aqua,MODIS,86,6.2,293,31.6,D,0
-30.285,148.4963,309.4,1.1,1,2014-09-02,0354,Aqua,MODIS,67,6.2,295.8,6.1,D,0
-28.5221,151.8921,309.9,1.1,1,2014-09-02,0354,Aqua,MODIS,44,6.2,291.3,8.6,D,0
-30.524,147.6814,311.2,1.1,1.1,2014-09-02,0354,Aqua,MODIS,57,6.2,296.6,8.4,D,0
-28.1313,151.4509,360.1,1.1,1,2014-09-02,0354,Aqua,MODIS,94,6.2,302.3,91.3,D,0
-28.1296,151.4618,366.1,1.1,1,2014-09-02,0354,Aqua,MODIS,100,6.2,301.8,110.6,D,0
-28.1389,151.4637,321.2,1.1,1,2014-09-02,0354,Aqua,MODIS,76,6.2,299,16.8,D,0
-28.1208,149.4834,338.4,1,1,2014-09-02,0355,Aqua,MODIS,85,6.2,300.1,34.5,D,0
-28.1118,149.4817,322.9,1,1,2014-09-02,0355,Aqua,MODIS,47,6.2,299.7,15,D,0
-28.1194,149.4935,322.3,1,1,2014-09-02,0355,Aqua,MODIS,42,6.2,297.7,13.4,D,0
-27.5659,151.7968,314.2,1.1,1.1,2014-09-02,0355,Aqua,MODIS,66,6.2,301.1,7.1,D,0
-26.7758,152.608,315.1,1.3,1.1,2014-09-02,0355,Aqua,MODIS,66,6.2,296.7,14.8,D,0
-24.7654,151.4889,318.4,1.2,1.1,2014-09-02,0355,Aqua,MODIS,64,6.2,301.6,13,D,0
-24.8563,150.9835,323.2,1.1,1.1,2014-09-02,0355,Aqua,MODIS,61,6.2,294.6,18.1,D,0
-25.4059,149.1155,344.3,1,1,2014-09-02,0355,Aqua,MODIS,92,6.2,307.1,40.3,D,0
-27.2445,148.6651,315.8,1,1,2014-09-02,0355,Aqua,MODIS,60,6.2,302.8,6,D,0
-26.5673,147.9753,355,1,1,2014-09-02,0355,Aqua,MODIS,97,6.2,305.5,66.7,D,0
-26.5687,147.965,387.7,1,1,2014-09-02,0355,Aqua,MODIS,100,6.2,311.6,186.1,D,0
-26.5701,147.9547,320.1,1,1,2014-09-02,0355,Aqua,MODIS,63,6.2,305.4,8.5,D,0
-26.5595,147.9634,322.3,1,1,2014-09-02,0355,Aqua,MODIS,73,6.2,305.2,11.1,D,0
-24.1926,151.605,316.6,1.2,1.1,2014-09-02,0355,Aqua,MODIS,55,6.2,301.1,11.3,D,0
-24.1946,151.5931,313.3,1.2,1.1,2014-09-02,0355,Aqua,MODIS,41,6.2,302,6.8,D,0
-26.6958,150.1634,315.9,1,1,2014-09-02,0355,Aqua,MODIS,47,6.2,301.5,8.7,D,0
-24.7882,151.4092,325.8,1.2,1.1,2014-09-02,0355,Aqua,MODIS,76,6.2,299.8,21.7,D,0
-26.2145,151.0157,342.3,1.1,1,2014-09-02,0355,Aqua,MODIS,91,6.2,304.9,44.3,D,0
-26.1871,150.3681,319.3,1,1,2014-09-02,0355,Aqua,MODIS,71,6.2,302.3,11.3,D,0
-27.0275,150.7746,312.9,1,1,2014-09-02,0355,Aqua,MODIS,56,6.2,299.9,6,D,0
-26.1887,150.3577,321.5,1,1,2014-09-02,0355,Aqua,MODIS,74,6.2,303.7,13.5,D,0
-26.2238,151.0175,382.6,1.1,1,2014-09-02,0355,Aqua,MODIS,100,6.2,312.1,176.6,D,0
-24.8267,151.4169,328.8,1.2,1.1,2014-09-02,0355,Aqua,MODIS,67,6.2,300.5,23.5,D,0
-26.6146,151.4659,323,1.1,1.1,2014-09-02,0355,Aqua,MODIS,76,6.2,303.7,15.2,D,0
-24.8226,151.3806,329.7,1.2,1.1,2014-09-02,0355,Aqua,MODIS,33,6.2,301.6,22.5,D,0
-25.7859,150.9352,321,1.1,1,2014-09-02,0355,Aqua,MODIS,71,6.2,298.5,11.7,D,0
-25.7843,150.946,317,1.1,1,2014-09-02,0355,Aqua,MODIS,51,6.2,297.9,7.7,D,0
-24.8262,151.358,332.8,1.2,1.1,2014-09-02,0355,Aqua,MODIS,84,6.2,302.6,30.1,D,0
-25.7749,150.9441,340.5,1.1,1,2014-09-02,0355,Aqua,MODIS,90,6.2,300.6,39.4,D,0
-25.7766,150.9334,356.2,1.1,1,2014-09-02,0355,Aqua,MODIS,98,6.2,303.4,76.1,D,0
-26.317,150.8328,332.7,1.1,1,2014-09-02,0355,Aqua,MODIS,38,6.2,304.4,24,D,0
-26.3187,150.8222,350.9,1.1,1,2014-09-02,0355,Aqua,MODIS,96,6.2,306.5,58.7,D,0
-26.3203,150.8116,327.6,1.1,1,2014-09-02,0355,Aqua,MODIS,70,6.2,303.7,18.6,D,0
-26.2986,150.8444,325.7,1.1,1,2014-09-02,0355,Aqua,MODIS,48,6.2,302.1,17,D,0
-26.3002,150.8338,340.2,1.1,1,2014-09-02,0355,Aqua,MODIS,85,6.2,304.6,37.9,D,0
-26.3019,150.8232,339.3,1.1,1,2014-09-02,0355,Aqua,MODIS,89,6.2,306.2,37.1,D,0
-26.3035,150.8126,322.4,1.1,1,2014-09-02,0355,Aqua,MODIS,22,6.2,303.9,13.4,D,0
-26.3296,150.8134,364.3,1.1,1,2014-09-02,0355,Aqua,MODIS,100,6.2,309.1,99.1,D,0
-26.2725,150.8284,350.9,1.1,1,2014-09-02,0355,Aqua,MODIS,96,6.2,305.1,61.7,D,0
-26.2741,150.8177,325,1.1,1,2014-09-02,0355,Aqua,MODIS,41,6.2,303.7,15.8,D,0
-26.2926,150.8214,337.5,1.1,1,2014-09-02,0355,Aqua,MODIS,87,6.2,305.3,33.9,D,0
-26.3279,150.824,363.6,1.1,1,2014-09-02,0355,Aqua,MODIS,100,6.2,307.1,95.1,D,0
-26.3263,150.8347,348.2,1.1,1,2014-09-02,0355,Aqua,MODIS,94,6.2,305,54.9,D,0
-26.3246,150.8453,320.7,1.1,1,2014-09-02,0355,Aqua,MODIS,38,6.2,301.1,11.5,D,0
-26.2817,150.8302,339.3,1.1,1,2014-09-02,0355,Aqua,MODIS,89,6.2,304.5,36.4,D,0
-25.3897,149.1636,326.8,1,1,2014-09-02,0355,Aqua,MODIS,77,6.2,304.9,16.2,D,0
-24.7226,150.1213,345.5,1,1,2014-09-02,0355,Aqua,MODIS,92,6.2,312.4,43,D,0
-24.7211,150.1316,371.3,1,1,2014-09-02,0355,Aqua,MODIS,100,6.2,313,115.6,D,0
-27.5583,151.7836,314.7,1.1,1.1,2014-09-02,0355,Aqua,MODIS,67,6.2,300.4,7.3,D,0
-27.2061,152.3065,323.2,1.2,1.1,2014-09-02,0355,Aqua,MODIS,77,6.2,302.5,18.9,D,0
-27.2041,152.3183,323.2,1.2,1.1,2014-09-02,0355,Aqua,MODIS,77,6.2,302.3,18.9,D,0
-25.4044,149.1255,333.5,1,1,2014-09-02,0355,Aqua,MODIS,70,6.2,305.6,22.3,D,0
-26.2034,151.0247,340.4,1.1,1,2014-09-02,0355,Aqua,MODIS,90,6.2,304.1,40.7,D,0
-26.2051,151.0138,340.1,1.1,1,2014-09-02,0355,Aqua,MODIS,90,6.2,304.6,39.9,D,0
-26.2331,151.0193,351.2,1.1,1,2014-09-02,0355,Aqua,MODIS,96,6.2,304.7,63.7,D,0
-26.2221,151.0284,321.7,1.1,1,2014-09-02,0355,Aqua,MODIS,54,6.2,301.9,12.8,D,0
-26.2348,151.0085,335,1.1,1,2014-09-02,0355,Aqua,MODIS,87,6.2,304.1,30.6,D,0
-26.7947,150.432,325.9,1,1,2014-09-02,0355,Aqua,MODIS,78,6.2,302.9,17.6,D,0
-24.7195,150.1419,327.5,1,1,2014-09-02,0355,Aqua,MODIS,77,6.2,308.4,14.2,D,0
-24.7034,151.8052,319.2,1.2,1.1,2014-09-02,0355,Aqua,MODIS,67,6.2,304.6,13.1,D,0
-24.7014,151.8173,318.9,1.2,1.1,2014-09-02,0355,Aqua,MODIS,67,6.2,303.4,12.3,D,0
-24.2409,151.8056,320.1,1.2,1.1,2014-09-02,0355,Aqua,MODIS,60,6.2,299.2,16.3,D,0
-24.2488,151.82,315.7,1.2,1.1,2014-09-02,0355,Aqua,MODIS,16,6.2,298.7,10.4,D,0
-24.2508,151.8078,333.1,1.2,1.1,2014-09-02,0355,Aqua,MODIS,85,6.2,299.8,36.8,D,0
-25.9435,150.9227,351.3,1.1,1,2014-09-02,0355,Aqua,MODIS,83,6.2,272.4,71.1,D,0
-25.9452,150.9119,327.3,1.1,1,2014-09-02,0355,Aqua,MODIS,61,6.2,269.6,26,D,0
-25.9342,150.9208,358.3,1.1,1,2014-09-02,0355,Aqua,MODIS,86,6.2,277,89.3,D,0
-25.9359,150.91,328.1,1.1,1,2014-09-02,0355,Aqua,MODIS,76,6.2,269.5,27.3,D,0
-25.9266,150.9082,310.2,1.1,1,2014-09-02,0355,Aqua,MODIS,8,6.2,273.5,8.3,D,0
-25.9249,150.919,363.5,1.1,1,2014-09-02,0355,Aqua,MODIS,87,6.2,286.8,105.1,D,0
-25.918,150.922,342.5,1.1,1,2014-09-02,0355,Aqua,MODIS,86,6.2,287.6,51.1,D,0
-25.9196,150.9113,327.7,1.1,1,2014-09-02,0355,Aqua,MODIS,80,6.2,289.1,26.9,D,0
-23.9934,151.2461,315.7,1.2,1.1,2014-09-02,0356,Aqua,MODIS,44,6.2,303.5,8.1,D,0
-23.9308,149.2625,339.2,1,1,2014-09-02,0356,Aqua,MODIS,87,6.2,307,30.2,D,0
-23.9337,149.2427,320.7,1,1,2014-09-02,0356,Aqua,MODIS,29,6.2,308,6.5,D,0
-23.9217,149.2609,332.2,1,1,2014-09-02,0356,Aqua,MODIS,81,6.2,307.3,18.9,D,0
-23.9232,149.251,333.7,1,1,2014-09-02,0356,Aqua,MODIS,82,6.2,306.9,20.9,D,0
-23.9247,149.2411,348.9,1,1,2014-09-02,0356,Aqua,MODIS,94,6.2,310.2,48.8,D,0
-24.0595,147.5215,325.9,1,1,2014-09-02,0356,Aqua,MODIS,73,6.2,309.3,11.9,D,0
-23.4189,149.7997,321,1,1,2014-09-02,0356,Aqua,MODIS,58,6.2,308.3,7.8,D,0
-23.426,149.7964,322.8,1,1,2014-09-02,0356,Aqua,MODIS,63,6.2,306.8,9.6,D,0
-23.4276,149.7862,328.4,1,1,2014-09-02,0356,Aqua,MODIS,76,6.2,305.8,16.8,D,0
-23.4205,149.7895,321.8,1,1,2014-09-02,0356,Aqua,MODIS,63,6.2,306,8.8,D,0
-23.5048,150.5331,340.3,1.1,1,2014-09-02,0356,Aqua,MODIS,88,6.2,307.1,38.3,D,0
-23.5065,150.5224,326,1.1,1,2014-09-02,0356,Aqua,MODIS,74,6.2,306.9,14.9,D,0
-24.2363,149.4338,371.8,1,1,2014-09-02,0356,Aqua,MODIS,100,6.2,308.9,113.2,D,0
-24.2378,149.4238,341.8,1,1,2014-09-02,0356,Aqua,MODIS,89,6.2,307.5,34.7,D,0
-23.8809,149.2231,339,1,1,2014-09-02,0356,Aqua,MODIS,87,6.2,306.6,33.1,D,0
-23.8795,149.233,319.1,1,1,2014-09-02,0356,Aqua,MODIS,48,6.2,305.8,7.6,D,0
-23.6998,150.8975,319.9,1.1,1.1,2014-09-02,0356,Aqua,MODIS,65,6.2,301.1,11.8,D,0
-22.5919,150.0778,327.2,1.1,1,2014-09-02,0356,Aqua,MODIS,76,6.2,307,19,D,0
-24.2273,149.4321,325.8,1,1,2014-09-02,0356,Aqua,MODIS,73,6.2,307.4,12.6,D,0
-24.2288,149.4221,358.5,1,1,2014-09-02,0356,Aqua,MODIS,99,6.2,310.4,71.8,D,0
-24.2303,149.4122,337,1,1,2014-09-02,0356,Aqua,MODIS,86,6.2,308.6,26.3,D,0
-24.2317,149.4022,323.3,1,1,2014-09-02,0356,Aqua,MODIS,34,6.2,308.9,9,D,0
-24.2242,149.3907,330.4,1,1,2014-09-02,0356,Aqua,MODIS,74,6.2,307.8,17.3,D,0
-24.2257,149.3807,319.5,1,1,2014-09-02,0356,Aqua,MODIS,30,6.2,307.9,6.1,D,0
-24.2054,149.4021,326.7,1,1,2014-09-02,0356,Aqua,MODIS,74,6.2,309.3,12.4,D,0
-23.8944,151.0458,319.5,1.1,1.1,2014-09-02,0356,Aqua,MODIS,62,6.2,303.6,11.3,D,0
-23.8848,151.0441,326.7,1.1,1.1,2014-09-02,0356,Aqua,MODIS,75,6.2,303.2,20,D,0
-23.9293,149.2724,355.5,1,1,2014-09-02,0356,Aqua,MODIS,97,6.2,307.2,64.4,D,0
-23.9159,149.3004,321.6,1,1,2014-09-02,0356,Aqua,MODIS,64,6.2,298.5,11.9,D,0
-23.9174,149.2905,367.5,1,1,2014-09-02,0356,Aqua,MODIS,100,6.2,307.4,101.3,D,0
-23.9188,149.2806,344.5,1,1,2014-09-02,0356,Aqua,MODIS,91,6.2,306.1,40.4,D,0
-23.9203,149.2707,350.8,1,1,2014-09-02,0356,Aqua,MODIS,95,6.2,306.9,52.9,D,0
-23.9068,149.2988,427.5,1,1,2014-09-02,0356,Aqua,MODIS,100,6.2,310.8,462.7,D,0
-23.9083,149.2889,502,1,1,2014-09-02,0356,Aqua,MODIS,100,6.2,400.1,1678.9,D,0
-23.9098,149.2789,420.8,1,1,2014-09-02,0356,Aqua,MODIS,100,6.2,324.7,396.5,D,0
-23.9112,149.2691,336.3,1,1,2014-09-02,0356,Aqua,MODIS,85,6.2,306.9,25.3,D,0
-23.6805,150.3741,319.3,1.1,1,2014-09-02,0356,Aqua,MODIS,61,6.2,303.7,9.6,D,0
-23.8978,149.2971,340.3,1,1,2014-09-02,0356,Aqua,MODIS,87,6.2,302,35.2,D,0
-23.8993,149.2872,365.8,1,1,2014-09-02,0356,Aqua,MODIS,100,6.2,309.6,93.1,D,0
-23.9007,149.2773,342.6,1,1,2014-09-02,0356,Aqua,MODIS,79,6.2,308.8,35,D,0
-23.8888,149.2955,319.6,1,1,2014-09-02,0356,Aqua,MODIS,55,6.2,302.7,9.1,D,0
-23.8902,149.2856,347.5,1,1,2014-09-02,0356,Aqua,MODIS,93,6.2,306.5,48.3,D,0
-23.8917,149.2757,334.8,1,1,2014-09-02,0356,Aqua,MODIS,74,6.2,308.4,24.4,D,0
-23.8827,149.274,339.7,1,1,2014-09-02,0356,Aqua,MODIS,88,6.2,304.7,33.9,D,0
-18.4308,146.3216,378.6,1,1,2014-09-02,0357,Aqua,MODIS,87,6.2,305,145.8,D,0
-18.4217,146.3203,379.4,1,1,2014-09-02,0357,Aqua,MODIS,94,6.2,307.7,146.5,D,0
-18.4058,146.312,324.6,1,1,2014-09-02,0357,Aqua,MODIS,0,6.2,301,19.8,D,0
-18.4321,146.3122,326.3,1,1,2014-09-02,0357,Aqua,MODIS,76,6.2,298.8,18.7,D,0
-18.4191,146.3394,347.8,1,1,2014-09-02,0357,Aqua,MODIS,0,6.2,301,53.2,D,0
-18.414,146.3093,350.8,1,1,2014-09-02,0357,Aqua,MODIS,95,6.2,302.8,58.9,D,0
-18.423,146.3109,338.5,1,1,2014-09-02,0357,Aqua,MODIS,88,6.2,301.9,33.5,D,0
-18.4127,146.3187,367.4,1,1,2014-09-02,0357,Aqua,MODIS,100,6.2,302.2,103.1,D,0
-18.4204,146.3299,377,1,1,2014-09-02,0357,Aqua,MODIS,75,6.2,307.9,138.5,D,0
-18.4071,146.3026,319.7,1,1,2014-09-02,0357,Aqua,MODIS,50,6.2,300.8,14.2,D,0
-19.6404,147.1342,323.2,1,1,2014-09-02,0357,Aqua,MODIS,59,6.2,307.3,9.8,D,0
-18.3897,145.5522,331.5,1.1,1,2014-09-02,0357,Aqua,MODIS,79,6.2,308.4,22.9,D,0
-18.3526,145.5468,322.3,1.1,1,2014-09-02,0357,Aqua,MODIS,68,6.2,303.2,13.1,D,0
-20.6755,143.1499,329.6,1.5,1.2,2014-09-02,0357,Aqua,MODIS,72,6.2,313.8,22.6,D,0
-20.7956,148.5626,378.6,1,1,2014-09-02,0357,Aqua,MODIS,100,6.2,308.9,143.4,D,0
-18.5006,146.0853,335.7,1,1,2014-09-02,0357,Aqua,MODIS,85,6.2,298.7,33.9,D,0
-18.4942,146.0641,328.6,1,1,2014-09-02,0357,Aqua,MODIS,78,6.2,300.5,22.6,D,0
-20.788,148.5514,335.5,1,1,2014-09-02,0357,Aqua,MODIS,83,6.2,306.6,30,D,0
-18.4887,146.1039,352.9,1,1,2014-09-02,0357,Aqua,MODIS,96,6.2,300.1,67.8,D,0
-18.4992,146.0952,333.7,1,1,2014-09-02,0357,Aqua,MODIS,83,6.2,298.7,30.6,D,0
-18.0728,145.93,326.1,1,1,2014-09-02,0357,Aqua,MODIS,75,6.2,306.3,15.1,D,0
-18.3712,145.5495,352.6,1.1,1,2014-09-02,0357,Aqua,MODIS,96,6.2,309.8,63.8,D,0
-18.399,145.5536,323.9,1.1,1,2014-09-02,0357,Aqua,MODIS,69,6.2,309.4,13.7,D,0
-18.3698,145.5596,332.1,1.1,1,2014-09-02,0357,Aqua,MODIS,71,6.2,305.3,24.2,D,0
-18.3725,145.5394,328.7,1.1,1,2014-09-02,0357,Aqua,MODIS,51,6.2,307.4,17.8,D,0
-20.7866,148.561,338.7,1,1,2014-09-02,0357,Aqua,MODIS,86,6.2,303.3,34.3,D,0
-18.4901,146.0939,328.7,1,1,2014-09-02,0357,Aqua,MODIS,78,6.2,298.8,24,D,0
-20.7971,148.5529,372.4,1,1,2014-09-02,0357,Aqua,MODIS,100,6.2,313.5,119.9,D,0
-18.4928,146.074,327.9,1,1,2014-09-02,0357,Aqua,MODIS,77,6.2,299.9,22.7,D,0
-18.3619,145.5481,331.1,1.1,1,2014-09-02,0357,Aqua,MODIS,80,6.2,304.2,23.5,D,0
-14.8768,144.9253,339.4,1.1,1,2014-09-02,0358,Aqua,MODIS,87,6.2,309.2,32.4,D,0
-15.5742,145.2653,325.4,1,1,2014-09-02,0358,Aqua,MODIS,66,6.2,301.5,16,D,0
-16.3308,136.6349,332.5,4.1,1.9,2014-09-02,0358,Aqua,MODIS,81,6.2,313.2,128.1,D,0
-16.0584,144.5449,338,1.1,1.1,2014-09-02,0358,Aqua,MODIS,41,6.2,314.1,26.9,D,0
-15.5216,145.112,330.6,1.1,1,2014-09-02,0358,Aqua,MODIS,79,6.2,305.6,22.4,D,0
-15.5771,145.107,341.6,1.1,1,2014-09-02,0358,Aqua,MODIS,89,6.2,307.3,38,D,0
-15.5494,145.1027,345.8,1.1,1,2014-09-02,0358,Aqua,MODIS,92,6.2,307.1,45.7,D,0
-15.5692,145.0957,323.9,1.1,1,2014-09-02,0358,Aqua,MODIS,50,6.2,307.9,12.1,D,0
-14.8215,142.2683,335.8,1.5,1.2,2014-09-02,0358,Aqua,MODIS,82,6.2,312.7,35.6,D,0
-15.2931,145.0961,324,1.1,1,2014-09-02,0358,Aqua,MODIS,69,6.2,305.7,16.1,D,0
-15.3307,144.6771,339.3,1.1,1,2014-09-02,0358,Aqua,MODIS,87,6.2,310.9,31.5,D,0
-15.4005,135.6401,322.1,4.7,2,2014-09-02,0358,Aqua,MODIS,26,6.2,308.2,76.7,D,0
-14.8952,144.9284,334.2,1.1,1,2014-09-02,0358,Aqua,MODIS,82,6.2,305.6,26.3,D,0
-14.8253,142.2754,335.2,1.5,1.2,2014-09-02,0358,Aqua,MODIS,81,6.2,312.8,33.2,D,0
-14.8154,142.3558,329,1.4,1.2,2014-09-02,0358,Aqua,MODIS,48,6.2,314.4,15,D,0
-15.5679,145.1055,320.9,1.1,1,2014-09-02,0358,Aqua,MODIS,30,6.2,306,8.6,D,0
-15.3825,135.6392,339.8,4.7,2,2014-09-02,0358,Aqua,MODIS,90,6.2,306.6,297.7,D,0
-15.5877,145.0984,319.7,1.1,1,2014-09-02,0358,Aqua,MODIS,32,6.2,304.6,7.8,D,0
-15.5508,145.0929,327.3,1.1,1,2014-09-02,0358,Aqua,MODIS,52,6.2,307.1,14.9,D,0
-15.332,144.667,329.6,1.1,1,2014-09-02,0358,Aqua,MODIS,71,6.2,310.9,16.3,D,0
-15.5784,145.0971,354.6,1.1,1,2014-09-02,0358,Aqua,MODIS,97,6.2,310.2,66.6,D,0
-15.5798,145.0873,326.1,1.1,1,2014-09-02,0358,Aqua,MODIS,46,6.2,304.2,14.1,D,0
-15.582,145.2763,340.3,1,1,2014-09-02,0358,Aqua,MODIS,88,6.2,305.4,38.5,D,0
-15.3599,135.5021,326,4.8,2,2014-09-02,0358,Aqua,MODIS,77,6.2,304.7,131.2,D,0
-15.9778,144.3124,340.9,1.1,1.1,2014-09-02,0358,Aqua,MODIS,88,6.2,311.5,36.8,D,0
-15.3998,135.6477,322.7,4.7,2,2014-09-02,0358,Aqua,MODIS,29,6.2,308,82.5,D,0
-14.9507,145.12,328.2,1,1,2014-09-02,0358,Aqua,MODIS,75,6.2,307.5,18.5,D,0
-16.1073,136.4712,326.1,4.1,1.9,2014-09-02,0358,Aqua,MODIS,71,6.2,311.6,79.1,D,0
-15.5834,145.2666,335.8,1,1,2014-09-02,0358,Aqua,MODIS,84,6.2,304.8,29.3,D,0
-14.6785,144.5647,323.3,1.1,1,2014-09-02,0358,Aqua,MODIS,56,6.2,305.9,11.4,D,0
-14.89,144.8976,338,1.1,1,2014-09-02,0358,Aqua,MODIS,86,6.2,306.8,33.6,D,0
-15.3099,145.2469,341,1,1,2014-09-02,0358,Aqua,MODIS,89,6.2,307.2,40.9,D,0
-15.8195,135.5811,329.4,4.8,2,2014-09-02,0358,Aqua,MODIS,60,6.2,310.3,143.8,D,0
-15.5401,145.2404,321.9,1,1,2014-09-02,0358,Aqua,MODIS,62,6.2,305.2,12.9,D,0
-14.6225,144.5564,324.4,1.1,1,2014-09-02,0358,Aqua,MODIS,40,6.2,306.1,12.1,D,0
-15.3819,135.6466,338,4.7,2,2014-09-02,0358,Aqua,MODIS,89,6.2,306.4,271.1,D,0
-16.0503,144.5332,335.6,1.1,1.1,2014-09-02,0358,Aqua,MODIS,77,6.2,312.1,24.8,D,0
-14.8913,144.8879,330.7,1.1,1,2014-09-02,0358,Aqua,MODIS,78,6.2,306.9,23,D,0
-15.2729,145.0578,326.1,1.1,1,2014-09-02,0358,Aqua,MODIS,72,6.2,304,19.2,D,0
-14.9044,144.9298,329.8,1.1,1,2014-09-02,0358,Aqua,MODIS,66,6.2,304,19.8,D,0
-15.8309,135.6314,324.5,4.7,2,2014-09-02,0358,Aqua,MODIS,78,6.2,312.1,100.4,D,0
-15.8129,135.6295,357.2,4.7,2,2014-09-02,0358,Aqua,MODIS,98,6.2,311.7,624.1,D,0
-15.8171,135.5843,334.9,4.8,2,2014-09-02,0358,Aqua,MODIS,78,6.2,309.9,210.9,D,0
-15.7971,135.6245,328.2,4.7,2,2014-09-02,0358,Aqua,MODIS,79,6.2,308.8,139.1,D,0
-15.3584,135.5094,323.1,4.8,2,2014-09-02,0358,Aqua,MODIS,56,6.2,304.4,95.4,D,0
-14.8755,144.9349,331.6,1.1,1,2014-09-02,0358,Aqua,MODIS,54,6.2,308.9,19.7,D,0
-15.3439,144.7917,328,1.1,1,2014-09-02,0358,Aqua,MODIS,75,6.2,310.7,12.7,D,0
-15.815,135.6264,356,4.7,2,2014-09-02,0358,Aqua,MODIS,98,6.2,311.9,601.8,D,0
-15.324,144.7275,323.2,1.1,1,2014-09-02,0358,Aqua,MODIS,58,6.2,308.9,9.1,D,0
-15.9682,144.3111,331.4,1.1,1.1,2014-09-02,0358,Aqua,MODIS,79,6.2,310.5,20.4,D,0
-15.9696,144.3005,326.2,1.1,1.1,2014-09-02,0358,Aqua,MODIS,71,6.2,313.6,12.6,D,0
-15.9792,144.3019,341.5,1.1,1.1,2014-09-02,0358,Aqua,MODIS,88,6.2,313.9,38.1,D,0
-16.1101,136.4755,329.2,4.1,1.9,2014-09-02,0358,Aqua,MODIS,82,6.2,311.9,111.8,D,0
-16.0467,136.3862,323.1,4.2,1.9,2014-09-02,0358,Aqua,MODIS,70,6.2,310.9,47.1,D,0
-15.3532,144.7931,323,1.1,1,2014-09-02,0358,Aqua,MODIS,38,6.2,308.7,5.7,D,0
-14.9057,144.9201,339.7,1.1,1,2014-09-02,0358,Aqua,MODIS,87,6.2,305.5,35.2,D,0
-14.6318,144.5578,329.5,1.1,1,2014-09-02,0358,Aqua,MODIS,58,6.2,308.1,18.9,D,0
-15.3262,144.6708,326.7,1.1,1,2014-09-02,0358,Aqua,MODIS,73,6.2,308.6,14.1,D,0
-16.0991,144.3144,325.1,1.1,1.1,2014-09-02,0358,Aqua,MODIS,60,6.2,313.5,9.5,D,0
-14.8093,142.3619,332.7,1.4,1.2,2014-09-02,0358,Aqua,MODIS,77,6.2,314.3,20.8,D,0
-14.866,142.212,330.4,1.5,1.2,2014-09-02,0358,Aqua,MODIS,75,6.2,311.3,27.5,D,0
-14.8198,142.2818,324.8,1.5,1.2,2014-09-02,0358,Aqua,MODIS,44,6.2,311.1,10.2,D,0
-15.2838,145.2332,317.9,1,1,2014-09-02,0358,Aqua,MODIS,47,6.2,301.9,9.5,D,0
-16.6537,137.0276,333.6,3.8,1.8,2014-09-02,0358,Aqua,MODIS,54,6.2,313.6,130.7,D,0
-16.5943,137.05,330.2,3.8,1.8,2014-09-02,0358,Aqua,MODIS,83,6.2,311.1,120.2,D,0
-16.5885,137.0451,330.4,3.8,1.8,2014-09-02,0358,Aqua,MODIS,83,6.2,310.2,120.5,D,0
-14.8504,142.8863,337.2,1.3,1.1,2014-09-02,0358,Aqua,MODIS,84,6.2,310.7,38.5,D,0
-14.8334,143.0204,340.5,1.3,1.1,2014-09-02,0358,Aqua,MODIS,87,6.2,305.4,46.3,D,0
-16.6637,137.0211,335,3.8,1.8,2014-09-02,0358,Aqua,MODIS,85,6.2,312.1,148.1,D,0
-16.6472,137.0195,333.4,3.8,1.8,2014-09-02,0358,Aqua,MODIS,85,6.2,314.2,139.8,D,0
-16.6508,136.9832,322.9,3.8,1.8,2014-09-02,0358,Aqua,MODIS,25,6.2,311.6,50.7,D,0
-16.6307,137.0176,349.2,3.8,1.8,2014-09-02,0358,Aqua,MODIS,95,6.2,314.3,316.5,D,0
-16.6343,136.9814,357.8,3.8,1.8,2014-09-02,0358,Aqua,MODIS,99,6.2,314.6,461.8,D,0
-16.6143,137.0157,339.1,3.8,1.8,2014-09-02,0358,Aqua,MODIS,80,6.2,311.4,195.2,D,0
-16.6178,136.9796,371.6,3.8,1.8,2014-09-02,0358,Aqua,MODIS,100,6.2,311.1,760.3,D,0
-16.5978,137.0139,330.6,3.8,1.8,2014-09-02,0358,Aqua,MODIS,83,6.2,309.9,127.8,D,0
-16.6251,137.0126,358.7,3.8,1.8,2014-09-02,0358,Aqua,MODIS,99,6.2,314.4,476.1,D,0
-16.5922,137.009,325.4,3.8,1.8,2014-09-02,0358,Aqua,MODIS,71,6.2,308.5,83,D,0
-17.645,138.2932,331.9,3.2,1.7,2014-09-02,0358,Aqua,MODIS,64,6.2,315.8,76.9,D,0
-17.6441,138.3155,330.5,3.1,1.7,2014-09-02,0358,Aqua,MODIS,38,6.2,314.5,65.9,D,0
-16.065,144.2768,335.6,1.1,1.1,2014-09-02,0358,Aqua,MODIS,80,6.2,313,24.4,D,0
-16.0636,144.2874,345.9,1.1,1.1,2014-09-02,0358,Aqua,MODIS,92,6.2,314.6,46,D,0
-16.3549,136.5601,330.4,4.1,1.9,2014-09-02,0358,Aqua,MODIS,72,6.2,312.9,100.7,D,0
-16.3511,136.5517,332,4.1,1.9,2014-09-02,0358,Aqua,MODIS,84,6.2,312.8,115.9,D,0
-16.6289,136.9764,368.8,3.8,1.8,2014-09-02,0358,Aqua,MODIS,100,6.2,315.3,689.9,D,0
-14.8054,142.6066,332.4,1.4,1.2,2014-09-02,0358,Aqua,MODIS,78,6.2,308,31.1,D,0
-14.8038,142.6194,328.3,1.4,1.2,2014-09-02,0358,Aqua,MODIS,61,6.2,310.1,21,D,0
-14.8435,143.0218,410.6,1.3,1.1,2014-09-02,0358,Aqua,MODIS,100,6.2,321.6,455.6,D,0
-14.8336,142.8786,327.2,1.3,1.1,2014-09-02,0358,Aqua,MODIS,35,6.2,310.4,16.8,D,0
-14.8143,142.6209,365.9,1.4,1.2,2014-09-02,0358,Aqua,MODIS,100,6.2,312.8,141.2,D,0
-14.842,143.0338,386,1.3,1.1,2014-09-02,0358,Aqua,MODIS,100,6.2,315.7,243.3,D,0
-14.8522,143.0352,336,1.3,1.1,2014-09-02,0358,Aqua,MODIS,80,6.2,311.6,33.1,D,0
-14.8405,143.0458,327.1,1.3,1.1,2014-09-02,0358,Aqua,MODIS,43,6.2,309.3,16.9,D,0
-14.8432,142.8602,353.4,1.3,1.1,2014-09-02,0358,Aqua,MODIS,96,6.2,309.8,85.6,D,0
-14.8401,142.8849,336.4,1.3,1.1,2014-09-02,0358,Aqua,MODIS,83,6.2,311.3,34.8,D,0
-14.8248,142.6223,351,1.4,1.2,2014-09-02,0358,Aqua,MODIS,94,6.2,310.8,76.2,D,0
-14.8506,143.0472,333.6,1.3,1.1,2014-09-02,0358,Aqua,MODIS,68,6.2,311.1,28,D,0
-16.129,137.0432,323.1,3.8,1.8,2014-09-02,0358,Aqua,MODIS,61,6.2,310.3,59.8,D,0
-16.1382,137.0367,325,3.8,1.8,2014-09-02,0358,Aqua,MODIS,77,6.2,309.2,74.3,D,0
-14.271,143.2769,324.1,1.2,1.1,2014-09-02,0358,Aqua,MODIS,64,6.2,308.4,12.5,D,0
-14.8231,142.635,338.7,1.4,1.2,2014-09-02,0358,Aqua,MODIS,67,6.2,313,37.9,D,0
-17.7264,138.9596,326.4,2.8,1.6,2014-09-02,0358,Aqua,MODIS,68,6.2,315.9,39,D,0
-14.8336,142.6364,338.2,1.4,1.2,2014-09-02,0358,Aqua,MODIS,80,6.2,312.9,37.5,D,0
-14.8069,141.7675,329.5,1.6,1.2,2014-09-02,0358,Aqua,MODIS,70,6.2,311.9,21.5,D,0
-16.259,136.6191,345.1,4.1,1.9,2014-09-02,0358,Aqua,MODIS,93,6.2,312.8,277.3,D,0
-16.2554,136.6572,324.3,4,1.9,2014-09-02,0358,Aqua,MODIS,35,6.2,312.6,50.5,D,0
-15.5326,144.9633,340.7,1.1,1,2014-09-02,0358,Aqua,MODIS,88,6.2,309.3,37.7,D,0
-15.6044,145.2501,323.3,1,1,2014-09-02,0358,Aqua,MODIS,41,6.2,304.8,14.2,D,0
-15.5339,144.9536,407.1,1.1,1,2014-09-02,0358,Aqua,MODIS,100,6.2,316.2,318.2,D,0
-15.5353,144.9437,339.2,1.1,1,2014-09-02,0358,Aqua,MODIS,87,6.2,303.4,37.9,D,0
-15.5233,144.9619,337.1,1.1,1,2014-09-02,0358,Aqua,MODIS,85,6.2,307.1,32,D,0
-15.5247,144.9521,336.8,1.1,1,2014-09-02,0358,Aqua,MODIS,85,6.2,306,32.8,D,0
-15.5141,144.9605,326,1.1,1,2014-09-02,0358,Aqua,MODIS,72,6.2,305.9,16.2,D,0
-15.5419,144.9648,338,1.1,1,2014-09-02,0358,Aqua,MODIS,86,6.2,307.5,33.3,D,0
-15.5405,144.9745,330.2,1.1,1,2014-09-02,0358,Aqua,MODIS,78,6.2,306.8,20.9,D,0
-16.2554,136.6145,341.2,4.1,1.9,2014-09-02,0358,Aqua,MODIS,91,6.2,312.3,225.9,D,0
-15.5299,144.983,328.9,1.1,1,2014-09-02,0358,Aqua,MODIS,76,6.2,307.4,18.7,D,0
-16.0606,136.3801,325.5,4.2,1.9,2014-09-02,0358,Aqua,MODIS,79,6.2,312.6,69.6,D,0
-15.5313,144.9731,331.7,1.1,1,2014-09-02,0358,Aqua,MODIS,80,6.2,309.4,22.6,D,0
-15.5432,144.955,343,1.1,1,2014-09-02,0358,Aqua,MODIS,90,6.2,305.5,44.2,D,0
-14.8181,141.7689,330.4,1.6,1.2,2014-09-02,0358,Aqua,MODIS,75,6.2,313.6,23.6,D,0
-16.2515,136.6526,325.6,4,1.9,2014-09-02,0358,Aqua,MODIS,41,6.2,311.7,59.8,D,0
-11.8906,142.6428,321.1,1.3,1.1,2014-09-02,0359,Aqua,MODIS,47,6.2,301.5,11.9,D,0
-12.5806,142.4301,328.1,1.3,1.1,2014-09-02,0359,Aqua,MODIS,76,6.2,307.3,18.5,D,0
-13.8069,135.4142,328.3,4.6,2,2014-09-02,0359,Aqua,MODIS,78,6.2,308.1,139.8,D,0
-13.8066,135.4217,329.1,4.6,2,2014-09-02,0359,Aqua,MODIS,82,6.2,308.5,156,D,0
-12.2756,136.4283,319.1,3.7,1.8,2014-09-02,0359,Aqua,MODIS,64,6.2,304.4,54.5,D,0
-12.2749,136.8583,319.1,3.4,1.7,2014-09-02,0359,Aqua,MODIS,61,6.2,296.3,65.5,D,0
-12.2794,136.3938,320.2,3.7,1.8,2014-09-02,0359,Aqua,MODIS,57,6.2,304.5,62.1,D,0
-12.2688,136.862,314.8,3.4,1.7,2014-09-02,0359,Aqua,MODIS,47,6.2,296.4,40,D,0
-12.3237,136.5071,326.1,3.7,1.8,2014-09-02,0359,Aqua,MODIS,79,6.2,302.3,109.9,D,0
-12.3325,136.5036,327.1,3.7,1.8,2014-09-02,0359,Aqua,MODIS,80,6.2,301.7,119.2,D,0
-11.8164,142.5074,330.2,1.3,1.1,2014-09-02,0359,Aqua,MODIS,56,6.2,305.3,18.9,D,0
-11.8211,142.4722,322.5,1.3,1.1,2014-09-02,0359,Aqua,MODIS,46,6.2,302.3,12.4,D,0
-11.8109,142.4708,326.7,1.3,1.1,2014-09-02,0359,Aqua,MODIS,54,6.2,305.3,16.7,D,0
-11.8125,142.459,337.9,1.3,1.1,2014-09-02,0359,Aqua,MODIS,87,6.2,305.3,39.9,D,0
-11.8141,142.4472,330.1,1.3,1.1,2014-09-02,0359,Aqua,MODIS,76,6.2,303.3,25.8,D,0
-11.8039,142.4459,349.2,1.3,1.1,2014-09-02,0359,Aqua,MODIS,94,6.2,304.5,72,D,0
-11.8055,142.434,327.2,1.3,1.1,2014-09-02,0359,Aqua,MODIS,78,6.2,301.2,22.4,D,0
-13.4184,135.1755,338.1,4.8,2,2014-09-02,0359,Aqua,MODIS,89,6.2,306.1,288.9,D,0
-13.5853,141.9216,327.9,1.5,1.2,2014-09-02,0359,Aqua,MODIS,45,6.2,309.6,21.5,D,0
-13.5745,141.92,332.8,1.5,1.2,2014-09-02,0359,Aqua,MODIS,75,6.2,309.5,32.4,D,0
-13.5794,141.9137,326.4,1.5,1.2,2014-09-02,0359,Aqua,MODIS,35,6.2,309.8,17.1,D,0
-13.4856,141.8192,321.3,1.5,1.2,2014-09-02,0359,Aqua,MODIS,36,6.2,306.7,12.6,D,0
-13.3825,135.171,337.2,4.8,2,2014-09-02,0359,Aqua,MODIS,69,6.2,306.3,240.8,D,0
-13.4004,135.1734,365.4,4.8,2,2014-09-02,0359,Aqua,MODIS,100,6.2,308.8,856.6,D,0
-13.4052,135.1276,332.9,4.8,2,2014-09-02,0359,Aqua,MODIS,61,6.2,304,183.9,D,0
-13.3645,135.1685,332.1,4.8,2,2014-09-02,0359,Aqua,MODIS,74,6.2,305.7,179.8,D,0
-12.804,141.8781,318.9,1.5,1.2,2014-09-02,0359,Aqua,MODIS,44,6.2,304.7,13.5,D,0
-13.3465,135.1662,326.4,4.8,2,2014-09-02,0359,Aqua,MODIS,48,6.2,307.7,119.1,D,0
-13.3488,135.1625,327.6,4.8,2,2014-09-02,0359,Aqua,MODIS,81,6.2,307.5,149.7,D,0
-13.4027,135.1694,356.7,4.8,2,2014-09-02,0359,Aqua,MODIS,98,6.2,308.9,632.8,D,0
-13.2312,135.0944,337.9,4.8,2,2014-09-02,0359,Aqua,MODIS,88,6.2,299.1,283.8,D,0
-13.4078,135.1238,328.6,4.8,2,2014-09-02,0359,Aqua,MODIS,75,6.2,303.8,147.3,D,0
-12.8617,136.1753,329.2,3.9,1.8,2014-09-02,0359,Aqua,MODIS,82,6.2,304.7,144.2,D,0
-13.3847,135.1673,340.7,4.8,2,2014-09-02,0359,Aqua,MODIS,90,6.2,306.3,312.1,D,0
-13.2287,135.0973,342.1,4.8,2,2014-09-02,0359,Aqua,MODIS,91,6.2,298.9,361.8,D,0
-13.417,135.1831,337.2,4.8,2,2014-09-02,0359,Aqua,MODIS,88,6.2,306.5,268.2,D,0
-13.2267,141.8973,332.8,1.5,1.2,2014-09-02,0359,Aqua,MODIS,82,6.2,308.3,36.2,D,0
-13.2159,141.8959,338.5,1.5,1.2,2014-09-02,0359,Aqua,MODIS,87,6.2,305.5,51.9,D,0
-13.2176,141.8824,336,1.5,1.2,2014-09-02,0359,Aqua,MODIS,85,6.2,305.1,45.1,D,0
-13.2215,141.9036,323.2,1.5,1.2,2014-09-02,0359,Aqua,MODIS,28,6.2,306,16.2,D,0
-13.2232,141.8902,343.6,1.5,1.2,2014-09-02,0359,Aqua,MODIS,90,6.2,309.2,67.1,D,0
-13.282,141.8081,346.8,1.5,1.2,2014-09-02,0359,Aqua,MODIS,93,6.2,304.6,79.1,D,0
-13.2375,141.8987,326.5,1.5,1.2,2014-09-02,0359,Aqua,MODIS,74,6.2,308.6,22.6,D,0
-13.0292,141.927,323.1,1.5,1.2,2014-09-02,0359,Aqua,MODIS,68,6.2,306.8,16.8,D,0
-13.0309,141.9138,320,1.5,1.2,2014-09-02,0359,Aqua,MODIS,56,6.2,305.6,12.4,D,0
-13.0359,141.9215,325.8,1.5,1.2,2014-09-02,0359,Aqua,MODIS,73,6.2,307.5,22.1,D,0
-12.8576,136.2117,320.8,3.9,1.8,2014-09-02,0359,Aqua,MODIS,73,6.2,307.3,74.8,D,0
-11.4882,142.45,316.5,1.3,1.1,2014-09-02,0359,Aqua,MODIS,62,6.2,292,11.3,D,0
-12.8664,136.1797,343.9,3.9,1.8,2014-09-02,0359,Aqua,MODIS,92,6.2,304.8,302.3,D,0
-13.3054,141.7972,327.2,1.5,1.2,2014-09-02,0359,Aqua,MODIS,59,6.2,305.8,24.5,D,0
-12.8626,136.2161,326.9,3.9,1.8,2014-09-02,0359,Aqua,MODIS,78,6.2,307.3,114.8,D,0
-12.8792,136.2181,331.5,3.9,1.8,2014-09-02,0359,Aqua,MODIS,84,6.2,304.9,153.1,D,0
-12.8743,136.2137,338.2,3.9,1.8,2014-09-02,0359,Aqua,MODIS,89,6.2,306,228.4,D,0
-13.3668,135.1648,332.4,4.8,2,2014-09-02,0359,Aqua,MODIS,85,6.2,305.6,193.3,D,0
-12.8353,135.4212,320,4.5,2,2014-09-02,0359,Aqua,MODIS,72,6.2,304.3,70.2,D,0
-12.8353,135.4178,319.4,4.5,2,2014-09-02,0359,Aqua,MODIS,65,6.2,304.3,62,D,0
-12.8783,136.1772,332.4,3.9,1.8,2014-09-02,0359,Aqua,MODIS,85,6.2,302.6,170.2,D,0
-13.4137,135.2209,322,4.7,2,2014-09-02,0359,Aqua,MODIS,53,6.2,305.8,92.2,D,0
-13.3619,135.2099,328.6,4.7,2,2014-09-02,0359,Aqua,MODIS,82,6.2,306.8,152,D,0
-13.3798,135.213,328.7,4.7,2,2014-09-02,0359,Aqua,MODIS,82,6.2,306.8,149.4,D,0
-13.3365,141.8345,320.3,1.5,1.2,2014-09-02,0359,Aqua,MODIS,38,6.2,305.4,11.4,D,0
-13.3382,141.8209,320.8,1.5,1.2,2014-09-02,0359,Aqua,MODIS,39,6.2,305.9,13.5,D,0
-13.116,141.6755,322.1,1.5,1.2,2014-09-02,0359,Aqua,MODIS,36,6.2,302.3,18.4,D,0
-13.4874,141.8054,330.6,1.5,1.2,2014-09-02,0359,Aqua,MODIS,80,6.2,307.9,31,D,0
-13.5239,141.8854,332.5,1.5,1.2,2014-09-02,0359,Aqua,MODIS,82,6.2,309.3,35.2,D,0
-12.7977,136.0863,313.8,4,1.9,2014-09-02,0359,Aqua,MODIS,59,6.2,303.6,36.8,D,0
-13.5256,141.8718,322.8,1.5,1.2,2014-09-02,0359,Aqua,MODIS,38,6.2,310,13.3,D,0
-12.8027,136.0947,314.1,4,1.9,2014-09-02,0359,Aqua,MODIS,60,6.2,303.4,39.3,D,0
-12.5539,136.2971,330.8,3.8,1.8,2014-09-02,0359,Aqua,MODIS,83,6.2,304,148.1,D,0
-12.7328,136.369,323.3,3.8,1.8,2014-09-02,0359,Aqua,MODIS,76,6.2,301.6,94.7,D,0
-12.163,136.2655,321.6,3.8,1.8,2014-09-02,0359,Aqua,MODIS,58,6.2,302.3,70.8,D,0
-12.1691,136.2699,329.8,3.8,1.8,2014-09-02,0359,Aqua,MODIS,78,6.2,302.6,144.6,D,0
-12.6493,142.0382,347.1,1.4,1.2,2014-09-02,0359,Aqua,MODIS,93,6.2,312.6,65.3,D,0
-12.651,142.0252,327.9,1.4,1.2,2014-09-02,0359,Aqua,MODIS,43,6.2,312.1,14.5,D,0
-13.1178,141.6616,323.7,1.5,1.2,2014-09-02,0359,Aqua,MODIS,57,6.2,300.2,22.4,D,0
-12.255,142.3432,328.4,1.3,1.1,2014-09-02,0359,Aqua,MODIS,64,6.2,308.3,16,D,0
-12.5636,136.267,357,3.8,1.8,2014-09-02,0359,Aqua,MODIS,98,6.2,305.3,491,D,0
-12.0837,142.4909,325.1,1.3,1.1,2014-09-02,0359,Aqua,MODIS,74,6.2,303.4,16.9,D,0
-12.2459,142.3475,323.1,1.3,1.1,2014-09-02,0359,Aqua,MODIS,68,6.2,306.5,9.9,D,0
-11.7963,142.6583,342,1.3,1.1,2014-09-02,0359,Aqua,MODIS,90,6.2,304.5,47.6,D,0
-12.2333,143.0477,328.9,1.2,1.1,2014-09-02,0359,Aqua,MODIS,77,6.2,297.6,28.1,D,0
-12.7686,135.8525,319.2,4.2,1.9,2014-09-02,0359,Aqua,MODIS,59,6.2,302.9,58.5,D,0
-12.0381,136.4171,330.2,3.7,1.8,2014-09-02,0359,Aqua,MODIS,78,6.2,302.7,139.3,D,0
-13.3509,135.1218,334.7,4.8,2,2014-09-02,0359,Aqua,MODIS,86,6.2,304.8,227.7,D,0
-12.851,142.9239,319.3,1.2,1.1,2014-09-02,0359,Aqua,MODIS,24,6.2,305.4,8.9,D,0
-12.7164,136.3672,316.3,3.8,1.8,2014-09-02,0359,Aqua,MODIS,34,6.2,301.4,46.9,D,0
-12.8061,141.9457,340.3,1.4,1.2,2014-09-02,0359,Aqua,MODIS,83,6.2,310.2,54.3,D,0
-12.667,142.8514,319.1,1.3,1.1,2014-09-02,0359,Aqua,MODIS,59,6.2,304.8,11.5,D,0
-11.7948,142.6698,326.2,1.3,1.1,2014-09-02,0359,Aqua,MODIS,36,6.2,305.2,18.6,D,0
-12.0736,142.4895,322.2,1.3,1.1,2014-09-02,0359,Aqua,MODIS,69,6.2,303.5,13,D,0
-13.3535,135.1182,327.4,4.8,2,2014-09-02,0359,Aqua,MODIS,80,6.2,304.1,144.8,D,0
-12.1654,136.3042,322.6,3.8,1.8,2014-09-02,0359,Aqua,MODIS,75,6.2,302.3,77,D,0
-12.5597,136.3024,324.7,3.8,1.8,2014-09-02,0359,Aqua,MODIS,75,6.2,303.1,99.4,D,0
-12.6425,142.044,354.2,1.4,1.2,2014-09-02,0359,Aqua,MODIS,97,6.2,310.2,93.8,D,0
-12.7267,136.3646,326.7,3.8,1.8,2014-09-02,0359,Aqua,MODIS,75,6.2,301.7,114.8,D,0
-12.159,136.2995,321.4,3.8,1.8,2014-09-02,0359,Aqua,MODIS,71,6.2,303,65,D,0
-12.8044,141.9589,337.5,1.4,1.2,2014-09-02,0359,Aqua,MODIS,86,6.2,307.1,46.6,D,0
-12.2739,142.3582,327.2,1.3,1.1,2014-09-02,0359,Aqua,MODIS,75,6.2,308.4,15,D,0
-12.0497,136.3916,315.5,3.7,1.8,2014-09-02,0359,Aqua,MODIS,34,6.2,301.9,31.1,D,0
-12.0461,136.4249,331,3.7,1.8,2014-09-02,0359,Aqua,MODIS,84,6.2,302.8,142.6,D,0
-12.558,136.2618,346.3,3.8,1.8,2014-09-02,0359,Aqua,MODIS,93,6.2,305.5,322.3,D,0
-12.7367,136.3339,317,3.8,1.8,2014-09-02,0359,Aqua,MODIS,52,6.2,302.3,47.3,D,0
-13.0065,143.4321,329.8,1.2,1.1,2014-09-02,0359,Aqua,MODIS,78,6.2,296.6,31.5,D,0
-12.8625,142.9138,330.8,1.3,1.1,2014-09-02,0359,Aqua,MODIS,79,6.2,305.9,27,D,0
-12.7714,135.8564,321.7,4.2,1.9,2014-09-02,0359,Aqua,MODIS,74,6.2,303,82.1,D,0
-12.5471,136.265,323.4,3.8,1.8,2014-09-02,0359,Aqua,MODIS,76,6.2,305.4,88,D,0
-21.3387,118.5322,339.2,1.5,1.2,2014-09-02,0535,Aqua,MODIS,84,6.2,318.7,45,D,0
-21.3277,118.5307,340.5,1.5,1.2,2014-09-02,0535,Aqua,MODIS,86,6.2,319.2,48.6,D,0
-21.3357,118.5399,338.6,1.5,1.2,2014-09-02,0535,Aqua,MODIS,83,6.2,318.2,43.1,D,0
-21.3246,118.5384,337.5,1.5,1.2,2014-09-02,0535,Aqua,MODIS,82,6.2,317.3,39.1,D,0
-21.326,118.5456,329.3,1.5,1.2,2014-09-02,0535,Aqua,MODIS,58,6.2,316.3,18.2,D,0
-21.0198,119.6054,334.2,1.3,1.1,2014-09-02,0535,Aqua,MODIS,76,6.2,316.8,25.3,D,0
-21.022,119.5989,326.9,1.3,1.1,2014-09-02,0535,Aqua,MODIS,16,6.2,315.5,11.3,D,0
-21.2934,119.7749,329.5,1.3,1.1,2014-09-02,0535,Aqua,MODIS,68,6.2,318.6,15.3,D,0
-21.0819,119.6896,327.8,1.3,1.1,2014-09-02,0535,Aqua,MODIS,55,6.2,315.6,12.7,D,0
-21.0834,119.6774,395.4,1.3,1.1,2014-09-02,0535,Aqua,MODIS,100,6.2,320.5,304.5,D,0
-21.085,119.6649,326.9,1.3,1.1,2014-09-02,0535,Aqua,MODIS,39,6.2,315.3,11.4,D,0
-21.0717,119.6882,336.6,1.3,1.1,2014-09-02,0535,Aqua,MODIS,79,6.2,315.9,29.3,D,0
-21.0732,119.6761,347.4,1.3,1.1,2014-09-02,0535,Aqua,MODIS,91,6.2,317.8,56.3,D,0
-21.0677,119.6375,338.7,1.3,1.1,2014-09-02,0535,Aqua,MODIS,82,6.2,315.8,34.1,D,0
-21.056,119.6483,328.9,1.3,1.1,2014-09-02,0535,Aqua,MODIS,63,6.2,316.1,14.2,D,0
-21.0575,119.6361,326.3,1.3,1.1,2014-09-02,0535,Aqua,MODIS,43,6.2,315.9,10,D,0
-21.0266,119.7192,333.4,1.3,1.1,2014-09-02,0535,Aqua,MODIS,74,6.2,318.8,23,D,0
-20.9978,119.7088,353,1.3,1.1,2014-09-02,0535,Aqua,MODIS,95,6.2,317.2,74.3,D,0
-20.9993,119.6966,339.1,1.3,1.1,2014-09-02,0535,Aqua,MODIS,82,6.2,317.7,34.3,D,0
-20.9892,119.695,339.3,1.3,1.1,2014-09-02,0535,Aqua,MODIS,82,6.2,317.5,35.4,D,0
-21.8172,119.5727,335.9,1.3,1.1,2014-09-02,0535,Aqua,MODIS,51,6.2,314,27.8,D,0
-21.8188,119.5598,342.1,1.3,1.1,2014-09-02,0535,Aqua,MODIS,84,6.2,318.1,43.9,D,0
-21.8068,119.5714,333.7,1.3,1.1,2014-09-02,0535,Aqua,MODIS,63,6.2,316.3,23.1,D,0
-21.7101,119.5246,327.4,1.3,1.1,2014-09-02,0535,Aqua,MODIS,64,6.2,317,12.4,D,0
-21.2488,125.8168,327.8,1.2,1.1,2014-09-02,0535,Aqua,MODIS,7,6.2,310.6,9.2,D,0
-21.2494,125.8748,330.1,1.2,1.1,2014-09-02,0535,Aqua,MODIS,54,6.2,319.4,8.9,D,0
-21.2176,125.8042,339.3,1.2,1.1,2014-09-02,0535,Aqua,MODIS,80,6.2,317.5,28.2,D,0
-21.2548,125.8411,338.9,1.2,1.1,2014-09-02,0535,Aqua,MODIS,80,6.2,314.4,25.4,D,0
-21.247,125.828,376,1.2,1.1,2014-09-02,0535,Aqua,MODIS,100,6.2,314.7,149.3,D,0
-21.253,125.8523,358.3,1.2,1.1,2014-09-02,0535,Aqua,MODIS,98,6.2,318.5,75,D,0
-21.2512,125.8636,364,1.2,1.1,2014-09-02,0535,Aqua,MODIS,100,6.2,323.8,95.7,D,0
-22.0776,119.6796,333.7,1.3,1.1,2014-09-02,0535,Aqua,MODIS,78,6.2,315.2,28.4,D,0
-21.2431,125.8321,371.3,1.2,1.1,2014-09-02,0535,Aqua,MODIS,100,6.2,317,126.2,D,0
-21.2452,125.8393,374.4,1.2,1.1,2014-09-02,0535,Aqua,MODIS,100,6.2,316.5,139.9,D,0
-21.2478,120.0635,335,1.2,1.1,2014-09-02,0535,Aqua,MODIS,78,6.2,321,22.7,D,0
-21.2592,120.0531,344.3,1.2,1.1,2014-09-02,0535,Aqua,MODIS,88,6.2,317.5,44,D,0
-21.2004,120.0392,340.8,1.2,1.1,2014-09-02,0535,Aqua,MODIS,70,6.2,319.4,33.1,D,0
-21.5974,121.1499,381.5,1.1,1,2014-09-02,0535,Aqua,MODIS,100,6.2,320,163.5,D,0
-21.5879,121.1485,373.7,1.1,1,2014-09-02,0535,Aqua,MODIS,100,6.2,325.6,127.4,D,0
-21.2492,120.0516,368.8,1.2,1.1,2014-09-02,0535,Aqua,MODIS,100,6.2,320.9,128.3,D,0
-21.2288,120.0554,340.2,1.2,1.1,2014-09-02,0535,Aqua,MODIS,73,6.2,318.5,30.8,D,0
-21.2089,120.0525,337.6,1.2,1.1,2014-09-02,0535,Aqua,MODIS,81,6.2,319.8,27.4,D,0
-21.5865,121.1591,427.6,1.1,1,2014-09-02,0535,Aqua,MODIS,100,6.2,334.4,512.5,D,0
-21.596,121.1606,415.3,1.1,1,2014-09-02,0535,Aqua,MODIS,100,6.2,327.2,391.8,D,0
-21.6054,121.162,392.2,1.1,1,2014-09-02,0535,Aqua,MODIS,100,6.2,322.5,221.8,D,0
-21.604,121.1726,342.6,1.1,1,2014-09-02,0535,Aqua,MODIS,87,6.2,318,34.2,D,0
-21.2104,120.0406,334.6,1.2,1.1,2014-09-02,0535,Aqua,MODIS,67,6.2,317.8,20.6,D,0
-23.1165,122.6739,343.5,1,1,2014-09-02,0535,Aqua,MODIS,88,6.2,319.4,32,D,0
-23.1151,122.6839,341,1,1,2014-09-02,0535,Aqua,MODIS,85,6.2,319.6,28,D,0
-23.6339,124.7705,340.7,1,1,2014-09-02,0535,Aqua,MODIS,84,6.2,318.4,26,D,0
-23.1138,122.6938,327.6,1,1,2014-09-02,0535,Aqua,MODIS,51,6.2,316.4,8.7,D,0
-23.1269,122.6655,329.8,1,1,2014-09-02,0535,Aqua,MODIS,67,6.2,315.4,12.1,D,0
-23.1278,122.7265,334.9,1,1,2014-09-02,0535,Aqua,MODIS,77,6.2,317.2,16.6,D,0
-23.1256,122.6754,351.9,1,1,2014-09-02,0535,Aqua,MODIS,94,6.2,320.1,50.1,D,0
-23.1242,122.6853,343.3,1,1,2014-09-02,0535,Aqua,MODIS,87,6.2,319.2,31.6,D,0
-15.7946,130.1975,331.7,2.9,1.6,2014-09-02,0536,Aqua,MODIS,68,6.2,313.9,63.9,D,0
-19.5919,127.2942,433.5,1.5,1.2,2014-09-02,0536,Aqua,MODIS,100,6.2,330.6,923.6,D,0
-19.5895,127.3085,360.1,1.5,1.2,2014-09-02,0536,Aqua,MODIS,100,6.2,317.2,122.2,D,0
-19.5871,127.3229,351.4,1.5,1.2,2014-09-02,0536,Aqua,MODIS,94,6.2,316.7,82.2,D,0
-19.6051,127.2821,337.8,1.5,1.2,2014-09-02,0536,Aqua,MODIS,76,6.2,313.7,40.9,D,0
-19.6028,127.2964,339,1.5,1.2,2014-09-02,0536,Aqua,MODIS,77,6.2,315.4,42.7,D,0
-19.598,127.325,361.3,1.5,1.2,2014-09-02,0536,Aqua,MODIS,100,6.2,319.8,126.8,D,0
-19.5956,127.3394,357.5,1.5,1.2,2014-09-02,0536,Aqua,MODIS,98,6.2,319.3,109.4,D,0
-19.5931,127.3538,329.7,1.5,1.2,2014-09-02,0536,Aqua,MODIS,30,6.2,317.8,15,D,0
-19.6136,127.2985,328.8,1.5,1.2,2014-09-02,0536,Aqua,MODIS,56,6.2,314.7,18.2,D,0
-19.6112,127.3128,331.2,1.5,1.2,2014-09-02,0536,Aqua,MODIS,45,6.2,317.6,21.3,D,0
-19.6101,127.3871,350.4,1.5,1.2,2014-09-02,0536,Aqua,MODIS,93,6.2,319.5,75.9,D,0
-15.862,130.3373,328,3,1.6,2014-09-02,0536,Aqua,MODIS,43,6.2,316.4,41.4,D,0
-17.7691,127.7071,327.3,1.7,1.3,2014-09-02,0536,Aqua,MODIS,35,6.2,316.6,17.3,D,0
-17.7723,127.7589,329.1,1.8,1.3,2014-09-02,0536,Aqua,MODIS,66,6.2,316,23,D,0
-18.1877,129.9578,336.5,2.5,1.5,2014-09-02,0536,Aqua,MODIS,73,6.2,314.2,82.8,D,0
-18.2013,129.9605,332.9,2.5,1.5,2014-09-02,0536,Aqua,MODIS,70,6.2,317.8,64.1,D,0
-19.6162,127.4239,363.6,1.5,1.2,2014-09-02,0536,Aqua,MODIS,100,6.2,323.7,141.4,D,0
-19.6187,127.4094,338.3,1.5,1.2,2014-09-02,0536,Aqua,MODIS,81,6.2,321.2,34.1,D,0
-19.6052,127.4218,343.4,1.5,1.2,2014-09-02,0536,Aqua,MODIS,87,6.2,318.9,51.6,D,0
-19.6077,127.4072,393.3,1.5,1.2,2014-09-02,0536,Aqua,MODIS,100,6.2,323.4,362.3,D,0
-19.6102,127.3927,377.5,1.5,1.2,2014-09-02,0536,Aqua,MODIS,100,6.2,321.3,225.9,D,0
-19.6053,127.4162,359.3,1.5,1.2,2014-09-02,0536,Aqua,MODIS,99,6.2,320.1,118.9,D,0
-19.6077,127.4017,382.1,1.5,1.2,2014-09-02,0536,Aqua,MODIS,100,6.2,323.4,263.5,D,0
-15.6861,130.3677,337.3,3,1.7,2014-09-02,0536,Aqua,MODIS,83,6.2,317,96,D,0
-15.7898,130.2242,334.9,2.9,1.6,2014-09-02,0536,Aqua,MODIS,80,6.2,314.9,83.1,D,0
-15.794,130.2021,336,2.9,1.6,2014-09-02,0536,Aqua,MODIS,64,6.2,314.4,87.3,D,0
-15.789,130.2289,331.9,2.9,1.6,2014-09-02,0536,Aqua,MODIS,34,6.2,314.9,57.5,D,0
-16.6795,123.8023,332.7,1.1,1,2014-09-02,0536,Aqua,MODIS,65,6.2,312.8,17.8,D,0
-16.6732,123.8056,328.8,1.1,1,2014-09-02,0536,Aqua,MODIS,40,6.2,313.5,12.1,D,0
-16.1941,128.2922,337,2.1,1.4,2014-09-02,0536,Aqua,MODIS,81,6.2,316.1,55.8,D,0
-15.8518,130.2989,353.5,3,1.6,2014-09-02,0536,Aqua,MODIS,96,6.2,313.6,252.3,D,0
-15.8469,130.326,334,3,1.6,2014-09-02,0536,Aqua,MODIS,65,6.2,315.2,72,D,0
-15.8664,130.302,333,3,1.6,2014-09-02,0536,Aqua,MODIS,77,6.2,314.2,73.3,D,0
-15.8615,130.3294,335.1,3,1.6,2014-09-02,0536,Aqua,MODIS,80,6.2,316.1,84.4,D,0
-19.5834,127.2778,384.3,1.5,1.2,2014-09-02,0536,Aqua,MODIS,100,6.2,317.4,286.2,D,0
-19.581,127.2921,381.6,1.5,1.2,2014-09-02,0536,Aqua,MODIS,100,6.2,315.4,263.5,D,0
-17.7807,127.7094,330.6,1.7,1.3,2014-09-02,0536,Aqua,MODIS,70,6.2,314.4,28.4,D,0
-19.5967,127.2657,389.4,1.5,1.2,2014-09-02,0536,Aqua,MODIS,100,6.2,318.7,329.9,D,0
-19.5943,127.2799,423.5,1.5,1.2,2014-09-02,0536,Aqua,MODIS,100,6.2,330,748,D,0
-15.8525,130.3069,359.6,3,1.6,2014-09-02,0536,Aqua,MODIS,99,6.2,314.4,331,D,0
-15.8671,130.31,336.6,3,1.6,2014-09-02,0536,Aqua,MODIS,82,6.2,315.1,102.3,D,0
-15.686,130.3753,336.4,3,1.7,2014-09-02,0536,Aqua,MODIS,82,6.2,316.5,95.9,D,0
-19.1547,122.1079,401.6,1,1,2014-09-02,0536,Aqua,MODIS,100,6.2,327.1,242.4,D,0
-17.8281,122.8348,419.3,1,1,2014-09-02,0536,Aqua,MODIS,100,6.2,342.4,367.8,D,0
-17.8294,122.8254,376.3,1,1,2014-09-02,0536,Aqua,MODIS,100,6.2,330.2,112.6,D,0
-17.8177,122.8428,348.4,1,1,2014-09-02,0536,Aqua,MODIS,90,6.2,321.2,38.4,D,0
-17.8191,122.8334,356.1,1,1,2014-09-02,0536,Aqua,MODIS,97,6.2,326.1,54.3,D,0
-17.8232,122.8051,363.3,1,1,2014-09-02,0536,Aqua,MODIS,100,6.2,325.1,71.6,D,0
-17.8245,122.7956,347.6,1,1,2014-09-02,0536,Aqua,MODIS,82,6.2,320.4,33.2,D,0
-17.8169,122.7848,335.7,1,1,2014-09-02,0536,Aqua,MODIS,67,6.2,320.3,14.8,D,0
-17.9247,122.6159,360.9,1,1,2014-09-02,0536,Aqua,MODIS,100,6.2,321.3,69,D,0
-17.9233,122.6253,344.7,1,1,2014-09-02,0536,Aqua,MODIS,84,6.2,319.3,32.5,D,0
-19.1185,122.1745,337.8,1,1,2014-09-02,0536,Aqua,MODIS,79,6.2,322.4,16.7,D,0
-16.7215,123.902,345,1.1,1,2014-09-02,0536,Aqua,MODIS,89,6.2,313.9,39,D,0
-16.7231,123.8919,354.3,1.1,1,2014-09-02,0536,Aqua,MODIS,96,6.2,314.9,61,D,0
-19.1533,122.1174,404.3,1,1,2014-09-02,0536,Aqua,MODIS,100,6.2,327.1,260.5,D,0
-19.152,122.127,423.2,1,1,2014-09-02,0536,Aqua,MODIS,100,6.2,328.9,404.6,D,0
-19.1506,122.1365,417.9,1,1,2014-09-02,0536,Aqua,MODIS,100,6.2,324.3,359.3,D,0
-19.1493,122.146,363.7,1,1,2014-09-02,0536,Aqua,MODIS,98,6.2,316.1,74.3,D,0
-19.169,122.0711,328.5,1,1,2014-09-02,0536,Aqua,MODIS,44,6.2,305.8,14.2,D,0
-19.1677,122.0806,344.7,1,1,2014-09-02,0536,Aqua,MODIS,88,6.2,309.9,38,D,0
-17.9223,122.7601,363.2,1,1,2014-09-02,0536,Aqua,MODIS,97,6.2,324.7,67.7,D,0
-17.9354,122.7332,360.3,1,1,2014-09-02,0536,Aqua,MODIS,73,6.2,322.4,58.5,D,0
-17.8267,122.8443,371.2,1,1,2014-09-02,0536,Aqua,MODIS,100,6.2,324.4,99.8,D,0
-17.9094,122.5942,365,1,1,2014-09-02,0536,Aqua,MODIS,100,6.2,321.4,84.5,D,0
-17.9081,122.6036,378.9,1,1,2014-09-02,0536,Aqua,MODIS,100,6.2,324.3,129.4,D,0
-17.9067,122.6131,373.2,1,1,2014-09-02,0536,Aqua,MODIS,100,6.2,322.1,105.9,D,0
-17.9053,122.6225,357.8,1,1,2014-09-02,0536,Aqua,MODIS,98,6.2,320.2,58.2,D,0
-17.9198,122.5863,340,1,1,2014-09-02,0536,Aqua,MODIS,82,6.2,315.3,28,D,0
-17.9184,122.5957,400.1,1,1,2014-09-02,0536,Aqua,MODIS,100,6.2,330.2,237.2,D,0
-17.9171,122.6051,404.2,1,1,2014-09-02,0536,Aqua,MODIS,100,6.2,332.5,258.9,D,0
-19.156,122.0983,376.2,1,1,2014-09-02,0536,Aqua,MODIS,100,6.2,323.1,118.2,D,0
-19.1573,122.0888,390.3,1,1,2014-09-02,0536,Aqua,MODIS,100,6.2,326.8,181.8,D,0
-17.8128,122.813,337.7,1,1,2014-09-02,0536,Aqua,MODIS,48,6.2,322.3,16.8,D,0
-19.1587,122.0792,477.4,1,1,2014-09-02,0536,Aqua,MODIS,100,6.2,400.1,1129.4,D,0
-19.16,122.0697,474,1,1,2014-09-02,0536,Aqua,MODIS,100,6.2,400.1,1070.3,D,0
-19.1496,122.0778,358.4,1,1,2014-09-02,0536,Aqua,MODIS,94,6.2,318.7,56.6,D,0
-19.1416,122.1351,361,1,1,2014-09-02,0536,Aqua,MODIS,93,6.2,325.6,63.9,D,0
-19.1403,122.1446,364.9,1,1,2014-09-02,0536,Aqua,MODIS,96,6.2,325.6,74.3,D,0
-19.1613,122.0601,426.5,1,1,2014-09-02,0536,Aqua,MODIS,100,6.2,329.8,443.7,D,0
-17.8114,122.8225,347.8,1,1,2014-09-02,0536,Aqua,MODIS,83,6.2,322,34.1,D,0
-17.81,122.8319,359.1,1,1,2014-09-02,0536,Aqua,MODIS,99,6.2,321.7,61,D,0
-17.2697,123.1316,336.2,1,1,2014-09-02,0536,Aqua,MODIS,76,6.2,321.3,18.7,D,0
-16.6501,123.9939,336.8,1.1,1,2014-09-02,0536,Aqua,MODIS,69,6.2,320.9,17.7,D,0
-17.9157,122.6145,392.2,1,1,2014-09-02,0536,Aqua,MODIS,100,6.2,327.1,189.2,D,0
-17.926,122.6065,343.6,1,1,2014-09-02,0536,Aqua,MODIS,86,6.2,318.2,30.6,D,0
-16.72,123.9119,325.3,1.1,1,2014-09-02,0536,Aqua,MODIS,27,6.2,314.4,6.5,D,0
-16.689,123.99,352.2,1.1,1,2014-09-02,0536,Aqua,MODIS,95,6.2,319.2,51.5,D,0
-17.8174,122.7173,337,1,1,2014-09-02,0536,Aqua,MODIS,76,6.2,320.4,16.4,D,0
-17.8224,122.747,332.6,1,1,2014-09-02,0536,Aqua,MODIS,47,6.2,320.6,10.6,D,0
-19.0264,122.3056,361.8,1,1,2014-09-02,0536,Aqua,MODIS,100,6.2,324.9,66.4,D,0
-19.025,122.3151,358.7,1,1,2014-09-02,0536,Aqua,MODIS,99,6.2,323.2,59.3,D,0
-19.0394,122.2786,344.9,1,1,2014-09-02,0536,Aqua,MODIS,54,6.2,321.7,26,D,0
-19.1433,122.0573,357,1,1,2014-09-02,0536,Aqua,MODIS,60,6.2,314.7,52.8,D,0
-19.1353,122.1146,358.8,1,1,2014-09-02,0536,Aqua,MODIS,99,6.2,322.2,54.6,D,0
-19.1523,122.0587,469.9,1,1,2014-09-02,0536,Aqua,MODIS,100,6.2,340.2,998.1,D,0
-19.151,122.0682,397.4,1,1,2014-09-02,0536,Aqua,MODIS,100,6.2,323.5,219.4,D,0
-19.1199,122.165,338.3,1,1,2014-09-02,0536,Aqua,MODIS,78,6.2,321.9,17.1,D,0
-19.1252,122.1268,344.8,1,1,2014-09-02,0536,Aqua,MODIS,73,6.2,324.7,26.8,D,0
-16.7075,123.8687,337.3,1.1,1,2014-09-02,0536,Aqua,MODIS,82,6.2,316.2,25,D,0
-19.1306,122.0887,348.7,1,1,2014-09-02,0536,Aqua,MODIS,38,6.2,319.7,33.1,D,0
-19.1162,122.1254,353.3,1,1,2014-09-02,0536,Aqua,MODIS,95,6.2,323.4,44.4,D,0
-19.1176,122.1159,343.3,1,1,2014-09-02,0536,Aqua,MODIS,43,6.2,323.2,23.1,D,0
-19.1126,122.0859,348.1,1,1,2014-09-02,0536,Aqua,MODIS,84,6.2,319,33.4,D,0
-17.821,122.7565,354.9,1,1,2014-09-02,0536,Aqua,MODIS,96,6.2,322.8,50.8,D,0
-16.6205,128.3466,342.3,2,1.4,2014-09-02,0536,Aqua,MODIS,87,6.2,317.1,83.7,D,0
-16.6172,128.3657,351.1,2.1,1.4,2014-09-02,0536,Aqua,MODIS,94,6.2,319.7,130,D,0
-16.6875,124.0002,350.8,1.1,1,2014-09-02,0536,Aqua,MODIS,94,6.2,318.7,48.7,D,0
-16.6859,124.0104,340.4,1.1,1,2014-09-02,0536,Aqua,MODIS,85,6.2,318.3,26.2,D,0
-16.706,123.8787,328.4,1.1,1,2014-09-02,0536,Aqua,MODIS,60,6.2,317.3,10.7,D,0
-16.7138,123.8904,356,1.1,1,2014-09-02,0536,Aqua,MODIS,97,6.2,316.2,65,D,0
-16.7123,123.9002,337.2,1.1,1,2014-09-02,0536,Aqua,MODIS,81,6.2,315.7,23,D,0
-16.7155,123.9421,334.4,1.1,1,2014-09-02,0536,Aqua,MODIS,78,6.2,314.6,18.9,D,0
-16.7108,123.9729,331.8,1.1,1,2014-09-02,0536,Aqua,MODIS,73,6.2,320.7,14.3,D,0
-17.8196,122.7659,348.3,1,1,2014-09-02,0536,Aqua,MODIS,90,6.2,324.1,36,D,0
-17.8341,122.7297,350.8,1,1,2014-09-02,0536,Aqua,MODIS,93,6.2,320.4,40.3,D,0
-17.9187,122.7209,341.8,1,1,2014-09-02,0536,Aqua,MODIS,45,6.2,326.2,18.9,D,0
-17.9174,122.7303,343.2,1,1,2014-09-02,0536,Aqua,MODIS,65,6.2,325.5,21.1,D,0
-16.1974,128.2726,377,2.1,1.4,2014-09-02,0536,Aqua,MODIS,100,6.2,319,354.6,D,0
-17.916,122.7398,342.1,1,1,2014-09-02,0536,Aqua,MODIS,47,6.2,325.2,18,D,0
-17.9119,122.768,341.2,1,1,2014-09-02,0536,Aqua,MODIS,48,6.2,324.7,18.9,D,0
-17.9277,122.7224,482.8,1,1,2014-09-02,0536,Aqua,MODIS,100,6.2,400.1,1215.1,D,0
-17.9264,122.7318,500.2,1,1,2014-09-02,0536,Aqua,MODIS,100,6.2,400.1,1589.7,D,0
-17.925,122.7412,404.5,1,1,2014-09-02,0536,Aqua,MODIS,100,6.2,330.2,252.7,D,0
-17.9236,122.7506,373.1,1,1,2014-09-02,0536,Aqua,MODIS,100,6.2,326.1,97.9,D,0
-21.0208,118.42,337.1,1.5,1.2,2014-09-02,0536,Aqua,MODIS,81,6.2,320,36.5,D,0
-19.1627,122.0506,353,1,1,2014-09-02,0536,Aqua,MODIS,95,6.2,311.1,58.1,D,0
-19.1536,122.0491,371.2,1,1,2014-09-02,0536,Aqua,MODIS,100,6.2,313.7,108.9,D,0
-19.1446,122.0477,414.1,1,1,2014-09-02,0536,Aqua,MODIS,100,6.2,324.6,335.2,D,0
-19.1459,122.0381,353.7,1,1,2014-09-02,0536,Aqua,MODIS,95,6.2,311.2,56.4,D,0
-19.136,122.0505,381.6,1,1,2014-09-02,0536,Aqua,MODIS,100,6.2,324.5,140.5,D,0
-19.1373,122.0409,382.6,1,1,2014-09-02,0536,Aqua,MODIS,100,6.2,325.3,147.8,D,0
-19.1269,122.0491,340.8,1,1,2014-09-02,0536,Aqua,MODIS,77,6.2,318.8,26,D,0
-19.1283,122.0395,334,1,1,2014-09-02,0536,Aqua,MODIS,67,6.2,316.7,16.9,D,0
-15.6467,130.3319,331.4,3,1.7,2014-09-02,0536,Aqua,MODIS,62,6.2,315.8,61.4,D,0
-18.0662,124.1482,332.4,1.1,1,2014-09-02,0536,Aqua,MODIS,60,6.2,320,12,D,0
-18.0678,124.1381,339.4,1.1,1,2014-09-02,0536,Aqua,MODIS,81,6.2,320.4,24.9,D,0
-18.0693,124.1281,335.2,1.1,1,2014-09-02,0536,Aqua,MODIS,69,6.2,320,17.7,D,0
-18.0569,124.1466,345.4,1.1,1,2014-09-02,0536,Aqua,MODIS,87,6.2,322.7,34.3,D,0
-18.0585,124.1365,349.4,1.1,1,2014-09-02,0536,Aqua,MODIS,92,6.2,325.1,43.6,D,0
-18.041,123.6994,385.6,1,1,2014-09-02,0536,Aqua,MODIS,100,6.2,328.2,157.6,D,0
-18.0425,123.6897,395.7,1,1,2014-09-02,0536,Aqua,MODIS,100,6.2,329.7,208.9,D,0
-18.044,123.6799,372.8,1,1,2014-09-02,0536,Aqua,MODIS,100,6.2,326.2,99.9,D,0
-18.0454,123.6701,344,1,1,2014-09-02,0536,Aqua,MODIS,66,6.2,322.6,22.1,D,0
-18.0333,123.6881,394.1,1,1,2014-09-02,0536,Aqua,MODIS,100,6.2,326.3,200.6,D,0
-18.0348,123.6784,404.1,1,1,2014-09-02,0536,Aqua,MODIS,100,6.2,330,263.3,D,0
-18.0363,123.6686,345.5,1,1,2014-09-02,0536,Aqua,MODIS,88,6.2,325.9,25.9,D,0
-18.0892,123.6838,340.7,1,1,2014-09-02,0536,Aqua,MODIS,61,6.2,321.2,23,D,0
-18.0656,123.7236,340.8,1,1,2014-09-02,0536,Aqua,MODIS,59,6.2,323.6,22,D,0
-20.8327,119.6417,406.4,1.3,1.1,2014-09-02,0536,Aqua,MODIS,100,6.2,328.4,392.8,D,0
-20.8342,119.6293,403.1,1.3,1.1,2014-09-02,0536,Aqua,MODIS,100,6.2,329.5,362.1,D,0
-20.8329,119.6477,349.1,1.3,1.1,2014-09-02,0536,Aqua,MODIS,92,6.2,319.4,54.9,D,0
-20.8345,119.6354,407.6,1.3,1.1,2014-09-02,0536,Aqua,MODIS,100,6.2,331.3,405,D,0
-20.8361,119.6231,341.3,1.3,1.1,2014-09-02,0536,Aqua,MODIS,84,6.2,323.1,33.2,D,0
-20.8228,119.6463,370.3,1.3,1.1,2014-09-02,0536,Aqua,MODIS,100,6.2,322.4,136.4,D,0
-20.8244,119.634,357.8,1.3,1.1,2014-09-02,0536,Aqua,MODIS,98,6.2,325,82.1,D,0
-15.7019,130.2086,328.6,2.9,1.6,2014-09-02,0536,Aqua,MODIS,41,6.2,316.2,40.1,D,0
-15.7009,130.2008,332.2,2.9,1.6,2014-09-02,0536,Aqua,MODIS,67,6.2,315.7,65.8,D,0
-18.0396,123.7092,348.4,1,1,2014-09-02,0536,Aqua,MODIS,85,6.2,323.6,33.8,D,0
-15.707,130.1816,329.7,2.9,1.6,2014-09-02,0536,Aqua,MODIS,42,6.2,315.7,50.5,D,0
-15.7796,130.1988,335.5,2.9,1.6,2014-09-02,0536,Aqua,MODIS,24,6.2,315,78.2,D,0
-15.7801,130.1942,335.5,2.9,1.6,2014-09-02,0536,Aqua,MODIS,55,6.2,314.8,81.4,D,0
-15.7654,130.1922,338.8,2.9,1.6,2014-09-02,0536,Aqua,MODIS,83,6.2,317,101,D,0
-15.7507,130.1898,330.3,2.9,1.6,2014-09-02,0536,Aqua,MODIS,35,6.2,318.5,45.4,D,0
-15.2512,125.7259,333.1,1.4,1.2,2014-09-02,0537,Aqua,MODIS,26,6.2,317.5,20.5,D,0
-15.2949,125.6864,336.7,1.4,1.2,2014-09-02,0537,Aqua,MODIS,45,6.2,314.2,31.8,D,0
-14.7241,132.0389,325.1,4.2,1.9,2014-09-02,0537,Aqua,MODIS,62,6.2,310.6,88.3,D,0
-14.7228,132.0335,326.7,4.2,1.9,2014-09-02,0537,Aqua,MODIS,68,6.2,310.5,103.8,D,0
-14.7348,131.8045,341.4,4.1,1.9,2014-09-02,0537,Aqua,MODIS,87,6.2,312.5,230,D,0
-14.7181,131.8014,332.2,4.1,1.9,2014-09-02,0537,Aqua,MODIS,70,6.2,308.2,128.4,D,0
-14.725,131.8363,326.7,4.1,1.9,2014-09-02,0537,Aqua,MODIS,39,6.2,309.7,75.5,D,0
-14.7321,131.7988,344.8,4.1,1.9,2014-09-02,0537,Aqua,MODIS,90,6.2,312.4,282.7,D,0
-14.7255,131.7642,325.9,4,1.9,2014-09-02,0537,Aqua,MODIS,18,6.2,309.5,65.9,D,0
-15.2738,125.6515,350.6,1.4,1.2,2014-09-02,0537,Aqua,MODIS,94,6.2,317.2,69.6,D,0
-15.2886,125.659,343,1.4,1.2,2014-09-02,0537,Aqua,MODIS,80,6.2,312.9,50.6,D,0
-15.2781,125.6576,366,1.4,1.2,2014-09-02,0537,Aqua,MODIS,100,6.2,318.9,135.9,D,0
-15.2823,125.6657,342.4,1.4,1.2,2014-09-02,0537,Aqua,MODIS,52,6.2,316.2,40.2,D,0
-15.2843,125.6532,356.4,1.4,1.2,2014-09-02,0537,Aqua,MODIS,97,6.2,316.3,92.4,D,0
-16.5191,123.9593,351.8,1.1,1,2014-09-02,0537,Aqua,MODIS,95,6.2,314.6,56.2,D,0
-16.4387,124.0134,328.9,1.1,1,2014-09-02,0537,Aqua,MODIS,57,6.2,315.8,12.9,D,0
-16.4691,124.0346,328.9,1.1,1,2014-09-02,0537,Aqua,MODIS,29,6.2,316.7,11.1,D,0
-16.5206,123.9493,340.3,1.1,1,2014-09-02,0537,Aqua,MODIS,85,6.2,311.5,32.2,D,0
-16.6148,124.0032,339.2,1.1,1,2014-09-02,0537,Aqua,MODIS,33,6.2,321.1,23.5,D,0
-16.5082,123.9677,331.4,1.1,1,2014-09-02,0537,Aqua,MODIS,60,6.2,319.9,15.2,D,0
-16.6296,123.7165,328.3,1.1,1,2014-09-02,0537,Aqua,MODIS,60,6.2,312.1,11.8,D,0
-16.5616,123.6783,330,1.1,1,2014-09-02,0537,Aqua,MODIS,72,6.2,312.9,16.2,D,0
-16.5113,123.9476,358.8,1.1,1,2014-09-02,0537,Aqua,MODIS,99,6.2,317.7,76.8,D,0
-16.516,123.9794,336.6,1.1,1,2014-09-02,0537,Aqua,MODIS,68,6.2,315.9,23,D,0
-16.5602,123.688,331.2,1.1,1,2014-09-02,0537,Aqua,MODIS,74,6.2,314.1,17.5,D,0
-16.5097,123.9576,359.2,1.1,1,2014-09-02,0537,Aqua,MODIS,99,6.2,321.4,77.2,D,0
-16.4817,123.953,328,1.1,1,2014-09-02,0537,Aqua,MODIS,46,6.2,315.8,10.3,D,0
-16.5175,123.9693,335.9,1.1,1,2014-09-02,0537,Aqua,MODIS,69,6.2,315.2,22.1,D,0
-14.4822,125.7893,330.3,1.5,1.2,2014-09-02,0537,Aqua,MODIS,57,6.2,311.7,25.4,D,0
-15.2802,125.6449,339.5,1.4,1.2,2014-09-02,0537,Aqua,MODIS,58,6.2,312.9,39.6,D,0
-15.257,125.6221,344.7,1.4,1.2,2014-09-02,0537,Aqua,MODIS,89,6.2,315.8,56.5,D,0
-15.4925,128.1767,329.5,2.1,1.4,2014-09-02,0537,Aqua,MODIS,65,6.2,315,22.1,D,0
-15.4914,128.1696,327.5,2.1,1.4,2014-09-02,0537,Aqua,MODIS,64,6.2,314.7,18,D,0
-15.255,125.6347,346.8,1.4,1.2,2014-09-02,0537,Aqua,MODIS,91,6.2,317.4,59.7,D,0
-13.516,131.1199,326.3,3.8,1.8,2014-09-02,0537,Aqua,MODIS,66,6.2,303.6,83.8,D,0
-13.415,130.813,325,3.6,1.8,2014-09-02,0537,Aqua,MODIS,63,6.2,299.6,74.7,D,0
-13.523,131.1287,328.6,3.8,1.8,2014-09-02,0537,Aqua,MODIS,70,6.2,304.6,98,D,0
-13.549,131.1705,323.9,3.8,1.8,2014-09-02,0537,Aqua,MODIS,26,6.2,307,62.2,D,0
-13.3844,130.8336,317.6,3.7,1.8,2014-09-02,0537,Aqua,MODIS,29,6.2,295.6,32.9,D,0
-23.9396,149.2753,302.3,2.8,1.6,2014-09-02,1321,Terra,MODIS,32,6.2,285.9,26.7,N,0
-24.2263,149.45,305.2,2.8,1.6,2014-09-02,1321,Terra,MODIS,63,6.2,287.4,35.5,N,0
-23.9042,149.2863,303.2,2.8,1.6,2014-09-02,1321,Terra,MODIS,19,6.2,287.9,26.6,N,0
-16.9233,135.0348,305.9,1.4,1.2,2014-09-02,1323,Terra,MODIS,24,6.2,293,7.5,N,0
-16.9126,135.0334,315.5,1.4,1.2,2014-09-02,1323,Terra,MODIS,63,6.2,294.4,18.8,N,0
-17.0628,134.8214,324.1,1.5,1.2,2014-09-02,1323,Terra,MODIS,98,6.2,294.4,32,N,0
-17.0468,134.862,312.7,1.5,1.2,2014-09-02,1323,Terra,MODIS,65,6.2,293.7,17.5,N,0
-16.8787,135.0092,331.5,1.4,1.2,2014-09-02,1323,Terra,MODIS,100,6.2,294.8,48,N,0
-16.868,135.0077,350.4,1.4,1.2,2014-09-02,1323,Terra,MODIS,100,6.2,297,103.7,N,0
-16.8573,135.0063,331.6,1.4,1.2,2014-09-02,1323,Terra,MODIS,100,6.2,295.7,49.2,N,0
-16.8342,135.0169,327,1.4,1.2,2014-09-02,1323,Terra,MODIS,100,6.2,294.1,40.3,N,0
-16.8359,135.0034,341.8,1.4,1.2,2014-09-02,1323,Terra,MODIS,100,6.2,296.4,78.5,N,0
-16.8954,135.0858,314.5,1.4,1.2,2014-09-02,1323,Terra,MODIS,71,6.2,291.8,17.7,N,0
-16.897,135.0724,319,1.4,1.2,2014-09-02,1323,Terra,MODIS,97,6.2,293.5,23.7,N,0
-16.8879,135.0574,354.9,1.4,1.2,2014-09-02,1323,Terra,MODIS,100,6.2,296.2,118.9,N,0
-16.8863,135.0709,350.6,1.4,1.2,2014-09-02,1323,Terra,MODIS,100,6.2,294.9,103.2,N,0
-16.8916,135.0795,313.5,1.4,1.2,2014-09-02,1323,Terra,MODIS,67,6.2,292.2,16.3,N,0
-16.8826,135.0646,377.9,1.4,1.2,2014-09-02,1323,Terra,MODIS,100,6.2,298.5,242.7,N,0
-16.8843,135.0511,332,1.4,1.2,2014-09-02,1323,Terra,MODIS,100,6.2,294,49.3,N,0
-16.8877,135.0241,311.4,1.4,1.2,2014-09-02,1323,Terra,MODIS,42,6.2,293.2,14.4,N,0
-16.877,135.0227,365.6,1.4,1.2,2014-09-02,1323,Terra,MODIS,100,6.2,297.9,171.4,N,0
-16.8663,135.0212,339.5,1.4,1.2,2014-09-02,1323,Terra,MODIS,100,6.2,295.3,67.7,N,0
-16.8539,135.0333,312.5,1.4,1.2,2014-09-02,1323,Terra,MODIS,33,6.2,294,14.3,N,0
-16.8556,135.0198,319.6,1.4,1.2,2014-09-02,1323,Terra,MODIS,58,6.2,294.7,24.8,N,0
-16.8416,135.0453,305.1,1.4,1.2,2014-09-02,1323,Terra,MODIS,7,6.2,292,7.9,N,0
-16.8432,135.0318,312.3,1.4,1.2,2014-09-02,1323,Terra,MODIS,55,6.2,293.4,15.4,N,0
-16.8449,135.0183,334.9,1.4,1.2,2014-09-02,1323,Terra,MODIS,100,6.2,296.5,57.4,N,0
-16.7794,135.0716,343.9,1.4,1.2,2014-09-02,1323,Terra,MODIS,100,6.2,297,81.4,N,0
-16.7811,135.0583,330.8,1.4,1.2,2014-09-02,1323,Terra,MODIS,100,6.2,294.5,47.7,N,0
-16.7688,135.0703,347.7,1.4,1.2,2014-09-02,1323,Terra,MODIS,100,6.2,298.3,94.5,N,0
-16.7704,135.0569,370,1.4,1.2,2014-09-02,1323,Terra,MODIS,100,6.2,300,194.9,N,0
-17.099,134.7976,315.2,1.5,1.2,2014-09-02,1323,Terra,MODIS,33,6.2,293.5,20.2,N,0
-17.0881,134.7962,318.8,1.5,1.2,2014-09-02,1323,Terra,MODIS,74,6.2,294.4,26.4,N,0
-17.0352,134.7747,313.5,1.5,1.2,2014-09-02,1323,Terra,MODIS,54,6.2,293.9,18.9,N,0
-17.0243,134.7732,327.9,1.5,1.2,2014-09-02,1323,Terra,MODIS,100,6.2,294.8,45.6,N,0
-17.0207,134.7808,310,1.5,1.2,2014-09-02,1323,Terra,MODIS,79,6.2,294.2,15.3,N,0
-17.0225,134.7667,318.8,1.5,1.2,2014-09-02,1323,Terra,MODIS,97,6.2,294.1,28.6,N,0
-17.6637,138.2986,303.9,1,1,2014-09-02,1323,Terra,MODIS,57,6.2,293.2,5.4,N,0
-17.6252,138.3158,301.8,1,1,2014-09-02,1323,Terra,MODIS,11,6.2,291.6,4.2,N,0
-17.6058,138.2538,300.9,1,1,2014-09-02,1323,Terra,MODIS,35,6.2,289.9,4.7,N,0
-16.988,135.253,312.6,1.4,1.2,2014-09-02,1323,Terra,MODIS,69,6.2,293.9,16.6,N,0
-16.979,135.2384,304.3,1.4,1.2,2014-09-02,1323,Terra,MODIS,31,6.2,293,8,N,0
-16.8735,135.1774,315.1,1.4,1.2,2014-09-02,1323,Terra,MODIS,30,6.2,294.5,16.2,N,0
-16.878,135.1857,316.4,1.4,1.2,2014-09-02,1323,Terra,MODIS,26,6.2,294.7,18.8,N,0
-16.8619,135.1432,324,1.4,1.2,2014-09-02,1323,Terra,MODIS,100,6.2,295.2,32.4,N,0
-16.8463,135.1814,316.5,1.4,1.2,2014-09-02,1323,Terra,MODIS,52,6.2,291.8,21.6,N,0
-16.8479,135.1681,317.1,1.4,1.2,2014-09-02,1323,Terra,MODIS,58,6.2,291.2,21.9,N,0
-16.8513,135.1418,313.1,1.4,1.2,2014-09-02,1323,Terra,MODIS,32,6.2,294.5,14.7,N,0
-16.8406,135.1403,327.1,1.4,1.2,2014-09-02,1323,Terra,MODIS,100,6.2,296.9,37.7,N,0
-16.8423,135.1271,323.5,1.4,1.2,2014-09-02,1323,Terra,MODIS,100,6.2,295,31,N,0
-16.3979,136.6052,315.3,1.2,1.1,2014-09-02,1323,Terra,MODIS,91,6.2,291.6,17,N,0
-16.9044,135.1006,319.7,1.4,1.2,2014-09-02,1323,Terra,MODIS,99,6.2,291.6,26.7,N,0
-17.6031,138.3419,307.3,1,1,2014-09-02,1323,Terra,MODIS,39,6.2,290.5,7.7,N,0
-17.6044,138.3323,315.9,1,1,2014-09-02,1323,Terra,MODIS,92,6.2,292.8,14.1,N,0
-17.5953,138.3309,304.7,1,1,2014-09-02,1323,Terra,MODIS,13,6.2,291.5,6.3,N,0
-16.3869,136.6146,308.5,1.2,1.1,2014-09-02,1323,Terra,MODIS,62,6.2,291.2,10.5,N,0
-16.83,135.1389,358.8,1.4,1.2,2014-09-02,1323,Terra,MODIS,100,6.2,298.8,135.4,N,0
-16.8317,135.1256,355,1.4,1.2,2014-09-02,1323,Terra,MODIS,100,6.2,298.3,119.6,N,0
-16.8194,135.1374,314.5,1.4,1.2,2014-09-02,1323,Terra,MODIS,51,6.2,293,19.3,N,0
-16.8211,135.1241,335.7,1.4,1.2,2014-09-02,1323,Terra,MODIS,100,6.2,295.6,58.8,N,0
-17.0269,135.2847,312.5,1.4,1.2,2014-09-02,1323,Terra,MODIS,61,6.2,291.2,17.1,N,0
-17.0285,135.2717,307.8,1.4,1.2,2014-09-02,1323,Terra,MODIS,20,6.2,291.6,11.1,N,0
-18.4143,146.3248,307.7,2.2,1.4,2014-09-02,1323,Terra,MODIS,72,6.2,290.4,28.2,N,0
-17.2216,134.9259,304.6,1.5,1.2,2014-09-02,1323,Terra,MODIS,21,6.2,290.4,10.2,N,0
-17.2081,135.0363,302.3,1.5,1.2,2014-09-02,1323,Terra,MODIS,33,6.2,290.9,8.5,N,0
-17.1957,135.0484,304.8,1.5,1.2,2014-09-02,1323,Terra,MODIS,62,6.2,289.7,11.3,N,0
-16.8731,134.9669,314.5,1.5,1.2,2014-09-02,1323,Terra,MODIS,88,6.2,294.7,19.4,N,0
-17.0763,134.9787,303.8,1.5,1.2,2014-09-02,1323,Terra,MODIS,57,6.2,292.4,9.2,N,0
-17.0265,135.0274,323,1.5,1.2,2014-09-02,1323,Terra,MODIS,100,6.2,293.8,34.6,N,0
-17.0282,135.0138,319.5,1.5,1.2,2014-09-02,1323,Terra,MODIS,99,6.2,292.5,28.4,N,0
-18.9466,133.898,302.5,1.9,1.3,2014-09-02,1323,Terra,MODIS,50,6.2,291.1,13.2,N,0
-16.9622,134.9849,308.3,1.5,1.2,2014-09-02,1323,Terra,MODIS,26,6.2,293.3,11,N,0
-16.9333,134.9531,310.5,1.5,1.2,2014-09-02,1323,Terra,MODIS,36,6.2,293.5,14.1,N,0
-16.9225,134.9516,342.4,1.5,1.2,2014-09-02,1323,Terra,MODIS,100,6.2,296.3,80.5,N,0
-16.9242,134.9379,305.1,1.5,1.2,2014-09-02,1323,Terra,MODIS,31,6.2,292.7,9.2,N,0
-15.9862,144.3011,306.1,1.8,1.3,2014-09-02,1323,Terra,MODIS,67,6.2,291.5,17,N,0
-18.156,129.9094,317.2,3.6,1.8,2014-09-02,1323,Terra,MODIS,57,6.2,292.7,90.7,N,0
-18.1768,129.9403,305.1,3.6,1.8,2014-09-02,1323,Terra,MODIS,36,6.2,290.2,42,N,0
-18.1512,129.869,317.1,3.6,1.8,2014-09-02,1323,Terra,MODIS,71,6.2,293.4,93.1,N,0
-18.1479,129.9032,322.7,3.6,1.8,2014-09-02,1323,Terra,MODIS,98,6.2,292.7,128,N,0
-18.164,129.9049,306,3.6,1.8,2014-09-02,1323,Terra,MODIS,30,6.2,291.4,43.7,N,0
-18.1607,129.9387,304.2,3.6,1.8,2014-09-02,1323,Terra,MODIS,23,6.2,290.4,39.5,N,0
-14.8637,142.8749,310.7,1.5,1.2,2014-09-02,1324,Terra,MODIS,25,6.2,293.5,14.5,N,0
-14.801,142.5945,302.5,1.4,1.2,2014-09-02,1324,Terra,MODIS,47,6.2,292.4,8,N,0
-15.46,134.7811,309.8,1.4,1.2,2014-09-02,1324,Terra,MODIS,78,6.2,293.2,16,N,0
-15.4844,135.1018,301.4,1.4,1.2,2014-09-02,1324,Terra,MODIS,13,6.2,290.5,7.1,N,0
-14.8652,143.0008,313.6,1.5,1.2,2014-09-02,1324,Terra,MODIS,87,6.2,293.7,20.4,N,0
-14.8674,142.9872,306.1,1.5,1.2,2014-09-02,1324,Terra,MODIS,35,6.2,293.1,10.6,N,0
-14.8553,142.8596,305.6,1.5,1.2,2014-09-02,1324,Terra,MODIS,46,6.2,293.2,9.7,N,0
-14.8586,142.8822,308.5,1.5,1.2,2014-09-02,1324,Terra,MODIS,52,6.2,293.5,12.5,N,0
-14.853,142.8731,309.5,1.5,1.2,2014-09-02,1324,Terra,MODIS,64,6.2,293.4,13.6,N,0
-14.7313,142.0529,304.3,1.3,1.1,2014-09-02,1324,Terra,MODIS,59,6.2,291.8,8.5,N,0
-14.8607,142.8687,314.9,1.5,1.2,2014-09-02,1324,Terra,MODIS,90,6.2,293.9,20.8,N,0
-13.1409,134.1987,322.5,1.5,1.2,2014-09-02,1324,Terra,MODIS,100,6.2,293.9,35.8,N,0
-13.0228,141.9213,303.2,1.4,1.2,2014-09-02,1324,Terra,MODIS,54,6.2,291.5,8.3,N,0
-13.0599,134.3227,300.2,1.4,1.2,2014-09-02,1324,Terra,MODIS,22,6.2,288.6,7.9,N,0
-14.835,142.8918,304.5,1.5,1.2,2014-09-02,1324,Terra,MODIS,20,6.2,293,8.7,N,0
-13.1392,134.2121,317,1.5,1.2,2014-09-02,1324,Terra,MODIS,94,6.2,292.9,26.4,N,0
-13.2679,134.2954,304.2,1.4,1.2,2014-09-02,1324,Terra,MODIS,59,6.2,289.1,11.2,N,0
-14.8629,143.0145,304.5,1.5,1.2,2014-09-02,1324,Terra,MODIS,14,6.2,293.1,8.6,N,0
-14.8267,142.6053,305.5,1.4,1.2,2014-09-02,1324,Terra,MODIS,64,6.2,293,10.1,N,0
-14.8246,142.6182,304.9,1.4,1.2,2014-09-02,1324,Terra,MODIS,62,6.2,293.4,9.8,N,0
-13.2358,134.2912,303.7,1.4,1.2,2014-09-02,1324,Terra,MODIS,56,6.2,288.9,10.4,N,0
-14.1774,133.0387,334.6,1.8,1.3,2014-09-02,1324,Terra,MODIS,100,6.2,297.1,79.9,N,0
-14.1634,133.054,306.3,1.8,1.3,2014-09-02,1324,Terra,MODIS,48,6.2,294.2,13.9,N,0
-13.485,132.5299,304.7,2,1.4,2014-09-02,1324,Terra,MODIS,61,6.2,293.9,13.2,N,0
-13.8237,135.4338,302.6,1.2,1.1,2014-09-02,1324,Terra,MODIS,50,6.2,291.9,7.2,N,0
-14.1597,132.9844,313.3,1.9,1.3,2014-09-02,1324,Terra,MODIS,85,6.2,294.6,26.5,N,0
-13.4872,132.5118,309.4,2,1.4,2014-09-02,1324,Terra,MODIS,77,6.2,295.7,21,N,0
-14.1738,132.9685,311.7,1.9,1.3,2014-09-02,1324,Terra,MODIS,52,6.2,296,22.5,N,0
-14.1717,132.9858,335.2,1.9,1.3,2014-09-02,1324,Terra,MODIS,100,6.2,298.1,84.2,N,0
-14.1696,133.003,328.7,1.8,1.3,2014-09-02,1324,Terra,MODIS,100,6.2,296.5,62.1,N,0
-14.1935,133.0062,310.4,1.8,1.3,2014-09-02,1324,Terra,MODIS,56,6.2,295.4,20,N,0
-13.8228,135.439,302.3,1.2,1.1,2014-09-02,1324,Terra,MODIS,48,6.2,291.9,6.9,N,0
-14.1914,133.0232,341.6,1.8,1.3,2014-09-02,1324,Terra,MODIS,100,6.2,298.9,108.2,N,0
-14.1795,133.0217,343,1.8,1.3,2014-09-02,1324,Terra,MODIS,100,6.2,297.9,113.3,N,0
-14.1577,133.0013,303.9,1.8,1.3,2014-09-02,1324,Terra,MODIS,18,6.2,293.6,11.1,N,0
-14.1779,132.9341,324.6,1.9,1.3,2014-09-02,1324,Terra,MODIS,100,6.2,295.6,54.5,N,0
-15.4005,135.673,302.6,1.3,1.1,2014-09-02,1324,Terra,MODIS,41,6.2,292.3,6.6,N,0
-15.3734,135.6455,304.4,1.3,1.1,2014-09-02,1324,Terra,MODIS,60,6.2,293.1,7.9,N,0
-14.2979,133.7302,332.4,1.6,1.3,2014-09-02,1324,Terra,MODIS,100,6.2,296,64.8,N,0
-13.0557,134.3157,301.2,1.4,1.2,2014-09-02,1324,Terra,MODIS,39,6.2,289.2,8.3,N,0
-14.6161,144.5616,303.8,1.9,1.4,2014-09-02,1324,Terra,MODIS,57,6.2,291.4,15.2,N,0
-14.296,133.7454,350,1.6,1.3,2014-09-02,1324,Terra,MODIS,100,6.2,297.7,127.1,N,0
-14.8803,144.9333,305.1,2.1,1.4,2014-09-02,1324,Terra,MODIS,19,6.2,290.7,18,N,0
-14.2847,133.7438,313.9,1.6,1.3,2014-09-02,1324,Terra,MODIS,88,6.2,294.4,24.5,N,0
-14.2999,133.7149,316.5,1.6,1.3,2014-09-02,1324,Terra,MODIS,93,6.2,294.9,29,N,0
-12.6464,142.0398,305.4,1.4,1.2,2014-09-02,1324,Terra,MODIS,64,6.2,289.9,11,N,0
-12.7048,134.8113,305,1.3,1.1,2014-09-02,1325,Terra,MODIS,62,6.2,288.3,10.7,N,0
-12.1843,135.2735,310.5,1.2,1.1,2014-09-02,1325,Terra,MODIS,80,6.2,292.1,13.3,N,0
-12.5772,134.0582,306,1.5,1.2,2014-09-02,1325,Terra,MODIS,66,6.2,294.6,9.7,N,0
-12.1828,135.2846,303.5,1.2,1.1,2014-09-02,1325,Terra,MODIS,14,6.2,290.8,7.3,N,0
-12.7136,134.806,301.5,1.3,1.1,2014-09-02,1325,Terra,MODIS,41,6.2,287.5,7.8,N,0
-12.5705,133.0101,303.6,1.7,1.3,2014-09-02,1325,Terra,MODIS,26,6.2,292.5,9.8,N,0
-12.561,133.0191,303.8,1.7,1.3,2014-09-02,1325,Terra,MODIS,53,6.2,292.3,10.8,N,0
-12.4324,131.4299,319.7,2.3,1.5,2014-09-02,1325,Terra,MODIS,99,6.2,289.8,60.5,N,0
-12.4456,131.4316,328.5,2.3,1.5,2014-09-02,1325,Terra,MODIS,100,6.2,291,93.2,N,0
-11.9266,132.6966,307.5,1.8,1.3,2014-09-02,1325,Terra,MODIS,72,6.2,287.3,21.1,N,0
-11.9246,132.7131,302.6,1.8,1.3,2014-09-02,1325,Terra,MODIS,50,6.2,287.3,13.9,N,0
-12.2765,132.9148,300.5,1.8,1.3,2014-09-02,1325,Terra,MODIS,23,6.2,289.8,10.4,N,0
-12.687,132.2186,302.1,2,1.4,2014-09-02,1325,Terra,MODIS,14,6.2,291.4,12.1,N,0
-11.9385,132.6982,300.3,1.8,1.3,2014-09-02,1325,Terra,MODIS,5,6.2,287.9,10.1,N,0
-12.689,132.2247,302.3,2,1.4,2014-09-02,1325,Terra,MODIS,47,6.2,291.4,13.5,N,0
-23.9149,149.2479,306.8,2.6,1.5,2014-09-02,1452,Aqua,MODIS,33,6.2,285.1,34.4,N,0
-26.315,150.8315,302.5,1.8,1.3,2014-09-02,1452,Aqua,MODIS,50,6.2,283.5,17.3,N,0
-23.8606,149.2635,309.9,2.6,1.5,2014-09-02,1452,Aqua,MODIS,79,6.2,286.4,43.2,N,0
-23.868,149.2669,319.3,2.6,1.5,2014-09-02,1452,Aqua,MODIS,98,6.2,287,73.9,N,0
-23.8728,149.2913,314.7,2.5,1.5,2014-09-02,1452,Aqua,MODIS,90,6.2,287.3,56.8,N,0
-23.8655,149.2874,319.5,2.5,1.5,2014-09-02,1452,Aqua,MODIS,99,6.2,287.7,72.9,N,0
-27.1925,152.3399,312.2,1.4,1.2,2014-09-02,1453,Aqua,MODIS,84,6.2,283.1,22.2,N,0
-27.1949,152.3534,311.7,1.4,1.2,2014-09-02,1453,Aqua,MODIS,83,6.2,282.8,21.7,N,0
-27.6003,152.3877,301.9,1.3,1.1,2014-09-02,1453,Aqua,MODIS,45,6.2,282.4,11.3,N,0
-19.18,122.0218,310.2,2.3,1.5,2014-09-02,1501,Terra,MODIS,80,6.2,286.5,38.1,N,0
-19.176,122.0434,307.7,2.3,1.5,2014-09-02,1501,Terra,MODIS,72,6.2,286.7,32.4,N,0
-21.3193,118.5373,330,1.2,1.1,2014-09-02,1501,Terra,MODIS,100,6.2,290.8,40.5,N,0
-21.3273,118.5509,300.1,1.2,1.1,2014-09-02,1501,Terra,MODIS,16,6.2,289.5,6,N,0
-21.3174,118.5491,322.6,1.2,1.1,2014-09-02,1501,Terra,MODIS,100,6.2,291.7,28.7,N,0
-20.991,119.7266,302,1.5,1.2,2014-09-02,1501,Terra,MODIS,44,6.2,290.9,8.5,N,0
-20.9934,119.7123,312.8,1.5,1.2,2014-09-02,1501,Terra,MODIS,86,6.2,293.3,20.5,N,0
-21.8325,119.5944,322.8,1.4,1.2,2014-09-02,1501,Terra,MODIS,100,6.2,291.8,34.9,N,0
-21.8347,119.5812,313.2,1.4,1.2,2014-09-02,1501,Terra,MODIS,87,6.2,290.3,20.7,N,0
-21.822,119.5923,317,1.4,1.2,2014-09-02,1501,Terra,MODIS,94,6.2,290,25.8,N,0
-21.8242,119.5792,321.1,1.4,1.2,2014-09-02,1501,Terra,MODIS,100,6.2,288.7,32,N,0
-18.0699,123.7511,325.6,3.2,1.7,2014-09-02,1501,Terra,MODIS,100,6.2,294.7,129.7,N,0
-18.0759,123.7207,314.9,3.2,1.7,2014-09-02,1501,Terra,MODIS,90,6.2,292.8,72.8,N,0
-18.0739,123.7452,303.6,3.2,1.7,2014-09-02,1501,Terra,MODIS,56,6.2,292.8,29.9,N,0
-18.0796,123.7148,310.2,3.2,1.7,2014-09-02,1501,Terra,MODIS,79,6.2,292.2,54.9,N,0
-21.709,119.5229,305.7,1.4,1.2,2014-09-02,1501,Terra,MODIS,65,6.2,286.4,13.5,N,0
-18.0486,123.7785,337.3,3.3,1.7,2014-09-02,1501,Terra,MODIS,100,6.2,296.9,216.6,N,0
-18.0547,123.7478,350.2,3.2,1.7,2014-09-02,1501,Terra,MODIS,100,6.2,298,345.5,N,0
-18.0528,123.7726,347.9,3.3,1.7,2014-09-02,1501,Terra,MODIS,100,6.2,299.2,322.6,N,0
-18.0587,123.7419,344.2,3.2,1.7,2014-09-02,1501,Terra,MODIS,100,6.2,297.4,281.1,N,0
-19.1812,122.0895,319.5,2.3,1.5,2014-09-02,1501,Terra,MODIS,99,6.2,289.3,63.2,N,0
-19.1852,122.0678,306.2,2.3,1.5,2014-09-02,1501,Terra,MODIS,61,6.2,287.6,28.9,N,0
-19.1478,122.1969,306.2,2.4,1.5,2014-09-02,1501,Terra,MODIS,67,6.2,289.2,29.3,N,0
-19.0309,122.3296,302.2,2.4,1.5,2014-09-02,1501,Terra,MODIS,48,6.2,288.8,22.9,N,0
-21.2682,120.0709,304.7,1.5,1.2,2014-09-02,1501,Terra,MODIS,61,6.2,287.8,14.4,N,0
-21.2573,120.0687,321.2,1.5,1.2,2014-09-02,1501,Terra,MODIS,100,6.2,288.4,37.8,N,0
-16.518,123.9825,307.6,3.6,1.8,2014-09-02,1502,Terra,MODIS,55,6.2,292.1,51.4,N,0
-16.5265,123.9779,307,3.6,1.8,2014-09-02,1502,Terra,MODIS,50,6.2,292.5,50.7,N,0
-12.5776,134.0706,304,1,1,2014-09-02,1627,Aqua,MODIS,58,6.2,292.9,5.3,N,0
-12.2886,132.9166,312,1.1,1.1,2014-09-02,1627,Aqua,MODIS,84,6.2,288.8,14.4,N,0
-12.2679,132.9093,302.7,1.1,1.1,2014-09-02,1627,Aqua,MODIS,32,6.2,289.9,7.2,N,0
-12.2775,132.9077,300.9,1.1,1.1,2014-09-02,1627,Aqua,MODIS,31,6.2,286.8,6.1,N,0
-14.1783,133.0304,307.3,1.1,1,2014-09-02,1628,Aqua,MODIS,23,6.2,292.3,7.7,N,0
-15.5268,133.0521,306,1.1,1,2014-09-02,1628,Aqua,MODIS,62,6.2,286.7,8.6,N,0
-14.1384,132.2399,309.4,1.2,1.1,2014-09-02,1628,Aqua,MODIS,77,6.2,292.7,11.2,N,0
-15.497,133.0328,302.1,1.1,1,2014-09-02,1628,Aqua,MODIS,13,6.2,289.2,5.7,N,0
-13.4855,132.5269,336.1,1.2,1.1,2014-09-02,1628,Aqua,MODIS,100,6.2,296.9,44.7,N,0
-13.4776,132.5393,315.3,1.1,1.1,2014-09-02,1628,Aqua,MODIS,87,6.2,294.1,15,N,0
-14.1643,133.0631,302.6,1.1,1,2014-09-02,1628,Aqua,MODIS,23,6.2,292.1,5.3,N,0
-14.1706,132.9806,310.3,1.1,1,2014-09-02,1628,Aqua,MODIS,22,6.2,294.2,10.4,N,0
-13.4908,132.5411,322.4,1.1,1.1,2014-09-02,1628,Aqua,MODIS,100,6.2,296.7,24.9,N,0
-13.4456,132.5231,308.4,1.2,1.1,2014-09-02,1628,Aqua,MODIS,74,6.2,292.2,10.1,N,0
-13.4871,132.5377,331.8,1.1,1.1,2014-09-02,1628,Aqua,MODIS,100,6.2,297.3,36.8,N,0
-13.4759,132.5287,313.3,1.2,1.1,2014-09-02,1628,Aqua,MODIS,69,6.2,294.1,13.1,N,0
-13.4838,132.5164,308.7,1.2,1.1,2014-09-02,1628,Aqua,MODIS,75,6.2,294.2,10,N,0
-13.4891,132.5304,323.2,1.1,1.1,2014-09-02,1628,Aqua,MODIS,100,6.2,296.7,25.4,N,0
-13.4874,132.5199,322,1.2,1.1,2014-09-02,1628,Aqua,MODIS,100,6.2,295.3,24.3,N,0
-15.5992,130.3062,309.5,1.4,1.2,2014-09-02,1628,Aqua,MODIS,49,6.2,294,13,N,0
-15.7824,130.2014,307.5,1.5,1.2,2014-09-02,1628,Aqua,MODIS,26,6.2,295.3,10.1,N,0
-15.787,130.2283,305.3,1.5,1.2,2014-09-02,1628,Aqua,MODIS,15,6.2,294.5,7.8,N,0
-15.7829,130.2343,305.9,1.5,1.2,2014-09-02,1628,Aqua,MODIS,45,6.2,295.2,8.6,N,0
-14.1129,132.266,315.3,1.2,1.1,2014-09-02,1628,Aqua,MODIS,91,6.2,292.3,17.3,N,0
-16.9692,135.0149,300.2,1,1,2014-09-02,1628,Aqua,MODIS,14,6.2,290,3.9,N,0
-15.2766,125.7119,308.4,3.2,1.7,2014-09-02,1628,Aqua,MODIS,70,6.2,291.2,49.6,N,0
-15.2775,125.7347,309.3,3.2,1.7,2014-09-02,1628,Aqua,MODIS,74,6.2,289.6,54.1,N,0
-14.7013,131.7873,301.1,1.2,1.1,2014-09-02,1628,Aqua,MODIS,37,6.2,287.1,7.7,N,0
-15.2821,125.7418,304.7,3.2,1.7,2014-09-02,1628,Aqua,MODIS,41,6.2,289,38.1,N,0
-16.7415,135.0327,313.3,1,1,2014-09-02,1628,Aqua,MODIS,42,6.2,292.9,11.1,N,0
-16.7428,135.0421,319,1,1,2014-09-02,1628,Aqua,MODIS,68,6.2,293.2,15.8,N,0
-16.7492,135.0218,304.1,1,1,2014-09-02,1628,Aqua,MODIS,2,6.2,291.4,5.3,N,0
-16.7506,135.0313,319.1,1,1,2014-09-02,1628,Aqua,MODIS,98,6.2,293.4,16.4,N,0
-16.7519,135.0408,328.1,1,1,2014-09-02,1628,Aqua,MODIS,100,6.2,294,25.5,N,0
-16.7533,135.0503,327.1,1,1,2014-09-02,1628,Aqua,MODIS,97,6.2,293.6,23.8,N,0
-16.7596,135.0299,307.6,1,1,2014-09-02,1628,Aqua,MODIS,48,6.2,291,7.7,N,0
-16.761,135.0394,306.3,1,1,2014-09-02,1628,Aqua,MODIS,13,6.2,291.7,6.5,N,0
-16.9746,135.2488,300.7,1,1,2014-09-02,1628,Aqua,MODIS,15,6.2,290.5,4.2,N,0
-16.8621,135.1734,308.6,1,1,2014-09-02,1628,Aqua,MODIS,37,6.2,291.7,6.9,N,0
-16.4359,136.5246,304.2,1.1,1.1,2014-09-02,1628,Aqua,MODIS,59,6.2,288.3,8.9,N,0
-16.7796,135.1047,310.9,1,1,2014-09-02,1628,Aqua,MODIS,20,6.2,291.7,9.2,N,0
-16.8004,135.121,332,1,1,2014-09-02,1628,Aqua,MODIS,100,6.2,291.6,31.7,N,0
-16.8018,135.1306,308.6,1,1,2014-09-02,1628,Aqua,MODIS,17,6.2,289,7.8,N,0
-16.8095,135.1197,311.8,1,1,2014-09-02,1628,Aqua,MODIS,36,6.2,291.5,9.6,N,0
-16.8109,135.1292,340.5,1,1,2014-09-02,1628,Aqua,MODIS,100,6.2,293.8,44.4,N,0
-16.8123,135.1388,317.6,1,1,2014-09-02,1628,Aqua,MODIS,75,6.2,290.7,15,N,0
-17.0074,135.2833,300.7,1,1,2014-09-02,1628,Aqua,MODIS,28,6.2,288.6,5.2,N,0
-15.4959,135.067,309.1,1,1,2014-09-02,1628,Aqua,MODIS,76,6.2,289.8,10.6,N,0
-15.4973,135.0764,310.7,1,1,2014-09-02,1628,Aqua,MODIS,81,6.2,291.6,11.5,N,0
-15.4742,135.1086,303.5,1,1,2014-09-02,1628,Aqua,MODIS,55,6.2,288.8,6.5,N,0
-15.6121,130.3177,308.4,1.4,1.2,2014-09-02,1628,Aqua,MODIS,31,6.2,293.8,10.8,N,0
-15.7763,130.1938,306.7,1.5,1.2,2014-09-02,1628,Aqua,MODIS,69,6.2,295.4,9.8,N,0
-16.8999,134.9188,313.7,1,1,2014-09-02,1628,Aqua,MODIS,88,6.2,291.1,13.4,N,0
-16.9013,134.9282,341,1,1,2014-09-02,1628,Aqua,MODIS,100,6.2,293.3,46.9,N,0
-16.9026,134.9377,312.1,1,1,2014-09-02,1628,Aqua,MODIS,75,6.2,290.6,11.9,N,0
-16.9103,134.9269,336.8,1,1,2014-09-02,1628,Aqua,MODIS,100,6.2,293.2,39.5,N,0
-16.9117,134.9363,345.8,1,1,2014-09-02,1628,Aqua,MODIS,100,6.2,295,55,N,0
-16.913,134.9458,312.3,1,1,2014-09-02,1628,Aqua,MODIS,57,6.2,291.3,10.8,N,0
-16.9207,134.935,307.9,1,1,2014-09-02,1628,Aqua,MODIS,73,6.2,290.7,8.5,N,0
-16.9221,134.9444,320.6,1,1,2014-09-02,1628,Aqua,MODIS,100,6.2,291.8,18.5,N,0
-16.9235,134.9539,318.4,1,1,2014-09-02,1628,Aqua,MODIS,97,6.2,291.3,16.1,N,0
-15.3673,135.6488,304.3,1,1,2014-09-02,1628,Aqua,MODIS,59,6.2,291.9,6,N,0
-14.2919,133.7142,301.3,1,1,2014-09-02,1628,Aqua,MODIS,25,6.2,290.6,5,N,0
-15.4016,135.6928,306.7,1,1,2014-09-02,1628,Aqua,MODIS,69,6.2,291.9,8.5,N,0
-15.4002,135.6832,303.3,1,1,2014-09-02,1628,Aqua,MODIS,54,6.2,291.4,6.4,N,0
-15.3765,135.6476,303.9,1,1,2014-09-02,1628,Aqua,MODIS,56,6.2,291.8,6.3,N,0
-14.6167,144.5717,300.2,4,1.9,2014-09-02,1628,Aqua,MODIS,22,6.2,289.8,35.5,N,0
-18.1604,129.9406,308.1,1.4,1.2,2014-09-02,1629,Aqua,MODIS,74,6.2,289.4,14.6,N,0
-18.1343,129.8508,313.2,1.4,1.2,2014-09-02,1629,Aqua,MODIS,87,6.2,291.8,19.5,N,0
-18.132,129.8375,311,1.4,1.2,2014-09-02,1629,Aqua,MODIS,81,6.2,291.8,16.9,N,0
-18.1269,129.8444,304.3,1.4,1.2,2014-09-02,1629,Aqua,MODIS,60,6.2,291.2,10.5,N,0
-17.7802,127.7054,301.2,2,1.4,2014-09-02,1629,Aqua,MODIS,7,6.2,286.2,14.2,N,0
-17.7837,127.7245,302.4,2,1.4,2014-09-02,1629,Aqua,MODIS,7,6.2,288.8,15.5,N,0
-18.1626,129.9536,300.1,1.4,1.2,2014-09-02,1629,Aqua,MODIS,5,6.2,288.1,7.1,N,0
-17.0764,134.8022,302.6,1,1,2014-09-02,1629,Aqua,MODIS,42,6.2,289.1,5.3,N,0
-17.0256,134.835,304.1,1,1,2014-09-02,1629,Aqua,MODIS,58,6.2,288,7.1,N,0
-17.0373,134.8525,316.2,1,1,2014-09-02,1629,Aqua,MODIS,93,6.2,290.2,15.6,N,0
-17.0387,134.862,301.4,1,1,2014-09-02,1629,Aqua,MODIS,32,6.2,288.2,5.7,N,0
-17.1438,134.8209,331.1,1,1,2014-09-02,1629,Aqua,MODIS,100,6.2,292.9,30.1,N,0
-17.1451,134.8304,316.4,1,1,2014-09-02,1629,Aqua,MODIS,80,6.2,292.2,13.7,N,0
-17.1536,134.8322,322.5,1,1,2014-09-02,1629,Aqua,MODIS,100,6.2,293.2,20.8,N,0
-17.1653,134.8498,303.9,1,1,2014-09-02,1629,Aqua,MODIS,5,6.2,291.9,5.8,N,0
-17.1757,134.8579,315,1,1,2014-09-02,1629,Aqua,MODIS,63,6.2,291.8,13,N,0
-17.1771,134.8674,309.2,1,1,2014-09-02,1629,Aqua,MODIS,46,6.2,291.7,8.7,N,0
-17.1126,134.7967,308,1,1,2014-09-02,1629,Aqua,MODIS,32,6.2,291.5,7.9,N,0
-17.0727,135.2965,308.3,1,1,2014-09-02,1629,Aqua,MODIS,74,6.2,290.4,9.5,N,0
-17.211,134.9108,305.4,1,1,2014-09-02,1629,Aqua,MODIS,29,6.2,290,7.1,N,0
-17.2124,134.9203,304,1,1,2014-09-02,1629,Aqua,MODIS,19,6.2,289.8,6.4,N,0
-17.2242,134.9379,302.4,1,1,2014-09-02,1629,Aqua,MODIS,46,6.2,287.9,6.1,N,0
-18.0283,123.7495,343.3,3.9,1.8,2014-09-02,1629,Aqua,MODIS,100,6.2,294.1,357,N,0
-18.0354,123.7857,325.9,3.9,1.8,2014-09-02,1629,Aqua,MODIS,100,6.2,294.1,172.4,N,0
-18.0447,123.746,311.6,3.9,1.8,2014-09-02,1629,Aqua,MODIS,81,6.2,292.5,78.9,N,0
-18.0314,123.7407,334.5,3.9,1.8,2014-09-02,1629,Aqua,MODIS,100,6.2,292.7,255.6,N,0
-18.0388,123.7769,338.7,3.9,1.8,2014-09-02,1629,Aqua,MODIS,100,6.2,295.6,298.9,N,0
-18.0479,123.7373,303.6,3.9,1.8,2014-09-02,1629,Aqua,MODIS,54,6.2,290.7,45,N,0
-18.0552,123.7735,303.6,3.9,1.8,2014-09-02,1629,Aqua,MODIS,56,6.2,292.5,43.3,N,0
-18.9413,133.8989,303,1,1,2014-09-02,1629,Aqua,MODIS,53,6.2,289.3,6.5,N,0
-21.2306,125.834,315.3,2.4,1.5,2014-09-02,1630,Aqua,MODIS,91,6.2,285.1,57,N,0
-21.0014,118.4027,301.1,3.7,1.8,2014-09-02,1808,Aqua,MODIS,38,6.2,284.3,42.6,N,0
-21.0045,118.4387,308.1,3.8,1.8,2014-09-02,1808,Aqua,MODIS,73,6.2,285.4,70.9,N,0
-12.6456,142.035,313.5,4.1,1.9,2014-09-03,0014,Terra,MODIS,54,6.2,301.7,47.8,D,0
-14.9085,144.9305,323.3,2.2,1.4,2014-09-03,0015,Terra,MODIS,73,6.2,301.3,45.8,D,0
-15.5733,145.1138,321.7,2.1,1.4,2014-09-03,0015,Terra,MODIS,69,6.2,304.3,32.7,D,0
-14.9105,144.9358,317.8,2.2,1.4,2014-09-03,0015,Terra,MODIS,52,6.2,301.3,28.4,D,0
-15.9731,144.3263,320.2,2.3,1.5,2014-09-03,0015,Terra,MODIS,72,6.2,304.6,34.5,D,0
-15.5447,145.0985,316.7,2.1,1.4,2014-09-03,0015,Terra,MODIS,25,6.2,303.7,19.8,D,0
-15.5859,145.1114,314.5,2.1,1.4,2014-09-03,0015,Terra,MODIS,16,6.2,302.5,14.1,D,0
-14.8679,144.9211,328.6,2.2,1.4,2014-09-03,0015,Terra,MODIS,79,6.2,305.3,59.6,D,0
-16.0342,144.5284,323,2.3,1.5,2014-09-03,0015,Terra,MODIS,72,6.2,304.7,37.8,D,0
-16.0374,144.5346,318.9,2.3,1.5,2014-09-03,0015,Terra,MODIS,63,6.2,305.1,27.7,D,0
-14.8844,144.9388,320.7,2.2,1.4,2014-09-03,0015,Terra,MODIS,31,6.2,304.6,31.9,D,0
-14.8261,143.0105,322.9,3.1,1.7,2014-09-03,0015,Terra,MODIS,23,6.2,301.2,62.6,D,0
-14.8642,142.8831,311.2,3.2,1.7,2014-09-03,0015,Terra,MODIS,45,6.2,299.7,25.1,D,0
-14.8491,142.8861,311.5,3.2,1.7,2014-09-03,0015,Terra,MODIS,43,6.2,300.9,26.2,D,0
-15.5461,144.9583,327.5,2.1,1.4,2014-09-03,0015,Terra,MODIS,80,6.2,303.6,56.4,D,0
-15.5205,144.9622,314.1,2.1,1.4,2014-09-03,0015,Terra,MODIS,24,6.2,303.8,17.5,D,0
-15.5494,144.9772,314.5,2.1,1.4,2014-09-03,0015,Terra,MODIS,27,6.2,303.8,15.2,D,0
-20.5363,147.7873,333.6,1.2,1.1,2014-09-03,0016,Terra,MODIS,85,6.2,306.5,29.8,D,0
-18.4134,146.3287,355.3,1.5,1.2,2014-09-03,0016,Terra,MODIS,85,6.2,304.3,120,D,0
-18.4243,146.3272,328.9,1.5,1.2,2014-09-03,0016,Terra,MODIS,37,6.2,301,32.5,D,0
-18.4329,146.312,321.5,1.5,1.2,2014-09-03,0016,Terra,MODIS,59,6.2,300.8,25.5,D,0
-18.4158,146.3424,349.2,1.5,1.2,2014-09-03,0016,Terra,MODIS,0,6.2,302.2,95.2,D,0
-18.4221,146.3141,334.2,1.5,1.2,2014-09-03,0016,Terra,MODIS,72,6.2,301.2,49,D,0
-19.5813,146.4201,328.7,1.4,1.2,2014-09-03,0016,Terra,MODIS,81,6.2,301.6,35.9,D,0
-19.5791,146.4068,323.1,1.4,1.2,2014-09-03,0016,Terra,MODIS,75,6.2,300.6,24.7,D,0
-20.2297,148.6353,338,1.1,1,2014-09-03,0016,Terra,MODIS,77,6.2,300,41.2,D,0
-20.2313,148.6458,322.2,1.1,1,2014-09-03,0016,Terra,MODIS,49,6.2,296.5,17.6,D,0
-19.9858,148.197,316.9,1.1,1.1,2014-09-03,0016,Terra,MODIS,61,6.2,303.7,7.1,D,0
-20.2111,148.6384,346.1,1.1,1,2014-09-03,0016,Terra,MODIS,0,6.2,298.4,54.8,D,0
-20.2204,148.6368,343.3,1.1,1,2014-09-03,0016,Terra,MODIS,69,6.2,299.9,48.8,D,0
-20.222,148.6473,315.4,1.1,1,2014-09-03,0016,Terra,MODIS,25,6.2,297.2,11,D,0
-18.3999,146.3159,316.7,1.5,1.2,2014-09-03,0016,Terra,MODIS,30,6.2,299.3,17.4,D,0
-19.0266,146.349,312.8,1.5,1.2,2014-09-03,0016,Terra,MODIS,32,6.2,299.9,12.5,D,0
-19.0291,146.0856,317.6,1.5,1.2,2014-09-03,0016,Terra,MODIS,60,6.2,297.9,20.8,D,0
-20.7906,148.5628,320.3,1.1,1,2014-09-03,0016,Terra,MODIS,67,6.2,301.5,15.2,D,0
-19.0182,146.0874,313.5,1.5,1.2,2014-09-03,0016,Terra,MODIS,29,6.2,297.4,14.5,D,0
-17.3095,145.949,313.5,1.7,1.3,2014-09-03,0016,Terra,MODIS,48,6.2,300,16.7,D,0
-20.7958,148.5553,315,1.1,1,2014-09-03,0016,Terra,MODIS,55,6.2,300.5,10.1,D,0
-20.7975,148.5655,316,1.1,1,2014-09-03,0016,Terra,MODIS,62,6.2,301.4,10.7,D,0
-24.7195,150.9985,309.1,1.1,1,2014-09-03,0017,Terra,MODIS,33,6.2,293.3,6.9,D,0
-24.749,151.9015,315.6,1.2,1.1,2014-09-03,0017,Terra,MODIS,72,6.2,295.6,14.9,D,0
-24.718,150.988,321.3,1.1,1,2014-09-03,0017,Terra,MODIS,77,6.2,295.3,18.8,D,0
-24.7673,151.4938,320.7,1.1,1,2014-09-03,0017,Terra,MODIS,77,6.2,294.8,19,D,0
-24.7729,151.3921,324,1.1,1,2014-09-03,0017,Terra,MODIS,56,6.2,293,21.1,D,0
-23.9591,151.2228,310.4,1.1,1,2014-09-03,0017,Terra,MODIS,49,6.2,298,6.7,D,0
-23.9079,149.2482,315.7,1,1,2014-09-03,0017,Terra,MODIS,57,6.2,299.6,7.8,D,0
-24.8142,151.4469,310.2,1.1,1,2014-09-03,0017,Terra,MODIS,17,6.2,293.8,7.5,D,0
-24.8156,151.4579,313.6,1.1,1,2014-09-03,0017,Terra,MODIS,68,6.2,295.3,11.6,D,0
-24.7744,151.403,330.5,1.1,1,2014-09-03,0017,Terra,MODIS,75,6.2,294.1,29.6,D,0
-23.4098,149.801,323.6,1,1,2014-09-03,0017,Terra,MODIS,77,6.2,302.2,15.5,D,0
-24.7867,151.4233,321.9,1.1,1,2014-09-03,0017,Terra,MODIS,54,6.2,292.6,18.7,D,0
-23.4084,149.7912,315.9,1,1,2014-09-03,0017,Terra,MODIS,59,6.2,299.4,8.3,D,0
-23.5054,150.5295,313,1,1,2014-09-03,0017,Terra,MODIS,61,6.2,300.7,5.7,D,0
-24.2347,149.4646,313.9,1,1,2014-09-03,0017,Terra,MODIS,15,6.2,301.6,5.3,D,0
-22.4895,147.8235,314.6,1.1,1,2014-09-03,0017,Terra,MODIS,59,6.2,304.1,5.3,D,0
-24.1208,150.7206,308.6,1,1,2014-09-03,0017,Terra,MODIS,40,6.2,296,5,D,0
-24.7687,151.5047,314.2,1.1,1.1,2014-09-03,0017,Terra,MODIS,67,6.2,293.4,11.7,D,0
-25.4399,150.8985,309.8,1.1,1,2014-09-03,0017,Terra,MODIS,58,6.2,299,4.9,D,0
-25.4276,152.4328,314.7,1.2,1.1,2014-09-03,0017,Terra,MODIS,71,6.2,295,15.5,D,0
-24.1961,149.3908,318.7,1,1,2014-09-03,0017,Terra,MODIS,43,6.2,301.3,8.8,D,0
-24.2051,149.3893,328.6,1,1,2014-09-03,0017,Terra,MODIS,82,6.2,301.6,19.3,D,0
-24.2066,149.3991,324.2,1,1,2014-09-03,0017,Terra,MODIS,78,6.2,301.3,14,D,0
-24.2141,149.3877,327,1,1,2014-09-03,0017,Terra,MODIS,65,6.2,300.3,17.2,D,0
-24.2156,149.3975,327.7,1,1,2014-09-03,0017,Terra,MODIS,77,6.2,300.2,17.9,D,0
-23.0374,150.7241,309.6,1,1,2014-09-03,0017,Terra,MODIS,47,6.2,297.2,5.8,D,0
-23.0388,150.734,331.1,1,1,2014-09-03,0017,Terra,MODIS,85,6.2,296.8,28.1,D,0
-23.6846,150.3657,311.6,1,1,2014-09-03,0017,Terra,MODIS,25,6.2,296.9,6.9,D,0
-23.9213,149.276,321.7,1,1,2014-09-03,0017,Terra,MODIS,40,6.2,299.6,11.8,D,0
-23.9332,149.294,345.1,1,1,2014-09-03,0017,Terra,MODIS,93,6.2,299.8,44.6,D,0
-23.6859,150.3755,314.7,1,1,2014-09-03,0017,Terra,MODIS,66,6.2,295.9,9.7,D,0
-23.6874,150.3854,311,1,1,2014-09-03,0017,Terra,MODIS,25,6.2,295.3,6.3,D,0
-27.3196,152.9812,304.3,1.4,1.2,2014-09-03,0018,Terra,MODIS,45,6.2,292,4.3,D,0
-26.2531,151.0204,304.2,1.1,1,2014-09-03,0018,Terra,MODIS,16,6.2,293.6,4.6,D,0
-26.9168,147.4189,311.6,1,1,2014-09-03,0018,Terra,MODIS,60,6.2,297,5.2,D,0
-26.5685,147.9617,327.2,1,1,2014-09-03,0018,Terra,MODIS,82,6.2,299.7,19.1,D,0
-26.5701,147.9718,370.8,1,1,2014-09-03,0018,Terra,MODIS,100,6.2,301.7,115.5,D,0
-26.5776,147.96,317.4,1,1,2014-09-03,0018,Terra,MODIS,71,6.2,297.5,9.3,D,0
-26.5791,147.9701,351.4,1,1,2014-09-03,0018,Terra,MODIS,96,6.2,298.8,61.1,D,0
-26.239,151.6142,310.5,1.2,1.1,2014-09-03,0018,Terra,MODIS,65,6.2,297,7.5,D,0
-26.2546,151.0314,304.7,1.1,1,2014-09-03,0018,Terra,MODIS,39,6.2,293.6,4.8,D,0
-25.3926,149.1418,339.6,1,1,2014-09-03,0018,Terra,MODIS,91,6.2,298.8,36.1,D,0
-25.3912,149.1319,386.1,1,1,2014-09-03,0018,Terra,MODIS,100,6.2,304.4,174.4,D,0
-25.3991,149.1245,328.4,1,1,2014-09-03,0018,Terra,MODIS,83,6.2,298.6,22.9,D,0
-25.3897,149.122,324,1,1,2014-09-03,0018,Terra,MODIS,57,6.2,297.2,16.8,D,0
-25.3976,149.1146,321.5,1,1,2014-09-03,0018,Terra,MODIS,73,6.2,297.4,14.8,D,0
-26.2752,150.8284,308.7,1.1,1,2014-09-03,0018,Terra,MODIS,24,6.2,294.6,6.5,D,0
-26.3188,150.826,316.2,1.1,1,2014-09-03,0018,Terra,MODIS,33,6.2,295.1,11.7,D,0
-25.4006,149.1344,322.2,1,1,2014-09-03,0018,Terra,MODIS,75,6.2,298.2,15.2,D,0
-27.1923,152.3267,325.2,1.3,1.1,2014-09-03,0018,Terra,MODIS,83,6.2,297.5,28.7,D,0
-26.2249,151.025,318.8,1.1,1,2014-09-03,0018,Terra,MODIS,76,6.2,295.5,16.2,D,0
-26.7933,147.8689,319.1,1,1,2014-09-03,0018,Terra,MODIS,74,6.2,299,11.1,D,0
-26.7949,147.8791,325.8,1,1,2014-09-03,0018,Terra,MODIS,81,6.2,299,18.3,D,0
-25.9364,150.9232,312,1.1,1,2014-09-03,0018,Terra,MODIS,63,6.2,296.3,9.6,D,0
-26.7782,152.4377,304.5,1.3,1.1,2014-09-03,0018,Terra,MODIS,48,6.2,291.1,8.5,D,0
-28.4189,148.6352,317.4,1,1,2014-09-03,0018,Terra,MODIS,72,6.2,298.1,10.5,D,0
-28.4175,148.625,308.9,1,1,2014-09-03,0018,Terra,MODIS,51,6.2,296.7,3.8,D,0
-27.7064,150.0941,310.9,1,1,2014-09-03,0018,Terra,MODIS,65,6.2,296,6.6,D,0
-28.4212,150.0224,313.1,1.1,1,2014-09-03,0018,Terra,MODIS,69,6.2,295.1,10.1,D,0
-31.7897,148.4882,317.9,1,1,2014-09-03,0019,Terra,MODIS,78,6.2,293,15.1,D,0
-31.1884,147.5707,301.6,1,1,2014-09-03,0019,Terra,MODIS,48,6.2,290,3.5,D,0
-30.2778,147.9452,310.9,1,1,2014-09-03,0019,Terra,MODIS,63,6.2,296.2,5.7,D,0
-29.5648,151.146,302.3,1.2,1.1,2014-09-03,0019,Terra,MODIS,52,6.2,289.6,4.8,D,0
-29.6317,150.2338,303.9,1.1,1,2014-09-03,0019,Terra,MODIS,57,6.2,293,4.9,D,0
-30.8643,148.44,310.8,1,1,2014-09-03,0019,Terra,MODIS,69,6.2,293.1,7.9,D,0
-32.2049,147.7903,306.2,1,1,2014-09-03,0019,Terra,MODIS,63,6.2,291,6.8,D,0
-29.2264,147.7484,311.2,1,1,2014-09-03,0019,Terra,MODIS,61,6.2,296.5,4.6,D,0
-30.8628,148.4295,329,1,1,2014-09-03,0019,Terra,MODIS,86,6.2,293.9,25.7,D,0
-32.3054,147.4038,302.4,1,1,2014-09-03,0019,Terra,MODIS,52,6.2,288.9,4.8,D,0
-29.0154,148.7517,313.1,1,1,2014-09-03,0019,Terra,MODIS,67,6.2,297.1,7.6,D,0
-33.1089,150.1558,300.4,1.2,1.1,2014-09-03,0020,Terra,MODIS,34,6.2,290.2,4.1,D,0
-34.0066,145.8581,308.3,1,1,2014-09-03,0020,Terra,MODIS,67,6.2,290,8.9,D,0
-33.7818,146.7411,305.4,1,1,2014-09-03,0020,Terra,MODIS,61,6.2,289.6,6.6,D,0
-34.2342,142.0796,303.9,1.4,1.2,2014-09-03,0020,Terra,MODIS,57,6.2,288.3,9.2,D,0
-33.3672,146.4977,310.4,1,1,2014-09-03,0020,Terra,MODIS,70,6.2,291.9,9.3,D,0
-36.1558,143.5835,303.5,1.1,1.1,2014-09-03,0021,Terra,MODIS,56,6.2,280.5,8.3,D,0
-11.5492,130.331,362.2,1.2,1.1,2014-09-03,0152,Terra,MODIS,100,6.2,279.3,115,D,0
-11.5394,130.3325,349.7,1.2,1.1,2014-09-03,0152,Terra,MODIS,95,6.2,276,75.2,D,0
-11.5522,130.3531,348.4,1.2,1.1,2014-09-03,0152,Terra,MODIS,71,6.2,275.6,69.5,D,0
-11.5507,130.3421,368.6,1.2,1.1,2014-09-03,0152,Terra,MODIS,94,6.2,281.2,139.8,D,0
-11.5409,130.3434,369.2,1.2,1.1,2014-09-03,0152,Terra,MODIS,100,6.2,280.3,144.8,D,0
-11.5424,130.3544,324.8,1.2,1.1,2014-09-03,0152,Terra,MODIS,66,6.2,276.3,25.7,D,0
-11.7298,133.0254,311.2,1.8,1.3,2014-09-03,0152,Terra,MODIS,33,6.2,272.3,18.9,D,0
-13.1182,134.2284,344.8,2.4,1.5,2014-09-03,0153,Terra,MODIS,92,6.2,287.2,160.2,D,0
-13.2868,135.0439,322.2,2.8,1.6,2014-09-03,0153,Terra,MODIS,68,6.2,288.3,61,D,0
-13.1208,134.2503,322.8,2.4,1.5,2014-09-03,0153,Terra,MODIS,72,6.2,289.8,49.6,D,0
-13.2896,135.037,324.5,2.8,1.6,2014-09-03,0153,Terra,MODIS,75,6.2,288.1,73.4,D,0
-12.0975,133.8573,315,2.1,1.4,2014-09-03,0153,Terra,MODIS,56,6.2,288.4,22.4,D,0
-12.5752,133.0165,324.6,1.9,1.3,2014-09-03,0153,Terra,MODIS,48,6.2,290.8,39.5,D,0
-12.6563,132.2514,351.8,1.7,1.3,2014-09-03,0153,Terra,MODIS,96,6.2,315.4,104.1,D,0
-12.6544,132.2363,371.9,1.6,1.3,2014-09-03,0153,Terra,MODIS,100,6.2,316.3,225.8,D,0
-12.654,132.2267,344.7,1.6,1.3,2014-09-03,0153,Terra,MODIS,91,6.2,307.6,86.5,D,0
-12.6446,132.2432,354.4,1.6,1.3,2014-09-03,0153,Terra,MODIS,97,6.2,310.6,125.7,D,0
-12.6426,132.2282,327.2,1.6,1.3,2014-09-03,0153,Terra,MODIS,61,6.2,303.9,31.7,D,0
-12.643,132.2378,333.6,1.6,1.3,2014-09-03,0153,Terra,MODIS,43,6.2,308.7,44.1,D,0
-12.658,132.2569,344,1.7,1.3,2014-09-03,0153,Terra,MODIS,86,6.2,313,74.4,D,0
-12.656,132.2418,368.6,1.6,1.3,2014-09-03,0153,Terra,MODIS,100,6.2,317.4,205.1,D,0
-12.7664,135.2457,317,2.8,1.6,2014-09-03,0153,Terra,MODIS,55,6.2,292,40,D,0
-13.1374,135.3096,336.3,2.9,1.6,2014-09-03,0153,Terra,MODIS,87,6.2,293.5,138.1,D,0
-13.124,135.3044,328.2,2.9,1.6,2014-09-03,0153,Terra,MODIS,76,6.2,291.6,91.1,D,0
-13.1386,135.3027,334.1,2.9,1.6,2014-09-03,0153,Terra,MODIS,86,6.2,293.2,128.8,D,0
-15.4972,135.0668,318.2,3,1.6,2014-09-03,0153,Terra,MODIS,32,6.2,303.6,28.2,D,0
-13.3039,135.0355,325.9,2.8,1.6,2014-09-03,0153,Terra,MODIS,77,6.2,288.7,74.6,D,0
-13.1852,134.2207,315.1,2.4,1.5,2014-09-03,0153,Terra,MODIS,39,6.2,289.2,19,D,0
-15.37,135.1444,322.9,3,1.7,2014-09-03,0153,Terra,MODIS,59,6.2,309.2,37.3,D,0
-15.3821,135.1199,325.3,3,1.6,2014-09-03,0153,Terra,MODIS,67,6.2,306.7,48.1,D,0
-12.4467,131.4463,368.2,1.4,1.2,2014-09-03,0153,Terra,MODIS,100,6.2,296.4,169.8,D,0
-12.4521,131.4526,370.1,1.4,1.2,2014-09-03,0153,Terra,MODIS,100,6.2,297,182.3,D,0
-15.3849,135.1426,341.9,3,1.7,2014-09-03,0153,Terra,MODIS,90,6.2,308.3,167.3,D,0
-13.7945,135.4938,325.3,3,1.7,2014-09-03,0153,Terra,MODIS,64,6.2,305,60.1,D,0
-13.7421,135.3041,320.1,2.9,1.6,2014-09-03,0153,Terra,MODIS,66,6.2,298.9,51.9,D,0
-13.7787,135.4902,326.2,3,1.7,2014-09-03,0153,Terra,MODIS,69,6.2,303.8,74,D,0
-13.76,135.3298,326.8,3,1.6,2014-09-03,0153,Terra,MODIS,76,6.2,299.8,79.8,D,0
-13.4901,132.5078,325.1,1.8,1.3,2014-09-03,0153,Terra,MODIS,45,6.2,309.4,22.6,D,0
-14.1774,132.9893,326.8,2,1.4,2014-09-03,0153,Terra,MODIS,69,6.2,310,30.3,D,0
-12.6657,132.2348,343.5,1.6,1.3,2014-09-03,0153,Terra,MODIS,69,6.2,311.4,70.7,D,0
-13.8162,135.2906,320.4,2.9,1.6,2014-09-03,0153,Terra,MODIS,66,6.2,296,57.3,D,0
-12.2146,132.9093,322.2,1.8,1.3,2014-09-03,0153,Terra,MODIS,76,6.2,281.5,35.1,D,0
-13.7485,135.3587,325.4,3,1.6,2014-09-03,0153,Terra,MODIS,50,6.2,301,68.7,D,0
-13.4426,130.8344,367.8,1.4,1.2,2014-09-03,0153,Terra,MODIS,100,6.2,311.3,149,D,0
-15.3853,135.1482,338.3,3,1.7,2014-09-03,0153,Terra,MODIS,87,6.2,308.7,134.9,D,0
-13.4922,132.5242,328.7,1.8,1.3,2014-09-03,0153,Terra,MODIS,77,6.2,309.2,34.8,D,0
-13.4989,132.517,328,1.8,1.3,2014-09-03,0153,Terra,MODIS,52,6.2,307.8,30.9,D,0
-13.7664,135.379,335.9,3,1.6,2014-09-03,0153,Terra,MODIS,81,6.2,304.4,128.1,D,0
-14.1673,133.0088,380.4,2,1.4,2014-09-03,0153,Terra,MODIS,100,6.2,314.8,379.5,D,0
-13.7905,135.4605,325.8,3,1.7,2014-09-03,0153,Terra,MODIS,66,6.2,305,61.7,D,0
-13.7756,135.462,343.2,3,1.7,2014-09-03,0153,Terra,MODIS,91,6.2,304.4,191.3,D,0
-13.7634,135.3518,330.9,3,1.6,2014-09-03,0153,Terra,MODIS,72,6.2,302.4,98,D,0
-13.7516,135.3808,327,3,1.6,2014-09-03,0153,Terra,MODIS,47,6.2,303.2,76.6,D,0
-13.7664,135.3843,337.4,3,1.6,2014-09-03,0153,Terra,MODIS,87,6.2,304.5,140.2,D,0
-13.7911,135.4657,328.8,3,1.7,2014-09-03,0153,Terra,MODIS,79,6.2,305,74.6,D,0
-13.7632,135.3571,339,3,1.6,2014-09-03,0153,Terra,MODIS,88,6.2,303.4,154.2,D,0
-13.7516,135.386,326.5,3,1.6,2014-09-03,0153,Terra,MODIS,61,6.2,303.6,76.5,D,0
-13.4943,132.5406,325.4,1.8,1.3,2014-09-03,0153,Terra,MODIS,42,6.2,309.1,25,D,0
-13.7762,135.4673,349.6,3,1.7,2014-09-03,0153,Terra,MODIS,95,6.2,304.8,254.3,D,0
-13.4443,130.8468,340.2,1.4,1.2,2014-09-03,0153,Terra,MODIS,88,6.2,309.9,47.6,D,0
-13.7456,135.326,351.1,3,1.6,2014-09-03,0153,Terra,MODIS,95,6.2,300.9,275,D,0
-13.7937,135.4886,328.2,3,1.7,2014-09-03,0153,Terra,MODIS,78,6.2,305.1,82.5,D,0
-12.6998,132.2303,358.8,1.6,1.3,2014-09-03,0153,Terra,MODIS,99,6.2,310.5,143.8,D,0
-13.7453,135.3314,346.4,3,1.6,2014-09-03,0153,Terra,MODIS,93,6.2,301,230.7,D,0
-13.5841,130.6785,326.4,1.3,1.1,2014-09-03,0153,Terra,MODIS,67,6.2,309.6,15.3,D,0
-15.5117,133.0385,327.7,2.1,1.4,2014-09-03,0153,Terra,MODIS,50,6.2,307,37.2,D,0
-13.7604,135.3244,323.2,3,1.6,2014-09-03,0153,Terra,MODIS,68,6.2,298.9,62.1,D,0
-14.1862,132.9276,324.8,2,1.4,2014-09-03,0153,Terra,MODIS,62,6.2,312.6,18.8,D,0
-14.1819,133.0254,345.1,2,1.4,2014-09-03,0153,Terra,MODIS,91,6.2,312,106.3,D,0
-15.5267,133.0565,325.3,2.1,1.4,2014-09-03,0153,Terra,MODIS,43,6.2,307.1,35.3,D,0
-14.1695,133.0271,340.9,2,1.4,2014-09-03,0153,Terra,MODIS,88,6.2,312.7,81.6,D,0
-12.6677,132.2499,354.6,1.7,1.3,2014-09-03,0153,Terra,MODIS,97,6.2,311.9,114.2,D,0
-13.5825,130.6664,334.4,1.3,1.1,2014-09-03,0153,Terra,MODIS,84,6.2,309.6,30.3,D,0
-13.8167,135.2839,317.4,2.9,1.6,2014-09-03,0153,Terra,MODIS,45,6.2,295.1,41,D,0
-14.183,132.9337,325.3,2,1.4,2014-09-03,0153,Terra,MODIS,70,6.2,312.6,21.6,D,0
-12.974,131.7834,328.4,1.5,1.2,2014-09-03,0153,Terra,MODIS,73,6.2,313.3,17,D,0
-14.1797,133.0072,354.4,2,1.4,2014-09-03,0153,Terra,MODIS,97,6.2,309.6,159.6,D,0
-14.3069,133.7406,323.6,2.3,1.5,2014-09-03,0153,Terra,MODIS,44,6.2,309.7,26.5,D,0
-12.4855,131.5426,331.8,1.5,1.2,2014-09-03,0153,Terra,MODIS,82,6.2,297.6,39.5,D,0
-12.7107,132.7475,339.2,1.8,1.3,2014-09-03,0153,Terra,MODIS,89,6.2,306.1,74.3,D,0
-12.2917,134.6871,313.6,2.5,1.5,2014-09-03,0153,Terra,MODIS,34,6.2,287.2,32.6,D,0
-12.4484,131.4595,370.5,1.4,1.2,2014-09-03,0153,Terra,MODIS,100,6.2,298.1,183.3,D,0
-15.3452,135.4733,341.9,3.2,1.7,2014-09-03,0153,Terra,MODIS,90,6.2,307.2,190.6,D,0
-12.3916,131.4403,322.5,1.4,1.2,2014-09-03,0153,Terra,MODIS,66,6.2,290.7,19.7,D,0
-12.5464,131.5073,319.6,1.5,1.2,2014-09-03,0153,Terra,MODIS,63,6.2,298.1,11.2,D,0
-12.5803,134.0745,311,2.3,1.5,2014-09-03,0153,Terra,MODIS,44,6.2,286.4,18.4,D,0
-13.3641,135.1527,315.6,2.8,1.6,2014-09-03,0153,Terra,MODIS,51,6.2,290.5,30.9,D,0
-15.3484,135.5031,327.9,3.2,1.7,2014-09-03,0153,Terra,MODIS,40,6.2,307.9,81,D,0
-14.8885,134.7744,336.8,2.8,1.6,2014-09-03,0153,Terra,MODIS,85,6.2,307.5,124.8,D,0
-15.3799,135.6511,325.2,3.3,1.7,2014-09-03,0153,Terra,MODIS,50,6.2,304.3,70.5,D,0
-12.4395,131.474,320.2,1.4,1.2,2014-09-03,0153,Terra,MODIS,46,6.2,295.3,13.5,D,0
-12.3933,131.4534,321.4,1.4,1.2,2014-09-03,0153,Terra,MODIS,55,6.2,292.7,17.7,D,0
-12.5516,131.5143,318.9,1.5,1.2,2014-09-03,0153,Terra,MODIS,35,6.2,297.9,9,D,0
-12.4645,131.4643,326.6,1.4,1.2,2014-09-03,0153,Terra,MODIS,76,6.2,293.2,26.7,D,0
-15.7843,135.6132,325.7,3.3,1.7,2014-09-03,0153,Terra,MODIS,51,6.2,305.9,73.1,D,0
-12.4378,131.4609,344.7,1.4,1.2,2014-09-03,0153,Terra,MODIS,92,6.2,297,71.1,D,0
-15.3987,135.6803,326.2,3.3,1.7,2014-09-03,0153,Terra,MODIS,63,6.2,306.8,78.1,D,0
-12.5125,131.4982,330,1.5,1.2,2014-09-03,0153,Terra,MODIS,80,6.2,296.8,32.6,D,0
-12.5904,134.0663,312,2.3,1.5,2014-09-03,0153,Terra,MODIS,45,6.2,284.2,21,D,0
-12.4609,131.4712,334.5,1.4,1.2,2014-09-03,0153,Terra,MODIS,85,6.2,294.1,42.6,D,0
-12.3457,133.9702,315.7,2.2,1.4,2014-09-03,0153,Terra,MODIS,67,6.2,274.2,38.4,D,0
-12.4963,131.5411,368.7,1.5,1.2,2014-09-03,0153,Terra,MODIS,100,6.2,296.7,179.6,D,0
-15.7678,135.6414,323.3,3.3,1.7,2014-09-03,0153,Terra,MODIS,55,6.2,304.7,65.4,D,0
-12.4538,131.4658,337.3,1.4,1.2,2014-09-03,0153,Terra,MODIS,87,6.2,295.4,49.2,D,0
-12.7057,132.2758,328.2,1.7,1.3,2014-09-03,0153,Terra,MODIS,35,6.2,311.2,23,D,0
-12.7054,132.7425,323.7,1.8,1.3,2014-09-03,0153,Terra,MODIS,55,6.2,302.7,24.8,D,0
-13.3621,135.1583,315.7,2.8,1.6,2014-09-03,0153,Terra,MODIS,53,6.2,291.3,30.5,D,0
-15.3945,135.6754,327.2,3.3,1.7,2014-09-03,0153,Terra,MODIS,49,6.2,306,77.3,D,0
-15.7833,135.6396,323.9,3.3,1.7,2014-09-03,0153,Terra,MODIS,44,6.2,306.2,63.5,D,0
-12.7074,132.7591,327.5,1.8,1.3,2014-09-03,0153,Terra,MODIS,68,6.2,305.6,32.9,D,0
-12.4236,131.436,328.3,1.4,1.2,2014-09-03,0153,Terra,MODIS,79,6.2,288.2,29.5,D,0
-13.0505,134.309,314.8,2.4,1.5,2014-09-03,0153,Terra,MODIS,52,6.2,287.3,30.9,D,0
-15.7722,135.6463,323.9,3.3,1.7,2014-09-03,0153,Terra,MODIS,29,6.2,305.3,64.8,D,0
-14.9055,134.7656,323.9,2.8,1.6,2014-09-03,0153,Terra,MODIS,40,6.2,307.6,47,D,0
-12.899,132.6384,348.6,1.8,1.3,2014-09-03,0153,Terra,MODIS,94,6.2,313.3,106.9,D,0
-12.897,132.6222,327.7,1.8,1.3,2014-09-03,0153,Terra,MODIS,78,6.2,309.9,30,D,0
-12.8901,132.629,335.4,1.8,1.3,2014-09-03,0153,Terra,MODIS,86,6.2,312.7,54,D,0
-15.7688,135.6149,340.4,3.3,1.7,2014-09-03,0153,Terra,MODIS,88,6.2,303.4,194.2,D,0
-14.8911,134.7673,337,2.8,1.6,2014-09-03,0153,Terra,MODIS,86,6.2,307.3,125.3,D,0
-12.4253,131.4491,340,1.4,1.2,2014-09-03,0153,Terra,MODIS,89,6.2,295.2,57.1,D,0
-12.6696,132.2652,336.5,1.7,1.3,2014-09-03,0153,Terra,MODIS,72,6.2,312.9,42.5,D,0
-14.3045,133.7197,328.6,2.3,1.5,2014-09-03,0153,Terra,MODIS,75,6.2,309.9,44.5,D,0
-12.498,131.5546,360.2,1.5,1.2,2014-09-03,0153,Terra,MODIS,100,6.2,298.7,135.8,D,0
-12.4591,131.458,326.9,1.4,1.2,2014-09-03,0153,Terra,MODIS,69,6.2,294.1,26,D,0
-15.7801,135.6085,328.6,3.3,1.7,2014-09-03,0153,Terra,MODIS,68,6.2,305.1,95.2,D,0
-14.8939,134.7928,323.8,2.8,1.6,2014-09-03,0153,Terra,MODIS,53,6.2,306.4,50.1,D,0
-12.4502,131.4726,329.5,1.4,1.2,2014-09-03,0153,Terra,MODIS,68,6.2,295.2,29.5,D,0
-15.7646,135.6103,332.3,3.3,1.7,2014-09-03,0153,Terra,MODIS,81,6.2,301.6,128.6,D,0
-12.9601,131.7768,330.4,1.5,1.2,2014-09-03,0153,Terra,MODIS,46,6.2,313.9,19.9,D,0
-16.0797,136.521,322.2,3.9,1.8,2014-09-03,0154,Terra,MODIS,65,6.2,307.5,60.5,D,0
-16.085,136.5148,331.6,3.9,1.8,2014-09-03,0154,Terra,MODIS,81,6.2,308,141.3,D,0
-15.2587,125.7202,327.1,1,1,2014-09-03,0154,Terra,MODIS,58,6.2,312.8,9.1,D,0
-15.2601,125.7297,327.3,1,1,2014-09-03,0154,Terra,MODIS,62,6.2,310.7,9.6,D,0
-15.2692,125.7282,345,1,1,2014-09-03,0154,Terra,MODIS,91,6.2,314,36.7,D,0
-15.2783,125.7268,335.7,1,1,2014-09-03,0154,Terra,MODIS,74,6.2,313.3,19.6,D,0
-15.2874,125.7253,336,1,1,2014-09-03,0154,Terra,MODIS,83,6.2,313.4,20.2,D,0
-15.2965,125.7239,327.3,1,1,2014-09-03,0154,Terra,MODIS,47,6.2,314.1,8.8,D,0
-15.3013,125.6938,342,1,1,2014-09-03,0154,Terra,MODIS,88,6.2,311.8,34.4,D,0
-15.3056,125.7224,332.7,1,1,2014-09-03,0154,Terra,MODIS,79,6.2,312.6,15.8,D,0
-15.3104,125.6923,366.5,1,1,2014-09-03,0154,Terra,MODIS,100,6.2,312.1,96.6,D,0
-15.3118,125.7019,370.1,1,1,2014-09-03,0154,Terra,MODIS,100,6.2,316.1,107.3,D,0
-15.3133,125.7115,361.5,1,1,2014-09-03,0154,Terra,MODIS,100,6.2,315.3,78.5,D,0
-15.3147,125.7209,340.7,1,1,2014-09-03,0154,Terra,MODIS,87,6.2,311.7,30.1,D,0
-15.3203,125.7039,348.9,1,1,2014-09-03,0154,Terra,MODIS,93,6.2,309,49.6,D,0
-15.3218,125.7134,344.6,1,1,2014-09-03,0154,Terra,MODIS,91,6.2,309.5,39.7,D,0
-16.5318,137.0219,322.3,4.3,1.9,2014-09-03,0154,Terra,MODIS,55,6.2,304.8,80.9,D,0
-16.5302,137.0289,326.8,4.3,1.9,2014-09-03,0154,Terra,MODIS,75,6.2,304.8,124.4,D,0
-16.5342,137.0694,323.9,4.4,1.9,2014-09-03,0154,Terra,MODIS,62,6.2,305.3,103.1,D,0
-16.5355,137.0623,328.1,4.4,1.9,2014-09-03,0154,Terra,MODIS,74,6.2,304.9,140.4,D,0
-17.0119,134.85,328.5,3,1.7,2014-09-03,0154,Terra,MODIS,22,6.2,303.4,86.1,D,0
-17.0268,134.8483,332.8,3,1.7,2014-09-03,0154,Terra,MODIS,62,6.2,307.1,109.6,D,0
-17.0261,134.8416,331.8,3,1.7,2014-09-03,0154,Terra,MODIS,23,6.2,306.7,94.6,D,0
-17.127,134.7968,319.3,3,1.6,2014-09-03,0154,Terra,MODIS,29,6.2,305.4,35.8,D,0
-16.8177,135.0043,327.1,3.1,1.7,2014-09-03,0154,Terra,MODIS,65,6.2,305.1,86.8,D,0
-16.8164,134.999,326.9,3.1,1.7,2014-09-03,0154,Terra,MODIS,70,6.2,304.6,87.3,D,0
-16.893,135.0129,336.5,3.1,1.7,2014-09-03,0154,Terra,MODIS,87,6.2,305.5,129,D,0
-16.8947,135.0195,336.4,3.1,1.7,2014-09-03,0154,Terra,MODIS,87,6.2,305.8,123,D,0
-16.9019,135.2276,327.8,3.2,1.7,2014-09-03,0154,Terra,MODIS,67,6.2,304.2,82.1,D,0
-16.9477,135.2463,330.3,3.2,1.7,2014-09-03,0154,Terra,MODIS,69,6.2,305.1,96.5,D,0
-16.8987,135.2211,326.7,3.2,1.7,2014-09-03,0154,Terra,MODIS,66,6.2,304.6,75,D,0
-16.9171,135.0988,321,3.1,1.7,2014-09-03,0154,Terra,MODIS,37,6.2,306.1,26.4,D,0
-16.9935,135.2664,327.2,3.2,1.7,2014-09-03,0154,Terra,MODIS,68,6.2,305.9,79.4,D,0
-16.9969,135.2714,324.1,3.2,1.7,2014-09-03,0154,Terra,MODIS,51,6.2,305.6,59.7,D,0
-17.1036,135.3093,323,3.3,1.7,2014-09-03,0154,Terra,MODIS,53,6.2,304.9,63.5,D,0
-15.6486,130.3569,331.4,1.3,1.2,2014-09-03,0154,Terra,MODIS,60,6.2,313.1,21.9,D,0
-18.0799,124.1151,324.3,1.1,1,2014-09-03,0154,Terra,MODIS,44,6.2,313.6,10.2,D,0
-15.6502,130.3694,328.5,1.4,1.2,2014-09-03,0154,Terra,MODIS,51,6.2,311.7,17.6,D,0
-15.6908,130.2194,326.5,1.3,1.1,2014-09-03,0154,Terra,MODIS,66,6.2,314.6,9.6,D,0
-18.0404,123.742,327.3,1.1,1.1,2014-09-03,0154,Terra,MODIS,47,6.2,314.3,12,D,0
-17.0359,134.9337,343,3.1,1.7,2014-09-03,0154,Terra,MODIS,91,6.2,305.2,192.7,D,0
-17.0509,134.9321,330.1,3.1,1.7,2014-09-03,0154,Terra,MODIS,80,6.2,307.5,87.6,D,0
-17.0347,134.927,337.1,3.1,1.7,2014-09-03,0154,Terra,MODIS,86,6.2,305.1,137.8,D,0
-17.0497,134.9254,330.1,3.1,1.7,2014-09-03,0154,Terra,MODIS,62,6.2,308,85,D,0
-17.0525,134.9539,320.6,3.1,1.7,2014-09-03,0154,Terra,MODIS,53,6.2,304.2,36.7,D,0
-18.9455,133.9024,315.9,2.7,1.6,2014-09-03,0154,Terra,MODIS,51,6.2,304.4,27.5,D,0
-16.4664,124.0741,324.3,1.2,1.1,2014-09-03,0154,Terra,MODIS,57,6.2,309.7,13.1,D,0
-16.4681,124.0849,321.9,1.2,1.1,2014-09-03,0154,Terra,MODIS,46,6.2,308.5,10.5,D,0
-16.4135,124.0112,321.9,1.2,1.1,2014-09-03,0154,Terra,MODIS,44,6.2,307,12.3,D,0
-16.4214,123.9986,337.8,1.2,1.1,2014-09-03,0154,Terra,MODIS,77,6.2,306.9,32.9,D,0
-16.4231,124.0096,361.2,1.2,1.1,2014-09-03,0154,Terra,MODIS,100,6.2,311.5,95.4,D,0
-16.4248,124.0205,350.4,1.2,1.1,2014-09-03,0154,Terra,MODIS,94,6.2,311.7,62.3,D,0
-16.4327,124.0078,334.2,1.2,1.1,2014-09-03,0154,Terra,MODIS,71,6.2,311.1,24.9,D,0
-16.4349,124.0012,326.2,1.2,1.1,2014-09-03,0154,Terra,MODIS,44,6.2,312,14.1,D,0
-16.4367,124.0123,326.3,1.2,1.1,2014-09-03,0154,Terra,MODIS,52,6.2,312.4,14.7,D,0
-16.5787,124.0148,321.5,1.2,1.1,2014-09-03,0154,Terra,MODIS,42,6.2,307.9,9.1,D,0
-16.577,124.0039,339.7,1.2,1.1,2014-09-03,0154,Terra,MODIS,87,6.2,310.1,37.2,D,0
-16.5639,123.984,326.3,1.2,1.1,2014-09-03,0154,Terra,MODIS,45,6.2,309.1,14.8,D,0
-16.5622,123.9731,327.8,1.2,1.1,2014-09-03,0154,Terra,MODIS,60,6.2,309.4,17,D,0
-15.6614,128.1431,351.4,1.1,1,2014-09-03,0154,Terra,MODIS,95,6.2,311.9,53.5,D,0
-15.655,128.1639,326.9,1.1,1,2014-09-03,0154,Terra,MODIS,61,6.2,313.3,10.4,D,0
-15.6522,128.1444,336.2,1.1,1,2014-09-03,0154,Terra,MODIS,53,6.2,312.5,21.6,D,0
-15.6508,128.1348,369.5,1.1,1,2014-09-03,0154,Terra,MODIS,100,6.2,314.4,105.6,D,0
-15.6403,128.1264,333.6,1.1,1,2014-09-03,0154,Terra,MODIS,62,6.2,311.2,19.4,D,0
-15.6324,128.1375,329.9,1.1,1,2014-09-03,0154,Terra,MODIS,75,6.2,311.7,15.3,D,0
-15.6311,128.1278,328.1,1.1,1,2014-09-03,0154,Terra,MODIS,72,6.2,311.3,13.6,D,0
-16.6788,128.3937,331.3,1.1,1,2014-09-03,0154,Terra,MODIS,75,6.2,312,18.8,D,0
-16.2328,128.2843,353.9,1.1,1,2014-09-03,0154,Terra,MODIS,96,6.2,313.6,61.9,D,0
-18.1539,129.8293,354.4,1.3,1.1,2014-09-03,0154,Terra,MODIS,97,6.2,315,83.8,D,0
-18.1566,129.9328,325.2,1.4,1.2,2014-09-03,0154,Terra,MODIS,40,6.2,309.9,15.5,D,0
-15.229,125.5878,328,1,1,2014-09-03,0154,Terra,MODIS,57,6.2,311.1,13.5,D,0
-15.4301,128.8701,325.8,1.1,1.1,2014-09-03,0154,Terra,MODIS,68,6.2,313,12.5,D,0
-15.1661,125.5346,323.2,1,1,2014-09-03,0154,Terra,MODIS,21,6.2,310.7,8.1,D,0
-15.1646,125.5249,339,1,1,2014-09-03,0154,Terra,MODIS,0,6.2,311.6,30.4,D,0
-17.8005,127.738,328.5,1.1,1,2014-09-03,0154,Terra,MODIS,73,6.2,308.5,15.1,D,0
-15.7917,130.2108,324.7,1.3,1.1,2014-09-03,0154,Terra,MODIS,59,6.2,310.4,12.3,D,0
-15.7933,130.2231,323.3,1.3,1.1,2014-09-03,0154,Terra,MODIS,65,6.2,310.7,11.7,D,0
-15.2122,125.7141,338.1,1,1,2014-09-03,0154,Terra,MODIS,85,6.2,313,24.6,D,0
-17.7677,127.7733,330.5,1.1,1,2014-09-03,0154,Terra,MODIS,78,6.2,310.3,18,D,0
-15.2136,125.7236,336,1,1,2014-09-03,0154,Terra,MODIS,83,6.2,312.5,21.5,D,0
-17.7977,127.7182,331.8,1.1,1,2014-09-03,0154,Terra,MODIS,70,6.2,310.3,19.3,D,0
-18.221,129.9706,323,1.4,1.2,2014-09-03,0154,Terra,MODIS,36,6.2,311.4,11.6,D,0
-15.2622,125.6214,359.9,1,1,2014-09-03,0154,Terra,MODIS,99,6.2,312.4,76.3,D,0
-17.7664,127.7634,327.1,1.1,1,2014-09-03,0154,Terra,MODIS,73,6.2,311.1,13.8,D,0
-15.1464,125.5281,330.6,1,1,2014-09-03,0154,Terra,MODIS,73,6.2,310,18.1,D,0
-18.1868,129.7807,338.7,1.3,1.1,2014-09-03,0154,Terra,MODIS,75,6.2,302.5,46.2,D,0
-18.1883,129.7933,348.6,1.3,1.1,2014-09-03,0154,Terra,MODIS,93,6.2,307,73.1,D,0
-18.1904,129.786,343.1,1.3,1.1,2014-09-03,0154,Terra,MODIS,78,6.2,304.8,57.7,D,0
-18.19,129.8632,354.2,1.4,1.2,2014-09-03,0154,Terra,MODIS,97,6.2,312.8,85.3,D,0
-15.2637,125.631,340.6,1,1,2014-09-03,0154,Terra,MODIS,87,6.2,313.2,31.6,D,0
-18.1899,129.8059,338.1,1.3,1.1,2014-09-03,0154,Terra,MODIS,86,6.2,307.9,42.9,D,0
-18.1915,129.8185,328.2,1.3,1.1,2014-09-03,0154,Terra,MODIS,71,6.2,307.7,19.7,D,0
-18.1883,129.8505,360.9,1.4,1.2,2014-09-03,0154,Terra,MODIS,100,6.2,309.7,111.7,D,0
-15.2213,125.7126,336.3,1,1,2014-09-03,0154,Terra,MODIS,83,6.2,314.9,22,D,0
-15.2227,125.7221,330.4,1,1,2014-09-03,0154,Terra,MODIS,76,6.2,314.7,13.7,D,0
-18.1867,129.8379,343.5,1.3,1.2,2014-09-03,0154,Terra,MODIS,90,6.2,306.7,49.7,D,0
-18.185,129.8252,344.9,1.3,1.1,2014-09-03,0154,Terra,MODIS,91,6.2,307.8,53.9,D,0
-18.1812,129.8772,332.6,1.4,1.2,2014-09-03,0154,Terra,MODIS,79,6.2,310.9,23.9,D,0
-18.1796,129.8645,340.5,1.4,1.2,2014-09-03,0154,Terra,MODIS,88,6.2,311.7,41.8,D,0
-18.9215,130.1997,344.3,1.5,1.2,2014-09-03,0154,Terra,MODIS,91,6.2,309.3,67.6,D,0
-18.1779,129.8519,338.4,1.4,1.2,2014-09-03,0154,Terra,MODIS,86,6.2,311.5,37.2,D,0
-15.2426,125.6149,326.6,1,1,2014-09-03,0154,Terra,MODIS,47,6.2,310.6,11.7,D,0
-18.1659,129.8406,336.6,1.3,1.2,2014-09-03,0154,Terra,MODIS,69,6.2,311.1,29.8,D,0
-18.1643,129.8279,353.9,1.3,1.1,2014-09-03,0154,Terra,MODIS,97,6.2,312.1,81,D,0
-18.1627,129.8154,377.6,1.3,1.1,2014-09-03,0154,Terra,MODIS,100,6.2,311.3,198.1,D,0
-18.1556,129.8419,339.8,1.3,1.2,2014-09-03,0154,Terra,MODIS,85,6.2,312.4,38.4,D,0
-18.1523,129.8167,343.7,1.3,1.1,2014-09-03,0154,Terra,MODIS,81,6.2,311.1,53.6,D,0
-15.2261,125.5685,331.9,1,1,2014-09-03,0154,Terra,MODIS,69,6.2,311,20,D,0
-15.2246,125.5589,349.8,1,1,2014-09-03,0154,Terra,MODIS,94,6.2,311.5,53.1,D,0
-18.1708,129.8786,333.3,1.4,1.2,2014-09-03,0154,Terra,MODIS,82,6.2,311.6,25.9,D,0
-18.1725,129.8913,327.9,1.4,1.2,2014-09-03,0154,Terra,MODIS,64,6.2,310.7,15.5,D,0
-18.173,129.814,338.4,1.3,1.1,2014-09-03,0154,Terra,MODIS,51,6.2,308.5,40.8,D,0
-18.1931,129.8311,327.8,1.3,1.2,2014-09-03,0154,Terra,MODIS,75,6.2,307.3,17.9,D,0
-15.7949,130.2355,323.7,1.3,1.1,2014-09-03,0154,Terra,MODIS,66,6.2,309.4,11.9,D,0
-15.7886,130.1863,321.8,1.3,1.1,2014-09-03,0154,Terra,MODIS,39,6.2,309.2,8,D,0
-15.2275,125.5781,328,1,1,2014-09-03,0154,Terra,MODIS,58,6.2,311.1,14.1,D,0
-18.1921,129.7986,349.2,1.3,1.1,2014-09-03,0154,Terra,MODIS,94,6.2,306.2,73.8,D,0
-15.7902,130.1985,330.2,1.3,1.1,2014-09-03,0154,Terra,MODIS,77,6.2,309.6,22.4,D,0
-17.7991,127.7281,339.3,1.1,1,2014-09-03,0154,Terra,MODIS,87,6.2,309.1,30.8,D,0
-20.0055,127.5637,329,1.1,1,2014-09-03,0155,Terra,MODIS,73,6.2,312.4,14.5,D,0
-19.6392,127.1591,414.3,1,1,2014-09-03,0155,Terra,MODIS,100,6.2,313.9,362.7,D,0
-19.6342,127.1903,344.8,1,1,2014-09-03,0155,Terra,MODIS,90,6.2,314.4,38.9,D,0
-19.6314,127.1704,429.7,1,1,2014-09-03,0155,Terra,MODIS,100,6.2,328,501.9,D,0
-20.0135,127.552,324,1.1,1,2014-09-03,0155,Terra,MODIS,56,6.2,311.1,8.1,D,0
-19.5873,127.3772,329.5,1.1,1,2014-09-03,0155,Terra,MODIS,60,6.2,312.7,13.4,D,0
-19.5557,127.2187,322.7,1,1,2014-09-03,0155,Terra,MODIS,46,6.2,311.3,7.2,D,0
-19.5571,127.2287,326.9,1,1,2014-09-03,0155,Terra,MODIS,68,6.2,312.6,11.9,D,0
-19.9387,127.3303,337.5,1.1,1,2014-09-03,0155,Terra,MODIS,84,6.2,311.7,27.9,D,0
-19.6328,127.1803,385.7,1,1,2014-09-03,0155,Terra,MODIS,100,6.2,320.7,173.4,D,0
-19.9898,127.5619,325.7,1.1,1,2014-09-03,0155,Terra,MODIS,35,6.2,312.5,9,D,0
-20.0042,127.5534,337.1,1.1,1,2014-09-03,0155,Terra,MODIS,84,6.2,313.1,27.1,D,0
-19.6406,127.169,440.9,1,1,2014-09-03,0155,Terra,MODIS,100,6.2,331.5,627.1,D,0
-19.614,127.3155,332.7,1.1,1,2014-09-03,0155,Terra,MODIS,79,6.2,312.2,19.3,D,0
-19.6154,127.3255,327.4,1.1,1,2014-09-03,0155,Terra,MODIS,66,6.2,311.1,11.3,D,0
-19.6094,127.2143,333.6,1,1,2014-09-03,0155,Terra,MODIS,80,6.2,313.9,19.1,D,0
-19.6108,127.2243,332.4,1,1,2014-09-03,0155,Terra,MODIS,78,6.2,313.5,17.4,D,0
-19.6218,127.3041,361.8,1.1,1,2014-09-03,0155,Terra,MODIS,100,6.2,314.4,81.5,D,0
-19.6232,127.3141,331.7,1.1,1,2014-09-03,0155,Terra,MODIS,75,6.2,311.6,16.3,D,0
-19.62,127.2229,343.6,1,1,2014-09-03,0155,Terra,MODIS,80,6.2,312.6,34.5,D,0
-19.6297,127.2927,352.6,1.1,1,2014-09-03,0155,Terra,MODIS,95,6.2,310.4,57.8,D,0
-19.631,127.3027,360.6,1.1,1,2014-09-03,0155,Terra,MODIS,100,6.2,312.1,78.8,D,0
-19.6126,127.3055,325.4,1.1,1,2014-09-03,0155,Terra,MODIS,34,6.2,311.1,8.7,D,0
-19.5613,127.2586,328.1,1.1,1,2014-09-03,0155,Terra,MODIS,55,6.2,312.3,11.9,D,0
-19.5683,127.3084,325.9,1.1,1,2014-09-03,0155,Terra,MODIS,34,6.2,311.4,9.6,D,0
-19.625,127.1916,353.6,1,1,2014-09-03,0155,Terra,MODIS,82,6.2,316.8,54.4,D,0
-19.6158,127.193,342.9,1,1,2014-09-03,0155,Terra,MODIS,58,6.2,314,33.1,D,0
-19.6236,127.1817,351.8,1,1,2014-09-03,0155,Terra,MODIS,90,6.2,313,53,D,0
-19.6519,127.4537,332.9,1.1,1,2014-09-03,0155,Terra,MODIS,78,6.2,312.4,18.3,D,0
-19.6222,127.1718,333.9,1,1,2014-09-03,0155,Terra,MODIS,74,6.2,307.6,23,D,0
-20.1639,127.3085,323.4,1.1,1,2014-09-03,0155,Terra,MODIS,58,6.2,310.6,7.7,D,0
-19.63,127.1605,386.3,1,1,2014-09-03,0155,Terra,MODIS,100,6.2,308.8,182.2,D,0
-19.6334,127.4565,328.5,1.1,1,2014-09-03,0155,Terra,MODIS,60,6.2,313.3,12.6,D,0
-19.1034,122.0939,327.5,1.4,1.2,2014-09-03,0155,Terra,MODIS,70,6.2,314.6,11.9,D,0
-21.2488,125.877,327.1,1,1,2014-09-03,0155,Terra,MODIS,47,6.2,311.9,9.8,D,0
-21.2578,125.8756,363.2,1,1,2014-09-03,0155,Terra,MODIS,100,6.2,314.2,79.9,D,0
-21.2117,125.8107,344.6,1,1,2014-09-03,0155,Terra,MODIS,90,6.2,312.5,35.2,D,0
-21.2221,125.8189,330.7,1,1,2014-09-03,0155,Terra,MODIS,72,6.2,311.4,13.2,D,0
-21.2314,125.8207,326.1,1,1,2014-09-03,0155,Terra,MODIS,61,6.2,313,8.6,D,0
-21.2328,125.8303,326.7,1,1,2014-09-03,0155,Terra,MODIS,58,6.2,313.3,8.8,D,0
-21.2342,125.84,336.6,1,1,2014-09-03,0155,Terra,MODIS,83,6.2,313,22.2,D,0
-19.0389,122.3218,327.2,1.3,1.1,2014-09-03,0155,Terra,MODIS,38,6.2,313.7,13.8,D,0
-17.9243,122.5795,325.4,1.3,1.1,2014-09-03,0155,Terra,MODIS,25,6.2,314.6,13.1,D,0
-17.9346,122.5777,328.6,1.3,1.1,2014-09-03,0155,Terra,MODIS,73,6.2,313.2,19.2,D,0
-17.9366,122.5902,326.3,1.3,1.1,2014-09-03,0155,Terra,MODIS,68,6.2,313.1,14.7,D,0
-19.1939,122.0838,341.5,1.4,1.2,2014-09-03,0155,Terra,MODIS,88,6.2,311,49.8,D,0
-19.1414,122.1927,335.6,1.3,1.2,2014-09-03,0155,Terra,MODIS,82,6.2,314.5,29.7,D,0
-21.2564,125.8659,327.8,1,1,2014-09-03,0155,Terra,MODIS,28,6.2,312.7,9.4,D,0
-21.2626,125.8452,332.8,1,1,2014-09-03,0155,Terra,MODIS,79,6.2,312,16.4,D,0
-21.264,125.8549,326.6,1,1,2014-09-03,0155,Terra,MODIS,49,6.2,311.5,8,D,0
-19.1094,122.0661,338.3,1.4,1.2,2014-09-03,0155,Terra,MODIS,85,6.2,314.5,38.3,D,0
-19.0368,122.3093,336,1.3,1.1,2014-09-03,0155,Terra,MODIS,82,6.2,316.1,30.9,D,0
-19.1517,122.1908,331.1,1.3,1.2,2014-09-03,0155,Terra,MODIS,64,6.2,313,21.1,D,0
-19.1917,122.0709,388,1.4,1.2,2014-09-03,0155,Terra,MODIS,100,6.2,312.5,276,D,0
-19.1857,122.0986,333.9,1.4,1.2,2014-09-03,0155,Terra,MODIS,78,6.2,312.5,30.6,D,0
-19.1813,122.0728,345.2,1.4,1.2,2014-09-03,0155,Terra,MODIS,91,6.2,317.4,58,D,0
-19.6356,127.2002,328.4,1,1,2014-09-03,0155,Terra,MODIS,55,6.2,309.9,12.6,D,0
-19.642,127.1789,359,1,1,2014-09-03,0155,Terra,MODIS,99,6.2,312.8,73.5,D,0
-19.6434,127.1889,326.7,1,1,2014-09-03,0155,Terra,MODIS,43,6.2,309.6,10.3,D,0
-19.1401,121.9931,332.9,1.4,1.2,2014-09-03,0155,Terra,MODIS,45,6.2,314.4,25.6,D,0
-19.1449,121.9856,344,1.4,1.2,2014-09-03,0155,Terra,MODIS,86,6.2,314.8,48,D,0
-19.168,121.9948,347.3,1.4,1.2,2014-09-03,0155,Terra,MODIS,92,6.2,313.5,66.7,D,0
-19.1873,122.0449,330.8,1.4,1.2,2014-09-03,0155,Terra,MODIS,51,6.2,309.8,24.1,D,0
-19.1336,121.9538,393.2,1.4,1.2,2014-09-03,0155,Terra,MODIS,94,6.2,316.6,329,D,0
-19.1358,121.9669,346.9,1.4,1.2,2014-09-03,0155,Terra,MODIS,87,6.2,314.9,65.2,D,0
-19.138,121.98,348.1,1.4,1.2,2014-09-03,0155,Terra,MODIS,93,6.2,315.7,68,D,0
-19.144,121.9518,340,1.4,1.2,2014-09-03,0155,Terra,MODIS,86,6.2,307.1,51.2,D,0
-19.1462,121.9649,374.4,1.4,1.2,2014-09-03,0155,Terra,MODIS,100,6.2,314.2,186.6,D,0
-19.1484,121.9781,347.7,1.4,1.2,2014-09-03,0155,Terra,MODIS,92,6.2,313.7,61.5,D,0
-19.1381,121.9462,348.9,1.4,1.2,2014-09-03,0155,Terra,MODIS,88,6.2,306.1,82.8,D,0
-19.1403,121.9594,372.7,1.4,1.2,2014-09-03,0155,Terra,MODIS,94,6.2,315.2,178.8,D,0
-19.1426,121.9725,355.1,1.4,1.2,2014-09-03,0155,Terra,MODIS,97,6.2,314.8,85.9,D,0
-19.1508,121.9574,373,1.4,1.2,2014-09-03,0155,Terra,MODIS,94,6.2,312.9,185.9,D,0
-19.1531,121.9706,364.1,1.4,1.2,2014-09-03,0155,Terra,MODIS,100,6.2,316.1,134.1,D,0
-19.1613,121.9555,367.7,1.4,1.2,2014-09-03,0155,Terra,MODIS,87,6.2,308.7,159,D,0
-19.1635,121.9686,378.3,1.4,1.2,2014-09-03,0155,Terra,MODIS,100,6.2,312.2,216.9,D,0
-19.1658,121.9817,347.7,1.4,1.2,2014-09-03,0155,Terra,MODIS,92,6.2,311.2,70,D,0
-18.0675,123.7645,336.3,1.1,1.1,2014-09-03,0155,Terra,MODIS,76,6.2,313.1,28.2,D,0
-18.0692,123.7752,335,1.1,1.1,2014-09-03,0155,Terra,MODIS,75,6.2,311.6,26.5,D,0
-18.0893,123.7165,335,1.2,1.1,2014-09-03,0155,Terra,MODIS,25,6.2,315.8,20.8,D,0
-18.091,123.7273,347.5,1.1,1.1,2014-09-03,0155,Terra,MODIS,90,6.2,311.9,49.7,D,0
-18.0936,123.6824,356.1,1.2,1.1,2014-09-03,0155,Terra,MODIS,97,6.2,318.4,71.2,D,0
-18.0954,123.6932,342.7,1.2,1.1,2014-09-03,0155,Terra,MODIS,69,6.2,316.2,35.5,D,0
-18.0988,123.7149,348.2,1.2,1.1,2014-09-03,0155,Terra,MODIS,84,6.2,312.3,50.3,D,0
-18.1015,123.6699,353.2,1.2,1.1,2014-09-03,0155,Terra,MODIS,91,6.2,313,66.4,D,0
-18.1032,123.6808,348.4,1.2,1.1,2014-09-03,0155,Terra,MODIS,84,6.2,308,53.2,D,0
-18.1338,123.6866,321.9,1.2,1.1,2014-09-03,0155,Terra,MODIS,14,6.2,305.7,10.6,D,0
-18.1355,123.6974,345.6,1.2,1.1,2014-09-03,0155,Terra,MODIS,91,6.2,307.9,52.3,D,0
-19.2038,130.8301,335.4,1.6,1.3,2014-09-03,0155,Terra,MODIS,84,6.2,308.2,50.1,D,0
-19.2019,130.8148,347.1,1.6,1.3,2014-09-03,0155,Terra,MODIS,93,6.2,308.2,89.9,D,0
-21.236,120.0948,323.4,1.7,1.3,2014-09-03,0156,Terra,MODIS,50,6.2,309.4,17.1,D,0
-21.239,120.1111,331.6,1.7,1.3,2014-09-03,0156,Terra,MODIS,79,6.2,310.3,40,D,0
-22.0631,119.6913,328.6,1.8,1.3,2014-09-03,0156,Terra,MODIS,74,6.2,308.9,33.4,D,0
-22.065,119.6802,336.8,1.8,1.3,2014-09-03,0156,Terra,MODIS,85,6.2,308.3,60.2,D,0
-22.0681,119.6971,325.4,1.8,1.3,2014-09-03,0156,Terra,MODIS,72,6.2,308.9,25.8,D,0
-22.06,119.6744,324.8,1.8,1.3,2014-09-03,0156,Terra,MODIS,54,6.2,306.8,23.6,D,0
-22.3415,124.7366,321.6,1,1,2014-09-03,0156,Terra,MODIS,53,6.2,310.4,6,D,0
-22.3401,124.7269,345.2,1,1,2014-09-03,0156,Terra,MODIS,91,6.2,312.1,39.8,D,0
-22.3386,124.7172,377.6,1,1,2014-09-03,0156,Terra,MODIS,100,6.2,314.1,131.7,D,0
-23.6455,124.7756,331.3,1,1,2014-09-03,0156,Terra,MODIS,78,6.2,310.4,16.8,D,0
-23.6275,124.7787,332.4,1,1,2014-09-03,0156,Terra,MODIS,79,6.2,310.9,19.3,D,0
-23.6365,124.7771,352.9,1,1,2014-09-03,0156,Terra,MODIS,96,6.2,313,55.7,D,0
-21.0035,118.4186,323.7,2.3,1.5,2014-09-03,0156,Terra,MODIS,49,6.2,310,27.2,D,0
-21.0165,118.4158,328.6,2.3,1.5,2014-09-03,0156,Terra,MODIS,75,6.2,311.9,46.5,D,0
-21.0001,118.4132,321.8,2.3,1.5,2014-09-03,0156,Terra,MODIS,61,6.2,309.1,23.6,D,0
-21.0131,118.4104,332.3,2.3,1.5,2014-09-03,0156,Terra,MODIS,80,6.2,311.1,62.9,D,0
-21.7759,119.5455,328.9,1.8,1.3,2014-09-03,0156,Terra,MODIS,77,6.2,307.4,37.8,D,0
-21.779,119.5629,326.2,1.8,1.3,2014-09-03,0156,Terra,MODIS,73,6.2,309.3,29.8,D,0
-21.7815,119.5383,320.7,1.8,1.3,2014-09-03,0156,Terra,MODIS,55,6.2,306.5,15.5,D,0
-21.7847,119.5558,348.6,1.8,1.3,2014-09-03,0156,Terra,MODIS,94,6.2,310,112.9,D,0
-21.8029,119.588,322.1,1.8,1.3,2014-09-03,0156,Terra,MODIS,56,6.2,309.4,16,D,0
-21.8146,119.5856,377.1,1.8,1.3,2014-09-03,0156,Terra,MODIS,100,6.2,314.3,304.9,D,0
-21.8178,119.6029,341,1.8,1.3,2014-09-03,0156,Terra,MODIS,89,6.2,311.9,75.5,D,0
-21.8296,119.6005,321.4,1.8,1.3,2014-09-03,0156,Terra,MODIS,42,6.2,309.8,14.8,D,0
-21.7105,119.5224,328.7,1.8,1.3,2014-09-03,0156,Terra,MODIS,77,6.2,310.6,37.8,D,0
-23.8878,151.2505,313.8,4.4,1.9,2014-09-03,0300,Aqua,MODIS,59,6.2,299.1,75.5,D,0
-23.8877,151.2465,313.1,4.4,1.9,2014-09-03,0300,Aqua,MODIS,57,6.2,299.1,71.1,D,0
-32.4716,146.5439,307.7,1.9,1.3,2014-09-03,0436,Aqua,MODIS,63,6.2,294.8,14.7,D,0
-32.4651,146.5579,306,1.9,1.3,2014-09-03,0436,Aqua,MODIS,59,6.2,293.8,11.5,D,0
-34.7516,146.0268,325.7,1.6,1.2,2014-09-03,0436,Aqua,MODIS,84,6.2,295.2,40.3,D,0
-34.7484,146.0437,384.8,1.6,1.2,2014-09-03,0436,Aqua,MODIS,100,6.2,298.3,332,D,0
-28.7216,147.0876,312.1,2.5,1.5,2014-09-03,0437,Aqua,MODIS,61,6.2,300.7,18.3,D,0
-29.2529,146.3613,352.1,2.2,1.4,2014-09-03,0437,Aqua,MODIS,96,6.2,298.7,190,D,0
-29.2561,146.3465,370.7,2.2,1.4,2014-09-03,0437,Aqua,MODIS,100,6.2,304.3,349,D,0
-29.2516,146.3686,321.9,2.2,1.4,2014-09-03,0437,Aqua,MODIS,79,6.2,296.5,43.1,D,0
-29.2573,146.3392,355.3,2.2,1.4,2014-09-03,0437,Aqua,MODIS,98,6.2,303.6,212.3,D,0
-25.3997,149.108,318.4,4.1,1.9,2014-09-03,0438,Aqua,MODIS,73,6.2,294.7,111.1,D,0
-25.4014,149.1132,320.1,4.1,1.9,2014-09-03,0438,Aqua,MODIS,75,6.2,294.9,123,D,0
-26.5741,147.9536,313.4,3.2,1.7,2014-09-03,0438,Aqua,MODIS,52,6.2,299.8,33,D,0
-26.5788,147.95,315.1,3.2,1.7,2014-09-03,0438,Aqua,MODIS,66,6.2,299.8,43.7,D,0
-23.9514,149.289,311,4.6,2,2014-09-03,0438,Aqua,MODIS,17,6.2,297.7,50.6,D,0
-24.2076,149.3852,310.3,4.6,2,2014-09-03,0438,Aqua,MODIS,31,6.2,300,48.9,D,0
-23.9342,149.2837,317.6,4.6,2,2014-09-03,0438,Aqua,MODIS,67,6.2,297.6,104.7,D,0
-23.9362,149.2796,317.8,4.6,2,2014-09-03,0438,Aqua,MODIS,53,6.2,298,100.2,D,0
-20.8151,148.5254,326,4.8,2,2014-09-03,0439,Aqua,MODIS,76,6.2,296,209.6,D,0
-20.8166,148.5169,319.5,4.8,2,2014-09-03,0439,Aqua,MODIS,65,6.2,295.7,145.2,D,0
-20.8035,148.5779,318.5,4.8,2,2014-09-03,0439,Aqua,MODIS,63,6.2,295.6,137.6,D,0
-20.8053,148.5699,324.5,4.8,2,2014-09-03,0439,Aqua,MODIS,74,6.2,295.8,196.7,D,0
-18.2911,145.5323,322.8,3.3,1.7,2014-09-03,0440,Aqua,MODIS,63,6.2,299.4,77.8,D,0
-18.2946,145.5258,325.2,3.3,1.7,2014-09-03,0440,Aqua,MODIS,62,6.2,299.9,91.1,D,0
-18.2792,145.5229,320,3.3,1.7,2014-09-03,0440,Aqua,MODIS,59,6.2,300.6,64.1,D,0
-18.3063,145.536,317.7,3.3,1.7,2014-09-03,0440,Aqua,MODIS,27,6.2,299.4,50.9,D,0
-18.3099,145.5295,320,3.3,1.7,2014-09-03,0440,Aqua,MODIS,55,6.2,299.9,64.2,D,0
-19.6422,127.1023,326.4,3.6,1.8,2014-09-03,0440,Aqua,MODIS,54,6.2,311.1,77,D,0
-19.5795,127.5909,326,3.3,1.7,2014-09-03,0440,Aqua,MODIS,54,6.2,313,44.5,D,0
-19.564,127.5893,325.9,3.3,1.7,2014-09-03,0440,Aqua,MODIS,64,6.2,313,45.5,D,0
-19.567,127.5579,326.6,3.3,1.7,2014-09-03,0440,Aqua,MODIS,67,6.2,311.8,51.6,D,0
-19.5905,146.4015,321,3.6,1.8,2014-09-03,0440,Aqua,MODIS,56,6.2,303.8,65.2,D,0
-19.5749,146.4253,322.5,3.6,1.8,2014-09-03,0440,Aqua,MODIS,69,6.2,303,81.9,D,0
-19.5817,146.3914,318.4,3.6,1.8,2014-09-03,0440,Aqua,MODIS,57,6.2,304.7,53.9,D,0
-18.9457,133.9019,327.5,1.2,1.1,2014-09-03,0440,Aqua,MODIS,56,6.2,313,13.3,D,0
-21.2275,125.8165,324.8,4.6,2,2014-09-03,0440,Aqua,MODIS,23,6.2,311.5,66.5,D,0
-21.2282,125.8089,325.7,4.6,2,2014-09-03,0440,Aqua,MODIS,42,6.2,312,77.3,D,0
-21.2796,125.825,342.2,4.6,2,2014-09-03,0440,Aqua,MODIS,88,6.2,312.8,284,D,0
-21.2812,125.8212,340.6,4.6,2,2014-09-03,0440,Aqua,MODIS,86,6.2,312.4,257.5,D,0
-19.2056,130.7955,327.8,1.9,1.3,2014-09-03,0440,Aqua,MODIS,57,6.2,313.6,26.3,D,0
-21.0832,127.7201,325.8,3.4,1.7,2014-09-03,0440,Aqua,MODIS,63,6.2,312.5,47.1,D,0
-19.6368,127.4441,328.5,3.4,1.7,2014-09-03,0440,Aqua,MODIS,56,6.2,314.5,61,D,0
-21.0862,127.6875,337,3.4,1.7,2014-09-03,0440,Aqua,MODIS,83,6.2,316.3,136.8,D,0
-19.6132,127.065,326.3,3.6,1.8,2014-09-03,0440,Aqua,MODIS,48,6.2,303.3,86.1,D,0
-19.6101,127.0991,409.5,3.6,1.8,2014-09-03,0440,Aqua,MODIS,100,6.2,315.8,1918.8,D,0
-19.6069,127.1332,344.8,3.6,1.8,2014-09-03,0440,Aqua,MODIS,90,6.2,308.2,233.4,D,0
-19.6038,127.1671,330,3.5,1.8,2014-09-03,0440,Aqua,MODIS,30,6.2,308.6,81.4,D,0
-19.6293,127.0667,349.6,3.6,1.8,2014-09-03,0440,Aqua,MODIS,93,6.2,307.4,319.3,D,0
-19.6261,127.1007,393.9,3.6,1.8,2014-09-03,0440,Aqua,MODIS,100,6.2,318.3,1304.7,D,0
-19.6229,127.1347,346.4,3.6,1.8,2014-09-03,0440,Aqua,MODIS,91,6.2,311.5,248.6,D,0
-19.6197,127.1687,335.7,3.5,1.8,2014-09-03,0440,Aqua,MODIS,81,6.2,312.4,130.5,D,0
-19.6378,127.075,338.5,3.6,1.8,2014-09-03,0440,Aqua,MODIS,77,6.2,307.7,177.4,D,0
-19.6348,127.1091,342.6,3.6,1.8,2014-09-03,0440,Aqua,MODIS,85,6.2,313.4,212.2,D,0
-19.5789,127.3277,330.7,3.4,1.7,2014-09-03,0440,Aqua,MODIS,30,6.2,311.8,76.3,D,0
-19.5882,127.3334,339.9,3.4,1.7,2014-09-03,0440,Aqua,MODIS,83,6.2,314,152.3,D,0
-19.5851,127.366,332.3,3.4,1.7,2014-09-03,0440,Aqua,MODIS,59,6.2,312.8,87.4,D,0
-19.6103,127.2688,338.7,3.5,1.8,2014-09-03,0440,Aqua,MODIS,85,6.2,314,142.1,D,0
-19.62,127.2772,345.8,3.5,1.8,2014-09-03,0440,Aqua,MODIS,91,6.2,314.2,220.1,D,0
-17.8049,127.7442,327.3,3,1.7,2014-09-03,0441,Aqua,MODIS,70,6.2,313.1,57.5,D,0
-15.7971,130.2025,327.2,1.8,1.3,2014-09-03,0441,Aqua,MODIS,62,6.2,313.1,21.6,D,0
-15.7919,130.1893,336.8,1.9,1.3,2014-09-03,0441,Aqua,MODIS,83,6.2,312.7,52.8,D,0
-17.8053,127.7375,333.5,3,1.7,2014-09-03,0441,Aqua,MODIS,80,6.2,313.1,98.1,D,0
-18.9211,130.1916,328,2.1,1.4,2014-09-03,0441,Aqua,MODIS,67,6.2,313.4,33,D,0
-18.1567,129.9463,327.2,2.1,1.4,2014-09-03,0441,Aqua,MODIS,46,6.2,311.4,30.1,D,0
-18.2051,129.9723,333,2.1,1.4,2014-09-03,0441,Aqua,MODIS,66,6.2,316.2,48.7,D,0
-18.2028,129.9919,332.5,2.1,1.4,2014-09-03,0441,Aqua,MODIS,65,6.2,311.2,50.7,D,0
-18.2051,129.9772,341.1,2.1,1.4,2014-09-03,0441,Aqua,MODIS,87,6.2,315.6,87.1,D,0
-17.8084,127.7091,327,3,1.7,2014-09-03,0441,Aqua,MODIS,69,6.2,312.4,58.7,D,0
-15.7872,130.1838,327.1,1.9,1.3,2014-09-03,0441,Aqua,MODIS,47,6.2,312.4,19.6,D,0
-15.8019,130.2081,325.3,1.8,1.3,2014-09-03,0441,Aqua,MODIS,44,6.2,313,17.2,D,0
-18.1484,129.9054,328.7,2.1,1.4,2014-09-03,0441,Aqua,MODIS,33,6.2,312.5,33.1,D,0
-18.1296,129.8352,327,2.1,1.4,2014-09-03,0441,Aqua,MODIS,54,6.2,311,34.4,D,0
-17.8077,127.7158,332.4,3,1.7,2014-09-03,0441,Aqua,MODIS,78,6.2,312.8,92.9,D,0
-15.669,128.1381,334.3,2.6,1.6,2014-09-03,0441,Aqua,MODIS,78,6.2,313,74.3,D,0
-15.6663,128.1634,335.3,2.6,1.6,2014-09-03,0441,Aqua,MODIS,82,6.2,313.9,77.8,D,0
-15.3561,135.4586,341.9,1,1,2014-09-03,0441,Aqua,MODIS,54,6.2,317.5,22.6,D,0
-15.5452,145.0882,318.7,3.5,1.8,2014-09-03,0441,Aqua,MODIS,46,6.2,302.8,55.7,D,0
-14.96,134.8159,346.7,1,1,2014-09-03,0441,Aqua,MODIS,88,6.2,316.2,34.6,D,0
-15.3667,135.6469,363.2,1,1,2014-09-03,0441,Aqua,MODIS,100,6.2,312.8,79.4,D,0
-15.3482,135.5142,376.4,1,1,2014-09-03,0441,Aqua,MODIS,100,6.2,317.7,119.2,D,0
-15.3484,135.4479,357.7,1,1,2014-09-03,0441,Aqua,MODIS,98,6.2,315.8,60,D,0
-14.8769,134.749,411.9,1,1,2014-09-03,0441,Aqua,MODIS,100,6.2,326.9,327.4,D,0
-16.0648,136.6018,334.3,1,1,2014-09-03,0441,Aqua,MODIS,75,6.2,315.2,17,D,0
-14.9677,134.8267,335.2,1,1,2014-09-03,0441,Aqua,MODIS,59,6.2,317,17.2,D,0
-15.5846,145.1,324.4,3.5,1.8,2014-09-03,0441,Aqua,MODIS,69,6.2,303.8,89.6,D,0
-16.0983,136.7522,328.3,1,1,2014-09-03,0441,Aqua,MODIS,48,6.2,312.1,11.1,D,0
-16.121,144.5347,321.5,3.1,1.7,2014-09-03,0441,Aqua,MODIS,59,6.2,305.1,51.2,D,0
-15.7633,135.6378,365.1,1,1,2014-09-03,0441,Aqua,MODIS,99,6.2,312.7,80.5,D,0
-14.8743,134.7679,335,1,1,2014-09-03,0441,Aqua,MODIS,70,6.2,312.4,19.2,D,0
-15.3405,135.5035,386.9,1,1,2014-09-03,0441,Aqua,MODIS,100,6.2,323,165.5,D,0
-15.3757,135.6483,353.8,1,1,2014-09-03,0441,Aqua,MODIS,92,6.2,313.4,52,D,0
-15.8069,135.654,366.4,1,1,2014-09-03,0441,Aqua,MODIS,100,6.2,321.9,83,D,0
-16.0794,136.5656,329.4,1,1,2014-09-03,0441,Aqua,MODIS,41,6.2,318.4,9.6,D,0
-15.7723,135.6392,353,1,1,2014-09-03,0441,Aqua,MODIS,79,6.2,316.3,47.2,D,0
-15.3649,135.5262,364.2,1,1,2014-09-03,0441,Aqua,MODIS,100,6.2,314.2,78.2,D,0
-15.78,135.6499,340.8,1,1,2014-09-03,0441,Aqua,MODIS,66,6.2,315.5,24.8,D,0
-14.886,134.7504,400.4,1,1,2014-09-03,0441,Aqua,MODIS,100,6.2,322.5,244.6,D,0
-15.8056,135.6633,357.5,1,1,2014-09-03,0441,Aqua,MODIS,98,6.2,316.3,59.2,D,0
-14.8963,134.7423,334.4,1,1,2014-09-03,0441,Aqua,MODIS,65,6.2,312.5,19.7,D,0
-14.8846,134.7598,350.5,1,1,2014-09-03,0441,Aqua,MODIS,94,6.2,315.1,44.4,D,0
-16.1927,136.0386,336.7,1,1,2014-09-03,0441,Aqua,MODIS,80,6.2,319.4,17.4,D,0
-14.882,134.7786,338.2,1,1,2014-09-03,0441,Aqua,MODIS,60,6.2,314.3,22.1,D,0
-16.1837,136.0372,360.8,1,1,2014-09-03,0441,Aqua,MODIS,100,6.2,320.3,66.8,D,0
-16.0634,136.6112,327.7,1,1,2014-09-03,0441,Aqua,MODIS,41,6.2,313.6,7.9,D,0
-15.3739,135.5276,340.1,1,1,2014-09-03,0441,Aqua,MODIS,65,6.2,318.9,22.7,D,0
-15.3392,135.5128,373.2,1,1,2014-09-03,0441,Aqua,MODIS,100,6.2,311.9,109.9,D,0
-16.1914,136.0479,346.8,1,1,2014-09-03,0441,Aqua,MODIS,90,6.2,317.3,34.1,D,0
-16.1824,136.0465,357.9,1,1,2014-09-03,0441,Aqua,MODIS,98,6.2,317.3,58.6,D,0
-15.2705,145.0504,319.7,3.5,1.8,2014-09-03,0441,Aqua,MODIS,60,6.2,300,79.2,D,0
-15.3987,135.6802,351.1,1,1,2014-09-03,0441,Aqua,MODIS,92,6.2,316.5,43.5,D,0
-14.9156,134.8029,363.3,1,1,2014-09-03,0441,Aqua,MODIS,100,6.2,315.7,75,D,0
-14.8782,134.7396,370.1,1,1,2014-09-03,0441,Aqua,MODIS,100,6.2,311.2,107.6,D,0
-15.4064,135.6908,345.8,1,1,2014-09-03,0441,Aqua,MODIS,85,6.2,315.7,34.4,D,0
-14.895,134.7517,364.2,1,1,2014-09-03,0441,Aqua,MODIS,100,6.2,317.6,81.6,D,0
-16.0511,136.4497,334.2,1,1,2014-09-03,0441,Aqua,MODIS,68,6.2,319.1,13.2,D,0
-14.9066,134.8015,336,1,1,2014-09-03,0441,Aqua,MODIS,60,6.2,313.3,18,D,0
-15.757,135.6178,358.9,1,1,2014-09-03,0441,Aqua,MODIS,80,6.2,317.7,62.2,D,0
-15.3884,135.6881,331.5,1,1,2014-09-03,0441,Aqua,MODIS,55,6.2,310.2,15.4,D,0
-16.1134,136.5229,358.3,1,1,2014-09-03,0441,Aqua,MODIS,98,6.2,320.4,62.6,D,0
-16.2798,136.7064,340.5,1,1,2014-09-03,0441,Aqua,MODIS,81,6.2,317.5,23.2,D,0
-15.377,135.639,347.4,1,1,2014-09-03,0441,Aqua,MODIS,89,6.2,315.7,37.5,D,0
-15.3834,135.6589,364.7,1,1,2014-09-03,0441,Aqua,MODIS,100,6.2,315.2,79.8,D,0
-15.2767,145.0436,324.4,3.5,1.8,2014-09-03,0441,Aqua,MODIS,71,6.2,300.5,108.9,D,0
-15.3559,135.5248,379.2,1,1,2014-09-03,0441,Aqua,MODIS,100,6.2,312.7,130.3,D,0
-15.3469,135.5235,339.2,1,1,2014-09-03,0441,Aqua,MODIS,60,6.2,307.6,24,D,0
-15.3625,135.4785,341.4,1,1,2014-09-03,0441,Aqua,MODIS,69,6.2,321.2,18.9,D,0
-16.1066,136.6954,329.9,1,1,2014-09-03,0441,Aqua,MODIS,44,6.2,312.6,12.6,D,0
-16.112,136.5323,352.4,1,1,2014-09-03,0441,Aqua,MODIS,95,6.2,316.1,49.5,D,0
-15.3612,135.4877,357.9,1,1,2014-09-03,0441,Aqua,MODIS,98,6.2,322.5,55.1,D,0
-15.3329,135.4929,354.6,1,1,2014-09-03,0441,Aqua,MODIS,96,6.2,311.9,54.7,D,0
-16.12,144.5423,322.6,3.1,1.7,2014-09-03,0441,Aqua,MODIS,62,6.2,304.4,57.3,D,0
-15.569,145.2687,326.8,3.6,1.8,2014-09-03,0441,Aqua,MODIS,55,6.2,299,115.9,D,0
-14.4846,141.6584,318,2,1.4,2014-09-03,0441,Aqua,MODIS,56,6.2,303.4,16.3,D,0
-14.8691,134.7382,331.3,1,1,2014-09-03,0441,Aqua,MODIS,73,6.2,305.3,19.4,D,0
-15.3252,135.4822,355.3,1,1,2014-09-03,0441,Aqua,MODIS,95,6.2,309,56.5,D,0
-15.3188,135.4623,347.1,1,1,2014-09-03,0441,Aqua,MODIS,77,6.2,308.2,41,D,0
-15.7455,135.8912,333.2,1,1,2014-09-03,0441,Aqua,MODIS,62,6.2,317.8,12.2,D,0
-15.7545,135.8926,342.4,1,1,2014-09-03,0441,Aqua,MODIS,86,6.2,319.4,26.4,D,0
-14.9123,144.9164,322,3.5,1.8,2014-09-03,0441,Aqua,MODIS,64,6.2,300.9,77.1,D,0
-16.1125,135.8968,338,1,1,2014-09-03,0441,Aqua,MODIS,81,6.2,319.6,16.8,D,0
-16.0524,136.4404,341.2,1,1,2014-09-03,0441,Aqua,MODIS,85,6.2,319.6,24.2,D,0
-15.2566,141.7608,323.6,2,1.4,2014-09-03,0441,Aqua,MODIS,40,6.2,310.8,21.9,D,0
-15.391,135.6695,348.6,1,1,2014-09-03,0441,Aqua,MODIS,76,6.2,313.6,39.4,D,0
-15.3821,135.6682,346.4,1,1,2014-09-03,0441,Aqua,MODIS,62,6.2,311,36.5,D,0
-15.7646,135.6285,364,1,1,2014-09-03,0441,Aqua,MODIS,91,6.2,316.7,74.5,D,0
-15.9355,136.6075,326.4,1,1,2014-09-03,0441,Aqua,MODIS,27,6.2,312.8,7.7,D,0
-14.4658,141.6935,317,2,1.4,2014-09-03,0441,Aqua,MODIS,36,6.2,301.6,13.4,D,0
-16.1997,136.7556,352.3,1,1,2014-09-03,0441,Aqua,MODIS,95,6.2,318,48.4,D,0
-16.3111,136.6824,333.2,1,1,2014-09-03,0441,Aqua,MODIS,72,6.2,319.5,12.7,D,0
-15.4,135.6709,347.8,1,1,2014-09-03,0441,Aqua,MODIS,91,6.2,316.6,34.4,D,0
-15.3175,135.4716,341.9,1,1,2014-09-03,0441,Aqua,MODIS,69,6.2,307.1,31.5,D,0
-15.3574,135.4493,354.5,1,1,2014-09-03,0441,Aqua,MODIS,96,6.2,316.8,49.9,D,0
-15.0807,145.2001,318,3.7,1.8,2014-09-03,0441,Aqua,MODIS,43,6.2,299.2,73.7,D,0
-15.3662,135.517,337.3,1,1,2014-09-03,0441,Aqua,MODIS,54,6.2,318,17.4,D,0
-14.8937,134.7611,349.9,1,1,2014-09-03,0441,Aqua,MODIS,93,6.2,315.8,42.2,D,0
-15.9767,144.3181,328.3,3,1.7,2014-09-03,0441,Aqua,MODIS,75,6.2,304.5,85,D,0
-15.3572,135.5156,374.8,1,1,2014-09-03,0441,Aqua,MODIS,100,6.2,319.9,110.3,D,0
-15.7493,135.6072,343.3,1,1,2014-09-03,0441,Aqua,MODIS,77,6.2,310.7,33.5,D,0
-15.748,135.6165,367.1,1,1,2014-09-03,0441,Aqua,MODIS,100,6.2,313.2,91.8,D,0
-15.7583,135.6086,352.3,1,1,2014-09-03,0441,Aqua,MODIS,68,6.2,316,46,D,0
-15.4153,135.6922,341.3,1,1,2014-09-03,0441,Aqua,MODIS,81,6.2,316.2,26.1,D,0
-15.3974,135.6895,357.6,1,1,2014-09-03,0441,Aqua,MODIS,98,6.2,316.6,62.6,D,0
-14.4815,141.6771,319.3,2,1.4,2014-09-03,0441,Aqua,MODIS,64,6.2,303,21.1,D,0
-15.3522,135.4864,343.4,1,1,2014-09-03,0441,Aqua,MODIS,87,6.2,318.2,23.7,D,0
-16.1112,135.9061,335,1,1,2014-09-03,0441,Aqua,MODIS,73,6.2,319.2,13,D,0
-15.3681,135.6376,347.7,1,1,2014-09-03,0441,Aqua,MODIS,91,6.2,311.6,40.5,D,0
-14.9181,144.9099,318.5,3.5,1.8,2014-09-03,0441,Aqua,MODIS,48,6.2,301.1,58.7,D,0
-14.8665,134.7571,323.5,1,1,2014-09-03,0441,Aqua,MODIS,21,6.2,310.2,7.8,D,0
-15.7596,135.5993,350.5,1,1,2014-09-03,0441,Aqua,MODIS,77,6.2,315,43,D,0
-14.8678,134.7477,358.4,1,1,2014-09-03,0441,Aqua,MODIS,99,6.2,312,72.1,D,0
-15.8445,135.5799,332.2,1,1,2014-09-03,0441,Aqua,MODIS,72,6.2,317.1,14.2,D,0
-16.3097,136.6919,335,1,1,2014-09-03,0441,Aqua,MODIS,77,6.2,317.7,15.6,D,0
-14.8873,134.741,369.4,1,1,2014-09-03,0441,Aqua,MODIS,100,6.2,315.6,102.8,D,0
-14.8756,134.7584,355.9,1,1,2014-09-03,0441,Aqua,MODIS,97,6.2,315.3,61.3,D,0
-15.9767,144.3264,328.7,3,1.7,2014-09-03,0441,Aqua,MODIS,75,6.2,303.9,88.1,D,0
-15.3504,134.8508,332.5,1,1,2014-09-03,0441,Aqua,MODIS,34,6.2,318,9.6,D,0
-16.6105,137.0866,335.5,1,1,2014-09-03,0441,Aqua,MODIS,66,6.2,313.7,19.2,D,0
-16.6119,137.077,333.8,1,1,2014-09-03,0441,Aqua,MODIS,45,6.2,317.6,15.4,D,0
-16.6014,137.0852,357.1,1,1,2014-09-03,0441,Aqua,MODIS,98,6.2,315.5,61.4,D,0
-16.6028,137.0755,339.9,1,1,2014-09-03,0441,Aqua,MODIS,44,6.2,317.7,23,D,0
-16.9383,135.0552,335.8,1,1,2014-09-03,0441,Aqua,MODIS,81,6.2,314.9,16.2,D,0
-16.9086,135.005,346.4,1,1,2014-09-03,0441,Aqua,MODIS,91,6.2,313,34.1,D,0
-16.9292,135.0538,329.7,1,1,2014-09-03,0441,Aqua,MODIS,66,6.2,317.2,7.9,D,0
-16.91,134.9953,346.9,1,1,2014-09-03,0441,Aqua,MODIS,86,6.2,316.6,35.9,D,0
-14.8908,142.1285,321.5,2.2,1.4,2014-09-03,0441,Aqua,MODIS,56,6.2,307.3,24.3,D,0
-16.5158,137.0458,338.5,1,1,2014-09-03,0441,Aqua,MODIS,75,6.2,314.3,25.1,D,0
-17.0369,134.8137,344.7,1,1,2014-09-03,0441,Aqua,MODIS,90,6.2,314,35.9,D,0
-16.9962,134.8374,345.3,1,1,2014-09-03,0441,Aqua,MODIS,61,6.2,311.1,38.6,D,0
-16.9793,134.8249,332.2,1,1,2014-09-03,0441,Aqua,MODIS,40,6.2,306.8,20.5,D,0
-16.9806,134.8152,347.4,1,1,2014-09-03,0441,Aqua,MODIS,92,6.2,307.9,47.7,D,0
-16.9701,134.8235,354.6,1,1,2014-09-03,0441,Aqua,MODIS,96,6.2,306.4,66.3,D,0
-16.9714,134.8138,395.9,1,1,2014-09-03,0441,Aqua,MODIS,100,6.2,313.6,232.9,D,0
-14.7964,142.5808,329.5,2.3,1.5,2014-09-03,0441,Aqua,MODIS,71,6.2,307,55.6,D,0
-16.6764,137.0156,332.3,1,1,2014-09-03,0441,Aqua,MODIS,75,6.2,315.9,11.4,D,0
-15.514,135.0609,333.5,1,1,2014-09-03,0441,Aqua,MODIS,36,6.2,316.6,12.1,D,0
-15.4248,134.8389,339.1,1,1,2014-09-03,0441,Aqua,MODIS,65,6.2,316.1,23.1,D,0
-16.551,137.0475,341.2,1,1,2014-09-03,0441,Aqua,MODIS,74,6.2,317.6,22.9,D,0
-16.5249,137.0473,338.4,1,1,2014-09-03,0441,Aqua,MODIS,71,6.2,315,22.8,D,0
-17.0365,134.869,343.7,1,1,2014-09-03,0441,Aqua,MODIS,85,6.2,314.9,32.1,D,0
-17.0431,134.8204,331.6,1,1,2014-09-03,0441,Aqua,MODIS,55,6.2,314.9,14.1,D,0
-17.0378,134.8593,335.8,1,1,2014-09-03,0441,Aqua,MODIS,39,6.2,318.3,17.1,D,0
-17.0288,134.872,334.8,1,1,2014-09-03,0441,Aqua,MODIS,68,6.2,313.3,18.2,D,0
-17.0302,134.8623,352.2,1,1,2014-09-03,0441,Aqua,MODIS,95,6.2,318.3,50.9,D,0
-17.0355,134.8234,347.4,1,1,2014-09-03,0441,Aqua,MODIS,92,6.2,317.5,40.3,D,0
-17.021,134.8609,341.1,1,1,2014-09-03,0441,Aqua,MODIS,85,6.2,314.8,29.1,D,0
-17.0132,134.8498,365.8,1,1,2014-09-03,0441,Aqua,MODIS,100,6.2,316.7,86.4,D,0
-17.004,134.8484,372.6,1,1,2014-09-03,0441,Aqua,MODIS,100,6.2,313.5,113,D,0
-17.0081,134.8193,343.3,1,1,2014-09-03,0441,Aqua,MODIS,74,6.2,312.6,33.6,D,0
-17.0054,134.8388,340.4,1,1,2014-09-03,0441,Aqua,MODIS,33,6.2,315.1,25.7,D,0
-17.1785,134.8473,345,1,1,2014-09-03,0441,Aqua,MODIS,90,6.2,317.6,35.5,D,0
-17.1798,134.8376,331.4,1,1,2014-09-03,0441,Aqua,MODIS,54,6.2,314.9,13.5,D,0
-16.7601,135.0158,336.2,1,1,2014-09-03,0441,Aqua,MODIS,61,6.2,313.1,23.5,D,0
-16.7536,134.9953,322.2,1,1,2014-09-03,0441,Aqua,MODIS,37,6.2,308.5,8.8,D,0
-14.718,142.0632,321.6,2.2,1.4,2014-09-03,0441,Aqua,MODIS,53,6.2,303.1,25.8,D,0
-16.7523,135.0049,331.3,1,1,2014-09-03,0441,Aqua,MODIS,52,6.2,311.4,17.8,D,0
-16.8995,135.0036,334.8,1,1,2014-09-03,0441,Aqua,MODIS,53,6.2,312.8,12.1,D,0
-16.9009,134.994,336.4,1,1,2014-09-03,0441,Aqua,MODIS,41,6.2,313.8,15.5,D,0
-16.8918,134.9926,334,1,1,2014-09-03,0441,Aqua,MODIS,65,6.2,311.6,14.2,D,0
-16.8826,134.9912,340.3,1,1,2014-09-03,0441,Aqua,MODIS,75,6.2,311.3,25.7,D,0
-16.8735,134.9898,354.7,1,1,2014-09-03,0441,Aqua,MODIS,97,6.2,309.6,58.8,D,0
-16.8358,134.9939,331.9,1,1,2014-09-03,0441,Aqua,MODIS,31,6.2,310.2,18.3,D,0
-16.7548,135.0541,366.1,1,1,2014-09-03,0441,Aqua,MODIS,100,6.2,314.4,90,D,0
-16.7457,135.0528,357.2,1,1,2014-09-03,0441,Aqua,MODIS,98,6.2,311.7,66.5,D,0
-16.8993,135.0721,333.1,1,1,2014-09-03,0441,Aqua,MODIS,78,6.2,315.8,12.7,D,0
-16.7756,135.0378,344.5,1,1,2014-09-03,0441,Aqua,MODIS,79,6.2,312.9,35.2,D,0
-16.7613,135.0746,338.5,1,1,2014-09-03,0441,Aqua,MODIS,84,6.2,312.9,23.2,D,0
-16.7666,135.0364,336.3,1,1,2014-09-03,0441,Aqua,MODIS,58,6.2,313.3,20.3,D,0
-17.7051,138.9836,330.9,1.2,1.1,2014-09-03,0441,Aqua,MODIS,65,6.2,313.1,16.2,D,0
-17.7069,138.9725,342.6,1.2,1.1,2014-09-03,0441,Aqua,MODIS,87,6.2,316.3,39.1,D,0
-17.1139,134.7813,339.9,1,1,2014-09-03,0441,Aqua,MODIS,74,6.2,312.3,25.8,D,0
-17.0484,134.7814,340.8,1,1,2014-09-03,0441,Aqua,MODIS,86,6.2,313.1,32.6,D,0
-17.0497,134.7716,326,1,1,2014-09-03,0441,Aqua,MODIS,41,6.2,310.4,11,D,0
-17.2274,135.0874,334.6,1,1,2014-09-03,0441,Aqua,MODIS,51,6.2,314.8,17.8,D,0
-17.2183,135.086,338.6,1,1,2014-09-03,0441,Aqua,MODIS,57,6.2,314.6,21.1,D,0
-14.815,143.024,324.6,2.5,1.5,2014-09-03,0441,Aqua,MODIS,51,6.2,303.3,43.7,D,0
-14.8104,143.004,337,2.5,1.5,2014-09-03,0441,Aqua,MODIS,86,6.2,302.3,104.5,D,0
-14.8054,142.9982,328.5,2.5,1.5,2014-09-03,0441,Aqua,MODIS,70,6.2,300.7,61.9,D,0
-14.7958,142.9727,325.4,2.5,1.5,2014-09-03,0441,Aqua,MODIS,39,6.2,299,50.3,D,0
-16.9314,135.2392,346.3,1,1,2014-09-03,0441,Aqua,MODIS,91,6.2,306.8,40.4,D,0
-17.6127,138.2609,331.6,1.1,1,2014-09-03,0441,Aqua,MODIS,36,6.2,315.4,13.7,D,0
-17.6174,138.2299,325.1,1.1,1,2014-09-03,0441,Aqua,MODIS,49,6.2,314.2,7.7,D,0
-17.6017,138.2697,329,1.1,1,2014-09-03,0441,Aqua,MODIS,57,6.2,311.9,11.6,D,0
-17.6033,138.2593,334.3,1.1,1,2014-09-03,0441,Aqua,MODIS,79,6.2,316.7,19.8,D,0
-16.9573,135.2528,343.8,1,1,2014-09-03,0441,Aqua,MODIS,85,6.2,308.8,34.6,D,0
-16.9482,135.2514,357.8,1,1,2014-09-03,0441,Aqua,MODIS,98,6.2,307.3,67.1,D,0
-16.8794,135.215,337.5,1,1,2014-09-03,0441,Aqua,MODIS,66,6.2,308.2,24.1,D,0
-16.8807,135.2055,350.3,1,1,2014-09-03,0441,Aqua,MODIS,94,6.2,311.7,47.7,D,0
-16.8679,135.1647,334,1,1,2014-09-03,0441,Aqua,MODIS,76,6.2,314,15.6,D,0
-16.8575,135.1728,333.7,1,1,2014-09-03,0441,Aqua,MODIS,60,6.2,309.8,14.7,D,0
-16.8588,135.1633,341.5,1,1,2014-09-03,0441,Aqua,MODIS,87,6.2,312.3,27.2,D,0
-16.9317,135.103,332.4,1,1,2014-09-03,0441,Aqua,MODIS,38,6.2,314,11.1,D,0
-17.6299,138.3658,367.9,1.1,1.1,2014-09-03,0441,Aqua,MODIS,100,6.2,316.2,104.6,D,0
-17.6393,138.3674,349.5,1.1,1.1,2014-09-03,0441,Aqua,MODIS,93,6.2,316.7,48.3,D,0
-17.6348,138.3345,330.4,1.1,1.1,2014-09-03,0441,Aqua,MODIS,46,6.2,316.6,8.3,D,0
-17.6364,138.3241,330,1.1,1.1,2014-09-03,0441,Aqua,MODIS,33,6.2,316.5,7.6,D,0
-17.6315,138.3281,330.7,1.1,1.1,2014-09-03,0441,Aqua,MODIS,73,6.2,316.4,11.4,D,0
-17.633,138.3177,328.8,1.1,1.1,2014-09-03,0441,Aqua,MODIS,67,6.2,317.7,9.1,D,0
-16.3845,136.6236,370.3,1,1,2014-09-03,0441,Aqua,MODIS,100,6.2,320.2,95.3,D,0
-16.3755,136.6221,349.1,1,1,2014-09-03,0441,Aqua,MODIS,93,6.2,318.6,37.9,D,0
-17.6377,138.3779,337.2,1.1,1.1,2014-09-03,0441,Aqua,MODIS,63,6.2,313.7,23.7,D,0
-17.6282,138.3763,339.6,1.1,1.1,2014-09-03,0441,Aqua,MODIS,71,6.2,312.6,28.1,D,0
-16.7469,135.1114,358.6,1,1,2014-09-03,0441,Aqua,MODIS,99,6.2,307.2,72.1,D,0
-16.7482,135.1018,372.3,1,1,2014-09-03,0441,Aqua,MODIS,100,6.2,311.5,113.6,D,0
-16.7495,135.0923,340.5,1,1,2014-09-03,0441,Aqua,MODIS,71,6.2,309,29.8,D,0
-16.8316,135.1592,359.9,1,1,2014-09-03,0441,Aqua,MODIS,99,6.2,311.7,72.6,D,0
-16.8225,135.1578,347.3,1,1,2014-09-03,0441,Aqua,MODIS,82,6.2,305.4,43.3,D,0
-16.8078,135.14,342.4,1,1,2014-09-03,0441,Aqua,MODIS,70,6.2,310.8,31.8,D,0
-16.8238,135.1483,340.3,1,1,2014-09-03,0441,Aqua,MODIS,64,6.2,310.1,27.7,D,0
-17.0432,135.2911,331.5,1,1,2014-09-03,0441,Aqua,MODIS,56,6.2,311.9,14.5,D,0
-17.0161,135.287,331.7,1,1,2014-09-03,0441,Aqua,MODIS,50,6.2,309.2,15.7,D,0
-17.1251,135.3004,333.1,1,1,2014-09-03,0441,Aqua,MODIS,34,6.2,315,14.7,D,0
-17.0876,135.3044,328.5,1,1,2014-09-03,0441,Aqua,MODIS,32,6.2,313.2,10.6,D,0
-17.0785,135.303,336.8,1,1,2014-09-03,0441,Aqua,MODIS,81,6.2,313.2,21.9,D,0
-17.0695,135.3016,344,1,1,2014-09-03,0441,Aqua,MODIS,89,6.2,311.2,34,D,0
-14.8361,142.5882,323.9,2.3,1.5,2014-09-03,0441,Aqua,MODIS,57,6.2,306.6,28.8,D,0
-15.3828,135.1395,342.1,1,1,2014-09-03,0441,Aqua,MODIS,71,6.2,318.7,23.6,D,0
-15.3918,135.1408,345.1,1,1,2014-09-03,0441,Aqua,MODIS,58,6.2,320.3,27.2,D,0
-14.8314,142.8894,318,2.5,1.5,2014-09-03,0441,Aqua,MODIS,40,6.2,305.2,24.7,D,0
-15.4352,134.8308,340.6,1,1,2014-09-03,0441,Aqua,MODIS,35,6.2,316.8,23.2,D,0
-14.8002,142.5739,325,2.3,1.5,2014-09-03,0441,Aqua,MODIS,66,6.2,306.5,38.2,D,0
-15.3517,134.8414,357.3,1,1,2014-09-03,0441,Aqua,MODIS,98,6.2,318.9,57.7,D,0
-16.1437,137.0101,337.6,1,1,2014-09-03,0441,Aqua,MODIS,76,6.2,313.9,22.1,D,0
-15.5153,135.0515,338.5,1,1,2014-09-03,0441,Aqua,MODIS,50,6.2,320.6,18.9,D,0
-17.1323,134.784,332.1,1,1,2014-09-03,0441,Aqua,MODIS,46,6.2,315.8,14.8,D,0
-17.1231,134.7827,352,1,1,2014-09-03,0441,Aqua,MODIS,95,6.2,314.3,51.2,D,0
-16.1457,137.0597,331.3,1,1,2014-09-03,0441,Aqua,MODIS,56,6.2,312.1,14.7,D,0
-17.2317,134.9204,342.5,1,1,2014-09-03,0441,Aqua,MODIS,78,6.2,314.3,30.3,D,0
-17.2161,134.8982,336.5,1,1,2014-09-03,0441,Aqua,MODIS,61,6.2,313.7,20.3,D,0
-17.2098,134.8917,329.5,1,1,2014-09-03,0441,Aqua,MODIS,43,6.2,314.1,11,D,0
-17.2434,134.9716,329.7,1,1,2014-09-03,0441,Aqua,MODIS,22,6.2,313,10.8,D,0
-17.2158,135.0365,342.4,1,1,2014-09-03,0441,Aqua,MODIS,88,6.2,317.4,29.5,D,0
-17.2172,135.0269,341.6,1,1,2014-09-03,0441,Aqua,MODIS,87,6.2,318.1,27.1,D,0
-17.2041,135.0544,329.9,1,1,2014-09-03,0441,Aqua,MODIS,41,6.2,314.4,10,D,0
-16.8657,134.9788,352.8,1,1,2014-09-03,0441,Aqua,MODIS,95,6.2,308.2,57.9,D,0
-16.1317,137.0279,331.1,1,1,2014-09-03,0441,Aqua,MODIS,64,6.2,314.9,10.1,D,0
-15.4456,134.8228,346.8,1,1,2014-09-03,0441,Aqua,MODIS,91,6.2,317.6,35.6,D,0
-15.4959,135.0581,342.8,1,1,2014-09-03,0441,Aqua,MODIS,52,6.2,319.4,23.5,D,0
-15.5049,135.0595,344.4,1,1,2014-09-03,0441,Aqua,MODIS,75,6.2,319,27.7,D,0
-15.4416,135.1169,334,1,1,2014-09-03,0441,Aqua,MODIS,70,6.2,320.7,12.6,D,0
-15.4869,135.0568,337.1,1,1,2014-09-03,0441,Aqua,MODIS,76,6.2,317.1,16.6,D,0
-15.4403,135.1262,336.3,1,1,2014-09-03,0441,Aqua,MODIS,75,6.2,315.9,16.7,D,0
-14.7149,142.0754,319.8,2.2,1.4,2014-09-03,0441,Aqua,MODIS,42,6.2,302.5,20.2,D,0
-17.0231,135.0346,325.7,1,1,2014-09-03,0441,Aqua,MODIS,32,6.2,311.7,8.5,D,0
-17.0637,134.9423,339.4,1,1,2014-09-03,0441,Aqua,MODIS,78,6.2,315.2,24.2,D,0
-17.0546,134.9409,360.1,1,1,2014-09-03,0441,Aqua,MODIS,100,6.2,315.1,70,D,0
-17.035,134.9478,330,1,1,2014-09-03,0441,Aqua,MODIS,41,6.2,312.3,14.3,D,0
-16.8828,134.9224,375.7,1,1,2014-09-03,0441,Aqua,MODIS,100,6.2,311.3,127.4,D,0
-16.8841,134.9128,375.3,1,1,2014-09-03,0441,Aqua,MODIS,100,6.2,310.8,126.1,D,0
-16.8855,134.9031,332.8,1,1,2014-09-03,0441,Aqua,MODIS,65,6.2,306.9,20.6,D,0
-16.8724,134.9307,376.2,1,1,2014-09-03,0441,Aqua,MODIS,100,6.2,311.8,131,D,0
-16.8737,134.9211,362,1,1,2014-09-03,0441,Aqua,MODIS,100,6.2,310.2,81.4,D,0
-16.8763,134.9017,345.2,1,1,2014-09-03,0441,Aqua,MODIS,90,6.2,307.9,42.5,D,0
-16.875,134.9114,415.9,1,1,2014-09-03,0441,Aqua,MODIS,100,6.2,319.8,364.9,D,0
-16.8646,134.9197,354.3,1,1,2014-09-03,0441,Aqua,MODIS,96,6.2,307,63.9,D,0
-16.8659,134.91,407.1,1,1,2014-09-03,0441,Aqua,MODIS,100,6.2,313.8,302,D,0
-16.8554,134.9183,334.3,1,1,2014-09-03,0441,Aqua,MODIS,79,6.2,303.8,26.4,D,0
-16.8568,134.9086,365.7,1,1,2014-09-03,0441,Aqua,MODIS,100,6.2,305,98.1,D,0
-15.6494,130.3651,334.5,1.8,1.3,2014-09-03,0441,Aqua,MODIS,48,6.2,314.8,35.1,D,0
-16.9542,134.9397,348.5,1,1,2014-09-03,0441,Aqua,MODIS,84,6.2,309.2,42.9,D,0
-16.9438,134.948,337.4,1,1,2014-09-03,0441,Aqua,MODIS,35,6.2,311.2,19.7,D,0
-16.936,134.937,336.3,1,1,2014-09-03,0441,Aqua,MODIS,41,6.2,310.1,20.4,D,0
-16.9284,134.9293,339.2,1,1,2014-09-03,0441,Aqua,MODIS,82,6.2,311.5,26.9,D,0
-15.5625,144.9611,320.8,3.4,1.7,2014-09-03,0441,Aqua,MODIS,43,6.2,302.7,62.9,D,0
-16.2088,136.7571,335.3,1,1,2014-09-03,0441,Aqua,MODIS,69,6.2,319.2,17,D,0
-15.3376,135.1993,394.3,1,1,2014-09-03,0441,Aqua,MODIS,100,6.2,329.2,201.8,D,0
-15.3287,135.2018,387.1,1,1,2014-09-03,0441,Aqua,MODIS,100,6.2,317,169.4,D,0
-15.5047,133.0373,331.1,1.2,1.1,2014-09-03,0441,Aqua,MODIS,31,6.2,312.5,15.2,D,0
-15.3301,135.1924,402.5,1,1,2014-09-03,0441,Aqua,MODIS,100,6.2,327,254.2,D,0
-15.3815,135.1488,348.5,1,1,2014-09-03,0441,Aqua,MODIS,92,6.2,318.7,34.6,D,0
-16.2916,136.689,348.5,1,1,2014-09-03,0441,Aqua,MODIS,92,6.2,317.1,38,D,0
-15.3314,135.1831,325.3,1,1,2014-09-03,0441,Aqua,MODIS,36,6.2,311.9,6,D,0
-16.2429,136.6425,333.9,1,1,2014-09-03,0441,Aqua,MODIS,66,6.2,315.1,15,D,0
-15.5538,144.9549,327.5,3.4,1.7,2014-09-03,0441,Aqua,MODIS,75,6.2,303,108.2,D,0
-15.5382,144.952,318.4,3.4,1.7,2014-09-03,0441,Aqua,MODIS,47,6.2,304.1,55.2,D,0
-15.3466,135.2007,339.7,1,1,2014-09-03,0441,Aqua,MODIS,79,6.2,319.3,22.1,D,0
-15.3479,135.1913,339.4,1,1,2014-09-03,0441,Aqua,MODIS,77,6.2,319.9,19.1,D,0
-15.3905,135.1502,365,1,1,2014-09-03,0441,Aqua,MODIS,100,6.2,320.7,74.9,D,0
-15.3543,135.2114,343.8,1,1,2014-09-03,0441,Aqua,MODIS,76,6.2,318.3,28.8,D,0
-16.3007,136.6904,346.4,1,1,2014-09-03,0441,Aqua,MODIS,90,6.2,318.4,34,D,0
-15.3389,135.19,422,1,1,2014-09-03,0441,Aqua,MODIS,100,6.2,331.7,393.6,D,0
-15.3363,135.2086,355.4,1,1,2014-09-03,0441,Aqua,MODIS,97,6.2,314.7,54.6,D,0
-13.914,136.5876,320.7,1,1,2014-09-03,0442,Aqua,MODIS,49,6.2,304.9,7.2,D,0
-14.1774,132.9969,354.5,1.2,1.1,2014-09-03,0442,Aqua,MODIS,96,6.2,315.8,64.7,D,0
-14.176,133.0077,348.2,1.2,1.1,2014-09-03,0442,Aqua,MODIS,92,6.2,320,47.2,D,0
-12.6996,132.2225,325.4,1.2,1.1,2014-09-03,0442,Aqua,MODIS,34,6.2,292.3,17.7,D,0
-13.7317,135.3078,366.3,1,1,2014-09-03,0442,Aqua,MODIS,100,6.2,305.8,93.5,D,0
-13.733,135.2986,352,1,1,2014-09-03,0442,Aqua,MODIS,95,6.2,305.2,55.9,D,0
-14.1856,133.009,368.9,1.2,1.1,2014-09-03,0442,Aqua,MODIS,100,6.2,319.3,115.9,D,0
-13.7343,135.2894,342.8,1,1,2014-09-03,0442,Aqua,MODIS,89,6.2,301.6,37.3,D,0
-13.7227,135.3064,351.9,1,1,2014-09-03,0442,Aqua,MODIS,95,6.2,300.6,56.7,D,0
-13.724,135.2972,386.4,1,1,2014-09-03,0442,Aqua,MODIS,100,6.2,308.3,171.6,D,0
-13.7433,135.2908,340,1,1,2014-09-03,0442,Aqua,MODIS,87,6.2,299.7,31.4,D,0
-13.742,135.3,363,1,1,2014-09-03,0442,Aqua,MODIS,100,6.2,306.3,81.6,D,0
-13.7407,135.3092,333.8,1,1,2014-09-03,0442,Aqua,MODIS,60,6.2,305.3,20.2,D,0
-13.7509,135.3013,349.1,1,1,2014-09-03,0442,Aqua,MODIS,93,6.2,305.4,46.8,D,0
-13.7496,135.3105,338.9,1,1,2014-09-03,0442,Aqua,MODIS,81,6.2,307.8,26.5,D,0
-13.7611,135.3001,322.8,1,1,2014-09-03,0442,Aqua,MODIS,52,6.2,303.3,8.9,D,0
-13.7598,135.3093,385.9,1,1,2014-09-03,0442,Aqua,MODIS,100,6.2,311.2,166.9,D,0
-13.8387,135.5241,319.3,1,1,2014-09-03,0442,Aqua,MODIS,34,6.2,298.9,5.5,D,0
-13.8374,135.5333,322.4,1,1,2014-09-03,0442,Aqua,MODIS,62,6.2,299.1,8.4,D,0
-13.7225,135.3721,352.9,1,1,2014-09-03,0442,Aqua,MODIS,96,6.2,301.4,59,D,0
-13.7212,135.3813,332.2,1,1,2014-09-03,0442,Aqua,MODIS,79,6.2,299.9,22,D,0
-13.744,135.4196,339.8,1,1,2014-09-03,0442,Aqua,MODIS,83,6.2,302.2,30.6,D,0
-11.6235,132.9577,353.4,1.1,1,2014-09-03,0442,Aqua,MODIS,97,6.2,313.1,63.3,D,0
-13.7427,135.4287,354.9,1,1,2014-09-03,0442,Aqua,MODIS,97,6.2,304.7,62,D,0
-13.7414,135.4379,331.8,1,1,2014-09-03,0442,Aqua,MODIS,71,6.2,302.8,19.9,D,0
-13.7315,135.3735,345.4,1,1,2014-09-03,0442,Aqua,MODIS,87,6.2,305.4,40.5,D,0
-13.7301,135.3826,358.6,1,1,2014-09-03,0442,Aqua,MODIS,99,6.2,308.3,70,D,0
-13.753,135.4209,342.8,1,1,2014-09-03,0442,Aqua,MODIS,87,6.2,303.6,34.3,D,0
-13.7517,135.4301,347.9,1,1,2014-09-03,0442,Aqua,MODIS,93,6.2,306.4,45.2,D,0
-13.7504,135.4393,339.4,1,1,2014-09-03,0442,Aqua,MODIS,72,6.2,305.2,28.9,D,0
-13.7644,135.4696,340.8,1,1,2014-09-03,0442,Aqua,MODIS,79,6.2,306.5,30.1,D,0
-13.7773,135.4434,375.6,1,1,2014-09-03,0442,Aqua,MODIS,100,6.2,309.9,117.6,D,0
-13.776,135.4526,355.1,1,1,2014-09-03,0442,Aqua,MODIS,97,6.2,310.8,54.4,D,0
-13.7863,135.4448,335.1,1,1,2014-09-03,0442,Aqua,MODIS,70,6.2,308.8,17.1,D,0
-11.7684,133.1026,323.8,1.1,1,2014-09-03,0442,Aqua,MODIS,17,6.2,308.1,8.2,D,0
-11.7778,133.104,342.9,1.1,1,2014-09-03,0442,Aqua,MODIS,89,6.2,309.8,37.1,D,0
-13.785,135.454,350.1,1,1,2014-09-03,0442,Aqua,MODIS,94,6.2,310,43.2,D,0
-13.7836,135.4632,344.3,1,1,2014-09-03,0442,Aqua,MODIS,90,6.2,311.4,31.1,D,0
-14.7126,132.0123,335.2,1.3,1.1,2014-09-03,0442,Aqua,MODIS,78,6.2,309,29.6,D,0
-13.829,135.3386,334.9,1,1,2014-09-03,0442,Aqua,MODIS,80,6.2,313.2,19.1,D,0
-13.8277,135.3478,336.3,1,1,2014-09-03,0442,Aqua,MODIS,84,6.2,311.8,21.3,D,0
-12.1976,134.7202,319,1,1,2014-09-03,0442,Aqua,MODIS,53,6.2,288.7,7.4,D,0
-14.1858,132.9324,333,1.2,1.1,2014-09-03,0442,Aqua,MODIS,78,6.2,320.3,13.4,D,0
-13.7288,135.3918,349.1,1,1,2014-09-03,0442,Aqua,MODIS,93,6.2,303.2,49.1,D,0
-13.7404,135.3748,356.9,1,1,2014-09-03,0442,Aqua,MODIS,98,6.2,309.2,64.1,D,0
-13.7391,135.384,338.2,1,1,2014-09-03,0442,Aqua,MODIS,52,6.2,308.9,26.1,D,0
-13.7378,135.3932,344.9,1,1,2014-09-03,0442,Aqua,MODIS,83,6.2,305.9,39.4,D,0
-13.7519,135.3644,355.1,1,1,2014-09-03,0442,Aqua,MODIS,97,6.2,307.7,55,D,0
-13.7506,135.3736,362.5,1,1,2014-09-03,0442,Aqua,MODIS,100,6.2,309.8,72.8,D,0
-11.7671,133.1125,343.6,1.1,1,2014-09-03,0442,Aqua,MODIS,89,6.2,310,39.8,D,0
-11.7764,133.1139,345.3,1.1,1,2014-09-03,0442,Aqua,MODIS,91,6.2,311.7,41.5,D,0
-13.815,135.3083,331.7,1,1,2014-09-03,0442,Aqua,MODIS,64,6.2,308.9,15.4,D,0
-13.8189,135.2807,332.1,1,1,2014-09-03,0442,Aqua,MODIS,39,6.2,308.8,16,D,0
-13.806,135.3069,351.3,1,1,2014-09-03,0442,Aqua,MODIS,95,6.2,307.2,49.6,D,0
-13.8023,135.2688,332.8,1,1,2014-09-03,0442,Aqua,MODIS,75,6.2,307.8,19.4,D,0
-13.7688,135.3106,335.2,1,1,2014-09-03,0442,Aqua,MODIS,82,6.2,303.9,23.7,D,0
-13.9545,136.5615,321.7,1,1,2014-09-03,0442,Aqua,MODIS,62,6.2,300.9,9.2,D,0
-13.7304,135.317,341.3,1,1,2014-09-03,0442,Aqua,MODIS,88,6.2,299.7,36,D,0
-13.4962,132.5146,342.8,1.2,1.1,2014-09-03,0442,Aqua,MODIS,89,6.2,316.3,37.8,D,0
-13.4981,132.5091,342.2,1.2,1.1,2014-09-03,0442,Aqua,MODIS,88,6.2,315.6,37.1,D,0
-13.9531,136.5711,323.4,1,1,2014-09-03,0442,Aqua,MODIS,66,6.2,302.2,11,D,0
-13.7493,135.3828,343.5,1,1,2014-09-03,0442,Aqua,MODIS,89,6.2,307.9,29.6,D,0
-13.7672,135.3855,341,1,1,2014-09-03,0442,Aqua,MODIS,87,6.2,310.2,26.1,D,0
-13.4966,132.5202,347,1.2,1.1,2014-09-03,0442,Aqua,MODIS,92,6.2,316.3,49.5,D,0
-11.5417,132.8172,333.1,1.1,1.1,2014-09-03,0442,Aqua,MODIS,82,6.2,302.5,22,D,0
-11.5322,132.8159,332.8,1.1,1.1,2014-09-03,0442,Aqua,MODIS,68,6.2,306.7,21.4,D,0
-13.7189,136.662,321.8,1,1,2014-09-03,0442,Aqua,MODIS,63,6.2,302.8,12.6,D,0
-13.6962,134.2569,335.7,1,1,2014-09-03,0442,Aqua,MODIS,82,6.2,312.1,21,D,0
-13.6949,134.2664,334.3,1,1,2014-09-03,0442,Aqua,MODIS,81,6.2,311.6,19.1,D,0
-13.4479,130.8268,319.7,1.5,1.2,2014-09-03,0442,Aqua,MODIS,30,6.2,290.1,16,D,0
-13.4461,130.8412,321.8,1.5,1.2,2014-09-03,0442,Aqua,MODIS,53,6.2,291,19.9,D,0
-13.8865,136.7108,321.8,1,1,2014-09-03,0442,Aqua,MODIS,66,6.2,301.9,10.9,D,0
-13.7393,135.3183,339.7,1,1,2014-09-03,0442,Aqua,MODIS,78,6.2,304.2,30.4,D,0
-13.747,135.3289,334.5,1,1,2014-09-03,0442,Aqua,MODIS,60,6.2,305.1,20.7,D,0
-13.7585,135.3185,347.2,1,1,2014-09-03,0442,Aqua,MODIS,92,6.2,309.8,40.8,D,0
-13.7572,135.3277,337,1,1,2014-09-03,0442,Aqua,MODIS,80,6.2,309.2,24.2,D,0
-13.7559,135.3368,337.6,1,1,2014-09-03,0442,Aqua,MODIS,74,6.2,306,24.8,D,0
-13.7675,135.3198,387.8,1,1,2014-09-03,0442,Aqua,MODIS,100,6.2,311.5,173.7,D,0
-13.7662,135.329,343.9,1,1,2014-09-03,0442,Aqua,MODIS,90,6.2,307.1,35.4,D,0
-11.7871,133.1054,352.6,1.1,1,2014-09-03,0442,Aqua,MODIS,95,6.2,310.8,58.2,D,0
-13.7764,135.3212,334.5,1,1,2014-09-03,0442,Aqua,MODIS,82,6.2,301.7,21,D,0
-13.7751,135.3304,338.7,1,1,2014-09-03,0442,Aqua,MODIS,86,6.2,305.3,26.9,D,0
-13.8137,135.3175,327.5,1,1,2014-09-03,0442,Aqua,MODIS,38,6.2,309.7,10.4,D,0
-12.3041,134.8071,314.3,1,1,2014-09-03,0442,Aqua,MODIS,42,6.2,281.6,6,D,0
-14.1219,132.2501,327.3,1.3,1.1,2014-09-03,0442,Aqua,MODIS,45,6.2,311.7,11.9,D,0
-14.1552,132.2307,329.1,1.3,1.1,2014-09-03,0442,Aqua,MODIS,68,6.2,309.1,18,D,0
-14.1537,132.2424,329.1,1.3,1.1,2014-09-03,0442,Aqua,MODIS,65,6.2,309.2,18.1,D,0
-13.046,134.3107,349.3,1,1,2014-09-03,0442,Aqua,MODIS,94,6.2,298.6,50.5,D,0
-12.7722,136.3481,312.3,1,1,2014-09-03,0442,Aqua,MODIS,40,6.2,288.9,5.8,D,0
-12.4167,131.4403,340.5,1.4,1.2,2014-09-03,0442,Aqua,MODIS,89,6.2,306,48.9,D,0
-12.4426,131.463,336.6,1.4,1.2,2014-09-03,0442,Aqua,MODIS,86,6.2,305.5,38.6,D,0
-12.5489,131.5082,323.8,1.3,1.1,2014-09-03,0442,Aqua,MODIS,62,6.2,303.4,13,D,0
-12.5053,131.5468,348.2,1.3,1.1,2014-09-03,0442,Aqua,MODIS,94,6.2,303.5,70.6,D,0
-14.6698,134.9162,341.7,1,1,2014-09-03,0442,Aqua,MODIS,84,6.2,313.9,28.8,D,0
-12.0904,133.8439,320.4,1,1,2014-09-03,0442,Aqua,MODIS,20,6.2,278.5,10.6,D,0
-12.2851,134.6828,321,1,1,2014-09-03,0442,Aqua,MODIS,51,6.2,293.3,9.6,D,0
-14.3027,133.7192,335.1,1.1,1,2014-09-03,0442,Aqua,MODIS,75,6.2,317.4,17.6,D,0
-12.4462,131.4569,326.8,1.4,1.2,2014-09-03,0442,Aqua,MODIS,69,6.2,304.9,18.3,D,0
-13.3535,135.1228,332.1,1,1,2014-09-03,0442,Aqua,MODIS,77,6.2,296.4,19.5,D,0
-14.3041,133.7092,346.5,1.1,1,2014-09-03,0442,Aqua,MODIS,91,6.2,317.6,39.8,D,0
-12.3022,133.5061,348.5,1.1,1,2014-09-03,0442,Aqua,MODIS,94,6.2,312.7,44.6,D,0
-12.7128,132.2879,347.2,1.2,1.1,2014-09-03,0442,Aqua,MODIS,72,6.2,298.4,56.3,D,0
-12.4271,131.4417,329.4,1.4,1.2,2014-09-03,0442,Aqua,MODIS,45,6.2,307.2,23.8,D,0
-13.3312,134.7,324.5,1,1,2014-09-03,0442,Aqua,MODIS,68,6.2,304.1,10.7,D,0
-12.0393,136.4351,322.6,1.1,1,2014-09-03,0442,Aqua,MODIS,48,6.2,276.3,16.2,D,0
-12.5069,131.5346,352.8,1.3,1.1,2014-09-03,0442,Aqua,MODIS,96,6.2,303.6,86.6,D,0
-12.4633,131.4658,335.9,1.4,1.2,2014-09-03,0442,Aqua,MODIS,86,6.2,304.3,38.7,D,0
-13.0098,143.0068,325.7,2.8,1.6,2014-09-03,0442,Aqua,MODIS,79,6.2,305.5,65.1,D,0
-11.7993,142.4265,339.3,2.6,1.6,2014-09-03,0442,Aqua,MODIS,89,6.2,304.2,128.9,D,0
-12.5616,136.274,314.7,1,1,2014-09-03,0442,Aqua,MODIS,66,6.2,284.5,8.6,D,0
-14.3093,133.7404,341.3,1.1,1,2014-09-03,0442,Aqua,MODIS,75,6.2,316.9,27.2,D,0
-12.2941,134.6841,325.3,1,1,2014-09-03,0442,Aqua,MODIS,47,6.2,296.6,13.3,D,0
-11.7995,142.3967,323.2,2.6,1.6,2014-09-03,0442,Aqua,MODIS,72,6.2,300.8,48.2,D,0
-12.3198,133.2388,323.1,1.1,1,2014-09-03,0442,Aqua,MODIS,62,6.2,300.5,10,D,0
-12.311,134.4992,332.6,1,1,2014-09-03,0442,Aqua,MODIS,70,6.2,290.5,23.8,D,0
-13.3739,135.1727,345.5,1,1,2014-09-03,0442,Aqua,MODIS,92,6.2,309.9,37.3,D,0
-13.0447,134.32,340.6,1,1,2014-09-03,0442,Aqua,MODIS,89,6.2,298.3,33.4,D,0
-12.4445,131.4693,327.9,1.3,1.2,2014-09-03,0442,Aqua,MODIS,67,6.2,306.5,19.7,D,0
-12.5931,134.0598,331,1,1,2014-09-03,0442,Aqua,MODIS,79,6.2,290.4,22.1,D,0
-12.2577,134.9402,325.1,1,1,2014-09-03,0442,Aqua,MODIS,54,6.2,292.7,15.2,D,0
-11.7857,133.1153,346.3,1.1,1,2014-09-03,0442,Aqua,MODIS,91,6.2,311.7,43.1,D,0
-14.6685,134.9255,368.7,1,1,2014-09-03,0442,Aqua,MODIS,100,6.2,317.7,96,D,0
-12.4847,131.5439,327.9,1.3,1.1,2014-09-03,0442,Aqua,MODIS,77,6.2,305.9,21.5,D,0
-12.3647,134.704,316.4,1,1,2014-09-03,0442,Aqua,MODIS,28,6.2,289.7,3.8,D,0
-14.6568,134.9428,352.8,1,1,2014-09-03,0442,Aqua,MODIS,95,6.2,315.2,51,D,0
-11.8035,142.4028,332,2.6,1.6,2014-09-03,0442,Aqua,MODIS,84,6.2,301.8,89,D,0
-12.453,131.4644,338.3,1.4,1.2,2014-09-03,0442,Aqua,MODIS,87,6.2,305.3,43.6,D,0
-12.3708,136.3195,308.7,1,1,2014-09-03,0442,Aqua,MODIS,35,6.2,277.7,6.7,D,0
-12.3009,133.5159,336.3,1.1,1,2014-09-03,0442,Aqua,MODIS,70,6.2,309.3,22.9,D,0
-13.3522,135.1319,332.5,1,1,2014-09-03,0442,Aqua,MODIS,65,6.2,300.2,18.4,D,0
-14.6752,134.745,329.1,1,1,2014-09-03,0442,Aqua,MODIS,47,6.2,316.7,8.4,D,0
-12.2864,134.6736,319.7,1,1,2014-09-03,0442,Aqua,MODIS,32,6.2,295,7.7,D,0
-14.6739,134.7543,328,1,1,2014-09-03,0442,Aqua,MODIS,50,6.2,315.5,8.2,D,0
-12.6205,136.4939,309.3,1.1,1,2014-09-03,0442,Aqua,MODIS,42,6.2,282.3,6.2,D,0
-12.4255,131.4541,333.9,1.4,1.2,2014-09-03,0442,Aqua,MODIS,84,6.2,304.8,32.5,D,0
-12.396,131.4375,323.6,1.4,1.2,2014-09-03,0442,Aqua,MODIS,42,6.2,302.1,14.2,D,0
-12.3213,134.4913,331.7,1,1,2014-09-03,0442,Aqua,MODIS,69,6.2,290,21,D,0
-13.3106,134.7158,325.6,1,1,2014-09-03,0442,Aqua,MODIS,59,6.2,304.7,10.4,D,0
-12.7011,132.2113,334.2,1.2,1.1,2014-09-03,0442,Aqua,MODIS,84,6.2,289.5,35,D,0
-12.5118,131.4977,323.7,1.3,1.1,2014-09-03,0442,Aqua,MODIS,37,6.2,301.7,13.7,D,0
-13.3599,135.1425,326.5,1,1,2014-09-03,0442,Aqua,MODIS,41,6.2,302.6,10.6,D,0
-12.2181,134.7046,319.3,1,1,2014-09-03,0442,Aqua,MODIS,35,6.2,284.9,7.9,D,0
-11.7955,142.4205,343.9,2.6,1.6,2014-09-03,0442,Aqua,MODIS,92,6.2,303.7,163.7,D,0
-11.8322,133.1924,328.6,1.1,1,2014-09-03,0442,Aqua,MODIS,37,6.2,307.9,11.6,D,0
-12.4725,131.0984,318.6,1.4,1.2,2014-09-03,0442,Aqua,MODIS,64,6.2,287.1,16.1,D,0
-14.6581,134.9335,333.1,1,1,2014-09-03,0442,Aqua,MODIS,51,6.2,314.8,14.2,D,0
-12.4966,131.5332,338.9,1.3,1.1,2014-09-03,0442,Aqua,MODIS,88,6.2,305.2,45.9,D,0
-14.5447,129.9061,323.3,1.9,1.3,2014-09-03,0442,Aqua,MODIS,57,6.2,305.7,18.9,D,0
-14.5348,129.8872,325.6,1.9,1.3,2014-09-03,0442,Aqua,MODIS,64,6.2,305.4,22.2,D,0
-14.5468,129.889,333.6,1.9,1.3,2014-09-03,0442,Aqua,MODIS,81,6.2,305.7,50.2,D,0
-14.1204,132.2617,329,1.3,1.1,2014-09-03,0442,Aqua,MODIS,54,6.2,310.9,16.2,D,0
-13.7594,132.3747,328.5,1.2,1.1,2014-09-03,0442,Aqua,MODIS,50,6.2,315.9,14.1,D,0
-14.5512,129.8942,325.3,1.9,1.3,2014-09-03,0442,Aqua,MODIS,63,6.2,304.8,24.1,D,0
-15.2381,125.5841,324.5,4.1,1.9,2014-09-03,0442,Aqua,MODIS,43,6.2,309.3,77,D,0
-15.2415,125.5884,323.7,4.1,1.9,2014-09-03,0442,Aqua,MODIS,27,6.2,308.8,70.5,D,0
-15.6621,128.1578,333.6,2.6,1.6,2014-09-03,0442,Aqua,MODIS,80,6.2,314.5,70.5,D,0
-12.4796,130.6158,324.1,1.5,1.2,2014-09-03,0442,Aqua,MODIS,64,6.2,287.8,29.1,D,0
-15.6509,128.1309,328.4,2.6,1.6,2014-09-03,0442,Aqua,MODIS,56,6.2,314.3,43.6,D,0
-15.665,128.1325,333.6,2.6,1.6,2014-09-03,0442,Aqua,MODIS,80,6.2,313.2,72.1,D,0
-12.969,136.0063,376.5,1,1,2014-09-03,0442,Aqua,MODIS,100,6.2,310.3,128.6,D,0
-11.9646,133.6292,325.4,1,1,2014-09-03,0442,Aqua,MODIS,57,6.2,298.7,12.3,D,0
-13.1298,135.5921,320.3,1,1,2014-09-03,0442,Aqua,MODIS,63,6.2,297,7.7,D,0
-12.7949,135.9384,322.7,1,1,2014-09-03,0442,Aqua,MODIS,65,6.2,289.5,12.1,D,0
-12.7935,135.9477,324.2,1,1,2014-09-03,0442,Aqua,MODIS,75,6.2,288.4,14.2,D,0
-13.3087,135.054,340.6,1,1,2014-09-03,0442,Aqua,MODIS,88,6.2,299.7,31.6,D,0
-13.3074,135.0632,320.2,1,1,2014-09-03,0442,Aqua,MODIS,41,6.2,296,5.8,D,0
-13.2769,134.2957,323.8,1,1,2014-09-03,0442,Aqua,MODIS,67,6.2,304.8,7.7,D,0
-13.1514,135.314,332.1,1,1,2014-09-03,0442,Aqua,MODIS,81,6.2,305.6,17.9,D,0
-15.2686,125.7142,323.8,4,1.9,2014-09-03,0442,Aqua,MODIS,45,6.2,311.6,51.6,D,0
-15.3358,125.7201,326.5,4,1.9,2014-09-03,0442,Aqua,MODIS,58,6.2,309.9,87.5,D,0
-15.3189,125.7192,331.4,4,1.9,2014-09-03,0442,Aqua,MODIS,62,6.2,311.8,127.8,D,0
-15.3227,125.6815,336.6,4,1.9,2014-09-03,0442,Aqua,MODIS,82,6.2,309.4,187.3,D,0
-15.3308,125.7123,341.2,4,1.9,2014-09-03,0442,Aqua,MODIS,87,6.2,310.5,233.8,D,0
-12.7497,135.2322,316,1,1,2014-09-03,0442,Aqua,MODIS,54,6.2,283,7.5,D,0
-13.2322,135.8371,331.8,1,1,2014-09-03,0442,Aqua,MODIS,70,6.2,310.7,16.5,D,0
-13.2232,135.8357,336,1,1,2014-09-03,0442,Aqua,MODIS,84,6.2,307.6,23.3,D,0
-13.2505,135.2045,320.8,1,1,2014-09-03,0442,Aqua,MODIS,50,6.2,299.8,5.3,D,0
-13.1944,135.7216,326.8,1,1,2014-09-03,0442,Aqua,MODIS,71,6.2,307.9,11.2,D,0
-12.3363,134.0617,328.9,1,1,2014-09-03,0442,Aqua,MODIS,63,6.2,300.7,16.2,D,0
-12.3389,134.043,336.7,1,1,2014-09-03,0442,Aqua,MODIS,65,6.2,297.6,28,D,0
-12.3493,134.0349,339.5,1,1,2014-09-03,0442,Aqua,MODIS,84,6.2,296.2,35.2,D,0
-12.348,134.0443,341,1,1,2014-09-03,0442,Aqua,MODIS,87,6.2,298.6,34.1,D,0
-12.7692,135.2222,338.5,1,1,2014-09-03,0442,Aqua,MODIS,88,6.2,286.6,32.9,D,0
-13.1529,134.2654,328.9,1,1,2014-09-03,0442,Aqua,MODIS,77,6.2,303.5,13.8,D,0
-12.7563,135.2483,357.4,1,1,2014-09-03,0442,Aqua,MODIS,98,6.2,286.9,71,D,0
-13.105,134.2104,331.3,1,1,2014-09-03,0442,Aqua,MODIS,80,6.2,303.2,18.4,D,0
-12.287,134.0831,323.9,1,1,2014-09-03,0442,Aqua,MODIS,49,6.2,288.8,15.3,D,0
-12.7679,135.2314,369.4,1,1,2014-09-03,0442,Aqua,MODIS,100,6.2,292.6,105,D,0
-12.7869,134.7138,341.4,1,1,2014-09-03,0442,Aqua,MODIS,90,6.2,306.6,30.5,D,0
-13.1401,135.5843,325.2,1,1,2014-09-03,0442,Aqua,MODIS,73,6.2,297.9,12.3,D,0
-13.2353,135.1179,327.9,1,1,2014-09-03,0442,Aqua,MODIS,75,6.2,306.2,13.5,D,0
-12.7576,135.2391,372.4,1,1,2014-09-03,0442,Aqua,MODIS,100,6.2,289.9,115.1,D,0
-11.7346,133.0312,335.2,1.1,1,2014-09-03,0442,Aqua,MODIS,70,6.2,310.2,20.8,D,0
-12.8751,136.2055,318.5,1,1,2014-09-03,0442,Aqua,MODIS,50,6.2,287.8,9.2,D,0
-12.1327,134.3326,325.4,1,1,2014-09-03,0442,Aqua,MODIS,36,6.2,286.2,14.9,D,0
-11.7293,132.9998,346.6,1.1,1,2014-09-03,0442,Aqua,MODIS,93,6.2,314,43.5,D,0
-13.2209,135.2188,322.2,1,1,2014-09-03,0442,Aqua,MODIS,56,6.2,302.9,5.9,D,0
-13.1894,134.2676,324.7,1,1,2014-09-03,0442,Aqua,MODIS,50,6.2,301.6,8.5,D,0
-12.7602,135.2208,339.3,1,1,2014-09-03,0442,Aqua,MODIS,89,6.2,284.8,34.7,D,0
-12.7589,135.23,350.9,1,1,2014-09-03,0442,Aqua,MODIS,95,6.2,289.2,55.6,D,0
-13.2413,134.2944,324.8,1,1,2014-09-03,0442,Aqua,MODIS,55,6.2,301.3,8.9,D,0
-14.7197,132.0385,331.8,1.3,1.1,2014-09-03,0442,Aqua,MODIS,72,6.2,308.1,23.3,D,0
-14.711,132.0247,326.5,1.3,1.1,2014-09-03,0442,Aqua,MODIS,21,6.2,307.7,11,D,0
-11.7266,133.0199,331.3,1.1,1,2014-09-03,0442,Aqua,MODIS,57,6.2,311.7,16.5,D,0
-13.1205,134.2319,387.9,1,1,2014-09-03,0442,Aqua,MODIS,100,6.2,313.1,180.1,D,0
-12.8737,136.2149,315.6,1,1,2014-09-03,0442,Aqua,MODIS,32,6.2,286,6.6,D,0
-12.134,134.3233,349.8,1,1,2014-09-03,0442,Aqua,MODIS,94,6.2,287.4,54.9,D,0
-12.1622,134.2482,324.9,1,1,2014-09-03,0442,Aqua,MODIS,57,6.2,300.7,13.2,D,0
-13.1881,134.277,331.7,1,1,2014-09-03,0442,Aqua,MODIS,80,6.2,302.6,17.6,D,0
-13.1195,135.2811,389.2,1,1,2014-09-03,0442,Aqua,MODIS,100,6.2,311.3,180.3,D,0
-12.7652,135.2496,334.5,1,1,2014-09-03,0442,Aqua,MODIS,86,6.2,288.1,26.1,D,0
-12.7666,135.2405,334.9,1,1,2014-09-03,0442,Aqua,MODIS,83,6.2,289.7,25.3,D,0
-12.9676,136.0156,387,1,1,2014-09-03,0442,Aqua,MODIS,100,6.2,310.5,175.5,D,0
-12.7779,134.7124,352.4,1,1,2014-09-03,0442,Aqua,MODIS,96,6.2,304.5,53.7,D,0
-12.7766,134.7216,327,1,1,2014-09-03,0442,Aqua,MODIS,69,6.2,303.7,10.8,D,0
-12.7755,135.2419,329.4,1,1,2014-09-03,0442,Aqua,MODIS,81,6.2,288.4,19.6,D,0
-13.1182,135.2902,374.3,1,1,2014-09-03,0442,Aqua,MODIS,100,6.2,307.2,117.2,D,0
-13.1271,135.2916,353.7,1,1,2014-09-03,0442,Aqua,MODIS,96,6.2,309,55.7,D,0
-13.1425,135.3127,328.4,1,1,2014-09-03,0442,Aqua,MODIS,66,6.2,307.4,13.3,D,0
-13.1296,134.2332,332.9,1,1,2014-09-03,0442,Aqua,MODIS,80,6.2,307.5,18.2,D,0
-15.3395,125.6836,325.3,4,1.9,2014-09-03,0442,Aqua,MODIS,47,6.2,307.1,80.2,D,0
-13.1258,135.3008,364.4,1,1,2014-09-03,0442,Aqua,MODIS,100,6.2,305.9,84.3,D,0
-13.1348,135.3021,332.1,1,1,2014-09-03,0442,Aqua,MODIS,55,6.2,308.6,16.5,D,0
-13.4056,135.2778,325.5,1,1,2014-09-03,0442,Aqua,MODIS,70,6.2,307.3,8.3,D,0
-13.233,135.0641,340.5,1,1,2014-09-03,0442,Aqua,MODIS,88,6.2,309,28.1,D,0
-13.1208,135.2719,330.3,1,1,2014-09-03,0442,Aqua,MODIS,63,6.2,304.7,14.9,D,0
-13.2317,135.0733,342.5,1,1,2014-09-03,0442,Aqua,MODIS,90,6.2,311.5,32.4,D,0
-12.2439,133.4723,335.2,1.1,1,2014-09-03,0442,Aqua,MODIS,78,6.2,313.3,19.7,D,0
-13.3238,135.2026,326.4,1,1,2014-09-03,0442,Aqua,MODIS,73,6.2,301.6,10.6,D,0
-11.9731,133.6272,338.8,1,1,2014-09-03,0442,Aqua,MODIS,86,6.2,305.4,30.2,D,0
-13.4185,135.2516,326.9,1,1,2014-09-03,0442,Aqua,MODIS,73,6.2,308.4,10.5,D,0
-13.1192,134.2413,378.8,1,1,2014-09-03,0442,Aqua,MODIS,100,6.2,307.6,138.4,D,0
-13.2997,135.0526,328.4,1,1,2014-09-03,0442,Aqua,MODIS,70,6.2,298.8,13.9,D,0
-12.7959,134.7151,330.2,1,1,2014-09-03,0442,Aqua,MODIS,80,6.2,306.9,13.3,D,0
-13.0628,134.3227,324.8,1,1,2014-09-03,0442,Aqua,MODIS,50,6.2,296.3,11.2,D,0
-13.31,135.0448,325.4,1,1,2014-09-03,0442,Aqua,MODIS,66,6.2,299.7,9.9,D,0
-13.283,135.0407,320.6,1,1,2014-09-03,0442,Aqua,MODIS,19,6.2,298.6,6.2,D,0
-12.5839,133.0008,333.3,1.1,1.1,2014-09-03,0442,Aqua,MODIS,76,6.2,303.3,25.3,D,0
-13.2369,135.0366,325.8,1,1,2014-09-03,0442,Aqua,MODIS,73,6.2,302.9,9.8,D,0
-12.5811,133.0211,336.4,1.1,1.1,2014-09-03,0442,Aqua,MODIS,85,6.2,306.2,28.1,D,0
-12.5825,133.0109,360.8,1.1,1.1,2014-09-03,0442,Aqua,MODIS,100,6.2,306.4,88,D,0
-13.4199,135.2425,326.7,1,1,2014-09-03,0442,Aqua,MODIS,71,6.2,306.9,10.1,D,0
-12.1857,133.4838,334.4,1.1,1,2014-09-03,0442,Aqua,MODIS,83,6.2,314.8,15.7,D,0
-12.5703,133.0299,332.1,1.1,1.1,2014-09-03,0442,Aqua,MODIS,81,6.2,307.9,20.2,D,0
-12.3246,134.079,325.2,1,1,2014-09-03,0442,Aqua,MODIS,50,6.2,292.2,13.5,D,0
-12.3402,134.0336,394.5,1,1,2014-09-03,0442,Aqua,MODIS,100,6.2,304.1,221.9,D,0
-13.2356,135.0458,324.6,1,1,2014-09-03,0442,Aqua,MODIS,56,6.2,304.1,7.9,D,0
-13.1063,134.201,322.3,1,1,2014-09-03,0442,Aqua,MODIS,33,6.2,302.9,6.8,D,0
-13.2057,141.9059,337.2,2.2,1.5,2014-09-03,0442,Aqua,MODIS,88,6.2,303.6,93.3,D,0
-13.2092,141.8855,327.1,2.2,1.4,2014-09-03,0442,Aqua,MODIS,70,6.2,303.8,50.2,D,0
-12.751,135.2231,344,1,1,2014-09-03,0442,Aqua,MODIS,92,6.2,286.5,44.4,D,0
-13.3157,141.8077,326.2,2.2,1.4,2014-09-03,0442,Aqua,MODIS,59,6.2,302.9,49.2,D,0
-12.3415,134.0242,355.3,1,1,2014-09-03,0442,Aqua,MODIS,97,6.2,293.4,69.5,D,0
-12.5717,133.0197,340.5,1.1,1.1,2014-09-03,0442,Aqua,MODIS,89,6.2,307.7,34.6,D,0
-12.5731,133.0095,357.9,1.1,1.1,2014-09-03,0442,Aqua,MODIS,99,6.2,309.2,78.3,D,0
-12.5745,132.9993,371.3,1.1,1.1,2014-09-03,0442,Aqua,MODIS,100,6.2,308.2,127.6,D,0
-12.5758,132.9895,327.9,1.1,1.1,2014-09-03,0442,Aqua,MODIS,63,6.2,300.7,18.8,D,0
-12.3129,134.0964,315.8,1,1,2014-09-03,0442,Aqua,MODIS,14,6.2,288.2,6.5,D,0
-13.3225,135.2118,325.4,1,1,2014-09-03,0442,Aqua,MODIS,69,6.2,302.4,9.5,D,0
-12.7953,136.0624,314.9,1,1,2014-09-03,0442,Aqua,MODIS,27,6.2,285.8,7.4,D,0
-13.1362,134.1861,326.2,1,1,2014-09-03,0442,Aqua,MODIS,53,6.2,305,11,D,0
-12.8209,135.4425,321.1,1,1,2014-09-03,0442,Aqua,MODIS,70,6.2,292,12.5,D,0
-12.4358,131.4555,332.8,1.4,1.2,2014-09-03,0442,Aqua,MODIS,83,6.2,306.4,30.4,D,0
-12.2452,133.4626,342.1,1.1,1,2014-09-03,0442,Aqua,MODIS,90,6.2,312.8,32.6,D,0
-12.2359,133.4613,336.7,1.1,1,2014-09-03,0442,Aqua,MODIS,85,6.2,312.1,23.9,D,0
-13.2116,134.1748,328.3,1,1,2014-09-03,0442,Aqua,MODIS,68,6.2,305.7,12.5,D,0
-13.1869,134.2192,327.5,1,1,2014-09-03,0442,Aqua,MODIS,57,6.2,304.6,11,D,0
-13.1446,135.4254,322.2,1,1,2014-09-03,0442,Aqua,MODIS,63,6.2,299.8,8.4,D,0
-12.78,135.8506,328.8,1,1,2014-09-03,0442,Aqua,MODIS,81,6.2,296.5,18,D,0
-13.3212,134.1772,326.6,1,1,2014-09-03,0442,Aqua,MODIS,25,6.2,307.3,9.3,D,0
-13.2468,135.1665,347.5,1,1,2014-09-03,0442,Aqua,MODIS,93,6.2,304.4,43.2,D,0
-13.4043,135.287,335.8,1,1,2014-09-03,0442,Aqua,MODIS,84,6.2,309.9,22.2,D,0
-13.2103,134.1842,330.2,1,1,2014-09-03,0442,Aqua,MODIS,76,6.2,307.8,14.7,D,0
-13.1375,134.1767,325.7,1,1,2014-09-03,0442,Aqua,MODIS,45,6.2,305.9,10.4,D,0
-11.9691,133.6558,328.9,1,1,2014-09-03,0442,Aqua,MODIS,67,6.2,304.6,15.8,D,0
-12.1369,133.5097,334,1.1,1,2014-09-03,0442,Aqua,MODIS,63,6.2,310.7,18.4,D,0
-13.2404,135.1468,333.5,1,1,2014-09-03,0442,Aqua,MODIS,82,6.2,303.3,20.1,D,0
-13.1283,134.2426,346.4,1,1,2014-09-03,0442,Aqua,MODIS,92,6.2,306.8,41,D,0
-13.4328,135.2163,328.3,1,1,2014-09-03,0442,Aqua,MODIS,75,6.2,303.8,14.2,D,0
-12.3467,134.0537,375.7,1,1,2014-09-03,0442,Aqua,MODIS,100,6.2,306,127.4,D,0
-12.1738,133.5018,335.6,1.1,1,2014-09-03,0442,Aqua,MODIS,68,6.2,313.3,17.1,D,0
-11.5945,131.1861,335.9,1.4,1.2,2014-09-03,0442,Aqua,MODIS,87,6.2,305,44.1,D,0
-12.4063,135.6959,312.8,1,1,2014-09-03,0442,Aqua,MODIS,26,6.2,283.8,6.2,D,0
-13.4137,135.1572,322.3,1,1,2014-09-03,0442,Aqua,MODIS,44,6.2,300.6,8.3,D,0
-13.1284,134.1754,331.5,1,1,2014-09-03,0442,Aqua,MODIS,80,6.2,306.5,17.8,D,0
-11.966,133.6196,326.9,1,1,2014-09-03,0442,Aqua,MODIS,62,6.2,298.1,13.9,D,0
-12.7856,134.723,373.7,1,1,2014-09-03,0442,Aqua,MODIS,100,6.2,308.6,114,D,0
-13.1026,135.2729,319.4,1,1,2014-09-03,0442,Aqua,MODIS,35,6.2,300.1,6.4,D,0
-13.1374,134.2439,325,1,1,2014-09-03,0442,Aqua,MODIS,44,6.2,304.4,8.3,D,0
-13.2391,135.1559,328.5,1,1,2014-09-03,0442,Aqua,MODIS,77,6.2,304.5,13.1,D,0
-12.3636,134.0657,329.9,1,1,2014-09-03,0442,Aqua,MODIS,52,6.2,298.2,17.9,D,0
-13.1364,135.5461,321.5,1,1,2014-09-03,0442,Aqua,MODIS,65,6.2,296.1,10.1,D,0
-12.3454,134.063,379.5,1,1,2014-09-03,0442,Aqua,MODIS,100,6.2,307.2,145.8,D,0
-13.3522,135.5163,323.9,1,1,2014-09-03,0442,Aqua,MODIS,68,6.2,304.8,9.7,D,0
-13.42,135.1769,329.3,1,1,2014-09-03,0442,Aqua,MODIS,70,6.2,302.8,14.9,D,0
-13.1377,135.5369,325.8,1,1,2014-09-03,0442,Aqua,MODIS,74,6.2,292.5,15.4,D,0
-12.2529,133.5428,338.3,1.1,1,2014-09-03,0442,Aqua,MODIS,79,6.2,314.4,24.2,D,0
-12.0773,134.2678,325.2,1,1,2014-09-03,0442,Aqua,MODIS,35,6.2,297.3,13.7,D,0
-12.2758,133.5615,340.2,1.1,1,2014-09-03,0442,Aqua,MODIS,88,6.2,312.1,28,D,0
-12.3441,134.0724,321.7,1,1,2014-09-03,0442,Aqua,MODIS,49,6.2,295.4,10,D,0
-12.3571,134.0456,338.5,1,1,2014-09-03,0442,Aqua,MODIS,85,6.2,300.7,32.4,D,0
-12.3558,134.055,347.6,1,1,2014-09-03,0442,Aqua,MODIS,93,6.2,301.2,46.8,D,0
-12.3545,134.0643,350.5,1,1,2014-09-03,0442,Aqua,MODIS,95,6.2,300.7,54,D,0
-13.2481,135.1573,325.8,1,1,2014-09-03,0442,Aqua,MODIS,63,6.2,301.7,9.8,D,0
-12.3675,134.0376,351.1,1,1,2014-09-03,0442,Aqua,MODIS,95,6.2,301.2,58.1,D,0
-12.3649,134.0563,343.5,1,1,2014-09-03,0442,Aqua,MODIS,82,6.2,302.3,38.8,D,0
-13.1985,134.269,329.8,1,1,2014-09-03,0442,Aqua,MODIS,62,6.2,303.2,13.9,D,0
-13.0369,134.3094,349.1,1,1,2014-09-03,0442,Aqua,MODIS,94,6.2,296.6,50.8,D,0
-11.2757,132.4294,325.2,1.2,1.1,2014-09-03,0443,Aqua,MODIS,52,6.2,295.9,17.9,D,0
-11.292,132.4531,328.8,1.1,1.1,2014-09-03,0443,Aqua,MODIS,49,6.2,298.2,20.6,D,0
-11.2839,132.4413,338.8,1.2,1.1,2014-09-03,0443,Aqua,MODIS,89,6.2,296.4,39.5,D,0
-11.2824,132.4518,335.6,1.1,1.1,2014-09-03,0443,Aqua,MODIS,74,6.2,296.6,32.9,D,0
-33.9125,115.9997,304.2,1,1,2014-09-03,0615,Aqua,MODIS,58,6.2,291.5,5.5,D,0
-33.2407,115.7519,322.4,1,1,2014-09-03,0615,Aqua,MODIS,82,6.2,293.4,19.1,D,0
-33.2391,115.7627,311.6,1,1,2014-09-03,0615,Aqua,MODIS,71,6.2,292.4,9.5,D,0
-22.0755,119.6783,328.7,2.3,1.5,2014-09-03,0618,Aqua,MODIS,69,6.2,313.1,43.6,D,0
-22.0714,119.7,326.1,2.3,1.5,2014-09-03,0618,Aqua,MODIS,57,6.2,311.9,32.5,D,0
-21.8654,119.5969,350.1,2.3,1.5,2014-09-03,0618,Aqua,MODIS,93,6.2,314.1,148.1,D,0
-21.0163,118.4073,332.9,1.9,1.4,2014-09-03,0618,Aqua,MODIS,68,6.2,315.9,32.7,D,0
-21.0041,118.4047,333.3,1.9,1.4,2014-09-03,0618,Aqua,MODIS,48,6.2,319.6,34.9,D,0
-21.6091,116.8088,338.2,1.5,1.2,2014-09-03,0618,Aqua,MODIS,82,6.2,317.5,40.5,D,0
-21.6049,116.8166,332.4,1.5,1.2,2014-09-03,0618,Aqua,MODIS,73,6.2,315.6,24.4,D,0
-21.3334,118.556,352.3,2,1.4,2014-09-03,0618,Aqua,MODIS,95,6.2,315.4,129.8,D,0
-21.3212,118.5534,337,2,1.4,2014-09-03,0618,Aqua,MODIS,81,6.2,317.5,53.8,D,0
-21.309,118.5509,338.6,2,1.4,2014-09-03,0618,Aqua,MODIS,82,6.2,316.6,57.1,D,0
-21.7152,119.4851,326.5,2.2,1.5,2014-09-03,0618,Aqua,MODIS,62,6.2,315.6,25.3,D,0
-21.8526,119.6119,338,2.3,1.5,2014-09-03,0618,Aqua,MODIS,43,6.2,313.1,66.4,D,0
-21.8255,119.539,328.7,2.3,1.5,2014-09-03,0618,Aqua,MODIS,39,6.2,315.9,30.8,D,0
-21.8125,119.5361,327.3,2.3,1.5,2014-09-03,0618,Aqua,MODIS,24,6.2,316.1,24.8,D,0
-21.7111,119.5064,352.5,2.3,1.5,2014-09-03,0618,Aqua,MODIS,95,6.2,317.7,168,D,0
-21.2737,120.0552,328.2,2.5,1.5,2014-09-03,0618,Aqua,MODIS,59,6.2,315.8,40.6,D,0
-21.2761,120.0736,339.5,2.5,1.5,2014-09-03,0618,Aqua,MODIS,85,6.2,314,102.9,D,0
-21.2689,120.0792,336.2,2.5,1.5,2014-09-03,0618,Aqua,MODIS,81,6.2,314.2,84.7,D,0
-17.906,122.6185,320,4.6,2,2014-09-03,0619,Aqua,MODIS,54,6.2,309.9,50.2,D,0
-19.1837,122.1189,334,3.9,1.8,2014-09-03,0619,Aqua,MODIS,68,6.2,313,132.1,D,0
-17.9301,122.7635,325,4.7,2,2014-09-03,0619,Aqua,MODIS,78,6.2,309.5,105.2,D,0
-17.939,122.7202,327.1,4.6,2,2014-09-03,0619,Aqua,MODIS,80,6.2,310.7,124.6,D,0
-17.9325,122.7599,325.4,4.7,2,2014-09-03,0619,Aqua,MODIS,45,6.2,309.1,95.7,D,0
-19.0541,122.3252,337.1,4.1,1.9,2014-09-03,0619,Aqua,MODIS,82,6.2,316.5,171.1,D,0
-19.0521,122.3197,333.6,4.1,1.9,2014-09-03,0619,Aqua,MODIS,80,6.2,317.1,134.2,D,0
-17.9412,122.7166,325.6,4.6,2,2014-09-03,0619,Aqua,MODIS,36,6.2,310.4,95,D,0
-19.1685,122.1934,339.9,4,1.9,2014-09-03,0619,Aqua,MODIS,90,6.2,313.8,200.9,D,0
-17.8174,122.8711,324.9,4.8,2,2014-09-03,0619,Aqua,MODIS,29,6.2,311.7,82.6,D,0
-17.8266,122.8265,328.8,4.7,2,2014-09-03,0619,Aqua,MODIS,79,6.2,314.6,126.6,D,0
-19.1985,122.0459,366.4,3.9,1.8,2014-09-03,0619,Aqua,MODIS,100,6.2,318,634.6,D,0
-19.2058,122.0097,373.7,3.9,1.8,2014-09-03,0619,Aqua,MODIS,94,6.2,317.9,803.8,D,0
-19.2044,122.0553,352.7,3.9,1.8,2014-09-03,0619,Aqua,MODIS,91,6.2,313.4,378.1,D,0
-25.3763,149.1349,302.5,1.8,1.3,2014-09-03,1225,Terra,MODIS,40,6.2,282.3,18.2,N,0
-24.779,151.4223,302.9,1.3,1.1,2014-09-03,1226,Terra,MODIS,20,6.2,279.5,11.3,N,0
-24.8065,151.4513,305.5,1.3,1.1,2014-09-03,1226,Terra,MODIS,33,6.2,281.4,12.9,N,0
-23.9029,149.3252,306,1.7,1.3,2014-09-03,1226,Terra,MODIS,58,6.2,278.3,20.6,N,0
-20.225,148.6347,300.1,1.7,1.3,2014-09-03,1227,Terra,MODIS,18,6.2,286.9,11.2,N,0
-18.4848,146.0944,300,2.5,1.5,2014-09-03,1227,Terra,MODIS,11,6.2,285.2,19.6,N,0
-20.8043,148.5465,309.6,1.7,1.3,2014-09-03,1227,Terra,MODIS,78,6.2,285.3,26.2,N,0
-14.6002,144.5485,300.4,2.8,1.6,2014-09-03,1228,Terra,MODIS,28,6.2,282.7,22.6,N,0
-14.5987,144.5414,301.7,2.8,1.6,2014-09-03,1228,Terra,MODIS,44,6.2,283.2,26.2,N,0
-14.7973,142.9814,301.4,3.8,1.8,2014-09-03,1228,Terra,MODIS,41,6.2,290.2,30.8,N,0
-14.7773,143.0149,326.4,3.8,1.8,2014-09-03,1228,Terra,MODIS,100,6.2,292,166.8,N,0
-14.7936,143.0166,331.8,3.8,1.8,2014-09-03,1228,Terra,MODIS,100,6.2,293.4,212.3,N,0
-14.8099,143.0183,320.4,3.8,1.8,2014-09-03,1228,Terra,MODIS,100,6.2,292,120.2,N,0
-14.8616,142.8448,302.9,3.9,1.8,2014-09-03,1228,Terra,MODIS,16,6.2,289.1,36.1,N,0
-14.9005,142.8538,309.9,3.9,1.8,2014-09-03,1228,Terra,MODIS,79,6.2,290.7,67.6,N,0
-14.8781,142.8464,329.4,3.9,1.8,2014-09-03,1228,Terra,MODIS,100,6.2,291.6,196.5,N,0
-14.7869,143.0091,329.2,3.8,1.8,2014-09-03,1228,Terra,MODIS,100,6.2,293.1,185.2,N,0
-14.8383,142.5821,314.3,4.1,1.9,2014-09-03,1228,Terra,MODIS,89,6.2,289.7,103,N,0
-14.846,143.062,303.5,3.7,1.8,2014-09-03,1228,Terra,MODIS,56,6.2,291.2,35.3,N,0
-14.8839,142.852,330.6,3.9,1.8,2014-09-03,1228,Terra,MODIS,100,6.2,291.8,211.1,N,0
-14.8674,142.8504,312.8,3.9,1.8,2014-09-03,1228,Terra,MODIS,86,6.2,290.1,80.5,N,0
-14.871,142.8141,310.1,3.9,1.8,2014-09-03,1228,Terra,MODIS,68,6.2,288.8,66.3,N,0
-14.8947,142.8481,319.7,3.9,1.8,2014-09-03,1228,Terra,MODIS,85,6.2,291,118.7,N,0
-14.79,143.0516,328.6,3.7,1.8,2014-09-03,1228,Terra,MODIS,100,6.2,293.3,182.1,N,0
-14.8063,143.0531,310.6,3.7,1.8,2014-09-03,1228,Terra,MODIS,79,6.2,291.8,63,N,0
-14.7864,143.0859,301.4,3.7,1.8,2014-09-03,1228,Terra,MODIS,41,6.2,290.6,29.3,N,0
-14.783,143.0441,331.9,3.7,1.8,2014-09-03,1228,Terra,MODIS,100,6.2,293.3,208.7,N,0
-14.7792,143.0786,304.7,3.7,1.8,2014-09-03,1228,Terra,MODIS,37,6.2,291,39.3,N,0
-14.7737,143.0499,318.8,3.7,1.8,2014-09-03,1228,Terra,MODIS,97,6.2,291.7,111.6,N,0
-15.5372,144.928,300.7,2.7,1.6,2014-09-03,1228,Terra,MODIS,31,6.2,289,19.9,N,0
-15.526,144.9327,305.5,2.7,1.6,2014-09-03,1228,Terra,MODIS,65,6.2,289,31.3,N,0
-21.2278,125.8244,304.7,1.3,1.1,2014-09-03,1405,Terra,MODIS,44,6.2,287.3,11.2,N,0
-21.2188,125.8297,308.1,1.3,1.1,2014-09-03,1405,Terra,MODIS,66,6.2,287.4,14.1,N,0
-21.2203,125.8172,311.3,1.3,1.1,2014-09-03,1405,Terra,MODIS,82,6.2,287.9,17.4,N,0
-19.0771,122.3776,301,2.1,1.4,2014-09-03,1406,Terra,MODIS,31,6.2,289.9,14.6,N,0
-19.6562,127.1395,307.4,1.1,1,2014-09-03,1406,Terra,MODIS,71,6.2,288,11.1,N,0
-19.6576,127.1292,303.7,1.1,1,2014-09-03,1406,Terra,MODIS,56,6.2,287.4,8.5,N,0
-19.6469,127.138,317.4,1.1,1,2014-09-03,1406,Terra,MODIS,95,6.2,288.1,18.9,N,0
-19.6482,127.1277,316.2,1.1,1,2014-09-03,1406,Terra,MODIS,93,6.2,287.5,17.8,N,0
-19.1189,121.9994,304.8,2.2,1.5,2014-09-03,1406,Terra,MODIS,62,6.2,288.3,25.3,N,0
-16.8594,135.2262,312.6,2.3,1.5,2014-09-03,1406,Terra,MODIS,48,6.2,289.9,35.5,N,0
-16.9826,135.2779,300.3,2.3,1.5,2014-09-03,1406,Terra,MODIS,5,6.2,289.1,13.1,N,0
-16.9565,135.2729,302,2.3,1.5,2014-09-03,1406,Terra,MODIS,7,6.2,289.2,15.5,N,0
-16.8497,135.2177,308.9,2.3,1.5,2014-09-03,1406,Terra,MODIS,45,6.2,289.4,28.6,N,0
-16.8367,135.2151,312.5,2.3,1.5,2014-09-03,1406,Terra,MODIS,45,6.2,290.6,36.7,N,0
-16.8464,135.2237,307.2,2.3,1.5,2014-09-03,1406,Terra,MODIS,19,6.2,289.6,23.8,N,0
-17.0537,135.3207,307.5,2.3,1.5,2014-09-03,1406,Terra,MODIS,72,6.2,288.5,28.5,N,0
-17.08,135.3253,305.3,2.3,1.5,2014-09-03,1406,Terra,MODIS,55,6.2,288.5,24.8,N,0
-17.0668,135.323,316.3,2.3,1.5,2014-09-03,1406,Terra,MODIS,93,6.2,289.9,49.8,N,0
-21.0447,119.745,309,3.5,1.8,2014-09-03,1406,Terra,MODIS,76,6.2,293.7,48.1,N,0
-21.0359,119.7386,311.7,3.5,1.8,2014-09-03,1406,Terra,MODIS,83,6.2,293.5,62.4,N,0
-21.039,119.7053,305.9,3.5,1.8,2014-09-03,1406,Terra,MODIS,66,6.2,294.5,38.8,N,0
-21.0476,119.7114,309.4,3.5,1.8,2014-09-03,1406,Terra,MODIS,77,6.2,294.9,51.2,N,0
-18.1158,123.7673,307,1.6,1.2,2014-09-03,1406,Terra,MODIS,31,6.2,294.6,12.7,N,0
-18.1176,123.7521,309.3,1.6,1.3,2014-09-03,1406,Terra,MODIS,18,6.2,294.2,15.2,N,0
-18.1194,123.7368,311,1.6,1.3,2014-09-03,1406,Terra,MODIS,34,6.2,293.8,17.8,N,0
-18.1852,123.6671,318.8,1.6,1.3,2014-09-03,1406,Terra,MODIS,97,6.2,292.7,34.3,N,0
-16.8528,134.8996,307.7,2.1,1.4,2014-09-03,1406,Terra,MODIS,47,6.2,285.8,27.6,N,0
-16.8563,134.8797,305.2,2.1,1.4,2014-09-03,1406,Terra,MODIS,26,6.2,284,23.1,N,0
-16.84,134.8971,309.9,2.1,1.4,2014-09-03,1406,Terra,MODIS,33,6.2,286.3,31.9,N,0
-16.8436,134.8772,314.8,2.1,1.4,2014-09-03,1406,Terra,MODIS,67,6.2,284.9,43.4,N,0
-16.841,134.8918,320.8,2.1,1.4,2014-09-03,1406,Terra,MODIS,86,6.2,286.6,58.5,N,0
-18.187,123.6516,309.4,1.6,1.3,2014-09-03,1406,Terra,MODIS,49,6.2,291.3,19,N,0
-18.1757,123.6502,306.1,1.6,1.3,2014-09-03,1406,Terra,MODIS,17,6.2,291.7,14.3,N,0
-16.9535,134.9258,304.5,2.1,1.4,2014-09-03,1406,Terra,MODIS,60,6.2,288.9,20.6,N,0
-16.9408,134.9234,321.6,2.1,1.4,2014-09-03,1406,Terra,MODIS,100,6.2,289.5,60.5,N,0
-16.9281,134.9209,317.6,2.1,1.4,2014-09-03,1406,Terra,MODIS,95,6.2,289.4,49.3,N,0
-16.9257,134.9346,306.2,2.2,1.4,2014-09-03,1406,Terra,MODIS,67,6.2,288.6,23.3,N,0
-16.9291,134.9146,309.8,2.1,1.4,2014-09-03,1406,Terra,MODIS,78,6.2,288.7,31.2,N,0
-18.09,129.8401,312.8,1,1,2014-09-03,1406,Terra,MODIS,86,6.2,290,13.1,N,0
-18.0914,129.8303,322.1,1,1,2014-09-03,1406,Terra,MODIS,100,6.2,290.1,21.9,N,0
-19.6096,127.0588,326.2,1.1,1,2014-09-03,1406,Terra,MODIS,100,6.2,289.3,29.9,N,0
-19.6581,127.4569,301.8,1.1,1,2014-09-03,1406,Terra,MODIS,38,6.2,289.8,5.9,N,0
-20.2301,127.7855,302.6,1,1,2014-09-03,1406,Terra,MODIS,50,6.2,289.2,6.4,N,0
-17.7875,127.7174,307.8,1,1,2014-09-03,1406,Terra,MODIS,68,6.2,291.2,8.1,N,0
-17.7862,127.727,311.4,1,1,2014-09-03,1406,Terra,MODIS,83,6.2,292.6,10.7,N,0
-17.7939,127.7379,306.5,1,1,2014-09-03,1406,Terra,MODIS,65,6.2,292.2,7.6,N,0
-19.5706,127.3555,306.9,1.1,1,2014-09-03,1406,Terra,MODIS,70,6.2,289.8,9,N,0
-19.5785,127.367,303,1.1,1,2014-09-03,1406,Terra,MODIS,15,6.2,290,6.1,N,0
-19.1863,130.7379,318.7,1.1,1,2014-09-03,1406,Terra,MODIS,97,6.2,289.1,21.5,N,0
-20.2616,127.7457,305.4,1,1,2014-09-03,1406,Terra,MODIS,64,6.2,292.6,6.8,N,0
-20.263,127.7357,308.9,1,1,2014-09-03,1406,Terra,MODIS,76,6.2,292.5,9.4,N,0
-19.64,127.1894,302.6,1.1,1,2014-09-03,1406,Terra,MODIS,50,6.2,289.5,7.5,N,0
-18.0991,129.8416,304.9,1,1,2014-09-03,1406,Terra,MODIS,62,6.2,291.5,7.8,N,0
-21.2694,120.0875,332.9,3.3,1.7,2014-09-03,1406,Terra,MODIS,100,6.2,287.1,192.7,N,0
-21.2586,120.0796,310.2,3.3,1.7,2014-09-03,1406,Terra,MODIS,79,6.2,281.2,60.6,N,0
-21.2666,120.1198,321.7,3.3,1.7,2014-09-03,1406,Terra,MODIS,100,6.2,289.3,115.9,N,0
-21.2401,120.1105,303.6,3.3,1.7,2014-09-03,1406,Terra,MODIS,56,6.2,287.2,39.5,N,0
-21.2712,120.1136,320.3,3.3,1.7,2014-09-03,1406,Terra,MODIS,100,6.2,289.5,108.8,N,0
-21.2742,120.0813,318.4,3.3,1.7,2014-09-03,1406,Terra,MODIS,97,6.2,285.7,99.5,N,0
-21.2557,120.112,311.3,3.3,1.7,2014-09-03,1406,Terra,MODIS,82,6.2,286.8,65.1,N,0
-21.285,120.0891,304.9,3.3,1.7,2014-09-03,1406,Terra,MODIS,62,6.2,286.9,43.4,N,0
-15.5015,133.0549,300.3,1.7,1.3,2014-09-03,1407,Terra,MODIS,9,6.2,288.5,8.8,N,0
-14.1503,132.2379,301.9,1.5,1.2,2014-09-03,1407,Terra,MODIS,45,6.2,279,11.4,N,0
-15.258,125.7355,302.9,1.1,1.1,2014-09-03,1407,Terra,MODIS,52,6.2,289.8,6.7,N,0
-12.6411,132.2535,304.9,1.6,1.3,2014-09-03,1407,Terra,MODIS,62,6.2,281.8,16.7,N,0
-15.6286,130.3559,324.6,1.1,1.1,2014-09-03,1407,Terra,MODIS,100,6.2,295.8,25.8,N,0
-15.6302,130.3454,332.5,1.1,1.1,2014-09-03,1407,Terra,MODIS,100,6.2,296.7,37.3,N,0
-15.6207,130.3438,314.1,1.1,1.1,2014-09-03,1407,Terra,MODIS,89,6.2,295.8,13.6,N,0
-15.6223,130.3333,310.7,1.1,1.1,2014-09-03,1407,Terra,MODIS,75,6.2,295.5,10.6,N,0
-15.6128,130.3318,324.6,1.1,1.1,2014-09-03,1407,Terra,MODIS,100,6.2,296.1,26.8,N,0
-13.2185,134.1684,304.8,2.2,1.4,2014-09-03,1407,Terra,MODIS,62,6.2,285.6,24.2,N,0
-15.6588,130.3782,311.9,1.1,1.1,2014-09-03,1407,Terra,MODIS,84,6.2,295.9,11.6,N,0
-15.6382,130.3575,306.5,1.1,1.1,2014-09-03,1407,Terra,MODIS,68,6.2,295.4,7.6,N,0
-16.5494,123.9886,314.9,1.5,1.2,2014-09-03,1407,Terra,MODIS,72,6.2,296.3,20.5,N,0
-16.1875,128.2486,305.9,1,1,2014-09-03,1407,Terra,MODIS,66,6.2,291.3,6.1,N,0
-16.5602,123.9897,311.1,1.5,1.2,2014-09-03,1407,Terra,MODIS,74,6.2,296.1,16.3,N,0
-16.7379,123.9402,305.2,1.5,1.2,2014-09-03,1407,Terra,MODIS,45,6.2,295,9.3,N,0
-16.5294,123.9718,308.1,1.5,1.2,2014-09-03,1407,Terra,MODIS,15,6.2,295.6,10.8,N,0
-16.527,123.9649,308.9,1.5,1.2,2014-09-03,1407,Terra,MODIS,25,6.2,295.2,12,N,0
-14.8632,134.765,312.1,2.3,1.5,2014-09-03,1407,Terra,MODIS,84,6.2,289,40.4,N,0
-14.3156,133.7455,313.4,2,1.4,2014-09-03,1407,Terra,MODIS,87,6.2,292.2,33.1,N,0
-12.7125,132.7267,309.9,1.8,1.3,2014-09-03,1407,Terra,MODIS,79,6.2,290.2,23,N,0
-12.7296,132.2746,301.3,1.6,1.3,2014-09-03,1407,Terra,MODIS,39,6.2,285.8,11.3,N,0
-14.3187,133.7274,314.6,2,1.4,2014-09-03,1407,Terra,MODIS,90,6.2,290.9,35.1,N,0
-14.3034,133.7428,307,2,1.4,2014-09-03,1407,Terra,MODIS,70,6.2,292.8,22.1,N,0
-15.2571,125.5952,306.5,1.1,1.1,2014-09-03,1407,Terra,MODIS,55,6.2,295,6.4,N,0
-11.5487,130.3506,309.3,1.3,1.1,2014-09-03,1408,Terra,MODIS,22,6.2,291.1,11.6,N,0
-11.5405,130.3373,304.6,1.3,1.1,2014-09-03,1408,Terra,MODIS,22,6.2,290.5,7.8,N,0
-11.5387,130.349,309.6,1.3,1.1,2014-09-03,1408,Terra,MODIS,69,6.2,290,12.5,N,0
-14.902,144.9387,304.3,1.3,1.1,2014-09-03,1532,Aqua,MODIS,43,6.2,290.6,8.9,N,0
-15.5616,145.2768,302,1.2,1.1,2014-09-03,1533,Aqua,MODIS,46,6.2,291.3,5.7,N,0
-14.784,143.0677,303.7,1.8,1.3,2014-09-03,1533,Aqua,MODIS,56,6.2,285.9,16.2,N,0
-20.2208,148.65,300.4,1,1,2014-09-03,1534,Aqua,MODIS,26,6.2,287.4,6,N,0
-20.7953,148.5596,305.6,1,1,2014-09-03,1534,Aqua,MODIS,65,6.2,282.7,9.7,N,0
-24.7756,151.4285,304.2,1.6,1.3,2014-09-03,1535,Aqua,MODIS,28,6.2,282.8,16.3,N,0
-23.5106,150.5323,330.3,1.4,1.2,2014-09-03,1535,Aqua,MODIS,100,6.2,284.6,53.8,N,0
-24.7605,151.3971,301.2,1.6,1.3,2014-09-03,1535,Aqua,MODIS,17,6.2,281.8,13.8,N,0
-12.706,132.77,309.4,3.1,1.7,2014-09-03,1710,Aqua,MODIS,77,6.2,278.4,62.7,N,0
-12.7076,132.7749,313.6,3.1,1.7,2014-09-03,1710,Aqua,MODIS,87,6.2,277.6,74.7,N,0
-15.2508,125.7441,304.1,1.1,1,2014-09-03,1711,Aqua,MODIS,58,6.2,284,8.8,N,0
-19.6465,127.1279,308.2,1.5,1.2,2014-09-03,1712,Aqua,MODIS,74,6.2,285.5,19.6,N,0
-19.6483,127.1421,310.9,1.5,1.2,2014-09-03,1712,Aqua,MODIS,81,6.2,286.2,23.2,N,0
-18.1219,123.7509,304.2,1,1,2014-09-03,1712,Aqua,MODIS,56,6.2,290.9,6.6,N,0
-18.0529,123.7868,309.4,1,1,2014-09-03,1712,Aqua,MODIS,77,6.2,293,9.3,N,0
-18.062,123.7854,322.1,1,1,2014-09-03,1712,Aqua,MODIS,100,6.2,294.5,20.2,N,0
-18.1638,123.657,327.8,1,1,2014-09-03,1712,Aqua,MODIS,77,6.2,290.5,26.2,N,0
-18.1652,123.6665,323.6,1,1,2014-09-03,1712,Aqua,MODIS,59,6.2,290.3,21.1,N,0
-18.1729,123.6556,349.8,1,1,2014-09-03,1712,Aqua,MODIS,100,6.2,295.2,62.8,N,0
-18.1742,123.6651,358.7,1,1,2014-09-03,1712,Aqua,MODIS,100,6.2,296.3,83.4,N,0
-18.1819,123.6542,327.2,1,1,2014-09-03,1712,Aqua,MODIS,100,6.2,289.5,26.6,N,0
-18.1833,123.6637,308.2,1,1,2014-09-03,1712,Aqua,MODIS,19,6.2,288.5,9.1,N,0
-18.1846,123.6732,304.9,1,1,2014-09-03,1712,Aqua,MODIS,62,6.2,287,8.1,N,0
-19.5737,127.3647,300.2,1.5,1.2,2014-09-03,1712,Aqua,MODIS,21,6.2,287.8,10.7,N,0
-19.6287,127.0726,305.1,1.5,1.2,2014-09-03,1712,Aqua,MODIS,36,6.2,285.2,14.3,N,0
-17.78,127.7214,300.7,1.5,1.2,2014-09-03,1712,Aqua,MODIS,24,6.2,289.2,9.8,N,0
-17.7818,127.7359,304.7,1.6,1.2,2014-09-03,1712,Aqua,MODIS,61,6.2,291.1,14.1,N,0
-16.5224,124.0107,305.3,1,1,2014-09-03,1712,Aqua,MODIS,64,6.2,290.7,7.2,N,0
-16.5246,123.9624,302.1,1,1,2014-09-03,1712,Aqua,MODIS,39,6.2,290.7,4.3,N,0
-16.526,123.9717,314.3,1,1,2014-09-03,1712,Aqua,MODIS,89,6.2,294.1,12.4,N,0
-22.0669,119.7131,306.1,1.1,1.1,2014-09-03,1713,Aqua,MODIS,67,6.2,286,10.4,N,0
-22.0651,119.7021,307.3,1.1,1.1,2014-09-03,1713,Aqua,MODIS,71,6.2,286.4,11.4,N,0
-21.0436,119.7186,305.9,1.2,1.1,2014-09-03,1713,Aqua,MODIS,66,6.2,292.9,8.2,N,0
-21.0454,119.7298,304.1,1.2,1.1,2014-09-03,1713,Aqua,MODIS,58,6.2,292,7.2,N,0
-21.828,119.6219,302,1.2,1.1,2014-09-03,1713,Aqua,MODIS,46,6.2,289.1,7.1,N,0
-20.2441,127.7328,306.1,1.7,1.3,2014-09-03,1713,Aqua,MODIS,67,6.2,289.2,16.7,N,0
-23.6087,124.7787,389.5,1.2,1.1,2014-09-03,1714,Aqua,MODIS,100,6.2,297.6,260.8,N,0
-23.6117,124.8025,306.8,1.2,1.1,2014-09-03,1714,Aqua,MODIS,69,6.2,288.9,11,N,0
-23.6102,124.7906,390.1,1.2,1.1,2014-09-03,1714,Aqua,MODIS,100,6.2,299.8,265.8,N,0
-28.1298,151.4699,337.8,3.8,1.8,2014-09-03,2323,Terra,MODIS,91,6.2,291.5,281.5,D,0
-28.1166,151.4405,310.6,3.8,1.8,2014-09-03,2323,Terra,MODIS,70,6.2,288.7,72,D,0
-28.1253,151.4786,332.7,3.8,1.8,2014-09-03,2323,Terra,MODIS,88,6.2,291.6,228.3,D,0
-12.629,142.6709,323.3,1.1,1,2014-09-04,0057,Terra,MODIS,12,6.2,308.7,9.1,D,0
-11.8149,142.4521,324.3,1,1,2014-09-04,0057,Terra,MODIS,50,6.2,300.3,12.3,D,0
-12.5869,142.4438,321.6,1,1,2014-09-04,0057,Terra,MODIS,48,6.2,304.7,7.3,D,0
-11.8254,142.4601,327.3,1,1,2014-09-04,0057,Terra,MODIS,60,6.2,300,16.3,D,0
-11.8267,142.4694,324.7,1,1,2014-09-04,0057,Terra,MODIS,41,6.2,299.8,13.1,D,0
-11.9064,142.6433,322.8,1,1,2014-09-04,0057,Terra,MODIS,30,6.2,299.7,11.7,D,0
-12.0252,136.4497,323.5,1.7,1.3,2014-09-04,0057,Terra,MODIS,56,6.2,307.4,24.2,D,0
-11.2851,132.4693,317.4,3.5,1.8,2014-09-04,0057,Terra,MODIS,0,6.2,300.8,45.8,D,0
-11.905,142.6339,330.9,1,1,2014-09-04,0057,Terra,MODIS,70,6.2,301.8,20.4,D,0
-12.0759,135.638,311.1,1.9,1.4,2014-09-04,0057,Terra,MODIS,35,6.2,294.6,12.9,D,0
-12.5961,142.4425,319.7,1,1,2014-09-04,0057,Terra,MODIS,34,6.2,304.1,6,D,0
-12.5924,142.4817,324.5,1,1,2014-09-04,0057,Terra,MODIS,71,6.2,304.1,12.1,D,0
-12.6304,142.6805,325.8,1.1,1,2014-09-04,0057,Terra,MODIS,59,6.2,306.5,12.2,D,0
-12.0453,136.4395,344.9,1.7,1.3,2014-09-04,0057,Terra,MODIS,93,6.2,308.7,87.3,D,0
-11.7695,133.1178,317,3,1.7,2014-09-04,0057,Terra,MODIS,49,6.2,305.1,31.3,D,0
-13.0048,141.9631,335.5,1,1,2014-09-04,0057,Terra,MODIS,85,6.2,308.9,21.3,D,0
-12.048,136.4457,335.1,1.7,1.3,2014-09-04,0057,Terra,MODIS,87,6.2,306.9,52.4,D,0
-13.1271,141.6648,325.3,1,1,2014-09-04,0057,Terra,MODIS,62,6.2,303.8,13.8,D,0
-12.034,136.4415,326.8,1.7,1.3,2014-09-04,0057,Terra,MODIS,57,6.2,307.7,29.6,D,0
-12.0366,136.4478,338.6,1.7,1.3,2014-09-04,0057,Terra,MODIS,89,6.2,307.3,63.8,D,0
-13.0125,141.9525,331.2,1,1,2014-09-04,0057,Terra,MODIS,81,6.2,307.7,15.9,D,0
-12.1893,135.2905,313.9,2,1.4,2014-09-04,0057,Terra,MODIS,21,6.2,296.1,16.1,D,0
-13.0111,141.9432,322.8,1,1,2014-09-04,0057,Terra,MODIS,44,6.2,307.7,6,D,0
-11.7965,142.3881,336.2,1,1,2014-09-04,0057,Terra,MODIS,86,6.2,306.1,29.7,D,0
-11.8069,142.3961,338.6,1,1,2014-09-04,0057,Terra,MODIS,88,6.2,304.3,33,D,0
-12.223,143.0467,334.8,1.1,1,2014-09-04,0057,Terra,MODIS,85,6.2,292.1,32,D,0
-12.6466,142.0312,327.3,1,1,2014-09-04,0057,Terra,MODIS,77,6.2,311.8,12.3,D,0
-12.2216,143.037,336,1.1,1,2014-09-04,0057,Terra,MODIS,77,6.2,294.8,32.9,D,0
-12.2283,134.1481,315.3,2.5,1.5,2014-09-04,0057,Terra,MODIS,35,6.2,303.2,18.9,D,0
-12.9864,141.9624,325.3,1,1,2014-09-04,0057,Terra,MODIS,45,6.2,310.4,8.3,D,0
-11.8055,142.3868,374.4,1,1,2014-09-04,0057,Terra,MODIS,100,6.2,306.1,127,D,0
-11.8082,142.4054,328.1,1,1,2014-09-04,0057,Terra,MODIS,78,6.2,303.5,17.7,D,0
-11.7951,142.3788,334.3,1,1,2014-09-04,0057,Terra,MODIS,85,6.2,304.1,26.9,D,0
-11.8042,142.3775,367.7,1,1,2014-09-04,0057,Terra,MODIS,100,6.2,303,103.7,D,0
-12.4089,136.4772,328.1,1.6,1.3,2014-09-04,0057,Terra,MODIS,79,6.2,304.7,37.4,D,0
-12.4063,136.462,331.6,1.6,1.3,2014-09-04,0057,Terra,MODIS,83,6.2,305.3,46.8,D,0
-12.4084,136.4686,340.8,1.6,1.3,2014-09-04,0057,Terra,MODIS,90,6.2,305.7,75.6,D,0
-12.1316,134.2482,316.5,2.5,1.5,2014-09-04,0057,Terra,MODIS,59,6.2,302.7,29,D,0
-12.1293,134.2657,318.5,2.4,1.5,2014-09-04,0057,Terra,MODIS,64,6.2,301.2,34,D,0
-12.1253,134.2433,326,2.5,1.5,2014-09-04,0057,Terra,MODIS,76,6.2,303.2,63.7,D,0
-12.1181,134.2507,325.5,2.5,1.5,2014-09-04,0057,Terra,MODIS,76,6.2,302.6,61.1,D,0
-13.3131,141.8041,331.7,1,1,2014-09-04,0057,Terra,MODIS,81,6.2,307.7,19.3,D,0
-12.1073,133.4831,323.1,2.8,1.6,2014-09-04,0057,Terra,MODIS,53,6.2,308.4,37.3,D,0
-12.1136,133.5016,323.9,2.8,1.6,2014-09-04,0057,Terra,MODIS,72,6.2,306.7,47.3,D,0
-13.1778,141.8874,323.2,1,1,2014-09-04,0057,Terra,MODIS,57,6.2,307.5,10.1,D,0
-12.6376,132.2492,326.8,3.4,1.7,2014-09-04,0058,Terra,MODIS,77,6.2,305.1,99.6,D,0
-12.5312,132.0802,316.1,3.5,1.8,2014-09-04,0058,Terra,MODIS,40,6.2,304.1,41.2,D,0
-15.9329,137.0635,328.2,1.3,1.1,2014-09-04,0058,Terra,MODIS,0,6.2,296.9,29.2,D,0
-16.4956,136.991,323.9,1.3,1.1,2014-09-04,0058,Terra,MODIS,68,6.2,310.2,10.6,D,0
-13.1403,135.3225,349.1,1.9,1.4,2014-09-04,0058,Terra,MODIS,94,6.2,306.6,132.8,D,0
-16.8599,141.3341,329.1,1,1,2014-09-04,0058,Terra,MODIS,76,6.2,307,18.7,D,0
-12.7777,135.8394,322.6,1.8,1.3,2014-09-04,0058,Terra,MODIS,39,6.2,305,22.4,D,0
-13.3865,135.1236,319.3,2,1.4,2014-09-04,0058,Terra,MODIS,62,6.2,306.6,19.8,D,0
-13.1373,135.3047,321.3,2,1.4,2014-09-04,0058,Terra,MODIS,50,6.2,307.5,20.5,D,0
-14.7313,142.0695,326.8,1,1,2014-09-04,0058,Terra,MODIS,72,6.2,310.5,11.6,D,0
-14.7391,142.0586,340.3,1,1,2014-09-04,0058,Terra,MODIS,88,6.2,312,30.7,D,0
-14.7377,142.049,337.3,1,1,2014-09-04,0058,Terra,MODIS,86,6.2,309.4,25.9,D,0
-14.7286,132.0437,315.8,3.2,1.7,2014-09-04,0058,Terra,MODIS,57,6.2,303.1,32.4,D,0
-13.2434,135.0677,322.5,2,1.4,2014-09-04,0058,Terra,MODIS,61,6.2,306.4,23.5,D,0
-14.79,143.0002,324.8,1.1,1.1,2014-09-04,0058,Terra,MODIS,71,6.2,304.7,11.7,D,0
-14.7791,142.9913,342.5,1.1,1.1,2014-09-04,0058,Terra,MODIS,90,6.2,303.7,42.5,D,0
-14.7805,143.0016,353.1,1.1,1.1,2014-09-04,0058,Terra,MODIS,96,6.2,307.4,67.1,D,0
-14.7981,143.0249,328.6,1.1,1.1,2014-09-04,0058,Terra,MODIS,78,6.2,306.8,17.1,D,0
-12.5752,133.0034,323.8,3,1.6,2014-09-04,0058,Terra,MODIS,70,6.2,307.6,60.6,D,0
-13.2402,135.049,320.9,2,1.4,2014-09-04,0058,Terra,MODIS,64,6.2,308.3,18.1,D,0
-12.6279,132.2581,314.5,3.4,1.7,2014-09-04,0058,Terra,MODIS,45,6.2,303.3,32,D,0
-12.7611,134.7084,318.6,2.2,1.4,2014-09-04,0058,Terra,MODIS,54,6.2,305.3,24.6,D,0
-13.1463,135.3328,325.7,1.9,1.4,2014-09-04,0058,Terra,MODIS,76,6.2,304.1,37.5,D,0
-13.1432,135.3151,346.3,1.9,1.4,2014-09-04,0058,Terra,MODIS,93,6.2,308.4,118,D,0
-16.4209,136.6062,324.3,1.4,1.2,2014-09-04,0058,Terra,MODIS,27,6.2,310.1,14.8,D,0
-16.4188,136.5934,330.3,1.4,1.2,2014-09-04,0058,Terra,MODIS,75,6.2,309.9,26.7,D,0
-14.8892,142.879,325.5,1.1,1.1,2014-09-04,0058,Terra,MODIS,62,6.2,304.3,14.5,D,0
-14.8794,142.8073,327.7,1.1,1,2014-09-04,0058,Terra,MODIS,70,6.2,291,20.8,D,0
-14.8798,142.8804,332.1,1.1,1.1,2014-09-04,0058,Terra,MODIS,82,6.2,303.5,24.2,D,0
-16.3781,136.6461,325.2,1.4,1.2,2014-09-04,0058,Terra,MODIS,52,6.2,309.6,15.9,D,0
-15.4762,134.8027,318.5,1.9,1.4,2014-09-04,0058,Terra,MODIS,52,6.2,308.2,15.6,D,0
-14.8836,142.838,341.9,1.1,1.1,2014-09-04,0058,Terra,MODIS,90,6.2,302.6,41,D,0
-14.8822,142.8277,331.7,1.1,1,2014-09-04,0058,Terra,MODIS,62,6.2,299,22.9,D,0
-12.5744,132.9968,320.1,3,1.6,2014-09-04,0058,Terra,MODIS,63,6.2,306.4,45,D,0
-14.8501,142.595,316.5,1.1,1,2014-09-04,0058,Terra,MODIS,27,6.2,302.2,5.4,D,0
-14.8888,142.8059,320.2,1.1,1,2014-09-04,0058,Terra,MODIS,55,6.2,289.4,11.6,D,0
-12.5798,133.0303,327.5,3,1.6,2014-09-04,0058,Terra,MODIS,78,6.2,307.5,80.6,D,0
-14.8299,142.9043,324,1.1,1.1,2014-09-04,0058,Terra,MODIS,72,6.2,303.2,14.9,D,0
-16.8513,141.3322,327.3,1,1,2014-09-04,0058,Terra,MODIS,74,6.2,308.9,15.8,D,0
-13.5311,133.3048,316.8,2.7,1.6,2014-09-04,0058,Terra,MODIS,55,6.2,306.6,22.8,D,0
-12.7593,134.7024,315.2,2.2,1.4,2014-09-04,0058,Terra,MODIS,29,6.2,304.4,15.8,D,0
-12.5792,133.0234,328.9,3,1.6,2014-09-04,0058,Terra,MODIS,80,6.2,308.2,92.7,D,0
-16.85,141.3226,321.7,1,1,2014-09-04,0058,Terra,MODIS,58,6.2,307.3,9.1,D,0
-13.3833,135.1054,325,2,1.4,2014-09-04,0058,Terra,MODIS,75,6.2,305.9,36.8,D,0
-13.3811,135.1119,325.8,2,1.4,2014-09-04,0058,Terra,MODIS,76,6.2,306.4,37,D,0
-14.8945,142.8469,327.9,1.1,1.1,2014-09-04,0058,Terra,MODIS,70,6.2,299.5,16.8,D,0
-16.5215,139.4139,342,1,1,2014-09-04,0058,Terra,MODIS,91,6.2,307.6,38,D,0
-16.5291,139.4029,323.4,1,1,2014-09-04,0058,Terra,MODIS,76,6.2,306.7,12.6,D,0
-16.5306,139.4125,322,1,1,2014-09-04,0058,Terra,MODIS,75,6.2,307.7,10.6,D,0
-14.8973,142.8674,325.4,1.1,1.1,2014-09-04,0058,Terra,MODIS,50,6.2,303.2,13.7,D,0
-14.8987,142.8777,328.1,1.1,1.1,2014-09-04,0058,Terra,MODIS,77,6.2,301.5,18.6,D,0
-12.775,135.8509,322.7,1.8,1.3,2014-09-04,0058,Terra,MODIS,56,6.2,307.3,24,D,0
-12.7867,135.8488,321.2,1.8,1.3,2014-09-04,0058,Terra,MODIS,42,6.2,304.1,21.5,D,0
-12.7805,135.8559,329.6,1.8,1.3,2014-09-04,0058,Terra,MODIS,80,6.2,306.4,39.9,D,0
-14.7907,143.0744,331.4,1.1,1.1,2014-09-04,0058,Terra,MODIS,64,6.2,306.5,22.2,D,0
-14.8104,143.0444,324.1,1.1,1.1,2014-09-04,0058,Terra,MODIS,47,6.2,307,11.6,D,0
-16.0499,137.0868,323.4,1.3,1.1,2014-09-04,0058,Terra,MODIS,44,6.2,307.8,10.8,D,0
-15.4156,135.1631,327.5,1.8,1.3,2014-09-04,0058,Terra,MODIS,77,6.2,308.9,32.1,D,0
-13.8241,136.6795,323,1.5,1.2,2014-09-04,0058,Terra,MODIS,71,6.2,304.9,20.8,D,0
-13.718,136.6614,320.7,1.5,1.2,2014-09-04,0058,Terra,MODIS,69,6.2,304.2,18.9,D,0
-13.7203,136.6753,316.1,1.5,1.2,2014-09-04,0058,Terra,MODIS,47,6.2,303.5,11.9,D,0
-14.7231,132.0141,314.7,3.2,1.7,2014-09-04,0058,Terra,MODIS,47,6.2,302.6,27.9,D,0
-15.5614,144.954,328.5,1.5,1.2,2014-09-04,0058,Terra,MODIS,76,6.2,302.1,35.3,D,0
-15.5505,144.9556,320.5,1.5,1.2,2014-09-04,0058,Terra,MODIS,49,6.2,303.1,18.6,D,0
-15.5271,144.9449,326.4,1.5,1.2,2014-09-04,0058,Terra,MODIS,53,6.2,304,27.3,D,0
-15.5072,144.962,317.6,1.5,1.2,2014-09-04,0058,Terra,MODIS,23,6.2,303.1,11.9,D,0
-15.5032,144.9548,320.4,1.5,1.2,2014-09-04,0058,Terra,MODIS,69,6.2,302.4,19.3,D,0
-13.0466,131.9771,337.5,3.5,1.8,2014-09-04,0058,Terra,MODIS,87,6.2,308.2,178.8,D,0
-13.0317,131.9526,345.9,3.5,1.8,2014-09-04,0058,Terra,MODIS,93,6.2,307.3,275.4,D,0
-12.2787,133.7484,319.7,2.7,1.6,2014-09-04,0058,Terra,MODIS,65,6.2,304.4,35.2,D,0
-13.7204,135.4152,325,1.9,1.3,2014-09-04,0058,Terra,MODIS,75,6.2,298.6,36.3,D,0
-14.1846,132.9911,317.8,2.8,1.6,2014-09-04,0058,Terra,MODIS,18,6.2,305,26.8,D,0
-13.4992,132.5239,321.4,3.1,1.7,2014-09-04,0058,Terra,MODIS,70,6.2,305.4,52,D,0
-13.71,135.3926,324,1.9,1.3,2014-09-04,0058,Terra,MODIS,71,6.2,299.5,34.5,D,0
-13.5012,132.5293,324.4,3.1,1.7,2014-09-04,0058,Terra,MODIS,74,6.2,305.5,63.8,D,0
-13.0407,131.9452,359.6,3.5,1.8,2014-09-04,0058,Terra,MODIS,99,6.2,307.2,465.5,D,0
-14.1827,132.9987,320.3,2.8,1.6,2014-09-04,0058,Terra,MODIS,64,6.2,305.4,38.1,D,0
-15.4128,135.1464,328.3,1.8,1.3,2014-09-04,0058,Terra,MODIS,79,6.2,310.5,32.8,D,0
-15.4097,135.1581,328.1,1.8,1.3,2014-09-04,0058,Terra,MODIS,38,6.2,310.1,31.3,D,0
-12.7116,132.8219,319.6,3.1,1.7,2014-09-04,0058,Terra,MODIS,53,6.2,307.3,33.4,D,0
-14.5927,144.5428,331.8,1.4,1.2,2014-09-04,0058,Terra,MODIS,74,6.2,307.9,30.4,D,0
-13.2886,134.719,323.8,2.1,1.4,2014-09-04,0058,Terra,MODIS,74,6.2,308.2,35.8,D,0
-14.8637,134.7735,334,2,1.4,2014-09-04,0058,Terra,MODIS,85,6.2,309.1,60.3,D,0
-15.483,145.1433,316.2,1.5,1.2,2014-09-04,0058,Terra,MODIS,61,6.2,300.7,15.3,D,0
-13.0481,134.3301,320.2,2.3,1.5,2014-09-04,0058,Terra,MODIS,44,6.2,304.5,28.7,D,0
-12.3115,133.2333,326.2,2.9,1.6,2014-09-04,0058,Terra,MODIS,76,6.2,305.8,68.8,D,0
-14.4612,141.792,320.1,1,1,2014-09-04,0058,Terra,MODIS,65,6.2,304.1,9.2,D,0
-13.9384,142.1826,316.2,1,1,2014-09-04,0058,Terra,MODIS,31,6.2,303.9,4.7,D,0
-15.3137,135.4574,332.3,1.7,1.3,2014-09-04,0058,Terra,MODIS,72,6.2,307.4,48,D,0
-16.2772,136.7229,323,1.4,1.2,2014-09-04,0058,Terra,MODIS,43,6.2,310.4,12.7,D,0
-12.674,132.7046,316.6,3.1,1.7,2014-09-04,0058,Terra,MODIS,29,6.2,305.6,25.1,D,0
-15.2775,145.0526,312,1.5,1.2,2014-09-04,0058,Terra,MODIS,30,6.2,299.1,11.3,D,0
-14.845,134.7392,328.7,2,1.4,2014-09-04,0058,Terra,MODIS,60,6.2,305.5,45.5,D,0
-15.5829,145.123,328.4,1.5,1.2,2014-09-04,0058,Terra,MODIS,80,6.2,302.3,34.4,D,0
-15.4134,135.6979,324.9,1.7,1.3,2014-09-04,0058,Terra,MODIS,38,6.2,305,24.4,D,0
-15.3743,135.6737,369.2,1.7,1.3,2014-09-04,0058,Terra,MODIS,100,6.2,308,219.9,D,0
-15.5568,145.2738,339.5,1.6,1.2,2014-09-04,0058,Terra,MODIS,67,6.2,300.9,70.3,D,0
-14.8875,144.9484,330.9,1.5,1.2,2014-09-04,0058,Terra,MODIS,49,6.2,303.2,34.4,D,0
-12.7098,132.2034,325.1,3.4,1.7,2014-09-04,0058,Terra,MODIS,73,6.2,306.3,76.8,D,0
-15.5938,145.2986,323.1,1.6,1.2,2014-09-04,0058,Terra,MODIS,53,6.2,299.3,27.1,D,0
-15.5342,145.1077,329.2,1.5,1.2,2014-09-04,0058,Terra,MODIS,81,6.2,303.8,34.1,D,0
-12.6766,132.7112,322.5,3.1,1.7,2014-09-04,0058,Terra,MODIS,69,6.2,306.5,53.1,D,0
-14.8482,134.7574,337.5,2,1.4,2014-09-04,0058,Terra,MODIS,88,6.2,308.5,76.7,D,0
-12.7196,132.1957,328.9,3.4,1.7,2014-09-04,0058,Terra,MODIS,80,6.2,304.9,110.4,D,0
-16.0599,136.1097,327.5,1.5,1.2,2014-09-04,0058,Terra,MODIS,75,6.2,309.4,24.8,D,0
-14.3103,133.7143,331,2.4,1.5,2014-09-04,0058,Terra,MODIS,83,6.2,305.6,75.2,D,0
-14.8514,134.7759,323,2,1.4,2014-09-04,0058,Terra,MODIS,64,6.2,307.4,25.7,D,0
-14.8573,134.7369,346.7,2,1.4,2014-09-04,0058,Terra,MODIS,93,6.2,309.4,122.4,D,0
-14.3142,133.7366,327,2.4,1.5,2014-09-04,0058,Terra,MODIS,79,6.2,307.9,57,D,0
-14.8605,134.7552,349,2,1.4,2014-09-04,0058,Terra,MODIS,94,6.2,310.2,130.6,D,0
-14.3212,133.7284,325.2,2.4,1.5,2014-09-04,0058,Terra,MODIS,77,6.2,306,49.1,D,0
-12.7099,132.8152,325,3.1,1.7,2014-09-04,0058,Terra,MODIS,75,6.2,307.3,64,D,0
-15.5811,145.1089,317.1,1.5,1.2,2014-09-04,0058,Terra,MODIS,37,6.2,303.6,12.5,D,0
-12.7041,132.1988,317.8,3.4,1.7,2014-09-04,0058,Terra,MODIS,47,6.2,305.4,38.8,D,0
-15.9327,136.6099,322.9,1.4,1.2,2014-09-04,0058,Terra,MODIS,41,6.2,310.1,10.9,D,0
-12.8994,132.4321,315,3.3,1.7,2014-09-04,0058,Terra,MODIS,39,6.2,304.5,23.3,D,0
-12.7367,132.2886,318,3.4,1.7,2014-09-04,0058,Terra,MODIS,55,6.2,304.7,41.9,D,0
-12.3106,133.2397,327.2,2.9,1.6,2014-09-04,0058,Terra,MODIS,77,6.2,305.9,73.8,D,0
-14.9117,134.7394,322.6,2,1.4,2014-09-04,0058,Terra,MODIS,42,6.2,306.9,26.2,D,0
-13.7056,135.4002,327.2,1.9,1.3,2014-09-04,0058,Terra,MODIS,76,6.2,297.9,42.7,D,0
-15.5549,145.2657,333.4,1.6,1.2,2014-09-04,0058,Terra,MODIS,74,6.2,300.7,50.1,D,0
-15.5324,145.0935,326,1.5,1.2,2014-09-04,0058,Terra,MODIS,77,6.2,305.4,26.9,D,0
-15.5355,145.1011,333.3,1.5,1.2,2014-09-04,0058,Terra,MODIS,84,6.2,305.1,43.9,D,0
-14.5823,144.5442,332.4,1.4,1.2,2014-09-04,0058,Terra,MODIS,83,6.2,305.4,34.2,D,0
-15.5702,145.1105,319.6,1.5,1.2,2014-09-04,0058,Terra,MODIS,21,6.2,304.8,15.5,D,0
-14.591,144.5303,326.8,1.4,1.2,2014-09-04,0058,Terra,MODIS,61,6.2,306,18.8,D,0
-14.654,144.554,324.4,1.4,1.2,2014-09-04,0058,Terra,MODIS,75,6.2,305.2,19.3,D,0
-14.4785,141.6554,322.2,1,1,2014-09-04,0058,Terra,MODIS,70,6.2,296.5,13.2,D,0
-16.1393,136.5142,325.9,1.4,1.2,2014-09-04,0058,Terra,MODIS,57,6.2,308.8,18.9,D,0
-12.6817,132.7397,323.6,3.1,1.7,2014-09-04,0058,Terra,MODIS,63,6.2,307.2,55.5,D,0
-12.905,132.4617,315.2,3.2,1.7,2014-09-04,0058,Terra,MODIS,34,6.2,304.8,24.6,D,0
-12.6793,132.7331,327.7,3.1,1.7,2014-09-04,0058,Terra,MODIS,78,6.2,307.2,81,D,0
-13.7129,135.4096,324.3,1.9,1.3,2014-09-04,0058,Terra,MODIS,70,6.2,297.8,35.3,D,0
-15.572,145.1248,325.8,1.5,1.2,2014-09-04,0058,Terra,MODIS,76,6.2,303.5,27.3,D,0
-15.555,145.2593,320.4,1.6,1.2,2014-09-04,0058,Terra,MODIS,64,6.2,300,21.7,D,0
-13.052,134.3352,316.3,2.3,1.5,2014-09-04,0058,Terra,MODIS,33,6.2,304,18.2,D,0
-15.9348,136.6228,324.3,1.4,1.2,2014-09-04,0058,Terra,MODIS,57,6.2,309.6,13.9,D,0
-15.5592,145.1122,328.5,1.5,1.2,2014-09-04,0058,Terra,MODIS,66,6.2,305,31.9,D,0
-16.24,136.7553,323,1.4,1.2,2014-09-04,0058,Terra,MODIS,40,6.2,309.2,12.7,D,0
-14.9071,144.9304,323.9,1.5,1.2,2014-09-04,0058,Terra,MODIS,53,6.2,301.6,24.8,D,0
-15.3164,135.4734,320.8,1.7,1.3,2014-09-04,0058,Terra,MODIS,49,6.2,309.4,17.3,D,0
-15.9393,136.6155,324,1.4,1.2,2014-09-04,0058,Terra,MODIS,45,6.2,310.4,12.1,D,0
-16.1023,144.5546,322.8,1.4,1.2,2014-09-04,0058,Terra,MODIS,69,6.2,300.8,17.8,D,0
-15.3717,135.6583,351.1,1.7,1.3,2014-09-04,0058,Terra,MODIS,95,6.2,304.9,116.1,D,0
-17.1484,139.0515,322,1,1,2014-09-04,0059,Terra,MODIS,56,6.2,309.1,8.3,D,0
-17.1499,139.0612,326.3,1,1,2014-09-04,0059,Terra,MODIS,74,6.2,308.6,12.6,D,0
-16.987,134.9986,318.8,1.7,1.3,2014-09-04,0059,Terra,MODIS,29,6.2,306.7,13.4,D,0
-16.5058,136.9892,323.9,1.3,1.1,2014-09-04,0059,Terra,MODIS,63,6.2,312,11.6,D,0
-17.1494,134.8029,340.9,1.8,1.3,2014-09-04,0059,Terra,MODIS,88,6.2,305.4,74.6,D,0
-17.1611,134.8007,356.5,1.8,1.3,2014-09-04,0059,Terra,MODIS,98,6.2,308.7,151.1,D,0
-17.164,134.8173,350.4,1.8,1.3,2014-09-04,0059,Terra,MODIS,95,6.2,308.5,117.8,D,0
-17.1902,134.8295,335.7,1.8,1.3,2014-09-04,0059,Terra,MODIS,77,6.2,302.5,60,D,0
-17.1931,134.8459,328.7,1.8,1.3,2014-09-04,0059,Terra,MODIS,66,6.2,302.8,38.2,D,0
-16.7574,134.9935,320.7,1.8,1.3,2014-09-04,0059,Terra,MODIS,55,6.2,303.9,22,D,0
-16.7602,135.0098,323.1,1.8,1.3,2014-09-04,0059,Terra,MODIS,29,6.2,308,24,D,0
-16.7718,135.0076,351.4,1.8,1.3,2014-09-04,0059,Terra,MODIS,95,6.2,305.8,122.4,D,0
-16.7815,135.0158,359.2,1.8,1.3,2014-09-04,0059,Terra,MODIS,99,6.2,306.3,169.6,D,0
-16.7256,134.9487,337.2,1.8,1.3,2014-09-04,0059,Terra,MODIS,87,6.2,302.6,73.7,D,0
-16.7284,134.9651,347.2,1.8,1.3,2014-09-04,0059,Terra,MODIS,93,6.2,308,111.5,D,0
-16.7401,134.963,332.1,1.8,1.3,2014-09-04,0059,Terra,MODIS,82,6.2,303.4,54.3,D,0
-16.7429,134.9793,326.8,1.8,1.3,2014-09-04,0059,Terra,MODIS,67,6.2,306.2,36.1,D,0
-16.8367,134.9887,352.6,1.8,1.3,2014-09-04,0059,Terra,MODIS,96,6.2,309.6,130.6,D,0
-16.7746,135.0239,359.5,1.8,1.3,2014-09-04,0059,Terra,MODIS,99,6.2,309.2,163.6,D,0
-16.7917,135.0542,322.1,1.7,1.3,2014-09-04,0059,Terra,MODIS,26,6.2,304.5,17.6,D,0
-16.7944,135.0703,324.1,1.7,1.3,2014-09-04,0059,Terra,MODIS,40,6.2,306,21,D,0
-16.7699,135.018,337.5,1.8,1.3,2014-09-04,0059,Terra,MODIS,82,6.2,308.9,65,D,0
-16.7843,135.032,334.3,1.7,1.3,2014-09-04,0059,Terra,MODIS,84,6.2,306.4,55.6,D,0
-16.7901,135.0644,327.6,1.7,1.3,2014-09-04,0059,Terra,MODIS,78,6.2,306.4,32.9,D,0
-17.0523,134.7758,324.3,1.8,1.3,2014-09-04,0059,Terra,MODIS,73,6.2,305.1,31.2,D,0
-16.911,134.8841,332.8,1.8,1.3,2014-09-04,0059,Terra,MODIS,83,6.2,305.4,56.3,D,0
-16.9138,134.9007,328.2,1.8,1.3,2014-09-04,0059,Terra,MODIS,62,6.2,308.5,38,D,0
-16.9255,134.8985,342.8,1.8,1.3,2014-09-04,0059,Terra,MODIS,90,6.2,306.5,84.3,D,0
-16.9348,134.9069,333.7,1.8,1.3,2014-09-04,0059,Terra,MODIS,79,6.2,305.8,53.7,D,0
-16.9517,134.9107,326.2,1.8,1.3,2014-09-04,0059,Terra,MODIS,54,6.2,304.9,31.3,D,0
-16.8692,135.2461,327.9,1.7,1.3,2014-09-04,0059,Terra,MODIS,40,6.2,309.5,27.7,D,0
-16.9431,135.2748,323,1.7,1.3,2014-09-04,0059,Terra,MODIS,33,6.2,309.7,18.3,D,0
-16.9685,135.2862,324.3,1.7,1.3,2014-09-04,0059,Terra,MODIS,20,6.2,309.6,20.9,D,0
-16.8212,135.2293,321.1,1.7,1.3,2014-09-04,0059,Terra,MODIS,39,6.2,306.4,18.4,D,0
-17.0306,135.3153,332.3,1.6,1.3,2014-09-04,0059,Terra,MODIS,61,6.2,311,37.9,D,0
-16.5263,136.9231,319.1,1.3,1.1,2014-09-04,0059,Terra,MODIS,39,6.2,306.8,8.1,D,0
-16.5283,136.9353,322.8,1.3,1.1,2014-09-04,0059,Terra,MODIS,59,6.2,310,13.2,D,0
-17.1347,134.7883,351.1,1.8,1.3,2014-09-04,0059,Terra,MODIS,95,6.2,303.9,129.3,D,0
-17.1464,134.7861,361.6,1.8,1.3,2014-09-04,0059,Terra,MODIS,100,6.2,305.2,187,D,0
-17.1553,134.7672,321.2,1.8,1.3,2014-09-04,0059,Terra,MODIS,24,6.2,303.2,22.3,D,0
-17.1582,134.784,345.2,1.8,1.3,2014-09-04,0059,Terra,MODIS,92,6.2,306.9,99.7,D,0
-17.2377,134.9161,327.9,1.7,1.3,2014-09-04,0059,Terra,MODIS,61,6.2,301.2,36.8,D,0
-17.2104,134.8766,334,1.8,1.3,2014-09-04,0059,Terra,MODIS,64,6.2,302.9,51.8,D,0
-17.2276,134.9071,334.4,1.8,1.3,2014-09-04,0059,Terra,MODIS,61,6.2,301.5,49.3,D,0
-17.2203,134.8857,336.8,1.8,1.3,2014-09-04,0059,Terra,MODIS,75,6.2,302.7,61.9,D,0
-16.8222,134.9746,360.3,1.8,1.3,2014-09-04,0059,Terra,MODIS,100,6.2,311.2,176.1,D,0
-16.8339,134.9724,369.2,1.8,1.3,2014-09-04,0059,Terra,MODIS,100,6.2,308.5,236.2,D,0
-17.0017,134.9455,329.3,1.8,1.3,2014-09-04,0059,Terra,MODIS,80,6.2,304.7,43.6,D,0
-17.0348,134.9498,322.8,1.8,1.3,2014-09-04,0059,Terra,MODIS,54,6.2,308.3,21.7,D,0
-16.8194,134.9582,342.6,1.8,1.3,2014-09-04,0059,Terra,MODIS,90,6.2,304.6,88,D,0
-16.8254,134.9231,331.9,1.8,1.3,2014-09-04,0059,Terra,MODIS,72,6.2,304.5,51.1,D,0
-16.8467,134.9302,324.5,1.8,1.3,2014-09-04,0059,Terra,MODIS,54,6.2,308.4,26,D,0
-16.8402,134.869,324,1.8,1.3,2014-09-04,0059,Terra,MODIS,73,6.2,302.5,32.7,D,0
-16.8431,134.8856,336.6,1.8,1.3,2014-09-04,0059,Terra,MODIS,86,6.2,306.9,68.3,D,0
-16.8495,134.8784,333.8,1.8,1.3,2014-09-04,0059,Terra,MODIS,77,6.2,303.9,56.4,D,0
-16.8993,134.8863,331.8,1.8,1.3,2014-09-04,0059,Terra,MODIS,77,6.2,305.1,50.9,D,0
-16.8964,134.8697,338.6,1.8,1.3,2014-09-04,0059,Terra,MODIS,88,6.2,304.1,76.9,D,0
-16.9284,134.915,329.6,1.8,1.3,2014-09-04,0059,Terra,MODIS,62,6.2,309.3,36.5,D,0
-16.9545,134.9272,354.8,1.8,1.3,2014-09-04,0059,Terra,MODIS,97,6.2,308.6,141.5,D,0
-16.9494,134.9212,355.6,1.8,1.3,2014-09-04,0059,Terra,MODIS,98,6.2,308.8,148.1,D,0
-16.9523,134.9376,327.9,1.8,1.3,2014-09-04,0059,Terra,MODIS,78,6.2,307.6,34.6,D,0
-16.9901,134.9477,328,1.8,1.3,2014-09-04,0059,Terra,MODIS,78,6.2,306.1,38.3,D,0
-19.1989,130.7858,321.2,3.2,1.7,2014-09-04,0100,Terra,MODIS,68,6.2,306.7,52.3,D,0
-19.193,130.7557,341.2,3.2,1.7,2014-09-04,0100,Terra,MODIS,90,6.2,306.6,201.3,D,0
-19.2047,130.7471,329.9,3.2,1.7,2014-09-04,0100,Terra,MODIS,70,6.2,303.7,101.5,D,0
-19.1895,130.7504,335.3,3.2,1.7,2014-09-04,0100,Terra,MODIS,71,6.2,307.2,140.5,D,0
-19.1871,130.7255,334.5,3.2,1.7,2014-09-04,0100,Terra,MODIS,85,6.2,305.2,143.5,D,0
-19.214,130.7825,339.3,3.2,1.7,2014-09-04,0100,Terra,MODIS,88,6.2,303.6,180.3,D,0
-19.2169,130.8073,369.8,3.2,1.7,2014-09-04,0100,Terra,MODIS,100,6.2,306.9,574.3,D,0
-19.2048,130.8159,339.5,3.2,1.7,2014-09-04,0100,Terra,MODIS,88,6.2,307,181.3,D,0
-19.2199,130.8127,357.9,3.2,1.7,2014-09-04,0100,Terra,MODIS,99,6.2,305.6,388.8,D,0
-26.9479,147.4051,321.3,3.2,1.7,2014-09-04,0101,Terra,MODIS,73,6.2,298.8,71,D,0
-26.9445,147.3996,318.8,3.2,1.7,2014-09-04,0101,Terra,MODIS,73,6.2,299,61.4,D,0
-26.947,147.4319,312.7,3.2,1.7,2014-09-04,0101,Terra,MODIS,61,6.2,297.7,32.4,D,0
-18.165,123.6602,330.4,2.9,1.6,2014-09-04,0237,Terra,MODIS,66,6.2,312.3,66.3,D,0
-18.1975,123.6781,321.3,2.9,1.6,2014-09-04,0237,Terra,MODIS,17,6.2,310.7,24.9,D,0
-17.8866,122.6159,324,2.4,1.5,2014-09-04,0237,Terra,MODIS,42,6.2,312.5,20.8,D,0
-16.5516,123.953,324.4,2.9,1.6,2014-09-04,0237,Terra,MODIS,54,6.2,309.7,49.7,D,0
-16.5376,123.9491,322.7,2.9,1.6,2014-09-04,0237,Terra,MODIS,57,6.2,307.3,43.4,D,0
-16.4602,124.0792,318.4,3,1.6,2014-09-04,0237,Terra,MODIS,26,6.2,306.8,32.6,D,0
-16.5369,123.9546,321.2,2.9,1.6,2014-09-04,0237,Terra,MODIS,35,6.2,306.7,35.9,D,0
-16.46,124.0726,318.5,3,1.6,2014-09-04,0237,Terra,MODIS,35,6.2,307.2,34.6,D,0
-21.225,125.8429,322.7,4.6,2,2014-09-04,0238,Terra,MODIS,41,6.2,310.5,59.4,D,0
-19.141,122.2246,325.8,2.3,1.5,2014-09-04,0238,Terra,MODIS,51,6.2,312.4,23.9,D,0
-19.1496,122.2171,327,2.3,1.5,2014-09-04,0238,Terra,MODIS,51,6.2,312.9,29.4,D,0
-21.2241,125.8378,322.9,4.6,2,2014-09-04,0238,Terra,MODIS,36,6.2,310.8,61.7,D,0
-20.9999,118.453,332.8,1.4,1.2,2014-09-04,0238,Terra,MODIS,78,6.2,314.5,24.4,D,0
-21.0015,118.466,334.1,1.4,1.2,2014-09-04,0238,Terra,MODIS,80,6.2,310.1,28.8,D,0
-20.9911,118.4675,416.8,1.4,1.2,2014-09-04,0238,Terra,MODIS,100,6.2,325.1,549.9,D,0
-20.9896,118.4545,342.1,1.4,1.2,2014-09-04,0238,Terra,MODIS,88,6.2,315,45.3,D,0
-20.9955,118.4727,373.9,1.4,1.2,2014-09-04,0238,Terra,MODIS,100,6.2,311.6,175.8,D,0
-20.9938,118.4597,372.8,1.4,1.2,2014-09-04,0238,Terra,MODIS,100,6.2,317.3,168.2,D,0
-20.9851,118.4741,416.2,1.4,1.2,2014-09-04,0238,Terra,MODIS,100,6.2,319.4,544.1,D,0
-20.9763,118.4885,331.9,1.4,1.2,2014-09-04,0238,Terra,MODIS,77,6.2,309.9,25,D,0
-20.9834,118.4612,383.8,1.4,1.2,2014-09-04,0238,Terra,MODIS,100,6.2,318,238.6,D,0
-20.973,118.4626,341.2,1.4,1.2,2014-09-04,0238,Terra,MODIS,87,6.2,314.1,45.3,D,0
-20.9747,118.4756,408.4,1.4,1.2,2014-09-04,0238,Terra,MODIS,100,6.2,321.5,454.1,D,0
-20.9927,118.4805,348.6,1.4,1.2,2014-09-04,0238,Terra,MODIS,93,6.2,309.5,68.2,D,0
-21.3089,118.5651,335.5,1.4,1.2,2014-09-04,0238,Terra,MODIS,82,6.2,312.6,34.4,D,0
-21.3106,118.5785,342.7,1.4,1.2,2014-09-04,0238,Terra,MODIS,89,6.2,310.8,54.6,D,0
-21.0362,119.7175,324.7,1.6,1.3,2014-09-04,0238,Terra,MODIS,62,6.2,312.9,18.1,D,0
-21.0475,119.7257,324,1.6,1.3,2014-09-04,0238,Terra,MODIS,47,6.2,311.4,15.7,D,0
-21.229,120.1097,325.7,1.8,1.3,2014-09-04,0238,Terra,MODIS,51,6.2,311.2,22.7,D,0
-21.231,120.1266,325.6,1.8,1.3,2014-09-04,0238,Terra,MODIS,50,6.2,309.8,23.5,D,0
-21.2271,120.0929,327.1,1.8,1.3,2014-09-04,0238,Terra,MODIS,54,6.2,311.8,22.9,D,0
-21.2173,120.1112,329.8,1.8,1.3,2014-09-04,0238,Terra,MODIS,54,6.2,308.8,32,D,0
-21.2154,120.0944,374.7,1.8,1.3,2014-09-04,0238,Terra,MODIS,100,6.2,313.8,267,D,0
-21.2192,120.1281,328.5,1.8,1.3,2014-09-04,0238,Terra,MODIS,49,6.2,307.9,29.9,D,0
-21.5938,116.8304,327.8,1.1,1.1,2014-09-04,0239,Terra,MODIS,70,6.2,310.4,13.7,D,0
-21.5953,116.8412,348.6,1.1,1.1,2014-09-04,0239,Terra,MODIS,93,6.2,310,53.5,D,0
-21.7995,119.626,325.1,1.7,1.3,2014-09-04,0239,Terra,MODIS,59,6.2,307.7,20.6,D,0
-21.8109,119.6245,339.4,1.7,1.3,2014-09-04,0239,Terra,MODIS,86,6.2,309.6,59.4,D,0
-21.8223,119.6231,325.5,1.7,1.3,2014-09-04,0239,Terra,MODIS,62,6.2,309.3,19.3,D,0
-21.7055,119.5013,323.1,1.6,1.3,2014-09-04,0239,Terra,MODIS,62,6.2,311.2,15.3,D,0
-22.0518,119.7287,340.6,1.7,1.3,2014-09-04,0239,Terra,MODIS,80,6.2,304.3,68.1,D,0
-22.0602,119.7221,332.7,1.7,1.3,2014-09-04,0239,Terra,MODIS,63,6.2,306.3,42.5,D,0
-22.0486,119.7235,347.9,1.7,1.3,2014-09-04,0239,Terra,MODIS,93,6.2,306.3,97,D,0
-22.0365,119.6977,342.2,1.7,1.3,2014-09-04,0239,Terra,MODIS,89,6.2,306.2,73.1,D,0
-22.0384,119.7139,378.9,1.7,1.3,2014-09-04,0239,Terra,MODIS,100,6.2,309.9,294.8,D,0
-22.0403,119.7302,383.1,1.7,1.3,2014-09-04,0239,Terra,MODIS,100,6.2,309.6,337.8,D,0
-22.048,119.6962,350,1.7,1.3,2014-09-04,0239,Terra,MODIS,94,6.2,308.4,101.3,D,0
-22.0499,119.7125,350.5,1.7,1.3,2014-09-04,0239,Terra,MODIS,94,6.2,307.7,105.8,D,0
-22.0717,119.7207,325.4,1.7,1.3,2014-09-04,0239,Terra,MODIS,26,6.2,307.5,22.8,D,0
-22.0287,119.7317,334.2,1.7,1.3,2014-09-04,0239,Terra,MODIS,81,6.2,300.8,55.9,D,0
-22.0468,119.7073,359.3,1.7,1.3,2014-09-04,0239,Terra,MODIS,99,6.2,308.8,150.3,D,0
-22.045,119.6909,347.6,1.7,1.3,2014-09-04,0239,Terra,MODIS,92,6.2,308.3,90,D,0
-31.9917,115.9442,305.4,1.3,1.1,2014-09-04,0241,Terra,MODIS,33,6.2,289.5,3.7,D,0
-32.0687,115.9122,304.5,1.3,1.1,2014-09-04,0241,Terra,MODIS,31,6.2,290,3.3,D,0
-32.497,116.1867,301.5,1.4,1.2,2014-09-04,0242,Terra,MODIS,47,6.2,287.8,7.8,D,0
-32.4908,116.181,302,1.4,1.2,2014-09-04,0242,Terra,MODIS,50,6.2,288.6,8.4,D,0
-32.8707,116.1293,303.3,1.4,1.2,2014-09-04,0242,Terra,MODIS,55,6.2,287.7,11,D,0
-34.9415,145.9701,343.4,2.4,1.5,2014-09-04,0341,Aqua,MODIS,93,6.2,284.8,182.4,D,0
-34.9339,145.9738,325.7,2.4,1.5,2014-09-04,0341,Aqua,MODIS,84,6.2,282.2,87.8,D,0
-34.9476,145.9753,337.4,2.4,1.5,2014-09-04,0341,Aqua,MODIS,90,6.2,284.7,144.7,D,0
-34.9393,145.9969,324.9,2.4,1.5,2014-09-04,0341,Aqua,MODIS,83,6.2,284.2,84.4,D,0
-34.9456,146.0022,307.4,2.4,1.5,2014-09-04,0341,Aqua,MODIS,44,6.2,285.3,28.3,D,0
-29.0497,152.5332,305.8,1,1,2014-09-04,0342,Aqua,MODIS,59,6.2,294.2,4.7,D,0
-27.7012,147.7056,325.8,1.5,1.2,2014-09-04,0342,Aqua,MODIS,77,6.2,307.3,25.4,D,0
-28.4151,148.6332,317.6,1.4,1.2,2014-09-04,0342,Aqua,MODIS,54,6.2,305.8,9.8,D,0
-28.5343,148.9953,316.1,1.3,1.1,2014-09-04,0342,Aqua,MODIS,57,6.2,305.1,7.1,D,0
-29.019,148.7505,318.8,1.4,1.2,2014-09-04,0342,Aqua,MODIS,66,6.2,304.4,14.1,D,0
-29.1588,148.9386,320.8,1.3,1.1,2014-09-04,0342,Aqua,MODIS,70,6.2,305.1,18.3,D,0
-28.6839,148.2979,316.5,1.4,1.2,2014-09-04,0342,Aqua,MODIS,60,6.2,304.8,10.3,D,0
-27.6902,147.704,320,1.5,1.2,2014-09-04,0342,Aqua,MODIS,54,6.2,307.1,12.8,D,0
-29.9828,149.2697,319.9,1.3,1.1,2014-09-04,0342,Aqua,MODIS,73,6.2,301.7,15.6,D,0
-28.132,151.4684,346.4,1,1,2014-09-04,0342,Aqua,MODIS,94,6.2,301.4,50.5,D,0
-30.581,150.5335,303.3,1.2,1.1,2014-09-04,0342,Aqua,MODIS,50,6.2,290.7,5.6,D,0
-27.7915,151.3422,328.8,1,1,2014-09-04,0342,Aqua,MODIS,82,6.2,304.3,19.9,D,0
-27.7901,151.3526,319.8,1,1,2014-09-04,0342,Aqua,MODIS,73,6.2,303.3,9.7,D,0
-30.7664,148.691,328.2,1.4,1.2,2014-09-04,0342,Aqua,MODIS,84,6.2,298.7,35.4,D,0
-30.7772,148.6926,310.6,1.4,1.2,2014-09-04,0342,Aqua,MODIS,61,6.2,300,7,D,0
-30.7697,148.6606,312.6,1.4,1.2,2014-09-04,0342,Aqua,MODIS,67,6.2,300.3,8.8,D,0
-30.7681,148.6758,340.3,1.4,1.2,2014-09-04,0342,Aqua,MODIS,91,6.2,300.9,65.3,D,0
-28.1243,151.4564,323,1,1,2014-09-04,0342,Aqua,MODIS,77,6.2,301.5,16.1,D,0
-28.1229,151.4668,334.8,1,1,2014-09-04,0342,Aqua,MODIS,87,6.2,300,31.5,D,0
-28.1334,151.4579,359.9,1,1,2014-09-04,0342,Aqua,MODIS,99,6.2,305,83.8,D,0
-27.48,149.4178,323.4,1.2,1.1,2014-09-04,0342,Aqua,MODIS,75,6.2,303.7,17.8,D,0
-27.2251,152.31,317,1,1,2014-09-04,0342,Aqua,MODIS,62,6.2,301.5,9.5,D,0
-27.3214,153.0417,314.9,1,1,2014-09-04,0342,Aqua,MODIS,67,6.2,302.4,6.9,D,0
-27.3268,151.9831,322.1,1,1,2014-09-04,0342,Aqua,MODIS,76,6.2,300.4,14.8,D,0
-27.3282,151.973,321.8,1,1,2014-09-04,0342,Aqua,MODIS,76,6.2,300.4,14.4,D,0
-27.2222,152.3301,333.8,1,1,2014-09-04,0342,Aqua,MODIS,86,6.2,301,27.4,D,0
-27.2236,152.32,342.5,1,1,2014-09-04,0342,Aqua,MODIS,92,6.2,305.8,42.1,D,0
-27.0699,153.1844,314.4,1,1,2014-09-04,0342,Aqua,MODIS,48,6.2,301.2,9.1,D,0
-27.2432,152.1169,318.4,1,1,2014-09-04,0342,Aqua,MODIS,71,6.2,295.9,13.6,D,0
-28.5967,146.0965,316,2,1.4,2014-09-04,0342,Aqua,MODIS,45,6.2,302.5,14.5,D,0
-27.0684,153.1946,318.9,1,1,2014-09-04,0342,Aqua,MODIS,56,6.2,297.8,13.3,D,0
-29.9812,149.2833,322.5,1.3,1.1,2014-09-04,0342,Aqua,MODIS,76,6.2,303.3,20.1,D,0
-24.7603,151.4179,325.5,1,1,2014-09-04,0343,Aqua,MODIS,77,6.2,298.4,18.5,D,0
-26.8577,152.5658,320.3,1,1,2014-09-04,0343,Aqua,MODIS,75,6.2,300.4,14,D,0
-26.7882,152.5977,311,1,1,2014-09-04,0343,Aqua,MODIS,55,6.2,297.5,8.3,D,0
-24.6212,152.1315,320.7,1,1,2014-09-04,0343,Aqua,MODIS,64,6.2,299.8,12.4,D,0
-24.5477,152.0724,309.2,1,1,2014-09-04,0343,Aqua,MODIS,0,6.2,297,4.4,D,0
-23.9345,149.2381,340.7,1.1,1.1,2014-09-04,0343,Aqua,MODIS,89,6.2,309.7,41.8,D,0
-26.246,151.0272,339.7,1,1,2014-09-04,0343,Aqua,MODIS,90,6.2,302.7,37.1,D,0
-26.5055,152.838,308.5,1,1,2014-09-04,0343,Aqua,MODIS,47,6.2,297.7,6.6,D,0
-25.3897,149.1526,316.6,1.2,1.1,2014-09-04,0343,Aqua,MODIS,20,6.2,298.1,10,D,0
-26.9493,147.4131,319.9,1.5,1.2,2014-09-04,0343,Aqua,MODIS,68,6.2,305.4,14.8,D,0
-24.8681,150.9743,313.6,1,1,2014-09-04,0343,Aqua,MODIS,35,6.2,298.1,8.1,D,0
-26.211,151.0261,311.2,1,1,2014-09-04,0343,Aqua,MODIS,40,6.2,299.5,5.9,D,0
-26.2446,151.0374,335.6,1,1,2014-09-04,0343,Aqua,MODIS,70,6.2,300.8,29.8,D,0
-24.8577,150.9828,362.3,1,1,2014-09-04,0343,Aqua,MODIS,100,6.2,302.4,89.3,D,0
-24.8591,150.9727,328.1,1,1,2014-09-04,0343,Aqua,MODIS,66,6.2,301,20.9,D,0
-26.2497,151.6059,327.2,1,1,2014-09-04,0343,Aqua,MODIS,81,6.2,305.9,17.3,D,0
-26.2393,151.6144,325.9,1,1,2014-09-04,0343,Aqua,MODIS,80,6.2,303.7,16.7,D,0
-26.2483,151.616,368.8,1,1,2014-09-04,0343,Aqua,MODIS,100,6.2,308.7,105.4,D,0
-26.2407,151.6043,316,1,1,2014-09-04,0343,Aqua,MODIS,67,6.2,304.2,6.5,D,0
-26.2537,151.039,324.7,1,1,2014-09-04,0343,Aqua,MODIS,68,6.2,300.3,17,D,0
-26.2551,151.0288,327.7,1,1,2014-09-04,0343,Aqua,MODIS,81,6.2,301.5,20.9,D,0
-23.945,149.3073,328.6,1.1,1.1,2014-09-04,0343,Aqua,MODIS,78,6.2,302.9,21.6,D,0
-23.9465,149.2963,334.4,1.1,1.1,2014-09-04,0343,Aqua,MODIS,84,6.2,306.3,30.2,D,0
-24.1929,151.5963,317.4,1,1,2014-09-04,0343,Aqua,MODIS,50,6.2,305.1,8.4,D,0
-26.7152,150.1743,316.1,1.1,1,2014-09-04,0343,Aqua,MODIS,61,6.2,300.5,8.6,D,0
-26.6522,150.181,346.8,1.1,1,2014-09-04,0343,Aqua,MODIS,93,6.2,302.4,55.9,D,0
-26.6537,150.17,322.5,1.1,1,2014-09-04,0343,Aqua,MODIS,74,6.2,302.4,15.6,D,0
-24.9699,151.0994,349,1,1,2014-09-04,0343,Aqua,MODIS,94,6.2,306.6,53.2,D,0
-24.9713,151.0894,315.3,1,1,2014-09-04,0343,Aqua,MODIS,48,6.2,305,6,D,0
-24.9435,148.0789,326.2,1.3,1.1,2014-09-04,0343,Aqua,MODIS,76,6.2,298.3,31.1,D,0
-24.7769,151.431,327.7,1,1,2014-09-04,0343,Aqua,MODIS,80,6.2,300.9,20.7,D,0
-26.8244,152.3469,313.3,1,1,2014-09-04,0343,Aqua,MODIS,50,6.2,299.5,7.2,D,0
-26.8259,152.3368,310.5,1,1,2014-09-04,0343,Aqua,MODIS,32,6.2,297.8,5.2,D,0
-24.85,150.9712,366.3,1,1,2014-09-04,0343,Aqua,MODIS,100,6.2,303.5,100.3,D,0
-26.3096,151.4408,321.6,1,1,2014-09-04,0343,Aqua,MODIS,75,6.2,304.2,12.3,D,0
-26.2546,151.5037,325,1,1,2014-09-04,0343,Aqua,MODIS,79,6.2,301.2,16.5,D,0
-26.2574,151.4836,334.8,1,1,2014-09-04,0343,Aqua,MODIS,87,6.2,303.5,28.4,D,0
-26.2456,151.5021,358.6,1,1,2014-09-04,0343,Aqua,MODIS,99,6.2,302.6,76.6,D,0
-26.247,151.4921,376,1,1,2014-09-04,0343,Aqua,MODIS,100,6.2,308.9,133,D,0
-26.256,151.4936,362.5,1,1,2014-09-04,0343,Aqua,MODIS,100,6.2,306.3,87.6,D,0
-26.2484,151.482,324,1,1,2014-09-04,0343,Aqua,MODIS,78,6.2,303.9,15,D,0
-24.7595,151.4886,311.9,1,1,2014-09-04,0343,Aqua,MODIS,38,6.2,300.3,7.3,D,0
-24.8059,151.4223,337.4,1,1,2014-09-04,0343,Aqua,MODIS,65,6.2,298.9,29.2,D,0
-24.7748,151.38,321,1,1,2014-09-04,0343,Aqua,MODIS,71,6.2,298.8,13.7,D,0
-24.8423,150.9634,364.4,1,1,2014-09-04,0343,Aqua,MODIS,100,6.2,309.9,97.3,D,0
-25.394,149.1178,325.9,1.2,1.1,2014-09-04,0343,Aqua,MODIS,78,6.2,303.7,20.4,D,0
-25.3911,149.141,358.5,1.2,1.1,2014-09-04,0343,Aqua,MODIS,99,6.2,305.9,95.5,D,0
-25.4449,152.4161,316.5,1,1,2014-09-04,0343,Aqua,MODIS,56,6.2,301,8.8,D,0
-25.4986,152.4211,314.6,1,1,2014-09-04,0343,Aqua,MODIS,61,6.2,302.1,7.8,D,0
-24.8409,150.9735,324,1,1,2014-09-04,0343,Aqua,MODIS,76,6.2,300,18.8,D,0
-24.7679,151.4294,325.3,1,1,2014-09-04,0343,Aqua,MODIS,67,6.2,297.5,17.6,D,0
-24.8527,150.9511,341.5,1,1,2014-09-04,0343,Aqua,MODIS,90,6.2,301.6,42.3,D,0
-23.515,150.5393,321.1,1,1,2014-09-04,0343,Aqua,MODIS,48,6.2,307,8.7,D,0
-23.5164,150.5294,332,1,1,2014-09-04,0343,Aqua,MODIS,82,6.2,307.2,21.6,D,0
-23.5087,150.5179,326.8,1,1,2014-09-04,0343,Aqua,MODIS,77,6.2,309.6,14.4,D,0
-23.5178,150.5194,337.8,1,1,2014-09-04,0343,Aqua,MODIS,87,6.2,308.3,29.9,D,0
-26.7338,151.8861,313.9,1,1,2014-09-04,0343,Aqua,MODIS,59,6.2,301.1,6.8,D,0
-24.8514,150.9612,369.4,1,1,2014-09-04,0343,Aqua,MODIS,100,6.2,307.4,110.6,D,0
-24.7693,151.4195,336.4,1,1,2014-09-04,0343,Aqua,MODIS,87,6.2,301.1,32.2,D,0
-25.7296,150.9139,341.5,1,1,2014-09-04,0343,Aqua,MODIS,90,6.2,308,37.9,D,0
-24.8094,151.4633,323.9,1,1,2014-09-04,0343,Aqua,MODIS,55,6.2,301.4,15.6,D,0
-26.3211,150.8176,314.1,1,1,2014-09-04,0343,Aqua,MODIS,31,6.2,300.8,7.2,D,0
-24.3255,151.182,327.2,1,1,2014-09-04,0343,Aqua,MODIS,79,6.2,304,19.5,D,0
-26.6457,146.0704,325.5,1.9,1.3,2014-09-04,0343,Aqua,MODIS,76,6.2,303.9,38.4,D,0
-24.8436,150.9534,328.8,1,1,2014-09-04,0343,Aqua,MODIS,81,6.2,302.1,23.1,D,0
-25.1189,152.5633,311.4,1,1,2014-09-04,0343,Aqua,MODIS,26,6.2,298.9,6.1,D,0
-26.6579,146.0719,335.6,1.9,1.3,2014-09-04,0343,Aqua,MODIS,86,6.2,304.5,70.8,D,0
-24.9512,148.072,315.3,1.3,1.1,2014-09-04,0343,Aqua,MODIS,46,6.2,297.7,14.1,D,0
-27.2671,148.6415,328.1,1.3,1.1,2014-09-04,0343,Aqua,MODIS,79,6.2,305.1,26.5,D,0
-25.3842,149.1163,332.7,1.2,1.1,2014-09-04,0343,Aqua,MODIS,84,6.2,301.3,31.5,D,0
-24.7755,151.4408,314.6,1,1,2014-09-04,0343,Aqua,MODIS,50,6.2,297.3,8.9,D,0
-25.3813,149.1397,329,1.2,1.1,2014-09-04,0343,Aqua,MODIS,81,6.2,300.1,26,D,0
-25.3954,149.1062,318.1,1.2,1.1,2014-09-04,0343,Aqua,MODIS,15,6.2,302.6,10.4,D,0
-24.7617,151.4081,316.3,1,1,2014-09-04,0343,Aqua,MODIS,37,6.2,298.8,9.3,D,0
-24.6302,152.1331,327.4,1,1,2014-09-04,0343,Aqua,MODIS,76,6.2,301.9,18.7,D,0
-26.4006,146.2864,339.2,1.8,1.3,2014-09-04,0343,Aqua,MODIS,88,6.2,305.8,81.6,D,0
-25.1204,152.5533,322,1,1,2014-09-04,0343,Aqua,MODIS,75,6.2,300.2,15.3,D,0
-24.1043,150.7198,315.5,1,1,2014-09-04,0343,Aqua,MODIS,48,6.2,301.8,7.3,D,0
-24.6287,152.143,328.5,1,1,2014-09-04,0343,Aqua,MODIS,0,6.2,299,20.1,D,0
-24.7056,151.8026,319.3,1,1,2014-09-04,0343,Aqua,MODIS,47,6.2,305.1,10,D,0
-24.7042,151.8125,322,1,1,2014-09-04,0343,Aqua,MODIS,68,6.2,306.5,12,D,0
-24.8594,151.3705,324.7,1,1,2014-09-04,0343,Aqua,MODIS,76,6.2,302,16.6,D,0
-26.9509,147.3975,318.8,1.6,1.2,2014-09-04,0343,Aqua,MODIS,66,6.2,305.7,13.3,D,0
-24.6558,152.1478,326.3,1,1,2014-09-04,0343,Aqua,MODIS,80,6.2,302.2,18.7,D,0
-24.6572,152.1379,314.3,1,1,2014-09-04,0343,Aqua,MODIS,51,6.2,299.7,6.6,D,0
-24.8684,151.3721,325.9,1,1,2014-09-04,0343,Aqua,MODIS,78,6.2,302.3,16.9,D,0
-25.364,149.8562,314.3,1.1,1,2014-09-04,0343,Aqua,MODIS,31,6.2,301.6,6.6,D,0
-24.5916,151.2454,321,1,1,2014-09-04,0343,Aqua,MODIS,72,6.2,297.4,15.6,D,0
-24.5826,151.2439,333,1,1,2014-09-04,0343,Aqua,MODIS,85,6.2,298.4,29.2,D,0
-24.5839,151.234,325.5,1,1,2014-09-04,0343,Aqua,MODIS,78,6.2,297.6,19.7,D,0
-24.5818,151.183,313.8,1,1,2014-09-04,0343,Aqua,MODIS,42,6.2,294.2,9.3,D,0
-24.5832,151.1731,312.1,1,1,2014-09-04,0343,Aqua,MODIS,26,6.2,294.2,7.9,D,0
-24.5728,151.1815,313.9,1,1,2014-09-04,0343,Aqua,MODIS,33,6.2,294.9,9,D,0
-24.5498,151.1471,313.4,1,1,2014-09-04,0343,Aqua,MODIS,46,6.2,297.9,7.7,D,0
-26.4057,146.292,336.4,1.8,1.3,2014-09-04,0343,Aqua,MODIS,87,6.2,306.3,71.6,D,0
-26.4075,146.2737,321.1,1.8,1.3,2014-09-04,0343,Aqua,MODIS,70,6.2,301.9,26.2,D,0
-24.7582,151.4985,312.1,1,1,2014-09-04,0343,Aqua,MODIS,42,6.2,298.3,7.5,D,0
-25.4345,152.4244,341,1,1,2014-09-04,0343,Aqua,MODIS,90,6.2,303.1,39.2,D,0
-25.4435,152.4261,320,1,1,2014-09-04,0343,Aqua,MODIS,72,6.2,300,12.1,D,0
-25.433,152.4344,339.2,1,1,2014-09-04,0343,Aqua,MODIS,89,6.2,300.8,36,D,0
-24.237,151.9327,309.9,1,1,2014-09-04,0343,Aqua,MODIS,0,6.2,295.8,5.6,D,0
-24.2384,151.9228,333.5,1,1,2014-09-04,0343,Aqua,MODIS,81,6.2,299,29.8,D,0
-24.7658,151.3785,318.5,1,1,2014-09-04,0343,Aqua,MODIS,64,6.2,297.3,11.6,D,0
-26.8219,152.4288,316.6,1,1,2014-09-04,0343,Aqua,MODIS,61,6.2,300.6,10.9,D,0
-25.9335,152.4696,310.4,1,1,2014-09-04,0343,Aqua,MODIS,46,6.2,299.8,4,D,0
-23.9355,149.306,405.5,1.1,1.1,2014-09-04,0343,Aqua,MODIS,100,6.2,315.5,329.9,D,0
-23.926,149.3046,356.8,1.1,1.1,2014-09-04,0343,Aqua,MODIS,98,6.2,305.5,80.1,D,0
-23.9274,149.2936,336.9,1.1,1.1,2014-09-04,0343,Aqua,MODIS,86,6.2,304.9,33.1,D,0
-23.9165,149.3031,320.7,1.1,1.1,2014-09-04,0343,Aqua,MODIS,56,6.2,302.3,10.2,D,0
-23.9179,149.2923,335.6,1.1,1.1,2014-09-04,0343,Aqua,MODIS,85,6.2,305,31.7,D,0
-23.9341,149.317,365.7,1.1,1.1,2014-09-04,0343,Aqua,MODIS,100,6.2,301.9,112,D,0
-23.9232,149.3265,346.2,1.1,1.1,2014-09-04,0343,Aqua,MODIS,93,6.2,300.5,56,D,0
-23.9246,149.3155,363.5,1.1,1.1,2014-09-04,0343,Aqua,MODIS,100,6.2,303.8,103.7,D,0
-23.9136,149.3252,376.4,1.1,1.1,2014-09-04,0343,Aqua,MODIS,100,6.2,307.2,155.5,D,0
-23.915,149.3142,345.9,1.1,1.1,2014-09-04,0343,Aqua,MODIS,92,6.2,305.5,54.4,D,0
-20.24,148.6183,316.7,1.1,1,2014-09-04,0344,Aqua,MODIS,48,6.2,295.8,14,D,0
-22.676,147.7686,323.1,1.3,1.1,2014-09-04,0344,Aqua,MODIS,65,6.2,312.9,9.8,D,0
-22.6696,145.5504,321.5,1.8,1.3,2014-09-04,0344,Aqua,MODIS,57,6.2,303.5,25.3,D,0
-22.6623,145.5626,319.7,1.8,1.3,2014-09-04,0344,Aqua,MODIS,47,6.2,303.5,23.4,D,0
-20.7984,148.5524,328.6,1.1,1.1,2014-09-04,0344,Aqua,MODIS,78,6.2,305,27.4,D,0
-20.8093,148.5434,319.8,1.1,1.1,2014-09-04,0344,Aqua,MODIS,62,6.2,296.5,17.2,D,0
-20.8079,148.5541,343.9,1.1,1.1,2014-09-04,0344,Aqua,MODIS,91,6.2,301,56.1,D,0
-18.8664,145.9634,340.2,1.5,1.2,2014-09-04,0345,Aqua,MODIS,88,6.2,295.5,73.2,D,0
-16.9215,145.4391,321,1.5,1.2,2014-09-04,0345,Aqua,MODIS,65,6.2,304.1,20.5,D,0
-18.326,145.5286,318.2,1.6,1.2,2014-09-04,0345,Aqua,MODIS,57,6.2,302.3,17.3,D,0
-18.2838,145.5024,316.3,1.6,1.2,2014-09-04,0345,Aqua,MODIS,42,6.2,301.8,12.9,D,0
-17.0124,145.3552,342.6,1.6,1.2,2014-09-04,0345,Aqua,MODIS,90,6.2,307,73.9,D,0
-18.8681,145.9492,329.9,1.5,1.2,2014-09-04,0345,Aqua,MODIS,79,6.2,295.9,45.6,D,0
-17.0142,145.3408,340.8,1.6,1.2,2014-09-04,0345,Aqua,MODIS,89,6.2,306.8,68.5,D,0
-18.0291,145.8217,315.6,1.5,1.2,2014-09-04,0345,Aqua,MODIS,38,6.2,302.8,11.3,D,0
-16.9233,145.4246,318.8,1.5,1.2,2014-09-04,0345,Aqua,MODIS,58,6.2,304.6,15.6,D,0
-18.282,145.5175,316.8,1.6,1.2,2014-09-04,0345,Aqua,MODIS,46,6.2,303.4,14.4,D,0
-18.7146,146.2843,331.5,1.4,1.2,2014-09-04,0345,Aqua,MODIS,61,6.2,299.4,42.3,D,0
-19.5671,147.1853,324.6,1.3,1.1,2014-09-04,0345,Aqua,MODIS,69,6.2,306.2,17.9,D,0
-19.5682,147.1924,319.8,1.3,1.1,2014-09-04,0345,Aqua,MODIS,50,6.2,303.7,11,D,0
-19.5697,147.1802,319,1.3,1.1,2014-09-04,0345,Aqua,MODIS,36,6.2,305.6,9.7,D,0
-14.8396,143.0555,320.4,2.1,1.4,2014-09-04,0346,Aqua,MODIS,44,6.2,303.9,22.8,D,0
-14.8011,143.0509,325.2,2.1,1.4,2014-09-04,0346,Aqua,MODIS,67,6.2,302.7,37.9,D,0
-16.7855,141.3451,332.8,3.1,1.7,2014-09-04,0346,Aqua,MODIS,79,6.2,308.4,110.9,D,0
-16.7725,141.3393,328.6,3.1,1.7,2014-09-04,0346,Aqua,MODIS,73,6.2,307.5,84.9,D,0
-16.7757,141.3102,338.3,3.1,1.7,2014-09-04,0346,Aqua,MODIS,85,6.2,307.6,156.3,D,0
-16.7733,141.3143,341.8,3.1,1.7,2014-09-04,0346,Aqua,MODIS,88,6.2,307.2,183.6,D,0
-16.7884,141.316,323.3,3.1,1.7,2014-09-04,0346,Aqua,MODIS,60,6.2,308.1,51.7,D,0
-16.7876,141.3409,333.9,3.1,1.7,2014-09-04,0346,Aqua,MODIS,81,6.2,308.7,120,D,0
-16.526,139.3936,319.4,4.3,1.9,2014-09-04,0346,Aqua,MODIS,28,6.2,303.2,84,D,0
-14.8828,144.9416,332,1.6,1.2,2014-09-04,0346,Aqua,MODIS,81,6.2,305.4,40.7,D,0
-14.9518,145.115,320,1.5,1.2,2014-09-04,0346,Aqua,MODIS,39,6.2,301.8,20.3,D,0
-14.9194,144.9245,334,1.6,1.2,2014-09-04,0346,Aqua,MODIS,84,6.2,302.1,51.1,D,0
-15.2818,145.0393,314.9,1.6,1.2,2014-09-04,0346,Aqua,MODIS,44,6.2,301.5,15.1,D,0
-15.5904,145.1277,323.7,1.5,1.2,2014-09-04,0346,Aqua,MODIS,39,6.2,302.2,21.8,D,0
-14.9067,144.9364,325.3,1.6,1.2,2014-09-04,0346,Aqua,MODIS,51,6.2,303.2,28.3,D,0
-15.5928,145.2858,334.8,1.5,1.2,2014-09-04,0346,Aqua,MODIS,85,6.2,299,49.9,D,0
-15.5371,145.1051,319.7,1.6,1.2,2014-09-04,0346,Aqua,MODIS,59,6.2,299.2,17.4,D,0
-15.4753,145.134,359.3,1.5,1.2,2014-09-04,0346,Aqua,MODIS,99,6.2,300.3,146.7,D,0
-15.4846,145.1497,322.7,1.5,1.2,2014-09-04,0346,Aqua,MODIS,71,6.2,297.1,25.1,D,0
-14.9194,144.9191,324.9,1.6,1.2,2014-09-04,0346,Aqua,MODIS,57,6.2,301.7,27.8,D,0
-15.5359,145.0984,322.6,1.6,1.2,2014-09-04,0346,Aqua,MODIS,53,6.2,300,22.6,D,0
-14.9176,144.9334,327.2,1.6,1.2,2014-09-04,0346,Aqua,MODIS,64,6.2,301.7,32.4,D,0
-14.5805,144.5308,324.4,1.6,1.3,2014-09-04,0346,Aqua,MODIS,58,6.2,304.5,22.7,D,0
-15.5942,145.2913,335.4,1.5,1.2,2014-09-04,0346,Aqua,MODIS,80,6.2,298.7,53.7,D,0
-16.5437,145.1725,331.7,1.6,1.2,2014-09-04,0346,Aqua,MODIS,80,6.2,305,39.9,D,0
-15.5509,145.2658,325,1.5,1.2,2014-09-04,0346,Aqua,MODIS,0,6.2,296.4,27.8,D,0
-15.5574,145.1226,328.3,1.5,1.2,2014-09-04,0346,Aqua,MODIS,42,6.2,301.7,30.8,D,0
-15.4736,145.1482,318.3,1.5,1.2,2014-09-04,0346,Aqua,MODIS,44,6.2,296.6,17.3,D,0
-15.5388,145.0908,319.8,1.6,1.2,2014-09-04,0346,Aqua,MODIS,60,6.2,301.5,17.7,D,0
-15.5923,145.113,348.9,1.6,1.2,2014-09-04,0346,Aqua,MODIS,94,6.2,304.4,96.8,D,0
-15.5794,145.1261,327.2,1.5,1.2,2014-09-04,0346,Aqua,MODIS,25,6.2,302.4,27.5,D,0
-14.6577,144.5464,325.8,1.6,1.3,2014-09-04,0346,Aqua,MODIS,75,6.2,305.2,25.9,D,0
-15.4771,145.1198,326.6,1.5,1.2,2014-09-04,0346,Aqua,MODIS,72,6.2,296.2,33.4,D,0
-15.4863,145.1356,355.9,1.5,1.2,2014-09-04,0346,Aqua,MODIS,98,6.2,301,131.1,D,0
-16.5307,145.1862,323.6,1.6,1.2,2014-09-04,0346,Aqua,MODIS,57,6.2,302.5,25.6,D,0
-15.5618,145.2674,329.9,1.5,1.2,2014-09-04,0346,Aqua,MODIS,41,6.2,297.9,36.2,D,0
-14.6558,144.5621,336.7,1.6,1.3,2014-09-04,0346,Aqua,MODIS,86,6.2,303.4,57.9,D,0
-14.8938,144.9431,332.8,1.6,1.2,2014-09-04,0346,Aqua,MODIS,68,6.2,304.8,42.5,D,0
-14.5896,144.5371,325.1,1.6,1.3,2014-09-04,0346,Aqua,MODIS,39,6.2,307.2,20.6,D,0
-15.5592,145.1083,336.9,1.6,1.2,2014-09-04,0346,Aqua,MODIS,80,6.2,303.9,53.1,D,0
-15.5079,144.9619,331.9,1.6,1.2,2014-09-04,0346,Aqua,MODIS,82,6.2,303,44.1,D,0
-15.5097,144.9473,355.3,1.6,1.2,2014-09-04,0346,Aqua,MODIS,97,6.2,305.7,129.4,D,0
-15.5115,144.933,322.5,1.6,1.2,2014-09-04,0346,Aqua,MODIS,49,6.2,301.2,23.2,D,0
-15.5657,144.9622,320.5,1.6,1.2,2014-09-04,0346,Aqua,MODIS,49,6.2,302.6,20.9,D,0
-15.5338,144.9363,336.8,1.6,1.2,2014-09-04,0346,Aqua,MODIS,84,6.2,303.6,57.4,D,0
-12.6236,142.6697,320.1,2.1,1.4,2014-09-04,0347,Aqua,MODIS,28,6.2,302.8,21.5,D,0
-13.0122,143.0008,326.1,2,1.4,2014-09-04,0347,Aqua,MODIS,76,6.2,303.9,45.5,D,0
-13.1247,141.6625,315.6,2.6,1.5,2014-09-04,0347,Aqua,MODIS,40,6.2,299.4,29.6,D,0
-12.2282,143.0387,317.5,2,1.4,2014-09-04,0347,Aqua,MODIS,61,6.2,294.1,28.9,D,0
-12.2258,143.0331,314,2,1.4,2014-09-04,0347,Aqua,MODIS,50,6.2,295,22.5,D,0
-12.2235,143.0512,317.4,2,1.4,2014-09-04,0347,Aqua,MODIS,64,6.2,291.8,29.9,D,0
-11.7961,142.4106,321.1,2.2,1.4,2014-09-04,0347,Aqua,MODIS,74,6.2,289.2,39,D,0
-11.7832,142.4089,326.9,2.2,1.4,2014-09-04,0347,Aqua,MODIS,64,6.2,285.8,54.1,D,0
-13.0145,142.9819,316.3,2,1.4,2014-09-04,0347,Aqua,MODIS,53,6.2,301.9,17.3,D,0
-11.7937,142.4304,324,2.2,1.4,2014-09-04,0347,Aqua,MODIS,77,6.2,287,47.5,D,0
-12.2442,141.828,320.4,2.4,1.5,2014-09-04,0347,Aqua,MODIS,62,6.2,301.2,36.6,D,0
-12.1827,141.9275,326.2,2.4,1.5,2014-09-04,0347,Aqua,MODIS,0,6.2,314.3,54.1,D,0
-13.324,141.7992,317,2.5,1.5,2014-09-04,0347,Aqua,MODIS,47,6.2,301.3,23.5,D,0
-12.8803,141.8342,329.4,2.5,1.5,2014-09-04,0347,Aqua,MODIS,77,6.2,302.2,74.5,D,0
-12.8776,141.8571,325.7,2.5,1.5,2014-09-04,0347,Aqua,MODIS,75,6.2,305.9,55.3,D,0
-13.181,141.8949,324.8,2.5,1.5,2014-09-04,0347,Aqua,MODIS,57,6.2,306.8,46,D,0
-13.1848,141.9113,322.9,2.5,1.5,2014-09-04,0347,Aqua,MODIS,41,6.2,305.8,36.6,D,0
-13.1835,141.8721,324.4,2.5,1.5,2014-09-04,0347,Aqua,MODIS,44,6.2,303.3,45.7,D,0
-24.2965,128.9751,332.6,1.1,1,2014-09-04,0522,Aqua,MODIS,67,6.2,315.5,14.8,D,0
-24.2871,128.9733,331.8,1.1,1,2014-09-04,0522,Aqua,MODIS,68,6.2,314.1,13.6,D,0
-24.8925,129.1098,335.7,1.1,1,2014-09-04,0522,Aqua,MODIS,81,6.2,308.7,24.4,D,0
-19.5704,127.3541,334.3,1.1,1,2014-09-04,0523,Aqua,MODIS,60,6.2,320.4,12.9,D,0
-19.547,127.1969,328.2,1,1,2014-09-04,0523,Aqua,MODIS,29,6.2,314.3,11,D,0
-19.5455,127.2068,374.5,1,1,2014-09-04,0523,Aqua,MODIS,100,6.2,318.5,122.5,D,0
-19.544,127.2167,356.6,1,1,2014-09-04,0523,Aqua,MODIS,97,6.2,317.2,63.9,D,0
-20.5518,127.2549,362,1,1,2014-09-04,0523,Aqua,MODIS,100,6.2,318.8,74.4,D,0
-20.5412,127.2632,335.7,1,1,2014-09-04,0523,Aqua,MODIS,35,6.2,321.9,15.1,D,0
-20.5427,127.2534,340.1,1,1,2014-09-04,0523,Aqua,MODIS,69,6.2,321.5,23,D,0
-19.6044,127.0651,369.1,1,1,2014-09-04,0523,Aqua,MODIS,100,6.2,316.9,102.6,D,0
-19.6029,127.0749,337.4,1,1,2014-09-04,0523,Aqua,MODIS,77,6.2,314.6,23.8,D,0
-19.5958,127.1849,332.9,1,1,2014-09-04,0523,Aqua,MODIS,63,6.2,317.5,14.9,D,0
-19.6241,127.0583,331.7,1,1,2014-09-04,0523,Aqua,MODIS,55,6.2,311,14.9,D,0
-19.5425,127.2267,330.1,1,1,2014-09-04,0523,Aqua,MODIS,51,6.2,314.9,11.4,D,0
-19.5564,127.2596,332.4,1,1,2014-09-04,0523,Aqua,MODIS,39,6.2,316.9,11.8,D,0
-19.5549,127.2696,343.7,1.1,1,2014-09-04,0523,Aqua,MODIS,86,6.2,317.8,30.6,D,0
-19.2065,130.7106,377.1,1.6,1.3,2014-09-04,0523,Aqua,MODIS,100,6.2,316.4,253.3,D,0
-19.2091,130.6952,418.3,1.6,1.3,2014-09-04,0523,Aqua,MODIS,100,6.2,323.2,741,D,0
-19.1953,130.7084,354.4,1.6,1.3,2014-09-04,0523,Aqua,MODIS,96,6.2,312.4,114.8,D,0
-19.1979,130.693,345.6,1.6,1.3,2014-09-04,0523,Aqua,MODIS,90,6.2,308.6,77.7,D,0
-19.2177,130.7128,354,1.6,1.3,2014-09-04,0523,Aqua,MODIS,93,6.2,312.2,108.7,D,0
-21.2806,127.7854,363.5,1.1,1,2014-09-04,0523,Aqua,MODIS,100,6.2,318.5,81.4,D,0
-21.2822,127.7753,347.5,1.1,1,2014-09-04,0523,Aqua,MODIS,90,6.2,316.3,38.8,D,0
-21.2738,127.789,365.6,1.1,1,2014-09-04,0523,Aqua,MODIS,100,6.2,321.2,87.5,D,0
-19.5534,127.2795,342.9,1.1,1,2014-09-04,0523,Aqua,MODIS,85,6.2,318.9,28,D,0
-19.5595,127.301,331.9,1.1,1,2014-09-04,0523,Aqua,MODIS,64,6.2,320.6,10.1,D,0
-19.558,127.311,333,1.1,1,2014-09-04,0523,Aqua,MODIS,50,6.2,320.2,11,D,0
-19.5642,127.3325,332.6,1.1,1,2014-09-04,0523,Aqua,MODIS,36,6.2,320,9.9,D,0
-19.5858,127.3774,341.5,1.1,1,2014-09-04,0523,Aqua,MODIS,76,6.2,320.8,23.7,D,0
-19.5843,127.3874,334,1.1,1,2014-09-04,0523,Aqua,MODIS,46,6.2,319.6,11.6,D,0
-21.2753,127.7789,348.1,1.1,1,2014-09-04,0523,Aqua,MODIS,91,6.2,319.9,39.5,D,0
-19.24,130.7877,363.9,1.6,1.3,2014-09-04,0523,Aqua,MODIS,100,6.2,317.4,154.8,D,0
-19.2427,130.7723,358.6,1.6,1.3,2014-09-04,0523,Aqua,MODIS,99,6.2,317.3,123.9,D,0
-19.2125,130.7436,340.5,1.6,1.3,2014-09-04,0523,Aqua,MODIS,56,6.2,314.3,40.7,D,0
-19.2151,130.7282,374,1.6,1.3,2014-09-04,0523,Aqua,MODIS,100,6.2,316.9,221.5,D,0
-19.1986,130.7569,385.3,1.6,1.3,2014-09-04,0523,Aqua,MODIS,100,6.2,321.9,315.9,D,0
-19.2013,130.7414,404.1,1.6,1.3,2014-09-04,0523,Aqua,MODIS,100,6.2,324.1,524.6,D,0
-20.2519,127.7187,344.4,1.1,1,2014-09-04,0523,Aqua,MODIS,87,6.2,319.9,31.8,D,0
-19.6369,127.465,333.8,1.1,1,2014-09-04,0523,Aqua,MODIS,29,6.2,320.7,11.6,D,0
-19.6277,127.4634,336,1.1,1,2014-09-04,0523,Aqua,MODIS,70,6.2,320.6,15.9,D,0
-20.3607,127.301,332,1,1,2014-09-04,0523,Aqua,MODIS,63,6.2,321.3,9.8,D,0
-20.2668,127.3088,336.7,1,1,2014-09-04,0523,Aqua,MODIS,76,6.2,319.3,19.2,D,0
-22.172,123.2307,338.9,1.2,1.1,2014-09-04,0523,Aqua,MODIS,82,6.2,317.2,28.5,D,0
-22.0438,119.7715,333.7,2.1,1.4,2014-09-04,0523,Aqua,MODIS,80,6.2,305.8,60.3,D,0
-22.0332,119.7494,332.4,2.1,1.4,2014-09-04,0523,Aqua,MODIS,76,6.2,309.8,52.3,D,0
-22.046,119.7511,349.7,2.1,1.4,2014-09-04,0523,Aqua,MODIS,94,6.2,310.1,141.6,D,0
-22.033,119.7564,331.3,2.1,1.4,2014-09-04,0523,Aqua,MODIS,73,6.2,308.6,49.5,D,0
-22.0479,119.7374,337,2.1,1.4,2014-09-04,0523,Aqua,MODIS,55,6.2,310.1,67.1,D,0
-22.0458,119.758,358.5,2.1,1.4,2014-09-04,0523,Aqua,MODIS,99,6.2,308.9,205,D,0
-22.0607,119.7388,372.8,2.1,1.4,2014-09-04,0523,Aqua,MODIS,100,6.2,312.7,332.7,D,0
-22.0757,119.7192,348.7,2.1,1.4,2014-09-04,0523,Aqua,MODIS,93,6.2,306.9,132.1,D,0
-22.0736,119.7401,401.1,2.1,1.4,2014-09-04,0523,Aqua,MODIS,100,6.2,314.3,743.1,D,0
-22.0714,119.761,328.5,2.1,1.4,2014-09-04,0523,Aqua,MODIS,68,6.2,305.2,45.5,D,0
-21.2652,125.8916,330.9,1,1,2014-09-04,0523,Aqua,MODIS,50,6.2,318.4,7.4,D,0
-21.2666,125.882,332,1,1,2014-09-04,0523,Aqua,MODIS,57,6.2,318.8,8.4,D,0
-21.2562,125.8902,354,1,1,2014-09-04,0523,Aqua,MODIS,95,6.2,320.4,48.2,D,0
-21.2575,125.8805,343.6,1,1,2014-09-04,0523,Aqua,MODIS,85,6.2,322.4,26.3,D,0
-22.1735,123.2186,367.3,1.3,1.1,2014-09-04,0523,Aqua,MODIS,100,6.2,323.1,120.6,D,0
-22.1836,123.22,352.2,1.3,1.1,2014-09-04,0523,Aqua,MODIS,94,6.2,317.3,64.9,D,0
-22.182,123.2321,341.7,1.2,1.1,2014-09-04,0523,Aqua,MODIS,85,6.2,315.3,35.8,D,0
-22.1844,123.2144,338.2,1.3,1.1,2014-09-04,0523,Aqua,MODIS,81,6.2,316.8,29.9,D,0
-22.1829,123.2266,362.1,1.3,1.1,2014-09-04,0523,Aqua,MODIS,100,6.2,317.1,101.6,D,0
-22.1635,123.2172,332.7,1.3,1.1,2014-09-04,0523,Aqua,MODIS,71,6.2,317.1,16.4,D,0
-21.2283,125.8265,337.9,1,1,2014-09-04,0523,Aqua,MODIS,77,6.2,321.6,15.9,D,0
-21.2269,125.8362,371.2,1,1,2014-09-04,0523,Aqua,MODIS,100,6.2,322.3,97.7,D,0
-21.2284,120.1196,367.8,1.9,1.4,2014-09-04,0523,Aqua,MODIS,100,6.2,307.8,256,D,0
-21.2304,120.1007,391.4,2,1.4,2014-09-04,0523,Aqua,MODIS,100,6.2,320.6,508.8,D,0
-21.2161,120.118,337.6,1.9,1.4,2014-09-04,0523,Aqua,MODIS,74,6.2,308,68.1,D,0
-21.2181,120.0992,342.4,2,1.4,2014-09-04,0523,Aqua,MODIS,85,6.2,314,85.2,D,0
-19.68,127.0544,374.1,1,1,2014-09-04,0523,Aqua,MODIS,100,6.2,314.8,119.5,D,0
-19.6815,127.0446,361.7,1,1,2014-09-04,0523,Aqua,MODIS,100,6.2,313.9,79.1,D,0
-19.6531,127.171,333.5,1,1,2014-09-04,0523,Aqua,MODIS,69,6.2,317.8,13.6,D,0
-19.6605,127.1217,355.8,1,1,2014-09-04,0523,Aqua,MODIS,97,6.2,319.5,58.2,D,0
-19.6709,127.0528,339,1,1,2014-09-04,0523,Aqua,MODIS,73,6.2,314,25.5,D,0
-19.6724,127.043,339.6,1,1,2014-09-04,0523,Aqua,MODIS,80,6.2,312.3,28.4,D,0
-19.6454,127.1596,329.4,1,1,2014-09-04,0523,Aqua,MODIS,27,6.2,317.8,7.2,D,0
-19.6482,127.0792,331.6,1,1,2014-09-04,0523,Aqua,MODIS,30,6.2,314.3,12.4,D,0
-19.6497,127.0694,333,1,1,2014-09-04,0523,Aqua,MODIS,36,6.2,314,14.6,D,0
-19.6753,127.0234,341.9,1,1,2014-09-04,0523,Aqua,MODIS,84,6.2,308.9,35.3,D,0
-19.6465,127.0286,337.8,1,1,2014-09-04,0523,Aqua,MODIS,78,6.2,306.8,27.5,D,0
-19.648,127.0188,356.2,1,1,2014-09-04,0523,Aqua,MODIS,97,6.2,308.4,66.9,D,0
-19.6494,127.009,345,1,1,2014-09-04,0523,Aqua,MODIS,87,6.2,308.2,42.9,D,0
-19.6362,127.0402,341.5,1,1,2014-09-04,0523,Aqua,MODIS,79,6.2,309.5,29,D,0
-19.6376,127.0304,353.3,1,1,2014-09-04,0523,Aqua,MODIS,95,6.2,308.7,55.2,D,0
-19.6391,127.0206,337.3,1,1,2014-09-04,0523,Aqua,MODIS,77,6.2,306.9,24.7,D,0
-19.6271,127.0387,328.8,1,1,2014-09-04,0523,Aqua,MODIS,27,6.2,307.7,11.4,D,0
-19.6194,127.0273,358.9,1,1,2014-09-04,0523,Aqua,MODIS,99,6.2,310.4,72.6,D,0
-19.6209,127.0175,352.3,1,1,2014-09-04,0523,Aqua,MODIS,94,6.2,310.8,56.9,D,0
-21.0116,118.4615,336.5,2.6,1.5,2014-09-04,0523,Aqua,MODIS,47,6.2,315.3,61.8,D,0
-20.5096,118.5474,350.9,2.5,1.5,2014-09-04,0523,Aqua,MODIS,94,6.2,310.8,177.4,D,0
-20.512,118.5235,380.5,2.5,1.5,2014-09-04,0523,Aqua,MODIS,100,6.2,315.8,520.7,D,0
-20.5027,118.5398,409,2.5,1.5,2014-09-04,0523,Aqua,MODIS,100,6.2,317.1,1110.6,D,0
-20.5052,118.5158,433.5,2.5,1.5,2014-09-04,0523,Aqua,MODIS,100,6.2,326.5,1908.8,D,0
-20.4914,118.5143,346.1,2.5,1.5,2014-09-04,0523,Aqua,MODIS,90,6.2,314,141.1,D,0
-20.9905,118.5336,333.4,2.5,1.5,2014-09-04,0523,Aqua,MODIS,65,6.2,313.1,58,D,0
-21.3182,118.5954,350.6,2.5,1.5,2014-09-04,0523,Aqua,MODIS,94,6.2,311.4,184,D,0
-21.3205,118.5709,350.6,2.5,1.5,2014-09-04,0523,Aqua,MODIS,94,6.2,313.1,183.7,D,0
-21.3267,118.5913,349.1,2.5,1.5,2014-09-04,0523,Aqua,MODIS,93,6.2,309.7,172.6,D,0
-21.3292,118.5668,330.2,2.5,1.5,2014-09-04,0523,Aqua,MODIS,66,6.2,311.2,49.7,D,0
-21.3129,118.5896,336.2,2.5,1.5,2014-09-04,0523,Aqua,MODIS,82,6.2,310.9,80.9,D,0
-21.3154,118.5652,341.5,2.5,1.5,2014-09-04,0523,Aqua,MODIS,87,6.2,312.6,112.6,D,0
-21.3015,118.5635,330.2,2.5,1.5,2014-09-04,0523,Aqua,MODIS,57,6.2,310.9,47.6,D,0
-21.2922,119.7816,346.6,2.1,1.4,2014-09-04,0523,Aqua,MODIS,91,6.2,316.2,110.4,D,0
-21.2891,119.7946,330.2,2.1,1.4,2014-09-04,0523,Aqua,MODIS,72,6.2,314.6,36.6,D,0
-21.2913,119.7745,341,2.1,1.4,2014-09-04,0523,Aqua,MODIS,86,6.2,316.3,83.2,D,0
-21.0503,119.7325,334.4,2.1,1.4,2014-09-04,0523,Aqua,MODIS,78,6.2,316.2,51.4,D,0
-21.0502,119.7275,331.4,2.1,1.4,2014-09-04,0523,Aqua,MODIS,65,6.2,316.7,35.3,D,0
-21.8385,119.6299,349.6,2.2,1.4,2014-09-04,0523,Aqua,MODIS,94,6.2,313.8,134.2,D,0
-21.8256,119.6285,328.8,2.2,1.4,2014-09-04,0523,Aqua,MODIS,69,6.2,313,31.1,D,0
-21.8278,119.6075,329.9,2.2,1.4,2014-09-04,0523,Aqua,MODIS,74,6.2,314.9,33.2,D,0
-21.7108,119.4949,332.4,2.2,1.4,2014-09-04,0523,Aqua,MODIS,78,6.2,314.8,47.8,D,0
-21.7093,119.5017,339.7,2.2,1.4,2014-09-04,0523,Aqua,MODIS,86,6.2,315.2,84.2,D,0
-21.032,118.5384,359.5,2.5,1.5,2014-09-04,0523,Aqua,MODIS,99,6.2,308.4,269.9,D,0
-21.0345,118.5139,395.8,2.5,1.5,2014-09-04,0523,Aqua,MODIS,100,6.2,312.8,830.6,D,0
-21.0182,118.5368,426.7,2.5,1.5,2014-09-04,0523,Aqua,MODIS,100,6.2,322.4,1687,D,0
-21.0206,118.5123,408.1,2.5,1.5,2014-09-04,0523,Aqua,MODIS,100,6.2,325.5,1111.2,D,0
-21.0231,118.4878,379.5,2.5,1.5,2014-09-04,0523,Aqua,MODIS,100,6.2,316.6,511.7,D,0
-21.0043,118.5352,389.5,2.5,1.5,2014-09-04,0523,Aqua,MODIS,100,6.2,317.4,685.1,D,0
-21.0067,118.5107,358.6,2.5,1.5,2014-09-04,0523,Aqua,MODIS,99,6.2,316.9,238.1,D,0
-21.0092,118.4861,339.3,2.5,1.5,2014-09-04,0523,Aqua,MODIS,63,6.2,316.3,76.1,D,0
-20.999,118.5299,363.6,2.5,1.5,2014-09-04,0523,Aqua,MODIS,100,6.2,315.9,298.1,D,0
-21.0015,118.5054,336.7,2.5,1.5,2014-09-04,0523,Aqua,MODIS,57,6.2,316.3,66.5,D,0
-21.0041,118.4809,331.7,2.5,1.5,2014-09-04,0523,Aqua,MODIS,29,6.2,316.8,35,D,0
-20.9929,118.5091,334.8,2.5,1.5,2014-09-04,0523,Aqua,MODIS,53,6.2,316,60,D,0
-16.9816,134.8476,330.2,3.6,1.8,2014-09-04,0524,Aqua,MODIS,65,6.2,308,100.8,D,0
-16.9881,134.8141,323.2,3.6,1.8,2014-09-04,0524,Aqua,MODIS,50,6.2,309,60.4,D,0
-17.2004,134.8373,322.7,3.6,1.8,2014-09-04,0524,Aqua,MODIS,32,6.2,309.9,42.7,D,0
-19.124,122.0203,364.2,1.3,1.2,2014-09-04,0524,Aqua,MODIS,100,6.2,315.9,121.4,D,0
-19.1256,122.0075,342.5,1.4,1.2,2014-09-04,0524,Aqua,MODIS,85,6.2,316.8,43.7,D,0
-19.1136,122.0189,373.1,1.3,1.2,2014-09-04,0524,Aqua,MODIS,100,6.2,319.4,166.5,D,0
-19.1152,122.0061,336.2,1.4,1.2,2014-09-04,0524,Aqua,MODIS,76,6.2,320.5,27.8,D,0
-19.1168,121.9933,352.1,1.4,1.2,2014-09-04,0524,Aqua,MODIS,94,6.2,319.1,72.7,D,0
-16.8732,134.8543,333.1,3.6,1.8,2014-09-04,0524,Aqua,MODIS,69,6.2,305.4,126.7,D,0
-16.8254,134.8439,334.7,3.6,1.8,2014-09-04,0524,Aqua,MODIS,79,6.2,305.2,165.7,D,0
-16.8328,134.8378,324.4,3.6,1.8,2014-09-04,0524,Aqua,MODIS,60,6.2,304.7,87.1,D,0
-16.8169,134.8343,328,3.6,1.8,2014-09-04,0524,Aqua,MODIS,74,6.2,304,115.6,D,0
-17.1185,134.7515,342.3,3.5,1.8,2014-09-04,0524,Aqua,MODIS,89,6.2,308.4,218.5,D,0
-17.0416,134.7644,325.2,3.6,1.8,2014-09-04,0524,Aqua,MODIS,23,6.2,311.5,70.9,D,0
-17.0481,134.7581,327.6,3.6,1.8,2014-09-04,0524,Aqua,MODIS,47,6.2,310.9,87.3,D,0
-17.0323,134.7547,333,3.6,1.8,2014-09-04,0524,Aqua,MODIS,54,6.2,309.9,128.1,D,0
-16.9274,134.871,326.2,3.6,1.8,2014-09-04,0524,Aqua,MODIS,60,6.2,307,71.9,D,0
-15.6578,130.3733,338.9,1.8,1.3,2014-09-04,0524,Aqua,MODIS,85,6.2,318.7,47.8,D,0
-17.0295,135.459,321.1,4,1.9,2014-09-04,0524,Aqua,MODIS,35,6.2,309.3,55.6,D,0
-17.0203,135.4184,327.2,4,1.9,2014-09-04,0524,Aqua,MODIS,60,6.2,308.9,96.5,D,0
-17.0368,135.4219,328.9,4,1.9,2014-09-04,0524,Aqua,MODIS,66,6.2,311.2,113.4,D,0
-16.8261,135.2119,320.2,3.9,1.8,2014-09-04,0524,Aqua,MODIS,38,6.2,307.1,48.5,D,0
-17.0257,135.3049,328.1,3.9,1.8,2014-09-04,0524,Aqua,MODIS,74,6.2,310.4,93.4,D,0
-17.0216,135.2992,327.3,3.9,1.8,2014-09-04,0524,Aqua,MODIS,66,6.2,310.1,84.8,D,0
-19.1201,121.9675,348.4,1.4,1.2,2014-09-04,0524,Aqua,MODIS,91,6.2,319.5,58.1,D,0
-19.1184,121.9804,365.3,1.4,1.2,2014-09-04,0524,Aqua,MODIS,100,6.2,320.2,124.1,D,0
-19.1217,121.9546,360,1.4,1.2,2014-09-04,0524,Aqua,MODIS,94,6.2,321.3,99.7,D,0
-15.6255,130.3506,360.4,1.8,1.3,2014-09-04,0524,Aqua,MODIS,100,6.2,316.7,153.9,D,0
-15.6092,130.3239,341.5,1.8,1.3,2014-09-04,0524,Aqua,MODIS,85,6.2,316.4,60.1,D,0
-15.6372,130.3527,369.3,1.8,1.3,2014-09-04,0524,Aqua,MODIS,100,6.2,321.2,212.9,D,0
-15.6344,130.3691,357,1.8,1.3,2014-09-04,0524,Aqua,MODIS,98,6.2,313.8,134.2,D,0
-15.6461,130.3711,352.4,1.8,1.3,2014-09-04,0524,Aqua,MODIS,95,6.2,317.3,108.7,D,0
-18.1321,123.7774,332.9,1.1,1,2014-09-04,0524,Aqua,MODIS,60,6.2,317.5,12.3,D,0
-18.1214,123.7861,348.7,1.1,1,2014-09-04,0524,Aqua,MODIS,91,6.2,320.5,41.6,D,0
-18.1227,123.776,351.9,1.1,1,2014-09-04,0524,Aqua,MODIS,94,6.2,322.5,48.3,D,0
-18.0814,123.8008,337.5,1.1,1,2014-09-04,0524,Aqua,MODIS,79,6.2,319.5,19.4,D,0
-18.0828,123.7907,347.3,1.1,1,2014-09-04,0524,Aqua,MODIS,90,6.2,320.2,38.2,D,0
-18.1482,123.7281,347.6,1.1,1,2014-09-04,0524,Aqua,MODIS,80,6.2,318,39.5,D,0
-18.1068,123.753,332.7,1.1,1,2014-09-04,0524,Aqua,MODIS,61,6.2,319.9,10.9,D,0
-17.1342,134.7548,326.9,3.5,1.8,2014-09-04,0524,Aqua,MODIS,68,6.2,309.8,77.7,D,0
-17.1249,134.719,339.5,3.5,1.8,2014-09-04,0524,Aqua,MODIS,87,6.2,307.2,189.9,D,0
-17.1424,134.7516,323.9,3.5,1.8,2014-09-04,0524,Aqua,MODIS,31,6.2,309.9,54,D,0
-17.1267,134.7484,352.4,3.5,1.8,2014-09-04,0524,Aqua,MODIS,95,6.2,310,341.2,D,0
-17.1328,134.7158,331.1,3.5,1.8,2014-09-04,0524,Aqua,MODIS,72,6.2,308.9,111.6,D,0
-17.2346,134.887,325.8,3.6,1.8,2014-09-04,0524,Aqua,MODIS,42,6.2,311,65,D,0
-18.0358,123.7358,334.4,1.1,1,2014-09-04,0524,Aqua,MODIS,63,6.2,318.7,15.4,D,0
-18.1845,123.6709,334.8,1.1,1,2014-09-04,0524,Aqua,MODIS,69,6.2,315.7,16.6,D,0
-16.8796,134.8609,330.2,3.6,1.8,2014-09-04,0524,Aqua,MODIS,47,6.2,306.4,96.5,D,0
-16.9863,134.9613,321.4,3.7,1.8,2014-09-04,0524,Aqua,MODIS,13,6.2,310.5,39.7,D,0
-16.993,134.9274,330.4,3.7,1.8,2014-09-04,0524,Aqua,MODIS,63,6.2,309.2,99.1,D,0
-17.0007,134.9214,330,3.7,1.8,2014-09-04,0524,Aqua,MODIS,66,6.2,310.2,93.6,D,0
-16.6206,123.6929,326.2,1.1,1,2014-09-04,0524,Aqua,MODIS,49,6.2,313.5,10.5,D,0
-16.5213,124.0062,350.3,1,1,2014-09-04,0524,Aqua,MODIS,94,6.2,314.5,48.7,D,0
-16.52,124.0158,348.7,1,1,2014-09-04,0524,Aqua,MODIS,93,6.2,314.3,46.2,D,0
-16.5186,124.0255,351.9,1,1,2014-09-04,0524,Aqua,MODIS,95,6.2,313.5,54.5,D,0
-16.4442,124.0382,326.1,1,1,2014-09-04,0524,Aqua,MODIS,60,6.2,312.5,8.4,D,0
-16.4807,124.0439,327.9,1,1,2014-09-04,0524,Aqua,MODIS,68,6.2,313.6,10.9,D,0
-16.4727,124.1013,339.5,1,1,2014-09-04,0524,Aqua,MODIS,85,6.2,312.3,28.9,D,0
-16.4873,124.0505,335.2,1,1,2014-09-04,0524,Aqua,MODIS,80,6.2,312.8,22,D,0
-17.8098,122.8958,335.7,1.2,1.1,2014-09-04,0524,Aqua,MODIS,58,6.2,317.4,20.4,D,0
-17.7987,122.9054,338.6,1.2,1.1,2014-09-04,0524,Aqua,MODIS,50,6.2,316.9,26.3,D,0
-16.743,123.9331,339,1,1,2014-09-04,0524,Aqua,MODIS,84,6.2,314.3,27,D,0
-16.5546,123.6935,325.7,1.1,1,2014-09-04,0524,Aqua,MODIS,55,6.2,313.8,9.7,D,0
-16.66,123.7358,330.4,1.1,1,2014-09-04,0524,Aqua,MODIS,71,6.2,312.6,15.9,D,0
-16.4713,124.1109,323.3,1,1,2014-09-04,0524,Aqua,MODIS,31,6.2,309.3,7.1,D,0
-16.5371,123.9593,359.3,1,1,2014-09-04,0524,Aqua,MODIS,99,6.2,314.2,69.8,D,0
-16.5462,123.9606,347.7,1,1,2014-09-04,0524,Aqua,MODIS,92,6.2,313.4,40.8,D,0
-16.558,123.9427,328.7,1,1,2014-09-04,0524,Aqua,MODIS,34,6.2,316.1,9.5,D,0
-16.635,123.7118,333.4,1.1,1,2014-09-04,0524,Aqua,MODIS,78,6.2,313.3,19.1,D,0
-16.5771,123.6664,325,1.1,1,2014-09-04,0524,Aqua,MODIS,41,6.2,312.2,9.5,D,0
-16.7416,123.9428,352.1,1,1,2014-09-04,0524,Aqua,MODIS,95,6.2,315.4,53.1,D,0
-16.6826,124.0326,329,1,1,2014-09-04,0524,Aqua,MODIS,65,6.2,315.3,9.8,D,0
-16.7365,123.9121,336.5,1,1,2014-09-04,0524,Aqua,MODIS,81,6.2,314.7,23.2,D,0
-17.8135,122.716,330.2,1.2,1.1,2014-09-04,0524,Aqua,MODIS,42,6.2,316.4,12.7,D,0
-17.8121,122.7272,341.4,1.2,1.1,2014-09-04,0524,Aqua,MODIS,83,6.2,315.5,34.8,D,0
-18.0925,123.5984,339.2,1.1,1,2014-09-04,0524,Aqua,MODIS,80,6.2,319,23,D,0
-19.0577,122.3793,338.2,1.3,1.1,2014-09-04,0524,Aqua,MODIS,79,6.2,313.6,32.6,D,0
-19.0592,122.3672,375.4,1.3,1.1,2014-09-04,0524,Aqua,MODIS,100,6.2,321.5,168,D,0
-19.0607,122.3551,349.4,1.3,1.1,2014-09-04,0524,Aqua,MODIS,92,6.2,320.2,59.6,D,0
-18.1793,123.6388,346,1.1,1,2014-09-04,0524,Aqua,MODIS,89,6.2,316.7,38.6,D,0
-15.6731,128.1475,332.9,1.3,1.1,2014-09-04,0524,Aqua,MODIS,74,6.2,316.7,17.5,D,0
-17.901,122.5972,343,1.2,1.1,2014-09-04,0524,Aqua,MODIS,86,6.2,318.6,39.9,D,0
-17.8996,122.6085,331,1.2,1.1,2014-09-04,0524,Aqua,MODIS,49,6.2,316.4,14.6,D,0
-17.9139,122.805,345.1,1.2,1.1,2014-09-04,0524,Aqua,MODIS,88,6.2,320.4,38.5,D,0
-17.9237,122.8064,342.8,1.2,1.1,2014-09-04,0524,Aqua,MODIS,86,6.2,317.8,35.3,D,0
-16.5449,123.9703,328.5,1,1,2014-09-04,0524,Aqua,MODIS,60,6.2,312.1,9.1,D,0
-16.5357,123.969,334.9,1,1,2014-09-04,0524,Aqua,MODIS,80,6.2,313.7,18.3,D,0
-16.4429,124.0478,327.4,1,1,2014-09-04,0524,Aqua,MODIS,56,6.2,310.4,10,D,0
-16.448,124.0781,328.2,1,1,2014-09-04,0524,Aqua,MODIS,59,6.2,309.9,12.2,D,0
-16.739,123.9622,326.2,1,1,2014-09-04,0524,Aqua,MODIS,38,6.2,313.5,8.1,D,0
-16.7403,123.9525,338.1,1,1,2014-09-04,0524,Aqua,MODIS,83,6.2,312.2,24.9,D,0
-16.7311,123.9512,352.5,1,1,2014-09-04,0524,Aqua,MODIS,95,6.2,312.3,53.3,D,0
-16.4899,124.0311,323.8,1,1,2014-09-04,0524,Aqua,MODIS,23,6.2,311.7,7.1,D,0
-16.5148,123.9857,333.5,1,1,2014-09-04,0524,Aqua,MODIS,78,6.2,313.3,16.1,D,0
-16.5226,123.9966,346.8,1,1,2014-09-04,0524,Aqua,MODIS,91,6.2,314.3,40,D,0
-15.7677,135.6307,326.9,4.4,1.9,2014-09-04,0524,Aqua,MODIS,68,6.2,312.6,108.7,D,0
-14.8533,134.7219,327.1,3.9,1.8,2014-09-04,0524,Aqua,MODIS,48,6.2,308.6,92.7,D,0
-14.5598,134.6448,321.3,3.9,1.8,2014-09-04,0524,Aqua,MODIS,63,6.2,304.9,66.4,D,0
-15.448,135.6651,324.9,4.5,1.9,2014-09-04,0524,Aqua,MODIS,59,6.2,312.6,88.9,D,0
-14.6325,134.7395,320.9,4,1.9,2014-09-04,0524,Aqua,MODIS,60,6.2,306.3,62.5,D,0
-14.3274,133.7396,327.2,3.4,1.7,2014-09-04,0524,Aqua,MODIS,73,6.2,311.3,70.4,D,0
-14.6393,134.7027,318.6,3.9,1.8,2014-09-04,0524,Aqua,MODIS,49,6.2,305.2,47.2,D,0
-14.5531,134.6807,320.6,3.9,1.8,2014-09-04,0524,Aqua,MODIS,60,6.2,305.9,59.7,D,0
-14.6451,134.7121,323.1,3.9,1.8,2014-09-04,0524,Aqua,MODIS,69,6.2,306.1,78.4,D,0
-15.7657,135.6217,323.3,4.4,1.9,2014-09-04,0524,Aqua,MODIS,16,6.2,312.8,74.6,D,0
-14.3023,133.7021,337.1,3.4,1.7,2014-09-04,0524,Aqua,MODIS,85,6.2,311.6,139.4,D,0
-15.4471,135.6698,326.2,4.5,1.9,2014-09-04,0524,Aqua,MODIS,62,6.2,312.2,99.6,D,0
-14.5569,134.6862,317.8,3.9,1.8,2014-09-04,0524,Aqua,MODIS,32,6.2,305.6,38.6,D,0
-14.8661,134.6951,339.8,3.9,1.8,2014-09-04,0524,Aqua,MODIS,88,6.2,307.3,220.8,D,0
-15.7597,135.6708,321.8,4.4,1.9,2014-09-04,0524,Aqua,MODIS,34,6.2,308.8,60.8,D,0
-14.3331,133.7085,329.1,3.4,1.7,2014-09-04,0524,Aqua,MODIS,76,6.2,310.1,81,D,0
-14.5638,134.6503,320.5,3.9,1.8,2014-09-04,0524,Aqua,MODIS,62,6.2,304.8,58.7,D,0
-15.7285,130.4947,341.8,1.8,1.3,2014-09-04,0524,Aqua,MODIS,88,6.2,313.2,67.3,D,0
-18.0991,129.8142,327.8,1.5,1.2,2014-09-04,0524,Aqua,MODIS,26,6.2,316.2,14.9,D,0
-18.1024,129.8215,329.3,1.5,1.2,2014-09-04,0524,Aqua,MODIS,55,6.2,317.8,17.8,D,0
-17.7818,127.7424,329.7,1.1,1.1,2014-09-04,0524,Aqua,MODIS,45,6.2,318.1,10.1,D,0
-15.7403,130.4968,330.3,1.8,1.3,2014-09-04,0524,Aqua,MODIS,50,6.2,317.4,25.2,D,0
-15.6049,130.3302,339.9,1.8,1.3,2014-09-04,0524,Aqua,MODIS,86,6.2,314,49.9,D,0
-17.7861,127.7379,342.6,1.1,1.1,2014-09-04,0524,Aqua,MODIS,86,6.2,318,30.3,D,0
-17.7955,127.7397,335.2,1.1,1.1,2014-09-04,0524,Aqua,MODIS,76,6.2,316.7,17.5,D,0
-18.3145,129.9881,330,1.5,1.2,2014-09-04,0524,Aqua,MODIS,47,6.2,317,19.9,D,0
-15.7257,130.5113,362,1.8,1.3,2014-09-04,0524,Aqua,MODIS,100,6.2,312,178.4,D,0
-17.774,127.7301,328.6,1.1,1.1,2014-09-04,0524,Aqua,MODIS,36,6.2,317.7,8.5,D,0
-15.7375,130.5136,345.5,1.8,1.3,2014-09-04,0524,Aqua,MODIS,91,6.2,315.9,86,D,0
-14.7285,132.0176,323,2.5,1.5,2014-09-04,0524,Aqua,MODIS,58,6.2,309.2,29.4,D,0
-15.334,135.2153,322.6,4.2,1.9,2014-09-04,0524,Aqua,MODIS,49,6.2,311.2,46.3,D,0
-13.5849,130.654,338.3,2,1.4,2014-09-04,0525,Aqua,MODIS,85,6.2,316.4,62.8,D,0
-13.4608,132.5271,324.8,2.9,1.6,2014-09-04,0525,Aqua,MODIS,48,6.2,311.7,35.5,D,0
-13.4603,132.5223,322.9,2.9,1.6,2014-09-04,0525,Aqua,MODIS,36,6.2,311.9,29.8,D,0
-12.7269,132.1788,324.6,2.8,1.6,2014-09-04,0525,Aqua,MODIS,57,6.2,307.9,38.3,D,0
-12.7127,132.1761,337.3,2.8,1.6,2014-09-04,0525,Aqua,MODIS,85,6.2,312.2,108.8,D,0
-12.703,132.1485,330.1,2.8,1.6,2014-09-04,0525,Aqua,MODIS,59,6.2,308.9,63,D,0
-12.6984,132.1736,361.3,2.8,1.6,2014-09-04,0525,Aqua,MODIS,100,6.2,310.4,333.3,D,0
-12.7093,132.1681,363.2,2.8,1.6,2014-09-04,0525,Aqua,MODIS,100,6.2,313.7,356.8,D,0
-13.5725,130.6517,334.1,2,1.4,2014-09-04,0525,Aqua,MODIS,81,6.2,316.1,47.5,D,0
-11.5575,132.8202,317.7,3.3,1.7,2014-09-04,0525,Aqua,MODIS,41,6.2,305.6,32.3,D,0
-11.7822,133.0985,328.7,3.4,1.7,2014-09-04,0525,Aqua,MODIS,82,6.2,308.4,91.6,D,0
-11.7876,133.0676,322.8,3.4,1.7,2014-09-04,0525,Aqua,MODIS,60,6.2,305.5,48.3,D,0
-11.7666,133.0957,323.8,3.4,1.7,2014-09-04,0525,Aqua,MODIS,62,6.2,306,65.2,D,0
-12.6881,132.3771,332,2.9,1.6,2014-09-04,0525,Aqua,MODIS,80,6.2,311,84.7,D,0
-12.7419,132.2605,331.2,2.8,1.6,2014-09-04,0525,Aqua,MODIS,66,6.2,314,64.5,D,0
-14.3065,133.6956,335.3,3.4,1.7,2014-09-04,0525,Aqua,MODIS,63,6.2,311.6,130.4,D,0
-13.2812,134.7215,334.4,4.2,1.9,2014-09-04,0525,Aqua,MODIS,83,6.2,294.6,232.2,D,0
-13.2826,134.7264,330.2,4.2,1.9,2014-09-04,0525,Aqua,MODIS,78,6.2,293.5,186.1,D,0
-12.6926,132.3511,338.5,2.9,1.6,2014-09-04,0525,Aqua,MODIS,86,6.2,312,121.9,D,0
-12.7049,132.1935,330.6,2.8,1.6,2014-09-04,0525,Aqua,MODIS,46,6.2,312.3,62.7,D,0
-12.6901,132.3848,325.8,2.9,1.6,2014-09-04,0525,Aqua,MODIS,72,6.2,311.1,49,D,0
-12.6947,132.3588,343.4,2.9,1.6,2014-09-04,0525,Aqua,MODIS,90,6.2,312.5,163.8,D,0
-15.3297,125.7243,336.7,1,1,2014-09-04,0525,Aqua,MODIS,81,6.2,318.4,18.3,D,0
-13.5377,133.2971,326.2,3.3,1.7,2014-09-04,0525,Aqua,MODIS,69,6.2,310.7,61.1,D,0
-11.7213,132.9926,323.3,3.4,1.7,2014-09-04,0525,Aqua,MODIS,68,6.2,304,62.9,D,0
-13.5324,133.327,323,3.3,1.7,2014-09-04,0525,Aqua,MODIS,59,6.2,309.4,43.8,D,0
-11.7271,132.9889,328.8,3.4,1.7,2014-09-04,0525,Aqua,MODIS,82,6.2,305.8,101.8,D,0
-13.533,133.3009,323.3,3.3,1.7,2014-09-04,0525,Aqua,MODIS,60,6.2,311,43.1,D,0
-11.44,130.9065,318.2,2.3,1.5,2014-09-04,0525,Aqua,MODIS,57,6.2,305.5,20,D,0
-11.4436,130.8851,324.4,2.3,1.5,2014-09-04,0525,Aqua,MODIS,77,6.2,307,41.1,D,0
-11.6731,130.6887,319.7,2.2,1.4,2014-09-04,0525,Aqua,MODIS,24,6.2,308.6,17,D,0
-12.6486,132.2624,330.9,2.8,1.6,2014-09-04,0525,Aqua,MODIS,73,6.2,313.5,70.6,D,0
-11.5339,130.3403,327.8,2.1,1.4,2014-09-04,0525,Aqua,MODIS,37,6.2,305.7,40.7,D,0
-12.4745,130.6155,328.5,2.1,1.4,2014-09-04,0525,Aqua,MODIS,50,6.2,310.1,40.4,D,0
-11.673,130.2986,333.1,2.1,1.4,2014-09-04,0525,Aqua,MODIS,64,6.2,310.1,55.7,D,0
-11.6734,130.2934,326.8,2.1,1.4,2014-09-04,0525,Aqua,MODIS,73,6.2,309.3,30.4,D,0
-13.67,129.929,326,1.8,1.3,2014-09-04,0525,Aqua,MODIS,66,6.2,315.3,24.1,D,0
-15.2669,125.5933,327.7,1,1,2014-09-04,0525,Aqua,MODIS,46,6.2,311.7,9.7,D,0
-15.2496,125.5839,351.4,1,1,2014-09-04,0525,Aqua,MODIS,94,6.2,317.4,47,D,0
-15.2095,125.7314,336,1,1,2014-09-04,0525,Aqua,MODIS,80,6.2,319,14.4,D,0
-15.2446,125.5544,338.9,1,1,2014-09-04,0525,Aqua,MODIS,83,6.2,312.5,26.5,D,0
-14.5326,129.9373,330.2,1.7,1.3,2014-09-04,0525,Aqua,MODIS,74,6.2,319.1,24.1,D,0
-28.4996,150.2287,300.6,1.6,1.2,2014-09-04,1307,Terra,MODIS,31,6.2,277.8,16.3,N,0
-28.5005,150.2225,303.1,1.6,1.2,2014-09-04,1307,Terra,MODIS,53,6.2,277.5,17.9,N,0
-24.9471,148.0848,308.9,1.4,1.2,2014-09-04,1308,Terra,MODIS,76,6.2,279.9,20.2,N,0
-23.8688,151.1797,305.3,2.3,1.5,2014-09-04,1309,Terra,MODIS,64,6.2,283.7,30.6,N,0
-23.8598,151.1709,300.7,2.3,1.5,2014-09-04,1309,Terra,MODIS,33,6.2,283.1,23,N,0
-23.9317,149.3252,304.3,1.7,1.3,2014-09-04,1309,Terra,MODIS,6,6.2,283.8,17.1,N,0
-23.9207,149.3344,307.6,1.7,1.3,2014-09-04,1309,Terra,MODIS,42,6.2,283.5,21.9,N,0
-23.9237,149.3179,313.5,1.7,1.3,2014-09-04,1309,Terra,MODIS,87,6.2,285.3,30.6,N,0
-22.6878,145.5846,305,1.1,1,2014-09-04,1309,Terra,MODIS,58,6.2,282.2,9.5,N,0
-22.6675,145.5917,371.2,1.1,1,2014-09-04,1309,Terra,MODIS,100,6.2,292.6,139.2,N,0
-22.6581,145.59,334.3,1.1,1,2014-09-04,1309,Terra,MODIS,100,6.2,285,42.5,N,0
-22.6862,145.5952,334.5,1.1,1,2014-09-04,1309,Terra,MODIS,100,6.2,286.3,42.8,N,0
-22.6768,145.5934,387.4,1.1,1,2014-09-04,1309,Terra,MODIS,100,6.2,295.5,213.8,N,0
-22.6658,145.6023,311.5,1.1,1,2014-09-04,1309,Terra,MODIS,38,6.2,285.2,13.9,N,0
-22.6785,145.5829,332,1.1,1,2014-09-04,1309,Terra,MODIS,100,6.2,284.6,37,N,0
-22.6564,145.6006,303.7,1.1,1,2014-09-04,1309,Terra,MODIS,57,6.2,283.1,9.2,N,0
-18.4807,146.0952,302.1,1.3,1.1,2014-09-04,1310,Terra,MODIS,47,6.2,288.3,9.1,N,0
-20.7374,139.4719,301.9,1.3,1.1,2014-09-04,1310,Terra,MODIS,45,6.2,288.5,9.2,N,0
-14.9064,144.9392,301.6,1.3,1.1,2014-09-04,1311,Terra,MODIS,25,6.2,290.8,6,N,0
-15.5599,145.2766,305.6,1.3,1.1,2014-09-04,1311,Terra,MODIS,52,6.2,291.7,8.6,N,0
-15.5498,145.275,304.5,1.3,1.1,2014-09-04,1311,Terra,MODIS,21,6.2,292.2,7.4,N,0
-14.9183,144.9284,300.7,1.3,1.1,2014-09-04,1311,Terra,MODIS,16,6.2,289.9,5.5,N,0
-14.855,143.066,318.2,1,1,2014-09-04,1311,Terra,MODIS,96,6.2,290.7,17.1,N,0
-14.8504,142.9084,303.9,1,1,2014-09-04,1311,Terra,MODIS,38,6.2,290.8,5.4,N,0
-17.6031,138.289,319.5,1.4,1.2,2014-09-04,1311,Terra,MODIS,99,6.2,287.5,32.8,N,0
-17.6047,138.2755,301.1,1.4,1.2,2014-09-04,1311,Terra,MODIS,38,6.2,285.7,10.1,N,0
-17.1022,135.4073,326.2,2.3,1.5,2014-09-04,1311,Terra,MODIS,100,6.2,288.1,84.5,N,0
-17.1033,135.4235,326,2.3,1.5,2014-09-04,1311,Terra,MODIS,100,6.2,289.5,84.7,N,0
-17.1058,135.4021,308.8,2.3,1.5,2014-09-04,1311,Terra,MODIS,75,6.2,285.4,32.9,N,0
-17.6627,138.3712,333.9,1.4,1.2,2014-09-04,1311,Terra,MODIS,100,6.2,288.4,60.4,N,0
-17.6611,138.3846,324.7,1.4,1.2,2014-09-04,1311,Terra,MODIS,100,6.2,287.7,40.9,N,0
-17.657,138.3782,324.3,1.4,1.2,2014-09-04,1311,Terra,MODIS,100,6.2,287,40.4,N,0
-17.0999,135.4285,324,2.3,1.5,2014-09-04,1311,Terra,MODIS,100,6.2,291.1,75.7,N,0
-17.0868,135.4266,339.8,2.3,1.5,2014-09-04,1311,Terra,MODIS,100,6.2,291.3,146.3,N,0
-17.089,135.4057,337.8,2.3,1.5,2014-09-04,1311,Terra,MODIS,100,6.2,291.5,136.2,N,0
-17.0736,135.4248,305.1,2.3,1.5,2014-09-04,1311,Terra,MODIS,41,6.2,288.9,23.3,N,0
-17.0902,135.4217,352.2,2.3,1.5,2014-09-04,1311,Terra,MODIS,100,6.2,293.8,225.5,N,0
-17.0926,135.4007,325.9,2.3,1.5,2014-09-04,1311,Terra,MODIS,100,6.2,289,80.2,N,0
-17.0638,135.4181,310.3,2.3,1.5,2014-09-04,1311,Terra,MODIS,49,6.2,290.1,33.4,N,0
-17.0506,135.4164,306.7,2.3,1.5,2014-09-04,1311,Terra,MODIS,24,6.2,290,25,N,0
-17.0204,135.3255,304.2,2.3,1.5,2014-09-04,1311,Terra,MODIS,25,6.2,285.7,22.2,N,0
-17.0112,135.318,306.2,2.3,1.5,2014-09-04,1311,Terra,MODIS,45,6.2,286.4,26.4,N,0
-14.8328,142.9095,302.5,1,1,2014-09-04,1311,Terra,MODIS,50,6.2,290.2,5.4,N,0
-14.8089,143.0724,307.5,1,1,2014-09-04,1311,Terra,MODIS,71,6.2,291.4,8.3,N,0
-14.8791,142.7769,309.6,1,1,2014-09-04,1311,Terra,MODIS,45,6.2,287.8,9.4,N,0
-14.8276,143.0616,308.6,1,1,2014-09-04,1311,Terra,MODIS,41,6.2,291.1,7.9,N,0
-14.8714,142.766,315.1,1,1,2014-09-04,1311,Terra,MODIS,62,6.2,286,13.4,N,0
-14.8896,142.7689,309,1,1,2014-09-04,1311,Terra,MODIS,70,6.2,286.1,9.2,N,0
-14.9106,142.8791,303,1,1,2014-09-04,1311,Terra,MODIS,53,6.2,290.1,5.3,N,0
-14.8805,142.7674,328.2,1,1,2014-09-04,1311,Terra,MODIS,100,6.2,286.8,27.7,N,0
-14.87,142.7755,332.6,1,1,2014-09-04,1311,Terra,MODIS,100,6.2,287.7,32.8,N,0
-14.8686,142.7849,311.2,1,1,2014-09-04,1311,Terra,MODIS,22,6.2,287.4,9.8,N,0
-14.8672,142.7944,336.8,1,1,2014-09-04,1311,Terra,MODIS,100,6.2,289,39.5,N,0
-14.8658,142.8039,301.7,1,1,2014-09-04,1311,Terra,MODIS,43,6.2,287.9,4.8,N,0
-14.8184,143.0601,307.7,1,1,2014-09-04,1311,Terra,MODIS,38,6.2,291.2,7.2,N,0
-14.817,143.0697,315.3,1,1,2014-09-04,1311,Terra,MODIS,91,6.2,291.6,13.2,N,0
-13.216,134.1286,303.6,2.5,1.5,2014-09-04,1312,Terra,MODIS,56,6.2,292.2,22.7,N,0
-13.2133,134.1516,304.1,2.5,1.5,2014-09-04,1312,Terra,MODIS,59,6.2,292.1,23.9,N,0
-12.5949,132.9754,308.5,3,1.7,2014-09-04,1312,Terra,MODIS,75,6.2,295.8,37.7,N,0
-12.8852,141.8762,304.2,1,1,2014-09-04,1312,Terra,MODIS,59,6.2,292.1,5.6,N,0
-14.2966,133.6705,312.6,2.8,1.6,2014-09-04,1312,Terra,MODIS,85,6.2,291.4,56.2,N,0
-14.3081,133.6981,324.7,2.8,1.6,2014-09-04,1312,Terra,MODIS,100,6.2,293.1,103.6,N,0
-12.6514,142.0296,308.6,1,1,2014-09-04,1312,Terra,MODIS,36,6.2,293.4,7.6,N,0
-14.3111,133.672,315.1,2.8,1.6,2014-09-04,1312,Terra,MODIS,91,6.2,292.3,62.9,N,0
-14.2955,133.7034,305.1,2.8,1.6,2014-09-04,1312,Terra,MODIS,63,6.2,292.3,30.2,N,0
-12.6334,142.0269,308.3,1,1,2014-09-04,1312,Terra,MODIS,68,6.2,292.6,7.1,N,0
-12.7545,132.2674,304.7,3.5,1.8,2014-09-04,1312,Terra,MODIS,25,6.2,293.8,32.7,N,0
-14.2983,133.6774,324.6,2.8,1.6,2014-09-04,1312,Terra,MODIS,100,6.2,292.5,106.2,N,0
-14.31,133.7049,311.4,2.8,1.6,2014-09-04,1312,Terra,MODIS,82,6.2,291.5,48.3,N,0
-12.6424,142.0283,345.6,1,1,2014-09-04,1312,Terra,MODIS,100,6.2,294.4,52.9,N,0
-14.2936,133.6966,305.7,2.8,1.6,2014-09-04,1312,Terra,MODIS,65,6.2,292.1,32.9,N,0
-12.2917,135.3309,315,2,1.4,2014-09-04,1312,Terra,MODIS,90,6.2,292.8,36.7,N,0
-12.6437,142.019,317.7,1,1,2014-09-04,1312,Terra,MODIS,96,6.2,292.5,14.1,N,0
-14.3129,133.6789,315.2,2.8,1.6,2014-09-04,1312,Terra,MODIS,91,6.2,292.2,63,N,0
-12.2791,135.3041,308.3,2,1.4,2014-09-04,1312,Terra,MODIS,74,6.2,291.8,23.9,N,0
-12.2768,135.3222,304.1,2,1.4,2014-09-04,1312,Terra,MODIS,58,6.2,290.8,16.9,N,0
-12.2914,135.3058,317,2,1.4,2014-09-04,1312,Terra,MODIS,94,6.2,292.8,39.3,N,0
-12.2891,135.324,327.7,2,1.4,2014-09-04,1312,Terra,MODIS,100,6.2,294.2,69.6,N,0
-12.2816,135.311,332.3,2,1.4,2014-09-04,1312,Terra,MODIS,100,6.2,293.1,88.1,N,0
-12.2939,135.3127,315.5,2,1.4,2014-09-04,1312,Terra,MODIS,91,6.2,293.1,38,N,0
-13.7105,135.3176,308.1,2.1,1.4,2014-09-04,1312,Terra,MODIS,74,6.2,288.9,28.3,N,0
-13.758,135.2451,306.1,2.1,1.4,2014-09-04,1312,Terra,MODIS,66,6.2,289.8,21.9,N,0
-13.7602,135.2322,303.2,2.1,1.4,2014-09-04,1312,Terra,MODIS,54,6.2,289.7,18.8,N,0
-11.9112,142.6249,300.1,1.1,1,2014-09-04,1312,Terra,MODIS,12,6.2,288.2,5.1,N,0
-21.2213,120.1762,328.1,1.1,1,2014-09-04,1448,Terra,MODIS,100,6.2,289.3,28.9,N,0
-21.2229,120.166,314.3,1.1,1,2014-09-04,1448,Terra,MODIS,39,6.2,289,12.9,N,0
-21.2143,120.1797,305,1.1,1,2014-09-04,1448,Terra,MODIS,62,6.2,288.9,8.5,N,0
-21.2159,120.1695,324.8,1.1,1,2014-09-04,1448,Terra,MODIS,100,6.2,289.2,26.5,N,0
-21.2205,120.1389,302.2,1.1,1,2014-09-04,1448,Terra,MODIS,47,6.2,288.8,6.5,N,0
-21.1989,120.0933,306.9,1.1,1,2014-09-04,1448,Terra,MODIS,70,6.2,289.3,8.5,N,0
-21.1974,120.1035,327.6,1.1,1,2014-09-04,1448,Terra,MODIS,100,6.2,290.8,28.9,N,0
-21.2189,120.0864,308.3,1.1,1,2014-09-04,1448,Terra,MODIS,74,6.2,289.5,9.7,N,0
-21.2445,120.1489,302.3,1.1,1,2014-09-04,1448,Terra,MODIS,5,6.2,289.7,5.4,N,0
-21.2461,120.1387,304.8,1.1,1,2014-09-04,1448,Terra,MODIS,62,6.2,289.5,7.8,N,0
-21.2353,120.1473,344.4,1.1,1,2014-09-04,1448,Terra,MODIS,100,6.2,290.7,55.2,N,0
-21.2368,120.1371,334.2,1.1,1,2014-09-04,1448,Terra,MODIS,100,6.2,290,37.9,N,0
-20.5417,127.2439,301.5,3.1,1.7,2014-09-04,1448,Terra,MODIS,42,6.2,287.6,31.2,N,0
-22.1623,123.207,325.9,1.5,1.2,2014-09-04,1448,Terra,MODIS,100,6.2,292.5,42.9,N,0
-22.0786,123.2869,336.3,1.5,1.2,2014-09-04,1448,Terra,MODIS,100,6.2,295.5,69.3,N,0
-22.0811,123.2725,327.7,1.5,1.2,2014-09-04,1448,Terra,MODIS,100,6.2,293.2,47.9,N,0
-22.1648,123.1928,382.1,1.5,1.2,2014-09-04,1448,Terra,MODIS,100,6.2,298.2,287.8,N,0
-22.1433,123.1885,310.8,1.5,1.2,2014-09-04,1448,Terra,MODIS,81,6.2,291.6,17.9,N,0
-17.8286,122.9839,311.5,1.7,1.3,2014-09-04,1449,Terra,MODIS,36,6.2,290.3,22.1,N,0
-17.826,122.9449,318.7,1.7,1.3,2014-09-04,1449,Terra,MODIS,58,6.2,288.1,32.9,N,0
-17.8504,122.8576,320.1,1.7,1.3,2014-09-04,1449,Terra,MODIS,100,6.2,287,40.4,N,0
-17.8145,122.9427,311,1.7,1.3,2014-09-04,1449,Terra,MODIS,35,6.2,288.4,21.7,N,0
-17.7835,122.9859,310.1,1.7,1.3,2014-09-04,1449,Terra,MODIS,64,6.2,289.9,21.4,N,0
-17.8226,122.95,337.8,1.7,1.3,2014-09-04,1449,Terra,MODIS,100,6.2,289.9,82.6,N,0
-17.8233,122.9607,337.8,1.7,1.3,2014-09-04,1449,Terra,MODIS,100,6.2,291.2,82.9,N,0
-17.8207,122.9766,325.3,1.7,1.3,2014-09-04,1449,Terra,MODIS,100,6.2,291.2,48.5,N,0
-17.8199,122.9658,340.2,1.7,1.3,2014-09-04,1449,Terra,MODIS,100,6.2,291.3,90.5,N,0
-17.8477,122.8733,318.1,1.7,1.3,2014-09-04,1449,Terra,MODIS,96,6.2,288.6,36.1,N,0
-17.8591,122.8755,305.8,1.7,1.3,2014-09-04,1449,Terra,MODIS,66,6.2,287.5,17.6,N,0
-17.8313,122.968,316,1.7,1.3,2014-09-04,1449,Terra,MODIS,48,6.2,289.3,28.4,N,0
-19.6634,127.1723,301.7,3.2,1.7,2014-09-04,1449,Terra,MODIS,43,6.2,286.8,34.7,N,0
-20.9803,118.4523,302.9,1,1,2014-09-04,1449,Terra,MODIS,52,6.2,291.3,5.1,N,0
-18.089,123.8161,325.9,1.9,1.4,2014-09-04,1449,Terra,MODIS,100,6.2,292.9,64.4,N,0
-18.0922,123.7978,302.5,1.9,1.4,2014-09-04,1449,Terra,MODIS,43,6.2,291.2,12.8,N,0
-16.4284,124.0522,306.1,2.2,1.4,2014-09-04,1450,Terra,MODIS,56,6.2,293.9,17.9,N,0
-14.8787,142.7757,300.2,1.7,1.3,2014-09-04,1615,Aqua,MODIS,22,6.2,285.1,10.4,N,0
-13.5054,132.5327,303.4,1.8,1.3,2014-09-04,1615,Aqua,MODIS,22,6.2,291.2,12.9,N,0
-13.4749,132.5441,313.6,1.8,1.3,2014-09-04,1615,Aqua,MODIS,87,6.2,289,28.4,N,0
-12.2763,135.3167,321,1.2,1.1,2014-09-04,1615,Aqua,MODIS,100,6.2,291.8,27.8,N,0
-13.4984,132.5392,307.4,1.8,1.3,2014-09-04,1615,Aqua,MODIS,45,6.2,291.4,18.3,N,0
-13.5081,132.5484,306.3,1.8,1.3,2014-09-04,1615,Aqua,MODIS,48,6.2,291,17,N,0
-12.278,135.3279,324.8,1.2,1.1,2014-09-04,1615,Aqua,MODIS,100,6.2,291.4,33,N,0
-12.6363,142.031,309.4,1.4,1.2,2014-09-04,1615,Aqua,MODIS,77,6.2,290.2,15.9,N,0
-12.7169,132.7077,301.8,1.8,1.3,2014-09-04,1615,Aqua,MODIS,44,6.2,289.4,14,N,0
-12.924,141.9617,305.2,1.4,1.2,2014-09-04,1615,Aqua,MODIS,63,6.2,290.5,11.9,N,0
-12.2897,135.3376,315.8,1.2,1.1,2014-09-04,1615,Aqua,MODIS,92,6.2,289.8,21.1,N,0
-12.2879,135.3264,312.5,1.2,1.1,2014-09-04,1615,Aqua,MODIS,85,6.2,290.2,17.4,N,0
-12.7094,132.6988,303,1.8,1.3,2014-09-04,1615,Aqua,MODIS,53,6.2,290,14.6,N,0
-12.6468,142.0296,311.5,1.4,1.2,2014-09-04,1615,Aqua,MODIS,83,6.2,290.1,17.7,N,0
-14.2983,133.6833,305.6,1.5,1.2,2014-09-04,1616,Aqua,MODIS,39,6.2,289.6,13.1,N,0
-14.309,133.6814,310.1,1.5,1.2,2014-09-04,1616,Aqua,MODIS,64,6.2,288.4,17.7,N,0
-14.3005,133.6967,306.3,1.5,1.2,2014-09-04,1616,Aqua,MODIS,60,6.2,290.9,13.6,N,0
-14.3111,133.6947,307.3,1.5,1.2,2014-09-04,1616,Aqua,MODIS,37,6.2,288.6,14,N,0
-17.1901,134.793,312.5,1.1,1.1,2014-09-04,1616,Aqua,MODIS,37,6.2,289.7,13.2,N,0
-17.1954,134.7973,308.3,1.1,1.1,2014-09-04,1616,Aqua,MODIS,74,6.2,290.1,12.4,N,0
-17.1971,134.8079,325.3,1.1,1.1,2014-09-04,1616,Aqua,MODIS,100,6.2,291.3,30.4,N,0
-17.1988,134.8186,320.4,1.1,1.1,2014-09-04,1616,Aqua,MODIS,100,6.2,289.8,23.4,N,0
-17.2005,134.8292,317.2,1.1,1.1,2014-09-04,1616,Aqua,MODIS,95,6.2,287.5,20.1,N,0
-16.8376,134.8062,325.4,1.2,1.1,2014-09-04,1616,Aqua,MODIS,100,6.2,285.5,30.2,N,0
-16.8393,134.817,324,1.2,1.1,2014-09-04,1616,Aqua,MODIS,100,6.2,287,28.1,N,0
-16.8472,134.8046,303.9,1.2,1.1,2014-09-04,1616,Aqua,MODIS,27,6.2,285.1,8.9,N,0
-16.8489,134.8153,304,1.2,1.1,2014-09-04,1616,Aqua,MODIS,31,6.2,284.8,8.9,N,0
-16.8059,135.0672,304,1.1,1.1,2014-09-04,1616,Aqua,MODIS,58,6.2,283.1,9.5,N,0
-17.0649,134.7661,321.1,1.2,1.1,2014-09-04,1616,Aqua,MODIS,100,6.2,284.7,25.6,N,0
-17.0553,134.7677,319,1.2,1.1,2014-09-04,1616,Aqua,MODIS,98,6.2,286.6,23.2,N,0
-16.954,134.9001,310.5,1.1,1.1,2014-09-04,1616,Aqua,MODIS,80,6.2,286.2,14,N,0
-16.9557,134.9107,302.3,1.1,1.1,2014-09-04,1616,Aqua,MODIS,24,6.2,285.6,7.5,N,0
-16.9652,134.9091,310.6,1.1,1.1,2014-09-04,1616,Aqua,MODIS,73,6.2,286.6,13.4,N,0
-17.7621,137.8043,302.5,1,1,2014-09-04,1616,Aqua,MODIS,49,6.2,284.3,7.4,N,0
-16.8948,135.2645,308.1,1.1,1,2014-09-04,1616,Aqua,MODIS,43,6.2,283.7,11.1,N,0
-16.8964,135.2748,315.2,1.1,1,2014-09-04,1616,Aqua,MODIS,84,6.2,286.7,17.1,N,0
-16.9017,135.2681,323,1.1,1,2014-09-04,1616,Aqua,MODIS,100,6.2,287.4,26.4,N,0
-16.9033,135.2784,309.7,1.1,1,2014-09-04,1616,Aqua,MODIS,78,6.2,287.3,13.1,N,0
-16.911,135.2666,304.8,1.1,1,2014-09-04,1616,Aqua,MODIS,61,6.2,284.8,9.4,N,0
-16.9127,135.2768,312.5,1.1,1,2014-09-04,1616,Aqua,MODIS,85,6.2,287.3,15.4,N,0
-17.5945,138.3006,302.8,1,1,2014-09-04,1616,Aqua,MODIS,51,6.2,283.1,8,N,0
-16.8259,135.2549,308.7,1.1,1,2014-09-04,1616,Aqua,MODIS,35,6.2,283.5,11.9,N,0
-16.9533,135.2909,304.4,1.1,1,2014-09-04,1616,Aqua,MODIS,56,6.2,284,8.7,N,0
-16.8133,135.236,300.4,1.1,1,2014-09-04,1616,Aqua,MODIS,8,6.2,281.8,6.1,N,0
-17.0012,135.3181,328,1.1,1,2014-09-04,1616,Aqua,MODIS,100,6.2,286.7,31.7,N,0
-17.0028,135.3282,339.7,1.1,1,2014-09-04,1616,Aqua,MODIS,100,6.2,289,50.4,N,0
-17.0121,135.3266,362.7,1.1,1,2014-09-04,1616,Aqua,MODIS,100,6.2,292.3,108,N,0
-17.0137,135.3368,318.8,1.1,1,2014-09-04,1616,Aqua,MODIS,97,6.2,285.8,20.2,N,0
-17.0542,135.3508,315.9,1.1,1,2014-09-04,1616,Aqua,MODIS,57,6.2,285.1,16.3,N,0
-17.0636,135.3493,313.2,1.1,1,2014-09-04,1616,Aqua,MODIS,59,6.2,288.8,14.1,N,0
-17.0729,135.3479,306.9,1.1,1,2014-09-04,1616,Aqua,MODIS,70,6.2,289.1,10,N,0
-17.0823,135.3464,345.7,1.1,1,2014-09-04,1616,Aqua,MODIS,100,6.2,293.6,61.6,N,0
-17.0838,135.3565,328.4,1.1,1,2014-09-04,1616,Aqua,MODIS,100,6.2,289.7,30.5,N,0
-17.0916,135.3448,363,1.1,1,2014-09-04,1616,Aqua,MODIS,100,6.2,297,108,N,0
-17.0932,135.3549,327.2,1.1,1,2014-09-04,1616,Aqua,MODIS,100,6.2,288.7,28.3,N,0
-17.0972,135.3381,335.8,1.1,1,2014-09-04,1616,Aqua,MODIS,100,6.2,291.3,43,N,0
-17.0989,135.3483,340.1,1.1,1,2014-09-04,1616,Aqua,MODIS,100,6.2,294.9,49.5,N,0
-17.1066,135.3366,343.8,1.1,1,2014-09-04,1616,Aqua,MODIS,100,6.2,289.1,58.2,N,0
-17.1082,135.3467,374.9,1.1,1,2014-09-04,1616,Aqua,MODIS,100,6.2,296.8,151.6,N,0
-17.1114,135.3669,303.8,1.1,1,2014-09-04,1616,Aqua,MODIS,44,6.2,287.1,7.2,N,0
-17.1159,135.335,306.4,1.1,1,2014-09-04,1616,Aqua,MODIS,68,6.2,285.9,10.1,N,0
-17.1175,135.3451,351.4,1.1,1,2014-09-04,1616,Aqua,MODIS,100,6.2,290.5,75.1,N,0
-17.1546,134.7551,303,1.1,1.1,2014-09-04,1616,Aqua,MODIS,53,6.2,287.4,7.6,N,0
-17.1563,134.7658,303,1.1,1.1,2014-09-04,1616,Aqua,MODIS,50,6.2,287.5,7.5,N,0
-17.1625,134.7427,313.2,1.2,1.1,2014-09-04,1616,Aqua,MODIS,87,6.2,287.1,15.9,N,0
-17.1642,134.7534,337.1,1.1,1.1,2014-09-04,1616,Aqua,MODIS,100,6.2,290.7,48.6,N,0
-17.1659,134.7642,331,1.1,1.1,2014-09-04,1616,Aqua,MODIS,100,6.2,290.7,37.4,N,0
-17.1771,134.7733,322.2,1.1,1.1,2014-09-04,1616,Aqua,MODIS,91,6.2,289.7,24,N,0
-17.1788,134.784,317,1.1,1.1,2014-09-04,1616,Aqua,MODIS,66,6.2,289.7,17.8,N,0
-17.2426,134.9089,323.2,1.1,1.1,2014-09-04,1616,Aqua,MODIS,100,6.2,289.5,26.8,N,0
-17.2443,134.9194,317.3,1.1,1.1,2014-09-04,1616,Aqua,MODIS,95,6.2,286.8,19.8,N,0
-17.2459,134.9299,318.6,1.1,1.1,2014-09-04,1616,Aqua,MODIS,97,6.2,288.3,21.7,N,0
-17.2476,134.9404,300.8,1.1,1.1,2014-09-04,1616,Aqua,MODIS,32,6.2,287.3,7.2,N,0
-17.2022,134.8398,325.2,1.1,1.1,2014-09-04,1616,Aqua,MODIS,100,6.2,286.6,29.6,N,0
-17.2117,134.8382,342.1,1.1,1.1,2014-09-04,1616,Aqua,MODIS,100,6.2,290,58.7,N,0
-17.2134,134.8488,310.5,1.1,1.1,2014-09-04,1616,Aqua,MODIS,74,6.2,286.7,13.5,N,0
-17.2168,134.8699,311.9,1.1,1.1,2014-09-04,1616,Aqua,MODIS,84,6.2,288.4,14.8,N,0
-17.2263,134.8683,319.4,1.1,1.1,2014-09-04,1616,Aqua,MODIS,95,6.2,291.8,21.3,N,0
-17.228,134.8789,321.2,1.1,1.1,2014-09-04,1616,Aqua,MODIS,100,6.2,293,23.5,N,0
-17.2297,134.8894,328.8,1.1,1.1,2014-09-04,1616,Aqua,MODIS,100,6.2,291.2,34.2,N,0
-17.2314,134.9,330,1.1,1.1,2014-09-04,1616,Aqua,MODIS,100,6.2,289.9,36.5,N,0
-17.2359,134.8667,361.2,1.1,1.1,2014-09-04,1616,Aqua,MODIS,100,6.2,295.4,109.3,N,0
-17.2375,134.8773,349.3,1.1,1.1,2014-09-04,1616,Aqua,MODIS,100,6.2,295.2,74.3,N,0
-17.2392,134.8878,352.4,1.1,1.1,2014-09-04,1616,Aqua,MODIS,100,6.2,294,82.3,N,0
-17.2409,134.8983,359.7,1.1,1.1,2014-09-04,1616,Aqua,MODIS,100,6.2,296.5,103.8,N,0
-17.2487,134.8862,338.8,1.1,1.1,2014-09-04,1616,Aqua,MODIS,100,6.2,288.5,52.2,N,0
-17.2504,134.8967,335.8,1.1,1.1,2014-09-04,1616,Aqua,MODIS,100,6.2,289.8,46.5,N,0
-17.2279,135.0354,304.3,1.1,1.1,2014-09-04,1616,Aqua,MODIS,38,6.2,286.4,8.7,N,0
-17.2464,134.9943,309.2,1.1,1.1,2014-09-04,1616,Aqua,MODIS,77,6.2,287,13.4,N,0
-17.2481,135.0047,307.7,1.1,1.1,2014-09-04,1616,Aqua,MODIS,72,6.2,286.6,12.2,N,0
-17.9245,137.9692,301.3,1,1,2014-09-04,1616,Aqua,MODIS,40,6.2,287.6,5.8,N,0
-16.8463,134.9525,308.4,1.1,1.1,2014-09-04,1616,Aqua,MODIS,75,6.2,282.7,12.7,N,0
-16.8502,134.9461,306.2,1.1,1.1,2014-09-04,1616,Aqua,MODIS,67,6.2,282.9,11.4,N,0
-22.6728,145.5814,300.3,3.5,1.8,2014-09-04,1617,Aqua,MODIS,19,6.2,283.3,43.7,N,0
-20.7296,139.4769,301.2,1.2,1.1,2014-09-04,1617,Aqua,MODIS,39,6.2,287.1,8.6,N,2
-15.5811,145.1265,316.5,3.6,1.8,2014-09-05,0003,Terra,MODIS,66,6.2,298,54.9,D,0
-15.5895,145.1184,311.4,3.6,1.8,2014-09-05,0003,Terra,MODIS,36,6.2,297.1,31,D,0
-15.527,144.9314,314.7,3.7,1.8,2014-09-05,0003,Terra,MODIS,62,6.2,293.3,58.3,D,0
-19.9848,147.9876,315.3,1.8,1.3,2014-09-05,0004,Terra,MODIS,60,6.2,301.6,13.2,D,0
-20.1084,148.0951,317.7,1.7,1.3,2014-09-05,0004,Terra,MODIS,64,6.2,301.2,15.8,D,0
-20.1113,148.1116,319,1.7,1.3,2014-09-05,0004,Terra,MODIS,68,6.2,302.5,17.4,D,0
-24.7629,151.3823,321,1,1,2014-09-05,0005,Terra,MODIS,74,6.2,294.1,16.8,D,0
-24.7531,151.4317,323.4,1,1,2014-09-05,0005,Terra,MODIS,75,6.2,293.8,18.1,D,0
-24.8585,150.9822,331.4,1,1,2014-09-05,0005,Terra,MODIS,84,6.2,297.2,27.3,D,0
-24.7616,151.4339,316.5,1,1,2014-09-05,0005,Terra,MODIS,43,6.2,294.3,10.8,D,0
-26.2211,151.0338,316.2,1,1,2014-09-05,0005,Terra,MODIS,49,6.2,296.9,10,D,0
-24.8553,150.9616,324.8,1,1,2014-09-05,0005,Terra,MODIS,78,6.2,297.4,20.2,D,0
-24.8569,150.9719,324.1,1,1,2014-09-05,0005,Terra,MODIS,77,6.2,296,18.9,D,0
-26.0743,151.6393,307.5,1,1,2014-09-05,0005,Terra,MODIS,25,6.2,295,4.6,D,0
-24.9505,148.0854,317.1,1.4,1.2,2014-09-05,0005,Terra,MODIS,44,6.2,288.9,21.1,D,0
-24.9785,151.1005,351.1,1,1,2014-09-05,0005,Terra,MODIS,96,6.2,303.2,61.6,D,0
-24.9769,151.0904,316.1,1,1,2014-09-05,0005,Terra,MODIS,54,6.2,299.7,8.9,D,0
-24.9709,151.1124,352.8,1,1,2014-09-05,0005,Terra,MODIS,96,6.2,304.3,64.3,D,0
-24.9693,151.1022,377.9,1,1,2014-09-05,0005,Terra,MODIS,100,6.2,305.6,145.1,D,0
-24.9678,151.0921,328.2,1,1,2014-09-05,0005,Terra,MODIS,81,6.2,300.3,21.5,D,0
-24.9801,151.1107,317.8,1,1,2014-09-05,0005,Terra,MODIS,69,6.2,302.5,9.2,D,0
-25.3875,149.1161,326.4,1.2,1.1,2014-09-05,0005,Terra,MODIS,81,6.2,299,24.7,D,0
-22.388,147.7271,322.2,1.7,1.3,2014-09-05,0005,Terra,MODIS,72,6.2,306.2,18.1,D,0
-25.3777,149.1181,322.5,1.2,1.1,2014-09-05,0005,Terra,MODIS,77,6.2,297.5,20.9,D,0
-25.4375,152.4348,308.5,1,1,2014-09-05,0005,Terra,MODIS,45,6.2,296.8,4.6,D,0
-24.7994,151.4375,316.7,1,1,2014-09-05,0005,Terra,MODIS,31,6.2,295.3,8.7,D,0
-24.7737,151.4523,325.5,1,1,2014-09-05,0005,Terra,MODIS,75,6.2,296.7,19.5,D,0
-22.4649,147.7055,326.6,1.7,1.3,2014-09-05,0005,Terra,MODIS,78,6.2,306.1,30.1,D,0
-22.4619,147.6993,321,1.7,1.3,2014-09-05,0005,Terra,MODIS,71,6.2,305.6,17.5,D,0
-22.4308,147.7124,322.5,1.7,1.3,2014-09-05,0005,Terra,MODIS,73,6.2,304.5,19.4,D,0
-22.4649,147.7152,320.4,1.7,1.3,2014-09-05,0005,Terra,MODIS,70,6.2,305.7,14.8,D,0
-25.436,152.4248,314.7,1,1,2014-09-05,0005,Terra,MODIS,67,6.2,298,9.3,D,0
-24.5785,151.2622,310.2,1,1,2014-09-05,0005,Terra,MODIS,12,6.2,295.1,7.1,D,0
-24.5952,151.2488,309.5,1,1,2014-09-05,0005,Terra,MODIS,21,6.2,294,5.7,D,0
-23.8657,151.18,310.9,1,1,2014-09-05,0005,Terra,MODIS,38,6.2,300.2,6.3,D,0
-25.9199,152.4622,310.5,1,1,2014-09-05,0005,Terra,MODIS,58,6.2,299.6,5.9,D,0
-23.6989,150.3756,311.5,1.1,1.1,2014-09-05,0005,Terra,MODIS,44,6.2,298.1,6.2,D,0
-23.9156,149.3356,324.4,1.2,1.1,2014-09-05,0005,Terra,MODIS,54,6.2,298.5,21.1,D,0
-23.9255,149.3334,329.9,1.2,1.1,2014-09-05,0005,Terra,MODIS,72,6.2,297.7,28.7,D,0
-24.8025,151.4574,321.4,1,1,2014-09-05,0005,Terra,MODIS,60,6.2,299.4,13.7,D,0
-25.3623,145.8965,321.6,1.9,1.4,2014-09-05,0005,Terra,MODIS,75,6.2,303.2,27.8,D,0
-25.3595,145.903,324.4,1.9,1.4,2014-09-05,0005,Terra,MODIS,78,6.2,303.3,37.5,D,0
-27.5753,150.2584,311.1,1,1,2014-09-05,0006,Terra,MODIS,43,6.2,298.5,5.1,D,0
-29.9473,151.9578,328.9,1,1,2014-09-05,0006,Terra,MODIS,86,6.2,289.2,28.5,D,0
-26.568,147.9696,315,1.4,1.2,2014-09-05,0006,Terra,MODIS,63,6.2,300.2,9.4,D,0
-26.4027,146.2903,349.5,1.7,1.3,2014-09-05,0006,Terra,MODIS,95,6.2,300.2,125.7,D,0
-26.6946,150.1816,311.7,1.1,1,2014-09-05,0006,Terra,MODIS,54,6.2,297.9,7.2,D,0
-26.5192,149.6145,320.2,1.1,1.1,2014-09-05,0006,Terra,MODIS,61,6.2,295.9,14.9,D,0
-26.3911,146.2929,334.6,1.7,1.3,2014-09-05,0006,Terra,MODIS,87,6.2,301.1,66,D,0
-27.3166,152.9824,310.2,1,1,2014-09-05,0006,Terra,MODIS,46,6.2,294.6,4.4,D,2
-29.0208,148.743,313.2,1.1,1.1,2014-09-05,0006,Terra,MODIS,64,6.2,299.6,7.2,D,0
-28.0266,153.3398,313.3,1.1,1,2014-09-05,0006,Terra,MODIS,67,6.2,293.3,8.9,D,0
-28.6416,151.8893,307,1,1,2014-09-05,0006,Terra,MODIS,53,6.2,292.6,5.5,D,0
-29.0228,148.7546,329,1.1,1.1,2014-09-05,0006,Terra,MODIS,83,6.2,299.4,26.6,D,0
-27.6874,153.0769,307.4,1,1,2014-09-05,0006,Terra,MODIS,29,6.2,295,3.6,D,0
-28.4309,150.0152,312.5,1,1,2014-09-05,0006,Terra,MODIS,27,6.2,298.6,7.1,D,0
-28.4234,150.0277,325.1,1,1,2014-09-05,0006,Terra,MODIS,78,6.2,300.2,19.6,D,0
-28.4217,150.017,320.6,1,1,2014-09-05,0006,Terra,MODIS,71,6.2,298.9,15,D,0
-29.3735,146.1235,323.5,1.6,1.2,2014-09-05,0007,Terra,MODIS,78,6.2,294.5,33.9,D,0
-29.3764,146.1393,339.5,1.6,1.2,2014-09-05,0007,Terra,MODIS,90,6.2,297.3,74.3,D,0
-31.7533,149.5552,304.4,1,1,2014-09-05,0007,Terra,MODIS,59,6.2,289.4,5.9,D,0
-29.8948,148.0108,320.2,1.2,1.1,2014-09-05,0007,Terra,MODIS,75,6.2,298.2,13.8,D,0
-32.1488,147.3023,303.9,1.2,1.1,2014-09-05,0007,Terra,MODIS,58,6.2,291.7,5.6,D,0
-29.885,148.013,323.4,1.2,1.1,2014-09-05,0007,Terra,MODIS,78,6.2,298.9,18.5,D,0
-33.7577,145.9839,302.6,1.3,1.1,2014-09-05,0008,Terra,MODIS,51,6.2,291.8,6,D,0
-37.8344,144.7877,302.9,1.3,1.1,2014-09-05,0009,Terra,MODIS,36,6.2,289.3,6.3,D,0
-43.056,147.7866,303.4,1,1,2014-09-05,0010,Terra,MODIS,49,6.2,285.2,7.3,D,0
-40.8374,147.9283,319.7,1,1,2014-09-05,0010,Terra,MODIS,0,6.2,288.4,18.8,D,0
-12.6634,132.3571,330.2,1.1,1,2014-09-05,0140,Terra,MODIS,56,6.2,310.2,16.5,D,0
-12.5925,133.0337,336.7,1.2,1.1,2014-09-05,0140,Terra,MODIS,71,6.2,311.1,31,D,0
-12.8699,136.1891,320.1,1.9,1.4,2014-09-05,0140,Terra,MODIS,49,6.2,300.2,30.6,D,0
-12.6631,132.2859,333,1.1,1,2014-09-05,0140,Terra,MODIS,57,6.2,312.3,17.4,D,0
-12.6431,132.8046,324,1.1,1.1,2014-09-05,0140,Terra,MODIS,66,6.2,312,10.9,D,0
-12.1156,134.2574,330.2,1.4,1.2,2014-09-05,0140,Terra,MODIS,78,6.2,311.9,27.8,D,0
-11.7232,133.0334,339.9,1.1,1.1,2014-09-05,0140,Terra,MODIS,87,6.2,313.6,36.3,D,0
-12.2109,133.4519,340.3,1.2,1.1,2014-09-05,0140,Terra,MODIS,87,6.2,314.9,38.4,D,0
-12.3672,134.0042,331.4,1.3,1.1,2014-09-05,0140,Terra,MODIS,59,6.2,309.9,25.4,D,0
-12.8722,136.2067,327.9,1.9,1.4,2014-09-05,0140,Terra,MODIS,78,6.2,302.7,52.6,D,0
-12.5649,133.0485,330,1.2,1.1,2014-09-05,0140,Terra,MODIS,40,6.2,311.4,16.9,D,0
-12.2125,133.463,328.7,1.2,1.1,2014-09-05,0140,Terra,MODIS,57,6.2,317.5,15.4,D,0
-11.7173,132.9916,336.4,1.1,1.1,2014-09-05,0140,Terra,MODIS,80,6.2,313.4,29.2,D,0
-12.2595,134.4905,326.6,1.4,1.2,2014-09-05,0140,Terra,MODIS,51,6.2,310.8,20.2,D,0
-12.3065,134.4782,327.7,1.4,1.2,2014-09-05,0140,Terra,MODIS,69,6.2,310.5,22.5,D,0
-12.3239,134.5289,327,1.4,1.2,2014-09-05,0140,Terra,MODIS,58,6.2,310.8,22.5,D,0
-12.2242,134.1482,337.4,1.3,1.2,2014-09-05,0140,Terra,MODIS,66,6.2,312.6,38.9,D,0
-12.2363,134.1591,328.5,1.4,1.2,2014-09-05,0140,Terra,MODIS,55,6.2,310.7,20.6,D,0
-12.2466,134.1577,328.2,1.4,1.2,2014-09-05,0140,Terra,MODIS,29,6.2,311.3,18.4,D,0
-12.8758,136.2005,326.3,1.9,1.4,2014-09-05,0140,Terra,MODIS,77,6.2,301.2,44.9,D,0
-12.6617,132.276,333,1.1,1,2014-09-05,0140,Terra,MODIS,55,6.2,312.8,16.1,D,0
-11.5778,131.1904,330.4,1,1,2014-09-05,0140,Terra,MODIS,78,6.2,309.9,18.2,D,0
-11.5792,131.1995,321.6,1,1,2014-09-05,0140,Terra,MODIS,47,6.2,307.2,8.3,D,0
-12.7905,135.8515,325.9,1.8,1.3,2014-09-05,0140,Terra,MODIS,43,6.2,306,30.5,D,0
-12.6521,132.7289,326.1,1.1,1.1,2014-09-05,0140,Terra,MODIS,68,6.2,312.5,11.2,D,0
-12.2784,133.7209,337.7,1.3,1.1,2014-09-05,0140,Terra,MODIS,85,6.2,314.1,34.6,D,0
-12.28,133.7325,344.5,1.3,1.1,2014-09-05,0140,Terra,MODIS,91,6.2,317,51.2,D,0
-11.2863,132.4802,324.7,1.1,1,2014-09-05,0140,Terra,MODIS,28,6.2,308.5,11.7,D,0
-12.2463,134.7211,337.2,1.5,1.2,2014-09-05,0140,Terra,MODIS,83,6.2,309.9,47.5,D,0
-11.5341,132.8241,322.2,1.1,1.1,2014-09-05,0140,Terra,MODIS,25,6.2,302,12.1,D,0
-12.2876,135.3108,336.5,1.6,1.3,2014-09-05,0140,Terra,MODIS,86,6.2,288,64.9,D,0
-11.4875,132.6004,336,1.1,1,2014-09-05,0140,Terra,MODIS,78,6.2,307.5,27.6,D,0
-11.5355,132.8343,329.3,1.1,1.1,2014-09-05,0140,Terra,MODIS,77,6.2,298.3,22.3,D,0
-11.4939,132.6038,347.5,1.1,1,2014-09-05,0140,Terra,MODIS,0,6.2,310.3,51.7,D,0
-11.4953,132.6137,327,1.1,1,2014-09-05,0140,Terra,MODIS,35,6.2,308.2,13.3,D,0
-11.2714,132.4423,354.2,1.1,1,2014-09-05,0140,Terra,MODIS,97,6.2,301.5,66.4,D,0
-11.2728,132.4521,356,1.1,1,2014-09-05,0140,Terra,MODIS,98,6.2,303.8,71,D,0
-11.2742,132.4619,338.9,1.1,1,2014-09-05,0140,Terra,MODIS,88,6.2,304.1,32.3,D,0
-11.2756,132.4717,341.6,1.1,1,2014-09-05,0140,Terra,MODIS,91,6.2,306.7,38,D,0
-11.7634,130.5114,319.4,1,1,2014-09-05,0140,Terra,MODIS,68,6.2,307.3,6.2,D,0
-11.5275,130.351,332.3,1,1,2014-09-05,0140,Terra,MODIS,72,6.2,307.3,20.4,D,0
-12.7468,135.79,332.7,1.8,1.3,2014-09-05,0140,Terra,MODIS,72,6.2,306.7,53.4,D,0
-12.1832,135.3003,335.7,1.6,1.3,2014-09-05,0140,Terra,MODIS,80,6.2,301.1,60.2,D,0
-12.1887,135.2547,336,1.6,1.2,2014-09-05,0140,Terra,MODIS,0,6.2,301.3,63.8,D,0
-12.4595,131.4968,327,1,1,2014-09-05,0140,Terra,MODIS,59,6.2,312.1,9.9,D,0
-12.5931,134.0861,332.6,1.4,1.2,2014-09-05,0140,Terra,MODIS,82,6.2,311.2,33.9,D,0
-12.7194,132.6919,327.5,1.1,1.1,2014-09-05,0140,Terra,MODIS,68,6.2,309.8,17.8,D,0
-12.75,135.7794,350.3,1.8,1.3,2014-09-05,0140,Terra,MODIS,89,6.2,303.7,128.2,D,0
-12.2895,135.3256,329,1.6,1.3,2014-09-05,0140,Terra,MODIS,76,6.2,286.8,43.6,D,0
-12.7208,132.7023,326.3,1.1,1.1,2014-09-05,0140,Terra,MODIS,59,6.2,311.1,15.1,D,0
-16.3245,136.6926,328.3,2.4,1.5,2014-09-05,0141,Terra,MODIS,66,6.2,313.5,39.1,D,0
-15.826,136.4156,349,2.2,1.4,2014-09-05,0141,Terra,MODIS,93,6.2,309.2,149.8,D,0
-15.8045,136.4449,319.8,2.2,1.4,2014-09-05,0141,Terra,MODIS,25,6.2,309.8,17.7,D,0
-14.8182,134.7268,343.2,1.6,1.2,2014-09-05,0141,Terra,MODIS,89,6.2,312.6,69.2,D,0
-15.828,136.4211,369,2.2,1.4,2014-09-05,0141,Terra,MODIS,100,6.2,310.7,321.4,D,0
-16.0845,136.7401,320.4,2.4,1.5,2014-09-05,0141,Terra,MODIS,40,6.2,308.7,25.6,D,0
-14.6813,134.9091,332.6,1.6,1.3,2014-09-05,0141,Terra,MODIS,76,6.2,311.3,39.5,D,0
-16.1379,136.5291,330.1,2.3,1.5,2014-09-05,0141,Terra,MODIS,59,6.2,312.7,47.6,D,0
-15.3605,134.8569,327.7,1.7,1.3,2014-09-05,0141,Terra,MODIS,54,6.2,314.1,20.3,D,0
-16.3269,136.7147,323.4,2.4,1.5,2014-09-05,0141,Terra,MODIS,19,6.2,311.2,23.5,D,0
-13.2646,134.7277,330,1.5,1.2,2014-09-05,0141,Terra,MODIS,74,6.2,314.3,27.2,D,0
-14.6794,134.8939,339.1,1.6,1.3,2014-09-05,0141,Terra,MODIS,86,6.2,311.4,58.9,D,0
-15.82,136.4641,319.6,2.2,1.4,2014-09-05,0141,Terra,MODIS,38,6.2,309.3,19.8,D,0
-15.8175,136.4433,348.2,2.2,1.4,2014-09-05,0141,Terra,MODIS,93,6.2,313.7,151.3,D,0
-15.8283,136.4363,368.4,2.2,1.4,2014-09-05,0141,Terra,MODIS,100,6.2,313.8,317.6,D,0
-16.3159,136.7003,332,2.4,1.5,2014-09-05,0141,Terra,MODIS,61,6.2,314.5,53.4,D,0
-15.3419,135.5291,330.8,1.9,1.3,2014-09-05,0141,Terra,MODIS,67,6.2,312.3,41.2,D,0
-15.815,136.4226,338.8,2.2,1.4,2014-09-05,0141,Terra,MODIS,86,6.2,309.2,91.8,D,0
-15.8305,136.4417,359.7,2.2,1.4,2014-09-05,0141,Terra,MODIS,99,6.2,312.1,237.4,D,0
-15.4701,134.8297,327.1,1.7,1.3,2014-09-05,0141,Terra,MODIS,38,6.2,311.3,23.1,D,0
-15.8153,136.4379,349.4,2.2,1.4,2014-09-05,0141,Terra,MODIS,94,6.2,313.6,157.9,D,0
-14.8707,134.7806,333.5,1.6,1.3,2014-09-05,0141,Terra,MODIS,71,6.2,312.6,35.7,D,0
-12.9072,132.4438,342.4,1.1,1.1,2014-09-05,0141,Terra,MODIS,88,6.2,309.4,39.2,D,0
-15.4796,134.8128,326.4,1.7,1.3,2014-09-05,0141,Terra,MODIS,53,6.2,310.9,22.5,D,0
-12.7603,132.2559,330.2,1.1,1,2014-09-05,0141,Terra,MODIS,62,6.2,312.2,15.3,D,0
-15.4682,134.8143,332.9,1.7,1.3,2014-09-05,0141,Terra,MODIS,78,6.2,312.5,38.7,D,0
-12.9371,131.9376,326.3,1.1,1,2014-09-05,0141,Terra,MODIS,52,6.2,313.6,8.7,D,0
-15.6751,128.1728,327.1,1.1,1,2014-09-05,0141,Terra,MODIS,59,6.2,310.6,10.7,D,0
-15.6721,128.1529,345.8,1.1,1,2014-09-05,0141,Terra,MODIS,91,6.2,311.5,42.7,D,0
-15.6767,128.1826,329,1.1,1,2014-09-05,0141,Terra,MODIS,68,6.2,312.7,13.3,D,0
-16.6333,137.0861,326,2.6,1.5,2014-09-05,0141,Terra,MODIS,62,6.2,311,43.7,D,0
-13.4012,135.0849,333,1.6,1.3,2014-09-05,0141,Terra,MODIS,81,6.2,308.4,38.9,D,0
-13.3881,135.0715,346.6,1.6,1.3,2014-09-05,0141,Terra,MODIS,92,6.2,307.9,86.2,D,0
-13.3862,135.0566,328.9,1.6,1.3,2014-09-05,0141,Terra,MODIS,76,6.2,305.2,28.7,D,0
-16.6629,134.788,322.3,1.7,1.3,2014-09-05,0141,Terra,MODIS,57,6.2,309.9,20.3,D,0
-13.3993,135.07,344.6,1.6,1.3,2014-09-05,0141,Terra,MODIS,91,6.2,305.2,77.2,D,0
-13.3899,135.0863,326.2,1.6,1.3,2014-09-05,0141,Terra,MODIS,72,6.2,308.6,22.2,D,0
-13.4219,135.25,319.7,1.7,1.3,2014-09-05,0141,Terra,MODIS,44,6.2,307.3,13.1,D,0
-13.0411,134.3293,326.8,1.4,1.2,2014-09-05,0141,Terra,MODIS,28,6.2,310.6,18.5,D,0
-16.7371,134.9106,361.3,1.8,1.3,2014-09-05,0141,Terra,MODIS,100,6.2,312.5,177.8,D,0
-16.7391,134.927,336.8,1.8,1.3,2014-09-05,0141,Terra,MODIS,80,6.2,313.5,57,D,0
-16.7488,134.9091,350.3,1.8,1.3,2014-09-05,0141,Terra,MODIS,95,6.2,309.9,113.8,D,0
-16.7508,134.9256,335.7,1.8,1.3,2014-09-05,0141,Terra,MODIS,62,6.2,312.9,50.4,D,0
-16.7345,134.9219,335.6,1.8,1.3,2014-09-05,0141,Terra,MODIS,63,6.2,312.6,50.2,D,0
-16.7443,134.9039,352.5,1.8,1.3,2014-09-05,0141,Terra,MODIS,96,6.2,309.3,126.6,D,0
-16.7462,134.9204,353.8,1.8,1.3,2014-09-05,0141,Terra,MODIS,96,6.2,314.1,128.5,D,0
-16.6764,134.8026,328.6,1.7,1.3,2014-09-05,0141,Terra,MODIS,76,6.2,307.5,36.8,D,0
-16.7229,134.7967,324.5,1.7,1.3,2014-09-05,0141,Terra,MODIS,70,6.2,309.2,26.1,D,0
-16.6648,134.8042,334.2,1.7,1.3,2014-09-05,0141,Terra,MODIS,83,6.2,310.4,52.9,D,0
-16.6745,134.7865,323.7,1.7,1.3,2014-09-05,0141,Terra,MODIS,68,6.2,307.7,23.9,D,0
-13.1472,135.3365,323.3,1.7,1.3,2014-09-05,0141,Terra,MODIS,52,6.2,301.4,22.5,D,0
-13.1453,135.3212,320.9,1.7,1.3,2014-09-05,0141,Terra,MODIS,30,6.2,302.9,16.3,D,0
-16.4219,136.631,323.8,2.3,1.5,2014-09-05,0141,Terra,MODIS,45,6.2,312.1,25.6,D,0
-16.7402,135.1313,325.5,1.8,1.3,2014-09-05,0141,Terra,MODIS,49,6.2,310.5,22.2,D,0
-16.7803,135.1613,328.8,1.8,1.3,2014-09-05,0141,Terra,MODIS,62,6.2,311.3,31.9,D,0
-16.7738,135.1564,330.2,1.8,1.3,2014-09-05,0141,Terra,MODIS,77,6.2,311.6,37.6,D,0
-16.5569,136.9041,322.8,2.5,1.5,2014-09-05,0141,Terra,MODIS,14,6.2,312.6,29.3,D,0
-14.6346,132.7504,328.7,1.2,1.1,2014-09-05,0141,Terra,MODIS,39,6.2,315,14.4,D,0
-14.6444,132.749,328.7,1.2,1.1,2014-09-05,0141,Terra,MODIS,59,6.2,312.3,15.1,D,0
-14.6431,132.0623,333.9,1.1,1,2014-09-05,0141,Terra,MODIS,81,6.2,312.2,22.3,D,0
-14.6445,132.0725,334.9,1.1,1.1,2014-09-05,0141,Terra,MODIS,82,6.2,311.2,25.1,D,0
-13.3892,135.0779,344,1.6,1.3,2014-09-05,0141,Terra,MODIS,90,6.2,308.7,74.3,D,0
-13.3872,135.0631,342.5,1.6,1.3,2014-09-05,0141,Terra,MODIS,89,6.2,305.7,70.2,D,0
-13.4257,135.1878,397.9,1.7,1.3,2014-09-05,0141,Terra,MODIS,100,6.2,315.8,479.3,D,0
-13.5866,134.6658,328.6,1.5,1.2,2014-09-05,0141,Terra,MODIS,67,6.2,314.8,24.9,D,0
-13.4238,135.1727,346.7,1.6,1.3,2014-09-05,0141,Terra,MODIS,92,6.2,308.6,91.8,D,0
-13.5885,134.6798,334.8,1.5,1.2,2014-09-05,0141,Terra,MODIS,83,6.2,311.6,42.3,D,0
-13.5377,133.313,328.9,1.2,1.1,2014-09-05,0141,Terra,MODIS,71,6.2,314.6,18,D,0
-13.2164,134.1886,332,1.4,1.2,2014-09-05,0141,Terra,MODIS,80,6.2,311.8,28.4,D,0
-13.2219,134.1487,327.7,1.4,1.2,2014-09-05,0141,Terra,MODIS,74,6.2,308.5,20,D,0
-13.2202,134.1359,333.6,1.4,1.2,2014-09-05,0141,Terra,MODIS,82,6.2,310.6,32.8,D,0
-13.6094,134.3924,325.9,1.5,1.2,2014-09-05,0141,Terra,MODIS,71,6.2,312.9,17.9,D,0
-13.0549,131.9378,330.2,1.1,1,2014-09-05,0141,Terra,MODIS,73,6.2,313.1,14.2,D,0
-14.1859,132.9853,356,1.2,1.1,2014-09-05,0141,Terra,MODIS,97,6.2,312.5,78.1,D,0
-14.1569,132.252,347.5,1.1,1.1,2014-09-05,0141,Terra,MODIS,92,6.2,309.5,50.9,D,0
-13.576,130.6923,345.8,1,1,2014-09-05,0141,Terra,MODIS,91,6.2,310,37.6,D,0
-13.5526,130.6581,341.8,1,1,2014-09-05,0141,Terra,MODIS,88,6.2,312.4,27.5,D,0
-13.563,130.666,325.6,1,1,2014-09-05,0141,Terra,MODIS,57,6.2,310.6,4.9,D,0
-16.087,136.7621,327.6,2.4,1.5,2014-09-05,0141,Terra,MODIS,72,6.2,309.5,54.9,D,0
-13.585,130.6909,332.4,1,1,2014-09-05,0141,Terra,MODIS,72,6.2,308.2,15.9,D,0
-13.7507,135.2218,322.2,1.7,1.3,2014-09-05,0141,Terra,MODIS,29,6.2,304.7,21.1,D,0
-14.1875,132.9964,338,1.2,1.1,2014-09-05,0141,Terra,MODIS,84,6.2,316.1,31,D,0
-13.4822,132.5445,324.6,1.1,1.1,2014-09-05,0141,Terra,MODIS,35,6.2,309.8,10.8,D,0
-14.1958,132.9839,356.7,1.2,1.1,2014-09-05,0141,Terra,MODIS,98,6.2,313.6,82.3,D,0
-13.7392,135.2232,331.1,1.7,1.3,2014-09-05,0141,Terra,MODIS,69,6.2,303.9,41.5,D,0
-13.4536,132.5485,332.8,1.1,1.1,2014-09-05,0141,Terra,MODIS,59,6.2,312.1,23.3,D,0
-13.4522,132.5381,338.7,1.1,1.1,2014-09-05,0141,Terra,MODIS,84,6.2,311.7,33.3,D,0
-13.4441,132.5498,329.9,1.1,1.1,2014-09-05,0141,Terra,MODIS,73,6.2,309.9,19.9,D,0
-13.4426,132.5394,349.9,1.1,1.1,2014-09-05,0141,Terra,MODIS,94,6.2,310.9,60.5,D,0
-14.1973,132.995,332.2,1.2,1.1,2014-09-05,0141,Terra,MODIS,53,6.2,316.3,21.6,D,0
-13.467,130.828,324.6,1,1,2014-09-05,0141,Terra,MODIS,30,6.2,309,8.2,D,0
-14.1995,132.9381,326.7,1.2,1.1,2014-09-05,0141,Terra,MODIS,68,6.2,310.1,13.8,D,0
-14.201,132.9492,344,1.2,1.1,2014-09-05,0141,Terra,MODIS,89,6.2,310.6,48.7,D,0
-14.2056,132.9825,333.9,1.2,1.1,2014-09-05,0141,Terra,MODIS,66,6.2,309.3,25.7,D,0
-14.2017,132.9426,337,1.2,1.1,2014-09-05,0141,Terra,MODIS,83,6.2,310,33.6,D,0
-14.2032,132.9537,330.3,1.2,1.1,2014-09-05,0141,Terra,MODIS,68,6.2,309.6,21.5,D,0
-13.5063,132.5463,324.7,1.1,1.1,2014-09-05,0141,Terra,MODIS,56,6.2,311.1,11.7,D,0
-13.9499,136.5935,320.9,2.1,1.4,2014-09-05,0141,Terra,MODIS,48,6.2,303.9,31.1,D,0
-13.9491,136.5869,322,2.1,1.4,2014-09-05,0141,Terra,MODIS,65,6.2,304.7,36.5,D,0
-13.705,135.3224,332.9,1.7,1.3,2014-09-05,0141,Terra,MODIS,52,6.2,310.9,42.2,D,0
-13.7069,135.3381,331.2,1.7,1.3,2014-09-05,0141,Terra,MODIS,48,6.2,313.3,36,D,0
-13.6743,135.2629,326.1,1.7,1.3,2014-09-05,0141,Terra,MODIS,67,6.2,298.5,33.1,D,0
-13.6724,135.2474,328.9,1.7,1.3,2014-09-05,0141,Terra,MODIS,49,6.2,305.6,40.2,D,0
-13.6749,135.2529,326.4,1.7,1.3,2014-09-05,0141,Terra,MODIS,49,6.2,303.8,33.7,D,0
-13.6634,135.2543,326.5,1.7,1.3,2014-09-05,0141,Terra,MODIS,61,6.2,304.2,34.3,D,0
-13.3778,132.5234,326.9,1.1,1.1,2014-09-05,0141,Terra,MODIS,57,6.2,310.6,15.8,D,0
-13.5643,130.6752,332.2,1,1,2014-09-05,0141,Terra,MODIS,77,6.2,313.4,13.3,D,0
-13.5657,130.6844,346.5,1,1,2014-09-05,0141,Terra,MODIS,91,6.2,313.2,37.6,D,0
-13.5747,130.6831,343.8,1,1,2014-09-05,0141,Terra,MODIS,89,6.2,312.5,32.8,D,0
-14.7296,132.0233,328.5,1.1,1,2014-09-05,0141,Terra,MODIS,74,6.2,312,15.3,D,0
-15.5553,133.0906,364.8,1.3,1.1,2014-09-05,0141,Terra,MODIS,100,6.2,308.2,126.6,D,0
-13.0559,131.9936,332.1,1.1,1,2014-09-05,0141,Terra,MODIS,73,6.2,312.1,15.1,D,0
-13.0618,131.9867,337.5,1.1,1,2014-09-05,0141,Terra,MODIS,83,6.2,312.4,24.8,D,0
-13.0631,131.9965,327.1,1.1,1,2014-09-05,0141,Terra,MODIS,60,6.2,313.8,9.7,D,0
-15.5538,133.0788,371.5,1.3,1.1,2014-09-05,0141,Terra,MODIS,100,6.2,307.8,155.7,D,0
-15.5522,133.0669,337.4,1.3,1.1,2014-09-05,0141,Terra,MODIS,67,6.2,305,39.5,D,0
-15.5468,133.1039,326.1,1.3,1.1,2014-09-05,0141,Terra,MODIS,54,6.2,308.3,18.3,D,0
-15.5452,133.092,349.1,1.3,1.1,2014-09-05,0141,Terra,MODIS,93,6.2,309.2,68.6,D,0
-15.5048,133.0976,334.4,1.3,1.1,2014-09-05,0141,Terra,MODIS,44,6.2,308.8,29,D,0
-15.5251,133.0948,328.9,1.3,1.1,2014-09-05,0141,Terra,MODIS,40,6.2,305.8,20.8,D,0
-12.685,132.1717,339,1.1,1,2014-09-05,0141,Terra,MODIS,85,6.2,312.3,29.2,D,0
-13.0359,131.9865,331,1.1,1,2014-09-05,0141,Terra,MODIS,75,6.2,312.4,13.9,D,0
-15.5437,133.0801,340.8,1.3,1.1,2014-09-05,0141,Terra,MODIS,85,6.2,306.5,45.9,D,0
-15.5351,133.0934,337.6,1.3,1.1,2014-09-05,0141,Terra,MODIS,61,6.2,307.6,37.4,D,0
-13.7207,135.4492,321.5,1.7,1.3,2014-09-05,0141,Terra,MODIS,37,6.2,308,19.1,D,0
-13.7031,135.3068,337.5,1.7,1.3,2014-09-05,0141,Terra,MODIS,65,6.2,307.1,56.8,D,0
-13.4857,131.4034,347.1,1,1,2014-09-05,0141,Terra,MODIS,92,6.2,313.8,41.6,D,0
-15.5792,133.039,328.9,1.3,1.1,2014-09-05,0141,Terra,MODIS,60,6.2,302.5,27.9,D,0
-15.5708,133.0522,324.1,1.3,1.1,2014-09-05,0141,Terra,MODIS,25,6.2,301.4,19.3,D,0
-15.5607,133.0536,335.6,1.3,1.1,2014-09-05,0141,Terra,MODIS,79,6.2,304,37.7,D,0
-14.1555,132.2417,328.5,1.1,1.1,2014-09-05,0141,Terra,MODIS,6,6.2,310.6,14.7,D,0
-14.2072,132.9936,331.8,1.2,1.1,2014-09-05,0141,Terra,MODIS,38,6.2,311,21.9,D,0
-15.5551,128.2383,326.8,1.1,1,2014-09-05,0141,Terra,MODIS,56,6.2,314.5,6.6,D,0
-15.8732,130.2895,332.7,1,1,2014-09-05,0141,Terra,MODIS,78,6.2,316.9,14.7,D,0
-14.5584,129.9236,352.9,1,1,2014-09-05,0141,Terra,MODIS,96,6.2,312.1,53.5,D,0
-14.5522,129.9434,334.4,1,1,2014-09-05,0141,Terra,MODIS,81,6.2,310.4,17.9,D,0
-14.5508,129.9342,350.4,1,1,2014-09-05,0141,Terra,MODIS,94,6.2,314.2,46.8,D,0
-15.8718,130.2802,325.7,1,1,2014-09-05,0141,Terra,MODIS,62,6.2,315.3,6,D,0
-14.5495,129.925,332.8,1,1,2014-09-05,0141,Terra,MODIS,79,6.2,311.2,16.4,D,0
-14.5606,129.8762,328.9,1,1,2014-09-05,0141,Terra,MODIS,66,6.2,308.1,14.1,D,0
-15.8731,130.4778,337.4,1,1,2014-09-05,0141,Terra,MODIS,83,6.2,313.6,24,D,0
-15.4308,128.8609,327,1,1,2014-09-05,0141,Terra,MODIS,53,6.2,316.3,9.9,D,0
-15.8717,130.4684,338.7,1,1,2014-09-05,0141,Terra,MODIS,85,6.2,315.9,25.5,D,0
-13.823,130.1795,332,1,1,2014-09-05,0141,Terra,MODIS,77,6.2,311,16.2,D,0
-13.8216,130.1703,337.4,1,1,2014-09-05,0141,Terra,MODIS,83,6.2,310,24,D,0
-15.8885,130.4594,341.6,1,1,2014-09-05,0141,Terra,MODIS,87,6.2,310.6,33.1,D,0
-14.138,132.2546,330.5,1.1,1.1,2014-09-05,0141,Terra,MODIS,66,6.2,311.5,16.8,D,0
-13.6377,129.8631,324.4,1,1,2014-09-05,0141,Terra,MODIS,35,6.2,308.3,10.3,D,0
-14.5516,129.8775,332.1,1,1,2014-09-05,0141,Terra,MODIS,76,6.2,310.9,17.1,D,0
-13.6467,129.8617,358,1,1,2014-09-05,0141,Terra,MODIS,98,6.2,305.6,69.9,D,0
-14.553,129.8867,331.9,1,1,2014-09-05,0141,Terra,MODIS,77,6.2,311.7,17.2,D,0
-15.8794,130.4607,350.1,1,1,2014-09-05,0141,Terra,MODIS,94,6.2,315.6,49.7,D,0
-14.5543,129.896,326.9,1,1,2014-09-05,0141,Terra,MODIS,69,6.2,311.1,10.8,D,0
-15.794,130.2507,324.3,1,1,2014-09-05,0141,Terra,MODIS,49,6.2,313.7,5.2,D,0
-15.5644,128.2368,347.4,1.1,1,2014-09-05,0141,Terra,MODIS,92,6.2,316.4,41.4,D,0
-14.2076,132.9871,332.8,1.2,1.1,2014-09-05,0141,Terra,MODIS,78,6.2,310.2,26.4,D,0
-15.8781,130.4514,346.7,1,1,2014-09-05,0141,Terra,MODIS,91,6.2,314.3,42.2,D,0
-14.5598,129.9328,362.4,1,1,2014-09-05,0141,Terra,MODIS,100,6.2,311.5,77.8,D,0
-18.3162,130.0094,334.3,1,1,2014-09-05,0142,Terra,MODIS,71,6.2,311.8,20.8,D,0
-17.7653,127.736,325.6,1.1,1,2014-09-05,0142,Terra,MODIS,65,6.2,313.3,9.1,D,0
-18.3148,129.9998,331.7,1,1,2014-09-05,0142,Terra,MODIS,58,6.2,312.4,16.2,D,0
-17.6331,138.2197,329,3.2,1.7,2014-09-05,0142,Terra,MODIS,67,6.2,309.5,74.8,D,0
-17.6299,138.2149,332.4,3.2,1.7,2014-09-05,0142,Terra,MODIS,69,6.2,309.8,94.4,D,0
-17.0106,134.9082,332.8,1.8,1.3,2014-09-05,0142,Terra,MODIS,41,6.2,307.9,41.3,D,0
-17.2228,134.7957,369.5,1.8,1.3,2014-09-05,0142,Terra,MODIS,100,6.2,315.8,228.3,D,0
-17.2248,134.8122,355.7,1.8,1.3,2014-09-05,0142,Terra,MODIS,97,6.2,311.6,133.7,D,0
-17.2345,134.7942,367.3,1.8,1.3,2014-09-05,0142,Terra,MODIS,100,6.2,308.1,219.3,D,0
-17.2385,134.8272,364.9,1.8,1.3,2014-09-05,0142,Terra,MODIS,92,6.2,312.3,191.8,D,0
-16.756,134.9025,324.5,1.8,1.3,2014-09-05,0142,Terra,MODIS,57,6.2,306.5,27.8,D,0
-16.7599,134.9355,344.1,1.8,1.3,2014-09-05,0142,Terra,MODIS,91,6.2,312.1,80.6,D,0
-16.7619,134.9521,340.6,1.8,1.3,2014-09-05,0142,Terra,MODIS,84,6.2,314.2,63.7,D,0
-16.7717,134.9341,338.5,1.8,1.3,2014-09-05,0142,Terra,MODIS,65,6.2,309.5,61.7,D,0
-16.7854,134.9492,350.2,1.8,1.3,2014-09-05,0142,Terra,MODIS,90,6.2,314.4,112.5,D,0
-16.7874,134.9658,343.5,1.8,1.3,2014-09-05,0142,Terra,MODIS,90,6.2,311.6,80,D,0
-16.7894,134.9824,351.6,1.8,1.3,2014-09-05,0142,Terra,MODIS,95,6.2,310.8,118.8,D,0
-16.7914,134.9991,332.6,1.8,1.3,2014-09-05,0142,Terra,MODIS,80,6.2,307.9,40.6,D,0
-16.7952,134.9311,332.4,1.8,1.3,2014-09-05,0142,Terra,MODIS,78,6.2,307.2,50.6,D,0
-16.8161,134.8119,353.6,1.7,1.3,2014-09-05,0142,Terra,MODIS,96,6.2,310,132.2,D,0
-16.8182,134.8282,330.6,1.7,1.3,2014-09-05,0142,Terra,MODIS,57,6.2,308.9,38.8,D,0
-16.8278,134.8105,346.6,1.7,1.3,2014-09-05,0142,Terra,MODIS,92,6.2,309,98.7,D,0
-16.8298,134.8268,343.7,1.7,1.3,2014-09-05,0142,Terra,MODIS,90,6.2,309.4,84.6,D,0
-16.812,134.8059,327.5,1.7,1.3,2014-09-05,0142,Terra,MODIS,54,6.2,307.3,33.2,D,0
-16.8139,134.8222,333.2,1.7,1.3,2014-09-05,0142,Terra,MODIS,69,6.2,309.1,46.4,D,0
-16.8236,134.8045,337.7,1.7,1.3,2014-09-05,0142,Terra,MODIS,86,6.2,308.4,64.8,D,0
-16.8256,134.8208,346.5,1.7,1.3,2014-09-05,0142,Terra,MODIS,92,6.2,310.2,97.5,D,0
-16.8353,134.8031,321,1.7,1.3,2014-09-05,0142,Terra,MODIS,31,6.2,305.5,20.8,D,0
-16.8372,134.8193,341.3,1.7,1.3,2014-09-05,0142,Terra,MODIS,89,6.2,307,77.2,D,0
-16.8392,134.8356,337.5,1.7,1.3,2014-09-05,0142,Terra,MODIS,83,6.2,308.2,60.6,D,0
-16.8508,134.8342,326.2,1.7,1.3,2014-09-05,0142,Terra,MODIS,52,6.2,305.6,29.1,D,0
-16.8528,134.8505,323.6,1.8,1.3,2014-09-05,0142,Terra,MODIS,47,6.2,306.3,23.5,D,0
-16.8073,135.0313,326.5,1.8,1.3,2014-09-05,0142,Terra,MODIS,64,6.2,310.3,22.8,D,0
-17.0813,134.7432,336.7,1.7,1.3,2014-09-05,0142,Terra,MODIS,85,6.2,305.9,61,D,0
-17.0833,134.7594,324.6,1.7,1.3,2014-09-05,0142,Terra,MODIS,69,6.2,307,25.3,D,0
-17.0833,134.6879,318.7,1.7,1.3,2014-09-05,0142,Terra,MODIS,30,6.2,306.4,13.7,D,0
-17.1026,134.751,330.3,1.7,1.3,2014-09-05,0142,Terra,MODIS,72,6.2,310.8,38.9,D,0
-17.1045,134.7672,325.7,1.7,1.3,2014-09-05,0142,Terra,MODIS,52,6.2,309.3,24.4,D,0
-17.1143,134.7495,327.8,1.7,1.3,2014-09-05,0142,Terra,MODIS,55,6.2,309.1,30.8,D,0
-17.0039,134.7595,336.6,1.7,1.3,2014-09-05,0142,Terra,MODIS,85,6.2,309.4,58.7,D,0
-17.0018,134.7697,322.2,1.7,1.3,2014-09-05,0142,Terra,MODIS,41,6.2,307.4,18.7,D,0
-17.0135,134.7682,323.2,1.7,1.3,2014-09-05,0142,Terra,MODIS,53,6.2,307.4,20.8,D,0
-17.0115,134.752,325,1.7,1.3,2014-09-05,0142,Terra,MODIS,61,6.2,309.2,25.7,D,0
-17.06,134.7623,342.2,1.7,1.3,2014-09-05,0142,Terra,MODIS,89,6.2,309.7,78.9,D,0
-17.0697,134.7447,334.7,1.7,1.3,2014-09-05,0142,Terra,MODIS,83,6.2,309.7,52.2,D,0
-17.0717,134.7609,334.9,1.7,1.3,2014-09-05,0142,Terra,MODIS,83,6.2,310.5,52.7,D,0
-17.0753,134.6948,322.7,1.7,1.3,2014-09-05,0142,Terra,MODIS,64,6.2,309,22.5,D,0
-17.0774,134.7377,328.6,1.7,1.3,2014-09-05,0142,Terra,MODIS,18,6.2,306.4,31.8,D,0
-17.0793,134.754,338.4,1.7,1.3,2014-09-05,0142,Terra,MODIS,79,6.2,309,63.2,D,0
-16.9458,134.8662,330.9,1.8,1.3,2014-09-05,0142,Terra,MODIS,67,6.2,308.7,40.2,D,0
-16.9478,134.8827,328.5,1.8,1.3,2014-09-05,0142,Terra,MODIS,28,6.2,311,31.5,D,0
-16.9596,134.8812,343.8,1.8,1.3,2014-09-05,0142,Terra,MODIS,88,6.2,309.8,82.7,D,0
-16.9576,134.8647,343.2,1.8,1.3,2014-09-05,0142,Terra,MODIS,76,6.2,308.5,79.4,D,0
-16.9733,134.8962,343.3,1.8,1.3,2014-09-05,0142,Terra,MODIS,30,6.2,311.7,72.3,D,0
-16.9753,134.9127,339.3,1.8,1.3,2014-09-05,0142,Terra,MODIS,22,6.2,309.8,56.1,D,0
-17.231,135.0681,328.1,1.8,1.3,2014-09-05,0142,Terra,MODIS,57,6.2,310.4,29.1,D,0
-17.2453,131.2061,332.7,1.1,1,2014-09-05,0142,Terra,MODIS,79,6.2,313.5,20.9,D,0
-17.2532,131.1947,336,1.1,1,2014-09-05,0142,Terra,MODIS,76,6.2,312.9,24.7,D,0
-17.2546,131.2048,352.7,1.1,1,2014-09-05,0142,Terra,MODIS,96,6.2,313.7,59.8,D,0
-17.2639,131.2034,331.3,1.1,1,2014-09-05,0142,Terra,MODIS,68,6.2,310.2,18.6,D,0
-16.889,135.259,327,1.9,1.3,2014-09-05,0142,Terra,MODIS,40,6.2,312.7,26,D,0
-16.9031,135.2749,329.6,1.9,1.3,2014-09-05,0142,Terra,MODIS,24,6.2,310.7,33.4,D,0
-16.9273,135.272,330.5,1.9,1.3,2014-09-05,0142,Terra,MODIS,64,6.2,312.2,37,D,0
-17.6146,138.1911,332.7,3.2,1.7,2014-09-05,0142,Terra,MODIS,81,6.2,310,108.4,D,0
-17.627,138.1845,349.4,3.2,1.7,2014-09-05,0142,Terra,MODIS,94,6.2,306.8,258.2,D,0
-16.98,135.3011,328.2,1.9,1.3,2014-09-05,0142,Terra,MODIS,33,6.2,310.2,30.8,D,0
-16.9842,135.2948,326.6,1.9,1.3,2014-09-05,0142,Terra,MODIS,23,6.2,311.3,25.9,D,0
-16.8462,135.2531,353.2,1.9,1.3,2014-09-05,0142,Terra,MODIS,96,6.2,314.1,136.5,D,0
-17.003,135.4575,322.1,2,1.4,2014-09-05,0142,Terra,MODIS,46,6.2,308.3,20.1,D,0
-17.0355,135.4164,328,1.9,1.4,2014-09-05,0142,Terra,MODIS,73,6.2,310.2,35.2,D,0
-17.0478,135.4148,342.4,1.9,1.4,2014-09-05,0142,Terra,MODIS,89,6.2,310.8,92,D,0
-17.0499,135.4331,328.3,1.9,1.4,2014-09-05,0142,Terra,MODIS,67,6.2,311.6,37.5,D,0
-17.0876,135.4025,328.6,1.9,1.4,2014-09-05,0142,Terra,MODIS,49,6.2,310.6,35.4,D,0
-16.9898,135.4835,328.2,2,1.4,2014-09-05,0142,Terra,MODIS,52,6.2,308.4,37.6,D,0
-16.9928,135.4774,333.6,2,1.4,2014-09-05,0142,Terra,MODIS,82,6.2,308.7,56.1,D,0
-18.5801,127.4747,339.2,1.1,1,2014-09-05,0142,Terra,MODIS,85,6.2,310.9,31.4,D,0
-18.5817,127.4847,327.5,1.1,1,2014-09-05,0142,Terra,MODIS,59,6.2,311,12.8,D,0
-17.0535,135.3591,328.9,1.9,1.4,2014-09-05,0142,Terra,MODIS,32,6.2,310.5,34.5,D,0
-17.0957,135.3649,327.4,1.9,1.4,2014-09-05,0142,Terra,MODIS,45,6.2,308.8,28.8,D,0
-17.0978,135.383,326.3,1.9,1.4,2014-09-05,0142,Terra,MODIS,27,6.2,310,24.7,D,0
-17.1302,135.3425,325.9,1.9,1.4,2014-09-05,0142,Terra,MODIS,61,6.2,308.7,32.4,D,0
-17.1725,134.7421,328.4,1.7,1.3,2014-09-05,0142,Terra,MODIS,75,6.2,309.8,33.8,D,0
-17.1862,134.7569,348.4,1.7,1.3,2014-09-05,0142,Terra,MODIS,93,6.2,311.2,101,D,0
-17.1882,134.7731,333.7,1.7,1.3,2014-09-05,0142,Terra,MODIS,81,6.2,311.3,42.3,D,0
-17.1684,134.7364,326.1,1.7,1.3,2014-09-05,0142,Terra,MODIS,24,6.2,309,24.7,D,0
-17.1819,134.7512,332.7,1.7,1.3,2014-09-05,0142,Terra,MODIS,43,6.2,309.6,40.5,D,0
-17.1838,134.7674,342.5,1.7,1.3,2014-09-05,0142,Terra,MODIS,88,6.2,311.2,71.6,D,0
-17.1936,134.7497,343.2,1.7,1.3,2014-09-05,0142,Terra,MODIS,90,6.2,308.7,82,D,0
-17.1955,134.7659,341.8,1.7,1.3,2014-09-05,0142,Terra,MODIS,89,6.2,310,72.4,D,0
-17.1974,134.7823,339.2,1.8,1.3,2014-09-05,0142,Terra,MODIS,87,6.2,310.5,62.1,D,0
-17.2208,134.7793,353.1,1.8,1.3,2014-09-05,0142,Terra,MODIS,96,6.2,310.5,129.4,D,0
-17.2485,134.9105,332.9,1.8,1.3,2014-09-05,0142,Terra,MODIS,44,6.2,311.6,37.3,D,0
-17.2526,134.9442,328.3,1.8,1.3,2014-09-05,0142,Terra,MODIS,50,6.2,310.4,31.7,D,0
-17.2624,134.9259,347.5,1.8,1.3,2014-09-05,0142,Terra,MODIS,86,6.2,307.7,102.2,D,0
-17.2644,134.9428,350.3,1.8,1.3,2014-09-05,0142,Terra,MODIS,94,6.2,308.4,120.9,D,0
-17.2425,134.8604,345.4,1.8,1.3,2014-09-05,0142,Terra,MODIS,81,6.2,313.5,77.7,D,0
-17.2502,134.8257,339.6,1.8,1.3,2014-09-05,0142,Terra,MODIS,39,6.2,305.1,69.8,D,0
-17.266,134.8576,344.1,1.8,1.3,2014-09-05,0142,Terra,MODIS,72,6.2,305.6,89.5,D,0
-17.2681,134.8742,333.8,1.8,1.3,2014-09-05,0142,Terra,MODIS,33,6.2,308.2,52.3,D,0
-17.2767,134.8843,327.5,1.8,1.3,2014-09-05,0142,Terra,MODIS,74,6.2,304.7,42.9,D,0
-17.2325,134.7778,351.6,1.8,1.3,2014-09-05,0142,Terra,MODIS,95,6.2,305.7,125.7,D,0
-17.229,135.0508,326.9,1.8,1.3,2014-09-05,0142,Terra,MODIS,47,6.2,313.3,23.4,D,0
-17.2389,135.0322,375.2,1.8,1.3,2014-09-05,0142,Terra,MODIS,100,6.2,317.9,285.4,D,0
-17.2409,135.0494,356.8,1.8,1.3,2014-09-05,0142,Terra,MODIS,98,6.2,314.1,151.8,D,0
-17.2488,135.0136,355.5,1.8,1.3,2014-09-05,0142,Terra,MODIS,97,6.2,310.5,142.4,D,0
-17.2508,135.0307,380.9,1.8,1.3,2014-09-05,0142,Terra,MODIS,100,6.2,311.1,342.5,D,0
-17.2529,135.0479,333.6,1.8,1.3,2014-09-05,0142,Terra,MODIS,50,6.2,308.5,46.2,D,0
-17.2546,134.9612,332.7,1.8,1.3,2014-09-05,0142,Terra,MODIS,64,6.2,310.1,43.3,D,0
-17.2566,134.9781,339.9,1.8,1.3,2014-09-05,0142,Terra,MODIS,84,6.2,310,68.7,D,0
-17.2587,134.9951,334.7,1.8,1.3,2014-09-05,0142,Terra,MODIS,83,6.2,307.7,53.3,D,0
-17.2665,134.9597,338.4,1.8,1.3,2014-09-05,0142,Terra,MODIS,75,6.2,307.4,68.3,D,0
-17.2685,134.9767,339.8,1.8,1.3,2014-09-05,0142,Terra,MODIS,87,6.2,306.3,74.4,D,0
-17.2706,134.9936,330.2,1.8,1.3,2014-09-05,0142,Terra,MODIS,78,6.2,306,42.6,D,0
-16.7992,134.9643,352.6,1.8,1.3,2014-09-05,0142,Terra,MODIS,96,6.2,307.9,126.5,D,0
-16.8012,134.981,335.7,1.8,1.3,2014-09-05,0142,Terra,MODIS,81,6.2,308,52,D,0
-17.0074,134.919,340.5,1.8,1.3,2014-09-05,0142,Terra,MODIS,77,6.2,309.5,69.1,D,0
-16.7972,134.9477,367.9,1.8,1.3,2014-09-05,0142,Terra,MODIS,100,6.2,311.1,226.8,D,0
-16.8463,134.9584,325.2,1.8,1.3,2014-09-05,0142,Terra,MODIS,46,6.2,309.4,24.5,D,0
-16.8528,134.951,325.5,1.8,1.3,2014-09-05,0142,Terra,MODIS,63,6.2,310.4,25.5,D,0
-16.8646,134.9495,344.2,1.8,1.3,2014-09-05,0142,Terra,MODIS,91,6.2,309.3,86.6,D,0
-16.8626,134.9329,332.9,1.8,1.3,2014-09-05,0142,Terra,MODIS,81,6.2,311.4,46.6,D,0
-16.646,123.7378,318.5,1.9,1.3,2014-09-05,0142,Terra,MODIS,21,6.2,305.6,14.1,D,0
-16.5128,124.0252,322.5,1.8,1.3,2014-09-05,0142,Terra,MODIS,52,6.2,306,22.5,D,0
-16.5158,124.042,338.7,1.8,1.3,2014-09-05,0142,Terra,MODIS,87,6.2,305.3,75.6,D,0
-16.5221,124.0478,324.3,1.8,1.3,2014-09-05,0142,Terra,MODIS,52,6.2,304.6,27,D,0
-16.4483,124.044,321.7,1.8,1.3,2014-09-05,0142,Terra,MODIS,57,6.2,307.9,18.4,D,0
-16.7217,123.9556,320.3,1.8,1.3,2014-09-05,0142,Terra,MODIS,37,6.2,307.5,13.2,D,0
-16.7424,123.9342,321.6,1.8,1.3,2014-09-05,0142,Terra,MODIS,52,6.2,305.8,19.6,D,0
-16.4632,124.1288,325.7,1.8,1.3,2014-09-05,0142,Terra,MODIS,73,6.2,305.1,33.6,D,0
-16.4661,124.1453,317.3,1.8,1.3,2014-09-05,0142,Terra,MODIS,27,6.2,304.3,14.6,D,0
-16.6513,123.7255,330.5,1.9,1.3,2014-09-05,0142,Terra,MODIS,78,6.2,305.3,49.1,D,0
-16.658,123.7355,319.4,1.9,1.3,2014-09-05,0142,Terra,MODIS,35,6.2,305.5,18.3,D,0
-16.5192,124.0306,333,1.8,1.3,2014-09-05,0142,Terra,MODIS,82,6.2,306.8,50.5,D,0
-19.2201,130.8091,348.5,1.1,1,2014-09-05,0142,Terra,MODIS,93,6.2,316.6,45.9,D,0
-19.2345,130.8006,347.5,1.1,1,2014-09-05,0142,Terra,MODIS,92,6.2,313.2,46.9,D,0
-19.2215,130.8193,339,1.1,1,2014-09-05,0142,Terra,MODIS,85,6.2,314.5,28.4,D,0
-19.2308,130.8179,350.4,1.1,1,2014-09-05,0142,Terra,MODIS,94,6.2,315.5,53.2,D,0
-19.2294,130.8077,362.8,1.1,1,2014-09-05,0142,Terra,MODIS,100,6.2,319.1,86,D,0
-19.2372,130.821,323.1,1.1,1,2014-09-05,0142,Terra,MODIS,34,6.2,312.2,7.1,D,0
-19.2359,130.8108,387.2,1.1,1,2014-09-05,0142,Terra,MODIS,100,6.2,320.5,191.4,D,0
-19.6528,127.0171,329.9,1.1,1,2014-09-05,0143,Terra,MODIS,51,6.2,311.6,13,D,0
-19.6254,127.2481,355,1.1,1,2014-09-05,0143,Terra,MODIS,97,6.2,314.5,59.5,D,0
-19.6916,127.4464,328.7,1.1,1,2014-09-05,0143,Terra,MODIS,70,6.2,313.1,13.1,D,0
-19.6162,127.2497,335.1,1.1,1,2014-09-05,0143,Terra,MODIS,80,6.2,313.2,18.9,D,0
-19.6417,127.2491,329.1,1.1,1,2014-09-05,0143,Terra,MODIS,41,6.2,312.7,11.4,D,0
-19.592,127.3983,334.1,1.1,1,2014-09-05,0143,Terra,MODIS,79,6.2,313.9,18.8,D,0
-19.6672,127.471,327.9,1,1,2014-09-05,0143,Terra,MODIS,69,6.2,312.3,12.3,D,0
-19.5688,127.3715,331.1,1.1,1,2014-09-05,0143,Terra,MODIS,75,6.2,314.6,14.8,D,0
-19.6401,127.239,373.5,1.1,1,2014-09-05,0143,Terra,MODIS,100,6.2,317.1,123.3,D,0
-19.6146,127.2396,348.1,1.1,1,2014-09-05,0143,Terra,MODIS,92,6.2,315.1,43.5,D,0
-19.6238,127.238,371.8,1.1,1,2014-09-05,0143,Terra,MODIS,100,6.2,318.2,112.9,D,0
-19.6308,127.2406,371.2,1.1,1,2014-09-05,0143,Terra,MODIS,100,6.2,317.8,113.3,D,0
-20.4928,127.263,327.7,1.1,1,2014-09-05,0143,Terra,MODIS,69,6.2,312.6,12,D,0
-20.456,127.2549,332.5,1.1,1,2014-09-05,0143,Terra,MODIS,77,6.2,311.2,18.9,D,0
-41.6263,146.4676,312.8,1,1,2014-09-05,0422,Aqua,MODIS,73,6.2,289.7,12.9,D,0
-35.1363,144.0704,309.5,1,1,2014-09-05,0423,Aqua,MODIS,38,6.2,296.3,6.2,D,0
-36.9765,141.4867,310.3,1.1,1.1,2014-09-05,0423,Aqua,MODIS,70,6.2,289.8,10.5,D,0
-37.4054,142.7509,332.8,1,1,2014-09-05,0423,Aqua,MODIS,88,6.2,294.1,32.9,D,0
-37.4069,142.7391,318.7,1,1,2014-09-05,0423,Aqua,MODIS,50,6.2,292.2,15.3,D,0
-36.978,141.4739,319.2,1.1,1.1,2014-09-05,0423,Aqua,MODIS,79,6.2,291.3,19.5,D,0
-36.8458,141.7262,306.3,1.1,1,2014-09-05,0423,Aqua,MODIS,62,6.2,292.8,5.4,D,0
-36.4803,142.0319,309.9,1.1,1,2014-09-05,0423,Aqua,MODIS,64,6.2,296,7.2,D,0
-36.4788,142.0439,305.6,1.1,1,2014-09-05,0423,Aqua,MODIS,46,6.2,295,4.5,D,0
-35.5191,145.436,309.8,1,1,2014-09-05,0423,Aqua,MODIS,67,6.2,294.4,7.6,D,0
-35.5209,145.4244,307.3,1,1,2014-09-05,0423,Aqua,MODIS,40,6.2,295,5.7,D,0
-35.4876,145.8153,318.9,1.1,1,2014-09-05,0423,Aqua,MODIS,78,6.2,294.4,15.8,D,0
-35.3406,145.0436,349.9,1,1,2014-09-05,0423,Aqua,MODIS,90,6.2,294.4,62.3,D,0
-35.5195,146.1261,333,1.1,1,2014-09-05,0423,Aqua,MODIS,88,6.2,298.3,36.2,D,0
-31.0068,148.0975,313.8,1.6,1.3,2014-09-05,0424,Aqua,MODIS,71,6.2,298.3,17.3,D,0
-32.7442,146.9072,322.2,1.3,1.1,2014-09-05,0424,Aqua,MODIS,80,6.2,298.4,21.6,D,0
-34.5659,146.3618,312.8,1.1,1.1,2014-09-05,0424,Aqua,MODIS,25,6.2,291.1,11.1,D,0
-34.5754,146.3642,328.1,1.1,1.1,2014-09-05,0424,Aqua,MODIS,78,6.2,293.4,29.1,D,0
-28.6109,146.3118,322.8,1.4,1.2,2014-09-05,0425,Aqua,MODIS,71,6.2,303.7,18.2,D,0
-26.2364,151.0544,312,3.3,1.7,2014-09-05,0425,Aqua,MODIS,52,6.2,294.3,42.2,D,0
-26.2521,151.6084,315,3.6,1.8,2014-09-05,0425,Aqua,MODIS,65,6.2,297.6,55,D,0
-26.2455,151.6022,312.3,3.6,1.8,2014-09-05,0425,Aqua,MODIS,48,6.2,297.6,41.3,D,0
-26.5156,149.6452,315.9,2.6,1.5,2014-09-05,0425,Aqua,MODIS,61,6.2,302.3,28.8,D,0
-28.6134,146.2975,330.3,1.4,1.2,2014-09-05,0425,Aqua,MODIS,81,6.2,304,33.3,D,0
-26.2398,151.029,336.9,3.3,1.7,2014-09-05,0425,Aqua,MODIS,88,6.2,297,194,D,0
-26.2283,151.0174,310.1,3.3,1.7,2014-09-05,0425,Aqua,MODIS,31,6.2,295.7,34.7,D,0
-26.2434,151.0216,332.2,3.3,1.7,2014-09-05,0425,Aqua,MODIS,85,6.2,297.1,158.8,D,0
-28.616,146.2833,323.3,1.4,1.2,2014-09-05,0425,Aqua,MODIS,72,6.2,304.1,18.9,D,0
-26.9379,147.4215,367.2,1.8,1.3,2014-09-05,0425,Aqua,MODIS,100,6.2,308.3,225.9,D,0
-26.9413,147.4037,342.6,1.8,1.3,2014-09-05,0425,Aqua,MODIS,91,6.2,307.1,87.7,D,0
-24.7622,151.405,309.5,3.8,1.8,2014-09-05,0426,Aqua,MODIS,15,6.2,295.9,37.2,D,0
-26.9263,147.4187,339.9,1.8,1.3,2014-09-05,0426,Aqua,MODIS,89,6.2,306.6,78.5,D,0
-26.9296,147.4009,325.6,1.8,1.3,2014-09-05,0426,Aqua,MODIS,77,6.2,305.7,33,D,0
-26.4322,149.0713,320.7,2.4,1.5,2014-09-05,0426,Aqua,MODIS,72,6.2,302.4,38.8,D,0
-26.5842,147.9608,321.8,2,1.4,2014-09-05,0426,Aqua,MODIS,70,6.2,304,26.2,D,0
-26.572,147.9577,324,2,1.4,2014-09-05,0426,Aqua,MODIS,75,6.2,305.3,31.7,D,0
-24.9746,151.0971,342.5,3.5,1.8,2014-09-05,0426,Aqua,MODIS,91,6.2,302.7,264.3,D,0
-24.9738,151.1259,314.5,3.6,1.8,2014-09-05,0426,Aqua,MODIS,60,6.2,301.6,41,D,0
-24.9812,151.0909,335.2,3.5,1.8,2014-09-05,0426,Aqua,MODIS,87,6.2,302.5,190.5,D,0
-24.8714,150.9451,310.9,3.5,1.8,2014-09-05,0426,Aqua,MODIS,47,6.2,297.2,38.9,D,0
-25.6089,152.4123,316.9,4.2,1.9,2014-09-05,0426,Aqua,MODIS,68,6.2,295,89.9,D,0
-24.8636,150.9478,314.2,3.5,1.8,2014-09-05,0426,Aqua,MODIS,58,6.2,297.4,50.5,D,0
-25.395,149.0942,311.8,2.5,1.5,2014-09-05,0426,Aqua,MODIS,26,6.2,299.7,23.3,D,0
-25.3898,149.1196,311.3,2.5,1.5,2014-09-05,0426,Aqua,MODIS,29,6.2,296.9,22.6,D,0
-26.4053,146.2884,323.2,1.5,1.2,2014-09-05,0426,Aqua,MODIS,72,6.2,307.9,22.6,D,0
-26.3944,146.286,328.3,1.5,1.2,2014-09-05,0426,Aqua,MODIS,79,6.2,307,32,D,0
-24.7811,151.4453,310.3,3.8,1.8,2014-09-05,0426,Aqua,MODIS,26,6.2,296,41.3,D,0
-25.6258,152.4165,315.6,4.2,1.9,2014-09-05,0426,Aqua,MODIS,60,6.2,296,80.4,D,0
-25.6228,152.4074,323.2,4.2,1.9,2014-09-05,0426,Aqua,MODIS,76,6.2,295.9,138.2,D,0
-23.7104,150.3563,314,3.4,1.7,2014-09-05,0426,Aqua,MODIS,45,6.2,300.3,41.5,D,0
-23.9286,149.3191,316.6,2.8,1.6,2014-09-05,0426,Aqua,MODIS,25,6.2,298.8,34.1,D,0
-23.9145,149.3151,314.8,2.8,1.6,2014-09-05,0426,Aqua,MODIS,20,6.2,297.1,28.6,D,0
-23.9223,149.3417,315.9,2.8,1.6,2014-09-05,0426,Aqua,MODIS,49,6.2,298,37.1,D,0
-23.9278,149.3139,315.6,2.8,1.6,2014-09-05,0426,Aqua,MODIS,50,6.2,298.8,33.6,D,0
-22.6836,149.5981,314.8,3.1,1.7,2014-09-05,0427,Aqua,MODIS,40,6.2,302,28.2,D,0
-20.2905,145.7862,328.9,1.9,1.3,2014-09-05,0427,Aqua,MODIS,74,6.2,306.7,38,D,0
-22.437,145.9293,330.2,1.7,1.3,2014-09-05,0427,Aqua,MODIS,75,6.2,310.1,36.3,D,0
-22.434,145.946,347.3,1.7,1.3,2014-09-05,0427,Aqua,MODIS,92,6.2,309.4,99.2,D,0
-20.2937,145.7685,343,1.9,1.3,2014-09-05,0427,Aqua,MODIS,89,6.2,308.5,91.2,D,0
-22.6972,145.5672,324.3,1.6,1.3,2014-09-05,0427,Aqua,MODIS,39,6.2,310.2,15.6,D,0
-22.6953,145.5762,325.1,1.6,1.3,2014-09-05,0427,Aqua,MODIS,52,6.2,309.1,20.6,D,0
-18.8744,145.9536,340.9,2.1,1.4,2014-09-05,0428,Aqua,MODIS,88,6.2,295,116.5,D,0
-17.643,138.2051,336.7,1,1,2014-09-05,0428,Aqua,MODIS,54,6.2,317.1,16.7,D,0
-17.6403,138.2244,351.4,1,1,2014-09-05,0428,Aqua,MODIS,94,6.2,319.9,41.8,D,0
-17.6443,138.1954,350.7,1,1,2014-09-05,0428,Aqua,MODIS,93,6.2,317.5,45.3,D,0
-17.6457,138.1857,355.1,1,1,2014-09-05,0428,Aqua,MODIS,96,6.2,314.9,56.8,D,0
-17.647,138.1761,371.5,1,1,2014-09-05,0428,Aqua,MODIS,100,6.2,316.4,109.6,D,0
-17.6483,138.1664,349.7,1,1,2014-09-05,0428,Aqua,MODIS,93,6.2,311.8,48,D,0
-17.962,137.952,335.4,1.1,1,2014-09-05,0428,Aqua,MODIS,64,6.2,321.7,15.8,D,0
-17.9186,137.9255,335.9,1.1,1,2014-09-05,0428,Aqua,MODIS,78,6.2,316.2,19.8,D,0
-17.92,137.9155,335.2,1.1,1,2014-09-05,0428,Aqua,MODIS,76,6.2,317.3,19,D,0
-17.9712,137.9534,344.3,1.1,1,2014-09-05,0428,Aqua,MODIS,88,6.2,319.9,31.9,D,0
-17.6739,138.373,334,1,1,2014-09-05,0428,Aqua,MODIS,73,6.2,318.4,11.6,D,0
-17.6752,138.3634,335,1,1,2014-09-05,0428,Aqua,MODIS,76,6.2,318.2,12.4,D,0
-17.9699,137.9633,355.8,1.1,1,2014-09-05,0428,Aqua,MODIS,97,6.2,322.4,57.6,D,0
-19.2396,130.8087,346.6,3.2,1.7,2014-09-05,0428,Aqua,MODIS,91,6.2,315,205.1,D,0
-19.2243,130.807,330,3.2,1.7,2014-09-05,0428,Aqua,MODIS,49,6.2,315.7,64.6,D,0
-18.4319,130.7583,324.9,3.1,1.7,2014-09-05,0428,Aqua,MODIS,62,6.2,312.2,51.9,D,0
-19.2696,130.7856,346.4,3.2,1.7,2014-09-05,0428,Aqua,MODIS,91,6.2,313,220.9,D,0
-19.2724,130.7551,362.6,3.2,1.7,2014-09-05,0428,Aqua,MODIS,100,6.2,314.6,431.5,D,0
-19.2543,130.7839,351.6,3.2,1.7,2014-09-05,0428,Aqua,MODIS,95,6.2,315.1,277.9,D,0
-19.2571,130.7534,323.8,3.2,1.7,2014-09-05,0428,Aqua,MODIS,18,6.2,312.4,35.5,D,0
-19.2731,130.7816,364.5,3.2,1.7,2014-09-05,0428,Aqua,MODIS,100,6.2,313.7,462.8,D,0
-19.2762,130.7512,369.9,3.2,1.7,2014-09-05,0428,Aqua,MODIS,100,6.2,315.3,558.3,D,0
-19.2579,130.78,343,3.2,1.7,2014-09-05,0428,Aqua,MODIS,88,6.2,313.9,176.9,D,0
-19.2425,130.7784,353,3.2,1.7,2014-09-05,0428,Aqua,MODIS,96,6.2,317.9,276.9,D,0
-18.3263,130.0045,328.4,3.6,1.8,2014-09-05,0428,Aqua,MODIS,34,6.2,311.4,77.3,D,0
-18.2131,129.9807,339,3.6,1.8,2014-09-05,0428,Aqua,MODIS,80,6.2,316.5,164.1,D,0
-18.2222,129.989,348.7,3.6,1.8,2014-09-05,0428,Aqua,MODIS,93,6.2,314,281.7,D,0
-18.3296,129.9707,331.9,3.6,1.8,2014-09-05,0428,Aqua,MODIS,54,6.2,314.6,98.4,D,0
-18.3456,129.9722,337.4,3.6,1.8,2014-09-05,0428,Aqua,MODIS,74,6.2,312.6,148.5,D,0
-18.3576,129.946,329.1,3.6,1.8,2014-09-05,0428,Aqua,MODIS,41,6.2,311.4,72.6,D,0
-19.2849,130.7873,334.9,3.2,1.7,2014-09-05,0428,Aqua,MODIS,80,6.2,310.2,120.6,D,0
-19.2878,130.7568,348.8,3.2,1.7,2014-09-05,0428,Aqua,MODIS,93,6.2,308.7,253.7,D,0
-15.8882,130.4567,333.2,3,1.7,2014-09-05,0429,Aqua,MODIS,74,6.2,313.8,90.1,D,0
-15.9062,130.4295,336,3.1,1.7,2014-09-05,0429,Aqua,MODIS,76,6.2,310.2,111.9,D,0
-15.8897,130.4522,336.9,3,1.7,2014-09-05,0429,Aqua,MODIS,77,6.2,314.3,112.5,D,0
-15.9032,130.4582,332.9,3,1.7,2014-09-05,0429,Aqua,MODIS,68,6.2,310.2,87.2,D,0
-14.5645,129.8627,331,3.2,1.7,2014-09-05,0429,Aqua,MODIS,70,6.2,305.2,90.4,D,0
-14.5676,129.8556,326,3.2,1.7,2014-09-05,0429,Aqua,MODIS,52,6.2,304.3,57.5,D,0
-14.5582,129.9236,325.2,3.2,1.7,2014-09-05,0429,Aqua,MODIS,22,6.2,307.4,42.6,D,0
-14.5576,129.9459,323.4,3.2,1.7,2014-09-05,0429,Aqua,MODIS,51,6.2,308,35.4,D,0
-14.5613,129.8931,327.5,3.2,1.7,2014-09-05,0429,Aqua,MODIS,39,6.2,306.9,60,D,0
-15.9047,130.4536,334.1,3,1.7,2014-09-05,0429,Aqua,MODIS,80,6.2,309.8,100.3,D,0
-14.5642,129.886,334,3.2,1.7,2014-09-05,0429,Aqua,MODIS,80,6.2,306.6,109,D,0
-15.588,133.0347,368.4,1.9,1.4,2014-09-05,0429,Aqua,MODIS,100,6.2,315.8,244.8,D,0
-13.9522,136.5803,321.3,1.1,1,2014-09-05,0429,Aqua,MODIS,56,6.2,299.5,11.6,D,0
-15.5989,145.1046,323,2.1,1.4,2014-09-05,0429,Aqua,MODIS,18,6.2,302.3,30.6,D,0
-13.9349,136.5918,327.5,1.1,1,2014-09-05,0429,Aqua,MODIS,50,6.2,301.5,18.6,D,0
-13.9363,136.5817,325.5,1.1,1,2014-09-05,0429,Aqua,MODIS,37,6.2,302.4,15.6,D,0
-15.5715,133.0686,330.2,1.9,1.3,2014-09-05,0429,Aqua,MODIS,46,6.2,314.3,31.9,D,0
-13.9509,136.5904,320.8,1.1,1,2014-09-05,0429,Aqua,MODIS,48,6.2,298.6,10.9,D,0
-15.3725,135.2085,333.3,1.3,1.1,2014-09-05,0429,Aqua,MODIS,62,6.2,319.5,21.4,D,0
-15.4302,135.1469,331.4,1.4,1.2,2014-09-05,0429,Aqua,MODIS,56,6.2,317.4,17.7,D,0
-15.4966,144.9445,341.5,2,1.4,2014-09-05,0429,Aqua,MODIS,89,6.2,301.7,105.6,D,0
-15.6005,145.1122,328,2.1,1.4,2014-09-05,0429,Aqua,MODIS,71,6.2,302.5,48.8,D,0
-15.5256,144.9353,325.3,2,1.4,2014-09-05,0429,Aqua,MODIS,70,6.2,301.2,42.2,D,0
-15.5277,144.9109,323.4,2,1.4,2014-09-05,0429,Aqua,MODIS,62,6.2,299,37.6,D,0
-15.5246,144.9293,333.1,2,1.4,2014-09-05,0429,Aqua,MODIS,81,6.2,301.2,69,D,0
-15.529,144.9163,330.3,2,1.4,2014-09-05,0429,Aqua,MODIS,78,6.2,299.6,59.2,D,0
-15.5858,133.0525,344.2,1.9,1.3,2014-09-05,0429,Aqua,MODIS,89,6.2,311.4,85.8,D,0
-15.4926,133.1119,335.8,1.9,1.3,2014-09-05,0429,Aqua,MODIS,56,6.2,318.7,41.1,D,0
-15.5914,133.0401,368.2,1.9,1.4,2014-09-05,0429,Aqua,MODIS,100,6.2,315.2,242,D,0
-15.5957,145.1234,327.1,2.1,1.4,2014-09-05,0429,Aqua,MODIS,54,6.2,302.3,43.8,D,0
-13.8472,135.4352,342.8,1.2,1.1,2014-09-05,0429,Aqua,MODIS,87,6.2,315.4,42.8,D,0
-13.7334,136.6525,317,1.1,1,2014-09-05,0429,Aqua,MODIS,13,6.2,284.3,11,D,0
-14.1899,132.9788,339.6,1.8,1.3,2014-09-05,0429,Aqua,MODIS,85,6.2,318.5,52.7,D,0
-14.4947,141.671,331.3,1.2,1.1,2014-09-05,0429,Aqua,MODIS,79,6.2,305.1,24.2,D,0
-16.292,136.7324,337.1,1.1,1.1,2014-09-05,0429,Aqua,MODIS,53,6.2,316.2,20.8,D,0
-16.1158,136.5323,339.1,1.2,1.1,2014-09-05,0429,Aqua,MODIS,48,6.2,318.6,25.3,D,0
-14.8083,134.7005,344.1,1.4,1.2,2014-09-05,0429,Aqua,MODIS,89,6.2,317.4,54.9,D,0
-14.9254,134.7484,337.6,1.4,1.2,2014-09-05,0429,Aqua,MODIS,83,6.2,321.6,29.5,D,0
-16.0723,136.0948,343.4,1.2,1.1,2014-09-05,0429,Aqua,MODIS,87,6.2,320.3,37.9,D,0
-14.4946,141.6779,322.9,1.2,1.1,2014-09-05,0429,Aqua,MODIS,62,6.2,304,11.2,D,0
-14.4964,141.6665,329.9,1.2,1.1,2014-09-05,0429,Aqua,MODIS,77,6.2,305.6,22.9,D,0
-15.393,135.6833,349.9,1.3,1.1,2014-09-05,0429,Aqua,MODIS,93,6.2,316.2,62.9,D,0
-14.663,134.949,335.6,1.4,1.2,2014-09-05,0429,Aqua,MODIS,69,6.2,316.6,29.7,D,0
-16.1062,136.5309,336.2,1.2,1.1,2014-09-05,0429,Aqua,MODIS,74,6.2,319.9,21.7,D,0
-14.952,145.1255,322.7,2.1,1.4,2014-09-05,0429,Aqua,MODIS,59,6.2,302.8,38.8,D,0
-14.8675,134.7804,337.9,1.4,1.2,2014-09-05,0429,Aqua,MODIS,80,6.2,318.2,33.6,D,0
-14.9271,134.7353,333.5,1.4,1.2,2014-09-05,0429,Aqua,MODIS,73,6.2,320.5,20.1,D,0
-14.8667,144.9454,322,2.1,1.4,2014-09-05,0429,Aqua,MODIS,32,6.2,299.9,30.1,D,0
-15.383,135.682,327.2,1.3,1.1,2014-09-05,0429,Aqua,MODIS,35,6.2,314.3,13,D,0
-14.6637,144.5762,322.3,2,1.4,2014-09-05,0429,Aqua,MODIS,54,6.2,299.9,30.7,D,0
-16.303,136.7232,336.2,1.1,1.1,2014-09-05,0429,Aqua,MODIS,69,6.2,318.5,19.4,D,0
-16.0708,136.1061,347.8,1.2,1.1,2014-09-05,0429,Aqua,MODIS,91,6.2,318.3,49.1,D,0
-14.8244,134.7425,333.1,1.4,1.2,2014-09-05,0429,Aqua,MODIS,47,6.2,318,20.3,D,0
-14.6232,134.7166,328.8,1.4,1.2,2014-09-05,0429,Aqua,MODIS,65,6.2,317.9,16.3,D,0
-15.4892,145.1385,324.6,2.1,1.4,2014-09-05,0429,Aqua,MODIS,58,6.2,301.1,42,D,0
-14.9854,134.8295,334.6,1.4,1.2,2014-09-05,0429,Aqua,MODIS,59,6.2,319.1,25.9,D,0
-14.9533,145.1206,321.3,2.1,1.4,2014-09-05,0429,Aqua,MODIS,37,6.2,303,32.9,D,0
-16.3409,136.6922,334.6,1.1,1.1,2014-09-05,0429,Aqua,MODIS,29,6.2,317.1,18.5,D,0
-14.6657,144.5824,321.9,2,1.4,2014-09-05,0429,Aqua,MODIS,50,6.2,299,28.8,D,0
-16.0985,136.7352,337.1,1.1,1.1,2014-09-05,0429,Aqua,MODIS,50,6.2,317.5,23.1,D,0
-14.877,142.1803,337.9,1.3,1.1,2014-09-05,0429,Aqua,MODIS,85,6.2,311.7,36.1,D,0
-14.9394,145.1231,319.4,2.1,1.4,2014-09-05,0429,Aqua,MODIS,26,6.2,302.7,28.3,D,0
-15.5721,145.1268,325,2.1,1.4,2014-09-05,0429,Aqua,MODIS,31,6.2,302.8,35,D,0
-16.135,136.535,334,1.2,1.1,2014-09-05,0429,Aqua,MODIS,50,6.2,316.2,17.5,D,0
-16.0757,136.6135,364.4,1.1,1.1,2014-09-05,0429,Aqua,MODIS,100,6.2,317.7,96.3,D,0
-14.3178,133.6979,339.7,1.6,1.3,2014-09-05,0429,Aqua,MODIS,61,6.2,318.4,44.2,D,0
-14.2982,133.6734,353.1,1.6,1.3,2014-09-05,0429,Aqua,MODIS,95,6.2,320.3,99.3,D,0
-16.2153,136.7695,333.9,1.1,1.1,2014-09-05,0429,Aqua,MODIS,65,6.2,316.8,17.7,D,0
-16.1836,136.4938,331.5,1.2,1.1,2014-09-05,0429,Aqua,MODIS,71,6.2,317.2,13.5,D,0
-16.0971,136.7457,345.8,1.1,1.1,2014-09-05,0429,Aqua,MODIS,90,6.2,318.6,41.6,D,0
-16.1048,136.5416,344.6,1.2,1.1,2014-09-05,0429,Aqua,MODIS,88,6.2,316.4,39.9,D,0
-13.015,142.9778,317.6,1.6,1.2,2014-09-05,0429,Aqua,MODIS,0,6.2,273.6,29.7,D,0
-16.3381,136.7134,353.6,1.1,1.1,2014-09-05,0429,Aqua,MODIS,94,6.2,316.6,57,D,0
-16.0771,136.6029,409.2,1.1,1.1,2014-09-05,0429,Aqua,MODIS,100,6.2,328,357.7,D,0
-16.185,136.483,327.5,1.2,1.1,2014-09-05,0429,Aqua,MODIS,50,6.2,316.4,7.4,D,0
-14.3214,133.6676,342.1,1.6,1.3,2014-09-05,0429,Aqua,MODIS,87,6.2,317.3,57.9,D,0
-13.129,141.6318,324.3,1.3,1.1,2014-09-05,0429,Aqua,MODIS,0,6.2,301.8,14.8,D,0
-14.4848,141.6694,328.5,1.2,1.1,2014-09-05,0429,Aqua,MODIS,76,6.2,307.1,18.7,D,0
-15.8463,136.4211,341.2,1.2,1.1,2014-09-05,0429,Aqua,MODIS,66,6.2,314.6,30.5,D,0
-15.4766,145.1364,323.2,2.1,1.4,2014-09-05,0429,Aqua,MODIS,34,6.2,301.2,37.3,D,0
-14.5721,134.6498,333,1.4,1.2,2014-09-05,0429,Aqua,MODIS,62,6.2,318.5,19.6,D,0
-14.5663,134.6556,332.5,1.4,1.2,2014-09-05,0429,Aqua,MODIS,68,6.2,318.5,20.4,D,0
-13.1354,141.6572,321.9,1.3,1.1,2014-09-05,0429,Aqua,MODIS,21,6.2,302.6,13.5,D,0
-16.2811,136.7415,346.6,1.1,1.1,2014-09-05,0429,Aqua,MODIS,90,6.2,316.8,41.3,D,0
-15.7616,135.8998,329.5,1.2,1.1,2014-09-05,0429,Aqua,MODIS,53,6.2,319,11.5,D,0
-15.4887,145.1438,324,2.1,1.4,2014-09-05,0429,Aqua,MODIS,30,6.2,301.4,37.6,D,0
-14.9279,145.116,328.6,2.1,1.4,2014-09-05,0429,Aqua,MODIS,76,6.2,301.9,60,D,0
-14.493,141.6825,326.5,1.3,1.1,2014-09-05,0429,Aqua,MODIS,69,6.2,303.8,15.1,D,0
-15.8477,136.4104,348.6,1.2,1.1,2014-09-05,0429,Aqua,MODIS,84,6.2,312.7,48.5,D,0
-14.483,141.6809,328.9,1.3,1.1,2014-09-05,0429,Aqua,MODIS,77,6.2,307.3,18.8,D,0
-14.4812,141.6924,351,1.3,1.1,2014-09-05,0429,Aqua,MODIS,95,6.2,307.7,70.7,D,0
-14.69,144.5872,318.6,2,1.4,2014-09-05,0429,Aqua,MODIS,18,6.2,299,20.7,D,0
-14.3228,133.6611,340.1,1.6,1.3,2014-09-05,0429,Aqua,MODIS,85,6.2,316.9,51.7,D,0
-14.319,133.6914,338.9,1.6,1.3,2014-09-05,0429,Aqua,MODIS,78,6.2,317.5,41.6,D,0
-14.2849,133.6869,348.5,1.6,1.3,2014-09-05,0429,Aqua,MODIS,92,6.2,319.4,77.5,D,0
-15.3435,135.5136,332.7,1.3,1.1,2014-09-05,0429,Aqua,MODIS,54,6.2,319.8,18.9,D,0
-14.8751,142.1926,337,1.3,1.1,2014-09-05,0429,Aqua,MODIS,84,6.2,312.7,34.5,D,0
-13.9537,142.1691,319.6,1.4,1.2,2014-09-05,0429,Aqua,MODIS,48,6.2,302.4,8.5,D,0
-14.8732,142.1853,350.4,1.3,1.1,2014-09-05,0429,Aqua,MODIS,94,6.2,310.6,71.3,D,0
-15.4702,134.8255,346.2,1.4,1.2,2014-09-05,0429,Aqua,MODIS,73,6.2,317.6,54.5,D,0
-15.4215,135.6989,330.6,1.3,1.1,2014-09-05,0429,Aqua,MODIS,54,6.2,317,17.9,D,0
-15.4316,135.7003,347.1,1.3,1.1,2014-09-05,0429,Aqua,MODIS,91,6.2,316.8,54.6,D,0
-15.3716,145.2165,319.7,2.1,1.4,2014-09-05,0429,Aqua,MODIS,36,6.2,297,35.7,D,0
-16.0662,136.6122,331.4,1.1,1.1,2014-09-05,0429,Aqua,MODIS,70,6.2,316.9,14.2,D,0
-14.9267,145.1209,329.9,2.1,1.4,2014-09-05,0429,Aqua,MODIS,70,6.2,302,63.5,D,0
-16.3286,136.7121,339.6,1.1,1.1,2014-09-05,0429,Aqua,MODIS,48,6.2,319.6,24.2,D,0
-15.8491,136.3996,393.6,1.2,1.1,2014-09-05,0429,Aqua,MODIS,100,6.2,319,249.6,D,0
-15.8505,136.3887,365.7,1.2,1.1,2014-09-05,0429,Aqua,MODIS,100,6.2,312.7,109,D,0
-16.2825,136.731,349.3,1.1,1.1,2014-09-05,0429,Aqua,MODIS,93,6.2,318.3,46.7,D,0
-14.8652,144.9378,320,2.1,1.4,2014-09-05,0429,Aqua,MODIS,48,6.2,299,26,D,0
-14.2868,133.6718,361.3,1.6,1.3,2014-09-05,0429,Aqua,MODIS,100,6.2,318.8,145,D,0
-14.8066,134.7136,338.6,1.4,1.2,2014-09-05,0429,Aqua,MODIS,66,6.2,316.7,36.8,D,0
-14.3001,133.6582,337.5,1.6,1.3,2014-09-05,0429,Aqua,MODIS,40,6.2,314.6,42.3,D,0
-16.3395,136.7028,348.8,1.1,1.1,2014-09-05,0429,Aqua,MODIS,81,6.2,317,45.2,D,0
-14.8778,144.9398,325.5,2.1,1.4,2014-09-05,0429,Aqua,MODIS,61,6.2,301.7,41.4,D,0
-14.5679,134.6425,331.7,1.4,1.2,2014-09-05,0429,Aqua,MODIS,67,6.2,316.6,19.4,D,0
-14.8706,142.1543,340.9,1.3,1.1,2014-09-05,0429,Aqua,MODIS,87,6.2,308.7,43.5,D,0
-14.6931,144.5694,325.3,2,1.4,2014-09-05,0429,Aqua,MODIS,69,6.2,301.3,37.9,D,0
-14.6815,134.8874,329,1.4,1.2,2014-09-05,0429,Aqua,MODIS,31,6.2,315.6,16.1,D,0
-14.4912,141.6941,334,1.3,1.1,2014-09-05,0429,Aqua,MODIS,82,6.2,303.7,28.6,D,0
-14.9319,134.7426,347.9,1.4,1.2,2014-09-05,0429,Aqua,MODIS,92,6.2,320.7,57.5,D,0
-15.4638,134.8312,344,1.4,1.2,2014-09-05,0429,Aqua,MODIS,60,6.2,317.8,46.8,D,0
-14.4928,141.6894,337.6,1.3,1.1,2014-09-05,0429,Aqua,MODIS,85,6.2,304.3,37.1,D,0
-15.4922,145.1243,324.1,2.1,1.4,2014-09-05,0429,Aqua,MODIS,39,6.2,301.1,38.8,D,0
-15.7347,135.6354,336.3,1.3,1.1,2014-09-05,0429,Aqua,MODIS,74,6.2,317.7,24.8,D,0
-15.4925,145.119,324.4,2.1,1.4,2014-09-05,0429,Aqua,MODIS,51,6.2,300.9,41.4,D,0
-13.6573,141.9174,337.3,1.3,1.1,2014-09-05,0429,Aqua,MODIS,87,6.2,303.6,41.3,D,0
-16.6548,137.0923,342.4,1.1,1,2014-09-05,0429,Aqua,MODIS,67,6.2,315.8,32.4,D,0
-16.6562,137.082,379.9,1.1,1,2014-09-05,0429,Aqua,MODIS,100,6.2,320,153.2,D,0
-16.6575,137.0717,365.8,1.1,1,2014-09-05,0429,Aqua,MODIS,100,6.2,318.6,95.9,D,0
-16.6311,137.0821,332.6,1.1,1,2014-09-05,0429,Aqua,MODIS,58,6.2,321.3,14.4,D,0
-16.5812,137.0958,330.1,1.1,1,2014-09-05,0429,Aqua,MODIS,35,6.2,317.6,10.8,D,0
-16.5571,137.0608,331.5,1.1,1,2014-09-05,0429,Aqua,MODIS,73,6.2,319.9,10.6,D,0
-14.7766,142.6826,319.5,1.4,1.2,2014-09-05,0429,Aqua,MODIS,16,6.2,305.2,10.4,D,0
-16.9843,135.0509,333.7,1.4,1.2,2014-09-05,0429,Aqua,MODIS,68,6.2,316.1,29.6,D,0
-16.9859,135.0374,336.1,1.4,1.2,2014-09-05,0429,Aqua,MODIS,75,6.2,315.7,36.1,D,0
-16.9793,135.0585,326.9,1.4,1.2,2014-09-05,0429,Aqua,MODIS,45,6.2,314.4,11.4,D,0
-16.981,135.0451,338.5,1.4,1.2,2014-09-05,0429,Aqua,MODIS,84,6.2,316.8,40.5,D,0
-14.8888,142.0887,330.8,1.3,1.1,2014-09-05,0429,Aqua,MODIS,57,6.2,314.1,17.6,D,0
-16.6599,134.8026,327.2,1.5,1.2,2014-09-05,0429,Aqua,MODIS,67,6.2,314.8,20.4,D,0
-16.6578,134.7969,328.1,1.5,1.2,2014-09-05,0429,Aqua,MODIS,68,6.2,315.1,20.6,D,0
-16.9209,134.7929,350.5,1.5,1.2,2014-09-05,0429,Aqua,MODIS,94,6.2,310.8,91.4,D,0
-16.9511,134.8462,336.9,1.5,1.2,2014-09-05,0429,Aqua,MODIS,38,6.2,313.1,36,D,0
-16.9619,134.8476,344.2,1.5,1.2,2014-09-05,0429,Aqua,MODIS,76,6.2,313.3,58.9,D,0
-16.9192,134.8069,381.5,1.5,1.2,2014-09-05,0429,Aqua,MODIS,100,6.2,314.4,259.4,D,0
-14.8215,143.064,325.3,1.5,1.2,2014-09-05,0429,Aqua,MODIS,45,6.2,311.1,14.8,D,0
-15.4947,134.8018,334.9,1.4,1.2,2014-09-05,0429,Aqua,MODIS,55,6.2,315.5,27.6,D,0
-14.8915,142.9771,350.1,1.5,1.2,2014-09-05,0429,Aqua,MODIS,94,6.2,309.3,88.1,D,0
-13.2429,141.8297,324.3,1.3,1.1,2014-09-05,0429,Aqua,MODIS,45,6.2,305.3,15.9,D,0
-14.8892,142.9908,328.5,1.5,1.2,2014-09-05,0429,Aqua,MODIS,61,6.2,308.3,21.6,D,0
-17.0239,134.9036,335.6,1.5,1.2,2014-09-05,0429,Aqua,MODIS,42,6.2,312,30.2,D,0
-17.0256,134.8897,342.2,1.5,1.2,2014-09-05,0429,Aqua,MODIS,87,6.2,315.1,55.4,D,0
-17.0273,134.8759,330.7,1.5,1.2,2014-09-05,0429,Aqua,MODIS,36,6.2,311.2,27.2,D,0
-17.0131,134.9021,345.1,1.5,1.2,2014-09-05,0429,Aqua,MODIS,84,6.2,314.9,58.2,D,0
-17.0148,134.8883,356.8,1.5,1.2,2014-09-05,0429,Aqua,MODIS,98,6.2,315.5,111.2,D,0
-17.0023,134.9007,392,1.5,1.2,2014-09-05,0429,Aqua,MODIS,100,6.2,320.7,332.3,D,0
-17.004,134.8868,353.3,1.5,1.2,2014-09-05,0429,Aqua,MODIS,96,6.2,315.2,96.7,D,0
-17.0091,134.9103,341.1,1.5,1.2,2014-09-05,0429,Aqua,MODIS,47,6.2,316.1,44.9,D,0
-17.0108,134.8965,348.7,1.5,1.2,2014-09-05,0429,Aqua,MODIS,83,6.2,316.3,72.3,D,0
-17.0126,134.8827,343.1,1.5,1.2,2014-09-05,0429,Aqua,MODIS,70,6.2,313.9,59.7,D,0
-16.7265,134.7975,328.2,1.5,1.2,2014-09-05,0429,Aqua,MODIS,69,6.2,312.5,25.4,D,0
-16.7933,134.9111,353.5,1.5,1.2,2014-09-05,0429,Aqua,MODIS,93,6.2,313.1,94.6,D,0
-16.795,134.8974,399,1.5,1.2,2014-09-05,0429,Aqua,MODIS,100,6.2,319.2,410.2,D,0
-16.7808,134.9233,342.8,1.5,1.2,2014-09-05,0429,Aqua,MODIS,19,6.2,316.3,43.5,D,0
-16.7825,134.9096,368.2,1.5,1.2,2014-09-05,0429,Aqua,MODIS,95,6.2,318.5,154.9,D,0
-16.7842,134.896,381.3,1.5,1.2,2014-09-05,0429,Aqua,MODIS,100,6.2,316.6,251.1,D,0
-16.77,134.9219,386.4,1.5,1.2,2014-09-05,0429,Aqua,MODIS,100,6.2,320.1,269.8,D,0
-16.7717,134.9082,391.1,1.5,1.2,2014-09-05,0429,Aqua,MODIS,100,6.2,318.7,310.7,D,0
-16.7734,134.8946,362.4,1.5,1.2,2014-09-05,0429,Aqua,MODIS,90,6.2,312.6,131.2,D,0
-16.7626,134.8932,360.7,1.5,1.2,2014-09-05,0429,Aqua,MODIS,97,6.2,313.6,123.8,D,0
-16.7519,134.8917,356.3,1.5,1.2,2014-09-05,0429,Aqua,MODIS,94,6.2,315.1,103.7,D,0
-16.7092,134.9348,330.4,1.5,1.2,2014-09-05,0429,Aqua,MODIS,69,6.2,314.7,21.9,D,0
-16.711,134.9212,330.4,1.5,1.2,2014-09-05,0429,Aqua,MODIS,64,6.2,313.9,22.7,D,0
-16.9101,134.7915,330.2,1.5,1.2,2014-09-05,0429,Aqua,MODIS,62,6.2,308.7,29.5,D,0
-16.7853,134.798,322.7,1.5,1.2,2014-09-05,0429,Aqua,MODIS,44,6.2,309.9,17.8,D,0
-16.8183,135.0026,353.7,1.4,1.2,2014-09-05,0429,Aqua,MODIS,96,6.2,316.1,86.9,D,0
-16.8134,135.0103,342,1.4,1.2,2014-09-05,0429,Aqua,MODIS,87,6.2,315.9,46.9,D,0
-16.8151,134.9968,343.1,1.4,1.2,2014-09-05,0429,Aqua,MODIS,78,6.2,315.1,48.4,D,0
-16.9066,134.8194,336,1.5,1.2,2014-09-05,0429,Aqua,MODIS,43,6.2,314.2,34.3,D,0
-16.9083,134.8055,344.4,1.5,1.2,2014-09-05,0429,Aqua,MODIS,82,6.2,310.4,63.2,D,0
-16.894,134.8318,335.6,1.5,1.2,2014-09-05,0429,Aqua,MODIS,39,6.2,313.3,29.6,D,0
-16.8849,134.8165,370.1,1.5,1.2,2014-09-05,0429,Aqua,MODIS,100,6.2,313.3,177.7,D,0
-16.8723,134.8289,334.5,1.5,1.2,2014-09-05,0429,Aqua,MODIS,42,6.2,312.8,29.1,D,0
-16.874,134.815,374.3,1.5,1.2,2014-09-05,0429,Aqua,MODIS,100,6.2,314.4,205.9,D,0
-16.8598,134.8414,337.9,1.5,1.2,2014-09-05,0429,Aqua,MODIS,82,6.2,311.7,40.3,D,0
-16.8161,134.8162,343.8,1.5,1.2,2014-09-05,0429,Aqua,MODIS,89,6.2,312.9,64.5,D,0
-16.8179,134.8023,332.5,1.5,1.2,2014-09-05,0429,Aqua,MODIS,67,6.2,311,34.1,D,0
-16.7288,135.0805,332.5,1.4,1.2,2014-09-05,0429,Aqua,MODIS,66,6.2,315.9,21.6,D,0
-16.7182,135.079,330.1,1.4,1.2,2014-09-05,0429,Aqua,MODIS,36,6.2,316.1,17.5,D,0
-16.7643,134.8794,369.9,1.5,1.2,2014-09-05,0429,Aqua,MODIS,100,6.2,311.6,179.5,D,0
-16.7535,134.878,338.1,1.5,1.2,2014-09-05,0429,Aqua,MODIS,80,6.2,310.9,46.4,D,0
-17.088,134.7412,375.1,1.5,1.2,2014-09-05,0429,Aqua,MODIS,100,6.2,315.7,218.1,D,0
-17.0898,134.727,385.7,1.5,1.2,2014-09-05,0429,Aqua,MODIS,100,6.2,318.2,302.8,D,0
-17.0771,134.7397,355.3,1.5,1.2,2014-09-05,0429,Aqua,MODIS,97,6.2,314.4,109.2,D,0
-17.0788,134.7255,361.6,1.5,1.2,2014-09-05,0429,Aqua,MODIS,100,6.2,311.9,143.2,D,0
-17.0644,134.7525,350.8,1.5,1.2,2014-09-05,0429,Aqua,MODIS,94,6.2,314.8,89.3,D,0
-17.0661,134.7383,395.8,1.5,1.2,2014-09-05,0429,Aqua,MODIS,100,6.2,321.1,394.9,D,0
-17.0679,134.7241,363,1.5,1.2,2014-09-05,0429,Aqua,MODIS,100,6.2,311.5,153,D,0
-17.0535,134.751,341.5,1.5,1.2,2014-09-05,0429,Aqua,MODIS,87,6.2,311.2,58.7,D,0
-17.0552,134.7368,342.6,1.5,1.2,2014-09-05,0429,Aqua,MODIS,88,6.2,308.8,64.1,D,0
-16.9983,134.9089,384.1,1.5,1.2,2014-09-05,0429,Aqua,MODIS,100,6.2,317.9,256.7,D,0
-17,134.8951,374.8,1.5,1.2,2014-09-05,0429,Aqua,MODIS,100,6.2,318.3,194.6,D,0
-16.9875,134.9074,354.5,1.5,1.2,2014-09-05,0429,Aqua,MODIS,96,6.2,314,83.8,D,0
-16.9892,134.8936,361.5,1.5,1.2,2014-09-05,0429,Aqua,MODIS,100,6.2,318.8,117.9,D,0
-16.9369,134.8725,339.3,1.5,1.2,2014-09-05,0429,Aqua,MODIS,85,6.2,313.8,41.2,D,0
-16.9386,134.8586,333.2,1.5,1.2,2014-09-05,0429,Aqua,MODIS,54,6.2,311.4,26.4,D,0
-16.9261,134.871,335.2,1.5,1.2,2014-09-05,0429,Aqua,MODIS,80,6.2,314.9,30.8,D,0
-16.923,134.8639,335,1.5,1.2,2014-09-05,0429,Aqua,MODIS,58,6.2,315.3,29.7,D,0
-16.9494,134.8601,346,1.5,1.2,2014-09-05,0429,Aqua,MODIS,81,6.2,317.1,61.9,D,0
-16.9277,134.8571,354.8,1.5,1.2,2014-09-05,0429,Aqua,MODIS,97,6.2,314.4,97.6,D,0
-14.7681,142.6677,323,1.4,1.2,2014-09-05,0429,Aqua,MODIS,57,6.2,304.5,15.4,D,0
-17.26,131.1771,336,2.8,1.6,2014-09-05,0429,Aqua,MODIS,82,6.2,316,99.8,D,0
-17.2428,131.202,331.1,2.8,1.6,2014-09-05,0429,Aqua,MODIS,70,6.2,317.2,61.7,D,0
-17.2456,131.1753,341.2,2.8,1.6,2014-09-05,0429,Aqua,MODIS,87,6.2,316.8,133.4,D,0
-17.2554,131.1988,330.8,2.8,1.6,2014-09-05,0429,Aqua,MODIS,59,6.2,316.6,60.4,D,0
-17.2584,131.1721,337.5,2.8,1.6,2014-09-05,0429,Aqua,MODIS,84,6.2,316,106,D,0
-17.241,131.197,332.1,2.8,1.6,2014-09-05,0429,Aqua,MODIS,78,6.2,317.2,71.8,D,0
-14.766,142.6808,333.3,1.4,1.2,2014-09-05,0429,Aqua,MODIS,80,6.2,305.8,36.6,D,0
-16.9659,135.2905,335.7,1.4,1.2,2014-09-05,0429,Aqua,MODIS,58,6.2,316.3,27.1,D,0
-16.9595,135.2974,336.9,1.4,1.2,2014-09-05,0429,Aqua,MODIS,60,6.2,314.9,31.2,D,0
-16.8417,135.2482,332.9,1.4,1.2,2014-09-05,0429,Aqua,MODIS,24,6.2,317.4,20.4,D,0
-16.5885,136.8962,346.2,1.1,1.1,2014-09-05,0429,Aqua,MODIS,81,6.2,316.6,41.3,D,0
-16.5899,136.8858,368.1,1.1,1.1,2014-09-05,0429,Aqua,MODIS,100,6.2,320.6,107.8,D,0
-16.5913,136.8753,378.7,1.1,1.1,2014-09-05,0429,Aqua,MODIS,100,6.2,321.1,155,D,0
-16.5926,136.8647,348.8,1.1,1.1,2014-09-05,0429,Aqua,MODIS,92,6.2,313,51.7,D,0
-16.579,136.8949,333.6,1.1,1.1,2014-09-05,0429,Aqua,MODIS,59,6.2,318.1,17.8,D,0
-16.5804,136.8844,336.3,1.1,1.1,2014-09-05,0429,Aqua,MODIS,79,6.2,317.7,23.4,D,0
-16.5817,136.8739,351.8,1.1,1.1,2014-09-05,0429,Aqua,MODIS,95,6.2,317.2,58.8,D,0
-16.5831,136.8634,325.6,1.1,1.1,2014-09-05,0429,Aqua,MODIS,15,6.2,312.4,9.1,D,0
-17.2439,131.1703,332.1,2.8,1.6,2014-09-05,0429,Aqua,MODIS,78,6.2,316.1,74.7,D,0
-16.4408,136.6251,326.8,1.1,1.1,2014-09-05,0429,Aqua,MODIS,33,6.2,315.1,8.8,D,0
-16.393,136.6672,330.2,1.1,1.1,2014-09-05,0429,Aqua,MODIS,63,6.2,314.1,15.1,D,0
-16.3834,136.6658,328.9,1.1,1.1,2014-09-05,0429,Aqua,MODIS,48,6.2,315,13.3,D,0
-17.0005,135.4389,335.4,1.4,1.2,2014-09-05,0429,Aqua,MODIS,59,6.2,317.8,26,D,0
-17.0877,135.393,388.2,1.4,1.2,2014-09-05,0429,Aqua,MODIS,100,6.2,321.4,270.9,D,0
-16.9821,135.5006,325.6,1.3,1.1,2014-09-05,0429,Aqua,MODIS,58,6.2,314,12.9,D,0
-16.9837,135.488,326.2,1.3,1.2,2014-09-05,0429,Aqua,MODIS,54,6.2,314.2,13.2,D,0
-16.8118,135.2308,332.6,1.4,1.2,2014-09-05,0429,Aqua,MODIS,61,6.2,314.9,23.5,D,0
-16.8167,135.1916,332.2,1.4,1.2,2014-09-05,0429,Aqua,MODIS,76,6.2,316.3,19.9,D,0
-16.8029,135.2164,335.3,1.4,1.2,2014-09-05,0429,Aqua,MODIS,49,6.2,314.6,28.1,D,0
-16.8045,135.2033,335.6,1.4,1.2,2014-09-05,0429,Aqua,MODIS,59,6.2,315,28.3,D,0
-16.8077,135.1771,356.8,1.4,1.2,2014-09-05,0429,Aqua,MODIS,98,6.2,317.6,95.8,D,0
-16.7841,135.1551,336.2,1.4,1.2,2014-09-05,0429,Aqua,MODIS,80,6.2,317.3,29.9,D,0
-16.8061,135.1902,380.9,1.4,1.2,2014-09-05,0429,Aqua,MODIS,100,6.2,319.7,225.5,D,0
-17.0047,135.3221,342.1,1.4,1.2,2014-09-05,0429,Aqua,MODIS,80,6.2,316.3,43.7,D,0
-14.4122,142.0694,326,1.3,1.1,2014-09-05,0429,Aqua,MODIS,72,6.2,307.6,20,D,0
-13.2186,141.8506,338.4,1.3,1.1,2014-09-05,0429,Aqua,MODIS,86,6.2,308.7,41.4,D,0
-17.1362,135.347,331.2,1.4,1.2,2014-09-05,0429,Aqua,MODIS,55,6.2,316.8,15.7,D,0
-17.0893,135.3801,417.2,1.4,1.2,2014-09-05,0429,Aqua,MODIS,100,6.2,326.4,560.9,D,0
-17.091,135.3672,357.2,1.4,1.2,2014-09-05,0429,Aqua,MODIS,98,6.2,312.8,95.7,D,0
-17.0926,135.3544,329.5,1.4,1.2,2014-09-05,0429,Aqua,MODIS,36,6.2,312.1,16.1,D,0
-14.6515,132.7287,328,2,1.4,2014-09-05,0429,Aqua,MODIS,58,6.2,314.6,23.9,D,0
-16.535,136.9042,350.4,1.1,1.1,2014-09-05,0429,Aqua,MODIS,94,6.2,319,47.4,D,0
-16.5364,136.8938,336.3,1.1,1.1,2014-09-05,0429,Aqua,MODIS,48,6.2,317.5,17.7,D,0
-16.5255,136.9028,350.3,1.1,1.1,2014-09-05,0429,Aqua,MODIS,94,6.2,318.9,46.8,D,0
-14.6493,132.7468,328,2,1.4,2014-09-05,0429,Aqua,MODIS,59,6.2,316.2,23.9,D,0
-13.6592,141.9052,338.9,1.3,1.1,2014-09-05,0429,Aqua,MODIS,88,6.2,303.8,42.7,D,0
-15.4318,135.1344,332.5,1.4,1.2,2014-09-05,0429,Aqua,MODIS,50,6.2,317.4,18.7,D,0
-14.6021,132.8319,333.6,1.9,1.4,2014-09-05,0429,Aqua,MODIS,68,6.2,318.1,40.1,D,0
-14.6042,132.8141,330.7,1.9,1.4,2014-09-05,0429,Aqua,MODIS,56,6.2,315.9,31,D,0
-14.598,132.8248,332.6,1.9,1.4,2014-09-05,0429,Aqua,MODIS,68,6.2,317,36.3,D,0
-13.3182,141.7983,349.6,1.3,1.1,2014-09-05,0429,Aqua,MODIS,94,6.2,309.3,71.8,D,0
-13.3201,141.7863,337.5,1.3,1.1,2014-09-05,0429,Aqua,MODIS,86,6.2,306.2,39.5,D,0
-14.8218,142.9021,328.1,1.5,1.2,2014-09-05,0429,Aqua,MODIS,73,6.2,305.9,25.5,D,0
-13.2205,141.8385,345,1.3,1.1,2014-09-05,0429,Aqua,MODIS,91,6.2,306.7,60.8,D,0
-15.4964,134.7885,334.6,1.4,1.2,2014-09-05,0429,Aqua,MODIS,54,6.2,316,27.5,D,0
-14.837,142.6049,330.8,1.4,1.2,2014-09-05,0429,Aqua,MODIS,77,6.2,310,23.7,D,0
-13.2308,141.8402,324.3,1.3,1.1,2014-09-05,0429,Aqua,MODIS,41,6.2,305.5,15.6,D,0
-16.537,139.3976,334.1,1,1,2014-09-05,0429,Aqua,MODIS,79,6.2,310.7,19,D,0
-16.5383,139.3883,332,1,1,2014-09-05,0429,Aqua,MODIS,80,6.2,309.7,17.2,D,0
-16.528,139.3962,328.9,1,1,2014-09-05,0429,Aqua,MODIS,79,6.2,312.7,13.6,D,0
-16.5293,139.3869,329.1,1,1,2014-09-05,0429,Aqua,MODIS,82,6.2,311.6,15.2,D,0
-16.5163,139.4135,323.5,1,1,2014-09-05,0429,Aqua,MODIS,36,6.2,310.4,7.1,D,0
-13.241,141.8419,361.1,1.3,1.1,2014-09-05,0429,Aqua,MODIS,100,6.2,309.7,117.9,D,0
-14.8541,143.0699,327,1.5,1.2,2014-09-05,0429,Aqua,MODIS,70,6.2,309.6,19.8,D,0
-14.8409,143.0818,348.8,1.5,1.2,2014-09-05,0429,Aqua,MODIS,93,6.2,309.9,81.8,D,0
-14.8582,142.7433,341.7,1.4,1.2,2014-09-05,0429,Aqua,MODIS,86,6.2,313.2,54.3,D,0
-14.8732,142.7525,332.6,1.4,1.2,2014-09-05,0429,Aqua,MODIS,75,6.2,312.1,28,D,0
-14.8476,142.7414,361.1,1.4,1.2,2014-09-05,0429,Aqua,MODIS,100,6.2,307.3,131.4,D,0
-14.8497,142.7282,365.4,1.4,1.2,2014-09-05,0429,Aqua,MODIS,100,6.2,309.8,150.1,D,0
-14.8603,142.73,353,1.4,1.2,2014-09-05,0429,Aqua,MODIS,96,6.2,312.5,91.5,D,0
-14.8455,142.6197,346.4,1.4,1.2,2014-09-05,0429,Aqua,MODIS,92,6.2,310.9,63.7,D,0
-17.1921,134.7331,346.8,1.5,1.2,2014-09-05,0429,Aqua,MODIS,88,6.2,313.2,73.2,D,0
-17.1701,134.7301,353.5,1.5,1.2,2014-09-05,0429,Aqua,MODIS,96,6.2,316,99.6,D,0
-17.1592,134.7286,348.1,1.5,1.2,2014-09-05,0429,Aqua,MODIS,92,6.2,313.2,77.5,D,0
-17.1482,134.7272,337.5,1.5,1.2,2014-09-05,0429,Aqua,MODIS,67,6.2,313.3,41.8,D,0
-17.1372,134.7257,339.6,1.5,1.2,2014-09-05,0429,Aqua,MODIS,79,6.2,313.8,51.1,D,0
-17.1465,134.7415,336.9,1.5,1.2,2014-09-05,0429,Aqua,MODIS,74,6.2,315.8,37.4,D,0
-17.2827,134.9428,330.9,1.5,1.2,2014-09-05,0429,Aqua,MODIS,39,6.2,311.6,25.9,D,0
-17.2843,134.9289,331.6,1.5,1.2,2014-09-05,0429,Aqua,MODIS,30,6.2,312.1,28.3,D,0
-17.2752,134.9136,337.2,1.5,1.2,2014-09-05,0429,Aqua,MODIS,27,6.2,311.8,37.1,D,0
-17.2563,134.9467,331.1,1.5,1.2,2014-09-05,0429,Aqua,MODIS,36,6.2,311.2,21.3,D,0
-14.8432,143.0679,348.3,1.5,1.2,2014-09-05,0429,Aqua,MODIS,93,6.2,310.5,79.1,D,0
-17.2768,134.8996,360.3,1.5,1.2,2014-09-05,0429,Aqua,MODIS,100,6.2,313.6,126.1,D,0
-17.2723,134.9066,351.3,1.5,1.2,2014-09-05,0429,Aqua,MODIS,94,6.2,312.3,81.5,D,0
-17.2741,134.8926,347,1.5,1.2,2014-09-05,0429,Aqua,MODIS,92,6.2,311.8,68.8,D,0
-17.272,134.821,342.2,1.5,1.2,2014-09-05,0429,Aqua,MODIS,82,6.2,310.9,61.5,D,0
-17.2593,134.8337,344,1.5,1.2,2014-09-05,0429,Aqua,MODIS,83,6.2,312.5,56.3,D,0
-17.261,134.8196,352.4,1.5,1.2,2014-09-05,0429,Aqua,MODIS,95,6.2,311.2,90.3,D,0
-17.2628,134.8055,346.9,1.5,1.2,2014-09-05,0429,Aqua,MODIS,73,6.2,309,74.6,D,0
-17.2519,134.8041,349.6,1.5,1.2,2014-09-05,0429,Aqua,MODIS,78,6.2,314.1,78.9,D,0
-17.2536,134.7899,351.3,1.5,1.2,2014-09-05,0429,Aqua,MODIS,85,6.2,311.2,92.1,D,0
-17.2427,134.7885,363.2,1.5,1.2,2014-09-05,0429,Aqua,MODIS,100,6.2,312.8,142.2,D,0
-17.2266,134.8294,340.7,1.5,1.2,2014-09-05,0429,Aqua,MODIS,86,6.2,316,44.6,D,0
-17.2444,134.7743,350.8,1.5,1.2,2014-09-05,0429,Aqua,MODIS,91,6.2,310.2,92.4,D,0
-17.2352,134.7586,374.3,1.5,1.2,2014-09-05,0429,Aqua,MODIS,100,6.2,314.5,216.7,D,0
-17.2369,134.7444,351.8,1.5,1.2,2014-09-05,0429,Aqua,MODIS,95,6.2,309.1,102.5,D,0
-17.2225,134.7714,341.9,1.5,1.2,2014-09-05,0429,Aqua,MODIS,88,6.2,313.6,51.3,D,0
-17.2242,134.7571,372.4,1.5,1.2,2014-09-05,0429,Aqua,MODIS,100,6.2,315.7,198.5,D,0
-17.226,134.7429,346.4,1.5,1.2,2014-09-05,0429,Aqua,MODIS,91,6.2,309.5,77.3,D,0
-17.2636,135.0103,343.1,1.5,1.2,2014-09-05,0429,Aqua,MODIS,88,6.2,315.2,54.3,D,0
-17.2653,134.9966,338.8,1.5,1.2,2014-09-05,0429,Aqua,MODIS,75,6.2,315.1,40.9,D,0
-17.2709,135.0046,339.2,1.5,1.2,2014-09-05,0429,Aqua,MODIS,85,6.2,313.3,43.1,D,0
-17.2545,134.9605,333.3,1.5,1.2,2014-09-05,0429,Aqua,MODIS,31,6.2,313.5,26.6,D,0
-14.8518,143.0838,326.2,1.5,1.2,2014-09-05,0429,Aqua,MODIS,64,6.2,309.5,18.8,D,0
-14.9069,142.882,330,1.5,1.2,2014-09-05,0429,Aqua,MODIS,72,6.2,309.5,24.8,D,0
-14.8825,143.0321,324,1.5,1.2,2014-09-05,0429,Aqua,MODIS,52,6.2,308.6,10.1,D,0
-14.8561,142.7565,331.9,1.4,1.2,2014-09-05,0429,Aqua,MODIS,33,6.2,310,29,D,0
-14.8619,142.8879,324.1,1.5,1.2,2014-09-05,0429,Aqua,MODIS,42,6.2,305.6,16.3,D,0
-17.0206,134.9312,338.1,1.5,1.2,2014-09-05,0429,Aqua,MODIS,84,6.2,313.2,41,D,0
-17.0222,134.9174,350.2,1.5,1.2,2014-09-05,0429,Aqua,MODIS,94,6.2,314.2,79.6,D,0
-17.0098,134.9297,338.5,1.5,1.2,2014-09-05,0429,Aqua,MODIS,84,6.2,315.1,42.5,D,0
-17.0114,134.916,347.1,1.5,1.2,2014-09-05,0429,Aqua,MODIS,91,6.2,316,67.5,D,0
-17.0073,134.9241,339.7,1.5,1.2,2014-09-05,0429,Aqua,MODIS,85,6.2,315.6,44.8,D,0
-14.887,143.0045,334.8,1.5,1.2,2014-09-05,0429,Aqua,MODIS,82,6.2,307.3,34.9,D,0
-14.8688,142.7451,343.8,1.4,1.2,2014-09-05,0429,Aqua,MODIS,90,6.2,313,58.4,D,0
-13.6675,141.9191,334.6,1.3,1.1,2014-09-05,0429,Aqua,MODIS,85,6.2,301.5,36.6,D,0
-16.8571,134.9527,329.7,1.5,1.2,2014-09-05,0429,Aqua,MODIS,26,6.2,315.2,18.7,D,0
-16.8463,134.9513,338.2,1.5,1.2,2014-09-05,0429,Aqua,MODIS,68,6.2,313.2,38.5,D,0
-16.848,134.9376,333.6,1.5,1.2,2014-09-05,0429,Aqua,MODIS,59,6.2,313.8,28.2,D,0
-16.8373,134.9362,343.6,1.5,1.2,2014-09-05,0429,Aqua,MODIS,82,6.2,310.8,56,D,0
-16.8158,134.9333,335,1.5,1.2,2014-09-05,0429,Aqua,MODIS,52,6.2,308.8,34.4,D,0
-16.7967,134.8837,331.7,1.5,1.2,2014-09-05,0429,Aqua,MODIS,75,6.2,306.8,34.6,D,0
-17.0007,134.9145,365.4,1.5,1.2,2014-09-05,0429,Aqua,MODIS,100,6.2,316.6,143.8,D,0
-15.6818,128.1754,327.2,4.5,2,2014-09-05,0429,Aqua,MODIS,69,6.2,314,96.6,D,0
-15.6824,128.1833,325,4.5,2,2014-09-05,0429,Aqua,MODIS,61,6.2,313.9,74.9,D,0
-15.6863,128.1315,322,4.5,2,2014-09-05,0429,Aqua,MODIS,19,6.2,311.1,51.5,D,0
-15.6866,128.14,324.6,4.5,2,2014-09-05,0429,Aqua,MODIS,54,6.2,311.6,73.4,D,0
-11.5338,130.3465,350.8,2.7,1.6,2014-09-05,0430,Aqua,MODIS,83,6.2,304.2,219.2,D,0
-11.7742,142.382,358.2,1.5,1.2,2014-09-05,0430,Aqua,MODIS,99,6.2,305,131.5,D,0
-11.8113,142.3597,325.3,1.5,1.2,2014-09-05,0430,Aqua,MODIS,35,6.2,303.6,21.3,D,0
-13.6747,135.3524,347.6,1.3,1.1,2014-09-05,0430,Aqua,MODIS,92,6.2,313.8,56.1,D,0
-12.7476,132.2063,386.1,2,1.4,2014-09-05,0430,Aqua,MODIS,100,6.2,320,444,D,0
-11.8159,142.3531,326.9,1.5,1.2,2014-09-05,0430,Aqua,MODIS,41,6.2,303.5,25.4,D,0
-12.5008,133.9756,332.6,1.5,1.2,2014-09-05,0430,Aqua,MODIS,78,6.2,311.1,30.8,D,0
-11.8134,142.346,324.9,1.5,1.2,2014-09-05,0430,Aqua,MODIS,40,6.2,302.5,22.4,D,0
-12.9375,131.9345,330.8,2.1,1.4,2014-09-05,0430,Aqua,MODIS,69,6.2,316.6,32.6,D,0
-13.6817,135.3768,333.9,1.2,1.1,2014-09-05,0430,Aqua,MODIS,63,6.2,314.2,21,D,0
-11.831,142.3982,362.3,1.5,1.2,2014-09-05,0430,Aqua,MODIS,100,6.2,305.9,149.7,D,0
-12.1916,134.6243,332.9,1.3,1.1,2014-09-05,0430,Aqua,MODIS,79,6.2,313.5,29.5,D,0
-13.6947,135.3551,344.2,1.3,1.1,2014-09-05,0430,Aqua,MODIS,89,6.2,315.5,42.7,D,0
-12.2624,134.72,340.8,1.3,1.1,2014-09-05,0430,Aqua,MODIS,64,6.2,312.2,45.3,D,0
-12.264,134.708,334.5,1.3,1.1,2014-09-05,0430,Aqua,MODIS,57,6.2,309.9,30.3,D,0
-12.4362,133.9332,322.8,1.5,1.2,2014-09-05,0430,Aqua,MODIS,33,6.2,303.3,13.9,D,0
-12.2892,134.3607,349.2,1.4,1.2,2014-09-05,0430,Aqua,MODIS,93,6.2,312.7,73.9,D,0
-12.6783,132.3633,334.5,2,1.4,2014-09-05,0430,Aqua,MODIS,71,6.2,314.6,46.5,D,0
-12.7454,132.2247,376.7,2,1.4,2014-09-05,0430,Aqua,MODIS,100,6.2,323.2,332.8,D,0
-12.4525,133.9766,365.9,1.5,1.2,2014-09-05,0430,Aqua,MODIS,100,6.2,308.7,156.9,D,0
-12.2538,134.7066,385.6,1.3,1.1,2014-09-05,0430,Aqua,MODIS,100,6.2,318.8,242.4,D,0
-12.649,142.0257,362.9,1.4,1.2,2014-09-05,0430,Aqua,MODIS,100,6.2,314.6,129.7,D,0
-13.6802,135.3882,344.9,1.2,1.1,2014-09-05,0430,Aqua,MODIS,90,6.2,316,46.8,D,0
-11.7851,142.3838,350.2,1.5,1.2,2014-09-05,0430,Aqua,MODIS,95,6.2,307.5,95.6,D,0
-12.499,133.9895,326.5,1.5,1.2,2014-09-05,0430,Aqua,MODIS,47,6.2,311.7,15.7,D,0
-12.4401,134.0701,327.7,1.5,1.2,2014-09-05,0430,Aqua,MODIS,59,6.2,308.9,20.6,D,0
-12.2263,134.6783,369.3,1.3,1.1,2014-09-05,0430,Aqua,MODIS,100,6.2,314,150,D,0
-11.8201,142.3962,334.2,1.5,1.2,2014-09-05,0430,Aqua,MODIS,86,6.2,306.1,41.2,D,0
-12.7927,141.9642,326.1,1.4,1.2,2014-09-05,0430,Aqua,MODIS,78,6.2,305.3,21.1,D,0
-12.7352,132.2047,359.4,2,1.4,2014-09-05,0430,Aqua,MODIS,99,6.2,314.2,178,D,0
-12.1992,135.2628,331.6,1.2,1.1,2014-09-05,0430,Aqua,MODIS,59,6.2,306.4,25.8,D,0
-12.7329,132.2231,368.5,2,1.4,2014-09-05,0430,Aqua,MODIS,100,6.2,318.5,251.5,D,0
-12.7289,132.6929,329.5,1.8,1.3,2014-09-05,0430,Aqua,MODIS,43,6.2,313,36.2,D,0
-12.2875,134.3733,391.2,1.4,1.2,2014-09-05,0430,Aqua,MODIS,100,6.2,320.9,305.7,D,0
-11.8178,142.4101,322.1,1.5,1.2,2014-09-05,0430,Aqua,MODIS,41,6.2,305.6,14.9,D,0
-11.7764,142.3681,334.1,1.5,1.2,2014-09-05,0430,Aqua,MODIS,86,6.2,303.8,44.9,D,0
-12.3388,134.6746,333.3,1.3,1.1,2014-09-05,0430,Aqua,MODIS,61,6.2,316.7,23.8,D,0
-12.2858,134.3859,343,1.4,1.2,2014-09-05,0430,Aqua,MODIS,89,6.2,308.1,56.2,D,0
-11.8376,142.3567,332.9,1.5,1.2,2014-09-05,0430,Aqua,MODIS,85,6.2,305.4,39,D,0
-11.783,142.3977,328.2,1.5,1.2,2014-09-05,0430,Aqua,MODIS,81,6.2,305.6,27.2,D,0
-12.49,133.9741,330.2,1.5,1.2,2014-09-05,0430,Aqua,MODIS,74,6.2,310.9,25.2,D,0
-12.2161,134.6769,362.5,1.3,1.1,2014-09-05,0430,Aqua,MODIS,100,6.2,312.6,117.8,D,0
-12.7718,132.2332,336.9,2,1.4,2014-09-05,0430,Aqua,MODIS,75,6.2,315.1,55.7,D,0
-12.4558,133.9837,362.4,1.5,1.2,2014-09-05,0430,Aqua,MODIS,100,6.2,311.9,138.6,D,0
-12.6005,134.0767,328.2,1.5,1.2,2014-09-05,0430,Aqua,MODIS,50,6.2,302.3,26.9,D,0
-12.6517,135.6193,326.3,1.2,1.1,2014-09-05,0430,Aqua,MODIS,63,6.2,306.1,14.3,D,0
-12.7578,132.2263,345.4,2,1.4,2014-09-05,0430,Aqua,MODIS,90,6.2,316.3,95.3,D,0
-12.4633,133.978,327,1.5,1.2,2014-09-05,0430,Aqua,MODIS,40,6.2,310,18.7,D,0
-12.3806,135.283,348.5,1.2,1.1,2014-09-05,0430,Aqua,MODIS,93,6.2,310.2,56,D,0
-12.7006,132.3844,331.2,1.9,1.4,2014-09-05,0430,Aqua,MODIS,46,6.2,313.9,33.3,D,0
-12.1947,135.296,325.8,1.2,1.1,2014-09-05,0430,Aqua,MODIS,42,6.2,307,13.7,D,0
-12.1735,135.3044,332.5,1.2,1.1,2014-09-05,0430,Aqua,MODIS,44,6.2,310.5,23.9,D,0
-12.9247,131.9328,331,2.1,1.4,2014-09-05,0430,Aqua,MODIS,73,6.2,314.7,34.8,D,0
-13.0473,134.33,334.1,1.4,1.2,2014-09-05,0430,Aqua,MODIS,74,6.2,310.3,31,D,0
-11.8287,142.412,338.4,1.5,1.2,2014-09-05,0430,Aqua,MODIS,89,6.2,305.6,55.8,D,0
-12.7696,132.2515,331.4,2,1.4,2014-09-05,0430,Aqua,MODIS,44,6.2,316.3,34.4,D,0
-11.7873,142.3699,328.3,1.5,1.2,2014-09-05,0430,Aqua,MODIS,74,6.2,303.8,28.9,D,0
-12.7575,135.8027,349.4,1.2,1.1,2014-09-05,0430,Aqua,MODIS,94,6.2,301.3,63.7,D,0
-12.7679,132.2462,339.4,2,1.4,2014-09-05,0430,Aqua,MODIS,81,6.2,317.3,66.6,D,0
-14.1329,132.2618,332.4,2.1,1.4,2014-09-05,0430,Aqua,MODIS,66,6.2,314.9,43.6,D,0
-13.7684,132.3643,331,2,1.4,2014-09-05,0430,Aqua,MODIS,56,6.2,316.2,37.8,D,0
-13.766,132.3829,328.7,2,1.4,2014-09-05,0430,Aqua,MODIS,38,6.2,314.9,34.2,D,0
-13.7705,132.3716,337.5,2,1.4,2014-09-05,0430,Aqua,MODIS,79,6.2,315.9,64.7,D,0
-11.5372,130.3521,355.6,2.7,1.6,2014-09-05,0430,Aqua,MODIS,0,6.2,305.4,269.2,D,0
-13.6457,129.8704,325,3.1,1.7,2014-09-05,0430,Aqua,MODIS,59,6.2,303.1,76,D,0
-12.202,134.7845,331.7,1.3,1.1,2014-09-05,0430,Aqua,MODIS,77,6.2,312.7,23.8,D,0
-11.4868,132.6002,335.2,1.8,1.3,2014-09-05,0430,Aqua,MODIS,66,6.2,307.3,62.2,D,0
-14.136,132.2495,344.1,2.1,1.4,2014-09-05,0430,Aqua,MODIS,89,6.2,316.4,96.8,D,0
-13.4957,131.405,331.8,2.4,1.5,2014-09-05,0430,Aqua,MODIS,76,6.2,316.5,48.8,D,0
-11.4966,132.6181,336.7,1.8,1.3,2014-09-05,0430,Aqua,MODIS,76,6.2,308,61,D,0
-13.7347,135.2066,361.9,1.3,1.1,2014-09-05,0430,Aqua,MODIS,100,6.2,316.2,108,D,0
-13.7623,135.229,333.6,1.3,1.1,2014-09-05,0430,Aqua,MODIS,51,6.2,317,24,D,0
-13.5137,132.5423,327.2,1.9,1.4,2014-09-05,0430,Aqua,MODIS,53,6.2,314.9,23.9,D,0
-11.5105,132.6032,335.4,1.8,1.3,2014-09-05,0430,Aqua,MODIS,68,6.2,309.5,58,D,0
-11.5084,132.6197,340.2,1.8,1.3,2014-09-05,0430,Aqua,MODIS,85,6.2,310.1,73.5,D,0
-13.663,135.2153,394.4,1.3,1.1,2014-09-05,0430,Aqua,MODIS,100,6.2,317.2,296.2,D,0
-13.6614,135.227,360.9,1.3,1.1,2014-09-05,0430,Aqua,MODIS,100,6.2,313.7,105.2,D,0
-13.673,135.2167,391.5,1.3,1.1,2014-09-05,0430,Aqua,MODIS,100,6.2,322.4,272.5,D,0
-13.6715,135.2284,361.6,1.3,1.1,2014-09-05,0430,Aqua,MODIS,100,6.2,316.9,105,D,0
-12.3821,135.272,367.8,1.2,1.1,2014-09-05,0430,Aqua,MODIS,100,6.2,316.2,123,D,0
-11.278,132.4719,334.2,1.8,1.3,2014-09-05,0430,Aqua,MODIS,73,6.2,308,51.5,D,0
-11.5383,132.8263,326.4,1.7,1.3,2014-09-05,0430,Aqua,MODIS,38,6.2,311.9,23.1,D,0
-11.7685,133.0789,339.6,1.7,1.3,2014-09-05,0430,Aqua,MODIS,90,6.2,312,60.9,D,0
-13.6726,135.2101,375,1.3,1.1,2014-09-05,0430,Aqua,MODIS,100,6.2,312,172.3,D,0
-13.6711,135.2218,420.4,1.3,1.1,2014-09-05,0430,Aqua,MODIS,100,6.2,328.9,543.9,D,0
-13.6696,135.2336,345.8,1.3,1.1,2014-09-05,0430,Aqua,MODIS,76,6.2,315.3,49.3,D,0
-13.6922,135.296,338.5,1.3,1.1,2014-09-05,0430,Aqua,MODIS,75,6.2,310.8,34.9,D,0
-13.6938,135.2844,343.4,1.3,1.1,2014-09-05,0430,Aqua,MODIS,88,6.2,311.4,46.9,D,0
-11.7666,133.0942,336.2,1.7,1.3,2014-09-05,0430,Aqua,MODIS,87,6.2,315.7,50.4,D,0
-12.1239,136.4715,348.6,1.1,1,2014-09-05,0430,Aqua,MODIS,93,6.2,303.6,56.6,D,0
-13.8314,135.2503,327.3,1.3,1.1,2014-09-05,0430,Aqua,MODIS,27,6.2,313.8,14.1,D,0
-12.3835,135.2609,330.8,1.2,1.1,2014-09-05,0430,Aqua,MODIS,72,6.2,313.9,14.9,D,0
-13.6812,135.2232,368.8,1.3,1.1,2014-09-05,0430,Aqua,MODIS,100,6.2,312.3,137.3,D,0
-13.6913,135.2245,341.9,1.3,1.1,2014-09-05,0430,Aqua,MODIS,81,6.2,313.6,43.4,D,0
-11.5363,132.8421,327.7,1.7,1.3,2014-09-05,0430,Aqua,MODIS,67,6.2,309.6,28.9,D,0
-13.7177,135.3349,341.4,1.3,1.1,2014-09-05,0430,Aqua,MODIS,63,6.2,316.7,33.2,D,0
-13.7193,135.3233,363,1.3,1.1,2014-09-05,0430,Aqua,MODIS,100,6.2,316.8,102.6,D,0
-13.6898,135.2363,333.9,1.3,1.1,2014-09-05,0430,Aqua,MODIS,22,6.2,314.1,22.7,D,0
-13.4936,131.3893,332.8,2.4,1.5,2014-09-05,0430,Aqua,MODIS,55,6.2,316.8,53.1,D,0
-13.4984,131.3831,341,2.4,1.5,2014-09-05,0430,Aqua,MODIS,87,6.2,315.1,101.4,D,0
-13.378,132.5025,332.7,2,1.4,2014-09-05,0430,Aqua,MODIS,75,6.2,315.7,47.3,D,0
-13.3845,132.5149,334.5,1.9,1.4,2014-09-05,0430,Aqua,MODIS,79,6.2,316.4,52.9,D,0
-13.3758,132.5207,328.3,1.9,1.4,2014-09-05,0430,Aqua,MODIS,63,6.2,313.1,31.5,D,0
-12.2474,134.7544,338.9,1.3,1.1,2014-09-05,0430,Aqua,MODIS,71,6.2,311.9,41.1,D,0
-12.1465,135.3567,326.7,1.2,1.1,2014-09-05,0430,Aqua,MODIS,52,6.2,308.4,15.9,D,0
-12.1352,135.3662,324,1.2,1.1,2014-09-05,0430,Aqua,MODIS,37,6.2,308.3,12.3,D,0
-11.2756,132.443,329,1.8,1.3,2014-09-05,0430,Aqua,MODIS,58,6.2,308.6,32.7,D,0
-12.2522,134.7186,332.2,1.3,1.1,2014-09-05,0430,Aqua,MODIS,47,6.2,313.4,23.9,D,0
-12.1684,135.4153,324.3,1.2,1.1,2014-09-05,0430,Aqua,MODIS,0,6.2,310.7,10.9,D,0
-12.3058,135.3124,373.1,1.2,1.1,2014-09-05,0430,Aqua,MODIS,100,6.2,312.6,141.8,D,0
-12.145,135.3676,355.8,1.2,1.1,2014-09-05,0430,Aqua,MODIS,97,6.2,314.2,82.5,D,0
-12.2357,134.7649,337,1.3,1.1,2014-09-05,0430,Aqua,MODIS,72,6.2,312.2,35.8,D,0
-13.4763,130.8127,324.7,2.6,1.6,2014-09-05,0430,Aqua,MODIS,30,6.2,310,27.2,D,0
-13.4768,132.5388,329.6,1.9,1.4,2014-09-05,0430,Aqua,MODIS,65,6.2,314.6,30.2,D,0
-12.2373,134.753,331.4,1.3,1.1,2014-09-05,0430,Aqua,MODIS,44,6.2,315.8,22.5,D,0
-11.2801,132.4553,330.9,1.8,1.3,2014-09-05,0430,Aqua,MODIS,80,6.2,309.4,41.7,D,0
-12.2506,134.7306,350.8,1.3,1.1,2014-09-05,0430,Aqua,MODIS,92,6.2,313.7,70.6,D,0
-12.249,134.7425,383.6,1.3,1.1,2014-09-05,0430,Aqua,MODIS,100,6.2,319.2,225.4,D,0
-12.2255,134.7635,338.9,1.3,1.1,2014-09-05,0430,Aqua,MODIS,71,6.2,314.8,35.4,D,0
-11.2704,132.437,331.7,1.8,1.3,2014-09-05,0430,Aqua,MODIS,69,6.2,307.7,46,D,0
-13.5822,130.6798,325.9,2.7,1.6,2014-09-05,0430,Aqua,MODIS,29,6.2,308.3,35.4,D,0
-13.795,135.2931,328.5,1.3,1.1,2014-09-05,0430,Aqua,MODIS,68,6.2,315.5,11.9,D,0
-13.7965,135.2813,333,1.3,1.1,2014-09-05,0430,Aqua,MODIS,77,6.2,315.1,20.9,D,0
-13.4663,130.8166,337.7,2.6,1.6,2014-09-05,0430,Aqua,MODIS,83,6.2,311.8,95.6,D,0
-13.4622,130.8113,334.3,2.6,1.6,2014-09-05,0430,Aqua,MODIS,77,6.2,311,74.2,D,0
-13.7425,135.4617,332,1.2,1.1,2014-09-05,0430,Aqua,MODIS,59,6.2,314.2,19.3,D,0
-12.3165,134.9962,324.8,1.3,1.1,2014-09-05,0430,Aqua,MODIS,46,6.2,310.3,13.5,D,0
-13.7262,135.3477,331.5,1.3,1.1,2014-09-05,0430,Aqua,MODIS,44,6.2,314.2,13.7,D,0
-12.3142,135.3249,335.2,1.2,1.1,2014-09-05,0430,Aqua,MODIS,39,6.2,313.1,22.5,D,0
-12.7273,132.1662,333,2,1.4,2014-09-05,0430,Aqua,MODIS,48,6.2,314.2,45.2,D,0
-12.7296,132.1476,329.2,2,1.4,2014-09-05,0430,Aqua,MODIS,32,6.2,311.8,33.3,D,0
-13.507,131.3911,337.1,2.4,1.5,2014-09-05,0430,Aqua,MODIS,81,6.2,312.6,72.8,D,0
-13.0595,131.9946,328.4,2.1,1.4,2014-09-05,0430,Aqua,MODIS,67,6.2,313.9,23.3,D,0
-13.8298,135.2622,341,1.3,1.1,2014-09-05,0430,Aqua,MODIS,86,6.2,315,41.6,D,0
-13.8282,135.2739,335.6,1.3,1.1,2014-09-05,0430,Aqua,MODIS,80,6.2,316.2,28,D,0
-13.8336,135.3101,327,1.3,1.1,2014-09-05,0430,Aqua,MODIS,47,6.2,314.4,10.9,D,0
-14.1353,132.2423,335.6,2.1,1.4,2014-09-05,0430,Aqua,MODIS,80,6.2,316.6,55.6,D,0
-12.3808,135.2775,362.4,1.2,1.1,2014-09-05,0430,Aqua,MODIS,100,6.2,314,103.6,D,0
-12.3823,135.2664,337.7,1.2,1.1,2014-09-05,0430,Aqua,MODIS,82,6.2,314.5,31.5,D,0
-14.1637,132.233,329.1,2.1,1.4,2014-09-05,0430,Aqua,MODIS,59,6.2,315.7,36.9,D,0
-13.437,132.5291,343.3,1.9,1.4,2014-09-05,0430,Aqua,MODIS,88,6.2,315.8,85.9,D,0
-11.2953,132.4792,323.3,1.8,1.3,2014-09-05,0430,Aqua,MODIS,33,6.2,307.6,16.3,D,0
-13.4849,131.3813,337.5,2.4,1.5,2014-09-05,0430,Aqua,MODIS,83,6.2,315.1,79.6,D,0
-12.0948,134.2835,321,1.4,1.2,2014-09-05,0430,Aqua,MODIS,38,6.2,308.5,12.6,D,0
-13.1602,135.3145,342,1.2,1.1,2014-09-05,0430,Aqua,MODIS,82,6.2,318.8,38.5,D,0
-13.0741,134.3257,331.4,1.4,1.2,2014-09-05,0430,Aqua,MODIS,60,6.2,312.6,23.3,D,0
-13.3989,135.0518,363.1,1.3,1.1,2014-09-05,0430,Aqua,MODIS,100,6.2,315.9,107.1,D,0
-12.6401,132.3334,347.4,2,1.4,2014-09-05,0430,Aqua,MODIS,92,6.2,313.5,111.5,D,0
-13.3887,135.0505,344.2,1.3,1.1,2014-09-05,0430,Aqua,MODIS,79,6.2,316.4,41.6,D,0
-12.5627,133.0416,335.8,1.7,1.3,2014-09-05,0430,Aqua,MODIS,51,6.2,315,43.4,D,0
-12.1208,134.2481,322.6,1.4,1.2,2014-09-05,0430,Aqua,MODIS,56,6.2,304.5,17.6,D,0
-12.658,132.3242,332.5,2,1.4,2014-09-05,0430,Aqua,MODIS,43,6.2,309.9,37.1,D,0
-12.6559,132.3422,333.5,2,1.4,2014-09-05,0430,Aqua,MODIS,62,6.2,312.3,45.1,D,0
-12.6378,132.3514,336.7,2,1.4,2014-09-05,0430,Aqua,MODIS,81,6.2,315,60.4,D,0
-13.3973,135.0637,347.1,1.3,1.1,2014-09-05,0430,Aqua,MODIS,89,6.2,316.5,49.6,D,0
-13.3684,135.0477,339.1,1.3,1.1,2014-09-05,0430,Aqua,MODIS,62,6.2,315.7,27.8,D,0
-13.5447,133.2929,329.2,1.7,1.3,2014-09-05,0430,Aqua,MODIS,26,6.2,315.7,20.9,D,0
-13.5428,133.3089,333.7,1.7,1.3,2014-09-05,0430,Aqua,MODIS,63,6.2,317.8,35.7,D,0
-13.5464,133.3042,334.6,1.7,1.3,2014-09-05,0430,Aqua,MODIS,78,6.2,316.9,39.4,D,0
-13.3786,135.0491,363.5,1.3,1.1,2014-09-05,0430,Aqua,MODIS,100,6.2,318.7,109.3,D,0
-13.3903,135.0385,359.4,1.3,1.1,2014-09-05,0430,Aqua,MODIS,99,6.2,314.4,95.6,D,0
-13.377,135.0609,337.8,1.3,1.1,2014-09-05,0430,Aqua,MODIS,84,6.2,318.8,26.9,D,0
-12.6244,132.2581,345.3,2,1.4,2014-09-05,0430,Aqua,MODIS,91,6.2,310.2,106.5,D,0
-13.3599,135.0343,371.7,1.3,1.1,2014-09-05,0430,Aqua,MODIS,100,6.2,317,150.1,D,0
-12.8084,134.6707,343.2,1.3,1.1,2014-09-05,0430,Aqua,MODIS,89,6.2,314.7,49.9,D,0
-13.3802,135.0371,375.6,1.3,1.1,2014-09-05,0430,Aqua,MODIS,100,6.2,316.4,171.1,D,0
-13.3716,135.0238,405.5,1.3,1.1,2014-09-05,0430,Aqua,MODIS,100,6.2,322.4,400.2,D,0
-13.2431,135.0732,332.1,1.3,1.1,2014-09-05,0430,Aqua,MODIS,55,6.2,318.6,16.3,D,0
-13.213,134.2975,341,1.4,1.2,2014-09-05,0430,Aqua,MODIS,86,6.2,315.8,47,D,0
-13.4059,135.0769,328.8,1.3,1.1,2014-09-05,0430,Aqua,MODIS,30,6.2,313.7,11.6,D,0
-12.133,134.2367,333.1,1.4,1.2,2014-09-05,0430,Aqua,MODIS,79,6.2,305.3,37.9,D,0
-12.8068,134.6831,343.5,1.3,1.1,2014-09-05,0430,Aqua,MODIS,87,6.2,316.2,47.9,D,0
-13.2386,135.1085,347.2,1.3,1.1,2014-09-05,0430,Aqua,MODIS,92,6.2,316.3,55,D,0
-12.8155,134.6969,345.5,1.3,1.1,2014-09-05,0430,Aqua,MODIS,91,6.2,318.9,53.2,D,0
-12.8138,134.7091,332.3,1.3,1.1,2014-09-05,0430,Aqua,MODIS,50,6.2,319.2,19.3,D,0
-13.2371,135.1202,333.9,1.3,1.1,2014-09-05,0430,Aqua,MODIS,73,6.2,313.2,23,D,0
-12.2978,134.0453,320.9,1.5,1.2,2014-09-05,0430,Aqua,MODIS,43,6.2,287.8,17.7,D,0
-12.7537,134.6881,330.7,1.3,1.1,2014-09-05,0430,Aqua,MODIS,48,6.2,319.2,19.6,D,0
-12.628,132.7771,330.7,1.8,1.3,2014-09-05,0430,Aqua,MODIS,75,6.2,314.5,30.2,D,0
-12.6379,132.7952,337.8,1.8,1.3,2014-09-05,0430,Aqua,MODIS,84,6.2,316,52.8,D,0
-12.626,132.7936,336.5,1.8,1.3,2014-09-05,0430,Aqua,MODIS,82,6.2,315.4,48.1,D,0
-13.3518,135.4798,335,1.2,1.1,2014-09-05,0430,Aqua,MODIS,79,6.2,314.7,24.5,D,0
-13.1473,135.3358,332,1.2,1.1,2014-09-05,0430,Aqua,MODIS,63,6.2,312.6,20.9,D,0
-13.1488,135.3244,331.6,1.2,1.1,2014-09-05,0430,Aqua,MODIS,46,6.2,316.8,19.2,D,0
-13.364,135.4767,334.6,1.2,1.1,2014-09-05,0430,Aqua,MODIS,77,6.2,314.6,25.8,D,0
-12.2013,133.4559,333,1.6,1.2,2014-09-05,0430,Aqua,MODIS,44,6.2,308.5,28.3,D,0
-13.3632,135.47,326.3,1.2,1.1,2014-09-05,0430,Aqua,MODIS,56,6.2,313.6,12.2,D,0
-12.5743,133.0431,335.2,1.7,1.3,2014-09-05,0430,Aqua,MODIS,30,6.2,318,41,D,0
-13.2597,135.1826,367.1,1.3,1.1,2014-09-05,0430,Aqua,MODIS,100,6.2,319.3,123.6,D,0
-13.3617,135.4812,333,1.2,1.1,2014-09-05,0430,Aqua,MODIS,78,6.2,315.1,23.5,D,0
-12.7566,135.2106,339,1.2,1.1,2014-09-05,0430,Aqua,MODIS,55,6.2,321.9,24.1,D,0
-12.778,135.2019,337.5,1.2,1.1,2014-09-05,0430,Aqua,MODIS,74,6.2,319.7,24.3,D,0
-12.2568,134.4456,361,1.4,1.2,2014-09-05,0430,Aqua,MODIS,100,6.2,300.4,122,D,0
-12.7765,135.2133,337.9,1.2,1.1,2014-09-05,0430,Aqua,MODIS,74,6.2,321.2,24.6,D,0
-12.8987,141.8538,325.8,1.3,1.2,2014-09-05,0430,Aqua,MODIS,60,6.2,309.9,17.8,D,0
-12.4277,134.0817,327.8,1.4,1.2,2014-09-05,0430,Aqua,MODIS,60,6.2,310.4,21.2,D,0
-13.0981,134.222,328.7,1.4,1.2,2014-09-05,0430,Aqua,MODIS,69,6.2,316.2,13.8,D,0
-12.2368,133.4456,359.3,1.6,1.2,2014-09-05,0430,Aqua,MODIS,99,6.2,312.8,130.9,D,0
-13.3583,135.0462,369.2,1.3,1.1,2014-09-05,0430,Aqua,MODIS,100,6.2,320.4,132.5,D,0
-13.3533,135.4687,346.3,1.2,1.1,2014-09-05,0430,Aqua,MODIS,91,6.2,315.5,50.2,D,0
-12.0823,134.0448,330.6,1.4,1.2,2014-09-05,0430,Aqua,MODIS,45,6.2,306.3,29.2,D,0
-12.4295,134.0684,323.7,1.5,1.2,2014-09-05,0430,Aqua,MODIS,30,6.2,308.2,13.6,D,0
-12.2256,133.4442,346.5,1.6,1.2,2014-09-05,0430,Aqua,MODIS,88,6.2,307.9,71.5,D,0
-12.417,134.0802,360.1,1.4,1.2,2014-09-05,0430,Aqua,MODIS,100,6.2,311.9,124.5,D,0
-13.3817,135.0252,357.9,1.3,1.1,2014-09-05,0430,Aqua,MODIS,98,6.2,310.1,97.3,D,0
-13.37,135.0357,402.1,1.3,1.1,2014-09-05,0430,Aqua,MODIS,100,6.2,322.2,360.9,D,0
-12.4188,134.0669,338.4,1.5,1.2,2014-09-05,0430,Aqua,MODIS,84,6.2,307.8,46.1,D,0
-12.2355,134.1506,330.4,1.4,1.2,2014-09-05,0430,Aqua,MODIS,38,6.2,282.2,34.5,D,0
-12.2444,134.165,362,1.4,1.2,2014-09-05,0430,Aqua,MODIS,81,6.2,311.1,134.1,D,0
-12.3736,133.9932,376.4,1.5,1.2,2014-09-05,0430,Aqua,MODIS,100,6.2,297.8,223.3,D,0
-12.3951,133.9963,342.6,1.5,1.2,2014-09-05,0430,Aqua,MODIS,88,6.2,301,62.6,D,0
-12.3844,133.9948,380.6,1.5,1.2,2014-09-05,0430,Aqua,MODIS,100,6.2,307.4,252.2,D,0
-12.3861,133.9812,340.5,1.5,1.2,2014-09-05,0430,Aqua,MODIS,76,6.2,296.4,57.6,D,0
-12.3753,133.9796,348.8,1.5,1.2,2014-09-05,0430,Aqua,MODIS,88,6.2,291.3,85.6,D,0
-12.2144,133.4428,378.8,1.6,1.2,2014-09-05,0430,Aqua,MODIS,100,6.2,314.5,260.2,D,0
-12.2125,133.4575,364.6,1.6,1.2,2014-09-05,0430,Aqua,MODIS,100,6.2,315.2,157.1,D,0
-13.2462,135.0495,330.7,1.3,1.1,2014-09-05,0430,Aqua,MODIS,58,6.2,319.6,11.8,D,0
-13.2589,134.7245,328.2,1.3,1.2,2014-09-05,0430,Aqua,MODIS,53,6.2,314.9,15.5,D,0
-13.3708,135.1083,334.8,1.3,1.1,2014-09-05,0430,Aqua,MODIS,80,6.2,321.9,19.4,D,0
-13.3724,135.0965,332.7,1.3,1.1,2014-09-05,0430,Aqua,MODIS,77,6.2,320.6,15.1,D,0
-13.195,135.8194,325.1,1.2,1.1,2014-09-05,0430,Aqua,MODIS,33,6.2,312.6,11.8,D,0
-12.3709,133.9874,357.5,1.5,1.2,2014-09-05,0430,Aqua,MODIS,98,6.2,293,120.3,D,0
-12.855,141.7531,319.1,1.3,1.1,2014-09-05,0430,Aqua,MODIS,61,6.2,301.3,14.5,D,0
-12.3259,133.2815,334.9,1.6,1.3,2014-09-05,0430,Aqua,MODIS,59,6.2,317.5,32.8,D,0
-12.8415,141.8387,331.7,1.3,1.2,2014-09-05,0430,Aqua,MODIS,84,6.2,306.5,31.5,D,0
-13.232,134.151,335.7,1.5,1.2,2014-09-05,0430,Aqua,MODIS,41,6.2,316.3,29.4,D,0
-12.8395,141.851,334.5,1.4,1.2,2014-09-05,0430,Aqua,MODIS,86,6.2,305.8,36.3,D,0
-13.2236,135.2247,329.9,1.3,1.1,2014-09-05,0430,Aqua,MODIS,39,6.2,319.4,13.2,D,0
-13.1105,134.21,327.2,1.5,1.2,2014-09-05,0430,Aqua,MODIS,54,6.2,316.3,10.8,D,0
-13.3901,135.195,330.7,1.3,1.1,2014-09-05,0430,Aqua,MODIS,50,6.2,313.5,17.3,D,0
-11.7238,132.9897,319,1.7,1.3,2014-09-05,0430,Aqua,MODIS,23,6.2,297,14.3,D,0
-13.155,135.4295,327.1,1.2,1.1,2014-09-05,0430,Aqua,MODIS,59,6.2,315,10,D,0
-12.8049,136.0607,338.5,1.1,1.1,2014-09-05,0430,Aqua,MODIS,86,6.2,310.6,31.7,D,0
-11.5705,131.194,320.8,2.3,1.5,2014-09-05,0430,Aqua,MODIS,32,6.2,307.6,24.9,D,0
-11.5837,131.1957,324.2,2.3,1.5,2014-09-05,0430,Aqua,MODIS,60,6.2,307.1,37.2,D,0
-13.2302,134.1644,336.4,1.5,1.2,2014-09-05,0430,Aqua,MODIS,50,6.2,316.6,30.8,D,0
-12.4049,135.6961,324.3,1.2,1.1,2014-09-05,0430,Aqua,MODIS,39,6.2,308.9,11.4,D,0
-13.1565,135.418,347.6,1.2,1.1,2014-09-05,0430,Aqua,MODIS,92,6.2,317.3,53.5,D,0
-12.8518,141.8404,328.2,1.3,1.2,2014-09-05,0430,Aqua,MODIS,68,6.2,306.6,23,D,0
-12.0931,134.2961,333,1.4,1.2,2014-09-05,0430,Aqua,MODIS,79,6.2,309.9,33.9,D,0
-12.7915,136.0168,321.6,1.1,1.1,2014-09-05,0430,Aqua,MODIS,49,6.2,305.1,10.3,D,0
-13.4326,135.1838,342.8,1.3,1.1,2014-09-05,0430,Aqua,MODIS,85,6.2,313.3,46.6,D,0
-13.6054,134.3791,336,1.4,1.2,2014-09-05,0430,Aqua,MODIS,81,6.2,318.9,32.3,D,0
-13.3191,134.1813,330.8,1.5,1.2,2014-09-05,0430,Aqua,MODIS,73,6.2,316.1,20.9,D,0
-12.7887,136.0374,335.4,1.1,1.1,2014-09-05,0430,Aqua,MODIS,83,6.2,309.6,27.9,D,0
-12.7806,136.0258,322.1,1.1,1.1,2014-09-05,0430,Aqua,MODIS,23,6.2,306.6,9.5,D,0
-12.1266,133.4978,328.8,1.6,1.2,2014-09-05,0430,Aqua,MODIS,37,6.2,307.5,21.4,D,0
-13.6002,134.3866,334.1,1.4,1.2,2014-09-05,0430,Aqua,MODIS,72,6.2,317.7,25.6,D,0
-12.7901,136.0271,357,1.1,1.1,2014-09-05,0430,Aqua,MODIS,98,6.2,309.4,79.4,D,0
-12.3373,133.2829,333.4,1.6,1.3,2014-09-05,0430,Aqua,MODIS,36,6.2,320.9,28.6,D,0
-12.7606,135.2576,331.2,1.2,1.1,2014-09-05,0430,Aqua,MODIS,58,6.2,318.3,14.9,D,0
-13.2581,135.1942,336.8,1.3,1.1,2014-09-05,0430,Aqua,MODIS,83,6.2,320.1,27,D,0
-13.2147,134.2844,336.4,1.4,1.2,2014-09-05,0430,Aqua,MODIS,80,6.2,318.5,32.1,D,0
-13.2682,135.1956,337.7,1.3,1.1,2014-09-05,0430,Aqua,MODIS,84,6.2,315.3,29,D,0
-12.2793,133.7321,340.3,1.5,1.2,2014-09-05,0430,Aqua,MODIS,87,6.2,318,50.2,D,0
-12.2811,133.7182,357.6,1.5,1.2,2014-09-05,0430,Aqua,MODIS,98,6.2,317.4,118.6,D,0
-24.4219,119.9122,335.9,1.3,1.1,2014-09-05,0605,Aqua,MODIS,57,6.2,305.2,43.6,D,0
-21.0057,118.4391,335.7,1.2,1.1,2014-09-05,0606,Aqua,MODIS,78,6.2,318.6,19.5,D,0
-21.0319,117.351,329.1,1.1,1,2014-09-05,0606,Aqua,MODIS,50,6.2,313.8,10.5,D,0
-21.0115,117.3581,337.9,1.1,1,2014-09-05,0606,Aqua,MODIS,83,6.2,315.6,23.6,D,0
-21.0327,118.6459,333.2,1.3,1.1,2014-09-05,0606,Aqua,MODIS,64,6.2,316.3,17.3,D,0
-21.0087,118.611,335.2,1.3,1.1,2014-09-05,0606,Aqua,MODIS,77,6.2,317.6,23.1,D,0
-21.0644,118.5776,339.6,1.2,1.1,2014-09-05,0606,Aqua,MODIS,83,6.2,316.2,30.8,D,0
-21.0664,118.5656,342.5,1.2,1.1,2014-09-05,0606,Aqua,MODIS,86,6.2,316,37.8,D,0
-21.0564,118.5639,333.6,1.2,1.1,2014-09-05,0606,Aqua,MODIS,75,6.2,318.3,19.1,D,0
-21.3166,118.6073,326.2,1.2,1.1,2014-09-05,0606,Aqua,MODIS,57,6.2,314.4,8.4,D,0
-20.9702,118.469,341,1.2,1.1,2014-09-05,0606,Aqua,MODIS,85,6.2,316.8,32.7,D,0
-22.1555,123.1287,328.1,2.4,1.5,2014-09-05,0606,Aqua,MODIS,50,6.2,311.5,34.3,D,0
-19.0374,122.4475,328.8,2.5,1.5,2014-09-05,0606,Aqua,MODIS,49,6.2,316.1,38.5,D,0
-22.143,123.1424,331.4,2.4,1.5,2014-09-05,0606,Aqua,MODIS,80,6.2,311,51.4,D,0
-22.1386,123.1656,328.6,2.4,1.5,2014-09-05,0606,Aqua,MODIS,76,6.2,312.2,40.1,D,0
-22.151,123.1517,336.1,2.4,1.5,2014-09-05,0606,Aqua,MODIS,85,6.2,311.7,74,D,0
-21.2256,120.0874,329.9,1.5,1.2,2014-09-05,0606,Aqua,MODIS,69,6.2,316.4,16.3,D,0
-18.1161,123.8585,333.6,3.3,1.7,2014-09-05,0607,Aqua,MODIS,77,6.2,308.3,108.8,D,0
-18.1223,123.8275,350.5,3.3,1.7,2014-09-05,0607,Aqua,MODIS,94,6.2,310.1,271.8,D,0
-18.1199,123.8518,326.3,3.3,1.7,2014-09-05,0607,Aqua,MODIS,64,6.2,308,59.2,D,0
-18.1046,123.8484,346.5,3.3,1.7,2014-09-05,0607,Aqua,MODIS,91,6.2,310.5,226.9,D,0
-18.1259,123.8207,325.6,3.3,1.7,2014-09-05,0607,Aqua,MODIS,41,6.2,309.4,49.7,D,0
-18.1106,123.8173,351.3,3.3,1.7,2014-09-05,0607,Aqua,MODIS,95,6.2,313.3,276.6,D,0
-18.1828,123.6819,330.2,3.2,1.7,2014-09-05,0607,Aqua,MODIS,69,6.2,314.3,64.9,D,0
-18.1853,123.6751,331.4,3.2,1.7,2014-09-05,0607,Aqua,MODIS,71,6.2,315.1,73.1,D,0
-17.8162,122.7736,333.3,2.8,1.6,2014-09-05,0607,Aqua,MODIS,76,6.2,313.3,75.6,D,0
-16.4917,124.1091,321.6,3.8,1.8,2014-09-05,0607,Aqua,MODIS,67,6.2,308,63.7,D,0
-17.8618,122.8775,335.3,2.8,1.6,2014-09-05,0607,Aqua,MODIS,81,6.2,312.6,94.9,D,0
-17.8614,122.8726,333.5,2.8,1.6,2014-09-05,0607,Aqua,MODIS,79,6.2,312.9,83.2,D,0
-17.9099,122.8604,333.2,2.8,1.6,2014-09-05,0607,Aqua,MODIS,79,6.2,310.2,88.9,D,0
-17.8709,122.9023,385.9,2.9,1.6,2014-09-05,0607,Aqua,MODIS,100,6.2,312,754.5,D,0
-17.8515,122.9259,353.2,2.9,1.6,2014-09-05,0607,Aqua,MODIS,96,6.2,313.3,253.3,D,0
-17.8516,122.9307,351.5,2.9,1.6,2014-09-05,0607,Aqua,MODIS,95,6.2,312.9,237.9,D,0
-17.8758,122.8756,386.4,2.8,1.6,2014-09-05,0607,Aqua,MODIS,100,6.2,319.9,761.2,D,0
-17.8067,122.7446,332.5,2.8,1.6,2014-09-05,0607,Aqua,MODIS,65,6.2,312.4,69.1,D,0
-17.8019,122.7706,349.1,2.8,1.6,2014-09-05,0607,Aqua,MODIS,93,6.2,311.7,197.7,D,0
-17.8256,122.7216,327.4,2.8,1.6,2014-09-05,0607,Aqua,MODIS,64,6.2,313.5,40.8,D,0
-17.9233,122.6168,322.5,2.7,1.6,2014-09-05,0607,Aqua,MODIS,39,6.2,311.5,28.9,D,0
-17.8209,122.7476,330.4,2.8,1.6,2014-09-05,0607,Aqua,MODIS,74,6.2,314.2,59.8,D,0
-17.8145,122.7271,330.2,2.8,1.6,2014-09-05,0607,Aqua,MODIS,74,6.2,312.7,58.3,D,0
-17.8096,122.7529,349.1,2.8,1.6,2014-09-05,0607,Aqua,MODIS,93,6.2,313.8,199.6,D,0
-17.8046,122.7789,344,2.8,1.6,2014-09-05,0607,Aqua,MODIS,89,6.2,311.5,154.9,D,0
-16.5173,124.0146,321.8,3.7,1.8,2014-09-05,0607,Aqua,MODIS,55,6.2,309.9,52.2,D,0
-16.5048,124.0416,335.7,3.7,1.8,2014-09-05,0607,Aqua,MODIS,87,6.2,306.7,166.2,D,0
-16.5104,124.0487,331.9,3.7,1.8,2014-09-05,0607,Aqua,MODIS,82,6.2,306.3,128.1,D,0
-19.0413,122.4679,329.3,2.5,1.5,2014-09-05,0607,Aqua,MODIS,68,6.2,314.9,44.7,D,0
-17.7726,122.9295,346.5,2.9,1.6,2014-09-05,0607,Aqua,MODIS,91,6.2,315.3,181.1,D,0
-17.765,122.9079,326.9,2.9,1.6,2014-09-05,0607,Aqua,MODIS,61,6.2,314.7,44.3,D,0
-17.7794,122.9109,337.7,2.9,1.6,2014-09-05,0607,Aqua,MODIS,84,6.2,316.8,107.2,D,0
-17.7743,122.9375,338.3,2.9,1.6,2014-09-05,0607,Aqua,MODIS,84,6.2,314.1,113.4,D,0
-17.8711,122.9071,373,2.9,1.6,2014-09-05,0607,Aqua,MODIS,100,6.2,310.3,512.3,D,0
-17.8762,122.8805,396.8,2.8,1.6,2014-09-05,0607,Aqua,MODIS,100,6.2,320.6,1003.8,D,0
-17.8567,122.904,331.1,2.9,1.6,2014-09-05,0607,Aqua,MODIS,62,6.2,311.1,66,D,0
-16.4902,124.1503,325.4,3.8,1.8,2014-09-05,0607,Aqua,MODIS,64,6.2,306.7,91.8,D,0
-16.485,124.144,324.4,3.8,1.8,2014-09-05,0607,Aqua,MODIS,78,6.2,307.4,91.1,D,0
-24.7597,151.4367,301.8,2,1.4,2014-09-05,1213,Terra,MODIS,44,6.2,285,19.8,N,0
-24.7606,151.4431,300.1,2,1.4,2014-09-05,1213,Terra,MODIS,2,6.2,284.7,15.6,N,0
-20.5601,127.2822,312.3,1.6,1.3,2014-09-05,1353,Terra,MODIS,85,6.2,290.7,23.3,N,0
-20.5617,127.276,306.5,1.6,1.3,2014-09-05,1353,Terra,MODIS,68,6.2,290.2,16,N,0
-19.6238,127.4902,341.6,1.5,1.2,2014-09-05,1354,Terra,MODIS,100,6.2,290.9,87.9,N,0
-19.6249,127.4966,307.1,1.5,1.2,2014-09-05,1354,Terra,MODIS,65,6.2,284.4,15.6,N,0
-19.6266,127.482,348.9,1.5,1.2,2014-09-05,1354,Terra,MODIS,100,6.2,292.5,113.9,N,0
-19.6256,127.4756,333.3,1.5,1.2,2014-09-05,1354,Terra,MODIS,100,6.2,292.2,63.6,N,0
-17.3122,134.9562,318.9,1.3,1.1,2014-09-05,1354,Terra,MODIS,98,6.2,288.8,26.5,N,0
-17.3141,134.944,309.2,1.3,1.1,2014-09-05,1354,Terra,MODIS,77,6.2,288,15,N,0
-17.0368,134.895,308.9,1.3,1.1,2014-09-05,1354,Terra,MODIS,43,6.2,290.6,12.4,N,0
-17.0387,134.8829,303.6,1.3,1.1,2014-09-05,1354,Terra,MODIS,2,6.2,289,7.5,N,0
-15.4249,134.8514,300.6,1.4,1.2,2014-09-05,1354,Terra,MODIS,25,6.2,287.1,7,N,0
-17.1173,134.706,313,1.3,1.1,2014-09-05,1354,Terra,MODIS,86,6.2,284.5,18.3,N,0
-17.1191,134.6942,317.6,1.3,1.1,2014-09-05,1354,Terra,MODIS,95,6.2,284.9,24.3,N,0
-17.2516,131.2323,331.9,1,1,2014-09-05,1354,Terra,MODIS,100,6.2,292.8,31.2,N,0
-17.2439,131.2215,305.4,1,1,2014-09-05,1354,Terra,MODIS,48,6.2,291,6.2,N,0
-16.9715,135.3079,309.4,1.4,1.2,2014-09-05,1354,Terra,MODIS,77,6.2,289.2,15.6,N,0
-17.6853,138.3626,303.9,2.2,1.4,2014-09-05,1354,Terra,MODIS,58,6.2,289.4,21,N,0
-16.9949,135.466,302.8,1.4,1.2,2014-09-05,1354,Terra,MODIS,51,6.2,289.4,9.7,N,0
-17.0776,135.3924,305.3,1.4,1.2,2014-09-05,1354,Terra,MODIS,29,6.2,290.8,10.7,N,0
-18.5772,127.4741,304.2,1.5,1.2,2014-09-05,1354,Terra,MODIS,51,6.2,293.2,9.9,N,0
-17.0818,135.3664,306.4,1.4,1.2,2014-09-05,1354,Terra,MODIS,18,6.2,291,11,N,0
-18.1243,123.8203,306.2,2.7,1.6,2014-09-05,1354,Terra,MODIS,67,6.2,291.7,30.8,N,0
-18.1209,123.8148,304,2.7,1.6,2014-09-05,1354,Terra,MODIS,58,6.2,291.6,25,N,0
-17.5268,134.8338,303.5,1.3,1.1,2014-09-05,1354,Terra,MODIS,17,6.2,292.4,6.9,N,0
-17.2003,134.7634,306.3,1.3,1.1,2014-09-05,1354,Terra,MODIS,68,6.2,290.2,11,N,0
-17.2022,134.7516,303.2,1.3,1.1,2014-09-05,1354,Terra,MODIS,54,6.2,288.9,8.2,N,0
-17.1254,134.7196,311.4,1.3,1.1,2014-09-05,1354,Terra,MODIS,83,6.2,286.3,16.8,N,0
-17.1273,134.7078,304,1.3,1.1,2014-09-05,1354,Terra,MODIS,58,6.2,285.6,10,N,0
-17.304,134.9423,322.5,1.3,1.1,2014-09-05,1354,Terra,MODIS,100,6.2,288.1,30.6,N,0
-17.3046,134.9484,352.6,1.3,1.1,2014-09-05,1354,Terra,MODIS,100,6.2,293,100.3,N,0
-17.2945,134.9466,323.3,1.3,1.1,2014-09-05,1354,Terra,MODIS,100,6.2,286.9,32.5,N,0
-17.292,134.8964,300.7,1.3,1.1,2014-09-05,1354,Terra,MODIS,32,6.2,286.9,7.8,N,0
-17.2427,134.7524,305.8,1.3,1.1,2014-09-05,1354,Terra,MODIS,66,6.2,289.3,10.7,N,0
-17.2423,134.7586,305.4,1.3,1.1,2014-09-05,1354,Terra,MODIS,64,6.2,289.6,10,N,0
-17.3,134.9665,308.2,1.3,1.1,2014-09-05,1354,Terra,MODIS,50,6.2,289.8,13.4,N,0
-17.302,134.9544,380.4,1.3,1.1,2014-09-05,1354,Terra,MODIS,100,6.2,297.4,228.8,N,0
-17.3027,134.9606,344.3,1.3,1.1,2014-09-05,1354,Terra,MODIS,100,6.2,293.1,75.7,N,0
-17.2925,134.9588,358.7,1.3,1.1,2014-09-05,1354,Terra,MODIS,100,6.2,291,124.1,N,0
-18.6023,127.4486,302.1,1.5,1.2,2014-09-05,1354,Terra,MODIS,26,6.2,288.7,8.4,N,0
-16.8339,134.9474,303.2,1.3,1.1,2014-09-05,1354,Terra,MODIS,54,6.2,286.9,9.9,N,0
-16.8111,134.8929,303.9,1.3,1.1,2014-09-05,1354,Terra,MODIS,29,6.2,289.6,8,N,0
-16.8029,134.8789,312.8,1.3,1.1,2014-09-05,1354,Terra,MODIS,75,6.2,290.2,15.3,N,0
-16.813,134.8807,306.4,1.3,1.1,2014-09-05,1354,Terra,MODIS,49,6.2,290.1,10.2,N,0
-15.5647,133.0867,300.3,1.1,1,2014-09-05,1354,Terra,MODIS,7,6.2,287,5.2,N,0
-15.5241,133.101,311.1,1.1,1,2014-09-05,1354,Terra,MODIS,57,6.2,285.8,12.3,N,0
-15.5817,133.075,311.7,1.1,1,2014-09-05,1354,Terra,MODIS,40,6.2,288,12.3,N,0
-15.5833,133.0648,317.2,1.1,1,2014-09-05,1354,Terra,MODIS,82,6.2,289.4,17.4,N,0
-15.5942,133.0562,307.1,1.1,1,2014-09-05,1354,Terra,MODIS,38,6.2,289.3,9.1,N,0
-15.5708,133.0836,303.8,1.1,1,2014-09-05,1354,Terra,MODIS,37,6.2,287.3,7.3,N,0
-15.5864,133.0445,300.9,1.1,1,2014-09-05,1354,Terra,MODIS,4,6.2,287.6,4.9,N,0
-15.5848,133.0547,303.9,1.1,1,2014-09-05,1354,Terra,MODIS,10,6.2,288.7,6.6,N,0
-16.3114,136.733,300.4,1.8,1.3,2014-09-05,1354,Terra,MODIS,27,6.2,287.6,12,N,0
-15.4908,134.817,327.5,1.4,1.2,2014-09-05,1354,Terra,MODIS,100,6.2,290.6,40.6,N,0
-17.5517,134.9366,303.5,1.3,1.1,2014-09-05,1354,Terra,MODIS,15,6.2,292.4,7,N,0
-15.4828,134.8221,314.1,1.4,1.2,2014-09-05,1354,Terra,MODIS,89,6.2,289,19.7,N,0
-17.5498,134.9486,305.6,1.3,1.1,2014-09-05,1354,Terra,MODIS,36,6.2,292.2,8.9,N,0
-17.5561,134.9745,303.5,1.3,1.1,2014-09-05,1354,Terra,MODIS,39,6.2,292,7.8,N,0
-15.4928,134.8044,319,1.4,1.2,2014-09-05,1354,Terra,MODIS,98,6.2,288.6,26.5,N,0
-15.4848,134.8096,308.3,1.4,1.2,2014-09-05,1354,Terra,MODIS,71,6.2,289.1,13.1,N,0
-17.5349,134.8474,304.6,1.3,1.1,2014-09-05,1354,Terra,MODIS,27,6.2,292.9,7.5,N,0
-17.8407,123.0435,309.9,3.1,1.7,2014-09-05,1354,Terra,MODIS,78,6.2,291.4,50.6,N,0
-17.857,123.021,307.5,3.1,1.7,2014-09-05,1354,Terra,MODIS,72,6.2,290.6,41.9,N,0
-17.8558,123.045,321.4,3.1,1.7,2014-09-05,1354,Terra,MODIS,100,6.2,292.5,98.2,N,0
-17.839,123.0487,304,3.1,1.7,2014-09-05,1354,Terra,MODIS,58,6.2,291.4,29.3,N,0
-17.8541,123.0502,321.2,3.1,1.7,2014-09-05,1354,Terra,MODIS,100,6.2,292.6,97.8,N,0
-13.9905,130.3727,306.2,1,1,2014-09-05,1355,Terra,MODIS,49,6.2,291.6,6.1,N,0
-15.6827,128.1947,304.9,1.2,1.1,2014-09-05,1355,Terra,MODIS,62,6.2,290.2,7.6,N,0
-13.4405,132.5578,308.7,1.1,1,2014-09-05,1355,Terra,MODIS,75,6.2,294.2,8.3,N,0
-13.7156,135.1671,308.2,1.5,1.2,2014-09-05,1355,Terra,MODIS,42,6.2,290.5,16.1,N,0
-13.7132,135.1815,302.6,1.5,1.2,2014-09-05,1355,Terra,MODIS,17,6.2,287.6,10.2,N,0
-13.509,132.549,311.3,1.1,1,2014-09-05,1355,Terra,MODIS,82,6.2,295.1,10.5,N,0
-13.512,132.5285,315.2,1.1,1,2014-09-05,1355,Terra,MODIS,91,6.2,295.2,13.7,N,0
-12.2813,135.2849,317.1,1.6,1.3,2014-09-05,1355,Terra,MODIS,94,6.2,293.3,30.1,N,0
-12.2837,135.2699,320.6,1.6,1.3,2014-09-05,1355,Terra,MODIS,100,6.2,293.4,36.7,N,0
-13.7731,135.2419,301.3,1.5,1.2,2014-09-05,1355,Terra,MODIS,40,6.2,286.7,10.4,N,0
-13.5183,132.5505,307.3,1.1,1,2014-09-05,1355,Terra,MODIS,71,6.2,294.4,7.8,N,0
-12.2795,135.2912,304.6,1.6,1.3,2014-09-05,1355,Terra,MODIS,61,6.2,292.6,12,N,0
-12.282,135.2762,326.9,1.6,1.3,2014-09-05,1355,Terra,MODIS,100,6.2,293.6,52.2,N,0
-13.7092,135.1376,310.4,1.5,1.2,2014-09-05,1355,Terra,MODIS,22,6.2,288.6,17.9,N,0
-13.7114,135.1237,300.2,1.5,1.2,2014-09-05,1355,Terra,MODIS,7,6.2,287.6,8.4,N,0
-13.4358,132.5507,305.1,1.1,1,2014-09-05,1355,Terra,MODIS,63,6.2,294.1,6.5,N,0
-13.4421,132.5478,309.2,1.1,1,2014-09-05,1355,Terra,MODIS,77,6.2,294.6,8.6,N,0
-14.2133,132.9882,303.3,1.1,1.1,2014-09-05,1355,Terra,MODIS,54,6.2,290.4,6.8,N,0
-14.2149,132.978,303.2,1.1,1.1,2014-09-05,1355,Terra,MODIS,54,6.2,289.8,6.5,N,0
-14.0008,130.3648,309.4,1,1,2014-09-05,1355,Terra,MODIS,72,6.2,291.3,8.1,N,0
-13.9918,130.3635,303.9,1,1,2014-09-05,1355,Terra,MODIS,25,6.2,291.1,4.6,N,0
-14.1017,132.2764,304.2,1.1,1,2014-09-05,1355,Terra,MODIS,59,6.2,292.1,6.5,N,0
-13.9995,130.3741,316.1,1,1,2014-09-05,1355,Terra,MODIS,93,6.2,291.6,13.4,N,0
-12.2395,134.1651,304.7,1.4,1.2,2014-09-05,1355,Terra,MODIS,61,6.2,292,10.7,N,0
-13.2327,134.1557,307.6,1.3,1.1,2014-09-05,1355,Terra,MODIS,48,6.2,291.9,11.8,N,0
-12.596,132.9802,318.1,1.2,1.1,2014-09-05,1355,Terra,MODIS,96,6.2,295.9,18,N,0
-12.2291,134.1634,313.6,1.4,1.2,2014-09-05,1355,Terra,MODIS,87,6.2,291.8,19.6,N,0
-12.2311,134.1508,323.9,1.4,1.2,2014-09-05,1355,Terra,MODIS,100,6.2,292.7,35,N,0
-12.5958,133.0467,306.6,1.2,1.1,2014-09-05,1355,Terra,MODIS,19,6.2,294.1,7.6,N,0
-12.5747,133.0544,306.1,1.2,1.1,2014-09-05,1355,Terra,MODIS,18,6.2,292.6,7,N,0
-12.5879,132.9682,308.6,1.2,1.1,2014-09-05,1355,Terra,MODIS,73,6.2,295.9,9.2,N,0
-12.5976,132.9696,315.9,1.2,1.1,2014-09-05,1355,Terra,MODIS,92,6.2,296.4,15.8,N,0
-12.5974,133.0358,307.3,1.2,1.1,2014-09-05,1355,Terra,MODIS,26,6.2,294.3,8.4,N,0
-12.5943,132.9908,312.8,1.2,1.1,2014-09-05,1355,Terra,MODIS,86,6.2,295.4,12.8,N,0
-13.5401,133.3004,309,1.2,1.1,2014-09-05,1355,Terra,MODIS,76,6.2,291.4,11.1,N,0
-13.2307,134.168,312.2,1.3,1.1,2014-09-05,1355,Terra,MODIS,84,6.2,292.5,17,N,0
-12.6056,132.9818,318.5,1.2,1.1,2014-09-05,1355,Terra,MODIS,97,6.2,296.8,18.8,N,0
-12.6072,132.9711,343.1,1.2,1.1,2014-09-05,1355,Terra,MODIS,100,6.2,298.3,59.6,N,0
-13.5481,133.3128,309.8,1.2,1.1,2014-09-05,1355,Terra,MODIS,78,6.2,290.9,12.1,N,0
-13.2288,134.1802,309.1,1.3,1.1,2014-09-05,1355,Terra,MODIS,76,6.2,292.1,13.5,N,0
-13.5498,133.3019,314.2,1.2,1.1,2014-09-05,1355,Terra,MODIS,89,6.2,291.8,16.2,N,0
-13.5384,133.3112,320.2,1.2,1.1,2014-09-05,1355,Terra,MODIS,100,6.2,290.6,23.2,N,0
-14.7937,134.6991,316.9,1.4,1.2,2014-09-05,1355,Terra,MODIS,94,6.2,291.1,24.6,N,0
-14.7917,134.7116,305.8,1.4,1.2,2014-09-05,1355,Terra,MODIS,66,6.2,290.7,11.7,N,0
-14.7958,134.6864,317.7,1.4,1.2,2014-09-05,1355,Terra,MODIS,95,6.2,291.8,25.6,N,0
-11.2723,132.4728,303.1,1.1,1.1,2014-09-05,1356,Terra,MODIS,8,6.2,291,5.5,N,0
-11.2675,132.4402,305.1,1.1,1.1,2014-09-05,1356,Terra,MODIS,49,6.2,291.9,7.5,N,0
-15.5909,145.1316,302.7,2.1,1.4,2014-09-05,1520,Aqua,MODIS,51,6.2,289.7,16.4,N,0
-22.4237,145.946,306.9,1.4,1.2,2014-09-05,1522,Aqua,MODIS,70,6.2,285.7,15.7,N,0
-22.4768,145.5598,320.4,1.4,1.2,2014-09-05,1522,Aqua,MODIS,100,6.2,286,35.7,N,0
-22.4743,145.546,343.5,1.4,1.2,2014-09-05,1522,Aqua,MODIS,100,6.2,287.3,89.3,N,0
-24.7557,151.4448,302.3,1.1,1,2014-09-05,1523,Aqua,MODIS,42,6.2,283.5,8.5,N,0
-24.9389,148.0982,309.1,1,1,2014-09-05,1523,Aqua,MODIS,76,6.2,280.4,12.5,N,0
-24.9571,148.0946,304.2,1,1,2014-09-05,1523,Aqua,MODIS,44,6.2,280.9,9,N,0
-33.221,149.1099,300,1.1,1,2014-09-05,1525,Aqua,MODIS,9,6.2,275.1,9.3,N,0
-13.5493,133.3093,316.6,2.1,1.4,2014-09-05,1658,Aqua,MODIS,94,6.2,285.5,46.7,N,0
-13.551,133.3037,309.4,2.1,1.4,2014-09-05,1658,Aqua,MODIS,77,6.2,284.9,32.4,N,0
-12.5945,132.981,303.2,1.9,1.3,2014-09-05,1658,Aqua,MODIS,20,6.2,293,13.1,N,0
-17.3125,134.9356,338.5,3.1,1.7,2014-09-05,1659,Aqua,MODIS,100,6.2,284.8,223.5,N,0
-17.3155,134.9648,347.2,3.1,1.7,2014-09-05,1659,Aqua,MODIS,100,6.2,288.3,305.4,N,0
-17.3276,134.934,342.8,3.1,1.7,2014-09-05,1659,Aqua,MODIS,100,6.2,286,260.4,N,0
-17.3306,134.9631,379.3,3.1,1.7,2014-09-05,1659,Aqua,MODIS,100,6.2,293.8,796.1,N,0
-17.3265,134.9293,323.2,3.1,1.7,2014-09-05,1659,Aqua,MODIS,100,6.2,284.1,115.7,N,0
-17.3293,134.9584,369.1,3.1,1.7,2014-09-05,1659,Aqua,MODIS,100,6.2,294,599.2,N,0
-17.3322,134.9877,306.8,3.1,1.7,2014-09-05,1659,Aqua,MODIS,59,6.2,283.8,47.1,N,0
-17.3444,134.9568,308.4,3.1,1.7,2014-09-05,1659,Aqua,MODIS,75,6.2,286.9,54.6,N,0
-16.7353,134.89,309.4,3,1.7,2014-09-05,1659,Aqua,MODIS,77,6.2,286.4,52.2,N,0
-16.7473,134.8602,332.6,3,1.6,2014-09-05,1659,Aqua,MODIS,100,6.2,287.9,164.8,N,0
-17.2974,134.9373,302.7,3.1,1.7,2014-09-05,1659,Aqua,MODIS,51,6.2,282.6,39.8,N,0
-17.3004,134.9664,310.3,3.1,1.7,2014-09-05,1659,Aqua,MODIS,80,6.2,284,64.7,N,0
-15.8533,130.4945,306.4,1.4,1.2,2014-09-05,1659,Aqua,MODIS,68,6.2,291.4,12.3,N,0
-15.5679,133.0993,312.9,2.1,1.4,2014-09-05,1659,Aqua,MODIS,40,6.2,282.3,37.8,N,0
-15.5296,133.1041,303.3,2.1,1.4,2014-09-05,1659,Aqua,MODIS,29,6.2,281,20.9,N,0
-15.5292,133.1094,304.7,2.1,1.4,2014-09-05,1659,Aqua,MODIS,30,6.2,281.2,22.9,N,0
-15.4933,133.1337,305.1,2.1,1.4,2014-09-05,1659,Aqua,MODIS,63,6.2,281.1,24.9,N,0
-15.5903,133.0695,311.6,2.1,1.4,2014-09-05,1659,Aqua,MODIS,48,6.2,285.3,35.2,N,0
-15.591,133.0764,303.8,2.1,1.4,2014-09-05,1659,Aqua,MODIS,21,6.2,283.6,20.8,N,0
-15.5783,133.078,324.3,2.1,1.4,2014-09-05,1659,Aqua,MODIS,99,6.2,284.9,68.4,N,0
-15.5886,133.0568,307.6,2.1,1.4,2014-09-05,1659,Aqua,MODIS,47,6.2,284.9,27.4,N,0
-15.5169,133.1056,300.7,2.1,1.4,2014-09-05,1659,Aqua,MODIS,20,6.2,280.6,17.1,N,0
-16.4962,124.1921,306.7,1.1,1.1,2014-09-05,1659,Aqua,MODIS,69,6.2,292.4,8.1,N,0
-17.7964,122.7989,300.4,1.3,1.1,2014-09-05,1700,Aqua,MODIS,27,6.2,287.2,8.3,N,0
-17.8473,123.0478,312.2,1.3,1.1,2014-09-05,1700,Aqua,MODIS,84,6.2,290.3,16.9,N,0
-19.6332,126.9911,300.6,1,1,2014-09-05,1700,Aqua,MODIS,31,6.2,287.4,5.9,N,0
-18.5709,127.4782,303.9,1.1,1,2014-09-05,1700,Aqua,MODIS,58,6.2,292.4,6.9,N,0
-18.1251,123.8125,304.9,1.1,1.1,2014-09-05,1700,Aqua,MODIS,62,6.2,289.5,8.6,N,0
-18.1268,123.8231,320.7,1.1,1.1,2014-09-05,1700,Aqua,MODIS,100,6.2,290.3,23.6,N,0
-18.3258,130.0074,302.3,1.4,1.2,2014-09-05,1700,Aqua,MODIS,20,6.2,283.9,10.6,N,0
-20.5548,127.2902,301.8,1.1,1,2014-09-05,1700,Aqua,MODIS,44,6.2,288.8,6.1,N,0
-18.3169,130.022,304.3,1.4,1.2,2014-09-05,1700,Aqua,MODIS,22,6.2,283.2,12.4,N,0
-18.3274,130.0205,307.2,1.4,1.2,2014-09-05,1700,Aqua,MODIS,61,6.2,283.4,15.5,N,0
-23.0499,122.4408,349.4,1.2,1.1,2014-09-05,1701,Aqua,MODIS,100,6.2,295.9,75.2,N,0
-23.0517,122.452,305.4,1.2,1.1,2014-09-05,1701,Aqua,MODIS,64,6.2,293.3,7.7,N,0
-23.048,122.4296,343.2,1.2,1.1,2014-09-05,1701,Aqua,MODIS,100,6.2,293.2,60.5,N,0
-22.1549,123.1232,335.9,1.1,1,2014-09-05,1701,Aqua,MODIS,100,6.2,291.6,44.3,N,0
-22.1532,123.1125,335.9,1.1,1,2014-09-05,1701,Aqua,MODIS,100,6.2,287.6,44.2,N,0
-30.8635,121.486,300.3,1,1,2014-09-05,1703,Aqua,MODIS,25,6.2,284,6.8,N,2
-30.8652,121.4969,333.5,1,1,2014-09-05,1703,Aqua,MODIS,100,6.2,284.6,38.9,N,2
-13.0703,134.3139,311.2,4,1.9,2014-09-06,0045,Terra,MODIS,49,6.2,296.3,31.7,D,0
-14.293,143.3531,319.9,1,1,2014-09-06,0045,Terra,MODIS,46,6.2,303.2,8.2,D,0
-13.6637,141.9128,321,1.1,1.1,2014-09-06,0045,Terra,MODIS,61,6.2,303.5,10.4,D,0
-12.9154,141.8468,323.6,1.2,1.1,2014-09-06,0045,Terra,MODIS,52,6.2,306.7,15.3,D,0
-12.917,141.8574,325.3,1.2,1.1,2014-09-06,0045,Terra,MODIS,40,6.2,305.7,16.4,D,0
-14.4883,144.2326,319.4,1,1,2014-09-06,0045,Terra,MODIS,52,6.2,305.4,7.6,D,0
-14.2868,143.3731,321.1,1,1,2014-09-06,0045,Terra,MODIS,58,6.2,303.8,10.3,D,0
-14.2958,143.3717,319.4,1,1,2014-09-06,0045,Terra,MODIS,30,6.2,304.5,8,D,0
-14.2944,143.3624,331.8,1,1,2014-09-06,0045,Terra,MODIS,82,6.2,305.6,22.5,D,0
-12.7962,135.8291,331.2,3.1,1.7,2014-09-06,0045,Terra,MODIS,84,6.2,297.4,118.4,D,0
-12.8013,135.8576,316.1,3.1,1.7,2014-09-06,0045,Terra,MODIS,55,6.2,296,38,D,0
-12.8063,135.8858,324.5,3.1,1.7,2014-09-06,0045,Terra,MODIS,78,6.2,295.5,80.4,D,0
-12.7991,135.8508,322.8,3.1,1.7,2014-09-06,0045,Terra,MODIS,59,6.2,296.8,66.6,D,0
-12.7938,135.8224,325.8,3.1,1.7,2014-09-06,0045,Terra,MODIS,54,6.2,297,80.4,D,0
-12.8044,135.8791,323,3.1,1.7,2014-09-06,0045,Terra,MODIS,61,6.2,295.8,69.9,D,0
-13.6654,141.9232,318.9,1.1,1.1,2014-09-06,0045,Terra,MODIS,59,6.2,303.3,8.9,D,0
-11.8632,142.6539,319.3,1.1,1,2014-09-06,0045,Terra,MODIS,59,6.2,289.8,10.6,D,0
-12.2505,142.5885,329.1,1.1,1,2014-09-06,0045,Terra,MODIS,79,6.2,304.9,19.8,D,0
-11.9178,142.6351,327.1,1.1,1,2014-09-06,0045,Terra,MODIS,56,6.2,295.6,16,D,0
-12.249,142.5785,339.6,1.1,1,2014-09-06,0045,Terra,MODIS,88,6.2,304.4,36.9,D,0
-12.2598,142.587,336.6,1.1,1,2014-09-06,0045,Terra,MODIS,86,6.2,306.9,31.1,D,0
-12.2583,142.577,345.1,1.1,1,2014-09-06,0045,Terra,MODIS,92,6.2,305.5,46.9,D,0
-14.6867,144.5844,319.8,1,1,2014-09-06,0045,Terra,MODIS,57,6.2,304.5,8.2,D,0
-14.5612,144.5433,327.9,1,1,2014-09-06,0045,Terra,MODIS,78,6.2,306.8,14.9,D,0
-12.8724,142.9146,321,1.1,1,2014-09-06,0045,Terra,MODIS,68,6.2,302.7,10.9,D,0
-12.1984,143.0333,345.4,1.1,1,2014-09-06,0045,Terra,MODIS,92,6.2,299.3,48.9,D,0
-13.0164,142.9582,317,1,1,2014-09-06,0045,Terra,MODIS,47,6.2,304.4,5.7,D,0
-11.8332,142.3998,327.4,1.1,1.1,2014-09-06,0045,Terra,MODIS,78,6.2,303.7,16.9,D,0
-13.1274,141.6462,318.9,1.2,1.1,2014-09-06,0045,Terra,MODIS,44,6.2,302.8,9.5,D,0
-12.2076,143.0319,343.1,1.1,1,2014-09-06,0045,Terra,MODIS,91,6.2,300.9,44.6,D,0
-12.2318,143.0674,316.8,1.1,1,2014-09-06,0045,Terra,MODIS,34,6.2,298.1,8.1,D,0
-12.1891,143.0347,322.4,1.1,1,2014-09-06,0045,Terra,MODIS,65,6.2,297.3,13.9,D,0
-12.0742,142.5157,318.1,1.1,1,2014-09-06,0045,Terra,MODIS,55,6.2,302.6,6.6,D,0
-11.8316,142.3896,336.1,1.1,1.1,2014-09-06,0045,Terra,MODIS,86,6.2,303.9,29.4,D,0
-13.1257,141.6353,319.4,1.2,1.1,2014-09-06,0045,Terra,MODIS,0,6.2,301.3,9.8,D,0
-14.6687,144.5871,318.7,1,1,2014-09-06,0045,Terra,MODIS,32,6.2,304.6,7.1,D,0
-12.2061,143.0222,324.5,1.1,1,2014-09-06,0045,Terra,MODIS,71,6.2,300.7,16.2,D,0
-12.631,142.1959,318.5,1.1,1.1,2014-09-06,0045,Terra,MODIS,44,6.2,304.9,6,D,0
-11.8363,142.3573,336.1,1.1,1.1,2014-09-06,0045,Terra,MODIS,86,6.2,304.4,32.3,D,0
-11.8284,142.3691,323.2,1.1,1.1,2014-09-06,0045,Terra,MODIS,66,6.2,303.6,10.9,D,0
-11.83,142.3794,344.5,1.1,1.1,2014-09-06,0045,Terra,MODIS,92,6.2,305.1,46.9,D,0
-11.8379,142.3676,323,1.1,1.1,2014-09-06,0045,Terra,MODIS,66,6.2,303.5,11.5,D,0
-12.8739,142.9243,314.9,1.1,1,2014-09-06,0045,Terra,MODIS,36,6.2,302,4.8,D,0
-12.6036,142.4873,328.4,1.1,1,2014-09-06,0045,Terra,MODIS,79,6.2,305.9,18.4,D,0
-12.6448,142.0341,323.6,1.1,1.1,2014-09-06,0045,Terra,MODIS,64,6.2,310.3,11.6,D,0
-15.5932,145.1322,334.1,1.1,1,2014-09-06,0046,Terra,MODIS,79,6.2,305.4,24,D,0
-15.8012,136.4082,325.7,2.4,1.5,2014-09-06,0046,Terra,MODIS,67,6.2,303.7,40.3,D,0
-15.5486,145.1489,331.5,1.1,1,2014-09-06,0046,Terra,MODIS,67,6.2,304.8,20.9,D,0
-15.4934,145.143,337.4,1.1,1,2014-09-06,0046,Terra,MODIS,87,6.2,303.7,30.9,D,0
-15.4784,134.8372,319.4,3.3,1.7,2014-09-06,0046,Terra,MODIS,42,6.2,303.6,43.7,D,0
-15.4948,145.1528,333.8,1.1,1,2014-09-06,0046,Terra,MODIS,84,6.2,303.1,26.4,D,0
-14.8675,144.9488,327.6,1,1,2014-09-06,0046,Terra,MODIS,73,6.2,306,15.7,D,0
-14.4879,141.6908,319,1.1,1.1,2014-09-06,0046,Terra,MODIS,55,6.2,303.9,8,D,0
-15.5459,145.1294,322.3,1.1,1,2014-09-06,0046,Terra,MODIS,51,6.2,303.2,9.7,D,0
-16.083,136.5856,323.1,2.3,1.5,2014-09-06,0046,Terra,MODIS,71,6.2,305.6,33,D,0
-15.5877,145.2931,326.5,1.1,1,2014-09-06,0046,Terra,MODIS,74,6.2,301.5,17.8,D,0
-14.8689,144.9583,328.7,1,1,2014-09-06,0046,Terra,MODIS,76,6.2,303.9,17.8,D,0
-15.5421,145.1698,324.5,1.1,1,2014-09-06,0046,Terra,MODIS,65,6.2,304.5,14.9,D,0
-15.584,145.1336,332.3,1.1,1,2014-09-06,0046,Terra,MODIS,67,6.2,306.2,20.4,D,0
-16.0877,136.5916,324.2,2.3,1.5,2014-09-06,0046,Terra,MODIS,73,6.2,306.1,35.6,D,0
-15.5643,145.1266,328.1,1.1,1,2014-09-06,0046,Terra,MODIS,49,6.2,305.7,14.1,D,0
-15.8095,136.453,322.1,2.4,1.5,2014-09-06,0046,Terra,MODIS,38,6.2,304.5,32.3,D,0
-15.7137,142.045,325.7,1.1,1,2014-09-06,0046,Terra,MODIS,72,6.2,305.1,15.8,D,0
-14.913,144.9417,323.7,1,1,2014-09-06,0046,Terra,MODIS,48,6.2,302.7,13.7,D,0
-14.9207,145.1263,329.4,1,1,2014-09-06,0046,Terra,MODIS,79,6.2,302.3,21.7,D,0
-14.9193,145.1167,352.6,1,1,2014-09-06,0046,Terra,MODIS,96,6.2,303.1,64.1,D,0
-15.492,145.1333,343.6,1,1,2014-09-06,0046,Terra,MODIS,91,6.2,304.7,41.1,D,0
-15.534,145.1113,323.1,1,1,2014-09-06,0046,Terra,MODIS,42,6.2,303.9,11.8,D,0
-14.9221,144.9402,325.2,1,1,2014-09-06,0046,Terra,MODIS,64,6.2,300.8,16.4,D,0
-15.4892,145.1139,323,1,1,2014-09-06,0046,Terra,MODIS,31,6.2,303.1,11.9,D,0
-14.9207,144.9306,320.7,1,1,2014-09-06,0046,Terra,MODIS,42,6.2,300.8,11.2,D,0
-15.5983,145.3017,327,1.1,1,2014-09-06,0046,Terra,MODIS,63,6.2,300.5,19.2,D,0
-15.7519,135.9048,320.6,2.7,1.6,2014-09-06,0046,Terra,MODIS,65,6.2,304.4,31.5,D,0
-15.7919,136.4334,323.4,2.4,1.5,2014-09-06,0046,Terra,MODIS,53,6.2,302.1,35.5,D,0
-15.7981,136.438,336.6,2.4,1.5,2014-09-06,0046,Terra,MODIS,87,6.2,303.5,96.6,D,0
-15.5445,145.1197,328.7,1,1,2014-09-06,0046,Terra,MODIS,76,6.2,305,17,D,0
-15.5473,145.1392,322.1,1.1,1,2014-09-06,0046,Terra,MODIS,64,6.2,303.8,10.5,D,0
-15.5771,145.2846,320.8,1.1,1,2014-09-06,0046,Terra,MODIS,65,6.2,301.7,11.8,D,0
-15.505,134.8258,316.5,3.3,1.7,2014-09-06,0046,Terra,MODIS,22,6.2,302.2,31.7,D,0
-15.4998,145.1221,345.1,1,1,2014-09-06,0046,Terra,MODIS,92,6.2,303.3,45.3,D,0
-16.5731,137.1023,320.6,2.1,1.4,2014-09-06,0046,Terra,MODIS,63,6.2,306.8,20.4,D,0
-13.5591,133.3117,311.8,4.6,2,2014-09-06,0046,Terra,MODIS,50,6.2,293.8,48.1,D,0
-13.5599,133.3172,310.4,4.6,2,2014-09-06,0046,Terra,MODIS,34,6.2,293.4,39.3,D,0
-14.8607,142.904,321.4,1,1,2014-09-06,0046,Terra,MODIS,22,6.2,304.3,7.4,D,0
-16.7632,134.8221,324.8,3.1,1.7,2014-09-06,0046,Terra,MODIS,49,6.2,302.1,69.8,D,0
-16.7617,134.8165,324.2,3.1,1.7,2014-09-06,0046,Terra,MODIS,58,6.2,301.7,68,D,0
-16.7821,134.8419,321.1,3.1,1.7,2014-09-06,0046,Terra,MODIS,37,6.2,302.1,44.3,D,0
-16.6979,135.0456,333.3,3,1.6,2014-09-06,0046,Terra,MODIS,84,6.2,304,116.4,D,0
-16.7031,135.0733,327.7,3,1.6,2014-09-06,0046,Terra,MODIS,78,6.2,304.7,78.7,D,0
-16.7177,135.0704,317.6,3,1.6,2014-09-06,0046,Terra,MODIS,56,6.2,304.9,29.8,D,0
-16.6973,135.0384,325,3,1.6,2014-09-06,0046,Terra,MODIS,75,6.2,303.5,67.8,D,0
-16.7026,135.0659,330,3,1.6,2014-09-06,0046,Terra,MODIS,81,6.2,305,93.5,D,0
-16.724,134.8596,324.9,3.1,1.7,2014-09-06,0046,Terra,MODIS,63,6.2,301.6,72.3,D,0
-16.7389,134.8566,330,3.1,1.7,2014-09-06,0046,Terra,MODIS,62,6.2,302,94.8,D,0
-16.778,134.819,337.8,3.1,1.7,2014-09-06,0046,Terra,MODIS,87,6.2,302.8,158,D,0
-16.7766,134.8135,333,3.1,1.7,2014-09-06,0046,Terra,MODIS,82,6.2,302.8,120.5,D,0
-16.9283,135.2924,321.3,2.8,1.6,2014-09-06,0046,Terra,MODIS,49,6.2,305,38.6,D,0
-14.8261,142.9156,323.7,1,1,2014-09-06,0046,Terra,MODIS,57,6.2,304.6,9.2,D,0
-16.5777,136.8341,343.1,2.2,1.4,2014-09-06,0046,Terra,MODIS,91,6.2,305.7,118.9,D,0
-16.5813,136.8547,339.1,2.2,1.4,2014-09-06,0046,Terra,MODIS,88,6.2,307.6,95.2,D,0
-16.5942,136.8522,332.3,2.2,1.4,2014-09-06,0046,Terra,MODIS,82,6.2,307.9,62.5,D,0
-16.5761,136.8284,327.3,2.2,1.4,2014-09-06,0046,Terra,MODIS,75,6.2,304.6,45.5,D,0
-16.5799,136.8489,341,2.2,1.4,2014-09-06,0046,Terra,MODIS,89,6.2,307.5,104.7,D,0
-16.5927,136.8464,334.8,2.2,1.4,2014-09-06,0046,Terra,MODIS,84,6.2,307.3,73.4,D,0
-16.6055,136.844,321.1,2.2,1.4,2014-09-06,0046,Terra,MODIS,65,6.2,307.3,24.9,D,0
-16.8306,135.2633,324.9,2.8,1.6,2014-09-06,0046,Terra,MODIS,71,6.2,304.8,57.5,D,0
-16.8322,135.2571,322.5,2.8,1.6,2014-09-06,0046,Terra,MODIS,49,6.2,305.4,41.4,D,0
-16.9634,135.3056,320.8,2.8,1.6,2014-09-06,0046,Terra,MODIS,43,6.2,305,35.4,D,0
-16.9826,135.3286,317,2.8,1.6,2014-09-06,0046,Terra,MODIS,24,6.2,304.3,20.9,D,0
-16.9853,135.441,319,2.7,1.6,2014-09-06,0046,Terra,MODIS,59,6.2,304.9,30.4,D,0
-16.9926,135.4587,326.2,2.7,1.6,2014-09-06,0046,Terra,MODIS,76,6.2,305.3,63.3,D,0
-16.3873,136.6474,321.1,2.3,1.5,2014-09-06,0046,Terra,MODIS,65,6.2,307.4,20.9,D,0
-16.3969,136.6393,353.3,2.3,1.5,2014-09-06,0046,Terra,MODIS,96,6.2,306.5,189.4,D,0
-16.4008,136.6604,329.9,2.3,1.5,2014-09-06,0046,Terra,MODIS,80,6.2,307.3,54,D,0
-16.41,136.6367,332.2,2.3,1.5,2014-09-06,0046,Terra,MODIS,82,6.2,307.2,63.3,D,0
-16.4138,136.6579,321.3,2.3,1.5,2014-09-06,0046,Terra,MODIS,58,6.2,307.5,22.2,D,0
-16.9899,135.4662,325.1,2.7,1.6,2014-09-06,0046,Terra,MODIS,75,6.2,304.9,57.2,D,0
-16.7969,135.2428,337,2.9,1.6,2014-09-06,0046,Terra,MODIS,87,6.2,304.7,132.7,D,0
-16.7868,135.1896,325.1,2.9,1.6,2014-09-06,0046,Terra,MODIS,75,6.2,303.2,60.5,D,0
-16.7918,135.2162,345.3,2.9,1.6,2014-09-06,0046,Terra,MODIS,92,6.2,305.1,197.9,D,0
-16.9969,135.3256,327.7,2.8,1.6,2014-09-06,0046,Terra,MODIS,70,6.2,307.1,65.2,D,0
-13.3447,134.7163,310.5,3.7,1.8,2014-09-06,0046,Terra,MODIS,35,6.2,295,23,D,0
-13.3516,134.7075,313.9,3.7,1.8,2014-09-06,0046,Terra,MODIS,61,6.2,295.3,40.9,D,0
-14.8367,142.6249,321.6,1,1,2014-09-06,0046,Terra,MODIS,46,6.2,305.9,6.2,D,0
-13.2408,134.1527,315.6,4.1,1.9,2014-09-06,0046,Terra,MODIS,65,6.2,297.9,54.1,D,0
-13.2274,134.148,314.8,4.1,1.9,2014-09-06,0046,Terra,MODIS,63,6.2,299,48.7,D,0
-15.5033,134.8007,320,3.3,1.7,2014-09-06,0046,Terra,MODIS,24,6.2,301.7,44.9,D,0
-14.4118,142.0736,316.9,1.1,1,2014-09-06,0046,Terra,MODIS,50,6.2,302.2,8.2,D,0
-13.2344,134.1842,312.6,4.1,1.9,2014-09-06,0046,Terra,MODIS,57,6.2,297.8,34.9,D,0
-15.4993,134.7958,318.1,3.3,1.7,2014-09-06,0046,Terra,MODIS,42,6.2,302.2,39.7,D,0
-14.888,142.8997,322.3,1,1,2014-09-06,0046,Terra,MODIS,42,6.2,305.4,8.4,D,0
-14.7732,142.6902,321.1,1,1,2014-09-06,0046,Terra,MODIS,39,6.2,305.6,6.8,D,0
-14.7809,142.6791,321.6,1,1,2014-09-06,0046,Terra,MODIS,45,6.2,305.8,6.4,D,0
-15.5606,144.9689,328.7,1,1,2014-09-06,0046,Terra,MODIS,79,6.2,305.3,20,D,0
-15.6048,133.077,315.5,4.4,1.9,2014-09-06,0046,Terra,MODIS,21,6.2,297.3,57.9,D,0
-15.5875,133.0805,316.7,4.4,1.9,2014-09-06,0046,Terra,MODIS,28,6.2,299.1,60.7,D,0
-15.587,133.0884,318.5,4.4,1.9,2014-09-06,0046,Terra,MODIS,47,6.2,299.1,74,D,0
-15.601,145.1211,339,1.1,1,2014-09-06,0046,Terra,MODIS,87,6.2,304,32.9,D,0
-13.8698,135.4232,311,3.2,1.7,2014-09-06,0046,Terra,MODIS,34,6.2,295.1,20.2,D,0
-15.6024,145.1308,333.8,1.1,1,2014-09-06,0046,Terra,MODIS,61,6.2,304.2,24.1,D,0
-13.9945,136.4457,312.9,2.6,1.6,2014-09-06,0046,Terra,MODIS,42,6.2,296.2,24.3,D,0
-15.525,144.9151,339.3,1,1,2014-09-06,0046,Terra,MODIS,88,6.2,304,35.1,D,0
-13.6601,135.1987,321.7,3.3,1.7,2014-09-06,0046,Terra,MODIS,70,6.2,296.7,66.5,D,0
-15.6088,145.11,322.3,1,1,2014-09-06,0046,Terra,MODIS,47,6.2,303.4,11.8,D,0
-17.5356,134.9228,331.2,2.9,1.6,2014-09-06,0047,Terra,MODIS,73,6.2,303.3,101.1,D,0
-17.5549,135.0366,334.7,2.9,1.6,2014-09-06,0047,Terra,MODIS,85,6.2,306,120.2,D,0
-17.545,134.983,323.5,2.9,1.6,2014-09-06,0047,Terra,MODIS,51,6.2,303.8,54.9,D,0
-17.55,135.0099,325.3,2.9,1.6,2014-09-06,0047,Terra,MODIS,45,6.2,304.2,61.2,D,0
-18.8671,145.9411,313.8,1.2,1.1,2014-09-06,0047,Terra,MODIS,39,6.2,295.4,12.5,D,0
-17.5399,134.9559,341.7,2.9,1.6,2014-09-06,0047,Terra,MODIS,90,6.2,303.7,171,D,0
-17.5501,134.9198,328.2,2.9,1.6,2014-09-06,0047,Terra,MODIS,78,6.2,301.9,86.8,D,0
-17.5472,135.0599,335.2,2.8,1.6,2014-09-06,0047,Terra,MODIS,85,6.2,305.8,122.4,D,0
-17.5405,135.0395,355.3,2.9,1.6,2014-09-06,0047,Terra,MODIS,97,6.2,306.1,299,D,0
-20.4079,145.5842,326.8,1.2,1.1,2014-09-06,0047,Terra,MODIS,76,6.2,306,18.8,D,0
-17.5455,135.0661,326.2,2.8,1.6,2014-09-06,0047,Terra,MODIS,77,6.2,304.5,70.8,D,0
-17.5408,134.9498,335.2,2.9,1.6,2014-09-06,0047,Terra,MODIS,85,6.2,303.2,124.2,D,0
-17.5564,135.0304,327.9,2.9,1.6,2014-09-06,0047,Terra,MODIS,79,6.2,305.1,81.2,D,0
-17.542,135.0333,352,2.9,1.6,2014-09-06,0047,Terra,MODIS,96,6.2,306.3,263.9,D,0
-22.424,145.94,317.1,1.3,1.1,2014-09-06,0047,Terra,MODIS,47,6.2,303.2,8.8,D,0
-17.5494,134.9258,331.8,2.9,1.6,2014-09-06,0047,Terra,MODIS,57,6.2,302.7,99,D,0
-17.5443,134.8986,325.3,2.9,1.6,2014-09-06,0047,Terra,MODIS,39,6.2,300.5,64.6,D,0
-17.5616,135.057,321.6,2.8,1.6,2014-09-06,0047,Terra,MODIS,70,6.2,304.7,48.9,D,0
-17.5396,134.8654,315.8,2.9,1.6,2014-09-06,0047,Terra,MODIS,39,6.2,300.9,32.3,D,0
-17.5461,134.9768,327,2.9,1.6,2014-09-06,0047,Terra,MODIS,77,6.2,303.5,76.5,D,0
-17.3354,134.9205,326.3,2.9,1.6,2014-09-06,0047,Terra,MODIS,38,6.2,306.3,63.4,D,0
-17.9121,137.9478,331.3,1.7,1.3,2014-09-06,0047,Terra,MODIS,80,6.2,309.4,39.8,D,0
-17.1074,134.6951,323.8,3.1,1.7,2014-09-06,0047,Terra,MODIS,42,6.2,303.4,57.8,D,0
-17.1128,134.7237,326.1,3.1,1.7,2014-09-06,0047,Terra,MODIS,64,6.2,305.1,67.8,D,0
-17.1114,134.718,324.9,3.1,1.7,2014-09-06,0047,Terra,MODIS,46,6.2,304.6,60.8,D,0
-17.5933,138.2968,350.1,1.6,1.3,2014-09-06,0047,Terra,MODIS,94,6.2,311.9,99.6,D,0
-17.5958,138.3121,330.5,1.6,1.3,2014-09-06,0047,Terra,MODIS,78,6.2,311.8,28.1,D,0
-17.5943,138.3064,337.3,1.6,1.3,2014-09-06,0047,Terra,MODIS,85,6.2,312.3,49.1,D,0
-17.5916,138.2911,346.6,1.6,1.3,2014-09-06,0047,Terra,MODIS,92,6.2,311.2,84.1,D,0
-17.5969,138.3216,323.6,1.6,1.3,2014-09-06,0047,Terra,MODIS,67,6.2,311.4,11.2,D,0
-17.6748,138.3698,323.8,1.6,1.3,2014-09-06,0047,Terra,MODIS,60,6.2,312.2,12.3,D,0
-17.9042,137.955,337.4,1.7,1.3,2014-09-06,0047,Terra,MODIS,86,6.2,308.9,60.6,D,0
-17.9006,137.9498,323.4,1.7,1.3,2014-09-06,0047,Terra,MODIS,63,6.2,307.7,21,D,0
-17.0397,135.3967,336.3,2.8,1.6,2014-09-06,0047,Terra,MODIS,86,6.2,307.1,110.5,D,0
-17.0681,135.3913,331.7,2.8,1.6,2014-09-06,0047,Terra,MODIS,82,6.2,306.5,79.5,D,0
-17.0425,135.39,336.8,2.8,1.6,2014-09-06,0047,Terra,MODIS,86,6.2,307.3,112.2,D,0
-17.0349,135.3712,324.1,2.8,1.6,2014-09-06,0047,Terra,MODIS,56,6.2,305.3,40.8,D,0
-17.0491,135.3684,323,2.8,1.6,2014-09-06,0047,Terra,MODIS,38,6.2,306.5,35.2,D,0
-17.071,135.3849,328.6,2.8,1.6,2014-09-06,0047,Terra,MODIS,79,6.2,306.6,63.4,D,0
-17.3102,134.8743,328.1,3,1.6,2014-09-06,0047,Terra,MODIS,34,6.2,305.9,72,D,0
-17.3197,134.8436,327.7,3,1.6,2014-09-06,0047,Terra,MODIS,72,6.2,300.6,83.6,D,0
-17.3249,134.8713,370,3,1.6,2014-09-06,0047,Terra,MODIS,100,6.2,306.9,513.5,D,0
-17.3301,134.8989,337.5,3,1.6,2014-09-06,0047,Terra,MODIS,78,6.2,306.8,133.2,D,0
-17.3101,134.8685,327.2,3,1.6,2014-09-06,0047,Terra,MODIS,16,6.2,305.4,66.1,D,0
-17.3247,134.8655,369.1,3,1.6,2014-09-06,0047,Terra,MODIS,100,6.2,305.4,502.5,D,0
-17.3301,134.8931,342.6,3,1.6,2014-09-06,0047,Terra,MODIS,91,6.2,306.6,178,D,0
-17.9149,137.9636,322.5,1.7,1.3,2014-09-06,0047,Terra,MODIS,44,6.2,308.5,16.8,D,0
-23.6382,146.6725,318.9,1.6,1.2,2014-09-06,0048,Terra,MODIS,65,6.2,300.8,17.2,D,0
-26.6436,152.5231,306.6,4.4,1.9,2014-09-06,0048,Terra,MODIS,38,6.2,292.4,58.7,D,0
-23.6364,146.6574,315.1,1.6,1.2,2014-09-06,0048,Terra,MODIS,52,6.2,301.6,10.9,D,0
-22.4764,145.5381,339.8,1.3,1.1,2014-09-06,0048,Terra,MODIS,88,6.2,303.6,46.5,D,0
-23.781,146.4276,348.6,1.5,1.2,2014-09-06,0048,Terra,MODIS,94,6.2,302.7,95.4,D,0
-22.4779,145.5506,352.7,1.3,1.1,2014-09-06,0048,Terra,MODIS,96,6.2,307.1,82.5,D,0
-23.7827,146.4426,323,1.5,1.2,2014-09-06,0048,Terra,MODIS,74,6.2,301.8,24.5,D,0
-29.8884,148.0116,312.7,2.3,1.5,2014-09-06,0049,Terra,MODIS,64,6.2,298.6,16.1,D,0
-29.893,148.0166,312.8,2.3,1.5,2014-09-06,0049,Terra,MODIS,65,6.2,298.3,17.4,D,0
-29.2664,149.4534,312.9,2.9,1.6,2014-09-06,0049,Terra,MODIS,64,6.2,297.5,33.5,D,0
-30.4449,136.8618,311.4,1.2,1.1,2014-09-06,0050,Terra,MODIS,31,6.2,298.2,5.9,D,0
-33.1191,143.5132,309.6,1.3,1.1,2014-09-06,0050,Terra,MODIS,54,6.2,296.9,6.8,D,0
-33.1207,143.5275,308.8,1.3,1.1,2014-09-06,0050,Terra,MODIS,50,6.2,297,6,D,0
-32.4181,146.016,312.5,1.8,1.3,2014-09-06,0050,Terra,MODIS,69,6.2,293.8,22,D,0
-34.5279,140.168,320.8,1,1,2014-09-06,0051,Terra,MODIS,80,6.2,293.5,18.3,D,0
-34.2716,144.0616,310.3,1.5,1.2,2014-09-06,0051,Terra,MODIS,0,6.2,298.6,7.9,D,0
-34.3097,145.9152,309.8,1.9,1.3,2014-09-06,0051,Terra,MODIS,66,6.2,292.4,20.4,D,0
-34.2916,144.0423,313.4,1.5,1.2,2014-09-06,0051,Terra,MODIS,42,6.2,296.1,12.4,D,0
-34.2933,144.0583,325.5,1.5,1.2,2014-09-06,0051,Terra,MODIS,71,6.2,296.1,33.3,D,0
-33.0058,137.5925,308.3,1.1,1,2014-09-06,0051,Terra,MODIS,0,6.2,296.3,5.6,D,2
-34.1523,140.7102,315.5,1,1,2014-09-06,0051,Terra,MODIS,72,6.2,293.8,12,D,0
-16.4883,124.1928,322.1,1.8,1.3,2014-09-06,0225,Terra,MODIS,59,6.2,303,25,D,0
-16.4569,124.1307,321.4,1.8,1.3,2014-09-06,0225,Terra,MODIS,50,6.2,303.8,22.2,D,0
-16.5587,123.6578,321,1.6,1.3,2014-09-06,0225,Terra,MODIS,63,6.2,304.4,21.6,D,0
-17.7953,122.7778,337.6,1.5,1.2,2014-09-06,0225,Terra,MODIS,80,6.2,310.4,42.1,D,0
-17.8043,122.7626,333.1,1.5,1.2,2014-09-06,0225,Terra,MODIS,76,6.2,312.4,30.8,D,0
-16.2679,128.1213,319,3.5,1.8,2014-09-06,0225,Terra,MODIS,52,6.2,305.9,36.2,D,0
-17.7965,122.7579,340.7,1.5,1.2,2014-09-06,0225,Terra,MODIS,86,6.2,309.8,51.4,D,0
-17.8526,123.0369,326.7,1.5,1.2,2014-09-06,0225,Terra,MODIS,53,6.2,310.6,19.4,D,0
-17.9134,122.8776,323.5,1.5,1.2,2014-09-06,0225,Terra,MODIS,23,6.2,308.6,13.3,D,0
-18.8122,128.5966,334.1,4.1,1.9,2014-09-06,0225,Terra,MODIS,81,6.2,306.4,181.8,D,0
-16.4104,124.039,321.5,1.7,1.3,2014-09-06,0225,Terra,MODIS,10,6.2,305,21.1,D,0
-18.816,128.5907,331.7,4.1,1.9,2014-09-06,0225,Terra,MODIS,78,6.2,305.8,156.7,D,0
-17.7982,122.7717,349.5,1.5,1.2,2014-09-06,0225,Terra,MODIS,93,6.2,312.4,78.6,D,0
-17.8561,123.0659,328.4,1.5,1.2,2014-09-06,0225,Terra,MODIS,70,6.2,308.9,24.7,D,0
-19.0219,122.4436,336.8,1.5,1.2,2014-09-06,0225,Terra,MODIS,83,6.2,311.4,39.7,D,0
-17.8544,123.0514,339,1.5,1.2,2014-09-06,0225,Terra,MODIS,85,6.2,311.3,53.3,D,0
-17.7935,122.764,355.8,1.5,1.2,2014-09-06,0225,Terra,MODIS,97,6.2,310.3,107.4,D,0
-17.9097,122.8704,326.7,1.5,1.2,2014-09-06,0225,Terra,MODIS,45,6.2,310.3,16.5,D,0
-17.9709,128.0284,326.5,3.6,1.8,2014-09-06,0225,Terra,MODIS,72,6.2,305.1,94.2,D,0
-17.9596,128.0018,323.5,3.6,1.8,2014-09-06,0225,Terra,MODIS,67,6.2,306.7,74.1,D,0
-17.9675,127.9938,360.4,3.6,1.8,2014-09-06,0225,Terra,MODIS,100,6.2,307.4,501.4,D,0
-19.6443,126.9922,344.1,3.2,1.7,2014-09-06,0225,Terra,MODIS,90,6.2,310.6,180.4,D,0
-19.6411,126.9859,335.9,3.2,1.7,2014-09-06,0225,Terra,MODIS,82,6.2,310.3,114.7,D,0
-19.644,127.0165,334.8,3.2,1.7,2014-09-06,0225,Terra,MODIS,77,6.2,313.1,103.5,D,0
-19.6593,127.015,328.9,3.2,1.7,2014-09-06,0225,Terra,MODIS,63,6.2,311.9,66.1,D,0
-18.6087,127.4548,323,3.4,1.7,2014-09-06,0225,Terra,MODIS,60,6.2,307.1,52.4,D,0
-18.1284,123.821,336.1,1.8,1.3,2014-09-06,0225,Terra,MODIS,82,6.2,312.3,48.2,D,0
-18.1402,123.8196,324.1,1.8,1.3,2014-09-06,0225,Terra,MODIS,34,6.2,310.9,15,D,0
-18.6035,127.4484,325.8,3.4,1.7,2014-09-06,0225,Terra,MODIS,67,6.2,307.4,71.5,D,0
-21.0057,118.6427,334.9,1,1,2014-09-06,0226,Terra,MODIS,79,6.2,310.8,18.4,D,0
-21.6616,118.9297,328.5,1,1,2014-09-06,0226,Terra,MODIS,67,6.2,307.3,13.7,D,0
-21.2517,118.1821,346.8,1,1,2014-09-06,0226,Terra,MODIS,92,6.2,311.9,41.2,D,0
-22.1675,123.1039,338.9,1.8,1.3,2014-09-06,0226,Terra,MODIS,74,6.2,311.4,62.5,D,0
-22.0032,119.6927,328.9,1.1,1.1,2014-09-06,0226,Terra,MODIS,73,6.2,311.1,13.7,D,0
-21.286,125.9468,325.8,2.8,1.6,2014-09-06,0226,Terra,MODIS,49,6.2,312.5,34.9,D,0
-22.0126,119.6913,337.5,1.1,1.1,2014-09-06,0226,Terra,MODIS,84,6.2,312.4,27,D,0
-20.5119,127.2928,324.9,3.4,1.7,2014-09-06,0226,Terra,MODIS,64,6.2,311.3,53.8,D,0
-23.0471,122.4346,326.3,1.6,1.3,2014-09-06,0227,Terra,MODIS,39,6.2,312.4,20.1,D,0
-24.415,119.929,335.2,1.2,1.1,2014-09-06,0227,Terra,MODIS,82,6.2,306.6,30.6,D,0
-23.0509,122.4559,341.8,1.6,1.3,2014-09-06,0227,Terra,MODIS,88,6.2,308.1,70.5,D,0
-24.4136,119.9172,324.7,1.2,1.1,2014-09-06,0227,Terra,MODIS,44,6.2,308.7,11.9,D,0
-23.049,122.4401,344.7,1.6,1.3,2014-09-06,0227,Terra,MODIS,90,6.2,312,79.2,D,0
-23.0603,122.4492,356.4,1.6,1.3,2014-09-06,0227,Terra,MODIS,98,6.2,311.7,131.8,D,0
-23.0488,122.4505,342.4,1.6,1.3,2014-09-06,0227,Terra,MODIS,89,6.2,309.5,70.6,D,0
-23.0623,122.4547,354.1,1.6,1.3,2014-09-06,0227,Terra,MODIS,96,6.2,310.1,121,D,0
-23.0604,122.4388,337.4,1.6,1.3,2014-09-06,0227,Terra,MODIS,84,6.2,311,51.1,D,0
-24.4763,119.8597,323.3,1.2,1.1,2014-09-06,0227,Terra,MODIS,56,6.2,307.1,9.7,D,0
-33.1216,120.0398,327.5,1.6,1.2,2014-09-06,0229,Terra,MODIS,84,6.2,295.7,42,D,0
-33.1328,120.0383,322.1,1.6,1.2,2014-09-06,0229,Terra,MODIS,79,6.2,295.3,31.5,D,0
-33.1199,120.023,308.7,1.6,1.2,2014-09-06,0229,Terra,MODIS,28,6.2,294.6,8.8,D,0
-34.858,145.8654,308.8,3.9,1.8,2014-09-06,0328,Aqua,MODIS,65,6.2,292.8,46.7,D,0
-34.9801,145.973,327.3,3.8,1.8,2014-09-06,0328,Aqua,MODIS,85,6.2,288,164.8,D,0
-34.9749,145.9647,314.9,3.8,1.8,2014-09-06,0328,Aqua,MODIS,70,6.2,288.2,72.4,D,0
-34.9893,146.0087,311.1,3.8,1.8,2014-09-06,0328,Aqua,MODIS,24,6.2,287.6,50.9,D,0
-34.8617,145.8701,311,3.9,1.8,2014-09-06,0328,Aqua,MODIS,59,6.2,293.3,55.6,D,0
-26.3685,151.907,312.9,1.3,1.1,2014-09-06,0330,Aqua,MODIS,63,6.2,298.8,10,D,0
-26.3585,151.9055,317.7,1.3,1.1,2014-09-06,0330,Aqua,MODIS,72,6.2,297.6,15.5,D,0
-26.2272,151.045,323.4,1.4,1.2,2014-09-06,0330,Aqua,MODIS,78,6.2,297.3,24.8,D,0
-26.2288,151.031,314.3,1.4,1.2,2014-09-06,0330,Aqua,MODIS,16,6.2,297.9,11.2,D,0
-26.2515,151.6172,318.3,1.3,1.1,2014-09-06,0330,Aqua,MODIS,72,6.2,303.2,10.9,D,0
-26.2531,151.6041,315.6,1.3,1.1,2014-09-06,0330,Aqua,MODIS,30,6.2,303.7,6.7,D,0
-26.5674,150.5617,318.3,1.5,1.2,2014-09-06,0330,Aqua,MODIS,57,6.2,302.4,16.1,D,0
-26.8388,152.2102,323.2,1.2,1.1,2014-09-06,0330,Aqua,MODIS,78,6.2,296.5,24.7,D,0
-26.2857,150.8213,312.1,1.4,1.2,2014-09-06,0330,Aqua,MODIS,55,6.2,296.5,10.4,D,0
-29.2677,149.4591,314.4,1.9,1.4,2014-09-06,0330,Aqua,MODIS,35,6.2,302,14.3,D,0
-25.6147,152.748,321.4,1.1,1.1,2014-09-06,0331,Aqua,MODIS,73,6.2,297.3,18,D,0
-23.0407,150.6313,328,1.4,1.2,2014-09-06,0331,Aqua,MODIS,78,6.2,297.7,33,D,0
-23.0423,150.618,317.5,1.4,1.2,2014-09-06,0331,Aqua,MODIS,60,6.2,298.1,15.4,D,0
-24.7508,151.431,328.6,1.3,1.1,2014-09-06,0331,Aqua,MODIS,81,6.2,296.6,30.8,D,0
-24.7525,151.4247,318,1.3,1.1,2014-09-06,0331,Aqua,MODIS,12,6.2,295,14.4,D,0
-24.7509,151.4373,328.6,1.3,1.1,2014-09-06,0331,Aqua,MODIS,78,6.2,298.3,30.5,D,0
-24.7595,151.445,328.9,1.3,1.1,2014-09-06,0331,Aqua,MODIS,55,6.2,298.8,28.9,D,0
-24.7494,151.4434,324.8,1.3,1.1,2014-09-06,0331,Aqua,MODIS,57,6.2,297.8,23.5,D,0
-24.7913,151.4372,315.7,1.3,1.1,2014-09-06,0331,Aqua,MODIS,41,6.2,296.6,11.7,D,0
-25.659,152.6287,324.1,1.1,1.1,2014-09-06,0331,Aqua,MODIS,77,6.2,300.5,20.7,D,0
-23.2866,150.6835,316.5,1.4,1.2,2014-09-06,0331,Aqua,MODIS,53,6.2,300.5,13.8,D,0
-25.4726,151.342,337.4,1.3,1.1,2014-09-06,0331,Aqua,MODIS,87,6.2,303,48.9,D,0
-25.471,151.3552,329.9,1.3,1.1,2014-09-06,0331,Aqua,MODIS,81,6.2,300,33.7,D,0
-24.9114,148.613,323,2,1.4,2014-09-06,0331,Aqua,MODIS,59,6.2,310.7,27.5,D,0
-25.0443,151.8556,323.2,1.2,1.1,2014-09-06,0331,Aqua,MODIS,75,6.2,296.3,20.6,D,0
-25.394,152.5581,315.4,1.1,1.1,2014-09-06,0331,Aqua,MODIS,61,6.2,299.7,11.1,D,0
-26.0073,152.6143,311.9,1.1,1.1,2014-09-06,0331,Aqua,MODIS,53,6.2,297.8,7.9,D,0
-23.6939,150.4071,316.6,1.4,1.2,2014-09-06,0331,Aqua,MODIS,53,6.2,300,14,D,0
-23.6955,150.3932,321.6,1.4,1.2,2014-09-06,0331,Aqua,MODIS,70,6.2,299.3,21,D,0
-23.6906,150.4013,324.6,1.4,1.2,2014-09-06,0331,Aqua,MODIS,66,6.2,300.7,25.8,D,0
-24.5863,151.2786,324.4,1.3,1.1,2014-09-06,0331,Aqua,MODIS,76,6.2,296.7,23.7,D,0
-25.4402,152.426,320.2,1.2,1.1,2014-09-06,0331,Aqua,MODIS,71,6.2,299.5,16.4,D,0
-25.9353,150.9289,314.6,1.4,1.2,2014-09-06,0331,Aqua,MODIS,60,6.2,298.5,13.1,D,0
-23.9158,149.3349,317.2,1.7,1.3,2014-09-06,0331,Aqua,MODIS,23,6.2,303.7,13.9,D,0
-22.4245,145.9368,318.5,2.8,1.6,2014-09-06,0332,Aqua,MODIS,53,6.2,303.9,28,D,0
-22.5069,145.5491,320.9,3,1.7,2014-09-06,0332,Aqua,MODIS,52,6.2,302.1,37.8,D,0
-22.4777,145.5391,322.5,3,1.7,2014-09-06,0332,Aqua,MODIS,61,6.2,304.3,46.9,D,0
-22.4265,145.9442,318.7,2.8,1.6,2014-09-06,0332,Aqua,MODIS,55,6.2,303.7,29.9,D,0
-18.8685,145.9443,320,2.5,1.5,2014-09-06,0333,Aqua,MODIS,65,6.2,295.3,58.2,D,0
-18.3803,145.4209,327.3,2.7,1.6,2014-09-06,0333,Aqua,MODIS,77,6.2,298.8,77,D,0
-18.3632,145.446,323.6,2.7,1.6,2014-09-06,0333,Aqua,MODIS,73,6.2,297.6,60.1,D,0
-18.349,145.4445,327.9,2.7,1.6,2014-09-06,0333,Aqua,MODIS,76,6.2,298.2,79.9,D,0
-18.3863,145.5009,318.8,2.7,1.6,2014-09-06,0333,Aqua,MODIS,44,6.2,298.1,41.8,D,0
-18.3918,145.4488,325.2,2.7,1.6,2014-09-06,0333,Aqua,MODIS,47,6.2,296.7,65.6,D,0
-18.389,145.4751,361.8,2.7,1.6,2014-09-06,0333,Aqua,MODIS,100,6.2,301.2,359.8,D,0
-18.366,145.4194,319,2.7,1.6,2014-09-06,0333,Aqua,MODIS,64,6.2,299.1,43,D,0
-18.392,145.4805,354.4,2.7,1.6,2014-09-06,0333,Aqua,MODIS,97,6.2,300.1,282.2,D,0
-18.3946,145.4542,334.8,2.7,1.6,2014-09-06,0333,Aqua,MODIS,85,6.2,296.8,122.5,D,0
-14.9136,145.1148,315.5,2.6,1.5,2014-09-06,0334,Aqua,MODIS,60,6.2,293.3,37,D,0
-15.5855,145.2838,323.8,2.6,1.5,2014-09-06,0334,Aqua,MODIS,71,6.2,294.1,63.2,D,0
-15.4965,145.1468,327.2,2.6,1.6,2014-09-06,0334,Aqua,MODIS,73,6.2,294.3,72.5,D,0
-15.5456,145.1321,328,2.6,1.6,2014-09-06,0334,Aqua,MODIS,80,6.2,296.5,72.8,D,0
-14.9275,145.1166,326,2.6,1.5,2014-09-06,0334,Aqua,MODIS,74,6.2,292.1,78.5,D,0
-15.4661,145.1107,319.4,2.6,1.6,2014-09-06,0334,Aqua,MODIS,44,6.2,293.4,47.3,D,0
-15.5596,145.1341,335.2,2.6,1.6,2014-09-06,0334,Aqua,MODIS,86,6.2,297.8,109.3,D,0
-12.6552,142.0062,317,4.2,1.9,2014-09-06,0334,Aqua,MODIS,60,6.2,296.2,50.7,D,0
-12.6581,142.0104,318.3,4.2,1.9,2014-09-06,0334,Aqua,MODIS,69,6.2,296.6,62,D,0
-15.4633,145.135,323.4,2.6,1.6,2014-09-06,0334,Aqua,MODIS,72,6.2,291.9,63.4,D,0
-15.4712,145.1187,323,2.6,1.6,2014-09-06,0334,Aqua,MODIS,56,6.2,294.4,61.3,D,0
-15.5554,145.1287,340.3,2.6,1.6,2014-09-06,0334,Aqua,MODIS,90,6.2,298.3,142.5,D,0
-15.4991,145.1231,332,2.6,1.6,2014-09-06,0334,Aqua,MODIS,84,6.2,295.9,97.7,D,0
-14.9218,145.1092,327.8,2.6,1.5,2014-09-06,0334,Aqua,MODIS,80,6.2,292.7,86.9,D,0
-13.2346,141.8315,311.4,4.4,1.9,2014-09-06,0334,Aqua,MODIS,25,6.2,294.6,30,D,0
-12.9138,141.8218,323.4,4.3,1.9,2014-09-06,0334,Aqua,MODIS,63,6.2,295.2,114.7,D,0
-12.8964,141.8196,325.4,4.3,1.9,2014-09-06,0334,Aqua,MODIS,52,6.2,295,127.7,D,0
-12.9117,141.8138,323.2,4.3,1.9,2014-09-06,0334,Aqua,MODIS,61,6.2,294.6,114.6,D,0
-12.8944,141.8117,322,4.3,1.9,2014-09-06,0334,Aqua,MODIS,33,6.2,294.1,99.6,D,0
-14.3001,143.3741,318.6,3.4,1.7,2014-09-06,0334,Aqua,MODIS,70,6.2,294.7,58.6,D,0
-14.3064,143.3707,321.6,3.4,1.7,2014-09-06,0334,Aqua,MODIS,74,6.2,294.2,74.8,D,0
-14.3034,143.3423,325,3.5,1.8,2014-09-06,0334,Aqua,MODIS,78,6.2,295.5,98.9,D,0
-14.31,143.3388,322.2,3.5,1.8,2014-09-06,0334,Aqua,MODIS,75,6.2,294.3,79.5,D,0
-15.5002,144.94,327.3,2.7,1.6,2014-09-06,0334,Aqua,MODIS,51,6.2,294.9,79.1,D,0
-15.6043,145.1157,342.4,2.6,1.6,2014-09-06,0334,Aqua,MODIS,91,6.2,299,164,D,0
-15.5067,144.9238,321.1,2.7,1.6,2014-09-06,0334,Aqua,MODIS,32,6.2,293.5,50.8,D,0
-15.5209,144.9259,320.6,2.7,1.6,2014-09-06,0334,Aqua,MODIS,35,6.2,294.8,49.2,D,0
-12.1866,143.0191,320.3,3.4,1.7,2014-09-06,0335,Aqua,MODIS,39,6.2,283.6,87.2,D,0
-12.2511,142.5239,328.4,3.8,1.8,2014-09-06,0335,Aqua,MODIS,81,6.2,295.7,128.2,D,0
-12.2538,142.5634,344.4,3.7,1.8,2014-09-06,0335,Aqua,MODIS,92,6.2,296.7,292.2,D,0
-11.8399,142.3826,317.5,3.8,1.8,2014-09-06,0335,Aqua,MODIS,68,6.2,285.3,81.5,D,0
-11.8439,142.348,318.8,3.8,1.8,2014-09-06,0335,Aqua,MODIS,66,6.2,292.2,85.7,D,0
-12.247,142.5583,334.2,3.7,1.8,2014-09-06,0335,Aqua,MODIS,86,6.2,294.5,182.5,D,0
-12.2576,142.5289,336,3.8,1.8,2014-09-06,0335,Aqua,MODIS,87,6.2,296.8,195.9,D,0
-35.421,144.961,304.2,3.8,1.8,2014-09-06,0506,Aqua,MODIS,47,6.2,290.8,30.7,D,0
-35.4158,144.9511,302.9,3.8,1.8,2014-09-06,0506,Aqua,MODIS,47,6.2,289.7,26.5,D,0
-35.2254,144.1248,310.2,3.5,1.8,2014-09-06,0506,Aqua,MODIS,63,6.2,291.2,48.7,D,0
-35.4281,144.3857,301.9,3.6,1.8,2014-09-06,0506,Aqua,MODIS,23,6.2,288.3,21.5,D,0
-37.5747,141.273,318.1,2,1.4,2014-09-06,0506,Aqua,MODIS,78,6.2,293.4,41.6,D,0
-37.5796,141.2507,328.7,2,1.4,2014-09-06,0506,Aqua,MODIS,86,6.2,293.7,72.4,D,0
-37.5738,141.2652,328.6,2,1.4,2014-09-06,0506,Aqua,MODIS,86,6.2,293.9,75.1,D,0
-35.4343,144.3927,307.5,3.6,1.8,2014-09-06,0506,Aqua,MODIS,46,6.2,289.2,40.2,D,0
-37.5785,141.2428,316.5,2,1.4,2014-09-06,0506,Aqua,MODIS,77,6.2,293.1,38.9,D,0
-23.0673,122.4528,380,2.3,1.5,2014-09-06,0510,Aqua,MODIS,100,6.2,315.3,472,D,0
-23.0807,122.4543,327.3,2.3,1.5,2014-09-06,0510,Aqua,MODIS,49,6.2,311.7,34.3,D,0
-22.2778,130.2192,326.5,1,1,2014-09-06,0510,Aqua,MODIS,54,6.2,314.4,7.4,D,0
-24.4114,119.9346,323.3,3.7,1.8,2014-09-06,0510,Aqua,MODIS,54,6.2,301.7,71.3,D,0
-23.0785,122.4378,346.4,2.3,1.5,2014-09-06,0510,Aqua,MODIS,91,6.2,314,133.2,D,0
-23.083,122.4312,329.9,2.3,1.5,2014-09-06,0510,Aqua,MODIS,70,6.2,313,43,D,0
-23.0696,122.4297,339.3,2.3,1.5,2014-09-06,0510,Aqua,MODIS,84,6.2,314.9,85.5,D,0
-22.3638,130.2008,328.3,1,1,2014-09-06,0510,Aqua,MODIS,65,6.2,315,9.7,D,0
-23.0764,122.4608,335,2.3,1.5,2014-09-06,0510,Aqua,MODIS,78,6.2,311.7,68.4,D,0
-24.4215,119.9055,322.1,3.7,1.8,2014-09-06,0510,Aqua,MODIS,52,6.2,300.8,61.2,D,0
-20.9138,135.3532,332.5,1.9,1.4,2014-09-06,0510,Aqua,MODIS,75,6.2,314.1,42.3,D,0
-20.9172,135.3349,337,1.9,1.4,2014-09-06,0510,Aqua,MODIS,81,6.2,313.3,59.2,D,0
-20.91,135.3451,341.9,1.9,1.4,2014-09-06,0510,Aqua,MODIS,86,6.2,314.5,82.7,D,0
-20.9133,135.3267,326.1,1.9,1.4,2014-09-06,0510,Aqua,MODIS,55,6.2,312,23.3,D,0
-24.7705,126.4219,339.9,1.3,1.1,2014-09-06,0510,Aqua,MODIS,85,6.2,313.6,38.8,D,0
-18.8627,128.5843,344.6,1,1,2014-09-06,0511,Aqua,MODIS,87,6.2,308.8,33.7,D,0
-18.8537,128.5828,444.9,1,1,2014-09-06,0511,Aqua,MODIS,100,6.2,330.8,629.9,D,0
-18.855,128.5734,439.4,1,1,2014-09-06,0511,Aqua,MODIS,100,6.2,332.8,565,D,0
-18.842,128.6003,349.4,1,1,2014-09-06,0511,Aqua,MODIS,92,6.2,310.9,41,D,0
-18.8433,128.5909,378.8,1,1,2014-09-06,0511,Aqua,MODIS,100,6.2,319.8,127.8,D,0
-22.1707,123.1112,339,2,1.4,2014-09-06,0511,Aqua,MODIS,78,6.2,316.9,63.1,D,0
-18.8523,128.5923,379.2,1,1,2014-09-06,0511,Aqua,MODIS,100,6.2,318.2,134.1,D,0
-18.8447,128.5814,446.4,1,1,2014-09-06,0511,Aqua,MODIS,100,6.2,337.2,644.3,D,0
-18.846,128.572,433.3,1,1,2014-09-06,0511,Aqua,MODIS,100,6.2,342.1,496.7,D,0
-18.8164,128.5865,352.1,1,1,2014-09-06,0511,Aqua,MODIS,91,6.2,324.4,41.3,D,0
-18.8357,128.58,340.3,1,1,2014-09-06,0511,Aqua,MODIS,47,6.2,320,19.7,D,0
-18.815,128.596,381,1,1,2014-09-06,0511,Aqua,MODIS,100,6.2,322.7,132.4,D,0
-18.8254,128.588,406,1,1,2014-09-06,0511,Aqua,MODIS,100,6.2,332,265.4,D,0
-18.837,128.5705,337.2,1,1,2014-09-06,0511,Aqua,MODIS,44,6.2,317.1,15.6,D,0
-21.2865,125.9473,382.3,1.3,1.1,2014-09-06,0511,Aqua,MODIS,100,6.2,328.1,199.2,D,0
-22.0113,119.6586,327.9,3.6,1.8,2014-09-06,0511,Aqua,MODIS,67,6.2,310.9,69.1,D,0
-18.833,128.5989,475,1,1,2014-09-06,0511,Aqua,MODIS,100,6.2,341.4,1071.9,D,0
-18.8343,128.5894,452.9,1,1,2014-09-06,0511,Aqua,MODIS,100,6.2,400.1,726.1,D,0
-22.0081,119.6943,332.7,3.6,1.8,2014-09-06,0511,Aqua,MODIS,76,6.2,311.9,106.5,D,0
-22.0023,119.6619,328,3.6,1.8,2014-09-06,0511,Aqua,MODIS,65,6.2,311.7,67.8,D,0
-21.9993,119.6976,328.4,3.6,1.8,2014-09-06,0511,Aqua,MODIS,68,6.2,311.9,68.7,D,0
-18.824,128.5974,405.3,1,1,2014-09-06,0511,Aqua,MODIS,100,6.2,323.4,261.9,D,0
-21.285,125.9596,359.2,1.3,1.1,2014-09-06,0511,Aqua,MODIS,99,6.2,321.3,87.5,D,0
-18.806,128.5946,352.4,1,1,2014-09-06,0511,Aqua,MODIS,94,6.2,321.5,43.5,D,0
-18.8074,128.5851,343,1,1,2014-09-06,0511,Aqua,MODIS,68,6.2,323.4,24.5,D,0
-21.2966,125.9487,377.2,1.3,1.1,2014-09-06,0511,Aqua,MODIS,100,6.2,320.9,169.7,D,0
-21.2951,125.9611,350.8,1.3,1.1,2014-09-06,0511,Aqua,MODIS,93,6.2,317.7,58.9,D,0
-22.1728,123.0913,337.1,2,1.4,2014-09-06,0511,Aqua,MODIS,0,6.2,316.5,54,D,0
-18.8613,128.5937,340.9,1,1,2014-09-06,0511,Aqua,MODIS,83,6.2,310.7,28.1,D,0
-18.1631,129.9742,333.1,1,1,2014-09-06,0511,Aqua,MODIS,50,6.2,315.4,12.1,D,0
-18.2316,130.0015,336.8,1,1,2014-09-06,0511,Aqua,MODIS,66,6.2,317.8,19.2,D,0
-18.3288,130.0344,366.5,1,1,2014-09-06,0511,Aqua,MODIS,100,6.2,308.6,95.5,D,0
-18.3303,130.0245,426.8,1,1,2014-09-06,0511,Aqua,MODIS,100,6.2,326.7,467.7,D,0
-18.3196,130.0329,363.1,1,1,2014-09-06,0511,Aqua,MODIS,100,6.2,314.6,83,D,0
-18.3211,130.023,384.9,1,1,2014-09-06,0511,Aqua,MODIS,100,6.2,325.8,166.6,D,0
-18.3119,130.0215,334.2,1,1,2014-09-06,0511,Aqua,MODIS,65,6.2,317.5,17.3,D,0
-18.3805,130.0027,343.5,1,1,2014-09-06,0511,Aqua,MODIS,82,6.2,313.6,32.2,D,0
-18.3699,130.011,355.1,1,1,2014-09-06,0511,Aqua,MODIS,90,6.2,313.2,58.1,D,0
-18.3714,130.0012,381.3,1,1,2014-09-06,0511,Aqua,MODIS,100,6.2,323.7,146.4,D,0
-18.3531,129.9981,337.4,1,1,2014-09-06,0511,Aqua,MODIS,61,6.2,317.4,18,D,0
-18.3758,129.9717,333.5,1,1,2014-09-06,0511,Aqua,MODIS,73,6.2,318.6,12.5,D,0
-18.3545,129.9883,346.6,1,1,2014-09-06,0511,Aqua,MODIS,90,6.2,318.9,33.3,D,0
-18.1708,129.9856,334.4,1,1,2014-09-06,0511,Aqua,MODIS,37,6.2,318.2,14.2,D,0
-19.6642,127.5198,339.7,1.1,1,2014-09-06,0511,Aqua,MODIS,79,6.2,321.9,21.6,D,0
-19.2802,130.8132,334.1,1.1,1,2014-09-06,0511,Aqua,MODIS,35,6.2,320.7,15.7,D,0
-19.2869,130.8102,380.2,1.1,1,2014-09-06,0511,Aqua,MODIS,100,6.2,323.8,148.4,D,0
-19.2853,130.8206,394.6,1.1,1,2014-09-06,0511,Aqua,MODIS,100,6.2,322.2,228.1,D,0
-19.2963,130.8119,369,1.1,1,2014-09-06,0511,Aqua,MODIS,100,6.2,321.6,102.8,D,0
-19.2947,130.8222,353.6,1.1,1,2014-09-06,0511,Aqua,MODIS,96,6.2,315.4,55.4,D,0
-19.3057,130.8135,334.2,1.1,1,2014-09-06,0511,Aqua,MODIS,61,6.2,316.8,16.6,D,0
-19.5777,127.4082,336.7,1.1,1,2014-09-06,0511,Aqua,MODIS,76,6.2,320.5,15.4,D,0
-19.6235,127.4729,334.4,1.1,1,2014-09-06,0511,Aqua,MODIS,64,6.2,322.2,12.2,D,0
-19.6222,127.4829,335.5,1.1,1,2014-09-06,0511,Aqua,MODIS,69,6.2,320.2,14.1,D,0
-19.6536,127.5284,336.1,1,1,2014-09-06,0511,Aqua,MODIS,26,6.2,321.7,14.4,D,0
-19.6628,127.5298,339.1,1,1,2014-09-06,0511,Aqua,MODIS,76,6.2,320.1,20.3,D,0
-20.5193,127.2998,333.7,1.1,1,2014-09-06,0511,Aqua,MODIS,54,6.2,320.9,13.3,D,0
-20.5247,127.3073,338.3,1.1,1,2014-09-06,0511,Aqua,MODIS,47,6.2,319.5,18.9,D,0
-20.5341,127.3087,349.8,1.1,1,2014-09-06,0511,Aqua,MODIS,92,6.2,318.4,43.1,D,0
-17.5605,135.0726,351.8,2.2,1.4,2014-09-06,0511,Aqua,MODIS,95,6.2,312.4,157.9,D,0
-17.5569,135.0927,328.1,2.2,1.4,2014-09-06,0511,Aqua,MODIS,72,6.2,311.3,36.8,D,0
-17.5399,134.9658,333.7,2.1,1.4,2014-09-06,0511,Aqua,MODIS,55,6.2,313.5,52.2,D,0
-17.53,134.8029,323.2,2.1,1.4,2014-09-06,0511,Aqua,MODIS,52,6.2,310.7,21.9,D,0
-17.5421,135.0276,326.7,2.1,1.4,2014-09-06,0511,Aqua,MODIS,34,6.2,311.5,29.8,D,0
-17.5585,135.0771,354.3,2.2,1.4,2014-09-06,0511,Aqua,MODIS,96,6.2,312.9,175.8,D,0
-17.5622,135.0571,325.7,2.1,1.4,2014-09-06,0511,Aqua,MODIS,31,6.2,311.5,26.4,D,0
-19.2693,130.822,339.1,1.1,1,2014-09-06,0511,Aqua,MODIS,72,6.2,317.6,25.2,D,0
-19.2786,130.8236,341.7,1.1,1,2014-09-06,0511,Aqua,MODIS,84,6.2,317.1,30.7,D,0
-17.338,134.7727,333.8,2.1,1.4,2014-09-06,0511,Aqua,MODIS,71,6.2,306.9,59.1,D,0
-17.3333,134.7845,331.4,2.1,1.4,2014-09-06,0511,Aqua,MODIS,56,6.2,308.4,45.6,D,0
-17.3604,134.9382,338.4,2.1,1.4,2014-09-06,0511,Aqua,MODIS,79,6.2,312.2,75,D,0
-17.3639,134.9185,361.8,2.1,1.4,2014-09-06,0511,Aqua,MODIS,100,6.2,313.1,224.2,D,0
-17.1173,134.6703,333.9,2.1,1.4,2014-09-06,0511,Aqua,MODIS,51,6.2,307.7,58.9,D,0
-17.0767,134.6768,329.2,2.1,1.4,2014-09-06,0511,Aqua,MODIS,36,6.2,308.3,40,D,0
-19.65,126.9879,349.8,1.1,1,2014-09-06,0511,Aqua,MODIS,92,6.2,321.7,43.8,D,0
-19.6436,126.991,339.4,1.1,1,2014-09-06,0511,Aqua,MODIS,80,6.2,321.4,24.2,D,0
-19.645,126.9806,335.1,1.1,1,2014-09-06,0511,Aqua,MODIS,71,6.2,319.2,16.5,D,0
-17.5266,134.8221,324.7,2.1,1.4,2014-09-06,0511,Aqua,MODIS,56,6.2,312,25.6,D,0
-17.3812,134.8208,352.8,2.1,1.4,2014-09-06,0511,Aqua,MODIS,96,6.2,307.1,159.2,D,0
-17.1456,134.6562,328.8,2,1.4,2014-09-06,0511,Aqua,MODIS,43,6.2,304.8,43.5,D,0
-17.114,134.6895,334.3,2.1,1.4,2014-09-06,0511,Aqua,MODIS,45,6.2,308.4,50.6,D,0
-17.0981,134.7062,336.7,2.1,1.4,2014-09-06,0511,Aqua,MODIS,80,6.2,309.8,57.9,D,0
-17.0858,134.6985,337.6,2.1,1.4,2014-09-06,0511,Aqua,MODIS,75,6.2,310.3,65.3,D,0
-17.517,135.1689,324.7,2.2,1.4,2014-09-06,0511,Aqua,MODIS,16,6.2,310.3,21.6,D,0
-17.5042,135.1664,388.5,2.2,1.4,2014-09-06,0511,Aqua,MODIS,100,6.2,317.2,552.5,D,0
-17.5078,135.1461,370.3,2.2,1.4,2014-09-06,0511,Aqua,MODIS,100,6.2,313.7,317.9,D,0
-17.4877,135.1843,338,2.2,1.4,2014-09-06,0511,Aqua,MODIS,80,6.2,310.6,75.2,D,0
-17.4914,135.1638,382.4,2.2,1.4,2014-09-06,0511,Aqua,MODIS,100,6.2,316.3,466.2,D,0
-17.495,135.1435,328.8,2.2,1.4,2014-09-06,0511,Aqua,MODIS,46,6.2,309.4,38.8,D,0
-17.4748,135.1818,372.5,2.2,1.4,2014-09-06,0511,Aqua,MODIS,100,6.2,313.9,347.2,D,0
-17.4785,135.1613,373.8,2.2,1.4,2014-09-06,0511,Aqua,MODIS,100,6.2,314.2,360.4,D,0
-17.462,135.1793,367.2,2.2,1.4,2014-09-06,0511,Aqua,MODIS,100,6.2,313.4,294.3,D,0
-17.4657,135.1589,323.1,2.2,1.4,2014-09-06,0511,Aqua,MODIS,15,6.2,310.4,21.4,D,0
-17.4596,135.1927,340.6,2.2,1.4,2014-09-06,0511,Aqua,MODIS,87,6.2,310.9,96.2,D,0
-17.4632,135.1721,349.9,2.2,1.4,2014-09-06,0511,Aqua,MODIS,94,6.2,313.2,152.5,D,0
-16.989,135.3133,328.8,2.3,1.5,2014-09-06,0511,Aqua,MODIS,65,6.2,311.1,37.9,D,0
-16.9759,135.3107,329.1,2.3,1.5,2014-09-06,0511,Aqua,MODIS,61,6.2,311.2,39,D,0
-16.9806,135.3065,327.7,2.3,1.5,2014-09-06,0511,Aqua,MODIS,35,6.2,311.3,33.1,D,0
-16.9918,135.449,326.8,2.4,1.5,2014-09-06,0511,Aqua,MODIS,59,6.2,313.2,31.4,D,0
-16.9878,135.4711,326.1,2.4,1.5,2014-09-06,0511,Aqua,MODIS,54,6.2,312.4,29.6,D,0
-18.5689,127.4714,330.9,1,1,2014-09-06,0511,Aqua,MODIS,46,6.2,315.7,11.6,D,0
-18.6341,127.457,364.7,1,1,2014-09-06,0511,Aqua,MODIS,100,6.2,315.7,86.5,D,0
-18.625,127.4556,395.6,1,1,2014-09-06,0511,Aqua,MODIS,100,6.2,322.3,220.7,D,0
-18.6158,127.4541,351.7,1,1,2014-09-06,0511,Aqua,MODIS,94,6.2,317.7,46,D,0
-17.0567,135.379,329,2.3,1.5,2014-09-06,0511,Aqua,MODIS,72,6.2,315.3,31.5,D,0
-21.6665,118.964,335.8,4.1,1.9,2014-09-06,0511,Aqua,MODIS,81,6.2,307.5,182.3,D,0
-21.6801,118.9617,326.3,4.1,1.9,2014-09-06,0511,Aqua,MODIS,61,6.2,305.5,89.6,D,0
-21.6632,118.96,328.4,4.1,1.9,2014-09-06,0511,Aqua,MODIS,66,6.2,307.8,100.2,D,0
-21.6696,118.9243,337.8,4.1,1.9,2014-09-06,0511,Aqua,MODIS,83,6.2,307.2,205.1,D,0
-21.6665,118.9204,331.5,4.1,1.9,2014-09-06,0511,Aqua,MODIS,75,6.2,307.6,129.3,D,0
-21.6495,118.9187,324.6,4.1,1.9,2014-09-06,0511,Aqua,MODIS,56,6.2,309.8,67.6,D,0
-17.3778,134.8402,386.7,2.1,1.4,2014-09-06,0511,Aqua,MODIS,100,6.2,312.3,491.6,D,0
-17.1529,134.7042,332.9,2.1,1.4,2014-09-06,0511,Aqua,MODIS,73,6.2,308.5,49.2,D,0
-17.1564,134.6851,343,2.1,1.4,2014-09-06,0511,Aqua,MODIS,89,6.2,309.1,101,D,0
-17.1598,134.6661,327.9,2,1.4,2014-09-06,0511,Aqua,MODIS,58,6.2,306.3,42.1,D,0
-17.1514,134.6967,343.9,2.1,1.4,2014-09-06,0511,Aqua,MODIS,89,6.2,309.1,98,D,0
-17.1547,134.6776,340.5,2.1,1.4,2014-09-06,0511,Aqua,MODIS,87,6.2,309.1,88.2,D,0
-17.1423,134.6752,337.1,2.1,1.4,2014-09-06,0511,Aqua,MODIS,78,6.2,307.2,72.6,D,0
-17.2877,134.8965,331.1,2.1,1.4,2014-09-06,0511,Aqua,MODIS,57,6.2,313.9,34,D,0
-17.2912,134.8769,367.3,2.1,1.4,2014-09-06,0511,Aqua,MODIS,100,6.2,314.6,264.8,D,0
-17.3709,134.8792,391.9,2.1,1.4,2014-09-06,0511,Aqua,MODIS,100,6.2,315.4,571.2,D,0
-17.3743,134.8596,366.1,2.1,1.4,2014-09-06,0511,Aqua,MODIS,100,6.2,312.4,260.8,D,0
-17.3652,134.8378,374.4,2.1,1.4,2014-09-06,0511,Aqua,MODIS,100,6.2,312.5,336.5,D,0
-17.3038,134.8793,335.5,2.1,1.4,2014-09-06,0511,Aqua,MODIS,82,6.2,310.9,52.5,D,0
-17.3674,134.8988,349.4,2.1,1.4,2014-09-06,0511,Aqua,MODIS,93,6.2,311.4,135.2,D,0
-17.3687,134.8184,375.8,2.1,1.4,2014-09-06,0511,Aqua,MODIS,100,6.2,313.3,353.4,D,0
-18.6355,127.4472,337.2,1,1,2014-09-06,0511,Aqua,MODIS,78,6.2,312.8,22,D,0
-18.6263,127.4457,393,1,1,2014-09-06,0511,Aqua,MODIS,100,6.2,322.5,206.4,D,0
-18.6171,127.4443,360.3,1,1,2014-09-06,0511,Aqua,MODIS,100,6.2,320.8,69.6,D,0
-18.608,127.4429,362.3,1,1,2014-09-06,0511,Aqua,MODIS,100,6.2,320,74.2,D,0
-18.6093,127.4331,341.5,1,1,2014-09-06,0511,Aqua,MODIS,59,6.2,316.8,25.9,D,0
-13.4298,135.39,325.3,2.8,1.6,2014-09-06,0512,Aqua,MODIS,65,6.2,301.5,59.3,D,0
-13.4343,135.3641,324,2.7,1.6,2014-09-06,0512,Aqua,MODIS,61,6.2,300.4,54.1,D,0
-13.2605,135.1421,326.1,2.7,1.6,2014-09-06,0512,Aqua,MODIS,61,6.2,303.8,42.9,D,0
-16.7603,134.9071,322.5,2.2,1.4,2014-09-06,0512,Aqua,MODIS,55,6.2,310.1,16.2,D,0
-16.7639,134.8869,326.6,2.2,1.4,2014-09-06,0512,Aqua,MODIS,68,6.2,310.1,30.3,D,0
-16.7608,134.9,327.3,2.2,1.4,2014-09-06,0512,Aqua,MODIS,70,6.2,310.2,32.8,D,0
-15.4561,134.8386,328.4,2.3,1.5,2014-09-06,0512,Aqua,MODIS,62,6.2,307.8,38.5,D,0
-14.6683,132.6894,330.7,1.6,1.3,2014-09-06,0512,Aqua,MODIS,45,6.2,312.1,25.4,D,0
-16.729,135.0062,335,2.2,1.4,2014-09-06,0512,Aqua,MODIS,66,6.2,310.5,60.7,D,0
-16.7062,134.9102,323.8,2.2,1.4,2014-09-06,0512,Aqua,MODIS,39,6.2,310.7,21.9,D,0
-16.7097,134.8901,355.6,2.2,1.4,2014-09-06,0512,Aqua,MODIS,97,6.2,310.5,187.1,D,0
-16.797,134.9983,324.5,2.2,1.4,2014-09-06,0512,Aqua,MODIS,63,6.2,309.1,22.4,D,0
-16.7381,135.0291,337.1,2.2,1.4,2014-09-06,0512,Aqua,MODIS,79,6.2,311.9,69.5,D,0
-16.7252,135.0269,335.7,2.2,1.4,2014-09-06,0512,Aqua,MODIS,63,6.2,313.9,60.6,D,0
-16.7396,135.0223,339.4,2.2,1.4,2014-09-06,0512,Aqua,MODIS,82,6.2,310.8,80.4,D,0
-16.7267,135.0199,338,2.2,1.4,2014-09-06,0512,Aqua,MODIS,82,6.2,313.4,73.6,D,0
-13.2562,135.1663,323.3,2.7,1.6,2014-09-06,0512,Aqua,MODIS,48,6.2,305.5,31,D,0
-13.5646,133.3027,335.2,1.9,1.3,2014-09-06,0512,Aqua,MODIS,81,6.2,311.4,50.3,D,0
-17.273,131.2293,328,1.2,1.1,2014-09-06,0512,Aqua,MODIS,58,6.2,315.8,9.4,D,0
-16.9281,135.2965,331.7,2.3,1.5,2014-09-06,0512,Aqua,MODIS,77,6.2,311.7,52.1,D,0
-16.8665,135.2623,333.9,2.3,1.5,2014-09-06,0512,Aqua,MODIS,62,6.2,314,53.1,D,0
-16.9413,135.299,335.6,2.3,1.5,2014-09-06,0512,Aqua,MODIS,82,6.2,313,70.9,D,0
-16.8525,135.2742,332.6,2.3,1.5,2014-09-06,0512,Aqua,MODIS,41,6.2,313.1,50.2,D,0
-16.6052,136.8915,328.1,3.1,1.7,2014-09-06,0512,Aqua,MODIS,65,6.2,307.4,67.1,D,0
-16.6106,136.863,327.1,3.1,1.7,2014-09-06,0512,Aqua,MODIS,66,6.2,308.3,60.8,D,0
-16.606,136.884,330.1,3.1,1.7,2014-09-06,0512,Aqua,MODIS,63,6.2,307.9,74.7,D,0
-15.5408,134.7329,356.8,2.2,1.4,2014-09-06,0512,Aqua,MODIS,98,6.2,309.3,205.2,D,0
-14.6633,132.7195,332.1,1.6,1.3,2014-09-06,0512,Aqua,MODIS,68,6.2,313.3,25.2,D,0
-14.6658,132.7044,329.2,1.6,1.3,2014-09-06,0512,Aqua,MODIS,52,6.2,312.8,20,D,0
-14.657,132.6875,337,1.6,1.3,2014-09-06,0512,Aqua,MODIS,61,6.2,314,41.6,D,0
-14.6692,132.0674,329.8,1.5,1.2,2014-09-06,0512,Aqua,MODIS,45,6.2,315.7,15.9,D,0
-14.6714,132.0538,337.5,1.5,1.2,2014-09-06,0512,Aqua,MODIS,81,6.2,316.3,33.7,D,0
-14.6659,132.0599,335.3,1.5,1.2,2014-09-06,0512,Aqua,MODIS,78,6.2,317.2,28.7,D,0
-15.4131,134.8528,325.1,2.3,1.5,2014-09-06,0512,Aqua,MODIS,51,6.2,308.1,25.1,D,0
-15.6137,130.3819,338.5,1.1,1.1,2014-09-06,0512,Aqua,MODIS,71,6.2,317.8,23,D,0
-15.6154,130.3713,342.9,1.1,1.1,2014-09-06,0512,Aqua,MODIS,86,6.2,319.9,30.6,D,0
-15.5169,134.7926,328.8,2.3,1.5,2014-09-06,0512,Aqua,MODIS,30,6.2,308.2,35.8,D,0
-15.5444,134.7125,339.3,2.2,1.4,2014-09-06,0512,Aqua,MODIS,86,6.2,303.6,92.5,D,0
-15.5279,134.7304,348.3,2.2,1.4,2014-09-06,0512,Aqua,MODIS,93,6.2,307.2,143.3,D,0
-15.5315,134.71,333.5,2.2,1.4,2014-09-06,0512,Aqua,MODIS,76,6.2,304.5,64.2,D,0
-18.1054,123.8425,337.6,1.6,1.2,2014-09-06,0512,Aqua,MODIS,78,6.2,316.7,37.2,D,0
-13.1608,135.5371,320.9,2.9,1.6,2014-09-06,0512,Aqua,MODIS,50,6.2,298.2,38.5,D,0
-13.4073,135.1079,326,2.6,1.6,2014-09-06,0512,Aqua,MODIS,53,6.2,310.1,36.5,D,0
-18.1417,123.8222,332.9,1.6,1.2,2014-09-06,0512,Aqua,MODIS,53,6.2,315.4,25.1,D,0
-13.4464,135.2124,321.2,2.7,1.6,2014-09-06,0512,Aqua,MODIS,40,6.2,303.2,36,D,0
-13.2476,135.2154,334.4,2.7,1.6,2014-09-06,0512,Aqua,MODIS,82,6.2,304.3,88.4,D,0
-15.8441,130.4933,331.7,1.1,1.1,2014-09-06,0512,Aqua,MODIS,64,6.2,318.2,12.7,D,0
-13.3645,135.5094,320.6,2.8,1.6,2014-09-06,0512,Aqua,MODIS,34,6.2,301.3,33.9,D,0
-16.8347,134.9269,336.8,2.2,1.4,2014-09-06,0512,Aqua,MODIS,81,6.2,308.1,69.6,D,0
-16.8333,134.9424,326.2,2.2,1.4,2014-09-06,0512,Aqua,MODIS,45,6.2,309,27.1,D,0
-16.8369,134.9222,327.2,2.2,1.4,2014-09-06,0512,Aqua,MODIS,58,6.2,307.8,31.8,D,0
-14.5107,134.6148,323.8,2.3,1.5,2014-09-06,0512,Aqua,MODIS,31,6.2,308.5,23.2,D,0
-15.4463,135.6906,324.6,2.6,1.6,2014-09-06,0512,Aqua,MODIS,64,6.2,302.6,42.7,D,0
-14.3101,133.6396,330,1.9,1.4,2014-09-06,0512,Aqua,MODIS,66,6.2,315,26.2,D,0
-16.2278,136.6078,329.1,3,1.6,2014-09-06,0512,Aqua,MODIS,74,6.2,307,66.8,D,0
-15.5924,135.8807,327,2.7,1.6,2014-09-06,0512,Aqua,MODIS,62,6.2,304,55.1,D,0
-14.2696,135.0314,333,2.5,1.5,2014-09-06,0512,Aqua,MODIS,79,6.2,308.4,70.7,D,0
-14.5072,134.6356,330.1,2.3,1.5,2014-09-06,0512,Aqua,MODIS,75,6.2,308.9,47.3,D,0
-14.5203,134.6382,329.5,2.3,1.5,2014-09-06,0512,Aqua,MODIS,71,6.2,311,43.9,D,0
-16.2227,136.6352,330.7,3,1.6,2014-09-06,0512,Aqua,MODIS,76,6.2,308.4,76.4,D,0
-14.5196,134.6215,330.2,2.3,1.5,2014-09-06,0512,Aqua,MODIS,75,6.2,308,46.4,D,0
-15.442,135.7143,334.8,2.7,1.6,2014-09-06,0512,Aqua,MODIS,82,6.2,301.9,99.5,D,0
-15.5947,135.8861,324.2,2.7,1.6,2014-09-06,0512,Aqua,MODIS,62,6.2,303.2,44.1,D,0
-14.6478,134.6525,356,2.3,1.5,2014-09-06,0512,Aqua,MODIS,97,6.2,306.6,206.6,D,0
-15.5853,135.8584,321.8,2.7,1.6,2014-09-06,0512,Aqua,MODIS,32,6.2,303.4,32.7,D,0
-14.6347,134.6504,324.5,2.3,1.5,2014-09-06,0512,Aqua,MODIS,45,6.2,304.4,26.9,D,0
-15.7773,136.3181,322.6,2.9,1.6,2014-09-06,0512,Aqua,MODIS,44,6.2,301.2,44.7,D,0
-15.5968,135.8556,322.9,2.7,1.6,2014-09-06,0512,Aqua,MODIS,27,6.2,303.1,35.8,D,0
-15.5002,134.8109,325.6,2.3,1.5,2014-09-06,0512,Aqua,MODIS,46,6.2,307.9,27.7,D,0
-15.7918,136.321,337.1,2.9,1.6,2014-09-06,0512,Aqua,MODIS,84,6.2,302.1,129.5,D,0
-15.7903,136.3127,335.3,2.9,1.6,2014-09-06,0512,Aqua,MODIS,82,6.2,301.1,116.4,D,0
-16.1063,136.5993,321.7,3,1.6,2014-09-06,0512,Aqua,MODIS,39,6.2,306.5,31.2,D,0
-15.4388,135.7089,333.5,2.7,1.6,2014-09-06,0512,Aqua,MODIS,80,6.2,302.4,89.3,D,0
-14.2617,135.0348,338.4,2.5,1.5,2014-09-06,0512,Aqua,MODIS,85,6.2,307.1,101.8,D,0
-15.5993,135.8611,323.7,2.7,1.6,2014-09-06,0512,Aqua,MODIS,60,6.2,302.8,42.8,D,0
-16.1066,136.6071,321.2,3,1.6,2014-09-06,0512,Aqua,MODIS,41,6.2,306.7,31.6,D,0
-14.5159,134.6422,333.2,2.3,1.5,2014-09-06,0512,Aqua,MODIS,79,6.2,310.9,58.8,D,0
-15.7935,135.8856,335.6,2.7,1.6,2014-09-06,0512,Aqua,MODIS,82,6.2,300.2,95,D,0
-14.6442,134.6733,332.9,2.3,1.5,2014-09-06,0512,Aqua,MODIS,79,6.2,306.7,59.7,D,0
-14.6976,134.8884,324.6,2.4,1.5,2014-09-06,0512,Aqua,MODIS,60,6.2,302.9,36.5,D,0
-14.7846,134.6913,325.3,2.3,1.5,2014-09-06,0512,Aqua,MODIS,43,6.2,308.7,29.8,D,0
-14.6311,134.671,337.4,2.3,1.5,2014-09-06,0512,Aqua,MODIS,84,6.2,308.3,82.3,D,0
-14.8605,134.7763,325.1,2.3,1.5,2014-09-06,0512,Aqua,MODIS,34,6.2,308.7,23.4,D,0
-16.6095,123.6692,331.7,1.6,1.2,2014-09-06,0512,Aqua,MODIS,77,6.2,307.7,36.3,D,0
-16.3119,128.0975,335.3,1,1,2014-09-06,0512,Aqua,MODIS,53,6.2,316.2,15.2,D,0
-16.3105,128.1068,341.7,1,1,2014-09-06,0512,Aqua,MODIS,85,6.2,318.1,25.1,D,0
-16.7038,124.0035,327.1,1.5,1.2,2014-09-06,0512,Aqua,MODIS,63,6.2,314,12,D,0
-15.7121,128.1803,327.4,1,1,2014-09-06,0512,Aqua,MODIS,30,6.2,314.6,6,D,0
-17.7932,122.7924,348.6,1.9,1.3,2014-09-06,0512,Aqua,MODIS,92,6.2,310,102.9,D,0
-17.7882,122.7848,366,1.9,1.3,2014-09-06,0512,Aqua,MODIS,100,6.2,310.5,213.2,D,0
-17.7903,122.7671,348.2,1.9,1.3,2014-09-06,0512,Aqua,MODIS,91,6.2,311.7,100.5,D,0
-16.4141,124.045,330.3,1.5,1.2,2014-09-06,0512,Aqua,MODIS,65,6.2,310.4,28.4,D,0
-16.4124,124.0587,348.7,1.5,1.2,2014-09-06,0512,Aqua,MODIS,93,6.2,309,81.5,D,0
-15.6632,128.2011,330.1,1,1,2014-09-06,0512,Aqua,MODIS,49,6.2,315.7,6.5,D,0
-15.6722,128.2025,343.2,1,1,2014-09-06,0512,Aqua,MODIS,87,6.2,317.6,26.4,D,0
-15.6708,128.2118,335.4,1,1,2014-09-06,0512,Aqua,MODIS,71,6.2,314.5,14.1,D,0
-17.8409,123.0657,329.7,1.8,1.3,2014-09-06,0512,Aqua,MODIS,36,6.2,313.1,24,D,0
-16.4622,124.1266,325.2,1.4,1.2,2014-09-06,0512,Aqua,MODIS,36,6.2,309.3,17,D,0
-17.8684,123.0349,350.4,1.8,1.3,2014-09-06,0512,Aqua,MODIS,93,6.2,315.6,106.4,D,0
-17.8606,123.0461,330,1.8,1.3,2014-09-06,0512,Aqua,MODIS,19,6.2,314.3,22.6,D,0
-17.7952,122.7748,370,1.9,1.3,2014-09-06,0512,Aqua,MODIS,100,6.2,314.4,246.3,D,0
-16.4971,124.0203,330.1,1.5,1.2,2014-09-06,0512,Aqua,MODIS,74,6.2,311.4,22.4,D,0
-16.5461,123.7129,330.7,1.5,1.2,2014-09-06,0512,Aqua,MODIS,75,6.2,309.3,31.8,D,0
-16.5643,123.6568,322.6,1.6,1.2,2014-09-06,0512,Aqua,MODIS,47,6.2,307.1,17.5,D,0
-17.7972,122.7571,333.1,1.9,1.3,2014-09-06,0512,Aqua,MODIS,63,6.2,311.2,36.7,D,0
-17.8024,122.7686,332.4,1.9,1.3,2014-09-06,0512,Aqua,MODIS,62,6.2,313,33.7,D,0
-17.8665,123.0518,354.9,1.8,1.3,2014-09-06,0512,Aqua,MODIS,96,6.2,313.8,130.1,D,0
-16.5444,123.727,330.3,1.5,1.2,2014-09-06,0512,Aqua,MODIS,75,6.2,308.5,29.7,D,0
-16.4874,124.1849,348.2,1.4,1.2,2014-09-06,0512,Aqua,MODIS,92,6.2,309.1,76.7,D,0
-16.4247,124.0473,334,1.5,1.2,2014-09-06,0512,Aqua,MODIS,76,6.2,309.5,32.7,D,0
-16.423,124.061,367.5,1.5,1.2,2014-09-06,0512,Aqua,MODIS,100,6.2,310.3,162.4,D,0
-16.4304,124.0892,332,1.4,1.2,2014-09-06,0512,Aqua,MODIS,77,6.2,309.2,32.1,D,0
-16.4975,124.1044,327.2,1.4,1.2,2014-09-06,0512,Aqua,MODIS,51,6.2,309.9,20.9,D,0
-14.3462,132.4104,330.2,1.6,1.2,2014-09-06,0512,Aqua,MODIS,62,6.2,315.2,23,D,0
-13.7757,132.3784,331.5,1.6,1.2,2014-09-06,0512,Aqua,MODIS,62,6.2,311.9,28.8,D,0
-13.7782,132.3636,328.8,1.6,1.2,2014-09-06,0512,Aqua,MODIS,49,6.2,313,18.5,D,0
-14.2263,132.984,337,1.7,1.3,2014-09-06,0512,Aqua,MODIS,83,6.2,313,51.3,D,0
-14.229,132.9681,339.8,1.7,1.3,2014-09-06,0512,Aqua,MODIS,85,6.2,312.5,61.7,D,0
-14.2313,132.9793,340,1.7,1.3,2014-09-06,0512,Aqua,MODIS,85,6.2,311.5,59.9,D,0
-13.7773,132.3729,338.4,1.6,1.2,2014-09-06,0512,Aqua,MODIS,83,6.2,312.4,47.9,D,0
-15.4297,128.8592,332.2,1,1,2014-09-06,0512,Aqua,MODIS,69,6.2,318.4,13.8,D,0
-17.9881,128.0085,339.5,1,1,2014-09-06,0512,Aqua,MODIS,62,6.2,317.6,22.2,D,0
-17.9894,127.9991,362.1,1,1,2014-09-06,0512,Aqua,MODIS,100,6.2,318.4,73.1,D,0
-14.5206,129.9601,332,1.1,1.1,2014-09-06,0512,Aqua,MODIS,65,6.2,312.8,13.8,D,0
-17.9868,128.018,340.4,1,1,2014-09-06,0512,Aqua,MODIS,75,6.2,317.9,24.6,D,0
-17.9855,128.0274,327.8,1,1,2014-09-06,0512,Aqua,MODIS,12,6.2,314.2,7.1,D,0
-15.6058,130.3698,335.6,1.1,1.1,2014-09-06,0512,Aqua,MODIS,66,6.2,319.3,17.8,D,0
-17.9778,128.0166,338.8,1,1,2014-09-06,0512,Aqua,MODIS,63,6.2,317.8,20.9,D,0
-15.9129,130.4286,336.3,1.1,1.1,2014-09-06,0512,Aqua,MODIS,78,6.2,316,24.2,D,0
-15.9113,130.4392,332.8,1.1,1.1,2014-09-06,0512,Aqua,MODIS,58,6.2,316.9,16.4,D,0
-14.1044,132.2749,328.3,1.6,1.2,2014-09-06,0512,Aqua,MODIS,59,6.2,315.5,16,D,0
-17.9804,127.9977,331.8,1,1,2014-09-06,0512,Aqua,MODIS,31,6.2,317.4,10.9,D,0
-16.3208,128.0989,352.6,1,1,2014-09-06,0512,Aqua,MODIS,95,6.2,316.7,47.9,D,0
-13.8436,135.2896,326.3,2.7,1.6,2014-09-06,0512,Aqua,MODIS,47,6.2,305.7,45.2,D,0
-13.8478,135.2652,332,2.6,1.6,2014-09-06,0512,Aqua,MODIS,65,6.2,305.9,78.3,D,0
-13.6703,135.174,329.5,2.6,1.6,2014-09-06,0512,Aqua,MODIS,60,6.2,303.1,60.4,D,0
-15.5307,133.1117,345.4,1.7,1.3,2014-09-06,0512,Aqua,MODIS,90,6.2,314.1,72.7,D,0
-13.8538,135.5006,328.3,2.8,1.6,2014-09-06,0512,Aqua,MODIS,67,6.2,302.8,65.6,D,0
-15.579,133.1043,338,1.7,1.3,2014-09-06,0512,Aqua,MODIS,83,6.2,310,49.4,D,0
-14.1819,132.2214,342,1.5,1.2,2014-09-06,0512,Aqua,MODIS,76,6.2,314.1,52.5,D,0
-13.8989,135.3631,333.9,2.7,1.6,2014-09-06,0512,Aqua,MODIS,80,6.2,303.2,104,D,0
-13.8941,135.3547,335.4,2.7,1.6,2014-09-06,0512,Aqua,MODIS,82,6.2,302.5,113.6,D,0
-13.8716,135.4003,344.6,2.7,1.6,2014-09-06,0512,Aqua,MODIS,90,6.2,305.4,165.9,D,0
-13.8759,135.3762,336.8,2.7,1.6,2014-09-06,0512,Aqua,MODIS,83,6.2,303,112,D,0
-13.8575,135.3979,337.6,2.7,1.6,2014-09-06,0512,Aqua,MODIS,84,6.2,304.2,113.2,D,0
-13.8618,135.3736,328.6,2.7,1.6,2014-09-06,0512,Aqua,MODIS,66,6.2,302.8,60.3,D,0
-14.1842,132.2074,355,1.5,1.2,2014-09-06,0512,Aqua,MODIS,97,6.2,313.6,102.7,D,0
-15.6145,133.0308,330.4,1.7,1.3,2014-09-06,0512,Aqua,MODIS,54,6.2,310.1,29.9,D,0
-13.8584,135.4751,333.3,2.7,1.6,2014-09-06,0512,Aqua,MODIS,79,6.2,302.5,93,D,0
-15.5281,133.1273,339,1.7,1.3,2014-09-06,0512,Aqua,MODIS,79,6.2,312.3,48.7,D,0
-15.6016,133.0352,335.6,1.7,1.3,2014-09-06,0512,Aqua,MODIS,81,6.2,310.5,45.2,D,0
-15.5712,133.1513,328.6,1.7,1.3,2014-09-06,0512,Aqua,MODIS,51,6.2,314.7,20.7,D,0
-13.5676,133.2854,328.3,1.9,1.3,2014-09-06,0512,Aqua,MODIS,42,6.2,310.9,25.5,D,0
-16.2429,136.6184,324.1,3,1.6,2014-09-06,0512,Aqua,MODIS,63,6.2,307.7,32.4,D,0
-15.6156,133.0219,328.7,1.7,1.3,2014-09-06,0512,Aqua,MODIS,68,6.2,309.3,28.7,D,0
-15.613,133.0372,332.1,1.7,1.3,2014-09-06,0512,Aqua,MODIS,76,6.2,310.7,37,D,0
-13.6666,135.1677,327.3,2.6,1.6,2014-09-06,0512,Aqua,MODIS,48,6.2,302.6,48.2,D,0
-13.6624,135.1923,334.6,2.6,1.6,2014-09-06,0512,Aqua,MODIS,78,6.2,304,88.3,D,0
-13.6582,135.2165,332.5,2.6,1.6,2014-09-06,0512,Aqua,MODIS,73,6.2,304.6,79.7,D,0
-14.184,132.2015,333.3,1.5,1.2,2014-09-06,0512,Aqua,MODIS,48,6.2,310.9,25.9,D,0
-15.6031,133.0287,332,1.7,1.3,2014-09-06,0512,Aqua,MODIS,75,6.2,310.2,32.9,D,0
-13.8397,135.4979,321.6,2.8,1.6,2014-09-06,0512,Aqua,MODIS,39,6.2,304.1,30.7,D,0
-15.5738,133.1356,337,1.7,1.3,2014-09-06,0512,Aqua,MODIS,82,6.2,314,44.3,D,0
-13.8556,135.2469,327.9,2.6,1.6,2014-09-06,0512,Aqua,MODIS,45,6.2,302,62.8,D,0
-13.8519,135.2414,325.2,2.6,1.6,2014-09-06,0512,Aqua,MODIS,27,6.2,302.7,49,D,0
-13.8513,135.2709,342.4,2.6,1.6,2014-09-06,0512,Aqua,MODIS,88,6.2,305.3,146.3,D,0
-15.5166,133.1252,348.3,1.7,1.3,2014-09-06,0512,Aqua,MODIS,92,6.2,315.4,86,D,0
-14.1818,132.2156,351.2,1.5,1.2,2014-09-06,0512,Aqua,MODIS,94,6.2,315.5,85.1,D,0
-13.6616,135.2225,327.8,2.6,1.6,2014-09-06,0512,Aqua,MODIS,54,6.2,305.1,54.9,D,0
-15.6006,133.0441,326.3,1.7,1.3,2014-09-06,0512,Aqua,MODIS,33,6.2,310.5,17,D,0
-13.6659,135.1985,340.3,2.6,1.6,2014-09-06,0512,Aqua,MODIS,86,6.2,304.4,123.2,D,0
-15.5193,133.1096,331.7,1.7,1.3,2014-09-06,0512,Aqua,MODIS,53,6.2,316.9,25.7,D,0
-16.1817,136.773,332,3.1,1.7,2014-09-06,0512,Aqua,MODIS,78,6.2,307.2,96.9,D,0
-13.8006,135.2065,326.8,2.6,1.6,2014-09-06,0512,Aqua,MODIS,59,6.2,304.5,50.6,D,0
-16.1965,136.776,324.6,3.1,1.7,2014-09-06,0512,Aqua,MODIS,49,6.2,306.7,51.8,D,0
-13.8576,135.2923,327.7,2.7,1.6,2014-09-06,0512,Aqua,MODIS,42,6.2,302.6,57.2,D,0
-16.2425,136.6108,334.7,3,1.6,2014-09-06,0512,Aqua,MODIS,81,6.2,307.7,100.9,D,0
-15.5764,133.1199,335.3,1.7,1.3,2014-09-06,0512,Aqua,MODIS,70,6.2,312,38.6,D,0
-13.8617,135.268,329.1,2.6,1.6,2014-09-06,0512,Aqua,MODIS,51,6.2,300.8,67.8,D,0
-11.2672,132.4596,332.6,1.8,1.3,2014-09-06,0513,Aqua,MODIS,73,6.2,299.5,46.9,D,0
-13.4611,132.5448,327.4,1.7,1.3,2014-09-06,0513,Aqua,MODIS,51,6.2,310.7,18.8,D,0
-13.4472,132.5582,328.1,1.7,1.3,2014-09-06,0513,Aqua,MODIS,52,6.2,310.9,20.6,D,0
-13.4808,130.8013,340.3,1.3,1.1,2014-09-06,0513,Aqua,MODIS,85,6.2,314.1,31.7,D,0
-13.4813,130.808,332.2,1.3,1.1,2014-09-06,0513,Aqua,MODIS,34,6.2,313.8,13.3,D,0
-13.6933,131.8994,331.4,1.5,1.2,2014-09-06,0513,Aqua,MODIS,71,6.2,313.7,21.3,D,0
-11.5482,132.8444,322,1.9,1.3,2014-09-06,0513,Aqua,MODIS,47,6.2,304.1,21.2,D,0
-13.5869,130.7185,330.7,1.3,1.1,2014-09-06,0513,Aqua,MODIS,60,6.2,315,12.9,D,0
-12.7414,132.1563,327.1,1.6,1.3,2014-09-06,0513,Aqua,MODIS,42,6.2,312.1,19.2,D,0
-13.4712,130.8063,338.7,1.3,1.1,2014-09-06,0513,Aqua,MODIS,63,6.2,316.7,26.5,D,0
-12.9633,131.925,334.6,1.5,1.2,2014-09-06,0513,Aqua,MODIS,80,6.2,314.9,28,D,0
-12.2532,134.7593,324,2.6,1.5,2014-09-06,0513,Aqua,MODIS,57,6.2,299.6,52.6,D,0
-12.1371,136.4768,317.9,3.5,1.8,2014-09-06,0513,Aqua,MODIS,36,6.2,296.4,48.5,D,0
-13.3847,132.5262,326.3,1.7,1.3,2014-09-06,0513,Aqua,MODIS,47,6.2,311,19.4,D,0
-13.5211,132.532,326.5,1.7,1.3,2014-09-06,0513,Aqua,MODIS,53,6.2,311.4,17.8,D,0
-13.0051,131.8745,372.4,1.5,1.2,2014-09-06,0513,Aqua,MODIS,100,6.2,312.5,198.6,D,0
-13.0654,132.0077,330.2,1.6,1.2,2014-09-06,0513,Aqua,MODIS,73,6.2,315.2,17.5,D,0
-11.2741,132.4678,333,1.8,1.3,2014-09-06,0513,Aqua,MODIS,76,6.2,300.3,45.4,D,0
-11.2768,132.4514,328.8,1.8,1.3,2014-09-06,0513,Aqua,MODIS,63,6.2,301.4,33.6,D,0
-12.7438,132.1416,331,1.6,1.2,2014-09-06,0513,Aqua,MODIS,72,6.2,308.7,30.4,D,0
-13.4063,130.7596,331,1.3,1.1,2014-09-06,0513,Aqua,MODIS,60,6.2,316.1,13.2,D,0
-13.0029,131.8885,343.1,1.5,1.2,2014-09-06,0513,Aqua,MODIS,88,6.2,312.7,56,D,0
-13.4586,132.5601,335.7,1.7,1.3,2014-09-06,0513,Aqua,MODIS,81,6.2,310,42.8,D,0
-13.6486,129.8578,325.9,1.1,1.1,2014-09-06,0513,Aqua,MODIS,47,6.2,307.6,13.2,D,0
-11.7767,130.5123,320,1.3,1.1,2014-09-06,0513,Aqua,MODIS,55,6.2,304.1,8.5,D,0
-13.9884,130.3647,354.5,1.2,1.1,2014-09-06,0513,Aqua,MODIS,96,6.2,316.1,64.1,D,0
-13.9867,130.3757,346,1.2,1.1,2014-09-06,0513,Aqua,MODIS,90,6.2,315.8,40.4,D,0
-13.6581,129.8594,340.1,1.1,1.1,2014-09-06,0513,Aqua,MODIS,85,6.2,308.4,37.3,D,0
-13.6676,129.8609,339.8,1.1,1.1,2014-09-06,0513,Aqua,MODIS,85,6.2,305,37.9,D,0
-11.7784,130.5057,319.4,1.3,1.1,2014-09-06,0513,Aqua,MODIS,24,6.2,304,8,D,0
-13.2303,134.1818,328.9,2.2,1.5,2014-09-06,0513,Aqua,MODIS,66,6.2,309.8,39.3,D,0
-12.93,136.2305,320.4,3.3,1.7,2014-09-06,0513,Aqua,MODIS,55,6.2,297.1,61.7,D,0
-12.9252,136.2349,321.9,3.3,1.7,2014-09-06,0513,Aqua,MODIS,61,6.2,297.2,70,D,0
-12.6355,132.3174,324.6,1.7,1.3,2014-09-06,0513,Aqua,MODIS,44,6.2,308.5,16.2,D,0
-12.6316,132.2699,326.8,1.7,1.3,2014-09-06,0513,Aqua,MODIS,30,6.2,309.9,19.8,D,0
-12.4779,132.1541,327.3,1.6,1.3,2014-09-06,0513,Aqua,MODIS,67,6.2,303.4,28.9,D,0
-13.2019,134.2758,322.7,2.3,1.5,2014-09-06,0513,Aqua,MODIS,41,6.2,308.3,19.9,D,0
-12.1347,134.2139,322.1,2.4,1.5,2014-09-06,0513,Aqua,MODIS,49,6.2,296.6,39,D,0
-11.9438,133.5521,325.3,2.1,1.4,2014-09-06,0513,Aqua,MODIS,51,6.2,299.9,30.9,D,0
-11.9565,133.5542,332.5,2.1,1.4,2014-09-06,0513,Aqua,MODIS,79,6.2,303.4,55.7,D,0
-11.9598,133.5351,323.5,2.1,1.4,2014-09-06,0513,Aqua,MODIS,50,6.2,300.8,21.3,D,0
-12.3056,133.9759,328,2.3,1.5,2014-09-06,0513,Aqua,MODIS,72,6.2,300.3,49.8,D,0
-12.3075,133.9685,327.6,2.3,1.5,2014-09-06,0513,Aqua,MODIS,71,6.2,299.9,49.3,D,0
-13.1467,135.3428,323.1,2.8,1.6,2014-09-06,0513,Aqua,MODIS,53,6.2,300.2,37.8,D,0
-12.2401,133.4208,326,2.1,1.4,2014-09-06,0513,Aqua,MODIS,35,6.2,307.1,21.4,D,0
-12.7473,135.1925,329.9,2.7,1.6,2014-09-06,0513,Aqua,MODIS,77,6.2,303.9,65.5,D,0
-12.7451,135.1874,328.7,2.7,1.6,2014-09-06,0513,Aqua,MODIS,76,6.2,304.2,56.4,D,0
-12.2365,134.1495,321.4,2.3,1.5,2014-09-06,0513,Aqua,MODIS,44,6.2,298.7,29.5,D,0
-12.2295,133.4259,328.6,2.1,1.4,2014-09-06,0513,Aqua,MODIS,62,6.2,305.9,31,D,0
-13.2267,134.2024,325.3,2.3,1.5,2014-09-06,0513,Aqua,MODIS,54,6.2,309.8,26.3,D,0
-13.2409,134.1201,329.1,2.2,1.4,2014-09-06,0513,Aqua,MODIS,74,6.2,308.9,46,D,0
-11.9451,133.5468,329.6,2.1,1.4,2014-09-06,0513,Aqua,MODIS,76,6.2,300,48.6,D,0
-11.5736,131.2005,323.4,1.4,1.2,2014-09-06,0513,Aqua,MODIS,59,6.2,308.2,16.1,D,0
-11.5757,131.1874,328.3,1.4,1.2,2014-09-06,0513,Aqua,MODIS,75,6.2,310.1,24.6,D,0
-11.5815,131.1962,325.6,1.4,1.2,2014-09-06,0513,Aqua,MODIS,68,6.2,308.1,20.1,D,0
-11.5708,131.1945,337.5,1.4,1.2,2014-09-06,0513,Aqua,MODIS,85,6.2,309.7,46.2,D,0
-11.5728,131.1814,330.1,1.4,1.2,2014-09-06,0513,Aqua,MODIS,77,6.2,308.3,27,D,0
-12.6084,132.9607,326.7,1.9,1.3,2014-09-06,0513,Aqua,MODIS,68,6.2,303.7,31.1,D,0
-13.1993,134.2827,322.9,2.3,1.5,2014-09-06,0513,Aqua,MODIS,47,6.2,308.1,21.8,D,0
-13.3503,134.1678,327.4,2.2,1.4,2014-09-06,0513,Aqua,MODIS,66,6.2,309.6,36.7,D,0
-13.0159,134.2796,322.2,2.3,1.5,2014-09-06,0513,Aqua,MODIS,58,6.2,301.7,32.3,D,0
-12.7208,132.3533,338.5,1.7,1.3,2014-09-06,0513,Aqua,MODIS,84,6.2,308.3,56.6,D,0
-12.906,131.9243,327.4,1.5,1.2,2014-09-06,0513,Aqua,MODIS,56,6.2,313.1,12.7,D,0
-12.228,134.6584,331,2.5,1.5,2014-09-06,0513,Aqua,MODIS,78,6.2,299.6,78,D,0
-12.3019,134.3916,349.8,2.4,1.5,2014-09-06,0513,Aqua,MODIS,94,6.2,300.1,188.1,D,0
-12.7277,132.6768,326.2,1.8,1.3,2014-09-06,0513,Aqua,MODIS,45,6.2,304.2,25.2,D,0
-12.2885,134.3891,331.9,2.4,1.5,2014-09-06,0513,Aqua,MODIS,78,6.2,299.6,78,D,0
-12.738,132.6691,326.9,1.8,1.3,2014-09-06,0513,Aqua,MODIS,54,6.2,300.4,33.4,D,0
-12.6582,135.6028,336.2,3,1.6,2014-09-06,0513,Aqua,MODIS,84,6.2,296.4,135.7,D,0
-12.6736,135.6008,317.6,3,1.6,2014-09-06,0513,Aqua,MODIS,27,6.2,294.3,32.7,D,0
-12.2214,134.6495,322.2,2.5,1.5,2014-09-06,0513,Aqua,MODIS,58,6.2,300,37.5,D,0
-12.663,135.5764,339.7,2.9,1.6,2014-09-06,0513,Aqua,MODIS,87,6.2,297.6,161.4,D,0
-12.3293,133.526,324.2,2.1,1.4,2014-09-06,0513,Aqua,MODIS,50,6.2,304.1,23.7,D,0
-12.6589,135.5983,341.6,3,1.6,2014-09-06,0513,Aqua,MODIS,89,6.2,296.8,177.2,D,0
-12.6636,135.5718,332.9,2.9,1.6,2014-09-06,0513,Aqua,MODIS,81,6.2,297.8,111.1,D,0
-12.755,132.1435,341.8,1.6,1.2,2014-09-06,0513,Aqua,MODIS,87,6.2,309.8,63.2,D,0
-12.2239,134.6815,331,2.6,1.5,2014-09-06,0513,Aqua,MODIS,78,6.2,301.8,76.3,D,0
-12.2175,134.6726,335.8,2.6,1.5,2014-09-06,0513,Aqua,MODIS,83,6.2,301.1,104.2,D,0
-12.6776,135.5789,318.6,2.9,1.6,2014-09-06,0513,Aqua,MODIS,39,6.2,296.5,38.6,D,0
-12.7283,132.3077,332.8,1.7,1.3,2014-09-06,0513,Aqua,MODIS,72,6.2,307.8,37.4,D,0
-12.1272,136.4416,334.7,3.5,1.8,2014-09-06,0513,Aqua,MODIS,83,6.2,293.6,165.2,D,0
-12.1188,133.8385,324,2.2,1.4,2014-09-06,0513,Aqua,MODIS,46,6.2,307.4,23.4,D,0
-12.7353,132.6851,327,1.8,1.3,2014-09-06,0513,Aqua,MODIS,51,6.2,305.1,32,D,0
-12.599,134.0238,327.2,2.2,1.5,2014-09-06,0513,Aqua,MODIS,66,6.2,303.9,42.3,D,0
-12.6024,134.0195,322.6,2.2,1.5,2014-09-06,0513,Aqua,MODIS,45,6.2,302.7,25,D,0
-12.6178,134.0702,322.7,2.3,1.5,2014-09-06,0513,Aqua,MODIS,22,6.2,303.4,24,D,0
-12.1328,136.41,319.3,3.5,1.8,2014-09-06,0513,Aqua,MODIS,42,6.2,293.3,53.1,D,0
-12.1351,136.448,332.3,3.5,1.8,2014-09-06,0513,Aqua,MODIS,81,6.2,293.8,140.2,D,0
-13.6565,129.8698,337.3,1.1,1.1,2014-09-06,0513,Aqua,MODIS,81,6.2,310.4,30.9,D,0
-13.946,130.0435,337,1.1,1.1,2014-09-06,0513,Aqua,MODIS,72,6.2,308.1,26.6,D,0
-13.9556,130.0451,355.1,1.1,1.1,2014-09-06,0513,Aqua,MODIS,97,6.2,316.3,68.3,D,0
-11.5498,130.3242,330.7,1.3,1.1,2014-09-06,0513,Aqua,MODIS,41,6.2,309.4,20.7,D,0
-13.9476,130.033,339.5,1.1,1.1,2014-09-06,0513,Aqua,MODIS,84,6.2,308.1,34.1,D,0
-13.954,130.0557,336.9,1.2,1.1,2014-09-06,0513,Aqua,MODIS,78,6.2,315.2,22.6,D,0
-13.9572,130.0346,385.6,1.1,1.1,2014-09-06,0513,Aqua,MODIS,100,6.2,317.8,198.6,D,0
-13.666,129.8713,402.6,1.1,1.1,2014-09-06,0513,Aqua,MODIS,100,6.2,312.8,309.5,D,0
-13.6644,129.8817,349.9,1.1,1.1,2014-09-06,0513,Aqua,MODIS,93,6.2,305.7,59.2,D,0
-38.2807,146.3016,309.1,1.3,1.2,2014-09-06,1253,Terra,MODIS,76,6.2,277,20.6,N,0
-24.9135,148.6075,304.5,1,1,2014-09-06,1256,Terra,MODIS,60,6.2,286.9,8.2,N,0
-24.9043,148.6058,314.9,1,1,2014-09-06,1256,Terra,MODIS,90,6.2,287.1,15.6,N,0
-20.7306,139.4741,307.5,2.2,1.4,2014-09-06,1258,Terra,MODIS,72,6.2,289.9,27.1,N,2
-15.5006,145.1112,308,1,1,2014-09-06,1259,Terra,MODIS,42,6.2,288.7,7.2,N,0
-15.504,141.8391,303.3,1.3,1.1,2014-09-06,1259,Terra,MODIS,55,6.2,292.2,7,N,0
-15.5927,145.3022,304.4,1,1,2014-09-06,1259,Terra,MODIS,22,6.2,288.3,4.6,N,0
-15.4865,144.9511,304.4,1,1,2014-09-06,1259,Terra,MODIS,60,6.2,287,6.2,N,0
-15.476,145.1547,318.3,1,1,2014-09-06,1259,Terra,MODIS,29,6.2,289.4,13.5,N,0
-15.3889,145.2486,306.3,1,1,2014-09-06,1259,Terra,MODIS,37,6.2,289.8,5.9,N,0
-14.9194,144.9307,304.9,1,1,2014-09-06,1259,Terra,MODIS,62,6.2,281.9,8.4,N,0
-15.4837,145.1654,323.6,1,1,2014-09-06,1259,Terra,MODIS,96,6.2,290.2,19.4,N,0
-15.3875,145.2579,307,1,1,2014-09-06,1259,Terra,MODIS,32,6.2,290.1,6.2,N,0
-14.6824,144.593,301.6,1,1,2014-09-06,1259,Terra,MODIS,41,6.2,289.4,3.8,N,0
-15.4651,145.1657,306,1,1,2014-09-06,1259,Terra,MODIS,66,6.2,289.4,6.8,N,0
-15.498,145.1297,311.6,1,1,2014-09-06,1259,Terra,MODIS,11,6.2,288.6,8.7,N,0
-14.6734,144.5916,301.1,1,1,2014-09-06,1259,Terra,MODIS,19,6.2,289.2,3.5,N,0
-15.4953,145.1483,308.9,1,1,2014-09-06,1259,Terra,MODIS,16,6.2,289.2,7.4,N,0
-15.4747,145.164,335,1,1,2014-09-06,1259,Terra,MODIS,100,6.2,291.1,33.5,N,0
-15.6017,145.3036,311.2,1,1,2014-09-06,1259,Terra,MODIS,82,6.2,288.7,9.5,N,0
-15.6147,145.2771,308.4,1,1,2014-09-06,1259,Terra,MODIS,74,6.2,287.6,8.3,N,0
-15.6133,145.2864,316.4,1,1,2014-09-06,1259,Terra,MODIS,93,6.2,288.4,14.2,N,0
-15.4879,144.9418,304.2,1,1,2014-09-06,1259,Terra,MODIS,42,6.2,286.7,5.9,N,0
-15.5078,144.9322,321,1,1,2014-09-06,1259,Terra,MODIS,92,6.2,288.1,17.3,N,0
-15.5091,144.923,316.4,1,1,2014-09-06,1259,Terra,MODIS,71,6.2,287.5,13,N,0
-15.4905,144.9233,301.5,1,1,2014-09-06,1259,Terra,MODIS,20,6.2,287,4.5,N,0
-15.4995,144.9247,310.4,1,1,2014-09-06,1259,Terra,MODIS,76,6.2,287.3,9.8,N,0
-15.6116,145.1059,314.3,1,1,2014-09-06,1259,Terra,MODIS,89,6.2,288.3,12.8,N,0
-15.6103,145.1151,316.7,1,1,2014-09-06,1259,Terra,MODIS,94,6.2,287.8,14.5,N,0
-15.609,145.1244,306.4,1,1,2014-09-06,1259,Terra,MODIS,17,6.2,286.7,6.5,N,0
-17.3789,134.9313,313.4,4.3,1.9,2014-09-06,1259,Terra,MODIS,64,6.2,289.7,98.7,N,0
-17.3616,134.9295,305.4,4.3,1.9,2014-09-06,1259,Terra,MODIS,45,6.2,287.7,58.2,N,0
-17.1158,134.6802,300.7,4.5,1.9,2014-09-06,1259,Terra,MODIS,33,6.2,287.7,41.4,N,0
-17.1197,134.6381,316.3,4.5,2,2014-09-06,1259,Terra,MODIS,93,6.2,287.8,135.1,N,0
-17.1151,134.6732,306.3,4.5,1.9,2014-09-06,1259,Terra,MODIS,68,6.2,287.8,67,N,0
-13.6735,141.9019,300.1,1.2,1.1,2014-09-06,1259,Terra,MODIS,15,6.2,287.3,4.2,N,0
-17.3905,134.8084,301.1,4.4,1.9,2014-09-06,1259,Terra,MODIS,26,6.2,287.8,40.4,N,0
-17.1193,134.6311,311.8,4.5,2,2014-09-06,1259,Terra,MODIS,83,6.2,287.6,100.6,N,0
-14.8222,142.9153,302.8,1.1,1,2014-09-06,1259,Terra,MODIS,48,6.2,292.1,4.6,N,0
-14.4818,142.1043,320.3,1.2,1.1,2014-09-06,1259,Terra,MODIS,100,6.2,293.2,23,N,0
-17.4364,134.9028,325.1,4.3,1.9,2014-09-06,1259,Terra,MODIS,100,6.2,290.7,196.5,N,0
-17.4402,134.8618,319.7,4.4,1.9,2014-09-06,1259,Terra,MODIS,99,6.2,288.7,149.2,N,0
-17.419,134.9011,375.4,4.3,1.9,2014-09-06,1259,Terra,MODIS,100,6.2,295.9,1122.6,N,0
-17.4227,134.8602,379.9,4.4,1.9,2014-09-06,1259,Terra,MODIS,100,6.2,295.2,1281,N,0
-17.4017,134.8994,338.7,4.3,1.9,2014-09-06,1259,Terra,MODIS,97,6.2,292,329.6,N,0
-17.4053,134.8586,326.5,4.4,1.9,2014-09-06,1259,Terra,MODIS,58,6.2,289.6,189.9,N,0
-17.3843,134.8978,320.5,4.3,1.9,2014-09-06,1259,Terra,MODIS,57,6.2,289.7,141,N,0
-17.4349,134.8955,345.6,4.3,1.9,2014-09-06,1259,Terra,MODIS,100,6.2,292.4,451,N,0
-17.4389,134.8545,324.8,4.4,1.9,2014-09-06,1259,Terra,MODIS,100,6.2,288.3,194.2,N,0
-17.4175,134.8938,382.3,4.3,1.9,2014-09-06,1259,Terra,MODIS,100,6.2,297.6,1362.3,N,0
-17.4214,134.853,364.1,4.4,1.9,2014-09-06,1259,Terra,MODIS,100,6.2,292.4,822.3,N,0
-17.4001,134.8922,337.7,4.3,1.9,2014-09-06,1259,Terra,MODIS,100,6.2,292,327,N,0
-17.404,134.8514,316.2,4.4,1.9,2014-09-06,1259,Terra,MODIS,86,6.2,288.8,114.7,N,0
-17.3827,134.8907,318,4.3,1.9,2014-09-06,1259,Terra,MODIS,96,6.2,289,130.4,N,0
-17.3866,134.8497,304.8,4.4,1.9,2014-09-06,1259,Terra,MODIS,54,6.2,287,51.7,N,0
-17.5247,134.9167,300,4.3,1.9,2014-09-06,1259,Terra,MODIS,11,6.2,286.5,38.2,N,0
-13.672,141.9129,300.9,1.2,1.1,2014-09-06,1259,Terra,MODIS,36,6.2,287.2,4.9,N,0
-12.6475,142.0307,317,1.1,1.1,2014-09-06,1300,Terra,MODIS,92,6.2,286.6,19.2,N,0
-24.4241,119.983,316,1.1,1.1,2014-09-06,1435,Terra,MODIS,92,6.2,294,16.3,N,0
-24.4255,119.9719,331.9,1.1,1.1,2014-09-06,1435,Terra,MODIS,100,6.2,294.5,37.1,N,0
-24.4092,119.9464,310,1.1,1.1,2014-09-06,1435,Terra,MODIS,79,6.2,290.1,12.4,N,0
-23.091,122.4962,315.8,1,1,2014-09-06,1436,Terra,MODIS,92,6.2,295.1,13.7,N,0
-18.8769,128.5654,307.8,2.5,1.5,2014-09-06,1436,Terra,MODIS,47,6.2,292.7,31.3,N,0
-23.0924,122.4864,328.1,1,1,2014-09-06,1436,Terra,MODIS,100,6.2,293.6,26.9,N,0
-20.7173,119.352,300.9,1.1,1.1,2014-09-06,1436,Terra,MODIS,35,6.2,290.5,5.5,N,0
-20.8043,119.2396,326,1.1,1.1,2014-09-06,1436,Terra,MODIS,100,6.2,293.4,29,N,0
-18.8724,128.5887,304.5,2.5,1.5,2014-09-06,1436,Terra,MODIS,18,6.2,292.4,23,N,0
-18.8391,128.5755,305.8,2.5,1.5,2014-09-06,1437,Terra,MODIS,14,6.2,291.1,23.4,N,0
-17.7547,122.8392,302.9,1.1,1,2014-09-06,1437,Terra,MODIS,12,6.2,290,6.4,N,0
-17.7531,122.8495,303,1.1,1,2014-09-06,1437,Terra,MODIS,34,6.2,290.1,6.7,N,0
-16.4761,124.1878,307.6,1.3,1.1,2014-09-06,1437,Terra,MODIS,72,6.2,294.7,10.6,N,0
-17.7846,122.7702,302.7,1.1,1,2014-09-06,1437,Terra,MODIS,47,6.2,289.5,6.5,N,0
-18.6626,127.4539,333.5,2.1,1.4,2014-09-06,1437,Terra,MODIS,100,6.2,294.5,96.7,N,0
-18.5113,124.8422,302.8,1.4,1.2,2014-09-06,1437,Terra,MODIS,51,6.2,292.1,8.5,N,0
-18.6661,127.4346,304.9,2.1,1.4,2014-09-06,1437,Terra,MODIS,62,6.2,291.5,16.8,N,0
-18.6501,127.4513,349.5,2.1,1.4,2014-09-06,1437,Terra,MODIS,100,6.2,296.7,173.8,N,0
-18.6536,127.432,339.4,2.1,1.4,2014-09-06,1437,Terra,MODIS,100,6.2,294.7,119.1,N,0
-18.6376,127.4487,312.6,2.1,1.4,2014-09-06,1437,Terra,MODIS,21,6.2,292.9,27,N,0
-18.6411,127.4294,322.5,2.1,1.4,2014-09-06,1437,Terra,MODIS,90,6.2,294.1,52.7,N,0
-18.6496,127.4449,349.5,2.1,1.4,2014-09-06,1437,Terra,MODIS,100,6.2,297.9,172.3,N,0
-18.653,127.4256,323,2.1,1.4,2014-09-06,1437,Terra,MODIS,100,6.2,292.4,54.8,N,0
-18.6371,127.4423,320.9,2.1,1.4,2014-09-06,1437,Terra,MODIS,100,6.2,293.8,50.1,N,0
-18.6405,127.423,307.9,2.1,1.4,2014-09-06,1437,Terra,MODIS,9,6.2,292.9,20,N,0
-18.5836,127.4516,307,2.1,1.4,2014-09-06,1437,Terra,MODIS,70,6.2,292.6,20.7,N,0
-17.9817,128.0236,304.9,2.4,1.5,2014-09-06,1437,Terra,MODIS,62,6.2,290.7,20.9,N,0
-17.9766,128.0294,306,2.4,1.5,2014-09-06,1437,Terra,MODIS,67,6.2,290.5,23.3,N,0
-18.8434,128.5522,306.9,2.5,1.5,2014-09-06,1437,Terra,MODIS,27,6.2,291.2,25,N,0
-14.0996,132.2941,304.3,3.2,1.7,2014-09-06,1603,Aqua,MODIS,59,6.2,292.3,32.3,N,0
-14.0984,132.2895,304.2,3.2,1.7,2014-09-06,1603,Aqua,MODIS,59,6.2,292.3,32,N,0
-13.4268,135.3796,302.7,1.9,1.3,2014-09-06,1603,Aqua,MODIS,51,6.2,289.4,15.7,N,0
-14.3498,132.4032,324.3,3.1,1.7,2014-09-06,1603,Aqua,MODIS,100,6.2,295.7,108.1,N,0
-14.3548,132.4309,307.6,3,1.7,2014-09-06,1603,Aqua,MODIS,72,6.2,293.5,35.3,N,0
-14.3646,132.4002,316.2,3.1,1.7,2014-09-06,1603,Aqua,MODIS,93,6.2,294.9,67.7,N,0
-14.3696,132.4277,313,3,1.7,2014-09-06,1603,Aqua,MODIS,86,6.2,293.7,53.2,N,0
-14.3618,132.3932,312.4,3.1,1.7,2014-09-06,1603,Aqua,MODIS,85,6.2,295.2,52.5,N,0
-14.367,132.4206,321.7,3,1.7,2014-09-06,1603,Aqua,MODIS,100,6.2,294.8,92.3,N,0
-14.3446,132.3752,321.7,3.1,1.7,2014-09-06,1603,Aqua,MODIS,100,6.2,295.5,94.3,N,0
-14.1789,132.2353,303.5,3.2,1.7,2014-09-06,1603,Aqua,MODIS,55,6.2,292.1,30.1,N,0
-15.5369,133.1363,312,2.5,1.5,2014-09-06,1604,Aqua,MODIS,69,6.2,287.1,45.2,N,0
-15.5395,133.1066,302.1,2.6,1.5,2014-09-06,1604,Aqua,MODIS,27,6.2,286.1,22.2,N,0
-15.5301,133.1327,314.5,2.5,1.5,2014-09-06,1604,Aqua,MODIS,88,6.2,287.4,52.7,N,0
-15.5328,133.1128,310.9,2.6,1.5,2014-09-06,1604,Aqua,MODIS,59,6.2,286.6,42.9,N,0
-15.5438,133.1301,310.6,2.5,1.5,2014-09-06,1604,Aqua,MODIS,81,6.2,287.3,42.9,N,0
-17.1051,134.6598,327.2,1.8,1.3,2014-09-06,1604,Aqua,MODIS,100,6.2,287.9,64,N,0
-17.1115,134.6531,343.3,1.8,1.3,2014-09-06,1604,Aqua,MODIS,100,6.2,288.5,122.4,N,0
-17.1145,134.6701,304.1,1.8,1.3,2014-09-06,1604,Aqua,MODIS,14,6.2,286.4,16,N,0
-17.1233,134.6509,338.2,1.8,1.3,2014-09-06,1604,Aqua,MODIS,100,6.2,288.3,101.2,N,0
-17.102,134.7128,302.3,1.8,1.3,2014-09-06,1604,Aqua,MODIS,48,6.2,285.5,14.6,N,0
-16.9759,135.3294,304.5,1.6,1.3,2014-09-06,1604,Aqua,MODIS,60,6.2,289.7,15,N,0
-17.3871,134.8971,308.3,1.7,1.3,2014-09-06,1604,Aqua,MODIS,19,6.2,289,17.9,N,0
-17.3959,134.8787,311.5,1.7,1.3,2014-09-06,1604,Aqua,MODIS,41,6.2,289.7,22.7,N,0
-17.4368,134.8638,323.4,1.7,1.3,2014-09-06,1604,Aqua,MODIS,100,6.2,290.1,47.7,N,0
-17.4484,134.8616,335.2,1.7,1.3,2014-09-06,1604,Aqua,MODIS,100,6.2,291.2,82.4,N,0
-17.4512,134.8778,308,1.7,1.3,2014-09-06,1604,Aqua,MODIS,54,6.2,291.5,19.3,N,0
-17.46,134.8594,348,1.7,1.3,2014-09-06,1604,Aqua,MODIS,100,6.2,292,132.6,N,0
-17.4628,134.8757,316.3,1.7,1.3,2014-09-06,1604,Aqua,MODIS,93,6.2,292.2,33.8,N,0
-24.4167,119.9726,301.5,1.9,1.3,2014-09-06,1745,Aqua,MODIS,41,6.2,289.1,13.7,N,0
-24.4187,119.9913,314.5,1.9,1.3,2014-09-06,1745,Aqua,MODIS,89,6.2,291.1,36.1,N,0
-27.768,152.0642,307.9,1.2,1.1,2014-09-06,2354,Terra,MODIS,64,6.2,292.9,7.9,D,0
-30.5137,148.8815,307.3,1.5,1.2,2014-09-06,2354,Terra,MODIS,59,6.2,293.8,10.1,D,0
-31.6226,149.6222,306.3,1.3,1.1,2014-09-06,2355,Terra,MODIS,63,6.2,291.7,9.5,D,0
-32.415,146.0289,309.6,2.1,1.4,2014-09-06,2355,Terra,MODIS,69,6.2,288.5,26.4,D,0
-12.2913,134.5256,409.2,1,1,2014-09-07,0128,Terra,MODIS,100,6.2,320.3,309.7,D,0
-12.7661,132.1485,338.9,1.1,1,2014-09-07,0128,Terra,MODIS,85,6.2,313,26.7,D,0
-12.6431,142.025,323.7,3.1,1.7,2014-09-07,0128,Terra,MODIS,77,6.2,293.5,82.9,D,0
-12.3003,134.5243,357.6,1,1,2014-09-07,0128,Terra,MODIS,98,6.2,306.4,69.7,D,0
-12.1347,136.4887,327.5,1.2,1.1,2014-09-07,0128,Terra,MODIS,81,6.2,300.2,18.8,D,0
-12.1047,134.6957,325.6,1,1,2014-09-07,0128,Terra,MODIS,50,6.2,310.6,8.2,D,0
-12.285,134.5424,328.1,1,1,2014-09-07,0128,Terra,MODIS,70,6.2,308.5,15.1,D,0
-12.7504,132.1569,328.3,1.1,1,2014-09-07,0128,Terra,MODIS,50,6.2,311.9,10.6,D,0
-12.3949,133.9705,325.7,1,1,2014-09-07,0128,Terra,MODIS,66,6.2,309.8,10.6,D,0
-12.7646,132.1389,336,1.1,1,2014-09-07,0128,Terra,MODIS,82,6.2,311.1,21.2,D,0
-12.212,134.6736,330.3,1,1,2014-09-07,0128,Terra,MODIS,75,6.2,308.7,17.7,D,0
-12.301,134.401,323.6,1,1,2014-09-07,0128,Terra,MODIS,41,6.2,308.4,7.3,D,0
-12.3854,133.969,326.2,1,1,2014-09-07,0128,Terra,MODIS,60,6.2,308.5,10.1,D,0
-12.201,134.7903,321.2,1,1,2014-09-07,0128,Terra,MODIS,28,6.2,307.2,6.4,D,0
-12.1799,133.5114,329.4,1,1,2014-09-07,0128,Terra,MODIS,70,6.2,313.6,9.8,D,0
-12.2926,134.5349,365.7,1,1,2014-09-07,0128,Terra,MODIS,100,6.2,315.4,93.2,D,0
-12.7581,132.1459,343.3,1.1,1,2014-09-07,0128,Terra,MODIS,89,6.2,313.7,34.2,D,0
-12.2837,134.5331,365.7,1,1,2014-09-07,0128,Terra,MODIS,100,6.2,312.6,94.2,D,0
-12.3305,133.5323,326.2,1,1,2014-09-07,0128,Terra,MODIS,41,6.2,312.7,9.7,D,0
-13.2531,134.7573,328.9,1,1,2014-09-07,0128,Terra,MODIS,52,6.2,310.5,12.8,D,0
-12.3017,134.5336,375.7,1,1,2014-09-07,0128,Terra,MODIS,100,6.2,310.2,127.9,D,0
-12.134,136.4102,327.6,1.2,1.1,2014-09-07,0128,Terra,MODIS,81,6.2,299.9,18.9,D,0
-12.2823,134.5238,342.5,1,1,2014-09-07,0128,Terra,MODIS,88,6.2,307.9,37.2,D,0
-12.3108,133.9614,326.9,1,1,2014-09-07,0128,Terra,MODIS,67,6.2,305.5,13.6,D,0
-12.1242,136.4115,326.8,1.2,1.1,2014-09-07,0128,Terra,MODIS,80,6.2,302.2,17.7,D,0
-12.588,134.0324,331.4,1,1,2014-09-07,0128,Terra,MODIS,77,6.2,310,16,D,0
-12.6449,142.0303,328.2,3.1,1.7,2014-09-07,0128,Terra,MODIS,77,6.2,294.9,108,D,0
-13.1997,135.0981,337.6,1.1,1,2014-09-07,0128,Terra,MODIS,84,6.2,310.5,26.8,D,0
-13.4149,135.3657,323,1.1,1,2014-09-07,0128,Terra,MODIS,48,6.2,305.4,10.2,D,0
-12.618,132.2624,326.9,1,1,2014-09-07,0128,Terra,MODIS,46,6.2,312.3,10.1,D,0
-12.6407,132.2881,350.5,1,1,2014-09-07,0128,Terra,MODIS,94,6.2,313.2,49.9,D,0
-13.4069,135.3772,331.3,1.1,1,2014-09-07,0128,Terra,MODIS,77,6.2,305,20.2,D,0
-13.1528,135.3538,344.4,1.1,1,2014-09-07,0128,Terra,MODIS,90,6.2,306.4,45.1,D,0
-13.4303,135.3678,320.4,1.1,1,2014-09-07,0128,Terra,MODIS,41,6.2,302.6,8.5,D,0
-13.3418,134.1543,324.4,1,1,2014-09-07,0128,Terra,MODIS,50,6.2,312.5,6.7,D,0
-13.1514,135.3438,341.6,1.1,1,2014-09-07,0128,Terra,MODIS,88,6.2,307.7,38.6,D,0
-13.4331,135.3882,329.6,1.1,1,2014-09-07,0128,Terra,MODIS,75,6.2,305.2,19.6,D,0
-13.0372,134.3379,325,1,1,2014-09-07,0128,Terra,MODIS,66,6.2,311.8,8.1,D,0
-13.4317,135.378,360.7,1.1,1,2014-09-07,0128,Terra,MODIS,100,6.2,306.6,89.6,D,0
-13.2806,134.7533,331.1,1,1,2014-09-07,0128,Terra,MODIS,77,6.2,311.6,16.3,D,0
-13.4163,135.3758,324.5,1.1,1,2014-09-07,0128,Terra,MODIS,48,6.2,306.7,11.4,D,0
-13.5607,133.3225,331.5,1,1,2014-09-07,0128,Terra,MODIS,68,6.2,310.2,15.3,D,0
-12.6301,132.28,334.6,1,1,2014-09-07,0128,Terra,MODIS,69,6.2,311.7,19.8,D,0
-13.1939,135.1049,325.4,1.1,1,2014-09-07,0128,Terra,MODIS,63,6.2,308.4,7.9,D,0
-13.2523,134.1075,335.8,1,1,2014-09-07,0128,Terra,MODIS,82,6.2,312,21.5,D,0
-13.2446,134.118,326.8,1,1,2014-09-07,0128,Terra,MODIS,38,6.2,313.9,9.2,D,0
-13.2459,134.1273,330.5,1,1,2014-09-07,0128,Terra,MODIS,76,6.2,312.9,14.3,D,0
-13.5942,134.6893,322.7,1,1,2014-09-07,0128,Terra,MODIS,42,6.2,308.2,7.4,D,0
-13.5594,133.3133,344.8,1,1,2014-09-07,0128,Terra,MODIS,90,6.2,312.9,35.2,D,0
-12.6316,132.2896,327.2,1,1,2014-09-07,0128,Terra,MODIS,35,6.2,309.6,11,D,0
-12.7775,135.4079,344.9,1.1,1,2014-09-07,0128,Terra,MODIS,91,6.2,306.4,45.9,D,0
-12.6041,132.8373,326.2,1,1,2014-09-07,0128,Terra,MODIS,68,6.2,311.1,7.9,D,0
-12.1278,134.2222,327,1,1,2014-09-07,0128,Terra,MODIS,66,6.2,308.4,13.8,D,0
-13.0317,136.0465,325.7,1.2,1.1,2014-09-07,0128,Terra,MODIS,72,6.2,301.1,15.9,D,0
-13.1925,135.0951,327,1.1,1,2014-09-07,0128,Terra,MODIS,70,6.2,310.3,9.9,D,0
-13.0331,136.0573,320.7,1.2,1.1,2014-09-07,0128,Terra,MODIS,56,6.2,301.3,9.1,D,0
-13.2517,135.1308,338.9,1.1,1,2014-09-07,0128,Terra,MODIS,85,6.2,310,29.5,D,0
-13.5929,134.6797,326.3,1,1,2014-09-07,0128,Terra,MODIS,55,6.2,311.3,10.9,D,0
-13.2554,135.09,330.2,1.1,1,2014-09-07,0128,Terra,MODIS,70,6.2,309.3,14.2,D,0
-13.0385,134.3472,331.1,1,1,2014-09-07,0128,Terra,MODIS,77,6.2,311,16.5,D,0
-12.7879,135.4409,321.5,1.1,1,2014-09-07,0128,Terra,MODIS,52,6.2,307.8,6.3,D,0
-13.1359,135.3423,328.1,1.1,1,2014-09-07,0128,Terra,MODIS,58,6.2,307.2,14.4,D,0
-11.9469,133.5559,329.5,1,1,2014-09-07,0128,Terra,MODIS,70,6.2,310.8,12.2,D,0
-13.239,135.2438,327.8,1.1,1,2014-09-07,0128,Terra,MODIS,71,6.2,308.2,13.2,D,0
-13.104,134.227,323.9,1,1,2014-09-07,0128,Terra,MODIS,62,6.2,312.3,5.2,D,0
-12.7865,135.4309,321.5,1.1,1,2014-09-07,0128,Terra,MODIS,43,6.2,307.4,6.1,D,0
-12.7851,135.4208,340.9,1.1,1,2014-09-07,0128,Terra,MODIS,88,6.2,308.6,35.5,D,0
-11.9456,133.5468,348.4,1,1,2014-09-07,0128,Terra,MODIS,93,6.2,310.6,43.1,D,0
-12.7837,135.4108,360.6,1.1,1,2014-09-07,0128,Terra,MODIS,100,6.2,307.8,84.9,D,0
-12.2194,134.1558,326.1,1,1,2014-09-07,0128,Terra,MODIS,54,6.2,306.9,11.3,D,0
-12.7818,135.4381,338.6,1.1,1,2014-09-07,0128,Terra,MODIS,86,6.2,308.3,30.3,D,0
-12.4747,134.2026,322.3,1,1,2014-09-07,0128,Terra,MODIS,31,6.2,309.2,5.6,D,0
-12.2311,134.1728,334.4,1,1,2014-09-07,0128,Terra,MODIS,78,6.2,307.9,20.2,D,0
-13.2384,134.2009,334,1,1,2014-09-07,0128,Terra,MODIS,80,6.2,310.7,19.4,D,0
-12.2298,134.1636,342.1,1,1,2014-09-07,0128,Terra,MODIS,88,6.2,309.6,32.4,D,0
-12.2284,134.1544,335.3,1,1,2014-09-07,0128,Terra,MODIS,78,6.2,309.8,21.7,D,0
-13.237,134.1916,343.8,1,1,2014-09-07,0128,Terra,MODIS,90,6.2,311.4,35.3,D,0
-13.1674,134.2208,326.1,1,1,2014-09-07,0128,Terra,MODIS,68,6.2,312.3,7.5,D,0
-13.2518,134.7477,336.3,1,1,2014-09-07,0128,Terra,MODIS,83,6.2,311.9,23.3,D,0
-13.2609,134.7464,331.6,1,1,2014-09-07,0128,Terra,MODIS,26,6.2,311.5,13.7,D,0
-13.0476,134.3459,337.8,1,1,2014-09-07,0128,Terra,MODIS,85,6.2,312,25.8,D,0
-13.0567,134.3445,334.2,1,1,2014-09-07,0128,Terra,MODIS,80,6.2,311.2,20.1,D,0
-12.23,133.4139,330.7,1,1,2014-09-07,0128,Terra,MODIS,73,6.2,311,13.2,D,0
-12.3867,133.9782,324.8,1,1,2014-09-07,0128,Terra,MODIS,32,6.2,310.5,7.8,D,0
-13.4403,135.2328,326,1.1,1,2014-09-07,0128,Terra,MODIS,66,6.2,306.1,13.3,D,0
-13.2224,141.8065,341.1,3.1,1.7,2014-09-07,0128,Terra,MODIS,90,6.2,298.2,190.4,D,0
-13.2544,141.8246,322.4,3.1,1.7,2014-09-07,0128,Terra,MODIS,62,6.2,297.9,60.9,D,0
-13.2191,141.7787,336.3,3,1.7,2014-09-07,0128,Terra,MODIS,87,6.2,296.9,150.5,D,0
-13.234,141.777,336.3,3,1.7,2014-09-07,0128,Terra,MODIS,73,6.2,297.7,146.9,D,0
-13.2182,141.7723,322.4,3,1.7,2014-09-07,0128,Terra,MODIS,47,6.2,296.4,65,D,0
-13.2213,141.8001,346.8,3.1,1.7,2014-09-07,0128,Terra,MODIS,94,6.2,298.1,245.6,D,0
-13.2332,141.7706,328,3,1.7,2014-09-07,0128,Terra,MODIS,54,6.2,297,92.9,D,0
-13.2363,141.7984,327.2,3.1,1.7,2014-09-07,0128,Terra,MODIS,52,6.2,298.4,87.1,D,0
-12.3302,134.539,325.4,1,1,2014-09-07,0128,Terra,MODIS,42,6.2,309.4,9.3,D,0
-14.2868,143.3868,310.9,4.2,1.9,2014-09-07,0128,Terra,MODIS,32,6.2,294.6,36.8,D,0
-14.2897,143.3792,312.5,4.2,1.9,2014-09-07,0128,Terra,MODIS,48,6.2,295.6,46.6,D,0
-13.4547,135.2002,325.3,1.1,1,2014-09-07,0128,Terra,MODIS,67,6.2,304.4,13.8,D,0
-12.7789,135.418,358.7,1.1,1,2014-09-07,0128,Terra,MODIS,99,6.2,308.3,80.2,D,0
-12.1987,133.4527,328.6,1,1,2014-09-07,0128,Terra,MODIS,45,6.2,312.5,8.6,D,0
-11.3552,132.07,324.9,1.1,1,2014-09-07,0128,Terra,MODIS,54,6.2,307.7,11.7,D,0
-12.2,133.4618,330.8,1,1,2014-09-07,0128,Terra,MODIS,62,6.2,312.3,11.4,D,0
-13.0657,134.3432,324.4,1,1,2014-09-07,0128,Terra,MODIS,45,6.2,309.9,7.9,D,0
-14.3982,142.0698,314.5,3.3,1.7,2014-09-07,0128,Terra,MODIS,58,6.2,299.6,35.9,D,0
-14.4248,142.0618,315,3.3,1.7,2014-09-07,0128,Terra,MODIS,53,6.2,299.8,38.7,D,0
-13.4482,135.2214,327.8,1.1,1,2014-09-07,0128,Terra,MODIS,68,6.2,305.4,16.2,D,0
-13.3431,134.1636,327.9,1,1,2014-09-07,0128,Terra,MODIS,71,6.2,313.9,11,D,0
-13.011,134.2846,348.8,1,1,2014-09-07,0128,Terra,MODIS,93,6.2,312.5,47.2,D,0
-13.3579,135.509,326.2,1.1,1.1,2014-09-07,0128,Terra,MODIS,68,6.2,307.3,15.1,D,0
-13.2949,134.7219,339.2,1,1,2014-09-07,0128,Terra,MODIS,86,6.2,313.4,27.8,D,0
-13.0097,134.2753,378.4,1,1,2014-09-07,0128,Terra,MODIS,100,6.2,314.4,136.8,D,0
-13.2963,134.7315,380.6,1,1,2014-09-07,0128,Terra,MODIS,100,6.2,316,149.1,D,0
-13.6716,141.9219,316.1,3.2,1.7,2014-09-07,0128,Terra,MODIS,41,6.2,300.3,37,D,0
-13.6741,141.9268,315.6,3.2,1.7,2014-09-07,0128,Terra,MODIS,52,6.2,299.8,36.2,D,0
-13.8381,135.2441,323.6,1.1,1,2014-09-07,0128,Terra,MODIS,21,6.2,309.9,8.7,D,0
-13.6497,135.2114,352,1.1,1,2014-09-07,0128,Terra,MODIS,95,6.2,309,59.7,D,0
-13.8615,135.2343,320.3,1.1,1,2014-09-07,0128,Terra,MODIS,32,6.2,306.6,6.8,D,0
-13.6483,135.2014,370.2,1.1,1,2014-09-07,0128,Terra,MODIS,100,6.2,310.5,116.7,D,0
-11.2789,132.4846,332.6,1.1,1,2014-09-07,0128,Terra,MODIS,63,6.2,307.5,20.1,D,0
-12.2478,135.5615,324.7,1.1,1,2014-09-07,0128,Terra,MODIS,70,6.2,309,10.2,D,0
-13.6468,135.1913,339.9,1.1,1,2014-09-07,0128,Terra,MODIS,87,6.2,307,34.1,D,0
-11.2682,132.4764,328.4,1.1,1,2014-09-07,0128,Terra,MODIS,62,6.2,306.8,14.9,D,0
-11.2668,132.4669,325.2,1.1,1,2014-09-07,0128,Terra,MODIS,60,6.2,307.4,10.6,D,0
-12.0764,135.6494,324.7,1.1,1,2014-09-07,0128,Terra,MODIS,78,6.2,303.4,15.6,D,0
-12.6784,132.1779,326.2,1.1,1,2014-09-07,0128,Terra,MODIS,39,6.2,310.2,9.3,D,0
-12.2463,135.5515,327.5,1.1,1,2014-09-07,0128,Terra,MODIS,75,6.2,307.7,14,D,0
-13.8367,135.234,332.7,1.1,1,2014-09-07,0128,Terra,MODIS,79,6.2,308.3,22.2,D,0
-12.2723,135.2892,333.1,1.1,1,2014-09-07,0128,Terra,MODIS,69,6.2,307,22.4,D,0
-13.6533,135.1698,325.3,1.1,1,2014-09-07,0128,Terra,MODIS,56,6.2,304.5,12.4,D,0
-13.4765,132.5747,324,1,1,2014-09-07,0128,Terra,MODIS,48,6.2,309,10.1,D,0
-12.0823,135.6523,318.4,1.1,1,2014-09-07,0128,Terra,MODIS,45,6.2,304,7.6,D,0
-13.0572,132.2957,330.7,1,1,2014-09-07,0128,Terra,MODIS,51,6.2,311.6,14.2,D,0
-13.6664,135.1516,336.7,1.1,1,2014-09-07,0128,Terra,MODIS,84,6.2,308.7,27.8,D,0
-13.5746,133.2923,328,1,1,2014-09-07,0128,Terra,MODIS,57,6.2,310.5,10.3,D,0
-13.5684,133.312,327.2,1,1,2014-09-07,0128,Terra,MODIS,32,6.2,310.4,9.5,D,0
-13.567,133.3028,332.4,1,1,2014-09-07,0128,Terra,MODIS,74,6.2,312.4,16,D,0
-12.0029,136.4293,319.4,1.2,1.1,2014-09-07,0128,Terra,MODIS,70,6.2,298.1,11.6,D,0
-12.0055,136.4337,316,1.2,1.1,2014-09-07,0128,Terra,MODIS,49,6.2,298.2,7.3,D,0
-13.0558,132.2862,336.1,1,1,2014-09-07,0128,Terra,MODIS,81,6.2,310.6,22.3,D,0
-13.8043,135.2077,323.8,1.1,1,2014-09-07,0128,Terra,MODIS,36,6.2,307.4,9.3,D,0
-13.952,136.5943,318.6,1.3,1.1,2014-09-07,0128,Terra,MODIS,37,6.2,301,10.9,D,0
-13.0481,132.2971,375.4,1,1,2014-09-07,0128,Terra,MODIS,100,6.2,317,125.8,D,0
-13.7963,135.219,350.6,1.1,1,2014-09-07,0128,Terra,MODIS,94,6.2,309.7,56.7,D,0
-13.0467,132.2877,410.6,1,1,2014-09-07,0128,Terra,MODIS,100,6.2,319,323.6,D,0
-13.4138,132.524,322.7,1,1,2014-09-07,0128,Terra,MODIS,26,6.2,306.9,6.3,D,0
-13.3775,132.5296,324.1,1,1,2014-09-07,0128,Terra,MODIS,21,6.2,309.4,8.4,D,0
-13.4751,132.5654,340.7,1,1,2014-09-07,0128,Terra,MODIS,86,6.2,309.4,33.3,D,0
-13.4736,132.556,349.3,1,1,2014-09-07,0128,Terra,MODIS,93,6.2,306.8,48.9,D,0
-13.4674,132.5731,331.7,1,1,2014-09-07,0128,Terra,MODIS,65,6.2,309.6,15.9,D,0
-13.4584,132.5744,326.6,1,1,2014-09-07,0128,Terra,MODIS,54,6.2,308.3,9.3,D,0
-13.358,132.5195,323.9,1,1,2014-09-07,0128,Terra,MODIS,39,6.2,306.1,8.5,D,0
-12.963,132.5286,342.9,1,1,2014-09-07,0128,Terra,MODIS,88,6.2,312.9,34.7,D,0
-12.9644,132.538,337.8,1,1,2014-09-07,0128,Terra,MODIS,84,6.2,311.2,26.3,D,0
-11.5279,132.8485,328.9,1,1,2014-09-07,0128,Terra,MODIS,68,6.2,310.1,14.5,D,0
-12.1332,136.4777,355.6,1.2,1.1,2014-09-07,0128,Terra,MODIS,98,6.2,302.9,84.7,D,0
-12.1317,136.4666,341.8,1.2,1.1,2014-09-07,0128,Terra,MODIS,91,6.2,301.3,47.1,D,0
-13.7949,135.209,330.6,1.1,1,2014-09-07,0128,Terra,MODIS,74,6.2,310.6,17.2,D,0
-13.576,133.3014,333.9,1,1,2014-09-07,0128,Terra,MODIS,79,6.2,309.8,18.4,D,0
-13.665,135.1416,334.6,1.1,1,2014-09-07,0128,Terra,MODIS,81,6.2,307.4,24.2,D,0
-14.3598,132.3815,336.4,1,1,2014-09-07,0129,Terra,MODIS,83,6.2,305.6,22.5,D,0
-14.4386,133.0327,322,1,1,2014-09-07,0129,Terra,MODIS,35,6.2,305.5,5.1,D,0
-14.1879,132.222,346.4,1,1,2014-09-07,0129,Terra,MODIS,91,6.2,308,42.5,D,0
-14.1802,132.2329,324.1,1,1,2014-09-07,0129,Terra,MODIS,32,6.2,308.1,8.1,D,0
-14.3466,132.3548,348.7,1,1,2014-09-07,0129,Terra,MODIS,93,6.2,306.9,47,D,0
-14.3341,132.3951,330.8,1,1,2014-09-07,0129,Terra,MODIS,67,6.2,305.4,14.8,D,0
-15.5614,133.1547,327.8,1,1,2014-09-07,0129,Terra,MODIS,42,6.2,314.3,8.2,D,0
-13.5155,130.6729,326.7,1.2,1.1,2014-09-07,0129,Terra,MODIS,63,6.2,309.7,12.5,D,0
-14.1893,132.2315,327.9,1,1,2014-09-07,0129,Terra,MODIS,60,6.2,306.8,12.7,D,0
-14.4373,133.0235,322.8,1,1,2014-09-07,0129,Terra,MODIS,52,6.2,306.1,5.7,D,0
-14.3451,132.3454,346.4,1,1,2014-09-07,0129,Terra,MODIS,91,6.2,305.7,42.4,D,0
-15.56,133.1454,344.9,1,1,2014-09-07,0129,Terra,MODIS,90,6.2,314.4,33.4,D,0
-13.4876,130.811,323.1,1.2,1.1,2014-09-07,0129,Terra,MODIS,27,6.2,307.8,5.6,D,0
-15.5587,133.1362,355.2,1,1,2014-09-07,0129,Terra,MODIS,97,6.2,313.1,55.6,D,0
-14.3584,132.3721,326.8,1,1,2014-09-07,0129,Terra,MODIS,41,6.2,304.2,9.6,D,0
-15.5573,133.1269,334.5,1,1,2014-09-07,0129,Terra,MODIS,76,6.2,311.2,17.3,D,0
-15.5483,133.1283,332.4,1,1,2014-09-07,0129,Terra,MODIS,44,6.2,311,13.7,D,0
-13.4894,130.8218,328.5,1.2,1.1,2014-09-07,0129,Terra,MODIS,71,6.2,307.7,14.2,D,0
-15.5394,133.1296,333,1,1,2014-09-07,0129,Terra,MODIS,64,6.2,314.8,15.6,D,0
-14.3355,132.4044,325.8,1,1,2014-09-07,0129,Terra,MODIS,10,6.2,307,8.2,D,0
-17.5378,135.0627,328.1,1.2,1.1,2014-09-07,0129,Terra,MODIS,45,6.2,313.2,12.1,D,0
-14.7972,134.7425,329.9,1.1,1,2014-09-07,0129,Terra,MODIS,60,6.2,308.9,14.6,D,0
-14.6344,134.642,325.8,1.1,1,2014-09-07,0129,Terra,MODIS,62,6.2,309.3,10.3,D,0
-14.8028,134.7355,330.7,1.1,1,2014-09-07,0129,Terra,MODIS,76,6.2,310.3,14.8,D,0
-15.8737,136.2632,364.7,1.3,1.1,2014-09-07,0129,Terra,MODIS,100,6.2,305.7,129.2,D,0
-14.7957,134.7326,331.9,1.1,1,2014-09-07,0129,Terra,MODIS,67,6.2,308.6,16.4,D,0
-15.7951,136.4427,326.8,1.3,1.1,2014-09-07,0129,Terra,MODIS,65,6.2,304.4,17.8,D,0
-16.1234,136.6108,322.9,1.4,1.2,2014-09-07,0129,Terra,MODIS,33,6.2,307.4,11.4,D,0
-15.8855,136.2739,360.6,1.3,1.1,2014-09-07,0129,Terra,MODIS,100,6.2,305.1,110.9,D,0
-15.8769,136.2875,361.5,1.3,1.1,2014-09-07,0129,Terra,MODIS,100,6.2,311.4,113.1,D,0
-14.6997,134.905,324.4,1.1,1,2014-09-07,0129,Terra,MODIS,61,6.2,308.9,10.6,D,0
-14.7943,134.7226,338.4,1.1,1,2014-09-07,0129,Terra,MODIS,85,6.2,310.1,26.9,D,0
-14.6556,134.6588,357.4,1.1,1,2014-09-07,0129,Terra,MODIS,98,6.2,309.6,70.2,D,0
-14.6173,134.6545,335.3,1.1,1,2014-09-07,0129,Terra,MODIS,81,6.2,309,21.5,D,0
-17.5349,135.0408,330.7,1.2,1.1,2014-09-07,0129,Terra,MODIS,54,6.2,314.8,15.5,D,0
-16.2176,136.6315,326.6,1.4,1.2,2014-09-07,0129,Terra,MODIS,65,6.2,312.3,15.1,D,0
-17.5305,135.008,340.9,1.2,1.1,2014-09-07,0129,Terra,MODIS,81,6.2,316.8,33.4,D,0
-15.8753,136.2753,458.1,1.3,1.1,2014-09-07,0129,Terra,MODIS,100,6.2,333.7,1198.3,D,0
-14.6399,134.6811,330.6,1.1,1,2014-09-07,0129,Terra,MODIS,63,6.2,308.6,14.5,D,0
-14.8697,134.8069,329.7,1.1,1,2014-09-07,0129,Terra,MODIS,33,6.2,310.7,13.7,D,0
-14.5212,134.6245,327.2,1.1,1,2014-09-07,0129,Terra,MODIS,63,6.2,313.6,10.7,D,0
-15.3792,135.6907,323.8,1.2,1.1,2014-09-07,0129,Terra,MODIS,34,6.2,309,10.2,D,0
-17.5363,135.0517,339.6,1.2,1.1,2014-09-07,0129,Terra,MODIS,86,6.2,314.4,32.4,D,0
-15.7323,135.6619,328.9,1.2,1.1,2014-09-07,0129,Terra,MODIS,47,6.2,312.8,14.4,D,0
-16.2071,136.633,343.1,1.4,1.2,2014-09-07,0129,Terra,MODIS,89,6.2,312.2,54.2,D,0
-15.88,136.312,321.6,1.3,1.1,2014-09-07,0129,Terra,MODIS,20,6.2,303.2,7.2,D,0
-15.3566,135.6714,326.2,1.2,1.1,2014-09-07,0129,Terra,MODIS,61,6.2,308.8,13.6,D,0
-16.1112,136.5994,325.3,1.4,1.2,2014-09-07,0129,Terra,MODIS,41,6.2,309.7,14.6,D,0
-17.5285,134.9199,335.3,1.2,1.1,2014-09-07,0129,Terra,MODIS,82,6.2,314.9,23,D,0
-14.5756,134.6764,333.6,1.1,1,2014-09-07,0129,Terra,MODIS,79,6.2,312.9,18,D,0
-14.5171,134.5954,335.5,1.1,1,2014-09-07,0129,Terra,MODIS,82,6.2,313.2,23,D,0
-16.1096,136.5865,333.9,1.4,1.2,2014-09-07,0129,Terra,MODIS,79,6.2,308.5,32.2,D,0
-16.1217,136.5979,335.8,1.4,1.2,2014-09-07,0129,Terra,MODIS,82,6.2,309.2,38.2,D,0
-16.0991,136.588,332.3,1.4,1.2,2014-09-07,0129,Terra,MODIS,75,6.2,310,27.2,D,0
-15.457,134.8592,333.9,1.1,1,2014-09-07,0129,Terra,MODIS,79,6.2,310.8,20.5,D,0
-14.7837,134.7141,324.2,1.1,1,2014-09-07,0129,Terra,MODIS,55,6.2,310.6,7.8,D,0
-15.4351,135.7216,328,1.2,1.1,2014-09-07,0129,Terra,MODIS,57,6.2,308.9,16.9,D,0
-15.7968,136.4552,341.4,1.3,1.1,2014-09-07,0129,Terra,MODIS,87,6.2,304.6,51.4,D,0
-14.657,134.6685,326.4,1.1,1,2014-09-07,0129,Terra,MODIS,19,6.2,307.6,10,D,0
-15.865,136.2767,337,1.3,1.1,2014-09-07,0129,Terra,MODIS,83,6.2,306.9,36.9,D,0
-15.4617,134.8521,335.7,1.1,1,2014-09-07,0129,Terra,MODIS,77,6.2,312.2,22.6,D,0
-15.7776,136.3076,326.1,1.3,1.1,2014-09-07,0129,Terra,MODIS,66,6.2,302,16.8,D,0
-17.529,134.9971,347.6,1.2,1.1,2014-09-07,0129,Terra,MODIS,92,6.2,315.7,49.7,D,0
-17.5299,134.9307,331.2,1.2,1.1,2014-09-07,0129,Terra,MODIS,57,6.2,316.3,15.1,D,0
-16.2159,136.6187,336.7,1.4,1.2,2014-09-07,0129,Terra,MODIS,83,6.2,309.1,38.2,D,0
-14.5157,134.5856,338,1.1,1,2014-09-07,0129,Terra,MODIS,84,6.2,311.3,27.9,D,0
-16.2168,136.7917,335.5,1.4,1.2,2014-09-07,0129,Terra,MODIS,81,6.2,307.9,39.4,D,0
-15.3552,135.6605,324.4,1.2,1.1,2014-09-07,0129,Terra,MODIS,56,6.2,309.4,11,D,0
-14.5807,134.6458,324.4,1.1,1,2014-09-07,0129,Terra,MODIS,54,6.2,311.9,6.3,D,0
-14.8042,134.7455,327.4,1.1,1,2014-09-07,0129,Terra,MODIS,65,6.2,310.4,11.3,D,0
-16.2054,136.6201,354.1,1.4,1.2,2014-09-07,0129,Terra,MODIS,96,6.2,311.9,92.4,D,0
-16.2151,136.7785,347.9,1.4,1.2,2014-09-07,0129,Terra,MODIS,92,6.2,310,73.6,D,0
-15.4884,134.8378,333.1,1.1,1,2014-09-07,0129,Terra,MODIS,43,6.2,313.3,16.7,D,0
-14.8683,134.7969,338.9,1.1,1,2014-09-07,0129,Terra,MODIS,84,6.2,311.9,27.2,D,0
-14.6478,134.6699,325.7,1.1,1,2014-09-07,0129,Terra,MODIS,27,6.2,309.5,9.3,D,0
-14.1061,132.2896,323.8,1,1,2014-09-07,0129,Terra,MODIS,40,6.2,307.4,7,D,0
-14.2295,132.9265,335.6,1,1,2014-09-07,0129,Terra,MODIS,81,6.2,306.8,22.3,D,0
-14.2301,132.9924,323.8,1,1,2014-09-07,0129,Terra,MODIS,45,6.2,307.1,7,D,0
-15.9271,130.492,373.2,1.1,1.1,2014-09-07,0129,Terra,MODIS,100,6.2,313,135,D,0
-14.2205,132.9279,343.2,1,1,2014-09-07,0129,Terra,MODIS,89,6.2,311,33.9,D,0
-13.6632,129.8634,355.9,1.3,1.1,2014-09-07,0129,Terra,MODIS,97,6.2,306.4,99.4,D,0
-13.653,129.8651,330.2,1.3,1.1,2014-09-07,0129,Terra,MODIS,77,6.2,307.7,28,D,0
-15.9367,130.4904,334.2,1.1,1.1,2014-09-07,0129,Terra,MODIS,70,6.2,309.1,22.2,D,0
-14.0851,132.2737,336.1,1,1,2014-09-07,0129,Terra,MODIS,82,6.2,309.2,22.7,D,0
-14.0865,132.2831,330.4,1,1,2014-09-07,0129,Terra,MODIS,74,6.2,308,14.6,D,0
-14.0956,132.2817,325.3,1,1,2014-09-07,0129,Terra,MODIS,54,6.2,309.3,8.4,D,0
-15.9176,130.4935,328.1,1.1,1.1,2014-09-07,0129,Terra,MODIS,41,6.2,309.8,12.1,D,0
-15.7502,127.8486,325.4,1.7,1.3,2014-09-07,0129,Terra,MODIS,70,6.2,307.5,23.7,D,0
-16.2796,128.1073,337.2,1.6,1.2,2014-09-07,0129,Terra,MODIS,85,6.2,309.5,50,D,0
-16.2771,128.0927,326.1,1.6,1.2,2014-09-07,0129,Terra,MODIS,70,6.2,307.5,21.9,D,0
-15.7525,127.8541,321.2,1.7,1.3,2014-09-07,0129,Terra,MODIS,59,6.2,306.5,15.2,D,0
-15.7327,128.2137,319.6,1.6,1.2,2014-09-07,0129,Terra,MODIS,44,6.2,306.9,10.1,D,0
-13.651,129.8529,367.8,1.3,1.1,2014-09-07,0129,Terra,MODIS,100,6.2,308.3,150.2,D,0
-13.6612,129.8512,381,1.3,1.1,2014-09-07,0129,Terra,MODIS,100,6.2,307,224.4,D,0
-17.5218,134.9429,356.5,1.2,1.1,2014-09-07,0129,Terra,MODIS,98,6.2,316.1,73.9,D,0
-17.5232,134.9537,353,1.2,1.1,2014-09-07,0129,Terra,MODIS,96,6.2,315.6,63,D,0
-17.5261,134.9754,339.8,1.2,1.1,2014-09-07,0129,Terra,MODIS,86,6.2,317,32.5,D,0
-17.5276,134.9863,332.3,1.2,1.1,2014-09-07,0129,Terra,MODIS,58,6.2,315.6,18,D,0
-16.6765,137.0954,325.8,1.5,1.2,2014-09-07,0129,Terra,MODIS,47,6.2,309.6,17,D,0
-16.6799,137.103,325.9,1.5,1.2,2014-09-07,0129,Terra,MODIS,51,6.2,308,19.3,D,0
-17.3338,134.982,333.2,1.2,1.1,2014-09-07,0129,Terra,MODIS,41,6.2,312.1,19.3,D,0
-17.3598,134.9563,336.7,1.2,1.1,2014-09-07,0129,Terra,MODIS,51,6.2,314.4,22.9,D,0
-17.3679,134.9441,350.3,1.2,1.1,2014-09-07,0129,Terra,MODIS,93,6.2,315.8,51.9,D,0
-17.3694,134.9549,386.7,1.2,1.1,2014-09-07,0129,Terra,MODIS,100,6.2,317.2,201.7,D,0
-17.1054,134.6494,334.3,1.1,1.1,2014-09-07,0129,Terra,MODIS,76,6.2,313,22.9,D,0
-17.1069,134.6598,328.7,1.1,1.1,2014-09-07,0129,Terra,MODIS,40,6.2,314.3,13.5,D,0
-17.1135,134.6377,345.1,1.1,1.1,2014-09-07,0129,Terra,MODIS,90,6.2,313.8,43.3,D,0
-17.1149,134.6481,336.3,1.1,1.1,2014-09-07,0129,Terra,MODIS,35,6.2,315.5,24,D,0
-17.1163,134.6584,356,1.1,1.1,2014-09-07,0129,Terra,MODIS,97,6.2,316.1,69,D,0
-17.4426,134.8183,377.9,1.1,1.1,2014-09-07,0129,Terra,MODIS,100,6.2,312,160.9,D,0
-17.4521,134.8169,366.5,1.1,1.1,2014-09-07,0129,Terra,MODIS,100,6.2,307.6,111.7,D,0
-17.4698,134.8035,342.7,1.1,1.1,2014-09-07,0129,Terra,MODIS,89,6.2,307.3,45.9,D,0
-17.4729,134.7967,339.5,1.1,1.1,2014-09-07,0129,Terra,MODIS,86,6.2,308.1,38.2,D,0
-17.4743,134.8074,329.8,1.1,1.1,2014-09-07,0129,Terra,MODIS,65,6.2,305.7,21.5,D,0
-17.4824,134.7953,358.8,1.1,1.1,2014-09-07,0129,Terra,MODIS,99,6.2,306.6,87.7,D,0
-17.4839,134.806,325.9,1.1,1.1,2014-09-07,0129,Terra,MODIS,60,6.2,303.2,16.7,D,0
-15.4289,134.8633,330.3,1.1,1,2014-09-07,0129,Terra,MODIS,70,6.2,313,15.3,D,0
-17.1229,134.6363,393.3,1.1,1.1,2014-09-07,0129,Terra,MODIS,100,6.2,323,233.5,D,0
-17.1258,134.6571,342,1.1,1.1,2014-09-07,0129,Terra,MODIS,77,6.2,312.6,32.8,D,0
-17.1309,134.6246,377.9,1.1,1,2014-09-07,0129,Terra,MODIS,100,6.2,310.6,153.2,D,0
-17.1324,134.6349,382,1.1,1.1,2014-09-07,0129,Terra,MODIS,100,6.2,317.8,171.5,D,0
-17.1338,134.6453,337,1.1,1.1,2014-09-07,0129,Terra,MODIS,75,6.2,313.6,26.5,D,0
-17.1432,134.644,340.8,1.1,1.1,2014-09-07,0129,Terra,MODIS,87,6.2,311.6,35.3,D,0
-14.6689,132.7237,330.1,1,1,2014-09-07,0129,Terra,MODIS,51,6.2,313.2,11.8,D,0
-14.6703,132.7329,330.1,1,1,2014-09-07,0129,Terra,MODIS,62,6.2,311.9,11.8,D,0
-17.1215,134.626,384.3,1.1,1,2014-09-07,0129,Terra,MODIS,100,6.2,317.8,183.9,D,0
-17.095,134.7146,333,1.1,1.1,2014-09-07,0129,Terra,MODIS,66,6.2,314.4,17.2,D,0
-17.1059,134.7237,332.6,1.1,1.1,2014-09-07,0129,Terra,MODIS,69,6.2,314.2,15.3,D,0
-17.1045,134.7133,344.6,1.1,1.1,2014-09-07,0129,Terra,MODIS,90,6.2,316.1,38.7,D,0
-16.8833,135.2836,337.1,1.2,1.1,2014-09-07,0129,Terra,MODIS,84,6.2,313.6,27.3,D,0
-16.9059,135.2856,355.2,1.2,1.1,2014-09-07,0129,Terra,MODIS,97,6.2,316.2,73.6,D,0
-16.9074,135.2967,344,1.2,1.1,2014-09-07,0129,Terra,MODIS,90,6.2,314.8,43.6,D,0
-16.9171,135.2953,330.6,1.2,1.1,2014-09-07,0129,Terra,MODIS,56,6.2,314,15.4,D,0
-16.8094,135.2493,325.9,1.2,1.1,2014-09-07,0129,Terra,MODIS,30,6.2,314,9.7,D,0
-16.8108,135.2603,329.6,1.2,1.1,2014-09-07,0129,Terra,MODIS,63,6.2,312.3,16,D,0
-16.9396,135.3147,331.6,1.2,1.1,2014-09-07,0129,Terra,MODIS,29,6.2,313.2,17.7,D,0
-16.9494,135.3133,329.7,1.2,1.1,2014-09-07,0129,Terra,MODIS,19,6.2,312.8,13.9,D,0
-16.9704,135.3216,341,1.2,1.1,2014-09-07,0129,Terra,MODIS,87,6.2,314.2,37.3,D,0
-16.5707,136.8696,336.3,1.5,1.2,2014-09-07,0129,Terra,MODIS,83,6.2,310.2,37.8,D,0
-16.9719,135.3327,328.4,1.2,1.1,2014-09-07,0129,Terra,MODIS,46,6.2,311.5,14.1,D,0
-16.9816,135.3314,336.5,1.2,1.1,2014-09-07,0129,Terra,MODIS,83,6.2,313.2,28.4,D,0
-16.9704,135.4705,324,1.2,1.1,2014-09-07,0129,Terra,MODIS,41,6.2,312.3,9.4,D,0
-16.7837,135.2258,334.5,1.2,1.1,2014-09-07,0129,Terra,MODIS,75,6.2,315.5,22.4,D,0
-16.7852,135.2367,337.3,1.2,1.1,2014-09-07,0129,Terra,MODIS,81,6.2,313.8,28.8,D,0
-16.7125,135.1361,332.7,1.2,1.1,2014-09-07,0129,Terra,MODIS,75,6.2,313.2,20.5,D,0
-16.7139,135.1469,329.1,1.2,1.1,2014-09-07,0129,Terra,MODIS,42,6.2,312.5,14.3,D,0
-14.613,132.8426,328.7,1,1,2014-09-07,0129,Terra,MODIS,71,6.2,311,11.4,D,0
-14.6212,132.835,333.8,1,1,2014-09-07,0129,Terra,MODIS,79,6.2,312.4,18.7,D,0
-14.6225,132.8442,324,1,1,2014-09-07,0129,Terra,MODIS,46,6.2,310.4,6.4,D,0
-14.6627,132.7435,330.2,1,1,2014-09-07,0129,Terra,MODIS,48,6.2,312.5,10.7,D,0
-14.3612,132.3908,344,1,1,2014-09-07,0129,Terra,MODIS,90,6.2,306.2,35,D,0
-14.3626,132.4002,330.6,1,1,2014-09-07,0129,Terra,MODIS,71,6.2,305.8,13.6,D,0
-14.3703,132.3925,340.8,1,1,2014-09-07,0129,Terra,MODIS,87,6.2,306,31.8,D,0
-14.3717,132.4018,326.5,1,1,2014-09-07,0129,Terra,MODIS,68,6.2,306.1,11.2,D,0
-16.5599,136.871,326.7,1.5,1.2,2014-09-07,0129,Terra,MODIS,61,6.2,310,16.1,D,0
-14.5497,133.0375,323.4,1,1,2014-09-07,0129,Terra,MODIS,50,6.2,307.1,6.5,D,0
-15.4556,134.8491,335.7,1.1,1,2014-09-07,0129,Terra,MODIS,81,6.2,313.2,22.5,D,0
-15.5297,134.7906,334.1,1.1,1,2014-09-07,0129,Terra,MODIS,80,6.2,314.8,19.4,D,0
-14.6639,132.0775,330.3,1,1,2014-09-07,0129,Terra,MODIS,57,6.2,312.8,12.7,D,0
-14.6653,132.0869,328.2,1,1,2014-09-07,0129,Terra,MODIS,34,6.2,311.7,10.8,D,0
-14.6715,132.0666,328.8,1,1,2014-09-07,0129,Terra,MODIS,30,6.2,312.4,9.7,D,0
-14.673,132.076,332.3,1,1,2014-09-07,0129,Terra,MODIS,67,6.2,311,15.1,D,0
-15.4397,134.872,338.3,1.1,1,2014-09-07,0129,Terra,MODIS,83,6.2,311.9,28.4,D,0
-15.56,134.7596,325.7,1.1,1,2014-09-07,0129,Terra,MODIS,51,6.2,314.2,7.5,D,0
-15.4383,134.8619,347.9,1.1,1,2014-09-07,0129,Terra,MODIS,92,6.2,312.6,46.9,D,0
-17.3842,134.9198,364.2,1.1,1.1,2014-09-07,0129,Terra,MODIS,100,6.2,315.7,94.7,D,0
-17.3857,134.9306,350.1,1.1,1.1,2014-09-07,0129,Terra,MODIS,94,6.2,314.6,52.9,D,0
-17.3849,134.8542,395.3,1.1,1.1,2014-09-07,0129,Terra,MODIS,100,6.2,323.7,248.6,D,0
-17.3864,134.8649,411.6,1.1,1.1,2014-09-07,0129,Terra,MODIS,100,6.2,326.6,374.8,D,0
-17.3866,134.8371,341.9,1.1,1.1,2014-09-07,0129,Terra,MODIS,88,6.2,315.5,34.7,D,0
-17.3881,134.8478,366,1.1,1.1,2014-09-07,0129,Terra,MODIS,100,6.2,319,102.2,D,0
-17.3895,134.8585,432.8,1.1,1.1,2014-09-07,0129,Terra,MODIS,100,6.2,335.4,599.5,D,0
-17.3879,134.8756,333.2,1.1,1.1,2014-09-07,0129,Terra,MODIS,70,6.2,316.3,15.2,D,0
-17.3909,134.8692,358.6,1.1,1.1,2014-09-07,0129,Terra,MODIS,99,6.2,318.8,76.5,D,0
-17.3962,134.8357,399.7,1.1,1.1,2014-09-07,0129,Terra,MODIS,100,6.2,322.6,284.4,D,0
-17.3976,134.8464,461.6,1.1,1.1,2014-09-07,0129,Terra,MODIS,100,6.2,344.6,1037.2,D,0
-17.3991,134.8571,394.2,1.1,1.1,2014-09-07,0129,Terra,MODIS,100,6.2,321.9,245.3,D,0
-17.4077,134.9215,336.3,1.1,1.1,2014-09-07,0129,Terra,MODIS,60,6.2,313.4,23.6,D,0
-17.4072,134.845,364.2,1.1,1.1,2014-09-07,0129,Terra,MODIS,100,6.2,310.9,97.5,D,0
-17.4086,134.8557,333.5,1.1,1.1,2014-09-07,0129,Terra,MODIS,41,6.2,310.1,17.3,D,0
-17.4173,134.9201,330.6,1.1,1.1,2014-09-07,0129,Terra,MODIS,55,6.2,312.3,15.9,D,0
-17.4182,134.8544,354.2,1.1,1.1,2014-09-07,0129,Terra,MODIS,96,6.2,312.8,62.2,D,0
-17.4197,134.8651,338.3,1.1,1.1,2014-09-07,0129,Terra,MODIS,70,6.2,313.2,24.8,D,0
-17.4254,134.908,341.3,1.1,1.1,2014-09-07,0129,Terra,MODIS,88,6.2,314.6,33.9,D,0
-17.4263,134.8423,342.5,1.1,1.1,2014-09-07,0129,Terra,MODIS,64,6.2,312.6,34.5,D,0
-17.4278,134.853,345,1.1,1.1,2014-09-07,0129,Terra,MODIS,91,6.2,315.3,39.8,D,0
-17.435,134.9066,335.3,1.1,1.1,2014-09-07,0129,Terra,MODIS,53,6.2,313.8,21.2,D,0
-17.4345,134.8303,383.6,1.1,1.1,2014-09-07,0129,Terra,MODIS,100,6.2,317.3,186.3,D,0
-17.4359,134.841,371.4,1.1,1.1,2014-09-07,0129,Terra,MODIS,100,6.2,318.7,123.3,D,0
-17.444,134.8289,441.8,1.1,1.1,2014-09-07,0129,Terra,MODIS,100,6.2,333.3,722.1,D,0
-17.4455,134.8396,350.1,1.1,1.1,2014-09-07,0129,Terra,MODIS,68,6.2,317.9,50.6,D,0
-17.4536,134.8276,427.6,1.1,1.1,2014-09-07,0129,Terra,MODIS,100,6.2,327,541.4,D,0
-17.4551,134.8382,349.2,1.1,1.1,2014-09-07,0129,Terra,MODIS,78,6.2,317.7,49.6,D,0
-17.4565,134.8489,346.3,1.1,1.1,2014-09-07,0129,Terra,MODIS,87,6.2,316.2,40.4,D,0
-17.4632,134.8262,371.7,1.1,1.1,2014-09-07,0129,Terra,MODIS,100,6.2,310.2,131.2,D,0
-17.4646,134.8369,374.4,1.1,1.1,2014-09-07,0129,Terra,MODIS,100,6.2,314.3,138.7,D,0
-17.4661,134.8476,347.7,1.1,1.1,2014-09-07,0129,Terra,MODIS,71,6.2,313.1,45.2,D,0
-17.4676,134.8583,385.5,1.1,1.1,2014-09-07,0129,Terra,MODIS,100,6.2,320.6,187.9,D,0
-17.469,134.869,341,1.1,1.1,2014-09-07,0129,Terra,MODIS,57,6.2,316.4,25.4,D,0
-17.4757,134.8462,440,1.1,1.1,2014-09-07,0129,Terra,MODIS,100,6.2,333.2,698.2,D,0
-17.4771,134.8569,413.4,1.1,1.1,2014-09-07,0129,Terra,MODIS,100,6.2,329.3,390.7,D,0
-17.4786,134.8676,348,1.1,1.1,2014-09-07,0129,Terra,MODIS,88,6.2,318.7,42,D,0
-17.4786,134.8394,394.4,1.1,1.1,2014-09-07,0129,Terra,MODIS,100,6.2,318,255.7,D,0
-17.48,134.8501,423.8,1.1,1.1,2014-09-07,0129,Terra,MODIS,100,6.2,337.1,502.6,D,0
-17.4814,134.8608,364.4,1.1,1.1,2014-09-07,0129,Terra,MODIS,100,6.2,320.8,99.9,D,0
-17.4828,134.8715,349.6,1.1,1.1,2014-09-07,0129,Terra,MODIS,94,6.2,318.2,55.1,D,0
-17.4881,134.838,380.3,1.1,1.1,2014-09-07,0129,Terra,MODIS,100,6.2,308.3,174.8,D,0
-17.4896,134.8487,406.5,1.1,1.1,2014-09-07,0129,Terra,MODIS,100,6.2,318.8,341.7,D,0
-17.491,134.8594,345.1,1.1,1.1,2014-09-07,0129,Terra,MODIS,91,6.2,310.4,45.9,D,0
-17.4924,134.8702,327.8,1.1,1.1,2014-09-07,0129,Terra,MODIS,59,6.2,311.4,13.3,D,0
-17.5198,134.8553,329.5,1.1,1.1,2014-09-07,0129,Terra,MODIS,46,6.2,315,15.2,D,0
-17.5241,134.8875,333.3,1.1,1.1,2014-09-07,0129,Terra,MODIS,64,6.2,314.5,19.3,D,0
-15.4303,134.8734,326.6,1.1,1,2014-09-07,0129,Terra,MODIS,53,6.2,310.3,11.1,D,0
-15.8574,130.5099,324.6,1.1,1.1,2014-09-07,0129,Terra,MODIS,33,6.2,310.1,9.7,D,0
-16.8249,134.9284,324.8,1.1,1.1,2014-09-07,0129,Terra,MODIS,43,6.2,311.7,9.1,D,0
-19.5827,127.5136,327.7,1.5,1.2,2014-09-07,0130,Terra,MODIS,63,6.2,305.8,23.5,D,0
-19.5935,127.5115,376,1.5,1.2,2014-09-07,0130,Terra,MODIS,100,6.2,311,223.3,D,0
-19.596,127.5257,331.4,1.5,1.2,2014-09-07,0130,Terra,MODIS,66,6.2,310.1,27.7,D,0
-18.5604,127.4854,323.6,1.6,1.2,2014-09-07,0130,Terra,MODIS,56,6.2,310.3,15.2,D,0
-18.56,127.4786,323,1.6,1.2,2014-09-07,0130,Terra,MODIS,56,6.2,309.5,13.9,D,0
-18.6621,127.4682,328.3,1.6,1.2,2014-09-07,0130,Terra,MODIS,68,6.2,312.4,23.3,D,0
-18.6102,127.4381,328.6,1.6,1.2,2014-09-07,0130,Terra,MODIS,69,6.2,310.2,25.6,D,0
-20.9013,135.3385,325.5,1.3,1.1,2014-09-07,0130,Terra,MODIS,54,6.2,311,15.9,D,0
-18.0846,127.8006,321.7,1.5,1.2,2014-09-07,0130,Terra,MODIS,55,6.2,309.8,12.1,D,0
-18.2773,130.0074,346.5,1.1,1.1,2014-09-07,0130,Terra,MODIS,92,6.2,311.8,46.9,D,0
-19.5911,127.4973,369.1,1.5,1.2,2014-09-07,0130,Terra,MODIS,100,6.2,309,178.8,D,0
-19.5727,127.4567,328.7,1.5,1.2,2014-09-07,0130,Terra,MODIS,59,6.2,311.9,21.1,D,0
-19.5626,127.3992,326.7,1.5,1.2,2014-09-07,0130,Terra,MODIS,54,6.2,312.1,15.4,D,0
-19.5643,127.473,325.9,1.5,1.2,2014-09-07,0130,Terra,MODIS,28,6.2,310.2,17.1,D,0
-19.5618,127.4587,347.2,1.5,1.2,2014-09-07,0130,Terra,MODIS,92,6.2,311.8,75.8,D,0
-18.2488,130.0123,328.4,1.1,1.1,2014-09-07,0130,Terra,MODIS,37,6.2,311.6,13.9,D,0
-18.241,130.0246,327.3,1.1,1.1,2014-09-07,0130,Terra,MODIS,37,6.2,309.7,13.2,D,0
-19.5713,127.463,340.5,1.5,1.2,2014-09-07,0130,Terra,MODIS,87,6.2,311.8,53.1,D,0
-19.5689,127.4487,326.2,1.5,1.2,2014-09-07,0130,Terra,MODIS,33,6.2,311.3,14.4,D,0
-18.2868,130.0058,330.8,1.1,1.1,2014-09-07,0130,Terra,MODIS,76,6.2,311.1,17.1,D,0
-18.2902,130.027,335.9,1.1,1.1,2014-09-07,0130,Terra,MODIS,76,6.2,311.8,25.9,D,0
-18.1627,129.9898,327.3,1.1,1.1,2014-09-07,0130,Terra,MODIS,60,6.2,312.9,12.4,D,0
-18.3204,130.0327,327.7,1.1,1.1,2014-09-07,0130,Terra,MODIS,22,6.2,312,12.4,D,0
-17.9738,128.0366,322.3,1.5,1.2,2014-09-07,0130,Terra,MODIS,58,6.2,309.9,11.6,D,0
-18.8404,128.5661,326.6,1.3,1.1,2014-09-07,0130,Terra,MODIS,57,6.2,312.6,13.7,D,0
-18.3299,130.0311,333.8,1.1,1.1,2014-09-07,0130,Terra,MODIS,74,6.2,312.5,21.4,D,0
-19.5604,127.4651,339.8,1.5,1.2,2014-09-07,0130,Terra,MODIS,86,6.2,310.4,51.8,D,0
-19.6044,127.5095,339.5,1.5,1.2,2014-09-07,0130,Terra,MODIS,86,6.2,310.7,48.9,D,0
-19.2938,130.8454,323.8,1,1,2014-09-07,0130,Terra,MODIS,43,6.2,310.9,7.3,D,0
-19.6128,127.4933,327.7,1.5,1.2,2014-09-07,0130,Terra,MODIS,63,6.2,311,18.2,D,0
-19.6152,127.5075,336.7,1.5,1.2,2014-09-07,0130,Terra,MODIS,83,6.2,311,40.1,D,0
-18.3445,130.0334,377.6,1.1,1.1,2014-09-07,0130,Terra,MODIS,100,6.2,313.5,155,D,0
-18.3428,130.0229,338.6,1.1,1.1,2014-09-07,0130,Terra,MODIS,85,6.2,313.6,31.3,D,0
-18.335,130.0351,340.8,1.1,1.1,2014-09-07,0130,Terra,MODIS,87,6.2,311.8,37.3,D,0
-19.6019,127.4953,340.5,1.5,1.2,2014-09-07,0130,Terra,MODIS,87,6.2,309.4,51.8,D,0
-19.5616,127.4055,324.8,1.5,1.2,2014-09-07,0130,Terra,MODIS,38,6.2,311.6,11.9,D,0
-19.275,130.8348,340.8,1,1,2014-09-07,0130,Terra,MODIS,87,6.2,313.7,29.9,D,0
-16.4699,124.1708,320.5,3,1.7,2014-09-07,0130,Terra,MODIS,61,6.2,301.9,50.7,D,0
-16.4713,124.1776,326.6,3,1.7,2014-09-07,0130,Terra,MODIS,74,6.2,302.4,83.2,D,0
-16.4752,124.198,323.3,3,1.7,2014-09-07,0130,Terra,MODIS,69,6.2,302.4,68.1,D,0
-16.4764,124.2052,318.3,3,1.7,2014-09-07,0130,Terra,MODIS,52,6.2,302.1,42.9,D,0
-20.5059,127.3168,334.6,1.5,1.2,2014-09-07,0131,Terra,MODIS,60,6.2,313.5,33,D,0
-20.5108,127.3451,328.1,1.5,1.2,2014-09-07,0131,Terra,MODIS,34,6.2,308.9,20.5,D,0
-22.4134,130.3912,331.5,1,1,2014-09-07,0131,Terra,MODIS,78,6.2,312,18.2,D,0
-20.5216,127.343,328.6,1.5,1.2,2014-09-07,0131,Terra,MODIS,52,6.2,311.5,20.6,D,0
-20.5564,127.3509,327.8,1.5,1.2,2014-09-07,0131,Terra,MODIS,70,6.2,311.5,20.3,D,0
-20.5084,127.331,341.4,1.5,1.2,2014-09-07,0131,Terra,MODIS,87,6.2,313.9,54.2,D,0
-21.4041,132.4029,336.2,1,1,2014-09-07,0131,Terra,MODIS,83,6.2,310.6,24.5,D,0
-21.3165,120.9972,339,4.1,1.9,2014-09-07,0131,Terra,MODIS,87,6.2,303.5,247.7,D,0
-21.3127,121.0037,335.9,4.1,1.9,2014-09-07,0131,Terra,MODIS,85,6.2,303.1,207.9,D,0
-24.3944,119.9467,333.7,4.1,1.9,2014-09-07,0132,Terra,MODIS,84,6.2,296.8,204.5,D,0
-24.3977,119.9403,327.1,4.1,1.9,2014-09-07,0132,Terra,MODIS,78,6.2,297.5,140.4,D,0
-24.403,119.9862,322,4.1,1.9,2014-09-07,0132,Terra,MODIS,71,6.2,295.2,95.9,D,0
-24.4065,119.9798,327.4,4.1,1.9,2014-09-07,0132,Terra,MODIS,78,6.2,295.3,142.9,D,0
-42.4468,147.9034,320.3,1,1,2014-09-07,0409,Aqua,MODIS,80,6.2,292.3,17.9,D,0
-41.3559,148.2842,333.3,1,1,2014-09-07,0409,Aqua,MODIS,67,6.2,295,32.6,D,0
-41.3576,148.2722,339.1,1,1,2014-09-07,0409,Aqua,MODIS,79,6.2,295.8,41.4,D,0
-42.9997,147.673,302.7,1,1,2014-09-07,0409,Aqua,MODIS,39,6.2,289.6,5,D,0
-42.4452,147.9157,326.1,1,1,2014-09-07,0409,Aqua,MODIS,84,6.2,293,23.8,D,0
-42.4742,147.6266,315.1,1,1,2014-09-07,0409,Aqua,MODIS,75,6.2,291.9,14.2,D,0
-35.5606,143.9625,305,1.2,1.1,2014-09-07,0411,Aqua,MODIS,11,6.2,292.4,5.6,D,0
-37.1257,143.2965,302.4,1.3,1.1,2014-09-07,0411,Aqua,MODIS,52,6.2,290.7,6.9,D,0
-35.4321,144.1015,347.3,1.1,1.1,2014-09-07,0411,Aqua,MODIS,94,6.2,299.8,62.2,D,0
-35.4417,144.1032,320.6,1.1,1.1,2014-09-07,0411,Aqua,MODIS,77,6.2,296.4,17.2,D,0
-35.2036,144.0734,318.9,1.1,1.1,2014-09-07,0411,Aqua,MODIS,74,6.2,296.2,15.2,D,0
-35.2051,144.0609,324.2,1.1,1.1,2014-09-07,0411,Aqua,MODIS,80,6.2,299.6,21.5,D,0
-37.1241,143.3117,308.7,1.3,1.1,2014-09-07,0411,Aqua,MODIS,68,6.2,290.8,12.3,D,0
-34.3629,147.8043,306.4,1,1,2014-09-07,0411,Aqua,MODIS,61,6.2,296,5.5,D,0
-35.647,145.5151,312.9,1,1,2014-09-07,0411,Aqua,MODIS,71,6.2,296.1,9.7,D,0
-35.0111,145.9402,331,1,1,2014-09-07,0411,Aqua,MODIS,85,6.2,299.3,26.6,D,0
-34.4222,146.2796,310.7,1,1,2014-09-07,0411,Aqua,MODIS,50,6.2,299.3,4.6,D,0
-35.5042,145.6915,357.8,1,1,2014-09-07,0411,Aqua,MODIS,99,6.2,300.5,79.7,D,0
-35.4272,145.5059,311.5,1,1,2014-09-07,0411,Aqua,MODIS,66,6.2,293.7,7.6,D,0
-35.4531,145.3817,318.1,1,1,2014-09-07,0411,Aqua,MODIS,75,6.2,298.2,12.9,D,0
-35.5057,145.6802,335.9,1,1,2014-09-07,0411,Aqua,MODIS,89,6.2,298.2,34.4,D,0
-35.6613,145.6773,326.4,1,1,2014-09-07,0411,Aqua,MODIS,84,6.2,295.2,22.7,D,0
-35.6486,145.5036,332.5,1,1,2014-09-07,0411,Aqua,MODIS,87,6.2,297.2,31.2,D,0
-35.6521,145.6755,385.5,1,1,2014-09-07,0411,Aqua,MODIS,100,6.2,301.4,182.6,D,0
-35.4257,145.5173,335.6,1,1,2014-09-07,0411,Aqua,MODIS,89,6.2,294,35.3,D,0
-35.4638,145.3721,332.5,1,1,2014-09-07,0411,Aqua,MODIS,87,6.2,297.9,29.5,D,0
-35.4965,145.6783,321.7,1,1,2014-09-07,0411,Aqua,MODIS,79,6.2,299.1,16.7,D,0
-34.1776,145.8633,323.7,1,1,2014-09-07,0411,Aqua,MODIS,56,6.2,301.6,17.5,D,0
-35.5415,145.1924,331.5,1.1,1,2014-09-07,0411,Aqua,MODIS,86,6.2,294.5,30.4,D,0
-35.7537,145.5958,313.2,1,1,2014-09-07,0411,Aqua,MODIS,72,6.2,293.8,10.1,D,0
-35.7237,145.4901,341.4,1,1,2014-09-07,0411,Aqua,MODIS,92,6.2,296.3,46.5,D,0
-35.4715,145.3854,354.7,1,1,2014-09-07,0411,Aqua,MODIS,98,6.2,300.7,73.2,D,0
-35.4623,145.3836,348.3,1,1,2014-09-07,0411,Aqua,MODIS,95,6.2,301.3,57.7,D,0
-35.473,145.3739,337.5,1,1,2014-09-07,0411,Aqua,MODIS,90,6.2,296.8,37.7,D,0
-35.7252,145.4786,321.6,1,1,2014-09-07,0411,Aqua,MODIS,80,6.2,295.8,18.2,D,0
-35.495,145.6897,327.5,1,1,2014-09-07,0411,Aqua,MODIS,84,6.2,299.4,23.2,D,0
-35.4983,144.6553,332.5,1.1,1,2014-09-07,0411,Aqua,MODIS,87,6.2,294.9,33.3,D,0
-35.4998,144.6432,311.3,1.1,1,2014-09-07,0411,Aqua,MODIS,52,6.2,294.2,8.5,D,0
-32.4707,146.5539,313.4,1,1,2014-09-07,0412,Aqua,MODIS,54,6.2,290.5,9.9,D,0
-33.7435,146.5305,309.7,1,1,2014-09-07,0412,Aqua,MODIS,26,6.2,297.3,5,D,0
-33.543,146.949,321.3,1,1,2014-09-07,0412,Aqua,MODIS,78,6.2,301.3,15.2,D,0
-29.2199,148.4043,311.9,1.2,1.1,2014-09-07,0413,Aqua,MODIS,51,6.2,289.5,8.9,D,0
-29.222,148.3919,312.1,1.2,1.1,2014-09-07,0413,Aqua,MODIS,51,6.2,290.2,9,D,0
-20.9166,135.3398,342.8,2.6,1.6,2014-09-07,0415,Aqua,MODIS,87,6.2,314.9,135.3,D,0
-20.9191,135.3148,328.9,2.6,1.6,2014-09-07,0415,Aqua,MODIS,63,6.2,311.6,51.8,D,0
-19.7343,147.4582,328.2,1.5,1.2,2014-09-07,0415,Aqua,MODIS,77,6.2,299.5,36.4,D,0
-17.5276,134.9704,331.6,2.5,1.5,2014-09-07,0416,Aqua,MODIS,44,6.2,315,48.9,D,0
-17.3609,134.9629,333.9,2.5,1.5,2014-09-07,0416,Aqua,MODIS,44,6.2,315.2,58.6,D,0
-17.4157,134.7835,346.4,2.6,1.5,2014-09-07,0416,Aqua,MODIS,88,6.2,310.4,160.9,D,0
-16.6872,137.1101,328.4,1.7,1.3,2014-09-07,0416,Aqua,MODIS,44,6.2,309.5,22.2,D,0
-16.6891,137.0944,356.4,1.7,1.3,2014-09-07,0416,Aqua,MODIS,98,6.2,313.3,128.8,D,0
-17.1451,134.6344,327.8,2.6,1.6,2014-09-07,0416,Aqua,MODIS,33,6.2,309.4,49,D,0
-16.7329,134.9707,326.3,2.4,1.5,2014-09-07,0416,Aqua,MODIS,61,6.2,312.2,27,D,0
-16.6887,135.0517,334.9,2.4,1.5,2014-09-07,0416,Aqua,MODIS,82,6.2,314.6,66.6,D,0
-16.6912,135.0293,331.3,2.4,1.5,2014-09-07,0416,Aqua,MODIS,77,6.2,314.6,49,D,0
-17.107,134.7287,330.7,2.6,1.5,2014-09-07,0416,Aqua,MODIS,68,6.2,312.2,47.4,D,0
-17.1095,134.7045,330.7,2.6,1.5,2014-09-07,0416,Aqua,MODIS,44,6.2,313.4,48,D,0
-17.0881,134.7217,328,2.6,1.5,2014-09-07,0416,Aqua,MODIS,55,6.2,313.4,39.1,D,0
-17.102,134.7233,332.3,2.6,1.5,2014-09-07,0416,Aqua,MODIS,76,6.2,311.9,57.3,D,0
-17.0742,134.7201,339.5,2.6,1.5,2014-09-07,0416,Aqua,MODIS,86,6.2,313.2,105.8,D,0
-17.0768,134.6959,343.8,2.6,1.5,2014-09-07,0416,Aqua,MODIS,89,6.2,312.9,139.6,D,0
-16.7141,134.8235,325.1,2.5,1.5,2014-09-07,0416,Aqua,MODIS,51,6.2,310,37,D,0
-16.8823,135.2706,328.3,2.3,1.5,2014-09-07,0416,Aqua,MODIS,24,6.2,314.9,28,D,0
-16.5703,136.8553,335.7,1.7,1.3,2014-09-07,0416,Aqua,MODIS,82,6.2,311.3,41.2,D,0
-16.5684,136.8717,337.4,1.7,1.3,2014-09-07,0416,Aqua,MODIS,84,6.2,313.5,45.8,D,0
-16.9817,135.4414,329.4,2.3,1.5,2014-09-07,0416,Aqua,MODIS,73,6.2,315.7,39.5,D,0
-16.7828,135.2316,337,2.3,1.5,2014-09-07,0416,Aqua,MODIS,77,6.2,312.7,70.5,D,0
-16.7865,135.2251,337.4,2.3,1.5,2014-09-07,0416,Aqua,MODIS,78,6.2,313.9,75,D,0
-16.7782,135.1798,327.8,2.3,1.5,2014-09-07,0416,Aqua,MODIS,44,6.2,313.8,30.2,D,0
-16.7161,135.1279,329.8,2.4,1.5,2014-09-07,0416,Aqua,MODIS,66,6.2,312.1,41.2,D,0
-16.7027,135.1261,326,2.4,1.5,2014-09-07,0416,Aqua,MODIS,14,6.2,311.5,25.9,D,0
-16.7188,135.1462,327.1,2.4,1.5,2014-09-07,0416,Aqua,MODIS,60,6.2,311.5,33.6,D,0
-16.708,135.1222,332.7,2.4,1.5,2014-09-07,0416,Aqua,MODIS,79,6.2,311.9,57,D,0
-17.3852,134.8704,330.5,2.5,1.5,2014-09-07,0416,Aqua,MODIS,43,6.2,315.5,34.8,D,0
-17.5241,134.874,336,2.5,1.5,2014-09-07,0416,Aqua,MODIS,57,6.2,312.4,72.6,D,0
-17.4799,134.8396,336,2.5,1.5,2014-09-07,0416,Aqua,MODIS,47,6.2,317.1,64.2,D,0
-15.4906,145.1595,326.4,1.3,1.1,2014-09-07,0416,Aqua,MODIS,32,6.2,299.5,21.1,D,0
-15.5819,145.2906,327.4,1.3,1.1,2014-09-07,0416,Aqua,MODIS,75,6.2,299.4,25.2,D,0
-15.4822,144.9476,331.3,1.2,1.1,2014-09-07,0416,Aqua,MODIS,67,6.2,303.4,27,D,0
-15.5625,145.1533,333,1.3,1.1,2014-09-07,0416,Aqua,MODIS,76,6.2,301.8,29,D,0
-18.3924,145.3989,334.3,1.2,1.1,2014-09-07,0416,Aqua,MODIS,79,6.2,301.2,34,D,0
-18.4869,146.0835,313.7,1.3,1.1,2014-09-07,0416,Aqua,MODIS,21,6.2,297.6,12,D,0
-17.5302,134.9469,332,2.5,1.5,2014-09-07,0416,Aqua,MODIS,61,6.2,315.6,52.9,D,0
-16.4778,144.8723,320.9,1.2,1.1,2014-09-07,0416,Aqua,MODIS,46,6.2,306,8.1,D,0
-16.5566,145.1464,335.8,1.2,1.1,2014-09-07,0416,Aqua,MODIS,83,6.2,307.9,32.3,D,0
-15.5921,145.2923,336.3,1.3,1.1,2014-09-07,0416,Aqua,MODIS,85,6.2,301.4,41.8,D,0
-15.3721,145.2544,331.5,1.3,1.1,2014-09-07,0416,Aqua,MODIS,76,6.2,297.1,38.6,D,0
-16.5647,145.1596,325,1.2,1.1,2014-09-07,0416,Aqua,MODIS,32,6.2,306.2,13.4,D,0
-17.5328,134.9232,330.9,2.5,1.5,2014-09-07,0416,Aqua,MODIS,60,6.2,314.8,49.1,D,0
-15.5902,145.3043,343.2,1.3,1.1,2014-09-07,0416,Aqua,MODIS,79,6.2,299.5,57.4,D,0
-18.3896,145.4795,320.5,1.2,1.1,2014-09-07,0416,Aqua,MODIS,28,6.2,297.7,13.4,D,0
-15.5045,145.1373,325,1.3,1.1,2014-09-07,0416,Aqua,MODIS,40,6.2,296.8,17.7,D,0
-15.5644,145.1414,337.4,1.3,1.1,2014-09-07,0416,Aqua,MODIS,80,6.2,305.4,37.9,D,0
-15.484,144.9363,341.5,1.2,1.1,2014-09-07,0416,Aqua,MODIS,89,6.2,303.6,48.5,D,0
-15.6219,145.1025,327.2,1.3,1.1,2014-09-07,0416,Aqua,MODIS,75,6.2,303,23.7,D,0
-15.5158,144.9366,331.9,1.2,1.1,2014-09-07,0416,Aqua,MODIS,80,6.2,304.5,24.6,D,0
-15.4921,144.9494,326.6,1.2,1.1,2014-09-07,0416,Aqua,MODIS,34,6.2,304.5,17.9,D,0
-15.4905,144.9678,330.2,1.2,1.1,2014-09-07,0416,Aqua,MODIS,67,6.2,304.6,24.2,D,0
-15.5097,144.9115,352.2,1.2,1.1,2014-09-07,0416,Aqua,MODIS,96,6.2,305,75.9,D,0
-15.6201,145.1143,338.2,1.3,1.1,2014-09-07,0416,Aqua,MODIS,86,6.2,303.6,43.7,D,0
-15.6182,145.126,328.5,1.3,1.1,2014-09-07,0416,Aqua,MODIS,69,6.2,298.1,24.3,D,0
-15.4924,144.9562,338.8,1.2,1.1,2014-09-07,0416,Aqua,MODIS,87,6.2,305.1,39.5,D,0
-15.533,144.8924,317.4,1.2,1.1,2014-09-07,0416,Aqua,MODIS,21,6.2,299.5,10,D,0
-15.4979,144.9213,327.5,1.2,1.1,2014-09-07,0416,Aqua,MODIS,12,6.2,303.1,19.3,D,0
-15.4904,144.9609,336.2,1.2,1.1,2014-09-07,0416,Aqua,MODIS,85,6.2,305.3,36.9,D,0
-15.5213,144.9022,330.9,1.2,1.1,2014-09-07,0416,Aqua,MODIS,56,6.2,302.2,27.2,D,0
-15.5375,144.9284,323,1.2,1.1,2014-09-07,0416,Aqua,MODIS,40,6.2,302.3,13.7,D,0
-15.4886,144.9725,317.8,1.2,1.1,2014-09-07,0416,Aqua,MODIS,39,6.2,303.5,8.6,D,0
-15.5079,144.9229,337.3,1.2,1.1,2014-09-07,0416,Aqua,MODIS,85,6.2,305.2,35.7,D,0
-15.5312,144.9039,343.4,1.2,1.1,2014-09-07,0416,Aqua,MODIS,90,6.2,303.8,54.5,D,0
-15.6064,145.136,330.1,1.3,1.1,2014-09-07,0416,Aqua,MODIS,52,6.2,303.3,26.2,D,0
-15.5392,144.9171,333.5,1.2,1.1,2014-09-07,0416,Aqua,MODIS,82,6.2,302.6,32.2,D,0
-13.8021,135.1916,325.1,2.1,1.4,2014-09-07,0417,Aqua,MODIS,37,6.2,305.3,27.7,D,0
-15.5682,133.1321,326.2,3.2,1.7,2014-09-07,0417,Aqua,MODIS,34,6.2,312.1,43.8,D,0
-15.5528,133.1304,341.2,3.2,1.7,2014-09-07,0417,Aqua,MODIS,88,6.2,310.1,159,D,0
-15.556,133.1237,343.3,3.2,1.7,2014-09-07,0417,Aqua,MODIS,89,6.2,311,180.8,D,0
-11.9258,142.6423,340.6,1.1,1,2014-09-07,0417,Aqua,MODIS,89,6.2,300.3,34.9,D,0
-13.8381,135.2159,329,2.1,1.4,2014-09-07,0417,Aqua,MODIS,45,6.2,305.6,40.1,D,0
-11.9272,142.6326,333.4,1.1,1,2014-09-07,0417,Aqua,MODIS,83,6.2,300.9,21.6,D,0
-13.6863,131.8976,327.9,3.8,1.8,2014-09-07,0417,Aqua,MODIS,73,6.2,306,78.6,D,0
-13.8404,135.1963,339.7,2.1,1.4,2014-09-07,0417,Aqua,MODIS,87,6.2,304.3,90,D,0
-11.9287,142.6229,323,1.1,1,2014-09-07,0417,Aqua,MODIS,53,6.2,302.6,7.4,D,0
-15.6271,133.0157,330,3.3,1.7,2014-09-07,0417,Aqua,MODIS,76,6.2,308.1,88,D,0
-13.5759,133.2923,321.6,3,1.6,2014-09-07,0417,Aqua,MODIS,50,6.2,304.1,31.4,D,0
-13.5766,133.2995,320.3,3,1.6,2014-09-07,0417,Aqua,MODIS,38,6.2,303.3,24.9,D,0
-15.6122,133.0381,327.9,3.3,1.7,2014-09-07,0417,Aqua,MODIS,61,6.2,310.6,58.6,D,0
-14.3736,132.3652,324.3,3.6,1.8,2014-09-07,0417,Aqua,MODIS,37,6.2,306.6,46.9,D,0
-14.2031,132.2071,331.8,3.7,1.8,2014-09-07,0417,Aqua,MODIS,79,6.2,297.5,130.1,D,0
-14.1949,132.1993,334.3,3.7,1.8,2014-09-07,0417,Aqua,MODIS,82,6.2,298.7,150.4,D,0
-13.9092,135.3879,340.2,2.1,1.4,2014-09-07,0417,Aqua,MODIS,87,6.2,303.1,87.6,D,0
-13.8989,135.3672,326.2,2.1,1.4,2014-09-07,0417,Aqua,MODIS,32,6.2,306,31.4,D,0
-13.8966,135.3865,325.6,2.1,1.4,2014-09-07,0417,Aqua,MODIS,22,6.2,307.7,27.4,D,0
-13.8156,135.1883,328.8,2.1,1.4,2014-09-07,0417,Aqua,MODIS,66,6.2,304.3,41.9,D,0
-11.9379,142.6243,332.5,1.1,1,2014-09-07,0417,Aqua,MODIS,82,6.2,303.2,19.9,D,0
-13.8029,135.1867,329.5,2.1,1.4,2014-09-07,0417,Aqua,MODIS,69,6.2,305.4,43.3,D,0
-13.8149,135.1933,328.5,2.1,1.4,2014-09-07,0417,Aqua,MODIS,52,6.2,304.5,39.6,D,0
-13.8508,136.7039,317.2,1.6,1.3,2014-09-07,0417,Aqua,MODIS,27,6.2,297.2,14.3,D,0
-13.497,130.8114,324.9,4.6,2,2014-09-07,0417,Aqua,MODIS,67,6.2,297.6,107,D,0
-16.2358,136.6028,350.5,1.8,1.3,2014-09-07,0417,Aqua,MODIS,94,6.2,312,105,D,0
-13.8508,135.2174,326.4,2.1,1.4,2014-09-07,0417,Aqua,MODIS,52,6.2,304.8,33.6,D,0
-13.3794,132.5161,323.5,3.4,1.7,2014-09-07,0417,Aqua,MODIS,64,6.2,303,55.2,D,0
-14.1912,132.2333,321.1,3.6,1.8,2014-09-07,0417,Aqua,MODIS,44,6.2,295.9,49.5,D,0
-13.374,132.5196,322.2,3.4,1.7,2014-09-07,0417,Aqua,MODIS,60,6.2,301.9,47.6,D,0
-13.4969,130.803,324.8,4.6,2,2014-09-07,0417,Aqua,MODIS,67,6.2,297.5,105.3,D,0
-13.8532,135.1978,327.4,2.1,1.4,2014-09-07,0417,Aqua,MODIS,64,6.2,302.7,39.8,D,0
-14.3298,132.3894,325.6,3.6,1.8,2014-09-07,0417,Aqua,MODIS,70,6.2,305.7,75.5,D,0
-14.3416,132.3622,331.6,3.6,1.8,2014-09-07,0417,Aqua,MODIS,73,6.2,305.6,108.5,D,0
-14.338,132.3953,327.6,3.6,1.8,2014-09-07,0417,Aqua,MODIS,42,6.2,306.9,74,D,0
-13.746,135.1199,331.4,2.1,1.4,2014-09-07,0417,Aqua,MODIS,78,6.2,305.1,53.5,D,0
-13.6647,135.1431,360.7,2.1,1.4,2014-09-07,0417,Aqua,MODIS,100,6.2,306.2,221.3,D,0
-14.3827,132.3729,324.3,3.6,1.8,2014-09-07,0417,Aqua,MODIS,36,6.2,307.8,46.1,D,0
-13.6761,135.2629,327.3,2.1,1.4,2014-09-07,0417,Aqua,MODIS,53,6.2,305.5,33,D,0
-13.6671,135.1233,338.4,2.1,1.4,2014-09-07,0417,Aqua,MODIS,86,6.2,304,79.2,D,0
-16.0903,136.7639,325.9,1.7,1.3,2014-09-07,0417,Aqua,MODIS,55,6.2,307.3,24.9,D,0
-15.6239,133.0465,327.3,3.3,1.7,2014-09-07,0417,Aqua,MODIS,63,6.2,308.7,64.5,D,0
-14.9106,145.133,322.6,1.3,1.1,2014-09-07,0417,Aqua,MODIS,59,6.2,298.3,17.2,D,0
-16.1155,136.5484,327.4,1.8,1.3,2014-09-07,0417,Aqua,MODIS,33,6.2,308.8,19.6,D,0
-12.4157,141.9417,328.2,1,1,2014-09-07,0417,Aqua,MODIS,77,6.2,307.8,11.8,D,0
-14.8239,142.2153,361.9,1,1,2014-09-07,0417,Aqua,MODIS,100,6.2,313.2,72.5,D,0
-14.8943,141.7911,328.9,1,1,2014-09-07,0417,Aqua,MODIS,62,6.2,313.8,4.5,D,0
-15.8902,136.2376,354.5,1.9,1.3,2014-09-07,0417,Aqua,MODIS,97,6.2,309,150.9,D,0
-14.5023,141.6338,330.9,1,1,2014-09-07,0417,Aqua,MODIS,65,6.2,311.8,12.5,D,0
-16.1333,136.6019,335.7,1.8,1.3,2014-09-07,0417,Aqua,MODIS,64,6.2,308.2,45.9,D,0
-14.8253,142.2061,334.3,1,1,2014-09-07,0417,Aqua,MODIS,63,6.2,313,15.9,D,0
-14.6705,144.5809,332.1,1.2,1.1,2014-09-07,0417,Aqua,MODIS,75,6.2,300.2,30.1,D,0
-14.8762,134.7807,332.4,2.4,1.5,2014-09-07,0417,Aqua,MODIS,78,6.2,311.8,53.3,D,0
-16.1868,136.5576,328.2,1.8,1.3,2014-09-07,0417,Aqua,MODIS,71,6.2,306.9,32.7,D,0
-15.4885,141.8154,330.3,1,1,2014-09-07,0417,Aqua,MODIS,62,6.2,313.5,11,D,0
-15.86,136.2469,354.1,1.9,1.3,2014-09-07,0417,Aqua,MODIS,96,6.2,308.7,143.5,D,0
-16.1804,136.5617,346,1.8,1.3,2014-09-07,0417,Aqua,MODIS,91,6.2,308.3,97.5,D,0
-14.9141,145.1143,329.4,1.3,1.1,2014-09-07,0417,Aqua,MODIS,69,6.2,301.7,28.8,D,0
-14.9199,144.9445,328.2,1.3,1.1,2014-09-07,0417,Aqua,MODIS,68,6.2,300.3,27,D,0
-15.9003,136.2567,367.1,1.9,1.3,2014-09-07,0417,Aqua,MODIS,100,6.2,311.1,232.4,D,0
-15.5215,134.8104,342.9,2.4,1.5,2014-09-07,0417,Aqua,MODIS,89,6.2,311.9,111.1,D,0
-14.492,141.6417,338,1,1,2014-09-07,0417,Aqua,MODIS,71,6.2,313.5,22,D,0
-15.876,136.2538,359.7,1.9,1.3,2014-09-07,0417,Aqua,MODIS,99,6.2,310,169.4,D,0
-14.9098,144.9435,323.6,1.3,1.1,2014-09-07,0417,Aqua,MODIS,52,6.2,299.9,19.7,D,0
-12.4234,141.9523,327.8,1,1,2014-09-07,0417,Aqua,MODIS,68,6.2,307.1,10.3,D,0
-15.7813,136.2901,326.8,1.9,1.3,2014-09-07,0417,Aqua,MODIS,48,6.2,307.7,25.9,D,0
-15.3641,135.2836,331.7,2.2,1.4,2014-09-07,0417,Aqua,MODIS,78,6.2,309.2,52.8,D,0
-12.6434,142.0239,333.7,1,1,2014-09-07,0417,Aqua,MODIS,84,6.2,307.8,20.2,D,0
-14.533,134.6029,325.5,2.4,1.5,2014-09-07,0417,Aqua,MODIS,64,6.2,310,29.6,D,0
-15.8982,136.2743,355.7,1.9,1.3,2014-09-07,0417,Aqua,MODIS,97,6.2,309,150.4,D,0
-14.4996,141.6523,331.6,1,1,2014-09-07,0417,Aqua,MODIS,53,6.2,314.8,13.9,D,0
-15.9023,136.2392,370.8,1.9,1.3,2014-09-07,0417,Aqua,MODIS,100,6.2,309,270.1,D,0
-14.8645,134.7947,338,2.4,1.5,2014-09-07,0417,Aqua,MODIS,85,6.2,310.3,80.9,D,0
-15.8923,136.22,353.6,1.9,1.3,2014-09-07,0417,Aqua,MODIS,96,6.2,306.1,152.9,D,0
-15.5748,135.7085,321.7,2.1,1.4,2014-09-07,0417,Aqua,MODIS,55,6.2,305.1,20,D,0
-15.5429,142.0094,341.3,1,1,2014-09-07,0417,Aqua,MODIS,86,6.2,313.7,28.5,D,0
-14.619,134.6407,323.9,2.4,1.5,2014-09-07,0417,Aqua,MODIS,23,6.2,308,19.9,D,0
-14.6594,134.6462,336.7,2.4,1.5,2014-09-07,0417,Aqua,MODIS,84,6.2,308,82.3,D,0
-16.1294,136.5331,349.9,1.8,1.3,2014-09-07,0417,Aqua,MODIS,94,6.2,310.4,108.4,D,0
-15.572,135.7223,327.7,2.1,1.4,2014-09-07,0417,Aqua,MODIS,72,6.2,305.4,36.9,D,0
-15.8722,136.2484,359.6,1.9,1.3,2014-09-07,0417,Aqua,MODIS,99,6.2,309.1,170.7,D,0
-14.6703,134.6319,326.4,2.4,1.5,2014-09-07,0417,Aqua,MODIS,67,6.2,306.9,34.8,D,0
-15.8781,136.2361,378.3,1.9,1.3,2014-09-07,0417,Aqua,MODIS,100,6.2,308.4,335.7,D,0
-15.492,134.8295,327.2,2.4,1.5,2014-09-07,0417,Aqua,MODIS,32,6.2,311.7,31.7,D,0
-16.224,136.6013,345.8,1.8,1.3,2014-09-07,0417,Aqua,MODIS,91,6.2,310.7,86.6,D,0
-15.5726,135.7276,326.4,2.1,1.4,2014-09-07,0417,Aqua,MODIS,70,6.2,305.1,33.6,D,0
-16.1254,136.5668,349.4,1.8,1.3,2014-09-07,0417,Aqua,MODIS,93,6.2,309.4,100.8,D,0
-14.592,134.6374,326.4,2.4,1.5,2014-09-07,0417,Aqua,MODIS,70,6.2,310.5,29.9,D,0
-16.1274,136.55,393.3,1.8,1.3,2014-09-07,0417,Aqua,MODIS,100,6.2,314.2,472.1,D,0
-12.2243,142.5601,358.3,1.1,1,2014-09-07,0417,Aqua,MODIS,99,6.2,294.3,78.8,D,0
-15.8743,136.2308,336.6,1.9,1.3,2014-09-07,0417,Aqua,MODIS,70,6.2,304.8,61.6,D,0
-14.8737,134.8027,337.1,2.4,1.5,2014-09-07,0417,Aqua,MODIS,84,6.2,310,79.5,D,0
-13.0103,142.0956,324,1,1,2014-09-07,0417,Aqua,MODIS,63,6.2,306.6,8.1,D,0
-15.8639,136.2523,354.3,1.9,1.3,2014-09-07,0417,Aqua,MODIS,96,6.2,308.7,137.7,D,0
-12.4143,141.9509,326.1,1,1,2014-09-07,0417,Aqua,MODIS,63,6.2,306.8,9.2,D,0
-12.6123,142.489,324.8,1,1,2014-09-07,0417,Aqua,MODIS,74,6.2,302.7,12.8,D,0
-15.3585,135.6649,322.8,2.1,1.4,2014-09-07,0417,Aqua,MODIS,59,6.2,305.3,25,D,0
-16.2394,136.7716,334.6,1.8,1.3,2014-09-07,0417,Aqua,MODIS,80,6.2,309.4,43.7,D,0
-16.2489,136.7633,341.2,1.8,1.3,2014-09-07,0417,Aqua,MODIS,87,6.2,309.7,69.1,D,0
-15.9044,136.2215,363.8,1.9,1.3,2014-09-07,0417,Aqua,MODIS,100,6.2,305.7,220.5,D,0
-14.6325,134.6425,331.7,2.4,1.5,2014-09-07,0417,Aqua,MODIS,78,6.2,307.8,54.4,D,0
-16.177,136.5392,332,1.8,1.3,2014-09-07,0417,Aqua,MODIS,77,6.2,307.5,42.9,D,0
-16.222,136.6182,330.4,1.8,1.3,2014-09-07,0417,Aqua,MODIS,56,6.2,310.6,26.2,D,0
-15.8579,136.2643,331.8,1.9,1.3,2014-09-07,0417,Aqua,MODIS,24,6.2,309.3,39.2,D,0
-14.6351,134.62,328.6,2.4,1.5,2014-09-07,0417,Aqua,MODIS,57,6.2,308.3,41.3,D,0
-14.7016,144.575,332.3,1.2,1.1,2014-09-07,0417,Aqua,MODIS,80,6.2,301.2,30.1,D,0
-16.1096,136.5988,329.3,1.8,1.3,2014-09-07,0417,Aqua,MODIS,29,6.2,310.2,24.5,D,0
-16.1353,136.5852,335,1.8,1.3,2014-09-07,0417,Aqua,MODIS,24,6.2,308.8,44.2,D,0
-12.6421,142.0332,338.6,1,1,2014-09-07,0417,Aqua,MODIS,88,6.2,308.9,28,D,0
-15.7933,136.2916,345.1,1.9,1.3,2014-09-07,0417,Aqua,MODIS,90,6.2,307.8,91.9,D,0
-14.9125,145.1211,362.7,1.3,1.1,2014-09-07,0417,Aqua,MODIS,100,6.2,303.6,125.2,D,0
-12.6524,142.0253,356.1,1,1,2014-09-07,0417,Aqua,MODIS,98,6.2,310.2,63.5,D,0
-16.1749,136.5561,351.7,1.8,1.3,2014-09-07,0417,Aqua,MODIS,95,6.2,309,125.5,D,0
-16.1077,136.6155,331.2,1.8,1.3,2014-09-07,0417,Aqua,MODIS,69,6.2,308.9,29.8,D,0
-14.6621,134.6236,322.6,2.4,1.5,2014-09-07,0417,Aqua,MODIS,30,6.2,306.6,19.2,D,0
-14.501,141.643,330.5,1,1,2014-09-07,0417,Aqua,MODIS,63,6.2,313.6,12.5,D,0
-14.8783,142.1574,327,1,1,2014-09-07,0417,Aqua,MODIS,54,6.2,313.1,7.6,D,0
-14.8149,142.2139,331.9,1,1,2014-09-07,0417,Aqua,MODIS,56,6.2,313.5,12.3,D,0
-13.1401,141.6405,334.8,1,1,2014-09-07,0417,Aqua,MODIS,62,6.2,306.2,22.6,D,0
-15.4961,141.8261,329.5,1,1,2014-09-07,0417,Aqua,MODIS,51,6.2,313.3,10.9,D,0
-16.1824,136.5448,354.2,1.8,1.3,2014-09-07,0417,Aqua,MODIS,96,6.2,308.8,138.3,D,0
-14.9123,145.1263,348.9,1.3,1.1,2014-09-07,0417,Aqua,MODIS,94,6.2,301.8,75.2,D,0
-16.1889,136.5407,322.1,1.8,1.3,2014-09-07,0417,Aqua,MODIS,38,6.2,306,14.6,D,0
-14.9341,142.2761,328.8,1,1,2014-09-07,0417,Aqua,MODIS,41,6.2,310.8,11.1,D,0
-16.2413,136.7553,344.1,1.8,1.3,2014-09-07,0417,Aqua,MODIS,89,6.2,310.7,77,D,0
-12.4247,141.9431,326.1,1,1,2014-09-07,0417,Aqua,MODIS,63,6.2,308.1,8.5,D,0
-14.386,142.0592,332,1,1,2014-09-07,0417,Aqua,MODIS,59,6.2,307.8,16.1,D,0
-14.395,142.0606,327.9,1,1,2014-09-07,0417,Aqua,MODIS,29,6.2,310.7,10.7,D,0
-13.682,141.9013,334.5,1,1,2014-09-07,0417,Aqua,MODIS,75,6.2,307.4,21.4,D,0
-15.439,134.8625,328.5,2.4,1.5,2014-09-07,0417,Aqua,MODIS,56,6.2,309.2,36.9,D,0
-13.1607,135.3421,325.9,2,1.4,2014-09-07,0417,Aqua,MODIS,58,6.2,304,29.4,D,0
-14.4796,142.052,325.6,1,1,2014-09-07,0417,Aqua,MODIS,57,6.2,305.5,10.2,D,0
-14.3937,142.0698,324.4,1,1,2014-09-07,0417,Aqua,MODIS,49,6.2,309.5,7.9,D,0
-13.342,134.1466,324,2.5,1.5,2014-09-07,0417,Aqua,MODIS,59,6.2,308.1,31.6,D,0
-13.4104,135.3099,328.5,2.1,1.4,2014-09-07,0417,Aqua,MODIS,71,6.2,302.8,40.5,D,0
-14.3963,142.0513,340.7,1,1,2014-09-07,0417,Aqua,MODIS,87,6.2,311.6,28.4,D,0
-15.4524,134.8643,334.2,2.4,1.5,2014-09-07,0417,Aqua,MODIS,75,6.2,309.1,62.8,D,0
-14.3977,142.0421,377.4,1,1,2014-09-07,0417,Aqua,MODIS,100,6.2,314.1,128.4,D,0
-13.2521,135.2194,326.8,2.1,1.4,2014-09-07,0417,Aqua,MODIS,64,6.2,308,24.7,D,0
-13.2553,134.1065,332.5,2.5,1.5,2014-09-07,0417,Aqua,MODIS,80,6.2,309,70.2,D,0
-15.4256,134.8605,326.3,2.4,1.5,2014-09-07,0417,Aqua,MODIS,30,6.2,309.4,27,D,0
-13.2526,134.1297,322.9,2.5,1.5,2014-09-07,0417,Aqua,MODIS,52,6.2,307.9,24,D,0
-14.6805,132.7175,325.7,3.4,1.7,2014-09-07,0417,Aqua,MODIS,62,6.2,308.9,54.4,D,0
-14.6839,132.686,324.2,3.4,1.7,2014-09-07,0417,Aqua,MODIS,38,6.2,309.9,46.2,D,0
-13.2547,135.2052,328.9,2.1,1.4,2014-09-07,0417,Aqua,MODIS,74,6.2,307.3,31.7,D,0
-14.8159,142.892,337.1,1,1,2014-09-07,0417,Aqua,MODIS,83,6.2,307.6,22.5,D,0
-14.4743,142.089,384.7,1,1,2014-09-07,0417,Aqua,MODIS,100,6.2,316.7,155.8,D,0
-13.2581,134.0829,327.7,2.5,1.5,2014-09-07,0417,Aqua,MODIS,74,6.2,306.9,47.1,D,0
-14.4729,142.0982,343.7,1,1,2014-09-07,0417,Aqua,MODIS,90,6.2,313.1,31.9,D,0
-14.8777,142.0342,350.2,1,1,2014-09-07,0417,Aqua,MODIS,93,6.2,311.4,47.3,D,0
-13.4058,135.3472,331.6,2,1.4,2014-09-07,0417,Aqua,MODIS,75,6.2,302.6,47.3,D,0
-15.5342,134.6974,322.8,2.5,1.5,2014-09-07,0417,Aqua,MODIS,34,6.2,310.1,19.3,D,0
-13.4183,135.3489,344.9,2,1.4,2014-09-07,0417,Aqua,MODIS,91,6.2,306,105.9,D,0
-14.8764,142.0435,337,1,1,2014-09-07,0417,Aqua,MODIS,81,6.2,313.3,23.2,D,0
-14.9023,141.9908,328.6,1,1,2014-09-07,0417,Aqua,MODIS,38,6.2,310.9,10.6,D,0
-12.917,136.3299,328.7,1.7,1.3,2014-09-07,0417,Aqua,MODIS,75,6.2,301,38,D,0
-13.4171,135.3727,335.6,2,1.4,2014-09-07,0417,Aqua,MODIS,83,6.2,305.4,62.2,D,0
-13.2659,135.1091,349.7,2.1,1.4,2014-09-07,0417,Aqua,MODIS,94,6.2,307.2,134.9,D,0
-13.2509,135.1268,346,2.1,1.4,2014-09-07,0417,Aqua,MODIS,92,6.2,310.1,110.5,D,0
-13.3861,134.6503,335.7,2.3,1.5,2014-09-07,0417,Aqua,MODIS,83,6.2,308.5,76.5,D,0
-14.8145,142.9016,330.6,1,1,2014-09-07,0417,Aqua,MODIS,70,6.2,308.7,13.4,D,0
-13.1358,135.3387,325.8,2,1.4,2014-09-07,0417,Aqua,MODIS,52,6.2,304.6,22.6,D,0
-13.138,135.3199,328.9,2,1.4,2014-09-07,0417,Aqua,MODIS,70,6.2,306.1,32,D,0
-13.1337,135.3312,330.2,2,1.4,2014-09-07,0417,Aqua,MODIS,69,6.2,304.7,37.5,D,0
-13.2544,135.2003,325.9,2.1,1.4,2014-09-07,0417,Aqua,MODIS,54,6.2,307.3,19.9,D,0
-13.4046,135.371,327.3,2,1.4,2014-09-07,0417,Aqua,MODIS,27,6.2,303.8,30,D,0
-13.4193,135.354,338.7,2,1.4,2014-09-07,0417,Aqua,MODIS,81,6.2,306.3,75.1,D,0
-13.3978,135.3082,324.9,2.1,1.4,2014-09-07,0417,Aqua,MODIS,64,6.2,304.8,28.7,D,0
-13.4068,135.3522,351.6,2,1.4,2014-09-07,0417,Aqua,MODIS,95,6.2,303.4,142.3,D,0
-13.3955,135.3269,323.1,2,1.4,2014-09-07,0417,Aqua,MODIS,31,6.2,305.6,21.6,D,0
-13.0151,134.251,369.9,2.4,1.5,2014-09-07,0417,Aqua,MODIS,100,6.2,311.4,382.6,D,0
-13.2682,135.0895,331.7,2.1,1.4,2014-09-07,0417,Aqua,MODIS,79,6.2,307,45.1,D,0
-13.0177,134.2286,323.9,2.5,1.5,2014-09-07,0417,Aqua,MODIS,49,6.2,303.7,37.3,D,0
-13.4159,135.3677,351.9,2,1.4,2014-09-07,0417,Aqua,MODIS,95,6.2,305.9,147.6,D,0
-12.8953,141.8105,322.9,1,1,2014-09-07,0417,Aqua,MODIS,37,6.2,303.4,8.5,D,0
-12.9286,141.8307,332.3,1,1,2014-09-07,0417,Aqua,MODIS,66,6.2,306.5,19.6,D,0
-13.2041,141.9013,327.5,1,1,2014-09-07,0417,Aqua,MODIS,69,6.2,309.7,8.8,D,0
-13.2055,141.8921,332.4,1,1,2014-09-07,0417,Aqua,MODIS,81,6.2,309.7,14.9,D,0
-14.5707,133.0145,326.1,3.2,1.7,2014-09-07,0417,Aqua,MODIS,65,6.2,307,46.9,D,0
-14.5589,133.0089,324.4,3.2,1.7,2014-09-07,0417,Aqua,MODIS,65,6.2,307.6,39.5,D,0
-14.4783,142.0612,359.6,1,1,2014-09-07,0417,Aqua,MODIS,99,6.2,312.3,71.4,D,0
-12.9336,141.8597,336.9,1,1,2014-09-07,0417,Aqua,MODIS,75,6.2,308,24.4,D,0
-12.9349,141.8505,331.7,1,1,2014-09-07,0417,Aqua,MODIS,46,6.2,305.5,16.9,D,0
-12.9362,141.8413,331.7,1,1,2014-09-07,0417,Aqua,MODIS,60,6.2,304.3,18.6,D,0
-12.9376,141.8321,339.7,1,1,2014-09-07,0417,Aqua,MODIS,88,6.2,303.1,32.1,D,0
-13.2537,135.1026,412.2,2.1,1.4,2014-09-07,0417,Aqua,MODIS,100,6.2,318.8,949.1,D,0
-13.2532,135.1075,412.3,2.1,1.4,2014-09-07,0417,Aqua,MODIS,100,6.2,319.8,952.2,D,0
-13.3797,135.4563,323.2,2,1.4,2014-09-07,0417,Aqua,MODIS,56,6.2,304.2,23,D,0
-14.5821,132.7967,326.5,3.3,1.7,2014-09-07,0417,Aqua,MODIS,71,6.2,309.1,51.7,D,0
-13.2513,135.122,363.1,2.1,1.4,2014-09-07,0417,Aqua,MODIS,100,6.2,311.5,230.4,D,0
-12.3782,141.7605,334.1,1,1,2014-09-07,0417,Aqua,MODIS,79,6.2,305,22.1,D,0
-12.3795,141.7513,339.7,1,1,2014-09-07,0417,Aqua,MODIS,77,6.2,307.2,31.7,D,0
-13.3154,141.7641,340.8,1,1,2014-09-07,0417,Aqua,MODIS,88,6.2,309.6,30.1,D,0
-13.3091,141.7443,338.3,1,1,2014-09-07,0417,Aqua,MODIS,0,6.2,310,25,D,0
-13.2386,135.1204,353.4,2.1,1.4,2014-09-07,0417,Aqua,MODIS,96,6.2,307.9,154.8,D,0
-14.3873,142.0499,378.4,1,1,2014-09-07,0417,Aqua,MODIS,100,6.2,313.1,132.3,D,0
-13.2664,135.1042,349.4,2.1,1.4,2014-09-07,0417,Aqua,MODIS,94,6.2,306.7,133,D,0
-13.2555,135.0879,370.7,2.1,1.4,2014-09-07,0417,Aqua,MODIS,100,6.2,307.7,308.1,D,0
-13.4111,135.3149,324.9,2.1,1.4,2014-09-07,0417,Aqua,MODIS,19,6.2,303.1,28.6,D,0
-14.8222,142.9126,340.3,1,1,2014-09-07,0417,Aqua,MODIS,86,6.2,310.6,27.4,D,0
-13.2561,135.083,349.1,2.1,1.4,2014-09-07,0417,Aqua,MODIS,94,6.2,306.4,131.3,D,0
-14.4769,142.0705,388.1,1,1,2014-09-07,0417,Aqua,MODIS,100,6.2,317,173.8,D,0
-14.4873,142.0626,340.1,1,1,2014-09-07,0417,Aqua,MODIS,87,6.2,311.8,28.8,D,0
-14.4859,142.0719,343.8,1,1,2014-09-07,0417,Aqua,MODIS,90,6.2,315.7,32.9,D,0
-13.2409,135.1011,369.6,2.1,1.4,2014-09-07,0417,Aqua,MODIS,100,6.2,310.4,292.3,D,0
-15.524,134.7879,338.5,2.4,1.5,2014-09-07,0417,Aqua,MODIS,85,6.2,313,82.3,D,0
-12.4584,141.6469,323.8,1,1,2014-09-07,0417,Aqua,MODIS,0,6.2,300.2,13,D,0
-13.2535,141.8147,333.3,1,1,2014-09-07,0417,Aqua,MODIS,42,6.2,312.4,15.7,D,0
-13.2548,141.8055,335.7,1,1,2014-09-07,0417,Aqua,MODIS,54,6.2,312.4,18.9,D,0
-13.2445,141.8133,354.6,1,1,2014-09-07,0417,Aqua,MODIS,97,6.2,312.6,53.1,D,0
-13.2225,141.8382,333.1,1,1,2014-09-07,0417,Aqua,MODIS,71,6.2,310.8,17,D,0
-13.2458,141.8041,387.2,1,1,2014-09-07,0417,Aqua,MODIS,100,6.2,316,165.5,D,0
-13.2238,141.829,381.4,1,1,2014-09-07,0417,Aqua,MODIS,100,6.2,315.1,143.3,D,0
-13.2252,141.8198,358.5,1,1,2014-09-07,0417,Aqua,MODIS,99,6.2,311.5,64.5,D,0
-13.2175,141.8092,340.2,1,1,2014-09-07,0417,Aqua,MODIS,68,6.2,308.4,26.8,D,0
-13.2561,141.7963,340.5,1,1,2014-09-07,0417,Aqua,MODIS,88,6.2,311,29,D,0
-13.2471,141.7949,340.5,1,1,2014-09-07,0417,Aqua,MODIS,64,6.2,310.7,25.8,D,0
-13.2382,141.7935,339.9,1,1,2014-09-07,0417,Aqua,MODIS,55,6.2,311.4,24,D,0
-13.2395,141.7843,351.1,1,1,2014-09-07,0417,Aqua,MODIS,88,6.2,311.6,47.8,D,0
-13.2408,141.7752,340.8,1,1,2014-09-07,0417,Aqua,MODIS,70,6.2,308.6,30.1,D,0
-13.2435,141.7568,320.9,1,1,2014-09-07,0417,Aqua,MODIS,53,6.2,304.1,7.8,D,0
-13.2125,141.7802,333.3,1,1,2014-09-07,0417,Aqua,MODIS,44,6.2,305.1,19.5,D,0
-14.3334,143.3606,331.2,1.1,1,2014-09-07,0417,Aqua,MODIS,78,6.2,306.3,20.5,D,0
-14.4053,142.0527,333,1,1,2014-09-07,0417,Aqua,MODIS,38,6.2,308.7,13.7,D,0
-14.3457,143.3423,346.5,1.1,1,2014-09-07,0417,Aqua,MODIS,92,6.2,303.5,48.7,D,0
-14.2825,143.3829,322.7,1.1,1,2014-09-07,0417,Aqua,MODIS,37,6.2,301.3,11.4,D,0
-13.0126,134.2732,334.8,2.4,1.5,2014-09-07,0417,Aqua,MODIS,81,6.2,308.5,81.9,D,0
-14.2747,143.3712,350.2,1.1,1,2014-09-07,0417,Aqua,MODIS,89,6.2,304.1,59,D,0
-14.31,143.3264,322.2,1.1,1,2014-09-07,0417,Aqua,MODIS,38,6.2,303.1,8.6,D,0
-14.4756,142.0797,405.6,1,1,2014-09-07,0417,Aqua,MODIS,100,6.2,320.5,271.7,D,0
-14.3349,143.3507,331.9,1.1,1,2014-09-07,0417,Aqua,MODIS,79,6.2,308.4,21.5,D,0
-14.8701,142.0236,325.2,1,1,2014-09-07,0417,Aqua,MODIS,32,6.2,308.3,6.7,D,0
-13.149,135.5446,321,2,1.4,2014-09-07,0417,Aqua,MODIS,29,6.2,304.8,17.5,D,0
-14.4833,142.0904,333.5,1,1,2014-09-07,0417,Aqua,MODIS,80,6.2,316.4,15.6,D,0
-14.4846,142.0811,338.4,1,1,2014-09-07,0417,Aqua,MODIS,85,6.2,316.8,23,D,0
-14.8068,142.8906,365.2,1,1,2014-09-07,0417,Aqua,MODIS,100,6.2,309.5,88.4,D,0
-15.5316,134.7204,328,2.4,1.5,2014-09-07,0417,Aqua,MODIS,66,6.2,312.7,37.4,D,0
-14.839,142.925,328.8,1,1,2014-09-07,0417,Aqua,MODIS,34,6.2,309,11.3,D,0
-14.4107,142.0157,333.7,1,1,2014-09-07,0417,Aqua,MODIS,80,6.2,306.4,22.9,D,0
-14.4206,142.074,351.1,1,1,2014-09-07,0417,Aqua,MODIS,95,6.2,311,50.5,D,0
-14.4193,142.0833,336.7,1,1,2014-09-07,0417,Aqua,MODIS,84,6.2,309.1,24.2,D,0
-14.4323,142.0569,334.7,1,1,2014-09-07,0417,Aqua,MODIS,71,6.2,310.1,21,D,0
-14.4247,142.0463,338.3,1,1,2014-09-07,0417,Aqua,MODIS,64,6.2,310.1,25,D,0
-14.4273,142.0278,332.9,1,1,2014-09-07,0417,Aqua,MODIS,63,6.2,305.6,19.7,D,0
-14.426,142.037,356.8,1,1,2014-09-07,0417,Aqua,MODIS,98,6.2,310.3,63.6,D,0
-13.4421,135.3755,350.8,2,1.4,2014-09-07,0417,Aqua,MODIS,95,6.2,305.5,146.8,D,0
-13.2949,134.7451,331.9,2.3,1.5,2014-09-07,0417,Aqua,MODIS,75,6.2,308.9,51.7,D,0
-13.3006,134.7199,329.3,2.3,1.5,2014-09-07,0417,Aqua,MODIS,75,6.2,309.5,43.5,D,0
-13.4474,135.2237,323.8,2.1,1.4,2014-09-07,0417,Aqua,MODIS,63,6.2,304.6,28.1,D,0
-13.1278,135.7198,319.8,1.9,1.3,2014-09-07,0417,Aqua,MODIS,45,6.2,302.7,16.4,D,0
-13.2456,134.7342,324.3,2.3,1.5,2014-09-07,0417,Aqua,MODIS,60,6.2,308.5,23.5,D,0
-13.0588,134.3461,322.9,2.4,1.5,2014-09-07,0417,Aqua,MODIS,53,6.2,306.2,26.6,D,0
-14.4093,142.025,350.9,1,1,2014-09-07,0417,Aqua,MODIS,94,6.2,309.2,51.7,D,0
-13.2981,134.7408,332.3,2.3,1.5,2014-09-07,0417,Aqua,MODIS,80,6.2,308.5,55.7,D,0
-13.2972,134.7243,333,2.3,1.5,2014-09-07,0417,Aqua,MODIS,79,6.2,309.8,57.5,D,0
-14.8054,142.9001,332.1,1,1,2014-09-07,0417,Aqua,MODIS,76,6.2,308.9,15.6,D,0
-14.3887,142.0407,390.7,1,1,2014-09-07,0417,Aqua,MODIS,100,6.2,316.6,188.8,D,0
-13.4623,135.2061,321.8,2.1,1.4,2014-09-07,0417,Aqua,MODIS,38,6.2,302.9,22.8,D,0
-14.8686,143.0345,328.9,1,1,2014-09-07,0417,Aqua,MODIS,56,6.2,309.8,10.1,D,0
-14.408,142.0342,330.8,1,1,2014-09-07,0417,Aqua,MODIS,24,6.2,307.9,15.3,D,0
-14.3442,143.3522,347.8,1.1,1,2014-09-07,0417,Aqua,MODIS,93,6.2,305.6,51.5,D,0
-12.8273,141.8312,338.9,1,1,2014-09-07,0417,Aqua,MODIS,78,6.2,307.8,27,D,0
-12.8287,141.822,383.4,1,1,2014-09-07,0417,Aqua,MODIS,100,6.2,312.3,155.8,D,0
-14.8687,142.0328,351,1,1,2014-09-07,0417,Aqua,MODIS,94,6.2,311.4,48.8,D,0
-13.4473,135.2188,323.7,2.1,1.4,2014-09-07,0417,Aqua,MODIS,41,6.2,304.7,24.5,D,0
-13.6806,141.9105,339.3,1,1,2014-09-07,0417,Aqua,MODIS,83,6.2,309.7,27.5,D,0
-13.6793,141.9198,337.8,1,1,2014-09-07,0417,Aqua,MODIS,76,6.2,310.3,24,D,0
-13.678,141.929,344.4,1,1,2014-09-07,0417,Aqua,MODIS,91,6.2,310.4,35.5,D,0
-13.6766,141.9382,332.4,1,1,2014-09-07,0417,Aqua,MODIS,67,6.2,308.1,17,D,0
-12.6072,133.0539,325.4,3,1.6,2014-09-07,0418,Aqua,MODIS,55,6.2,307.4,55,D,0
-12.8016,135.4025,323.4,2,1.4,2014-09-07,0418,Aqua,MODIS,42,6.2,304.4,19.5,D,0
-11.946,133.5421,325.2,2.7,1.6,2014-09-07,0418,Aqua,MODIS,61,6.2,304.1,42.7,D,0
-13.0016,134.2494,371.9,2.4,1.5,2014-09-07,0418,Aqua,MODIS,100,6.2,307.7,411.4,D,0
-13.0189,134.2691,326.5,2.4,1.5,2014-09-07,0418,Aqua,MODIS,68,6.2,308,44.8,D,0
-12.2856,133.5754,349.1,2.7,1.6,2014-09-07,0418,Aqua,MODIS,94,6.2,309.7,187.8,D,0
-12.2826,133.5997,327.2,2.7,1.6,2014-09-07,0418,Aqua,MODIS,36,6.2,310.2,35.9,D,0
-12.2928,133.5584,335.5,2.7,1.6,2014-09-07,0418,Aqua,MODIS,83,6.2,307.5,86.1,D,0
-12.3042,133.5843,327.5,2.7,1.6,2014-09-07,0418,Aqua,MODIS,68,6.2,308.8,48,D,0
-12.29,133.5826,355.3,2.7,1.6,2014-09-07,0418,Aqua,MODIS,97,6.2,310.4,248.7,D,0
-12.1379,134.215,327.9,2.4,1.5,2014-09-07,0418,Aqua,MODIS,65,6.2,305.2,54.8,D,0
-12.2849,134.5054,328.4,2.3,1.5,2014-09-07,0418,Aqua,MODIS,55,6.2,301.8,48.1,D,0
-12.2981,134.5071,326.7,2.3,1.5,2014-09-07,0418,Aqua,MODIS,47,6.2,303.9,41.3,D,0
-11.5278,132.8536,317.4,3,1.6,2014-09-07,0418,Aqua,MODIS,39,6.2,300.6,29.7,D,0
-12.3091,133.9528,320.5,2.5,1.5,2014-09-07,0418,Aqua,MODIS,37,6.2,304,25.2,D,0
-13.0054,134.2676,348.1,2.4,1.5,2014-09-07,0418,Aqua,MODIS,93,6.2,308,169,D,0
-13.0081,134.2454,389.4,2.4,1.5,2014-09-07,0418,Aqua,MODIS,100,6.2,312.7,678.2,D,0
-13.0217,134.247,328.4,2.4,1.5,2014-09-07,0418,Aqua,MODIS,71,6.2,305.6,54.7,D,0
-13.0041,134.2269,324.2,2.5,1.5,2014-09-07,0418,Aqua,MODIS,56,6.2,300.8,40.5,D,0
-12.6066,133.0588,322.7,3,1.6,2014-09-07,0418,Aqua,MODIS,28,6.2,307.3,40.4,D,0
-12.2324,133.4176,337.8,2.8,1.6,2014-09-07,0418,Aqua,MODIS,86,6.2,306.9,104.8,D,0
-12.2824,134.5262,361.7,2.3,1.5,2014-09-07,0418,Aqua,MODIS,100,6.2,307.5,260,D,0
-12.2351,134.1668,322.9,2.4,1.5,2014-09-07,0418,Aqua,MODIS,41,6.2,303.4,27.5,D,0
-12.2243,134.1429,322.8,2.4,1.5,2014-09-07,0418,Aqua,MODIS,41,6.2,302.8,30,D,0
-12.7871,135.4189,360.3,2,1.4,2014-09-07,0418,Aqua,MODIS,100,6.2,304.9,194.5,D,0
-12.785,135.4368,337.3,2,1.4,2014-09-07,0418,Aqua,MODIS,85,6.2,302.8,63.1,D,0
-12.7769,135.3993,332.8,2,1.4,2014-09-07,0418,Aqua,MODIS,80,6.2,301.4,50.5,D,0
-12.3086,134.5296,326.8,2.3,1.5,2014-09-07,0418,Aqua,MODIS,57,6.2,303.6,40,D,0
-12.7893,135.4008,354.4,2,1.4,2014-09-07,0418,Aqua,MODIS,97,6.2,302.1,156.7,D,0
-12.82,135.847,328.4,1.8,1.3,2014-09-07,0418,Aqua,MODIS,62,6.2,305.2,29.3,D,0
-12.7915,135.3827,327.8,2,1.4,2014-09-07,0418,Aqua,MODIS,64,6.2,301.7,32.5,D,0
-12.7862,135.3934,349.1,2,1.4,2014-09-07,0418,Aqua,MODIS,94,6.2,301.9,126.4,D,0
-12.7839,135.4114,346.1,2,1.4,2014-09-07,0418,Aqua,MODIS,92,6.2,302.6,107.7,D,0
-12.7816,135.4293,346.5,2,1.4,2014-09-07,0418,Aqua,MODIS,92,6.2,305.1,106.2,D,0
-12.2976,134.3999,321,2.3,1.5,2014-09-07,0418,Aqua,MODIS,26,6.2,305.1,22.3,D,0
-12.2109,134.6828,324.3,2.2,1.4,2014-09-07,0418,Aqua,MODIS,49,6.2,305.9,24.4,D,0
-12.213,134.6778,330.1,2.2,1.4,2014-09-07,0418,Aqua,MODIS,78,6.2,305.9,47.8,D,0
-12.5802,134.0215,323.6,2.5,1.5,2014-09-07,0418,Aqua,MODIS,57,6.2,305.7,31.1,D,0
-12.7687,132.1748,340.1,3.5,1.8,2014-09-07,0418,Aqua,MODIS,87,6.2,302.4,185.2,D,0
-12.6256,134.0568,347,2.5,1.5,2014-09-07,0418,Aqua,MODIS,92,6.2,306.9,159.5,D,0
-12.631,134.3119,326.4,2.4,1.5,2014-09-07,0418,Aqua,MODIS,68,6.2,307.4,37.5,D,0
-12.1037,136.4296,324.6,1.6,1.3,2014-09-07,0418,Aqua,MODIS,68,6.2,301.6,18,D,0
-11.8291,142.4252,342.3,1,1,2014-09-07,0418,Aqua,MODIS,90,6.2,301.9,38.2,D,0
-12.7625,132.1815,336,3.5,1.8,2014-09-07,0418,Aqua,MODIS,83,6.2,303,144.6,D,0
-12.6483,135.5696,327.4,1.9,1.3,2014-09-07,0418,Aqua,MODIS,68,6.2,305.7,30.6,D,0
-12.3109,134.4015,345.5,2.3,1.5,2014-09-07,0418,Aqua,MODIS,91,6.2,306.6,138.1,D,0
-12.6461,135.5871,332,1.9,1.3,2014-09-07,0418,Aqua,MODIS,79,6.2,306.4,44.8,D,0
-11.8587,142.352,334.4,1,1,2014-09-07,0418,Aqua,MODIS,84,6.2,301.6,24.3,D,0
-12.6365,134.3077,333.3,2.4,1.5,2014-09-07,0418,Aqua,MODIS,81,6.2,307.1,67.6,D,0
-12.5898,134.0063,327.2,2.5,1.5,2014-09-07,0418,Aqua,MODIS,61,6.2,305,46.7,D,0
-11.851,142.341,336.1,1,1,2014-09-07,0418,Aqua,MODIS,86,6.2,301.8,28.1,D,0
-11.8496,142.3506,328,1,1,2014-09-07,0418,Aqua,MODIS,60,6.2,303.2,14.8,D,0
-12.7659,132.1493,352.3,3.5,1.8,2014-09-07,0418,Aqua,MODIS,95,6.2,302.4,337.5,D,0
-12.3083,134.4226,324.5,2.3,1.5,2014-09-07,0418,Aqua,MODIS,46,6.2,305.4,33.7,D,0
-12.1018,136.4444,325.1,1.6,1.2,2014-09-07,0418,Aqua,MODIS,69,6.2,302.1,19.5,D,0
-12.6283,134.0342,325.4,2.5,1.5,2014-09-07,0418,Aqua,MODIS,42,6.2,306.3,36,D,0
-12.6498,135.5925,327.6,1.9,1.3,2014-09-07,0418,Aqua,MODIS,70,6.2,307,29.1,D,0
-12.7565,132.1408,327.4,3.5,1.8,2014-09-07,0418,Aqua,MODIS,72,6.2,301.8,76.8,D,0
-12.1032,136.4361,334.3,1.6,1.3,2014-09-07,0418,Aqua,MODIS,82,6.2,301.7,42.2,D,0
-12.1388,134.5377,321.5,2.3,1.5,2014-09-07,0418,Aqua,MODIS,44,6.2,306.1,21.5,D,0
-12.1145,136.4375,324,1.6,1.3,2014-09-07,0418,Aqua,MODIS,40,6.2,302,15.8,D,0
-12.2156,134.6576,324.6,2.2,1.4,2014-09-07,0418,Aqua,MODIS,53,6.2,304.2,29.6,D,0
-11.8482,142.3601,326.1,1,1,2014-09-07,0418,Aqua,MODIS,69,6.2,302.9,12.2,D,0
-12.5939,134.0235,333.2,2.5,1.5,2014-09-07,0418,Aqua,MODIS,80,6.2,308.3,74.4,D,0
-12.7724,132.1427,337.3,3.5,1.8,2014-09-07,0418,Aqua,MODIS,84,6.2,300.7,161.3,D,0
-12.3169,133.9484,324.8,2.5,1.5,2014-09-07,0418,Aqua,MODIS,69,6.2,304.8,44.8,D,0
-12.5871,134.0294,335.4,2.5,1.5,2014-09-07,0418,Aqua,MODIS,83,6.2,307.2,84.3,D,0
-12.1127,136.4522,333.3,1.6,1.2,2014-09-07,0418,Aqua,MODIS,81,6.2,302.2,38.7,D,0
-11.8468,142.3696,323.7,1,1,2014-09-07,0418,Aqua,MODIS,64,6.2,302.2,9.1,D,0
-12.2132,134.6626,331.5,2.2,1.4,2014-09-07,0418,Aqua,MODIS,79,6.2,304.5,53.2,D,0
-12.7529,132.173,327.2,3.5,1.8,2014-09-07,0418,Aqua,MODIS,72,6.2,303.1,72.3,D,0
-12.1367,134.544,322.2,2.3,1.5,2014-09-07,0418,Aqua,MODIS,34,6.2,305.8,22.9,D,0
-12.6519,135.575,328.4,1.9,1.3,2014-09-07,0418,Aqua,MODIS,73,6.2,306.7,33,D,0
-12.3698,135.9485,328.3,1.8,1.3,2014-09-07,0418,Aqua,MODIS,70,6.2,304,38.3,D,0
-12.2493,135.5465,333.6,1.9,1.3,2014-09-07,0418,Aqua,MODIS,81,6.2,306.7,48.8,D,0
-12.2514,135.5294,332.5,1.9,1.3,2014-09-07,0418,Aqua,MODIS,80,6.2,305.8,45.6,D,0
-11.5311,132.8264,330.1,3,1.6,2014-09-07,0418,Aqua,MODIS,83,6.2,302.1,95.1,D,0
-12.1352,136.4551,324.6,1.6,1.2,2014-09-07,0418,Aqua,MODIS,20,6.2,303.5,19.9,D,0
-12.1445,136.4712,327.7,1.6,1.2,2014-09-07,0418,Aqua,MODIS,59,6.2,300.8,26.1,D,0
-12.2134,134.7792,326.5,2.2,1.4,2014-09-07,0418,Aqua,MODIS,72,6.2,305.2,36.2,D,0
-11.5304,132.8309,332.9,3,1.6,2014-09-07,0418,Aqua,MODIS,85,6.2,301.8,113.6,D,0
-13.0312,132.2572,328.9,3.5,1.8,2014-09-07,0418,Aqua,MODIS,74,6.2,306.2,83.7,D,0
-13.047,132.2588,330.9,3.5,1.8,2014-09-07,0418,Aqua,MODIS,77,6.2,309.3,99.5,D,0
-13.0402,132.2621,336.8,3.5,1.8,2014-09-07,0418,Aqua,MODIS,84,6.2,308.6,149.4,D,0
-12.212,134.7843,330.2,2.2,1.4,2014-09-07,0418,Aqua,MODIS,77,6.2,305,51,D,0
-13.0368,132.2941,325,3.5,1.8,2014-09-07,0418,Aqua,MODIS,40,6.2,306.6,50.6,D,0
-13.0434,132.2907,328.2,3.5,1.8,2014-09-07,0418,Aqua,MODIS,73,6.2,307.9,76.7,D,0
-11.886,142.6558,324.3,1.1,1,2014-09-07,0418,Aqua,MODIS,42,6.2,301.8,10.7,D,0
-12.0306,136.4646,323,1.6,1.2,2014-09-07,0418,Aqua,MODIS,36,6.2,298.6,22.2,D,0
-12.2776,135.3169,332.1,2,1.4,2014-09-07,0418,Aqua,MODIS,79,6.2,301.6,54.5,D,0
-12.3678,135.9646,350.8,1.8,1.3,2014-09-07,0418,Aqua,MODIS,72,6.2,306.2,123.7,D,0
-24.4435,119.9982,339,1,1,2014-09-07,0553,Aqua,MODIS,75,6.2,309.8,29.9,D,0
-24.485,119.8428,328.6,1,1,2014-09-07,0553,Aqua,MODIS,53,6.2,311.8,12.3,D,0
-24.445,119.9882,333.8,1,1,2014-09-07,0553,Aqua,MODIS,49,6.2,305.1,22.6,D,0
-24.4836,119.8527,333.1,1,1,2014-09-07,0553,Aqua,MODIS,80,6.2,312.2,17.8,D,0
-22.9041,119.7618,335.8,1,1,2014-09-07,0553,Aqua,MODIS,79,6.2,315.8,18.2,D,0
-22.8959,119.7649,329,1,1,2014-09-07,0553,Aqua,MODIS,66,6.2,315.8,8.3,D,0
-23.3636,129.3809,331,3.8,1.8,2014-09-07,0553,Aqua,MODIS,74,6.2,310.6,121.4,D,0
-23.3591,129.3743,330.1,3.8,1.8,2014-09-07,0553,Aqua,MODIS,73,6.2,310.6,113.7,D,0
-24.8901,126.4999,348.9,2.2,1.4,2014-09-07,0553,Aqua,MODIS,93,6.2,316.7,135.6,D,0
-24.4175,119.9868,361.5,1,1,2014-09-07,0553,Aqua,MODIS,94,6.2,311.1,76.9,D,0
-24.8933,126.4958,334.3,2.2,1.4,2014-09-07,0553,Aqua,MODIS,79,6.2,315.5,55.3,D,0
-24.8892,126.5174,361,2.2,1.4,2014-09-07,0553,Aqua,MODIS,100,6.2,316,227.7,D,0
-24.4085,119.9852,337.6,1,1,2014-09-07,0553,Aqua,MODIS,46,6.2,304.4,23,D,0
-24.8859,126.5215,352.8,2.2,1.4,2014-09-07,0553,Aqua,MODIS,95,6.2,314.9,162.1,D,0
-24.416,119.9967,378.3,1,1,2014-09-07,0553,Aqua,MODIS,94,6.2,305.2,134.7,D,0
-24.3994,119.9836,367.9,1,1,2014-09-07,0553,Aqua,MODIS,94,6.2,313.5,95.5,D,0
-24.4251,119.9984,353.8,1,1,2014-09-07,0553,Aqua,MODIS,96,6.2,309.1,58.7,D,0
-20.2412,127.767,336.4,3.4,1.7,2014-09-07,0554,Aqua,MODIS,80,6.2,315,118,D,0
-20.2147,127.8979,330.4,3.5,1.8,2014-09-07,0554,Aqua,MODIS,70,6.2,314.3,69.2,D,0
-20.1989,127.8945,327.8,3.5,1.8,2014-09-07,0554,Aqua,MODIS,62,6.2,314.6,47.9,D,0
-20.207,127.8912,331.1,3.5,1.8,2014-09-07,0554,Aqua,MODIS,65,6.2,314.9,68.3,D,0
-18.8448,128.5469,328.2,4.2,1.9,2014-09-07,0554,Aqua,MODIS,63,6.2,311.6,96.2,D,0
-18.8314,128.5517,331.6,4.2,1.9,2014-09-07,0554,Aqua,MODIS,72,6.2,311.5,128.2,D,0
-20.2502,127.803,329.8,3.4,1.7,2014-09-07,0554,Aqua,MODIS,68,6.2,314.4,65.4,D,0
-21.2688,120.4686,334,1.1,1,2014-09-07,0554,Aqua,MODIS,73,6.2,317.1,17.2,D,0
-21.3084,120.9882,339.8,1.1,1.1,2014-09-07,0554,Aqua,MODIS,83,6.2,317,26.8,D,0
-21.3197,120.979,330,1.1,1.1,2014-09-07,0554,Aqua,MODIS,63,6.2,316.8,11.1,D,0
-21.2705,120.4581,347,1.1,1,2014-09-07,0554,Aqua,MODIS,90,6.2,319.8,41.6,D,0
-21.3162,121.001,343.1,1.1,1.1,2014-09-07,0554,Aqua,MODIS,86,6.2,318.1,35.1,D,0
-21.3145,121.012,332.3,1.1,1.1,2014-09-07,0554,Aqua,MODIS,66,6.2,316.3,14.5,D,0
-20.719,119.3607,332.4,1,1,2014-09-07,0554,Aqua,MODIS,27,6.2,319.3,8.6,D,0
-20.7204,119.351,336.2,1,1,2014-09-07,0554,Aqua,MODIS,74,6.2,320,14.3,D,0
-20.7099,119.3592,336.7,1,1,2014-09-07,0554,Aqua,MODIS,72,6.2,318.6,15.5,D,0
-21.0099,118.6303,335.2,1,1,2014-09-07,0554,Aqua,MODIS,75,6.2,319,14.3,D,0
-21.0009,118.6288,338.9,1,1,2014-09-07,0554,Aqua,MODIS,81,6.2,317.6,19.9,D,0
-21.3765,117.1193,335.2,1,1,2014-09-07,0554,Aqua,MODIS,78,6.2,314.3,18.5,D,0
-21.3737,117.1394,329.1,1,1,2014-09-07,0554,Aqua,MODIS,65,6.2,312.9,9.9,D,0
-21.3751,117.1294,350.9,1,1,2014-09-07,0554,Aqua,MODIS,94,6.2,314.8,49.1,D,0
-17.7804,122.7725,353.4,1.7,1.3,2014-09-07,0555,Aqua,MODIS,95,6.2,316.3,104.6,D,0
-17.8053,122.7509,333.4,1.7,1.3,2014-09-07,0555,Aqua,MODIS,56,6.2,316.5,23.6,D,0
-15.7148,128.2308,325.4,4.6,2,2014-09-07,0555,Aqua,MODIS,56,6.2,305.9,85.5,D,0
-16.5379,123.7258,323.4,2.1,1.4,2014-09-07,0555,Aqua,MODIS,61,6.2,310.6,21.3,D,0
-16.5381,123.7204,323.4,2.1,1.4,2014-09-07,0555,Aqua,MODIS,62,6.2,310.9,22,D,0
-16.2745,128.0896,321.9,4.4,1.9,2014-09-07,0555,Aqua,MODIS,35,6.2,309.2,49.7,D,0
-15.6972,128.2271,325,4.6,2,2014-09-07,0555,Aqua,MODIS,47,6.2,306.9,79.3,D,0
-16.5456,124.0512,345.2,2.2,1.4,2014-09-07,0555,Aqua,MODIS,91,6.2,310.1,122.1,D,0
-16.52,124.0463,323.1,2.2,1.4,2014-09-07,0555,Aqua,MODIS,34,6.2,309.6,22.9,D,0
-16.5174,123.9171,328.2,2.1,1.4,2014-09-07,0555,Aqua,MODIS,65,6.2,308.8,35,D,0
-16.5158,123.922,328,2.1,1.4,2014-09-07,0555,Aqua,MODIS,72,6.2,308.8,35.7,D,0
-16.564,123.6517,323.4,2,1.4,2014-09-07,0555,Aqua,MODIS,51,6.2,308.8,26,D,0
-17.8193,123.0811,333.6,1.7,1.3,2014-09-07,0555,Aqua,MODIS,76,6.2,314,39.4,D,0
-16.4724,124.1782,322.4,2.2,1.4,2014-09-07,0555,Aqua,MODIS,25,6.2,306,27.1,D,0
-17.7637,122.8015,329.3,1.7,1.3,2014-09-07,0555,Aqua,MODIS,50,6.2,314.1,20.3,D,0
-17.7557,122.8486,330.9,1.7,1.3,2014-09-07,0555,Aqua,MODIS,69,6.2,313.3,29.6,D,0
-17.7584,122.8329,339.7,1.7,1.3,2014-09-07,0555,Aqua,MODIS,83,6.2,315.4,55.6,D,0
-15.7519,127.8531,323.2,4.3,1.9,2014-09-07,0555,Aqua,MODIS,60,6.2,307.5,75,D,0
-15.7776,127.8194,321.1,4.3,1.9,2014-09-07,0555,Aqua,MODIS,41,6.2,306.5,52.4,D,0
-15.7692,127.8617,326.6,4.3,1.9,2014-09-07,0555,Aqua,MODIS,69,6.2,307.1,105.4,D,0
-17.8221,123.0647,326.3,1.7,1.3,2014-09-07,0555,Aqua,MODIS,50,6.2,313.9,18.3,D,0
-17.7611,122.8172,336.9,1.7,1.3,2014-09-07,0555,Aqua,MODIS,80,6.2,315.7,43.1,D,0
-15.7212,128.1917,323.4,4.6,2,2014-09-07,0555,Aqua,MODIS,31,6.2,307.9,62.9,D,0
-15.769,127.8567,328.7,4.3,1.9,2014-09-07,0555,Aqua,MODIS,64,6.2,307.2,125.9,D,0
-17.9209,122.8923,330.7,1.7,1.3,2014-09-07,0555,Aqua,MODIS,67,6.2,312.8,27.1,D,0
-15.7125,128.2351,323.7,4.6,2,2014-09-07,0555,Aqua,MODIS,42,6.2,305.9,68.1,D,0
-17.7786,122.8529,350,1.7,1.3,2014-09-07,0555,Aqua,MODIS,93,6.2,307.3,97.4,D,0
-17.7812,122.8372,368.1,1.7,1.3,2014-09-07,0555,Aqua,MODIS,100,6.2,314.3,197.7,D,0
-17.7671,122.8508,352.3,1.7,1.3,2014-09-07,0555,Aqua,MODIS,95,6.2,313.8,108.3,D,0
-17.7698,122.835,352.8,1.7,1.3,2014-09-07,0555,Aqua,MODIS,95,6.2,316.9,109.1,D,0
-15.6949,128.2316,323.4,4.6,2,2014-09-07,0555,Aqua,MODIS,22,6.2,306.8,63,D,0
-17.7751,122.8037,336.2,1.7,1.3,2014-09-07,0555,Aqua,MODIS,79,6.2,313.8,39.8,D,0
-17.7777,122.7881,350.1,1.7,1.3,2014-09-07,0555,Aqua,MODIS,93,6.2,315.1,88.8,D,0
-20.9062,135.3267,300,1,1,2014-09-07,1341,Terra,MODIS,6,6.2,289.8,4.1,N,0
-18.8288,128.5551,303.2,2.1,1.4,2014-09-07,1341,Terra,MODIS,54,6.2,292.1,15.7,N,0
-20.0847,127.5246,307.1,2.6,1.5,2014-09-07,1341,Terra,MODIS,70,6.2,290.7,31.8,N,0
-20.0797,127.5188,304.1,2.6,1.5,2014-09-07,1341,Terra,MODIS,58,6.2,290.9,25.8,N,0
-18.1751,125.7715,303.3,3.3,1.7,2014-09-07,1342,Terra,MODIS,54,6.2,290.4,31.5,N,0
-17.5046,134.9406,300.6,1,1,2014-09-07,1342,Terra,MODIS,30,6.2,290.5,4.1,N,0
-15.5488,134.7884,307.3,1,1,2014-09-07,1342,Terra,MODIS,71,6.2,293,6.9,N,0
-17.3714,134.9706,311,1,1,2014-09-07,1342,Terra,MODIS,81,6.2,293.3,10.2,N,0
-17.3728,134.9612,306.1,1,1,2014-09-07,1342,Terra,MODIS,67,6.2,291.9,7,N,0
-15.4448,134.8713,303.8,1,1,2014-09-07,1342,Terra,MODIS,27,6.2,293.1,4.3,N,0
-17.1407,134.657,306.3,1,1,2014-09-07,1342,Terra,MODIS,68,6.2,290.3,7.7,N,0
-17.1317,134.6555,303.5,1,1,2014-09-07,1342,Terra,MODIS,31,6.2,289.5,5.8,N,0
-16.6874,134.803,304,1,1,2014-09-07,1342,Terra,MODIS,58,6.2,292,5.4,N,0
-16.6861,134.8124,306.1,1,1,2014-09-07,1342,Terra,MODIS,67,6.2,293.1,6.6,N,0
-14.9035,141.9998,302.9,2.8,1.6,2014-09-07,1342,Terra,MODIS,52,6.2,291.1,21.1,N,0
-14.9011,141.9939,301.9,2.8,1.6,2014-09-07,1342,Terra,MODIS,45,6.2,290.8,19.5,N,0
-14.9082,141.9746,301.4,2.7,1.6,2014-09-07,1342,Terra,MODIS,41,6.2,290.8,17.7,N,0
-16.9778,135.3363,304.8,1,1,2014-09-07,1342,Terra,MODIS,35,6.2,292.7,5.2,N,0
-16.7532,135.1753,308.7,1,1,2014-09-07,1342,Terra,MODIS,75,6.2,293,7.9,N,0
-16.7545,135.1659,308.7,1,1,2014-09-07,1342,Terra,MODIS,75,6.2,293.4,8,N,0
-16.7441,135.1739,313.3,1,1,2014-09-07,1342,Terra,MODIS,85,6.2,293.4,10.8,N,0
-14.569,133.0116,305.7,1,1,2014-09-07,1342,Terra,MODIS,65,6.2,295.2,5.4,N,0
-16.7086,135.1006,303.1,1,1,2014-09-07,1342,Terra,MODIS,53,6.2,293,4.6,N,0
-14.4418,132.806,307.3,1,1,2014-09-07,1342,Terra,MODIS,71,6.2,295.3,6.4,N,0
-15.008,133.358,327.7,1,1,2014-09-07,1342,Terra,MODIS,100,6.2,295.9,25.2,N,0
-15.0067,133.3674,325.9,1,1,2014-09-07,1342,Terra,MODIS,100,6.2,295.3,22.9,N,0
-14.9989,133.3566,303.4,1,1,2014-09-07,1342,Terra,MODIS,55,6.2,292.3,4.8,N,0
-15.0093,133.3486,322,1,1,2014-09-07,1342,Terra,MODIS,100,6.2,294.2,19.3,N,0
-14.9976,133.366,308.6,1,1,2014-09-07,1342,Terra,MODIS,75,6.2,293,7.8,N,0
-14.9937,133.3941,321.2,1,1,2014-09-07,1342,Terra,MODIS,100,6.2,294.6,18,N,0
-14.9963,133.3754,319.7,1,1,2014-09-07,1342,Terra,MODIS,99,6.2,293.5,16.5,N,0
-14.995,133.3848,325.8,1,1,2014-09-07,1342,Terra,MODIS,100,6.2,294.4,22.4,N,0
-15.5475,134.7978,303.7,1,1,2014-09-07,1342,Terra,MODIS,41,6.2,293.4,4.6,N,0
-17.4452,134.9056,312.4,1,1,2014-09-07,1342,Terra,MODIS,27,6.2,293.2,10.2,N,0
-17.4754,134.8879,315.4,1,1,2014-09-07,1342,Terra,MODIS,77,6.2,293.5,12.7,N,0
-17.4664,134.8865,306.1,1,1,2014-09-07,1342,Terra,MODIS,36,6.2,292.3,6.4,N,0
-17.4542,134.907,317.1,1,1,2014-09-07,1342,Terra,MODIS,94,6.2,294.9,14.4,N,0
-18.5985,127.4285,301.5,2.5,1.5,2014-09-07,1342,Terra,MODIS,42,6.2,290.3,16,N,0
-14.9924,133.4035,306.1,1,1,2014-09-07,1342,Terra,MODIS,60,6.2,293.4,6.2,N,0
-15.7214,128.2309,305.9,2,1.4,2014-09-07,1342,Terra,MODIS,22,6.2,294.9,13.1,N,0
-16.5477,124.1007,308.9,4.2,1.9,2014-09-07,1342,Terra,MODIS,69,6.2,292.5,60.7,N,0
-16.528,124.0919,304,4.2,1.9,2014-09-07,1342,Terra,MODIS,58,6.2,291.7,40.7,N,0
-16.5453,124.0932,313.6,4.2,1.9,2014-09-07,1342,Terra,MODIS,87,6.2,292.8,92.9,N,0
-16.5305,124.0994,308.9,4.2,1.9,2014-09-07,1342,Terra,MODIS,64,6.2,292.2,59.6,N,0
-16.6197,128.4403,312.1,2,1.4,2014-09-07,1342,Terra,MODIS,84,6.2,293.1,28.3,N,0
-15.6966,128.2277,306.5,2,1.4,2014-09-07,1342,Terra,MODIS,27,6.2,295.2,14.4,N,0
-15.6843,128.2258,315.4,2,1.4,2014-09-07,1342,Terra,MODIS,91,6.2,295.4,32.9,N,0
-15.6798,128.2377,309.8,2,1.4,2014-09-07,1342,Terra,MODIS,78,6.2,294.1,20.9,N,0
-15.682,128.2202,307.1,2,1.4,2014-09-07,1342,Terra,MODIS,49,6.2,295.2,16,N,0
-14.3746,132.3547,322.7,1.1,1,2014-09-07,1342,Terra,MODIS,100,6.2,297.3,20.4,N,0
-14.3759,132.3448,322,1.1,1,2014-09-07,1342,Terra,MODIS,100,6.2,297.2,20.3,N,0
-14.3732,132.3645,327.9,1.1,1,2014-09-07,1342,Terra,MODIS,100,6.2,296.7,26.6,N,0
-14.3077,132.3791,306.1,1.1,1,2014-09-07,1343,Terra,MODIS,29,6.2,295.6,4.9,N,0
-14.317,132.3805,307.5,1.1,1,2014-09-07,1343,Terra,MODIS,68,6.2,296.9,6.1,N,0
-13.6653,131.8884,306.7,1.1,1,2014-09-07,1343,Terra,MODIS,69,6.2,293,7.1,N,0
-14.3251,132.3214,310.6,1.1,1,2014-09-07,1343,Terra,MODIS,76,6.2,297,9.4,N,0
-14.3183,132.3706,309.2,1.1,1,2014-09-07,1343,Terra,MODIS,74,6.2,296.8,7.2,N,0
-13.4359,132.5715,304.9,1,1,2014-09-07,1343,Terra,MODIS,50,6.2,294.4,4.8,N,0
-13.4372,132.562,315.9,1,1,2014-09-07,1343,Terra,MODIS,92,6.2,294.4,13.2,N,0
-13.8006,134.1561,312.2,1,1,2014-09-07,1343,Terra,MODIS,84,6.2,294.5,10.3,N,0
-14.2003,132.2167,309.9,1.1,1,2014-09-07,1343,Terra,MODIS,70,6.2,294,8.8,N,0
-13.482,132.5646,309.3,1,1,2014-09-07,1343,Terra,MODIS,77,6.2,295.2,7.3,N,0
-13.4633,132.5755,312,1,1,2014-09-07,1343,Terra,MODIS,84,6.2,295,9.9,N,0
-14.3322,132.3185,310.8,1.1,1,2014-09-07,1343,Terra,MODIS,81,6.2,296.6,8.9,N,0
-13.385,132.5347,303.4,1,1,2014-09-07,1343,Terra,MODIS,49,6.2,292.3,4.6,N,0
-14.2017,132.2067,339.5,1.1,1,2014-09-07,1343,Terra,MODIS,100,6.2,295.5,45.8,N,0
-14.199,132.2266,304.6,1.1,1,2014-09-07,1343,Terra,MODIS,32,6.2,290.3,5.5,N,0
-12.196,134.1198,306.4,1,1,2014-09-07,1343,Terra,MODIS,68,6.2,286.1,7.8,N,0
-12.5778,134.0238,301.7,1,1,2014-09-07,1343,Terra,MODIS,39,6.2,290.8,3.2,N,0
-12.3073,133.537,304.3,1,1,2014-09-07,1343,Terra,MODIS,59,6.2,292.8,4.6,N,0
-14.175,132.2636,323.1,1.1,1,2014-09-07,1343,Terra,MODIS,100,6.2,293,22.7,N,0
-14.2318,132.9276,305.3,1,1,2014-09-07,1343,Terra,MODIS,64,6.2,293.7,6,N,0
-14.1763,132.2536,321.5,1.1,1,2014-09-07,1343,Terra,MODIS,100,6.2,291,20.4,N,0
-14.1657,132.2622,305.2,1.1,1,2014-09-07,1343,Terra,MODIS,63,6.2,289.8,6.6,N,0
-12.6039,133.0011,313.4,1,1,2014-09-07,1343,Terra,MODIS,87,6.2,293.7,10.4,N,0
-13.291,134.7504,306,1,1,2014-09-07,1343,Terra,MODIS,67,6.2,292.8,6.5,N,0
-13.2459,134.1752,326.9,1,1,2014-09-07,1343,Terra,MODIS,100,6.2,293.8,24.4,N,0
-13.2446,134.1844,308.4,1,1,2014-09-07,1343,Terra,MODIS,74,6.2,293.5,7.4,N,0
-13.2539,134.1199,315.2,1,1,2014-09-07,1343,Terra,MODIS,91,6.2,292.6,12.9,N,0
-13.2408,134.0837,302.4,1,1,2014-09-07,1343,Terra,MODIS,49,6.2,292.3,4.2,N,0
-13.2553,134.1107,307.5,1,1,2014-09-07,1343,Terra,MODIS,72,6.2,292.2,6.8,N,0
-12.6026,133.0103,308.8,1,1,2014-09-07,1343,Terra,MODIS,75,6.2,293.8,6.9,N,0
-12.9792,134.2385,310.3,1,1,2014-09-07,1343,Terra,MODIS,18,6.2,289.6,8.9,N,0
-12.9805,134.2293,308.3,1,1,2014-09-07,1343,Terra,MODIS,20,6.2,289.8,7.8,N,0
-13.0368,134.3481,308.7,1,1,2014-09-07,1343,Terra,MODIS,70,6.2,290.9,8.5,N,0
-13.0742,134.3444,306.8,1,1,2014-09-07,1343,Terra,MODIS,68,6.2,290.7,7.1,N,0
-13.2365,134.1772,305,1,1,2014-09-07,1343,Terra,MODIS,63,6.2,292.9,5.8,N,0
-12.613,133.0024,319.8,1,1,2014-09-07,1343,Terra,MODIS,99,6.2,294.2,15.6,N,0
-12.6052,132.9919,303.7,1,1,2014-09-07,1343,Terra,MODIS,34,6.2,292.8,3.4,N,0
-13.3043,134.7235,307,1,1,2014-09-07,1343,Terra,MODIS,70,6.2,292.6,7.4,N,0
-13.3029,134.733,310.2,1,1,2014-09-07,1343,Terra,MODIS,80,6.2,292.8,9.4,N,0
-13.2924,134.741,310.9,1,1,2014-09-07,1343,Terra,MODIS,81,6.2,293.1,9.4,N,0
-12.6013,131.7539,302.3,1.1,1,2014-09-07,1343,Terra,MODIS,41,6.2,290.9,5.1,N,0
-13.0009,134.2797,301,1,1,2014-09-07,1343,Terra,MODIS,3,6.2,289.4,4,N,0
-12.9869,134.2492,322.8,1,1,2014-09-07,1343,Terra,MODIS,100,6.2,291.2,19.3,N,0
-12.592,131.7526,300.6,1.1,1,2014-09-07,1343,Terra,MODIS,21,6.2,290.3,4.2,N,0
-12.9855,134.2584,310.5,1,1,2014-09-07,1343,Terra,MODIS,28,6.2,289.9,9,N,0
-13.0755,134.3351,300.9,1,1,2014-09-07,1343,Terra,MODIS,17,6.2,290.1,3.8,N,0
-21.115,117.689,312.8,2.2,1.4,2014-09-07,1519,Terra,MODIS,86,6.2,294.3,32.3,N,0
-21.1514,117.7021,306.4,2.2,1.4,2014-09-07,1519,Terra,MODIS,35,6.2,294.6,17.3,N,0
-20.3782,119.4424,304.7,3.1,1.7,2014-09-07,1519,Terra,MODIS,61,6.2,292.9,33.2,N,0
-20.3764,119.4487,305.5,3.1,1.7,2014-09-07,1519,Terra,MODIS,65,6.2,292.9,35.7,N,0
-14.3776,132.3512,314.3,1.1,1.1,2014-09-07,1646,Aqua,MODIS,44,6.2,293.6,13.4,N,0
-14.3896,132.3333,313.8,1.1,1.1,2014-09-07,1646,Aqua,MODIS,88,6.2,293.3,13.9,N,0
-14.391,132.3438,307.8,1.1,1.1,2014-09-07,1646,Aqua,MODIS,28,6.2,292.9,8.3,N,0
-14.3992,132.332,317.7,1.1,1.1,2014-09-07,1646,Aqua,MODIS,91,6.2,292.6,18,N,0
-14.0741,132.2854,308.3,1.1,1.1,2014-09-07,1646,Aqua,MODIS,74,6.2,293.2,9.9,N,0
-13.0275,132.305,307.6,1.1,1,2014-09-07,1646,Aqua,MODIS,72,6.2,292.7,9.2,N,0
-13.0167,132.2963,327.6,1.1,1,2014-09-07,1646,Aqua,MODIS,100,6.2,293.2,29,N,0
-14.1995,132.2136,308.9,1.1,1.1,2014-09-07,1646,Aqua,MODIS,54,6.2,293.3,8.3,N,0
-13.0153,132.2862,311.5,1.1,1,2014-09-07,1646,Aqua,MODIS,83,6.2,292,11.4,N,0
-14.2009,132.2239,314.6,1.1,1.1,2014-09-07,1646,Aqua,MODIS,90,6.2,294.4,13.9,N,0
-14.1928,132.2355,307.6,1.1,1.1,2014-09-07,1646,Aqua,MODIS,34,6.2,291.7,7.8,N,0
-13.3843,132.5383,301.8,1.1,1.1,2014-09-07,1646,Aqua,MODIS,44,6.2,291,5.7,N,0
-13.4625,132.5844,304.9,1.1,1.1,2014-09-07,1646,Aqua,MODIS,62,6.2,293.6,6.6,N,0
-13.0181,132.3064,312.9,1.1,1,2014-09-07,1646,Aqua,MODIS,86,6.2,292.2,12.9,N,0
-13.6603,131.8869,303.8,1.1,1,2014-09-07,1646,Aqua,MODIS,57,6.2,290.7,6.4,N,0
-13.6617,131.8968,302.5,1.1,1,2014-09-07,1646,Aqua,MODIS,49,6.2,290.7,5.6,N,0
-14.3815,132.3451,318.7,1.1,1.1,2014-09-07,1646,Aqua,MODIS,97,6.2,293.6,18.5,N,0
-12.983,134.2568,307.8,1.4,1.2,2014-09-07,1646,Aqua,MODIS,44,6.2,289.4,12.5,N,0
-14.1876,132.2678,367.5,1.1,1.1,2014-09-07,1646,Aqua,MODIS,100,6.2,302.8,127.9,N,0
-14.1862,132.2575,328.4,1.1,1.1,2014-09-07,1646,Aqua,MODIS,100,6.2,290.9,30.4,N,0
-14.1832,132.274,343.8,1.1,1.1,2014-09-07,1646,Aqua,MODIS,100,6.2,297.5,58.3,N,0
-14.1817,132.2637,351.9,1.1,1.1,2014-09-07,1646,Aqua,MODIS,100,6.2,298.8,77.1,N,0
-14.1737,132.2753,325.8,1.1,1.1,2014-09-07,1646,Aqua,MODIS,100,6.2,292.4,27.3,N,0
-14.1723,132.265,333.8,1.1,1.1,2014-09-07,1646,Aqua,MODIS,100,6.2,294.9,39.2,N,0
-14.189,132.2781,322.2,1.1,1.1,2014-09-07,1646,Aqua,MODIS,100,6.2,294.1,23.4,N,0
-18.2989,130.054,305.7,1,1,2014-09-07,1647,Aqua,MODIS,45,6.2,289.5,7.5,N,0
-18.308,130.0526,377.6,1,1,2014-09-07,1647,Aqua,MODIS,100,6.2,300.6,147.6,N,0
-18.3066,130.043,349.1,1,1,2014-09-07,1647,Aqua,MODIS,100,6.2,293.7,62,N,0
-18.2976,130.0444,323.1,1,1,2014-09-07,1647,Aqua,MODIS,100,6.2,290.5,22.4,N,0
-18.2777,130.0338,308.2,1,1,2014-09-07,1647,Aqua,MODIS,53,6.2,288.9,8.7,N,0
-18.3171,130.0512,402.3,1,1,2014-09-07,1647,Aqua,MODIS,100,6.2,305.6,274.6,N,0
-18.3248,130.0403,301.2,1,1,2014-09-07,1647,Aqua,MODIS,25,6.2,289.6,4.9,N,0
-18.3261,130.0499,382.7,1,1,2014-09-07,1647,Aqua,MODIS,100,6.2,300,170.3,N,0
-18.3275,130.0594,316.5,1,1,2014-09-07,1647,Aqua,MODIS,93,6.2,289.9,15.5,N,0
-18.2763,130.0242,332.2,1,1,2014-09-07,1647,Aqua,MODIS,100,6.2,292.8,33.1,N,0
-17.0648,128.2456,305,1,1,2014-09-07,1647,Aqua,MODIS,54,6.2,293.3,6.3,N,0
-18.352,130.0361,303.6,1,1,2014-09-07,1647,Aqua,MODIS,56,6.2,289.3,6.5,N,0
-18.3533,130.0457,301.5,1,1,2014-09-07,1647,Aqua,MODIS,41,6.2,290.3,5.1,N,0
-18.361,130.0347,320.6,1,1,2014-09-07,1647,Aqua,MODIS,100,6.2,290.2,19.4,N,0
-18.3624,130.0443,355.2,1,1,2014-09-07,1647,Aqua,MODIS,100,6.2,294.5,76.8,N,0
-18.1434,129.9927,334.8,1,1,2014-09-07,1647,Aqua,MODIS,100,6.2,292.6,37.9,N,0
-18.142,129.9831,321.1,1,1,2014-09-07,1647,Aqua,MODIS,100,6.2,289.5,20.9,N,0
-18.1448,130.0022,300.1,1,1,2014-09-07,1647,Aqua,MODIS,17,6.2,289.1,5.3,N,0
-18.1934,130.0272,311.4,1,1,2014-09-07,1647,Aqua,MODIS,82,6.2,289.1,11.2,N,0
-18.2038,130.0354,333.1,1,1,2014-09-07,1647,Aqua,MODIS,100,6.2,291.3,34.4,N,0
-18.2052,130.0449,305.7,1,1,2014-09-07,1647,Aqua,MODIS,51,6.2,288.8,7.3,N,0
-18.2219,130.0326,348.5,1,1,2014-09-07,1647,Aqua,MODIS,100,6.2,294.1,60.6,N,0
-18.2233,130.0422,346.5,1,1,2014-09-07,1647,Aqua,MODIS,100,6.2,293.7,56.3,N,0
-18.231,130.0312,322,1,1,2014-09-07,1647,Aqua,MODIS,100,6.2,291.1,20.2,N,0
-18.2324,130.0408,377.3,1,1,2014-09-07,1647,Aqua,MODIS,100,6.2,300.1,147,N,0
-18.2337,130.0503,307.8,1,1,2014-09-07,1647,Aqua,MODIS,73,6.2,287.9,9.2,N,0
-18.2401,130.0298,361.2,1,1,2014-09-07,1647,Aqua,MODIS,100,6.2,294,92.2,N,0
-18.2414,130.0394,410.8,1,1,2014-09-07,1647,Aqua,MODIS,100,6.2,308.7,332.8,N,0
-18.2428,130.0489,335.5,1,1,2014-09-07,1647,Aqua,MODIS,100,6.2,291.4,38.2,N,0
-18.2491,130.0284,321.3,1,1,2014-09-07,1647,Aqua,MODIS,100,6.2,290.7,19.8,N,0
-18.2505,130.038,334.8,1,1,2014-09-07,1647,Aqua,MODIS,100,6.2,292.2,36.7,N,0
-18.2582,130.027,324.2,1,1,2014-09-07,1647,Aqua,MODIS,100,6.2,291.3,22.7,N,0
-18.2595,130.0366,310.7,1,1,2014-09-07,1647,Aqua,MODIS,55,6.2,290.1,10.3,N,0
-18.2672,130.0256,358,1,1,2014-09-07,1647,Aqua,MODIS,100,6.2,297.5,83.2,N,0
-18.2686,130.0352,336.2,1,1,2014-09-07,1647,Aqua,MODIS,100,6.2,291.6,38.2,N,0
-18.1851,130.0253,360,1,1,2014-09-07,1647,Aqua,MODIS,100,6.2,293.6,89.5,N,0
-18.1865,130.0348,365.2,1,1,2014-09-07,1647,Aqua,MODIS,100,6.2,294.8,104.5,N,0
-18.3157,130.0417,350.1,1,1,2014-09-07,1647,Aqua,MODIS,100,6.2,292.4,64,N,0
-16.4618,124.1808,308.7,1.8,1.3,2014-09-07,1647,Aqua,MODIS,75,6.2,291.5,20.5,N,0
-15.7016,128.2416,312.5,1.1,1,2014-09-07,1647,Aqua,MODIS,85,6.2,295.1,10.9,N,0
-15.6923,128.2431,330.7,1.1,1,2014-09-07,1647,Aqua,MODIS,100,6.2,296.9,31.4,N,0
-15.6938,128.2528,315.9,1.1,1,2014-09-07,1647,Aqua,MODIS,92,6.2,295.5,14.4,N,0
-16.45,124.1823,327.7,1.8,1.3,2014-09-07,1647,Aqua,MODIS,100,6.2,293.4,60,N,0
-16.5402,124.1067,302.2,1.8,1.3,2014-09-07,1647,Aqua,MODIS,48,6.2,291.8,12,N,0
-16.4472,124.1661,315.8,1.8,1.3,2014-09-07,1647,Aqua,MODIS,92,6.2,291.5,32.1,N,0
-16.459,124.1644,314.6,1.8,1.3,2014-09-07,1647,Aqua,MODIS,90,6.2,290.6,31,N,0
-15.7712,127.87,307.9,1.1,1,2014-09-07,1647,Aqua,MODIS,73,6.2,293,7.9,N,0
-17.7382,122.9118,301.8,2.1,1.4,2014-09-07,1648,Aqua,MODIS,44,6.2,289.8,15.5,N,0
-18.5984,127.4332,314.2,1.1,1,2014-09-07,1648,Aqua,MODIS,89,6.2,290.7,13.6,N,0
-18.6,127.4433,305.7,1.1,1,2014-09-07,1648,Aqua,MODIS,28,6.2,290.1,6.9,N,0
-18.6077,127.4316,301.7,1.1,1,2014-09-07,1648,Aqua,MODIS,6,6.2,289.8,4.7,N,0
-20.3611,119.4761,313.6,3.3,1.7,2014-09-07,1648,Aqua,MODIS,88,6.2,293,69.7,N,0
-20.3734,119.4684,311.7,3.3,1.7,2014-09-07,1648,Aqua,MODIS,83,6.2,292.8,61.4,N,0
-20.3581,119.4719,304.2,3.3,1.7,2014-09-07,1648,Aqua,MODIS,59,6.2,292.8,34.7,N,0
-19.2628,130.8432,300.8,1.1,1,2014-09-07,1648,Aqua,MODIS,33,6.2,287.3,6.4,N,0
-19.2937,130.8596,303.9,1.1,1,2014-09-07,1648,Aqua,MODIS,57,6.2,288.3,8.4,N,0
-19.2829,130.8507,353.9,1.1,1,2014-09-07,1648,Aqua,MODIS,100,6.2,292.9,81.5,N,0
-20.0985,127.538,303.7,1,1,2014-09-07,1648,Aqua,MODIS,18,6.2,290.2,6.1,N,0
-19.2843,130.861,336.1,1.1,1,2014-09-07,1648,Aqua,MODIS,100,6.2,290.4,43.8,N,0
-18.8257,128.5564,316.7,1,1,2014-09-07,1648,Aqua,MODIS,94,6.2,293.6,15,N,0
-18.8347,128.555,305.2,1,1,2014-09-07,1648,Aqua,MODIS,61,6.2,293,6.4,N,0
-19.2736,130.8521,312.1,1.1,1,2014-09-07,1648,Aqua,MODIS,84,6.2,288.4,13.7,N,0
-19.2923,130.8493,318.9,1.1,1,2014-09-07,1648,Aqua,MODIS,98,6.2,289.9,21.1,N,0
-23.0208,122.5667,306,1.7,1.3,2014-09-07,1649,Aqua,MODIS,66,6.2,294,13.4,N,0
-23.0062,122.5524,305.1,1.7,1.3,2014-09-07,1649,Aqua,MODIS,58,6.2,293.5,12.5,N,0
-21.1077,117.7092,303.7,4.2,1.9,2014-09-07,1649,Aqua,MODIS,5,6.2,292.4,39.6,N,0
-21.1114,117.7037,304.3,4.2,1.9,2014-09-07,1649,Aqua,MODIS,40,6.2,292.4,43.2,N,0
-23.3578,129.3816,309.6,1,1,2014-09-07,1649,Aqua,MODIS,78,6.2,291.1,11.1,N,0
-21.1368,117.7394,307.6,4.2,1.9,2014-09-07,1649,Aqua,MODIS,72,6.2,292.6,60,N,0
-22.5739,122.6565,300.7,1.7,1.3,2014-09-07,1649,Aqua,MODIS,32,6.2,288.7,12.6,N,0
-14.4452,142.0508,314.6,1.7,1.3,2014-09-08,0033,Terra,MODIS,36,6.2,296.4,10.6,D,0
-14.4366,142.0592,315.1,1.7,1.3,2014-09-08,0033,Terra,MODIS,35,6.2,297.6,11.1,D,0
-12.9388,141.8705,320.4,1.8,1.3,2014-09-08,0033,Terra,MODIS,43,6.2,301.9,22.2,D,0
-13.2399,141.7994,324.4,1.8,1.3,2014-09-08,0033,Terra,MODIS,71,6.2,302.9,31.7,D,0
-13.2518,141.7973,326,1.8,1.3,2014-09-08,0033,Terra,MODIS,64,6.2,301.5,35.3,D,0
-14.8089,142.9144,324.3,1.4,1.2,2014-09-08,0033,Terra,MODIS,63,6.2,304.8,18.3,D,0
-14.796,142.903,320.9,1.4,1.2,2014-09-08,0033,Terra,MODIS,37,6.2,303.5,12,D,0
-13.6793,141.9345,320.5,1.8,1.3,2014-09-08,0033,Terra,MODIS,62,6.2,298.6,20.9,D,0
-15.487,145.1846,332.9,1.1,1,2014-09-08,0033,Terra,MODIS,83,6.2,302.6,23.7,D,0
-15.5635,145.1454,346.5,1.1,1,2014-09-08,0033,Terra,MODIS,93,6.2,306.1,47.4,D,0
-15.5141,145.1331,340,1.1,1,2014-09-08,0033,Terra,MODIS,89,6.2,302.3,35.8,D,0
-11.8545,142.327,337.5,1.8,1.3,2014-09-08,0033,Terra,MODIS,88,6.2,301.8,72.5,D,0
-14.6583,144.5935,327.5,1.2,1.1,2014-09-08,0033,Terra,MODIS,79,6.2,299.7,22.3,D,0
-15.5786,145.3048,326.5,1.1,1,2014-09-08,0033,Terra,MODIS,47,6.2,300.3,15.7,D,0
-14.9069,145.1323,344.3,1.1,1,2014-09-08,0033,Terra,MODIS,92,6.2,298.3,47.2,D,0
-15.5156,145.143,346.9,1.1,1,2014-09-08,0033,Terra,MODIS,93,6.2,302.6,48.3,D,0
-14.896,145.1237,327.8,1.1,1,2014-09-08,0033,Terra,MODIS,79,6.2,298.1,20.4,D,0
-15.5771,145.295,342.4,1.1,1,2014-09-08,0033,Terra,MODIS,90,6.2,302.2,41.3,D,0
-14.9284,144.9261,317.6,1.1,1,2014-09-08,0033,Terra,MODIS,34,6.2,298.6,9.1,D,0
-12.6646,141.9549,327.9,1.8,1.3,2014-09-08,0033,Terra,MODIS,80,6.2,303.4,41.9,D,0
-12.6464,142.0325,329.2,1.8,1.3,2014-09-08,0033,Terra,MODIS,81,6.2,305,43.1,D,0
-15.2843,145.2503,315.3,1.1,1,2014-09-08,0033,Terra,MODIS,45,6.2,300.6,6.5,D,0
-12.2029,143.0484,316.4,1.6,1.2,2014-09-08,0033,Terra,MODIS,61,6.2,297.4,16,D,0
-12.6681,141.9429,322.9,1.8,1.3,2014-09-08,0033,Terra,MODIS,74,6.2,302.5,28.9,D,0
-11.8572,142.3431,322.3,1.8,1.3,2014-09-08,0033,Terra,MODIS,75,6.2,301.4,25.8,D,0
-14.6607,144.5865,316.3,1.2,1.1,2014-09-08,0033,Terra,MODIS,16,6.2,297.2,8,D,0
-14.9053,145.1222,341.7,1.1,1,2014-09-08,0033,Terra,MODIS,90,6.2,301.5,41.9,D,0
-15.3685,145.2606,318.4,1.1,1,2014-09-08,0033,Terra,MODIS,59,6.2,298.5,12.4,D,0
-11.8519,142.3109,345.4,1.8,1.3,2014-09-08,0033,Terra,MODIS,93,6.2,300.3,104.8,D,0
-15.5125,145.1232,324,1.1,1,2014-09-08,0033,Terra,MODIS,60,6.2,302,13.2,D,0
-12.6709,141.9597,323.4,1.8,1.3,2014-09-08,0033,Terra,MODIS,74,6.2,303.4,29.1,D,0
-15.5651,145.1553,335.3,1.1,1,2014-09-08,0033,Terra,MODIS,85,6.2,304.1,26.9,D,0
-15.5187,145.1628,328.9,1.1,1,2014-09-08,0033,Terra,MODIS,53,6.2,303,18.4,D,0
-15.5172,145.1529,332,1.1,1,2014-09-08,0033,Terra,MODIS,58,6.2,303.9,21.7,D,0
-12.2034,143.0414,313.2,1.6,1.2,2014-09-08,0033,Terra,MODIS,42,6.2,296.7,10.9,D,0
-14.93,144.9362,322.6,1.1,1,2014-09-08,0033,Terra,MODIS,56,6.2,297.4,14.8,D,0
-15.2828,145.2404,319.2,1.1,1,2014-09-08,0033,Terra,MODIS,64,6.2,300.8,10.9,D,0
-14.6624,144.5969,325.3,1.2,1.1,2014-09-08,0033,Terra,MODIS,76,6.2,300.5,20.1,D,0
-11.8401,142.3129,314.4,1.8,1.3,2014-09-08,0033,Terra,MODIS,21,6.2,299.9,11.4,D,0
-15.5532,144.9773,320,1.1,1,2014-09-08,0033,Terra,MODIS,66,6.2,304.5,9.6,D,0
-15.5124,144.9383,321.9,1.1,1,2014-09-08,0033,Terra,MODIS,17,6.2,305.9,8.1,D,0
-11.9295,142.6383,323.3,1.7,1.3,2014-09-08,0033,Terra,MODIS,64,6.2,298.6,25.2,D,0
-15.6171,145.1413,322.7,1.1,1,2014-09-08,0033,Terra,MODIS,65,6.2,301.2,12.4,D,0
-12.1987,142.5352,321.7,1.7,1.3,2014-09-08,0033,Terra,MODIS,70,6.2,302.3,20.8,D,0
-12.2016,142.5408,319.2,1.7,1.3,2014-09-08,0033,Terra,MODIS,66,6.2,302.6,16.5,D,0
-15.4827,144.9328,340.2,1.1,1,2014-09-08,0033,Terra,MODIS,89,6.2,303.6,38.3,D,0
-15.6217,145.1099,327,1.1,1,2014-09-08,0033,Terra,MODIS,77,6.2,301.6,18.7,D,0
-15.6046,145.3044,316,1.1,1,2014-09-08,0033,Terra,MODIS,0,6.2,300.6,8.9,D,0
-15.6233,145.1198,325.4,1.1,1,2014-09-08,0033,Terra,MODIS,68,6.2,301.4,15.7,D,0
-15.6078,145.1427,330.7,1.1,1,2014-09-08,0033,Terra,MODIS,81,6.2,304.7,21.1,D,0
-15.614,145.1213,327.2,1.1,1,2014-09-08,0033,Terra,MODIS,67,6.2,302.9,16.7,D,0
-15.6155,145.1313,327.6,1.1,1,2014-09-08,0033,Terra,MODIS,74,6.2,301.9,17.6,D,0
-11.9382,142.63,321.3,1.7,1.3,2014-09-08,0033,Terra,MODIS,56,6.2,298.5,20.6,D,0
-15.5453,144.927,316.7,1.1,1,2014-09-08,0033,Terra,MODIS,56,6.2,303.1,8.2,D,0
-15.5437,144.9169,328.4,1.1,1,2014-09-08,0033,Terra,MODIS,79,6.2,302.9,21.9,D,0
-15.5421,144.9067,326.3,1.1,1,2014-09-08,0033,Terra,MODIS,76,6.2,301.9,19.2,D,0
-15.5389,144.9237,328.7,1.1,1,2014-09-08,0033,Terra,MODIS,79,6.2,304.2,18.9,D,0
-15.5373,144.9136,338.9,1.1,1,2014-09-08,0033,Terra,MODIS,88,6.2,304,36.2,D,0
-15.5357,144.9034,342.7,1.1,1,2014-09-08,0033,Terra,MODIS,90,6.2,303.6,45,D,0
-16.9543,135.3367,318.2,4.7,2,2014-09-08,0034,Terra,MODIS,56,6.2,301.1,65.5,D,0
-16.9525,135.3315,318.9,4.7,2,2014-09-08,0034,Terra,MODIS,60,6.2,301.3,72.8,D,0
-15.8784,136.303,318.5,4.2,1.9,2014-09-08,0034,Terra,MODIS,64,6.2,299.8,61.5,D,0
-16.4772,144.8671,320.8,1.1,1,2014-09-08,0034,Terra,MODIS,66,6.2,306.8,9.4,D,0
-15.881,136.2968,318.4,4.2,1.9,2014-09-08,0034,Terra,MODIS,69,6.2,300.3,62.8,D,0
-26.4017,146.2867,308.3,1.1,1,2014-09-08,0036,Terra,MODIS,0,6.2,282.7,9.1,D,0
-30.5252,148.2293,313.5,1.5,1.2,2014-09-08,0037,Terra,MODIS,68,6.2,298.2,11.5,D,0
-29.2672,149.4554,311.2,1.8,1.3,2014-09-08,0037,Terra,MODIS,61,6.2,296.9,10.8,D,0
-29.2611,149.4625,316.7,1.8,1.3,2014-09-08,0037,Terra,MODIS,71,6.2,297.1,20.3,D,0
-30.5269,148.2453,316.4,1.5,1.2,2014-09-08,0037,Terra,MODIS,72,6.2,299.3,16,D,0
-29.5946,149.526,314.4,1.8,1.3,2014-09-08,0037,Terra,MODIS,64,6.2,296.2,20.2,D,0
-29.4827,148.5774,312.7,1.6,1.2,2014-09-08,0037,Terra,MODIS,65,6.2,296.8,12,D,0
-28.4196,148.6362,309.8,1.5,1.2,2014-09-08,0037,Terra,MODIS,47,6.2,295.5,6.9,D,0
-32.7446,146.8938,318.5,1.4,1.2,2014-09-08,0038,Terra,MODIS,76,6.2,294.8,19.9,D,0
-32.3876,146.0064,308.7,1.2,1.1,2014-09-08,0038,Terra,MODIS,55,6.2,295.1,7,D,0
-32.4632,146.5515,311.8,1.3,1.1,2014-09-08,0038,Terra,MODIS,66,6.2,294.8,11.1,D,0
-32.4648,146.5653,308.3,1.3,1.1,2014-09-08,0038,Terra,MODIS,58,6.2,294,7.5,D,0
-32.7341,146.8954,312.7,1.4,1.2,2014-09-08,0038,Terra,MODIS,65,6.2,295.6,11.7,D,0
-35.5086,145.2953,335.1,1.2,1.1,2014-09-08,0039,Terra,MODIS,89,6.2,294.4,44.9,D,0
-35.5185,145.2936,312.5,1.2,1.1,2014-09-08,0039,Terra,MODIS,71,6.2,292.3,12.6,D,0
-34.7146,142.9316,320.8,1,1,2014-09-08,0039,Terra,MODIS,77,6.2,294.6,15.7,D,0
-37.4291,141.715,307.4,1,1,2014-09-08,0039,Terra,MODIS,51,6.2,282.3,8.9,D,0
-37.3752,140.6687,314.6,1,1,2014-09-08,0039,Terra,MODIS,73,6.2,280,12.9,D,0
-37.3769,140.6801,313.3,1,1,2014-09-08,0039,Terra,MODIS,73,6.2,278.7,11.7,D,0
-35.4389,149.407,304.4,2.1,1.4,2014-09-08,0039,Terra,MODIS,59,6.2,288.4,17,D,0
-36.1523,149.1545,300.2,2.1,1.4,2014-09-08,0039,Terra,MODIS,25,6.2,289.5,10,D,0
-35.4087,144.407,311.3,1.1,1.1,2014-09-08,0039,Terra,MODIS,69,6.2,294.5,9.7,D,0
-13.4878,130.6899,335.4,2.9,1.6,2014-09-08,0211,Terra,MODIS,83,6.2,302,112.9,D,0
-11.2859,132.3475,315.2,3.7,1.8,2014-09-08,0211,Terra,MODIS,37,6.2,299.3,38.5,D,0
-13.0499,132.7118,322.7,4.1,1.9,2014-09-08,0211,Terra,MODIS,65,6.2,301.7,81.6,D,0
-13.0465,132.7193,323.2,4.1,1.9,2014-09-08,0211,Terra,MODIS,62,6.2,301.9,81.8,D,0
-12.9795,132.531,321.5,4,1.9,2014-09-08,0211,Terra,MODIS,49,6.2,303,57.4,D,0
-13.503,130.6814,325.1,2.9,1.6,2014-09-08,0211,Terra,MODIS,63,6.2,303.1,48.6,D,0
-13.4883,130.6831,338,2.9,1.6,2014-09-08,0211,Terra,MODIS,86,6.2,302.7,134.5,D,0
-13.5025,130.6883,324.3,2.9,1.6,2014-09-08,0211,Terra,MODIS,59,6.2,303.1,45.5,D,0
-13.4847,130.6631,327.4,2.9,1.6,2014-09-08,0211,Terra,MODIS,67,6.2,304.6,59.8,D,0
-11.526,132.8387,316.7,4,1.9,2014-09-08,0211,Terra,MODIS,50,6.2,302.2,48.3,D,0
-12.5817,131.7423,332.4,3.4,1.7,2014-09-08,0211,Terra,MODIS,81,6.2,302.4,122.7,D,0
-12.5974,131.7404,326.4,3.4,1.7,2014-09-08,0211,Terra,MODIS,61,6.2,301.6,82.3,D,0
-14.3092,126.6231,333.7,1.5,1.2,2014-09-08,0212,Terra,MODIS,81,6.2,305.8,33.2,D,0
-14.6282,132.8387,323.8,4.4,1.9,2014-09-08,0212,Terra,MODIS,70,6.2,305.2,73.7,D,0
-14.629,132.8316,321.1,4.4,1.9,2014-09-08,0212,Terra,MODIS,61,6.2,304.9,50,D,0
-14.633,132.8728,321.9,4.5,1.9,2014-09-08,0212,Terra,MODIS,66,6.2,305.7,60.2,D,0
-14.6731,132.7448,319.5,4.4,1.9,2014-09-08,0212,Terra,MODIS,38,6.2,304.7,47.4,D,0
-14.4482,132.8197,319.3,4.4,1.9,2014-09-08,0212,Terra,MODIS,47,6.2,305.1,43.4,D,0
-14.1921,132.2808,341.5,4,1.9,2014-09-08,0212,Terra,MODIS,89,6.2,302.8,266,D,0
-14.1754,132.2827,320.9,4,1.9,2014-09-08,0212,Terra,MODIS,58,6.2,303,63.7,D,0
-14.1969,132.2737,348.3,4,1.9,2014-09-08,0212,Terra,MODIS,93,6.2,301.5,361.9,D,0
-14.2088,132.2792,338.4,4,1.9,2014-09-08,0212,Terra,MODIS,86,6.2,299.7,231,D,0
-17.0702,128.2475,326.6,2.1,1.4,2014-09-08,0212,Terra,MODIS,70,6.2,310.5,32,D,0
-14.3301,132.4113,325.4,4.1,1.9,2014-09-08,0212,Terra,MODIS,67,6.2,305.1,92,D,0
-17.0829,128.2453,327.5,2.1,1.4,2014-09-08,0212,Terra,MODIS,71,6.2,307.6,36.3,D,0
-16.4499,124.1571,341.4,1.1,1.1,2014-09-08,0212,Terra,MODIS,88,6.2,308,42.4,D,0
-16.4513,124.1675,340.8,1.1,1.1,2014-09-08,0212,Terra,MODIS,88,6.2,308.7,39.8,D,0
-16.5014,123.9313,328,1.1,1,2014-09-08,0212,Terra,MODIS,73,6.2,305.5,16.6,D,0
-16.4527,124.1781,334.3,1.1,1.1,2014-09-08,0212,Terra,MODIS,68,6.2,307.8,27.4,D,0
-15.8027,127.8774,331,1.9,1.4,2014-09-08,0212,Terra,MODIS,73,6.2,305.9,45.6,D,0
-15.6811,128.2538,326.3,2,1.4,2014-09-08,0212,Terra,MODIS,54,6.2,310.2,28,D,0
-15.7761,127.8626,323,1.9,1.4,2014-09-08,0212,Terra,MODIS,51,6.2,308.5,19.8,D,0
-15.7783,127.8806,332.7,1.9,1.4,2014-09-08,0212,Terra,MODIS,75,6.2,308.2,50.3,D,0
-16.6484,123.7057,328.8,1.1,1,2014-09-08,0212,Terra,MODIS,76,6.2,305.7,18.5,D,0
-16.5028,123.9416,332,1.1,1,2014-09-08,0212,Terra,MODIS,80,6.2,306,21.9,D,0
-14.2984,126.6246,325.9,1.5,1.2,2014-09-08,0212,Terra,MODIS,64,6.2,306.3,16.8,D,0
-14.2941,126.6178,325.1,1.5,1.2,2014-09-08,0212,Terra,MODIS,27,6.2,306,14.7,D,0
-16.4418,124.1692,344.4,1.1,1.1,2014-09-08,0212,Terra,MODIS,79,6.2,307.5,48.6,D,0
-16.5218,123.7304,324,1.1,1,2014-09-08,0212,Terra,MODIS,61,6.2,309,10,D,0
-14.2967,126.6109,324.7,1.5,1.2,2014-09-08,0212,Terra,MODIS,55,6.2,305.3,14.2,D,0
-16.4732,124.1859,322.3,1.1,1.1,2014-09-08,0212,Terra,MODIS,46,6.2,307.9,10.8,D,0
-16.4404,124.1586,321.8,1.1,1.1,2014-09-08,0212,Terra,MODIS,29,6.2,303.9,11.3,D,0
-16.5478,123.6441,322,1.1,1,2014-09-08,0212,Terra,MODIS,61,6.2,306.5,11.8,D,0
-16.5062,124.2136,328.4,1.1,1.1,2014-09-08,0212,Terra,MODIS,75,6.2,305.3,21.7,D,0
-16.5283,123.7088,331,1.1,1,2014-09-08,0212,Terra,MODIS,79,6.2,309.3,19.4,D,0
-16.4747,124.1968,322.2,1.1,1.1,2014-09-08,0212,Terra,MODIS,50,6.2,304.5,11.7,D,0
-16.5458,124.116,328.8,1.1,1.1,2014-09-08,0212,Terra,MODIS,75,6.2,306.7,19.4,D,0
-16.5443,124.1054,327.5,1.1,1.1,2014-09-08,0212,Terra,MODIS,60,6.2,309,16.2,D,0
-16.5137,124.1265,322.6,1.1,1.1,2014-09-08,0212,Terra,MODIS,35,6.2,304.4,10.9,D,0
-16.5189,124.094,331.8,1.1,1.1,2014-09-08,0212,Terra,MODIS,78,6.2,307.8,22.7,D,0
-16.5094,124.0953,325.6,1.1,1.1,2014-09-08,0212,Terra,MODIS,65,6.2,304.4,13.9,D,0
-14.4148,132.3595,322,4.1,1.9,2014-09-08,0212,Terra,MODIS,34,6.2,303.6,61.5,D,0
-14.4187,132.3524,316.9,4.1,1.9,2014-09-08,0212,Terra,MODIS,24,6.2,303,34.6,D,0
-14.4108,132.3224,347,4,1.9,2014-09-08,0212,Terra,MODIS,93,6.2,304.1,336.9,D,0
-14.394,132.3242,322.7,4,1.9,2014-09-08,0212,Terra,MODIS,27,6.2,305.7,63.6,D,0
-14.3344,132.4056,322.3,4.1,1.9,2014-09-08,0212,Terra,MODIS,44,6.2,305.5,63.5,D,0
-14.2136,132.2721,333.3,4,1.9,2014-09-08,0212,Terra,MODIS,81,6.2,299.6,179.3,D,0
-14.1933,132.2378,352.5,3.9,1.8,2014-09-08,0212,Terra,MODIS,96,6.2,301.1,415.6,D,0
-14.4019,132.3542,327.6,4.1,1.9,2014-09-08,0212,Terra,MODIS,76,6.2,305.4,108.6,D,0
-14.3982,132.317,339.7,4,1.9,2014-09-08,0212,Terra,MODIS,88,6.2,306,238.9,D,0
-14.1883,132.245,358.4,3.9,1.8,2014-09-08,0212,Terra,MODIS,99,6.2,303.6,520,D,0
-14.415,132.3153,333.2,4,1.9,2014-09-08,0212,Terra,MODIS,82,6.2,302.2,173.7,D,0
-14.2049,132.2431,327.6,3.9,1.8,2014-09-08,0212,Terra,MODIS,71,6.2,297.6,114.2,D,0
-18.3689,130.0877,329.5,3.1,1.7,2014-09-08,0213,Terra,MODIS,69,6.2,309.6,74.6,D,0
-18.3032,130.0362,325.5,3,1.7,2014-09-08,0213,Terra,MODIS,35,6.2,308.7,39.6,D,0
-20.2266,127.9322,326.5,2.2,1.5,2014-09-08,0213,Terra,MODIS,65,6.2,312,25,D,0
-20.2243,127.9107,335.3,2.2,1.4,2014-09-08,0213,Terra,MODIS,81,6.2,313.2,62.4,D,0
-18.306,130.0651,327,3.1,1.7,2014-09-08,0213,Terra,MODIS,54,6.2,308.3,53.9,D,0
-18.2126,130.0292,331.5,3,1.7,2014-09-08,0213,Terra,MODIS,68,6.2,311.9,72.5,D,0
-18.2155,130.0579,341.4,3,1.7,2014-09-08,0213,Terra,MODIS,88,6.2,310.3,153.3,D,0
-18.2146,130.0528,340.2,3,1.7,2014-09-08,0213,Terra,MODIS,87,6.2,310.8,141,D,0
-20.4886,127.3637,366.2,2.1,1.4,2014-09-08,0213,Terra,MODIS,100,6.2,312.3,249.7,D,0
-20.4864,127.3442,404.5,2,1.4,2014-09-08,0213,Terra,MODIS,100,6.2,319.8,751,D,0
-20.4842,127.3247,354.7,2,1.4,2014-09-08,0213,Terra,MODIS,97,6.2,314.3,155.1,D,0
-18.3074,130.0718,324.5,3.1,1.7,2014-09-08,0213,Terra,MODIS,43,6.2,308.1,40.8,D,0
-18.3044,130.0429,331.6,3,1.7,2014-09-08,0213,Terra,MODIS,78,6.2,308.8,78.9,D,0
-18.2894,130.0446,342.5,3,1.7,2014-09-08,0213,Terra,MODIS,89,6.2,309.9,163,D,0
-20.5001,127.3369,326.9,2,1.4,2014-09-08,0213,Terra,MODIS,43,6.2,313.2,23.1,D,0
-20.4896,127.3579,379.3,2.1,1.4,2014-09-08,0213,Terra,MODIS,100,6.2,314.8,383.6,D,0
-20.4875,127.3384,395.4,2,1.4,2014-09-08,0213,Terra,MODIS,100,6.2,319.6,596.4,D,0
-20.499,127.3427,338.1,2,1.4,2014-09-08,0213,Terra,MODIS,83,6.2,311.8,66.1,D,0
-20.5399,127.352,332.4,2.1,1.4,2014-09-08,0213,Terra,MODIS,75,6.2,311.9,45.1,D,0
-18.3539,130.0893,329.4,3.1,1.7,2014-09-08,0213,Terra,MODIS,49,6.2,310.6,69.1,D,0
-18.381,130.0571,328.6,3.1,1.7,2014-09-08,0213,Terra,MODIS,29,6.2,307.3,60.1,D,0
-19.9452,128.1876,324.5,2.3,1.5,2014-09-08,0213,Terra,MODIS,61,6.2,312.7,26,D,0
-18.1918,125.8023,327.2,1.5,1.2,2014-09-08,0213,Terra,MODIS,53,6.2,314.1,13.4,D,0
-18.384,130.0863,328.3,3.1,1.7,2014-09-08,0213,Terra,MODIS,33,6.2,307.5,62.5,D,0
-20.5421,127.3715,338.9,2.1,1.4,2014-09-08,0213,Terra,MODIS,84,6.2,310.2,76.8,D,0
-18.0704,127.8,323.6,2,1.4,2014-09-08,0213,Terra,MODIS,49,6.2,310.5,20.9,D,0
-18.5655,127.4728,330.5,2,1.4,2014-09-08,0213,Terra,MODIS,75,6.2,311.1,38.9,D,0
-18.0818,127.7721,324.6,2,1.4,2014-09-08,0213,Terra,MODIS,52,6.2,309.8,21.5,D,0
-18.0932,127.7776,326,2,1.4,2014-09-08,0213,Terra,MODIS,68,6.2,310.6,26.9,D,0
-18.1455,123.8071,332.3,1.1,1.1,2014-09-08,0213,Terra,MODIS,76,6.2,313.5,18.6,D,0
-18.1469,123.8178,329.4,1.1,1.1,2014-09-08,0213,Terra,MODIS,71,6.2,315.8,14.2,D,0
-18.0806,127.779,335.1,2,1.4,2014-09-08,0213,Terra,MODIS,82,6.2,310.2,59,D,0
-18.6011,127.4249,325.3,2,1.4,2014-09-08,0213,Terra,MODIS,50,6.2,310.6,23.8,D,0
-18.084,127.7915,340,2,1.4,2014-09-08,0213,Terra,MODIS,86,6.2,311.5,81.7,D,0
-18.0715,127.7931,323.1,2,1.4,2014-09-08,0213,Terra,MODIS,33,6.2,309.9,17.6,D,0
-18.0829,127.7984,332,2,1.4,2014-09-08,0213,Terra,MODIS,78,6.2,311.4,47.6,D,0
-17.7364,122.8311,350.5,1,1,2014-09-08,0213,Terra,MODIS,94,6.2,310.1,48.1,D,0
-17.7265,122.9482,333.7,1,1,2014-09-08,0213,Terra,MODIS,72,6.2,311.8,19.1,D,0
-17.7187,122.9593,327.8,1,1,2014-09-08,0213,Terra,MODIS,50,6.2,308.9,11.4,D,0
-17.7174,122.9495,328.6,1,1,2014-09-08,0213,Terra,MODIS,53,6.2,311.4,12,D,0
-17.7429,122.8103,328.4,1,1,2014-09-08,0213,Terra,MODIS,36,6.2,310.3,9.9,D,0
-17.7382,122.9105,326.3,1,1,2014-09-08,0213,Terra,MODIS,45,6.2,311.5,8.2,D,0
-17.7534,122.8187,326.7,1,1,2014-09-08,0213,Terra,MODIS,54,6.2,310,8.3,D,0
-17.7351,122.8214,359.5,1,1,2014-09-08,0213,Terra,MODIS,99,6.2,311.3,71,D,0
-22.5486,122.6236,367.2,1.1,1,2014-09-08,0214,Terra,MODIS,100,6.2,315.5,106.7,D,0
-22.5677,122.6582,338.5,1.1,1.1,2014-09-08,0214,Terra,MODIS,85,6.2,310.4,31.4,D,0
-22.5691,122.669,359.2,1.1,1.1,2014-09-08,0214,Terra,MODIS,99,6.2,314.5,81.9,D,0
-22.5705,122.6798,371,1.1,1.1,2014-09-08,0214,Terra,MODIS,100,6.2,317.5,123.9,D,0
-22.572,122.6906,411.1,1.1,1.1,2014-09-08,0214,Terra,MODIS,100,6.2,324.4,366.7,D,0
-22.5734,122.7014,374.3,1.1,1.1,2014-09-08,0214,Terra,MODIS,100,6.2,312.4,138.5,D,0
-22.5772,122.6567,325.2,1.1,1.1,2014-09-08,0214,Terra,MODIS,66,6.2,309.6,11.2,D,0
-22.5786,122.6675,341.5,1.1,1.1,2014-09-08,0214,Terra,MODIS,88,6.2,309,38.5,D,0
-22.58,122.6783,321.8,1.1,1.1,2014-09-08,0214,Terra,MODIS,45,6.2,308.1,6.8,D,0
-22.5501,122.6343,381.8,1.1,1,2014-09-08,0214,Terra,MODIS,100,6.2,312.8,168.8,D,0
-21.9792,119.7003,332.7,1,1,2014-09-08,0214,Terra,MODIS,80,6.2,311.2,18.3,D,0
-22.5392,122.625,356.2,1.1,1,2014-09-08,0214,Terra,MODIS,98,6.2,316,71.4,D,0
-21.9807,119.7101,323,1,1,2014-09-08,0214,Terra,MODIS,62,6.2,309.1,6.2,D,0
-22.5406,122.6358,394.1,1.1,1,2014-09-08,0214,Terra,MODIS,100,6.2,318.5,238.3,D,0
-22.5421,122.6465,327.8,1.1,1.1,2014-09-08,0214,Terra,MODIS,71,6.2,309.7,13,D,0
-22.5683,122.6976,406.6,1.1,1.1,2014-09-08,0214,Terra,MODIS,100,6.2,320,329.2,D,0
-22.5669,122.6867,373.4,1.1,1.1,2014-09-08,0214,Terra,MODIS,100,6.2,320.4,131.4,D,0
-22.5654,122.6759,355.8,1.1,1.1,2014-09-08,0214,Terra,MODIS,97,6.2,313.7,70.8,D,0
-23.0201,122.6137,330,1.1,1.1,2014-09-08,0214,Terra,MODIS,75,6.2,308.2,19.7,D,0
-23.0187,122.6028,346.4,1.1,1.1,2014-09-08,0214,Terra,MODIS,91,6.2,311.8,50.4,D,0
-23.0149,122.6093,336.7,1.1,1.1,2014-09-08,0214,Terra,MODIS,83,6.2,308.8,30.4,D,0
-21.3121,121.0233,341.4,1,1,2014-09-08,0214,Terra,MODIS,87,6.2,312.4,30.3,D,0
-20.3794,119.4303,326.1,1.1,1,2014-09-08,0214,Terra,MODIS,66,6.2,307.7,11.8,D,0
-20.3778,119.4202,326.8,1.1,1,2014-09-08,0214,Terra,MODIS,68,6.2,307.1,12.9,D,0
-20.3734,119.4521,329.6,1.1,1,2014-09-08,0214,Terra,MODIS,62,6.2,308.3,14.1,D,0
-20.3641,119.4537,327.8,1.1,1,2014-09-08,0214,Terra,MODIS,60,6.2,307.6,12.2,D,0
-21.2913,121.007,342.4,1,1,2014-09-08,0214,Terra,MODIS,88,6.2,310.3,31.8,D,0
-20.3549,119.4552,327.1,1.1,1,2014-09-08,0214,Terra,MODIS,69,6.2,308.2,12.4,D,0
-21.2927,121.0166,361.2,1,1,2014-09-08,0214,Terra,MODIS,100,6.2,310.2,73.6,D,0
-21.2941,121.0262,351.9,1,1,2014-09-08,0214,Terra,MODIS,95,6.2,309.5,51,D,0
-21.2988,120.996,333.9,1,1,2014-09-08,0214,Terra,MODIS,79,6.2,310.3,17.9,D,0
-21.3003,121.0056,344.5,1,1,2014-09-08,0214,Terra,MODIS,90,6.2,313,35,D,0
-21.3017,121.0152,357.3,1,1,2014-09-08,0214,Terra,MODIS,98,6.2,313.7,62.5,D,0
-21.3031,121.0248,355.9,1,1,2014-09-08,0214,Terra,MODIS,97,6.2,310.5,59.9,D,0
-21.3135,121.0329,331.1,1,1,2014-09-08,0214,Terra,MODIS,76,6.2,311.1,14.9,D,0
-20.3718,119.442,330.3,1.1,1,2014-09-08,0214,Terra,MODIS,44,6.2,307.7,15,D,0
-20.9903,118.6325,323.4,1.1,1.1,2014-09-08,0214,Terra,MODIS,58,6.2,308.1,8.1,D,0
-24.3916,120.0008,320.5,1,1,2014-09-08,0215,Terra,MODIS,27,6.2,297.1,9.9,D,0
-24.3901,119.991,331.8,1,1,2014-09-08,0215,Terra,MODIS,79,6.2,291.2,23,D,0
-24.3811,119.9925,357.9,1,1,2014-09-08,0215,Terra,MODIS,93,6.2,302.3,72.3,D,0
-24.3826,120.0023,416.5,1,1,2014-09-08,0215,Terra,MODIS,100,6.2,311.6,357.6,D,0
-24.384,120.0121,369,1,1,2014-09-08,0215,Terra,MODIS,100,6.2,301.5,103.9,D,0
-24.4888,119.8506,324.6,1,1,2014-09-08,0215,Terra,MODIS,74,6.2,303.1,16.1,D,0
-31.2232,149.3223,307.9,3.4,1.7,2014-09-08,0317,Aqua,MODIS,66,6.2,293.1,39.8,D,0
-31.2143,149.3177,307.3,3.4,1.7,2014-09-08,0317,Aqua,MODIS,64,6.2,292.4,37.8,D,0
-18.4839,145.6545,313.1,4.5,2,2014-09-08,0320,Aqua,MODIS,49,6.2,294.2,72.3,D,0
-18.4833,145.6468,310.2,4.5,2,2014-09-08,0320,Aqua,MODIS,26,6.2,294.4,55.5,D,0
-15.5171,145.1498,319.7,4.5,2,2014-09-08,0321,Aqua,MODIS,61,6.2,296,102.7,D,0
-15.5164,145.1418,324.5,4.5,2,2014-09-08,0321,Aqua,MODIS,78,6.2,296.1,144.9,D,0
-18.3539,145.4917,314.1,4.6,2,2014-09-08,0321,Aqua,MODIS,60,6.2,299.5,64.4,D,0
-14.9074,145.1236,318.7,4.4,1.9,2014-09-08,0321,Aqua,MODIS,57,6.2,296.1,92.7,D,0
-14.9079,145.1271,317.4,4.4,1.9,2014-09-08,0321,Aqua,MODIS,55,6.2,296.1,85.3,D,0
-14.9253,145.1293,315.2,4.4,1.9,2014-09-08,0321,Aqua,MODIS,16,6.2,296.4,68.6,D,0
-18.358,145.4476,322.6,4.6,2,2014-09-08,0321,Aqua,MODIS,75,6.2,301.4,132.2,D,0
-14.9279,144.9238,312.6,4.6,2,2014-09-08,0321,Aqua,MODIS,55,6.2,295.7,62.2,D,0
-15.5207,145.0999,316.3,4.5,2,2014-09-08,0321,Aqua,MODIS,55,6.2,294.5,72.3,D,0
-15.5211,145.1077,321.9,4.5,2,2014-09-08,0321,Aqua,MODIS,75,6.2,294.9,118.7,D,0
-14.9288,144.9203,312.9,4.6,2,2014-09-08,0321,Aqua,MODIS,56,6.2,295.6,63.7,D,0
-18.3574,145.4563,325.5,4.6,2,2014-09-08,0321,Aqua,MODIS,79,6.2,301.3,161.7,D,0
-15.6263,145.1262,315,4.5,2,2014-09-08,0321,Aqua,MODIS,63,6.2,296.2,66.8,D,0
-15.6267,145.1223,315.7,4.5,2,2014-09-08,0321,Aqua,MODIS,64,6.2,296.1,72.9,D,0
-15.4856,144.9221,313.1,4.7,2,2014-09-08,0321,Aqua,MODIS,56,6.2,294.1,63,D,0
-15.6303,145.0846,310.5,4.6,2,2014-09-08,0321,Aqua,MODIS,36,6.2,295.3,36.3,D,0
-15.4842,144.9256,312.9,4.7,2,2014-09-08,0321,Aqua,MODIS,56,6.2,294.1,61.8,D,0
-34.0705,143.3862,335.6,2.1,1.4,2014-09-08,0454,Aqua,MODIS,84,6.2,297.5,97.4,D,0
-34.0731,143.3822,328.1,2.1,1.4,2014-09-08,0454,Aqua,MODIS,57,6.2,296.9,64.7,D,0
-34.9738,146.0412,313.2,3,1.6,2014-09-08,0454,Aqua,MODIS,71,6.2,296.4,41.4,D,0
-34.9267,145.7817,317.6,2.9,1.6,2014-09-08,0454,Aqua,MODIS,76,6.2,297,57.1,D,0
-34.9261,145.7738,322.9,2.9,1.6,2014-09-08,0454,Aqua,MODIS,81,6.2,297.7,80.8,D,0
-35.4598,145.29,308.5,2.6,1.6,2014-09-08,0454,Aqua,MODIS,57,6.2,288.5,26,D,0
-37.6184,140.9459,323.4,1.3,1.1,2014-09-08,0454,Aqua,MODIS,76,6.2,283.9,28.7,D,0
-37.6083,140.9429,329.2,1.3,1.1,2014-09-08,0454,Aqua,MODIS,64,6.2,290.1,37.6,D,0
-37.609,140.9517,344,1.3,1.1,2014-09-08,0454,Aqua,MODIS,93,6.2,292.1,70.6,D,0
-23.031,122.6157,328.1,3.8,1.8,2014-09-08,0458,Aqua,MODIS,68,6.2,307.3,102,D,0
-23.0198,122.6192,332.2,3.8,1.8,2014-09-08,0458,Aqua,MODIS,76,6.2,307.8,138.1,D,0
-20.9163,135.3254,332,1.2,1.1,2014-09-08,0458,Aqua,MODIS,49,6.2,317.7,16,D,0
-20.9182,135.3138,364.7,1.2,1.1,2014-09-08,0458,Aqua,MODIS,100,6.2,319.7,106.3,D,0
-20.9201,135.3021,339,1.2,1.1,2014-09-08,0458,Aqua,MODIS,79,6.2,315.5,29.5,D,0
-20.8952,135.328,330.6,1.2,1.1,2014-09-08,0458,Aqua,MODIS,40,6.2,315.8,14.8,D,0
-22.5523,122.657,328.9,3.8,1.8,2014-09-08,0458,Aqua,MODIS,69,6.2,311.1,92.7,D,0
-22.5657,122.6951,331,3.7,1.8,2014-09-08,0458,Aqua,MODIS,47,6.2,309.9,101.5,D,0
-22.5821,122.6967,336.4,3.7,1.8,2014-09-08,0458,Aqua,MODIS,81,6.2,308.2,156.6,D,0
-22.5985,122.6983,323.6,3.7,1.8,2014-09-08,0458,Aqua,MODIS,47,6.2,306.4,55.5,D,0
-22.5687,122.6586,354.8,3.8,1.8,2014-09-08,0458,Aqua,MODIS,97,6.2,311.3,394.7,D,0
-22.565,122.6133,328.9,3.8,1.8,2014-09-08,0458,Aqua,MODIS,57,6.2,310.9,88.7,D,0
-22.5618,122.65,354.1,3.8,1.8,2014-09-08,0458,Aqua,MODIS,96,6.2,312.2,387.1,D,0
-22.5586,122.6865,339.5,3.7,1.8,2014-09-08,0458,Aqua,MODIS,85,6.2,310.9,183.8,D,0
-22.5782,122.6516,335.6,3.8,1.8,2014-09-08,0458,Aqua,MODIS,74,6.2,310,144.2,D,0
-22.5851,122.6602,350.2,3.8,1.8,2014-09-08,0458,Aqua,MODIS,94,6.2,309.9,326.7,D,0
-22.5553,122.6202,334.2,3.8,1.8,2014-09-08,0458,Aqua,MODIS,79,6.2,312.4,142.7,D,0
-18.8517,128.7012,371.1,1.3,1.1,2014-09-08,0459,Aqua,MODIS,100,6.2,310.1,146.3,D,0
-17.7537,122.8206,336.5,3.2,1.7,2014-09-08,0459,Aqua,MODIS,81,6.2,309.5,115.6,D,0
-18.8167,128.6534,335.9,1.3,1.1,2014-09-08,0459,Aqua,MODIS,76,6.2,320,20.9,D,0
-18.8221,128.6905,339.8,1.3,1.1,2014-09-08,0459,Aqua,MODIS,82,6.2,318.3,30.9,D,0
-18.8237,128.6786,342.2,1.3,1.1,2014-09-08,0459,Aqua,MODIS,85,6.2,319.2,34.5,D,0
-18.8246,128.6732,344.3,1.3,1.1,2014-09-08,0459,Aqua,MODIS,87,6.2,320.3,39.2,D,0
-18.8174,128.5684,332.2,1.3,1.1,2014-09-08,0459,Aqua,MODIS,52,6.2,319.5,12.8,D,0
-18.8232,128.6851,347.4,1.3,1.1,2014-09-08,0459,Aqua,MODIS,90,6.2,318.3,47.1,D,0
-18.8347,128.6746,348,1.3,1.1,2014-09-08,0459,Aqua,MODIS,91,6.2,319,52.2,D,0
-18.8332,128.6865,354.9,1.3,1.1,2014-09-08,0459,Aqua,MODIS,96,6.2,320.4,72.2,D,0
-18.8317,128.6984,365.3,1.3,1.1,2014-09-08,0459,Aqua,MODIS,100,6.2,316.5,112.9,D,0
-18.8432,128.6879,345.5,1.3,1.1,2014-09-08,0459,Aqua,MODIS,88,6.2,317.8,48.6,D,0
-18.8417,128.6998,399.8,1.3,1.1,2014-09-08,0459,Aqua,MODIS,100,6.2,323.4,326.5,D,0
-18.8402,128.7117,371.3,1.2,1.1,2014-09-08,0459,Aqua,MODIS,100,6.2,311.2,144.4,D,0
-18.8532,128.6893,339.3,1.3,1.1,2014-09-08,0459,Aqua,MODIS,81,6.2,309.5,36.2,D,0
-17.5266,135.0626,349,1.3,1.1,2014-09-08,0459,Aqua,MODIS,84,6.2,318.9,53.5,D,0
-17.5121,135.0222,363,1.3,1.1,2014-09-08,0459,Aqua,MODIS,100,6.2,315.8,108.8,D,0
-17.5039,135.0082,342.9,1.3,1.1,2014-09-08,0459,Aqua,MODIS,82,6.2,313,43.4,D,0
-17.5059,134.996,332.2,1.3,1.1,2014-09-08,0459,Aqua,MODIS,56,6.2,314.5,20.2,D,0
-17.5079,134.9839,331.5,1.3,1.1,2014-09-08,0459,Aqua,MODIS,38,6.2,314.9,17.8,D,0
-17.5098,134.9717,344.2,1.3,1.1,2014-09-08,0459,Aqua,MODIS,83,6.2,315.1,44.7,D,0
-17.5118,134.9596,360.4,1.3,1.1,2014-09-08,0459,Aqua,MODIS,100,6.2,316.5,97.8,D,0
-17.5016,134.9578,332.1,1.3,1.1,2014-09-08,0459,Aqua,MODIS,19,6.2,311.3,19.8,D,0
-17.5036,134.9457,331,1.3,1.1,2014-09-08,0459,Aqua,MODIS,17,6.2,311.1,17.4,D,0
-17.4097,134.9609,349.5,1.3,1.1,2014-09-08,0459,Aqua,MODIS,92,6.2,314.7,59.7,D,0
-17.4117,134.9488,353.1,1.3,1.1,2014-09-08,0459,Aqua,MODIS,95,6.2,315.2,70.7,D,0
-17.3976,134.9713,339.1,1.3,1.1,2014-09-08,0459,Aqua,MODIS,50,6.2,316.1,30.6,D,0
-17.3855,134.9817,362.5,1.3,1.1,2014-09-08,0459,Aqua,MODIS,100,6.2,315.1,106.3,D,0
-17.3914,134.9452,332.9,1.3,1.1,2014-09-08,0459,Aqua,MODIS,27,6.2,315.1,16.8,D,0
-17.3754,134.9799,353.4,1.3,1.1,2014-09-08,0459,Aqua,MODIS,95,6.2,317.2,70.6,D,0
-17.3552,134.9819,360.3,1.3,1.1,2014-09-08,0459,Aqua,MODIS,100,6.2,318,95.1,D,0
-17.3126,134.987,334.5,1.3,1.1,2014-09-08,0459,Aqua,MODIS,35,6.2,315.7,19.6,D,0
-20.5066,127.3813,335,1.6,1.2,2014-09-08,0459,Aqua,MODIS,72,6.2,317.7,28.5,D,0
-20.5085,127.366,343.3,1.6,1.2,2014-09-08,0459,Aqua,MODIS,86,6.2,318.2,53.3,D,0
-16.6773,135.0612,340.7,1.4,1.2,2014-09-08,0459,Aqua,MODIS,85,6.2,318.5,37.2,D,0
-16.6793,135.0486,341,1.4,1.2,2014-09-08,0459,Aqua,MODIS,86,6.2,318.4,36.5,D,0
-16.6985,134.7978,343.9,1.3,1.1,2014-09-08,0459,Aqua,MODIS,88,6.2,313.6,49.6,D,0
-16.6864,134.8082,327.6,1.3,1.1,2014-09-08,0459,Aqua,MODIS,49,6.2,314,13.7,D,0
-16.6884,134.7961,335.8,1.3,1.1,2014-09-08,0459,Aqua,MODIS,79,6.2,314.7,30.2,D,0
-16.9325,135.3219,341.3,1.4,1.2,2014-09-08,0459,Aqua,MODIS,66,6.2,315,40.5,D,0
-16.9032,135.3034,330.7,1.4,1.2,2014-09-08,0459,Aqua,MODIS,58,6.2,314.6,16.5,D,0
-16.9402,135.3167,334.3,1.4,1.2,2014-09-08,0459,Aqua,MODIS,52,6.2,314.4,24.4,D,0
-16.6244,136.9018,325.8,1.8,1.3,2014-09-08,0459,Aqua,MODIS,45,6.2,307,21.2,D,0
-16.6274,136.8848,326,1.8,1.3,2014-09-08,0459,Aqua,MODIS,38,6.2,308.1,20.4,D,0
-16.9904,135.3391,336.3,1.4,1.2,2014-09-08,0459,Aqua,MODIS,79,6.2,316.8,27,D,0
-16.9695,135.3351,336.5,1.4,1.2,2014-09-08,0459,Aqua,MODIS,40,6.2,314.6,27.2,D,0
-16.959,135.3333,356.6,1.4,1.2,2014-09-08,0459,Aqua,MODIS,98,6.2,313.8,93.2,D,0
-16.7656,135.2132,341.9,1.4,1.2,2014-09-08,0459,Aqua,MODIS,86,6.2,316.8,44.4,D,0
-16.7677,135.2003,337,1.4,1.2,2014-09-08,0459,Aqua,MODIS,78,6.2,314.7,29.2,D,0
-16.7573,135.1984,386.9,1.4,1.2,2014-09-08,0459,Aqua,MODIS,100,6.2,315.8,262.5,D,0
-16.7552,135.2112,341.7,1.4,1.2,2014-09-08,0459,Aqua,MODIS,86,6.2,313.6,45.3,D,0
-16.7593,135.1857,414,1.4,1.2,2014-09-08,0459,Aqua,MODIS,100,6.2,323.3,521.8,D,0
-16.7614,135.1729,350.9,1.4,1.2,2014-09-08,0459,Aqua,MODIS,94,6.2,316.6,69.7,D,0
-16.7489,135.1838,339.9,1.4,1.2,2014-09-08,0459,Aqua,MODIS,81,6.2,312.3,37.2,D,0
-16.7323,135.1544,333.2,1.4,1.2,2014-09-08,0459,Aqua,MODIS,35,6.2,316,19.9,D,0
-16.7116,135.1507,331.5,1.4,1.2,2014-09-08,0459,Aqua,MODIS,30,6.2,314.7,17.1,D,0
-17.5094,134.9095,359.5,1.3,1.1,2014-09-08,0459,Aqua,MODIS,99,6.2,316.1,94.4,D,0
-17.5114,134.8975,378.7,1.3,1.1,2014-09-08,0459,Aqua,MODIS,100,6.2,317.8,184,D,0
-17.4993,134.9077,344.5,1.3,1.1,2014-09-08,0459,Aqua,MODIS,85,6.2,313.3,45.1,D,0
-17.5013,134.8957,378.6,1.3,1.1,2014-09-08,0459,Aqua,MODIS,100,6.2,315.3,183.7,D,0
-17.5032,134.8837,330.8,1.3,1.1,2014-09-08,0459,Aqua,MODIS,31,6.2,312,14.2,D,0
-17.4931,134.8819,352.8,1.3,1.1,2014-09-08,0459,Aqua,MODIS,95,6.2,309.3,69.9,D,0
-17.4951,134.8699,345.1,1.3,1.1,2014-09-08,0459,Aqua,MODIS,89,6.2,311.8,48,D,0
-17.4811,134.8921,359,1.3,1.1,2014-09-08,0459,Aqua,MODIS,99,6.2,312.6,92,D,0
-17.1396,134.6604,332.7,1.3,1.1,2014-09-08,0459,Aqua,MODIS,64,6.2,316.2,15.8,D,0
-18.0844,127.7755,332.2,1.4,1.2,2014-09-08,0459,Aqua,MODIS,70,6.2,315.9,19.6,D,0
-18.6096,127.4266,333.6,1.5,1.2,2014-09-08,0459,Aqua,MODIS,49,6.2,317.3,23.3,D,0
-18.607,127.4194,333,1.5,1.2,2014-09-08,0459,Aqua,MODIS,63,6.2,316.3,23.7,D,0
-18.5944,127.4321,331.3,1.5,1.2,2014-09-08,0459,Aqua,MODIS,32,6.2,317.1,18.8,D,0
-21.2853,121.0342,325.8,4.7,2,2014-09-08,0459,Aqua,MODIS,57,6.2,309,94.7,D,0
-21.3026,121.0011,346.8,4.8,2,2014-09-08,0459,Aqua,MODIS,91,6.2,309.8,401.8,D,0
-21.2892,120.9883,326.8,4.8,2,2014-09-08,0459,Aqua,MODIS,56,6.2,309.6,103.7,D,0
-21.3054,120.9981,341.7,4.8,2,2014-09-08,0459,Aqua,MODIS,86,6.2,309.7,315.3,D,0
-18.1922,125.8109,335.6,1.9,1.4,2014-09-08,0459,Aqua,MODIS,74,6.2,317.3,40.9,D,0
-18.1739,125.7533,334.5,1.9,1.4,2014-09-08,0459,Aqua,MODIS,70,6.2,319,35,D,0
-18.1616,125.7518,328.6,1.9,1.4,2014-09-08,0459,Aqua,MODIS,40,6.2,315.7,17.1,D,0
-18.1668,125.7842,330.8,1.9,1.4,2014-09-08,0459,Aqua,MODIS,61,6.2,317,23,D,0
-18.1689,125.7661,347.1,1.9,1.4,2014-09-08,0459,Aqua,MODIS,91,6.2,318.9,94.8,D,0
-20.5026,127.3184,334.4,1.6,1.2,2014-09-08,0459,Aqua,MODIS,58,6.2,321,21.7,D,0
-20.5428,127.36,332.4,1.6,1.2,2014-09-08,0459,Aqua,MODIS,67,6.2,319.2,23,D,0
-18.8712,128.5459,334.5,1.3,1.1,2014-09-08,0459,Aqua,MODIS,70,6.2,317.5,20.1,D,0
-18.8611,128.5444,332,1.3,1.1,2014-09-08,0459,Aqua,MODIS,37,6.2,318.2,14.2,D,0
-19.2836,130.8546,344.3,1,1,2014-09-08,0459,Aqua,MODIS,59,6.2,321.3,27.3,D,0
-20.225,127.9367,333.1,1.4,1.2,2014-09-08,0459,Aqua,MODIS,46,6.2,319.5,17.1,D,0
-20.239,127.9104,335.5,1.5,1.2,2014-09-08,0459,Aqua,MODIS,67,6.2,317.4,23.8,D,0
-20.2373,127.9244,340.3,1.5,1.2,2014-09-08,0459,Aqua,MODIS,83,6.2,317,36.8,D,0
-19.2822,130.8644,353.1,1,1,2014-09-08,0459,Aqua,MODIS,93,6.2,317.9,47.7,D,0
-19.2656,130.8553,339.6,1,1,2014-09-08,0459,Aqua,MODIS,81,6.2,317.4,24.4,D,0
-19.2669,130.8456,335.4,1,1,2014-09-08,0459,Aqua,MODIS,72,6.2,320.9,16.9,D,0
-19.2914,130.8658,334,1,1,2014-09-08,0459,Aqua,MODIS,29,6.2,314.6,14.2,D,0
-19.2927,130.856,334.3,1,1,2014-09-08,0459,Aqua,MODIS,24,6.2,319.2,13.4,D,0
-18.3088,130.0574,334.5,1.1,1,2014-09-08,0459,Aqua,MODIS,68,6.2,314.2,17.5,D,0
-18.2995,130.056,361.3,1.1,1,2014-09-08,0459,Aqua,MODIS,100,6.2,317.5,78.3,D,0
-18.3008,130.0459,349.9,1.1,1,2014-09-08,0459,Aqua,MODIS,92,6.2,318.7,46.6,D,0
-19.5761,127.4404,369.2,1.5,1.2,2014-09-08,0459,Aqua,MODIS,100,6.2,323.1,170.2,D,0
-19.5778,127.4258,346.3,1.5,1.2,2014-09-08,0459,Aqua,MODIS,89,6.2,322.3,58.7,D,0
-19.9706,128.2128,341,1.4,1.2,2014-09-08,0459,Aqua,MODIS,83,6.2,318.2,38.1,D,0
-18.1531,129.9911,350.8,1.1,1,2014-09-08,0459,Aqua,MODIS,93,6.2,322.2,48.1,D,0
-18.1518,130.0012,348.2,1.1,1,2014-09-08,0459,Aqua,MODIS,91,6.2,318.7,43.2,D,0
-18.4015,130.0458,329.9,1.1,1,2014-09-08,0459,Aqua,MODIS,58,6.2,312.9,12.5,D,0
-18.4029,130.0357,337.9,1.1,1,2014-09-08,0459,Aqua,MODIS,79,6.2,313.4,24.1,D,0
-19.9601,128.2113,375.9,1.4,1.2,2014-09-08,0459,Aqua,MODIS,100,6.2,322.9,186,D,0
-18.3882,130.0747,330.8,1.1,1,2014-09-08,0459,Aqua,MODIS,36,6.2,313.4,13.2,D,0
-18.3922,130.0444,330,1.1,1,2014-09-08,0459,Aqua,MODIS,38,6.2,312.7,11.4,D,0
-20.4972,127.3645,333.3,1.6,1.2,2014-09-08,0459,Aqua,MODIS,44,6.2,318.7,21.5,D,0
-18.259,130.0226,335.2,1.1,1,2014-09-08,0459,Aqua,MODIS,74,6.2,317.7,15.9,D,0
-18.2497,130.0212,335.1,1.1,1,2014-09-08,0459,Aqua,MODIS,74,6.2,317.9,15.3,D,0
-18.181,129.9953,335.3,1.1,1,2014-09-08,0459,Aqua,MODIS,71,6.2,318.9,16.6,D,0
-18.1796,130.0054,337,1.1,1,2014-09-08,0459,Aqua,MODIS,68,6.2,315.7,19.5,D,0
-18.1862,130.0269,331.7,1.1,1,2014-09-08,0459,Aqua,MODIS,42,6.2,317.1,13.3,D,0
-18.1848,130.037,335.5,1.1,1,2014-09-08,0459,Aqua,MODIS,75,6.2,316.4,19.3,D,0
-18.171,125.7478,333.4,1.9,1.4,2014-09-08,0459,Aqua,MODIS,75,6.2,318.3,34.2,D,0
-18.1719,125.7716,344.1,1.9,1.4,2014-09-08,0459,Aqua,MODIS,88,6.2,317.8,73.6,D,0
-16.1855,136.5686,346.2,1.7,1.3,2014-09-08,0459,Aqua,MODIS,90,6.2,306.5,89.2,D,0
-16.1803,136.5442,328.1,1.7,1.3,2014-09-08,0459,Aqua,MODIS,39,6.2,307.2,24.3,D,0
-16.1827,136.5848,330.3,1.8,1.3,2014-09-08,0459,Aqua,MODIS,47,6.2,304.8,29.6,D,0
-16.1489,136.5886,346.9,1.8,1.3,2014-09-08,0459,Aqua,MODIS,91,6.2,311.5,88.9,D,0
-16.1865,136.5787,339.4,1.8,1.3,2014-09-08,0459,Aqua,MODIS,83,6.2,305.1,58.6,D,0
-17.5345,135.0709,350.2,1.3,1.1,2014-09-08,0459,Aqua,MODIS,93,6.2,318,57.9,D,0
-16.1892,136.5625,332.4,1.7,1.3,2014-09-08,0459,Aqua,MODIS,51,6.2,306.9,36.8,D,0
-16.1711,136.5826,341.5,1.8,1.3,2014-09-08,0459,Aqua,MODIS,86,6.2,306.1,66.6,D,0
-16.1605,136.5908,362.1,1.8,1.3,2014-09-08,0459,Aqua,MODIS,100,6.2,310.2,171.1,D,0
-15.5069,141.8562,316.4,4.5,1.9,2014-09-08,0459,Aqua,MODIS,57,6.2,296.3,42.8,D,0
-16.1633,136.5745,335.9,1.8,1.3,2014-09-08,0459,Aqua,MODIS,70,6.2,310,44.8,D,0
-17.5365,135.0586,336.3,1.3,1.1,2014-09-08,0459,Aqua,MODIS,48,6.2,320,18.9,D,0
-14.2502,133.4364,331.5,1.2,1.1,2014-09-08,0500,Aqua,MODIS,70,6.2,314.8,14.7,D,0
-12.5097,135.8499,329.9,1.8,1.3,2014-09-08,0500,Aqua,MODIS,74,6.2,306.5,33.8,D,0
-15.907,136.2477,349.7,1.7,1.3,2014-09-08,0500,Aqua,MODIS,93,6.2,310,93,D,0
-16.0216,135.5592,326.9,1.5,1.2,2014-09-08,0500,Aqua,MODIS,38,6.2,312.2,11.6,D,0
-12.4193,136.7966,321.3,2.1,1.4,2014-09-08,0500,Aqua,MODIS,49,6.2,302.5,31.6,D,0
-14.3917,133.3122,342.8,1.2,1.1,2014-09-08,0500,Aqua,MODIS,87,6.2,319.2,35.1,D,0
-15.4193,135.7198,328,1.6,1.2,2014-09-08,0500,Aqua,MODIS,48,6.2,308.6,21.6,D,0
-12.5177,135.84,344.1,1.8,1.3,2014-09-08,0500,Aqua,MODIS,90,6.2,307.2,86.5,D,0
-15.9096,136.2322,338,1.7,1.3,2014-09-08,0500,Aqua,MODIS,82,6.2,311.3,49.4,D,0
-12.6144,134.0294,328.4,1.3,1.1,2014-09-08,0500,Aqua,MODIS,67,6.2,312.4,13.4,D,0
-14.2536,133.4148,328,1.2,1.1,2014-09-08,0500,Aqua,MODIS,51,6.2,314,9.1,D,0
-14.5303,134.5263,367.4,1.4,1.2,2014-09-08,0500,Aqua,MODIS,100,6.2,312.2,141.2,D,0
-14.5283,134.539,341.1,1.4,1.2,2014-09-08,0500,Aqua,MODIS,84,6.2,309.7,43.6,D,0
-12.6047,134.0914,332.2,1.4,1.2,2014-09-08,0500,Aqua,MODIS,62,6.2,312.4,20.4,D,0
-12.5204,135.8235,330.8,1.8,1.3,2014-09-08,0500,Aqua,MODIS,72,6.2,304.1,36.1,D,0
-15.4705,134.8462,328.8,1.4,1.2,2014-09-08,0500,Aqua,MODIS,26,6.2,311.3,11.2,D,0
-14.2519,133.4256,344.2,1.2,1.1,2014-09-08,0500,Aqua,MODIS,88,6.2,316.4,40.9,D,0
-12.5123,135.8334,337.3,1.8,1.3,2014-09-08,0500,Aqua,MODIS,79,6.2,306.9,59.1,D,0
-12.5835,134.0242,343.6,1.3,1.1,2014-09-08,0500,Aqua,MODIS,88,6.2,314.6,48.6,D,0
-12.5816,134.0365,332.7,1.3,1.1,2014-09-08,0500,Aqua,MODIS,76,6.2,312.9,21.1,D,0
-12.5821,134.1004,331,1.4,1.2,2014-09-08,0500,Aqua,MODIS,63,6.2,311.2,17.6,D,0
-13.6745,135.3332,334.4,1.6,1.2,2014-09-08,0500,Aqua,MODIS,73,6.2,315.8,34.2,D,0
-14.3933,133.3016,361,1.2,1.1,2014-09-08,0500,Aqua,MODIS,100,6.2,320.9,85.7,D,0
-15.921,136.2343,325.9,1.7,1.3,2014-09-08,0500,Aqua,MODIS,36,6.2,306.7,15.8,D,0
-15.5866,135.7412,331.5,1.6,1.2,2014-09-08,0500,Aqua,MODIS,66,6.2,312.9,25.7,D,0
-15.4684,134.8589,347.1,1.4,1.2,2014-09-08,0500,Aqua,MODIS,91,6.2,314.9,59.6,D,0
-12.5241,135.8353,326.7,1.8,1.3,2014-09-08,0500,Aqua,MODIS,65,6.2,307.1,25.7,D,0
-15.5766,135.7464,327.8,1.6,1.2,2014-09-08,0500,Aqua,MODIS,39,6.2,311,16.2,D,0
-12.6327,135.5793,331.9,1.7,1.3,2014-09-08,0500,Aqua,MODIS,63,6.2,308.4,37.7,D,0
-15.59,135.7339,327.9,1.6,1.2,2014-09-08,0500,Aqua,MODIS,38,6.2,311.2,18.2,D,0
-15.8494,136.2462,330,1.7,1.3,2014-09-08,0500,Aqua,MODIS,38,6.2,310.5,26,D,0
-15.9236,136.2188,325.3,1.7,1.3,2014-09-08,0500,Aqua,MODIS,29,6.2,308.9,16.1,D,0
-12.6344,134.3476,328,1.4,1.2,2014-09-08,0500,Aqua,MODIS,68,6.2,312.6,15.6,D,0
-13.4911,130.6801,353.8,1,1,2014-09-08,0500,Aqua,MODIS,96,6.2,315.2,50.7,D,0
-13.5,130.6814,336.7,1,1,2014-09-08,0500,Aqua,MODIS,38,6.2,314.1,17.9,D,0
-14.068,132.271,354.7,1.1,1,2014-09-08,0500,Aqua,MODIS,96,6.2,318.8,56.1,D,0
-13.0159,132.6689,361.8,1.1,1.1,2014-09-08,0500,Aqua,MODIS,100,6.2,314,86,D,0
-13.8184,135.2168,330.6,1.5,1.2,2014-09-08,0500,Aqua,MODIS,53,6.2,311,16.6,D,0
-13.043,132.2314,388.4,1.1,1,2014-09-08,0500,Aqua,MODIS,100,6.2,316.1,191.2,D,0
-13.8206,135.2027,336.7,1.5,1.2,2014-09-08,0500,Aqua,MODIS,81,6.2,311.9,33.9,D,0
-13.6457,135.1455,334.2,1.5,1.2,2014-09-08,0500,Aqua,MODIS,55,6.2,313.2,29.7,D,0
-13.6475,135.1525,342.7,1.5,1.2,2014-09-08,0500,Aqua,MODIS,84,6.2,313,52.2,D,0
-13.0445,132.2216,332.3,1.1,1,2014-09-08,0500,Aqua,MODIS,67,6.2,310.6,15.5,D,0
-13.0092,132.2666,332.2,1.1,1,2014-09-08,0500,Aqua,MODIS,47,6.2,313.3,11.5,D,0
-13.0632,132.7035,351.7,1.1,1.1,2014-09-08,0500,Aqua,MODIS,94,6.2,319.2,53.1,D,0
-13.8229,135.1886,335,1.5,1.2,2014-09-08,0500,Aqua,MODIS,64,6.2,310.6,31.1,D,0
-13.0648,132.6933,356.2,1.1,1.1,2014-09-08,0500,Aqua,MODIS,97,6.2,316.8,65.1,D,0
-14.2148,133.4084,331.3,1.2,1.1,2014-09-08,0500,Aqua,MODIS,70,6.2,316.1,13.6,D,0
-13.385,132.5339,334.2,1.1,1,2014-09-08,0500,Aqua,MODIS,61,6.2,314.6,17.2,D,0
-13.6711,131.9118,338.3,1,1,2014-09-08,0500,Aqua,MODIS,80,6.2,315.3,18,D,0
-12.9902,132.519,337.8,1.1,1,2014-09-08,0500,Aqua,MODIS,72,6.2,314.4,23.4,D,0
-13.9653,136.5806,326.7,1.9,1.4,2014-09-08,0500,Aqua,MODIS,67,6.2,302.9,41.1,D,0
-13.9623,136.5984,322.7,1.9,1.4,2014-09-08,0500,Aqua,MODIS,53,6.2,303.5,27.6,D,0
-13.9695,136.5884,328.5,1.9,1.4,2014-09-08,0500,Aqua,MODIS,71,6.2,303.1,46.7,D,0
-14.4206,132.3126,331.8,1.1,1,2014-09-08,0500,Aqua,MODIS,22,6.2,316.3,10.2,D,0
-14.41,132.3209,342.9,1.1,1,2014-09-08,0500,Aqua,MODIS,70,6.2,318.2,26.2,D,0
-14.3916,132.3179,359.6,1.1,1,2014-09-08,0500,Aqua,MODIS,99,6.2,321.9,64.7,D,0
-14.393,132.3082,343.1,1.1,1,2014-09-08,0500,Aqua,MODIS,57,6.2,315.4,27.3,D,0
-15.4255,135.255,394.3,1.5,1.2,2014-09-08,0500,Aqua,MODIS,100,6.2,311.9,359.3,D,0
-15.4277,135.2415,336.2,1.5,1.2,2014-09-08,0500,Aqua,MODIS,76,6.2,303.2,42.4,D,0
-15.4126,135.2666,346.5,1.5,1.2,2014-09-08,0500,Aqua,MODIS,86,6.2,311.1,66.5,D,0
-15.4148,135.2532,351.2,1.5,1.2,2014-09-08,0500,Aqua,MODIS,94,6.2,306.8,88.9,D,0
-14.3824,132.3164,409.3,1.1,1,2014-09-08,0500,Aqua,MODIS,100,6.2,325.6,313.4,D,0
-13.6768,135.3188,342.3,1.6,1.2,2014-09-08,0500,Aqua,MODIS,87,6.2,314.5,58.6,D,0
-14.3113,132.3692,390.6,1.1,1,2014-09-08,0500,Aqua,MODIS,100,6.2,320.5,196.6,D,0
-13.6435,135.1591,344,1.5,1.2,2014-09-08,0500,Aqua,MODIS,88,6.2,311.7,60.3,D,0
-14.2179,132.2477,348.6,1.1,1,2014-09-08,0500,Aqua,MODIS,88,6.2,318,40.4,D,0
-14.2165,132.2574,344.7,1.1,1,2014-09-08,0500,Aqua,MODIS,58,6.2,318.6,31.3,D,0
-14.433,133.0391,330.4,1.1,1.1,2014-09-08,0500,Aqua,MODIS,47,6.2,317,8.4,D,0
-14.3128,132.3594,334.2,1.1,1,2014-09-08,0500,Aqua,MODIS,61,6.2,312.9,14.2,D,0
-13.573,133.3085,337.8,1.2,1.1,2014-09-08,0500,Aqua,MODIS,80,6.2,316.1,23.4,D,0
-14.2362,132.9309,329.5,1.1,1.1,2014-09-08,0500,Aqua,MODIS,28,6.2,316.3,9,D,0
-13.6647,131.8913,331.7,1,1,2014-09-08,0500,Aqua,MODIS,46,6.2,317.2,9,D,0
-13.6633,131.9008,351.5,1,1,2014-09-08,0500,Aqua,MODIS,94,6.2,316.2,45.5,D,0
-13.6725,131.9022,357.8,1,1,2014-09-08,0500,Aqua,MODIS,98,6.2,319.4,60.4,D,0
-13.9267,135.3364,360.6,1.6,1.2,2014-09-08,0500,Aqua,MODIS,100,6.2,310.2,138.9,D,0
-14.3269,132.3916,332.5,1.1,1,2014-09-08,0500,Aqua,MODIS,56,6.2,315.6,9.1,D,0
-14.3838,132.3067,374.6,1.1,1,2014-09-08,0500,Aqua,MODIS,100,6.2,317.8,118.8,D,0
-13.0049,132.6776,337,1.1,1.1,2014-09-08,0500,Aqua,MODIS,79,6.2,314.1,23.6,D,0
-13.0254,132.6974,370.2,1.1,1.1,2014-09-08,0500,Aqua,MODIS,100,6.2,318.2,110.8,D,0
-13.0207,132.7013,363.2,1.1,1.1,2014-09-08,0500,Aqua,MODIS,100,6.2,317.1,90.6,D,0
-13.0222,132.691,343.5,1.1,1.1,2014-09-08,0500,Aqua,MODIS,87,6.2,317.2,35.6,D,0
-13.0128,132.6894,350.2,1.1,1.1,2014-09-08,0500,Aqua,MODIS,93,6.2,315.7,51.3,D,0
-13.0143,132.6792,371.3,1.1,1.1,2014-09-08,0500,Aqua,MODIS,100,6.2,319.3,120.5,D,0
-13.5713,133.3193,332.6,1.2,1.1,2014-09-08,0500,Aqua,MODIS,53,6.2,314.7,14,D,0
-13.5768,133.3047,341.5,1.2,1.1,2014-09-08,0500,Aqua,MODIS,62,6.2,316.2,29.8,D,0
-13.4834,130.6695,344.1,1,1,2014-09-08,0500,Aqua,MODIS,77,6.2,314.5,31.2,D,0
-13.4924,130.6709,348.5,1,1,2014-09-08,0500,Aqua,MODIS,92,6.2,314.5,38.5,D,0
-13.4251,132.5562,339.9,1.1,1,2014-09-08,0500,Aqua,MODIS,83,6.2,316.7,25.5,D,0
-15.3867,135.29,330.1,1.5,1.2,2014-09-08,0500,Aqua,MODIS,26,6.2,310.9,17.2,D,0
-15.4233,135.2684,333.8,1.5,1.2,2014-09-08,0500,Aqua,MODIS,54,6.2,308.3,31.4,D,0
-13.8293,135.2188,334.3,1.5,1.2,2014-09-08,0500,Aqua,MODIS,52,6.2,314.2,26.2,D,0
-13.8598,135.1877,330.6,1.5,1.2,2014-09-08,0500,Aqua,MODIS,51,6.2,310.3,23.8,D,0
-13.9157,135.3345,417.2,1.6,1.2,2014-09-08,0500,Aqua,MODIS,100,6.2,324,686.5,D,0
-14.2087,132.2462,346.3,1.1,1,2014-09-08,0500,Aqua,MODIS,68,6.2,318.6,34.1,D,0
-14.2102,132.2366,362.5,1.1,1,2014-09-08,0500,Aqua,MODIS,100,6.2,315.4,76.4,D,0
-14.2116,132.2268,342.5,1.1,1,2014-09-08,0500,Aqua,MODIS,86,6.2,311,30.8,D,0
-14.1938,132.2382,330.9,1.1,1,2014-09-08,0500,Aqua,MODIS,43,6.2,312.9,11.5,D,0
-13.9133,135.3488,389.2,1.6,1.2,2014-09-08,0500,Aqua,MODIS,100,6.2,319.9,343.7,D,0
-13.0238,132.7077,344.7,1.1,1.1,2014-09-08,0500,Aqua,MODIS,88,6.2,315.3,34.5,D,0
-13.9109,135.3631,331.8,1.6,1.2,2014-09-08,0500,Aqua,MODIS,50,6.2,314.2,25.5,D,0
-13.918,135.3202,339.6,1.6,1.2,2014-09-08,0500,Aqua,MODIS,85,6.2,309,55,D,0
-13.9244,135.3507,348.5,1.6,1.2,2014-09-08,0500,Aqua,MODIS,92,6.2,311.2,82.1,D,0
-14.3176,132.3901,337.1,1.1,1,2014-09-08,0500,Aqua,MODIS,77,6.2,315.3,17.7,D,0
-14.3191,132.3803,332.2,1.1,1,2014-09-08,0500,Aqua,MODIS,43,6.2,316.3,9.9,D,0
-14.3099,132.3789,344.7,1.1,1,2014-09-08,0500,Aqua,MODIS,88,6.2,316.7,32.6,D,0
-13.5882,133.2955,335,1.2,1.1,2014-09-08,0500,Aqua,MODIS,49,6.2,317.3,18.7,D,0
-14.0758,132.2823,341.2,1.1,1,2014-09-08,0500,Aqua,MODIS,85,6.2,318.4,25.6,D,0
-14.0666,132.2808,347.6,1.1,1,2014-09-08,0500,Aqua,MODIS,91,6.2,319.2,39.3,D,0
-13.8575,135.2018,331.6,1.5,1.2,2014-09-08,0500,Aqua,MODIS,57,6.2,313,25.7,D,0
-16.4429,124.1849,322.1,2.4,1.5,2014-09-08,0500,Aqua,MODIS,18,6.2,304.8,31.4,D,0
-16.5025,124.223,331.7,2.4,1.5,2014-09-08,0500,Aqua,MODIS,76,6.2,305.7,74,D,0
-15.7693,127.8269,348.2,1.3,1.1,2014-09-08,0500,Aqua,MODIS,92,6.2,316.3,56.4,D,0
-15.7936,127.8783,337.5,1.3,1.1,2014-09-08,0500,Aqua,MODIS,35,6.2,313.9,27.8,D,0
-17.7356,122.8491,334.2,3.2,1.7,2014-09-08,0500,Aqua,MODIS,57,6.2,307.1,99.9,D,0
-17.7385,122.819,335.2,3.2,1.7,2014-09-08,0500,Aqua,MODIS,59,6.2,309,107.8,D,0
-17.757,122.8164,330.8,3.2,1.7,2014-09-08,0500,Aqua,MODIS,57,6.2,309.8,67.4,D,0
-17.7418,122.8148,337.6,3.2,1.7,2014-09-08,0500,Aqua,MODIS,82,6.2,309.2,119.2,D,0
-16.5155,124.1088,342.4,2.4,1.5,2014-09-08,0500,Aqua,MODIS,88,6.2,308.2,124,D,0
-13.6718,129.8545,331.8,1,1,2014-09-08,0500,Aqua,MODIS,64,6.2,307.1,18.3,D,0
-16.5181,124.0855,323.4,2.4,1.5,2014-09-08,0500,Aqua,MODIS,37,6.2,308.7,25.1,D,0
-16.5062,123.9429,339.9,2.5,1.5,2014-09-08,0500,Aqua,MODIS,86,6.2,308.8,114.5,D,0
-16.5088,123.9192,321.3,2.5,1.5,2014-09-08,0500,Aqua,MODIS,17,6.2,307.2,22,D,0
-16.5127,124.2063,325.2,2.4,1.5,2014-09-08,0500,Aqua,MODIS,62,6.2,308,45,D,0
-16.5051,124.2003,331.4,2.4,1.5,2014-09-08,0500,Aqua,MODIS,75,6.2,308.7,70.4,D,0
-16.2745,128.0905,329.2,1.3,1.1,2014-09-08,0500,Aqua,MODIS,50,6.2,315.8,12.5,D,0
-16.257,128.1478,334.7,1.3,1.1,2014-09-08,0500,Aqua,MODIS,76,6.2,315.6,23.2,D,0
-16.2585,128.1361,347,1.3,1.1,2014-09-08,0500,Aqua,MODIS,90,6.2,317.4,52.3,D,0
-13.6446,129.8504,328.8,1,1,2014-09-08,0500,Aqua,MODIS,60,6.2,306,14,D,0
-17.7241,122.9675,347.4,3.1,1.7,2014-09-08,0500,Aqua,MODIS,69,6.2,306.5,230.7,D,0
-16.5324,123.7032,323.8,2.6,1.6,2014-09-08,0500,Aqua,MODIS,56,6.2,307.8,32.7,D,0
-14.2996,126.6085,328.1,1.5,1.2,2014-09-08,0500,Aqua,MODIS,57,6.2,308.7,17.1,D,0
-16.5351,123.6782,325.9,2.6,1.6,2014-09-08,0500,Aqua,MODIS,56,6.2,306.8,44.4,D,0
-16.4454,124.1631,325.3,2.4,1.5,2014-09-08,0500,Aqua,MODIS,46,6.2,306.6,43,D,0
-16.4403,124.1685,322,2.4,1.5,2014-09-08,0500,Aqua,MODIS,29,6.2,304.6,32.1,D,0
-16.4537,124.1713,326.8,2.4,1.5,2014-09-08,0500,Aqua,MODIS,63,6.2,308,49.1,D,0
-17.727,122.938,337.2,3.1,1.7,2014-09-08,0500,Aqua,MODIS,62,6.2,307.7,137.4,D,0
-17.7264,122.9632,352.4,3.1,1.7,2014-09-08,0500,Aqua,MODIS,95,6.2,306.4,280,D,0
-17.7295,122.9337,331.4,3.1,1.7,2014-09-08,0500,Aqua,MODIS,69,6.2,307.6,85.3,D,0
-15.7349,128.249,331.8,1.2,1.1,2014-09-08,0500,Aqua,MODIS,51,6.2,314.2,13.9,D,0
-15.7137,128.2574,335.9,1.2,1.1,2014-09-08,0500,Aqua,MODIS,55,6.2,315.1,19.6,D,0
-15.7151,128.2461,336.3,1.2,1.1,2014-09-08,0500,Aqua,MODIS,55,6.2,318,19.2,D,0
-14.3087,126.6236,327.7,1.5,1.2,2014-09-08,0500,Aqua,MODIS,61,6.2,311,15.3,D,0
-13.1688,135.3283,344,1.6,1.2,2014-09-08,0500,Aqua,MODIS,89,6.2,313.5,63.6,D,0
-13.3068,134.7526,333.6,1.5,1.2,2014-09-08,0500,Aqua,MODIS,61,6.2,314.8,24.2,D,0
-13.1665,135.3429,347.8,1.6,1.3,2014-09-08,0500,Aqua,MODIS,92,6.2,314.5,79.8,D,0
-13.1535,135.3467,333,1.6,1.3,2014-09-08,0500,Aqua,MODIS,64,6.2,314.2,29.2,D,0
-13.1529,135.356,335.5,1.6,1.3,2014-09-08,0500,Aqua,MODIS,80,6.2,313.5,36.5,D,0
-13.1696,135.3192,329.7,1.6,1.2,2014-09-08,0500,Aqua,MODIS,27,6.2,312.3,21,D,0
-13.1647,135.3484,344.6,1.6,1.3,2014-09-08,0500,Aqua,MODIS,89,6.2,314.2,66.7,D,0
-15.559,134.7582,338.5,1.3,1.2,2014-09-08,0500,Aqua,MODIS,82,6.2,317.9,26.3,D,0
-13.4145,135.2982,339.3,1.6,1.2,2014-09-08,0500,Aqua,MODIS,84,6.2,311.5,52.3,D,0
-13.2832,134.7624,338.7,1.5,1.2,2014-09-08,0500,Aqua,MODIS,63,6.2,315.2,35.7,D,0
-13.2197,135.2233,343.4,1.6,1.2,2014-09-08,0500,Aqua,MODIS,88,6.2,317.2,55.8,D,0
-13.2086,135.2214,332.4,1.6,1.2,2014-09-08,0500,Aqua,MODIS,69,6.2,315.8,24.7,D,0
-13.2173,135.2377,336.8,1.6,1.2,2014-09-08,0500,Aqua,MODIS,82,6.2,314.7,35.1,D,0
-13.4517,135.2219,335.6,1.6,1.2,2014-09-08,0500,Aqua,MODIS,63,6.2,313.1,36.8,D,0
-12.773,135.3582,351.3,1.6,1.3,2014-09-08,0500,Aqua,MODIS,94,6.2,312.6,99.3,D,0
-13.2533,134.1273,332.1,1.3,1.1,2014-09-08,0500,Aqua,MODIS,73,6.2,313.7,19.5,D,0
-13.2646,134.1111,347.3,1.3,1.1,2014-09-08,0500,Aqua,MODIS,91,6.2,315.4,56.6,D,0
-13.2547,134.1723,334.6,1.3,1.1,2014-09-08,0500,Aqua,MODIS,23,6.2,315.1,24.4,D,0
-12.7706,135.3732,371.7,1.6,1.3,2014-09-08,0500,Aqua,MODIS,100,6.2,314.4,217.2,D,0
-12.7792,135.3803,343.4,1.6,1.3,2014-09-08,0500,Aqua,MODIS,89,6.2,314.8,58.9,D,0
-12.9782,134.2336,365.6,1.4,1.2,2014-09-08,0500,Aqua,MODIS,100,6.2,310.9,137,D,0
-12.7742,135.4104,331.6,1.7,1.3,2014-09-08,0500,Aqua,MODIS,45,6.2,312,21.2,D,0
-13.1264,135.3061,333.6,1.6,1.2,2014-09-08,0500,Aqua,MODIS,67,6.2,315.3,27,D,0
-12.9762,134.2461,331.6,1.4,1.2,2014-09-08,0500,Aqua,MODIS,63,6.2,307.2,25.2,D,0
-13.1672,135.3337,358.4,1.6,1.2,2014-09-08,0500,Aqua,MODIS,99,6.2,314.6,128.7,D,0
-12.917,136.3195,322.6,1.9,1.4,2014-09-08,0500,Aqua,MODIS,27,6.2,307.3,22.4,D,0
-12.7767,135.3953,335.8,1.7,1.3,2014-09-08,0500,Aqua,MODIS,50,6.2,314.2,31.1,D,0
-12.9802,134.2211,351.4,1.4,1.2,2014-09-08,0500,Aqua,MODIS,94,6.2,307.8,78.5,D,0
-12.9243,136.3098,326.9,1.9,1.4,2014-09-08,0500,Aqua,MODIS,65,6.2,306.3,35.9,D,0
-13.3855,134.6367,334.5,1.4,1.2,2014-09-08,0500,Aqua,MODIS,29,6.2,312.2,32,D,0
-13.1329,135.3374,335.2,1.6,1.3,2014-09-08,0500,Aqua,MODIS,61,6.2,313.3,32.5,D,0
-13.0351,134.3468,330.7,1.4,1.2,2014-09-08,0500,Aqua,MODIS,57,6.2,310.6,20,D,0
-13.1153,135.3041,378.5,1.6,1.2,2014-09-08,0500,Aqua,MODIS,87,6.2,315.9,255.7,D,0
-13.0014,134.289,331.3,1.4,1.2,2014-09-08,0500,Aqua,MODIS,72,6.2,310.2,22.9,D,0
-12.993,134.2747,331.5,1.4,1.2,2014-09-08,0500,Aqua,MODIS,52,6.2,309.9,22,D,0
-13.0034,134.2764,333.1,1.4,1.2,2014-09-08,0500,Aqua,MODIS,71,6.2,311.9,25.3,D,0
-12.995,134.2621,332.2,1.4,1.2,2014-09-08,0500,Aqua,MODIS,56,6.2,311.6,21.9,D,0
-12.9866,134.2478,344.6,1.4,1.2,2014-09-08,0500,Aqua,MODIS,89,6.2,309.6,56.4,D,0
-12.9846,134.2603,343.3,1.4,1.2,2014-09-08,0500,Aqua,MODIS,88,6.2,310,52.4,D,0
-12.9822,134.2087,349.6,1.4,1.2,2014-09-08,0500,Aqua,MODIS,93,6.2,306.4,75,D,0
-14.6354,132.8535,336.8,1.1,1,2014-09-08,0500,Aqua,MODIS,64,6.2,317.8,16,D,0
-14.6167,132.8504,334.3,1.1,1,2014-09-08,0500,Aqua,MODIS,32,6.2,318.7,11.2,D,0
-14.6088,132.8388,346.6,1.1,1,2014-09-08,0500,Aqua,MODIS,90,6.2,319.9,35.5,D,0
-12.9946,134.1979,337.5,1.4,1.2,2014-09-08,0500,Aqua,MODIS,82,6.2,308.7,44.4,D,0
-12.9926,134.2104,326.2,1.4,1.2,2014-09-08,0500,Aqua,MODIS,33,6.2,308.3,17.3,D,0
-13.001,134.2245,346,1.4,1.2,2014-09-08,0500,Aqua,MODIS,89,6.2,313.4,57.1,D,0
-13.0133,134.2138,357.6,1.4,1.2,2014-09-08,0500,Aqua,MODIS,98,6.2,313.4,101.2,D,0
-13.0197,134.2405,335.1,1.4,1.2,2014-09-08,0500,Aqua,MODIS,79,6.2,311.5,28.5,D,0
-13.0236,134.2156,329.5,1.4,1.2,2014-09-08,0500,Aqua,MODIS,63,6.2,308,21.1,D,0
-13.0217,134.228,337.8,1.4,1.2,2014-09-08,0500,Aqua,MODIS,83,6.2,311.5,36.8,D,0
-13.0113,134.2263,342.7,1.4,1.2,2014-09-08,0500,Aqua,MODIS,88,6.2,313.9,48.6,D,0
-13.0029,134.2121,377.7,1.4,1.2,2014-09-08,0500,Aqua,MODIS,100,6.2,314.1,202.3,D,0
-14.6289,132.7697,333.3,1.1,1,2014-09-08,0500,Aqua,MODIS,69,6.2,316,12.4,D,0
-12.9842,134.1962,385.7,1.4,1.2,2014-09-08,0500,Aqua,MODIS,100,6.2,312.7,261.2,D,0
-14.4591,132.8021,331.1,1.1,1,2014-09-08,0500,Aqua,MODIS,42,6.2,316.1,11.4,D,0
-12.975,134.2145,327,1.4,1.2,2014-09-08,0500,Aqua,MODIS,64,6.2,303.5,21.7,D,0
-13.2529,135.2289,328.9,1.6,1.2,2014-09-08,0500,Aqua,MODIS,49,6.2,315.8,15.2,D,0
-14.4294,132.8075,333.7,1.1,1,2014-09-08,0500,Aqua,MODIS,70,6.2,317.5,13.1,D,0
-14.431,132.7974,331.9,1.1,1,2014-09-08,0500,Aqua,MODIS,60,6.2,316.1,10.6,D,0
-12.9862,134.1838,356.9,1.4,1.2,2014-09-08,0500,Aqua,MODIS,98,6.2,307.6,104.5,D,0
-12.9789,134.1896,369.2,1.4,1.2,2014-09-08,0500,Aqua,MODIS,100,6.2,309.2,163.3,D,0
-14.6542,132.1056,333.4,1,1,2014-09-08,0500,Aqua,MODIS,43,6.2,313.8,13.9,D,0
-14.6556,132.096,376,1,1,2014-09-08,0500,Aqua,MODIS,100,6.2,319,122.9,D,0
-14.6465,132.0945,345.3,1,1,2014-09-08,0500,Aqua,MODIS,88,6.2,314.8,33.4,D,0
-14.6388,132.0835,347.4,1,1,2014-09-08,0500,Aqua,MODIS,90,6.2,313.7,37.9,D,0
-13.5616,133.3177,331.4,1.2,1.1,2014-09-08,0500,Aqua,MODIS,34,6.2,316.1,12,D,0
-15.0007,133.3473,395.8,1.1,1.1,2014-09-08,0500,Aqua,MODIS,100,6.2,324.4,255.9,D,0
-14.9991,133.3578,367.8,1.1,1.1,2014-09-08,0500,Aqua,MODIS,100,6.2,317.8,106.3,D,0
-14.9975,133.3684,346.9,1.1,1.1,2014-09-08,0500,Aqua,MODIS,91,6.2,315.2,39.6,D,0
-12.9731,134.2269,352.7,1.4,1.2,2014-09-08,0500,Aqua,MODIS,95,6.2,307.6,89.5,D,0
-12.811,135.9612,330.1,1.8,1.3,2014-09-08,0500,Aqua,MODIS,60,6.2,311.5,34,D,0
-13.4121,135.3128,338.7,1.6,1.2,2014-09-08,0500,Aqua,MODIS,83,6.2,313.2,49.2,D,0
-13.2735,135.1,327.2,1.5,1.2,2014-09-08,0500,Aqua,MODIS,43,6.2,313.8,10.5,D,0
-13.2644,135.157,336.8,1.6,1.2,2014-09-08,0500,Aqua,MODIS,81,6.2,315.9,34.8,D,0
-13.3906,135.446,334.7,1.6,1.3,2014-09-08,0500,Aqua,MODIS,78,6.2,312.9,37.9,D,0
-13.2403,134.0753,350.3,1.3,1.1,2014-09-08,0500,Aqua,MODIS,93,6.2,312.8,67.8,D,0
-13.2381,134.7491,328.2,1.5,1.2,2014-09-08,0500,Aqua,MODIS,60,6.2,314.8,13.3,D,0
-12.977,134.202,352.7,1.4,1.2,2014-09-08,0500,Aqua,MODIS,95,6.2,306.3,91,D,0
-12.7717,135.4257,330,1.7,1.3,2014-09-08,0500,Aqua,MODIS,29,6.2,312.2,18.1,D,0
-12.7732,135.0723,332,1.6,1.2,2014-09-08,0500,Aqua,MODIS,69,6.2,311.2,26.5,D,0
-13.4098,135.3275,331.8,1.6,1.2,2014-09-08,0500,Aqua,MODIS,73,6.2,311,28,D,0
-13.151,135.3614,327.6,1.6,1.3,2014-09-08,0500,Aqua,MODIS,41,6.2,312.9,16.1,D,0
-13.4674,135.1953,325.6,1.6,1.2,2014-09-08,0500,Aqua,MODIS,32,6.2,310,15.8,D,0
-13.4506,135.2148,328.9,1.6,1.2,2014-09-08,0500,Aqua,MODIS,46,6.2,312.7,19.4,D,0
-13.4617,135.2167,332.4,1.6,1.2,2014-09-08,0500,Aqua,MODIS,46,6.2,311.1,28,D,0
-13.4651,135.2095,336.3,1.6,1.2,2014-09-08,0500,Aqua,MODIS,74,6.2,311.5,41.2,D,0
-15.0182,133.361,334.2,1.1,1.1,2014-09-08,0500,Aqua,MODIS,41,6.2,316.9,16.9,D,0
-12.7682,135.3881,345.7,1.7,1.3,2014-09-08,0500,Aqua,MODIS,91,6.2,311.2,72.7,D,0
-13.4483,135.2294,330.7,1.6,1.2,2014-09-08,0500,Aqua,MODIS,70,6.2,313,24.9,D,0
-13.4639,135.2026,332.4,1.6,1.2,2014-09-08,0500,Aqua,MODIS,41,6.2,311.3,28.4,D,0
-13.3876,134.6236,333.8,1.4,1.2,2014-09-08,0500,Aqua,MODIS,56,6.2,308.7,30.5,D,0
-12.7746,135.4204,328.3,1.7,1.3,2014-09-08,0500,Aqua,MODIS,45,6.2,312.4,17.4,D,0
-12.7657,135.4032,332.9,1.7,1.3,2014-09-08,0500,Aqua,MODIS,67,6.2,309.9,28.5,D,0
-13.2665,134.0989,342,1.3,1.1,2014-09-08,0500,Aqua,MODIS,86,6.2,314.4,41.7,D,0
-15.5555,134.7645,356.4,1.3,1.2,2014-09-08,0500,Aqua,MODIS,97,6.2,319.5,84.3,D,0
-12.7771,135.4051,334.1,1.7,1.3,2014-09-08,0500,Aqua,MODIS,79,6.2,312.9,33.4,D,0
-13.2672,134.1048,344.8,1.3,1.1,2014-09-08,0500,Aqua,MODIS,89,6.2,315.3,47.6,D,0
-13.2654,134.1169,335.8,1.3,1.1,2014-09-08,0500,Aqua,MODIS,52,6.2,313.5,24.6,D,0
-13.3196,134.741,337.3,1.5,1.2,2014-09-08,0500,Aqua,MODIS,48,6.2,315.1,31.9,D,0
-13.4074,135.3423,339.3,1.6,1.2,2014-09-08,0500,Aqua,MODIS,84,6.2,311.4,49,D,0
-13.4497,135.3716,324.9,1.6,1.2,2014-09-08,0500,Aqua,MODIS,31,6.2,311.3,14.9,D,0
-13.4473,135.3864,327.3,1.6,1.2,2014-09-08,0500,Aqua,MODIS,56,6.2,312.9,20.4,D,0
-13.2691,134.0926,330.1,1.3,1.1,2014-09-08,0500,Aqua,MODIS,38,6.2,313.1,13.3,D,0
-15.557,134.7707,344.4,1.4,1.2,2014-09-08,0500,Aqua,MODIS,89,6.2,319.7,41.9,D,0
-13.3217,134.7277,338.9,1.5,1.2,2014-09-08,0500,Aqua,MODIS,76,6.2,315.5,37.1,D,0
-12.8019,135.3841,335.2,1.6,1.3,2014-09-08,0500,Aqua,MODIS,71,6.2,311.2,35.3,D,0
-12.7819,135.375,345.5,1.6,1.3,2014-09-08,0500,Aqua,MODIS,90,6.2,314.8,73.7,D,0
-12.7842,135.3505,327,1.6,1.3,2014-09-08,0500,Aqua,MODIS,60,6.2,310.9,14.3,D,0
-12.7817,135.3654,354.2,1.6,1.3,2014-09-08,0500,Aqua,MODIS,96,6.2,314.8,108.6,D,0
-12.7843,135.36,344.4,1.6,1.3,2014-09-08,0500,Aqua,MODIS,90,6.2,312.7,68.8,D,0
-13.0868,134.336,332.3,1.4,1.2,2014-09-08,0500,Aqua,MODIS,70,6.2,311.1,22.9,D,0
-14.2252,133.0031,331.1,1.1,1.1,2014-09-08,0500,Aqua,MODIS,44,6.2,315,11.2,D,0
-14.0942,132.2853,333.5,1.1,1,2014-09-08,0500,Aqua,MODIS,35,6.2,316.9,13.8,D,0
-14.215,132.2671,341.7,1.1,1,2014-09-08,0500,Aqua,MODIS,57,6.2,319.2,26.3,D,0
-14.3157,132.3399,334.2,1.1,1,2014-09-08,0500,Aqua,MODIS,69,6.2,314,14.5,D,0
-14.3172,132.3301,343.4,1.1,1,2014-09-08,0500,Aqua,MODIS,87,6.2,315.8,31,D,0
-14.308,132.3287,343.8,1.1,1,2014-09-08,0500,Aqua,MODIS,88,6.2,314.2,33.4,D,0
-14.6073,132.8489,343.1,1.1,1,2014-09-08,0500,Aqua,MODIS,87,6.2,317.8,27.5,D,0
-14.1789,132.2755,357.3,1.1,1,2014-09-08,0500,Aqua,MODIS,98,6.2,317,64.3,D,0
-14.1697,132.2741,353.8,1.1,1,2014-09-08,0500,Aqua,MODIS,96,6.2,317.6,55.3,D,0
-14.1605,132.2727,344.9,1.1,1,2014-09-08,0500,Aqua,MODIS,88,6.2,314.9,34.1,D,0
-14.1619,132.2629,349.5,1.1,1,2014-09-08,0500,Aqua,MODIS,92,6.2,317.7,43,D,0
-14.1406,132.2794,340.3,1.1,1,2014-09-08,0500,Aqua,MODIS,84,6.2,315,25.4,D,0
-14.1421,132.2697,387.1,1.1,1,2014-09-08,0500,Aqua,MODIS,100,6.2,319.8,178.2,D,0
-14.1435,132.2599,330.5,1.1,1,2014-09-08,0500,Aqua,MODIS,49,6.2,314.4,9.2,D,0
-14.1937,132.2835,338.6,1.1,1,2014-09-08,0500,Aqua,MODIS,70,6.2,315,21.9,D,0
-14.1952,132.2738,342.1,1.1,1,2014-09-08,0500,Aqua,MODIS,62,6.2,315.9,24.4,D,0
-14.1881,132.277,347.6,1.1,1,2014-09-08,0500,Aqua,MODIS,91,6.2,317.3,40.1,D,0
-13.6795,129.8652,342.6,1,1,2014-09-08,0500,Aqua,MODIS,87,6.2,305.5,34.1,D,0
-13.6782,129.8746,376.3,1,1,2014-09-08,0500,Aqua,MODIS,100,6.2,308.6,126.6,D,0
-13.6769,129.8839,371.8,1,1,2014-09-08,0500,Aqua,MODIS,100,6.2,308.7,109.2,D,0
-13.682,129.9132,333.1,1,1,2014-09-08,0500,Aqua,MODIS,67,6.2,303.3,20.8,D,0
-17.0805,128.2347,333.2,1.3,1.1,2014-09-08,0500,Aqua,MODIS,43,6.2,315.6,17.5,D,0
-17.0905,128.2363,366.8,1.3,1.1,2014-09-08,0500,Aqua,MODIS,100,6.2,317.7,122.3,D,0
-17.1005,128.2378,364.1,1.3,1.1,2014-09-08,0500,Aqua,MODIS,100,6.2,314,111.5,D,0
-12.3938,132.5154,344.4,1.1,1.1,2014-09-08,0501,Aqua,MODIS,88,6.2,314.6,36.5,D,0
-12.3844,132.5139,342.6,1.1,1.1,2014-09-08,0501,Aqua,MODIS,87,6.2,314.5,33.6,D,0
-12.3923,132.5257,348.5,1.1,1.1,2014-09-08,0501,Aqua,MODIS,92,6.2,315.4,44.9,D,0
-11.559,130.2964,334.3,1,1,2014-09-08,0501,Aqua,MODIS,74,6.2,300.9,24.4,D,0
-11.5603,130.2873,332.2,1,1,2014-09-08,0501,Aqua,MODIS,70,6.2,305.9,21.2,D,0
-12.4634,133.1443,341.9,1.2,1.1,2014-09-08,0501,Aqua,MODIS,86,6.2,319.2,31.6,D,0
-12.1478,136.45,326.6,2,1.4,2014-09-08,0501,Aqua,MODIS,58,6.2,306.6,32.5,D,0
-12.2888,134.4118,327.2,1.4,1.2,2014-09-08,0501,Aqua,MODIS,53,6.2,306.9,18.8,D,0
-12.457,133.1209,352.6,1.2,1.1,2014-09-08,0501,Aqua,MODIS,95,6.2,319.1,59.3,D,0
-12.3315,133.5428,340.3,1.3,1.1,2014-09-08,0501,Aqua,MODIS,85,6.2,314.1,33.5,D,0
-12.2806,135.3357,328.5,1.7,1.3,2014-09-08,0501,Aqua,MODIS,60,6.2,303.2,32.3,D,0
-12.4553,133.1318,357.3,1.2,1.1,2014-09-08,0501,Aqua,MODIS,98,6.2,319.9,73.6,D,0
-12.1818,133.5117,337.5,1.3,1.1,2014-09-08,0501,Aqua,MODIS,81,6.2,313.1,25.2,D,0
-12.7861,132.1619,358.5,1.1,1,2014-09-08,0501,Aqua,MODIS,99,6.2,318.9,65.9,D,0
-12.6821,131.9306,333.6,1.1,1,2014-09-08,0501,Aqua,MODIS,72,6.2,314.8,11.2,D,0
-12.1905,134.1131,326.8,1.4,1.2,2014-09-08,0501,Aqua,MODIS,41,6.2,306.2,19.1,D,0
-12.7631,130.7508,338.7,1,1,2014-09-08,0501,Aqua,MODIS,70,6.2,313.2,24.7,D,0
-12.7876,132.1521,349.9,1.1,1,2014-09-08,0501,Aqua,MODIS,92,6.2,317.3,42.9,D,0
-12.3015,133.5376,355.4,1.3,1.1,2014-09-08,0501,Aqua,MODIS,97,6.2,312.6,75.2,D,0
-12.5751,134.0103,357.5,1.3,1.1,2014-09-08,0501,Aqua,MODIS,98,6.2,311.6,94.3,D,0
-12.3215,133.5411,331.8,1.3,1.1,2014-09-08,0501,Aqua,MODIS,64,6.2,312.7,15.6,D,0
-12.3115,133.5394,341.5,1.3,1.1,2014-09-08,0501,Aqua,MODIS,86,6.2,311.9,35.5,D,0
-12.3015,134.4004,353,1.4,1.2,2014-09-08,0501,Aqua,MODIS,95,6.2,311.8,88.6,D,0
-12.4617,133.1553,334.7,1.2,1.1,2014-09-08,0501,Aqua,MODIS,77,6.2,318.8,16.6,D,0
-12.5732,134.0225,383.8,1.3,1.1,2014-09-08,0501,Aqua,MODIS,100,6.2,316.5,232.2,D,0
-12.2954,134.4063,366.4,1.4,1.2,2014-09-08,0501,Aqua,MODIS,100,6.2,310.7,149.5,D,0
-12.2994,134.4135,367.7,1.4,1.2,2014-09-08,0501,Aqua,MODIS,100,6.2,309.3,159.4,D,0
-12.306,134.4081,372.5,1.4,1.2,2014-09-08,0501,Aqua,MODIS,100,6.2,310,184.6,D,0
-12.2932,134.4194,331.4,1.4,1.2,2014-09-08,0501,Aqua,MODIS,54,6.2,306.2,24.6,D,0
-12.1499,136.4577,324.4,2,1.4,2014-09-08,0501,Aqua,MODIS,47,6.2,306.8,23.9,D,0
-11.4879,132.581,331.8,1.2,1.1,2014-09-08,0501,Aqua,MODIS,48,6.2,310.1,25.5,D,0
-11.268,132.463,331.2,1.1,1.1,2014-09-08,0501,Aqua,MODIS,47,6.2,310.2,16.2,D,0
-11.5264,132.8483,330.6,1.2,1.1,2014-09-08,0501,Aqua,MODIS,83,6.2,311.6,19.9,D,0
-12.2076,134.7872,323,1.5,1.2,2014-09-08,0501,Aqua,MODIS,24,6.2,305.9,11.7,D,0
-12.153,136.4393,322.8,2,1.4,2014-09-08,0501,Aqua,MODIS,36,6.2,304.8,20.3,D,0
-11.2696,132.4526,340.3,1.1,1.1,2014-09-08,0501,Aqua,MODIS,86,6.2,310.1,32.1,D,0
-12.6273,132.2931,332.9,1.1,1,2014-09-08,0501,Aqua,MODIS,52,6.2,311.5,15.8,D,0
-12.6114,132.9917,331.9,1.2,1.1,2014-09-08,0501,Aqua,MODIS,71,6.2,307.9,21.7,D,0
-12.6233,132.2755,348.8,1.1,1,2014-09-08,0501,Aqua,MODIS,92,6.2,312.3,45.9,D,0
-12.6218,132.2854,340.6,1.1,1,2014-09-08,0501,Aqua,MODIS,84,6.2,313,29.8,D,0
-12.2278,133.4135,338.4,1.2,1.1,2014-09-08,0501,Aqua,MODIS,82,6.2,313.6,28,D,0
-12.2261,133.4249,336.8,1.3,1.1,2014-09-08,0501,Aqua,MODIS,80,6.2,313,23.9,D,0
-12.6098,133.0022,330.9,1.2,1.1,2014-09-08,0501,Aqua,MODIS,64,6.2,310.3,18.8,D,0
-12.2178,134.1434,328.4,1.4,1.2,2014-09-08,0501,Aqua,MODIS,22,6.2,306.3,19.2,D,0
-11.2866,132.3393,333.4,1.1,1.1,2014-09-08,0501,Aqua,MODIS,79,6.2,310.3,22.9,D,0
-12.3382,134.5491,330.5,1.5,1.2,2014-09-08,0501,Aqua,MODIS,71,6.2,309.6,23.5,D,0
-12.2953,134.5419,327.7,1.5,1.2,2014-09-08,0501,Aqua,MODIS,36,6.2,307.7,18,D,0
-12.2761,134.5251,341.8,1.5,1.2,2014-09-08,0501,Aqua,MODIS,87,6.2,308.4,50.5,D,0
-12.2702,134.5309,332.9,1.5,1.2,2014-09-08,0501,Aqua,MODIS,76,6.2,307.4,30.2,D,0
-12.3393,133.8151,335.2,1.3,1.1,2014-09-08,0501,Aqua,MODIS,79,6.2,310.1,30.5,D,0
-12.3248,133.975,331.8,1.3,1.1,2014-09-08,0501,Aqua,MODIS,74,6.2,307.1,23.3,D,0
-12.2263,134.1577,328.7,1.4,1.2,2014-09-08,0501,Aqua,MODIS,39,6.2,306.6,19.4,D,0
-12.2348,134.1721,326.5,1.4,1.2,2014-09-08,0501,Aqua,MODIS,24,6.2,306.6,13.5,D,0
-11.2882,132.3291,324.7,1.1,1.1,2014-09-08,0501,Aqua,MODIS,48,6.2,309.1,9,D,0
-12.6127,133.0475,347.4,1.2,1.1,2014-09-08,0501,Aqua,MODIS,91,6.2,318.1,49.7,D,0
-11.5583,131.1947,344.6,1,1,2014-09-08,0501,Aqua,MODIS,90,6.2,314.3,35.4,D,0
-11.5597,131.1854,341.3,1,1,2014-09-08,0501,Aqua,MODIS,87,6.2,312.9,28.4,D,0
-11.5506,131.184,340.4,1,1,2014-09-08,0501,Aqua,MODIS,87,6.2,311.9,28.5,D,0
-11.9416,133.5502,330.2,1.3,1.1,2014-09-08,0501,Aqua,MODIS,47,6.2,311.1,15.7,D,0
-12.6241,133.038,358.4,1.2,1.1,2014-09-08,0501,Aqua,MODIS,99,6.2,314.3,81.9,D,0
-12.6224,133.0486,353.7,1.2,1.1,2014-09-08,0501,Aqua,MODIS,96,6.2,316.6,67.2,D,0
-12.3403,134.5356,326.4,1.5,1.2,2014-09-08,0501,Aqua,MODIS,50,6.2,310,13.5,D,0
-12.3412,133.8033,341.8,1.3,1.1,2014-09-08,0501,Aqua,MODIS,86,6.2,312,45.1,D,0
-12.1718,133.51,338.7,1.3,1.1,2014-09-08,0501,Aqua,MODIS,83,6.2,312.8,27.6,D,0
-12.1618,133.5083,335.8,1.3,1.1,2014-09-08,0501,Aqua,MODIS,76,6.2,312.6,21.3,D,0
-12.6144,133.0365,365.1,1.2,1.1,2014-09-08,0501,Aqua,MODIS,100,6.2,314.5,105.9,D,0
-12.2796,133.5463,328.7,1.3,1.1,2014-09-08,0501,Aqua,MODIS,55,6.2,312.3,9.2,D,0
-21.1186,117.7347,327.7,3.7,1.8,2014-09-08,0637,Aqua,MODIS,74,6.2,304.4,88.9,D,0
-21.1262,117.6991,330.4,3.7,1.8,2014-09-08,0637,Aqua,MODIS,78,6.2,305.3,109.4,D,0
-21.1294,117.7319,330.6,3.7,1.8,2014-09-08,0637,Aqua,MODIS,78,6.2,304.2,114.9,D,0
-21.1508,117.7421,349.3,3.7,1.8,2014-09-08,0637,Aqua,MODIS,94,6.2,304.7,327,D,0
-21.1584,117.7059,331.7,3.7,1.8,2014-09-08,0637,Aqua,MODIS,79,6.2,304.9,125.6,D,0
-21.1455,117.7357,355.6,3.7,1.8,2014-09-08,0637,Aqua,MODIS,97,6.2,305.6,422.6,D,0
-21.1528,117.6997,328.5,3.7,1.8,2014-09-08,0637,Aqua,MODIS,75,6.2,305.3,98.1,D,0
-21.1367,117.6961,326.3,3.7,1.8,2014-09-08,0637,Aqua,MODIS,72,6.2,305.4,78.5,D,0
-21.3106,118.3042,327.2,4.1,1.9,2014-09-08,0637,Aqua,MODIS,73,6.2,304.1,99.9,D,0
-21.306,118.2957,325.7,4.1,1.9,2014-09-08,0637,Aqua,MODIS,70,6.2,304.3,86.6,D,0
-32.4187,148.1376,302.3,1.3,1.1,2014-09-08,1242,Terra,MODIS,48,6.2,283,11.8,N,0
-31.6116,149.2499,300.4,1.2,1.1,2014-09-08,1242,Terra,MODIS,27,6.2,280.2,9,N,0
-30.1252,149.9688,309.6,1.1,1,2014-09-08,1243,Terra,MODIS,78,6.2,285.8,12.4,N,0
-27.2315,150.8583,300.2,1,1,2014-09-08,1243,Terra,MODIS,23,6.2,283.5,6.6,N,0
-29.5953,149.5232,302.1,1.1,1,2014-09-08,1243,Terra,MODIS,46,6.2,285.5,7.4,N,0
-29.605,148.6301,301.5,1.2,1.1,2014-09-08,1243,Terra,MODIS,42,6.2,284,9.2,N,0
-29.0196,148.748,312.5,1.1,1.1,2014-09-08,1243,Terra,MODIS,85,6.2,285.6,16.7,N,0
-16.4885,144.8636,302,1.3,1.1,2014-09-08,1246,Terra,MODIS,46,6.2,290.8,6.8,N,0
-16.4901,144.8511,302.3,1.3,1.1,2014-09-08,1246,Terra,MODIS,48,6.2,291.2,7,N,0
-12.6309,142.4704,314.1,1.7,1.3,2014-09-08,1247,Terra,MODIS,89,6.2,291.3,27.8,N,0
-12.6427,142.0236,308.7,1.8,1.3,2014-09-08,1247,Terra,MODIS,75,6.2,291,20.6,N,0
-12.629,142.4859,324.9,1.7,1.3,2014-09-08,1247,Terra,MODIS,100,6.2,292.7,49.6,N,0
-14.8896,145.1098,300.8,1.2,1.1,2014-09-08,1247,Terra,MODIS,34,6.2,289.7,5.1,N,0
-14.9261,145.1379,307.8,1.2,1.1,2014-09-08,1247,Terra,MODIS,73,6.2,289.3,10.5,N,0
-14.8881,145.121,312.8,1.2,1.1,2014-09-08,1247,Terra,MODIS,86,6.2,290.5,15.5,N,0
-14.928,145.1324,303.8,1.2,1.1,2014-09-08,1247,Terra,MODIS,50,6.2,289.3,7,N,0
-15.5874,145.3024,302.4,1.2,1.1,2014-09-08,1247,Terra,MODIS,49,6.2,290,6,N,0
-14.785,142.696,307.5,1.8,1.3,2014-09-08,1247,Terra,MODIS,66,6.2,291.3,15.5,N,0
-14.783,142.7122,317.9,1.7,1.3,2014-09-08,1247,Terra,MODIS,96,6.2,291.9,33.8,N,0
-12.9333,141.8889,303.2,1.9,1.3,2014-09-08,1247,Terra,MODIS,54,6.2,290.3,12.4,N,0
-14.7806,142.7017,312,1.8,1.3,2014-09-08,1247,Terra,MODIS,84,6.2,291.4,23,N,0
-14.7787,142.7179,301.5,1.7,1.3,2014-09-08,1247,Terra,MODIS,23,6.2,291,7.6,N,0
-14.7923,142.7032,306.1,1.8,1.3,2014-09-08,1247,Terra,MODIS,67,6.2,291.1,14.5,N,0
-15.6179,145.1455,302.4,1.2,1.1,2014-09-08,1247,Terra,MODIS,40,6.2,289.1,6.3,N,0
-15.6224,145.1109,301.4,1.2,1.1,2014-09-08,1247,Terra,MODIS,7,6.2,288.2,5.3,N,0
-15.6323,145.1124,308.4,1.2,1.1,2014-09-08,1247,Terra,MODIS,74,6.2,288.8,11.7,N,0
-15.608,145.1439,304.2,1.2,1.1,2014-09-08,1247,Terra,MODIS,59,6.2,289.7,7.5,N,0
-11.8652,142.3,305.7,1.7,1.3,2014-09-08,1248,Terra,MODIS,32,6.2,291.5,13.3,N,0
-11.8557,142.2829,305.2,1.7,1.3,2014-09-08,1248,Terra,MODIS,10,6.2,291.9,12,N,0
-24.485,119.8412,301.1,1.8,1.3,2014-09-08,1423,Terra,MODIS,37,6.2,288.4,12.2,N,0
-23.8024,120.2651,313.1,1.6,1.2,2014-09-08,1423,Terra,MODIS,86,6.2,287.6,28.2,N,0
-20.9246,135.2976,303.8,4.1,1.9,2014-09-08,1423,Terra,MODIS,57,6.2,291.7,44.1,N,0
-17.4832,134.9377,318,4.6,2,2014-09-08,1424,Terra,MODIS,96,6.2,293.4,137.7,N,0
-17.4217,134.9684,311.5,4.6,2,2014-09-08,1424,Terra,MODIS,40,6.2,291.5,90.3,N,0
-17.4756,134.974,308.6,4.6,2,2014-09-08,1424,Terra,MODIS,18,6.2,292,70.6,N,0
-17.3879,134.9534,306.8,4.6,2,2014-09-08,1424,Terra,MODIS,7,6.2,289.9,63.6,N,0
-17.379,134.9967,315.1,4.7,2,2014-09-08,1424,Terra,MODIS,82,6.2,289.9,120.4,N,0
-17.3613,134.9928,321,4.7,2,2014-09-08,1424,Terra,MODIS,100,6.2,290.5,170.6,N,0
-17.3437,134.9889,306.3,4.7,2,2014-09-08,1424,Terra,MODIS,38,6.2,289.3,64.4,N,0
-17.3803,134.9922,318.2,4.7,2,2014-09-08,1424,Terra,MODIS,96,6.2,290.2,146.1,N,0
-17.3627,134.9882,324.5,4.7,2,2014-09-08,1424,Terra,MODIS,100,6.2,290.5,206,N,0
-17.345,134.9843,307.3,4.7,2,2014-09-08,1424,Terra,MODIS,71,6.2,289.1,76,N,0
-20.1254,127.504,309.3,1.2,1.1,2014-09-08,1424,Terra,MODIS,77,6.2,292.3,13.2,N,0
-17.4842,134.9308,315.4,4.6,2,2014-09-08,1424,Terra,MODIS,73,6.2,293.1,116.1,N,0
-18.613,127.4146,305.8,1.3,1.1,2014-09-08,1424,Terra,MODIS,55,6.2,291.4,8.9,N,0
-18.591,127.4229,307.1,1.3,1.1,2014-09-08,1424,Terra,MODIS,62,6.2,291.4,10,N,0
-18.579,127.4331,317.7,1.3,1.1,2014-09-08,1424,Terra,MODIS,96,6.2,292.3,21.2,N,0
-21.2987,120.9903,309.5,1.3,1.1,2014-09-08,1424,Terra,MODIS,78,6.2,294.7,11.8,N,0
-18.245,130.0752,332.7,2,1.4,2014-09-08,1424,Terra,MODIS,100,6.2,294.8,87.5,N,0
-18.2998,130.0729,305.5,1.9,1.4,2014-09-08,1424,Terra,MODIS,64,6.2,288.9,18.8,N,0
-18.303,130.0546,309.7,1.9,1.4,2014-09-08,1424,Terra,MODIS,78,6.2,289.8,26.4,N,0
-18.309,130.069,311,1.9,1.4,2014-09-08,1424,Terra,MODIS,81,6.2,289.9,27.9,N,0
-18.2969,130.0666,302.7,1.9,1.4,2014-09-08,1424,Terra,MODIS,50,6.2,289.2,14.7,N,0
-20.2337,127.9052,302.6,1.3,1.1,2014-09-08,1424,Terra,MODIS,50,6.2,291.7,7.1,N,0
-18.2482,130.057,316.9,1.9,1.4,2014-09-08,1424,Terra,MODIS,94,6.2,290.5,40.8,N,0
-18.4065,130.0632,308.1,1.9,1.4,2014-09-08,1424,Terra,MODIS,74,6.2,289.4,24.3,N,0
-18.1453,123.8059,306.1,1,1,2014-09-08,1425,Terra,MODIS,67,6.2,293.4,6.7,N,0
-18.1004,123.7988,312.6,1,1,2014-09-08,1425,Terra,MODIS,85,6.2,293.9,11.2,N,0
-16.4452,124.1836,309.5,1,1,2014-09-08,1425,Terra,MODIS,33,6.2,296.9,5.7,N,0
-16.4285,124.1714,306.2,1,1,2014-09-08,1425,Terra,MODIS,30,6.2,296.1,3.8,N,0
-16.4542,124.185,307,1,1,2014-09-08,1425,Terra,MODIS,20,6.2,297,4.3,N,0
-16.4954,124.2167,314.1,1,1,2014-09-08,1425,Terra,MODIS,88,6.2,296.5,9.3,N,0
-16.4864,124.2152,343.8,1,1,2014-09-08,1425,Terra,MODIS,100,6.2,300.2,47.1,N,0
-15.8123,128.2,328.8,1.6,1.2,2014-09-08,1425,Terra,MODIS,100,6.2,295.3,50.5,N,0
-15.851,127.8968,306.2,1.5,1.2,2014-09-08,1425,Terra,MODIS,35,6.2,295.9,8.9,N,0
-15.8533,127.8827,312,1.5,1.2,2014-09-08,1425,Terra,MODIS,84,6.2,297,15.8,N,0
-16.4348,124.1916,312.8,1,1,2014-09-08,1425,Terra,MODIS,62,6.2,297.5,8.1,N,0
-16.4439,124.1931,320.8,1,1,2014-09-08,1425,Terra,MODIS,100,6.2,298.1,15.2,N,0
-16.4878,124.2059,327.3,1,1,2014-09-08,1425,Terra,MODIS,100,6.2,298.3,22.6,N,0
-16.4968,124.2073,307.2,1,1,2014-09-08,1425,Terra,MODIS,41,6.2,296.2,4.5,N,0
-15.8099,128.2147,339.3,1.6,1.2,2014-09-08,1425,Terra,MODIS,100,6.2,297,80.3,N,0
-16.485,124.2247,324.4,1,1,2014-09-08,1425,Terra,MODIS,100,6.2,298.4,18.5,N,0
-16.4836,124.2341,323.7,1,1,2014-09-08,1425,Terra,MODIS,100,6.2,298.7,17.8,N,0
-16.4823,124.2435,317.2,1,1,2014-09-08,1425,Terra,MODIS,95,6.2,298.7,11.6,N,0
-16.494,124.2262,324.6,1,1,2014-09-08,1425,Terra,MODIS,100,6.2,297.1,18.9,N,0
-16.4927,124.2356,375.7,1,1,2014-09-08,1425,Terra,MODIS,100,6.2,306.4,134.7,N,0
-16.4913,124.245,428.3,1,1,2014-09-08,1425,Terra,MODIS,100,6.2,316.5,472.7,N,0
-16.4899,124.2544,309.4,1,1,2014-09-08,1425,Terra,MODIS,77,6.2,298,6,N,0
-16.5139,123.7068,307.7,1,1,2014-09-08,1425,Terra,MODIS,72,6.2,292,7.6,N,0
-15.7988,128.2126,313.6,1.6,1.2,2014-09-08,1425,Terra,MODIS,88,6.2,296,20.7,N,0
-15.8316,127.8788,313.7,1.5,1.2,2014-09-08,1425,Terra,MODIS,88,6.2,295.4,17.3,N,0
-15.8425,127.8807,329.8,1.5,1.2,2014-09-08,1425,Terra,MODIS,100,6.2,297.1,47.5,N,0
-16.5154,124.143,309.5,1,1,2014-09-08,1425,Terra,MODIS,78,6.2,295.9,7.5,N,0
-15.8402,127.8948,328.2,1.5,1.2,2014-09-08,1425,Terra,MODIS,100,6.2,296.3,44.1,N,0
-16.5126,123.7161,303.1,1,1,2014-09-08,1425,Terra,MODIS,53,6.2,291.8,4.9,N,0
-12.639,142.0284,305.3,1.1,1.1,2014-09-08,1550,Aqua,MODIS,64,6.2,289.2,8.2,N,0
-12.6329,142.4895,302.3,1.1,1,2014-09-08,1550,Aqua,MODIS,48,6.2,289.5,6.3,N,0
-12.6428,142.0317,300.3,1.1,1.1,2014-09-08,1550,Aqua,MODIS,23,6.2,289.4,5.1,N,0
-16.4922,144.8649,307.5,1,1,2014-09-08,1551,Aqua,MODIS,72,6.2,289.1,9.2,N,0
-14.8827,145.1159,302,1,1,2014-09-08,1551,Aqua,MODIS,46,6.2,289,5.2,N,0
-14.8841,145.1255,310.6,1,1,2014-09-08,1551,Aqua,MODIS,80,6.2,289.3,11.1,N,0
-14.9234,145.1393,309.4,1,1,2014-09-08,1551,Aqua,MODIS,77,6.2,288.3,10.6,N,0
-14.7866,142.7133,310.8,1,1,2014-09-08,1551,Aqua,MODIS,81,6.2,291.3,10.5,N,0
-14.7852,142.7037,312,1,1,2014-09-08,1551,Aqua,MODIS,84,6.2,291.3,11.5,N,0
-13.6736,141.9471,300,1.1,1.1,2014-09-08,1551,Aqua,MODIS,10,6.2,289.9,4.3,N,0
-17.4731,134.9561,302.5,2.9,1.6,2014-09-08,1552,Aqua,MODIS,42,6.2,291.3,24.6,N,0
-20.9172,135.3127,314.9,2.3,1.5,2014-09-08,1553,Aqua,MODIS,90,6.2,292.4,45.9,N,0
-20.9248,135.3036,313.9,2.3,1.5,2014-09-08,1553,Aqua,MODIS,88,6.2,292.7,45.1,N,0
-20.929,135.3251,305.1,2.3,1.5,2014-09-08,1553,Aqua,MODIS,63,6.2,290.2,24,N,0
-15.8271,127.8999,318.2,3.3,1.7,2014-09-08,1730,Aqua,MODIS,96,6.2,290.6,90.3,N,0
-15.8427,127.8983,319.6,3.3,1.7,2014-09-08,1730,Aqua,MODIS,99,6.2,291.5,98.1,N,0
-15.8326,127.9068,326.8,3.3,1.7,2014-09-08,1730,Aqua,MODIS,100,6.2,291.1,139.5,N,0
-15.8119,128.2238,307.6,3.5,1.8,2014-09-08,1730,Aqua,MODIS,72,6.2,291.3,46.7,N,0
-15.8292,127.8756,303.5,3.3,1.7,2014-09-08,1730,Aqua,MODIS,56,6.2,290.8,26.7,N,0
-16.4874,124.2436,316.1,1.8,1.3,2014-09-08,1730,Aqua,MODIS,43,6.2,295.3,26.5,N,0
-15.8037,128.2315,307.1,3.5,1.8,2014-09-08,1730,Aqua,MODIS,70,6.2,292.4,46.5,N,0
-16.4797,124.2346,317.9,1.8,1.3,2014-09-08,1730,Aqua,MODIS,63,6.2,296.1,31.1,N,0
-21.1045,117.7247,305,1,1,2014-09-08,1731,Aqua,MODIS,63,6.2,290.7,7.2,N,0
-21.2801,120.995,346.2,1.3,1.1,2014-09-08,1731,Aqua,MODIS,100,6.2,295.1,76.4,N,0
-21.2816,121.0072,316.5,1.3,1.1,2014-09-08,1731,Aqua,MODIS,93,6.2,293.4,19.9,N,0
-21.2886,120.9814,306.3,1.3,1.1,2014-09-08,1731,Aqua,MODIS,45,6.2,292.7,8.7,N,0
-21.2901,120.9936,375.3,1.3,1.1,2014-09-08,1731,Aqua,MODIS,100,6.2,299.2,189.9,N,0
-21.2917,121.0058,339.6,1.3,1.1,2014-09-08,1731,Aqua,MODIS,100,6.2,294.2,59,N,0
-21.2891,120.988,345.4,1.3,1.1,2014-09-08,1731,Aqua,MODIS,100,6.2,294.9,73.3,N,0
-21.2906,121.0002,363.5,1.3,1.1,2014-09-08,1731,Aqua,MODIS,100,6.2,300,134.8,N,0
-21.2992,120.9865,307.6,1.3,1.1,2014-09-08,1731,Aqua,MODIS,70,6.2,292.5,10.3,N,0
-22.5295,122.6249,303.1,1.7,1.3,2014-09-08,1732,Aqua,MODIS,53,6.2,288.5,15.8,N,0
-21.143,117.7411,304.7,1,1,2014-09-08,1732,Aqua,MODIS,61,6.2,291.6,6.8,N,0
-23.2341,148.0511,310.2,4.1,1.9,2014-09-08,2340,Terra,MODIS,54,6.2,288.7,39.1,D,0
-23.2487,148.0549,315.1,4.1,1.9,2014-09-08,2340,Terra,MODIS,70,6.2,291.4,70.4,D,0
-23.2508,148.0465,310.4,4.1,1.9,2014-09-08,2340,Terra,MODIS,57,6.2,291.2,41.6,D,0
-24.1873,151.6042,310.3,2.2,1.4,2014-09-08,2340,Terra,MODIS,52,6.2,293.5,20.1,D,0
-30.0994,151.1581,302.5,1.8,1.3,2014-09-08,2342,Terra,MODIS,47,6.2,291.9,8.5,D,0
-29.8927,148.0306,311.2,2.9,1.6,2014-09-08,2342,Terra,MODIS,66,6.2,294.6,24.9,D,0
-29.924,152.7002,302.2,1.4,1.2,2014-09-08,2342,Terra,MODIS,41,6.2,289.9,6.6,D,0
-31.8535,150.87,307.1,1.7,1.3,2014-09-08,2343,Terra,MODIS,65,6.2,292.7,13.4,D,0
-11.9351,142.6404,320.4,2,1.4,2014-09-09,0115,Terra,MODIS,34,6.2,303.1,21.2,D,0
-11.8247,142.2921,323.1,1.8,1.3,2014-09-09,0115,Terra,MODIS,35,6.2,303.3,25.6,D,0
-11.8648,142.3212,328.4,1.8,1.3,2014-09-09,0115,Terra,MODIS,60,6.2,305.2,35.5,D,0
-12.23,142.5122,328.5,1.9,1.4,2014-09-09,0115,Terra,MODIS,74,6.2,305.2,39.5,D,0
-10.2097,142.2511,318.1,1.7,1.3,2014-09-09,0115,Terra,MODIS,63,6.2,296.7,19.3,D,0
-10.2117,142.2666,314.8,1.7,1.3,2014-09-09,0115,Terra,MODIS,44,6.2,297.5,12.9,D,0
-12.1256,136.4271,331.7,1,1,2014-09-09,0116,Terra,MODIS,84,6.2,313.5,14.8,D,0
-12.7505,130.7663,332.8,2,1.4,2014-09-09,0116,Terra,MODIS,78,6.2,307.6,53.9,D,0
-12.6376,142.032,340.1,1.8,1.3,2014-09-09,0116,Terra,MODIS,89,6.2,307.6,75.8,D,0
-12.6209,142.487,318.9,2,1.4,2014-09-09,0116,Terra,MODIS,32,6.2,302.3,17.9,D,0
-12.6473,142.0141,354.4,1.8,1.3,2014-09-09,0116,Terra,MODIS,97,6.2,306.9,143.4,D,0
-15.5069,145.1876,315.8,3.5,1.8,2014-09-09,0116,Terra,MODIS,42,6.2,295.6,49.6,D,0
-12.9144,132.6112,324.4,1.4,1.2,2014-09-09,0116,Terra,MODIS,45,6.2,308.9,12.7,D,0
-12.6036,142.1948,330.4,1.9,1.3,2014-09-09,0116,Terra,MODIS,81,6.2,304.4,42.3,D,0
-12.6557,142.0232,324.7,1.8,1.3,2014-09-09,0116,Terra,MODIS,66,6.2,307.2,22.6,D,0
-12.7538,130.7598,331.7,2,1.4,2014-09-09,0116,Terra,MODIS,76,6.2,308.2,50.1,D,0
-12.6495,142.0305,326.7,1.8,1.3,2014-09-09,0116,Terra,MODIS,78,6.2,307.1,31.8,D,0
-12.6536,142.0067,322.3,1.8,1.3,2014-09-09,0116,Terra,MODIS,52,6.2,305.6,17,D,0
-13.7407,134.5116,331,1.1,1,2014-09-09,0116,Terra,MODIS,71,6.2,314.6,13.9,D,0
-12.5992,142.2071,326.5,1.9,1.3,2014-09-09,0116,Terra,MODIS,75,6.2,302.9,31.4,D,0
-14.3906,133.3152,329.5,1.2,1.1,2014-09-09,0116,Terra,MODIS,71,6.2,314.3,16.3,D,0
-12.6058,142.2118,321.8,1.9,1.3,2014-09-09,0116,Terra,MODIS,40,6.2,302.9,17.8,D,0
-12.9519,132.5444,322.2,1.4,1.2,2014-09-09,0116,Terra,MODIS,24,6.2,307.8,9.7,D,0
-12.2377,142.4755,326.1,1.9,1.4,2014-09-09,0116,Terra,MODIS,77,6.2,303.4,36.9,D,0
-12.5971,142.1901,320.4,1.9,1.3,2014-09-09,0116,Terra,MODIS,47,6.2,304.3,16.5,D,0
-12.6152,142.4752,319.4,1.9,1.4,2014-09-09,0116,Terra,MODIS,62,6.2,302.2,19.9,D,0
-12.642,142.4899,318.3,2,1.4,2014-09-09,0116,Terra,MODIS,45,6.2,300.6,17,D,0
-15.5666,145.1485,316.1,3.4,1.7,2014-09-09,0116,Terra,MODIS,51,6.2,297,41.8,D,0
-15.5254,141.8726,331.1,1.9,1.4,2014-09-09,0116,Terra,MODIS,82,6.2,306.9,44,D,0
-14.8854,145.1369,315.6,3.4,1.7,2014-09-09,0116,Terra,MODIS,54,6.2,292.8,53.2,D,0
-13.3856,132.542,323.4,1.4,1.2,2014-09-09,0116,Terra,MODIS,35,6.2,307.9,12.2,D,0
-13.5798,133.3077,337.2,1.3,1.1,2014-09-09,0116,Terra,MODIS,82,6.2,311.1,29.4,D,0
-13.0007,132.2821,332,1.5,1.2,2014-09-09,0116,Terra,MODIS,77,6.2,311.1,25.2,D,0
-13.5735,133.3324,332,1.3,1.1,2014-09-09,0116,Terra,MODIS,75,6.2,311.7,21.5,D,0
-13.5717,133.3209,332.8,1.3,1.1,2014-09-09,0116,Terra,MODIS,76,6.2,313.1,22.7,D,0
-13.0115,132.2803,333.5,1.5,1.2,2014-09-09,0116,Terra,MODIS,79,6.2,311.7,28.7,D,0
-12.24,142.4931,323.1,1.9,1.4,2014-09-09,0116,Terra,MODIS,65,6.2,304.6,27.5,D,0
-13.5112,134.5051,327.7,1.1,1,2014-09-09,0116,Terra,MODIS,63,6.2,314,9.9,D,0
-13.6473,135.2188,330,1,1,2014-09-09,0116,Terra,MODIS,45,6.2,315.6,11.5,D,0
-13.6622,135.2554,334.1,1,1,2014-09-09,0116,Terra,MODIS,67,6.2,316.8,17.5,D,0
-13.6662,131.9187,332.3,1.5,1.2,2014-09-09,0116,Terra,MODIS,77,6.2,311.8,25.4,D,0
-13.6653,131.9248,328.3,1.5,1.2,2014-09-09,0116,Terra,MODIS,70,6.2,311.6,17,D,0
-13.663,131.9106,335.3,1.6,1.2,2014-09-09,0116,Terra,MODIS,81,6.2,311.8,35.1,D,0
-13.7501,135.1668,325.4,1,1,2014-09-09,0116,Terra,MODIS,57,6.2,312.1,8.6,D,0
-13.7516,135.1763,366.5,1,1,2014-09-09,0116,Terra,MODIS,100,6.2,316.6,95,D,0
-13.7997,135.2468,327.8,1,1,2014-09-09,0116,Terra,MODIS,53,6.2,312.2,8.7,D,0
-12.1615,136.4217,380.7,1,1,2014-09-09,0116,Terra,MODIS,100,6.2,313.8,141.5,D,0
-12.1601,136.4125,372.3,1,1,2014-09-09,0116,Terra,MODIS,100,6.2,313.7,109,D,0
-12.2598,135.544,323.1,1,1,2014-09-09,0116,Terra,MODIS,51,6.2,310.5,6,D,0
-11.2689,132.4842,325.2,1.6,1.2,2014-09-09,0116,Terra,MODIS,0,6.2,306.3,16.7,D,0
-11.2488,132.4295,323.5,1.6,1.2,2014-09-09,0116,Terra,MODIS,0,6.2,306.1,18.5,D,0
-13.4821,130.7078,326.1,1.9,1.3,2014-09-09,0116,Terra,MODIS,58,6.2,304.7,28.1,D,0
-13.4753,130.6969,329.8,1.9,1.4,2014-09-09,0116,Terra,MODIS,71,6.2,304.9,40.2,D,0
-13.7423,134.5216,328.7,1.1,1,2014-09-09,0116,Terra,MODIS,63,6.2,311.4,11.3,D,0
-12.1503,136.4701,340.4,1,1,2014-09-09,0116,Terra,MODIS,90,6.2,308.1,30.4,D,0
-14.4285,133.0429,327.6,1.3,1.1,2014-09-09,0116,Terra,MODIS,61,6.2,312.6,12,D,0
-14.4385,133.0411,351.1,1.3,1.1,2014-09-09,0116,Terra,MODIS,94,6.2,313.4,66.8,D,0
-14.4504,133.051,331.2,1.3,1.1,2014-09-09,0116,Terra,MODIS,66,6.2,309,18.4,D,0
-13.9736,136.5951,330.5,1,1,2014-09-09,0116,Terra,MODIS,76,6.2,307.4,17.3,D,0
-13.9647,136.5964,334.1,1,1,2014-09-09,0116,Terra,MODIS,81,6.2,310.8,22.2,D,0
-13.6388,135.2164,330.7,1,1,2014-09-09,0116,Terra,MODIS,55,6.2,313.7,13.1,D,0
-13.467,130.6925,324.1,1.9,1.4,2014-09-09,0116,Terra,MODIS,42,6.2,304.5,23.4,D,0
-12.9961,132.2749,326.2,1.5,1.2,2014-09-09,0116,Terra,MODIS,35,6.2,310.9,9.9,D,0
-12.9984,132.2685,334.4,1.5,1.2,2014-09-09,0116,Terra,MODIS,80,6.2,311,30.5,D,0
-13.3878,132.5551,328.2,1.4,1.2,2014-09-09,0116,Terra,MODIS,68,6.2,307.8,22.1,D,0
-13.5816,133.3192,348.6,1.3,1.1,2014-09-09,0116,Terra,MODIS,92,6.2,312.3,59.4,D,0
-13.6619,135.3137,343.9,1,1,2014-09-09,0116,Terra,MODIS,89,6.2,315.1,35.9,D,0
-13.0595,132.7392,335.8,1.4,1.2,2014-09-09,0116,Terra,MODIS,82,6.2,307.4,33.2,D,0
-13.0135,132.7207,321.9,1.4,1.2,2014-09-09,0116,Terra,MODIS,18,6.2,307,10.2,D,0
-13.0114,132.7079,341.2,1.4,1.2,2014-09-09,0116,Terra,MODIS,87,6.2,307,52.2,D,0
-13.0009,132.7098,326.7,1.4,1.2,2014-09-09,0116,Terra,MODIS,57,6.2,305.6,18.5,D,0
-13.0647,132.7321,324.7,1.4,1.2,2014-09-09,0116,Terra,MODIS,25,6.2,308.3,13.6,D,0
-13.0668,132.7448,323.8,1.4,1.2,2014-09-09,0116,Terra,MODIS,38,6.2,307,12.8,D,0
-12.6514,142.2347,320.9,1.9,1.3,2014-09-09,0116,Terra,MODIS,52,6.2,303.5,17.2,D,0
-13.6604,135.3043,327.5,1,1,2014-09-09,0116,Terra,MODIS,57,6.2,312,10.9,D,0
-13.4074,135.2751,349.8,1,1,2014-09-09,0116,Terra,MODIS,93,6.2,315.7,46.3,D,0
-13.1537,135.3626,329.9,1,1,2014-09-09,0116,Terra,MODIS,60,6.2,313.3,12.2,D,0
-12.2206,134.164,345.3,1.2,1.1,2014-09-09,0116,Terra,MODIS,90,6.2,312.7,48.2,D,0
-13.1705,135.3504,329.9,1,1,2014-09-09,0116,Terra,MODIS,38,6.2,313.5,12.9,D,0
-12.7534,130.7841,327.3,1.9,1.4,2014-09-09,0116,Terra,MODIS,57,6.2,308.1,31.8,D,0
-14.3645,143.3569,314.9,2.4,1.5,2014-09-09,0116,Terra,MODIS,46,6.2,299.8,20.7,D,0
-12.6128,133.026,326.6,1.4,1.2,2014-09-09,0116,Terra,MODIS,51,6.2,306.6,17.4,D,0
-14.4221,142.1016,322.5,1.9,1.4,2014-09-09,0116,Terra,MODIS,72,6.2,301.9,30.4,D,0
-12.9693,134.2343,329.4,1.1,1.1,2014-09-09,0116,Terra,MODIS,61,6.2,313.6,15.3,D,0
-13.0219,134.258,341,1.1,1.1,2014-09-09,0116,Terra,MODIS,87,6.2,313.7,34,D,0
-14.4304,133.0545,325.9,1.3,1.1,2014-09-09,0116,Terra,MODIS,52,6.2,310.8,9.3,D,0
-14.4404,133.0527,359.2,1.3,1.1,2014-09-09,0116,Terra,MODIS,99,6.2,316.1,94.9,D,0
-13.2472,134.1809,345.2,1.1,1.1,2014-09-09,0116,Terra,MODIS,90,6.2,314.6,43.6,D,0
-13.2502,134.1376,325.1,1.2,1.1,2014-09-09,0116,Terra,MODIS,52,6.2,312.1,6.7,D,0
-13.3096,134.7644,327.9,1.1,1,2014-09-09,0116,Terra,MODIS,58,6.2,313.4,9.6,D,0
-12.1219,133.9966,336.5,1.2,1.1,2014-09-09,0116,Terra,MODIS,82,6.2,312.1,29.2,D,0
-14.3467,142.0268,315.6,1.9,1.3,2014-09-09,0116,Terra,MODIS,36,6.2,302.5,11.6,D,0
-14.359,143.352,316.7,2.4,1.5,2014-09-09,0116,Terra,MODIS,50,6.2,300.8,24.9,D,0
-13.3081,134.7545,328.9,1.1,1,2014-09-09,0116,Terra,MODIS,57,6.2,316.2,10.4,D,0
-12.8073,135.0914,332.9,1.1,1,2014-09-09,0116,Terra,MODIS,79,6.2,313,19,D,0
-13.2707,134.0801,328,1.2,1.1,2014-09-09,0116,Terra,MODIS,56,6.2,312.3,10.6,D,0
-13.2611,134.0816,327.1,1.2,1.1,2014-09-09,0116,Terra,MODIS,29,6.2,313.3,8.5,D,0
-12.2189,134.1533,335.7,1.2,1.1,2014-09-09,0116,Terra,MODIS,76,6.2,312.7,27.7,D,0
-12.9854,134.2745,335.2,1.1,1.1,2014-09-09,0116,Terra,MODIS,62,6.2,314,22.3,D,0
-12.8057,135.0816,327.3,1.1,1,2014-09-09,0116,Terra,MODIS,59,6.2,310.4,11.7,D,0
-13.0269,134.3528,333.8,1.1,1.1,2014-09-09,0116,Terra,MODIS,46,6.2,312.4,19.3,D,0
-12.9726,134.2552,344.2,1.1,1.1,2014-09-09,0116,Terra,MODIS,89,6.2,313.4,42,D,0
-13.4179,135.2831,331.4,1,1,2014-09-09,0116,Terra,MODIS,74,6.2,313.5,14.8,D,0
-13.0138,134.2056,337.3,1.1,1.1,2014-09-09,0116,Terra,MODIS,79,6.2,314.1,26.5,D,0
-13.0122,134.1951,368.2,1.2,1.1,2014-09-09,0116,Terra,MODIS,100,6.2,314.6,116.2,D,0
-13.0043,134.2072,339.7,1.1,1.1,2014-09-09,0116,Terra,MODIS,85,6.2,312.7,31.5,D,0
-12.9838,134.2641,345.8,1.1,1.1,2014-09-09,0116,Terra,MODIS,91,6.2,315.5,43.9,D,0
-12.9982,134.2938,332.7,1.1,1.1,2014-09-09,0116,Terra,MODIS,75,6.2,312.7,19.6,D,0
-14.461,132.7931,332.1,1.3,1.1,2014-09-09,0116,Terra,MODIS,74,6.2,312.1,20.5,D,0
-14.468,132.7853,324.5,1.3,1.1,2014-09-09,0116,Terra,MODIS,38,6.2,310.3,8.4,D,0
-14.47,132.7973,325,1.3,1.1,2014-09-09,0116,Terra,MODIS,32,6.2,310.3,9.6,D,0
-13.0077,134.2922,326.1,1.1,1.1,2014-09-09,0116,Terra,MODIS,54,6.2,312.8,9,D,0
-14.4343,132.8226,328.6,1.3,1.1,2014-09-09,0116,Terra,MODIS,70,6.2,314,14.9,D,0
-13.0278,134.2075,325,1.1,1.1,2014-09-09,0116,Terra,MODIS,60,6.2,310.5,11.4,D,0
-13.0299,134.246,331.2,1.1,1.1,2014-09-09,0116,Terra,MODIS,70,6.2,311.1,16,D,0
-13.025,134.2146,336.9,1.1,1.1,2014-09-09,0116,Terra,MODIS,75,6.2,312.2,26.4,D,0
-12.3759,141.7843,324.9,1.7,1.3,2014-09-09,0116,Terra,MODIS,75,6.2,305.4,28.8,D,0
-12.1236,134.0076,335.9,1.2,1.1,2014-09-09,0116,Terra,MODIS,81,6.2,313.7,27.8,D,0
-13.0294,134.2179,327.6,1.1,1.1,2014-09-09,0116,Terra,MODIS,68,6.2,311.2,14.3,D,0
-13.4165,135.2736,333.2,1,1,2014-09-09,0116,Terra,MODIS,78,6.2,312.9,17.4,D,0
-13.4088,135.2845,349.8,1,1,2014-09-09,0116,Terra,MODIS,93,6.2,317.8,46.4,D,0
-13.2488,134.1913,352.8,1.1,1.1,2014-09-09,0116,Terra,MODIS,95,6.2,312.5,63.3,D,0
-13.2629,135.1178,330.1,1.1,1,2014-09-09,0116,Terra,MODIS,69,6.2,314.8,10.8,D,0
-14.4187,142.1077,318.2,1.9,1.4,2014-09-09,0116,Terra,MODIS,28,6.2,302.2,16.8,D,0
-12.9802,134.1787,389.6,1.2,1.1,2014-09-09,0116,Terra,MODIS,100,6.2,317.5,224.5,D,0
-12.8193,131.0695,322.3,1.8,1.3,2014-09-09,0116,Terra,MODIS,33,6.2,307.8,15.7,D,0
-14.7932,142.711,328.4,2.2,1.4,2014-09-09,0116,Terra,MODIS,78,6.2,304,51.6,D,0
-12.2847,134.5098,330.3,1.1,1.1,2014-09-09,0116,Terra,MODIS,67,6.2,312.3,15.7,D,0
-12.9785,134.1681,371.1,1.2,1.1,2014-09-09,0116,Terra,MODIS,100,6.2,311.2,131.1,D,0
-13.4578,135.238,328.1,1,1,2014-09-09,0116,Terra,MODIS,34,6.2,311.9,10.1,D,0
-13.4564,135.2285,385.9,1,1,2014-09-09,0116,Terra,MODIS,100,6.2,316.5,171.8,D,0
-12.9709,134.2447,336.5,1.1,1.1,2014-09-09,0116,Terra,MODIS,76,6.2,313.3,26.4,D,0
-11.5518,131.2013,325.9,1.9,1.3,2014-09-09,0116,Terra,MODIS,70,6.2,305.2,34.2,D,0
-11.5639,131.1992,320.2,1.9,1.3,2014-09-09,0116,Terra,MODIS,48,6.2,305.7,20.3,D,0
-12.9706,134.1802,336.5,1.2,1.1,2014-09-09,0116,Terra,MODIS,82,6.2,314.2,29.1,D,0
-12.9689,134.1697,361.7,1.2,1.1,2014-09-09,0116,Terra,MODIS,100,6.2,313.4,95.4,D,0
-12.3681,141.7222,318.2,1.7,1.3,2014-09-09,0116,Terra,MODIS,47,6.2,304.9,14,D,0
-12.3573,141.7137,320.6,1.7,1.3,2014-09-09,0116,Terra,MODIS,56,6.2,304.1,18.5,D,0
-13.2548,134.7592,331.4,1.1,1,2014-09-09,0116,Terra,MODIS,61,6.2,314.1,13.1,D,0
-13.2564,134.7691,338.2,1.1,1,2014-09-09,0116,Terra,MODIS,84,6.2,313.8,25.3,D,0
-14.4755,142.1314,318.8,2,1.4,2014-09-09,0116,Terra,MODIS,51,6.2,304.2,17.4,D,0
-13.2455,134.7607,328.2,1.1,1,2014-09-09,0116,Terra,MODIS,47,6.2,316.1,9.4,D,0
-13.247,134.7706,330.6,1.1,1,2014-09-09,0116,Terra,MODIS,63,6.2,313.8,13.4,D,0
-12.8347,135.8113,334.5,1,1,2014-09-09,0116,Terra,MODIS,81,6.2,308.3,21.5,D,0
-12.7569,130.7776,328.3,1.9,1.4,2014-09-09,0116,Terra,MODIS,70,6.2,309.3,36.7,D,0
-13.0509,134.3529,331.7,1.1,1.1,2014-09-09,0116,Terra,MODIS,56,6.2,314.1,16.9,D,0
-13.4695,135.2009,358.3,1,1,2014-09-09,0116,Terra,MODIS,99,6.2,312.7,71.2,D,0
-13.471,135.2104,328,1,1,2014-09-09,0116,Terra,MODIS,57,6.2,311,12,D,0
-13.2756,134.1117,327.8,1.2,1.1,2014-09-09,0116,Terra,MODIS,60,6.2,310.4,11.1,D,0
-13.2677,134.1239,338.1,1.2,1.1,2014-09-09,0116,Terra,MODIS,84,6.2,312.2,28.4,D,0
-12.6271,133.0493,320.1,1.4,1.2,2014-09-09,0116,Terra,MODIS,26,6.2,306.6,8.3,D,0
-12.8361,135.8206,335.6,1,1,2014-09-09,0116,Terra,MODIS,81,6.2,309,23.2,D,0
-13.0967,134.3351,346.6,1.1,1.1,2014-09-09,0116,Terra,MODIS,91,6.2,315,44.7,D,0
-13.3236,134.7318,365.4,1.1,1,2014-09-09,0116,Terra,MODIS,100,6.2,318.9,92.7,D,0
-13.3251,134.7417,352.2,1.1,1,2014-09-09,0116,Terra,MODIS,95,6.2,317.4,53.6,D,0
-14.2029,132.2998,338.1,1.4,1.2,2014-09-09,0116,Terra,MODIS,84,6.2,306.6,45.2,D,0
-14.1289,132.2783,325.8,1.4,1.2,2014-09-09,0116,Terra,MODIS,42,6.2,311.4,13,D,0
-14.2303,132.2679,324.1,1.4,1.2,2014-09-09,0116,Terra,MODIS,15,6.2,304.9,15.2,D,0
-14.1523,132.2878,330.8,1.4,1.2,2014-09-09,0116,Terra,MODIS,44,6.2,307.6,22.6,D,0
-14.1417,132.2896,354.4,1.4,1.2,2014-09-09,0116,Terra,MODIS,96,6.2,310.8,95.9,D,0
-12.3798,132.5207,332.5,1.5,1.2,2014-09-09,0116,Terra,MODIS,79,6.2,310.2,30.8,D,0
-14.1628,132.286,332.3,1.4,1.2,2014-09-09,0116,Terra,MODIS,77,6.2,308.7,27.6,D,0
-14.1311,132.2915,329.2,1.4,1.2,2014-09-09,0116,Terra,MODIS,66,6.2,309.7,21.8,D,0
-14.0904,130.2773,324.5,2,1.4,2014-09-09,0116,Terra,MODIS,49,6.2,307.6,13.4,D,0
-15.8137,128.2459,335.9,2.6,1.6,2014-09-09,0117,Terra,MODIS,85,6.2,303.6,99.6,D,0
-15.8091,128.22,326.3,2.7,1.6,2014-09-09,0117,Terra,MODIS,48,6.2,307.3,45.8,D,0
-15.8318,128.2351,339,2.6,1.6,2014-09-09,0117,Terra,MODIS,87,6.2,303.7,120.1,D,0
-15.818,128.2386,343.1,2.6,1.6,2014-09-09,0117,Terra,MODIS,90,6.2,304.8,148.3,D,0
-14.2989,126.618,316.9,3.8,1.8,2014-09-09,0117,Terra,MODIS,46,6.2,301.3,39.2,D,0
-17.4237,134.9648,340.4,1,1,2014-09-09,0117,Terra,MODIS,86,6.2,309.4,28.6,D,0
-17.4265,134.9837,335.7,1,1,2014-09-09,0117,Terra,MODIS,21,6.2,309.9,16,D,0
-17.437,134.9917,346.9,1,1,2014-09-09,0117,Terra,MODIS,87,6.2,312.6,36.5,D,0
-17.4711,135.0345,326.5,1,1,2014-09-09,0117,Terra,MODIS,31,6.2,310.4,9.7,D,0
-17.4745,134.9953,332.1,1,1,2014-09-09,0117,Terra,MODIS,15,6.2,307.6,16.3,D,0
-17.4839,134.9974,361.2,1,1,2014-09-09,0117,Terra,MODIS,100,6.2,310.4,76.5,D,0
-17.4853,135.0068,334.7,1,1,2014-09-09,0117,Terra,MODIS,80,6.2,310.6,20.6,D,0
-17.3272,134.9964,332.5,1,1,2014-09-09,0117,Terra,MODIS,42,6.2,316.2,13.5,D,0
-15.4343,134.9053,341.1,1,1,2014-09-09,0117,Terra,MODIS,87,6.2,311.3,30.9,D,0
-16.7778,132.5511,324.7,1.3,1.1,2014-09-09,0117,Terra,MODIS,40,6.2,310.6,13.4,D,0
-16.7897,132.5611,359.3,1.3,1.1,2014-09-09,0117,Terra,MODIS,99,6.2,310,99.5,D,0
-16.7916,132.5728,348,1.3,1.1,2014-09-09,0117,Terra,MODIS,93,6.2,309.6,62.4,D,0
-16.699,134.8012,322.7,1,1,2014-09-09,0117,Terra,MODIS,36,6.2,311.2,7.3,D,0
-16.7797,132.5628,324.7,1.3,1.1,2014-09-09,0117,Terra,MODIS,56,6.2,309.9,13.7,D,0
-16.9144,135.3143,328.2,1,1,2014-09-09,0117,Terra,MODIS,52,6.2,314.6,8.8,D,0
-16.6207,136.8951,327.5,1,1,2014-09-09,0117,Terra,MODIS,55,6.2,311.9,11,D,0
-16.9366,135.3395,330.3,1,1,2014-09-09,0117,Terra,MODIS,33,6.2,313.3,11.4,D,0
-16.9455,135.3381,328.2,1,1,2014-09-09,0117,Terra,MODIS,44,6.2,314.4,9,D,0
-16.9469,135.3474,333.1,1,1,2014-09-09,0117,Terra,MODIS,77,6.2,313.4,16,D,0
-16.9863,135.3638,327.8,1,1,2014-09-09,0117,Terra,MODIS,35,6.2,313.2,8.8,D,0
-16.6453,136.8718,334.1,1,1,2014-09-09,0117,Terra,MODIS,80,6.2,311.4,20.2,D,0
-15.4237,134.8972,333,1,1,2014-09-09,0117,Terra,MODIS,77,6.2,311.2,17.7,D,0
-15.4314,134.8862,363.8,1,1,2014-09-09,0117,Terra,MODIS,100,6.2,311.8,83.2,D,0
-15.4223,134.8876,343.5,1,1,2014-09-09,0117,Terra,MODIS,89,6.2,312.4,35.1,D,0
-16.763,135.226,334.6,1,1,2014-09-09,0117,Terra,MODIS,80,6.2,312.5,18.4,D,0
-16.7526,135.2181,343.6,1,1,2014-09-09,0117,Terra,MODIS,89,6.2,313.6,34,D,0
-14.6456,132.8602,350.9,1.3,1.1,2014-09-09,0117,Terra,MODIS,94,6.2,313.1,66.7,D,0
-14.6475,132.872,331.2,1.3,1.1,2014-09-09,0117,Terra,MODIS,75,6.2,312.3,17.4,D,0
-14.6442,132.7864,328.3,1.3,1.1,2014-09-09,0117,Terra,MODIS,67,6.2,312.5,12.8,D,0
-14.6515,132.7786,334.9,1.3,1.1,2014-09-09,0117,Terra,MODIS,81,6.2,311.6,25.8,D,0
-14.6535,132.7906,336.2,1.3,1.1,2014-09-09,0117,Terra,MODIS,82,6.2,311.8,28.4,D,0
-14.6228,132.0788,326.9,1.5,1.2,2014-09-09,0117,Terra,MODIS,56,6.2,309,16.1,D,0
-15.0019,133.427,329.7,1.2,1.1,2014-09-09,0117,Terra,MODIS,65,6.2,312.3,15.9,D,0
-15.0116,133.4253,326.8,1.2,1.1,2014-09-09,0117,Terra,MODIS,45,6.2,310.2,11.5,D,0
-15.4329,134.8958,406.9,1,1,2014-09-09,0117,Terra,MODIS,100,6.2,317.1,294,D,0
-15.449,134.8871,355.7,1,1,2014-09-09,0117,Terra,MODIS,97,6.2,307.9,62.3,D,0
-15.4385,134.879,333.7,1,1,2014-09-09,0117,Terra,MODIS,65,6.2,310.5,17.8,D,0
-15.4702,134.9033,339.3,1,1,2014-09-09,0117,Terra,MODIS,85,6.2,307.1,31.4,D,0
-15.9121,136.256,330.8,1,1,2014-09-09,0117,Terra,MODIS,69,6.2,310.6,10,D,0
-15.3484,135.6815,324.8,1,1,2014-09-09,0117,Terra,MODIS,56,6.2,309.6,9.7,D,0
-15.9201,136.2481,330.9,1,1,2014-09-09,0117,Terra,MODIS,69,6.2,311,13.6,D,0
-15.4673,134.8843,388.3,1,1,2014-09-09,0117,Terra,MODIS,100,6.2,315.6,185.3,D,0
-15.4582,134.8857,341.1,1,1,2014-09-09,0117,Terra,MODIS,87,6.2,308.3,30.8,D,0
-15.4189,135.7215,331.7,1,1,2014-09-09,0117,Terra,MODIS,75,6.2,310.1,18.4,D,0
-15.4203,135.7307,332.9,1,1,2014-09-09,0117,Terra,MODIS,77,6.2,308.4,20.7,D,0
-16.2144,136.5636,332.8,1,1,2014-09-09,0117,Terra,MODIS,77,6.2,311.4,15.7,D,0
-15.4764,134.8828,374.2,1,1,2014-09-09,0117,Terra,MODIS,100,6.2,304.2,125.2,D,0
-15.347,135.6723,327.8,1,1,2014-09-09,0117,Terra,MODIS,67,6.2,310.8,12.9,D,0
-17.5327,135.0764,331.8,1,1,2014-09-09,0117,Terra,MODIS,46,6.2,316.3,10.7,D,0
-15.4687,134.8938,379.1,1,1,2014-09-09,0117,Terra,MODIS,100,6.2,312.6,142.9,D,0
-15.4596,134.8952,344.9,1,1,2014-09-09,0117,Terra,MODIS,90,6.2,308.2,38.4,D,0
-15.9134,136.2652,330.5,1,1,2014-09-09,0117,Terra,MODIS,68,6.2,311.4,9.5,D,0
-15.4779,134.8923,370.3,1,1,2014-09-09,0117,Terra,MODIS,100,6.2,304.7,111.2,D,0
-15.4287,135.236,326.9,1,1,2014-09-09,0117,Terra,MODIS,39,6.2,308.9,9.7,D,0
-15.4087,135.2872,333.8,1,1,2014-09-09,0117,Terra,MODIS,55,6.2,311.7,16.6,D,0
-14.7137,133.0948,339.9,1.3,1.1,2014-09-09,0117,Terra,MODIS,65,6.2,315.2,32.4,D,0
-14.7255,133.1047,371.4,1.3,1.1,2014-09-09,0117,Terra,MODIS,100,6.2,317.8,140.2,D,0
-14.7236,133.0932,339.4,1.3,1.1,2014-09-09,0117,Terra,MODIS,54,6.2,312.4,31.4,D,0
-14.7273,133.1162,335.5,1.2,1.1,2014-09-09,0117,Terra,MODIS,24,6.2,313.4,23,D,0
-15.4177,135.2858,372.9,1,1,2014-09-09,0117,Terra,MODIS,100,6.2,312.2,112.1,D,0
-15.4192,135.2952,370.8,1,1,2014-09-09,0117,Terra,MODIS,100,6.2,310.7,105.7,D,0
-15.4268,135.2844,344.2,1,1,2014-09-09,0117,Terra,MODIS,89,6.2,303.6,38,D,0
-14.7174,133.1179,332.3,1.2,1.1,2014-09-09,0117,Terra,MODIS,37,6.2,313.4,17.2,D,0
-19.2513,130.9121,326.6,1.5,1.2,2014-09-09,0118,Terra,MODIS,27,6.2,308.7,18.2,D,0
-19.262,130.91,340.9,1.5,1.2,2014-09-09,0118,Terra,MODIS,79,6.2,309.9,52.1,D,0
-18.5595,127.4624,323.2,2.7,1.6,2014-09-09,0118,Terra,MODIS,36,6.2,307.3,34.2,D,0
-18.5735,127.4594,357.1,2.7,1.6,2014-09-09,0118,Terra,MODIS,98,6.2,309.8,270.1,D,0
-18.5776,127.4526,349.2,2.7,1.6,2014-09-09,0118,Terra,MODIS,94,6.2,309.6,195.7,D,0
-18.0798,127.7781,330.1,2.6,1.5,2014-09-09,0118,Terra,MODIS,77,6.2,308.9,68.2,D,0
-18.1907,127.7239,324.7,2.6,1.5,2014-09-09,0118,Terra,MODIS,68,6.2,307.6,45.1,D,0
-18.1818,127.7187,326.7,2.6,1.5,2014-09-09,0118,Terra,MODIS,72,6.2,307.2,51.8,D,0
-18.1956,127.7157,323,2.6,1.5,2014-09-09,0118,Terra,MODIS,43,6.2,307.6,33.9,D,0
-18.1771,127.6945,324.1,2.6,1.5,2014-09-09,0118,Terra,MODIS,67,6.2,307.6,40.7,D,0
-18.1863,127.6997,342.1,2.6,1.5,2014-09-09,0118,Terra,MODIS,89,6.2,308.4,144.4,D,0
-18.5827,127.4312,325.6,2.7,1.6,2014-09-09,0118,Terra,MODIS,55,6.2,307.7,44.3,D,0
-18.5866,127.4245,321.3,2.7,1.6,2014-09-09,0118,Terra,MODIS,23,6.2,307.4,27.3,D,0
-18.5687,127.4344,366.7,2.7,1.6,2014-09-09,0118,Terra,MODIS,100,6.2,308.8,386.2,D,0
-18.5727,127.4276,346.2,2.7,1.6,2014-09-09,0118,Terra,MODIS,92,6.2,307.3,173.8,D,0
-20.9342,135.2998,345.8,1,1,2014-09-09,0118,Terra,MODIS,90,6.2,313.3,40.1,D,0
-18.066,127.7808,332.1,2.6,1.5,2014-09-09,0118,Terra,MODIS,79,6.2,307.5,79.2,D,0
-18.2689,130.1152,321.7,1.7,1.3,2014-09-09,0118,Terra,MODIS,32,6.2,307.4,13.2,D,0
-19.2525,130.855,332,1.5,1.2,2014-09-09,0118,Terra,MODIS,58,6.2,313,25.1,D,0
-18.1838,130.0884,369.1,1.7,1.3,2014-09-09,0118,Terra,MODIS,100,6.2,310.7,222.5,D,0
-18.181,130.0722,363.1,1.7,1.3,2014-09-09,0118,Terra,MODIS,100,6.2,312.5,175.3,D,0
-18.1781,130.0559,367.3,1.7,1.3,2014-09-09,0118,Terra,MODIS,100,6.2,313.1,201.3,D,0
-18.1694,130.0744,358.3,1.7,1.3,2014-09-09,0118,Terra,MODIS,99,6.2,309.6,144.8,D,0
-18.3717,130.1064,346.1,1.7,1.3,2014-09-09,0118,Terra,MODIS,91,6.2,313,85.5,D,0
-18.1607,130.0927,383.8,1.7,1.3,2014-09-09,0118,Terra,MODIS,100,6.2,308.2,353.7,D,0
-18.2747,130.0808,333.2,1.7,1.3,2014-09-09,0118,Terra,MODIS,75,6.2,311.7,36.3,D,0
-18.2862,130.0786,350,1.7,1.3,2014-09-09,0118,Terra,MODIS,94,6.2,311.2,94.8,D,0
-18.2891,130.0948,356.6,1.7,1.3,2014-09-09,0118,Terra,MODIS,98,6.2,310.4,130.6,D,0
-18.2919,130.111,348.2,1.7,1.3,2014-09-09,0118,Terra,MODIS,92,6.2,309.4,95,D,0
-18.2978,130.0764,356.8,1.7,1.3,2014-09-09,0118,Terra,MODIS,98,6.2,313.9,130.8,D,0
-18.1578,130.0765,435.7,1.7,1.3,2014-09-09,0118,Terra,MODIS,100,6.2,325.3,1183.6,D,0
-18.1492,130.0948,332.8,1.7,1.3,2014-09-09,0118,Terra,MODIS,79,6.2,305.1,46.8,D,0
-18.3006,130.0926,358.3,1.7,1.3,2014-09-09,0118,Terra,MODIS,99,6.2,312.4,137.7,D,0
-18.3402,130.184,321.7,1.7,1.3,2014-09-09,0118,Terra,MODIS,41,6.2,306.5,15.5,D,0
-20.2371,127.9048,321.9,2.3,1.5,2014-09-09,0118,Terra,MODIS,59,6.2,308.4,19.9,D,0
-18.1462,130.0786,336.7,1.7,1.3,2014-09-09,0118,Terra,MODIS,73,6.2,307.7,54.1,D,0
-18.1504,130.0838,374.2,1.7,1.3,2014-09-09,0118,Terra,MODIS,100,6.2,309.4,262.3,D,0
-21.0832,127.6223,324.5,2.3,1.5,2014-09-09,0118,Terra,MODIS,68,6.2,307.1,35.5,D,0
-18.1563,130.049,352.8,1.7,1.3,2014-09-09,0118,Terra,MODIS,96,6.2,312.3,116.7,D,0
-18.1476,130.0675,349.3,1.7,1.3,2014-09-09,0118,Terra,MODIS,93,6.2,309.6,102.2,D,0
-18.3458,130.1606,343.5,1.7,1.3,2014-09-09,0118,Terra,MODIS,89,6.2,309.5,74.6,D,0
-18.343,130.1448,366.5,1.7,1.3,2014-09-09,0118,Terra,MODIS,100,6.2,312.6,194.1,D,0
-18.3401,130.1289,329,1.7,1.3,2014-09-09,0118,Terra,MODIS,16,6.2,311,23.3,D,0
-18.3462,130.15,370.2,1.7,1.3,2014-09-09,0118,Terra,MODIS,100,6.2,311.3,224,D,0
-18.3434,130.1342,349.4,1.7,1.3,2014-09-09,0118,Terra,MODIS,93,6.2,311.4,100.3,D,0
-18.3375,130.1681,347.3,1.7,1.3,2014-09-09,0118,Terra,MODIS,92,6.2,307.9,96.3,D,0
-18.2947,130.127,374.8,1.7,1.3,2014-09-09,0118,Terra,MODIS,100,6.2,310.6,263.5,D,0
-18.3062,130.1248,361.8,1.7,1.3,2014-09-09,0118,Terra,MODIS,100,6.2,308.4,167.4,D,0
-18.3292,130.1204,332.3,1.7,1.3,2014-09-09,0118,Terra,MODIS,65,6.2,310.9,35.5,D,0
-18.2185,130.0818,359,1.7,1.3,2014-09-09,0118,Terra,MODIS,99,6.2,311.1,152.6,D,0
-20.4669,127.2981,325.1,2.5,1.5,2014-09-09,0118,Terra,MODIS,57,6.2,307.3,35.9,D,0
-20.4714,127.3217,323.8,2.5,1.5,2014-09-09,0118,Terra,MODIS,48,6.2,307.3,30.9,D,0
-20.4805,127.2951,345.9,2.5,1.5,2014-09-09,0118,Terra,MODIS,92,6.2,308.4,147.4,D,0
-20.485,127.3188,343.9,2.5,1.5,2014-09-09,0118,Terra,MODIS,90,6.2,309.6,133.3,D,0
-20.4985,127.3158,327.4,2.5,1.5,2014-09-09,0118,Terra,MODIS,60,6.2,310,40.1,D,0
-20.4912,127.3105,331.9,2.5,1.5,2014-09-09,0118,Terra,MODIS,79,6.2,309.5,60.5,D,0
-18.3689,130.0903,337.6,1.7,1.3,2014-09-09,0118,Terra,MODIS,84,6.2,312.5,51.6,D,0
-18.1867,130.1046,342.5,1.7,1.3,2014-09-09,0118,Terra,MODIS,89,6.2,303.8,78.5,D,0
-18.3093,130.0743,330.6,1.7,1.3,2014-09-09,0118,Terra,MODIS,58,6.2,312.8,23.6,D,0
-18.4034,130.0836,351.7,1.7,1.3,2014-09-09,0118,Terra,MODIS,95,6.2,311.9,110.3,D,0
-18.4062,130.0996,335.2,1.7,1.3,2014-09-09,0118,Terra,MODIS,82,6.2,310.1,45,D,0
-18.1647,130.0978,343.8,1.7,1.3,2014-09-09,0118,Terra,MODIS,90,6.2,302.7,87.6,D,0
-18.1619,130.0816,430.3,1.7,1.3,2014-09-09,0118,Terra,MODIS,100,6.2,320.3,1064.3,D,0
-18.266,130.0992,368,1.7,1.3,2014-09-09,0118,Terra,MODIS,100,6.2,312.1,210.5,D,0
-18.2632,130.0831,357.2,1.7,1.3,2014-09-09,0118,Terra,MODIS,98,6.2,312.8,139.7,D,0
-18.1531,130.0999,332.4,1.7,1.3,2014-09-09,0118,Terra,MODIS,79,6.2,303.2,44.6,D,0
-18.1665,130.0581,361.2,1.7,1.3,2014-09-09,0118,Terra,MODIS,100,6.2,312.9,158.8,D,0
-18.1636,130.0418,344.5,1.7,1.3,2014-09-09,0118,Terra,MODIS,90,6.2,311.9,75.7,D,0
-18.1549,130.0603,367.3,1.7,1.3,2014-09-09,0118,Terra,MODIS,100,6.2,314.1,202.4,D,0
-18.152,130.0439,327.8,1.7,1.3,2014-09-09,0118,Terra,MODIS,46,6.2,311.2,20.2,D,0
-18.1591,130.0654,404.1,1.7,1.3,2014-09-09,0118,Terra,MODIS,100,6.2,318.8,589.7,D,0
-21.0873,127.644,321.1,2.3,1.5,2014-09-09,0118,Terra,MODIS,58,6.2,307.2,22,D,0
-18.3034,130.1088,359.1,1.7,1.3,2014-09-09,0118,Terra,MODIS,99,6.2,310.3,147.5,D,0
-22.5275,122.6142,314.5,4.8,2,2014-09-09,0119,Terra,MODIS,37,6.2,298.6,59,D,0
-24.169,144.4283,322.9,3.9,1.8,2014-09-09,0119,Terra,MODIS,69,6.2,300.9,86.9,D,0
-24.1723,144.4669,320.9,3.9,1.8,2014-09-09,0119,Terra,MODIS,63,6.2,300.2,71.9,D,0
-24.174,144.4208,316.3,3.9,1.8,2014-09-09,0119,Terra,MODIS,37,6.2,300.5,48,D,0
-24.177,144.4595,323.4,3.9,1.8,2014-09-09,0119,Terra,MODIS,70,6.2,300.3,95.9,D,0
-20.9338,118.574,330.6,2.9,1.6,2014-09-09,0257,Terra,MODIS,78,6.2,307.3,86.7,D,0
-20.9486,118.5725,371.7,2.9,1.6,2014-09-09,0257,Terra,MODIS,100,6.2,308.7,528.5,D,0
-20.9515,118.6008,338.3,3,1.6,2014-09-09,0257,Terra,MODIS,86,6.2,307.8,136.8,D,0
-20.9338,118.567,325.1,2.9,1.6,2014-09-09,0257,Terra,MODIS,69,6.2,306.9,53.9,D,0
-20.9365,118.5953,321,3,1.6,2014-09-09,0257,Terra,MODIS,44,6.2,307.4,32.5,D,0
-20.9486,118.5654,359.3,2.9,1.6,2014-09-09,0257,Terra,MODIS,99,6.2,307.1,343.1,D,0
-20.9513,118.5937,352.8,3,1.6,2014-09-09,0257,Terra,MODIS,96,6.2,308.9,268.3,D,0
-20.9661,118.5921,335.3,3,1.6,2014-09-09,0257,Terra,MODIS,83,6.2,306.8,111.2,D,0
-21.1022,117.7123,325.2,2.5,1.5,2014-09-09,0257,Terra,MODIS,70,6.2,310.7,34.9,D,0
-21.1273,117.6845,413.8,2.5,1.5,2014-09-09,0257,Terra,MODIS,100,6.2,316.4,1293.9,D,0
-21.1193,117.6801,390.1,2.5,1.5,2014-09-09,0257,Terra,MODIS,100,6.2,316.6,723,D,0
-21.0607,118.188,322.8,2.8,1.6,2014-09-09,0257,Terra,MODIS,43,6.2,309.3,32.8,D,0
-21.0751,118.1865,328.1,2.8,1.6,2014-09-09,0257,Terra,MODIS,75,6.2,310.1,59.4,D,0
-21.0632,118.1809,326.7,2.8,1.6,2014-09-09,0257,Terra,MODIS,73,6.2,310.1,53,D,0
-21.0775,118.1793,321,2.8,1.6,2014-09-09,0257,Terra,MODIS,31,6.2,309.3,24.7,D,0
-21.1115,118.229,333.7,2.8,1.6,2014-09-09,0257,Terra,MODIS,82,6.2,308.4,92.5,D,0
-20.641,119.5885,321.4,3.5,1.8,2014-09-09,0257,Terra,MODIS,56,6.2,308.1,38.6,D,0
-21.1519,117.7259,341.5,2.6,1.5,2014-09-09,0257,Terra,MODIS,89,6.2,309.1,131,D,0
-21.1544,117.7508,327.6,2.6,1.5,2014-09-09,0257,Terra,MODIS,75,6.2,309.5,49,D,0
-21.1632,117.6991,359.3,2.5,1.5,2014-09-09,0257,Terra,MODIS,99,6.2,306.6,283.4,D,0
-21.1247,117.6601,408.9,2.5,1.5,2014-09-09,0257,Terra,MODIS,100,6.2,313.7,1149.8,D,0
-21.1168,117.6556,327.5,2.5,1.5,2014-09-09,0257,Terra,MODIS,66,6.2,308.1,49.7,D,0
-21.1307,117.654,370.5,2.5,1.5,2014-09-09,0257,Terra,MODIS,100,6.2,306.4,406.8,D,0
-21.1331,117.6784,401.8,2.5,1.5,2014-09-09,0257,Terra,MODIS,100,6.2,309.6,974.2,D,0
-21.1608,117.675,337.7,2.5,1.5,2014-09-09,0257,Terra,MODIS,86,6.2,304.6,114.5,D,0
-21.2866,118.3427,322.5,2.9,1.6,2014-09-09,0257,Terra,MODIS,52,6.2,309.6,29.7,D,0
-21.2878,118.3358,321.9,2.9,1.6,2014-09-09,0257,Terra,MODIS,54,6.2,309.7,30,D,0
-20.3253,119.4398,360.3,3.4,1.7,2014-09-09,0257,Terra,MODIS,100,6.2,308.7,443.7,D,0
-20.3409,119.438,326.1,3.4,1.7,2014-09-09,0257,Terra,MODIS,72,6.2,304.8,76.1,D,0
-20.3283,119.472,320.7,3.4,1.7,2014-09-09,0257,Terra,MODIS,59,6.2,307.3,48,D,0
-20.3223,119.4079,336.7,3.3,1.7,2014-09-09,0257,Terra,MODIS,85,6.2,305,157.6,D,0
-24.4855,119.8512,328,4,1.9,2014-09-09,0258,Terra,MODIS,78,6.2,305.3,139.3,D,0
-24.4894,119.8437,327.5,4,1.9,2014-09-09,0258,Terra,MODIS,78,6.2,304.3,136.3,D,0
-31.2494,150.7645,311.5,1.1,1,2014-09-09,0400,Aqua,MODIS,64,6.2,299.8,6.7,D,0
-29.6721,150.3609,316.4,1.1,1,2014-09-09,0400,Aqua,MODIS,63,6.2,301.8,8.8,D,0
-29.6703,150.3722,323.4,1.1,1,2014-09-09,0400,Aqua,MODIS,76,6.2,302.9,16,D,0
-31.4763,152.3777,305.8,1.2,1.1,2014-09-09,0400,Aqua,MODIS,26,6.2,293.2,5.6,D,0
-31.4749,152.3842,310.7,1.2,1.1,2014-09-09,0400,Aqua,MODIS,60,6.2,293,9.9,D,0
-30.2638,152.1362,318.1,1.3,1.1,2014-09-09,0400,Aqua,MODIS,76,6.2,294.9,18.6,D,0
-29.6461,152.1418,311.9,1.3,1.1,2014-09-09,0400,Aqua,MODIS,0,6.2,285.4,14.1,D,0
-29.599,149.5188,317,1,1,2014-09-09,0400,Aqua,MODIS,50,6.2,303.3,7.4,D,0
-29.5898,149.5169,322.8,1,1,2014-09-09,0400,Aqua,MODIS,72,6.2,302.3,13.2,D,0
-29.8558,148.461,322.4,1,1,2014-09-09,0400,Aqua,MODIS,70,6.2,305.5,9.3,D,0
-29.8573,148.4507,320.1,1,1,2014-09-09,0400,Aqua,MODIS,66,6.2,305.1,7,D,0
-29.0225,148.7494,343.2,1,1,2014-09-09,0400,Aqua,MODIS,90,6.2,308.2,38.5,D,0
-30.122,151.0111,313.2,1.1,1.1,2014-09-09,0400,Aqua,MODIS,67,6.2,297.1,9.4,D,0
-29.8919,148.0107,318.7,1,1,2014-09-09,0400,Aqua,MODIS,46,6.2,302.4,6.2,D,0
-29.021,148.7597,320.3,1,1,2014-09-09,0400,Aqua,MODIS,61,6.2,306.4,7.2,D,0
-29.5612,148.9658,319,1,1,2014-09-09,0400,Aqua,MODIS,62,6.2,305,9.4,D,0
-28.5411,147.6909,323.1,1,1,2014-09-09,0401,Aqua,MODIS,69,6.2,305.4,9.8,D,0
-28.5396,147.7011,325,1,1,2014-09-09,0401,Aqua,MODIS,72,6.2,305.3,12,D,0
-28.536,149.1783,318.3,1,1,2014-09-09,0401,Aqua,MODIS,54,6.2,306.2,6.1,D,0
-26.2486,148.4722,317.5,1,1,2014-09-09,0401,Aqua,MODIS,56,6.2,302.4,7,D,0
-26.2395,148.4705,315.5,1,1,2014-09-09,0401,Aqua,MODIS,43,6.2,302,5.3,D,0
-26.5126,151.6175,321.9,1.4,1.2,2014-09-09,0401,Aqua,MODIS,51,6.2,301.9,20.7,D,0
-26.5149,151.604,323.3,1.4,1.2,2014-09-09,0401,Aqua,MODIS,70,6.2,301.1,22.4,D,0
-24.6756,152.1541,315.8,1.6,1.2,2014-09-09,0401,Aqua,MODIS,41,6.2,293.9,17.4,D,0
-24.6755,152.161,325.9,1.6,1.2,2014-09-09,0401,Aqua,MODIS,75,6.2,296.1,37.9,D,0
-24.6894,152.1479,317.5,1.6,1.2,2014-09-09,0401,Aqua,MODIS,69,6.2,291.9,22,D,0
-26.3962,146.2726,315.3,1,1,2014-09-09,0401,Aqua,MODIS,46,6.2,302.2,5,D,0
-26.3948,146.283,331.8,1,1,2014-09-09,0401,Aqua,MODIS,82,6.2,303.2,23.9,D,0
-24.6866,152.1635,361.2,1.6,1.2,2014-09-09,0401,Aqua,MODIS,94,6.2,298.3,167.5,D,0
-25.1032,151.818,324.5,1.5,1.2,2014-09-09,0401,Aqua,MODIS,78,6.2,294.6,33.3,D,0
-25.1059,151.8255,312,1.5,1.2,2014-09-09,0401,Aqua,MODIS,35,6.2,293.6,13.2,D,0
-24.7632,149.9867,329.1,1.2,1.1,2014-09-09,0402,Aqua,MODIS,82,6.2,302.6,21.7,D,0
-24.1817,144.4437,326.2,1.2,1.1,2014-09-09,0402,Aqua,MODIS,68,6.2,311.8,11,D,0
-24.172,144.4423,389.8,1.2,1.1,2014-09-09,0402,Aqua,MODIS,100,6.2,315.9,224.5,D,0
-24.1735,144.4309,340.1,1.2,1.1,2014-09-09,0402,Aqua,MODIS,86,6.2,312.3,34.5,D,0
-24.7609,149.9925,327.9,1.2,1.1,2014-09-09,0402,Aqua,MODIS,80,6.2,305.6,20.2,D,0
-22.5124,145.5388,327.2,1,1,2014-09-09,0402,Aqua,MODIS,68,6.2,311.6,11.3,D,0
-18.5327,145.8758,316.6,1,1,2014-09-09,0403,Aqua,MODIS,37,6.2,299.3,9.8,D,0
-18.4881,145.6693,320.2,1,1,2014-09-09,0403,Aqua,MODIS,60,6.2,298.7,13,D,0
-20.9449,135.3114,353,4.4,1.9,2014-09-09,0403,Aqua,MODIS,95,6.2,312.2,462,D,0
-20.944,135.3031,358.4,4.4,1.9,2014-09-09,0403,Aqua,MODIS,99,6.2,312.8,580.7,D,0
-20.9482,135.2686,333.9,4.5,1.9,2014-09-09,0403,Aqua,MODIS,74,6.2,311.4,164.6,D,0
-17.5084,135.0411,325.5,4.2,1.9,2014-09-09,0404,Aqua,MODIS,60,6.2,304.3,81.2,D,0
-17.4912,135.0393,321,4.2,1.9,2014-09-09,0404,Aqua,MODIS,25,6.2,303,49.6,D,0
-17.5063,135.0375,323.5,4.2,1.9,2014-09-09,0404,Aqua,MODIS,34,6.2,303.9,63.9,D,0
-17.4604,134.9959,337.9,4.3,1.9,2014-09-09,0404,Aqua,MODIS,84,6.2,304.1,219.9,D,0
-17.4585,134.9925,336,4.3,1.9,2014-09-09,0404,Aqua,MODIS,83,6.2,304.2,195.9,D,0
-14.8001,142.7059,331.9,1.1,1.1,2014-09-09,0404,Aqua,MODIS,73,6.2,312.9,17.6,D,0
-14.8875,142.0389,325.1,1.2,1.1,2014-09-09,0404,Aqua,MODIS,53,6.2,310.9,7.6,D,0
-16.3933,136.0167,337.4,3.4,1.7,2014-09-09,0404,Aqua,MODIS,84,6.2,308.5,131.1,D,0
-16.3775,136.0148,332.2,3.4,1.7,2014-09-09,0404,Aqua,MODIS,62,6.2,309.8,82.1,D,0
-16.3831,136.0087,347.4,3.4,1.7,2014-09-09,0404,Aqua,MODIS,92,6.2,309.5,240.9,D,0
-16.9118,135.2957,339.1,4,1.9,2014-09-09,0404,Aqua,MODIS,86,6.2,309.1,196.5,D,0
-16.9075,135.291,337.7,4,1.9,2014-09-09,0404,Aqua,MODIS,84,6.2,308.8,178,D,0
-16.6549,136.8544,338.1,3,1.6,2014-09-09,0404,Aqua,MODIS,85,6.2,309.5,121.8,D,0
-16.64,136.8526,334.7,3,1.6,2014-09-09,0404,Aqua,MODIS,81,6.2,308.1,96.5,D,0
-16.6221,136.8792,326.5,3,1.6,2014-09-09,0404,Aqua,MODIS,56,6.2,310.7,46.1,D,0
-16.9804,135.3479,325.3,3.9,1.8,2014-09-09,0404,Aqua,MODIS,57,6.2,307.4,58.1,D,0
-16.9918,135.3416,327.3,3.9,1.8,2014-09-09,0404,Aqua,MODIS,66,6.2,308.6,73.5,D,0
-16.9417,135.3365,324,3.9,1.8,2014-09-09,0404,Aqua,MODIS,53,6.2,307.4,56.1,D,0
-16.9372,135.3316,325.5,3.9,1.8,2014-09-09,0404,Aqua,MODIS,57,6.2,307.2,66.8,D,0
-16.6548,136.8613,333.7,3,1.6,2014-09-09,0404,Aqua,MODIS,80,6.2,309.4,91.5,D,0
-16.7285,135.1516,324.6,4.1,1.9,2014-09-09,0404,Aqua,MODIS,55,6.2,304.5,63.4,D,0
-14.9323,144.9422,329.2,1,1,2014-09-09,0404,Aqua,MODIS,61,6.2,297.3,19.6,D,0
-15.5743,145.1475,322.5,1,1,2014-09-09,0404,Aqua,MODIS,54,6.2,298.5,11.7,D,0
-15.573,145.1568,321.8,1,1,2014-09-09,0404,Aqua,MODIS,49,6.2,297.6,10.6,D,0
-14.8878,145.1243,377.2,1,1,2014-09-09,0404,Aqua,MODIS,100,6.2,304.9,132.4,D,0
-17.9242,145.5618,317.7,1,1,2014-09-09,0404,Aqua,MODIS,49,6.2,296.4,12.2,D,0
-15.506,145.1787,338.9,1,1,2014-09-09,0404,Aqua,MODIS,87,6.2,302.8,29.6,D,0
-15.5194,141.8728,344.3,1.3,1.1,2014-09-09,0404,Aqua,MODIS,89,6.2,314.6,44.7,D,0
-17.4109,145.3577,333.2,1,1,2014-09-09,0404,Aqua,MODIS,81,6.2,306,25.1,D,0
-16.1862,136.5923,331.2,3.1,1.7,2014-09-09,0404,Aqua,MODIS,76,6.2,309.6,68.6,D,0
-14.8731,144.9709,331.7,1,1,2014-09-09,0404,Aqua,MODIS,81,6.2,302.4,22,D,0
-15.5087,145.1601,348,1,1,2014-09-09,0404,Aqua,MODIS,93,6.2,303.9,45.3,D,0
-16.1398,136.5939,327.2,3.1,1.7,2014-09-09,0404,Aqua,MODIS,63,6.2,310.6,43.2,D,0
-16.8025,145.3722,324.7,1,1,2014-09-09,0404,Aqua,MODIS,64,6.2,304.8,13,D,0
-16.1775,136.5327,325.9,3.1,1.7,2014-09-09,0404,Aqua,MODIS,53,6.2,307.5,34.9,D,0
-15.5074,145.1694,354.3,1,1,2014-09-09,0404,Aqua,MODIS,97,6.2,303.9,59,D,0
-14.9336,144.933,328.3,1,1,2014-09-09,0404,Aqua,MODIS,43,6.2,300.8,18.3,D,0
-15.3068,145.2207,319.3,1,1,2014-09-09,0404,Aqua,MODIS,51,6.2,299.9,8.7,D,0
-16.1369,136.6225,328,3.1,1.7,2014-09-09,0404,Aqua,MODIS,71,6.2,308.4,46.7,D,0
-15.5723,145.2895,333,1,1,2014-09-09,0404,Aqua,MODIS,82,6.2,300.3,23.7,D,0
-16.4983,144.8618,326.6,1,1,2014-09-09,0404,Aqua,MODIS,54,6.2,311.6,8.9,D,0
-15.5179,141.8844,337.8,1.3,1.1,2014-09-09,0404,Aqua,MODIS,82,6.2,310.8,29.9,D,0
-14.6511,144.5981,323.6,1,1,2014-09-09,0404,Aqua,MODIS,67,6.2,302.8,11.8,D,0
-14.7103,144.5693,329.9,1,1,2014-09-09,0404,Aqua,MODIS,71,6.2,303.9,19,D,0
-15.5709,145.2988,332.6,1,1,2014-09-09,0404,Aqua,MODIS,77,6.2,298.7,22.7,D,0
-14.6524,144.5888,328.4,1,1,2014-09-09,0404,Aqua,MODIS,75,6.2,303.2,16.8,D,0
-14.8891,145.1151,350.3,1,1,2014-09-09,0404,Aqua,MODIS,95,6.2,300.8,53.2,D,0
-15.497,145.1773,322,1,1,2014-09-09,0404,Aqua,MODIS,28,6.2,302.5,8.2,D,0
-15.4984,145.168,327.7,1,1,2014-09-09,0404,Aqua,MODIS,77,6.2,303.4,14,D,0
-16.185,136.5989,333.5,3.1,1.7,2014-09-09,0404,Aqua,MODIS,79,6.2,309.6,84,D,0
-15.8983,136.1818,331.1,3.3,1.7,2014-09-09,0404,Aqua,MODIS,66,6.2,305.6,81.6,D,0
-16.8012,145.3815,334.8,1,1,2014-09-09,0404,Aqua,MODIS,83,6.2,303.7,26.3,D,0
-14.8788,145.1229,323.6,1,1,2014-09-09,0404,Aqua,MODIS,49,6.2,299.8,13.3,D,0
-14.8718,144.9801,325.8,1,1,2014-09-09,0404,Aqua,MODIS,61,6.2,302.5,14,D,0
-15.895,136.2124,335.4,3.3,1.7,2014-09-09,0404,Aqua,MODIS,77,6.2,310,110.4,D,0
-15.531,141.8625,330.6,1.3,1.1,2014-09-09,0404,Aqua,MODIS,52,6.2,315.4,14.4,D,0
-15.2848,145.2457,316.2,1,1,2014-09-09,0404,Aqua,MODIS,43,6.2,299.5,6.3,D,0
-15.2862,145.2364,319.6,1,1,2014-09-09,0404,Aqua,MODIS,59,6.2,300.3,9.4,D,0
-16.1379,136.6159,332.7,3.1,1.7,2014-09-09,0404,Aqua,MODIS,78,6.2,308.7,79.8,D,0
-15.3082,145.2114,324.5,1,1,2014-09-09,0404,Aqua,MODIS,72,6.2,298.9,14.9,D,0
-15.6282,145.1559,320.4,1,1,2014-09-09,0404,Aqua,MODIS,28,6.2,293.6,9.2,D,0
-15.6192,145.1545,338.5,1,1,2014-09-09,0404,Aqua,MODIS,73,6.2,295.4,30.4,D,0
-15.6026,145.1425,332.1,1,1,2014-09-09,0404,Aqua,MODIS,79,6.2,300.3,21.9,D,0
-15.5419,144.9284,318.2,1,1,2014-09-09,0404,Aqua,MODIS,40,6.2,300.3,6.4,D,0
-15.5382,144.89,331.9,1,1,2014-09-09,0404,Aqua,MODIS,81,6.2,301,22.4,D,0
-15.6206,145.1452,351.3,1,1,2014-09-09,0404,Aqua,MODIS,95,6.2,297.3,54.8,D,0
-15.4882,144.9136,320.4,1,1,2014-09-09,0404,Aqua,MODIS,52,6.2,299.3,10.5,D,0
-15.5406,144.9377,319,1,1,2014-09-09,0404,Aqua,MODIS,44,6.2,300.5,6.9,D,0
-15.6265,145.2316,321.4,1,1,2014-09-09,0404,Aqua,MODIS,38,6.2,302,11.4,D,0
-15.5369,144.8992,322.1,1,1,2014-09-09,0404,Aqua,MODIS,61,6.2,302.3,10.2,D,0
-12.0307,136.4636,321.5,2.8,1.6,2014-09-09,0405,Aqua,MODIS,47,6.2,305.1,30.9,D,0
-15.4265,135.2875,330.9,3.8,1.8,2014-09-09,0405,Aqua,MODIS,69,6.2,306.9,102.5,D,0
-13.6738,135.2678,352.7,3.6,1.8,2014-09-09,0405,Aqua,MODIS,96,6.2,310.4,331.7,D,0
-13.6559,135.0552,324.9,3.8,1.8,2014-09-09,0405,Aqua,MODIS,68,6.2,309.5,61.9,D,0
-13.9697,136.5973,320.5,2.9,1.6,2014-09-09,0405,Aqua,MODIS,48,6.2,305.5,42.9,D,0
-13.6624,135.2959,347.8,3.6,1.8,2014-09-09,0405,Aqua,MODIS,94,6.2,309.7,279.9,D,0
-13.9682,136.5897,319.8,2.9,1.6,2014-09-09,0405,Aqua,MODIS,47,6.2,305.9,40.9,D,0
-13.6784,135.2976,333.7,3.6,1.8,2014-09-09,0405,Aqua,MODIS,86,6.2,311.6,118.7,D,0
-13.6703,135.3011,347.6,3.6,1.8,2014-09-09,0405,Aqua,MODIS,94,6.2,311.7,265.1,D,0
-11.9384,142.641,333.1,1.1,1,2014-09-09,0405,Aqua,MODIS,70,6.2,308,19.3,D,0
-13.438,141.6764,343.6,1.2,1.1,2014-09-09,0405,Aqua,MODIS,68,6.2,306.5,47.2,D,0
-13.7455,135.2073,326.8,3.7,1.8,2014-09-09,0405,Aqua,MODIS,80,6.2,313.3,59.4,D,0
-13.7492,135.1735,356,3.7,1.8,2014-09-09,0405,Aqua,MODIS,98,6.2,312.9,405.6,D,0
-15.4303,135.2522,328.8,3.8,1.8,2014-09-09,0405,Aqua,MODIS,61,6.2,306.1,92.9,D,0
-15.4369,135.2601,331.8,3.8,1.8,2014-09-09,0405,Aqua,MODIS,83,6.2,305.4,125,D,0
-13.6522,135.0895,327.5,3.7,1.8,2014-09-09,0405,Aqua,MODIS,75,6.2,311.5,83.5,D,0
-13.7529,135.1394,334,3.7,1.8,2014-09-09,0405,Aqua,MODIS,86,6.2,308.9,132.8,D,0
-12.034,136.4713,319.9,2.8,1.6,2014-09-09,0405,Aqua,MODIS,37,6.2,304.1,25.4,D,0
-12.157,136.4391,324.3,2.8,1.6,2014-09-09,0405,Aqua,MODIS,47,6.2,306.8,32.3,D,0
-14.7618,141.9058,328.8,1.2,1.1,2014-09-09,0405,Aqua,MODIS,58,6.2,310.6,11.9,D,0
-13.6821,135.2644,331.5,3.6,1.8,2014-09-09,0405,Aqua,MODIS,84,6.2,311,95.9,D,0
-13.666,135.2627,342.2,3.6,1.8,2014-09-09,0405,Aqua,MODIS,91,6.2,308.6,206.1,D,0
-15.498,134.8612,333.8,4.1,1.9,2014-09-09,0405,Aqua,MODIS,86,6.2,303,160.5,D,0
-12.6479,142.4794,345.7,1.1,1,2014-09-09,0405,Aqua,MODIS,92,6.2,310.6,46.6,D,0
-11.8719,142.3244,332.6,1.1,1,2014-09-09,0405,Aqua,MODIS,80,6.2,309.6,18.1,D,0
-12.6385,142.4781,346.3,1.1,1,2014-09-09,0405,Aqua,MODIS,92,6.2,310.2,48,D,0
-14.8331,141.911,332.4,1.2,1.1,2014-09-09,0405,Aqua,MODIS,70,6.2,311.2,19.8,D,0
-12.2287,142.4709,331,1.1,1,2014-09-09,0405,Aqua,MODIS,65,6.2,293,21.5,D,0
-13.1472,141.6398,320.2,1.2,1.1,2014-09-09,0405,Aqua,MODIS,0,6.2,303,9.9,D,0
-12.6492,142.4694,339.6,1.1,1,2014-09-09,0405,Aqua,MODIS,87,6.2,308.9,34,D,0
-12.6534,134.3219,322.5,4.1,1.9,2014-09-09,0405,Aqua,MODIS,65,6.2,308.5,59.7,D,0
-14.8415,141.9237,326.4,1.2,1.1,2014-09-09,0405,Aqua,MODIS,45,6.2,307.1,12.7,D,0
-14.5027,141.7123,325.7,1.2,1.1,2014-09-09,0405,Aqua,MODIS,69,6.2,304,15.1,D,0
-11.8534,142.2503,333.5,1.1,1,2014-09-09,0405,Aqua,MODIS,81,6.2,304.1,24.2,D,0
-14.5042,141.7008,332.2,1.3,1.1,2014-09-09,0405,Aqua,MODIS,79,6.2,305.3,26.4,D,0
-11.8211,142.2764,341.6,1.1,1,2014-09-09,0405,Aqua,MODIS,88,6.2,307.2,38.7,D,0
-15.4944,134.8995,325.3,4.1,1.9,2014-09-09,0405,Aqua,MODIS,71,6.2,304.9,78,D,0
-14.843,141.9124,338,1.2,1.1,2014-09-09,0405,Aqua,MODIS,83,6.2,309.9,33.1,D,0
-11.8426,142.259,330.2,1.1,1,2014-09-09,0405,Aqua,MODIS,47,6.2,307.8,18,D,0
-12.6057,142.1882,342.1,1.1,1.1,2014-09-09,0405,Aqua,MODIS,89,6.2,304.3,38.6,D,0
-15.4312,135.7145,322.4,3.5,1.8,2014-09-09,0405,Aqua,MODIS,50,6.2,304.4,41.1,D,0
-11.8198,142.2865,326.7,1.1,1,2014-09-09,0405,Aqua,MODIS,23,6.2,309.5,13.3,D,0
-12.6398,142.468,347,1.1,1,2014-09-09,0405,Aqua,MODIS,93,6.2,308,49.5,D,0
-12.246,142.4835,344.8,1.1,1,2014-09-09,0405,Aqua,MODIS,57,6.2,309.1,44.8,D,0
-15.3624,135.6691,328.7,3.6,1.8,2014-09-09,0405,Aqua,MODIS,82,6.2,305.4,96.8,D,0
-15.3692,135.663,324.8,3.6,1.8,2014-09-09,0405,Aqua,MODIS,78,6.2,305.1,67.4,D,0
-12.5153,135.8177,325.4,3.2,1.7,2014-09-09,0405,Aqua,MODIS,69,6.2,304.1,57.5,D,0
-11.8291,142.2878,349.3,1.1,1,2014-09-09,0405,Aqua,MODIS,94,6.2,310.9,51.7,D,0
-11.86,142.2718,347.5,1.1,1,2014-09-09,0405,Aqua,MODIS,93,6.2,309.8,46.3,D,0
-11.8733,142.3144,331.2,1.1,1,2014-09-09,0405,Aqua,MODIS,76,6.2,312,15.5,D,0
-14.5088,141.666,321.7,1.3,1.1,2014-09-09,0405,Aqua,MODIS,38,6.2,303.8,8.4,D,0
-12.6473,142.0245,370,1.1,1.1,2014-09-09,0405,Aqua,MODIS,100,6.2,312.1,122.7,D,0
-11.8412,142.2691,332.7,1.1,1,2014-09-09,0405,Aqua,MODIS,43,6.2,312,18.7,D,0
-11.8761,142.2945,348.3,1.1,1,2014-09-09,0405,Aqua,MODIS,93,6.2,310.9,48,D,0
-11.8694,142.2732,339.8,1.1,1,2014-09-09,0405,Aqua,MODIS,87,6.2,308.5,31.8,D,0
-11.8358,142.3092,335.8,1.1,1,2014-09-09,0405,Aqua,MODIS,79,6.2,311.2,23.3,D,0
-15.4949,134.8571,347,4.1,1.9,2014-09-09,0405,Aqua,MODIS,94,6.2,303.7,328.2,D,0
-14.8857,141.8951,340.8,1.2,1.1,2014-09-09,0405,Aqua,MODIS,86,6.2,308.4,41.6,D,0
-12.6377,142.0231,357.8,1.1,1.1,2014-09-09,0405,Aqua,MODIS,98,6.2,312.9,79.2,D,0
-12.5181,135.8134,323,3.2,1.7,2014-09-09,0405,Aqua,MODIS,66,6.2,303.8,47.5,D,0
-12.215,142.5698,328.6,1.1,1,2014-09-09,0405,Aqua,MODIS,32,6.2,309.3,12.9,D,0
-11.8305,142.2778,373.4,1.1,1,2014-09-09,0405,Aqua,MODIS,100,6.2,314,129.7,D,0
-12.6487,142.0139,427.4,1.1,1.1,2014-09-09,0405,Aqua,MODIS,100,6.2,316.8,544.7,D,0
-15.4739,134.8478,322.9,4.1,1.9,2014-09-09,0405,Aqua,MODIS,32,6.2,305,50.1,D,0
-12.6363,142.0336,335,1.1,1.1,2014-09-09,0405,Aqua,MODIS,83,6.2,313,24.3,D,0
-12.2136,142.5796,332.1,1.1,1,2014-09-09,0405,Aqua,MODIS,72,6.2,308.3,19,D,0
-11.8708,142.2631,331.3,1.1,1,2014-09-09,0405,Aqua,MODIS,77,6.2,307.6,18.6,D,0
-12.4891,134.1753,323.9,4.2,1.9,2014-09-09,0405,Aqua,MODIS,67,6.2,309,68.8,D,0
-12.6043,142.1984,347,1.1,1.1,2014-09-09,0405,Aqua,MODIS,92,6.2,311.1,48.6,D,0
-11.8774,142.2845,330.3,1.1,1,2014-09-09,0405,Aqua,MODIS,65,6.2,308.9,15.5,D,0
-14.8316,141.9223,348.1,1.2,1.1,2014-09-09,0405,Aqua,MODIS,92,6.2,310.4,55.8,D,0
-15.491,134.8951,336.3,4.1,1.9,2014-09-09,0405,Aqua,MODIS,87,6.2,305.3,182.4,D,0
-12.6459,142.035,336.4,1.1,1.1,2014-09-09,0405,Aqua,MODIS,77,6.2,314.8,27.3,D,0
-11.852,142.2604,335.9,1.1,1,2014-09-09,0405,Aqua,MODIS,75,6.2,307.7,26.3,D,0
-12.23,142.461,390,1.1,1,2014-09-09,0405,Aqua,MODIS,100,6.2,304.8,213.9,D,0
-12.2314,142.451,351.5,1.1,1,2014-09-09,0405,Aqua,MODIS,95,6.2,297,62.8,D,0
-12.6465,142.4895,329.4,1.1,1,2014-09-09,0405,Aqua,MODIS,78,6.2,309.1,17.4,D,0
-15.4779,134.8556,335.7,4.1,1.9,2014-09-09,0405,Aqua,MODIS,87,6.2,305.9,174.9,D,0
-12.2473,142.4736,363.4,1.1,1,2014-09-09,0405,Aqua,MODIS,100,6.2,308.6,92.9,D,0
-11.8747,142.3045,348.1,1.1,1,2014-09-09,0405,Aqua,MODIS,93,6.2,312.1,47.7,D,0
-14.356,142.0523,367.5,1.2,1.1,2014-09-09,0405,Aqua,MODIS,100,6.2,308.9,121.7,D,0
-12.2274,133.4185,331.6,4.8,2,2014-09-09,0405,Aqua,MODIS,84,6.2,308.2,152.2,D,0
-13.3612,134.5999,329.7,4,1.9,2014-09-09,0405,Aqua,MODIS,76,6.2,310,113.5,D,0
-13.369,134.5673,325.1,4.1,1.9,2014-09-09,0405,Aqua,MODIS,40,6.2,309.1,70.2,D,0
-13.3653,134.5627,323.5,4.1,1.9,2014-09-09,0405,Aqua,MODIS,65,6.2,308.7,65.6,D,0
-12.8032,141.8639,357.6,1.2,1.1,2014-09-09,0405,Aqua,MODIS,98,6.2,307.4,84.4,D,0
-12.8046,141.8531,362.3,1.2,1.1,2014-09-09,0405,Aqua,MODIS,100,6.2,313.3,100.4,D,0
-12.7949,141.8517,335.2,1.2,1.1,2014-09-09,0405,Aqua,MODIS,83,6.2,305.8,29.9,D,0
-14.3393,142.0275,325.5,1.2,1.1,2014-09-09,0405,Aqua,MODIS,63,6.2,298.7,15.9,D,0
-14.3407,142.0165,352.9,1.2,1.1,2014-09-09,0405,Aqua,MODIS,96,6.2,307,75.1,D,0
-14.3649,143.3528,328.2,1.1,1,2014-09-09,0405,Aqua,MODIS,72,6.2,307.3,14.6,D,0
-14.45,142.0384,335.1,1.2,1.1,2014-09-09,0405,Aqua,MODIS,82,6.2,305.2,30.5,D,0
-13.2698,134.116,324.4,4.4,1.9,2014-09-09,0405,Aqua,MODIS,62,6.2,309,70.2,D,0
-13.2689,134.111,324.5,4.4,1.9,2014-09-09,0405,Aqua,MODIS,67,6.2,309,71.6,D,0
-14.3505,142.0179,332,1.2,1.1,2014-09-09,0405,Aqua,MODIS,79,6.2,308.7,25.9,D,0
-12.2921,134.4834,319.6,4,1.9,2014-09-09,0405,Aqua,MODIS,53,6.2,303.1,42.9,D,0
-13.6756,141.9525,326,1.2,1.1,2014-09-09,0405,Aqua,MODIS,25,6.2,308.7,13,D,0
-12.2754,134.4814,326.6,4,1.9,2014-09-09,0405,Aqua,MODIS,76,6.2,304,94.1,D,0
-13.1927,134.2952,325.8,4.2,1.9,2014-09-09,0405,Aqua,MODIS,66,6.2,307.8,79.3,D,0
-13.1959,134.3026,323.5,4.2,1.9,2014-09-09,0405,Aqua,MODIS,66,6.2,307.8,68.5,D,0
-13.6673,141.9403,332.8,1.2,1.1,2014-09-09,0405,Aqua,MODIS,59,6.2,309.7,21.7,D,0
-13.2,134.2642,325.9,4.3,1.9,2014-09-09,0405,Aqua,MODIS,71,6.2,309.3,87.8,D,0
-14.778,142.0113,345.3,1.2,1.1,2014-09-09,0405,Aqua,MODIS,90,6.2,313,46.8,D,0
-13.1201,135.2979,325.3,3.5,1.8,2014-09-09,0405,Aqua,MODIS,54,6.2,312,53.9,D,0
-13.1127,135.3023,324.3,3.5,1.8,2014-09-09,0405,Aqua,MODIS,31,6.2,311,37.6,D,0
-12.8083,135.0752,325.4,3.6,1.8,2014-09-09,0405,Aqua,MODIS,65,6.2,311.4,63.4,D,0
-13.4037,135.4192,325.3,3.5,1.8,2014-09-09,0405,Aqua,MODIS,78,6.2,309.2,63.5,D,0
-12.3338,133.7838,321.6,4.5,2,2014-09-09,0405,Aqua,MODIS,73,6.2,306.3,69.2,D,0
-14.3545,142.0632,352.1,1.2,1.1,2014-09-09,0405,Aqua,MODIS,95,6.2,304,69.1,D,0
-12.9846,134.2697,330.6,4.2,1.9,2014-09-09,0405,Aqua,MODIS,72,6.2,306,136.7,D,0
-12.9815,134.2616,334.1,4.2,1.9,2014-09-09,0405,Aqua,MODIS,82,6.2,305.9,178.8,D,0
-13.0018,134.2715,326.9,4.2,1.9,2014-09-09,0405,Aqua,MODIS,55,6.2,307.6,99.9,D,0
-12.3745,141.7836,324.9,1.2,1.1,2014-09-09,0405,Aqua,MODIS,51,6.2,309.2,11,D,0
-14.7765,142.0225,332,1.2,1.1,2014-09-09,0405,Aqua,MODIS,54,6.2,313.8,16.8,D,0
-14.3657,142.0536,354.3,1.2,1.1,2014-09-09,0405,Aqua,MODIS,97,6.2,312.3,73,D,0
-14.8435,142.0614,339,1.2,1.1,2014-09-09,0405,Aqua,MODIS,79,6.2,311.1,29.8,D,0
-12.4176,134.1587,323.5,4.2,1.9,2014-09-09,0405,Aqua,MODIS,60,6.2,308,65.5,D,0
-14.3643,142.0647,347.9,1.2,1.1,2014-09-09,0405,Aqua,MODIS,93,6.2,310,55.6,D,0
-14.7878,142.0127,327.7,1.2,1.1,2014-09-09,0405,Aqua,MODIS,53,6.2,310.3,10.9,D,0
-14.3809,142.0894,345.1,1.2,1.1,2014-09-09,0405,Aqua,MODIS,91,6.2,306.9,48.1,D,0
-13.4061,135.4449,321.5,3.5,1.8,2014-09-09,0405,Aqua,MODIS,41,6.2,309.3,38.2,D,0
-14.3726,142.077,342.3,1.2,1.1,2014-09-09,0405,Aqua,MODIS,89,6.2,308.9,40.9,D,0
-12.9987,134.2635,327.9,4.2,1.9,2014-09-09,0405,Aqua,MODIS,61,6.2,307.7,108.4,D,0
-13.414,135.3234,323.7,3.6,1.8,2014-09-09,0405,Aqua,MODIS,71,6.2,311,51.1,D,0
-14.845,142.0503,329.9,1.2,1.1,2014-09-09,0405,Aqua,MODIS,61,6.2,313.7,12.4,D,0
-12.4208,134.1665,328.1,4.2,1.9,2014-09-09,0405,Aqua,MODIS,75,6.2,308.5,104.2,D,0
-14.3711,142.088,334,1.2,1.1,2014-09-09,0405,Aqua,MODIS,81,6.2,307.8,24.4,D,0
-12.5821,141.8247,324,1.2,1.1,2014-09-09,0405,Aqua,MODIS,0,6.2,307.8,10,D,0
-12.7864,135.3339,328,3.5,1.8,2014-09-09,0405,Aqua,MODIS,66,6.2,311.5,64.3,D,0
-14.2958,143.396,322,1,1,2014-09-09,0405,Aqua,MODIS,50,6.2,306,8.5,D,0
-13.3652,134.6045,327.5,4,1.9,2014-09-09,0405,Aqua,MODIS,32,6.2,310.2,83.4,D,0
-12.2367,134.1657,320,4.2,1.9,2014-09-09,0405,Aqua,MODIS,34,6.2,302.5,42.1,D,0
-12.24,134.1739,320.9,4.2,1.9,2014-09-09,0405,Aqua,MODIS,37,6.2,303.1,43.2,D,0
-12.3637,141.7163,322.1,1.2,1.1,2014-09-09,0405,Aqua,MODIS,42,6.2,306.4,11.4,D,0
-12.3734,141.7177,327.4,1.2,1.1,2014-09-09,0405,Aqua,MODIS,60,6.2,306.4,18.1,D,0
-12.9687,134.2206,332.3,4.3,1.9,2014-09-09,0405,Aqua,MODIS,73,6.2,303.8,160.3,D,0
-13.3867,134.677,325.5,4,1.9,2014-09-09,0405,Aqua,MODIS,53,6.2,310.9,63.3,D,0
-12.9716,134.2288,338.6,4.3,1.9,2014-09-09,0405,Aqua,MODIS,84,6.2,304.6,229.5,D,0
-13.6995,141.9225,328,1.2,1.1,2014-09-09,0405,Aqua,MODIS,12,6.2,307.5,14.2,D,0
-12.2296,133.4151,326.2,4.8,2,2014-09-09,0405,Aqua,MODIS,79,6.2,308.1,90,D,0
-13.4763,135.1982,325.1,3.6,1.8,2014-09-09,0405,Aqua,MODIS,70,6.2,308,69,D,0
-12.2659,134.509,329.5,3.9,1.8,2014-09-09,0405,Aqua,MODIS,82,6.2,305.5,123.7,D,0
-12.2714,134.5175,343.6,3.9,1.8,2014-09-09,0405,Aqua,MODIS,92,6.2,306.3,278.1,D,0
-12.288,134.5197,325.5,3.9,1.8,2014-09-09,0405,Aqua,MODIS,79,6.2,306.3,91,D,0
-12.7827,135.3656,332.9,3.4,1.7,2014-09-09,0405,Aqua,MODIS,81,6.2,311.5,102,D,0
-12.7685,135.0666,322.6,3.6,1.8,2014-09-09,0405,Aqua,MODIS,37,6.2,311.1,38.5,D,0
-12.8168,135.072,322.9,3.6,1.8,2014-09-09,0405,Aqua,MODIS,49,6.2,310.9,47.2,D,0
-13.4175,135.2908,325.7,3.6,1.8,2014-09-09,0405,Aqua,MODIS,74,6.2,309.6,63.2,D,0
-12.8338,135.8148,329.8,3.2,1.7,2014-09-09,0405,Aqua,MODIS,76,6.2,309.1,87.5,D,0
-12.7985,135.3675,334.8,3.4,1.7,2014-09-09,0405,Aqua,MODIS,83,6.2,311.8,113.8,D,0
-12.7886,135.4028,333.6,3.4,1.7,2014-09-09,0405,Aqua,MODIS,81,6.2,311.7,107.4,D,0
-12.7947,135.3992,337.6,3.4,1.7,2014-09-09,0405,Aqua,MODIS,85,6.2,312,135.7,D,0
-12.8362,135.8078,330,3.2,1.7,2014-09-09,0405,Aqua,MODIS,75,6.2,308.4,86.2,D,0
-12.7956,135.3392,329.2,3.5,1.8,2014-09-09,0405,Aqua,MODIS,76,6.2,311.5,80,D,0
-13.3121,134.7424,325.8,3.9,1.8,2014-09-09,0405,Aqua,MODIS,62,6.2,313.1,64.7,D,0
-12.7921,135.3711,348.9,3.4,1.7,2014-09-09,0405,Aqua,MODIS,94,6.2,311.9,273.4,D,0
-12.1315,133.485,322.4,4.7,2,2014-09-09,0406,Aqua,MODIS,41,6.2,308.3,51.4,D,0
-10.9228,142.4084,315.4,1.1,1,2014-09-09,0406,Aqua,MODIS,64,6.2,301.3,4.4,D,0
-12.1357,133.9529,327.4,4.3,1.9,2014-09-09,0406,Aqua,MODIS,80,6.2,304.4,109,D,0
-12.1314,133.9926,334.1,4.3,1.9,2014-09-09,0406,Aqua,MODIS,86,6.2,305.6,185.9,D,0
-10.9415,142.3416,327,1.1,1,2014-09-09,0406,Aqua,MODIS,80,6.2,304.3,17.8,D,0
-10.9215,142.4182,318.8,1.1,1,2014-09-09,0406,Aqua,MODIS,70,6.2,304.7,7.5,D,0
-12.1306,133.4927,324.3,4.7,2,2014-09-09,0406,Aqua,MODIS,61,6.2,307.9,70.5,D,0
-10.9401,142.3514,335,1.1,1,2014-09-09,0406,Aqua,MODIS,87,6.2,305.6,29.3,D,0
-12.129,133.9848,340.3,4.3,1.9,2014-09-09,0406,Aqua,MODIS,90,6.2,305.6,264.3,D,0
-12.2131,133.4052,325.9,4.8,2,2014-09-09,0406,Aqua,MODIS,61,6.2,307.8,76.8,D,0
-12.1335,133.9451,322.5,4.3,1.9,2014-09-09,0406,Aqua,MODIS,75,6.2,304.2,64.2,D,0
-10.1981,142.2655,352.6,1.1,1,2014-09-09,0406,Aqua,MODIS,96,6.2,306.5,61.3,D,0
-10.1967,142.2752,333.8,1.1,1,2014-09-09,0406,Aqua,MODIS,71,6.2,303.1,23.7,D,0
-24.4369,129.2257,357.7,2.1,1.4,2014-09-09,0540,Aqua,MODIS,98,6.2,315.2,200,D,0
-24.4329,129.2464,349.6,2.1,1.4,2014-09-09,0540,Aqua,MODIS,94,6.2,312.2,143.4,D,0
-24.917,128.6458,344.9,1.9,1.3,2014-09-09,0540,Aqua,MODIS,90,6.2,310.2,94.3,D,0
-24.9204,128.6274,355.8,1.9,1.3,2014-09-09,0540,Aqua,MODIS,97,6.2,313.7,150,D,0
-24.9239,128.609,346.2,1.9,1.3,2014-09-09,0540,Aqua,MODIS,91,6.2,315.7,96.1,D,0
-24.7564,126.4452,341.3,1.4,1.2,2014-09-09,0540,Aqua,MODIS,86,6.2,318.1,42.4,D,0
-24.7541,126.4587,380.2,1.4,1.2,2014-09-09,0540,Aqua,MODIS,100,6.2,321.4,215.3,D,0
-22.5255,122.6132,333.7,1,1,2014-09-09,0541,Aqua,MODIS,47,6.2,314.5,14.1,D,0
-22.5179,122.6018,333,1,1,2014-09-09,0541,Aqua,MODIS,49,6.2,314.7,13.7,D,0
-22.5269,122.6034,350.5,1,1,2014-09-09,0541,Aqua,MODIS,93,6.2,317.7,44.3,D,0
-24.4802,119.826,345.9,1.1,1.1,2014-09-09,0541,Aqua,MODIS,90,6.2,313.6,45.3,D,0
-24.498,119.8402,329.2,1.1,1.1,2014-09-09,0541,Aqua,MODIS,30,6.2,313.8,10.9,D,0
-24.4883,119.8387,327.8,1.1,1.1,2014-09-09,0541,Aqua,MODIS,56,6.2,315.6,10.7,D,0
-24.4898,119.8274,331.5,1.1,1.1,2014-09-09,0541,Aqua,MODIS,72,6.2,313.6,17.1,D,0
-24.4787,119.8373,342.9,1.1,1.1,2014-09-09,0541,Aqua,MODIS,88,6.2,314.5,37.8,D,0
-24.38,119.9642,326.1,1.1,1.1,2014-09-09,0541,Aqua,MODIS,38,6.2,310.5,12.2,D,0
-21.092,127.6181,333.5,1.9,1.4,2014-09-09,0541,Aqua,MODIS,44,6.2,316.2,31,D,0
-24.3939,119.9322,324.2,1.1,1.1,2014-09-09,0541,Aqua,MODIS,36,6.2,312.3,10.6,D,0
-21.0708,127.6465,329.7,1.9,1.4,2014-09-09,0541,Aqua,MODIS,38,6.2,314.4,21,D,0
-21.0766,127.6338,332.6,1.9,1.4,2014-09-09,0541,Aqua,MODIS,25,6.2,316.3,28.5,D,0
-24.3896,119.9656,328.4,1.1,1.1,2014-09-09,0541,Aqua,MODIS,57,6.2,312.8,15.8,D,0
-24.3954,119.921,323.2,1.1,1.1,2014-09-09,0541,Aqua,MODIS,16,6.2,311.5,8.9,D,0
-24.3786,119.9753,334.5,1.1,1.1,2014-09-09,0541,Aqua,MODIS,78,6.2,311.3,24.9,D,0
-18.2278,130.055,330.1,3.3,1.7,2014-09-09,0542,Aqua,MODIS,38,6.2,312.5,64.8,D,0
-18.2066,130.0825,333.9,3.3,1.7,2014-09-09,0542,Aqua,MODIS,54,6.2,309,101.5,D,0
-17.9611,127.9374,332.6,2.3,1.5,2014-09-09,0542,Aqua,MODIS,74,6.2,313.5,52.4,D,0
-17.0675,128.2229,332.5,2.6,1.5,2014-09-09,0542,Aqua,MODIS,75,6.2,313.4,60.3,D,0
-19.2475,130.8721,342.3,3.6,1.8,2014-09-09,0542,Aqua,MODIS,87,6.2,310,204.4,D,0
-18.3257,130.0886,329.7,3.3,1.7,2014-09-09,0542,Aqua,MODIS,67,6.2,311.7,63.4,D,0
-18.3235,130.1128,328.2,3.3,1.7,2014-09-09,0542,Aqua,MODIS,40,6.2,310.6,60.3,D,0
-18.3294,130.0817,327,3.3,1.7,2014-09-09,0542,Aqua,MODIS,52,6.2,312.6,41.3,D,0
-18.2775,130.1028,331.8,3.3,1.7,2014-09-09,0542,Aqua,MODIS,58,6.2,309.8,87.9,D,0
-18.8246,128.5363,328.6,2.5,1.5,2014-09-09,0542,Aqua,MODIS,57,6.2,315.1,33.2,D,0
-18.811,128.5335,337.2,2.5,1.5,2014-09-09,0542,Aqua,MODIS,80,6.2,314.1,79.6,D,0
-18.8131,128.5505,335,2.5,1.5,2014-09-09,0542,Aqua,MODIS,77,6.2,312.6,68.4,D,0
-18.8174,128.5272,332.3,2.5,1.5,2014-09-09,0542,Aqua,MODIS,72,6.2,315.1,52.8,D,0
-18.1451,130.0695,329.7,3.3,1.7,2014-09-09,0542,Aqua,MODIS,54,6.2,309.7,78.9,D,0
-18.3869,130.1022,338.8,3.3,1.7,2014-09-09,0542,Aqua,MODIS,83,6.2,311.7,142.7,D,0
-18.1543,130.1041,342.4,3.4,1.7,2014-09-09,0542,Aqua,MODIS,87,6.2,308.2,195.6,D,0
-18.1389,130.1009,330.5,3.4,1.7,2014-09-09,0542,Aqua,MODIS,59,6.2,306.7,92.4,D,0
-18.1524,130.1293,335.2,3.4,1.7,2014-09-09,0542,Aqua,MODIS,71,6.2,304.9,133.6,D,0
-18.1584,130.0977,332.5,3.4,1.7,2014-09-09,0542,Aqua,MODIS,53,6.2,308.7,102.3,D,0
-18.143,130.0944,336.7,3.4,1.7,2014-09-09,0542,Aqua,MODIS,81,6.2,307.5,145.5,D,0
-18.4022,130.1058,326.3,3.3,1.7,2014-09-09,0542,Aqua,MODIS,37,6.2,310.4,47.6,D,0
-18.4027,130.0785,328.6,3.3,1.7,2014-09-09,0542,Aqua,MODIS,48,6.2,313.1,52.6,D,0
-18.2125,130.0516,335.2,3.3,1.7,2014-09-09,0542,Aqua,MODIS,74,6.2,312.1,102.1,D,0
-18.3966,130.1093,334.9,3.3,1.7,2014-09-09,0542,Aqua,MODIS,76,6.2,310.7,109.6,D,0
-18.256,130.131,340.2,3.4,1.7,2014-09-09,0542,Aqua,MODIS,81,6.2,307.2,169.2,D,0
-18.2621,130.0995,331.9,3.3,1.7,2014-09-09,0542,Aqua,MODIS,44,6.2,308.5,87.3,D,0
-18.2314,130.0931,338.5,3.3,1.7,2014-09-09,0542,Aqua,MODIS,70,6.2,308.7,146.5,D,0
-18.2222,130.0586,341.7,3.3,1.7,2014-09-09,0542,Aqua,MODIS,84,6.2,312.5,167.2,D,0
-18.2069,130.0553,330.4,3.3,1.7,2014-09-09,0542,Aqua,MODIS,50,6.2,311.7,71.1,D,0
-18.2219,130.086,339.4,3.3,1.7,2014-09-09,0542,Aqua,MODIS,78,6.2,308.5,153.7,D,0
-17.7818,122.7512,340.3,1.1,1,2014-09-09,0542,Aqua,MODIS,81,6.2,315,24.5,D,0
-17.774,122.7393,335,1.1,1,2014-09-09,0542,Aqua,MODIS,71,6.2,315.1,15.4,D,0
-17.7631,122.748,348.6,1.1,1,2014-09-09,0542,Aqua,MODIS,91,6.2,316.2,40.8,D,0
-17.7535,122.8098,335.4,1.1,1,2014-09-09,0542,Aqua,MODIS,65,6.2,317,17.3,D,0
-17.6823,122.9835,337.5,1.1,1.1,2014-09-09,0542,Aqua,MODIS,76,6.2,317.9,22.1,D,0
-18.7979,128.678,355.9,2.5,1.5,2014-09-09,0542,Aqua,MODIS,97,6.2,309.6,238.1,D,0
-17.9369,122.5848,333.3,1.1,1,2014-09-09,0542,Aqua,MODIS,68,6.2,319.6,15.1,D,0
-18.796,128.6453,340.5,2.5,1.5,2014-09-09,0542,Aqua,MODIS,84,6.2,314.7,113.6,D,0
-17.7599,122.7685,355,1.1,1,2014-09-09,0542,Aqua,MODIS,96,6.2,310.9,61.9,D,0
-18.8024,128.6543,365.2,2.5,1.5,2014-09-09,0542,Aqua,MODIS,100,6.2,315,331.9,D,0
-17.7708,122.7599,368.6,1.1,1,2014-09-09,0542,Aqua,MODIS,100,6.2,316.4,103.2,D,0
-17.7615,122.7583,385.2,1.1,1,2014-09-09,0542,Aqua,MODIS,100,6.2,318.9,176.5,D,0
-18.7916,128.6691,365.5,2.5,1.5,2014-09-09,0542,Aqua,MODIS,100,6.2,311.7,344.8,D,0
-17.7693,122.7701,332.3,1.1,1,2014-09-09,0542,Aqua,MODIS,55,6.2,311.8,14.1,D,0
-17.9341,122.8956,342.3,1.1,1,2014-09-09,0542,Aqua,MODIS,85,6.2,318.9,33.7,D,0
-17.9325,122.906,348.2,1.1,1,2014-09-09,0542,Aqua,MODIS,91,6.2,317.3,46.8,D,0
-17.9385,122.5747,348.1,1.1,1,2014-09-09,0542,Aqua,MODIS,90,6.2,319.4,44.1,D,0
-17.7785,122.8353,335.6,1.1,1,2014-09-09,0542,Aqua,MODIS,72,6.2,318.7,12.6,D,0
-17.7802,122.7615,337.3,1.1,1,2014-09-09,0542,Aqua,MODIS,70,6.2,314.3,19.3,D,0
-17.6806,122.994,333.7,1.1,1.1,2014-09-09,0542,Aqua,MODIS,66,6.2,315.1,16.6,D,0
-17.7724,122.7496,338.2,1.1,1,2014-09-09,0542,Aqua,MODIS,77,6.2,315.5,21.1,D,0
-20.9945,118.6137,391.5,1.2,1.1,2014-09-09,0542,Aqua,MODIS,100,6.2,320.3,244.6,D,0
-20.9959,118.6021,406.3,1.2,1.1,2014-09-09,0542,Aqua,MODIS,100,6.2,322.7,361.1,D,0
-20.9974,118.5905,346.1,1.2,1.1,2014-09-09,0542,Aqua,MODIS,90,6.2,314.2,46.5,D,0
-20.9931,118.6199,339.9,1.2,1.1,2014-09-09,0542,Aqua,MODIS,27,6.2,315.5,27.7,D,0
-20.9946,118.6083,401,1.2,1.1,2014-09-09,0542,Aqua,MODIS,100,6.2,324.2,310.6,D,0
-20.9961,118.5967,374.3,1.2,1.1,2014-09-09,0542,Aqua,MODIS,100,6.2,318.9,144.8,D,0
-20.9832,118.6185,343.3,1.2,1.1,2014-09-09,0542,Aqua,MODIS,52,6.2,316.2,34.3,D,0
-20.9862,118.5953,381.3,1.2,1.1,2014-09-09,0542,Aqua,MODIS,100,6.2,321,176.5,D,0
-20.9877,118.5836,344.4,1.2,1.1,2014-09-09,0542,Aqua,MODIS,83,6.2,315.8,39,D,0
-20.9764,118.5939,354.3,1.2,1.1,2014-09-09,0542,Aqua,MODIS,96,6.2,317.4,60.8,D,0
-20.9778,118.5822,363.6,1.2,1.1,2014-09-09,0542,Aqua,MODIS,100,6.2,317.6,96.2,D,0
-20.965,118.604,344,1.2,1.1,2014-09-09,0542,Aqua,MODIS,36,6.2,318.6,33.2,D,0
-21.1259,117.704,342.4,1.4,1.2,2014-09-09,0542,Aqua,MODIS,84,6.2,317.7,40.8,D,0
-21.1154,117.7025,339.8,1.4,1.2,2014-09-09,0542,Aqua,MODIS,66,6.2,319.1,32.1,D,0
-21.1018,118.2417,338,1.3,1.1,2014-09-09,0542,Aqua,MODIS,81,6.2,319,27.1,D,0
-21.1033,118.2295,333,1.3,1.1,2014-09-09,0542,Aqua,MODIS,73,6.2,318.8,17.1,D,0
-18.0716,127.7663,328.7,2.3,1.5,2014-09-09,0542,Aqua,MODIS,64,6.2,314.5,34.7,D,0
-18.1073,123.8028,336.1,1.2,1.1,2014-09-09,0542,Aqua,MODIS,75,6.2,321.5,15.6,D,0
-18.0754,127.7453,329,2.3,1.5,2014-09-09,0542,Aqua,MODIS,65,6.2,313.9,36.5,D,0
-18.6237,127.412,328.4,2.1,1.4,2014-09-09,0542,Aqua,MODIS,41,6.2,313.5,24.9,D,0
-18.6225,127.4047,326.3,2.1,1.4,2014-09-09,0542,Aqua,MODIS,10,6.2,313.3,18.9,D,0
-18.5815,127.4164,338.4,2.1,1.4,2014-09-09,0542,Aqua,MODIS,81,6.2,311.4,69.8,D,0
-18.5655,127.4332,366,2.1,1.4,2014-09-09,0542,Aqua,MODIS,100,6.2,311.5,256.3,D,0
-18.569,127.4138,357.7,2.1,1.4,2014-09-09,0542,Aqua,MODIS,98,6.2,312.5,188.2,D,0
-18.5493,127.4502,346.8,2.1,1.4,2014-09-09,0542,Aqua,MODIS,90,6.2,308,119.4,D,0
-18.5529,127.4307,365.6,2.1,1.4,2014-09-09,0542,Aqua,MODIS,100,6.2,311.7,257.4,D,0
-18.5502,127.4449,355.7,2.1,1.4,2014-09-09,0542,Aqua,MODIS,97,6.2,308.8,178.9,D,0
-18.5536,127.4254,345.2,2.1,1.4,2014-09-09,0542,Aqua,MODIS,89,6.2,311.8,113.2,D,0
-18.0446,127.9156,326.1,2.3,1.5,2014-09-09,0542,Aqua,MODIS,52,6.2,313.6,24.6,D,0
-21.1749,117.7374,349.3,1.4,1.2,2014-09-09,0542,Aqua,MODIS,92,6.2,312.6,70.8,D,0
-21.1765,117.7243,423.7,1.4,1.2,2014-09-09,0542,Aqua,MODIS,100,6.2,323.7,650.7,D,0
-21.1781,117.7113,353.2,1.4,1.2,2014-09-09,0542,Aqua,MODIS,95,6.2,313.1,88,D,0
-21.1645,117.736,356.6,1.4,1.2,2014-09-09,0542,Aqua,MODIS,97,6.2,317.1,94.5,D,0
-21.1661,117.7229,383.7,1.4,1.2,2014-09-09,0542,Aqua,MODIS,100,6.2,320.3,240.4,D,0
-21.1676,117.71,347.6,1.4,1.2,2014-09-09,0542,Aqua,MODIS,91,6.2,312.5,65.7,D,0
-21.1709,117.6838,337.4,1.4,1.2,2014-09-09,0542,Aqua,MODIS,67,6.2,307.4,38.9,D,0
-21.154,117.7345,331.6,1.4,1.2,2014-09-09,0542,Aqua,MODIS,71,6.2,316.3,20.4,D,0
-21.1556,117.7216,339.7,1.4,1.2,2014-09-09,0542,Aqua,MODIS,84,6.2,314.8,40.4,D,0
-21.1572,117.7086,333.8,1.4,1.2,2014-09-09,0542,Aqua,MODIS,55,6.2,312.2,25.2,D,0
-21.1604,117.6821,387.9,1.4,1.2,2014-09-09,0542,Aqua,MODIS,100,6.2,318.4,271.8,D,0
-21.1499,117.6806,351.2,1.4,1.2,2014-09-09,0542,Aqua,MODIS,94,6.2,316,69.8,D,0
-21.162,117.6689,387.2,1.4,1.2,2014-09-09,0542,Aqua,MODIS,100,6.2,317.9,269.8,D,0
-21.1636,117.6556,331.3,1.4,1.2,2014-09-09,0542,Aqua,MODIS,41,6.2,311.3,23.7,D,0
-21.1515,117.6674,345.6,1.4,1.2,2014-09-09,0542,Aqua,MODIS,87,6.2,318,54.4,D,0
-21.1427,117.6526,341.3,1.4,1.2,2014-09-09,0542,Aqua,MODIS,70,6.2,317.9,41.9,D,0
-21.2924,118.3429,334.5,1.3,1.1,2014-09-09,0542,Aqua,MODIS,77,6.2,317.3,20.4,D,0
-20.3343,119.4465,333.8,1.1,1,2014-09-09,0542,Aqua,MODIS,72,6.2,316.5,17.6,D,0
-20.3329,119.4569,353.7,1.1,1,2014-09-09,0542,Aqua,MODIS,95,6.2,317.4,59,D,0
-21.2799,120.9788,332.3,1,1,2014-09-09,0542,Aqua,MODIS,63,6.2,316.4,11.3,D,0
-21.2889,120.9803,333.7,1,1,2014-09-09,0542,Aqua,MODIS,61,6.2,317.7,12.4,D,0
-20.3384,119.4527,346.5,1.1,1,2014-09-09,0542,Aqua,MODIS,89,6.2,315.5,40,D,0
-21.2876,120.9899,336.1,1,1,2014-09-09,0542,Aqua,MODIS,75,6.2,315.1,15.6,D,0
-13.4748,130.7365,331.7,4.7,2,2014-09-09,0543,Aqua,MODIS,74,6.2,304.5,163.4,D,0
-13.4652,130.6907,336,4.6,2,2014-09-09,0543,Aqua,MODIS,73,6.2,294.2,238.5,D,0
-13.4653,130.6821,328.5,4.6,2,2014-09-09,0543,Aqua,MODIS,65,6.2,293.6,151.8,D,0
-13.4807,130.6984,351.5,4.6,2,2014-09-09,0543,Aqua,MODIS,95,6.2,299,490.4,D,0
-14.2897,126.5987,324.6,2.2,1.4,2014-09-09,0543,Aqua,MODIS,56,6.2,305.5,26,D,0
-15.8473,127.8434,343.1,2.5,1.5,2014-09-09,0543,Aqua,MODIS,88,6.2,310.8,121.6,D,0
-15.7942,127.7775,342.8,2.5,1.5,2014-09-09,0543,Aqua,MODIS,88,6.2,309.7,126.6,D,0
-16.5281,123.6947,332,1.3,1.1,2014-09-09,0543,Aqua,MODIS,60,6.2,314.4,19.9,D,0
-15.8079,127.7798,349.3,2.5,1.5,2014-09-09,0543,Aqua,MODIS,93,6.2,309.9,173.5,D,0
-15.7874,127.784,352.3,2.5,1.5,2014-09-09,0543,Aqua,MODIS,95,6.2,310.7,192.2,D,0
-15.8011,127.7863,342.2,2.5,1.5,2014-09-09,0543,Aqua,MODIS,87,6.2,309.4,117.6,D,0
-15.8147,127.7888,347.4,2.5,1.5,2014-09-09,0543,Aqua,MODIS,92,6.2,308.4,152.9,D,0
-16.6399,123.6952,332.7,1.3,1.1,2014-09-09,0543,Aqua,MODIS,76,6.2,312,22.5,D,0
-17.0451,122.3936,330,1.1,1,2014-09-09,0543,Aqua,MODIS,50,6.2,311.8,16.5,D,0
-16.6499,123.6971,328.1,1.3,1.1,2014-09-09,0543,Aqua,MODIS,58,6.2,312.1,14.8,D,0
-16.2368,128.1484,324.3,2.6,1.6,2014-09-09,0543,Aqua,MODIS,31,6.2,308.5,21.7,D,0
-16.5235,124.1586,327.4,1.3,1.1,2014-09-09,0543,Aqua,MODIS,37,6.2,309.9,14.9,D,0
-16.5238,124.115,329.5,1.3,1.1,2014-09-09,0543,Aqua,MODIS,65,6.2,312.2,14.8,D,0
-16.6417,123.6836,325.7,1.3,1.1,2014-09-09,0543,Aqua,MODIS,37,6.2,310.7,11.2,D,0
-15.8336,127.8408,336.7,2.5,1.5,2014-09-09,0543,Aqua,MODIS,81,6.2,309.8,78.2,D,0
-15.8062,127.8356,349.7,2.5,1.5,2014-09-09,0543,Aqua,MODIS,93,6.2,311,163.5,D,0
-15.7831,127.8071,342.9,2.5,1.5,2014-09-09,0543,Aqua,MODIS,88,6.2,310.2,115.2,D,0
-15.7954,127.851,349.8,2.5,1.5,2014-09-09,0543,Aqua,MODIS,93,6.2,312.4,173.1,D,0
-15.7995,127.8272,340.6,2.5,1.5,2014-09-09,0543,Aqua,MODIS,86,6.2,309.5,103.6,D,0
-15.8037,127.8035,336.2,2.5,1.5,2014-09-09,0543,Aqua,MODIS,81,6.2,307.6,79.9,D,0
-15.7901,127.8007,353.4,2.5,1.5,2014-09-09,0543,Aqua,MODIS,96,6.2,310.1,207.4,D,0
-15.7764,127.7979,328.6,2.5,1.5,2014-09-09,0543,Aqua,MODIS,66,6.2,310.2,45.3,D,0
-16.5663,124.0902,331.1,1.3,1.1,2014-09-09,0543,Aqua,MODIS,60,6.2,314.5,17.1,D,0
-16.4967,124.257,335.8,1.4,1.2,2014-09-09,0543,Aqua,MODIS,40,6.2,312.7,31.4,D,0
-16.4988,124.2443,333.7,1.4,1.2,2014-09-09,0543,Aqua,MODIS,28,6.2,312.7,24.8,D,0
-15.8541,128.2277,341.6,2.7,1.6,2014-09-09,0543,Aqua,MODIS,87,6.2,310.3,122.4,D,0
-15.7978,128.2164,326.4,2.7,1.6,2014-09-09,0543,Aqua,MODIS,20,6.2,310.3,28.5,D,0
-14.3025,126.601,323.3,2.2,1.4,2014-09-09,0543,Aqua,MODIS,44,6.2,305.4,18.7,D,0
-27.3614,148.0999,300.4,2.5,1.5,2014-09-09,1326,Terra,MODIS,26,6.2,287.9,19.5,N,0
-24.167,144.4512,305.6,1.6,1.3,2014-09-09,1327,Terra,MODIS,65,6.2,291.8,13.7,N,0
-24.1698,144.4354,315.2,1.6,1.2,2014-09-09,1327,Terra,MODIS,91,6.2,292.4,27.8,N,0
-20.7333,139.4702,304.4,1,1,2014-09-09,1328,Terra,MODIS,60,6.2,293.6,5.7,N,2
-20.7318,139.48,304.9,1,1,2014-09-09,1328,Terra,MODIS,62,6.2,293.3,6,N,2
-17.4222,135.009,304.7,1.2,1.1,2014-09-09,1329,Terra,MODIS,21,6.2,292.5,6.8,N,0
-17.4124,135.0076,307.9,1.2,1.1,2014-09-09,1329,Terra,MODIS,41,6.2,293.1,9.2,N,0
-17.4012,135.0174,342.4,1.2,1.1,2014-09-09,1329,Terra,MODIS,100,6.2,295.3,59.5,N,0
-17.4026,135.0062,342.4,1.2,1.1,2014-09-09,1329,Terra,MODIS,100,6.2,295,59.6,N,0
-17.3914,135.016,345.1,1.2,1.1,2014-09-09,1329,Terra,MODIS,100,6.2,294.8,66.2,N,0
-17.3621,135.0117,308,1.2,1.1,2014-09-09,1329,Terra,MODIS,41,6.2,292.3,9.1,N,0
-16.9041,135.3141,303.3,1.1,1.1,2014-09-09,1329,Terra,MODIS,55,6.2,292,5.9,N,0
-16.9714,135.3518,318.1,1.1,1.1,2014-09-09,1329,Terra,MODIS,96,6.2,296,17.4,N,0
-16.9618,135.3504,314.8,1.1,1.1,2014-09-09,1329,Terra,MODIS,90,6.2,295,13.8,N,0
-16.9523,135.349,310.3,1.1,1.1,2014-09-09,1329,Terra,MODIS,53,6.2,293.7,9.5,N,0
-18.5878,127.4106,310.7,4.3,1.9,2014-09-09,1329,Terra,MODIS,81,6.2,291.5,80.1,N,0
-18.5861,127.4038,314.6,4.3,1.9,2014-09-09,1329,Terra,MODIS,89,6.2,291.7,101.6,N,0
-18.5704,127.4093,313.5,4.3,1.9,2014-09-09,1329,Terra,MODIS,87,6.2,292.4,98.4,N,0
-18.5687,127.4025,307.9,4.3,1.9,2014-09-09,1329,Terra,MODIS,73,6.2,292.1,65.7,N,0
-19.1956,130.863,307.1,2.4,1.5,2014-09-09,1329,Terra,MODIS,36,6.2,291.5,26.2,N,0
-19.2192,130.8476,351.8,2.4,1.5,2014-09-09,1329,Terra,MODIS,100,6.2,294.2,241.6,N,0
-19.2328,130.8492,361.7,2.4,1.5,2014-09-09,1329,Terra,MODIS,100,6.2,295.2,332.4,N,0
-19.2057,130.846,317.7,2.4,1.5,2014-09-09,1329,Terra,MODIS,95,6.2,292,54.5,N,0
-19.2216,130.8245,313.9,2.4,1.5,2014-09-09,1329,Terra,MODIS,88,6.2,291.4,45.2,N,0
-19.2352,130.8261,325.4,2.4,1.5,2014-09-09,1329,Terra,MODIS,100,6.2,292.3,86.9,N,0
-19.2117,130.8416,321.9,2.4,1.5,2014-09-09,1329,Terra,MODIS,100,6.2,292.2,68.5,N,0
-19.1981,130.84,305.5,2.4,1.5,2014-09-09,1329,Terra,MODIS,23,6.2,291.1,22.5,N,0
-19.2253,130.8431,365.8,2.4,1.5,2014-09-09,1329,Terra,MODIS,100,6.2,296.6,372.2,N,0
-18.7925,128.6371,310.2,3.5,1.8,2014-09-09,1329,Terra,MODIS,79,6.2,290.6,61.6,N,0
-18.7825,128.6767,305.9,3.5,1.8,2014-09-09,1329,Terra,MODIS,66,6.2,290.5,43.5,N,0
-18.7855,128.6434,318.3,3.5,1.8,2014-09-09,1329,Terra,MODIS,97,6.2,290.9,101.9,N,0
-18.7892,128.6706,310.8,3.5,1.8,2014-09-09,1329,Terra,MODIS,81,6.2,290.8,64.6,N,0
-15.7639,127.7304,309.1,3.8,1.8,2014-09-09,1330,Terra,MODIS,76,6.2,294.5,46.8,N,0
-15.7705,127.7369,308.6,3.8,1.8,2014-09-09,1330,Terra,MODIS,75,6.2,294.6,46.1,N,0
-15.8824,127.76,304.9,3.8,1.8,2014-09-09,1330,Terra,MODIS,61,6.2,294.8,27.6,N,0
-15.8321,127.7796,304.3,3.7,1.8,2014-09-09,1330,Terra,MODIS,52,6.2,294,23.6,N,0
-14.1987,132.3208,302.9,1.6,1.2,2014-09-09,1330,Terra,MODIS,16,6.2,292.9,7,N,0
-14.2005,132.306,326.2,1.6,1.2,2014-09-09,1330,Terra,MODIS,100,6.2,294.7,46,N,0
-13.9956,129.8056,307.6,2.5,1.5,2014-09-09,1330,Terra,MODIS,72,6.2,290.1,31,N,0
-15.4831,135.2558,310.7,1.1,1,2014-09-09,1330,Terra,MODIS,66,6.2,294.7,9.6,N,0
-12.6198,142.4281,319.1,1.9,1.4,2014-09-09,1330,Terra,MODIS,98,6.2,290.9,40.4,N,0
-12.6504,142.4695,319.8,1.9,1.4,2014-09-09,1330,Terra,MODIS,99,6.2,291.4,42.5,N,0
-14.873,145.1084,301.5,2.8,1.6,2014-09-09,1330,Terra,MODIS,41,6.2,290.9,18.7,N,0
-12.6468,142.4149,307.9,1.9,1.3,2014-09-09,1330,Terra,MODIS,58,6.2,292.5,18.5,N,0
-12.6169,142.4456,319.5,1.9,1.4,2014-09-09,1330,Terra,MODIS,99,6.2,290.9,42.2,N,0
-12.6376,142.3954,321.9,1.9,1.3,2014-09-09,1330,Terra,MODIS,100,6.2,292,47.9,N,0
-12.6597,142.4893,310.7,1.9,1.4,2014-09-09,1330,Terra,MODIS,81,6.2,291.6,26.4,N,0
-12.6319,142.4303,347,1.9,1.4,2014-09-09,1330,Terra,MODIS,100,6.2,294.6,140.9,N,0
-12.6625,142.4717,304.6,1.9,1.4,2014-09-09,1330,Terra,MODIS,16,6.2,291.4,14.5,N,0
-12.6348,142.4128,354.1,1.9,1.3,2014-09-09,1330,Terra,MODIS,100,6.2,294.6,181.4,N,0
-12.6261,142.4653,303.7,1.9,1.4,2014-09-09,1330,Terra,MODIS,31,6.2,291.1,12.6,N,0
-12.6447,142.0096,308.1,1.8,1.3,2014-09-09,1330,Terra,MODIS,74,6.2,292.5,17.4,N,0
-15.3683,135.681,306.8,1.1,1,2014-09-09,1330,Terra,MODIS,69,6.2,295.7,6.2,N,0
-14.9325,145.1252,302,2.8,1.6,2014-09-09,1330,Terra,MODIS,46,6.2,290.2,21.7,N,0
-15.4614,135.2737,306.1,1.1,1,2014-09-09,1330,Terra,MODIS,38,6.2,295.5,6.1,N,0
-12.6539,142.4757,335.3,1.9,1.4,2014-09-09,1330,Terra,MODIS,100,6.2,292.3,93.9,N,0
-12.6509,142.4933,310.9,1.9,1.4,2014-09-09,1330,Terra,MODIS,81,6.2,291,26.5,N,0
-12.6396,142.0154,310.9,1.8,1.3,2014-09-09,1330,Terra,MODIS,81,6.2,292.4,22.1,N,0
-12.6569,142.4581,303.8,1.9,1.4,2014-09-09,1330,Terra,MODIS,12,6.2,291.7,12.4,N,0
-12.6368,142.0316,312.6,1.8,1.3,2014-09-09,1330,Terra,MODIS,85,6.2,292.6,25,N,0
-15.4887,135.2524,309.5,1.1,1.1,2014-09-09,1330,Terra,MODIS,78,6.2,295.1,8.7,N,0
-12.6421,142.0259,318.4,1.8,1.3,2014-09-09,1330,Terra,MODIS,97,6.2,292.8,36.6,N,0
-12.6475,142.4872,315.6,1.9,1.4,2014-09-09,1330,Terra,MODIS,92,6.2,290.9,33.9,N,0
-15.4625,134.9008,304.4,1.1,1.1,2014-09-09,1330,Terra,MODIS,19,6.2,294.4,4.8,N,0
-12.629,142.4477,338.6,1.9,1.4,2014-09-09,1330,Terra,MODIS,100,6.2,293.4,104,N,0
-13.4672,135.1594,314.1,1.1,1,2014-09-09,1330,Terra,MODIS,89,6.2,296.5,12.4,N,0
-13.3597,134.531,307.6,1.1,1.1,2014-09-09,1330,Terra,MODIS,10,6.2,296.6,7.7,N,0
-13.3459,134.5609,307.2,1.1,1.1,2014-09-09,1330,Terra,MODIS,32,6.2,293.5,7.3,N,0
-13.3473,134.5505,326.1,1.1,1.1,2014-09-09,1330,Terra,MODIS,100,6.2,295.8,27,N,0
-13.4658,135.1694,312.8,1.1,1,2014-09-09,1330,Terra,MODIS,86,6.2,295.6,11,N,0
-13.272,134.1317,305.4,1.2,1.1,2014-09-09,1330,Terra,MODIS,12,6.2,294.7,6.3,N,0
-13.3487,134.5401,325,1.1,1.1,2014-09-09,1330,Terra,MODIS,100,6.2,296.9,25.3,N,0
-13.3501,134.5296,368.5,1.1,1.1,2014-09-09,1330,Terra,MODIS,100,6.2,301.5,133.1,N,0
-13.2442,134.0994,305.5,1.2,1.1,2014-09-09,1330,Terra,MODIS,38,6.2,294.2,7,N,0
-13.2551,134.1847,328.9,1.2,1.1,2014-09-09,1330,Terra,MODIS,100,6.2,296.3,34.3,N,0
-13.2734,134.1208,344.6,1.2,1.1,2014-09-09,1330,Terra,MODIS,100,6.2,298.1,64.5,N,0
-13.2763,134.0988,307.9,1.2,1.1,2014-09-09,1330,Terra,MODIS,58,6.2,294.9,8.7,N,0
-13.2749,134.1098,328.6,1.2,1.1,2014-09-09,1330,Terra,MODIS,100,6.2,296.6,33,N,0
-13.4231,135.2733,312.6,1.1,1,2014-09-09,1330,Terra,MODIS,85,6.2,292.7,12.2,N,0
-13.3611,134.5205,326.4,1.1,1.1,2014-09-09,1330,Terra,MODIS,100,6.2,299.5,28.2,N,0
-13.3625,134.51,336.2,1.1,1.1,2014-09-09,1330,Terra,MODIS,100,6.2,299.7,44,N,0
-13.3639,134.4995,316.1,1.1,1.1,2014-09-09,1330,Terra,MODIS,93,6.2,295.9,16.7,N,0
-12.9345,141.9037,337.7,1.7,1.3,2014-09-09,1330,Terra,MODIS,100,6.2,289.7,90.7,N,0
-12.9371,141.8879,320.8,1.7,1.3,2014-09-09,1330,Terra,MODIS,100,6.2,289.6,43.2,N,0
-12.9229,141.9017,303.1,1.7,1.3,2014-09-09,1330,Terra,MODIS,31,6.2,289.8,13.4,N,0
-12.9384,141.8987,321.4,1.7,1.3,2014-09-09,1330,Terra,MODIS,100,6.2,289.6,44.9,N,0
-12.9243,141.9126,304.8,1.7,1.3,2014-09-09,1330,Terra,MODIS,61,6.2,287,16.1,N,0
-12.9269,141.8967,330.2,1.7,1.3,2014-09-09,1330,Terra,MODIS,100,6.2,291.5,68.6,N,0
-14.4612,133.0454,306.3,1.4,1.2,2014-09-09,1330,Terra,MODIS,68,6.2,294,10.1,N,0
-15.0088,133.4391,316.4,1.4,1.2,2014-09-09,1330,Terra,MODIS,93,6.2,295.7,21.2,N,0
-13.2359,134.0871,305.9,1.2,1.1,2014-09-09,1330,Terra,MODIS,66,6.2,294.7,7.7,N,0
-13.459,135.2188,305.7,1.1,1,2014-09-09,1330,Terra,MODIS,37,6.2,294.3,6.1,N,0
-13.2075,135.1135,302.5,1.1,1,2014-09-09,1330,Terra,MODIS,49,6.2,292.1,5.3,N,0
-13.2715,135.1086,304.9,1.1,1,2014-09-09,1330,Terra,MODIS,62,6.2,292.7,6.8,N,0
-13.2089,135.1037,307.7,1.1,1,2014-09-09,1330,Terra,MODIS,72,6.2,292.9,8.7,N,0
-13.2779,135.1998,302.3,1.1,1,2014-09-09,1330,Terra,MODIS,48,6.2,292,5.2,N,0
-15.0192,133.4405,307.4,1.4,1.2,2014-09-09,1330,Terra,MODIS,64,6.2,293.5,10.6,N,0
-15.4529,134.8995,308.2,1.1,1.1,2014-09-09,1330,Terra,MODIS,74,6.2,295.1,7.8,N,0
-13.478,135.1976,312.7,1.1,1,2014-09-09,1330,Terra,MODIS,85,6.2,295.7,10.9,N,0
-13.4766,135.2075,315.9,1.1,1,2014-09-09,1330,Terra,MODIS,92,6.2,295.3,13.5,N,0
-13.4696,135.2103,311.9,1.1,1,2014-09-09,1330,Terra,MODIS,49,6.2,295.2,9.9,N,0
-13.471,135.2004,307.3,1.1,1,2014-09-09,1330,Terra,MODIS,71,6.2,295.2,6.9,N,0
-13.4245,135.2636,305.9,1.1,1,2014-09-09,1330,Terra,MODIS,66,6.2,293.2,7.1,N,0
-13.3543,134.4982,325.9,1.1,1.1,2014-09-09,1330,Terra,MODIS,100,6.2,295,28.7,N,0
-13.3515,134.5191,380.7,1.1,1.1,2014-09-09,1330,Terra,MODIS,100,6.2,304,187.9,N,0
-13.3529,134.5087,371.4,1.1,1.1,2014-09-09,1330,Terra,MODIS,100,6.2,302.1,145.8,N,0
-13.4576,135.2285,310,1.1,1,2014-09-09,1330,Terra,MODIS,79,6.2,294.5,10,N,0
-13.2846,134.1111,306.2,1.2,1.1,2014-09-09,1330,Terra,MODIS,29,6.2,294.8,7.2,N,0
-13.2832,134.122,308.8,1.2,1.1,2014-09-09,1330,Terra,MODIS,60,6.2,295.8,9.5,N,0
-13.3316,134.738,304.1,1.1,1.1,2014-09-09,1330,Terra,MODIS,59,6.2,294,5.6,N,0
-13.7642,135.186,304.3,1.1,1,2014-09-09,1330,Terra,MODIS,59,6.2,292.3,6.2,N,0
-15.9278,136.1553,303.6,1,1,2014-09-09,1330,Terra,MODIS,56,6.2,291.5,5.7,N,0
-13.4949,132.5608,315.6,1.5,1.2,2014-09-09,1330,Terra,MODIS,92,6.2,296.5,21,N,0
-13.5905,133.3285,309.9,1.3,1.1,2014-09-09,1330,Terra,MODIS,79,6.2,293,12.9,N,0
-13.6925,135.0374,322,1.1,1,2014-09-09,1330,Terra,MODIS,100,6.2,295.6,21.8,N,0
-13.6911,135.0475,366.6,1.1,1,2014-09-09,1330,Terra,MODIS,100,6.2,301.4,118.8,N,0
-13.6898,135.0575,321.5,1.1,1,2014-09-09,1330,Terra,MODIS,100,6.2,296.7,21,N,0
-13.4931,132.5751,311.3,1.5,1.2,2014-09-09,1330,Terra,MODIS,82,6.2,296.7,14.8,N,0
-13.8041,135.2423,305.2,1.1,1,2014-09-09,1330,Terra,MODIS,46,6.2,294.1,5.9,N,0
-13.7709,135.1362,306.9,1.1,1,2014-09-09,1330,Terra,MODIS,70,6.2,293.4,7.8,N,0
-13.8161,135.2239,304.7,1.1,1,2014-09-09,1330,Terra,MODIS,46,6.2,293.7,5.6,N,0
-14.2315,132.2406,321.4,1.6,1.3,2014-09-09,1330,Terra,MODIS,100,6.2,295.1,35.9,N,0
-14.2306,132.2493,312.5,1.6,1.3,2014-09-09,1330,Terra,MODIS,85,6.2,294.2,19.9,N,0
-13.5801,133.3271,307.3,1.3,1.1,2014-09-09,1330,Terra,MODIS,50,6.2,293.4,9.8,N,0
-14.2325,132.2343,315.2,1.6,1.3,2014-09-09,1330,Terra,MODIS,91,6.2,294.6,23.7,N,0
-13.8147,135.2338,330.5,1.1,1,2014-09-09,1330,Terra,MODIS,100,6.2,295.6,31.9,N,0
-13.6429,135.2168,301.4,1.1,1,2014-09-09,1330,Terra,MODIS,39,6.2,290.3,4.9,N,0
-13.9201,135.3918,313,1.1,1,2014-09-09,1330,Terra,MODIS,86,6.2,295.1,11.9,N,0
-13.6818,135.0461,319.5,1.1,1,2014-09-09,1330,Terra,MODIS,99,6.2,294.7,18.8,N,0
-13.6564,135.3055,310.6,1.1,1,2014-09-09,1330,Terra,MODIS,80,6.2,292.3,11,N,0
-13.6804,135.0562,306.6,1.1,1,2014-09-09,1330,Terra,MODIS,69,6.2,294.1,7.2,N,0
-13.6871,135.0775,310.7,1.1,1,2014-09-09,1330,Terra,MODIS,57,6.2,295,10.2,N,0
-13.6778,135.0762,315.2,1.1,1,2014-09-09,1330,Terra,MODIS,73,6.2,294.1,13.4,N,0
-13.662,135.0778,302.4,1.1,1,2014-09-09,1330,Terra,MODIS,49,6.2,292.3,4.8,N,0
-13.4952,130.7634,312,2,1.4,2014-09-09,1331,Terra,MODIS,84,6.2,291.1,28.6,N,0
-13.4814,130.7551,310.8,2,1.4,2014-09-09,1331,Terra,MODIS,67,6.2,292.6,25.2,N,0
-12.167,136.4389,304.4,1,1,2014-09-09,1331,Terra,MODIS,60,6.2,292.8,5.8,N,0
-12.9716,132.6197,308.5,1.5,1.2,2014-09-09,1331,Terra,MODIS,75,6.2,294.3,13.1,N,0
-13.4689,130.7536,330.2,2,1.4,2014-09-09,1331,Terra,MODIS,100,6.2,292.5,78.5,N,0
-12.9696,132.5509,305.7,1.5,1.2,2014-09-09,1331,Terra,MODIS,65,6.2,294.1,10.1,N,0
-13.4711,130.7347,327.6,2,1.4,2014-09-09,1331,Terra,MODIS,100,6.2,292.9,69.5,N,0
-13.1075,132.7314,337,1.4,1.2,2014-09-09,1331,Terra,MODIS,100,6.2,296.9,63.5,N,0
-13.4506,130.6938,318.8,2.1,1.4,2014-09-09,1331,Terra,MODIS,97,6.2,292.6,46.2,N,0
-13.4586,130.7331,346.9,2,1.4,2014-09-09,1331,Terra,MODIS,100,6.2,293.5,156.4,N,0
-13.4609,130.7142,345.1,2.1,1.4,2014-09-09,1331,Terra,MODIS,100,6.2,294.2,146.9,N,0
-13.0968,132.7299,314.5,1.4,1.2,2014-09-09,1331,Terra,MODIS,89,6.2,295.6,18.4,N,0
-13.0738,132.7403,305.6,1.4,1.2,2014-09-09,1331,Terra,MODIS,46,6.2,295.2,7.9,N,0
-13.3638,132.5241,304.8,1.5,1.2,2014-09-09,1331,Terra,MODIS,41,6.2,294.5,7.8,N,0
-13.4916,130.7754,303.6,2,1.4,2014-09-09,1331,Terra,MODIS,29,6.2,289.7,13.6,N,0
-13.4939,130.7567,311.6,2,1.4,2014-09-09,1331,Terra,MODIS,83,6.2,291.2,27.4,N,0
-12.7728,131.9442,315.6,1.6,1.3,2014-09-09,1331,Terra,MODIS,92,6.2,294.6,26,N,0
-13.1669,130.8851,307.7,2,1.4,2014-09-09,1331,Terra,MODIS,72,6.2,293.9,17.7,N,0
-12.9092,132.564,315.5,1.5,1.2,2014-09-09,1331,Terra,MODIS,91,6.2,295.6,20.4,N,0
-12.8914,132.6162,335.1,1.5,1.2,2014-09-09,1331,Terra,MODIS,100,6.2,295.6,57.5,N,0
-13.1125,131.129,315.6,1.9,1.3,2014-09-09,1331,Terra,MODIS,92,6.2,293.1,33.4,N,0
-12.9014,132.5694,310.1,1.5,1.2,2014-09-09,1331,Terra,MODIS,60,6.2,295.1,13.1,N,0
-12.8964,132.6098,337.9,1.5,1.2,2014-09-09,1331,Terra,MODIS,100,6.2,296.2,64.7,N,0
-12.9055,132.6246,345.8,1.5,1.2,2014-09-09,1331,Terra,MODIS,100,6.2,296.5,90.2,N,0
-12.8947,132.6231,324.5,1.5,1.2,2014-09-09,1331,Terra,MODIS,100,6.2,295.2,33.9,N,0
-12.9071,132.6112,326.9,1.5,1.2,2014-09-09,1331,Terra,MODIS,100,6.2,295.3,39.7,N,0
-12.8931,132.6029,314,1.5,1.2,2014-09-09,1331,Terra,MODIS,27,6.2,294.8,15.9,N,0
-12.8824,132.6014,309.9,1.5,1.2,2014-09-09,1331,Terra,MODIS,18,6.2,294.6,11.8,N,0
-12.9122,132.5708,310.1,1.5,1.2,2014-09-09,1331,Terra,MODIS,71,6.2,295.4,13.7,N,0
-12.948,132.548,313.4,1.5,1.2,2014-09-09,1331,Terra,MODIS,87,6.2,294.2,19.3,N,0
-13.1146,131.1119,308.4,1.9,1.3,2014-09-09,1331,Terra,MODIS,75,6.2,293.2,19.5,N,0
-12.9021,132.6177,341.6,1.5,1.2,2014-09-09,1331,Terra,MODIS,100,6.2,297.1,75.6,N,0
-12.9162,132.6261,308,1.5,1.2,2014-09-09,1331,Terra,MODIS,73,6.2,294.8,11.8,N,0
-13.681,129.8577,308,2.4,1.5,2014-09-09,1331,Terra,MODIS,73,6.2,292.5,28.3,N,0
-13.6866,129.886,307.7,2.4,1.5,2014-09-09,1331,Terra,MODIS,29,6.2,292.6,24.6,N,0
-13.6891,129.8639,309.5,2.4,1.5,2014-09-09,1331,Terra,MODIS,47,6.2,292.5,29.1,N,0
-13.6784,129.8798,308.2,2.4,1.5,2014-09-09,1331,Terra,MODIS,74,6.2,292.5,28.7,N,0
-13.0284,134.2664,307.2,1.2,1.1,2014-09-09,1331,Terra,MODIS,71,6.2,291.2,10.3,N,0
-12.976,134.1216,307.2,1.2,1.1,2014-09-09,1331,Terra,MODIS,36,6.2,293.1,9.2,N,0
-13.0187,134.265,311.3,1.2,1.1,2014-09-09,1331,Terra,MODIS,82,6.2,290.9,13,N,0
-12.9787,134.2703,313.3,1.2,1.1,2014-09-09,1331,Terra,MODIS,87,6.2,292.3,14.2,N,0
-12.9704,134.2582,311.4,1.2,1.1,2014-09-09,1331,Terra,MODIS,82,6.2,291.6,12.7,N,0
-13.0266,134.3526,304.8,1.2,1.1,2014-09-09,1331,Terra,MODIS,49,6.2,291.9,7.2,N,0
-13.0362,134.354,309.2,1.2,1.1,2014-09-09,1331,Terra,MODIS,77,6.2,292.6,10.6,N,0
-12.6278,133.0662,307.7,1.4,1.2,2014-09-09,1331,Terra,MODIS,72,6.2,297.4,8.5,N,0
-12.9869,134.2823,310.1,1.2,1.1,2014-09-09,1331,Terra,MODIS,41,6.2,292.6,10.8,N,0
-12.9952,134.2943,305.3,1.2,1.1,2014-09-09,1331,Terra,MODIS,60,6.2,292.5,7.9,N,0
-12.9914,134.1737,305.1,1.2,1.1,2014-09-09,1331,Terra,MODIS,63,6.2,291.6,8,N,0
-12.6431,133.0303,310.2,1.4,1.2,2014-09-09,1331,Terra,MODIS,73,6.2,297.2,11.7,N,0
-12.2169,134.1614,307.3,1.2,1.1,2014-09-09,1331,Terra,MODIS,71,6.2,292.7,9.2,N,0
-11.5627,131.2152,307.9,1.8,1.3,2014-09-09,1331,Terra,MODIS,73,6.2,292.9,17.6,N,0
-12.99,134.1845,302.6,1.2,1.1,2014-09-09,1331,Terra,MODIS,50,6.2,291.8,6.5,N,0
-13.0595,134.3528,305.9,1.2,1.1,2014-09-09,1331,Terra,MODIS,10,6.2,292.3,7.3,N,0
-13.0912,134.3358,315.8,1.2,1.1,2014-09-09,1331,Terra,MODIS,92,6.2,293.5,16.6,N,0
-13.1008,134.3372,310.1,1.2,1.1,2014-09-09,1331,Terra,MODIS,79,6.2,293.7,11.3,N,0
-13.0897,134.3464,312.7,1.2,1.1,2014-09-09,1331,Terra,MODIS,86,6.2,293.9,13.3,N,0
-27.0264,152.1439,302.9,1.2,1.1,2014-09-09,1459,Aqua,MODIS,52,6.2,283.2,10.4,N,0
-30.8646,121.4842,301.2,1.6,1.2,2014-09-09,1504,Terra,MODIS,38,6.2,282.7,14.3,N,2
-24.4654,119.831,300.9,1.6,1.3,2014-09-09,1506,Terra,MODIS,36,6.2,285.4,13,N,0
-21.1819,117.7005,304.7,1.4,1.2,2014-09-09,1507,Terra,MODIS,19,6.2,291.9,7.9,N,0
-21.2371,117.7305,302.6,1.4,1.2,2014-09-09,1507,Terra,MODIS,14,6.2,291.7,7,N,0
-21.2267,117.7285,334.1,1.4,1.2,2014-09-09,1507,Terra,MODIS,100,6.2,294.1,52,N,0
-21.2289,117.7155,315.7,1.4,1.2,2014-09-09,1507,Terra,MODIS,64,6.2,293.4,18.7,N,0
-21.2164,117.7265,319.2,1.4,1.2,2014-09-09,1507,Terra,MODIS,98,6.2,293.2,24.8,N,0
-21.2186,117.7134,312.6,1.4,1.2,2014-09-09,1507,Terra,MODIS,43,6.2,293.3,14.6,N,0
-12.2134,134.162,302.6,1,1,2014-09-09,1633,Aqua,MODIS,50,6.2,291.8,5.4,N,0
-13.2761,134.1259,304.9,1,1,2014-09-09,1634,Aqua,MODIS,62,6.2,293.7,6.5,N,0
-14.437,133.0665,307.6,1,1,2014-09-09,1634,Aqua,MODIS,72,6.2,292.7,6.7,N,0
-14.446,133.0652,312.3,1,1,2014-09-09,1634,Aqua,MODIS,79,6.2,294.2,9.9,N,0
-14.455,133.0638,321.6,1,1,2014-09-09,1634,Aqua,MODIS,100,6.2,295.2,18.8,N,0
-13.2748,134.1166,304.2,1,1,2014-09-09,1634,Aqua,MODIS,59,6.2,292.6,6.1,N,0
-13.3877,134.5244,306.7,1,1,2014-09-09,1634,Aqua,MODIS,37,6.2,291.9,7.5,N,0
-13.3799,134.5352,333.8,1,1,2014-09-09,1634,Aqua,MODIS,100,6.2,295.4,34.6,N,0
-13.3785,134.5257,338.5,1,1,2014-09-09,1634,Aqua,MODIS,100,6.2,294.8,41.7,N,0
-13.389,134.5339,303.7,1,1,2014-09-09,1634,Aqua,MODIS,13,6.2,291.7,5.7,N,0
-12.9748,134.274,308.6,1,1,2014-09-09,1634,Aqua,MODIS,63,6.2,290.6,8.9,N,0
-13.0336,134.3607,307.8,1,1,2014-09-09,1634,Aqua,MODIS,62,6.2,290.4,8.6,N,0
-14.4423,132.7923,306,1,1,2014-09-09,1634,Aqua,MODIS,66,6.2,293.7,5.9,N,0
-13.5654,133.3363,303.8,1,1,2014-09-09,1634,Aqua,MODIS,18,6.2,292.2,5.2,N,0
-13.2494,134.1964,303.9,1,1,2014-09-09,1634,Aqua,MODIS,57,6.2,293.1,5.5,N,0
-12.9735,134.2647,302.8,1,1,2014-09-09,1634,Aqua,MODIS,40,6.2,290.1,5.6,N,0
-12.9866,134.2913,307.6,1,1,2014-09-09,1634,Aqua,MODIS,69,6.2,291.1,8.4,N,0
-15.452,134.9005,303.7,1.1,1,2014-09-09,1634,Aqua,MODIS,57,6.2,292.6,5.9,N,0
-13.0291,134.266,303.1,1,1,2014-09-09,1634,Aqua,MODIS,53,6.2,289.8,6.7,N,0
-12.9561,134.144,300.1,1,1,2014-09-09,1634,Aqua,MODIS,4,6.2,290,4,N,0
-13.0871,134.3468,308.5,1,1,2014-09-09,1634,Aqua,MODIS,75,6.2,291.7,9.3,N,0
-13.5833,133.3335,331.4,1,1,2014-09-09,1634,Aqua,MODIS,100,6.2,293,29,N,0
-13.7462,134.5253,305.9,1,1,2014-09-09,1634,Aqua,MODIS,66,6.2,292,7.7,N,0
-13.5923,133.3322,325,1,1,2014-09-09,1634,Aqua,MODIS,100,6.2,294,21.8,N,0
-13.5743,133.3349,303.1,1,1,2014-09-09,1634,Aqua,MODIS,12,6.2,292,4.5,N,0
-13.5999,133.3217,302.4,1,1,2014-09-09,1634,Aqua,MODIS,49,6.2,291.2,5.2,N,0
-13.5936,133.3414,330,1,1,2014-09-09,1634,Aqua,MODIS,100,6.2,294.5,28,N,0
-14.2164,132.2047,310.6,1,1,2014-09-09,1634,Aqua,MODIS,80,6.2,296,8.4,N,0
-13.6522,135.0975,304.3,1.1,1,2014-09-09,1634,Aqua,MODIS,59,6.2,290.7,7.3,N,0
-15.9256,136.1506,302.4,1.3,1.1,2014-09-09,1634,Aqua,MODIS,49,6.2,290.3,8.3,N,0
-13.6508,135.0875,301.5,1.1,1,2014-09-09,1634,Aqua,MODIS,42,6.2,290.3,5.4,N,0
-13.5757,133.3441,305.1,1,1,2014-09-09,1634,Aqua,MODIS,32,6.2,292.4,5.7,N,0
-13.5106,130.7796,303,1.2,1.1,2014-09-09,1634,Aqua,MODIS,52,6.2,292.8,6.1,N,0
-13.6013,133.3308,305.7,1,1,2014-09-09,1634,Aqua,MODIS,65,6.2,291.9,6.8,N,0
-13.6026,133.34,320.2,1,1,2014-09-09,1634,Aqua,MODIS,100,6.2,292.1,18.1,N,0
-13.4976,130.7596,315.9,1.2,1.1,2014-09-09,1634,Aqua,MODIS,92,6.2,292.7,16.7,N,0
-13.5072,130.7581,311.7,1.2,1.1,2014-09-09,1634,Aqua,MODIS,74,6.2,292.4,12.3,N,0
-13.4959,130.7488,309.3,1.2,1.1,2014-09-09,1634,Aqua,MODIS,77,6.2,292.2,10.5,N,0
-13.5847,133.3427,328.1,1,1,2014-09-09,1634,Aqua,MODIS,100,6.2,293.3,25,N,0
-13.1712,130.9039,309.2,1.2,1.1,2014-09-09,1634,Aqua,MODIS,77,6.2,291.8,10.5,N,0
-15.9272,136.1626,317.4,1.3,1.1,2014-09-09,1634,Aqua,MODIS,95,6.2,291,24,N,0
-13.1822,130.8953,313.1,1.2,1.1,2014-09-09,1634,Aqua,MODIS,86,6.2,292.5,13.7,N,0
-15.5174,134.844,319,1.1,1,2014-09-09,1634,Aqua,MODIS,98,6.2,292.2,19.7,N,0
-13.1725,130.8968,315.5,1.2,1.1,2014-09-09,1634,Aqua,MODIS,91,6.2,292.8,16.8,N,0
-13.1839,130.9059,333.2,1.2,1.1,2014-09-09,1634,Aqua,MODIS,100,6.2,293.9,41,N,0
-13.1029,131.1264,307,1.1,1.1,2014-09-09,1634,Aqua,MODIS,70,6.2,292.2,9.1,N,0
-13.1125,131.1248,304.8,1.1,1.1,2014-09-09,1634,Aqua,MODIS,62,6.2,292,7.4,N,0
-13.1742,130.9075,309.7,1.2,1.1,2014-09-09,1634,Aqua,MODIS,78,6.2,291.8,11.2,N,0
-13.1696,130.8932,312,1.2,1.1,2014-09-09,1634,Aqua,MODIS,84,6.2,292.9,13,N,0
-14.1668,132.3051,310.6,1,1,2014-09-09,1634,Aqua,MODIS,33,6.2,294.7,8,N,0
-14.1577,132.3065,309.1,1,1,2014-09-09,1634,Aqua,MODIS,53,6.2,295,7.2,N,0
-14.1486,132.3079,307.1,1,1,2014-09-09,1634,Aqua,MODIS,14,6.2,294.6,5.7,N,0
-13.9929,129.8154,301.6,1.3,1.1,2014-09-09,1634,Aqua,MODIS,42,6.2,289.3,8.1,N,0
-14.2149,132.3168,326.8,1,1,2014-09-09,1634,Aqua,MODIS,100,6.2,297.5,22.4,N,0
-14.1382,132.3,314.1,1,1,2014-09-09,1634,Aqua,MODIS,73,6.2,295.3,10.8,N,0
-14.1277,132.292,304.6,1,1,2014-09-09,1634,Aqua,MODIS,40,6.2,293.7,4.4,N,0
-14.313,132.353,307.1,1,1,2014-09-09,1634,Aqua,MODIS,70,6.2,296.2,5.8,N,0
-14.1563,132.2971,312.4,1,1,2014-09-09,1634,Aqua,MODIS,85,6.2,294.8,9.9,N,0
-14.2307,132.2988,310.1,1,1,2014-09-09,1634,Aqua,MODIS,79,6.2,294.9,8.1,N,0
-14.2259,132.3284,312.5,1,1,2014-09-09,1634,Aqua,MODIS,85,6.2,296.2,10.4,N,0
-14.1291,132.3014,322.3,1,1,2014-09-09,1634,Aqua,MODIS,100,6.2,295.7,19.1,N,0
-14.2245,132.3191,324.7,1,1,2014-09-09,1634,Aqua,MODIS,100,6.2,297.1,21.7,N,0
-14.2202,132.2908,316.6,1,1,2014-09-09,1634,Aqua,MODIS,93,6.2,295.1,13.3,N,0
-14.2163,132.3262,350.8,1,1,2014-09-09,1634,Aqua,MODIS,100,6.2,299.6,63.5,N,0
-14.2293,132.2894,312.7,1,1,2014-09-09,1634,Aqua,MODIS,85,6.2,294.7,9.9,N,0
-14.1772,132.3131,312.2,1,1,2014-09-09,1634,Aqua,MODIS,80,6.2,294,9.4,N,0
-14.1682,132.3145,311,1,1,2014-09-09,1634,Aqua,MODIS,30,6.2,294.5,8.2,N,0
-14.2058,132.3183,327.8,1,1,2014-09-09,1634,Aqua,MODIS,100,6.2,297.4,24.1,N,0
-14.1472,132.2985,315.4,1,1,2014-09-09,1634,Aqua,MODIS,91,6.2,295.1,12,N,0
-14.1982,132.329,310.5,1,1,2014-09-09,1634,Aqua,MODIS,24,6.2,294.6,7.7,N,0
-14.1968,132.3197,332.5,1,1,2014-09-09,1634,Aqua,MODIS,100,6.2,297.7,30.4,N,0
-14.1877,132.3211,315.1,1,1,2014-09-09,1634,Aqua,MODIS,65,6.2,295,11.5,N,0
-14.2072,132.3276,320.5,1,1,2014-09-09,1634,Aqua,MODIS,100,6.2,296.2,16.2,N,0
-18.2485,130.1578,306.7,1.1,1.1,2014-09-09,1635,Aqua,MODIS,69,6.2,291.4,9.4,N,0
-18.2391,130.1594,302.6,1.1,1.1,2014-09-09,1635,Aqua,MODIS,45,6.2,291.2,6.7,N,0
-17.068,128.228,303.2,1.5,1.2,2014-09-09,1635,Aqua,MODIS,38,6.2,293.1,8.3,N,0
-19.2062,130.8503,309.3,1,1,2014-09-09,1635,Aqua,MODIS,62,6.2,290.5,9.5,N,0
-19.2032,130.8307,328.6,1,1,2014-09-09,1635,Aqua,MODIS,100,6.2,298.7,28.1,N,0
-19.2017,130.8209,319.7,1,1,2014-09-09,1635,Aqua,MODIS,99,6.2,293.1,18.8,N,0
-18.7652,128.6712,303.2,1.3,1.1,2014-09-09,1635,Aqua,MODIS,54,6.2,291.3,8.2,N,0
-15.7608,127.7355,308,1.7,1.3,2014-09-09,1635,Aqua,MODIS,73,6.2,295.1,15.3,N,0
-15.7958,127.8183,305.4,1.7,1.3,2014-09-09,1635,Aqua,MODIS,57,6.2,294.8,10,N,0
-15.8079,127.7528,353.6,1.7,1.3,2014-09-09,1635,Aqua,MODIS,100,6.2,298.5,147.3,N,0
-15.7879,127.8267,316.6,1.7,1.3,2014-09-09,1635,Aqua,MODIS,93,6.2,296.2,27.7,N,0
-15.8003,127.761,325.2,1.7,1.3,2014-09-09,1635,Aqua,MODIS,100,6.2,297,46.1,N,0
-15.7991,127.7699,308.9,1.7,1.3,2014-09-09,1635,Aqua,MODIS,73,6.2,295.5,14.7,N,0
-15.8675,127.7578,312.8,1.7,1.3,2014-09-09,1635,Aqua,MODIS,61,6.2,296.2,19.8,N,0
-18.7855,128.6675,302.6,1.3,1.1,2014-09-09,1635,Aqua,MODIS,34,6.2,290.5,7.4,N,0
-18.7835,128.6552,313.6,1.3,1.1,2014-09-09,1635,Aqua,MODIS,87,6.2,290.8,18.6,N,0
-15.7985,127.8336,309.9,1.7,1.3,2014-09-09,1635,Aqua,MODIS,78,6.2,295.7,15.9,N,0
-15.7965,127.7548,307.2,1.7,1.3,2014-09-09,1635,Aqua,MODIS,57,6.2,294.6,13.1,N,0
-15.8106,127.7681,328.5,1.7,1.3,2014-09-09,1635,Aqua,MODIS,100,6.2,297.3,52.5,N,0
-15.7634,127.7512,309.8,1.7,1.3,2014-09-09,1635,Aqua,MODIS,78,6.2,295.9,17.9,N,0
-17.4575,135.026,305.6,1.2,1.1,2014-09-09,1635,Aqua,MODIS,65,6.2,289.2,9.7,N,0
-17.3757,135.022,301.2,1.2,1.1,2014-09-09,1635,Aqua,MODIS,29,6.2,289.7,5.7,N,0
-16.795,132.5788,309.7,1,1,2014-09-09,1635,Aqua,MODIS,78,6.2,291.1,9.6,N,0
-16.7963,132.5881,318.7,1,1,2014-09-09,1635,Aqua,MODIS,97,6.2,292.1,16.8,N,0
-16.8039,132.5774,318.8,1,1,2014-09-09,1635,Aqua,MODIS,97,6.2,290.8,16.4,N,0
-16.8053,132.5867,333.6,1,1,2014-09-09,1635,Aqua,MODIS,100,6.2,292.5,33.5,N,0
-16.785,135.2604,308.1,1.2,1.1,2014-09-09,1635,Aqua,MODIS,74,6.2,291.5,11.5,N,0
-16.9515,135.3602,307.1,1.2,1.1,2014-09-09,1635,Aqua,MODIS,70,6.2,289.3,10,N,0
-18.5755,127.4133,353.1,1.6,1.2,2014-09-09,1635,Aqua,MODIS,100,6.2,296.9,134.9,N,0
-18.584,127.3961,314.9,1.6,1.2,2014-09-09,1635,Aqua,MODIS,90,6.2,291.2,25.1,N,0
-18.5865,127.4111,378.6,1.6,1.2,2014-09-09,1635,Aqua,MODIS,100,6.2,298.9,290.2,N,0
-18.5891,127.426,312.2,1.6,1.2,2014-09-09,1635,Aqua,MODIS,81,6.2,291.7,20.5,N,0
-18.5976,127.4089,310,1.6,1.2,2014-09-09,1635,Aqua,MODIS,51,6.2,291.3,17.5,N,0
-18.6001,127.4238,308.7,1.6,1.2,2014-09-09,1635,Aqua,MODIS,44,6.2,290.5,15.7,N,0
-18.587,127.4052,353.1,1.6,1.2,2014-09-09,1635,Aqua,MODIS,100,6.2,295.4,135.4,N,0
-18.5896,127.4201,335.1,1.6,1.2,2014-09-09,1635,Aqua,MODIS,100,6.2,295.6,69.3,N,0
-18.6007,127.418,311.9,1.6,1.2,2014-09-09,1635,Aqua,MODIS,49,6.2,291,19.7,N,0
-18.6092,127.4009,303.3,1.6,1.2,2014-09-09,1635,Aqua,MODIS,33,6.2,290.1,10,N,0
-18.6118,127.4158,304.4,1.6,1.2,2014-09-09,1635,Aqua,MODIS,44,6.2,290.8,11,N,0
-18.6229,127.4138,304.4,1.6,1.2,2014-09-09,1635,Aqua,MODIS,26,6.2,291.4,11,N,0
-18.5336,127.4366,304.3,1.6,1.2,2014-09-09,1635,Aqua,MODIS,40,6.2,293.3,10.3,N,0
-18.5507,127.4026,322.7,1.6,1.2,2014-09-09,1635,Aqua,MODIS,100,6.2,294.7,39.1,N,0
-18.5533,127.4176,335.3,1.6,1.2,2014-09-09,1635,Aqua,MODIS,100,6.2,296.5,69.5,N,0
-18.5618,127.4005,353.4,1.6,1.2,2014-09-09,1635,Aqua,MODIS,100,6.2,295.8,137.3,N,0
-18.5644,127.4155,345.6,1.6,1.2,2014-09-09,1635,Aqua,MODIS,100,6.2,297,103.7,N,0
-18.5729,127.3983,331.2,1.6,1.2,2014-09-09,1635,Aqua,MODIS,100,6.2,292.6,58.8,N,0
-12.1842,141.9228,316.7,3.2,1.7,2014-09-10,0020,Terra,MODIS,58,6.2,300.9,56.1,D,0
-12.2476,142.4423,316.8,3,1.6,2014-09-10,0020,Terra,MODIS,59,6.2,296.2,33.9,D,0
-12.2523,142.4622,326.1,2.9,1.6,2014-09-10,0020,Terra,MODIS,79,6.2,297.9,73.9,D,0
-12.2524,142.4693,322.7,2.9,1.6,2014-09-10,0020,Terra,MODIS,75,6.2,297.8,57.9,D,0
-11.8177,142.2625,328.6,3.1,1.7,2014-09-10,0020,Terra,MODIS,82,6.2,295.8,111.7,D,0
-12.5881,142.2054,312.6,3,1.7,2014-09-10,0021,Terra,MODIS,36,6.2,294.5,18.3,D,0
-14.9333,144.9426,316.2,1.7,1.3,2014-09-10,0021,Terra,MODIS,65,6.2,296.3,19.2,D,0
-14.9306,144.9271,312.2,1.7,1.3,2014-09-10,0021,Terra,MODIS,20,6.2,296.9,11.6,D,0
-12.6177,142.4582,325.9,2.9,1.6,2014-09-10,0021,Terra,MODIS,79,6.2,296.1,79.7,D,0
-15.2857,145.249,314.8,1.6,1.2,2014-09-10,0021,Terra,MODIS,48,6.2,297.4,13.4,D,0
-12.6321,142.0237,314.3,3.1,1.7,2014-09-10,0021,Terra,MODIS,50,6.2,299,25.2,D,0
-12.6182,142.4511,326.4,2.9,1.6,2014-09-10,0021,Terra,MODIS,80,6.2,295.8,82.3,D,0
-14.9046,142.0474,318,2.8,1.6,2014-09-10,0021,Terra,MODIS,65,6.2,301.2,32.5,D,0
-13.7003,141.9193,311.2,3,1.7,2014-09-10,0021,Terra,MODIS,33,6.2,296.6,21,D,0
-14.8999,142.0216,315.4,2.8,1.6,2014-09-10,0021,Terra,MODIS,47,6.2,300.8,22,D,0
-12.9578,141.8776,320.1,3.2,1.7,2014-09-10,0021,Terra,MODIS,25,6.2,298.2,53.1,D,0
-14.3291,142.0132,315.6,2.9,1.6,2014-09-10,0021,Terra,MODIS,57,6.2,298.8,32.8,D,0
-14.3299,142.0069,316.8,2.9,1.6,2014-09-10,0021,Terra,MODIS,66,6.2,298.5,41,D,0
-12.3474,141.725,312.1,3.3,1.7,2014-09-10,0021,Terra,MODIS,38,6.2,294.8,28.3,D,0
-23.6858,151.2556,312,1.2,1.1,2014-09-10,0023,Terra,MODIS,22,6.2,296.9,8.1,D,0
-26.924,152.6754,319.4,1.7,1.3,2014-09-10,0024,Terra,MODIS,73,6.2,296.8,26.2,D,0
-26.5674,147.9579,317.9,1,1,2014-09-10,0024,Terra,MODIS,63,6.2,304.9,6.7,D,0
-26.5688,147.968,316.3,1,1,2014-09-10,0024,Terra,MODIS,59,6.2,303.4,5.5,D,0
-25.9082,149.6361,320.9,1.1,1,2014-09-10,0024,Terra,MODIS,72,6.2,302.2,10.3,D,0
-25.9097,149.6471,328.4,1.1,1,2014-09-10,0024,Terra,MODIS,81,6.2,302,20.3,D,0
-26.9355,152.674,315.6,1.7,1.3,2014-09-10,0024,Terra,MODIS,65,6.2,296.2,17.2,D,0
-28.5238,149.9678,314.6,1.2,1.1,2014-09-10,0024,Terra,MODIS,47,6.2,300.1,6.2,D,0
-28.6879,150.1474,317.7,1.2,1.1,2014-09-10,0025,Terra,MODIS,66,6.2,300.4,13.5,D,0
-29.2634,149.4601,315.9,1.2,1.1,2014-09-10,0025,Terra,MODIS,63,6.2,302.2,8.3,D,0
-29.5958,149.525,312.1,1.2,1.1,2014-09-10,0025,Terra,MODIS,55,6.2,299.7,8.4,D,0
-29.8565,148.4511,316.7,1.1,1,2014-09-10,0025,Terra,MODIS,64,6.2,304.7,6,D,0
-28.6284,148.2507,323.8,1,1,2014-09-10,0025,Terra,MODIS,74,6.2,304.8,14.7,D,0
-29.1534,148.9359,318.3,1.1,1,2014-09-10,0025,Terra,MODIS,65,6.2,304.4,9.1,D,0
-29.858,148.4622,324.3,1.1,1,2014-09-10,0025,Terra,MODIS,76,6.2,304.8,14.3,D,0
-31.9614,147.591,311.3,1.1,1,2014-09-10,0025,Terra,MODIS,70,6.2,294.2,9,D,0
-31.9628,147.6022,305.1,1.1,1,2014-09-10,0025,Terra,MODIS,59,6.2,293.1,4.4,D,0
-33.4601,147.1418,302.8,1,1,2014-09-10,0026,Terra,MODIS,54,6.2,290.6,4.8,D,0
-37.8372,144.7929,302.6,1,1,2014-09-10,0027,Terra,MODIS,30,6.2,286.9,4.2,D,0
-13.5636,131.5308,328.7,2,1.4,2014-09-10,0159,Terra,MODIS,72,6.2,310.3,30.7,D,0
-13.9039,135.4203,321.5,4,1.9,2014-09-10,0159,Terra,MODIS,24,6.2,306.6,58.6,D,0
-12.9881,132.6873,327.3,2.4,1.5,2014-09-10,0159,Terra,MODIS,52,6.2,307.9,40.2,D,0
-12.993,132.6934,327.4,2.4,1.5,2014-09-10,0159,Terra,MODIS,51,6.2,309,40.7,D,0
-13.4495,130.7285,328.7,1.7,1.3,2014-09-10,0159,Terra,MODIS,54,6.2,308.3,21.7,D,0
-14.2348,132.2326,333.9,2.3,1.5,2014-09-10,0159,Terra,MODIS,80,6.2,307.4,70.5,D,0
-13.4573,135.3584,320.6,3.9,1.8,2014-09-10,0159,Terra,MODIS,46,6.2,304.8,58.8,D,0
-14.2323,132.2117,334.5,2.3,1.5,2014-09-10,0159,Terra,MODIS,81,6.2,307.3,72.1,D,0
-13.6026,133.3346,330.2,2.7,1.6,2014-09-10,0159,Terra,MODIS,65,6.2,310.2,57.7,D,0
-13.5078,130.7464,341.1,1.7,1.3,2014-09-10,0159,Terra,MODIS,87,6.2,310.2,61.6,D,0
-13.5098,130.7621,371.3,1.7,1.3,2014-09-10,0159,Terra,MODIS,100,6.2,312.7,226.4,D,0
-13.7036,135.0617,348.7,3.7,1.8,2014-09-10,0159,Terra,MODIS,93,6.2,305.4,313.9,D,0
-13.7,135.0274,323.6,3.7,1.8,2014-09-10,0159,Terra,MODIS,36,6.2,304.2,67.7,D,0
-13.7072,135.096,334.5,3.7,1.8,2014-09-10,0159,Terra,MODIS,81,6.2,306,142.4,D,0
-13.7082,135.0322,327.2,3.7,1.8,2014-09-10,0159,Terra,MODIS,63,6.2,303,95.8,D,0
-13.6909,135.0978,327.9,3.7,1.8,2014-09-10,0159,Terra,MODIS,50,6.2,307.3,79,D,0
-12.0309,136.4689,314.1,4.5,2,2014-09-10,0159,Terra,MODIS,44,6.2,295,53.8,D,0
-13.4455,130.6973,336.5,1.7,1.3,2014-09-10,0159,Terra,MODIS,78,6.2,310.7,47.6,D,0
-13.4475,130.7129,332.8,1.7,1.3,2014-09-10,0159,Terra,MODIS,67,6.2,309.4,33.9,D,0
-13.7121,135.0663,336.8,3.7,1.8,2014-09-10,0159,Terra,MODIS,84,6.2,303.4,174.9,D,0
-13.6996,135.1023,335.3,3.7,1.8,2014-09-10,0159,Terra,MODIS,82,6.2,307.3,148.3,D,0
-13.6169,133.3331,324.3,2.7,1.6,2014-09-10,0159,Terra,MODIS,41,6.2,308.2,31.1,D,0
-13.6958,135.068,341.7,3.7,1.8,2014-09-10,0159,Terra,MODIS,88,6.2,306.3,220.4,D,0
-13.8988,135.4265,323.4,4,1.9,2014-09-10,0159,Terra,MODIS,55,6.2,306.9,75.3,D,0
-13.5138,130.7937,328.6,1.7,1.3,2014-09-10,0159,Terra,MODIS,57,6.2,311,21.8,D,0
-13.5118,130.7778,344.6,1.7,1.3,2014-09-10,0159,Terra,MODIS,90,6.2,312.1,75.1,D,0
-11.5407,132.84,327.5,2.3,1.5,2014-09-10,0159,Terra,MODIS,66,6.2,309,44.9,D,0
-13.5664,131.524,327,2,1.4,2014-09-10,0159,Terra,MODIS,65,6.2,310.1,23.6,D,0
-14.747,133.1184,324.1,2.7,1.6,2014-09-10,0159,Terra,MODIS,53,6.2,310.3,33.2,D,0
-14.7574,133.1227,323.7,2.7,1.6,2014-09-10,0159,Terra,MODIS,57,6.2,309,33.4,D,0
-13.639,135.2202,324.6,3.8,1.8,2014-09-10,0159,Terra,MODIS,42,6.2,307.1,72.7,D,0
-14.7545,133.0977,326.7,2.7,1.6,2014-09-10,0159,Terra,MODIS,71,6.2,308.8,47.1,D,0
-14.2192,132.2134,327.6,2.3,1.5,2014-09-10,0159,Terra,MODIS,70,6.2,307.3,40.2,D,0
-13.0899,132.7422,340.2,2.4,1.5,2014-09-10,0159,Terra,MODIS,87,6.2,308.2,102.2,D,0
-14.2223,132.2198,322.6,2.3,1.5,2014-09-10,0159,Terra,MODIS,53,6.2,307.1,20.3,D,0
-14.2197,132.1988,327,2.3,1.5,2014-09-10,0159,Terra,MODIS,69,6.2,307.2,36.2,D,0
-13.0848,132.7372,332,2.4,1.5,2014-09-10,0159,Terra,MODIS,71,6.2,309.1,61.6,D,0
-13.0983,132.7356,326.4,2.4,1.5,2014-09-10,0159,Terra,MODIS,49,6.2,306.8,40.1,D,0
-13.5742,133.3375,323.7,2.7,1.6,2014-09-10,0159,Terra,MODIS,45,6.2,309.3,27.7,D,0
-13.606,133.3274,333.6,2.7,1.6,2014-09-10,0159,Terra,MODIS,79,6.2,309.5,79.4,D,0
-14.7958,134.774,324.9,3.6,1.8,2014-09-10,0159,Terra,MODIS,51,6.2,309.2,50,D,0
-12.8853,132.5609,342,2.3,1.5,2014-09-10,0159,Terra,MODIS,87,6.2,311,108.6,D,0
-12.4744,131.1479,350.1,1.8,1.3,2014-09-10,0159,Terra,MODIS,94,6.2,310.3,112.4,D,0
-13.1845,130.8925,326.2,1.7,1.3,2014-09-10,0159,Terra,MODIS,54,6.2,309.7,18.4,D,0
-12.6238,130.7963,328.1,1.7,1.3,2014-09-10,0159,Terra,MODIS,47,6.2,307.3,27.4,D,0
-14.7878,134.7695,322.9,3.6,1.8,2014-09-10,0159,Terra,MODIS,23,6.2,309.2,42.1,D,0
-12.9109,132.5736,331.2,2.3,1.5,2014-09-10,0159,Terra,MODIS,59,6.2,308.4,52.1,D,0
-12.8951,132.5541,357.7,2.3,1.5,2014-09-10,0159,Terra,MODIS,98,6.2,309.4,227,D,0
-14.7006,134.9563,322,3.8,1.8,2014-09-10,0159,Terra,MODIS,51,6.2,307.7,56.9,D,0
-13.1728,130.894,337.7,1.7,1.3,2014-09-10,0159,Terra,MODIS,84,6.2,312.8,52.2,D,0
-12.9083,132.5524,332.6,2.3,1.5,2014-09-10,0159,Terra,MODIS,68,6.2,306.5,62.7,D,0
-12.7697,131.9484,326.7,2.1,1.4,2014-09-10,0159,Terra,MODIS,65,6.2,311.6,22.5,D,0
-12.8985,132.5593,361.8,2.3,1.5,2014-09-10,0159,Terra,MODIS,100,6.2,310.4,259.4,D,0
-12.8819,132.5557,343.4,2.3,1.5,2014-09-10,0159,Terra,MODIS,89,6.2,310.9,118.9,D,0
-12.7822,131.9468,331.3,2.1,1.4,2014-09-10,0159,Terra,MODIS,78,6.2,310.9,38.5,D,0
-13.0716,134.3661,326,3.2,1.7,2014-09-10,0159,Terra,MODIS,57,6.2,305.6,60.7,D,0
-13.3009,134.7689,339.2,3.5,1.8,2014-09-10,0159,Terra,MODIS,86,6.2,309.2,170.8,D,0
-12.1218,133.9804,326.8,2.9,1.6,2014-09-10,0159,Terra,MODIS,73,6.2,305.8,52.9,D,0
-14.4157,133.0607,326.7,2.7,1.6,2014-09-10,0159,Terra,MODIS,66,6.2,311.1,32.4,D,0
-14.4513,133.0762,326.8,2.7,1.6,2014-09-10,0159,Terra,MODIS,57,6.2,310.7,30.4,D,0
-13.3045,134.801,329.4,3.5,1.8,2014-09-10,0159,Terra,MODIS,74,6.2,307.3,87.6,D,0
-13.3913,134.5251,344.3,3.3,1.7,2014-09-10,0159,Terra,MODIS,90,6.2,304.7,225.3,D,0
-13.3758,134.5269,345.3,3.3,1.7,2014-09-10,0159,Terra,MODIS,91,6.2,306,230.8,D,0
-13.3958,134.5317,331.3,3.3,1.7,2014-09-10,0159,Terra,MODIS,77,6.2,304.2,108.3,D,0
-13.3803,134.5335,345.4,3.3,1.7,2014-09-10,0159,Terra,MODIS,91,6.2,305.8,231.7,D,0
-13.3768,134.5029,334.6,3.3,1.7,2014-09-10,0159,Terra,MODIS,81,6.2,304.2,126.5,D,0
-13.3613,134.5047,322.1,3.3,1.7,2014-09-10,0159,Terra,MODIS,34,6.2,305.9,41,D,0
-12.602,132.2758,324.2,2.2,1.4,2014-09-10,0159,Terra,MODIS,54,6.2,310.9,26.5,D,0
-13.295,134.7646,331.9,3.5,1.8,2014-09-10,0159,Terra,MODIS,78,6.2,309.8,102.9,D,0
-12.9844,134.1189,329,3.1,1.7,2014-09-10,0159,Terra,MODIS,75,6.2,307.6,77,D,0
-12.9824,134.0977,327.9,3,1.7,2014-09-10,0159,Terra,MODIS,72,6.2,306.5,68,D,0
-12.9857,134.1254,324.6,3.1,1.7,2014-09-10,0159,Terra,MODIS,38,6.2,307.3,48.8,D,0
-12.9813,134.0909,323.3,3,1.7,2014-09-10,0159,Terra,MODIS,55,6.2,305.7,42.9,D,0
-13.3107,134.7627,324.2,3.5,1.8,2014-09-10,0159,Terra,MODIS,64,6.2,308,51.4,D,0
-13.2984,134.7966,329.5,3.5,1.8,2014-09-10,0159,Terra,MODIS,72,6.2,307.5,86.6,D,0
-14.6357,132.097,325.8,2.3,1.5,2014-09-10,0159,Terra,MODIS,31,6.2,310.4,25.1,D,0
-14.6226,132.0986,328.1,2.3,1.5,2014-09-10,0159,Terra,MODIS,61,6.2,309.6,32.7,D,0
-12.2075,133.4211,325.1,2.6,1.6,2014-09-10,0159,Terra,MODIS,61,6.2,308.4,30.8,D,0
-13.4619,135.2503,320.8,3.8,1.8,2014-09-10,0159,Terra,MODIS,33,6.2,304.1,57.2,D,0
-13.2093,135.1236,323.8,3.7,1.8,2014-09-10,0159,Terra,MODIS,54,6.2,305.9,44.6,D,0
-13.2172,135.1171,325.7,3.7,1.8,2014-09-10,0159,Terra,MODIS,69,6.2,306.8,60.9,D,0
-13.0743,134.3711,323.8,3.2,1.7,2014-09-10,0159,Terra,MODIS,50,6.2,305.5,49.3,D,0
-11.5572,131.2136,327.3,1.7,1.3,2014-09-10,0159,Terra,MODIS,53,6.2,308.3,28.8,D,0
-12.9909,134.2981,323.2,3.2,1.7,2014-09-10,0159,Terra,MODIS,25,6.2,305.8,46.4,D,0
-12.9883,134.2915,324.5,3.2,1.7,2014-09-10,0159,Terra,MODIS,39,6.2,306.3,51.2,D,0
-12.9723,134.2708,323.6,3.1,1.7,2014-09-10,0159,Terra,MODIS,49,6.2,305.9,51.1,D,0
-11.4568,130.8752,336.9,1.6,1.3,2014-09-10,0159,Terra,MODIS,85,6.2,308.5,57,D,0
-12.1231,133.9749,324,2.9,1.6,2014-09-10,0159,Terra,MODIS,67,6.2,305.3,38.2,D,0
-11.5436,131.1994,344,1.7,1.3,2014-09-10,0159,Terra,MODIS,90,6.2,309.9,83.6,D,0
-11.5456,131.2151,325.6,1.7,1.3,2014-09-10,0159,Terra,MODIS,46,6.2,307.7,24.3,D,0
-12.2956,134.5486,318.9,3.2,1.7,2014-09-10,0159,Terra,MODIS,46,6.2,302.3,34,D,0
-13.4684,135.2422,323.6,3.8,1.8,2014-09-10,0159,Terra,MODIS,61,6.2,303.6,79.8,D,0
-13.4742,135.2125,320,3.8,1.8,2014-09-10,0159,Terra,MODIS,26,6.2,301.9,53.1,D,0
-13.3926,134.6825,322.2,3.4,1.7,2014-09-10,0159,Terra,MODIS,40,6.2,304.9,44.2,D,0
-13.3825,134.6907,322.6,3.4,1.7,2014-09-10,0159,Terra,MODIS,35,6.2,306,44.5,D,0
-13.3546,134.7257,327,3.4,1.7,2014-09-10,0159,Terra,MODIS,61,6.2,306.8,70.6,D,0
-13.3703,134.724,322.7,3.4,1.7,2014-09-10,0159,Terra,MODIS,45,6.2,306.5,43.1,D,0
-13.6912,129.8564,379.1,1.5,1.2,2014-09-10,0159,Terra,MODIS,100,6.2,305,250.8,D,0
-13.6803,129.8578,398.9,1.5,1.2,2014-09-10,0159,Terra,MODIS,100,6.2,316.3,420.8,D,0
-14.2194,132.305,334,2.3,1.5,2014-09-10,0159,Terra,MODIS,53,6.2,306.8,58.5,D,0
-14.1533,132.313,328.7,2.3,1.5,2014-09-10,0159,Terra,MODIS,26,6.2,309,38.9,D,0
-14.1641,132.2905,334.9,2.3,1.5,2014-09-10,0159,Terra,MODIS,59,6.2,309.9,61.2,D,0
-14.1666,132.3115,350.3,2.3,1.5,2014-09-10,0159,Terra,MODIS,94,6.2,309.9,156.5,D,0
-13.9971,129.8192,323,1.5,1.2,2014-09-10,0159,Terra,MODIS,45,6.2,304.9,16.1,D,0
-13.9954,129.8055,327.4,1.5,1.2,2014-09-10,0159,Terra,MODIS,67,6.2,304.9,25.9,D,0
-13.9929,129.8118,331.7,1.5,1.2,2014-09-10,0159,Terra,MODIS,77,6.2,305.5,35.5,D,0
-13.693,129.87,396.5,1.5,1.2,2014-09-10,0159,Terra,MODIS,100,6.2,309,400.1,D,0
-13.6821,129.8714,346.3,1.5,1.2,2014-09-10,0159,Terra,MODIS,91,6.2,311.2,76.3,D,0
-14.2421,132.2954,356.6,2.3,1.5,2014-09-10,0159,Terra,MODIS,98,6.2,306.1,216.8,D,0
-14.2396,132.2743,337,2.3,1.5,2014-09-10,0159,Terra,MODIS,75,6.2,306.5,85.3,D,0
-13.6786,129.8442,336.1,1.5,1.2,2014-09-10,0159,Terra,MODIS,82,6.2,305.7,48.2,D,0
-14.1377,132.2935,327,2.3,1.5,2014-09-10,0159,Terra,MODIS,31,6.2,311.1,31.8,D,0
-18.2574,130.1479,326.8,1.8,1.3,2014-09-10,0200,Terra,MODIS,19,6.2,313.1,17.2,D,0
-18.2236,130.1236,336.4,1.8,1.3,2014-09-10,0200,Terra,MODIS,82,6.2,312.4,48.4,D,0
-18.2594,130.1652,337.9,1.8,1.3,2014-09-10,0200,Terra,MODIS,84,6.2,312.3,55.4,D,0
-18.2118,130.125,334.9,1.8,1.3,2014-09-10,0200,Terra,MODIS,76,6.2,313.1,42.8,D,0
-18.3504,130.1648,325.5,1.8,1.3,2014-09-10,0200,Terra,MODIS,41,6.2,311.2,18.2,D,0
-18.2257,130.1406,327.3,1.8,1.3,2014-09-10,0200,Terra,MODIS,30,6.2,312.1,19.7,D,0
-17.422,135.053,353.2,4.1,1.9,2014-09-10,0200,Terra,MODIS,96,6.2,306.9,439.5,D,0
-17.405,135.0546,330.4,4.1,1.9,2014-09-10,0200,Terra,MODIS,74,6.2,306.2,126.6,D,0
-17.439,135.0515,354.4,4.1,1.9,2014-09-10,0200,Terra,MODIS,97,6.2,305,463.8,D,0
-17.4083,135.0476,336.1,4.1,1.9,2014-09-10,0200,Terra,MODIS,82,6.2,306.5,185.1,D,0
-17.4253,135.0459,356.4,4.1,1.9,2014-09-10,0200,Terra,MODIS,98,6.2,307.2,501.2,D,0
-17.4423,135.0444,345.9,4.1,1.9,2014-09-10,0200,Terra,MODIS,91,6.2,304.4,327.1,D,0
-17.4594,135.0428,335,4.1,1.9,2014-09-10,0200,Terra,MODIS,83,6.2,302.5,177.3,D,0
-17.4764,135.0412,326.3,4.1,1.9,2014-09-10,0200,Terra,MODIS,59,6.2,302,91.2,D,0
-17.4629,135.0374,325.3,4.1,1.9,2014-09-10,0200,Terra,MODIS,39,6.2,302.1,83.1,D,0
-17.5176,135.0712,345.3,4.2,1.9,2014-09-10,0200,Terra,MODIS,91,6.2,305.3,304.8,D,0
-17.4461,135.0834,324.9,4.2,1.9,2014-09-10,0200,Terra,MODIS,60,6.2,303.3,84.6,D,0
-17.4631,135.0818,334.6,4.2,1.9,2014-09-10,0200,Terra,MODIS,81,6.2,302.5,172.6,D,0
-17.4802,135.0802,362.1,4.2,1.9,2014-09-10,0200,Terra,MODIS,100,6.2,303.7,624.2,D,0
-17.4973,135.0786,354.8,4.2,1.9,2014-09-10,0200,Terra,MODIS,97,6.2,303.3,477.2,D,0
-17.5143,135.0768,355.7,4.2,1.9,2014-09-10,0200,Terra,MODIS,97,6.2,305.3,482.6,D,0
-17.4665,135.0764,338.5,4.2,1.9,2014-09-10,0200,Terra,MODIS,86,6.2,302.7,222.9,D,0
-17.4835,135.0747,367.2,4.2,1.9,2014-09-10,0200,Terra,MODIS,100,6.2,304,749.2,D,0
-17.5006,135.073,346.1,4.2,1.9,2014-09-10,0200,Terra,MODIS,92,6.2,303.1,324.1,D,0
-16.7502,132.5514,321.5,2.6,1.6,2014-09-10,0200,Terra,MODIS,31,6.2,308.5,30.4,D,0
-16.8726,132.5806,334.3,2.6,1.6,2014-09-10,0200,Terra,MODIS,81,6.2,307.4,91.8,D,0
-16.8631,132.5762,326.4,2.6,1.6,2014-09-10,0200,Terra,MODIS,11,6.2,308.4,48.4,D,0
-16.8772,132.5747,327.1,2.6,1.6,2014-09-10,0200,Terra,MODIS,66,6.2,306.8,55.8,D,0
-16.8798,132.5994,325.1,2.7,1.6,2014-09-10,0200,Terra,MODIS,54,6.2,306.1,46.5,D,0
-16.7529,132.5759,321.8,2.6,1.6,2014-09-10,0200,Terra,MODIS,37,6.2,307.6,31.6,D,0
-17.5182,135.1161,344.2,4.2,1.9,2014-09-10,0200,Terra,MODIS,90,6.2,305.4,294.2,D,0
-17.5213,135.1105,347.7,4.2,1.9,2014-09-10,0200,Terra,MODIS,93,6.2,305.3,346.3,D,0
-16.9287,135.3381,323.5,4.3,1.9,2014-09-10,0200,Terra,MODIS,28,6.2,308.6,63,D,0
-16.7767,135.2382,325.9,4.2,1.9,2014-09-10,0200,Terra,MODIS,51,6.2,308,83.3,D,0
-15.4485,134.8981,322.8,3.8,1.8,2014-09-10,0200,Terra,MODIS,41,6.2,310.1,42.7,D,0
-15.4689,135.2647,327.4,4.1,1.9,2014-09-10,0200,Terra,MODIS,73,6.2,308.2,110,D,0
-17.5353,135.1143,347.8,4.2,1.9,2014-09-10,0200,Terra,MODIS,93,6.2,305.5,350.7,D,0
-17.5384,135.1087,355.2,4.2,1.9,2014-09-10,0200,Terra,MODIS,97,6.2,306,491.1,D,0
-17.5347,135.0695,323.5,4.2,1.9,2014-09-10,0200,Terra,MODIS,44,6.2,305.2,67.5,D,0
-15.4818,135.2704,328.4,4.1,1.9,2014-09-10,0200,Terra,MODIS,74,6.2,306.3,121.3,D,0
-15.5229,134.8189,328.6,3.8,1.8,2014-09-10,0200,Terra,MODIS,60,6.2,310.1,82.9,D,0
-17.5555,135.107,328.9,4.2,1.9,2014-09-10,0200,Terra,MODIS,75,6.2,304.5,125,D,0
-15.5268,134.8542,354.8,3.8,1.8,2014-09-10,0200,Terra,MODIS,97,6.2,310.8,405.3,D,0
-15.5334,134.8479,381.8,3.8,1.8,2014-09-10,0200,Terra,MODIS,100,6.2,311.1,1009.2,D,0
-15.4858,135.263,327.5,4.1,1.9,2014-09-10,0200,Terra,MODIS,65,6.2,305.3,109.8,D,0
-15.4649,135.2721,331.4,4.1,1.9,2014-09-10,0200,Terra,MODIS,78,6.2,308.9,145.2,D,0
-15.4727,135.3027,321.8,4.1,1.9,2014-09-10,0200,Terra,MODIS,49,6.2,306.8,62,D,0
-17.5314,135.0751,337.2,4.2,1.9,2014-09-10,0200,Terra,MODIS,85,6.2,305.1,194.9,D,0
-15.8019,128.2649,325.8,1.3,1.1,2014-09-10,0200,Terra,MODIS,26,6.2,308.7,11.9,D,0
-15.8235,127.7502,346.3,1.2,1.1,2014-09-10,0200,Terra,MODIS,91,6.2,312.8,45.3,D,0
-15.822,127.7393,333.6,1.2,1.1,2014-09-10,0200,Terra,MODIS,74,6.2,311.5,18.4,D,0
-15.772,127.7354,328.8,1.2,1.1,2014-09-10,0200,Terra,MODIS,43,6.2,311.6,11.5,D,0
-16.4536,124.1484,323.2,1,1,2014-09-10,0200,Terra,MODIS,41,6.2,310.4,7.5,D,0
-16.5007,124.2764,328.1,1,1,2014-09-10,0200,Terra,MODIS,35,6.2,308.5,13.8,D,0
-16.4993,124.2669,329.7,1,1,2014-09-10,0200,Terra,MODIS,25,6.2,309.8,14.6,D,0
-16.4903,124.2683,344.4,1,1,2014-09-10,0200,Terra,MODIS,67,6.2,311.8,36.7,D,0
-16.5232,124.1215,322.7,1,1,2014-09-10,0200,Terra,MODIS,41,6.2,309.5,7,D,0
-15.8519,127.7956,354.7,1.2,1.1,2014-09-10,0200,Terra,MODIS,96,6.2,312.5,73,D,0
-15.8392,127.7928,338.6,1.2,1.1,2014-09-10,0200,Terra,MODIS,79,6.2,314,26.2,D,0
-15.8408,127.786,338.3,1.2,1.1,2014-09-10,0200,Terra,MODIS,65,6.2,314.8,28,D,0
-15.8579,127.84,330.8,1.2,1.1,2014-09-10,0200,Terra,MODIS,73,6.2,308.5,19,D,0
-15.8225,128.268,329.2,1.3,1.1,2014-09-10,0200,Terra,MODIS,51,6.2,310.4,14.2,D,0
-16.5746,124.0937,330.6,1,1,2014-09-10,0200,Terra,MODIS,76,6.2,311.2,14.5,D,0
-15.8505,127.7846,331.8,1.2,1.1,2014-09-10,0200,Terra,MODIS,56,6.2,313.6,17.7,D,0
-15.8617,127.7943,337,1.2,1.1,2014-09-10,0200,Terra,MODIS,74,6.2,309.4,28.3,D,0
-15.9301,128.3911,325.1,1.3,1.1,2014-09-10,0200,Terra,MODIS,58,6.2,310.9,10.4,D,0
-15.8095,128.2458,335.3,1.3,1.1,2014-09-10,0200,Terra,MODIS,58,6.2,311.5,22.6,D,0
-15.808,128.2343,332.9,1.3,1.1,2014-09-10,0200,Terra,MODIS,71,6.2,311.5,17.2,D,0
-15.8119,128.2636,334,1.3,1.1,2014-09-10,0200,Terra,MODIS,43,6.2,310.8,23.5,D,0
-15.8768,127.759,330.9,1.2,1.1,2014-09-10,0200,Terra,MODIS,33,6.2,312.5,14.6,D,0
-15.8228,127.8175,331.4,1.2,1.1,2014-09-10,0200,Terra,MODIS,53,6.2,308.9,16.1,D,0
-15.8243,127.8284,329.2,1.2,1.1,2014-09-10,0200,Terra,MODIS,45,6.2,308.6,13.5,D,0
-15.8325,127.8159,331,1.2,1.1,2014-09-10,0200,Terra,MODIS,55,6.2,309.1,15.8,D,0
-15.8422,127.7971,349.6,1.2,1.1,2014-09-10,0200,Terra,MODIS,93,6.2,312.4,56,D,0
-15.8087,128.24,340.7,1.3,1.1,2014-09-10,0200,Terra,MODIS,86,6.2,311.2,35.7,D,0
-17.767,122.7352,338.9,1.1,1,2014-09-10,0201,Terra,MODIS,83,6.2,316.2,22.9,D,0
-18.7778,128.5722,328.9,1.4,1.2,2014-09-10,0201,Terra,MODIS,66,6.2,314.4,16,D,0
-17.7716,122.7283,326.8,1.1,1,2014-09-10,0201,Terra,MODIS,44,6.2,314.6,6.6,D,0
-17.6573,122.9898,327.3,1.1,1,2014-09-10,0201,Terra,MODIS,47,6.2,315.1,6.3,D,0
-18.8429,128.6602,327.1,1.5,1.2,2014-09-10,0201,Terra,MODIS,52,6.2,314.5,14.2,D,0
-17.7535,122.8945,344.2,1.1,1,2014-09-10,0201,Terra,MODIS,88,6.2,316.1,35.3,D,0
-18.7735,128.6616,328.5,1.4,1.2,2014-09-10,0201,Terra,MODIS,48,6.2,314.6,15.8,D,0
-17.9113,122.9074,330.6,1.1,1,2014-09-10,0201,Terra,MODIS,16,6.2,315.8,11.3,D,0
-19.2153,130.8161,333.1,2.1,1.4,2014-09-10,0201,Terra,MODIS,79,6.2,314.7,40.6,D,0
-21.0891,127.6163,330.3,1.3,1.1,2014-09-10,0201,Terra,MODIS,70,6.2,315.1,18.4,D,0
-18.7827,128.5636,330,1.4,1.2,2014-09-10,0201,Terra,MODIS,55,6.2,314,18.1,D,0
-18.8047,128.5273,332.5,1.4,1.2,2014-09-10,0201,Terra,MODIS,76,6.2,313.2,26,D,0
-20.2419,127.8992,330.9,1.4,1.2,2014-09-10,0201,Terra,MODIS,72,6.2,313.7,19.5,D,0
-21.0875,127.6036,327.3,1.3,1.1,2014-09-10,0201,Terra,MODIS,61,6.2,314.6,12.8,D,0
-18.5255,127.4572,327.1,1.2,1.1,2014-09-10,0201,Terra,MODIS,52,6.2,312.1,11.3,D,0
-18.5095,127.413,330.6,1.2,1.1,2014-09-10,0201,Terra,MODIS,48,6.2,312.7,17.7,D,0
-18.5873,127.3839,333.9,1.2,1.1,2014-09-10,0201,Terra,MODIS,59,6.2,311.7,22.5,D,0
-18.5888,127.3953,348.3,1.2,1.1,2014-09-10,0201,Terra,MODIS,92,6.2,314.8,54.2,D,0
-18.5971,127.3826,351.7,1.2,1.1,2014-09-10,0201,Terra,MODIS,95,6.2,312.6,66.7,D,0
-18.5986,127.3939,344.4,1.2,1.1,2014-09-10,0201,Terra,MODIS,89,6.2,315.4,45,D,0
-18.6085,127.3926,346.5,1.2,1.1,2014-09-10,0201,Terra,MODIS,91,6.2,312.2,51.5,D,0
-18.61,127.404,340.3,1.2,1.1,2014-09-10,0201,Terra,MODIS,85,6.2,314,34.9,D,0
-18.6168,127.3798,336.3,1.2,1.1,2014-09-10,0201,Terra,MODIS,81,6.2,310.9,30.8,D,0
-18.6183,127.3912,352.7,1.2,1.1,2014-09-10,0201,Terra,MODIS,95,6.2,313.4,70.2,D,0
-18.6199,127.4026,334.2,1.2,1.1,2014-09-10,0201,Terra,MODIS,78,6.2,314.1,24.7,D,0
-18.5194,127.4116,361.9,1.2,1.1,2014-09-10,0201,Terra,MODIS,100,6.2,314,96.1,D,0
-18.5209,127.423,349.5,1.2,1.1,2014-09-10,0201,Terra,MODIS,90,6.2,314.8,55.3,D,0
-18.5224,127.4344,342.8,1.2,1.1,2014-09-10,0201,Terra,MODIS,83,6.2,313.2,38.9,D,0
-18.5239,127.4458,381.4,1.2,1.1,2014-09-10,0201,Terra,MODIS,100,6.2,316.5,188.8,D,0
-18.5308,127.4216,351.4,1.2,1.1,2014-09-10,0201,Terra,MODIS,90,6.2,314.8,56.2,D,0
-18.5323,127.433,345,1.2,1.1,2014-09-10,0201,Terra,MODIS,66,6.2,313.6,40.3,D,0
-18.533,127.3634,336.6,1.2,1.1,2014-09-10,0201,Terra,MODIS,82,6.2,310.7,32.1,D,0
-18.5396,127.4022,334.4,1.2,1.1,2014-09-10,0201,Terra,MODIS,46,6.2,314.7,17.5,D,0
-18.5548,127.3653,338.6,1.2,1.1,2014-09-10,0201,Terra,MODIS,84,6.2,314.9,32,D,0
-18.5661,127.3752,345.2,1.2,1.1,2014-09-10,0201,Terra,MODIS,90,6.2,313.1,47.5,D,0
-18.5676,127.3866,330.3,1.2,1.1,2014-09-10,0201,Terra,MODIS,46,6.2,313.5,14.5,D,0
-20.9058,135.2962,324.9,4.7,2,2014-09-10,0201,Terra,MODIS,68,6.2,301.9,126.5,D,0
-20.9239,135.2952,327.9,4.7,2,2014-09-10,0201,Terra,MODIS,73,6.2,303.5,153.1,D,0
-20.9039,135.2914,321.4,4.7,2,2014-09-10,0201,Terra,MODIS,56,6.2,301.6,92.3,D,0
-20.922,135.2902,330.2,4.7,2,2014-09-10,0201,Terra,MODIS,77,6.2,303.4,182.5,D,0
-20.94,135.2892,321.6,4.7,2,2014-09-10,0201,Terra,MODIS,57,6.2,302.7,94,D,0
-21.1744,117.7091,325.2,2,1.4,2014-09-10,0202,Terra,MODIS,70,6.2,309.5,26.5,D,0
-21.2355,117.6966,333.1,2,1.4,2014-09-10,0202,Terra,MODIS,81,6.2,305.1,60.1,D,0
-21.2389,117.7153,331.8,2,1.4,2014-09-10,0202,Terra,MODIS,79,6.2,306,53.1,D,0
-21.2422,117.7336,336.8,1.9,1.4,2014-09-10,0202,Terra,MODIS,85,6.2,307.9,70.9,D,0
-21.2377,117.6894,326.2,2,1.4,2014-09-10,0202,Terra,MODIS,69,6.2,303.7,37.3,D,0
-21.2322,117.6785,331.6,2,1.4,2014-09-10,0202,Terra,MODIS,79,6.2,304.1,55.6,D,0
-21.1125,117.6689,320.7,2,1.4,2014-09-10,0202,Terra,MODIS,44,6.2,308.6,16.8,D,0
-24.3949,119.9075,337.5,1.2,1.1,2014-09-10,0202,Terra,MODIS,86,6.2,307,38,D,0
-24.3969,119.9196,361.5,1.2,1.1,2014-09-10,0202,Terra,MODIS,100,6.2,312.2,108.4,D,0
-24.399,119.9317,324.8,1.2,1.1,2014-09-10,0202,Terra,MODIS,59,6.2,308.6,15.4,D,0
-24.4069,119.9176,371.8,1.2,1.1,2014-09-10,0202,Terra,MODIS,100,6.2,309.8,151,D,0
-21.9892,120.3706,326.2,1.3,1.1,2014-09-10,0202,Terra,MODIS,70,6.2,308.3,18,D,0
-22.5187,122.5921,328.8,1,1,2014-09-10,0202,Terra,MODIS,42,6.2,313.5,12.6,D,0
-22.5202,122.602,331.4,1,1,2014-09-10,0202,Terra,MODIS,51,6.2,314.5,15.2,D,0
-21.9792,120.3725,324.4,1.3,1.1,2014-09-10,0202,Terra,MODIS,66,6.2,309.4,14.7,D,0
-21.2727,120.994,328.2,1.2,1.1,2014-09-10,0202,Terra,MODIS,61,6.2,315.1,12.9,D,0
-21.2704,120.9892,326.7,1.2,1.1,2014-09-10,0202,Terra,MODIS,55,6.2,314.6,11.1,D,0
-24.4629,119.8243,330.4,1.3,1.1,2014-09-10,0202,Terra,MODIS,78,6.2,307,24.7,D,0
-24.4708,119.81,347.5,1.3,1.1,2014-09-10,0202,Terra,MODIS,93,6.2,307.3,64.1,D,0
-24.4729,119.8223,374.5,1.3,1.1,2014-09-10,0202,Terra,MODIS,100,6.2,311.5,167.9,D,0
-26.2137,121.2847,327.5,1,1,2014-09-10,0203,Terra,MODIS,75,6.2,305.6,16.9,D,0
-34.7464,118.3594,302,1.1,1,2014-09-10,0205,Terra,MODIS,47,6.2,289.8,4.7,D,0
-24.1882,151.5968,310.7,3.2,1.7,2014-09-10,0306,Aqua,MODIS,28,6.2,296.2,30.9,D,0
-37.3759,140.1288,309.9,1,1,2014-09-10,0441,Aqua,MODIS,69,6.2,287.3,9.5,D,0
-33.0028,137.5874,311.2,1,1,2014-09-10,0443,Aqua,MODIS,48,6.2,299.6,4.1,D,0
-24.1616,144.4726,333.6,2.7,1.6,2014-09-10,0445,Aqua,MODIS,80,6.2,311.9,76.2,D,0
-24.1669,144.4466,367.1,2.7,1.6,2014-09-10,0445,Aqua,MODIS,100,6.2,316,383,D,0
-24.1477,144.4692,324.7,2.7,1.6,2014-09-10,0445,Aqua,MODIS,65,6.2,311.6,30,D,0
-24.153,144.4432,356.6,2.7,1.6,2014-09-10,0445,Aqua,MODIS,98,6.2,314.6,261.8,D,0
-24.1591,144.4672,348.1,2.7,1.6,2014-09-10,0445,Aqua,MODIS,93,6.2,312.8,180.8,D,0
-24.1642,144.4412,357.4,2.7,1.6,2014-09-10,0445,Aqua,MODIS,98,6.2,316.2,268.4,D,0
-24.1503,144.4377,346.3,2.7,1.6,2014-09-10,0445,Aqua,MODIS,91,6.2,314,166.4,D,0
-24.4221,129.4201,325.3,2.1,1.4,2014-09-10,0445,Aqua,MODIS,59,6.2,311.8,27.7,D,0
-20.9433,135.285,331.3,1,1,2014-09-10,0446,Aqua,MODIS,61,6.2,313,12.5,D,0
-20.9356,135.274,348.2,1,1,2014-09-10,0446,Aqua,MODIS,91,6.2,313.5,41,D,0
-20.253,127.8922,333.8,2.4,1.5,2014-09-10,0446,Aqua,MODIS,74,6.2,315.3,42.8,D,0
-20.2427,127.9079,330.4,2.4,1.5,2014-09-10,0446,Aqua,MODIS,66,6.2,316.5,27.7,D,0
-20.2452,127.8846,331.5,2.4,1.5,2014-09-10,0446,Aqua,MODIS,69,6.2,316.4,33.7,D,0
-21.0787,127.621,337.2,2.6,1.6,2014-09-10,0446,Aqua,MODIS,80,6.2,315.4,76.6,D,0
-21.0811,127.5955,336.5,2.6,1.6,2014-09-10,0446,Aqua,MODIS,79,6.2,315.3,74.9,D,0
-21.0772,127.5903,331.1,2.6,1.6,2014-09-10,0446,Aqua,MODIS,69,6.2,315,45.6,D,0
-21.0746,127.6158,338.6,2.6,1.6,2014-09-10,0446,Aqua,MODIS,82,6.2,314.6,88.7,D,0
-19.1737,130.8663,335.8,1.4,1.2,2014-09-10,0447,Aqua,MODIS,60,6.2,318.1,25,D,0
-18.1794,130.1295,337,1.6,1.2,2014-09-10,0447,Aqua,MODIS,42,6.2,315.4,31.2,D,0
-18.3022,130.1579,333.7,1.6,1.2,2014-09-10,0447,Aqua,MODIS,66,6.2,317.4,25.4,D,0
-18.1683,130.1281,366,1.6,1.2,2014-09-10,0447,Aqua,MODIS,100,6.2,318.7,156.8,D,0
-18.2672,130.1682,340.6,1.6,1.2,2014-09-10,0447,Aqua,MODIS,84,6.2,313.7,46.3,D,0
-18.2654,130.1775,330.4,1.6,1.2,2014-09-10,0447,Aqua,MODIS,35,6.2,312.3,18,D,0
-18.2911,130.1564,335.6,1.6,1.2,2014-09-10,0447,Aqua,MODIS,60,6.2,315.1,27.8,D,0
-18.1701,130.1134,343.4,1.6,1.2,2014-09-10,0447,Aqua,MODIS,87,6.2,319.1,50.5,D,0
-18.2672,130.1628,334.4,1.6,1.2,2014-09-10,0447,Aqua,MODIS,68,6.2,314.1,28.4,D,0
-18.1572,130.1266,333,1.6,1.2,2014-09-10,0447,Aqua,MODIS,68,6.2,317,24.5,D,0
-18.7848,128.5544,332.5,2.1,1.4,2014-09-10,0447,Aqua,MODIS,66,6.2,316.3,34.5,D,0
-18.2687,130.0578,336.3,1.6,1.2,2014-09-10,0447,Aqua,MODIS,78,6.2,315.2,33.7,D,0
-18.193,130.1232,333.5,1.6,1.2,2014-09-10,0447,Aqua,MODIS,64,6.2,318,25,D,0
-19.1754,130.8526,345.6,1.4,1.2,2014-09-10,0447,Aqua,MODIS,89,6.2,321.5,50.9,D,0
-17.5011,135.0465,348.9,1,1,2014-09-10,0447,Aqua,MODIS,92,6.2,316.3,38.4,D,0
-17.4921,135.0451,363.9,1,1,2014-09-10,0447,Aqua,MODIS,100,6.2,319.1,74.9,D,0
-17.4935,135.0357,336.9,1,1,2014-09-10,0447,Aqua,MODIS,78,6.2,316.4,17,D,0
-17.479,135.0719,357.4,1,1,2014-09-10,0447,Aqua,MODIS,98,6.2,319.1,56.4,D,0
-17.4624,135.0596,338.4,1,1,2014-09-10,0447,Aqua,MODIS,53,6.2,316.2,18.4,D,0
-17.4369,135.0498,330.8,1,1,2014-09-10,0447,Aqua,MODIS,18,6.2,316.8,8.7,D,0
-17.4279,135.0483,332.7,1,1,2014-09-10,0447,Aqua,MODIS,40,6.2,316.7,11,D,0
-17.3573,135.0274,345.1,1,1,2014-09-10,0447,Aqua,MODIS,61,6.2,318.8,28.4,D,0
-17.3473,135.0288,335.9,1,1,2014-09-10,0447,Aqua,MODIS,29,6.2,317.1,14.1,D,0
-17.3487,135.0194,338.8,1,1,2014-09-10,0447,Aqua,MODIS,52,6.2,319.1,18.1,D,0
-17.3217,135.015,356.9,1,1,2014-09-10,0447,Aqua,MODIS,97,6.2,318.3,55.2,D,0
-17.3231,135.0057,349.4,1,1,2014-09-10,0447,Aqua,MODIS,92,6.2,320.8,37.4,D,0
-17.3127,135.0136,333,1,1,2014-09-10,0447,Aqua,MODIS,55,6.2,316.1,11,D,0
-17.3141,135.0042,357.7,1,1,2014-09-10,0447,Aqua,MODIS,98,6.2,319.2,58.5,D,0
-17.3154,134.9948,340.3,1,1,2014-09-10,0447,Aqua,MODIS,81,6.2,319,20.5,D,0
-16.5509,137.0858,336.4,1.2,1.1,2014-09-10,0447,Aqua,MODIS,78,6.2,319.5,19.2,D,0
-16.5412,137.0841,338.8,1.2,1.1,2014-09-10,0447,Aqua,MODIS,77,6.2,318.4,23.6,D,0
-17.4956,135.0842,337.2,1,1,2014-09-10,0447,Aqua,MODIS,59,6.2,317.4,16.1,D,0
-17.4866,135.0827,364.9,1,1,2014-09-10,0447,Aqua,MODIS,100,6.2,318,77.8,D,0
-17.4776,135.0813,363.5,1,1,2014-09-10,0447,Aqua,MODIS,100,6.2,314.9,74.5,D,0
-16.8296,132.5546,333.7,1.1,1,2014-09-10,0447,Aqua,MODIS,34,6.2,311.7,12.8,D,0
-16.8216,132.543,359.8,1.1,1,2014-09-10,0447,Aqua,MODIS,99,6.2,312.3,78.1,D,0
-16.8122,132.5416,344.2,1.1,1,2014-09-10,0447,Aqua,MODIS,85,6.2,311.5,38.8,D,0
-16.8136,132.5313,337.5,1.1,1,2014-09-10,0447,Aqua,MODIS,69,6.2,308.2,28.6,D,0
-16.756,132.5579,346.4,1.1,1,2014-09-10,0447,Aqua,MODIS,90,6.2,314.7,39.3,D,0
-16.7629,132.5068,342.6,1.1,1,2014-09-10,0447,Aqua,MODIS,85,6.2,309.1,38.7,D,0
-16.7466,132.5566,330.9,1.1,1,2014-09-10,0447,Aqua,MODIS,27,6.2,313.8,12.2,D,0
-16.7521,132.5156,334.2,1.1,1,2014-09-10,0447,Aqua,MODIS,45,6.2,311.7,19.5,D,0
-16.7535,132.5054,391.8,1.1,1,2014-09-10,0447,Aqua,MODIS,100,6.2,319.2,220.7,D,0
-16.7549,132.4951,352.2,1.1,1,2014-09-10,0447,Aqua,MODIS,95,6.2,309,62.8,D,0
-16.7427,132.5143,336.3,1.1,1,2014-09-10,0447,Aqua,MODIS,71,6.2,311.2,22.9,D,0
-16.7441,132.504,395.8,1.1,1,2014-09-10,0447,Aqua,MODIS,100,6.2,316.5,244.8,D,0
-16.7455,132.4938,340.1,1.1,1,2014-09-10,0447,Aqua,MODIS,84,6.2,307.1,35.1,D,0
-16.8888,132.5792,334.9,1.1,1,2014-09-10,0447,Aqua,MODIS,43,6.2,310.9,20.7,D,0
-16.8781,132.588,361.3,1.1,1,2014-09-10,0447,Aqua,MODIS,100,6.2,314.3,79,D,0
-16.8674,132.5969,340.3,1.1,1,2014-09-10,0447,Aqua,MODIS,81,6.2,314.7,26,D,0
-16.8687,132.5867,354.1,1.1,1,2014-09-10,0447,Aqua,MODIS,96,6.2,316.1,55.6,D,0
-16.8616,132.601,335,1.1,1,2014-09-10,0447,Aqua,MODIS,57,6.2,314.8,18.4,D,0
-16.863,132.5908,345.6,1.1,1,2014-09-10,0447,Aqua,MODIS,89,6.2,317.1,38.4,D,0
-17.0875,134.7298,335.3,1,1,2014-09-10,0447,Aqua,MODIS,64,6.2,322.4,9.6,D,0
-16.7546,132.5682,333.8,1.1,1,2014-09-10,0447,Aqua,MODIS,33,6.2,314.9,16,D,0
-16.7786,132.5784,341.6,1.1,1,2014-09-10,0447,Aqua,MODIS,86,6.2,316.6,30.7,D,0
-16.78,132.5682,329.6,1.1,1,2014-09-10,0447,Aqua,MODIS,25,6.2,315.2,10,D,0
-17.5082,135.1247,340.4,1,1,2014-09-10,0447,Aqua,MODIS,83,6.2,310.6,24.8,D,0
-17.5096,135.1153,390.9,1,1,2014-09-10,0447,Aqua,MODIS,100,6.2,320.8,185.7,D,0
-17.5005,135.1139,342.2,1,1,2014-09-10,0447,Aqua,MODIS,85,6.2,312.9,27,D,0
-17.5019,135.1044,352.3,1,1,2014-09-10,0447,Aqua,MODIS,94,6.2,315.8,45.3,D,0
-17.4929,135.103,385.7,1,1,2014-09-10,0447,Aqua,MODIS,100,6.2,317.4,158.3,D,0
-17.4943,135.0936,405.5,1,1,2014-09-10,0447,Aqua,MODIS,100,6.2,324.6,268.2,D,0
-17.4853,135.0921,350.9,1,1,2014-09-10,0447,Aqua,MODIS,87,6.2,312.3,43.1,D,0
-16.9,135.3187,331.9,1,1,2014-09-10,0447,Aqua,MODIS,65,6.2,318.6,10.4,D,0
-16.891,135.3172,332.5,1,1,2014-09-10,0447,Aqua,MODIS,67,6.2,317.6,11.5,D,0
-16.7914,135.2471,338.7,1,1,2014-09-10,0447,Aqua,MODIS,36,6.2,315.8,17.7,D,0
-16.7809,135.2551,338.2,1,1,2014-09-10,0447,Aqua,MODIS,35,6.2,318.4,16.8,D,0
-16.9401,135.361,342.2,1,1,2014-09-10,0447,Aqua,MODIS,24,6.2,319.8,22.8,D,0
-16.9321,135.353,335.9,1,1,2014-09-10,0447,Aqua,MODIS,75,6.2,317,16.1,D,0
-16.9334,135.3435,333.3,1,1,2014-09-10,0447,Aqua,MODIS,69,6.2,318.1,12,D,0
-16.9258,135.3325,331.7,1,1,2014-09-10,0447,Aqua,MODIS,23,6.2,318,8.8,D,0
-16.6728,136.8891,335.5,1.2,1.1,2014-09-10,0447,Aqua,MODIS,34,6.2,318.3,15.5,D,0
-16.7547,135.2441,335.7,1,1,2014-09-10,0447,Aqua,MODIS,14,6.2,317.6,13.5,D,0
-16.7394,135.2222,340.3,1,1,2014-09-10,0447,Aqua,MODIS,67,6.2,317.9,21.1,D,0
-16.7408,135.2128,337.9,1,1,2014-09-10,0447,Aqua,MODIS,55,6.2,319,17.5,D,0
-16.7269,135.1815,334.3,1,1,2014-09-10,0447,Aqua,MODIS,49,6.2,319,12.3,D,0
-16.9945,135.3698,352,1,1,2014-09-10,0447,Aqua,MODIS,94,6.2,318.6,44.9,D,0
-16.9959,135.3603,352.7,1,1,2014-09-10,0447,Aqua,MODIS,94,6.2,318.2,46.6,D,0
-16.7179,135.1801,331.7,1,1,2014-09-10,0447,Aqua,MODIS,15,6.2,317.8,8.7,D,0
-14.3193,141.9914,318,2.8,1.6,2014-09-10,0447,Aqua,MODIS,57,6.2,301.1,30.2,D,0
-15.4441,134.8911,333,1,1,2014-09-10,0447,Aqua,MODIS,31,6.2,319.4,8.2,D,0
-15.4518,134.9019,341.6,1,1,2014-09-10,0447,Aqua,MODIS,84,6.2,319.4,22,D,0
-17.3064,134.9934,384,1,1,2014-09-10,0447,Aqua,MODIS,100,6.2,319.8,149.1,D,0
-17.3078,134.984,355.2,1,1,2014-09-10,0447,Aqua,MODIS,96,6.2,319.6,52.1,D,0
-18.6401,127.3779,335.1,2.5,1.5,2014-09-10,0447,Aqua,MODIS,77,6.2,308.5,82.8,D,0
-18.6238,127.4003,343.8,2.5,1.5,2014-09-10,0447,Aqua,MODIS,88,6.2,314.3,121.7,D,0
-18.6263,127.3764,401.9,2.5,1.5,2014-09-10,0447,Aqua,MODIS,100,6.2,318.4,962,D,0
-18.6288,127.3522,357.6,2.5,1.5,2014-09-10,0447,Aqua,MODIS,98,6.2,309,256.7,D,0
-18.61,127.3987,337,2.5,1.5,2014-09-10,0447,Aqua,MODIS,67,6.2,315.2,70.8,D,0
-18.6125,127.3747,406.2,2.5,1.5,2014-09-10,0447,Aqua,MODIS,100,6.2,319.9,1060.8,D,0
-18.615,127.3506,365.4,2.5,1.5,2014-09-10,0447,Aqua,MODIS,100,6.2,311.4,334,D,0
-18.5987,127.3732,333.9,2.5,1.5,2014-09-10,0447,Aqua,MODIS,17,6.2,312.5,58.2,D,0
-18.6069,127.3692,344.1,2.5,1.5,2014-09-10,0447,Aqua,MODIS,81,6.2,313,123,D,0
-18.568,127.3406,354.2,2.5,1.5,2014-09-10,0447,Aqua,MODIS,96,6.2,313.9,207.1,D,0
-18.5542,127.339,340.3,2.5,1.5,2014-09-10,0447,Aqua,MODIS,84,6.2,313.4,103.3,D,0
-18.5302,127.4331,333.1,2.5,1.5,2014-09-10,0447,Aqua,MODIS,56,6.2,314.8,48.8,D,0
-18.5277,127.4569,330.9,2.5,1.5,2014-09-10,0447,Aqua,MODIS,44,6.2,314,36.4,D,0
-18.8102,128.6812,338.6,2,1.4,2014-09-10,0447,Aqua,MODIS,81,6.2,317.9,57.9,D,0
-18.8093,128.6756,339.7,2,1.4,2014-09-10,0447,Aqua,MODIS,83,6.2,317.9,61.5,D,0
-18.7717,128.6709,331,2,1.4,2014-09-10,0447,Aqua,MODIS,59,6.2,316.8,29.3,D,0
-15.4504,135.7224,365.7,1.1,1,2014-09-10,0447,Aqua,MODIS,100,6.2,317.1,89.5,D,0
-15.5433,134.8464,357.3,1,1,2014-09-10,0447,Aqua,MODIS,98,6.2,319,55.2,D,0
-15.4135,135.7162,334.7,1.1,1,2014-09-10,0447,Aqua,MODIS,58,6.2,316.5,15.2,D,0
-16.2791,136.7978,421,1.2,1.1,2014-09-10,0447,Aqua,MODIS,100,6.2,327.8,471.4,D,0
-16.2158,136.5536,337.5,1.1,1.1,2014-09-10,0447,Aqua,MODIS,54,6.2,317.2,16.5,D,0
-16.1516,136.5575,335.3,1.1,1.1,2014-09-10,0447,Aqua,MODIS,63,6.2,315.5,14.9,D,0
-16.2126,136.5745,335.6,1.1,1.1,2014-09-10,0447,Aqua,MODIS,70,6.2,319.4,13.7,D,0
-16.2728,136.7748,331.8,1.1,1.1,2014-09-10,0447,Aqua,MODIS,66,6.2,311.6,14.5,D,0
-16.2824,136.7764,360.4,1.1,1.1,2014-09-10,0447,Aqua,MODIS,100,6.2,315.2,83.2,D,0
-16.2807,136.7871,385.1,1.2,1.1,2014-09-10,0447,Aqua,MODIS,100,6.2,319.1,190.8,D,0
-15.4213,135.7275,335.3,1.1,1,2014-09-10,0447,Aqua,MODIS,48,6.2,316.8,16.8,D,0
-15.4818,135.2619,350,1,1,2014-09-10,0447,Aqua,MODIS,70,6.2,321.2,39.3,D,0
-15.5169,134.8354,352.6,1,1,2014-09-10,0447,Aqua,MODIS,94,6.2,319.8,41.1,D,0
-16.2142,136.5641,356.3,1.1,1.1,2014-09-10,0447,Aqua,MODIS,97,6.2,317.9,61.2,D,0
-15.8558,136.2086,341.2,1.1,1,2014-09-10,0447,Aqua,MODIS,77,6.2,319.8,26.4,D,0
-16.15,136.568,337,1.1,1.1,2014-09-10,0447,Aqua,MODIS,75,6.2,317.7,17.9,D,0
-15.4714,135.273,349.9,1,1,2014-09-10,0447,Aqua,MODIS,72,6.2,322.7,36.4,D,0
-16.2711,136.7855,332.2,1.2,1.1,2014-09-10,0447,Aqua,MODIS,67,6.2,309.5,14.4,D,0
-15.5079,134.834,345.6,1,1,2014-09-10,0447,Aqua,MODIS,65,6.2,321,27.1,D,0
-14.5134,141.6712,318.6,2.7,1.6,2014-09-10,0447,Aqua,MODIS,59,6.2,300,28.4,D,0
-15.8985,136.1597,345.2,1.1,1,2014-09-10,0447,Aqua,MODIS,72,6.2,317.1,33.8,D,0
-15.8761,136.2016,344.6,1.1,1,2014-09-10,0447,Aqua,MODIS,83,6.2,318.7,31.4,D,0
-15.8667,136.2,383.6,1.1,1,2014-09-10,0447,Aqua,MODIS,100,6.2,323.1,167.8,D,0
-16.2774,136.8085,410.2,1.2,1.1,2014-09-10,0447,Aqua,MODIS,100,6.2,322,369.2,D,0
-16.208,136.5416,335.7,1.1,1.1,2014-09-10,0447,Aqua,MODIS,74,6.2,317.1,15.5,D,0
-15.4728,135.2635,376.1,1,1,2014-09-10,0447,Aqua,MODIS,100,6.2,323.1,112.6,D,0
-15.9078,136.1613,366,1.1,1,2014-09-10,0447,Aqua,MODIS,100,6.2,317.5,90,D,0
-16.1405,136.5664,334.4,1.1,1.1,2014-09-10,0447,Aqua,MODIS,29,6.2,318.8,12.8,D,0
-16.2678,136.8069,348.1,1.2,1.1,2014-09-10,0447,Aqua,MODIS,91,6.2,318.3,46,D,0
-16.205,136.8126,345.3,1.2,1.1,2014-09-10,0447,Aqua,MODIS,88,6.2,316.1,41.4,D,0
-15.3639,135.6815,361.4,1.1,1,2014-09-10,0447,Aqua,MODIS,100,6.2,319.8,75.2,D,0
-15.8573,136.1984,347.6,1.1,1,2014-09-10,0447,Aqua,MODIS,90,6.2,318.6,41.3,D,0
-15.3546,135.6801,348,1.1,1,2014-09-10,0447,Aqua,MODIS,88,6.2,321.8,39.8,D,0
-16.1937,136.8218,341.9,1.2,1.1,2014-09-10,0447,Aqua,MODIS,80,6.2,314,34.8,D,0
-16.1841,136.8202,330.2,1.2,1.1,2014-09-10,0447,Aqua,MODIS,23,6.2,312.6,13.9,D,0
-16.2565,136.8159,333.2,1.2,1.1,2014-09-10,0447,Aqua,MODIS,55,6.2,313.6,16.2,D,0
-15.3731,135.6829,343.2,1.1,1,2014-09-10,0447,Aqua,MODIS,86,6.2,317.6,30.6,D,0
-16.2146,136.8143,344.5,1.2,1.1,2014-09-10,0447,Aqua,MODIS,87,6.2,313.2,39.4,D,0
-16.2162,136.8035,339.9,1.2,1.1,2014-09-10,0447,Aqua,MODIS,81,6.2,317,28.6,D,0
-15.412,135.726,339.5,1.1,1,2014-09-10,0447,Aqua,MODIS,79,6.2,314.9,24.4,D,0
-15.8682,136.1898,350.5,1.1,1,2014-09-10,0447,Aqua,MODIS,92,6.2,314.2,47.7,D,0
-16.2695,136.7962,335.6,1.2,1.1,2014-09-10,0447,Aqua,MODIS,43,6.2,315.4,18.2,D,0
-15.449,135.732,357.8,1.1,1,2014-09-10,0447,Aqua,MODIS,98,6.2,318.4,66.1,D,0
-14.5164,141.6768,319.1,2.7,1.6,2014-09-10,0447,Aqua,MODIS,61,6.2,299.7,31,D,0
-15.4267,135.1976,342.4,1,1,2014-09-10,0447,Aqua,MODIS,85,6.2,316,27.9,D,0
-19.2486,130.8274,331.1,1.4,1.2,2014-09-10,0447,Aqua,MODIS,56,6.2,316,13.2,D,0
-14.7914,141.9296,326.4,2.8,1.6,2014-09-10,0447,Aqua,MODIS,75,6.2,305.7,47.6,D,0
-15.4042,135.2233,337,1,1,2014-09-10,0447,Aqua,MODIS,70,6.2,320.3,16.3,D,0
-15.4469,135.2496,352.6,1,1,2014-09-10,0447,Aqua,MODIS,86,6.2,320.8,40.9,D,0
-15.4483,135.2401,358.2,1,1,2014-09-10,0447,Aqua,MODIS,97,6.2,321.2,57.3,D,0
-15.4462,135.191,340.3,1,1,2014-09-10,0447,Aqua,MODIS,82,6.2,315.3,27.5,D,0
-15.4476,135.1815,337.8,1,1,2014-09-10,0447,Aqua,MODIS,79,6.2,313,23.9,D,0
-15.4344,135.2086,337.9,1,1,2014-09-10,0447,Aqua,MODIS,79,6.2,317.7,20.5,D,0
-15.4358,135.1991,353.9,1,1,2014-09-10,0447,Aqua,MODIS,95,6.2,317.6,53.5,D,0
-15.4372,135.1896,348.9,1,1,2014-09-10,0447,Aqua,MODIS,91,6.2,315.8,43.3,D,0
-15.4028,135.2328,370.9,1,1,2014-09-10,0447,Aqua,MODIS,100,6.2,321.4,100.1,D,0
-15.9296,136.1442,339.4,1.1,1,2014-09-10,0447,Aqua,MODIS,59,6.2,313.1,25.5,D,0
-15.9389,136.1457,336.8,1.1,1,2014-09-10,0447,Aqua,MODIS,50,6.2,312.9,20.6,D,0
-13.4569,130.7175,339,1.2,1.1,2014-09-10,0448,Aqua,MODIS,81,6.2,301,31.8,D,0
-13.447,130.7161,337.5,1.2,1.1,2014-09-10,0448,Aqua,MODIS,73,6.2,306.4,28.5,D,0
-13.4484,130.7046,348.8,1.2,1.1,2014-09-10,0448,Aqua,MODIS,92,6.2,308.1,58,D,0
-12.0101,136.4089,335.7,1.2,1.1,2014-09-10,0448,Aqua,MODIS,82,6.2,310.6,32.5,D,0
-13.8481,136.6957,339.9,1.2,1.1,2014-09-10,0448,Aqua,MODIS,85,6.2,309.1,39.9,D,0
-13.4423,135.3541,343.8,1.1,1,2014-09-10,0448,Aqua,MODIS,56,6.2,317,29.3,D,0
-13.5214,134.5116,333.8,1,1,2014-09-10,0448,Aqua,MODIS,72,6.2,316.2,13,D,0
-13.9748,136.5966,345.4,1.2,1.1,2014-09-10,0448,Aqua,MODIS,90,6.2,308.5,52.7,D,0
-13.4715,135.3487,338.5,1.1,1,2014-09-10,0448,Aqua,MODIS,72,6.2,313.7,24.3,D,0
-13.47,135.3585,348.9,1.1,1,2014-09-10,0448,Aqua,MODIS,92,6.2,317.1,44.6,D,0
-13.4686,135.3683,336.3,1.1,1,2014-09-10,0448,Aqua,MODIS,40,6.2,315.7,18.3,D,0
-13.5515,131.5406,338.6,1.1,1.1,2014-09-10,0448,Aqua,MODIS,81,6.2,318.9,21.2,D,0
-13.4654,130.7303,351.8,1.2,1.1,2014-09-10,0448,Aqua,MODIS,94,6.2,311,64.2,D,0
-13.4584,130.706,336.4,1.2,1.1,2014-09-10,0448,Aqua,MODIS,77,6.2,300.6,26.5,D,0
-12.9645,132.6179,356.3,1,1,2014-09-10,0448,Aqua,MODIS,97,6.2,316.8,57.8,D,0
-14.2392,132.2354,335.7,1.1,1,2014-09-10,0448,Aqua,MODIS,76,6.2,314.7,19.1,D,0
-14.2406,132.2254,341.3,1.1,1,2014-09-10,0448,Aqua,MODIS,84,6.2,316.6,29.3,D,0
-14.2419,132.2156,338.6,1.1,1,2014-09-10,0448,Aqua,MODIS,81,6.2,314,26.2,D,0
-14.2299,132.2341,344.5,1.1,1,2014-09-10,0448,Aqua,MODIS,88,6.2,315.5,34.8,D,0
-14.2313,132.2241,372.7,1.1,1,2014-09-10,0448,Aqua,MODIS,100,6.2,316.1,115.9,D,0
-14.2326,132.2142,360.1,1.1,1,2014-09-10,0448,Aqua,MODIS,100,6.2,314.4,73.6,D,0
-14.234,132.2044,353.4,1.1,1,2014-09-10,0448,Aqua,MODIS,95,6.2,313.4,57,D,0
-13.6438,135.2389,332.7,1.1,1,2014-09-10,0448,Aqua,MODIS,44,6.2,312.9,12.6,D,0
-13.6544,135.2307,353.6,1.1,1,2014-09-10,0448,Aqua,MODIS,95,6.2,317.3,52,D,0
-14.222,132.2228,348.9,1.1,1,2014-09-10,0448,Aqua,MODIS,92,6.2,313.1,44.3,D,0
-13.653,135.2403,350.1,1.1,1,2014-09-10,0448,Aqua,MODIS,93,6.2,317.2,43.8,D,0
-13.6515,135.25,347.9,1.1,1,2014-09-10,0448,Aqua,MODIS,91,6.2,318.1,39.5,D,0
-13.6501,135.2597,352.3,1.1,1,2014-09-10,0448,Aqua,MODIS,94,6.2,319.5,50.4,D,0
-13.7622,135.1843,336.6,1.1,1,2014-09-10,0448,Aqua,MODIS,61,6.2,318.7,13.7,D,0
-13.3775,132.559,342.9,1,1,2014-09-10,0448,Aqua,MODIS,86,6.2,315.3,28,D,0
-13.5529,131.5302,347.8,1.1,1.1,2014-09-10,0448,Aqua,MODIS,91,6.2,317.7,40.9,D,0
-13.6486,135.2694,352.1,1.1,1,2014-09-10,0448,Aqua,MODIS,94,6.2,318.4,50.3,D,0
-13.3788,132.5495,345.2,1,1,2014-09-10,0448,Aqua,MODIS,88,6.2,316.9,32.5,D,0
-14.2233,132.2128,372.7,1.1,1,2014-09-10,0448,Aqua,MODIS,100,6.2,316,118.1,D,0
-14.2247,132.203,340.6,1.1,1,2014-09-10,0448,Aqua,MODIS,83,6.2,311.3,29.3,D,0
-14.2154,132.2016,330.1,1.1,1,2014-09-10,0448,Aqua,MODIS,63,6.2,311.5,14.1,D,0
-13.7488,136.6724,336.2,1.2,1.1,2014-09-10,0448,Aqua,MODIS,61,6.2,307.2,34.2,D,0
-13.7505,136.6611,331.9,1.2,1.1,2014-09-10,0448,Aqua,MODIS,75,6.2,305.4,25.1,D,0
-13.1078,132.7088,350.5,1,1,2014-09-10,0448,Aqua,MODIS,81,6.2,316.2,42.7,D,0
-13.1039,132.737,341.5,1,1,2014-09-10,0448,Aqua,MODIS,16,6.2,318.6,19.4,D,0
-13.739,136.6708,322.8,1.2,1.1,2014-09-10,0448,Aqua,MODIS,25,6.2,306.8,11.4,D,0
-13.7407,136.6595,331.7,1.2,1.1,2014-09-10,0448,Aqua,MODIS,75,6.2,307.4,24.4,D,0
-14.226,132.1931,330.8,1.1,1,2014-09-10,0448,Aqua,MODIS,43,6.2,309.9,13.5,D,0
-13.3697,132.5481,348.6,1,1,2014-09-10,0448,Aqua,MODIS,91,6.2,313.1,40.6,D,0
-12.6748,132.1925,328.1,1,1,2014-09-10,0448,Aqua,MODIS,23,6.2,314.1,7.7,D,0
-12.9916,132.6891,354.9,1,1,2014-09-10,0448,Aqua,MODIS,96,6.2,318.5,53.1,D,0
-12.9929,132.6797,348.1,1,1,2014-09-10,0448,Aqua,MODIS,91,6.2,317.8,37.5,D,0
-12.9839,132.6784,373.7,1,1,2014-09-10,0448,Aqua,MODIS,100,6.2,316.4,111.8,D,0
-12.9852,132.6689,359.1,1,1,2014-09-10,0448,Aqua,MODIS,99,6.2,313.2,65.2,D,0
-12.9632,132.6273,333.4,1,1,2014-09-10,0448,Aqua,MODIS,66,6.2,313.8,12.1,D,0
-14.2167,132.1917,328.4,1.1,1,2014-09-10,0448,Aqua,MODIS,54,6.2,310.5,11.5,D,0
-13.4907,130.7686,360.8,1.2,1.1,2014-09-10,0448,Aqua,MODIS,100,6.2,314.9,90.2,D,0
-14.3099,132.3927,332.1,1.1,1,2014-09-10,0448,Aqua,MODIS,68,6.2,317.3,11.6,D,0
-14.3262,132.2748,328.8,1.1,1,2014-09-10,0448,Aqua,MODIS,13,6.2,312.7,9.6,D,0
-13.4409,130.6864,341.8,1.2,1.1,2014-09-10,0448,Aqua,MODIS,84,6.2,310.6,43.4,D,0
-12.0528,136.4624,328.6,1.2,1.1,2014-09-10,0448,Aqua,MODIS,58,6.2,303.4,17.7,D,0
-13.8087,135.251,336.3,1.1,1,2014-09-10,0448,Aqua,MODIS,69,6.2,316.6,15.6,D,0
-13.7995,135.2495,345,1.1,1,2014-09-10,0448,Aqua,MODIS,88,6.2,318.4,29.2,D,0
-14.2743,132.3775,353,1.1,1,2014-09-10,0448,Aqua,MODIS,95,6.2,316.2,53,D,0
-13.7903,135.248,350.3,1.1,1,2014-09-10,0448,Aqua,MODIS,93,6.2,317.4,41.6,D,0
-13.4608,135.357,336.8,1.1,1,2014-09-10,0448,Aqua,MODIS,79,6.2,317.5,21.7,D,0
-12.0311,136.4705,327,1.3,1.1,2014-09-10,0448,Aqua,MODIS,49,6.2,310.4,16.1,D,0
-13.6112,133.3145,338.7,1,1,2014-09-10,0448,Aqua,MODIS,64,6.2,320.5,17.1,D,0
-13.6202,133.3158,388.6,1,1,2014-09-10,0448,Aqua,MODIS,100,6.2,321.8,168.7,D,0
-13.6189,133.325,343.5,1,1,2014-09-10,0448,Aqua,MODIS,72,6.2,319.4,23.9,D,0
-12.0294,136.482,325.5,1.3,1.1,2014-09-10,0448,Aqua,MODIS,41,6.2,304.1,13.2,D,0
-12.0428,136.4608,343,1.2,1.1,2014-09-10,0448,Aqua,MODIS,89,6.2,310.3,47.5,D,0
-13.652,135.3098,337.8,1.1,1,2014-09-10,0448,Aqua,MODIS,72,6.2,315.6,20.4,D,0
-13.717,135.0632,335.8,1,1,2014-09-10,0448,Aqua,MODIS,39,6.2,317,15.3,D,0
-13.7184,135.0536,340.5,1,1,2014-09-10,0448,Aqua,MODIS,75,6.2,317.9,23.7,D,0
-13.7198,135.0441,354.3,1,1,2014-09-10,0448,Aqua,MODIS,96,6.2,318.7,54.1,D,0
-13.7212,135.0345,339.6,1,1,2014-09-10,0448,Aqua,MODIS,82,6.2,315,24.9,D,0
-13.6452,135.2292,342.2,1.1,1,2014-09-10,0448,Aqua,MODIS,85,6.2,314.4,28,D,0
-13.7814,135.1184,338.9,1,1,2014-09-10,0448,Aqua,MODIS,50,6.2,314.9,21.2,D,0
-13.7665,135.1554,339.1,1,1,2014-09-10,0448,Aqua,MODIS,71,6.2,317.3,20.2,D,0
-13.7737,135.1073,334.6,1,1,2014-09-10,0448,Aqua,MODIS,35,6.2,316.2,14.9,D,0
-14.2835,132.3788,333.7,1.1,1,2014-09-10,0448,Aqua,MODIS,72,6.2,316,14.6,D,0
-13.7631,135.1155,355.3,1,1,2014-09-10,0448,Aqua,MODIS,96,6.2,317.9,54.7,D,0
-13.8193,135.2428,333.8,1.1,1,2014-09-10,0448,Aqua,MODIS,27,6.2,317.8,12,D,0
-13.6534,135.3001,343.2,1.1,1,2014-09-10,0448,Aqua,MODIS,86,6.2,317.5,30.4,D,0
-13.0764,132.7361,336.2,1,1,2014-09-10,0448,Aqua,MODIS,55,6.2,320.6,13.1,D,0
-13.6549,135.2903,335.5,1.1,1,2014-09-10,0448,Aqua,MODIS,62,6.2,317.6,16.3,D,0
-13.6564,135.2806,343,1.1,1,2014-09-10,0448,Aqua,MODIS,86,6.2,317.9,29.7,D,0
-12.185,136.4036,338.7,1.2,1.1,2014-09-10,0448,Aqua,MODIS,71,6.2,313.9,32,D,0
-13.6598,135.321,328.7,1.1,1,2014-09-10,0448,Aqua,MODIS,47,6.2,316,7.8,D,0
-12.0002,136.4073,339.9,1.2,1.1,2014-09-10,0448,Aqua,MODIS,86,6.2,308.8,41.1,D,0
-13.0987,132.7075,340.8,1,1,2014-09-10,0448,Aqua,MODIS,62,6.2,312.7,23.5,D,0
-13.6472,135.2791,337.2,1.1,1,2014-09-10,0448,Aqua,MODIS,62,6.2,314.9,20.1,D,0
-13.8124,135.7851,338.9,1.1,1,2014-09-10,0448,Aqua,MODIS,82,6.2,310.7,35.4,D,0
-13.8498,136.6845,333,1.2,1.1,2014-09-10,0448,Aqua,MODIS,77,6.2,307.5,25.1,D,0
-14.7519,133.111,333.6,1,1,2014-09-10,0448,Aqua,MODIS,55,6.2,319.1,10.7,D,0
-14.7533,133.1016,337,1,1,2014-09-10,0448,Aqua,MODIS,71,6.2,320.5,16.1,D,0
-12.3089,136.5219,327.8,1.2,1.1,2014-09-10,0448,Aqua,MODIS,46,6.2,312.4,14.2,D,0
-13.628,135.1014,348.6,1,1,2014-09-10,0448,Aqua,MODIS,91,6.2,317,42.3,D,0
-13.6294,135.0918,333.7,1,1,2014-09-10,0448,Aqua,MODIS,56,6.2,316,13.9,D,0
-11.9984,136.4186,333.2,1.2,1.1,2014-09-10,0448,Aqua,MODIS,79,6.2,309.2,26.8,D,0
-13.5136,130.7486,334.2,1.2,1.1,2014-09-10,0448,Aqua,MODIS,67,6.2,307.6,23.4,D,0
-13.5037,130.7472,343.7,1.2,1.1,2014-09-10,0448,Aqua,MODIS,87,6.2,306.7,42.3,D,0
-13.4478,130.7107,351.6,1.2,1.1,2014-09-10,0448,Aqua,MODIS,94,6.2,308.4,65.9,D,0
-12.0393,136.4836,327.7,1.3,1.1,2014-09-10,0448,Aqua,MODIS,46,6.2,303.5,15.4,D,0
-12.0411,136.4722,375.1,1.3,1.1,2014-09-10,0448,Aqua,MODIS,100,6.2,311.8,166.6,D,0
-16.5176,124.0902,323.4,4.2,1.9,2014-09-10,0448,Aqua,MODIS,45,6.2,308.8,57.4,D,0
-15.8898,127.7389,387,2.2,1.4,2014-09-10,0448,Aqua,MODIS,100,6.2,307.5,527.9,D,0
-15.8876,127.7583,347.9,2.2,1.4,2014-09-10,0448,Aqua,MODIS,92,6.2,301.2,133.3,D,0
-15.9027,127.7403,336.1,2.2,1.4,2014-09-10,0448,Aqua,MODIS,61,6.2,304.9,75.2,D,0
-15.7936,128.236,336.1,2,1.4,2014-09-10,0448,Aqua,MODIS,80,6.2,311.5,50.8,D,0
-15.9004,127.7602,342.3,2.2,1.4,2014-09-10,0448,Aqua,MODIS,76,6.2,308.3,103.1,D,0
-15.806,128.2375,327.9,2,1.4,2014-09-10,0448,Aqua,MODIS,55,6.2,311.9,20.9,D,0
-15.842,127.8149,348.1,2.1,1.4,2014-09-10,0448,Aqua,MODIS,82,6.2,310.2,119.3,D,0
-15.8142,127.8312,335.5,2.1,1.4,2014-09-10,0448,Aqua,MODIS,79,6.2,309.8,49.9,D,0
-15.8151,127.8265,336.2,2.1,1.4,2014-09-10,0448,Aqua,MODIS,61,6.2,309.3,53.7,D,0
-15.7885,127.721,340.9,2.2,1.4,2014-09-10,0448,Aqua,MODIS,86,6.2,312.2,84.8,D,0
-15.9467,128.3778,340.8,1.9,1.4,2014-09-10,0448,Aqua,MODIS,85,6.2,314.4,74.6,D,0
-15.8783,127.8378,346.7,2.1,1.4,2014-09-10,0448,Aqua,MODIS,89,6.2,309.9,118.3,D,0
-15.9019,127.7472,342.4,2.2,1.4,2014-09-10,0448,Aqua,MODIS,87,6.2,307.4,109,D,0
-15.8997,127.7671,333.7,2.2,1.4,2014-09-10,0448,Aqua,MODIS,43,6.2,307.9,62.2,D,0
-15.8548,127.8165,353.7,2.1,1.4,2014-09-10,0448,Aqua,MODIS,91,6.2,311.2,159.4,D,0
-15.944,128.3724,337.2,1.9,1.4,2014-09-10,0448,Aqua,MODIS,81,6.2,314.3,59.1,D,0
-15.9488,128.3594,333.6,2,1.4,2014-09-10,0448,Aqua,MODIS,76,6.2,312,46.3,D,0
-15.864,127.7364,336.3,2.2,1.4,2014-09-10,0448,Aqua,MODIS,62,6.2,304.5,66,D,0
-15.8769,127.7381,352.9,2.2,1.4,2014-09-10,0448,Aqua,MODIS,95,6.2,305.7,166.4,D,0
-16.4489,124.0846,323.3,4.2,1.9,2014-09-10,0448,Aqua,MODIS,48,6.2,309.6,65.7,D,0
-16.4452,124.1231,346.5,4.2,1.9,2014-09-10,0448,Aqua,MODIS,91,6.2,308.7,337.7,D,0
-16.4522,124.0921,328.1,4.2,1.9,2014-09-10,0448,Aqua,MODIS,69,6.2,309.7,102.8,D,0
-16.4486,124.131,337.4,4.2,1.9,2014-09-10,0448,Aqua,MODIS,83,6.2,308.8,208.1,D,0
-14.2218,132.2933,336.1,1.1,1,2014-09-10,0448,Aqua,MODIS,63,6.2,314.7,14.7,D,0
-14.129,132.3044,331.8,1.1,1,2014-09-10,0448,Aqua,MODIS,27,6.2,314.7,11.4,D,0
-13.6974,129.892,408,1.4,1.2,2014-09-10,0448,Aqua,MODIS,100,6.2,314,485.9,D,0
-13.699,129.8791,359.8,1.4,1.2,2014-09-10,0448,Aqua,MODIS,99,6.2,308.5,123.5,D,0
-13.7007,129.8662,335.8,1.4,1.2,2014-09-10,0448,Aqua,MODIS,73,6.2,305.8,43.4,D,0
-13.6885,129.8778,329.3,1.4,1.2,2014-09-10,0448,Aqua,MODIS,32,6.2,308.3,22.6,D,0
-13.6835,129.9165,374.9,1.4,1.2,2014-09-10,0448,Aqua,MODIS,100,6.2,310.5,197.2,D,0
-13.6852,129.9036,358.5,1.4,1.2,2014-09-10,0448,Aqua,MODIS,99,6.2,309.7,113.7,D,0
-13.6868,129.8907,358.7,1.4,1.2,2014-09-10,0448,Aqua,MODIS,99,6.2,309.5,113.8,D,0
-13.6957,129.9049,374.4,1.4,1.2,2014-09-10,0448,Aqua,MODIS,100,6.2,304.2,199.8,D,0
-14.1382,132.3057,334.9,1.1,1,2014-09-10,0448,Aqua,MODIS,35,6.2,314.3,14.9,D,0
-14.1714,132.316,353.5,1.1,1,2014-09-10,0448,Aqua,MODIS,95,6.2,316.8,52.1,D,0
-14.1622,132.3147,341.3,1.1,1,2014-09-10,0448,Aqua,MODIS,70,6.2,315.6,25.3,D,0
-14.1529,132.3133,342.1,1.1,1,2014-09-10,0448,Aqua,MODIS,82,6.2,314.1,27.6,D,0
-14.1475,132.307,338.6,1.1,1,2014-09-10,0448,Aqua,MODIS,67,6.2,316.1,21.6,D,0
-14.1396,132.2958,338.5,1.1,1,2014-09-10,0448,Aqua,MODIS,67,6.2,316.4,20.5,D,0
-14.1303,132.2945,363.9,1.1,1,2014-09-10,0448,Aqua,MODIS,100,6.2,318.1,83.3,D,0
-14.2479,132.2937,336.1,1.1,1,2014-09-10,0448,Aqua,MODIS,62,6.2,314.1,17.9,D,0
-14.2492,132.2838,333,1.1,1,2014-09-10,0448,Aqua,MODIS,57,6.2,314.2,14.2,D,0
-14.243,132.2763,354.2,1.1,1,2014-09-10,0448,Aqua,MODIS,96,6.2,317.7,54.3,D,0
-14.2242,132.3438,339.8,1.1,1,2014-09-10,0448,Aqua,MODIS,72,6.2,317.4,23,D,0
-14.2337,132.2749,341.3,1.1,1,2014-09-10,0448,Aqua,MODIS,73,6.2,317.4,26.4,D,0
-14.215,132.3425,331.5,1.1,1,2014-09-10,0448,Aqua,MODIS,30,6.2,315,10.7,D,0
-14.2071,132.3313,335.8,1.1,1,2014-09-10,0448,Aqua,MODIS,39,6.2,315,14.9,D,0
-14.2111,132.3018,342.9,1.1,1,2014-09-10,0448,Aqua,MODIS,84,6.2,317.6,25.9,D,0
-14.1886,132.3286,336.7,1.1,1,2014-09-10,0448,Aqua,MODIS,43,6.2,314.1,17,D,0
-14.2995,132.3312,339.3,1.1,1,2014-09-10,0448,Aqua,MODIS,82,6.2,317,23.2,D,0
-14.3169,132.2734,349,1.1,1,2014-09-10,0448,Aqua,MODIS,92,6.2,313.8,46.3,D,0
-14.3088,132.3325,330.7,1.1,1,2014-09-10,0448,Aqua,MODIS,39,6.2,316.6,8.7,D,0
-14.2204,132.3031,333,1.1,1,2014-09-10,0448,Aqua,MODIS,32,6.2,316.2,9.9,D,0
-14.2245,132.2736,340.5,1.1,1,2014-09-10,0448,Aqua,MODIS,83,6.2,315.2,25.6,D,0
-14.1807,132.3174,342.1,1.1,1,2014-09-10,0448,Aqua,MODIS,85,6.2,315.9,26.4,D,0
-12.3984,136.543,332.1,1.2,1.1,2014-09-10,0448,Aqua,MODIS,76,6.2,310.4,26.4,D,0
-12.3261,133.8082,326.2,1,1,2014-09-10,0448,Aqua,MODIS,24,6.2,309.5,7,D,0
-12.129,133.9628,344.1,1,1,2014-09-10,0448,Aqua,MODIS,87,6.2,311.9,31.2,D,0
-13.1735,135.3627,334.4,1.1,1,2014-09-10,0448,Aqua,MODIS,66,6.2,315.5,15.7,D,0
-13.225,134.0817,343.7,1,1,2014-09-10,0448,Aqua,MODIS,87,6.2,314.2,30.4,D,0
-12.8255,135.9655,329.2,1.1,1.1,2014-09-10,0448,Aqua,MODIS,38,6.2,312.4,12.9,D,0
-12.7582,135.0672,336.2,1.1,1,2014-09-10,0448,Aqua,MODIS,60,6.2,314.9,17,D,0
-13.1857,135.3445,345.3,1.1,1,2014-09-10,0448,Aqua,MODIS,89,6.2,315.8,36.4,D,0
-13.1843,135.3543,351.5,1.1,1,2014-09-10,0448,Aqua,MODIS,94,6.2,316.5,50,D,0
-13.2818,135.1966,332.2,1.1,1,2014-09-10,0448,Aqua,MODIS,64,6.2,318.2,10.3,D,0
-13.0755,134.3552,334.2,1,1,2014-09-10,0448,Aqua,MODIS,45,6.2,315.8,13.2,D,0
-12.7935,135.9819,334.4,1.2,1.1,2014-09-10,0448,Aqua,MODIS,49,6.2,315.3,18.9,D,0
-12.819,136.0076,329.9,1.2,1.1,2014-09-10,0448,Aqua,MODIS,52,6.2,311.2,14.1,D,0
-13.397,134.6108,370.9,1,1,2014-09-10,0448,Aqua,MODIS,100,6.2,315.8,105.9,D,0
-13.1764,135.3431,344.1,1.1,1,2014-09-10,0448,Aqua,MODIS,88,6.2,316.3,32.9,D,0
-13.3983,134.6015,337.8,1,1,2014-09-10,0448,Aqua,MODIS,80,6.2,309.9,24.2,D,0
-13.175,135.3529,336.7,1.1,1,2014-09-10,0448,Aqua,MODIS,74,6.2,316.8,19.4,D,0
-13.3425,134.7302,422.7,1,1,2014-09-10,0448,Aqua,MODIS,100,6.2,334.9,411.5,D,0
-12.9588,134.1452,338.8,1,1,2014-09-10,0448,Aqua,MODIS,82,6.2,313.4,23.7,D,0
-12.9558,134.2297,394.3,1,1,2014-09-10,0448,Aqua,MODIS,100,6.2,321,205.7,D,0
-12.7878,134.6841,334,1,1,2014-09-10,0448,Aqua,MODIS,70,6.2,313.4,15.2,D,0
-12.9572,134.2204,329.4,1,1,2014-09-10,0448,Aqua,MODIS,64,6.2,311.9,10.2,D,0
-13.3439,134.7208,339.9,1,1,2014-09-10,0448,Aqua,MODIS,79,6.2,315.4,22,D,0
-13.1642,135.3613,345.5,1.1,1,2014-09-10,0448,Aqua,MODIS,89,6.2,317.1,33.7,D,0
-12.9683,134.2656,334.4,1,1,2014-09-10,0448,Aqua,MODIS,53,6.2,313.2,16,D,0
-12.9926,134.2883,344.6,1,1,2014-09-10,0448,Aqua,MODIS,88,6.2,316,32.1,D,0
-13.3481,134.5011,331.9,1,1,2014-09-10,0448,Aqua,MODIS,26,6.2,313.1,10.4,D,0
-13.3468,134.5104,367,1,1,2014-09-10,0448,Aqua,MODIS,100,6.2,315.4,87.7,D,0
-13.3454,134.5197,367.5,1,1,2014-09-10,0448,Aqua,MODIS,100,6.2,315.5,89.6,D,0
-14.4541,133.0672,335.3,1,1,2014-09-10,0448,Aqua,MODIS,69,6.2,320.1,10.7,D,0
-14.445,133.0658,339.8,1,1,2014-09-10,0448,Aqua,MODIS,77,6.2,319.7,17.5,D,0
-14.4178,133.0618,335.9,1,1,2014-09-10,0448,Aqua,MODIS,61,6.2,320.4,10.8,D,0
-13.3608,134.5412,330.6,1,1,2014-09-10,0448,Aqua,MODIS,55,6.2,312.3,10.1,D,0
-13.3964,134.6779,364,1,1,2014-09-10,0448,Aqua,MODIS,100,6.2,319.1,78.7,D,0
-13.254,134.1399,331.8,1,1,2014-09-10,0448,Aqua,MODIS,69,6.2,314,11.5,D,0
-13.2563,134.1874,329.4,1,1,2014-09-10,0448,Aqua,MODIS,57,6.2,314.2,9.1,D,0
-13.263,134.1413,328.2,1,1,2014-09-10,0448,Aqua,MODIS,21,6.2,312.9,6.8,D,0
-13.244,134.1411,327,1,1,2014-09-10,0448,Aqua,MODIS,44,6.2,314.1,5.8,D,0
-12.7777,135.3811,339.1,1.1,1,2014-09-10,0448,Aqua,MODIS,68,6.2,316.4,21.3,D,0
-13.2863,134.1072,343.3,1,1,2014-09-10,0448,Aqua,MODIS,87,6.2,314.4,30.1,D,0
-12.7684,135.3796,335.7,1.1,1,2014-09-10,0448,Aqua,MODIS,47,6.2,317.3,14.1,D,0
-13.285,134.1164,343,1,1,2014-09-10,0448,Aqua,MODIS,86,6.2,314.9,29.9,D,0
-13.1002,135.3054,339.2,1.1,1,2014-09-10,0448,Aqua,MODIS,80,6.2,318.7,22.1,D,0
-12.1743,133.5208,332.7,1,1,2014-09-10,0448,Aqua,MODIS,17,6.2,314.9,8.6,D,0
-12.7886,135.985,327.6,1.2,1.1,2014-09-10,0448,Aqua,MODIS,49,6.2,314.7,10.2,D,0
-13.0814,131.2338,336.8,1.2,1.1,2014-09-10,0448,Aqua,MODIS,77,6.2,320.3,19.9,D,0
-12.2156,133.4245,333.8,1,1,2014-09-10,0448,Aqua,MODIS,35,6.2,316,9.5,D,0
-12.9913,134.2976,333.2,1,1,2014-09-10,0448,Aqua,MODIS,60,6.2,313.1,14.2,D,0
-13.1943,134.294,340.3,1,1,2014-09-10,0448,Aqua,MODIS,83,6.2,317.4,23.4,D,0
-12.9655,134.0991,368.1,1,1,2014-09-10,0448,Aqua,MODIS,100,6.2,316.1,92.9,D,0
-12.3279,133.9867,328.7,1,1,2014-09-10,0448,Aqua,MODIS,52,6.2,311.7,7,D,0
-12.5987,132.2693,344.9,1,1,2014-09-10,0448,Aqua,MODIS,76,6.2,319.2,31,D,0
-13.4248,135.2944,333.4,1.1,1,2014-09-10,0448,Aqua,MODIS,34,6.2,315,13.7,D,0
-12.8213,135.0871,334.5,1.1,1,2014-09-10,0448,Aqua,MODIS,70,6.2,314.9,15.6,D,0
-13.276,135.1197,332.5,1.1,1,2014-09-10,0448,Aqua,MODIS,64,6.2,317,9.1,D,0
-13.0297,134.3509,329,1,1,2014-09-10,0448,Aqua,MODIS,43,6.2,316,7.8,D,0
-13.0283,134.3602,332.5,1,1,2014-09-10,0448,Aqua,MODIS,64,6.2,315.3,12.6,D,0
-13.0381,134.3589,344.6,1,1,2014-09-10,0448,Aqua,MODIS,88,6.2,315.6,30.3,D,0
-13.2804,135.2063,330.7,1.1,1,2014-09-10,0448,Aqua,MODIS,58,6.2,317.4,7.9,D,0
-12.2168,133.4806,330.5,1,1,2014-09-10,0448,Aqua,MODIS,52,6.2,314.3,6.5,D,0
-13.418,135.4041,340.2,1.1,1,2014-09-10,0448,Aqua,MODIS,40,6.2,317.9,23.4,D,0
-12.8254,136.0304,352.7,1.2,1.1,2014-09-10,0448,Aqua,MODIS,95,6.2,315.5,59.2,D,0
-13.4233,135.3042,334.8,1.1,1,2014-09-10,0448,Aqua,MODIS,53,6.2,315.6,15.5,D,0
-12.1187,133.9706,333.7,1,1,2014-09-10,0448,Aqua,MODIS,56,6.2,313.4,13.7,D,0
-13.1236,135.3392,331.1,1.1,1,2014-09-10,0448,Aqua,MODIS,31,6.2,316,8.4,D,0
-13.1407,135.352,345.4,1.1,1,2014-09-10,0448,Aqua,MODIS,89,6.2,316.9,34.3,D,0
-13.4267,135.3449,336.8,1.1,1,2014-09-10,0448,Aqua,MODIS,71,6.2,317.8,19.8,D,0
-12.1846,133.5131,332.6,1,1,2014-09-10,0448,Aqua,MODIS,38,6.2,315.6,7.7,D,0
-12.8174,136.0182,413.7,1.2,1.1,2014-09-10,0448,Aqua,MODIS,100,6.2,329.4,405.1,D,0
-12.1173,133.9798,353.5,1,1,2014-09-10,0448,Aqua,MODIS,95,6.2,315.2,49.4,D,0
-12.9658,141.859,319.9,3,1.6,2014-09-10,0448,Aqua,MODIS,30,6.2,297.6,42,D,0
-12.116,133.989,344.4,1,1,2014-09-10,0448,Aqua,MODIS,88,6.2,316.2,29.9,D,0
-12.9559,141.8294,334.6,2.9,1.6,2014-09-10,0448,Aqua,MODIS,86,6.2,298.3,127.7,D,0
-12.9548,141.8215,323,2.9,1.6,2014-09-10,0448,Aqua,MODIS,18,6.2,297.5,57.6,D,0
-14.6471,132.7981,333.4,1,1,2014-09-10,0448,Aqua,MODIS,70,6.2,319.1,11,D,0
-14.6484,132.7886,333,1,1,2014-09-10,0448,Aqua,MODIS,69,6.2,319.7,9.9,D,0
-12.6,132.2598,341.6,1,1,2014-09-10,0448,Aqua,MODIS,68,6.2,319.2,25.4,D,0
-12.8238,136.041,336.8,1.2,1.1,2014-09-10,0448,Aqua,MODIS,72,6.2,316.3,22.6,D,0
-14.4333,132.8268,351,1,1,2014-09-10,0448,Aqua,MODIS,93,6.2,320.4,42.8,D,0
-13.3873,134.6765,338.8,1,1,2014-09-10,0448,Aqua,MODIS,81,6.2,318.5,20.3,D,0
-12.9642,134.1084,366.6,1,1,2014-09-10,0448,Aqua,MODIS,100,6.2,319.7,86.7,D,0
-12.749,135.0658,352.1,1.1,1,2014-09-10,0448,Aqua,MODIS,95,6.2,314.8,50.8,D,0
-12.827,136.0198,351.1,1.2,1.1,2014-09-10,0448,Aqua,MODIS,94,6.2,314.9,57.4,D,0
-13.2145,135.0902,338.9,1.1,1,2014-09-10,0448,Aqua,MODIS,82,6.2,320.6,17.3,D,0
-12.9718,134.119,330.9,1,1,2014-09-10,0448,Aqua,MODIS,22,6.2,315.2,11.6,D,0
-12.9628,134.1176,335.9,1,1,2014-09-10,0448,Aqua,MODIS,60,6.2,315.9,17.8,D,0
-12.9602,134.136,342.6,1,1,2014-09-10,0448,Aqua,MODIS,86,6.2,314.4,29.7,D,0
-12.9732,134.1098,332.5,1,1,2014-09-10,0448,Aqua,MODIS,65,6.2,315,14.7,D,0
-14.6249,132.1015,351.1,1.1,1,2014-09-10,0448,Aqua,MODIS,93,6.2,317.7,49.1,D,0
-14.6262,132.0913,352.7,1.1,1,2014-09-10,0448,Aqua,MODIS,95,6.2,319.5,53.4,D,0
-12.7422,135.0583,328.1,1.1,1,2014-09-10,0448,Aqua,MODIS,45,6.2,310.2,8.9,D,0
-12.7597,135.0576,335.6,1.1,1,2014-09-10,0448,Aqua,MODIS,60,6.2,311.1,17,D,0
-12.3596,134.0262,334.3,1,1,2014-09-10,0448,Aqua,MODIS,76,6.2,313.2,11.9,D,0
-13.2327,134.0923,335.8,1,1,2014-09-10,0448,Aqua,MODIS,77,6.2,314.9,17.5,D,0
-13.2314,134.1015,327.2,1,1,2014-09-10,0448,Aqua,MODIS,32,6.2,313.3,6.8,D,0
-12.4772,134.163,341.2,1,1,2014-09-10,0448,Aqua,MODIS,85,6.2,314.2,21.8,D,0
-13.5623,133.3354,334.9,1,1,2014-09-10,0448,Aqua,MODIS,33,6.2,317.8,12.4,D,0
-13.4028,135.442,352.5,1.1,1,2014-09-10,0448,Aqua,MODIS,95,6.2,319,51.5,D,0
-13.46,135.2369,333.3,1.1,1,2014-09-10,0448,Aqua,MODIS,45,6.2,314.9,14,D,0
-12.976,134.2763,333.9,1,1,2014-09-10,0448,Aqua,MODIS,29,6.2,312.4,14.6,D,0
-13.4346,135.3562,333.8,1.1,1,2014-09-10,0448,Aqua,MODIS,28,6.2,314,13.9,D,0
-13.4194,135.3942,336.4,1.1,1,2014-09-10,0448,Aqua,MODIS,43,6.2,317.1,18.1,D,0
-13.395,134.6873,331.5,1,1,2014-09-10,0448,Aqua,MODIS,66,6.2,316.2,8.7,D,0
-12.3583,134.0354,338.1,1,1,2014-09-10,0448,Aqua,MODIS,82,6.2,312.7,18.2,D,0
-13.4046,134.6216,326.8,1,1,2014-09-10,0448,Aqua,MODIS,35,6.2,309.6,9.5,D,0
-12.7892,134.6747,331.1,1,1,2014-09-10,0448,Aqua,MODIS,57,6.2,313.2,11.9,D,0
-13.3991,134.6591,343.6,1,1,2014-09-10,0448,Aqua,MODIS,87,6.2,311,32.9,D,0
-13.4779,135.1801,337.6,1.1,1,2014-09-10,0448,Aqua,MODIS,79,6.2,312.6,22.9,D,0
-12.7568,135.0769,340.2,1.1,1,2014-09-10,0448,Aqua,MODIS,78,6.2,314.9,23.4,D,0
-13.3411,134.7396,385.8,1,1,2014-09-10,0448,Aqua,MODIS,100,6.2,323.6,161.6,D,0
-13.4702,135.1691,330.4,1.1,1,2014-09-10,0448,Aqua,MODIS,63,6.2,313.7,13.2,D,0
-12.985,134.2777,347.5,1,1,2014-09-10,0448,Aqua,MODIS,91,6.2,317,37.3,D,0
-13.0003,134.299,339.1,1,1,2014-09-10,0448,Aqua,MODIS,82,6.2,314,22.9,D,0
-12.9773,134.267,345.9,1,1,2014-09-10,0448,Aqua,MODIS,89,6.2,315.6,34.1,D,0
-13.0327,134.2661,337.3,1,1,2014-09-10,0448,Aqua,MODIS,80,6.2,315.1,19,D,0
-12.9696,134.2564,341.9,1,1,2014-09-10,0448,Aqua,MODIS,79,6.2,315.3,26.9,D,0
-12.971,134.2471,351.9,1,1,2014-09-10,0448,Aqua,MODIS,94,6.2,316.3,46.1,D,0
-12.1147,133.9982,337,1,1,2014-09-10,0448,Aqua,MODIS,71,6.2,314.1,16.5,D,0
-13.2668,135.1182,348.3,1.1,1,2014-09-10,0448,Aqua,MODIS,92,6.2,318.5,36.6,D,0
-13.4871,135.1816,357.2,1.1,1,2014-09-10,0448,Aqua,MODIS,98,6.2,316.3,65.3,D,0
-13.2264,134.0725,333.7,1,1,2014-09-10,0448,Aqua,MODIS,73,6.2,314.9,14.4,D,0
-13.4765,135.1898,332.2,1.1,1,2014-09-10,0448,Aqua,MODIS,38,6.2,314,13.2,D,0
-13.3202,134.7556,334.7,1,1,2014-09-10,0448,Aqua,MODIS,23,6.2,316.9,11,D,0
-13.3293,134.757,345.9,1,1,2014-09-10,0448,Aqua,MODIS,81,6.2,314.8,31.2,D,0
-13.344,134.529,339.7,1,1,2014-09-10,0448,Aqua,MODIS,83,6.2,314.5,24.2,D,0
-12.1277,133.972,337.6,1,1,2014-09-10,0448,Aqua,MODIS,70,6.2,314.1,19.2,D,0
-12.1203,133.5164,329.8,1,1,2014-09-10,0448,Aqua,MODIS,41,6.2,312.4,8.9,D,0
-12.8222,136.0516,334.2,1.2,1.1,2014-09-10,0448,Aqua,MODIS,61,6.2,316.3,17.7,D,0
-12.2728,134.1761,329.4,1,1,2014-09-10,0448,Aqua,MODIS,64,6.2,309.8,11.5,D,0
-12.9791,134.1917,330.1,1,1,2014-09-10,0448,Aqua,MODIS,36,6.2,315.2,10.5,D,0
-12.234,134.1891,332.3,1,1,2014-09-10,0448,Aqua,MODIS,65,6.2,311.4,14,D,0
-12.2353,134.1799,329.3,1,1,2014-09-10,0448,Aqua,MODIS,37,6.2,311.4,9.5,D,0
-12.9628,135.728,339.5,1.1,1.1,2014-09-10,0448,Aqua,MODIS,83,6.2,312.6,31.7,D,0
-12.2203,134.1625,330.9,1,1,2014-09-10,0448,Aqua,MODIS,20,6.2,310.4,12.6,D,0
-12.9613,135.7381,327.9,1.1,1.1,2014-09-10,0448,Aqua,MODIS,58,6.2,312.4,12.4,D,0
-12.228,134.1731,328.1,1,1,2014-09-10,0448,Aqua,MODIS,35,6.2,308.8,10,D,0
-13.3334,134.7288,339.2,1,1,2014-09-10,0448,Aqua,MODIS,82,6.2,318.1,21.2,D,0
-13.4692,135.2384,342.8,1.1,1,2014-09-10,0448,Aqua,MODIS,86,6.2,314.8,31.2,D,0
-12.2756,134.5357,332.3,1,1,2014-09-10,0448,Aqua,MODIS,44,6.2,311.4,12.5,D,0
-13.4857,135.1912,357.8,1.1,1,2014-09-10,0448,Aqua,MODIS,98,6.2,318.2,65.8,D,0
-13.4633,135.1613,334.4,1.1,1,2014-09-10,0448,Aqua,MODIS,74,6.2,314.3,19.9,D,0
-13.4647,135.1518,335.9,1.1,1,2014-09-10,0448,Aqua,MODIS,77,6.2,314.5,22.1,D,0
-13.1771,136.3994,325.5,1.2,1.1,2014-09-10,0448,Aqua,MODIS,38,6.2,312.8,10.9,D,0
-12.2924,134.5479,337.7,1,1,2014-09-10,0448,Aqua,MODIS,82,6.2,310.3,22.3,D,0
-12.3015,134.5493,353.1,1,1,2014-09-10,0448,Aqua,MODIS,95,6.2,311.2,54.2,D,0
-13.0237,134.2647,331.6,1,1,2014-09-10,0448,Aqua,MODIS,70,6.2,315.9,10.9,D,0
-12.2664,134.5374,330.5,1,1,2014-09-10,0448,Aqua,MODIS,61,6.2,309.8,12.3,D,0
-13.0561,134.3617,340.8,1,1,2014-09-10,0448,Aqua,MODIS,68,6.2,315,23,D,0
-12.2093,133.4049,334.9,1,1,2014-09-10,0448,Aqua,MODIS,49,6.2,317,11.3,D,0
-12.7689,135.059,332,1.1,1,2014-09-10,0448,Aqua,MODIS,51,6.2,311.3,12.7,D,0
-12.8158,136.0288,372.6,1.2,1.1,2014-09-10,0448,Aqua,MODIS,100,6.2,321.7,129.1,D,0
-13.3956,134.6202,335.6,1,1,2014-09-10,0448,Aqua,MODIS,77,6.2,311.9,20.5,D,0
-13.4055,134.6793,333.7,1,1,2014-09-10,0448,Aqua,MODIS,60,6.2,313.2,12.2,D,0
-13.3427,134.5384,335.8,1,1,2014-09-10,0448,Aqua,MODIS,77,6.2,314,18.4,D,0
-13.4842,135.2009,338,1.1,1,2014-09-10,0448,Aqua,MODIS,71,6.2,315.9,22.8,D,0
-13.3413,134.5477,334.8,1,1,2014-09-10,0448,Aqua,MODIS,73,6.2,313.3,17,D,0
-12.766,135.0783,335.5,1.1,1,2014-09-10,0448,Aqua,MODIS,78,6.2,314,15.7,D,0
-13.3978,134.6685,369.7,1,1,2014-09-10,0448,Aqua,MODIS,100,6.2,317.7,98.4,D,0
-12.9633,134.2365,341.2,1,1,2014-09-10,0448,Aqua,MODIS,84,6.2,315.3,25.9,D,0
-12.8367,135.8285,332.1,1.1,1.1,2014-09-10,0448,Aqua,MODIS,53,6.2,314.8,14.8,D,0
-12.9647,134.2273,346.9,1,1,2014-09-10,0448,Aqua,MODIS,90,6.2,316.9,37.3,D,0
-12.9545,134.2389,336.2,1,1,2014-09-10,0448,Aqua,MODIS,79,6.2,312.6,19.1,D,0
-13.3887,134.6671,342.2,1,1,2014-09-10,0448,Aqua,MODIS,84,6.2,318.7,27.5,D,0
-13.3901,134.6577,348.6,1,1,2014-09-10,0448,Aqua,MODIS,92,6.2,316.5,42.4,D,0
-13.3503,134.738,354.2,1,1,2014-09-10,0448,Aqua,MODIS,96,6.2,316.2,50.1,D,0
-13.3517,134.7286,346.1,1,1,2014-09-10,0448,Aqua,MODIS,89,6.2,314.4,32.2,D,0
-13.1375,135.7265,327.8,1.1,1.1,2014-09-10,0448,Aqua,MODIS,33,6.2,313.3,8.3,D,0
-13.3622,134.7206,339.6,1,1,2014-09-10,0448,Aqua,MODIS,83,6.2,315.6,21.7,D,0
-12.7853,141.8408,324.2,3,1.6,2014-09-10,0448,Aqua,MODIS,49,6.2,297.6,72.9,D,0
-13.0471,134.3603,333.2,1,1,2014-09-10,0448,Aqua,MODIS,36,6.2,315.1,12.1,D,0
-13.332,134.7382,334.3,1,1,2014-09-10,0448,Aqua,MODIS,50,6.2,317.7,12.4,D,0
-13.3306,134.7476,338.9,1,1,2014-09-10,0448,Aqua,MODIS,66,6.2,317,19.4,D,0
-14.7904,134.6434,360.3,1,1,2014-09-10,0448,Aqua,MODIS,100,6.2,319.3,67.9,D,0
-12.5276,135.9095,335.5,1.2,1.1,2014-09-10,0448,Aqua,MODIS,77,6.2,309.8,23.5,D,0
-12.8916,132.6104,346.1,1,1,2014-09-10,0448,Aqua,MODIS,89,6.2,318.3,31.4,D,0
-14.8115,134.7518,346.4,1,1,2014-09-10,0448,Aqua,MODIS,89,6.2,320.5,28.9,D,0
-12.2636,142.4546,326.5,3.4,1.7,2014-09-10,0448,Aqua,MODIS,58,6.2,299.9,78.3,D,0
-12.6239,135.5967,328.1,1.1,1.1,2014-09-10,0448,Aqua,MODIS,27,6.2,311.2,8.7,D,0
-14.789,134.6527,346.5,1,1,2014-09-10,0448,Aqua,MODIS,89,6.2,320.2,34.4,D,0
-12.8929,132.601,338.7,1,1,2014-09-10,0448,Aqua,MODIS,69,6.2,319.3,17.3,D,0
-12.1569,136.3121,327.5,1.2,1.1,2014-09-10,0448,Aqua,MODIS,56,6.2,308,16.6,D,0
-14.5227,134.5264,331.3,1,1,2014-09-10,0448,Aqua,MODIS,41,6.2,319,9,D,0
-13.6694,135.3827,332.2,1.1,1,2014-09-10,0448,Aqua,MODIS,38,6.2,317.3,12,D,0
-12.6664,134.318,340.4,1,1,2014-09-10,0448,Aqua,MODIS,84,6.2,316.3,24.4,D,0
-12.8761,132.5889,359.3,1,1,2014-09-10,0448,Aqua,MODIS,99,6.2,314.8,64.5,D,0
-14.8011,134.7598,334,1,1,2014-09-10,0448,Aqua,MODIS,30,6.2,320,8,D,0
-12.3042,136.4863,324.7,1.2,1.1,2014-09-10,0448,Aqua,MODIS,42,6.2,310.9,11.1,D,0
-13.6724,135.363,346.9,1.1,1,2014-09-10,0448,Aqua,MODIS,90,6.2,317.3,37.6,D,0
-12.6318,135.6084,332.6,1.1,1.1,2014-09-10,0448,Aqua,MODIS,60,6.2,312,14.1,D,0
-12.8825,132.6091,372.7,1,1,2014-09-10,0448,Aqua,MODIS,100,6.2,315.2,105.3,D,0
-14.5137,134.525,372.9,1,1,2014-09-10,0448,Aqua,MODIS,100,6.2,324.2,106,D,0
-12.4722,131.138,328.8,1.2,1.1,2014-09-10,0448,Aqua,MODIS,61,6.2,313.9,11.8,D,0
-12.656,134.3259,331.4,1,1,2014-09-10,0448,Aqua,MODIS,57,6.2,315.8,9.9,D,0
-14.4561,135.0441,335.1,1,1,2014-09-10,0448,Aqua,MODIS,61,6.2,318.8,13.6,D,0
-12.5792,134.0344,338,1,1,2014-09-10,0448,Aqua,MODIS,81,6.2,315.3,19.1,D,0
-14.5047,134.5236,348.7,1,1,2014-09-10,0448,Aqua,MODIS,91,6.2,318.2,39.5,D,0
-11.827,142.2483,317.6,3.3,1.7,2014-09-10,0448,Aqua,MODIS,68,6.2,291.4,53.2,D,0
-12.4876,134.1551,343.7,1,1,2014-09-10,0448,Aqua,MODIS,88,6.2,317.7,28.5,D,0
-14.5151,134.5157,345.9,1,1,2014-09-10,0448,Aqua,MODIS,89,6.2,317.7,33.1,D,0
-13.6709,135.3728,362.3,1.1,1,2014-09-10,0448,Aqua,MODIS,100,6.2,320.2,78.7,D,0
-13.6802,135.3743,333.3,1.1,1,2014-09-10,0448,Aqua,MODIS,61,6.2,319.4,12.2,D,0
-14.5123,134.5343,355,1,1,2014-09-10,0448,Aqua,MODIS,96,6.2,320.5,52.2,D,0
-12.1552,136.3232,336.4,1.2,1.1,2014-09-10,0448,Aqua,MODIS,81,6.2,308.7,32.4,D,0
-14.506,134.5143,340.7,1,1,2014-09-10,0448,Aqua,MODIS,83,6.2,314.9,24.1,D,0
-12.697,131.1445,336,1.2,1.1,2014-09-10,0448,Aqua,MODIS,77,6.2,316.9,19.7,D,0
-14.8728,134.5867,332.5,1,1,2014-09-10,0448,Aqua,MODIS,68,6.2,319.4,11.3,D,0
-12.8839,132.5997,371.5,1,1,2014-09-10,0448,Aqua,MODIS,100,6.2,316.6,101.4,D,0
-13.1702,130.8891,334.5,1.2,1.1,2014-09-10,0448,Aqua,MODIS,58,6.2,319.7,16.6,D,0
-14.8505,134.8029,332.4,1,1,2014-09-10,0448,Aqua,MODIS,38,6.2,319.7,7.7,D,0
-14.4666,135.036,336.4,1,1,2014-09-10,0448,Aqua,MODIS,74,6.2,319,16.5,D,0
-12.8774,132.5795,357.1,1,1,2014-09-10,0448,Aqua,MODIS,98,6.2,317.3,58.1,D,0
-12.7067,131.1459,351.3,1.2,1.1,2014-09-10,0448,Aqua,MODIS,94,6.2,317.6,53.2,D,0
-12.4862,134.1643,334.5,1,1,2014-09-10,0448,Aqua,MODIS,75,6.2,316.7,12,D,0
-12.2749,135.3418,328.7,1.1,1,2014-09-10,0448,Aqua,MODIS,45,6.2,306.6,14.7,D,0
-12.6224,135.6069,327.4,1.1,1.1,2014-09-10,0448,Aqua,MODIS,31,6.2,310.7,7.7,D,0
-12.6734,134.3351,333.4,1,1,2014-09-10,0448,Aqua,MODIS,53,6.2,313.5,13.1,D,0
-12.7707,131.9547,331.4,1.1,1,2014-09-10,0448,Aqua,MODIS,42,6.2,315.9,7.2,D,0
-12.78,131.9561,346.2,1.1,1,2014-09-10,0448,Aqua,MODIS,89,6.2,317.6,33.6,D,0
-12.5254,135.9033,328.8,1.2,1.1,2014-09-10,0448,Aqua,MODIS,47,6.2,309.7,12.9,D,0
-14.5214,134.5357,331.3,1,1,2014-09-10,0448,Aqua,MODIS,48,6.2,318,8.2,D,0
-14.8742,134.5774,331.7,1,1,2014-09-10,0448,Aqua,MODIS,66,6.2,318,10.3,D,0
-11.7475,133.1658,328.9,1,1,2014-09-10,0449,Aqua,MODIS,37,6.2,313.8,12.4,D,0
-11.7488,133.1567,328.1,1,1,2014-09-10,0449,Aqua,MODIS,46,6.2,313.4,10.8,D,0
-11.4689,130.3485,342.6,1.2,1.1,2014-09-10,0449,Aqua,MODIS,89,6.2,308.2,48.9,D,0
-11.4674,130.3598,363.7,1.2,1.1,2014-09-10,0449,Aqua,MODIS,100,6.2,307.7,115.4,D,0
-11.459,130.3471,320.3,1.2,1.1,2014-09-10,0449,Aqua,MODIS,46,6.2,304.5,8,D,0
-11.2595,132.4512,346.2,1,1,2014-09-10,0449,Aqua,MODIS,91,6.2,313.6,36.3,D,0
-11.5259,132.8435,339.1,1,1,2014-09-10,0449,Aqua,MODIS,75,6.2,318.8,21.9,D,0
-11.2582,132.4604,333.5,1,1,2014-09-10,0449,Aqua,MODIS,59,6.2,314.4,15.2,D,0
-11.283,132.3505,333.2,1,1,2014-09-10,0449,Aqua,MODIS,66,6.2,314,17.6,D,0
-11.5542,132.8384,343.8,1,1,2014-09-10,0449,Aqua,MODIS,92,6.2,315.8,30.9,D,0
-11.2492,132.4591,338.1,1,1,2014-09-10,0449,Aqua,MODIS,43,6.2,310.3,23.2,D,0
-11.3665,132.0823,328.4,1,1,2014-09-10,0449,Aqua,MODIS,53,6.2,313.8,11.8,D,0
-11.4685,130.8753,343.2,1.2,1.1,2014-09-10,0449,Aqua,MODIS,89,6.2,310,43.2,D,0
-11.47,130.8648,331.9,1.2,1.1,2014-09-10,0449,Aqua,MODIS,62,6.2,308.7,20.4,D,0
-11.4589,130.874,332.6,1.2,1.1,2014-09-10,0449,Aqua,MODIS,77,6.2,311.1,23.3,D,0
-11.4603,130.8635,329.6,1.2,1.1,2014-09-10,0449,Aqua,MODIS,60,6.2,309.7,17.7,D,0
-11.4782,130.8767,331.6,1.2,1.1,2014-09-10,0449,Aqua,MODIS,65,6.2,306.3,22.2,D,0
-11.5484,131.179,330,1.1,1.1,2014-09-10,0449,Aqua,MODIS,70,6.2,312.7,15.2,D,0
-11.5375,131.1879,343.2,1.1,1.1,2014-09-10,0449,Aqua,MODIS,89,6.2,314.7,38.2,D,0
-11.5389,131.1777,338.8,1.1,1.1,2014-09-10,0449,Aqua,MODIS,85,6.2,311.6,29.3,D,0
-11.5491,131.2057,342.9,1.1,1.1,2014-09-10,0449,Aqua,MODIS,65,6.2,314,33.2,D,0
-11.5442,131.2097,328.6,1.1,1.1,2014-09-10,0449,Aqua,MODIS,71,6.2,311.9,14.4,D,0
-11.5456,131.1995,340.1,1.1,1.1,2014-09-10,0449,Aqua,MODIS,86,6.2,314.8,32.4,D,0
-11.547,131.1893,343.4,1.1,1.1,2014-09-10,0449,Aqua,MODIS,89,6.2,315.5,38.5,D,0
-26.2336,121.2956,366.3,3.1,1.7,2014-09-10,0623,Aqua,MODIS,100,6.2,313.9,477.6,D,0
-26.2271,121.3262,371.3,3.1,1.7,2014-09-10,0623,Aqua,MODIS,100,6.2,305.4,566.6,D,0
-26.2484,121.2995,357.6,3.1,1.7,2014-09-10,0623,Aqua,MODIS,98,6.2,308.4,360.6,D,0
-26.2548,121.2691,324.1,3.1,1.7,2014-09-10,0623,Aqua,MODIS,61,6.2,308.7,56,D,0
-26.2188,121.2917,387.7,3.1,1.7,2014-09-10,0623,Aqua,MODIS,100,6.2,317.4,899.7,D,0
-26.204,121.2877,334.1,3.1,1.7,2014-09-10,0623,Aqua,MODIS,82,6.2,308.7,117.5,D,0
-26.2138,121.3146,381.2,3.1,1.7,2014-09-10,0623,Aqua,MODIS,100,6.2,311.7,757.5,D,0
-26.2201,121.284,359,3.1,1.7,2014-09-10,0623,Aqua,MODIS,99,6.2,315.7,367.4,D,0
-26.2053,121.28,331.3,3.1,1.7,2014-09-10,0623,Aqua,MODIS,78,6.2,309.1,98,D,0
-26.2123,121.3222,374.3,3.1,1.7,2014-09-10,0623,Aqua,MODIS,100,6.2,307.7,616.2,D,0
-24.5187,119.8037,332.6,2.7,1.6,2014-09-10,0623,Aqua,MODIS,36,6.2,313.8,70.5,D,0
-24.4717,119.8196,330.6,2.7,1.6,2014-09-10,0623,Aqua,MODIS,63,6.2,312.6,56,D,0
-24.4046,119.9051,323.1,2.7,1.6,2014-09-10,0624,Aqua,MODIS,42,6.2,312.3,28.7,D,0
-24.5145,118.8866,329,2.3,1.5,2014-09-10,0624,Aqua,MODIS,72,6.2,313.9,39.6,D,0
-24.3744,119.9813,327.9,2.8,1.6,2014-09-10,0624,Aqua,MODIS,70,6.2,311.6,56.6,D,0
-24.5188,118.8644,332.9,2.3,1.5,2014-09-10,0624,Aqua,MODIS,78,6.2,316.3,55.4,D,0
-22.5444,122.5933,321.8,4.6,2,2014-09-10,0624,Aqua,MODIS,28,6.2,309.2,63.9,D,0
-22.5525,122.6333,320.6,4.6,2,2014-09-10,0624,Aqua,MODIS,23,6.2,308.7,56,D,0
-22.5519,122.642,320.8,4.6,2,2014-09-10,0624,Aqua,MODIS,22,6.2,308.2,57.2,D,0
-21.2484,117.7151,343.6,2.2,1.4,2014-09-10,0624,Aqua,MODIS,89,6.2,312.7,104.9,D,0
-21.2604,117.7354,326.9,2.2,1.4,2014-09-10,0624,Aqua,MODIS,24,6.2,311,29.1,D,0
-21.2515,117.7106,330.9,2.2,1.4,2014-09-10,0624,Aqua,MODIS,59,6.2,311.2,43.4,D,0
-21.2346,117.7301,352.6,2.2,1.4,2014-09-10,0624,Aqua,MODIS,95,6.2,313,158.2,D,0
-21.2385,117.7086,378.4,2.2,1.4,2014-09-10,0624,Aqua,MODIS,100,6.2,317.1,410.1,D,0
-21.2048,117.7459,325.2,2.2,1.4,2014-09-10,0624,Aqua,MODIS,55,6.2,312.2,21.6,D,0
-21.2088,117.7245,328.3,2.2,1.4,2014-09-10,0624,Aqua,MODIS,57,6.2,312.5,31.6,D,0
-29.9855,150.3299,302.8,1.4,1.2,2014-09-10,1230,Terra,MODIS,51,6.2,282.1,13.8,N,0
-26.1044,151.4932,300.1,1.1,1,2014-09-10,1231,Terra,MODIS,15,6.2,285.8,6.8,N,0
-26.5047,151.6046,311.1,1.1,1,2014-09-10,1231,Terra,MODIS,82,6.2,286.1,15.3,N,0
-27.8672,150.345,300.7,1.3,1.1,2014-09-10,1231,Terra,MODIS,32,6.2,282.1,10.8,N,0
-22.2857,148.4141,306.4,1.5,1.2,2014-09-10,1232,Terra,MODIS,68,6.2,289.5,14.8,N,0
-24.7002,151.8004,308.2,1.1,1,2014-09-10,1232,Terra,MODIS,74,6.2,288.8,10.4,N,0
-24.1549,144.4645,313.4,3,1.6,2014-09-10,1232,Terra,MODIS,87,6.2,289.3,63.6,N,0
-24.1575,144.4353,320.4,3,1.6,2014-09-10,1232,Terra,MODIS,100,6.2,289,94.4,N,0
-24.1426,144.4338,302.3,3,1.6,2014-09-10,1232,Terra,MODIS,48,6.2,288.7,30.2,N,0
-24.2508,150.5428,306.4,1.2,1.1,2014-09-10,1232,Terra,MODIS,68,6.2,289.8,10.2,N,0
-24.2522,150.5312,312.2,1.2,1.1,2014-09-10,1232,Terra,MODIS,84,6.2,289.3,15.5,N,0
-19.6277,147.1653,302.8,1.6,1.3,2014-09-10,1233,Terra,MODIS,51,6.2,289.3,12.9,N,0
-14.9316,144.9492,301.2,2,1.4,2014-09-10,1235,Terra,MODIS,39,6.2,290.1,12.9,N,0
-24.36,119.986,306,2.9,1.6,2014-09-10,1411,Terra,MODIS,67,6.2,288.7,39,N,0
-24.4517,119.7988,302,3,1.6,2014-09-10,1411,Terra,MODIS,17,6.2,288,26.2,N,0
-24.4666,119.8003,305.9,3,1.6,2014-09-10,1411,Terra,MODIS,66,6.2,287.3,37.7,N,0
-20.2432,127.9097,306.7,1,1,2014-09-10,1412,Terra,MODIS,66,6.2,294.5,5.8,N,0
-18.2635,130.1716,304.4,1.2,1.1,2014-09-10,1412,Terra,MODIS,28,6.2,289.7,7.4,N,0
-20.2626,127.9031,307,1,1,2014-09-10,1412,Terra,MODIS,67,6.2,294.5,6.1,N,0
-18.9336,126.3166,319.3,1,1,2014-09-10,1412,Terra,MODIS,98,6.2,296,16.9,N,0
-16.7191,132.487,316.7,1.9,1.3,2014-09-10,1412,Terra,MODIS,93,6.2,294.6,34.1,N,0
-16.7429,132.4915,308.5,1.9,1.3,2014-09-10,1412,Terra,MODIS,59,6.2,294.2,19.2,N,0
-16.7946,135.287,304.5,3,1.6,2014-09-10,1412,Terra,MODIS,55,6.2,293.3,25.7,N,0
-16.7705,135.2528,312.3,3,1.6,2014-09-10,1412,Terra,MODIS,60,6.2,293.8,46.5,N,0
-16.7558,135.2497,336.5,3,1.6,2014-09-10,1412,Terra,MODIS,100,6.2,294.8,178.6,N,0
-16.7411,135.2466,352.8,3,1.6,2014-09-10,1412,Terra,MODIS,100,6.2,295.3,328.3,N,0
-16.7265,135.2435,306.3,3,1.6,2014-09-10,1412,Terra,MODIS,67,6.2,293.2,27,N,0
-16.727,135.2369,310.5,3,1.6,2014-09-10,1412,Terra,MODIS,24,6.2,293.2,38.1,N,0
-16.9348,135.3574,310.6,3,1.7,2014-09-10,1412,Terra,MODIS,80,6.2,292.4,45.6,N,0
-16.9201,135.3542,302.9,3,1.7,2014-09-10,1412,Terra,MODIS,52,6.2,292.4,22.8,N,0
-16.9357,135.351,306.7,3,1.7,2014-09-10,1412,Terra,MODIS,69,6.2,292.2,32.9,N,0
-16.921,135.3478,304.1,3,1.7,2014-09-10,1412,Terra,MODIS,40,6.2,292.7,25,N,0
-16.7459,132.4742,305.4,1.9,1.3,2014-09-10,1412,Terra,MODIS,29,6.2,293.2,14.1,N,0
-16.7563,135.2432,332.1,3,1.6,2014-09-10,1412,Terra,MODIS,100,6.2,294.5,144.7,N,0
-16.7416,135.2401,348,3,1.6,2014-09-10,1412,Terra,MODIS,100,6.2,295.3,276.5,N,0
-16.7464,135.219,317.4,3,1.6,2014-09-10,1412,Terra,MODIS,95,6.2,293.2,67.4,N,0
-16.7318,135.2159,316.2,3,1.6,2014-09-10,1412,Terra,MODIS,93,6.2,292.8,63.7,N,0
-16.7321,135.2093,310.4,3,1.6,2014-09-10,1412,Terra,MODIS,28,6.2,292.5,37.7,N,0
-16.708,135.1756,313.7,3,1.6,2014-09-10,1412,Terra,MODIS,88,6.2,293,57.3,N,0
-18.511,127.4221,306.8,1,1,2014-09-10,1412,Terra,MODIS,69,6.2,294,6.9,N,0
-17.298,134.9754,302,2.8,1.6,2014-09-10,1412,Terra,MODIS,46,6.2,290.2,21,N,0
-18.6338,127.4,307.5,1,1,2014-09-10,1412,Terra,MODIS,72,6.2,293.3,6.8,N,0
-18.6352,127.3906,306.7,1,1,2014-09-10,1412,Terra,MODIS,66,6.2,293.2,6.4,N,0
-18.6365,127.3811,304.3,1,1,2014-09-10,1412,Terra,MODIS,27,6.2,293,4.8,N,0
-18.6302,127.3608,314.2,1,1,2014-09-10,1412,Terra,MODIS,75,6.2,293,11.3,N,0
-18.6316,127.3514,312.3,1,1,2014-09-10,1412,Terra,MODIS,77,6.2,292.1,10.1,N,0
-18.6226,127.3499,306.6,1,1,2014-09-10,1412,Terra,MODIS,52,6.2,291.8,6.5,N,0
-19.0053,126.4622,306.1,1,1,2014-09-10,1412,Terra,MODIS,67,6.2,294.6,6.3,N,0
-18.8536,128.6625,308,1,1,2014-09-10,1412,Terra,MODIS,73,6.2,292.8,8.7,N,0
-17.9497,122.9517,312.8,1.4,1.2,2014-09-10,1412,Terra,MODIS,86,6.2,292.8,18.4,N,0
-17.953,122.9247,303.3,1.4,1.2,2014-09-10,1412,Terra,MODIS,43,6.2,292.3,8.7,N,0
-17.9513,122.9383,306.6,1.4,1.2,2014-09-10,1412,Terra,MODIS,69,6.2,293,11.9,N,0
-17.9603,122.9532,310.8,1.4,1.2,2014-09-10,1412,Terra,MODIS,65,6.2,292.2,15.6,N,0
-17.9587,122.9666,316.2,1.4,1.2,2014-09-10,1412,Terra,MODIS,93,6.2,292.8,23.2,N,0
-17.948,122.9652,318.6,1.4,1.2,2014-09-10,1412,Terra,MODIS,97,6.2,293.6,26.8,N,0
-16.4194,124.1214,310.5,1.2,1.1,2014-09-10,1413,Terra,MODIS,79,6.2,297.1,9.3,N,0
-16.4166,124.1428,325.7,1.2,1.1,2014-09-10,1413,Terra,MODIS,100,6.2,298.1,26.3,N,0
-15.8684,127.8193,312.2,1,1,2014-09-10,1413,Terra,MODIS,84,6.2,295.1,9,N,0
-16.6294,123.6755,306.9,1.2,1.1,2014-09-10,1413,Terra,MODIS,67,6.2,296.2,7.2,N,0
-17.9161,122.9609,313.5,1.4,1.2,2014-09-10,1413,Terra,MODIS,87,6.2,292.8,19.6,N,0
-16.4277,124.1335,315,1.2,1.1,2014-09-10,1413,Terra,MODIS,90,6.2,297.8,12.8,N,0
-17.9145,122.9743,306.5,1.4,1.2,2014-09-10,1413,Terra,MODIS,68,6.2,293.1,11,N,0
-13.688,129.8509,307.6,1.4,1.2,2014-09-10,1413,Terra,MODIS,5,6.2,293.3,10.1,N,0
-16.5165,124.2304,307.9,1.2,1.1,2014-09-10,1413,Terra,MODIS,71,6.2,297,6.8,N,0
-16.4902,124.2813,312.8,1.2,1.1,2014-09-10,1413,Terra,MODIS,79,6.2,297.7,10.2,N,0
-15.9288,127.7163,309.6,1,1,2014-09-10,1413,Terra,MODIS,49,6.2,296.2,6.7,N,0
-16.418,124.1322,378.3,1.2,1.1,2014-09-10,1413,Terra,MODIS,100,6.2,302.9,181.2,N,0
-16.4916,124.2704,314.9,1.2,1.1,2014-09-10,1413,Terra,MODIS,90,6.2,297.4,11.8,N,0
-15.8808,127.7874,312.1,1,1,2014-09-10,1413,Terra,MODIS,84,6.2,295.6,8.6,N,0
-15.8727,127.79,311.8,1,1,2014-09-10,1413,Terra,MODIS,83,6.2,295.4,9.2,N,0
-16.4263,124.1444,317.4,1.2,1.1,2014-09-10,1413,Terra,MODIS,95,6.2,297.9,15.8,N,0
-16.4291,124.1224,313.8,1.2,1.1,2014-09-10,1413,Terra,MODIS,87,6.2,297,12.1,N,0
-15.8914,127.7795,307.7,1,1,2014-09-10,1413,Terra,MODIS,68,6.2,295.3,5.5,N,0
-15.884,127.713,307.9,1,1,2014-09-10,1413,Terra,MODIS,73,6.2,296.1,6.2,N,0
-15.89,127.7889,311.8,1,1,2014-09-10,1413,Terra,MODIS,83,6.2,296.8,8.4,N,0
-14.1417,132.3078,307.5,2,1.4,2014-09-10,1413,Terra,MODIS,69,6.2,295.4,15.2,N,0
-14.154,132.3103,328,2,1.4,2014-09-10,1413,Terra,MODIS,100,6.2,295.7,66.9,N,0
-14.1928,132.3236,304.8,2,1.4,2014-09-10,1413,Terra,MODIS,24,6.2,294.7,10.2,N,0
-14.2053,132.3257,313.2,2,1.4,2014-09-10,1413,Terra,MODIS,43,6.2,295.1,24.3,N,0
-14.2379,132.2994,308.4,2,1.4,2014-09-10,1413,Terra,MODIS,37,6.2,295.1,15.9,N,0
-14.2159,132.3525,348.8,2,1.4,2014-09-10,1413,Terra,MODIS,100,6.2,297.9,161.1,N,0
-14.2192,132.3338,328.7,2,1.4,2014-09-10,1413,Terra,MODIS,100,6.2,296,67.3,N,0
-14.2516,132.2775,308.1,2,1.4,2014-09-10,1413,Terra,MODIS,63,6.2,294.9,15.7,N,0
-14.2269,132.349,331.8,2,1.4,2014-09-10,1413,Terra,MODIS,100,6.2,297.1,81.5,N,0
-14.2177,132.3279,309.4,2,1.4,2014-09-10,1413,Terra,MODIS,18,6.2,295,16.9,N,0
-14.1556,132.3169,339.7,2,1.4,2014-09-10,1413,Terra,MODIS,100,6.2,296.8,114,N,0
-14.2315,132.3362,309.6,2,1.4,2014-09-10,1413,Terra,MODIS,55,6.2,295.5,17.9,N,0
-14.2283,132.3549,319.9,2,1.4,2014-09-10,1413,Terra,MODIS,99,6.2,296.7,43,N,0
-14.2534,132.2834,311.3,2,1.4,2014-09-10,1413,Terra,MODIS,82,6.2,295.1,22.3,N,0
-14.168,132.3192,348.2,2,1.4,2014-09-10,1413,Terra,MODIS,100,6.2,298,156.5,N,0
-13.6965,129.8654,309.7,1.4,1.2,2014-09-10,1413,Terra,MODIS,66,6.2,294,13.1,N,0
-14.151,132.3288,318.8,2,1.4,2014-09-10,1413,Terra,MODIS,97,6.2,295.7,39.2,N,0
-14.1804,132.3215,330.9,2,1.4,2014-09-10,1413,Terra,MODIS,100,6.2,296.1,76.7,N,0
-14.1432,132.3145,308.3,2,1.4,2014-09-10,1413,Terra,MODIS,72,6.2,295.3,16.3,N,0
-14.3304,132.2793,309.4,2,1.4,2014-09-10,1413,Terra,MODIS,69,6.2,297.2,17,N,0
-14.3212,132.2585,346.3,2,1.4,2014-09-10,1413,Terra,MODIS,100,6.2,298.4,141.8,N,0
-13.6232,133.3344,315.3,2.5,1.5,2014-09-10,1413,Terra,MODIS,91,6.2,293.4,49.2,N,0
-13.6272,133.3118,327.8,2.5,1.5,2014-09-10,1413,Terra,MODIS,100,6.2,294.2,95.9,N,0
-13.6165,133.3264,309.6,2.5,1.5,2014-09-10,1413,Terra,MODIS,78,6.2,293.4,31.8,N,0
-14.1772,132.3401,312.1,2,1.4,2014-09-10,1413,Terra,MODIS,67,6.2,295.6,23.1,N,0
-13.7279,135.038,303.1,3.3,1.7,2014-09-10,1413,Terra,MODIS,35,6.2,291,28.9,N,0
-13.7214,135.0946,303.5,3.4,1.7,2014-09-10,1413,Terra,MODIS,55,6.2,291.4,32.7,N,0
-14.3233,132.2656,345.4,2,1.4,2014-09-10,1413,Terra,MODIS,100,6.2,298.5,136.1,N,0
-12.9685,132.6476,303.7,2.3,1.5,2014-09-10,1413,Terra,MODIS,7,6.2,293,13.6,N,0
-12.9651,132.6682,318.2,2.3,1.5,2014-09-10,1413,Terra,MODIS,96,6.2,293.1,49.1,N,0
-13.7222,135.0685,317.7,3.3,1.7,2014-09-10,1413,Terra,MODIS,95,6.2,291.9,90.7,N,0
-14.2145,132.3466,354.6,2,1.4,2014-09-10,1413,Terra,MODIS,100,6.2,298.4,198.1,N,0
-14.2021,132.3443,334.6,2,1.4,2014-09-10,1413,Terra,MODIS,100,6.2,296.9,90.9,N,0
-13.727,135.0639,315,3.3,1.7,2014-09-10,1413,Terra,MODIS,90,6.2,291.9,80.6,N,0
-14.3265,132.2472,325.5,2,1.4,2014-09-10,1413,Terra,MODIS,100,6.2,297,54.3,N,0
-14.7541,133.1076,305.7,2.3,1.5,2014-09-10,1413,Terra,MODIS,65,6.2,291,22.2,N,0
-12.9655,132.6536,315,2.3,1.5,2014-09-10,1413,Terra,MODIS,90,6.2,293.1,38.6,N,0
-12.9619,132.6742,311.4,2.3,1.5,2014-09-10,1413,Terra,MODIS,68,6.2,292.7,29.1,N,0
-14.2453,132.2388,328.9,2,1.4,2014-09-10,1413,Terra,MODIS,100,6.2,296.1,68.4,N,0
-14.2506,132.2265,311.3,2,1.4,2014-09-10,1413,Terra,MODIS,82,6.2,295.5,21.7,N,0
-14.2474,132.2447,325.8,2,1.4,2014-09-10,1413,Terra,MODIS,100,6.2,296.1,58.9,N,0
-12.8743,132.5824,312.1,2.2,1.5,2014-09-10,1413,Terra,MODIS,84,6.2,292.9,32.7,N,0
-13.1389,130.9106,318.9,1.7,1.3,2014-09-10,1413,Terra,MODIS,98,6.2,293.5,33.3,N,0
-15.5315,135.2389,310.9,3.2,1.7,2014-09-10,1413,Terra,MODIS,81,6.2,293.4,52.4,N,0
-15.5287,135.2439,316.1,3.2,1.7,2014-09-10,1413,Terra,MODIS,93,6.2,293.5,71.9,N,0
-12.9555,132.6453,309.3,2.3,1.5,2014-09-10,1413,Terra,MODIS,77,6.2,292.7,26.5,N,0
-15.5492,135.2183,307.7,3.1,1.7,2014-09-10,1413,Terra,MODIS,72,6.2,292.4,41.8,N,0
-15.5165,135.2359,315,3.2,1.7,2014-09-10,1413,Terra,MODIS,90,6.2,293.1,68.9,N,0
-12.881,132.6104,306.4,2.3,1.5,2014-09-10,1413,Terra,MODIS,68,6.2,292.9,19.3,N,0
-12.959,132.6247,312.1,2.3,1.5,2014-09-10,1413,Terra,MODIS,84,6.2,293.2,33.4,N,0
-12.8708,132.603,317.3,2.3,1.5,2014-09-10,1413,Terra,MODIS,95,6.2,292.7,46.6,N,0
-13.1503,130.9126,308.3,1.7,1.3,2014-09-10,1413,Terra,MODIS,74,6.2,292.8,16.1,N,0
-13.4156,134.5814,306.4,3.1,1.7,2014-09-10,1413,Terra,MODIS,68,6.2,291.6,36.7,N,0
-13.0756,134.3444,301.8,3,1.7,2014-09-10,1413,Terra,MODIS,24,6.2,291.7,20.2,N,0
-13.0705,134.3724,304.9,3,1.7,2014-09-10,1413,Terra,MODIS,58,6.2,292.7,28.8,N,0
-13.4305,134.5842,306.7,3.1,1.7,2014-09-10,1413,Terra,MODIS,69,6.2,292,37.7,N,0
-13.0716,134.366,308.8,3,1.7,2014-09-10,1413,Terra,MODIS,43,6.2,292.8,40.1,N,0
-13.4104,134.6099,332.5,3.1,1.7,2014-09-10,1413,Terra,MODIS,100,6.2,294.7,169.4,N,0
-13.3181,134.7724,311.1,3.2,1.7,2014-09-10,1413,Terra,MODIS,82,6.2,292.8,53.6,N,0
-13.3126,134.8024,307.8,3.2,1.7,2014-09-10,1413,Terra,MODIS,73,6.2,293.1,42.3,N,0
-13.3216,134.7663,303.3,3.2,1.7,2014-09-10,1413,Terra,MODIS,52,6.2,292.4,27.5,N,0
-13.3163,134.7962,311.3,3.2,1.7,2014-09-10,1413,Terra,MODIS,82,6.2,293.3,57,N,0
-13.0557,134.3696,304.6,3,1.7,2014-09-10,1413,Terra,MODIS,31,6.2,292.3,27.4,N,0
-13.4254,134.6127,334.3,3.1,1.7,2014-09-10,1413,Terra,MODIS,100,6.2,295.2,182.1,N,0
-12.974,130.7926,309.3,1.6,1.3,2014-09-10,1414,Terra,MODIS,77,6.2,292.8,18,N,0
-12.9715,130.8076,314.3,1.6,1.3,2014-09-10,1414,Terra,MODIS,89,6.2,293.6,25.8,N,0
-12.7674,131.9698,311.3,2,1.4,2014-09-10,1414,Terra,MODIS,82,6.2,293.5,27,N,0
-12.7705,131.9513,311,2,1.4,2014-09-10,1414,Terra,MODIS,81,6.2,293.3,26.2,N,0
-15.5834,145.3113,306.5,1.1,1,2014-09-10,1539,Aqua,MODIS,66,6.2,291.7,7.6,N,0
-14.881,145.124,301.2,1.1,1,2014-09-10,1539,Aqua,MODIS,38,6.2,289.4,6.2,N,0
-14.8753,145.1307,306,1.1,1,2014-09-10,1539,Aqua,MODIS,66,6.2,289.6,8.2,N,0
-14.9215,144.9527,300.5,1.1,1,2014-09-10,1539,Aqua,MODIS,8,6.2,290.4,4.5,N,0
-14.8826,145.134,301.1,1.1,1,2014-09-10,1539,Aqua,MODIS,37,6.2,288.5,6.2,N,0
-15.6084,145.1661,303.5,1.1,1,2014-09-10,1539,Aqua,MODIS,34,6.2,289.5,6.7,N,0
-24.1494,144.4542,336.5,1,1,2014-09-10,1541,Aqua,MODIS,100,6.2,289.1,38.9,N,0
-24.1584,144.4527,327.5,1,1,2014-09-10,1541,Aqua,MODIS,87,6.2,287,26.5,N,0
-14.1479,132.3197,309.2,4,1.9,2014-09-10,1717,Aqua,MODIS,77,6.2,292.3,63.3,N,0
-14.1532,132.3147,310.4,4,1.9,2014-09-10,1717,Aqua,MODIS,80,6.2,292,65.2,N,0
-14.1646,132.3179,310.2,4,1.9,2014-09-10,1717,Aqua,MODIS,50,6.2,291.9,62.6,N,0
-14.1738,132.3506,329.7,4,1.9,2014-09-10,1717,Aqua,MODIS,100,6.2,293.5,206.4,N,0
-14.2066,132.3904,313.9,4.1,1.9,2014-09-10,1717,Aqua,MODIS,88,6.2,293.6,85.6,N,0
-14.1945,132.3869,307.6,4.1,1.9,2014-09-10,1717,Aqua,MODIS,39,6.2,293.3,50.5,N,0
-14.2114,132.385,313.6,4.1,1.9,2014-09-10,1717,Aqua,MODIS,87,6.2,293.9,83.5,N,0
-14.1519,132.3575,306.6,4,1.9,2014-09-10,1717,Aqua,MODIS,68,6.2,292.5,50.6,N,0
-14.1688,132.3559,328.8,4,1.9,2014-09-10,1717,Aqua,MODIS,100,6.2,293.6,196.6,N,0
-14.2073,132.3459,305.7,4,1.9,2014-09-10,1717,Aqua,MODIS,27,6.2,292.5,41.3,N,0
-14.1906,132.3483,312.6,4,1.9,2014-09-10,1717,Aqua,MODIS,85,6.2,292.7,77.3,N,0
-14.157,132.3526,320.1,4,1.9,2014-09-10,1717,Aqua,MODIS,100,6.2,293.1,127.1,N,0
-14.2023,132.3514,313.4,4,1.9,2014-09-10,1717,Aqua,MODIS,87,6.2,292.9,82.5,N,0
-14.1855,132.3535,317.8,4,1.9,2014-09-10,1717,Aqua,MODIS,80,6.2,293.1,107.5,N,0
-16.7354,132.4795,301.7,4.4,1.9,2014-09-10,1718,Aqua,MODIS,10,6.2,291.2,39.9,N,0
-18.5183,127.4632,304.1,2,1.4,2014-09-10,1718,Aqua,MODIS,58,6.2,293.4,13.7,N,0
-18.6273,127.4055,303.7,2,1.4,2014-09-10,1718,Aqua,MODIS,53,6.2,291.8,13.6,N,0
-16.5487,124.145,304.7,1.1,1.1,2014-09-10,1718,Aqua,MODIS,61,6.2,294.6,6.4,N,0
-16.5743,124.0916,309,1.1,1.1,2014-09-10,1718,Aqua,MODIS,76,6.2,294.5,10,N,0
-16.6295,123.6777,308.9,1.1,1,2014-09-10,1718,Aqua,MODIS,76,6.2,295.9,8,N,0
-18.847,128.6763,311.2,2.4,1.5,2014-09-10,1718,Aqua,MODIS,82,6.2,287.9,41.4,N,0
-17.9159,122.9566,304.9,1,1,2014-09-10,1718,Aqua,MODIS,56,6.2,290.9,7.1,N,0
-16.4164,124.1367,306.8,1.1,1.1,2014-09-10,1718,Aqua,MODIS,69,6.2,294.3,7.3,N,0
-18.8548,128.6703,309,2.4,1.5,2014-09-10,1718,Aqua,MODIS,76,6.2,289.7,38.8,N,0
-21.9934,120.3664,300.8,1,1,2014-09-10,1719,Aqua,MODIS,33,6.2,287.1,5.3,N,0
-21.9949,120.3761,306.9,1,1,2014-09-10,1719,Aqua,MODIS,70,6.2,288.3,8.9,N,0
-21.1122,117.662,313.5,1.2,1.1,2014-09-10,1719,Aqua,MODIS,87,6.2,289.9,18.8,N,0
-21.1125,117.6672,311.1,1.2,1.1,2014-09-10,1719,Aqua,MODIS,82,6.2,289.2,16.1,N,0
-24.4562,119.7804,301.9,1,1,2014-09-10,1720,Aqua,MODIS,15,6.2,287.1,5.6,N,0
-24.4531,119.8213,310.2,1,1,2014-09-10,1720,Aqua,MODIS,79,6.2,287.4,10.9,N,0
-24.5037,119.7867,304.5,1,1,2014-09-10,1720,Aqua,MODIS,60,6.2,287.7,7.6,N,0
-24.4545,119.8312,310.9,1,1,2014-09-10,1720,Aqua,MODIS,81,6.2,287.5,11.8,N,0
-24.4577,119.7903,307.9,1,1,2014-09-10,1720,Aqua,MODIS,61,6.2,287.1,9.1,N,0
-29.8182,149.3734,305.4,3.8,1.8,2014-09-10,2330,Terra,MODIS,44,6.2,295,26.6,D,0
-29.8021,149.3784,331.4,3.8,1.8,2014-09-10,2330,Terra,MODIS,87,6.2,295.6,190.6,D,0
-29.8078,149.371,331.8,3.8,1.8,2014-09-10,2330,Terra,MODIS,87,6.2,296.3,198.2,D,0
-12.9652,141.8826,333.5,1.1,1.1,2014-09-11,0103,Terra,MODIS,78,6.2,307.2,23.1,D,0
-12.9704,141.8501,350.5,1.1,1.1,2014-09-11,0103,Terra,MODIS,95,6.2,303.3,63.5,D,0
-12.9718,141.8605,357,1.1,1.1,2014-09-11,0103,Terra,MODIS,98,6.2,306,80.5,D,0
-12.9733,141.8709,338.7,1.1,1.1,2014-09-11,0103,Terra,MODIS,84,6.2,306.4,34.9,D,0
-12.3466,141.713,325.2,1.1,1,2014-09-11,0103,Terra,MODIS,56,6.2,307.8,13.1,D,0
-12.348,141.723,321.9,1.1,1,2014-09-11,0103,Terra,MODIS,55,6.2,306,8.3,D,0
-10.6098,142.1885,313.6,1.1,1,2014-09-11,0103,Terra,MODIS,39,6.2,299,5.7,D,0
-11.794,142.357,323.4,1.2,1.1,2014-09-11,0103,Terra,MODIS,60,6.2,303.5,12.7,D,0
-12.6369,142.1665,332.7,1.2,1.1,2014-09-11,0103,Terra,MODIS,83,6.2,306.9,24.8,D,0
-12.6469,142.0262,322.1,1.1,1.1,2014-09-11,0103,Terra,MODIS,36,6.2,309.1,8.9,D,0
-12.8111,142.9281,316.1,1.3,1.1,2014-09-11,0103,Terra,MODIS,36,6.2,301,8.8,D,0
-12.6234,142.2117,331.3,1.2,1.1,2014-09-11,0103,Terra,MODIS,82,6.2,309.7,19.7,D,0
-11.879,142.3072,322.5,1.2,1.1,2014-09-11,0103,Terra,MODIS,69,6.2,303,12,D,0
-11.8037,142.3556,324.2,1.2,1.1,2014-09-11,0103,Terra,MODIS,72,6.2,303.9,13.2,D,0
-12.2262,142.3744,345.7,1.2,1.1,2014-09-11,0103,Terra,MODIS,92,6.2,300.5,52.5,D,0
-12.8109,142.922,315.9,1.3,1.1,2014-09-11,0103,Terra,MODIS,50,6.2,300.9,9.1,D,0
-12.2657,142.4455,324.5,1.2,1.1,2014-09-11,0103,Terra,MODIS,44,6.2,302.9,12.4,D,0
-12.7234,142.1271,323.5,1.2,1.1,2014-09-11,0103,Terra,MODIS,65,6.2,306.6,9.8,D,0
-12.2359,142.373,378,1.2,1.1,2014-09-11,0103,Terra,MODIS,100,6.2,307.5,168.4,D,0
-12.6384,142.1771,332.5,1.2,1.1,2014-09-11,0103,Terra,MODIS,83,6.2,307.4,23.5,D,0
-12.1823,142.3647,327.7,1.2,1.1,2014-09-11,0103,Terra,MODIS,41,6.2,300.9,18.9,D,0
-12.1957,142.3677,376.7,1.2,1.1,2014-09-11,0103,Terra,MODIS,100,6.2,307.5,161.7,D,0
-12.186,142.3691,339.2,1.2,1.1,2014-09-11,0103,Terra,MODIS,88,6.2,303.1,38.1,D,0
-12.6454,142.0158,342.1,1.1,1.1,2014-09-11,0103,Terra,MODIS,90,6.2,309,41.6,D,0
-12.6249,142.2223,325.5,1.2,1.1,2014-09-11,0103,Terra,MODIS,68,6.2,310.8,11.2,D,0
-11.8687,142.2339,321.2,1.1,1.1,2014-09-11,0103,Terra,MODIS,48,6.2,302.7,10.2,D,0
-12.1875,142.3798,324.8,1.2,1.1,2014-09-11,0103,Terra,MODIS,53,6.2,301.7,12.4,D,0
-12.2388,142.3944,327.3,1.2,1.1,2014-09-11,0103,Terra,MODIS,73,6.2,304.7,15.5,D,0
-12.622,142.201,341.5,1.2,1.1,2014-09-11,0103,Terra,MODIS,90,6.2,308.4,38.5,D,0
-12.2374,142.3837,385.3,1.2,1.1,2014-09-11,0103,Terra,MODIS,100,6.2,310.6,207,D,0
-12.6211,142.2185,331.8,1.2,1.1,2014-09-11,0103,Terra,MODIS,70,6.2,310,17.7,D,0
-11.8797,142.2429,325.4,1.1,1.1,2014-09-11,0103,Terra,MODIS,65,6.2,304.2,15,D,0
-11.9489,142.6519,327.9,1.2,1.1,2014-09-11,0103,Terra,MODIS,62,6.2,303,20.5,D,0
-11.9481,142.6586,324.4,1.2,1.1,2014-09-11,0103,Terra,MODIS,30,6.2,302.5,15.4,D,0
-12.2485,142.3931,328.5,1.2,1.1,2014-09-11,0103,Terra,MODIS,79,6.2,306.6,17.4,D,0
-12.6115,142.2199,327.3,1.2,1.1,2014-09-11,0103,Terra,MODIS,42,6.2,310.2,11.2,D,0
-12.6273,142.1678,324.2,1.2,1.1,2014-09-11,0103,Terra,MODIS,58,6.2,306.1,12.1,D,0
-12.1942,142.3571,348.4,1.2,1.1,2014-09-11,0103,Terra,MODIS,94,6.2,302.9,60.4,D,0
-11.9465,142.6476,326.8,1.2,1.1,2014-09-11,0103,Terra,MODIS,56,6.2,303.2,18.4,D,0
-12.1971,142.3784,340.2,1.2,1.1,2014-09-11,0103,Terra,MODIS,89,6.2,305.2,39.3,D,0
-11.9234,142.1774,326.1,1.1,1.1,2014-09-11,0103,Terra,MODIS,77,6.2,303.5,17.7,D,0
-11.9219,142.167,333.6,1.1,1.1,2014-09-11,0103,Terra,MODIS,84,6.2,304.9,29.4,D,0
-11.8014,142.2703,330.2,1.1,1.1,2014-09-11,0103,Terra,MODIS,81,6.2,301.6,23.4,D,0
-11.806,142.2745,323.9,1.1,1.1,2014-09-11,0103,Terra,MODIS,74,6.2,302.3,13.6,D,0
-11.9315,142.1657,329.9,1.1,1.1,2014-09-11,0103,Terra,MODIS,81,6.2,302.1,24.6,D,0
-15.4593,135.1948,333.3,1.4,1.2,2014-09-11,0104,Terra,MODIS,59,6.2,308.4,30.9,D,0
-13.6359,133.3087,349.6,2.1,1.4,2014-09-11,0104,Terra,MODIS,94,6.2,308.8,138.4,D,0
-14.2543,132.2582,324.2,2.4,1.5,2014-09-11,0104,Terra,MODIS,65,6.2,306.9,34.2,D,0
-13.7435,135.065,350.1,1.5,1.2,2014-09-11,0104,Terra,MODIS,94,6.2,307.2,92.3,D,0
-13.7424,135.0719,328.4,1.5,1.2,2014-09-11,0104,Terra,MODIS,59,6.2,305.4,23.9,D,0
-15.6298,145.1688,321.1,2,1.4,2014-09-11,0104,Terra,MODIS,37,6.2,298.1,28.6,D,0
-13.8191,135.2504,338,1.5,1.2,2014-09-11,0104,Terra,MODIS,85,6.2,307.7,43.6,D,0
-15.4297,135.18,328,1.4,1.2,2014-09-11,0104,Terra,MODIS,49,6.2,308.8,16.4,D,0
-13.6307,135.2255,335.1,1.5,1.2,2014-09-11,0104,Terra,MODIS,83,6.2,308.9,39.3,D,0
-14.0162,136.4607,319.9,1.2,1.1,2014-09-11,0104,Terra,MODIS,35,6.2,305.8,8.9,D,0
-12.3503,135.9824,317.9,1.4,1.2,2014-09-11,0104,Terra,MODIS,0,6.2,300.2,11.4,D,0
-14.1648,132.3499,323.7,2.4,1.5,2014-09-11,0104,Terra,MODIS,39,6.2,304.4,30.8,D,0
-13.633,135.2392,327.2,1.5,1.2,2014-09-11,0104,Terra,MODIS,41,6.2,307.7,19.6,D,0
-13.4691,135.3638,332.8,1.5,1.2,2014-09-11,0104,Terra,MODIS,77,6.2,308.8,33.2,D,0
-13.7401,135.0579,372.2,1.5,1.2,2014-09-11,0104,Terra,MODIS,100,6.2,309.4,205.5,D,0
-13.6323,133.2971,340.2,2.1,1.4,2014-09-11,0104,Terra,MODIS,87,6.2,308.4,88.4,D,0
-13.6355,133.3159,352.2,2.1,1.4,2014-09-11,0104,Terra,MODIS,95,6.2,309.9,154.4,D,0
-14.222,132.3625,332.1,2.4,1.5,2014-09-11,0104,Terra,MODIS,71,6.2,307.4,62.3,D,0
-14.2337,132.3753,325.7,2.4,1.5,2014-09-11,0104,Terra,MODIS,68,6.2,306.1,41.4,D,0
-14.2621,132.2508,321.6,2.4,1.5,2014-09-11,0104,Terra,MODIS,37,6.2,307.1,25.6,D,0
-13.6387,133.3348,329.6,2.1,1.4,2014-09-11,0104,Terra,MODIS,75,6.2,308.6,40.1,D,0
-13.6326,133.2899,323,2.1,1.4,2014-09-11,0104,Terra,MODIS,53,6.2,308,21.5,D,0
-13.6393,133.3275,338.5,2.1,1.4,2014-09-11,0104,Terra,MODIS,86,6.2,309.2,75.7,D,0
-13.4539,135.3386,338.1,1.5,1.2,2014-09-11,0104,Terra,MODIS,86,6.2,306.8,44.5,D,0
-13.8084,135.2523,330.6,1.5,1.2,2014-09-11,0104,Terra,MODIS,77,6.2,309,25.2,D,0
-15.451,135.2096,334.6,1.4,1.2,2014-09-11,0104,Terra,MODIS,81,6.2,308,34,D,0
-15.4488,135.1966,328.5,1.4,1.2,2014-09-11,0104,Terra,MODIS,40,6.2,310.7,19.9,D,0
-13.7411,135.0511,353.8,1.5,1.2,2014-09-11,0104,Terra,MODIS,96,6.2,307.9,107.4,D,0
-14.354,143.3639,318.4,1.4,1.2,2014-09-11,0104,Terra,MODIS,27,6.2,304.4,10.4,D,0
-13.0646,134.3802,335.3,1.8,1.3,2014-09-11,0104,Terra,MODIS,83,6.2,307.4,48.7,D,0
-14.3038,141.9858,346.4,1.2,1.1,2014-09-11,0104,Terra,MODIS,92,6.2,306.9,53.6,D,0
-14.3053,141.9967,326.8,1.2,1.1,2014-09-11,0104,Terra,MODIS,73,6.2,306.8,15.5,D,0
-14.8002,142.7273,327,1.3,1.1,2014-09-11,0104,Terra,MODIS,29,6.2,308.2,17.3,D,0
-13.411,134.6005,330.8,1.7,1.3,2014-09-11,0104,Terra,MODIS,78,6.2,308.5,35.2,D,0
-13.4224,134.5986,348.3,1.7,1.3,2014-09-11,0104,Terra,MODIS,93,6.2,306.9,99,D,0
-12.9764,134.143,323.2,1.8,1.3,2014-09-11,0104,Terra,MODIS,57,6.2,309.7,17.5,D,0
-12.9792,134.1596,343.5,1.8,1.3,2014-09-11,0104,Terra,MODIS,90,6.2,310.1,88.1,D,0
-13.3741,134.7219,323.8,1.6,1.3,2014-09-11,0104,Terra,MODIS,65,6.2,308.4,12.2,D,0
-13.2882,134.1368,323.3,1.8,1.3,2014-09-11,0104,Terra,MODIS,61,6.2,308.1,17.5,D,0
-14.2425,143.2918,322.6,1.4,1.2,2014-09-11,0104,Terra,MODIS,64,6.2,303.8,17,D,0
-13.4094,134.5217,345.7,1.7,1.3,2014-09-11,0104,Terra,MODIS,91,6.2,307.9,85.8,D,0
-13.4068,134.5062,324.9,1.7,1.3,2014-09-11,0104,Terra,MODIS,47,6.2,309.7,18.5,D,0
-13.2854,134.1202,330.3,1.8,1.3,2014-09-11,0104,Terra,MODIS,77,6.2,309.1,37.4,D,0
-13.4271,134.4868,330,1.7,1.3,2014-09-11,0104,Terra,MODIS,77,6.2,308.1,31.4,D,0
-14.3753,143.3611,319.5,1.4,1.2,2014-09-11,0104,Terra,MODIS,44,6.2,303.2,12.8,D,0
-14.6251,132.1162,361.9,2.4,1.5,2014-09-11,0104,Terra,MODIS,100,6.2,306.9,288.7,D,0
-14.629,132.1386,322.4,2.4,1.5,2014-09-11,0104,Terra,MODIS,44,6.2,304.7,29.1,D,0
-14.6192,132.1112,354,2.4,1.5,2014-09-11,0104,Terra,MODIS,96,6.2,308.3,214.4,D,0
-14.6233,132.1334,334.8,2.4,1.5,2014-09-11,0104,Terra,MODIS,83,6.2,306,85.3,D,0
-13.2272,134.1038,323,1.8,1.3,2014-09-11,0104,Terra,MODIS,35,6.2,309.1,14.3,D,0
-13.5626,133.3549,322.9,2.1,1.4,2014-09-11,0104,Terra,MODIS,54,6.2,308.1,18.6,D,0
-13.5009,135.2187,324.3,1.5,1.2,2014-09-11,0104,Terra,MODIS,67,6.2,303.4,20,D,0
-13.4898,135.2007,325.1,1.5,1.2,2014-09-11,0104,Terra,MODIS,67,6.2,306.9,21.2,D,0
-13.4921,135.2143,346.5,1.5,1.2,2014-09-11,0104,Terra,MODIS,92,6.2,306.5,80.5,D,0
-14.3377,141.9972,319.6,1.2,1.1,2014-09-11,0104,Terra,MODIS,60,6.2,304,9.7,D,0
-14.342,142.0471,325.3,1.2,1.1,2014-09-11,0104,Terra,MODIS,59,6.2,307.8,11.5,D,0
-14.3436,142.041,326.8,1.2,1.1,2014-09-11,0104,Terra,MODIS,65,6.2,307.9,15.5,D,0
-13.3332,134.7512,326.2,1.6,1.3,2014-09-11,0104,Terra,MODIS,52,6.2,310.3,16.6,D,0
-13.4239,135.3577,330.2,1.5,1.2,2014-09-11,0104,Terra,MODIS,77,6.2,309.2,21.6,D,0
-13.4276,141.7656,345.4,1.1,1.1,2014-09-11,0104,Terra,MODIS,92,6.2,309.7,50.7,D,0
-13.429,141.7759,338.4,1.1,1.1,2014-09-11,0104,Terra,MODIS,87,6.2,307.4,36.6,D,0
-13.4371,141.7643,334.1,1.1,1.1,2014-09-11,0104,Terra,MODIS,84,6.2,304.5,26.7,D,0
-13.4386,141.7746,331,1.1,1.1,2014-09-11,0104,Terra,MODIS,81,6.2,304.8,22.3,D,0
-13.2818,135.2106,322.9,1.5,1.2,2014-09-11,0104,Terra,MODIS,55,6.2,309,12.8,D,0
-13.4321,135.3629,327.8,1.5,1.2,2014-09-11,0104,Terra,MODIS,74,6.2,307.9,16,D,0
-13.2819,134.7905,324.5,1.6,1.3,2014-09-11,0104,Terra,MODIS,46,6.2,307.4,14.3,D,0
-13.4987,135.2051,332.7,1.5,1.2,2014-09-11,0104,Terra,MODIS,80,6.2,303.8,38.8,D,0
-13.425,134.6139,325,1.7,1.3,2014-09-11,0104,Terra,MODIS,64,6.2,306.9,22.9,D,0
-13.5639,133.3489,324.9,2.1,1.4,2014-09-11,0104,Terra,MODIS,66,6.2,307.9,25.8,D,0
-13.3341,134.7597,330.2,1.6,1.3,2014-09-11,0104,Terra,MODIS,76,6.2,309.1,28.6,D,0
-15.445,134.9111,326.9,1.5,1.2,2014-09-11,0104,Terra,MODIS,60,6.2,309.9,16.7,D,0
-14.4619,142.018,321.2,1.2,1.1,2014-09-11,0104,Terra,MODIS,56,6.2,304.8,9.6,D,0
-12.963,135.7173,325.3,1.4,1.2,2014-09-11,0104,Terra,MODIS,71,6.2,308.5,20,D,0
-12.9736,135.7156,340.5,1.4,1.2,2014-09-11,0104,Terra,MODIS,88,6.2,305.8,54.8,D,0
-11.5364,131.1851,321.5,3.3,1.7,2014-09-11,0104,Terra,MODIS,53,6.2,302.8,54,D,0
-13.4713,135.3771,325.3,1.5,1.2,2014-09-11,0104,Terra,MODIS,48,6.2,307,17.8,D,0
-13.4901,135.2207,338.5,1.5,1.2,2014-09-11,0104,Terra,MODIS,86,6.2,305.3,51.6,D,0
-12.298,134.5618,320.3,1.8,1.3,2014-09-11,0104,Terra,MODIS,38,6.2,304.3,14.2,D,0
-13.4879,135.2071,339,1.5,1.2,2014-09-11,0104,Terra,MODIS,86,6.2,307.5,53.2,D,0
-14.1305,132.3118,327.5,2.4,1.5,2014-09-11,0104,Terra,MODIS,51,6.2,306.2,43.7,D,0
-14.1438,132.309,324.6,2.4,1.5,2014-09-11,0104,Terra,MODIS,29,6.2,306.6,31.3,D,0
-14.1611,132.3286,324.7,2.4,1.5,2014-09-11,0104,Terra,MODIS,36,6.2,305.7,31.9,D,0
-14.3102,132.2875,320.7,2.4,1.5,2014-09-11,0104,Terra,MODIS,39,6.2,307.1,19.4,D,0
-14.1477,132.3309,326.6,2.4,1.5,2014-09-11,0104,Terra,MODIS,51,6.2,305.6,41.7,D,0
-15.4274,135.7396,334.1,1.3,1.1,2014-09-11,0104,Terra,MODIS,80,6.2,307.2,30,D,0
-14.8104,134.7602,337.7,1.5,1.2,2014-09-11,0104,Terra,MODIS,84,6.2,309.7,42,D,0
-12.9696,130.8145,327.2,3.3,1.7,2014-09-11,0104,Terra,MODIS,72,6.2,305.6,69.2,D,0
-15.5036,135.267,327.2,1.4,1.2,2014-09-11,0104,Terra,MODIS,38,6.2,306.8,17.7,D,0
-15.521,135.2047,326.3,1.4,1.2,2014-09-11,0104,Terra,MODIS,53,6.2,308.7,14.3,D,0
-12.7025,134.7724,360.1,1.7,1.3,2014-09-11,0104,Terra,MODIS,100,6.2,308.2,155.6,D,0
-15.4765,135.2977,356.6,1.4,1.2,2014-09-11,0104,Terra,MODIS,98,6.2,309.4,102.8,D,0
-15.4172,135.7413,327.5,1.3,1.1,2014-09-11,0104,Terra,MODIS,61,6.2,306.4,18,D,0
-15.425,135.7341,328.5,1.3,1.1,2014-09-11,0104,Terra,MODIS,72,6.2,309.6,19.4,D,0
-15.4744,135.2851,358.1,1.4,1.2,2014-09-11,0104,Terra,MODIS,99,6.2,311.9,107.2,D,0
-12.8796,132.6049,325.7,2.4,1.5,2014-09-11,0104,Terra,MODIS,69,6.2,307.7,38.3,D,0
-15.514,135.2651,330.3,1.4,1.2,2014-09-11,0104,Terra,MODIS,72,6.2,305.6,26.1,D,0
-15.5245,135.2633,325,1.4,1.2,2014-09-11,0104,Terra,MODIS,39,6.2,304.7,15.8,D,0
-15.5015,135.2542,333.8,1.4,1.2,2014-09-11,0104,Terra,MODIS,76,6.2,308,30.8,D,0
-12.6799,134.3543,333.7,1.8,1.3,2014-09-11,0104,Terra,MODIS,82,6.2,305.8,53.6,D,0
-12.8718,132.6123,332.3,2.4,1.5,2014-09-11,0104,Terra,MODIS,80,6.2,306.7,66.9,D,0
-12.6772,134.3377,323.7,1.8,1.3,2014-09-11,0104,Terra,MODIS,66,6.2,306.4,24,D,0
-14.5241,134.5015,325.7,1.6,1.3,2014-09-11,0104,Terra,MODIS,54,6.2,308.6,18.7,D,0
-14.5354,134.4995,349,1.6,1.3,2014-09-11,0104,Terra,MODIS,93,6.2,307.5,93,D,0
-15.5224,135.2505,347.5,1.4,1.2,2014-09-11,0104,Terra,MODIS,92,6.2,307.7,69.5,D,0
-15.8432,136.2258,325.8,1.2,1.1,2014-09-11,0104,Terra,MODIS,35,6.2,309.4,10.9,D,0
-14.8081,134.6132,332.7,1.6,1.2,2014-09-11,0104,Terra,MODIS,79,6.2,308.8,34.7,D,0
-14.5379,134.5143,335.3,1.6,1.3,2014-09-11,0104,Terra,MODIS,82,6.2,306.8,42.7,D,0
-15.427,135.7457,330.4,1.3,1.1,2014-09-11,0104,Terra,MODIS,75,6.2,305.6,23,D,0
-13.157,130.9204,328.2,3.2,1.7,2014-09-11,0104,Terra,MODIS,73,6.2,303.7,77.4,D,0
-14.7995,134.6295,338.5,1.6,1.2,2014-09-11,0104,Terra,MODIS,85,6.2,310.4,50.3,D,0
-15.512,135.2524,326.5,1.4,1.2,2014-09-11,0104,Terra,MODIS,47,6.2,307,17.1,D,0
-14.8128,134.7744,329.7,1.5,1.2,2014-09-11,0104,Terra,MODIS,75,6.2,308.7,20.9,D,0
-15.8414,136.2146,333.4,1.2,1.1,2014-09-11,0104,Terra,MODIS,79,6.2,308,24.3,D,0
-15.5904,145.1554,320.4,2,1.4,2014-09-11,0104,Terra,MODIS,32,6.2,299.4,22.1,D,0
-14.722,134.9325,322.4,1.5,1.2,2014-09-11,0104,Terra,MODIS,53,6.2,308.4,14,D,0
-14.8096,134.7671,342.9,1.5,1.2,2014-09-11,0104,Terra,MODIS,89,6.2,309.1,59.5,D,0
-12.705,134.7877,324.8,1.7,1.3,2014-09-11,0104,Terra,MODIS,49,6.2,309.3,18.6,D,0
-15.466,135.2995,327.9,1.4,1.2,2014-09-11,0104,Terra,MODIS,58,6.2,307.1,19.5,D,0
-17.4192,135.0721,357.6,1.3,1.1,2014-09-11,0105,Terra,MODIS,98,6.2,307.5,98,D,0
-17.4295,135.0703,336.1,1.3,1.1,2014-09-11,0105,Terra,MODIS,81,6.2,306,32.7,D,0
-17.3201,135.0314,366,1.3,1.1,2014-09-11,0105,Terra,MODIS,100,6.2,311.3,133.5,D,0
-17.3304,135.0296,335.3,1.3,1.1,2014-09-11,0105,Terra,MODIS,82,6.2,309.9,27.8,D,0
-17.3325,135.0421,332.9,1.3,1.1,2014-09-11,0105,Terra,MODIS,66,6.2,309.3,24.8,D,0
-17.3428,135.0403,334.9,1.3,1.1,2014-09-11,0105,Terra,MODIS,73,6.2,310.9,28.4,D,0
-17.339,135.0349,329.1,1.3,1.1,2014-09-11,0105,Terra,MODIS,63,6.2,311.1,17.4,D,0
-17.3514,135.0456,352.4,1.3,1.1,2014-09-11,0105,Terra,MODIS,95,6.2,309.7,79.1,D,0
-17.3637,135.0563,337.1,1.3,1.1,2014-09-11,0105,Terra,MODIS,84,6.2,309.4,36.2,D,0
-17.374,135.0545,334.1,1.3,1.1,2014-09-11,0105,Terra,MODIS,78,6.2,308.9,29.2,D,0
-17.3761,135.067,335.1,1.3,1.1,2014-09-11,0105,Terra,MODIS,82,6.2,308.2,32.3,D,0
-16.8693,141.3569,325.6,1.2,1.1,2014-09-11,0105,Terra,MODIS,66,6.2,307.7,13,D,0
-16.8708,141.3678,330.6,1.2,1.1,2014-09-11,0105,Terra,MODIS,76,6.2,308.9,20.9,D,0
-17.3098,135.0332,338.1,1.3,1.1,2014-09-11,0105,Terra,MODIS,78,6.2,311.3,36.7,D,0
-17.3987,135.0758,333.6,1.3,1.1,2014-09-11,0105,Terra,MODIS,63,6.2,310.1,28.7,D,0
-17.4089,135.0739,392.1,1.3,1.1,2014-09-11,0105,Terra,MODIS,100,6.2,316.2,295.7,D,0
-17.411,135.0864,350.6,1.3,1.1,2014-09-11,0105,Terra,MODIS,94,6.2,310.8,73,D,0
-16.7281,132.5577,323.7,2.1,1.4,2014-09-11,0105,Terra,MODIS,30,6.2,305.4,26.5,D,0
-16.7564,132.4872,333.7,2.1,1.4,2014-09-11,0105,Terra,MODIS,82,6.2,307.3,64.4,D,0
-16.7598,132.5063,324.5,2.1,1.4,2014-09-11,0105,Terra,MODIS,70,6.2,305.8,28.5,D,0
-16.7689,132.4848,338,2.1,1.4,2014-09-11,0105,Terra,MODIS,86,6.2,304.8,80.7,D,0
-16.7723,132.5039,336.4,2.1,1.4,2014-09-11,0105,Terra,MODIS,85,6.2,303.2,71.4,D,0
-16.7848,132.5015,341.5,2.1,1.4,2014-09-11,0105,Terra,MODIS,89,6.2,303.9,96.2,D,0
-16.7973,132.4991,347.9,2.1,1.4,2014-09-11,0105,Terra,MODIS,93,6.2,306.2,133.3,D,0
-16.8098,132.4967,353.7,2.1,1.4,2014-09-11,0105,Terra,MODIS,96,6.2,306.5,170.6,D,0
-16.7976,132.4919,339.3,2.1,1.4,2014-09-11,0105,Terra,MODIS,87,6.2,307,90.6,D,0
-16.8011,132.511,328.4,2.1,1.4,2014-09-11,0105,Terra,MODIS,74,6.2,303.3,43,D,0
-16.8101,132.4895,339.8,2.1,1.4,2014-09-11,0105,Terra,MODIS,87,6.2,305.9,95.4,D,0
-16.8136,132.5086,336.2,2.1,1.4,2014-09-11,0105,Terra,MODIS,84,6.2,304.1,77.3,D,0
-16.8264,132.5918,328.3,2,1.4,2014-09-11,0105,Terra,MODIS,76,6.2,306.3,42.3,D,0
-16.815,132.5869,324.7,2,1.4,2014-09-11,0105,Terra,MODIS,58,6.2,306.7,29.4,D,0
-16.8274,132.5845,323.7,2,1.4,2014-09-11,0105,Terra,MODIS,51,6.2,307.2,25.9,D,0
-16.8894,132.5725,320.3,2,1.4,2014-09-11,0105,Terra,MODIS,52,6.2,305,21.5,D,0
-16.8928,132.5914,319.9,2,1.4,2014-09-11,0105,Terra,MODIS,47,6.2,304.4,20.7,D,0
-16.7315,132.5769,324.5,2,1.4,2014-09-11,0105,Terra,MODIS,56,6.2,304.6,30.9,D,0
-16.7327,132.5706,328.7,2,1.4,2014-09-11,0105,Terra,MODIS,76,6.2,305,46.1,D,0
-16.7486,132.5871,322.1,2,1.4,2014-09-11,0105,Terra,MODIS,56,6.2,304.6,26.1,D,0
-17.5033,145.2886,314.7,2.2,1.4,2014-09-11,0105,Terra,MODIS,25,6.2,303.4,17,D,0
-17.4458,135.1057,327.4,1.3,1.1,2014-09-11,0105,Terra,MODIS,33,6.2,308.2,17.9,D,0
-17.4524,135.0977,327.5,1.3,1.1,2014-09-11,0105,Terra,MODIS,18,6.2,307.4,17,D,0
-16.7306,135.2442,325.7,1.3,1.1,2014-09-11,0105,Terra,MODIS,52,6.2,310.2,14.8,D,0
-16.7392,135.2489,331,1.3,1.1,2014-09-11,0105,Terra,MODIS,54,6.2,310,21.3,D,0
-16.9215,135.3495,332.2,1.3,1.1,2014-09-11,0105,Terra,MODIS,79,6.2,310.5,23.8,D,0
-16.9235,135.3616,327.4,1.3,1.1,2014-09-11,0105,Terra,MODIS,42,6.2,310.6,14.1,D,0
-16.9255,135.3737,348.2,1.3,1.1,2014-09-11,0105,Terra,MODIS,93,6.2,311.2,63.3,D,0
-16.9375,135.384,344.2,1.3,1.1,2014-09-11,0105,Terra,MODIS,90,6.2,311.1,50.2,D,0
-16.935,135.378,336.9,1.3,1.1,2014-09-11,0105,Terra,MODIS,84,6.2,311,32.1,D,0
-16.937,135.3901,328.1,1.3,1.1,2014-09-11,0105,Terra,MODIS,49,6.2,309.8,16.3,D,0
-16.9451,135.3762,333.5,1.3,1.1,2014-09-11,0105,Terra,MODIS,80,6.2,309.7,25.1,D,0
-16.9471,135.3883,330.9,1.3,1.1,2014-09-11,0105,Terra,MODIS,71,6.2,308.3,21.1,D,0
-16.9795,135.395,327.3,1.3,1.1,2014-09-11,0105,Terra,MODIS,71,6.2,308,16.4,D,0
-16.7056,132.5028,323.6,2.1,1.4,2014-09-11,0105,Terra,MODIS,61,6.2,305.9,29.9,D,0
-16.7063,132.4967,323.3,2.1,1.4,2014-09-11,0105,Terra,MODIS,31,6.2,306,26.7,D,0
-16.7082,135.1712,325.2,1.3,1.2,2014-09-11,0105,Terra,MODIS,57,6.2,310.3,12.8,D,0
-16.7102,135.1837,345.5,1.3,1.1,2014-09-11,0105,Terra,MODIS,91,6.2,310.7,58.5,D,0
-16.7122,135.1962,335.2,1.3,1.1,2014-09-11,0105,Terra,MODIS,82,6.2,309.6,32,D,0
-16.7225,135.1944,334.8,1.3,1.1,2014-09-11,0105,Terra,MODIS,82,6.2,307.7,30.1,D,0
-16.7185,135.1886,337.5,1.3,1.1,2014-09-11,0105,Terra,MODIS,85,6.2,310,36.5,D,0
-16.7206,135.201,327.5,1.3,1.1,2014-09-11,0105,Terra,MODIS,69,6.2,307.9,16.3,D,0
-16.8345,141.3176,333.3,1.2,1.1,2014-09-11,0105,Terra,MODIS,79,6.2,308.6,23.1,D,0
-17.2974,135.0224,328.8,1.3,1.2,2014-09-11,0105,Terra,MODIS,50,6.2,311.1,17,D,0
-17.3078,135.0206,344.4,1.3,1.2,2014-09-11,0105,Terra,MODIS,90,6.2,313.2,51.8,D,0
-18.2349,130.1809,327.4,2.9,1.6,2014-09-11,0105,Terra,MODIS,74,6.2,307.8,55,D,0
-18.2291,130.1613,324.1,2.9,1.6,2014-09-11,0105,Terra,MODIS,61,6.2,308.1,38.4,D,0
-18.2782,130.1719,339.9,2.9,1.6,2014-09-11,0105,Terra,MODIS,87,6.2,308,138.9,D,0
-18.2833,130.1985,322.6,2.9,1.6,2014-09-11,0105,Terra,MODIS,45,6.2,307.1,34.5,D,0
-18.2341,130.1882,322.9,2.9,1.6,2014-09-11,0105,Terra,MODIS,49,6.2,307.8,31.5,D,0
-19.9873,128.257,318.6,3.6,1.8,2014-09-11,0106,Terra,MODIS,55,6.2,305.1,39.7,D,0
-20.7326,139.475,328.1,1.1,1,2014-09-11,0106,Terra,MODIS,68,6.2,311.7,13.2,D,2
-19.2868,130.9181,322.2,2.4,1.5,2014-09-11,0106,Terra,MODIS,51,6.2,306.1,29.5,D,0
-24.1497,144.4404,333.4,2.3,1.5,2014-09-11,0106,Terra,MODIS,82,6.2,312.8,73.1,D,0
-24.1519,144.4634,326.9,2.3,1.5,2014-09-11,0106,Terra,MODIS,75,6.2,312.9,44.9,D,0
-24.163,144.4389,364.7,2.3,1.5,2014-09-11,0106,Terra,MODIS,100,6.2,314.3,299.4,D,0
-24.1653,144.4619,338.3,2.3,1.5,2014-09-11,0106,Terra,MODIS,87,6.2,312.5,97.5,D,0
-18.5985,127.3516,331.6,4.5,2,2014-09-11,0106,Terra,MODIS,81,6.2,303.8,181.3,D,0
-18.6158,127.3474,342,4.5,2,2014-09-11,0106,Terra,MODIS,89,6.2,304.6,321.5,D,0
-18.5975,127.344,329.6,4.5,2,2014-09-11,0106,Terra,MODIS,79,6.2,303.5,158.5,D,0
-18.6148,127.3398,340.8,4.5,2,2014-09-11,0106,Terra,MODIS,89,6.2,304.3,309.1,D,0
-18.6237,127.3822,320.3,4.5,2,2014-09-11,0106,Terra,MODIS,52,6.2,304.9,69.7,D,0
-18.6322,127.3357,319.5,4.5,2,2014-09-11,0106,Terra,MODIS,52,6.2,303.5,66.9,D,0
-18.6411,127.3782,325.6,4.5,2,2014-09-11,0106,Terra,MODIS,73,6.2,303.9,121.3,D,0
-18.6413,127.3725,326,4.5,2,2014-09-11,0106,Terra,MODIS,74,6.2,303.9,124.1,D,0
-20.9361,135.2621,334.3,1.2,1.1,2014-09-11,0106,Terra,MODIS,82,6.2,303,30.2,D,0
-17.767,123.0622,345.3,3.4,1.7,2014-09-11,0243,Terra,MODIS,82,6.2,309.9,214.9,D,0
-16.6217,123.6755,322.6,3.7,1.8,2014-09-11,0243,Terra,MODIS,30,6.2,305.6,59.4,D,0
-17.7985,123.0589,331.4,3.4,1.7,2014-09-11,0243,Terra,MODIS,52,6.2,312,90.4,D,0
-17.7728,123.0686,349.4,3.4,1.7,2014-09-11,0243,Terra,MODIS,93,6.2,312,277.1,D,0
-17.9463,122.8473,333.4,3.3,1.7,2014-09-11,0243,Terra,MODIS,79,6.2,312.5,101.3,D,0
-17.9449,122.8725,352.7,3.3,1.7,2014-09-11,0243,Terra,MODIS,95,6.2,313.5,297.5,D,0
-17.9495,122.8785,351.2,3.3,1.7,2014-09-11,0243,Terra,MODIS,94,6.2,313.1,276.5,D,0
-17.9715,122.9393,327.6,3.4,1.7,2014-09-11,0243,Terra,MODIS,41,6.2,309,58.7,D,0
-17.8009,123.0331,333.9,3.4,1.7,2014-09-11,0243,Terra,MODIS,68,6.2,310.2,101.5,D,0
-17.7836,122.7221,325.3,3.2,1.7,2014-09-11,0243,Terra,MODIS,56,6.2,311,32.7,D,0
-17.7803,122.7155,324.6,3.2,1.7,2014-09-11,0243,Terra,MODIS,49,6.2,311.4,31.2,D,0
-17.9665,122.9333,331.4,3.4,1.7,2014-09-11,0244,Terra,MODIS,68,6.2,309.7,84.6,D,0
-18.147,123.7751,326.2,3.9,1.8,2014-09-11,0244,Terra,MODIS,52,6.2,311.6,59.6,D,0
-18.1525,123.7693,325.3,3.9,1.8,2014-09-11,0244,Terra,MODIS,45,6.2,310.6,53,D,0
-21.1084,117.6543,327.3,1.5,1.2,2014-09-11,0245,Terra,MODIS,53,6.2,311.9,19.5,D,0
-21.1209,117.6468,331.9,1.5,1.2,2014-09-11,0245,Terra,MODIS,62,6.2,309,29.2,D,0
-21.1227,117.6613,331,1.5,1.2,2014-09-11,0245,Terra,MODIS,62,6.2,312.6,26.5,D,0
-22.0022,120.3668,328.5,2.4,1.5,2014-09-11,0245,Terra,MODIS,74,6.2,308.8,57.5,D,0
-24.5143,119.7884,325.9,2.4,1.5,2014-09-11,0245,Terra,MODIS,43,6.2,308.2,43.2,D,0
-24.3998,119.9099,320.1,2.4,1.5,2014-09-11,0245,Terra,MODIS,41,6.2,308.4,23.8,D,0
-24.4986,119.7664,330.5,2.4,1.5,2014-09-11,0245,Terra,MODIS,49,6.2,308.9,58.4,D,0
-24.4636,119.7773,338.7,2.4,1.5,2014-09-11,0245,Terra,MODIS,86,6.2,311.4,98.8,D,0
-24.4659,119.8008,352.5,2.4,1.5,2014-09-11,0245,Terra,MODIS,96,6.2,311.2,191.2,D,0
-24.5064,119.7962,324.8,2.4,1.5,2014-09-11,0245,Terra,MODIS,39,6.2,310.5,37.6,D,0
-24.4682,119.8244,331.1,2.4,1.5,2014-09-11,0245,Terra,MODIS,79,6.2,311,61.2,D,0
-24.512,119.7647,327.6,2.4,1.5,2014-09-11,0245,Terra,MODIS,58,6.2,305.6,50.3,D,0
-24.4771,119.7757,349.1,2.4,1.5,2014-09-11,0245,Terra,MODIS,94,6.2,308.8,161.5,D,0
-24.4748,119.7522,333.2,2.4,1.5,2014-09-11,0245,Terra,MODIS,69,6.2,307.6,67.1,D,0
-24.4479,119.7553,321.3,2.4,1.5,2014-09-11,0245,Terra,MODIS,37,6.2,309,20.7,D,0
-24.4501,119.7788,330.1,2.4,1.5,2014-09-11,0245,Terra,MODIS,78,6.2,309.8,56.3,D,0
-24.4613,119.7538,322.9,2.4,1.5,2014-09-11,0245,Terra,MODIS,44,6.2,308.2,26.8,D,0
-24.504,119.7725,339.5,2.4,1.5,2014-09-11,0245,Terra,MODIS,87,6.2,309.9,110.3,D,0
-31.7274,148.1947,320.3,1.3,1.1,2014-09-11,0347,Aqua,MODIS,75,6.2,300.9,19.1,D,0
-32.917,146.6448,314.6,1.6,1.3,2014-09-11,0347,Aqua,MODIS,67,6.2,300.5,15.8,D,0
-32.9411,147.3026,320.9,1.5,1.2,2014-09-11,0347,Aqua,MODIS,77,6.2,299.2,25.1,D,0
-32.9416,147.3082,320.3,1.5,1.2,2014-09-11,0347,Aqua,MODIS,76,6.2,298.5,25.3,D,0
-32.472,146.5536,311.5,1.6,1.3,2014-09-11,0347,Aqua,MODIS,56,6.2,300.5,11.5,D,0
-34.4672,150.8887,311.6,1.1,1,2014-09-11,0347,Aqua,MODIS,40,6.2,299.4,4.7,D,2
-33.0271,146.477,311.7,1.7,1.3,2014-09-11,0347,Aqua,MODIS,60,6.2,300.7,11.7,D,0
-32.3882,151.5641,311.8,1,1,2014-09-11,0347,Aqua,MODIS,68,6.2,300.4,6.5,D,0
-31.352,151.2916,315.8,1,1,2014-09-11,0347,Aqua,MODIS,72,6.2,296,13.1,D,0
-31.3535,151.281,318.8,1,1,2014-09-11,0347,Aqua,MODIS,75,6.2,295.4,15.6,D,0
-31.6749,151.4105,311,1,1,2014-09-11,0347,Aqua,MODIS,67,6.2,299.1,6.1,D,0
-32.3573,151.3203,306.8,1,1,2014-09-11,0347,Aqua,MODIS,47,6.2,296.6,4,D,0
-31.2517,151.4785,310.7,1,1,2014-09-11,0348,Aqua,MODIS,63,6.2,294.4,8.1,D,0
-30.9264,151.6388,306.8,1,1,2014-09-11,0348,Aqua,MODIS,37,6.2,296.1,3.8,D,0
-30.7237,151.5766,309.4,1,1,2014-09-11,0348,Aqua,MODIS,57,6.2,299.2,4.5,D,0
-30.5947,151.1211,315.2,1,1,2014-09-11,0348,Aqua,MODIS,68,6.2,298,8.9,D,0
-30.2899,151.195,312.7,1,1,2014-09-11,0348,Aqua,MODIS,64,6.2,301.9,5.8,D,0
-30.2568,152.1343,312.1,1,1,2014-09-11,0348,Aqua,MODIS,65,6.2,300.7,5.7,D,0
-30.9529,149.6586,311.7,1.1,1,2014-09-11,0348,Aqua,MODIS,47,6.2,300.4,6,D,0
-28.4182,148.634,322.8,1.1,1.1,2014-09-11,0348,Aqua,MODIS,57,6.2,311.5,8.9,D,0
-29.1613,148.9337,321.5,1.1,1.1,2014-09-11,0348,Aqua,MODIS,56,6.2,309.3,10,D,0
-27.9826,148.698,327.3,1.1,1.1,2014-09-11,0348,Aqua,MODIS,74,6.2,306.2,18.5,D,0
-27.8116,153.2383,314.8,1.1,1,2014-09-11,0348,Aqua,MODIS,46,6.2,300.2,9,D,0
-27.9841,148.6866,330.6,1.1,1.1,2014-09-11,0348,Aqua,MODIS,78,6.2,310.1,23,D,0
-27.7929,152.2965,325.1,1,1,2014-09-11,0348,Aqua,MODIS,69,6.2,302.5,17.7,D,0
-29.1517,148.9321,319.8,1.1,1.1,2014-09-11,0348,Aqua,MODIS,37,6.2,309.3,7,D,0
-27.9261,152.8593,321.4,1.1,1,2014-09-11,0348,Aqua,MODIS,70,6.2,299.8,15,D,0
-28.4929,150.1838,325.8,1,1,2014-09-11,0348,Aqua,MODIS,73,6.2,309.6,13.6,D,0
-29.4084,148.2511,320.8,1.2,1.1,2014-09-11,0348,Aqua,MODIS,57,6.2,308.7,9,D,0
-28.6268,152.4372,312.4,1,1,2014-09-11,0348,Aqua,MODIS,41,6.2,300.9,7.4,D,0
-28.6176,152.4355,313.2,1,1,2014-09-11,0348,Aqua,MODIS,56,6.2,300.1,7.6,D,0
-28.3647,152.2311,323.6,1,1,2014-09-11,0348,Aqua,MODIS,67,6.2,308.2,12.6,D,0
-29.0517,152.126,311.9,1,1,2014-09-11,0348,Aqua,MODIS,53,6.2,301.3,5.7,D,0
-28.8213,152.0734,321.5,1,1,2014-09-11,0348,Aqua,MODIS,75,6.2,300.6,15.9,D,0
-29.2573,152.5967,313.5,1,1,2014-09-11,0348,Aqua,MODIS,66,6.2,299.9,6.7,D,0
-28.8228,152.063,333,1,1,2014-09-11,0348,Aqua,MODIS,86,6.2,302.2,30.2,D,0
-30.9544,149.6472,311.6,1.1,1,2014-09-11,0348,Aqua,MODIS,40,6.2,299.8,6.1,D,0
-30.9464,149.6341,313.8,1.1,1,2014-09-11,0348,Aqua,MODIS,61,6.2,299.2,8.5,D,0
-28.6192,152.425,311,1,1,2014-09-11,0348,Aqua,MODIS,45,6.2,300.8,5.7,D,0
-28.0364,153.0448,319.9,1.1,1,2014-09-11,0348,Aqua,MODIS,61,6.2,305.7,8.6,D,0
-28.0347,153.0558,325.4,1.1,1,2014-09-11,0348,Aqua,MODIS,76,6.2,306.2,15.6,D,0
-28.1416,151.5663,322.4,1,1,2014-09-11,0348,Aqua,MODIS,70,6.2,306.3,11.9,D,0
-27.7497,152.1485,319.8,1,1,2014-09-11,0348,Aqua,MODIS,64,6.2,302.9,10.7,D,0
-29.6092,150.618,317.2,1,1,2014-09-11,0348,Aqua,MODIS,64,6.2,302.5,7.9,D,0
-28.1491,151.5782,360.2,1,1,2014-09-11,0348,Aqua,MODIS,100,6.2,308.3,77.8,D,0
-28.1401,151.5765,324.8,1,1,2014-09-11,0348,Aqua,MODIS,74,6.2,306.9,14.4,D,0
-28.1295,151.4593,336,1,1,2014-09-11,0348,Aqua,MODIS,86,6.2,308.4,28.2,D,0
-29.6595,151.5009,316.3,1,1,2014-09-11,0348,Aqua,MODIS,38,6.2,300.7,7.3,D,0
-28.128,151.4695,323.9,1,1,2014-09-11,0348,Aqua,MODIS,73,6.2,306.3,12.1,D,0
-29.6505,151.4991,317.7,1,1,2014-09-11,0348,Aqua,MODIS,64,6.2,299.3,9.1,D,0
-29.6519,151.4888,316.2,1,1,2014-09-11,0348,Aqua,MODIS,61,6.2,301.9,7.4,D,0
-28.1506,151.568,337.2,1,1,2014-09-11,0348,Aqua,MODIS,87,6.2,307.5,29.6,D,0
-29.9434,151.9519,307.5,1,1,2014-09-11,0348,Aqua,MODIS,25,6.2,296.5,3.9,D,0
-29.5001,150.1915,316.3,1,1,2014-09-11,0348,Aqua,MODIS,56,6.2,305.3,7.5,D,0
-29.6106,150.6075,323.2,1,1,2014-09-11,0348,Aqua,MODIS,74,6.2,302.7,13.8,D,0
-29.8103,149.3598,343.3,1.1,1,2014-09-11,0348,Aqua,MODIS,91,6.2,310.1,45.1,D,0
-29.6083,149.5088,318.6,1.1,1,2014-09-11,0348,Aqua,MODIS,51,6.2,305.2,8.5,D,0
-29.6068,149.52,324.4,1.1,1,2014-09-11,0348,Aqua,MODIS,72,6.2,306.2,15.7,D,0
-29.7995,149.3696,333,1.1,1,2014-09-11,0348,Aqua,MODIS,82,6.2,307.4,27.1,D,0
-29.8089,149.3712,357.6,1.1,1,2014-09-11,0348,Aqua,MODIS,98,6.2,309.4,80.9,D,0
-26.0159,149.9772,332.2,1,1,2014-09-11,0349,Aqua,MODIS,79,6.2,314.4,15.8,D,0
-23.8962,151.2066,334.8,1,1,2014-09-11,0349,Aqua,MODIS,83,6.2,306.4,26.7,D,0
-23.8977,151.1965,340.3,1,1,2014-09-11,0349,Aqua,MODIS,88,6.2,305.6,36.3,D,0
-23.887,151.2049,368.5,1,1,2014-09-11,0349,Aqua,MODIS,100,6.2,309,105.6,D,0
-23.8886,151.1949,357.5,1,1,2014-09-11,0349,Aqua,MODIS,98,6.2,306.7,73.3,D,0
-24.7497,151.5288,318.3,1,1,2014-09-11,0349,Aqua,MODIS,50,6.2,304.9,8.6,D,0
-26.2046,151.2249,344.6,1,1,2014-09-11,0349,Aqua,MODIS,91,6.2,303.6,43.1,D,0
-26.2061,151.2148,364.5,1,1,2014-09-11,0349,Aqua,MODIS,100,6.2,309.7,90.9,D,0
-26.8167,152.468,317,1.1,1,2014-09-11,0349,Aqua,MODIS,46,6.2,300.9,8.5,D,0
-25.4225,151.9485,323.9,1.1,1,2014-09-11,0349,Aqua,MODIS,70,6.2,308.2,11.6,D,0
-24.9401,152.0317,318.4,1.1,1,2014-09-11,0349,Aqua,MODIS,49,6.2,307.3,6.4,D,0
-24.7142,152.0524,351.1,1.1,1,2014-09-11,0349,Aqua,MODIS,95,6.2,304.8,63.8,D,0
-26.0034,152.5527,317.8,1.1,1,2014-09-11,0349,Aqua,MODIS,58,6.2,306.6,6.9,D,0
-24.7126,152.063,319,1.1,1,2014-09-11,0349,Aqua,MODIS,51,6.2,303.3,9.9,D,0
-24.273,151.8239,322.7,1.1,1,2014-09-11,0349,Aqua,MODIS,70,6.2,300.7,14.3,D,0
-27.5522,150.2835,321.6,1,1,2014-09-11,0349,Aqua,MODIS,61,6.2,311.1,7.4,D,0
-25.8691,152.6317,321.3,1.1,1,2014-09-11,0349,Aqua,MODIS,68,6.2,303.2,13.8,D,0
-25.4594,151.3486,327.6,1,1,2014-09-11,0349,Aqua,MODIS,74,6.2,307.7,15.5,D,0
-25.4658,151.3556,324.6,1,1,2014-09-11,0349,Aqua,MODIS,55,6.2,307.3,11.7,D,0
-26.2565,150.2222,322.3,1,1,2014-09-11,0349,Aqua,MODIS,66,6.2,304.5,11.3,D,0
-25.9203,149.6651,322.6,1,1,2014-09-11,0349,Aqua,MODIS,39,6.2,312,5.6,D,0
-25.9308,149.6565,338.6,1,1,2014-09-11,0349,Aqua,MODIS,86,6.2,314.8,26.3,D,0
-25.9217,149.655,335.1,1,1,2014-09-11,0349,Aqua,MODIS,82,6.2,313.9,21.6,D,0
-24.7233,148.4044,320.5,1.1,1,2014-09-11,0349,Aqua,MODIS,32,6.2,305.4,6.7,D,0
-24.7247,148.3938,330.9,1.1,1,2014-09-11,0349,Aqua,MODIS,79,6.2,306.8,20.2,D,0
-26.264,151.1278,316.9,1,1,2014-09-11,0349,Aqua,MODIS,28,6.2,304.1,6.3,D,0
-26.2655,151.1178,324.6,1,1,2014-09-11,0349,Aqua,MODIS,73,6.2,304.8,14.7,D,0
-26.267,151.1077,319.9,1,1,2014-09-11,0349,Aqua,MODIS,63,6.2,305.1,9.8,D,0
-26.2579,151.1061,334.7,1,1,2014-09-11,0349,Aqua,MODIS,84,6.2,304.8,26.6,D,0
-24.1863,151.5986,329.8,1.1,1,2014-09-11,0349,Aqua,MODIS,79,6.2,307.1,19.4,D,0
-26.2594,151.0961,353.3,1,1,2014-09-11,0349,Aqua,MODIS,96,6.2,308.6,61.2,D,0
-26.2609,151.0861,329.6,1,1,2014-09-11,0349,Aqua,MODIS,79,6.2,306.7,20.5,D,0
-26.2533,151.0744,331.2,1,1,2014-09-11,0349,Aqua,MODIS,81,6.2,304,22.8,D,0
-26.2548,151.0643,330.4,1,1,2014-09-11,0349,Aqua,MODIS,80,6.2,304.4,21,D,0
-26.2563,151.0543,326.3,1,1,2014-09-11,0349,Aqua,MODIS,75,6.2,304.6,16.3,D,0
-26.2578,151.0443,320.1,1,1,2014-09-11,0349,Aqua,MODIS,63,6.2,305.6,10,D,0
-26.2655,150.2238,328.1,1,1,2014-09-11,0349,Aqua,MODIS,73,6.2,306.1,17.3,D,0
-26.2669,150.2137,333.5,1,1,2014-09-11,0349,Aqua,MODIS,82,6.2,307.4,23.9,D,0
-27.1413,150.7255,343.8,1,1,2014-09-11,0349,Aqua,MODIS,90,6.2,308.7,40.8,D,0
-26.2659,151.6125,323.9,1,1,2014-09-11,0349,Aqua,MODIS,73,6.2,310.3,8.2,D,0
-26.7398,151.8905,334.8,1,1,2014-09-11,0349,Aqua,MODIS,85,6.2,306.1,28.2,D,0
-25.538,152.3307,316.2,1.1,1,2014-09-11,0349,Aqua,MODIS,44,6.2,305.3,6.8,D,0
-27.5362,149.1,365.4,1.1,1,2014-09-11,0349,Aqua,MODIS,100,6.2,312.3,99.1,D,0
-27.5391,149.0782,334.3,1.1,1,2014-09-11,0349,Aqua,MODIS,82,6.2,306.6,25,D,0
-27.5405,149.0673,373,1.1,1,2014-09-11,0349,Aqua,MODIS,100,6.2,310.9,128.6,D,0
-27.5255,149.1093,332,1.1,1,2014-09-11,0349,Aqua,MODIS,80,6.2,308,21,D,0
-27.5269,149.0984,368.3,1.1,1,2014-09-11,0349,Aqua,MODIS,100,6.2,311,108.6,D,0
-27.5283,149.0876,341.4,1.1,1,2014-09-11,0349,Aqua,MODIS,88,6.2,308.7,36.5,D,0
-27.5297,149.0767,337.5,1.1,1,2014-09-11,0349,Aqua,MODIS,85,6.2,307.3,30.3,D,0
-27.5311,149.0658,347.7,1.1,1,2014-09-11,0349,Aqua,MODIS,93,6.2,307,51.7,D,0
-27.5229,149.0801,326.4,1.1,1,2014-09-11,0349,Aqua,MODIS,71,6.2,307.6,15.1,D,0
-24.2746,151.8135,333.5,1.1,1,2014-09-11,0349,Aqua,MODIS,83,6.2,300.9,28.8,D,0
-27.1503,150.7271,318,1,1,2014-09-11,0349,Aqua,MODIS,44,6.2,306.2,7.6,D,0
-27.2362,150.0468,335.2,1,1,2014-09-11,0349,Aqua,MODIS,83,6.2,313.2,22.4,D,0
-27.1488,150.7372,319.5,1,1,2014-09-11,0349,Aqua,MODIS,55,6.2,305,9.1,D,0
-27.1398,150.7355,332.1,1,1,2014-09-11,0349,Aqua,MODIS,80,6.2,305.5,22.6,D,0
-27.2348,150.057,336.2,1,1,2014-09-11,0349,Aqua,MODIS,84,6.2,313.1,23.6,D,0
-27.2271,150.0452,326.3,1,1,2014-09-11,0349,Aqua,MODIS,71,6.2,310.1,11.9,D,0
-26.6669,152.4915,323.3,1.1,1,2014-09-11,0349,Aqua,MODIS,49,6.2,303.5,17.2,D,0
-24.698,151.8053,330.3,1.1,1,2014-09-11,0349,Aqua,MODIS,79,6.2,311.8,20.5,D,0
-24.7434,148.3968,322.7,1.1,1,2014-09-11,0349,Aqua,MODIS,45,6.2,306.6,10.8,D,0
-24.6565,151.6641,318.9,1,1,2014-09-11,0349,Aqua,MODIS,56,6.2,305.3,8.1,D,0
-26.8392,152.3846,319.3,1.1,1,2014-09-11,0349,Aqua,MODIS,61,6.2,304.4,9.6,D,0
-26.83,152.3827,330.1,1.1,1,2014-09-11,0349,Aqua,MODIS,81,6.2,306.7,22.1,D,0
-26.5335,150.9218,326.8,1,1,2014-09-11,0349,Aqua,MODIS,58,6.2,310.9,13.8,D,0
-26.5245,150.9202,364.8,1,1,2014-09-11,0349,Aqua,MODIS,100,6.2,313.7,89.3,D,0
-26.526,150.9102,329.2,1,1,2014-09-11,0349,Aqua,MODIS,74,6.2,312.5,16.3,D,0
-26.4119,149.7699,321.6,1,1,2014-09-11,0349,Aqua,MODIS,55,6.2,306,8.4,D,0
-27.5508,150.2937,331.3,1,1,2014-09-11,0349,Aqua,MODIS,80,6.2,310.6,18.7,D,0
-27.5745,150.2561,320.1,1,1,2014-09-11,0349,Aqua,MODIS,58,6.2,310,6.6,D,0
-21.4134,148.4606,343.7,1,1,2014-09-11,0350,Aqua,MODIS,90,6.2,309.5,39.6,D,0
-21.412,148.4704,333.2,1,1,2014-09-11,0350,Aqua,MODIS,81,6.2,306.9,22.1,D,0
-23.6741,150.9734,335.1,1,1,2014-09-11,0350,Aqua,MODIS,84,6.2,303.6,28.9,D,0
-23.9077,150.2572,325.4,1,1,2014-09-11,0350,Aqua,MODIS,65,6.2,310.9,8.8,D,0
-23.8973,150.2654,387.7,1,1,2014-09-11,0350,Aqua,MODIS,100,6.2,312.6,173,D,0
-23.8987,150.2556,420.4,1,1,2014-09-11,0350,Aqua,MODIS,100,6.2,322.8,384.3,D,0
-23.9002,150.2458,333.7,1,1,2014-09-11,0350,Aqua,MODIS,81,6.2,311.1,18.8,D,0
-23.0025,150.4097,322.8,1,1,2014-09-11,0350,Aqua,MODIS,39,6.2,304.3,10.3,D,0
-22.995,150.3984,333.3,1,1,2014-09-11,0350,Aqua,MODIS,69,6.2,309.3,21.9,D,0
-24.1653,144.4516,346.7,1.8,1.3,2014-09-11,0350,Aqua,MODIS,91,6.2,320,89.2,D,0
-24.1671,144.4342,358.1,1.8,1.3,2014-09-11,0350,Aqua,MODIS,98,6.2,320.2,148.5,D,0
-24.1535,144.4501,365.2,1.8,1.3,2014-09-11,0350,Aqua,MODIS,100,6.2,320.2,192.7,D,0
-24.1553,144.4327,390.3,1.8,1.3,2014-09-11,0350,Aqua,MODIS,100,6.2,322.8,422.6,D,0
-24.1592,144.4461,370.2,1.8,1.3,2014-09-11,0350,Aqua,MODIS,100,6.2,322.9,230.1,D,0
-24.1611,144.4286,358.6,1.8,1.3,2014-09-11,0350,Aqua,MODIS,99,6.2,321.1,150.8,D,0
-24.1474,144.4446,364,1.8,1.3,2014-09-11,0350,Aqua,MODIS,100,6.2,318.7,184.9,D,0
-24.1493,144.4272,355.4,1.8,1.3,2014-09-11,0350,Aqua,MODIS,97,6.2,317.8,132.7,D,0
-21.9727,148.793,324,1,1,2014-09-11,0350,Aqua,MODIS,44,6.2,308,7.5,D,0
-21.974,148.7831,343.2,1,1,2014-09-11,0350,Aqua,MODIS,90,6.2,307,36.2,D,0
-23.6745,151.2683,317.5,1,1,2014-09-11,0350,Aqua,MODIS,17,6.2,298.2,9.5,D,0
-23.6821,150.9701,322,1,1,2014-09-11,0350,Aqua,MODIS,62,6.2,302.8,11.4,D,0
-23.6756,150.9634,329.2,1,1,2014-09-11,0350,Aqua,MODIS,78,6.2,306.1,21.1,D,0
-23.8006,147.4173,324.2,1.2,1.1,2014-09-11,0350,Aqua,MODIS,23,6.2,309.1,9.7,D,0
-23.7924,147.4045,324.3,1.2,1.1,2014-09-11,0350,Aqua,MODIS,45,6.2,308.8,10.5,D,0
-23.7939,147.3932,326.2,1.2,1.1,2014-09-11,0350,Aqua,MODIS,69,6.2,308.5,13.5,D,0
-19.6325,147.1641,322.8,1.1,1,2014-09-11,0351,Aqua,MODIS,38,6.2,308.7,9.6,D,0
-19.6671,147.1904,324.6,1.1,1,2014-09-11,0351,Aqua,MODIS,57,6.2,310.3,11.2,D,0
-18.2806,145.9657,323.7,1.2,1.1,2014-09-11,0351,Aqua,MODIS,69,6.2,301,20.1,D,0
-15.5795,145.2974,327.8,1.2,1.1,2014-09-11,0352,Aqua,MODIS,74,6.2,301,21.6,D,0
-15.578,145.3086,323.2,1.2,1.1,2014-09-11,0352,Aqua,MODIS,32,6.2,299.1,14.4,D,0
-15.5143,145.1666,327.7,1.2,1.1,2014-09-11,0352,Aqua,MODIS,68,6.2,306.2,19.2,D,0
-15.2961,145.2043,319.1,1.2,1.1,2014-09-11,0352,Aqua,MODIS,49,6.2,299.6,13.7,D,0
-14.88,145.1161,336.4,1.2,1.1,2014-09-11,0352,Aqua,MODIS,85,6.2,304.4,39,D,0
-14.9392,145.1301,341.5,1.2,1.1,2014-09-11,0352,Aqua,MODIS,89,6.2,307.2,46.3,D,0
-14.9333,144.9402,325.6,1.2,1.1,2014-09-11,0352,Aqua,MODIS,71,6.2,303.3,21,D,0
-15.4623,144.9431,325.8,1.3,1.1,2014-09-11,0352,Aqua,MODIS,47,6.2,304.6,18.2,D,0
-14.8786,145.1273,369.9,1.2,1.1,2014-09-11,0352,Aqua,MODIS,100,6.2,304.8,142.7,D,0
-15.2975,145.1931,323.6,1.2,1.1,2014-09-11,0352,Aqua,MODIS,68,6.2,298.3,20.2,D,0
-15.5878,145.3101,330.8,1.2,1.1,2014-09-11,0352,Aqua,MODIS,53,6.2,301.1,25.8,D,0
-14.9376,145.1357,330.7,1.2,1.1,2014-09-11,0352,Aqua,MODIS,74,6.2,305.9,23.2,D,0
-14.9378,145.1414,323.3,1.2,1.1,2014-09-11,0352,Aqua,MODIS,43,6.2,304.5,12,D,0
-14.9348,144.9287,328.8,1.2,1.1,2014-09-11,0352,Aqua,MODIS,76,6.2,303.5,26.4,D,0
-14.8899,145.1175,322.5,1.2,1.1,2014-09-11,0352,Aqua,MODIS,58,6.2,305.4,15.3,D,0
-14.9364,144.9171,318.1,1.2,1.1,2014-09-11,0352,Aqua,MODIS,28,6.2,302.3,10.6,D,0
-15.4824,144.9461,333.4,1.3,1.1,2014-09-11,0352,Aqua,MODIS,81,6.2,306.2,29.3,D,0
-15.5885,145.149,327.2,1.2,1.1,2014-09-11,0352,Aqua,MODIS,67,6.2,307.9,16.3,D,0
-14.8884,145.1287,325.7,1.2,1.1,2014-09-11,0352,Aqua,MODIS,72,6.2,305.7,20.4,D,0
-14.9318,144.9519,334.1,1.2,1.1,2014-09-11,0352,Aqua,MODIS,82,6.2,301.9,36.6,D,0
-15.2959,145.1989,328.8,1.2,1.1,2014-09-11,0352,Aqua,MODIS,73,6.2,300,25.9,D,0
-15.5128,145.1781,325.8,1.2,1.1,2014-09-11,0352,Aqua,MODIS,57,6.2,306,16.9,D,0
-15.4724,144.9445,321.9,1.3,1.1,2014-09-11,0352,Aqua,MODIS,24,6.2,304.8,11.6,D,0
-14.9391,145.1245,326,1.2,1.1,2014-09-11,0352,Aqua,MODIS,58,6.2,307.9,16.5,D,0
-15.4984,144.9012,321.1,1.3,1.1,2014-09-11,0352,Aqua,MODIS,46,6.2,304,12.6,D,0
-15.6356,145.0982,322.7,1.2,1.1,2014-09-11,0352,Aqua,MODIS,47,6.2,302.8,15.2,D,0
-15.6395,145.1452,337.8,1.2,1.1,2014-09-11,0352,Aqua,MODIS,85,6.2,303.1,41.2,D,0
-15.638,145.1568,366,1.2,1.1,2014-09-11,0352,Aqua,MODIS,100,6.2,308.2,126.8,D,0
-15.6168,145.1648,330.5,1.2,1.1,2014-09-11,0352,Aqua,MODIS,71,6.2,307.2,22.9,D,0
-15.6365,145.168,328.3,1.2,1.1,2014-09-11,0352,Aqua,MODIS,74,6.2,304.9,22,D,0
-15.6555,145.1005,324.2,1.2,1.1,2014-09-11,0352,Aqua,MODIS,53,6.2,304,16.2,D,0
-15.654,145.1122,328.7,1.2,1.1,2014-09-11,0352,Aqua,MODIS,75,6.2,302.9,23.6,D,0
-15.6069,145.1633,331.8,1.2,1.1,2014-09-11,0352,Aqua,MODIS,59,6.2,307.6,23.8,D,0
-15.5984,145.1506,327.6,1.2,1.1,2014-09-11,0352,Aqua,MODIS,55,6.2,307.8,17,D,0
-15.597,145.1619,336.8,1.2,1.1,2014-09-11,0352,Aqua,MODIS,84,6.2,306.6,33.5,D,0
-14.78,141.9302,326.5,2,1.4,2014-09-11,0352,Aqua,MODIS,45,6.2,305.1,22.4,D,0
-15.4969,144.913,321.2,1.3,1.1,2014-09-11,0352,Aqua,MODIS,32,6.2,304.8,11.5,D,0
-15.5415,144.876,320.7,1.3,1.1,2014-09-11,0352,Aqua,MODIS,51,6.2,303.4,12.2,D,0
-15.5299,144.8867,324.1,1.3,1.1,2014-09-11,0352,Aqua,MODIS,66,6.2,306,16.8,D,0
-15.5314,144.8747,338.7,1.3,1.1,2014-09-11,0352,Aqua,MODIS,86,6.2,304.8,44.8,D,0
-15.6296,145.1438,333.1,1.2,1.1,2014-09-11,0352,Aqua,MODIS,81,6.2,304.5,30.8,D,0
-15.6281,145.1553,327,1.2,1.1,2014-09-11,0352,Aqua,MODIS,66,6.2,305.3,19,D,0
-15.6455,145.0993,332.3,1.2,1.1,2014-09-11,0352,Aqua,MODIS,80,6.2,303.1,29.8,D,0
-15.6267,145.1663,341.5,1.2,1.1,2014-09-11,0352,Aqua,MODIS,88,6.2,305.4,46.7,D,0
-14.8163,142.7117,324.4,1.7,1.3,2014-09-11,0352,Aqua,MODIS,28,6.2,308,15.5,D,0
-14.2437,143.2806,322.5,1.6,1.2,2014-09-11,0352,Aqua,MODIS,47,6.2,307.7,14.1,D,0
-16.8825,141.3585,332.7,2.4,1.5,2014-09-11,0352,Aqua,MODIS,77,6.2,305.2,68.7,D,0
-16.8691,141.3569,325.3,2.4,1.5,2014-09-11,0352,Aqua,MODIS,59,6.2,304.2,37.1,D,0
-16.8744,141.3523,328,2.4,1.5,2014-09-11,0352,Aqua,MODIS,68,6.2,305,48.7,D,0
-14.3046,141.9636,328.9,1.9,1.4,2014-09-11,0352,Aqua,MODIS,50,6.2,304.7,40.2,D,0
-14.2754,143.3045,320.1,1.6,1.2,2014-09-11,0352,Aqua,MODIS,23,6.2,305.7,10.5,D,0
-14.3024,141.9815,345.7,1.9,1.4,2014-09-11,0352,Aqua,MODIS,92,6.2,307,107,D,0
-14.3146,141.9831,325.4,1.9,1.4,2014-09-11,0352,Aqua,MODIS,56,6.2,305.9,29.3,D,0
-14.3168,141.9652,324.9,1.9,1.4,2014-09-11,0352,Aqua,MODIS,53,6.2,304.9,30.7,D,0
-14.8027,142.7263,327.4,1.7,1.3,2014-09-11,0352,Aqua,MODIS,58,6.2,309.1,24.9,D,0
-14.4332,142.1006,319.5,1.9,1.3,2014-09-11,0352,Aqua,MODIS,49,6.2,304.5,13.3,D,0
-14.2902,141.98,331.7,1.9,1.4,2014-09-11,0352,Aqua,MODIS,72,6.2,306.1,48.1,D,0
-14.3667,142.105,324.8,1.9,1.3,2014-09-11,0352,Aqua,MODIS,61,6.2,306.9,23.9,D,0
-12.7853,141.8529,321.9,1.9,1.3,2014-09-11,0353,Aqua,MODIS,12,6.2,304.1,21.4,D,0
-13.6663,141.9678,322.9,1.9,1.3,2014-09-11,0353,Aqua,MODIS,60,6.2,304.4,22.9,D,0
-12.9696,141.836,330.3,1.9,1.3,2014-09-11,0353,Aqua,MODIS,66,6.2,303.9,46.2,D,0
-12.9659,141.8305,326,1.9,1.3,2014-09-11,0353,Aqua,MODIS,58,6.2,303.3,34.4,D,0
-12.3865,141.7902,331.3,1.9,1.3,2014-09-11,0353,Aqua,MODIS,80,6.2,306.1,49,D,0
-10.954,142.4573,315.1,1.6,1.2,2014-09-11,0353,Aqua,MODIS,52,6.2,304,12.3,D,0
-13.4285,141.7744,322,2,1.4,2014-09-11,0353,Aqua,MODIS,45,6.2,305.3,22.5,D,0
-13.4308,141.7563,322.5,2,1.4,2014-09-11,0353,Aqua,MODIS,47,6.2,307.1,23.6,D,0
-13.4163,141.7728,326.4,2,1.4,2014-09-11,0353,Aqua,MODIS,56,6.2,302.5,33.8,D,0
-13.4185,141.7548,332.8,2,1.4,2014-09-11,0353,Aqua,MODIS,71,6.2,304,53.6,D,0
-12.3398,141.7243,344.5,1.9,1.3,2014-09-11,0353,Aqua,MODIS,91,6.2,305.7,100.5,D,0
-12.3466,141.7146,331.9,1.9,1.3,2014-09-11,0353,Aqua,MODIS,76,6.2,304.1,49.3,D,0
-12.3445,141.7321,340.1,1.9,1.3,2014-09-11,0353,Aqua,MODIS,88,6.2,305.6,80.3,D,0
-10.6111,142.1927,314.7,1.6,1.3,2014-09-11,0353,Aqua,MODIS,0,6.2,303,12.8,D,0
-12.7995,141.8372,335.8,1.9,1.3,2014-09-11,0353,Aqua,MODIS,85,6.2,305.9,62,D,0
-12.7874,141.8356,323,1.9,1.3,2014-09-11,0353,Aqua,MODIS,56,6.2,304.4,23.5,D,0
-12.7954,141.8317,335.6,1.9,1.3,2014-09-11,0353,Aqua,MODIS,85,6.2,304.9,63.3,D,0
-12.7811,141.8475,330.2,1.9,1.3,2014-09-11,0353,Aqua,MODIS,75,6.2,303.9,48,D,0
-11.8028,142.3525,340.1,1.7,1.3,2014-09-11,0353,Aqua,MODIS,90,6.2,307.1,65.3,D,0
-12.8339,142.9581,332.2,1.6,1.2,2014-09-11,0353,Aqua,MODIS,81,6.2,303.4,42.6,D,0
-12.6442,142.0127,332.5,1.8,1.3,2014-09-11,0353,Aqua,MODIS,82,6.2,306.6,44.2,D,0
-12.271,142.4348,330,1.7,1.3,2014-09-11,0353,Aqua,MODIS,79,6.2,307.5,28.3,D,0
-12.273,142.428,324.6,1.7,1.3,2014-09-11,0353,Aqua,MODIS,65,6.2,307.4,13.5,D,0
-12.6561,142.0143,333.4,1.8,1.3,2014-09-11,0353,Aqua,MODIS,83,6.2,309.4,45.8,D,0
-12.1776,142.3526,333.9,1.7,1.3,2014-09-11,0353,Aqua,MODIS,82,6.2,307.5,42,D,0
-12.2351,142.3602,332,1.7,1.3,2014-09-11,0353,Aqua,MODIS,70,6.2,308.2,34,D,0
-12.2446,142.3773,341.2,1.7,1.3,2014-09-11,0353,Aqua,MODIS,89,6.2,308.9,62.8,D,0
-11.7934,142.3356,345.1,1.7,1.3,2014-09-11,0353,Aqua,MODIS,93,6.2,305.7,88.3,D,0
-12.8228,142.9514,316.8,1.6,1.2,2014-09-11,0353,Aqua,MODIS,29,6.2,303.6,10.6,D,0
-12.2691,142.4503,341.2,1.7,1.3,2014-09-11,0353,Aqua,MODIS,89,6.2,308.9,62.1,D,0
-11.8844,142.2431,324.1,1.7,1.3,2014-09-11,0353,Aqua,MODIS,59,6.2,307.8,19.3,D,0
-12.1872,142.3696,327.1,1.7,1.3,2014-09-11,0353,Aqua,MODIS,48,6.2,308.8,22.3,D,0
-11.8729,142.2417,332.5,1.7,1.3,2014-09-11,0353,Aqua,MODIS,85,6.2,307,39.4,D,0
-12.8339,142.9527,320.6,1.6,1.2,2014-09-11,0353,Aqua,MODIS,63,6.2,302.7,17.2,D,0
-11.8382,142.3316,325.4,1.7,1.3,2014-09-11,0353,Aqua,MODIS,73,6.2,306.5,20.1,D,0
-11.9298,142.1437,330.4,1.7,1.3,2014-09-11,0353,Aqua,MODIS,80,6.2,304.3,42.7,D,0
-11.7914,142.351,333.7,1.7,1.3,2014-09-11,0353,Aqua,MODIS,82,6.2,306,45.6,D,0
-12.9825,142.1317,323,1.8,1.3,2014-09-11,0353,Aqua,MODIS,26,6.2,305.8,16.6,D,0
-12.271,142.4434,338,1.7,1.3,2014-09-11,0353,Aqua,MODIS,87,6.2,308,50,D,0
-12.7234,142.1142,322.8,1.8,1.3,2014-09-11,0353,Aqua,MODIS,39,6.2,307.2,14.8,D,0
-11.8297,142.325,326.7,1.7,1.3,2014-09-11,0353,Aqua,MODIS,62,6.2,306.3,23.4,D,0
-11.9279,142.1595,341.4,1.7,1.3,2014-09-11,0353,Aqua,MODIS,89,6.2,307.9,78.7,D,0
-11.9313,142.1532,344.5,1.7,1.3,2014-09-11,0353,Aqua,MODIS,92,6.2,307.4,89.6,D,0
-11.892,142.2757,331.6,1.7,1.3,2014-09-11,0353,Aqua,MODIS,82,6.2,306.7,37.4,D,0
-11.8008,142.3677,321.7,1.7,1.3,2014-09-11,0353,Aqua,MODIS,36,6.2,305.7,14.2,D,0
-12.9964,142.1167,336,1.8,1.3,2014-09-11,0353,Aqua,MODIS,85,6.2,307.1,56,D,0
-12.2466,142.3618,376.6,1.7,1.3,2014-09-11,0353,Aqua,MODIS,100,6.2,311.5,268.8,D,0
-12.2539,142.4794,326.7,1.7,1.3,2014-09-11,0353,Aqua,MODIS,41,6.2,307.6,18.1,D,0
-12.2672,142.4656,333.7,1.7,1.3,2014-09-11,0353,Aqua,MODIS,77,6.2,308,37.2,D,0
-11.89,142.2912,333.1,1.7,1.3,2014-09-11,0353,Aqua,MODIS,85,6.2,308.6,43,D,0
-11.7954,142.3203,323.6,1.7,1.3,2014-09-11,0353,Aqua,MODIS,73,6.2,304.1,23.3,D,0
-12.269,142.4587,337.5,1.7,1.3,2014-09-11,0353,Aqua,MODIS,86,6.2,309,48.6,D,0
-12.1757,142.3681,330.2,1.7,1.3,2014-09-11,0353,Aqua,MODIS,70,6.2,307.2,30.6,D,0
-13.0268,142.9666,322.8,1.6,1.2,2014-09-11,0353,Aqua,MODIS,50,6.2,307.2,17,D,0
-12.1788,142.3635,342.7,1.7,1.3,2014-09-11,0353,Aqua,MODIS,90,6.2,308.1,73.9,D,0
-12.2216,142.3742,326.1,1.7,1.3,2014-09-11,0353,Aqua,MODIS,58,6.2,306.1,17.9,D,0
-12.2556,142.4725,326.1,1.7,1.3,2014-09-11,0353,Aqua,MODIS,62,6.2,307.7,16.6,D,0
-11.8048,142.3371,331.1,1.7,1.3,2014-09-11,0353,Aqua,MODIS,67,6.2,308.7,38,D,0
-12.9944,142.1332,330.9,1.8,1.3,2014-09-11,0353,Aqua,MODIS,79,6.2,308.7,37.4,D,0
-12.2331,142.3757,332.8,1.7,1.3,2014-09-11,0353,Aqua,MODIS,82,6.2,307.3,34.1,D,0
-12.2236,142.3587,345,1.7,1.3,2014-09-11,0353,Aqua,MODIS,92,6.2,306.4,81.5,D,0
-11.8363,142.2527,321.2,1.7,1.3,2014-09-11,0353,Aqua,MODIS,54,6.2,307.4,12.9,D,0
-12.9846,142.1151,353.8,1.8,1.3,2014-09-11,0353,Aqua,MODIS,96,6.2,306.1,138.2,D,0
-11.888,142.3066,321.3,1.7,1.3,2014-09-11,0353,Aqua,MODIS,47,6.2,308.3,12.9,D,0
-11.8033,142.2588,336.1,1.7,1.3,2014-09-11,0353,Aqua,MODIS,87,6.2,305,57.8,D,0
-11.8053,142.2432,323.5,1.7,1.3,2014-09-11,0353,Aqua,MODIS,50,6.2,304.3,22.9,D,0
-11.9259,142.1753,322.2,1.7,1.3,2014-09-11,0353,Aqua,MODIS,60,6.2,307,19,D,0
-11.9293,142.169,327.4,1.7,1.3,2014-09-11,0353,Aqua,MODIS,80,6.2,307.4,30.3,D,0
-11.904,142.1818,320.1,1.7,1.3,2014-09-11,0353,Aqua,MODIS,63,6.2,306.7,11.4,D,0
-11.8864,142.2274,323,1.7,1.3,2014-09-11,0353,Aqua,MODIS,58,6.2,307.7,17.8,D,0
-11.8749,142.226,326.3,1.7,1.3,2014-09-11,0353,Aqua,MODIS,55,6.2,306.2,23.7,D,0
-12.832,142.9674,335.3,1.6,1.2,2014-09-11,0353,Aqua,MODIS,84,6.2,304,51.4,D,0
-12.8321,142.9726,326,1.6,1.2,2014-09-11,0353,Aqua,MODIS,73,6.2,303.6,27,D,0
-24.7229,129.4154,339.9,1.3,1.2,2014-09-11,0528,Aqua,MODIS,85,6.2,312.2,44.3,D,0
-24.7252,129.4022,330.3,1.3,1.1,2014-09-11,0528,Aqua,MODIS,71,6.2,312.3,22.5,D,0
-24.437,129.2368,333,1.3,1.1,2014-09-11,0528,Aqua,MODIS,75,6.2,315.7,23.2,D,0
-24.4392,129.2238,329.6,1.3,1.1,2014-09-11,0528,Aqua,MODIS,68,6.2,315.3,16.9,D,0
-24.5,119.7799,354.1,1.8,1.3,2014-09-11,0528,Aqua,MODIS,96,6.2,313.2,119.3,D,0
-24.4813,119.7707,354.4,1.8,1.3,2014-09-11,0528,Aqua,MODIS,72,6.2,325.9,104.6,D,0
-24.4596,119.7501,340.9,1.8,1.3,2014-09-11,0528,Aqua,MODIS,85,6.2,317.5,56.5,D,0
-24.4918,119.7434,337.2,1.8,1.3,2014-09-11,0528,Aqua,MODIS,25,6.2,314.7,43.7,D,0
-24.4764,119.7768,349.1,1.8,1.3,2014-09-11,0528,Aqua,MODIS,89,6.2,321.3,78.7,D,0
-24.5018,119.7625,367.5,1.8,1.3,2014-09-11,0528,Aqua,MODIS,100,6.2,314,210.6,D,0
-24.4746,119.7943,352.4,1.8,1.3,2014-09-11,0528,Aqua,MODIS,95,6.2,318.2,96.6,D,0
-24.5037,119.7449,335.8,1.8,1.3,2014-09-11,0528,Aqua,MODIS,70,6.2,309.5,48.4,D,0
-24.4863,119.7958,365,1.8,1.3,2014-09-11,0528,Aqua,MODIS,100,6.2,318.6,176.7,D,0
-24.4882,119.7784,418.5,1.8,1.3,2014-09-11,0528,Aqua,MODIS,100,6.2,330.8,828.6,D,0
-24.49,119.7609,374.1,1.8,1.3,2014-09-11,0528,Aqua,MODIS,100,6.2,324.4,252.1,D,0
-24.4794,119.7881,362.8,1.8,1.3,2014-09-11,0528,Aqua,MODIS,100,6.2,320.1,156.5,D,0
-21.0333,127.6138,333.9,1.2,1.1,2014-09-11,0529,Aqua,MODIS,69,6.2,321.3,15.7,D,0
-20.0065,128.2491,336.9,1.4,1.2,2014-09-11,0529,Aqua,MODIS,77,6.2,318.6,27.2,D,0
-21.0314,127.6254,336.3,1.2,1.1,2014-09-11,0529,Aqua,MODIS,75,6.2,318.6,20.3,D,0
-21.0438,127.6225,333.7,1.2,1.1,2014-09-11,0529,Aqua,MODIS,38,6.2,319.7,13.6,D,0
-21.034,127.6207,348.6,1.2,1.1,2014-09-11,0529,Aqua,MODIS,91,6.2,321.2,47.6,D,0
-19.9878,128.2519,357.7,1.4,1.2,2014-09-11,0529,Aqua,MODIS,98,6.2,319.1,92.1,D,0
-19.9838,128.2112,337.6,1.4,1.2,2014-09-11,0529,Aqua,MODIS,78,6.2,319.1,26.4,D,0
-19.9982,128.2539,343.4,1.4,1.2,2014-09-11,0529,Aqua,MODIS,86,6.2,317.7,41.5,D,0
-21.1047,117.6622,331.1,2.3,1.5,2014-09-11,0529,Aqua,MODIS,71,6.2,315.4,40.9,D,0
-22.0339,120.3573,362.6,1.5,1.2,2014-09-11,0529,Aqua,MODIS,100,6.2,319.6,138,D,0
-22.0321,120.3718,483,1.5,1.2,2014-09-11,0529,Aqua,MODIS,100,6.2,400.1,2207.7,D,0
-22.0304,120.3862,437.8,1.5,1.2,2014-09-11,0529,Aqua,MODIS,100,6.2,324.8,984.9,D,0
-22.043,120.3732,348,1.5,1.2,2014-09-11,0529,Aqua,MODIS,92,6.2,311.9,76.5,D,0
-22.0345,120.3788,489,1.5,1.2,2014-09-11,0529,Aqua,MODIS,100,6.2,400.1,2429.3,D,0
-22.0328,120.3933,361.8,1.5,1.2,2014-09-11,0529,Aqua,MODIS,100,6.2,313.6,134.2,D,0
-22.0413,120.3876,341.2,1.5,1.2,2014-09-11,0529,Aqua,MODIS,85,6.2,310,51.6,D,0
-22.0454,120.3802,345.1,1.5,1.2,2014-09-11,0529,Aqua,MODIS,89,6.2,305.7,68.6,D,0
-22.0121,120.3542,340.4,1.5,1.2,2014-09-11,0529,Aqua,MODIS,85,6.2,315.1,49.2,D,0
-22.0104,120.3687,348,1.5,1.2,2014-09-11,0529,Aqua,MODIS,92,6.2,317,75,D,0
-22.023,120.3559,378.2,1.5,1.2,2014-09-11,0529,Aqua,MODIS,100,6.2,320.1,233.7,D,0
-22.0195,120.3847,362.7,1.5,1.2,2014-09-11,0529,Aqua,MODIS,100,6.2,316.1,136.9,D,0
-22.0213,120.3703,400.5,1.5,1.2,2014-09-11,0529,Aqua,MODIS,100,6.2,328.2,430.9,D,0
-22.0361,120.3643,425.6,1.5,1.2,2014-09-11,0529,Aqua,MODIS,100,6.2,330,775.7,D,0
-17.7594,123.0691,337.4,1,1,2014-09-11,0530,Aqua,MODIS,33,6.2,321,12.3,D,0
-17.887,122.9485,335.2,1,1,2014-09-11,0530,Aqua,MODIS,71,6.2,321.4,9.6,D,0
-16.5586,124.1422,334.8,1,1,2014-09-11,0530,Aqua,MODIS,68,6.2,318.6,14.6,D,0
-17.8857,122.9581,339.6,1,1,2014-09-11,0530,Aqua,MODIS,80,6.2,323.4,16.3,D,0
-15.7942,128.2566,333.1,1.6,1.2,2014-09-11,0530,Aqua,MODIS,68,6.2,312.4,23.8,D,0
-15.7856,128.2393,331.6,1.6,1.2,2014-09-11,0530,Aqua,MODIS,67,6.2,313.3,20.4,D,0
-16.4147,124.1231,344.3,1,1,2014-09-11,0530,Aqua,MODIS,82,6.2,314.3,32.8,D,0
-16.6275,123.6656,332.3,1,1,2014-09-11,0530,Aqua,MODIS,66,6.2,316.3,13.1,D,0
-16.6185,123.6642,345.5,1,1,2014-09-11,0530,Aqua,MODIS,89,6.2,315.3,34.4,D,0
-16.56,124.1328,337.5,1,1,2014-09-11,0530,Aqua,MODIS,75,6.2,320,17.1,D,0
-16.5825,123.6586,336.3,1,1,2014-09-11,0530,Aqua,MODIS,77,6.2,313.5,20.8,D,0
-16.5839,123.6492,329,1,1,2014-09-11,0530,Aqua,MODIS,35,6.2,311.4,12.1,D,0
-16.5911,124.109,334.4,1,1,2014-09-11,0530,Aqua,MODIS,47,6.2,318.1,10.4,D,0
-18.7879,128.6821,331.6,1.5,1.2,2014-09-11,0530,Aqua,MODIS,55,6.2,318,16.2,D,0
-18.7855,128.6965,336.9,1.5,1.2,2014-09-11,0530,Aqua,MODIS,77,6.2,315.7,31.9,D,0
-17.9587,122.9005,334.6,1,1,2014-09-11,0530,Aqua,MODIS,64,6.2,318.6,11.6,D,0
-17.9601,122.8908,336.6,1,1,2014-09-11,0530,Aqua,MODIS,74,6.2,318.7,15,D,0
-16.5124,124.2693,329,1,1,2014-09-11,0530,Aqua,MODIS,31,6.2,314.8,9.2,D,0
-17.7513,123.0036,355.8,1,1,2014-09-11,0530,Aqua,MODIS,97,6.2,318.4,51.1,D,0
-17.7447,123.0514,340.7,1,1,2014-09-11,0530,Aqua,MODIS,73,6.2,318.1,21,D,0
-17.7356,123.05,339.8,1,1,2014-09-11,0530,Aqua,MODIS,68,6.2,314.5,20.6,D,0
-17.7369,123.0405,342.7,1,1,2014-09-11,0530,Aqua,MODIS,71,6.2,317.8,24.8,D,0
-17.7436,122.9927,365.2,1,1,2014-09-11,0530,Aqua,MODIS,100,6.2,316.5,83.7,D,0
-17.75,123.0132,353.9,1,1,2014-09-11,0530,Aqua,MODIS,95,6.2,321.2,44.2,D,0
-17.7279,123.0391,354.3,1,1,2014-09-11,0530,Aqua,MODIS,95,6.2,315.4,51.2,D,0
-17.7292,123.0295,382.7,1,1,2014-09-11,0530,Aqua,MODIS,100,6.2,321.9,145.9,D,0
-17.7332,123.0008,339.4,1,1,2014-09-11,0530,Aqua,MODIS,51,6.2,319.6,22.3,D,0
-17.7345,122.9913,349.3,1,1,2014-09-11,0530,Aqua,MODIS,91,6.2,317,45,D,0
-17.7359,122.9817,335.8,1,1,2014-09-11,0530,Aqua,MODIS,65,6.2,311.4,21.3,D,0
-17.7618,122.9955,364.2,1,1,2014-09-11,0530,Aqua,MODIS,100,6.2,321.5,80.1,D,0
-16.493,124.2759,338.8,1,1,2014-09-11,0530,Aqua,MODIS,48,6.2,315.5,23,D,0
-17.7604,123.005,349.2,1,1,2014-09-11,0530,Aqua,MODIS,91,6.2,317.7,38.7,D,0
-17.7591,123.0146,396,1,1,2014-09-11,0530,Aqua,MODIS,100,6.2,326.4,209.6,D,0
-17.7577,123.0242,352.7,1,1,2014-09-11,0530,Aqua,MODIS,94,6.2,321.5,42.8,D,0
-16.6605,123.6964,336.3,1,1,2014-09-11,0530,Aqua,MODIS,78,6.2,316.5,18.8,D,0
-17.7215,123.0186,338.8,1,1,2014-09-11,0530,Aqua,MODIS,17,6.2,317.3,19.1,D,0
-17.9236,122.8852,342.1,1,1,2014-09-11,0530,Aqua,MODIS,83,6.2,318.9,25,D,0
-17.7228,123.009,344.4,1,1,2014-09-11,0530,Aqua,MODIS,65,6.2,319.3,29.3,D,0
-17.7241,122.9994,343.2,1,1,2014-09-11,0530,Aqua,MODIS,56,6.2,318.7,28.3,D,0
-17.7255,122.9899,334.8,1,1,2014-09-11,0530,Aqua,MODIS,23,6.2,314.8,17.4,D,0
-17.7268,122.9803,347.5,1,1,2014-09-11,0530,Aqua,MODIS,89,6.2,312.5,42.2,D,0
-17.9389,122.9761,336,1,1,2014-09-11,0530,Aqua,MODIS,52,6.2,321.9,12.6,D,0
-17.8165,123.0584,356.5,1,1,2014-09-11,0530,Aqua,MODIS,97,6.2,323.7,51.3,D,0
-17.8178,123.0488,343,1,1,2014-09-11,0530,Aqua,MODIS,72,6.2,320.3,21.9,D,0
-16.4955,124.0114,349.2,1,1,2014-09-11,0530,Aqua,MODIS,92,6.2,318.4,39.5,D,0
-16.4941,124.0208,363.2,1,1,2014-09-11,0530,Aqua,MODIS,100,6.2,320,74.8,D,0
-17.766,123.0213,373.4,1,1,2014-09-11,0530,Aqua,MODIS,100,6.2,319.7,99.3,D,0
-17.7647,123.0309,347.3,1,1,2014-09-11,0530,Aqua,MODIS,89,6.2,319.9,28.2,D,0
-17.7738,123.0323,351,1,1,2014-09-11,0530,Aqua,MODIS,93,6.2,322,35.2,D,0
-17.7946,123.0159,347,1,1,2014-09-11,0530,Aqua,MODIS,36,6.2,325.1,27.7,D,0
-17.7725,123.0418,346.8,1,1,2014-09-11,0530,Aqua,MODIS,89,6.2,323.8,26.6,D,0
-17.7524,123.0624,332.7,1,1,2014-09-11,0530,Aqua,MODIS,27,6.2,319,9.7,D,0
-17.7433,123.061,338.3,1,1,2014-09-11,0530,Aqua,MODIS,65,6.2,317.2,17.9,D,0
-16.522,124.2034,339.4,1,1,2014-09-11,0530,Aqua,MODIS,83,6.2,316,24.4,D,0
-16.531,124.2049,327.3,1,1,2014-09-11,0530,Aqua,MODIS,29,6.2,314.5,7.9,D,0
-16.4237,124.1245,336.7,1,1,2014-09-11,0530,Aqua,MODIS,67,6.2,316.9,19.2,D,0
-17.9705,122.9374,342.6,1,1,2014-09-11,0530,Aqua,MODIS,81,6.2,320.4,23.5,D,0
-17.9783,122.9485,338.5,1,1,2014-09-11,0530,Aqua,MODIS,41,6.2,318.7,15.3,D,0
-17.9769,122.9581,350,1,1,2014-09-11,0530,Aqua,MODIS,92,6.2,320.9,38.7,D,0
-17.9756,122.9677,338.8,1,1,2014-09-11,0530,Aqua,MODIS,47,6.2,320.4,16.2,D,0
-16.7913,132.4564,354.6,3.2,1.7,2014-09-11,0530,Aqua,MODIS,73,6.2,295.6,338.4,D,0
-16.7763,132.4532,352.4,3.2,1.7,2014-09-11,0530,Aqua,MODIS,0,6.2,288.9,310.7,D,0
-16.795,132.452,345.4,3.2,1.7,2014-09-11,0530,Aqua,MODIS,69,6.2,296.4,234.2,D,0
-16.8063,132.4595,338.6,3.2,1.7,2014-09-11,0530,Aqua,MODIS,72,6.2,298,163.6,D,0
-16.9096,132.5551,327.3,3.2,1.7,2014-09-11,0530,Aqua,MODIS,30,6.2,306.7,66.9,D,0
-16.9081,132.5804,325.6,3.2,1.7,2014-09-11,0530,Aqua,MODIS,62,6.2,307.7,60.7,D,0
-16.9136,132.5509,324.1,3.2,1.7,2014-09-11,0530,Aqua,MODIS,47,6.2,305.8,54.1,D,0
-16.8985,132.5477,329.3,3.2,1.7,2014-09-11,0530,Aqua,MODIS,60,6.2,307.1,81.5,D,0
-18.5183,127.4615,331,1.3,1.1,2014-09-11,0530,Aqua,MODIS,61,6.2,318.4,12,D,0
-18.6401,127.4022,335,1.3,1.1,2014-09-11,0530,Aqua,MODIS,54,6.2,316.8,17.6,D,0
-18.642,127.3902,346.3,1.3,1.1,2014-09-11,0530,Aqua,MODIS,89,6.2,318.1,45.8,D,0
-18.6439,127.3782,337.7,1.3,1.1,2014-09-11,0530,Aqua,MODIS,57,6.2,318.1,23.4,D,0
-18.6396,127.3406,336.3,1.3,1.1,2014-09-11,0530,Aqua,MODIS,68,6.2,317.4,21.6,D,0
-18.5817,127.3246,329.9,1.3,1.1,2014-09-11,0530,Aqua,MODIS,40,6.2,316.7,10.9,D,0
-18.1564,123.7811,336.3,1,1,2014-09-11,0530,Aqua,MODIS,65,6.2,323.4,11.8,D,0
-15.6687,131.9015,326.6,3,1.7,2014-09-11,0530,Aqua,MODIS,62,6.2,310.3,38.1,D,0
-15.6687,131.9092,326.7,3,1.7,2014-09-11,0530,Aqua,MODIS,63,6.2,310.1,37.8,D,0
-12.6966,132.1901,332.2,3.7,1.8,2014-09-11,0531,Aqua,MODIS,78,6.2,307.7,102,D,0
-12.9681,132.6243,324.5,3.9,1.8,2014-09-11,0531,Aqua,MODIS,39,6.2,307,56.1,D,0
-12.6891,132.1968,328,3.7,1.8,2014-09-11,0531,Aqua,MODIS,64,6.2,307.5,66.5,D,0
-12.6952,132.1637,327.5,3.6,1.8,2014-09-11,0531,Aqua,MODIS,62,6.2,308.1,63.8,D,0
-13.6276,131.8409,330.4,3.3,1.7,2014-09-11,0531,Aqua,MODIS,76,6.2,305.1,80,D,0
-11.2642,132.4401,319,4.1,1.9,2014-09-11,0531,Aqua,MODIS,0,6.2,303.9,47.8,D,0
-12.9617,132.6596,326.1,3.9,1.8,2014-09-11,0531,Aqua,MODIS,61,6.2,308.1,66.4,D,0
-14.6282,126.5572,356.3,1.3,1.1,2014-09-11,0531,Aqua,MODIS,92,6.2,294.3,93.7,D,0
-14.63,126.5454,365.4,1.3,1.1,2014-09-11,0531,Aqua,MODIS,75,6.2,296.4,132.4,D,0
-12.5414,131.0791,320.3,3,1.7,2014-09-11,0531,Aqua,MODIS,44,6.2,305.2,24.1,D,0
-12.654,132.7749,323.6,4.1,1.9,2014-09-11,0531,Aqua,MODIS,60,6.2,307.2,43.1,D,0
-12.6512,132.7698,322.4,4.1,1.9,2014-09-11,0531,Aqua,MODIS,53,6.2,307.4,35.8,D,0
-14.4118,132.7987,357.1,3.8,1.8,2014-09-11,0531,Aqua,MODIS,98,6.2,305.4,439.7,D,0
-14.4042,132.7892,359.8,3.8,1.8,2014-09-11,0531,Aqua,MODIS,99,6.2,304.4,487.7,D,0
-14.4183,132.7645,334.8,3.7,1.8,2014-09-11,0531,Aqua,MODIS,81,6.2,302.2,146.3,D,0
-14.4105,132.7549,324.6,3.7,1.8,2014-09-11,0531,Aqua,MODIS,57,6.2,301.8,58.4,D,0
-13.5542,133.3249,323.3,4.3,1.9,2014-09-11,0531,Aqua,MODIS,59,6.2,306.6,61.4,D,0
-13.5573,133.3334,322.9,4.3,1.9,2014-09-11,0531,Aqua,MODIS,58,6.2,306.7,59.4,D,0
-11.5521,131.2145,322.8,3.2,1.7,2014-09-11,0531,Aqua,MODIS,38,6.2,304.5,46.5,D,0
-11.5548,131.2069,324.7,3.2,1.7,2014-09-11,0531,Aqua,MODIS,65,6.2,305,59.6,D,0
-11.5076,130.8697,325.2,3.1,1.7,2014-09-11,0531,Aqua,MODIS,78,6.2,305.3,58.1,D,0
-11.5295,131.1724,327.9,3.2,1.7,2014-09-11,0531,Aqua,MODIS,60,6.2,303.6,71.6,D,0
-11.5396,131.2042,322.7,3.2,1.7,2014-09-11,0531,Aqua,MODIS,59,6.2,304.9,47.3,D,0
-13.7091,129.9082,351.6,2.3,1.5,2014-09-11,0531,Aqua,MODIS,95,6.2,298.3,196.1,D,0
-13.6959,129.9057,324.9,2.3,1.5,2014-09-11,0531,Aqua,MODIS,58,6.2,298.7,45.9,D,0
-14.606,126.5658,342.3,1.3,1.1,2014-09-11,0531,Aqua,MODIS,69,6.2,310.1,42,D,0
-14.6161,126.5675,375.6,1.3,1.1,2014-09-11,0531,Aqua,MODIS,100,6.2,311.9,176.6,D,0
-12.8764,132.5696,326.1,3.9,1.8,2014-09-11,0531,Aqua,MODIS,59,6.2,307.4,74.2,D,0
-12.8654,132.5996,324.9,3.9,1.8,2014-09-11,0531,Aqua,MODIS,55,6.2,306.5,60.7,D,0
-12.5414,131.0713,325.4,3,1.7,2014-09-11,0531,Aqua,MODIS,61,6.2,305.2,47.9,D,0
-12.958,132.6302,327,3.9,1.8,2014-09-11,0531,Aqua,MODIS,62,6.2,307.3,75.8,D,0
-12.8697,132.605,324.2,3.9,1.8,2014-09-11,0531,Aqua,MODIS,53,6.2,306.7,55.6,D,0
-12.5266,131.0686,322.4,3,1.7,2014-09-11,0531,Aqua,MODIS,26,6.2,306.1,31.4,D,0
-12.8718,132.5644,323.1,3.9,1.8,2014-09-11,0531,Aqua,MODIS,22,6.2,306.9,48.3,D,0
-12.5463,131.0516,323.4,3,1.7,2014-09-11,0531,Aqua,MODIS,64,6.2,305.7,39.7,D,0
-28.6184,151.7145,308.6,2.5,1.5,2014-09-11,1313,Terra,MODIS,75,6.2,280.6,47.4,N,0
-32.4675,146.5578,301.1,1.1,1,2014-09-11,1313,Terra,MODIS,38,6.2,281.9,8.5,N,0
-28.6108,151.7184,303.3,2.5,1.5,2014-09-11,1313,Terra,MODIS,54,6.2,281.3,34.7,N,0
-31.2291,146.9125,303.5,1.1,1.1,2014-09-11,1313,Terra,MODIS,56,6.2,283.5,10.6,N,0
-25.4771,149.7865,305.6,2.2,1.4,2014-09-11,1314,Terra,MODIS,43,6.2,285.7,26,N,0
-25.4729,149.8076,335.9,2.2,1.4,2014-09-11,1314,Terra,MODIS,100,6.2,289.9,120.6,N,0
-25.4898,149.7896,300.3,2.2,1.4,2014-09-11,1314,Terra,MODIS,18,6.2,284.6,18.3,N,0
-25.4857,149.8106,300.6,2.2,1.4,2014-09-11,1314,Terra,MODIS,19,6.2,286.7,18.2,N,0
-25.4749,149.8016,333,2.2,1.4,2014-09-11,1314,Terra,MODIS,100,6.2,289.9,107.5,N,0
-27.5304,149.0731,306.1,1.8,1.3,2014-09-11,1314,Terra,MODIS,67,6.2,283.6,23.2,N,0
-24.1617,144.4441,311.9,1.1,1,2014-09-11,1315,Terra,MODIS,49,6.2,287.9,13.4,N,0
-24.1634,144.4334,331.5,1.1,1,2014-09-11,1315,Terra,MODIS,100,6.2,289.3,36.1,N,0
-24.1651,144.4227,318.3,1.1,1,2014-09-11,1315,Terra,MODIS,97,6.2,286.7,20,N,0
-24.1507,144.4531,300.4,1.1,1,2014-09-11,1315,Terra,MODIS,9,6.2,286.8,5.9,N,0
-24.1523,144.4423,322.4,1.1,1,2014-09-11,1315,Terra,MODIS,100,6.2,289.1,24,N,0
-24.154,144.4316,325.3,1.1,1,2014-09-11,1315,Terra,MODIS,100,6.2,289.7,27.8,N,0
-24.1557,144.4209,309.1,1.1,1,2014-09-11,1315,Terra,MODIS,76,6.2,287.1,12,N,0
-22.2875,148.4164,304.3,2,1.4,2014-09-11,1315,Terra,MODIS,59,6.2,289.2,20.6,N,0
-20.7363,139.4715,308.6,1.1,1.1,2014-09-11,1316,Terra,MODIS,75,6.2,292.7,9.5,N,0
-20.7349,139.482,303.3,1.1,1,2014-09-11,1316,Terra,MODIS,54,6.2,292.1,5.6,N,2
-14.8705,145.1206,308.7,1.6,1.3,2014-09-11,1317,Terra,MODIS,75,6.2,291.3,18.8,N,0
-14.8694,145.1295,306.5,1.6,1.3,2014-09-11,1317,Terra,MODIS,47,6.2,290.6,15,N,0
-14.934,144.9466,308.3,1.6,1.2,2014-09-11,1317,Terra,MODIS,74,6.2,290.7,17.8,N,0
-17.4274,135.0957,326,1.9,1.3,2014-09-11,1317,Terra,MODIS,100,6.2,295.4,57.7,N,0
-16.9688,135.3926,310.8,1.8,1.3,2014-09-11,1317,Terra,MODIS,60,6.2,293.8,18.5,N,0
-16.9617,135.3853,307.5,1.8,1.3,2014-09-11,1317,Terra,MODIS,55,6.2,293.9,14.5,N,0
-16.9266,135.3809,306.9,1.8,1.3,2014-09-11,1317,Terra,MODIS,69,6.2,293.5,14.2,N,0
-15.6233,145.1666,303.3,1.6,1.2,2014-09-11,1317,Terra,MODIS,33,6.2,290.9,9.9,N,0
-13.7431,135.017,307.1,1.7,1.3,2014-09-11,1318,Terra,MODIS,37,6.2,293.7,11.9,N,0
-13.7604,135.0662,306.6,1.7,1.3,2014-09-11,1318,Terra,MODIS,40,6.2,293.8,11.6,N,0
-13.7342,135.0094,305.5,1.7,1.3,2014-09-11,1318,Terra,MODIS,52,6.2,293.6,10.8,N,0
-13.6471,134.2929,304.1,1.9,1.3,2014-09-11,1318,Terra,MODIS,59,6.2,294.1,11.7,N,0
-13.7737,135.0523,307.3,1.7,1.3,2014-09-11,1318,Terra,MODIS,60,6.2,293.5,13.3,N,0
-13.7756,135.037,306.4,1.7,1.3,2014-09-11,1318,Terra,MODIS,54,6.2,292.2,12.2,N,0
-12.8404,135.9305,328.2,1.4,1.2,2014-09-11,1318,Terra,MODIS,100,6.2,294.9,43.2,N,0
-13.4386,134.6142,318.1,1.8,1.3,2014-09-11,1318,Terra,MODIS,96,6.2,294.8,33.1,N,0
-13.4405,134.5978,313.4,1.8,1.3,2014-09-11,1318,Terra,MODIS,87,6.2,294.3,23.8,N,0
-13.3552,134.7447,305.9,1.7,1.3,2014-09-11,1318,Terra,MODIS,66,6.2,294,12.9,N,0
-13.3571,134.7288,310,1.7,1.3,2014-09-11,1318,Terra,MODIS,79,6.2,294,19.4,N,0
-13.4366,134.6305,328.4,1.8,1.3,2014-09-11,1318,Terra,MODIS,100,6.2,295.9,58.7,N,0
-13.4403,134.5413,310.7,1.8,1.3,2014-09-11,1318,Terra,MODIS,81,6.2,294,20.3,N,0
-13.4382,134.5577,328.8,1.8,1.3,2014-09-11,1318,Terra,MODIS,100,6.2,295.7,60.9,N,0
-13.4361,134.5742,310.1,1.8,1.3,2014-09-11,1318,Terra,MODIS,56,6.2,294.1,17.5,N,0
-12.8421,135.9176,326.5,1.4,1.2,2014-09-11,1318,Terra,MODIS,100,6.2,295.1,40.1,N,0
-12.8437,135.9046,321.4,1.4,1.2,2014-09-11,1318,Terra,MODIS,100,6.2,294.2,31.2,N,0
-13.4327,134.5633,322.7,1.8,1.3,2014-09-11,1318,Terra,MODIS,100,6.2,294.8,44.9,N,0
-13.4347,134.5469,322.4,1.8,1.3,2014-09-11,1318,Terra,MODIS,100,6.2,294.2,44.3,N,0
-15.9081,133.393,330.8,2.4,1.5,2014-09-11,1318,Terra,MODIS,100,6.2,294.3,104.5,N,0
-15.9138,133.4229,311.9,2.4,1.5,2014-09-11,1318,Terra,MODIS,84,6.2,293.7,36.3,N,0
-15.9162,133.4006,325.9,2.4,1.5,2014-09-11,1318,Terra,MODIS,100,6.2,294.9,82.2,N,0
-12.9741,141.8456,307.3,1.1,1,2014-09-11,1318,Terra,MODIS,71,6.2,292.9,8.5,N,0
-15.9056,133.4152,350.5,2.4,1.5,2014-09-11,1318,Terra,MODIS,100,6.2,296.5,223.6,N,0
-13.4298,134.6233,326.4,1.8,1.3,2014-09-11,1318,Terra,MODIS,100,6.2,295.4,51.8,N,0
-13.4278,134.6395,323.7,1.8,1.3,2014-09-11,1318,Terra,MODIS,100,6.2,295.2,44.8,N,0
-13.4346,134.6467,314.5,1.8,1.3,2014-09-11,1318,Terra,MODIS,89,6.2,294.8,26,N,0
-13.4337,141.7854,301.6,1.1,1,2014-09-11,1318,Terra,MODIS,43,6.2,288.9,5.1,N,0
-13.4352,141.7754,303.5,1.1,1,2014-09-11,1318,Terra,MODIS,55,6.2,289.2,6,N,0
-13.3494,134.792,341.4,1.7,1.3,2014-09-11,1318,Terra,MODIS,100,6.2,297.4,99,N,0
-13.1758,135.2715,307.6,1.6,1.2,2014-09-11,1318,Terra,MODIS,72,6.2,293.7,14.7,N,0
-12.6616,132.7547,317.2,2.4,1.5,2014-09-11,1318,Terra,MODIS,95,6.2,293.2,50.7,N,0
-13.3513,134.7762,328.1,1.7,1.3,2014-09-11,1318,Terra,MODIS,100,6.2,296.3,55.4,N,0
-13.174,135.286,307.5,1.6,1.2,2014-09-11,1318,Terra,MODIS,72,6.2,293.9,13.8,N,0
-13.3377,134.7907,336,1.7,1.3,2014-09-11,1318,Terra,MODIS,100,6.2,296,79.6,N,0
-13.3358,134.8063,322.2,1.7,1.3,2014-09-11,1318,Terra,MODIS,100,6.2,295.3,41,N,0
-12.7181,142.13,302.1,1.1,1.1,2014-09-11,1318,Terra,MODIS,47,6.2,291.9,5.4,N,0
-12.6449,142.0055,304.7,1.1,1.1,2014-09-11,1318,Terra,MODIS,61,6.2,292.1,7.2,N,0
-15.539,134.8867,311.3,1.8,1.3,2014-09-11,1318,Terra,MODIS,82,6.2,294.1,20.6,N,0
-14.8857,134.812,307,1.8,1.3,2014-09-11,1318,Terra,MODIS,70,6.2,294,14.8,N,0
-15.5789,134.8573,323.5,1.8,1.3,2014-09-11,1318,Terra,MODIS,100,6.2,295.1,47.4,N,0
-15.5649,134.8727,321,1.8,1.3,2014-09-11,1318,Terra,MODIS,100,6.2,294.8,42.3,N,0
-14.3016,141.9456,324,1.1,1,2014-09-11,1318,Terra,MODIS,100,6.2,289.5,24.6,N,0
-14.3109,141.9471,300.7,1.1,1,2014-09-11,1318,Terra,MODIS,32,6.2,289.2,4.2,N,0
-15.5843,134.8642,306.4,1.8,1.3,2014-09-11,1318,Terra,MODIS,68,6.2,294.2,14.7,N,0
-12.6697,132.7611,313.1,2.4,1.5,2014-09-11,1318,Terra,MODIS,86,6.2,293.2,39.6,N,0
-12.6434,142.0159,326,1.1,1.1,2014-09-11,1318,Terra,MODIS,100,6.2,292.9,29,N,0
-15.567,134.8557,307.9,1.8,1.3,2014-09-11,1318,Terra,MODIS,73,6.2,293.7,16.5,N,0
-15.5705,134.8796,305.5,1.8,1.3,2014-09-11,1318,Terra,MODIS,17,6.2,293.6,12.1,N,0
-15.5724,134.8627,335.5,1.8,1.3,2014-09-11,1318,Terra,MODIS,100,6.2,295.9,85,N,0
-15.5768,134.8742,316.3,1.8,1.3,2014-09-11,1318,Terra,MODIS,93,6.2,294.2,30.7,N,0
-11.5229,131.1748,309.7,3.1,1.7,2014-09-11,1319,Terra,MODIS,67,6.2,290.7,49.4,N,0
-25.4678,149.8186,307.6,2.8,1.6,2014-09-11,1446,Aqua,MODIS,72,6.2,285.2,48.7,N,0
-24.4554,119.7446,305.3,1.1,1,2014-09-11,1454,Terra,MODIS,64,6.2,287,8.9,N,0
-21.9985,120.3693,311.7,1.2,1.1,2014-09-11,1454,Terra,MODIS,56,6.2,290,13.8,N,0
-22.0115,120.4148,308.1,1.3,1.1,2014-09-11,1454,Terra,MODIS,68,6.2,290.3,10.7,N,0
-22.0135,120.4027,326.6,1.2,1.1,2014-09-11,1454,Terra,MODIS,100,6.2,292.1,33.6,N,0
-22.0126,120.4091,323.1,1.3,1.1,2014-09-11,1454,Terra,MODIS,100,6.2,291.5,27.8,N,0
-22.0145,120.397,316.3,1.2,1.1,2014-09-11,1454,Terra,MODIS,92,6.2,291.2,18.6,N,0
-21.9966,120.3813,313.7,1.2,1.1,2014-09-11,1454,Terra,MODIS,59,6.2,292.1,15.9,N,0
-22.0652,120.4003,310.1,1.2,1.1,2014-09-11,1454,Terra,MODIS,58,6.2,290.7,13.1,N,0
-22.0493,120.3724,306.6,1.2,1.1,2014-09-11,1454,Terra,MODIS,4,6.2,289.6,8.8,N,0
-17.8165,123.0387,302.7,2.2,1.4,2014-09-11,1455,Terra,MODIS,51,6.2,292,16.2,N,0
-17.9852,122.9782,306.8,2.2,1.4,2014-09-11,1455,Terra,MODIS,69,6.2,291.9,24.3,N,0
-21.1088,117.6493,310,1,1,2014-09-11,1455,Terra,MODIS,79,6.2,291.6,9.4,N,0
-21.0984,117.6575,316,1,1,2014-09-11,1455,Terra,MODIS,92,6.2,290,14.7,N,0
-21.1815,120.0374,371.8,1.2,1.1,2014-09-11,1455,Terra,MODIS,100,6.2,298,165.4,N,0
-21.1796,120.0491,318.4,1.2,1.1,2014-09-11,1455,Terra,MODIS,97,6.2,292.1,22,N,0
-21.1716,120.0356,306.9,1.2,1.1,2014-09-11,1455,Terra,MODIS,70,6.2,290.2,10.6,N,0
-21.1834,120.0257,310.1,1.2,1.1,2014-09-11,1455,Terra,MODIS,79,6.2,290.8,12.5,N,0
-13.5022,135.2124,303.3,1,1,2014-09-11,1621,Aqua,MODIS,26,6.2,290.1,5.1,N,0
-13.4869,135.2214,306,1,1,2014-09-11,1621,Aqua,MODIS,31,6.2,289.9,6.5,N,0
-12.2099,134.1609,306.7,1.2,1.1,2014-09-11,1621,Aqua,MODIS,69,6.2,290.9,9.8,N,0
-13.5084,135.1921,309.4,1,1,2014-09-11,1621,Aqua,MODIS,77,6.2,289.8,9.1,N,0
-14.808,142.7364,322.7,2.2,1.4,2014-09-11,1622,Aqua,MODIS,100,6.2,288.6,67.4,N,0
-16.8251,132.5205,300.8,1.3,1.1,2014-09-11,1622,Aqua,MODIS,31,6.2,285.7,8.1,N,0
-14.7962,142.743,303.6,2.2,1.4,2014-09-11,1622,Aqua,MODIS,48,6.2,287.4,19.4,N,0
-14.821,142.7349,312.8,2.2,1.4,2014-09-11,1622,Aqua,MODIS,86,6.2,288,39.2,N,0
-14.3827,132.2397,307.3,1.4,1.2,2014-09-11,1622,Aqua,MODIS,71,6.2,296.1,9.8,N,0
-14.8186,142.7146,313.6,2.2,1.4,2014-09-11,1622,Aqua,MODIS,87,6.2,287.4,40.8,N,0
-14.795,142.738,302.2,2.2,1.4,2014-09-11,1622,Aqua,MODIS,47,6.2,287.7,17.9,N,0
-14.1379,132.3353,308.6,1.4,1.2,2014-09-11,1622,Aqua,MODIS,52,6.2,294.2,10.9,N,0
-14.4929,132.925,310.8,1.3,1.1,2014-09-11,1622,Aqua,MODIS,81,6.2,295.2,12.6,N,0
-15.5458,141.8353,306.8,1.9,1.4,2014-09-11,1622,Aqua,MODIS,69,6.2,286.8,21.1,N,0
-14.517,134.4374,309.2,1.1,1,2014-09-11,1622,Aqua,MODIS,77,6.2,294.6,7.6,N,0
-14.5526,134.4829,306.4,1.1,1,2014-09-11,1622,Aqua,MODIS,68,6.2,295.1,6.2,N,0
-14.5155,134.4275,318.6,1.1,1,2014-09-11,1622,Aqua,MODIS,97,6.2,295.2,16.4,N,0
-15.3644,135.7052,304.8,1,1,2014-09-11,1622,Aqua,MODIS,62,6.2,294.5,5,N,0
-14.2675,132.2939,308.1,1.4,1.2,2014-09-11,1622,Aqua,MODIS,74,6.2,295.1,10.6,N,0
-14.2632,132.2676,315.6,1.4,1.2,2014-09-11,1622,Aqua,MODIS,92,6.2,294.8,19.8,N,0
-14.2653,132.2807,327.2,1.4,1.2,2014-09-11,1622,Aqua,MODIS,100,6.2,296.3,39.4,N,0
-14.1198,132.3188,318.2,1.4,1.2,2014-09-11,1622,Aqua,MODIS,96,6.2,294.7,23.6,N,0
-14.1325,132.3299,309.6,1.4,1.2,2014-09-11,1622,Aqua,MODIS,78,6.2,294.3,12.6,N,0
-14.1304,132.317,304.5,1.4,1.2,2014-09-11,1622,Aqua,MODIS,26,6.2,294.4,6.8,N,0
-14.1177,132.3056,307.2,1.4,1.2,2014-09-11,1622,Aqua,MODIS,44,6.2,294.9,9.6,N,0
-21.1538,120.058,347.5,3.8,1.8,2014-09-11,1802,Aqua,MODIS,100,6.2,291.6,404.7,N,0
-21.1507,120.0212,305.2,3.8,1.8,2014-09-11,1802,Aqua,MODIS,63,6.2,290,47.8,N,0
-21.1619,120.0281,334.5,3.8,1.8,2014-09-11,1802,Aqua,MODIS,100,6.2,291.1,244.5,N,0
-21.1455,120.0297,307.8,3.8,1.8,2014-09-11,1802,Aqua,MODIS,73,6.2,289.7,60.1,N,0
-21.1672,120.0196,304.1,3.8,1.8,2014-09-11,1802,Aqua,MODIS,55,6.2,290.1,43.8,N,0
-21.1703,120.0564,351.9,3.8,1.8,2014-09-11,1802,Aqua,MODIS,100,6.2,292.1,470.1,N,0
-21.1818,120.0632,302.8,3.8,1.8,2014-09-11,1802,Aqua,MODIS,52,6.2,288.7,40.4,N,0
-21.1652,120.0648,354.7,3.8,1.8,2014-09-11,1802,Aqua,MODIS,100,6.2,292.8,511.7,N,0
-21.1487,120.0664,314.7,3.8,1.8,2014-09-11,1802,Aqua,MODIS,90,6.2,289.6,97,N,0
-22.0006,120.3939,311.6,4.1,1.9,2014-09-11,1802,Aqua,MODIS,83,6.2,290,89.1,N,0
-22.0044,120.3894,309.1,4.1,1.9,2014-09-11,1802,Aqua,MODIS,76,6.2,289.5,74.6,N,0
-22.0075,120.4295,300.4,4.2,1.9,2014-09-11,1802,Aqua,MODIS,5,6.2,288.4,34.6,N,0
-21.0983,117.652,304.4,2.5,1.5,2014-09-11,1802,Aqua,MODIS,60,6.2,288.1,27.7,N,0
-15.6098,145.1689,319.2,2.7,1.6,2014-09-12,0009,Terra,MODIS,58,6.2,292.8,42.3,D,0
-15.5559,141.8328,314.9,4.8,2,2014-09-12,0009,Terra,MODIS,58,6.2,298.4,51.7,D,0
-15.5529,141.8256,316.9,4.8,2,2014-09-12,0009,Terra,MODIS,56,6.2,298.9,67.5,D,0
-14.8689,145.1209,313.8,2.8,1.6,2014-09-12,0009,Terra,MODIS,54,6.2,296.9,31.8,D,0
-24.1603,144.4336,321.7,2,1.4,2014-09-12,0011,Terra,MODIS,48,6.2,307.5,21.5,D,0
-24.1764,144.4505,323.1,2,1.4,2014-09-12,0011,Terra,MODIS,51,6.2,307,25.5,D,0
-25.4718,149.8013,357.1,1,1,2014-09-12,0011,Terra,MODIS,98,6.2,306.5,69.9,D,0
-25.4627,149.8029,322,1,1,2014-09-12,0011,Terra,MODIS,70,6.2,303.7,10.2,D,0
-25.4643,149.813,332.7,1,1,2014-09-12,0011,Terra,MODIS,83,6.2,308.8,23.3,D,0
-25.4824,149.8097,338.7,1,1,2014-09-12,0011,Terra,MODIS,88,6.2,306.7,31.5,D,0
-25.4734,149.8114,345.1,1,1,2014-09-12,0011,Terra,MODIS,92,6.2,309,43.5,D,0
-25.4809,149.7996,353,1,1,2014-09-12,0011,Terra,MODIS,96,6.2,308.3,59.9,D,0
-23.7999,147.4097,319,1.3,1.1,2014-09-12,0011,Terra,MODIS,59,6.2,302.6,11.1,D,0
-26.2509,151.142,321.2,1,1,2014-09-12,0012,Terra,MODIS,71,6.2,302.7,12,D,0
-26.2523,151.1521,314.4,1,1,2014-09-12,0012,Terra,MODIS,45,6.2,303.1,5,D,0
-26.2637,150.2249,315.5,1,1,2014-09-12,0012,Terra,MODIS,37,6.2,304,6.3,D,0
-26.2787,150.2017,328.1,1,1,2014-09-12,0012,Terra,MODIS,79,6.2,304.1,17.1,D,0
-26.7929,150.6945,317.2,1,1,2014-09-12,0012,Terra,MODIS,49,6.2,305.4,4.9,D,0
-27.5325,149.0645,315.3,1,1,2014-09-12,0012,Terra,MODIS,39,6.2,302.3,6,D,0
-27.5342,149.0749,323.7,1,1,2014-09-12,0012,Terra,MODIS,73,6.2,304.1,13.9,D,0
-28.5294,146.2353,319.4,1.3,1.1,2014-09-12,0012,Terra,MODIS,68,6.2,301.5,14.2,D,0
-28.5477,146.1706,320.4,1.3,1.1,2014-09-12,0012,Terra,MODIS,69,6.2,302.7,13.5,D,0
-27.9814,148.6873,338.9,1,1,2014-09-12,0012,Terra,MODIS,88,6.2,306.2,35.8,D,0
-27.983,148.6978,327.6,1,1,2014-09-12,0012,Terra,MODIS,78,6.2,305.3,19.3,D,0
-27.6504,151.6326,322.7,1,1,2014-09-12,0012,Terra,MODIS,75,6.2,303.8,14.4,D,0
-28.7957,151.8981,311.7,1.1,1,2014-09-12,0012,Terra,MODIS,62,6.2,294.8,10.3,D,0
-29.1537,148.9308,319.2,1,1,2014-09-12,0012,Terra,MODIS,65,6.2,305.1,9.1,D,0
-28.6571,149.852,317,1,1,2014-09-12,0012,Terra,MODIS,50,6.2,305.4,4.3,D,0
-28.139,151.5741,312.1,1.1,1,2014-09-12,0012,Terra,MODIS,55,6.2,300.7,5.6,D,0
-28.7863,151.8997,327.3,1.1,1,2014-09-12,0012,Terra,MODIS,82,6.2,295.9,26.7,D,0
-31.8488,150.8721,314.7,1.1,1,2014-09-12,0013,Terra,MODIS,75,6.2,294.9,11.8,D,0
-31.8581,150.8705,308.4,1.1,1,2014-09-12,0013,Terra,MODIS,43,6.2,294.8,5.9,D,0
-30.094,146.7945,318.2,1.2,1.1,2014-09-12,0013,Terra,MODIS,63,6.2,302.3,9.2,D,0
-31.6377,148.1272,313.2,1,1,2014-09-12,0013,Terra,MODIS,69,6.2,297.4,8.3,D,0
-29.8577,149.2021,314.7,1,1,2014-09-12,0013,Terra,MODIS,53,6.2,304.6,6.6,D,0
-29.5639,149.0864,313.7,1,1,2014-09-12,0013,Terra,MODIS,48,6.2,303.5,6.2,D,0
-30.1284,149.9745,321.1,1,1,2014-09-12,0013,Terra,MODIS,75,6.2,304.9,14.1,D,0
-29.9414,151.9578,316.3,1.1,1.1,2014-09-12,0013,Terra,MODIS,73,6.2,293.7,15,D,0
-30.1299,149.9849,327.7,1,1,2014-09-12,0013,Terra,MODIS,82,6.2,300.9,22,D,0
-30.4224,151.3633,308.6,1.1,1,2014-09-12,0013,Terra,MODIS,61,6.2,297.3,6.3,D,0
-30.4338,152.0739,324.4,1.1,1.1,2014-09-12,0013,Terra,MODIS,82,6.2,296.6,22.4,D,0
-30.4354,152.0858,314.6,1.1,1.1,2014-09-12,0013,Terra,MODIS,72,6.2,296.6,11.1,D,0
-30.4376,152.0789,327.8,1.1,1.1,2014-09-12,0013,Terra,MODIS,84,6.2,296.8,28.1,D,0
-29.7999,149.3686,314,1,1,2014-09-12,0013,Terra,MODIS,49,6.2,303.6,6.2,D,0
-32.2369,146.7793,312.9,1.1,1,2014-09-12,0013,Terra,MODIS,69,6.2,294.9,9.1,D,0
-32.235,146.7678,326.6,1.1,1,2014-09-12,0013,Terra,MODIS,83,6.2,293.9,24.6,D,0
-32.3074,147.3945,304.2,1,1,2014-09-12,0013,Terra,MODIS,38,6.2,294.2,3.8,D,0
-32.2406,146.7718,326.5,1.1,1,2014-09-12,0013,Terra,MODIS,83,6.2,293.8,25.1,D,0
-32.1728,146.6857,309.8,1.1,1,2014-09-12,0013,Terra,MODIS,63,6.2,295.1,8.1,D,0
-32.4004,147.697,304,1,1,2014-09-12,0013,Terra,MODIS,40,6.2,293.2,4.9,D,0
-30.5458,150.0691,308.8,1,1,2014-09-12,0013,Terra,MODIS,47,6.2,297.7,5.2,D,0
-32.9063,146.6484,306.4,1.1,1,2014-09-12,0014,Terra,MODIS,52,6.2,294.9,4.7,D,0
-34.4694,142.3454,303,1.7,1.3,2014-09-12,0014,Terra,MODIS,41,6.2,291.9,7.7,D,0
-36.7683,144.3732,303.5,1.2,1.1,2014-09-12,0015,Terra,MODIS,49,6.2,285.1,8.3,D,0
-41.563,146.9747,304.4,1,1,2014-09-12,0016,Terra,MODIS,59,6.2,277.6,8.6,D,0
-11.9298,132.6706,333.2,1.3,1.2,2014-09-12,0146,Terra,MODIS,11,6.2,313.2,26.1,D,0
-11.2372,132.4548,332.3,1.3,1.1,2014-09-12,0146,Terra,MODIS,0,6.2,303.8,25,D,0
-11.2473,132.4534,324.3,1.3,1.1,2014-09-12,0146,Terra,MODIS,34,6.2,307.5,11.5,D,0
-11.5424,130.3183,326.2,1,1,2014-09-12,0146,Terra,MODIS,53,6.2,306.2,9.7,D,0
-11.5437,130.3277,326.2,1,1,2014-09-12,0146,Terra,MODIS,41,6.2,308.3,9.2,D,0
-12.255,134.5065,333.3,1.8,1.3,2014-09-12,0146,Terra,MODIS,80,6.2,301.3,48.3,D,0
-12.1059,133.9882,327.9,1.7,1.3,2014-09-12,0146,Terra,MODIS,58,6.2,306.9,20.4,D,0
-12.1082,133.9937,328,1.7,1.3,2014-09-12,0146,Terra,MODIS,63,6.2,307.4,20.9,D,0
-12.7529,135.4467,323.8,2.2,1.4,2014-09-12,0146,Terra,MODIS,60,6.2,303.6,21.7,D,0
-11.5943,131.2007,322.3,1.1,1.1,2014-09-12,0146,Terra,MODIS,50,6.2,303.4,9.2,D,0
-11.5593,131.2263,326.4,1.1,1.1,2014-09-12,0146,Terra,MODIS,49,6.2,304.8,14.3,D,0
-11.5195,131.1864,332.7,1.1,1,2014-09-12,0146,Terra,MODIS,81,6.2,305.2,22.3,D,0
-11.5209,131.1964,332.2,1.1,1.1,2014-09-12,0146,Terra,MODIS,81,6.2,305.6,22.2,D,0
-12.2572,134.5232,327.8,1.8,1.3,2014-09-12,0146,Terra,MODIS,70,6.2,303.6,32.3,D,0
-12.7425,134.7475,325.9,2,1.4,2014-09-12,0147,Terra,MODIS,58,6.2,304.3,26.5,D,0
-12.8485,135.9216,328.9,2.4,1.5,2014-09-12,0147,Terra,MODIS,74,6.2,301.1,60,D,0
-14.6525,126.5474,343,1.1,1,2014-09-12,0147,Terra,MODIS,89,6.2,310,39.3,D,0
-14.6541,126.5576,327.7,1.1,1,2014-09-12,0147,Terra,MODIS,55,6.2,309.9,12.7,D,0
-14.6838,126.5631,328.6,1.1,1,2014-09-12,0147,Terra,MODIS,39,6.2,310.5,13.5,D,0
-13.0902,134.3709,323.5,1.9,1.3,2014-09-12,0147,Terra,MODIS,54,6.2,307.2,15.3,D,0
-12.7325,134.767,340.9,2,1.4,2014-09-12,0147,Terra,MODIS,88,6.2,304.1,79.8,D,0
-12.7302,134.7491,325.7,2,1.4,2014-09-12,0147,Terra,MODIS,34,6.2,306.5,25.5,D,0
-13.4292,134.5029,323.7,1.9,1.4,2014-09-12,0147,Terra,MODIS,57,6.2,306.7,17.7,D,0
-13.2185,134.7791,326.8,2,1.4,2014-09-12,0147,Terra,MODIS,71,6.2,307.9,26.6,D,0
-14.3488,132.1765,325.4,1.3,1.2,2014-09-12,0147,Terra,MODIS,23,6.2,307.5,11.4,D,0
-14.3823,132.2162,323.1,1.4,1.2,2014-09-12,0147,Terra,MODIS,35,6.2,307.3,9.9,D,0
-14.3855,132.2414,329.1,1.4,1.2,2014-09-12,0147,Terra,MODIS,71,6.2,308.4,21.7,D,0
-14.3872,132.254,323,1.4,1.2,2014-09-12,0147,Terra,MODIS,46,6.2,308,10.3,D,0
-13.5449,133.3515,326.7,1.6,1.2,2014-09-12,0147,Terra,MODIS,65,6.2,311.7,15.6,D,0
-13.5046,135.2148,335,2.2,1.4,2014-09-12,0147,Terra,MODIS,82,6.2,303.7,75.3,D,0
-12.8593,135.898,321.7,2.4,1.5,2014-09-12,0147,Terra,MODIS,61,6.2,300.1,34.8,D,0
-13.4286,135.2309,326.1,2.2,1.4,2014-09-12,0147,Terra,MODIS,69,6.2,304.2,33.4,D,0
-13.2726,134.8094,325.1,2,1.4,2014-09-12,0147,Terra,MODIS,57,6.2,307.8,19,D,0
-13.2163,134.786,327.7,2,1.4,2014-09-12,0147,Terra,MODIS,73,6.2,307.6,29,D,0
-13.4311,135.2511,324.2,2.2,1.4,2014-09-12,0147,Terra,MODIS,40,6.2,305.2,23.7,D,0
-13.5149,135.1927,320.6,2.2,1.4,2014-09-12,0147,Terra,MODIS,25,6.2,302.3,24.4,D,0
-13.5021,135.1944,321.4,2.2,1.4,2014-09-12,0147,Terra,MODIS,26,6.2,302.3,24.1,D,0
-14.2696,132.2689,328.7,1.4,1.2,2014-09-12,0147,Terra,MODIS,44,6.2,310.3,13.4,D,0
-14.715,126.579,338.9,1.1,1,2014-09-12,0147,Terra,MODIS,85,6.2,304.7,33.7,D,0
-14.7072,126.5905,330,1.1,1,2014-09-12,0147,Terra,MODIS,57,6.2,308.3,16.8,D,0
-14.7057,126.5805,355,1.1,1,2014-09-12,0147,Terra,MODIS,97,6.2,310,67.2,D,0
-13.705,129.8749,325.5,1,1,2014-09-12,0147,Terra,MODIS,43,6.2,304.5,12.9,D,0
-13.6722,129.8408,326.6,1,1,2014-09-12,0147,Terra,MODIS,45,6.2,306,12.7,D,0
-14.2343,132.9378,326,1.5,1.2,2014-09-12,0147,Terra,MODIS,40,6.2,310.2,14.3,D,0
-13.6918,129.8477,335.2,1,1,2014-09-12,0147,Terra,MODIS,81,6.2,306.2,24.6,D,0
-14.1214,132.3204,343.6,1.4,1.2,2014-09-12,0147,Terra,MODIS,89,6.2,307.1,54.9,D,0
-14.1318,132.319,347.3,1.4,1.2,2014-09-12,0147,Terra,MODIS,92,6.2,307.6,65.3,D,0
-14.1335,132.3318,364,1.4,1.2,2014-09-12,0147,Terra,MODIS,100,6.2,306.7,132.7,D,0
-13.6813,129.8395,323.4,1,1,2014-09-12,0147,Terra,MODIS,26,6.2,305.1,9.6,D,0
-13.7036,129.8653,329.7,1,1,2014-09-12,0147,Terra,MODIS,62,6.2,305.9,17.9,D,0
-14.1077,132.2969,324.2,1.4,1.2,2014-09-12,0147,Terra,MODIS,37,6.2,307.6,9,D,0
-14.1197,132.3078,328.1,1.4,1.2,2014-09-12,0147,Terra,MODIS,61,6.2,307.1,17,D,0
-13.632,133.2315,342,1.6,1.2,2014-09-12,0147,Terra,MODIS,82,6.2,308.4,59.7,D,0
-15.428,131.6508,328.8,1.3,1.1,2014-09-12,0147,Terra,MODIS,71,6.2,308,18.3,D,0
-13.622,135.2163,325,2.2,1.4,2014-09-12,0147,Terra,MODIS,38,6.2,303.5,33.5,D,0
-13.6245,135.2365,332.1,2.2,1.4,2014-09-12,0147,Terra,MODIS,73,6.2,303.9,59.6,D,0
-13.623,135.2303,329.7,2.2,1.4,2014-09-12,0147,Terra,MODIS,59,6.2,304.2,49.3,D,0
-13.6359,135.2287,326.6,2.2,1.4,2014-09-12,0147,Terra,MODIS,18,6.2,305.3,33.8,D,0
-13.5449,131.5075,328,1.2,1.1,2014-09-12,0147,Terra,MODIS,63,6.2,309.2,11.6,D,0
-13.5547,131.5061,325.3,1.2,1.1,2014-09-12,0147,Terra,MODIS,41,6.2,309.2,8,D,0
-15.4381,131.6495,353,1.3,1.1,2014-09-12,0147,Terra,MODIS,96,6.2,311.3,80.5,D,0
-15.4397,131.6614,378,1.3,1.1,2014-09-12,0147,Terra,MODIS,100,6.2,312.1,191.3,D,0
-15.4413,131.6735,334.5,1.3,1.1,2014-09-12,0147,Terra,MODIS,80,6.2,307.2,30.5,D,0
-15.4483,131.6481,337.6,1.3,1.1,2014-09-12,0147,Terra,MODIS,83,6.2,309.5,37.7,D,0
-13.5969,135.1186,324,2.1,1.4,2014-09-12,0147,Terra,MODIS,46,6.2,301.9,31.4,D,0
-13.6097,135.1171,328.8,2.1,1.4,2014-09-12,0147,Terra,MODIS,57,6.2,303.3,43.6,D,0
-13.6091,135.1108,333.1,2.1,1.4,2014-09-12,0147,Terra,MODIS,72,6.2,304.1,58.2,D,0
-12.8552,132.6045,325.4,1.4,1.2,2014-09-12,0147,Terra,MODIS,53,6.2,305,12.4,D,0
-15.4226,131.6883,325.1,1.3,1.1,2014-09-12,0147,Terra,MODIS,57,6.2,308.7,13,D,0
-15.421,131.6762,373.2,1.3,1.1,2014-09-12,0147,Terra,MODIS,100,6.2,312.4,165.6,D,0
-15.4194,131.6642,362.8,1.3,1.1,2014-09-12,0147,Terra,MODIS,100,6.2,312.8,115.4,D,0
-15.4178,131.6523,360.4,1.3,1.1,2014-09-12,0147,Terra,MODIS,100,6.2,315.3,106,D,0
-15.4163,131.6404,336.1,1.3,1.1,2014-09-12,0147,Terra,MODIS,82,6.2,311.8,32.4,D,0
-14.2361,132.9517,332.4,1.5,1.2,2014-09-12,0147,Terra,MODIS,75,6.2,309.3,29,D,0
-13.6586,133.2513,334.8,1.6,1.2,2014-09-12,0147,Terra,MODIS,80,6.2,310.6,35,D,0
-13.6579,133.2573,337.7,1.6,1.2,2014-09-12,0147,Terra,MODIS,83,6.2,311,42.7,D,0
-13.6468,133.2585,327.3,1.6,1.2,2014-09-12,0147,Terra,MODIS,28,6.2,311,13.8,D,0
-13.6449,133.2442,383.2,1.6,1.2,2014-09-12,0147,Terra,MODIS,100,6.2,313.6,287.8,D,0
-13.6431,133.23,347.9,1.6,1.2,2014-09-12,0147,Terra,MODIS,92,6.2,305.4,80.8,D,0
-13.6339,133.2456,360.5,1.6,1.2,2014-09-12,0147,Terra,MODIS,100,6.2,313.8,135.1,D,0
-13.6228,133.2471,332.1,1.6,1.2,2014-09-12,0147,Terra,MODIS,59,6.2,311.9,28.9,D,0
-13.621,133.2329,361.4,1.6,1.2,2014-09-12,0147,Terra,MODIS,100,6.2,311.8,143.1,D,0
-13.9317,135.4261,324.3,2.3,1.5,2014-09-12,0147,Terra,MODIS,36,6.2,303.3,33.4,D,0
-13.9324,135.4102,323.4,2.3,1.5,2014-09-12,0147,Terra,MODIS,34,6.2,303.8,29.5,D,0
-13.0291,132.7432,349.1,1.4,1.2,2014-09-12,0147,Terra,MODIS,93,6.2,305.4,74.5,D,0
-13.0274,132.7303,388.6,1.4,1.2,2014-09-12,0147,Terra,MODIS,100,6.2,307.7,291,D,0
-14.3368,132.1654,324.8,1.3,1.1,2014-09-12,0147,Terra,MODIS,25,6.2,308.9,11.4,D,0
-14.3447,132.1706,329.3,1.3,1.2,2014-09-12,0147,Terra,MODIS,41,6.2,308.6,16.6,D,0
-13.608,133.3074,337.7,1.6,1.2,2014-09-12,0147,Terra,MODIS,83,6.2,312.2,40.5,D,0
-13.7848,135.057,325.8,2.1,1.4,2014-09-12,0147,Terra,MODIS,63,6.2,303.3,30.1,D,0
-15.6571,131.919,339.9,1.4,1.2,2014-09-12,0147,Terra,MODIS,86,6.2,311.1,42,D,0
-15.6587,131.9316,333.9,1.4,1.2,2014-09-12,0147,Terra,MODIS,79,6.2,308.5,27.9,D,0
-13.6062,133.293,350.9,1.6,1.2,2014-09-12,0147,Terra,MODIS,94,6.2,310.9,88.4,D,0
-13.783,135.0438,326.1,2.1,1.4,2014-09-12,0147,Terra,MODIS,61,6.2,303,30.2,D,0
-15.4531,131.6842,322.4,1.3,1.1,2014-09-12,0147,Terra,MODIS,46,6.2,305.9,11.1,D,0
-15.4515,131.6721,353,1.3,1.1,2014-09-12,0147,Terra,MODIS,96,6.2,308.7,82.3,D,0
-15.4499,131.6601,369.2,1.3,1.1,2014-09-12,0147,Terra,MODIS,100,6.2,310.8,146.4,D,0
-14.5885,126.5433,326,1.1,1,2014-09-12,0147,Terra,MODIS,42,6.2,308.5,9.4,D,0
-13.0707,130.1374,327.8,1,1,2014-09-12,0147,Terra,MODIS,59,6.2,303.4,13.9,D,0
-13.7022,129.8558,327.9,1,1,2014-09-12,0147,Terra,MODIS,50,6.2,304.8,14.8,D,0
-14.5901,126.5534,328,1.1,1,2014-09-12,0147,Terra,MODIS,58,6.2,310.2,11.7,D,0
-12.5386,130.5925,322.5,1.1,1,2014-09-12,0147,Terra,MODIS,38,6.2,304.2,8,D,0
-14.4875,134.5157,328.7,2,1.4,2014-09-12,0147,Terra,MODIS,66,6.2,306.2,34.2,D,0
-15.4799,135.2232,330.3,2.3,1.5,2014-09-12,0147,Terra,MODIS,58,6.2,310.7,39.5,D,0
-16.2979,136.7644,332.7,3.1,1.7,2014-09-12,0147,Terra,MODIS,78,6.2,312,81.6,D,0
-15.3666,135.7043,321.2,2.5,1.5,2014-09-12,0147,Terra,MODIS,17,6.2,305.6,26.2,D,0
-12.474,131.1292,335.3,1.1,1.1,2014-09-12,0147,Terra,MODIS,81,6.2,309.3,24.5,D,0
-15.5692,134.8657,327.8,2.2,1.4,2014-09-12,0147,Terra,MODIS,47,6.2,310.6,32.7,D,0
-14.5012,134.4223,344.9,2,1.4,2014-09-12,0147,Terra,MODIS,90,6.2,307,100.1,D,0
-15.5304,134.8706,343.3,2.2,1.4,2014-09-12,0147,Terra,MODIS,89,6.2,307.6,100.2,D,0
-14.5034,134.4404,339.3,2,1.4,2014-09-12,0147,Terra,MODIS,85,6.2,308.5,72.6,D,0
-12.7813,131.9674,335.7,1.3,1.1,2014-09-12,0147,Terra,MODIS,82,6.2,308.2,27.1,D,0
-12.7829,131.9789,338,1.3,1.1,2014-09-12,0147,Terra,MODIS,84,6.2,306.9,31.8,D,0
-12.7102,134.788,327.4,2,1.4,2014-09-12,0147,Terra,MODIS,71,6.2,307.6,27.6,D,0
-12.9421,132.6184,337.8,1.4,1.2,2014-09-12,0147,Terra,MODIS,84,6.2,305.3,36.1,D,0
-15.475,135.1802,356.7,2.3,1.5,2014-09-12,0147,Terra,MODIS,98,6.2,306.2,212.6,D,0
-14.4955,134.4779,341.4,2,1.4,2014-09-12,0147,Terra,MODIS,87,6.2,308.3,82.8,D,0
-14.5145,134.5311,324.3,2,1.4,2014-09-12,0147,Terra,MODIS,32,6.2,307.3,18.7,D,0
-14.4911,134.4418,342.4,2,1.4,2014-09-12,0147,Terra,MODIS,88,6.2,306.3,88.6,D,0
-14.4999,134.5143,329.3,2,1.4,2014-09-12,0147,Terra,MODIS,70,6.2,307.8,35.2,D,0
-14.5168,134.5499,332.2,2,1.4,2014-09-12,0147,Terra,MODIS,76,6.2,306.7,47.6,D,0
-15.3968,135.7238,324.8,2.5,1.5,2014-09-12,0147,Terra,MODIS,47,6.2,304.6,36.3,D,0
-15.4029,135.7177,325.7,2.5,1.5,2014-09-12,0147,Terra,MODIS,51,6.2,305.9,38.8,D,0
-15.4708,135.2308,336.9,2.3,1.5,2014-09-12,0147,Terra,MODIS,83,6.2,307.6,71.3,D,0
-12.9438,132.6311,338.8,1.4,1.2,2014-09-12,0147,Terra,MODIS,85,6.2,306.9,38.5,D,0
-15.4666,135.2249,330.6,2.3,1.5,2014-09-12,0147,Terra,MODIS,42,6.2,306.6,39.5,D,0
-15.4774,135.2016,346.3,2.3,1.5,2014-09-12,0147,Terra,MODIS,91,6.2,309.8,131.7,D,0
-15.5327,134.8907,345.6,2.2,1.4,2014-09-12,0147,Terra,MODIS,91,6.2,310,117.9,D,0
-15.4882,135.1788,338.1,2.3,1.5,2014-09-12,0147,Terra,MODIS,74,6.2,308.1,85.7,D,0
-15.5562,134.8673,332.2,2.2,1.4,2014-09-12,0147,Terra,MODIS,71,6.2,308.6,47.3,D,0
-12.9333,132.6325,325.8,1.4,1.2,2014-09-12,0147,Terra,MODIS,59,6.2,306.6,10.2,D,0
-12.9404,132.638,329.9,1.4,1.2,2014-09-12,0147,Terra,MODIS,55,6.2,307.7,16,D,0
-12.9387,132.6253,345.6,1.4,1.2,2014-09-12,0147,Terra,MODIS,91,6.2,306,57.4,D,0
-12.4726,131.119,326.7,1.1,1.1,2014-09-12,0147,Terra,MODIS,20,6.2,306.7,10.8,D,0
-16.727,132.409,338.9,1.5,1.2,2014-09-12,0148,Terra,MODIS,85,6.2,309.1,49.6,D,0
-16.7288,132.423,326.9,1.5,1.2,2014-09-12,0148,Terra,MODIS,41,6.2,309.3,17.1,D,0
-16.7379,132.4076,332.3,1.5,1.2,2014-09-12,0148,Terra,MODIS,56,6.2,306,29.6,D,0
-16.7397,132.4216,329.4,1.5,1.2,2014-09-12,0148,Terra,MODIS,26,6.2,309.3,21,D,0
-16.7084,132.5267,358,1.5,1.2,2014-09-12,0148,Terra,MODIS,98,6.2,312.7,119.8,D,0
-16.7102,132.5411,368.6,1.5,1.2,2014-09-12,0148,Terra,MODIS,100,6.2,314.6,177.8,D,0
-16.7194,132.5253,334.2,1.5,1.2,2014-09-12,0148,Terra,MODIS,80,6.2,307.7,33.4,D,0
-16.7212,132.5397,340.9,1.5,1.2,2014-09-12,0148,Terra,MODIS,87,6.2,308.6,53.2,D,0
-16.7634,132.5196,334.1,1.5,1.2,2014-09-12,0148,Terra,MODIS,80,6.2,309.9,36.1,D,0
-16.7646,132.5129,330.1,1.5,1.2,2014-09-12,0148,Terra,MODIS,75,6.2,309,25,D,0
-16.7993,132.5229,323.8,1.5,1.2,2014-09-12,0148,Terra,MODIS,52,6.2,307,10.6,D,0
-16.8287,132.49,338.6,1.5,1.2,2014-09-12,0148,Terra,MODIS,85,6.2,309.1,50.3,D,0
-16.8305,132.5043,334.4,1.5,1.2,2014-09-12,0148,Terra,MODIS,81,6.2,309.7,37.7,D,0
-16.7524,132.4343,337,1.5,1.2,2014-09-12,0148,Terra,MODIS,83,6.2,311.2,39.3,D,0
-16.7615,132.4188,367.6,1.5,1.2,2014-09-12,0148,Terra,MODIS,100,6.2,309.7,170.8,D,0
-16.7634,132.4329,341.7,1.5,1.2,2014-09-12,0148,Terra,MODIS,88,6.2,309.6,54.8,D,0
-16.7542,132.4276,349.6,1.5,1.2,2014-09-12,0148,Terra,MODIS,94,6.2,312,83.6,D,0
-16.7634,132.412,346.9,1.5,1.2,2014-09-12,0148,Terra,MODIS,92,6.2,307.5,75.2,D,0
-16.7651,132.4262,344.6,1.5,1.2,2014-09-12,0148,Terra,MODIS,90,6.2,307.7,65.4,D,0
-16.7778,132.4389,335.5,1.5,1.2,2014-09-12,0148,Terra,MODIS,76,6.2,309.8,37.3,D,0
-16.7869,132.4233,333.1,1.5,1.2,2014-09-12,0148,Terra,MODIS,66,6.2,306.1,34.8,D,0
-16.7887,132.4375,350,1.5,1.2,2014-09-12,0148,Terra,MODIS,94,6.2,308.4,87.6,D,0
-16.8088,132.4204,340.7,1.5,1.2,2014-09-12,0148,Terra,MODIS,86,6.2,306.8,58.8,D,0
-16.8106,132.4346,341.7,1.5,1.2,2014-09-12,0148,Terra,MODIS,88,6.2,309.2,60.6,D,0
-16.8197,132.419,346.5,1.5,1.2,2014-09-12,0148,Terra,MODIS,91,6.2,305.9,79.6,D,0
-16.8215,132.4332,338.6,1.5,1.2,2014-09-12,0148,Terra,MODIS,85,6.2,309.8,52.9,D,0
-16.8233,132.4473,336.4,1.5,1.2,2014-09-12,0148,Terra,MODIS,83,6.2,308.5,44.5,D,0
-16.8306,132.4176,324.4,1.5,1.2,2014-09-12,0148,Terra,MODIS,62,6.2,303.8,22.3,D,0
-16.7523,132.6087,330.7,1.6,1.2,2014-09-12,0148,Terra,MODIS,74,6.2,307.6,31.8,D,0
-16.8433,132.5172,344.1,1.5,1.2,2014-09-12,0148,Terra,MODIS,90,6.2,308.4,67.4,D,0
-16.8525,132.5014,336.5,1.5,1.2,2014-09-12,0148,Terra,MODIS,83,6.2,306.8,47.4,D,0
-16.8538,132.4954,328.2,1.5,1.2,2014-09-12,0148,Terra,MODIS,71,6.2,305.9,27.5,D,0
-16.9049,132.5473,326,1.5,1.2,2014-09-12,0148,Terra,MODIS,45,6.2,309.4,19.2,D,0
-16.6541,132.4674,330.1,1.5,1.2,2014-09-12,0148,Terra,MODIS,27,6.2,310.9,23.9,D,0
-16.6974,132.5282,327.7,1.5,1.2,2014-09-12,0148,Terra,MODIS,56,6.2,309.5,18.6,D,0
-16.8141,135.2956,326.9,2.5,1.5,2014-09-12,0148,Terra,MODIS,45,6.2,310.6,37.8,D,0
-16.757,135.2787,324.7,2.5,1.5,2014-09-12,0148,Terra,MODIS,35,6.2,309.7,28.5,D,0
-16.9138,135.3727,324.1,2.5,1.5,2014-09-12,0148,Terra,MODIS,37,6.2,310.1,28,D,0
-16.8397,132.4885,328.6,1.5,1.2,2014-09-12,0148,Terra,MODIS,67,6.2,304.7,26.1,D,0
-16.8415,132.5028,337.2,1.5,1.2,2014-09-12,0148,Terra,MODIS,84,6.2,308.3,47,D,0
-16.7149,135.2209,324.7,2.4,1.5,2014-09-12,0148,Terra,MODIS,36,6.2,308.5,27.1,D,0
-16.7224,135.2133,326.3,2.4,1.5,2014-09-12,0148,Terra,MODIS,52,6.2,309.5,29.1,D,0
-18.6136,127.3133,358.7,1,1,2014-09-12,0148,Terra,MODIS,99,6.2,312,67.2,D,0
-18.6122,127.3038,364.3,1,1,2014-09-12,0148,Terra,MODIS,100,6.2,312.7,83.3,D,0
-18.6334,127.3229,335.8,1,1,2014-09-12,0148,Terra,MODIS,81,6.2,311.9,21.2,D,0
-18.6348,127.3323,335,1,1,2014-09-12,0148,Terra,MODIS,80,6.2,313.3,20.1,D,0
-18.6418,127.3795,325.7,1,1,2014-09-12,0148,Terra,MODIS,23,6.2,312.3,7.4,D,0
-18.6432,127.3889,337.2,1,1,2014-09-12,0148,Terra,MODIS,82,6.2,313.1,22.6,D,0
-18.6446,127.3983,338.7,1,1,2014-09-12,0148,Terra,MODIS,84,6.2,312.7,25,D,0
-18.6424,127.3214,325.3,1,1,2014-09-12,0148,Terra,MODIS,57,6.2,311,8.4,D,0
-18.6438,127.3309,341.1,1,1,2014-09-12,0148,Terra,MODIS,86,6.2,311.6,30.5,D,0
-18.6522,127.3875,329,1,1,2014-09-12,0148,Terra,MODIS,62,6.2,311.2,12.1,D,0
-18.1611,123.7796,336.3,1.4,1.2,2014-09-12,0148,Terra,MODIS,78,6.2,314,28.7,D,0
-18.1557,123.7745,332,1.4,1.2,2014-09-12,0148,Terra,MODIS,48,6.2,314.4,20.5,D,0
-18.1579,123.7875,331.1,1.4,1.2,2014-09-12,0148,Terra,MODIS,40,6.2,316.1,18.9,D,0
-18.1829,130.1638,332.4,1.2,1.1,2014-09-12,0148,Terra,MODIS,77,6.2,311.5,20.6,D,0
-18.1815,130.1529,328.6,1.2,1.1,2014-09-12,0148,Terra,MODIS,70,6.2,312.7,13.9,D,0
-17.7514,122.9779,328.1,1.6,1.2,2014-09-12,0148,Terra,MODIS,53,6.2,314.1,18.3,D,0
-17.7497,122.9694,329.9,1.6,1.2,2014-09-12,0148,Terra,MODIS,29,6.2,314.1,20.2,D,0
-17.9863,122.9366,336.3,1.6,1.2,2014-09-12,0148,Terra,MODIS,81,6.2,316.4,37.5,D,0
-17.9837,122.9217,341.9,1.6,1.2,2014-09-12,0148,Terra,MODIS,87,6.2,315.9,56.4,D,0
-16.603,124.1002,326.1,1.4,1.2,2014-09-12,0148,Terra,MODIS,39,6.2,311.7,13.8,D,0
-15.9144,128.3605,333.7,1,1,2014-09-12,0148,Terra,MODIS,74,6.2,313.2,14.7,D,0
-17.7661,123.1269,326.9,1.6,1.2,2014-09-12,0148,Terra,MODIS,46,6.2,314.2,14.6,D,0
-17.7659,123.1335,326.5,1.6,1.2,2014-09-12,0148,Terra,MODIS,56,6.2,314.2,15.2,D,0
-17.7472,122.9543,341.8,1.6,1.2,2014-09-12,0148,Terra,MODIS,87,6.2,313.8,57,D,0
-17.7254,123.0961,334.1,1.6,1.2,2014-09-12,0148,Terra,MODIS,47,6.2,315.3,26.6,D,0
-17.8121,122.9973,355,1.6,1.2,2014-09-12,0148,Terra,MODIS,97,6.2,314.6,109.2,D,0
-17.8172,123.0271,369.5,1.6,1.2,2014-09-12,0148,Terra,MODIS,100,6.2,317,188.6,D,0
-16.0395,128.272,328.5,1,1,2014-09-12,0148,Terra,MODIS,66,6.2,312.2,9.8,D,0
-17.7487,122.9629,331.6,1.6,1.2,2014-09-12,0148,Terra,MODIS,74,6.2,314.2,28.8,D,0
-15.7834,128.2827,327.1,1,1,2014-09-12,0148,Terra,MODIS,31,6.2,310.4,6.8,D,0
-17.6897,123.0876,334,1.6,1.2,2014-09-12,0148,Terra,MODIS,55,6.2,313.4,30,D,0
-17.9622,122.8635,331.1,1.6,1.2,2014-09-12,0148,Terra,MODIS,48,6.2,313.9,25.4,D,0
-17.976,122.8765,332,1.6,1.2,2014-09-12,0148,Terra,MODIS,70,6.2,313.5,29.4,D,0
-17.9786,122.8916,330.8,1.6,1.2,2014-09-12,0148,Terra,MODIS,66,6.2,313.4,24.5,D,0
-15.8001,127.8372,328.2,1,1,2014-09-12,0148,Terra,MODIS,64,6.2,311.8,8.2,D,0
-16.2275,128.1734,336.1,1,1,2014-09-12,0148,Terra,MODIS,77,6.2,313.2,19.6,D,0
-15.9086,127.8236,330.5,1,1,2014-09-12,0148,Terra,MODIS,71,6.2,312.1,10.5,D,0
-17.8147,123.0122,374.9,1.6,1.2,2014-09-12,0148,Terra,MODIS,100,6.2,317.1,226,D,0
-18.8079,128.7121,328,1,1,2014-09-12,0148,Terra,MODIS,57,6.2,313,10,D,0
-17.9812,122.9067,351.4,1.6,1.2,2014-09-12,0148,Terra,MODIS,94,6.2,314.8,93,D,0
-17.7461,122.9479,339.8,1.6,1.2,2014-09-12,0148,Terra,MODIS,85,6.2,312.8,53,D,0
-15.924,127.6814,335.2,1,1,2014-09-12,0148,Terra,MODIS,78,6.2,311,19,D,0
-15.9435,127.6879,347.7,1,1,2014-09-12,0148,Terra,MODIS,92,6.2,313.4,39.5,D,0
-15.9421,127.6786,339.3,1,1,2014-09-12,0148,Terra,MODIS,84,6.2,309.6,25.2,D,0
-15.9331,127.68,331.1,1,1,2014-09-12,0148,Terra,MODIS,72,6.2,310.5,13.8,D,0
-15.9255,127.6908,334.5,1,1,2014-09-12,0148,Terra,MODIS,69,6.2,312.8,16.5,D,0
-17.7008,123.0855,353.4,1.6,1.2,2014-09-12,0148,Terra,MODIS,96,6.2,317.3,95.6,D,0
-16.0382,128.2627,331.5,1,1,2014-09-12,0148,Terra,MODIS,73,6.2,313,13.6,D,0
-15.9121,127.785,335.4,1,1,2014-09-12,0148,Terra,MODIS,79,6.2,313.2,17.4,D,0
-15.9107,127.7757,328.6,1,1,2014-09-12,0148,Terra,MODIS,49,6.2,312.9,8.3,D,0
-17.7119,123.0835,341,1.6,1.2,2014-09-12,0148,Terra,MODIS,82,6.2,314.6,47.5,D,0
-17.7229,123.0815,334.7,1.6,1.2,2014-09-12,0148,Terra,MODIS,62,6.2,313.8,27.7,D,0
-17.8036,123.0143,328,1.6,1.2,2014-09-12,0148,Terra,MODIS,56,6.2,315.6,16.6,D,0
-17.9914,122.9663,333.4,1.6,1.2,2014-09-12,0148,Terra,MODIS,72,6.2,314.7,29.8,D,0
-17.9888,122.9515,327.3,1.6,1.2,2014-09-12,0148,Terra,MODIS,62,6.2,315.4,14.7,D,0
-20.0391,127.43,331.2,1,1,2014-09-12,0149,Terra,MODIS,73,6.2,315.1,13.5,D,0
-20.0405,127.4395,329.6,1,1,2014-09-12,0149,Terra,MODIS,70,6.2,313.9,11.4,D,0
-18.5772,121.8774,325.8,1.8,1.3,2014-09-12,0149,Terra,MODIS,64,6.2,313.1,21,D,0
-18.5822,121.8705,344,1.8,1.3,2014-09-12,0149,Terra,MODIS,89,6.2,313.6,86.7,D,0
-21.1083,117.6528,321.7,3.3,1.7,2014-09-12,0149,Terra,MODIS,44,6.2,308.9,38,D,0
-21.1237,117.6497,323.6,3.3,1.7,2014-09-12,0149,Terra,MODIS,58,6.2,309,49.2,D,0
-21.1298,120.0202,326.4,2.2,1.4,2014-09-12,0149,Terra,MODIS,71,6.2,307.3,41.8,D,0
-21.1508,120.0601,328.6,2.2,1.4,2014-09-12,0149,Terra,MODIS,70,6.2,308.3,44.4,D,0
-21.1637,120.0573,329.2,2.2,1.4,2014-09-12,0149,Terra,MODIS,55,6.2,308.1,45.4,D,0
-21.1766,120.0546,329,2.2,1.4,2014-09-12,0149,Terra,MODIS,76,6.2,307.6,47.8,D,0
-21.1741,120.0491,327.7,2.2,1.4,2014-09-12,0149,Terra,MODIS,74,6.2,308.2,44.2,D,0
-21.187,120.0463,320.9,2.2,1.4,2014-09-12,0149,Terra,MODIS,23,6.2,307.8,18.5,D,0
-20.3224,119.4087,322.1,2.6,1.5,2014-09-12,0149,Terra,MODIS,53,6.2,309.6,25.8,D,0
-21.1338,120.0415,323.2,2.2,1.4,2014-09-12,0149,Terra,MODIS,65,6.2,308.1,29.3,D,0
-20.0015,128.2528,326.4,1,1,2014-09-12,0149,Terra,MODIS,59,6.2,313.5,9.6,D,0
-24.4721,119.7265,318.8,2,1.4,2014-09-12,0150,Terra,MODIS,54,6.2,307,14.3,D,0
-24.4702,119.7325,323.3,2,1.4,2014-09-12,0150,Terra,MODIS,64,6.2,307.3,24.2,D,0
-24.4759,119.7459,321.5,2,1.4,2014-09-12,0150,Terra,MODIS,65,6.2,307.2,20.5,D,0
-24.731,129.4105,319.1,1.2,1.1,2014-09-12,0150,Terra,MODIS,23,6.2,307,7.7,D,0
-24.7325,129.4228,319,1.2,1.1,2014-09-12,0150,Terra,MODIS,14,6.2,307.5,7.3,D,0
-22.0838,120.3922,352.8,2,1.4,2014-09-12,0150,Terra,MODIS,96,6.2,306.5,162.2,D,0
-22.0162,120.3059,360,2,1.4,2014-09-12,0150,Terra,MODIS,100,6.2,308.7,209.8,D,0
-22.0038,120.3084,321.4,2,1.4,2014-09-12,0150,Terra,MODIS,35,6.2,307,21.7,D,0
-22.0075,120.3281,327.6,2,1.4,2014-09-12,0150,Terra,MODIS,63,6.2,308.4,38,D,0
-22.0112,120.3476,327.6,2,1.4,2014-09-12,0150,Terra,MODIS,44,6.2,309.5,34.5,D,0
-22.0199,120.3254,337.3,2,1.4,2014-09-12,0150,Terra,MODIS,44,6.2,309.5,69.9,D,0
-22.036,120.3425,343.1,2,1.4,2014-09-12,0150,Terra,MODIS,79,6.2,310.6,95.4,D,0
-22.0484,120.3399,370.2,2,1.4,2014-09-12,0150,Terra,MODIS,100,6.2,308.2,297.6,D,0
-22.052,120.3592,361.8,2,1.4,2014-09-12,0150,Terra,MODIS,100,6.2,309.6,218,D,0
-22.0556,120.3785,352.1,2,1.4,2014-09-12,0150,Terra,MODIS,95,6.2,310.4,148.7,D,0
-22.0643,120.3565,338.8,2,1.4,2014-09-12,0150,Terra,MODIS,75,6.2,305,83.7,D,0
-22.0679,120.3758,369.4,2,1.4,2014-09-12,0150,Terra,MODIS,100,6.2,310.7,285.9,D,0
-22.0715,120.395,378,2,1.4,2014-09-12,0150,Terra,MODIS,100,6.2,313.4,370.3,D,0
-22.075,120.4141,320,2,1.4,2014-09-12,0150,Terra,MODIS,42,6.2,306.5,18.9,D,0
-22.0802,120.3731,341.5,2,1.4,2014-09-12,0150,Terra,MODIS,89,6.2,304.2,100.7,D,0
-22.069,120.3686,352.4,2,1.4,2014-09-12,0150,Terra,MODIS,96,6.2,307.3,159.2,D,0
-22.0726,120.3877,386.8,2,1.4,2014-09-12,0150,Terra,MODIS,100,6.2,314.9,478.4,D,0
-22.0763,120.4068,337.2,2,1.4,2014-09-12,0150,Terra,MODIS,85,6.2,308.2,77.4,D,0
-33.1807,146.9125,316.5,1.5,1.2,2014-09-12,0430,Aqua,MODIS,71,6.2,299.3,19.4,D,0
-32.138,146.2685,313,1.5,1.2,2014-09-12,0430,Aqua,MODIS,55,6.2,297.2,13.2,D,0
-32.1403,146.2757,317.9,1.5,1.2,2014-09-12,0430,Aqua,MODIS,70,6.2,297.8,21.4,D,0
-32.3116,147.3846,306.8,1.7,1.3,2014-09-12,0430,Aqua,MODIS,22,6.2,296.4,7.4,D,0
-32.3081,147.4025,308.9,1.7,1.3,2014-09-12,0430,Aqua,MODIS,52,6.2,296.4,10.6,D,0
-31.646,148.1179,310,2,1.4,2014-09-12,0430,Aqua,MODIS,57,6.2,299.4,14,D,0
-27.5377,149.1139,319,2.9,1.6,2014-09-12,0431,Aqua,MODIS,41,6.2,303.9,33.9,D,0
-27.5437,149.0856,332.1,2.9,1.6,2014-09-12,0431,Aqua,MODIS,82,6.2,305.5,102.7,D,0
-27.5233,149.1102,323.5,2.9,1.6,2014-09-12,0431,Aqua,MODIS,70,6.2,303.6,57,D,0
-27.5294,149.0817,340.8,2.9,1.6,2014-09-12,0431,Aqua,MODIS,89,6.2,305.7,164.9,D,0
-27.5354,149.0534,328.7,2.8,1.6,2014-09-12,0431,Aqua,MODIS,78,6.2,303.8,78.8,D,0
-26.9668,151.4344,346.8,4.3,1.9,2014-09-12,0431,Aqua,MODIS,93,6.2,308.9,367.8,D,0
-26.9787,151.4023,322.2,4.2,1.9,2014-09-12,0431,Aqua,MODIS,68,6.2,308.5,74.9,D,0
-26.969,151.4436,345.2,4.3,1.9,2014-09-12,0431,Aqua,MODIS,92,6.2,307.9,343.8,D,0
-24.1595,144.4517,332.1,1.6,1.3,2014-09-12,0432,Aqua,MODIS,57,6.2,316.6,25.7,D,0
-24.1623,144.4359,350.9,1.6,1.3,2014-09-12,0432,Aqua,MODIS,94,6.2,318.1,91.1,D,0
-24.1652,144.42,344.4,1.6,1.3,2014-09-12,0432,Aqua,MODIS,90,6.2,316.7,62.8,D,0
-24.1511,144.4334,345.5,1.6,1.3,2014-09-12,0432,Aqua,MODIS,91,6.2,317.8,68,D,0
-24.154,144.4176,339.2,1.6,1.3,2014-09-12,0432,Aqua,MODIS,85,6.2,315.7,44.5,D,0
-25.4846,149.8022,324.8,3.6,1.8,2014-09-12,0432,Aqua,MODIS,74,6.2,305.8,78.8,D,0
-26.233,151.0836,318.5,4.2,1.9,2014-09-12,0432,Aqua,MODIS,62,6.2,297.6,90.7,D,0
-26.232,151.0781,319.4,4.2,1.9,2014-09-12,0432,Aqua,MODIS,64,6.2,297.6,98.2,D,0
-25.4918,149.796,317.2,3.6,1.8,2014-09-12,0432,Aqua,MODIS,44,6.2,306.3,30.8,D,0
-25.4689,149.7982,332.8,3.6,1.8,2014-09-12,0432,Aqua,MODIS,83,6.2,304.5,139,D,0
-25.4761,149.7917,337.9,3.6,1.8,2014-09-12,0432,Aqua,MODIS,87,6.2,305.6,189.6,D,0
-23.05,149.4099,317.1,3.8,1.8,2014-09-12,0433,Aqua,MODIS,32,6.2,298.8,48.1,D,0
-24.7374,129.4093,319.9,3.6,1.8,2014-09-12,0433,Aqua,MODIS,18,6.2,308.7,41.5,D,0
-20.7408,139.475,340,1,1,2014-09-12,0434,Aqua,MODIS,78,6.2,313.4,26,D,2
-16.7835,145.3961,336.9,2.7,1.6,2014-09-12,0434,Aqua,MODIS,84,6.2,303.7,129.5,D,0
-16.7789,145.3877,333.8,2.7,1.6,2014-09-12,0434,Aqua,MODIS,76,6.2,303.2,113.4,D,0
-16.7696,145.3931,324.4,2.7,1.6,2014-09-12,0434,Aqua,MODIS,65,6.2,300.9,65.9,D,0
-15.5453,134.8655,339.1,1.2,1.1,2014-09-12,0435,Aqua,MODIS,51,6.2,286,29.8,D,0
-14.4745,134.4206,340.8,1.2,1.1,2014-09-12,0435,Aqua,MODIS,82,6.2,312.4,31.3,D,0
-14.4955,134.4123,334.3,1.2,1.1,2014-09-12,0435,Aqua,MODIS,57,6.2,312.2,14.8,D,0
-14.2944,141.9287,326.8,1.6,1.3,2014-09-12,0435,Aqua,MODIS,71,6.2,305.2,27,D,0
-15.8254,136.1706,356.7,1,1,2014-09-12,0435,Aqua,MODIS,97,6.2,318.6,55.7,D,0
-15.5525,136.5444,355.4,1,1,2014-09-12,0435,Aqua,MODIS,97,6.2,313.8,61.4,D,0
-15.8268,136.161,361.3,1,1,2014-09-12,0435,Aqua,MODIS,100,6.2,315.5,69.9,D,0
-15.8163,136.1693,346.9,1,1,2014-09-12,0435,Aqua,MODIS,86,6.2,316.6,35.7,D,0
-16.327,136.727,365.6,1,1,2014-09-12,0435,Aqua,MODIS,100,6.2,320.4,78.6,D,0
-14.5175,134.4099,353.6,1.2,1.1,2014-09-12,0435,Aqua,MODIS,96,6.2,316.5,63.9,D,0
-16.3257,136.7365,351.5,1,1,2014-09-12,0435,Aqua,MODIS,94,6.2,322.6,38.7,D,0
-15.8525,136.1714,376.2,1,1,2014-09-12,0435,Aqua,MODIS,100,6.2,318.7,116.3,D,0
-16.237,136.8414,338.5,1,1,2014-09-12,0435,Aqua,MODIS,60,6.2,319.8,17.9,D,0
-15.8292,136.2104,333.5,1,1,2014-09-12,0435,Aqua,MODIS,48,6.2,317.3,12.8,D,0
-15.3848,135.6982,374.8,1.1,1,2014-09-12,0435,Aqua,MODIS,100,6.2,315.5,125.4,D,0
-16.3153,136.7445,368.7,1,1,2014-09-12,0435,Aqua,MODIS,100,6.2,321.7,82.8,D,0
-16.336,136.7284,338,1,1,2014-09-12,0435,Aqua,MODIS,69,6.2,318.2,15.4,D,0
-16.0722,136.5729,336.4,1,1,2014-09-12,0435,Aqua,MODIS,75,6.2,319,14.8,D,0
-14.4774,134.3987,345,1.2,1.1,2014-09-12,0435,Aqua,MODIS,89,6.2,311.9,42.9,D,0
-16.2786,136.742,347.1,1,1,2014-09-12,0435,Aqua,MODIS,59,6.2,321.9,28.8,D,0
-15.3742,135.7067,340.1,1.1,1,2014-09-12,0435,Aqua,MODIS,85,6.2,312.7,28.1,D,0
-15.5723,134.8313,340.8,1.2,1.1,2014-09-12,0435,Aqua,MODIS,43,6.2,312.5,29.7,D,0
-14.5081,134.392,366.2,1.2,1.1,2014-09-12,0435,Aqua,MODIS,100,6.2,317.1,111.4,D,0
-15.5854,145.1563,334.1,2.7,1.6,2014-09-12,0435,Aqua,MODIS,81,6.2,304.8,99.6,D,0
-15.4084,135.7319,338.3,1.1,1,2014-09-12,0435,Aqua,MODIS,83,6.2,310,24.9,D,0
-14.5179,134.3934,343.5,1.2,1.1,2014-09-12,0435,Aqua,MODIS,88,6.2,313.2,40.6,D,0
-16.0709,136.5823,335.7,1,1,2014-09-12,0435,Aqua,MODIS,74,6.2,319.1,13.5,D,0
-14.4999,134.3795,391.5,1.2,1.1,2014-09-12,0435,Aqua,MODIS,100,6.2,319.4,245.8,D,0
-15.522,145.165,320.4,2.7,1.6,2014-09-12,0435,Aqua,MODIS,43,6.2,303,40.2,D,0
-14.5687,134.4727,331.2,1.2,1.1,2014-09-12,0435,Aqua,MODIS,24,6.2,311,15.3,D,0
-14.3032,141.9458,322,1.7,1.3,2014-09-12,0435,Aqua,MODIS,52,6.2,306.4,16,D,0
-14.4828,134.4328,335.3,1.2,1.1,2014-09-12,0435,Aqua,MODIS,35,6.2,313.9,18.6,D,0
-15.4005,135.7208,343.4,1.1,1,2014-09-12,0435,Aqua,MODIS,88,6.2,311.4,34.8,D,0
-14.5604,134.4603,347.7,1.2,1.1,2014-09-12,0435,Aqua,MODIS,92,6.2,316.3,49,D,0
-15.3834,135.7081,335.3,1.1,1,2014-09-12,0435,Aqua,MODIS,77,6.2,311.3,19.7,D,0
-14.2919,141.9438,327.8,1.7,1.3,2014-09-12,0435,Aqua,MODIS,74,6.2,304.1,28.3,D,0
-15.8228,136.1898,345.5,1,1,2014-09-12,0435,Aqua,MODIS,65,6.2,319.6,29.6,D,0
-15.4019,135.7108,384.2,1.1,1,2014-09-12,0435,Aqua,MODIS,100,6.2,314.7,167.3,D,0
-14.5189,134.3989,366.9,1.2,1.1,2014-09-12,0435,Aqua,MODIS,100,6.2,315.1,112.4,D,0
-15.4177,135.7332,344.9,1.1,1,2014-09-12,0435,Aqua,MODIS,90,6.2,312.1,37.6,D,0
-16.3243,136.7459,345.5,1,1,2014-09-12,0435,Aqua,MODIS,78,6.2,322.1,24.6,D,0
-15.8214,136.1994,341.3,1,1,2014-09-12,0435,Aqua,MODIS,58,6.2,318.8,23.3,D,0
-14.4734,135.0381,336.7,1.1,1,2014-09-12,0435,Aqua,MODIS,81,6.2,314.7,22.1,D,0
-15.8407,136.1893,344.4,1,1,2014-09-12,0435,Aqua,MODIS,80,6.2,319.3,24.6,D,0
-15.5831,145.1506,328.3,2.7,1.6,2014-09-12,0435,Aqua,MODIS,74,6.2,305,65.9,D,0
-14.4887,134.3891,333.6,1.2,1.1,2014-09-12,0435,Aqua,MODIS,41,6.2,311.5,19.8,D,0
-15.842,136.1797,351.4,1,1,2014-09-12,0435,Aqua,MODIS,94,6.2,319.1,39.5,D,0
-14.5067,134.4029,355.5,1.2,1.1,2014-09-12,0435,Aqua,MODIS,97,6.2,318,72.4,D,0
-16.314,136.754,355.3,1,1,2014-09-12,0435,Aqua,MODIS,96,6.2,322.2,43.6,D,0
-15.3663,135.6954,328.5,1.1,1,2014-09-12,0435,Aqua,MODIS,50,6.2,313.9,10,D,0
-15.4098,135.7221,337.6,1.1,1,2014-09-12,0435,Aqua,MODIS,83,6.2,312.3,22.9,D,0
-15.5805,134.8435,351.7,1.2,1.1,2014-09-12,0435,Aqua,MODIS,84,6.2,315.7,51.6,D,0
-14.476,134.4096,345.8,1.2,1.1,2014-09-12,0435,Aqua,MODIS,90,6.2,312.7,43.2,D,0
-15.5791,134.8543,375.1,1.2,1.1,2014-09-12,0435,Aqua,MODIS,100,6.2,320.1,132.2,D,0
-14.5164,134.4044,359.8,1.2,1.1,2014-09-12,0435,Aqua,MODIS,99,6.2,317.6,85.1,D,0
-14.4872,134.4,339.5,1.2,1.1,2014-09-12,0435,Aqua,MODIS,57,6.2,308.5,27.5,D,0
-14.5102,134.5417,330.4,1.2,1.1,2014-09-12,0435,Aqua,MODIS,50,6.2,305.4,18.8,D,0
-14.4984,134.3905,347.5,1.2,1.1,2014-09-12,0435,Aqua,MODIS,91,6.2,316,50.5,D,0
-14.5013,134.3686,349.2,1.2,1.1,2014-09-12,0435,Aqua,MODIS,93,6.2,311.6,58.4,D,0
-15.8446,136.1605,432.6,1,1,2014-09-12,0435,Aqua,MODIS,100,6.2,331.2,515,D,0
-14.5619,134.4493,336.9,1.2,1.1,2014-09-12,0435,Aqua,MODIS,54,6.2,313.9,25.7,D,0
-14.4677,134.3973,329.4,1.2,1.1,2014-09-12,0435,Aqua,MODIS,69,6.2,311.8,14.8,D,0
-15.5481,134.844,362.9,1.2,1.1,2014-09-12,0435,Aqua,MODIS,79,6.2,310.6,95.7,D,0
-14.4843,134.4219,342.7,1.2,1.1,2014-09-12,0435,Aqua,MODIS,79,6.2,315.1,31.9,D,0
-15.8433,136.1701,385.1,1,1,2014-09-12,0435,Aqua,MODIS,100,6.2,322,156.4,D,0
-15.8511,136.1811,342.8,1,1,2014-09-12,0435,Aqua,MODIS,64,6.2,318.8,21.4,D,0
-15.5434,136.543,330.7,1,1,2014-09-12,0435,Aqua,MODIS,61,6.2,312.2,17.1,D,0
-14.4663,134.4083,341.8,1.2,1.1,2014-09-12,0435,Aqua,MODIS,87,6.2,312.7,37.7,D,0
-16.3347,136.7378,342.4,1,1,2014-09-12,0435,Aqua,MODIS,85,6.2,320.9,21.7,D,0
-15.3755,135.6968,350.1,1.1,1,2014-09-12,0435,Aqua,MODIS,93,6.2,315.8,48.1,D,0
-15.5538,136.535,364.5,1,1,2014-09-12,0435,Aqua,MODIS,100,6.2,313.4,86,D,0
-15.5134,131.6533,411.4,1.9,1.3,2014-09-12,0435,Aqua,MODIS,100,6.2,318.3,775.6,D,0
-14.7774,144.8589,329.8,2.7,1.6,2014-09-12,0435,Aqua,MODIS,73,6.2,285.6,111.2,D,0
-15.5155,131.636,376.7,1.9,1.3,2014-09-12,0435,Aqua,MODIS,100,6.2,313.4,314.8,D,0
-15.5112,131.6705,325.1,1.9,1.3,2014-09-12,0435,Aqua,MODIS,55,6.2,308.7,18.3,D,0
-15.5088,131.6421,412.8,1.9,1.3,2014-09-12,0435,Aqua,MODIS,100,6.2,316.8,807.7,D,0
-15.5068,131.6593,389.9,1.9,1.3,2014-09-12,0435,Aqua,MODIS,100,6.2,312.3,453.2,D,0
-15.5208,131.6436,381.8,1.9,1.3,2014-09-12,0435,Aqua,MODIS,100,6.2,311.2,368,D,0
-15.5188,131.6608,361.6,1.9,1.3,2014-09-12,0435,Aqua,MODIS,100,6.2,307.9,189.6,D,0
-15.5328,131.6451,358.4,1.9,1.3,2014-09-12,0435,Aqua,MODIS,99,6.2,306.5,172.4,D,0
-15.5308,131.6622,355.4,1.9,1.3,2014-09-12,0435,Aqua,MODIS,97,6.2,301.9,151.7,D,0
-15.4492,131.6799,346.8,1.8,1.3,2014-09-12,0435,Aqua,MODIS,91,6.2,313.3,86.7,D,0
-15.4472,131.697,338.6,1.8,1.3,2014-09-12,0435,Aqua,MODIS,63,6.2,314.7,50.1,D,0
-15.4653,131.6471,339.1,1.9,1.3,2014-09-12,0435,Aqua,MODIS,57,6.2,306.5,62.5,D,0
-15.4633,131.6644,334.1,1.9,1.3,2014-09-12,0435,Aqua,MODIS,18,6.2,306.9,39.4,D,0
-15.4773,131.6487,362.5,1.9,1.3,2014-09-12,0435,Aqua,MODIS,100,6.2,311.5,193.2,D,0
-15.4893,131.6502,361,1.9,1.3,2014-09-12,0435,Aqua,MODIS,100,6.2,310.4,181,D,0
-15.5014,131.6517,345.5,1.9,1.3,2014-09-12,0435,Aqua,MODIS,90,6.2,308.3,94,D,0
-15.4968,131.6404,349.6,1.9,1.3,2014-09-12,0435,Aqua,MODIS,88,6.2,308.6,116.7,D,0
-15.4948,131.6577,341.9,1.9,1.3,2014-09-12,0435,Aqua,MODIS,84,6.2,308.5,77.3,D,0
-15.639,145.0814,326.9,2.7,1.6,2014-09-12,0435,Aqua,MODIS,57,6.2,301.1,64.5,D,0
-15.6418,145.0873,328.8,2.7,1.6,2014-09-12,0435,Aqua,MODIS,55,6.2,301.8,70.5,D,0
-15.8373,136.1527,356.9,1,1,2014-09-12,0435,Aqua,MODIS,94,6.2,317,60,D,0
-15.8459,136.1508,359.1,1,1,2014-09-12,0435,Aqua,MODIS,93,6.2,312.7,67.5,D,0
-15.876,136.1356,409.6,1,1,2014-09-12,0435,Aqua,MODIS,100,6.2,326.6,312.8,D,0
-15.8747,136.1453,418.4,1,1,2014-09-12,0435,Aqua,MODIS,100,6.2,332.3,377.3,D,0
-15.8734,136.1549,373.2,1,1,2014-09-12,0435,Aqua,MODIS,100,6.2,322.6,106.6,D,0
-15.8839,136.1466,400.5,1,1,2014-09-12,0435,Aqua,MODIS,100,6.2,321.7,243.8,D,0
-15.8825,136.1563,352.5,1,1,2014-09-12,0435,Aqua,MODIS,94,6.2,320.3,43.5,D,0
-15.893,136.148,333.9,1,1,2014-09-12,0435,Aqua,MODIS,24,6.2,318.6,11.1,D,0
-15.4927,144.8949,324.4,2.6,1.6,2014-09-12,0435,Aqua,MODIS,62,6.2,300.7,54.5,D,0
-15.6466,145.1408,324.8,2.7,1.6,2014-09-12,0435,Aqua,MODIS,24,6.2,301.5,48.8,D,0
-15.6421,145.1653,328.3,2.7,1.6,2014-09-12,0435,Aqua,MODIS,53,6.2,303,68.7,D,0
-15.6695,145.0944,325,2.7,1.6,2014-09-12,0435,Aqua,MODIS,33,6.2,303.8,52.8,D,0
-15.6594,131.9139,331.8,1.8,1.3,2014-09-12,0435,Aqua,MODIS,73,6.2,314.8,25.7,D,0
-15.5065,144.8978,321.5,2.6,1.6,2014-09-12,0435,Aqua,MODIS,40,6.2,301.8,40.8,D,0
-15.5175,128.8122,342.3,3.1,1.7,2014-09-12,0435,Aqua,MODIS,88,6.2,309.5,167.2,D,0
-15.5308,128.8185,332.8,3.1,1.7,2014-09-12,0435,Aqua,MODIS,77,6.2,307,94.2,D,0
-15.5143,128.8416,333,3,1.7,2014-09-12,0435,Aqua,MODIS,78,6.2,308.4,90,D,0
-15.5325,128.8141,326.8,3.1,1.7,2014-09-12,0435,Aqua,MODIS,66,6.2,306.6,55.4,D,0
-15.9589,127.6608,324.5,3.8,1.8,2014-09-12,0435,Aqua,MODIS,39,6.2,306,48.4,D,0
-15.9493,127.6663,335.5,3.8,1.8,2014-09-12,0435,Aqua,MODIS,80,6.2,307.3,142.4,D,0
-15.9425,127.6585,328,3.8,1.8,2014-09-12,0435,Aqua,MODIS,56,6.2,306.9,70.8,D,0
-18.8101,128.7095,325.2,3.4,1.7,2014-09-12,0435,Aqua,MODIS,49,6.2,309.6,44.5,D,0
-17.362,135.0702,342.7,1.2,1.1,2014-09-12,0435,Aqua,MODIS,65,6.2,318.5,30.9,D,0
-17.3163,135.0412,378.7,1.2,1.1,2014-09-12,0435,Aqua,MODIS,100,6.2,319,158.8,D,0
-16.5326,137.097,331.2,1,1,2014-09-12,0435,Aqua,MODIS,55,6.2,319.1,9.7,D,0
-16.8801,141.3855,325.3,1.4,1.2,2014-09-12,0435,Aqua,MODIS,57,6.2,306.4,13.1,D,0
-13.6643,141.9793,364.5,1.7,1.3,2014-09-12,0435,Aqua,MODIS,100,6.2,306.1,187.8,D,0
-14.4488,141.9684,357.6,1.6,1.3,2014-09-12,0435,Aqua,MODIS,98,6.2,305.2,141.1,D,0
-14.4462,141.9836,376.6,1.7,1.3,2014-09-12,0435,Aqua,MODIS,100,6.2,306.3,266.2,D,0
-14.4576,141.9856,338.9,1.7,1.3,2014-09-12,0435,Aqua,MODIS,87,6.2,307.8,59,D,0
-14.4551,142.0008,326.6,1.7,1.3,2014-09-12,0435,Aqua,MODIS,55,6.2,306.6,22.1,D,0
-17.3813,135.0897,356.7,1.2,1.1,2014-09-12,0435,Aqua,MODIS,97,6.2,317.6,70.7,D,0
-17.3716,135.0883,344.1,1.2,1.1,2014-09-12,0435,Aqua,MODIS,82,6.2,316,36.7,D,0
-17.373,135.0773,343.9,1.2,1.1,2014-09-12,0435,Aqua,MODIS,87,6.2,319.9,34.9,D,0
-17.3633,135.0759,362,1.2,1.1,2014-09-12,0435,Aqua,MODIS,100,6.2,320.1,89,D,0
-17.3605,135.0812,345.6,1.2,1.1,2014-09-12,0435,Aqua,MODIS,78,6.2,317.1,39.1,D,0
-16.7045,132.5294,329.8,1.7,1.3,2014-09-12,0435,Aqua,MODIS,35,6.2,313.4,17.6,D,0
-16.8198,132.5176,340,1.7,1.3,2014-09-12,0435,Aqua,MODIS,86,6.2,312.4,49.6,D,0
-16.8217,132.502,333.4,1.7,1.3,2014-09-12,0435,Aqua,MODIS,78,6.2,311.1,29.1,D,0
-16.7541,132.4079,350.2,1.7,1.3,2014-09-12,0435,Aqua,MODIS,94,6.2,313.1,96.8,D,0
-14.3973,141.9994,321.8,1.7,1.3,2014-09-12,0435,Aqua,MODIS,56,6.2,305,17,D,0
-16.8709,132.4671,367.9,1.7,1.3,2014-09-12,0435,Aqua,MODIS,100,6.2,309.6,210.4,D,0
-16.7116,132.37,369.1,1.7,1.3,2014-09-12,0435,Aqua,MODIS,100,6.2,311,217.8,D,0
-16.7135,132.354,358.1,1.7,1.3,2014-09-12,0435,Aqua,MODIS,93,6.2,304.5,152.8,D,0
-16.6982,132.3845,336.6,1.7,1.3,2014-09-12,0435,Aqua,MODIS,57,6.2,310.2,42.9,D,0
-16.7,132.3685,362.2,1.7,1.3,2014-09-12,0435,Aqua,MODIS,100,6.2,310.2,168.3,D,0
-16.7012,132.3779,341.4,1.7,1.3,2014-09-12,0435,Aqua,MODIS,87,6.2,310.1,60.3,D,0
-16.7032,132.3619,340.3,1.7,1.3,2014-09-12,0435,Aqua,MODIS,64,6.2,308.6,59.9,D,0
-16.7516,132.6037,330.9,1.6,1.3,2014-09-12,0435,Aqua,MODIS,61,6.2,311.8,28.3,D,0
-16.8538,132.513,334.4,1.7,1.3,2014-09-12,0435,Aqua,MODIS,58,6.2,311.7,33.8,D,0
-16.8562,132.5063,333,1.7,1.3,2014-09-12,0435,Aqua,MODIS,56,6.2,312,28.4,D,0
-16.8466,132.4892,338,1.7,1.3,2014-09-12,0435,Aqua,MODIS,72,6.2,310.8,43.9,D,0
-16.9342,132.5234,332.9,1.7,1.3,2014-09-12,0435,Aqua,MODIS,31,6.2,312.8,32,D,0
-16.9361,132.5077,338.6,1.7,1.3,2014-09-12,0435,Aqua,MODIS,83,6.2,311.4,53.8,D,0
-16.9208,132.5376,331.4,1.7,1.3,2014-09-12,0435,Aqua,MODIS,45,6.2,313.7,27.6,D,0
-16.9227,132.522,333.9,1.7,1.3,2014-09-12,0435,Aqua,MODIS,75,6.2,315.8,39.1,D,0
-16.9246,132.5063,345.4,1.7,1.3,2014-09-12,0435,Aqua,MODIS,91,6.2,312.8,83.4,D,0
-16.9093,132.5361,340.6,1.7,1.3,2014-09-12,0435,Aqua,MODIS,71,6.2,314.6,53.6,D,0
-16.9112,132.5205,336.1,1.7,1.3,2014-09-12,0435,Aqua,MODIS,44,6.2,315,42.1,D,0
-16.9131,132.5047,343.7,1.7,1.3,2014-09-12,0435,Aqua,MODIS,89,6.2,310.8,74.6,D,0
-17.4284,135.1076,352.8,1.2,1.1,2014-09-12,0435,Aqua,MODIS,92,6.2,318.8,58.4,D,0
-17.4298,135.0966,345.8,1.2,1.1,2014-09-12,0435,Aqua,MODIS,85,6.2,312.7,36.8,D,0
-13.6757,141.9814,330.7,1.7,1.3,2014-09-12,0435,Aqua,MODIS,72,6.2,306.2,36,D,0
-16.6866,132.383,339.8,1.7,1.3,2014-09-12,0435,Aqua,MODIS,85,6.2,309.9,54,D,0
-16.6877,132.3923,332.1,1.7,1.3,2014-09-12,0435,Aqua,MODIS,55,6.2,309.1,28.5,D,0
-16.6896,132.3764,344.4,1.7,1.3,2014-09-12,0435,Aqua,MODIS,90,6.2,310.2,74.9,D,0
-16.6588,132.437,330.7,1.7,1.3,2014-09-12,0435,Aqua,MODIS,58,6.2,311.6,22.9,D,0
-16.6912,132.5435,333.4,1.7,1.3,2014-09-12,0435,Aqua,MODIS,37,6.2,311.4,29.3,D,0
-16.7945,135.2986,335.1,1.1,1.1,2014-09-12,0435,Aqua,MODIS,33,6.2,315.7,16.9,D,0
-16.7959,135.2879,335.4,1.1,1.1,2014-09-12,0435,Aqua,MODIS,39,6.2,316.3,16.5,D,0
-16.7822,135.2912,362.3,1.1,1.1,2014-09-12,0435,Aqua,MODIS,100,6.2,315.1,85.3,D,0
-13.6579,141.9461,324.4,1.7,1.3,2014-09-12,0435,Aqua,MODIS,37,6.2,305.1,19,D,0
-16.7373,135.2632,336.3,1.1,1.1,2014-09-12,0435,Aqua,MODIS,70,6.2,316.5,19.2,D,0
-16.9741,135.4012,332.1,1.1,1.1,2014-09-12,0435,Aqua,MODIS,44,6.2,318.6,10.4,D,0
-16.9234,135.3882,343.8,1.1,1.1,2014-09-12,0435,Aqua,MODIS,73,6.2,319,32.9,D,0
-16.9072,135.3644,332.8,1.1,1.1,2014-09-12,0435,Aqua,MODIS,20,6.2,314,13.7,D,0
-16.9086,135.3539,333.8,1.1,1.1,2014-09-12,0435,Aqua,MODIS,51,6.2,314.3,16,D,0
-16.91,135.3433,341.5,1.1,1.1,2014-09-12,0435,Aqua,MODIS,85,6.2,316.3,29.8,D,0
-16.9114,135.3327,347.6,1.1,1.1,2014-09-12,0435,Aqua,MODIS,91,6.2,316.8,43.6,D,0
-16.9005,135.3419,336.9,1.1,1.1,2014-09-12,0435,Aqua,MODIS,35,6.2,312.9,21.9,D,0
-16.9019,135.3313,336.9,1.1,1.1,2014-09-12,0435,Aqua,MODIS,63,6.2,313.8,23.4,D,0
-17.4187,135.1062,391.6,1.2,1.1,2014-09-12,0435,Aqua,MODIS,100,6.2,319.7,233.7,D,0
-17.4201,135.0952,424.6,1.2,1.1,2014-09-12,0435,Aqua,MODIS,100,6.2,330.8,521.3,D,0
-17.4104,135.0939,337.6,1.2,1.1,2014-09-12,0435,Aqua,MODIS,57,6.2,316.3,20.6,D,0
-13.6617,141.9858,341.8,1.7,1.3,2014-09-12,0435,Aqua,MODIS,90,6.2,302.8,72.8,D,0
-16.6997,135.2187,331.6,1.1,1.1,2014-09-12,0435,Aqua,MODIS,43,6.2,315.1,13.5,D,0
-13.6643,141.9702,353.6,1.7,1.3,2014-09-12,0435,Aqua,MODIS,96,6.2,305.3,123.4,D,0
-13.6732,141.9879,332.9,1.7,1.3,2014-09-12,0435,Aqua,MODIS,82,6.2,305.7,44.5,D,0
-13.6758,141.9723,333.6,1.7,1.3,2014-09-12,0435,Aqua,MODIS,83,6.2,306.8,46.3,D,0
-16.8489,141.3145,323.2,1.4,1.2,2014-09-12,0435,Aqua,MODIS,27,6.2,307.2,10.9,D,0
-13.4414,141.785,328.5,1.7,1.3,2014-09-12,0435,Aqua,MODIS,79,6.2,303.7,32.6,D,0
-14.3801,142.0983,327.4,1.7,1.3,2014-09-12,0435,Aqua,MODIS,69,6.2,307.3,22.3,D,0
-14.3889,142.1158,330.6,1.7,1.3,2014-09-12,0435,Aqua,MODIS,75,6.2,306.6,33.1,D,0
-14.3798,142.1074,325.8,1.7,1.3,2014-09-12,0435,Aqua,MODIS,54,6.2,307,19.9,D,0
-14.3912,142.1094,324.9,1.7,1.3,2014-09-12,0435,Aqua,MODIS,40,6.2,306.6,17.6,D,0
-13.6668,141.9637,329.1,1.7,1.3,2014-09-12,0435,Aqua,MODIS,43,6.2,306.2,29.9,D,0
-18.6423,127.304,344.1,4.4,1.9,2014-09-12,0435,Aqua,MODIS,89,6.2,310.5,291.2,D,0
-18.6407,127.296,345.1,4.4,1.9,2014-09-12,0435,Aqua,MODIS,90,6.2,310.3,311.5,D,0
-17.2885,135.0258,334.6,1.2,1.1,2014-09-12,0435,Aqua,MODIS,33,6.2,313,17.4,D,0
-17.29,135.0147,347,1.2,1.1,2014-09-12,0435,Aqua,MODIS,90,6.2,314.1,43.2,D,0
-17.2802,135.0133,364.1,1.2,1.1,2014-09-12,0435,Aqua,MODIS,100,6.2,314.2,98,D,0
-17.2816,135.0022,354.5,1.2,1.1,2014-09-12,0435,Aqua,MODIS,96,6.2,313.8,63.8,D,0
-17.2783,135.0065,356,1.2,1.1,2014-09-12,0435,Aqua,MODIS,92,6.2,313.6,72.4,D,0
-18.6458,127.2622,329.3,4.4,1.9,2014-09-12,0435,Aqua,MODIS,68,6.2,308.8,102.5,D,0
-18.6445,127.2542,323.5,4.4,1.9,2014-09-12,0435,Aqua,MODIS,38,6.2,308.7,50.6,D,0
-12.3255,133.806,336.8,1.2,1.1,2014-09-12,0436,Aqua,MODIS,82,6.2,309,29.2,D,0
-13.1628,135.3597,330.8,1.1,1,2014-09-12,0436,Aqua,MODIS,57,6.2,314.6,10.1,D,0
-13.1749,135.2725,336.2,1.1,1,2014-09-12,0436,Aqua,MODIS,75,6.2,310.3,18.1,D,0
-13.1707,135.3708,332.3,1.1,1,2014-09-12,0436,Aqua,MODIS,68,6.2,313.1,13.5,D,0
-14.6866,126.5938,321.9,4.4,1.9,2014-09-12,0436,Aqua,MODIS,23,6.2,303.3,62.5,D,0
-13.1682,135.321,335.5,1.1,1,2014-09-12,0436,Aqua,MODIS,79,6.2,314.6,13.6,D,0
-12.7393,134.7568,339.1,1.1,1,2014-09-12,0436,Aqua,MODIS,85,6.2,311.4,26.6,D,0
-12.8419,136.0125,333.3,1,1,2014-09-12,0436,Aqua,MODIS,67,6.2,310.3,14.8,D,0
-12.838,135.9741,336.8,1,1,2014-09-12,0436,Aqua,MODIS,73,6.2,311.6,20.4,D,0
-12.8178,135.9276,336.7,1,1,2014-09-12,0436,Aqua,MODIS,81,6.2,309.7,19.6,D,0
-12.8165,135.9369,339.9,1,1,2014-09-12,0436,Aqua,MODIS,85,6.2,308.6,24.3,D,0
-11.3794,132.0916,325.3,1.5,1.2,2014-09-12,0436,Aqua,MODIS,62,6.2,303.8,22,D,0
-13.1615,135.3694,343.5,1.1,1,2014-09-12,0436,Aqua,MODIS,89,6.2,313.1,31.5,D,0
-12.7784,134.6802,333.1,1.1,1,2014-09-12,0436,Aqua,MODIS,53,6.2,313.9,16.2,D,0
-13.0643,134.3811,334.1,1.1,1.1,2014-09-12,0436,Aqua,MODIS,78,6.2,312.6,18.7,D,0
-13.176,135.332,332.3,1.1,1,2014-09-12,0436,Aqua,MODIS,69,6.2,313.2,10.1,D,0
-13.188,135.314,345.8,1.1,1,2014-09-12,0436,Aqua,MODIS,86,6.2,313.9,35.3,D,0
-13.1906,135.2946,337.1,1.1,1,2014-09-12,0436,Aqua,MODIS,80,6.2,313.1,20.9,D,0
-13.1945,135.3347,337.7,1.1,1,2014-09-12,0436,Aqua,MODIS,75,6.2,312.8,19.9,D,0
-13.3212,134.5215,335.3,1.1,1.1,2014-09-12,0436,Aqua,MODIS,74,6.2,311.4,20,D,0
-12.9472,135.6562,351.2,1,1,2014-09-12,0436,Aqua,MODIS,94,6.2,308.9,50.3,D,0
-13.3199,134.532,347,1.1,1.1,2014-09-12,0436,Aqua,MODIS,91,6.2,312.5,44.1,D,0
-12.2032,133.42,349.8,1.3,1.1,2014-09-12,0436,Aqua,MODIS,93,6.2,310.7,55,D,0
-12.9446,135.675,363.5,1,1,2014-09-12,0436,Aqua,MODIS,100,6.2,300.3,81.9,D,0
-13.4347,134.5007,328.3,1.1,1.1,2014-09-12,0436,Aqua,MODIS,55,6.2,312.2,9.9,D,0
-12.2132,133.4215,331.6,1.3,1.1,2014-09-12,0436,Aqua,MODIS,66,6.2,312.5,12.2,D,0
-13.1872,134.2973,327,1.2,1.1,2014-09-12,0436,Aqua,MODIS,43,6.2,309.7,9.5,D,0
-13.1893,135.3043,356.9,1.1,1,2014-09-12,0436,Aqua,MODIS,98,6.2,316.2,63.2,D,0
-13.1886,134.2867,330.6,1.2,1.1,2014-09-12,0436,Aqua,MODIS,56,6.2,312.7,14.8,D,0
-12.176,133.8508,335.6,1.2,1.1,2014-09-12,0436,Aqua,MODIS,74,6.2,312.2,18.7,D,0
-13.1709,135.3016,352.2,1.1,1,2014-09-12,0436,Aqua,MODIS,95,6.2,315.6,46.7,D,0
-12.0988,133.9832,349.9,1.2,1.1,2014-09-12,0436,Aqua,MODIS,93,6.2,313.2,50.9,D,0
-13.1695,135.3113,339.1,1.1,1,2014-09-12,0436,Aqua,MODIS,84,6.2,315,18.9,D,0
-12.9485,135.6468,368.4,1,1,2014-09-12,0436,Aqua,MODIS,100,6.2,308.9,100.4,D,0
-13.1801,135.3029,377.6,1.1,1,2014-09-12,0436,Aqua,MODIS,100,6.2,317.5,131.3,D,0
-12.9965,135.6989,329.8,1,1,2014-09-12,0436,Aqua,MODIS,33,6.2,309.1,11.2,D,0
-13.1828,135.2835,361.9,1.1,1,2014-09-12,0436,Aqua,MODIS,100,6.2,313.5,76.4,D,0
-13.1814,135.2932,383.9,1.1,1,2014-09-12,0436,Aqua,MODIS,100,6.2,317.3,160.7,D,0
-13.1643,135.2808,332,1.1,1,2014-09-12,0436,Aqua,MODIS,54,6.2,314.3,10.3,D,0
-12.1648,133.8603,331.8,1.2,1.1,2014-09-12,0436,Aqua,MODIS,47,6.2,312.8,11.8,D,0
-12.9738,141.8317,322.5,1.7,1.3,2014-09-12,0436,Aqua,MODIS,60,6.2,296.4,24.8,D,0
-12.794,141.8046,326.4,1.7,1.3,2014-09-12,0436,Aqua,MODIS,63,6.2,298.9,27.8,D,0
-14.4004,132.7867,334.3,1.5,1.2,2014-09-12,0436,Aqua,MODIS,69,6.2,314.4,25.3,D,0
-13.2227,134.1049,331.6,1.2,1.1,2014-09-12,0436,Aqua,MODIS,74,6.2,309.6,19.2,D,0
-13.459,135.283,338,1.1,1,2014-09-12,0436,Aqua,MODIS,78,6.2,315.3,19,D,0
-12.1114,133.963,367.5,1.2,1.1,2014-09-12,0436,Aqua,MODIS,100,6.2,314,111.5,D,0
-12.207,133.4679,338.1,1.3,1.1,2014-09-12,0436,Aqua,MODIS,83,6.2,313.9,26.1,D,0
-12.1594,133.8262,337.2,1.2,1.1,2014-09-12,0436,Aqua,MODIS,79,6.2,311.7,25.4,D,0
-12.1003,133.9724,338,1.2,1.1,2014-09-12,0436,Aqua,MODIS,69,6.2,311.8,25.2,D,0
-12.7441,135.0707,332.9,1.1,1,2014-09-12,0436,Aqua,MODIS,56,6.2,314.7,16.6,D,0
-12.11,133.9738,362.6,1.2,1.1,2014-09-12,0436,Aqua,MODIS,100,6.2,316.8,91.1,D,0
-12.8919,136.1803,328.1,1,1,2014-09-12,0436,Aqua,MODIS,29,6.2,306.8,13.1,D,0
-12.1872,133.8413,335.8,1.2,1.1,2014-09-12,0436,Aqua,MODIS,62,6.2,314.1,20.6,D,0
-12.1085,133.9845,342,1.2,1.1,2014-09-12,0436,Aqua,MODIS,86,6.2,315.9,30.4,D,0
-14.378,132.239,334.9,1.6,1.3,2014-09-12,0436,Aqua,MODIS,80,6.2,311,36.2,D,0
-14.3798,132.224,332,1.6,1.3,2014-09-12,0436,Aqua,MODIS,76,6.2,309.6,29.5,D,0
-12.1579,133.8371,339.4,1.2,1.1,2014-09-12,0436,Aqua,MODIS,77,6.2,315.3,28.1,D,0
-13.4468,134.5557,338.1,1.1,1.1,2014-09-12,0436,Aqua,MODIS,53,6.2,313.2,25,D,0
-13.5121,135.2166,343.5,1.1,1,2014-09-12,0436,Aqua,MODIS,89,6.2,311.4,35,D,0
-13.4761,135.2954,339.4,1.1,1,2014-09-12,0436,Aqua,MODIS,60,6.2,312.5,23.4,D,0
-13.4923,135.2238,333.1,1.1,1,2014-09-12,0436,Aqua,MODIS,59,6.2,311,15,D,0
-13.5135,135.2069,357.5,1.1,1,2014-09-12,0436,Aqua,MODIS,98,6.2,312.6,67.5,D,0
-13.5015,135.2251,329.7,1.1,1,2014-09-12,0436,Aqua,MODIS,67,6.2,311,11.8,D,0
-13.5148,135.1971,344.8,1.1,1,2014-09-12,0436,Aqua,MODIS,90,6.2,312.1,37.7,D,0
-13.4682,135.2843,337.2,1.1,1,2014-09-12,0436,Aqua,MODIS,62,6.2,313.3,20.6,D,0
-13.463,135.2538,338.9,1.1,1,2014-09-12,0436,Aqua,MODIS,83,6.2,309.6,24.6,D,0
-12.3395,133.545,331.8,1.2,1.1,2014-09-12,0436,Aqua,MODIS,46,6.2,311.3,18,D,0
-12.3954,136.5683,322.2,1,1,2014-09-12,0436,Aqua,MODIS,56,6.2,305,8.2,D,0
-12.9459,135.6656,347.4,1,1,2014-09-12,0436,Aqua,MODIS,90,6.2,307.8,41.1,D,0
-12.9471,135.7234,355,1,1,2014-09-12,0436,Aqua,MODIS,97,6.2,311.4,59.4,D,0
-11.559,131.2213,328.2,1.8,1.3,2014-09-12,0436,Aqua,MODIS,47,6.2,305.3,29.9,D,0
-11.5512,131.2134,325,1.8,1.3,2014-09-12,0436,Aqua,MODIS,28,6.2,306,20.7,D,0
-12.9563,135.6575,337.7,1,1,2014-09-12,0436,Aqua,MODIS,76,6.2,309.8,22.6,D,0
-12.9458,135.7328,325.4,1,1,2014-09-12,0436,Aqua,MODIS,34,6.2,308.4,7.9,D,0
-12.7501,134.7481,331.4,1.1,1,2014-09-12,0436,Aqua,MODIS,71,6.2,309.4,13.9,D,0
-12.9744,135.7245,331.8,1,1,2014-09-12,0436,Aqua,MODIS,47,6.2,308.8,12.5,D,0
-12.9952,135.7083,333.1,1,1,2014-09-12,0436,Aqua,MODIS,54,6.2,308.8,15.8,D,0
-11.5204,131.1765,328.5,1.8,1.3,2014-09-12,0436,Aqua,MODIS,71,6.2,305.5,29.6,D,0
-13.5188,135.1674,329.5,1.1,1,2014-09-12,0436,Aqua,MODIS,72,6.2,310,13.9,D,0
-13.5175,135.1774,344.8,1.1,1,2014-09-12,0436,Aqua,MODIS,90,6.2,312.5,39.5,D,0
-13.5161,135.1873,343.2,1.1,1,2014-09-12,0436,Aqua,MODIS,89,6.2,313.3,34.6,D,0
-11.5473,131.2198,326.8,1.8,1.3,2014-09-12,0436,Aqua,MODIS,38,6.2,305.1,24.7,D,0
-11.5376,131.2022,327.5,1.8,1.3,2014-09-12,0436,Aqua,MODIS,68,6.2,306.7,25.1,D,0
-11.5395,131.2118,327.7,1.8,1.3,2014-09-12,0436,Aqua,MODIS,49,6.2,305.6,27.1,D,0
-11.5279,131.2102,329,1.8,1.3,2014-09-12,0436,Aqua,MODIS,60,6.2,304.1,30.5,D,0
-11.53,131.1942,346.7,1.8,1.3,2014-09-12,0436,Aqua,MODIS,92,6.2,306.5,92.8,D,0
-11.5183,131.1927,325.3,1.8,1.3,2014-09-12,0436,Aqua,MODIS,54,6.2,304.8,21.6,D,0
-12.938,135.7221,334.1,1,1,2014-09-12,0436,Aqua,MODIS,73,6.2,307.3,18.5,D,0
-12.9393,135.7126,334.8,1,1,2014-09-12,0436,Aqua,MODIS,73,6.2,307,19.1,D,0
-12.9484,135.714,340.5,1,1,2014-09-12,0436,Aqua,MODIS,85,6.2,312.5,27.9,D,0
-13.4521,134.5883,333.7,1.1,1.1,2014-09-12,0436,Aqua,MODIS,68,6.2,312.4,15.1,D,0
-12.2754,134.5407,324.1,1.1,1.1,2014-09-12,0436,Aqua,MODIS,35,6.2,303.7,12.2,D,0
-12.2848,134.5421,339.4,1.1,1.1,2014-09-12,0436,Aqua,MODIS,85,6.2,303.1,34.9,D,0
-12.955,135.667,332.6,1,1,2014-09-12,0436,Aqua,MODIS,37,6.2,310.1,14.3,D,0
-14.7221,126.6021,328,4.4,1.9,2014-09-12,0436,Aqua,MODIS,72,6.2,302.2,125.7,D,0
-11.4805,130.3544,323.8,2,1.4,2014-09-12,0436,Aqua,MODIS,64,6.2,300.7,29.3,D,0
-14.7214,126.5982,330.9,4.4,1.9,2014-09-12,0436,Aqua,MODIS,76,6.2,302.3,153.9,D,0
-11.4825,130.3615,324.6,2,1.4,2014-09-12,0436,Aqua,MODIS,53,6.2,299.6,33.7,D,0
-14.7262,126.5612,324.3,4.4,1.9,2014-09-12,0436,Aqua,MODIS,58,6.2,301.1,93.8,D,0
-14.7258,126.557,321.9,4.4,1.9,2014-09-12,0436,Aqua,MODIS,34,6.2,301,70.4,D,0
-14.7395,126.6044,326.8,4.4,1.9,2014-09-12,0436,Aqua,MODIS,70,6.2,300,116.1,D,0
-14.7388,126.6005,328.7,4.4,1.9,2014-09-12,0436,Aqua,MODIS,73,6.2,299.9,136.2,D,0
-13.7201,129.9072,332.8,2.4,1.5,2014-09-12,0436,Aqua,MODIS,73,6.2,301,78.3,D,0
-12.3022,136.7727,346,1,1,2014-09-12,0436,Aqua,MODIS,91,6.2,306,42,D,0
-12.2928,142.4476,325.3,2,1.4,2014-09-12,0436,Aqua,MODIS,59,6.2,307.4,24.7,D,0
-12.5571,142.512,326.6,2,1.4,2014-09-12,0436,Aqua,MODIS,78,6.2,304.8,36.7,D,0
-11.8892,142.2546,321,1.9,1.4,2014-09-12,0436,Aqua,MODIS,40,6.2,304.6,16.8,D,0
-12.3442,136.4151,339.9,1,1,2014-09-12,0436,Aqua,MODIS,87,6.2,309.7,30.3,D,0
-12.7139,134.7567,332.9,1.1,1,2014-09-12,0436,Aqua,MODIS,60,6.2,310.3,14.5,D,0
-12.653,142.0197,331.9,1.8,1.3,2014-09-12,0436,Aqua,MODIS,83,6.2,303.6,43.2,D,0
-12.7059,134.7453,336.8,1.1,1,2014-09-12,0436,Aqua,MODIS,82,6.2,310.8,23.1,D,0
-12.271,142.4734,325.1,2,1.4,2014-09-12,0436,Aqua,MODIS,58,6.2,304.9,21.5,D,0
-12.9545,142.0916,328.5,1.8,1.3,2014-09-12,0436,Aqua,MODIS,80,6.2,306.9,27.1,D,0
-12.3035,136.7636,332.4,1,1,2014-09-12,0436,Aqua,MODIS,79,6.2,305.2,20,D,0
-12.9663,142.0935,324.8,1.8,1.3,2014-09-12,0436,Aqua,MODIS,64,6.2,306.4,19.4,D,0
-12.6623,136.5714,328.1,1,1,2014-09-12,0436,Aqua,MODIS,62,6.2,306,13.9,D,0
-12.2339,142.394,348.7,1.9,1.4,2014-09-12,0436,Aqua,MODIS,94,6.2,307.1,113.4,D,0
-11.9013,142.2568,352.5,1.9,1.4,2014-09-12,0436,Aqua,MODIS,96,6.2,307,145.3,D,0
-11.8408,142.223,325.7,1.9,1.4,2014-09-12,0436,Aqua,MODIS,78,6.2,304,32,D,0
-12.7046,134.7554,352.1,1.1,1,2014-09-12,0436,Aqua,MODIS,95,6.2,310.8,54.6,D,0
-12.289,142.44,325.2,2,1.4,2014-09-12,0436,Aqua,MODIS,66,6.2,308.6,24.4,D,0
-11.8984,142.2743,329.5,1.9,1.4,2014-09-12,0436,Aqua,MODIS,79,6.2,307,40.9,D,0
-11.7805,142.2849,359.5,1.9,1.4,2014-09-12,0436,Aqua,MODIS,99,6.2,305.2,193,D,0
-12.3098,136.7832,326.8,1,1,2014-09-12,0436,Aqua,MODIS,65,6.2,305,11.2,D,0
-12.7173,132.362,329.4,1.5,1.2,2014-09-12,0436,Aqua,MODIS,68,6.2,312.2,18.7,D,0
-12.5881,136.5069,322.3,1,1,2014-09-12,0436,Aqua,MODIS,6,6.2,304.9,6.4,D,0
-12.3455,136.4059,326.3,1,1,2014-09-12,0436,Aqua,MODIS,32,6.2,306,11.7,D,0
-12.8778,132.4514,328.5,1.5,1.2,2014-09-12,0436,Aqua,MODIS,69,6.2,308.9,19.5,D,0
-12.2861,142.4578,327.3,2,1.4,2014-09-12,0436,Aqua,MODIS,75,6.2,306.3,30.8,D,0
-12.2369,142.3764,329.5,1.9,1.4,2014-09-12,0436,Aqua,MODIS,51,6.2,307.4,30.2,D,0
-12.555,142.5062,326.7,2,1.4,2014-09-12,0436,Aqua,MODIS,77,6.2,304.4,38,D,0
-12.6475,142.0132,338.7,1.8,1.3,2014-09-12,0436,Aqua,MODIS,88,6.2,302.5,67.3,D,0
-12.2741,135.3447,326.1,1,1,2014-09-12,0436,Aqua,MODIS,35,6.2,306.6,13.4,D,0
-12.6924,134.7741,337.8,1.1,1,2014-09-12,0436,Aqua,MODIS,61,6.2,314,24.8,D,0
-12.2431,142.4138,325,2,1.4,2014-09-12,0436,Aqua,MODIS,45,6.2,307.5,18.1,D,0
-11.9215,142.1354,343.4,1.9,1.3,2014-09-12,0436,Aqua,MODIS,92,6.2,304.3,98.5,D,0
-12.2316,142.388,344.9,1.9,1.4,2014-09-12,0436,Aqua,MODIS,92,6.2,307.3,94.2,D,0
-11.9243,142.1184,317.2,1.9,1.3,2014-09-12,0436,Aqua,MODIS,50,6.2,301.9,14,D,0
-11.8954,142.2919,323,1.9,1.4,2014-09-12,0436,Aqua,MODIS,37,6.2,306.9,21.4,D,0
-12.3009,136.7818,334.2,1,1,2014-09-12,0436,Aqua,MODIS,81,6.2,303.8,21.7,D,0
-11.838,142.2403,333,1.9,1.4,2014-09-12,0436,Aqua,MODIS,85,6.2,305.9,54.2,D,0
-12.6558,142.0034,323.2,1.8,1.3,2014-09-12,0436,Aqua,MODIS,70,6.2,300.7,17.3,D,0
-11.7931,142.36,328.2,2,1.4,2014-09-12,0436,Aqua,MODIS,81,6.2,303.7,38.6,D,0
-14.3456,132.1274,349.3,1.6,1.3,2014-09-12,0436,Aqua,MODIS,93,6.2,309,93.6,D,0
-14.345,132.1361,338.6,1.6,1.3,2014-09-12,0436,Aqua,MODIS,76,6.2,307.1,49.3,D,0
-13.4962,135.3337,337.5,1.1,1,2014-09-12,0436,Aqua,MODIS,83,6.2,310.6,24.5,D,0
-11.2422,132.4464,352.8,1.4,1.2,2014-09-12,0436,Aqua,MODIS,90,6.2,310.1,87.7,D,0
-11.2439,132.4335,353.4,1.4,1.2,2014-09-12,0436,Aqua,MODIS,73,6.2,309.5,90,D,0
-13.9349,135.4186,330.7,1.1,1,2014-09-12,0436,Aqua,MODIS,48,6.2,312.8,12.8,D,0
-12.1887,133.8303,328.8,1.2,1.1,2014-09-12,0436,Aqua,MODIS,28,6.2,312.4,10.1,D,0
-11.7916,142.2611,325.8,1.9,1.4,2014-09-12,0436,Aqua,MODIS,42,6.2,303.8,32.9,D,0
-11.7887,142.2789,363.1,1.9,1.4,2014-09-12,0436,Aqua,MODIS,100,6.2,309.4,218.4,D,0
-11.7859,142.2967,341,2,1.4,2014-09-12,0436,Aqua,MODIS,88,6.2,305.9,86.9,D,0
-11.7865,142.2495,323,1.9,1.4,2014-09-12,0436,Aqua,MODIS,47,6.2,302,28.7,D,0
-11.3233,132.0788,343.3,1.5,1.2,2014-09-12,0436,Aqua,MODIS,90,6.2,305.3,65,D,0
-11.3215,132.0924,325.7,1.5,1.2,2014-09-12,0436,Aqua,MODIS,39,6.2,303.2,18.9,D,0
-11.7835,142.2671,334.6,1.9,1.4,2014-09-12,0436,Aqua,MODIS,86,6.2,303.4,63.8,D,0
-11.7957,142.2691,335.7,1.9,1.4,2014-09-12,0436,Aqua,MODIS,87,6.2,305.1,65.4,D,0
-13.7203,134.9642,363,1.1,1,2014-09-12,0436,Aqua,MODIS,100,6.2,311.6,91.3,D,0
-13.8873,135.4349,330.8,1.1,1,2014-09-12,0436,Aqua,MODIS,25,6.2,314.1,11.3,D,0
-12.3157,135.1032,336.7,1.1,1,2014-09-12,0436,Aqua,MODIS,82,6.2,304.5,26,D,0
-12.317,135.0935,335.3,1.1,1,2014-09-12,0436,Aqua,MODIS,81,6.2,303.4,24.5,D,0
-12.3089,135.0956,345.3,1.1,1,2014-09-12,0436,Aqua,MODIS,90,6.2,306.8,42.7,D,0
-12.3103,135.086,324.1,1.1,1,2014-09-12,0436,Aqua,MODIS,37,6.2,303,8.3,D,0
-13.4445,135.2511,336.8,1.1,1,2014-09-12,0436,Aqua,MODIS,82,6.2,313.2,20,D,0
-12.349,135.9877,326.8,1,1,2014-09-12,0436,Aqua,MODIS,0,6.2,304.3,11.9,D,0
-12.3503,135.9785,325.1,1,1,2014-09-12,0436,Aqua,MODIS,56,6.2,306.3,9.7,D,0
-13.7189,134.9743,357.9,1.1,1,2014-09-12,0436,Aqua,MODIS,98,6.2,310.8,74.6,D,0
-13.7297,134.9656,342.2,1.1,1,2014-09-12,0436,Aqua,MODIS,77,6.2,314.2,34.6,D,0
-11.7927,142.2868,354.2,1.9,1.4,2014-09-12,0436,Aqua,MODIS,97,6.2,308.2,156.7,D,0
-11.8049,142.2889,328.9,1.9,1.4,2014-09-12,0436,Aqua,MODIS,67,6.2,304.2,36.6,D,0
-13.7283,134.9756,349.5,1.1,1,2014-09-12,0436,Aqua,MODIS,93,6.2,315.5,50.4,D,0
-11.9393,142.6617,323.1,2.1,1.4,2014-09-12,0436,Aqua,MODIS,56,6.2,301,31.5,D,0
-13.6033,135.0848,385.2,1.1,1,2014-09-12,0436,Aqua,MODIS,100,6.2,315.5,174.4,D,0
-13.602,135.0948,339.8,1.1,1,2014-09-12,0436,Aqua,MODIS,82,6.2,312,25.3,D,0
-13.727,134.9857,360.1,1.1,1,2014-09-12,0436,Aqua,MODIS,100,6.2,313.9,80.2,D,0
-13.7524,135.0098,332,1.1,1,2014-09-12,0436,Aqua,MODIS,45,6.2,311.3,13.4,D,0
-14.2587,132.3675,328.1,1.6,1.2,2014-09-12,0436,Aqua,MODIS,53,6.2,310.9,16.4,D,0
-14.2476,132.3661,350.8,1.6,1.2,2014-09-12,0436,Aqua,MODIS,94,6.2,311.7,88,D,0
-14.2253,132.3634,330.1,1.6,1.2,2014-09-12,0436,Aqua,MODIS,60,6.2,312.9,19,D,0
-13.4426,134.5869,365.2,1.1,1.1,2014-09-12,0436,Aqua,MODIS,100,6.2,313.7,94.8,D,0
-13.444,134.5765,377.7,1.1,1.1,2014-09-12,0436,Aqua,MODIS,100,6.2,312.5,145.8,D,0
-13.4949,135.3435,330.2,1.1,1,2014-09-12,0436,Aqua,MODIS,53,6.2,309.8,12.8,D,0
-14.3241,132.1181,351.9,1.6,1.3,2014-09-12,0436,Aqua,MODIS,95,6.2,310.3,104.7,D,0
-14.3336,132.1347,334.1,1.6,1.3,2014-09-12,0436,Aqua,MODIS,79,6.2,312.4,36.5,D,0
-14.3469,132.121,338,1.6,1.3,2014-09-12,0436,Aqua,MODIS,68,6.2,308.4,50.5,D,0
-13.7764,135.044,339.9,1.1,1,2014-09-12,0436,Aqua,MODIS,67,6.2,314.6,27.8,D,0
-11.7784,130.5833,321.8,2,1.4,2014-09-12,0436,Aqua,MODIS,52,6.2,303.5,26,D,0
-31.9085,115.8115,310.8,1,1,2014-09-12,0609,Aqua,MODIS,43,6.2,297.8,2.8,D,0
-32.4833,116.0973,305.4,1,1,2014-09-12,0609,Aqua,MODIS,46,6.2,294.9,4.7,D,0
-34.9235,117.0421,321.6,1,1,2014-09-12,0609,Aqua,MODIS,80,6.2,292.5,18.5,D,0
-31.7986,115.9368,321.5,1,1,2014-09-12,0610,Aqua,MODIS,58,6.2,300.4,14,D,0
-30.874,121.4886,322.4,1.6,1.2,2014-09-12,0610,Aqua,MODIS,69,6.2,306.6,17.8,D,2
-24.4808,119.7374,337,1.6,1.2,2014-09-12,0611,Aqua,MODIS,81,6.2,318,37.8,D,0
-24.472,119.8505,327.6,1.6,1.3,2014-09-12,0611,Aqua,MODIS,53,6.2,316.1,15.1,D,0
-21.1382,117.6494,366.4,1.4,1.2,2014-09-12,0612,Aqua,MODIS,100,6.2,317.4,130.2,D,0
-21.1403,117.6365,392.7,1.3,1.2,2014-09-12,0612,Aqua,MODIS,100,6.2,324.4,298.4,D,0
-21.13,117.6345,346,1.3,1.2,2014-09-12,0612,Aqua,MODIS,89,6.2,319,51.5,D,0
-21.1331,117.6428,369.8,1.4,1.2,2014-09-12,0612,Aqua,MODIS,100,6.2,320.9,143.1,D,0
-21.1352,117.6299,349,1.3,1.2,2014-09-12,0612,Aqua,MODIS,92,6.2,320.6,58.5,D,0
-21.1227,117.6409,344.9,1.4,1.2,2014-09-12,0612,Aqua,MODIS,88,6.2,318.9,45.6,D,0
-21.1124,117.639,334.2,1.4,1.2,2014-09-12,0612,Aqua,MODIS,73,6.2,319.4,19.7,D,0
-22.059,120.3163,355.3,2,1.4,2014-09-12,0612,Aqua,MODIS,97,6.2,312.1,149.9,D,0
-22.0917,120.3702,349.7,2,1.4,2014-09-12,0612,Aqua,MODIS,93,6.2,310.3,127.1,D,0
-22.083,120.3485,370.7,2,1.4,2014-09-12,0612,Aqua,MODIS,100,6.2,309.9,278.6,D,0
-22.0865,120.3294,334.7,2,1.4,2014-09-12,0612,Aqua,MODIS,59,6.2,307.2,56.8,D,0
-22.0708,120.3458,369.2,2,1.4,2014-09-12,0612,Aqua,MODIS,100,6.2,314,256.7,D,0
-22.0673,120.3647,342.1,2,1.4,2014-09-12,0612,Aqua,MODIS,87,6.2,312.1,76,D,0
-22.0499,120.3215,339.6,2,1.4,2014-09-12,0612,Aqua,MODIS,52,6.2,312.1,61.3,D,0
-22.0376,120.319,332.9,2,1.4,2014-09-12,0612,Aqua,MODIS,46,6.2,313.4,37.4,D,0
-22.0522,120.3541,335.2,2,1.4,2014-09-12,0612,Aqua,MODIS,67,6.2,313.9,42.4,D,0
-22.0468,120.3136,346.9,2,1.4,2014-09-12,0612,Aqua,MODIS,91,6.2,312.6,99.8,D,0
-22.0534,120.3027,343.8,2,1.4,2014-09-12,0612,Aqua,MODIS,72,6.2,312,84.6,D,0
-22.0743,120.3269,341.3,2,1.4,2014-09-12,0612,Aqua,MODIS,74,6.2,310.1,79.9,D,0
-22.055,120.362,333.7,2,1.4,2014-09-12,0612,Aqua,MODIS,52,6.2,312.8,35.5,D,0
-22.0621,120.3243,347.4,2,1.4,2014-09-12,0612,Aqua,MODIS,85,6.2,311.2,102.8,D,0
-22.0656,120.3054,344.9,2,1.4,2014-09-12,0612,Aqua,MODIS,76,6.2,310,92.5,D,0
-22.0882,120.3893,350.9,2,1.4,2014-09-12,0612,Aqua,MODIS,94,6.2,312.1,132.3,D,0
-21.1747,120.0559,333.8,2,1.4,2014-09-12,0612,Aqua,MODIS,75,6.2,310.6,47.6,D,0
-21.1437,120.0616,326.9,2,1.4,2014-09-12,0612,Aqua,MODIS,25,6.2,313.6,17.9,D,0
-21.126,120.0193,327.1,2,1.4,2014-09-12,0612,Aqua,MODIS,50,6.2,314,19.8,D,0
-21.1593,120.0454,344.4,2,1.4,2014-09-12,0612,Aqua,MODIS,88,6.2,314.4,90.3,D,0
-21.1625,120.0534,347.8,2,1.4,2014-09-12,0612,Aqua,MODIS,91,6.2,313.3,110.1,D,0
-20.3469,119.3526,351.6,1.8,1.3,2014-09-12,0612,Aqua,MODIS,94,6.2,315.9,112.9,D,0
-20.3321,119.3675,340,1.8,1.3,2014-09-12,0612,Aqua,MODIS,84,6.2,316.7,59.1,D,0
-21.1559,120.0641,345.2,2,1.4,2014-09-12,0612,Aqua,MODIS,89,6.2,313.1,92.1,D,0
-20.3351,119.3503,331.9,1.8,1.3,2014-09-12,0612,Aqua,MODIS,64,6.2,315.2,31.9,D,0
-20.3439,119.3699,361.1,1.8,1.3,2014-09-12,0612,Aqua,MODIS,100,6.2,316.5,167.6,D,0
-21.1715,120.048,338.4,2,1.4,2014-09-12,0612,Aqua,MODIS,82,6.2,311.3,65.4,D,0
-20.3645,119.3919,343.5,1.8,1.3,2014-09-12,0612,Aqua,MODIS,82,6.2,316.2,72.3,D,0
-20.3615,119.409,338.3,1.8,1.3,2014-09-12,0612,Aqua,MODIS,71,6.2,314.8,47.9,D,0
-21.1471,120.0429,337.3,2,1.4,2014-09-12,0612,Aqua,MODIS,80,6.2,315.4,57.4,D,0
-20.3587,119.3978,357.3,1.8,1.3,2014-09-12,0612,Aqua,MODIS,92,6.2,317.6,144.5,D,0
-18.5826,121.8503,330.2,3,1.6,2014-09-12,0613,Aqua,MODIS,65,6.2,313,60.7,D,0
-17.9537,122.8478,333.2,3.7,1.8,2014-09-12,0613,Aqua,MODIS,83,6.2,316.4,100.2,D,0
-17.9635,122.845,335.6,3.7,1.8,2014-09-12,0613,Aqua,MODIS,86,6.2,315.8,120.7,D,0
-17.9606,122.8138,328.7,3.6,1.8,2014-09-12,0613,Aqua,MODIS,64,6.2,313.2,66.6,D,0
-17.8257,122.9872,326.9,3.8,1.8,2014-09-12,0613,Aqua,MODIS,71,6.2,315.4,37.7,D,0
-30.1286,149.9754,302,2.4,1.5,2014-09-12,1218,Terra,MODIS,46,6.2,282.9,25.2,N,0
-28.1269,151.46,302.9,1.8,1.3,2014-09-12,1218,Terra,MODIS,52,6.2,284.4,17.5,N,0
-25.4567,149.7937,303.7,2.1,1.4,2014-09-12,1219,Terra,MODIS,20,6.2,287.4,20.1,N,0
-25.4559,149.8004,302.2,2.1,1.4,2014-09-12,1219,Terra,MODIS,21,6.2,287.6,17.8,N,0
-25.4687,149.8021,319.1,2.1,1.4,2014-09-12,1219,Terra,MODIS,98,6.2,290.2,55,N,0
-26.9601,151.4444,318.6,1.7,1.3,2014-09-12,1219,Terra,MODIS,97,6.2,287.1,40.6,N,0
-27.5218,150.5007,303.6,2,1.4,2014-09-12,1219,Terra,MODIS,56,6.2,287.9,19.1,N,0
-25.4708,149.7807,308.8,2.1,1.4,2014-09-12,1219,Terra,MODIS,75,6.2,287.4,30.7,N,0
-21.1656,120.057,300.2,4.3,1.9,2014-09-12,1359,Terra,MODIS,21,6.2,289.3,34.5,N,0
-21.1643,120.0519,300.7,4.3,1.9,2014-09-12,1359,Terra,MODIS,32,6.2,289.3,37,N,0
-15.461,135.2177,337.3,1.9,1.3,2014-09-12,1400,Terra,MODIS,100,6.2,293.9,96,N,0
-15.4606,135.1475,301.5,1.8,1.3,2014-09-12,1400,Terra,MODIS,9,6.2,291.3,9.1,N,0
-15.4491,135.2155,325.4,1.9,1.3,2014-09-12,1400,Terra,MODIS,100,6.2,292.1,56.9,N,0
-17.7088,123.1633,308.8,2.3,1.5,2014-09-12,1400,Terra,MODIS,35,6.2,294.9,24.2,N,0
-17.987,122.8929,314.4,2.4,1.5,2014-09-12,1400,Terra,MODIS,89,6.2,293.9,46.1,N,0
-17.9969,122.8761,303.2,2.4,1.5,2014-09-12,1400,Terra,MODIS,41,6.2,292.3,17.6,N,0
-17.9946,122.8992,319,2.4,1.5,2014-09-12,1400,Terra,MODIS,98,6.2,295,59.9,N,0
-17.711,123.1417,327,2.3,1.5,2014-09-12,1400,Terra,MODIS,100,6.2,297.3,81.2,N,0
-17.7124,123.1572,318.2,2.3,1.5,2014-09-12,1400,Terra,MODIS,96,6.2,296.3,49.6,N,0
-17.7243,123.1433,311.4,2.3,1.5,2014-09-12,1400,Terra,MODIS,48,6.2,295.6,30.4,N,0
-17.7281,123.1372,306.2,2.3,1.5,2014-09-12,1400,Terra,MODIS,67,6.2,294.5,20,N,0
-17.7148,123.1357,324.6,2.3,1.5,2014-09-12,1400,Terra,MODIS,100,6.2,296.7,71.7,N,0
-18.8016,128.7144,304.7,1.1,1,2014-09-12,1400,Terra,MODIS,61,6.2,294.7,5.2,N,0
-17.8273,123.0279,308.7,2.4,1.5,2014-09-12,1400,Terra,MODIS,75,6.2,293.5,30.5,N,0
-17.8297,123.0055,307.7,2.4,1.5,2014-09-12,1400,Terra,MODIS,72,6.2,292,29.1,N,0
-17.8186,123.0215,310.4,2.4,1.5,2014-09-12,1400,Terra,MODIS,63,6.2,292.6,31.7,N,0
-17.7016,123.1341,312,2.3,1.5,2014-09-12,1400,Terra,MODIS,84,6.2,295,32.1,N,0
-17.6774,123.1095,305.2,2.3,1.5,2014-09-12,1400,Terra,MODIS,63,6.2,294.3,20.1,N,0
-15.5862,134.805,305.5,1.7,1.3,2014-09-12,1400,Terra,MODIS,65,6.2,292.2,13.7,N,0
-15.5835,134.8208,335.5,1.7,1.3,2014-09-12,1400,Terra,MODIS,100,6.2,294.4,80.3,N,0
-15.5044,135.1035,324.2,1.8,1.3,2014-09-12,1400,Terra,MODIS,83,6.2,293.7,47.3,N,0
-15.4983,135.1089,329,1.8,1.3,2014-09-12,1400,Terra,MODIS,100,6.2,293.7,62.4,N,0
-16.5522,132.3151,353.1,1.2,1.1,2014-09-12,1400,Terra,MODIS,100,6.2,302.7,82.7,N,0
-16.5539,132.3043,330.4,1.2,1.1,2014-09-12,1400,Terra,MODIS,100,6.2,298.6,33.3,N,0
-16.678,132.2873,318,1.2,1.1,2014-09-12,1400,Terra,MODIS,84,6.2,295.6,16.3,N,0
-16.6443,132.3147,320.8,1.2,1.1,2014-09-12,1400,Terra,MODIS,100,6.2,294.9,19.5,N,0
-16.6476,132.2931,314.3,1.2,1.1,2014-09-12,1400,Terra,MODIS,30,6.2,295.1,11.8,N,0
-16.6347,132.313,323.8,1.2,1.1,2014-09-12,1400,Terra,MODIS,100,6.2,295.9,22.5,N,0
-16.6364,132.3022,330.6,1.2,1.1,2014-09-12,1400,Terra,MODIS,100,6.2,296.4,32.7,N,0
-16.6268,132.3006,330.8,1.2,1.1,2014-09-12,1400,Terra,MODIS,100,6.2,295.7,33.2,N,0
-16.6059,132.3081,327.4,1.2,1.1,2014-09-12,1400,Terra,MODIS,100,6.2,296.9,28,N,0
-16.5963,132.3064,317.5,1.2,1.1,2014-09-12,1400,Terra,MODIS,95,6.2,296.5,15.8,N,0
-16.5923,132.3109,311.2,1.2,1.1,2014-09-12,1400,Terra,MODIS,82,6.2,296.5,10.1,N,0
-16.5827,132.3093,307.2,1.2,1.1,2014-09-12,1400,Terra,MODIS,71,6.2,295.6,6.8,N,0
-17.3487,135.0854,302.5,1.7,1.3,2014-09-12,1400,Terra,MODIS,36,6.2,291,9.3,N,0
-16.5455,132.3584,319.5,1.2,1.1,2014-09-12,1400,Terra,MODIS,99,6.2,296.5,18.6,N,0
-16.5472,132.3475,320.6,1.2,1.1,2014-09-12,1400,Terra,MODIS,100,6.2,296.8,19.9,N,0
-16.8831,132.4299,318.2,1.2,1.1,2014-09-12,1400,Terra,MODIS,76,6.2,296.1,17.2,N,0
-16.7123,132.3437,305,1.2,1.1,2014-09-12,1400,Terra,MODIS,47,6.2,292.4,6,N,0
-16.706,132.3206,312.2,1.2,1.1,2014-09-12,1400,Terra,MODIS,50,6.2,294.1,11,N,0
-16.7216,132.6039,307.5,1.2,1.1,2014-09-12,1400,Terra,MODIS,34,6.2,293.3,8.4,N,0
-16.8791,132.5188,307.6,1.2,1.1,2014-09-12,1400,Terra,MODIS,72,6.2,292.7,9.4,N,0
-16.8694,132.5171,325.9,1.2,1.1,2014-09-12,1400,Terra,MODIS,100,6.2,294,28.9,N,0
-16.8712,132.5061,312.5,1.2,1.1,2014-09-12,1400,Terra,MODIS,85,6.2,293.9,12.8,N,0
-16.8615,132.5045,316.1,1.2,1.1,2014-09-12,1400,Terra,MODIS,93,6.2,293.8,16.2,N,0
-16.8632,132.4935,315.4,1.2,1.1,2014-09-12,1400,Terra,MODIS,91,6.2,293.1,15.6,N,0
-16.5991,132.3513,341.5,1.2,1.1,2014-09-12,1400,Terra,MODIS,100,6.2,297.9,51.5,N,0
-16.6008,132.3405,318.2,1.2,1.1,2014-09-12,1400,Terra,MODIS,61,6.2,296.5,14,N,0
-16.5792,132.4147,317.7,1.2,1.1,2014-09-12,1400,Terra,MODIS,95,6.2,298,12.6,N,0
-16.5826,132.3929,315.2,1.2,1.1,2014-09-12,1400,Terra,MODIS,62,6.2,297,11.1,N,0
-16.5843,132.3821,317.6,1.2,1.1,2014-09-12,1400,Terra,MODIS,95,6.2,296.7,14.4,N,0
-16.5895,132.3496,325.4,1.2,1.1,2014-09-12,1400,Terra,MODIS,100,6.2,297.1,23.2,N,0
-16.5912,132.3388,349.9,1.2,1.1,2014-09-12,1400,Terra,MODIS,100,6.2,300.1,71.6,N,0
-16.5946,132.3172,314,1.2,1.1,2014-09-12,1400,Terra,MODIS,47,6.2,296.4,10.9,N,0
-16.5724,132.4412,308.6,1.2,1.1,2014-09-12,1400,Terra,MODIS,75,6.2,296.6,9.7,N,0
-16.5758,132.4194,314.5,1.2,1.1,2014-09-12,1400,Terra,MODIS,46,6.2,297.8,13.2,N,0
-16.5774,132.4084,319,1.2,1.1,2014-09-12,1400,Terra,MODIS,79,6.2,297.9,17.9,N,0
-16.5791,132.3976,310.6,1.2,1.1,2014-09-12,1400,Terra,MODIS,43,6.2,297,9.7,N,0
-16.5808,132.3867,332.1,1.2,1.1,2014-09-12,1400,Terra,MODIS,100,6.2,298.4,37.1,N,0
-16.5824,132.3759,327.8,1.2,1.1,2014-09-12,1400,Terra,MODIS,100,6.2,296.9,30.3,N,0
-16.5841,132.365,312.7,1.2,1.1,2014-09-12,1400,Terra,MODIS,85,6.2,295.7,12.5,N,0
-16.5857,132.3542,317.6,1.2,1.1,2014-09-12,1400,Terra,MODIS,95,6.2,296.2,16.7,N,0
-16.5874,132.3433,347.1,1.2,1.1,2014-09-12,1400,Terra,MODIS,100,6.2,299.3,67.7,N,0
-16.589,132.3325,349,1.2,1.1,2014-09-12,1400,Terra,MODIS,100,6.2,299.7,72.4,N,0
-16.5907,132.3217,313.2,1.2,1.1,2014-09-12,1400,Terra,MODIS,86,6.2,296.4,11.8,N,0
-16.5627,132.4396,315.4,1.2,1.1,2014-09-12,1400,Terra,MODIS,70,6.2,296.5,14.5,N,0
-16.5644,132.4286,335.5,1.2,1.1,2014-09-12,1400,Terra,MODIS,100,6.2,299.8,42.7,N,0
-16.5661,132.4177,325.9,1.2,1.1,2014-09-12,1400,Terra,MODIS,100,6.2,298.9,27.2,N,0
-16.5694,132.3959,310.8,1.2,1.1,2014-09-12,1400,Terra,MODIS,76,6.2,297.1,10.2,N,0
-16.5711,132.3851,322.3,1.2,1.1,2014-09-12,1400,Terra,MODIS,100,6.2,297.7,22.3,N,0
-16.5728,132.3742,342.1,1.2,1.1,2014-09-12,1400,Terra,MODIS,100,6.2,299.4,57,N,0
-16.5744,132.3633,348.6,1.2,1.1,2014-09-12,1400,Terra,MODIS,100,6.2,300.6,72.5,N,0
-16.5761,132.3525,341.2,1.2,1.1,2014-09-12,1400,Terra,MODIS,100,6.2,298.9,55,N,0
-16.5778,132.3417,320.6,1.2,1.1,2014-09-12,1400,Terra,MODIS,100,6.2,297.5,20.4,N,0
-16.5794,132.3309,325.8,1.2,1.1,2014-09-12,1400,Terra,MODIS,100,6.2,296.8,26.7,N,0
-16.5811,132.3201,311.9,1.2,1.1,2014-09-12,1400,Terra,MODIS,84,6.2,296.5,11,N,0
-16.5547,132.427,315.3,1.2,1.1,2014-09-12,1400,Terra,MODIS,47,6.2,296.1,13.2,N,0
-16.5564,132.416,317,1.2,1.1,2014-09-12,1400,Terra,MODIS,91,6.2,297.2,15.1,N,0
-16.5631,132.3725,337.2,1.2,1.1,2014-09-12,1400,Terra,MODIS,100,6.2,300.1,46.5,N,0
-16.5648,132.3617,361.1,1.2,1.1,2014-09-12,1400,Terra,MODIS,100,6.2,303.3,109.6,N,0
-16.5665,132.3508,362.7,1.2,1.1,2014-09-12,1400,Terra,MODIS,100,6.2,304.5,114.7,N,0
-16.5681,132.34,355.8,1.2,1.1,2014-09-12,1400,Terra,MODIS,100,6.2,301.8,91.5,N,0
-16.5698,132.3292,345.5,1.2,1.1,2014-09-12,1400,Terra,MODIS,100,6.2,301.1,63.5,N,0
-16.5715,132.3184,313.3,1.2,1.1,2014-09-12,1400,Terra,MODIS,87,6.2,297,12,N,0
-16.5535,132.3709,315.3,1.2,1.1,2014-09-12,1400,Terra,MODIS,91,6.2,296.9,13.7,N,0
-16.5552,132.36,374.3,1.2,1.1,2014-09-12,1400,Terra,MODIS,100,6.2,305.2,161.4,N,0
-16.5568,132.3492,376.4,1.2,1.1,2014-09-12,1400,Terra,MODIS,100,6.2,305.7,171,N,0
-16.5585,132.3384,397.1,1.2,1.1,2014-09-12,1400,Terra,MODIS,100,6.2,310.5,291.6,N,0
-16.5602,132.3275,359.4,1.2,1.1,2014-09-12,1400,Terra,MODIS,100,6.2,302.9,100.8,N,0
-16.5618,132.3167,349.2,1.2,1.1,2014-09-12,1400,Terra,MODIS,100,6.2,300.7,71.7,N,0
-16.5489,132.3367,341.6,1.2,1.1,2014-09-12,1400,Terra,MODIS,100,6.2,299.2,54.5,N,0
-16.5505,132.3259,328.6,1.2,1.1,2014-09-12,1400,Terra,MODIS,100,6.2,298.5,30.3,N,0
-16.6326,132.3904,309.5,1.2,1.1,2014-09-12,1400,Terra,MODIS,72,6.2,294.1,9.1,N,0
-16.6246,132.3779,327.3,1.2,1.1,2014-09-12,1400,Terra,MODIS,100,6.2,296.3,27.9,N,0
-16.6296,132.3454,321.6,1.2,1.1,2014-09-12,1400,Terra,MODIS,100,6.2,296.4,19,N,0
-16.6313,132.3346,313.1,1.2,1.1,2014-09-12,1400,Terra,MODIS,35,6.2,295,9.5,N,0
-16.615,132.3763,341.2,1.2,1.1,2014-09-12,1400,Terra,MODIS,100,6.2,297.4,52.6,N,0
-16.6166,132.3654,350.4,1.2,1.1,2014-09-12,1400,Terra,MODIS,100,6.2,298.8,73.2,N,0
-16.6183,132.3546,312.2,1.2,1.1,2014-09-12,1400,Terra,MODIS,28,6.2,295.5,8.3,N,0
-16.6217,132.333,328.3,1.2,1.1,2014-09-12,1400,Terra,MODIS,100,6.2,296.4,27.6,N,0
-16.607,132.3638,338.5,1.2,1.1,2014-09-12,1400,Terra,MODIS,100,6.2,297.5,45.2,N,0
-16.6087,132.3529,336.7,1.2,1.1,2014-09-12,1400,Terra,MODIS,100,6.2,297.8,42.1,N,0
-16.6121,132.3313,323.4,1.2,1.1,2014-09-12,1400,Terra,MODIS,100,6.2,296.1,21.1,N,0
-16.6138,132.3205,315.3,1.2,1.1,2014-09-12,1400,Terra,MODIS,56,6.2,295.7,10.9,N,0
-16.6042,132.3189,322,1.2,1.1,2014-09-12,1400,Terra,MODIS,100,6.2,297.3,19.2,N,0
-16.9149,132.48,304.9,1.2,1.1,2014-09-12,1400,Terra,MODIS,32,6.2,293.5,6.1,N,0
-16.907,132.4675,317.1,1.2,1.1,2014-09-12,1400,Terra,MODIS,94,6.2,294.4,16.5,N,0
-16.899,132.4549,315.9,1.2,1.1,2014-09-12,1400,Terra,MODIS,80,6.2,294.7,14.8,N,0
-16.891,132.4424,314.5,1.2,1.1,2014-09-12,1400,Terra,MODIS,52,6.2,295.3,13,N,0
-16.5707,132.4522,309.1,1.2,1.1,2014-09-12,1400,Terra,MODIS,76,6.2,295.3,9.5,N,0
-18.3177,127.7381,309.8,1.2,1.1,2014-09-12,1400,Terra,MODIS,78,6.2,296.3,9.3,N,0
-18.618,127.3076,306.8,1.2,1.1,2014-09-12,1400,Terra,MODIS,58,6.2,294.3,7.7,N,0
-17.2631,135.0373,304.7,1.7,1.3,2014-09-12,1400,Terra,MODIS,59,6.2,293.4,10.5,N,0
-17.2744,135.0395,304.6,1.7,1.3,2014-09-12,1400,Terra,MODIS,34,6.2,293.2,10.1,N,0
-18.6408,127.2872,315,1.2,1.1,2014-09-12,1400,Terra,MODIS,84,6.2,295.4,14.3,N,0
-18.6224,127.2728,307.7,1.2,1.1,2014-09-12,1400,Terra,MODIS,64,6.2,295.3,7.8,N,0
-18.6571,127.3952,306.1,1.2,1.1,2014-09-12,1400,Terra,MODIS,67,6.2,295,6.8,N,0
-15.5101,135.111,314.4,1.8,1.3,2014-09-12,1400,Terra,MODIS,89,6.2,293.2,28.2,N,0
-15.513,135.0943,314.2,1.8,1.3,2014-09-12,1400,Terra,MODIS,89,6.2,292.9,27.6,N,0
-12.8569,135.9151,306.4,2.3,1.5,2014-09-12,1401,Terra,MODIS,68,6.2,291.6,25.6,N,0
-14.6967,126.5455,346.6,1.2,1.1,2014-09-12,1401,Terra,MODIS,100,6.2,295.2,72.4,N,0
-12.8612,135.9104,301.8,2.3,1.5,2014-09-12,1401,Terra,MODIS,44,6.2,291.2,17.6,N,0
-14.6982,126.5342,308.8,1.2,1.1,2014-09-12,1401,Terra,MODIS,68,6.2,290.9,10.2,N,0
-13.0665,134.3785,315.8,1.8,1.3,2014-09-12,1401,Terra,MODIS,92,6.2,292.9,32,N,0
-12.7043,131.3915,303.2,1.2,1.1,2014-09-12,1401,Terra,MODIS,6,6.2,291,5.2,N,0
-15.9295,127.7685,308,1.1,1,2014-09-12,1401,Terra,MODIS,31,6.2,292.1,9,N,0
-14.759,126.6176,305.2,1.2,1.1,2014-09-12,1401,Terra,MODIS,29,6.2,293.8,5.7,N,0
-16.4776,124.2701,305.8,1.8,1.3,2014-09-12,1401,Terra,MODIS,66,6.2,295.1,13.3,N,0
-16.6402,124.1273,305,1.9,1.3,2014-09-12,1401,Terra,MODIS,29,6.2,294.1,10.5,N,0
-13.6986,129.8534,303.5,1,1,2014-09-12,1401,Terra,MODIS,37,6.2,292.8,4.5,N,0
-14.7532,126.6623,306.1,1.2,1.1,2014-09-12,1401,Terra,MODIS,42,6.2,293.8,6,N,0
-14.7659,126.6417,314.1,1.2,1.1,2014-09-12,1401,Terra,MODIS,73,6.2,294.7,12.8,N,0
-14.7713,126.6762,319.1,1.2,1.1,2014-09-12,1401,Terra,MODIS,86,6.2,295.7,18.8,N,0
-14.7728,126.6652,313.2,1.2,1.1,2014-09-12,1401,Terra,MODIS,29,6.2,295.2,11.9,N,0
-14.7615,126.6748,335.5,1.2,1.1,2014-09-12,1401,Terra,MODIS,100,6.2,297.4,43.7,N,0
-14.763,126.6638,319.2,1.2,1.1,2014-09-12,1401,Terra,MODIS,98,6.2,294.8,18.2,N,0
-15.9282,127.7785,309.4,1.1,1,2014-09-12,1401,Terra,MODIS,52,6.2,288.8,9,N,0
-16.6342,124.0728,305.5,1.9,1.3,2014-09-12,1401,Terra,MODIS,47,6.2,294.3,12.6,N,0
-14.7518,126.6733,309.6,1.2,1.1,2014-09-12,1401,Terra,MODIS,74,6.2,294.2,9.2,N,0
-14.7742,126.6542,360.3,1.2,1.1,2014-09-12,1401,Terra,MODIS,100,6.2,298.9,110.3,N,0
-14.7827,126.666,305,1.2,1.1,2014-09-12,1401,Terra,MODIS,60,6.2,294.5,6.6,N,0
-14.752,126.5939,314,1.2,1.1,2014-09-12,1401,Terra,MODIS,88,6.2,293.6,14,N,0
-13.6909,129.8427,305.3,1,1,2014-09-12,1401,Terra,MODIS,34,6.2,292.9,5.2,N,0
-14.7422,126.5929,312,1.2,1.1,2014-09-12,1401,Terra,MODIS,53,6.2,293.6,11.6,N,0
-14.7506,126.6053,306.5,1.2,1.1,2014-09-12,1401,Terra,MODIS,7,6.2,293.4,6.4,N,0
-14.1151,132.3244,310.1,1.2,1.1,2014-09-12,1401,Terra,MODIS,79,6.2,293.8,11.4,N,0
-14.7605,126.6062,315.1,1.2,1.1,2014-09-12,1401,Terra,MODIS,91,6.2,293.6,15.1,N,0
-15.5086,128.8293,306.8,1,1,2014-09-12,1401,Terra,MODIS,56,6.2,293.2,6,N,0
-14.7233,126.5725,305.2,1.2,1.1,2014-09-12,1401,Terra,MODIS,30,6.2,292.9,6.2,N,0
-14.7757,126.6429,330.4,1.2,1.1,2014-09-12,1401,Terra,MODIS,100,6.2,296,34.9,N,0
-14.7331,126.5739,313.5,1.2,1.1,2014-09-12,1401,Terra,MODIS,86,6.2,293.4,13.7,N,0
-13.6248,131.8624,305.5,1.2,1.1,2014-09-12,1401,Terra,MODIS,56,6.2,295.1,5.6,N,0
-12.7975,131.9794,306.6,1.2,1.1,2014-09-12,1401,Terra,MODIS,69,6.2,294.6,7.7,N,0
-14.281,132.2417,307.1,1.2,1.1,2014-09-12,1401,Terra,MODIS,13,6.2,288.8,9.8,N,0
-13.5944,131.8509,308.1,1.2,1.1,2014-09-12,1401,Terra,MODIS,74,6.2,295.6,7.7,N,0
-13.622,131.8668,306.8,1.2,1.1,2014-09-12,1401,Terra,MODIS,69,6.2,295.3,7.1,N,0
-14.2854,132.0822,308.5,1.2,1.1,2014-09-12,1401,Terra,MODIS,8,6.2,296,10.5,N,0
-14.2518,132.3652,307.2,1.2,1.1,2014-09-12,1401,Terra,MODIS,62,6.2,294.9,7.8,N,0
-15.466,131.6528,312.5,1.1,1.1,2014-09-12,1401,Terra,MODIS,67,6.2,292.9,13.9,N,0
-12.7123,131.4036,305.8,1.2,1.1,2014-09-12,1401,Terra,MODIS,63,6.2,290.2,7.5,N,0
-12.7139,131.3931,308.1,1.2,1.1,2014-09-12,1401,Terra,MODIS,73,6.2,290.8,9.3,N,0
-14.483,134.3804,305.2,1.7,1.3,2014-09-12,1401,Terra,MODIS,51,6.2,294.2,10.2,N,0
-14.5171,134.3865,309.2,1.7,1.3,2014-09-12,1401,Terra,MODIS,40,6.2,295.6,13.8,N,0
-12.4678,131.1318,313.7,1.1,1.1,2014-09-12,1401,Terra,MODIS,88,6.2,293,13.1,N,0
-11.5069,131.1783,302.3,1.2,1.1,2014-09-12,1402,Terra,MODIS,27,6.2,292,5,N,0
-11.5429,131.2229,306.4,1.2,1.1,2014-09-12,1402,Terra,MODIS,35,6.2,292.7,7.2,N,0
-11.5333,131.2214,309.3,1.2,1.1,2014-09-12,1402,Terra,MODIS,62,6.2,292.7,9.6,N,0
-11.515,131.1904,306.8,1.2,1.1,2014-09-12,1402,Terra,MODIS,69,6.2,292.8,8.6,N,0
-11.5054,131.1889,310.9,1.2,1.1,2014-09-12,1402,Terra,MODIS,81,6.2,293,11.9,N,0
-14.8729,145.1322,305.6,1.6,1.3,2014-09-12,1526,Aqua,MODIS,65,6.2,291.4,14.2,N,0
-15.6411,145.1707,302.9,1.6,1.2,2014-09-12,1527,Aqua,MODIS,35,6.2,290.1,10.4,N,0
-15.6397,145.0956,302.6,1.6,1.2,2014-09-12,1527,Aqua,MODIS,12,6.2,289.8,9.4,N,0
-24.1575,144.4384,307.9,1.3,1.1,2014-09-12,1529,Aqua,MODIS,70,6.2,290.2,12,N,0
-26.9613,151.4498,308.9,1.4,1.2,2014-09-12,1529,Aqua,MODIS,76,6.2,286.1,18.8,N,0
-30.1266,149.9857,303.6,1.3,1.1,2014-09-12,1530,Aqua,MODIS,56,6.2,283.8,11.5,N,0
-16.5441,132.2852,320,2.5,1.5,2014-09-12,1705,Aqua,MODIS,99,6.2,294.7,64.7,N,0
-16.5467,132.3086,311.7,2.5,1.5,2014-09-12,1705,Aqua,MODIS,35,6.2,294.3,37,N,0
-16.5604,132.307,324.8,2.5,1.5,2014-09-12,1705,Aqua,MODIS,100,6.2,295,82.4,N,0
-16.7089,132.3304,312.8,2.5,1.5,2014-09-12,1705,Aqua,MODIS,32,6.2,292,38.7,N,0
-16.6995,132.3024,307.8,2.5,1.5,2014-09-12,1705,Aqua,MODIS,34,6.2,292.4,28.8,N,0
-16.702,132.3258,313.9,2.5,1.5,2014-09-12,1705,Aqua,MODIS,81,6.2,291.7,46.3,N,0
-16.7158,132.3242,305.7,2.5,1.5,2014-09-12,1705,Aqua,MODIS,28,6.2,291.8,25,N,0
-16.5544,132.3791,321.5,2.5,1.5,2014-09-12,1705,Aqua,MODIS,100,6.2,294.6,68.5,N,0
-16.557,132.4027,329.3,2.5,1.5,2014-09-12,1705,Aqua,MODIS,100,6.2,295.5,104.5,N,0
-16.5596,132.4265,319.4,2.5,1.5,2014-09-12,1705,Aqua,MODIS,98,6.2,294.3,64.6,N,0
-16.563,132.3305,307.1,2.5,1.5,2014-09-12,1705,Aqua,MODIS,10,6.2,293.2,23.4,N,0
-16.9032,132.4414,313.4,2.6,1.5,2014-09-12,1705,Aqua,MODIS,45,6.2,292.5,46.5,N,0
-16.9091,132.4352,306.1,2.6,1.5,2014-09-12,1705,Aqua,MODIS,32,6.2,291.1,28.9,N,0
-16.9117,132.4595,306.8,2.6,1.5,2014-09-12,1705,Aqua,MODIS,24,6.2,291,29.9,N,0
-14.7506,126.6767,317,1,1,2014-09-12,1705,Aqua,MODIS,68,6.2,287.7,12.3,N,0
-14.7534,126.6961,340.4,1,1,2014-09-12,1705,Aqua,MODIS,100,6.2,294.7,44.1,N,0
-14.7401,126.6684,315.4,1,1,2014-09-12,1705,Aqua,MODIS,28,6.2,290,11.6,N,0
-14.752,126.6863,340.1,1,1,2014-09-12,1705,Aqua,MODIS,100,6.2,290.8,42.6,N,0
-14.7387,126.6587,311.2,1,1,2014-09-12,1705,Aqua,MODIS,31,6.2,287.5,8.7,N,0
-14.7625,126.6947,313.7,1,1,2014-09-12,1705,Aqua,MODIS,42,6.2,288.4,10.6,N,0
-17.9637,122.8359,312.3,1.1,1,2014-09-12,1706,Aqua,MODIS,84,6.2,290.7,13.8,N,0
-17.9622,122.8257,316.7,1.1,1,2014-09-12,1706,Aqua,MODIS,94,6.2,291.3,17.7,N,0
-17.9653,122.846,301.3,1.1,1,2014-09-12,1706,Aqua,MODIS,40,6.2,290.2,6.1,N,0
-18.3094,127.7364,313.7,1.3,1.1,2014-09-12,1706,Aqua,MODIS,88,6.2,292.6,17.7,N,0
-18.311,127.7483,318.8,1.3,1.1,2014-09-12,1706,Aqua,MODIS,97,6.2,291.4,23.8,N,0
-18.6254,127.2789,307.1,1.2,1.1,2014-09-12,1706,Aqua,MODIS,69,6.2,293.5,8.5,N,0
-18.6504,127.3912,310.2,1.2,1.1,2014-09-12,1706,Aqua,MODIS,79,6.2,293.3,11.3,N,0
-18.652,127.4026,310.3,1.2,1.1,2014-09-12,1706,Aqua,MODIS,80,6.2,293.6,11.3,N,0
-18.6529,127.3968,312.3,1.2,1.1,2014-09-12,1706,Aqua,MODIS,85,6.2,293.6,13.8,N,0
-22.0029,120.3598,303,1.3,1.1,2014-09-12,1707,Aqua,MODIS,53,6.2,288.9,8.5,N,0
-22.044,120.2961,329.6,1.3,1.1,2014-09-12,1707,Aqua,MODIS,100,6.2,292,40.9,N,0
-22.046,120.3083,302,1.3,1.1,2014-09-12,1707,Aqua,MODIS,25,6.2,289.9,6.6,N,0
-22.056,120.3064,303.9,1.3,1.1,2014-09-12,1707,Aqua,MODIS,56,6.2,289.9,8.6,N,0
-21.1743,120.076,311.1,1.4,1.2,2014-09-12,1707,Aqua,MODIS,53,6.2,291.4,16,N,0
-21.1171,120.0266,306.7,1.4,1.2,2014-09-12,1707,Aqua,MODIS,69,6.2,289.3,13.3,N,0
-21.1514,120.067,307.7,1.4,1.2,2014-09-12,1707,Aqua,MODIS,50,6.2,290.2,12.2,N,0
-21.1536,120.0799,309.3,1.4,1.2,2014-09-12,1707,Aqua,MODIS,56,6.2,291.7,14,N,0
-21.1721,120.0631,307.5,1.4,1.2,2014-09-12,1707,Aqua,MODIS,20,6.2,291.5,12.2,N,0
-21.1824,120.0611,312.8,1.4,1.2,2014-09-12,1707,Aqua,MODIS,86,6.2,290.3,19.2,N,0
-11.7621,142.2472,322.4,1,1,2014-09-13,0051,Terra,MODIS,70,6.2,301.3,9.8,D,0
-12.1954,142.4953,322.6,1,1,2014-09-13,0051,Terra,MODIS,53,6.2,304.5,7.8,D,0
-11.7962,142.2893,328.8,1,1,2014-09-13,0051,Terra,MODIS,77,6.2,302.8,15.2,D,0
-12.987,141.8774,338,1,1,2014-09-13,0051,Terra,MODIS,81,6.2,303.9,28.7,D,0
-10.8629,142.4551,316.8,1,1,2014-09-13,0051,Terra,MODIS,62,6.2,299,9.1,D,0
-13.4443,141.7944,324,1,1,2014-09-13,0051,Terra,MODIS,48,6.2,306.6,9,D,0
-13.4457,141.8037,327.8,1,1,2014-09-13,0051,Terra,MODIS,69,6.2,304.8,14.5,D,0
-13.4533,141.793,330.4,1,1,2014-09-13,0051,Terra,MODIS,77,6.2,304.4,16.3,D,0
-13.677,141.9936,322.8,1,1,2014-09-13,0051,Terra,MODIS,29,6.2,304.8,8.3,D,0
-13.6832,141.9737,344.6,1,1,2014-09-13,0051,Terra,MODIS,91,6.2,306.1,38.7,D,0
-12.2452,134.5196,318.6,3.1,1.7,2014-09-13,0051,Terra,MODIS,64,6.2,299.6,39.7,D,0
-12.2741,142.4677,328.3,1,1,2014-09-13,0051,Terra,MODIS,72,6.2,305.9,12.8,D,0
-12.2907,142.4558,325.4,1,1,2014-09-13,0051,Terra,MODIS,63,6.2,304.1,9.4,D,0
-12.6494,142.021,324,1,1,2014-09-13,0051,Terra,MODIS,67,6.2,306.4,9.8,D,0
-11.9441,142.664,328.9,1,1,2014-09-13,0051,Terra,MODIS,68,6.2,302.2,17.6,D,0
-11.7788,142.358,332.5,1,1,2014-09-13,0051,Terra,MODIS,80,6.2,302.9,20.4,D,0
-11.7677,142.2842,333.8,1,1,2014-09-13,0051,Terra,MODIS,84,6.2,301.8,22.3,D,0
-12.2831,142.4663,340.4,1,1,2014-09-13,0051,Terra,MODIS,89,6.2,304.7,30.4,D,0
-12.194,142.4862,321.7,1,1,2014-09-13,0051,Terra,MODIS,45,6.2,303.5,6.5,D,0
-12.648,142.0117,325.6,1,1,2014-09-13,0051,Terra,MODIS,75,6.2,304.8,11.3,D,0
-11.7802,142.3672,325.5,1,1,2014-09-13,0051,Terra,MODIS,41,6.2,302.3,10.9,D,0
-12.2022,142.3564,326.9,1,1,2014-09-13,0051,Terra,MODIS,57,6.2,306,10.6,D,0
-13.0311,142.9771,334.6,1,1,2014-09-13,0051,Terra,MODIS,84,6.2,304.7,25.3,D,0
-12.2589,142.4887,324.5,1,1,2014-09-13,0051,Terra,MODIS,39,6.2,303.6,8.2,D,0
-11.7906,142.375,325.1,1,1,2014-09-13,0051,Terra,MODIS,74,6.2,303.8,9.3,D,0
-12.2665,142.4782,335.5,1,1,2014-09-13,0051,Terra,MODIS,85,6.2,304.1,22.1,D,0
-12.5528,142.36,337.4,1,1,2014-09-13,0051,Terra,MODIS,87,6.2,304.5,27.3,D,0
-12.9584,142.1159,337.9,1,1,2014-09-13,0051,Terra,MODIS,86,6.2,305.6,25.6,D,0
-11.9531,142.6627,328.3,1,1,2014-09-13,0051,Terra,MODIS,73,6.2,301.8,15.8,D,0
-12.2959,136.7779,317,2.1,1.4,2014-09-13,0051,Terra,MODIS,52,6.2,298.2,20.3,D,0
-12.9929,143.346,321,1,1,2014-09-13,0051,Terra,MODIS,66,6.2,297.2,14.2,D,0
-12.9943,143.3552,322.4,1,1,2014-09-13,0051,Terra,MODIS,69,6.2,297.9,15.2,D,0
-11.9351,142.6654,324.8,1,1,2014-09-13,0051,Terra,MODIS,60,6.2,299.1,13.6,D,0
-12.6633,141.9903,326,1,1,2014-09-13,0051,Terra,MODIS,75,6.2,303.5,11.8,D,0
-11.776,142.3395,333.8,1,1,2014-09-13,0051,Terra,MODIS,84,6.2,302.6,23.1,D,0
-12.2817,142.4571,325.2,1,1,2014-09-13,0051,Terra,MODIS,55,6.2,305,8.8,D,0
-11.8741,142.3182,321.7,1,1,2014-09-13,0051,Terra,MODIS,46,6.2,304.3,5.9,D,0
-12.2679,142.4874,327.1,1,1,2014-09-13,0051,Terra,MODIS,65,6.2,302.5,11.2,D,0
-12.5438,142.3613,329.7,1,1,2014-09-13,0051,Terra,MODIS,73,6.2,303.2,15.6,D,0
-12.618,141.9972,343.4,1,1,2014-09-13,0051,Terra,MODIS,91,6.2,304.5,41.1,D,0
-12.6619,141.981,334.9,1,1,2014-09-13,0051,Terra,MODIS,85,6.2,303.7,24,D,0
-15.2873,145.2494,317.1,1.2,1.1,2014-09-13,0052,Terra,MODIS,57,6.2,298.9,12.3,D,0
-15.8107,136.1798,368.5,2,1.4,2014-09-13,0052,Terra,MODIS,100,6.2,313.8,260.7,D,0
-15.3754,135.7141,325.8,2.2,1.4,2014-09-13,0052,Terra,MODIS,72,6.2,307.7,36.9,D,0
-15.5717,145.168,326.1,1.2,1.1,2014-09-13,0052,Terra,MODIS,71,6.2,305.2,14.9,D,0
-15.3615,145.2739,326.9,1.2,1.1,2014-09-13,0052,Terra,MODIS,58,6.2,297.6,28.1,D,0
-15.8191,136.1341,322.2,2,1.4,2014-09-13,0052,Terra,MODIS,29,6.2,308.2,18.2,D,0
-15.5816,145.1666,333.6,1.2,1.1,2014-09-13,0052,Terra,MODIS,84,6.2,306.3,27.6,D,0
-15.8165,136.1905,335.5,1.9,1.4,2014-09-13,0052,Terra,MODIS,79,6.2,311.8,57.3,D,0
-15.5576,136.5352,321.4,1.9,1.3,2014-09-13,0052,Terra,MODIS,45,6.2,305.4,22.8,D,0
-14.8829,145.1297,327.7,1.2,1.1,2014-09-13,0052,Terra,MODIS,78,6.2,299.2,27.2,D,0
-15.8043,136.1927,327.8,1.9,1.4,2014-09-13,0052,Terra,MODIS,57,6.2,309.3,34.5,D,0
-15.361,145.2675,314.9,1.2,1.1,2014-09-13,0052,Terra,MODIS,37,6.2,297.2,12.1,D,0
-15.8076,136.1617,370.3,2,1.4,2014-09-13,0052,Terra,MODIS,100,6.2,310.8,277.6,D,0
-14.7596,144.8794,329.7,1.2,1.1,2014-09-13,0052,Terra,MODIS,57,6.2,300,23.4,D,0
-15.3882,135.712,338.2,2.2,1.4,2014-09-13,0052,Terra,MODIS,86,6.2,308.5,85.7,D,0
-14.7871,144.8645,342.2,1.2,1.1,2014-09-13,0052,Terra,MODIS,90,6.2,304.5,46.9,D,0
-15.48,141.8554,324.9,1,1,2014-09-13,0052,Terra,MODIS,66,6.2,308.1,8.9,D,0
-14.8844,145.1408,327.8,1.2,1.1,2014-09-13,0052,Terra,MODIS,78,6.2,294.7,27.3,D,0
-14.4887,134.3825,322.4,2.8,1.6,2014-09-13,0052,Terra,MODIS,8,6.2,307.5,34.9,D,0
-15.5138,145.1941,321,1.2,1.1,2014-09-13,0052,Terra,MODIS,52,6.2,302.1,15.9,D,0
-15.4786,141.8461,321.3,1,1,2014-09-13,0052,Terra,MODIS,31,6.2,307.1,4.6,D,0
-15.6144,145.1853,328.3,1.2,1.1,2014-09-13,0052,Terra,MODIS,52,6.2,303.6,22.1,D,0
-15.8101,136.1544,345.3,2,1.4,2014-09-13,0052,Terra,MODIS,91,6.2,308,103.6,D,0
-14.8853,145.1347,331.4,1.2,1.1,2014-09-13,0052,Terra,MODIS,82,6.2,298.6,33.2,D,0
-14.2926,141.9215,328.8,1,1,2014-09-13,0052,Terra,MODIS,73,6.2,307.1,15.9,D,0
-15.8011,136.1747,347.4,2,1.4,2014-09-13,0052,Terra,MODIS,93,6.2,310.8,117.6,D,0
-15.2276,145.1132,319.7,1.2,1.1,2014-09-13,0052,Terra,MODIS,55,6.2,296.3,16.8,D,0
-15.8133,136.1725,367.3,2,1.4,2014-09-13,0052,Terra,MODIS,100,6.2,313.7,247.2,D,0
-15.8137,136.1978,329,1.9,1.4,2014-09-13,0052,Terra,MODIS,61,6.2,310.5,37.1,D,0
-14.7559,144.8754,336.7,1.2,1.1,2014-09-13,0052,Terra,MODIS,86,6.2,298.7,35.4,D,0
-15.4477,135.2232,331.6,2.3,1.5,2014-09-13,0052,Terra,MODIS,80,6.2,308.9,57,D,0
-14.2818,132.2513,328.5,4.1,1.9,2014-09-13,0052,Terra,MODIS,77,6.2,301.8,131.5,D,0
-14.2685,132.2482,319.6,4.1,1.9,2014-09-13,0052,Terra,MODIS,41,6.2,301.5,56.2,D,0
-14.2853,132.2447,324.7,4.1,1.9,2014-09-13,0052,Terra,MODIS,71,6.2,301.9,99,D,0
-15.4749,131.6665,318.3,4.3,1.9,2014-09-13,0052,Terra,MODIS,33,6.2,301.9,48.9,D,0
-14.2747,132.2132,323,4.2,1.9,2014-09-13,0052,Terra,MODIS,68,6.2,300.5,81.3,D,0
-13.7067,134.9836,323.5,2.6,1.6,2014-09-13,0052,Terra,MODIS,72,6.2,301.5,45,D,0
-15.4919,131.6628,317.6,4.3,1.9,2014-09-13,0052,Terra,MODIS,28,6.2,301.7,45.4,D,0
-15.527,136.138,323.1,2,1.4,2014-09-13,0052,Terra,MODIS,63,6.2,307.5,23.9,D,0
-15.5301,136.1564,320.5,2,1.4,2014-09-13,0052,Terra,MODIS,48,6.2,307.6,17.2,D,0
-14.3042,132.1607,334.1,4.2,1.9,2014-09-13,0052,Terra,MODIS,83,6.2,301.9,187.4,D,0
-14.3063,132.1526,334.4,4.2,1.9,2014-09-13,0052,Terra,MODIS,83,6.2,302.2,199.4,D,0
-14.3139,132.1911,319,4.2,1.9,2014-09-13,0052,Terra,MODIS,54,6.2,301.3,51.1,D,0
-14.1018,132.3352,321.3,4.1,1.9,2014-09-13,0052,Terra,MODIS,64,6.2,300.6,73,D,0
-14.1149,132.3381,320.7,4.1,1.9,2014-09-13,0052,Terra,MODIS,60,6.2,301.1,65.3,D,0
-15.4561,135.2148,335.3,2.3,1.5,2014-09-13,0052,Terra,MODIS,84,6.2,310.9,75.9,D,0
-15.5326,136.1501,324.7,2,1.4,2014-09-13,0052,Terra,MODIS,70,6.2,308.2,30.7,D,0
-15.8223,136.1522,337.3,2,1.4,2014-09-13,0052,Terra,MODIS,85,6.2,310.2,65.9,D,0
-12.8494,132.5915,320.5,4.2,1.9,2014-09-13,0052,Terra,MODIS,64,6.2,301.5,64.8,D,0
-14.3496,132.308,321,4.1,1.9,2014-09-13,0052,Terra,MODIS,58,6.2,303.2,57.5,D,0
-15.676,145.1119,328.6,1.2,1.1,2014-09-13,0052,Terra,MODIS,79,6.2,301.6,23.2,D,0
-15.6745,145.1008,328.7,1.2,1.1,2014-09-13,0052,Terra,MODIS,79,6.2,302.7,22.7,D,0
-15.6661,145.1132,332.7,1.2,1.1,2014-09-13,0052,Terra,MODIS,83,6.2,301.4,29.8,D,0
-15.6646,145.1022,326,1.2,1.1,2014-09-13,0052,Terra,MODIS,68,6.2,302.9,17.7,D,0
-15.644,145.1747,327.8,1.2,1.1,2014-09-13,0052,Terra,MODIS,78,6.2,303.4,23.7,D,0
-15.6379,145.1285,322.2,1.2,1.1,2014-09-13,0052,Terra,MODIS,42,6.2,301,12.2,D,0
-15.6341,145.1764,327.9,1.2,1.1,2014-09-13,0052,Terra,MODIS,62,6.2,304.6,23.2,D,0
-15.6251,145.1076,324.8,1.2,1.1,2014-09-13,0052,Terra,MODIS,50,6.2,303.4,16.8,D,0
-15.6235,145.0958,324.1,1.2,1.1,2014-09-13,0052,Terra,MODIS,63,6.2,301.5,17.5,D,0
-15.603,145.1753,327.7,1.2,1.1,2014-09-13,0052,Terra,MODIS,59,6.2,305.2,19.3,D,0
-12.8325,132.5946,329.2,4.2,1.9,2014-09-13,0052,Terra,MODIS,79,6.2,301.4,141.9,D,0
-14.3527,132.2998,319.5,4.1,1.9,2014-09-13,0052,Terra,MODIS,49,6.2,303.3,47.7,D,0
-15.6815,145.2279,320.9,1.2,1.1,2014-09-13,0052,Terra,MODIS,68,6.2,299.5,17.9,D,0
-12.846,132.5978,332.8,4.2,1.9,2014-09-13,0052,Terra,MODIS,83,6.2,301.8,178,D,0
-15.5152,135.1075,328.6,2.4,1.5,2014-09-13,0052,Terra,MODIS,75,6.2,308.1,50.3,D,0
-15.5201,135.1128,325.2,2.4,1.5,2014-09-13,0052,Terra,MODIS,62,6.2,307.7,35.9,D,0
-14.8271,142.7335,328.6,1,1,2014-09-13,0052,Terra,MODIS,74,6.2,307.9,13.8,D,0
-16.7004,135.3884,320.2,2.1,1.4,2014-09-13,0052,Terra,MODIS,48,6.2,308.1,19,D,0
-16.7111,135.4476,321.1,2.1,1.4,2014-09-13,0052,Terra,MODIS,54,6.2,308.2,21.1,D,0
-16.7167,135.4057,322,2.1,1.4,2014-09-13,0052,Terra,MODIS,50,6.2,308.6,24.2,D,0
-16.7335,135.2785,324.1,2.2,1.4,2014-09-13,0052,Terra,MODIS,55,6.2,307.7,31.2,D,0
-14.3673,143.3725,322,1,1,2014-09-13,0052,Terra,MODIS,60,6.2,302.3,9.8,D,0
-13.2424,134.794,338.7,2.8,1.6,2014-09-13,0052,Terra,MODIS,88,6.2,304.5,128.1,D,0
-13.2567,134.7915,326,2.8,1.6,2014-09-13,0052,Terra,MODIS,76,6.2,303.8,48.9,D,0
-13.2496,134.8126,325.6,2.8,1.6,2014-09-13,0052,Terra,MODIS,75,6.2,305.8,47.7,D,0
-13.245,134.7875,337.9,2.8,1.6,2014-09-13,0052,Terra,MODIS,87,6.2,303.7,121.1,D,0
-16.3749,136.7393,331.9,1.7,1.3,2014-09-13,0052,Terra,MODIS,79,6.2,310,39.3,D,0
-16.372,136.7231,327.3,1.7,1.3,2014-09-13,0052,Terra,MODIS,73,6.2,309.4,26.4,D,0
-16.3836,136.721,324.7,1.7,1.3,2014-09-13,0052,Terra,MODIS,62,6.2,308.6,20,D,0
-16.3864,136.7372,337.1,1.7,1.3,2014-09-13,0052,Terra,MODIS,85,6.2,311,56.4,D,0
-14.3878,142.1274,324.6,1,1,2014-09-13,0052,Terra,MODIS,63,6.2,306.4,10.3,D,0
-13.4605,134.541,318.3,2.9,1.6,2014-09-13,0052,Terra,MODIS,61,6.2,301.6,27.8,D,0
-13.4596,134.5481,327.3,2.9,1.6,2014-09-13,0052,Terra,MODIS,78,6.2,302.1,70.5,D,0
-14.3851,142.109,322.6,1,1,2014-09-13,0052,Terra,MODIS,51,6.2,307.4,6.6,D,0
-13.4653,134.5672,330.6,2.9,1.6,2014-09-13,0052,Terra,MODIS,81,6.2,303.3,91.2,D,0
-13.4643,134.5743,327.4,2.9,1.6,2014-09-13,0052,Terra,MODIS,78,6.2,303.3,71.9,D,0
-14.3865,142.1182,321,1,1,2014-09-13,0052,Terra,MODIS,47,6.2,307,6.1,D,0
-16.5114,132.2669,320.8,3.7,1.8,2014-09-13,0053,Terra,MODIS,18,6.2,303.4,63.4,D,0
-16.5274,132.2635,346.8,3.7,1.8,2014-09-13,0053,Terra,MODIS,93,6.2,304.9,304.5,D,0
-16.5595,132.2568,347.4,3.7,1.8,2014-09-13,0053,Terra,MODIS,93,6.2,303.4,317.1,D,0
-16.5661,132.2908,340.7,3.7,1.8,2014-09-13,0053,Terra,MODIS,89,6.2,305.8,223,D,0
-16.5247,132.2921,331.3,3.7,1.8,2014-09-13,0053,Terra,MODIS,56,6.2,304.1,120.8,D,0
-16.5339,132.2547,334.6,3.7,1.8,2014-09-13,0053,Terra,MODIS,69,6.2,303.9,166.3,D,0
-16.5567,132.2854,333.8,3.7,1.8,2014-09-13,0053,Terra,MODIS,75,6.2,305.8,153.3,D,0
-16.5821,132.2874,327.5,3.7,1.8,2014-09-13,0053,Terra,MODIS,62,6.2,302.9,105.9,D,0
-16.5794,132.3159,331.1,3.7,1.8,2014-09-13,0053,Terra,MODIS,80,6.2,305.8,126.1,D,0
-16.9341,132.4644,332.4,3.5,1.8,2014-09-13,0053,Terra,MODIS,51,6.2,303.8,124,D,0
-16.9403,132.4967,333.8,3.5,1.8,2014-09-13,0053,Terra,MODIS,73,6.2,305.4,141.5,D,0
-16.9268,132.4585,338.6,3.5,1.8,2014-09-13,0053,Terra,MODIS,74,6.2,304.8,183.5,D,0
-16.9333,132.4908,341.8,3.5,1.8,2014-09-13,0053,Terra,MODIS,90,6.2,306.6,223.8,D,0
-16.5312,132.3688,329.2,3.6,1.8,2014-09-13,0053,Terra,MODIS,54,6.2,303.9,114.1,D,0
-16.5383,132.3598,330.2,3.6,1.8,2014-09-13,0053,Terra,MODIS,71,6.2,305.1,103,D,0
-17.3163,135.0779,334.6,2.2,1.4,2014-09-13,0053,Terra,MODIS,81,6.2,308.8,68.7,D,0
-16.5208,132.2293,342.3,3.7,1.8,2014-09-13,0053,Terra,MODIS,90,6.2,302.7,261.3,D,0
-16.527,132.2206,337.5,3.7,1.8,2014-09-13,0053,Terra,MODIS,87,6.2,301,205.8,D,0
-16.6988,132.285,328.4,3.7,1.8,2014-09-13,0053,Terra,MODIS,44,6.2,305.2,103.9,D,0
-16.7213,132.3154,328.3,3.6,1.8,2014-09-13,0053,Terra,MODIS,78,6.2,306.1,105.6,D,0
-16.7278,132.3493,324.8,3.6,1.8,2014-09-13,0053,Terra,MODIS,70,6.2,304.4,72.5,D,0
-16.7307,132.2782,330.3,3.7,1.8,2014-09-13,0053,Terra,MODIS,74,6.2,303,129.6,D,0
-16.7372,132.3121,325.1,3.6,1.8,2014-09-13,0053,Terra,MODIS,24,6.2,303.5,79.9,D,0
-16.7218,132.2727,334.9,3.7,1.8,2014-09-13,0053,Terra,MODIS,66,6.2,304.3,165.2,D,0
-16.7285,132.3064,336.8,3.6,1.8,2014-09-13,0053,Terra,MODIS,84,6.2,304.9,179.5,D,0
-16.7242,132.2444,320.3,3.7,1.8,2014-09-13,0053,Terra,MODIS,59,6.2,302,66.2,D,0
-16.8686,132.5175,322,3.5,1.8,2014-09-13,0053,Terra,MODIS,69,6.2,305.9,47.7,D,0
-16.862,132.5131,323.7,3.5,1.8,2014-09-13,0053,Terra,MODIS,72,6.2,306.1,59.9,D,0
-16.5885,132.3213,323.9,3.7,1.8,2014-09-13,0053,Terra,MODIS,46,6.2,305.1,71,D,0
-16.655,132.3993,319.4,3.6,1.8,2014-09-13,0053,Terra,MODIS,60,6.2,306.3,34.6,D,0
-16.8898,132.4053,330.3,3.6,1.8,2014-09-13,0053,Terra,MODIS,46,6.2,306.1,114,D,0
-16.9183,132.4676,327.2,3.5,1.8,2014-09-13,0053,Terra,MODIS,40,6.2,306.8,78.4,D,0
-16.9247,132.5001,324.9,3.5,1.8,2014-09-13,0053,Terra,MODIS,38,6.2,306.5,68.6,D,0
-16.9149,132.3656,326.6,3.6,1.8,2014-09-13,0053,Terra,MODIS,42,6.2,301,100.6,D,0
-16.9214,132.3988,351.3,3.6,1.8,2014-09-13,0053,Terra,MODIS,95,6.2,304.3,348.1,D,0
-16.9136,132.3929,354.5,3.6,1.8,2014-09-13,0053,Terra,MODIS,97,6.2,305.9,403.3,D,0
-16.9203,132.4259,342.3,3.5,1.8,2014-09-13,0053,Terra,MODIS,85,6.2,305.9,229.4,D,0
-16.9288,135.4137,326.3,2.1,1.4,2014-09-13,0053,Terra,MODIS,42,6.2,308.2,30.6,D,0
-16.9414,135.4113,330.6,2.1,1.4,2014-09-13,0053,Terra,MODIS,68,6.2,310.3,45.1,D,0
-16.9443,135.4238,327.4,2.1,1.4,2014-09-13,0053,Terra,MODIS,40,6.2,308.8,33.9,D,0
-16.8711,135.384,325.5,2.1,1.4,2014-09-13,0053,Terra,MODIS,33,6.2,308.6,33.2,D,0
-16.8837,135.3816,325.5,2.1,1.4,2014-09-13,0053,Terra,MODIS,18,6.2,309.5,31.7,D,0
-17.3328,135.0958,330.2,2.2,1.4,2014-09-13,0053,Terra,MODIS,50,6.2,306.9,50,D,0
-17.3605,135.1055,327.6,2.2,1.4,2014-09-13,0053,Terra,MODIS,19,6.2,306.8,38.7,D,0
-19.1534,146.5568,315.3,1.7,1.3,2014-09-13,0053,Terra,MODIS,27,6.2,298.7,13.9,D,0
-19.1553,146.5728,333.4,1.7,1.3,2014-09-13,0053,Terra,MODIS,63,6.2,300.1,55.4,D,0
-20.738,139.4788,328.4,1.1,1,2014-09-13,0053,Terra,MODIS,71,6.2,311.8,14.5,D,2
-18.2687,130.2211,315.6,4.8,2,2014-09-13,0053,Terra,MODIS,42,6.2,303.2,52.9,D,0
-18.2667,130.2163,316.4,4.8,2,2014-09-13,0053,Terra,MODIS,49,6.2,303.1,62,D,0
-33.0085,137.5821,313.3,1,1,2014-09-13,0057,Terra,MODIS,58,6.2,301,5.4,D,0
-33.0101,137.5928,314.9,1,1,2014-09-13,0057,Terra,MODIS,0,6.2,300.8,6.6,D,2
-34.7055,142.9043,307.8,1.6,1.2,2014-09-13,0057,Terra,MODIS,46,6.2,297.5,8.5,D,0
-14.7227,126.5652,332.8,3.3,1.7,2014-09-13,0230,Terra,MODIS,77,6.2,300,126.6,D,0
-14.7382,126.5632,338.4,3.3,1.7,2014-09-13,0230,Terra,MODIS,87,6.2,297.7,178,D,0
-14.7336,126.5575,343.1,3.3,1.7,2014-09-13,0230,Terra,MODIS,90,6.2,299.2,216.6,D,0
-19.0494,126.3835,341.8,3.7,1.8,2014-09-13,0231,Terra,MODIS,87,6.2,309.3,213.7,D,0
-19.0528,126.4185,411.6,3.7,1.8,2014-09-13,0231,Terra,MODIS,100,6.2,316.3,2110.7,D,0
-19.0561,126.4535,332.4,3.7,1.8,2014-09-13,0231,Terra,MODIS,77,6.2,307.3,123.7,D,0
-19.0656,126.382,327.3,3.7,1.8,2014-09-13,0231,Terra,MODIS,67,6.2,305.8,82.8,D,0
-19.069,126.4169,360.5,3.7,1.8,2014-09-13,0231,Terra,MODIS,100,6.2,305.3,503.9,D,0
-19.0467,126.4476,350.1,3.7,1.8,2014-09-13,0231,Terra,MODIS,94,6.2,309,327.4,D,0
-19.0598,126.4109,406.6,3.7,1.8,2014-09-13,0231,Terra,MODIS,100,6.2,313.1,1883.1,D,0
-19.063,126.4461,339.9,3.7,1.8,2014-09-13,0231,Terra,MODIS,86,6.2,307.4,207.7,D,0
-19.0365,126.4201,349.7,3.7,1.8,2014-09-13,0231,Terra,MODIS,93,6.2,310.2,315.1,D,0
-19.0436,126.4126,372.6,3.7,1.8,2014-09-13,0231,Terra,MODIS,100,6.2,312.9,740.6,D,0
-18.6483,127.2902,332.5,4.3,1.9,2014-09-13,0231,Terra,MODIS,77,6.2,308.5,154.1,D,0
-18.6504,127.2828,330.4,4.3,1.9,2014-09-13,0231,Terra,MODIS,74,6.2,308.3,131.2,D,0
-18.6676,127.281,341.5,4.3,1.9,2014-09-13,0231,Terra,MODIS,87,6.2,307.9,276,D,0
-18.6848,127.2792,329,4.3,1.9,2014-09-13,0231,Terra,MODIS,68,6.2,304.4,130,D,0
-18.6699,127.2756,340.8,4.3,1.9,2014-09-13,0231,Terra,MODIS,86,6.2,307.9,261,D,0
-18.6522,127.3304,328,4.3,1.9,2014-09-13,0231,Terra,MODIS,69,6.2,307,108.2,D,0
-18.654,127.3231,331.6,4.3,1.9,2014-09-13,0231,Terra,MODIS,76,6.2,307.6,146.5,D,0
-19.0164,126.4627,325.1,3.7,1.8,2014-09-13,0231,Terra,MODIS,47,6.2,309,63.6,D,0
-19.0235,126.4567,326.5,3.7,1.8,2014-09-13,0231,Terra,MODIS,61,6.2,308.9,80.7,D,0
-19.0398,126.4551,334.8,3.7,1.8,2014-09-13,0231,Terra,MODIS,80,6.2,308,141.9,D,0
-18.1706,123.7791,337,2.3,1.5,2014-09-13,0231,Terra,MODIS,82,6.2,312.8,66.1,D,0
-18.1674,123.774,333.3,2.3,1.5,2014-09-13,0231,Terra,MODIS,78,6.2,313.1,48.3,D,0
-18.1697,123.7955,329.8,2.3,1.5,2014-09-13,0231,Terra,MODIS,59,6.2,314.1,35.5,D,0
-15.9748,127.6947,322.8,4.2,1.9,2014-09-13,0231,Terra,MODIS,58,6.2,306.1,60.6,D,0
-15.9776,127.687,323.3,4.2,1.9,2014-09-13,0231,Terra,MODIS,65,6.2,305.7,64.7,D,0
-16.6597,124.0986,352,2.3,1.5,2014-09-13,0231,Terra,MODIS,95,6.2,307.7,171.5,D,0
-16.6634,124.1049,353.4,2.3,1.5,2014-09-13,0231,Terra,MODIS,96,6.2,308.5,183.1,D,0
-16.6753,124.1185,335,2.3,1.5,2014-09-13,0231,Terra,MODIS,83,6.2,307.8,71.1,D,0
-16.6621,124.12,332.8,2.3,1.5,2014-09-13,0231,Terra,MODIS,81,6.2,309.6,57.5,D,0
-16.6791,124.1248,330.3,2.3,1.5,2014-09-13,0231,Terra,MODIS,63,6.2,308.3,45.2,D,0
-16.632,124.0652,330.3,2.3,1.5,2014-09-13,0231,Terra,MODIS,62,6.2,307.4,47.4,D,0
-16.6286,124.1524,325.6,2.3,1.5,2014-09-13,0231,Terra,MODIS,63,6.2,307.8,31.9,D,0
-17.9501,122.7809,350,1.9,1.3,2014-09-13,0231,Terra,MODIS,87,6.2,320.5,97.9,D,0
-16.6465,124.1001,335,2.3,1.5,2014-09-13,0231,Terra,MODIS,83,6.2,307.3,66.8,D,0
-16.6659,124.1263,327.7,2.3,1.5,2014-09-13,0231,Terra,MODIS,45,6.2,309.6,35.3,D,0
-16.6418,124.0574,327.4,2.3,1.5,2014-09-13,0231,Terra,MODIS,52,6.2,306.1,37,D,0
-15.9135,128.3333,320.5,4.7,2,2014-09-13,0231,Terra,MODIS,32,6.2,304.2,60.9,D,0
-16.6501,124.1064,344.4,2.3,1.5,2014-09-13,0231,Terra,MODIS,91,6.2,308.5,115.8,D,0
-17.9539,122.7737,344.5,1.9,1.3,2014-09-13,0231,Terra,MODIS,66,6.2,319.4,70.8,D,0
-16.6261,124.1307,324.8,2.3,1.5,2014-09-13,0231,Terra,MODIS,37,6.2,306.8,25.1,D,0
-18.0048,122.8956,333.5,1.9,1.4,2014-09-13,0231,Terra,MODIS,55,6.2,317.7,34.8,D,0
-22.0066,120.2969,361.9,1.5,1.2,2014-09-13,0232,Terra,MODIS,100,6.2,316.8,131.2,D,0
-22.0174,120.2953,367.2,1.5,1.2,2014-09-13,0232,Terra,MODIS,100,6.2,311.1,160.2,D,0
-22.0526,120.2838,331.1,1.5,1.2,2014-09-13,0232,Terra,MODIS,71,6.2,307.9,30.6,D,0
-22.0049,120.2828,348.5,1.4,1.2,2014-09-13,0232,Terra,MODIS,93,6.2,311.6,76.4,D,0
-22.0543,120.2979,330.4,1.5,1.2,2014-09-13,0232,Terra,MODIS,64,6.2,311.4,27,D,0
-31.8636,115.9077,307.5,1.1,1.1,2014-09-13,0235,Terra,MODIS,35,6.2,292.9,2.9,D,0
-32.0678,115.9207,308.5,1.1,1.1,2014-09-13,0235,Terra,MODIS,24,6.2,294.3,3.3,D,2
-31.8621,115.896,308.1,1.1,1.1,2014-09-13,0235,Terra,MODIS,60,6.2,292.6,3.6,D,0
-31.91,115.8158,308.5,1.1,1,2014-09-13,0235,Terra,MODIS,16,6.2,293,4.2,D,0
-32.1234,115.8684,305.1,1.1,1.1,2014-09-13,0235,Terra,MODIS,41,6.2,291.8,3.5,D,0
-32.0663,115.9089,308.9,1.1,1.1,2014-09-13,0235,Terra,MODIS,28,6.2,293.6,3.8,D,0
-33.2452,115.7471,305.6,1.1,1.1,2014-09-13,0236,Terra,MODIS,62,6.2,290.8,6.6,D,0
-33.2467,115.7593,302.5,1.1,1.1,2014-09-13,0236,Terra,MODIS,45,6.2,290.7,4.4,D,0
-33.3607,115.6774,303.1,1.1,1.1,2014-09-13,0236,Terra,MODIS,24,6.2,292.6,4.2,D,0
-35.4541,145.5775,307.6,3.3,1.7,2014-09-13,0334,Aqua,MODIS,66,6.2,294.3,34.1,D,0
-35.459,145.57,305.3,3.3,1.7,2014-09-13,0334,Aqua,MODIS,60,6.2,294.1,23.3,D,0
-28.4194,152.2742,312,1.1,1,2014-09-13,0336,Aqua,MODIS,48,6.2,296.1,9.1,D,0
-29.6029,148.6413,345.2,1.8,1.3,2014-09-13,0336,Aqua,MODIS,92,6.2,310.6,94.1,D,0
-29.5997,148.6297,343.3,1.8,1.3,2014-09-13,0336,Aqua,MODIS,91,6.2,310.2,85.3,D,0
-29.6115,148.6313,323,1.8,1.3,2014-09-13,0336,Aqua,MODIS,67,6.2,309.6,19.8,D,0
-29.6048,148.623,330.7,1.8,1.3,2014-09-13,0336,Aqua,MODIS,81,6.2,309.6,41.6,D,0
-29.598,148.648,327,1.8,1.3,2014-09-13,0336,Aqua,MODIS,77,6.2,309.5,29.9,D,0
-27.4912,151.5853,308.9,1.1,1.1,2014-09-13,0336,Aqua,MODIS,67,6.2,275.6,11.2,D,0
-27.5321,149.0901,323.2,1.5,1.2,2014-09-13,0336,Aqua,MODIS,67,6.2,304.5,26,D,0
-19.3157,146.6674,348.9,1.7,1.3,2014-09-13,0339,Aqua,MODIS,94,6.2,297.3,114.1,D,0
-19.3138,146.684,340.6,1.7,1.3,2014-09-13,0339,Aqua,MODIS,89,6.2,298.8,78.3,D,0
-14.9396,144.9231,321.6,2,1.4,2014-09-13,0340,Aqua,MODIS,66,6.2,297.7,35.4,D,0
-14.9532,145.129,324.9,2,1.4,2014-09-13,0340,Aqua,MODIS,68,6.2,299.6,42.6,D,0
-14.9352,144.9615,327.4,2,1.4,2014-09-13,0340,Aqua,MODIS,76,6.2,298,51.4,D,0
-15.4563,144.9375,319,2.1,1.4,2014-09-13,0340,Aqua,MODIS,60,6.2,300.1,26.4,D,0
-14.8896,145.1392,331.7,2,1.4,2014-09-13,0340,Aqua,MODIS,81,6.2,298.4,61.9,D,0
-15.4576,144.9442,321,2.1,1.4,2014-09-13,0340,Aqua,MODIS,56,6.2,300.7,29.6,D,0
-14.8916,145.121,329.8,2,1.4,2014-09-13,0340,Aqua,MODIS,79,6.2,300.6,55.4,D,0
-14.7476,144.8772,326.6,2,1.4,2014-09-13,0340,Aqua,MODIS,41,6.2,301.8,39.6,D,0
-14.9331,144.954,327.5,2,1.4,2014-09-13,0340,Aqua,MODIS,75,6.2,298.5,50.7,D,0
-15.4792,144.9597,328.3,2.1,1.4,2014-09-13,0340,Aqua,MODIS,78,6.2,302.1,50.3,D,0
-15.4784,144.9862,339.7,2.1,1.4,2014-09-13,0340,Aqua,MODIS,88,6.2,301.3,95.1,D,0
-14.9374,144.9421,325.3,2,1.4,2014-09-13,0340,Aqua,MODIS,73,6.2,299.3,46.6,D,0
-14.5293,141.6675,320.9,3.6,1.8,2014-09-13,0340,Aqua,MODIS,68,6.2,302.3,54.3,D,0
-14.95,144.9435,326.5,2,1.4,2014-09-13,0340,Aqua,MODIS,75,6.2,298,50.7,D,0
-14.7515,144.8657,338.5,2,1.4,2014-09-13,0340,Aqua,MODIS,85,6.2,301.9,85.7,D,0
-15.1872,145.1386,316.3,2,1.4,2014-09-13,0340,Aqua,MODIS,44,6.2,295.3,27,D,0
-16.0206,145.1285,319.2,2,1.4,2014-09-13,0340,Aqua,MODIS,59,6.2,297.6,35.8,D,0
-14.9477,144.9624,317.9,2,1.4,2014-09-13,0340,Aqua,MODIS,46,6.2,296.1,25.7,D,0
-15.4806,144.9668,346.2,2.1,1.4,2014-09-13,0340,Aqua,MODIS,92,6.2,303.1,127.7,D,0
-15.4769,144.9789,346.6,2.1,1.4,2014-09-13,0340,Aqua,MODIS,93,6.2,302.7,133,D,0
-14.7891,144.8707,334.5,2,1.4,2014-09-13,0340,Aqua,MODIS,72,6.2,303.5,65.9,D,0
-14.8862,145.1315,346.4,2,1.4,2014-09-13,0340,Aqua,MODIS,92,6.2,300.6,128.6,D,0
-14.9884,142.0437,328.9,3.4,1.7,2014-09-13,0340,Aqua,MODIS,63,6.2,307.8,79.1,D,0
-15.0016,142.0173,322.9,3.4,1.7,2014-09-13,0340,Aqua,MODIS,59,6.2,307.6,45.4,D,0
-15.1002,143.7505,349.8,2.5,1.5,2014-09-13,0340,Aqua,MODIS,94,6.2,304.8,199.5,D,0
-15.1028,143.7272,345.9,2.5,1.5,2014-09-13,0340,Aqua,MODIS,92,6.2,302.1,173.4,D,0
-14.3873,142.0043,322.1,3.4,1.7,2014-09-13,0340,Aqua,MODIS,65,6.2,301.4,62.2,D,0
-14.3906,141.9731,332,3.4,1.7,2014-09-13,0340,Aqua,MODIS,82,6.2,301.2,135.6,D,0
-14.9983,142.049,328.1,3.4,1.7,2014-09-13,0340,Aqua,MODIS,76,6.2,308.3,79.3,D,0
-13.5167,141.8461,316.8,3.4,1.7,2014-09-13,0340,Aqua,MODIS,31,6.2,297.6,33.6,D,0
-13.6837,141.9704,317.4,3.3,1.7,2014-09-13,0340,Aqua,MODIS,52,6.2,298.7,39.2,D,0
-14.3894,142.1289,316.7,3.3,1.7,2014-09-13,0340,Aqua,MODIS,49,6.2,302.5,27.5,D,0
-15.6331,145.0888,321.8,2,1.4,2014-09-13,0340,Aqua,MODIS,46,6.2,295,30.6,D,0
-14.7499,144.8584,333,2,1.4,2014-09-13,0340,Aqua,MODIS,74,6.2,301,64.4,D,0
-15.508,144.9504,317.5,2.1,1.4,2014-09-13,0340,Aqua,MODIS,19,6.2,302.1,15.7,D,0
-15.5058,144.9694,324.4,2.1,1.4,2014-09-13,0340,Aqua,MODIS,72,6.2,301.8,36.6,D,0
-14.7914,144.8516,330.1,2.1,1.4,2014-09-13,0340,Aqua,MODIS,26,6.2,303.7,49.4,D,0
-11.7673,142.236,321.8,3,1.6,2014-09-13,0341,Aqua,MODIS,17,6.2,298.3,47.3,D,0
-11.783,142.339,324.4,2.9,1.6,2014-09-13,0341,Aqua,MODIS,68,6.2,296.3,54.7,D,0
-11.7845,142.3466,326.3,2.9,1.6,2014-09-13,0341,Aqua,MODIS,79,6.2,296.9,66.7,D,0
-12.6267,141.9874,330.5,3.2,1.7,2014-09-13,0341,Aqua,MODIS,83,6.2,299.3,106.7,D,0
-12.6236,141.9919,330,3.2,1.7,2014-09-13,0341,Aqua,MODIS,83,6.2,299.2,103.5,D,0
-11.7634,142.2553,318,2.9,1.6,2014-09-13,0341,Aqua,MODIS,26,6.2,297,33.8,D,0
-12.2831,142.4619,321.6,2.9,1.6,2014-09-13,0341,Aqua,MODIS,71,6.2,300.6,29.8,D,0
-12.6269,141.9626,316.2,3.2,1.7,2014-09-13,0341,Aqua,MODIS,50,6.2,296.7,26.7,D,0
-23.2052,128.8652,339.4,1,1,2014-09-13,0516,Aqua,MODIS,82,6.2,319.1,22,D,0
-23.2038,128.875,341.1,1,1,2014-09-13,0516,Aqua,MODIS,84,6.2,319.7,25.6,D,0
-23.1991,128.844,332.8,1,1,2014-09-13,0516,Aqua,MODIS,71,6.2,317.6,12.7,D,0
-23.1977,128.8538,346.1,1,1,2014-09-13,0516,Aqua,MODIS,89,6.2,320,34.7,D,0
-22.101,134.3435,338,2,1.4,2014-09-13,0516,Aqua,MODIS,83,6.2,314.1,69.7,D,0
-22.0951,134.3547,324.7,2,1.4,2014-09-13,0516,Aqua,MODIS,51,6.2,313.3,21.2,D,0
-22.0986,134.3355,335.3,2,1.4,2014-09-13,0516,Aqua,MODIS,79,6.2,313.2,58.2,D,0
-22.3722,127.947,337.3,1,1,2014-09-13,0516,Aqua,MODIS,76,6.2,316.9,19.2,D,0
-22.3749,127.9276,382.3,1,1,2014-09-13,0516,Aqua,MODIS,100,6.2,320.5,141.5,D,0
-22.3659,127.9261,344.5,1,1,2014-09-13,0516,Aqua,MODIS,87,6.2,320.8,30.1,D,0
-22.3673,127.9164,334.4,1,1,2014-09-13,0516,Aqua,MODIS,61,6.2,320.4,13.3,D,0
-22.2616,127.9525,349.5,1,1,2014-09-13,0516,Aqua,MODIS,92,6.2,318.2,41.6,D,0
-22.263,127.9428,347.3,1,1,2014-09-13,0516,Aqua,MODIS,89,6.2,318.1,36.9,D,0
-22.254,127.9413,354.6,1,1,2014-09-13,0516,Aqua,MODIS,96,6.2,318.2,52.6,D,0
-23.5806,129.3683,331.6,1,1,2014-09-13,0516,Aqua,MODIS,43,6.2,315.9,12.8,D,0
-23.5821,129.3583,375.8,1,1,2014-09-13,0516,Aqua,MODIS,100,6.2,320.3,122.6,D,0
-23.5836,129.3483,347.8,1,1,2014-09-13,0516,Aqua,MODIS,91,6.2,318.4,39.7,D,0
-23.5741,129.3615,350,1,1,2014-09-13,0516,Aqua,MODIS,92,6.2,318.1,43.7,D,0
-23.5756,129.3515,332.5,1,1,2014-09-13,0516,Aqua,MODIS,69,6.2,319.8,12.2,D,0
-23.1185,129.0756,336.8,1,1,2014-09-13,0516,Aqua,MODIS,70,6.2,319.6,18.5,D,0
-23.1454,129.0196,329.2,1,1,2014-09-13,0516,Aqua,MODIS,58,6.2,316.7,9,D,0
-23.12,129.0658,339.1,1,1,2014-09-13,0516,Aqua,MODIS,78,6.2,318.3,21.6,D,0
-23.1229,129.046,331.1,1,1,2014-09-13,0516,Aqua,MODIS,41,6.2,318.2,10.9,D,0
-23.1109,129.0642,332.5,1,1,2014-09-13,0516,Aqua,MODIS,39,6.2,317.4,11.4,D,0
-22.2513,127.9606,331.7,1,1,2014-09-13,0516,Aqua,MODIS,61,6.2,319.3,11.3,D,0
-22.2526,127.951,385.1,1,1,2014-09-13,0516,Aqua,MODIS,100,6.2,321.3,155.6,D,0
-18.3166,130.4641,334.6,1.3,1.1,2014-09-13,0517,Aqua,MODIS,75,6.2,317.7,21.5,D,0
-20.1029,128.1192,343.7,1,1,2014-09-13,0517,Aqua,MODIS,86,6.2,314.9,32,D,0
-20.1,128.1384,327.8,1,1,2014-09-13,0517,Aqua,MODIS,31,6.2,313.1,8.8,D,0
-18.5261,130.3055,328.7,1.3,1.1,2014-09-13,0517,Aqua,MODIS,58,6.2,317.3,11.2,D,0
-18.5361,130.3072,345.6,1.3,1.1,2014-09-13,0517,Aqua,MODIS,89,6.2,318,47.6,D,0
-18.5342,130.319,363.1,1.3,1.1,2014-09-13,0517,Aqua,MODIS,100,6.2,321.2,105.7,D,0
-18.742,130.2433,327.8,1.2,1.1,2014-09-13,0517,Aqua,MODIS,48,6.2,315.7,10,D,0
-18.6768,130.2606,337.9,1.2,1.1,2014-09-13,0517,Aqua,MODIS,80,6.2,318.9,28.4,D,0
-20.1057,128.1,406.3,1,1,2014-09-13,0517,Aqua,MODIS,100,6.2,321,278.4,D,0
-20.1189,128.0727,362.9,1,1,2014-09-13,0517,Aqua,MODIS,100,6.2,310.4,79.4,D,0
-20.1175,128.0823,407.1,1,1,2014-09-13,0517,Aqua,MODIS,100,6.2,327.6,284.4,D,0
-20.1161,128.0919,361.7,1,1,2014-09-13,0517,Aqua,MODIS,100,6.2,318.7,74.4,D,0
-20.1147,128.1015,341.8,1,1,2014-09-13,0517,Aqua,MODIS,84,6.2,312.8,29.5,D,0
-20.1321,128.0455,329.7,1,1,2014-09-13,0517,Aqua,MODIS,57,6.2,306.2,15.5,D,0
-20.1307,128.055,403.9,1,1,2014-09-13,0517,Aqua,MODIS,100,6.2,317.4,266.4,D,0
-18.2144,130.1477,335.8,1.2,1.1,2014-09-13,0517,Aqua,MODIS,77,6.2,318.1,20,D,0
-18.2466,130.2013,333.5,1.2,1.1,2014-09-13,0517,Aqua,MODIS,53,6.2,318.4,13.4,D,0
-18.2565,130.2031,333,1.2,1.1,2014-09-13,0517,Aqua,MODIS,43,6.2,319.1,12.3,D,0
-18.6787,130.249,382.6,1.2,1.1,2014-09-13,0517,Aqua,MODIS,100,6.2,322.8,197.6,D,0
-18.6806,130.2374,400.1,1.2,1.1,2014-09-13,0517,Aqua,MODIS,100,6.2,325.2,317.4,D,0
-20.1384,128.0661,357.9,1,1,2014-09-13,0517,Aqua,MODIS,98,6.2,309.8,68.6,D,0
-20.1398,128.0565,423.2,1,1,2014-09-13,0517,Aqua,MODIS,100,6.2,320.5,413.8,D,0
-20.1412,128.047,364.7,1,1,2014-09-13,0517,Aqua,MODIS,100,6.2,307.6,87.3,D,0
-20.1251,128.0934,382.6,1,1,2014-09-13,0517,Aqua,MODIS,100,6.2,313.6,150.7,D,0
-20.1265,128.0838,376.5,1,1,2014-09-13,0517,Aqua,MODIS,100,6.2,312.4,125.3,D,0
-20.1279,128.0742,417.5,1,1,2014-09-13,0517,Aqua,MODIS,100,6.2,321.3,363.8,D,0
-20.1293,128.0646,429.5,1,1,2014-09-13,0517,Aqua,MODIS,100,6.2,327,471,D,0
-20.0575,127.4157,333.7,1,1,2014-09-13,0517,Aqua,MODIS,69,6.2,320.1,11.1,D,0
-20.0189,128.2572,335.3,1,1,2014-09-13,0517,Aqua,MODIS,33,6.2,317.7,14.6,D,0
-20.0084,128.2654,334.1,1,1,2014-09-13,0517,Aqua,MODIS,42,6.2,314.9,13.7,D,0
-20.0099,128.2557,333.7,1,1,2014-09-13,0517,Aqua,MODIS,32,6.2,318.5,12.1,D,0
-18.2664,130.205,334.2,1.2,1.1,2014-09-13,0517,Aqua,MODIS,59,6.2,319.3,15,D,0
-18.3185,130.452,357.1,1.3,1.1,2014-09-13,0517,Aqua,MODIS,98,6.2,320.8,84.5,D,0
-19.8651,127.4112,365,1,1,2014-09-13,0517,Aqua,MODIS,100,6.2,321.8,78.6,D,0
-18.2163,130.1361,332,1.2,1.1,2014-09-13,0517,Aqua,MODIS,68,6.2,319.5,12.6,D,0
-19.8637,127.4207,335.1,1,1,2014-09-13,0517,Aqua,MODIS,72,6.2,318.4,13.7,D,0
-18.7417,130.2365,329.7,1.2,1.1,2014-09-13,0517,Aqua,MODIS,50,6.2,316.7,12.5,D,0
-18.7439,130.2317,330.2,1.2,1.1,2014-09-13,0517,Aqua,MODIS,65,6.2,317.7,14.1,D,0
-20.0141,128.2268,331.6,1,1,2014-09-13,0517,Aqua,MODIS,44,6.2,317.8,8.6,D,0
-20.0393,128.1817,332,1,1,2014-09-13,0517,Aqua,MODIS,18,6.2,317.3,10.4,D,0
-20.0469,128.1929,378.3,1,1,2014-09-13,0517,Aqua,MODIS,100,6.2,321.8,124.6,D,0
-20.0455,128.2025,407.5,1,1,2014-09-13,0517,Aqua,MODIS,100,6.2,325.8,280.5,D,0
-20.0441,128.2121,343,1,1,2014-09-13,0517,Aqua,MODIS,85,6.2,318.9,24.2,D,0
-20.0601,128.1655,354,1,1,2014-09-13,0517,Aqua,MODIS,95,6.2,314.6,52.7,D,0
-20.0587,128.1751,368.1,1,1,2014-09-13,0517,Aqua,MODIS,100,6.2,316.9,91.5,D,0
-20.0573,128.1848,346.6,1,1,2014-09-13,0517,Aqua,MODIS,89,6.2,315.1,34.3,D,0
-20.0559,128.1944,341.1,1,1,2014-09-13,0517,Aqua,MODIS,80,6.2,316.4,23.6,D,0
-20.0517,128.2233,333.4,1,1,2014-09-13,0517,Aqua,MODIS,45,6.2,317.4,11.3,D,0
-20.0748,128.1286,345.4,1,1,2014-09-13,0517,Aqua,MODIS,88,6.2,314.2,36.7,D,0
-20.0734,128.1382,336.9,1,1,2014-09-13,0517,Aqua,MODIS,77,6.2,313.9,22,D,0
-20.0692,128.167,327.7,1,1,2014-09-13,0517,Aqua,MODIS,21,6.2,312.7,8.2,D,0
-20.0839,128.185,334,1,1,2014-09-13,0517,Aqua,MODIS,72,6.2,314.5,15.7,D,0
-20.0825,128.1946,337,1,1,2014-09-13,0517,Aqua,MODIS,78,6.2,314.2,19.7,D,0
-20.1043,128.1096,371.8,1,1,2014-09-13,0517,Aqua,MODIS,100,6.2,315.5,105.1,D,0
-19.068,126.4134,341.8,1,1,2014-09-13,0517,Aqua,MODIS,74,6.2,318.2,23.8,D,0
-19.0694,126.4038,343.7,1,1,2014-09-13,0517,Aqua,MODIS,85,6.2,319.9,27.9,D,0
-19.0563,126.4313,340.4,1,1,2014-09-13,0517,Aqua,MODIS,61,6.2,317.6,19.9,D,0
-19.0576,126.4217,342.4,1,1,2014-09-13,0517,Aqua,MODIS,72,6.2,320.3,23.1,D,0
-17.3237,135.0802,329.7,2.8,1.6,2014-09-13,0517,Aqua,MODIS,25,6.2,314.1,50.1,D,0
-19.0459,126.4395,334,1,1,2014-09-13,0517,Aqua,MODIS,58,6.2,318.9,11.6,D,0
-19.0395,126.4188,347.3,1,1,2014-09-13,0517,Aqua,MODIS,90,6.2,320,32,D,0
-17.3834,135.1003,341,2.8,1.6,2014-09-13,0517,Aqua,MODIS,80,6.2,314.3,121.9,D,0
-21.6409,116.5625,334.8,4.7,2,2014-09-13,0517,Aqua,MODIS,79,6.2,310.9,195.8,D,0
-21.642,116.555,334.1,4.7,2,2014-09-13,0517,Aqua,MODIS,78,6.2,310.7,186.8,D,0
-21.1514,116.8826,337.8,4.4,1.9,2014-09-13,0517,Aqua,MODIS,81,6.2,313.2,207.1,D,0
-18.6778,127.2952,344.1,1,1,2014-09-13,0517,Aqua,MODIS,84,6.2,318.6,27.5,D,0
-18.7039,127.2414,344.3,1,1,2014-09-13,0517,Aqua,MODIS,82,6.2,316.4,29.9,D,0
-18.7053,127.232,343.7,1,1,2014-09-13,0517,Aqua,MODIS,83,6.2,316.8,29.9,D,0
-18.6895,127.2777,339.5,1,1,2014-09-13,0517,Aqua,MODIS,60,6.2,316.1,19.7,D,0
-18.6949,127.24,350.2,1,1,2014-09-13,0517,Aqua,MODIS,93,6.2,318.1,40.4,D,0
-18.6963,127.2306,367.3,1,1,2014-09-13,0517,Aqua,MODIS,100,6.2,318.7,86.5,D,0
-18.6873,127.2291,338,1,1,2014-09-13,0517,Aqua,MODIS,74,6.2,316.2,18.4,D,0
-18.6756,127.2465,349.2,1,1,2014-09-13,0517,Aqua,MODIS,92,6.2,319.4,37,D,0
-18.6769,127.2371,338.3,1,1,2014-09-13,0517,Aqua,MODIS,53,6.2,317.1,16.4,D,0
-18.6615,127.4084,331.5,1,1,2014-09-13,0517,Aqua,MODIS,60,6.2,316,10,D,0
-18.6629,127.399,340.8,1,1,2014-09-13,0517,Aqua,MODIS,83,6.2,316.9,24.4,D,0
-18.6544,127.33,342.1,1,1,2014-09-13,0517,Aqua,MODIS,85,6.2,317.1,24.7,D,0
-21.1899,120.0678,334.1,2.5,1.5,2014-09-13,0517,Aqua,MODIS,76,6.2,313.2,65.6,D,0
-21.1334,120.0038,327.9,2.6,1.5,2014-09-13,0517,Aqua,MODIS,59,6.2,313.7,34.8,D,0
-21.1508,116.8789,336.3,4.4,1.9,2014-09-13,0517,Aqua,MODIS,79,6.2,313.3,188.3,D,0
-21.1547,116.8401,327.4,4.4,1.9,2014-09-13,0517,Aqua,MODIS,59,6.2,314,89.6,D,0
-21.184,120.0597,328.5,2.5,1.5,2014-09-13,0517,Aqua,MODIS,54,6.2,314.6,36.2,D,0
-18.8011,128.6989,350.4,1.1,1,2014-09-13,0517,Aqua,MODIS,93,6.2,320.6,41.2,D,0
-18.8073,128.7203,339.3,1.1,1,2014-09-13,0517,Aqua,MODIS,40,6.2,317.9,20.9,D,0
-18.6824,130.2258,348.5,1.2,1.1,2014-09-13,0517,Aqua,MODIS,91,6.2,316,54.8,D,0
-18.8165,128.7219,334.8,1.1,1,2014-09-13,0517,Aqua,MODIS,68,6.2,317.9,15.3,D,0
-18.793,128.7011,361.2,1.1,1,2014-09-13,0517,Aqua,MODIS,100,6.2,322.3,73.5,D,0
-18.7915,128.7111,334.8,1.1,1,2014-09-13,0517,Aqua,MODIS,73,6.2,318.4,15.2,D,0
-18.7981,128.7188,337.5,1.1,1,2014-09-13,0517,Aqua,MODIS,51,6.2,318.3,18.1,D,0
-18.7996,128.7088,345.3,1.1,1,2014-09-13,0517,Aqua,MODIS,88,6.2,320.6,31.5,D,0
-16.6038,124.0444,341.6,1.2,1.1,2014-09-13,0518,Aqua,MODIS,77,6.2,312,33.7,D,0
-15.9393,127.7712,330.1,1,1,2014-09-13,0518,Aqua,MODIS,59,6.2,313.7,8.5,D,0
-15.9191,127.7185,331.8,1,1,2014-09-13,0518,Aqua,MODIS,71,6.2,316.5,8.8,D,0
-15.9168,128.2856,333.6,1.1,1,2014-09-13,0518,Aqua,MODIS,71,6.2,311.2,17.1,D,0
-17.8248,123.0526,338.7,1.4,1.2,2014-09-13,0518,Aqua,MODIS,79,6.2,320.8,23.2,D,0
-15.897,128.3069,334.9,1.1,1,2014-09-13,0518,Aqua,MODIS,66,6.2,315.3,16,D,0
-15.8985,128.2967,349.9,1.1,1,2014-09-13,0518,Aqua,MODIS,93,6.2,313.8,45.6,D,0
-15.9152,128.2957,336.6,1.1,1,2014-09-13,0518,Aqua,MODIS,58,6.2,313.2,20.5,D,0
-17.8264,123.0395,337.8,1.4,1.2,2014-09-13,0518,Aqua,MODIS,77,6.2,320.9,20,D,0
-18.0117,122.894,342.6,1.4,1.2,2014-09-13,0518,Aqua,MODIS,77,6.2,320.8,38.9,D,0
-17.9847,122.8487,341.9,1.4,1.2,2014-09-13,0518,Aqua,MODIS,78,6.2,323.7,35.1,D,0
-16.6735,124.043,334,1.2,1.1,2014-09-13,0518,Aqua,MODIS,78,6.2,309.4,22.2,D,0
-17.9739,122.8472,345.3,1.4,1.2,2014-09-13,0518,Aqua,MODIS,88,6.2,323,41.3,D,0
-17.9756,122.8336,346.4,1.5,1.2,2014-09-13,0518,Aqua,MODIS,86,6.2,322.2,45.5,D,0
-15.9824,127.6698,339.9,1,1,2014-09-13,0518,Aqua,MODIS,60,6.2,316.3,19.4,D,0
-15.9838,127.6602,359.5,1,1,2014-09-13,0518,Aqua,MODIS,99,6.2,317.6,62.9,D,0
-15.9852,127.6507,365.1,1,1,2014-09-13,0518,Aqua,MODIS,100,6.2,317.7,80.4,D,0
-15.9866,127.6411,351.4,1,1,2014-09-13,0518,Aqua,MODIS,94,6.2,315.3,45.6,D,0
-15.988,127.6315,350,1,1,2014-09-13,0518,Aqua,MODIS,93,6.2,313.4,45,D,0
-15.9761,127.6491,336.4,1,1,2014-09-13,0518,Aqua,MODIS,40,6.2,316.7,15.3,D,0
-15.9775,127.6396,349.8,1,1,2014-09-13,0518,Aqua,MODIS,93,6.2,316.9,42.2,D,0
-15.9789,127.6301,341.9,1,1,2014-09-13,0518,Aqua,MODIS,79,6.2,313.2,28,D,0
-15.9684,127.6382,352.4,1,1,2014-09-13,0518,Aqua,MODIS,95,6.2,316,47.7,D,0
-16.641,124.1394,332.6,1.2,1.1,2014-09-13,0518,Aqua,MODIS,44,6.2,314.7,12.6,D,0
-16.6313,124.138,332.8,1.2,1.1,2014-09-13,0518,Aqua,MODIS,61,6.2,314.3,13.5,D,0
-16.6327,124.1271,331,1.2,1.1,2014-09-13,0518,Aqua,MODIS,52,6.2,313.7,9.3,D,0
-17.9516,122.7602,351.1,1.5,1.2,2014-09-13,0518,Aqua,MODIS,76,6.2,319,70.7,D,0
-17.9483,122.7879,344,1.5,1.2,2014-09-13,0518,Aqua,MODIS,74,6.2,319.8,39.7,D,0
-17.9432,122.7947,355,1.5,1.2,2014-09-13,0518,Aqua,MODIS,96,6.2,320.2,79.5,D,0
-15.7619,128.2175,332.3,1.1,1,2014-09-13,0518,Aqua,MODIS,61,6.2,313.8,11.6,D,0
-15.7604,128.2273,337.7,1.1,1,2014-09-13,0518,Aqua,MODIS,80,6.2,315.9,20.2,D,0
-15.7712,128.2191,340.5,1.1,1,2014-09-13,0518,Aqua,MODIS,84,6.2,313.5,25.5,D,0
-15.7697,128.2288,338.4,1.1,1,2014-09-13,0518,Aqua,MODIS,81,6.2,315.6,21.8,D,0
-16.6014,124.0499,335.9,1.2,1.1,2014-09-13,0518,Aqua,MODIS,70,6.2,312.7,23.5,D,0
-16.6122,124.0569,330.8,1.2,1.1,2014-09-13,0518,Aqua,MODIS,29,6.2,312.7,10.7,D,0
-16.6219,124.0582,336.1,1.2,1.1,2014-09-13,0518,Aqua,MODIS,81,6.2,312.1,20.3,D,0
-15.7745,128.2603,334.8,1.1,1,2014-09-13,0518,Aqua,MODIS,76,6.2,314.6,14.8,D,0
-17.9484,122.7533,340.7,1.5,1.2,2014-09-13,0518,Aqua,MODIS,58,6.2,316.8,37.3,D,0
-15.5302,135.0837,327.9,3.1,1.7,2014-09-13,0518,Aqua,MODIS,46,6.2,312.1,53.4,D,0
-15.5248,135.1122,328.7,3.1,1.7,2014-09-13,0518,Aqua,MODIS,48,6.2,312.8,55.4,D,0
-16.514,132.3102,349.8,1.8,1.3,2014-09-13,0518,Aqua,MODIS,92,6.2,312.8,108.3,D,0
-16.5169,132.2932,334.7,1.8,1.3,2014-09-13,0518,Aqua,MODIS,23,6.2,315.1,37.2,D,0
-16.5051,132.2909,389.6,1.8,1.3,2014-09-13,0518,Aqua,MODIS,100,6.2,319,432.3,D,0
-16.508,132.274,362.4,1.8,1.3,2014-09-13,0518,Aqua,MODIS,100,6.2,319.4,177.5,D,0
-16.4933,132.2887,355.6,1.8,1.3,2014-09-13,0518,Aqua,MODIS,93,6.2,306.9,143.3,D,0
-16.4962,132.2717,390.7,1.8,1.3,2014-09-13,0518,Aqua,MODIS,100,6.2,314.6,443.8,D,0
-16.4991,132.2548,349.1,1.8,1.3,2014-09-13,0518,Aqua,MODIS,74,6.2,311.9,98.3,D,0
-16.4755,132.2504,361.8,1.8,1.3,2014-09-13,0518,Aqua,MODIS,100,6.2,310.1,194.5,D,0
-16.4679,132.2607,327.4,1.8,1.3,2014-09-13,0518,Aqua,MODIS,60,6.2,306.5,35.7,D,0
-16.4707,132.2438,355.9,1.8,1.3,2014-09-13,0518,Aqua,MODIS,97,6.2,309,157.2,D,0
-16.5407,132.4103,334.8,1.9,1.3,2014-09-13,0518,Aqua,MODIS,53,6.2,308.9,44.3,D,0
-16.5437,132.3932,343.8,1.9,1.3,2014-09-13,0518,Aqua,MODIS,89,6.2,311.8,77.5,D,0
-16.5378,132.3566,327.8,1.8,1.3,2014-09-13,0518,Aqua,MODIS,45,6.2,313.2,17,D,0
-16.5442,132.422,338.4,1.9,1.3,2014-09-13,0518,Aqua,MODIS,84,6.2,309.9,65.1,D,0
-16.5471,132.4048,344.5,1.9,1.3,2014-09-13,0518,Aqua,MODIS,89,6.2,311.4,88.3,D,0
-16.5381,132.3853,333.5,1.9,1.3,2014-09-13,0518,Aqua,MODIS,62,6.2,310.9,45.5,D,0
-16.5291,132.3658,334,1.9,1.3,2014-09-13,0518,Aqua,MODIS,44,6.2,309,44,D,0
-16.532,132.3487,332.9,1.8,1.3,2014-09-13,0518,Aqua,MODIS,42,6.2,312.5,37.5,D,0
-16.5201,132.3464,352.7,1.8,1.3,2014-09-13,0518,Aqua,MODIS,95,6.2,310.1,128.8,D,0
-16.523,132.3294,362.4,1.8,1.3,2014-09-13,0518,Aqua,MODIS,100,6.2,314.9,182.9,D,0
-16.5111,132.3272,358.8,1.8,1.3,2014-09-13,0518,Aqua,MODIS,99,6.2,309.8,163.9,D,0
-16.7257,132.5481,333.1,1.9,1.3,2014-09-13,0518,Aqua,MODIS,77,6.2,317.9,32.2,D,0
-16.7288,132.5306,337.4,1.9,1.3,2014-09-13,0518,Aqua,MODIS,82,6.2,316.9,48.3,D,0
-16.7864,132.511,330.7,1.9,1.3,2014-09-13,0518,Aqua,MODIS,38,6.2,317.3,19.4,D,0
-16.7827,132.5046,329.3,1.9,1.3,2014-09-13,0518,Aqua,MODIS,64,6.2,316.9,17.1,D,0
-16.8758,132.4213,362.9,1.8,1.3,2014-09-13,0518,Aqua,MODIS,100,6.2,318.3,173.8,D,0
-16.5675,132.1879,334.8,1.8,1.3,2014-09-13,0518,Aqua,MODIS,27,6.2,307.7,50.4,D,0
-16.5694,132.1987,338.8,1.8,1.3,2014-09-13,0518,Aqua,MODIS,35,6.2,309.4,59,D,0
-16.5722,132.1821,325.1,1.8,1.3,2014-09-13,0518,Aqua,MODIS,25,6.2,306.6,26,D,0
-16.5167,132.2233,338.7,1.8,1.3,2014-09-13,0518,Aqua,MODIS,39,6.2,313.3,50.2,D,0
-16.5196,132.2065,340.8,1.8,1.3,2014-09-13,0518,Aqua,MODIS,55,6.2,313.7,65.1,D,0
-16.502,132.2379,346.5,1.8,1.3,2014-09-13,0518,Aqua,MODIS,72,6.2,312.3,86.4,D,0
-16.505,132.2211,352.3,1.8,1.3,2014-09-13,0518,Aqua,MODIS,81,6.2,313.2,116.1,D,0
-16.5079,132.2043,361.3,1.8,1.3,2014-09-13,0518,Aqua,MODIS,100,6.2,313.3,176.1,D,0
-16.5107,132.1878,347.9,1.8,1.3,2014-09-13,0518,Aqua,MODIS,92,6.2,311,107,D,0
-16.4785,132.2336,324.9,1.8,1.3,2014-09-13,0518,Aqua,MODIS,55,6.2,305.9,29.4,D,0
-16.7381,132.3366,333.8,1.8,1.3,2014-09-13,0518,Aqua,MODIS,45,6.2,309.6,43.9,D,0
-16.7289,132.3454,335.2,1.8,1.3,2014-09-13,0518,Aqua,MODIS,58,6.2,311.9,46.5,D,0
-16.7318,132.3285,331.3,1.8,1.3,2014-09-13,0518,Aqua,MODIS,41,6.2,310.4,35.6,D,0
-16.7165,132.6008,340.7,1.9,1.3,2014-09-13,0518,Aqua,MODIS,78,6.2,316.4,66.4,D,0
-16.8731,132.5097,334.3,1.9,1.3,2014-09-13,0518,Aqua,MODIS,78,6.2,318.3,31.7,D,0
-16.774,132.5809,341.6,1.9,1.3,2014-09-13,0518,Aqua,MODIS,87,6.2,316.5,64.5,D,0
-16.7678,132.5924,334.2,1.9,1.3,2014-09-13,0518,Aqua,MODIS,62,6.2,314.8,39.6,D,0
-16.7708,132.5748,333.1,1.9,1.3,2014-09-13,0518,Aqua,MODIS,66,6.2,316.3,33.1,D,0
-16.5496,132.4298,336.7,1.9,1.3,2014-09-13,0518,Aqua,MODIS,76,6.2,310.8,54.2,D,0
-16.5526,132.4126,342.3,1.9,1.3,2014-09-13,0518,Aqua,MODIS,87,6.2,311.7,74.7,D,0
-16.861,132.3656,342.6,1.8,1.3,2014-09-13,0518,Aqua,MODIS,59,6.2,313,63.9,D,0
-16.8726,132.2981,336.9,1.8,1.3,2014-09-13,0518,Aqua,MODIS,68,6.2,307.1,58.5,D,0
-16.8491,132.3633,343.4,1.8,1.3,2014-09-13,0518,Aqua,MODIS,58,6.2,308.8,70.8,D,0
-16.8521,132.3464,352.1,1.8,1.3,2014-09-13,0518,Aqua,MODIS,82,6.2,312.8,112.9,D,0
-16.855,132.3295,341.7,1.8,1.3,2014-09-13,0518,Aqua,MODIS,51,6.2,311.1,59.8,D,0
-16.8403,132.3441,387,1.8,1.3,2014-09-13,0518,Aqua,MODIS,100,6.2,317.4,406.2,D,0
-16.8432,132.3273,369.1,1.8,1.3,2014-09-13,0518,Aqua,MODIS,100,6.2,316,233.1,D,0
-16.8461,132.3105,341,1.8,1.3,2014-09-13,0518,Aqua,MODIS,64,6.2,309.2,71.9,D,0
-16.8491,132.2937,333.8,1.8,1.3,2014-09-13,0518,Aqua,MODIS,23,6.2,306.8,47.2,D,0
-16.8285,132.3419,384,1.8,1.3,2014-09-13,0518,Aqua,MODIS,100,6.2,307.7,379.9,D,0
-16.8314,132.3251,443,1.8,1.3,2014-09-13,0518,Aqua,MODIS,100,6.2,326.4,1461.6,D,0
-16.8344,132.3083,407.1,1.8,1.3,2014-09-13,0518,Aqua,MODIS,100,6.2,319.7,679.7,D,0
-16.8373,132.2916,360.3,1.8,1.3,2014-09-13,0518,Aqua,MODIS,100,6.2,308.6,178.5,D,0
-16.8402,132.2748,354.1,1.8,1.3,2014-09-13,0518,Aqua,MODIS,96,6.2,307.1,145.6,D,0
-16.8196,132.3229,328.8,1.8,1.3,2014-09-13,0518,Aqua,MODIS,57,6.2,302.9,38,D,0
-16.8226,132.3062,363.4,1.8,1.3,2014-09-13,0518,Aqua,MODIS,100,6.2,305.3,203,D,0
-16.8255,132.2894,332.9,1.8,1.3,2014-09-13,0518,Aqua,MODIS,75,6.2,302.2,51.8,D,0
-16.8326,132.3545,335.3,1.8,1.3,2014-09-13,0518,Aqua,MODIS,80,6.2,305.5,55,D,0
-16.8354,132.3376,412.3,1.8,1.3,2014-09-13,0518,Aqua,MODIS,100,6.2,322.4,774.9,D,0
-16.8383,132.3207,386.2,1.8,1.3,2014-09-13,0518,Aqua,MODIS,100,6.2,320.3,400.3,D,0
-16.8411,132.3039,340.8,1.8,1.3,2014-09-13,0518,Aqua,MODIS,71,6.2,309.5,77.2,D,0
-16.8439,132.2871,344.4,1.8,1.3,2014-09-13,0518,Aqua,MODIS,89,6.2,307.3,95.6,D,0
-16.8467,132.2704,324.4,1.8,1.3,2014-09-13,0518,Aqua,MODIS,41,6.2,305.2,29.1,D,0
-16.8236,132.3354,351.1,1.8,1.3,2014-09-13,0518,Aqua,MODIS,94,6.2,303.3,128,D,0
-16.8265,132.3185,423.1,1.8,1.3,2014-09-13,0518,Aqua,MODIS,100,6.2,318.6,983,D,0
-16.8293,132.3017,390.9,1.8,1.3,2014-09-13,0518,Aqua,MODIS,100,6.2,314.1,458.8,D,0
-16.8321,132.285,349.7,1.8,1.3,2014-09-13,0518,Aqua,MODIS,93,6.2,305.3,120.6,D,0
-16.8349,132.2682,340.8,1.8,1.3,2014-09-13,0518,Aqua,MODIS,86,6.2,304.7,82,D,0
-16.6788,132.5684,332.5,1.9,1.3,2014-09-13,0518,Aqua,MODIS,31,6.2,313.8,33.6,D,0
-16.6961,135.7386,327.1,3.3,1.7,2014-09-13,0518,Aqua,MODIS,68,6.2,312.4,57.1,D,0
-16.6987,135.715,326.6,3.3,1.7,2014-09-13,0518,Aqua,MODIS,66,6.2,312.4,57.8,D,0
-16.9204,132.349,336.4,1.8,1.3,2014-09-13,0518,Aqua,MODIS,43,6.2,313.1,49.6,D,0
-16.9053,132.3917,347.6,1.8,1.3,2014-09-13,0518,Aqua,MODIS,65,6.2,318,74.2,D,0
-16.9021,132.3385,338.9,1.8,1.3,2014-09-13,0518,Aqua,MODIS,30,6.2,313.1,54.8,D,0
-16.8932,132.3194,338.6,1.8,1.3,2014-09-13,0518,Aqua,MODIS,28,6.2,309.6,54.6,D,0
-16.6457,132.544,334.9,1.9,1.3,2014-09-13,0518,Aqua,MODIS,54,6.2,313.1,42.7,D,0
-16.6488,132.5264,332,1.9,1.3,2014-09-13,0518,Aqua,MODIS,34,6.2,313.6,30,D,0
-16.6367,132.5241,336.3,1.9,1.3,2014-09-13,0518,Aqua,MODIS,68,6.2,313.1,47,D,0
-16.7198,135.4423,349.5,3.1,1.7,2014-09-13,0518,Aqua,MODIS,93,6.2,314.1,240.8,D,0
-16.7254,135.4134,349.2,3.1,1.7,2014-09-13,0518,Aqua,MODIS,93,6.2,314.7,237.6,D,0
-16.721,135.4348,359.9,3.1,1.7,2014-09-13,0518,Aqua,MODIS,99,6.2,315.3,372,D,0
-16.7264,135.4059,335.6,3.1,1.7,2014-09-13,0518,Aqua,MODIS,81,6.2,313.9,114.4,D,0
-16.3803,136.7829,326.8,4,1.9,2014-09-13,0518,Aqua,MODIS,35,6.2,312.2,68.2,D,0
-16.3769,136.7775,331.9,4,1.9,2014-09-13,0518,Aqua,MODIS,74,6.2,312.1,116.4,D,0
-16.7328,135.2887,321.5,3,1.7,2014-09-13,0518,Aqua,MODIS,15,6.2,308.3,29.4,D,0
-16.941,135.4114,332.3,3.1,1.7,2014-09-13,0518,Aqua,MODIS,54,6.2,314.1,69.9,D,0
-16.9262,135.4083,329.3,3.1,1.7,2014-09-13,0518,Aqua,MODIS,19,6.2,312.1,50.7,D,0
-16.8929,135.3347,336.8,3,1.7,2014-09-13,0518,Aqua,MODIS,81,6.2,312.5,97.5,D,0
-16.371,136.7431,340,3.9,1.8,2014-09-13,0518,Aqua,MODIS,86,6.2,309.7,200.2,D,0
-16.3875,136.7465,344.6,3.9,1.8,2014-09-13,0518,Aqua,MODIS,90,6.2,314.8,263.5,D,0
-16.3839,136.7412,346.3,3.9,1.8,2014-09-13,0518,Aqua,MODIS,91,6.2,314.5,285.4,D,0
-14.364,132.2052,332.7,2,1.4,2014-09-13,0518,Aqua,MODIS,64,6.2,313.8,30.9,D,0
-14.3517,132.2029,331.3,2,1.4,2014-09-13,0518,Aqua,MODIS,60,6.2,313.1,26.2,D,0
-14.3607,132.1975,334.3,2,1.4,2014-09-13,0518,Aqua,MODIS,79,6.2,314.1,37.9,D,0
-18.3078,127.7485,336.3,1,1,2014-09-13,0518,Aqua,MODIS,76,6.2,316.4,17.8,D,0
-15.7266,129.1674,336.9,1.2,1.1,2014-09-13,0518,Aqua,MODIS,79,6.2,315.1,24.4,D,0
-18.1752,123.7648,385.8,1.3,1.1,2014-09-13,0518,Aqua,MODIS,100,6.2,324.3,216.4,D,0
-18.1768,123.7527,384.3,1.3,1.1,2014-09-13,0518,Aqua,MODIS,100,6.2,323.4,208.9,D,0
-18.1783,123.7406,339.9,1.3,1.1,2014-09-13,0518,Aqua,MODIS,58,6.2,316,26.9,D,0
-18.1667,123.7513,336.7,1.3,1.1,2014-09-13,0518,Aqua,MODIS,36,6.2,318.4,17.5,D,0
-14.5259,134.3834,334.9,2.9,1.6,2014-09-13,0518,Aqua,MODIS,74,6.2,307.5,88.8,D,0
-14.4806,134.3669,336.9,2.9,1.6,2014-09-13,0518,Aqua,MODIS,82,6.2,308.6,105.5,D,0
-15.8436,136.1083,328.5,3.6,1.8,2014-09-13,0518,Aqua,MODIS,32,6.2,310.7,61.8,D,0
-14.466,134.3588,351.5,2.9,1.6,2014-09-13,0518,Aqua,MODIS,95,6.2,308.7,241.6,D,0
-15.8522,136.1175,326.6,3.6,1.8,2014-09-13,0518,Aqua,MODIS,37,6.2,310.9,44.5,D,0
-14.4853,134.3409,339.1,2.9,1.6,2014-09-13,0518,Aqua,MODIS,85,6.2,308.2,125.1,D,0
-15.8746,136.0873,335.1,3.6,1.8,2014-09-13,0518,Aqua,MODIS,81,6.2,313.3,118.5,D,0
-15.8404,136.2133,324.1,3.7,1.8,2014-09-13,0518,Aqua,MODIS,20,6.2,309.9,43.9,D,0
-14.4706,134.3326,325.4,2.9,1.6,2014-09-13,0518,Aqua,MODIS,46,6.2,305.2,47.7,D,0
-14.4661,134.3641,353.2,2.9,1.6,2014-09-13,0518,Aqua,MODIS,96,6.2,308.6,254.3,D,0
-14.5238,134.3758,329.1,2.9,1.6,2014-09-13,0518,Aqua,MODIS,21,6.2,306.8,51.6,D,0
-14.4759,134.4757,327.8,2.9,1.6,2014-09-13,0518,Aqua,MODIS,54,6.2,307.7,51,D,0
-14.574,134.4477,335.3,2.9,1.6,2014-09-13,0518,Aqua,MODIS,80,6.2,310,93.1,D,0
-14.5836,134.3947,330.1,2.9,1.6,2014-09-13,0518,Aqua,MODIS,73,6.2,307.6,64.2,D,0
-14.5788,134.4213,337.6,2.9,1.6,2014-09-13,0518,Aqua,MODIS,83,6.2,307.8,112,D,0
-15.8659,136.078,328.7,3.6,1.8,2014-09-13,0518,Aqua,MODIS,69,6.2,312.5,65.3,D,0
-15.8587,136.084,326.6,3.6,1.8,2014-09-13,0518,Aqua,MODIS,38,6.2,310.7,46.8,D,0
-14.4709,134.3379,342,2.9,1.6,2014-09-13,0518,Aqua,MODIS,87,6.2,306.3,152.1,D,0
-15.8595,136.1115,330.7,3.6,1.8,2014-09-13,0518,Aqua,MODIS,74,6.2,311.2,79.1,D,0
-14.4517,134.3614,322.5,2.9,1.6,2014-09-13,0518,Aqua,MODIS,28,6.2,305.8,32.1,D,0
-15.6013,134.8652,333.2,3,1.6,2014-09-13,0518,Aqua,MODIS,78,6.2,313.1,83.8,D,0
-14.1164,132.3291,332.2,2,1.4,2014-09-13,0518,Aqua,MODIS,77,6.2,313.9,37.2,D,0
-14.2586,132.3489,328.5,2,1.4,2014-09-13,0518,Aqua,MODIS,70,6.2,313.7,24.5,D,0
-15.5497,131.6748,332,1.7,1.3,2014-09-13,0518,Aqua,MODIS,50,6.2,314.6,28.4,D,0
-13.9438,135.3793,326.6,3.5,1.8,2014-09-13,0518,Aqua,MODIS,67,6.2,303.9,85.3,D,0
-13.6774,134.9155,327.8,3.3,1.7,2014-09-13,0518,Aqua,MODIS,57,6.2,299.5,78.3,D,0
-13.9537,135.3891,324,3.5,1.8,2014-09-13,0518,Aqua,MODIS,59,6.2,302.5,73.3,D,0
-15.4667,131.6853,336.7,1.7,1.3,2014-09-13,0518,Aqua,MODIS,37,6.2,316.6,33.6,D,0
-13.6993,134.9584,333.7,3.3,1.7,2014-09-13,0518,Aqua,MODIS,54,6.2,303.1,106.2,D,0
-14.2427,132.2074,339.7,2,1.4,2014-09-13,0518,Aqua,MODIS,84,6.2,315.5,61.4,D,0
-13.9443,136.6623,321.2,4.4,1.9,2014-09-13,0518,Aqua,MODIS,36,6.2,298.1,101.3,D,0
-15.5553,131.6523,329.8,1.7,1.3,2014-09-13,0518,Aqua,MODIS,30,6.2,314.8,22,D,0
-14.2581,132.1916,346.7,2,1.4,2014-09-13,0518,Aqua,MODIS,79,6.2,311.4,90.4,D,0
-14.2596,132.1972,351.3,2,1.4,2014-09-13,0518,Aqua,MODIS,89,6.2,312.9,115.4,D,0
-13.6874,134.9483,336,3.3,1.7,2014-09-13,0518,Aqua,MODIS,82,6.2,303,134.5,D,0
-14.2812,132.1456,333.7,2,1.4,2014-09-13,0518,Aqua,MODIS,76,6.2,314.7,39.3,D,0
-15.8681,136.1208,325.7,3.6,1.8,2014-09-13,0518,Aqua,MODIS,33,6.2,311.7,38.5,D,0
-14.2718,132.1995,338,2,1.4,2014-09-13,0518,Aqua,MODIS,36,6.2,312.2,46.4,D,0
-14.2458,132.1893,356.2,2,1.4,2014-09-13,0518,Aqua,MODIS,97,6.2,312.3,154,D,0
-15.5527,131.6681,334.9,1.7,1.3,2014-09-13,0518,Aqua,MODIS,71,6.2,314.5,37.6,D,0
-15.5524,131.659,336.2,1.7,1.3,2014-09-13,0518,Aqua,MODIS,78,6.2,316,42,D,0
-12.8264,132.5771,336.3,2.3,1.5,2014-09-13,0519,Aqua,MODIS,63,6.2,312.3,64.8,D,0
-12.8373,132.5863,332.3,2.3,1.5,2014-09-13,0519,Aqua,MODIS,65,6.2,313.5,46.6,D,0
-12.3229,135.0811,326.9,3.6,1.8,2014-09-13,0519,Aqua,MODIS,71,6.2,295.5,112.1,D,0
-12.33,135.0873,329.7,3.6,1.8,2014-09-13,0519,Aqua,MODIS,75,6.2,296.7,129.3,D,0
-12.3459,135.0901,325.7,3.6,1.8,2014-09-13,0519,Aqua,MODIS,61,6.2,295,95.5,D,0
-13.0148,132.3138,337.1,2.1,1.4,2014-09-13,0519,Aqua,MODIS,82,6.2,311.5,61.6,D,0
-12.8243,132.5841,336.5,2.3,1.5,2014-09-13,0519,Aqua,MODIS,73,6.2,311.8,66,D,0
-12.3141,135.0844,323.5,3.6,1.8,2014-09-13,0519,Aqua,MODIS,59,6.2,295.6,89.2,D,0
-13.3576,132.5401,330.3,2.2,1.4,2014-09-13,0519,Aqua,MODIS,75,6.2,310.8,37.5,D,0
-12.6887,134.7207,325.4,3.3,1.7,2014-09-13,0519,Aqua,MODIS,59,6.2,305.2,67.5,D,0
-14.7218,126.6675,340.8,1,1,2014-09-13,0519,Aqua,MODIS,85,6.2,311.7,26.2,D,0
-14.5735,126.5471,334,1,1,2014-09-13,0519,Aqua,MODIS,76,6.2,313.5,14.9,D,0
-14.4046,129.5718,363.8,1.3,1.1,2014-09-13,0519,Aqua,MODIS,100,6.2,312.4,120.7,D,0
-14.7308,126.6688,331.8,1,1,2014-09-13,0519,Aqua,MODIS,71,6.2,310.7,13,D,0
-14.6555,126.6126,331.7,1,1,2014-09-13,0519,Aqua,MODIS,50,6.2,310.8,13.4,D,0
-14.5748,126.5378,331.4,1,1,2014-09-13,0519,Aqua,MODIS,71,6.2,313.4,11.4,D,0
-14.7447,126.6994,330.6,1,1,2014-09-13,0519,Aqua,MODIS,68,6.2,309.4,14.1,D,0
-14.7384,126.6795,330.2,1,1,2014-09-13,0519,Aqua,MODIS,55,6.2,308,12.2,D,0
-13.7062,129.8523,327.1,1.4,1.2,2014-09-13,0519,Aqua,MODIS,54,6.2,304.7,21.2,D,0
-14.7321,126.6596,328.3,1,1,2014-09-13,0519,Aqua,MODIS,24,6.2,311.4,7.3,D,0
-12.924,135.6317,322.9,3.8,1.8,2014-09-13,0519,Aqua,MODIS,51,6.2,301.3,67.6,D,0
-12.6557,132.1843,337,2.1,1.4,2014-09-13,0519,Aqua,MODIS,81,6.2,303.1,73.3,D,0
-14.7434,126.7087,327.9,1,1,2014-09-13,0519,Aqua,MODIS,60,6.2,309.5,10.5,D,0
-12.7449,135.0657,326.5,3.5,1.8,2014-09-13,0519,Aqua,MODIS,69,6.2,304.5,65.2,D,0
-12.2396,134.5063,324.4,3.3,1.7,2014-09-13,0519,Aqua,MODIS,55,6.2,303.2,54,D,0
-13.2409,134.7756,330.7,3.3,1.7,2014-09-13,0519,Aqua,MODIS,76,6.2,307.4,72.2,D,0
-12.7507,135.0591,325.2,3.5,1.8,2014-09-13,0519,Aqua,MODIS,65,6.2,304.8,58.8,D,0
-12.9176,135.6671,324.1,3.9,1.8,2014-09-13,0519,Aqua,MODIS,55,6.2,301.1,81.5,D,0
-11.4682,130.8857,329.7,1.8,1.3,2014-09-13,0519,Aqua,MODIS,64,6.2,309,32.7,D,0
-13.4525,135.1449,321.6,3.4,1.7,2014-09-13,0519,Aqua,MODIS,45,6.2,304.7,39.5,D,0
-11.5241,131.173,344.2,1.9,1.3,2014-09-13,0519,Aqua,MODIS,90,6.2,311.4,84.2,D,0
-11.5269,131.1561,331.2,1.9,1.3,2014-09-13,0519,Aqua,MODIS,74,6.2,309.3,32.5,D,0
-11.5093,131.1879,329.5,1.9,1.3,2014-09-13,0519,Aqua,MODIS,49,6.2,310,34,D,0
-11.5054,131.1817,328,1.9,1.3,2014-09-13,0519,Aqua,MODIS,34,6.2,309.1,29.8,D,0
-12.9286,135.6379,322.1,3.8,1.8,2014-09-13,0519,Aqua,MODIS,41,6.2,301.5,60.8,D,0
-12.922,135.6732,325.4,3.9,1.8,2014-09-13,0519,Aqua,MODIS,59,6.2,301.6,91.7,D,0
-12.2908,134.5504,322.1,3.3,1.7,2014-09-13,0519,Aqua,MODIS,56,6.2,303.2,51.7,D,0
-12.2877,134.5577,320.2,3.3,1.7,2014-09-13,0519,Aqua,MODIS,40,6.2,303.1,40.6,D,0
-12.2349,134.5098,322.5,3.3,1.7,2014-09-13,0519,Aqua,MODIS,43,6.2,302.9,49,D,0
-12.2502,134.5125,321.5,3.3,1.7,2014-09-13,0519,Aqua,MODIS,31,6.2,303.5,40.7,D,0
-11.555,130.2856,329.8,1.6,1.2,2014-09-13,0519,Aqua,MODIS,64,6.2,312.3,26.8,D,0
-11.5527,130.3001,333.1,1.6,1.2,2014-09-13,0519,Aqua,MODIS,78,6.2,310.6,32.9,D,0
-13.6769,129.8343,324.7,1.4,1.2,2014-09-13,0519,Aqua,MODIS,34,6.2,304.6,16.5,D,0
-11.5526,130.2934,332.7,1.6,1.2,2014-09-13,0519,Aqua,MODIS,79,6.2,311.3,30.7,D,0
-11.5574,130.2712,342.2,1.6,1.2,2014-09-13,0519,Aqua,MODIS,77,6.2,310,66.2,D,0
-14.7481,126.5485,338.7,1,1,2014-09-13,0519,Aqua,MODIS,68,6.2,312.8,21.4,D,0
-13.6978,129.8379,325.5,1.4,1.2,2014-09-13,0519,Aqua,MODIS,32,6.2,304.1,17,D,0
-14.7558,126.5592,335.6,1,1,2014-09-13,0519,Aqua,MODIS,46,6.2,309.8,17.9,D,0
-14.7544,126.5684,333.9,1,1,2014-09-13,0519,Aqua,MODIS,38,6.2,310.1,15.7,D,0
-11.5572,130.2645,328.6,1.6,1.2,2014-09-13,0519,Aqua,MODIS,60,6.2,306.8,26.4,D,0
-14.795,126.6655,328.6,1,1,2014-09-13,0519,Aqua,MODIS,41,6.2,306.9,12.5,D,0
-14.7937,126.6748,329.4,1,1,2014-09-13,0519,Aqua,MODIS,49,6.2,306.6,13.7,D,0
-14.7518,126.5869,332.8,1,1,2014-09-13,0519,Aqua,MODIS,68,6.2,309.1,14.1,D,0
-11.5549,130.2789,333.7,1.6,1.2,2014-09-13,0519,Aqua,MODIS,71,6.2,312.1,37.4,D,0
-13.7106,129.8924,354.2,1.4,1.2,2014-09-13,0519,Aqua,MODIS,96,6.2,305.5,95.9,D,0
-13.6961,129.9161,322.9,1.4,1.2,2014-09-13,0519,Aqua,MODIS,23,6.2,303.6,11.2,D,0
-13.7001,129.8906,342.7,1.4,1.2,2014-09-13,0519,Aqua,MODIS,88,6.2,304.5,54.4,D,0
-13.7022,129.8777,344.6,1.4,1.2,2014-09-13,0519,Aqua,MODIS,89,6.2,306.8,60.6,D,0
-14.7847,126.6734,326.6,1,1,2014-09-13,0519,Aqua,MODIS,46,6.2,306.6,10.7,D,0
-34.9477,118.0773,321,3.6,1.8,2014-09-13,0651,Aqua,MODIS,64,6.2,289.5,126.3,D,0
-36.0866,144.686,309.1,1.3,1.1,2014-09-13,1259,Terra,MODIS,76,6.2,279.5,19.1,N,0
-32.0699,146.7044,301.2,1,1,2014-09-13,1300,Terra,MODIS,39,6.2,282.3,8,N,0
-29.5967,148.6381,303.6,1.1,1,2014-09-13,1301,Terra,MODIS,56,6.2,283.1,9.9,N,0
-30.2207,149.0191,320.6,1.1,1,2014-09-13,1301,Terra,MODIS,100,6.2,281.8,24.6,N,0
-22.9929,144.7596,302.6,1,1,2014-09-13,1303,Terra,MODIS,50,6.2,290.7,5.7,N,0
-18.2888,145.9668,308.7,1.1,1,2014-09-13,1304,Terra,MODIS,75,6.2,290.1,10.9,N,0
-15.1332,143.6625,313.7,1,1,2014-09-13,1305,Terra,MODIS,79,6.2,293.5,10.7,N,0
-15.484,141.8707,316.7,1.1,1,2014-09-13,1305,Terra,MODIS,94,6.2,293.5,15.3,N,0
-15.4947,141.8621,311.1,1.1,1,2014-09-13,1305,Terra,MODIS,82,6.2,294.2,10.8,N,0
-15.1242,143.6611,357.2,1,1,2014-09-13,1305,Terra,MODIS,100,6.2,297.2,77.4,N,0
-14.9402,144.9103,306.8,1.1,1,2014-09-13,1305,Terra,MODIS,59,6.2,291.3,7.3,N,0
-15.1139,143.6689,333.7,1,1,2014-09-13,1305,Terra,MODIS,100,6.2,294.7,31.8,N,0
-14.9313,144.9691,306,1.1,1,2014-09-13,1305,Terra,MODIS,51,6.2,291.1,6.8,N,0
-14.9459,145.1247,302,1.1,1,2014-09-13,1305,Terra,MODIS,46,6.2,291.5,4.6,N,0
-16.0123,145.1285,302.9,1.1,1,2014-09-13,1305,Terra,MODIS,52,6.2,290.6,5.4,N,0
-15.0941,143.6788,324.2,1,1,2014-09-13,1305,Terra,MODIS,100,6.2,293.4,21.5,N,0
-15.1319,143.6717,314.2,1,1,2014-09-13,1305,Terra,MODIS,35,6.2,293.1,10.2,N,0
-14.328,141.9398,312.4,1,1,2014-09-13,1305,Terra,MODIS,85,6.2,292.2,11.6,N,0
-15.0914,143.6974,319,1,1,2014-09-13,1305,Terra,MODIS,98,6.2,293.8,15.8,N,0
-15.0901,143.7067,321.4,1,1,2014-09-13,1305,Terra,MODIS,100,6.2,293.8,18.1,N,0
-14.8005,144.8658,309.4,1.1,1,2014-09-13,1305,Terra,MODIS,50,6.2,293.1,8.1,N,0
-14.8804,145.1389,315.9,1.1,1,2014-09-13,1305,Terra,MODIS,92,6.2,292.4,15.4,N,0
-14.7913,144.8644,305.6,1.1,1,2014-09-13,1305,Terra,MODIS,29,6.2,292.6,5.4,N,0
-14.9387,144.9201,316.9,1.1,1,2014-09-13,1305,Terra,MODIS,94,6.2,291.4,15.5,N,0
-16.0061,145.1071,302.6,1.1,1,2014-09-13,1305,Terra,MODIS,49,6.2,289.8,5.2,N,0
-15.0928,143.6881,325.3,1,1,2014-09-13,1305,Terra,MODIS,100,6.2,294.5,22.6,N,0
-15.1126,143.6782,326.1,1,1,2014-09-13,1305,Terra,MODIS,100,6.2,294.2,21.5,N,0
-16.0046,145.1171,313.8,1.1,1,2014-09-13,1305,Terra,MODIS,88,6.2,290.6,13.5,N,0
-15.1112,143.6875,319.5,1,1,2014-09-13,1305,Terra,MODIS,90,6.2,294,13.7,N,0
-15.1018,143.6895,336.1,1,1,2014-09-13,1305,Terra,MODIS,100,6.2,295.6,36.9,N,0
-14.9328,144.9591,306.3,1.1,1,2014-09-13,1305,Terra,MODIS,13,6.2,290.7,6.6,N,0
-14.9537,145.1362,311.6,1.1,1,2014-09-13,1305,Terra,MODIS,83,6.2,291.9,10.9,N,0
-15.1847,145.1208,324.6,1.1,1,2014-09-13,1305,Terra,MODIS,100,6.2,293,24.5,N,0
-15.1152,143.6597,331.3,1,1,2014-09-13,1305,Terra,MODIS,100,6.2,294.4,29.3,N,0
-15.1832,145.1309,305,1.1,1,2014-09-13,1305,Terra,MODIS,63,6.2,292.1,6.3,N,0
-14.3266,141.9494,309.1,1,1,2014-09-13,1305,Terra,MODIS,76,6.2,292.2,9,N,0
-15.1256,143.6518,311.9,1,1,2014-09-13,1305,Terra,MODIS,84,6.2,293.4,9.6,N,0
-14.9552,145.1262,311,1.1,1,2014-09-13,1305,Terra,MODIS,81,6.2,291.7,10.6,N,0
-15.4599,144.9557,313.1,1.1,1,2014-09-13,1305,Terra,MODIS,86,6.2,292.2,11.7,N,0
-15.1031,143.6802,330.1,1,1,2014-09-13,1305,Terra,MODIS,100,6.2,294.7,28.4,N,0
-15.4584,144.9655,309.1,1.1,1,2014-09-13,1305,Terra,MODIS,69,6.2,292.2,8.5,N,0
-14.9444,145.1347,303.7,1.1,1,2014-09-13,1305,Terra,MODIS,57,6.2,291.8,5.8,N,0
-14.9435,144.951,314.8,1.1,1,2014-09-13,1305,Terra,MODIS,45,6.2,291.6,12.8,N,0
-14.9421,144.9608,310.8,1.1,1,2014-09-13,1305,Terra,MODIS,21,6.2,291.2,9.6,N,0
-14.9336,145.1431,326.2,1.1,1,2014-09-13,1305,Terra,MODIS,100,6.2,292.3,26.3,N,0
-15.4854,141.8608,345.6,1.1,1,2014-09-13,1305,Terra,MODIS,100,6.2,294.7,58.3,N,0
-14.8912,145.1304,303.3,1.1,1,2014-09-13,1305,Terra,MODIS,54,6.2,291.7,5.5,N,0
-15.4867,141.8508,311,1.1,1,2014-09-13,1305,Terra,MODIS,81,6.2,293.1,10.6,N,0
-15.6445,145.1245,301.6,1.1,1,2014-09-13,1305,Terra,MODIS,8,6.2,291.1,3.8,N,0
-15.657,145.1672,307.3,1.1,1,2014-09-13,1305,Terra,MODIS,67,6.2,291.3,7.6,N,0
-15.611,145.2826,312.6,1.1,1,2014-09-13,1305,Terra,MODIS,85,6.2,293.1,11.9,N,0
-15.6094,145.2926,335.3,1.1,1,2014-09-13,1305,Terra,MODIS,100,6.2,294.4,39.6,N,0
-15.4778,144.8984,301.8,1.1,1,2014-09-13,1305,Terra,MODIS,45,6.2,291,5,N,0
-15.6353,145.1229,305.8,1.1,1,2014-09-13,1305,Terra,MODIS,61,6.2,290.9,6.3,N,0
-15.6188,145.2941,333.2,1.1,1,2014-09-13,1305,Terra,MODIS,100,6.2,294.6,36.4,N,0
-15.6173,145.304,310.8,1.1,1,2014-09-13,1305,Terra,MODIS,81,6.2,293.1,10.1,N,0
-15.6281,145.2952,326,1.1,1,2014-09-13,1305,Terra,MODIS,100,6.2,292.8,26.3,N,0
-15.6266,145.3054,320.9,1.1,1,2014-09-13,1305,Terra,MODIS,100,6.2,292.8,20.1,N,0
-14.7927,144.8547,306.9,1.1,1,2014-09-13,1305,Terra,MODIS,37,6.2,292.4,6.7,N,0
-15.6354,145.0766,313.6,1.1,1,2014-09-13,1305,Terra,MODIS,16,6.2,291.5,11.5,N,0
-15.6262,145.0751,317.6,1.1,1,2014-09-13,1305,Terra,MODIS,95,6.2,291.8,16,N,0
-14.9655,142.1024,307.5,1,1,2014-09-13,1305,Terra,MODIS,64,6.2,287.9,8.6,N,0
-17.285,135.0805,302,3.2,1.7,2014-09-13,1305,Terra,MODIS,45,6.2,288.9,27.5,N,0
-17.2883,135.0756,301.5,3.2,1.7,2014-09-13,1305,Terra,MODIS,28,6.2,289,25.6,N,0
-15.0924,143.7545,304.5,1,1,2014-09-13,1305,Terra,MODIS,60,6.2,292.3,5.2,N,0
-15.0888,143.716,305.4,1,1,2014-09-13,1305,Terra,MODIS,36,6.2,292.4,5.4,N,0
-14.9668,142.0927,300.4,1,1,2014-09-13,1305,Terra,MODIS,13,6.2,285.3,4.4,N,0
-16.8331,135.3834,325.8,3,1.6,2014-09-13,1305,Terra,MODIS,100,6.2,295.4,107.7,N,0
-16.8062,135.3522,319.1,3,1.7,2014-09-13,1305,Terra,MODIS,88,6.2,294.1,72.4,N,0
-16.8091,135.3239,312.6,3,1.7,2014-09-13,1305,Terra,MODIS,34,6.2,292.4,47.1,N,0
-16.7913,135.3506,315.8,3,1.7,2014-09-13,1305,Terra,MODIS,86,6.2,295,59.7,N,0
-16.7942,135.3225,351.6,3,1.7,2014-09-13,1305,Terra,MODIS,100,6.2,296.9,323.3,N,0
-16.7764,135.349,340.5,3,1.7,2014-09-13,1305,Terra,MODIS,100,6.2,297.8,212.5,N,0
-16.7792,135.3209,378.3,3,1.7,2014-09-13,1305,Terra,MODIS,100,6.2,301.1,728.3,N,0
-16.7615,135.3473,320.6,3,1.7,2014-09-13,1305,Terra,MODIS,100,6.2,296.4,81.9,N,0
-16.7643,135.3192,341.8,3,1.7,2014-09-13,1305,Terra,MODIS,100,6.2,296.4,224.9,N,0
-16.8068,135.3455,322.4,3,1.7,2014-09-13,1305,Terra,MODIS,100,6.2,294,92.4,N,0
-16.7919,135.3439,334.7,3,1.7,2014-09-13,1305,Terra,MODIS,100,6.2,296,168.7,N,0
-16.7949,135.3158,341.7,3,1.7,2014-09-13,1305,Terra,MODIS,100,6.2,295.6,227,N,0
-16.7769,135.3424,351.6,3,1.7,2014-09-13,1305,Terra,MODIS,100,6.2,299.4,320.5,N,0
-16.78,135.3142,361.1,3,1.7,2014-09-13,1305,Terra,MODIS,100,6.2,298.5,441.4,N,0
-16.762,135.3408,332.2,3,1.7,2014-09-13,1305,Terra,MODIS,100,6.2,296.9,150.6,N,0
-16.765,135.3126,336.7,3,1.7,2014-09-13,1305,Terra,MODIS,100,6.2,295.6,185,N,0
-16.9188,135.4269,306.6,3,1.6,2014-09-13,1305,Terra,MODIS,61,6.2,293.4,31.3,N,0
-16.8743,135.4219,310.5,3,1.6,2014-09-13,1305,Terra,MODIS,80,6.2,294.1,41.9,N,0
-16.8772,135.394,304.2,3,1.6,2014-09-13,1305,Terra,MODIS,21,6.2,292.5,21.1,N,0
-16.8623,135.3921,314.4,3,1.6,2014-09-13,1305,Terra,MODIS,89,6.2,294.1,54.7,N,0
-16.8595,135.4201,315.1,3,1.6,2014-09-13,1305,Terra,MODIS,91,6.2,294.5,57.8,N,0
-16.8747,135.4166,314.5,3,1.6,2014-09-13,1305,Terra,MODIS,89,6.2,294,55.3,N,0
-16.8598,135.4149,320.2,3,1.6,2014-09-13,1305,Terra,MODIS,100,6.2,294.9,80,N,0
-16.8628,135.3869,308.5,3,1.6,2014-09-13,1305,Terra,MODIS,42,6.2,293.6,32.6,N,0
-16.8361,135.3553,309.8,3,1.7,2014-09-13,1305,Terra,MODIS,51,6.2,292.7,37.4,N,0
-14.3792,141.9635,313.6,1,1,2014-09-13,1305,Terra,MODIS,87,6.2,292.4,12.6,N,0
-14.7499,144.888,308,1.1,1,2014-09-13,1305,Terra,MODIS,46,6.2,292.8,6.7,N,0
-14.7441,144.8812,305.7,1.1,1,2014-09-13,1305,Terra,MODIS,65,6.2,292.5,6.2,N,0
-17.0188,138.4908,333.6,1.8,1.3,2014-09-13,1305,Terra,MODIS,100,6.2,294.2,77,N,0
-17.0208,138.4744,329.5,1.8,1.3,2014-09-13,1305,Terra,MODIS,100,6.2,295.2,64.9,N,0
-17.0071,138.4893,305.4,1.8,1.3,2014-09-13,1305,Terra,MODIS,64,6.2,291.9,15.7,N,0
-17.009,138.4729,304.8,1.8,1.3,2014-09-13,1305,Terra,MODIS,61,6.2,293,14.7,N,0
-13.4962,141.8411,310.9,1,1,2014-09-13,1306,Terra,MODIS,67,6.2,293.1,8.8,N,0
-13.4871,141.8397,353,1,1,2014-09-13,1306,Terra,MODIS,100,6.2,295.9,71.2,N,0
-13.4858,141.8493,336.4,1,1,2014-09-13,1306,Terra,MODIS,100,6.2,295,37.6,N,0
-13.4884,141.8302,306.5,1,1,2014-09-13,1306,Terra,MODIS,68,6.2,292.8,6.4,N,0
-13.4766,141.8479,312.6,1,1,2014-09-13,1306,Terra,MODIS,61,6.2,292.3,10,N,0
-13.6589,141.9937,308,1,1,2014-09-13,1306,Terra,MODIS,32,6.2,292.8,6.7,N,0
-13.651,141.9829,306,1,1,2014-09-13,1306,Terra,MODIS,31,6.2,292.1,5.5,N,0
-13.4557,141.7962,305.6,1,1,2014-09-13,1306,Terra,MODIS,65,6.2,292.3,5.9,N,0
-12.1782,142.3283,305.4,1,1,2014-09-13,1306,Terra,MODIS,64,6.2,292.9,5,N,0
-12.2673,142.4791,304.5,1,1,2014-09-13,1306,Terra,MODIS,57,6.2,292.5,4.4,N,0
-13.128,142.8942,302.4,1,1,2014-09-13,1306,Terra,MODIS,23,6.2,291.4,4,N,0
-11.7707,142.3496,310,1,1,2014-09-13,1306,Terra,MODIS,79,6.2,292.7,8.2,N,0
-11.7694,142.3587,305.8,1,1,2014-09-13,1306,Terra,MODIS,65,6.2,292.5,5.4,N,0
-12.1935,142.4803,302.4,1,1,2014-09-13,1306,Terra,MODIS,49,6.2,292.4,3.6,N,0
-13.1293,142.885,301.9,1,1,2014-09-13,1306,Terra,MODIS,33,6.2,291.7,3.8,N,0
-12.6203,141.9937,304.3,1,1,2014-09-13,1306,Terra,MODIS,59,6.2,292,5,N,0
-12.1795,142.3192,312.3,1,1,2014-09-13,1306,Terra,MODIS,85,6.2,293,10,N,0
-13.7361,134.8829,306.8,3,1.6,2014-09-13,1306,Terra,MODIS,65,6.2,293.6,32.2,N,0
-13.7359,134.8763,304.3,3,1.6,2014-09-13,1306,Terra,MODIS,59,6.2,293.6,26.8,N,0
-34.9419,118.1019,313.4,1.6,1.2,2014-09-13,1439,Terra,MODIS,82,6.2,279,31.2,N,0
-34.9548,118.086,312.9,1.6,1.2,2014-09-13,1439,Terra,MODIS,80,6.2,280.3,30.5,N,0
-34.9436,118.0845,328.4,1.6,1.2,2014-09-13,1439,Terra,MODIS,100,6.2,279.5,60.7,N,0
-21.1812,120.0642,302.7,1,1,2014-09-13,1442,Terra,MODIS,51,6.2,290.5,5.3,N,0
-21.1889,120.0753,356.8,1,1,2014-09-13,1442,Terra,MODIS,100,6.2,294.6,78.3,N,0
-21.1799,120.0738,352.8,1,1,2014-09-13,1442,Terra,MODIS,100,6.2,294.5,68.8,N,0
-21.1567,116.8691,307.2,1.2,1.1,2014-09-13,1442,Terra,MODIS,71,6.2,295.4,7.7,N,0
-21.1902,120.0657,312.7,1,1,2014-09-13,1442,Terra,MODIS,86,6.2,291.4,11.6,N,0
-21.1785,120.0834,350.2,1,1,2014-09-13,1442,Terra,MODIS,100,6.2,294.4,62.9,N,0
-22.3375,127.9056,306.1,2.4,1.5,2014-09-13,1442,Terra,MODIS,45,6.2,290.4,26.2,N,0
-22.3241,127.9025,306.6,2.4,1.5,2014-09-13,1442,Terra,MODIS,46,6.2,290.5,27.3,N,0
-22.3305,127.8984,301.2,2.4,1.5,2014-09-13,1442,Terra,MODIS,25,6.2,290.4,17.6,N,0
-22.3171,127.8953,310.3,2.4,1.5,2014-09-13,1442,Terra,MODIS,80,6.2,290.5,38,N,0
-21.6282,116.5783,309.8,1.3,1.1,2014-09-13,1442,Terra,MODIS,78,6.2,294,13.1,N,0
-21.1607,116.9188,326.3,1.2,1.1,2014-09-13,1442,Terra,MODIS,100,6.2,298.3,30.3,N,0
-22.0238,120.279,309.9,1,1,2014-09-13,1442,Terra,MODIS,79,6.2,291.9,9.5,N,0
-17.6863,123.151,332.3,1.4,1.2,2014-09-13,1443,Terra,MODIS,100,6.2,296.3,49.2,N,0
-17.6967,123.153,313.1,1.4,1.2,2014-09-13,1443,Terra,MODIS,86,6.2,295.3,16.8,N,0
-17.6884,123.1381,326.3,1.4,1.2,2014-09-13,1443,Terra,MODIS,100,6.2,296.2,37,N,0
-18.0013,122.7867,302.2,1.3,1.1,2014-09-13,1443,Terra,MODIS,45,6.2,291.6,6.9,N,0
-19.0731,126.4075,305.5,2.2,1.4,2014-09-13,1443,Terra,MODIS,55,6.2,293.1,18.5,N,0
-19.0564,126.4255,304.1,2.2,1.4,2014-09-13,1443,Terra,MODIS,42,6.2,293.2,14.1,N,0
-18.2866,127.7561,304.2,2.9,1.6,2014-09-13,1443,Terra,MODIS,58,6.2,294.2,20.4,N,0
-18.2859,127.7505,304.7,2.9,1.6,2014-09-13,1443,Terra,MODIS,61,6.2,294.2,24.2,N,0
-18.6605,130.095,312.5,4.2,1.9,2014-09-13,1443,Terra,MODIS,85,6.2,290,100.4,N,0
-18.6662,130.0484,325.4,4.2,1.9,2014-09-13,1443,Terra,MODIS,100,6.2,289.3,196.5,N,0
-18.6519,130.0521,320.8,4.2,1.9,2014-09-13,1443,Terra,MODIS,100,6.2,288.4,159.5,N,0
-18.6687,130.0559,315.2,4.2,1.9,2014-09-13,1443,Terra,MODIS,91,6.2,289.1,116.8,N,0
-18.6583,130.0875,324.4,4.2,1.9,2014-09-13,1443,Terra,MODIS,100,6.2,290.7,190.5,N,0
-18.6437,130.0912,300.2,4.2,1.9,2014-09-13,1443,Terra,MODIS,22,6.2,287,40.8,N,0
-13.6537,141.9912,303.4,1.2,1.1,2014-09-13,1609,Aqua,MODIS,55,6.2,290.6,7.1,N,0
-15.6072,145.2982,303.8,2.1,1.4,2014-09-13,1609,Aqua,MODIS,57,6.2,291.8,16.1,N,0
-15.622,145.0792,305,2,1.4,2014-09-13,1609,Aqua,MODIS,63,6.2,289.9,18,N,0
-14.9437,144.9495,302.2,1.9,1.3,2014-09-13,1609,Aqua,MODIS,45,6.2,290.3,12,N,0
-14.9527,145.1323,303.8,2,1.4,2014-09-13,1609,Aqua,MODIS,57,6.2,290.1,15.6,N,0
-14.9505,145.1398,305.1,2,1.4,2014-09-13,1609,Aqua,MODIS,63,6.2,290.7,17,N,0
-12.6116,141.9968,302.1,1.1,1.1,2014-09-13,1609,Aqua,MODIS,46,6.2,290.6,6,N,0
-15.2246,145.1169,301.8,2,1.4,2014-09-13,1609,Aqua,MODIS,45,6.2,289.8,13.6,N,0
-14.9335,144.968,300.4,1.9,1.3,2014-09-13,1609,Aqua,MODIS,9,6.2,289.6,9.1,N,0
-15.1285,143.6609,306.4,1.5,1.2,2014-09-13,1609,Aqua,MODIS,27,6.2,291.5,12.2,N,0
-16.4253,132.3537,308.9,2.1,1.4,2014-09-13,1610,Aqua,MODIS,36,6.2,292.9,23.5,N,0
-16.4289,132.3736,317.7,2.1,1.4,2014-09-13,1610,Aqua,MODIS,80,6.2,294.9,43.5,N,0
-16.4781,132.4204,309.4,2.1,1.4,2014-09-13,1610,Aqua,MODIS,9,6.2,293.2,21.8,N,0
-17.2698,135.0773,311.2,1.3,1.1,2014-09-13,1610,Aqua,MODIS,82,6.2,289.2,16.7,N,0
-17.2719,135.0898,304.5,1.3,1.1,2014-09-13,1610,Aqua,MODIS,60,6.2,288.2,9.8,N,0
-16.3983,132.2759,313.2,2.2,1.4,2014-09-13,1610,Aqua,MODIS,86,6.2,292.5,35.2,N,0
-16.4111,132.2735,317.4,2.2,1.4,2014-09-13,1610,Aqua,MODIS,95,6.2,291.5,45.6,N,0
-16.5298,132.4907,321.1,2.1,1.4,2014-09-13,1610,Aqua,MODIS,90,6.2,292.2,53,N,0
-16.8737,132.2774,305.1,2.1,1.4,2014-09-13,1610,Aqua,MODIS,32,6.2,292.9,20.7,N,0
-16.6212,132.5647,303.2,2.1,1.4,2014-09-13,1610,Aqua,MODIS,24,6.2,289.6,16.8,N,0
-16.5423,132.4883,325.3,2.1,1.4,2014-09-13,1610,Aqua,MODIS,100,6.2,294,65.2,N,0
-16.7741,135.3667,301.7,1.3,1.1,2014-09-13,1610,Aqua,MODIS,28,6.2,289.4,6.4,N,0
-17.2656,135.18,327,1.3,1.1,2014-09-13,1610,Aqua,MODIS,100,6.2,292.3,38.7,N,0
-16.4151,132.1457,304.2,2.2,1.4,2014-09-13,1610,Aqua,MODIS,36,6.2,293,18,N,0
-16.426,132.2074,327.1,2.2,1.4,2014-09-13,1610,Aqua,MODIS,100,6.2,291.7,75.9,N,0
-16.4296,132.2279,321.6,2.2,1.4,2014-09-13,1610,Aqua,MODIS,100,6.2,292.5,57.9,N,0
-16.4316,132.1639,332.5,2.2,1.4,2014-09-13,1610,Aqua,MODIS,100,6.2,294.6,98.4,N,0
-16.4252,132.2027,317.2,2.2,1.4,2014-09-13,1610,Aqua,MODIS,64,6.2,290.9,42.4,N,0
-16.429,132.2231,328.9,2.2,1.4,2014-09-13,1610,Aqua,MODIS,100,6.2,292.9,82.7,N,0
-16.4306,132.1592,326,2.2,1.4,2014-09-13,1610,Aqua,MODIS,100,6.2,294.2,72.2,N,0
-16.4344,132.1798,315.2,2.2,1.4,2014-09-13,1610,Aqua,MODIS,39,6.2,293.1,37.1,N,0
-16.4472,132.1773,319.9,2.2,1.4,2014-09-13,1610,Aqua,MODIS,95,6.2,294,51.2,N,0
-16.8652,135.4198,309.6,1.3,1.1,2014-09-13,1610,Aqua,MODIS,78,6.2,290.8,13.5,N,0
-16.8753,135.4181,316.5,1.3,1.1,2014-09-13,1610,Aqua,MODIS,93,6.2,290.8,20.6,N,0
-17.2758,135.1783,349.7,1.3,1.1,2014-09-13,1610,Aqua,MODIS,100,6.2,293.9,93.7,N,0
-17.2778,135.1905,308,1.3,1.1,2014-09-13,1610,Aqua,MODIS,73,6.2,290.5,13,N,0
-14.2751,132.1665,306.1,2.4,1.5,2014-09-13,1610,Aqua,MODIS,64,6.2,293.7,21.1,N,0
-20.7361,139.4762,307.5,1.1,1,2014-09-13,1611,Aqua,MODIS,72,6.2,290.5,10,N,2
-18.6567,130.1052,336.4,2.8,1.6,2014-09-13,1611,Aqua,MODIS,100,6.2,290.6,181.2,N,0
-18.6619,130.1317,300.3,2.8,1.6,2014-09-13,1611,Aqua,MODIS,24,6.2,287,25.1,N,0
-18.6516,130.0785,334.7,2.9,1.6,2014-09-13,1611,Aqua,MODIS,100,6.2,289.9,171.4,N,0
-21.6249,116.5731,307,1.3,1.1,2014-09-13,1750,Aqua,MODIS,70,6.2,290.3,12.1,N,0
-34.9452,118.104,316.4,2.4,1.5,2014-09-13,1754,Aqua,MODIS,93,6.2,278.5,70.8,N,0
-15.6265,145.0898,316.6,4.6,2,2014-09-13,2357,Terra,MODIS,63,6.2,295.6,84.5,D,0
-15.6279,145.097,314.9,4.6,2,2014-09-13,2357,Terra,MODIS,52,6.2,295.3,70.5,D,0
-26.2113,151.2182,312,1.1,1.1,2014-09-13,2359,Terra,MODIS,52,6.2,296,5.8,D,0
-25.0321,151.8533,310.5,1.1,1,2014-09-13,2359,Terra,MODIS,26,6.2,291.9,7.2,D,0
-25.5576,152.3735,311.5,1,1,2014-09-13,2359,Terra,MODIS,53,6.2,295.6,7.3,D,0
-26.9723,151.4715,320.6,1.1,1,2014-09-13,2359,Terra,MODIS,37,6.2,304.4,9.8,D,0
-26.407,149.7753,314.4,1.3,1.1,2014-09-13,2359,Terra,MODIS,48,6.2,298.9,9,D,0
-27.3086,153.0326,323.6,1,1,2014-09-14,0000,Terra,MODIS,80,6.2,296,15.5,D,0
-27.5276,150.5002,313.8,1.2,1.1,2014-09-14,0000,Terra,MODIS,38,6.2,299.3,5.9,D,0
-27.5256,150.4884,317.6,1.2,1.1,2014-09-14,0000,Terra,MODIS,64,6.2,301.4,9.5,D,0
-29.0833,151.9217,305.4,1,1,2014-09-14,0000,Terra,MODIS,43,6.2,292.7,4.1,D,0
-28.411,152.2833,319.8,1,1,2014-09-14,0000,Terra,MODIS,77,6.2,298.5,14.7,D,0
-28.883,149.3466,315.5,1.3,1.1,2014-09-14,0000,Terra,MODIS,58,6.2,302.9,8.4,D,0
-29.8425,151.11,322.9,1.1,1,2014-09-14,0000,Terra,MODIS,79,6.2,297.4,17.7,D,0
-29.1712,149.1755,318.7,1.3,1.1,2014-09-14,0000,Terra,MODIS,66,6.2,303.4,10.3,D,0
-28.7009,150.1386,328.6,1.2,1.1,2014-09-14,0000,Terra,MODIS,81,6.2,300.2,27,D,0
-29.633,150.2403,311.9,1.1,1.1,2014-09-14,0000,Terra,MODIS,51,6.2,299.5,5.9,D,0
-29.631,150.2287,313.5,1.1,1.1,2014-09-14,0000,Terra,MODIS,60,6.2,300.1,7.4,D,0
-31.8508,150.8677,310.1,1,1,2014-09-14,0001,Terra,MODIS,66,6.2,296.6,6.9,D,0
-34.4637,150.8813,313.3,1,1,2014-09-14,0002,Terra,MODIS,64,6.2,299,7.1,D,2
-33.9146,146.0473,307.2,1.6,1.2,2014-09-14,0002,Terra,MODIS,55,6.2,296.1,9.8,D,0
-12.2963,142.4051,326.5,4.3,1.9,2014-09-14,0134,Terra,MODIS,80,6.2,295.8,140.1,D,0
-11.7682,142.3345,320.2,4.2,1.9,2014-09-14,0134,Terra,MODIS,72,6.2,292.1,102.8,D,0
-12.3008,142.4446,325.4,4.4,1.9,2014-09-14,0134,Terra,MODIS,79,6.2,295.8,131.1,D,0
-11.7725,142.373,323.2,4.3,1.9,2014-09-14,0134,Terra,MODIS,76,6.2,293.3,129.5,D,0
-12.1886,135.4823,334.2,1.3,1.1,2014-09-14,0134,Terra,MODIS,82,6.2,307.9,32.3,D,0
-12.8794,132.4532,335.4,1,1,2014-09-14,0134,Terra,MODIS,79,6.2,313,19,D,0
-12.3022,142.4372,327.8,4.4,1.9,2014-09-14,0134,Terra,MODIS,81,6.2,295.6,156,D,0
-12.1818,142.3434,313.4,4.3,1.9,2014-09-14,0134,Terra,MODIS,37,6.2,293.9,32.7,D,0
-11.7655,142.3418,323.6,4.2,1.9,2014-09-14,0134,Terra,MODIS,77,6.2,292.1,129.5,D,0
-11.7699,142.3803,317.2,4.3,1.9,2014-09-14,0134,Terra,MODIS,67,6.2,292.8,80.7,D,0
-12.8808,132.4624,325,1,1,2014-09-14,0134,Terra,MODIS,44,6.2,310.9,5.5,D,0
-12.298,142.3976,322.2,4.3,1.9,2014-09-14,0134,Terra,MODIS,75,6.2,295.6,101.3,D,0
-11.7556,142.2203,311.2,4.1,1.9,2014-09-14,0134,Terra,MODIS,47,6.2,292.5,39.1,D,0
-11.7628,130.5994,363.1,1.1,1,2014-09-14,0134,Terra,MODIS,100,6.2,308.9,91.3,D,0
-11.7613,130.5897,326.7,1.1,1,2014-09-14,0134,Terra,MODIS,54,6.2,307.7,13.2,D,0
-13.0704,134.3888,331.9,1.2,1.1,2014-09-14,0134,Terra,MODIS,77,6.2,313,18.2,D,0
-12.9173,135.6639,327.1,1.4,1.2,2014-09-14,0134,Terra,MODIS,28,6.2,307.3,14.8,D,0
-12.185,141.9242,316.6,4,1.9,2014-09-14,0134,Terra,MODIS,50,6.2,299.4,67.8,D,0
-12.8932,135.6418,349,1.4,1.2,2014-09-14,0134,Terra,MODIS,93,6.2,306.8,70.7,D,0
-12.8915,135.6293,335,1.4,1.2,2014-09-14,0134,Terra,MODIS,82,6.2,303.8,31.6,D,0
-13.4815,141.8344,326.8,4.1,1.9,2014-09-14,0134,Terra,MODIS,80,6.2,297.1,129.3,D,0
-13.4413,134.6505,334,1.2,1.1,2014-09-14,0134,Terra,MODIS,79,6.2,315.1,20.1,D,0
-13.4775,141.8416,326.3,4.1,1.9,2014-09-14,0134,Terra,MODIS,79,6.2,296.7,127.3,D,0
-12.7533,134.756,324.8,1.2,1.1,2014-09-14,0134,Terra,MODIS,23,6.2,311.5,8.6,D,0
-12.3981,136.575,323.1,1.6,1.2,2014-09-14,0134,Terra,MODIS,67,6.2,300.9,22,D,0
-12.1494,133.8464,327.6,1.1,1,2014-09-14,0134,Terra,MODIS,54,6.2,310.4,11.1,D,0
-13.2061,134.111,328.1,1.1,1.1,2014-09-14,0134,Terra,MODIS,69,6.2,314.1,12.1,D,0
-12.3962,136.5608,318.2,1.6,1.2,2014-09-14,0134,Terra,MODIS,45,6.2,301.8,13.1,D,0
-13.4566,141.8061,314.5,4.1,1.9,2014-09-14,0134,Terra,MODIS,22,6.2,296.6,43,D,0
-13.0496,134.3809,338.4,1.2,1.1,2014-09-14,0134,Terra,MODIS,85,6.2,313.2,29.8,D,0
-11.3467,132.109,339.2,1,1,2014-09-14,0134,Terra,MODIS,75,6.2,305.1,28.2,D,0
-11.3454,132.0999,338.4,1,1,2014-09-14,0134,Terra,MODIS,81,6.2,308,25,D,0
-13.0511,134.3916,328.8,1.2,1.1,2014-09-14,0134,Terra,MODIS,63,6.2,313.1,13.9,D,0
-11.51,131.1714,333.2,1,1,2014-09-14,0134,Terra,MODIS,81,6.2,305.9,17.6,D,0
-11.5191,131.17,333.5,1,1,2014-09-14,0134,Terra,MODIS,81,6.2,308.3,17.7,D,0
-11.5276,131.2263,332.4,1,1,2014-09-14,0134,Terra,MODIS,78,6.2,306.6,17.8,D,0
-11.529,131.2357,325.8,1,1,2014-09-14,0134,Terra,MODIS,60,6.2,306.2,10.7,D,0
-11.5381,131.2343,336.3,1,1,2014-09-14,0134,Terra,MODIS,84,6.2,306.7,23.9,D,0
-11.5052,131.201,335.1,1,1,2014-09-14,0134,Terra,MODIS,82,6.2,306.9,22.7,D,0
-11.5157,131.209,342.9,1,1,2014-09-14,0134,Terra,MODIS,89,6.2,306.8,33.9,D,0
-13.4529,134.5753,328.2,1.2,1.1,2014-09-14,0134,Terra,MODIS,61,6.2,315.4,10.9,D,0
-11.4946,131.193,367.9,1,1,2014-09-14,0134,Terra,MODIS,100,6.2,308.7,101.4,D,0
-11.4961,131.2023,330.6,1,1,2014-09-14,0134,Terra,MODIS,69,6.2,306.7,17.5,D,0
-11.5325,132.8729,323.9,1,1,2014-09-14,0134,Terra,MODIS,50,6.2,306.5,8.1,D,0
-12.2769,134.5558,330.7,1.2,1.1,2014-09-14,0134,Terra,MODIS,68,6.2,310,17.7,D,0
-11.3364,132.1013,332.3,1,1,2014-09-14,0134,Terra,MODIS,0,6.2,304.3,16.1,D,0
-12.332,135.1067,326.6,1.2,1.1,2014-09-14,0134,Terra,MODIS,61,6.2,305.7,14.1,D,0
-11.2724,132.3555,346.2,1,1,2014-09-14,0134,Terra,MODIS,93,6.2,307.8,40.6,D,0
-13.4422,134.6444,332.8,1.2,1.1,2014-09-14,0134,Terra,MODIS,77,6.2,314.7,18.6,D,0
-11.2293,132.4361,328.9,1,1,2014-09-14,0134,Terra,MODIS,77,6.2,304.6,10.9,D,0
-11.2203,132.4374,345.2,1,1,2014-09-14,0134,Terra,MODIS,0,6.2,302.2,38.7,D,0
-13.6505,134.9088,331.2,1.3,1.1,2014-09-14,0134,Terra,MODIS,76,6.2,312.9,20.3,D,0
-11.2319,132.4543,333.4,1,1,2014-09-14,0134,Terra,MODIS,0,6.2,304.4,16.1,D,0
-11.2216,132.4465,338.9,1,1,2014-09-14,0134,Terra,MODIS,0,6.2,302.1,24.2,D,0
-16.3217,132.3341,333.2,1,1,2014-09-14,0135,Terra,MODIS,78,6.2,311.9,19.5,D,0
-14.243,132.1476,338.5,1,1,2014-09-14,0135,Terra,MODIS,83,6.2,315.8,23.1,D,0
-14.1342,132.3497,330.3,1,1,2014-09-14,0135,Terra,MODIS,36,6.2,316.8,11.6,D,0
-14.1432,132.3484,332.6,1,1,2014-09-14,0135,Terra,MODIS,70,6.2,315.2,14.8,D,0
-16.3267,132.304,325,1,1,2014-09-14,0135,Terra,MODIS,40,6.2,313.7,9.7,D,0
-16.3324,132.2869,333.8,1,1,2014-09-14,0135,Terra,MODIS,80,6.2,313.2,21.8,D,0
-16.3139,132.3451,334.1,1,1,2014-09-14,0135,Terra,MODIS,80,6.2,313,21.6,D,0
-16.3126,132.3355,374.6,1,1,2014-09-14,0135,Terra,MODIS,100,6.2,317.5,123.7,D,0
-16.3112,132.3259,386,1,1,2014-09-14,0135,Terra,MODIS,100,6.2,317.2,171.8,D,0
-16.3048,132.3464,329.5,1,1,2014-09-14,0135,Terra,MODIS,73,6.2,312.6,15.8,D,0
-16.3035,132.3368,338.7,1,1,2014-09-14,0135,Terra,MODIS,85,6.2,314.9,29.3,D,0
-16.3021,132.3272,353.9,1,1,2014-09-14,0135,Terra,MODIS,96,6.2,317,59.3,D,0
-15.4746,131.6946,341.7,1,1,2014-09-14,0135,Terra,MODIS,65,6.2,315.7,25.2,D,0
-15.467,131.7053,331.4,1,1,2014-09-14,0135,Terra,MODIS,20,6.2,314.3,10.4,D,0
-15.4657,131.696,334.5,1,1,2014-09-14,0135,Terra,MODIS,49,6.2,316.7,14.3,D,0
-16.3337,132.2965,334.6,1,1,2014-09-14,0135,Terra,MODIS,81,6.2,313.4,23.4,D,0
-16.3584,132.2733,340.7,1,1,2014-09-14,0135,Terra,MODIS,87,6.2,315.3,31.7,D,0
-16.3597,132.2829,328.5,1,1,2014-09-14,0135,Terra,MODIS,33,6.2,312.8,12.9,D,0
-14.2761,132.8863,328.9,1,1,2014-09-14,0135,Terra,MODIS,66,6.2,316.9,9.2,D,0
-13.5244,131.3344,327.7,1,1,2014-09-14,0135,Terra,MODIS,43,6.2,311.2,8.9,D,0
-14.3429,132.2019,324.8,1,1,2014-09-14,0135,Terra,MODIS,41,6.2,313.2,6.3,D,0
-15.4461,135.2283,335.3,1.4,1.2,2014-09-14,0135,Terra,MODIS,71,6.2,317.5,25.4,D,0
-15.381,135.3028,329.2,1.4,1.2,2014-09-14,0135,Terra,MODIS,44,6.2,316.3,13.1,D,0
-13.3046,130.7312,372.4,1,1,2014-09-14,0135,Terra,MODIS,100,6.2,313.7,111,D,0
-14.0965,132.3427,331.6,1,1,2014-09-14,0135,Terra,MODIS,46,6.2,316,11.6,D,0
-14.4655,132.9246,326.4,1,1,2014-09-14,0135,Terra,MODIS,39,6.2,313.1,7.9,D,0
-16.298,132.2985,354.9,1,1,2014-09-14,0135,Terra,MODIS,97,6.2,311,64,D,0
-15.5534,131.6667,334.8,1,1,2014-09-14,0135,Terra,MODIS,50,6.2,316,16.5,D,0
-16.2993,132.3081,367.2,1,1,2014-09-14,0135,Terra,MODIS,100,6.2,316.5,98.8,D,0
-16.3007,132.3176,347.1,1,1,2014-09-14,0135,Terra,MODIS,92,6.2,316.8,45.1,D,0
-14.7756,133.0989,332.4,1.1,1,2014-09-14,0135,Terra,MODIS,75,6.2,316.8,15.2,D,0
-15.5201,131.6908,341.3,1,1,2014-09-14,0135,Terra,MODIS,79,6.2,316.9,26.3,D,0
-15.5098,131.6828,330.9,1,1,2014-09-14,0135,Terra,MODIS,36,6.2,317.2,10.6,D,0
-16.3098,132.3163,348.1,1,1,2014-09-14,0135,Terra,MODIS,92,6.2,311.9,46.1,D,0
-14.2871,132.1977,369.6,1,1,2014-09-14,0135,Terra,MODIS,100,6.2,316.3,98.2,D,0
-14.2794,132.2084,337.7,1,1,2014-09-14,0135,Terra,MODIS,80,6.2,315.8,20.9,D,0
-14.2884,132.207,346.1,1,1,2014-09-14,0135,Terra,MODIS,90,6.2,314.7,37.3,D,0
-14.2781,132.1991,378.9,1,1,2014-09-14,0135,Terra,MODIS,100,6.2,319.2,132.4,D,0
-14.1055,132.3414,334.7,1,1,2014-09-14,0135,Terra,MODIS,75,6.2,317.2,16.2,D,0
-14.2898,132.2163,334.5,1,1,2014-09-14,0135,Terra,MODIS,73,6.2,314.9,17.6,D,0
-14.2767,132.1898,369.5,1,1,2014-09-14,0135,Terra,MODIS,100,6.2,314.1,97.6,D,0
-14.274,132.1714,332,1,1,2014-09-14,0135,Terra,MODIS,55,6.2,312.1,12.8,D,0
-14.2484,132.1846,327.6,1,1,2014-09-14,0135,Terra,MODIS,58,6.2,312.9,8.3,D,0
-14.1249,132.3481,340.4,1,1,2014-09-14,0135,Terra,MODIS,66,6.2,315.6,23.3,D,0
-14.4218,129.9119,331.2,1.1,1,2014-09-14,0135,Terra,MODIS,45,6.2,313.6,13.5,D,0
-15.903,128.2828,333.8,1.2,1.1,2014-09-14,0135,Terra,MODIS,38,6.2,312.6,21,D,0
-15.8813,128.2742,339.6,1.2,1.1,2014-09-14,0135,Terra,MODIS,85,6.2,313.7,34.2,D,0
-15.9222,128.2726,332.8,1.2,1.1,2014-09-14,0135,Terra,MODIS,20,6.2,313.7,21.1,D,0
-15.8831,128.2859,333.5,1.2,1.1,2014-09-14,0135,Terra,MODIS,71,6.2,313.8,20.6,D,0
-15.7733,128.2401,324.3,1.2,1.1,2014-09-14,0135,Terra,MODIS,58,6.2,312.1,7.6,D,0
-15.8732,128.2874,340.8,1.2,1.1,2014-09-14,0135,Terra,MODIS,86,6.2,314.7,36.1,D,0
-15.9203,128.2609,343.1,1.2,1.1,2014-09-14,0135,Terra,MODIS,88,6.2,312.9,44.6,D,0
-15.9394,127.7522,326.8,1.3,1.1,2014-09-14,0135,Terra,MODIS,67,6.2,310.9,12.7,D,0
-14.7332,126.6811,326,1.6,1.3,2014-09-14,0135,Terra,MODIS,68,6.2,311,17.3,D,0
-14.7357,126.6958,323.3,1.6,1.3,2014-09-14,0135,Terra,MODIS,53,6.2,309.8,12.4,D,0
-15.9024,128.276,328.2,1.2,1.1,2014-09-14,0135,Terra,MODIS,19,6.2,312.1,12.4,D,0
-15.926,128.2957,338.1,1.2,1.1,2014-09-14,0135,Terra,MODIS,62,6.2,313.7,28.9,D,0
-14.6021,126.5112,331,1.7,1.3,2014-09-14,0135,Terra,MODIS,77,6.2,308.9,34.1,D,0
-14.5992,126.5056,322.5,1.7,1.3,2014-09-14,0135,Terra,MODIS,50,6.2,308.5,14.8,D,0
-14.6019,126.5213,327.3,1.7,1.3,2014-09-14,0135,Terra,MODIS,72,6.2,309.4,24.8,D,0
-15.9972,127.6087,329.9,1.4,1.2,2014-09-14,0135,Terra,MODIS,74,6.2,310.8,20.8,D,0
-15.9993,127.6211,336.4,1.3,1.2,2014-09-14,0135,Terra,MODIS,82,6.2,313,33.6,D,0
-15.9359,128.2944,336.1,1.2,1.1,2014-09-14,0135,Terra,MODIS,70,6.2,312.9,26,D,0
-15.9557,128.2909,331.8,1.2,1.1,2014-09-14,0135,Terra,MODIS,73,6.2,311.6,19.6,D,0
-13.7003,129.8936,327.8,1.1,1,2014-09-14,0135,Terra,MODIS,38,6.2,310.9,11.4,D,0
-14.2442,132.3464,350.6,1,1,2014-09-14,0135,Terra,MODIS,94,6.2,317.5,47.3,D,0
-14.2428,132.3371,378.9,1,1,2014-09-14,0135,Terra,MODIS,100,6.2,318.9,134.3,D,0
-14.7957,126.6385,376.3,1.6,1.3,2014-09-14,0135,Terra,MODIS,100,6.2,312.5,256.1,D,0
-14.7981,126.6532,356.6,1.6,1.3,2014-09-14,0135,Terra,MODIS,98,6.2,313.7,127.1,D,0
-14.8094,126.651,328.4,1.6,1.3,2014-09-14,0135,Terra,MODIS,68,6.2,308.9,24.5,D,0
-13.6909,129.8332,373.5,1.1,1,2014-09-14,0135,Terra,MODIS,100,6.2,312.1,131.8,D,0
-13.6925,129.8433,357.4,1.1,1,2014-09-14,0135,Terra,MODIS,98,6.2,313.8,73.7,D,0
-14.8078,126.6454,336.5,1.6,1.3,2014-09-14,0135,Terra,MODIS,84,6.2,309,47.2,D,0
-13.7019,129.8418,344.2,1.1,1,2014-09-14,0135,Terra,MODIS,89,6.2,310.3,42.5,D,0
-14.7966,126.6477,362.8,1.6,1.3,2014-09-14,0135,Terra,MODIS,100,6.2,314.5,162.7,D,0
-14.7941,126.6329,349.2,1.6,1.3,2014-09-14,0135,Terra,MODIS,93,6.2,309.4,95.4,D,0
-15.7139,129.1492,333.3,1.1,1.1,2014-09-14,0135,Terra,MODIS,78,6.2,313,19.3,D,0
-14.7604,126.5666,335.7,1.7,1.3,2014-09-14,0135,Terra,MODIS,83,6.2,309.6,49,D,0
-15.7155,129.1596,351.5,1.1,1.1,2014-09-14,0135,Terra,MODIS,95,6.2,317.5,58.4,D,0
-14.7579,126.5516,337.7,1.7,1.3,2014-09-14,0135,Terra,MODIS,85,6.2,308.9,56.4,D,0
-14.7552,126.5359,328.5,1.7,1.3,2014-09-14,0135,Terra,MODIS,74,6.2,307.5,30.9,D,0
-14.8119,126.6661,324.4,1.6,1.3,2014-09-14,0135,Terra,MODIS,29,6.2,309.6,14.2,D,0
-13.7206,129.9006,331.2,1.1,1,2014-09-14,0135,Terra,MODIS,54,6.2,307.1,21.6,D,0
-14.5786,134.3902,336.1,1.2,1.1,2014-09-14,0135,Terra,MODIS,80,6.2,314.8,27.1,D,0
-14.4591,134.3336,344.2,1.2,1.1,2014-09-14,0135,Terra,MODIS,88,6.2,314.1,41.2,D,0
-14.4869,134.3187,345.2,1.2,1.1,2014-09-14,0135,Terra,MODIS,90,6.2,312.6,44.4,D,0
-14.5899,134.3998,331.6,1.2,1.1,2014-09-14,0135,Terra,MODIS,61,6.2,314.6,18.1,D,0
-14.4395,134.3362,330.8,1.2,1.1,2014-09-14,0135,Terra,MODIS,53,6.2,313,17.9,D,0
-14.5223,141.6129,319.9,4.1,1.9,2014-09-14,0135,Terra,MODIS,60,6.2,301.3,65.8,D,0
-15.8052,136.2265,361.5,1.6,1.3,2014-09-14,0135,Terra,MODIS,99,6.2,318.7,144.5,D,0
-15.4743,134.9114,339.5,1.3,1.1,2014-09-14,0135,Terra,MODIS,84,6.2,317,37.4,D,0
-14.5771,134.3791,329,1.2,1.1,2014-09-14,0135,Terra,MODIS,52,6.2,313.4,15.2,D,0
-15.3876,135.7293,327.4,1.5,1.2,2014-09-14,0135,Terra,MODIS,56,6.2,313.5,20,D,0
-15.4759,134.9237,327.5,1.3,1.1,2014-09-14,0135,Terra,MODIS,45,6.2,314.2,13,D,0
-16.2582,135.9237,328.4,1.6,1.2,2014-09-14,0135,Terra,MODIS,43,6.2,317.6,15.7,D,0
-14.4688,134.3322,345.7,1.2,1.1,2014-09-14,0135,Terra,MODIS,90,6.2,314.9,44.3,D,0
-15.8033,136.2113,377.9,1.6,1.3,2014-09-14,0135,Terra,MODIS,100,6.2,314.8,255.6,D,0
-14.4589,134.4804,324.6,1.2,1.1,2014-09-14,0135,Terra,MODIS,41,6.2,311.1,11.4,D,0
-14.4493,134.335,339.5,1.2,1.1,2014-09-14,0135,Terra,MODIS,59,6.2,313.9,32.2,D,0
-16.2578,135.9171,330.3,1.6,1.2,2014-09-14,0135,Terra,MODIS,54,6.2,316.2,20.2,D,0
-15.3704,135.3042,327.7,1.4,1.2,2014-09-14,0135,Terra,MODIS,34,6.2,315.9,9.5,D,0
-14.4703,134.3432,330.1,1.2,1.1,2014-09-14,0135,Terra,MODIS,35,6.2,314.5,11.4,D,0
-15.5457,136.5317,355.3,1.7,1.3,2014-09-14,0135,Terra,MODIS,0,6.2,313.7,135.8,D,0
-16.2154,135.9442,329,1.6,1.2,2014-09-14,0135,Terra,MODIS,69,6.2,317.9,15.8,D,0
-14.518,141.6202,326.1,4.1,1.9,2014-09-14,0135,Terra,MODIS,79,6.2,301.3,115,D,0
-14.4574,134.4692,327.4,1.2,1.1,2014-09-14,0135,Terra,MODIS,61,6.2,311,15.5,D,0
-16.9548,138.3625,339,2.5,1.5,2014-09-14,0135,Terra,MODIS,86,6.2,303.6,118.1,D,0
-16.9411,138.3641,333.2,2.5,1.5,2014-09-14,0135,Terra,MODIS,71,6.2,305.8,85.2,D,0
-16.9232,138.3965,340.1,2.5,1.5,2014-09-14,0135,Terra,MODIS,44,6.2,310.7,107.5,D,0
-16.9369,138.3949,359.2,2.5,1.5,2014-09-14,0135,Terra,MODIS,93,6.2,310.8,257.7,D,0
-16.93,138.3889,365.1,2.5,1.5,2014-09-14,0135,Terra,MODIS,100,6.2,310.7,325,D,0
-16.9325,138.4121,336.1,2.5,1.5,2014-09-14,0135,Terra,MODIS,42,6.2,313.8,77.9,D,0
-16.9487,138.4338,329.2,2.5,1.5,2014-09-14,0135,Terra,MODIS,60,6.2,310.9,40,D,0
-16.9436,138.3873,333.6,2.5,1.5,2014-09-14,0135,Terra,MODIS,29,6.2,310.2,78.8,D,0
-16.9573,138.3857,369.5,2.5,1.5,2014-09-14,0135,Terra,MODIS,100,6.2,312.8,387,D,0
-16.971,138.3841,359.6,2.5,1.5,2014-09-14,0135,Terra,MODIS,99,6.2,308.2,271,D,0
-16.9736,138.4073,342.1,2.5,1.5,2014-09-14,0135,Terra,MODIS,69,6.2,309.8,119.5,D,0
-16.984,138.5012,343,2.5,1.5,2014-09-14,0135,Terra,MODIS,89,6.2,311.2,133,D,0
-15.4991,135.0983,327.5,1.4,1.2,2014-09-14,0135,Terra,MODIS,44,6.2,315.2,10.4,D,0
-17.0291,138.4665,352.7,2.5,1.5,2014-09-14,0135,Terra,MODIS,96,6.2,311.7,213.5,D,0
-16.4453,132.3033,346.4,1,1,2014-09-14,0135,Terra,MODIS,91,6.2,316.6,37.7,D,0
-16.4466,132.3129,342,1,1,2014-09-14,0135,Terra,MODIS,87,6.2,318.1,28,D,0
-16.4544,132.3019,336.6,1,1,2014-09-14,0135,Terra,MODIS,76,6.2,312.9,21.1,D,0
-16.4557,132.3116,358.8,1,1,2014-09-14,0135,Terra,MODIS,99,6.2,313.8,66.6,D,0
-16.5995,132.2836,335.7,1,1,2014-09-14,0135,Terra,MODIS,63,6.2,313,20.7,D,0
-16.6026,132.2476,338.9,1,1,2014-09-14,0135,Terra,MODIS,85,6.2,312.5,28.6,D,0
-16.604,132.2572,341,1,1,2014-09-14,0135,Terra,MODIS,84,6.2,312.9,31.7,D,0
-16.6053,132.2669,338,1,1,2014-09-14,0135,Terra,MODIS,84,6.2,313,27.4,D,0
-16.7226,132.3811,332.3,1,1,2014-09-14,0135,Terra,MODIS,62,6.2,314.8,14.2,D,0
-16.9352,132.3868,335,1,1,2014-09-14,0135,Terra,MODIS,74,6.2,314.1,20.4,D,0
-16.9421,132.4356,336.3,1,1,2014-09-14,0135,Terra,MODIS,60,6.2,314,20.5,D,0
-16.9462,132.4649,352.8,1,1,2014-09-14,0135,Terra,MODIS,96,6.2,316.9,53.6,D,0
-16.949,132.4845,337.9,1.1,1,2014-09-14,0135,Terra,MODIS,81,6.2,317.1,24.2,D,0
-16.89,132.2647,334.4,1,1,2014-09-14,0135,Terra,MODIS,36,6.2,309.9,20.4,D,0
-16.8954,132.3034,331.5,1,1,2014-09-14,0135,Terra,MODIS,66,6.2,312,10.5,D,0
-16.5035,132.1318,353,1,1,2014-09-14,0135,Terra,MODIS,96,6.2,315.4,55.6,D,0
-16.5234,132.4592,349,1,1,2014-09-14,0135,Terra,MODIS,93,6.2,315.4,44.1,D,0
-16.5129,132.4509,355.4,1,1,2014-09-14,0135,Terra,MODIS,97,6.2,312.9,59.5,D,0
-16.5142,132.4606,347.3,1,1,2014-09-14,0135,Terra,MODIS,90,6.2,313.6,42.3,D,0
-16.5986,132.2189,337.2,1,1,2014-09-14,0135,Terra,MODIS,77,6.2,314.3,24.6,D,0
-16.5999,132.2284,342.8,1,1,2014-09-14,0135,Terra,MODIS,88,6.2,313.7,34.5,D,0
-16.6013,132.238,339.8,1,1,2014-09-14,0135,Terra,MODIS,86,6.2,312.9,29.9,D,0
-16.6036,132.1888,334.4,1,1,2014-09-14,0135,Terra,MODIS,70,6.2,312.4,20.3,D,0
-16.605,132.1983,339,1,1,2014-09-14,0135,Terra,MODIS,84,6.2,311.9,27.5,D,0
-16.6063,132.2079,340.3,1,1,2014-09-14,0135,Terra,MODIS,85,6.2,311.6,29.8,D,0
-16.7923,132.6103,328.9,1.1,1,2014-09-14,0135,Terra,MODIS,61,6.2,312,13.5,D,0
-16.4512,132.2144,328.4,1,1,2014-09-14,0135,Terra,MODIS,27,6.2,310,12.3,D,0
-16.4549,132.1749,339.6,1,1,2014-09-14,0135,Terra,MODIS,59,6.2,316.3,23,D,0
-16.4758,132.1912,333.7,1,1,2014-09-14,0135,Terra,MODIS,61,6.2,315.3,16.4,D,0
-16.5049,132.1414,339,1,1,2014-09-14,0135,Terra,MODIS,81,6.2,316.7,27.2,D,0
-16.4281,132.3707,331.5,1,1,2014-09-14,0135,Terra,MODIS,59,6.2,316.6,14.1,D,0
-16.7368,132.3493,334.4,1,1,2014-09-14,0135,Terra,MODIS,75,6.2,314.5,16.1,D,0
-16.7469,132.2886,331.8,1,1,2014-09-14,0135,Terra,MODIS,24,6.2,314.9,11,D,0
-16.7715,132.2652,344.4,1,1,2014-09-14,0135,Terra,MODIS,84,6.2,313,34.9,D,0
-16.7825,132.3425,338.1,1,1,2014-09-14,0135,Terra,MODIS,76,6.2,314.1,22.5,D,0
-16.7806,132.2639,333.5,1,1,2014-09-14,0135,Terra,MODIS,33,6.2,311.3,18.6,D,0
-16.7931,132.3508,338.4,1,1,2014-09-14,0135,Terra,MODIS,59,6.2,314.6,21.5,D,0
-16.4493,132.3321,332,1,1,2014-09-14,0135,Terra,MODIS,57,6.2,315.6,12.5,D,0
-16.4571,132.3212,336.1,1,1,2014-09-14,0135,Terra,MODIS,63,6.2,314.3,18.2,D,0
-16.4662,132.3198,335.1,1,1,2014-09-14,0135,Terra,MODIS,45,6.2,313.9,16.6,D,0
-16.4676,132.3294,335.1,1,1,2014-09-14,0135,Terra,MODIS,43,6.2,314.4,16.8,D,0
-16.4795,132.3473,328.5,1,1,2014-09-14,0135,Terra,MODIS,43,6.2,312.7,8.4,D,0
-16.7596,132.2473,342.1,1,1,2014-09-14,0135,Terra,MODIS,88,6.2,313.4,35,D,0
-16.761,132.2569,333.3,1,1,2014-09-14,0135,Terra,MODIS,59,6.2,313.5,17.8,D,0
-16.7688,132.246,357.6,1,1,2014-09-14,0135,Terra,MODIS,98,6.2,310.9,69.3,D,0
-16.7701,132.2556,369.5,1,1,2014-09-14,0135,Terra,MODIS,100,6.2,313.5,103.7,D,0
-16.7475,132.627,331.7,1.1,1,2014-09-14,0135,Terra,MODIS,65,6.2,315.4,17.8,D,0
-16.7489,132.6369,323.5,1.1,1,2014-09-14,0135,Terra,MODIS,56,6.2,312.2,8.6,D,0
-16.8456,132.5363,325.8,1.1,1,2014-09-14,0135,Terra,MODIS,49,6.2,314.9,5.5,D,0
-16.7632,132.6045,332.7,1.1,1,2014-09-14,0135,Terra,MODIS,74,6.2,313.9,16.9,D,0
-16.4053,132.276,358.2,1,1,2014-09-14,0135,Terra,MODIS,99,6.2,314,64.3,D,0
-16.4321,132.2759,332.2,1,1,2014-09-14,0135,Terra,MODIS,34,6.2,313.7,15.8,D,0
-16.4398,132.2649,335.1,1,1,2014-09-14,0135,Terra,MODIS,65,6.2,310.4,21.5,D,0
-16.5156,132.4703,344.8,1,1,2014-09-14,0135,Terra,MODIS,85,6.2,313.8,37.7,D,0
-16.5248,132.4689,382.5,1,1,2014-09-14,0135,Terra,MODIS,100,6.2,317.5,155.2,D,0
-16.5262,132.4787,343.7,1,1,2014-09-14,0135,Terra,MODIS,88,6.2,315.1,34.2,D,0
-16.8124,132.2335,326.1,1,1,2014-09-14,0135,Terra,MODIS,66,6.2,310.7,12.2,D,0
-16.8425,132.2487,335.5,1,1,2014-09-14,0135,Terra,MODIS,66,6.2,313.9,21.5,D,0
-16.8809,132.2661,337.8,1,1,2014-09-14,0135,Terra,MODIS,72,6.2,311.1,25.6,D,0
-16.9143,132.5562,328.9,1.1,1,2014-09-14,0135,Terra,MODIS,33,6.2,315.8,8.6,D,0
-16.6489,132.5776,344.4,1.1,1,2014-09-14,0135,Terra,MODIS,90,6.2,316.6,35.8,D,0
-16.67,132.5945,345.9,1.1,1,2014-09-14,0135,Terra,MODIS,91,6.2,316.4,38.8,D,0
-16.6806,132.603,335.7,1.1,1,2014-09-14,0135,Terra,MODIS,23,6.2,314.4,19.7,D,0
-16.6912,132.6115,336.3,1.1,1,2014-09-14,0135,Terra,MODIS,27,6.2,313.7,21,D,0
-16.7024,135.7243,326.3,1.6,1.2,2014-09-14,0135,Terra,MODIS,67,6.2,313.6,18.6,D,0
-16.8968,132.3131,350.7,1,1,2014-09-14,0135,Terra,MODIS,94,6.2,314,45.5,D,0
-16.8982,132.3228,351.5,1,1,2014-09-14,0135,Terra,MODIS,95,6.2,314.1,46.6,D,0
-16.927,132.3284,336.7,1,1,2014-09-14,0135,Terra,MODIS,69,6.2,309.6,23.8,D,0
-16.5629,132.4866,336.5,1,1,2014-09-14,0135,Terra,MODIS,83,6.2,314.9,19.5,D,0
-16.5762,132.5145,333.3,1,1,2014-09-14,0135,Terra,MODIS,27,6.2,316.2,15.1,D,0
-16.5974,132.5313,333,1,1,2014-09-14,0135,Terra,MODIS,26,6.2,315.6,15.1,D,0
-16.6199,132.5579,331.7,1.1,1,2014-09-14,0135,Terra,MODIS,31,6.2,314,14.3,D,0
-16.9284,132.3381,342.9,1,1,2014-09-14,0135,Terra,MODIS,87,6.2,311.5,34.3,D,0
-16.9297,132.3479,340.8,1,1,2014-09-14,0135,Terra,MODIS,87,6.2,312.3,31.1,D,0
-16.9311,132.3576,331.4,1,1,2014-09-14,0135,Terra,MODIS,47,6.2,311.9,15.2,D,0
-16.9325,132.3673,336.7,1,1,2014-09-14,0135,Terra,MODIS,82,6.2,313.5,23.8,D,0
-16.9339,132.3771,333.3,1,1,2014-09-14,0135,Terra,MODIS,52,6.2,314.4,17.1,D,0
-16.7144,135.4617,328.8,1.5,1.2,2014-09-14,0135,Terra,MODIS,72,6.2,315,21.9,D,0
-16.7553,135.3232,331.3,1.5,1.2,2014-09-14,0135,Terra,MODIS,70,6.2,316.7,22.7,D,0
-16.7713,135.3631,330.4,1.5,1.2,2014-09-14,0135,Terra,MODIS,45,6.2,316.4,21.5,D,0
-16.811,132.2239,321.6,1,1,2014-09-14,0135,Terra,MODIS,36,6.2,309.6,7.7,D,0
-17.2571,135.1567,333.3,1.4,1.2,2014-09-14,0135,Terra,MODIS,59,6.2,316.4,28.6,D,0
-17.2604,135.1498,363,1.4,1.2,2014-09-14,0135,Terra,MODIS,100,6.2,315.5,134.3,D,0
-17.262,135.1634,371.7,1.5,1.2,2014-09-14,0135,Terra,MODIS,100,6.2,321.4,181.5,D,0
-16.7201,135.3342,327.3,1.5,1.2,2014-09-14,0135,Terra,MODIS,69,6.2,313.9,19.9,D,0
-16.9686,132.2925,327.9,1,1,2014-09-14,0135,Terra,MODIS,61,6.2,311.2,13.5,D,0
-16.9769,132.2951,327.4,1,1,2014-09-14,0135,Terra,MODIS,30,6.2,311.5,10.1,D,0
-16.986,132.2937,333.6,1,1,2014-09-14,0135,Terra,MODIS,61,6.2,313.3,18.3,D,0
-16.4249,132.1599,338.9,1,1,2014-09-14,0135,Terra,MODIS,75,6.2,313.6,26.7,D,0
-16.4263,132.1694,376.1,1,1,2014-09-14,0135,Terra,MODIS,100,6.2,318.1,126.9,D,0
-16.4276,132.179,362,1,1,2014-09-14,0135,Terra,MODIS,100,6.2,318.2,78.4,D,0
-16.429,132.1885,346.1,1,1,2014-09-14,0135,Terra,MODIS,91,6.2,315.1,39.9,D,0
-16.4354,132.1681,344.3,1,1,2014-09-14,0135,Terra,MODIS,90,6.2,310,34,D,0
-16.4367,132.1776,399.6,1,1,2014-09-14,0135,Terra,MODIS,100,6.2,317.3,239.9,D,0
-16.4381,132.1871,426.7,1,1,2014-09-14,0135,Terra,MODIS,100,6.2,331.5,451.6,D,0
-16.4394,132.1967,365.4,1,1,2014-09-14,0135,Terra,MODIS,100,6.2,318.5,85.9,D,0
-16.4376,132.1191,328.9,1,1,2014-09-14,0135,Terra,MODIS,50,6.2,314,11.5,D,0
-16.4472,132.1858,343.7,1,1,2014-09-14,0135,Terra,MODIS,80,6.2,310.5,31.1,D,0
-16.4485,132.1953,344.2,1,1,2014-09-14,0135,Terra,MODIS,66,6.2,311.6,33.3,D,0
-16.8548,135.3884,330.2,1.5,1.2,2014-09-14,0135,Terra,MODIS,47,6.2,316.6,17.8,D,0
-16.8566,135.4024,330.9,1.5,1.2,2014-09-14,0135,Terra,MODIS,48,6.2,314.7,20.2,D,0
-17.3156,135.1561,366.1,1.5,1.2,2014-09-14,0135,Terra,MODIS,100,6.2,316.3,154.5,D,0
-17.3263,135.1547,339.8,1.5,1.2,2014-09-14,0135,Terra,MODIS,86,6.2,310.5,48.6,D,0
-17.3318,135.1126,339.6,1.4,1.2,2014-09-14,0135,Terra,MODIS,71,6.2,315.9,44.1,D,0
-17.2678,135.1552,407.4,1.4,1.2,2014-09-14,0135,Terra,MODIS,100,6.2,320.8,489.9,D,0
-17.2695,135.1687,362.5,1.5,1.2,2014-09-14,0135,Terra,MODIS,100,6.2,318.1,131,D,0
-17.2711,135.1483,357.1,1.4,1.2,2014-09-14,0135,Terra,MODIS,98,6.2,313.3,108.8,D,0
-17.2727,135.1619,369,1.5,1.2,2014-09-14,0135,Terra,MODIS,100,6.2,317.4,166.9,D,0
-17.2818,135.1469,354.8,1.4,1.2,2014-09-14,0135,Terra,MODIS,97,6.2,311,102.4,D,0
-17.2834,135.1604,345.2,1.5,1.2,2014-09-14,0135,Terra,MODIS,90,6.2,313,64.4,D,0
-17.2851,135.174,341.6,1.5,1.2,2014-09-14,0135,Terra,MODIS,87,6.2,316.2,51.6,D,0
-17.3173,135.1697,335,1.5,1.2,2014-09-14,0135,Terra,MODIS,73,6.2,316.4,35.6,D,0
-17.3281,135.1683,334.4,1.5,1.2,2014-09-14,0135,Terra,MODIS,79,6.2,315,34.9,D,0
-15.7172,129.1701,326.7,1.1,1.1,2014-09-14,0135,Terra,MODIS,53,6.2,315.4,9.9,D,0
-17.0036,138.4274,327.1,2.5,1.5,2014-09-14,0135,Terra,MODIS,57,6.2,307.7,49,D,0
-17.0063,138.4509,343.8,2.5,1.5,2014-09-14,0135,Terra,MODIS,90,6.2,313.2,144.6,D,0
-17.02,138.4493,343.4,2.5,1.5,2014-09-14,0135,Terra,MODIS,89,6.2,309.7,139.5,D,0
-17.0227,138.4728,355,2.5,1.5,2014-09-14,0135,Terra,MODIS,97,6.2,313.9,231.7,D,0
-17.0129,138.4445,342.9,2.5,1.5,2014-09-14,0135,Terra,MODIS,88,6.2,310.8,133.6,D,0
-19.0708,126.4188,337.7,1.4,1.2,2014-09-14,0136,Terra,MODIS,83,6.2,313.7,40.1,D,0
-19.0814,126.4168,328.9,1.4,1.2,2014-09-14,0136,Terra,MODIS,68,6.2,311.1,20.5,D,0
-17.7811,137.9583,338.3,2.4,1.5,2014-09-14,0136,Terra,MODIS,85,6.2,313.6,87.9,D,0
-17.7762,137.9522,326.2,2.4,1.5,2014-09-14,0136,Terra,MODIS,67,6.2,313.3,31.2,D,0
-19.0284,126.4268,329.2,1.4,1.2,2014-09-14,0136,Terra,MODIS,71,6.2,312.2,18.2,D,0
-17.7786,137.9745,324.5,2.4,1.5,2014-09-14,0136,Terra,MODIS,50,6.2,313.4,25.2,D,0
-17.792,137.973,325.6,2.4,1.5,2014-09-14,0136,Terra,MODIS,51,6.2,314,29,D,0
-18.6935,127.2965,343.5,1.3,1.1,2014-09-14,0136,Terra,MODIS,89,6.2,313.1,48.6,D,0
-18.6857,127.3044,334.2,1.3,1.1,2014-09-14,0136,Terra,MODIS,57,6.2,313.1,24.5,D,0
-18.6915,127.2844,340.9,1.3,1.1,2014-09-14,0136,Terra,MODIS,86,6.2,312.3,41.1,D,0
-18.7015,127.2825,341.3,1.3,1.1,2014-09-14,0136,Terra,MODIS,87,6.2,311.1,44.2,D,0
-18.6613,127.4076,322.7,1.3,1.1,2014-09-14,0136,Terra,MODIS,27,6.2,311.1,8,D,0
-18.6574,127.3218,327.3,1.3,1.1,2014-09-14,0136,Terra,MODIS,44,6.2,313.2,12.4,D,0
-18.6594,127.3339,328.8,1.3,1.1,2014-09-14,0136,Terra,MODIS,60,6.2,311.8,16,D,0
-18.7479,130.2372,336.6,1,1,2014-09-14,0136,Terra,MODIS,82,6.2,314.1,23.1,D,0
-18.7404,130.2481,325.7,1,1,2014-09-14,0136,Terra,MODIS,58,6.2,313.8,8.7,D,0
-18.7342,130.0841,403,1,1,2014-09-14,0136,Terra,MODIS,100,6.2,317.3,260.7,D,0
-18.7028,130.06,338,1,1,2014-09-14,0136,Terra,MODIS,44,6.2,312.9,22.2,D,0
-18.6862,130.0724,346.1,1,1,2014-09-14,0136,Terra,MODIS,87,6.2,316.1,34.7,D,0
-18.2265,130.1392,325.9,1,1,2014-09-14,0136,Terra,MODIS,45,6.2,315.5,7.4,D,0
-18.6502,130.0161,334.1,1,1,2014-09-14,0136,Terra,MODIS,36,6.2,313.9,16,D,0
-18.6527,130.0937,330.5,1,1,2014-09-14,0136,Terra,MODIS,55,6.2,314.6,12.6,D,0
-18.6394,130.0666,331.9,1,1,2014-09-14,0136,Terra,MODIS,37,6.2,311.9,14.4,D,0
-18.2202,130.1564,329.3,1,1,2014-09-14,0136,Terra,MODIS,59,6.2,314.9,9.2,D,0
-18.2187,130.1469,339.1,1,1,2014-09-14,0136,Terra,MODIS,85,6.2,316.7,23.1,D,0
-20.0813,128.1944,339.5,1.1,1.1,2014-09-14,0136,Terra,MODIS,85,6.2,315.2,28.7,D,0
-20.083,128.2049,338.3,1.1,1.1,2014-09-14,0136,Terra,MODIS,79,6.2,314.5,26.8,D,0
-20.0908,128.1927,327.6,1.1,1.1,2014-09-14,0136,Terra,MODIS,30,6.2,311.8,10.8,D,0
-20.1029,128.1471,325,1.1,1.1,2014-09-14,0136,Terra,MODIS,55,6.2,311.3,8.2,D,0
-20.1107,128.1348,342.7,1.1,1.1,2014-09-14,0136,Terra,MODIS,88,6.2,313,37.2,D,0
-17.4649,125.7986,330.6,1.7,1.3,2014-09-14,0136,Terra,MODIS,63,6.2,311.4,31.9,D,0
-20.1313,128.1138,326.8,1.1,1.1,2014-09-14,0136,Terra,MODIS,64,6.2,309.7,12.4,D,0
-18.6541,130.1032,338.4,1,1,2014-09-14,0136,Terra,MODIS,83,6.2,314.6,23.6,D,0
-18.6555,130.1127,340.1,1,1,2014-09-14,0136,Terra,MODIS,86,6.2,314.3,26.7,D,0
-18.7252,130.0856,344.9,1,1,2014-09-14,0136,Terra,MODIS,90,6.2,309.8,38.3,D,0
-17.4736,125.7811,365,1.7,1.3,2014-09-14,0136,Terra,MODIS,100,6.2,312.1,186.2,D,0
-18.7266,130.0951,393.6,1,1,2014-09-14,0136,Terra,MODIS,100,6.2,321.7,203.9,D,0
-17.4763,125.7966,379.5,1.7,1.3,2014-09-14,0136,Terra,MODIS,100,6.2,316.3,292.6,D,0
-17.485,125.7784,350.3,1.7,1.3,2014-09-14,0136,Terra,MODIS,94,6.2,308.3,105.9,D,0
-17.4877,125.7941,361.4,1.7,1.3,2014-09-14,0136,Terra,MODIS,100,6.2,309.3,162.8,D,0
-20.0736,128.2066,340.4,1.1,1.1,2014-09-14,0136,Terra,MODIS,86,6.2,315.2,30.8,D,0
-20.0719,128.196,333,1.1,1.1,2014-09-14,0136,Terra,MODIS,77,6.2,315.4,17.2,D,0
-20.085,128.0955,328,1.1,1.1,2014-09-14,0136,Terra,MODIS,68,6.2,312.1,13,D,0
-18.728,130.1046,403.7,1,1,2014-09-14,0136,Terra,MODIS,100,6.2,325.8,259.5,D,0
-18.7294,130.1141,370.1,1,1,2014-09-14,0136,Terra,MODIS,100,6.2,320.2,95.8,D,0
-18.7494,130.2467,325.2,1,1,2014-09-14,0136,Terra,MODIS,57,6.2,312.2,8.1,D,0
-18.737,130.1031,340.2,1,1,2014-09-14,0136,Terra,MODIS,29,6.2,316.6,25.1,D,0
-20.0009,128.2689,330.2,1.1,1,2014-09-14,0136,Terra,MODIS,58,6.2,311.4,14.8,D,0
-20.0103,128.2672,331.6,1.1,1,2014-09-14,0136,Terra,MODIS,21,6.2,312.2,15.3,D,0
-20.0197,128.2655,339.8,1.1,1,2014-09-14,0136,Terra,MODIS,46,6.2,314.3,28.2,D,0
-20.0291,128.2639,332.2,1.1,1,2014-09-14,0136,Terra,MODIS,53,6.2,312.2,17.1,D,0
-18.6819,130.0439,338.4,1,1,2014-09-14,0136,Terra,MODIS,84,6.2,313.7,23.1,D,0
-20.0368,128.2517,338.8,1.1,1.1,2014-09-14,0136,Terra,MODIS,84,6.2,313.2,28.1,D,0
-18.6758,130.0644,337.9,1,1,2014-09-14,0136,Terra,MODIS,33,6.2,314,18.7,D,0
-18.7356,130.0936,423.5,1,1,2014-09-14,0136,Terra,MODIS,100,6.2,328.1,414.6,D,0
-18.6743,130.0549,333.6,1,1,2014-09-14,0136,Terra,MODIS,37,6.2,312.3,13,D,0
-17.4732,125.8467,325.9,1.7,1.3,2014-09-14,0136,Terra,MODIS,24,6.2,308.6,19.6,D,0
-18.67,130.0264,339.6,1,1,2014-09-14,0136,Terra,MODIS,85,6.2,313.7,26,D,0
-18.2173,130.1374,338.7,1,1,2014-09-14,0136,Terra,MODIS,84,6.2,316.7,21.9,D,0
-18.6513,130.0842,329.8,1,1,2014-09-14,0136,Terra,MODIS,13,6.2,314.6,11.3,D,0
-18.0296,122.8195,334.2,2.7,1.6,2014-09-14,0136,Terra,MODIS,78,6.2,301.5,78.2,D,0
-18.0344,122.8448,364.8,2.7,1.6,2014-09-14,0136,Terra,MODIS,100,6.2,304,361.9,D,0
-18.8029,128.7354,329.5,1.1,1,2014-09-14,0136,Terra,MODIS,72,6.2,312.8,15,D,0
-18.0453,122.7288,341,2.8,1.6,2014-09-14,0136,Terra,MODIS,75,6.2,303.8,141,D,0
-18.0544,122.6999,346.4,2.8,1.6,2014-09-14,0136,Terra,MODIS,92,6.2,302.7,203.5,D,0
-18.0653,122.8315,364,2.7,1.6,2014-09-14,0136,Terra,MODIS,100,6.2,302.3,366.8,D,0
-18.7903,128.7164,341.2,1.1,1,2014-09-14,0136,Terra,MODIS,87,6.2,315.1,32.4,D,0
-18.0626,122.8391,365.6,2.7,1.6,2014-09-14,0136,Terra,MODIS,100,6.2,303.1,378.4,D,0
-18.7919,128.7267,338,1.1,1,2014-09-14,0136,Terra,MODIS,84,6.2,314.1,27.1,D,0
-17.6798,123.181,321.2,2.6,1.6,2014-09-14,0136,Terra,MODIS,33,6.2,302,28.6,D,0
-18.0351,122.6768,334.3,2.8,1.6,2014-09-14,0136,Terra,MODIS,78,6.2,301,103.2,D,0
-18.0604,122.8061,345.9,2.7,1.6,2014-09-14,0136,Terra,MODIS,92,6.2,300.6,184.3,D,0
-18.0668,122.7046,322,2.8,1.6,2014-09-14,0136,Terra,MODIS,46,6.2,300.5,46,D,0
-18.0154,122.8224,329.3,2.7,1.6,2014-09-14,0136,Terra,MODIS,55,6.2,302.5,51,D,0
-18.0503,122.7546,345.1,2.8,1.6,2014-09-14,0136,Terra,MODIS,88,6.2,302.2,172.7,D,0
-18.0578,122.8137,365.9,2.7,1.6,2014-09-14,0136,Terra,MODIS,100,6.2,302.7,385,D,0
-18.0334,122.6842,340.6,2.8,1.6,2014-09-14,0136,Terra,MODIS,88,6.2,301.9,141.8,D,0
-18.0383,122.7103,337.7,2.8,1.6,2014-09-14,0136,Terra,MODIS,78,6.2,304,118.1,D,0
-18.0432,122.7363,349.4,2.8,1.6,2014-09-14,0136,Terra,MODIS,94,6.2,304.4,205.5,D,0
-18.7105,130.2336,326.8,1,1,2014-09-14,0136,Terra,MODIS,56,6.2,314.7,8.6,D,0
-18.0402,122.7028,342.8,2.8,1.6,2014-09-14,0136,Terra,MODIS,89,6.2,303.5,162.1,D,0
-18.0526,122.7074,345.6,2.8,1.6,2014-09-14,0136,Terra,MODIS,91,6.2,303.2,188.5,D,0
-18.6956,130.0124,333.5,1,1,2014-09-14,0136,Terra,MODIS,57,6.2,309.8,16.8,D,0
-18.7032,130.0014,335.7,1,1,2014-09-14,0136,Terra,MODIS,81,6.2,310.4,22.6,D,0
-18.7047,130.011,349,1,1,2014-09-14,0136,Terra,MODIS,93,6.2,313.2,46,D,0
-18.7061,130.0205,326.8,1,1,2014-09-14,0136,Terra,MODIS,24,6.2,311.8,9.4,D,0
-18.7094,129.9809,338.8,1,1,2014-09-14,0136,Terra,MODIS,85,6.2,309.8,29.1,D,0
-18.7108,129.9905,354,1,1,2014-09-14,0136,Terra,MODIS,96,6.2,313.1,59.3,D,0
-18.7122,130,361.8,1,1,2014-09-14,0136,Terra,MODIS,100,6.2,313.5,78.5,D,0
-18.7137,130.0095,361.8,1,1,2014-09-14,0136,Terra,MODIS,100,6.2,312.7,77.7,D,0
-18.7151,130.019,332.1,1,1,2014-09-14,0136,Terra,MODIS,76,6.2,310.1,16.7,D,0
-18.0123,122.829,326,2.7,1.6,2014-09-14,0136,Terra,MODIS,62,6.2,302.4,35.7,D,0
-18.0485,122.842,359.1,2.7,1.6,2014-09-14,0136,Terra,MODIS,99,6.2,304.3,293.7,D,0
-18.0481,122.7622,355.8,2.8,1.6,2014-09-14,0136,Terra,MODIS,97,6.2,302.8,265.2,D,0
-18.0437,122.8166,355.4,2.7,1.6,2014-09-14,0136,Terra,MODIS,97,6.2,302.7,250.1,D,0
-18.0339,122.7652,336,2.8,1.6,2014-09-14,0136,Terra,MODIS,79,6.2,305.2,90.9,D,0
-22.3757,127.9401,328.7,1.1,1,2014-09-14,0137,Terra,MODIS,71,6.2,312.1,14,D,0
-22.3774,127.9506,343,1.1,1,2014-09-14,0137,Terra,MODIS,89,6.2,311.4,38.5,D,0
-22.4401,128.125,338.6,1.1,1,2014-09-14,0137,Terra,MODIS,85,6.2,312.9,29.6,D,0
-23.5889,129.36,328.5,1,1,2014-09-14,0137,Terra,MODIS,70,6.2,313.3,11.7,D,0
-22.3377,127.8823,325.7,1.1,1,2014-09-14,0137,Terra,MODIS,65,6.2,310.8,10.8,D,0
-22.3394,127.8928,338.3,1.1,1,2014-09-14,0137,Terra,MODIS,84,6.2,312.9,29.3,D,0
-22.3411,127.9033,338.5,1.1,1,2014-09-14,0137,Terra,MODIS,85,6.2,311.9,28.6,D,0
-22.3471,127.8806,341,1.1,1,2014-09-14,0137,Terra,MODIS,87,6.2,310.6,35.2,D,0
-22.3488,127.8911,375.3,1.1,1,2014-09-14,0137,Terra,MODIS,100,6.2,314.5,136.2,D,0
-22.3504,127.9016,348.7,1.1,1,2014-09-14,0137,Terra,MODIS,93,6.2,311.6,50,D,0
-22.3564,127.8789,353.4,1.1,1,2014-09-14,0137,Terra,MODIS,96,6.2,310.2,63.3,D,0
-22.3581,127.8894,335.9,1.1,1,2014-09-14,0137,Terra,MODIS,82,6.2,309.9,25.6,D,0
-24.5898,128.7277,324.5,1,1,2014-09-14,0138,Terra,MODIS,62,6.2,311.4,8.4,D,0
-24.5913,128.7376,328.8,1,1,2014-09-14,0138,Terra,MODIS,72,6.2,312.2,13.5,D,0
-26.094,127.1987,324.1,1.1,1,2014-09-14,0138,Terra,MODIS,50,6.2,311.3,8.1,D,0
-41.9569,148.0909,306.7,1,1,2014-09-14,0415,Aqua,MODIS,51,6.2,291.9,6.7,D,0
-41.9479,148.0884,305.5,1,1,2014-09-14,0415,Aqua,MODIS,58,6.2,291.6,6,D,0
-35.1977,144.1324,322,1,1,2014-09-14,0417,Aqua,MODIS,76,6.2,294.1,15.5,D,0
-37.351,142.4793,334.5,1.2,1.1,2014-09-14,0417,Aqua,MODIS,89,6.2,290.5,43.7,D,0
-35.1909,144.1242,320.2,1,1,2014-09-14,0417,Aqua,MODIS,74,6.2,296.4,14.1,D,0
-37.3312,142.4756,322,1.2,1.1,2014-09-14,0417,Aqua,MODIS,81,6.2,290.9,23.7,D,0
-35.1992,144.1211,317.2,1,1,2014-09-14,0417,Aqua,MODIS,70,6.2,296,10.9,D,0
-36.4908,148.8491,310.6,1.2,1.1,2014-09-14,0417,Aqua,MODIS,70,6.2,295.9,9,D,0
-35.5194,145.4519,316.4,1,1,2014-09-14,0417,Aqua,MODIS,74,6.2,284.2,14.5,D,0
-31.5489,149.2384,309.1,1.5,1.2,2014-09-14,0418,Aqua,MODIS,38,6.2,298.7,8,D,0
-33.1769,146.9117,316.4,1.1,1,2014-09-14,0418,Aqua,MODIS,66,6.2,305.8,8.5,D,0
-33.7876,145.5338,319.1,1,1,2014-09-14,0418,Aqua,MODIS,64,6.2,307.1,8,D,0
-31.7658,149.1289,311,1.5,1.2,2014-09-14,0418,Aqua,MODIS,55,6.2,300.5,8.7,D,0
-32.0751,146.6928,312.8,1.1,1,2014-09-14,0418,Aqua,MODIS,32,6.2,301.1,5.8,D,0
-32.0732,146.7044,316.7,1.1,1,2014-09-14,0418,Aqua,MODIS,61,6.2,304.4,9.8,D,0
-31.6756,147.3031,316.6,1.2,1.1,2014-09-14,0418,Aqua,MODIS,65,6.2,303.6,9.8,D,0
-31.4543,149.1915,320.1,1.5,1.2,2014-09-14,0418,Aqua,MODIS,74,6.2,299.3,25.3,D,0
-30.5832,147.4998,322.3,1.2,1.1,2014-09-14,0418,Aqua,MODIS,65,6.2,309.1,11.6,D,0
-31.7478,148.1953,320.4,1.3,1.1,2014-09-14,0418,Aqua,MODIS,72,6.2,303.5,18,D,0
-31.6755,147.2973,315,1.2,1.1,2014-09-14,0418,Aqua,MODIS,60,6.2,303.8,7.8,D,0
-34.6334,142.8228,323.1,1.1,1,2014-09-14,0418,Aqua,MODIS,77,6.2,304.2,14.9,D,0
-28.7907,151.9039,308.2,2.6,1.5,2014-09-14,0419,Aqua,MODIS,22,6.2,288.1,26.4,D,0
-28.5097,148.8789,325.6,1.6,1.3,2014-09-14,0419,Aqua,MODIS,29,6.2,310.7,22.6,D,0
-28.537,149.1744,322.8,1.7,1.3,2014-09-14,0419,Aqua,MODIS,68,6.2,307.1,22.7,D,0
-26.4746,150.0641,320.7,2.2,1.4,2014-09-14,0419,Aqua,MODIS,41,6.2,294.5,34.7,D,0
-24.9401,149.0241,324.5,2,1.4,2014-09-14,0420,Aqua,MODIS,78,6.2,297.2,50.9,D,0
-23.7993,147.4271,323.2,1.6,1.3,2014-09-14,0420,Aqua,MODIS,68,6.2,305.4,21.7,D,0
-23.8021,147.4113,324.7,1.6,1.3,2014-09-14,0420,Aqua,MODIS,75,6.2,304,24.7,D,0
-17.0019,138.3702,340.2,1.1,1.1,2014-09-14,0422,Aqua,MODIS,85,6.2,301.4,35.2,D,0
-17.0033,138.3595,378.5,1.1,1.1,2014-09-14,0422,Aqua,MODIS,100,6.2,305.3,164.5,D,0
-16.9923,138.3688,343.9,1.1,1.1,2014-09-14,0422,Aqua,MODIS,88,6.2,301.6,44.9,D,0
-16.9937,138.3581,363.3,1.1,1.1,2014-09-14,0422,Aqua,MODIS,100,6.2,302.8,102.2,D,0
-16.9841,138.3568,349.6,1.1,1.1,2014-09-14,0422,Aqua,MODIS,93,6.2,301.1,61.7,D,0
-16.9802,138.3617,338.3,1.1,1.1,2014-09-14,0422,Aqua,MODIS,83,6.2,300.9,37.5,D,0
-16.9816,138.351,330.7,1.1,1.1,2014-09-14,0422,Aqua,MODIS,72,6.2,300.2,25.2,D,0
-16.9706,138.3603,340.7,1.1,1.1,2014-09-14,0422,Aqua,MODIS,86,6.2,300.5,43.5,D,0
-17.0668,138.4298,386.2,1.1,1.1,2014-09-14,0422,Aqua,MODIS,100,6.2,311.2,202.4,D,0
-17.0682,138.4191,356.4,1.1,1.1,2014-09-14,0422,Aqua,MODIS,97,6.2,298.9,78.4,D,0
-17.0603,138.4437,359.4,1.1,1.1,2014-09-14,0422,Aqua,MODIS,99,6.2,309.9,78.9,D,0
-17.0618,138.4331,386.7,1.1,1.1,2014-09-14,0422,Aqua,MODIS,100,6.2,314.5,197.9,D,0
-17.0632,138.4225,399.7,1.1,1.1,2014-09-14,0422,Aqua,MODIS,100,6.2,316.3,282.4,D,0
-17.0494,138.4529,355.8,1.1,1.1,2014-09-14,0422,Aqua,MODIS,97,6.2,314.3,68.2,D,0
-17.0522,138.4317,342.4,1.1,1.1,2014-09-14,0422,Aqua,MODIS,65,6.2,310,35,D,0
-17.0536,138.4211,349.1,1.1,1.1,2014-09-14,0422,Aqua,MODIS,82,6.2,308.8,51.4,D,0
-17.0551,138.4105,335.6,1.1,1.1,2014-09-14,0422,Aqua,MODIS,59,6.2,300.1,24.6,D,0
-17.0565,138.3998,406.6,1.1,1.1,2014-09-14,0422,Aqua,MODIS,100,6.2,313.5,340.5,D,0
-17.0455,138.4091,334.9,1.1,1.1,2014-09-14,0422,Aqua,MODIS,42,6.2,305.1,24.6,D,0
-17.0469,138.3984,341.8,1.1,1.1,2014-09-14,0422,Aqua,MODIS,80,6.2,306.3,40.2,D,0
-17.0359,138.4077,350.1,1.1,1.1,2014-09-14,0422,Aqua,MODIS,93,6.2,305.6,57.6,D,0
-17.0374,138.397,337.2,1.1,1.1,2014-09-14,0422,Aqua,MODIS,66,6.2,302.6,32.2,D,0
-17.0278,138.3957,383.7,1.1,1.1,2014-09-14,0422,Aqua,MODIS,100,6.2,305.3,187.5,D,0
-16.9532,138.8822,327,1.1,1,2014-09-14,0422,Aqua,MODIS,54,6.2,314.2,9.3,D,0
-16.9866,138.4868,333.9,1.1,1.1,2014-09-14,0422,Aqua,MODIS,48,6.2,311,17.5,D,0
-16.9785,138.4749,331.7,1.1,1.1,2014-09-14,0422,Aqua,MODIS,68,6.2,310.1,16.7,D,0
-16.988,138.4763,346.9,1.1,1.1,2014-09-14,0422,Aqua,MODIS,91,6.2,310.4,45.3,D,0
-16.9826,138.4432,337.2,1.1,1.1,2014-09-14,0422,Aqua,MODIS,81,6.2,306.6,27.1,D,0
-16.984,138.4326,355.7,1.1,1.1,2014-09-14,0422,Aqua,MODIS,97,6.2,310.8,72.3,D,0
-16.9731,138.4418,327.4,1.1,1.1,2014-09-14,0422,Aqua,MODIS,27,6.2,306.4,12.1,D,0
-16.9702,138.436,328.4,1.1,1.1,2014-09-14,0422,Aqua,MODIS,44,6.2,306.6,15.2,D,0
-16.9947,138.4987,338,1.1,1.1,2014-09-14,0422,Aqua,MODIS,82,6.2,311.8,27.4,D,0
-16.9634,138.5156,332.5,1.1,1.1,2014-09-14,0422,Aqua,MODIS,71,6.2,311.3,17.9,D,0
-16.9648,138.5051,332.1,1.1,1.1,2014-09-14,0422,Aqua,MODIS,71,6.2,314.5,16.3,D,0
-16.9602,138.5098,337.5,1.1,1.1,2014-09-14,0422,Aqua,MODIS,82,6.2,314.2,26.7,D,0
-17.0589,138.4543,337,1.1,1.1,2014-09-14,0422,Aqua,MODIS,56,6.2,308.2,23.9,D,0
-17.0465,138.474,346.4,1.1,1.1,2014-09-14,0422,Aqua,MODIS,91,6.2,311.5,44.9,D,0
-17.0479,138.4635,380.1,1.1,1.1,2014-09-14,0422,Aqua,MODIS,100,6.2,316.1,162.5,D,0
-17.0356,138.4832,333.5,1.1,1.1,2014-09-14,0422,Aqua,MODIS,76,6.2,312.3,20.1,D,0
-17.037,138.4727,335.2,1.1,1.1,2014-09-14,0422,Aqua,MODIS,79,6.2,314.4,22.7,D,0
-17.9529,137.9408,338.5,1.2,1.1,2014-09-14,0422,Aqua,MODIS,66,6.2,321.9,23.6,D,0
-18.0049,138.9268,332.6,1.1,1,2014-09-14,0422,Aqua,MODIS,69,6.2,317.9,15.2,D,0
-18.0035,138.9371,336.3,1.1,1,2014-09-14,0422,Aqua,MODIS,78,6.2,318.5,21.4,D,0
-17.0306,138.3744,379.9,1.1,1.1,2014-09-14,0422,Aqua,MODIS,100,6.2,303.8,170.5,D,0
-17.7782,137.9565,340.1,1.2,1.1,2014-09-14,0422,Aqua,MODIS,82,6.2,318.3,28.9,D,0
-17.7866,137.9694,335.6,1.2,1.1,2014-09-14,0422,Aqua,MODIS,71,6.2,318.6,18.8,D,0
-17.7767,137.968,336.8,1.2,1.1,2014-09-14,0422,Aqua,MODIS,68,6.2,319.5,21.3,D,0
-17.3173,135.1571,336.4,1.8,1.3,2014-09-14,0422,Aqua,MODIS,76,6.2,314.9,50.3,D,0
-17.3193,135.1398,333.7,1.8,1.3,2014-09-14,0422,Aqua,MODIS,41,6.2,311.3,37.4,D,0
-17.3033,135.1729,339,1.8,1.3,2014-09-14,0422,Aqua,MODIS,77,6.2,316.4,55.8,D,0
-17.3053,135.1556,360.8,1.8,1.3,2014-09-14,0422,Aqua,MODIS,100,6.2,315.6,172.4,D,0
-17.2934,135.154,339.5,1.8,1.3,2014-09-14,0422,Aqua,MODIS,64,6.2,311.5,61.1,D,0
-17.2996,135.1476,348.5,1.8,1.3,2014-09-14,0422,Aqua,MODIS,78,6.2,312,97.8,D,0
-17.2736,135.1617,344.8,1.8,1.3,2014-09-14,0422,Aqua,MODIS,70,6.2,319.2,80.1,D,0
-17.2757,135.1444,337.8,1.8,1.3,2014-09-14,0422,Aqua,MODIS,54,6.2,315,55.4,D,0
-17.2834,135.1351,342.5,1.8,1.3,2014-09-14,0422,Aqua,MODIS,38,6.2,310.9,72.8,D,0
-17.0224,138.3623,428.2,1.1,1.1,2014-09-14,0422,Aqua,MODIS,100,6.2,317.3,554.8,D,0
-17.0129,138.3609,370.5,1.1,1.1,2014-09-14,0422,Aqua,MODIS,100,6.2,306.1,129.9,D,0
-17.0292,138.385,428.1,1.1,1.1,2014-09-14,0422,Aqua,MODIS,100,6.2,312.8,550.3,D,0
-17.032,138.3637,327.3,1.1,1.1,2014-09-14,0422,Aqua,MODIS,45,6.2,296.1,17.5,D,0
-17.0115,138.3716,364.2,1.1,1.1,2014-09-14,0422,Aqua,MODIS,100,6.2,306,103.6,D,0
-17.021,138.373,458.9,1.1,1.1,2014-09-14,0422,Aqua,MODIS,100,6.2,329.6,993.3,D,0
-18.9792,146.3486,326.1,1.7,1.3,2014-09-14,0422,Aqua,MODIS,54,6.2,296.4,39.1,D,0
-18.9678,146.3464,333.4,1.7,1.3,2014-09-14,0422,Aqua,MODIS,0,6.2,296.8,58.7,D,0
-17.0236,138.4276,333.9,1.1,1.1,2014-09-14,0422,Aqua,MODIS,71,6.2,303.4,16.7,D,0
-17.025,138.4169,332.8,1.1,1.1,2014-09-14,0422,Aqua,MODIS,67,6.2,303.3,16.5,D,0
-17.0264,138.4063,373.6,1.1,1.1,2014-09-14,0422,Aqua,MODIS,100,6.2,306.4,135.3,D,0
-17.0056,138.4896,328.8,1.1,1.1,2014-09-14,0422,Aqua,MODIS,59,6.2,310.6,12.7,D,0
-17.007,138.4791,344.5,1.1,1.1,2014-09-14,0422,Aqua,MODIS,89,6.2,312.8,40.9,D,0
-17.0126,138.4368,345.5,1.1,1.1,2014-09-14,0422,Aqua,MODIS,90,6.2,305.9,42.3,D,0
-17.0154,138.4155,340.2,1.1,1.1,2014-09-14,0422,Aqua,MODIS,85,6.2,302.7,29.9,D,0
-17.0168,138.4049,333.7,1.1,1.1,2014-09-14,0422,Aqua,MODIS,68,6.2,301.6,20.9,D,0
-17.0182,138.3943,388.2,1.1,1.1,2014-09-14,0422,Aqua,MODIS,100,6.2,307,211.4,D,0
-17.0196,138.3836,419,1.1,1.1,2014-09-14,0422,Aqua,MODIS,100,6.2,318.2,452.2,D,0
-16.9961,138.4882,341.3,1.1,1.1,2014-09-14,0422,Aqua,MODIS,86,6.2,311.9,33,D,0
-16.9975,138.4777,353.9,1.1,1.1,2014-09-14,0422,Aqua,MODIS,96,6.2,311.9,63.8,D,0
-17.0017,138.446,376.2,1.1,1.1,2014-09-14,0422,Aqua,MODIS,100,6.2,311.1,144.7,D,0
-17.0031,138.4354,363.2,1.1,1.1,2014-09-14,0422,Aqua,MODIS,100,6.2,309.8,93.7,D,0
-17.0087,138.3929,337.7,1.1,1.1,2014-09-14,0422,Aqua,MODIS,82,6.2,301,29.6,D,0
-17.0101,138.3822,349,1.1,1.1,2014-09-14,0422,Aqua,MODIS,93,6.2,303.1,55.6,D,0
-16.9921,138.4446,347.9,1.1,1.1,2014-09-14,0422,Aqua,MODIS,92,6.2,308.5,49.5,D,0
-16.9991,138.3915,326.5,1.1,1.1,2014-09-14,0422,Aqua,MODIS,22,6.2,300,11.3,D,0
-17.0005,138.3809,329.6,1.1,1.1,2014-09-14,0422,Aqua,MODIS,63,6.2,300,15.2,D,0
-15.6642,145.1597,326.2,1.6,1.2,2014-09-14,0422,Aqua,MODIS,53,6.2,301.3,29.7,D,0
-15.6322,145.0772,325.7,1.6,1.2,2014-09-14,0422,Aqua,MODIS,53,6.2,302,24.8,D,0
-15.658,145.128,328.5,1.6,1.2,2014-09-14,0422,Aqua,MODIS,75,6.2,303.2,31.6,D,0
-15.6555,145.143,347.8,1.6,1.2,2014-09-14,0422,Aqua,MODIS,93,6.2,304.7,93.4,D,0
-15.6531,145.1575,337,1.6,1.2,2014-09-14,0422,Aqua,MODIS,85,6.2,300.2,55.3,D,0
-18.6644,130.0501,395.7,4.6,2,2014-09-14,0422,Aqua,MODIS,100,6.2,316.8,1942.1,D,0
-18.6428,130.0923,359.1,4.6,2,2014-09-14,0422,Aqua,MODIS,99,6.2,310.5,608,D,0
-18.6745,130.1394,332.4,4.6,2,2014-09-14,0422,Aqua,MODIS,72,6.2,312.5,141.9,D,0
-18.6479,130.0445,356.6,4.6,2,2014-09-14,0422,Aqua,MODIS,98,6.2,310.6,576,D,0
-18.6341,129.9986,359,4.7,2,2014-09-14,0422,Aqua,MODIS,99,6.2,308.3,663.8,D,0
-18.6325,130.0022,370.8,4.7,2,2014-09-14,0422,Aqua,MODIS,100,6.2,309,990.4,D,0
-18.6466,130.0483,361.4,4.6,2,2014-09-14,0422,Aqua,MODIS,100,6.2,311.3,684,D,0
-18.6683,130.0059,329.6,4.7,2,2014-09-14,0422,Aqua,MODIS,35,6.2,310.3,126,D,0
-18.6301,130.0428,411.2,4.6,2,2014-09-14,0422,Aqua,MODIS,100,6.2,315.9,2875.7,D,0
-18.6439,130.0885,364.1,4.6,2,2014-09-14,0422,Aqua,MODIS,100,6.2,311.1,745.7,D,0
-18.6606,130.0941,345.3,4.6,2,2014-09-14,0422,Aqua,MODIS,83,6.2,312.9,317.9,D,0
-18.6823,130.0518,337.9,4.6,2,2014-09-14,0422,Aqua,MODIS,64,6.2,313.5,205,D,0
-18.6617,130.0901,346.2,4.6,2,2014-09-14,0422,Aqua,MODIS,75,6.2,313.2,329.6,D,0
-18.6658,130.0462,382.1,4.6,2,2014-09-14,0422,Aqua,MODIS,100,6.2,317.4,1323.4,D,0
-18.6287,130.0466,405.7,4.6,2,2014-09-14,0422,Aqua,MODIS,100,6.2,314.7,2523.5,D,0
-16.0178,145.1124,349.7,1.6,1.2,2014-09-14,0422,Aqua,MODIS,94,6.2,301.1,105.5,D,0
-15.6849,145.1031,320,1.6,1.2,2014-09-14,0422,Aqua,MODIS,53,6.2,302.5,16.5,D,0
-16.0069,145.11,340.7,1.6,1.2,2014-09-14,0422,Aqua,MODIS,88,6.2,300.7,72.7,D,0
-14.2975,141.8885,354.5,1.1,1,2014-09-14,0423,Aqua,MODIS,97,6.2,309.2,66.5,D,0
-14.2882,141.887,356.7,1.1,1,2014-09-14,0423,Aqua,MODIS,98,6.2,308.5,72.4,D,0
-14.2774,141.8955,358.1,1.1,1,2014-09-14,0423,Aqua,MODIS,99,6.2,312.1,74.3,D,0
-16.2499,135.8864,334.9,1.6,1.2,2014-09-14,0423,Aqua,MODIS,66,6.2,321.4,28.1,D,0
-14.2713,141.899,365.3,1.1,1,2014-09-14,0423,Aqua,MODIS,100,6.2,312.7,100.9,D,0
-16.2294,136.8689,340.5,1.4,1.2,2014-09-14,0423,Aqua,MODIS,84,6.2,315,42.8,D,0
-14.9254,144.9613,344.5,1.6,1.2,2014-09-14,0423,Aqua,MODIS,91,6.2,301,82.9,D,0
-14.95,144.9508,325.1,1.6,1.2,2014-09-14,0423,Aqua,MODIS,27,6.2,300.6,27.6,D,0
-15.6235,145.0611,328.1,1.6,1.2,2014-09-14,0423,Aqua,MODIS,33,6.2,299.3,29.1,D,0
-14.3288,141.9345,326.3,1.1,1,2014-09-14,0423,Aqua,MODIS,41,6.2,307.7,11.8,D,0
-14.296,141.8985,334.8,1.1,1,2014-09-14,0423,Aqua,MODIS,77,6.2,309.1,22.9,D,0
-14.447,134.459,350.4,1.9,1.3,2014-09-14,0423,Aqua,MODIS,94,6.2,317.6,117,D,0
-15.8021,136.1728,332.6,1.5,1.2,2014-09-14,0423,Aqua,MODIS,31,6.2,314.7,25.7,D,0
-16.2327,136.8437,327.8,1.4,1.2,2014-09-14,0423,Aqua,MODIS,44,6.2,314,13.1,D,0
-14.2758,141.9055,346.6,1.1,1,2014-09-14,0423,Aqua,MODIS,92,6.2,311,44.8,D,0
-14.9437,144.9199,323.5,1.6,1.2,2014-09-14,0423,Aqua,MODIS,52,6.2,300.8,24.5,D,0
-14.4571,134.478,330.3,1.9,1.3,2014-09-14,0423,Aqua,MODIS,58,6.2,314.1,30.4,D,0
-15.2351,145.1136,316.3,1.6,1.2,2014-09-14,0423,Aqua,MODIS,41,6.2,290.5,17.2,D,0
-16.2175,136.88,344.9,1.3,1.2,2014-09-14,0423,Aqua,MODIS,89,6.2,315.9,52,D,0
-15.4733,144.9925,327.4,1.6,1.2,2014-09-14,0423,Aqua,MODIS,31,6.2,300.3,27.7,D,0
-16.2191,136.8675,363.7,1.4,1.2,2014-09-14,0423,Aqua,MODIS,100,6.2,318.9,119,D,0
-15.6218,145.0702,326.5,1.6,1.2,2014-09-14,0423,Aqua,MODIS,37,6.2,301.1,26.9,D,0
-15.1879,145.12,318.5,1.6,1.3,2014-09-14,0423,Aqua,MODIS,49,6.2,294.3,20.6,D,0
-14.5882,134.4463,334.3,1.9,1.3,2014-09-14,0423,Aqua,MODIS,74,6.2,315.7,37.7,D,0
-14.4542,134.453,353.4,1.9,1.3,2014-09-14,0423,Aqua,MODIS,96,6.2,315.7,133.8,D,0
-12.3854,142.1998,324.3,1.2,1.1,2014-09-14,0423,Aqua,MODIS,56,6.2,304.9,11.9,D,0
-15.2943,145.2385,324.9,1.6,1.3,2014-09-14,0423,Aqua,MODIS,73,6.2,299.5,35.1,D,0
-14.4641,134.472,327.5,1.9,1.3,2014-09-14,0423,Aqua,MODIS,42,6.2,315.1,22.4,D,0
-14.4676,134.2817,348.7,1.9,1.4,2014-09-14,0423,Aqua,MODIS,46,6.2,315,100.8,D,0
-14.9075,134.8231,343,1.8,1.3,2014-09-14,0423,Aqua,MODIS,84,6.2,318.6,65,D,0
-16.2223,136.8423,336.6,1.4,1.2,2014-09-14,0423,Aqua,MODIS,70,6.2,312.5,28.4,D,0
-14.3381,141.936,323.3,1.1,1,2014-09-14,0423,Aqua,MODIS,26,6.2,307.6,9.2,D,0
-15.5117,145.2506,317.7,1.6,1.3,2014-09-14,0423,Aqua,MODIS,29,6.2,296.9,21.4,D,0
-14.5846,134.3736,342.4,1.9,1.4,2014-09-14,0423,Aqua,MODIS,74,6.2,318.8,72.8,D,0
-14.4495,134.2907,335.2,1.9,1.4,2014-09-14,0423,Aqua,MODIS,33,6.2,312.6,51.1,D,0
-16.0121,136.3293,336,1.5,1.2,2014-09-14,0423,Aqua,MODIS,79,6.2,317.9,29.1,D,0
-16.2103,136.8535,358.4,1.4,1.2,2014-09-14,0423,Aqua,MODIS,99,6.2,316.9,95.7,D,0
-14.449,134.4416,334.8,1.9,1.3,2014-09-14,0423,Aqua,MODIS,67,6.2,311.7,44.9,D,0
-16.2722,135.8893,340.8,1.6,1.2,2014-09-14,0423,Aqua,MODIS,75,6.2,320.1,42.3,D,0
-14.9428,145.1352,330,1.6,1.3,2014-09-14,0423,Aqua,MODIS,74,6.2,294.4,44.7,D,0
-15.7951,136.1632,334.9,1.5,1.2,2014-09-14,0423,Aqua,MODIS,70,6.2,313.4,33,D,0
-15.3699,145.2734,317.9,1.6,1.3,2014-09-14,0423,Aqua,MODIS,0,6.2,297.5,24.3,D,0
-14.5946,134.3931,337.4,1.9,1.4,2014-09-14,0423,Aqua,MODIS,65,6.2,318.3,50.3,D,0
-14.381,141.9496,326.4,1.1,1,2014-09-14,0423,Aqua,MODIS,68,6.2,308.3,13.8,D,0
-14.5447,134.3633,329,1.9,1.4,2014-09-14,0423,Aqua,MODIS,63,6.2,312.5,28.5,D,0
-16.1983,136.8646,352.1,1.4,1.2,2014-09-14,0423,Aqua,MODIS,94,6.2,315.9,77.1,D,0
-16.2311,136.8563,377.2,1.4,1.2,2014-09-14,0423,Aqua,MODIS,100,6.2,319.2,194.9,D,0
-16.2071,136.8786,348.5,1.3,1.2,2014-09-14,0423,Aqua,MODIS,92,6.2,316.4,61.6,D,0
-14.8952,145.1424,322.1,1.6,1.3,2014-09-14,0423,Aqua,MODIS,64,6.2,294.3,25.8,D,0
-14.299,141.8786,324.2,1.1,1,2014-09-14,0423,Aqua,MODIS,55,6.2,304.8,11.4,D,0
-14.3366,141.946,325.7,1.1,1,2014-09-14,0423,Aqua,MODIS,26,6.2,308.4,10.7,D,0
-14.4394,134.2712,358.4,1.9,1.4,2014-09-14,0423,Aqua,MODIS,99,6.2,310.9,182.8,D,0
-16.2477,135.4489,332.2,1.7,1.3,2014-09-14,0423,Aqua,MODIS,54,6.2,320.2,26.1,D,0
-14.4574,134.3277,357,1.9,1.4,2014-09-14,0423,Aqua,MODIS,98,6.2,317.8,148.6,D,0
-12.7967,143.3129,320,1.3,1.1,2014-09-14,0423,Aqua,MODIS,53,6.2,300.2,18.4,D,0
-16.2087,136.8661,372.9,1.4,1.2,2014-09-14,0423,Aqua,MODIS,100,6.2,319.4,164.7,D,0
-14.4591,134.4606,341.7,1.9,1.3,2014-09-14,0423,Aqua,MODIS,87,6.2,315,73.8,D,0
-16.1968,136.8772,335.3,1.3,1.2,2014-09-14,0423,Aqua,MODIS,71,6.2,315.8,28.1,D,0
-14.2867,141.897,339.9,1.1,1,2014-09-14,0423,Aqua,MODIS,76,6.2,311.2,31,D,0
-14.9291,145.1481,331.2,1.6,1.3,2014-09-14,0423,Aqua,MODIS,66,6.2,298.4,49.3,D,0
-16.0104,136.3429,336.7,1.5,1.2,2014-09-14,0423,Aqua,MODIS,80,6.2,315.8,30.7,D,0
-14.0561,136.4397,328.4,1.3,1.2,2014-09-14,0423,Aqua,MODIS,55,6.2,308.7,22.7,D,0
-13.1383,142.9037,331.5,1.2,1.1,2014-09-14,0423,Aqua,MODIS,63,6.2,303.6,25.4,D,0
-15.1379,143.6575,343.5,1.3,1.1,2014-09-14,0423,Aqua,MODIS,90,6.2,300.2,53.3,D,0
-14.5904,134.4286,335.7,1.9,1.3,2014-09-14,0423,Aqua,MODIS,68,6.2,316.8,40.9,D,0
-14.9547,144.9222,331.6,1.6,1.2,2014-09-14,0423,Aqua,MODIS,77,6.2,300.6,42.9,D,0
-14.4329,134.325,357.8,1.9,1.4,2014-09-14,0423,Aqua,MODIS,98,6.2,315.1,170.4,D,0
-14.4596,134.3101,339.7,1.9,1.4,2014-09-14,0423,Aqua,MODIS,49,6.2,316.3,52.1,D,0
-15.8026,136.1922,336.4,1.5,1.2,2014-09-14,0423,Aqua,MODIS,19,6.2,315.2,29.9,D,0
-14.5724,134.372,341.6,1.9,1.4,2014-09-14,0423,Aqua,MODIS,68,6.2,315.7,68.9,D,0
-15.793,136.1576,331.4,1.5,1.2,2014-09-14,0423,Aqua,MODIS,62,6.2,312.3,26.6,D,0
-15.8042,136.1785,339.9,1.5,1.2,2014-09-14,0423,Aqua,MODIS,77,6.2,315.4,42.2,D,0
-15.3899,135.7282,330.4,1.6,1.2,2014-09-14,0423,Aqua,MODIS,50,6.2,311.5,26.7,D,0
-15.3221,144.7924,327.2,1.5,1.2,2014-09-14,0423,Aqua,MODIS,75,6.2,304.5,26.2,D,0
-15.3788,135.7264,338.1,1.6,1.2,2014-09-14,0423,Aqua,MODIS,82,6.2,311.1,49,D,0
-14.4517,134.2728,336.2,1.9,1.4,2014-09-14,0423,Aqua,MODIS,74,6.2,312.2,61.6,D,0
-14.452,134.4706,338,1.9,1.3,2014-09-14,0423,Aqua,MODIS,83,6.2,315.1,59.1,D,0
-15.572,136.5364,325.4,1.4,1.2,2014-09-14,0423,Aqua,MODIS,26,6.2,311,14.3,D,0
-15.4753,135.316,343.6,1.7,1.3,2014-09-14,0423,Aqua,MODIS,88,6.2,319.1,64.2,D,0
-16.2207,136.8549,375.8,1.4,1.2,2014-09-14,0423,Aqua,MODIS,100,6.2,316.5,181.2,D,0
-15.3806,135.712,337.8,1.6,1.2,2014-09-14,0423,Aqua,MODIS,82,6.2,313.5,47.1,D,0
-16.2481,135.9011,334.6,1.6,1.2,2014-09-14,0423,Aqua,MODIS,61,6.2,321.3,23.9,D,0
-14.4762,134.2757,346.8,1.9,1.4,2014-09-14,0423,Aqua,MODIS,80,6.2,313.9,96.7,D,0
-16.2443,135.4538,338.2,1.7,1.3,2014-09-14,0423,Aqua,MODIS,65,6.2,322.3,41.8,D,0
-14.5968,134.3751,336.4,1.9,1.4,2014-09-14,0423,Aqua,MODIS,80,6.2,316.9,49.6,D,0
-14.3303,141.9245,330,1.1,1,2014-09-14,0423,Aqua,MODIS,73,6.2,306,17.8,D,0
-15.5783,136.5295,336.5,1.4,1.2,2014-09-14,0423,Aqua,MODIS,70,6.2,312.4,38.3,D,0
-14.5669,134.3843,346.6,1.9,1.4,2014-09-14,0423,Aqua,MODIS,91,6.2,315.6,94.8,D,0
-15.3137,144.7759,351.9,1.5,1.2,2014-09-14,0423,Aqua,MODIS,95,6.2,305.7,103.2,D,0
-14.4421,134.4516,358.4,1.9,1.3,2014-09-14,0423,Aqua,MODIS,99,6.2,317.5,167.7,D,0
-16.2704,135.9039,351.2,1.6,1.2,2014-09-14,0423,Aqua,MODIS,94,6.2,319.4,80,D,0
-14.5703,134.3899,342.2,1.9,1.4,2014-09-14,0423,Aqua,MODIS,53,6.2,315.7,66.2,D,0
-12.3885,142.195,322.5,1.2,1.1,2014-09-14,0423,Aqua,MODIS,55,6.2,304.3,9.8,D,0
-15.3112,144.7905,345.3,1.5,1.2,2014-09-14,0423,Aqua,MODIS,92,6.2,305.5,78,D,0
-14.4452,134.3262,338.8,1.9,1.4,2014-09-14,0423,Aqua,MODIS,67,6.2,314.3,62.1,D,0
-14.9476,144.9655,328.2,1.6,1.2,2014-09-14,0423,Aqua,MODIS,60,6.2,298.9,34.9,D,0
-15.1297,143.6439,331.1,1.3,1.1,2014-09-14,0423,Aqua,MODIS,24,6.2,301.3,24.8,D,0
-16.2342,135.4631,334.6,1.7,1.3,2014-09-14,0423,Aqua,MODIS,71,6.2,320.4,32,D,0
-16.2362,135.4474,360.3,1.7,1.3,2014-09-14,0423,Aqua,MODIS,100,6.2,321.2,145.9,D,0
-15.492,131.6723,331.1,3.2,1.7,2014-09-14,0423,Aqua,MODIS,50,6.2,315,66.4,D,0
-15.4944,131.6659,329.6,3.2,1.7,2014-09-14,0423,Aqua,MODIS,51,6.2,315.4,59.6,D,0
-13.9554,136.6677,326.8,1.3,1.1,2014-09-14,0423,Aqua,MODIS,41,6.2,304.4,17.2,D,0
-13.9569,136.6559,365.7,1.3,1.1,2014-09-14,0423,Aqua,MODIS,100,6.2,307.3,133.3,D,0
-13.9585,136.6442,325.1,1.3,1.1,2014-09-14,0423,Aqua,MODIS,46,6.2,303.5,16.3,D,0
-13.9468,136.6543,342.2,1.3,1.1,2014-09-14,0423,Aqua,MODIS,89,6.2,308.1,52.5,D,0
-13.9483,136.6425,321.4,1.3,1.1,2014-09-14,0423,Aqua,MODIS,26,6.2,303.7,11.4,D,0
-13.935,136.6649,342.1,1.3,1.1,2014-09-14,0423,Aqua,MODIS,89,6.2,308.2,48.8,D,0
-13.9366,136.653,343.5,1.3,1.1,2014-09-14,0423,Aqua,MODIS,90,6.2,308,55.1,D,0
-13.9381,136.641,320.6,1.3,1.1,2014-09-14,0423,Aqua,MODIS,17,6.2,304.2,10.7,D,0
-13.7546,134.9142,353.2,1.7,1.3,2014-09-14,0423,Aqua,MODIS,95,6.2,314.4,107.1,D,0
-13.7564,134.8985,332,1.7,1.3,2014-09-14,0423,Aqua,MODIS,35,6.2,312.3,23.6,D,0
-13.7581,134.9097,347.7,1.7,1.3,2014-09-14,0423,Aqua,MODIS,92,6.2,313.5,81.5,D,0
-13.7466,134.9082,331.5,1.7,1.3,2014-09-14,0423,Aqua,MODIS,55,6.2,315,21.7,D,0
-14.2762,132.1836,333.6,2.8,1.6,2014-09-14,0423,Aqua,MODIS,78,6.2,313.6,62.4,D,0
-13.7486,134.8926,344.4,1.7,1.3,2014-09-14,0423,Aqua,MODIS,89,6.2,313.8,67.3,D,0
-16.2612,132.2412,359.3,3,1.6,2014-09-14,0423,Aqua,MODIS,99,6.2,309.2,349.8,D,0
-13.7505,134.8769,333.3,1.7,1.3,2014-09-14,0423,Aqua,MODIS,63,6.2,312.1,31.3,D,0
-13.737,134.891,362.6,1.7,1.3,2014-09-14,0423,Aqua,MODIS,100,6.2,314.7,158,D,0
-13.739,134.8753,365.5,1.7,1.3,2014-09-14,0423,Aqua,MODIS,100,6.2,310.8,181.9,D,0
-14.2906,132.1854,358.7,2.8,1.6,2014-09-14,0423,Aqua,MODIS,99,6.2,315.9,280.2,D,0
-14.1072,132.3339,329.9,2.7,1.6,2014-09-14,0423,Aqua,MODIS,58,6.2,314,48.9,D,0
-14.3051,132.187,350,2.8,1.6,2014-09-14,0423,Aqua,MODIS,94,6.2,315.1,188.1,D,0
-13.9487,135.3816,335.9,1.6,1.2,2014-09-14,0423,Aqua,MODIS,77,6.2,311.7,42.1,D,0
-14.3022,132.213,364.1,2.8,1.6,2014-09-14,0423,Aqua,MODIS,100,6.2,315.9,344.1,D,0
-14.2887,132.1806,338.7,2.8,1.6,2014-09-14,0423,Aqua,MODIS,84,6.2,314.8,95.4,D,0
-15.49,144.8921,326.8,1.5,1.2,2014-09-14,0423,Aqua,MODIS,62,6.2,302.8,27.8,D,0
-16.2846,132.3043,366.6,2.9,1.6,2014-09-14,0423,Aqua,MODIS,100,6.2,318.2,417.5,D,0
-13.7561,134.9254,330.6,1.7,1.3,2014-09-14,0423,Aqua,MODIS,46,6.2,311.1,21.5,D,0
-15.5032,144.8801,323.8,1.5,1.2,2014-09-14,0423,Aqua,MODIS,68,6.2,302.5,22.7,D,0
-14.8043,144.8546,328.4,1.6,1.2,2014-09-14,0423,Aqua,MODIS,75,6.2,303.5,34.2,D,0
-15.4435,135.2087,342.3,1.7,1.3,2014-09-14,0423,Aqua,MODIS,87,6.2,319.2,55,D,0
-16.2638,132.218,327.3,3,1.6,2014-09-14,0423,Aqua,MODIS,66,6.2,307,69.9,D,0
-14.1396,132.3439,327.9,2.7,1.6,2014-09-14,0423,Aqua,MODIS,33,6.2,313.9,37,D,0
-13.6436,134.9035,330.4,1.7,1.3,2014-09-14,0423,Aqua,MODIS,34,6.2,310.4,23.1,D,0
-14.2502,132.1537,343,2.8,1.6,2014-09-14,0423,Aqua,MODIS,87,6.2,313.5,130.9,D,0
-14.2791,132.1572,328.7,2.8,1.6,2014-09-14,0423,Aqua,MODIS,41,6.2,314.8,37.7,D,0
-16.2609,132.2457,355.6,3,1.6,2014-09-14,0423,Aqua,MODIS,97,6.2,308.9,305.9,D,0
-15.3973,135.2988,335.1,1.7,1.3,2014-09-14,0423,Aqua,MODIS,55,6.2,318.4,28,D,0
-15.3858,135.2973,335.8,1.7,1.3,2014-09-14,0423,Aqua,MODIS,60,6.2,319.1,29.7,D,0
-13.6602,134.9445,336.4,1.7,1.3,2014-09-14,0423,Aqua,MODIS,75,6.2,313.1,34.9,D,0
-14.1214,132.3354,346.8,2.7,1.6,2014-09-14,0423,Aqua,MODIS,91,6.2,315.2,162,D,0
-16.2667,132.3252,332.1,2.9,1.6,2014-09-14,0423,Aqua,MODIS,76,6.2,311.3,86.5,D,0
-13.9506,135.3669,326.3,1.6,1.2,2014-09-14,0423,Aqua,MODIS,39,6.2,307.9,18.9,D,0
-14.2877,132.2115,349.5,2.8,1.6,2014-09-14,0423,Aqua,MODIS,93,6.2,317.4,181.2,D,0
-14.2856,132.2068,341.6,2.8,1.6,2014-09-14,0423,Aqua,MODIS,87,6.2,317.1,114.7,D,0
-14.2341,132.1472,331.2,2.8,1.6,2014-09-14,0423,Aqua,MODIS,71,6.2,313.7,57.9,D,0
-16.2698,132.2979,393.6,2.9,1.6,2014-09-14,0423,Aqua,MODIS,100,6.2,316.1,963.1,D,0
-12.5561,142.3664,328.9,1.2,1.1,2014-09-14,0423,Aqua,MODIS,44,6.2,308.7,14.2,D,0
-12.5544,142.3773,327.9,1.2,1.1,2014-09-14,0423,Aqua,MODIS,46,6.2,307.1,12.6,D,0
-15.5055,144.8663,322,1.5,1.2,2014-09-14,0423,Aqua,MODIS,64,6.2,300.9,20.5,D,0
-16.2729,132.2705,349.9,2.9,1.6,2014-09-14,0423,Aqua,MODIS,94,6.2,311.4,228.4,D,0
-14.2485,132.1491,342.8,2.8,1.6,2014-09-14,0423,Aqua,MODIS,88,6.2,313.5,134,D,0
-16.2728,132.2751,371.6,2.9,1.6,2014-09-14,0423,Aqua,MODIS,100,6.2,312.2,507.9,D,0
-16.2699,132.3026,401.9,2.9,1.6,2014-09-14,0423,Aqua,MODIS,100,6.2,315.1,1183.6,D,0
-14.2743,132.1788,333.5,2.8,1.6,2014-09-14,0423,Aqua,MODIS,78,6.2,313.4,63.1,D,0
-15.479,144.8904,326.1,1.5,1.2,2014-09-14,0423,Aqua,MODIS,54,6.2,302.5,27.2,D,0
-13.1307,141.7547,347.2,1.1,1,2014-09-14,0423,Aqua,MODIS,78,6.2,302.9,50.4,D,0
-13.1292,141.7648,349.3,1.1,1,2014-09-14,0423,Aqua,MODIS,94,6.2,299.3,55.9,D,0
-16.6068,132.2527,331.3,3,1.6,2014-09-14,0423,Aqua,MODIS,53,6.2,312.8,72.4,D,0
-16.6075,132.248,331,3,1.6,2014-09-14,0423,Aqua,MODIS,43,6.2,312.6,71.3,D,0
-16.5252,132.4605,333.7,2.9,1.6,2014-09-14,0423,Aqua,MODIS,56,6.2,311.4,84.1,D,0
-16.5235,132.4534,329.7,2.9,1.6,2014-09-14,0423,Aqua,MODIS,45,6.2,311.4,60.4,D,0
-16.5106,132.4588,329.6,2.9,1.6,2014-09-14,0423,Aqua,MODIS,53,6.2,309.8,62.3,D,0
-16.5134,132.4319,326.6,2.9,1.6,2014-09-14,0423,Aqua,MODIS,29,6.2,310.8,42.9,D,0
-16.5089,132.4518,331.9,2.9,1.6,2014-09-14,0423,Aqua,MODIS,47,6.2,309.9,72.4,D,0
-16.6096,132.2247,329.4,3,1.6,2014-09-14,0423,Aqua,MODIS,52,6.2,311.8,69.5,D,0
-16.6125,132.1965,329.4,3,1.7,2014-09-14,0423,Aqua,MODIS,51,6.2,311.1,73.4,D,0
-16.6105,132.2201,328.3,3,1.6,2014-09-14,0423,Aqua,MODIS,20,6.2,311.4,63,D,0
-16.6136,132.1919,328.2,3,1.7,2014-09-14,0423,Aqua,MODIS,44,6.2,310.7,66.6,D,0
-16.4416,132.3895,327.3,2.9,1.6,2014-09-14,0423,Aqua,MODIS,63,6.2,310.6,56.7,D,0
-16.4445,132.3623,324.9,2.9,1.6,2014-09-14,0423,Aqua,MODIS,18,6.2,311.9,40.3,D,0
-16.4412,132.3848,329.7,2.9,1.6,2014-09-14,0423,Aqua,MODIS,57,6.2,311,67.8,D,0
-15.1283,143.7177,328.5,1.3,1.1,2014-09-14,0423,Aqua,MODIS,52,6.2,303.4,22.4,D,0
-16.5205,132.48,328.8,2.9,1.6,2014-09-14,0423,Aqua,MODIS,29,6.2,311,57.2,D,0
-13.4822,141.8663,334.2,1.1,1,2014-09-14,0423,Aqua,MODIS,83,6.2,309,18.7,D,0
-16.6771,132.5971,338.4,2.8,1.6,2014-09-14,0423,Aqua,MODIS,83,6.2,312.8,114.3,D,0
-16.6747,132.5898,338.4,2.8,1.6,2014-09-14,0423,Aqua,MODIS,84,6.2,313.5,114.6,D,0
-16.7045,135.7178,328.7,1.6,1.3,2014-09-14,0423,Aqua,MODIS,66,6.2,318.1,19,D,0
-16.8655,135.3247,348.1,1.8,1.3,2014-09-14,0423,Aqua,MODIS,92,6.2,315.3,93.2,D,0
-16.6079,132.5284,330.1,2.8,1.6,2014-09-14,0423,Aqua,MODIS,63,6.2,312.8,62.2,D,0
-16.7142,135.458,328.2,1.7,1.3,2014-09-14,0423,Aqua,MODIS,22,6.2,317.6,16.4,D,0
-16.8246,135.3694,330,1.7,1.3,2014-09-14,0423,Aqua,MODIS,54,6.2,317.4,23.7,D,0
-16.769,135.3735,329,1.7,1.3,2014-09-14,0423,Aqua,MODIS,28,6.2,316,20.2,D,0
-16.7709,135.3574,345.6,1.7,1.3,2014-09-14,0423,Aqua,MODIS,90,6.2,317.7,78.3,D,0
-16.7729,135.3412,332.7,1.8,1.3,2014-09-14,0423,Aqua,MODIS,68,6.2,314.8,30,D,0
-16.7748,135.3248,328.7,1.8,1.3,2014-09-14,0423,Aqua,MODIS,58,6.2,315.3,19.9,D,0
-16.7593,135.3559,342.7,1.7,1.3,2014-09-14,0423,Aqua,MODIS,87,6.2,315.9,64.7,D,0
-16.7612,135.3397,359.7,1.8,1.3,2014-09-14,0423,Aqua,MODIS,99,6.2,315.7,149.5,D,0
-14.3719,142.0097,332.5,1.1,1,2014-09-14,0423,Aqua,MODIS,73,6.2,309.4,19.6,D,0
-16.7261,135.3352,329.5,1.8,1.3,2014-09-14,0423,Aqua,MODIS,67,6.2,316.1,27.5,D,0
-16.728,135.3188,327.3,1.8,1.3,2014-09-14,0423,Aqua,MODIS,50,6.2,313.9,22.1,D,0
-16.7301,135.3289,329.4,1.8,1.3,2014-09-14,0423,Aqua,MODIS,54,6.2,314.8,26.2,D,0
-16.8538,135.3232,331.9,1.8,1.3,2014-09-14,0423,Aqua,MODIS,70,6.2,315,31.9,D,0
-16.921,132.2781,331,3,1.6,2014-09-14,0423,Aqua,MODIS,41,6.2,312.5,76.9,D,0
-16.9686,135.4278,381,1.7,1.3,2014-09-14,0423,Aqua,MODIS,100,6.2,323,303.6,D,0
-16.447,132.1941,333.2,3,1.6,2014-09-14,0423,Aqua,MODIS,59,6.2,314.1,83.3,D,0
-16.448,132.1897,332.9,3,1.6,2014-09-14,0423,Aqua,MODIS,52,6.2,313.9,81.2,D,0
-16.92,135.4382,331.8,1.7,1.3,2014-09-14,0423,Aqua,MODIS,38,6.2,318.2,24.5,D,0
-14.1681,143.2555,324.6,1.3,1.1,2014-09-14,0423,Aqua,MODIS,65,6.2,302.1,17.7,D,0
-16.8557,135.4064,331.4,1.7,1.3,2014-09-14,0423,Aqua,MODIS,24,6.2,318.1,23.5,D,0
-16.4323,136.7137,336.5,1.4,1.2,2014-09-14,0423,Aqua,MODIS,80,6.2,319.6,28.1,D,0
-14.3734,141.9997,338.1,1.1,1,2014-09-14,0423,Aqua,MODIS,85,6.2,308.6,29.6,D,0
-14.3828,142.0012,322.5,1.1,1,2014-09-14,0423,Aqua,MODIS,13,6.2,307.3,6.7,D,0
-14.4231,144.2298,317.6,1.4,1.2,2014-09-14,0423,Aqua,MODIS,7,6.2,301.6,10.7,D,0
-13.5073,141.8911,341,1.1,1,2014-09-14,0423,Aqua,MODIS,89,6.2,310.2,32.9,D,0
-14.3812,142.0113,323.8,1.1,1,2014-09-14,0423,Aqua,MODIS,36,6.2,307.7,7.3,D,0
-13.4828,135.2767,355.7,1.6,1.2,2014-09-14,0423,Aqua,MODIS,97,6.2,311.7,115.1,D,0
-14.7306,144.8867,326.4,1.6,1.2,2014-09-14,0423,Aqua,MODIS,47,6.2,300.3,30.8,D,0
-13.4697,141.885,332,1.1,1,2014-09-14,0423,Aqua,MODIS,45,6.2,305.8,17.5,D,0
-13.4713,141.8749,338,1.1,1,2014-09-14,0423,Aqua,MODIS,65,6.2,308.7,26.8,D,0
-13.465,141.8533,338.2,1.1,1,2014-09-14,0423,Aqua,MODIS,74,6.2,292.3,29.3,D,0
-13.4665,141.8432,358.6,1.1,1,2014-09-14,0423,Aqua,MODIS,93,6.2,296.3,76.3,D,0
-13.468,141.8331,404.7,1.1,1,2014-09-14,0423,Aqua,MODIS,94,6.2,306.7,304.4,D,0
-13.4696,141.8231,390.6,1.1,1,2014-09-14,0423,Aqua,MODIS,94,6.2,302.9,211.6,D,0
-13.4711,141.8131,333.2,1.1,1,2014-09-14,0423,Aqua,MODIS,42,6.2,293.3,19.2,D,0
-14.3749,141.9897,361.8,1.1,1,2014-09-14,0423,Aqua,MODIS,100,6.2,309.8,87.9,D,0
-13.4743,141.8548,333.4,1.1,1,2014-09-14,0423,Aqua,MODIS,39,6.2,304.3,18.5,D,0
-14.391,142.1372,326.8,1.1,1,2014-09-14,0423,Aqua,MODIS,52,6.2,309.9,12,D,0
-13.4741,141.7931,342.8,1.1,1,2014-09-14,0423,Aqua,MODIS,82,6.2,301.5,40.4,D,0
-13.4418,135.1444,324,1.6,1.3,2014-09-14,0423,Aqua,MODIS,48,6.2,307,13.6,D,0
-13.1697,141.7507,324,1.1,1,2014-09-14,0423,Aqua,MODIS,34,6.2,304.3,12.7,D,0
-13.184,141.7838,331.4,1.1,1,2014-09-14,0423,Aqua,MODIS,76,6.2,303.4,20.9,D,0
-12.5994,141.9348,327.6,1.1,1.1,2014-09-14,0423,Aqua,MODIS,0,6.2,305.2,14.5,D,0
-12.5677,141.8876,337.2,1.1,1.1,2014-09-14,0423,Aqua,MODIS,74,6.2,305.3,32.9,D,0
-14.4276,129.8884,326.5,4.2,1.9,2014-09-14,0423,Aqua,MODIS,48,6.2,309,76.2,D,0
-14.245,132.336,335.9,2.7,1.6,2014-09-14,0423,Aqua,MODIS,81,6.2,314.8,84.6,D,0
-14.242,132.3312,337.6,2.7,1.6,2014-09-14,0423,Aqua,MODIS,83,6.2,314.7,96.5,D,0
-14.2478,132.3106,325.3,2.7,1.6,2014-09-14,0423,Aqua,MODIS,46,6.2,312.3,22.8,D,0
-14.2449,132.3059,325.9,2.7,1.6,2014-09-14,0423,Aqua,MODIS,57,6.2,312.3,25.7,D,0
-13.3018,134.5254,328.3,1.8,1.3,2014-09-14,0424,Aqua,MODIS,61,6.2,311.4,24.3,D,0
-13.3558,134.6387,332.5,1.8,1.3,2014-09-14,0424,Aqua,MODIS,70,6.2,313.7,31.6,D,0
-12.909,135.6477,337.5,1.5,1.2,2014-09-14,0424,Aqua,MODIS,67,6.2,306,45.2,D,0
-12.9507,134.1134,327.3,1.9,1.3,2014-09-14,0424,Aqua,MODIS,55,6.2,311.4,21.9,D,0
-12.1465,133.8413,332.7,1.9,1.4,2014-09-14,0424,Aqua,MODIS,73,6.2,311.2,36.4,D,0
-12.3516,134.0984,346.1,1.9,1.3,2014-09-14,0424,Aqua,MODIS,91,6.2,311.1,93.5,D,0
-12.4012,136.5669,332.5,1.3,1.1,2014-09-14,0424,Aqua,MODIS,80,6.2,305.2,27.7,D,0
-12.2085,134.171,334.9,1.8,1.3,2014-09-14,0424,Aqua,MODIS,67,6.2,306.9,49.4,D,0
-12.2107,134.1543,360.2,1.8,1.3,2014-09-14,0424,Aqua,MODIS,100,6.2,310.7,173.4,D,0
-12.2038,134.1584,353.2,1.8,1.3,2014-09-14,0424,Aqua,MODIS,96,6.2,307.6,132.4,D,0
-12.9323,135.6371,337.6,1.5,1.2,2014-09-14,0424,Aqua,MODIS,68,6.2,309.1,37,D,0
-13.0068,135.6799,336.5,1.5,1.2,2014-09-14,0424,Aqua,MODIS,82,6.2,308.3,40.8,D,0
-12.9348,135.6431,351.1,1.5,1.2,2014-09-14,0424,Aqua,MODIS,94,6.2,310.8,82.5,D,0
-12.1962,133.4635,327.6,2.1,1.4,2014-09-14,0424,Aqua,MODIS,27,6.2,310.1,15.2,D,0
-12.9305,135.6507,350.8,1.5,1.2,2014-09-14,0424,Aqua,MODIS,94,6.2,305.6,79.6,D,0
-12.9314,135.67,335.9,1.5,1.2,2014-09-14,0424,Aqua,MODIS,66,6.2,309,34.3,D,0
-12.9288,135.6641,341.6,1.5,1.2,2014-09-14,0424,Aqua,MODIS,73,6.2,306.7,49.4,D,0
-13.005,135.6933,329.6,1.5,1.2,2014-09-14,0424,Aqua,MODIS,59,6.2,308,22.7,D,0
-12.996,135.6785,364.5,1.5,1.2,2014-09-14,0424,Aqua,MODIS,100,6.2,311.1,145.4,D,0
-12.9215,135.6358,332.5,1.5,1.2,2014-09-14,0424,Aqua,MODIS,47,6.2,300.7,26.2,D,0
-12.9,135.6327,334.9,1.5,1.2,2014-09-14,0424,Aqua,MODIS,77,6.2,300.4,39.3,D,0
-12.1046,133.978,328.6,1.9,1.3,2014-09-14,0424,Aqua,MODIS,62,6.2,310.2,22.7,D,0
-11.5405,132.8626,321.3,2.3,1.5,2014-09-14,0424,Aqua,MODIS,41,6.2,303.5,24.4,D,0
-12.3636,134.1,358.9,1.9,1.3,2014-09-14,0424,Aqua,MODIS,99,6.2,314,167.9,D,0
-13.1525,135.3605,331.3,1.6,1.2,2014-09-14,0424,Aqua,MODIS,61,6.2,311.3,22.4,D,0
-12.3058,133.9274,343.5,1.9,1.4,2014-09-14,0424,Aqua,MODIS,89,6.2,307.7,93.7,D,0
-13.1613,135.371,327.5,1.5,1.2,2014-09-14,0424,Aqua,MODIS,23,6.2,311.3,14.5,D,0
-13.1503,135.3695,330.2,1.5,1.2,2014-09-14,0424,Aqua,MODIS,64,6.2,310,19.2,D,0
-12.9108,135.6342,354.1,1.5,1.2,2014-09-14,0424,Aqua,MODIS,96,6.2,304.5,101.1,D,0
-12.8034,135.0484,333.7,1.6,1.2,2014-09-14,0424,Aqua,MODIS,78,6.2,311.3,32.1,D,0
-12.2053,133.4773,330.4,2.1,1.4,2014-09-14,0424,Aqua,MODIS,69,6.2,311.5,26.5,D,0
-12.8785,135.6299,328.7,1.5,1.2,2014-09-14,0424,Aqua,MODIS,62,6.2,300.1,28.2,D,0
-12.7921,135.0469,384.9,1.6,1.2,2014-09-14,0424,Aqua,MODIS,100,6.2,317.1,314.8,D,0
-12.794,135.0322,368.1,1.6,1.3,2014-09-14,0424,Aqua,MODIS,100,6.2,315.8,188.8,D,0
-12.7809,135.0454,384.2,1.6,1.2,2014-09-14,0424,Aqua,MODIS,100,6.2,313.6,308.2,D,0
-12.7847,135.0157,324.9,1.6,1.3,2014-09-14,0424,Aqua,MODIS,43,6.2,305.5,15.7,D,0
-12.7828,135.0307,431.8,1.6,1.3,2014-09-14,0424,Aqua,MODIS,100,6.2,321.7,985.2,D,0
-12.8892,135.6313,340.7,1.5,1.2,2014-09-14,0424,Aqua,MODIS,87,6.2,302,59.1,D,0
-12.3757,134.1015,362.1,1.9,1.3,2014-09-14,0424,Aqua,MODIS,100,6.2,314.2,190.9,D,0
-12.2936,133.9257,322.4,1.9,1.4,2014-09-14,0424,Aqua,MODIS,49,6.2,306.6,16.7,D,0
-12.3775,134.4276,336.3,1.8,1.3,2014-09-14,0424,Aqua,MODIS,82,6.2,312.2,45.4,D,0
-12.3679,134.0657,326.7,1.9,1.3,2014-09-14,0424,Aqua,MODIS,61,6.2,308.4,22.1,D,0
-12.9125,135.6207,333.4,1.5,1.2,2014-09-14,0424,Aqua,MODIS,59,6.2,300.2,35.6,D,0
-12.3658,134.083,394.1,1.9,1.3,2014-09-14,0424,Aqua,MODIS,100,6.2,319.4,513.3,D,0
-12.3778,134.0844,349.6,1.9,1.3,2014-09-14,0424,Aqua,MODIS,93,6.2,312.5,115.4,D,0
-13.3441,134.6372,330.3,1.8,1.3,2014-09-14,0424,Aqua,MODIS,65,6.2,311.3,26.6,D,0
-13.3462,134.647,331.9,1.8,1.3,2014-09-14,0424,Aqua,MODIS,66,6.2,311.6,31.3,D,0
-10.9102,142.3525,318.2,1.2,1.1,2014-09-14,0424,Aqua,MODIS,61,6.2,297.4,12.5,D,0
-12.3537,134.0813,370.4,1.9,1.3,2014-09-14,0424,Aqua,MODIS,100,6.2,311.7,253.9,D,0
-11.279,132.3324,322.4,2.5,1.5,2014-09-14,0424,Aqua,MODIS,61,6.2,305,32.6,D,0
-11.3481,132.1078,319.9,2.6,1.5,2014-09-14,0424,Aqua,MODIS,30,6.2,298.1,24.4,D,0
-12.9591,134.1094,328.2,1.9,1.3,2014-09-14,0424,Aqua,MODIS,62,6.2,313.9,24.4,D,0
-12.2158,134.16,339.9,1.8,1.3,2014-09-14,0424,Aqua,MODIS,86,6.2,310.8,66.5,D,0
-11.5293,131.2318,324.1,3,1.7,2014-09-14,0424,Aqua,MODIS,49,6.2,301,44.7,D,0
-11.5326,131.2041,327.9,3,1.7,2014-09-14,0424,Aqua,MODIS,62,6.2,303,68.9,D,0
-12.2256,134.1783,333.9,1.8,1.3,2014-09-14,0424,Aqua,MODIS,76,6.2,309.2,41.6,D,0
-12.9017,135.6193,348,1.5,1.2,2014-09-14,0424,Aqua,MODIS,92,6.2,302.8,82.4,D,0
-12.9331,135.6566,344.2,1.5,1.2,2014-09-14,0424,Aqua,MODIS,90,6.2,308.6,57.6,D,0
-12.3927,136.554,324.4,1.3,1.1,2014-09-14,0424,Aqua,MODIS,66,6.2,305.3,14.7,D,0
-12.4027,136.5554,326.3,1.3,1.1,2014-09-14,0424,Aqua,MODIS,48,6.2,306,16.4,D,0
-12.273,134.539,329.9,1.7,1.3,2014-09-14,0424,Aqua,MODIS,65,6.2,308.1,28.9,D,0
-12.2711,134.5547,334.6,1.7,1.3,2014-09-14,0424,Aqua,MODIS,78,6.2,305.3,44.8,D,0
-12.2826,134.5564,333.7,1.7,1.3,2014-09-14,0424,Aqua,MODIS,78,6.2,307.1,41.5,D,0
-11.8196,142.2986,342.4,1.2,1.1,2014-09-14,0424,Aqua,MODIS,90,6.2,300,47.6,D,0
-12.1992,135.4766,334.4,1.5,1.2,2014-09-14,0424,Aqua,MODIS,80,6.2,304.7,37.4,D,0
-12.307,142.4536,337.1,1.2,1.1,2014-09-14,0424,Aqua,MODIS,84,6.2,307.7,29.8,D,0
-12.3087,142.4426,339,1.2,1.1,2014-09-14,0424,Aqua,MODIS,87,6.2,307.6,33,D,0
-12.1799,142.3421,326.3,1.2,1.1,2014-09-14,0424,Aqua,MODIS,73,6.2,306.6,13.5,D,0
-12.3023,142.4191,326.2,1.2,1.1,2014-09-14,0424,Aqua,MODIS,62,6.2,303.4,9.1,D,0
-12.1822,142.337,326,1.2,1.1,2014-09-14,0424,Aqua,MODIS,43,6.2,307.2,9.2,D,0
-12.3074,142.3863,365.2,1.2,1.1,2014-09-14,0424,Aqua,MODIS,100,6.2,307.7,110.4,D,0
-12.1911,142.4734,328.3,1.2,1.1,2014-09-14,0424,Aqua,MODIS,61,6.2,306,16.7,D,0
-12.8801,132.4433,329.2,2.5,1.5,2014-09-14,0424,Aqua,MODIS,71,6.2,313.6,44.1,D,0
-12.1894,142.4845,330,1.2,1.1,2014-09-14,0424,Aqua,MODIS,53,6.2,305.4,19.9,D,0
-12.5997,135.5741,352.4,1.5,1.2,2014-09-14,0424,Aqua,MODIS,95,6.2,303.4,97.9,D,0
-11.7934,142.1996,324.1,1.2,1.1,2014-09-14,0424,Aqua,MODIS,62,6.2,298.1,15.9,D,0
-12.6105,135.5755,332,1.5,1.2,2014-09-14,0424,Aqua,MODIS,53,6.2,308,34.3,D,0
-12.6014,135.5605,343.6,1.5,1.2,2014-09-14,0424,Aqua,MODIS,90,6.2,300.7,66.2,D,0
-12.284,142.4725,337.2,1.2,1.1,2014-09-14,0424,Aqua,MODIS,85,6.2,306.9,29.8,D,0
-12.1731,142.4592,330.4,1.2,1.1,2014-09-14,0424,Aqua,MODIS,61,6.2,305.2,23.1,D,0
-12.2725,142.4819,329.5,1.2,1.1,2014-09-14,0424,Aqua,MODIS,77,6.2,303.1,16.9,D,0
-11.8493,142.2364,339.1,1.2,1.1,2014-09-14,0424,Aqua,MODIS,88,6.2,305.5,38,D,0
-11.8341,142.3345,319.6,1.2,1.1,2014-09-14,0424,Aqua,MODIS,43,6.2,299.8,7.6,D,0
-12.3057,142.3972,347.6,1.2,1.1,2014-09-14,0424,Aqua,MODIS,93,6.2,308,52.4,D,0
-12.2976,142.3847,353.5,1.2,1.1,2014-09-14,0424,Aqua,MODIS,96,6.2,307.9,69.6,D,0
-12.2955,142.4631,341.4,1.2,1.1,2014-09-14,0424,Aqua,MODIS,89,6.2,307.1,38.7,D,0
-12.1836,142.984,322.5,1.3,1.1,2014-09-14,0424,Aqua,MODIS,65,6.2,297.8,19,D,0
-12.1812,142.4718,349.7,1.2,1.1,2014-09-14,0424,Aqua,MODIS,94,6.2,307.2,64.2,D,0
-12.3104,142.4316,334.8,1.2,1.1,2014-09-14,0424,Aqua,MODIS,81,6.2,305.4,23.7,D,0
-11.8476,142.2473,330,1.2,1.1,2014-09-14,0424,Aqua,MODIS,80,6.2,305.7,20.7,D,0
-12.6619,134.7253,344,1.7,1.3,2014-09-14,0424,Aqua,MODIS,90,6.2,311.3,75.3,D,0
-12.1919,142.9975,336.2,1.3,1.1,2014-09-14,0424,Aqua,MODIS,85,6.2,300.6,43.4,D,0
-11.762,142.3399,326.4,1.2,1.1,2014-09-14,0424,Aqua,MODIS,38,6.2,300.5,20,D,0
-12.2993,142.3738,362.5,1.2,1.1,2014-09-14,0424,Aqua,MODIS,100,6.2,308.1,101.3,D,0
-12.1817,142.9959,318.5,1.3,1.1,2014-09-14,0424,Aqua,MODIS,38,6.2,296.1,13.4,D,0
-12.8726,132.4494,329.6,2.5,1.5,2014-09-14,0424,Aqua,MODIS,72,6.2,313.4,47.2,D,0
-11.8193,142.2928,324.6,1.2,1.1,2014-09-14,0424,Aqua,MODIS,71,6.2,299.4,14.3,D,0
-12.6638,134.7097,327.3,1.7,1.3,2014-09-14,0424,Aqua,MODIS,51,6.2,308.5,22.1,D,0
-11.7603,142.3509,329.8,1.2,1.1,2014-09-14,0424,Aqua,MODIS,61,6.2,301.9,25.5,D,0
-13.5335,131.3994,347.9,3.1,1.7,2014-09-14,0424,Aqua,MODIS,92,6.2,313,220.4,D,0
-13.5317,131.4061,338.8,3.1,1.7,2014-09-14,0424,Aqua,MODIS,80,6.2,312.5,130.5,D,0
-11.2685,132.3467,319.2,2.5,1.5,2014-09-14,0424,Aqua,MODIS,25,6.2,303.6,22.1,D,0
-12.3274,135.1026,340.2,1.6,1.2,2014-09-14,0424,Aqua,MODIS,86,6.2,306.4,57.8,D,0
-11.2251,132.4382,331.6,2.4,1.5,2014-09-14,0424,Aqua,MODIS,0,6.2,300.6,71.7,D,0
-11.2763,132.3546,326.6,2.5,1.5,2014-09-14,0424,Aqua,MODIS,59,6.2,305,48.9,D,0
-13.5368,131.3705,345.6,3.2,1.7,2014-09-14,0424,Aqua,MODIS,90,6.2,311.2,202.1,D,0
-13.5501,131.3789,330.3,3.2,1.7,2014-09-14,0424,Aqua,MODIS,73,6.2,310.3,77.4,D,0
-12.3182,135.0866,328.5,1.6,1.2,2014-09-14,0424,Aqua,MODIS,49,6.2,304.2,26.2,D,0
-12.3163,135.101,331.5,1.6,1.2,2014-09-14,0424,Aqua,MODIS,68,6.2,306.1,32.8,D,0
-12.7875,131.983,331.3,2.8,1.6,2014-09-14,0424,Aqua,MODIS,74,6.2,312.9,53.3,D,0
-12.3529,135.9905,332.5,1.4,1.2,2014-09-14,0424,Aqua,MODIS,0,6.2,303.4,28.8,D,0
-13.3101,130.7033,322.7,3.5,1.8,2014-09-14,0424,Aqua,MODIS,29,6.2,305.4,42.2,D,0
-13.5349,131.3772,351.9,3.2,1.7,2014-09-14,0424,Aqua,MODIS,89,6.2,311.6,267.4,D,0
-12.3386,135.1041,336.3,1.6,1.2,2014-09-14,0424,Aqua,MODIS,82,6.2,305.9,45.2,D,0
-11.8125,130.4952,317.3,3.5,1.8,2014-09-14,0424,Aqua,MODIS,0,6.2,298.7,42.8,D,0
-34.9498,118.0882,326,1.1,1,2014-09-14,0556,Aqua,MODIS,58,6.2,295.3,25.3,D,0
-34.9593,118.0899,323.8,1.1,1,2014-09-14,0556,Aqua,MODIS,0,6.2,291,24.3,D,0
-32.0652,115.9133,311.3,1.3,1.1,2014-09-14,0557,Aqua,MODIS,44,6.2,296.6,4.2,D,2
-32.0565,116.0785,317.9,1.3,1.1,2014-09-14,0557,Aqua,MODIS,55,6.2,291.9,18,D,0
-32.0697,116.0532,318.3,1.3,1.1,2014-09-14,0557,Aqua,MODIS,57,6.2,293.2,17.8,D,0
-31.864,115.8972,310.9,1.3,1.1,2014-09-14,0557,Aqua,MODIS,48,6.2,295.5,4.1,D,0
-26.0854,127.2066,335.9,3,1.6,2014-09-14,0558,Aqua,MODIS,80,6.2,314.4,101.2,D,0
-26.1001,127.21,337.1,3,1.6,2014-09-14,0558,Aqua,MODIS,81,6.2,313.3,110.3,D,0
-22.4435,128.1533,360.5,4.2,1.9,2014-09-14,0559,Aqua,MODIS,100,6.2,313.5,587.1,D,0
-22.4522,128.1133,328.5,4.2,1.9,2014-09-14,0559,Aqua,MODIS,62,6.2,310.6,99.4,D,0
-22.4267,128.149,334.5,4.2,1.9,2014-09-14,0559,Aqua,MODIS,76,6.2,310.7,164.5,D,0
-22.4319,128.1845,326,4.2,1.9,2014-09-14,0559,Aqua,MODIS,31,6.2,310.6,76.9,D,0
-22.4404,128.1442,358.9,4.2,1.9,2014-09-14,0559,Aqua,MODIS,99,6.2,313.8,549.2,D,0
-23.595,129.3757,330.6,4.8,2,2014-09-14,0559,Aqua,MODIS,69,6.2,309.7,163.4,D,0
-23.6055,129.3302,327.8,4.7,2,2014-09-14,0559,Aqua,MODIS,61,6.2,308.9,129.9,D,0
-23.5968,129.3672,337.1,4.8,2,2014-09-14,0559,Aqua,MODIS,81,6.2,309.8,251.9,D,0
-23.538,120.0444,341.9,1.1,1.1,2014-09-14,0559,Aqua,MODIS,84,6.2,317.1,32.2,D,0
-23.1809,128.7564,329.5,4.4,1.9,2014-09-14,0559,Aqua,MODIS,66,6.2,309.9,130.6,D,0
-23.1797,128.7479,327,4.4,1.9,2014-09-14,0559,Aqua,MODIS,56,6.2,309.3,104.3,D,0
-21.162,116.8688,357.2,1,1,2014-09-14,0600,Aqua,MODIS,98,6.2,322.8,55.1,D,0
-21.1848,116.8978,339.4,1,1,2014-09-14,0600,Aqua,MODIS,79,6.2,318.9,20.8,D,0
-21.1834,116.9074,331,1,1,2014-09-14,0600,Aqua,MODIS,53,6.2,317.3,8.2,D,0
-14.7799,126.511,327.6,4.7,2,2014-09-14,0601,Aqua,MODIS,72,6.2,305.2,122.5,D,0
-14.8309,126.619,328.8,4.8,2,2014-09-14,0601,Aqua,MODIS,37,6.2,307.1,123,D,0
-14.7857,126.4722,327.5,4.7,2,2014-09-14,0601,Aqua,MODIS,81,6.2,304.2,132.1,D,0
-14.8298,126.6264,329.8,4.8,2,2014-09-14,0601,Aqua,MODIS,48,6.2,307.4,133.8,D,0
-14.7943,126.6186,324.7,4.8,2,2014-09-14,0601,Aqua,MODIS,29,6.2,306.3,76.9,D,0
-17.4514,125.7842,334.2,3.7,1.8,2014-09-14,0601,Aqua,MODIS,60,6.2,311.8,118.7,D,0
-14.7771,126.5157,327.1,4.7,2,2014-09-14,0601,Aqua,MODIS,71,6.2,305.4,119.9,D,0
-16.6182,124.0248,334.9,2.8,1.6,2014-09-14,0601,Aqua,MODIS,82,6.2,312.9,69.4,D,0
-18.0699,122.8578,340.3,2.2,1.4,2014-09-14,0601,Aqua,MODIS,86,6.2,313.4,58.9,D,0
-18.0317,122.8503,335,2.2,1.4,2014-09-14,0601,Aqua,MODIS,67,6.2,312.8,35.4,D,0
-18.0354,122.8301,338.5,2.1,1.4,2014-09-14,0601,Aqua,MODIS,75,6.2,311,52.5,D,0
-18.0226,122.8276,337.4,2.1,1.4,2014-09-14,0601,Aqua,MODIS,83,6.2,311,49.9,D,0
-18.1278,122.835,374.5,2.1,1.4,2014-09-14,0601,Aqua,MODIS,100,6.2,309.4,351.8,D,0
-17.9625,122.7286,329.9,2.1,1.4,2014-09-14,0601,Aqua,MODIS,64,6.2,307.9,27.6,D,0
-16.6851,124.1531,326.5,2.9,1.6,2014-09-14,0601,Aqua,MODIS,52,6.2,311.3,36.1,D,0
-18.1314,122.815,436.2,2.1,1.4,2014-09-14,0601,Aqua,MODIS,100,6.2,321.8,1607,D,0
-18.1151,122.8326,401.7,2.1,1.4,2014-09-14,0601,Aqua,MODIS,100,6.2,320.4,739.5,D,0
-18.1187,122.8125,359.8,2.1,1.4,2014-09-14,0601,Aqua,MODIS,99,6.2,313,197.3,D,0
-18.1024,122.8301,340,2.1,1.4,2014-09-14,0601,Aqua,MODIS,83,6.2,313.1,65.4,D,0
-18.0987,122.8502,390.8,2.1,1.4,2014-09-14,0601,Aqua,MODIS,100,6.2,321.3,549.4,D,0
-18.095,122.8703,455.6,2.2,1.4,2014-09-14,0601,Aqua,MODIS,100,6.2,333.4,2349.6,D,0
-18.1152,122.825,379.7,2.1,1.4,2014-09-14,0601,Aqua,MODIS,100,6.2,320,403.6,D,0
-18.039,122.8101,339.4,2.1,1.4,2014-09-14,0601,Aqua,MODIS,62,6.2,309.7,58.8,D,0
-18.0764,122.6747,348.5,2.1,1.4,2014-09-14,0601,Aqua,MODIS,80,6.2,303,126.6,D,0
-18.0913,122.8904,423,2.2,1.4,2014-09-14,0601,Aqua,MODIS,100,6.2,318.4,1242.1,D,0
-18.0748,122.908,369.8,2.2,1.4,2014-09-14,0601,Aqua,MODIS,100,6.2,313.7,299.8,D,0
-18.0827,122.8603,342.5,2.2,1.4,2014-09-14,0601,Aqua,MODIS,83,6.2,314.7,69.5,D,0
-18.0791,122.8805,377.5,2.2,1.4,2014-09-14,0601,Aqua,MODIS,100,6.2,321.2,368,D,0
-18.099,122.8426,357.8,2.1,1.4,2014-09-14,0601,Aqua,MODIS,98,6.2,317.4,180.7,D,0
-18.0954,122.8628,434.9,2.2,1.4,2014-09-14,0601,Aqua,MODIS,100,6.2,331.6,1574.4,D,0
-18.0785,122.8879,397.7,2.2,1.4,2014-09-14,0601,Aqua,MODIS,100,6.2,322.1,675,D,0
-18.1114,122.8526,393.9,2.1,1.4,2014-09-14,0601,Aqua,MODIS,100,6.2,314.3,608.5,D,0
-18.1477,122.7976,337.8,2.1,1.4,2014-09-14,0601,Aqua,MODIS,83,6.2,304.2,82.5,D,0
-18.135,122.7951,377,2.1,1.4,2014-09-14,0601,Aqua,MODIS,100,6.2,312.8,372.5,D,0
-18.0919,122.883,450.9,2.2,1.4,2014-09-14,0601,Aqua,MODIS,100,6.2,325.1,2165.5,D,0
-16.6373,124.0017,331.2,2.8,1.6,2014-09-14,0601,Aqua,MODIS,77,6.2,312.2,51.8,D,0
-16.6325,124.0277,372.1,2.8,1.6,2014-09-14,0601,Aqua,MODIS,100,6.2,313.8,472.8,D,0
-16.5797,124.0712,327.6,2.8,1.6,2014-09-14,0601,Aqua,MODIS,56,6.2,313.1,35.4,D,0
-18.1077,122.8728,376.7,2.2,1.4,2014-09-14,0601,Aqua,MODIS,100,6.2,305.3,376.7,D,0
-18.1117,122.8452,380.9,2.1,1.4,2014-09-14,0601,Aqua,MODIS,100,6.2,315.9,421.6,D,0
-18.0823,122.8678,349.1,2.2,1.4,2014-09-14,0601,Aqua,MODIS,85,6.2,316,117.8,D,0
-18.086,122.8477,338.9,2.1,1.4,2014-09-14,0601,Aqua,MODIS,79,6.2,313.4,52.8,D,0
-17.9427,122.7583,327.5,2.1,1.4,2014-09-14,0601,Aqua,MODIS,58,6.2,308.8,15.8,D,0
-17.9427,122.7658,333.1,2.1,1.4,2014-09-14,0601,Aqua,MODIS,77,6.2,309.2,35.6,D,0
-18.1046,122.8855,340.8,2.2,1.4,2014-09-14,0601,Aqua,MODIS,81,6.2,303.6,82.3,D,0
-18.1081,122.8653,392.4,2.2,1.4,2014-09-14,0601,Aqua,MODIS,100,6.2,309.8,588.8,D,0
-18.1547,122.7582,352.5,2.1,1.4,2014-09-14,0601,Aqua,MODIS,95,6.2,299.5,160.6,D,0
-18.0592,122.9183,336.8,2.2,1.4,2014-09-14,0601,Aqua,MODIS,58,6.2,311.3,54.4,D,0
-18.0627,122.8981,344.8,2.2,1.4,2014-09-14,0601,Aqua,MODIS,87,6.2,315.6,92,D,0
-18.0755,122.9006,388.5,2.2,1.4,2014-09-14,0601,Aqua,MODIS,100,6.2,317.1,528.6,D,0
-18.0883,122.9032,354.8,2.2,1.4,2014-09-14,0601,Aqua,MODIS,97,6.2,308.5,168.6,D,0
-18.1386,122.7754,356.6,2.1,1.4,2014-09-14,0601,Aqua,MODIS,98,6.2,307.4,179.3,D,0
-25.698,128.7119,310,2,1.4,2014-09-14,1346,Terra,MODIS,79,6.2,287.5,29.4,N,0
-25.7005,128.7177,309.8,2,1.4,2014-09-14,1346,Terra,MODIS,78,6.2,288.8,28.3,N,0
-24.58,128.7509,312.8,1.9,1.3,2014-09-14,1346,Terra,MODIS,86,6.2,289.2,32.2,N,0
-24.5679,128.7493,329.7,1.9,1.3,2014-09-14,1346,Terra,MODIS,100,6.2,290,75.6,N,0
-24.5558,128.7478,323.3,1.9,1.3,2014-09-14,1346,Terra,MODIS,100,6.2,287.8,56.9,N,0
-20.0293,128.2524,306,1.8,1.3,2014-09-14,1347,Terra,MODIS,37,6.2,291.5,16.2,N,0
-20.0274,128.2692,310.2,1.8,1.3,2014-09-14,1347,Terra,MODIS,71,6.2,291.6,22.4,N,0
-20.0322,128.2634,312.8,1.8,1.3,2014-09-14,1347,Terra,MODIS,72,6.2,290.8,25.7,N,0
-20.7351,139.4762,301.9,1.8,1.3,2014-09-14,1347,Terra,MODIS,45,6.2,291.4,11.8,N,2
-14.4472,134.4171,312.1,1.1,1,2014-09-14,1348,Terra,MODIS,84,6.2,296.9,10.4,N,0
-16.281,135.3882,314.1,1.2,1.1,2014-09-14,1348,Terra,MODIS,88,6.2,294.6,14.4,N,0
-16.2793,135.399,326.6,1.2,1.1,2014-09-14,1348,Terra,MODIS,100,6.2,296,29.7,N,0
-16.2713,135.3866,317.6,1.2,1.1,2014-09-14,1348,Terra,MODIS,95,6.2,293.4,18.5,N,0
-16.2697,135.3974,319,1.2,1.1,2014-09-14,1348,Terra,MODIS,98,6.2,294.1,20.3,N,0
-16.268,135.4082,303.9,1.2,1.1,2014-09-14,1348,Terra,MODIS,55,6.2,293,6.2,N,0
-14.4457,134.4272,306.6,1.1,1,2014-09-14,1348,Terra,MODIS,68,6.2,295.7,5.7,N,0
-16.13,132.156,316.3,1,1,2014-09-14,1348,Terra,MODIS,55,6.2,297,12.4,N,0
-18.2361,130.2223,310.2,1.2,1.1,2014-09-14,1348,Terra,MODIS,71,6.2,288.1,14.6,N,0
-18.2371,130.2162,300.8,1.2,1.1,2014-09-14,1348,Terra,MODIS,33,6.2,287.2,7.3,N,0
-18.2356,130.2279,303.7,1.2,1.1,2014-09-14,1348,Terra,MODIS,57,6.2,287.7,9.6,N,0
-18.2456,130.2293,303.3,1.2,1.1,2014-09-14,1348,Terra,MODIS,49,6.2,287.5,9,N,0
-17.4392,125.8217,312.6,2.5,1.5,2014-09-14,1348,Terra,MODIS,85,6.2,293.8,36.2,N,0
-17.4417,125.7984,304.8,2.5,1.5,2014-09-14,1348,Terra,MODIS,62,6.2,293.7,16.7,N,0
-17.4493,125.7288,309.1,2.5,1.5,2014-09-14,1348,Terra,MODIS,75,6.2,292.7,26.4,N,0
-18.6172,130.1009,311.9,1.3,1.1,2014-09-14,1348,Terra,MODIS,47,6.2,287.6,16.1,N,0
-18.6188,130.0954,311.8,1.3,1.1,2014-09-14,1348,Terra,MODIS,36,6.2,287.7,16.1,N,0
-16.1287,132.1654,317.1,1,1,2014-09-14,1348,Terra,MODIS,79,6.2,296,13.3,N,0
-16.1314,132.1466,348,1,1,2014-09-14,1348,Terra,MODIS,100,6.2,299.5,56.8,N,0
-16.121,132.1546,313.9,1,1,2014-09-14,1348,Terra,MODIS,26,6.2,297.1,9.9,N,0
-16.1223,132.1452,333,1,1,2014-09-14,1348,Terra,MODIS,100,6.2,298.5,30.9,N,0
-16.1236,132.1358,320.5,1,1,2014-09-14,1348,Terra,MODIS,100,6.2,295.3,16,N,0
-16.112,132.1533,313.1,1,1,2014-09-14,1348,Terra,MODIS,70,6.2,296.2,9.9,N,0
-16.1133,132.1439,322.2,1,1,2014-09-14,1348,Terra,MODIS,100,6.2,298.3,17.9,N,0
-16.1146,132.1344,310.2,1,1,2014-09-14,1348,Terra,MODIS,69,6.2,295.3,7.3,N,0
-16.1029,132.1519,309.2,1,1,2014-09-14,1348,Terra,MODIS,32,6.2,295.3,7.1,N,0
-16.1043,132.1425,351.3,1,1,2014-09-14,1348,Terra,MODIS,100,6.2,302.2,64.2,N,0
-16.1056,132.1331,357.9,1,1,2014-09-14,1348,Terra,MODIS,100,6.2,301.5,79.5,N,0
-16.0952,132.1411,371.8,1,1,2014-09-14,1348,Terra,MODIS,100,6.2,302.5,122.6,N,0
-16.0965,132.1317,375.3,1,1,2014-09-14,1348,Terra,MODIS,100,6.2,303.1,135.4,N,0
-16.0875,132.1303,305.8,1,1,2014-09-14,1348,Terra,MODIS,48,6.2,295.1,5.3,N,0
-16.6093,132.2755,310.9,1,1,2014-09-14,1348,Terra,MODIS,81,6.2,291,10.2,N,0
-16.6106,132.2661,305.8,1,1,2014-09-14,1348,Terra,MODIS,62,6.2,290.4,7,N,0
-16.6119,132.2566,308.6,1,1,2014-09-14,1348,Terra,MODIS,68,6.2,291.3,8.6,N,0
-16.6132,132.2472,313.4,1,1,2014-09-14,1348,Terra,MODIS,48,6.2,291.1,11.3,N,0
-16.5037,132.1121,305.6,1,1,2014-09-14,1348,Terra,MODIS,39,6.2,291.7,6.3,N,0
-16.492,132.1296,306.4,1,1,2014-09-14,1348,Terra,MODIS,47,6.2,291.6,6.8,N,0
-16.6158,132.2283,304.7,1,1,2014-09-14,1348,Terra,MODIS,15,6.2,289.4,5.9,N,0
-16.6068,132.2269,307.9,1,1,2014-09-14,1348,Terra,MODIS,54,6.2,292.1,7.6,N,0
-16.6081,132.2175,311.7,1,1,2014-09-14,1348,Terra,MODIS,75,6.2,292.5,10.2,N,0
-16.6094,132.2081,315.5,1,1,2014-09-14,1348,Terra,MODIS,65,6.2,292.5,12.8,N,0
-16.6107,132.1986,313.5,1,1,2014-09-14,1348,Terra,MODIS,87,6.2,291.9,12,N,0
-16.612,132.1891,309.6,1,1,2014-09-14,1348,Terra,MODIS,78,6.2,291.8,9.3,N,0
-16.7918,132.6133,304.3,1,1,2014-09-14,1348,Terra,MODIS,54,6.2,291.3,6.4,N,0
-16.4544,132.2011,307.2,1,1,2014-09-14,1348,Terra,MODIS,71,6.2,293.3,6.9,N,0
-16.4557,132.1917,306.3,1,1,2014-09-14,1348,Terra,MODIS,68,6.2,293.3,6.1,N,0
-16.4459,132.4589,326.6,1,1,2014-09-14,1348,Terra,MODIS,85,6.2,298.3,22.8,N,0
-16.4369,132.4575,341.2,1,1,2014-09-14,1348,Terra,MODIS,100,6.2,300.3,43.3,N,0
-16.4382,132.4481,321.7,1,1,2014-09-14,1348,Terra,MODIS,36,6.2,297.9,16.1,N,0
-16.4408,132.4294,318.2,1,1,2014-09-14,1348,Terra,MODIS,38,6.2,297.5,10.6,N,0
-16.4422,132.42,315.9,1,1,2014-09-14,1348,Terra,MODIS,37,6.2,297,10,N,0
-16.4279,132.4561,332.9,1,1,2014-09-14,1348,Terra,MODIS,100,6.2,296.8,31.7,N,0
-16.4292,132.4467,339.1,1,1,2014-09-14,1348,Terra,MODIS,100,6.2,299.5,40.5,N,0
-16.4305,132.4374,319.2,1,1,2014-09-14,1348,Terra,MODIS,29,6.2,297.9,13.9,N,0
-16.4318,132.428,325.7,1,1,2014-09-14,1348,Terra,MODIS,100,6.2,297.9,18.4,N,0
-16.4202,132.4453,324,1,1,2014-09-14,1348,Terra,MODIS,100,6.2,296.9,21.6,N,0
-16.4215,132.436,339.7,1,1,2014-09-14,1348,Terra,MODIS,100,6.2,299.4,40.6,N,0
-16.4241,132.4173,316.3,1,1,2014-09-14,1348,Terra,MODIS,88,6.2,296.3,10.9,N,0
-16.4125,132.4346,364.5,1,1,2014-09-14,1348,Terra,MODIS,100,6.2,301.6,98.2,N,0
-16.4138,132.4252,335.5,1,1,2014-09-14,1348,Terra,MODIS,100,6.2,299.7,34.2,N,0
-16.4151,132.4159,339.1,1,1,2014-09-14,1348,Terra,MODIS,100,6.2,299.5,39.4,N,0
-16.4035,132.4332,341.1,1,1,2014-09-14,1348,Terra,MODIS,100,6.2,297.6,44.4,N,0
-16.4048,132.4238,359.4,1,1,2014-09-14,1348,Terra,MODIS,100,6.2,303,82.7,N,0
-16.4061,132.4145,359.3,1,1,2014-09-14,1348,Terra,MODIS,100,6.2,304.3,80.9,N,0
-16.4074,132.4051,316.1,1,1,2014-09-14,1348,Terra,MODIS,86,6.2,296,10.2,N,0
-16.3945,132.4318,307,1,1,2014-09-14,1348,Terra,MODIS,70,6.2,294.1,6.9,N,0
-16.3958,132.4225,372.5,1,1,2014-09-14,1348,Terra,MODIS,100,6.2,302.3,123.5,N,0
-16.3971,132.4131,373.7,1,1,2014-09-14,1348,Terra,MODIS,100,6.2,306.4,126.3,N,0
-16.3984,132.4037,330.9,1,1,2014-09-14,1348,Terra,MODIS,100,6.2,298.5,26,N,0
-16.3997,132.3944,317,1,1,2014-09-14,1348,Terra,MODIS,59,6.2,296.8,12,N,0
-16.3868,132.4211,355,1,1,2014-09-14,1348,Terra,MODIS,100,6.2,299,72.2,N,0
-16.3881,132.4117,392.3,1,1,2014-09-14,1348,Terra,MODIS,100,6.2,310.2,209.1,N,0
-16.3894,132.4023,333.5,1,1,2014-09-14,1348,Terra,MODIS,100,6.2,300.3,30.5,N,0
-16.3787,132.4135,314.5,1,1,2014-09-14,1348,Terra,MODIS,43,6.2,296.5,10.7,N,0
-16.38,132.4041,370.4,1,1,2014-09-14,1348,Terra,MODIS,100,6.2,302.5,117.1,N,0
-16.3814,132.3948,308.2,1,1,2014-09-14,1348,Terra,MODIS,71,6.2,295.8,6.9,N,0
-16.3866,132.3573,314.9,1,1,2014-09-14,1348,Terra,MODIS,90,6.2,294.4,12.5,N,0
-16.3776,132.3559,308.4,1,1,2014-09-14,1348,Terra,MODIS,74,6.2,293.5,7.9,N,0
-16.7356,132.3585,302.8,1,1,2014-09-14,1348,Terra,MODIS,52,6.2,291.9,5.3,N,0
-16.737,132.3491,302.4,1,1,2014-09-14,1348,Terra,MODIS,49,6.2,292.3,4.9,N,0
-16.388,132.3479,321.2,1,1,2014-09-14,1348,Terra,MODIS,100,6.2,295,18.1,N,0
-16.3893,132.3385,322.6,1,1,2014-09-14,1348,Terra,MODIS,100,6.2,295,18.7,N,0
-16.3906,132.3292,325,1,1,2014-09-14,1348,Terra,MODIS,100,6.2,294.4,21.7,N,0
-16.3789,132.3465,361.8,1,1,2014-09-14,1348,Terra,MODIS,100,6.2,299.3,91.2,N,0
-16.3803,132.3371,314.6,1,1,2014-09-14,1348,Terra,MODIS,51,6.2,294.8,10.9,N,0
-16.3816,132.3278,326.6,1,1,2014-09-14,1348,Terra,MODIS,100,6.2,295.3,23,N,0
-16.3829,132.3184,316,1,1,2014-09-14,1348,Terra,MODIS,92,6.2,294.1,12.6,N,0
-16.3699,132.3451,341.7,1,1,2014-09-14,1348,Terra,MODIS,100,6.2,295.2,44.7,N,0
-16.3712,132.3358,321.1,1,1,2014-09-14,1348,Terra,MODIS,76,6.2,294.6,15.9,N,0
-16.7518,132.6358,312.9,1,1,2014-09-14,1348,Terra,MODIS,86,6.2,290.3,11.9,N,0
-16.7428,132.6344,301.5,1,1,2014-09-14,1348,Terra,MODIS,15,6.2,290.6,4.5,N,0
-16.5181,132.5332,308,1,1,2014-09-14,1348,Terra,MODIS,24,6.2,291.9,7.1,N,0
-16.5194,132.5239,308.2,1,1,2014-09-14,1348,Terra,MODIS,32,6.2,292.4,7.1,N,0
-16.5104,132.5225,312,1,1,2014-09-14,1348,Terra,MODIS,15,6.2,292.2,9.4,N,0
-16.5014,132.5211,318.2,1,1,2014-09-14,1348,Terra,MODIS,70,6.2,292.3,14.6,N,0
-16.4924,132.5197,312.6,1,1,2014-09-14,1348,Terra,MODIS,48,6.2,291.1,10.2,N,0
-16.4937,132.5103,317.8,1,1,2014-09-14,1348,Terra,MODIS,83,6.2,292.7,13.7,N,0
-16.4847,132.509,322.6,1,1,2014-09-14,1348,Terra,MODIS,95,6.2,294,18.6,N,0
-16.4886,132.4809,318.4,1,1,2014-09-14,1348,Terra,MODIS,83,6.2,294.7,11.6,N,0
-16.4757,132.5076,321.1,1,1,2014-09-14,1348,Terra,MODIS,83,6.2,294.3,17.1,N,0
-16.4667,132.5062,339.5,1,1,2014-09-14,1348,Terra,MODIS,100,6.2,295,40.9,N,0
-16.468,132.4968,344.2,1,1,2014-09-14,1348,Terra,MODIS,100,6.2,298,47.5,N,0
-16.4586,132.4991,341.3,1,1,2014-09-14,1348,Terra,MODIS,100,6.2,297.9,45.1,N,0
-16.4599,132.4897,326.7,1,1,2014-09-14,1348,Terra,MODIS,100,6.2,296.7,24,N,0
-16.4496,132.4977,353.7,1,1,2014-09-14,1348,Terra,MODIS,100,6.2,296.4,70.4,N,0
-16.4509,132.4883,372.2,1,1,2014-09-14,1348,Terra,MODIS,100,6.2,303.3,123.6,N,0
-16.4523,132.479,320.5,1,1,2014-09-14,1348,Terra,MODIS,69,6.2,296.7,16.8,N,0
-16.4536,132.4696,326.5,1,1,2014-09-14,1348,Terra,MODIS,60,6.2,297.6,22.5,N,0
-16.4419,132.4869,364.5,1,1,2014-09-14,1348,Terra,MODIS,100,6.2,300.8,98.7,N,0
-16.4433,132.4776,322.1,1,1,2014-09-14,1348,Terra,MODIS,78,6.2,296.1,17.6,N,0
-16.4446,132.4682,344.5,1,1,2014-09-14,1348,Terra,MODIS,100,6.2,300.3,50.4,N,0
-16.4329,132.4855,318,1,1,2014-09-14,1348,Terra,MODIS,96,6.2,293.4,15.8,N,0
-16.4343,132.4762,310.1,1,1,2014-09-14,1348,Terra,MODIS,79,6.2,293.3,8.9,N,0
-16.4356,132.4668,312.8,1,1,2014-09-14,1348,Terra,MODIS,27,6.2,295.6,9.9,N,0
-16.6357,132.6114,326.7,1,1,2014-09-14,1348,Terra,MODIS,84,6.2,293.9,22.7,N,0
-16.637,132.602,323.9,1,1,2014-09-14,1348,Terra,MODIS,86,6.2,293.9,19.2,N,0
-16.5943,132.5799,334,1,1,2014-09-14,1348,Terra,MODIS,100,6.2,295,32.6,N,0
-16.5956,132.5706,313.4,1,1,2014-09-14,1348,Terra,MODIS,33,6.2,293.8,10,N,0
-16.5789,132.5585,310.8,1,1,2014-09-14,1348,Terra,MODIS,31,6.2,292.6,8.6,N,0
-16.5699,132.5571,340.9,1,1,2014-09-14,1348,Terra,MODIS,100,6.2,295.2,43.7,N,0
-16.5712,132.5477,320.9,1,1,2014-09-14,1348,Terra,MODIS,100,6.2,293,17.6,N,0
-16.5622,132.5463,306.8,1,1,2014-09-14,1348,Terra,MODIS,28,6.2,292.5,6.5,N,0
-16.5532,132.5449,321.4,1,1,2014-09-14,1348,Terra,MODIS,85,6.2,294,17.6,N,0
-16.9321,132.3334,302.8,1,1,2014-09-14,1348,Terra,MODIS,32,6.2,291,5.3,N,0
-16.9335,132.324,306.1,1,1,2014-09-14,1348,Terra,MODIS,39,6.2,291.7,6.9,N,0
-16.7405,135.3316,323.2,1.1,1.1,2014-09-14,1348,Terra,MODIS,100,6.2,293,25.3,N,0
-16.7388,135.3423,318.2,1.1,1.1,2014-09-14,1348,Terra,MODIS,96,6.2,292.9,19.1,N,0
-16.9271,132.3037,304.7,1,1,2014-09-14,1348,Terra,MODIS,24,6.2,291.9,5.5,N,0
-16.9369,135.4436,307.2,1.2,1.1,2014-09-14,1348,Terra,MODIS,71,6.2,294.6,9,N,0
-17.4045,135.1427,317.6,1.1,1,2014-09-14,1348,Terra,MODIS,95,6.2,290.4,17.6,N,0
-17.3935,135.1514,306.1,1.1,1,2014-09-14,1348,Terra,MODIS,64,6.2,291.2,7.1,N,0
-17.3951,135.1411,325.5,1.1,1,2014-09-14,1348,Terra,MODIS,100,6.2,291.2,26.5,N,0
-17.3841,135.1498,312.5,1.1,1,2014-09-14,1348,Terra,MODIS,67,6.2,292.1,11.2,N,0
-17.3857,135.1395,318.4,1.1,1,2014-09-14,1348,Terra,MODIS,97,6.2,292.4,17.3,N,0
-17.3637,135.1569,431.2,1.1,1,2014-09-14,1348,Terra,MODIS,100,6.2,315.9,575.7,N,0
-17.3653,135.1466,390,1.1,1,2014-09-14,1348,Terra,MODIS,100,6.2,303.5,227.7,N,0
-17.358,135.1608,426.2,1.1,1,2014-09-14,1348,Terra,MODIS,100,6.2,322.9,521.2,N,0
-17.3596,135.1505,429.2,1.1,1,2014-09-14,1348,Terra,MODIS,100,6.2,322.7,554.4,N,0
-17.3612,135.1401,335.9,1.1,1,2014-09-14,1348,Terra,MODIS,100,6.2,297.4,41.7,N,0
-17.3627,135.1298,304.5,1.1,1,2014-09-14,1348,Terra,MODIS,54,6.2,293,6.4,N,0
-17.3643,135.1194,304.4,1.1,1,2014-09-14,1348,Terra,MODIS,57,6.2,292.1,6.4,N,0
-17.3486,135.1592,381.8,1.1,1,2014-09-14,1348,Terra,MODIS,100,6.2,307.9,186.3,N,0
-17.3502,135.1488,347.7,1.1,1,2014-09-14,1348,Terra,MODIS,100,6.2,303.3,64.9,N,0
-17.3518,135.1385,325.4,1.1,1,2014-09-14,1348,Terra,MODIS,100,6.2,296.2,24.9,N,0
-17.3392,135.1576,313.9,1.1,1,2014-09-14,1348,Terra,MODIS,88,6.2,297.2,12.1,N,0
-17.3408,135.1472,320.9,1.1,1,2014-09-14,1348,Terra,MODIS,97,6.2,298.1,18,N,0
-17.3251,135.1233,306.5,1.1,1,2014-09-14,1348,Terra,MODIS,35,6.2,293.8,6.5,N,0
-17.3267,135.113,306.4,1.1,1,2014-09-14,1348,Terra,MODIS,41,6.2,293.2,7,N,0
-17.3078,135.1735,310.9,1.1,1.1,2014-09-14,1348,Terra,MODIS,81,6.2,293,10.5,N,0
-17.3621,135.1673,347.4,1.1,1,2014-09-14,1348,Terra,MODIS,100,6.2,301.3,65.6,N,0
-17.3565,135.1712,390.8,1.1,1.1,2014-09-14,1348,Terra,MODIS,100,6.2,308.8,236.9,N,0
-17.3455,135.18,342.9,1.1,1.1,2014-09-14,1348,Terra,MODIS,100,6.2,294.4,56.6,N,0
-17.347,135.1696,420.9,1.1,1.1,2014-09-14,1348,Terra,MODIS,100,6.2,314.1,469.2,N,0
-17.336,135.1784,323.7,1.1,1.1,2014-09-14,1348,Terra,MODIS,100,6.2,293.5,24.4,N,0
-17.3376,135.168,338.6,1.1,1.1,2014-09-14,1348,Terra,MODIS,100,6.2,296.4,46.8,N,0
-15.023,142.0385,316.6,3.6,1.8,2014-09-14,1348,Terra,MODIS,91,6.2,291,90,N,0
-15.0388,142.0418,305.6,3.6,1.8,2014-09-14,1348,Terra,MODIS,33,6.2,291.1,39.1,N,0
-18.7049,127.2885,307,2,1.4,2014-09-14,1348,Terra,MODIS,70,6.2,293.5,17.6,N,0
-18.0472,123.0495,346.9,4.1,1.9,2014-09-14,1348,Terra,MODIS,100,6.2,296.5,410.1,N,0
-18.057,123.1274,320.6,4,1.9,2014-09-14,1348,Terra,MODIS,100,6.2,294.7,127.3,N,0
-16.0133,127.5351,309.6,1.7,1.3,2014-09-14,1348,Terra,MODIS,12,6.2,296,16.4,N,0
-16.0155,127.5461,324,1.7,1.3,2014-09-14,1348,Terra,MODIS,100,6.2,298.3,42.8,N,0
-15.9726,128.1677,309.7,1.6,1.2,2014-09-14,1348,Terra,MODIS,27,6.2,297.3,12.9,N,0
-18.047,123.0042,308.1,4.1,1.9,2014-09-14,1348,Terra,MODIS,73,6.2,294.1,53,N,0
-15.6859,129.0886,303.4,1.3,1.1,2014-09-14,1348,Terra,MODIS,17,6.2,291.1,6.5,N,0
-18.0432,123.0424,345.2,4.1,1.9,2014-09-14,1348,Terra,MODIS,100,6.2,295.9,389.8,N,0
-18.0084,122.6793,305.3,4.3,1.9,2014-09-14,1348,Terra,MODIS,37,6.2,291.7,49.2,N,0
-18.0774,123.0912,310.3,4,1.9,2014-09-14,1348,Terra,MODIS,78,6.2,295.1,60.3,N,0
-18.0372,122.9709,306.9,4.1,1.9,2014-09-14,1348,Terra,MODIS,52,6.2,293.3,48.2,N,0
-15.6963,129.09,304.4,1.3,1.1,2014-09-14,1348,Terra,MODIS,32,6.2,291.5,7.1,N,0
-16.004,127.5439,311.5,1.7,1.3,2014-09-14,1348,Terra,MODIS,46,6.2,294.6,19.6,N,0
-18.0601,123.0442,312.3,4.1,1.9,2014-09-14,1348,Terra,MODIS,39,6.2,295,66.1,N,0
-18.0303,123.0478,327.7,4.1,1.9,2014-09-14,1348,Terra,MODIS,100,6.2,294.3,184.3,N,0
-18.0337,123.0094,326.8,4.1,1.9,2014-09-14,1348,Terra,MODIS,100,6.2,294.3,179.9,N,0
-16.0136,127.5617,317.4,1.7,1.3,2014-09-14,1348,Terra,MODIS,95,6.2,296.5,27.4,N,0
-18.0437,123.0877,334.4,4,1.9,2014-09-14,1348,Terra,MODIS,100,6.2,295.2,248.7,N,0
-18.0526,123.1202,325.2,4,1.9,2014-09-14,1348,Terra,MODIS,100,6.2,294.9,162.9,N,0
-18.0507,123.0112,309.5,4.1,1.9,2014-09-14,1348,Terra,MODIS,72,6.2,294,57.8,N,0
-18.0563,123.0823,341.1,4,1.9,2014-09-14,1348,Terra,MODIS,100,6.2,297.1,326.5,N,0
-18.0395,123.0807,320.5,4,1.9,2014-09-14,1348,Terra,MODIS,100,6.2,294.5,126,N,0
-18.0257,122.6811,306.5,4.3,1.9,2014-09-14,1348,Terra,MODIS,68,6.2,292.1,57.1,N,0
-18.0294,122.6403,302.1,4.3,1.9,2014-09-14,1348,Terra,MODIS,29,6.2,291.7,35.3,N,0
-15.951,128.2526,305.6,1.5,1.2,2014-09-14,1348,Terra,MODIS,15,6.2,294.7,9.4,N,0
-16.023,127.5532,326.2,1.7,1.3,2014-09-14,1348,Terra,MODIS,100,6.2,296.7,51,N,0
-18.03,123.0024,316,4.1,1.9,2014-09-14,1348,Terra,MODIS,92,6.2,293.7,100.4,N,0
-18.0263,123.0407,320.9,4.1,1.9,2014-09-14,1348,Terra,MODIS,100,6.2,293.7,131.9,N,0
-16.0114,127.5509,316.4,1.7,1.3,2014-09-14,1348,Terra,MODIS,84,6.2,296.7,27.6,N,0
-15.9434,128.2224,314.7,1.6,1.2,2014-09-14,1348,Terra,MODIS,75,6.2,295.6,22.3,N,0
-18.0605,123.0895,340.9,4,1.9,2014-09-14,1348,Terra,MODIS,100,6.2,296.8,325.3,N,0
-16.2126,132.2225,306.9,1,1,2014-09-14,1348,Terra,MODIS,41,6.2,291.8,6.8,N,0
-16.215,132.2708,311.6,1,1,2014-09-14,1348,Terra,MODIS,33,6.2,292.6,8.1,N,0
-16.2097,132.3083,307.4,1,1,2014-09-14,1348,Terra,MODIS,25,6.2,292.9,6.8,N,0
-16.2435,132.3294,305.9,1,1,2014-09-14,1348,Terra,MODIS,36,6.2,290.6,6.6,N,0
-16.2525,132.3308,362.4,1,1,2014-09-14,1348,Terra,MODIS,100,6.2,296.6,93.6,N,0
-16.2512,132.3401,321,1,1,2014-09-14,1348,Terra,MODIS,100,6.2,291.9,18.6,N,0
-16.2063,132.1351,329.7,1,1,2014-09-14,1348,Terra,MODIS,100,6.2,295.7,26,N,0
-16.1921,132.1713,375.4,1,1,2014-09-14,1348,Terra,MODIS,100,6.2,299.6,135.1,N,0
-16.1934,132.1619,384.9,1,1,2014-09-14,1348,Terra,MODIS,100,6.2,302.4,173.8,N,0
-16.1973,132.1337,332.4,1,1,2014-09-14,1348,Terra,MODIS,100,6.2,295.7,29.4,N,0
-16.183,132.1699,353.3,1,1,2014-09-14,1348,Terra,MODIS,100,6.2,296.5,67.7,N,0
-16.1843,132.1605,395.9,1,1,2014-09-14,1348,Terra,MODIS,100,6.2,305.9,229.2,N,0
-16.1753,132.1591,371.4,1,1,2014-09-14,1348,Terra,MODIS,100,6.2,301.4,119.2,N,0
-16.2633,132.1212,310.7,1,1,2014-09-14,1348,Terra,MODIS,77,6.2,288.5,10.5,N,0
-16.1276,132.1076,317.6,1,1,2014-09-14,1348,Terra,MODIS,95,6.2,295.9,13.9,N,0
-16.138,132.0995,326.7,1,1,2014-09-14,1348,Terra,MODIS,100,6.2,296,22.6,N,0
-16.1663,132.1578,382.1,1,1,2014-09-14,1348,Terra,MODIS,100,6.2,305.1,160.2,N,0
-16.2024,132.1633,348.4,1,1,2014-09-14,1348,Terra,MODIS,100,6.2,295.4,57,N,0
-16.2011,132.1727,365.8,1,1,2014-09-14,1348,Terra,MODIS,100,6.2,298.3,102.7,N,0
-16.2154,132.1364,327.3,1,1,2014-09-14,1348,Terra,MODIS,100,6.2,294.8,22.4,N,0
-16.1676,132.1484,330.8,1,1,2014-09-14,1348,Terra,MODIS,100,6.2,296.1,25,N,0
-16.2257,132.1284,324.2,1,1,2014-09-14,1348,Terra,MODIS,80,6.2,294.8,20.8,N,0
-16.1366,132.109,420.6,1,1,2014-09-14,1348,Terra,MODIS,100,6.2,314.8,404.8,N,0
-16.1572,132.1564,385.3,1,1,2014-09-14,1348,Terra,MODIS,100,6.2,304.6,173.9,N,0
-16.1585,132.147,362.9,1,1,2014-09-14,1348,Terra,MODIS,100,6.2,299.1,90.3,N,0
-16.1611,132.1281,320.3,1,1,2014-09-14,1348,Terra,MODIS,64,6.2,296,14.9,N,0
-16.1353,132.1184,345.8,1,1,2014-09-14,1348,Terra,MODIS,100,6.2,297.8,52.1,N,0
-16.147,132.1009,318.6,1,1,2014-09-14,1348,Terra,MODIS,97,6.2,295.6,13.8,N,0
-16.1457,132.1103,377.6,1,1,2014-09-14,1348,Terra,MODIS,100,6.2,308.6,142.9,N,0
-16.1444,132.1198,363.6,1,1,2014-09-14,1348,Terra,MODIS,100,6.2,302.7,94.6,N,0
-16.1547,132.1079,324.9,1,1,2014-09-14,1348,Terra,MODIS,62,6.2,296.5,18.1,N,0
-16.1534,132.1173,342.1,1,1,2014-09-14,1348,Terra,MODIS,100,6.2,301.2,44.4,N,0
-16.1625,132.1187,327.2,1,1,2014-09-14,1348,Terra,MODIS,95,6.2,298.6,22.4,N,0
-16.1482,132.155,360.4,1,1,2014-09-14,1348,Terra,MODIS,100,6.2,300.7,84.9,N,0
-16.2244,132.1378,340.8,1,1,2014-09-14,1348,Terra,MODIS,100,6.2,295.2,43.8,N,0
-16.1495,132.1456,361.9,1,1,2014-09-14,1348,Terra,MODIS,100,6.2,299.6,88.5,N,0
-16.1378,132.1668,319.8,1,1,2014-09-14,1348,Terra,MODIS,96,6.2,296.2,15.8,N,0
-15.5561,131.6593,304.6,1,1,2014-09-14,1348,Terra,MODIS,60,6.2,293.8,5.3,N,0
-15.5548,131.6689,308.3,1,1,2014-09-14,1348,Terra,MODIS,74,6.2,293.6,7.7,N,0
-16.1404,132.148,368.2,1,1,2014-09-14,1348,Terra,MODIS,100,6.2,303.8,109.7,N,0
-16.1417,132.1386,326.1,1,1,2014-09-14,1348,Terra,MODIS,100,6.2,295.8,21.9,N,0
-16.1327,132.1372,325.5,1,1,2014-09-14,1348,Terra,MODIS,100,6.2,295.4,21.6,N,0
-15.4681,131.6985,307.2,1,1,2014-09-14,1348,Terra,MODIS,71,6.2,293.6,7.8,N,0
-15.4668,131.708,304.8,1,1,2014-09-14,1348,Terra,MODIS,61,6.2,293,6.1,N,0
-16.2615,132.3322,317.4,1,1,2014-09-14,1348,Terra,MODIS,95,6.2,291.4,15.1,N,0
-16.2602,132.3415,318.4,1,1,2014-09-14,1348,Terra,MODIS,97,6.2,292,16.1,N,0
-16.1351,132.1856,350.1,1,1,2014-09-14,1348,Terra,MODIS,100,6.2,301.5,62.2,N,0
-16.1338,132.195,305.7,1,1,2014-09-14,1348,Terra,MODIS,21,6.2,293.9,5.6,N,0
-16.1443,132.1832,347.1,1,1,2014-09-14,1348,Terra,MODIS,100,6.2,298.9,53,N,0
-16.143,132.1926,351.2,1,1,2014-09-14,1348,Terra,MODIS,100,6.2,299.7,62.9,N,0
-16.1364,132.2396,332.7,1,1,2014-09-14,1348,Terra,MODIS,100,6.2,297.3,30.9,N,0
-16.1351,132.249,332,1,1,2014-09-14,1348,Terra,MODIS,100,6.2,298.7,29.3,N,0
-16.1338,132.2583,315.1,1,1,2014-09-14,1348,Terra,MODIS,42,6.2,295.8,11.5,N,0
-16.1533,132.1846,323.9,1,1,2014-09-14,1348,Terra,MODIS,95,6.2,295.6,17.4,N,0
-16.152,132.194,333.5,1,1,2014-09-14,1348,Terra,MODIS,100,6.2,297,31.2,N,0
-16.1455,132.241,337.3,1,1,2014-09-14,1348,Terra,MODIS,100,6.2,297.7,36.7,N,0
-16.1441,132.2503,338,1,1,2014-09-14,1348,Terra,MODIS,100,6.2,298.7,37,N,0
-16.1428,132.2597,327.3,1,1,2014-09-14,1348,Terra,MODIS,74,6.2,297.5,23,N,0
-16.1519,132.2611,328.1,1,1,2014-09-14,1348,Terra,MODIS,96,6.2,297.4,23.8,N,0
-16.1505,132.2705,320.9,1,1,2014-09-14,1348,Terra,MODIS,91,6.2,295.1,17.2,N,0
-16.1609,132.2625,322.8,1,1,2014-09-14,1348,Terra,MODIS,90,6.2,295.8,17,N,0
-16.1596,132.2719,334.1,1,1,2014-09-14,1348,Terra,MODIS,100,6.2,296.7,31.8,N,0
-16.1751,132.2263,328.6,1,1,2014-09-14,1348,Terra,MODIS,100,6.2,291.5,25.4,N,0
-16.1738,132.2357,316.3,1,1,2014-09-14,1348,Terra,MODIS,63,6.2,291,12.1,N,0
-16.1715,132.1201,325.9,1,1,2014-09-14,1348,Terra,MODIS,100,6.2,297.9,22.1,N,0
-16.1805,132.1215,327.9,1,1,2014-09-14,1348,Terra,MODIS,87,6.2,297.1,23.7,N,0
-16.1896,132.1229,321.2,1,1,2014-09-14,1348,Terra,MODIS,42,6.2,295.4,16.1,N,0
-16.1986,132.1242,316.1,1,1,2014-09-14,1348,Terra,MODIS,25,6.2,294.1,11.7,N,0
-16.218,132.1176,318,1,1,2014-09-14,1348,Terra,MODIS,96,6.2,294.3,15,N,0
-16.2271,132.119,324.9,1,1,2014-09-14,1348,Terra,MODIS,100,6.2,294.5,23,N,0
-16.2361,132.1203,314.6,1,1,2014-09-14,1348,Terra,MODIS,90,6.2,293.9,13.9,N,0
-16.2452,132.1185,317.8,1,1,2014-09-14,1348,Terra,MODIS,94,6.2,291.1,15.2,N,0
-16.2901,132.2599,304.1,1,1,2014-09-14,1348,Terra,MODIS,10,6.2,291.7,4.9,N,0
-16.1259,132.2513,307.7,1,1,2014-09-14,1348,Terra,MODIS,16,6.2,295.6,6.8,N,0
-16.3055,132.2814,309.1,1,1,2014-09-14,1348,Terra,MODIS,69,6.2,293.1,7.4,N,0
-16.3134,132.2885,322.3,1,1,2014-09-14,1348,Terra,MODIS,100,6.2,293.8,18.7,N,0
-16.312,132.2979,313.5,1,1,2014-09-14,1348,Terra,MODIS,87,6.2,293.3,10.7,N,0
-16.3198,132.3087,312,1,1,2014-09-14,1348,Terra,MODIS,53,6.2,293.4,9.4,N,0
-16.3365,132.3208,314,1,1,2014-09-14,1348,Terra,MODIS,83,6.2,293.6,10.6,N,0
-16.3455,132.3222,314,1,1,2014-09-14,1348,Terra,MODIS,63,6.2,293.9,10.1,N,0
-16.1842,132.2277,329.6,1,1,2014-09-14,1348,Terra,MODIS,100,6.2,292.9,27.1,N,0
-16.1829,132.2371,314.3,1,1,2014-09-14,1348,Terra,MODIS,68,6.2,292.3,11,N,0
-11.3385,132.0999,307.9,1,1,2014-09-14,1349,Terra,MODIS,49,6.2,293.8,5.9,N,0
-14.2279,132.153,304.9,1,1,2014-09-14,1349,Terra,MODIS,22,6.2,293.3,4.7,N,0
-14.2189,132.1516,317.1,1,1,2014-09-14,1349,Terra,MODIS,94,6.2,293.9,13.8,N,0
-12.7894,131.9875,308.7,1,1,2014-09-14,1349,Terra,MODIS,75,6.2,293.7,7.5,N,0
-12.2766,132.8629,315.5,1,1,2014-09-14,1349,Terra,MODIS,91,6.2,293.5,13.3,N,0
-14.0983,132.3528,301.8,1,1,2014-09-14,1349,Terra,MODIS,3,6.2,291.6,3.5,N,0
-12.9689,132.5954,306.8,1,1,2014-09-14,1349,Terra,MODIS,69,6.2,293.1,6.9,N,0
-14.0996,132.3436,304.9,1,1,2014-09-14,1349,Terra,MODIS,38,6.2,292.2,5.4,N,0
-12.278,132.8536,305.6,1,1,2014-09-14,1349,Terra,MODIS,65,6.2,293.1,6,N,0
-14.757,126.477,304.8,2,1.4,2014-09-14,1349,Terra,MODIS,62,6.2,292.1,14,N,0
-14.7529,126.4884,314.4,2,1.4,2014-09-14,1349,Terra,MODIS,89,6.2,292.1,34,N,0
-14.755,126.4705,311.9,2,1.4,2014-09-14,1349,Terra,MODIS,84,6.2,292,28.4,N,0
-12.6058,131.6605,328.1,1,1,2014-09-14,1349,Terra,MODIS,100,6.2,292.2,27.9,N,0
-12.6071,131.6513,333.5,1,1,2014-09-14,1349,Terra,MODIS,100,6.2,291,34.7,N,0
-12.5968,131.6591,351,1,1,2014-09-14,1349,Terra,MODIS,100,6.2,291.5,66.1,N,0
-12.5955,131.6683,341.4,1,1,2014-09-14,1349,Terra,MODIS,100,6.2,292.4,47.2,N,0
-11.3462,132.1104,305.6,1,1,2014-09-14,1349,Terra,MODIS,17,6.2,293.7,4.8,N,0
-11.494,131.2006,302.8,1,1,2014-09-14,1349,Terra,MODIS,51,6.2,292.7,4.6,N,0
-12.6929,134.702,307.1,1.2,1.1,2014-09-14,1349,Terra,MODIS,70,6.2,292.4,8.8,N,0
-12.4269,133.0355,306.9,1,1,2014-09-14,1349,Terra,MODIS,65,6.2,296,5.1,N,0
-12.8759,132.4748,311.1,1,1,2014-09-14,1349,Terra,MODIS,82,6.2,292.9,9.9,N,0
-12.8772,132.4656,311.1,1,1,2014-09-14,1349,Terra,MODIS,82,6.2,293.4,9.9,N,0
-13.1118,131.1315,305.1,1,1,2014-09-14,1349,Terra,MODIS,63,6.2,293.3,6,N,0
-14.7426,126.4688,312.5,2,1.4,2014-09-14,1349,Terra,MODIS,85,6.2,291.4,30.8,N,0
-14.8068,126.4824,314.3,2,1.4,2014-09-14,1349,Terra,MODIS,86,6.2,292.7,30.6,N,0
-14.7922,126.4994,305.5,2,1.4,2014-09-14,1349,Terra,MODIS,49,6.2,292.7,14.2,N,0
-14.7944,126.4809,319.8,2,1.4,2014-09-14,1349,Terra,MODIS,99,6.2,292.4,44.2,N,0
-14.7901,126.5179,309.6,2,1.4,2014-09-14,1349,Terra,MODIS,78,6.2,293.6,21.4,N,0
-14.2479,132.335,308.4,1,1,2014-09-14,1349,Terra,MODIS,74,6.2,293.8,7.5,N,0
-14.7166,126.6855,313.2,1.9,1.4,2014-09-14,1349,Terra,MODIS,87,6.2,294.9,28.9,N,0
-15.6025,145.0709,307.6,2.7,1.6,2014-09-14,1514,Aqua,MODIS,69,6.2,290.2,34.1,N,0
-15.6169,145.0993,300.4,2.7,1.6,2014-09-14,1514,Aqua,MODIS,8,6.2,290,16.2,N,0
-15.5982,145.0766,307.4,2.7,1.6,2014-09-14,1514,Aqua,MODIS,71,6.2,290.4,35.9,N,0
-15.6071,145.0955,304.7,2.7,1.6,2014-09-14,1514,Aqua,MODIS,39,6.2,290.4,25.8,N,0
-15.0288,142.0676,307,4.7,2,2014-09-14,1514,Aqua,MODIS,70,6.2,290.1,74.3,N,0
-15.0289,142.0626,309.3,4.7,2,2014-09-14,1514,Aqua,MODIS,77,6.2,290.2,88.4,N,0
-15.02,142.0192,301.2,4.7,2,2014-09-14,1514,Aqua,MODIS,38,6.2,289.8,42.5,N,0
-15.0203,142.0241,304.1,4.7,2,2014-09-14,1514,Aqua,MODIS,58,6.2,289.8,58.1,N,0
-18.2882,145.9726,301.1,2.1,1.4,2014-09-14,1515,Aqua,MODIS,38,6.2,288.7,16.4,N,0
-26.4677,149.9299,306.5,1,1,2014-09-14,1517,Aqua,MODIS,68,6.2,287.6,9.4,N,0
-26.4707,150.0736,309.9,1,1,2014-09-14,1517,Aqua,MODIS,73,6.2,286.5,10.8,N,0
-26.4722,150.0836,323.6,1,1,2014-09-14,1517,Aqua,MODIS,100,6.2,288.1,23,N,0
-26.4812,150.082,305.6,1,1,2014-09-14,1517,Aqua,MODIS,24,6.2,286.9,7.8,N,0
-30.1839,149.1117,301.7,1,1,2014-09-14,1518,Aqua,MODIS,43,6.2,281.8,8,N,0
-30.218,149.0301,303.4,1,1,2014-09-14,1518,Aqua,MODIS,55,6.2,281.8,8.9,N,0
-30.2165,149.0197,304.1,1,1,2014-09-14,1518,Aqua,MODIS,58,6.2,281.6,9.3,N,0
-14.218,132.1577,304.7,1.3,1.1,2014-09-14,1652,Aqua,MODIS,14,6.2,292.2,7.9,N,0
-14.1041,132.3632,304.8,1.4,1.2,2014-09-14,1652,Aqua,MODIS,50,6.2,292.1,9.2,N,0
-14.2403,132.1673,333.5,1.3,1.1,2014-09-14,1652,Aqua,MODIS,100,6.2,294.1,48.6,N,0
-14.1024,132.3505,309.8,1.4,1.2,2014-09-14,1652,Aqua,MODIS,78,6.2,291.9,14.4,N,0
-14.1521,132.3517,305.1,1.4,1.2,2014-09-14,1652,Aqua,MODIS,63,6.2,291.9,10.1,N,0
-14.2983,132.2296,306.4,1.4,1.2,2014-09-14,1652,Aqua,MODIS,17,6.2,295.1,7.3,N,0
-14.2966,132.217,312.7,1.4,1.2,2014-09-14,1652,Aqua,MODIS,74,6.2,295,13.7,N,0
-14.3004,132.2223,311.4,1.4,1.2,2014-09-14,1652,Aqua,MODIS,67,6.2,295.2,12.5,N,0
-14.2539,132.1903,316.7,1.4,1.2,2014-09-14,1652,Aqua,MODIS,94,6.2,295.5,19.8,N,0
-14.23,132.1687,308.4,1.3,1.1,2014-09-14,1652,Aqua,MODIS,45,6.2,292.2,10.5,N,0
-12.596,131.6679,339.5,1.2,1.1,2014-09-14,1652,Aqua,MODIS,100,6.2,290.2,57.1,N,0
-12.5945,131.6569,327.1,1.2,1.1,2014-09-14,1652,Aqua,MODIS,100,6.2,288.3,34.2,N,0
-12.5862,131.6692,302.3,1.2,1.1,2014-09-14,1652,Aqua,MODIS,48,6.2,287.9,7.6,N,0
-12.6043,131.6555,333.7,1.2,1.1,2014-09-14,1652,Aqua,MODIS,100,6.2,289.6,45.7,N,0
-12.6058,131.6665,302.1,1.2,1.1,2014-09-14,1652,Aqua,MODIS,47,6.2,289.3,7.4,N,0
-12.8685,132.4774,300.3,1.4,1.2,2014-09-14,1652,Aqua,MODIS,16,6.2,289.2,5.9,N,0
-14.2879,132.2879,312.3,1.4,1.2,2014-09-14,1652,Aqua,MODIS,85,6.2,294,16.1,N,0
-14.2897,132.3009,306.6,1.4,1.2,2014-09-14,1652,Aqua,MODIS,69,6.2,293.1,9.8,N,0
-17.466,125.6898,342.5,1.1,1.1,2014-09-14,1653,Aqua,MODIS,100,6.2,302.9,51.6,N,0
-15.6739,129.1575,323.8,1,1,2014-09-14,1653,Aqua,MODIS,100,6.2,296.2,21,N,0
-17.4715,125.8481,313.4,1.1,1,2014-09-14,1653,Aqua,MODIS,87,6.2,296.5,11.3,N,0
-17.4809,125.8465,307.4,1.1,1,2014-09-14,1653,Aqua,MODIS,71,6.2,296.7,6.4,N,0
-17.4401,125.8321,311.3,1.1,1,2014-09-14,1653,Aqua,MODIS,82,6.2,294.3,10.2,N,0
-17.4347,125.7374,306.1,1.1,1.1,2014-09-14,1653,Aqua,MODIS,47,6.2,292.4,7.3,N,0
-17.4627,125.6692,353,1.1,1.1,2014-09-14,1653,Aqua,MODIS,100,6.2,299.4,78.2,N,0
-17.4565,125.6913,358.9,1.1,1.1,2014-09-14,1653,Aqua,MODIS,100,6.2,306,93.1,N,0
-17.4581,125.7016,341.7,1.1,1.1,2014-09-14,1653,Aqua,MODIS,100,6.2,302.6,50.6,N,0
-17.4643,125.6795,398.2,1.1,1.1,2014-09-14,1653,Aqua,MODIS,100,6.2,312.2,282.5,N,0
-14.7441,126.44,317,1.1,1,2014-09-14,1653,Aqua,MODIS,94,6.2,291.8,17.7,N,0
-14.7426,126.4298,306.7,1.1,1,2014-09-14,1653,Aqua,MODIS,69,6.2,290.4,8.8,N,0
-17.4532,125.6704,351.9,1.1,1.1,2014-09-14,1653,Aqua,MODIS,100,6.2,299.7,75.5,N,0
-17.4771,125.6987,314.6,1.1,1.1,2014-09-14,1653,Aqua,MODIS,90,6.2,298.1,11.8,N,0
-17.4708,125.7209,323.3,1.1,1.1,2014-09-14,1653,Aqua,MODIS,100,6.2,299.1,21.2,N,0
-17.4692,125.7105,346.5,1.1,1.1,2014-09-14,1653,Aqua,MODIS,100,6.2,302.6,61.2,N,0
-17.4676,125.7001,376.6,1.1,1.1,2014-09-14,1653,Aqua,MODIS,100,6.2,306.6,160.3,N,0
-17.4899,125.7809,306,1.1,1,2014-09-14,1653,Aqua,MODIS,25,6.2,294.9,5.2,N,0
-17.4884,125.7709,305.4,1.1,1,2014-09-14,1653,Aqua,MODIS,64,6.2,294.8,5.2,N,0
-17.4741,125.7415,309.7,1.1,1.1,2014-09-14,1653,Aqua,MODIS,78,6.2,296.4,8.9,N,0
-17.4725,125.7311,313.6,1.1,1.1,2014-09-14,1653,Aqua,MODIS,87,6.2,297.2,11.7,N,0
-17.4454,125.6824,323.5,1.1,1.1,2014-09-14,1653,Aqua,MODIS,100,6.2,297.7,22.2,N,0
-17.4471,125.6929,334.4,1.1,1.1,2014-09-14,1653,Aqua,MODIS,100,6.2,299.4,37.7,N,0
-17.4549,125.6809,396.5,1.1,1.1,2014-09-14,1653,Aqua,MODIS,100,6.2,310.6,270.8,N,0
-14.741,126.482,301.7,1.1,1,2014-09-14,1653,Aqua,MODIS,44,6.2,290.3,5.2,N,0
-16.449,132.2646,311.7,1.5,1.2,2014-09-14,1653,Aqua,MODIS,83,6.2,289.8,20.9,N,0
-16.6091,132.2587,302.4,1.5,1.2,2014-09-14,1653,Aqua,MODIS,26,6.2,288.6,9.8,N,0
-16.6108,132.2725,302.4,1.5,1.2,2014-09-14,1653,Aqua,MODIS,43,6.2,287.3,10.6,N,0
-16.6057,132.2313,308.2,1.5,1.2,2014-09-14,1653,Aqua,MODIS,46,6.2,289.9,15.2,N,0
-16.4529,132.2091,303.2,1.4,1.2,2014-09-14,1653,Aqua,MODIS,54,6.2,290.6,10.1,N,0
-16.3868,132.4056,315.3,1.5,1.2,2014-09-14,1653,Aqua,MODIS,19,6.2,295.2,19.1,N,0
-16.3921,132.4474,309.8,1.5,1.2,2014-09-14,1653,Aqua,MODIS,48,6.2,293,15.7,N,0
-16.3924,132.3627,321.1,1.5,1.2,2014-09-14,1653,Aqua,MODIS,80,6.2,293.6,29.1,N,0
-16.403,132.446,342.5,1.5,1.2,2014-09-14,1653,Aqua,MODIS,100,6.2,296,82.4,N,0
-16.4048,132.46,349.1,1.5,1.2,2014-09-14,1653,Aqua,MODIS,100,6.2,299.3,105.8,N,0
-16.4157,132.4586,323,1.5,1.2,2014-09-14,1653,Aqua,MODIS,52,6.2,295.8,30.7,N,0
-16.3781,132.3366,311.9,1.5,1.2,2014-09-14,1653,Aqua,MODIS,46,6.2,291.5,16.4,N,0
-16.3799,132.3503,328.2,1.5,1.2,2014-09-14,1653,Aqua,MODIS,100,6.2,294.8,43.9,N,0
-16.3889,132.3351,306.1,1.5,1.2,2014-09-14,1653,Aqua,MODIS,14,6.2,292,11.1,N,0
-16.3907,132.3488,338.2,1.5,1.2,2014-09-14,1653,Aqua,MODIS,100,6.2,296.2,70.3,N,0
-16.3939,132.4615,312.7,1.5,1.2,2014-09-14,1653,Aqua,MODIS,66,6.2,291.3,20.4,N,0
-16.4066,132.4741,323.3,1.5,1.2,2014-09-14,1653,Aqua,MODIS,65,6.2,293.9,36.3,N,0
-16.4175,132.4727,327.5,1.5,1.2,2014-09-14,1653,Aqua,MODIS,70,6.2,296.5,42.4,N,0
-16.4284,132.4712,321.6,1.5,1.2,2014-09-14,1653,Aqua,MODIS,77,6.2,294.6,29.5,N,0
-16.4393,132.4698,313.1,1.5,1.2,2014-09-14,1653,Aqua,MODIS,32,6.2,294.1,14.1,N,0
-16.4313,132.4784,317.1,1.5,1.2,2014-09-14,1653,Aqua,MODIS,29,6.2,293.9,22.6,N,0
-16.4422,132.4769,316,1.5,1.2,2014-09-14,1653,Aqua,MODIS,40,6.2,294.2,20.4,N,0
-16.5789,132.5692,306,1.5,1.2,2014-09-14,1653,Aqua,MODIS,65,6.2,290.3,14,N,0
-16.59,132.5678,320.7,1.5,1.2,2014-09-14,1653,Aqua,MODIS,100,6.2,291.4,34.8,N,0
-16.5918,132.5821,324.4,1.5,1.2,2014-09-14,1653,Aqua,MODIS,100,6.2,292.5,42.3,N,0
-16.6028,132.5808,319.8,1.5,1.2,2014-09-14,1653,Aqua,MODIS,99,6.2,291.7,33.4,N,0
-16.6138,132.5793,318.4,1.5,1.2,2014-09-14,1653,Aqua,MODIS,97,6.2,291.3,31.9,N,0
-16.6157,132.5938,322.8,1.5,1.2,2014-09-14,1653,Aqua,MODIS,100,6.2,291,40.1,N,0
-16.6267,132.5924,310.5,1.5,1.2,2014-09-14,1653,Aqua,MODIS,80,6.2,289.2,19.9,N,0
-16.6268,132.5854,303.9,1.5,1.2,2014-09-14,1653,Aqua,MODIS,41,6.2,289.4,12,N,0
-16.6286,132.5999,300.8,1.6,1.2,2014-09-14,1653,Aqua,MODIS,9,6.2,288.4,8.5,N,0
-15.9543,128.1677,339.8,1,1,2014-09-14,1653,Aqua,MODIS,100,6.2,295.7,41.7,N,0
-15.9804,128.2206,307.3,1,1,2014-09-14,1653,Aqua,MODIS,47,6.2,291.4,7.2,N,0
-15.693,129.0967,303.5,1,1,2014-09-14,1653,Aqua,MODIS,44,6.2,293.5,5.2,N,0
-15.9777,127.5861,305.6,1,1,2014-09-14,1653,Aqua,MODIS,65,6.2,292.6,6.5,N,0
-15.9556,128.177,376,1,1,2014-09-14,1653,Aqua,MODIS,100,6.2,303.9,136.2,N,0
-15.9329,128.2149,305.7,1,1,2014-09-14,1653,Aqua,MODIS,43,6.2,293.6,6.6,N,0
-15.9791,127.5955,300.2,1,1,2014-09-14,1653,Aqua,MODIS,15,6.2,289,3.6,N,0
-16.0138,127.5806,309.1,1,1,2014-09-14,1653,Aqua,MODIS,73,6.2,294.8,8.2,N,0
-16.02,127.5605,310.6,1,1,2014-09-14,1653,Aqua,MODIS,30,6.2,294.5,8.7,N,0
-16.0152,127.5899,306.4,1,1,2014-09-14,1653,Aqua,MODIS,60,6.2,293.4,6.6,N,0
-15.957,128.1863,342.8,1,1,2014-09-14,1653,Aqua,MODIS,100,6.2,301.8,46.9,N,0
-15.6916,129.0873,304.4,1,1,2014-09-14,1653,Aqua,MODIS,51,6.2,291.4,6,N,0
-15.9617,128.2804,309.5,1,1,2014-09-14,1653,Aqua,MODIS,77,6.2,297.3,8.4,N,0
-15.8956,128.2111,306.3,1,1,2014-09-14,1653,Aqua,MODIS,68,6.2,290.6,7.6,N,0
-16.2041,132.1524,353.2,1.4,1.2,2014-09-14,1653,Aqua,MODIS,100,6.2,295.9,110.3,N,0
-16.1952,132.1671,329.3,1.4,1.2,2014-09-14,1653,Aqua,MODIS,86,6.2,297.2,43.5,N,0
-16.3208,132.3163,333.8,1.5,1.2,2014-09-14,1653,Aqua,MODIS,100,6.2,296.6,56.1,N,0
-16.1935,132.1538,384.2,1.4,1.2,2014-09-14,1653,Aqua,MODIS,100,6.2,307.2,281.9,N,0
-16.1918,132.1405,351.6,1.4,1.2,2014-09-14,1653,Aqua,MODIS,100,6.2,296.9,102.3,N,0
-16.1829,132.1552,373.2,1.4,1.2,2014-09-14,1653,Aqua,MODIS,100,6.2,304.4,209.8,N,0
-16.1812,132.142,372.6,1.4,1.2,2014-09-14,1653,Aqua,MODIS,100,6.2,302.6,203.3,N,0
-16.1723,132.1567,312.1,1.4,1.2,2014-09-14,1653,Aqua,MODIS,23,6.2,292.9,14,N,0
-16.1706,132.1434,333.7,1.4,1.2,2014-09-14,1653,Aqua,MODIS,100,6.2,296.1,51.2,N,0
-16.1599,132.1448,315.3,1.4,1.2,2014-09-14,1653,Aqua,MODIS,84,6.2,295.4,18.3,N,0
-16.1583,132.1316,326.8,1.4,1.2,2014-09-14,1653,Aqua,MODIS,100,6.2,295.7,35.2,N,0
-16.3191,132.3026,400.6,1.5,1.2,2014-09-14,1653,Aqua,MODIS,100,6.2,309.6,446,N,0
-16.3174,132.289,364.7,1.5,1.2,2014-09-14,1653,Aqua,MODIS,100,6.2,299.8,171.5,N,0
-16.1476,132.133,322,1.4,1.2,2014-09-14,1653,Aqua,MODIS,88,6.2,297.1,26.1,N,0
-16.1149,132.0439,378.2,1.4,1.2,2014-09-14,1653,Aqua,MODIS,100,6.2,292.8,237.5,N,0
-16.1198,132.0831,328.8,1.4,1.2,2014-09-14,1653,Aqua,MODIS,85,6.2,299.6,34.6,N,0
-16.1182,132.07,358.3,1.4,1.2,2014-09-14,1653,Aqua,MODIS,100,6.2,304,126.4,N,0
-16.3157,132.2754,327.1,1.5,1.2,2014-09-14,1653,Aqua,MODIS,100,6.2,295.1,42.9,N,0
-16.1166,132.0569,409.5,1.4,1.2,2014-09-14,1653,Aqua,MODIS,100,6.2,303.6,510.1,N,0
-16.3262,132.3072,389.7,1.5,1.2,2014-09-14,1653,Aqua,MODIS,100,6.2,298.4,341.8,N,0
-16.3245,132.2935,356,1.5,1.2,2014-09-14,1653,Aqua,MODIS,100,6.2,294.1,130.1,N,0
-16.3155,132.3086,364.7,1.5,1.2,2014-09-14,1653,Aqua,MODIS,100,6.2,300.7,171.6,N,0
-16.3137,132.2949,382.5,1.5,1.2,2014-09-14,1653,Aqua,MODIS,100,6.2,301.8,283,N,0
-16.0829,132.0938,315.4,1.4,1.2,2014-09-14,1653,Aqua,MODIS,20,6.2,294.7,18.2,N,0
-16.0867,132.0402,360.2,1.4,1.2,2014-09-14,1653,Aqua,MODIS,100,6.2,296.8,140.3,N,0
-16.0884,132.0532,348.1,1.4,1.2,2014-09-14,1653,Aqua,MODIS,100,6.2,300.5,92.5,N,0
-16.0901,132.0662,318.7,1.4,1.2,2014-09-14,1653,Aqua,MODIS,29,6.2,297.1,21.4,N,0
-16.0935,132.0923,338.1,1.4,1.2,2014-09-14,1653,Aqua,MODIS,100,6.2,296.3,59.3,N,0
-16.0973,132.0387,403.6,1.4,1.2,2014-09-14,1653,Aqua,MODIS,100,6.2,300,447.3,N,0
-16.3119,132.2813,359.8,1.5,1.2,2014-09-14,1653,Aqua,MODIS,100,6.2,300.2,147.5,N,0
-16.3102,132.2678,331.5,1.5,1.2,2014-09-14,1653,Aqua,MODIS,100,6.2,295,52.2,N,0
-16.3012,132.2827,316.3,1.5,1.2,2014-09-14,1653,Aqua,MODIS,93,6.2,292.4,24.1,N,0
-16.2995,132.2692,311.3,1.5,1.2,2014-09-14,1653,Aqua,MODIS,17,6.2,292.1,16.2,N,0
-16.287,132.2571,312.8,1.5,1.2,2014-09-14,1653,Aqua,MODIS,24,6.2,291.9,18.5,N,0
-16.099,132.0517,417.1,1.4,1.2,2014-09-14,1653,Aqua,MODIS,100,6.2,311.2,604.6,N,0
-16.1095,132.0503,437.4,1.4,1.2,2014-09-14,1653,Aqua,MODIS,100,6.2,304.6,916,N,0
-16.1112,132.0634,368.9,1.4,1.2,2014-09-14,1653,Aqua,MODIS,100,6.2,301.6,178.3,N,0
-16.1129,132.0764,330.9,1.4,1.2,2014-09-14,1653,Aqua,MODIS,100,6.2,299.5,39.6,N,0
-16.3617,132.3809,342.4,1.5,1.2,2014-09-14,1653,Aqua,MODIS,100,6.2,299.9,78.2,N,0
-16.36,132.3671,370.2,1.5,1.2,2014-09-14,1653,Aqua,MODIS,100,6.2,299.5,201.1,N,0
-16.3417,132.3976,316.9,1.5,1.2,2014-09-14,1653,Aqua,MODIS,37,6.2,292.5,23.8,N,0
-16.34,132.3838,372.2,1.5,1.2,2014-09-14,1653,Aqua,MODIS,100,6.2,301.2,218.3,N,0
-16.3383,132.3699,385,1.5,1.2,2014-09-14,1653,Aqua,MODIS,100,6.2,299.5,307.7,N,0
-16.1028,132.0323,325.4,1.4,1.2,2014-09-14,1653,Aqua,MODIS,100,6.2,290.6,36.4,N,0
-16.229,132.1421,309.2,1.4,1.2,2014-09-14,1653,Aqua,MODIS,11,6.2,291.7,13,N,0
-16.2273,132.1289,318.3,1.4,1.2,2014-09-14,1653,Aqua,MODIS,61,6.2,293.7,23.3,N,0
-16.1701,132.2248,341.7,1.4,1.2,2014-09-14,1653,Aqua,MODIS,100,6.2,295.3,75.2,N,0
-16.1577,132.2128,330.8,1.4,1.2,2014-09-14,1653,Aqua,MODIS,100,6.2,294.3,46.8,N,0
-16.1437,132.1874,310.3,1.4,1.2,2014-09-14,1653,Aqua,MODIS,36,6.2,292.6,13.6,N,0
-16.133,132.1889,308.5,1.4,1.2,2014-09-14,1653,Aqua,MODIS,25,6.2,292.2,12.6,N,0
-16.2183,132.1776,340.1,1.4,1.2,2014-09-14,1653,Aqua,MODIS,100,6.2,293.5,71.2,N,0
-16.2076,132.179,314.4,1.4,1.2,2014-09-14,1653,Aqua,MODIS,23,6.2,290.4,18.5,N,0
-16.2217,132.1702,342.4,1.4,1.2,2014-09-14,1653,Aqua,MODIS,100,6.2,293.5,78.8,N,0
-16.1932,132.2354,348.7,1.4,1.2,2014-09-14,1653,Aqua,MODIS,100,6.2,293.9,102.4,N,0
-16.1915,132.222,336,1.4,1.2,2014-09-14,1653,Aqua,MODIS,100,6.2,291.4,63.5,N,0
-16.1044,132.0453,417.3,1.4,1.2,2014-09-14,1653,Aqua,MODIS,100,6.2,304.7,609,N,0
-16.1825,132.2369,314.9,1.4,1.2,2014-09-14,1653,Aqua,MODIS,90,6.2,291.4,21.3,N,0
-16.2167,132.1303,317.1,1.4,1.2,2014-09-14,1653,Aqua,MODIS,27,6.2,293.3,18.9,N,0
-16.211,132.1716,344.5,1.4,1.2,2014-09-14,1653,Aqua,MODIS,100,6.2,295.5,84.5,N,0
-16.2094,132.1583,322.8,1.4,1.2,2014-09-14,1653,Aqua,MODIS,70,6.2,293.5,30.7,N,0
-16.1808,132.2234,342,1.4,1.2,2014-09-14,1653,Aqua,MODIS,100,6.2,295.2,78.3,N,0
-16.1287,132.0686,357.1,1.4,1.2,2014-09-14,1653,Aqua,MODIS,100,6.2,301.4,124.1,N,0
-16.3369,132.3896,345.7,1.5,1.2,2014-09-14,1653,Aqua,MODIS,100,6.2,295.2,94.8,N,0
-16.3352,132.3758,391,1.5,1.2,2014-09-14,1653,Aqua,MODIS,100,6.2,301.5,360.2,N,0
-16.2745,132.2451,307.5,1.4,1.2,2014-09-14,1653,Aqua,MODIS,15,6.2,290.2,12.9,N,0
-16.3334,132.362,328.5,1.5,1.2,2014-09-14,1653,Aqua,MODIS,100,6.2,291.9,45.5,N,0
-16.1304,132.0817,352.9,1.4,1.2,2014-09-14,1653,Aqua,MODIS,100,6.2,303.7,105.7,N,0
-16.106,132.0584,374.2,1.4,1.2,2014-09-14,1653,Aqua,MODIS,100,6.2,304.5,209.5,N,0
-16.1076,132.0714,325.8,1.4,1.2,2014-09-14,1653,Aqua,MODIS,57,6.2,299.6,30.2,N,0
-16.1007,132.0648,349.7,1.4,1.2,2014-09-14,1653,Aqua,MODIS,100,6.2,303,95.7,N,0
-16.1078,132.0373,368.9,1.4,1.2,2014-09-14,1653,Aqua,MODIS,100,6.2,291.9,182.7,N,0
-16.1426,132.0935,318.7,1.4,1.2,2014-09-14,1653,Aqua,MODIS,32,6.2,295.3,19.9,N,0
-16.1354,132.1212,325.3,1.4,1.2,2014-09-14,1653,Aqua,MODIS,100,6.2,298.9,30.9,N,0
-16.2486,132.1261,325.8,1.4,1.2,2014-09-14,1653,Aqua,MODIS,96,6.2,292.6,37.9,N,0
-16.2592,132.1247,309.6,1.4,1.2,2014-09-14,1653,Aqua,MODIS,78,6.2,290.2,16,N,0
-16.2469,132.1128,328.5,1.4,1.2,2014-09-14,1653,Aqua,MODIS,100,6.2,294.4,43,N,0
-16.2257,132.1156,331.8,1.4,1.2,2014-09-14,1653,Aqua,MODIS,100,6.2,294.8,48,N,0
-16.2151,132.1171,318.6,1.4,1.2,2014-09-14,1653,Aqua,MODIS,52,6.2,293.5,21.6,N,0
-16.2045,132.1185,353.1,1.4,1.2,2014-09-14,1653,Aqua,MODIS,100,6.2,304.2,106.1,N,0
-16.2028,132.1053,394,1.4,1.2,2014-09-14,1653,Aqua,MODIS,100,6.2,308.4,359.4,N,0
-16.2007,132.1259,340.5,1.4,1.2,2014-09-14,1653,Aqua,MODIS,100,6.2,298.4,64.1,N,0
-16.199,132.1127,407.6,1.4,1.2,2014-09-14,1653,Aqua,MODIS,100,6.2,314.7,494.8,N,0
-16.1973,132.0995,391,1.4,1.2,2014-09-14,1653,Aqua,MODIS,100,6.2,304.1,333.2,N,0
-16.1884,132.1141,344.2,1.4,1.2,2014-09-14,1653,Aqua,MODIS,100,6.2,298.8,76.4,N,0
-16.1867,132.1009,342.5,1.4,1.2,2014-09-14,1653,Aqua,MODIS,100,6.2,298,73.8,N,0
-16.1761,132.1023,325.8,1.4,1.2,2014-09-14,1653,Aqua,MODIS,100,6.2,298.9,33.9,N,0
-16.1255,132.0425,303.8,1.4,1.2,2014-09-14,1653,Aqua,MODIS,35,6.2,292.8,7.4,N,0
-16.1271,132.0555,373.1,1.4,1.2,2014-09-14,1653,Aqua,MODIS,100,6.2,298,204.7,N,0
-16.2526,132.3309,312,1.5,1.2,2014-09-14,1653,Aqua,MODIS,81,6.2,289,19.6,N,0
-16.2061,132.1317,318.3,1.4,1.2,2014-09-14,1653,Aqua,MODIS,30,6.2,294.7,21.9,N,0
-16.2165,132.1642,333.9,1.4,1.2,2014-09-14,1653,Aqua,MODIS,94,6.2,293.3,52.6,N,0
-16.2418,132.3323,305,1.5,1.2,2014-09-14,1653,Aqua,MODIS,37,6.2,288.9,12,N,0
-16.225,132.1969,303.5,1.4,1.2,2014-09-14,1653,Aqua,MODIS,55,6.2,288.8,10.1,N,0
-16.2233,132.1835,324.8,1.4,1.2,2014-09-14,1653,Aqua,MODIS,100,6.2,291.3,38.8,N,0
-16.22,132.1909,305.8,1.4,1.2,2014-09-14,1653,Aqua,MODIS,38,6.2,289.5,11,N,0
-16.1321,132.0949,356.5,1.4,1.2,2014-09-14,1653,Aqua,MODIS,100,6.2,300.3,119.6,N,0
-16.2012,132.0921,321.3,1.4,1.2,2014-09-14,1653,Aqua,MODIS,64,6.2,294.2,28.1,N,0
-16.2728,132.2316,305.8,1.4,1.2,2014-09-14,1653,Aqua,MODIS,26,6.2,289.8,11.7,N,0
-16.2059,132.1657,364,1.4,1.2,2014-09-14,1653,Aqua,MODIS,100,6.2,297.5,160.1,N,0
-17.9975,123.0221,321.2,1.6,1.2,2014-09-14,1654,Aqua,MODIS,100,6.2,292.3,34.8,N,0
-18.0086,123.0201,362.2,1.6,1.2,2014-09-14,1654,Aqua,MODIS,100,6.2,297.1,175,N,0
-18.0111,123.0347,342.2,1.6,1.2,2014-09-14,1654,Aqua,MODIS,100,6.2,298.1,88,N,0
-18.0281,123.0013,315,1.6,1.2,2014-09-14,1654,Aqua,MODIS,90,6.2,293.9,23.8,N,0
-18.0367,122.9846,303.8,1.6,1.2,2014-09-14,1654,Aqua,MODIS,47,6.2,293,10.1,N,0
-18.0171,123.0033,319.5,1.6,1.2,2014-09-14,1654,Aqua,MODIS,99,6.2,293.5,31.4,N,0
-18.0049,122.6625,307.1,1.7,1.3,2014-09-14,1654,Aqua,MODIS,17,6.2,292.2,14.1,N,0
-18.0306,123.0159,312.5,1.6,1.2,2014-09-14,1654,Aqua,MODIS,55,6.2,293.6,18.8,N,0
-18.0075,122.678,327.2,1.7,1.3,2014-09-14,1654,Aqua,MODIS,100,6.2,293.5,51.6,N,0
-18.0063,122.6726,323.3,1.7,1.3,2014-09-14,1654,Aqua,MODIS,100,6.2,293.4,41.3,N,0
-17.9962,122.6802,308.9,1.7,1.3,2014-09-14,1654,Aqua,MODIS,63,6.2,292.5,17.5,N,0
-18.0196,123.018,354,1.6,1.2,2014-09-14,1654,Aqua,MODIS,100,6.2,297.4,133.7,N,0
-18.0321,123.0908,308.1,1.5,1.2,2014-09-14,1654,Aqua,MODIS,73,6.2,294.2,13.8,N,0
-18.0346,123.1053,309,1.5,1.2,2014-09-14,1654,Aqua,MODIS,76,6.2,293.9,15.6,N,0
-18.0026,123.0513,371.5,1.6,1.2,2014-09-14,1654,Aqua,MODIS,100,6.2,302.1,230.2,N,0
-18.0221,123.0326,311.4,1.6,1.2,2014-09-14,1654,Aqua,MODIS,73,6.2,294.5,16.9,N,0
-18.0001,123.0367,384.8,1.6,1.2,2014-09-14,1654,Aqua,MODIS,100,6.2,301.1,332.1,N,0
-20.0326,128.2592,305.8,1,1,2014-09-14,1654,Aqua,MODIS,47,6.2,287.2,8.3,N,0
-19.9989,128.2801,306.2,1,1,2014-09-14,1654,Aqua,MODIS,45,6.2,293.5,7.4,N,0
-20.0248,128.2703,308.1,1,1,2014-09-14,1654,Aqua,MODIS,11,6.2,288.2,8.8,N,0
-20.0455,127.4547,301.4,1,1,2014-09-14,1654,Aqua,MODIS,41,6.2,287.9,6.6,N,0
-18.7055,127.292,308.4,1,1,2014-09-14,1654,Aqua,MODIS,74,6.2,293.4,7.8,N,0
-18.6979,127.3029,317,1,1,2014-09-14,1654,Aqua,MODIS,94,6.2,294,13.9,N,0
-18.6965,127.2935,305.2,1,1,2014-09-14,1654,Aqua,MODIS,17,6.2,292.9,5.2,N,0
-24.549,128.7366,315.8,1.1,1.1,2014-09-14,1655,Aqua,MODIS,92,6.2,291.1,17.6,N,0
-24.5586,128.7352,330.1,1.1,1.1,2014-09-14,1655,Aqua,MODIS,100,6.2,292.6,35.9,N,0
-24.5504,128.748,336.7,1.2,1.1,2014-09-14,1655,Aqua,MODIS,100,6.2,292.9,47.8,N,0
-24.5571,128.7238,320.5,1.1,1.1,2014-09-14,1655,Aqua,MODIS,100,6.2,291.6,22.6,N,0
-24.5601,128.7465,304,1.2,1.1,2014-09-14,1655,Aqua,MODIS,33,6.2,289.7,6.9,N,0
-24.5603,128.7282,330.2,1.1,1.1,2014-09-14,1655,Aqua,MODIS,100,6.2,292.7,35.9,N,0
-24.5618,128.7395,319.2,1.2,1.1,2014-09-14,1655,Aqua,MODIS,98,6.2,291.4,20.8,N,0
-24.5781,128.7139,301.9,1.1,1.1,2014-09-14,1655,Aqua,MODIS,41,6.2,291,5.7,N,0
-24.5796,128.7253,304.5,1.1,1.1,2014-09-14,1655,Aqua,MODIS,61,6.2,290.6,7.6,N,0
-22.3488,124.7456,307.7,1.1,1,2014-09-14,1655,Aqua,MODIS,72,6.2,289.1,10.9,N,0
-30.8629,121.4969,308,1.2,1.1,2014-09-14,1657,Aqua,MODIS,73,6.2,282.6,15.6,N,2
-10.9087,142.3483,313.5,1.4,1.2,2014-09-15,0038,Terra,MODIS,8,6.2,295.5,7.4,D,0
-10.9193,142.3465,319.2,1.4,1.2,2014-09-15,0038,Terra,MODIS,71,6.2,296.7,15.5,D,0
-14.186,143.2305,319.9,1.1,1.1,2014-09-15,0039,Terra,MODIS,19,6.2,303.2,8.7,D,0
-14.7414,144.9138,322.6,1,1,2014-09-15,0039,Terra,MODIS,40,6.2,306.8,6.9,D,0
-14.1765,143.232,333,1.1,1.1,2014-09-15,0039,Terra,MODIS,82,6.2,306.1,27.3,D,0
-13.6771,143.5103,316.3,1.1,1.1,2014-09-15,0039,Terra,MODIS,42,6.2,298.8,8.4,D,0
-15.07,143.7367,328.3,1.1,1,2014-09-15,0039,Terra,MODIS,32,6.2,306.5,15.6,D,0
-15.0715,143.7465,332.7,1.1,1,2014-09-15,0039,Terra,MODIS,74,6.2,306.6,21.5,D,0
-15.0739,143.7193,322.6,1.1,1,2014-09-15,0039,Terra,MODIS,50,6.2,304,8.5,D,0
-15.0785,143.7489,324.2,1.1,1,2014-09-15,0039,Terra,MODIS,56,6.2,307.3,9.9,D,0
-15.0801,143.7588,325.4,1.1,1,2014-09-15,0039,Terra,MODIS,67,6.2,307,10.9,D,0
-15.0318,142.0556,325.4,1.3,1.1,2014-09-15,0039,Terra,MODIS,54,6.2,308.1,12,D,0
-14.7664,142.7596,324.1,1.2,1.1,2014-09-15,0039,Terra,MODIS,37,6.2,307.3,10.7,D,0
-14.1652,143.223,328.8,1.1,1.1,2014-09-15,0039,Terra,MODIS,53,6.2,303.9,20.9,D,0
-14.3907,142.147,318.7,1.3,1.1,2014-09-15,0039,Terra,MODIS,51,6.2,304.2,9.3,D,0
-13.4721,141.9068,324.2,1.4,1.2,2014-09-15,0039,Terra,MODIS,45,6.2,304,18.1,D,0
-13.105,141.7804,340.3,1.4,1.2,2014-09-15,0039,Terra,MODIS,89,6.2,303.4,58.5,D,0
-13.1106,141.7863,331.9,1.4,1.2,2014-09-15,0039,Terra,MODIS,79,6.2,303.3,34.4,D,0
-13.1235,141.7978,325.9,1.4,1.2,2014-09-15,0039,Terra,MODIS,48,6.2,303,21.7,D,0
-13.1384,141.8223,322.4,1.4,1.2,2014-09-15,0039,Terra,MODIS,30,6.2,304.4,17.8,D,0
-15.04,142.0419,329.8,1.3,1.1,2014-09-15,0039,Terra,MODIS,72,6.2,308.8,19.8,D,0
-14.7296,144.8966,333.7,1,1,2014-09-15,0039,Terra,MODIS,76,6.2,306.9,20.4,D,0
-14.731,144.9059,333.7,1,1,2014-09-15,0039,Terra,MODIS,79,6.2,307,20.6,D,0
-14.74,144.9045,327,1,1,2014-09-15,0039,Terra,MODIS,69,6.2,308.9,11.5,D,0
-13.1029,141.7671,343.3,1.4,1.2,2014-09-15,0039,Terra,MODIS,91,6.2,303.7,67.5,D,0
-13.1062,141.7599,341.1,1.4,1.2,2014-09-15,0039,Terra,MODIS,89,6.2,303.8,60.6,D,0
-13.1085,141.7731,341.7,1.4,1.2,2014-09-15,0039,Terra,MODIS,90,6.2,304.3,61.8,D,0
-13.4554,141.87,325.8,1.4,1.2,2014-09-15,0039,Terra,MODIS,59,6.2,304.8,21.5,D,0
-13.4597,141.8295,325.2,1.4,1.2,2014-09-15,0039,Terra,MODIS,65,6.2,303.4,18.5,D,0
-13.4618,141.8424,328.8,1.4,1.2,2014-09-15,0039,Terra,MODIS,73,6.2,305.1,25.6,D,0
-13.3919,141.7471,322.2,1.4,1.2,2014-09-15,0039,Terra,MODIS,0,6.2,305.8,15.7,D,0
-14.3316,141.9628,327.8,1.3,1.1,2014-09-15,0039,Terra,MODIS,64,6.2,304.5,20.4,D,0
-14.3423,141.9803,323,1.3,1.1,2014-09-15,0039,Terra,MODIS,45,6.2,304,14.6,D,0
-14.33,141.9697,326,1.3,1.1,2014-09-15,0039,Terra,MODIS,42,6.2,304.5,17.5,D,0
-14.3402,141.968,320.2,1.3,1.1,2014-09-15,0039,Terra,MODIS,40,6.2,302.9,11.3,D,0
-14.1748,143.2215,330.2,1.1,1.1,2014-09-15,0039,Terra,MODIS,65,6.2,303.9,23,D,0
-14.1843,143.2199,320.6,1.1,1.1,2014-09-15,0039,Terra,MODIS,33,6.2,302.4,9.7,D,0
-13.6431,141.9568,319.3,1.4,1.2,2014-09-15,0039,Terra,MODIS,43,6.2,304.1,9.5,D,0
-12.5599,141.8959,328.3,1.4,1.2,2014-09-15,0039,Terra,MODIS,68,6.2,304,29.6,D,0
-13.1405,141.8353,320,1.4,1.2,2014-09-15,0039,Terra,MODIS,18,6.2,303.3,14.4,D,0
-13.1468,141.8073,327.3,1.4,1.2,2014-09-15,0039,Terra,MODIS,32,6.2,301.8,24.7,D,0
-15.4523,144.9246,343.1,1,1,2014-09-15,0039,Terra,MODIS,90,6.2,305.3,39.3,D,0
-15.4917,144.8804,316.1,1,1,2014-09-15,0039,Terra,MODIS,28,6.2,301.4,5,D,0
-15.4627,144.9325,334.5,1,1,2014-09-15,0039,Terra,MODIS,84,6.2,303.1,23.9,D,0
-15.4537,144.9339,326.1,1,1,2014-09-15,0039,Terra,MODIS,50,6.2,307.5,14,D,0
-12.3091,142.3245,340.9,1.4,1.2,2014-09-15,0039,Terra,MODIS,89,6.2,300.6,52.7,D,0
-12.2987,142.3262,353.5,1.4,1.2,2014-09-15,0039,Terra,MODIS,96,6.2,304.4,92.1,D,0
-12.5524,142.3798,324.1,1.3,1.1,2014-09-15,0039,Terra,MODIS,24,6.2,307.7,11.9,D,0
-13.1167,142.8242,323.5,1.2,1.1,2014-09-15,0039,Terra,MODIS,60,6.2,305.8,11.9,D,0
-12.3087,142.388,322.8,1.4,1.2,2014-09-15,0039,Terra,MODIS,49,6.2,305.4,9.8,D,0
-14.8715,144.9826,328.8,1,1,2014-09-15,0039,Terra,MODIS,78,6.2,304,17.4,D,0
-15.2086,145.1424,320,1,1,2014-09-15,0039,Terra,MODIS,43,6.2,298.6,11.4,D,0
-15.321,144.7861,327.7,1,1,2014-09-15,0039,Terra,MODIS,69,6.2,305.3,12.5,D,0
-12.3067,142.3757,322.9,1.4,1.2,2014-09-15,0039,Terra,MODIS,38,6.2,305.9,11,D,0
-15.4634,144.9988,328.9,1,1,2014-09-15,0039,Terra,MODIS,16,6.2,305.6,16,D,0
-15.1374,143.6379,326.1,1.1,1,2014-09-15,0039,Terra,MODIS,58,6.2,305.2,13,D,0
-15.1513,143.6663,325.2,1.1,1,2014-09-15,0039,Terra,MODIS,47,6.2,305.8,12.9,D,0
-15.301,145.2701,316.8,1,1,2014-09-15,0039,Terra,MODIS,49,6.2,300.3,7,D,0
-15.0738,143.6582,336.1,1.1,1,2014-09-15,0039,Terra,MODIS,84,6.2,303.5,29.5,D,0
-12.2749,142.4883,323.3,1.3,1.1,2014-09-15,0039,Terra,MODIS,56,6.2,305,10,D,0
-15.0925,143.6553,326.2,1.1,1,2014-09-15,0039,Terra,MODIS,72,6.2,305.6,12.1,D,0
-11.7563,142.1926,320.1,1.4,1.2,2014-09-15,0039,Terra,MODIS,60,6.2,302.8,13.4,D,0
-15.2238,145.1212,335.3,1,1,2014-09-15,0039,Terra,MODIS,85,6.2,301.1,28.4,D,0
-14.5262,141.6521,321.1,1.4,1.2,2014-09-15,0039,Terra,MODIS,34,6.2,305.4,10.9,D,0
-14.301,141.9042,324.9,1.4,1.2,2014-09-15,0039,Terra,MODIS,67,6.2,303.6,18,D,0
-13.0378,142.9705,325.9,1.2,1.1,2014-09-15,0039,Terra,MODIS,74,6.2,303.4,17.8,D,0
-14.9013,145.1202,332.3,1,1,2014-09-15,0039,Terra,MODIS,78,6.2,303.5,19.8,D,0
-15.2996,145.2608,323.7,1,1,2014-09-15,0039,Terra,MODIS,71,6.2,300.3,13.8,D,0
-15.3196,144.7769,341.8,1,1,2014-09-15,0039,Terra,MODIS,90,6.2,306.7,33.9,D,0
-15.3182,144.7676,347.9,1,1,2014-09-15,0039,Terra,MODIS,93,6.2,305,46.5,D,0
-12.3104,142.4634,324.6,1.3,1.1,2014-09-15,0039,Terra,MODIS,53,6.2,305.5,13.9,D,0
-15.1157,143.6208,340.3,1.1,1,2014-09-15,0039,Terra,MODIS,83,6.2,306.4,36.6,D,0
-14.9474,144.9361,323.4,1,1,2014-09-15,0039,Terra,MODIS,64,6.2,301.1,12.3,D,0
-14.9502,144.9547,339.8,1,1,2014-09-15,0039,Terra,MODIS,87,6.2,300.8,33.3,D,0
-12.1517,142.4263,386.7,1.4,1.2,2014-09-15,0039,Terra,MODIS,100,6.2,310.2,265.6,D,0
-14.9516,144.964,334.4,1,1,2014-09-15,0039,Terra,MODIS,78,6.2,298.8,25.7,D,0
-14.886,145.1414,345.2,1,1,2014-09-15,0039,Terra,MODIS,92,6.2,304.8,43.6,D,0
-14.8625,144.984,326.3,1,1,2014-09-15,0039,Terra,MODIS,68,6.2,303.7,13.2,D,0
-12.3167,142.4374,325.9,1.3,1.1,2014-09-15,0039,Terra,MODIS,55,6.2,304.8,14.8,D,0
-14.8999,145.1109,325.2,1,1,2014-09-15,0039,Terra,MODIS,24,6.2,302.1,11.3,D,0
-15.1188,143.6409,329.9,1.1,1,2014-09-15,0039,Terra,MODIS,73,6.2,306.6,15.9,D,0
-13.0396,142.9816,318.8,1.2,1.1,2014-09-15,0039,Terra,MODIS,49,6.2,302.9,7.9,D,0
-14.299,141.8917,326.9,1.4,1.2,2014-09-15,0039,Terra,MODIS,75,6.2,303.8,22.8,D,0
-12.1762,142.4476,329.6,1.3,1.2,2014-09-15,0039,Terra,MODIS,38,6.2,304.4,20.2,D,0
-13.141,142.9129,323.7,1.2,1.1,2014-09-15,0039,Terra,MODIS,49,6.2,305.2,13,D,0
-15.125,143.6193,334.7,1.1,1,2014-09-15,0039,Terra,MODIS,67,6.2,307.3,26.5,D,0
-15.1235,143.6093,349.1,1.1,1,2014-09-15,0039,Terra,MODIS,94,6.2,304.6,55.8,D,0
-15.4592,144.971,337,1,1,2014-09-15,0039,Terra,MODIS,83,6.2,307.5,26.4,D,0
-11.7352,142.1961,332.4,1.4,1.2,2014-09-15,0039,Terra,MODIS,82,6.2,303.1,36.4,D,0
-15.0677,143.6797,330,1.1,1,2014-09-15,0039,Terra,MODIS,73,6.2,303.3,19.3,D,0
-15.1079,143.6323,335,1.1,1,2014-09-15,0039,Terra,MODIS,71,6.2,308.2,24.2,D,0
-12.7305,142.1462,333.8,1.4,1.2,2014-09-15,0039,Terra,MODIS,84,6.2,306.3,31.7,D,0
-15.0692,143.6896,322.6,1.1,1,2014-09-15,0039,Terra,MODIS,41,6.2,303.2,9.1,D,0
-14.9426,144.9654,334.6,1,1,2014-09-15,0039,Terra,MODIS,82,6.2,301.9,26.3,D,0
-15.3277,144.7695,332.3,1,1,2014-09-15,0039,Terra,MODIS,82,6.2,303,21.3,D,0
-12.3131,142.3494,339.2,1.4,1.2,2014-09-15,0039,Terra,MODIS,88,6.2,304.3,46.6,D,0
-15.0724,143.7094,323.9,1.1,1,2014-09-15,0039,Terra,MODIS,67,6.2,303.5,10.5,D,0
-12.3816,142.2032,316.2,1.4,1.2,2014-09-15,0039,Terra,MODIS,52,6.2,303.2,8.7,D,0
-12.1536,142.4386,340.8,1.4,1.2,2014-09-15,0039,Terra,MODIS,88,6.2,306.7,48,D,0
-15.0909,143.6453,328,1.1,1,2014-09-15,0039,Terra,MODIS,60,6.2,306,14.7,D,0
-15.0754,143.6682,331.7,1.1,1,2014-09-15,0039,Terra,MODIS,76,6.2,304.6,21.6,D,0
-14.9102,145.1188,321.4,1,1,2014-09-15,0039,Terra,MODIS,18,6.2,303.5,8.9,D,0
-15.1002,143.6438,344.2,1.1,1,2014-09-15,0039,Terra,MODIS,91,6.2,307.7,41.4,D,0
-13.1203,142.8468,325,1.2,1.1,2014-09-15,0039,Terra,MODIS,50,6.2,305.3,13.5,D,0
-12.3151,142.3617,327.1,1.4,1.2,2014-09-15,0039,Terra,MODIS,55,6.2,304.9,19.5,D,0
-14.2534,141.9377,319.5,1.4,1.2,2014-09-15,0039,Terra,MODIS,51,6.2,305.5,10,D,0
-15.3224,144.7955,333.9,1,1,2014-09-15,0039,Terra,MODIS,83,6.2,307,20.7,D,0
-15.0986,143.6338,362.6,1.1,1,2014-09-15,0039,Terra,MODIS,100,6.2,307.8,89.8,D,0
-13.1185,142.8356,336.4,1.2,1.1,2014-09-15,0039,Terra,MODIS,85,6.2,305,34.7,D,0
-14.8702,144.9734,319.9,1,1,2014-09-15,0039,Terra,MODIS,40,6.2,304.7,7.8,D,0
-15.453,144.9909,337,1,1,2014-09-15,0039,Terra,MODIS,75,6.2,305.5,26.7,D,0
-14.9232,144.9589,328.1,1,1,2014-09-15,0039,Terra,MODIS,42,6.2,300.7,15.7,D,0
-12.3111,142.337,370.2,1.4,1.2,2014-09-15,0039,Terra,MODIS,100,6.2,303.3,166,D,0
-12.1497,142.414,365.1,1.4,1.2,2014-09-15,0039,Terra,MODIS,100,6.2,305.5,139.2,D,0
-14.297,141.8792,349.3,1.4,1.2,2014-09-15,0039,Terra,MODIS,94,6.2,303.9,79.8,D,0
-12.2898,142.4668,326.6,1.3,1.1,2014-09-15,0039,Terra,MODIS,27,6.2,306.4,14.4,D,0
-15.0708,143.6995,322.3,1.1,1,2014-09-15,0039,Terra,MODIS,57,6.2,303.3,8.8,D,0
-12.3147,142.425,330.2,1.3,1.1,2014-09-15,0039,Terra,MODIS,80,6.2,306.3,23.4,D,0
-12.2935,142.4726,327.4,1.3,1.1,2014-09-15,0039,Terra,MODIS,73,6.2,305.7,15.9,D,0
-14.9571,145.124,320.4,1,1,2014-09-15,0039,Terra,MODIS,28,6.2,304.5,9.1,D,0
-13.1221,142.8581,330,1.2,1.1,2014-09-15,0039,Terra,MODIS,79,6.2,306.1,21.7,D,0
-14.9246,144.9681,340,1,1,2014-09-15,0039,Terra,MODIS,88,6.2,302.7,33.6,D,0
-12.1413,142.428,327.8,1.4,1.2,2014-09-15,0039,Terra,MODIS,77,6.2,306,22.3,D,0
-12.3007,142.3387,370.4,1.4,1.2,2014-09-15,0039,Terra,MODIS,100,6.2,307.4,166.8,D,0
-14.5241,141.6393,324.9,1.4,1.2,2014-09-15,0039,Terra,MODIS,65,6.2,308.2,16.8,D,0
-11.7331,142.1832,325,1.4,1.2,2014-09-15,0039,Terra,MODIS,74,6.2,301.4,22.1,D,0
-12.7221,142.1606,327.7,1.4,1.2,2014-09-15,0039,Terra,MODIS,31,6.2,305.1,19.1,D,0
-15.5933,145.0675,340.4,1,1,2014-09-15,0040,Terra,MODIS,89,6.2,304.6,33.8,D,0
-16.0208,145.1566,318,1,1,2014-09-15,0040,Terra,MODIS,60,6.2,296.7,10.3,D,0
-15.6293,145.062,334.6,1,1,2014-09-15,0040,Terra,MODIS,84,6.2,305.1,25.2,D,0
-16.5695,142.2504,326.4,1.2,1.1,2014-09-15,0040,Terra,MODIS,46,6.2,310.4,11.4,D,0
-16.5615,142.2633,325,1.2,1.1,2014-09-15,0040,Terra,MODIS,34,6.2,308.2,9.7,D,0
-16.5677,142.2392,337.3,1.2,1.1,2014-09-15,0040,Terra,MODIS,84,6.2,310.9,31.9,D,0
-16.3006,135.4151,321.4,3.7,1.8,2014-09-15,0040,Terra,MODIS,65,6.2,306.3,59.2,D,0
-14.9771,134.681,315.5,4.5,1.9,2014-09-15,0040,Terra,MODIS,64,6.2,299.5,53,D,0
-15.9959,145.113,332.8,1,1,2014-09-15,0040,Terra,MODIS,60,6.2,300.7,24.7,D,0
-15.6279,145.0527,320.1,1,1,2014-09-15,0040,Terra,MODIS,56,6.2,302.9,8.3,D,0
-14.9853,134.7225,315.1,4.4,1.9,2014-09-15,0040,Terra,MODIS,50,6.2,300.3,46,D,0
-16.5659,142.228,352.5,1.2,1.1,2014-09-15,0040,Terra,MODIS,95,6.2,308.9,70.5,D,0
-14.9773,134.6888,318.2,4.5,1.9,2014-09-15,0040,Terra,MODIS,69,6.2,299.6,73,D,0
-15.6395,145.193,329.3,1,1,2014-09-15,0040,Terra,MODIS,67,6.2,304.2,16.4,D,0
-15.9973,145.1223,324.8,1,1,2014-09-15,0040,Terra,MODIS,39,6.2,296.3,15.6,D,0
-16.5712,142.2616,331.1,1.2,1.1,2014-09-15,0040,Terra,MODIS,77,6.2,310,19.1,D,0
-16.0221,145.1659,319.9,1,1,2014-09-15,0040,Terra,MODIS,68,6.2,297.1,12.2,D,0
-15.7942,136.2015,323.5,3.3,1.7,2014-09-15,0040,Terra,MODIS,45,6.2,307.6,52.7,D,0
-15.6009,145.0569,323.1,1,1,2014-09-15,0040,Terra,MODIS,63,6.2,302.2,11.1,D,0
-15.592,145.0582,337.5,1,1,2014-09-15,0040,Terra,MODIS,87,6.2,301.1,29.5,D,0
-15.9946,145.1037,333,1,1,2014-09-15,0040,Terra,MODIS,54,6.2,301.2,24.7,D,0
-15.6023,145.0661,330.5,1,1,2014-09-15,0040,Terra,MODIS,80,6.2,305.4,18.7,D,0
-16.5641,142.2168,327,1.2,1.1,2014-09-15,0040,Terra,MODIS,70,6.2,306.4,15.7,D,0
-15.7837,136.2109,321.5,3.3,1.7,2014-09-15,0040,Terra,MODIS,48,6.2,305.1,46.6,D,0
-15.6485,145.1916,332.1,1,1,2014-09-15,0040,Terra,MODIS,82,6.2,303.8,20.7,D,0
-17.1244,138.3514,327.1,2.2,1.4,2014-09-15,0040,Terra,MODIS,70,6.2,304.7,41.4,D,0
-17.2263,138.4071,320.8,2.1,1.4,2014-09-15,0040,Terra,MODIS,61,6.2,303.2,26.3,D,0
-17.2224,135.0838,322,3.8,1.8,2014-09-15,0040,Terra,MODIS,50,6.2,310.1,36.4,D,0
-17.2284,135.0751,323.1,3.8,1.8,2014-09-15,0040,Terra,MODIS,60,6.2,310.9,43.2,D,0
-18.9753,146.3422,316.3,1.1,1,2014-09-15,0040,Terra,MODIS,55,6.2,301.3,7.9,D,0
-17.1231,138.3446,323.9,2.2,1.4,2014-09-15,0040,Terra,MODIS,52,6.2,303.8,30.8,D,0
-17.1776,138.3548,329.8,2.1,1.4,2014-09-15,0040,Terra,MODIS,78,6.2,304.4,54.1,D,0
-15.6285,145.1189,323.4,1,1,2014-09-15,0040,Terra,MODIS,71,6.2,302.4,10.5,D,0
-15.6154,145.0925,331.6,1,1,2014-09-15,0040,Terra,MODIS,81,6.2,304.7,18.9,D,0
-15.6064,145.0939,334.1,1,1,2014-09-15,0040,Terra,MODIS,84,6.2,304.4,23.3,D,0
-15.6615,145.1547,324.9,1,1,2014-09-15,0040,Terra,MODIS,65,6.2,302.8,12.5,D,0
-15.6602,145.1455,325.5,1,1,2014-09-15,0040,Terra,MODIS,70,6.2,303.7,12.8,D,0
-15.6168,145.1018,332.1,1,1,2014-09-15,0040,Terra,MODIS,82,6.2,305.5,19.7,D,0
-15.6037,145.0754,330,1,1,2014-09-15,0040,Terra,MODIS,78,6.2,304.5,17.7,D,0
-15.6051,145.0846,322.4,1,1,2014-09-15,0040,Terra,MODIS,42,6.2,304.3,9.4,D,0
-23.3964,147.7418,349.7,1.4,1.2,2014-09-15,0042,Terra,MODIS,95,6.2,303.7,91,D,0
-23.3981,147.7558,359.4,1.4,1.2,2014-09-15,0042,Terra,MODIS,99,6.2,305.2,130.6,D,0
-23.4071,147.7404,327.6,1.4,1.2,2014-09-15,0042,Terra,MODIS,79,6.2,301,30.9,D,0
-23.4088,147.7543,345.6,1.4,1.2,2014-09-15,0042,Terra,MODIS,93,6.2,301.4,77.7,D,0
-24.1548,144.4181,336.3,1,1,2014-09-15,0042,Terra,MODIS,83,6.2,309.6,23.7,D,0
-24.1562,144.4282,370.3,1,1,2014-09-15,0042,Terra,MODIS,100,6.2,312.5,106.9,D,0
-24.1576,144.4383,328.6,1,1,2014-09-15,0042,Terra,MODIS,18,6.2,311,11.6,D,0
-24.159,144.4484,349.4,1,1,2014-09-15,0042,Terra,MODIS,94,6.2,312.3,47.2,D,0
-24.1605,144.4586,340.9,1,1,2014-09-15,0042,Terra,MODIS,87,6.2,311.6,30.7,D,0
-24.1653,144.4268,331.7,1,1,2014-09-15,0042,Terra,MODIS,64,6.2,309.9,16,D,0
-24.1668,144.4369,332.9,1,1,2014-09-15,0042,Terra,MODIS,50,6.2,310.2,16.8,D,0
-24.1682,144.447,369.1,1,1,2014-09-15,0042,Terra,MODIS,100,6.2,311.7,101.8,D,0
-24.1696,144.4571,327,1,1,2014-09-15,0042,Terra,MODIS,53,6.2,310.2,10.8,D,0
-24.1745,144.4253,324.9,1,1,2014-09-15,0042,Terra,MODIS,44,6.2,308,8.2,D,0
-24.1759,144.4354,347.4,1,1,2014-09-15,0042,Terra,MODIS,92,6.2,308.8,43.6,D,0
-23.533,146.7079,315.8,1.3,1.1,2014-09-15,0042,Terra,MODIS,50,6.2,302.5,7.8,D,0
-26.4806,150.0894,315.4,2.3,1.5,2014-09-15,0042,Terra,MODIS,58,6.2,300.4,24.1,D,0
-26.5297,150.0773,325.2,2.3,1.5,2014-09-15,0042,Terra,MODIS,77,6.2,298.9,57.9,D,0
-26.5429,150.0754,313.1,2.3,1.5,2014-09-15,0042,Terra,MODIS,46,6.2,296.5,19.6,D,0
-23.6973,150.327,311.7,2.2,1.4,2014-09-15,0042,Terra,MODIS,31,6.2,298.6,16.3,D,0
-28.5696,148.9734,322.5,2,1.4,2014-09-15,0043,Terra,MODIS,71,6.2,310.1,21.9,D,0
-28.5705,148.9668,321.2,2,1.4,2014-09-15,0043,Terra,MODIS,69,6.2,310.1,18.5,D,0
-29.3921,148.2646,318.4,1.9,1.3,2014-09-15,0043,Terra,MODIS,40,6.2,307.7,9.8,D,0
-31.9287,147.3406,315.9,1.7,1.3,2014-09-15,0044,Terra,MODIS,72,6.2,298.6,21.2,D,0
-31.9334,147.3154,322.6,1.7,1.3,2014-09-15,0044,Terra,MODIS,76,6.2,297.7,34.5,D,0
-33.0255,149.811,309.3,2.6,1.6,2014-09-15,0044,Terra,MODIS,66,6.2,290.4,36.4,D,0
-32.9114,146.6419,311.8,1.6,1.3,2014-09-15,0044,Terra,MODIS,69,6.2,293.6,14.5,D,0
-31.9268,147.322,335.7,1.7,1.3,2014-09-15,0044,Terra,MODIS,88,6.2,299.7,73.4,D,0
-31.9352,147.334,312,1.7,1.3,2014-09-15,0044,Terra,MODIS,41,6.2,298.4,12.4,D,0
-41.0414,146.9155,302.3,2.1,1.4,2014-09-15,0046,Terra,MODIS,38,6.2,282.6,17.5,D,0
-11.2621,132.3257,314.7,4.8,2,2014-09-15,0217,Terra,MODIS,0,6.2,291.8,64,D,0
-12.5911,131.6649,322.1,4.4,1.9,2014-09-15,0217,Terra,MODIS,51,6.2,295.5,88,D,0
-12.5922,131.6593,321.9,4.4,1.9,2014-09-15,0217,Terra,MODIS,75,6.2,295.3,97.3,D,0
-12.6097,131.6574,315.6,4.4,1.9,2014-09-15,0217,Terra,MODIS,18,6.2,293.8,47.6,D,0
-13.119,130.1729,316.3,3.5,1.8,2014-09-15,0217,Terra,MODIS,32,6.2,296.6,51.1,D,0
-14.7964,126.5688,337.2,1.9,1.4,2014-09-15,0218,Terra,MODIS,84,6.2,311.2,58.7,D,0
-14.7761,126.6076,328.4,1.9,1.4,2014-09-15,0218,Terra,MODIS,70,6.2,312.6,24.3,D,0
-14.793,126.5757,344.1,1.9,1.4,2014-09-15,0218,Terra,MODIS,90,6.2,312.2,87.2,D,0
-14.7409,126.4552,347.4,1.9,1.3,2014-09-15,0218,Terra,MODIS,92,6.2,312.7,103.1,D,0
-14.7985,126.5868,331.1,1.9,1.4,2014-09-15,0218,Terra,MODIS,77,6.2,313.1,34.8,D,0
-14.7387,126.4376,338.1,1.9,1.3,2014-09-15,0218,Terra,MODIS,75,6.2,309.6,60.7,D,0
-14.8057,126.4416,328.4,1.9,1.3,2014-09-15,0218,Terra,MODIS,62,6.2,310.8,29.2,D,0
-14.7453,126.4908,343.5,1.9,1.3,2014-09-15,0218,Terra,MODIS,90,6.2,311.5,86.9,D,0
-14.6964,126.3914,345.7,1.9,1.3,2014-09-15,0218,Terra,MODIS,91,6.2,313.2,97.3,D,0
-14.6985,126.4087,340.8,1.9,1.3,2014-09-15,0218,Terra,MODIS,87,6.2,315.6,74.7,D,0
-14.7084,126.3897,325.4,1.9,1.3,2014-09-15,0218,Terra,MODIS,57,6.2,308.9,25.7,D,0
-14.7366,126.4206,337.3,1.9,1.3,2014-09-15,0218,Terra,MODIS,75,6.2,310.1,59.2,D,0
-15.97,127.5179,345.9,2.4,1.5,2014-09-15,0218,Terra,MODIS,66,6.2,309.2,116.4,D,0
-15.9785,127.4717,336.1,2.4,1.5,2014-09-15,0218,Terra,MODIS,20,6.2,308.3,69.6,D,0
-15.9662,128.1928,346,2.7,1.6,2014-09-15,0218,Terra,MODIS,91,6.2,316.2,141.9,D,0
-15.6823,129.0674,344.8,3.1,1.7,2014-09-15,0218,Terra,MODIS,90,6.2,308.3,196.2,D,0
-15.9622,128.1986,348.4,2.7,1.6,2014-09-15,0218,Terra,MODIS,93,6.2,315.3,165.2,D,0
-15.9747,128.1397,338.1,2.7,1.6,2014-09-15,0218,Terra,MODIS,79,6.2,308.6,108.8,D,0
-15.9855,127.6138,334.1,2.4,1.5,2014-09-15,0218,Terra,MODIS,75,6.2,315.7,57.1,D,0
-15.9798,127.6081,340.1,2.4,1.5,2014-09-15,0218,Terra,MODIS,81,6.2,315.9,82.1,D,0
-15.9885,127.5229,344.2,2.4,1.5,2014-09-15,0218,Terra,MODIS,44,6.2,316.9,99,D,0
-15.6988,129.0893,338.7,3.1,1.7,2014-09-15,0218,Terra,MODIS,86,6.2,312.7,141.7,D,0
-15.6958,129.0605,328.6,3.1,1.7,2014-09-15,0218,Terra,MODIS,71,6.2,308.9,71.8,D,0
-15.6837,129.0909,331.9,3.1,1.7,2014-09-15,0218,Terra,MODIS,25,6.2,310.3,81,D,0
-15.9831,127.478,358.5,2.4,1.5,2014-09-15,0218,Terra,MODIS,99,6.2,312.3,226.1,D,0
-15.7006,129.0945,330.8,3.1,1.7,2014-09-15,0218,Terra,MODIS,61,6.2,312.3,82.5,D,0
-15.975,127.524,371.4,2.4,1.5,2014-09-15,0218,Terra,MODIS,100,6.2,314.3,366,D,0
-15.6974,129.0658,325.5,3.1,1.7,2014-09-15,0218,Terra,MODIS,55,6.2,309.7,53.4,D,0
-15.6855,129.096,333.9,3.1,1.7,2014-09-15,0218,Terra,MODIS,39,6.2,311.4,97.2,D,0
-15.9802,127.5684,354.3,2.4,1.5,2014-09-15,0218,Terra,MODIS,97,6.2,317.1,185.4,D,0
-15.981,127.4946,362.5,2.4,1.5,2014-09-15,0218,Terra,MODIS,100,6.2,315.4,261,D,0
-15.9724,127.5396,393.9,2.4,1.5,2014-09-15,0218,Terra,MODIS,100,6.2,322.9,698.5,D,0
-15.9859,127.5382,354.4,2.4,1.5,2014-09-15,0218,Terra,MODIS,92,6.2,317,171.6,D,0
-15.9829,127.5915,356.7,2.4,1.5,2014-09-15,0218,Terra,MODIS,98,6.2,318.9,212.3,D,0
-15.9705,128.146,364.5,2.7,1.6,2014-09-15,0218,Terra,MODIS,100,6.2,311.8,345.9,D,0
-15.9635,128.1676,340.5,2.7,1.6,2014-09-15,0218,Terra,MODIS,61,6.2,315.3,109.8,D,0
-15.9992,127.4986,350.6,2.4,1.5,2014-09-15,0218,Terra,MODIS,77,6.2,314.3,151.1,D,0
-15.9835,127.5168,343.4,2.4,1.5,2014-09-15,0218,Terra,MODIS,48,6.2,315.1,96.7,D,0
-15.9845,128.1434,334.2,2.7,1.6,2014-09-15,0218,Terra,MODIS,57,6.2,307.7,82.2,D,0
-15.9915,128.1624,336,2.7,1.6,2014-09-15,0218,Terra,MODIS,65,6.2,310.9,90.3,D,0
-15.9641,127.5473,352.7,2.4,1.5,2014-09-15,0218,Terra,MODIS,96,6.2,312.5,188.1,D,0
-15.9775,127.5458,389.2,2.4,1.5,2014-09-15,0218,Terra,MODIS,100,6.2,322.2,625.1,D,0
-15.9874,128.169,340.5,2.7,1.6,2014-09-15,0218,Terra,MODIS,64,6.2,312.9,112.8,D,0
-15.9749,127.5622,359.7,2.4,1.5,2014-09-15,0218,Terra,MODIS,99,6.2,317.2,219.4,D,0
-15.9775,128.1652,342.3,2.7,1.6,2014-09-15,0218,Terra,MODIS,73,6.2,313.8,127.1,D,0
-15.9774,127.5852,357.4,2.4,1.5,2014-09-15,0218,Terra,MODIS,98,6.2,317.5,208.7,D,0
-16.0176,127.5789,332.7,2.4,1.5,2014-09-15,0218,Terra,MODIS,35,6.2,315.3,48.5,D,0
-16.0311,127.5772,353.6,2.4,1.5,2014-09-15,0218,Terra,MODIS,96,6.2,313.8,188.8,D,0
-15.9565,128.1486,338.2,2.7,1.6,2014-09-15,0218,Terra,MODIS,83,6.2,313.1,108.6,D,0
-15.9944,127.4927,348,2.4,1.5,2014-09-15,0218,Terra,MODIS,93,6.2,315.8,145.2,D,0
-15.9607,128.1421,353,2.7,1.6,2014-09-15,0218,Terra,MODIS,96,6.2,311.8,223.7,D,0
-15.9859,127.5009,358.5,2.4,1.5,2014-09-15,0218,Terra,MODIS,91,6.2,317.6,221.8,D,0
-18.8082,128.746,327,3.2,1.7,2014-09-15,0219,Terra,MODIS,47,6.2,313.4,52.3,D,0
-16.6655,124.1663,327.1,1.4,1.2,2014-09-15,0219,Terra,MODIS,60,6.2,314.1,11.6,D,0
-16.6672,124.1793,326.6,1.4,1.2,2014-09-15,0219,Terra,MODIS,49,6.2,312.7,12.7,D,0
-18.7205,130.0081,331.1,4,1.9,2014-09-15,0219,Terra,MODIS,69,6.2,313.6,110.9,D,0
-18.7373,130.0061,326.5,4,1.9,2014-09-15,0219,Terra,MODIS,49,6.2,311.3,72.1,D,0
-18.2078,122.8971,374.5,1.2,1.1,2014-09-15,0219,Terra,MODIS,100,6.2,315.6,149.3,D,0
-18.198,122.8985,340.4,1.2,1.1,2014-09-15,0219,Terra,MODIS,67,6.2,320.2,29.9,D,0
-18.1965,122.8871,337.3,1.2,1.1,2014-09-15,0219,Terra,MODIS,53,6.2,320.7,22.9,D,0
-18.0074,122.9966,340.9,1.2,1.1,2014-09-15,0219,Terra,MODIS,84,6.2,318.7,30.3,D,0
-18.0158,122.9836,340.8,1.2,1.1,2014-09-15,0219,Terra,MODIS,84,6.2,316.7,31.9,D,0
-18.0409,123.0982,331.8,1.2,1.1,2014-09-15,0219,Terra,MODIS,47,6.2,317.4,15.9,D,0
-18.0173,122.9951,343.2,1.2,1.1,2014-09-15,0219,Terra,MODIS,87,6.2,316.8,36.7,D,0
-18.778,128.7252,326.2,3.2,1.7,2014-09-15,0219,Terra,MODIS,29,6.2,315.3,49.8,D,0
-18.0257,122.9822,341.2,1.2,1.1,2014-09-15,0219,Terra,MODIS,85,6.2,316.4,33.3,D,0
-18.1439,123.0302,336.5,1.2,1.1,2014-09-15,0219,Terra,MODIS,40,6.2,317.3,23,D,0
-18.2428,122.7705,337.8,1.2,1.1,2014-09-15,0219,Terra,MODIS,71,6.2,315.6,26.9,D,0
-18.7011,127.3017,332.1,2.5,1.5,2014-09-15,0219,Terra,MODIS,61,6.2,315.1,52.7,D,0
-18.7075,127.2941,340.1,2.5,1.5,2014-09-15,0219,Terra,MODIS,85,6.2,315,104.9,D,0
-17.5632,130.1251,322.4,3.9,1.8,2014-09-15,0219,Terra,MODIS,57,6.2,309,75.4,D,0
-17.5224,125.8402,356.9,1.9,1.3,2014-09-15,0219,Terra,MODIS,98,6.2,313.7,156.5,D,0
-17.5205,125.8234,388.3,1.9,1.3,2014-09-15,0219,Terra,MODIS,100,6.2,316.3,432.5,D,0
-17.5123,125.8592,330,1.9,1.3,2014-09-15,0219,Terra,MODIS,34,6.2,309.6,34.1,D,0
-17.5104,125.8417,363.8,1.9,1.3,2014-09-15,0219,Terra,MODIS,100,6.2,314.7,199.8,D,0
-17.5085,125.8251,361.1,1.9,1.3,2014-09-15,0219,Terra,MODIS,100,6.2,314.3,178.7,D,0
-17.5274,125.8283,346,1.9,1.3,2014-09-15,0219,Terra,MODIS,91,6.2,311.1,96.1,D,0
-17.5174,125.8466,357.3,1.9,1.3,2014-09-15,0219,Terra,MODIS,98,6.2,313.4,156.5,D,0
-17.5154,125.8297,410.2,1.9,1.3,2014-09-15,0219,Terra,MODIS,100,6.2,321.6,752.1,D,0
-17.5054,125.848,348.2,1.9,1.3,2014-09-15,0219,Terra,MODIS,92,6.2,311.9,104.2,D,0
-17.4552,125.8363,333.6,1.9,1.3,2014-09-15,0219,Terra,MODIS,52,6.2,312.9,40.7,D,0
-20.0824,128.2263,328.5,3.1,1.7,2014-09-15,0219,Terra,MODIS,51,6.2,313,57.6,D,0
-20.1186,128.1341,333.3,3,1.7,2014-09-15,0219,Terra,MODIS,77,6.2,313.3,86.6,D,0
-20.118,128.1288,331.8,3,1.7,2014-09-15,0219,Terra,MODIS,69,6.2,314,76.4,D,0
-20.1207,128.1577,326.4,3,1.7,2014-09-15,0219,Terra,MODIS,37,6.2,312.3,46.1,D,0
-17.4199,125.7942,335.6,1.8,1.3,2014-09-15,0219,Terra,MODIS,54,6.2,310.5,47.2,D,0
-17.422,125.8111,342.2,1.9,1.3,2014-09-15,0219,Terra,MODIS,77,6.2,311.7,73.5,D,0
-17.4341,125.8103,333.1,1.9,1.3,2014-09-15,0219,Terra,MODIS,56,6.2,314.4,40.9,D,0
-17.4271,125.8043,353.9,1.9,1.3,2014-09-15,0219,Terra,MODIS,96,6.2,314.4,135.9,D,0
-17.4391,125.8031,332.1,1.9,1.3,2014-09-15,0219,Terra,MODIS,70,6.2,313.6,38.1,D,0
-17.5224,125.7346,328.9,1.8,1.3,2014-09-15,0219,Terra,MODIS,38,6.2,309.3,32.3,D,0
-17.5185,125.8062,334.4,1.9,1.3,2014-09-15,0219,Terra,MODIS,61,6.2,310.4,49,D,0
-17.5123,125.7525,328.5,1.8,1.3,2014-09-15,0219,Terra,MODIS,27,6.2,309.1,32.4,D,0
-17.5104,125.736,356.6,1.8,1.3,2014-09-15,0219,Terra,MODIS,98,6.2,313.3,151.8,D,0
-17.5024,125.7721,362.5,1.8,1.3,2014-09-15,0219,Terra,MODIS,100,6.2,312.8,182.7,D,0
-17.5004,125.7539,345.7,1.8,1.3,2014-09-15,0219,Terra,MODIS,55,6.2,311.9,86,D,0
-17.4984,125.737,345.5,1.8,1.3,2014-09-15,0219,Terra,MODIS,61,6.2,312.3,81.9,D,0
-17.5167,125.741,343.8,1.8,1.3,2014-09-15,0219,Terra,MODIS,47,6.2,312.1,78.7,D,0
-17.5133,125.8125,350.8,1.9,1.3,2014-09-15,0219,Terra,MODIS,94,6.2,312.3,115.7,D,0
-17.5112,125.7951,341,1.9,1.3,2014-09-15,0219,Terra,MODIS,69,6.2,312.2,68.7,D,0
-17.509,125.777,349,1.8,1.3,2014-09-15,0219,Terra,MODIS,93,6.2,309.5,106,D,0
-17.5068,125.7589,355.9,1.8,1.3,2014-09-15,0219,Terra,MODIS,97,6.2,310.1,143.4,D,0
-17.5047,125.7421,343.3,1.8,1.3,2014-09-15,0219,Terra,MODIS,83,6.2,311.7,74.6,D,0
-17.5026,125.725,388.4,1.8,1.3,2014-09-15,0219,Terra,MODIS,100,6.2,314.9,419.2,D,0
-17.4992,125.7966,339.8,1.9,1.3,2014-09-15,0219,Terra,MODIS,71,6.2,314.2,60.7,D,0
-17.497,125.7789,344.4,1.8,1.3,2014-09-15,0219,Terra,MODIS,90,6.2,313.9,80.4,D,0
-17.4949,125.761,345,1.8,1.3,2014-09-15,0219,Terra,MODIS,90,6.2,313.2,83.6,D,0
-17.4907,125.7262,331.5,1.8,1.3,2014-09-15,0219,Terra,MODIS,75,6.2,311.5,33.8,D,0
-17.4864,125.6912,337.2,1.8,1.3,2014-09-15,0219,Terra,MODIS,56,6.2,310.9,55.4,D,0
-17.4964,125.7196,350.2,1.8,1.3,2014-09-15,0219,Terra,MODIS,77,6.2,312.7,106.6,D,0
-17.5084,125.7184,365.1,1.8,1.3,2014-09-15,0219,Terra,MODIS,100,6.2,311.1,207.1,D,0
-20.0267,128.2681,327.4,3.1,1.7,2014-09-15,0219,Terra,MODIS,51,6.2,315.7,48.2,D,0
-17.5544,130.0954,319.8,3.9,1.8,2014-09-15,0219,Terra,MODIS,24,6.2,308,49.7,D,0
-18.7346,130.1617,325.2,4.1,1.9,2014-09-15,0219,Terra,MODIS,31,6.2,314.7,64.8,D,0
-18.6221,130.1003,335.1,4.1,1.9,2014-09-15,0219,Terra,MODIS,81,6.2,314.6,143.4,D,0
-18.6182,130.1075,330.3,4.1,1.9,2014-09-15,0219,Terra,MODIS,68,6.2,313.6,93.4,D,0
-21.0015,118.6754,327.6,1,1,2014-09-15,0220,Terra,MODIS,59,6.2,315,7.9,D,0
-21.003,118.6851,340.4,1,1,2014-09-15,0220,Terra,MODIS,84,6.2,316.5,26.5,D,0
-23.1888,129.0217,324,3.8,1.8,2014-09-15,0220,Terra,MODIS,58,6.2,310.7,57.6,D,0
-23.192,129.0593,335.1,3.8,1.8,2014-09-15,0220,Terra,MODIS,81,6.2,310.8,158.7,D,0
-23.1809,129.0534,324,3.8,1.8,2014-09-15,0220,Terra,MODIS,59,6.2,311.8,62,D,0
-23.1974,129.0518,335.8,3.8,1.8,2014-09-15,0220,Terra,MODIS,82,6.2,309.7,166.2,D,0
-21.652,116.5547,324.5,1.2,1.1,2014-09-15,0220,Terra,MODIS,31,6.2,312.4,9.7,D,0
-21.6538,116.5658,338,1.2,1.1,2014-09-15,0220,Terra,MODIS,82,6.2,313.5,31.9,D,0
-21.1364,118.2908,327.5,1,1,2014-09-15,0220,Terra,MODIS,60,6.2,315.3,7.8,D,0
-21.1455,118.2892,343.5,1,1,2014-09-15,0220,Terra,MODIS,88,6.2,315.9,32.9,D,0
-21.1961,116.9133,339.5,1.1,1.1,2014-09-15,0220,Terra,MODIS,84,6.2,314.7,29.1,D,0
-21.1831,116.8934,327.8,1.1,1.1,2014-09-15,0220,Terra,MODIS,47,6.2,313.1,9.6,D,0
-21.1926,116.8916,327.3,1.1,1.1,2014-09-15,0220,Terra,MODIS,56,6.2,312.5,9.8,D,0
-23.1826,128.7638,321.9,3.7,1.8,2014-09-15,0220,Terra,MODIS,41,6.2,310.6,41.4,D,0
-24.5823,128.7245,325.5,3.8,1.8,2014-09-15,0221,Terra,MODIS,57,6.2,309.5,77.2,D,0
-24.5494,128.7275,324.3,3.8,1.8,2014-09-15,0221,Terra,MODIS,54,6.2,308.2,66.9,D,0
-24.5884,128.7174,328.2,3.8,1.8,2014-09-15,0221,Terra,MODIS,72,6.2,308.5,101.9,D,0
-24.5913,128.7549,320.4,3.8,1.8,2014-09-15,0221,Terra,MODIS,24,6.2,307.6,45.9,D,0
-30.8701,121.4916,316.4,1.4,1.2,2014-09-15,0222,Terra,MODIS,67,6.2,301.3,12.3,D,2
-33.6514,115.7075,303.6,1,1,2014-09-15,0223,Terra,MODIS,56,6.2,291.8,4.9,D,0
-33.6915,121.6044,318.4,1.6,1.2,2014-09-15,0223,Terra,MODIS,59,6.2,286.7,29.6,D,0
-32.0998,115.8073,306.7,1,1,2014-09-15,0223,Terra,MODIS,36,6.2,292.2,2.7,D,0
-31.9074,115.8157,308.5,1,1,2014-09-15,0223,Terra,MODIS,30,6.2,293.6,3.7,D,0
-35.4574,150.3657,310.7,2.5,1.5,2014-09-15,0322,Aqua,MODIS,32,6.2,286.8,42.8,D,0
-34.4656,150.8761,307.9,2.3,1.5,2014-09-15,0322,Aqua,MODIS,0,6.2,293.9,14.7,D,2
-31.5993,151.1195,308.2,2.1,1.4,2014-09-15,0323,Aqua,MODIS,52,6.2,294.5,20,D,0
-26.5303,152.4266,317.5,1.4,1.2,2014-09-15,0324,Aqua,MODIS,64,6.2,297.3,21.4,D,0
-24.7912,152.0092,319.3,1.5,1.2,2014-09-15,0325,Aqua,MODIS,69,6.2,297.4,23.1,D,0
-24.9728,148.4789,332.4,2.6,1.5,2014-09-15,0325,Aqua,MODIS,64,6.2,295.9,100.5,D,0
-22.9294,150.5382,330.2,1.7,1.3,2014-09-15,0325,Aqua,MODIS,84,6.2,301.4,54.4,D,0
-22.9224,150.532,320.8,1.7,1.3,2014-09-15,0325,Aqua,MODIS,75,6.2,300.3,31.8,D,0
-24.4146,151.7257,314.6,1.5,1.2,2014-09-15,0325,Aqua,MODIS,43,6.2,296.6,16.1,D,0
-25.1075,151.8321,322.2,1.5,1.2,2014-09-15,0325,Aqua,MODIS,75,6.2,300,27.7,D,0
-20.1286,148.2136,316.1,2.3,1.5,2014-09-15,0326,Aqua,MODIS,37,6.2,295.7,27,D,0
-20.1309,148.1913,320.1,2.3,1.5,2014-09-15,0326,Aqua,MODIS,51,6.2,298.2,39.4,D,0
-15.2266,145.0874,313.8,3.4,1.7,2014-09-15,0327,Aqua,MODIS,59,6.2,291.2,47.9,D,0
-15.5914,145.053,325.3,3.5,1.8,2014-09-15,0327,Aqua,MODIS,68,6.2,296.1,91.1,D,0
-15.221,145.0939,317.4,3.4,1.7,2014-09-15,0327,Aqua,MODIS,48,6.2,293.5,61,D,0
-15.3384,144.7376,319.7,3.7,1.8,2014-09-15,0327,Aqua,MODIS,58,6.2,298.6,58.7,D,0
-16.0062,145.0976,319.3,3.5,1.8,2014-09-15,0327,Aqua,MODIS,71,6.2,294.9,81.6,D,0
-15.4624,144.967,321.8,3.6,1.8,2014-09-15,0327,Aqua,MODIS,53,6.2,296.8,76.3,D,0
-15.6009,145.0616,324,3.5,1.8,2014-09-15,0327,Aqua,MODIS,50,6.2,296.8,77.3,D,0
-15.3348,144.7716,334.6,3.7,1.8,2014-09-15,0327,Aqua,MODIS,86,6.2,299.6,176.6,D,0
-15.2232,145.1192,317,3.4,1.7,2014-09-15,0327,Aqua,MODIS,67,6.2,294,64.1,D,0
-15.3186,144.7705,323.2,3.7,1.8,2014-09-15,0327,Aqua,MODIS,76,6.2,299.8,85,D,0
-15.3222,144.7358,326.8,3.7,1.8,2014-09-15,0327,Aqua,MODIS,80,6.2,298.3,110.8,D,0
-15.4566,144.9276,320.4,3.6,1.8,2014-09-15,0327,Aqua,MODIS,24,6.2,296.4,65.5,D,0
-15.5027,144.9752,316.7,3.6,1.8,2014-09-15,0327,Aqua,MODIS,43,6.2,297.1,48.9,D,0
-15.6701,145.1673,317.5,3.4,1.7,2014-09-15,0327,Aqua,MODIS,39,6.2,298,51.5,D,0
-15.6636,145.1708,320,3.4,1.7,2014-09-15,0327,Aqua,MODIS,52,6.2,298.2,65.5,D,0
-15.159,143.6784,312.8,4.4,1.9,2014-09-15,0328,Aqua,MODIS,24,6.2,298.5,34.9,D,0
-13.1242,142.8515,315.2,4.8,2,2014-09-15,0328,Aqua,MODIS,25,6.2,297,54.7,D,0
-14.8812,145.0877,311.7,3.4,1.7,2014-09-15,0328,Aqua,MODIS,30,6.2,295.3,33.2,D,0
-14.8635,144.9565,316.7,3.5,1.8,2014-09-15,0328,Aqua,MODIS,59,6.2,296.9,47.1,D,0
-14.9354,145.1333,312.1,3.4,1.7,2014-09-15,0328,Aqua,MODIS,31,6.2,294.5,35.8,D,0
-15.0712,143.6643,326.5,4.4,1.9,2014-09-15,0328,Aqua,MODIS,75,6.2,298.9,142.6,D,0
-14.8601,144.9889,314.4,3.5,1.8,2014-09-15,0328,Aqua,MODIS,38,6.2,297.6,34.3,D,0
-14.8918,145.0963,314.9,3.4,1.7,2014-09-15,0328,Aqua,MODIS,59,6.2,295.6,49.1,D,0
-14.9556,144.9453,310.5,3.5,1.8,2014-09-15,0328,Aqua,MODIS,28,6.2,294.2,31.1,D,0
-15.1628,143.6328,317.5,4.4,1.9,2014-09-15,0328,Aqua,MODIS,45,6.2,299.6,64.4,D,0
-15.1632,143.6369,318.4,4.4,1.9,2014-09-15,0328,Aqua,MODIS,70,6.2,299.6,77.1,D,0
-15.0697,143.6561,324.3,4.4,1.9,2014-09-15,0328,Aqua,MODIS,69,6.2,298.7,122.9,D,0
-15.0804,143.7472,318.5,4.3,1.9,2014-09-15,0328,Aqua,MODIS,56,6.2,302,62.5,D,0
-14.1819,143.2184,317,4.6,2,2014-09-15,0328,Aqua,MODIS,67,6.2,299,79.5,D,0
-14.1822,143.211,317.4,4.6,2,2014-09-15,0328,Aqua,MODIS,68,6.2,298.8,83,D,0
-22.696,128.4357,331.4,1.2,1.1,2014-09-15,0504,Aqua,MODIS,58,6.2,320.8,11.3,D,0
-22.4258,128.165,336.2,1.2,1.1,2014-09-15,0504,Aqua,MODIS,73,6.2,319.4,20.1,D,0
-22.4273,128.1532,339,1.2,1.1,2014-09-15,0504,Aqua,MODIS,79,6.2,320.2,25.7,D,0
-23.6134,129.3672,334.2,1.1,1,2014-09-15,0504,Aqua,MODIS,47,6.2,316.2,17.7,D,0
-23.6148,129.3565,360,1.1,1,2014-09-15,0504,Aqua,MODIS,100,6.2,317.9,77.7,D,0
-23.6162,129.3457,332.8,1.1,1,2014-09-15,0504,Aqua,MODIS,44,6.2,316.1,14.9,D,0
-24.5843,128.7023,333,1.2,1.1,2014-09-15,0504,Aqua,MODIS,42,6.2,315,17.4,D,0
-24.573,128.7127,357.1,1.2,1.1,2014-09-15,0504,Aqua,MODIS,98,6.2,315.6,74.8,D,0
-24.5631,128.7112,344.4,1.2,1.1,2014-09-15,0504,Aqua,MODIS,88,6.2,315.3,40.5,D,0
-23.1851,129.0603,333.2,1.1,1.1,2014-09-15,0504,Aqua,MODIS,44,6.2,318.3,12.7,D,0
-23.1742,129.0697,342.9,1.1,1.1,2014-09-15,0504,Aqua,MODIS,85,6.2,318.8,31.7,D,0
-24.5882,128.7512,331.7,1.2,1.1,2014-09-15,0504,Aqua,MODIS,54,6.2,318.7,13.5,D,0
-24.5715,128.7245,344.6,1.2,1.1,2014-09-15,0504,Aqua,MODIS,88,6.2,316.5,37.1,D,0
-20.0776,134.3994,332.7,1.4,1.2,2014-09-15,0505,Aqua,MODIS,65,6.2,320.5,17.9,D,0
-20.0798,134.3865,331.2,1.4,1.2,2014-09-15,0505,Aqua,MODIS,55,6.2,319.5,15.9,D,0
-17.1838,138.397,331.6,3,1.6,2014-09-15,0505,Aqua,MODIS,58,6.2,299.3,93.8,D,0
-20.0656,127.4436,345.2,1.2,1.1,2014-09-15,0505,Aqua,MODIS,87,6.2,322.9,39.7,D,0
-20.0542,127.454,333.4,1.2,1.1,2014-09-15,0505,Aqua,MODIS,64,6.2,321.1,14.4,D,0
-16.9627,138.5133,332.5,3.1,1.7,2014-09-15,0505,Aqua,MODIS,78,6.2,300.9,104.8,D,0
-17.1986,138.3194,330.7,2.9,1.6,2014-09-15,0505,Aqua,MODIS,56,6.2,298.1,91.2,D,0
-17.1941,138.342,336.9,2.9,1.6,2014-09-15,0505,Aqua,MODIS,78,6.2,292.4,136.5,D,0
-17.1992,138.3147,326.8,2.9,1.6,2014-09-15,0505,Aqua,MODIS,56,6.2,298.4,72.6,D,0
-16.968,132.4588,356.1,1.2,1.1,2014-09-15,0505,Aqua,MODIS,97,6.2,318.8,68.6,D,0
-16.9697,132.4479,338.5,1.2,1.1,2014-09-15,0505,Aqua,MODIS,53,6.2,316.4,24.2,D,0
-16.9539,132.4229,334.3,1.2,1.1,2014-09-15,0505,Aqua,MODIS,44,6.2,315.5,16.9,D,0
-16.8,132.6096,335.7,1.2,1.1,2014-09-15,0505,Aqua,MODIS,75,6.2,316.3,21.2,D,0
-16.7885,132.619,341.9,1.2,1.1,2014-09-15,0505,Aqua,MODIS,62,6.2,316.5,32.5,D,0
-16.769,132.6156,331.6,1.2,1.1,2014-09-15,0505,Aqua,MODIS,21,6.2,316.9,11.7,D,0
-16.9217,132.5633,343.1,1.2,1.1,2014-09-15,0505,Aqua,MODIS,79,6.2,319.5,31.9,D,0
-16.7864,135.3894,328.1,1.8,1.3,2014-09-15,0505,Aqua,MODIS,42,6.2,313.3,20.9,D,0
-16.8821,135.2924,327.2,1.8,1.3,2014-09-15,0505,Aqua,MODIS,33,6.2,314.5,12,D,0
-16.9545,132.3564,345.5,1.2,1.1,2014-09-15,0505,Aqua,MODIS,89,6.2,315.8,42.6,D,0
-16.951,132.3614,337.5,1.2,1.1,2014-09-15,0505,Aqua,MODIS,80,6.2,316,24.2,D,0
-16.9527,132.3506,334.8,1.2,1.1,2014-09-15,0505,Aqua,MODIS,76,6.2,316.2,19.3,D,0
-16.7156,135.4739,331.3,1.8,1.3,2014-09-15,0505,Aqua,MODIS,73,6.2,313.3,31.6,D,0
-17.2654,135.1394,341.1,1.7,1.3,2014-09-15,0505,Aqua,MODIS,86,6.2,316.2,48,D,0
-16.9821,132.306,331.3,1.1,1.1,2014-09-15,0505,Aqua,MODIS,29,6.2,314.9,15.2,D,0
-16.9497,132.3059,335.8,1.1,1.1,2014-09-15,0505,Aqua,MODIS,45,6.2,313.2,20.9,D,0
-16.9513,132.2952,334.4,1.1,1.1,2014-09-15,0505,Aqua,MODIS,56,6.2,312.4,20.4,D,0
-16.9529,132.2845,331.9,1.1,1.1,2014-09-15,0505,Aqua,MODIS,48,6.2,312.6,17.8,D,0
-16.9401,132.3043,332.8,1.1,1.1,2014-09-15,0505,Aqua,MODIS,43,6.2,313.2,16.2,D,0
-16.9417,132.2936,335.9,1.1,1.1,2014-09-15,0505,Aqua,MODIS,68,6.2,313.5,23.4,D,0
-16.9917,132.3076,330.7,1.1,1.1,2014-09-15,0505,Aqua,MODIS,22,6.2,315.6,13.5,D,0
-16.9064,135.4345,330.2,1.8,1.3,2014-09-15,0505,Aqua,MODIS,26,6.2,314.1,22.1,D,0
-17.2768,135.1414,342.6,1.7,1.3,2014-09-15,0505,Aqua,MODIS,87,6.2,318.9,55.2,D,0
-17.2708,135.1078,340.5,1.7,1.3,2014-09-15,0505,Aqua,MODIS,85,6.2,316.3,43.7,D,0
-17.0076,138.3531,327.5,3,1.6,2014-09-15,0505,Aqua,MODIS,57,6.2,299.2,73.1,D,0
-18.7127,127.2928,337.1,1.2,1.1,2014-09-15,0505,Aqua,MODIS,56,6.2,320.9,22.6,D,0
-18.6998,127.3146,338,1.2,1.1,2014-09-15,0505,Aqua,MODIS,23,6.2,318.7,22.3,D,0
-18.3523,127.8032,335.2,1.1,1.1,2014-09-15,0505,Aqua,MODIS,51,6.2,320.5,20,D,0
-18.3537,127.7924,375.6,1.1,1.1,2014-09-15,0505,Aqua,MODIS,100,6.2,323.8,142.5,D,0
-18.3551,127.7817,339.7,1.1,1.1,2014-09-15,0505,Aqua,MODIS,80,6.2,317.7,28.7,D,0
-18.3413,127.8126,331.1,1.1,1.1,2014-09-15,0505,Aqua,MODIS,22,6.2,317.7,12.5,D,0
-18.3427,127.8018,342.8,1.1,1.1,2014-09-15,0505,Aqua,MODIS,85,6.2,318.8,34.4,D,0
-18.3441,127.7911,386.6,1.1,1.1,2014-09-15,0505,Aqua,MODIS,100,6.2,322.2,197.9,D,0
-18.3454,127.7803,362.8,1.1,1.1,2014-09-15,0505,Aqua,MODIS,100,6.2,316.5,91.2,D,0
-18.3403,127.7959,329.2,1.1,1.1,2014-09-15,0505,Aqua,MODIS,53,6.2,318.5,11.4,D,0
-18.7142,127.2811,353.1,1.2,1.1,2014-09-15,0505,Aqua,MODIS,95,6.2,321.1,64.7,D,0
-18.7157,127.2695,346.4,1.2,1.1,2014-09-15,0505,Aqua,MODIS,89,6.2,320.3,45.5,D,0
-18.6547,127.4185,336.9,1.2,1.1,2014-09-15,0505,Aqua,MODIS,77,6.2,320.3,21.6,D,0
-18.6651,127.3383,338.8,1.2,1.1,2014-09-15,0505,Aqua,MODIS,62,6.2,320.4,24.8,D,0
-18.6666,127.3268,343.8,1.2,1.1,2014-09-15,0505,Aqua,MODIS,86,6.2,321.8,35.3,D,0
-17.1795,138.339,345,2.9,1.6,2014-09-15,0505,Aqua,MODIS,78,6.2,289.4,193.4,D,0
-17.1846,138.3117,334.3,2.9,1.6,2014-09-15,0505,Aqua,MODIS,66,6.2,299,112.7,D,0
-17.1649,138.336,354.8,2.9,1.6,2014-09-15,0505,Aqua,MODIS,73,6.2,295.2,293.2,D,0
-17.1701,138.3087,340.5,2.9,1.6,2014-09-15,0505,Aqua,MODIS,78,6.2,300.8,157.1,D,0
-17.0089,138.3482,329,3,1.6,2014-09-15,0505,Aqua,MODIS,64,6.2,299.1,81.7,D,0
-18.3977,138.4031,324.7,2.8,1.6,2014-09-15,0505,Aqua,MODIS,53,6.2,310.9,32.4,D,0
-16.2377,135.8939,334.3,2,1.4,2014-09-15,0505,Aqua,MODIS,68,6.2,315.3,40,D,0
-16.3092,135.408,330.9,1.9,1.3,2014-09-15,0505,Aqua,MODIS,38,6.2,315.2,25.6,D,0
-16.2896,135.9111,331.2,2,1.4,2014-09-15,0505,Aqua,MODIS,54,6.2,315.2,23.4,D,0
-18.395,138.3945,325.1,2.8,1.6,2014-09-15,0505,Aqua,MODIS,56,6.2,311.5,35.4,D,0
-18.1696,122.9986,333,2.4,1.5,2014-09-15,0505,Aqua,MODIS,67,6.2,314,51.5,D,0
-18.7686,128.7012,349.3,1.1,1,2014-09-15,0505,Aqua,MODIS,91,6.2,325.6,41.9,D,0
-18.7672,128.7113,354.4,1.1,1,2014-09-15,0505,Aqua,MODIS,96,6.2,325,54.9,D,0
-18.1619,122.9931,344.3,2.4,1.5,2014-09-15,0505,Aqua,MODIS,82,6.2,317.2,105.6,D,0
-18.7659,128.7213,333.3,1.1,1,2014-09-15,0505,Aqua,MODIS,67,6.2,320.8,12.4,D,0
-18.2192,122.6504,368.9,2.5,1.5,2014-09-15,0505,Aqua,MODIS,100,6.2,311,374.1,D,0
-18.7593,128.6998,358.9,1.1,1,2014-09-15,0505,Aqua,MODIS,99,6.2,322,67.7,D,0
-18.0336,123.0833,343.7,2.3,1.5,2014-09-15,0505,Aqua,MODIS,81,6.2,316.4,98.6,D,0
-18.2531,122.7273,349.4,2.5,1.5,2014-09-15,0505,Aqua,MODIS,92,6.2,315.5,158.5,D,0
-18.2224,122.6949,369.8,2.5,1.5,2014-09-15,0505,Aqua,MODIS,100,6.2,317.9,360.7,D,0
-18.2557,122.7034,371.1,2.5,1.5,2014-09-15,0505,Aqua,MODIS,100,6.2,315.6,389.8,D,0
-18.2582,122.6794,351.7,2.5,1.5,2014-09-15,0505,Aqua,MODIS,94,6.2,310.5,189.1,D,0
-18.2444,122.6778,345.5,2.5,1.5,2014-09-15,0505,Aqua,MODIS,89,6.2,312.3,138.4,D,0
-18.2388,122.6726,339.5,2.5,1.5,2014-09-15,0505,Aqua,MODIS,51,6.2,312,87.4,D,0
-18.2356,122.628,348.7,2.5,1.5,2014-09-15,0505,Aqua,MODIS,92,6.2,309,177.3,D,0
-18.2256,122.724,338.7,2.5,1.5,2014-09-15,0505,Aqua,MODIS,80,6.2,314.9,73.4,D,0
-18.2281,122.7001,338,2.5,1.5,2014-09-15,0505,Aqua,MODIS,65,6.2,314.3,74.2,D,0
-18.2143,122.6984,391.8,2.5,1.5,2014-09-15,0505,Aqua,MODIS,100,6.2,318.3,721.3,D,0
-18.2415,122.6485,350.5,2.5,1.5,2014-09-15,0505,Aqua,MODIS,93,6.2,310.3,179.2,D,0
-18.2125,122.9071,342.4,2.4,1.5,2014-09-15,0505,Aqua,MODIS,66,6.2,315.8,87.3,D,0
-18.2151,122.8841,339.2,2.4,1.5,2014-09-15,0505,Aqua,MODIS,57,6.2,317.1,64.5,D,0
-18.2197,122.7188,343.9,2.5,1.5,2014-09-15,0505,Aqua,MODIS,87,6.2,313.8,107.8,D,0
-18.2112,122.6692,360,2.5,1.5,2014-09-15,0505,Aqua,MODIS,100,6.2,312.2,262.9,D,0
-18.2086,122.6932,383.1,2.5,1.5,2014-09-15,0505,Aqua,MODIS,100,6.2,315.6,561.9,D,0
-18.225,122.6709,387,2.5,1.5,2014-09-15,0505,Aqua,MODIS,100,6.2,318.8,634.9,D,0
-18.7344,130.0036,332.9,1,1,2014-09-15,0505,Aqua,MODIS,65,6.2,320.3,10.1,D,0
-18.2306,122.6761,344.3,2.5,1.5,2014-09-15,0505,Aqua,MODIS,85,6.2,313.9,123.8,D,0
-18.2331,122.652,414.7,2.5,1.5,2014-09-15,0505,Aqua,MODIS,100,6.2,322,1310.5,D,0
-18.2168,122.6744,397,2.5,1.5,2014-09-15,0505,Aqua,MODIS,100,6.2,319.2,839.2,D,0
-18.7976,128.742,340.9,1.1,1,2014-09-15,0505,Aqua,MODIS,27,6.2,322.4,20.7,D,0
-18.8069,128.7434,345.1,1.1,1,2014-09-15,0505,Aqua,MODIS,62,6.2,322.7,29.5,D,0
-18.758,128.7099,332.4,1.1,1,2014-09-15,0505,Aqua,MODIS,60,6.2,320.3,11.4,D,0
-18.2277,122.6469,417.1,2.5,1.5,2014-09-15,0505,Aqua,MODIS,100,6.2,321.9,1381.7,D,0
-18.6094,130.2955,364.7,1,1,2014-09-15,0505,Aqua,MODIS,100,6.2,322.2,73.7,D,0
-18.6198,130.2875,342.5,1,1,2014-09-15,0505,Aqua,MODIS,85,6.2,323.7,26,D,0
-18.6157,130.3158,334,1,1,2014-09-15,0505,Aqua,MODIS,31,6.2,321.2,12.1,D,0
-18.6288,130.2889,361,1,1,2014-09-15,0505,Aqua,MODIS,100,6.2,319.3,65.5,D,0
-18.6274,130.2984,355.4,1,1,2014-09-15,0505,Aqua,MODIS,96,6.2,322,50.8,D,0
-18.6247,130.3172,345.4,1,1,2014-09-15,0505,Aqua,MODIS,88,6.2,319.7,31.1,D,0
-20.1337,128.118,338.4,1.2,1.1,2014-09-15,0505,Aqua,MODIS,79,6.2,319.3,25,D,0
-20.1178,128.1435,334.2,1.1,1.1,2014-09-15,0505,Aqua,MODIS,62,6.2,319.6,13.8,D,0
-18.7399,130.159,348.2,1,1,2014-09-15,0505,Aqua,MODIS,91,6.2,322.9,35.1,D,0
-20.079,128.2156,333.7,1.1,1.1,2014-09-15,0505,Aqua,MODIS,64,6.2,321.8,13,D,0
-17.5726,130.0922,370.6,1,1,2014-09-15,0505,Aqua,MODIS,100,6.2,319.5,96.3,D,0
-17.5585,130.1216,335.7,1,1,2014-09-15,0505,Aqua,MODIS,32,6.2,316.9,16.3,D,0
-20.0776,128.2264,333.3,1.1,1.1,2014-09-15,0505,Aqua,MODIS,62,6.2,320.4,13.4,D,0
-17.5599,130.1123,350,1,1,2014-09-15,0505,Aqua,MODIS,92,6.2,321.3,41.8,D,0
-17.5626,130.0935,356.7,1,1,2014-09-15,0505,Aqua,MODIS,97,6.2,320.2,54.2,D,0
-17.5639,130.0842,358.6,1,1,2014-09-15,0505,Aqua,MODIS,99,6.2,319.1,59,D,0
-18.7475,130.1699,331.8,1,1,2014-09-15,0505,Aqua,MODIS,50,6.2,317.9,9.7,D,0
-17.5522,130.1015,336.9,1,1,2014-09-15,0505,Aqua,MODIS,33,6.2,319.6,17.9,D,0
-18.7385,130.1685,352.8,1,1,2014-09-15,0505,Aqua,MODIS,94,6.2,320.4,45.4,D,0
-18.6058,130.0635,334.1,1,1,2014-09-15,0505,Aqua,MODIS,70,6.2,322.3,8.7,D,0
-20.0433,128.2656,335.8,1.1,1.1,2014-09-15,0505,Aqua,MODIS,72,6.2,321.2,17.4,D,0
-20.0447,128.2548,332.7,1.1,1.1,2014-09-15,0505,Aqua,MODIS,51,6.2,321.4,11.5,D,0
-20.0323,128.275,343.9,1.1,1.1,2014-09-15,0505,Aqua,MODIS,85,6.2,321.2,31.4,D,0
-20.0228,128.2736,340.4,1.1,1.1,2014-09-15,0505,Aqua,MODIS,61,6.2,319.9,23.4,D,0
-20.0177,128.2774,333.7,1.1,1.1,2014-09-15,0505,Aqua,MODIS,69,6.2,316.9,15.1,D,0
-18.7561,130.2347,334.3,1,1,2014-09-15,0505,Aqua,MODIS,71,6.2,321.9,12.8,D,0
-18.6115,129.9582,332.1,1,1,2014-09-15,0505,Aqua,MODIS,60,6.2,322.1,9.7,D,0
-18.626,130.1149,336.8,1,1,2014-09-15,0505,Aqua,MODIS,37,6.2,320.5,14,D,0
-18.6071,130.054,335.4,1,1,2014-09-15,0505,Aqua,MODIS,73,6.2,324,10.8,D,0
-18.5981,130.0526,348,1,1,2014-09-15,0505,Aqua,MODIS,90,6.2,323.2,32.1,D,0
-18.5995,130.0432,350.8,1,1,2014-09-15,0505,Aqua,MODIS,93,6.2,324.2,37.8,D,0
-18.7574,130.2253,344.5,1,1,2014-09-15,0505,Aqua,MODIS,87,6.2,321.3,29.8,D,0
-17.5383,130.0705,331.4,1,1,2014-09-15,0505,Aqua,MODIS,37,6.2,314.1,11.9,D,0
-20.1323,128.129,334.4,1.2,1.1,2014-09-15,0505,Aqua,MODIS,43,6.2,319.6,16.3,D,0
-18.6301,130.0866,338.4,1,1,2014-09-15,0505,Aqua,MODIS,79,6.2,323.1,16.2,D,0
-18.6121,130.2766,382.7,1,1,2014-09-15,0505,Aqua,MODIS,100,6.2,324.4,142.3,D,0
-18.6108,130.2861,393.1,1,1,2014-09-15,0505,Aqua,MODIS,100,6.2,328.3,190.1,D,0
-14.7924,126.6783,332.8,1.2,1.1,2014-09-15,0506,Aqua,MODIS,57,6.2,316.9,12.2,D,0
-14.753,126.5075,333.7,1.2,1.1,2014-09-15,0506,Aqua,MODIS,74,6.2,312.5,22.5,D,0
-14.7209,126.4456,365.9,1.2,1.1,2014-09-15,0506,Aqua,MODIS,100,6.2,309.9,117.4,D,0
-14.7194,126.457,338.5,1.2,1.1,2014-09-15,0506,Aqua,MODIS,82,6.2,306.7,33.9,D,0
-14.7179,126.4683,327.2,1.2,1.1,2014-09-15,0506,Aqua,MODIS,49,6.2,306.6,13.6,D,0
-14.7323,126.4358,343.7,1.2,1.1,2014-09-15,0506,Aqua,MODIS,78,6.2,309.3,41.6,D,0
-14.7308,126.4471,345.1,1.2,1.1,2014-09-15,0506,Aqua,MODIS,79,6.2,308.7,44.8,D,0
-14.7293,126.4585,345.8,1.2,1.1,2014-09-15,0506,Aqua,MODIS,89,6.2,310.2,47.6,D,0
-14.7278,126.4698,408.4,1.2,1.1,2014-09-15,0506,Aqua,MODIS,100,6.2,319.5,389.1,D,0
-14.7422,126.4373,342.5,1.2,1.1,2014-09-15,0506,Aqua,MODIS,74,6.2,311,36.9,D,0
-14.7407,126.4486,352.5,1.2,1.1,2014-09-15,0506,Aqua,MODIS,95,6.2,310.8,64.7,D,0
-14.7377,126.4711,339.9,1.2,1.1,2014-09-15,0506,Aqua,MODIS,74,6.2,311.6,31.7,D,0
-17.2178,128.0672,330.3,1.1,1,2014-09-15,0506,Aqua,MODIS,52,6.2,318.2,10.5,D,0
-17.5167,125.6981,337.6,1.5,1.2,2014-09-15,0506,Aqua,MODIS,80,6.2,317.8,37,D,0
-17.5058,125.697,350.3,1.5,1.2,2014-09-15,0506,Aqua,MODIS,93,6.2,316.7,76.7,D,0
-17.5075,125.6827,334.7,1.5,1.2,2014-09-15,0506,Aqua,MODIS,50,6.2,314.3,28.8,D,0
-17.513,125.7066,334.6,1.5,1.2,2014-09-15,0506,Aqua,MODIS,8,6.2,317.6,23.7,D,0
-17.5148,125.6922,342.8,1.5,1.2,2014-09-15,0506,Aqua,MODIS,80,6.2,317.9,50.1,D,0
-17.5003,125.7197,345.2,1.5,1.2,2014-09-15,0506,Aqua,MODIS,71,6.2,317.5,52.6,D,0
-17.5039,125.6913,341.9,1.5,1.2,2014-09-15,0506,Aqua,MODIS,73,6.2,315.1,46.9,D,0
-17.4894,125.7185,339.5,1.5,1.2,2014-09-15,0506,Aqua,MODIS,77,6.2,315.8,39.3,D,0
-17.4354,125.7111,347.9,1.5,1.2,2014-09-15,0506,Aqua,MODIS,91,6.2,316.3,72,D,0
-17.437,125.6975,338.2,1.5,1.2,2014-09-15,0506,Aqua,MODIS,81,6.2,315.3,42.1,D,0
-17.4246,125.7095,356.2,1.5,1.2,2014-09-15,0506,Aqua,MODIS,97,6.2,314.2,106.8,D,0
-17.4263,125.6957,378.2,1.5,1.2,2014-09-15,0506,Aqua,MODIS,100,6.2,315.9,231.4,D,0
-17.4215,125.7025,351.8,1.5,1.2,2014-09-15,0506,Aqua,MODIS,94,6.2,313.2,90.1,D,0
-17.4232,125.6887,330.4,1.5,1.2,2014-09-15,0506,Aqua,MODIS,62,6.2,311.3,25,D,0
-17.525,125.8114,341.1,1.5,1.2,2014-09-15,0506,Aqua,MODIS,26,6.2,320.1,38.4,D,0
-13.6382,130.3199,358.5,1,1,2014-09-15,0506,Aqua,MODIS,99,6.2,302.9,70.1,D,0
-17.499,125.8165,336.1,1.5,1.2,2014-09-15,0506,Aqua,MODIS,43,6.2,316.7,22.8,D,0
-17.5025,125.7253,340.7,1.5,1.2,2014-09-15,0506,Aqua,MODIS,54,6.2,316.9,38.4,D,0
-16.1301,132.1767,338.3,1.2,1.1,2014-09-15,0506,Aqua,MODIS,72,6.2,307.3,31.6,D,0
-16.1235,132.2198,351.4,1.2,1.1,2014-09-15,0506,Aqua,MODIS,94,6.2,310.9,61.8,D,0
-17.491,125.8213,346.2,1.5,1.2,2014-09-15,0506,Aqua,MODIS,89,6.2,318.3,52,D,0
-15.4785,128.1122,333.4,1.1,1,2014-09-15,0506,Aqua,MODIS,54,6.2,320.2,11.2,D,0
-17.4633,125.8404,334.6,1.4,1.2,2014-09-15,0506,Aqua,MODIS,37,6.2,317.1,24,D,0
-17.5175,125.7832,336.1,1.5,1.2,2014-09-15,0506,Aqua,MODIS,54,6.2,318,29.1,D,0
-17.5191,125.7699,333.8,1.5,1.2,2014-09-15,0506,Aqua,MODIS,47,6.2,315.2,23.8,D,0
-17.3946,125.7418,333.7,1.5,1.2,2014-09-15,0506,Aqua,MODIS,67,6.2,310.6,29.5,D,0
-17.3929,125.7556,336.1,1.5,1.2,2014-09-15,0506,Aqua,MODIS,77,6.2,311.7,34.9,D,0
-17.4054,125.7428,342.5,1.5,1.2,2014-09-15,0506,Aqua,MODIS,75,6.2,311.2,50.3,D,0
-17.4037,125.7565,358,1.5,1.2,2014-09-15,0506,Aqua,MODIS,98,6.2,313.1,108.9,D,0
-14.2916,132.2879,331.8,1.2,1.1,2014-09-15,0506,Aqua,MODIS,21,6.2,316.3,9,D,0
-14.2919,132.2949,334.5,1.2,1.1,2014-09-15,0506,Aqua,MODIS,67,6.2,317.1,14.5,D,0
-17.402,125.7704,344.9,1.5,1.2,2014-09-15,0506,Aqua,MODIS,85,6.2,312.8,56.6,D,0
-17.411,125.7854,338.3,1.5,1.2,2014-09-15,0506,Aqua,MODIS,42,6.2,313.4,34.9,D,0
-17.4072,125.7633,337.5,1.5,1.2,2014-09-15,0506,Aqua,MODIS,52,6.2,312.7,34.8,D,0
-17.266,128.0638,331.7,1.1,1,2014-09-15,0506,Aqua,MODIS,60,6.2,319.6,12,D,0
-17.2647,128.074,331.7,1.1,1,2014-09-15,0506,Aqua,MODIS,62,6.2,320.9,11.6,D,0
-17.4055,125.7774,343.7,1.5,1.2,2014-09-15,0506,Aqua,MODIS,66,6.2,312.8,50.1,D,0
-17.4146,125.7923,335.1,1.5,1.2,2014-09-15,0506,Aqua,MODIS,37,6.2,313.1,25.6,D,0
-17.4237,125.8075,352,1.5,1.2,2014-09-15,0506,Aqua,MODIS,94,6.2,315.7,78.4,D,0
-17.422,125.8214,340.9,1.5,1.2,2014-09-15,0506,Aqua,MODIS,70,6.2,314.8,42.8,D,0
-14.859,126.6368,330.7,1.2,1.1,2014-09-15,0506,Aqua,MODIS,42,6.2,317.4,9.7,D,0
-17.4453,125.8099,339,1.5,1.2,2014-09-15,0506,Aqua,MODIS,50,6.2,317.4,32.8,D,0
-17.5091,125.8518,341.3,1.4,1.2,2014-09-15,0506,Aqua,MODIS,46,6.2,315.7,38.8,D,0
-17.4973,125.8303,341.7,1.5,1.2,2014-09-15,0506,Aqua,MODIS,74,6.2,315.3,37.5,D,0
-14.7889,126.5533,353.2,1.2,1.1,2014-09-15,0506,Aqua,MODIS,95,6.2,316.3,64.2,D,0
-14.7874,126.5645,351.2,1.2,1.1,2014-09-15,0506,Aqua,MODIS,94,6.2,315.7,56.9,D,0
-17.2272,128.0686,335.5,1.1,1,2014-09-15,0506,Aqua,MODIS,76,6.2,320.7,18.3,D,0
-14.7845,126.5869,347.6,1.2,1.1,2014-09-15,0506,Aqua,MODIS,80,6.2,316,41,D,0
-14.783,126.598,340.6,1.2,1.1,2014-09-15,0506,Aqua,MODIS,57,6.2,318.4,25.6,D,0
-14.7816,126.6091,334.9,1.2,1.1,2014-09-15,0506,Aqua,MODIS,51,6.2,318.3,15.4,D,0
-14.7973,126.5658,335.5,1.2,1.1,2014-09-15,0506,Aqua,MODIS,64,6.2,316.5,20.3,D,0
-14.7943,126.5882,353.3,1.2,1.1,2014-09-15,0506,Aqua,MODIS,95,6.2,319.6,58.6,D,0
-17.5099,125.7549,335.3,1.5,1.2,2014-09-15,0506,Aqua,MODIS,27,6.2,316.1,25.5,D,0
-17.5225,125.7418,354.2,1.5,1.2,2014-09-15,0506,Aqua,MODIS,96,6.2,319.1,88.7,D,0
-13.7097,129.8314,335,1,1,2014-09-15,0506,Aqua,MODIS,81,6.2,301.5,23.5,D,0
-15.6603,129.1191,350.2,1,1,2014-09-15,0506,Aqua,MODIS,91,6.2,315,40.8,D,0
-15.6589,129.1284,347.6,1,1,2014-09-15,0506,Aqua,MODIS,80,6.2,316.8,34.6,D,0
-17.4955,125.8441,339.5,1.4,1.2,2014-09-15,0506,Aqua,MODIS,45,6.2,315.7,31.9,D,0
-15.6693,129.1205,356.3,1,1,2014-09-15,0506,Aqua,MODIS,97,6.2,317.6,54.2,D,0
-15.668,129.1298,363.4,1,1,2014-09-15,0506,Aqua,MODIS,100,6.2,321.5,73,D,0
-17.5001,125.8363,347.6,1.5,1.2,2014-09-15,0506,Aqua,MODIS,91,6.2,316,56.5,D,0
-17.4984,125.8503,342.9,1.4,1.2,2014-09-15,0506,Aqua,MODIS,63,6.2,316.1,41.7,D,0
-17.4526,125.8387,338.3,1.4,1.2,2014-09-15,0506,Aqua,MODIS,63,6.2,317.2,34.3,D,0
-15.677,129.1311,338,1,1,2014-09-15,0506,Aqua,MODIS,32,6.2,320.8,16.6,D,0
-14.8007,126.6907,344.1,1.2,1.1,2014-09-15,0506,Aqua,MODIS,88,6.2,319.3,34.8,D,0
-14.7851,126.7333,332,1.2,1.1,2014-09-15,0506,Aqua,MODIS,42,6.2,318.9,10.2,D,0
-14.7909,126.6893,333.1,1.2,1.1,2014-09-15,0506,Aqua,MODIS,60,6.2,315.8,12.7,D,0
-14.7552,126.5029,344.6,1.2,1.1,2014-09-15,0506,Aqua,MODIS,88,6.2,313.7,44.4,D,0
-14.4204,134.3993,327.4,1.7,1.3,2014-09-15,0506,Aqua,MODIS,61,6.2,308.8,26,D,0
-16.2942,135.3526,364.6,1.8,1.3,2014-09-15,0506,Aqua,MODIS,100,6.2,313.5,194.8,D,0
-14.5091,134.3416,329.4,1.7,1.3,2014-09-15,0506,Aqua,MODIS,51,6.2,314.2,18.5,D,0
-14.5116,134.3263,355,1.7,1.3,2014-09-15,0506,Aqua,MODIS,96,6.2,314.8,115.2,D,0
-14.5099,134.3329,342.5,1.7,1.3,2014-09-15,0506,Aqua,MODIS,87,6.2,315.1,60.3,D,0
-14.9604,134.6694,331.7,1.7,1.3,2014-09-15,0506,Aqua,MODIS,34,6.2,311.6,27.6,D,0
-14.5125,134.3177,352.8,1.7,1.3,2014-09-15,0506,Aqua,MODIS,95,6.2,313,103.5,D,0
-16.2098,135.3842,355.3,1.9,1.3,2014-09-15,0506,Aqua,MODIS,97,6.2,313.1,141.2,D,0
-16.275,135.3613,348.3,1.8,1.3,2014-09-15,0506,Aqua,MODIS,92,6.2,313.1,97.5,D,0
-15.5305,135.2618,329.3,1.9,1.3,2014-09-15,0506,Aqua,MODIS,65,6.2,310.8,21.5,D,0
-15.5098,135.3114,327.7,1.9,1.3,2014-09-15,0506,Aqua,MODIS,25,6.2,308.2,21.2,D,0
-14.9515,134.6514,350.6,1.7,1.3,2014-09-15,0506,Aqua,MODIS,93,6.2,312,104.4,D,0
-15.5425,135.2641,338.8,1.9,1.3,2014-09-15,0506,Aqua,MODIS,83,6.2,312.2,55.1,D,0
-14.4254,134.4217,337.1,1.7,1.3,2014-09-15,0506,Aqua,MODIS,81,6.2,308.7,47.9,D,0
-14.9924,134.6916,334.3,1.7,1.3,2014-09-15,0506,Aqua,MODIS,76,6.2,314.1,34.9,D,0
-14.963,134.6535,336.6,1.7,1.3,2014-09-15,0506,Aqua,MODIS,75,6.2,311.4,46.6,D,0
-15.5247,135.2963,368.5,1.9,1.3,2014-09-15,0506,Aqua,MODIS,100,6.2,309.1,235.6,D,0
-15.5276,135.2792,328.5,1.9,1.3,2014-09-15,0506,Aqua,MODIS,35,6.2,311.2,21.1,D,0
-15.5432,135.2876,332.2,1.9,1.3,2014-09-15,0506,Aqua,MODIS,53,6.2,308,32.7,D,0
-15.5463,135.2704,341,1.9,1.3,2014-09-15,0506,Aqua,MODIS,85,6.2,312,65.6,D,0
-14.6126,134.4041,345.2,1.7,1.3,2014-09-15,0506,Aqua,MODIS,89,6.2,316.4,69,D,0
-14.5807,134.4727,328,1.7,1.3,2014-09-15,0506,Aqua,MODIS,33,6.2,312.7,12.5,D,0
-15.5395,135.2814,345.6,1.9,1.3,2014-09-15,0506,Aqua,MODIS,90,6.2,310.3,86.1,D,0
-16.3002,135.3887,332.4,1.8,1.3,2014-09-15,0506,Aqua,MODIS,41,6.2,315.4,27.2,D,0
-15.5127,135.2941,337.4,1.9,1.3,2014-09-15,0506,Aqua,MODIS,81,6.2,310.6,51,D,0
-16.3032,135.3717,335.5,1.8,1.3,2014-09-15,0506,Aqua,MODIS,64,6.2,313.8,39.9,D,0
-14.4394,134.4083,350.5,1.7,1.3,2014-09-15,0506,Aqua,MODIS,93,6.2,312.7,102.7,D,0
-14.4317,134.4547,328.7,1.7,1.3,2014-09-15,0506,Aqua,MODIS,41,6.2,309.3,21.4,D,0
-15.7925,136.1835,331.1,2.2,1.4,2014-09-15,0506,Aqua,MODIS,65,6.2,310.1,44.4,D,0
-14.4228,134.4371,343.5,1.7,1.3,2014-09-15,0506,Aqua,MODIS,88,6.2,309.4,70.7,D,0
-14.442,134.3928,345.4,1.7,1.3,2014-09-15,0506,Aqua,MODIS,89,6.2,311.2,79.8,D,0
-14.9542,134.6356,355.9,1.7,1.3,2014-09-15,0506,Aqua,MODIS,97,6.2,310.9,133.2,D,0
-14.428,134.4062,378.2,1.7,1.3,2014-09-15,0506,Aqua,MODIS,100,6.2,313.6,283.6,D,0
-14.9014,134.8365,334.3,1.8,1.3,2014-09-15,0506,Aqua,MODIS,61,6.2,311.5,35.2,D,0
-14.907,134.843,339.1,1.8,1.3,2014-09-15,0506,Aqua,MODIS,82,6.2,310.5,55.2,D,0
-14.4306,134.3907,361.1,1.7,1.3,2014-09-15,0506,Aqua,MODIS,100,6.2,310.9,160.6,D,0
-14.9399,134.6494,326,1.7,1.3,2014-09-15,0506,Aqua,MODIS,42,6.2,307.9,19.1,D,0
-16.2038,135.4185,341.9,1.9,1.3,2014-09-15,0506,Aqua,MODIS,86,6.2,311.9,68.3,D,0
-15.789,136.2035,328.4,2.2,1.4,2014-09-15,0506,Aqua,MODIS,44,6.2,309.1,36,D,0
-16.2824,135.3504,362.4,1.8,1.3,2014-09-15,0506,Aqua,MODIS,100,6.2,313,180.9,D,0
-14.5141,134.3111,333.5,1.7,1.3,2014-09-15,0506,Aqua,MODIS,73,6.2,311.8,30.2,D,0
-16.2794,135.3674,336.3,1.8,1.3,2014-09-15,0506,Aqua,MODIS,59,6.2,314.2,42.2,D,0
-16.2913,135.3695,351.4,1.8,1.3,2014-09-15,0506,Aqua,MODIS,94,6.2,316.3,108.1,D,0
-14.9098,134.8266,361.9,1.8,1.3,2014-09-15,0506,Aqua,MODIS,100,6.2,314.6,166.7,D,0
-16.2068,135.4014,361.9,1.9,1.3,2014-09-15,0506,Aqua,MODIS,100,6.2,316.4,182.2,D,0
-16.1978,135.3821,334,1.9,1.3,2014-09-15,0506,Aqua,MODIS,77,6.2,309.1,45,D,0
-16.1949,135.3992,331.9,1.9,1.3,2014-09-15,0506,Aqua,MODIS,69,6.2,308.7,36.1,D,0
-16.2705,135.3483,343.8,1.8,1.3,2014-09-15,0506,Aqua,MODIS,88,6.2,310.8,81,D,0
-16.2869,135.3634,348.6,1.8,1.3,2014-09-15,0506,Aqua,MODIS,92,6.2,315.5,95.5,D,0
-16.2779,135.3442,344.7,1.8,1.3,2014-09-15,0506,Aqua,MODIS,89,6.2,311.4,84.7,D,0
-16.2897,135.3464,347,1.8,1.3,2014-09-15,0506,Aqua,MODIS,91,6.2,312.1,91.3,D,0
-14.4788,134.2421,348.1,1.6,1.3,2014-09-15,0506,Aqua,MODIS,92,6.2,312.8,84.9,D,0
-14.4763,134.257,339.4,1.6,1.3,2014-09-15,0506,Aqua,MODIS,84,6.2,312.1,50.4,D,0
-15.5093,135.1699,330.6,1.8,1.3,2014-09-15,0506,Aqua,MODIS,51,6.2,314.5,19.4,D,0
-16.3288,132.3628,362.9,1.2,1.1,2014-09-15,0506,Aqua,MODIS,100,6.2,317.5,94.4,D,0
-14.4746,132.9396,334.3,1.3,1.1,2014-09-15,0506,Aqua,MODIS,51,6.2,315.5,18,D,0
-16.3191,132.3611,354.6,1.2,1.1,2014-09-15,0506,Aqua,MODIS,96,6.2,311.9,68.8,D,0
-13.3232,132.5327,328.9,1.3,1.1,2014-09-15,0506,Aqua,MODIS,54,6.2,309.7,14.4,D,0
-16.2394,132.3409,336.1,1.2,1.1,2014-09-15,0506,Aqua,MODIS,47,6.2,313.3,22.8,D,0
-16.2314,132.3283,333.7,1.2,1.1,2014-09-15,0506,Aqua,MODIS,50,6.2,314.2,18.6,D,0
-16.2146,132.2308,329.8,1.2,1.1,2014-09-15,0506,Aqua,MODIS,64,6.2,314.5,11.8,D,0
-16.195,132.2941,330.5,1.2,1.1,2014-09-15,0506,Aqua,MODIS,50,6.2,313.5,14,D,0
-16.2473,132.1647,328.7,1.2,1.1,2014-09-15,0506,Aqua,MODIS,64,6.2,310.6,15.4,D,0
-16.1331,132.2214,343.5,1.2,1.1,2014-09-15,0506,Aqua,MODIS,69,6.2,313.5,38.9,D,0
-16.1365,132.1998,331.7,1.2,1.1,2014-09-15,0506,Aqua,MODIS,20,6.2,311.8,18.6,D,0
-15.5412,131.6896,341.7,1.1,1.1,2014-09-15,0506,Aqua,MODIS,61,6.2,317.2,27.9,D,0
-16.1218,132.2306,376.9,1.2,1.1,2014-09-15,0506,Aqua,MODIS,100,6.2,311.8,158.2,D,0
-14.3045,132.2156,334.5,1.2,1.1,2014-09-15,0506,Aqua,MODIS,44,6.2,315.6,16.7,D,0
-16.3339,132.3301,340.9,1.2,1.1,2014-09-15,0506,Aqua,MODIS,85,6.2,314,30.8,D,0
-16.3208,132.3502,395.2,1.2,1.1,2014-09-15,0506,Aqua,MODIS,100,6.2,318.1,261.1,D,0
-16.3226,132.3393,335.2,1.2,1.1,2014-09-15,0506,Aqua,MODIS,68,6.2,313.3,19.4,D,0
-16.2877,132.3491,333,1.2,1.1,2014-09-15,0506,Aqua,MODIS,42,6.2,315.6,17.6,D,0
-15.4908,131.7025,335.6,1.1,1.1,2014-09-15,0506,Aqua,MODIS,48,6.2,316,14.7,D,0
-16.2587,132.3442,342.9,1.2,1.1,2014-09-15,0506,Aqua,MODIS,76,6.2,315.1,35,D,0
-14.2678,132.1797,335.5,1.2,1.1,2014-09-15,0506,Aqua,MODIS,77,6.2,316.8,16.8,D,0
-14.2661,132.1908,336.1,1.2,1.1,2014-09-15,0506,Aqua,MODIS,78,6.2,316.7,18,D,0
-16.3271,132.3737,356.7,1.2,1.1,2014-09-15,0506,Aqua,MODIS,98,6.2,314.6,74.6,D,0
-16.3174,132.2206,337,1.2,1.1,2014-09-15,0506,Aqua,MODIS,73,6.2,307.5,24.4,D,0
-16.249,132.3425,365.7,1.2,1.1,2014-09-15,0506,Aqua,MODIS,100,6.2,316,104,D,0
-13.5068,135.3358,332.6,2.1,1.4,2014-09-15,0506,Aqua,MODIS,60,6.2,307.6,51.5,D,0
-13.5069,135.3303,330.6,2.1,1.4,2014-09-15,0506,Aqua,MODIS,46,6.2,308,42.5,D,0
-15.4056,135.3037,337.5,1.9,1.3,2014-09-15,0506,Aqua,MODIS,81,6.2,310.3,53.2,D,0
-16.1298,132.243,353.9,1.2,1.1,2014-09-15,0506,Aqua,MODIS,96,6.2,310.5,68.5,D,0
-16.1756,132.2908,331.9,1.2,1.1,2014-09-15,0506,Aqua,MODIS,35,6.2,312.7,17.7,D,0
-16.166,132.2892,331.3,1.2,1.1,2014-09-15,0506,Aqua,MODIS,19,6.2,310.7,16.9,D,0
-16.1677,132.2783,338.7,1.2,1.1,2014-09-15,0506,Aqua,MODIS,79,6.2,310,29.7,D,0
-16.319,132.2099,353.1,1.2,1.1,2014-09-15,0506,Aqua,MODIS,95,6.2,310.1,63.6,D,0
-16.3207,132.1992,363.3,1.2,1.1,2014-09-15,0506,Aqua,MODIS,100,6.2,313.8,98.8,D,0
-16.3061,132.2298,332.2,1.2,1.1,2014-09-15,0506,Aqua,MODIS,49,6.2,308.9,15.1,D,0
-16.3078,132.219,334,1.2,1.1,2014-09-15,0506,Aqua,MODIS,76,6.2,307.1,17.2,D,0
-16.3094,132.2083,331.8,1.2,1.1,2014-09-15,0506,Aqua,MODIS,40,6.2,306.9,14.7,D,0
-16.3111,132.1975,396.9,1.2,1.1,2014-09-15,0506,Aqua,MODIS,100,6.2,312.5,271.1,D,0
-16.3127,132.1868,352.3,1.2,1.1,2014-09-15,0506,Aqua,MODIS,95,6.2,307.8,66.3,D,0
-16.2965,132.2282,336.4,1.2,1.1,2014-09-15,0506,Aqua,MODIS,61,6.2,311.3,25.6,D,0
-16.2886,132.2158,332.3,1.2,1.1,2014-09-15,0506,Aqua,MODIS,31,6.2,310.2,20.7,D,0
-16.2919,132.1943,353.3,1.2,1.1,2014-09-15,0506,Aqua,MODIS,95,6.2,310.3,69.8,D,0
-16.2936,132.1836,366.5,1.2,1.1,2014-09-15,0506,Aqua,MODIS,100,6.2,309.2,113.5,D,0
-16.2823,132.1927,336.9,1.2,1.1,2014-09-15,0506,Aqua,MODIS,80,6.2,310,30.9,D,0
-16.284,132.182,341.8,1.2,1.1,2014-09-15,0506,Aqua,MODIS,86,6.2,310,40.9,D,0
-16.1387,132.2735,332.1,1.2,1.1,2014-09-15,0506,Aqua,MODIS,49,6.2,309.9,20.4,D,0
-16.1315,132.2322,367.5,1.2,1.1,2014-09-15,0506,Aqua,MODIS,100,6.2,315.7,113.5,D,0
-16.1404,132.2626,337.2,1.2,1.1,2014-09-15,0506,Aqua,MODIS,74,6.2,311.9,28.9,D,0
-16.1361,132.2664,337.5,1.2,1.1,2014-09-15,0506,Aqua,MODIS,78,6.2,311.3,29.3,D,0
-15.5192,131.7072,342.2,1.1,1.1,2014-09-15,0506,Aqua,MODIS,73,6.2,315.8,29.7,D,0
-15.5286,131.7088,334.1,1.1,1.1,2014-09-15,0506,Aqua,MODIS,40,6.2,313,15.8,D,0
-16.1318,132.1659,328.3,1.2,1.1,2014-09-15,0506,Aqua,MODIS,54,6.2,306.8,15.5,D,0
-16.1414,132.1676,327.9,1.2,1.1,2014-09-15,0506,Aqua,MODIS,45,6.2,307.8,13.8,D,0
-16.2437,132.1694,328.2,1.2,1.1,2014-09-15,0506,Aqua,MODIS,62,6.2,309.6,15.1,D,0
-13.9505,135.3454,324.4,2,1.4,2014-09-15,0506,Aqua,MODIS,40,6.2,299.6,31.4,D,0
-16.3356,132.3192,329.7,1.2,1.1,2014-09-15,0506,Aqua,MODIS,59,6.2,313.2,11.1,D,0
-16.326,132.3176,330.2,1.2,1.1,2014-09-15,0506,Aqua,MODIS,63,6.2,314.2,12.4,D,0
-14.1378,132.3624,336.7,1.3,1.1,2014-09-15,0506,Aqua,MODIS,43,6.2,313.4,21.5,D,0
-14.1495,132.3526,336.1,1.3,1.1,2014-09-15,0506,Aqua,MODIS,63,6.2,318,20.8,D,0
-13.333,132.5287,335.9,1.3,1.1,2014-09-15,0506,Aqua,MODIS,78,6.2,310.8,26.1,D,0
-13.3334,132.5342,332,1.3,1.1,2014-09-15,0506,Aqua,MODIS,67,6.2,310.9,18.6,D,0
-16.3605,132.2236,341.6,1.2,1.1,2014-09-15,0506,Aqua,MODIS,82,6.2,311.2,36.7,D,0
-16.3621,132.2129,374.1,1.2,1.1,2014-09-15,0506,Aqua,MODIS,100,6.2,316.7,143.3,D,0
-16.3638,132.2022,381.9,1.2,1.1,2014-09-15,0506,Aqua,MODIS,100,6.2,315.7,183.6,D,0
-16.3667,132.2468,338,1.2,1.1,2014-09-15,0506,Aqua,MODIS,76,6.2,312,27.8,D,0
-13.6489,134.9487,343.9,1.9,1.4,2014-09-15,0506,Aqua,MODIS,88,6.2,308.5,82.2,D,0
-13.661,134.9509,334.7,1.9,1.4,2014-09-15,0506,Aqua,MODIS,77,6.2,312.2,40.5,D,0
-16.327,132.2223,328.9,1.2,1.1,2014-09-15,0506,Aqua,MODIS,24,6.2,310.3,12.7,D,0
-14.7545,126.4961,331,1.2,1.1,2014-09-15,0506,Aqua,MODIS,33,6.2,314,17.3,D,0
-14.7446,126.495,337,1.2,1.1,2014-09-15,0506,Aqua,MODIS,68,6.2,313.4,28.5,D,0
-14.7347,126.4938,347.6,1.2,1.1,2014-09-15,0506,Aqua,MODIS,91,6.2,313.2,53,D,0
-14.7362,126.4824,345.8,1.2,1.1,2014-09-15,0506,Aqua,MODIS,83,6.2,314.4,46.3,D,0
-14.7249,126.4922,334.1,1.2,1.1,2014-09-15,0506,Aqua,MODIS,75,6.2,308.2,23.9,D,0
-14.7263,126.481,406.7,1.2,1.1,2014-09-15,0506,Aqua,MODIS,100,6.2,318.7,374.2,D,0
-14.7155,126.4099,338.3,1.2,1.1,2014-09-15,0506,Aqua,MODIS,43,6.2,307.6,29.3,D,0
-14.717,126.3985,353.5,1.2,1.1,2014-09-15,0506,Aqua,MODIS,95,6.2,312.7,71.3,D,0
-14.7185,126.387,339.2,1.2,1.1,2014-09-15,0506,Aqua,MODIS,53,6.2,312.3,35.4,D,0
-14.7558,126.7292,344.4,1.2,1.1,2014-09-15,0506,Aqua,MODIS,88,6.2,320.9,35,D,0
-14.7572,126.7183,337.8,1.2,1.1,2014-09-15,0506,Aqua,MODIS,81,6.2,319.7,20.5,D,0
-16.455,132.2673,332.5,1.2,1.1,2014-09-15,0506,Aqua,MODIS,70,6.2,314.3,13.3,D,0
-16.4583,132.2457,337.9,1.2,1.1,2014-09-15,0506,Aqua,MODIS,80,6.2,315.6,23.7,D,0
-16.6426,132.2454,340.6,1.2,1.1,2014-09-15,0506,Aqua,MODIS,68,6.2,314.4,32.7,D,0
-16.628,132.276,334.2,1.2,1.1,2014-09-15,0506,Aqua,MODIS,35,6.2,313.4,17,D,0
-16.6314,132.2545,332.4,1.2,1.1,2014-09-15,0506,Aqua,MODIS,46,6.2,315.2,17,D,0
-16.6331,132.2438,332.4,1.2,1.1,2014-09-15,0506,Aqua,MODIS,48,6.2,315.7,17,D,0
-16.6168,132.2851,347,1.2,1.1,2014-09-15,0506,Aqua,MODIS,90,6.2,317.1,42.3,D,0
-16.6055,132.2943,332.5,1.2,1.1,2014-09-15,0506,Aqua,MODIS,21,6.2,316.4,11.3,D,0
-16.5925,132.2974,329.5,1.2,1.1,2014-09-15,0506,Aqua,MODIS,54,6.2,317.8,6.2,D,0
-16.7328,132.3894,332.1,1.2,1.1,2014-09-15,0506,Aqua,MODIS,56,6.2,318.4,9,D,0
-16.7345,132.3785,331.4,1.2,1.1,2014-09-15,0506,Aqua,MODIS,57,6.2,318.3,8.2,D,0
-16.4746,132.2045,349.5,1.2,1.1,2014-09-15,0506,Aqua,MODIS,93,6.2,315.3,49.2,D,0
-16.4633,132.2136,333.9,1.2,1.1,2014-09-15,0506,Aqua,MODIS,68,6.2,314.7,16.7,D,0
-16.3704,132.4147,334.6,1.2,1.1,2014-09-15,0506,Aqua,MODIS,60,6.2,316.6,19.4,D,0
-16.7362,132.3677,332.1,1.2,1.1,2014-09-15,0506,Aqua,MODIS,61,6.2,318.3,9.9,D,0
-16.7462,132.303,333.2,1.2,1.1,2014-09-15,0506,Aqua,MODIS,73,6.2,318.2,13.4,D,0
-16.3709,132.3475,330.1,1.2,1.1,2014-09-15,0506,Aqua,MODIS,58,6.2,316.4,10.5,D,0
-16.7593,132.614,333.2,1.2,1.1,2014-09-15,0506,Aqua,MODIS,44,6.2,317,14.5,D,0
-16.4891,132.5154,339.1,1.2,1.1,2014-09-15,0506,Aqua,MODIS,54,6.2,316.2,25.4,D,0
-16.4386,132.5,343.1,1.2,1.1,2014-09-15,0506,Aqua,MODIS,63,6.2,317.2,33.7,D,0
-16.627,132.6019,345.1,1.2,1.1,2014-09-15,0506,Aqua,MODIS,89,6.2,318.4,39.2,D,0
-16.5995,132.5856,335.4,1.2,1.1,2014-09-15,0506,Aqua,MODIS,44,6.2,317.7,19,D,0
-13.1569,135.3797,328.9,2.1,1.4,2014-09-15,0506,Aqua,MODIS,42,6.2,307.1,29.1,D,0
-16.6624,132.118,330,1.1,1.1,2014-09-15,0506,Aqua,MODIS,61,6.2,314.4,15.7,D,0
-16.664,132.1074,348.1,1.1,1.1,2014-09-15,0506,Aqua,MODIS,91,6.2,314.5,50.8,D,0
-16.6657,132.0969,367.2,1.1,1.1,2014-09-15,0506,Aqua,MODIS,100,6.2,314.8,110.2,D,0
-16.6347,132.2331,334.8,1.1,1.1,2014-09-15,0506,Aqua,MODIS,57,6.2,314.4,21,D,0
-16.6364,132.2224,334.2,1.1,1.1,2014-09-15,0506,Aqua,MODIS,52,6.2,313.6,20.2,D,0
-16.6381,132.2117,344.9,1.1,1.1,2014-09-15,0506,Aqua,MODIS,89,6.2,313.8,42.7,D,0
-16.6397,132.201,335.2,1.1,1.1,2014-09-15,0506,Aqua,MODIS,62,6.2,310.4,22.9,D,0
-16.6513,132.1269,328.6,1.1,1.1,2014-09-15,0506,Aqua,MODIS,45,6.2,313.7,13.8,D,0
-16.6529,132.1163,336.2,1.1,1.1,2014-09-15,0506,Aqua,MODIS,78,6.2,314.1,26.4,D,0
-16.6545,132.1058,373.2,1.1,1.1,2014-09-15,0506,Aqua,MODIS,100,6.2,315.5,134.1,D,0
-16.6562,132.0953,353.1,1.1,1.1,2014-09-15,0506,Aqua,MODIS,95,6.2,311.4,65.8,D,0
-16.6335,132.1782,332,1.1,1.1,2014-09-15,0506,Aqua,MODIS,26,6.2,312.3,16.6,D,0
-13.1559,135.3844,325.7,2.1,1.4,2014-09-15,0506,Aqua,MODIS,36,6.2,307.1,20.7,D,0
-12.9209,135.6964,331,2.3,1.5,2014-09-15,0506,Aqua,MODIS,65,6.2,303.3,59.8,D,0
-16.3684,132.236,339.6,1.2,1.1,2014-09-15,0506,Aqua,MODIS,72,6.2,312.9,32,D,0
-16.3701,132.2253,354.4,1.2,1.1,2014-09-15,0506,Aqua,MODIS,96,6.2,311.8,70.6,D,0
-13.1719,135.3674,325.6,2.1,1.4,2014-09-15,0506,Aqua,MODIS,30,6.2,307.8,19.1,D,0
-13.3136,134.5305,327.1,1.8,1.3,2014-09-15,0506,Aqua,MODIS,37,6.2,309.9,19.1,D,0
-12.7819,135.0361,334.8,2,1.4,2014-09-15,0506,Aqua,MODIS,69,6.2,309.3,52,D,0
-14.4586,132.931,340.1,1.3,1.1,2014-09-15,0506,Aqua,MODIS,74,6.2,316.5,32,D,0
-14.4835,133.0826,334.5,1.4,1.2,2014-09-15,0506,Aqua,MODIS,75,6.2,319.5,17.9,D,0
-15.5535,135.1255,331.6,1.8,1.3,2014-09-15,0506,Aqua,MODIS,50,6.2,313.7,29.3,D,0
-15.5502,135.0731,331.8,1.8,1.3,2014-09-15,0506,Aqua,MODIS,52,6.2,307.9,35.7,D,0
-15.5592,135.0916,335.9,1.8,1.3,2014-09-15,0506,Aqua,MODIS,62,6.2,311.2,46.4,D,0
-13.5321,133.339,332.7,1.5,1.2,2014-09-15,0506,Aqua,MODIS,72,6.2,313.7,20.4,D,0
-13.5046,135.5739,337.5,2.2,1.4,2014-09-15,0506,Aqua,MODIS,82,6.2,303.7,82.4,D,0
-13.4851,135.3069,337.8,2.1,1.4,2014-09-15,0506,Aqua,MODIS,82,6.2,307.1,65.6,D,0
-13.4883,135.2881,334.8,2.1,1.4,2014-09-15,0506,Aqua,MODIS,76,6.2,307.7,53.8,D,0
-13.5173,135.5762,325.3,2.2,1.4,2014-09-15,0506,Aqua,MODIS,42,6.2,303.7,31.4,D,0
-14.3869,132.9827,340.3,1.4,1.2,2014-09-15,0506,Aqua,MODIS,83,6.2,317.7,36.2,D,0
-14.995,134.6757,341.6,1.7,1.3,2014-09-15,0506,Aqua,MODIS,86,6.2,311.7,62,D,0
-16.0037,127.4678,374.9,1.1,1.1,2014-09-15,0506,Aqua,MODIS,100,6.2,318.1,136.6,D,0
-15.6605,129.0523,377.9,1,1,2014-09-15,0506,Aqua,MODIS,100,6.2,319.2,128.4,D,0
-15.6592,129.0616,388.7,1,1,2014-09-15,0506,Aqua,MODIS,100,6.2,319.8,175.4,D,0
-15.6682,129.063,343.4,1,1,2014-09-15,0506,Aqua,MODIS,42,6.2,317.8,27.8,D,0
-15.6669,129.0724,369.6,1,1,2014-09-15,0506,Aqua,MODIS,100,6.2,317.8,92.2,D,0
-15.6629,129.1004,351.2,1,1,2014-09-15,0506,Aqua,MODIS,93,6.2,318.2,43.4,D,0
-15.6616,129.1097,359.3,1,1,2014-09-15,0506,Aqua,MODIS,99,6.2,316.3,62.5,D,0
-15.696,129.0642,356.9,1,1,2014-09-15,0506,Aqua,MODIS,90,6.2,319.6,55.3,D,0
-15.7064,129.0562,337.5,1,1,2014-09-15,0506,Aqua,MODIS,42,6.2,317.4,19.5,D,0
-15.705,129.0656,388.4,1,1,2014-09-15,0506,Aqua,MODIS,100,6.2,322,170.6,D,0
-16.0359,127.5894,341.5,1.1,1.1,2014-09-15,0506,Aqua,MODIS,84,6.2,319.3,27.9,D,0
-16.0373,127.579,335.5,1.1,1.1,2014-09-15,0506,Aqua,MODIS,45,6.2,319.8,17,D,0
-16.0292,127.5674,333.2,1.1,1.1,2014-09-15,0506,Aqua,MODIS,39,6.2,317.3,12.9,D,0
-15.962,127.6044,358.2,1.1,1.1,2014-09-15,0506,Aqua,MODIS,98,6.2,320.7,64.4,D,0
-15.9553,127.5826,346.8,1.1,1.1,2014-09-15,0506,Aqua,MODIS,76,6.2,314.9,35.9,D,0
-15.9566,127.5723,349.8,1.1,1.1,2014-09-15,0506,Aqua,MODIS,92,6.2,316.6,43.5,D,0
-15.9472,127.571,346.7,1.1,1.1,2014-09-15,0506,Aqua,MODIS,77,6.2,313.3,38.7,D,0
-15.9486,127.5607,339,1.1,1.1,2014-09-15,0506,Aqua,MODIS,53,6.2,314.7,22.5,D,0
-15.9557,128.1129,343.3,1.1,1,2014-09-15,0506,Aqua,MODIS,59,6.2,313.3,31.8,D,0
-15.9465,128.1113,348.8,1.1,1,2014-09-15,0506,Aqua,MODIS,65,6.2,317.3,42.4,D,0
-15.9399,128.0902,334.1,1.1,1,2014-09-15,0506,Aqua,MODIS,69,6.2,315.4,20.7,D,0
-15.9307,128.0887,344,1.1,1,2014-09-15,0506,Aqua,MODIS,82,6.2,315.3,36.8,D,0
-15.932,128.079,349.3,1.1,1,2014-09-15,0506,Aqua,MODIS,92,6.2,314.8,49,D,0
-15.9391,127.5593,375.6,1.1,1.1,2014-09-15,0506,Aqua,MODIS,100,6.2,316.1,137,D,0
-14.4382,129.9465,339,1,1,2014-09-15,0506,Aqua,MODIS,83,6.2,312.3,22.5,D,0
-14.4395,129.9372,332.6,1,1,2014-09-15,0506,Aqua,MODIS,70,6.2,314.8,12.1,D,0
-16.6563,124.0148,354.6,1.9,1.3,2014-09-15,0506,Aqua,MODIS,84,6.2,307.5,157.4,D,0
-16.2302,128.1924,333.3,1.1,1,2014-09-15,0506,Aqua,MODIS,46,6.2,321.5,11.4,D,0
-16.2289,128.2022,337.1,1.1,1,2014-09-15,0506,Aqua,MODIS,69,6.2,319.8,16.7,D,0
-15.9606,127.6147,348.7,1.1,1,2014-09-15,0506,Aqua,MODIS,66,6.2,318.6,39.7,D,0
-15.9081,127.5017,334.6,1.1,1.1,2014-09-15,0506,Aqua,MODIS,73,6.2,310.2,24.1,D,0
-15.9095,127.4912,373.3,1.1,1.1,2014-09-15,0506,Aqua,MODIS,100,6.2,314.1,132.1,D,0
-15.9081,127.4629,352.8,1.1,1.1,2014-09-15,0506,Aqua,MODIS,95,6.2,309.5,63.7,D,0
-15.9096,127.4524,341.9,1.1,1.1,2014-09-15,0506,Aqua,MODIS,85,6.2,310.2,38.6,D,0
-18.0335,122.6362,351.5,2.5,1.5,2014-09-15,0506,Aqua,MODIS,94,6.2,312.2,176.8,D,0
-18.05,122.614,342.5,2.5,1.5,2014-09-15,0506,Aqua,MODIS,72,6.2,312.2,118.2,D,0
-18.039,122.6416,355.6,2.5,1.5,2014-09-15,0506,Aqua,MODIS,97,6.2,313.8,215.6,D,0
-18.0553,122.6195,334.1,2.5,1.5,2014-09-15,0506,Aqua,MODIS,20,6.2,313.4,63.6,D,0
-16.2381,128.2034,358,1.1,1,2014-09-15,0506,Aqua,MODIS,98,6.2,323.6,60.2,D,0
-15.9324,127.5373,381.7,1.1,1.1,2014-09-15,0506,Aqua,MODIS,100,6.2,322.4,165.7,D,0
-15.9216,127.5462,382.6,1.1,1.1,2014-09-15,0506,Aqua,MODIS,100,6.2,311.9,175,D,0
-15.9229,127.5358,385.7,1.1,1.1,2014-09-15,0506,Aqua,MODIS,100,6.2,313.6,188.9,D,0
-16.0104,127.4902,349.1,1.1,1.1,2014-09-15,0506,Aqua,MODIS,91,6.2,315.7,48.1,D,0
-16.0118,127.4797,357.2,1.1,1.1,2014-09-15,0506,Aqua,MODIS,98,6.2,316.3,70.8,D,0
-14.4183,130.0196,337.4,1,1,2014-09-15,0506,Aqua,MODIS,81,6.2,311.6,20.5,D,0
-14.4197,130.0102,341.9,1,1,2014-09-15,0506,Aqua,MODIS,86,6.2,314.7,28.7,D,0
-14.4224,129.9916,346.6,1,1,2014-09-15,0506,Aqua,MODIS,90,6.2,313.1,37.8,D,0
-15.9405,127.549,338.8,1.1,1.1,2014-09-15,0506,Aqua,MODIS,63,6.2,315.6,24.3,D,0
-18.0245,122.9645,335.6,2.4,1.5,2014-09-15,0506,Aqua,MODIS,64,6.2,318.4,42.3,D,0
-18.0211,122.946,338.6,2.4,1.5,2014-09-15,0506,Aqua,MODIS,82,6.2,316.8,60.8,D,0
-15.915,127.4492,365,1.1,1.1,2014-09-15,0506,Aqua,MODIS,100,6.2,310.2,104,D,0
-15.9136,127.4597,376.3,1.1,1.1,2014-09-15,0506,Aqua,MODIS,100,6.2,313.1,150,D,0
-15.9109,127.4808,366,1.1,1.1,2014-09-15,0506,Aqua,MODIS,100,6.2,311.8,105,D,0
-15.9245,127.4506,361,1.1,1.1,2014-09-15,0506,Aqua,MODIS,100,6.2,309.9,88.5,D,0
-15.9218,127.4716,339.9,1.1,1.1,2014-09-15,0506,Aqua,MODIS,70,6.2,310.4,32,D,0
-15.9204,127.4821,377,1.1,1.1,2014-09-15,0506,Aqua,MODIS,100,6.2,317.1,143.6,D,0
-15.919,127.4926,339.9,1.1,1.1,2014-09-15,0506,Aqua,MODIS,73,6.2,312,28,D,0
-15.9162,127.5136,339,1.1,1.1,2014-09-15,0506,Aqua,MODIS,52,6.2,310.7,29.1,D,0
-15.934,127.452,341,1.1,1.1,2014-09-15,0506,Aqua,MODIS,74,6.2,308,34.8,D,0
-15.9326,127.4625,339.5,1.1,1.1,2014-09-15,0506,Aqua,MODIS,50,6.2,310.6,29.3,D,0
-15.9313,127.4729,358.9,1.1,1.1,2014-09-15,0506,Aqua,MODIS,99,6.2,312.5,77.4,D,0
-15.9296,127.558,333.2,1.1,1.1,2014-09-15,0506,Aqua,MODIS,39,6.2,311.5,19.6,D,0
-15.931,127.5476,399.5,1.1,1.1,2014-09-15,0506,Aqua,MODIS,100,6.2,326.1,272.5,D,0
-18.001,123.0521,340.2,2.3,1.5,2014-09-15,0506,Aqua,MODIS,76,6.2,314.3,86.1,D,0
-15.9938,128.2351,336.6,1.1,1,2014-09-15,0506,Aqua,MODIS,70,6.2,321.6,13.5,D,0
-15.9299,127.4834,410,1.1,1.1,2014-09-15,0506,Aqua,MODIS,100,6.2,323.9,352.8,D,0
-15.9285,127.494,331.4,1.1,1.1,2014-09-15,0506,Aqua,MODIS,36,6.2,311.1,9.6,D,0
-15.9243,127.5255,347.1,1.1,1.1,2014-09-15,0506,Aqua,MODIS,74,6.2,313,43.8,D,0
-15.9422,127.4638,341.6,1.1,1.1,2014-09-15,0506,Aqua,MODIS,68,6.2,311.6,33.4,D,0
-15.938,127.4953,343.1,1.1,1.1,2014-09-15,0506,Aqua,MODIS,86,6.2,312.7,30.6,D,0
-15.9475,127.4966,351.7,1.1,1.1,2014-09-15,0506,Aqua,MODIS,94,6.2,314.7,50.2,D,0
-15.9461,127.5071,369.2,1.1,1.1,2014-09-15,0506,Aqua,MODIS,100,6.2,316.2,106.6,D,0
-15.9611,127.4668,357.9,1.1,1.1,2014-09-15,0506,Aqua,MODIS,98,6.2,313.3,71,D,0
-15.957,127.498,351.7,1.1,1.1,2014-09-15,0506,Aqua,MODIS,94,6.2,315.1,49.8,D,0
-15.9556,127.5085,379.6,1.1,1.1,2014-09-15,0506,Aqua,MODIS,100,6.2,317.4,151.2,D,0
-15.9706,127.4683,391.5,1.1,1.1,2014-09-15,0506,Aqua,MODIS,100,6.2,319.8,219.9,D,0
-15.9693,127.4785,344.5,1.1,1.1,2014-09-15,0506,Aqua,MODIS,87,6.2,315.2,33.4,D,0
-15.9665,127.4993,345.3,1.1,1.1,2014-09-15,0506,Aqua,MODIS,88,6.2,316.7,34.6,D,0
-15.965,127.5099,369.3,1.1,1.1,2014-09-15,0506,Aqua,MODIS,100,6.2,320.1,107.9,D,0
-15.983,127.4486,329.8,1.1,1.1,2014-09-15,0506,Aqua,MODIS,33,6.2,310.7,13.4,D,0
-15.9815,127.4592,341,1.1,1.1,2014-09-15,0506,Aqua,MODIS,79,6.2,312.7,31.3,D,0
-15.9911,127.4605,360.6,1.1,1.1,2014-09-15,0506,Aqua,MODIS,100,6.2,314.2,81.6,D,0
-15.9896,127.4711,340.4,1.1,1.1,2014-09-15,0506,Aqua,MODIS,72,6.2,314.2,27.4,D,0
-16.0006,127.4619,336.4,1.1,1.1,2014-09-15,0506,Aqua,MODIS,41,6.2,314.5,21.3,D,0
-15.9991,127.4724,379.9,1.1,1.1,2014-09-15,0506,Aqua,MODIS,100,6.2,321.2,156.9,D,0
-15.9977,127.4829,339.1,1.1,1.1,2014-09-15,0506,Aqua,MODIS,77,6.2,315.8,24.2,D,0
-18.0187,122.9685,358.9,2.4,1.5,2014-09-15,0506,Aqua,MODIS,99,6.2,319.3,211.7,D,0
-16.0023,127.4783,389.2,1.1,1.1,2014-09-15,0506,Aqua,MODIS,100,6.2,321.4,207.8,D,0
-16.003,128.2365,345.4,1.1,1,2014-09-15,0506,Aqua,MODIS,88,6.2,322.8,29.6,D,0
-15.9491,128.1617,353.5,1.1,1,2014-09-15,0506,Aqua,MODIS,95,6.2,320.6,48.4,D,0
-15.953,128.1324,340.7,1.1,1,2014-09-15,0506,Aqua,MODIS,34,6.2,319.3,22.4,D,0
-15.9544,128.1226,366.4,1.1,1,2014-09-15,0506,Aqua,MODIS,100,6.2,318.2,90.1,D,0
-15.9371,128.18,338.9,1.1,1,2014-09-15,0506,Aqua,MODIS,61,6.2,318.7,20.3,D,0
-15.9333,128.1393,364,1.1,1,2014-09-15,0506,Aqua,MODIS,100,6.2,317.1,82.1,D,0
-15.9346,128.1295,364,1.1,1,2014-09-15,0506,Aqua,MODIS,100,6.2,319.6,81.8,D,0
-15.9359,128.1196,351.4,1.1,1,2014-09-15,0506,Aqua,MODIS,78,6.2,318.4,47.8,D,0
-15.9253,128.1281,340.7,1.1,1,2014-09-15,0506,Aqua,MODIS,53,6.2,313.4,28.4,D,0
-15.9267,128.1182,359,1.1,1,2014-09-15,0506,Aqua,MODIS,99,6.2,314,71.4,D,0
-15.9886,128.148,350.8,1.1,1,2014-09-15,0506,Aqua,MODIS,93,6.2,317.4,44.7,D,0
-15.99,128.1381,360.5,1.1,1,2014-09-15,0506,Aqua,MODIS,100,6.2,317.7,71.5,D,0
-15.9581,128.2332,340.9,1.1,1,2014-09-15,0506,Aqua,MODIS,80,6.2,322.9,20.3,D,0
-15.9594,128.2234,337.5,1.1,1,2014-09-15,0506,Aqua,MODIS,52,6.2,321,14.7,D,0
-18.011,122.9628,362.7,2.4,1.5,2014-09-15,0506,Aqua,MODIS,100,6.2,318.4,247.6,D,0
-18.0085,122.9852,341.7,2.4,1.5,2014-09-15,0506,Aqua,MODIS,55,6.2,319.2,78.9,D,0
-18.0052,122.9668,341.3,2.4,1.5,2014-09-15,0506,Aqua,MODIS,85,6.2,316.9,78.6,D,0
-13.0067,132.3283,366.5,1.3,1.1,2014-09-15,0507,Aqua,MODIS,100,6.2,313.6,122.5,D,0
-12.2857,132.8662,334.8,1.4,1.2,2014-09-15,0507,Aqua,MODIS,79,6.2,307.9,30.4,D,0
-12.6727,132.1759,335,1.3,1.1,2014-09-15,0507,Aqua,MODIS,78,6.2,307,22.3,D,0
-12.3362,135.0988,322.3,2.1,1.4,2014-09-15,0507,Aqua,MODIS,21,6.2,299.9,24.8,D,0
-13.0048,132.3401,333.8,1.3,1.1,2014-09-15,0507,Aqua,MODIS,63,6.2,310.5,19.5,D,0
-13.0168,132.33,331.5,1.3,1.1,2014-09-15,0507,Aqua,MODIS,53,6.2,313.3,15,D,0
-11.5503,132.8571,328.6,1.5,1.2,2014-09-15,0507,Aqua,MODIS,57,6.2,302.9,20.6,D,0
-12.314,133.8246,333,1.7,1.3,2014-09-15,0507,Aqua,MODIS,71,6.2,303.2,40.4,D,0
-11.7706,130.1196,330.7,1.1,1,2014-09-15,0507,Aqua,MODIS,76,6.2,302.6,19.9,D,0
-11.7202,130.0962,329.5,1.1,1,2014-09-15,0507,Aqua,MODIS,75,6.2,300.5,18.7,D,0
-11.7096,130.1044,321.7,1.1,1,2014-09-15,0507,Aqua,MODIS,45,6.2,300,10.4,D,0
-12.3519,132.8973,330.2,1.4,1.2,2014-09-15,0507,Aqua,MODIS,63,6.2,308.9,16.3,D,0
-12.3559,132.9049,328.6,1.4,1.2,2014-09-15,0507,Aqua,MODIS,49,6.2,309,15.5,D,0
-11.7188,130.1058,328.5,1.1,1,2014-09-15,0507,Aqua,MODIS,72,6.2,300.7,17.9,D,0
-12.8703,132.4903,331.3,1.3,1.1,2014-09-15,0507,Aqua,MODIS,54,6.2,309,18.5,D,0
-12.8638,132.4643,338.9,1.3,1.1,2014-09-15,0507,Aqua,MODIS,77,6.2,307,32.5,D,0
-12.4635,131.0225,324.7,1.1,1.1,2014-09-15,0507,Aqua,MODIS,44,6.2,302.7,8.6,D,0
-12.8741,132.466,340.6,1.3,1.1,2014-09-15,0507,Aqua,MODIS,82,6.2,310.3,36,D,0
-12.8823,132.4606,335.7,1.3,1.1,2014-09-15,0507,Aqua,MODIS,64,6.2,310.7,23.9,D,0
-12.3216,133.9213,336.9,1.7,1.3,2014-09-15,0507,Aqua,MODIS,77,6.2,300.4,56.9,D,0
-12.3254,133.8263,324.8,1.7,1.3,2014-09-15,0507,Aqua,MODIS,34,6.2,301.3,19,D,0
-12.3279,133.811,329.2,1.7,1.3,2014-09-15,0507,Aqua,MODIS,48,6.2,304.8,28.2,D,0
-11.7338,133.2833,319.3,1.6,1.2,2014-09-15,0507,Aqua,MODIS,28,6.2,302,13.4,D,0
-12.6002,131.6528,358.2,1.2,1.1,2014-09-15,0507,Aqua,MODIS,98,6.2,308.5,89.9,D,0
-12.5986,131.6637,335.7,1.2,1.1,2014-09-15,0507,Aqua,MODIS,79,6.2,310.3,30.2,D,0
-12.5905,131.6512,349.5,1.2,1.1,2014-09-15,0507,Aqua,MODIS,93,6.2,301.7,64.5,D,0
-12.5888,131.6622,372.9,1.2,1.1,2014-09-15,0507,Aqua,MODIS,100,6.2,306.5,149.2,D,0
-11.3427,132.1083,328.4,1.3,1.1,2014-09-15,0507,Aqua,MODIS,51,6.2,300.1,18.1,D,0
-11.2755,132.3362,329.8,1.4,1.2,2014-09-15,0507,Aqua,MODIS,44,6.2,307.7,21,D,0
-12.6117,131.6434,330.1,1.2,1.1,2014-09-15,0507,Aqua,MODIS,62,6.2,303.3,20.8,D,0
-11.353,132.11,330.2,1.3,1.1,2014-09-15,0507,Aqua,MODIS,67,6.2,301.9,24.9,D,0
-11.5066,131.1643,331.6,1.2,1.1,2014-09-15,0507,Aqua,MODIS,70,6.2,306.3,18.2,D,0
-11.5206,131.2276,331.2,1.2,1.1,2014-09-15,0507,Aqua,MODIS,38,6.2,305.8,18,D,0
-11.5222,131.2169,335.4,1.2,1.1,2014-09-15,0507,Aqua,MODIS,83,6.2,306.3,23.4,D,0
-11.5099,131.2083,326.5,1.2,1.1,2014-09-15,0507,Aqua,MODIS,45,6.2,305.4,12.6,D,0
-11.5002,131.2068,335.2,1.2,1.1,2014-09-15,0507,Aqua,MODIS,83,6.2,307.6,28.3,D,0
-12.61,131.6544,342.7,1.2,1.1,2014-09-15,0507,Aqua,MODIS,88,6.2,311.4,46.1,D,0
-12.6198,131.656,325.4,1.2,1.1,2014-09-15,0507,Aqua,MODIS,47,6.2,305,13.5,D,0
-21.6869,116.5646,344.6,3.8,1.8,2014-09-15,0643,Aqua,MODIS,89,6.2,313.7,238.2,D,0
-21.6707,116.5602,331.9,3.8,1.8,2014-09-15,0643,Aqua,MODIS,75,6.2,312.8,102.2,D,0
-21.6784,116.5241,328.4,3.8,1.8,2014-09-15,0643,Aqua,MODIS,68,6.2,312.6,71.3,D,0
-21.6826,116.5587,349,3.8,1.8,2014-09-15,0643,Aqua,MODIS,93,6.2,314,299.6,D,0
-21.6901,116.5223,331.6,3.8,1.8,2014-09-15,0643,Aqua,MODIS,74,6.2,313.3,92.9,D,0
-21.6664,116.5543,331.1,3.8,1.8,2014-09-15,0643,Aqua,MODIS,73,6.2,313,88.8,D,0
-21.6946,116.5282,335.1,3.8,1.8,2014-09-15,0643,Aqua,MODIS,80,6.2,313.9,127.6,D,0
-21.2355,116.8673,342.8,4.1,1.9,2014-09-15,0643,Aqua,MODIS,88,6.2,309.5,260.3,D,0
-21.2439,116.8281,324.4,4.1,1.9,2014-09-15,0643,Aqua,MODIS,32,6.2,307.9,58.2,D,0
-21.2505,116.8666,331.5,4.1,1.9,2014-09-15,0643,Aqua,MODIS,84,6.2,307.7,127.1,D,0
-21.2522,116.8715,329.4,4.1,1.9,2014-09-15,0643,Aqua,MODIS,66,6.2,307.7,106.6,D,0
-21.2337,116.8627,343.6,4.1,1.9,2014-09-15,0643,Aqua,MODIS,92,6.2,309.9,273.9,D,0
-27.3671,148.0987,305.4,1,1,2014-09-15,1249,Terra,MODIS,64,6.2,284.3,9.6,N,0
-29.1539,148.9244,301.1,1,1,2014-09-15,1249,Terra,MODIS,38,6.2,282.3,7.5,N,0
-23.4052,147.7449,301.4,1,1,2014-09-15,1250,Terra,MODIS,41,6.2,286.7,6.4,N,0
-24.2043,144.4413,302.9,1.4,1.2,2014-09-15,1250,Terra,MODIS,52,6.2,288.6,10.5,N,0
-24.1651,144.4583,301.4,1.4,1.2,2014-09-15,1250,Terra,MODIS,41,6.2,287.7,8.9,N,0
-24.1667,144.4445,313.3,1.4,1.2,2014-09-15,1250,Terra,MODIS,87,6.2,289.2,21.8,N,0
-26.4743,149.9338,300.6,1,1,2014-09-15,1250,Terra,MODIS,31,6.2,288.2,5.4,N,0
-23.4892,150.5379,301.6,1.1,1,2014-09-15,1250,Terra,MODIS,43,6.2,286.7,7.8,N,0
-24.4621,148.3955,301,1,1,2014-09-15,1250,Terra,MODIS,36,6.2,285.3,6.2,N,0
-24.2019,150.5119,306,1.1,1,2014-09-15,1250,Terra,MODIS,67,6.2,287.6,9.5,N,0
-24.2112,150.5137,313.8,1.1,1,2014-09-15,1250,Terra,MODIS,88,6.2,288.4,15.3,N,0
-23.6971,150.3259,306.7,1.1,1,2014-09-15,1250,Terra,MODIS,44,6.2,286,9.2,N,0
-23.7004,150.3046,308.4,1.1,1,2014-09-15,1250,Terra,MODIS,35,6.2,287.1,10.4,N,0
-23.2647,147.6951,303.7,1,1,2014-09-15,1251,Terra,MODIS,57,6.2,286.2,7.4,N,0
-23.2661,147.6852,303.8,1,1,2014-09-15,1251,Terra,MODIS,57,6.2,286.4,7.5,N,0
-22.2802,148.356,321.7,1,1,2014-09-15,1251,Terra,MODIS,100,6.2,287.7,21.8,N,0
-18.2962,145.9713,300.2,1,1,2014-09-15,1252,Terra,MODIS,19,6.2,289.1,5,N,0
-15.9989,145.1777,304.1,1.1,1,2014-09-15,1253,Terra,MODIS,22,6.2,289.5,6.3,N,0
-14.926,144.9667,308.1,1.1,1,2014-09-15,1253,Terra,MODIS,61,6.2,291.1,8.1,N,0
-15.5755,145.0542,306.8,1.1,1,2014-09-15,1253,Terra,MODIS,40,6.2,288.8,8.7,N,0
-15.3074,145.2608,311.6,1,1,2014-09-15,1253,Terra,MODIS,83,6.2,292.3,10.7,N,0
-15.2367,145.106,306,1.1,1,2014-09-15,1253,Terra,MODIS,67,6.2,290.1,7.3,N,0
-14.9573,145.1353,305.2,1,1,2014-09-15,1253,Terra,MODIS,63,6.2,291.4,6.6,N,0
-15.6211,145.0472,303.7,1.1,1,2014-09-15,1253,Terra,MODIS,13,6.2,288.1,5.3,N,0
-15.3297,144.7669,307.7,1.1,1,2014-09-15,1253,Terra,MODIS,72,6.2,291.7,8.1,N,0
-15.2065,145.1351,302.9,1,1,2014-09-15,1253,Terra,MODIS,52,6.2,291,5.1,N,0
-14.9284,145.1548,304.1,1,1,2014-09-15,1253,Terra,MODIS,58,6.2,291.9,6,N,0
-15.6118,145.0458,308.4,1.1,1,2014-09-15,1253,Terra,MODIS,69,6.2,288.2,8.6,N,0
-15.2052,145.1447,307.6,1,1,2014-09-15,1253,Terra,MODIS,72,6.2,291.4,8.4,N,0
-14.9297,145.1451,303.3,1,1,2014-09-15,1253,Terra,MODIS,54,6.2,291.7,5.4,N,0
-15.331,144.757,305.4,1.1,1,2014-09-15,1253,Terra,MODIS,64,6.2,291.5,6.4,N,0
-15.1633,143.6461,303.1,1.2,1.1,2014-09-15,1253,Terra,MODIS,29,6.2,292.6,5.2,N,0
-14.9512,144.9202,316.4,1.1,1,2014-09-15,1253,Terra,MODIS,93,6.2,291.9,16.1,N,0
-15.5795,145.0246,302.9,1.1,1,2014-09-15,1253,Terra,MODIS,12,6.2,286.8,6.5,N,0
-15.4384,144.9209,309.1,1.1,1,2014-09-15,1253,Terra,MODIS,75,6.2,291.2,10.5,N,0
-15.1575,143.6911,303.8,1.2,1.1,2014-09-15,1253,Terra,MODIS,57,6.2,292,6.3,N,0
-15.6289,145.1287,307.9,1.1,1,2014-09-15,1253,Terra,MODIS,73,6.2,290,9.4,N,0
-15.4454,144.9184,311.8,1.1,1,2014-09-15,1253,Terra,MODIS,79,6.2,290.8,11,N,0
-15.4639,144.9213,300.7,1.1,1,2014-09-15,1253,Terra,MODIS,9,6.2,290.1,4.4,N,0
-15.6145,145.0964,308.3,1.1,1,2014-09-15,1253,Terra,MODIS,74,6.2,289.6,8.8,N,0
-15.6052,145.0949,310.1,1.1,1,2014-09-15,1253,Terra,MODIS,70,6.2,290.2,9.8,N,0
-15.1313,143.7269,303.1,1.2,1.1,2014-09-15,1253,Terra,MODIS,52,6.2,292.2,5.6,N,0
-15.0612,143.7283,321.8,1.2,1.1,2014-09-15,1253,Terra,MODIS,100,6.2,292.8,24.3,N,0
-14.8269,142.7727,312.2,1.4,1.2,2014-09-15,1253,Terra,MODIS,79,6.2,293.8,14.9,N,0
-14.8285,142.7601,306.4,1.4,1.2,2014-09-15,1253,Terra,MODIS,22,6.2,293.3,8.5,N,0
-13.0965,141.7853,302.4,1.5,1.2,2014-09-15,1253,Terra,MODIS,14,6.2,292,6.2,N,0
-14.7793,142.7598,304.9,1.4,1.2,2014-09-15,1253,Terra,MODIS,57,6.2,292.5,7.8,N,0
-14.8389,142.7615,356.4,1.4,1.2,2014-09-15,1253,Terra,MODIS,100,6.2,296.8,118.9,N,0
-14.7777,142.7724,313.4,1.4,1.2,2014-09-15,1253,Terra,MODIS,87,6.2,292.9,17,N,0
-14.8088,142.7765,305.4,1.4,1.2,2014-09-15,1253,Terra,MODIS,64,6.2,292.3,8.4,N,0
-14.8165,142.7713,319.1,1.4,1.2,2014-09-15,1253,Terra,MODIS,88,6.2,292.9,23,N,0
-14.7673,142.771,302.7,1.4,1.2,2014-09-15,1253,Terra,MODIS,19,6.2,292.3,5.8,N,0
-14.8405,142.7489,308.9,1.4,1.2,2014-09-15,1253,Terra,MODIS,76,6.2,293.2,12,N,0
-14.1952,143.1827,302.1,1.3,1.1,2014-09-15,1253,Terra,MODIS,47,6.2,292,5.7,N,0
-14.1937,143.1943,306.7,1.3,1.1,2014-09-15,1253,Terra,MODIS,69,6.2,292.1,9.3,N,0
-14.8373,142.7741,324.4,1.4,1.2,2014-09-15,1253,Terra,MODIS,100,6.2,293.8,32.3,N,0
-12.5585,141.9018,309.9,1.4,1.2,2014-09-15,1254,Terra,MODIS,78,6.2,292.1,13.6,N,0
-12.5978,141.9339,326.6,1.4,1.2,2014-09-15,1254,Terra,MODIS,100,6.2,292.8,41,N,0
-12.5961,141.9471,311.6,1.4,1.2,2014-09-15,1254,Terra,MODIS,83,6.2,292.8,16.9,N,0
-12.7299,142.1617,302.9,1.4,1.2,2014-09-15,1254,Terra,MODIS,52,6.2,291.9,6.4,N,0
-12.152,142.4614,301.9,1.3,1.1,2014-09-15,1254,Terra,MODIS,43,6.2,291.4,5.8,N,0
-12.3272,142.3622,305.4,1.3,1.1,2014-09-15,1254,Terra,MODIS,64,6.2,291.5,9,N,0
-12.1535,142.4494,311.5,1.3,1.1,2014-09-15,1254,Terra,MODIS,83,6.2,291.7,14.9,N,0
-12.7194,142.1603,303.4,1.4,1.2,2014-09-15,1254,Terra,MODIS,55,6.2,291.7,6.9,N,0
-12.3287,142.35,311.9,1.3,1.1,2014-09-15,1254,Terra,MODIS,84,6.2,291.5,15.7,N,0
-21.6831,116.5296,305.9,2.2,1.4,2014-09-15,1430,Terra,MODIS,66,6.2,294.4,16.5,N,0
-21.6681,116.5493,313.3,2.2,1.4,2014-09-15,1430,Terra,MODIS,87,6.2,294.2,30.8,N,0
-21.6702,116.5282,310.2,2.2,1.4,2014-09-15,1430,Terra,MODIS,79,6.2,294.6,23.5,N,0
-21.6822,116.5451,305,2.2,1.4,2014-09-15,1430,Terra,MODIS,63,6.2,294.1,14.6,N,0
-21.6693,116.5438,318.1,2.2,1.4,2014-09-15,1430,Terra,MODIS,96,6.2,294.6,43.8,N,0
-18.6747,127.3337,303,1.6,1.2,2014-09-15,1430,Terra,MODIS,44,6.2,290.5,10,N,0
-22.8091,119.5246,326.1,1.4,1.2,2014-09-15,1430,Terra,MODIS,0,6.2,295.3,33.9,N,0
-22.8139,119.531,328.9,1.4,1.2,2014-09-15,1430,Terra,MODIS,68,6.2,295.8,39.4,N,0
-22.8049,119.516,323.4,1.4,1.2,2014-09-15,1430,Terra,MODIS,79,6.2,288.5,28.5,N,0
-22.8034,119.5295,331.4,1.4,1.2,2014-09-15,1430,Terra,MODIS,46,6.2,295.2,44.2,N,0
-22.817,119.504,315.8,1.4,1.2,2014-09-15,1430,Terra,MODIS,56,6.2,283.5,17.9,N,0
-22.8155,119.5175,335.5,1.4,1.2,2014-09-15,1430,Terra,MODIS,100,6.2,295.2,53,N,0
-18.7518,128.6934,302,2,1.4,2014-09-15,1430,Terra,MODIS,46,6.2,289.8,14.5,N,0
-22.7565,119.5172,306.9,1.4,1.2,2014-09-15,1430,Terra,MODIS,29,6.2,293,9.4,N,0
-22.826,119.519,330.9,1.4,1.2,2014-09-15,1430,Terra,MODIS,100,6.2,294.9,43.5,N,0
-22.7986,119.5231,335.5,1.4,1.2,2014-09-15,1430,Terra,MODIS,82,6.2,292.7,54.6,N,0
-20.0241,128.2748,307.8,1.7,1.3,2014-09-15,1430,Terra,MODIS,73,6.2,292.7,18.9,N,0
-17.5086,125.8534,316.6,1.3,1.1,2014-09-15,1431,Terra,MODIS,93,6.2,296,18.1,N,0
-16.106,132.1493,309.5,4,1.9,2014-09-15,1431,Terra,MODIS,77,6.2,289.2,70.2,N,0
-17.5175,125.8482,307.5,1.3,1.1,2014-09-15,1431,Terra,MODIS,27,6.2,295.6,8.3,N,0
-16.0989,132.1864,341.8,4,1.9,2014-09-15,1431,Terra,MODIS,100,6.2,294.2,353.9,N,0
-16.1155,132.1899,319.5,4,1.9,2014-09-15,1431,Terra,MODIS,99,6.2,292.5,130.6,N,0
-16.1102,132.1571,324,4,1.9,2014-09-15,1431,Terra,MODIS,100,6.2,290.3,159.5,N,0
-16.1029,132.1942,339.4,4,1.9,2014-09-15,1431,Terra,MODIS,100,6.2,294.3,316.5,N,0
-16.1195,132.1977,309.3,4,1.9,2014-09-15,1431,Terra,MODIS,77,6.2,291.4,69.7,N,0
-17.5067,125.8653,310.3,1.3,1.1,2014-09-15,1431,Terra,MODIS,27,6.2,296.9,10.9,N,0
-17.5214,125.7604,308.2,1.3,1.1,2014-09-15,1431,Terra,MODIS,44,6.2,297.2,8.4,N,0
-17.5233,125.7486,308.3,1.3,1.1,2014-09-15,1431,Terra,MODIS,40,6.2,296.2,8.9,N,0
-17.512,125.7651,311.2,1.3,1.1,2014-09-15,1431,Terra,MODIS,16,6.2,296.3,11,N,0
-17.514,125.7531,318,1.3,1.1,2014-09-15,1431,Terra,MODIS,85,6.2,297.1,19.1,N,0
-17.4473,125.8422,308.9,1.3,1.1,2014-09-15,1431,Terra,MODIS,76,6.2,291.8,11.3,N,0
-17.4869,125.6616,309.3,1.3,1.1,2014-09-15,1431,Terra,MODIS,49,6.2,296.1,9.3,N,0
-17.497,125.6636,307,1.3,1.1,2014-09-15,1431,Terra,MODIS,11,6.2,296.4,7.1,N,0
-17.4576,125.844,315.8,1.3,1.1,2014-09-15,1431,Terra,MODIS,92,6.2,293.2,18.9,N,0
-17.4863,125.8615,306.4,1.3,1.1,2014-09-15,1431,Terra,MODIS,50,6.2,296,8.7,N,0
-17.4965,125.8635,311.6,1.3,1.1,2014-09-15,1431,Terra,MODIS,82,6.2,296.8,13.2,N,0
-17.5277,125.8501,305.9,1.3,1.1,2014-09-15,1431,Terra,MODIS,46,6.2,295.7,7.5,N,0
-17.5296,125.8379,306.9,1.3,1.1,2014-09-15,1431,Terra,MODIS,53,6.2,295.8,8.6,N,0
-17.5154,125.8606,322,1.3,1.1,2014-09-15,1431,Terra,MODIS,100,6.2,296.8,26.3,N,0
-17.5254,125.7996,328.5,1.3,1.1,2014-09-15,1431,Terra,MODIS,100,6.2,296.6,36.9,N,0
-17.5274,125.7873,314,1.3,1.1,2014-09-15,1431,Terra,MODIS,74,6.2,297,14.5,N,0
-17.5053,125.8584,313.6,1.3,1.1,2014-09-15,1431,Terra,MODIS,49,6.2,296.9,14.1,N,0
-18.0027,123.1424,329.7,1,1,2014-09-15,1431,Terra,MODIS,100,6.2,297.3,27.6,N,0
-18.0048,123.1916,321.4,1,1,2014-09-15,1431,Terra,MODIS,100,6.2,298,18.5,N,0
-18.0069,123.1139,314.9,1,1,2014-09-15,1431,Terra,MODIS,90,6.2,295.1,12,N,0
-18.0284,123.1529,308.7,1,1,2014-09-15,1431,Terra,MODIS,48,6.2,294.1,7.1,N,0
-18.0062,123.182,318.7,1,1,2014-09-15,1431,Terra,MODIS,97,6.2,297,15.9,N,0
-16.0043,128.14,310.4,2,1.4,2014-09-15,1431,Terra,MODIS,66,6.2,295.1,22,N,0
-16.0011,128.1585,309.8,2,1.4,2014-09-15,1431,Terra,MODIS,50,6.2,296.4,21.1,N,0
-16.0135,128.1609,312.1,2,1.4,2014-09-15,1431,Terra,MODIS,63,6.2,296.8,25.3,N,0
-16.0059,128.146,315.9,2,1.4,2014-09-15,1431,Terra,MODIS,76,6.2,295.8,32.7,N,0
-16.015,128.1669,311.8,2,1.4,2014-09-15,1431,Terra,MODIS,58,6.2,296.8,25.4,N,0
-17.7038,123.173,315.9,1,1,2014-09-15,1431,Terra,MODIS,92,6.2,294.2,13.6,N,0
-17.9971,123.1805,322.3,1,1,2014-09-15,1431,Terra,MODIS,100,6.2,296.2,19.4,N,0
-18.0013,123.1519,323.5,1,1,2014-09-15,1431,Terra,MODIS,100,6.2,297,20.9,N,0
-17.9985,123.171,312,1,1,2014-09-15,1431,Terra,MODIS,84,6.2,295.8,10.3,N,0
-18.0145,123.1249,309.6,1,1,2014-09-15,1431,Terra,MODIS,60,6.2,294.3,7.9,N,0
-18.0131,123.1344,313.7,1,1,2014-09-15,1431,Terra,MODIS,88,6.2,295,11.5,N,0
-18.0117,123.1439,319.4,1,1,2014-09-15,1431,Terra,MODIS,98,6.2,295.6,15.8,N,0
-18.0103,123.1534,330.2,1,1,2014-09-15,1431,Terra,MODIS,100,6.2,296.5,28.8,N,0
-18.009,123.163,327.8,1,1,2014-09-15,1431,Terra,MODIS,100,6.2,296.5,25.7,N,0
-18.0076,123.1725,327.9,1,1,2014-09-15,1431,Terra,MODIS,100,6.2,296.9,25.8,N,0
-18.0597,123.1288,305.1,1,1,2014-09-15,1431,Terra,MODIS,63,6.2,294.7,5.8,N,0
-18.027,123.1624,304.6,1,1,2014-09-15,1431,Terra,MODIS,54,6.2,294.3,4.8,N,0
-16.0277,127.6027,304.7,1.8,1.3,2014-09-15,1431,Terra,MODIS,35,6.2,293.1,13.1,N,0
-15.9498,127.4446,304.1,1.8,1.3,2014-09-15,1431,Terra,MODIS,40,6.2,291.9,14,N,0
-15.9588,127.4344,303.6,1.8,1.3,2014-09-15,1431,Terra,MODIS,18,6.2,293.1,12.7,N,0
-16.0063,127.5116,304.8,1.8,1.3,2014-09-15,1431,Terra,MODIS,50,6.2,293.8,14.3,N,0
-18.002,123.2106,325,1,1,2014-09-15,1431,Terra,MODIS,100,6.2,297.3,22.6,N,0
-17.9944,123.1996,319.2,1,1,2014-09-15,1431,Terra,MODIS,98,6.2,296.2,16.5,N,0
-18.0034,123.2011,328.5,1,1,2014-09-15,1431,Terra,MODIS,100,6.2,298.4,26.7,N,0
-17.9957,123.1901,337.1,1,1,2014-09-15,1431,Terra,MODIS,100,6.2,297,38.7,N,0
-16.6442,124.1688,303.3,1.1,1,2014-09-15,1431,Terra,MODIS,54,6.2,292.5,5.9,N,0
-16.0357,127.5934,302.3,1.8,1.3,2014-09-15,1431,Terra,MODIS,21,6.2,292.2,11.3,N,0
-16.6427,124.1792,304.5,1.1,1,2014-09-15,1431,Terra,MODIS,60,6.2,293.2,6.8,N,0
-18.0055,123.1234,314.8,1,1,2014-09-15,1431,Terra,MODIS,85,6.2,295.7,11.7,N,0
-18.0041,123.1329,316.7,1,1,2014-09-15,1431,Terra,MODIS,94,6.2,295.7,13.6,N,0
-16.6469,132.2323,313.3,3.9,1.8,2014-09-15,1431,Terra,MODIS,87,6.2,291.3,88.7,N,0
-16.6542,132.1959,309.8,3.9,1.8,2014-09-15,1431,Terra,MODIS,73,6.2,291.1,66.8,N,0
-16.6378,132.1923,318.7,3.9,1.8,2014-09-15,1431,Terra,MODIS,97,6.2,291.6,115.6,N,0
-16.645,132.1563,306.8,3.9,1.8,2014-09-15,1431,Terra,MODIS,34,6.2,291.2,47.9,N,0
-16.6423,132.2244,318,3.9,1.8,2014-09-15,1431,Terra,MODIS,96,6.2,291.9,117.1,N,0
-16.6493,132.1879,320.3,3.9,1.8,2014-09-15,1431,Terra,MODIS,100,6.2,292,129.3,N,0
-16.6329,132.1843,304.7,3.9,1.8,2014-09-15,1431,Terra,MODIS,61,6.2,290.3,44.7,N,0
-16.6399,132.1482,303,3.9,1.8,2014-09-15,1431,Terra,MODIS,53,6.2,291.5,37.1,N,0
-16.3858,132.1575,312.1,3.9,1.8,2014-09-15,1431,Terra,MODIS,84,6.2,290.9,83,N,0
-16.3693,132.154,325,3.9,1.8,2014-09-15,1431,Terra,MODIS,100,6.2,292.4,171.6,N,0
-16.3766,132.1177,302.7,3.9,1.8,2014-09-15,1431,Terra,MODIS,31,6.2,290,38.4,N,0
-16.3811,132.1513,328.6,3.9,1.8,2014-09-15,1431,Terra,MODIS,100,6.2,291.9,204.1,N,0
-16.1122,132.2351,302.2,4.1,1.9,2014-09-15,1431,Terra,MODIS,33,6.2,290.3,37.2,N,0
-16.3647,132.1478,316.3,3.9,1.8,2014-09-15,1431,Terra,MODIS,93,6.2,292.4,111.3,N,0
-16.3528,132.1504,301.7,3.9,1.8,2014-09-15,1431,Terra,MODIS,22,6.2,290,35.4,N,0
-16.3476,132.4167,301,4.1,1.9,2014-09-15,1431,Terra,MODIS,36,6.2,289.5,39.4,N,0
-14.7344,126.5046,301.9,1.6,1.3,2014-09-15,1432,Terra,MODIS,39,6.2,291.4,8.1,N,0
-14.7331,126.5134,307.9,1.6,1.3,2014-09-15,1432,Terra,MODIS,71,6.2,291.5,15.2,N,0
-14.7068,126.4627,305,1.6,1.2,2014-09-15,1432,Terra,MODIS,63,6.2,291.7,11.6,N,0
-14.7431,126.5216,323.1,1.6,1.3,2014-09-15,1432,Terra,MODIS,100,6.2,293.2,41.6,N,0
-14.7456,126.5069,311.2,1.6,1.3,2014-09-15,1432,Terra,MODIS,82,6.2,292.1,20,N,0
-12.3187,142.3295,300.3,1,1,2014-09-15,1556,Aqua,MODIS,25,6.2,290,3.8,N,0
-12.3173,142.3203,300.8,1,1,2014-09-15,1556,Aqua,MODIS,34,6.2,290.2,4.2,N,0
-12.5919,141.9407,325.9,1,1,2014-09-15,1556,Aqua,MODIS,100,6.2,292,25,N,0
-12.727,142.1698,300.9,1,1,2014-09-15,1556,Aqua,MODIS,22,6.2,290.6,3.8,N,0
-12.3228,142.3571,302.7,1,1,2014-09-15,1556,Aqua,MODIS,51,6.2,290.1,5.1,N,0
-12.1567,142.4792,301.2,1,1,2014-09-15,1556,Aqua,MODIS,27,6.2,290.2,4,N,0
-12.9622,143.0094,308.1,1,1,2014-09-15,1556,Aqua,MODIS,74,6.2,291.8,8.4,N,0
-12.1872,142.4398,306,1,1,2014-09-15,1556,Aqua,MODIS,66,6.2,290.5,7.2,N,0
-12.718,142.1711,301.2,1,1,2014-09-15,1556,Aqua,MODIS,24,6.2,290.8,3.9,N,0
-12.1554,142.4701,305.1,1,1,2014-09-15,1556,Aqua,MODIS,63,6.2,290.6,6.2,N,0
-12.5933,141.95,304.5,1,1,2014-09-15,1556,Aqua,MODIS,60,6.2,291.3,6.4,N,0
-12.3242,142.3663,303.4,1,1,2014-09-15,1556,Aqua,MODIS,46,6.2,290.2,5.3,N,0
-15.6079,145.0416,310.4,1.2,1.1,2014-09-15,1557,Aqua,MODIS,80,6.2,290.9,12.5,N,0
-14.9501,144.9275,306,1.2,1.1,2014-09-15,1557,Aqua,MODIS,66,6.2,291.3,9.3,N,0
-14.9487,144.9166,301.9,1.2,1.1,2014-09-15,1557,Aqua,MODIS,45,6.2,290.8,6.4,N,0
-15.6094,145.0529,312.9,1.2,1.1,2014-09-15,1557,Aqua,MODIS,86,6.2,290.8,14.6,N,0
-16.566,142.294,316.9,1,1,2014-09-15,1557,Aqua,MODIS,94,6.2,293.6,14.9,N,0
-15.5813,145.0687,308.6,1.2,1.1,2014-09-15,1557,Aqua,MODIS,52,6.2,290.4,10.5,N,0
-14.9292,145.1518,302.9,1.2,1.1,2014-09-15,1557,Aqua,MODIS,52,6.2,291.2,7.3,N,0
-14.3054,132.2262,305.3,4.1,1.9,2014-09-15,1557,Aqua,MODIS,64,6.2,293.2,42.9,N,0
-14.3037,132.2338,303.5,4.1,1.9,2014-09-15,1557,Aqua,MODIS,56,6.2,293.1,34.5,N,0
-15.5644,145.0307,310.5,1.2,1.1,2014-09-15,1557,Aqua,MODIS,25,6.2,290.4,12.2,N,0
-15.62,145.1325,300.5,1.2,1.1,2014-09-15,1557,Aqua,MODIS,25,6.2,289.6,5.3,N,0
-16.3633,132.1506,348.5,3.8,1.8,2014-09-15,1558,Aqua,MODIS,100,6.2,292.8,416.6,N,0
-16.113,132.1876,312.3,3.8,1.8,2014-09-15,1558,Aqua,MODIS,85,6.2,290,83.7,N,0
-16.0968,132.1909,330.5,3.8,1.8,2014-09-15,1558,Aqua,MODIS,100,6.2,292.9,212.6,N,0
-16.1198,132.2228,300,3.8,1.8,2014-09-15,1558,Aqua,MODIS,8,6.2,288.7,28.2,N,0
-16.1081,132.2173,314.2,3.8,1.8,2014-09-15,1558,Aqua,MODIS,89,6.2,291.2,90.8,N,0
-16.101,132.1822,328.9,3.8,1.8,2014-09-15,1558,Aqua,MODIS,100,6.2,291.8,195.9,N,0
-16.644,132.2544,318.9,3.7,1.8,2014-09-15,1558,Aqua,MODIS,98,6.2,290.5,115.8,N,0
-16.6306,132.186,302.5,3.7,1.8,2014-09-15,1558,Aqua,MODIS,49,6.2,290,35.5,N,0
-16.6374,132.2204,322.6,3.7,1.8,2014-09-15,1558,Aqua,MODIS,100,6.2,291.2,138.9,N,0
-16.6399,132.1478,300.6,3.8,1.8,2014-09-15,1558,Aqua,MODIS,18,6.2,290.6,29.1,N,0
-16.6467,132.1825,323.9,3.7,1.8,2014-09-15,1558,Aqua,MODIS,100,6.2,290.8,149.5,N,0
-16.6534,132.217,315.8,3.7,1.8,2014-09-15,1558,Aqua,MODIS,92,6.2,290.5,95.6,N,0
-16.3702,132.1857,337.1,3.8,1.8,2014-09-15,1558,Aqua,MODIS,100,6.2,291.1,272.8,N,0
-16.3795,132.1471,327,3.8,1.8,2014-09-15,1558,Aqua,MODIS,100,6.2,290.9,183.2,N,0
-16.3863,132.1823,302.2,3.8,1.8,2014-09-15,1558,Aqua,MODIS,47,6.2,288.9,38.5,N,0
-16.3709,132.1441,326.9,3.8,1.8,2014-09-15,1558,Aqua,MODIS,100,6.2,292.1,179.5,N,0
-16.378,132.1791,309.6,3.8,1.8,2014-09-15,1558,Aqua,MODIS,78,6.2,290.7,68.5,N,0
-24.1628,144.4513,307,1.4,1.2,2014-09-15,1559,Aqua,MODIS,70,6.2,288.5,15.7,N,0
-16.0069,128.1387,303.3,4.6,2,2014-09-15,1736,Aqua,MODIS,43,6.2,292,42.6,N,0
-15.9618,127.647,305,4.2,1.9,2014-09-15,1736,Aqua,MODIS,62,6.2,292.6,50.6,N,0
-16.0065,128.1431,306.7,4.6,2,2014-09-15,1736,Aqua,MODIS,69,6.2,292.2,64,N,0
-17.5282,125.8119,305.5,3.2,1.7,2014-09-15,1736,Aqua,MODIS,25,6.2,293.7,30.2,N,0
-17.5193,125.7215,312.4,3.1,1.7,2014-09-15,1736,Aqua,MODIS,85,6.2,294.3,53,N,0
-16.0108,128.187,317.4,4.6,2,2014-09-15,1736,Aqua,MODIS,95,6.2,293.9,140.1,N,0
-16.0108,128.182,318.7,4.6,2,2014-09-15,1736,Aqua,MODIS,97,6.2,294,148.1,N,0
-17.5224,125.7288,306.7,3.1,1.7,2014-09-15,1736,Aqua,MODIS,42,6.2,293.4,31.2,N,0
-17.5252,125.781,305.3,3.2,1.7,2014-09-15,1736,Aqua,MODIS,49,6.2,294.8,30.6,N,0
-17.5193,125.7002,307.6,3.1,1.7,2014-09-15,1736,Aqua,MODIS,59,6.2,294.1,35.1,N,0
-17.9914,123.1957,321.2,2.1,1.4,2014-09-15,1737,Aqua,MODIS,100,6.2,293.9,53.3,N,0
-18.0122,123.1541,307.4,2,1.4,2014-09-15,1737,Aqua,MODIS,71,6.2,291.9,21.4,N,0
-17.9996,123.1556,345.9,2,1.4,2014-09-15,1737,Aqua,MODIS,100,6.2,295.3,150.6,N,0
-17.9871,123.1571,310.8,2,1.4,2014-09-15,1737,Aqua,MODIS,26,6.2,293.1,25.2,N,0
-18.0018,123.1749,310.6,2,1.4,2014-09-15,1737,Aqua,MODIS,32,6.2,293.3,24.8,N,0
-18.01,123.1349,308.9,2,1.4,2014-09-15,1737,Aqua,MODIS,76,6.2,291.8,24.7,N,0
-17.9892,123.1764,334.7,2,1.4,2014-09-15,1737,Aqua,MODIS,100,6.2,294.8,97.2,N,0
-22.7864,118.1385,321.7,1.1,1.1,2014-09-15,1738,Aqua,MODIS,100,6.2,295.4,22,N,0
-22.7835,118.1167,301.9,1.1,1.1,2014-09-15,1738,Aqua,MODIS,45,6.2,291.6,4.9,N,0
-22.7588,119.5207,305.8,1.3,1.1,2014-09-15,1738,Aqua,MODIS,38,6.2,291.1,9.7,N,0
-22.7913,119.5293,339.7,1.3,1.1,2014-09-15,1738,Aqua,MODIS,100,6.2,295.5,62.8,N,0
-22.7929,119.5424,334.3,1.3,1.1,2014-09-15,1738,Aqua,MODIS,100,6.2,295.6,49.5,N,0
-22.8361,119.5827,325.1,1.3,1.1,2014-09-15,1738,Aqua,MODIS,100,6.2,293.6,34.2,N,0
-22.8033,119.5409,335.6,1.3,1.1,2014-09-15,1738,Aqua,MODIS,100,6.2,296.3,51.8,N,0
-22.8169,119.5656,343.8,1.3,1.1,2014-09-15,1738,Aqua,MODIS,100,6.2,294.4,73.2,N,0
-22.8049,119.5539,387.9,1.3,1.1,2014-09-15,1738,Aqua,MODIS,100,6.2,309.2,285.8,N,0
-22.8065,119.567,351.7,1.3,1.1,2014-09-15,1738,Aqua,MODIS,100,6.2,300.4,98.5,N,0
-22.8136,119.5395,308.2,1.3,1.1,2014-09-15,1738,Aqua,MODIS,13,6.2,290,9.9,N,0
-22.8153,119.5525,356.1,1.3,1.1,2014-09-15,1738,Aqua,MODIS,100,6.2,295.8,114.1,N,0
-22.8273,119.5641,347.8,1.3,1.1,2014-09-15,1738,Aqua,MODIS,100,6.2,295.7,84.8,N,0
-22.8226,119.558,325.8,1.3,1.1,2014-09-15,1738,Aqua,MODIS,100,6.2,293.6,33.6,N,0
-22.8289,119.5772,349,1.3,1.1,2014-09-15,1738,Aqua,MODIS,100,6.2,296.2,90.2,N,0
-22.8241,119.5711,326.1,1.3,1.1,2014-09-15,1738,Aqua,MODIS,100,6.2,293.4,35.1,N,0
-22.8345,119.5696,346.3,1.3,1.1,2014-09-15,1738,Aqua,MODIS,100,6.2,295.2,83.1,N,0
-22.7769,118.14,351.4,1.1,1.1,2014-09-15,1738,Aqua,MODIS,100,6.2,295.1,77.5,N,0
-22.7783,118.1509,309.4,1.1,1.1,2014-09-15,1738,Aqua,MODIS,77,6.2,292.8,10.4,N,0
-22.7754,118.1291,320.9,1.1,1.1,2014-09-15,1738,Aqua,MODIS,100,6.2,293.3,21,N,0
-22.785,118.1276,317.9,1.1,1.1,2014-09-15,1738,Aqua,MODIS,96,6.2,294.3,17.6,N,0
-21.2741,116.8881,308.2,1,1,2014-09-15,1738,Aqua,MODIS,74,6.2,294.4,7.2,N,0
-21.6668,116.5464,304.8,1,1,2014-09-15,1738,Aqua,MODIS,51,6.2,292.8,5.6,N,0
-21.6758,116.545,302.4,1,1,2014-09-15,1738,Aqua,MODIS,46,6.2,292.2,4.3,N,0
-21.2456,116.8828,307.5,1,1,2014-09-15,1738,Aqua,MODIS,72,6.2,294.8,6.4,N,0
-21.0935,118.5097,306.4,1.1,1.1,2014-09-15,1738,Aqua,MODIS,68,6.2,291.5,9,N,0
-21.1885,116.8721,312.3,1,1,2014-09-15,1738,Aqua,MODIS,85,6.2,295.4,10.3,N,0
-26.9574,151.4669,362.8,1.6,1.2,2014-09-15,2347,Terra,MODIS,100,6.2,306,162.4,D,0
-26.9603,151.4826,328.8,1.6,1.2,2014-09-15,2347,Terra,MODIS,82,6.2,303.2,33.9,D,0
-26.9684,151.4645,333,1.6,1.2,2014-09-15,2347,Terra,MODIS,85,6.2,304.2,45.3,D,0
-26.9713,151.4801,320.8,1.6,1.2,2014-09-15,2347,Terra,MODIS,73,6.2,302.5,17.8,D,0
-31.1476,151.761,312.2,1.3,1.1,2014-09-15,2348,Terra,MODIS,70,6.2,292.7,13.5,D,0
-28.575,148.9881,318.2,2.1,1.4,2014-09-15,2348,Terra,MODIS,69,6.2,301.8,20.9,D,0
-28.5707,148.9668,323.9,2.1,1.4,2014-09-15,2348,Terra,MODIS,77,6.2,302.7,38,D,0
-28.572,148.9734,330,2.1,1.4,2014-09-15,2348,Terra,MODIS,82,6.2,302.8,55.8,D,0
-42.3564,147.1348,310.4,1.4,1.2,2014-09-15,2352,Terra,MODIS,38,6.2,279.9,18.4,D,0
-13.1767,135.3709,331.4,1,1,2014-09-16,0122,Terra,MODIS,75,6.2,308.5,13.9,D,0
-15.3281,141.5959,335.6,2.4,1.5,2014-09-16,0122,Terra,MODIS,86,6.2,309.2,83.7,D,0
-12.3123,133.901,332,1,1,2014-09-16,0122,Terra,MODIS,74,6.2,306.9,19.7,D,0
-15.3334,141.602,333.5,2.4,1.5,2014-09-16,0122,Terra,MODIS,79,6.2,308.2,73,D,0
-14.2868,143.1096,315.3,3,1.7,2014-09-16,0122,Terra,MODIS,40,6.2,298.5,26,D,0
-14.2719,143.1113,317.9,3,1.7,2014-09-16,0122,Terra,MODIS,65,6.2,298.6,38.1,D,0
-12.1853,141.9282,323.4,2.3,1.5,2014-09-16,0122,Terra,MODIS,0,6.2,310.3,44.8,D,0
-14.166,143.2438,314.8,3.1,1.7,2014-09-16,0122,Terra,MODIS,45,6.2,299.3,30.9,D,0
-15.064,143.7337,329.5,3.5,1.8,2014-09-16,0122,Terra,MODIS,80,6.2,296.5,123.9,D,0
-15.0737,143.7272,323.3,3.5,1.8,2014-09-16,0122,Terra,MODIS,72,6.2,296.9,74.8,D,0
-13.1511,135.3841,326.4,1,1,2014-09-16,0122,Terra,MODIS,58,6.2,310,7.4,D,0
-13.1497,135.3749,347.4,1,1,2014-09-16,0122,Terra,MODIS,92,6.2,311.9,39.7,D,0
-15.0133,141.9643,328.2,2.5,1.5,2014-09-16,0122,Terra,MODIS,78,6.2,307.4,50.9,D,0
-13.2657,134.173,339.2,1,1,2014-09-16,0122,Terra,MODIS,84,6.2,311.5,25.4,D,0
-14.2863,143.1042,316.7,3,1.7,2014-09-16,0122,Terra,MODIS,22,6.2,298.4,30,D,0
-14.1672,143.2491,313.4,3.1,1.7,2014-09-16,0122,Terra,MODIS,34,6.2,299,25.3,D,0
-13.2748,134.1716,340.7,1,1,2014-09-16,0122,Terra,MODIS,86,6.2,306.9,28.5,D,0
-13.2762,134.1809,384.8,1,1,2014-09-16,0122,Terra,MODIS,100,6.2,314.5,160.1,D,0
-13.2685,134.1916,358.9,1,1,2014-09-16,0122,Terra,MODIS,99,6.2,315.5,67,D,0
-13.2776,134.1902,351.7,1,1,2014-09-16,0122,Terra,MODIS,95,6.2,311.2,49.2,D,0
-13.2671,134.1823,379.4,1,1,2014-09-16,0122,Terra,MODIS,100,6.2,317.2,136.2,D,0
-12.7926,135.0137,340.1,1,1,2014-09-16,0122,Terra,MODIS,86,6.2,312.1,25,D,0
-12.5362,141.9085,319.6,2.3,1.5,2014-09-16,0122,Terra,MODIS,33,6.2,304,24.7,D,0
-12.5329,141.9034,324.6,2.3,1.5,2014-09-16,0122,Terra,MODIS,75,6.2,302.6,41.8,D,0
-12.9028,135.7029,331.8,1,1,2014-09-16,0122,Terra,MODIS,76,6.2,308.9,17.3,D,0
-13.5303,135.2087,328.4,1,1,2014-09-16,0122,Terra,MODIS,69,6.2,308.3,12.7,D,0
-12.9015,135.6936,335.2,1,1,2014-09-16,0122,Terra,MODIS,81,6.2,309.1,21.6,D,0
-13.4495,141.8223,333.1,2.3,1.5,2014-09-16,0122,Terra,MODIS,84,6.2,303.4,78,D,0
-13.4522,141.8438,328.3,2.3,1.5,2014-09-16,0122,Terra,MODIS,79,6.2,303.8,57.5,D,0
-13.4455,141.8172,321.1,2.3,1.5,2014-09-16,0122,Terra,MODIS,48,6.2,302.4,29.3,D,0
-13.448,141.8387,332,2.3,1.5,2014-09-16,0122,Terra,MODIS,83,6.2,302.9,74.8,D,0
-13.4352,135.1259,333.3,1,1,2014-09-16,0122,Terra,MODIS,77,6.2,311.1,16.3,D,0
-15.32,141.6036,332.7,2.4,1.5,2014-09-16,0122,Terra,MODIS,78,6.2,310.2,68.2,D,0
-15.3306,141.6182,324.3,2.4,1.5,2014-09-16,0122,Terra,MODIS,56,6.2,306.9,32.6,D,0
-12.5969,131.6598,327.2,1.3,1.1,2014-09-16,0122,Terra,MODIS,41,6.2,309.4,18.1,D,0
-12.6276,131.6548,360.3,1.3,1.1,2014-09-16,0122,Terra,MODIS,100,6.2,306.7,114.7,D,0
-13.178,135.3801,330,1,1,2014-09-16,0122,Terra,MODIS,73,6.2,309.4,12.6,D,0
-12.1173,134.1917,337.2,1,1,2014-09-16,0122,Terra,MODIS,0,6.2,306.5,29,D,0
-11.5026,131.1634,327.3,1.5,1.2,2014-09-16,0122,Terra,MODIS,65,6.2,306,19.3,D,0
-11.5048,131.1769,324.9,1.5,1.2,2014-09-16,0122,Terra,MODIS,30,6.2,304.3,13.3,D,0
-11.5264,131.2422,328.8,1.5,1.2,2014-09-16,0122,Terra,MODIS,57,6.2,303.2,24.6,D,0
-13.0052,135.7102,326.3,1,1,2014-09-16,0122,Terra,MODIS,56,6.2,309.4,10.2,D,0
-13.4469,135.1429,331.1,1,1,2014-09-16,0122,Terra,MODIS,73,6.2,311.1,14.9,D,0
-13.4366,135.1351,328.4,1,1,2014-09-16,0122,Terra,MODIS,58,6.2,311.6,10.5,D,0
-14.2079,143.2107,315,3.1,1.7,2014-09-16,0122,Terra,MODIS,40,6.2,298.7,25.5,D,0
-12.6041,141.9375,333.3,2.3,1.5,2014-09-16,0122,Terra,MODIS,65,6.2,304.4,83.2,D,0
-14.6167,134.3986,333.7,1,1,2014-09-16,0122,Terra,MODIS,77,6.2,311.5,15.9,D,0
-14.4109,134.3767,331.2,1,1,2014-09-16,0122,Terra,MODIS,62,6.2,310.1,13,D,0
-15.6131,145.0448,326.5,4.4,1.9,2014-09-16,0122,Terra,MODIS,52,6.2,298.7,139.5,D,0
-14.4268,134.2986,323.3,1,1,2014-09-16,0122,Terra,MODIS,23,6.2,307.5,6.2,D,0
-14.4232,134.4597,331.5,1,1,2014-09-16,0122,Terra,MODIS,57,6.2,312.5,12.2,D,0
-14.4468,134.3711,349,1,1,2014-09-16,0122,Terra,MODIS,93,6.2,310.9,41.9,D,0
-12.1894,143.0114,311.4,2.8,1.6,2014-09-16,0122,Terra,MODIS,47,6.2,297.9,25.8,D,0
-14.3117,141.8803,316.5,2.4,1.5,2014-09-16,0122,Terra,MODIS,47,6.2,301.9,20.7,D,0
-12.9582,142.9996,314.8,2.8,1.6,2014-09-16,0122,Terra,MODIS,39,6.2,300.5,26.8,D,0
-12.3253,142.4605,326.1,2.5,1.5,2014-09-16,0122,Terra,MODIS,43,6.2,303.9,42.3,D,0
-12.3192,142.4681,325,2.5,1.5,2014-09-16,0122,Terra,MODIS,59,6.2,304.4,38.3,D,0
-15.5969,145.0422,335.3,4.4,1.9,2014-09-16,0122,Terra,MODIS,76,6.2,296.9,231.9,D,0
-14.5229,134.325,346.1,1,1,2014-09-16,0122,Terra,MODIS,90,6.2,312.1,36.9,D,0
-12.3257,142.3445,325.9,2.5,1.5,2014-09-16,0122,Terra,MODIS,79,6.2,303.3,42.7,D,0
-14.5573,134.3699,331.9,1,1,2014-09-16,0122,Terra,MODIS,65,6.2,313.1,13.3,D,0
-14.4275,134.3647,330.5,1,1,2014-09-16,0122,Terra,MODIS,70,6.2,310.8,12.1,D,0
-12.2858,136.7843,322.9,1.1,1,2014-09-16,0122,Terra,MODIS,69,6.2,296.9,13.3,D,0
-14.5153,134.3356,327.3,1,1,2014-09-16,0122,Terra,MODIS,51,6.2,310.8,7.5,D,0
-12.96,142.9926,318.1,2.8,1.6,2014-09-16,0122,Terra,MODIS,62,6.2,301.2,41.1,D,0
-12.8423,142.8842,313.6,2.8,1.6,2014-09-16,0122,Terra,MODIS,59,6.2,300.5,22.4,D,0
-15.562,145.0466,330.6,4.4,1.9,2014-09-16,0122,Terra,MODIS,67,6.2,295.9,181.6,D,0
-12.2872,136.7941,333.3,1.1,1,2014-09-16,0122,Terra,MODIS,83,6.2,296.6,27.3,D,0
-14.6181,134.4078,343.2,1,1,2014-09-16,0122,Terra,MODIS,88,6.2,311.7,31.2,D,0
-12.3284,142.3674,324.9,2.5,1.5,2014-09-16,0122,Terra,MODIS,75,6.2,304.9,38.8,D,0
-14.435,134.4768,337.8,1,1,2014-09-16,0122,Terra,MODIS,62,6.2,311.2,21.1,D,0
-12.1921,143.0044,311.8,2.8,1.6,2014-09-16,0122,Terra,MODIS,47,6.2,297.8,24.3,D,0
-12.9551,142.9741,315.7,2.8,1.6,2014-09-16,0122,Terra,MODIS,53,6.2,300.1,29.1,D,0
-12.3324,142.3507,328.4,2.5,1.5,2014-09-16,0122,Terra,MODIS,81,6.2,304,49.1,D,0
-14.4523,134.4081,331,1,1,2014-09-16,0122,Terra,MODIS,62,6.2,309.2,11.3,D,0
-14.5243,134.3342,334.3,1,1,2014-09-16,0122,Terra,MODIS,78,6.2,310.4,16.9,D,0
-14.4482,134.3804,356.4,1,1,2014-09-16,0122,Terra,MODIS,97,6.2,310.8,58.3,D,0
-15.0193,141.957,324,2.5,1.5,2014-09-16,0122,Terra,MODIS,70,6.2,306.5,35.1,D,0
-15.5608,145.0516,331.4,4.4,1.9,2014-09-16,0122,Terra,MODIS,77,6.2,295.2,192.3,D,0
-14.5587,134.3792,334.8,1,1,2014-09-16,0122,Terra,MODIS,76,6.2,312.9,17.8,D,0
-15.5957,145.0473,332.7,4.4,1.9,2014-09-16,0122,Terra,MODIS,83,6.2,296.8,207.2,D,0
-15.0605,143.7012,325,3.4,1.7,2014-09-16,0122,Terra,MODIS,74,6.2,295.5,92.9,D,0
-13.0939,132.2735,334.1,1.2,1.1,2014-09-16,0122,Terra,MODIS,72,6.2,308.4,23.4,D,0
-14.1751,132.3657,360.7,1.2,1.1,2014-09-16,0122,Terra,MODIS,100,6.2,312.8,86.8,D,0
-14.1655,132.3674,335.7,1.2,1.1,2014-09-16,0122,Terra,MODIS,60,6.2,310.8,22.4,D,0
-14.1638,132.3567,338,1.2,1.1,2014-09-16,0122,Terra,MODIS,83,6.2,310.2,27.4,D,0
-15.6,145.0892,324.5,4.5,1.9,2014-09-16,0122,Terra,MODIS,74,6.2,297.7,115,D,0
-12.3295,142.3281,337.1,2.5,1.5,2014-09-16,0122,Terra,MODIS,88,6.2,303.9,94.6,D,0
-12.323,142.3221,331.2,2.5,1.5,2014-09-16,0122,Terra,MODIS,84,6.2,303.4,66,D,0
-14.1847,132.3642,380.6,1.2,1.1,2014-09-16,0122,Terra,MODIS,100,6.2,313.9,169.1,D,0
-14.1863,132.3748,342.9,1.2,1.1,2014-09-16,0122,Terra,MODIS,70,6.2,312.6,35.8,D,0
-12.8364,142.8647,313.8,2.8,1.6,2014-09-16,0122,Terra,MODIS,57,6.2,300.7,20.1,D,0
-12.3099,133.8233,325.8,1.1,1,2014-09-16,0122,Terra,MODIS,43,6.2,309.4,9.5,D,0
-14.1559,132.369,333.5,1.2,1.1,2014-09-16,0122,Terra,MODIS,46,6.2,309.8,20.3,D,0
-14.1943,132.3627,402.5,1.2,1.1,2014-09-16,0122,Terra,MODIS,100,6.2,313.9,309.9,D,0
-14.1959,132.3732,370.2,1.2,1.1,2014-09-16,0122,Terra,MODIS,100,6.2,316.5,122.5,D,0
-14.2039,132.3614,356.8,1.2,1.1,2014-09-16,0122,Terra,MODIS,98,6.2,307.4,78,D,0
-13.0956,132.2845,328,1.2,1.1,2014-09-16,0122,Terra,MODIS,41,6.2,309.8,11.4,D,0
-12.2897,132.8755,328.4,1.1,1.1,2014-09-16,0122,Terra,MODIS,28,6.2,306.6,12.8,D,0
-14.2055,132.3717,375.1,1.2,1.1,2014-09-16,0122,Terra,MODIS,100,6.2,309.6,145.3,D,0
-12.2852,132.8721,327.9,1.1,1.1,2014-09-16,0122,Terra,MODIS,36,6.2,307.4,11.4,D,0
-13.7537,135.1,325.6,1,1,2014-09-16,0122,Terra,MODIS,28,6.2,309.7,5.7,D,0
-15.662,145.1554,315.1,4.5,2,2014-09-16,0122,Terra,MODIS,24,6.2,296.8,63.4,D,0
-15.6618,145.1622,316.4,4.5,2,2014-09-16,0122,Terra,MODIS,46,6.2,297,73.3,D,0
-13.9586,136.6686,324.7,1.1,1,2014-09-16,0122,Terra,MODIS,67,6.2,299.8,16.4,D,0
-13.9537,136.6758,320.7,1.1,1,2014-09-16,0122,Terra,MODIS,32,6.2,300.9,9.3,D,0
-15.5566,145.0104,327,4.4,1.9,2014-09-16,0122,Terra,MODIS,52,6.2,295.9,151.5,D,0
-14.2072,132.3822,356.4,1.2,1.1,2014-09-16,0122,Terra,MODIS,98,6.2,310.1,73.7,D,0
-14.1672,132.378,338.8,1.2,1.1,2014-09-16,0122,Terra,MODIS,75,6.2,309.7,28.7,D,0
-12.3376,135.1129,333.9,1,1,2014-09-16,0122,Terra,MODIS,79,6.2,308.3,17.1,D,0
-13.1037,132.2719,341.5,1.2,1.1,2014-09-16,0122,Terra,MODIS,87,6.2,307.2,40,D,0
-12.3373,135.9905,324.3,1,1,2014-09-16,0122,Terra,MODIS,59,6.2,306.6,10.7,D,0
-16.2877,132.0672,363.1,1.1,1.1,2014-09-16,0123,Terra,MODIS,100,6.2,315.2,91.5,D,0
-16.2815,132.0897,334.5,1.1,1.1,2014-09-16,0123,Terra,MODIS,80,6.2,313.6,22.8,D,0
-15.5726,131.6889,359.5,1.2,1.1,2014-09-16,0123,Terra,MODIS,99,6.2,310.1,89.1,D,0
-16.3308,132.0646,397.8,1.1,1.1,2014-09-16,0123,Terra,MODIS,100,6.2,322,267.7,D,0
-16.3518,132.416,341.9,1.1,1,2014-09-16,0123,Terra,MODIS,87,6.2,312.1,34.9,D,0
-16.356,132.0389,330.9,1.1,1.1,2014-09-16,0123,Terra,MODIS,43,6.2,308.1,17.3,D,0
-16.3292,132.0542,354.4,1.1,1.1,2014-09-16,0123,Terra,MODIS,96,6.2,310.4,66.8,D,0
-16.323,132.0767,344.4,1.1,1.1,2014-09-16,0123,Terra,MODIS,90,6.2,314.3,41.9,D,0
-16.3325,132.0751,343.6,1.1,1.1,2014-09-16,0123,Terra,MODIS,89,6.2,312.1,41.2,D,0
-16.3214,132.0662,358.2,1.1,1.1,2014-09-16,0123,Terra,MODIS,99,6.2,316.6,78.2,D,0
-16.291,132.0881,341.6,1.1,1.1,2014-09-16,0123,Terra,MODIS,87,6.2,313.2,36.5,D,0
-16.2893,132.0777,351.5,1.1,1.1,2014-09-16,0123,Terra,MODIS,95,6.2,316.2,56.7,D,0
-15.5824,131.6873,336,1.2,1.1,2014-09-16,0123,Terra,MODIS,66,6.2,305.5,28.8,D,0
-15.5806,131.6762,336.4,1.2,1.1,2014-09-16,0123,Terra,MODIS,74,6.2,307.7,29.6,D,0
-15.5664,131.7127,408.6,1.2,1.1,2014-09-16,0123,Terra,MODIS,100,6.2,316.3,379.9,D,0
-15.5682,131.7238,380.4,1.2,1.1,2014-09-16,0123,Terra,MODIS,100,6.2,312.9,180.8,D,0
-15.5708,131.6778,344.3,1.2,1.1,2014-09-16,0123,Terra,MODIS,89,6.2,311.1,43.8,D,0
-15.5762,131.7111,347.6,1.2,1.1,2014-09-16,0123,Terra,MODIS,92,6.2,305,55.3,D,0
-16.175,132.3053,328.6,1.1,1,2014-09-16,0123,Terra,MODIS,51,6.2,310.7,12.5,D,0
-15.4935,131.7082,352.5,1.2,1.1,2014-09-16,0123,Terra,MODIS,95,6.2,313.4,63.2,D,0
-14.5568,133.2188,327.3,1.1,1,2014-09-16,0123,Terra,MODIS,54,6.2,309.3,9.2,D,0
-16.1733,132.295,336.3,1.1,1,2014-09-16,0123,Terra,MODIS,82,6.2,313,23.8,D,0
-16.3403,132.063,345.6,1.1,1.1,2014-09-16,0123,Terra,MODIS,91,6.2,308.8,44.9,D,0
-16.3102,132.0574,369.8,1.1,1.1,2014-09-16,0123,Terra,MODIS,100,6.2,314.1,120.5,D,0
-16.3119,132.0678,351,1.1,1.1,2014-09-16,0123,Terra,MODIS,94,6.2,314.1,57.4,D,0
-16.1639,132.2965,331.8,1.1,1,2014-09-16,0123,Terra,MODIS,72,6.2,312.3,17,D,0
-16.158,132.2931,335.1,1.1,1,2014-09-16,0123,Terra,MODIS,41,6.2,311.2,21.2,D,0
-16.1376,132.2859,330,1.1,1.1,2014-09-16,0123,Terra,MODIS,37,6.2,310.4,14.9,D,0
-16.3536,132.1465,331.3,1.1,1.1,2014-09-16,0123,Terra,MODIS,21,6.2,310.8,16.8,D,0
-16.3614,132.1345,330.6,1.1,1.1,2014-09-16,0123,Terra,MODIS,26,6.2,311.7,15.7,D,0
-15.5371,131.7176,338.4,1.2,1.1,2014-09-16,0123,Terra,MODIS,76,6.2,312.1,28.9,D,0
-15.5389,131.7287,338.3,1.2,1.1,2014-09-16,0123,Terra,MODIS,70,6.2,310.3,28.9,D,0
-15.5469,131.716,336.6,1.2,1.1,2014-09-16,0123,Terra,MODIS,67,6.2,311.9,25.3,D,0
-15.5487,131.7271,341.9,1.2,1.1,2014-09-16,0123,Terra,MODIS,87,6.2,311.2,37.3,D,0
-16.363,132.1449,338.1,1.1,1.1,2014-09-16,0123,Terra,MODIS,74,6.2,313.1,27.3,D,0
-14.5553,133.2091,326.2,1.1,1,2014-09-16,0123,Terra,MODIS,53,6.2,308.5,7.7,D,0
-15.4952,131.7193,347.8,1.2,1.1,2014-09-16,0123,Terra,MODIS,92,6.2,311.7,50.6,D,0
-16.31,132.0849,334.9,1.1,1.1,2014-09-16,0123,Terra,MODIS,31,6.2,310.8,22.8,D,0
-16.3067,132.064,359.5,1.1,1.1,2014-09-16,0123,Terra,MODIS,99,6.2,313.8,79.7,D,0
-16.3135,132.0783,334.9,1.1,1.1,2014-09-16,0123,Terra,MODIS,80,6.2,313,23.8,D,0
-16.3051,132.0535,355.8,1.1,1.1,2014-09-16,0123,Terra,MODIS,97,6.2,313.7,70.3,D,0
-16.3005,132.0865,339,1.1,1.1,2014-09-16,0123,Terra,MODIS,73,6.2,312.3,30.3,D,0
-16.2988,132.0761,347,1.1,1.1,2014-09-16,0123,Terra,MODIS,92,6.2,314.1,44.3,D,0
-16.3152,132.0887,324.9,1.1,1.1,2014-09-16,0123,Terra,MODIS,43,6.2,309.3,9.2,D,0
-16.2972,132.0656,352.8,1.1,1.1,2014-09-16,0123,Terra,MODIS,95,6.2,313.3,59.2,D,0
-16.2956,132.0551,352,1.1,1.1,2014-09-16,0123,Terra,MODIS,95,6.2,315.6,58.8,D,0
-15.5548,131.7032,334.9,1.2,1.1,2014-09-16,0123,Terra,MODIS,70,6.2,310.4,19.6,D,0
-15.5566,131.7143,380.7,1.2,1.1,2014-09-16,0123,Terra,MODIS,100,6.2,316.1,179.8,D,0
-15.5584,131.7254,355.1,1.2,1.1,2014-09-16,0123,Terra,MODIS,97,6.2,313,73.5,D,0
-15.5646,131.7016,334.1,1.2,1.1,2014-09-16,0123,Terra,MODIS,56,6.2,310.1,21.2,D,0
-16.2926,132.0986,327.1,1.1,1.1,2014-09-16,0123,Terra,MODIS,58,6.2,309.2,12.7,D,0
-15.5393,135.2933,329.6,1,1,2014-09-16,0123,Terra,MODIS,52,6.2,310,11.3,D,0
-16.3147,135.8921,355.2,1.1,1,2014-09-16,0123,Terra,MODIS,97,6.2,312.7,60.5,D,0
-16.3161,135.902,346,1.1,1,2014-09-16,0123,Terra,MODIS,90,6.2,312.9,38.9,D,0
-16.3215,135.3591,329.9,1,1,2014-09-16,0123,Terra,MODIS,65,6.2,314.4,11.5,D,0
-14.9307,134.6528,330,1,1,2014-09-16,0123,Terra,MODIS,39,6.2,310,11.7,D,0
-15.3932,135.755,324.4,1,1,2014-09-16,0123,Terra,MODIS,16,6.2,310,6.9,D,0
-15.4023,135.7536,328.2,1,1,2014-09-16,0123,Terra,MODIS,58,6.2,309.9,11.4,D,0
-16.3298,135.4166,341.7,1,1,2014-09-16,0123,Terra,MODIS,87,6.2,312.8,30.6,D,0
-14.9487,134.587,330.1,1,1,2014-09-16,0123,Terra,MODIS,64,6.2,309.9,13.5,D,0
-15.7848,136.1794,340.5,1.1,1,2014-09-16,0123,Terra,MODIS,85,6.2,312.6,28.6,D,0
-15.401,135.7439,375.7,1,1,2014-09-16,0123,Terra,MODIS,100,6.2,312.4,127.8,D,0
-14.9604,134.6041,335.8,1,1,2014-09-16,0123,Terra,MODIS,81,6.2,309.7,21.1,D,0
-14.9473,134.5778,336.4,1,1,2014-09-16,0123,Terra,MODIS,81,6.2,308.5,22.2,D,0
-16.3284,135.407,334,1,1,2014-09-16,0123,Terra,MODIS,78,6.2,313,17.4,D,0
-16.2911,135.9259,334.5,1.1,1,2014-09-16,0123,Terra,MODIS,78,6.2,315.4,15.7,D,0
-15.5379,135.2838,328.1,1,1,2014-09-16,0123,Terra,MODIS,34,6.2,311.8,9,D,0
-15.3918,135.7453,327.7,1,1,2014-09-16,0123,Terra,MODIS,47,6.2,312.8,11,D,0
-17.2518,138.4057,414.7,1.5,1.2,2014-09-16,0123,Terra,MODIS,100,6.2,322,599.5,D,0
-17.2535,138.4196,377,1.5,1.2,2014-09-16,0123,Terra,MODIS,100,6.2,318.9,222.8,D,0
-17.2626,138.4042,360,1.5,1.2,2014-09-16,0123,Terra,MODIS,99,6.2,308.9,125.2,D,0
-17.2644,138.4181,379,1.5,1.2,2014-09-16,0123,Terra,MODIS,100,6.2,311.8,237.6,D,0
-14.4497,132.94,325.3,1.1,1,2014-09-16,0123,Terra,MODIS,35,6.2,307.5,7.1,D,0
-14.459,132.9385,330.2,1.1,1,2014-09-16,0123,Terra,MODIS,71,6.2,307.2,13.6,D,0
-16.959,132.4166,329.9,1.1,1,2014-09-16,0123,Terra,MODIS,56,6.2,312.8,10.4,D,0
-16.9622,132.4366,339.8,1.1,1,2014-09-16,0123,Terra,MODIS,86,6.2,314.3,24.6,D,0
-16.9637,132.4467,329.6,1.1,1,2014-09-16,0123,Terra,MODIS,66,6.2,312.6,8.2,D,0
-16.9653,132.4566,326.7,1.1,1,2014-09-16,0123,Terra,MODIS,52,6.2,312.8,5.3,D,0
-16.9669,132.4666,342.6,1.1,1,2014-09-16,0123,Terra,MODIS,88,6.2,314.9,31.9,D,0
-16.9684,132.4767,339.8,1.1,1,2014-09-16,0123,Terra,MODIS,83,6.2,314,28,D,0
-16.9683,132.4151,337.3,1.1,1,2014-09-16,0123,Terra,MODIS,57,6.2,311.4,22,D,0
-16.9699,132.4251,343,1.1,1,2014-09-16,0123,Terra,MODIS,77,6.2,312.1,29.5,D,0
-16.9714,132.4351,341.8,1.1,1,2014-09-16,0123,Terra,MODIS,49,6.2,314.6,26.6,D,0
-16.973,132.4451,347.4,1.1,1,2014-09-16,0123,Terra,MODIS,82,6.2,314.4,37.7,D,0
-16.9746,132.4551,342,1.1,1,2014-09-16,0123,Terra,MODIS,83,6.2,313.4,28.5,D,0
-16.9761,132.4651,368.4,1.1,1,2014-09-16,0123,Terra,MODIS,100,6.2,314.7,102.4,D,0
-16.9777,132.4751,355.6,1.1,1,2014-09-16,0123,Terra,MODIS,97,6.2,312.5,64.4,D,0
-16.9792,132.4235,379.3,1.1,1,2014-09-16,0123,Terra,MODIS,100,6.2,315.8,143,D,0
-16.9807,132.4336,355.5,1.1,1,2014-09-16,0123,Terra,MODIS,97,6.2,316,61,D,0
-16.9823,132.4436,365.9,1.1,1,2014-09-16,0123,Terra,MODIS,100,6.2,317.4,92.9,D,0
-16.9838,132.4536,349.8,1.1,1,2014-09-16,0123,Terra,MODIS,94,6.2,313.5,48.6,D,0
-16.9854,132.4636,340.5,1.1,1,2014-09-16,0123,Terra,MODIS,66,6.2,309.4,29,D,0
-16.9885,132.422,376.8,1.1,1,2014-09-16,0123,Terra,MODIS,100,6.2,312.1,140.6,D,0
-16.99,132.432,366.3,1.1,1,2014-09-16,0123,Terra,MODIS,100,6.2,316.7,97.9,D,0
-16.9916,132.442,387.8,1.1,1,2014-09-16,0123,Terra,MODIS,100,6.2,319.4,191,D,0
-16.9931,132.4521,382.9,1.1,1,2014-09-16,0123,Terra,MODIS,100,6.2,319.4,167.1,D,0
-16.9947,132.4621,326.3,1.1,1,2014-09-16,0123,Terra,MODIS,55,6.2,309,11,D,0
-16.9978,132.4205,361.8,1.1,1,2014-09-16,0123,Terra,MODIS,100,6.2,311.9,89.5,D,0
-16.9993,132.4305,423.4,1.1,1,2014-09-16,0123,Terra,MODIS,100,6.2,327.2,458,D,0
-17.0009,132.4405,395.5,1.1,1,2014-09-16,0123,Terra,MODIS,100,6.2,315.6,237,D,0
-17.0024,132.4505,414.6,1.1,1,2014-09-16,0123,Terra,MODIS,100,6.2,317.2,376.2,D,0
-17.004,132.4605,324.6,1.1,1,2014-09-16,0123,Terra,MODIS,40,6.2,308.4,9.7,D,0
-17.007,132.4189,370.7,1.1,1,2014-09-16,0123,Terra,MODIS,100,6.2,306.1,120.8,D,0
-17.0086,132.4289,387.7,1.1,1,2014-09-16,0123,Terra,MODIS,100,6.2,307.7,196.2,D,0
-17.0101,132.439,340,1.1,1,2014-09-16,0123,Terra,MODIS,86,6.2,305.8,34.2,D,0
-16.634,132.2921,330.4,1.1,1,2014-09-16,0123,Terra,MODIS,71,6.2,314,11.3,D,0
-16.6605,132.2772,342.2,1.1,1,2014-09-16,0123,Terra,MODIS,88,6.2,314.4,30.9,D,0
-16.6682,132.2655,328.2,1.1,1,2014-09-16,0123,Terra,MODIS,24,6.2,313,8.3,D,0
-16.6698,132.2757,343.2,1.1,1,2014-09-16,0123,Terra,MODIS,88,6.2,314.6,33.9,D,0
-16.6776,132.2639,344.9,1.1,1,2014-09-16,0123,Terra,MODIS,90,6.2,310.9,37.6,D,0
-16.6792,132.2741,347.9,1.1,1,2014-09-16,0123,Terra,MODIS,92,6.2,312.6,45.1,D,0
-16.7185,132.6486,338.5,1.1,1,2014-09-16,0123,Terra,MODIS,83,6.2,312.4,25.1,D,0
-16.7201,132.6585,330.2,1.1,1,2014-09-16,0123,Terra,MODIS,14,6.2,311.3,13.2,D,0
-16.7891,132.6309,324.9,1.1,1,2014-09-16,0123,Terra,MODIS,26,6.2,311,8.6,D,0
-16.7984,132.6294,329.9,1.1,1,2014-09-16,0123,Terra,MODIS,73,6.2,310.7,15.7,D,0
-16.9669,132.528,332.2,1.1,1,2014-09-16,0123,Terra,MODIS,34,6.2,311,15.8,D,0
-16.9762,132.5265,365.8,1.1,1,2014-09-16,0123,Terra,MODIS,100,6.2,313.3,95.1,D,0
-16.9777,132.5365,339.4,1.1,1,2014-09-16,0123,Terra,MODIS,76,6.2,311.3,28.3,D,0
-16.9854,132.525,364.9,1.1,1,2014-09-16,0123,Terra,MODIS,100,6.2,311.9,94.1,D,0
-16.987,132.5349,336.5,1.1,1,2014-09-16,0123,Terra,MODIS,82,6.2,311.3,24.9,D,0
-16.7632,132.6311,329,1.1,1,2014-09-16,0123,Terra,MODIS,61,6.2,308.6,12.3,D,0
-17.2661,138.4321,328,1.5,1.2,2014-09-16,0123,Terra,MODIS,42,6.2,310.9,18.1,D,0
-17.2861,138.4153,332.3,1.5,1.2,2014-09-16,0123,Terra,MODIS,76,6.2,309.1,30.8,D,0
-17.2879,138.4292,333.7,1.5,1.2,2014-09-16,0123,Terra,MODIS,79,6.2,310.8,33.6,D,0
-17.2969,138.4138,337.2,1.5,1.2,2014-09-16,0123,Terra,MODIS,83,6.2,308.1,44.3,D,0
-17.2987,138.4278,338.1,1.5,1.2,2014-09-16,0123,Terra,MODIS,84,6.2,310.1,46.9,D,0
-16.4756,132.5174,345.4,1.1,1,2014-09-16,0123,Terra,MODIS,90,6.2,312,40.4,D,0
-16.6636,132.6438,335.3,1.1,1,2014-09-16,0123,Terra,MODIS,77,6.2,311.3,21.9,D,0
-16.7001,132.6516,342.9,1.1,1,2014-09-16,0123,Terra,MODIS,88,6.2,313.8,34.4,D,0
-16.9288,132.571,334.3,1.1,1,2014-09-16,0123,Terra,MODIS,58,6.2,312.8,17.7,D,0
-16.9439,132.5624,332,1.1,1,2014-09-16,0123,Terra,MODIS,10,6.2,313.7,14.7,D,0
-16.5716,132.5836,330,1.1,1,2014-09-16,0123,Terra,MODIS,59,6.2,311.3,14.1,D,0
-16.7385,132.6554,336.6,1.1,1,2014-09-16,0123,Terra,MODIS,73,6.2,312.2,22.9,D,0
-16.744,132.099,348.6,1.1,1.1,2014-09-16,0123,Terra,MODIS,93,6.2,311,52.4,D,0
-16.7535,132.0974,336.2,1.1,1.1,2014-09-16,0123,Terra,MODIS,66,6.2,308.1,27.5,D,0
-16.7629,132.0958,328.7,1.1,1.1,2014-09-16,0123,Terra,MODIS,57,6.2,306.3,18.2,D,0
-16.9512,132.3663,335.9,1.1,1,2014-09-16,0123,Terra,MODIS,75,6.2,314.6,20,D,0
-16.9527,132.3764,338.9,1.1,1,2014-09-16,0123,Terra,MODIS,85,6.2,313.1,26.6,D,0
-16.9542,132.3244,340.2,1.1,1,2014-09-16,0123,Terra,MODIS,80,6.2,311.7,27.4,D,0
-16.9605,132.3648,406.2,1.1,1,2014-09-16,0123,Terra,MODIS,100,6.2,319.4,308.5,D,0
-16.962,132.3748,364,1.1,1,2014-09-16,0123,Terra,MODIS,100,6.2,313,91.7,D,0
-16.9635,132.3229,374.8,1.1,1,2014-09-16,0123,Terra,MODIS,100,6.2,311.5,128,D,0
-16.9651,132.333,337.8,1.1,1,2014-09-16,0123,Terra,MODIS,68,6.2,310.1,22.5,D,0
-16.9837,132.3298,361.5,1.1,1,2014-09-16,0123,Terra,MODIS,100,6.2,308.5,84.7,D,0
-16.9853,132.3399,356.8,1.1,1,2014-09-16,0123,Terra,MODIS,98,6.2,308.3,71.6,D,0
-16.993,132.3283,347.7,1.1,1,2014-09-16,0123,Terra,MODIS,92,6.2,304.5,50,D,0
-16.7096,132.126,353.2,1.1,1.1,2014-09-16,0123,Terra,MODIS,96,6.2,312.8,57.4,D,0
-16.7112,132.1363,340.1,1.1,1.1,2014-09-16,0123,Terra,MODIS,60,6.2,315,26.4,D,0
-16.719,132.1244,344.8,1.1,1.1,2014-09-16,0123,Terra,MODIS,90,6.2,312.3,36.7,D,0
-16.7268,132.1125,346.9,1.1,1.1,2014-09-16,0123,Terra,MODIS,81,6.2,311.8,43,D,0
-16.7317,132.1435,340,1.1,1.1,2014-09-16,0123,Terra,MODIS,40,6.2,309.9,30.1,D,0
-16.7567,132.1181,339.7,1.1,1.1,2014-09-16,0123,Terra,MODIS,31,6.2,310.4,31.5,D,0
-16.7661,132.1165,331.6,1.1,1.1,2014-09-16,0123,Terra,MODIS,26,6.2,305.9,20.8,D,0
-16.724,135.4707,332,1,1,2014-09-16,0123,Terra,MODIS,73,6.2,313.1,16,D,0
-16.7526,135.4206,338.6,1,1,2014-09-16,0123,Terra,MODIS,84,6.2,314,25.4,D,0
-16.754,135.4303,337.2,1,1,2014-09-16,0123,Terra,MODIS,83,6.2,311.5,24.3,D,0
-15.5796,135.1273,358.5,1,1,2014-09-16,0123,Terra,MODIS,99,6.2,311,68.5,D,0
-16.6978,132.208,333.8,1.1,1,2014-09-16,0123,Terra,MODIS,70,6.2,310.1,14.8,D,0
-16.6994,132.2183,347.4,1.1,1,2014-09-16,0123,Terra,MODIS,92,6.2,313.2,41.5,D,0
-16.7178,132.1775,334.1,1.1,1,2014-09-16,0123,Terra,MODIS,36,6.2,311.8,20,D,0
-16.7253,135.4805,328.2,1,1,2014-09-16,0123,Terra,MODIS,61,6.2,310.3,11.4,D,0
-16.6739,132.1167,334.8,1.1,1.1,2014-09-16,0123,Terra,MODIS,72,6.2,312.1,21.3,D,0
-16.6833,132.1151,336.9,1.1,1.1,2014-09-16,0123,Terra,MODIS,82,6.2,310.1,26,D,0
-16.3709,132.1329,334.6,1.1,1.1,2014-09-16,0123,Terra,MODIS,33,6.2,311.9,20.8,D,0
-16.3758,132.1641,333.7,1.1,1.1,2014-09-16,0123,Terra,MODIS,65,6.2,312.2,16.1,D,0
-16.395,132.2246,336.1,1.1,1.1,2014-09-16,0123,Terra,MODIS,34,6.2,314.3,20.2,D,0
-16.393,132.1506,342.1,1.1,1.1,2014-09-16,0123,Terra,MODIS,88,6.2,312.7,34.3,D,0
-16.3947,132.161,346,1.1,1.1,2014-09-16,0123,Terra,MODIS,91,6.2,311.4,41.1,D,0
-16.4009,132.1386,390.3,1.1,1.1,2014-09-16,0123,Terra,MODIS,100,6.2,316.5,217.3,D,0
-16.8565,135.4387,333.2,1,1,2014-09-16,0123,Terra,MODIS,62,6.2,312.8,16.4,D,0
-16.4025,132.149,399.4,1.1,1.1,2014-09-16,0123,Terra,MODIS,100,6.2,317,273.5,D,0
-16.4041,132.1594,375.8,1.1,1.1,2014-09-16,0123,Terra,MODIS,100,6.2,313.4,138.4,D,0
-16.913,135.4535,325.7,1,1,2014-09-16,0123,Terra,MODIS,42,6.2,312.3,8,D,0
-16.4074,132.1801,325.3,1.1,1.1,2014-09-16,0123,Terra,MODIS,42,6.2,310.9,5.5,D,0
-16.4122,132.2112,338,1.1,1.1,2014-09-16,0123,Terra,MODIS,59,6.2,313.4,22.5,D,0
-16.4138,132.2215,338.5,1.1,1.1,2014-09-16,0123,Terra,MODIS,48,6.2,313,25.2,D,0
-16.4087,132.1266,335.5,1.1,1.1,2014-09-16,0123,Terra,MODIS,81,6.2,308.9,26.2,D,0
-16.4103,132.1371,372,1.1,1.1,2014-09-16,0123,Terra,MODIS,100,6.2,314.6,127.7,D,0
-16.4119,132.1474,361.3,1.1,1.1,2014-09-16,0123,Terra,MODIS,100,6.2,310.8,86.2,D,0
-16.4232,132.2199,337.3,1.1,1.1,2014-09-16,0123,Terra,MODIS,65,6.2,311.7,23.9,D,0
-16.414,132.1299,368.6,1.1,1.1,2014-09-16,0123,Terra,MODIS,100,6.2,312,114.2,D,0
-16.4156,132.1402,369.5,1.1,1.1,2014-09-16,0123,Terra,MODIS,100,6.2,313.6,116.7,D,0
-16.4173,132.1506,335.6,1.1,1.1,2014-09-16,0123,Terra,MODIS,81,6.2,312.2,23.4,D,0
-16.4272,132.2127,327.2,1.1,1.1,2014-09-16,0123,Terra,MODIS,57,6.2,312.5,9,D,0
-15.5407,135.1109,332.1,1,1,2014-09-16,0123,Terra,MODIS,74,6.2,309.8,12.1,D,0
-15.5783,135.1179,350.6,1,1,2014-09-16,0123,Terra,MODIS,94,6.2,310.2,49.3,D,0
-16.0187,128.1375,326.3,2,1.4,2014-09-16,0123,Terra,MODIS,65,6.2,308.5,31.7,D,0
-15.9872,127.4471,330.5,2.3,1.5,2014-09-16,0123,Terra,MODIS,77,6.2,312.4,44.3,D,0
-15.9779,128.1248,342.3,2.1,1.4,2014-09-16,0123,Terra,MODIS,89,6.2,310.6,92.2,D,0
-15.9622,128.109,338.9,2.1,1.4,2014-09-16,0123,Terra,MODIS,86,6.2,309,74.8,D,0
-15.9463,128.0921,346.3,2.1,1.4,2014-09-16,0123,Terra,MODIS,92,6.2,311,117.8,D,0
-15.9428,128.0728,327.1,2.1,1.4,2014-09-16,0123,Terra,MODIS,71,6.2,308.1,33.9,D,0
-16.0495,127.5664,340.6,2.3,1.5,2014-09-16,0123,Terra,MODIS,88,6.2,310.7,94.4,D,0
-16.011,128.1526,330.1,2,1.4,2014-09-16,0123,Terra,MODIS,74,6.2,311.5,41.4,D,0
-16.0234,128.1502,330.8,2,1.4,2014-09-16,0123,Terra,MODIS,66,6.2,309.3,44.2,D,0
-16.0267,128.1685,330,2,1.4,2014-09-16,0123,Terra,MODIS,64,6.2,309.8,39.3,D,0
-16.012,127.5085,326.5,2.3,1.5,2014-09-16,0123,Terra,MODIS,41,6.2,310.7,24.9,D,0
-16.0157,127.5148,328,2.3,1.5,2014-09-16,0123,Terra,MODIS,55,6.2,310.2,28.8,D,0
-15.9432,127.6356,334.4,2.2,1.4,2014-09-16,0123,Terra,MODIS,77,6.2,309,62.5,D,0
-15.9455,127.6407,344.3,2.2,1.4,2014-09-16,0123,Terra,MODIS,90,6.2,310.3,116.1,D,0
-15.9256,128.1917,331.9,2,1.4,2014-09-16,0123,Terra,MODIS,79,6.2,312.3,38.6,D,0
-15.9245,128.1988,327.4,2,1.4,2014-09-16,0123,Terra,MODIS,69,6.2,312.3,26.1,D,0
-15.9212,128.18,335,2,1.4,2014-09-16,0123,Terra,MODIS,82,6.2,311,57.2,D,0
-15.9222,128.1729,332.1,2,1.4,2014-09-16,0123,Terra,MODIS,71,6.2,309.9,43.6,D,0
-15.9655,128.1277,330,2.1,1.4,2014-09-16,0123,Terra,MODIS,77,6.2,309.3,37.2,D,0
-15.9086,127.446,332,2.3,1.5,2014-09-16,0123,Terra,MODIS,79,6.2,312.5,52.7,D,0
-16.044,127.6103,328.3,2.2,1.4,2014-09-16,0123,Terra,MODIS,70,6.2,311.3,40,D,0
-16.0348,127.6333,328,2.2,1.4,2014-09-16,0123,Terra,MODIS,63,6.2,311.1,37.3,D,0
-16.0311,127.6129,337.1,2.2,1.4,2014-09-16,0123,Terra,MODIS,85,6.2,311.4,75.2,D,0
-16.0339,127.6191,340.5,2.2,1.4,2014-09-16,0123,Terra,MODIS,88,6.2,311.9,90.5,D,0
-15.9561,127.6328,328.7,2.2,1.4,2014-09-16,0123,Terra,MODIS,53,6.2,311.1,35.8,D,0
-15.9468,127.6553,328.9,2.2,1.4,2014-09-16,0123,Terra,MODIS,50,6.2,310.6,36.6,D,0
-16.0063,128.1397,335.5,2,1.4,2014-09-16,0123,Terra,MODIS,83,6.2,310.7,63.2,D,0
-15.9914,127.4532,331.9,2.3,1.5,2014-09-16,0123,Terra,MODIS,79,6.2,312.8,49.5,D,0
-16.022,128.1564,336.3,2,1.4,2014-09-16,0123,Terra,MODIS,84,6.2,310.2,67,D,0
-16.0075,128.1334,332.3,2,1.4,2014-09-16,0123,Terra,MODIS,79,6.2,309.4,52.4,D,0
-15.9086,127.4298,327.9,2.3,1.5,2014-09-16,0123,Terra,MODIS,50,6.2,311,32.6,D,0
-15.9046,127.4245,323.8,2.3,1.5,2014-09-16,0123,Terra,MODIS,55,6.2,310.4,21.2,D,0
-15.9124,127.4513,328,2.3,1.5,2014-09-16,0123,Terra,MODIS,40,6.2,313.2,30.7,D,0
-16.0282,128.1925,343.4,2,1.4,2014-09-16,0123,Terra,MODIS,90,6.2,312.3,96.3,D,0
-16.0251,128.1746,338.4,2,1.4,2014-09-16,0123,Terra,MODIS,86,6.2,310.8,73.2,D,0
-16.0299,128.1864,344.6,2,1.4,2014-09-16,0123,Terra,MODIS,91,6.2,311.9,101.6,D,0
-17.553,130.1232,326.9,1.4,1.2,2014-09-16,0123,Terra,MODIS,60,6.2,312.7,16.6,D,0
-18.6474,128.6821,337.3,1.7,1.3,2014-09-16,0124,Terra,MODIS,83,6.2,312.1,51.5,D,0
-18.6502,128.6977,326,1.7,1.3,2014-09-16,0124,Terra,MODIS,65,6.2,312.3,19.2,D,0
-18.6506,128.6328,322.4,1.7,1.3,2014-09-16,0124,Terra,MODIS,49,6.2,311.5,14.3,D,0
-18.6747,130.1654,331.8,1.3,1.1,2014-09-16,0124,Terra,MODIS,70,6.2,315.1,19.5,D,0
-18.6763,130.1589,327.8,1.3,1.1,2014-09-16,0124,Terra,MODIS,38,6.2,315.8,11.5,D,0
-18.6393,130.1269,332.8,1.3,1.1,2014-09-16,0124,Terra,MODIS,74,6.2,315.3,22.4,D,0
-20.1507,128.1014,359.1,1.7,1.3,2014-09-16,0124,Terra,MODIS,99,6.2,311,147.8,D,0
-20.0593,128.2413,351,1.7,1.3,2014-09-16,0124,Terra,MODIS,94,6.2,314.6,100.5,D,0
-17.4413,125.8632,327,2.8,1.6,2014-09-16,0124,Terra,MODIS,49,6.2,309.8,50.9,D,0
-20.0195,128.2823,328.9,1.7,1.3,2014-09-16,0124,Terra,MODIS,42,6.2,313.6,19.3,D,0
-17.487,125.6304,331.9,2.9,1.6,2014-09-16,0124,Terra,MODIS,79,6.2,307.7,89.7,D,0
-18.7484,130.165,332.7,1.3,1.1,2014-09-16,0124,Terra,MODIS,71,6.2,313.1,24.6,D,0
-17.5177,125.8739,322.3,2.8,1.6,2014-09-16,0124,Terra,MODIS,43,6.2,308.7,30.1,D,0
-20.1363,128.0874,344.8,1.7,1.3,2014-09-16,0124,Terra,MODIS,90,6.2,313.5,74.7,D,0
-20.1392,128.1037,393.9,1.7,1.3,2014-09-16,0124,Terra,MODIS,100,6.2,317.8,439.7,D,0
-20.1478,128.0851,337.4,1.7,1.3,2014-09-16,0124,Terra,MODIS,79,6.2,307.4,50.4,D,0
-17.4918,125.6495,339.7,2.9,1.6,2014-09-16,0124,Terra,MODIS,87,6.2,309.1,142.1,D,0
-17.4919,125.6565,334.8,2.9,1.6,2014-09-16,0124,Terra,MODIS,82,6.2,309.8,105.5,D,0
-17.468,125.8632,325.9,2.8,1.6,2014-09-16,0124,Terra,MODIS,21,6.2,311.4,41.5,D,0
-20.0308,128.2799,334.5,1.7,1.3,2014-09-16,0124,Terra,MODIS,79,6.2,316.2,36,D,0
-20.0621,128.2573,329.7,1.7,1.3,2014-09-16,0124,Terra,MODIS,71,6.2,313.2,24.8,D,0
-20.1421,128.1199,340.2,1.7,1.3,2014-09-16,0124,Terra,MODIS,81,6.2,312.8,54.9,D,0
-20.1334,128.1381,330.2,1.7,1.3,2014-09-16,0124,Terra,MODIS,64,6.2,313.2,24.2,D,0
-20.1306,128.1221,331.6,1.7,1.3,2014-09-16,0124,Terra,MODIS,73,6.2,312.6,26.4,D,0
-17.4537,125.8663,331.8,2.8,1.6,2014-09-16,0124,Terra,MODIS,63,6.2,311.2,74.8,D,0
-20.122,128.1403,349.8,1.7,1.3,2014-09-16,0124,Terra,MODIS,93,6.2,316,94.6,D,0
-18.3669,127.7656,322.9,2,1.4,2014-09-16,0124,Terra,MODIS,44,6.2,311,15.2,D,0
-18.7211,127.256,339.2,2.1,1.4,2014-09-16,0124,Terra,MODIS,76,6.2,312.4,72.2,D,0
-18.7246,127.2758,354.1,2.1,1.4,2014-09-16,0124,Terra,MODIS,96,6.2,315.3,159.7,D,0
-18.7337,127.2535,333.2,2.1,1.4,2014-09-16,0124,Terra,MODIS,79,6.2,312.1,51.6,D,0
-18.7372,127.2732,328.8,2.1,1.4,2014-09-16,0124,Terra,MODIS,57,6.2,312.6,34.1,D,0
-18.7244,127.269,353.5,2.1,1.4,2014-09-16,0124,Terra,MODIS,96,6.2,314.8,160.6,D,0
-18.7281,127.2887,336.8,2.1,1.4,2014-09-16,0124,Terra,MODIS,83,6.2,313.7,66.2,D,0
-18.737,127.2664,333.3,2.1,1.4,2014-09-16,0124,Terra,MODIS,79,6.2,312.8,53.6,D,0
-18.7031,127.3006,333.7,2.1,1.4,2014-09-16,0124,Terra,MODIS,79,6.2,314.5,49.2,D,0
-18.3275,127.7795,323.6,2,1.4,2014-09-16,0124,Terra,MODIS,47,6.2,312.5,15.9,D,0
-18.3641,127.7721,324.4,2,1.4,2014-09-16,0124,Terra,MODIS,31,6.2,311.5,17.4,D,0
-18.6726,127.347,327.6,2.1,1.4,2014-09-16,0124,Terra,MODIS,64,6.2,312.8,30.7,D,0
-18.7066,127.3203,336.5,2.1,1.4,2014-09-16,0124,Terra,MODIS,83,6.2,313.5,62.8,D,0
-20.5484,140.2467,326.2,2.2,1.5,2014-09-16,0124,Terra,MODIS,48,6.2,314.3,29.3,D,0
-18.3478,123.0522,325.8,4.3,1.9,2014-09-16,0124,Terra,MODIS,67,6.2,306.2,113.8,D,0
-18.7414,128.6907,328.9,1.7,1.3,2014-09-16,0124,Terra,MODIS,64,6.2,313.1,23.7,D,0
-18.8207,128.7488,327.7,1.6,1.3,2014-09-16,0124,Terra,MODIS,53,6.2,312.8,20.5,D,0
-18.818,128.7335,331.4,1.6,1.3,2014-09-16,0124,Terra,MODIS,69,6.2,314.1,29.2,D,0
-18.7973,128.7441,332.3,1.6,1.3,2014-09-16,0124,Terra,MODIS,74,6.2,315.9,28.9,D,0
-18.7332,129.9668,332.5,1.4,1.2,2014-09-16,0124,Terra,MODIS,77,6.2,312.8,26.6,D,0
-18.7274,129.9739,350.2,1.4,1.2,2014-09-16,0124,Terra,MODIS,94,6.2,315,71.2,D,0
-18.7354,129.9796,329.4,1.4,1.2,2014-09-16,0124,Terra,MODIS,71,6.2,313.3,19.9,D,0
-18.3463,123.0585,320.1,4.3,1.9,2014-09-16,0124,Terra,MODIS,17,6.2,306.1,61.3,D,0
-22.708,119.4947,343.9,4.7,2,2014-09-16,0303,Terra,MODIS,90,6.2,311.7,335,D,0
-22.7224,119.4476,372.3,4.6,2,2014-09-16,0303,Terra,MODIS,100,6.2,311.7,1007.5,D,0
-22.726,119.4933,414.4,4.7,2,2014-09-16,0303,Terra,MODIS,100,6.2,316.6,3121.4,D,0
-22.7611,118.1583,332.1,3.8,1.8,2014-09-16,0303,Terra,MODIS,79,6.2,304.3,144.2,D,0
-22.7676,118.1508,334.1,3.8,1.8,2014-09-16,0303,Terra,MODIS,82,6.2,305,159.8,D,0
-22.7705,118.1877,321.2,3.8,1.8,2014-09-16,0303,Terra,MODIS,46,6.2,303.1,57.5,D,0
-22.7031,119.4423,332.2,4.6,2,2014-09-16,0303,Terra,MODIS,79,6.2,310.2,161.2,D,0
-22.7816,119.5278,332.8,4.7,2,2014-09-16,0303,Terra,MODIS,76,6.2,305.9,171.4,D,0
-22.7636,119.5294,326.5,4.7,2,2014-09-16,0303,Terra,MODIS,66,6.2,302.4,102.2,D,0
-22.7656,119.5363,326.8,4.7,2,2014-09-16,0303,Terra,MODIS,64,6.2,299.7,110.5,D,0
-22.8713,119.5545,327.3,4.7,2,2014-09-16,0303,Terra,MODIS,72,6.2,306.9,137.6,D,0
-22.8734,119.5614,328.1,4.7,2,2014-09-16,0303,Terra,MODIS,65,6.2,306.9,132.9,D,0
-22.8193,119.5663,329.8,4.7,2,2014-09-16,0303,Terra,MODIS,47,6.2,310.1,140.8,D,0
-22.721,119.4408,353.6,4.6,2,2014-09-16,0303,Terra,MODIS,96,6.2,310.3,515.1,D,0
-22.7243,119.4865,422.3,4.7,2,2014-09-16,0303,Terra,MODIS,100,6.2,318.6,3713.5,D,0
-22.7799,119.5229,335,4.7,2,2014-09-16,0303,Terra,MODIS,75,6.2,306.1,193.7,D,0
-22.8213,119.5714,334.8,4.7,2,2014-09-16,0303,Terra,MODIS,80,6.2,310.1,203.6,D,0
-22.7064,119.488,345.2,4.7,2,2014-09-16,0303,Terra,MODIS,91,6.2,311.7,358,D,0
-22.7774,118.1567,326.3,3.8,1.8,2014-09-16,0303,Terra,MODIS,70,6.2,304.6,95,D,0
-22.784,118.149,322.3,3.8,1.8,2014-09-16,0303,Terra,MODIS,50,6.2,304.9,65.3,D,0
-22.8249,119.6181,327.6,4.8,2,2014-09-16,0303,Terra,MODIS,19,6.2,309.3,110.2,D,0
-22.8746,119.6016,319,4.8,2,2014-09-16,0303,Terra,MODIS,27,6.2,306.2,51.7,D,0
-22.7045,119.4491,339,4.6,2,2014-09-16,0303,Terra,MODIS,86,6.2,311,252.1,D,0
-32.41,151.3974,310,1.3,1.1,2014-09-16,0405,Aqua,MODIS,57,6.2,298.5,6.3,D,0
-32.4584,151.8738,309.1,1.4,1.2,2014-09-16,0405,Aqua,MODIS,62,6.2,297.4,8.1,D,0
-30.5108,152.8729,327.9,1.7,1.3,2014-09-16,0406,Aqua,MODIS,84,6.2,292.4,54.8,D,0
-30.5074,152.8908,319.5,1.7,1.3,2014-09-16,0406,Aqua,MODIS,77,6.2,289,35.5,D,0
-30.496,152.8878,328.1,1.7,1.3,2014-09-16,0406,Aqua,MODIS,84,6.2,292.5,53.4,D,0
-30.4994,152.8698,325.2,1.7,1.3,2014-09-16,0406,Aqua,MODIS,78,6.2,291,45.7,D,0
-29.6887,150.4201,327.1,1.3,1.1,2014-09-16,0406,Aqua,MODIS,79,6.2,303.3,24.2,D,0
-30.4543,147.9983,323.6,1,1,2014-09-16,0406,Aqua,MODIS,72,6.2,306.9,10.3,D,0
-31.4607,149.1871,335.9,1.1,1,2014-09-16,0406,Aqua,MODIS,88,6.2,293.5,37.7,D,0
-30.012,149.0778,318.5,1.1,1,2014-09-16,0406,Aqua,MODIS,60,6.2,308.3,6.5,D,0
-30.4453,147.9964,327.8,1,1,2014-09-16,0406,Aqua,MODIS,78,6.2,307.2,14.9,D,0
-30.4437,148.007,323,1,1,2014-09-16,0406,Aqua,MODIS,71,6.2,307,9.4,D,0
-29.6909,150.407,322.4,1.3,1.1,2014-09-16,0406,Aqua,MODIS,74,6.2,304.7,16.9,D,0
-31.6289,145.9957,317.2,1,1,2014-09-16,0406,Aqua,MODIS,56,6.2,300,9.5,D,0
-32.0744,146.7041,322.4,1,1,2014-09-16,0406,Aqua,MODIS,69,6.2,288.6,17.7,D,0
-30.3886,150.0475,310.2,1.2,1.1,2014-09-16,0406,Aqua,MODIS,49,6.2,299.6,7,D,0
-29.9117,148.4178,325.3,1,1,2014-09-16,0406,Aqua,MODIS,73,6.2,309.6,11.8,D,0
-30.5607,146.9543,316.9,1,1,2014-09-16,0406,Aqua,MODIS,55,6.2,305.4,4.9,D,0
-27.6149,152.918,341.8,2,1.4,2014-09-16,0407,Aqua,MODIS,91,6.2,301,101.6,D,0
-28.548,150.2368,323.2,1.3,1.1,2014-09-16,0407,Aqua,MODIS,72,6.2,305.9,15.5,D,0
-27.6187,152.8984,325,2,1.4,2014-09-16,0407,Aqua,MODIS,78,6.2,301,37.7,D,0
-28.1088,153.1527,314.6,2,1.4,2014-09-16,0407,Aqua,MODIS,63,6.2,300,21.4,D,0
-27.6271,152.9209,320,2,1.4,2014-09-16,0407,Aqua,MODIS,70,6.2,300.6,24.5,D,0
-26.2806,151.4529,333.5,1.7,1.3,2014-09-16,0407,Aqua,MODIS,65,6.2,298.6,52,D,0
-26.2843,151.4483,336.6,1.7,1.3,2014-09-16,0407,Aqua,MODIS,87,6.2,299,63.5,D,0
-27.4731,149.6812,327.8,1.2,1.1,2014-09-16,0407,Aqua,MODIS,76,6.2,308.5,20.6,D,0
-24.8202,152.0288,319.4,2,1.4,2014-09-16,0407,Aqua,MODIS,56,6.2,298.9,27.7,D,0
-24.8165,152.0481,322.4,2,1.4,2014-09-16,0407,Aqua,MODIS,70,6.2,300.5,34.9,D,0
-25.9078,150.9696,331.6,1.6,1.2,2014-09-16,0407,Aqua,MODIS,46,6.2,300.6,41.2,D,0
-28.5457,150.2499,319.5,1.3,1.1,2014-09-16,0407,Aqua,MODIS,65,6.2,305.3,9.5,D,0
-23.3624,147.7271,319.5,1.1,1.1,2014-09-16,0408,Aqua,MODIS,34,6.2,306.2,6.5,D,0
-23.3511,147.7363,333.7,1.1,1.1,2014-09-16,0408,Aqua,MODIS,81,6.2,307.1,27.5,D,0
-23.3528,147.7253,328.9,1.1,1.1,2014-09-16,0408,Aqua,MODIS,75,6.2,308.5,19.3,D,0
-23.2655,147.6905,323.8,1.1,1.1,2014-09-16,0408,Aqua,MODIS,63,6.2,310.3,11,D,0
-23.994,144.5872,376,1,1,2014-09-16,0408,Aqua,MODIS,94,6.2,309.6,125.9,D,0
-24.2161,144.4414,338,1,1,2014-09-16,0408,Aqua,MODIS,81,6.2,315.4,21.4,D,0
-24.2175,144.4313,353.5,1,1,2014-09-16,0408,Aqua,MODIS,96,6.2,318.6,52.4,D,0
-24.207,144.4399,383.7,1,1,2014-09-16,0408,Aqua,MODIS,100,6.2,319.8,156.1,D,0
-24.2083,144.4298,406.4,1,1,2014-09-16,0408,Aqua,MODIS,100,6.2,325.1,284.7,D,0
-24.2097,144.4198,338.4,1,1,2014-09-16,0408,Aqua,MODIS,72,6.2,317.2,22.6,D,0
-24.1979,144.4384,334.7,1,1,2014-09-16,0408,Aqua,MODIS,63,6.2,315.7,18.8,D,0
-22.1623,149.3369,321.6,1.5,1.2,2014-09-16,0408,Aqua,MODIS,49,6.2,305.1,20,D,0
-22.173,149.3387,338.5,1.5,1.2,2014-09-16,0408,Aqua,MODIS,85,6.2,305.5,56.7,D,0
-24.9432,149.0344,319.6,1.3,1.1,2014-09-16,0408,Aqua,MODIS,61,6.2,305.6,13.4,D,0
-23.8863,149.4508,317.6,1.4,1.2,2014-09-16,0408,Aqua,MODIS,32,6.2,304.1,11.5,D,0
-22.0821,148.849,327.7,1.4,1.2,2014-09-16,0408,Aqua,MODIS,69,6.2,307.8,21.3,D,0
-23.8524,148.1841,326.1,1.2,1.1,2014-09-16,0408,Aqua,MODIS,69,6.2,307.9,16,D,0
-24.4636,148.3943,328.9,1.2,1.1,2014-09-16,0408,Aqua,MODIS,76,6.2,312.5,17.6,D,0
-24.4655,148.3828,331.5,1.2,1.1,2014-09-16,0408,Aqua,MODIS,79,6.2,313.2,21.4,D,0
-24.965,148.5309,319.9,1.2,1.1,2014-09-16,0408,Aqua,MODIS,55,6.2,307.4,9,D,0
-22.9129,149.269,328.5,1.4,1.2,2014-09-16,0408,Aqua,MODIS,55,6.2,308.5,21.8,D,0
-24.9631,148.5426,324.2,1.2,1.1,2014-09-16,0408,Aqua,MODIS,72,6.2,308.4,13.5,D,0
-22.0925,148.851,328.8,1.4,1.2,2014-09-16,0408,Aqua,MODIS,72,6.2,310.7,23.1,D,0
-22.0843,148.8359,328.7,1.4,1.2,2014-09-16,0408,Aqua,MODIS,72,6.2,307.3,22,D,0
-22.0946,148.8379,326.9,1.4,1.2,2014-09-16,0408,Aqua,MODIS,68,6.2,304.9,18.4,D,0
-22.9233,149.2711,326.7,1.4,1.2,2014-09-16,0408,Aqua,MODIS,53,6.2,311.9,17.8,D,0
-18.9554,146.3205,349.7,1.1,1,2014-09-16,0409,Aqua,MODIS,89,6.2,304.2,58.6,D,0
-19.5628,147.144,320.7,1.2,1.1,2014-09-16,0409,Aqua,MODIS,33,6.2,303.1,10.4,D,0
-19.5531,147.1423,332.9,1.2,1.1,2014-09-16,0409,Aqua,MODIS,74,6.2,302.3,29.2,D,0
-14.7242,144.9049,321.9,1.1,1,2014-09-16,0410,Aqua,MODIS,66,6.2,304.1,9.1,D,0
-14.7875,144.9115,331.8,1.1,1,2014-09-16,0410,Aqua,MODIS,79,6.2,307.3,19.2,D,0
-14.7997,144.8933,325.2,1.1,1,2014-09-16,0410,Aqua,MODIS,43,6.2,305.3,10.4,D,0
-17.2938,138.3858,338.4,1.8,1.3,2014-09-16,0410,Aqua,MODIS,62,6.2,296.5,72.2,D,0
-16.6313,132.6369,321,4.8,2,2014-09-16,0410,Aqua,MODIS,37,6.2,304.1,71.3,D,0
-15.0507,143.7441,342.6,1,1,2014-09-16,0410,Aqua,MODIS,73,6.2,303.1,33.3,D,0
-16.6356,132.5916,326.3,4.8,2,2014-09-16,0410,Aqua,MODIS,64,6.2,307.3,121.8,D,0
-16.3454,135.3571,346.7,3,1.6,2014-09-16,0410,Aqua,MODIS,92,6.2,305.5,198.7,D,0
-16.3448,135.3498,335.9,3,1.6,2014-09-16,0410,Aqua,MODIS,77,6.2,304.4,107.5,D,0
-15.9566,145.3305,337.1,1.1,1,2014-09-16,0410,Aqua,MODIS,86,6.2,299.4,36.6,D,0
-15.6089,145.0188,350.8,1.1,1,2014-09-16,0410,Aqua,MODIS,89,6.2,303.5,56.9,D,0
-15.6104,145.009,331.3,1.1,1,2014-09-16,0410,Aqua,MODIS,64,6.2,296.8,22.5,D,0
-15.5997,145.0173,336.5,1.1,1,2014-09-16,0410,Aqua,MODIS,64,6.2,297,28.3,D,0
-15.3309,141.61,333,1.1,1,2014-09-16,0410,Aqua,MODIS,69,6.2,310.5,18.6,D,0
-15.3416,141.6013,330.6,1.1,1,2014-09-16,0410,Aqua,MODIS,40,6.2,309.6,15,D,0
-14.9165,144.9641,319.9,1.1,1,2014-09-16,0410,Aqua,MODIS,34,6.2,302.9,7.3,D,0
-14.9589,145.1243,323.1,1.1,1,2014-09-16,0410,Aqua,MODIS,44,6.2,303.5,11.5,D,0
-15.1971,145.1193,340.2,1.1,1,2014-09-16,0410,Aqua,MODIS,78,6.2,305.6,35,D,0
-16.3387,135.4049,328.4,2.9,1.6,2014-09-16,0410,Aqua,MODIS,44,6.2,303.6,54.6,D,0
-15.2126,145.1426,324.5,1.1,1,2014-09-16,0410,Aqua,MODIS,44,6.2,300.8,14.1,D,0
-15.3334,144.7666,328,1,1,2014-09-16,0410,Aqua,MODIS,69,6.2,307.4,12.2,D,0
-15.2387,145.0957,336.7,1.1,1,2014-09-16,0410,Aqua,MODIS,83,6.2,302.6,30.9,D,0
-15.2033,145.141,350.7,1.1,1,2014-09-16,0410,Aqua,MODIS,95,6.2,301.7,59.1,D,0
-15.6464,145.0719,339.6,1.1,1,2014-09-16,0410,Aqua,MODIS,87,6.2,306,32.6,D,0
-14.9549,144.9602,343.2,1.1,1,2014-09-16,0410,Aqua,MODIS,90,6.2,302.7,43.6,D,0
-15.4479,144.9906,325.8,1.1,1,2014-09-16,0410,Aqua,MODIS,57,6.2,303,14.6,D,0
-16.3417,135.3774,341.1,2.9,1.6,2014-09-16,0410,Aqua,MODIS,88,6.2,307.8,147,D,0
-16.0315,145.1492,320.9,1.1,1,2014-09-16,0410,Aqua,MODIS,30,6.2,301.2,10.7,D,0
-15.5661,145.0522,334.9,1.1,1,2014-09-16,0410,Aqua,MODIS,66,6.2,298.1,27.1,D,0
-14.9574,145.1343,323.7,1.1,1,2014-09-16,0410,Aqua,MODIS,51,6.2,302.6,12,D,0
-15.3968,145.2057,320.5,1.1,1,2014-09-16,0410,Aqua,MODIS,65,6.2,301.2,12.7,D,0
-15.3875,145.2041,332.8,1.1,1,2014-09-16,0410,Aqua,MODIS,83,6.2,299.8,28.5,D,0
-15.6008,145.3095,326.8,1.1,1,2014-09-16,0410,Aqua,MODIS,0,6.2,302.1,16.6,D,0
-16.3277,135.3831,340.5,2.9,1.6,2014-09-16,0410,Aqua,MODIS,88,6.2,306.5,141.2,D,0
-15.2049,145.1308,354.1,1.1,1,2014-09-16,0410,Aqua,MODIS,97,6.2,304.7,65.3,D,0
-15.5908,145.0766,334.5,1.1,1,2014-09-16,0410,Aqua,MODIS,83,6.2,301.3,22,D,0
-16.0393,145.1604,323.8,1.1,1,2014-09-16,0410,Aqua,MODIS,61,6.2,300.2,15.6,D,0
-14.9442,144.9686,328.3,1.1,1,2014-09-16,0410,Aqua,MODIS,64,6.2,303.6,17.9,D,0
-15.6578,145.1853,329.3,1.1,1,2014-09-16,0410,Aqua,MODIS,70,6.2,306.1,16.3,D,0
-15.389,145.1941,321.5,1.1,1,2014-09-16,0410,Aqua,MODIS,65,6.2,298.2,13.4,D,0
-15.5816,145.0751,328.7,1.1,1,2014-09-16,0410,Aqua,MODIS,50,6.2,301.8,14.4,D,0
-15.1743,143.6562,336.7,1,1,2014-09-16,0410,Aqua,MODIS,82,6.2,307.3,26.5,D,0
-14.9534,144.9702,319.4,1.1,1,2014-09-16,0410,Aqua,MODIS,21,6.2,301.2,8.2,D,0
-14.9531,144.9098,334.3,1.1,1,2014-09-16,0410,Aqua,MODIS,83,6.2,304.2,27.2,D,0
-15.2172,145.1125,333.8,1.1,1,2014-09-16,0410,Aqua,MODIS,31,6.2,305.6,22.6,D,0
-14.9682,145.1258,327.6,1.1,1,2014-09-16,0410,Aqua,MODIS,45,6.2,303.5,16.2,D,0
-16.2459,136.8605,335.8,2.3,1.5,2014-09-16,0410,Aqua,MODIS,81,6.2,306.7,70,D,0
-16.327,135.3758,334.8,2.9,1.6,2014-09-16,0410,Aqua,MODIS,83,6.2,304.9,97.5,D,0
-14.9667,145.1358,340.3,1.1,1,2014-09-16,0410,Aqua,MODIS,88,6.2,306,36.4,D,0
-14.8816,145.0847,320.4,1.1,1,2014-09-16,0410,Aqua,MODIS,55,6.2,304.3,9.8,D,0
-15.3426,144.7681,324.7,1,1,2014-09-16,0410,Aqua,MODIS,50,6.2,304.5,8.8,D,0
-15.3151,145.2688,319.8,1.1,1,2014-09-16,0410,Aqua,MODIS,0,6.2,301.9,8.6,D,0
-15.6479,145.0621,342.7,1.1,1,2014-09-16,0410,Aqua,MODIS,90,6.2,305.9,39.5,D,0
-14.9564,144.9504,342.4,1.1,1,2014-09-16,0410,Aqua,MODIS,90,6.2,303.6,41.8,D,0
-15.2464,145.1074,342.8,1.1,1,2014-09-16,0410,Aqua,MODIS,87,6.2,303.8,40.6,D,0
-14.8875,145.0922,326.4,1.1,1,2014-09-16,0410,Aqua,MODIS,47,6.2,306.3,14.6,D,0
-16.2493,136.856,328.6,2.3,1.5,2014-09-16,0410,Aqua,MODIS,53,6.2,306.1,38,D,0
-15.6572,145.0636,327.2,1.1,1,2014-09-16,0410,Aqua,MODIS,50,6.2,306,15.2,D,0
-15.1667,143.6456,328.2,1,1,2014-09-16,0410,Aqua,MODIS,74,6.2,306.9,14.6,D,0
-15.1757,143.647,359.8,1,1,2014-09-16,0410,Aqua,MODIS,99,6.2,309.3,73.9,D,0
-15.3166,145.2587,318.5,1.1,1,2014-09-16,0410,Aqua,MODIS,42,6.2,300.9,7.4,D,0
-15.4508,144.9709,326.9,1.1,1,2014-09-16,0410,Aqua,MODIS,53,6.2,301.7,15.2,D,0
-16.0286,145.1688,337.5,1.1,1,2014-09-16,0410,Aqua,MODIS,77,6.2,300.6,33.6,D,0
-14.9623,144.9113,322.9,1.1,1,2014-09-16,0410,Aqua,MODIS,68,6.2,303.3,12.5,D,0
-15.1893,145.1079,320.1,1.1,1,2014-09-16,0410,Aqua,MODIS,30,6.2,301,8.3,D,0
-14.889,145.0822,342.2,1.1,1,2014-09-16,0410,Aqua,MODIS,90,6.2,306.4,40.3,D,0
-15.0574,143.6977,370.2,1,1,2014-09-16,0410,Aqua,MODIS,100,6.2,307.8,105.8,D,0
-16.0301,145.159,331.6,1.1,1,2014-09-16,0410,Aqua,MODIS,67,6.2,302.2,24.3,D,0
-15.5982,145.0272,330.4,1.1,1,2014-09-16,0410,Aqua,MODIS,53,6.2,292.1,18.1,D,0
-16.3425,135.3848,335.3,2.9,1.6,2014-09-16,0410,Aqua,MODIS,83,6.2,306.8,104.5,D,0
-15.047,143.7056,376.1,1,1,2014-09-16,0410,Aqua,MODIS,94,6.2,304.6,129.6,D,0
-14.9608,144.9211,322.4,1.1,1,2014-09-16,0410,Aqua,MODIS,67,6.2,304,12.1,D,0
-15.67,145.1669,336.7,1.1,1,2014-09-16,0410,Aqua,MODIS,80,6.2,307.9,27.3,D,0
-15.6283,145.1295,345.3,1.1,1,2014-09-16,0410,Aqua,MODIS,91,6.2,305.5,42.7,D,0
-15.6267,145.1395,325.4,1.1,1,2014-09-16,0410,Aqua,MODIS,68,6.2,304.5,9.9,D,0
-15.6375,145.1309,334.6,1.1,1,2014-09-16,0410,Aqua,MODIS,83,6.2,305.4,23.9,D,0
-15.636,145.1409,323.2,1.1,1,2014-09-16,0410,Aqua,MODIS,58,6.2,306.9,8.1,D,0
-15.6652,145.1358,333.1,1.1,1,2014-09-16,0410,Aqua,MODIS,81,6.2,304.7,23.5,D,0
-15.673,145.1472,326.9,1.1,1,2014-09-16,0410,Aqua,MODIS,40,6.2,304.6,14.1,D,0
-15.6715,145.1571,348.1,1.1,1,2014-09-16,0410,Aqua,MODIS,93,6.2,307.7,50,D,0
-15.6298,145.1196,331.1,1.1,1,2014-09-16,0410,Aqua,MODIS,79,6.2,305.3,18.4,D,0
-15.6685,145.1769,336.7,1.1,1,2014-09-16,0410,Aqua,MODIS,85,6.2,306.2,28.5,D,0
-15.4722,144.8809,319.3,1.1,1,2014-09-16,0410,Aqua,MODIS,58,6.2,301.3,9,D,0
-15.6542,145.0833,321.9,1.1,1,2014-09-16,0410,Aqua,MODIS,49,6.2,305.8,7.1,D,0
-15.6557,145.0735,341.3,1.1,1,2014-09-16,0410,Aqua,MODIS,89,6.2,308.3,36.7,D,0
-15.5986,145.0879,330.1,1.1,1,2014-09-16,0410,Aqua,MODIS,69,6.2,304,15.8,D,0
-15.4412,144.9089,327.5,1.1,1,2014-09-16,0410,Aqua,MODIS,69,6.2,296.6,19.1,D,0
-15.6001,145.0779,328.6,1.1,1,2014-09-16,0410,Aqua,MODIS,39,6.2,303.9,13.5,D,0
-15.5971,145.0978,334.6,1.1,1,2014-09-16,0410,Aqua,MODIS,83,6.2,304.9,22.3,D,0
-15.619,145.1281,331.2,1.1,1,2014-09-16,0410,Aqua,MODIS,79,6.2,301.7,17.2,D,0
-14.2175,132.3654,323.6,4.7,2,2014-09-16,0411,Aqua,MODIS,60,6.2,302.2,83.4,D,0
-12.3374,142.3267,348.1,1,1,2014-09-16,0411,Aqua,MODIS,93,6.2,312,42,D,0
-13.9596,135.3787,331.5,2.7,1.6,2014-09-16,0411,Aqua,MODIS,79,6.2,304.2,77,D,0
-13.9624,135.3533,347.3,2.7,1.6,2014-09-16,0411,Aqua,MODIS,93,6.2,304.9,191.2,D,0
-12.3297,142.3162,332.7,1,1,2014-09-16,0411,Aqua,MODIS,73,6.2,310.1,15.5,D,0
-12.8409,142.8663,331.8,1,1,2014-09-16,0411,Aqua,MODIS,78,6.2,309.2,18.7,D,0
-12.8422,142.8572,324.1,1,1,2014-09-16,0411,Aqua,MODIS,62,6.2,307.2,9.2,D,0
-12.3284,142.3254,330.4,1,1,2014-09-16,0411,Aqua,MODIS,61,6.2,311.3,12.7,D,0
-12.2464,136.8338,326.9,2,1.4,2014-09-16,0411,Aqua,MODIS,27,6.2,302.1,35.8,D,0
-13.9454,135.3771,324.2,2.7,1.6,2014-09-16,0411,Aqua,MODIS,34,6.2,306.4,36.7,D,0
-12.2544,136.848,325.8,2,1.4,2014-09-16,0411,Aqua,MODIS,36,6.2,302.6,34,D,0
-12.232,136.8267,324.8,2,1.4,2014-09-16,0411,Aqua,MODIS,58,6.2,301.2,32.8,D,0
-13.5264,135.3231,319.8,2.7,1.6,2014-09-16,0411,Aqua,MODIS,33,6.2,303.1,28.3,D,0
-13.5122,135.3214,327.7,2.7,1.6,2014-09-16,0411,Aqua,MODIS,66,6.2,306.2,59.8,D,0
-13.5232,135.3181,332.1,2.7,1.6,2014-09-16,0411,Aqua,MODIS,79,6.2,304.1,86.6,D,0
-12.354,135.0975,324.5,2.7,1.6,2014-09-16,0411,Aqua,MODIS,66,6.2,297.8,54,D,0
-12.358,135.1048,324.1,2.7,1.6,2014-09-16,0411,Aqua,MODIS,64,6.2,297.3,50.5,D,0
-14.2011,132.3591,322.3,4.7,2,2014-09-16,0411,Aqua,MODIS,34,6.2,301.8,66.6,D,0
-13.9482,135.3517,337.8,2.7,1.6,2014-09-16,0411,Aqua,MODIS,85,6.2,305.4,115.7,D,0
-14.1297,132.3512,323.2,4.7,2,2014-09-16,0411,Aqua,MODIS,59,6.2,296.9,83.9,D,0
-13.9559,135.3713,350.2,2.7,1.6,2014-09-16,0411,Aqua,MODIS,94,6.2,305.7,214.4,D,0
-14.1303,132.3441,321.7,4.7,2,2014-09-16,0411,Aqua,MODIS,53,6.2,297.5,71.3,D,0
-13.1145,132.2594,324,4.6,2,2014-09-16,0411,Aqua,MODIS,65,6.2,295.9,90.4,D,0
-14.1329,133.7517,324.7,3.7,1.8,2014-09-16,0411,Aqua,MODIS,60,6.2,299.7,65.3,D,0
-12.8499,142.8677,328.7,1,1,2014-09-16,0411,Aqua,MODIS,73,6.2,306.9,14.6,D,0
-13.1154,132.2556,322.2,4.6,2,2014-09-16,0411,Aqua,MODIS,61,6.2,296,72.5,D,0
-13.9588,135.3459,347.3,2.7,1.6,2014-09-16,0411,Aqua,MODIS,92,6.2,305.2,190.4,D,0
-14.1211,133.7771,347.3,3.6,1.8,2014-09-16,0411,Aqua,MODIS,92,6.2,302.6,290.4,D,0
-13.4435,135.1278,327.2,2.8,1.6,2014-09-16,0411,Aqua,MODIS,48,6.2,306.8,49.4,D,0
-14.7907,142.0033,330.9,1,1,2014-09-16,0411,Aqua,MODIS,64,6.2,313.8,11.2,D,0
-14.2895,143.1564,340.1,1,1,2014-09-16,0411,Aqua,MODIS,87,6.2,299.9,33,D,0
-12.9353,135.6709,341.5,2.5,1.5,2014-09-16,0411,Aqua,MODIS,88,6.2,301.5,122.5,D,0
-14.1597,143.2241,344.5,1,1,2014-09-16,0411,Aqua,MODIS,90,6.2,306.3,39,D,0
-12.9326,135.6935,345.4,2.5,1.5,2014-09-16,0411,Aqua,MODIS,91,6.2,302.3,151.5,D,0
-14.1819,143.1335,331.6,1,1,2014-09-16,0411,Aqua,MODIS,57,6.2,307.5,18.2,D,0
-14.1908,143.1348,342.3,1,1,2014-09-16,0411,Aqua,MODIS,74,6.2,308.8,33.7,D,0
-14.1895,143.144,339.1,1,1,2014-09-16,0411,Aqua,MODIS,69,6.2,305.6,28.5,D,0
-13.4552,135.122,326.6,2.8,1.6,2014-09-16,0411,Aqua,MODIS,70,6.2,306.7,50.4,D,0
-14.2615,143.0957,354.7,1,1,2014-09-16,0411,Aqua,MODIS,97,6.2,304.9,62.6,D,0
-13.432,135.1,325.2,2.8,1.6,2014-09-16,0411,Aqua,MODIS,36,6.2,307,40.1,D,0
-12.7562,135.0161,325.7,2.8,1.6,2014-09-16,0411,Aqua,MODIS,56,6.2,305.8,31.4,D,0
-14.2718,143.0878,349.2,1,1,2014-09-16,0411,Aqua,MODIS,93,6.2,304.9,48.1,D,0
-14.2794,143.0984,337.2,1,1,2014-09-16,0411,Aqua,MODIS,74,6.2,304.9,25,D,0
-12.9189,135.6918,325.8,2.5,1.5,2014-09-16,0411,Aqua,MODIS,50,6.2,302.7,41.5,D,0
-13.1738,135.3579,327.6,2.7,1.6,2014-09-16,0411,Aqua,MODIS,66,6.2,306.5,44.9,D,0
-13.1878,135.3604,326.3,2.7,1.6,2014-09-16,0411,Aqua,MODIS,55,6.2,305.2,43.5,D,0
-14.2808,143.0892,356.7,1,1,2014-09-16,0411,Aqua,MODIS,98,6.2,304.7,64.3,D,0
-13.2964,134.5425,322.7,3.1,1.7,2014-09-16,0411,Aqua,MODIS,56,6.2,305.1,34.5,D,0
-13.2996,134.514,325.9,3.1,1.7,2014-09-16,0411,Aqua,MODIS,70,6.2,306.3,52.7,D,0
-12.7909,135.0012,328.6,2.8,1.6,2014-09-16,0411,Aqua,MODIS,37,6.2,307.3,49.4,D,0
-12.8053,135.0032,328.3,2.8,1.6,2014-09-16,0411,Aqua,MODIS,58,6.2,306.2,53.1,D,0
-13.0172,135.6923,323,2.5,1.5,2014-09-16,0411,Aqua,MODIS,39,6.2,303.2,32.2,D,0
-13.2743,134.184,330.2,3.3,1.7,2014-09-16,0411,Aqua,MODIS,77,6.2,306.1,84.3,D,0
-13.1158,141.826,330.6,1,1,2014-09-16,0411,Aqua,MODIS,73,6.2,309.4,13.1,D,0
-14.2705,143.097,390.3,1,1,2014-09-16,0411,Aqua,MODIS,100,6.2,313.8,188.2,D,0
-13.4609,141.9203,342.2,1,1,2014-09-16,0411,Aqua,MODIS,88,6.2,311.5,32.5,D,0
-13.4623,141.9108,331.7,1,1,2014-09-16,0411,Aqua,MODIS,38,6.2,313.9,14.1,D,0
-13.4518,141.919,332.3,1,1,2014-09-16,0411,Aqua,MODIS,51,6.2,308.3,16.8,D,0
-13.4531,141.9095,347.1,1,1,2014-09-16,0411,Aqua,MODIS,87,6.2,311.7,41.2,D,0
-13.4545,141.9,366.4,1,1,2014-09-16,0411,Aqua,MODIS,100,6.2,315.7,91.2,D,0
-13.4453,141.8987,357.6,1,1,2014-09-16,0411,Aqua,MODIS,98,6.2,307.7,68.5,D,0
-12.9142,135.673,334.5,2.5,1.5,2014-09-16,0411,Aqua,MODIS,82,6.2,302.8,81.6,D,0
-14.0355,143.6425,327.4,1,1,2014-09-16,0411,Aqua,MODIS,56,6.2,305.9,10.5,D,0
-12.536,141.896,335.1,1,1,2014-09-16,0411,Aqua,MODIS,66,6.2,312.8,18.8,D,0
-12.5256,141.904,349.6,1,1,2014-09-16,0411,Aqua,MODIS,94,6.2,312.1,44.6,D,0
-12.5269,141.8946,334.9,1,1,2014-09-16,0411,Aqua,MODIS,82,6.2,311.2,19.3,D,0
-12.5178,141.8933,333,1,1,2014-09-16,0411,Aqua,MODIS,79,6.2,309,17.9,D,0
-12.9216,135.6691,328.3,2.5,1.5,2014-09-16,0411,Aqua,MODIS,74,6.2,303.5,50,D,0
-13.6601,142.0102,328.5,1,1,2014-09-16,0411,Aqua,MODIS,54,6.2,310.8,11.7,D,0
-12.3588,141.7813,329.6,1,1,2014-09-16,0411,Aqua,MODIS,70,6.2,308.8,12.9,D,0
-12.3679,141.7826,334.5,1,1,2014-09-16,0411,Aqua,MODIS,81,6.2,310.4,19.3,D,0
-12.3615,141.7625,358.3,1,1,2014-09-16,0411,Aqua,MODIS,99,6.2,311.1,67.9,D,0
-12.3602,141.7719,354.9,1,1,2014-09-16,0411,Aqua,MODIS,97,6.2,310.9,59.5,D,0
-13.3554,141.7535,322.5,1,1,2014-09-16,0411,Aqua,MODIS,45,6.2,305.9,10.1,D,0
-14.7934,141.984,330.4,1,1,2014-09-16,0411,Aqua,MODIS,30,6.2,313.6,10.6,D,0
-13.2788,134.1799,329.8,3.3,1.7,2014-09-16,0411,Aqua,MODIS,77,6.2,305.9,81.3,D,0
-13.2775,134.1539,324.6,3.3,1.7,2014-09-16,0411,Aqua,MODIS,67,6.2,304.1,47.3,D,0
-13.0767,141.7718,336.9,1,1,2014-09-16,0411,Aqua,MODIS,64,6.2,309,23.4,D,0
-13.0781,141.7623,331.7,1,1,2014-09-16,0411,Aqua,MODIS,42,6.2,309.2,15.6,D,0
-13.6432,141.998,334.9,1,1,2014-09-16,0411,Aqua,MODIS,56,6.2,307.1,20.6,D,0
-14.792,141.9937,328.7,1,1,2014-09-16,0411,Aqua,MODIS,55,6.2,312.9,8.8,D,0
-13.5411,135.1674,338.8,2.8,1.6,2014-09-16,0411,Aqua,MODIS,86,6.2,303.9,134.3,D,0
-13.538,135.1937,356.9,2.8,1.6,2014-09-16,0411,Aqua,MODIS,98,6.2,305.4,297.2,D,0
-13.5432,135.1726,347.7,2.8,1.6,2014-09-16,0411,Aqua,MODIS,92,6.2,304.5,206.5,D,0
-12.9279,135.6748,353.6,2.5,1.5,2014-09-16,0411,Aqua,MODIS,96,6.2,304.5,213.9,D,0
-14.2628,143.0865,329.6,1,1,2014-09-16,0411,Aqua,MODIS,42,6.2,299.8,17.4,D,0
-12.9253,135.6974,338.9,2.5,1.5,2014-09-16,0411,Aqua,MODIS,86,6.2,302.2,108.4,D,0
-13.6614,142.0007,329.5,1,1,2014-09-16,0411,Aqua,MODIS,40,6.2,312.2,12.4,D,0
-14.8029,142.7736,344.4,1,1,2014-09-16,0411,Aqua,MODIS,83,6.2,312.7,34,D,0
-14.7669,142.7681,335.9,1,1,2014-09-16,0411,Aqua,MODIS,50,6.2,312.3,22.2,D,0
-13.4558,141.8905,347.4,1,1,2014-09-16,0411,Aqua,MODIS,87,6.2,312.5,40.9,D,0
-13.4454,141.8308,348.4,1,1,2014-09-16,0411,Aqua,MODIS,89,6.2,310.5,45.6,D,0
-13.4467,141.8212,340,1,1,2014-09-16,0411,Aqua,MODIS,71,6.2,311.8,27.9,D,0
-13.8313,143.4596,324.1,1,1,2014-09-16,0411,Aqua,MODIS,49,6.2,301.8,13.5,D,0
-12.9079,135.6674,347.2,2.5,1.5,2014-09-16,0411,Aqua,MODIS,92,6.2,302.8,165.4,D,0
-12.9052,135.6902,337.5,2.5,1.5,2014-09-16,0411,Aqua,MODIS,85,6.2,301.8,103.8,D,0
-14.1665,143.1123,325.5,1,1,2014-09-16,0411,Aqua,MODIS,67,6.2,303.6,12.7,D,0
-14.4037,142.1465,330.8,1,1,2014-09-16,0411,Aqua,MODIS,54,6.2,311.4,14.2,D,0
-13.5403,135.1985,349.8,2.8,1.6,2014-09-16,0411,Aqua,MODIS,94,6.2,304.8,224.6,D,0
-13.8503,143.46,335.4,1,1,2014-09-16,0411,Aqua,MODIS,52,6.2,306.6,25.7,D,0
-13.5937,143.1328,348,1,1,2014-09-16,0411,Aqua,MODIS,93,6.2,309.1,43.8,D,0
-13.5924,143.142,329,1,1,2014-09-16,0411,Aqua,MODIS,75,6.2,309,13,D,0
-13.153,135.3751,322.7,2.7,1.6,2014-09-16,0411,Aqua,MODIS,17,6.2,304.3,23.1,D,0
-13.5266,143.2164,321.1,1,1,2014-09-16,0411,Aqua,MODIS,44,6.2,307.4,6.1,D,0
-13.4291,135.126,326.2,2.8,1.6,2014-09-16,0411,Aqua,MODIS,55,6.2,305.5,42.4,D,0
-13.4835,135.2881,333.5,2.7,1.6,2014-09-16,0411,Aqua,MODIS,80,6.2,306.5,80,D,0
-13.4806,135.313,328.3,2.7,1.6,2014-09-16,0411,Aqua,MODIS,61,6.2,305.3,49.5,D,0
-13.5149,135.2965,325.1,2.7,1.6,2014-09-16,0411,Aqua,MODIS,54,6.2,304.4,46.4,D,0
-13.0074,135.7074,322.5,2.5,1.5,2014-09-16,0411,Aqua,MODIS,36,6.2,302.5,33,D,0
-13.4579,135.1297,324.8,2.8,1.6,2014-09-16,0411,Aqua,MODIS,62,6.2,305.8,41,D,0
-13.6883,143.4982,323.3,1,1,2014-09-16,0411,Aqua,MODIS,65,6.2,306.3,11,D,0
-13.5268,135.5705,323.3,2.6,1.5,2014-09-16,0411,Aqua,MODIS,61,6.2,301.1,41.1,D,0
-12.5632,141.9,336,1,1,2014-09-16,0411,Aqua,MODIS,34,6.2,315.5,19.1,D,0
-12.5541,141.8987,333.4,1,1,2014-09-16,0411,Aqua,MODIS,44,6.2,315.8,17.1,D,0
-13.4408,135.12,333.9,2.8,1.6,2014-09-16,0411,Aqua,MODIS,81,6.2,307.2,88,D,0
-13.6897,143.4889,321,1,1,2014-09-16,0411,Aqua,MODIS,56,6.2,305.3,8.9,D,0
-13.5253,143.2256,326,1,1,2014-09-16,0411,Aqua,MODIS,67,6.2,307,11.7,D,0
-13.5241,135.5935,320.8,2.6,1.5,2014-09-16,0411,Aqua,MODIS,43,6.2,302.5,30.9,D,0
-13.1704,141.7628,329,1,1,2014-09-16,0411,Aqua,MODIS,70,6.2,309.4,15.3,D,0
-13.1534,141.8185,337.8,1,1,2014-09-16,0411,Aqua,MODIS,82,6.2,309.5,25.3,D,0
-12.605,141.9318,339.4,1,1,2014-09-16,0411,Aqua,MODIS,81,6.2,313.5,29.8,D,0
-15.3984,135.7453,328.3,2.7,1.6,2014-09-16,0411,Aqua,MODIS,74,6.2,306.6,55.8,D,0
-12.1946,143.0055,330.5,1,1,2014-09-16,0411,Aqua,MODIS,77,6.2,306.4,19.8,D,0
-11.9592,142.6631,327.4,1,1,2014-09-16,0411,Aqua,MODIS,70,6.2,309.7,11.3,D,0
-12.3294,142.4538,361.1,1,1,2014-09-16,0411,Aqua,MODIS,100,6.2,309.5,73.7,D,0
-12.7722,143.343,326.7,1,1,2014-09-16,0411,Aqua,MODIS,56,6.2,304.8,15.4,D,0
-11.8745,142.6716,327.5,1,1,2014-09-16,0411,Aqua,MODIS,64,6.2,305.9,14.5,D,0
-14.9316,134.6061,339.6,3.2,1.7,2014-09-16,0411,Aqua,MODIS,81,6.2,305,140.6,D,0
-12.3436,142.353,336,1,1,2014-09-16,0411,Aqua,MODIS,66,6.2,311.7,18.4,D,0
-11.8546,142.2341,346.5,1,1,2014-09-16,0411,Aqua,MODIS,92,6.2,305.6,40.7,D,0
-14.9345,134.599,337.3,3.2,1.7,2014-09-16,0411,Aqua,MODIS,75,6.2,304.8,127.6,D,0
-14.9378,134.5695,343.3,3.2,1.7,2014-09-16,0411,Aqua,MODIS,90,6.2,304.3,197.5,D,0
-14.95,134.5786,345.8,3.2,1.7,2014-09-16,0411,Aqua,MODIS,91,6.2,307.1,215,D,0
-12.288,136.8023,330.3,2,1.4,2014-09-16,0411,Aqua,MODIS,79,6.2,303.7,49.4,D,0
-12.7735,143.3338,333.2,1,1,2014-09-16,0411,Aqua,MODIS,78,6.2,302.9,24.3,D,0
-14.437,134.3001,325.6,3.4,1.7,2014-09-16,0411,Aqua,MODIS,51,6.2,301.2,60.9,D,0
-12.1896,142.9767,322.3,1,1,2014-09-16,0411,Aqua,MODIS,42,6.2,302.2,11,D,0
-12.3345,142.4172,338.6,1,1,2014-09-16,0411,Aqua,MODIS,85,6.2,313.3,23.4,D,0
-14.9685,134.5499,349.9,3.3,1.7,2014-09-16,0411,Aqua,MODIS,94,6.2,299.9,273.6,D,0
-12.1972,142.9872,340.3,1,1,2014-09-16,0411,Aqua,MODIS,87,6.2,303.9,33.2,D,0
-12.3309,142.3726,336.9,1,1,2014-09-16,0411,Aqua,MODIS,84,6.2,313.1,19.7,D,0
-14.9531,134.5484,383,3.3,1.7,2014-09-16,0411,Aqua,MODIS,100,6.2,308.8,859,D,0
-12.7645,143.3324,324.5,1,1,2014-09-16,0411,Aqua,MODIS,59,6.2,301.1,15.5,D,0
-14.9192,134.5971,327.4,3.2,1.7,2014-09-16,0411,Aqua,MODIS,57,6.2,302.7,62.8,D,0
-14.9719,134.5425,328.7,3.3,1.7,2014-09-16,0411,Aqua,MODIS,67,6.2,296.3,82,D,0
-11.9489,142.6708,329.7,1,1,2014-09-16,0411,Aqua,MODIS,72,6.2,307.8,14.8,D,0
-12.3333,142.4263,339.2,1,1,2014-09-16,0411,Aqua,MODIS,79,6.2,312.8,25,D,0
-12.7193,142.1633,333.7,1,1,2014-09-16,0411,Aqua,MODIS,63,6.2,310.8,15.1,D,0
-14.9285,134.6362,351.9,3.2,1.7,2014-09-16,0411,Aqua,MODIS,95,6.2,306.5,272,D,0
-12.3361,142.3359,356.6,1,1,2014-09-16,0411,Aqua,MODIS,98,6.2,313.4,61.1,D,0
-12.3927,142.2006,339,1,1,2014-09-16,0411,Aqua,MODIS,86,6.2,308.2,27.9,D,0
-12.3026,136.7854,321.8,2,1.4,2014-09-16,0411,Aqua,MODIS,65,6.2,304.9,25.7,D,0
-14.9651,134.6031,337.5,3.2,1.7,2014-09-16,0411,Aqua,MODIS,78,6.2,306.3,121.6,D,0
-14.9565,134.5412,375.6,3.3,1.7,2014-09-16,0411,Aqua,MODIS,100,6.2,306.9,695,D,0
-14.2699,141.8507,347.7,1,1,2014-09-16,0411,Aqua,MODIS,93,6.2,298.2,49,D,0
-14.9346,134.5765,344.6,3.2,1.7,2014-09-16,0411,Aqua,MODIS,91,6.2,304,205.6,D,0
-14.2804,141.8424,338.7,1,1,2014-09-16,0411,Aqua,MODIS,83,6.2,306.3,31.8,D,0
-14.9411,134.5392,354.7,3.3,1.7,2014-09-16,0411,Aqua,MODIS,97,6.2,300.4,343.5,D,0
-14.2778,141.8617,340.8,1,1,2014-09-16,0411,Aqua,MODIS,88,6.2,306.9,32.8,D,0
-14.9653,134.5804,347.4,3.2,1.7,2014-09-16,0411,Aqua,MODIS,92,6.2,306.6,228.2,D,0
-12.1806,142.9754,323.6,1,1,2014-09-16,0411,Aqua,MODIS,36,6.2,303.1,12.4,D,0
-11.9579,142.6722,329.3,1,1,2014-09-16,0411,Aqua,MODIS,76,6.2,307.4,14.6,D,0
-12.2902,136.7839,327.6,2,1.4,2014-09-16,0411,Aqua,MODIS,76,6.2,302.7,41.3,D,0
-12.9895,142.9853,387.3,1,1,2014-09-16,0411,Aqua,MODIS,100,6.2,316.1,169.7,D,0
-14.3416,141.9259,343.6,1,1,2014-09-16,0411,Aqua,MODIS,90,6.2,309.5,38.8,D,0
-12.6037,141.9412,362.9,1,1,2014-09-16,0411,Aqua,MODIS,100,6.2,315,83.4,D,0
-15.0099,141.9489,328.8,1.1,1,2014-09-16,0411,Aqua,MODIS,52,6.2,312,7.1,D,0
-14.9312,134.6289,353.1,3.2,1.7,2014-09-16,0411,Aqua,MODIS,96,6.2,307.2,290,D,0
-12.9318,143.3168,327.8,1,1,2014-09-16,0411,Aqua,MODIS,71,6.2,303.7,18.2,D,0
-12.3423,142.3622,331.5,1,1,2014-09-16,0411,Aqua,MODIS,47,6.2,312.4,12.3,D,0
-12.9753,143.0141,327.2,1,1,2014-09-16,0411,Aqua,MODIS,44,6.2,309.6,11.8,D,0
-14.2686,141.8604,344.1,1,1,2014-09-16,0411,Aqua,MODIS,90,6.2,303.5,40.8,D,0
-12.9675,143.3288,323.4,1,1,2014-09-16,0411,Aqua,MODIS,59,6.2,304.2,13.8,D,0
-12.1959,142.9964,340.9,1,1,2014-09-16,0411,Aqua,MODIS,87,6.2,307.4,34.1,D,0
-14.3933,142.1546,330,1,1,2014-09-16,0411,Aqua,MODIS,60,6.2,311.9,12.7,D,0
-12.9882,142.9945,347.5,1,1,2014-09-16,0411,Aqua,MODIS,92,6.2,315.6,40.7,D,0
-14.2791,141.8521,361.4,1,1,2014-09-16,0411,Aqua,MODIS,100,6.2,312.6,82.8,D,0
-12.394,142.1914,326.9,1,1,2014-09-16,0411,Aqua,MODIS,66,6.2,307,10.7,D,0
-14.9897,134.6432,327.8,3.2,1.7,2014-09-16,0411,Aqua,MODIS,39,6.2,304.9,55.2,D,0
-12.7283,142.1646,333,1,1,2014-09-16,0411,Aqua,MODIS,58,6.2,311.9,14.8,D,0
-14.9531,134.5714,356,3.2,1.7,2014-09-16,0411,Aqua,MODIS,97,6.2,308,348.6,D,0
-15.0086,141.9586,330,1.1,1,2014-09-16,0411,Aqua,MODIS,51,6.2,312.7,9.5,D,0
-12.3449,142.3438,333.7,1,1,2014-09-16,0411,Aqua,MODIS,33,6.2,311.6,15.1,D,0
-15.0178,141.96,330.1,1.1,1,2014-09-16,0411,Aqua,MODIS,23,6.2,315.6,10.3,D,0
-12.3307,142.4447,361.4,1,1,2014-09-16,0411,Aqua,MODIS,100,6.2,311.4,73.8,D,0
-14.2378,141.8886,327.8,1,1,2014-09-16,0411,Aqua,MODIS,66,6.2,304,15.6,D,0
-14.5358,141.6632,333.1,1.1,1,2014-09-16,0411,Aqua,MODIS,75,6.2,309.6,16.8,D,0
-15.4125,135.7469,322.9,2.7,1.6,2014-09-16,0411,Aqua,MODIS,62,6.2,305.2,31.2,D,0
-12.3296,142.3817,334.6,1,1,2014-09-16,0411,Aqua,MODIS,72,6.2,312.3,15.7,D,0
-14.5372,141.6533,382.8,1.1,1,2014-09-16,0411,Aqua,MODIS,100,6.2,312.9,162.4,D,0
-14.5862,134.4768,327.3,3.3,1.7,2014-09-16,0411,Aqua,MODIS,67,6.2,305.1,58.1,D,0
-14.5896,134.4464,324.7,3.3,1.7,2014-09-16,0411,Aqua,MODIS,33,6.2,304.5,42.2,D,0
-12.332,142.4355,345.4,1,1,2014-09-16,0411,Aqua,MODIS,91,6.2,311.4,36.3,D,0
-14.9563,134.5178,332.6,3.3,1.7,2014-09-16,0411,Aqua,MODIS,80,6.2,300.4,120.4,D,0
-14.9377,134.5464,329,3.3,1.7,2014-09-16,0411,Aqua,MODIS,65,6.2,299.2,95.3,D,0
-14.9685,134.5731,346.1,3.2,1.7,2014-09-16,0411,Aqua,MODIS,92,6.2,304.7,220,D,0
-12.3322,142.3634,334.1,1,1,2014-09-16,0411,Aqua,MODIS,69,6.2,314.6,16.4,D,0
-10.0892,142.1628,320.8,1,1,2014-09-16,0412,Aqua,MODIS,40,6.2,302.4,9.2,D,0
-10.0879,142.1718,325.9,1,1,2014-09-16,0412,Aqua,MODIS,65,6.2,302.3,14,D,0
-10.0789,142.1705,323.2,1,1,2014-09-16,0412,Aqua,MODIS,48,6.2,303,11.8,D,0
-12.3133,133.8828,319.9,3.4,1.7,2014-09-16,0412,Aqua,MODIS,55,6.2,298.1,37,D,0
-12.2924,132.8779,322.4,4,1.9,2014-09-16,0412,Aqua,MODIS,61,6.2,301.6,67.7,D,0
-12.2876,132.8694,324.7,4,1.9,2014-09-16,0412,Aqua,MODIS,49,6.2,302,79.4,D,0
-12.3289,133.8846,337.2,3.4,1.7,2014-09-16,0412,Aqua,MODIS,85,6.2,300.7,159.9,D,0
-12.3334,133.8785,333.4,3.4,1.7,2014-09-16,0412,Aqua,MODIS,82,6.2,300.8,126.3,D,0
-12.3178,133.8766,321,3.4,1.7,2014-09-16,0412,Aqua,MODIS,43,6.2,299.4,41.3,D,0
-12.2096,134.1629,325,3.2,1.7,2014-09-16,0412,Aqua,MODIS,70,6.2,296.6,65.2,D,0
-12.2064,134.1669,320.9,3.2,1.7,2014-09-16,0412,Aqua,MODIS,47,6.2,296.2,42.6,D,0
-10.8502,142.4357,321.9,1,1,2014-09-16,0412,Aqua,MODIS,73,6.2,300,12.8,D,0
-10.9004,142.3477,324,1,1,2014-09-16,0412,Aqua,MODIS,73,6.2,304.7,11.1,D,0
-34.1388,117.3422,303.8,1.7,1.3,2014-09-16,0544,Aqua,MODIS,53,6.2,293.6,9.1,D,0
-34.8611,117.7311,327,1.6,1.3,2014-09-16,0544,Aqua,MODIS,64,6.2,287.4,50.1,D,0
-34.8588,117.7375,342.2,1.6,1.3,2014-09-16,0544,Aqua,MODIS,86,6.2,287.8,92.3,D,0
-33.7129,121.8655,309.1,1,1,2014-09-16,0544,Aqua,MODIS,65,6.2,294,6.9,D,0
-32.0724,116.0772,308.5,1.9,1.4,2014-09-16,0545,Aqua,MODIS,43,6.2,293.6,16,D,0
-30.8729,121.4879,324.7,1,1,2014-09-16,0545,Aqua,MODIS,78,6.2,303.1,13.2,D,2
-30.8652,121.4917,328.4,1,1,2014-09-16,0545,Aqua,MODIS,82,6.2,306.4,17.6,D,2
-30.8715,121.4985,320.1,1,1,2014-09-16,0545,Aqua,MODIS,72,6.2,304.6,7.9,D,2
-24.5783,128.7816,350.1,2.5,1.5,2014-09-16,0546,Aqua,MODIS,94,6.2,313,168,D,0
-24.5897,128.766,369.3,2.5,1.5,2014-09-16,0546,Aqua,MODIS,100,6.2,315.6,371,D,0
-24.5761,128.7627,355.6,2.5,1.5,2014-09-16,0546,Aqua,MODIS,97,6.2,318,222.2,D,0
-24.5695,128.7538,334.4,2.5,1.5,2014-09-16,0546,Aqua,MODIS,80,6.2,316.7,65.7,D,0
-24.5831,128.757,359.1,2.5,1.5,2014-09-16,0546,Aqua,MODIS,99,6.2,319.7,245.9,D,0
-23.6246,129.4094,328.4,2.9,1.6,2014-09-16,0547,Aqua,MODIS,26,6.2,308,61.1,D,0
-23.6303,129.3814,341.9,2.9,1.6,2014-09-16,0547,Aqua,MODIS,87,6.2,312.8,154.1,D,0
-23.6101,129.4059,386,2.9,1.6,2014-09-16,0547,Aqua,MODIS,100,6.2,316,784,D,0
-23.6159,129.3779,378.3,2.9,1.6,2014-09-16,0547,Aqua,MODIS,100,6.2,320.4,623.2,D,0
-23.6256,129.4046,338.2,2.9,1.6,2014-09-16,0547,Aqua,MODIS,76,6.2,308.6,123.4,D,0
-23.6311,129.3765,333.6,2.9,1.6,2014-09-16,0547,Aqua,MODIS,63,6.2,312.6,90.3,D,0
-23.6111,129.4011,397,2.9,1.6,2014-09-16,0547,Aqua,MODIS,100,6.2,318,1053.1,D,0
-23.6167,129.373,361.8,2.9,1.6,2014-09-16,0547,Aqua,MODIS,100,6.2,318.9,359.3,D,0
-22.3719,127.8836,334.6,2.4,1.5,2014-09-16,0547,Aqua,MODIS,75,6.2,317.9,54.2,D,0
-22.9725,120.7133,348.6,1,1,2014-09-16,0547,Aqua,MODIS,91,6.2,322.1,34.8,D,0
-22.9739,120.7035,338.7,1,1,2014-09-16,0547,Aqua,MODIS,70,6.2,320.6,16.8,D,0
-22.9711,120.723,337.5,1,1,2014-09-16,0547,Aqua,MODIS,65,6.2,320.5,13.6,D,0
-22.0178,119.6058,337.2,1,1,2014-09-16,0547,Aqua,MODIS,78,6.2,318.6,17.5,D,0
-22.0269,119.6073,346.8,1,1,2014-09-16,0547,Aqua,MODIS,90,6.2,321.8,33.8,D,0
-22.0255,119.617,354.4,1,1,2014-09-16,0547,Aqua,MODIS,96,6.2,320.6,50.3,D,0
-22.7044,119.4287,342.8,1,1,2014-09-16,0547,Aqua,MODIS,84,6.2,323,26.2,D,0
-22.703,119.4387,343.2,1,1,2014-09-16,0547,Aqua,MODIS,68,6.2,322.2,26.2,D,0
-22.7565,119.4429,353.5,1,1,2014-09-16,0547,Aqua,MODIS,83,6.2,319.3,45.7,D,0
-22.8872,119.5574,339.1,1,1,2014-09-16,0547,Aqua,MODIS,82,6.2,314.8,24.9,D,0
-22.8886,119.5475,345.5,1,1,2014-09-16,0547,Aqua,MODIS,89,6.2,315.1,37.1,D,0
-22.8795,119.546,331.9,1,1,2014-09-16,0547,Aqua,MODIS,68,6.2,314.1,15.2,D,0
-22.7725,118.1673,357.9,1.1,1.1,2014-09-16,0547,Aqua,MODIS,98,6.2,318.1,73.4,D,0
-22.7954,118.1777,396.6,1.1,1.1,2014-09-16,0547,Aqua,MODIS,100,6.2,308.6,254.3,D,0
-22.7983,118.1556,386.4,1.1,1.1,2014-09-16,0547,Aqua,MODIS,100,6.2,322.5,189.2,D,0
-22.8478,119.5857,337.1,1,1,2014-09-16,0547,Aqua,MODIS,50,6.2,318.5,16,D,0
-22.8233,119.5615,337,1,1,2014-09-16,0547,Aqua,MODIS,60,6.2,319.4,17.5,D,0
-22.7996,118.1448,340.1,1.1,1.1,2014-09-16,0547,Aqua,MODIS,79,6.2,315.7,25.9,D,0
-22.8049,118.1792,412.1,1.1,1.1,2014-09-16,0547,Aqua,MODIS,87,6.2,314.1,374.3,D,0
-22.7861,119.4984,354.7,1,1,2014-09-16,0547,Aqua,MODIS,96,6.2,313.5,55.9,D,0
-22.8105,118.1353,399.4,1.1,1.1,2014-09-16,0547,Aqua,MODIS,100,6.2,318.4,273.6,D,0
-22.0345,119.6185,333.9,1,1,2014-09-16,0547,Aqua,MODIS,65,6.2,316.9,12.1,D,0
-22.7968,118.1666,428.3,1.1,1.1,2014-09-16,0547,Aqua,MODIS,100,6.2,333.4,531.1,D,0
-22.8201,118.1367,366.3,1.1,1.1,2014-09-16,0547,Aqua,MODIS,100,6.2,305.4,105.9,D,0
-22.8063,118.1682,394.8,1.1,1.1,2014-09-16,0547,Aqua,MODIS,87,6.2,321.4,243.6,D,0
-22.732,119.4186,351.9,1,1,2014-09-16,0547,Aqua,MODIS,23,6.2,325.7,34.3,D,0
-22.801,118.1341,364.5,1.1,1.1,2014-09-16,0547,Aqua,MODIS,100,6.2,315.9,90.8,D,0
-22.7873,118.1651,356.2,1.1,1.1,2014-09-16,0547,Aqua,MODIS,97,6.2,315.6,64.5,D,0
-22.8215,118.1258,383.6,1.1,1.1,2014-09-16,0547,Aqua,MODIS,100,6.2,313.5,181,D,0
-22.8092,118.1461,361.9,1.1,1.1,2014-09-16,0547,Aqua,MODIS,100,6.2,315.2,87.8,D,0
-22.777,119.4969,328.7,1,1,2014-09-16,0547,Aqua,MODIS,43,6.2,313.8,9.1,D,0
-22.7111,119.4355,359.1,1,1,2014-09-16,0547,Aqua,MODIS,87,6.2,325,52.1,D,0
-22.8119,118.1245,435.2,1.1,1.1,2014-09-16,0547,Aqua,MODIS,100,6.2,339.6,616.2,D,0
-22.7943,118.1105,335.5,1.1,1.1,2014-09-16,0547,Aqua,MODIS,26,6.2,316.6,18.8,D,0
-22.7929,118.1215,341.7,1.1,1.1,2014-09-16,0547,Aqua,MODIS,73,6.2,316.6,28.6,D,0
-22.8133,118.1136,360.7,1.1,1.1,2014-09-16,0547,Aqua,MODIS,100,6.2,321.5,81.3,D,0
-22.8052,118.1012,331.3,1.1,1.1,2014-09-16,0547,Aqua,MODIS,22,6.2,314.5,13,D,0
-22.8038,118.1122,354.2,1.1,1.1,2014-09-16,0547,Aqua,MODIS,96,6.2,320.4,60.5,D,0
-22.8024,118.1231,391.3,1.1,1.1,2014-09-16,0547,Aqua,MODIS,100,6.2,325.6,217,D,0
-22.7202,119.437,354.5,1,1,2014-09-16,0547,Aqua,MODIS,54,6.2,325,35.6,D,0
-22.7188,119.4469,378.4,1,1,2014-09-16,0547,Aqua,MODIS,100,6.2,323.7,113.2,D,0
-22.7147,119.4766,348.2,1,1,2014-09-16,0547,Aqua,MODIS,89,6.2,321.3,32.6,D,0
-22.763,118.1659,339.9,1.1,1.1,2014-09-16,0547,Aqua,MODIS,72,6.2,315.8,27.1,D,0
-22.7887,118.1542,347.1,1.1,1.1,2014-09-16,0547,Aqua,MODIS,90,6.2,316,38.8,D,0
-22.6953,119.4273,337.1,1,1,2014-09-16,0547,Aqua,MODIS,48,6.2,320.8,15.6,D,0
-22.7134,119.4865,340.5,1,1,2014-09-16,0547,Aqua,MODIS,65,6.2,320.6,20.1,D,0
-22.7552,119.4528,367,1,1,2014-09-16,0547,Aqua,MODIS,100,6.2,314.9,84.8,D,0
-22.7461,119.4513,373.1,1,1,2014-09-16,0547,Aqua,MODIS,100,6.2,319.7,100.7,D,0
-22.7474,119.4414,364.1,1,1,2014-09-16,0547,Aqua,MODIS,90,6.2,324.9,69.7,D,0
-22.7356,119.4598,345.2,1,1,2014-09-16,0547,Aqua,MODIS,43,6.2,319.1,25.2,D,0
-18.2504,122.9521,367.3,1.3,1.1,2014-09-16,0548,Aqua,MODIS,100,6.2,326.3,123.7,D,0
-18.7537,129.9143,327.4,4.1,1.9,2014-09-16,0548,Aqua,MODIS,42,6.2,312.4,81.9,D,0
-18.6958,128.6643,385.1,3.3,1.7,2014-09-16,0548,Aqua,MODIS,100,6.2,317.8,906.2,D,0
-18.0524,123.1647,350,1.4,1.2,2014-09-16,0548,Aqua,MODIS,91,6.2,315.2,61.1,D,0
-18.3486,123.04,334.7,1.3,1.1,2014-09-16,0548,Aqua,MODIS,72,6.2,323.2,19,D,0
-18.0545,123.1519,361.2,1.4,1.2,2014-09-16,0548,Aqua,MODIS,100,6.2,315.1,105,D,0
-18.0566,123.139,376.2,1.4,1.2,2014-09-16,0548,Aqua,MODIS,100,6.2,315.9,185.7,D,0
-18.0441,123.15,351.3,1.4,1.2,2014-09-16,0548,Aqua,MODIS,93,6.2,315.7,65.2,D,0
-17.9939,123.194,334.1,1.4,1.2,2014-09-16,0548,Aqua,MODIS,71,6.2,320.6,18.6,D,0
-18.0399,123.1757,339.6,1.4,1.2,2014-09-16,0548,Aqua,MODIS,69,6.2,316.3,29.9,D,0
-18.0462,123.1372,389.3,1.4,1.2,2014-09-16,0548,Aqua,MODIS,100,6.2,319.9,273.8,D,0
-18.0483,123.1243,347.3,1.4,1.2,2014-09-16,0548,Aqua,MODIS,90,6.2,312.2,54.5,D,0
-18.0359,123.1353,358.8,1.4,1.2,2014-09-16,0548,Aqua,MODIS,99,6.2,315.4,97.6,D,0
-18.038,123.1225,333.7,1.4,1.2,2014-09-16,0548,Aqua,MODIS,70,6.2,314.1,20,D,0
-18.2944,122.746,358.6,1.3,1.1,2014-09-16,0548,Aqua,MODIS,99,6.2,321.6,76.4,D,0
-18.2924,122.758,352.8,1.3,1.1,2014-09-16,0548,Aqua,MODIS,83,6.2,323.6,56.2,D,0
-18.3064,122.7357,383.3,1.3,1.1,2014-09-16,0548,Aqua,MODIS,100,6.2,322,206.1,D,0
-18.3045,122.7477,347.3,1.3,1.1,2014-09-16,0548,Aqua,MODIS,61,6.2,321.4,44.1,D,0
-18.3025,122.7598,342.4,1.3,1.1,2014-09-16,0548,Aqua,MODIS,36,6.2,323.3,31.1,D,0
-18.3165,122.7375,370.8,1.3,1.1,2014-09-16,0548,Aqua,MODIS,100,6.2,320,139.5,D,0
-18.3567,122.9259,395,1.3,1.1,2014-09-16,0548,Aqua,MODIS,100,6.2,320.6,306.9,D,0
-18.3546,122.9383,364,1.3,1.1,2014-09-16,0548,Aqua,MODIS,100,6.2,318.4,114.1,D,0
-18.3526,122.9506,346.9,1.3,1.1,2014-09-16,0548,Aqua,MODIS,82,6.2,315.9,49,D,0
-18.3668,122.9278,403.1,1.3,1.1,2014-09-16,0548,Aqua,MODIS,100,6.2,321.1,376.2,D,0
-18.3648,122.9401,369.3,1.3,1.1,2014-09-16,0548,Aqua,MODIS,100,6.2,319.1,138,D,0
-18.3184,122.7255,356.9,1.3,1.1,2014-09-16,0548,Aqua,MODIS,98,6.2,316.7,83.6,D,0
-18.3083,122.7237,336,1.3,1.1,2014-09-16,0548,Aqua,MODIS,56,6.2,315.3,22.5,D,0
-18.7759,128.719,327.4,3.3,1.7,2014-09-16,0548,Aqua,MODIS,36,6.2,315,49,D,0
-18.6936,128.6887,370.2,3.3,1.7,2014-09-16,0548,Aqua,MODIS,100,6.2,315.5,574.3,D,0
-18.6995,128.6575,358.8,3.3,1.7,2014-09-16,0548,Aqua,MODIS,99,6.2,314.4,372.6,D,0
-18.7451,128.7126,337.6,3.3,1.7,2014-09-16,0548,Aqua,MODIS,80,6.2,312.7,130.7,D,0
-17.7776,123.149,333.9,1.4,1.2,2014-09-16,0548,Aqua,MODIS,55,6.2,318.4,16.5,D,0
-17.7755,123.1619,342.5,1.4,1.2,2014-09-16,0548,Aqua,MODIS,84,6.2,320.6,38.7,D,0
-17.788,123.1508,362.7,1.4,1.2,2014-09-16,0548,Aqua,MODIS,100,6.2,319.6,113,D,0
-17.7859,123.1638,347,1.4,1.2,2014-09-16,0548,Aqua,MODIS,89,6.2,321.9,53.1,D,0
-17.7985,123.1527,387.6,1.4,1.2,2014-09-16,0548,Aqua,MODIS,100,6.2,323.7,265.9,D,0
-17.7964,123.1657,395.5,1.4,1.2,2014-09-16,0548,Aqua,MODIS,100,6.2,326.9,332.1,D,0
-17.7943,123.1787,351.1,1.4,1.2,2014-09-16,0548,Aqua,MODIS,93,6.2,318.8,68.7,D,0
-17.8068,123.1676,345,1.4,1.2,2014-09-16,0548,Aqua,MODIS,87,6.2,314.8,52.3,D,0
-18.7357,128.7054,338,3.3,1.7,2014-09-16,0548,Aqua,MODIS,80,6.2,311.7,137.9,D,0
-18.7418,128.674,350.2,3.3,1.7,2014-09-16,0548,Aqua,MODIS,93,6.2,310.6,265.6,D,0
-18.6896,128.6954,364.6,3.3,1.7,2014-09-16,0548,Aqua,MODIS,100,6.2,314.8,478.8,D,0
-18.7571,128.6775,328.9,3.3,1.7,2014-09-16,0548,Aqua,MODIS,47,6.2,313.2,64.9,D,0
-18.7511,128.7087,333,3.3,1.7,2014-09-16,0548,Aqua,MODIS,71,6.2,313.2,96.1,D,0
-18.7514,128.6814,360.2,3.3,1.7,2014-09-16,0548,Aqua,MODIS,100,6.2,313.9,399.9,D,0
-18.7605,128.7158,328.1,3.3,1.7,2014-09-16,0548,Aqua,MODIS,42,6.2,314,56.3,D,0
-17.9923,123.1604,340.3,1.4,1.2,2014-09-16,0548,Aqua,MODIS,82,6.2,316,35.1,D,0
-18.2422,122.9379,381.7,1.3,1.1,2014-09-16,0548,Aqua,MODIS,100,6.2,327.5,201.5,D,0
-18.2524,122.9397,368.1,1.3,1.1,2014-09-16,0548,Aqua,MODIS,100,6.2,323.5,127.3,D,0
-18.2484,122.9646,341.9,1.3,1.1,2014-09-16,0548,Aqua,MODIS,43,6.2,323.5,33.6,D,0
-18.2043,122.6003,338.2,1.3,1.1,2014-09-16,0548,Aqua,MODIS,50,6.2,318.2,26.7,D,0
-18.0172,123.1187,343.5,1.4,1.2,2014-09-16,0548,Aqua,MODIS,86,6.2,316.8,44.9,D,0
-17.9902,123.1733,342.4,1.4,1.2,2014-09-16,0548,Aqua,MODIS,85,6.2,319.3,39.8,D,0
-17.3959,125.6211,338.7,2.1,1.4,2014-09-16,0548,Aqua,MODIS,70,6.2,314.6,63.4,D,0
-17.4001,125.6097,359.6,2.1,1.4,2014-09-16,0548,Aqua,MODIS,99,6.2,317.6,198,D,0
-17.3967,125.6286,334.4,2.1,1.4,2014-09-16,0548,Aqua,MODIS,68,6.2,314.6,48.1,D,0
-18.8459,130.2771,339.3,4.3,1.9,2014-09-16,0548,Aqua,MODIS,83,6.2,313.6,218.5,D,0
-18.8289,130.2733,345.2,4.3,1.9,2014-09-16,0548,Aqua,MODIS,89,6.2,311.9,309.2,D,0
-18.8455,130.2724,341.3,4.3,1.9,2014-09-16,0548,Aqua,MODIS,86,6.2,313.6,246.1,D,0
-17.4962,125.6548,335,2.1,1.4,2014-09-16,0548,Aqua,MODIS,54,6.2,316.6,48.5,D,0
-17.4998,125.6352,334.7,2.1,1.4,2014-09-16,0548,Aqua,MODIS,57,6.2,313.9,50.4,D,0
-17.4971,125.6496,336.7,2.1,1.4,2014-09-16,0548,Aqua,MODIS,62,6.2,316.3,55.4,D,0
-18.8284,130.2685,338.9,4.3,1.9,2014-09-16,0548,Aqua,MODIS,83,6.2,311.9,216.7,D,0
-18.6782,128.6853,333.4,3.3,1.7,2014-09-16,0548,Aqua,MODIS,64,6.2,314.3,92.2,D,0
-18.6713,128.6269,329.3,3.3,1.7,2014-09-16,0548,Aqua,MODIS,14,6.2,316.5,53,D,0
-18.6651,128.6578,338.6,3.3,1.7,2014-09-16,0548,Aqua,MODIS,82,6.2,316.8,129.8,D,0
-18.6383,130.133,327.5,4.3,1.9,2014-09-16,0548,Aqua,MODIS,51,6.2,311.9,74.3,D,0
-18.6375,130.1275,330.4,4.3,1.9,2014-09-16,0548,Aqua,MODIS,68,6.2,312.2,102.3,D,0
-17.4469,125.6391,337.3,2.1,1.4,2014-09-16,0548,Aqua,MODIS,80,6.2,315.8,63.4,D,0
-17.4091,125.6319,353.6,2.1,1.4,2014-09-16,0548,Aqua,MODIS,95,6.2,318,153.1,D,0
-18.7682,130.1284,337,4.2,1.9,2014-09-16,0548,Aqua,MODIS,81,6.2,310.8,195.6,D,0
-18.7764,130.0891,339.8,4.2,1.9,2014-09-16,0548,Aqua,MODIS,84,6.2,309.9,228.3,D,0
-18.7649,130.1201,340.8,4.2,1.9,2014-09-16,0548,Aqua,MODIS,85,6.2,311.1,241.2,D,0
-17.4126,125.6124,330,2.1,1.4,2014-09-16,0548,Aqua,MODIS,40,6.2,314.4,31.7,D,0
-17.5689,125.8416,344.8,2.2,1.4,2014-09-16,0548,Aqua,MODIS,89,6.2,314.5,97.9,D,0
-17.5652,125.8621,370.3,2.2,1.4,2014-09-16,0548,Aqua,MODIS,100,6.2,316.6,301.3,D,0
-17.4035,125.5906,361.4,2.1,1.4,2014-09-16,0548,Aqua,MODIS,100,6.2,318.2,210.5,D,0
-17.405,125.644,335.9,2.1,1.4,2014-09-16,0548,Aqua,MODIS,69,6.2,317.5,51.8,D,0
-17.4083,125.6245,346.4,2.1,1.4,2014-09-16,0548,Aqua,MODIS,90,6.2,317.7,105.7,D,0
-17.4025,125.5831,341.7,2.1,1.4,2014-09-16,0548,Aqua,MODIS,85,6.2,317.1,80.7,D,0
-17.4476,125.8504,343.8,2.2,1.4,2014-09-16,0548,Aqua,MODIS,70,6.2,318.6,86.4,D,0
-17.4465,125.8655,336.7,2.2,1.4,2014-09-16,0548,Aqua,MODIS,39,6.2,314.9,53.5,D,0
-18.7727,130.0809,334.1,4.2,1.9,2014-09-16,0548,Aqua,MODIS,77,6.2,309.9,153.8,D,0
-17.543,125.6852,347.5,2.1,1.4,2014-09-16,0548,Aqua,MODIS,87,6.2,314.4,112.7,D,0
-17.5543,125.7768,335.8,2.1,1.4,2014-09-16,0548,Aqua,MODIS,53,6.2,316.9,49.8,D,0
-17.5579,125.757,333.4,2.1,1.4,2014-09-16,0548,Aqua,MODIS,24,6.2,314.4,41.9,D,0
-17.5304,125.6827,339.3,2.1,1.4,2014-09-16,0548,Aqua,MODIS,52,6.2,316.2,64.4,D,0
-17.5395,125.7049,343.2,2.1,1.4,2014-09-16,0548,Aqua,MODIS,72,6.2,318.2,84.1,D,0
-17.5521,125.7076,350.6,2.1,1.4,2014-09-16,0548,Aqua,MODIS,91,6.2,314.3,133.1,D,0
-17.5561,125.6953,335.5,2.1,1.4,2014-09-16,0548,Aqua,MODIS,77,6.2,311.7,58.9,D,0
-17.5525,125.7147,343.6,2.1,1.4,2014-09-16,0548,Aqua,MODIS,67,6.2,313.7,91.8,D,0
-17.4434,125.6587,332,2.1,1.4,2014-09-16,0548,Aqua,MODIS,64,6.2,315.8,35.5,D,0
-18.6688,128.651,341.3,3.3,1.7,2014-09-16,0548,Aqua,MODIS,85,6.2,316.5,155.6,D,0
-20.0711,128.2389,335.1,2.9,1.6,2014-09-16,0548,Aqua,MODIS,64,6.2,317.1,73.1,D,0
-20.0303,128.2786,333.5,2.9,1.6,2014-09-16,0548,Aqua,MODIS,68,6.2,318,62.2,D,0
-20.0315,128.2869,332.6,2.9,1.6,2014-09-16,0548,Aqua,MODIS,56,6.2,317.1,54.1,D,0
-17.3992,125.6023,369.1,2.1,1.4,2014-09-16,0548,Aqua,MODIS,100,6.2,318.2,275.6,D,0
-17.5454,125.8985,369.8,2.2,1.4,2014-09-16,0548,Aqua,MODIS,100,6.2,315.4,303,D,0
-17.5489,125.8794,373.8,2.2,1.4,2014-09-16,0548,Aqua,MODIS,100,6.2,317.9,341.9,D,0
-17.5362,125.8764,335.8,2.2,1.4,2014-09-16,0548,Aqua,MODIS,11,6.2,315.1,49,D,0
-17.5462,125.8919,375.6,2.2,1.4,2014-09-16,0548,Aqua,MODIS,100,6.2,316.7,365,D,0
-17.5496,125.8724,344.8,2.2,1.4,2014-09-16,0548,Aqua,MODIS,83,6.2,316.8,94.6,D,0
-17.5334,125.8889,339.4,2.2,1.4,2014-09-16,0548,Aqua,MODIS,77,6.2,313.5,72.5,D,0
-17.4695,125.8756,337.2,2.2,1.4,2014-09-16,0548,Aqua,MODIS,76,6.2,314.2,63.6,D,0
-17.4732,125.8551,331.7,2.2,1.4,2014-09-16,0548,Aqua,MODIS,36,6.2,316.7,35.3,D,0
-18.8373,130.2328,328.4,4.3,1.9,2014-09-16,0548,Aqua,MODIS,60,6.2,311.2,100.9,D,0
-18.8543,130.2365,325.4,4.3,1.9,2014-09-16,0548,Aqua,MODIS,24,6.2,311.9,64.4,D,0
-18.3767,127.7725,328.5,2.9,1.6,2014-09-16,0548,Aqua,MODIS,40,6.2,316.9,43.2,D,0
-18.7304,127.3088,334.4,2.6,1.6,2014-09-16,0548,Aqua,MODIS,62,6.2,313.6,69.3,D,0
-18.7351,127.2845,338,2.6,1.6,2014-09-16,0548,Aqua,MODIS,80,6.2,316.9,91.4,D,0
-18.7253,127.2998,344.6,2.6,1.6,2014-09-16,0548,Aqua,MODIS,88,6.2,316,136.9,D,0
-18.7299,127.2754,330.4,2.6,1.6,2014-09-16,0548,Aqua,MODIS,57,6.2,318.4,45.5,D,0
-18.3909,127.7804,340.3,2.9,1.6,2014-09-16,0548,Aqua,MODIS,79,6.2,316.1,122.2,D,0
-18.3911,127.7758,343,2.9,1.6,2014-09-16,0548,Aqua,MODIS,82,6.2,316.5,145.2,D,0
-18.3764,127.777,330.9,2.9,1.6,2014-09-16,0548,Aqua,MODIS,42,6.2,316.3,54.9,D,0
-18.6743,127.3406,333.2,2.7,1.6,2014-09-16,0548,Aqua,MODIS,62,6.2,316.5,57.1,D,0
-18.7069,127.3214,354.9,2.6,1.6,2014-09-16,0548,Aqua,MODIS,96,6.2,315.8,224.1,D,0
-18.6883,127.3434,356.1,2.7,1.6,2014-09-16,0548,Aqua,MODIS,97,6.2,315.7,237.4,D,0
-18.6929,127.3185,341.4,2.6,1.6,2014-09-16,0548,Aqua,MODIS,77,6.2,318.5,104.5,D,0
-21.1021,118.5126,332.7,1.1,1,2014-09-16,0548,Aqua,MODIS,66,6.2,320.8,9.8,D,0
-18.7833,130.9352,324.5,4.8,2,2014-09-16,0548,Aqua,MODIS,41,6.2,311,72.2,D,0
-14.7684,126.5321,340.4,2.8,1.6,2014-09-16,0549,Aqua,MODIS,87,6.2,313,106.1,D,0
-14.7587,126.5035,329.1,2.8,1.6,2014-09-16,0549,Aqua,MODIS,62,6.2,313.9,39.6,D,0
-14.7066,126.4664,327.4,2.8,1.6,2014-09-16,0549,Aqua,MODIS,61,6.2,309.7,42.5,D,0
-16.0606,128.1777,327,3.5,1.8,2014-09-16,0549,Aqua,MODIS,42,6.2,309.3,52.1,D,0
-14.8126,126.5457,325.5,2.8,1.6,2014-09-16,0549,Aqua,MODIS,46,6.2,311.3,29.6,D,0
-14.7746,126.5116,327.9,2.8,1.6,2014-09-16,0549,Aqua,MODIS,70,6.2,312.1,35.7,D,0
-14.7111,126.4418,326.8,2.7,1.6,2014-09-16,0549,Aqua,MODIS,58,6.2,310.6,38.5,D,0
-14.7542,126.5288,328.5,2.8,1.6,2014-09-16,0549,Aqua,MODIS,61,6.2,313.7,34.4,D,0
-14.7558,126.5337,335.7,2.8,1.6,2014-09-16,0549,Aqua,MODIS,82,6.2,313.8,76.8,D,0
-14.7729,126.5064,338.3,2.8,1.6,2014-09-16,0549,Aqua,MODIS,85,6.2,313.2,92.1,D,0
-14.7604,126.5086,350.9,2.8,1.6,2014-09-16,0549,Aqua,MODIS,94,6.2,314.7,200.1,D,0
-16.067,128.1439,335.6,3.4,1.7,2014-09-16,0549,Aqua,MODIS,72,6.2,308.5,130.9,D,0
-16.0046,128.1312,330.3,3.4,1.7,2014-09-16,0549,Aqua,MODIS,14,6.2,311.9,69.6,D,0
-15.9595,128.0493,337.4,3.4,1.7,2014-09-16,0549,Aqua,MODIS,59,6.2,311.2,123.8,D,0
-15.9536,128.08,333.8,3.4,1.7,2014-09-16,0549,Aqua,MODIS,46,6.2,312.5,93.4,D,0
-16.0665,127.5679,339.6,3.1,1.7,2014-09-16,0549,Aqua,MODIS,85,6.2,309.6,146.3,D,0
-16.0611,127.5971,333,3.1,1.7,2014-09-16,0549,Aqua,MODIS,74,6.2,310,94.1,D,0
-15.9506,128.043,334.7,3.4,1.7,2014-09-16,0549,Aqua,MODIS,48,6.2,311.4,98.2,D,0
-15.9283,128.0439,329.8,3.4,1.7,2014-09-16,0549,Aqua,MODIS,18,6.2,313.5,69.8,D,0
-16.0476,127.5039,334,3.1,1.7,2014-09-16,0549,Aqua,MODIS,76,6.2,309.6,93.7,D,0
-16.0452,127.5282,332.5,3.1,1.7,2014-09-16,0549,Aqua,MODIS,69,6.2,310.5,77.1,D,0
-15.9406,127.9803,328.7,3.4,1.7,2014-09-16,0549,Aqua,MODIS,52,6.2,311.6,65.9,D,0
-16.0515,128.1404,336,3.4,1.7,2014-09-16,0549,Aqua,MODIS,71,6.2,311.3,129.6,D,0
-15.9504,128.1813,331.5,3.5,1.8,2014-09-16,0549,Aqua,MODIS,73,6.2,311.6,68.2,D,0
-15.9692,128.083,331.9,3.4,1.7,2014-09-16,0549,Aqua,MODIS,33,6.2,310.3,81,D,0
-15.9365,128.2073,328.8,3.5,1.8,2014-09-16,0549,Aqua,MODIS,29,6.2,312.4,47.3,D,0
-15.9439,128.0465,336,3.4,1.7,2014-09-16,0549,Aqua,MODIS,64,6.2,312.1,118.3,D,0
-16.0505,127.4991,328.9,3.1,1.7,2014-09-16,0549,Aqua,MODIS,37,6.2,308.9,56.9,D,0
-15.8915,127.5204,325,3.1,1.7,2014-09-16,0549,Aqua,MODIS,26,6.2,311,34.9,D,0
-16.0303,127.525,327,3.1,1.7,2014-09-16,0549,Aqua,MODIS,46,6.2,311.4,41.5,D,0
-16.0422,127.5325,333,3.1,1.7,2014-09-16,0549,Aqua,MODIS,77,6.2,310.6,82.1,D,0
-15.935,128.0403,332.4,3.4,1.7,2014-09-16,0549,Aqua,MODIS,48,6.2,313.7,89.9,D,0
-20.7316,139.4703,304.3,1.2,1.1,2014-09-16,1334,Terra,MODIS,60,6.2,293.1,7.1,N,2
-18.679,128.6705,302,2.7,1.6,2014-09-16,1335,Terra,MODIS,28,6.2,291.6,16.8,N,0
-18.6648,128.6689,302.9,2.7,1.6,2014-09-16,1335,Terra,MODIS,46,6.2,292.7,20.4,N,0
-14.6831,131.9027,310.4,1.4,1.2,2014-09-16,1336,Terra,MODIS,79,6.2,292.7,14.9,N,0
-14.6847,131.8901,306.9,1.4,1.2,2014-09-16,1336,Terra,MODIS,69,6.2,293.1,10.8,N,0
-14.7342,126.5024,308,3.4,1.7,2014-09-16,1336,Terra,MODIS,73,6.2,291.6,46,N,0
-14.6711,126.4496,312.2,3.5,1.8,2014-09-16,1336,Terra,MODIS,84,6.2,292.3,64,N,0
-14.6807,126.4561,304.1,3.5,1.8,2014-09-16,1336,Terra,MODIS,12,6.2,292.3,29.7,N,0
-17.5002,125.6191,314,4.4,1.9,2014-09-16,1336,Terra,MODIS,88,6.2,294.9,91.6,N,0
-17.4637,125.6146,311.2,4.4,1.9,2014-09-16,1336,Terra,MODIS,82,6.2,295.2,75.2,N,0
-14.721,126.5255,311.5,3.4,1.7,2014-09-16,1336,Terra,MODIS,83,6.2,291.7,59.5,N,0
-17.5234,125.8985,311.4,4.2,1.9,2014-09-16,1336,Terra,MODIS,73,6.2,295,65.7,N,0
-17.5301,125.8664,308,4.2,1.9,2014-09-16,1336,Terra,MODIS,73,6.2,294.7,52.6,N,0
-17.5264,125.9057,308.7,4.2,1.9,2014-09-16,1336,Terra,MODIS,75,6.2,294.9,55.2,N,0
-14.6935,131.9041,321.1,1.4,1.2,2014-09-16,1336,Terra,MODIS,100,6.2,293.4,29.3,N,0
-17.499,125.6123,312.6,4.4,1.9,2014-09-16,1336,Terra,MODIS,85,6.2,294.6,82.6,N,0
-14.6649,126.454,318.5,3.5,1.8,2014-09-16,1336,Terra,MODIS,97,6.2,292,94.9,N,0
-17.4624,125.6097,312.2,4.4,1.9,2014-09-16,1336,Terra,MODIS,84,6.2,295.2,82.2,N,0
-14.6964,126.4586,305.7,3.5,1.8,2014-09-16,1336,Terra,MODIS,38,6.2,292.1,35.9,N,0
-14.9455,134.4882,315.4,1,1,2014-09-16,1336,Terra,MODIS,91,6.2,294.9,12.6,N,0
-14.4013,134.4392,304.1,1,1,2014-09-16,1336,Terra,MODIS,55,6.2,293.8,4.3,N,0
-14.9058,134.5835,304.3,1,1,2014-09-16,1336,Terra,MODIS,59,6.2,293.7,5,N,0
-14.9442,134.4978,314.8,1,1,2014-09-16,1336,Terra,MODIS,90,6.2,295,11.9,N,0
-15.1569,143.616,303,2.8,1.6,2014-09-16,1336,Terra,MODIS,53,6.2,290.6,21.2,N,0
-15.1596,143.622,304.2,2.8,1.6,2014-09-16,1336,Terra,MODIS,59,6.2,290.7,23.2,N,0
-16.0788,127.6112,319.5,3,1.6,2014-09-16,1336,Terra,MODIS,99,6.2,294.4,76.5,N,0
-16.061,127.637,304.6,2.9,1.6,2014-09-16,1336,Terra,MODIS,30,6.2,293.7,20.5,N,0
-16.0669,127.5889,319.3,3,1.6,2014-09-16,1336,Terra,MODIS,98,6.2,293.9,78.3,N,0
-16.0523,127.5805,303,3,1.6,2014-09-16,1336,Terra,MODIS,24,6.2,292.6,19.5,N,0
-16.0671,127.5822,317.1,3,1.6,2014-09-16,1336,Terra,MODIS,94,6.2,293.7,67.3,N,0
-15.9599,128.0241,308.5,2.7,1.6,2014-09-16,1336,Terra,MODIS,75,6.2,295.4,29.6,N,0
-16.0641,127.6096,317.9,3,1.6,2014-09-16,1336,Terra,MODIS,96,6.2,293.8,69.9,N,0
-16.0788,127.618,321.5,3,1.6,2014-09-16,1336,Terra,MODIS,100,6.2,294.7,87,N,0
-16.0641,127.6164,319.9,3,1.6,2014-09-16,1336,Terra,MODIS,99,6.2,294,79.1,N,0
-16.1279,132.4629,406.6,1.3,1.1,2014-09-16,1336,Terra,MODIS,100,6.2,300.8,433.7,N,0
-14.1419,133.7836,315.6,1.1,1,2014-09-16,1336,Terra,MODIS,91,6.2,295.1,13.3,N,0
-14.1406,133.7935,307.7,1.1,1,2014-09-16,1336,Terra,MODIS,71,6.2,294.4,7.4,N,0
-14.1432,133.7737,312.1,1.1,1,2014-09-16,1336,Terra,MODIS,43,6.2,295.2,9.1,N,0
-14.2783,132.8301,307.6,1.2,1.1,2014-09-16,1336,Terra,MODIS,70,6.2,295.1,7.9,N,0
-14.5432,133.2038,306.9,1.1,1.1,2014-09-16,1336,Terra,MODIS,68,6.2,296.5,6,N,0
-14.5447,133.1932,337.1,1.1,1.1,2014-09-16,1336,Terra,MODIS,100,6.2,298.6,44.5,N,0
-14.5461,133.1825,327.4,1.1,1.1,2014-09-16,1336,Terra,MODIS,100,6.2,296.8,28.2,N,0
-13.8572,131.8372,306.7,1.3,1.1,2014-09-16,1336,Terra,MODIS,68,6.2,295.2,8.3,N,0
-16.3429,132.1347,312.8,1.4,1.2,2014-09-16,1336,Terra,MODIS,80,6.2,292.4,16,N,0
-16.3412,132.1476,319.4,1.4,1.2,2014-09-16,1336,Terra,MODIS,98,6.2,292.9,25.5,N,0
-16.3396,132.1605,381,1.4,1.2,2014-09-16,1336,Terra,MODIS,100,6.2,299.1,250,N,0
-16.3379,132.1733,377.8,1.4,1.2,2014-09-16,1336,Terra,MODIS,100,6.2,296,229.2,N,0
-16.35,132.1618,325.2,1.4,1.2,2014-09-16,1336,Terra,MODIS,100,6.2,293.2,35,N,0
-16.3484,132.1747,375.2,1.4,1.2,2014-09-16,1336,Terra,MODIS,100,6.2,300.3,213.9,N,0
-16.3466,132.154,352.4,1.4,1.2,2014-09-16,1336,Terra,MODIS,100,6.2,295.3,107.2,N,0
-16.345,132.1669,401.5,1.4,1.2,2014-09-16,1336,Terra,MODIS,100,6.2,303.4,418.3,N,0
-16.3478,132.0959,343,1.4,1.2,2014-09-16,1336,Terra,MODIS,100,6.2,296.2,75.4,N,0
-16.3462,132.1088,369.1,1.4,1.2,2014-09-16,1336,Terra,MODIS,100,6.2,300.4,179.5,N,0
-16.3445,132.1218,313.4,1.4,1.2,2014-09-16,1336,Terra,MODIS,50,6.2,293.2,16.3,N,0
-16.3583,132.0973,307.9,1.4,1.2,2014-09-16,1336,Terra,MODIS,16,6.2,293.2,10.5,N,0
-16.3545,132.0893,312.8,1.4,1.2,2014-09-16,1336,Terra,MODIS,84,6.2,292.9,17,N,0
-16.3529,132.1023,345.5,1.4,1.2,2014-09-16,1336,Terra,MODIS,100,6.2,296.8,84.9,N,0
-16.3513,132.1152,308.8,1.4,1.2,2014-09-16,1336,Terra,MODIS,46,6.2,294,11.8,N,0
-16.0793,132.518,357.8,1.3,1.1,2014-09-16,1336,Terra,MODIS,100,6.2,298.9,113.8,N,0
-16.0894,132.5194,341.1,1.3,1.1,2014-09-16,1336,Terra,MODIS,100,6.2,297,61.3,N,0
-16.109,132.4479,383.9,1.3,1.1,2014-09-16,1336,Terra,MODIS,100,6.2,286.9,247.2,N,0
-16.1075,132.4601,402.2,1.3,1.1,2014-09-16,1336,Terra,MODIS,100,6.2,306.9,387.8,N,0
-16.1059,132.4723,369.9,1.3,1.1,2014-09-16,1336,Terra,MODIS,100,6.2,303.5,165.1,N,0
-16.1012,132.5087,346.1,1.3,1.1,2014-09-16,1336,Terra,MODIS,100,6.2,298.6,75.3,N,0
-16.1145,132.4859,421.8,1.3,1.1,2014-09-16,1336,Terra,MODIS,100,6.2,316.2,601,N,0
-16.1129,132.498,351.8,1.3,1.1,2014-09-16,1336,Terra,MODIS,100,6.2,301.5,91.9,N,0
-16.1114,132.5101,316.9,1.3,1.1,2014-09-16,1336,Terra,MODIS,49,6.2,296,15.8,N,0
-16.0805,132.3438,315.4,1.3,1.1,2014-09-16,1336,Terra,MODIS,91,6.2,294.1,19.1,N,0
-16.079,132.3562,309,1.3,1.1,2014-09-16,1336,Terra,MODIS,49,6.2,292.8,10.9,N,0
-16.0924,132.3328,337.2,1.3,1.1,2014-09-16,1336,Terra,MODIS,100,6.2,295.6,56.4,N,0
-16.0908,132.3452,333.6,1.3,1.1,2014-09-16,1336,Terra,MODIS,100,6.2,297.1,47.1,N,0
-16.0893,132.3576,314,1.3,1.1,2014-09-16,1336,Terra,MODIS,62,6.2,293.5,14.4,N,0
-16.1043,132.3218,337.5,1.3,1.1,2014-09-16,1336,Terra,MODIS,100,6.2,295.1,58.7,N,0
-16.1027,132.3342,393.7,1.3,1.1,2014-09-16,1336,Terra,MODIS,100,6.2,303.8,328.8,N,0
-16.1011,132.3466,320.1,1.3,1.1,2014-09-16,1336,Terra,MODIS,94,6.2,295.6,22.2,N,0
-16.0995,132.359,312.3,1.3,1.1,2014-09-16,1336,Terra,MODIS,36,6.2,293.6,11.4,N,0
-16.1146,132.3232,311.3,1.3,1.1,2014-09-16,1336,Terra,MODIS,82,6.2,294.4,14.6,N,0
-16.113,132.3357,351.5,1.3,1.1,2014-09-16,1336,Terra,MODIS,100,6.2,298.2,98.4,N,0
-16.1217,132.3495,314.2,1.3,1.1,2014-09-16,1336,Terra,MODIS,89,6.2,293.7,17.3,N,0
-16.1201,132.3618,314.1,1.3,1.1,2014-09-16,1336,Terra,MODIS,87,6.2,294.3,16.9,N,0
-16.1082,132.3728,326.8,1.3,1.1,2014-09-16,1336,Terra,MODIS,100,6.2,295.2,33.8,N,0
-16.1067,132.3851,322.9,1.3,1.1,2014-09-16,1336,Terra,MODIS,100,6.2,295.2,26.9,N,0
-16.1185,132.3742,313.2,1.3,1.1,2014-09-16,1336,Terra,MODIS,22,6.2,294.9,14.7,N,0
-16.1169,132.3866,311.5,1.3,1.1,2014-09-16,1336,Terra,MODIS,27,6.2,293.4,12.6,N,0
-16.1904,132.5268,314.7,1.3,1.1,2014-09-16,1336,Terra,MODIS,90,6.2,294,15,N,0
-16.2006,132.5282,316.2,1.3,1.1,2014-09-16,1336,Terra,MODIS,93,6.2,293.5,17.5,N,0
-16.0691,132.5166,304.2,1.3,1.1,2014-09-16,1336,Terra,MODIS,17,6.2,293.3,5.4,N,0
-14.1486,133.734,328.9,1.1,1,2014-09-16,1336,Terra,MODIS,100,6.2,296.8,26,N,0
-14.1472,133.7439,323,1.1,1,2014-09-16,1336,Terra,MODIS,100,6.2,296.8,18,N,0
-16.3284,132.08,307,1.4,1.2,2014-09-16,1336,Terra,MODIS,70,6.2,290.9,11.1,N,0
-16.3357,132.1074,313,1.4,1.2,2014-09-16,1336,Terra,MODIS,64,6.2,292.6,16.8,N,0
-16.2607,132.5307,312.3,1.3,1.1,2014-09-16,1336,Terra,MODIS,84,6.2,293,15.8,N,0
-16.2622,132.5185,332.6,1.3,1.1,2014-09-16,1336,Terra,MODIS,100,6.2,292.5,47.5,N,0
-16.2505,132.5292,315.4,1.3,1.1,2014-09-16,1336,Terra,MODIS,91,6.2,292.3,19.2,N,0
-16.252,132.5171,335.5,1.3,1.1,2014-09-16,1336,Terra,MODIS,100,6.2,292.3,53.6,N,0
-16.3259,132.4081,320.2,1.3,1.1,2014-09-16,1336,Terra,MODIS,100,6.2,291.5,27.1,N,0
-16.3362,132.4095,332.7,1.3,1.1,2014-09-16,1336,Terra,MODIS,100,6.2,293.9,48.5,N,0
-16.3346,132.4219,312.2,1.3,1.1,2014-09-16,1336,Terra,MODIS,84,6.2,292.4,15.7,N,0
-16.3536,132.4372,303.2,1.3,1.1,2014-09-16,1336,Terra,MODIS,54,6.2,292.6,6.8,N,0
-16.3639,132.4386,345.9,1.3,1.1,2014-09-16,1336,Terra,MODIS,100,6.2,296.9,80,N,0
-16.3623,132.451,355,1.3,1.1,2014-09-16,1336,Terra,MODIS,100,6.2,298.1,108.9,N,0
-16.3435,132.1797,399.5,1.4,1.2,2014-09-16,1336,Terra,MODIS,100,6.2,301.1,398.5,N,0
-16.3467,132.1875,338.1,1.4,1.2,2014-09-16,1336,Terra,MODIS,100,6.2,292.7,63.5,N,0
-16.3363,132.1861,321.8,1.4,1.2,2014-09-16,1336,Terra,MODIS,100,6.2,291.1,29.9,N,0
-16.1027,132.4966,357.8,1.3,1.1,2014-09-16,1336,Terra,MODIS,100,6.2,300.3,111.7,N,0
-16.1043,132.4845,355.3,1.3,1.1,2014-09-16,1336,Terra,MODIS,100,6.2,301.4,103.9,N,0
-16.091,132.5073,405.3,1.3,1.1,2014-09-16,1336,Terra,MODIS,100,6.2,307.9,414.8,N,0
-16.0926,132.4951,344.4,1.3,1.1,2014-09-16,1336,Terra,MODIS,100,6.2,298.6,69.8,N,0
-16.0941,132.483,376.2,1.3,1.1,2014-09-16,1336,Terra,MODIS,100,6.2,305,198.2,N,0
-16.0957,132.4709,390.2,1.3,1.1,2014-09-16,1336,Terra,MODIS,100,6.2,306,290.4,N,0
-16.0972,132.4587,393.2,1.3,1.1,2014-09-16,1336,Terra,MODIS,100,6.2,305.6,313.3,N,0
-16.0988,132.4465,344.4,1.3,1.1,2014-09-16,1336,Terra,MODIS,100,6.2,289.5,70.9,N,0
-16.1004,132.4343,318.3,1.3,1.1,2014-09-16,1336,Terra,MODIS,22,6.2,283.4,16.9,N,0
-16.0808,132.5059,369.1,1.3,1.1,2014-09-16,1336,Terra,MODIS,100,6.2,300.5,161.5,N,0
-16.0824,132.4937,324.6,1.3,1.1,2014-09-16,1336,Terra,MODIS,79,6.2,296.3,27.4,N,0
-16.0839,132.4816,350.2,1.3,1.1,2014-09-16,1336,Terra,MODIS,100,6.2,298,87.1,N,0
-16.0855,132.4695,364.6,1.3,1.1,2014-09-16,1336,Terra,MODIS,100,6.2,300.1,141.5,N,0
-16.087,132.4573,363.7,1.3,1.1,2014-09-16,1336,Terra,MODIS,100,6.2,299.3,139.3,N,0
-16.0901,132.4329,327.8,1.3,1.1,2014-09-16,1336,Terra,MODIS,100,6.2,292.2,32.5,N,0
-16.0917,132.4206,328.7,1.3,1.1,2014-09-16,1336,Terra,MODIS,100,6.2,293.5,34.5,N,0
-16.0706,132.5045,305.9,1.3,1.1,2014-09-16,1336,Terra,MODIS,66,6.2,293.9,7.4,N,0
-16.0722,132.4923,306.9,1.3,1.1,2014-09-16,1336,Terra,MODIS,64,6.2,293.7,8.3,N,0
-16.0737,132.4802,312.3,1.3,1.1,2014-09-16,1336,Terra,MODIS,56,6.2,294.2,13.1,N,0
-16.0752,132.4681,322.9,1.3,1.1,2014-09-16,1336,Terra,MODIS,100,6.2,295.1,27.4,N,0
-16.0768,132.4559,308.4,1.3,1.1,2014-09-16,1336,Terra,MODIS,74,6.2,294.5,10.2,N,0
-16.0799,132.4315,314.1,1.3,1.1,2014-09-16,1336,Terra,MODIS,72,6.2,292.3,14.8,N,0
-16.1177,132.4615,377.7,1.3,1.1,2014-09-16,1336,Terra,MODIS,100,6.2,296.5,207.8,N,0
-16.1161,132.4737,422.4,1.3,1.1,2014-09-16,1336,Terra,MODIS,100,6.2,314.1,608.5,N,0
-16.1263,132.4751,500,1.3,1.1,2014-09-16,1336,Terra,MODIS,100,6.2,342.6,2374.8,N,0
-16.1247,132.4873,388.3,1.3,1.1,2014-09-16,1336,Terra,MODIS,100,6.2,313.5,275,N,0
-16.1231,132.4994,325.9,1.3,1.1,2014-09-16,1336,Terra,MODIS,100,6.2,298,29.3,N,0
-16.1215,132.5115,324,1.3,1.1,2014-09-16,1336,Terra,MODIS,100,6.2,296.8,26.5,N,0
-16.1266,132.4561,346.2,1.3,1.1,2014-09-16,1336,Terra,MODIS,100,6.2,281.4,74.5,N,0
-16.1251,132.4683,474.4,1.3,1.1,2014-09-16,1336,Terra,MODIS,100,6.2,327.1,1601,N,0
-16.1236,132.4805,460.5,1.3,1.1,2014-09-16,1336,Terra,MODIS,100,6.2,331.7,1264.6,N,0
-16.1221,132.4926,356.7,1.3,1.1,2014-09-16,1336,Terra,MODIS,100,6.2,303.7,108.3,N,0
-16.1206,132.5048,322.6,1.3,1.1,2014-09-16,1336,Terra,MODIS,100,6.2,296.8,24.1,N,0
-16.1191,132.5169,321,1.3,1.1,2014-09-16,1336,Terra,MODIS,100,6.2,296,21.9,N,0
-16.1308,132.5062,325.4,1.3,1.1,2014-09-16,1336,Terra,MODIS,100,6.2,297.3,28.7,N,0
-16.1293,132.5184,326,1.3,1.1,2014-09-16,1336,Terra,MODIS,100,6.2,296,30.2,N,0
-16.141,132.5076,372,1.3,1.1,2014-09-16,1336,Terra,MODIS,100,6.2,301.1,176.6,N,0
-16.1394,132.5198,354.8,1.3,1.1,2014-09-16,1336,Terra,MODIS,100,6.2,298,103.4,N,0
-16.1512,132.509,397.2,1.3,1.1,2014-09-16,1336,Terra,MODIS,100,6.2,304.5,344.1,N,0
-16.1496,132.5212,328.1,1.3,1.1,2014-09-16,1336,Terra,MODIS,100,6.2,296.2,34.7,N,0
-16.1629,132.4983,370.3,1.3,1.1,2014-09-16,1336,Terra,MODIS,100,6.2,299.8,168.3,N,0
-16.1614,132.5105,351.5,1.3,1.1,2014-09-16,1336,Terra,MODIS,100,6.2,299.3,91.5,N,0
-16.1598,132.5226,312.7,1.3,1.1,2014-09-16,1336,Terra,MODIS,86,6.2,294.8,12.2,N,0
-16.1716,132.5119,319.9,1.3,1.1,2014-09-16,1336,Terra,MODIS,99,6.2,295.9,21.3,N,0
-16.17,132.524,316.5,1.3,1.1,2014-09-16,1336,Terra,MODIS,93,6.2,294.3,16.9,N,0
-16.1919,132.5147,331.7,1.3,1.1,2014-09-16,1336,Terra,MODIS,100,6.2,295.5,41.8,N,0
-16.2021,132.5161,359.9,1.3,1.1,2014-09-16,1336,Terra,MODIS,100,6.2,298.2,123.7,N,0
-16.2123,132.5175,345.6,1.3,1.1,2014-09-16,1336,Terra,MODIS,100,6.2,296,77,N,0
-16.2108,132.5296,304.9,1.3,1.1,2014-09-16,1336,Terra,MODIS,20,6.2,291.7,6.9,N,0
-16.2112,132.5114,331.6,1.3,1.1,2014-09-16,1336,Terra,MODIS,100,6.2,295,43.6,N,0
-16.2097,132.5236,340.6,1.3,1.1,2014-09-16,1336,Terra,MODIS,100,6.2,294.5,63.5,N,0
-16.2199,132.525,302.7,1.3,1.1,2014-09-16,1336,Terra,MODIS,30,6.2,292.1,5.7,N,0
-14.1641,132.3779,328.2,1.3,1.1,2014-09-16,1336,Terra,MODIS,100,6.2,296.5,32.9,N,0
-14.1626,132.3894,307.9,1.3,1.1,2014-09-16,1336,Terra,MODIS,18,6.2,295.6,6.7,N,0
-14.2142,132.3845,310.8,1.3,1.1,2014-09-16,1336,Terra,MODIS,80,6.2,295.6,9.6,N,0
-14.2133,132.3909,308,1.3,1.1,2014-09-16,1336,Terra,MODIS,72,6.2,296.2,7.4,N,0
-16.1527,132.4969,374.7,1.3,1.1,2014-09-16,1336,Terra,MODIS,100,6.2,302.8,191.3,N,0
-16.1542,132.4847,428.4,1.3,1.1,2014-09-16,1336,Terra,MODIS,100,6.2,314.4,690.7,N,0
-16.1558,132.4725,328.2,1.3,1.1,2014-09-16,1336,Terra,MODIS,54,6.2,296.6,32.9,N,0
-16.1425,132.4955,387.3,1.3,1.1,2014-09-16,1336,Terra,MODIS,100,6.2,307.8,268.5,N,0
-16.144,132.4833,480.7,1.3,1.1,2014-09-16,1336,Terra,MODIS,100,6.2,333.7,1769.1,N,0
-16.1456,132.4711,391.7,1.3,1.1,2014-09-16,1336,Terra,MODIS,100,6.2,303.1,299.2,N,0
-16.1471,132.4589,324.8,1.3,1.1,2014-09-16,1336,Terra,MODIS,0,6.2,290.2,26.6,N,0
-16.1486,132.4467,327.8,1.3,1.1,2014-09-16,1336,Terra,MODIS,44,6.2,283.4,33.9,N,0
-16.1323,132.494,370.2,1.3,1.1,2014-09-16,1336,Terra,MODIS,100,6.2,303.9,165.5,N,0
-16.1338,132.4819,454.8,1.3,1.1,2014-09-16,1336,Terra,MODIS,100,6.2,325.9,1143.5,N,0
-16.1353,132.4697,411.9,1.3,1.1,2014-09-16,1336,Terra,MODIS,100,6.2,308,487.2,N,0
-16.1369,132.4575,328.3,1.3,1.1,2014-09-16,1336,Terra,MODIS,0,6.2,282.7,32.8,N,0
-14.7186,126.4999,321.1,3.4,1.7,2014-09-16,1336,Terra,MODIS,100,6.2,292.1,106.5,N,0
-14.7245,126.4942,319.4,3.4,1.7,2014-09-16,1336,Terra,MODIS,98,6.2,292,100,N,0
-13.524,135.2596,313.1,1,1,2014-09-16,1336,Terra,MODIS,57,6.2,292.9,10.8,N,0
-14.6615,126.4862,311.4,3.4,1.7,2014-09-16,1336,Terra,MODIS,82,6.2,292,58.4,N,0
-14.6676,126.4816,316.3,3.4,1.7,2014-09-16,1336,Terra,MODIS,93,6.2,292.3,83.7,N,0
-16.9747,132.1164,302.9,1.4,1.2,2014-09-16,1336,Terra,MODIS,52,6.2,291.3,8.6,N,0
-16.9641,132.115,313.5,1.4,1.2,2014-09-16,1336,Terra,MODIS,87,6.2,293,19.3,N,0
-16.9535,132.1136,317.1,1.4,1.2,2014-09-16,1336,Terra,MODIS,94,6.2,293,24.1,N,0
-16.3726,132.4524,326.7,1.3,1.1,2014-09-16,1336,Terra,MODIS,100,6.2,295.3,34.5,N,0
-16.3813,132.4661,321,1.3,1.1,2014-09-16,1336,Terra,MODIS,100,6.2,294.2,26,N,0
-16.371,132.4647,339.6,1.3,1.1,2014-09-16,1336,Terra,MODIS,100,6.2,296,61.7,N,0
-16.4161,132.5023,305.1,1.3,1.1,2014-09-16,1336,Terra,MODIS,33,6.2,292.3,8,N,0
-16.3899,132.4798,307.8,1.3,1.1,2014-09-16,1336,Terra,MODIS,12,6.2,293.1,9.7,N,0
-16.3797,132.4784,308.4,1.3,1.1,2014-09-16,1336,Terra,MODIS,50,6.2,293.6,10.7,N,0
-13.5227,135.2688,314.7,1,1,2014-09-16,1336,Terra,MODIS,87,6.2,293.1,12.3,N,0
-16.9101,132.0265,302.2,1.4,1.2,2014-09-16,1336,Terra,MODIS,10,6.2,292.1,6.4,N,0
-16.9062,132.0204,302.6,1.4,1.2,2014-09-16,1336,Terra,MODIS,50,6.2,292.4,7.4,N,0
-16.4228,135.3665,312.7,1,1,2014-09-16,1336,Terra,MODIS,62,6.2,295,9.2,N,0
-16.4164,135.3463,309,1,1,2014-09-16,1336,Terra,MODIS,40,6.2,293.8,6.4,N,0
-16.9724,132.0484,304.1,1.4,1.2,2014-09-16,1336,Terra,MODIS,17,6.2,292.2,8.4,N,0
-16.9634,132.0336,304.6,1.4,1.2,2014-09-16,1336,Terra,MODIS,38,6.2,292.7,9.1,N,0
-16.9651,132.0202,303.8,1.4,1.2,2014-09-16,1336,Terra,MODIS,33,6.2,293.3,8.5,N,0
-17.1114,132.398,308,1.4,1.2,2014-09-16,1336,Terra,MODIS,73,6.2,290.4,14,N,0
-13.515,135.2583,306.4,1,1,2014-09-16,1336,Terra,MODIS,47,6.2,292.6,6.4,N,0
-13.5137,135.2675,303.9,1,1,2014-09-16,1336,Terra,MODIS,22,6.2,292.1,5,N,0
-13.4581,135.1402,305.2,1,1,2014-09-16,1336,Terra,MODIS,63,6.2,293.2,5.4,N,0
-12.3204,133.8803,310.9,1,1,2014-09-16,1337,Terra,MODIS,81,6.2,296.3,7.8,N,0
-12.2786,133.9128,309,1,1,2014-09-16,1337,Terra,MODIS,76,6.2,295.8,6.8,N,0
-12.2773,133.9222,307.1,1,1,2014-09-16,1337,Terra,MODIS,70,6.2,296,5.6,N,0
-13.2834,134.1566,308,1,1,2014-09-16,1337,Terra,MODIS,73,6.2,293.9,7.2,N,0
-13.2821,134.166,310.1,1,1,2014-09-16,1337,Terra,MODIS,79,6.2,294.7,8.5,N,0
-12.7027,132.8842,321.7,1.1,1.1,2014-09-16,1337,Terra,MODIS,100,6.2,294.9,21.4,N,0
-12.6932,132.8829,317.3,1.1,1.1,2014-09-16,1337,Terra,MODIS,95,6.2,294.7,16.4,N,0
-12.7013,132.8947,312,1.1,1.1,2014-09-16,1337,Terra,MODIS,83,6.2,294.7,11,N,0
-12.2695,133.9115,317.6,1,1,2014-09-16,1337,Terra,MODIS,95,6.2,295.5,13.8,N,0
-12.2682,133.9209,306.2,1,1,2014-09-16,1337,Terra,MODIS,20,6.2,295.8,4.7,N,0
-13.1298,132.2717,304.3,1.2,1.1,2014-09-16,1337,Terra,MODIS,17,6.2,294,4.8,N,0
-13.1412,132.2617,310.8,1.2,1.1,2014-09-16,1337,Terra,MODIS,80,6.2,294.4,10.8,N,0
-13.1299,132.2655,310.6,1.2,1.1,2014-09-16,1337,Terra,MODIS,51,6.2,294.2,9.9,N,0
-13.1312,132.2604,308.9,1.2,1.1,2014-09-16,1337,Terra,MODIS,74,6.2,294.2,9,N,0
-26.6155,151.3878,309.3,1.1,1,2014-09-16,1505,Aqua,MODIS,77,6.2,285.4,14,N,0
-26.6137,151.3768,302.7,1.1,1,2014-09-16,1505,Aqua,MODIS,51,6.2,285.4,9.1,N,0
-29.1338,148.6671,300.7,1.4,1.2,2014-09-16,1506,Aqua,MODIS,32,6.2,283.1,11.5,N,0
-32.2525,151.4079,300.1,1,1,2014-09-16,1506,Aqua,MODIS,19,6.2,283.9,6.6,N,0
-30.1199,149.9767,317.4,1.1,1.1,2014-09-16,1506,Aqua,MODIS,95,6.2,282.4,22.9,N,0
-34.4588,150.8832,301.2,1,1,2014-09-16,1507,Aqua,MODIS,39,6.2,285.9,6.5,N,2
-34.8493,117.7361,306.1,1.1,1,2014-09-16,1509,Terra,MODIS,67,6.2,280.1,12.1,N,0
-30.8684,121.4932,305.4,1.9,1.4,2014-09-16,1510,Terra,MODIS,64,6.2,277.4,26.9,N,2
-22.8301,118.2367,311.4,1.7,1.3,2014-09-16,1512,Terra,MODIS,82,6.2,295.7,20,N,0
-22.8069,118.2328,362.6,1.7,1.3,2014-09-16,1512,Terra,MODIS,100,6.2,298,204.6,N,0
-22.8185,118.2349,408.4,1.7,1.3,2014-09-16,1512,Terra,MODIS,100,6.2,310.6,681,N,0
-22.8154,118.2519,320.4,1.7,1.3,2014-09-16,1512,Terra,MODIS,100,6.2,294.5,38.4,N,0
-22.853,118.2427,322.3,1.7,1.3,2014-09-16,1512,Terra,MODIS,100,6.2,294.6,40.6,N,0
-22.8644,118.2458,330.7,1.7,1.3,2014-09-16,1512,Terra,MODIS,100,6.2,296,62.8,N,0
-22.8616,118.2618,316.8,1.7,1.3,2014-09-16,1512,Terra,MODIS,94,6.2,294.6,30.4,N,0
-22.8759,118.2486,322.5,1.7,1.3,2014-09-16,1512,Terra,MODIS,100,6.2,294.2,41.3,N,0
-22.873,118.265,332,1.7,1.3,2014-09-16,1512,Terra,MODIS,100,6.2,295.5,67.7,N,0
-22.8717,118.253,340,1.7,1.3,2014-09-16,1512,Terra,MODIS,100,6.2,296.2,92.8,N,0
-22.8687,118.2691,321.5,1.7,1.3,2014-09-16,1512,Terra,MODIS,100,6.2,294.6,40.5,N,0
-22.8977,118.2418,311.6,1.7,1.3,2014-09-16,1512,Terra,MODIS,62,6.2,291.6,20.7,N,0
-22.8947,118.2583,310.9,1.7,1.3,2014-09-16,1512,Terra,MODIS,81,6.2,292.9,20.1,N,0
-22.9092,118.2442,302.4,1.7,1.3,2014-09-16,1512,Terra,MODIS,48,6.2,291.8,9.8,N,0
-22.9062,118.2608,312.7,1.7,1.3,2014-09-16,1512,Terra,MODIS,85,6.2,292.3,24.8,N,0
-22.6926,119.4176,301.4,2.1,1.4,2014-09-16,1512,Terra,MODIS,39,6.2,290.4,12.4,N,0
-22.8141,119.4724,306.2,2.1,1.4,2014-09-16,1512,Terra,MODIS,67,6.2,290.6,21.8,N,0
-22.8444,119.5219,318.9,2.1,1.4,2014-09-16,1512,Terra,MODIS,98,6.2,290.1,49.2,N,0
-22.8406,119.5426,312.3,2.1,1.4,2014-09-16,1512,Terra,MODIS,81,6.2,290.1,33.6,N,0
-22.8436,119.5275,324.7,2.1,1.4,2014-09-16,1512,Terra,MODIS,100,6.2,290.5,67.9,N,0
-22.8562,119.5302,309.2,2.1,1.4,2014-09-16,1512,Terra,MODIS,77,6.2,291,26.6,N,0
-22.8523,119.5509,316,2.1,1.4,2014-09-16,1512,Terra,MODIS,92,6.2,291.2,43.7,N,0
-22.8903,119.5592,307.7,2.1,1.4,2014-09-16,1512,Terra,MODIS,68,6.2,290.9,23.4,N,0
-22.9186,119.5504,302.2,2.1,1.4,2014-09-16,1512,Terra,MODIS,6,6.2,290.7,11.4,N,0
-22.903,119.562,303.8,2.1,1.4,2014-09-16,1512,Terra,MODIS,9,6.2,291.4,15.6,N,0
-22.8132,118.1981,323.6,1.7,1.3,2014-09-16,1512,Terra,MODIS,100,6.2,294.5,40.8,N,0
-22.81,118.216,378.7,1.7,1.3,2014-09-16,1512,Terra,MODIS,100,6.2,301.7,322.8,N,0
-22.8246,118.201,318.8,1.7,1.3,2014-09-16,1512,Terra,MODIS,97,6.2,293.9,31.3,N,0
-22.8216,118.2178,349.1,1.7,1.3,2014-09-16,1512,Terra,MODIS,100,6.2,300.3,130,N,0
-22.8332,118.2194,330.5,1.7,1.3,2014-09-16,1512,Terra,MODIS,100,6.2,295.7,61,N,0
-22.8559,118.2264,313.6,1.7,1.3,2014-09-16,1512,Terra,MODIS,64,6.2,294.1,21.2,N,0
-22.8732,118.1964,308.4,1.7,1.3,2014-09-16,1512,Terra,MODIS,35,6.2,293.4,14.6,N,0
-22.8817,118.2156,306.6,1.7,1.3,2014-09-16,1512,Terra,MODIS,6,6.2,292.8,11.6,N,0
-22.7508,118.163,311.2,1.7,1.3,2014-09-16,1513,Terra,MODIS,82,6.2,292.5,21.9,N,0
-22.8103,118.1483,307,1.7,1.3,2014-09-16,1513,Terra,MODIS,37,6.2,293.9,9.5,N,0
-22.8045,118.1801,316.3,1.7,1.3,2014-09-16,1513,Terra,MODIS,93,6.2,293.3,23.4,N,0
-22.79,118.1945,320.1,1.7,1.3,2014-09-16,1513,Terra,MODIS,100,6.2,294,34.5,N,0
-22.7989,118.1455,313,1.7,1.3,2014-09-16,1513,Terra,MODIS,86,6.2,293.8,19.6,N,0
-22.7996,118.2248,354.4,1.7,1.3,2014-09-16,1513,Terra,MODIS,100,6.2,297.4,158.4,N,0
-22.8025,118.2078,363.2,1.7,1.3,2014-09-16,1513,Terra,MODIS,100,6.2,300.2,207.3,N,0
-22.8056,118.1903,336.6,1.7,1.3,2014-09-16,1513,Terra,MODIS,100,6.2,295.6,78.6,N,0
-22.788,118.2225,323.4,1.7,1.3,2014-09-16,1513,Terra,MODIS,100,6.2,293.7,46,N,0
-22.791,118.2057,347.3,1.7,1.3,2014-09-16,1513,Terra,MODIS,100,6.2,295.8,124,N,0
-22.794,118.1884,323,1.7,1.3,2014-09-16,1513,Terra,MODIS,100,6.2,294.3,42.2,N,0
-22.8026,118.1395,311.9,1.7,1.3,2014-09-16,1513,Terra,MODIS,80,6.2,293.6,18.5,N,0
-22.8016,118.1963,364.2,1.7,1.3,2014-09-16,1513,Terra,MODIS,100,6.2,298.6,209.6,N,0
-22.7984,118.2138,384.4,1.7,1.3,2014-09-16,1513,Terra,MODIS,100,6.2,300.8,376.8,N,0
-22.7869,118.2115,304.3,1.7,1.3,2014-09-16,1513,Terra,MODIS,22,6.2,293.3,9,N,0
-22.078,119.5911,301.5,2.2,1.4,2014-09-16,1513,Terra,MODIS,41,6.2,290.5,16.6,N,0
-22.0808,119.5861,303.9,2.2,1.4,2014-09-16,1513,Terra,MODIS,57,6.2,290.7,21,N,0
-22.7954,118.2305,311.4,1.7,1.3,2014-09-16,1513,Terra,MODIS,79,6.2,294.1,19.8,N,0
-22.7682,118.1325,303.5,1.7,1.3,2014-09-16,1513,Terra,MODIS,45,6.2,291.7,10,N,0
-20.5912,116.7835,313.9,1.5,1.2,2014-09-16,1513,Terra,MODIS,83,6.2,294.8,20.5,N,2
-12.2688,133.9134,320.3,1.1,1,2014-09-16,1639,Aqua,MODIS,100,6.2,295.2,19.2,N,0
-12.2702,133.9233,306.9,1.1,1,2014-09-16,1639,Aqua,MODIS,70,6.2,295.6,7.1,N,0
-11.4656,130.3294,304.8,1.1,1,2014-09-16,1639,Aqua,MODIS,62,6.2,292,7.3,N,0
-14.1283,132.3777,304,1,1,2014-09-16,1640,Aqua,MODIS,34,6.2,293.3,4.5,N,0
-14.1386,132.3856,321.1,1,1,2014-09-16,1640,Aqua,MODIS,100,6.2,294.7,17.7,N,0
-13.666,130.2581,306.2,1.1,1,2014-09-16,1640,Aqua,MODIS,67,6.2,292.7,7.2,N,0
-13.6752,130.2567,317.3,1.1,1,2014-09-16,1640,Aqua,MODIS,95,6.2,292.7,15.9,N,0
-13.6767,130.2664,311,1.1,1,2014-09-16,1640,Aqua,MODIS,82,6.2,293,10.3,N,0
-14.6842,131.9001,316.8,1,1,2014-09-16,1640,Aqua,MODIS,94,6.2,294.9,13.4,N,0
-14.6855,131.9093,324.3,1,1,2014-09-16,1640,Aqua,MODIS,100,6.2,295.2,20.9,N,0
-14.6981,126.4879,315.9,1.7,1.3,2014-09-16,1640,Aqua,MODIS,92,6.2,292.4,30.5,N,0
-13.2861,134.1689,308.1,1.1,1.1,2014-09-16,1640,Aqua,MODIS,46,6.2,292.6,8.9,N,0
-14.4596,132.9542,304.4,1,1,2014-09-16,1640,Aqua,MODIS,56,6.2,294.3,5,N,0
-13.2846,134.1584,311.9,1.1,1.1,2014-09-16,1640,Aqua,MODIS,84,6.2,292.7,12.5,N,0
-13.2765,134.1702,308.9,1.1,1.1,2014-09-16,1640,Aqua,MODIS,76,6.2,291.9,10,N,0
-13.2779,134.1807,305.1,1.1,1.1,2014-09-16,1640,Aqua,MODIS,62,6.2,292,7.1,N,0
-14.9402,134.5004,320.6,1.2,1.1,2014-09-16,1640,Aqua,MODIS,100,6.2,293.5,24.3,N,0
-14.2118,132.3874,321.6,1,1,2014-09-16,1640,Aqua,MODIS,100,6.2,294.9,18.5,N,0
-14.1458,133.743,308,1.1,1.1,2014-09-16,1640,Aqua,MODIS,73,6.2,293.2,8.2,N,0
-14.2131,132.3967,349.6,1,1,2014-09-16,1640,Aqua,MODIS,100,6.2,298.3,61.5,N,0
-14.2041,132.398,312.3,1,1,2014-09-16,1640,Aqua,MODIS,85,6.2,294.9,10.3,N,0
-12.9898,132.3347,308.4,1,1,2014-09-16,1640,Aqua,MODIS,74,6.2,292.3,8.2,N,0
-12.9884,132.3255,309.5,1,1,2014-09-16,1640,Aqua,MODIS,78,6.2,293.1,8.8,N,0
-14.1775,132.399,306.2,1,1,2014-09-16,1640,Aqua,MODIS,34,6.2,295,5.4,N,0
-15.5439,131.7332,310.9,1,1,2014-09-16,1640,Aqua,MODIS,52,6.2,293.9,8.5,N,0
-14.1761,132.3897,306.7,1,1,2014-09-16,1640,Aqua,MODIS,39,6.2,294.6,5.6,N,0
-14.1671,132.391,338,1,1,2014-09-16,1640,Aqua,MODIS,100,6.2,296.1,38.9,N,0
-14.158,132.3923,311.7,1,1,2014-09-16,1640,Aqua,MODIS,36,6.2,293.6,8.6,N,0
-14.1567,132.383,314.7,1,1,2014-09-16,1640,Aqua,MODIS,56,6.2,294.9,11.1,N,0
-15.5529,131.7318,308,1,1,2014-09-16,1640,Aqua,MODIS,41,6.2,293.8,6.6,N,0
-14.1472,133.7533,313.1,1.1,1.1,2014-09-16,1640,Aqua,MODIS,86,6.2,293.5,12.5,N,0
-13.8489,131.8471,338.6,1,1,2014-09-16,1640,Aqua,MODIS,100,6.2,296.2,40.1,N,0
-13.8503,131.8563,313.8,1,1,2014-09-16,1640,Aqua,MODIS,88,6.2,294.3,11,N,0
-13.8579,131.8457,314.2,1,1,2014-09-16,1640,Aqua,MODIS,89,6.2,294.1,11.8,N,0
-13.8593,131.8549,308.5,1,1,2014-09-16,1640,Aqua,MODIS,75,6.2,294,7.6,N,0
-14.2221,132.3954,318.8,1,1,2014-09-16,1640,Aqua,MODIS,97,6.2,295.9,15.6,N,0
-14.5379,133.1947,306.2,1.1,1,2014-09-16,1640,Aqua,MODIS,65,6.2,294.9,6.2,N,0
-15.2999,131.5743,307.9,1,1,2014-09-16,1640,Aqua,MODIS,73,6.2,295.3,6.8,N,0
-14.4656,132.9467,304,1,1,2014-09-16,1640,Aqua,MODIS,58,6.2,293.5,5.4,N,0
-15.5619,131.7305,304.7,1,1,2014-09-16,1640,Aqua,MODIS,22,6.2,293.3,4.7,N,0
-16.1336,132.3872,318.8,1,1,2014-09-16,1641,Aqua,MODIS,97,6.2,294.5,17,N,0
-16.1288,132.4133,323.1,1,1,2014-09-16,1641,Aqua,MODIS,54,6.2,295,18.4,N,0
-16.1274,132.4036,323.4,1,1,2014-09-16,1641,Aqua,MODIS,95,6.2,295.3,19.3,N,0
-16.136,132.3378,320.4,1,1,2014-09-16,1641,Aqua,MODIS,100,6.2,294.9,18.7,N,0
-16.1488,132.2968,304.8,1,1,2014-09-16,1641,Aqua,MODIS,46,6.2,293.6,4.8,N,0
-16.135,132.3968,324.5,1,1,2014-09-16,1641,Aqua,MODIS,100,6.2,295.1,23.5,N,0
-16.1363,132.4064,307.1,1,1,2014-09-16,1641,Aqua,MODIS,70,6.2,293.9,8.1,N,0
-16.1522,132.4533,305.2,1,1,2014-09-16,1641,Aqua,MODIS,12,6.2,292.6,6,N,0
-16.3359,132.1881,303.9,1,1,2014-09-16,1641,Aqua,MODIS,58,6.2,290.2,5.7,N,0
-16.3345,132.1785,307.5,1,1,2014-09-16,1641,Aqua,MODIS,72,6.2,291.5,8,N,0
-16.0909,132.4091,309.4,1,1,2014-09-16,1641,Aqua,MODIS,47,6.2,293.3,6.9,N,0
-16.1092,132.4064,316.6,1,1,2014-09-16,1641,Aqua,MODIS,67,6.2,294.2,11.1,N,0
-16.1105,132.416,334.7,1,1,2014-09-16,1641,Aqua,MODIS,100,6.2,296.7,31.4,N,0
-16.122,132.3652,313.7,1,1,2014-09-16,1641,Aqua,MODIS,58,6.2,294.6,10,N,0
-16.1215,132.3009,309.6,1,1,2014-09-16,1641,Aqua,MODIS,41,6.2,296.3,7.8,N,0
-16.1202,132.2914,310.7,1,1,2014-09-16,1641,Aqua,MODIS,60,6.2,295.5,8.7,N,0
-16.1161,132.2627,306,1,1,2014-09-16,1641,Aqua,MODIS,54,6.2,294.5,5.9,N,0
-16.1148,132.2531,308.1,1,1,2014-09-16,1641,Aqua,MODIS,73,6.2,294.1,7.4,N,0
-16.1124,132.2982,356.1,1,1,2014-09-16,1641,Aqua,MODIS,100,6.2,299,75.9,N,0
-16.111,132.2887,346.9,1,1,2014-09-16,1641,Aqua,MODIS,100,6.2,298.4,55,N,0
-16.1096,132.2791,319.8,1,1,2014-09-16,1641,Aqua,MODIS,85,6.2,295.2,15.6,N,0
-16.1033,132.2996,317.1,1,1,2014-09-16,1641,Aqua,MODIS,26,6.2,295.3,12.5,N,0
-16.0787,132.3228,311.1,1,1,2014-09-16,1641,Aqua,MODIS,12,6.2,293.5,8.9,N,0
-16.0878,132.3214,314.8,1,1,2014-09-16,1641,Aqua,MODIS,17,6.2,293.8,10.8,N,0
-16.0955,132.3105,325,1,1,2014-09-16,1641,Aqua,MODIS,35,6.2,295,20.1,N,0
-16.0969,132.3201,320,1,1,2014-09-16,1641,Aqua,MODIS,33,6.2,295.5,14.2,N,0
-16.1101,132.3474,321.1,1,1,2014-09-16,1641,Aqua,MODIS,100,6.2,294.8,14.9,N,0
-16.1115,132.357,320.5,1,1,2014-09-16,1641,Aqua,MODIS,100,6.2,294.6,15.2,N,0
-16.1137,132.3078,368.4,1,1,2014-09-16,1641,Aqua,MODIS,100,6.2,302,110.7,N,0
-16.1151,132.3173,365.2,1,1,2014-09-16,1641,Aqua,MODIS,100,6.2,302,99.7,N,0
-16.1165,132.3269,324.6,1,1,2014-09-16,1641,Aqua,MODIS,77,6.2,296.3,17.4,N,0
-16.1178,132.3365,323.9,1,1,2014-09-16,1641,Aqua,MODIS,95,6.2,296,17.5,N,0
-16.1192,132.3461,329.5,1,1,2014-09-16,1641,Aqua,MODIS,100,6.2,296.7,24.9,N,0
-16.1206,132.3557,314.3,1,1,2014-09-16,1641,Aqua,MODIS,44,6.2,295.2,9.7,N,0
-16.1229,132.3105,329.3,1,1,2014-09-16,1641,Aqua,MODIS,100,6.2,297.2,27.8,N,0
-16.1242,132.32,324,1,1,2014-09-16,1641,Aqua,MODIS,100,6.2,296.7,21.2,N,0
-16.1256,132.3296,333.8,1,1,2014-09-16,1641,Aqua,MODIS,100,6.2,298.6,34.9,N,0
-16.1269,132.3392,323.4,1,1,2014-09-16,1641,Aqua,MODIS,100,6.2,297.4,21.5,N,0
-16.1283,132.3488,310.1,1,1,2014-09-16,1641,Aqua,MODIS,79,6.2,294.9,9.6,N,0
-16.33,132.0821,316.1,1,1,2014-09-16,1641,Aqua,MODIS,92,6.2,291.9,13.8,N,0
-16.2581,132.49,307.4,1,1,2014-09-16,1641,Aqua,MODIS,71,6.2,291.7,8.8,N,0
-16.1348,132.5208,301.8,1,1,2014-09-16,1641,Aqua,MODIS,2,6.2,291.4,4,N,0
-16.1251,132.4531,318.4,1,1,2014-09-16,1641,Aqua,MODIS,54,6.2,294.1,12.8,N,0
-16.1333,132.3187,339.4,1,1,2014-09-16,1641,Aqua,MODIS,100,6.2,296.6,42.8,N,0
-16.1347,132.3282,351.9,1,1,2014-09-16,1641,Aqua,MODIS,100,6.2,298.9,69,N,0
-16.3468,132.0699,309.3,1,1,2014-09-16,1641,Aqua,MODIS,77,6.2,291.9,8.4,N,0
-16.1119,132.4256,320.7,1,1,2014-09-16,1641,Aqua,MODIS,88,6.2,295.8,13.3,N,0
-16.1041,132.4366,323.3,1,1,2014-09-16,1641,Aqua,MODIS,94,6.2,294.4,16.8,N,0
-17.4817,125.9137,327.2,1.7,1.3,2014-09-16,1641,Aqua,MODIS,100,6.2,295.8,50.1,N,0
-17.4284,125.8764,305,1.7,1.3,2014-09-16,1641,Aqua,MODIS,38,6.2,293.7,10.2,N,0
-17.4397,125.8741,308.8,1.7,1.3,2014-09-16,1641,Aqua,MODIS,75,6.2,294.1,15.3,N,0
-17.479,125.8983,311.7,1.7,1.3,2014-09-16,1641,Aqua,MODIS,83,6.2,294.7,19.4,N,0
-17.3421,127.4081,305.4,1.3,1.1,2014-09-16,1641,Aqua,MODIS,64,6.2,294.8,7.9,N,0
-16.0833,132.2247,312.7,1,1,2014-09-16,1641,Aqua,MODIS,85,6.2,293,11.1,N,0
-17.5681,125.7542,307.4,1.7,1.3,2014-09-16,1641,Aqua,MODIS,34,6.2,295.7,13.7,N,0
-17.5257,125.8994,309.9,1.7,1.3,2014-09-16,1641,Aqua,MODIS,77,6.2,295.8,15.5,N,0
-17.5721,125.7602,306.8,1.7,1.3,2014-09-16,1641,Aqua,MODIS,69,6.2,295.1,13.8,N,0
-16.0819,132.2151,327.1,1,1,2014-09-16,1641,Aqua,MODIS,100,6.2,294.1,25.4,N,0
-17.334,127.4222,312.8,1.3,1.1,2014-09-16,1641,Aqua,MODIS,86,6.2,295.1,15.7,N,0
-18.824,130.256,302.3,1,1,2014-09-16,1641,Aqua,MODIS,31,6.2,291.4,5.4,N,0
-16.1001,132.2124,302.8,1,1,2014-09-16,1641,Aqua,MODIS,48,6.2,292.8,4.4,N,0
-17.5214,125.6721,318.1,1.7,1.3,2014-09-16,1641,Aqua,MODIS,96,6.2,297.5,30.5,N,0
-17.4648,125.6207,305.1,1.7,1.3,2014-09-16,1641,Aqua,MODIS,39,6.2,293.9,10.4,N,0
-17.3442,127.4203,327.7,1.3,1.1,2014-09-16,1641,Aqua,MODIS,100,6.2,295.9,38.2,N,0
-17.5188,125.6567,316.2,1.7,1.3,2014-09-16,1641,Aqua,MODIS,93,6.2,296.5,25.8,N,0
-18.815,130.2575,308.9,1,1,2014-09-16,1641,Aqua,MODIS,76,6.2,291.7,9.9,N,0
-18.6724,128.6677,301.9,1.1,1,2014-09-16,1641,Aqua,MODIS,36,6.2,290.4,5.4,N,0
-17.3238,127.4241,312.8,1.3,1.1,2014-09-16,1641,Aqua,MODIS,86,6.2,294.7,15.7,N,0
-17.5511,125.9111,308.9,1.6,1.3,2014-09-16,1641,Aqua,MODIS,44,6.2,296.3,13.3,N,0
-17.4538,125.8875,316.6,1.7,1.3,2014-09-16,1641,Aqua,MODIS,94,6.2,294.3,27.1,N,0
-17.5482,125.8946,320.6,1.7,1.3,2014-09-16,1641,Aqua,MODIS,100,6.2,296.5,33.6,N,0
-17.4704,125.9159,312,1.7,1.3,2014-09-16,1641,Aqua,MODIS,84,6.2,294.9,19.7,N,0
-17.4677,125.9006,312.2,1.7,1.3,2014-09-16,1641,Aqua,MODIS,84,6.2,293.7,19.3,N,0
-17.456,125.6258,310,1.7,1.3,2014-09-16,1641,Aqua,MODIS,48,6.2,295.5,17.5,N,0
-16.3767,132.4765,302,1,1,2014-09-16,1641,Aqua,MODIS,18,6.2,291.5,4.4,N,0
-16.9099,132.029,302.7,1,1,2014-09-16,1641,Aqua,MODIS,51,6.2,292.1,5.5,N,0
-16.3925,135.3335,315.6,1.5,1.2,2014-09-16,1641,Aqua,MODIS,92,6.2,291.9,22.8,N,0
-16.405,135.3457,315.5,1.5,1.2,2014-09-16,1641,Aqua,MODIS,91,6.2,291.4,23.7,N,0
-16.4067,135.3593,308.8,1.5,1.2,2014-09-16,1641,Aqua,MODIS,76,6.2,291.4,14.8,N,0
-18.6763,127.3506,307,1.3,1.1,2014-09-16,1641,Aqua,MODIS,62,6.2,290.6,10.4,N,0
-16.0771,128.1286,310.5,1.3,1.1,2014-09-16,1641,Aqua,MODIS,80,6.2,295,10.9,N,0
-18.7436,128.7133,313.3,1.1,1,2014-09-16,1641,Aqua,MODIS,87,6.2,289.6,14.6,N,0
-18.731,128.6943,305.8,1.1,1,2014-09-16,1641,Aqua,MODIS,66,6.2,289.6,8.8,N,0
-16.066,127.6302,315,1.3,1.1,2014-09-16,1641,Aqua,MODIS,90,6.2,293.8,19.7,N,0
-16.0558,127.632,325.6,1.3,1.1,2014-09-16,1641,Aqua,MODIS,100,6.2,293.9,34.6,N,0
-16.0502,127.6398,302.7,1.3,1.1,2014-09-16,1641,Aqua,MODIS,32,6.2,292.3,6.7,N,0
-16.0481,127.6273,305.7,1.3,1.1,2014-09-16,1641,Aqua,MODIS,65,6.2,291.7,9.7,N,0
-16.0434,128.1103,309,1.3,1.1,2014-09-16,1641,Aqua,MODIS,76,6.2,295.5,9.9,N,0
-15.938,127.6517,316.1,1.3,1.1,2014-09-16,1641,Aqua,MODIS,92,6.2,294.1,20.6,N,0
-16.0415,128.0992,311.1,1.3,1.1,2014-09-16,1641,Aqua,MODIS,82,6.2,294.9,12.4,N,0
-20.0736,128.2598,301.5,1.1,1,2014-09-16,1642,Aqua,MODIS,42,6.2,291.2,5.7,N,0
-20.0154,128.2877,305.1,1.1,1,2014-09-16,1642,Aqua,MODIS,47,6.2,294.6,7,N,0
-20.0642,128.2615,302.1,1.1,1,2014-09-16,1642,Aqua,MODIS,46,6.2,291.3,5.7,N,0
-20.0265,128.2964,311.8,1.1,1,2014-09-16,1642,Aqua,MODIS,80,6.2,292.5,11.9,N,0
-22.7996,118.2302,313.7,4.6,2,2014-09-16,1643,Aqua,MODIS,88,6.2,291.9,108.9,N,0
-22.8004,118.225,313.2,4.6,2,2014-09-16,1643,Aqua,MODIS,87,6.2,291.8,102.5,N,0
-23.5808,129.3802,342,1,1,2014-09-16,1643,Aqua,MODIS,100,6.2,293.7,48,N,0
-23.5898,129.3786,352.5,1,1,2014-09-16,1643,Aqua,MODIS,100,6.2,295.4,68.7,N,0
-23.5912,129.3884,321.2,1,1,2014-09-16,1643,Aqua,MODIS,100,6.2,292.2,19.7,N,0
-23.6264,129.4366,304.3,1,1,2014-09-16,1643,Aqua,MODIS,60,6.2,290.5,6.7,N,0
-23.6534,129.432,304.6,1,1,2014-09-16,1643,Aqua,MODIS,61,6.2,290.4,6.7,N,0
-14.2574,143.1239,334.9,1.8,1.3,2014-09-17,0027,Terra,MODIS,85,6.2,303.4,62,D,0
-14.1808,143.1438,320.7,1.8,1.3,2014-09-17,0027,Terra,MODIS,69,6.2,303.8,21.6,D,0
-14.2545,143.1071,317.3,1.8,1.3,2014-09-17,0027,Terra,MODIS,35,6.2,301,14.1,D,0
-15.6212,145.0233,330.7,1.3,1.1,2014-09-17,0027,Terra,MODIS,71,6.2,305.8,25.4,D,0
-14.2987,143.1513,319.8,1.8,1.3,2014-09-17,0027,Terra,MODIS,33,6.2,303.7,16,D,0
-14.1511,143.2249,323.9,1.8,1.3,2014-09-17,0027,Terra,MODIS,74,6.2,301.1,32.7,D,0
-14.7857,144.9219,321.7,1.3,1.2,2014-09-17,0027,Terra,MODIS,61,6.2,305.1,10.3,D,0
-14.7837,144.9095,321.6,1.4,1.2,2014-09-17,0027,Terra,MODIS,57,6.2,305.8,9.6,D,0
-15.1348,143.7421,318.3,1.6,1.2,2014-09-17,0027,Terra,MODIS,42,6.2,302.1,13.6,D,0
-14.1602,143.0951,319.7,1.9,1.3,2014-09-17,0027,Terra,MODIS,67,6.2,304,20.6,D,0
-15.969,145.3403,319.2,1.2,1.1,2014-09-17,0027,Terra,MODIS,37,6.2,299.5,14.2,D,0
-15.9689,145.3338,324,1.2,1.1,2014-09-17,0027,Terra,MODIS,47,6.2,301.1,20.9,D,0
-15.6072,145.0011,327.4,1.3,1.1,2014-09-17,0027,Terra,MODIS,60,6.2,305.6,20.4,D,0
-15.9672,145.3289,323.1,1.2,1.1,2014-09-17,0027,Terra,MODIS,60,6.2,300.9,19.2,D,0
-13.6438,142.0109,314.7,2.3,1.5,2014-09-17,0027,Terra,MODIS,43,6.2,300.5,16.2,D,0
-13.1515,141.8228,324.2,2.4,1.5,2014-09-17,0027,Terra,MODIS,75,6.2,299.8,53.1,D,0
-15.6091,145.0132,330.2,1.3,1.1,2014-09-17,0027,Terra,MODIS,72,6.2,307.4,24.5,D,0
-15.9554,145.3189,332.7,1.2,1.1,2014-09-17,0027,Terra,MODIS,74,6.2,300.8,33.9,D,0
-14.7641,142.7822,320.7,1.9,1.3,2014-09-17,0027,Terra,MODIS,57,6.2,304,20.2,D,0
-13.4477,141.8616,321.2,2.4,1.5,2014-09-17,0027,Terra,MODIS,63,6.2,301.5,34.5,D,0
-13.4429,141.8565,318.4,2.4,1.5,2014-09-17,0027,Terra,MODIS,36,6.2,300.9,23.5,D,0
-14.4135,142.1282,318.3,2.2,1.4,2014-09-17,0027,Terra,MODIS,50,6.2,299.8,21.4,D,0
-15.3378,141.618,321.3,2.3,1.5,2014-09-17,0027,Terra,MODIS,49,6.2,303.9,23.8,D,0
-14.184,143.0908,317.3,1.9,1.3,2014-09-17,0027,Terra,MODIS,47,6.2,302.2,14,D,0
-14.4145,142.134,320,2.2,1.4,2014-09-17,0027,Terra,MODIS,62,6.2,299.6,26.2,D,0
-12.5575,141.8999,317.4,2.4,1.5,2014-09-17,0027,Terra,MODIS,43,6.2,301.6,24.2,D,0
-14.2129,143.1897,324.5,1.8,1.3,2014-09-17,0027,Terra,MODIS,69,6.2,302.5,26.4,D,0
-14.1483,143.2082,324,1.8,1.3,2014-09-17,0027,Terra,MODIS,74,6.2,300.9,33.1,D,0
-14.2011,143.1918,324.2,1.8,1.3,2014-09-17,0027,Terra,MODIS,59,6.2,304.2,25.4,D,0
-14.1568,143.217,338.3,1.8,1.3,2014-09-17,0027,Terra,MODIS,88,6.2,302,76.5,D,0
-13.1477,141.8007,320.9,2.4,1.5,2014-09-17,0027,Terra,MODIS,70,6.2,299.8,40.8,D,0
-13.159,141.8145,328.4,2.4,1.5,2014-09-17,0027,Terra,MODIS,80,6.2,298.9,67.7,D,0
-15.5923,145.1012,333.2,1.3,1.1,2014-09-17,0027,Terra,MODIS,72,6.2,307.6,26,D,0
-12.3361,142.4419,327.8,2.2,1.5,2014-09-17,0027,Terra,MODIS,65,6.2,304.3,45.7,D,0
-15.3108,145.2587,318.9,1.3,1.1,2014-09-17,0027,Terra,MODIS,45,6.2,297.3,11.9,D,0
-12.8406,143.3166,322.8,1.9,1.3,2014-09-17,0027,Terra,MODIS,73,6.2,300.1,34.1,D,0
-16.0352,145.1755,317.8,1.2,1.1,2014-09-17,0027,Terra,MODIS,60,6.2,299,15.3,D,0
-15.6577,145.1868,326.6,1.3,1.1,2014-09-17,0027,Terra,MODIS,53,6.2,307.7,16.8,D,0
-16.0333,145.164,317.9,1.3,1.1,2014-09-17,0027,Terra,MODIS,60,6.2,300.9,14.5,D,0
-15.0466,143.6968,322.6,1.6,1.2,2014-09-17,0027,Terra,MODIS,49,6.2,301.4,18.6,D,0
-15.5545,145.0531,333.3,1.3,1.1,2014-09-17,0027,Terra,MODIS,83,6.2,305.8,28.9,D,0
-15.9942,145.1766,331,1.3,1.1,2014-09-17,0027,Terra,MODIS,82,6.2,301,33.3,D,0
-15.1946,143.6177,327.8,1.6,1.3,2014-09-17,0027,Terra,MODIS,75,6.2,304.1,31.9,D,0
-12.351,142.361,324.3,2.3,1.5,2014-09-17,0027,Terra,MODIS,36,6.2,302.5,30.1,D,0
-14.2702,141.8295,315.1,2.3,1.5,2014-09-17,0027,Terra,MODIS,45,6.2,300.3,19.8,D,0
-14.9138,144.9652,319.6,1.3,1.1,2014-09-17,0027,Terra,MODIS,63,6.2,300.1,12.2,D,0
-14.3573,141.9569,317.6,2.2,1.4,2014-09-17,0027,Terra,MODIS,58,6.2,300,22.1,D,0
-15.1997,145.1392,322.7,1.3,1.1,2014-09-17,0027,Terra,MODIS,25,6.2,301.4,16.7,D,0
-14.8932,145.1477,317.7,1.3,1.1,2014-09-17,0027,Terra,MODIS,47,6.2,296.3,10.1,D,0
-14.3501,141.9156,326.2,2.3,1.5,2014-09-17,0027,Terra,MODIS,76,6.2,300.1,52.6,D,0
-15.5564,145.065,327.8,1.3,1.1,2014-09-17,0027,Terra,MODIS,67,6.2,304.9,17.8,D,0
-15.5784,145.0791,332.9,1.3,1.1,2014-09-17,0027,Terra,MODIS,77,6.2,304.3,26,D,0
-12.9967,142.9802,324.5,2,1.4,2014-09-17,0027,Terra,MODIS,74,6.2,303.4,34.9,D,0
-14.9117,144.9523,318.3,1.3,1.1,2014-09-17,0027,Terra,MODIS,54,6.2,301.3,10.3,D,0
-12.3388,142.4482,326.1,2.2,1.5,2014-09-17,0027,Terra,MODIS,37,6.2,303.5,37.4,D,0
-15.1583,143.6087,322.9,1.6,1.3,2014-09-17,0027,Terra,MODIS,44,6.2,302.4,18.9,D,0
-16.034,145.1698,327.5,1.3,1.1,2014-09-17,0027,Terra,MODIS,74,6.2,300.6,26.3,D,0
-12.9947,142.9876,321.3,2,1.4,2014-09-17,0027,Terra,MODIS,54,6.2,304.2,24.5,D,0
-12.9917,142.9697,319.3,2,1.4,2014-09-17,0027,Terra,MODIS,47,6.2,302.1,20.7,D,0
-15.0475,143.7026,320.7,1.6,1.2,2014-09-17,0027,Terra,MODIS,51,6.2,301.9,16.7,D,0
-14.2738,141.8505,317.5,2.3,1.5,2014-09-17,0027,Terra,MODIS,59,6.2,301.3,24.6,D,0
-15.996,145.1881,324.7,1.2,1.1,2014-09-17,0027,Terra,MODIS,73,6.2,300.4,22.7,D,0
-15.6678,145.1852,332,1.3,1.1,2014-09-17,0027,Terra,MODIS,66,6.2,305.7,26.2,D,0
-12.8377,143.2994,322.2,1.9,1.3,2014-09-17,0027,Terra,MODIS,72,6.2,300.1,34.2,D,0
-12.3476,142.355,325.1,2.3,1.5,2014-09-17,0027,Terra,MODIS,45,6.2,303.4,37.7,D,0
-14.2701,141.8443,321.7,2.3,1.5,2014-09-17,0027,Terra,MODIS,69,6.2,300.9,37.8,D,0
-12.9456,142.9966,319,2,1.4,2014-09-17,0027,Terra,MODIS,52,6.2,302.2,21.7,D,0
-15.4422,144.9921,334.7,1.3,1.1,2014-09-17,0027,Terra,MODIS,78,6.2,306.8,33.9,D,0
-14.3537,141.9363,319.7,2.2,1.5,2014-09-17,0027,Terra,MODIS,64,6.2,300.1,30.1,D,0
-12.3455,142.4191,326.1,2.3,1.5,2014-09-17,0027,Terra,MODIS,57,6.2,303.2,39.9,D,0
-15.6728,145.1541,340.2,1.3,1.1,2014-09-17,0027,Terra,MODIS,89,6.2,305,47.9,D,0
-15.5469,145.0056,332.6,1.3,1.1,2014-09-17,0027,Terra,MODIS,81,6.2,303.4,28.9,D,0
-15.545,144.9934,324.3,1.3,1.1,2014-09-17,0027,Terra,MODIS,33,6.2,303,14.1,D,0
-15.6709,145.1424,323.2,1.3,1.1,2014-09-17,0027,Terra,MODIS,60,6.2,303.8,15.8,D,0
-15.4723,144.9314,318.9,1.3,1.1,2014-09-17,0027,Terra,MODIS,35,6.2,302.8,8.5,D,0
-12.357,142.3318,321.7,2.3,1.5,2014-09-17,0027,Terra,MODIS,47,6.2,302.2,29.4,D,0
-12.841,142.8498,316.8,2,1.4,2014-09-17,0027,Terra,MODIS,34,6.2,302.7,16,D,0
-12.8285,142.8519,319,2,1.4,2014-09-17,0027,Terra,MODIS,41,6.2,302.1,22,D,0
-15.6767,145.1776,332.2,1.3,1.1,2014-09-17,0027,Terra,MODIS,80,6.2,304.8,30.2,D,0
-15.5565,145.0096,323.9,1.3,1.1,2014-09-17,0027,Terra,MODIS,31,6.2,304.7,12.5,D,0
-15.6747,145.166,326.3,1.3,1.1,2014-09-17,0027,Terra,MODIS,40,6.2,305,18.8,D,0
-15.6667,145.1794,329.5,1.3,1.1,2014-09-17,0027,Terra,MODIS,53,6.2,306.9,23.5,D,0
-15.6302,145.1437,331.6,1.3,1.1,2014-09-17,0027,Terra,MODIS,81,6.2,307.5,25.3,D,0
-15.6283,145.132,324.7,1.3,1.1,2014-09-17,0027,Terra,MODIS,60,6.2,305.8,12.8,D,0
-15.6044,145.1114,328.6,1.3,1.1,2014-09-17,0027,Terra,MODIS,68,6.2,308.8,18.3,D,0
-15.6024,145.0996,327.1,1.3,1.1,2014-09-17,0027,Terra,MODIS,76,6.2,307.3,17.1,D,0
-15.5545,144.9975,324.9,1.3,1.1,2014-09-17,0027,Terra,MODIS,39,6.2,304.9,15,D,0
-15.5444,144.9994,329.4,1.3,1.1,2014-09-17,0027,Terra,MODIS,57,6.2,303,21.4,D,0
-12.8442,142.8683,320.8,2,1.4,2014-09-17,0027,Terra,MODIS,70,6.2,302.6,27,D,0
-15.4377,144.9128,321.4,1.3,1.1,2014-09-17,0027,Terra,MODIS,39,6.2,301.8,14.1,D,0
-17.2526,138.4212,323.8,3.6,1.8,2014-09-17,0028,Terra,MODIS,33,6.2,309.1,61,D,0
-17.2447,138.4171,325.1,3.6,1.8,2014-09-17,0028,Terra,MODIS,64,6.2,308.7,71.6,D,0
-17.3017,138.3702,333.9,3.6,1.8,2014-09-17,0028,Terra,MODIS,82,6.2,308.4,138.6,D,0
-17.3176,138.3669,346.1,3.6,1.8,2014-09-17,0028,Terra,MODIS,92,6.2,308.4,264.1,D,0
-17.3335,138.3635,359.9,3.6,1.8,2014-09-17,0028,Terra,MODIS,99,6.2,308.6,469.9,D,0
-17.2932,138.3646,336.3,3.6,1.8,2014-09-17,0028,Terra,MODIS,84,6.2,307.9,162.5,D,0
-17.325,138.358,369.4,3.6,1.8,2014-09-17,0028,Terra,MODIS,100,6.2,309.9,661.9,D,0
-17.3317,138.3915,328.4,3.6,1.8,2014-09-17,0028,Terra,MODIS,76,6.2,308.9,94.3,D,0
-17.3409,138.3546,338.3,3.6,1.8,2014-09-17,0028,Terra,MODIS,86,6.2,305.8,184.7,D,0
-17.3475,138.3882,333.9,3.6,1.8,2014-09-17,0028,Terra,MODIS,82,6.2,308,138.8,D,0
-17.4174,138.4081,324.9,3.6,1.8,2014-09-17,0028,Terra,MODIS,70,6.2,308.2,75.1,D,0
-17.4099,138.4039,327.7,3.6,1.8,2014-09-17,0028,Terra,MODIS,75,6.2,308.4,97.4,D,0
-18.9519,146.3253,325.2,1,1,2014-09-17,0028,Terra,MODIS,51,6.2,305.8,13.1,D,0
-19.9575,148.1305,329.1,1,1,2014-09-17,0028,Terra,MODIS,56,6.2,307.5,16.5,D,0
-19.9665,148.1291,330.5,1,1,2014-09-17,0028,Terra,MODIS,69,6.2,306.6,18.1,D,0
-19.9679,148.1387,324.4,1,1,2014-09-17,0028,Terra,MODIS,29,6.2,307.2,11.1,D,0
-23.7144,149.2792,315.9,1.2,1.1,2014-09-17,0029,Terra,MODIS,32,6.2,302.6,7,D,0
-23.7046,149.2806,320.4,1.2,1.1,2014-09-17,0029,Terra,MODIS,65,6.2,302.6,12.6,D,0
-22.1721,149.3242,319.5,1.1,1.1,2014-09-17,0029,Terra,MODIS,48,6.2,300.7,11.3,D,0
-24.391,151.7181,320.7,1.7,1.3,2014-09-17,0029,Terra,MODIS,66,6.2,301.5,22.9,D,0
-24.3929,151.7348,334.3,1.7,1.3,2014-09-17,0029,Terra,MODIS,85,6.2,302.4,57,D,0
-24.3893,151.7286,331.6,1.7,1.3,2014-09-17,0029,Terra,MODIS,83,6.2,303.8,49.9,D,0
-24.4008,151.7261,318.5,1.7,1.3,2014-09-17,0029,Terra,MODIS,62,6.2,298.3,20.5,D,0
-23.6918,150.3138,318.5,1.3,1.1,2014-09-17,0029,Terra,MODIS,39,6.2,303.1,12.4,D,0
-25.5717,148.7741,325.6,1.2,1.1,2014-09-17,0030,Terra,MODIS,75,6.2,307.5,19.1,D,0
-26.2281,151.0642,316.4,1.6,1.3,2014-09-17,0030,Terra,MODIS,43,6.2,301.5,13.3,D,0
-26.2267,151.0585,317.2,1.6,1.3,2014-09-17,0030,Terra,MODIS,60,6.2,301.9,14.9,D,0
-26.2547,151.1046,316.4,1.6,1.3,2014-09-17,0030,Terra,MODIS,54,6.2,303.3,14.5,D,0
-26.7445,149.1219,323.9,1.3,1.1,2014-09-17,0030,Terra,MODIS,71,6.2,307.8,15.2,D,0
-26.7545,149.1204,323.3,1.3,1.1,2014-09-17,0030,Terra,MODIS,70,6.2,307.4,14.4,D,0
-26.0725,151.2076,316.6,1.6,1.3,2014-09-17,0030,Terra,MODIS,42,6.2,303.3,15,D,0
-25.0832,148.2895,323.4,1.1,1,2014-09-17,0030,Terra,MODIS,74,6.2,306,15.1,D,0
-26.0631,151.2145,325,1.6,1.3,2014-09-17,0030,Terra,MODIS,74,6.2,302.6,31,D,0
-26.0611,151.209,315.7,1.6,1.3,2014-09-17,0030,Terra,MODIS,40,6.2,302.5,13.6,D,0
-25.3727,145.9028,322.9,1,1,2014-09-17,0030,Terra,MODIS,68,6.2,308.2,9.4,D,0
-29.4867,151.9293,311.9,2,1.4,2014-09-17,0031,Terra,MODIS,50,6.2,296.1,24,D,0
-30.5446,148.2328,324.7,1.2,1.1,2014-09-17,0031,Terra,MODIS,39,6.2,300.6,20.1,D,0
-28.6325,150.8038,322.4,1.7,1.3,2014-09-17,0031,Terra,MODIS,69,6.2,303.4,26.6,D,0
-30.1221,149.969,309.1,1.5,1.2,2014-09-17,0031,Terra,MODIS,23,6.2,298.8,10.2,D,0
-29.489,151.9433,317.5,2.1,1.4,2014-09-17,0031,Terra,MODIS,64,6.2,294.1,40.5,D,0
-29.7364,150.4042,311.2,1.6,1.3,2014-09-17,0031,Terra,MODIS,59,6.2,300.5,8.7,D,0
-28.6343,150.8209,336.3,1.7,1.3,2014-09-17,0031,Terra,MODIS,87,6.2,299.9,66.6,D,0
-29.2686,149.5529,316.7,1.4,1.2,2014-09-17,0031,Terra,MODIS,58,6.2,303.1,11.5,D,0
-29.053,150.1749,323.5,1.5,1.2,2014-09-17,0031,Terra,MODIS,77,6.2,304.1,26.7,D,0
-29.1262,148.6693,334.3,1.3,1.1,2014-09-17,0031,Terra,MODIS,85,6.2,302.5,36.4,D,0
-30.4309,151.3669,304.6,1.9,1.4,2014-09-17,0031,Terra,MODIS,38,6.2,292.6,11.9,D,0
-30.4943,152.8951,307.5,2.4,1.5,2014-09-17,0031,Terra,MODIS,63,6.2,294.6,24.5,D,0
-30.5007,152.8875,328.4,2.4,1.5,2014-09-17,0031,Terra,MODIS,85,6.2,295.8,95.7,D,0
-28.5741,148.9763,317.3,1.3,1.1,2014-09-17,0031,Terra,MODIS,30,6.2,303.4,6.2,D,0
-29.9084,148.4274,324.5,1.3,1.1,2014-09-17,0031,Terra,MODIS,77,6.2,307.3,16.2,D,0
-32.3614,146.7596,309.8,1.1,1.1,2014-09-17,0032,Terra,MODIS,45,6.2,293.2,7,D,0
-35.4538,150.3644,312.6,1.9,1.4,2014-09-17,0032,Terra,MODIS,63,6.2,290.2,31.2,D,0
-32.8708,147.09,313.5,1.2,1.1,2014-09-17,0032,Terra,MODIS,62,6.2,292.5,11,D,0
-32.6492,146.5273,314.4,1.1,1,2014-09-17,0032,Terra,MODIS,70,6.2,296.9,11.2,D,0
-33.8201,145.6709,308.3,1.1,1,2014-09-17,0032,Terra,MODIS,59,6.2,287.1,8.8,D,0
-34.6373,142.8395,325.8,1,1,2014-09-17,0032,Terra,MODIS,83,6.2,292.9,23.2,D,0
-13.1351,132.2374,340.4,2.9,1.6,2014-09-17,0205,Terra,MODIS,87,6.2,303.5,138.2,D,0
-13.1383,132.2638,342,2.9,1.6,2014-09-17,0205,Terra,MODIS,88,6.2,306.6,150.7,D,0
-14.1541,133.7328,324.8,3.9,1.8,2014-09-17,0205,Terra,MODIS,33,6.2,307.7,57.4,D,0
-13.1507,132.2284,326.8,2.9,1.6,2014-09-17,0205,Terra,MODIS,60,6.2,303.2,47.4,D,0
-14.1651,133.7385,328.9,3.9,1.8,2014-09-17,0205,Terra,MODIS,68,6.2,307.5,91.5,D,0
-13.1538,132.2549,333.7,2.9,1.6,2014-09-17,0205,Terra,MODIS,80,6.2,304.2,89.8,D,0
-13.1392,132.2566,345.9,2.9,1.6,2014-09-17,0205,Terra,MODIS,91,6.2,306.3,185.3,D,0
-13.1422,132.2832,329,2.9,1.6,2014-09-17,0205,Terra,MODIS,74,6.2,306.9,58.8,D,0
-14.0929,133.7506,326.4,3.9,1.8,2014-09-17,0205,Terra,MODIS,51,6.2,307.1,78.6,D,0
-14.0988,133.7447,330.8,3.9,1.8,2014-09-17,0205,Terra,MODIS,76,6.2,307.9,120,D,0
-14.1095,133.7491,325.9,3.9,1.8,2014-09-17,0205,Terra,MODIS,33,6.2,308.6,69.9,D,0
-13.6261,134.9199,320.4,4.7,2,2014-09-17,0205,Terra,MODIS,33,6.2,304,61.5,D,0
-14.3837,134.4454,324.9,4.4,1.9,2014-09-17,0205,Terra,MODIS,59,6.2,305.7,92.2,D,0
-14.4023,134.4381,334.8,4.4,1.9,2014-09-17,0205,Terra,MODIS,81,6.2,308,192.2,D,0
-14.9755,134.5985,323.3,4.6,2,2014-09-17,0205,Terra,MODIS,36,6.2,306.3,61.7,D,0
-14.9316,134.5227,334.3,4.6,2,2014-09-17,0205,Terra,MODIS,82,6.2,306.8,184.6,D,0
-14.3848,134.4402,331.8,4.4,1.9,2014-09-17,0205,Terra,MODIS,77,6.2,306.2,161.9,D,0
-14.3792,134.4045,321.2,4.4,1.9,2014-09-17,0205,Terra,MODIS,25,6.2,304.3,60.5,D,0
-14.9315,134.5172,333.6,4.6,2,2014-09-17,0205,Terra,MODIS,81,6.2,306.6,175.2,D,0
-14.403,134.4306,331.5,4.4,1.9,2014-09-17,0205,Terra,MODIS,71,6.2,308.1,146.5,D,0
-11.4656,130.3338,327.8,1.9,1.4,2014-09-17,0205,Terra,MODIS,75,6.2,304,41.8,D,0
-13.6835,130.2614,331.8,2.1,1.4,2014-09-17,0205,Terra,MODIS,64,6.2,306.3,46.5,D,0
-13.6709,130.2629,352.5,2.1,1.4,2014-09-17,0205,Terra,MODIS,95,6.2,310.3,153.3,D,0
-13.6845,130.2554,337,2.1,1.4,2014-09-17,0205,Terra,MODIS,74,6.2,305.6,68.4,D,0
-11.4756,130.3148,337.2,1.9,1.4,2014-09-17,0205,Terra,MODIS,85,6.2,301.9,73.3,D,0
-13.6685,130.2439,382.3,2.1,1.4,2014-09-17,0205,Terra,MODIS,100,6.2,309.3,429.3,D,0
-11.4634,130.3164,326.3,1.9,1.4,2014-09-17,0205,Terra,MODIS,73,6.2,302.7,37,D,0
-14.5284,132.3969,326.5,3.1,1.7,2014-09-17,0205,Terra,MODIS,71,6.2,306.3,61.7,D,0
-12.6822,132.8827,331.6,3.2,1.7,2014-09-17,0205,Terra,MODIS,79,6.2,306,90.3,D,0
-12.6974,132.8809,327.9,3.2,1.7,2014-09-17,0205,Terra,MODIS,74,6.2,306,69.2,D,0
-11.5177,132.867,325.6,3.1,1.7,2014-09-17,0205,Terra,MODIS,69,6.2,302.3,63.9,D,0
-12.2708,133.8964,324.4,3.8,1.8,2014-09-17,0205,Terra,MODIS,68,6.2,302.3,75.6,D,0
-12.2747,133.9313,322.4,3.8,1.8,2014-09-17,0205,Terra,MODIS,63,6.2,301.9,59.3,D,0
-13.2917,134.1519,331.6,4.1,1.9,2014-09-17,0205,Terra,MODIS,77,6.2,304.5,142.3,D,0
-13.2789,134.1917,323.4,4.1,1.9,2014-09-17,0205,Terra,MODIS,60,6.2,305.5,70.6,D,0
-13.2956,134.1444,325.1,4.1,1.9,2014-09-17,0205,Terra,MODIS,65,6.2,304.2,81.4,D,0
-11.4778,130.3322,331.6,1.9,1.4,2014-09-17,0205,Terra,MODIS,80,6.2,302.9,53,D,0
-13.6823,130.2362,351.6,2.1,1.4,2014-09-17,0205,Terra,MODIS,95,6.2,301.9,151.3,D,0
-13.6811,130.2423,365,2.1,1.4,2014-09-17,0205,Terra,MODIS,100,6.2,303.8,249.8,D,0
-14.2379,129.494,341.1,1.8,1.3,2014-09-17,0205,Terra,MODIS,88,6.2,299.6,84.9,D,0
-14.2433,129.4868,325,1.8,1.3,2014-09-17,0205,Terra,MODIS,67,6.2,299.1,30.1,D,0
-16.095,127.5899,363.1,1.4,1.2,2014-09-17,0206,Terra,MODIS,100,6.2,312.9,134.7,D,0
-16.0842,128.1133,328.4,1.6,1.2,2014-09-17,0206,Terra,MODIS,42,6.2,305.8,25.6,D,0
-16.0755,127.6063,347.7,1.4,1.2,2014-09-17,0206,Terra,MODIS,92,6.2,311.6,64.7,D,0
-16.0975,127.5704,346.7,1.4,1.2,2014-09-17,0206,Terra,MODIS,91,6.2,297.4,71.6,D,0
-16.1008,127.5969,339.6,1.4,1.2,2014-09-17,0206,Terra,MODIS,85,6.2,310.1,46.4,D,0
-16.0933,127.5767,365.7,1.4,1.2,2014-09-17,0206,Terra,MODIS,100,6.2,306.4,148.1,D,0
-16.1057,127.5884,355.7,1.4,1.2,2014-09-17,0206,Terra,MODIS,97,6.2,307.9,104.6,D,0
-16.0738,127.593,358.4,1.4,1.2,2014-09-17,0206,Terra,MODIS,99,6.2,311.3,106.1,D,0
-16.1039,127.5752,353.4,1.4,1.2,2014-09-17,0206,Terra,MODIS,96,6.2,299.2,95.3,D,0
-16.0649,127.6077,347.4,1.4,1.2,2014-09-17,0206,Terra,MODIS,92,6.2,311.2,63.9,D,0
-15.9899,128.0884,340.6,1.5,1.2,2014-09-17,0206,Terra,MODIS,79,6.2,306.7,53.4,D,0
-16.0844,127.5914,337.9,1.4,1.2,2014-09-17,0206,Terra,MODIS,72,6.2,307.2,36.8,D,0
-16.0862,127.6048,333.5,1.4,1.2,2014-09-17,0206,Terra,MODIS,69,6.2,311.2,24.6,D,0
-15.9888,128.0946,331.4,1.5,1.2,2014-09-17,0206,Terra,MODIS,59,6.2,307.1,27.3,D,0
-15.9869,128.0802,339,1.5,1.2,2014-09-17,0206,Terra,MODIS,83,6.2,306.1,50.8,D,0
-15.9759,128.0816,328.1,1.5,1.2,2014-09-17,0206,Terra,MODIS,49,6.2,307.7,20.1,D,0
-16.548,124.024,332.2,1,1,2014-09-17,0206,Terra,MODIS,73,6.2,312.7,15.2,D,0
-16.0992,127.5836,379.2,1.4,1.2,2014-09-17,0206,Terra,MODIS,100,6.2,312.2,230.8,D,0
-16.0968,127.6033,332.3,1.4,1.2,2014-09-17,0206,Terra,MODIS,69,6.2,309.7,25.4,D,0
-17.4361,125.8899,329.9,1.2,1.1,2014-09-17,0206,Terra,MODIS,21,6.2,311.7,13.7,D,0
-17.3662,127.4293,334.2,1.5,1.2,2014-09-17,0206,Terra,MODIS,47,6.2,310.3,31.4,D,0
-17.3537,127.4171,340.7,1.4,1.2,2014-09-17,0206,Terra,MODIS,86,6.2,313.7,48.3,D,0
-17.432,125.6187,333.5,1.1,1.1,2014-09-17,0206,Terra,MODIS,77,6.2,314,19.1,D,0
-17.541,125.6743,338.4,1.2,1.1,2014-09-17,0206,Terra,MODIS,84,6.2,312,29.4,D,0
-17.4334,125.6294,327.7,1.1,1.1,2014-09-17,0206,Terra,MODIS,59,6.2,312.8,10.1,D,0
-16.9146,128.2743,326.7,1.6,1.3,2014-09-17,0206,Terra,MODIS,66,6.2,310.1,17.9,D,0
-17.5425,125.6852,336.3,1.2,1.1,2014-09-17,0206,Terra,MODIS,81,6.2,310.5,24.9,D,0
-17.5185,125.8948,385.2,1.2,1.1,2014-09-17,0206,Terra,MODIS,100,6.2,312.3,206.3,D,0
-17.517,125.8834,324,1.2,1.1,2014-09-17,0206,Terra,MODIS,40,6.2,308.7,8.3,D,0
-17.4503,125.9041,343.9,1.2,1.1,2014-09-17,0206,Terra,MODIS,89,6.2,311.1,41.3,D,0
-17.5201,125.9063,378,1.2,1.1,2014-09-17,0206,Terra,MODIS,100,6.2,308.4,168.6,D,0
-17.5065,125.953,326.3,1.2,1.1,2014-09-17,0206,Terra,MODIS,33,6.2,307.9,14.7,D,0
-16.0912,132.206,348.3,3.2,1.7,2014-09-17,0206,Terra,MODIS,93,6.2,307.4,238.8,D,0
-17.5203,125.666,330,1.2,1.1,2014-09-17,0206,Terra,MODIS,72,6.2,311.3,13.9,D,0
-14.7191,126.5147,325.6,1.2,1.1,2014-09-17,0206,Terra,MODIS,49,6.2,307.6,9.6,D,0
-16.058,128.1832,328.2,1.6,1.2,2014-09-17,0206,Terra,MODIS,70,6.2,308,19,D,0
-14.6923,126.4628,333.3,1.2,1.1,2014-09-17,0206,Terra,MODIS,77,6.2,299.6,26.6,D,0
-17.5035,125.6136,331.6,1.1,1.1,2014-09-17,0206,Terra,MODIS,66,6.2,313.7,16.3,D,0
-16.104,132.199,324.2,3.2,1.7,2014-09-17,0206,Terra,MODIS,56,6.2,306.3,43.1,D,0
-17.4518,125.9152,355,1.2,1.1,2014-09-17,0206,Terra,MODIS,97,6.2,309.1,71.6,D,0
-16.0889,132.2007,342.3,3.2,1.7,2014-09-17,0206,Terra,MODIS,89,6.2,306.9,173.9,D,0
-17.5537,125.9175,327.4,1.2,1.1,2014-09-17,0206,Terra,MODIS,27,6.2,308.8,14.8,D,0
-17.4855,125.9447,332.7,1.2,1.1,2014-09-17,0206,Terra,MODIS,44,6.2,309.8,21.5,D,0
-14.6811,126.4535,331.9,1.2,1.1,2014-09-17,0206,Terra,MODIS,77,6.2,306.1,23.3,D,0
-14.6826,126.4642,347.8,1.2,1.1,2014-09-17,0206,Terra,MODIS,92,6.2,303.4,56.9,D,0
-17.3572,127.4107,335.3,1.4,1.2,2014-09-17,0206,Terra,MODIS,41,6.2,311,33,D,0
-17.508,125.9641,358.6,1.2,1.1,2014-09-17,0206,Terra,MODIS,99,6.2,309.2,90.9,D,0
-17.3589,127.4243,335.4,1.5,1.2,2014-09-17,0206,Terra,MODIS,43,6.2,313.2,34.2,D,0
-17.3923,125.6412,330.2,1.1,1.1,2014-09-17,0206,Terra,MODIS,67,6.2,311.3,15,D,0
-16.9131,128.2686,324.9,1.6,1.3,2014-09-17,0206,Terra,MODIS,58,6.2,310.2,13.3,D,0
-17.4349,125.6401,330.5,1.1,1.1,2014-09-17,0206,Terra,MODIS,63,6.2,312.8,13.8,D,0
-16.2269,132.5162,337.2,3.4,1.7,2014-09-17,0206,Terra,MODIS,85,6.2,303,163.9,D,0
-16.2082,132.4867,358.7,3.3,1.7,2014-09-17,0206,Terra,MODIS,99,6.2,302.6,413.4,D,0
-16.145,132.4124,347.4,3.3,1.7,2014-09-17,0206,Terra,MODIS,92,6.2,306.9,196.3,D,0
-16.1785,132.4654,333,3.3,1.7,2014-09-17,0206,Terra,MODIS,23,6.2,299.3,101.7,D,0
-16.2095,132.462,374.9,3.3,1.7,2014-09-17,0206,Terra,MODIS,100,6.2,302.7,704.1,D,0
-16.1411,132.4073,342.6,3.3,1.7,2014-09-17,0206,Terra,MODIS,78,6.2,306.5,162.7,D,0
-16.2128,132.493,352,3.3,1.7,2014-09-17,0206,Terra,MODIS,95,6.2,303.2,317.6,D,0
-16.2318,132.5225,325.5,3.4,1.7,2014-09-17,0206,Terra,MODIS,47,6.2,302.6,72.8,D,0
-16.1565,132.4056,335.1,3.3,1.7,2014-09-17,0206,Terra,MODIS,33,6.2,302.5,121.3,D,0
-16.1533,132.3752,336.5,3.3,1.7,2014-09-17,0206,Terra,MODIS,62,6.2,301.1,135.5,D,0
-16.2113,132.5179,340.4,3.4,1.7,2014-09-17,0206,Terra,MODIS,68,6.2,305.2,187.7,D,0
-16.1225,132.3786,330.8,3.3,1.7,2014-09-17,0206,Terra,MODIS,33,6.2,307.1,53.8,D,0
-16.0919,132.2303,327.4,3.2,1.7,2014-09-17,0206,Terra,MODIS,31,6.2,306.2,56.6,D,0
-16.1484,132.443,331.2,3.3,1.7,2014-09-17,0206,Terra,MODIS,61,6.2,306.2,47.2,D,0
-15.5562,131.7315,327.3,2.9,1.6,2014-09-17,0206,Terra,MODIS,48,6.2,309,40.3,D,0
-16.1817,132.4964,333.9,3.3,1.7,2014-09-17,0206,Terra,MODIS,53,6.2,300.6,110.6,D,0
-16.36,132.0412,325.8,3.1,1.7,2014-09-17,0206,Terra,MODIS,37,6.2,305.1,47.3,D,0
-16.1329,132.4447,333.4,3.3,1.7,2014-09-17,0206,Terra,MODIS,73,6.2,308.2,64.2,D,0
-16.2206,132.4539,340,3.3,1.7,2014-09-17,0206,Terra,MODIS,87,6.2,297.6,197.5,D,0
-16.1262,132.3837,335.7,3.3,1.7,2014-09-17,0206,Terra,MODIS,78,6.2,306.7,85.6,D,0
-16.2548,132.4813,326.5,3.3,1.7,2014-09-17,0206,Terra,MODIS,71,6.2,303.6,89.5,D,0
-16.2237,132.485,326.2,3.3,1.7,2014-09-17,0206,Terra,MODIS,63,6.2,298.4,83,D,0
-16.2051,132.4557,367.4,3.3,1.7,2014-09-17,0206,Terra,MODIS,100,6.2,302.4,557.9,D,0
-16.113,132.2634,332.6,3.2,1.7,2014-09-17,0206,Terra,MODIS,59,6.2,306,80.6,D,0
-16.147,132.3146,332,3.2,1.7,2014-09-17,0206,Terra,MODIS,40,6.2,302.4,100.2,D,0
-16.2162,132.5242,335.6,3.4,1.7,2014-09-17,0206,Terra,MODIS,76,6.2,304.9,144.6,D,0
-14.7049,126.4833,328.3,1.2,1.1,2014-09-17,0206,Terra,MODIS,47,6.2,304.8,16.9,D,0
-14.7064,126.4943,327.5,1.2,1.1,2014-09-17,0206,Terra,MODIS,20,6.2,307.4,13.4,D,0
-14.6516,126.4748,328.1,1.2,1.1,2014-09-17,0206,Terra,MODIS,69,6.2,308.8,15,D,0
-14.6531,126.4856,329.9,1.2,1.1,2014-09-17,0206,Terra,MODIS,74,6.2,309.8,18.9,D,0
-14.6613,126.4734,354.8,1.2,1.1,2014-09-17,0206,Terra,MODIS,97,6.2,308.3,72.5,D,0
-14.6628,126.4842,376.6,1.2,1.1,2014-09-17,0206,Terra,MODIS,100,6.2,310.8,158.7,D,0
-14.6643,126.4951,332.1,1.2,1.1,2014-09-17,0206,Terra,MODIS,41,6.2,309.1,21.2,D,0
-14.6725,126.4828,350.5,1.2,1.1,2014-09-17,0206,Terra,MODIS,94,6.2,308.2,60.1,D,0
-14.674,126.4937,345.2,1.2,1.1,2014-09-17,0206,Terra,MODIS,90,6.2,310,47.2,D,0
-14.6755,126.5046,334.7,1.2,1.1,2014-09-17,0206,Terra,MODIS,81,6.2,306.4,27.5,D,0
-14.6743,126.4766,351.1,1.2,1.1,2014-09-17,0206,Terra,MODIS,94,6.2,305.5,65.1,D,0
-14.6758,126.4874,352.9,1.2,1.1,2014-09-17,0206,Terra,MODIS,96,6.2,310.4,68.8,D,0
-14.6772,126.4984,342.9,1.2,1.1,2014-09-17,0206,Terra,MODIS,89,6.2,308.5,43.5,D,0
-14.684,126.4751,365.2,1.2,1.1,2014-09-17,0206,Terra,MODIS,100,6.2,304.9,112.1,D,0
-14.6855,126.486,395.6,1.2,1.1,2014-09-17,0206,Terra,MODIS,100,6.2,312,273.5,D,0
-14.687,126.497,336,1.2,1.1,2014-09-17,0206,Terra,MODIS,82,6.2,306.1,28.6,D,0
-14.6937,126.4736,339.1,1.2,1.1,2014-09-17,0206,Terra,MODIS,85,6.2,300.6,38.1,D,0
-14.6952,126.4846,361,1.2,1.1,2014-09-17,0206,Terra,MODIS,100,6.2,306,96.7,D,0
-14.6967,126.4956,335.2,1.2,1.1,2014-09-17,0206,Terra,MODIS,80,6.2,305.7,26.5,D,0
-14.7735,126.7687,342,1.2,1.1,2014-09-17,0206,Terra,MODIS,88,6.2,309,39.9,D,0
-17.0173,132.4149,335.5,3.4,1.7,2014-09-17,0206,Terra,MODIS,82,6.2,305.1,136.6,D,0
-17.0206,132.4465,341.6,3.4,1.7,2014-09-17,0206,Terra,MODIS,88,6.2,304.9,198.1,D,0
-17.0155,132.4419,329.1,3.4,1.7,2014-09-17,0206,Terra,MODIS,48,6.2,305.7,85.7,D,0
-17.0311,132.4401,341.6,3.4,1.7,2014-09-17,0206,Terra,MODIS,88,6.2,303.1,204.1,D,0
-16.6976,132.2485,324.7,3.2,1.7,2014-09-17,0206,Terra,MODIS,66,6.2,307.1,38.4,D,0
-17.1165,132.3919,321.8,3.4,1.7,2014-09-17,0206,Terra,MODIS,59,6.2,303.2,49.5,D,0
-16.7459,132.1222,325.1,3.2,1.7,2014-09-17,0206,Terra,MODIS,36,6.2,306.7,55.1,D,0
-16.7491,132.1518,325.6,3.2,1.7,2014-09-17,0206,Terra,MODIS,48,6.2,304.1,57.4,D,0
-16.7463,132.1453,328.3,3.2,1.7,2014-09-17,0206,Terra,MODIS,60,6.2,304.8,75.7,D,0
-16.7585,132.114,320.4,3.2,1.7,2014-09-17,0206,Terra,MODIS,10,6.2,305.2,36.4,D,0
-16.7737,132.1124,334.7,3.2,1.7,2014-09-17,0206,Terra,MODIS,82,6.2,302.8,129.8,D,0
-16.7768,132.142,320.8,3.2,1.7,2014-09-17,0206,Terra,MODIS,24,6.2,303.2,40.6,D,0
-16.4098,132.2366,325.4,3.2,1.7,2014-09-17,0206,Terra,MODIS,68,6.2,303.9,58.9,D,0
-16.4251,132.2349,325.2,3.2,1.7,2014-09-17,0206,Terra,MODIS,68,6.2,303.1,57,D,0
-16.4375,132.228,320.8,3.2,1.7,2014-09-17,0206,Terra,MODIS,44,6.2,303.4,30.8,D,0
-17.1061,132.3999,326.5,3.4,1.7,2014-09-17,0206,Terra,MODIS,71,6.2,304.4,79.1,D,0
-18.6723,127.3482,333.2,1.5,1.2,2014-09-17,0207,Terra,MODIS,73,6.2,313.6,28.5,D,0
-18.6831,127.3467,335.6,1.5,1.2,2014-09-17,0207,Terra,MODIS,73,6.2,313.8,33.7,D,0
-18.694,127.3452,357.6,1.5,1.2,2014-09-17,0207,Terra,MODIS,98,6.2,313.1,112.4,D,0
-18.6958,127.3594,333,1.5,1.2,2014-09-17,0207,Terra,MODIS,67,6.2,311.2,29,D,0
-20.1455,128.235,356.5,1.8,1.3,2014-09-17,0207,Terra,MODIS,98,6.2,314.6,145.1,D,0
-18.8224,129.8646,371.3,2.3,1.5,2014-09-17,0207,Terra,MODIS,100,6.2,311.3,361.4,D,0
-18.8167,129.8369,340.2,2.3,1.5,2014-09-17,0207,Terra,MODIS,86,6.2,305,104.9,D,0
-18.8189,129.8585,379.9,2.3,1.5,2014-09-17,0207,Terra,MODIS,100,6.2,312.7,465.8,D,0
-18.8212,129.8803,332,2.3,1.5,2014-09-17,0207,Terra,MODIS,75,6.2,309.3,56.2,D,0
-18.8299,129.8354,324.7,2.3,1.5,2014-09-17,0207,Terra,MODIS,54,6.2,303.9,36.4,D,0
-18.8321,129.8569,337.6,2.3,1.5,2014-09-17,0207,Terra,MODIS,84,6.2,307.7,90.7,D,0
-18.7521,130.1707,325.9,2.4,1.5,2014-09-17,0207,Terra,MODIS,55,6.2,311.4,32.5,D,0
-18.7546,130.1936,324.2,2.4,1.5,2014-09-17,0207,Terra,MODIS,55,6.2,310.3,28.3,D,0
-18.7624,130.1872,324.1,2.4,1.5,2014-09-17,0207,Terra,MODIS,39,6.2,309.8,27.1,D,0
-20.1594,128.2508,338.1,1.8,1.3,2014-09-17,0207,Terra,MODIS,83,6.2,310.9,57.8,D,0
-20.1475,128.2523,343,1.8,1.3,2014-09-17,0207,Terra,MODIS,88,6.2,312.2,75.1,D,0
-20.1356,128.2538,338.3,1.8,1.3,2014-09-17,0207,Terra,MODIS,56,6.2,312.4,55.1,D,0
-20.0704,128.2683,328.3,1.8,1.3,2014-09-17,0207,Terra,MODIS,62,6.2,311.6,25.4,D,0
-20.0247,128.2913,332.1,1.8,1.3,2014-09-17,0207,Terra,MODIS,75,6.2,313.2,35.2,D,0
-20.0308,128.2965,331.6,1.8,1.3,2014-09-17,0207,Terra,MODIS,51,6.2,313.3,30.2,D,0
-20.199,128.2225,381.5,1.8,1.3,2014-09-17,0207,Terra,MODIS,100,6.2,309.4,349.4,D,0
-20.1872,128.224,350.6,1.8,1.3,2014-09-17,0207,Terra,MODIS,94,6.2,309.7,118.3,D,0
-20.193,128.2291,384.4,1.8,1.3,2014-09-17,0207,Terra,MODIS,100,6.2,311.4,374.5,D,0
-20.1336,128.2365,343.3,1.8,1.3,2014-09-17,0207,Terra,MODIS,77,6.2,314.1,75.6,D,0
-18.84,128.7563,325,1.9,1.3,2014-09-17,0207,Terra,MODIS,47,6.2,311.9,17.2,D,0
-20.191,128.2118,361.5,1.8,1.3,2014-09-17,0207,Terra,MODIS,100,6.2,308.8,179.7,D,0
-20.1811,128.2305,359.7,1.8,1.3,2014-09-17,0207,Terra,MODIS,99,6.2,308.5,170.2,D,0
-20.1713,128.2493,329.8,1.8,1.3,2014-09-17,0207,Terra,MODIS,64,6.2,309.4,29.9,D,0
-20.1693,128.232,376.9,1.8,1.3,2014-09-17,0207,Terra,MODIS,100,6.2,312.4,298.6,D,0
-18.6876,128.6976,354,1.9,1.3,2014-09-17,0207,Terra,MODIS,96,6.2,315.7,129.3,D,0
-18.6735,128.6815,326.9,1.9,1.3,2014-09-17,0207,Terra,MODIS,29,6.2,313.5,13.8,D,0
-18.6715,128.6641,332.5,1.9,1.3,2014-09-17,0207,Terra,MODIS,77,6.2,315.2,32,D,0
-20.1554,128.2163,340.2,1.8,1.3,2014-09-17,0207,Terra,MODIS,85,6.2,310.4,67.4,D,0
-20.1574,128.2335,373.3,1.8,1.3,2014-09-17,0207,Terra,MODIS,100,6.2,314.4,266.4,D,0
-20.1592,128.1462,325.8,1.8,1.3,2014-09-17,0207,Terra,MODIS,28,6.2,312.4,19,D,0
-18.8248,129.8863,322.6,2.3,1.5,2014-09-17,0207,Terra,MODIS,39,6.2,309.8,22.1,D,0
-18.8116,129.8879,357.6,2.3,1.5,2014-09-17,0207,Terra,MODIS,98,6.2,310.8,214.5,D,0
-18.8092,129.8661,390.6,2.3,1.5,2014-09-17,0207,Terra,MODIS,100,6.2,313.3,626,D,0
-18.82,129.8429,366.6,2.3,1.5,2014-09-17,0207,Terra,MODIS,100,6.2,307.9,309.4,D,0
-18.7065,128.7067,357.9,1.9,1.3,2014-09-17,0207,Terra,MODIS,98,6.2,313.9,158,D,0
-18.7672,129.9425,336.8,2.3,1.5,2014-09-17,0207,Terra,MODIS,61,6.2,313.4,64.8,D,0
-18.7285,128.686,327.9,1.9,1.3,2014-09-17,0207,Terra,MODIS,52,6.2,313.1,22.5,D,0
-18.7697,129.9643,385.9,2.3,1.5,2014-09-17,0207,Terra,MODIS,100,6.2,316.9,552.9,D,0
-18.7723,129.9865,326.6,2.3,1.5,2014-09-17,0207,Terra,MODIS,45,6.2,311,28.7,D,0
-18.7657,129.9592,377.4,2.3,1.5,2014-09-17,0207,Terra,MODIS,100,6.2,317.7,431.5,D,0
-18.7588,128.7362,330.8,1.9,1.3,2014-09-17,0207,Terra,MODIS,61,6.2,314.3,30.7,D,0
-18.768,129.9813,346.8,2.3,1.5,2014-09-17,0207,Terra,MODIS,92,6.2,312.4,136,D,0
-18.772,129.8926,333,2.3,1.5,2014-09-17,0207,Terra,MODIS,28,6.2,313.6,52.7,D,0
-18.6897,128.7152,339.1,1.9,1.3,2014-09-17,0207,Terra,MODIS,85,6.2,313.9,59.6,D,0
-18.6996,128.6961,396.5,1.9,1.3,2014-09-17,0207,Terra,MODIS,100,6.2,319.1,532.3,D,0
-18.7743,129.9143,343.6,2.3,1.5,2014-09-17,0207,Terra,MODIS,89,6.2,313.9,108.7,D,0
-18.8068,129.8443,334.3,2.3,1.5,2014-09-17,0207,Terra,MODIS,80,6.2,306.7,70.9,D,0
-18.7017,128.7137,335.1,1.9,1.3,2014-09-17,0207,Terra,MODIS,80,6.2,313,44.9,D,0
-18.7984,129.8895,400.7,2.3,1.5,2014-09-17,0207,Terra,MODIS,100,6.2,316.4,802.6,D,0
-18.796,129.8676,374.6,2.3,1.5,2014-09-17,0207,Terra,MODIS,100,6.2,313.4,386.8,D,0
-18.7875,129.9127,357.4,2.3,1.5,2014-09-17,0207,Terra,MODIS,98,6.2,313.6,208.5,D,0
-18.7852,129.891,385.7,2.3,1.5,2014-09-17,0207,Terra,MODIS,100,6.2,318.6,535.2,D,0
-18.7828,129.8692,345.3,2.3,1.5,2014-09-17,0207,Terra,MODIS,90,6.2,314.9,122.4,D,0
-18.6924,128.6906,353.7,1.9,1.3,2014-09-17,0207,Terra,MODIS,96,6.2,316.3,128.8,D,0
-18.6944,128.7083,357.8,1.9,1.3,2014-09-17,0207,Terra,MODIS,98,6.2,315.7,156.6,D,0
-18.7045,128.6891,369.1,1.9,1.3,2014-09-17,0207,Terra,MODIS,100,6.2,315.6,238.3,D,0
-18.779,129.9576,331.9,2.3,1.5,2014-09-17,0207,Terra,MODIS,61,6.2,310.6,50.4,D,0
-18.7766,129.9359,335.8,2.3,1.5,2014-09-17,0207,Terra,MODIS,55,6.2,313,63.1,D,0
-22.6968,119.4192,339.4,1.2,1.1,2014-09-17,0208,Terra,MODIS,83,6.2,314,28.5,D,0
-22.7522,118.1603,346.6,1.4,1.2,2014-09-17,0208,Terra,MODIS,92,6.2,310.2,64,D,0
-22.7544,118.1732,336.4,1.3,1.2,2014-09-17,0208,Terra,MODIS,83,6.2,308.9,36,D,0
-22.7683,118.13,340.4,1.4,1.2,2014-09-17,0208,Terra,MODIS,87,6.2,310.4,44.2,D,0
-22.8066,118.2303,324.5,1.3,1.1,2014-09-17,0208,Terra,MODIS,40,6.2,310,12.8,D,0
-22.8629,118.2666,329.3,1.3,1.1,2014-09-17,0208,Terra,MODIS,68,6.2,303.6,23.3,D,0
-22.9036,118.2575,324.1,1.3,1.1,2014-09-17,0208,Terra,MODIS,42,6.2,310.7,12.2,D,0
-22.0207,119.6186,328.1,1.2,1.1,2014-09-17,0208,Terra,MODIS,67,6.2,314.7,12.6,D,0
-22.922,119.5478,326.5,1.1,1.1,2014-09-17,0208,Terra,MODIS,56,6.2,312,10.1,D,0
-22.9125,119.5496,328.5,1.1,1.1,2014-09-17,0208,Terra,MODIS,60,6.2,312.9,12.2,D,0
-22.8347,118.1646,327.4,1.3,1.1,2014-09-17,0208,Terra,MODIS,71,6.2,310.3,14.8,D,0
-22.7898,118.1936,325.9,1.3,1.1,2014-09-17,0208,Terra,MODIS,56,6.2,309.5,13.6,D,0
-22.7787,118.1279,328.7,1.4,1.2,2014-09-17,0208,Terra,MODIS,73,6.2,310.7,18,D,0
-22.7817,118.2082,331.5,1.3,1.1,2014-09-17,0208,Terra,MODIS,72,6.2,308.5,24.6,D,0
-22.7064,119.4174,333,1.2,1.1,2014-09-17,0208,Terra,MODIS,56,6.2,314.7,16,D,0
-22.8527,118.2687,339.2,1.3,1.1,2014-09-17,0208,Terra,MODIS,86,6.2,305.1,45.4,D,0
-22.7764,118.1148,351.6,1.4,1.2,2014-09-17,0208,Terra,MODIS,95,6.2,310.1,79.5,D,0
-22.8483,118.2432,342.5,1.3,1.1,2014-09-17,0208,Terra,MODIS,89,6.2,308.7,51.2,D,0
-22.7942,118.2193,325.9,1.3,1.1,2014-09-17,0208,Terra,MODIS,40,6.2,309,14,D,0
-22.792,118.2063,334.1,1.3,1.1,2014-09-17,0208,Terra,MODIS,80,6.2,309.5,30.4,D,0
-22.8504,118.2557,356.7,1.3,1.1,2014-09-17,0208,Terra,MODIS,98,6.2,309.2,98.3,D,0
-23.3796,120.6927,325.3,1,1,2014-09-17,0208,Terra,MODIS,58,6.2,312.5,7,D,0
-33.7281,122.2903,308.1,1.2,1.1,2014-09-17,0211,Terra,MODIS,62,6.2,295.1,8,D,0
-33.7257,122.2835,307.9,1.2,1.1,2014-09-17,0211,Terra,MODIS,52,6.2,295.5,7.1,D,0
-33.6877,120.729,311.4,1,1,2014-09-17,0211,Terra,MODIS,63,6.2,293,8,D,0
-33.6893,120.7403,317.8,1,1,2014-09-17,0211,Terra,MODIS,76,6.2,293.4,13.6,D,0
-29.8991,152.6462,308.7,2.5,1.5,2014-09-17,0311,Aqua,MODIS,63,6.2,294.8,25.6,D,0
-25.5703,148.7404,329,4.2,1.9,2014-09-17,0312,Aqua,MODIS,80,6.2,304.7,161.7,D,0
-25.5674,148.7827,329.9,4.2,1.9,2014-09-17,0312,Aqua,MODIS,81,6.2,304.1,170.1,D,0
-26.2893,152.1955,322.1,2.4,1.5,2014-09-17,0312,Aqua,MODIS,50,6.2,305.8,40.5,D,0
-26.2826,152.19,320.6,2.4,1.5,2014-09-17,0312,Aqua,MODIS,59,6.2,306,35.8,D,0
-26.5619,152.3855,314,2.4,1.5,2014-09-17,0312,Aqua,MODIS,25,6.2,297.9,25.5,D,0
-24.8938,151.489,317.7,2.6,1.6,2014-09-17,0312,Aqua,MODIS,49,6.2,299.8,37.5,D,0
-25.1118,152.3845,319,2.3,1.5,2014-09-17,0312,Aqua,MODIS,67,6.2,299.7,33.2,D,0
-25.1173,152.3554,322.7,2.3,1.5,2014-09-17,0312,Aqua,MODIS,73,6.2,300.2,41.4,D,0
-25.114,152.3618,331.8,2.3,1.5,2014-09-17,0312,Aqua,MODIS,83,6.2,300.5,79.4,D,0
-24.8961,151.4621,316.3,2.6,1.6,2014-09-17,0312,Aqua,MODIS,34,6.2,301.2,30.9,D,0
-25.115,152.378,328.8,2.3,1.5,2014-09-17,0312,Aqua,MODIS,80,6.2,299.8,66.9,D,0
-26.2461,151.1013,320.6,2.9,1.6,2014-09-17,0312,Aqua,MODIS,57,6.2,302.8,45.7,D,0
-26.2338,151.0708,320.9,2.9,1.6,2014-09-17,0312,Aqua,MODIS,50,6.2,303.1,50.5,D,0
-26.2341,151.0664,322,2.9,1.6,2014-09-17,0312,Aqua,MODIS,29,6.2,303,52.9,D,0
-25.5816,148.7764,321.1,4.2,1.9,2014-09-17,0312,Aqua,MODIS,69,6.2,303.7,86.6,D,0
-27.3104,152.3473,319.8,2.4,1.5,2014-09-17,0312,Aqua,MODIS,70,6.2,301.2,41.4,D,0
-27.3125,152.3232,311.9,2.4,1.5,2014-09-17,0312,Aqua,MODIS,33,6.2,300.9,19.5,D,0
-26.9656,151.4554,319,2.8,1.6,2014-09-17,0312,Aqua,MODIS,68,6.2,307.5,30.6,D,0
-26.8076,150.4375,318.5,3.3,1.7,2014-09-17,0312,Aqua,MODIS,67,6.2,303.7,40.8,D,0
-26.8102,150.4039,329.9,3.3,1.7,2014-09-17,0312,Aqua,MODIS,82,6.2,305.7,111.1,D,0
-26.8128,150.4336,320.6,3.3,1.7,2014-09-17,0312,Aqua,MODIS,70,6.2,304.2,51.6,D,0
-26.8155,150.4,326.2,3.3,1.7,2014-09-17,0312,Aqua,MODIS,78,6.2,306.5,84.6,D,0
-25.5675,148.7327,318.8,4.2,1.9,2014-09-17,0312,Aqua,MODIS,59,6.2,305,72.4,D,0
-24.8899,151.4838,321.5,2.6,1.6,2014-09-17,0312,Aqua,MODIS,71,6.2,300.2,55.5,D,0
-24.4007,151.7282,322,2.5,1.5,2014-09-17,0312,Aqua,MODIS,71,6.2,302.7,43.2,D,0
-24.4032,151.7025,336.6,2.5,1.5,2014-09-17,0312,Aqua,MODIS,87,6.2,302.1,114.3,D,0
-26.0709,151.2168,331.3,2.8,1.6,2014-09-17,0312,Aqua,MODIS,82,6.2,304.1,106.8,D,0
-26.0734,151.1885,314,2.8,1.6,2014-09-17,0312,Aqua,MODIS,41,6.2,303.1,25.8,D,0
-25.5644,148.7752,327.8,4.2,1.9,2014-09-17,0312,Aqua,MODIS,79,6.2,303.9,147.5,D,0
-25.8986,150.9533,319.6,2.9,1.6,2014-09-17,0312,Aqua,MODIS,66,6.2,304.5,47.7,D,0
-23.7062,149.4133,323.3,3.6,1.8,2014-09-17,0313,Aqua,MODIS,71,6.2,302.5,87.9,D,0
-23.7092,149.3781,316.7,3.6,1.8,2014-09-17,0313,Aqua,MODIS,52,6.2,302.6,48,D,0
-23.6927,151.0804,315.5,2.7,1.6,2014-09-17,0313,Aqua,MODIS,41,6.2,300.6,29.4,D,0
-22.1855,149.3445,311.4,3.5,1.8,2014-09-17,0313,Aqua,MODIS,47,6.2,300.4,27.6,D,0
-24.0879,149.4443,323,3.6,1.8,2014-09-17,0313,Aqua,MODIS,71,6.2,304,75.9,D,0
-24.0957,149.4378,323.1,3.6,1.8,2014-09-17,0313,Aqua,MODIS,71,6.2,303.5,75.8,D,0
-23.7194,150.3127,318.7,3.1,1.7,2014-09-17,0313,Aqua,MODIS,56,6.2,303.1,39.5,D,0
-23.7043,150.3119,318.6,3.1,1.7,2014-09-17,0313,Aqua,MODIS,60,6.2,303.7,41.8,D,0
-26.0677,146.7649,315.1,4.4,1.9,2014-09-17,0450,Aqua,MODIS,51,6.2,302.3,52.6,D,0
-26.6416,139.3747,319.7,1.4,1.2,2014-09-17,0450,Aqua,MODIS,39,6.2,306.9,9.4,D,0
-26.0668,146.7688,316.1,4.4,1.9,2014-09-17,0450,Aqua,MODIS,58,6.2,302.3,62.6,D,0
-25.6708,147.1172,320.1,4.8,2,2014-09-17,0450,Aqua,MODIS,67,6.2,301,105.8,D,0
-25.6727,147.1089,316.6,4.8,2,2014-09-17,0450,Aqua,MODIS,56,6.2,300.8,73.7,D,0
-23.7027,146.1649,320.8,4.6,2,2014-09-17,0451,Aqua,MODIS,56,6.2,302.6,98.3,D,0
-23.7025,146.1728,319.9,4.6,2,2014-09-17,0451,Aqua,MODIS,52,6.2,302.4,94.1,D,0
-20.1468,128.1479,347.8,1.8,1.3,2014-09-17,0452,Aqua,MODIS,91,6.2,315.9,88.8,D,0
-20.147,128.2511,346.8,1.8,1.3,2014-09-17,0452,Aqua,MODIS,90,6.2,315.6,80.8,D,0
-20.1349,128.1464,373.6,1.8,1.3,2014-09-17,0452,Aqua,MODIS,100,6.2,320.4,254.3,D,0
-20.1586,128.1495,331.6,1.8,1.3,2014-09-17,0452,Aqua,MODIS,47,6.2,313.7,30.1,D,0
-20.2403,128.2357,334.9,1.8,1.3,2014-09-17,0452,Aqua,MODIS,74,6.2,311.7,43.1,D,0
-20.2168,128.2327,339.5,1.8,1.3,2014-09-17,0452,Aqua,MODIS,82,6.2,313.5,55.4,D,0
-20.205,128.2312,333.6,1.8,1.3,2014-09-17,0452,Aqua,MODIS,68,6.2,314.5,35.3,D,0
-18.3725,130.4096,331.5,1.2,1.1,2014-09-17,0453,Aqua,MODIS,60,6.2,318,12.5,D,0
-20.0864,128.2604,338.5,1.8,1.3,2014-09-17,0453,Aqua,MODIS,56,6.2,317,48.2,D,0
-16.1053,132.2275,329.2,1,1,2014-09-17,0453,Aqua,MODIS,33,6.2,299.2,14.8,D,0
-16.0822,132.1953,350.1,1,1,2014-09-17,0453,Aqua,MODIS,88,6.2,308.1,49.6,D,0
-16.0836,132.1859,344.8,1,1,2014-09-17,0453,Aqua,MODIS,90,6.2,307.8,40.3,D,0
-20.0982,128.2619,337.2,1.8,1.3,2014-09-17,0453,Aqua,MODIS,53,6.2,315.5,43.3,D,0
-20.0274,128.2988,333.9,1.7,1.3,2014-09-17,0453,Aqua,MODIS,40,6.2,316.4,27.8,D,0
-20.0682,128.253,345,1.8,1.3,2014-09-17,0453,Aqua,MODIS,88,6.2,319.8,71.1,D,0
-18.8222,129.8211,347.7,1.3,1.1,2014-09-17,0453,Aqua,MODIS,89,6.2,318.3,54.5,D,0
-18.8115,129.9084,340.5,1.3,1.1,2014-09-17,0453,Aqua,MODIS,74,6.2,318.1,31.1,D,0
-18.7684,130.1745,338.4,1.3,1.1,2014-09-17,0453,Aqua,MODIS,80,6.2,315.8,29.1,D,0
-18.7686,130.1812,330.7,1.3,1.1,2014-09-17,0453,Aqua,MODIS,49,6.2,315.5,12.6,D,0
-18.7586,130.1798,354.8,1.3,1.1,2014-09-17,0453,Aqua,MODIS,96,6.2,319.3,72.2,D,0
-18.371,130.4264,339.1,1.2,1.1,2014-09-17,0453,Aqua,MODIS,81,6.2,316.7,27.3,D,0
-18.6813,128.7004,336.3,1.6,1.2,2014-09-17,0453,Aqua,MODIS,52,6.2,321.1,27,D,0
-18.8341,129.8099,332.2,1.3,1.1,2014-09-17,0453,Aqua,MODIS,47,6.2,317.4,18.2,D,0
-18.8325,129.8225,333.9,1.3,1.1,2014-09-17,0453,Aqua,MODIS,40,6.2,319.5,20.5,D,0
-18.3725,130.415,354.3,1.2,1.1,2014-09-17,0453,Aqua,MODIS,96,6.2,318.4,67.4,D,0
-18.371,130.421,350.8,1.2,1.1,2014-09-17,0453,Aqua,MODIS,93,6.2,317.7,56.5,D,0
-18.8263,129.8726,339.1,1.3,1.1,2014-09-17,0453,Aqua,MODIS,79,6.2,318.3,29.1,D,0
-20.0897,128.2727,331.1,1.8,1.3,2014-09-17,0453,Aqua,MODIS,28,6.2,313.3,24,D,0
-20.0663,128.2698,335.8,1.8,1.3,2014-09-17,0453,Aqua,MODIS,65,6.2,315.2,36,D,0
-18.682,128.7073,345,1.6,1.2,2014-09-17,0453,Aqua,MODIS,86,6.2,319.7,53.9,D,0
-20.0156,128.2976,335.2,1.7,1.3,2014-09-17,0453,Aqua,MODIS,69,6.2,316.6,33.1,D,0
-18.6837,128.6925,349.2,1.6,1.2,2014-09-17,0453,Aqua,MODIS,92,6.2,322.1,68.3,D,0
-18.6794,128.7151,334,1.6,1.2,2014-09-17,0453,Aqua,MODIS,41,6.2,317.3,22.3,D,0
-20.0175,128.2808,334.9,1.7,1.3,2014-09-17,0453,Aqua,MODIS,66,6.2,315.4,29.8,D,0
-20.0917,128.2559,340.1,1.8,1.3,2014-09-17,0453,Aqua,MODIS,81,6.2,317.3,54.5,D,0
-18.1312,133.6174,339.9,1,1,2014-09-17,0453,Aqua,MODIS,82,6.2,318.6,21.9,D,0
-17.2211,138.3768,335.8,1.7,1.3,2014-09-17,0453,Aqua,MODIS,74,6.2,313.7,44.7,D,0
-17.2239,138.3606,332.6,1.7,1.3,2014-09-17,0453,Aqua,MODIS,63,6.2,310.7,38.3,D,0
-17.1951,138.3887,339.4,1.7,1.3,2014-09-17,0453,Aqua,MODIS,83,6.2,316.2,53.2,D,0
-17.0389,132.3799,372.7,1,1,2014-09-17,0453,Aqua,MODIS,100,6.2,314.1,113,D,0
-17.0427,132.4191,380.1,1,1,2014-09-17,0453,Aqua,MODIS,94,6.2,312.3,134.5,D,0
-16.7838,132.6296,363.2,1,1,2014-09-17,0453,Aqua,MODIS,100,6.2,315.3,79.9,D,0
-17.3278,138.4374,344.2,1.8,1.3,2014-09-17,0453,Aqua,MODIS,88,6.2,315.9,72.6,D,0
-17.3162,138.4352,349.1,1.8,1.3,2014-09-17,0453,Aqua,MODIS,92,6.2,312.6,96.8,D,0
-16.4237,132.5113,339.6,1,1,2014-09-17,0453,Aqua,MODIS,34,6.2,312.6,24.7,D,0
-15.1449,143.7257,325.2,4.8,2,2014-09-17,0453,Aqua,MODIS,69,6.2,299.4,130.2,D,0
-15.1371,143.7628,319.7,4.8,2,2014-09-17,0453,Aqua,MODIS,72,6.2,299,93.4,D,0
-15.1459,143.7181,320.5,4.8,2,2014-09-17,0453,Aqua,MODIS,73,6.2,299.4,91.7,D,0
-16.7335,132.66,335.6,1,1,2014-09-17,0453,Aqua,MODIS,61,6.2,315.9,15.7,D,0
-17.4264,138.3944,333.7,1.7,1.3,2014-09-17,0453,Aqua,MODIS,59,6.2,316.7,30.7,D,0
-17.3949,138.4388,333,1.7,1.3,2014-09-17,0453,Aqua,MODIS,25,6.2,317.4,27.5,D,0
-17.3833,138.4366,341.8,1.7,1.3,2014-09-17,0453,Aqua,MODIS,79,6.2,316.5,56.4,D,0
-17.3717,138.4344,340.8,1.7,1.3,2014-09-17,0453,Aqua,MODIS,73,6.2,314.3,51.7,D,0
-17.3774,138.4019,343.3,1.7,1.3,2014-09-17,0453,Aqua,MODIS,82,6.2,313.6,57.2,D,0
-17.3658,138.3998,355.1,1.7,1.3,2014-09-17,0453,Aqua,MODIS,96,6.2,315.6,111.3,D,0
-17.3686,138.3836,339.9,1.7,1.3,2014-09-17,0453,Aqua,MODIS,61,6.2,313.3,48.4,D,0
-17.3599,138.3654,354,1.7,1.3,2014-09-17,0453,Aqua,MODIS,96,6.2,310.8,114.6,D,0
-17.3708,138.3951,359.7,1.7,1.3,2014-09-17,0453,Aqua,MODIS,99,6.2,314,138.7,D,0
-17.3647,138.3606,336,1.7,1.3,2014-09-17,0453,Aqua,MODIS,57,6.2,309.7,41.6,D,0
-17.3394,138.4396,330.7,1.8,1.3,2014-09-17,0453,Aqua,MODIS,33,6.2,314.7,24,D,0
-17.3531,138.3585,346,1.7,1.3,2014-09-17,0453,Aqua,MODIS,90,6.2,309.1,79.1,D,0
-16.794,135.4123,334.7,1.2,1.1,2014-09-17,0453,Aqua,MODIS,49,6.2,317.2,17.4,D,0
-16.9508,132.0927,339.9,1,1,2014-09-17,0453,Aqua,MODIS,59,6.2,311.1,26.2,D,0
-16.9145,132.0872,342.8,1,1,2014-09-17,0453,Aqua,MODIS,69,6.2,313.6,31.3,D,0
-16.7752,132.0992,346.7,1,1,2014-09-17,0453,Aqua,MODIS,91,6.2,315.4,39,D,0
-16.7765,132.0897,330.8,1,1,2014-09-17,0453,Aqua,MODIS,30,6.2,309.9,14.7,D,0
-16.9691,132.0923,350.2,1,1,2014-09-17,0453,Aqua,MODIS,87,6.2,315,44,D,0
-16.9704,132.0827,383.7,1,1,2014-09-17,0453,Aqua,MODIS,100,6.2,317.8,155.4,D,0
-16.9718,132.0732,412.1,1,1,2014-09-17,0453,Aqua,MODIS,100,6.2,325.6,326.9,D,0
-17.0854,132.3774,343.2,1,1,2014-09-17,0453,Aqua,MODIS,67,6.2,314.2,34,D,0
-17.0867,132.368,368.7,1,1,2014-09-17,0453,Aqua,MODIS,100,6.2,319.1,98.5,D,0
-17.07,132.3558,349,1,1,2014-09-17,0453,Aqua,MODIS,93,6.2,314.3,44.3,D,0
-17.0713,132.3463,355.3,1,1,2014-09-17,0453,Aqua,MODIS,97,6.2,316.9,59.2,D,0
-16.4098,135.3223,344.4,1.2,1.1,2014-09-17,0453,Aqua,MODIS,73,6.2,317.1,31.6,D,0
-16.4003,135.3207,343.6,1.2,1.1,2014-09-17,0453,Aqua,MODIS,72,6.2,317.2,30.6,D,0
-16.4019,135.31,338.3,1.2,1.1,2014-09-17,0453,Aqua,MODIS,48,6.2,313.3,21,D,0
-16.3907,135.319,355,1.2,1.1,2014-09-17,0453,Aqua,MODIS,96,6.2,318.3,61.1,D,0
-16.3759,135.3329,334.4,1.2,1.1,2014-09-17,0453,Aqua,MODIS,34,6.2,318.8,12.1,D,0
-16.3884,135.3961,333.4,1.2,1.1,2014-09-17,0453,Aqua,MODIS,37,6.2,315.9,10.8,D,0
-16.3901,135.3853,336.4,1.2,1.1,2014-09-17,0453,Aqua,MODIS,57,6.2,319,14.8,D,0
-16.9731,132.0636,347.5,1,1,2014-09-17,0453,Aqua,MODIS,63,6.2,310.6,43.7,D,0
-16.9627,132.0718,353.7,1,1,2014-09-17,0453,Aqua,MODIS,95,6.2,306.8,54.7,D,0
-15.3471,141.6271,320.6,3.3,1.7,2014-09-17,0453,Aqua,MODIS,54,6.2,302.3,40.9,D,0
-18.3223,127.7618,330.6,1.8,1.3,2014-09-17,0453,Aqua,MODIS,68,6.2,314.5,24.9,D,0
-17.7545,130.922,332.2,1.1,1.1,2014-09-17,0453,Aqua,MODIS,71,6.2,317.8,13.9,D,0
-14.3981,142.1478,321.7,3.8,1.8,2014-09-17,0453,Aqua,MODIS,74,6.2,303.7,62.5,D,0
-15.3374,141.6201,324.4,3.3,1.7,2014-09-17,0453,Aqua,MODIS,55,6.2,304.1,62.5,D,0
-17.7588,130.9174,341.2,1.1,1.1,2014-09-17,0453,Aqua,MODIS,82,6.2,318.7,29.1,D,0
-18.7299,128.6837,337.5,1.6,1.2,2014-09-17,0453,Aqua,MODIS,31,6.2,316.6,28.2,D,0
-18.7597,128.7177,340.5,1.6,1.2,2014-09-17,0453,Aqua,MODIS,83,6.2,321.5,37.7,D,0
-18.7606,129.921,334.5,1.3,1.1,2014-09-17,0453,Aqua,MODIS,34,6.2,319.7,13.6,D,0
-18.7579,128.7324,350.6,1.6,1.2,2014-09-17,0453,Aqua,MODIS,93,6.2,320.1,76.5,D,0
-18.7595,128.7228,353.2,1.6,1.2,2014-09-17,0453,Aqua,MODIS,95,6.2,321.3,83.8,D,0
-18.7578,128.7375,343.2,1.6,1.2,2014-09-17,0453,Aqua,MODIS,85,6.2,319.4,46.4,D,0
-18.8004,128.7583,330.8,1.6,1.2,2014-09-17,0453,Aqua,MODIS,36,6.2,319,14.7,D,0
-18.7709,129.9224,343.4,1.3,1.1,2014-09-17,0453,Aqua,MODIS,80,6.2,322,33.8,D,0
-18.7693,129.9348,339,1.3,1.1,2014-09-17,0453,Aqua,MODIS,54,6.2,320.1,21.8,D,0
-18.7646,129.9717,334.8,1.3,1.1,2014-09-17,0453,Aqua,MODIS,50,6.2,320.5,16.9,D,0
-18.8031,129.9143,334.6,1.3,1.1,2014-09-17,0453,Aqua,MODIS,45,6.2,319.9,15.5,D,0
-18.7803,129.848,344.5,1.3,1.1,2014-09-17,0453,Aqua,MODIS,87,6.2,319.7,44.9,D,0
-18.77,129.8465,333.8,1.3,1.1,2014-09-17,0453,Aqua,MODIS,53,6.2,318,21.3,D,0
-18.7716,129.834,330.9,1.3,1.1,2014-09-17,0453,Aqua,MODIS,42,6.2,314,16.3,D,0
-18.6966,128.6792,341,1.6,1.2,2014-09-17,0453,Aqua,MODIS,44,6.2,320.9,38.4,D,0
-18.6948,128.694,362.7,1.6,1.2,2014-09-17,0453,Aqua,MODIS,100,6.2,322.5,132.8,D,0
-18.7763,129.961,341,1.3,1.1,2014-09-17,0453,Aqua,MODIS,62,6.2,320,30.5,D,0
-18.7894,128.7568,340.7,1.6,1.2,2014-09-17,0453,Aqua,MODIS,84,6.2,318.7,41.6,D,0
-16.2285,135.8911,333.8,1.2,1.1,2014-09-17,0453,Aqua,MODIS,72,6.2,318.6,14.5,D,0
-15.4118,135.7418,349.8,1.3,1.1,2014-09-17,0453,Aqua,MODIS,92,6.2,312.2,60.7,D,0
-14.3301,141.8874,341.8,3.6,1.8,2014-09-17,0453,Aqua,MODIS,91,6.2,302,238.9,D,0
-15.41,135.7536,345.7,1.3,1.1,2014-09-17,0453,Aqua,MODIS,89,6.2,311.5,49.5,D,0
-15.1562,143.58,321.5,4.7,2,2014-09-17,0453,Aqua,MODIS,54,6.2,298.9,89.5,D,0
-15.7867,136.2165,336.4,1.3,1.1,2014-09-17,0453,Aqua,MODIS,76,6.2,309.1,27.5,D,0
-15.1361,143.581,316.9,4.7,2,2014-09-17,0453,Aqua,MODIS,33,6.2,297.9,55.5,D,0
-14.5462,141.6689,324,3.5,1.8,2014-09-17,0453,Aqua,MODIS,77,6.2,300.7,67.3,D,0
-14.3553,141.8878,316.6,3.6,1.8,2014-09-17,0453,Aqua,MODIS,38,6.2,300.9,28.8,D,0
-16.3131,136.8406,328.9,1.4,1.2,2014-09-17,0453,Aqua,MODIS,40,6.2,309.2,15.1,D,0
-16.3153,136.8274,360.7,1.4,1.2,2014-09-17,0453,Aqua,MODIS,100,6.2,310.2,114.4,D,0
-16.3047,136.8255,354.2,1.4,1.2,2014-09-17,0453,Aqua,MODIS,96,6.2,315,84.6,D,0
-15.4218,135.7435,361.7,1.3,1.1,2014-09-17,0453,Aqua,MODIS,100,6.2,310.1,102.7,D,0
-16.3026,136.8387,351.6,1.4,1.2,2014-09-17,0453,Aqua,MODIS,94,6.2,312.2,76.6,D,0
-14.3461,141.8905,326.1,3.6,1.8,2014-09-17,0453,Aqua,MODIS,79,6.2,301.5,92.8,D,0
-16.2112,135.4771,334.4,1.2,1.1,2014-09-17,0453,Aqua,MODIS,74,6.2,320.1,15.5,D,0
-15.4015,135.7465,328.3,1.3,1.1,2014-09-17,0453,Aqua,MODIS,40,6.2,312.6,13.9,D,0
-16.2186,135.8894,337.5,1.2,1.1,2014-09-17,0453,Aqua,MODIS,79,6.2,316,22.9,D,0
-15.7847,136.2287,331.2,1.3,1.1,2014-09-17,0453,Aqua,MODIS,42,6.2,308.2,17.7,D,0
-15.0425,143.6913,317,4.8,2,2014-09-17,0453,Aqua,MODIS,67,6.2,296.9,75.1,D,0
-14.5306,141.6658,321.6,3.5,1.8,2014-09-17,0453,Aqua,MODIS,64,6.2,300.9,49.5,D,0
-14.5388,141.6722,333.1,3.5,1.8,2014-09-17,0453,Aqua,MODIS,85,6.2,301.5,134,D,0
-15.1537,143.5846,320.6,4.7,2,2014-09-17,0453,Aqua,MODIS,51,6.2,298.8,80.6,D,0
-15.7949,136.2304,328.8,1.3,1.1,2014-09-17,0453,Aqua,MODIS,13,6.2,309.9,12.8,D,0
-15.7872,136.2222,335.2,1.3,1.1,2014-09-17,0453,Aqua,MODIS,74,6.2,309.5,28.7,D,0
-14.4873,141.7234,318.8,3.5,1.8,2014-09-17,0453,Aqua,MODIS,51,6.2,302.8,36.7,D,0
-15.189,143.592,322.4,4.7,2,2014-09-17,0453,Aqua,MODIS,57,6.2,301.7,96.2,D,0
-15.3997,135.7584,330.4,1.3,1.1,2014-09-17,0453,Aqua,MODIS,60,6.2,310.4,18.6,D,0
-16.1963,136.8539,330.6,1.4,1.2,2014-09-17,0453,Aqua,MODIS,59,6.2,311.3,19.7,D,0
-15.4199,135.7552,328.3,1.3,1.1,2014-09-17,0453,Aqua,MODIS,46,6.2,309.4,13.6,D,0
-16.1985,136.8407,333.9,1.4,1.2,2014-09-17,0453,Aqua,MODIS,72,6.2,311.4,26.8,D,0
-14.3394,141.8846,333.3,3.6,1.8,2014-09-17,0453,Aqua,MODIS,85,6.2,302.1,149,D,0
-15.0435,143.684,315.6,4.8,2,2014-09-17,0453,Aqua,MODIS,48,6.2,297.1,58.3,D,0
-14.3332,141.9179,317.6,3.7,1.8,2014-09-17,0453,Aqua,MODIS,27,6.2,301.8,33.5,D,0
-15.1889,143.5995,320.8,4.7,2,2014-09-17,0453,Aqua,MODIS,66,6.2,302.1,85.4,D,0
-15.4,135.7519,336,1.3,1.1,2014-09-17,0453,Aqua,MODIS,76,6.2,312.4,26.6,D,0
-14.3234,141.8814,327.9,3.6,1.8,2014-09-17,0453,Aqua,MODIS,81,6.2,300.5,99.8,D,0
-14.389,142.1542,323.4,3.8,1.8,2014-09-17,0453,Aqua,MODIS,76,6.2,303.7,77.3,D,0
-16.0937,132.2449,390.8,1,1,2014-09-17,0453,Aqua,MODIS,0,6.2,306.5,192.4,D,0
-16.0924,132.2543,454.9,1,1,2014-09-17,0453,Aqua,MODIS,87,6.2,326.1,772.4,D,0
-16.091,132.2636,413.7,1,1,2014-09-17,0453,Aqua,MODIS,94,6.2,320.1,335.6,D,0
-16.0897,132.273,357.5,1,1,2014-09-17,0453,Aqua,MODIS,98,6.2,308.8,66.6,D,0
-16.0884,132.2823,342.8,1,1,2014-09-17,0453,Aqua,MODIS,73,6.2,301.9,34.4,D,0
-16.0871,132.2917,337.8,1,1,2014-09-17,0453,Aqua,MODIS,72,6.2,286.2,25.1,D,0
-16.104,132.2369,390.4,1,1,2014-09-17,0453,Aqua,MODIS,87,6.2,314.8,189.9,D,0
-16.1027,132.2463,412.1,1,1,2014-09-17,0453,Aqua,MODIS,94,6.2,322.8,324.6,D,0
-16.1014,132.2556,393,1,1,2014-09-17,0453,Aqua,MODIS,100,6.2,321.4,202.6,D,0
-16.1001,132.265,352.7,1,1,2014-09-17,0453,Aqua,MODIS,91,6.2,311.2,55.6,D,0
-16.1102,132.2531,323.9,1,1,2014-09-17,0453,Aqua,MODIS,11,6.2,305.7,7.4,D,0
-16.1089,132.2625,327,1,1,2014-09-17,0453,Aqua,MODIS,39,6.2,307.1,9.9,D,0
-16.2521,132.4248,338.7,1,1,2014-09-17,0453,Aqua,MODIS,62,6.2,306.5,26,D,0
-16.2404,132.4421,335.4,1,1,2014-09-17,0453,Aqua,MODIS,73,6.2,291.1,13.8,D,0
-16.2018,132.4552,340.6,1,1,2014-09-17,0453,Aqua,MODIS,76,6.2,317,16.6,D,0
-16.2595,132.4983,350.7,1,1,2014-09-17,0453,Aqua,MODIS,94,6.2,311.6,44,D,0
-16.2608,132.489,350.7,1,1,2014-09-17,0453,Aqua,MODIS,70,6.2,317.6,43.5,D,0
-16.2518,132.4915,383,1,1,2014-09-17,0453,Aqua,MODIS,94,6.2,312.9,149.9,D,0
-16.2582,132.5076,382.2,1,1,2014-09-17,0453,Aqua,MODIS,100,6.2,317.1,145.2,D,0
-16.2569,132.517,336.8,1,1,2014-09-17,0453,Aqua,MODIS,61,6.2,311.7,21,D,0
-16.2672,132.509,333.8,1,1,2014-09-17,0453,Aqua,MODIS,78,6.2,313.2,17.6,D,0
-16.3416,132.1759,347.8,1,1,2014-09-17,0453,Aqua,MODIS,92,6.2,305.5,40.2,D,0
-16.2738,132.4624,373,1,1,2014-09-17,0453,Aqua,MODIS,100,6.2,318.6,108.8,D,0
-16.1788,132.423,369.4,1,1,2014-09-17,0453,Aqua,MODIS,100,6.2,310.7,93,D,0
-16.2531,132.4822,405.2,1,1,2014-09-17,0453,Aqua,MODIS,100,6.2,325,268.4,D,0
-16.2545,132.4728,381.2,1,1,2014-09-17,0453,Aqua,MODIS,100,6.2,319,138.5,D,0
-16.2441,132.4808,387.7,1,1,2014-09-17,0453,Aqua,MODIS,100,6.2,313.8,165.9,D,0
-16.2428,132.4901,371.8,1,1,2014-09-17,0453,Aqua,MODIS,100,6.2,299.3,100.8,D,0
-16.2338,132.4887,349.2,1,1,2014-09-17,0453,Aqua,MODIS,52,6.2,304.6,31.9,D,0
-16.2351,132.4794,379.9,1,1,2014-09-17,0453,Aqua,MODIS,100,6.2,315.2,123.7,D,0
-16.1941,132.4445,391.7,1,1,2014-09-17,0453,Aqua,MODIS,100,6.2,319.7,179.7,D,0
-16.2751,132.453,354.7,1,1,2014-09-17,0453,Aqua,MODIS,97,6.2,314.2,56.7,D,0
-16.2764,132.4437,341.1,1,1,2014-09-17,0453,Aqua,MODIS,86,6.2,307.3,31.4,D,0
-16.2687,132.433,405.9,1,1,2014-09-17,0453,Aqua,MODIS,87,6.2,311,276.9,D,0
-16.1801,132.4137,384.4,1,1,2014-09-17,0453,Aqua,MODIS,94,6.2,311.4,154.8,D,0
-16.1814,132.4044,338.7,1,1,2014-09-17,0453,Aqua,MODIS,47,6.2,292.4,27.2,D,0
-16.1675,132.4338,340.3,1,1,2014-09-17,0453,Aqua,MODIS,83,6.2,311.3,23.2,D,0
-16.1741,132.3871,336.5,1,1,2014-09-17,0453,Aqua,MODIS,0,6.2,295.9,21.3,D,0
-16.1076,132.2718,327.9,1,1,2014-09-17,0453,Aqua,MODIS,23,6.2,307.8,10,D,0
-16.3216,132.3838,375.2,1,1,2014-09-17,0453,Aqua,MODIS,100,6.2,317.4,114.1,D,0
-16.3326,132.1746,358.1,1,1,2014-09-17,0453,Aqua,MODIS,98,6.2,306.2,65.4,D,0
-16.3203,132.3932,434.9,1,1,2014-09-17,0453,Aqua,MODIS,100,6.2,329.6,517.8,D,0
-16.319,132.4025,362.3,1,1,2014-09-17,0453,Aqua,MODIS,100,6.2,315.8,73.1,D,0
-16.1849,132.5098,356.1,1,1,2014-09-17,0453,Aqua,MODIS,74,6.2,291.3,52.2,D,0
-16.2365,132.4701,365.4,1,1,2014-09-17,0453,Aqua,MODIS,100,6.2,309.7,72.1,D,0
-16.1939,132.5111,353.4,1,1,2014-09-17,0453,Aqua,MODIS,51,6.2,317.9,43.9,D,0
-16.1062,132.2812,333.1,1,1,2014-09-17,0453,Aqua,MODIS,76,6.2,309.2,16.5,D,0
-16.1915,132.4631,358.9,1,1,2014-09-17,0453,Aqua,MODIS,99,6.2,316.7,55,D,0
-16.1928,132.4538,400.5,1,1,2014-09-17,0453,Aqua,MODIS,100,6.2,322.3,229.2,D,0
-16.3403,132.1854,357.9,1,1,2014-09-17,0453,Aqua,MODIS,98,6.2,309.3,63.7,D,0
-16.3306,132.3852,333.4,1,1,2014-09-17,0453,Aqua,MODIS,73,6.2,313.9,11.9,D,0
-16.2378,132.4607,363.2,1,1,2014-09-17,0453,Aqua,MODIS,94,6.2,307,66.8,D,0
-16.1862,132.5004,393.3,1,1,2014-09-17,0453,Aqua,MODIS,100,6.2,318.7,188.9,D,0
-16.1875,132.4911,348,1,1,2014-09-17,0453,Aqua,MODIS,76,6.2,316.7,29.3,D,0
-16.3293,132.3945,346.2,1,1,2014-09-17,0453,Aqua,MODIS,91,6.2,317.4,33.3,D,0
-16.2558,132.4635,351.7,1,1,2014-09-17,0453,Aqua,MODIS,60,6.2,315.7,46.1,D,0
-16.1049,132.2905,330.2,1,1,2014-09-17,0453,Aqua,MODIS,42,6.2,308.7,13.4,D,0
-16.2481,132.4528,367.4,1,1,2014-09-17,0453,Aqua,MODIS,94,6.2,308.7,89.8,D,0
-16.2494,132.4435,413.9,1,1,2014-09-17,0453,Aqua,MODIS,94,6.2,318.7,332.1,D,0
-16.2507,132.4341,428.5,1,1,2014-09-17,0453,Aqua,MODIS,100,6.2,327.7,456.9,D,0
-16.132,132.2947,324.1,1,1,2014-09-17,0453,Aqua,MODIS,26,6.2,306.2,6.7,D,0
-16.328,132.4039,345.9,1,1,2014-09-17,0453,Aqua,MODIS,90,6.2,318.8,33.6,D,0
-16.3267,132.4132,335.9,1,1,2014-09-17,0453,Aqua,MODIS,74,6.2,314.1,18.5,D,0
-16.3357,132.4146,339.1,1,1,2014-09-17,0453,Aqua,MODIS,80,6.2,316.2,22.9,D,0
-16.1954,132.4351,354.4,1,1,2014-09-17,0453,Aqua,MODIS,96,6.2,313.7,46,D,0
-16.361,132.4348,337.8,1,1,2014-09-17,0453,Aqua,MODIS,76,6.2,315.7,18.7,D,0
-16.3597,132.4441,354.1,1,1,2014-09-17,0453,Aqua,MODIS,96,6.2,314.5,51.5,D,0
-16.1968,132.4258,346.3,1,1,2014-09-17,0453,Aqua,MODIS,91,6.2,311.4,29.7,D,0
-16.3673,132.4548,340,1,1,2014-09-17,0453,Aqua,MODIS,48,6.2,314,23,D,0
-16.1891,132.4151,349.5,1,1,2014-09-17,0453,Aqua,MODIS,89,6.2,307.7,40.4,D,0
-14.9386,141.7074,323.8,3.4,1.7,2014-09-17,0453,Aqua,MODIS,65,6.2,304.6,43.7,D,0
-16.1994,132.4071,360.2,1,1,2014-09-17,0453,Aqua,MODIS,97,6.2,309.7,71.6,D,0
-16.1981,132.4165,350.6,1,1,2014-09-17,0453,Aqua,MODIS,94,6.2,309.9,42.1,D,0
-16.1904,132.4057,355.1,1,1,2014-09-17,0453,Aqua,MODIS,79,6.2,306.6,58.5,D,0
-16.1761,132.4417,342.2,1,1,2014-09-17,0453,Aqua,MODIS,67,6.2,312.5,24.4,D,0
-16.1774,132.4324,357,1,1,2014-09-17,0453,Aqua,MODIS,98,6.2,311.2,55.8,D,0
-12.3017,133.8209,330.4,1.1,1,2014-09-17,0454,Aqua,MODIS,61,6.2,311.3,12.8,D,0
-14.0684,133.706,344.6,1,1,2014-09-17,0454,Aqua,MODIS,87,6.2,312.6,36.9,D,0
-13.9683,135.2887,340.2,1.2,1.1,2014-09-17,0454,Aqua,MODIS,84,6.2,311.6,36.4,D,0
-14.0804,133.6882,373.2,1,1,2014-09-17,0454,Aqua,MODIS,100,6.2,317.2,117.7,D,0
-14.079,133.6979,344.6,1,1,2014-09-17,0454,Aqua,MODIS,87,6.2,312.6,35,D,0
-12.2975,132.864,334.9,1,1,2014-09-17,0454,Aqua,MODIS,47,6.2,316.9,14.6,D,0
-13.1409,132.2505,349,1,1,2014-09-17,0454,Aqua,MODIS,67,6.2,321.9,27.8,D,0
-13.1396,132.2596,360.3,1,1,2014-09-17,0454,Aqua,MODIS,100,6.2,321.4,57.6,D,0
-13.1486,132.261,347.4,1,1,2014-09-17,0454,Aqua,MODIS,70,6.2,321.3,28.2,D,0
-13.1473,132.2702,349.6,1,1,2014-09-17,0454,Aqua,MODIS,92,6.2,318.3,34.4,D,0
-14.0776,133.7075,392.8,1,1,2014-09-17,0454,Aqua,MODIS,100,6.2,321.4,207.5,D,0
-14.0761,133.7171,357.7,1,1,2014-09-17,0454,Aqua,MODIS,98,6.2,315.5,65.2,D,0
-14.4754,132.9496,332.4,1,1,2014-09-17,0454,Aqua,MODIS,66,6.2,318.1,9.8,D,0
-13.9712,135.3358,335,1.2,1.1,2014-09-17,0454,Aqua,MODIS,70,6.2,313.3,23.8,D,0
-13.973,135.3243,333.6,1.2,1.1,2014-09-17,0454,Aqua,MODIS,74,6.2,313.3,21.9,D,0
-14.0896,133.6897,343,1,1,2014-09-17,0454,Aqua,MODIS,76,6.2,312.5,32.2,D,0
-14.0727,133.6772,332.3,1,1,2014-09-17,0454,Aqua,MODIS,67,6.2,308.1,18.8,D,0
-14.0882,133.6994,350.7,1,1,2014-09-17,0454,Aqua,MODIS,93,6.2,315.6,46.4,D,0
-14.0867,133.709,351.1,1,1,2014-09-17,0454,Aqua,MODIS,74,6.2,318,44.8,D,0
-13.5573,135.1715,326.9,1.2,1.1,2014-09-17,0454,Aqua,MODIS,8,6.2,310.9,11.1,D,0
-13.6168,134.9205,349.1,1.2,1.1,2014-09-17,0454,Aqua,MODIS,92,6.2,316.5,50.3,D,0
-13.6185,134.9096,368,1.2,1.1,2014-09-17,0454,Aqua,MODIS,100,6.2,321.6,112.5,D,0
-13.6201,134.8988,343.1,1.2,1.1,2014-09-17,0454,Aqua,MODIS,86,6.2,319.4,34.3,D,0
-13.6104,134.8972,393.8,1.2,1.1,2014-09-17,0454,Aqua,MODIS,100,6.2,322.8,255.4,D,0
-13.6121,134.8864,334,1.2,1.1,2014-09-17,0454,Aqua,MODIS,65,6.2,314.3,19.9,D,0
-13.6426,134.9471,345.7,1.2,1.1,2014-09-17,0454,Aqua,MODIS,89,6.2,316.3,40.1,D,0
-13.096,132.2437,351.2,1,1,2014-09-17,0454,Aqua,MODIS,93,6.2,314.8,41.9,D,0
-13.0947,132.2528,386.2,1,1,2014-09-17,0454,Aqua,MODIS,100,6.2,322,156.5,D,0
-14.0552,135.846,323.7,1.3,1.1,2014-09-17,0454,Aqua,MODIS,45,6.2,304.3,14.5,D,0
-13.1206,132.2005,422.3,1,1,2014-09-17,0454,Aqua,MODIS,100,6.2,322.9,393.8,D,0
-13.1219,132.1914,337.5,1,1,2014-09-17,0454,Aqua,MODIS,70,6.2,311.8,21,D,0
-13.9747,135.313,331.5,1.2,1.1,2014-09-17,0454,Aqua,MODIS,72,6.2,312.6,18.6,D,0
-13.9666,135.3,392.8,1.2,1.1,2014-09-17,0454,Aqua,MODIS,100,6.2,319.3,266.5,D,0
-13.9567,135.2983,338.1,1.2,1.1,2014-09-17,0454,Aqua,MODIS,82,6.2,311.7,31.4,D,0
-14.0853,133.7186,349.5,1,1,2014-09-17,0454,Aqua,MODIS,60,6.2,319.1,40.3,D,0
-14.0838,133.7283,349.1,1.1,1,2014-09-17,0454,Aqua,MODIS,91,6.2,316.4,42.2,D,0
-14.0824,133.7379,349.7,1.1,1,2014-09-17,0454,Aqua,MODIS,86,6.2,315.1,43,D,0
-14.0973,133.7008,333.3,1,1,2014-09-17,0454,Aqua,MODIS,56,6.2,313.6,16.4,D,0
-14.0959,133.7104,343.4,1,1,2014-09-17,0454,Aqua,MODIS,80,6.2,317.9,30.7,D,0
-14.0979,133.7602,336.6,1.1,1,2014-09-17,0454,Aqua,MODIS,61,6.2,319,16.8,D,0
-14.1022,133.7312,336.6,1.1,1,2014-09-17,0454,Aqua,MODIS,69,6.2,319,14.7,D,0
-14.1036,133.7216,362.7,1,1,2014-09-17,0454,Aqua,MODIS,100,6.2,322.1,73.2,D,0
-14.1051,133.7119,383.5,1,1,2014-09-17,0454,Aqua,MODIS,100,6.2,321.7,156.1,D,0
-14.0887,133.7587,345.2,1.1,1,2014-09-17,0454,Aqua,MODIS,85,6.2,316.8,33.1,D,0
-14.0902,133.7489,355.7,1.1,1,2014-09-17,0454,Aqua,MODIS,97,6.2,319,55.8,D,0
-14.0916,133.7393,349.7,1.1,1,2014-09-17,0454,Aqua,MODIS,84,6.2,319,40.8,D,0
-14.093,133.7297,341.9,1.1,1,2014-09-17,0454,Aqua,MODIS,60,6.2,319,25,D,0
-14.0945,133.7201,358.5,1,1,2014-09-17,0454,Aqua,MODIS,98,6.2,320.7,60.4,D,0
-13.5566,135.1647,334.1,1.2,1.1,2014-09-17,0454,Aqua,MODIS,41,6.2,311.5,21.6,D,0
-13.9293,136.6347,333.8,1.5,1.2,2014-09-17,0454,Aqua,MODIS,79,6.2,303.9,40.9,D,0
-14.1609,133.7076,350.2,1,1,2014-09-17,0454,Aqua,MODIS,93,6.2,319.7,42.1,D,0
-14.1623,133.698,358.9,1,1,2014-09-17,0454,Aqua,MODIS,99,6.2,318.5,64.6,D,0
-14.1638,133.6883,334,1,1,2014-09-17,0454,Aqua,MODIS,72,6.2,316.2,13.4,D,0
-14.1502,133.7159,363.1,1,1,2014-09-17,0454,Aqua,MODIS,100,6.2,317.9,74.6,D,0
-14.1517,133.7062,379.6,1,1,2014-09-17,0454,Aqua,MODIS,100,6.2,325.1,137.3,D,0
-14.1531,133.6965,359.1,1,1,2014-09-17,0454,Aqua,MODIS,99,6.2,320,64.6,D,0
-13.7915,136.7038,324.2,1.5,1.2,2014-09-17,0454,Aqua,MODIS,41,6.2,303.6,20.1,D,0
-14.1546,133.6869,372.4,1,1,2014-09-17,0454,Aqua,MODIS,100,6.2,321.4,109.9,D,0
-14.1432,133.7081,386.7,1,1,2014-09-17,0454,Aqua,MODIS,100,6.2,319.1,170.9,D,0
-14.281,132.8311,328.6,1,1,2014-09-17,0454,Aqua,MODIS,39,6.2,314.9,6.2,D,0
-14.2823,132.8219,366.9,1,1,2014-09-17,0454,Aqua,MODIS,100,6.2,318.2,86,D,0
-14.0469,135.832,337.5,1.3,1.1,2014-09-17,0454,Aqua,MODIS,82,6.2,304.2,39.5,D,0
-14.0449,135.8442,333.1,1.3,1.1,2014-09-17,0454,Aqua,MODIS,77,6.2,305.5,29.9,D,0
-12.3111,133.8224,329.2,1.1,1,2014-09-17,0454,Aqua,MODIS,38,6.2,313.5,11.2,D,0
-12.3683,142.3321,321.9,4.3,1.9,2014-09-17,0454,Aqua,MODIS,19,6.2,300.5,67.8,D,0
-14.1497,132.3962,338,1,1,2014-09-17,0454,Aqua,MODIS,32,6.2,317.6,17.4,D,0
-12.3096,133.8323,339.3,1.1,1,2014-09-17,0454,Aqua,MODIS,82,6.2,312.1,27.9,D,0
-14.1408,132.3948,345.1,1,1,2014-09-17,0454,Aqua,MODIS,83,6.2,318,30,D,0
-14.1434,132.3764,340.3,1,1,2014-09-17,0454,Aqua,MODIS,66,6.2,318.6,19.2,D,0
-13.1488,132.1955,351.8,1,1,2014-09-17,0454,Aqua,MODIS,90,6.2,316.2,42.5,D,0
-13.1398,132.1941,342.5,1,1,2014-09-17,0454,Aqua,MODIS,46,6.2,314.9,25.4,D,0
-14.2837,132.8126,335.8,1,1,2014-09-17,0454,Aqua,MODIS,75,6.2,315.7,15.4,D,0
-14.1446,133.6984,419.4,1,1,2014-09-17,0454,Aqua,MODIS,100,6.2,335.2,394.3,D,0
-14.146,133.6888,401.9,1,1,2014-09-17,0454,Aqua,MODIS,100,6.2,335.9,260.9,D,0
-13.9585,135.287,325.6,1.2,1.1,2014-09-17,0454,Aqua,MODIS,31,6.2,308.5,9.4,D,0
-12.3066,132.8654,335.1,1,1,2014-09-17,0454,Aqua,MODIS,25,6.2,318.7,15.2,D,0
-12.2962,132.8734,333.9,1,1,2014-09-17,0454,Aqua,MODIS,41,6.2,317.5,12.3,D,0
-12.3129,133.8739,330.8,1.1,1,2014-09-17,0454,Aqua,MODIS,59,6.2,312.3,13.5,D,0
-12.3314,135.5394,327.9,1.3,1.1,2014-09-17,0454,Aqua,MODIS,55,6.2,306,15.7,D,0
-14.1354,133.697,395.8,1,1,2014-09-17,0454,Aqua,MODIS,100,6.2,314,223.5,D,0
-13.1475,132.2046,364,1,1,2014-09-17,0454,Aqua,MODIS,100,6.2,319.5,70.7,D,0
-13.1385,132.2033,347.8,1,1,2014-09-17,0454,Aqua,MODIS,66,6.2,318.1,32.7,D,0
-14.1369,133.6873,425.1,1,1,2014-09-17,0454,Aqua,MODIS,100,6.2,321.9,449.5,D,0
-13.7806,136.7019,330.6,1.5,1.2,2014-09-17,0454,Aqua,MODIS,0,6.2,301.2,32.4,D,0
-13.7829,136.6879,337.8,1.5,1.2,2014-09-17,0454,Aqua,MODIS,73,6.2,301.3,52.5,D,0
-13.78,136.6962,330.7,1.5,1.2,2014-09-17,0454,Aqua,MODIS,45,6.2,301.2,33.5,D,0
-14.1114,133.7327,345.6,1.1,1,2014-09-17,0454,Aqua,MODIS,88,6.2,318.9,29.2,D,0
-14.1128,133.723,381.4,1,1,2014-09-17,0454,Aqua,MODIS,100,6.2,321,142.8,D,0
-14.1142,133.7134,347.2,1,1,2014-09-17,0454,Aqua,MODIS,79,6.2,315.9,34.9,D,0
-12.9919,132.3242,338.1,1,1,2014-09-17,0454,Aqua,MODIS,78,6.2,320.2,14.9,D,0
-12.9906,132.3333,333.6,1,1,2014-09-17,0454,Aqua,MODIS,48,6.2,317.1,8.9,D,0
-14.0819,133.6786,373.2,1,1,2014-09-17,0454,Aqua,MODIS,100,6.2,314.5,119,D,0
-12.1683,135.3387,330.7,1.3,1.1,2014-09-17,0454,Aqua,MODIS,71,6.2,303.1,25.7,D,0
-13.3286,132.5408,337.5,1,1,2014-09-17,0454,Aqua,MODIS,78,6.2,318.3,17.2,D,0
-14.1383,133.6776,352.3,1,1,2014-09-17,0454,Aqua,MODIS,94,6.2,309.7,52.7,D,0
-12.1581,135.3371,330.9,1.3,1.1,2014-09-17,0454,Aqua,MODIS,71,6.2,302.7,25.5,D,0
-13.1269,132.2202,395.9,1,1,2014-09-17,0454,Aqua,MODIS,100,6.2,320.6,202.9,D,0
-14.1475,133.6791,399.4,1,1,2014-09-17,0454,Aqua,MODIS,100,6.2,331.9,246.8,D,0
-13.1295,132.2019,354.8,1,1,2014-09-17,0454,Aqua,MODIS,89,6.2,317.3,50.4,D,0
-13.1192,132.2097,398,1,1,2014-09-17,0454,Aqua,MODIS,100,6.2,315,219.2,D,0
-13.1306,132.2583,354.5,1,1,2014-09-17,0454,Aqua,MODIS,96,6.2,317.8,44,D,0
-13.1319,132.2491,359.5,1,1,2014-09-17,0454,Aqua,MODIS,99,6.2,318.8,55.1,D,0
-13.1333,132.2399,354,1,1,2014-09-17,0454,Aqua,MODIS,76,6.2,319.6,41.6,D,0
-13.1346,132.2308,362.4,1,1,2014-09-17,0454,Aqua,MODIS,95,6.2,321.4,62.7,D,0
-13.1243,132.2386,345.6,1,1,2014-09-17,0454,Aqua,MODIS,42,6.2,315.8,27.6,D,0
-13.1256,132.2294,385.1,1,1,2014-09-17,0454,Aqua,MODIS,100,6.2,318,149.3,D,0
-13.8874,132.1126,342,1,1,2014-09-17,0454,Aqua,MODIS,85,6.2,319.6,23.7,D,0
-13.8784,132.1113,341.3,1,1,2014-09-17,0454,Aqua,MODIS,84,6.2,319.4,21.3,D,0
-14.1671,133.7285,348.6,1,1,2014-09-17,0454,Aqua,MODIS,91,6.2,319.1,37.2,D,0
-14.1686,133.7188,339.4,1,1,2014-09-17,0454,Aqua,MODIS,81,6.2,318.1,18.6,D,0
-14.158,133.727,382.7,1,1,2014-09-17,0454,Aqua,MODIS,100,6.2,321.4,150.1,D,0
-14.1594,133.7173,368,1,1,2014-09-17,0454,Aqua,MODIS,100,6.2,321.3,91.2,D,0
-14.156,133.6773,374.9,1,1,2014-09-17,0454,Aqua,MODIS,100,6.2,318.8,120.6,D,0
-14.1165,132.3723,332,1,1,2014-09-17,0454,Aqua,MODIS,45,6.2,315.6,9,D,0
-13.1282,132.2111,391.8,1,1,2014-09-17,0454,Aqua,MODIS,100,6.2,320.8,181.8,D,0
-16.019,128.0861,351.9,1.6,1.2,2014-09-17,0454,Aqua,MODIS,95,6.2,311.2,93.3,D,0
-13.6908,130.2193,383.2,1.1,1.1,2014-09-17,0454,Aqua,MODIS,100,6.2,311.4,176.8,D,0
-13.6894,130.2295,377.9,1.1,1,2014-09-17,0454,Aqua,MODIS,100,6.2,312.9,149.5,D,0
-16.0636,128.0918,335.8,1.6,1.2,2014-09-17,0454,Aqua,MODIS,50,6.2,308.9,40.2,D,0
-16.0173,128.1005,341.5,1.6,1.2,2014-09-17,0454,Aqua,MODIS,80,6.2,313.3,48.7,D,0
-16.0914,128.1448,354.9,1.6,1.2,2014-09-17,0454,Aqua,MODIS,97,6.2,316,100.4,D,0
-16.0931,128.1304,344.8,1.6,1.2,2014-09-17,0454,Aqua,MODIS,64,6.2,312.4,62.3,D,0
-16.0917,128.1395,361.2,1.6,1.2,2014-09-17,0454,Aqua,MODIS,100,6.2,315.9,131.1,D,0
-16.0168,128.0941,349.3,1.6,1.2,2014-09-17,0454,Aqua,MODIS,93,6.2,313,76.5,D,0
-15.9946,128.0904,332.5,1.6,1.2,2014-09-17,0454,Aqua,MODIS,23,6.2,314.3,19.7,D,0
-15.9853,128.0742,340,1.6,1.2,2014-09-17,0454,Aqua,MODIS,46,6.2,314.8,41.4,D,0
-15.8735,127.4986,328.7,1.7,1.3,2014-09-17,0454,Aqua,MODIS,52,6.2,311.7,18,D,0
-15.9273,127.99,337.6,1.6,1.2,2014-09-17,0454,Aqua,MODIS,70,6.2,316.2,35.2,D,0
-14.3508,129.7985,329.4,1.2,1.1,2014-09-17,0454,Aqua,MODIS,71,6.2,295.9,23.2,D,0
-15.9667,128.0409,333.4,1.6,1.2,2014-09-17,0454,Aqua,MODIS,24,6.2,313.7,26.5,D,0
-15.9649,128.0558,333.7,1.6,1.2,2014-09-17,0454,Aqua,MODIS,46,6.2,314.1,25.3,D,0
-16.1121,127.5981,340.8,1.7,1.3,2014-09-17,0454,Aqua,MODIS,77,6.2,314.3,50.7,D,0
-16.1237,127.5997,335.5,1.7,1.3,2014-09-17,0454,Aqua,MODIS,57,6.2,311.8,35.8,D,0
-15.9456,127.6603,333.3,1.7,1.3,2014-09-17,0454,Aqua,MODIS,76,6.2,315,26,D,0
-13.6691,130.237,360.3,1.1,1,2014-09-17,0454,Aqua,MODIS,100,6.2,311.5,77,D,0
-13.6677,130.2471,357.9,1.1,1,2014-09-17,0454,Aqua,MODIS,98,6.2,310.6,67.4,D,0
-14.7776,126.7669,331.5,1.9,1.3,2014-09-17,0454,Aqua,MODIS,67,6.2,310.8,27.6,D,0
-12.3425,133.8683,346.6,1.1,1,2014-09-17,0454,Aqua,MODIS,90,6.2,310.6,43.7,D,0
-13.2882,134.5349,334.3,1.1,1.1,2014-09-17,0454,Aqua,MODIS,66,6.2,315.1,18,D,0
-13.5275,135.2886,339.1,1.3,1.1,2014-09-17,0454,Aqua,MODIS,74,6.2,312.1,29.1,D,0
-12.2705,133.9223,328.2,1.1,1,2014-09-17,0454,Aqua,MODIS,43,6.2,309.8,7.7,D,0
-14.6936,126.4959,349.5,2,1.4,2014-09-17,0454,Aqua,MODIS,93,6.2,308.9,120.7,D,0
-12.2802,133.8997,332.7,1.1,1,2014-09-17,0454,Aqua,MODIS,64,6.2,311.8,15.4,D,0
-12.2756,133.9299,334.1,1.1,1,2014-09-17,0454,Aqua,MODIS,32,6.2,311.7,15.9,D,0
-12.269,133.9324,340.5,1.1,1,2014-09-17,0454,Aqua,MODIS,83,6.2,312.4,28.2,D,0
-12.272,133.9122,328,1.1,1,2014-09-17,0454,Aqua,MODIS,28,6.2,310.4,7.9,D,0
-13.4143,135.1018,332.6,1.2,1.1,2014-09-17,0454,Aqua,MODIS,47,6.2,314.4,14.5,D,0
-12.215,134.1644,336.9,1.1,1.1,2014-09-17,0454,Aqua,MODIS,72,6.2,311.1,23.3,D,0
-12.2055,134.1629,339.4,1.1,1.1,2014-09-17,0454,Aqua,MODIS,81,6.2,310.3,29.3,D,0
-12.341,133.8784,352.3,1.1,1,2014-09-17,0454,Aqua,MODIS,94,6.2,311,56.3,D,0
-12.3189,133.8337,331.8,1.1,1,2014-09-17,0454,Aqua,MODIS,58,6.2,311.2,15.4,D,0
-12.3316,133.8768,366.2,1.1,1,2014-09-17,0454,Aqua,MODIS,100,6.2,314.2,97.5,D,0
-13.416,135.0906,337,1.2,1.1,2014-09-17,0454,Aqua,MODIS,67,6.2,315,23.8,D,0
-12.6532,132.8862,336.6,1,1,2014-09-17,0454,Aqua,MODIS,51,6.2,318.8,13.3,D,0
-12.2735,133.9022,332.9,1.1,1,2014-09-17,0454,Aqua,MODIS,59,6.2,311.5,15.5,D,0
-12.3237,133.8654,338.8,1.1,1,2014-09-17,0454,Aqua,MODIS,81,6.2,311.6,26.9,D,0
-12.3223,133.8754,345.1,1.1,1,2014-09-17,0454,Aqua,MODIS,88,6.2,313.2,38.9,D,0
-12.3331,133.8668,356.7,1.1,1,2014-09-17,0454,Aqua,MODIS,97,6.2,312.1,68.5,D,0
-12.6534,132.1827,333.4,1,1,2014-09-17,0454,Aqua,MODIS,58,6.2,314.9,11.9,D,0
-13.18,135.355,342.4,1.3,1.1,2014-09-17,0454,Aqua,MODIS,87,6.2,315.5,39.4,D,0
-12.742,135.0116,342.1,1.2,1.1,2014-09-17,0454,Aqua,MODIS,87,6.2,313.8,33.8,D,0
-13.1782,135.3666,336.2,1.3,1.1,2014-09-17,0454,Aqua,MODIS,79,6.2,315.9,24.7,D,0
-13.1901,135.3565,337,1.3,1.1,2014-09-17,0454,Aqua,MODIS,80,6.2,314.1,28.6,D,0
-13.1883,135.368,341.5,1.3,1.1,2014-09-17,0454,Aqua,MODIS,86,6.2,314.5,39.3,D,0
-12.2715,134.4053,333,1.2,1.1,2014-09-17,0454,Aqua,MODIS,73,6.2,313.6,16.6,D,0
-13.4695,135.1393,335.2,1.2,1.1,2014-09-17,0454,Aqua,MODIS,73,6.2,311.6,23.6,D,0
-13.5258,135.3001,348.1,1.3,1.1,2014-09-17,0454,Aqua,MODIS,91,6.2,314,51.7,D,0
-13.47,135.1337,331,1.2,1.1,2014-09-17,0454,Aqua,MODIS,60,6.2,312.1,15.5,D,0
-13.3057,134.5485,337.1,1.1,1.1,2014-09-17,0454,Aqua,MODIS,68,6.2,314.3,20.9,D,0
-12.8006,135.0264,356.4,1.2,1.1,2014-09-17,0454,Aqua,MODIS,97,6.2,316.8,76.4,D,0
-12.7925,135.0136,336,1.2,1.1,2014-09-17,0454,Aqua,MODIS,42,6.2,314.8,19.6,D,0
-12.7907,135.0248,340.5,1.2,1.1,2014-09-17,0454,Aqua,MODIS,85,6.2,317.2,30.5,D,0
-12.8024,135.0152,352.5,1.2,1.1,2014-09-17,0454,Aqua,MODIS,95,6.2,316.1,62.7,D,0
-12.7977,134.9799,335,1.2,1.1,2014-09-17,0454,Aqua,MODIS,49,6.2,312.5,20,D,0
-12.7994,134.9687,340.7,1.2,1.1,2014-09-17,0454,Aqua,MODIS,85,6.2,312.8,32.6,D,0
-12.2731,134.3947,329.9,1.2,1.1,2014-09-17,0454,Aqua,MODIS,51,6.2,313.1,10.1,D,0
-13.5369,135.1616,345.3,1.2,1.1,2014-09-17,0454,Aqua,MODIS,88,6.2,313,46.7,D,0
-12.707,132.8908,337,1,1,2014-09-17,0454,Aqua,MODIS,60,6.2,319.1,15.6,D,0
-13.5468,135.1632,346.6,1.2,1.1,2014-09-17,0454,Aqua,MODIS,90,6.2,314.6,49.3,D,0
-12.7083,132.8815,337.6,1,1,2014-09-17,0454,Aqua,MODIS,74,6.2,320.5,15.6,D,0
-13.5386,135.1506,329.5,1.2,1.1,2014-09-17,0454,Aqua,MODIS,46,6.2,309,15.4,D,0
-13.5484,135.1523,333.4,1.2,1.1,2014-09-17,0454,Aqua,MODIS,49,6.2,311.2,21.3,D,0
-13.4615,135.2539,335.4,1.2,1.1,2014-09-17,0454,Aqua,MODIS,76,6.2,313.6,22.9,D,0
-12.7174,132.8829,349,1,1,2014-09-17,0454,Aqua,MODIS,92,6.2,317.9,36.8,D,0
-12.8564,135.2655,327.9,1.3,1.1,2014-09-17,0454,Aqua,MODIS,52,6.2,311.8,10.2,D,0
-12.9016,135.6966,331.3,1.4,1.2,2014-09-17,0454,Aqua,MODIS,34,6.2,310.4,21.4,D,0
-12.3083,133.9041,328.4,1.1,1,2014-09-17,0454,Aqua,MODIS,49,6.2,313.1,9.1,D,0
-12.2932,133.3232,335.9,1.1,1,2014-09-17,0454,Aqua,MODIS,70,6.2,317.7,13.5,D,0
-12.2918,133.3328,332.5,1.1,1,2014-09-17,0454,Aqua,MODIS,54,6.2,316.7,8.1,D,0
-12.211,133.3243,333.3,1.1,1,2014-09-17,0454,Aqua,MODIS,64,6.2,317.8,10.6,D,0
-13.5329,143.1679,321.6,4.7,2,2014-09-17,0454,Aqua,MODIS,74,6.2,298.9,126.3,D,0
-13.4843,135.5692,341.5,1.3,1.1,2014-09-17,0454,Aqua,MODIS,85,6.2,309.6,45.7,D,0
-13.5245,143.2124,313.6,4.7,2,2014-09-17,0454,Aqua,MODIS,53,6.2,299,68,D,0
-13.5301,143.1731,324.4,4.7,2,2014-09-17,0454,Aqua,MODIS,77,6.2,299,154,D,0
-12.8913,135.6949,376.7,1.4,1.2,2014-09-17,0454,Aqua,MODIS,100,6.2,311.5,192.2,D,0
-13.1544,135.3868,330.7,1.3,1.1,2014-09-17,0454,Aqua,MODIS,45,6.2,313.8,13,D,0
-12.6108,131.6471,330.4,1,1,2014-09-17,0454,Aqua,MODIS,52,6.2,312.4,12.5,D,0
-12.8932,135.6826,335.5,1.3,1.2,2014-09-17,0454,Aqua,MODIS,54,6.2,310.5,28.5,D,0
-13.5992,143.1001,317.8,4.6,2,2014-09-17,0454,Aqua,MODIS,68,6.2,299.6,82.7,D,0
-13.6014,143.0956,314.9,4.6,2,2014-09-17,0454,Aqua,MODIS,53,6.2,299.3,55.8,D,0
-13.2855,134.1372,334.8,1.1,1,2014-09-17,0454,Aqua,MODIS,42,6.2,316.2,14.2,D,0
-13.6087,134.9081,372.5,1.2,1.1,2014-09-17,0454,Aqua,MODIS,100,6.2,316.8,133.6,D,0
-13.5311,135.2657,333.1,1.2,1.1,2014-09-17,0454,Aqua,MODIS,51,6.2,313.1,21.2,D,0
-13.5416,135.1968,329.3,1.2,1.1,2014-09-17,0454,Aqua,MODIS,21,6.2,312.2,13.5,D,0
-13.5399,135.2082,330.4,1.2,1.1,2014-09-17,0454,Aqua,MODIS,51,6.2,309.9,16.9,D,0
-13.1554,135.3804,330.3,1.3,1.1,2014-09-17,0454,Aqua,MODIS,30,6.2,315.4,11.7,D,0
-12.8848,135.6685,350.6,1.3,1.1,2014-09-17,0454,Aqua,MODIS,92,6.2,310.8,71.1,D,0
-12.3068,133.9141,329.2,1.1,1,2014-09-17,0454,Aqua,MODIS,54,6.2,311.5,10.1,D,0
-13.284,134.1473,356.6,1.1,1,2014-09-17,0454,Aqua,MODIS,97,6.2,318.6,62.4,D,0
-13.4062,135.089,362.8,1.2,1.1,2014-09-17,0454,Aqua,MODIS,100,6.2,316.7,97.3,D,0
-13.2934,134.1488,337,1.1,1,2014-09-17,0454,Aqua,MODIS,48,6.2,318,18.2,D,0
-13.4108,135.1242,351.2,1.2,1.1,2014-09-17,0454,Aqua,MODIS,94,6.2,315.7,57.5,D,0
-13.4387,135.1402,332.3,1.2,1.1,2014-09-17,0454,Aqua,MODIS,25,6.2,312.8,15.7,D,0
-12.8868,135.6562,348,1.3,1.1,2014-09-17,0454,Aqua,MODIS,92,6.2,312,60.2,D,0
-12.2568,141.8758,311,4,1.9,2014-09-17,0454,Aqua,MODIS,39,6.2,296.2,30.5,D,0
-12.2678,141.8703,313.3,4,1.9,2014-09-17,0454,Aqua,MODIS,57,6.2,296.5,42,D,0
-13.2888,134.1792,347.5,1.1,1,2014-09-17,0454,Aqua,MODIS,91,6.2,317.9,39.6,D,0
-13.2919,134.1589,338,1.1,1,2014-09-17,0454,Aqua,MODIS,51,6.2,317.7,19,D,0
-13.2872,134.1894,336.7,1.1,1,2014-09-17,0454,Aqua,MODIS,76,6.2,317,18.6,D,0
-12.8765,135.6544,353.7,1.3,1.1,2014-09-17,0454,Aqua,MODIS,96,6.2,304.6,83.2,D,0
-13.2903,134.169,345.2,1.1,1,2014-09-17,0454,Aqua,MODIS,83,6.2,317.2,32.3,D,0
-14.9909,134.6259,338,1.1,1.1,2014-09-17,0454,Aqua,MODIS,80,6.2,319.3,19.5,D,0
-12.3996,142.0605,337.1,4.1,1.9,2014-09-17,0454,Aqua,MODIS,88,6.2,299.9,224.9,D,0
-14.2563,141.7995,365.2,3.6,1.8,2014-09-17,0454,Aqua,MODIS,100,6.2,300,585.1,D,0
-13.1547,142.8488,319.6,4.5,2,2014-09-17,0454,Aqua,MODIS,68,6.2,300.4,74.1,D,0
-14.3955,134.3593,402.7,1.1,1,2014-09-17,0454,Aqua,MODIS,100,6.2,326.9,280.2,D,0
-12.518,142.0147,325.8,4.1,1.9,2014-09-17,0454,Aqua,MODIS,54,6.2,299.2,94.8,D,0
-14.9924,134.6156,347.1,1.1,1.1,2014-09-17,0454,Aqua,MODIS,90,6.2,318,37.3,D,0
-12.3541,142.3371,320.1,4.3,1.9,2014-09-17,0454,Aqua,MODIS,20,6.2,302.9,56.9,D,0
-14.4241,134.3396,346.7,1.1,1,2014-09-17,0454,Aqua,MODIS,90,6.2,319.3,36.3,D,0
-14.3783,134.3461,454.9,1.1,1,2014-09-17,0454,Aqua,MODIS,100,6.2,339.4,873.4,D,0
-14.3831,134.378,360.6,1.1,1,2014-09-17,0454,Aqua,MODIS,98,6.2,313.8,76.3,D,0
-12.3777,142.0256,319.2,4.1,1.9,2014-09-17,0454,Aqua,MODIS,39,6.2,298.1,56.1,D,0
-14.7605,134.8643,351.3,1.1,1.1,2014-09-17,0454,Aqua,MODIS,94,6.2,315.6,56.7,D,0
-14.4173,134.3422,344.5,1.1,1,2014-09-17,0454,Aqua,MODIS,88,6.2,318.4,34.3,D,0
-14.3846,134.3679,422.2,1.1,1,2014-09-17,0454,Aqua,MODIS,100,6.2,326.3,453.4,D,0
-14.9216,134.5346,344,1.1,1,2014-09-17,0454,Aqua,MODIS,87,6.2,317.2,31.4,D,0
-12.5042,142.017,323.3,4.1,1.9,2014-09-17,0454,Aqua,MODIS,55,6.2,298,80.2,D,0
-12.5208,142.0203,324,4.1,1.9,2014-09-17,0454,Aqua,MODIS,59,6.2,299.5,85.2,D,0
-13.0014,142.9799,314.8,4.7,2,2014-09-17,0454,Aqua,MODIS,51,6.2,300.5,58,D,0
-14.3768,134.3563,421.4,1.1,1,2014-09-17,0454,Aqua,MODIS,100,6.2,322.2,450.1,D,0
-13.1538,142.8406,319,4.5,2,2014-09-17,0454,Aqua,MODIS,69,6.2,300.6,68.1,D,0
-14.44,134.4879,333.1,1.1,1.1,2014-09-17,0454,Aqua,MODIS,29,6.2,314.3,12.9,D,0
-14.4428,134.3427,341.6,1.1,1,2014-09-17,0454,Aqua,MODIS,85,6.2,319.7,24.1,D,0
-14.4413,134.3529,340.8,1.1,1,2014-09-17,0454,Aqua,MODIS,84,6.2,319.6,22.3,D,0
-14.279,135.0616,336.9,1.2,1.1,2014-09-17,0454,Aqua,MODIS,81,6.2,314.7,24,D,0
-14.3877,134.3477,390,1.1,1,2014-09-17,0454,Aqua,MODIS,100,6.2,328.7,206.7,D,0
-14.9294,134.5462,338.7,1.1,1,2014-09-17,0454,Aqua,MODIS,78,6.2,316.8,19.8,D,0
-14.3833,134.4406,353.2,1.1,1,2014-09-17,0454,Aqua,MODIS,90,6.2,319.5,48.7,D,0
-14.3798,134.336,377.3,1.1,1,2014-09-17,0454,Aqua,MODIS,100,6.2,317.9,145.5,D,0
-12.6165,135.5556,358.6,1.3,1.1,2014-09-17,0454,Aqua,MODIS,99,6.2,308.3,99,D,0
-14.4226,134.3497,338.9,1.1,1,2014-09-17,0454,Aqua,MODIS,70,6.2,318.5,19.5,D,0
-14.3754,134.429,355.5,1.1,1,2014-09-17,0454,Aqua,MODIS,90,6.2,320.4,57.4,D,0
-12.8741,132.507,340.5,1,1,2014-09-17,0454,Aqua,MODIS,75,6.2,317.6,25.5,D,0
-14.9752,134.6022,340.9,1.1,1.1,2014-09-17,0454,Aqua,MODIS,65,6.2,319.3,22.1,D,0
-14.3861,134.3578,411.2,1.1,1,2014-09-17,0454,Aqua,MODIS,100,6.2,330.2,353.5,D,0
-14.4648,134.3879,333.4,1.1,1,2014-09-17,0454,Aqua,MODIS,72,6.2,319.3,10.5,D,0
-14.394,134.3694,416.9,1.1,1,2014-09-17,0454,Aqua,MODIS,100,6.2,336.9,395.7,D,0
-14.2721,141.8027,329.8,3.6,1.8,2014-09-17,0454,Aqua,MODIS,76,6.2,299.6,121,D,0
-12.4111,142.0319,325.1,4.1,1.9,2014-09-17,0454,Aqua,MODIS,71,6.2,299.1,98.4,D,0
-12.3467,142.3764,322,4.3,1.9,2014-09-17,0454,Aqua,MODIS,53,6.2,301.8,67.1,D,0
-14.3925,134.3795,380.1,1.1,1,2014-09-17,0454,Aqua,MODIS,100,6.2,323.3,146.3,D,0
-14.4659,134.2538,330.4,1.1,1,2014-09-17,0454,Aqua,MODIS,57,6.2,316.4,9,D,0
-14.4305,134.4864,345.5,1.1,1.1,2014-09-17,0454,Aqua,MODIS,89,6.2,315.9,36.2,D,0
-14.2977,141.8419,321.4,3.6,1.8,2014-09-17,0454,Aqua,MODIS,73,6.2,299.5,59.5,D,0
-14.4494,134.4894,333,1.1,1.1,2014-09-17,0454,Aqua,MODIS,37,6.2,316,12.8,D,0
-14.2659,141.8356,340.1,3.6,1.8,2014-09-17,0454,Aqua,MODIS,90,6.2,299.8,215.5,D,0
-14.9846,134.6039,339.5,1.1,1.1,2014-09-17,0454,Aqua,MODIS,55,6.2,318.9,20.4,D,0
-14.3988,134.4014,346.4,1.1,1,2014-09-17,0454,Aqua,MODIS,54,6.2,318.7,28.1,D,0
-14.9861,134.5936,337.2,1.1,1.1,2014-09-17,0454,Aqua,MODIS,66,6.2,318.1,17.7,D,0
-14.4049,134.3608,361.7,1.1,1,2014-09-17,0454,Aqua,MODIS,100,6.2,317.9,74.8,D,0
-14.9168,134.5024,344.9,1.1,1,2014-09-17,0454,Aqua,MODIS,83,6.2,314.8,31.3,D,0
-12.2301,133.2587,331.7,1,1,2014-09-17,0454,Aqua,MODIS,66,6.2,316.1,10.6,D,0
-12.6146,135.5678,349.2,1.3,1.1,2014-09-17,0454,Aqua,MODIS,93,6.2,311.6,65.1,D,0
-14.3912,134.4524,351,1.1,1.1,2014-09-17,0454,Aqua,MODIS,89,6.2,318,45.8,D,0
-14.5249,134.3413,332.4,1.1,1,2014-09-17,0454,Aqua,MODIS,59,6.2,316.2,11.5,D,0
-14.4034,134.3709,392.7,1.1,1,2014-09-17,0454,Aqua,MODIS,100,6.2,321.1,213.4,D,0
-12.6116,134.3337,328,1.1,1.1,2014-09-17,0454,Aqua,MODIS,55,6.2,313.2,7.8,D,0
-12.999,142.9841,315.4,4.7,2,2014-09-17,0454,Aqua,MODIS,25,6.2,300.5,58.7,D,0
-14.9105,134.4807,338.3,1.1,1,2014-09-17,0454,Aqua,MODIS,76,6.2,314,24.2,D,0
-14.4227,134.4747,342.7,1.1,1.1,2014-09-17,0454,Aqua,MODIS,77,6.2,317.4,28.8,D,0
-14.2773,135.0725,328.7,1.2,1.1,2014-09-17,0454,Aqua,MODIS,56,6.2,312.6,10.5,D,0
-14.9783,134.5818,333.8,1.1,1,2014-09-17,0454,Aqua,MODIS,39,6.2,318.2,11.7,D,0
-14.3973,134.4115,357.4,1.1,1,2014-09-17,0454,Aqua,MODIS,98,6.2,321,56.6,D,0
-14.3927,134.4422,344.3,1.1,1,2014-09-17,0454,Aqua,MODIS,34,6.2,320.7,27.5,D,0
-14.4006,134.4539,337.2,1.1,1.1,2014-09-17,0454,Aqua,MODIS,34,6.2,319.9,17.8,D,0
-12.2287,133.2683,330.2,1,1,2014-09-17,0454,Aqua,MODIS,60,6.2,314.9,8.1,D,0
-12.4063,142.0233,321.7,4.1,1.9,2014-09-17,0454,Aqua,MODIS,60,6.2,299.3,72.7,D,0
-14.9089,134.4907,341.3,1.1,1,2014-09-17,0454,Aqua,MODIS,79,6.2,313.2,29.1,D,0
-12.4042,142.0693,327.9,4.1,1.9,2014-09-17,0454,Aqua,MODIS,81,6.2,299.9,124.8,D,0
-14.931,134.5361,339.4,1.1,1,2014-09-17,0454,Aqua,MODIS,80,6.2,318.5,21.3,D,0
-14.9923,134.5527,330.1,1.1,1,2014-09-17,0454,Aqua,MODIS,44,6.2,316.5,6.8,D,0
-14.8887,134.5607,333.6,1.1,1,2014-09-17,0454,Aqua,MODIS,9,6.2,318.2,11,D,0
-14.2472,141.7898,335.2,3.6,1.8,2014-09-17,0454,Aqua,MODIS,80,6.2,295.6,171.8,D,0
-14.4188,134.332,336.7,1.1,1,2014-09-17,0454,Aqua,MODIS,79,6.2,317.7,19.6,D,0
-14.4321,134.4762,383.1,1.1,1.1,2014-09-17,0454,Aqua,MODIS,100,6.2,322.9,167.2,D,0
-14.8965,134.5724,335.3,1.1,1.1,2014-09-17,0454,Aqua,MODIS,45,6.2,318,13.9,D,0
-14.2289,141.8893,334.1,3.7,1.8,2014-09-17,0454,Aqua,MODIS,80,6.2,302.4,156.2,D,0
-14.2226,141.923,323.9,3.7,1.8,2014-09-17,0454,Aqua,MODIS,46,6.2,301.7,74.9,D,0
-14.2571,141.8259,355.5,3.6,1.8,2014-09-17,0454,Aqua,MODIS,98,6.2,299.8,413.9,D,0
-14.2213,141.8958,337.4,3.7,1.8,2014-09-17,0454,Aqua,MODIS,87,6.2,302.1,183.2,D,0
-14.2631,141.793,346.3,3.6,1.8,2014-09-17,0454,Aqua,MODIS,93,6.2,299.9,285,D,0
-11.7213,130.1059,326.5,1.1,1,2014-09-17,0455,Aqua,MODIS,58,6.2,305.9,14.2,D,0
-11.7679,130.1126,322.7,1.1,1,2014-09-17,0455,Aqua,MODIS,45,6.2,305.6,10,D,0
-11.7227,130.0961,323.4,1.1,1,2014-09-17,0455,Aqua,MODIS,45,6.2,305.6,9.3,D,0
-11.5282,132.8976,339.2,1,1,2014-09-17,0455,Aqua,MODIS,89,6.2,309.9,28.2,D,0
-11.2617,132.3293,330.7,1,1,2014-09-17,0455,Aqua,MODIS,28,6.2,310.4,12.3,D,0
-11.5261,132.8492,331.8,1,1,2014-09-17,0455,Aqua,MODIS,84,6.2,311.5,13.4,D,0
-11.4055,130.4656,330.9,1,1,2014-09-17,0455,Aqua,MODIS,57,6.2,310.2,15.8,D,0
-11.5205,132.8868,324.4,1,1,2014-09-17,0455,Aqua,MODIS,48,6.2,308.7,7.1,D,0
-11.5296,132.8882,344.2,1,1,2014-09-17,0455,Aqua,MODIS,92,6.2,311.2,36.4,D,0
-11.5219,132.8774,340.3,1,1,2014-09-17,0455,Aqua,MODIS,90,6.2,310.2,29,D,0
-11.5247,132.8586,338.2,1,1,2014-09-17,0455,Aqua,MODIS,89,6.2,311.8,24,D,0
-11.5233,132.868,341.2,1,1,2014-09-17,0455,Aqua,MODIS,90,6.2,311.8,29.4,D,0
-11.3848,132.1103,339.6,1,1,2014-09-17,0455,Aqua,MODIS,85,6.2,312.4,24.3,D,0
-11.3861,132.1012,347.3,1,1,2014-09-17,0455,Aqua,MODIS,91,6.2,312,37.9,D,0
-11.5956,131.2167,336.1,1,1,2014-09-17,0455,Aqua,MODIS,53,6.2,310.6,19.9,D,0
-11.5969,131.2075,331.9,1,1,2014-09-17,0455,Aqua,MODIS,34,6.2,311.5,13.6,D,0
-11.3964,132.0934,330.9,1,1,2014-09-17,0455,Aqua,MODIS,73,6.2,311.2,12.1,D,0
-11.6059,131.2089,325.5,1,1,2014-09-17,0455,Aqua,MODIS,30,6.2,308.4,7.5,D,0
-11.6072,131.1997,328.1,1,1,2014-09-17,0455,Aqua,MODIS,64,6.2,310.3,10.4,D,0
-11.4846,130.8958,331.9,1,1,2014-09-17,0455,Aqua,MODIS,55,6.2,309.1,15.1,D,0
-11.5647,131.2403,337,1,1,2014-09-17,0455,Aqua,MODIS,60,6.2,310.6,20.6,D,0
-11.5548,131.2416,329.5,1,1,2014-09-17,0455,Aqua,MODIS,26,6.2,309.3,10.6,D,0
-11.5458,131.2402,335.6,1,1,2014-09-17,0455,Aqua,MODIS,68,6.2,310.3,18.9,D,0
-11.5265,131.2467,338.5,1,1,2014-09-17,0455,Aqua,MODIS,76,6.2,308.9,25.4,D,0
-11.5278,131.2376,333.1,1,1,2014-09-17,0455,Aqua,MODIS,36,6.2,312.7,15.6,D,0
-11.5175,131.2454,343.3,1,1,2014-09-17,0455,Aqua,MODIS,89,6.2,308.8,34.6,D,0
-11.5188,131.2362,350.4,1,1,2014-09-17,0455,Aqua,MODIS,94,6.2,310.8,47,D,0
-11.52,131.2271,333.8,1,1,2014-09-17,0455,Aqua,MODIS,55,6.2,312.3,15.2,D,0
-11.511,131.2257,342.8,1,1,2014-09-17,0455,Aqua,MODIS,78,6.2,310.5,30.9,D,0
-11.5123,131.2166,345.5,1,1,2014-09-17,0455,Aqua,MODIS,90,6.2,310.5,34,D,0
-11.4943,131.2139,344.2,1,1,2014-09-17,0455,Aqua,MODIS,89,6.2,311.3,34.8,D,0
-11.4956,131.2047,329.7,1,1,2014-09-17,0455,Aqua,MODIS,24,6.2,312.7,12,D,0
-11.2694,132.3399,332.1,1,1,2014-09-17,0455,Aqua,MODIS,44,6.2,313,13.4,D,0
-33.7436,115.5212,377.7,1.2,1.1,2014-09-17,0627,Aqua,MODIS,100,6.2,300,177.5,D,0
-33.7457,115.5085,379.5,1.2,1.1,2014-09-17,0627,Aqua,MODIS,100,6.2,304.5,185.7,D,0
-33.7554,115.5108,344.1,1.2,1.1,2014-09-17,0627,Aqua,MODIS,93,6.2,300.2,58.3,D,0
-34.8452,117.7702,377.1,1.5,1.2,2014-09-17,0627,Aqua,MODIS,87,6.2,288.9,249,D,0
-34.8482,117.7543,337.3,1.5,1.2,2014-09-17,0627,Aqua,MODIS,79,6.2,283.2,69.1,D,0
-33.722,115.5238,339.5,1.2,1.1,2014-09-17,0627,Aqua,MODIS,91,6.2,297.1,50.6,D,0
-33.7199,115.5364,311.4,1.2,1.1,2014-09-17,0627,Aqua,MODIS,60,6.2,295.3,9.6,D,0
-33.4075,116.3809,319.4,1.3,1.1,2014-09-17,0627,Aqua,MODIS,33,6.2,295,19.6,D,0
-33.7533,115.5236,347.6,1.2,1.1,2014-09-17,0627,Aqua,MODIS,95,6.2,298,67.7,D,0
-33.7338,115.5189,333.9,1.2,1.1,2014-09-17,0627,Aqua,MODIS,88,6.2,295.5,36.6,D,0
-33.7339,115.5134,316.7,1.2,1.1,2014-09-17,0627,Aqua,MODIS,76,6.2,295.6,14.2,D,0
-33.7479,115.4959,314.4,1.2,1.1,2014-09-17,0627,Aqua,MODIS,42,6.2,299.7,10.3,D,0
-33.7317,115.5316,318.2,1.2,1.1,2014-09-17,0627,Aqua,MODIS,32,6.2,294.3,14.8,D,0
-33.7317,115.5261,327.2,1.2,1.1,2014-09-17,0627,Aqua,MODIS,84,6.2,295,28.2,D,0
-31.6322,115.78,322.4,1.3,1.1,2014-09-17,0628,Aqua,MODIS,74,6.2,290.7,25.2,D,0
-31.6346,115.7663,316.4,1.3,1.1,2014-09-17,0628,Aqua,MODIS,63,6.2,292.5,16.5,D,0
-31.6012,115.7156,311.5,1.3,1.1,2014-09-17,0628,Aqua,MODIS,36,6.2,293.4,10.8,D,0
-32.1323,116.2515,342.8,1.4,1.2,2014-09-17,0628,Aqua,MODIS,88,6.2,286.1,69.1,D,0
-32.2917,116.0624,307.7,1.3,1.1,2014-09-17,0628,Aqua,MODIS,34,6.2,293.7,8.9,D,0
-32.5866,116.4879,311.7,1.4,1.2,2014-09-17,0628,Aqua,MODIS,65,6.2,292.6,12.9,D,0
-32.5892,116.4734,339.8,1.4,1.2,2014-09-17,0628,Aqua,MODIS,91,6.2,294,64.4,D,0
-32.5788,116.4708,328.6,1.4,1.2,2014-09-17,0628,Aqua,MODIS,84,6.2,292.7,37.7,D,0
-32.1194,116.2629,381.6,1.4,1.2,2014-09-17,0628,Aqua,MODIS,100,6.2,287.2,241.2,D,0
-32.1297,116.2655,339.9,1.4,1.2,2014-09-17,0628,Aqua,MODIS,49,6.2,283.8,58.6,D,0
-32.5918,116.4591,308.1,1.4,1.2,2014-09-17,0628,Aqua,MODIS,46,6.2,292.7,8.1,D,0
-32.5814,116.4564,331.5,1.4,1.2,2014-09-17,0628,Aqua,MODIS,86,6.2,295.3,43.8,D,0
-32.1504,116.2708,336,1.4,1.2,2014-09-17,0628,Aqua,MODIS,88,6.2,286.4,54,D,0
-32.1529,116.2567,321.8,1.4,1.2,2014-09-17,0628,Aqua,MODIS,76,6.2,284.4,27.7,D,0
-32.14,116.2682,345.9,1.4,1.2,2014-09-17,0628,Aqua,MODIS,91,6.2,284.5,78.3,D,0
-32.1426,116.2541,328.6,1.4,1.2,2014-09-17,0628,Aqua,MODIS,63,6.2,285.1,36.8,D,0
-32.122,116.2488,342.9,1.4,1.2,2014-09-17,0628,Aqua,MODIS,92,6.2,286.3,69.9,D,0
-32.1204,116.2872,336.6,1.4,1.2,2014-09-17,0628,Aqua,MODIS,80,6.2,280.3,53.8,D,0
-32.1168,116.277,352.8,1.4,1.2,2014-09-17,0628,Aqua,MODIS,74,6.2,280.4,98.1,D,0
-32.1272,116.2796,338.7,1.4,1.2,2014-09-17,0628,Aqua,MODIS,75,6.2,281.9,58.5,D,0
-32.1246,116.2936,319.2,1.4,1.2,2014-09-17,0628,Aqua,MODIS,63,6.2,279.7,22.4,D,0
-32.1229,116.2732,358.6,1.4,1.2,2014-09-17,0628,Aqua,MODIS,93,6.2,284.1,121.8,D,0
-32.1254,116.259,354.9,1.4,1.2,2014-09-17,0628,Aqua,MODIS,95,6.2,286.9,106.1,D,0
-32.1279,116.2449,325,1.4,1.2,2014-09-17,0628,Aqua,MODIS,39,6.2,286.7,29.5,D,0
-32.1151,116.2563,332.2,1.4,1.2,2014-09-17,0628,Aqua,MODIS,80,6.2,283,44.6,D,0
-32.1176,116.2422,316.7,1.4,1.2,2014-09-17,0628,Aqua,MODIS,69,6.2,284.1,19.9,D,0
-32.063,116.0662,325.9,1.3,1.1,2014-09-17,0628,Aqua,MODIS,56,6.2,290.3,28.5,D,0
-32.1126,116.2704,340.2,1.4,1.2,2014-09-17,0628,Aqua,MODIS,68,6.2,279.3,63.3,D,0
-32.0644,116.0742,326,1.3,1.1,2014-09-17,0628,Aqua,MODIS,45,6.2,291.7,28.7,D,0
-22.7668,118.1445,341.5,2.8,1.6,2014-09-17,0630,Aqua,MODIS,87,6.2,312.7,130.6,D,0
-22.7267,119.4224,333,3.5,1.8,2014-09-17,0630,Aqua,MODIS,68,6.2,308.3,97,D,0
-22.7757,118.1756,352.6,2.9,1.6,2014-09-17,0630,Aqua,MODIS,95,6.2,312.9,229.9,D,0
-22.7917,118.0939,329.2,2.8,1.6,2014-09-17,0630,Aqua,MODIS,59,6.2,310.9,51.8,D,0
-22.7776,118.1835,354.4,2.9,1.6,2014-09-17,0630,Aqua,MODIS,96,6.2,312.4,244.9,D,0
-22.8977,118.1897,356.4,2.8,1.6,2014-09-17,0630,Aqua,MODIS,98,6.2,311.9,276.2,D,0
-22.912,118.1931,345.9,2.8,1.6,2014-09-17,0630,Aqua,MODIS,91,6.2,310,173.3,D,0
-22.8758,118.2981,360.6,2.9,1.6,2014-09-17,0630,Aqua,MODIS,100,6.2,310.3,343.3,D,0
-22.9155,118.2509,334.8,2.9,1.6,2014-09-17,0630,Aqua,MODIS,70,6.2,309.5,93.7,D,0
-22.91,118.2786,339.4,2.9,1.6,2014-09-17,0630,Aqua,MODIS,85,6.2,308.9,127.3,D,0
-22.9045,118.3061,340.8,2.9,1.6,2014-09-17,0630,Aqua,MODIS,86,6.2,307.2,142.9,D,0
-22.9171,118.2589,333.7,2.9,1.6,2014-09-17,0630,Aqua,MODIS,79,6.2,309.2,92.8,D,0
-22.9114,118.2865,338.6,2.9,1.6,2014-09-17,0630,Aqua,MODIS,84,6.2,309.2,127.2,D,0
-22.9057,118.314,328,2.9,1.6,2014-09-17,0630,Aqua,MODIS,69,6.2,305.8,62.9,D,0
-22.7704,118.2029,331.5,2.9,1.6,2014-09-17,0630,Aqua,MODIS,53,6.2,310.4,61.9,D,0
-22.9023,119.5208,337.5,3.5,1.8,2014-09-17,0630,Aqua,MODIS,83,6.2,309.7,161.3,D,0
-22.7614,118.1721,330.8,2.9,1.6,2014-09-17,0630,Aqua,MODIS,50,6.2,311.8,60.9,D,0
-28.2308,152.315,304.5,1,1,2014-09-17,1237,Terra,MODIS,60,6.2,284.3,9,N,0
-24.4145,151.753,307,1,1,2014-09-17,1238,Terra,MODIS,34,6.2,292.3,7.4,N,0
-23.6212,150.3972,308.6,1,1,2014-09-17,1238,Terra,MODIS,75,6.2,288.7,10.1,N,0
-23.6093,150.4159,301.5,1,1,2014-09-17,1238,Terra,MODIS,21,6.2,288.7,5.2,N,0
-23.6107,150.4058,331.8,1,1,2014-09-17,1238,Terra,MODIS,100,6.2,290.4,33.6,N,0
-24.2835,151.4462,301,1,1,2014-09-17,1238,Terra,MODIS,36,6.2,289.6,5.3,N,0
-25.563,148.7719,321.7,1.2,1.1,2014-09-17,1238,Terra,MODIS,100,6.2,288.1,29.2,N,0
-23.612,150.3957,328.1,1,1,2014-09-17,1238,Terra,MODIS,100,6.2,289.2,28.3,N,0
-19.0686,146.4229,300.3,1.4,1.2,2014-09-17,1239,Terra,MODIS,22,6.2,287.6,7.9,N,0
-15.9826,145.3376,304.7,1.5,1.2,2014-09-17,1240,Terra,MODIS,58,6.2,289.8,12.6,N,0
-15.9735,145.3207,303.3,1.5,1.2,2014-09-17,1240,Terra,MODIS,54,6.2,288.8,11.7,N,0
-15.9845,145.3227,319.1,1.5,1.2,2014-09-17,1240,Terra,MODIS,98,6.2,289.9,33.1,N,0
-15.9718,145.335,300.9,1.5,1.2,2014-09-17,1240,Terra,MODIS,35,6.2,289,8.8,N,0
-15.5341,144.9904,303.9,1.6,1.2,2014-09-17,1240,Terra,MODIS,35,6.2,290.5,11.2,N,0
-15.6783,145.2195,319.5,1.5,1.2,2014-09-17,1240,Terra,MODIS,99,6.2,292,32.2,N,0
-15.6774,145.2135,312.1,1.5,1.2,2014-09-17,1240,Terra,MODIS,84,6.2,291.2,20.8,N,0
-15.5337,144.9962,302,1.6,1.2,2014-09-17,1240,Terra,MODIS,46,6.2,290.4,9.7,N,0
-15.6755,145.2285,309.3,1.5,1.2,2014-09-17,1240,Terra,MODIS,77,6.2,293.1,17.5,N,0
-15.5895,145.0041,300.4,1.6,1.2,2014-09-17,1240,Terra,MODIS,22,6.2,290,7.7,N,0
-18.0751,145.9727,307,1.5,1.2,2014-09-17,1240,Terra,MODIS,70,6.2,287.2,16.7,N,0
-16.0239,145.0926,304.8,1.6,1.2,2014-09-17,1240,Terra,MODIS,61,6.2,289.5,14.1,N,0
-18.0767,145.9588,325.1,1.5,1.2,2014-09-17,1240,Terra,MODIS,100,6.2,286.4,44.8,N,0
-15.1766,145.1159,302,1.5,1.2,2014-09-17,1241,Terra,MODIS,46,6.2,290.9,9.1,N,0
-12.859,142.8427,311.4,2.1,1.4,2014-09-17,1241,Terra,MODIS,82,6.2,291.6,29,N,0
-15.2276,143.5833,313,2,1.4,2014-09-17,1241,Terra,MODIS,86,6.2,292.5,31.3,N,0
-12.8613,142.8233,302.6,2.1,1.4,2014-09-17,1241,Terra,MODIS,29,6.2,291.4,11.8,N,0
-15.151,143.5677,302.5,2,1.4,2014-09-17,1241,Terra,MODIS,49,6.2,290.9,13.3,N,0
-15.2254,143.6018,303.4,2,1.4,2014-09-17,1241,Terra,MODIS,31,6.2,291.7,13,N,0
-14.8988,145.1473,301.2,1.5,1.2,2014-09-17,1241,Terra,MODIS,39,6.2,290.5,8.8,N,0
-14.8879,145.1458,311.3,1.5,1.2,2014-09-17,1241,Terra,MODIS,82,6.2,291.2,20.2,N,0
-15.2152,143.5816,302.9,2,1.4,2014-09-17,1241,Terra,MODIS,22,6.2,291.2,12.1,N,0
-12.9872,142.963,301.6,2.1,1.4,2014-09-17,1241,Terra,MODIS,43,6.2,290.9,10.5,N,0
-12.8587,142.8371,311.4,2.1,1.4,2014-09-17,1241,Terra,MODIS,82,6.2,291.6,29.7,N,0
-14.9564,144.9541,304.2,1.6,1.2,2014-09-17,1241,Terra,MODIS,59,6.2,290.5,11.9,N,0
-14.2963,144.1969,320.1,1.7,1.3,2014-09-17,1241,Terra,MODIS,100,6.2,294.1,37.1,N,3
-14.8408,142.7864,322.9,2.3,1.5,2014-09-17,1241,Terra,MODIS,100,6.2,293.8,66.7,N,0
-14.7756,142.7935,309.7,2.3,1.5,2014-09-17,1241,Terra,MODIS,78,6.2,292.8,27.6,N,0
-14.8121,142.8043,305.7,2.3,1.5,2014-09-17,1241,Terra,MODIS,65,6.2,292.6,18.6,N,0
-14.8145,142.7832,312.2,2.3,1.5,2014-09-17,1241,Terra,MODIS,84,6.2,292.8,33.5,N,0
-14.8277,142.7849,310.9,2.3,1.5,2014-09-17,1241,Terra,MODIS,81,6.2,293,30.2,N,0
-14.7781,142.7724,307.3,2.3,1.5,2014-09-17,1241,Terra,MODIS,71,6.2,293,22.4,N,0
-14.7751,142.7785,316.6,2.3,1.5,2014-09-17,1241,Terra,MODIS,93,6.2,293.2,43.1,N,0
-13.4266,141.8423,300.5,2.6,1.5,2014-09-17,1241,Terra,MODIS,6,6.2,289.1,12.7,N,0
-13.4208,141.8351,300.7,2.6,1.5,2014-09-17,1241,Terra,MODIS,26,6.2,289.2,14.4,N,0
-12.8563,142.8562,303.1,2.1,1.4,2014-09-17,1241,Terra,MODIS,53,6.2,291.3,13.6,N,0
-12.8568,142.8617,301.6,2.1,1.4,2014-09-17,1241,Terra,MODIS,10,6.2,291.1,9.8,N,0
-26.6784,125.7178,304.5,1.1,1,2014-09-17,1416,Terra,MODIS,60,6.2,290.1,7.3,N,0
-26.7019,125.7279,302.3,1.1,1,2014-09-17,1416,Terra,MODIS,34,6.2,289.5,5.2,N,0
-22.8603,118.3102,346.2,2.8,1.6,2014-09-17,1417,Terra,MODIS,100,6.2,294,245.4,N,0
-22.8748,118.3112,310.3,2.8,1.6,2014-09-17,1417,Terra,MODIS,80,6.2,292.6,43,N,0
-22.85,118.2866,354,2.8,1.6,2014-09-17,1417,Terra,MODIS,100,6.2,294.1,319.4,N,0
-22.8644,118.2885,344.8,2.8,1.6,2014-09-17,1417,Terra,MODIS,100,6.2,294.6,229.8,N,0
-22.8867,118.2038,307.9,2.9,1.6,2014-09-17,1417,Terra,MODIS,69,6.2,290,35,N,0
-22.3791,124.7421,303.7,1.1,1,2014-09-17,1417,Terra,MODIS,46,6.2,292.1,5.6,N,0
-22.8621,118.3154,340.4,2.8,1.6,2014-09-17,1417,Terra,MODIS,100,6.2,293.3,193.6,N,0
-22.8766,118.3165,309.3,2.8,1.6,2014-09-17,1417,Terra,MODIS,76,6.2,292.2,38.1,N,0
-22.3712,124.7302,317.5,1.1,1,2014-09-17,1417,Terra,MODIS,95,6.2,293,16.9,N,0
-22.3605,124.7391,323.1,1.1,1,2014-09-17,1417,Terra,MODIS,100,6.2,293.6,23,N,0
-22.3618,124.7287,370.3,1.1,1,2014-09-17,1417,Terra,MODIS,100,6.2,299.3,131.2,N,0
-22.3632,124.7183,305,1.1,1,2014-09-17,1417,Terra,MODIS,56,6.2,291,7,N,0
-22.8857,118.1985,306.3,2.9,1.6,2014-09-17,1417,Terra,MODIS,68,6.2,289.9,32.3,N,0
-22.8737,118.169,300.8,2.9,1.6,2014-09-17,1417,Terra,MODIS,20,6.2,290.1,17.9,N,0
-22.7581,118.1232,302.6,2.9,1.6,2014-09-17,1417,Terra,MODIS,5,6.2,292.3,18.3,N,0
-22.7754,118.0963,304.9,2.9,1.6,2014-09-17,1417,Terra,MODIS,62,6.2,292.9,25.5,N,0
-22.7728,118.1244,303.6,2.9,1.6,2014-09-17,1417,Terra,MODIS,44,6.2,292.3,21.2,N,0
-22.776,118.1033,308.8,2.9,1.6,2014-09-17,1417,Terra,MODIS,52,6.2,292.9,34.7,N,0
-22.8458,118.3086,313.1,2.8,1.6,2014-09-17,1417,Terra,MODIS,86,6.2,290.2,54.7,N,0
-22.8484,118.2812,347.9,2.8,1.6,2014-09-17,1417,Terra,MODIS,100,6.2,293.7,262.9,N,0
-22.8629,118.2832,332,2.8,1.6,2014-09-17,1417,Terra,MODIS,100,6.2,293.8,141.9,N,0
-18.7814,129.9473,306.1,1.5,1.2,2014-09-17,1418,Terra,MODIS,67,6.2,292.6,12.9,N,0
-18.7844,129.9536,308.1,1.5,1.2,2014-09-17,1418,Terra,MODIS,73,6.2,292,14.6,N,0
-20.0273,128.3027,305.7,1.1,1.1,2014-09-17,1418,Terra,MODIS,62,6.2,292.3,7.7,N,0
-20.152,128.1562,305.9,1.1,1.1,2014-09-17,1418,Terra,MODIS,66,6.2,290,9,N,0
-20.01,128.2884,305,1.1,1.1,2014-09-17,1418,Terra,MODIS,44,6.2,294.8,6.6,N,0
-20.1885,128.2013,307.4,1.1,1.1,2014-09-17,1418,Terra,MODIS,71,6.2,288.1,10.6,N,0
-20.1267,127.7822,301.9,1.1,1,2014-09-17,1418,Terra,MODIS,45,6.2,291.4,5.4,N,0
-20.1503,128.1669,310.1,1.1,1.1,2014-09-17,1418,Terra,MODIS,79,6.2,289.9,12.3,N,0
-20.1026,128.2238,337.2,1.1,1.1,2014-09-17,1418,Terra,MODIS,100,6.2,291.4,46.4,N,0
-18.7679,130.1811,305.8,1.5,1.2,2014-09-17,1418,Terra,MODIS,66,6.2,290.2,12.5,N,0
-20.1868,128.2119,304.5,1.1,1.1,2014-09-17,1418,Terra,MODIS,60,6.2,287.3,8.3,N,0
-20.1137,128.2149,335.8,1.1,1.1,2014-09-17,1418,Terra,MODIS,100,6.2,291.3,43.3,N,0
-20.1009,128.2345,322.8,1.1,1.1,2014-09-17,1418,Terra,MODIS,100,6.2,290.8,24.6,N,0
-20.1043,128.2132,306.7,1.1,1.1,2014-09-17,1418,Terra,MODIS,69,6.2,287.2,8.9,N,0
-20.1154,128.2043,347.3,1.1,1.1,2014-09-17,1418,Terra,MODIS,100,6.2,294,66.9,N,0
-17.0363,132.3077,311.1,2.3,1.5,2014-09-17,1418,Terra,MODIS,82,6.2,292.8,34.7,N,0
-18.6701,127.3588,305.2,1.1,1,2014-09-17,1418,Terra,MODIS,63,6.2,291.8,6,N,0
-14.6988,126.5349,307.5,1.1,1,2014-09-17,1419,Terra,MODIS,66,6.2,292.8,6.7,N,0
-14.7003,126.5249,304.9,1.1,1,2014-09-17,1419,Terra,MODIS,39,6.2,293.4,4.9,N,0
-14.6739,126.5103,316.6,1.1,1,2014-09-17,1419,Terra,MODIS,93,6.2,294.6,14.9,N,0
-14.7246,126.7202,316.8,1.1,1,2014-09-17,1419,Terra,MODIS,94,6.2,295,15.3,N,0
-14.7262,126.71,308.9,1.1,1,2014-09-17,1419,Terra,MODIS,76,6.2,295.4,8,N,0
-16.3833,132.6276,307,2.5,1.5,2014-09-17,1419,Terra,MODIS,66,6.2,293.9,23.8,N,0
-16.3876,132.6045,312.4,2.5,1.5,2014-09-17,1419,Terra,MODIS,85,6.2,294.3,38.2,N,0
-16.374,132.6018,317.4,2.5,1.5,2014-09-17,1419,Terra,MODIS,95,6.2,294.7,50.4,N,0
-16.391,132.6227,313.5,2.5,1.5,2014-09-17,1419,Terra,MODIS,87,6.2,294.1,39.9,N,0
-16.3773,132.62,306.7,2.5,1.5,2014-09-17,1419,Terra,MODIS,30,6.2,294.3,20.2,N,0
-16.3815,132.5967,313.7,2.5,1.5,2014-09-17,1419,Terra,MODIS,85,6.2,294.7,38.9,N,0
-16.0382,128.0826,313.1,1.2,1.1,2014-09-17,1419,Terra,MODIS,86,6.2,296.3,12.8,N,0
-16.1135,128.1265,311.2,1.2,1.1,2014-09-17,1419,Terra,MODIS,81,6.2,296.4,11.1,N,0
-16.1253,127.6029,357.2,1.2,1.1,2014-09-17,1419,Terra,MODIS,100,6.2,297.4,96.3,N,0
-16.1214,127.6069,338.7,1.2,1.1,2014-09-17,1419,Terra,MODIS,100,6.2,297,49.5,N,0
-14.7184,126.6981,310.1,1.1,1,2014-09-17,1419,Terra,MODIS,79,6.2,295.8,8.8,N,0
-16.1021,127.6037,305.3,1.2,1.1,2014-09-17,1419,Terra,MODIS,61,6.2,294.2,6.3,N,0
-16.1117,127.6053,330.3,1.2,1.1,2014-09-17,1419,Terra,MODIS,100,6.2,295.9,34.3,N,0
-16.1101,127.6161,311.8,1.2,1.1,2014-09-17,1419,Terra,MODIS,82,6.2,294.4,11,N,0
-16.123,127.5961,306.5,1.2,1.1,2014-09-17,1419,Terra,MODIS,44,6.2,294,6.9,N,0
-16.1116,128.1383,307.4,1.2,1.1,2014-09-17,1419,Terra,MODIS,70,6.2,295.6,7.3,N,0
-16.0676,128.0945,308.1,1.2,1.1,2014-09-17,1419,Terra,MODIS,61,6.2,296.4,7.2,N,0
-16.0695,128.0827,318.5,1.2,1.1,2014-09-17,1419,Terra,MODIS,97,6.2,296.7,18.5,N,0
-15.9357,127.9554,310.8,1.2,1.1,2014-09-17,1419,Terra,MODIS,80,6.2,296.9,9.5,N,0
-13.7046,130.208,330.5,1.9,1.3,2014-09-17,1419,Terra,MODIS,100,6.2,294.6,70.7,N,0
-13.6987,130.2425,341.7,1.9,1.3,2014-09-17,1419,Terra,MODIS,100,6.2,295.4,113.3,N,0
-13.7017,130.2252,382.2,1.9,1.3,2014-09-17,1419,Terra,MODIS,100,6.2,299.3,403.9,N,0
-16.1332,127.6152,344.4,1.2,1.1,2014-09-17,1419,Terra,MODIS,100,6.2,296.8,61.1,N,0
-16.1349,127.6045,365.6,1.2,1.1,2014-09-17,1419,Terra,MODIS,100,6.2,299.5,124.9,N,0
-16.1236,127.6136,340.1,1.2,1.1,2014-09-17,1419,Terra,MODIS,100,6.2,296.1,51.7,N,0
-16.04,128.0712,307.5,1.2,1.1,2014-09-17,1419,Terra,MODIS,69,6.2,295.9,7.3,N,0
-16.2947,132.5317,331.8,2.5,1.5,2014-09-17,1419,Terra,MODIS,100,6.2,295.4,105.1,N,0
-14.0828,133.6938,307.5,3.4,1.7,2014-09-17,1419,Terra,MODIS,11,6.2,291.7,33,N,0
-14.0882,133.6894,315.5,3.4,1.7,2014-09-17,1419,Terra,MODIS,91,6.2,292.4,68.3,N,0
-12.9855,132.3182,302.7,2.8,1.6,2014-09-17,1419,Terra,MODIS,51,6.2,291.9,18.3,N,0
-16.2951,132.408,335.3,2.4,1.5,2014-09-17,1419,Terra,MODIS,100,6.2,298,121.3,N,0
-16.2236,132.5294,311.9,2.5,1.5,2014-09-17,1419,Terra,MODIS,84,6.2,293.6,35.2,N,0
-16.2372,132.5321,319.1,2.5,1.5,2014-09-17,1419,Terra,MODIS,98,6.2,295.7,54,N,0
-16.2331,132.5553,317.9,2.5,1.5,2014-09-17,1419,Terra,MODIS,74,6.2,295.1,50.8,N,0
-16.2297,132.5371,327.3,2.5,1.5,2014-09-17,1419,Terra,MODIS,100,6.2,295.8,87.5,N,0
-16.2255,132.5602,319.5,2.5,1.5,2014-09-17,1419,Terra,MODIS,82,6.2,294.6,56.5,N,0
-16.2433,132.5397,312.4,2.5,1.5,2014-09-17,1419,Terra,MODIS,43,6.2,295,30.2,N,0
-16.2485,132.5889,321.9,2.5,1.5,2014-09-17,1419,Terra,MODIS,100,6.2,295.3,65.3,N,0
-16.2663,132.5682,358.4,2.5,1.5,2014-09-17,1419,Terra,MODIS,100,6.2,297.6,296.5,N,0
-16.2621,132.5916,351.5,2.5,1.5,2014-09-17,1419,Terra,MODIS,100,6.2,297.2,238.1,N,0
-16.2841,132.5477,357.9,2.5,1.5,2014-09-17,1419,Terra,MODIS,100,6.2,297.7,291.4,N,0
-16.28,132.5709,365.9,2.5,1.5,2014-09-17,1419,Terra,MODIS,100,6.2,299.6,379.3,N,0
-16.3018,132.5274,337.7,2.5,1.5,2014-09-17,1419,Terra,MODIS,100,6.2,295.5,138.2,N,0
-16.2977,132.5504,407.9,2.5,1.5,2014-09-17,1419,Terra,MODIS,100,6.2,306.9,1139.1,N,0
-16.2936,132.5736,323.5,2.5,1.5,2014-09-17,1419,Terra,MODIS,100,6.2,297.9,67.6,N,0
-16.3153,132.5301,327.2,2.5,1.5,2014-09-17,1419,Terra,MODIS,100,6.2,295.8,83.3,N,0
-16.3113,132.5531,438.3,2.5,1.5,2014-09-17,1419,Terra,MODIS,100,6.2,316.3,2151.8,N,0
-16.3072,132.5763,368.5,2.5,1.5,2014-09-17,1419,Terra,MODIS,100,6.2,302.1,409.7,N,0
-16.3249,132.5558,365.5,2.5,1.5,2014-09-17,1419,Terra,MODIS,100,6.2,300.9,369.2,N,0
-16.3208,132.579,370.4,2.5,1.5,2014-09-17,1419,Terra,MODIS,100,6.2,303.8,433.4,N,0
-16.2904,132.5547,372.2,2.5,1.5,2014-09-17,1419,Terra,MODIS,100,6.2,301,450.6,N,0
-14.0841,133.6236,307.2,3.3,1.7,2014-09-17,1419,Terra,MODIS,71,6.2,293.4,38.6,N,0
-14.0939,133.6578,322.5,3.4,1.7,2014-09-17,1419,Terra,MODIS,100,6.2,294.3,106.3,N,0
-14.0887,133.6623,319.9,3.4,1.7,2014-09-17,1419,Terra,MODIS,99,6.2,293.5,91.1,N,0
-14.1041,133.6653,308.5,3.4,1.7,2014-09-17,1419,Terra,MODIS,9,6.2,293.7,37.8,N,0
-16.3083,132.5344,385.5,2.5,1.5,2014-09-17,1419,Terra,MODIS,100,6.2,300.3,655.5,N,0
-16.304,132.5574,430.1,2.5,1.5,2014-09-17,1419,Terra,MODIS,100,6.2,313.1,1826.7,N,0
-16.2997,132.5806,319.8,2.5,1.5,2014-09-17,1419,Terra,MODIS,16,6.2,297.2,51.8,N,0
-16.3218,132.537,337.5,2.5,1.5,2014-09-17,1419,Terra,MODIS,100,6.2,296.4,135.1,N,0
-16.3176,132.5601,412.5,2.5,1.5,2014-09-17,1419,Terra,MODIS,100,6.2,310.1,1258.8,N,0
-16.3134,132.5832,352.9,2.5,1.5,2014-09-17,1419,Terra,MODIS,100,6.2,299.5,249.4,N,0
-16.3312,132.5627,409.8,2.5,1.5,2014-09-17,1419,Terra,MODIS,100,6.2,307.6,1185.1,N,0
-16.327,132.5859,382.5,2.5,1.5,2014-09-17,1419,Terra,MODIS,100,6.2,304.7,612.2,N,0
-16.3448,132.5654,383.7,2.5,1.5,2014-09-17,1419,Terra,MODIS,100,6.2,301.7,627.1,N,0
-16.3406,132.5886,428.4,2.5,1.5,2014-09-17,1419,Terra,MODIS,100,6.2,313.2,1781.3,N,0
-16.35,132.6147,313.5,2.5,1.5,2014-09-17,1419,Terra,MODIS,82,6.2,295,37.1,N,0
-16.1849,132.3042,307.3,2.4,1.5,2014-09-17,1419,Terra,MODIS,58,6.2,292.1,24.2,N,0
-16.1793,132.3088,303.7,2.4,1.5,2014-09-17,1419,Terra,MODIS,56,6.2,291.5,17.3,N,0
-16.2682,132.4026,308.3,2.4,1.5,2014-09-17,1419,Terra,MODIS,65,6.2,293.1,23.7,N,0
-16.2857,132.3828,363.8,2.4,1.5,2014-09-17,1419,Terra,MODIS,100,6.2,298.9,343.4,N,0
-16.2817,132.4053,432.4,2.4,1.5,2014-09-17,1419,Terra,MODIS,100,6.2,314.2,1856.1,N,0
-16.2776,132.4279,403.9,2.4,1.5,2014-09-17,1419,Terra,MODIS,100,6.2,302.9,1009.9,N,0
-16.2735,132.4505,378.9,2.5,1.5,2014-09-17,1419,Terra,MODIS,100,6.2,296.3,540.2,N,0
-16.2911,132.4305,368.4,2.4,1.5,2014-09-17,1419,Terra,MODIS,100,6.2,300.8,396.7,N,0
-16.287,132.4532,387.5,2.5,1.5,2014-09-17,1419,Terra,MODIS,100,6.2,301.5,679.3,N,0
-16.2694,132.4731,320.4,2.5,1.5,2014-09-17,1419,Terra,MODIS,100,6.2,294.2,56.5,N,0
-16.2829,132.4759,314.3,2.5,1.5,2014-09-17,1419,Terra,MODIS,89,6.2,293.1,36.3,N,0
-13.1649,132.2603,306.2,2.7,1.6,2014-09-17,1419,Terra,MODIS,67,6.2,290.7,25.3,N,0
-16.2195,132.5526,311.7,2.5,1.5,2014-09-17,1419,Terra,MODIS,69,6.2,292.6,35.7,N,0
-13.1577,132.2781,302.2,2.8,1.6,2014-09-17,1419,Terra,MODIS,17,6.2,290.6,14,N,0
-16.3167,132.6024,314,2.5,1.5,2014-09-17,1419,Terra,MODIS,35,6.2,295.7,38.2,N,0
-16.3091,132.6066,309.8,2.5,1.5,2014-09-17,1419,Terra,MODIS,40,6.2,294.3,28.1,N,0
-16.3227,132.6093,314.3,2.5,1.5,2014-09-17,1419,Terra,MODIS,45,6.2,295.3,38.3,N,0
-16.3364,132.612,328.7,2.5,1.5,2014-09-17,1419,Terra,MODIS,100,6.2,296.3,94.4,N,0
-14.224,132.399,305.4,2.7,1.6,2014-09-17,1419,Terra,MODIS,64,6.2,294.7,19.5,N,0
-17.4404,125.9135,341.9,1,1,2014-09-17,1419,Terra,MODIS,100,6.2,299.2,43.7,N,0
-17.424,125.6454,316,1,1,2014-09-17,1419,Terra,MODIS,92,6.2,297,11.8,N,0
-17.4969,125.5861,310.2,1,1,2014-09-17,1419,Terra,MODIS,79,6.2,296.7,6.7,N,0
-17.5148,125.589,324,1,1,2014-09-17,1419,Terra,MODIS,100,6.2,298,19.3,N,0
-17.4418,125.904,316,1,1,2014-09-17,1419,Terra,MODIS,21,6.2,296.1,10.2,N,0
-17.5558,125.6883,325.1,1,1,2014-09-17,1419,Terra,MODIS,100,6.2,299.9,19.7,N,0
-17.5572,125.6789,326.3,1,1,2014-09-17,1419,Terra,MODIS,100,6.2,300.1,21.2,N,0
-17.5419,125.6572,312.6,1,1,2014-09-17,1419,Terra,MODIS,85,6.2,298.7,7.7,N,0
-17.5356,125.637,317.5,1,1,2014-09-17,1419,Terra,MODIS,95,6.2,298.6,12.1,N,0
-17.439,125.923,309.2,1,1,2014-09-17,1419,Terra,MODIS,48,6.2,290.7,5.7,N,0
-17.5592,125.9197,328.4,1,1,2014-09-17,1419,Terra,MODIS,100,6.2,297.7,24.6,N,0
-14.7081,126.5364,347.5,1.1,1,2014-09-17,1419,Terra,MODIS,100,6.2,296.5,61.5,N,0
-14.7096,126.5264,350.3,1.1,1,2014-09-17,1419,Terra,MODIS,100,6.2,297.2,68.1,N,0
-17.5065,125.9016,310,1,1,2014-09-17,1419,Terra,MODIS,64,6.2,297.7,6.5,N,0
-17.4775,125.5926,314.7,1,1,2014-09-17,1419,Terra,MODIS,90,6.2,297,10.2,N,0
-17.5058,125.5876,315.9,1,1,2014-09-17,1419,Terra,MODIS,92,6.2,297.6,11.2,N,0
-17.5079,125.8922,310.5,1,1,2014-09-17,1419,Terra,MODIS,77,6.2,297.3,6.9,N,0
-14.8726,126.6679,316,1.1,1,2014-09-17,1419,Terra,MODIS,92,6.2,296.1,13.8,N,0
-17.3777,125.6475,307.7,1,1,2014-09-17,1419,Terra,MODIS,53,6.2,297.2,4.9,N,0
-17.3203,127.4027,309.3,1.1,1,2014-09-17,1419,Terra,MODIS,77,6.2,293.6,8.3,N,0
-17.5225,125.5998,315.2,1,1,2014-09-17,1419,Terra,MODIS,91,6.2,297.9,11.2,N,0
-17.5135,125.5984,341.1,1,1,2014-09-17,1419,Terra,MODIS,100,6.2,299.5,43,N,0
-17.5155,125.9031,309,1,1,2014-09-17,1419,Terra,MODIS,48,6.2,297.3,5.7,N,0
-17.4341,125.8932,311.6,1,1,2014-09-17,1419,Terra,MODIS,64,6.2,294.5,7.5,N,0
-17.4633,125.9462,311.5,1,1,2014-09-17,1419,Terra,MODIS,55,6.2,295.5,8.2,N,0
-17.3845,125.6006,308.4,1,1,2014-09-17,1419,Terra,MODIS,74,6.2,297,6.1,N,0
-17.3804,125.6287,307.4,1,1,2014-09-17,1419,Terra,MODIS,37,6.2,297.2,4.5,N,0
-17.4063,125.831,309.8,1,1,2014-09-17,1419,Terra,MODIS,78,6.2,298.2,6.5,N,0
-17.3791,125.6381,311.1,1,1,2014-09-17,1419,Terra,MODIS,82,6.2,297.5,7.4,N,0
-17.528,125.6262,317.8,1,1,2014-09-17,1419,Terra,MODIS,96,6.2,297.1,12.1,N,0
-13.7107,130.2447,322.1,1.9,1.3,2014-09-17,1419,Terra,MODIS,100,6.2,295,46.6,N,0
-17.4202,125.862,309.1,1,1,2014-09-17,1419,Terra,MODIS,71,6.2,298.5,6.1,N,0
-17.4189,125.8714,314.8,1,1,2014-09-17,1419,Terra,MODIS,87,6.2,298.8,10.2,N,0
-17.4265,125.8823,306.1,1,1,2014-09-17,1419,Terra,MODIS,18,6.2,295.3,4,N,0
-17.4251,125.8917,306.4,1,1,2014-09-17,1419,Terra,MODIS,61,6.2,290.5,4.6,N,0
-12.705,142.1759,309.3,1.4,1.2,2014-09-17,1544,Aqua,MODIS,77,6.2,290.3,14.9,N,0
-12.9365,142.9995,301.7,1.2,1.1,2014-09-17,1544,Aqua,MODIS,44,6.2,290.8,6.1,N,0
-12.8185,142.8515,351.9,1.3,1.1,2014-09-17,1544,Aqua,MODIS,100,6.2,293.2,93.2,N,0
-12.823,142.8621,322.9,1.3,1.1,2014-09-17,1544,Aqua,MODIS,100,6.2,290.9,28.9,N,0
-15.528,144.9946,309,1,1,2014-09-17,1545,Aqua,MODIS,76,6.2,290.3,9.6,N,0
-15.5316,145.0032,306.9,1,1,2014-09-17,1545,Aqua,MODIS,70,6.2,290.5,8.3,N,0
-15.6705,145.2257,315.5,1,1,2014-09-17,1545,Aqua,MODIS,91,6.2,292,14.7,N,0
-14.2838,144.2092,316.3,1,1,2014-09-17,1545,Aqua,MODIS,93,6.2,293.2,15,N,0
-15.9856,145.3289,311.8,1,1,2014-09-17,1545,Aqua,MODIS,83,6.2,289.2,12.6,N,0
-15.9782,145.3331,305.4,1,1,2014-09-17,1545,Aqua,MODIS,64,6.2,289.5,7.4,N,0
-14.8905,145.1503,315.1,1,1,2014-09-17,1545,Aqua,MODIS,91,6.2,291,14.1,N,0
-18.0608,145.9638,330.2,1,1,2014-09-17,1545,Aqua,MODIS,100,6.2,286.6,33,N,0
-18.073,145.9692,338.8,1,1,2014-09-17,1545,Aqua,MODIS,100,6.2,289,46.1,N,0
-18.0522,145.9675,322.1,1,1,2014-09-17,1545,Aqua,MODIS,100,6.2,286.4,23.6,N,0
-18.0644,145.9729,323.8,1,1,2014-09-17,1545,Aqua,MODIS,100,6.2,288.5,25,N,0
-14.8821,145.1539,300.5,1,1,2014-09-17,1545,Aqua,MODIS,29,6.2,290.3,4.5,N,0
-15.6682,145.1962,302.8,1,1,2014-09-17,1545,Aqua,MODIS,51,6.2,289.9,5.6,N,0
-18.0767,145.9783,315.4,1,1,2014-09-17,1545,Aqua,MODIS,91,6.2,287.1,15.8,N,0
-18.0559,145.9766,304.2,1,1,2014-09-17,1545,Aqua,MODIS,58,6.2,287.1,8.4,N,0
-14.9311,145.153,307.1,1,1,2014-09-17,1545,Aqua,MODIS,70,6.2,290.1,8.6,N,0
-15.2192,143.5998,303.3,1.1,1,2014-09-17,1545,Aqua,MODIS,54,6.2,291.4,6.2,N,0
-23.6096,150.4119,303.1,2.3,1.5,2014-09-17,1546,Aqua,MODIS,47,6.2,286.1,21.7,N,0
-23.6161,150.4042,307.3,2.3,1.5,2014-09-17,1546,Aqua,MODIS,71,6.2,285.9,31.8,N,0
-19.0651,146.4264,307.6,1.1,1,2014-09-17,1546,Aqua,MODIS,72,6.2,286.3,10.7,N,0
-14.6686,126.5149,303.2,1.9,1.3,2014-09-17,1723,Aqua,MODIS,54,6.2,292,13.6,N,0
-13.6997,130.2392,308.7,3.6,1.8,2014-09-17,1723,Aqua,MODIS,62,6.2,291.1,58.5,N,0
-13.711,130.2641,306.6,3.6,1.8,2014-09-17,1723,Aqua,MODIS,26,6.2,290.8,45.6,N,0
-17.555,125.9602,304,1.9,1.3,2014-09-17,1724,Aqua,MODIS,58,6.2,293.5,11.1,N,0
-17.5118,125.5943,309.3,1.8,1.3,2014-09-17,1724,Aqua,MODIS,77,6.2,295.2,16.7,N,0
-17.5527,125.9413,310.2,1.9,1.3,2014-09-17,1724,Aqua,MODIS,79,6.2,292.5,21.1,N,0
-17.428,125.6605,304,1.8,1.3,2014-09-17,1724,Aqua,MODIS,58,6.2,293.2,11.2,N,0
-17.5264,125.927,312.4,1.9,1.3,2014-09-17,1724,Aqua,MODIS,62,6.2,295.4,23.1,N,0
-17.5073,125.9149,308.3,1.9,1.3,2014-09-17,1724,Aqua,MODIS,20,6.2,295,15.9,N,0
-17.5122,125.91,309.2,1.9,1.3,2014-09-17,1724,Aqua,MODIS,77,6.2,295.5,19.3,N,0
-17.5142,125.9276,309.4,1.9,1.3,2014-09-17,1724,Aqua,MODIS,77,6.2,294.2,19.6,N,0
-16.071,128.0945,306,2.6,1.6,2014-09-17,1724,Aqua,MODIS,66,6.2,294.1,22,N,0
-16.1097,128.1371,306.3,2.7,1.6,2014-09-17,1724,Aqua,MODIS,67,6.2,294.1,24.7,N,0
-16.1049,128.1427,305.5,2.7,1.6,2014-09-17,1724,Aqua,MODIS,65,6.2,293.8,21.3,N,0
-22.8632,118.3172,319,1,1,2014-09-17,1726,Aqua,MODIS,39,6.2,293.5,15.4,N,0
-22.8681,118.1656,301.9,1,1,2014-09-17,1726,Aqua,MODIS,45,6.2,288.6,5.9,N,0
-22.8617,118.3075,382.1,1,1,2014-09-17,1726,Aqua,MODIS,100,6.2,299.3,163,N,0
-22.8602,118.2977,326,1,1,2014-09-17,1726,Aqua,MODIS,100,6.2,292.6,23.8,N,0
-22.8571,118.3383,337.3,1,1,2014-09-17,1726,Aqua,MODIS,100,6.2,291.6,40,N,0
-22.8556,118.3285,333.9,1,1,2014-09-17,1726,Aqua,MODIS,100,6.2,291.8,33.9,N,0
-22.8512,118.2993,315.2,1,1,2014-09-17,1726,Aqua,MODIS,91,6.2,291.5,13.7,N,0
-22.8497,118.2895,312.9,1,1,2014-09-17,1726,Aqua,MODIS,71,6.2,290.3,11.6,N,0
-22.8437,118.3106,302.5,1,1,2014-09-17,1726,Aqua,MODIS,23,6.2,288.8,5.7,N,0
-22.7838,118.0997,300.2,1,1,2014-09-17,1726,Aqua,MODIS,21,6.2,289.3,4.6,N,0
-22.8125,118.105,301.5,1,1,2014-09-17,1726,Aqua,MODIS,42,6.2,291.2,5.3,N,0
-22.8422,118.3008,303.8,1,1,2014-09-17,1726,Aqua,MODIS,38,6.2,288.6,6.5,N,0
-22.8836,119.5221,307.7,1,1,2014-09-17,1726,Aqua,MODIS,72,6.2,292,8.4,N,0
-22.6937,119.4156,313.1,1,1,2014-09-17,1726,Aqua,MODIS,86,6.2,289.3,12.9,N,0
-22.7696,118.119,309.8,1,1,2014-09-17,1726,Aqua,MODIS,73,6.2,290.5,9.7,N,0
-22.8646,118.327,316.5,1,1,2014-09-17,1726,Aqua,MODIS,83,6.2,292.2,14.1,N,0
-22.8661,118.3367,305.6,1,1,2014-09-17,1726,Aqua,MODIS,58,6.2,290.6,6.9,N,0
-22.7423,118.1841,308.6,1,1,2014-09-17,1726,Aqua,MODIS,75,6.2,287.9,10.1,N,0
-24.4162,151.74,307.4,2.8,1.6,2014-09-17,2334,Terra,MODIS,24,6.2,296.3,13.3,D,0
-24.4213,151.765,308.5,2.8,1.6,2014-09-17,2334,Terra,MODIS,39,6.2,297.3,15.6,D,0
-32.5063,152.1071,306.4,1.7,1.3,2014-09-17,2336,Terra,MODIS,63,6.2,290.8,16.1,D,0
-32.51,152.1254,313.8,1.7,1.3,2014-09-17,2336,Terra,MODIS,74,6.2,289.7,28.1,D,0
-29.1222,148.6622,320.6,3.5,1.8,2014-09-17,2336,Terra,MODIS,78,6.2,297.3,85.7,D,0
-29.1303,148.6522,315.7,3.5,1.8,2014-09-17,2336,Terra,MODIS,73,6.2,298.1,54.4,D,0
-30.4271,151.3727,303.1,2.1,1.4,2014-09-17,2336,Terra,MODIS,43,6.2,292.1,14.1,D,0
-30.3727,151.6308,302.3,2.1,1.4,2014-09-17,2336,Terra,MODIS,36,6.2,289.6,12.3,D,0
-30.4995,152.8857,371.4,1.7,1.3,2014-09-17,2336,Terra,MODIS,100,6.2,298.7,260.7,D,0
-30.5028,152.9032,316.2,1.7,1.3,2014-09-17,2336,Terra,MODIS,77,6.2,293.7,28.3,D,0
-30.5104,152.8952,326.4,1.7,1.3,2014-09-17,2336,Terra,MODIS,84,6.2,295.4,48.4,D,0
-30.5071,152.8781,346.6,1.7,1.3,2014-09-17,2336,Terra,MODIS,95,6.2,297.1,116.5,D,0
-29.6815,150.4186,318.9,2.6,1.5,2014-09-17,2336,Terra,MODIS,77,6.2,297.9,48.4,D,0
-12.8623,142.8607,326.9,1.6,1.2,2014-09-18,0109,Terra,MODIS,77,6.2,301.8,31.3,D,0
-12.85,143.3022,345,1.7,1.3,2014-09-18,0109,Terra,MODIS,92,6.2,295.7,104.8,D,0
-12.816,142.8578,320.6,1.6,1.2,2014-09-18,0109,Terra,MODIS,52,6.2,300.2,19.3,D,0
-12.247,141.8641,322.1,1.3,1.1,2014-09-18,0109,Terra,MODIS,59,6.2,303.6,14.4,D,0
-10.7661,142.4352,324.3,1.4,1.2,2014-09-18,0109,Terra,MODIS,77,6.2,300.5,23.6,D,0
-12.1593,141.8943,324.6,1.3,1.1,2014-09-18,0109,Terra,MODIS,53,6.2,305,18.2,D,0
-12.149,141.8957,331.4,1.3,1.1,2014-09-18,0109,Terra,MODIS,77,6.2,304.1,29.8,D,0
-12.2551,141.8691,325.8,1.3,1.1,2014-09-18,0109,Terra,MODIS,64,6.2,305.5,19.5,D,0
-12.694,141.937,327,1.4,1.2,2014-09-18,0109,Terra,MODIS,77,6.2,304.2,21.1,D,0
-11.9469,142.6814,323.3,1.5,1.2,2014-09-18,0109,Terra,MODIS,64,6.2,304.1,20.9,D,0
-12.519,141.9985,332.8,1.4,1.2,2014-09-18,0109,Terra,MODIS,67,6.2,302.4,32.1,D,0
-12.9245,142.9884,318.1,1.6,1.3,2014-09-18,0109,Terra,MODIS,35,6.2,300.8,14.9,D,0
-12.8585,142.8313,333.5,1.6,1.2,2014-09-18,0109,Terra,MODIS,83,6.2,303.5,47.3,D,0
-12.6957,141.9496,326.8,1.4,1.2,2014-09-18,0109,Terra,MODIS,73,6.2,307.2,21.4,D,0
-12.4947,141.9761,330.6,1.4,1.2,2014-09-18,0109,Terra,MODIS,68,6.2,306.5,27.2,D,0
-12.987,143.0342,326.3,1.7,1.3,2014-09-18,0109,Terra,MODIS,63,6.2,302.5,31.1,D,0
-12.3515,142.4445,335.1,1.5,1.2,2014-09-18,0109,Terra,MODIS,85,6.2,308.7,37.8,D,0
-12.3535,142.3762,327.6,1.5,1.2,2014-09-18,0109,Terra,MODIS,47,6.2,307.3,19.8,D,0
-12.32,142.4826,326.6,1.5,1.2,2014-09-18,0109,Terra,MODIS,27,6.2,307.1,16.4,D,0
-13.0002,142.9569,331.3,1.6,1.3,2014-09-18,0109,Terra,MODIS,77,6.2,305.4,39.7,D,0
-11.7702,142.2002,329.4,1.4,1.2,2014-09-18,0109,Terra,MODIS,79,6.2,304,28.2,D,0
-12.377,142.1019,327.3,1.4,1.2,2014-09-18,0109,Terra,MODIS,65,6.2,306.7,20.4,D,0
-12.814,142.8431,321.9,1.6,1.2,2014-09-18,0109,Terra,MODIS,64,6.2,299,21.5,D,0
-12.3719,142.1084,321.9,1.4,1.2,2014-09-18,0109,Terra,MODIS,52,6.2,305.3,12.9,D,0
-12.3307,142.4812,327.6,1.5,1.2,2014-09-18,0109,Terra,MODIS,29,6.2,306.2,18.3,D,0
-12.2983,142.4855,329.2,1.5,1.2,2014-09-18,0109,Terra,MODIS,76,6.2,307.1,21.5,D,0
-12.3532,142.458,324.7,1.5,1.2,2014-09-18,0109,Terra,MODIS,46,6.2,307.1,15.9,D,0
-12.3424,142.4594,332.5,1.5,1.2,2014-09-18,0109,Terra,MODIS,68,6.2,308.9,30.3,D,0
-12.4943,142.0536,323.7,1.4,1.2,2014-09-18,0109,Terra,MODIS,39,6.2,305.9,9.1,D,0
-12.5241,142.0367,342.4,1.4,1.2,2014-09-18,0109,Terra,MODIS,78,6.2,305.7,53.9,D,0
-12.3701,142.0955,323.9,1.4,1.2,2014-09-18,0109,Terra,MODIS,67,6.2,306.6,15.7,D,0
-12.4821,142.0423,329.7,1.4,1.2,2014-09-18,0109,Terra,MODIS,80,6.2,306.8,20,D,0
-12.3289,142.4676,326.8,1.5,1.2,2014-09-18,0109,Terra,MODIS,30,6.2,308.2,15.2,D,0
-12.3445,142.391,326.5,1.5,1.2,2014-09-18,0109,Terra,MODIS,66,6.2,306.8,16.8,D,0
-12.8604,142.8459,329.6,1.6,1.2,2014-09-18,0109,Terra,MODIS,80,6.2,303.4,37.1,D,0
-12.9775,142.959,323.6,1.6,1.3,2014-09-18,0109,Terra,MODIS,53,6.2,302.1,22.9,D,0
-12.3497,142.4311,332.9,1.5,1.2,2014-09-18,0109,Terra,MODIS,82,6.2,308.3,32.1,D,0
-14.2582,141.7856,327.4,1.4,1.2,2014-09-18,0110,Terra,MODIS,43,6.2,307.7,22.7,D,0
-15.1607,143.5407,335.7,1.9,1.4,2014-09-18,0110,Terra,MODIS,72,6.2,306.7,63.1,D,0
-15.7718,136.2148,374.6,1,1,2014-09-18,0110,Terra,MODIS,100,6.2,318.1,121.3,D,0
-15.504,135.3145,330.4,1.1,1.1,2014-09-18,0110,Terra,MODIS,59,6.2,313.9,12.5,D,0
-14.9077,134.5278,330.4,1.3,1.1,2014-09-18,0110,Terra,MODIS,60,6.2,311.6,13.8,D,0
-16.0261,145.1065,315.9,2.6,1.6,2014-09-18,0110,Terra,MODIS,27,6.2,300.3,34.8,D,0
-15.4309,135.7432,333.1,1.1,1,2014-09-18,0110,Terra,MODIS,75,6.2,310.5,20,D,0
-15.1974,143.536,324.7,1.9,1.4,2014-09-18,0110,Terra,MODIS,53,6.2,306.4,28.8,D,0
-15.7703,136.2051,344.8,1,1,2014-09-18,0110,Terra,MODIS,89,6.2,310.7,35.7,D,0
-14.2378,141.8347,342.9,1.4,1.2,2014-09-18,0110,Terra,MODIS,90,6.2,307.4,59.5,D,0
-14.236,141.8216,342.6,1.4,1.2,2014-09-18,0110,Terra,MODIS,90,6.2,305,59.3,D,0
-14.373,134.4496,339.9,1.3,1.1,2014-09-18,0110,Terra,MODIS,86,6.2,310.9,37.5,D,0
-12.8657,132.5107,335.1,1.9,1.3,2014-09-18,0110,Terra,MODIS,81,6.2,308,56.1,D,0
-14.2484,141.8332,322.8,1.4,1.2,2014-09-18,0110,Terra,MODIS,35,6.2,308.2,12.1,D,0
-15.5803,145.0981,326.5,2.6,1.5,2014-09-18,0110,Terra,MODIS,74,6.2,305.5,44.4,D,0
-14.623,134.4129,328,1.3,1.1,2014-09-18,0110,Terra,MODIS,56,6.2,311.8,14.6,D,0
-15.5636,145.076,326.2,2.6,1.5,2014-09-18,0110,Terra,MODIS,72,6.2,305.1,44.3,D,0
-15.1729,143.5391,342.8,1.9,1.4,2014-09-18,0110,Terra,MODIS,83,6.2,308.3,91.5,D,0
-13.1596,142.8628,325.2,1.6,1.3,2014-09-18,0110,Terra,MODIS,71,6.2,307.1,20.4,D,0
-15.5714,145.0924,328.5,2.6,1.5,2014-09-18,0110,Terra,MODIS,77,6.2,305.1,54.2,D,0
-15.1628,143.5587,326.7,2,1.4,2014-09-18,0110,Terra,MODIS,30,6.2,309.5,28.1,D,0
-15.1506,143.5603,326.9,2,1.4,2014-09-18,0110,Terra,MODIS,48,6.2,307.3,31.6,D,0
-15.5549,145.0702,328.5,2.6,1.5,2014-09-18,0110,Terra,MODIS,70,6.2,305.1,53.8,D,0
-15.7666,136.2315,328.8,1,1,2014-09-18,0110,Terra,MODIS,50,6.2,311.4,11.3,D,0
-15.7825,136.223,338.9,1,1,2014-09-18,0110,Terra,MODIS,75,6.2,315.6,23.7,D,0
-15.1852,143.5376,335,1.9,1.4,2014-09-18,0110,Terra,MODIS,70,6.2,308.4,60.8,D,0
-12.8615,132.5185,343,1.9,1.3,2014-09-18,0110,Terra,MODIS,89,6.2,305.8,85.6,D,0
-14.4789,141.7437,322.1,1.4,1.2,2014-09-18,0110,Terra,MODIS,44,6.2,309,11.8,D,0
-15.5853,145.0908,325.2,2.6,1.5,2014-09-18,0110,Terra,MODIS,73,6.2,305.7,43.5,D,0
-14.3532,134.391,324.9,1.3,1.1,2014-09-18,0110,Terra,MODIS,48,6.2,309.5,11.8,D,0
-15.7795,136.2036,333,1,1,2014-09-18,0110,Terra,MODIS,56,6.2,314.8,15.6,D,0
-15.781,136.2133,360.1,1,1,2014-09-18,0110,Terra,MODIS,100,6.2,316.6,72.2,D,0
-15.7748,136.2341,340.9,1,1,2014-09-18,0110,Terra,MODIS,85,6.2,313.6,29.8,D,0
-15.7637,136.2122,378.1,1,1,2014-09-18,0110,Terra,MODIS,100,6.2,315.6,137.8,D,0
-15.1636,145.1234,317.8,2.6,1.5,2014-09-18,0110,Terra,MODIS,24,6.2,298.6,35.3,D,0
-15.7652,136.2218,368.7,1,1,2014-09-18,0110,Terra,MODIS,100,6.2,315.9,101.9,D,0
-15.7733,136.2244,367.2,1,1,2014-09-18,0110,Terra,MODIS,100,6.2,318.8,94.4,D,0
-15.4325,135.7532,338.1,1.1,1,2014-09-18,0110,Terra,MODIS,82,6.2,310.3,28,D,0
-15.5912,145.0165,320.6,2.6,1.5,2014-09-18,0110,Terra,MODIS,42,6.2,304.8,31.2,D,0
-15.5497,145.0777,321.9,2.6,1.5,2014-09-18,0110,Terra,MODIS,50,6.2,305,30.6,D,0
-14.0906,133.7703,330.5,1.5,1.2,2014-09-18,0110,Terra,MODIS,68,6.2,313.1,22.4,D,0
-13.1467,132.1719,385.2,2,1.4,2014-09-18,0110,Terra,MODIS,100,6.2,311.9,425.9,D,0
-14.0778,133.7591,338,1.5,1.2,2014-09-18,0110,Terra,MODIS,83,6.2,310.3,40.4,D,0
-14.0833,133.7657,337.7,1.5,1.2,2014-09-18,0110,Terra,MODIS,84,6.2,311.9,40.5,D,0
-14.2539,132.3981,347.5,1.8,1.3,2014-09-18,0110,Terra,MODIS,92,6.2,312.1,99,D,0
-14.2304,132.4023,328.9,1.8,1.3,2014-09-18,0110,Terra,MODIS,30,6.2,312.6,27.9,D,0
-14.2186,132.4044,339,1.8,1.3,2014-09-18,0110,Terra,MODIS,85,6.2,312.2,61.1,D,0
-15.5111,144.9858,321.5,2.5,1.5,2014-09-18,0110,Terra,MODIS,42,6.2,304.6,32.8,D,0
-14.1453,132.4145,337.1,1.8,1.3,2014-09-18,0110,Terra,MODIS,83,6.2,310.1,56.4,D,0
-14.1425,132.3978,334.5,1.8,1.3,2014-09-18,0110,Terra,MODIS,79,6.2,310.2,45.1,D,0
-14.0539,133.6798,348.9,1.5,1.2,2014-09-18,0110,Terra,MODIS,93,6.2,308.4,78.8,D,0
-14.0646,133.678,340,1.5,1.2,2014-09-18,0110,Terra,MODIS,86,6.2,310.9,47.8,D,0
-14.0667,133.622,335.1,1.5,1.2,2014-09-18,0110,Terra,MODIS,78,6.2,307.4,40.3,D,0
-14.0691,133.6157,328.5,1.5,1.2,2014-09-18,0110,Terra,MODIS,52,6.2,306.4,24.4,D,0
-14.0714,133.6294,342.7,1.5,1.2,2014-09-18,0110,Terra,MODIS,88,6.2,309.6,60.6,D,0
-13.5056,130.9666,322.1,2.4,1.5,2014-09-18,0110,Terra,MODIS,34,6.2,305.4,22.1,D,0
-15.4552,144.9249,320.2,2.5,1.5,2014-09-18,0110,Terra,MODIS,44,6.2,304.1,34,D,0
-15.669,145.2039,316.3,2.7,1.6,2014-09-18,0110,Terra,MODIS,27,6.2,301.1,28.7,D,0
-14.2935,132.8263,338.8,1.7,1.3,2014-09-18,0110,Terra,MODIS,84,6.2,311.5,54.6,D,0
-13.2013,132.2473,332,1.9,1.4,2014-09-18,0110,Terra,MODIS,75,6.2,310.1,37.7,D,0
-13.1983,132.2546,330.1,1.9,1.4,2014-09-18,0110,Terra,MODIS,68,6.2,309.8,31.6,D,0
-14.2911,132.8207,326.4,1.7,1.3,2014-09-18,0110,Terra,MODIS,63,6.2,310.4,18.5,D,0
-14.1508,132.4062,337.8,1.8,1.3,2014-09-18,0110,Terra,MODIS,76,6.2,311.5,56.4,D,0
-14.0822,133.6276,324.5,1.5,1.2,2014-09-18,0110,Terra,MODIS,45,6.2,309.2,15.7,D,0
-13.1496,132.2631,328.3,1.9,1.4,2014-09-18,0110,Terra,MODIS,47,6.2,311.5,19.8,D,0
-13.5018,130.9445,323.4,2.4,1.5,2014-09-18,0110,Terra,MODIS,52,6.2,304.5,28.3,D,0
-14.143,133.7278,337.2,1.5,1.2,2014-09-18,0110,Terra,MODIS,83,6.2,312.4,32.2,D,0
-14.1279,133.7029,330.2,1.5,1.2,2014-09-18,0110,Terra,MODIS,63,6.2,311.1,17.4,D,0
-14.1149,133.6914,333.4,1.5,1.2,2014-09-18,0110,Terra,MODIS,74,6.2,310.4,26.9,D,0
-15.6735,145.1976,317.2,2.7,1.6,2014-09-18,0110,Terra,MODIS,40,6.2,301.6,33.2,D,0
-13.1954,132.2368,328.1,1.9,1.4,2014-09-18,0110,Terra,MODIS,62,6.2,308.9,23.5,D,0
-14.2125,132.4117,333.5,1.8,1.3,2014-09-18,0110,Terra,MODIS,70,6.2,310.8,41.4,D,0
-13.1645,132.1804,330.3,2,1.4,2014-09-18,0110,Terra,MODIS,74,6.2,309.9,30.6,D,0
-13.162,132.1876,339.7,2,1.4,2014-09-18,0110,Terra,MODIS,86,6.2,309.9,66.7,D,0
-13.159,132.1697,344.5,2,1.4,2014-09-18,0110,Terra,MODIS,90,6.2,309.6,90.4,D,0
-13.1498,132.1898,359.8,2,1.4,2014-09-18,0110,Terra,MODIS,99,6.2,311.9,180.2,D,0
-14.0799,133.7723,334.6,1.5,1.2,2014-09-18,0110,Terra,MODIS,79,6.2,310.5,32.6,D,0
-14.0454,133.6953,333.1,1.5,1.2,2014-09-18,0110,Terra,MODIS,78,6.2,310.6,34.3,D,0
-14.0583,133.7071,356.7,1.5,1.2,2014-09-18,0110,Terra,MODIS,98,6.2,313.4,108.2,D,0
-14.0668,133.6915,335.6,1.5,1.2,2014-09-18,0110,Terra,MODIS,81,6.2,310.5,34.4,D,0
-14.0712,133.7187,337.3,1.5,1.2,2014-09-18,0110,Terra,MODIS,83,6.2,311.6,39.8,D,0
-14.0734,133.7321,326.7,1.5,1.2,2014-09-18,0110,Terra,MODIS,49,6.2,310.1,15.2,D,0
-13.7012,130.2312,323.8,2.7,1.6,2014-09-18,0110,Terra,MODIS,45,6.2,301.8,38.5,D,0
-14.2568,132.4147,328.2,1.8,1.3,2014-09-18,0110,Terra,MODIS,58,6.2,310,27.3,D,0
-14.1391,132.4087,339.5,1.8,1.3,2014-09-18,0110,Terra,MODIS,85,6.2,310.4,63.7,D,0
-14.1307,132.3999,328.4,1.8,1.3,2014-09-18,0110,Terra,MODIS,70,6.2,309.9,30,D,0
-14.2242,132.4094,341,1.8,1.3,2014-09-18,0110,Terra,MODIS,87,6.2,311.6,68.3,D,0
-14.4148,142.1266,323,1.5,1.2,2014-09-18,0110,Terra,MODIS,64,6.2,307.1,15.6,D,0
-13.4047,135.12,330.1,1.2,1.1,2014-09-18,0110,Terra,MODIS,74,6.2,314.3,13.7,D,0
-14.1617,143.1219,322.4,1.8,1.3,2014-09-18,0110,Terra,MODIS,35,6.2,305.6,17.3,D,0
-13.0268,135.7039,328,1.2,1.1,2014-09-18,0110,Terra,MODIS,72,6.2,305.7,15,D,0
-13.0189,135.716,331.1,1.2,1.1,2014-09-18,0110,Terra,MODIS,77,6.2,307,20.7,D,0
-14.2455,143.1277,324.8,1.8,1.3,2014-09-18,0110,Terra,MODIS,68,6.2,304.7,26.6,D,0
-13.4065,135.1313,328.6,1.2,1.1,2014-09-18,0110,Terra,MODIS,64,6.2,313,12.3,D,0
-14.284,143.182,340.2,1.8,1.3,2014-09-18,0110,Terra,MODIS,89,6.2,307.1,71.4,D,0
-12.3908,136.4489,328.3,1.1,1,2014-09-18,0110,Terra,MODIS,74,6.2,307.4,13.5,D,0
-13.3008,134.1506,332.8,1.4,1.2,2014-09-18,0110,Terra,MODIS,65,6.2,311.5,24,D,0
-14.2476,143.144,319.5,1.8,1.3,2014-09-18,0110,Terra,MODIS,32,6.2,305.7,13.1,D,0
-13.2945,134.1781,331.3,1.4,1.2,2014-09-18,0110,Terra,MODIS,67,6.2,312.4,20.5,D,0
-13.284,134.1799,328.7,1.4,1.2,2014-09-18,0110,Terra,MODIS,33,6.2,313.4,14.8,D,0
-14.2683,143.1511,323.7,1.8,1.3,2014-09-18,0110,Terra,MODIS,63,6.2,305.3,19.2,D,0
-13.2924,134.1653,332.3,1.4,1.2,2014-09-18,0110,Terra,MODIS,68,6.2,312.3,21.7,D,0
-13.0252,135.6933,363.9,1.2,1.1,2014-09-18,0110,Terra,MODIS,100,6.2,308.5,103.3,D,0
-13.5437,135.1602,338,1.2,1.1,2014-09-18,0110,Terra,MODIS,84,6.2,311.4,34.4,D,0
-13.5301,135.2645,332.3,1.2,1.1,2014-09-18,0110,Terra,MODIS,75,6.2,311.8,21.8,D,0
-15.3327,141.6414,324.5,1.4,1.2,2014-09-18,0110,Terra,MODIS,42,6.2,312.1,13.8,D,0
-13.5222,135.1523,327.5,1.2,1.1,2014-09-18,0110,Terra,MODIS,69,6.2,307.4,16.1,D,0
-12.761,134.9396,327.5,1.3,1.1,2014-09-18,0110,Terra,MODIS,59,6.2,310.3,11.8,D,0
-14.1481,143.1073,329.5,1.7,1.3,2014-09-18,0110,Terra,MODIS,79,6.2,305.2,37.8,D,0
-12.3957,136.4416,325,1.1,1,2014-09-18,0110,Terra,MODIS,67,6.2,307.3,10.3,D,0
-14.1521,143.1124,338.3,1.7,1.3,2014-09-18,0110,Terra,MODIS,87,6.2,306.5,66.3,D,0
-14.241,143.1216,328.2,1.8,1.3,2014-09-18,0110,Terra,MODIS,58,6.2,304,32.3,D,0
-14.2434,143.1116,326.5,1.8,1.3,2014-09-18,0110,Terra,MODIS,76,6.2,304.8,31.6,D,0
-13.4675,135.1331,328.6,1.2,1.1,2014-09-18,0110,Terra,MODIS,70,6.2,311.4,14.6,D,0
-13.5419,135.1488,405.5,1.2,1.1,2014-09-18,0110,Terra,MODIS,100,6.2,318.3,365.8,D,0
-13.6202,142.013,321,1.4,1.2,2014-09-18,0110,Terra,MODIS,47,6.2,304.5,14.5,D,0
-13.3119,134.5476,327.9,1.3,1.1,2014-09-18,0110,Terra,MODIS,64,6.2,313.3,13.4,D,0
-13.4692,135.1443,344.3,1.2,1.1,2014-09-18,0110,Terra,MODIS,90,6.2,312.1,47.2,D,0
-12.821,134.9956,326.6,1.3,1.1,2014-09-18,0110,Terra,MODIS,58,6.2,308,14.2,D,0
-12.8191,134.9839,334.9,1.3,1.1,2014-09-18,0110,Terra,MODIS,82,6.2,307.8,29.5,D,0
-12.809,134.9855,326.3,1.3,1.1,2014-09-18,0110,Terra,MODIS,28,6.2,310.4,12.2,D,0
-12.8104,134.9913,333.3,1.3,1.1,2014-09-18,0110,Terra,MODIS,72,6.2,311,22.2,D,0
-12.7748,134.9614,335.7,1.3,1.1,2014-09-18,0110,Terra,MODIS,82,6.2,309.9,26.9,D,0
-13.1208,141.8616,320.1,1.4,1.2,2014-09-18,0110,Terra,MODIS,48,6.2,304.2,10.7,D,0
-13.1191,141.8489,331.3,1.4,1.2,2014-09-18,0110,Terra,MODIS,81,6.2,305.1,30.4,D,0
-14.191,143.1675,322.7,1.8,1.3,2014-09-18,0110,Terra,MODIS,68,6.2,305,19.8,D,0
-12.1713,133.7825,324.1,1.6,1.2,2014-09-18,0110,Terra,MODIS,48,6.2,308,15,D,0
-13.5321,135.1507,333.4,1.2,1.1,2014-09-18,0110,Terra,MODIS,79,6.2,308.7,26,D,0
-13.5401,135.1376,342,1.2,1.1,2014-09-18,0110,Terra,MODIS,88,6.2,307.8,45.1,D,0
-13.5363,135.241,353.5,1.2,1.1,2014-09-18,0110,Terra,MODIS,96,6.2,309.4,73.2,D,0
-13.5329,135.2192,328,1.2,1.1,2014-09-18,0110,Terra,MODIS,64,6.2,307,15.4,D,0
-15.0226,143.6994,323.9,2,1.4,2014-09-18,0110,Terra,MODIS,66,6.2,303.6,32.3,D,0
-15.0249,143.7178,324.9,2,1.4,2014-09-18,0110,Terra,MODIS,66,6.2,303.2,35.7,D,0
-14.7833,142.7898,326.6,1.7,1.3,2014-09-18,0110,Terra,MODIS,47,6.2,307.1,23.4,D,0
-14.2861,143.1984,322,1.8,1.3,2014-09-18,0110,Terra,MODIS,53,6.2,306.4,18.3,D,0
-12.1689,133.7682,324.6,1.6,1.2,2014-09-18,0110,Terra,MODIS,48,6.2,309,15.5,D,0
-13.5398,135.2629,336.8,1.2,1.1,2014-09-18,0110,Terra,MODIS,83,6.2,309,30.6,D,0
-13.4161,141.8552,331.5,1.4,1.2,2014-09-18,0110,Terra,MODIS,52,6.2,305.2,29.3,D,0
-13.5231,135.2207,324.4,1.2,1.1,2014-09-18,0110,Terra,MODIS,38,6.2,308.6,9.8,D,0
-13.5381,135.252,341.2,1.2,1.1,2014-09-18,0110,Terra,MODIS,87,6.2,309.6,40.8,D,0
-12.8807,135.6966,325.8,1.2,1.1,2014-09-18,0110,Terra,MODIS,33,6.2,309,11.3,D,0
-13.5967,134.9127,326.4,1.3,1.1,2014-09-18,0110,Terra,MODIS,37,6.2,312.9,8.6,D,0
-13.5409,135.2066,323.8,1.2,1.1,2014-09-18,0110,Terra,MODIS,37,6.2,308.4,9.8,D,0
-13.0164,135.7231,327.4,1.2,1.1,2014-09-18,0110,Terra,MODIS,58,6.2,306.1,13.5,D,0
-14.3709,142.1524,323.2,1.5,1.2,2014-09-18,0110,Terra,MODIS,63,6.2,307.3,16.3,D,0
-13.0148,135.7124,325.5,1.2,1.1,2014-09-18,0110,Terra,MODIS,47,6.2,308.2,9.7,D,0
-12.8565,135.6679,336,1.2,1.1,2014-09-18,0110,Terra,MODIS,82,6.2,307.3,28.1,D,0
-18.1325,133.6268,327.2,1.3,1.1,2014-09-18,0111,Terra,MODIS,71,6.2,311.7,14.8,D,0
-17.4589,138.4048,337.4,1,1,2014-09-18,0111,Terra,MODIS,69,6.2,313.3,23.2,D,0
-17.3666,138.2801,370.5,1,1,2014-09-18,0111,Terra,MODIS,100,6.2,314.1,109.3,D,0
-17.3679,138.2897,377.7,1,1,2014-09-18,0111,Terra,MODIS,100,6.2,320.9,137.7,D,0
-17.3693,138.2994,335.9,1,1,2014-09-18,0111,Terra,MODIS,38,6.2,316.5,21.8,D,0
-17.3706,138.3091,337.3,1,1,2014-09-18,0111,Terra,MODIS,66,6.2,316.2,22.8,D,0
-17.3771,138.2884,359.2,1,1,2014-09-18,0111,Terra,MODIS,99,6.2,309.5,73.9,D,0
-17.3784,138.298,371.5,1,1,2014-09-18,0111,Terra,MODIS,100,6.2,315.6,110.3,D,0
-17.3798,138.3077,348.2,1,1,2014-09-18,0111,Terra,MODIS,89,6.2,315.8,43.6,D,0
-17.393,138.3354,342.3,1,1,2014-09-18,0111,Terra,MODIS,82,6.2,316.5,28.4,D,0
-17.4008,138.3243,339.4,1,1,2014-09-18,0111,Terra,MODIS,31,6.2,312.2,25.4,D,0
-17.4021,138.334,368.4,1,1,2014-09-18,0111,Terra,MODIS,100,6.2,316.3,95.5,D,0
-17.4035,138.3437,370.9,1,1,2014-09-18,0111,Terra,MODIS,100,6.2,318.7,102.3,D,0
-17.4085,138.3133,334.8,1,1,2014-09-18,0111,Terra,MODIS,80,6.2,308.3,24,D,0
-17.4099,138.323,360.1,1,1,2014-09-18,0111,Terra,MODIS,100,6.2,315.5,75.1,D,0
-17.4191,138.3216,340.1,1,1,2014-09-18,0111,Terra,MODIS,86,6.2,309.9,31.1,D,0
-17.4204,138.3313,352,1,1,2014-09-18,0111,Terra,MODIS,95,6.2,314.2,52.5,D,0
-17.4547,138.3756,333.8,1,1,2014-09-18,0111,Terra,MODIS,23,6.2,312.9,17.1,D,0
-17.4639,138.3743,328.7,1,1,2014-09-18,0111,Terra,MODIS,66,6.2,311.9,12.9,D,0
-17.0307,132.4498,340,1.6,1.2,2014-09-18,0111,Terra,MODIS,87,6.2,310.9,55.9,D,0
-16.4916,132.743,324.4,1.6,1.2,2014-09-18,0111,Terra,MODIS,38,6.2,308.5,16.8,D,0
-16.4954,132.6975,338.1,1.6,1.2,2014-09-18,0111,Terra,MODIS,43,6.2,314.6,44.1,D,0
-16.4978,132.7121,348,1.6,1.2,2014-09-18,0111,Terra,MODIS,91,6.2,315.2,78.3,D,0
-16.4957,132.6916,334,1.6,1.2,2014-09-18,0111,Terra,MODIS,50,6.2,314.4,34.1,D,0
-16.4982,132.7061,353.3,1.6,1.2,2014-09-18,0111,Terra,MODIS,96,6.2,315.9,101.7,D,0
-16.5007,132.7206,337.7,1.6,1.2,2014-09-18,0111,Terra,MODIS,47,6.2,313.3,43.8,D,0
-16.5067,132.6896,378.1,1.6,1.2,2014-09-18,0111,Terra,MODIS,100,6.2,318.6,246.4,D,0
-16.5093,132.7042,384.1,1.6,1.2,2014-09-18,0111,Terra,MODIS,100,6.2,318,295.7,D,0
-16.5117,132.7186,349.6,1.6,1.2,2014-09-18,0111,Terra,MODIS,94,6.2,311.3,87.1,D,0
-16.5103,132.6438,341.9,1.6,1.2,2014-09-18,0111,Terra,MODIS,71,6.2,312.4,54.1,D,0
-16.5128,132.6584,345.5,1.6,1.2,2014-09-18,0111,Terra,MODIS,63,6.2,311.6,65.6,D,0
-16.5178,132.6877,390.1,1.6,1.2,2014-09-18,0111,Terra,MODIS,100,6.2,312,352.6,D,0
-16.5203,132.7022,378.7,1.6,1.2,2014-09-18,0111,Terra,MODIS,100,6.2,311.8,255,D,0
-16.5214,132.6419,418.6,1.6,1.2,2014-09-18,0111,Terra,MODIS,100,6.2,318.2,718.3,D,0
-16.5239,132.6565,368.1,1.6,1.2,2014-09-18,0111,Terra,MODIS,100,6.2,305.7,184.1,D,0
-16.5264,132.6711,341,1.6,1.2,2014-09-18,0111,Terra,MODIS,67,6.2,303.1,59.3,D,0
-16.53,132.6252,365.1,1.6,1.2,2014-09-18,0111,Terra,MODIS,100,6.2,307,170.2,D,0
-16.5325,132.6399,323,1.6,1.2,2014-09-18,0111,Terra,MODIS,18,6.2,301.8,19.7,D,0
-17.3349,138.3106,335.1,1,1,2014-09-18,0111,Terra,MODIS,66,6.2,314.4,19.3,D,0
-17.3454,138.3189,327.6,1,1,2014-09-18,0111,Terra,MODIS,34,6.2,314,7.6,D,0
-17.3467,138.3286,331.4,1,1,2014-09-18,0111,Terra,MODIS,75,6.2,316.1,11.9,D,0
-17.349,138.2789,344.1,1,1,2014-09-18,0111,Terra,MODIS,89,6.2,312.7,38.7,D,0
-17.3504,138.2886,342.7,1,1,2014-09-18,0111,Terra,MODIS,88,6.2,314.1,33.5,D,0
-17.3545,138.3175,359.4,1,1,2014-09-18,0111,Terra,MODIS,99,6.2,315.9,66.2,D,0
-17.3559,138.3272,341.8,1,1,2014-09-18,0111,Terra,MODIS,73,6.2,317,25.6,D,0
-17.3581,138.2775,368.9,1,1,2014-09-18,0111,Terra,MODIS,100,6.2,315,104.4,D,0
-17.3595,138.2872,349.5,1,1,2014-09-18,0111,Terra,MODIS,93,6.2,316.6,48.2,D,0
-17.3609,138.2968,339.4,1,1,2014-09-18,0111,Terra,MODIS,56,6.2,315.7,26.3,D,0
-16.4878,132.7883,325.7,1.5,1.2,2014-09-18,0111,Terra,MODIS,46,6.2,309.7,20,D,0
-16.9795,132.5564,344.4,1.6,1.2,2014-09-18,0111,Terra,MODIS,90,6.2,312.5,66.9,D,0
-16.3703,132.5684,333.7,1.6,1.2,2014-09-18,0111,Terra,MODIS,32,6.2,309.6,34.5,D,0
-16.4089,132.592,351.1,1.6,1.2,2014-09-18,0111,Terra,MODIS,83,6.2,315.8,93.7,D,0
-16.4115,132.6068,344.5,1.6,1.2,2014-09-18,0111,Terra,MODIS,67,6.2,313.1,66.2,D,0
-16.4175,132.5751,388.9,1.6,1.2,2014-09-18,0111,Terra,MODIS,100,6.2,314.4,357.8,D,0
-16.4201,132.59,409.5,1.6,1.2,2014-09-18,0111,Terra,MODIS,100,6.2,320.7,590.8,D,0
-16.4226,132.6048,345.5,1.6,1.2,2014-09-18,0111,Terra,MODIS,80,6.2,312.1,68.5,D,0
-16.4337,132.6028,341.6,1.6,1.2,2014-09-18,0111,Terra,MODIS,65,6.2,313.6,52.9,D,0
-16.4424,132.586,393,1.6,1.2,2014-09-18,0111,Terra,MODIS,100,6.2,317.1,390,D,0
-16.451,132.5691,396.4,1.6,1.2,2014-09-18,0111,Terra,MODIS,100,6.2,315,437.3,D,0
-16.4535,132.5839,433.7,1.6,1.2,2014-09-18,0111,Terra,MODIS,100,6.2,329.3,1004.7,D,0
-16.4622,132.567,420.7,1.6,1.2,2014-09-18,0111,Terra,MODIS,100,6.2,322.1,776.8,D,0
-16.4647,132.5819,391.6,1.6,1.2,2014-09-18,0111,Terra,MODIS,100,6.2,319.1,372.2,D,0
-16.4672,132.5968,336.8,1.6,1.2,2014-09-18,0111,Terra,MODIS,49,6.2,311.4,34.3,D,0
-16.4758,132.5799,360.3,1.6,1.2,2014-09-18,0111,Terra,MODIS,100,6.2,314.2,128.3,D,0
-16.4783,132.5948,338,1.6,1.2,2014-09-18,0111,Terra,MODIS,33,6.2,310,33.5,D,0
-16.4642,132.5761,401.9,1.6,1.2,2014-09-18,0111,Terra,MODIS,100,6.2,323.7,483.8,D,0
-16.4668,132.5909,342.6,1.6,1.2,2014-09-18,0111,Terra,MODIS,61,6.2,313.7,47.6,D,0
-16.4753,132.5741,368.7,1.6,1.2,2014-09-18,0111,Terra,MODIS,100,6.2,315.8,178.8,D,0
-16.4779,132.5889,351.4,1.6,1.2,2014-09-18,0111,Terra,MODIS,95,6.2,311.4,81.6,D,0
-16.5002,132.5849,340.5,1.6,1.2,2014-09-18,0111,Terra,MODIS,56,6.2,311.4,43.7,D,0
-17.3069,138.4436,340.8,1,1,2014-09-18,0111,Terra,MODIS,86,6.2,316.4,27.7,D,0
-16.5113,132.5829,349.6,1.6,1.2,2014-09-18,0111,Terra,MODIS,88,6.2,309.8,83.2,D,0
-16.5164,132.6125,345.9,1.6,1.2,2014-09-18,0111,Terra,MODIS,89,6.2,310,66.4,D,0
-16.5189,132.6272,363.1,1.6,1.2,2014-09-18,0111,Terra,MODIS,100,6.2,310,148.4,D,0
-16.5224,132.5809,369,1.6,1.2,2014-09-18,0111,Terra,MODIS,100,6.2,310.3,194.8,D,0
-17.3175,138.4519,333,1,1,2014-09-18,0111,Terra,MODIS,69,6.2,315.4,15.8,D,0
-16.3689,132.5601,342.4,1.6,1.2,2014-09-18,0111,Terra,MODIS,88,6.2,312,60.3,D,0
-16.3751,132.528,333.5,1.6,1.3,2014-09-18,0111,Terra,MODIS,79,6.2,310.4,27.6,D,0
-16.3776,132.5431,349.1,1.6,1.3,2014-09-18,0111,Terra,MODIS,93,6.2,311.5,83.1,D,0
-16.3677,132.5534,347.1,1.6,1.2,2014-09-18,0111,Terra,MODIS,92,6.2,313.7,79,D,0
-16.3763,132.5364,344.2,1.6,1.3,2014-09-18,0111,Terra,MODIS,90,6.2,310.9,65.2,D,0
-16.3789,132.5514,337.8,1.6,1.2,2014-09-18,0111,Terra,MODIS,60,6.2,310.5,46.5,D,0
-16.3849,132.5194,337.6,1.6,1.3,2014-09-18,0111,Terra,MODIS,77,6.2,309.1,45.6,D,0
-16.3901,132.5494,336.6,1.6,1.2,2014-09-18,0111,Terra,MODIS,68,6.2,308.9,45,D,0
-16.4709,132.5501,368.3,1.6,1.2,2014-09-18,0111,Terra,MODIS,100,6.2,307.7,198.2,D,0
-16.4733,132.565,410.8,1.6,1.2,2014-09-18,0111,Terra,MODIS,100,6.2,320.5,617.2,D,0
-16.4616,132.5613,379.2,1.6,1.2,2014-09-18,0111,Terra,MODIS,100,6.2,314.3,268.8,D,0
-16.4727,132.5592,412.8,1.6,1.2,2014-09-18,0111,Terra,MODIS,100,6.2,319,647.4,D,0
-16.4813,132.5423,350.2,1.6,1.2,2014-09-18,0111,Terra,MODIS,94,6.2,308.9,101.3,D,0
-16.4839,132.5572,377.8,1.6,1.2,2014-09-18,0111,Terra,MODIS,100,6.2,317.2,264.4,D,0
-16.4925,132.5402,364.5,1.6,1.2,2014-09-18,0111,Terra,MODIS,100,6.2,310.6,173.9,D,0
-16.4951,132.5552,376.6,1.6,1.2,2014-09-18,0111,Terra,MODIS,100,6.2,319.2,251.4,D,0
-16.5062,132.5531,354.7,1.6,1.2,2014-09-18,0111,Terra,MODIS,97,6.2,310.6,117.9,D,0
-17.4575,138.3951,338.3,1,1,2014-09-18,0111,Terra,MODIS,60,6.2,315.5,24.2,D,0
-16.5275,132.6105,341.6,1.6,1.2,2014-09-18,0111,Terra,MODIS,43,6.2,305.5,59.8,D,0
-16.5336,132.5788,335.5,1.6,1.2,2014-09-18,0111,Terra,MODIS,56,6.2,304.7,46.3,D,0
-16.5361,132.5937,343.3,1.6,1.2,2014-09-18,0111,Terra,MODIS,87,6.2,305.7,71.7,D,0
-16.7437,132.6637,327.2,1.6,1.2,2014-09-18,0111,Terra,MODIS,65,6.2,311.7,20.4,D,0
-17.3944,138.3451,333.6,1,1,2014-09-18,0111,Terra,MODIS,58,6.2,315,13.7,D,0
-17.4049,138.3534,354.9,1,1,2014-09-18,0111,Terra,MODIS,97,6.2,317.1,53.9,D,0
-17.4264,138.4395,325.7,1,1,2014-09-18,0111,Terra,MODIS,49,6.2,314.6,7.9,D,0
-17.4273,138.3798,335.6,1,1,2014-09-18,0111,Terra,MODIS,32,6.2,314.9,16,D,0
-17.4392,138.3978,335.3,1,1,2014-09-18,0111,Terra,MODIS,81,6.2,317,18.3,D,0
-17.4484,138.3965,340.3,1,1,2014-09-18,0111,Terra,MODIS,61,6.2,316.6,25.3,D,0
-17.4497,138.4062,341,1,1,2014-09-18,0111,Terra,MODIS,80,6.2,315,28.2,D,0
-16.7274,132.1618,330.6,1.7,1.3,2014-09-18,0111,Terra,MODIS,69,6.2,310.2,30.1,D,0
-16.759,132.1397,345.8,1.7,1.3,2014-09-18,0111,Terra,MODIS,91,6.2,310.3,81.2,D,0
-16.7617,132.1556,335.6,1.7,1.3,2014-09-18,0111,Terra,MODIS,68,6.2,309.2,45.3,D,0
-16.7587,132.15,331.4,1.7,1.3,2014-09-18,0111,Terra,MODIS,53,6.2,309.4,34.1,D,0
-16.7673,132.132,326.2,1.7,1.3,2014-09-18,0111,Terra,MODIS,47,6.2,309.6,20.5,D,0
-16.7701,132.1479,335.1,1.7,1.3,2014-09-18,0111,Terra,MODIS,82,6.2,309,47.6,D,0
-16.7788,132.13,330,1.7,1.3,2014-09-18,0111,Terra,MODIS,66,6.2,309.1,31.8,D,0
-16.7875,132.112,336.7,1.7,1.3,2014-09-18,0111,Terra,MODIS,84,6.2,309.6,54.4,D,0
-16.7902,132.1279,341.1,1.7,1.3,2014-09-18,0111,Terra,MODIS,88,6.2,309.5,69.9,D,0
-16.7989,132.1099,345.9,1.7,1.3,2014-09-18,0111,Terra,MODIS,91,6.2,307.5,91.7,D,0
-16.8017,132.1258,338.6,1.7,1.3,2014-09-18,0111,Terra,MODIS,85,6.2,307,62.5,D,0
-16.8589,132.1152,322.2,1.7,1.3,2014-09-18,0111,Terra,MODIS,20,6.2,308.6,16.6,D,0
-16.8784,132.1048,324.2,1.7,1.3,2014-09-18,0111,Terra,MODIS,55,6.2,310.6,21.9,D,0
-16.7103,135.4868,326.8,1.1,1,2014-09-18,0111,Terra,MODIS,49,6.2,313.9,9.1,D,0
-16.4902,132.8027,326.1,1.5,1.2,2014-09-18,0111,Terra,MODIS,67,6.2,309.9,22.1,D,0
-16.4988,132.7863,345.3,1.5,1.2,2014-09-18,0111,Terra,MODIS,91,6.2,310.2,74.4,D,0
-16.5012,132.8007,346.8,1.5,1.2,2014-09-18,0111,Terra,MODIS,92,6.2,309.3,80.9,D,0
-16.4997,132.7803,335,1.5,1.2,2014-09-18,0111,Terra,MODIS,51,6.2,308.5,40.3,D,0
-16.5022,132.7946,339.8,1.5,1.2,2014-09-18,0111,Terra,MODIS,86,6.2,309.2,56.4,D,0
-16.5047,132.8088,328.8,1.5,1.2,2014-09-18,0111,Terra,MODIS,52,6.2,308.1,27.3,D,0
-16.8334,135.4396,327.9,1.1,1,2014-09-18,0111,Terra,MODIS,51,6.2,315.7,10.1,D,0
-17.1783,145.7422,317.4,3.1,1.7,2014-09-18,0111,Terra,MODIS,32,6.2,297.8,56.4,D,0
-17.1007,132.3219,332.6,1.6,1.3,2014-09-18,0111,Terra,MODIS,64,6.2,313.7,31.5,D,0
-17.1935,145.7423,323.6,3.1,1.7,2014-09-18,0111,Terra,MODIS,68,6.2,298.9,90.8,D,0
-17.1774,145.7378,317.8,3.1,1.7,2014-09-18,0111,Terra,MODIS,47,6.2,298.3,65.9,D,0
-17.3347,145.7991,321.3,3.1,1.7,2014-09-18,0111,Terra,MODIS,64,6.2,297.1,87.3,D,0
-17.1925,145.7373,327.5,3.1,1.7,2014-09-18,0111,Terra,MODIS,75,6.2,299.1,115,D,0
-16.1291,128.1318,320.1,3.5,1.8,2014-09-18,0111,Terra,MODIS,36,6.2,302.4,40.1,D,0
-16.12,128.1398,321.7,3.5,1.8,2014-09-18,0111,Terra,MODIS,49,6.2,303.4,47.9,D,0
-18.4209,130.4074,352.3,2.1,1.4,2014-09-18,0111,Terra,MODIS,95,6.2,309.8,161,D,0
-18.4088,130.4168,344,2.1,1.4,2014-09-18,0111,Terra,MODIS,90,6.2,311.8,108.8,D,0
-15.8696,127.489,319.2,3.9,1.8,2014-09-18,0111,Terra,MODIS,41,6.2,301.6,37,D,0
-18.4172,130.3875,323,2.1,1.4,2014-09-18,0111,Terra,MODIS,46,6.2,308,23.1,D,0
-16.1131,128.1336,320.1,3.5,1.8,2014-09-18,0111,Terra,MODIS,23,6.2,303.6,38.5,D,0
-16.181,136.8408,356,1,1,2014-09-18,0111,Terra,MODIS,97,6.2,316.1,60.1,D,0
-16.1824,136.8502,346.1,1,1,2014-09-18,0111,Terra,MODIS,90,6.2,315.9,37.9,D,0
-16.19,136.8394,352.1,1,1,2014-09-18,0111,Terra,MODIS,95,6.2,316.8,49.4,D,0
-16.1914,136.8488,344.7,1,1,2014-09-18,0111,Terra,MODIS,89,6.2,317.3,33.9,D,0
-16.3664,132.545,343.6,1.6,1.3,2014-09-18,0111,Terra,MODIS,89,6.2,313.9,60.7,D,0
-16.2391,132.5428,358.1,1.6,1.3,2014-09-18,0111,Terra,MODIS,99,6.2,314,130,D,0
-16.233,132.5749,350.9,1.6,1.3,2014-09-18,0111,Terra,MODIS,94,6.2,313.6,94.9,D,0
-16.2304,132.5599,344.2,1.6,1.3,2014-09-18,0111,Terra,MODIS,90,6.2,315.4,69.3,D,0
-16.3429,132.6107,341,1.6,1.2,2014-09-18,0111,Terra,MODIS,82,6.2,311.4,58.2,D,0
-16.364,132.0559,330.4,1.8,1.3,2014-09-18,0111,Terra,MODIS,65,6.2,313.5,26.3,D,0
-16.1883,132.3148,333.6,1.7,1.3,2014-09-18,0111,Terra,MODIS,79,6.2,313.5,35.4,D,0
-16.2861,132.4818,332.2,1.6,1.3,2014-09-18,0111,Terra,MODIS,77,6.2,307.2,34.7,D,0
-16.2815,132.5196,332.7,1.6,1.3,2014-09-18,0111,Terra,MODIS,51,6.2,307.9,33.9,D,0
-16.2529,132.5559,340.5,1.6,1.3,2014-09-18,0111,Terra,MODIS,87,6.2,308.6,50.9,D,0
-16.3285,132.1951,330.8,1.7,1.3,2014-09-18,0111,Terra,MODIS,74,6.2,314.5,26.8,D,0
-16.2416,132.5579,375.7,1.6,1.3,2014-09-18,0111,Terra,MODIS,100,6.2,315,239.1,D,0
-16.3404,132.5959,337.4,1.6,1.2,2014-09-18,0111,Terra,MODIS,78,6.2,312.9,43.3,D,0
-16.3286,132.4585,329.7,1.6,1.3,2014-09-18,0111,Terra,MODIS,75,6.2,310.2,25.7,D,0
-16.2503,132.5408,350.2,1.6,1.3,2014-09-18,0111,Terra,MODIS,94,6.2,307.5,92.1,D,0
-16.2442,132.5729,344.9,1.6,1.3,2014-09-18,0111,Terra,MODIS,90,6.2,310.8,65.9,D,0
-16.1998,132.3128,327.4,1.7,1.3,2014-09-18,0111,Terra,MODIS,59,6.2,310.5,19,D,0
-18.383,130.4148,331.4,2.1,1.4,2014-09-18,0111,Terra,MODIS,75,6.2,311.4,48.4,D,0
-18.3836,130.4217,335,2.1,1.4,2014-09-18,0111,Terra,MODIS,82,6.2,311.5,64.6,D,0
-18.3926,130.3994,341.7,2.1,1.4,2014-09-18,0111,Terra,MODIS,88,6.2,310.5,97.9,D,0
-18.3956,130.4123,365.9,2.1,1.4,2014-09-18,0111,Terra,MODIS,100,6.2,313.5,265.9,D,0
-14.8837,126.6761,317.6,4.7,2,2014-09-18,0111,Terra,MODIS,46,6.2,297.3,56.6,D,0
-18.3962,130.4193,363,2.1,1.4,2014-09-18,0111,Terra,MODIS,100,6.2,313.1,240.8,D,0
-18.4053,130.3969,335.9,2.1,1.4,2014-09-18,0111,Terra,MODIS,83,6.2,310.8,70.7,D,0
-18.3993,130.4321,327.4,2.1,1.4,2014-09-18,0111,Terra,MODIS,55,6.2,310.2,32.8,D,0
-18.4082,130.4099,354.7,2.1,1.4,2014-09-18,0111,Terra,MODIS,97,6.2,312.6,175.4,D,0
-18.9021,129.8696,368.4,2.3,1.5,2014-09-18,0112,Terra,MODIS,100,6.2,314.1,315.7,D,0
-20.0793,128.2895,325.1,2.8,1.6,2014-09-18,0112,Terra,MODIS,62,6.2,308,42.4,D,0
-20.1383,128.2704,340.9,2.8,1.6,2014-09-18,0112,Terra,MODIS,88,6.2,309.4,132.8,D,0
-20.185,128.2051,322,2.8,1.6,2014-09-18,0112,Terra,MODIS,53,6.2,308.5,31.6,D,0
-18.7723,130.1669,324.8,2.2,1.4,2014-09-18,0112,Terra,MODIS,47,6.2,309.6,26.5,D,0
-18.776,130.187,338,2.2,1.4,2014-09-18,0112,Terra,MODIS,85,6.2,310.7,81.1,D,0
-18.805,128.7627,324,2.7,1.6,2014-09-18,0112,Terra,MODIS,54,6.2,310.1,34.8,D,0
-18.7887,130.1845,327.7,2.2,1.4,2014-09-18,0112,Terra,MODIS,73,6.2,308.6,38.7,D,0
-18.8666,129.8841,357.7,2.3,1.5,2014-09-18,0112,Terra,MODIS,98,6.2,312.5,209.3,D,0
-18.8276,129.8919,333.2,2.3,1.5,2014-09-18,0112,Terra,MODIS,55,6.2,310.6,52.2,D,0
-20.121,128.1972,327.9,2.8,1.6,2014-09-18,0112,Terra,MODIS,43,6.2,308.6,45.3,D,0
-20.1225,128.1908,323.7,2.8,1.6,2014-09-18,0112,Terra,MODIS,22,6.2,308.3,26.3,D,0
-20.1369,128.1877,328.6,2.8,1.6,2014-09-18,0112,Terra,MODIS,57,6.2,308.4,50,D,0
-20.1512,128.1846,348.3,2.8,1.6,2014-09-18,0112,Terra,MODIS,93,6.2,309.1,196.6,D,0
-20.1564,128.2113,329,2.8,1.6,2014-09-18,0112,Terra,MODIS,47,6.2,307.8,54.6,D,0
-20.1655,128.1815,328.1,2.8,1.6,2014-09-18,0112,Terra,MODIS,74,6.2,307.4,55.1,D,0
-20.2006,128.1948,341,2.8,1.6,2014-09-18,0112,Terra,MODIS,88,6.2,307.5,144.2,D,0
-20.1863,128.1978,324.6,2.8,1.6,2014-09-18,0112,Terra,MODIS,53,6.2,308,42.1,D,0
-20.1993,128.202,338.7,2.8,1.6,2014-09-18,0112,Terra,MODIS,86,6.2,307.9,129.8,D,0
-20.1942,128.1754,328.1,2.8,1.6,2014-09-18,0112,Terra,MODIS,74,6.2,306.2,61.3,D,0
-18.9251,129.8587,357.8,2.3,1.5,2014-09-18,0112,Terra,MODIS,98,6.2,308.6,225,D,0
-18.921,129.8374,375.3,2.3,1.5,2014-09-18,0112,Terra,MODIS,100,6.2,307.2,409.9,D,0
-18.9242,129.8429,347.8,2.3,1.5,2014-09-18,0112,Terra,MODIS,93,6.2,305.4,153.5,D,0
-18.9151,129.8669,366.8,2.3,1.5,2014-09-18,0112,Terra,MODIS,100,6.2,312.3,303.8,D,0
-18.9112,129.8456,463.4,2.3,1.5,2014-09-18,0112,Terra,MODIS,100,6.2,330.3,2937,D,0
-18.8982,129.8483,438.1,2.3,1.5,2014-09-18,0112,Terra,MODIS,100,6.2,326.2,1833.9,D,0
-18.8892,129.8723,351.7,2.3,1.5,2014-09-18,0112,Terra,MODIS,95,6.2,313.1,164.2,D,0
-18.8852,129.851,358.6,2.3,1.5,2014-09-18,0112,Terra,MODIS,99,6.2,312.6,219.5,D,0
-18.8762,129.8751,356.3,2.3,1.5,2014-09-18,0112,Terra,MODIS,98,6.2,312.5,198.7,D,0
-18.8722,129.8538,339.4,2.3,1.5,2014-09-18,0112,Terra,MODIS,57,6.2,308.5,84.2,D,0
-18.8632,129.8778,364.7,2.3,1.5,2014-09-18,0112,Terra,MODIS,100,6.2,313.2,273.5,D,0
-18.8628,129.8628,356.5,2.3,1.5,2014-09-18,0112,Terra,MODIS,98,6.2,310,198.8,D,0
-19.5958,127.6282,332.2,3.2,1.7,2014-09-18,0112,Terra,MODIS,80,6.2,308,104,D,0
-19.5926,127.6228,328.4,3.2,1.7,2014-09-18,0112,Terra,MODIS,75,6.2,308.1,76.8,D,0
-18.6975,127.3639,335.5,3.5,1.8,2014-09-18,0112,Terra,MODIS,84,6.2,306.4,146.2,D,0
-18.704,127.3966,320.4,3.5,1.8,2014-09-18,0112,Terra,MODIS,47,6.2,305.3,38.7,D,0
-18.8024,128.7701,325.9,2.7,1.6,2014-09-18,0112,Terra,MODIS,71,6.2,309.7,46.8,D,0
-18.7875,129.9659,324.7,2.2,1.4,2014-09-18,0112,Terra,MODIS,33,6.2,310,25.4,D,0
-27.847,124.5287,324.9,3.4,1.7,2014-09-18,0114,Terra,MODIS,80,6.2,296.3,103.3,D,0
-27.8486,124.5584,327.5,3.4,1.7,2014-09-18,0114,Terra,MODIS,82,6.2,297.3,120.1,D,0
-27.8409,124.5244,319.8,3.4,1.7,2014-09-18,0114,Terra,MODIS,75,6.2,296.4,71.6,D,0
-27.8545,124.5627,325.8,3.4,1.7,2014-09-18,0114,Terra,MODIS,81,6.2,296.8,110,D,0
-22.8186,118.1094,323.2,2.2,1.4,2014-09-18,0251,Terra,MODIS,62,6.2,308.1,27.8,D,0
-22.7795,118.0981,325.4,2.2,1.4,2014-09-18,0251,Terra,MODIS,51,6.2,309.4,30.7,D,0
-22.8537,118.3266,346.6,2.3,1.5,2014-09-18,0251,Terra,MODIS,92,6.2,310.3,142.9,D,0
-22.8515,118.304,340.2,2.3,1.5,2014-09-18,0251,Terra,MODIS,87,6.2,310.6,105.3,D,0
-22.8492,118.2818,322,2.3,1.5,2014-09-18,0251,Terra,MODIS,34,6.2,308.8,24.7,D,0
-22.8714,118.3691,333.1,2.3,1.5,2014-09-18,0251,Terra,MODIS,80,6.2,308.1,74.8,D,0
-22.8692,118.3471,366,2.3,1.5,2014-09-18,0251,Terra,MODIS,100,6.2,312.9,309.5,D,0
-22.8418,118.3108,331.1,2.3,1.5,2014-09-18,0251,Terra,MODIS,78,6.2,308.8,64.1,D,0
-22.8395,118.2888,325.9,2.3,1.5,2014-09-18,0251,Terra,MODIS,69,6.2,308.8,42.5,D,0
-22.8776,118.1697,352.7,2.2,1.4,2014-09-18,0251,Terra,MODIS,96,6.2,311.7,179,D,0
-22.8559,118.3488,355.7,2.3,1.5,2014-09-18,0251,Terra,MODIS,97,6.2,310.5,213.6,D,0
-22.8208,118.115,320.2,2.2,1.4,2014-09-18,0251,Terra,MODIS,31,6.2,308.2,16,D,0
-22.7579,118.1439,324.8,2.2,1.4,2014-09-18,0251,Terra,MODIS,36,6.2,310.5,27.6,D,0
-22.8847,118.3674,346.6,2.3,1.5,2014-09-18,0251,Terra,MODIS,92,6.2,305,153,D,0
-22.8825,118.3458,355.7,2.3,1.5,2014-09-18,0251,Terra,MODIS,97,6.2,307.1,216.7,D,0
-22.7181,119.4257,328.7,2.8,1.6,2014-09-18,0251,Terra,MODIS,49,6.2,314.8,41.7,D,0
-22.8754,118.148,333.2,2.2,1.4,2014-09-18,0251,Terra,MODIS,80,6.2,310,64.6,D,0
-22.867,118.3252,340.9,2.3,1.5,2014-09-18,0251,Terra,MODIS,88,6.2,308.6,107,D,0
-22.8802,118.324,327.5,2.3,1.5,2014-09-18,0251,Terra,MODIS,60,6.2,307.5,43.5,D,0
-21.1922,120.1403,326.4,3,1.6,2014-09-18,0251,Terra,MODIS,57,6.2,311.6,44.9,D,0
-21.1925,120.1457,324.4,3,1.6,2014-09-18,0251,Terra,MODIS,44,6.2,311.3,34.8,D,0
-34.7126,118.0121,309.8,3,1.7,2014-09-18,0254,Terra,MODIS,69,6.2,292.4,43.1,D,0
-34.7104,117.9783,303.7,3,1.6,2014-09-18,0254,Terra,MODIS,48,6.2,288.6,25.2,D,0
-33.835,116.1536,311.4,2.2,1.4,2014-09-18,0254,Terra,MODIS,44,6.2,293.5,27.6,D,0
-34.0471,116.8715,304.9,2.5,1.5,2014-09-18,0254,Terra,MODIS,60,6.2,292.5,19.9,D,0
-34.0528,116.8656,305.2,2.5,1.5,2014-09-18,0254,Terra,MODIS,61,6.2,292.3,19.5,D,0
-35.4533,150.3634,311.5,1,1,2014-09-18,0352,Aqua,MODIS,71,6.2,288.7,11.8,D,0
-32.076,146.7057,313.5,1.3,1.1,2014-09-18,0353,Aqua,MODIS,60,6.2,301.2,12.4,D,0
-32.3115,147.401,316.3,1.2,1.1,2014-09-18,0353,Aqua,MODIS,71,6.2,296.3,14.9,D,0
-35.4979,144.9592,324.2,1.8,1.3,2014-09-18,0353,Aqua,MODIS,0,6.2,276.4,59.4,D,0
-34.3835,146.1505,311.9,1.5,1.2,2014-09-18,0353,Aqua,MODIS,72,6.2,275.2,24.2,D,0
-34.9396,149.8058,304.8,1,1,2014-09-18,0353,Aqua,MODIS,60,6.2,288.2,6.2,D,0
-32.7159,146.8775,311.8,1.3,1.1,2014-09-18,0353,Aqua,MODIS,45,6.2,301.8,7.3,D,0
-32.0799,146.7008,310,1.3,1.1,2014-09-18,0353,Aqua,MODIS,35,6.2,299.6,7.7,D,0
-32.5143,152.1113,310,1,1,2014-09-18,0353,Aqua,MODIS,66,6.2,293.8,9.1,D,0
-32.4767,151.8822,312.9,1,1,2014-09-18,0353,Aqua,MODIS,70,6.2,295.3,9.6,D,0
-32.466,151.8912,307.6,1,1,2014-09-18,0353,Aqua,MODIS,37,6.2,294.8,5.9,D,0
-31.9188,151.6688,325.5,1,1,2014-09-18,0353,Aqua,MODIS,83,6.2,297.4,21.6,D,0
-31.7311,152.28,317.2,1.1,1,2014-09-18,0353,Aqua,MODIS,76,6.2,297.7,13.6,D,0
-31.1723,151.3663,309.4,1,1,2014-09-18,0354,Aqua,MODIS,42,6.2,293.9,7.2,D,0
-29.1306,148.6679,320.5,1,1,2014-09-18,0354,Aqua,MODIS,52,6.2,309.3,7.2,D,0
-30.505,152.8883,321.9,1.1,1.1,2014-09-18,0354,Aqua,MODIS,80,6.2,299.4,21.3,D,0
-30.507,152.8763,323.9,1.1,1.1,2014-09-18,0354,Aqua,MODIS,82,6.2,299,24,D,0
-30.918,149.6965,316.5,1,1,2014-09-18,0354,Aqua,MODIS,67,6.2,301.3,9.4,D,0
-28.2391,152.3042,318.2,1.2,1.1,2014-09-18,0354,Aqua,MODIS,36,6.2,300.7,13.3,D,0
-29.8985,152.6489,309.3,1.1,1.1,2014-09-18,0354,Aqua,MODIS,61,6.2,297.9,6.9,D,0
-29.6156,152.6787,312.6,1.2,1.1,2014-09-18,0354,Aqua,MODIS,65,6.2,302.2,7.9,D,0
-28.5453,152.5678,312.9,1.2,1.1,2014-09-18,0354,Aqua,MODIS,53,6.2,297,10.8,D,0
-28.52,149.171,332.9,1,1,2014-09-18,0354,Aqua,MODIS,81,6.2,310.2,20.4,D,0
-28.511,149.1693,331.3,1,1,2014-09-18,0354,Aqua,MODIS,79,6.2,310.5,18.4,D,0
-28.5505,150.2383,319.7,1,1,2014-09-18,0354,Aqua,MODIS,58,6.2,307.6,7.2,D,0
-29.7164,152.2423,314.6,1.1,1,2014-09-18,0354,Aqua,MODIS,57,6.2,297.8,10.5,D,0
-28.529,149.1726,321.4,1,1,2014-09-18,0354,Aqua,MODIS,60,6.2,309.9,6.8,D,0
-28.2858,153.435,315.7,1.3,1.1,2014-09-18,0354,Aqua,MODIS,56,6.2,302.7,12.5,D,0
-27.6346,152.7996,328.2,1.2,1.1,2014-09-18,0354,Aqua,MODIS,78,6.2,306,22.4,D,0
-28.8103,152.2583,312,1.1,1.1,2014-09-18,0354,Aqua,MODIS,53,6.2,296.7,9.8,D,0
-30.9195,149.686,313.1,1,1,2014-09-18,0354,Aqua,MODIS,58,6.2,302.1,6.5,D,0
-27.6325,152.8121,332.4,1.2,1.1,2014-09-18,0354,Aqua,MODIS,83,6.2,306.7,30.6,D,0
-28.7836,152.4845,321.3,1.2,1.1,2014-09-18,0354,Aqua,MODIS,76,6.2,300.6,18.6,D,0
-28.2919,148.3626,337.2,1,1,2014-09-18,0354,Aqua,MODIS,85,6.2,312.1,27.2,D,0
-27.6332,152.8055,332.6,1.2,1.1,2014-09-18,0354,Aqua,MODIS,83,6.2,307.4,30.6,D,0
-27.9225,152.8539,312.8,1.2,1.1,2014-09-18,0354,Aqua,MODIS,34,6.2,302.1,7.8,D,0
-27.9204,152.8664,318.1,1.2,1.1,2014-09-18,0354,Aqua,MODIS,65,6.2,301.2,13.3,D,0
-30.5842,150.5534,319.2,1,1,2014-09-18,0354,Aqua,MODIS,73,6.2,298.3,13.4,D,0
-29.6924,150.4235,315.8,1,1,2014-09-18,0354,Aqua,MODIS,57,6.2,303.7,4.6,D,0
-29.6725,150.3703,324.6,1,1,2014-09-18,0354,Aqua,MODIS,76,6.2,307.1,14.8,D,0
-29.671,150.3807,331.5,1,1,2014-09-18,0354,Aqua,MODIS,83,6.2,306.8,22.3,D,0
-29.0044,149.3173,326.7,1,1,2014-09-18,0354,Aqua,MODIS,74,6.2,311.2,12.3,D,0
-28.7292,149.9583,333.5,1,1,2014-09-18,0354,Aqua,MODIS,82,6.2,310.6,21.4,D,0
-28.7307,149.9481,328.3,1,1,2014-09-18,0354,Aqua,MODIS,77,6.2,310.7,14.6,D,0
-29.6805,150.3786,320.5,1,1,2014-09-18,0354,Aqua,MODIS,55,6.2,306.9,9.6,D,0
-29.6939,150.4132,329.6,1,1,2014-09-18,0354,Aqua,MODIS,81,6.2,307.4,19.1,D,0
-30.1059,151.873,306.3,1.1,1,2014-09-18,0354,Aqua,MODIS,44,6.2,295.5,5.4,D,0
-30.5166,148.8764,316.7,1,1,2014-09-18,0354,Aqua,MODIS,55,6.2,303.2,9,D,0
-29.3567,149.4913,325.5,1,1,2014-09-18,0354,Aqua,MODIS,74,6.2,310.4,12.7,D,0
-29.9471,151.9532,307,1.1,1,2014-09-18,0354,Aqua,MODIS,42,6.2,295.1,5.9,D,0
-30.5752,150.5516,308.5,1,1,2014-09-18,0354,Aqua,MODIS,21,6.2,296.9,4.5,D,0
-29.6103,150.6034,315.5,1,1,2014-09-18,0354,Aqua,MODIS,53,6.2,302.6,6.8,D,0
-26.8363,152.5971,314,1.2,1.1,2014-09-18,0355,Aqua,MODIS,30,6.2,302.9,8.2,D,0
-26.7084,152.5043,315.3,1.2,1.1,2014-09-18,0355,Aqua,MODIS,55,6.2,295.8,15.8,D,0
-25.5558,148.7606,344.5,1,1,2014-09-18,0355,Aqua,MODIS,91,6.2,312.5,38.4,D,0
-26.5598,152.4102,315,1.2,1.1,2014-09-18,0355,Aqua,MODIS,37,6.2,304,10,D,0
-26.5619,152.3978,323.1,1.2,1.1,2014-09-18,0355,Aqua,MODIS,69,6.2,302.4,21.5,D,0
-26.55,152.4082,335.3,1.2,1.1,2014-09-18,0355,Aqua,MODIS,85,6.2,302.9,39.6,D,0
-26.552,152.3957,332.1,1.2,1.1,2014-09-18,0355,Aqua,MODIS,83,6.2,301.5,34.3,D,0
-24.7425,151.4332,320.7,1.2,1.1,2014-09-18,0355,Aqua,MODIS,61,6.2,305.9,13.5,D,0
-25.5544,148.7705,334.4,1,1,2014-09-18,0355,Aqua,MODIS,81,6.2,308.1,22,D,0
-25.5648,148.7622,327,1,1,2014-09-18,0355,Aqua,MODIS,74,6.2,310.7,13.1,D,0
-26.2395,151.0851,328.4,1.1,1,2014-09-18,0355,Aqua,MODIS,34,6.2,306.6,16.3,D,0
-26.2462,151.0418,320,1.1,1,2014-09-18,0355,Aqua,MODIS,35,6.2,307.1,8.5,D,0
-26.2182,151.0363,317.6,1.1,1,2014-09-18,0355,Aqua,MODIS,36,6.2,306.4,7.3,D,0
-25.5634,148.7721,324.8,1,1,2014-09-18,0355,Aqua,MODIS,66,6.2,308.1,10.6,D,0
-26.2089,151.0344,337.1,1.1,1,2014-09-18,0355,Aqua,MODIS,86,6.2,304,34.2,D,0
-26.2199,151.0255,328,1.1,1,2014-09-18,0355,Aqua,MODIS,77,6.2,307.9,20.5,D,0
-27.7839,147.4314,329.6,1.1,1,2014-09-18,0355,Aqua,MODIS,76,6.2,313,16.2,D,0
-27.7824,147.4425,326.8,1.1,1,2014-09-18,0355,Aqua,MODIS,71,6.2,312.3,12.2,D,0
-26.1783,150.8899,319,1.1,1,2014-09-18,0355,Aqua,MODIS,54,6.2,306.2,8.2,D,0
-26.628,151.182,319.1,1.1,1,2014-09-18,0355,Aqua,MODIS,53,6.2,308.1,8.1,D,0
-26.776,150.5974,325.5,1,1,2014-09-18,0355,Aqua,MODIS,62,6.2,310.8,12.5,D,0
-25.3645,149.1268,318.1,1,1,2014-09-18,0355,Aqua,MODIS,40,6.2,303.9,7.2,D,0
-25.7855,145.2887,329.5,1.3,1.1,2014-09-18,0355,Aqua,MODIS,75,6.2,312.3,22.8,D,0
-25.7752,145.2872,325.7,1.3,1.1,2014-09-18,0355,Aqua,MODIS,63,6.2,311.7,15.7,D,0
-27.3633,148.0989,332.5,1,1,2014-09-18,0355,Aqua,MODIS,79,6.2,311.8,20.5,D,0
-25.375,149.1185,317.7,1,1,2014-09-18,0355,Aqua,MODIS,30,6.2,306.3,6.2,D,0
-26.2106,151.0236,351.6,1.1,1,2014-09-18,0355,Aqua,MODIS,95,6.2,309.4,65,D,0
-25.3735,149.1284,336.9,1,1,2014-09-18,0355,Aqua,MODIS,85,6.2,308.3,29.1,D,0
-26.1702,151.2177,319.8,1.1,1,2014-09-18,0355,Aqua,MODIS,63,6.2,306.1,9.3,D,0
-24.4229,151.75,331.6,1.2,1.1,2014-09-18,0355,Aqua,MODIS,80,6.2,302.6,29.1,D,0
-24.4268,151.7267,327.1,1.2,1.1,2014-09-18,0355,Aqua,MODIS,51,6.2,301.7,20.7,D,0
-24.4189,151.713,331.5,1.2,1.1,2014-09-18,0355,Aqua,MODIS,78,6.2,304.4,27.5,D,0
-26.244,151.3988,331.5,1.1,1.1,2014-09-18,0355,Aqua,MODIS,82,6.2,311.7,21.7,D,0
-26.2458,151.3877,329.9,1.1,1.1,2014-09-18,0355,Aqua,MODIS,80,6.2,310.3,19.5,D,0
-24.5989,151.1806,324.8,1.1,1.1,2014-09-18,0355,Aqua,MODIS,68,6.2,299.3,20.5,D,0
-24.578,151.1881,324.3,1.1,1.1,2014-09-18,0355,Aqua,MODIS,46,6.2,299,18.1,D,0
-25.9091,151.0025,332.2,1.1,1,2014-09-18,0355,Aqua,MODIS,80,6.2,307.2,26.3,D,0
-25.4267,152.1347,324.3,1.2,1.1,2014-09-18,0355,Aqua,MODIS,62,6.2,304.4,19.5,D,0
-24.2888,151.4426,324.1,1.2,1.1,2014-09-18,0355,Aqua,MODIS,66,6.2,300.6,18.6,D,0
-25.9287,150.9394,328.8,1.1,1,2014-09-18,0355,Aqua,MODIS,76,6.2,307.3,20.2,D,0
-27.2603,148.6508,337,1,1,2014-09-18,0355,Aqua,MODIS,84,6.2,310.9,25.7,D,0
-25.8999,150.9604,323.6,1.1,1,2014-09-18,0355,Aqua,MODIS,51,6.2,306.4,13.3,D,0
-25.9016,150.9497,321.3,1.1,1,2014-09-18,0355,Aqua,MODIS,32,6.2,308,9.6,D,0
-23.6774,149.2746,321,1,1,2014-09-18,0356,Aqua,MODIS,40,6.2,309.1,6.5,D,0
-23.3546,148.7235,331.6,1,1,2014-09-18,0356,Aqua,MODIS,78,6.2,311.4,16.4,D,0
-23.3561,148.7137,323,1,1,2014-09-18,0356,Aqua,MODIS,55,6.2,311.2,6.1,D,0
-22.1853,149.3547,335.1,1,1,2014-09-18,0356,Aqua,MODIS,82,6.2,307,28.6,D,0
-23.3273,146.5182,324.8,1.1,1,2014-09-18,0356,Aqua,MODIS,63,6.2,313,10.6,D,0
-24.0931,149.4554,321.6,1,1,2014-09-18,0356,Aqua,MODIS,49,6.2,309,8.6,D,0
-24.0764,149.4421,340.3,1,1,2014-09-18,0356,Aqua,MODIS,87,6.2,309.9,32.4,D,0
-23.6127,150.4243,341.8,1.1,1,2014-09-18,0356,Aqua,MODIS,89,6.2,303.9,42.3,D,0
-23.6144,150.4137,357.8,1.1,1,2014-09-18,0356,Aqua,MODIS,98,6.2,308.6,81.2,D,0
-23.6161,150.403,326.6,1.1,1,2014-09-18,0356,Aqua,MODIS,73,6.2,309,17.4,D,0
-23.6034,150.4225,326.7,1.1,1,2014-09-18,0356,Aqua,MODIS,66,6.2,303.1,17.3,D,0
-23.6051,150.4119,335.6,1.1,1,2014-09-18,0356,Aqua,MODIS,84,6.2,305.9,31,D,0
-23.6067,150.4014,322.9,1.1,1,2014-09-18,0356,Aqua,MODIS,56,6.2,306.7,12.4,D,0
-23.6885,150.3077,353,1.1,1,2014-09-18,0356,Aqua,MODIS,96,6.2,310.8,64.6,D,0
-23.6901,150.2971,327.5,1.1,1,2014-09-18,0356,Aqua,MODIS,70,6.2,308.5,15.7,D,0
-21.6646,149.3143,321.2,1,1,2014-09-18,0356,Aqua,MODIS,57,6.2,303.1,10.9,D,0
-23.422,150.2398,341.1,1.1,1,2014-09-18,0356,Aqua,MODIS,88,6.2,311.7,35.4,D,0
-23.4203,150.2505,396.3,1.1,1,2014-09-18,0356,Aqua,MODIS,100,6.2,318.1,244.7,D,0
-23.411,150.2485,321.4,1.1,1,2014-09-18,0356,Aqua,MODIS,43,6.2,307.1,6.9,D,0
-17.3348,145.7979,331.2,1,1,2014-09-18,0357,Aqua,MODIS,79,6.2,301.4,27,D,0
-19.1464,146.5088,341.8,1,1,2014-09-18,0357,Aqua,MODIS,88,6.2,308.3,36.9,D,0
-17.3334,145.8078,336.2,1,1,2014-09-18,0357,Aqua,MODIS,84,6.2,300.4,34.4,D,0
-19.1672,146.4924,322.3,1,1,2014-09-18,0357,Aqua,MODIS,46,6.2,303.5,11.1,D,0
-19.1555,146.5102,332,1,1,2014-09-18,0357,Aqua,MODIS,78,6.2,305.1,21.7,D,0
-19.1568,146.5006,356.2,1,1,2014-09-18,0357,Aqua,MODIS,97,6.2,309.1,68.4,D,0
-19.1477,146.4992,339.7,1,1,2014-09-18,0357,Aqua,MODIS,86,6.2,308,33.2,D,0
-19.1659,146.502,363.4,1,1,2014-09-18,0357,Aqua,MODIS,100,6.2,304.3,89.5,D,0
-17.3257,145.7964,322.6,1,1,2014-09-18,0357,Aqua,MODIS,64,6.2,300.8,17.1,D,0
-18.065,145.9666,345.2,1,1,2014-09-18,0357,Aqua,MODIS,91,6.2,306.4,44,D,0
-18.8585,145.7902,325,1.1,1,2014-09-18,0357,Aqua,MODIS,45,6.2,313,9.5,D,0
-18.0755,145.9583,347.1,1,1,2014-09-18,0357,Aqua,MODIS,90,6.2,308,47.3,D,0
-18.8492,145.7888,341.7,1.1,1,2014-09-18,0357,Aqua,MODIS,87,6.2,313.7,35.7,D,0
-18.0663,145.9569,325.8,1,1,2014-09-18,0357,Aqua,MODIS,29,6.2,309,13.8,D,0
-20.1694,143.6562,328.8,1.4,1.2,2014-09-18,0357,Aqua,MODIS,52,6.2,314.6,14.6,D,0
-18.0558,145.9652,362.3,1,1,2014-09-18,0357,Aqua,MODIS,100,6.2,311.8,85.1,D,0
-18.0741,145.968,352.4,1,1,2014-09-18,0357,Aqua,MODIS,96,6.2,309.1,59.7,D,0
-18.0805,145.9745,342.1,1,1,2014-09-18,0357,Aqua,MODIS,89,6.2,306,39.9,D,0
-18.0818,145.9648,331,1,1,2014-09-18,0357,Aqua,MODIS,75,6.2,307.5,21.8,D,0
-18.3439,145.4505,333.8,1.1,1,2014-09-18,0357,Aqua,MODIS,81,6.2,313.9,21.9,D,0
-18.3694,145.4021,335.4,1.1,1,2014-09-18,0357,Aqua,MODIS,83,6.2,312.7,25.2,D,0
-18.8479,145.7989,327.1,1.1,1,2014-09-18,0357,Aqua,MODIS,60,6.2,312.2,13.5,D,0
-20.1711,143.6429,354.8,1.4,1.2,2014-09-18,0357,Aqua,MODIS,96,6.2,315.8,89.3,D,0
-18.3708,145.3919,344,1.1,1,2014-09-18,0357,Aqua,MODIS,90,6.2,313.4,41.3,D,0
-15.7875,136.1469,347.1,4.3,1.9,2014-09-18,0358,Aqua,MODIS,94,6.2,311.1,348.7,D,0
-15.5772,145.0848,340.4,1.1,1,2014-09-18,0358,Aqua,MODIS,87,6.2,312.8,26.9,D,0
-15.3143,145.0576,323.1,1.1,1,2014-09-18,0358,Aqua,MODIS,62,6.2,303.2,14.1,D,0
-15.568,145.0835,344.5,1.1,1,2014-09-18,0358,Aqua,MODIS,90,6.2,312.9,35.1,D,0
-15.1886,145.1032,340.7,1.1,1,2014-09-18,0358,Aqua,MODIS,75,6.2,306.6,32.3,D,0
-16.0333,145.1021,330.4,1.1,1,2014-09-18,0358,Aqua,MODIS,77,6.2,306.6,20.9,D,0
-14.2303,141.8092,391,1.5,1.2,2014-09-18,0358,Aqua,MODIS,100,6.2,315,356.9,D,0
-15.1768,145.1209,351.3,1,1,2014-09-18,0358,Aqua,MODIS,95,6.2,306.5,56.6,D,0
-15.1873,145.1129,345.1,1,1,2014-09-18,0358,Aqua,MODIS,84,6.2,306.3,40.4,D,0
-16.0358,145.1527,331.4,1.1,1,2014-09-18,0358,Aqua,MODIS,61,6.2,306.9,21.5,D,0
-16.0437,145.1641,325.4,1.1,1,2014-09-18,0358,Aqua,MODIS,28,6.2,304.1,15.3,D,0
-14.3952,141.9382,322.5,1.5,1.2,2014-09-18,0358,Aqua,MODIS,30,6.2,309.1,13.2,D,0
-14.3533,141.9184,331.6,1.5,1.2,2014-09-18,0358,Aqua,MODIS,64,6.2,309.6,28.5,D,0
-15.5508,145.0709,338.6,1.1,1,2014-09-18,0358,Aqua,MODIS,85,6.2,312.5,25.4,D,0
-14.3642,141.9198,333.3,1.5,1.2,2014-09-18,0358,Aqua,MODIS,79,6.2,308.1,34.6,D,0
-14.355,141.9043,333.8,1.5,1.2,2014-09-18,0358,Aqua,MODIS,80,6.2,309,35.9,D,0
-15.5879,145.0063,341,1.1,1,2014-09-18,0358,Aqua,MODIS,87,6.2,311.5,30.9,D,0
-14.2413,141.8107,342.2,1.5,1.2,2014-09-18,0358,Aqua,MODIS,89,6.2,311.7,58.8,D,0
-14.2297,141.8037,389.5,1.5,1.2,2014-09-18,0358,Aqua,MODIS,100,6.2,316.1,346,D,0
-14.9074,145.1412,324.2,1,1,2014-09-18,0358,Aqua,MODIS,61,6.2,304.2,10.8,D,0
-15.7516,136.1391,333.7,4.3,1.9,2014-09-18,0358,Aqua,MODIS,69,6.2,308.5,176.3,D,0
-15.5535,145.0513,332.3,1.1,1,2014-09-18,0358,Aqua,MODIS,78,6.2,311.4,15.3,D,0
-15.392,145.1647,320.5,1,1,2014-09-18,0358,Aqua,MODIS,48,6.2,303.6,12.5,D,0
-14.9615,144.9516,325.2,1.1,1,2014-09-18,0358,Aqua,MODIS,64,6.2,304.2,14.4,D,0
-15.769,136.1409,361.1,4.3,1.9,2014-09-18,0358,Aqua,MODIS,100,6.2,312.9,627.7,D,0
-16.0133,145.1796,329.7,1.1,1,2014-09-18,0358,Aqua,MODIS,76,6.2,306.5,20.8,D,0
-15.2348,143.602,335.9,1.2,1.1,2014-09-18,0358,Aqua,MODIS,64,6.2,315,22.8,D,0
-14.4016,142.1683,326,1.5,1.2,2014-09-18,0358,Aqua,MODIS,48,6.2,311.5,14.8,D,0
-15.2162,145.1072,335.8,1.1,1,2014-09-18,0358,Aqua,MODIS,76,6.2,309.5,24.7,D,0
-15.2175,145.0975,347.7,1.1,1,2014-09-18,0358,Aqua,MODIS,93,6.2,306.9,47.9,D,0
-15.5971,145.0077,328,1.1,1,2014-09-18,0358,Aqua,MODIS,26,6.2,311.8,9.4,D,0
-14.9729,145.1411,342.7,1,1,2014-09-18,0358,Aqua,MODIS,89,6.2,307.4,38.7,D,0
-15.9786,145.1789,327.8,1.1,1,2014-09-18,0358,Aqua,MODIS,73,6.2,304.4,23.6,D,0
-15.9856,145.1756,330.3,1.1,1,2014-09-18,0358,Aqua,MODIS,73,6.2,304.1,23.2,D,0
-14.2356,141.7664,334.5,1.6,1.2,2014-09-18,0358,Aqua,MODIS,78,6.2,307,45,D,0
-14.9743,145.1314,329.5,1,1,2014-09-18,0358,Aqua,MODIS,66,6.2,306.2,17.2,D,0
-14.2316,141.7895,353.7,1.5,1.2,2014-09-18,0358,Aqua,MODIS,96,6.2,309.4,112.3,D,0
-15.9843,145.1853,324.4,1.1,1,2014-09-18,0358,Aqua,MODIS,57,6.2,304.2,15.9,D,0
-15.9935,145.1867,334.8,1.1,1,2014-09-18,0358,Aqua,MODIS,75,6.2,304.9,28.2,D,0
-14.3257,141.8717,342.1,1.5,1.2,2014-09-18,0358,Aqua,MODIS,88,6.2,311.1,59.9,D,0
-15.4352,141.9454,331.1,1.6,1.2,2014-09-18,0358,Aqua,MODIS,72,6.2,313,28.5,D,0
-15.1689,145.1098,358.1,1,1,2014-09-18,0358,Aqua,MODIS,99,6.2,306.1,77.6,D,0
-14.9638,145.1397,322.7,1,1,2014-09-18,0358,Aqua,MODIS,42,6.2,306.2,9.8,D,0
-16.012,145.1894,331.6,1.1,1,2014-09-18,0358,Aqua,MODIS,78,6.2,304.3,24.3,D,0
-15.1697,143.7005,328.3,1.2,1.1,2014-09-18,0358,Aqua,MODIS,34,6.2,310.1,15.1,D,0
-15.6736,145.1848,342.5,1.1,1,2014-09-18,0358,Aqua,MODIS,89,6.2,309.3,37.2,D,0
-15.7822,136.1829,331.2,4.3,1.9,2014-09-18,0358,Aqua,MODIS,52,6.2,312.4,129,D,0
-15.2083,145.0962,327.2,1.1,1,2014-09-18,0358,Aqua,MODIS,65,6.2,305.8,14.1,D,0
-15.2012,143.5509,330,1.2,1.1,2014-09-18,0358,Aqua,MODIS,51,6.2,314.7,13.6,D,0
-15.6722,145.1947,351.1,1.1,1,2014-09-18,0358,Aqua,MODIS,95,6.2,309.8,56,D,0
-15.7864,136.1426,350.9,4.3,1.9,2014-09-18,0358,Aqua,MODIS,96,6.2,311.1,415.4,D,0
-16.0266,145.1513,325.2,1.1,1,2014-09-18,0358,Aqua,MODIS,39,6.2,307.6,13.5,D,0
-15.5892,144.9965,340.7,1.1,1,2014-09-18,0358,Aqua,MODIS,87,6.2,309.6,31.6,D,0
-14.2466,141.7678,326.6,1.6,1.2,2014-09-18,0358,Aqua,MODIS,47,6.2,307.7,24.6,D,0
-15.5522,145.0611,372.4,1.1,1,2014-09-18,0358,Aqua,MODIS,100,6.2,316.1,116.2,D,0
-14.2449,141.7821,374.2,1.5,1.2,2014-09-18,0358,Aqua,MODIS,100,6.2,315.5,223.5,D,0
-15.7649,136.1811,346.5,4.3,1.9,2014-09-18,0358,Aqua,MODIS,93,6.2,312.8,336.4,D,0
-15.3178,145.2364,328.7,1,1,2014-09-18,0358,Aqua,MODIS,74,6.2,302.4,19.2,D,0
-14.9244,145.1537,394.2,1,1,2014-09-18,0358,Aqua,MODIS,75,6.2,313.9,221.3,D,0
-14.9651,145.1301,324.8,1,1,2014-09-18,0358,Aqua,MODIS,60,6.2,306.5,12.2,D,0
-14.3624,141.9338,327.9,1.5,1.2,2014-09-18,0358,Aqua,MODIS,71,6.2,309.6,20.9,D,0
-14.9061,145.1509,338.7,1,1,2014-09-18,0358,Aqua,MODIS,86,6.2,305.5,32,D,0
-14.5435,141.6784,324.2,1.6,1.2,2014-09-18,0358,Aqua,MODIS,36,6.2,310.9,13.4,D,0
-15.663,145.1932,328.4,1.1,1,2014-09-18,0358,Aqua,MODIS,65,6.2,311,14.7,D,0
-16.0451,145.1541,336.2,1.1,1,2014-09-18,0358,Aqua,MODIS,84,6.2,305.7,30.3,D,0
-16.0227,145.1105,318.9,1.1,1,2014-09-18,0358,Aqua,MODIS,31,6.2,307.1,7.7,D,0
-15.4309,135.7509,322.1,4.6,2,2014-09-18,0358,Aqua,MODIS,65,6.2,307.9,67.4,D,0
-15.1628,143.6769,337.2,1.2,1.1,2014-09-18,0358,Aqua,MODIS,43,6.2,311.7,26,D,0
-14.9141,144.9545,320.2,1.1,1,2014-09-18,0358,Aqua,MODIS,37,6.2,305.2,7,D,0
-15.3165,145.2461,333.2,1,1,2014-09-18,0358,Aqua,MODIS,80,6.2,305.8,24.9,D,0
-14.3568,141.8902,350,1.5,1.2,2014-09-18,0358,Aqua,MODIS,94,6.2,309.7,91.5,D,0
-14.9258,145.144,369.7,1,1,2014-09-18,0358,Aqua,MODIS,87,6.2,311,108.5,D,0
-14.2334,141.7752,343.4,1.5,1.2,2014-09-18,0358,Aqua,MODIS,90,6.2,308.8,74.5,D,0
-14.2078,141.8869,327.2,1.5,1.2,2014-09-18,0358,Aqua,MODIS,48,6.2,311.2,19.5,D,0
-14.2279,141.8179,354,1.5,1.2,2014-09-18,0358,Aqua,MODIS,96,6.2,310.6,111.1,D,0
-14.9602,144.9614,346.1,1.1,1,2014-09-18,0358,Aqua,MODIS,91,6.2,304.7,48.8,D,0
-14.2261,141.832,326.2,1.5,1.2,2014-09-18,0358,Aqua,MODIS,67,6.2,307.8,19.8,D,0
-14.8969,145.1495,326.8,1,1,2014-09-18,0358,Aqua,MODIS,71,6.2,304.7,14.5,D,0
-16.0529,145.1655,322.8,1.1,1,2014-09-18,0358,Aqua,MODIS,54,6.2,302.6,14.6,D,0
-15.7701,136.1451,354.1,4.3,1.9,2014-09-18,0358,Aqua,MODIS,97,6.2,313.1,485.5,D,0
-14.2378,141.8391,352.4,1.5,1.2,2014-09-18,0358,Aqua,MODIS,95,6.2,310.5,93.5,D,0
-15.1676,145.1196,323.3,1,1,2014-09-18,0358,Aqua,MODIS,61,6.2,304.1,12.9,D,0
-14.2431,141.7964,355.6,1.5,1.2,2014-09-18,0358,Aqua,MODIS,97,6.2,312.7,112.6,D,0
-14.9814,145.139,326.4,1,1,2014-09-18,0358,Aqua,MODIS,59,6.2,304.8,14.3,D,0
-14.3476,141.8747,353.9,1.5,1.2,2014-09-18,0358,Aqua,MODIS,96,6.2,309.4,107.3,D,0
-15.3064,145.0465,326.4,1.1,1,2014-09-18,0358,Aqua,MODIS,70,6.2,303.3,17.5,D,0
-14.2361,141.8532,333.3,1.5,1.2,2014-09-18,0358,Aqua,MODIS,72,6.2,310,28.2,D,0
-15.1702,145.1001,335.1,1.1,1,2014-09-18,0358,Aqua,MODIS,82,6.2,304.5,27.6,D,0
-15.437,141.9308,333.3,1.6,1.2,2014-09-18,0358,Aqua,MODIS,76,6.2,311.4,32.5,D,0
-14.2338,141.7807,348,1.5,1.2,2014-09-18,0358,Aqua,MODIS,93,6.2,308.7,87.3,D,0
-15.1899,145.0935,340.1,1.1,1,2014-09-18,0358,Aqua,MODIS,87,6.2,308.7,34.1,D,0
-15.5601,145.0723,331.1,1.1,1,2014-09-18,0358,Aqua,MODIS,76,6.2,311,13.3,D,0
-16.9905,145.4929,342.1,1.1,1,2014-09-18,0358,Aqua,MODIS,88,6.2,313,37.4,D,0
-16.9918,145.483,325,1.1,1,2014-09-18,0358,Aqua,MODIS,64,6.2,310.2,11.3,D,0
-15.5851,145.096,336.6,1.1,1,2014-09-18,0358,Aqua,MODIS,83,6.2,313.6,20.7,D,0
-15.203,145.135,340.1,1,1,2014-09-18,0358,Aqua,MODIS,81,6.2,307.1,34.1,D,0
-15.7663,136.1854,336.3,4.3,1.9,2014-09-18,0358,Aqua,MODIS,71,6.2,312.8,192.3,D,0
-14.2471,141.8546,325.8,1.5,1.2,2014-09-18,0358,Aqua,MODIS,54,6.2,310.3,12,D,0
-14.1969,141.8854,338,1.5,1.2,2014-09-18,0358,Aqua,MODIS,86,6.2,309.5,48.3,D,0
-15.4319,135.7475,324.1,4.6,2,2014-09-18,0358,Aqua,MODIS,77,6.2,307.9,87.2,D,0
-15.5864,145.0862,332,1.1,1,2014-09-18,0358,Aqua,MODIS,78,6.2,313.5,13.9,D,0
-15.3156,145.0479,347.1,1.1,1,2014-09-18,0358,Aqua,MODIS,92,6.2,305.2,53,D,0
-14.3459,141.8888,391.4,1.5,1.2,2014-09-18,0358,Aqua,MODIS,100,6.2,315.7,356.8,D,0
-14.2321,141.795,395.5,1.5,1.2,2014-09-18,0358,Aqua,MODIS,100,6.2,313.6,404.1,D,0
-15.1978,145.1046,333.7,1.1,1,2014-09-18,0358,Aqua,MODIS,61,6.2,308,21.7,D,0
-14.2286,141.8234,352.8,1.5,1.2,2014-09-18,0358,Aqua,MODIS,96,6.2,309.8,101.4,D,0
-14.2396,141.8249,331.8,1.5,1.2,2014-09-18,0358,Aqua,MODIS,64,6.2,310.4,27.6,D,0
-14.2453,141.8687,332.4,1.5,1.2,2014-09-18,0358,Aqua,MODIS,79,6.2,312.7,27.7,D,0
-15.7527,136.1432,347,4.3,1.9,2014-09-18,0358,Aqua,MODIS,94,6.2,309,364.1,D,0
-14.2964,141.818,327.4,1.5,1.2,2014-09-18,0358,Aqua,MODIS,25,6.2,307.4,21.1,D,0
-14.4801,141.7229,332.3,1.6,1.2,2014-09-18,0358,Aqua,MODIS,78,6.2,312.4,31.7,D,0
-16.024,145.1008,334.1,1.1,1,2014-09-18,0358,Aqua,MODIS,82,6.2,309.4,26.6,D,0
-15.98,145.1691,325.8,1.1,1,2014-09-18,0358,Aqua,MODIS,70,6.2,302.7,21,D,0
-16.0346,145.0923,338.7,1.1,1,2014-09-18,0358,Aqua,MODIS,86,6.2,307.8,34.6,D,0
-14.3606,141.9478,324.3,1.5,1.2,2014-09-18,0358,Aqua,MODIS,61,6.2,310.2,12.7,D,0
-14.2901,143.1937,330.9,1.3,1.1,2014-09-18,0358,Aqua,MODIS,48,6.2,311.4,17.8,D,0
-14.2891,144.2127,337.2,1.1,1.1,2014-09-18,0358,Aqua,MODIS,0,6.2,307.2,33.4,D,0
-14.2877,144.223,335.2,1.1,1.1,2014-09-18,0358,Aqua,MODIS,72,6.2,305,29.4,D,0
-14.3053,144.2358,324,1.1,1.1,2014-09-18,0358,Aqua,MODIS,58,6.2,305,14.6,D,0
-14.2958,144.2347,339.6,1.1,1.1,2014-09-18,0358,Aqua,MODIS,76,6.2,305.3,38.2,D,0
-14.3079,143.1369,337.8,1.3,1.1,2014-09-18,0358,Aqua,MODIS,83,6.2,312.6,32.1,D,0
-14.2491,143.1169,328.8,1.3,1.1,2014-09-18,0358,Aqua,MODIS,21,6.2,309.6,17.9,D,0
-14.8395,142.7916,330.1,1.3,1.2,2014-09-18,0358,Aqua,MODIS,24,6.2,312.8,16.8,D,0
-14.3727,142.1368,335.8,1.5,1.2,2014-09-18,0358,Aqua,MODIS,82,6.2,311.4,37.4,D,0
-14.1659,143.1353,363.7,1.3,1.1,2014-09-18,0358,Aqua,MODIS,100,6.2,311.5,111.1,D,0
-14.3063,143.1486,337.8,1.3,1.1,2014-09-18,0358,Aqua,MODIS,80,6.2,312.5,31.8,D,0
-14.3684,142.1444,327.7,1.5,1.2,2014-09-18,0358,Aqua,MODIS,58,6.2,311.2,19.1,D,0
-14.3701,142.1309,326.3,1.5,1.2,2014-09-18,0358,Aqua,MODIS,33,6.2,310.2,15.1,D,0
-17.4353,138.3184,339.4,3.1,1.7,2014-09-18,0358,Aqua,MODIS,71,6.2,310.5,132.2,D,0
-17.4335,138.3254,344.5,3.1,1.7,2014-09-18,0358,Aqua,MODIS,82,6.2,311.5,172.7,D,0
-17.408,138.2857,355.1,3.1,1.7,2014-09-18,0358,Aqua,MODIS,97,6.2,309.9,310.9,D,0
-17.3899,138.3132,348.3,3.1,1.7,2014-09-18,0358,Aqua,MODIS,93,6.2,314.7,208.7,D,0
-17.3928,138.284,346.5,3.1,1.7,2014-09-18,0358,Aqua,MODIS,79,6.2,308.7,207.3,D,0
-17.4609,138.3582,348.6,3.1,1.7,2014-09-18,0358,Aqua,MODIS,93,6.2,312.9,221.9,D,0
-17.4593,138.3802,333.9,3.1,1.7,2014-09-18,0358,Aqua,MODIS,37,6.2,313.9,81.6,D,0
-17.4624,138.3512,339.8,3.1,1.7,2014-09-18,0358,Aqua,MODIS,80,6.2,312.2,133.2,D,0
-14.2561,143.1415,334.5,1.3,1.1,2014-09-18,0358,Aqua,MODIS,60,6.2,309.6,25.1,D,0
-14.2662,143.143,334.8,1.3,1.1,2014-09-18,0358,Aqua,MODIS,41,6.2,309,23.1,D,0
-14.803,144.9056,328.9,1.1,1,2014-09-18,0358,Aqua,MODIS,59,6.2,309,14.2,D,0
-14.8017,144.9154,328.1,1.1,1,2014-09-18,0358,Aqua,MODIS,61,6.2,308.3,12.6,D,0
-15.0108,143.6837,337.2,1.2,1.1,2014-09-18,0358,Aqua,MODIS,83,6.2,308.6,32,D,0
-14.2747,143.1561,341.1,1.3,1.1,2014-09-18,0358,Aqua,MODIS,86,6.2,308.9,37,D,0
-14.2732,143.1677,348.6,1.3,1.1,2014-09-18,0358,Aqua,MODIS,93,6.2,309.7,55.8,D,0
-14.2847,143.1575,340.4,1.3,1.1,2014-09-18,0358,Aqua,MODIS,87,6.2,312.6,34.8,D,0
-14.2832,143.1691,360.8,1.3,1.1,2014-09-18,0358,Aqua,MODIS,100,6.2,315.5,96.1,D,0
-14.2817,143.1808,353.6,1.3,1.1,2014-09-18,0358,Aqua,MODIS,96,6.2,313.9,72.7,D,0
-14.2137,143.236,331.2,1.2,1.1,2014-09-18,0358,Aqua,MODIS,76,6.2,309.3,20.8,D,0
-14.2546,143.1532,328.6,1.3,1.1,2014-09-18,0358,Aqua,MODIS,44,6.2,308.8,14.1,D,0
-17.3596,138.3098,337.5,3.1,1.7,2014-09-18,0358,Aqua,MODIS,63,6.2,314.4,114.1,D,0
-17.3444,138.3081,345.1,3.1,1.7,2014-09-18,0358,Aqua,MODIS,90,6.2,315,183.2,D,0
-17.3473,138.2786,341.2,3.1,1.7,2014-09-18,0358,Aqua,MODIS,67,6.2,310.9,161.2,D,0
-17.3622,138.3057,337.7,3.1,1.7,2014-09-18,0358,Aqua,MODIS,59,6.2,313.7,109.6,D,0
-17.347,138.304,349.7,3.1,1.7,2014-09-18,0358,Aqua,MODIS,94,6.2,314.9,232,D,0
-17.3502,138.2746,338,3.1,1.7,2014-09-18,0358,Aqua,MODIS,55,6.2,310.6,132.4,D,0
-15.0427,143.7447,328,1.2,1.1,2014-09-18,0358,Aqua,MODIS,53,6.2,311.1,14.2,D,0
-14.7699,142.7896,326.8,1.3,1.1,2014-09-18,0358,Aqua,MODIS,42,6.2,311.8,13.4,D,0
-17.4306,138.3547,334.3,3.1,1.7,2014-09-18,0358,Aqua,MODIS,37,6.2,313.2,76.7,D,0
-17.4322,138.3477,342.3,3.1,1.7,2014-09-18,0358,Aqua,MODIS,88,6.2,313.3,149.9,D,0
-17.36,138.4566,376.6,3,1.7,2014-09-18,0358,Aqua,MODIS,100,6.2,317.2,621.7,D,0
-17.3585,138.4808,337.8,3,1.7,2014-09-18,0358,Aqua,MODIS,79,6.2,312.6,116.2,D,0
-17.3616,138.4523,364.8,3,1.7,2014-09-18,0358,Aqua,MODIS,100,6.2,317.4,415,D,0
-16.872,145.4084,327.5,1.1,1,2014-09-18,0358,Aqua,MODIS,70,6.2,310.2,14.8,D,0
-15.9763,145.3138,360.5,1,1,2014-09-18,0358,Aqua,MODIS,100,6.2,307.8,82.9,D,0
-14.1644,143.1469,347.1,1.3,1.1,2014-09-18,0358,Aqua,MODIS,92,6.2,310.3,56.4,D,0
-14.2376,143.1272,343.2,1.3,1.1,2014-09-18,0358,Aqua,MODIS,86,6.2,306,46.9,D,0
-14.239,143.1155,351.4,1.3,1.1,2014-09-18,0358,Aqua,MODIS,95,6.2,307,72.5,D,0
-14.2392,143.1217,355.1,1.3,1.1,2014-09-18,0358,Aqua,MODIS,97,6.2,308.3,84.7,D,0
-15.0206,143.6851,355.5,1.2,1.1,2014-09-18,0358,Aqua,MODIS,97,6.2,312.7,77.1,D,0
-15.0191,143.6963,350.6,1.2,1.1,2014-09-18,0358,Aqua,MODIS,94,6.2,311.4,61.8,D,0
-14.2476,143.1285,339.6,1.3,1.1,2014-09-18,0358,Aqua,MODIS,86,6.2,309.2,38.7,D,0
-14.7802,142.791,333.2,1.3,1.1,2014-09-18,0358,Aqua,MODIS,69,6.2,311,24.7,D,0
-15.0344,143.7323,330.9,1.2,1.1,2014-09-18,0358,Aqua,MODIS,27,6.2,310.4,17.8,D,0
-14.2753,143.0727,324.8,1.3,1.1,2014-09-18,0358,Aqua,MODIS,41,6.2,309.3,12.2,D,0
-16.0798,137.2547,320.3,3.6,1.8,2014-09-18,0358,Aqua,MODIS,66,6.2,305.2,52.4,D,0
-16.083,137.2208,335,3.6,1.8,2014-09-18,0358,Aqua,MODIS,87,6.2,306.6,169.8,D,0
-14.7906,142.7924,337.5,1.3,1.1,2014-09-18,0358,Aqua,MODIS,78,6.2,311.1,34.2,D,0
-15.6249,145.0117,327.7,1.1,1,2014-09-18,0358,Aqua,MODIS,43,6.2,311,11,D,0
-14.1759,143.1367,340.4,1.3,1.1,2014-09-18,0358,Aqua,MODIS,77,6.2,312.4,35.9,D,0
-14.2738,143.0844,326.1,1.3,1.1,2014-09-18,0358,Aqua,MODIS,46,6.2,309.8,13.9,D,0
-15.4665,144.9414,333.6,1.1,1,2014-09-18,0358,Aqua,MODIS,76,6.2,312.8,18.5,D,0
-16.0748,137.2124,326.9,3.6,1.8,2014-09-18,0358,Aqua,MODIS,80,6.2,306.9,98.8,D,0
-16.0713,137.2463,325.7,3.6,1.8,2014-09-18,0358,Aqua,MODIS,69,6.2,305.1,88.8,D,0
-17.188,145.7335,321.3,1,1,2014-09-18,0358,Aqua,MODIS,43,6.2,303,12.9,D,0
-17.1957,145.7302,335.6,1,1,2014-09-18,0358,Aqua,MODIS,83,6.2,305.5,29.5,D,0
-14.1744,143.1483,336,1.3,1.1,2014-09-18,0358,Aqua,MODIS,60,6.2,312.2,28.1,D,0
-15.6263,145.0018,333.7,1.1,1,2014-09-18,0358,Aqua,MODIS,77,6.2,312,20.3,D,0
-16.0909,137.2142,316.4,3.6,1.8,2014-09-18,0358,Aqua,MODIS,65,6.2,305.1,32.2,D,0
-15.617,145.0004,332.2,1.1,1,2014-09-18,0358,Aqua,MODIS,55,6.2,313.2,16.9,D,0
-15.6184,144.9905,336,1.1,1,2014-09-18,0358,Aqua,MODIS,77,6.2,312,23.7,D,0
-14.1789,143.1134,326.9,1.3,1.1,2014-09-18,0358,Aqua,MODIS,42,6.2,308.5,11.5,D,0
-14.1929,143.1627,327.3,1.3,1.1,2014-09-18,0358,Aqua,MODIS,31,6.2,309.5,12.7,D,0
-14.148,143.1146,323.6,1.3,1.1,2014-09-18,0358,Aqua,MODIS,13,6.2,308,9.8,D,0
-14.371,142.1504,327.7,1.5,1.2,2014-09-18,0358,Aqua,MODIS,65,6.2,311.8,19.1,D,0
-15.5432,145.0032,335.5,1.1,1,2014-09-18,0358,Aqua,MODIS,82,6.2,310.8,23.9,D,0
-16.0352,144.3351,331.9,1.1,1.1,2014-09-18,0358,Aqua,MODIS,77,6.2,316.3,17.7,D,0
-15.5495,145.0106,328.9,1.1,1,2014-09-18,0358,Aqua,MODIS,73,6.2,311,12.3,D,0
-16.0338,144.3458,332.3,1.1,1.1,2014-09-18,0358,Aqua,MODIS,78,6.2,313.9,18.7,D,0
-15.4771,144.9328,344.1,1.1,1,2014-09-18,0358,Aqua,MODIS,90,6.2,311.1,39.4,D,0
-16.1846,136.796,328.7,3.9,1.8,2014-09-18,0358,Aqua,MODIS,70,6.2,310.4,87.6,D,0
-15.6697,145.1443,333.9,1.1,1,2014-09-18,0358,Aqua,MODIS,80,6.2,311.9,22.9,D,0
-15.6711,145.1345,338.9,1.1,1,2014-09-18,0358,Aqua,MODIS,86,6.2,310.3,31.5,D,0
-15.4346,144.9914,347.1,1.1,1,2014-09-18,0358,Aqua,MODIS,86,6.2,311.9,44.9,D,0
-15.5287,144.9707,332,1.1,1,2014-09-18,0358,Aqua,MODIS,51,6.2,313,16.5,D,0
-15.7489,136.1836,337.8,4.3,1.9,2014-09-18,0358,Aqua,MODIS,87,6.2,309.4,219.4,D,0
-15.5353,144.9918,332.4,1.1,1,2014-09-18,0358,Aqua,MODIS,46,6.2,311.3,16.6,D,0
-15.5339,145.0017,332.4,1.1,1,2014-09-18,0358,Aqua,MODIS,71,6.2,310,17.9,D,0
-15.4547,144.9141,337.1,1.1,1,2014-09-18,0358,Aqua,MODIS,84,6.2,310.3,28.8,D,0
-15.4467,144.9028,324.4,1.1,1,2014-09-18,0358,Aqua,MODIS,48,6.2,308,11.4,D,0
-15.4454,144.9127,324.1,1.1,1,2014-09-18,0358,Aqua,MODIS,35,6.2,308.7,10.6,D,0
-15.456,144.9042,325.2,1.1,1,2014-09-18,0358,Aqua,MODIS,35,6.2,308,12,D,0
-13.5465,135.2096,328.5,4.8,2,2014-09-18,0359,Aqua,MODIS,81,6.2,297.9,179.7,D,0
-12.8174,142.8566,336.1,1.3,1.1,2014-09-18,0359,Aqua,MODIS,84,6.2,308.3,32.9,D,0
-12.8088,142.85,320.7,1.3,1.1,2014-09-18,0359,Aqua,MODIS,61,6.2,306.6,10,D,0
-12.8574,142.8622,344.7,1.3,1.1,2014-09-18,0359,Aqua,MODIS,91,6.2,309.9,54,D,0
-13.7874,136.6714,322.9,3.7,1.8,2014-09-18,0359,Aqua,MODIS,0,6.2,300,78.9,D,0
-12.8274,142.858,339,1.3,1.1,2014-09-18,0359,Aqua,MODIS,87,6.2,309.8,39.6,D,0
-13.5488,135.206,323,4.8,2,2014-09-18,0359,Aqua,MODIS,61,6.2,298.1,116.8,D,0
-13.0305,141.9081,342.1,1.5,1.2,2014-09-18,0359,Aqua,MODIS,87,6.2,308.6,54.9,D,0
-13.0322,141.8947,334.3,1.5,1.2,2014-09-18,0359,Aqua,MODIS,79,6.2,306.3,37.6,D,0
-13.0198,141.9065,365.9,1.5,1.2,2014-09-18,0359,Aqua,MODIS,100,6.2,313.7,148.5,D,0
-13.0215,141.8932,357.4,1.5,1.2,2014-09-18,0359,Aqua,MODIS,98,6.2,312.3,114.3,D,0
-13.0231,141.8796,328.9,1.5,1.2,2014-09-18,0359,Aqua,MODIS,75,6.2,305.8,29.5,D,0
-13.0268,141.9009,340.1,1.5,1.2,2014-09-18,0359,Aqua,MODIS,77,6.2,309.3,45.4,D,0
-13.0286,141.8875,332,1.5,1.2,2014-09-18,0359,Aqua,MODIS,65,6.2,306.1,31.6,D,0
-13.0161,141.8994,397.9,1.5,1.2,2014-09-18,0359,Aqua,MODIS,100,6.2,317.8,386.5,D,0
-13.0178,141.886,390.7,1.5,1.2,2014-09-18,0359,Aqua,MODIS,100,6.2,317,328.1,D,0
-13.0196,141.8726,331.6,1.5,1.2,2014-09-18,0359,Aqua,MODIS,79,6.2,305.2,35.1,D,0
-13.0053,141.8979,363.7,1.5,1.2,2014-09-18,0359,Aqua,MODIS,100,6.2,308.7,134.8,D,0
-13.0071,141.8846,404.6,1.5,1.2,2014-09-18,0359,Aqua,MODIS,100,6.2,311.1,465.6,D,0
-13.0088,141.8712,327.4,1.5,1.2,2014-09-18,0359,Aqua,MODIS,38,6.2,302.4,23.9,D,0
-10.9662,142.1566,345.6,1.3,1.1,2014-09-18,0359,Aqua,MODIS,93,6.2,283.7,64.7,D,0
-12.8663,135.6779,326.7,4.3,1.9,2014-09-18,0359,Aqua,MODIS,47,6.2,297.1,119.9,D,0
-12.8555,135.6444,323.9,4.3,1.9,2014-09-18,0359,Aqua,MODIS,46,6.2,295.5,104.9,D,0
-12.2568,141.8561,323.7,1.4,1.2,2014-09-18,0359,Aqua,MODIS,68,6.2,303.1,17.1,D,0
-12.2462,141.8547,351.1,1.4,1.2,2014-09-18,0359,Aqua,MODIS,95,6.2,304,90.3,D,0
-12.8708,135.6382,329.7,4.3,1.9,2014-09-18,0359,Aqua,MODIS,66,6.2,298,150.5,D,0
-10.7659,142.4335,320.5,1.3,1.1,2014-09-18,0359,Aqua,MODIS,73,6.2,303.2,13.2,D,0
-11.3414,142.1708,404.4,1.3,1.1,2014-09-18,0359,Aqua,MODIS,100,6.2,316.8,408.3,D,0
-10.9764,142.158,324.8,1.3,1.1,2014-09-18,0359,Aqua,MODIS,58,6.2,286.4,17.7,D,0
-10.9756,142.1519,343.7,1.3,1.1,2014-09-18,0359,Aqua,MODIS,87,6.2,288.1,56.8,D,0
-11.334,142.2133,367.4,1.3,1.1,2014-09-18,0359,Aqua,MODIS,100,6.2,300.1,145.8,D,0
-11.3176,142.1922,334.1,1.3,1.1,2014-09-18,0359,Aqua,MODIS,86,6.2,301,36.1,D,0
-11.3193,142.1801,348.9,1.3,1.1,2014-09-18,0359,Aqua,MODIS,95,6.2,298.1,74.2,D,0
-11.316,142.2043,325.8,1.3,1.1,2014-09-18,0359,Aqua,MODIS,79,6.2,300.6,21.3,D,0
-11.3544,142.2162,370.5,1.3,1.1,2014-09-18,0359,Aqua,MODIS,100,6.2,296.7,162,D,0
-11.3426,142.2268,326,1.3,1.1,2014-09-18,0359,Aqua,MODIS,69,6.2,287.3,21.9,D,0
-11.3442,142.2147,379.6,1.3,1.1,2014-09-18,0359,Aqua,MODIS,100,6.2,299,213,D,0
-11.3398,142.1829,383.8,1.3,1.1,2014-09-18,0359,Aqua,MODIS,100,6.2,309.3,238.3,D,0
-10.7675,142.4219,323.7,1.3,1.1,2014-09-18,0359,Aqua,MODIS,58,6.2,300.9,17.4,D,0
-11.3916,142.1719,346,1.3,1.1,2014-09-18,0359,Aqua,MODIS,93,6.2,304.5,63.3,D,0
-11.3106,142.1666,316.5,1.3,1.1,2014-09-18,0359,Aqua,MODIS,41,6.2,295.3,9.5,D,0
-11.4068,142.1368,330.8,1.3,1.1,2014-09-18,0359,Aqua,MODIS,59,6.2,300.5,29.5,D,0
-13.0258,135.7065,314.6,4.3,1.9,2014-09-18,0359,Aqua,MODIS,48,6.2,298.4,35.1,D,0
-11.3241,142.1437,334.8,1.3,1.1,2014-09-18,0359,Aqua,MODIS,82,6.2,297.7,39.6,D,0
-11.3225,142.1559,361.2,1.3,1.1,2014-09-18,0359,Aqua,MODIS,100,6.2,302.1,119.2,D,0
-11.4051,142.149,344,1.3,1.1,2014-09-18,0359,Aqua,MODIS,92,6.2,301.5,60.4,D,0
-11.3349,142.2191,340.5,1.3,1.1,2014-09-18,0359,Aqua,MODIS,90,6.2,294.8,52.6,D,0
-13.264,141.855,326,1.5,1.2,2014-09-18,0359,Aqua,MODIS,35,6.2,307.2,16.5,D,0
-11.3209,142.168,401.6,1.3,1.1,2014-09-18,0359,Aqua,MODIS,100,6.2,309,383.6,D,0
-11.4035,142.1612,349.3,1.3,1.1,2014-09-18,0359,Aqua,MODIS,95,6.2,302.4,74.4,D,0
-11.4171,142.1382,346.8,1.3,1.1,2014-09-18,0359,Aqua,MODIS,88,6.2,297.7,71.4,D,0
-13.1169,141.8565,328.2,1.5,1.2,2014-09-18,0359,Aqua,MODIS,72,6.2,305.5,22.3,D,0
-13.1186,141.8429,325.9,1.5,1.2,2014-09-18,0359,Aqua,MODIS,54,6.2,306.3,16.7,D,0
-13.1253,141.8523,326.4,1.5,1.2,2014-09-18,0359,Aqua,MODIS,65,6.2,305.1,18.7,D,0
-13.1145,141.8509,322.6,1.5,1.2,2014-09-18,0359,Aqua,MODIS,28,6.2,306,11.4,D,0
-11.4154,142.1504,375.9,1.3,1.1,2014-09-18,0359,Aqua,MODIS,100,6.2,301.8,193.9,D,0
-11.4138,142.1626,333.7,1.3,1.1,2014-09-18,0359,Aqua,MODIS,86,6.2,298.7,34.1,D,0
-13.025,141.9142,334.5,1.5,1.2,2014-09-18,0359,Aqua,MODIS,70,6.2,310.2,26,D,0
-13.0143,141.9126,340.9,1.5,1.2,2014-09-18,0359,Aqua,MODIS,88,6.2,313.5,40.9,D,0
-12.8728,135.6461,332.4,4.3,1.9,2014-09-18,0359,Aqua,MODIS,81,6.2,298.5,183.6,D,0
-13.109,141.8084,330.3,1.5,1.2,2014-09-18,0359,Aqua,MODIS,77,6.2,309.3,25.5,D,0
-11.3576,142.1919,409,1.3,1.1,2014-09-18,0359,Aqua,MODIS,100,6.2,318.8,452.8,D,0
-11.3434,142.1405,355.8,1.3,1.1,2014-09-18,0359,Aqua,MODIS,85,6.2,304.1,100.4,D,0
-11.3742,142.1448,348.8,1.3,1.1,2014-09-18,0359,Aqua,MODIS,78,6.2,304.8,75.2,D,0
-11.356,142.2041,437.2,1.3,1.1,2014-09-18,0359,Aqua,MODIS,100,6.2,323.2,829.1,D,0
-11.3781,142.1948,351.5,1.3,1.1,2014-09-18,0359,Aqua,MODIS,93,6.2,301.6,81,D,0
-11.3932,142.1598,385.4,1.3,1.1,2014-09-18,0359,Aqua,MODIS,100,6.2,306.3,252.5,D,0
-11.3829,142.1584,407.7,1.3,1.1,2014-09-18,0359,Aqua,MODIS,100,6.2,314.5,444.2,D,0
-11.3948,142.1476,347.5,1.3,1.1,2014-09-18,0359,Aqua,MODIS,94,6.2,302.3,70.2,D,0
-11.3381,142.195,347.8,1.3,1.1,2014-09-18,0359,Aqua,MODIS,94,6.2,306.4,71.1,D,0
-11.3813,142.1705,380.4,1.3,1.1,2014-09-18,0359,Aqua,MODIS,100,6.2,308.6,217.2,D,0
-13.0692,141.7753,322,1.5,1.2,2014-09-18,0359,Aqua,MODIS,38,6.2,305.7,12.8,D,0
-13.0566,141.7876,342.7,1.5,1.2,2014-09-18,0359,Aqua,MODIS,89,6.2,305,65,D,0
-13.0584,141.7738,332.2,1.5,1.2,2014-09-18,0359,Aqua,MODIS,80,6.2,304.8,35.3,D,0
-11.3365,142.207,376.3,1.3,1.1,2014-09-18,0359,Aqua,MODIS,100,6.2,308,194,D,0
-11.3663,142.2055,355.1,1.3,1.1,2014-09-18,0359,Aqua,MODIS,97,6.2,298.9,94,D,0
-11.3845,142.1462,381.7,1.3,1.1,2014-09-18,0359,Aqua,MODIS,94,6.2,311.5,228.7,D,0
-11.3726,142.157,360.7,1.3,1.1,2014-09-18,0359,Aqua,MODIS,100,6.2,307,117.6,D,0
-11.3679,142.1934,404.5,1.3,1.1,2014-09-18,0359,Aqua,MODIS,100,6.2,311.3,405.4,D,0
-11.3344,142.1451,357.2,1.3,1.1,2014-09-18,0359,Aqua,MODIS,98,6.2,301.4,104.7,D,0
-11.3312,142.1694,370.6,1.3,1.1,2014-09-18,0359,Aqua,MODIS,100,6.2,302.9,162.7,D,0
-11.3328,142.1573,333.1,1.3,1.1,2014-09-18,0359,Aqua,MODIS,70,6.2,298.8,33.3,D,0
-13.2657,141.8415,360.9,1.5,1.2,2014-09-18,0359,Aqua,MODIS,100,6.2,312.1,132.5,D,0
-13.2549,141.8401,370.4,1.5,1.2,2014-09-18,0359,Aqua,MODIS,100,6.2,309.9,181.9,D,0
-13.2675,141.8279,328.5,1.5,1.2,2014-09-18,0359,Aqua,MODIS,62,6.2,308.5,20.2,D,0
-13.2566,141.8264,345.7,1.5,1.2,2014-09-18,0359,Aqua,MODIS,92,6.2,308.3,66.9,D,0
-11.3295,142.1815,342.3,1.3,1.1,2014-09-18,0359,Aqua,MODIS,91,6.2,300.1,56.2,D,0
-11.3279,142.1936,357.8,1.3,1.1,2014-09-18,0359,Aqua,MODIS,99,6.2,305.5,105.5,D,0
-11.3447,142.1465,342.5,1.3,1.1,2014-09-18,0359,Aqua,MODIS,74,6.2,303.6,57,D,0
-11.3431,142.1587,354.1,1.3,1.1,2014-09-18,0359,Aqua,MODIS,97,6.2,303.7,92.1,D,0
-11.3418,142.1528,360.4,1.3,1.1,2014-09-18,0359,Aqua,MODIS,100,6.2,303.3,117.4,D,0
-11.3355,142.2012,377.5,1.3,1.1,2014-09-18,0359,Aqua,MODIS,100,6.2,308.4,200,D,0
-11.3489,142.1784,395.6,1.3,1.1,2014-09-18,0359,Aqua,MODIS,100,6.2,315.5,326.8,D,0
-13.4315,141.8895,337.6,1.5,1.2,2014-09-18,0359,Aqua,MODIS,83,6.2,310.7,42.7,D,0
-13.4332,141.8759,403,1.5,1.2,2014-09-18,0359,Aqua,MODIS,100,6.2,317.2,455,D,0
-13.435,141.8622,367.2,1.5,1.2,2014-09-18,0359,Aqua,MODIS,100,6.2,310.5,161.2,D,0
-13.4207,141.888,330,1.5,1.2,2014-09-18,0359,Aqua,MODIS,53,6.2,307.9,26.4,D,0
-13.4224,141.8744,409,1.5,1.2,2014-09-18,0359,Aqua,MODIS,100,6.2,318,529.5,D,0
-13.4241,141.8607,399.4,1.5,1.2,2014-09-18,0359,Aqua,MODIS,100,6.2,312.8,418.3,D,0
-11.3361,142.1329,337.2,1.3,1.1,2014-09-18,0359,Aqua,MODIS,59,6.2,299.7,44.6,D,0
-11.3639,142.1434,382.2,1.3,1.1,2014-09-18,0359,Aqua,MODIS,75,6.2,309.1,233.2,D,0
-13.6916,141.9971,331.9,1.5,1.2,2014-09-18,0359,Aqua,MODIS,75,6.2,309.9,30.3,D,0
-13.5241,143.2128,349.5,1.2,1.1,2014-09-18,0359,Aqua,MODIS,94,6.2,308.8,66.8,D,0
-13.4059,141.8304,340.1,1.5,1.2,2014-09-18,0359,Aqua,MODIS,88,6.2,302.9,56.5,D,0
-13.4042,141.844,348.1,1.5,1.2,2014-09-18,0359,Aqua,MODIS,93,6.2,305.5,82.3,D,0
-13.415,141.8456,337.8,1.5,1.2,2014-09-18,0359,Aqua,MODIS,86,6.2,304.1,47.4,D,0
-11.3474,142.1905,408,1.3,1.1,2014-09-18,0359,Aqua,MODIS,100,6.2,313.4,440.4,D,0
-11.3458,142.2027,433.7,1.3,1.1,2014-09-18,0359,Aqua,MODIS,100,6.2,315.3,772.4,D,0
-11.3536,142.142,354.8,1.3,1.1,2014-09-18,0359,Aqua,MODIS,83,6.2,305,96.3,D,0
-13.5255,143.2015,325.9,1.2,1.1,2014-09-18,0359,Aqua,MODIS,71,6.2,309,16.2,D,0
-11.3505,142.1663,366.1,1.3,1.1,2014-09-18,0359,Aqua,MODIS,100,6.2,306.3,140.5,D,0
-13.5819,143.0816,336.5,1.2,1.1,2014-09-18,0359,Aqua,MODIS,85,6.2,311.6,34.7,D,0
-13.5904,143.0945,335.1,1.2,1.1,2014-09-18,0359,Aqua,MODIS,83,6.2,312.3,29.5,D,0
-13.5919,143.083,334.4,1.2,1.1,2014-09-18,0359,Aqua,MODIS,83,6.2,310.4,30.1,D,0
-13.6087,143.1154,324.6,1.2,1.1,2014-09-18,0359,Aqua,MODIS,35,6.2,308.8,11.6,D,0
-13.6072,143.1268,331.8,1.2,1.1,2014-09-18,0359,Aqua,MODIS,78,6.2,309.8,23.6,D,0
-13.5834,143.0701,333,1.3,1.1,2014-09-18,0359,Aqua,MODIS,81,6.2,307.5,28.6,D,0
-13.6227,141.9964,328.8,1.5,1.2,2014-09-18,0359,Aqua,MODIS,37,6.2,309.2,20.8,D,0
-13.5422,135.252,325.9,4.7,2,2014-09-18,0359,Aqua,MODIS,79,6.2,296.3,147.6,D,0
-13.5442,135.2483,325.6,4.7,2,2014-09-18,0359,Aqua,MODIS,77,6.2,297.4,140.8,D,0
-11.3402,142.1649,379.1,1.3,1.1,2014-09-18,0359,Aqua,MODIS,100,6.2,304.3,211.1,D,0
-11.3371,142.1891,361.7,1.3,1.1,2014-09-18,0359,Aqua,MODIS,100,6.2,306.4,120.5,D,0
-13.6209,142.0099,327.6,1.5,1.2,2014-09-18,0359,Aqua,MODIS,45,6.2,308.3,19.8,D,0
-13.6532,142.014,328.2,1.5,1.2,2014-09-18,0359,Aqua,MODIS,60,6.2,311.3,18.4,D,0
-12.1523,141.8766,335,1.4,1.2,2014-09-18,0359,Aqua,MODIS,84,6.2,305.6,38.3,D,0
-12.1506,141.8896,366.4,1.4,1.2,2014-09-18,0359,Aqua,MODIS,100,6.2,309.6,154,D,0
-12.1612,141.891,323.9,1.4,1.2,2014-09-18,0359,Aqua,MODIS,50,6.2,308.1,14.8,D,0
-11.3386,142.177,416.2,1.3,1.1,2014-09-18,0359,Aqua,MODIS,100,6.2,310.9,533.9,D,0
-10.9506,142.3471,325.7,1.3,1.1,2014-09-18,0359,Aqua,MODIS,74,6.2,305.8,19.3,D,0
-12.2551,141.8692,327.3,1.4,1.2,2014-09-18,0359,Aqua,MODIS,75,6.2,302.8,25.1,D,0
-12.2445,141.8678,331.1,1.4,1.2,2014-09-18,0359,Aqua,MODIS,80,6.2,303.2,32.4,D,0
-10.951,142.3415,330.9,1.3,1.1,2014-09-18,0359,Aqua,MODIS,83,6.2,305.8,27.6,D,0
-10.9495,142.3532,324.7,1.3,1.1,2014-09-18,0359,Aqua,MODIS,58,6.2,306.2,16.9,D,0
-10.9405,142.3457,321.6,1.3,1.1,2014-09-18,0359,Aqua,MODIS,19,6.2,305.2,12.7,D,0
-13.1579,141.7925,329.3,1.5,1.2,2014-09-18,0359,Aqua,MODIS,76,6.2,306.4,27.4,D,0
-13.1597,141.7788,322.1,1.5,1.2,2014-09-18,0359,Aqua,MODIS,48,6.2,303,13.1,D,0
-12.7049,141.934,327.1,1.4,1.2,2014-09-18,0359,Aqua,MODIS,70,6.2,306.8,18.2,D,0
-12.5163,141.9763,333.2,1.4,1.2,2014-09-18,0359,Aqua,MODIS,70,6.2,301.6,32,D,0
-13.0632,141.9934,323.7,1.4,1.2,2014-09-18,0359,Aqua,MODIS,49,6.2,307.7,14.1,D,0
-12.8019,142.8255,327.7,1.3,1.1,2014-09-18,0359,Aqua,MODIS,75,6.2,307.3,20.7,D,0
-12.3541,142.4317,330,1.3,1.1,2014-09-18,0359,Aqua,MODIS,60,6.2,312,16.9,D,0
-12.356,142.0475,330.4,1.4,1.2,2014-09-18,0359,Aqua,MODIS,55,6.2,308.8,22,D,0
-12.8104,142.8385,357.6,1.3,1.1,2014-09-18,0359,Aqua,MODIS,98,6.2,310.8,96.5,D,0
-12.8188,142.8451,345.4,1.3,1.1,2014-09-18,0359,Aqua,MODIS,91,6.2,310.2,54.9,D,0
-12.8103,142.8322,390.1,1.3,1.1,2014-09-18,0359,Aqua,MODIS,100,6.2,314.2,262.5,D,0
-12.3751,142.1073,325.1,1.4,1.2,2014-09-18,0359,Aqua,MODIS,32,6.2,308.4,13.7,D,0
-12.9418,142.9975,328.3,1.2,1.1,2014-09-18,0359,Aqua,MODIS,28,6.2,308.7,16.6,D,0
-12.0997,142.2802,325.8,1.3,1.1,2014-09-18,0359,Aqua,MODIS,71,6.2,306.5,15.9,D,0
-12.2983,142.4797,330.8,1.3,1.1,2014-09-18,0359,Aqua,MODIS,68,6.2,310.2,17.1,D,0
-12.3683,142.0361,325.6,1.4,1.2,2014-09-18,0359,Aqua,MODIS,50,6.2,309,11.9,D,0
-12.8991,143.0145,321.5,1.2,1.1,2014-09-18,0359,Aqua,MODIS,28,6.2,306,10.4,D,0
-12.7031,141.9472,325.3,1.4,1.2,2014-09-18,0359,Aqua,MODIS,65,6.2,310.2,15.5,D,0
-12.4762,142.0366,333.2,1.4,1.2,2014-09-18,0359,Aqua,MODIS,69,6.2,308.8,23.8,D,0
-12.5252,141.9908,332.4,1.4,1.2,2014-09-18,0359,Aqua,MODIS,52,6.2,302.4,28.4,D,0
-12.5057,141.9749,358,1.4,1.2,2014-09-18,0359,Aqua,MODIS,99,6.2,304,111.7,D,0
-12.5307,142.0308,331.1,1.4,1.2,2014-09-18,0359,Aqua,MODIS,27,6.2,307.7,23.3,D,0
-12.706,142.1712,328.1,1.4,1.2,2014-09-18,0359,Aqua,MODIS,57,6.2,304.4,18.4,D,0
-12.3486,142.3939,328.3,1.3,1.1,2014-09-18,0359,Aqua,MODIS,58,6.2,309.7,14.3,D,0
-12.3594,142.0218,333.7,1.4,1.2,2014-09-18,0359,Aqua,MODIS,82,6.2,309.7,27.1,D,0
-12.909,143.0159,322,1.2,1.1,2014-09-18,0359,Aqua,MODIS,45,6.2,307.5,11,D,0
-12.37,142.0233,327,1.4,1.2,2014-09-18,0359,Aqua,MODIS,67,6.2,310,14.1,D,0
-12.11,142.2816,323.1,1.3,1.1,2014-09-18,0359,Aqua,MODIS,62,6.2,306.5,11.4,D,0
-12.3557,142.4196,336.5,1.3,1.1,2014-09-18,0359,Aqua,MODIS,79,6.2,310.4,30.5,D,0
-13.0082,142.9539,328.9,1.3,1.1,2014-09-18,0359,Aqua,MODIS,35,6.2,312,17.2,D,0
-12.9234,142.9832,323.7,1.2,1.1,2014-09-18,0359,Aqua,MODIS,58,6.2,308.5,13,D,0
-12.3639,142.028,342.7,1.4,1.2,2014-09-18,0359,Aqua,MODIS,89,6.2,310.2,51.7,D,0
-12.8088,142.8438,335.6,1.3,1.1,2014-09-18,0359,Aqua,MODIS,83,6.2,307.8,32.9,D,0
-11.8118,142.2965,325.5,1.3,1.1,2014-09-18,0359,Aqua,MODIS,72,6.2,306.2,13.8,D,0
-12.3085,142.4811,331.5,1.3,1.1,2014-09-18,0359,Aqua,MODIS,62,6.2,309.3,17.9,D,0
-13.1633,142.8644,327.8,1.3,1.1,2014-09-18,0359,Aqua,MODIS,22,6.2,310.3,11.4,D,0
-12.9998,142.9411,343.8,1.3,1.1,2014-09-18,0359,Aqua,MODIS,86,6.2,309.6,49,D,0
-11.7858,142.2007,345,1.3,1.1,2014-09-18,0359,Aqua,MODIS,90,6.2,300.8,64.3,D,0
-11.8133,142.2843,323.2,1.3,1.1,2014-09-18,0359,Aqua,MODIS,41,6.2,307.8,10.3,D,0
-12.2629,142.5113,327.1,1.3,1.1,2014-09-18,0359,Aqua,MODIS,72,6.2,310,12,D,0
-12.3577,142.0346,333,1.4,1.2,2014-09-18,0359,Aqua,MODIS,77,6.2,309.9,26.4,D,0
-12.5074,141.9618,332.2,1.4,1.2,2014-09-18,0359,Aqua,MODIS,76,6.2,301.4,30.5,D,0
-12.8289,142.8465,324.3,1.3,1.1,2014-09-18,0359,Aqua,MODIS,41,6.2,309.5,11.6,D,0
-12.3391,142.4665,337.7,1.3,1.1,2014-09-18,0359,Aqua,MODIS,66,6.2,312.1,30.7,D,0
-12.3643,142.4331,335.3,1.3,1.1,2014-09-18,0359,Aqua,MODIS,67,6.2,309.4,28.1,D,0
-12.3628,142.4451,338,1.3,1.1,2014-09-18,0359,Aqua,MODIS,71,6.2,310.7,33.3,D,0
-12.8118,142.8205,356,1.3,1.1,2014-09-18,0359,Aqua,MODIS,98,6.2,308.2,90,D,0
-12.8705,142.8406,336.3,1.3,1.1,2014-09-18,0359,Aqua,MODIS,84,6.2,308.1,34,D,0
-12.3472,142.0333,345.8,1.4,1.2,2014-09-18,0359,Aqua,MODIS,92,6.2,308.1,62.4,D,0
-12.3637,142.3588,331.5,1.3,1.1,2014-09-18,0359,Aqua,MODIS,62,6.2,309.6,22.6,D,0
-12.1084,142.2939,324.4,1.3,1.1,2014-09-18,0359,Aqua,MODIS,70,6.2,306.6,13.2,D,0
-12.3376,142.4785,335.1,1.3,1.1,2014-09-18,0359,Aqua,MODIS,60,6.2,309.7,26.6,D,0
-12.3054,142.4862,332.1,1.3,1.1,2014-09-18,0359,Aqua,MODIS,69,6.2,309,19.1,D,0
-11.9437,142.6867,327.2,1.3,1.1,2014-09-18,0359,Aqua,MODIS,70,6.2,305.3,20.4,D,0
-11.9553,142.6767,332,1.3,1.1,2014-09-18,0359,Aqua,MODIS,81,6.2,308.1,27.6,D,0
-12.3455,142.0461,336.1,1.4,1.2,2014-09-18,0359,Aqua,MODIS,84,6.2,307.4,36,D,0
-12.8119,142.8268,372.1,1.3,1.1,2014-09-18,0359,Aqua,MODIS,100,6.2,312.9,157.6,D,0
-12.9075,143.0273,319.6,1.2,1.1,2014-09-18,0359,Aqua,MODIS,23,6.2,306.8,8.6,D,0
-11.7841,142.2129,337.8,1.3,1.1,2014-09-18,0359,Aqua,MODIS,84,6.2,301.4,44.6,D,0
-12.3767,142.0947,326,1.4,1.2,2014-09-18,0359,Aqua,MODIS,24,6.2,310.4,14.2,D,0
-12.9982,142.9526,353.7,1.3,1.1,2014-09-18,0359,Aqua,MODIS,96,6.2,313,75.2,D,0
-12.3502,142.3818,335.8,1.3,1.1,2014-09-18,0359,Aqua,MODIS,83,6.2,310.5,30.3,D,0
-13.1649,142.8528,341.9,1.3,1.1,2014-09-18,0359,Aqua,MODIS,89,6.2,312.4,41.9,D,0
-12.5323,142.0181,333.3,1.4,1.2,2014-09-18,0359,Aqua,MODIS,47,6.2,305.3,27.7,D,0
-12.9517,142.9991,343.6,1.2,1.1,2014-09-18,0359,Aqua,MODIS,90,6.2,309.3,46.7,D,0
-12.9992,143.023,333.4,1.2,1.1,2014-09-18,0359,Aqua,MODIS,67,6.2,309.3,26.3,D,0
-12.5062,142.0537,332.4,1.4,1.2,2014-09-18,0359,Aqua,MODIS,60,6.2,308.7,22.7,D,0
-12.5235,142.0038,338.8,1.4,1.2,2014-09-18,0359,Aqua,MODIS,78,6.2,304.8,42.5,D,0
-13.1665,142.8411,345.7,1.3,1.1,2014-09-18,0359,Aqua,MODIS,92,6.2,311.8,53.2,D,0
-12.869,142.8521,335.2,1.3,1.1,2014-09-18,0359,Aqua,MODIS,83,6.2,307.1,32.1,D,0
-13.1671,142.9125,327.2,1.3,1.1,2014-09-18,0359,Aqua,MODIS,53,6.2,307.7,16.1,D,0
-12.9334,142.9846,332.1,1.2,1.1,2014-09-18,0359,Aqua,MODIS,72,6.2,310.8,25.4,D,0
-12.8721,142.829,339.1,1.3,1.1,2014-09-18,0359,Aqua,MODIS,87,6.2,309.3,40.9,D,0
-12.9319,142.996,335,1.2,1.1,2014-09-18,0359,Aqua,MODIS,80,6.2,309.5,29.6,D,0
-10.0891,142.1621,314,1.3,1.1,2014-09-18,0400,Aqua,MODIS,48,6.2,296,7.8,D,0
-33.3703,116.4055,307.9,3,1.7,2014-09-18,0532,Aqua,MODIS,49,6.2,295,29.5,D,0
-33.373,116.4013,307.2,3,1.7,2014-09-18,0532,Aqua,MODIS,41,6.2,295.1,26.7,D,0
-33.8505,116.1348,305.9,3.2,1.7,2014-09-18,0532,Aqua,MODIS,46,6.2,293.8,29.9,D,0
-32.5432,116.5067,337,2.9,1.6,2014-09-18,0532,Aqua,MODIS,88,6.2,293.6,168.9,D,0
-32.6231,116.2195,310.5,3.1,1.7,2014-09-18,0532,Aqua,MODIS,47,6.2,294.9,38,D,0
-34.772,117.1154,308.4,2.8,1.6,2014-09-18,0532,Aqua,MODIS,60,6.2,287.2,30.1,D,0
-32.5453,116.4752,347.3,3,1.6,2014-09-18,0532,Aqua,MODIS,94,6.2,297.4,257.1,D,0
-32.5434,116.5,348.1,2.9,1.6,2014-09-18,0532,Aqua,MODIS,94,6.2,294.5,266.7,D,0
-32.5457,116.4683,337.8,3,1.6,2014-09-18,0532,Aqua,MODIS,89,6.2,297.3,178.6,D,0
-32.578,116.4385,332.9,3,1.6,2014-09-18,0532,Aqua,MODIS,85,6.2,298.4,138.5,D,0
-32.636,116.2538,312.9,3.1,1.7,2014-09-18,0532,Aqua,MODIS,59,6.2,295.5,46.7,D,0
-32.5773,116.4456,349.4,3,1.6,2014-09-18,0532,Aqua,MODIS,95,6.2,298.4,277.2,D,0
-32.5751,116.4782,344.5,3,1.6,2014-09-18,0532,Aqua,MODIS,92,6.2,294.7,229.2,D,0
-32.5581,116.5082,316,2.9,1.6,2014-09-18,0532,Aqua,MODIS,61,6.2,291.3,52.1,D,0
-32.5602,116.4768,348.7,3,1.6,2014-09-18,0532,Aqua,MODIS,95,6.2,295.2,271.3,D,0
-32.5732,116.5028,310.4,2.9,1.6,2014-09-18,0532,Aqua,MODIS,17,6.2,291.6,32.8,D,0
-32.5755,116.4712,344.6,3,1.6,2014-09-18,0532,Aqua,MODIS,92,6.2,295.7,232.4,D,0
-32.5606,116.4699,348.2,3,1.6,2014-09-18,0532,Aqua,MODIS,94,6.2,295.5,267.7,D,0
-32.5583,116.5015,327.5,2.9,1.6,2014-09-18,0532,Aqua,MODIS,81,6.2,291.8,110.1,D,0
-32.5624,116.4444,329.5,3,1.6,2014-09-18,0532,Aqua,MODIS,83,6.2,296.2,115.8,D,0
-32.563,116.4374,327.4,3,1.6,2014-09-18,0532,Aqua,MODIS,81,6.2,296.4,107.1,D,0
-34.7719,117.1109,306.7,2.8,1.6,2014-09-18,0532,Aqua,MODIS,39,6.2,287.7,22.9,D,0
-32.6332,116.2586,312.5,3.1,1.7,2014-09-18,0532,Aqua,MODIS,42,6.2,295.2,42.7,D,0
-34.7246,117.9962,319.7,2.5,1.5,2014-09-18,0532,Aqua,MODIS,78,6.2,298.2,54.1,D,0
-27.8614,124.5461,330.5,1,1,2014-09-18,0533,Aqua,MODIS,73,6.2,310.6,14.1,D,0
-27.8297,124.5091,346,1,1,2014-09-18,0533,Aqua,MODIS,91,6.2,313.5,36.8,D,0
-27.8599,124.5562,326.9,1,1,2014-09-18,0533,Aqua,MODIS,64,6.2,311.5,9.7,D,0
-27.8462,124.5225,343.8,1,1,2014-09-18,0533,Aqua,MODIS,84,6.2,314,31.6,D,0
-27.8477,124.5124,351.3,1,1,2014-09-18,0533,Aqua,MODIS,94,6.2,315.2,47.9,D,0
-27.8491,124.5022,351.3,1,1,2014-09-18,0533,Aqua,MODIS,94,6.2,313,49.3,D,0
-27.8506,124.492,327.7,1,1,2014-09-18,0533,Aqua,MODIS,20,6.2,309.3,11.1,D,0
-27.8448,124.5326,337.2,1,1,2014-09-18,0533,Aqua,MODIS,43,6.2,314.6,20.4,D,0
-26.6563,125.7375,346.4,1,1,2014-09-18,0534,Aqua,MODIS,91,6.2,315.5,37.4,D,0
-26.7217,125.7237,362.1,1,1,2014-09-18,0534,Aqua,MODIS,100,6.2,313.6,78.1,D,0
-26.7201,125.7341,328.6,1,1,2014-09-18,0534,Aqua,MODIS,22,6.2,312,8.9,D,0
-26.7078,125.7531,341.4,1,1,2014-09-18,0534,Aqua,MODIS,87,6.2,314.6,28.1,D,0
-26.711,125.7323,341.1,1,1,2014-09-18,0534,Aqua,MODIS,87,6.2,315.3,27.5,D,0
-26.7126,125.722,359.2,1,1,2014-09-18,0534,Aqua,MODIS,99,6.2,317.8,68.8,D,0
-20.2726,128.3032,334.9,1.7,1.3,2014-09-18,0535,Aqua,MODIS,32,6.2,296.2,50.3,D,0
-20.2697,128.3196,348.6,1.7,1.3,2014-09-18,0535,Aqua,MODIS,86,6.2,302.2,103.5,D,0
-20.2582,128.3173,340.7,1.7,1.3,2014-09-18,0535,Aqua,MODIS,57,6.2,290.7,67.4,D,0
-20.2496,128.1742,357.4,1.7,1.3,2014-09-18,0535,Aqua,MODIS,92,6.2,312.3,134.8,D,0
-20.2039,128.2995,351.1,1.7,1.3,2014-09-18,0535,Aqua,MODIS,65,6.2,304.5,107.6,D,0
-20.247,128.2575,404.7,1.7,1.3,2014-09-18,0535,Aqua,MODIS,94,6.2,315.3,583.2,D,0
-21.4465,118.5899,331.6,1.5,1.2,2014-09-18,0535,Aqua,MODIS,71,6.2,317.4,22.3,D,0
-21.4482,118.5752,332,1.5,1.2,2014-09-18,0535,Aqua,MODIS,72,6.2,317.6,23.5,D,0
-22.3299,124.6896,342.4,1,1,2014-09-18,0535,Aqua,MODIS,85,6.2,322.4,24.9,D,0
-22.9027,118.3993,379.7,1.6,1.3,2014-09-18,0535,Aqua,MODIS,100,6.2,312.6,286.6,D,0
-22.9045,118.3831,329.9,1.6,1.3,2014-09-18,0535,Aqua,MODIS,40,6.2,308.7,29.7,D,0
-22.8912,118.3984,387.5,1.6,1.3,2014-09-18,0535,Aqua,MODIS,100,6.2,313.3,354.3,D,0
-22.893,118.382,345,1.6,1.3,2014-09-18,0535,Aqua,MODIS,78,6.2,311.9,74.1,D,0
-22.8966,118.3495,342.5,1.7,1.3,2014-09-18,0535,Aqua,MODIS,68,6.2,309.6,58.2,D,0
-22.8816,118.3809,344.1,1.6,1.3,2014-09-18,0535,Aqua,MODIS,47,6.2,309.9,63.8,D,0
-22.8918,118.4097,347.2,1.6,1.3,2014-09-18,0535,Aqua,MODIS,91,6.2,308,85.8,D,0
-22.8937,118.3935,372.9,1.6,1.3,2014-09-18,0535,Aqua,MODIS,100,6.2,316.1,226.5,D,0
-22.8823,118.392,341.3,1.6,1.3,2014-09-18,0535,Aqua,MODIS,82,6.2,308.4,59.9,D,0
-22.8842,118.376,341.9,1.6,1.3,2014-09-18,0535,Aqua,MODIS,52,6.2,310.4,58.1,D,0
-22.8879,118.3433,348.5,1.7,1.3,2014-09-18,0535,Aqua,MODIS,80,6.2,313.6,75.7,D,0
-22.8632,118.3566,353.4,1.7,1.3,2014-09-18,0535,Aqua,MODIS,90,6.2,314.7,104.7,D,0
-22.8651,118.3404,342.8,1.7,1.3,2014-09-18,0535,Aqua,MODIS,32,6.2,314.2,56.2,D,0
-22.7303,119.4045,338.2,1.4,1.2,2014-09-18,0535,Aqua,MODIS,81,6.2,321.4,28.8,D,0
-22.7198,119.403,344.8,1.4,1.2,2014-09-18,0535,Aqua,MODIS,89,6.2,320.1,46.7,D,0
-22.7092,119.4015,338.8,1.4,1.2,2014-09-18,0535,Aqua,MODIS,82,6.2,318.7,30.7,D,0
-22.8899,119.5082,337.6,1.4,1.2,2014-09-18,0535,Aqua,MODIS,81,6.2,316.6,33.9,D,0
-22.8883,119.5218,328.4,1.4,1.2,2014-09-18,0535,Aqua,MODIS,26,6.2,316.8,11.6,D,0
-22.9348,119.5338,375.1,1.4,1.2,2014-09-18,0535,Aqua,MODIS,100,6.2,317.7,189.7,D,0
-22.9363,119.5204,341.3,1.4,1.2,2014-09-18,0535,Aqua,MODIS,85,6.2,314.7,46.6,D,0
-22.9287,119.5411,348.5,1.4,1.2,2014-09-18,0535,Aqua,MODIS,92,6.2,316.2,65.6,D,0
-22.9304,119.5277,389.7,1.4,1.2,2014-09-18,0535,Aqua,MODIS,100,6.2,321.8,290.3,D,0
-22.9182,119.5397,329.6,1.4,1.2,2014-09-18,0535,Aqua,MODIS,49,6.2,316.4,15,D,0
-22.9198,119.5262,329,1.4,1.2,2014-09-18,0535,Aqua,MODIS,38,6.2,316.9,14.8,D,0
-22.8988,119.5231,333.4,1.4,1.2,2014-09-18,0535,Aqua,MODIS,60,6.2,317.7,21.4,D,0
-22.9004,119.5097,348.5,1.4,1.2,2014-09-18,0535,Aqua,MODIS,92,6.2,317.2,64.9,D,0
-22.7631,118.1197,336.5,1.7,1.3,2014-09-18,0535,Aqua,MODIS,61,6.2,315.5,40.7,D,0
-22.7901,118.0888,344.4,1.7,1.3,2014-09-18,0535,Aqua,MODIS,89,6.2,315.8,74.8,D,0
-22.7882,118.1057,331.6,1.7,1.3,2014-09-18,0535,Aqua,MODIS,42,6.2,315.1,26.8,D,0
-22.825,118.0931,352.6,1.7,1.3,2014-09-18,0535,Aqua,MODIS,95,6.2,315.7,112.8,D,0
-22.8231,118.1101,341.8,1.7,1.3,2014-09-18,0535,Aqua,MODIS,86,6.2,315.5,64.9,D,0
-22.8347,118.1114,347.9,1.7,1.3,2014-09-18,0535,Aqua,MODIS,92,6.2,317.2,88.2,D,0
-22.8232,118.0825,330.3,1.7,1.3,2014-09-18,0535,Aqua,MODIS,67,6.2,313.5,25.8,D,0
-22.8213,118.0996,348.4,1.7,1.3,2014-09-18,0535,Aqua,MODIS,92,6.2,314.9,90.8,D,0
-22.833,118.1009,349,1.7,1.3,2014-09-18,0535,Aqua,MODIS,92,6.2,316.2,92.7,D,0
-22.8312,118.1179,351.5,1.7,1.3,2014-09-18,0535,Aqua,MODIS,94,6.2,317.3,104.5,D,0
-22.8428,118.1191,331.8,1.7,1.3,2014-09-18,0535,Aqua,MODIS,73,6.2,312.8,30.9,D,0
-22.3284,124.6997,344.7,1,1,2014-09-18,0535,Aqua,MODIS,87,6.2,323.2,30.3,D,0
-22.3269,124.7097,336.4,1,1,2014-09-18,0535,Aqua,MODIS,76,6.2,319.8,16.1,D,0
-22.3369,124.6975,376,1,1,2014-09-18,0535,Aqua,MODIS,100,6.2,324.8,118.4,D,0
-22.3354,124.7076,389.9,1,1,2014-09-18,0535,Aqua,MODIS,100,6.2,329.1,181.6,D,0
-22.3339,124.7176,436.2,1,1,2014-09-18,0535,Aqua,MODIS,100,6.2,335.4,554.7,D,0
-22.3323,124.7276,345.7,1,1,2014-09-18,0535,Aqua,MODIS,82,6.2,317.3,30.3,D,0
-22.343,124.7192,339.2,1,1,2014-09-18,0535,Aqua,MODIS,73,6.2,320.2,18.1,D,0
-22.8856,118.1582,331.2,1.7,1.3,2014-09-18,0535,Aqua,MODIS,71,6.2,314.6,30.6,D,0
-22.874,118.1568,326,1.7,1.3,2014-09-18,0535,Aqua,MODIS,40,6.2,314,15.9,D,0
-22.8328,118.1283,334.8,1.7,1.3,2014-09-18,0535,Aqua,MODIS,78,6.2,314.5,37.3,D,0
-22.7613,118.1363,334.8,1.7,1.3,2014-09-18,0535,Aqua,MODIS,51,6.2,315.8,35.2,D,0
-22.8476,118.2887,351.7,1.7,1.3,2014-09-18,0535,Aqua,MODIS,94,6.2,315.8,105,D,0
-22.8458,118.305,364.4,1.7,1.3,2014-09-18,0535,Aqua,MODIS,100,6.2,315.7,172.7,D,0
-22.844,118.3213,346.9,1.7,1.3,2014-09-18,0535,Aqua,MODIS,91,6.2,313.1,81.8,D,0
-22.8555,118.3226,384.5,1.7,1.3,2014-09-18,0535,Aqua,MODIS,100,6.2,320,322.2,D,0
-22.8536,118.3388,366,1.7,1.3,2014-09-18,0535,Aqua,MODIS,100,6.2,314.3,175.2,D,0
-22.8784,118.3254,397.3,1.7,1.3,2014-09-18,0535,Aqua,MODIS,100,6.2,320.1,455.7,D,0
-22.8869,118.3313,348.5,1.7,1.3,2014-09-18,0535,Aqua,MODIS,76,6.2,313.8,75.9,D,0
-22.917,118.2684,329.5,1.7,1.3,2014-09-18,0535,Aqua,MODIS,64,6.2,314.2,23.9,D,0
-22.9152,118.2848,330.7,1.7,1.3,2014-09-18,0535,Aqua,MODIS,66,6.2,314.6,25.5,D,0
-22.9117,118.3176,365.5,1.7,1.3,2014-09-18,0535,Aqua,MODIS,100,6.2,316.9,177.5,D,0
-16.6001,124.1666,346.8,1.1,1.1,2014-09-18,0536,Aqua,MODIS,91,6.2,315.3,42.2,D,0
-16.5985,124.1769,336.1,1.1,1.1,2014-09-18,0536,Aqua,MODIS,74,6.2,312.4,20.4,D,0
-16.0585,128.0556,333,2,1.4,2014-09-18,0536,Aqua,MODIS,75,6.2,303.7,48.7,D,0
-18.2411,123.0962,349.8,1,1,2014-09-18,0536,Aqua,MODIS,92,6.2,321.3,38.9,D,0
-16.6016,124.1563,331.5,1.1,1.1,2014-09-18,0536,Aqua,MODIS,57,6.2,314.9,11.8,D,0
-16.0924,128.0794,331.9,2,1.4,2014-09-18,0536,Aqua,MODIS,68,6.2,305.3,45.3,D,0
-18.2483,123.103,344.9,1,1,2014-09-18,0536,Aqua,MODIS,87,6.2,316.2,28.5,D,0
-18.2497,123.0935,398.6,1,1,2014-09-18,0536,Aqua,MODIS,100,6.2,323.1,224.2,D,0
-18.2425,123.0867,334.6,1,1,2014-09-18,0536,Aqua,MODIS,64,6.2,320.6,11.3,D,0
-18.7533,128.7464,335.3,2,1.4,2014-09-18,0536,Aqua,MODIS,75,6.2,319.1,42.6,D,0
-16.0554,128.0727,333,2,1.4,2014-09-18,0536,Aqua,MODIS,76,6.2,301.2,46.8,D,0
-17.1976,128.0845,335.3,1.9,1.3,2014-09-18,0536,Aqua,MODIS,79,6.2,314.2,47,D,0
-16.6095,124.1682,337.8,1.1,1.1,2014-09-18,0536,Aqua,MODIS,82,6.2,315.6,22.9,D,0
-17.5252,125.5856,357.4,1.3,1.1,2014-09-18,0536,Aqua,MODIS,98,6.2,316.2,83.5,D,0
-17.5314,125.9386,378.8,1.3,1.1,2014-09-18,0536,Aqua,MODIS,100,6.2,317.7,200.2,D,0
-17.3771,125.6184,331.2,1.3,1.1,2014-09-18,0536,Aqua,MODIS,67,6.2,312.2,17.5,D,0
-17.5211,125.9365,333.8,1.3,1.1,2014-09-18,0536,Aqua,MODIS,74,6.2,313.5,23.8,D,0
-17.5193,125.9483,341.8,1.3,1.1,2014-09-18,0536,Aqua,MODIS,85,6.2,311.2,44.9,D,0
-17.5173,125.9605,331.6,1.3,1.1,2014-09-18,0536,Aqua,MODIS,69,6.2,310,22.9,D,0
-17.3751,125.631,328.9,1.3,1.1,2014-09-18,0536,Aqua,MODIS,60,6.2,312.2,14.1,D,0
-18.3898,130.4119,331.9,2.7,1.6,2014-09-18,0536,Aqua,MODIS,54,6.2,317.5,53.5,D,0
-18.3806,130.4286,340,2.7,1.6,2014-09-18,0536,Aqua,MODIS,84,6.2,315.9,103.5,D,0
-18.3666,130.4257,331.3,2.7,1.6,2014-09-18,0536,Aqua,MODIS,69,6.2,316.9,50.9,D,0
-17.4864,125.9552,347.1,1.3,1.1,2014-09-18,0536,Aqua,MODIS,90,6.2,313.6,58.6,D,0
-18.8407,129.8584,347.3,2.4,1.5,2014-09-18,0536,Aqua,MODIS,91,6.2,314.7,120.7,D,0
-17.5334,125.5992,339.7,1.3,1.1,2014-09-18,0536,Aqua,MODIS,82,6.2,313.6,31.2,D,0
-18.8366,129.8809,339.2,2.4,1.5,2014-09-18,0536,Aqua,MODIS,45,6.2,316.6,63.5,D,0
-18.854,129.8611,350.4,2.4,1.5,2014-09-18,0536,Aqua,MODIS,94,6.2,316.6,140.7,D,0
-18.9323,129.7932,337.5,2.3,1.5,2014-09-18,0536,Aqua,MODIS,69,6.2,316.4,70.7,D,0
-17.5282,125.9446,396.6,1.3,1.1,2014-09-18,0536,Aqua,MODIS,100,6.2,315.3,330.3,D,0
-17.4856,125.5849,352.2,1.3,1.1,2014-09-18,0536,Aqua,MODIS,94,6.2,317.4,65.9,D,0
-18.8542,129.9155,348.9,2.4,1.5,2014-09-18,0536,Aqua,MODIS,85,6.2,316.8,138.3,D,0
-18.8417,129.9286,352.8,2.4,1.5,2014-09-18,0536,Aqua,MODIS,94,6.2,314.7,165.2,D,0
-17.5716,125.9382,328.8,1.3,1.1,2014-09-18,0536,Aqua,MODIS,42,6.2,311.7,14.3,D,0
-17.5303,125.9321,356.2,1.3,1.1,2014-09-18,0536,Aqua,MODIS,97,6.2,317.1,87.1,D,0
-17.5152,125.5838,332.2,1.3,1.1,2014-09-18,0536,Aqua,MODIS,49,6.2,314.6,14.6,D,0
-17.5233,125.5974,349.8,1.3,1.1,2014-09-18,0536,Aqua,MODIS,92,6.2,315.1,56.9,D,0
-18.7854,130.1576,337.3,2.5,1.5,2014-09-18,0536,Aqua,MODIS,67,6.2,317,68.9,D,0
-18.8033,130.1369,335.9,2.5,1.5,2014-09-18,0536,Aqua,MODIS,74,6.2,317.1,66.5,D,0
-18.799,130.1606,332.4,2.5,1.5,2014-09-18,0536,Aqua,MODIS,62,6.2,317.1,47.5,D,0
-17.5294,125.951,357,1.3,1.1,2014-09-18,0536,Aqua,MODIS,98,6.2,309.9,94.9,D,0
-18.8126,130.1634,338.7,2.5,1.5,2014-09-18,0536,Aqua,MODIS,53,6.2,315.3,80.9,D,0
-18.8169,130.1397,347.4,2.5,1.5,2014-09-18,0536,Aqua,MODIS,88,6.2,314.5,141.3,D,0
-18.8374,130.1519,328.4,2.5,1.5,2014-09-18,0536,Aqua,MODIS,50,6.2,311.3,38.8,D,0
-18.8193,130.1728,343.4,2.5,1.5,2014-09-18,0536,Aqua,MODIS,88,6.2,314.4,117.4,D,0
-18.8238,130.1492,339.4,2.5,1.5,2014-09-18,0536,Aqua,MODIS,82,6.2,312.9,93.2,D,0
-18.8102,130.1462,347.2,2.5,1.5,2014-09-18,0536,Aqua,MODIS,91,6.2,317,139,D,0
-18.8262,130.1663,349.8,2.5,1.5,2014-09-18,0536,Aqua,MODIS,93,6.2,313.6,162.3,D,0
-16.1995,132.345,328.8,4.1,1.9,2014-09-18,0536,Aqua,MODIS,57,6.2,306.4,93.1,D,0
-16.1918,132.3835,329.9,4.2,1.9,2014-09-18,0536,Aqua,MODIS,58,6.2,307.3,97.8,D,0
-16.1879,132.375,333,4.2,1.9,2014-09-18,0536,Aqua,MODIS,73,6.2,307.2,132.9,D,0
-16.2929,132.3304,328,4.1,1.9,2014-09-18,0536,Aqua,MODIS,68,6.2,305.8,109.8,D,0
-16.3001,132.3667,327.1,4.1,1.9,2014-09-18,0536,Aqua,MODIS,66,6.2,304.3,95,D,0
-16.1954,132.3365,329.2,4.1,1.9,2014-09-18,0536,Aqua,MODIS,59,6.2,306.9,98.5,D,0
-16.5092,132.7226,328.1,4.3,1.9,2014-09-18,0536,Aqua,MODIS,42,6.2,309.6,105.4,D,0
-16.5519,132.6946,342.4,4.3,1.9,2014-09-18,0536,Aqua,MODIS,87,6.2,308.7,272.1,D,0
-16.5514,132.6897,343.2,4.3,1.9,2014-09-18,0536,Aqua,MODIS,88,6.2,308.8,275.4,D,0
-16.5264,132.7261,331.8,4.3,1.9,2014-09-18,0536,Aqua,MODIS,50,6.2,308.9,137.9,D,0
-17.005,132.5351,332.2,4.1,1.9,2014-09-18,0536,Aqua,MODIS,75,6.2,309.1,137.8,D,0
-17.0026,132.5302,334.3,4.1,1.9,2014-09-18,0536,Aqua,MODIS,79,6.2,309.3,159.6,D,0
-16.3943,132.5657,348.5,4.3,1.9,2014-09-18,0536,Aqua,MODIS,92,6.2,309.3,353.5,D,0
-16.3933,132.5605,346.9,4.3,1.9,2014-09-18,0536,Aqua,MODIS,91,6.2,309.1,326.3,D,0
-16.8051,132.1195,325.6,3.9,1.8,2014-09-18,0536,Aqua,MODIS,57,6.2,308.1,84.5,D,0
-16.5183,132.7665,336.3,4.4,1.9,2014-09-18,0536,Aqua,MODIS,79,6.2,307.1,199.9,D,0
-16.5011,132.7628,325.9,4.4,1.9,2014-09-18,0536,Aqua,MODIS,54,6.2,308.4,93.3,D,0
-16.5161,132.7584,337.5,4.4,1.9,2014-09-18,0536,Aqua,MODIS,82,6.2,307.8,212,D,0
-18.0791,124.1898,337.6,1.1,1,2014-09-18,0536,Aqua,MODIS,59,6.2,319,17.1,D,0
-18.0698,124.1883,337.7,1.1,1,2014-09-18,0536,Aqua,MODIS,52,6.2,318.9,17.7,D,0
-11.5174,131.217,317.7,4.3,1.9,2014-09-18,0537,Aqua,MODIS,59,6.2,300.7,40.4,D,0
-11.5004,131.2139,327.8,4.3,1.9,2014-09-18,0537,Aqua,MODIS,76,6.2,300.1,128.1,D,0
-14.1338,132.3873,325.3,4.6,2,2014-09-18,0537,Aqua,MODIS,55,6.2,308.9,82.4,D,0
-14.896,126.6575,330.3,1.7,1.3,2014-09-18,0537,Aqua,MODIS,58,6.2,308,21.4,D,0
-15.8779,127.4709,357.4,1.8,1.3,2014-09-18,0537,Aqua,MODIS,85,6.2,307.1,149.3,D,0
-14.2441,126.6251,328.3,1.7,1.3,2014-09-18,0537,Aqua,MODIS,66,6.2,305.5,27.2,D,0
-13.5131,130.9581,336.2,3.7,1.8,2014-09-18,0537,Aqua,MODIS,83,6.2,309.4,149.5,D,0
-13.5272,130.9179,328.3,3.7,1.8,2014-09-18,0537,Aqua,MODIS,71,6.2,306.6,79.5,D,0
-13.5211,130.9517,334.1,3.7,1.8,2014-09-18,0537,Aqua,MODIS,80,6.2,307.8,133.5,D,0
-13.5112,130.9148,343.2,3.7,1.8,2014-09-18,0537,Aqua,MODIS,89,6.2,306.4,228.6,D,0
-13.5034,130.9213,339.2,3.7,1.8,2014-09-18,0537,Aqua,MODIS,86,6.2,305.7,178.3,D,0
-13.505,130.9485,333,3.7,1.8,2014-09-18,0537,Aqua,MODIS,79,6.2,309.3,126.3,D,0
-13.5194,130.9244,345.7,3.7,1.8,2014-09-18,0537,Aqua,MODIS,91,6.2,307.9,253.2,D,0
-11.497,131.2056,326,4.3,1.9,2014-09-18,0538,Aqua,MODIS,59,6.2,300.1,105,D,0
-11.4964,130.3164,319.1,3.6,1.8,2014-09-18,0538,Aqua,MODIS,55,6.2,294.6,56.9,D,0
-18.8505,145.7789,303.6,2,1.4,2014-09-18,1322,Terra,MODIS,56,6.2,288.3,18.3,N,0
-18.8473,145.7971,301.1,2,1.4,2014-09-18,1322,Terra,MODIS,38,6.2,287.8,15.2,N,0
-20.7396,139.4741,315.2,1,1,2014-09-18,1322,Terra,MODIS,91,6.2,292.4,13.4,N,2
-16.034,145.0909,305.4,2,1.4,2014-09-18,1323,Terra,MODIS,64,6.2,287.2,22.5,N,0
-16.0249,144.3156,301.5,1.8,1.3,2014-09-18,1323,Terra,MODIS,41,6.2,291.2,9.7,N,0
-18.0778,145.9775,300.8,2.1,1.4,2014-09-18,1323,Terra,MODIS,34,6.2,288,17.6,N,0
-17.4971,138.4167,321.3,1,1,2014-09-18,1323,Terra,MODIS,100,6.2,295.6,18.1,N,0
-17.4984,138.4071,308.4,1,1,2014-09-18,1323,Terra,MODIS,19,6.2,293.7,6.7,N,0
-17.4867,138.4249,320.5,1,1,2014-09-18,1323,Terra,MODIS,100,6.2,296.8,17,N,0
-17.488,138.4153,330.5,1,1,2014-09-18,1323,Terra,MODIS,100,6.2,296.8,27.6,N,0
-17.4776,138.4234,336.9,1,1,2014-09-18,1323,Terra,MODIS,100,6.2,296.2,36.7,N,0
-17.479,138.4139,328.7,1,1,2014-09-18,1323,Terra,MODIS,100,6.2,296.1,24.7,N,0
-17.4803,138.4043,328.2,1,1,2014-09-18,1323,Terra,MODIS,100,6.2,295.9,24.4,N,0
-17.4686,138.4221,346.2,1,1,2014-09-18,1323,Terra,MODIS,100,6.2,296.4,54,N,0
-17.4699,138.4125,326.5,1,1,2014-09-18,1323,Terra,MODIS,100,6.2,295,23.2,N,0
-17.4712,138.4029,306.7,1,1,2014-09-18,1323,Terra,MODIS,42,6.2,293.5,5.7,N,0
-17.4582,138.4302,309.7,1,1,2014-09-18,1323,Terra,MODIS,78,6.2,294.2,8.8,N,0
-17.4358,138.1949,305.8,1,1,2014-09-18,1323,Terra,MODIS,24,6.2,295.6,4.9,N,0
-17.4174,138.261,306.2,1,1,2014-09-18,1323,Terra,MODIS,67,6.2,295.8,4.8,N,0
-17.4018,138.239,310.6,1,1,2014-09-18,1323,Terra,MODIS,68,6.2,296.3,7.9,N,0
-17.4498,138.2954,315.4,1,1,2014-09-18,1323,Terra,MODIS,91,6.2,297.4,11.8,N,0
-17.4536,138.3352,324.2,1,1,2014-09-18,1323,Terra,MODIS,100,6.2,295.9,21.9,N,0
-17.2679,132.3638,312.2,2.3,1.5,2014-09-18,1323,Terra,MODIS,84,6.2,293.2,36.4,N,0
-16.568,132.6983,338.5,2.1,1.4,2014-09-18,1323,Terra,MODIS,100,6.2,295.3,117.4,N,0
-16.5702,132.6786,388.4,2.1,1.4,2014-09-18,1323,Terra,MODIS,100,6.2,304.4,567.2,N,0
-16.5725,132.6587,379.9,2.1,1.4,2014-09-18,1323,Terra,MODIS,100,6.2,303.5,453.9,N,0
-16.5747,132.6388,342.9,2.1,1.4,2014-09-18,1323,Terra,MODIS,100,6.2,298.2,138.3,N,0
-16.553,132.7165,319.7,2.1,1.4,2014-09-18,1323,Terra,MODIS,99,6.2,295.6,45.3,N,0
-16.5552,132.6968,381.2,2.1,1.4,2014-09-18,1323,Terra,MODIS,100,6.2,302.9,466.1,N,0
-16.5575,132.677,367.4,2.1,1.4,2014-09-18,1323,Terra,MODIS,100,6.2,302.2,315.6,N,0
-16.5597,132.6572,361.5,2.1,1.4,2014-09-18,1323,Terra,MODIS,100,6.2,301.3,263.3,N,0
-16.5619,132.6372,363.1,2.1,1.4,2014-09-18,1323,Terra,MODIS,100,6.2,301.3,278.4,N,0
-16.5403,132.715,343.2,2.1,1.4,2014-09-18,1323,Terra,MODIS,100,6.2,296.7,139.7,N,0
-16.5425,132.6953,328.5,2.1,1.4,2014-09-18,1323,Terra,MODIS,100,6.2,295.4,74.8,N,0
-16.5447,132.6755,306.9,2.1,1.4,2014-09-18,1323,Terra,MODIS,11,6.2,293.9,14.7,N,0
-16.5469,132.6556,313.2,2.1,1.4,2014-09-18,1323,Terra,MODIS,87,6.2,293.6,30.3,N,0
-16.5491,132.6357,308.9,2.1,1.4,2014-09-18,1323,Terra,MODIS,74,6.2,293.1,19.8,N,0
-16.538,132.7282,313.5,2.1,1.4,2014-09-18,1323,Terra,MODIS,87,6.2,294.8,30.1,N,0
-16.5403,132.7086,339.1,2.1,1.4,2014-09-18,1323,Terra,MODIS,100,6.2,296.9,117.9,N,0
-16.5426,132.6889,310.4,2.1,1.4,2014-09-18,1323,Terra,MODIS,56,6.2,294.8,21.9,N,0
-16.5473,132.6493,315.3,2.1,1.4,2014-09-18,1323,Terra,MODIS,82,6.2,293.7,33,N,0
-17.2775,132.3716,307.9,2.3,1.5,2014-09-18,1323,Terra,MODIS,36,6.2,293.7,24.5,N,0
-17.2787,132.3869,308.2,2.3,1.5,2014-09-18,1323,Terra,MODIS,74,6.2,293.1,28,N,0
-17.2655,132.3853,301.2,2.3,1.5,2014-09-18,1323,Terra,MODIS,11,6.2,291,12.7,N,0
-17.3315,138.4862,326.3,1,1,2014-09-18,1323,Terra,MODIS,100,6.2,298.2,23.9,N,0
-17.3225,138.4848,348.8,1,1,2014-09-18,1323,Terra,MODIS,100,6.2,299.3,59.8,N,0
-17.3238,138.4753,339.6,1,1,2014-09-18,1323,Terra,MODIS,100,6.2,298.6,41.5,N,0
-17.3134,138.4834,326.4,1,1,2014-09-18,1323,Terra,MODIS,100,6.2,293.4,23.9,N,0
-17.3147,138.4739,334.9,1,1,2014-09-18,1323,Terra,MODIS,100,6.2,296.3,34.2,N,0
-17.3161,138.4644,313.4,1,1,2014-09-18,1323,Terra,MODIS,25,6.2,294.8,10.1,N,0
-17.307,138.463,331.2,1,1,2014-09-18,1323,Terra,MODIS,100,6.2,296.6,30.5,N,0
-17.3083,138.4534,309.1,1,1,2014-09-18,1323,Terra,MODIS,76,6.2,293.6,8.4,N,0
-17.2979,138.4616,336.7,1,1,2014-09-18,1323,Terra,MODIS,100,6.2,294.2,38.6,N,0
-17.2993,138.452,315.2,1,1,2014-09-18,1323,Terra,MODIS,91,6.2,292.7,13.3,N,0
-16.577,132.6187,406,2.1,1.4,2014-09-18,1323,Terra,MODIS,100,6.2,307.5,881,N,0
-16.5793,132.5986,325,2.2,1.4,2014-09-18,1323,Terra,MODIS,100,6.2,295.6,64.1,N,0
-16.5642,132.6172,364.4,2.1,1.4,2014-09-18,1323,Terra,MODIS,100,6.2,301.2,294,N,0
-16.5664,132.5971,310.4,2.2,1.4,2014-09-18,1323,Terra,MODIS,62,6.2,293.5,23.7,N,0
-17.4078,138.4649,311.5,1,1,2014-09-18,1323,Terra,MODIS,83,6.2,293.9,10,N,0
-17.3988,138.4635,304.4,1,1,2014-09-18,1323,Terra,MODIS,60,6.2,293.3,5.3,N,0
-17.3497,138.489,314.8,1,1,2014-09-18,1323,Terra,MODIS,81,6.2,296.4,12.5,N,0
-17.351,138.4794,317.9,1,1,2014-09-18,1323,Terra,MODIS,93,6.2,296.1,14.8,N,0
-17.3406,138.4876,356.2,1,1,2014-09-18,1323,Terra,MODIS,100,6.2,300.7,77.1,N,0
-17.3419,138.478,329.7,1,1,2014-09-18,1323,Terra,MODIS,100,6.2,296.9,27.7,N,0
-16.8733,132.1612,320.6,2.3,1.5,2014-09-18,1323,Terra,MODIS,100,6.2,294.3,62.9,N,0
-16.8757,132.1392,311.4,2.4,1.5,2014-09-18,1323,Terra,MODIS,82,6.2,292.1,35.4,N,0
-16.8779,132.1562,322.5,2.3,1.5,2014-09-18,1323,Terra,MODIS,100,6.2,294.6,68,N,0
-16.8645,132.1547,305,2.3,1.5,2014-09-18,1323,Terra,MODIS,60,6.2,291.9,20.3,N,0
-15.9923,145.3348,302,2.1,1.4,2014-09-18,1323,Terra,MODIS,46,6.2,288.1,18,N,0
-16.7189,135.5162,332.5,1.3,1.1,2014-09-18,1323,Terra,MODIS,100,6.2,295.7,47.2,N,0
-16.7205,135.5037,327.2,1.3,1.1,2014-09-18,1323,Terra,MODIS,100,6.2,294.7,37.2,N,0
-16.7221,135.4912,305.9,1.3,1.1,2014-09-18,1323,Terra,MODIS,26,6.2,294.8,8.9,N,0
-16.7054,135.5397,309.6,1.3,1.1,2014-09-18,1323,Terra,MODIS,78,6.2,292.4,13.9,N,0
-16.707,135.5273,316.5,1.3,1.1,2014-09-18,1323,Terra,MODIS,93,6.2,293.9,21.4,N,0
-16.7086,135.5148,343.2,1.3,1.1,2014-09-18,1323,Terra,MODIS,100,6.2,295.3,73.5,N,0
-16.7102,135.5023,308.3,1.3,1.1,2014-09-18,1323,Terra,MODIS,50,6.2,293.4,11.5,N,0
-16.7117,135.4898,303.1,1.3,1.1,2014-09-18,1323,Terra,MODIS,28,6.2,292.6,7,N,0
-17.3393,138.4971,310.9,1,1,2014-09-18,1323,Terra,MODIS,81,6.2,294.5,10.2,N,0
-13.0302,141.8521,300.2,1.3,1.1,2014-09-18,1324,Terra,MODIS,13,6.2,271.2,8.7,N,0
-13.0199,141.8503,324.9,1.3,1.1,2014-09-18,1324,Terra,MODIS,100,6.2,269.3,37.1,N,0
-12.7974,134.9164,307.1,1.3,1.1,2014-09-18,1324,Terra,MODIS,49,6.2,292.5,9.6,N,0
-12.7989,134.9044,312.2,1.3,1.1,2014-09-18,1324,Terra,MODIS,84,6.2,292.9,15.2,N,0
-13.3033,134.155,309,1.5,1.2,2014-09-18,1324,Terra,MODIS,76,6.2,294,15,N,0
-12.8075,134.9178,342.3,1.3,1.1,2014-09-18,1324,Terra,MODIS,100,6.2,295.3,69.2,N,0
-12.8091,134.9059,320.8,1.3,1.1,2014-09-18,1324,Terra,MODIS,100,6.2,292.4,26.6,N,0
-13.432,141.9067,302.6,1.3,1.1,2014-09-18,1324,Terra,MODIS,50,6.2,285,8.5,N,0
-13.0219,141.8382,323.4,1.3,1.1,2014-09-18,1324,Terra,MODIS,100,6.2,268.8,34.5,N,0
-13.4498,134.524,304.1,1.4,1.2,2014-09-18,1324,Terra,MODIS,59,6.2,291.9,9.7,N,0
-13.3859,141.7999,300.8,1.3,1.1,2014-09-18,1324,Terra,MODIS,26,6.2,288.4,5.8,N,0
-13.6825,142.0052,302.4,1.3,1.1,2014-09-18,1324,Terra,MODIS,49,6.2,290.6,7,N,0
-13.5324,135.2942,331.6,1.3,1.1,2014-09-18,1324,Terra,MODIS,100,6.2,293,43,N,0
-13.5309,135.3058,312.9,1.3,1.1,2014-09-18,1324,Terra,MODIS,86,6.2,292.6,15.6,N,0
-13.5424,135.2956,303.4,1.3,1.1,2014-09-18,1324,Terra,MODIS,34,6.2,291.6,7,N,0
-12.699,141.9308,313,1.4,1.2,2014-09-18,1324,Terra,MODIS,44,6.2,285.7,17.6,N,0
-12.7016,141.9375,309.7,1.4,1.2,2014-09-18,1324,Terra,MODIS,78,6.2,286.2,15.6,N,0
-16.437,128.5666,307.4,4.3,1.9,2014-09-18,1324,Terra,MODIS,71,6.2,295.6,47.4,N,0
-13.7269,130.2483,310.7,3,1.6,2014-09-18,1324,Terra,MODIS,81,6.2,294.5,43.3,N,0
-13.7385,130.2774,343.4,3,1.6,2014-09-18,1324,Terra,MODIS,100,6.2,295.8,231.6,N,0
-13.7269,130.255,308.3,3,1.6,2014-09-18,1324,Terra,MODIS,74,6.2,294.6,34.5,N,0
-13.7417,130.2568,361.9,3,1.6,2014-09-18,1324,Terra,MODIS,100,6.2,296.6,438.6,N,0
-13.7417,130.2501,343.5,3,1.6,2014-09-18,1324,Terra,MODIS,100,6.2,295.8,234.5,N,0
-13.7387,130.2841,320.8,3,1.6,2014-09-18,1324,Terra,MODIS,100,6.2,295,82.1,N,0
-13.7299,130.2277,311.6,3,1.6,2014-09-18,1324,Terra,MODIS,83,6.2,294,46.5,N,0
-13.73,130.2211,306.2,3,1.6,2014-09-18,1324,Terra,MODIS,67,6.2,293.8,28.2,N,0
-16.2917,132.3793,308.3,2.2,1.4,2014-09-18,1324,Terra,MODIS,74,6.2,291.4,27.3,N,0
-16.2963,132.3534,306.6,2.2,1.4,2014-09-18,1324,Terra,MODIS,69,6.2,289.9,24.3,N,0
-16.294,132.3586,315.1,2.2,1.4,2014-09-18,1324,Terra,MODIS,91,6.2,290.3,43.7,N,0
-16.2938,132.3741,316.2,2.2,1.4,2014-09-18,1324,Terra,MODIS,93,6.2,291.5,47,N,0
-13.5201,130.9942,304.6,2.6,1.5,2014-09-18,1324,Terra,MODIS,18,6.2,292.9,18,N,0
-13.5229,130.9703,308.8,2.6,1.5,2014-09-18,1324,Terra,MODIS,72,6.2,293,29.3,N,0
-13.509,130.9687,308.9,2.6,1.5,2014-09-18,1324,Terra,MODIS,63,6.2,292.6,28.9,N,0
-12.857,142.8659,305.2,1.6,1.2,2014-09-18,1324,Terra,MODIS,63,6.2,289.2,12.4,N,0
-13.0826,132.2616,305.6,2,1.4,2014-09-18,1324,Terra,MODIS,65,6.2,294.2,15.5,N,0
-14.094,133.5876,306.2,1.7,1.3,2014-09-18,1324,Terra,MODIS,67,6.2,294.1,12.9,N,0
-12.8127,142.8526,302.3,1.6,1.2,2014-09-18,1324,Terra,MODIS,31,6.2,288.8,9.2,N,0
-14.1825,132.4164,308.7,2.1,1.4,2014-09-18,1324,Terra,MODIS,31,6.2,294.4,19.6,N,0
-13.547,135.2608,304.9,1.3,1.1,2014-09-18,1324,Terra,MODIS,7,6.2,292.1,7.5,N,0
-13.5486,135.2492,335.8,1.3,1.1,2014-09-18,1324,Terra,MODIS,100,6.2,294.1,51.5,N,0
-16.2073,132.3217,304.2,2.2,1.4,2014-09-18,1324,Terra,MODIS,59,6.2,291.9,19.1,N,0
-12.8728,142.8391,304.5,1.6,1.2,2014-09-18,1324,Terra,MODIS,41,6.2,288.6,11.1,N,0
-12.6177,135.7448,309.2,1.2,1.1,2014-09-18,1324,Terra,MODIS,77,6.2,292,10.4,N,0
-12.4797,142.0437,301.4,1.4,1.2,2014-09-18,1324,Terra,MODIS,34,6.2,288.3,7.1,N,0
-12.5491,141.9834,330.4,1.4,1.2,2014-09-18,1324,Terra,MODIS,100,6.2,289.9,45.5,N,0
-12.5386,141.9818,319.6,1.4,1.2,2014-09-18,1324,Terra,MODIS,99,6.2,288.6,25.6,N,0
-12.6163,135.7555,322.8,1.2,1.1,2014-09-18,1324,Terra,MODIS,100,6.2,292.4,24.9,N,0
-14.3533,141.9021,305.6,1.3,1.1,2014-09-18,1324,Terra,MODIS,46,6.2,289.9,9.2,N,0
-12.5406,141.9692,316.2,1.4,1.2,2014-09-18,1324,Terra,MODIS,93,6.2,287.8,21.3,N,0
-12.4882,142.0583,300.4,1.4,1.2,2014-09-18,1324,Terra,MODIS,10,6.2,287.6,6.1,N,0
-13.1634,142.8202,303.4,1.5,1.2,2014-09-18,1324,Terra,MODIS,37,6.2,285.3,10.7,N,0
-12.551,141.9709,318.3,1.4,1.2,2014-09-18,1324,Terra,MODIS,96,6.2,288.2,24.5,N,0
-12.4663,132.8223,300.3,1.8,1.3,2014-09-18,1325,Terra,MODIS,24,6.2,289.2,8.8,N,0
-12.2456,133.2175,304,1.7,1.3,2014-09-18,1325,Terra,MODIS,58,6.2,292.7,10.3,N,0
-34.7502,118.2197,330.3,1,1,2014-09-18,1457,Terra,MODIS,100,6.2,284.6,32.4,N,0
-34.7396,118.2289,304.2,1,1,2014-09-18,1457,Terra,MODIS,59,6.2,282.3,9.2,N,0
-34.7486,118.2307,310.6,1,1,2014-09-18,1457,Terra,MODIS,80,6.2,284.8,12.7,N,0
-32.6262,116.2607,306.7,1.1,1,2014-09-18,1458,Terra,MODIS,69,6.2,284.2,11.3,N,0
-32.6248,116.2723,312.3,1.1,1,2014-09-18,1458,Terra,MODIS,85,6.2,284.6,15.6,N,0
-22.8856,118.4451,319.9,1.2,1.1,2014-09-18,1500,Terra,MODIS,99,6.2,292,21.9,N,0
-22.8364,118.3605,313.1,1.1,1.1,2014-09-18,1500,Terra,MODIS,86,6.2,290.3,15.1,N,0
-22.8382,118.3494,311,1.1,1.1,2014-09-18,1500,Terra,MODIS,81,6.2,289.8,13.3,N,0
-22.7326,118.1874,311.7,1.1,1.1,2014-09-18,1500,Terra,MODIS,83,6.2,288.7,13.4,N,0
-22.9352,119.5799,313.7,1.3,1.1,2014-09-18,1500,Terra,MODIS,41,6.2,295.1,15,N,0
-22.9374,119.567,369,1.3,1.1,2014-09-18,1500,Terra,MODIS,100,6.2,298.2,166.6,N,0
-22.9395,119.5542,321.6,1.3,1.1,2014-09-18,1500,Terra,MODIS,100,6.2,293.7,24.8,N,0
-22.9293,119.5522,325.9,1.3,1.1,2014-09-18,1500,Terra,MODIS,100,6.2,295,32.7,N,0
-22.9314,119.5393,324.8,1.3,1.1,2014-09-18,1500,Terra,MODIS,100,6.2,293.9,31,N,0
-22.9336,119.5264,303.7,1.3,1.1,2014-09-18,1500,Terra,MODIS,19,6.2,293.6,5.6,N,0
-22.9169,119.563,324.6,1.3,1.1,2014-09-18,1500,Terra,MODIS,100,6.2,294.2,32.9,N,0
-22.9191,119.5501,360.4,1.3,1.1,2014-09-18,1500,Terra,MODIS,100,6.2,295.8,129.9,N,0
-22.8392,118.2811,300.3,1.1,1.1,2014-09-18,1500,Terra,MODIS,7,6.2,289.9,4.4,N,0
-22.8375,118.2921,302.9,1.1,1.1,2014-09-18,1500,Terra,MODIS,45,6.2,289.1,6.6,N,0
-22.8357,118.3032,300.9,1.1,1.1,2014-09-18,1500,Terra,MODIS,14,6.2,288.9,5.3,N,0
-22.834,118.3142,315.4,1.1,1.1,2014-09-18,1500,Terra,MODIS,91,6.2,289.7,17.3,N,0
-22.8322,118.3254,310.2,1.1,1.1,2014-09-18,1500,Terra,MODIS,79,6.2,289.8,12.4,N,0
-22.9701,119.606,320.8,1.3,1.1,2014-09-18,1500,Terra,MODIS,100,6.2,295.3,24.9,N,0
-22.9012,118.4713,322.2,1.2,1.1,2014-09-18,1500,Terra,MODIS,100,6.2,292.4,25.9,N,0
-22.8837,118.4563,305.3,1.2,1.1,2014-09-18,1500,Terra,MODIS,58,6.2,290.6,8.1,N,0
-22.7638,118.1145,306.5,1.1,1.1,2014-09-18,1500,Terra,MODIS,64,6.2,290.5,8.8,N,0
-22.7526,118.1236,303,1.1,1.1,2014-09-18,1500,Terra,MODIS,16,6.2,289.8,6.3,N,0
-22.7457,118.1673,307.7,1.1,1.1,2014-09-18,1500,Terra,MODIS,72,6.2,290.6,10.3,N,0
-22.7474,118.1563,302.1,1.1,1.1,2014-09-18,1500,Terra,MODIS,47,6.2,289.8,6.2,N,0
-22.6992,119.3962,321.8,1.3,1.1,2014-09-18,1500,Terra,MODIS,100,6.2,292.7,30.6,N,0
-22.8826,119.5164,305.9,1.3,1.1,2014-09-18,1500,Terra,MODIS,66,6.2,292.3,9.7,N,0
-22.8859,119.5107,304.2,1.3,1.1,2014-09-18,1500,Terra,MODIS,29,6.2,292.4,7.8,N,0
-22.8368,118.112,308.8,1.1,1.1,2014-09-18,1500,Terra,MODIS,72,6.2,291.4,10.3,N,0
-22.8335,118.1055,307.2,1.1,1.1,2014-09-18,1500,Terra,MODIS,50,6.2,291.3,8.4,N,0
-22.8163,118.0909,307,1.1,1.1,2014-09-18,1500,Terra,MODIS,48,6.2,292.6,8.5,N,0
-22.7879,118.0857,305.4,1.1,1.1,2014-09-18,1500,Terra,MODIS,37,6.2,289.2,7,N,0
-22.7784,118.0837,308.4,1.1,1.1,2014-09-18,1500,Terra,MODIS,70,6.2,291.3,9.9,N,0
-18.2605,123.2138,303.7,2.9,1.6,2014-09-18,1501,Terra,MODIS,57,6.2,289.4,29.5,N,0
-18.25,123.2637,308.5,3,1.6,2014-09-18,1501,Terra,MODIS,75,6.2,290,42.3,N,0
-18.2449,123.2915,306.8,3,1.6,2014-09-18,1501,Terra,MODIS,69,6.2,283.6,37.7,N,0
-18.2498,123.269,311.3,3,1.6,2014-09-18,1501,Terra,MODIS,82,6.2,289.2,52.2,N,0
-18.2444,123.2967,308,3,1.6,2014-09-18,1501,Terra,MODIS,73,6.2,282.3,42.5,N,0
-12.4597,132.8308,302.8,1.1,1.1,2014-09-18,1627,Aqua,MODIS,52,6.2,291.3,6.7,N,0
-13.293,134.176,302.2,1,1,2014-09-18,1627,Aqua,MODIS,35,6.2,289.4,5.1,N,0
-13.2992,134.156,305.1,1,1,2014-09-18,1627,Aqua,MODIS,63,6.2,289.5,6.9,N,0
-13.2944,134.1853,300.3,1,1,2014-09-18,1627,Aqua,MODIS,21,6.2,288.8,4.6,N,0
-13.3006,134.1653,321,1,1,2014-09-18,1627,Aqua,MODIS,100,6.2,290.8,19.6,N,0
-16.5524,132.7176,309.9,1.1,1,2014-09-18,1628,Aqua,MODIS,16,6.2,291.8,9.7,N,0
-16.5601,132.6455,308.2,1.1,1,2014-09-18,1628,Aqua,MODIS,16,6.2,293.3,7.2,N,0
-16.5693,132.644,326.3,1.1,1,2014-09-18,1628,Aqua,MODIS,100,6.2,295.3,24.2,N,0
-16.577,132.6934,312.7,1.1,1,2014-09-18,1628,Aqua,MODIS,25,6.2,293.4,10.5,N,0
-16.577,132.6326,337.2,1.1,1,2014-09-18,1628,Aqua,MODIS,100,6.2,295.1,40,N,0
-16.5786,132.6425,328.3,1.1,1,2014-09-18,1628,Aqua,MODIS,100,6.2,295.6,25.6,N,0
-16.5847,132.682,314,1.1,1,2014-09-18,1628,Aqua,MODIS,57,6.2,294.3,11.1,N,0
-16.5862,132.6918,312.2,1.1,1,2014-09-18,1628,Aqua,MODIS,23,6.2,293.4,10.3,N,0
-16.5863,132.631,355,1.1,1,2014-09-18,1628,Aqua,MODIS,100,6.2,298.3,78.1,N,0
-16.5878,132.6409,313.3,1.1,1,2014-09-18,1628,Aqua,MODIS,29,6.2,294.4,9.1,N,0
-16.6186,132.6562,323,1.1,1,2014-09-18,1628,Aqua,MODIS,100,6.2,296.3,19.8,N,0
-17.3012,138.4806,329.2,1.5,1.2,2014-09-18,1628,Aqua,MODIS,100,6.2,293.3,51.3,N,0
-17.3121,138.4792,308.2,1.5,1.2,2014-09-18,1628,Aqua,MODIS,62,6.2,291.8,15.2,N,0
-13.4459,134.5242,300.1,1,1,2014-09-18,1628,Aqua,MODIS,17,6.2,288.9,4.6,N,0
-16.0928,137.2165,309.1,1.2,1.1,2014-09-18,1628,Aqua,MODIS,76,6.2,289.8,13.5,N,0
-16.0919,137.2224,306.2,1.2,1.1,2014-09-18,1628,Aqua,MODIS,67,6.2,289.7,10.7,N,0
-16.0903,137.2111,315.8,1.2,1.1,2014-09-18,1628,Aqua,MODIS,92,6.2,289.1,20.1,N,0
-17.3029,138.4948,314.4,1.5,1.2,2014-09-18,1628,Aqua,MODIS,87,6.2,291.3,23.5,N,0
-17.3139,138.4933,328.7,1.5,1.2,2014-09-18,1628,Aqua,MODIS,100,6.2,293.3,50.2,N,0
-14.2578,132.4163,313.5,1.1,1.1,2014-09-18,1628,Aqua,MODIS,70,6.2,291.7,12.3,N,0
-14.1023,132.384,303.1,1.2,1.1,2014-09-18,1628,Aqua,MODIS,43,6.2,292.2,5.5,N,0
-14.237,132.4088,312.4,1.1,1.1,2014-09-18,1628,Aqua,MODIS,33,6.2,292.2,10.8,N,0
-14.2673,132.4147,313.2,1.1,1.1,2014-09-18,1628,Aqua,MODIS,87,6.2,290.8,12.8,N,0
-14.0917,133.6101,304.4,1,1,2014-09-18,1628,Aqua,MODIS,60,6.2,291.4,6,N,0
-13.5131,130.9672,311,1.4,1.2,2014-09-18,1628,Aqua,MODIS,81,6.2,288.7,16.7,N,0
-14.0903,133.6006,310.6,1,1,2014-09-18,1628,Aqua,MODIS,80,6.2,292.5,10.4,N,0
-14.1871,132.424,374,1.1,1.1,2014-09-18,1628,Aqua,MODIS,100,6.2,300.2,156,N,0
-13.5258,130.9784,317,1.4,1.2,2014-09-18,1628,Aqua,MODIS,94,6.2,289.8,25.1,N,0
-14.1888,132.4347,316.9,1.1,1.1,2014-09-18,1628,Aqua,MODIS,51,6.2,293.7,14.9,N,0
-14.1166,133.7129,301.8,1,1,2014-09-18,1628,Aqua,MODIS,11,6.2,290,4.5,N,0
-14.2657,132.4041,309.6,1.1,1.1,2014-09-18,1628,Aqua,MODIS,78,6.2,290.3,9.6,N,0
-13.5153,130.9802,305.4,1.4,1.2,2014-09-18,1628,Aqua,MODIS,64,6.2,289.4,10.5,N,0
-14.1046,133.6954,300.5,1,1,2014-09-18,1628,Aqua,MODIS,5,6.2,289.9,3.9,N,0
-13.5237,130.9654,323.4,1.4,1.2,2014-09-18,1628,Aqua,MODIS,100,6.2,288.8,35.3,N,0
-14.0409,133.7054,301.5,1,1,2014-09-18,1628,Aqua,MODIS,41,6.2,289.6,4.8,N,0
-18.762,127.3683,323.2,2.1,1.4,2014-09-18,1629,Aqua,MODIS,100,6.2,294.3,57.4,N,0
-16.8477,132.1277,303.3,1.1,1,2014-09-18,1629,Aqua,MODIS,29,6.2,290.9,5.9,N,0
-16.8555,132.1158,304.2,1.1,1,2014-09-18,1629,Aqua,MODIS,23,6.2,291.9,6.3,N,0
-16.8571,132.1261,310.2,1.1,1,2014-09-18,1629,Aqua,MODIS,79,6.2,290.7,10.9,N,0
-16.8824,132.164,302.5,1.1,1,2014-09-18,1629,Aqua,MODIS,49,6.2,291.5,6,N,0
-16.7866,132.2068,301.9,1.1,1,2014-09-18,1629,Aqua,MODIS,44,6.2,291.1,5.9,N,0
-18.7585,127.3489,328.3,2.1,1.4,2014-09-18,1629,Aqua,MODIS,100,6.2,296.1,75.9,N,0
-18.771,127.3463,399.9,2.1,1.4,2014-09-18,1629,Aqua,MODIS,100,6.2,302.7,725.5,N,0
-18.7745,127.3657,352.1,2.1,1.4,2014-09-18,1629,Aqua,MODIS,100,6.2,296.4,189.3,N,0
-18.7728,127.3406,368.9,2.1,1.4,2014-09-18,1629,Aqua,MODIS,100,6.2,296.5,324.1,N,0
-18.7764,127.36,358.8,2.1,1.4,2014-09-18,1629,Aqua,MODIS,100,6.2,298.4,235.6,N,0
-17.4592,127.3059,307.6,2.2,1.4,2014-09-18,1629,Aqua,MODIS,23,6.2,292.5,28.3,N,0
-30.8568,121.4991,300.1,2.8,1.6,2014-09-18,1633,Aqua,MODIS,18,6.2,286.6,28,N,2
-22.8286,118.3317,305,3.9,1.8,2014-09-18,1809,Aqua,MODIS,62,6.2,285.2,58.3,N,0
-22.8345,118.3256,306.9,3.9,1.8,2014-09-18,1809,Aqua,MODIS,70,6.2,285.7,66.8,N,0
-13.0225,141.8373,318.5,4.2,1.9,2014-09-19,0014,Terra,MODIS,69,6.2,296.7,95.7,D,0
-13.0249,141.8293,313.5,4.2,1.9,2014-09-19,0014,Terra,MODIS,52,6.2,296.3,62.8,D,0
-13.1807,142.7411,316.3,3.5,1.8,2014-09-19,0014,Terra,MODIS,33,6.2,299,36.6,D,0
-12.7992,142.8399,313.1,3.5,1.8,2014-09-19,0014,Terra,MODIS,32,6.2,296.8,33.5,D,0
-13.1711,142.7763,316.4,3.5,1.8,2014-09-19,0014,Terra,MODIS,22,6.2,298.7,34.8,D,0
-12.3644,142.4325,322.7,3.9,1.8,2014-09-19,0014,Terra,MODIS,76,6.2,298.5,90.1,D,0
-12.785,142.8163,313.6,3.6,1.8,2014-09-19,0014,Terra,MODIS,52,6.2,296.3,39.7,D,0
-13.1614,142.8115,327.9,3.5,1.8,2014-09-19,0014,Terra,MODIS,77,6.2,301.5,100.6,D,0
-13.1685,142.8176,327,3.5,1.8,2014-09-19,0014,Terra,MODIS,80,6.2,300.1,95.1,D,0
-12.8067,142.8459,312.6,3.5,1.8,2014-09-19,0014,Terra,MODIS,42,6.2,297.1,34.1,D,0
-12.3697,142.4239,320,3.9,1.8,2014-09-19,0014,Terra,MODIS,61,6.2,297.5,71.3,D,0
-13.1724,142.7501,320.6,3.5,1.8,2014-09-19,0014,Terra,MODIS,65,6.2,299,60.3,D,0
-12.8597,142.869,322.4,3.5,1.8,2014-09-19,0014,Terra,MODIS,75,6.2,296.5,83.5,D,0
-12.8683,142.8603,324.3,3.5,1.8,2014-09-19,0014,Terra,MODIS,77,6.2,295.6,104.7,D,0
-15.5313,145.0045,326.4,2.1,1.4,2014-09-19,0015,Terra,MODIS,80,6.2,302.3,40.6,D,0
-15.5308,144.9988,323.9,2.1,1.4,2014-09-19,0015,Terra,MODIS,77,6.2,302.1,33.8,D,0
-15.1372,145.0828,313,2.1,1.4,2014-09-19,0015,Terra,MODIS,63,6.2,287,24.9,D,0
-15.5851,145.0096,327.4,2.1,1.4,2014-09-19,0015,Terra,MODIS,81,6.2,303.9,43.1,D,0
-16.0314,145.0748,319.2,2.1,1.4,2014-09-19,0015,Terra,MODIS,67,6.2,292.4,34.6,D,0
-15.5574,145.0745,321.1,2.1,1.4,2014-09-19,0015,Terra,MODIS,74,6.2,298.5,22.1,D,0
-15.1823,145.1156,320.8,2.1,1.4,2014-09-19,0015,Terra,MODIS,70,6.2,294.8,37.5,D,0
-15.1818,145.1099,321.6,2.1,1.4,2014-09-19,0015,Terra,MODIS,76,6.2,295.5,43.2,D,0
-15.2415,143.6042,323.1,2.8,1.6,2014-09-19,0015,Terra,MODIS,51,6.2,304.6,54.2,D,0
-16.0349,145.094,319.5,2.1,1.4,2014-09-19,0015,Terra,MODIS,73,6.2,294,35.9,D,0
-14.2692,141.7974,320.1,3.9,1.8,2014-09-19,0015,Terra,MODIS,75,6.2,303.5,83.4,D,0
-16.0189,145.0771,326.3,2.1,1.4,2014-09-19,0015,Terra,MODIS,72,6.2,293.2,53.1,D,0
-13.5654,143.067,318.4,3.3,1.7,2014-09-19,0015,Terra,MODIS,69,6.2,299.2,56.3,D,0
-13.5599,143.0371,310.4,3.3,1.7,2014-09-19,0015,Terra,MODIS,38,6.2,297.7,20.7,D,0
-15.5609,145.0941,321.5,2.1,1.4,2014-09-19,0015,Terra,MODIS,74,6.2,299.2,24.2,D,0
-13.5145,143.206,312.6,3.2,1.7,2014-09-19,0015,Terra,MODIS,55,6.2,296.8,36.9,D,0
-17.2247,140.9661,343,3.9,1.8,2014-09-19,0016,Terra,MODIS,69,6.2,307.4,264.4,D,0
-17.232,141.0027,330.3,3.9,1.8,2014-09-19,0016,Terra,MODIS,81,6.2,308,121,D,0
-17.2288,140.9577,336.8,3.9,1.8,2014-09-19,0016,Terra,MODIS,65,6.2,307,189.5,D,0
-17.2362,140.9943,338.6,3.9,1.8,2014-09-19,0016,Terra,MODIS,87,6.2,308.6,207.5,D,0
-19.1514,146.4932,315.5,1.4,1.2,2014-09-19,0016,Terra,MODIS,39,6.2,298.3,10.3,D,0
-19.1408,146.4952,334.1,1.4,1.2,2014-09-19,0016,Terra,MODIS,84,6.2,301.1,44.2,D,0
-19.1431,146.5087,326.8,1.4,1.2,2014-09-19,0016,Terra,MODIS,76,6.2,302.1,27.7,D,0
-19.162,146.4913,327.9,1.4,1.2,2014-09-19,0016,Terra,MODIS,78,6.2,300.3,31.4,D,0
-19.3451,146.6103,320.6,1.4,1.2,2014-09-19,0016,Terra,MODIS,65,6.2,300.3,15.9,D,0
-19.3428,146.5971,322.3,1.4,1.2,2014-09-19,0016,Terra,MODIS,66,6.2,303.9,18.2,D,0
-18.8471,145.7977,316.5,1.6,1.3,2014-09-19,0016,Terra,MODIS,29,6.2,304.1,13.3,D,0
-18.8582,145.7952,317.7,1.6,1.3,2014-09-19,0016,Terra,MODIS,49,6.2,303.7,14.7,D,0
-21.2427,147.915,344.1,1.1,1.1,2014-09-19,0016,Terra,MODIS,91,6.2,311,46.3,D,0
-18.8444,145.7823,328.2,1.6,1.3,2014-09-19,0016,Terra,MODIS,78,6.2,304.5,37.2,D,0
-25.5058,152.4098,320.2,1.2,1.1,2014-09-19,0017,Terra,MODIS,55,6.2,300,15,D,0
-23.9533,144.6271,346.9,1.6,1.2,2014-09-19,0017,Terra,MODIS,92,6.2,312.8,81.1,D,0
-23.956,144.6423,348.4,1.6,1.2,2014-09-19,0017,Terra,MODIS,93,6.2,312.8,86.4,D,0
-23.956,144.6364,359.1,1.6,1.2,2014-09-19,0017,Terra,MODIS,99,6.2,313.8,134.6,D,0
-25.4967,152.4169,355.4,1.2,1.1,2014-09-19,0017,Terra,MODIS,97,6.2,303.2,92.3,D,0
-23.5842,150.4137,340.9,1,1,2014-09-19,0017,Terra,MODIS,89,6.2,306.6,35.8,D,0
-23.5917,150.4066,338.5,1,1,2014-09-19,0017,Terra,MODIS,87,6.2,302.8,33.1,D,0
-25.4951,152.4046,321.9,1.2,1.1,2014-09-19,0017,Terra,MODIS,57,6.2,301.7,16.5,D,0
-24.4177,151.7607,315.8,1.1,1.1,2014-09-19,0017,Terra,MODIS,34,6.2,297.9,9.8,D,0
-24.4272,151.759,313.4,1.1,1.1,2014-09-19,0017,Terra,MODIS,26,6.2,295.4,7.8,D,0
-24.4324,151.7247,314.3,1.1,1.1,2014-09-19,0017,Terra,MODIS,56,6.2,298,9.6,D,0
-24.5659,151.2048,322.6,1.1,1,2014-09-19,0017,Terra,MODIS,73,6.2,297.3,19.3,D,0
-24.2783,151.4379,316.3,1.1,1,2014-09-19,0017,Terra,MODIS,60,6.2,294.9,12.2,D,0
-24.4683,151.7757,314.5,1.1,1.1,2014-09-19,0017,Terra,MODIS,60,6.2,296.6,10.3,D,0
-23.6783,150.3047,317.3,1,1,2014-09-19,0017,Terra,MODIS,43,6.2,300.9,7.1,D,0
-23.4142,150.2565,322.4,1,1,2014-09-19,0017,Terra,MODIS,55,6.2,311,9.4,D,0
-28.1352,151.5817,314.2,1.2,1.1,2014-09-19,0018,Terra,MODIS,51,6.2,304,7.3,D,0
-26.27,151.1384,335.7,1.1,1,2014-09-19,0018,Terra,MODIS,86,6.2,305.2,33.3,D,0
-26.6835,149.9168,319.9,1,1,2014-09-19,0018,Terra,MODIS,60,6.2,307,7.8,D,0
-26.2463,151.0693,319.5,1.1,1,2014-09-19,0018,Terra,MODIS,65,6.2,303.6,10.2,D,0
-25.6469,146.0625,318.7,1.2,1.1,2014-09-19,0018,Terra,MODIS,59,6.2,305.9,6.8,D,0
-26.3971,146.3078,328.9,1.2,1.1,2014-09-19,0018,Terra,MODIS,79,6.2,305,22.5,D,0
-26.3855,146.2983,361.8,1.2,1.1,2014-09-19,0018,Terra,MODIS,100,6.2,307.8,100.6,D,0
-26.3951,146.2963,334.8,1.2,1.1,2014-09-19,0018,Terra,MODIS,85,6.2,305.1,32.4,D,0
-26.3875,146.3098,372.4,1.2,1.1,2014-09-19,0018,Terra,MODIS,100,6.2,307.9,141.3,D,0
-26.7542,149.1241,319.7,1,1,2014-09-19,0018,Terra,MODIS,62,6.2,308,6.7,D,0
-27.3182,152.9865,312.8,1.4,1.2,2014-09-19,0018,Terra,MODIS,43,6.2,299.9,7.1,D,2
-26.5129,150.0105,337.9,1,1,2014-09-19,0018,Terra,MODIS,87,6.2,303.4,34.4,D,0
-26.2165,146.2737,324.3,1.2,1.1,2014-09-19,0018,Terra,MODIS,72,6.2,306.5,14.1,D,0
-26.2184,146.2852,324.9,1.2,1.1,2014-09-19,0018,Terra,MODIS,73,6.2,306.3,14.3,D,0
-26.1423,151.1933,314.2,1.1,1,2014-09-19,0018,Terra,MODIS,21,6.2,302.6,7.3,D,0
-26.6281,147.155,319.6,1.1,1,2014-09-19,0018,Terra,MODIS,63,6.2,303.5,9.2,D,0
-25.658,147.1366,324.3,1.1,1,2014-09-19,0018,Terra,MODIS,68,6.2,309.7,14.6,D,0
-27.4733,150.5332,322.9,1.1,1,2014-09-19,0018,Terra,MODIS,71,6.2,305.7,12.2,D,0
-27.7078,151.9816,314.7,1.2,1.1,2014-09-19,0018,Terra,MODIS,52,6.2,300.7,8.9,D,0
-28.2774,152.2442,331.9,1.3,1.1,2014-09-19,0018,Terra,MODIS,85,6.2,306.1,33.1,D,0
-28.2758,152.2311,341.2,1.3,1.1,2014-09-19,0018,Terra,MODIS,91,6.2,308.2,53.4,D,0
-34.3015,149.7844,301.9,1.2,1.1,2014-09-19,0020,Terra,MODIS,50,6.2,284.3,8,D,0
-34.4609,150.8803,313.4,1.3,1.1,2014-09-19,0020,Terra,MODIS,56,6.2,296.8,12.6,D,0
-34.1972,140.7182,306.7,1.7,1.3,2014-09-19,0020,Terra,MODIS,55,6.2,295.4,9.2,D,0
-33.3236,149.0312,301.7,1.1,1,2014-09-19,0020,Terra,MODIS,49,6.2,289.3,5,D,0
-12.1977,134.1715,322.8,2.3,1.5,2014-09-19,0152,Terra,MODIS,37,6.2,308.2,25.2,D,0
-12.1949,134.1662,325.1,2.3,1.5,2014-09-19,0152,Terra,MODIS,36,6.2,308.4,30.3,D,0
-11.5131,132.8689,329.1,1.8,1.3,2014-09-19,0152,Terra,MODIS,45,6.2,313.1,28.3,D,0
-12.241,133.2795,326.2,1.9,1.4,2014-09-19,0152,Terra,MODIS,45,6.2,309.9,25.4,D,0
-12.2388,133.2619,333.9,1.9,1.4,2014-09-19,0152,Terra,MODIS,80,6.2,312.1,52.1,D,0
-11.602,131.2071,328,1.3,1.2,2014-09-19,0152,Terra,MODIS,67,6.2,310.2,17.4,D,0
-11.6037,131.2195,342.9,1.4,1.2,2014-09-19,0152,Terra,MODIS,89,6.2,310.9,53.4,D,0
-11.5552,131.2512,328.8,1.4,1.2,2014-09-19,0152,Terra,MODIS,33,6.2,310.5,17.8,D,0
-11.5042,131.2396,340,1.4,1.2,2014-09-19,0152,Terra,MODIS,78,6.2,313.7,41.6,D,0
-11.4906,131.2164,332.7,1.3,1.1,2014-09-19,0152,Terra,MODIS,27,6.2,313.2,25.2,D,0
-11.4922,131.2287,338.9,1.3,1.2,2014-09-19,0152,Terra,MODIS,70,6.2,311.6,40.1,D,0
-11.3994,130.4727,327.7,1.2,1.1,2014-09-19,0152,Terra,MODIS,67,6.2,312.7,17.2,D,0
-11.4816,130.3321,327.4,1.2,1.1,2014-09-19,0152,Terra,MODIS,58,6.2,310.6,13.3,D,0
-11.4914,130.3307,349.9,1.2,1.1,2014-09-19,0152,Terra,MODIS,94,6.2,310.4,60.7,D,0
-11.4479,130.3038,330.3,1.2,1.1,2014-09-19,0152,Terra,MODIS,68,6.2,307.9,22,D,0
-12.3059,135.1148,334.8,2.7,1.6,2014-09-19,0152,Terra,MODIS,81,6.2,307.9,104.8,D,0
-12.2988,133.839,323.6,2.1,1.4,2014-09-19,0152,Terra,MODIS,60,6.2,309.3,23.3,D,0
-12.3019,135.1208,333.1,2.7,1.6,2014-09-19,0152,Terra,MODIS,79,6.2,306.3,94,D,0
-12.1923,133.8194,331.6,2.1,1.4,2014-09-19,0152,Terra,MODIS,77,6.2,310.4,46.7,D,0
-11.511,132.8528,332.1,1.8,1.3,2014-09-19,0152,Terra,MODIS,69,6.2,311.8,34.8,D,0
-11.7877,130.1768,322.8,1.2,1.1,2014-09-19,0152,Terra,MODIS,71,6.2,305.2,13,D,0
-11.7173,130.1168,332.1,1.2,1.1,2014-09-19,0152,Terra,MODIS,84,6.2,308.3,25.7,D,0
-14.2754,132.4218,328.6,1.8,1.3,2014-09-19,0153,Terra,MODIS,35,6.2,315.3,25.3,D,0
-14.1125,132.3872,330.2,1.8,1.3,2014-09-19,0153,Terra,MODIS,46,6.2,312.2,25.7,D,0
-12.3566,132.3189,362.2,1.6,1.3,2014-09-19,0153,Terra,MODIS,87,6.2,313.2,166.1,D,0
-14.2225,126.6236,327.2,1,1,2014-09-19,0153,Terra,MODIS,55,6.2,307.5,9.4,D,0
-14.0764,129.7704,324.4,1.2,1.1,2014-09-19,0153,Terra,MODIS,38,6.2,313,15.2,D,0
-13.7726,129.8534,368.6,1.2,1.1,2014-09-19,0153,Terra,MODIS,100,6.2,306.3,129.2,D,0
-13.774,129.8644,340.9,1.2,1.1,2014-09-19,0153,Terra,MODIS,85,6.2,307.3,40.9,D,0
-16.1708,136.8233,326.6,4.1,1.9,2014-09-19,0153,Terra,MODIS,64,6.2,308.4,84.3,D,0
-15.7595,136.2016,324.7,3.7,1.8,2014-09-19,0153,Terra,MODIS,14,6.2,311.9,56.9,D,0
-16.1676,136.8306,324.9,4.1,1.9,2014-09-19,0153,Terra,MODIS,57,6.2,307.5,75.4,D,0
-12.8546,135.6898,324.7,3,1.7,2014-09-19,0153,Terra,MODIS,41,6.2,305.6,49.5,D,0
-12.8537,135.6832,324.6,3,1.7,2014-09-19,0153,Terra,MODIS,53,6.2,306,51.2,D,0
-12.792,134.9011,339.9,2.6,1.6,2014-09-19,0153,Terra,MODIS,87,6.2,308.4,106.9,D,0
-13.0023,134.9828,331.6,2.7,1.6,2014-09-19,0153,Terra,MODIS,77,6.2,311.9,70.2,D,0
-13.3048,134.1756,330.9,2.4,1.5,2014-09-19,0153,Terra,MODIS,72,6.2,310.7,49.2,D,0
-14.4706,132.9731,328.9,2,1.4,2014-09-19,0153,Terra,MODIS,69,6.2,313.6,26.9,D,0
-12.775,134.7581,324,2.6,1.5,2014-09-19,0153,Terra,MODIS,64,6.2,309.3,27.7,D,0
-12.4699,132.8332,334.4,1.8,1.3,2014-09-19,0153,Terra,MODIS,67,6.2,310.7,47.4,D,0
-13.3003,134.1705,331.3,2.4,1.5,2014-09-19,0153,Terra,MODIS,74,6.2,311.3,51.5,D,0
-12.9995,134.9578,328.8,2.7,1.6,2014-09-19,0153,Terra,MODIS,68,6.2,308.9,56.7,D,0
-12.8645,135.241,324,2.8,1.6,2014-09-19,0153,Terra,MODIS,64,6.2,309.9,41,D,0
-12.4761,132.8259,327,1.8,1.3,2014-09-19,0153,Terra,MODIS,63,6.2,313.4,18.4,D,0
-13.5157,135.1528,321.2,2.8,1.6,2014-09-19,0153,Terra,MODIS,18,6.2,306.5,27.9,D,0
-14.4887,133.1219,330,2,1.4,2014-09-19,0153,Terra,MODIS,70,6.2,315.5,31.1,D,0
-15.0358,134.5602,327.2,2.7,1.6,2014-09-19,0153,Terra,MODIS,59,6.2,311.6,39.5,D,0
-13.5357,135.3049,337,2.9,1.6,2014-09-19,0153,Terra,MODIS,83,6.2,308,123.3,D,0
-13.4472,134.5328,325.3,2.5,1.5,2014-09-19,0153,Terra,MODIS,60,6.2,311.4,26.1,D,0
-13.5327,135.2782,334.1,2.9,1.6,2014-09-19,0153,Terra,MODIS,80,6.2,308.2,99.5,D,0
-13.5378,135.0664,325.4,2.8,1.6,2014-09-19,0153,Terra,MODIS,54,6.2,306.6,43.3,D,0
-13.5521,135.0646,363.5,2.8,1.6,2014-09-19,0153,Terra,MODIS,100,6.2,309.9,363.2,D,0
-13.5548,135.0588,352,2.8,1.6,2014-09-19,0153,Terra,MODIS,95,6.2,308.8,228.3,D,0
-13.5348,135.3118,328.3,2.9,1.6,2014-09-19,0153,Terra,MODIS,67,6.2,307.8,65.1,D,0
-13.5316,135.2851,339.9,2.9,1.6,2014-09-19,0153,Terra,MODIS,86,6.2,309.1,139.9,D,0
-12.9955,134.9638,336.3,2.7,1.6,2014-09-19,0153,Terra,MODIS,83,6.2,309.2,101.9,D,0
-12.9985,134.9887,328.8,2.7,1.6,2014-09-19,0153,Terra,MODIS,73,6.2,311.3,57.6,D,0
-14.1401,132.4167,354.8,1.8,1.3,2014-09-19,0153,Terra,MODIS,96,6.2,316.3,126.6,D,0
-14.0777,133.5963,339,2.2,1.4,2014-09-19,0153,Terra,MODIS,84,6.2,313.8,79.5,D,0
-13.5324,130.9629,339.3,1.4,1.2,2014-09-19,0153,Terra,MODIS,42,6.2,316.8,33,D,0
-14.0753,133.5761,335.5,2.2,1.4,2014-09-19,0153,Terra,MODIS,80,6.2,312.3,63.1,D,0
-13.5165,130.9715,340.5,1.4,1.2,2014-09-19,0153,Terra,MODIS,50,6.2,318.9,30.5,D,0
-13.5407,135.092,341.7,2.8,1.6,2014-09-19,0153,Terra,MODIS,88,6.2,308.9,148.6,D,0
-14.2734,132.4055,337,1.8,1.3,2014-09-19,0153,Terra,MODIS,81,6.2,315.5,51.7,D,0
-14.154,132.4318,330.9,1.8,1.3,2014-09-19,0153,Terra,MODIS,34,6.2,312.4,28.4,D,0
-14.1029,133.697,332.7,2.2,1.4,2014-09-19,0153,Terra,MODIS,74,6.2,314.2,41.2,D,0
-14.0987,132.3723,327.2,1.8,1.3,2014-09-19,0153,Terra,MODIS,50,6.2,313,18.7,D,0
-14.0882,133.5747,326.2,2.2,1.4,2014-09-19,0153,Terra,MODIS,62,6.2,312.6,26.2,D,0
-13.5551,135.0903,348.8,2.8,1.6,2014-09-19,0153,Terra,MODIS,93,6.2,311.1,206.1,D,0
-13.5582,135.116,326.8,2.8,1.6,2014-09-19,0153,Terra,MODIS,45,6.2,309.3,50.5,D,0
-13.5576,135.0845,347.6,2.8,1.6,2014-09-19,0153,Terra,MODIS,92,6.2,310.7,192.4,D,0
-16.1948,132.3626,349.4,1.9,1.3,2014-09-19,0154,Terra,MODIS,93,6.2,314.2,110.9,D,0
-16.3001,132.3788,328.8,1.9,1.3,2014-09-19,0154,Terra,MODIS,71,6.2,313.3,20.5,D,0
-18.3908,130.4459,339.7,1.5,1.2,2014-09-19,0154,Terra,MODIS,85,6.2,313.6,41.8,D,0
-18.404,130.4377,368.6,1.5,1.2,2014-09-19,0154,Terra,MODIS,100,6.2,314.1,168,D,0
-18.3932,130.4391,373.1,1.5,1.2,2014-09-19,0154,Terra,MODIS,100,6.2,317.3,193.4,D,0
-17.3263,127.4598,331.9,1,1,2014-09-19,0154,Terra,MODIS,55,6.2,313.2,13.6,D,0
-17.3276,127.4694,326.8,1,1,2014-09-19,0154,Terra,MODIS,14,6.2,312.2,8.6,D,0
-17.3354,127.4584,334.2,1,1,2014-09-19,0154,Terra,MODIS,52,6.2,310.4,16.2,D,0
-18.9471,129.8745,408.5,1.4,1.2,2014-09-19,0154,Terra,MODIS,100,6.2,323.2,458.3,D,0
-18.9559,129.86,366.3,1.4,1.2,2014-09-19,0154,Terra,MODIS,100,6.2,318.1,131.4,D,0
-18.9576,129.8731,400.3,1.4,1.2,2014-09-19,0154,Terra,MODIS,100,6.2,318.6,371.6,D,0
-18.9614,129.8535,344.8,1.4,1.2,2014-09-19,0154,Terra,MODIS,63,6.2,316.8,48.5,D,0
-17.5718,125.9262,325.2,1,1,2014-09-19,0154,Terra,MODIS,45,6.2,309.5,7.4,D,0
-18.9366,129.8758,371.8,1.4,1.2,2014-09-19,0154,Terra,MODIS,100,6.2,318.4,160.6,D,0
-18.8874,129.909,346.1,1.4,1.2,2014-09-19,0154,Terra,MODIS,88,6.2,316,54.5,D,0
-18.8769,129.9104,337.2,1.4,1.2,2014-09-19,0154,Terra,MODIS,56,6.2,314.9,30.4,D,0
-18.8825,129.9161,346,1.4,1.2,2014-09-19,0154,Terra,MODIS,90,6.2,313.9,56.8,D,0
-18.8047,128.787,354.3,1.2,1.1,2014-09-19,0154,Terra,MODIS,96,6.2,314.4,70.3,D,0
-18.9543,129.847,340.9,1.4,1.2,2014-09-19,0154,Terra,MODIS,86,6.2,315.6,38.7,D,0
-18.8062,128.7983,326.3,1.2,1.1,2014-09-19,0154,Terra,MODIS,43,6.2,311.9,9.5,D,0
-18.8808,129.9031,341,1.4,1.2,2014-09-19,0154,Terra,MODIS,86,6.2,315.8,39.6,D,0
-17.2976,127.4543,337.3,1,1,2014-09-19,0154,Terra,MODIS,77,6.2,312.5,22.4,D,0
-17.2935,127.4254,352.8,1,1,2014-09-19,0154,Terra,MODIS,95,6.2,315.4,53.5,D,0
-18.3565,130.4364,329.3,1.5,1.2,2014-09-19,0154,Terra,MODIS,30,6.2,314.6,18,D,0
-17.4275,125.5788,327.4,1,1,2014-09-19,0154,Terra,MODIS,58,6.2,313.3,9.4,D,0
-17.4652,125.5861,334.1,1,1,2014-09-19,0154,Terra,MODIS,77,6.2,308.4,18.7,D,0
-18.9245,129.8642,370.6,1.4,1.2,2014-09-19,0154,Terra,MODIS,100,6.2,318.6,151.5,D,0
-18.9261,129.8772,359,1.4,1.2,2014-09-19,0154,Terra,MODIS,99,6.2,316.9,96,D,0
-18.9333,129.8498,335.9,1.4,1.2,2014-09-19,0154,Terra,MODIS,46,6.2,315.9,21.5,D,0
-18.935,129.8628,375.1,1.4,1.2,2014-09-19,0154,Terra,MODIS,100,6.2,318.6,176.8,D,0
-17.3985,125.8155,330.1,1,1,2014-09-19,0154,Terra,MODIS,71,6.2,315,10.4,D,0
-17.3971,125.8061,334.4,1,1,2014-09-19,0154,Terra,MODIS,78,6.2,313.2,16,D,0
-17.4754,127.3462,363.6,1,1,2014-09-19,0154,Terra,MODIS,100,6.2,314.5,81.4,D,0
-17.474,127.3366,369.8,1,1,2014-09-19,0154,Terra,MODIS,100,6.2,316.7,100.1,D,0
-17.4649,127.3379,352.6,1,1,2014-09-19,0154,Terra,MODIS,95,6.2,314.1,50.5,D,0
-17.4558,127.3393,334.7,1,1,2014-09-19,0154,Terra,MODIS,50,6.2,311.9,16.3,D,0
-18.3674,130.4349,330.5,1.5,1.2,2014-09-19,0154,Terra,MODIS,38,6.2,315.9,19.6,D,0
-18.3782,130.4335,344.6,1.5,1.2,2014-09-19,0154,Terra,MODIS,89,6.2,316.2,57.5,D,0
-18.3799,130.4474,331.2,1.5,1.2,2014-09-19,0154,Terra,MODIS,54,6.2,313.4,20.5,D,0
-18.8494,130.1655,333.6,1.4,1.2,2014-09-19,0154,Terra,MODIS,69,6.2,314.3,27.4,D,0
-18.8584,130.1504,350.5,1.4,1.2,2014-09-19,0154,Terra,MODIS,94,6.2,316.8,77.7,D,0
-18.8601,130.1641,331.5,1.4,1.2,2014-09-19,0154,Terra,MODIS,36,6.2,314.8,21.8,D,0
-18.869,130.149,351.2,1.4,1.2,2014-09-19,0154,Terra,MODIS,94,6.2,312.9,80.1,D,0
-18.8707,130.1626,331.9,1.4,1.2,2014-09-19,0154,Terra,MODIS,48,6.2,313.4,22.2,D,0
-18.389,130.432,347.5,1.5,1.2,2014-09-19,0154,Terra,MODIS,92,6.2,314.8,66.6,D,0
-18.9455,129.8614,360.9,1.4,1.2,2014-09-19,0154,Terra,MODIS,100,6.2,317.7,105.2,D,0
-18.3998,130.4306,374.1,1.5,1.2,2014-09-19,0154,Terra,MODIS,100,6.2,315.3,198.5,D,0
-18.4016,130.4445,373.1,1.5,1.2,2014-09-19,0154,Terra,MODIS,100,6.2,315.2,193.2,D,0
-18.3915,130.4252,328.4,1.5,1.2,2014-09-19,0154,Terra,MODIS,25,6.2,315.2,14.8,D,0
-17.3927,127.3456,333,1,1,2014-09-19,0154,Terra,MODIS,67,6.2,315,14.8,D,0
-17.3913,127.336,355.9,1,1,2014-09-19,0154,Terra,MODIS,97,6.2,314.8,61.1,D,0
-17.3982,127.384,336.4,1,1,2014-09-19,0154,Terra,MODIS,80,6.2,314.4,21.7,D,0
-17.3996,127.3936,331.4,1,1,2014-09-19,0154,Terra,MODIS,72,6.2,312.3,15.6,D,0
-17.4073,127.3827,339.8,1,1,2014-09-19,0154,Terra,MODIS,84,6.2,312.4,27.2,D,0
-17.4087,127.3923,340,1,1,2014-09-19,0154,Terra,MODIS,84,6.2,311.8,28.8,D,0
-18.234,123.323,334.2,1.2,1.1,2014-09-19,0154,Terra,MODIS,75,6.2,313.6,21.4,D,0
-18.2242,123.3247,354.8,1.2,1.1,2014-09-19,0154,Terra,MODIS,96,6.2,314,74.4,D,0
-16.0053,128.0665,359.9,1.1,1,2014-09-19,0154,Terra,MODIS,99,6.2,314.4,72.4,D,0
-18.795,128.7885,341.1,1.2,1.1,2014-09-19,0154,Terra,MODIS,86,6.2,314.1,35.7,D,0
-16.1451,128.1397,331.9,1.1,1,2014-09-19,0154,Terra,MODIS,73,6.2,310.8,16.9,D,0
-16.1077,128.0747,326.3,1.1,1,2014-09-19,0154,Terra,MODIS,55,6.2,307.5,11.8,D,0
-15.9024,127.9889,329.3,1,1,2014-09-19,0154,Terra,MODIS,58,6.2,312.5,11.1,D,0
-18.2205,123.3022,342.2,1.2,1.1,2014-09-19,0154,Terra,MODIS,86,6.2,308.7,43.7,D,0
-18.2332,123.1947,334.1,1.2,1.1,2014-09-19,0154,Terra,MODIS,69,6.2,312.8,21,D,0
-18.2223,123.3135,394.6,1.2,1.1,2014-09-19,0154,Terra,MODIS,100,6.2,319.5,272.4,D,0
-18.2303,123.3005,360.1,1.2,1.1,2014-09-19,0154,Terra,MODIS,100,6.2,314,92.2,D,0
-18.2321,123.3118,357,1.2,1.1,2014-09-19,0154,Terra,MODIS,98,6.2,317.4,80.5,D,0
-16.4346,128.5822,331.1,1.1,1,2014-09-19,0154,Terra,MODIS,54,6.2,311.5,16.4,D,0
-19.0188,129.8857,385.6,1.4,1.2,2014-09-19,0154,Terra,MODIS,100,6.2,316,265.6,D,0
-19.0171,129.8726,359.9,1.4,1.2,2014-09-19,0154,Terra,MODIS,99,6.2,311.2,115.8,D,0
-19.0083,129.8871,343.2,1.4,1.2,2014-09-19,0154,Terra,MODIS,88,6.2,312.8,53.1,D,0
-19.0066,129.874,333.3,1.4,1.2,2014-09-19,0154,Terra,MODIS,35,6.2,311.1,26.5,D,0
-18.9978,129.8885,337,1.4,1.2,2014-09-19,0154,Terra,MODIS,18,6.2,312.8,32.2,D,0
-18.2382,123.2874,335,1.2,1.1,2014-09-19,0154,Terra,MODIS,57,6.2,310.5,23.8,D,0
-18.2401,123.2988,360,1.2,1.1,2014-09-19,0154,Terra,MODIS,100,6.2,316.5,89.8,D,0
-18.2419,123.31,357.2,1.2,1.1,2014-09-19,0154,Terra,MODIS,98,6.2,316.4,79.1,D,0
-15.9043,127.6749,328.7,1,1,2014-09-19,0154,Terra,MODIS,60,6.2,312.2,8.7,D,0
-18.2578,123.284,333.8,1.2,1.1,2014-09-19,0154,Terra,MODIS,72,6.2,313.6,20.2,D,0
-16.5873,124.1638,339.3,1.1,1.1,2014-09-19,0154,Terra,MODIS,85,6.2,305.8,36.3,D,0
-18.2596,123.2953,328.7,1.2,1.1,2014-09-19,0154,Terra,MODIS,45,6.2,312.5,11.3,D,0
-18.2658,123.271,369.2,1.2,1.1,2014-09-19,0154,Terra,MODIS,100,6.2,315.6,125.1,D,0
-18.2676,123.2823,345.5,1.2,1.1,2014-09-19,0154,Terra,MODIS,89,6.2,312.7,44.8,D,0
-16.5829,124.1602,334.6,1.1,1.1,2014-09-19,0154,Terra,MODIS,81,6.2,305.2,26.6,D,0
-15.8526,127.5085,334.5,1,1,2014-09-19,0154,Terra,MODIS,76,6.2,314.9,17.5,D,0
-15.8539,127.5179,325.3,1,1,2014-09-19,0154,Terra,MODIS,32,6.2,311.5,6.8,D,0
-15.8639,127.4587,331.9,1,1,2014-09-19,0154,Terra,MODIS,68,6.2,313.2,11.3,D,0
-15.8512,127.4991,334.5,1,1,2014-09-19,0154,Terra,MODIS,70,6.2,313.6,15.8,D,0
-15.9139,127.9377,325.3,1,1,2014-09-19,0154,Terra,MODIS,31,6.2,310.4,6.4,D,0
-16.1224,128.1127,328.2,1.1,1,2014-09-19,0154,Terra,MODIS,50,6.2,311.7,10.4,D,0
-18.2683,123.2238,335.5,1.2,1.1,2014-09-19,0154,Terra,MODIS,77,6.2,312.3,23.3,D,0
-17.2045,128.1024,329,1.1,1,2014-09-19,0154,Terra,MODIS,69,6.2,312.4,12.7,D,0
-16.5845,124.1709,333.4,1.1,1.1,2014-09-19,0154,Terra,MODIS,78,6.2,301.7,23.8,D,0
-18.2437,123.3213,340.3,1.2,1.1,2014-09-19,0154,Terra,MODIS,84,6.2,313,32.4,D,0
-18.7658,127.3724,342.9,1,1,2014-09-19,0154,Terra,MODIS,87,6.2,313,32.8,D,0
-18.7841,127.3697,333.5,1,1,2014-09-19,0154,Terra,MODIS,75,6.2,312.4,15.8,D,0
-18.7855,127.3795,334.6,1,1,2014-09-19,0154,Terra,MODIS,77,6.2,311.9,17.5,D,0
-18.7933,127.3683,332.6,1,1,2014-09-19,0154,Terra,MODIS,73,6.2,312.5,15.1,D,0
-18.7947,127.3782,353.2,1,1,2014-09-19,0154,Terra,MODIS,95,6.2,312.7,55.2,D,0
-18.7961,127.388,328.5,1,1,2014-09-19,0154,Terra,MODIS,63,6.2,312.4,9.6,D,0
-17.2075,132.3514,340.4,2,1.4,2014-09-19,0154,Terra,MODIS,86,6.2,311.3,83,D,0
-17.2198,132.3499,332.7,2,1.4,2014-09-19,0154,Terra,MODIS,78,6.2,309.9,52.2,D,0
-17.2619,132.3576,330.5,2,1.4,2014-09-19,0154,Terra,MODIS,70,6.2,310.3,42.5,D,0
-17.264,132.376,328.4,2,1.4,2014-09-19,0154,Terra,MODIS,64,6.2,312.2,34,D,0
-17.0256,132.4606,325.9,2,1.4,2014-09-19,0154,Terra,MODIS,32,6.2,312.9,21.9,D,0
-17.0358,132.4406,362.3,2,1.4,2014-09-19,0154,Terra,MODIS,100,6.2,318.5,206.1,D,0
-17.038,132.4591,351.8,2,1.4,2014-09-19,0154,Terra,MODIS,95,6.2,314.5,136.5,D,0
-17.0482,132.4391,355.8,2,1.4,2014-09-19,0154,Terra,MODIS,97,6.2,312.5,158.5,D,0
-17.0503,132.4575,339.7,2,1.4,2014-09-19,0154,Terra,MODIS,86,6.2,311.4,74,D,0
-17.0684,132.3994,331.9,2,1.4,2014-09-19,0154,Terra,MODIS,64,6.2,312.8,36.9,D,0
-17.0706,132.4177,337.2,2,1.4,2014-09-19,0154,Terra,MODIS,83,6.2,311.6,59.8,D,0
-17.0807,132.3978,347.9,2,1.4,2014-09-19,0154,Terra,MODIS,92,6.2,314.6,106.2,D,0
-17.0715,132.3934,336.5,2,1.4,2014-09-19,0154,Terra,MODIS,65,6.2,313.5,51.6,D,0
-17.0736,132.4117,336.3,2,1.4,2014-09-19,0154,Terra,MODIS,66,6.2,312.7,54.6,D,0
-17.0838,132.3918,338,2,1.4,2014-09-19,0154,Terra,MODIS,71,6.2,313.2,60.2,D,0
-16.536,132.7281,340.3,2,1.4,2014-09-19,0154,Terra,MODIS,80,6.2,316.3,65.3,D,0
-16.5383,132.7472,341.6,2,1.4,2014-09-19,0154,Terra,MODIS,87,6.2,316.6,78.5,D,0
-16.5485,132.7265,361.6,2,1.4,2014-09-19,0154,Terra,MODIS,100,6.2,315.8,198.8,D,0
-16.5508,132.7456,350,2,1.4,2014-09-19,0154,Terra,MODIS,94,6.2,315.8,125.1,D,0
-16.5611,132.725,383.6,2,1.4,2014-09-19,0154,Terra,MODIS,100,6.2,316.3,425.6,D,0
-16.5634,132.7441,352.8,2,1.4,2014-09-19,0154,Terra,MODIS,95,6.2,311.7,145.1,D,0
-16.5736,132.7235,361.2,2,1.4,2014-09-19,0154,Terra,MODIS,100,6.2,306.5,208.7,D,0
-16.5626,132.7192,368.1,2,1.4,2014-09-19,0154,Terra,MODIS,100,6.2,314,264.3,D,0
-16.5647,132.7383,360.5,2,1.4,2014-09-19,0154,Terra,MODIS,100,6.2,313,204.5,D,0
-16.5751,132.7177,347.1,2,1.4,2014-09-19,0154,Terra,MODIS,92,6.2,304.7,117.3,D,0
-16.9973,132.5652,337.3,2,1.4,2014-09-19,0154,Terra,MODIS,77,6.2,312.5,61.2,D,0
-17.0075,132.5449,339.9,2,1.4,2014-09-19,0154,Terra,MODIS,86,6.2,310.9,75.6,D,0
-16.999,132.5584,333.5,2,1.4,2014-09-19,0154,Terra,MODIS,61,6.2,311.9,46.7,D,0
-17.0094,132.5381,330.9,2,1.4,2014-09-19,0154,Terra,MODIS,67,6.2,310.3,40.3,D,0
-17.0115,132.5568,326.8,2,1.4,2014-09-19,0154,Terra,MODIS,47,6.2,310.2,26.2,D,0
-16.7873,132.2341,332.1,1.9,1.3,2014-09-19,0154,Terra,MODIS,67,6.2,311.2,42.4,D,0
-16.3799,132.6016,329.6,2,1.4,2014-09-19,0154,Terra,MODIS,51,6.2,312.2,32.6,D,0
-16.6332,132.6721,331.5,2,1.4,2014-09-19,0154,Terra,MODIS,76,6.2,310.9,45.6,D,0
-16.6847,132.6593,327.8,2,1.4,2014-09-19,0154,Terra,MODIS,40,6.2,314,29.6,D,0
-16.6869,132.6783,337.3,2,1.4,2014-09-19,0154,Terra,MODIS,83,6.2,312,67.1,D,0
-16.9475,132.5713,334.9,2,1.4,2014-09-19,0154,Terra,MODIS,66,6.2,316.4,46.2,D,0
-16.9496,132.5901,332.7,2,1.4,2014-09-19,0154,Terra,MODIS,44,6.2,313,41.5,D,0
-16.7369,132.6724,331.5,2,1.4,2014-09-19,0154,Terra,MODIS,71,6.2,313.3,42,D,0
-16.7383,132.6665,331.1,2,1.4,2014-09-19,0154,Terra,MODIS,57,6.2,314.5,37.9,D,0
-16.9985,132.3342,327,1.9,1.4,2014-09-19,0154,Terra,MODIS,56,6.2,313.1,23,D,0
-16.8297,132.1334,332.3,1.9,1.3,2014-09-19,0154,Terra,MODIS,49,6.2,309.4,38.1,D,0
-16.8537,132.1305,351.9,1.9,1.3,2014-09-19,0154,Terra,MODIS,95,6.2,311.6,123.6,D,0
-16.8579,132.1653,338.6,1.9,1.3,2014-09-19,0154,Terra,MODIS,82,6.2,310.6,63.5,D,0
-16.8657,132.129,340.6,1.9,1.3,2014-09-19,0154,Terra,MODIS,70,6.2,310.6,67.3,D,0
-16.87,132.1638,356.1,1.9,1.3,2014-09-19,0154,Terra,MODIS,97,6.2,311.6,146.9,D,0
-16.8588,132.1241,348.2,1.9,1.3,2014-09-19,0154,Terra,MODIS,87,6.2,312.2,101.5,D,0
-16.8628,132.159,340.8,1.9,1.3,2014-09-19,0154,Terra,MODIS,62,6.2,310.1,66,D,0
-16.8828,132.1212,331.3,1.9,1.3,2014-09-19,0154,Terra,MODIS,42,6.2,312.1,39.6,D,0
-16.7951,132.1974,337.9,1.9,1.3,2014-09-19,0154,Terra,MODIS,56,6.2,311.3,57.2,D,0
-16.7897,132.2093,330.4,1.9,1.3,2014-09-19,0154,Terra,MODIS,44,6.2,312.3,36.9,D,0
-16.8018,132.2079,338.5,1.9,1.3,2014-09-19,0154,Terra,MODIS,67,6.2,311.3,65,D,0
-16.8139,132.2064,353.4,1.9,1.3,2014-09-19,0154,Terra,MODIS,96,6.2,308.9,138.1,D,0
-16.816,132.224,336.9,1.9,1.3,2014-09-19,0154,Terra,MODIS,67,6.2,309.2,58.6,D,0
-16.8601,132.1829,344.5,1.9,1.3,2014-09-19,0154,Terra,MODIS,90,6.2,312.6,92.9,D,0
-16.8721,132.1814,351.5,1.9,1.3,2014-09-19,0154,Terra,MODIS,95,6.2,312.4,125.7,D,0
-16.8648,132.1766,362.7,1.9,1.3,2014-09-19,0154,Terra,MODIS,100,6.2,314.6,196.9,D,0
-16.8769,132.1751,332.6,1.9,1.3,2014-09-19,0154,Terra,MODIS,71,6.2,311.6,44,D,0
-16.7045,135.5997,325.7,3.4,1.7,2014-09-19,0154,Terra,MODIS,26,6.2,309,53.4,D,0
-16.7134,135.5347,336.8,3.4,1.7,2014-09-19,0154,Terra,MODIS,84,6.2,309.5,137.5,D,0
-16.715,135.5932,330.6,3.4,1.7,2014-09-19,0154,Terra,MODIS,72,6.2,307.4,88.5,D,0
-16.7242,135.5279,328.5,3.4,1.7,2014-09-19,0154,Terra,MODIS,73,6.2,305.9,80.9,D,0
-16.5257,132.7487,341.3,2,1.4,2014-09-19,0154,Terra,MODIS,87,6.2,314.5,75.6,D,0
-16.528,132.7678,335.4,2.1,1.4,2014-09-19,0154,Terra,MODIS,66,6.2,313.2,53.2,D,0
-16.5405,132.7663,332.3,2.1,1.4,2014-09-19,0154,Terra,MODIS,64,6.2,312.6,44,D,0
-16.5531,132.7647,329,2.1,1.4,2014-09-19,0154,Terra,MODIS,26,6.2,311.6,33.8,D,0
-18.7603,127.3332,326.9,1,1,2014-09-19,0154,Terra,MODIS,18,6.2,312.4,7.3,D,0
-18.7694,127.3318,349.4,1,1,2014-09-19,0154,Terra,MODIS,93,6.2,313.7,44.8,D,0
-18.7736,127.3613,334.5,1,1,2014-09-19,0154,Terra,MODIS,77,6.2,312.6,16.3,D,0
-17.093,132.3963,333.1,2,1.4,2014-09-19,0154,Terra,MODIS,29,6.2,310.8,40.1,D,0
-17.0859,132.4101,332.3,2,1.4,2014-09-19,0154,Terra,MODIS,39,6.2,312.1,40.2,D,0
-16.7182,135.6251,326.4,3.4,1.7,2014-09-19,0154,Terra,MODIS,45,6.2,310.2,57.8,D,0
-20.2784,128.2999,350.4,1.2,1.1,2014-09-19,0155,Terra,MODIS,64,6.2,304.1,61.1,D,0
-22.7357,130.5476,330.8,1.7,1.3,2014-09-19,0155,Terra,MODIS,75,6.2,312,30.5,D,0
-20.3105,128.318,348.5,1.2,1.1,2014-09-19,0155,Terra,MODIS,80,6.2,297.5,53.2,D,0
-20.1099,128.1902,328.8,1.1,1.1,2014-09-19,0155,Terra,MODIS,68,6.2,312.1,11.6,D,0
-20.2746,128.346,360.7,1.2,1.1,2014-09-19,0155,Terra,MODIS,94,6.2,300.9,93.9,D,0
-22.7493,118.1183,329.6,2.2,1.4,2014-09-19,0156,Terra,MODIS,59,6.2,308.3,49.1,D,0
-22.7468,118.112,329.6,2.2,1.4,2014-09-19,0156,Terra,MODIS,70,6.2,307.4,51.8,D,0
-22.7811,118.0816,338.4,2.2,1.4,2014-09-19,0156,Terra,MODIS,86,6.2,307.1,90.1,D,0
-22.9436,119.5726,334.8,1.7,1.3,2014-09-19,0156,Terra,MODIS,81,6.2,312.1,42.6,D,0
-22.9466,119.5891,341.9,1.7,1.3,2014-09-19,0156,Terra,MODIS,88,6.2,312,66.9,D,0
-22.8068,118.0758,328.5,2.2,1.4,2014-09-19,0156,Terra,MODIS,43,6.2,305.9,45.3,D,0
-22.8236,118.0938,384,2.2,1.4,2014-09-19,0156,Terra,MODIS,100,6.2,311.3,498.3,D,0
-22.8404,118.112,337.3,2.2,1.4,2014-09-19,0156,Terra,MODIS,82,6.2,307.7,78.2,D,0
-22.8215,118.0883,366,2.2,1.4,2014-09-19,0156,Terra,MODIS,100,6.2,309.9,287,D,0
-22.8257,118.1096,338.9,2.2,1.4,2014-09-19,0156,Terra,MODIS,86,6.2,310.3,86.2,D,0
-22.8343,118.0852,339.9,2.2,1.4,2014-09-19,0156,Terra,MODIS,87,6.2,304.8,98.2,D,0
-22.8385,118.1065,341.9,2.2,1.4,2014-09-19,0156,Terra,MODIS,89,6.2,307.5,106.7,D,0
-22.8775,118.4424,356.5,2.1,1.4,2014-09-19,0156,Terra,MODIS,98,6.2,311,186.4,D,0
-22.8736,118.4226,340.3,2.1,1.4,2014-09-19,0156,Terra,MODIS,87,6.2,308.2,88.9,D,0
-22.8896,118.4458,322.1,2.1,1.4,2014-09-19,0156,Terra,MODIS,60,6.2,308.7,19.9,D,0
-22.8771,118.4484,349.7,2.1,1.4,2014-09-19,0156,Terra,MODIS,94,6.2,310.5,140.8,D,0
-22.8734,118.4286,352.6,2.1,1.4,2014-09-19,0156,Terra,MODIS,96,6.2,309.4,157.7,D,0
-22.8532,118.391,338,2.1,1.4,2014-09-19,0156,Terra,MODIS,85,6.2,308.6,77.9,D,0
-22.8494,118.3707,327.6,2.1,1.4,2014-09-19,0156,Terra,MODIS,73,6.2,307.7,35.8,D,0
-22.8368,118.3733,323.1,2.1,1.4,2014-09-19,0156,Terra,MODIS,33,6.2,308.2,22.3,D,0
-22.8329,118.3529,343,2.1,1.4,2014-09-19,0156,Terra,MODIS,89,6.2,309.2,102.1,D,0
-22.6944,119.3972,353.6,1.8,1.3,2014-09-19,0156,Terra,MODIS,96,6.2,314.3,128.3,D,0
-22.7004,119.3899,351.2,1.8,1.3,2014-09-19,0156,Terra,MODIS,95,6.2,313.2,112.8,D,0
-22.9697,119.5846,324.4,1.7,1.3,2014-09-19,0156,Terra,MODIS,40,6.2,312.5,19.4,D,0
-22.8889,118.1606,327,2.2,1.4,2014-09-19,0156,Terra,MODIS,73,6.2,309.5,38.1,D,0
-22.8426,118.1275,322.6,2.2,1.4,2014-09-19,0156,Terra,MODIS,37,6.2,308.9,20.6,D,0
-22.9375,119.5394,336.9,1.7,1.3,2014-09-19,0156,Terra,MODIS,84,6.2,313.8,53.3,D,0
-22.9344,119.5229,349.4,1.7,1.3,2014-09-19,0156,Terra,MODIS,94,6.2,310.8,106.3,D,0
-22.9321,119.5749,326.1,1.7,1.3,2014-09-19,0156,Terra,MODIS,68,6.2,311.1,19.3,D,0
-22.929,119.5583,325.7,1.7,1.3,2014-09-19,0156,Terra,MODIS,67,6.2,310.4,18.6,D,0
-26.0992,125.8925,326.9,1.1,1,2014-09-19,0156,Terra,MODIS,59,6.2,312.4,8.3,D,0
-22.8378,118.3094,324.1,2.1,1.4,2014-09-19,0156,Terra,MODIS,35,6.2,308.1,27,D,0
-22.8339,118.2888,344.8,2.1,1.4,2014-09-19,0156,Terra,MODIS,91,6.2,306.6,119.5,D,0
-22.8251,118.312,367.6,2.1,1.4,2014-09-19,0156,Terra,MODIS,100,6.2,309.8,288.1,D,0
-22.7509,118.1329,325.2,2.2,1.4,2014-09-19,0156,Terra,MODIS,52,6.2,309.5,32.6,D,0
-28.0123,126.1973,325.2,1.1,1.1,2014-09-19,0157,Terra,MODIS,65,6.2,308.9,11.3,D,0
-28.0155,126.1908,321.4,1.1,1.1,2014-09-19,0157,Terra,MODIS,47,6.2,309.3,7.6,D,0
-26.6912,125.7308,335.2,1.1,1,2014-09-19,0157,Terra,MODIS,80,6.2,313.1,19.6,D,0
-27.861,124.5628,375.9,1,1,2014-09-19,0157,Terra,MODIS,100,6.2,312.8,126.2,D,0
-27.8596,124.5525,339.5,1,1,2014-09-19,0157,Terra,MODIS,86,6.2,310.3,29.8,D,0
-26.7111,125.7384,345.9,1.1,1,2014-09-19,0157,Terra,MODIS,91,6.2,314.3,40.1,D,0
-26.7126,125.749,328,1.1,1,2014-09-19,0157,Terra,MODIS,65,6.2,312,9.4,D,0
-26.7204,125.7369,327.6,1.1,1,2014-09-19,0157,Terra,MODIS,62,6.2,310.4,9.9,D,0
-27.8266,124.5164,327.8,1,1,2014-09-19,0157,Terra,MODIS,65,6.2,311.6,12.3,D,0
-27.9601,125.8054,327.6,1.1,1,2014-09-19,0157,Terra,MODIS,70,6.2,310,13.2,D,0
-27.8701,124.5612,340.4,1,1,2014-09-19,0157,Terra,MODIS,86,6.2,307.1,31.3,D,0
-30.8688,121.4874,315.7,1.1,1,2014-09-19,0158,Terra,MODIS,57,6.2,303.5,5.4,D,0
-33.73,122.2879,304.4,1,1,2014-09-19,0159,Terra,MODIS,30,6.2,291,4,D,0
-34.8009,117.6774,337.2,1.3,1.1,2014-09-19,0159,Terra,MODIS,85,6.2,293.6,57,D,0
-27.4244,152.3406,313.4,4,1.9,2014-09-19,0259,Aqua,MODIS,39,6.2,296.1,58.1,D,0
-42.6062,147.6101,302,1.3,1.1,2014-09-19,0433,Aqua,MODIS,50,6.2,288,7.6,D,0
-36.5964,141.462,342.1,1,1,2014-09-19,0435,Aqua,MODIS,92,6.2,301.5,42.5,D,0
-36.5947,141.4732,353.7,1,1,2014-09-19,0435,Aqua,MODIS,92,6.2,295.3,66.1,D,0
-35.6687,144.6625,314.2,1.3,1.1,2014-09-19,0435,Aqua,MODIS,51,6.2,296.3,13,D,0
-35.4658,145.5747,314.3,1.4,1.2,2014-09-19,0435,Aqua,MODIS,72,6.2,294.3,18.5,D,0
-33.5364,137.2376,313.8,1.2,1.1,2014-09-19,0436,Aqua,MODIS,66,6.2,302.3,7.2,D,0
-33.9866,141.1212,332.6,1,1,2014-09-19,0436,Aqua,MODIS,83,6.2,302.4,25.3,D,0
-35.3259,145.6441,338,1.4,1.2,2014-09-19,0436,Aqua,MODIS,90,6.2,296.1,64.5,D,0
-34.2024,140.7189,315.4,1,1,2014-09-19,0436,Aqua,MODIS,57,6.2,303.2,6.4,D,0
-35.5751,143.9639,319.7,1.2,1.1,2014-09-19,0436,Aqua,MODIS,75,6.2,296.4,18.1,D,0
-35.5754,143.9584,315.7,1.2,1.1,2014-09-19,0436,Aqua,MODIS,70,6.2,297.2,14.7,D,0
-35.4613,144.1482,315.6,1.2,1.1,2014-09-19,0436,Aqua,MODIS,70,6.2,298.9,12.6,D,0
-29.1283,148.6621,317.2,3.1,1.7,2014-09-19,0437,Aqua,MODIS,60,6.2,298.1,44.9,D,0
-26.5357,141.823,367.2,1.3,1.1,2014-09-19,0438,Aqua,MODIS,100,6.2,313.8,132.9,D,0
-25.6526,146.0748,320.9,2.5,1.5,2014-09-19,0438,Aqua,MODIS,59,6.2,307.5,21.9,D,0
-25.6576,146.0502,344.7,2.5,1.5,2014-09-19,0438,Aqua,MODIS,91,6.2,308.8,148.2,D,0
-25.6441,146.0468,346.1,2.5,1.5,2014-09-19,0438,Aqua,MODIS,92,6.2,310.2,157.7,D,0
-25.6491,146.0223,322.6,2.5,1.5,2014-09-19,0438,Aqua,MODIS,68,6.2,308.2,28.9,D,0
-25.646,146.0654,339.1,2.5,1.5,2014-09-19,0438,Aqua,MODIS,87,6.2,308.7,108.8,D,0
-25.6508,146.0408,347.8,2.5,1.5,2014-09-19,0438,Aqua,MODIS,93,6.2,310.3,168.2,D,0
-26.3894,146.3111,317.8,2.5,1.5,2014-09-19,0438,Aqua,MODIS,52,6.2,305,24.8,D,0
-26.3994,146.293,322.4,2.5,1.5,2014-09-19,0438,Aqua,MODIS,67,6.2,306.5,39.4,D,0
-26.3943,146.2865,319.6,2.5,1.5,2014-09-19,0438,Aqua,MODIS,60,6.2,306.3,30.5,D,0
-26.5379,141.8103,356.6,1.3,1.1,2014-09-19,0438,Aqua,MODIS,98,6.2,311.1,91.2,D,0
-26.0779,146.7868,321.1,2.7,1.6,2014-09-19,0438,Aqua,MODIS,65,6.2,304,43.4,D,0
-22.2791,146.4865,340.3,3.2,1.7,2014-09-19,0439,Aqua,MODIS,86,6.2,310.9,168.5,D,0
-22.2727,146.517,385.9,3.2,1.7,2014-09-19,0439,Aqua,MODIS,100,6.2,312.7,898.8,D,0
-22.277,146.5131,348.1,3.2,1.7,2014-09-19,0439,Aqua,MODIS,92,6.2,310,246.1,D,0
-22.262,146.5095,410,3.2,1.7,2014-09-19,0439,Aqua,MODIS,100,6.2,317.3,1652.4,D,0
-22.2682,146.4789,345.9,3.2,1.7,2014-09-19,0439,Aqua,MODIS,91,6.2,312.2,221.6,D,0
-22.7436,130.318,328.1,2.3,1.5,2014-09-19,0439,Aqua,MODIS,58,6.2,313.6,28.1,D,0
-22.7304,130.3165,328.7,2.3,1.5,2014-09-19,0439,Aqua,MODIS,47,6.2,314.6,29.7,D,0
-19.0074,129.8856,335.6,2.2,1.4,2014-09-19,0440,Aqua,MODIS,74,6.2,315.2,58,D,0
-19.0051,129.9062,340.4,2.2,1.4,2014-09-19,0440,Aqua,MODIS,84,6.2,311.7,82.3,D,0
-16.1191,128.0994,341.9,2.7,1.6,2014-09-19,0441,Aqua,MODIS,87,6.2,310.1,130.1,D,0
-17.2217,128.0882,350.1,2.8,1.6,2014-09-19,0441,Aqua,MODIS,93,6.2,312.3,212,D,0
-17.2243,128.095,341.6,2.8,1.6,2014-09-19,0441,Aqua,MODIS,86,6.2,311.3,136.9,D,0
-15.8514,127.5077,328.8,3,1.6,2014-09-19,0441,Aqua,MODIS,44,6.2,310.9,49,D,0
-15.8547,127.4866,330.3,3,1.6,2014-09-19,0441,Aqua,MODIS,55,6.2,311.2,56.2,D,0
-15.8518,127.5144,326.8,3,1.6,2014-09-19,0441,Aqua,MODIS,14,6.2,310.5,37.7,D,0
-18.4317,130.4165,357,1.9,1.4,2014-09-19,0441,Aqua,MODIS,98,6.2,316.7,158.9,D,0
-16.1165,128.1231,336,2.7,1.6,2014-09-19,0441,Aqua,MODIS,80,6.2,312.6,83,D,0
-18.4405,130.4108,331.6,1.9,1.4,2014-09-19,0441,Aqua,MODIS,62,6.2,312.8,31.4,D,0
-18.444,130.4181,347.1,1.9,1.4,2014-09-19,0441,Aqua,MODIS,90,6.2,313.1,103.3,D,0
-18.4261,130.4277,347.2,1.9,1.4,2014-09-19,0441,Aqua,MODIS,88,6.2,317.4,92.1,D,0
-18.4283,130.4092,340,1.9,1.4,2014-09-19,0441,Aqua,MODIS,59,6.2,315.3,58.3,D,0
-18.4384,130.4292,369,1.9,1.4,2014-09-19,0441,Aqua,MODIS,100,6.2,317.7,247.4,D,0
-18.7698,127.3685,335.2,3.3,1.7,2014-09-19,0441,Aqua,MODIS,62,6.2,305.1,123.3,D,0
-18.771,127.3934,340.6,3.3,1.7,2014-09-19,0441,Aqua,MODIS,62,6.2,307.5,164.6,D,0
-17.5055,138.405,338.4,1.1,1.1,2014-09-19,0441,Aqua,MODIS,79,6.2,319,21.4,D,0
-17.4911,138.435,338.7,1.1,1.1,2014-09-19,0441,Aqua,MODIS,55,6.2,318.8,22.3,D,0
-17.4928,138.4244,337.8,1.1,1.1,2014-09-19,0441,Aqua,MODIS,34,6.2,317.3,18.4,D,0
-17.4721,138.4317,334.5,1.1,1.1,2014-09-19,0441,Aqua,MODIS,25,6.2,318.7,13.1,D,0
-17.2598,138.4643,412.1,1.1,1.1,2014-09-19,0441,Aqua,MODIS,100,6.2,322,375.8,D,0
-17.2614,138.4537,419.9,1.1,1.1,2014-09-19,0441,Aqua,MODIS,100,6.2,329.6,447.4,D,0
-17.225,138.4366,329.9,1.1,1.1,2014-09-19,0441,Aqua,MODIS,37,6.2,318.6,9.5,D,0
-17.2145,138.3159,331.1,1.1,1.1,2014-09-19,0441,Aqua,MODIS,50,6.2,316.8,13.3,D,0
-17.2246,140.9944,343.7,1.6,1.2,2014-09-19,0441,Aqua,MODIS,89,6.2,318,58.6,D,0
-17.224,141.004,338.9,1.6,1.3,2014-09-19,0441,Aqua,MODIS,84,6.2,316.2,41.7,D,0
-17.2265,140.989,338.6,1.6,1.2,2014-09-19,0441,Aqua,MODIS,84,6.2,318.2,40.6,D,0
-17.2128,141.0019,390.2,1.6,1.3,2014-09-19,0441,Aqua,MODIS,100,6.2,320.3,362.2,D,0
-17.2153,140.9869,378.3,1.6,1.2,2014-09-19,0441,Aqua,MODIS,100,6.2,322.8,254.3,D,0
-17.4334,138.2797,328.8,1.1,1.1,2014-09-19,0441,Aqua,MODIS,22,6.2,313.2,10.5,D,0
-17.2178,140.9719,331.8,1.6,1.2,2014-09-19,0441,Aqua,MODIS,59,6.2,316.4,22.5,D,0
-17.2016,140.9998,419.3,1.6,1.3,2014-09-19,0441,Aqua,MODIS,100,6.2,319.6,747.3,D,0
-17.2041,140.9848,415.1,1.6,1.2,2014-09-19,0441,Aqua,MODIS,100,6.2,325.6,677.4,D,0
-17.4081,138.3183,328.7,1.1,1.1,2014-09-19,0441,Aqua,MODIS,32,6.2,316.2,8.6,D,0
-17.435,138.2692,334.3,1.1,1.1,2014-09-19,0441,Aqua,MODIS,69,6.2,312.4,18.8,D,0
-17.4194,138.2451,339.6,1.1,1,2014-09-19,0441,Aqua,MODIS,81,6.2,311.1,30.7,D,0
-17.4242,138.2144,335.6,1.1,1,2014-09-19,0441,Aqua,MODIS,46,6.2,315.2,17.8,D,0
-17.4258,138.2041,335.2,1.1,1,2014-09-19,0441,Aqua,MODIS,35,6.2,319,16.5,D,0
-17.377,138.2317,334.8,1.1,1,2014-09-19,0441,Aqua,MODIS,67,6.2,317,19.6,D,0
-17.4616,138.3488,351.3,1.1,1.1,2014-09-19,0441,Aqua,MODIS,93,6.2,315.7,53,D,0
-17.4632,138.3382,372.5,1.1,1.1,2014-09-19,0441,Aqua,MODIS,100,6.2,317.8,124,D,0
-17.4505,138.3577,336.4,1.1,1.1,2014-09-19,0441,Aqua,MODIS,75,6.2,318.2,19.5,D,0
-17.4521,138.3472,336,1.1,1.1,2014-09-19,0441,Aqua,MODIS,68,6.2,314.6,20.8,D,0
-17.5199,138.3751,352.6,1.1,1.1,2014-09-19,0441,Aqua,MODIS,94,6.2,319.2,53.6,D,0
-17.5104,138.3735,352.3,1.1,1.1,2014-09-19,0441,Aqua,MODIS,94,6.2,318.7,51.7,D,0
-17.5009,138.3719,344.4,1.1,1.1,2014-09-19,0441,Aqua,MODIS,87,6.2,315.7,32.2,D,0
-17.1561,132.353,329.8,1.4,1.2,2014-09-19,0441,Aqua,MODIS,65,6.2,314.6,17.5,D,0
-17.1577,132.3402,331.7,1.4,1.2,2014-09-19,0441,Aqua,MODIS,70,6.2,315.6,22.8,D,0
-17.2657,132.3734,351.5,1.4,1.2,2014-09-19,0441,Aqua,MODIS,85,6.2,317.9,66.2,D,0
-17.2673,132.3606,370.1,1.4,1.2,2014-09-19,0441,Aqua,MODIS,100,6.2,321,146.4,D,0
-17.269,132.3477,432.7,1.4,1.2,2014-09-19,0441,Aqua,MODIS,100,6.2,331.7,782.7,D,0
-17.2706,132.3349,354.8,1.4,1.2,2014-09-19,0441,Aqua,MODIS,96,6.2,318.2,89.8,D,0
-17.2569,132.3592,343.9,1.4,1.2,2014-09-19,0441,Aqua,MODIS,47,6.2,316.1,42.5,D,0
-17.2585,132.3463,351.7,1.4,1.2,2014-09-19,0441,Aqua,MODIS,93,6.2,317.6,72.7,D,0
-17.0641,132.4372,338.6,1.3,1.1,2014-09-19,0441,Aqua,MODIS,56,6.2,319.3,29.7,D,0
-17.0657,132.4246,342.2,1.3,1.2,2014-09-19,0441,Aqua,MODIS,80,6.2,318.2,38.5,D,0
-17.0538,132.4358,338.4,1.3,1.1,2014-09-19,0441,Aqua,MODIS,57,6.2,319.5,27.5,D,0
-17.0553,132.4231,351.4,1.3,1.2,2014-09-19,0441,Aqua,MODIS,94,6.2,319.3,65.5,D,0
-16.5803,132.7271,357,1.3,1.1,2014-09-19,0441,Aqua,MODIS,77,6.2,319.6,75.9,D,0
-16.5819,132.7152,351.4,1.3,1.1,2014-09-19,0441,Aqua,MODIS,73,6.2,322.5,59.3,D,0
-16.5702,132.7257,348.2,1.3,1.1,2014-09-19,0441,Aqua,MODIS,62,6.2,320.8,45.7,D,0
-17.2882,132.3635,384.6,1.4,1.2,2014-09-19,0441,Aqua,MODIS,100,6.2,320.9,238.8,D,0
-17.2899,132.3506,345.5,1.4,1.2,2014-09-19,0441,Aqua,MODIS,71,6.2,311,54.7,D,0
-17.2794,132.3492,355.2,1.4,1.2,2014-09-19,0441,Aqua,MODIS,97,6.2,317.8,91,D,0
-17.2811,132.3363,330.4,1.4,1.2,2014-09-19,0441,Aqua,MODIS,38,6.2,310.8,22.2,D,0
-17.3502,138.2805,333.2,1.1,1.1,2014-09-19,0441,Aqua,MODIS,69,6.2,315.9,16.7,D,0
-17.3518,138.2701,341.9,1.1,1.1,2014-09-19,0441,Aqua,MODIS,84,6.2,316.2,33.1,D,0
-16.8167,132.6181,338.4,1.3,1.1,2014-09-19,0441,Aqua,MODIS,82,6.2,318.8,30.4,D,0
-17.2745,132.3876,337.5,1.4,1.2,2014-09-19,0441,Aqua,MODIS,49,6.2,318.4,28.4,D,0
-17.0087,132.5441,332.7,1.3,1.1,2014-09-19,0441,Aqua,MODIS,17,6.2,317.7,15.7,D,0
-17.2812,138.4739,341.9,1.1,1.1,2014-09-19,0441,Aqua,MODIS,76,6.2,320.5,27,D,0
-17.2717,138.4723,409.9,1.1,1.1,2014-09-19,0441,Aqua,MODIS,100,6.2,330.9,354,D,0
-17.2734,138.4616,366.6,1.1,1.1,2014-09-19,0441,Aqua,MODIS,100,6.2,329.9,96.3,D,0
-17.2677,138.4766,368.9,1.1,1.1,2014-09-19,0441,Aqua,MODIS,100,6.2,318.8,110,D,0
-17.2694,138.466,431.9,1.1,1.1,2014-09-19,0441,Aqua,MODIS,100,6.2,400.1,581.1,D,0
-17.271,138.4553,358.7,1.1,1.1,2014-09-19,0441,Aqua,MODIS,99,6.2,328.1,70.3,D,0
-16.6783,132.6732,336.9,1.3,1.1,2014-09-19,0441,Aqua,MODIS,69,6.2,317.1,26.1,D,0
-16.6377,132.6677,340.5,1.3,1.1,2014-09-19,0441,Aqua,MODIS,66,6.2,317.4,31.6,D,0
-17.5166,138.3961,336,1.1,1.1,2014-09-19,0441,Aqua,MODIS,21,6.2,319.6,16.9,D,0
-17.5182,138.3856,363.4,1.1,1.1,2014-09-19,0441,Aqua,MODIS,100,6.2,321.6,86.7,D,0
-17.5088,138.384,345.8,1.1,1.1,2014-09-19,0441,Aqua,MODIS,87,6.2,320.6,35.5,D,0
-16.7946,132.6466,338.7,1.3,1.1,2014-09-19,0441,Aqua,MODIS,82,6.2,320.2,29.2,D,0
-16.7844,132.6452,331.8,1.3,1.1,2014-09-19,0441,Aqua,MODIS,24,6.2,319.3,14.6,D,0
-16.6985,130.6633,327.7,1.8,1.3,2014-09-19,0441,Aqua,MODIS,31,6.2,313.7,15.8,D,0
-16.6867,130.6619,332.1,1.8,1.3,2014-09-19,0441,Aqua,MODIS,66,6.2,315.7,28.9,D,0
-16.7841,135.4347,333.7,1,1,2014-09-19,0441,Aqua,MODIS,42,6.2,318.8,10.5,D,0
-16.997,132.3321,333.7,1.4,1.2,2014-09-19,0441,Aqua,MODIS,52,6.2,318.4,17.8,D,0
-16.7377,135.4372,338.5,1,1,2014-09-19,0441,Aqua,MODIS,73,6.2,318.3,17.3,D,0
-16.739,135.4278,356.7,1,1,2014-09-19,0441,Aqua,MODIS,97,6.2,321.3,53.7,D,0
-16.8655,132.1368,334.9,1.4,1.2,2014-09-19,0441,Aqua,MODIS,48,6.2,313.5,25.8,D,0
-16.8577,132.1569,341.1,1.4,1.2,2014-09-19,0441,Aqua,MODIS,51,6.2,316.5,39.1,D,0
-16.8594,132.1438,356.9,1.4,1.2,2014-09-19,0441,Aqua,MODIS,98,6.2,316.6,92.6,D,0
-16.8611,132.1308,340.8,1.4,1.2,2014-09-19,0441,Aqua,MODIS,67,6.2,312.5,41.9,D,0
-16.8472,132.1555,363.5,1.4,1.2,2014-09-19,0441,Aqua,MODIS,100,6.2,311.6,120.6,D,0
-16.8489,132.1424,368.9,1.4,1.2,2014-09-19,0441,Aqua,MODIS,100,6.2,311.9,151.4,D,0
-16.814,132.1642,351.5,1.4,1.2,2014-09-19,0441,Aqua,MODIS,89,6.2,312.1,71.6,D,0
-16.8156,132.1512,344.6,1.4,1.2,2014-09-19,0441,Aqua,MODIS,81,6.2,309.6,51.7,D,0
-16.7437,132.1614,332.7,1.4,1.2,2014-09-19,0441,Aqua,MODIS,60,6.2,315.2,20.2,D,0
-16.8019,132.1758,349.7,1.4,1.2,2014-09-19,0441,Aqua,MODIS,91,6.2,313.3,57.6,D,0
-16.7898,132.1873,349.7,1.4,1.2,2014-09-19,0441,Aqua,MODIS,88,6.2,313.5,62.4,D,0
-16.7777,132.1988,349.2,1.4,1.2,2014-09-19,0441,Aqua,MODIS,82,6.2,315.4,64.8,D,0
-16.7793,132.1859,361.2,1.4,1.2,2014-09-19,0441,Aqua,MODIS,100,6.2,314.4,110.2,D,0
-16.7702,132.2045,336.5,1.4,1.2,2014-09-19,0441,Aqua,MODIS,78,6.2,313.4,35.8,D,0
-16.7719,132.1916,330.6,1.4,1.2,2014-09-19,0441,Aqua,MODIS,58,6.2,313.4,20.1,D,0
-16.7513,135.6023,334.1,1,1,2014-09-19,0441,Aqua,MODIS,39,6.2,321.4,9.9,D,0
-16.7526,135.593,342,1,1,2014-09-19,0441,Aqua,MODIS,84,6.2,319.5,24.1,D,0
-16.7256,135.5888,341,1,1,2014-09-19,0441,Aqua,MODIS,64,6.2,321,18.8,D,0
-16.7401,135.4856,332.9,1,1,2014-09-19,0441,Aqua,MODIS,33,6.2,317.7,10.1,D,0
-16.7258,135.5218,337.9,1,1,2014-09-19,0441,Aqua,MODIS,60,6.2,319,17.7,D,0
-16.7089,135.5767,355.7,1,1,2014-09-19,0441,Aqua,MODIS,97,6.2,322.8,49.9,D,0
-16.7102,135.5673,353.7,1,1,2014-09-19,0441,Aqua,MODIS,89,6.2,320.2,45.1,D,0
-16.5324,132.7807,359.5,1.3,1.1,2014-09-19,0441,Aqua,MODIS,99,6.2,315.4,86.3,D,0
-16.5194,132.8028,330,1.3,1.1,2014-09-19,0441,Aqua,MODIS,24,6.2,314.8,13.9,D,0
-16.9986,132.3194,335.4,1.4,1.2,2014-09-19,0441,Aqua,MODIS,60,6.2,318.8,23.8,D,0
-16.8741,135.4446,335.1,1,1,2014-09-19,0441,Aqua,MODIS,37,6.2,320.3,12,D,0
-16.3694,132.0595,335.5,1.4,1.2,2014-09-19,0441,Aqua,MODIS,76,6.2,321.1,21.7,D,0
-17.429,138.1834,339.9,1.1,1,2014-09-19,0441,Aqua,MODIS,49,6.2,319.1,22.3,D,0
-17.4306,138.1731,343,1.1,1,2014-09-19,0441,Aqua,MODIS,85,6.2,318.6,30.8,D,0
-17.4321,138.1628,340.7,1.1,1,2014-09-19,0441,Aqua,MODIS,77,6.2,318,28.2,D,0
-17.4134,138.1597,332.4,1.1,1,2014-09-19,0441,Aqua,MODIS,46,6.2,315,15.3,D,0
-16.7845,135.6228,333.8,1,1,2014-09-19,0441,Aqua,MODIS,64,6.2,320.5,11.5,D,0
-16.7859,135.6134,342.2,1,1,2014-09-19,0441,Aqua,MODIS,84,6.2,320.2,25.5,D,0
-16.76,135.6707,336.6,1,1,2014-09-19,0441,Aqua,MODIS,67,6.2,322.2,13.4,D,0
-16.7177,135.645,334.3,1,1,2014-09-19,0441,Aqua,MODIS,36,6.2,320.3,10.1,D,0
-16.7007,135.6997,334.3,1,1,2014-09-19,0441,Aqua,MODIS,62,6.2,321.7,11.2,D,0
-15.0127,134.4932,339.4,1,1,2014-09-19,0441,Aqua,MODIS,82,6.2,317.2,23.9,D,0
-15.0504,134.5573,340.8,1,1,2014-09-19,0441,Aqua,MODIS,15,6.2,319,19.8,D,0
-15.0414,134.4877,334.9,1,1,2014-09-19,0441,Aqua,MODIS,75,6.2,311.1,20,D,0
-15.0401,134.4973,345.1,1,1,2014-09-19,0441,Aqua,MODIS,83,6.2,315.4,34.1,D,0
-15.053,134.5383,350,1,1,2014-09-19,0441,Aqua,MODIS,78,6.2,319.4,38.5,D,0
-15.0519,134.4795,358.3,1,1,2014-09-19,0441,Aqua,MODIS,98,6.2,312.6,70.3,D,0
-15.0505,134.4891,386.4,1,1,2014-09-19,0441,Aqua,MODIS,100,6.2,316.4,174.1,D,0
-15.014,134.4836,328.8,1,1,2014-09-19,0441,Aqua,MODIS,21,6.2,315.2,9.2,D,0
-15.0231,134.485,346.1,1,1,2014-09-19,0441,Aqua,MODIS,89,6.2,313.9,38,D,0
-16.0851,137.2067,334.4,1,1,2014-09-19,0441,Aqua,MODIS,30,6.2,317.2,16.9,D,0
-16.6321,139.2067,331.7,1.3,1.1,2014-09-19,0441,Aqua,MODIS,72,6.2,317.3,18.5,D,0
-16.0836,137.2164,336.8,1,1,2014-09-19,0441,Aqua,MODIS,55,6.2,318,20.6,D,0
-16.634,139.1949,332.1,1.3,1.1,2014-09-19,0441,Aqua,MODIS,72,6.2,316.8,18.7,D,0
-13.5098,143.1991,326.2,2.8,1.6,2014-09-19,0441,Aqua,MODIS,77,6.2,298.4,82.1,D,0
-16.5458,139.3698,328.9,1.3,1.1,2014-09-19,0441,Aqua,MODIS,60,6.2,314.3,16.2,D,0
-16.5477,139.3577,335.8,1.3,1.1,2014-09-19,0441,Aqua,MODIS,80,6.2,314.2,30.5,D,0
-16.5356,139.368,341.5,1.3,1.1,2014-09-19,0441,Aqua,MODIS,86,6.2,312.9,43.3,D,0
-16.5376,139.3559,355.9,1.3,1.1,2014-09-19,0441,Aqua,MODIS,97,6.2,313.6,87.3,D,0
-16.5395,139.3439,345.7,1.3,1.1,2014-09-19,0441,Aqua,MODIS,90,6.2,311.3,54.7,D,0
-17.7432,130.9155,333.3,1.7,1.3,2014-09-19,0441,Aqua,MODIS,74,6.2,320,27.6,D,0
-13.516,143.1792,320.5,2.8,1.6,2014-09-19,0441,Aqua,MODIS,65,6.2,297.6,54.2,D,0
-13.5949,143.0655,322.7,2.7,1.6,2014-09-19,0441,Aqua,MODIS,61,6.2,297.1,55.7,D,0
-15.0269,134.5927,345.9,1,1,2014-09-19,0441,Aqua,MODIS,89,6.2,322,31,D,0
-15.0386,134.575,335.9,1,1,2014-09-19,0441,Aqua,MODIS,48,6.2,318.4,13.3,D,0
-13.5114,143.2045,325.3,2.8,1.6,2014-09-19,0441,Aqua,MODIS,75,6.2,298.4,76.6,D,0
-16.4915,139.4476,323.5,1.3,1.1,2014-09-19,0441,Aqua,MODIS,16,6.2,312.5,10,D,0
-13.6492,142.0066,326.7,2.2,1.4,2014-09-19,0441,Aqua,MODIS,77,6.2,308.3,35.5,D,0
-13.6456,142.027,324.3,2.2,1.5,2014-09-19,0441,Aqua,MODIS,64,6.2,307,28.1,D,0
-17.7384,130.9198,332.1,1.7,1.3,2014-09-19,0441,Aqua,MODIS,61,6.2,318.1,22.4,D,0
-13.6951,141.9731,331.7,2.2,1.4,2014-09-19,0441,Aqua,MODIS,82,6.2,309.2,57.9,D,0
-13.6474,142.0201,332.7,2.2,1.5,2014-09-19,0441,Aqua,MODIS,83,6.2,307.6,60.6,D,0
-13.6986,141.9529,332.5,2.2,1.4,2014-09-19,0441,Aqua,MODIS,83,6.2,308.3,61.6,D,0
-15.7611,136.2251,339,1,1,2014-09-19,0441,Aqua,MODIS,61,6.2,317.6,20.2,D,0
-15.7475,136.1277,423.4,1,1,2014-09-19,0441,Aqua,MODIS,100,6.2,332.5,402.9,D,0
-14.4073,141.8879,322.9,2.1,1.4,2014-09-19,0441,Aqua,MODIS,50,6.2,307.5,20.5,D,0
-14.3562,141.8709,335.4,2.1,1.4,2014-09-19,0441,Aqua,MODIS,85,6.2,300.7,69,D,0
-15.7435,136.1556,336.5,1,1,2014-09-19,0441,Aqua,MODIS,51,6.2,319,14.4,D,0
-15.7552,136.1384,376.4,1,1,2014-09-19,0441,Aqua,MODIS,100,6.2,324.2,112.7,D,0
-16.3233,136.8446,338.1,1,1,2014-09-19,0441,Aqua,MODIS,52,6.2,319.2,15.6,D,0
-15.7547,136.205,339.6,1,1,2014-09-19,0441,Aqua,MODIS,80,6.2,319.4,21.5,D,0
-15.4428,135.752,331.4,1,1,2014-09-19,0441,Aqua,MODIS,62,6.2,316.5,10.8,D,0
-15.7565,136.1291,409.6,1,1,2014-09-19,0441,Aqua,MODIS,100,6.2,328.2,292.3,D,0
-15.7655,136.1305,334.8,1,1,2014-09-19,0441,Aqua,MODIS,53,6.2,321.3,11.6,D,0
-14.2216,141.8214,334.1,2.1,1.4,2014-09-19,0441,Aqua,MODIS,81,6.2,311.7,59,D,0
-14.3689,141.8732,327.1,2.1,1.4,2014-09-19,0441,Aqua,MODIS,58,6.2,305,35,D,0
-14.4035,141.8997,327.6,2.1,1.4,2014-09-19,0441,Aqua,MODIS,57,6.2,308.3,36.3,D,0
-15.7462,136.137,391.4,1,1,2014-09-19,0441,Aqua,MODIS,100,6.2,326.9,180.8,D,0
-14.3946,141.8856,359.4,2.1,1.4,2014-09-19,0441,Aqua,MODIS,99,6.2,309.7,209,D,0
-14.2182,141.8408,340.2,2.1,1.4,2014-09-19,0441,Aqua,MODIS,89,6.2,307.6,86.4,D,0
-14.3908,141.8974,330.8,2.1,1.4,2014-09-19,0441,Aqua,MODIS,36,6.2,307.5,43.1,D,0
-14.2309,141.8431,336.3,2.1,1.4,2014-09-19,0441,Aqua,MODIS,86,6.2,311.7,71.6,D,0
-16.0201,145.0558,320.3,3.4,1.7,2014-09-19,0441,Aqua,MODIS,35,6.2,283.8,92.7,D,0
-16.0356,145.059,326.1,3.4,1.7,2014-09-19,0441,Aqua,MODIS,50,6.2,286.9,122.1,D,0
-15.7686,136.2319,339.8,1,1,2014-09-19,0441,Aqua,MODIS,67,6.2,317.4,21.2,D,0
-14.3815,141.8756,339.7,2.1,1.4,2014-09-19,0441,Aqua,MODIS,87,6.2,307.3,83.8,D,0
-15.4131,141.9205,329.6,2,1.4,2014-09-19,0441,Aqua,MODIS,60,6.2,314.9,31.4,D,0
-15.7385,136.1263,334.6,1,1,2014-09-19,0441,Aqua,MODIS,70,6.2,319.2,15.1,D,0
-15.4135,141.9259,327.3,2,1.4,2014-09-19,0441,Aqua,MODIS,65,6.2,314.7,24.9,D,0
-16.0464,145.0683,328.1,3.4,1.7,2014-09-19,0441,Aqua,MODIS,71,6.2,291,144.1,D,0
-14.2304,141.8354,329.3,2.1,1.4,2014-09-19,0441,Aqua,MODIS,72,6.2,311.8,41,D,0
-14.2177,141.8332,346.1,2.1,1.4,2014-09-19,0441,Aqua,MODIS,93,6.2,309.4,117.6,D,0
-15.1941,145.1036,322.1,3.6,1.8,2014-09-19,0441,Aqua,MODIS,64,6.2,297.1,91.9,D,0
-15.1867,145.0976,322.3,3.6,1.8,2014-09-19,0441,Aqua,MODIS,64,6.2,296.2,94.3,D,0
-14.3981,141.8662,328.5,2.1,1.4,2014-09-19,0441,Aqua,MODIS,56,6.2,307.8,37.6,D,0
-14.2271,141.8549,335.5,2.1,1.4,2014-09-19,0441,Aqua,MODIS,86,6.2,310.3,68.3,D,0
-15.7489,136.1184,346.1,1,1,2014-09-19,0441,Aqua,MODIS,81,6.2,314.4,33.9,D,0
-16.0309,145.0652,334.6,3.4,1.7,2014-09-19,0441,Aqua,MODIS,81,6.2,289.5,189.4,D,0
-15.2026,145.1004,319,3.6,1.8,2014-09-19,0441,Aqua,MODIS,40,6.2,297.1,73.1,D,0
-15.7448,136.1463,365.3,1,1,2014-09-19,0441,Aqua,MODIS,100,6.2,322.3,76.5,D,0
-15.564,135.2829,338,1,1,2014-09-19,0441,Aqua,MODIS,79,6.2,319.5,16.6,D,0
-14.3941,141.8779,359.7,2.1,1.4,2014-09-19,0441,Aqua,MODIS,99,6.2,309.6,210.2,D,0
-14.2275,141.8625,325.5,2.1,1.4,2014-09-19,0441,Aqua,MODIS,74,6.2,309.6,31,D,0
-14.4039,141.9073,324.2,2.1,1.4,2014-09-19,0441,Aqua,MODIS,63,6.2,308.5,26.2,D,0
-14.902,134.5037,336.1,1,1,2014-09-19,0441,Aqua,MODIS,72,6.2,318.6,15.9,D,0
-16.1697,136.8271,337.7,1,1,2014-09-19,0441,Aqua,MODIS,45,6.2,319.7,16.6,D,0
-15.0544,134.5287,357.7,1,1,2014-09-19,0441,Aqua,MODIS,96,6.2,318.9,58.4,D,0
-16.1634,136.8066,337.8,1,1,2014-09-19,0441,Aqua,MODIS,49,6.2,317.2,17.6,D,0
-16.016,144.3347,327.5,3,1.7,2014-09-19,0441,Aqua,MODIS,68,6.2,306.4,70.7,D,0
-16.0163,144.3419,328.8,3,1.7,2014-09-19,0441,Aqua,MODIS,71,6.2,305.8,78.7,D,0
-16.031,144.3447,340.7,3,1.7,2014-09-19,0441,Aqua,MODIS,87,6.2,308.5,162.2,D,0
-16.0258,144.3728,331.7,3,1.7,2014-09-19,0441,Aqua,MODIS,78,6.2,304.5,100.7,D,0
-16.3088,132.3741,337.2,1.3,1.1,2014-09-19,0441,Aqua,MODIS,79,6.2,318.7,22.3,D,0
-16.2802,132.3774,337.7,1.3,1.1,2014-09-19,0441,Aqua,MODIS,73,6.2,319,25.6,D,0
-16.1649,136.7972,375.4,1,1,2014-09-19,0441,Aqua,MODIS,100,6.2,319.5,118,D,0
-16.0457,144.3482,330,3,1.7,2014-09-19,0441,Aqua,MODIS,75,6.2,307.2,82,D,0
-16.2818,132.365,341.1,1.3,1.1,2014-09-19,0441,Aqua,MODIS,84,6.2,319.3,34.4,D,0
-15.7534,136.2143,336.4,1,1,2014-09-19,0441,Aqua,MODIS,63,6.2,318.3,16.6,D,0
-16.2113,132.3428,350,1.3,1.1,2014-09-19,0441,Aqua,MODIS,86,6.2,319.9,56.9,D,0
-15.4804,144.9076,319.4,3.4,1.7,2014-09-19,0441,Aqua,MODIS,39,6.2,299.9,52.2,D,0
-18.4016,130.4245,331.7,1.9,1.4,2014-09-19,0441,Aqua,MODIS,63,6.2,317.8,28.1,D,0
-18.3995,130.4429,332.5,1.9,1.4,2014-09-19,0441,Aqua,MODIS,66,6.2,315,30.1,D,0
-18.8625,130.1477,336.7,2.1,1.4,2014-09-19,0441,Aqua,MODIS,47,6.2,319.7,50.2,D,0
-18.8751,130.1493,341.3,2.1,1.4,2014-09-19,0441,Aqua,MODIS,56,6.2,318.8,67.7,D,0
-18.8877,130.1509,335.2,2.1,1.4,2014-09-19,0441,Aqua,MODIS,39,6.2,315.9,43,D,0
-17.4979,127.3326,325,3.2,1.7,2014-09-19,0441,Aqua,MODIS,42,6.2,298.5,70.3,D,0
-17.4212,127.3241,331.5,3.2,1.7,2014-09-19,0441,Aqua,MODIS,50,6.2,303.9,91.2,D,0
-18.9385,129.9195,335.7,2.2,1.4,2014-09-19,0441,Aqua,MODIS,58,6.2,314.4,53,D,0
-18.9423,129.8938,341.6,2.2,1.4,2014-09-19,0441,Aqua,MODIS,81,6.2,314.8,76.2,D,0
-18.36,130.4325,338.1,1.9,1.4,2014-09-19,0441,Aqua,MODIS,81,6.2,319.2,53.3,D,0
-18.4363,130.4474,335.9,1.9,1.4,2014-09-19,0441,Aqua,MODIS,66,6.2,314.7,44.4,D,0
-18.4506,130.4307,330,1.9,1.4,2014-09-19,0441,Aqua,MODIS,60,6.2,311.8,28.7,D,0
-18.4297,130.4349,343.9,1.9,1.4,2014-09-19,0441,Aqua,MODIS,88,6.2,316.8,83.3,D,0
-17.2269,128.0693,332.7,2.8,1.6,2014-09-19,0441,Aqua,MODIS,75,6.2,311.5,76.2,D,0
-18.442,130.4364,362.8,1.9,1.4,2014-09-19,0441,Aqua,MODIS,100,6.2,315.5,202.1,D,0
-15.1512,133.1378,333.2,1.2,1.1,2014-09-19,0441,Aqua,MODIS,72,6.2,317.6,17.8,D,0
-15.1415,133.1364,360.9,1.2,1.1,2014-09-19,0441,Aqua,MODIS,100,6.2,318,86.2,D,0
-15.143,133.1256,359.2,1.2,1.1,2014-09-19,0441,Aqua,MODIS,99,6.2,317.8,80.7,D,0
-18.3628,130.4382,350.7,1.9,1.4,2014-09-19,0441,Aqua,MODIS,93,6.2,319.7,115,D,0
-18.9428,129.878,334,2.2,1.4,2014-09-19,0441,Aqua,MODIS,60,6.2,317.3,36.5,D,0
-18.375,130.4397,348.1,1.9,1.4,2014-09-19,0441,Aqua,MODIS,91,6.2,318.4,97,D,0
-18.9406,129.8988,341.6,2.2,1.4,2014-09-19,0441,Aqua,MODIS,80,6.2,314.3,79.1,D,0
-18.3873,130.4413,350.9,1.9,1.4,2014-09-19,0441,Aqua,MODIS,93,6.2,316.5,112,D,0
-18.94,129.9146,338.6,2.2,1.4,2014-09-19,0441,Aqua,MODIS,72,6.2,314.7,65.5,D,0
-14.1271,132.4121,338.4,1.2,1.1,2014-09-19,0442,Aqua,MODIS,36,6.2,319.2,23.1,D,0
-11.7237,130.1154,331.6,1.6,1.3,2014-09-19,0442,Aqua,MODIS,53,6.2,308.7,38.5,D,0
-11.7247,130.1087,329.3,1.6,1.3,2014-09-19,0442,Aqua,MODIS,42,6.2,309.9,33.3,D,0
-11.7134,130.1072,340.9,1.6,1.3,2014-09-19,0442,Aqua,MODIS,77,6.2,308.4,67,D,0
-11.7858,130.1692,337.1,1.6,1.3,2014-09-19,0442,Aqua,MODIS,83,6.2,307,58.2,D,0
-12.3464,132.3151,342.3,1.2,1.1,2014-09-19,0442,Aqua,MODIS,82,6.2,313.8,39.7,D,0
-12.3562,132.3165,341.6,1.2,1.1,2014-09-19,0442,Aqua,MODIS,81,6.2,318.1,37.8,D,0
-13.7807,129.8473,326.2,1.8,1.3,2014-09-19,0442,Aqua,MODIS,28,6.2,304.5,31.3,D,0
-14.2801,132.4096,336.2,1.2,1.1,2014-09-19,0442,Aqua,MODIS,41,6.2,323.4,20.4,D,0
-11.5422,130.2882,359.5,1.6,1.2,2014-09-19,0442,Aqua,MODIS,94,6.2,315.6,130.2,D,0
-11.5403,130.3028,333.8,1.6,1.2,2014-09-19,0442,Aqua,MODIS,80,6.2,312.2,29.8,D,0
-14.1201,132.3876,357,1.2,1.1,2014-09-19,0442,Aqua,MODIS,86,6.2,322.7,71.2,D,0
-14.2382,132.422,341.4,1.2,1.1,2014-09-19,0442,Aqua,MODIS,65,6.2,321.6,29.8,D,0
-14.137,132.4135,348.6,1.2,1.1,2014-09-19,0442,Aqua,MODIS,76,6.2,322.5,46.6,D,0
-14.1186,132.3992,355.6,1.2,1.1,2014-09-19,0442,Aqua,MODIS,77,6.2,321.9,66.5,D,0
-12.6243,136.5818,342,1.1,1,2014-09-19,0442,Aqua,MODIS,86,6.2,311,34.5,D,0
-12.6984,141.9564,325.2,2.3,1.5,2014-09-19,0442,Aqua,MODIS,68,6.2,299,41.6,D,0
-13.1389,142.7672,325.7,2.6,1.6,2014-09-19,0442,Aqua,MODIS,25,6.2,297,49.2,D,0
-13.1527,142.7697,336.1,2.6,1.6,2014-09-19,0442,Aqua,MODIS,74,6.2,298.7,100.3,D,0
-14.3445,134.4135,339.9,1,1,2014-09-19,0442,Aqua,MODIS,72,6.2,319.3,21.1,D,0
-12.7948,142.8356,316.5,2.7,1.6,2014-09-19,0442,Aqua,MODIS,62,6.2,284.2,42.6,D,0
-12.1817,135.4637,341.3,1,1,2014-09-19,0442,Aqua,MODIS,86,6.2,311.2,29.3,D,0
-14.4252,135.2766,327.2,1,1,2014-09-19,0442,Aqua,MODIS,54,6.2,315.9,9.2,D,0
-14.3902,134.4745,341,1,1,2014-09-19,0442,Aqua,MODIS,60,6.2,319.5,22.4,D,0
-12.6497,135.7886,337.6,1,1,2014-09-19,0442,Aqua,MODIS,56,6.2,316,20.7,D,0
-14.6287,134.4152,335.2,1,1,2014-09-19,0442,Aqua,MODIS,66,6.2,320.5,14.5,D,0
-12.6036,136.2306,334.8,1,1,2014-09-19,0442,Aqua,MODIS,78,6.2,316.2,18.1,D,0
-12.3262,135.545,335.2,1,1,2014-09-19,0442,Aqua,MODIS,70,6.2,314.7,15.8,D,0
-12.5706,136.518,331.5,1.1,1,2014-09-19,0442,Aqua,MODIS,72,6.2,311.2,16.4,D,0
-12.9946,142.9097,319.3,2.7,1.6,2014-09-19,0442,Aqua,MODIS,25,6.2,295.2,36.3,D,0
-14.351,134.4338,334,1,1,2014-09-19,0442,Aqua,MODIS,69,6.2,318.5,12.9,D,0
-14.3419,134.4324,344.4,1,1,2014-09-19,0442,Aqua,MODIS,88,6.2,318,30.3,D,0
-14.3811,134.4731,338.7,1,1,2014-09-19,0442,Aqua,MODIS,66,6.2,318.1,19.4,D,0
-14.3523,134.4243,337.3,1,1,2014-09-19,0442,Aqua,MODIS,78,6.2,320,16.8,D,0
-14.4422,134.5016,341.4,1,1,2014-09-19,0442,Aqua,MODIS,85,6.2,317,27.2,D,0
-14.4408,134.511,328.4,1,1,2014-09-19,0442,Aqua,MODIS,46,6.2,315.5,7.5,D,0
-12.5692,136.5276,325.4,1.1,1,2014-09-19,0442,Aqua,MODIS,49,6.2,312.2,8.7,D,0
-13.0655,141.9611,332.4,2.3,1.5,2014-09-19,0442,Aqua,MODIS,81,6.2,305.5,64.1,D,0
-12.6127,136.232,341.6,1,1,2014-09-19,0442,Aqua,MODIS,86,6.2,316.9,27.5,D,0
-12.2361,136.5258,330.6,1.1,1,2014-09-19,0442,Aqua,MODIS,69,6.2,313,13.1,D,0
-13.0749,141.9846,325.9,2.3,1.5,2014-09-19,0442,Aqua,MODIS,77,6.2,306.1,41.2,D,0
-13.1446,142.8174,323.1,2.6,1.6,2014-09-19,0442,Aqua,MODIS,33,6.2,298.8,31.8,D,0
-12.619,135.7461,367.4,1,1,2014-09-19,0442,Aqua,MODIS,100,6.2,313.9,91,D,0
-14.5598,134.3212,335.4,1,1,2014-09-19,0442,Aqua,MODIS,74,6.2,319.3,14.4,D,0
-13.1568,142.746,334.4,2.6,1.6,2014-09-19,0442,Aqua,MODIS,78,6.2,295.6,97,D,0
-13.1487,142.752,348.7,2.6,1.6,2014-09-19,0442,Aqua,MODIS,94,6.2,296.2,195,D,0
-13.1429,142.7435,328.8,2.6,1.6,2014-09-19,0442,Aqua,MODIS,75,6.2,294.4,69.9,D,0
-14.3432,134.423,405.3,1,1,2014-09-19,0442,Aqua,MODIS,100,6.2,325.8,274.5,D,0
-13.7747,129.8533,336.3,1.8,1.3,2014-09-19,0442,Aqua,MODIS,79,6.2,305.7,64.6,D,0
-11.8113,130.5012,323.7,1.5,1.2,2014-09-19,0442,Aqua,MODIS,58,6.2,308.5,16.4,D,0
-11.8131,130.4871,320.5,1.5,1.2,2014-09-19,0442,Aqua,MODIS,0,6.2,307.8,10.3,D,0
-13.7786,129.8641,327.9,1.8,1.3,2014-09-19,0442,Aqua,MODIS,47,6.2,304.5,36.6,D,0
-12.2284,141.8638,324.4,2.3,1.5,2014-09-19,0442,Aqua,MODIS,66,6.2,301.2,45.8,D,0
-13.0312,141.8488,327.1,2.2,1.4,2014-09-19,0442,Aqua,MODIS,60,6.2,303.7,41.4,D,0
-12.2358,133.3095,389.1,1.1,1,2014-09-19,0442,Aqua,MODIS,100,6.2,325.9,191.4,D,0
-13.0304,135.7018,342.7,1,1,2014-09-19,0442,Aqua,MODIS,87,6.2,315.6,27.3,D,0
-12.1138,134.1961,334,1,1,2014-09-19,0442,Aqua,MODIS,51,6.2,312.9,15.8,D,0
-12.8674,135.6833,332.3,1,1,2014-09-19,0442,Aqua,MODIS,52,6.2,316.5,8.4,D,0
-12.8605,135.2161,380.9,1,1,2014-09-19,0442,Aqua,MODIS,100,6.2,321.1,138,D,0
-12.8648,135.7017,335.8,1,1,2014-09-19,0442,Aqua,MODIS,37,6.2,314.2,15.9,D,0
-12.9474,135.6353,337.4,1,1,2014-09-19,0442,Aqua,MODIS,81,6.2,318.2,17.4,D,0
-13.2133,135.3222,330.1,1,1,2014-09-19,0442,Aqua,MODIS,65,6.2,314.7,10.5,D,0
-12.7819,134.7399,336.9,1,1,2014-09-19,0442,Aqua,MODIS,53,6.2,318.9,14.7,D,0
-12.8098,134.9314,378.6,1,1,2014-09-19,0442,Aqua,MODIS,100,6.2,320.9,126.4,D,0
-13.312,134.1647,339.9,1,1,2014-09-19,0442,Aqua,MODIS,84,6.2,317.7,22.3,D,0
-12.8592,135.2253,369.9,1,1,2014-09-19,0442,Aqua,MODIS,100,6.2,320.3,95,D,0
-12.8579,135.2344,343.5,1,1,2014-09-19,0442,Aqua,MODIS,73,6.2,319.4,28.9,D,0
-12.8201,134.9236,343,1,1,2014-09-19,0442,Aqua,MODIS,50,6.2,318,27,D,0
-12.8279,134.9306,360.4,1,1,2014-09-19,0442,Aqua,MODIS,100,6.2,315.9,67.6,D,0
-12.8266,134.9398,345.8,1,1,2014-09-19,0442,Aqua,MODIS,88,6.2,314,32.8,D,0
-12.9097,135.7049,329.8,1,1,2014-09-19,0442,Aqua,MODIS,33,6.2,315.4,8.6,D,0
-12.3553,141.8914,366,2.3,1.5,2014-09-19,0442,Aqua,MODIS,100,6.2,304.5,320.4,D,0
-12.4718,135.683,328.8,1,1,2014-09-19,0442,Aqua,MODIS,67,6.2,315.9,8.4,D,0
-12.8124,134.9131,341.6,1,1,2014-09-19,0442,Aqua,MODIS,82,6.2,313.3,26.2,D,0
-12.8188,134.9328,354.3,1,1,2014-09-19,0442,Aqua,MODIS,96,6.2,319.5,51.2,D,0
-13.0654,136.0256,325.2,1,1,2014-09-19,0442,Aqua,MODIS,15,6.2,311.1,7.4,D,0
-13.0641,136.0349,330.6,1,1,2014-09-19,0442,Aqua,MODIS,67,6.2,311.8,13,D,0
-12.9894,134.9614,333.6,1,1,2014-09-19,0442,Aqua,MODIS,70,6.2,308.5,16.1,D,0
-12.8738,135.7031,337.3,1,1,2014-09-19,0442,Aqua,MODIS,52,6.2,314.7,17.8,D,0
-12.1927,134.1603,335.1,1,1,2014-09-19,0442,Aqua,MODIS,72,6.2,309.1,21.2,D,0
-14.4733,132.9669,346,1.2,1.1,2014-09-19,0442,Aqua,MODIS,89,6.2,320.6,39.2,D,0
-14.4693,132.9708,336,1.2,1.1,2014-09-19,0442,Aqua,MODIS,76,6.2,320.4,19.1,D,0
-12.1999,134.1669,338.9,1,1,2014-09-19,0442,Aqua,MODIS,75,6.2,312.6,23.9,D,0
-12.2181,134.1696,338.5,1,1,2014-09-19,0442,Aqua,MODIS,65,6.2,316.6,20.7,D,0
-11.5091,132.8552,340.8,1.1,1,2014-09-19,0442,Aqua,MODIS,83,6.2,314.8,27,D,0
-13.4041,141.8327,338.6,2.2,1.4,2014-09-19,0442,Aqua,MODIS,88,6.2,308,87.8,D,0
-12.1278,134.4246,330.4,1,1,2014-09-19,0442,Aqua,MODIS,63,6.2,311.3,14.1,D,0
-12.7793,134.7582,345.3,1,1,2014-09-19,0442,Aqua,MODIS,70,6.2,316.9,32.2,D,0
-12.7806,134.749,342.7,1,1,2014-09-19,0442,Aqua,MODIS,73,6.2,320.1,26,D,0
-12.7742,134.7293,359.4,1,1,2014-09-19,0442,Aqua,MODIS,99,6.2,321.9,60.4,D,0
-12.2671,134.2811,332.4,1,1,2014-09-19,0442,Aqua,MODIS,66,6.2,316.1,10,D,0
-12.8618,135.2069,333.1,1,1,2014-09-19,0442,Aqua,MODIS,62,6.2,313.5,14.7,D,0
-12.8502,135.2239,335.6,1,1,2014-09-19,0442,Aqua,MODIS,56,6.2,316.3,15.8,D,0
-12.2658,134.2904,336.3,1,1,2014-09-19,0442,Aqua,MODIS,79,6.2,318.2,15.4,D,0
-13.4195,134.5224,334.3,1,1,2014-09-19,0442,Aqua,MODIS,76,6.2,316.9,15.3,D,0
-12.6401,132.1823,359.6,1.2,1.1,2014-09-19,0442,Aqua,MODIS,99,6.2,317.5,86.4,D,0
-13.2123,142.7151,330,2.6,1.5,2014-09-19,0442,Aqua,MODIS,54,6.2,295.4,72.9,D,0
-13.1985,142.7125,337.3,2.6,1.5,2014-09-19,0442,Aqua,MODIS,87,6.2,293.2,114.3,D,0
-13.2026,142.6891,328,2.6,1.5,2014-09-19,0442,Aqua,MODIS,68,6.2,292.6,67.4,D,0
-12.9881,134.9706,332.9,1,1,2014-09-19,0442,Aqua,MODIS,68,6.2,310,15.8,D,0
-13.531,135.0985,359.7,1,1,2014-09-19,0442,Aqua,MODIS,99,6.2,318.2,66.8,D,0
-12.2465,133.301,345.6,1.1,1,2014-09-19,0442,Aqua,MODIS,89,6.2,315.7,35.7,D,0
-12.2451,133.3108,359,1.1,1,2014-09-19,0442,Aqua,MODIS,99,6.2,320.6,69.7,D,0
-13.2961,134.545,329.7,1,1,2014-09-19,0442,Aqua,MODIS,32,6.2,315,9.1,D,0
-13.0089,134.9513,344,1,1,2014-09-19,0442,Aqua,MODIS,88,6.2,311.5,32.7,D,0
-13.0394,135.7031,339.1,1,1,2014-09-19,0442,Aqua,MODIS,84,6.2,313.6,22.6,D,0
-13.0381,135.7124,335.2,1,1,2014-09-19,0442,Aqua,MODIS,69,6.2,315.4,16,D,0
-12.4036,136.5742,340.4,1.1,1,2014-09-19,0442,Aqua,MODIS,85,6.2,308.9,32.7,D,0
-13.4007,141.8528,346,2.2,1.4,2014-09-19,0442,Aqua,MODIS,92,6.2,305.6,131.6,D,0
-13.0076,134.9605,362.9,1,1,2014-09-19,0442,Aqua,MODIS,100,6.2,315.9,74.8,D,0
-12.9984,134.9628,332.7,1,1,2014-09-19,0442,Aqua,MODIS,73,6.2,311.9,14.7,D,0
-12.7495,134.9037,334.7,1,1,2014-09-19,0442,Aqua,MODIS,76,6.2,310,16,D,0
-12.8669,135.2358,344.2,1,1,2014-09-19,0442,Aqua,MODIS,75,6.2,320.3,30.3,D,0
-12.8341,135.6593,336.9,1,1,2014-09-19,0442,Aqua,MODIS,68,6.2,315,17.1,D,0
-12.7585,134.905,330.7,1,1,2014-09-19,0442,Aqua,MODIS,68,6.2,309.9,10.7,D,0
-12.2345,133.3194,340,1.1,1,2014-09-19,0442,Aqua,MODIS,83,6.2,319.4,23.3,D,0
-13.3129,134.557,331.7,1,1,2014-09-19,0442,Aqua,MODIS,47,6.2,315.6,11.5,D,0
-12.3982,136.4393,327.1,1.1,1,2014-09-19,0442,Aqua,MODIS,61,6.2,312.8,9.2,D,0
-13.212,135.3314,332.4,1,1,2014-09-19,0442,Aqua,MODIS,75,6.2,314,13.8,D,0
-13.5297,135.1077,344.2,1,1,2014-09-19,0442,Aqua,MODIS,87,6.2,315.7,32.6,D,0
-12.9997,134.9536,333,1,1,2014-09-19,0442,Aqua,MODIS,60,6.2,310.7,14.4,D,0
-12.9971,134.9719,331.3,1,1,2014-09-19,0442,Aqua,MODIS,70,6.2,313.3,13.5,D,0
-12.8304,134.9778,334.8,1,1,2014-09-19,0442,Aqua,MODIS,32,6.2,316.9,14.3,D,0
-12.8291,134.9869,351.2,1,1,2014-09-19,0442,Aqua,MODIS,94,6.2,317.6,44,D,0
-12.833,134.9595,335.9,1,1,2014-09-19,0442,Aqua,MODIS,8,6.2,315.5,15.5,D,0
-12.2118,133.4858,330.8,1.1,1,2014-09-19,0442,Aqua,MODIS,45,6.2,315,8.9,D,0
-12.8253,134.9489,337.5,1,1,2014-09-19,0442,Aqua,MODIS,41,6.2,313.8,16.7,D,0
-12.824,134.9581,339.4,1,1,2014-09-19,0442,Aqua,MODIS,38,6.2,317.2,18.7,D,0
-12.8149,135.0222,350.1,1,1,2014-09-19,0442,Aqua,MODIS,93,6.2,315.7,40.8,D,0
-12.9958,134.9811,334.1,1,1,2014-09-19,0442,Aqua,MODIS,75,6.2,309.7,17.6,D,0
-12.8661,135.6925,335.1,1,1,2014-09-19,0442,Aqua,MODIS,50,6.2,315.6,13.7,D,0
-13.0348,141.8286,326,2.2,1.4,2014-09-19,0442,Aqua,MODIS,28,6.2,303.5,37.2,D,0
-13.0218,141.8262,344.7,2.2,1.4,2014-09-19,0442,Aqua,MODIS,92,6.2,304,127.3,D,0
-13.0346,141.8441,326.8,2.2,1.4,2014-09-19,0442,Aqua,MODIS,51,6.2,303.4,39.7,D,0
-13.0251,141.8215,345.4,2.2,1.4,2014-09-19,0442,Aqua,MODIS,93,6.2,303.9,134.3,D,0
-13.0121,141.8191,348.8,2.2,1.4,2014-09-19,0442,Aqua,MODIS,94,6.2,303.5,159.9,D,0
-12.5053,141.9305,326.8,2.3,1.5,2014-09-19,0442,Aqua,MODIS,72,6.2,293.2,51.3,D,0
-14.4921,133.1223,334.6,1.2,1.1,2014-09-19,0442,Aqua,MODIS,72,6.2,321.4,15.1,D,0
-12.8757,135.2437,344.4,1,1,2014-09-19,0442,Aqua,MODIS,88,6.2,320.4,28.5,D,0
-12.5089,141.9095,328.4,2.3,1.5,2014-09-19,0442,Aqua,MODIS,50,6.2,294.5,57.8,D,0
-12.8073,134.8843,346.8,1,1,2014-09-19,0442,Aqua,MODIS,90,6.2,306.7,40.2,D,0
-12.3908,141.755,332.3,2.3,1.5,2014-09-19,0442,Aqua,MODIS,85,6.2,303.7,68,D,0
-12.3928,141.748,334.5,2.3,1.5,2014-09-19,0442,Aqua,MODIS,81,6.2,303.4,79.7,D,0
-12.3798,141.7457,331.5,2.3,1.5,2014-09-19,0442,Aqua,MODIS,79,6.2,301.5,65.5,D,0
-13.1667,136.2203,324,1,1,2014-09-19,0442,Aqua,MODIS,36,6.2,307.3,8.9,D,0
-12.8771,135.2345,350.1,1,1,2014-09-19,0442,Aqua,MODIS,93,6.2,318.6,39.7,D,0
-12.8137,134.9039,338.9,1,1,2014-09-19,0442,Aqua,MODIS,76,6.2,305.8,23,D,0
-12.806,134.8934,352.7,1,1,2014-09-19,0442,Aqua,MODIS,95,6.2,305.5,49.9,D,0
-13.0576,141.7859,322,2.2,1.4,2014-09-19,0442,Aqua,MODIS,47,6.2,303.5,27.9,D,0
-13.5218,135.1629,330.1,1,1,2014-09-19,0442,Aqua,MODIS,63,6.2,310.6,13.2,D,0
-13.5231,135.1537,327.9,1,1,2014-09-19,0442,Aqua,MODIS,52,6.2,311.2,10.5,D,0
-13.5257,135.1353,326.7,1,1,2014-09-19,0442,Aqua,MODIS,14,6.2,312,8.2,D,0
-13.5205,135.234,334.9,1,1,2014-09-19,0442,Aqua,MODIS,74,6.2,315.3,17.3,D,0
-13.5435,135.2656,362.8,1,1,2014-09-19,0442,Aqua,MODIS,100,6.2,318.6,71.9,D,0
-13.5421,135.2748,333.4,1,1,2014-09-19,0442,Aqua,MODIS,41,6.2,316.8,10.9,D,0
-13.5408,135.284,334.7,1,1,2014-09-19,0442,Aqua,MODIS,39,6.2,318.9,11.9,D,0
-13.5218,135.2248,332.1,1,1,2014-09-19,0442,Aqua,MODIS,68,6.2,314.4,13.9,D,0
-13.5141,135.1523,335.7,1,1,2014-09-19,0442,Aqua,MODIS,77,6.2,310.4,20.1,D,0
-13.5271,135.1261,330.1,1,1,2014-09-19,0442,Aqua,MODIS,63,6.2,312.6,13.1,D,0
-13.4552,134.524,341.6,1,1,2014-09-19,0442,Aqua,MODIS,85,6.2,319.3,24.8,D,0
-13.4539,134.5333,333.2,1,1,2014-09-19,0442,Aqua,MODIS,71,6.2,317.4,11.5,D,0
-13.4449,134.532,332.4,1,1,2014-09-19,0442,Aqua,MODIS,68,6.2,317.9,10.5,D,0
-12.2412,133.27,340.3,1.1,1,2014-09-19,0442,Aqua,MODIS,80,6.2,316,26.4,D,0
-12.2425,133.2601,335.6,1.1,1,2014-09-19,0442,Aqua,MODIS,51,6.2,317.4,18.7,D,0
-12.3953,136.5868,327,1.1,1,2014-09-19,0442,Aqua,MODIS,59,6.2,305.9,12.8,D,0
-12.7907,134.8724,366.3,1,1,2014-09-19,0442,Aqua,MODIS,100,6.2,299.7,89.8,D,0
-12.7894,134.8816,343,1,1,2014-09-19,0442,Aqua,MODIS,87,6.2,297.2,33.2,D,0
-12.7868,134.8999,333.8,1,1,2014-09-19,0442,Aqua,MODIS,69,6.2,306.8,14.2,D,0
-12.797,134.8921,347.1,1,1,2014-09-19,0442,Aqua,MODIS,91,6.2,303.8,38.3,D,0
-12.7957,134.9012,336.5,1,1,2014-09-19,0442,Aqua,MODIS,78,6.2,306.2,18.2,D,0
-12.7997,134.8737,374.2,1,1,2014-09-19,0442,Aqua,MODIS,100,6.2,305.7,115.9,D,0
-12.7984,134.8829,368.5,1,1,2014-09-19,0442,Aqua,MODIS,100,6.2,304.5,96.2,D,0
-12.7993,136.4542,324.6,1,1,2014-09-19,0442,Aqua,MODIS,37,6.2,307,11.1,D,0
-12.7979,136.4638,326.3,1,1,2014-09-19,0442,Aqua,MODIS,42,6.2,305.8,13.4,D,0
-13.5388,135.1054,338.8,1,1,2014-09-19,0442,Aqua,MODIS,37,6.2,317.2,17.5,D,0
-12.2372,133.2996,428,1.1,1,2014-09-19,0442,Aqua,MODIS,100,6.2,332.5,496.8,D,0
-12.7729,134.7385,337.6,1,1,2014-09-19,0442,Aqua,MODIS,47,6.2,321,15.6,D,0
-13.0318,135.6925,353.9,1,1,2014-09-19,0442,Aqua,MODIS,96,6.2,315.7,51.3,D,0
-12.9487,135.6261,333,1,1,2014-09-19,0442,Aqua,MODIS,75,6.2,316.7,11.4,D,0
-13.5491,135.0976,344.2,1,1,2014-09-19,0442,Aqua,MODIS,57,6.2,317.6,21.8,D,0
-12.2305,133.2785,332.7,1.1,1,2014-09-19,0442,Aqua,MODIS,25,6.2,314.9,11.6,D,0
-13.5272,135.0604,360.5,1,1,2014-09-19,0442,Aqua,MODIS,100,6.2,315.6,67.1,D,0
-13.4016,141.8375,356.4,2.2,1.4,2014-09-19,0442,Aqua,MODIS,98,6.2,308.2,199.7,D,0
-13.3981,141.8574,336.1,2.2,1.4,2014-09-19,0442,Aqua,MODIS,86,6.2,304.7,76.9,D,0
-13.0063,134.9696,337.2,1,1,2014-09-19,0442,Aqua,MODIS,71,6.2,317.1,18.5,D,0
-11.5953,131.2194,330.8,1.4,1.2,2014-09-19,0442,Aqua,MODIS,64,6.2,311.7,21.9,D,0
-11.5849,131.2179,340.2,1.4,1.2,2014-09-19,0442,Aqua,MODIS,77,6.2,312.8,39.7,D,0
-11.5872,131.2243,345.1,1.4,1.2,2014-09-19,0442,Aqua,MODIS,90,6.2,313.2,53.9,D,0
-13.3016,134.1729,349.7,1,1,2014-09-19,0442,Aqua,MODIS,93,6.2,319.7,41.2,D,0
-12.3944,141.7345,336.4,2.3,1.5,2014-09-19,0442,Aqua,MODIS,76,6.2,299.9,89,D,0
-13.3003,134.1823,338,1,1,2014-09-19,0442,Aqua,MODIS,79,6.2,319.2,19.1,D,0
-12.8404,135.6791,338.8,1,1,2014-09-19,0442,Aqua,MODIS,50,6.2,315.9,20.5,D,0
-12.8571,135.6911,346.2,1,1,2014-09-19,0442,Aqua,MODIS,80,6.2,314.4,32,D,0
-11.6177,131.2097,356,1.4,1.2,2014-09-19,0442,Aqua,MODIS,97,6.2,312.8,95.7,D,0
-11.6073,131.2083,389.9,1.4,1.2,2014-09-19,0442,Aqua,MODIS,100,6.2,318.6,288.3,D,0
-11.6089,131.1959,339.3,1.4,1.2,2014-09-19,0442,Aqua,MODIS,85,6.2,311.3,40.3,D,0
-11.6161,131.2222,335.3,1.4,1.2,2014-09-19,0442,Aqua,MODIS,79,6.2,310.2,33.2,D,0
-11.6057,131.2207,336.2,1.4,1.2,2014-09-19,0442,Aqua,MODIS,76,6.2,311.1,33.7,D,0
-13.6021,134.9175,340.8,1,1,2014-09-19,0442,Aqua,MODIS,83,6.2,320.6,21.4,D,0
-13.5285,135.0512,412.9,1,1,2014-09-19,0442,Aqua,MODIS,100,6.2,323.4,319,D,0
-13.5582,135.0332,343.1,1,1,2014-09-19,0442,Aqua,MODIS,46,6.2,314.9,23.9,D,0
-13.5569,135.0424,344.7,1,1,2014-09-19,0442,Aqua,MODIS,63,6.2,315.9,26.6,D,0
-11.5833,131.2303,351.3,1.4,1.2,2014-09-19,0442,Aqua,MODIS,94,6.2,313.7,75.2,D,0
-11.5855,131.2367,334.4,1.4,1.2,2014-09-19,0442,Aqua,MODIS,39,6.2,310.1,27,D,0
-11.5735,131.2476,330.9,1.4,1.2,2014-09-19,0442,Aqua,MODIS,65,6.2,309.6,22,D,0
-11.5752,131.2352,330.4,1.4,1.2,2014-09-19,0442,Aqua,MODIS,58,6.2,311.8,20.1,D,0
-11.5631,131.2462,336.9,1.4,1.2,2014-09-19,0442,Aqua,MODIS,79,6.2,311.6,33.8,D,0
-13.5325,135.0236,345.5,1,1,2014-09-19,0442,Aqua,MODIS,86,6.2,312.4,36.3,D,0
-13.5428,135.0158,372,1,1,2014-09-19,0442,Aqua,MODIS,100,6.2,317.7,105.5,D,0
-13.5441,135.0066,328.6,1,1,2014-09-19,0442,Aqua,MODIS,49,6.2,310.1,11.6,D,0
-13.5415,135.025,343,1,1,2014-09-19,0442,Aqua,MODIS,81,6.2,314.1,30.1,D,0
-13.5362,135.0618,339.2,1,1,2014-09-19,0442,Aqua,MODIS,53,6.2,315.1,20.1,D,0
-13.5388,135.0434,338.5,1,1,2014-09-19,0442,Aqua,MODIS,47,6.2,315.3,20,D,0
-13.5375,135.0526,348.6,1,1,2014-09-19,0442,Aqua,MODIS,70,6.2,315.9,35,D,0
-11.4931,131.1677,347.2,1.4,1.2,2014-09-19,0442,Aqua,MODIS,91,6.2,316.4,60.4,D,0
-11.4948,131.1552,338.3,1.4,1.2,2014-09-19,0442,Aqua,MODIS,73,6.2,319,34.3,D,0
-11.4827,131.1663,356.7,1.4,1.2,2014-09-19,0442,Aqua,MODIS,98,6.2,312.9,95.5,D,0
-13.5196,135.0499,357.1,1,1,2014-09-19,0442,Aqua,MODIS,98,6.2,308.7,60.4,D,0
-11.5423,131.2434,336,1.4,1.2,2014-09-19,0442,Aqua,MODIS,81,6.2,313.6,31.4,D,0
-11.532,131.242,335.1,1.4,1.2,2014-09-19,0442,Aqua,MODIS,77,6.2,313.9,28.2,D,0
-11.5216,131.2405,344.1,1.4,1.2,2014-09-19,0442,Aqua,MODIS,89,6.2,316,50.8,D,0
-13.3912,141.8304,330,2.2,1.4,2014-09-19,0442,Aqua,MODIS,80,6.2,304.1,52.1,D,0
-11.5008,131.2376,335.5,1.4,1.2,2014-09-19,0442,Aqua,MODIS,60,6.2,310.5,27.8,D,0
-11.492,131.2238,365.3,1.4,1.2,2014-09-19,0442,Aqua,MODIS,94,6.2,316.1,128.9,D,0
-11.4936,131.2114,335,1.4,1.2,2014-09-19,0442,Aqua,MODIS,68,6.2,314.9,23.5,D,0
-11.4951,131.2314,345.4,1.4,1.2,2014-09-19,0442,Aqua,MODIS,68,6.2,312.5,58.2,D,0
-11.4968,131.219,336.8,1.4,1.2,2014-09-19,0442,Aqua,MODIS,60,6.2,316.6,34.3,D,0
-11.4848,131.2299,331,1.4,1.2,2014-09-19,0442,Aqua,MODIS,71,6.2,310.5,25.7,D,0
-11.4864,131.2175,348.7,1.4,1.2,2014-09-19,0442,Aqua,MODIS,93,6.2,312.9,70.5,D,0
-13.5298,135.042,388.9,1,1,2014-09-19,0442,Aqua,MODIS,100,6.2,317.6,174.9,D,0
-13.0989,136.0499,327.5,1,1,2014-09-19,0442,Aqua,MODIS,64,6.2,311.5,10.5,D,0
-13.0731,136.0363,338.5,1,1,2014-09-19,0442,Aqua,MODIS,84,6.2,312.1,24.5,D,0
-13.5209,135.0407,341.4,1,1,2014-09-19,0442,Aqua,MODIS,80,6.2,307,29.5,D,0
-13.2662,134.1715,331.5,1,1,2014-09-19,0442,Aqua,MODIS,70,6.2,318.6,9.1,D,0
-13.2675,134.1621,338.7,1,1,2014-09-19,0442,Aqua,MODIS,82,6.2,319.6,20.1,D,0
-13.2909,134.1944,330.4,1,1,2014-09-19,0442,Aqua,MODIS,61,6.2,317.7,8.7,D,0
-12.4021,136.5838,344.3,1.1,1,2014-09-19,0442,Aqua,MODIS,89,6.2,306.2,41,D,0
-13.3879,141.8504,320.6,2.2,1.4,2014-09-19,0442,Aqua,MODIS,34,6.2,303.6,20.6,D,0
-12.1228,134.1974,329.9,1,1,2014-09-19,0442,Aqua,MODIS,33,6.2,316.2,10.6,D,0
-11.4844,131.1538,370.4,1.4,1.2,2014-09-19,0442,Aqua,MODIS,100,6.2,319.2,159.4,D,0
-12.2415,141.8661,330.6,2.3,1.5,2014-09-19,0442,Aqua,MODIS,79,6.2,302.4,66.5,D,0
-13.1273,141.8316,322.7,2.2,1.4,2014-09-19,0442,Aqua,MODIS,62,6.2,304.7,25.6,D,0
-12.3589,141.8703,325.1,2.3,1.5,2014-09-19,0442,Aqua,MODIS,78,6.2,300.2,42.4,D,0
-12.8354,135.6501,338.4,1,1,2014-09-19,0442,Aqua,MODIS,79,6.2,316.1,19.8,D,0
-13.5224,130.9728,339.8,1.5,1.2,2014-09-19,0442,Aqua,MODIS,42,6.2,322.1,31.5,D,0
-12.1945,133.8158,337,1,1,2014-09-19,0442,Aqua,MODIS,79,6.2,303.9,22.8,D,0
-12.3016,133.837,337.3,1,1,2014-09-19,0442,Aqua,MODIS,76,6.2,305.5,25.8,D,0
-13.7917,136.6588,331.7,1,1,2014-09-19,0442,Aqua,MODIS,76,6.2,311.5,16.9,D,0
-13.907,136.6241,353.2,1,1,2014-09-19,0442,Aqua,MODIS,96,6.2,311,58.2,D,0
-13.5668,135.166,342.8,1,1,2014-09-19,0442,Aqua,MODIS,86,6.2,313.6,31.1,D,0
-12.9849,132.3459,336.3,1.2,1.1,2014-09-19,0442,Aqua,MODIS,50,6.2,316.9,17.8,D,0
-13.5682,135.1568,340.5,1,1,2014-09-19,0442,Aqua,MODIS,83,6.2,313.4,26,D,0
-13.5592,135.1554,359.6,1,1,2014-09-19,0442,Aqua,MODIS,99,6.2,315.6,66.7,D,0
-13.5605,135.1462,357.9,1,1,2014-09-19,0442,Aqua,MODIS,98,6.2,314.8,61,D,0
-11.5118,132.835,357.6,1.1,1.1,2014-09-19,0442,Aqua,MODIS,99,6.2,315.6,67.9,D,0
-11.5104,132.8451,364.4,1.1,1.1,2014-09-19,0442,Aqua,MODIS,100,6.2,318,89,D,0
-12.9864,132.3347,340.4,1.2,1.1,2014-09-19,0442,Aqua,MODIS,77,6.2,320.3,25.9,D,0
-14.0203,133.6893,363.5,1.1,1,2014-09-19,0442,Aqua,MODIS,100,6.2,319.6,81.7,D,0
-14.0296,133.6906,397.3,1.1,1,2014-09-19,0442,Aqua,MODIS,100,6.2,327.9,237.7,D,0
-14.0283,133.7005,356.1,1.1,1,2014-09-19,0442,Aqua,MODIS,97,6.2,318.9,58.8,D,0
-12.8009,131.1747,330.3,1.4,1.2,2014-09-19,0442,Aqua,MODIS,47,6.2,315.7,16.9,D,0
-13.1134,132.2269,334.7,1.2,1.1,2014-09-19,0442,Aqua,MODIS,67,6.2,316.7,14.2,D,0
-13.567,135.1003,355.8,1,1,2014-09-19,0442,Aqua,MODIS,97,6.2,315.9,52.5,D,0
-14.0389,133.6919,338.9,1.1,1,2014-09-19,0442,Aqua,MODIS,79,6.2,320.2,18.4,D,0
-14.0376,133.7018,351.7,1.1,1,2014-09-19,0442,Aqua,MODIS,94,6.2,320.8,46.4,D,0
-14.0362,133.7118,343.2,1.1,1,2014-09-19,0442,Aqua,MODIS,73,6.2,317.6,27.5,D,0
-13.5683,135.0911,350.6,1,1,2014-09-19,0442,Aqua,MODIS,93,6.2,315.3,40.2,D,0
-12.3186,135.5344,342.4,1,1,2014-09-19,0442,Aqua,MODIS,86,6.2,315.2,27.4,D,0
-12.9947,132.3472,334.3,1.2,1.1,2014-09-19,0442,Aqua,MODIS,16,6.2,318.5,15.1,D,0
-14.0137,133.668,334.4,1.1,1,2014-09-19,0442,Aqua,MODIS,72,6.2,317.3,16.3,D,0
-14.015,133.658,375.1,1.1,1,2014-09-19,0442,Aqua,MODIS,100,6.2,318.9,126.6,D,0
-14.0163,133.648,375.8,1.1,1,2014-09-19,0442,Aqua,MODIS,100,6.2,322.8,130.5,D,0
-14.0093,133.6504,355.3,1.1,1,2014-09-19,0442,Aqua,MODIS,96,6.2,317.8,58.8,D,0
-14.0106,133.6404,379.5,1.1,1,2014-09-19,0442,Aqua,MODIS,100,6.2,323,147.4,D,0
-13.5333,130.9742,362.2,1.5,1.2,2014-09-19,0442,Aqua,MODIS,100,6.2,320,122.5,D,0
-13.5348,130.9798,339.7,1.5,1.2,2014-09-19,0442,Aqua,MODIS,28,6.2,318.7,33.5,D,0
-13.5606,135.0806,344.1,1,1,2014-09-19,0442,Aqua,MODIS,75,6.2,317.1,25.7,D,0
-12.9962,132.3416,337.3,1.2,1.1,2014-09-19,0442,Aqua,MODIS,47,6.2,320,20.6,D,0
-14.0455,133.7131,347.9,1.1,1,2014-09-19,0442,Aqua,MODIS,90,6.2,320.9,36.2,D,0
-14.0442,133.7231,348.7,1.1,1,2014-09-19,0442,Aqua,MODIS,91,6.2,320.3,38.9,D,0
-14.0521,133.7343,339.7,1.1,1,2014-09-19,0442,Aqua,MODIS,77,6.2,318.6,20.8,D,0
-14.0508,133.7442,347.7,1.1,1,2014-09-19,0442,Aqua,MODIS,90,6.2,320.5,38.3,D,0
-14.0601,133.7456,334.8,1.1,1,2014-09-19,0442,Aqua,MODIS,66,6.2,319.6,13.8,D,0
-14.0587,133.7554,344.7,1.1,1,2014-09-19,0442,Aqua,MODIS,87,6.2,319.5,33.2,D,0
-14.0962,133.69,335.8,1.1,1,2014-09-19,0442,Aqua,MODIS,64,6.2,321.5,12.9,D,0
-14.0948,133.6999,333.5,1.1,1,2014-09-19,0442,Aqua,MODIS,51,6.2,321.1,8.5,D,0
-14.1011,133.6962,347.7,1.1,1,2014-09-19,0442,Aqua,MODIS,90,6.2,321.2,32.9,D,0
-14.0177,133.638,348.4,1.1,1,2014-09-19,0442,Aqua,MODIS,91,6.2,317.6,45.6,D,0
-14.0257,133.6493,357.5,1.1,1,2014-09-19,0442,Aqua,MODIS,98,6.2,318.7,64.6,D,0
-14.0243,133.6593,351.7,1.1,1,2014-09-19,0442,Aqua,MODIS,90,6.2,319.7,45.9,D,0
-14.023,133.6693,352.2,1.1,1,2014-09-19,0442,Aqua,MODIS,94,6.2,318.4,46.8,D,0
-13.9045,130.6687,334.5,1.6,1.2,2014-09-19,0442,Aqua,MODIS,73,6.2,317.7,29,D,0
-13.9157,130.6701,333,1.6,1.2,2014-09-19,0442,Aqua,MODIS,70,6.2,319.5,25,D,0
-14.0216,133.6793,365.6,1.1,1,2014-09-19,0442,Aqua,MODIS,100,6.2,318.9,87.6,D,0
-14.035,133.6507,340.7,1.1,1,2014-09-19,0442,Aqua,MODIS,60,6.2,317.7,23.8,D,0
-13.562,135.0714,340.8,1,1,2014-09-19,0442,Aqua,MODIS,44,6.2,316.2,19.1,D,0
-13.784,136.6478,401.7,1,1,2014-09-19,0442,Aqua,MODIS,94,6.2,317.9,264.7,D,0
-14.0337,133.6606,352.4,1.1,1,2014-09-19,0442,Aqua,MODIS,94,6.2,320.3,47.6,D,0
-14.0323,133.6706,340.1,1.1,1,2014-09-19,0442,Aqua,MODIS,52,6.2,319.2,19.8,D,0
-14.031,133.6806,350.1,1.1,1,2014-09-19,0442,Aqua,MODIS,92,6.2,321.1,40.9,D,0
-11.5318,132.8996,334.8,1.1,1,2014-09-19,0442,Aqua,MODIS,59,6.2,316.3,20.7,D,0
-13.5259,135.0696,352.2,1,1,2014-09-19,0442,Aqua,MODIS,94,6.2,314.7,46.6,D,0
-14.1016,132.3734,341.9,1.2,1.1,2014-09-19,0442,Aqua,MODIS,71,6.2,320.9,31.4,D,0
-13.5323,135.0894,356,1,1,2014-09-19,0442,Aqua,MODIS,97,6.2,317.4,55.6,D,0
-12.2973,135.1035,344.7,1,1,2014-09-19,0442,Aqua,MODIS,89,6.2,315.7,31.8,D,0
-14.0746,133.7778,344.2,1.1,1,2014-09-19,0442,Aqua,MODIS,87,6.2,320.3,30.2,D,0
-14.0839,133.7791,341.3,1.1,1,2014-09-19,0442,Aqua,MODIS,83,6.2,322.8,26.2,D,0
-12.296,135.1126,331.3,1,1,2014-09-19,0442,Aqua,MODIS,42,6.2,311.7,11.8,D,0
-12.3062,135.1049,353,1,1,2014-09-19,0442,Aqua,MODIS,95,6.2,318.2,47.5,D,0
-14.2816,132.3981,344.4,1.3,1.1,2014-09-19,0442,Aqua,MODIS,87,6.2,322,39.5,D,0
-12.1839,136.7721,328.1,1.1,1,2014-09-19,0442,Aqua,MODIS,62,6.2,309.6,16.8,D,0
-13.5343,135.3299,334.7,1,1,2014-09-19,0442,Aqua,MODIS,57,6.2,317.2,15.1,D,0
-13.5356,135.3207,348.1,1,1,2014-09-19,0442,Aqua,MODIS,91,6.2,318.8,36.5,D,0
-14.1277,133.7101,338,1.1,1,2014-09-19,0442,Aqua,MODIS,55,6.2,321.3,14.1,D,0
-12.3049,135.114,350.1,1,1,2014-09-19,0442,Aqua,MODIS,93,6.2,316.5,42,D,0
-12.3191,135.0788,351,1,1,2014-09-19,0442,Aqua,MODIS,94,6.2,313.4,45.7,D,0
-12.3178,135.0879,333.7,1,1,2014-09-19,0442,Aqua,MODIS,42,6.2,315,13.7,D,0
-14.1184,133.7088,341.7,1.1,1,2014-09-19,0442,Aqua,MODIS,62,6.2,320.9,19.7,D,0
-14.5301,133.2033,350.1,1.1,1.1,2014-09-19,0442,Aqua,MODIS,92,6.2,323,47.4,D,0
-14.5286,133.2139,346,1.1,1.1,2014-09-19,0442,Aqua,MODIS,89,6.2,323.7,37.2,D,0
-14.5341,133.1987,336,1.1,1.1,2014-09-19,0442,Aqua,MODIS,72,6.2,320.4,15.2,D,0
-14.5327,133.2093,371.5,1.1,1.1,2014-09-19,0442,Aqua,MODIS,100,6.2,325.6,117.7,D,0
-14.1104,133.6975,341.7,1.1,1,2014-09-19,0442,Aqua,MODIS,73,6.2,322.1,21.5,D,0
-14.1554,132.4276,341.2,1.2,1.1,2014-09-19,0442,Aqua,MODIS,64,6.2,320,30.2,D,0
-13.1149,132.2155,335.3,1.2,1.1,2014-09-19,0442,Aqua,MODIS,68,6.2,317.2,15.9,D,0
-13.6265,134.94,342.9,1,1,2014-09-19,0442,Aqua,MODIS,86,6.2,320,25.2,D,0
-13.7854,136.6383,395.8,1,1,2014-09-19,0442,Aqua,MODIS,75,6.2,312.3,228.8,D,0
-13.5336,135.0802,349,1,1,2014-09-19,0442,Aqua,MODIS,92,6.2,316.9,40,D,0
-13.4119,130.6772,398.8,1.6,1.2,2014-09-19,0442,Aqua,MODIS,100,6.2,321.6,436.3,D,0
-12.434,135.7527,334.4,1,1,2014-09-19,0442,Aqua,MODIS,78,6.2,313.8,17.8,D,0
-13.5653,135.2408,338.6,1,1,2014-09-19,0442,Aqua,MODIS,81,6.2,316.2,22.6,D,0
-13.4101,130.6916,334.3,1.6,1.2,2014-09-19,0442,Aqua,MODIS,55,6.2,315.7,20.4,D,0
-13.4231,130.6786,452.5,1.6,1.2,2014-09-19,0442,Aqua,MODIS,100,6.2,343,1405.7,D,0
-13.4212,130.6931,385.7,1.6,1.2,2014-09-19,0442,Aqua,MODIS,100,6.2,321.5,297.4,D,0
-13.7826,136.6574,351.1,1,1,2014-09-19,0442,Aqua,MODIS,94,6.2,311.5,52.1,D,0
-13.5498,135.2853,349.1,1,1,2014-09-19,0442,Aqua,MODIS,86,6.2,316.1,37.3,D,0
-13.5511,135.2762,369.4,1,1,2014-09-19,0442,Aqua,MODIS,100,6.2,317.8,92.2,D,0
-13.5524,135.267,341.1,1,1,2014-09-19,0442,Aqua,MODIS,75,6.2,315.2,23.6,D,0
-13.5537,135.2578,340.5,1,1,2014-09-19,0442,Aqua,MODIS,83,6.2,314.4,23.7,D,0
-13.4342,130.68,369.2,1.6,1.2,2014-09-19,0442,Aqua,MODIS,100,6.2,320.6,175.1,D,0
-13.5551,135.2486,360.6,1,1,2014-09-19,0442,Aqua,MODIS,100,6.2,317.1,67.9,D,0
-13.5564,135.2394,418.4,1,1,2014-09-19,0442,Aqua,MODIS,100,6.2,326.4,363,D,0
-13.5577,135.2303,442.3,1,1,2014-09-19,0442,Aqua,MODIS,100,6.2,334.4,597.4,D,0
-13.559,135.2211,356.7,1,1,2014-09-19,0442,Aqua,MODIS,97,6.2,312.2,59,D,0
-13.5616,135.2027,334.8,1,1,2014-09-19,0442,Aqua,MODIS,74,6.2,312.3,18.8,D,0
-13.5448,135.2564,364.8,1,1,2014-09-19,0442,Aqua,MODIS,100,6.2,316.7,77.6,D,0
-13.55,135.2197,334.4,1,1,2014-09-19,0442,Aqua,MODIS,65,6.2,310.7,16.2,D,0
-13.5513,135.2106,328.9,1,1,2014-09-19,0442,Aqua,MODIS,42,6.2,309.4,10.3,D,0
-13.9084,136.6145,372.2,1,1,2014-09-19,0442,Aqua,MODIS,100,6.2,312,116.1,D,0
-13.9176,136.616,353.2,1,1,2014-09-19,0442,Aqua,MODIS,96,6.2,311.2,58.7,D,0
-13.9267,136.6174,343.3,1,1,2014-09-19,0442,Aqua,MODIS,89,6.2,312.7,36.9,D,0
-12.1556,133.0419,330.3,1.1,1,2014-09-19,0442,Aqua,MODIS,68,6.2,315.1,7.9,D,0
-12.4353,135.7434,341.4,1,1,2014-09-19,0442,Aqua,MODIS,86,6.2,315.5,28.9,D,0
-14.0481,135.8502,325,1,1,2014-09-19,0442,Aqua,MODIS,49,6.2,311.3,8.4,D,0
-12.7992,131.1878,341.7,1.4,1.2,2014-09-19,0442,Aqua,MODIS,84,6.2,313.2,46.1,D,0
-12.8098,131.1893,334.1,1.4,1.2,2014-09-19,0442,Aqua,MODIS,73,6.2,315.5,26.3,D,0
-13.4324,130.6945,370.3,1.6,1.2,2014-09-19,0442,Aqua,MODIS,100,6.2,323,180.6,D,0
-13.4137,130.6626,458,1.6,1.2,2014-09-19,0442,Aqua,MODIS,100,6.2,333.2,1568.4,D,0
-13.4249,130.6641,415.3,1.6,1.2,2014-09-19,0442,Aqua,MODIS,100,6.2,322.1,661.4,D,0
-14.0891,133.7853,342.4,1.1,1,2014-09-19,0442,Aqua,MODIS,77,6.2,320.5,25.5,D,0
-14.0825,133.7889,335.1,1.1,1,2014-09-19,0442,Aqua,MODIS,74,6.2,319.1,15.7,D,0
-12.1732,135.3313,332,1,1,2014-09-19,0442,Aqua,MODIS,73,6.2,311.4,16.6,D,0
-13.4988,130.9838,349.7,1.5,1.2,2014-09-19,0442,Aqua,MODIS,87,6.2,320.6,68.3,D,0
-11.2542,132.3202,334.7,1.2,1.1,2014-09-19,0443,Aqua,MODIS,78,6.2,313.5,23.1,D,0
-11.2569,132.3272,342.8,1.2,1.1,2014-09-19,0443,Aqua,MODIS,88,6.2,314.9,37.8,D,0
-11.4711,130.3014,339.6,1.6,1.2,2014-09-19,0443,Aqua,MODIS,86,6.2,304.8,57.6,D,0
-11.4804,130.3172,334.6,1.6,1.2,2014-09-19,0443,Aqua,MODIS,81,6.2,305.2,38.3,D,0
-11.5007,130.3347,346.1,1.6,1.2,2014-09-19,0443,Aqua,MODIS,91,6.2,309.3,77.1,D,0
-11.5026,130.3204,336.2,1.6,1.2,2014-09-19,0443,Aqua,MODIS,83,6.2,309.6,42,D,0
-11.4026,130.4736,329.9,1.5,1.2,2014-09-19,0443,Aqua,MODIS,79,6.2,311.2,28.3,D,0
-11.4822,130.303,356.6,1.6,1.2,2014-09-19,0443,Aqua,MODIS,98,6.2,304.3,121.3,D,0
-11.4896,130.3332,349.5,1.6,1.2,2014-09-19,0443,Aqua,MODIS,94,6.2,310.4,87.9,D,0
-11.531,130.2868,372.5,1.6,1.2,2014-09-19,0443,Aqua,MODIS,94,6.2,312.4,207.5,D,0
-11.4915,130.3188,350.9,1.6,1.2,2014-09-19,0443,Aqua,MODIS,94,6.2,308.3,92.1,D,0
-11.5286,130.2945,334.4,1.6,1.2,2014-09-19,0443,Aqua,MODIS,81,6.2,311,33.9,D,0
-11.5328,130.2724,333,1.6,1.2,2014-09-19,0443,Aqua,MODIS,0,6.2,308.3,30.6,D,0
-11.5305,130.28,344.9,1.6,1.2,2014-09-19,0443,Aqua,MODIS,79,6.2,310.6,67.7,D,0
-32.6316,116.2623,309.4,1,1,2014-09-19,0615,Aqua,MODIS,48,6.2,296.2,6.5,D,0
-32.5839,116.5114,314.5,1,1,2014-09-19,0615,Aqua,MODIS,57,6.2,296.8,9.5,D,0
-32.63,116.2732,308.6,1,1,2014-09-19,0615,Aqua,MODIS,22,6.2,293.7,5.7,D,0
-34.7155,117.69,319.5,1.1,1,2014-09-19,0615,Aqua,MODIS,77,6.2,297.6,15.1,D,0
-34.426,117.0654,313.7,1,1,2014-09-19,0615,Aqua,MODIS,70,6.2,298,9.5,D,0
-32.1527,118.8142,317.7,1.3,1.1,2014-09-19,0615,Aqua,MODIS,65,6.2,306.1,9.1,D,0
-33.7545,115.5226,308.9,1,1,2014-09-19,0615,Aqua,MODIS,63,6.2,296.8,5.6,D,0
-33.2882,116.1899,314.2,1,1,2014-09-19,0615,Aqua,MODIS,51,6.2,291.1,10.7,D,0
-33.8457,116.1567,317.1,1,1,2014-09-19,0615,Aqua,MODIS,75,6.2,292.4,13.4,D,0
-33.5758,122.7831,324.1,2,1.4,2014-09-19,0615,Aqua,MODIS,81,6.2,298.4,51.7,D,0
-33.5766,122.7909,324,2,1.4,2014-09-19,0615,Aqua,MODIS,81,6.2,298.7,51.1,D,0
-27.8111,124.6406,343.1,3.7,1.8,2014-09-19,0616,Aqua,MODIS,89,6.2,305.1,242.1,D,0
-31.7142,115.7567,314.5,1,1,2014-09-19,0616,Aqua,MODIS,36,6.2,298.6,6.8,D,0
-27.8048,124.5514,343.1,3.7,1.8,2014-09-19,0616,Aqua,MODIS,89,6.2,312,216.8,D,0
-27.8271,124.6454,336,3.7,1.8,2014-09-19,0616,Aqua,MODIS,82,6.2,304.7,166.9,D,0
-27.8652,124.5823,332.3,3.7,1.8,2014-09-19,0616,Aqua,MODIS,74,6.2,309.5,118.6,D,0
-27.8407,124.6148,351.4,3.7,1.8,2014-09-19,0616,Aqua,MODIS,95,6.2,308.7,346.4,D,0
-27.8596,124.576,333.6,3.7,1.8,2014-09-19,0616,Aqua,MODIS,70,6.2,310.1,124.9,D,0
-27.8354,124.6085,355.1,3.7,1.8,2014-09-19,0616,Aqua,MODIS,97,6.2,310,398.2,D,0
-26.6464,125.7386,323.4,4.7,2,2014-09-19,0616,Aqua,MODIS,42,6.2,308.9,75.4,D,0
-27.8195,124.6037,369.3,3.7,1.8,2014-09-19,0616,Aqua,MODIS,100,6.2,308.1,656.5,D,0
-27.8279,124.5664,344.7,3.7,1.8,2014-09-19,0616,Aqua,MODIS,90,6.2,308.7,237.4,D,0
-27.8036,124.599,334.9,3.7,1.8,2014-09-19,0616,Aqua,MODIS,57,6.2,307,130.2,D,0
-27.8121,124.5616,378.3,3.7,1.8,2014-09-19,0616,Aqua,MODIS,100,6.2,314.2,865.9,D,0
-27.8204,124.525,329.9,3.7,1.8,2014-09-19,0616,Aqua,MODIS,33,6.2,312.3,87.6,D,0
-27.7962,124.5569,337.6,3.7,1.8,2014-09-19,0616,Aqua,MODIS,84,6.2,310.8,157.1,D,0
-27.8046,124.5203,331.9,3.7,1.8,2014-09-19,0616,Aqua,MODIS,74,6.2,310.5,103.2,D,0
-27.8124,124.5936,343.2,3.7,1.8,2014-09-19,0616,Aqua,MODIS,69,6.2,305.9,210,D,0
-27.8206,124.5562,369.5,3.7,1.8,2014-09-19,0616,Aqua,MODIS,100,6.2,314,646.2,D,0
-27.7889,124.5467,327.1,3.7,1.8,2014-09-19,0616,Aqua,MODIS,35,6.2,311,64.6,D,0
-27.8322,124.6514,324.8,3.7,1.8,2014-09-19,0616,Aqua,MODIS,53,6.2,304,76.6,D,0
-22.8344,118.2904,346.7,1.8,1.3,2014-09-19,0618,Aqua,MODIS,90,6.2,317,87.3,D,0
-22.8009,118.0874,348.9,1.7,1.3,2014-09-19,0618,Aqua,MODIS,92,6.2,315.3,85.3,D,0
-22.7379,118.1077,330.8,1.7,1.3,2014-09-19,0618,Aqua,MODIS,42,6.2,314.7,27.3,D,0
-22.8198,118.3049,350.9,1.8,1.3,2014-09-19,0618,Aqua,MODIS,93,6.2,317.7,103.9,D,0
-22.8168,118.3219,360.5,1.8,1.3,2014-09-19,0618,Aqua,MODIS,100,6.2,316.2,156.9,D,0
-22.8374,118.2735,326.6,1.7,1.3,2014-09-19,0618,Aqua,MODIS,23,6.2,314.5,15.1,D,0
-23.0082,119.5801,328.7,2.1,1.4,2014-09-19,0618,Aqua,MODIS,53,6.2,305.5,44,D,0
-22.9915,119.5984,336.2,2.1,1.4,2014-09-19,0618,Aqua,MODIS,70,6.2,311.6,66.6,D,0
-22.9956,119.5771,371.8,2.1,1.4,2014-09-19,0618,Aqua,MODIS,100,6.2,315.5,327.2,D,0
-22.9995,119.5565,344.3,2.1,1.4,2014-09-19,0618,Aqua,MODIS,88,6.2,310,112.1,D,0
-22.9828,119.5746,337.7,2.1,1.4,2014-09-19,0618,Aqua,MODIS,81,6.2,313.3,74.3,D,0
-22.9869,119.5534,327.8,2.1,1.4,2014-09-19,0618,Aqua,MODIS,39,6.2,308.3,34.9,D,0
-22.9935,119.5937,346.2,2.1,1.4,2014-09-19,0618,Aqua,MODIS,90,6.2,312.1,114.5,D,0
-22.9974,119.5723,364,2.1,1.4,2014-09-19,0618,Aqua,MODIS,100,6.2,314.1,249.2,D,0
-22.7143,119.3854,344.6,2.1,1.4,2014-09-19,0618,Aqua,MODIS,87,6.2,317.7,88.2,D,0
-22.9847,119.5697,345.2,2.1,1.4,2014-09-19,0618,Aqua,MODIS,89,6.2,313.4,108.7,D,0
-22.7181,119.3651,339.1,2.1,1.4,2014-09-19,0618,Aqua,MODIS,75,6.2,316.5,63.5,D,0
-22.6942,119.4233,333.8,2.1,1.4,2014-09-19,0618,Aqua,MODIS,70,6.2,317.8,35.8,D,0
-22.698,119.4029,333.8,2.1,1.4,2014-09-19,0618,Aqua,MODIS,76,6.2,318.4,37.9,D,0
-22.7018,119.3826,334.8,2.1,1.4,2014-09-19,0618,Aqua,MODIS,73,6.2,317.8,43.4,D,0
-22.9196,118.3747,364.9,1.8,1.3,2014-09-19,0618,Aqua,MODIS,100,6.2,317,191.2,D,0
-22.9228,118.3578,354.5,1.8,1.3,2014-09-19,0618,Aqua,MODIS,96,6.2,315.8,126.6,D,0
-22.921,118.3858,326.8,1.8,1.3,2014-09-19,0618,Aqua,MODIS,18,6.2,312.1,17.3,D,0
-22.924,118.3688,368.3,1.8,1.3,2014-09-19,0618,Aqua,MODIS,100,6.2,316.4,216.6,D,0
-22.927,118.3519,328.2,1.8,1.3,2014-09-19,0618,Aqua,MODIS,42,6.2,313.6,21.6,D,0
-22.9124,118.3662,341.8,1.8,1.3,2014-09-19,0618,Aqua,MODIS,85,6.2,315.4,66.2,D,0
-22.8314,118.3073,329.9,1.8,1.3,2014-09-19,0618,Aqua,MODIS,40,6.2,316.6,23.3,D,0
-22.8887,118.4308,327,1.8,1.3,2014-09-19,0618,Aqua,MODIS,38,6.2,314.5,16.1,D,0
-22.7896,118.0751,344.9,1.7,1.3,2014-09-19,0618,Aqua,MODIS,88,6.2,317.6,68.6,D,0
-22.801,118.0773,381.9,1.7,1.3,2014-09-19,0618,Aqua,MODIS,100,6.2,318.4,305.9,D,0
-22.877,118.4286,344.6,1.8,1.3,2014-09-19,0618,Aqua,MODIS,88,6.2,317,77,D,0
-22.7981,118.0936,341.1,1.7,1.3,2014-09-19,0618,Aqua,MODIS,84,6.2,315.7,53.1,D,0
-22.8481,118.387,330.3,1.8,1.3,2014-09-19,0618,Aqua,MODIS,48,6.2,315.6,23.2,D,0
-22.834,118.3608,331.7,1.8,1.3,2014-09-19,0618,Aqua,MODIS,48,6.2,315.7,27.2,D,0
-22.8551,118.1064,350.9,1.7,1.3,2014-09-19,0618,Aqua,MODIS,93,6.2,313.5,98,D,0
-22.8284,118.3243,356,1.8,1.3,2014-09-19,0618,Aqua,MODIS,97,6.2,315.8,130.3,D,0
-22.8373,118.3142,332.4,1.8,1.3,2014-09-19,0618,Aqua,MODIS,22,6.2,314.6,25.8,D,0
-22.8342,118.3312,335.9,1.8,1.3,2014-09-19,0618,Aqua,MODIS,41,6.2,313.6,35.6,D,0
-22.8522,118.1228,351.4,1.7,1.3,2014-09-19,0618,Aqua,MODIS,94,6.2,313.7,99.6,D,0
-22.8666,118.1088,327.7,1.7,1.3,2014-09-19,0618,Aqua,MODIS,29,6.2,310,20.2,D,0
-22.9338,119.56,334.9,2.1,1.4,2014-09-19,0618,Aqua,MODIS,77,6.2,316.1,48.2,D,0
-22.9544,119.5207,340.9,2.1,1.4,2014-09-19,0618,Aqua,MODIS,76,6.2,314.2,80.9,D,0
-22.8037,118.0712,351.7,1.7,1.3,2014-09-19,0618,Aqua,MODIS,94,6.2,316.3,98.9,D,0
-22.7894,118.0852,354.5,1.7,1.3,2014-09-19,0618,Aqua,MODIS,96,6.2,317.8,112.8,D,0
-22.9504,119.5416,343,2.1,1.4,2014-09-19,0618,Aqua,MODIS,87,6.2,316.7,89.3,D,0
-22.8228,118.288,341,1.8,1.3,2014-09-19,0618,Aqua,MODIS,84,6.2,315.4,62.2,D,0
-22.7923,118.0689,349.5,1.7,1.3,2014-09-19,0618,Aqua,MODIS,92,6.2,317.4,89.5,D,0
-22.778,118.0825,329.3,1.7,1.3,2014-09-19,0618,Aqua,MODIS,56,6.2,315.9,18.6,D,0
-22.7809,118.0662,328.8,1.7,1.3,2014-09-19,0618,Aqua,MODIS,56,6.2,314.6,18.8,D,0
-21.2076,120.0668,350.9,2.5,1.5,2014-09-19,0618,Aqua,MODIS,94,6.2,312.8,173.1,D,0
-21.2123,120.043,349,2.5,1.5,2014-09-19,0618,Aqua,MODIS,92,6.2,315.5,157.9,D,0
-21.2074,120.0368,342.5,2.5,1.5,2014-09-19,0618,Aqua,MODIS,87,6.2,315.8,108.2,D,0
-21.1938,120.0339,328.7,2.5,1.5,2014-09-19,0618,Aqua,MODIS,63,6.2,315.1,32.5,D,0
-21.1892,120.0577,331.1,2.5,1.5,2014-09-19,0618,Aqua,MODIS,70,6.2,314.8,43.9,D,0
-21.2029,120.0608,364.6,2.5,1.5,2014-09-19,0618,Aqua,MODIS,100,6.2,314.5,307.3,D,0
-21.4727,118.4668,336.3,1.9,1.4,2014-09-19,0618,Aqua,MODIS,78,6.2,318.4,46.1,D,0
-21.4606,118.4643,340.3,1.9,1.4,2014-09-19,0618,Aqua,MODIS,84,6.2,318.8,60.3,D,0
-25.7533,148.9403,306.1,1.9,1.4,2014-09-19,1225,Terra,MODIS,67,6.2,284.9,23.2,N,0
-25.741,148.9388,306.6,1.9,1.4,2014-09-19,1225,Terra,MODIS,69,6.2,284.4,24.3,N,0
-26.3194,149.1293,311.9,1.9,1.3,2014-09-19,1225,Terra,MODIS,84,6.2,283.6,33.9,N,0
-26.3213,149.1102,305,1.9,1.3,2014-09-19,1225,Terra,MODIS,62,6.2,283.3,22.5,N,0
-26.3072,149.1279,320.5,1.9,1.3,2014-09-19,1225,Terra,MODIS,100,6.2,284.7,52.6,N,0
-26.3091,149.1087,307.8,1.9,1.3,2014-09-19,1225,Terra,MODIS,72,6.2,284.1,26.8,N,0
-26.6125,152.5829,300.7,1.2,1.1,2014-09-19,1225,Terra,MODIS,32,6.2,284.8,8,N,0
-25.6496,146.0444,316.8,3.1,1.7,2014-09-19,1225,Terra,MODIS,94,6.2,286.7,86.8,N,0
-25.6515,146.0392,309.3,3.1,1.7,2014-09-19,1225,Terra,MODIS,77,6.2,286.2,60.6,N,0
-25.6363,146.0378,315.7,3.1,1.7,2014-09-19,1225,Terra,MODIS,92,6.2,286.2,83,N,0
-26.5141,150.0012,309.5,1.7,1.3,2014-09-19,1225,Terra,MODIS,77,6.2,285.3,25.1,N,0
-24.5677,151.2028,305.1,1.3,1.1,2014-09-19,1225,Terra,MODIS,63,6.2,287.4,11.8,N,0
-24.4699,151.7591,303.3,1.2,1.1,2014-09-19,1225,Terra,MODIS,54,6.2,288.1,9.3,N,0
-25.899,150.9246,303.5,1.4,1.2,2014-09-19,1225,Terra,MODIS,55,6.2,283.3,13.7,N,0
-24.4289,151.7591,308.3,1.2,1.1,2014-09-19,1226,Terra,MODIS,74,6.2,288.9,13.2,N,0
-24.4304,151.7472,306.6,1.2,1.1,2014-09-19,1226,Terra,MODIS,68,6.2,288.7,11.4,N,0
-24.2753,151.4389,308.4,1.3,1.1,2014-09-19,1226,Terra,MODIS,74,6.2,288.2,13.5,N,0
-19.4792,146.9753,303.1,2.2,1.4,2014-09-19,1227,Terra,MODIS,53,6.2,288.1,19.6,N,0
-13.0735,141.9076,310.8,4.3,1.9,2014-09-19,1229,Terra,MODIS,10,6.2,272.4,82.3,N,0
-13.0716,141.9029,308,4.3,1.9,2014-09-19,1229,Terra,MODIS,29,6.2,271.6,73,N,0
-13.028,141.8167,322.4,4.4,1.9,2014-09-19,1229,Terra,MODIS,100,6.2,275.5,181.5,N,0
-13.0267,141.8094,324.2,4.4,1.9,2014-09-19,1229,Terra,MODIS,100,6.2,277.1,199.3,N,0
-27.8051,124.4927,305.7,2,1.4,2014-09-19,1404,Terra,MODIS,51,6.2,292.8,16.6,N,0
-26.0916,125.8995,305.6,1.5,1.2,2014-09-19,1404,Terra,MODIS,65,6.2,292.9,10.7,N,0
-23.0165,119.5843,323.9,3.8,1.8,2014-09-19,1405,Terra,MODIS,100,6.2,295.5,142.6,N,0
-22.8152,118.3449,301.3,4.7,2,2014-09-19,1405,Terra,MODIS,39,6.2,287.7,46.7,N,0
-22.9999,119.5835,317.4,3.8,1.8,2014-09-19,1405,Terra,MODIS,95,6.2,293.9,99.8,N,0
-22.9923,119.5503,304.2,3.8,1.8,2014-09-19,1405,Terra,MODIS,33,6.2,292.8,33.1,N,0
-23.0031,119.5465,304.5,3.8,1.8,2014-09-19,1405,Terra,MODIS,5,6.2,292.8,31.9,N,0
-23.0088,119.552,307.2,3.8,1.8,2014-09-19,1405,Terra,MODIS,56,6.2,293.3,44.8,N,0
-23.0059,119.5887,328.2,3.8,1.8,2014-09-19,1405,Terra,MODIS,100,6.2,295,179,N,0
-23.0225,119.5893,311.8,3.8,1.8,2014-09-19,1405,Terra,MODIS,62,6.2,294.9,66.2,N,0
-22.8187,118.2989,303.1,4.7,2,2014-09-19,1405,Terra,MODIS,53,6.2,287.7,56.2,N,0
-22.8169,118.3056,304.5,4.7,2,2014-09-19,1405,Terra,MODIS,60,6.2,287.9,63.4,N,0
-20.2666,128.293,309.6,1,1,2014-09-19,1405,Terra,MODIS,78,6.2,293.9,9.6,N,0
-20.2679,128.2833,325.3,1,1,2014-09-19,1405,Terra,MODIS,100,6.2,294.8,24.1,N,0
-20.2196,128.3647,303.2,1,1,2014-09-19,1405,Terra,MODIS,54,6.2,292.2,5.5,N,0
-20.1484,128.4166,307.5,1,1,2014-09-19,1405,Terra,MODIS,72,6.2,291.9,8.3,N,0
-17.5071,138.4469,314.2,3.8,1.8,2014-09-19,1406,Terra,MODIS,89,6.2,291.7,87.7,N,0
-17.4838,138.4789,311.3,3.8,1.8,2014-09-19,1406,Terra,MODIS,67,6.2,291.3,72.9,N,0
-17.4909,138.4431,317.8,3.8,1.8,2014-09-19,1406,Terra,MODIS,96,6.2,293.1,107.1,N,0
-17.4747,138.4397,310,3.8,1.8,2014-09-19,1406,Terra,MODIS,79,6.2,291.3,66.6,N,0
-17.5013,138.4386,314.1,3.8,1.8,2014-09-19,1406,Terra,MODIS,89,6.2,292.4,87.5,N,0
-17.4781,138.4707,320.3,3.8,1.8,2014-09-19,1406,Terra,MODIS,100,6.2,292.3,128.1,N,0
-17.4851,138.435,314.6,3.8,1.8,2014-09-19,1406,Terra,MODIS,89,6.2,292.1,88.7,N,0
-17.4689,138.4314,300.7,3.8,1.8,2014-09-19,1406,Terra,MODIS,31,6.2,290.6,30,N,0
-17.2554,138.5291,316.5,3.9,1.8,2014-09-19,1406,Terra,MODIS,93,6.2,291.3,102.6,N,0
-17.2627,138.493,341.9,3.9,1.8,2014-09-19,1406,Terra,MODIS,100,6.2,294.2,330.7,N,0
-17.2505,138.5211,310.8,3.9,1.8,2014-09-19,1406,Terra,MODIS,79,6.2,291.1,71.7,N,0
-17.2576,138.4849,330.6,3.9,1.8,2014-09-19,1406,Terra,MODIS,100,6.2,292.9,210.5,N,0
-17.2086,138.4742,312.9,3.9,1.8,2014-09-19,1406,Terra,MODIS,86,6.2,291.1,87.7,N,0
-17.2158,138.4382,306.9,3.8,1.8,2014-09-19,1406,Terra,MODIS,70,6.2,289.9,56.4,N,0
-17.2196,138.4714,302.2,3.9,1.8,2014-09-19,1406,Terra,MODIS,34,6.2,290.7,36.2,N,0
-17.2033,138.4678,313.2,3.9,1.8,2014-09-19,1406,Terra,MODIS,86,6.2,290.7,88.5,N,0
-17.4069,138.2349,307.6,3.7,1.8,2014-09-19,1406,Terra,MODIS,56,6.2,294,48,N,0
-17.4159,138.2314,304.7,3.7,1.8,2014-09-19,1406,Terra,MODIS,40,6.2,293.9,38.1,N,0
-17.1495,132.2883,314.5,1.4,1.2,2014-09-19,1406,Terra,MODIS,89,6.2,293.5,20.5,N,0
-16.5941,132.7238,321.9,1.5,1.2,2014-09-19,1406,Terra,MODIS,100,6.2,295.9,32.5,N,0
-16.5965,132.7097,328,1.5,1.2,2014-09-19,1406,Terra,MODIS,100,6.2,297.2,44.2,N,0
-16.5809,132.7358,342.4,1.5,1.2,2014-09-19,1406,Terra,MODIS,100,6.2,297.3,84.3,N,0
-16.5833,132.7218,330.1,1.5,1.2,2014-09-19,1406,Terra,MODIS,100,6.2,295.5,49.1,N,0
-16.5901,132.7318,320.6,1.5,1.2,2014-09-19,1406,Terra,MODIS,100,6.2,295.1,31,N,0
-16.5924,132.7177,329.2,1.5,1.2,2014-09-19,1406,Terra,MODIS,100,6.2,297.3,47.2,N,0
-16.5947,132.7037,319.3,1.5,1.2,2014-09-19,1406,Terra,MODIS,98,6.2,295.8,27.2,N,0
-16.577,132.7439,321,1.5,1.2,2014-09-19,1406,Terra,MODIS,100,6.2,295.9,30.5,N,0
-16.5793,132.7298,339.1,1.5,1.2,2014-09-19,1406,Terra,MODIS,100,6.2,296.8,74,N,0
-16.5661,132.7419,312,1.5,1.2,2014-09-19,1406,Terra,MODIS,40,6.2,294.6,16.1,N,0
-17.2931,132.34,308.6,1.4,1.2,2014-09-19,1406,Terra,MODIS,20,6.2,291.4,12.2,N,0
-16.8288,132.622,301.2,1.5,1.2,2014-09-19,1406,Terra,MODIS,17,6.2,290.7,5.7,N,0
-16.8311,132.6083,303.2,1.5,1.2,2014-09-19,1406,Terra,MODIS,54,6.2,291.2,8.2,N,0
-17.274,138.4885,325.9,3.9,1.8,2014-09-19,1406,Terra,MODIS,100,6.2,293.1,169.1,N,0
-16.6467,132.6759,326.8,1.5,1.2,2014-09-19,1406,Terra,MODIS,100,6.2,296.8,41.4,N,0
-16.649,132.662,330.5,1.5,1.2,2014-09-19,1406,Terra,MODIS,100,6.2,297.1,49.4,N,0
-16.6359,132.6739,319.1,1.5,1.2,2014-09-19,1406,Terra,MODIS,98,6.2,295.9,26.9,N,0
-16.8028,132.6455,304.1,1.5,1.2,2014-09-19,1406,Terra,MODIS,58,6.2,293.1,9,N,0
-16.7701,132.2219,306,1.4,1.2,2014-09-19,1406,Terra,MODIS,66,6.2,292.5,10.4,N,0
-16.5638,132.756,312.9,1.5,1.2,2014-09-19,1406,Terra,MODIS,46,6.2,294.9,17.6,N,0
-16.5506,132.7681,306.5,1.5,1.2,2014-09-19,1406,Terra,MODIS,68,6.2,294.7,10.9,N,0
-16.5529,132.754,306.3,1.5,1.2,2014-09-19,1406,Terra,MODIS,47,6.2,293.6,9.8,N,0
-17.2973,138.5763,313.4,3.9,1.8,2014-09-19,1406,Terra,MODIS,85,6.2,291.4,87,N,0
-17.3046,138.5399,328.9,3.9,1.8,2014-09-19,1406,Terra,MODIS,100,6.2,292.8,195.6,N,0
-17.2882,138.5363,346.7,3.9,1.8,2014-09-19,1406,Terra,MODIS,100,6.2,293,398.1,N,0
-17.2954,138.5001,321,3.9,1.8,2014-09-19,1406,Terra,MODIS,100,6.2,291.7,132.2,N,0
-17.2791,138.4965,309.3,3.9,1.8,2014-09-19,1406,Terra,MODIS,77,6.2,292.4,66.3,N,0
-17.2926,138.5685,323.2,3.9,1.8,2014-09-19,1406,Terra,MODIS,100,6.2,291.9,153.3,N,0
-17.2997,138.532,355.1,3.9,1.8,2014-09-19,1406,Terra,MODIS,100,6.2,294.9,532.1,N,0
-17.2833,138.5284,301.5,3.9,1.8,2014-09-19,1406,Terra,MODIS,31,6.2,291.1,33.3,N,0
-17.2669,138.5247,320.6,3.9,1.8,2014-09-19,1406,Terra,MODIS,100,6.2,292.4,130.8,N,0
-17.5024,125.5678,311,1.2,1.1,2014-09-19,1406,Terra,MODIS,45,6.2,296.6,9.8,N,0
-18.6406,128.7498,340,1,1,2014-09-19,1406,Terra,MODIS,100,6.2,297.9,41.5,N,0
-17.3603,127.3267,310.9,1,1,2014-09-19,1406,Terra,MODIS,64,6.2,281.7,14.1,N,0
-18.642,128.7403,374.2,1,1,2014-09-19,1406,Terra,MODIS,100,6.2,301.9,129.3,N,0
-18.6636,128.8462,307.2,1,1,2014-09-19,1406,Terra,MODIS,35,6.2,294,6.3,N,0
-18.6595,128.8107,307.3,1,1,2014-09-19,1406,Terra,MODIS,54,6.2,293.7,6.3,N,0
-18.6532,128.7904,315.7,1,1,2014-09-19,1406,Terra,MODIS,92,6.2,294.6,11.9,N,0
-20.1083,128.1764,303.5,1,1,2014-09-19,1406,Terra,MODIS,55,6.2,292.6,5.6,N,0
-17.5123,125.5692,307.1,1.2,1.1,2014-09-19,1406,Terra,MODIS,9,6.2,296.8,6.3,N,0
-18.633,128.7389,334.5,1,1,2014-09-19,1406,Terra,MODIS,100,6.2,295.4,33.7,N,0
-17.4826,125.5651,312.1,1.2,1.1,2014-09-19,1406,Terra,MODIS,84,6.2,297,11.1,N,0
-17.4727,125.5638,310.3,1.2,1.1,2014-09-19,1406,Terra,MODIS,62,6.2,297.3,9.3,N,0
-17.3617,127.3171,303.6,1,1,2014-09-19,1406,Terra,MODIS,18,6.2,280.5,9.6,N,0
-17.4925,125.5665,308.4,1.2,1.1,2014-09-19,1406,Terra,MODIS,69,6.2,296.6,7.9,N,0
-17.4628,125.5625,352.6,1.2,1.1,2014-09-19,1406,Terra,MODIS,100,6.2,301.5,88,N,0
-17.4528,125.5619,340.1,1.2,1.1,2014-09-19,1406,Terra,MODIS,100,6.2,298.9,54.7,N,0
-17.451,125.5683,318.5,1.2,1.1,2014-09-19,1406,Terra,MODIS,97,6.2,298,16.9,N,0
-18.6496,128.7512,338.1,1,1,2014-09-19,1406,Terra,MODIS,100,6.2,298.1,38.7,N,0
-17.4526,125.5559,325,1.2,1.1,2014-09-19,1406,Terra,MODIS,100,6.2,297.2,26.6,N,0
-18.6509,128.7418,340,1,1,2014-09-19,1406,Terra,MODIS,100,6.2,299,42.1,N,0
-18.6276,128.7766,322.7,1,1,2014-09-19,1406,Terra,MODIS,100,6.2,294.4,19.4,N,0
-18.6316,128.7483,339.6,1,1,2014-09-19,1406,Terra,MODIS,100,6.2,295.8,41.5,N,0
-18.6289,128.7672,330.1,1,1,2014-09-19,1406,Terra,MODIS,100,6.2,294.6,28,N,0
-17.4642,125.5509,316,1.2,1.1,2014-09-19,1406,Terra,MODIS,92,6.2,296.9,15.7,N,0
-18.6303,128.7578,316.5,1,1,2014-09-19,1406,Terra,MODIS,92,6.2,293.7,13.4,N,0
-18.6456,128.7795,307.2,1,1,2014-09-19,1406,Terra,MODIS,62,6.2,294.7,5.9,N,0
-18.6483,128.7606,320.8,1,1,2014-09-19,1406,Terra,MODIS,100,6.2,296,16.9,N,0
-18.6366,128.7781,321.9,1,1,2014-09-19,1406,Terra,MODIS,100,6.2,296.2,17.9,N,0
-18.6379,128.7686,334.8,1,1,2014-09-19,1406,Terra,MODIS,100,6.2,297.7,33.9,N,0
-18.6393,128.7592,365.9,1,1,2014-09-19,1406,Terra,MODIS,100,6.2,300,101.2,N,0
-17.4543,125.5497,312.3,1.2,1.1,2014-09-19,1406,Terra,MODIS,84,6.2,295.8,11.6,N,0
-16.2705,132.3866,308.5,1.4,1.2,2014-09-19,1406,Terra,MODIS,75,6.2,291.9,14.3,N,0
-16.2693,132.3667,302.1,1.4,1.2,2014-09-19,1406,Terra,MODIS,46,6.2,291.5,8.1,N,0
-16.2727,132.3731,304.5,1.4,1.2,2014-09-19,1406,Terra,MODIS,60,6.2,292.1,10.1,N,0
-16.2672,132.3802,312.6,1.4,1.2,2014-09-19,1406,Terra,MODIS,85,6.2,292.1,19.9,N,0
-13.5715,135.2247,312.9,2.6,1.6,2014-09-19,1407,Terra,MODIS,86,6.2,291.3,49,N,0
-15.1609,133.0887,322.7,1.7,1.3,2014-09-19,1407,Terra,MODIS,89,6.2,294.7,39.9,N,0
-13.5621,135.2286,319.5,2.6,1.6,2014-09-19,1407,Terra,MODIS,99,6.2,291.9,71.6,N,0
-14.2958,132.4028,361.5,1.6,1.2,2014-09-19,1407,Terra,MODIS,100,6.2,300.2,169.6,N,0
-14.2848,132.4008,317.3,1.6,1.2,2014-09-19,1407,Terra,MODIS,95,6.2,295.3,23.9,N,0
-14.2982,132.3882,326,1.6,1.2,2014-09-19,1407,Terra,MODIS,100,6.2,297.1,41.2,N,0
-13.0594,130.2572,305.6,1.2,1.1,2014-09-19,1407,Terra,MODIS,65,6.2,292.7,8.2,N,0
-12.3442,132.3008,303.7,1.7,1.3,2014-09-19,1407,Terra,MODIS,56,6.2,293.4,12,N,0
-14.269,132.4274,308.6,1.6,1.2,2014-09-19,1407,Terra,MODIS,58,6.2,295.8,11.1,N,0
-14.1032,132.3853,306.4,1.6,1.2,2014-09-19,1407,Terra,MODIS,68,6.2,293.3,11.1,N,0
-15.1407,133.0691,315.8,1.7,1.3,2014-09-19,1407,Terra,MODIS,46,6.2,292.7,25.8,N,0
-14.2226,132.4279,307,1.6,1.2,2014-09-19,1407,Terra,MODIS,70,6.2,295.6,11,N,0
-15.0572,134.4509,302.3,2.1,1.4,2014-09-19,1407,Terra,MODIS,19,6.2,292.2,12.2,N,0
-12.7102,135.0096,305.5,2.6,1.6,2014-09-19,1407,Terra,MODIS,65,6.2,289,30.8,N,0
-12.7056,135.0031,304.7,2.6,1.6,2014-09-19,1407,Terra,MODIS,61,6.2,289,29.4,N,0
-14.3515,134.3507,314.9,2.2,1.4,2014-09-19,1407,Terra,MODIS,90,6.2,293.9,40.1,N,0
-14.348,134.3708,304.1,2.2,1.4,2014-09-19,1407,Terra,MODIS,58,6.2,293.6,16.7,N,0
-14.3387,134.3481,324.4,2.2,1.4,2014-09-19,1407,Terra,MODIS,100,6.2,293.7,68.5,N,0
-14.6516,126.5254,322,1,1,2014-09-19,1407,Terra,MODIS,100,6.2,294.5,19.7,N,0
-14.653,126.5158,319.5,1,1,2014-09-19,1407,Terra,MODIS,99,6.2,296.4,17,N,0
-14.7078,126.7164,316.1,1,1,2014-09-19,1407,Terra,MODIS,92,6.2,297.1,13.2,N,0
-14.7091,126.7069,308.2,1,1,2014-09-19,1407,Terra,MODIS,73,6.2,297.3,6.5,N,0
-15.064,134.4115,303.5,2.1,1.4,2014-09-19,1407,Terra,MODIS,45,6.2,293.2,15.6,N,0
-15.0606,134.4312,315.8,2.1,1.4,2014-09-19,1407,Terra,MODIS,92,6.2,293.5,41.9,N,0
-14.7105,126.6973,313.6,1,1,2014-09-19,1407,Terra,MODIS,87,6.2,297.2,10.7,N,0
-16.1061,128.0832,316.1,1,1,2014-09-19,1407,Terra,MODIS,93,6.2,297.2,10.8,N,0
-15.9135,127.9492,311.9,1,1,2014-09-19,1407,Terra,MODIS,84,6.2,299.1,7.2,N,0
-16.0127,128.028,310,1,1,2014-09-19,1407,Terra,MODIS,79,6.2,298.2,6.6,N,0
-15.9175,127.9213,309.8,1,1,2014-09-19,1407,Terra,MODIS,78,6.2,299.2,5.8,N,0
-16.0991,128.0663,306.4,1,1,2014-09-19,1407,Terra,MODIS,68,6.2,296.3,4.3,N,0
-13.4442,130.6145,312,1.2,1.1,2014-09-19,1407,Terra,MODIS,69,6.2,294.5,12.4,N,0
-15.8462,127.5135,305.6,1,1,2014-09-19,1407,Terra,MODIS,29,6.2,287.4,5.5,N,0
-11.5552,131.2562,302.8,1.5,1.2,2014-09-19,1408,Terra,MODIS,51,6.2,292.1,7.5,N,0
-11.4873,131.1717,302.8,1.4,1.2,2014-09-19,1408,Terra,MODIS,52,6.2,292.3,7.6,N,0
-11.4767,131.1699,319,1.4,1.2,2014-09-19,1408,Terra,MODIS,98,6.2,292.7,27.8,N,0
-11.4932,131.2324,307.7,1.4,1.2,2014-09-19,1408,Terra,MODIS,72,6.2,293.7,11.4,N,0
-11.4826,131.2306,310.2,1.4,1.2,2014-09-19,1408,Terra,MODIS,79,6.2,293.1,13.9,N,0
-11.4898,131.226,310.6,1.4,1.2,2014-09-19,1408,Terra,MODIS,81,6.2,293.5,14.4,N,0
-13.0549,141.9344,302.9,2.4,1.5,2014-09-19,1532,Aqua,MODIS,48,6.2,287.7,18.3,N,0
-14.9619,144.9546,305.4,1.3,1.1,2014-09-19,1532,Aqua,MODIS,64,6.2,287.3,11.5,N,0
-13.0453,141.9413,301.2,2.4,1.5,2014-09-19,1532,Aqua,MODIS,27,6.2,287.7,15.2,N,0
-13.1819,142.6606,301.5,2.1,1.4,2014-09-19,1532,Aqua,MODIS,42,6.2,287.3,14.4,N,0
-15.1363,145.0849,301.5,1.3,1.1,2014-09-19,1533,Aqua,MODIS,42,6.2,287.7,7.6,N,0
-16.052,145.1638,302.6,1.2,1.1,2014-09-19,1533,Aqua,MODIS,50,6.2,289.3,8.3,N,0
-16.0052,145.0642,300.4,1.3,1.1,2014-09-19,1533,Aqua,MODIS,18,6.2,289,5.8,N,0
-16.0071,145.076,302,1.3,1.1,2014-09-19,1533,Aqua,MODIS,36,6.2,289.1,6.8,N,0
-18.8374,145.7754,301.3,1.1,1,2014-09-19,1533,Aqua,MODIS,32,6.2,288.4,5.8,N,0
-17.5021,138.4633,300.7,3.5,1.8,2014-09-19,1533,Aqua,MODIS,33,6.2,289.3,31.4,N,0
-17.2036,138.4837,308.7,3.6,1.8,2014-09-19,1533,Aqua,MODIS,58,6.2,289.9,57.5,N,0
-17.2135,138.4771,310,3.6,1.8,2014-09-19,1533,Aqua,MODIS,17,6.2,289.7,58.3,N,0
-25.74,148.9406,301.6,1.2,1.1,2014-09-19,1535,Aqua,MODIS,43,6.2,283.1,9.5,N,0
-25.7498,148.9391,302.6,1.2,1.1,2014-09-19,1535,Aqua,MODIS,50,6.2,283,10.2,N,0
-26.5065,150.0082,300.6,1.4,1.2,2014-09-19,1535,Aqua,MODIS,31,6.2,283.6,11.9,N,0
-26.3117,149.1284,320,1.2,1.1,2014-09-19,1535,Aqua,MODIS,99,6.2,282.8,29.5,N,0
-25.6306,146.0417,305.3,1,1,2014-09-19,1535,Aqua,MODIS,49,6.2,284.5,8.6,N,0
-25.632,146.0517,318.1,1,1,2014-09-19,1535,Aqua,MODIS,96,6.2,286,18.2,N,0
-25.6396,146.0401,303.9,1,1,2014-09-19,1535,Aqua,MODIS,33,6.2,284.9,7.7,N,0
-25.641,146.0501,336.1,1,1,2014-09-19,1535,Aqua,MODIS,100,6.2,288.2,39.5,N,0
-25.6425,146.06,323.4,1,1,2014-09-19,1535,Aqua,MODIS,100,6.2,286.3,23.1,N,0
-24.2769,151.4427,303.8,1.6,1.3,2014-09-19,1535,Aqua,MODIS,44,6.2,287.3,14.7,N,0
-14.6392,126.5192,323.4,1.2,1.1,2014-09-19,1711,Aqua,MODIS,100,6.2,295.7,25.5,N,0
-14.6407,126.5302,321.8,1.2,1.1,2014-09-19,1711,Aqua,MODIS,100,6.2,293.9,24,N,0
-14.649,126.5178,314.2,1.2,1.1,2014-09-19,1711,Aqua,MODIS,89,6.2,295,15.1,N,0
-14.6557,126.4944,306.3,1.2,1.1,2014-09-19,1711,Aqua,MODIS,67,6.2,294.1,8.1,N,0
-14.6572,126.5053,322.3,1.2,1.1,2014-09-19,1711,Aqua,MODIS,100,6.2,294.9,24.7,N,0
-14.6505,126.5288,304.2,1.2,1.1,2014-09-19,1711,Aqua,MODIS,49,6.2,292.3,6.6,N,0
-16.5885,132.7374,304.4,3.5,1.8,2014-09-19,1711,Aqua,MODIS,53,6.2,290.4,39.9,N,0
-16.598,132.7316,307.4,3.5,1.8,2014-09-19,1711,Aqua,MODIS,46,6.2,291.2,49.6,N,0
-14.147,132.446,306.5,3.1,1.7,2014-09-19,1711,Aqua,MODIS,68,6.2,286.5,40.3,N,0
-14.2969,132.4256,308.5,3.1,1.7,2014-09-19,1711,Aqua,MODIS,75,6.2,291.6,39.4,N,0
-14.2666,132.4286,305.3,3.1,1.7,2014-09-19,1711,Aqua,MODIS,9,6.2,289.7,26.4,N,0
-14.2527,132.4351,305.6,3.1,1.7,2014-09-19,1711,Aqua,MODIS,17,6.2,289.6,30.3,N,0
-14.2944,132.4191,310.9,3.1,1.7,2014-09-19,1711,Aqua,MODIS,81,6.2,291.4,46.4,N,0
-14.2697,132.4568,310.1,3.1,1.7,2014-09-19,1711,Aqua,MODIS,55,6.2,291.4,43.3,N,0
-17.5777,125.9461,323.1,1.2,1.1,2014-09-19,1712,Aqua,MODIS,100,6.2,298.3,23.9,N,0
-17.4862,125.576,309.1,1.1,1.1,2014-09-19,1712,Aqua,MODIS,39,6.2,282.9,11.7,N,0
-17.5762,125.9353,315.5,1.2,1.1,2014-09-19,1712,Aqua,MODIS,91,6.2,297.2,14.4,N,0
-17.5033,125.9977,312.8,1.2,1.1,2014-09-19,1712,Aqua,MODIS,86,6.2,296.3,12.8,N,0
-17.1606,132.3107,315.7,3.3,1.7,2014-09-19,1712,Aqua,MODIS,92,6.2,292,81.3,N,0
-17.1638,132.3422,311,3.4,1.7,2014-09-19,1712,Aqua,MODIS,81,6.2,291.4,58.8,N,0
-17.1761,132.3092,322.2,3.3,1.7,2014-09-19,1712,Aqua,MODIS,100,6.2,292.4,115.9,N,0
-17.1794,132.3406,303,3.4,1.7,2014-09-19,1712,Aqua,MODIS,52,6.2,291.1,29.5,N,0
-17.1706,132.3022,320.7,3.3,1.7,2014-09-19,1712,Aqua,MODIS,100,6.2,292.2,106.2,N,0
-17.1736,132.3336,318.8,3.4,1.7,2014-09-19,1712,Aqua,MODIS,97,6.2,292.4,96.1,N,0
-17.2986,132.3208,305.5,3.4,1.7,2014-09-19,1712,Aqua,MODIS,28,6.2,291.2,35.2,N,0
-17.2942,132.3161,302.1,3.4,1.7,2014-09-19,1712,Aqua,MODIS,28,6.2,291.3,26.4,N,0
-17.3098,132.3145,305.5,3.4,1.7,2014-09-19,1712,Aqua,MODIS,46,6.2,291,36.8,N,0
-17.2797,132.2908,305.2,3.3,1.7,2014-09-19,1712,Aqua,MODIS,59,6.2,291,36.5,N,0
-17.2911,132.2845,305.1,3.3,1.7,2014-09-19,1712,Aqua,MODIS,63,6.2,291.2,36.6,N,0
-21.2099,120.0778,306.8,1.1,1.1,2014-09-19,1713,Aqua,MODIS,69,6.2,290.5,10,N,0
-23.0137,119.5778,367.2,1.1,1.1,2014-09-19,1714,Aqua,MODIS,100,6.2,299.7,125.4,N,0
-23.0172,119.5995,323.4,1.1,1.1,2014-09-19,1714,Aqua,MODIS,100,6.2,295.6,23.2,N,0
-23.0112,119.6229,318,1.1,1.1,2014-09-19,1714,Aqua,MODIS,96,6.2,295.7,17.3,N,0
-22.7294,118.126,318.2,1.4,1.2,2014-09-19,1714,Aqua,MODIS,96,6.2,292.2,25.9,N,0
-22.7272,118.113,310.6,1.4,1.2,2014-09-19,1714,Aqua,MODIS,80,6.2,291.9,15.8,N,0
-23.0077,119.6014,317.9,1.1,1.1,2014-09-19,1714,Aqua,MODIS,90,6.2,295.1,16,N,0
-23.0024,119.5688,308.5,1.1,1.1,2014-09-19,1714,Aqua,MODIS,52,6.2,293.4,8.1,N,0
-22.7639,118.0783,306.1,1.4,1.2,2014-09-19,1714,Aqua,MODIS,67,6.2,288.9,11.2,N,0
-23.0119,119.5669,347.7,1.1,1.1,2014-09-19,1714,Aqua,MODIS,100,6.2,295.1,66.8,N,0
-22.8203,118.3474,306.2,1.3,1.1,2014-09-19,1714,Aqua,MODIS,67,6.2,286.9,12.9,N,0
-22.8219,118.2945,300.8,1.3,1.1,2014-09-19,1714,Aqua,MODIS,33,6.2,285.8,8,N,0
-23.0095,119.6121,350.7,1.1,1.1,2014-09-19,1714,Aqua,MODIS,100,6.2,298.6,73.5,N,0
-22.7662,118.0915,309.8,1.4,1.2,2014-09-19,1714,Aqua,MODIS,78,6.2,289.8,15.3,N,0
-22.8182,118.3347,327.6,1.3,1.1,2014-09-19,1714,Aqua,MODIS,100,6.2,288.6,41.4,N,0
-27.8121,124.5044,308.9,1.3,1.1,2014-09-19,1715,Aqua,MODIS,76,6.2,290.4,14.8,N,0
-34.0699,116.7761,316.2,1.1,1,2014-09-19,1717,Aqua,MODIS,93,6.2,283.4,20.5,N,0
-10.1807,142.3282,319.1,1,1,2014-09-20,0056,Terra,MODIS,44,6.2,298.8,8.1,D,0
-10.1793,142.319,319.7,1,1,2014-09-20,0056,Terra,MODIS,59,6.2,299.2,8.6,D,0
-12.7855,142.8481,338.7,1.1,1,2014-09-20,0057,Terra,MODIS,87,6.2,302,31.1,D,0
-12.719,142.1878,333,1,1,2014-09-20,0057,Terra,MODIS,82,6.2,303.7,19.4,D,0
-13.1711,142.7083,328.8,1.1,1,2014-09-20,0057,Terra,MODIS,39,6.2,304.5,13.5,D,0
-13.1831,142.7264,367.8,1.1,1,2014-09-20,0057,Terra,MODIS,100,6.2,307.1,100,D,0
-12.4911,141.9498,331.6,1,1,2014-09-20,0057,Terra,MODIS,80,6.2,309.5,12.1,D,0
-12.3696,142.4453,328,1,1,2014-09-20,0057,Terra,MODIS,51,6.2,306.3,9.6,D,0
-12.2936,142.4915,328.5,1,1,2014-09-20,0057,Terra,MODIS,77,6.2,306.9,10.5,D,0
-13.1702,142.768,326.7,1.1,1,2014-09-20,0057,Terra,MODIS,38,6.2,304.4,8.7,D,0
-12.8776,142.8487,331.8,1.1,1,2014-09-20,0057,Terra,MODIS,81,6.2,303.8,20.1,D,0
-13.0515,141.9431,330,1,1,2014-09-20,0057,Terra,MODIS,79,6.2,306.6,12.9,D,0
-12.8906,142.8072,322.2,1.1,1,2014-09-20,0057,Terra,MODIS,52,6.2,302.1,7.2,D,0
-13.088,141.9413,332.3,1,1,2014-09-20,0057,Terra,MODIS,61,6.2,305.4,18.6,D,0
-12.987,142.9064,332.6,1.1,1,2014-09-20,0057,Terra,MODIS,82,6.2,295.6,24.6,D,0
-12.6864,142.1545,332.3,1,1,2014-09-20,0057,Terra,MODIS,82,6.2,308.3,15.4,D,0
-13.1789,142.6973,331.9,1.1,1,2014-09-20,0057,Terra,MODIS,58,6.2,305.4,16.3,D,0
-13.1906,142.7292,350.8,1.1,1,2014-09-20,0057,Terra,MODIS,95,6.2,308.1,51.2,D,0
-12.3709,142.4547,344.1,1,1,2014-09-20,0057,Terra,MODIS,91,6.2,307.8,35.1,D,0
-12.8933,142.8266,328.8,1.1,1,2014-09-20,0057,Terra,MODIS,77,6.2,299.9,15.4,D,0
-12.6877,142.1638,329.2,1,1,2014-09-20,0057,Terra,MODIS,78,6.2,310,11.1,D,0
-12.728,142.1864,330.9,1,1,2014-09-20,0057,Terra,MODIS,70,6.2,303.4,15.8,D,0
-12.7827,142.8286,341.7,1.1,1,2014-09-20,0057,Terra,MODIS,89,6.2,302.1,36.8,D,0
-13.0843,141.9798,319.9,1,1,2014-09-20,0057,Terra,MODIS,23,6.2,302.7,7,D,0
-12.7749,142.8398,344.8,1.1,1,2014-09-20,0057,Terra,MODIS,91,6.2,302.3,42.9,D,0
-13.1538,142.9202,327.6,1.1,1,2014-09-20,0057,Terra,MODIS,72,6.2,303.5,14.6,D,0
-11.9543,142.6908,342.3,1,1,2014-09-20,0057,Terra,MODIS,90,6.2,301.5,38.9,D,0
-11.9465,142.7016,320,1,1,2014-09-20,0057,Terra,MODIS,35,6.2,298.1,8.3,D,0
-12.7735,142.83,342.7,1.1,1,2014-09-20,0057,Terra,MODIS,90,6.2,302.1,39.6,D,0
-12.8919,142.8169,341.6,1.1,1,2014-09-20,0057,Terra,MODIS,89,6.2,301.5,36.3,D,0
-11.9451,142.6921,326.6,1,1,2014-09-20,0057,Terra,MODIS,63,6.2,301.2,15,D,0
-12.3476,142.4869,326.9,1,1,2014-09-20,0057,Terra,MODIS,47,6.2,302.1,9.1,D,0
-11.7978,142.3086,323.3,1,1,2014-09-20,0057,Terra,MODIS,69,6.2,304.2,7,D,0
-12.6957,141.9638,325,1,1,2014-09-20,0057,Terra,MODIS,60,6.2,307.1,10.7,D,0
-13.0816,141.9612,328.5,1,1,2014-09-20,0057,Terra,MODIS,58,6.2,305,14.5,D,0
-13.1321,142.8331,326.3,1.1,1,2014-09-20,0057,Terra,MODIS,72,6.2,304.9,8.5,D,0
-13.075,141.9776,331.4,1,1,2014-09-20,0057,Terra,MODIS,53,6.2,306.7,17.4,D,0
-12.676,142.1466,335.9,1,1,2014-09-20,0057,Terra,MODIS,83,6.2,308,21.3,D,0
-12.38,142.4534,328.5,1,1,2014-09-20,0057,Terra,MODIS,64,6.2,305,11.8,D,0
-13.1445,142.9216,326.5,1.1,1,2014-09-20,0057,Terra,MODIS,74,6.2,302.7,13.9,D,0
-12.8841,142.8279,326.3,1.1,1,2014-09-20,0057,Terra,MODIS,73,6.2,301.8,12,D,0
-13.0098,142.9333,321.8,1.1,1,2014-09-20,0057,Terra,MODIS,29,6.2,301.3,8.9,D,0
-13.1581,142.7498,338.9,1.1,1,2014-09-20,0057,Terra,MODIS,87,6.2,305.1,26.2,D,0
-12.3554,142.4762,328.8,1,1,2014-09-20,0057,Terra,MODIS,62,6.2,306.6,10.6,D,0
-12.6656,142.1386,323.9,1,1,2014-09-20,0057,Terra,MODIS,58,6.2,304.5,8.9,D,0
-12.5587,141.9715,326.1,1,1,2014-09-20,0057,Terra,MODIS,52,6.2,305,12.4,D,0
-12.3787,142.444,331.7,1,1,2014-09-20,0057,Terra,MODIS,78,6.2,305.5,16.1,D,0
-13.1609,142.7693,328.7,1.1,1,2014-09-20,0057,Terra,MODIS,63,6.2,305.1,11.3,D,0
-12.6747,142.1373,333.3,1,1,2014-09-20,0057,Terra,MODIS,83,6.2,307.6,19.5,D,0
-13.1803,142.707,356.4,1.1,1,2014-09-20,0057,Terra,MODIS,98,6.2,306.4,65.8,D,0
-13.0893,141.9506,328.2,1,1,2014-09-20,0057,Terra,MODIS,40,6.2,303.9,13.6,D,0
-13.1568,142.7401,333.2,1.1,1,2014-09-20,0057,Terra,MODIS,70,6.2,305.1,17.8,D,0
-13.1595,142.7595,333.6,1.1,1,2014-09-20,0057,Terra,MODIS,83,6.2,304.1,17.7,D,0
-11.8791,142.6785,323.5,1,1,2014-09-20,0057,Terra,MODIS,29,6.2,299.6,11.4,D,0
-12.8854,142.8376,332.1,1.1,1,2014-09-20,0057,Terra,MODIS,82,6.2,302.1,20.6,D,0
-12.3645,142.4748,333.6,1,1,2014-09-20,0057,Terra,MODIS,76,6.2,305.6,17.9,D,0
-13.1724,142.9175,324.1,1.1,1,2014-09-20,0057,Terra,MODIS,62,6.2,302.4,10.6,D,0
-13.0112,142.9432,333.1,1.1,1,2014-09-20,0057,Terra,MODIS,83,6.2,301.6,23.5,D,0
-12.8789,142.8585,321.4,1.1,1,2014-09-20,0057,Terra,MODIS,25,6.2,302.5,7.5,D,0
-13.1734,142.6585,333.1,1.1,1,2014-09-20,0057,Terra,MODIS,69,6.2,304.4,19.8,D,0
-12.7841,142.8384,331.4,1.1,1,2014-09-20,0057,Terra,MODIS,81,6.2,301.8,18.8,D,0
-13.0117,143.0137,325.6,1.1,1,2014-09-20,0057,Terra,MODIS,50,6.2,301.5,11.4,D,0
-13.1845,142.7361,341.9,1.1,1,2014-09-20,0057,Terra,MODIS,89,6.2,305.3,32,D,0
-13.1817,142.7167,342.5,1.1,1,2014-09-20,0057,Terra,MODIS,90,6.2,305.9,33.4,D,0
-12.3773,142.4346,327,1,1,2014-09-20,0057,Terra,MODIS,47,6.2,305.3,10.2,D,0
-11.8967,142.6797,328.2,1,1,2014-09-20,0057,Terra,MODIS,78,6.2,298.1,19.7,D,0
-13.1873,142.7556,335.8,1.1,1,2014-09-20,0057,Terra,MODIS,85,6.2,304.3,22.5,D,0
-12.3359,132.3169,324.9,3.4,1.7,2014-09-20,0057,Terra,MODIS,71,6.2,301.5,74.6,D,0
-12.3421,132.3229,324.6,3.4,1.7,2014-09-20,0057,Terra,MODIS,61,6.2,302.5,72.6,D,0
-12.2188,141.8492,332.9,1,1,2014-09-20,0057,Terra,MODIS,82,6.2,304.5,22.4,D,0
-12.2278,141.8479,357.1,1,1,2014-09-20,0057,Terra,MODIS,98,6.2,304.3,68.5,D,0
-12.2291,141.8571,337.7,1,1,2014-09-20,0057,Terra,MODIS,86,6.2,305.6,27.6,D,0
-12.2386,141.8585,344.4,1,1,2014-09-20,0057,Terra,MODIS,91,6.2,306.1,38.2,D,0
-13.0304,141.8611,334.1,1,1,2014-09-20,0057,Terra,MODIS,78,6.2,305.5,20.9,D,0
-13.0381,141.8506,328.6,1,1,2014-09-20,0057,Terra,MODIS,60,6.2,303.6,14.8,D,0
-12.8277,135.6941,320.3,1.9,1.3,2014-09-20,0057,Terra,MODIS,48,6.2,304.3,15.9,D,0
-14.2813,144.2312,324.6,1.3,1.1,2014-09-20,0057,Terra,MODIS,53,6.2,302.4,15.6,D,0
-12.3984,136.5868,323.7,1.6,1.3,2014-09-20,0057,Terra,MODIS,70,6.2,302.5,23.2,D,0
-12.8173,134.9195,338.5,2.1,1.4,2014-09-20,0057,Terra,MODIS,87,6.2,309,82.1,D,0
-12.7865,134.7426,327.7,2.2,1.4,2014-09-20,0057,Terra,MODIS,76,6.2,302.3,46.6,D,0
-13.2009,142.6683,343.6,1.1,1,2014-09-20,0057,Terra,MODIS,91,6.2,306.3,35.1,D,0
-13.2023,142.678,332.8,1.1,1,2014-09-20,0057,Terra,MODIS,82,6.2,306.6,16.3,D,0
-12.8329,135.6873,334.5,1.9,1.3,2014-09-20,0057,Terra,MODIS,83,6.2,305.9,53.7,D,0
-13.8542,143.4771,321.5,1.2,1.1,2014-09-20,0057,Terra,MODIS,42,6.2,304.2,13.3,D,0
-12.8139,134.9003,370.9,2.1,1.4,2014-09-20,0057,Terra,MODIS,100,6.2,312.7,320,D,0
-13.6138,142.0135,323.8,1,1,2014-09-20,0057,Terra,MODIS,51,6.2,304.7,9.6,D,0
-13.2714,141.8733,326.2,1,1,2014-09-20,0057,Terra,MODIS,53,6.2,306.6,8.7,D,0
-12.8306,134.9965,327.1,2.1,1.4,2014-09-20,0057,Terra,MODIS,59,6.2,305.1,37.6,D,0
-12.8273,134.9773,332.9,2.1,1.4,2014-09-20,0057,Terra,MODIS,75,6.2,307.5,57.6,D,0
-12.8181,135.0055,324.6,2.1,1.4,2014-09-20,0057,Terra,MODIS,43,6.2,305.9,23.9,D,0
-13.2533,141.876,350.6,1,1,2014-09-20,0057,Terra,MODIS,95,6.2,309.9,48.4,D,0
-13.2547,141.8853,327.3,1,1,2014-09-20,0057,Terra,MODIS,35,6.2,308.2,9.4,D,0
-13.4723,141.9263,337.8,1,1,2014-09-20,0057,Terra,MODIS,86,6.2,305.2,28.2,D,0
-12.8106,134.8809,355.1,2.1,1.4,2014-09-20,0057,Terra,MODIS,97,6.2,307.4,185.2,D,0
-13.0367,141.8413,337,1,1,2014-09-20,0057,Terra,MODIS,84,6.2,305.7,25.5,D,0
-13.0404,141.8031,336.8,1,1,2014-09-20,0057,Terra,MODIS,85,6.2,304.3,27.2,D,0
-13.0417,141.8123,337,1,1,2014-09-20,0057,Terra,MODIS,85,6.2,305.9,26.9,D,0
-13.043,141.8215,334.5,1,1,2014-09-20,0057,Terra,MODIS,83,6.2,305.4,23,D,0
-13.0444,141.8307,335,1,1,2014-09-20,0057,Terra,MODIS,81,6.2,304.2,23.3,D,0
-12.8072,134.8615,348.6,2.1,1.4,2014-09-20,0057,Terra,MODIS,94,6.2,304.6,144.2,D,0
-12.8233,134.8787,344.3,2.1,1.4,2014-09-20,0057,Terra,MODIS,91,6.2,298.4,119.4,D,0
-13.389,141.8591,328.2,1,1,2014-09-20,0057,Terra,MODIS,54,6.2,304.3,14.4,D,0
-12.83,134.9173,330.2,2.1,1.4,2014-09-20,0057,Terra,MODIS,65,6.2,303.3,50.6,D,0
-12.8266,134.898,366.3,2.1,1.4,2014-09-20,0057,Terra,MODIS,100,6.2,304,279.6,D,0
-13.579,143.0591,332.8,1.1,1,2014-09-20,0057,Terra,MODIS,75,6.2,304.7,22.7,D,0
-13.6021,143.0867,328.8,1.1,1,2014-09-20,0057,Terra,MODIS,54,6.2,305,15,D,0
-12.8396,135.692,329.7,1.9,1.3,2014-09-20,0057,Terra,MODIS,67,6.2,305.9,37.8,D,0
-12.8477,135.7022,322.7,1.9,1.3,2014-09-20,0057,Terra,MODIS,50,6.2,304.4,20.4,D,0
-13.6007,143.0766,340.9,1.1,1,2014-09-20,0057,Terra,MODIS,89,6.2,306.3,36,D,0
-13.5696,143.0604,327,1.1,1,2014-09-20,0057,Terra,MODIS,58,6.2,306.8,13.8,D,0
-13.5804,143.0692,330.9,1.1,1,2014-09-20,0057,Terra,MODIS,65,6.2,307.8,18.3,D,0
-13.402,141.8856,330.7,1,1,2014-09-20,0057,Terra,MODIS,62,6.2,304.8,17,D,0
-13.3903,141.8684,327.4,1,1,2014-09-20,0057,Terra,MODIS,39,6.2,304,13.5,D,0
-11.4829,131.1851,315.6,4.3,1.9,2014-09-20,0057,Terra,MODIS,18,6.2,299.8,49.1,D,0
-13.3876,141.8498,328.4,1,1,2014-09-20,0057,Terra,MODIS,62,6.2,304.3,14.8,D,0
-14.143,143.1499,326.9,1.1,1.1,2014-09-20,0057,Terra,MODIS,51,6.2,307.5,12.9,D,0
-12.2399,141.8677,336.3,1,1,2014-09-20,0057,Terra,MODIS,85,6.2,305.2,24,D,0
-12.2412,141.8769,328.8,1,1,2014-09-20,0057,Terra,MODIS,63,6.2,305.2,14.1,D,0
-12.8248,135.6772,321.5,1.9,1.3,2014-09-20,0057,Terra,MODIS,42,6.2,305.7,16.8,D,0
-12.1623,135.3192,320,2,1.4,2014-09-20,0057,Terra,MODIS,41,6.2,301.6,22.2,D,0
-11.5407,132.9029,315,3.2,1.7,2014-09-20,0057,Terra,MODIS,29,6.2,299.7,29.4,D,0
-12.2975,135.1084,324,2.1,1.4,2014-09-20,0057,Terra,MODIS,64,6.2,306.6,31.9,D,0
-12.7869,142.8579,325.8,1.1,1,2014-09-20,0057,Terra,MODIS,73,6.2,301.3,12.9,D,0
-12.8711,142.8696,331.7,1.1,1,2014-09-20,0057,Terra,MODIS,81,6.2,303.3,20.8,D,0
-12.8697,142.8599,340.5,1.1,1,2014-09-20,0057,Terra,MODIS,89,6.2,304,34.4,D,0
-16.1554,136.775,331.7,1.4,1.2,2014-09-20,0058,Terra,MODIS,75,6.2,311.4,22,D,0
-16.1472,136.7895,334.6,1.4,1.2,2014-09-20,0058,Terra,MODIS,26,6.2,313.3,25.7,D,0
-14.0674,133.7809,326.6,2.5,1.5,2014-09-20,0058,Terra,MODIS,42,6.2,310,36.4,D,0
-16.1517,136.7948,341.9,1.4,1.2,2014-09-20,0058,Terra,MODIS,77,6.2,313.5,45,D,0
-14.0027,133.652,330.4,2.5,1.5,2014-09-20,0058,Terra,MODIS,76,6.2,308.1,65.3,D,0
-15.4721,144.9276,320.9,1.5,1.2,2014-09-20,0058,Terra,MODIS,40,6.2,302.9,13.1,D,0
-15.4703,144.9132,332.4,1.5,1.2,2014-09-20,0058,Terra,MODIS,81,6.2,305.1,38.7,D,0
-15.4595,144.9147,319.4,1.5,1.2,2014-09-20,0058,Terra,MODIS,20,6.2,304.9,12.6,D,0
-15.7473,136.2155,332.8,1.5,1.2,2014-09-20,0058,Terra,MODIS,68,6.2,312.4,30.1,D,0
-15.563,145.0081,324.3,1.5,1.2,2014-09-20,0058,Terra,MODIS,34,6.2,308.2,12.7,D,0
-16.1493,136.8021,334.1,1.4,1.2,2014-09-20,0058,Terra,MODIS,36,6.2,313.6,24.8,D,0
-16.1496,136.7821,340.6,1.4,1.2,2014-09-20,0058,Terra,MODIS,86,6.2,312.3,43.2,D,0
-15.4938,145.0096,327.5,1.5,1.2,2014-09-20,0058,Terra,MODIS,74,6.2,303,25.6,D,0
-15.1718,133.1454,323,2.6,1.6,2014-09-20,0058,Terra,MODIS,26,6.2,306.7,35.1,D,0
-15.1674,133.1213,358.6,2.6,1.6,2014-09-20,0058,Terra,MODIS,99,6.2,307.8,288.3,D,0
-13.565,135.2222,338.6,2,1.4,2014-09-20,0058,Terra,MODIS,86,6.2,306.6,76.4,D,0
-16.1575,136.7876,332,1.4,1.2,2014-09-20,0058,Terra,MODIS,27,6.2,313.7,19.7,D,0
-14.0609,133.7752,329.7,2.5,1.5,2014-09-20,0058,Terra,MODIS,60,6.2,310,49,D,0
-13.568,135.2397,328.5,1.9,1.4,2014-09-20,0058,Terra,MODIS,73,6.2,307.3,37,D,0
-16.1596,136.8003,342.4,1.4,1.2,2014-09-20,0058,Terra,MODIS,87,6.2,314.3,46.1,D,0
-14.0245,133.6955,326.3,2.5,1.5,2014-09-20,0058,Terra,MODIS,42,6.2,309.1,40.3,D,0
-13.5678,135.2148,325.8,2,1.4,2014-09-20,0058,Terra,MODIS,70,6.2,305.2,32.3,D,0
-13.5709,135.2323,332.2,1.9,1.4,2014-09-20,0058,Terra,MODIS,80,6.2,307.3,51.7,D,0
-15.163,133.0973,326.7,2.6,1.6,2014-09-20,0058,Terra,MODIS,39,6.2,305.1,51.4,D,0
-14.0069,133.6753,330.6,2.5,1.5,2014-09-20,0058,Terra,MODIS,78,6.2,308.1,66.1,D,0
-13.9986,133.6286,319.5,2.5,1.5,2014-09-20,0058,Terra,MODIS,48,6.2,307,24.6,D,0
-14.0286,133.7186,328.6,2.5,1.5,2014-09-20,0058,Terra,MODIS,59,6.2,308.1,49.1,D,0
-14.0501,133.7613,327.7,2.5,1.5,2014-09-20,0058,Terra,MODIS,51,6.2,309.5,42.6,D,0
-16.0203,144.3788,327,1.4,1.2,2014-09-20,0058,Terra,MODIS,48,6.2,307.9,21.1,D,0
-14.0109,133.6982,327.6,2.5,1.5,2014-09-20,0058,Terra,MODIS,57,6.2,308.2,49,D,0
-15.1627,133.1282,364.8,2.6,1.6,2014-09-20,0058,Terra,MODIS,100,6.2,310.6,351,D,0
-15.4377,145.0028,331.2,1.5,1.2,2014-09-20,0058,Terra,MODIS,80,6.2,306.7,36.4,D,0
-16.1537,136.8074,354.9,1.4,1.2,2014-09-20,0058,Terra,MODIS,97,6.2,314.8,87.4,D,0
-15.1349,133.1334,328.9,2.6,1.6,2014-09-20,0058,Terra,MODIS,65,6.2,308.4,57.4,D,0
-15.158,133.1479,324.3,2.6,1.6,2014-09-20,0058,Terra,MODIS,24,6.2,307.3,37.3,D,0
-15.1306,133.1093,327.4,2.6,1.6,2014-09-20,0058,Terra,MODIS,60,6.2,308,49.3,D,0
-15.1257,133.1291,330.4,2.6,1.6,2014-09-20,0058,Terra,MODIS,73,6.2,308.3,65.2,D,0
-14.3017,132.4232,322.3,3.1,1.7,2014-09-20,0058,Terra,MODIS,49,6.2,308.1,40,D,0
-14.2573,132.4326,324.2,3.1,1.7,2014-09-20,0058,Terra,MODIS,40,6.2,309.4,45.8,D,0
-14.1181,132.4209,327.2,3.1,1.7,2014-09-20,0058,Terra,MODIS,60,6.2,308.5,64.6,D,0
-14.1163,132.4153,327.7,3.1,1.7,2014-09-20,0058,Terra,MODIS,71,6.2,308.8,70.3,D,0
-15.1535,133.1239,339.4,2.6,1.6,2014-09-20,0058,Terra,MODIS,86,6.2,310.9,120.9,D,0
-15.1584,133.1041,336.9,2.6,1.6,2014-09-20,0058,Terra,MODIS,80,6.2,307.5,100.5,D,0
-14.2587,132.4384,324.9,3.1,1.7,2014-09-20,0058,Terra,MODIS,55,6.2,308.6,50.1,D,0
-14.3102,141.8037,334.7,1,1,2014-09-20,0058,Terra,MODIS,79,6.2,305.1,23.2,D,0
-15.9742,145.189,331.2,1.6,1.2,2014-09-20,0058,Terra,MODIS,81,6.2,298.6,50.3,D,0
-15.5739,145.0068,327.4,1.5,1.2,2014-09-20,0058,Terra,MODIS,64,6.2,307.6,19.9,D,0
-14.3429,141.8372,324.8,1,1,2014-09-20,0058,Terra,MODIS,27,6.2,308.7,7.8,D,0
-14.3318,134.3277,356.5,2.2,1.4,2014-09-20,0058,Terra,MODIS,98,6.2,309.4,202.3,D,0
-14.328,134.3764,331.5,2.2,1.4,2014-09-20,0058,Terra,MODIS,59,6.2,311.5,48.5,D,0
-14.2776,141.7702,334.1,1,1,2014-09-20,0058,Terra,MODIS,74,6.2,303.9,21.6,D,0
-16.0248,145.0445,337.1,1.5,1.2,2014-09-20,0058,Terra,MODIS,78,6.2,301.6,54.9,D,0
-14.3246,134.3567,357.7,2.2,1.4,2014-09-20,0058,Terra,MODIS,98,6.2,311.7,209.4,D,0
-15.1372,145.0814,323.7,1.5,1.2,2014-09-20,0058,Terra,MODIS,70,6.2,301.4,25.5,D,0
-15.1481,145.08,333.7,1.5,1.2,2014-09-20,0058,Terra,MODIS,83,6.2,300.3,45.6,D,0
-14.2763,141.7609,326.1,1,1,2014-09-20,0058,Terra,MODIS,56,6.2,303.8,12.5,D,0
-14.3483,134.3452,339,2.2,1.4,2014-09-20,0058,Terra,MODIS,86,6.2,310.7,88.8,D,0
-15.1682,145.1281,328.4,1.5,1.2,2014-09-20,0058,Terra,MODIS,74,6.2,300.1,33.9,D,0
-15.1861,143.685,326.3,1.2,1.1,2014-09-20,0058,Terra,MODIS,72,6.2,304,18.4,D,0
-15.1354,145.0674,320.5,1.5,1.2,2014-09-20,0058,Terra,MODIS,63,6.2,300.5,19,D,0
-15.7356,136.1453,329,1.5,1.2,2014-09-20,0058,Terra,MODIS,58,6.2,311.9,21,D,0
-14.203,141.826,337.2,1,1,2014-09-20,0058,Terra,MODIS,82,6.2,309.6,24.1,D,0
-14.3731,134.484,324,2.1,1.4,2014-09-20,0058,Terra,MODIS,46,6.2,309.9,23.2,D,0
-14.4003,141.919,321.9,1,1,2014-09-20,0058,Terra,MODIS,40,6.2,307.3,7.6,D,0
-15.1644,145.1203,324.7,1.5,1.2,2014-09-20,0058,Terra,MODIS,47,6.2,300.5,25.1,D,0
-14.2659,141.7529,346.2,1,1,2014-09-20,0058,Terra,MODIS,92,6.2,306.9,43.6,D,0
-14.275,141.7515,321.6,1,1,2014-09-20,0058,Terra,MODIS,44,6.2,303.6,8.3,D,0
-14.3532,141.849,326.7,1,1,2014-09-20,0058,Terra,MODIS,71,6.2,308.5,11.5,D,0
-14.3757,141.9419,346,1,1,2014-09-20,0058,Terra,MODIS,91,6.2,308.7,41.8,D,0
-14.6377,134.4159,325.3,2.1,1.4,2014-09-20,0058,Terra,MODIS,64,6.2,312,26.6,D,0
-14.3355,134.3478,357.1,2.2,1.4,2014-09-20,0058,Terra,MODIS,98,6.2,313.5,201.7,D,0
-15.0785,134.5289,331.4,2.1,1.4,2014-09-20,0058,Terra,MODIS,76,6.2,312.2,41.7,D,0
-14.3519,141.8396,321.2,1,1,2014-09-20,0058,Terra,MODIS,53,6.2,307.1,5.4,D,0
-15.7496,136.2294,327,1.5,1.2,2014-09-20,0058,Terra,MODIS,44,6.2,311.5,17.3,D,0
-14.2569,141.7542,331.9,1,1,2014-09-20,0058,Terra,MODIS,72,6.2,308.4,20.5,D,0
-13.1112,130.7955,320.1,4.3,1.9,2014-09-20,0058,Terra,MODIS,27,6.2,302.3,62.4,D,0
-16.0266,145.0587,333.2,1.5,1.2,2014-09-20,0058,Terra,MODIS,63,6.2,304.4,43.1,D,0
-15.5375,145.069,323.9,1.5,1.2,2014-09-20,0058,Terra,MODIS,30,6.2,307.5,14.4,D,0
-14.3447,134.3252,334.6,2.2,1.4,2014-09-20,0058,Terra,MODIS,82,6.2,308.3,71.5,D,0
-14.3339,134.3341,377.2,2.2,1.4,2014-09-20,0058,Terra,MODIS,100,6.2,313,405.8,D,0
-15.1755,145.0983,336.5,1.5,1.2,2014-09-20,0058,Terra,MODIS,85,6.2,302.6,50.5,D,0
-14.4274,134.4946,323.7,2.1,1.4,2014-09-20,0058,Terra,MODIS,55,6.2,308.4,21.5,D,0
-15.199,145.1086,322.5,1.5,1.2,2014-09-20,0058,Terra,MODIS,44,6.2,302,18.2,D,0
-15.1877,143.6964,335.2,1.2,1.1,2014-09-20,0058,Terra,MODIS,83,6.2,305.3,35,D,0
-14.3324,141.8292,328,1,1,2014-09-20,0058,Terra,MODIS,48,6.2,307.6,11.6,D,0
-14.3468,134.3316,339.3,2.2,1.4,2014-09-20,0058,Terra,MODIS,86,6.2,309,92.1,D,0
-14.3116,141.8131,340.2,1,1,2014-09-20,0058,Terra,MODIS,86,6.2,306.9,30.7,D,0
-15.5721,144.9928,341.5,1.5,1.2,2014-09-20,0058,Terra,MODIS,89,6.2,305.3,59,D,0
-14.3374,134.3543,343.4,2.2,1.4,2014-09-20,0058,Terra,MODIS,90,6.2,312.4,109,D,0
-15.0693,134.5499,355.9,2.1,1.4,2014-09-20,0058,Terra,MODIS,97,6.2,313.1,166,D,0
-15.1662,145.1342,321.4,1.5,1.2,2014-09-20,0058,Terra,MODIS,56,6.2,298.7,20.9,D,0
-16.0064,145.0755,324,1.5,1.2,2014-09-20,0058,Terra,MODIS,60,6.2,301.6,24.2,D,0
-16.0504,145.158,315,1.6,1.2,2014-09-20,0058,Terra,MODIS,41,6.2,297.9,16.3,D,0
-16.1619,136.8577,327.8,1.4,1.2,2014-09-20,0058,Terra,MODIS,66,6.2,311.8,16.5,D,0
-16.1618,136.8129,333.9,1.4,1.2,2014-09-20,0058,Terra,MODIS,62,6.2,314.3,24.5,D,0
-14.6384,134.4219,327.3,2.1,1.4,2014-09-20,0058,Terra,MODIS,71,6.2,311.6,33.4,D,0
-14.3771,141.9514,326.6,1,1,2014-09-20,0058,Terra,MODIS,71,6.2,308.8,11.8,D,0
-14.7717,142.8019,325.6,1.1,1,2014-09-20,0058,Terra,MODIS,29,6.2,307.6,9.5,D,0
-14.2854,143.2021,336,1.1,1.1,2014-09-20,0058,Terra,MODIS,84,6.2,308.8,26.7,D,0
-12.6387,132.6222,327.5,3.2,1.7,2014-09-20,0058,Terra,MODIS,71,6.2,304.3,79,D,0
-14.3201,144.2207,332,1.3,1.1,2014-09-20,0058,Terra,MODIS,0,6.2,304,30.8,D,0
-14.3216,144.232,321.1,1.3,1.1,2014-09-20,0058,Terra,MODIS,42,6.2,301.9,13.2,D,0
-12.6356,132.6167,322.5,3.2,1.7,2014-09-20,0058,Terra,MODIS,65,6.2,303.9,44.3,D,0
-12.6507,132.6138,323,3.2,1.7,2014-09-20,0058,Terra,MODIS,55,6.2,304.1,46.8,D,0
-15.0063,143.7111,334.1,1.2,1.1,2014-09-20,0058,Terra,MODIS,82,6.2,303.6,30.5,D,0
-14.2338,143.1417,329.4,1.1,1.1,2014-09-20,0058,Terra,MODIS,78,6.2,306.4,16,D,0
-14.329,142.1292,340.3,1,1,2014-09-20,0058,Terra,MODIS,88,6.2,308.3,32,D,0
-15.0709,134.4112,330.5,2.1,1.4,2014-09-20,0058,Terra,MODIS,69,6.2,309.5,46.7,D,0
-17.1722,138.4821,331.9,1.1,1,2014-09-20,0058,Terra,MODIS,50,6.2,316.9,14.6,D,0
-14.7879,144.9254,331.1,1.4,1.2,2014-09-20,0058,Terra,MODIS,80,6.2,307.9,28.4,D,0
-15.3163,141.6344,329.3,1,1,2014-09-20,0058,Terra,MODIS,67,6.2,302.9,12.8,D,0
-14.9638,144.956,340.5,1.5,1.2,2014-09-20,0058,Terra,MODIS,88,6.2,301.9,65.7,D,0
-14.3163,143.1447,326.2,1.1,1.1,2014-09-20,0058,Terra,MODIS,36,6.2,306.5,10.9,D,0
-14.3082,143.1564,333.2,1.1,1.1,2014-09-20,0058,Terra,MODIS,81,6.2,308.3,20.5,D,0
-14.3177,143.1551,335.2,1.1,1.1,2014-09-20,0058,Terra,MODIS,84,6.2,306.1,25.5,D,0
-15.1694,143.7107,318.6,1.2,1.1,2014-09-20,0058,Terra,MODIS,19,6.2,305.3,7.8,D,0
-14.3523,142.0966,336.5,1,1,2014-09-20,0058,Terra,MODIS,84,6.2,309.5,24.3,D,0
-14.1996,143.1044,326.1,1.1,1.1,2014-09-20,0058,Terra,MODIS,69,6.2,306.6,10.9,D,0
-14.1981,143.0941,324.4,1.1,1.1,2014-09-20,0058,Terra,MODIS,41,6.2,306.6,9.7,D,0
-14.8003,144.9373,323.7,1.4,1.2,2014-09-20,0058,Terra,MODIS,57,6.2,305,14,D,0
-14.7986,144.9239,336.7,1.4,1.2,2014-09-20,0058,Terra,MODIS,85,6.2,307.2,42.9,D,0
-14.2076,143.0928,329.8,1.1,1.1,2014-09-20,0058,Terra,MODIS,68,6.2,305.1,16.3,D,0
-16.7143,135.6558,328.4,1.6,1.2,2014-09-20,0058,Terra,MODIS,59,6.2,313.7,18.3,D,0
-14.3408,142.147,329.6,1,1,2014-09-20,0058,Terra,MODIS,67,6.2,308.3,15.2,D,0
-15.0093,143.7338,343.1,1.2,1.1,2014-09-20,0058,Terra,MODIS,90,6.2,304.5,50.9,D,0
-15.0078,143.7224,334.6,1.2,1.1,2014-09-20,0058,Terra,MODIS,82,6.2,303.7,31.6,D,0
-15.0525,134.4544,338.5,2.1,1.4,2014-09-20,0058,Terra,MODIS,85,6.2,311,75.9,D,0
-15.0491,134.4351,346.6,2.1,1.4,2014-09-20,0058,Terra,MODIS,92,6.2,310.1,121.3,D,0
-12.6555,132.2059,323.4,3.4,1.7,2014-09-20,0058,Terra,MODIS,57,6.2,304.7,50,D,0
-14.3537,142.1061,324.3,1,1,2014-09-20,0058,Terra,MODIS,48,6.2,307.7,7.3,D,0
-13.5161,135.1572,319.3,2,1.4,2014-09-20,0058,Terra,MODIS,36,6.2,304.7,11.8,D,0
-14.9587,144.9488,332.4,1.5,1.2,2014-09-20,0058,Terra,MODIS,81,6.2,300.7,42,D,0
-14.9621,144.9424,328.4,1.5,1.2,2014-09-20,0058,Terra,MODIS,77,6.2,299.9,33.7,D,0
-15.0108,143.7452,321.5,1.2,1.1,2014-09-20,0058,Terra,MODIS,44,6.2,303.2,10.9,D,0
-15.0617,134.4328,330,2.1,1.4,2014-09-20,0058,Terra,MODIS,76,6.2,311.3,46.7,D,0
-14.839,142.8027,328.6,1.1,1,2014-09-20,0058,Terra,MODIS,53,6.2,310.4,11.7,D,0
-14.7933,142.8195,326.2,1.1,1,2014-09-20,0058,Terra,MODIS,34,6.2,307.5,10,D,0
-14.7825,142.8107,325,1.1,1,2014-09-20,0058,Terra,MODIS,29,6.2,306.2,8.3,D,0
-14.8122,142.8169,332.5,1.1,1,2014-09-20,0058,Terra,MODIS,55,6.2,309.6,18.5,D,0
-12.6538,132.6193,320.2,3.2,1.7,2014-09-20,0058,Terra,MODIS,45,6.2,303.9,37.3,D,0
-14.3395,142.1374,332.2,1,1,2014-09-20,0058,Terra,MODIS,79,6.2,309.1,18.4,D,0
-15.3045,141.6168,374.9,1,1,2014-09-20,0058,Terra,MODIS,100,6.2,310.2,121.1,D,0
-15.3031,141.6074,380.1,1,1,2014-09-20,0058,Terra,MODIS,100,6.2,307.8,142.3,D,0
-14.8027,142.8182,331.2,1.1,1,2014-09-20,0058,Terra,MODIS,33,6.2,309,16.4,D,0
-15.3058,141.6263,327.6,1,1,2014-09-20,0058,Terra,MODIS,40,6.2,304.5,10.6,D,0
-15.0207,143.7438,332.3,1.2,1.1,2014-09-20,0058,Terra,MODIS,80,6.2,305.1,26.5,D,0
-14.8404,142.8129,327,1.1,1,2014-09-20,0058,Terra,MODIS,26,6.2,308.9,10.5,D,0
-15.0222,143.7552,325.9,1.2,1.1,2014-09-20,0058,Terra,MODIS,56,6.2,304.1,15.8,D,0
-14.2243,143.143,327.8,1.1,1.1,2014-09-20,0058,Terra,MODIS,76,6.2,304.6,13.8,D,0
-17.4622,138.4458,332,1.1,1,2014-09-20,0059,Terra,MODIS,63,6.2,315.8,12.8,D,0
-17.4901,138.4412,337.3,1.1,1,2014-09-20,0059,Terra,MODIS,64,6.2,313.9,19.2,D,0
-17.4917,138.4513,340,1.1,1,2014-09-20,0059,Terra,MODIS,63,6.2,314.9,23.6,D,0
-17.4933,138.4613,337.3,1.1,1,2014-09-20,0059,Terra,MODIS,20,6.2,315.5,19.4,D,0
-17.5026,138.4598,337.3,1.1,1,2014-09-20,0059,Terra,MODIS,30,6.2,315.1,20.9,D,0
-17.5133,138.4061,329.9,1.1,1,2014-09-20,0059,Terra,MODIS,25,6.2,316.8,9.7,D,0
-17.1936,138.3743,333.6,1.1,1,2014-09-20,0059,Terra,MODIS,77,6.2,313.7,16.7,D,0
-17.2137,138.3184,342.5,1.1,1,2014-09-20,0059,Terra,MODIS,87,6.2,314.1,36.1,D,0
-17.2153,138.3287,349.1,1.1,1,2014-09-20,0059,Terra,MODIS,93,6.2,314.3,50.2,D,0
-17.2247,138.3271,331.1,1.1,1,2014-09-20,0059,Terra,MODIS,63,6.2,314.2,15.9,D,0
-17.4206,138.2438,328.5,1.1,1,2014-09-20,0059,Terra,MODIS,42,6.2,310.3,11.3,D,0
-17.452,138.2596,326.7,1.1,1,2014-09-20,0059,Terra,MODIS,34,6.2,309.9,11,D,0
-17.4537,138.2699,350,1.1,1,2014-09-20,0059,Terra,MODIS,93,6.2,313,53,D,0
-17.4647,138.2786,338.5,1.1,1,2014-09-20,0059,Terra,MODIS,83,6.2,311.7,28.3,D,0
-17.4742,138.3397,328.1,1.1,1,2014-09-20,0059,Terra,MODIS,47,6.2,313.6,10.7,D,0
-17.4663,138.2887,329.1,1.1,1,2014-09-20,0059,Terra,MODIS,66,6.2,312.2,13.2,D,0
-17.5104,138.3485,341.7,1.1,1,2014-09-20,0059,Terra,MODIS,78,6.2,316.3,30.4,D,0
-17.1624,132.2965,342.3,2.8,1.6,2014-09-20,0059,Terra,MODIS,89,6.2,309.8,151.1,D,0
-17.1766,132.2935,346.4,2.8,1.6,2014-09-20,0059,Terra,MODIS,92,6.2,308.8,181.3,D,0
-17.1814,132.319,331.3,2.7,1.6,2014-09-20,0059,Terra,MODIS,73,6.2,308.8,70,D,0
-17.1908,132.2906,344.3,2.8,1.6,2014-09-20,0059,Terra,MODIS,90,6.2,306.8,164.8,D,0
-17.1955,132.3161,335.1,2.7,1.6,2014-09-20,0059,Terra,MODIS,83,6.2,309.1,93.3,D,0
-17.2049,132.2877,346,2.8,1.6,2014-09-20,0059,Terra,MODIS,92,6.2,306.3,184.4,D,0
-17.2096,132.3131,375.3,2.7,1.6,2014-09-20,0059,Terra,MODIS,100,6.2,311.1,526.2,D,0
-17.2143,132.3386,336,2.7,1.6,2014-09-20,0059,Terra,MODIS,84,6.2,307.8,101.4,D,0
-17.2191,132.2848,319.2,2.8,1.6,2014-09-20,0059,Terra,MODIS,15,6.2,303.9,26.2,D,0
-17.1793,132.287,341.7,2.8,1.6,2014-09-20,0059,Terra,MODIS,89,6.2,307.9,144.6,D,0
-17.1843,132.3125,331.8,2.7,1.6,2014-09-20,0059,Terra,MODIS,79,6.2,309,75.1,D,0
-17.1935,132.2842,333,2.8,1.6,2014-09-20,0059,Terra,MODIS,81,6.2,305.3,92.4,D,0
-17.1984,132.3096,339,2.7,1.6,2014-09-20,0059,Terra,MODIS,86,6.2,309.1,123.7,D,0
-17.2033,132.335,327.4,2.7,1.6,2014-09-20,0059,Terra,MODIS,70,6.2,307.4,53.1,D,0
-17.2077,132.2813,335.2,2.8,1.6,2014-09-20,0059,Terra,MODIS,83,6.2,304.8,108.9,D,0
-17.2125,132.3067,370,2.7,1.6,2014-09-20,0059,Terra,MODIS,100,6.2,310.6,449.8,D,0
-17.2174,132.3321,350,2.7,1.6,2014-09-20,0059,Terra,MODIS,94,6.2,308.7,210.8,D,0
-17.2237,132.3103,380.3,2.7,1.6,2014-09-20,0059,Terra,MODIS,100,6.2,309.8,616.9,D,0
-17.2284,132.3357,348.8,2.7,1.6,2014-09-20,0059,Terra,MODIS,93,6.2,308.3,198.8,D,0
-17.2267,132.3039,360.9,2.7,1.6,2014-09-20,0059,Terra,MODIS,100,6.2,307.1,331.3,D,0
-17.2315,132.3293,359.4,2.7,1.6,2014-09-20,0059,Terra,MODIS,99,6.2,308.4,308,D,0
-16.5723,132.7455,328.6,2.6,1.6,2014-09-20,0059,Terra,MODIS,66,6.2,308.6,47.8,D,0
-17.302,132.3149,339.2,2.7,1.6,2014-09-20,0059,Terra,MODIS,87,6.2,308.3,127.4,D,0
-17.3161,132.312,322.9,2.7,1.6,2014-09-20,0059,Terra,MODIS,25,6.2,307.6,37.2,D,0
-17.3048,132.3073,334.5,2.7,1.6,2014-09-20,0059,Terra,MODIS,82,6.2,307.3,97.5,D,0
-17.366,132.3212,326.6,2.7,1.6,2014-09-20,0059,Terra,MODIS,24,6.2,307.1,53.4,D,0
-17.3801,132.3183,330.2,2.7,1.6,2014-09-20,0059,Terra,MODIS,44,6.2,306.9,71.6,D,0
-17.3694,132.3144,327.7,2.7,1.6,2014-09-20,0059,Terra,MODIS,26,6.2,307.2,59.4,D,0
-17.3834,132.3115,337.5,2.7,1.6,2014-09-20,0059,Terra,MODIS,85,6.2,306.6,120.3,D,0
-16.8126,132.6589,319.3,2.6,1.6,2014-09-20,0059,Terra,MODIS,12,6.2,304.2,26.9,D,0
-16.8168,132.6513,324.3,2.6,1.6,2014-09-20,0059,Terra,MODIS,64,6.2,304.3,47.5,D,0
-17.3472,132.2987,331.5,2.7,1.6,2014-09-20,0059,Terra,MODIS,50,6.2,306.3,77.7,D,0
-17.2926,132.4213,320.2,2.7,1.6,2014-09-20,0059,Terra,MODIS,33,6.2,306.4,25.6,D,0
-17.296,132.4135,323.7,2.7,1.6,2014-09-20,0059,Terra,MODIS,44,6.2,307.1,39.3,D,0
-16.6417,132.7317,336,2.6,1.6,2014-09-20,0059,Terra,MODIS,75,6.2,305.6,91.7,D,0
-16.646,132.7239,330.4,2.6,1.6,2014-09-20,0059,Terra,MODIS,48,6.2,306.1,61.6,D,0
-16.6692,132.6939,331.6,2.6,1.6,2014-09-20,0059,Terra,MODIS,65,6.2,307.3,72.4,D,0
-16.6737,132.7183,334.6,2.6,1.6,2014-09-20,0059,Terra,MODIS,74,6.2,305.8,90.8,D,0
-16.6831,132.6911,348.5,2.6,1.6,2014-09-20,0059,Terra,MODIS,93,6.2,305.8,192.2,D,0
-16.6876,132.7155,336.8,2.6,1.6,2014-09-20,0059,Terra,MODIS,84,6.2,304.6,108.5,D,0
-17.5118,138.396,331.6,1.1,1,2014-09-20,0059,Terra,MODIS,36,6.2,316.5,11.4,D,0
-16.7247,132.6827,320,2.6,1.6,2014-09-20,0059,Terra,MODIS,33,6.2,303.7,28.8,D,0
-16.7292,132.6755,320.1,2.6,1.6,2014-09-20,0059,Terra,MODIS,34,6.2,304.1,30,D,0
-17.3843,138.4756,343.5,1.1,1,2014-09-20,0059,Terra,MODIS,88,6.2,318,32,D,0
-17.3858,138.4857,349,1.1,1,2014-09-20,0059,Terra,MODIS,93,6.2,319.1,45.3,D,0
-17.3951,138.4842,338.2,1.1,1,2014-09-20,0059,Terra,MODIS,83,6.2,316.5,24.2,D,0
-16.8302,135.4582,326.3,1.6,1.3,2014-09-20,0059,Terra,MODIS,56,6.2,312.8,17,D,0
-16.7248,135.5157,330.6,1.6,1.3,2014-09-20,0059,Terra,MODIS,65,6.2,315.1,26.7,D,0
-16.7334,135.4986,351.6,1.6,1.3,2014-09-20,0059,Terra,MODIS,95,6.2,313.4,100.2,D,0
-16.736,135.5137,364.9,1.6,1.3,2014-09-20,0059,Terra,MODIS,100,6.2,316,169.7,D,0
-16.5442,132.782,329.7,2.6,1.6,2014-09-20,0059,Terra,MODIS,59,6.2,309.7,58.8,D,0
-16.5581,132.7793,364.4,2.6,1.6,2014-09-20,0059,Terra,MODIS,100,6.2,311.4,341,D,0
-16.5624,132.8033,339.5,2.6,1.5,2014-09-20,0059,Terra,MODIS,86,6.2,308.3,120.7,D,0
-16.5676,132.7523,338.6,2.6,1.6,2014-09-20,0059,Terra,MODIS,86,6.2,308.8,99.6,D,0
-16.5719,132.7764,367.8,2.6,1.6,2014-09-20,0059,Terra,MODIS,100,6.2,309.4,383,D,0
-16.5762,132.8005,325.9,2.6,1.5,2014-09-20,0059,Terra,MODIS,40,6.2,306.4,46.6,D,0
-16.5492,132.7752,333.1,2.6,1.6,2014-09-20,0059,Terra,MODIS,76,6.2,310.3,77.9,D,0
-16.5537,132.7993,328.9,2.6,1.5,2014-09-20,0059,Terra,MODIS,62,6.2,308.9,60.8,D,0
-16.563,132.7724,355.8,2.6,1.6,2014-09-20,0059,Terra,MODIS,97,6.2,310.4,248,D,0
-16.5675,132.7965,350.3,2.6,1.5,2014-09-20,0059,Terra,MODIS,94,6.2,308.7,201.9,D,0
-16.5768,132.7696,367.1,2.6,1.6,2014-09-20,0059,Terra,MODIS,100,6.2,308.1,376.3,D,0
-16.5813,132.7937,331.2,2.6,1.5,2014-09-20,0059,Terra,MODIS,74,6.2,306.4,74.1,D,0
-16.8414,135.4562,344.8,1.6,1.3,2014-09-20,0059,Terra,MODIS,90,6.2,313.1,71.5,D,0
-16.84,135.4506,334.5,1.6,1.3,2014-09-20,0059,Terra,MODIS,80,6.2,313.7,36.3,D,0
-16.8738,135.4446,327.6,1.6,1.3,2014-09-20,0059,Terra,MODIS,54,6.2,313.8,18.6,D,0
-16.8764,135.4596,350.2,1.6,1.3,2014-09-20,0059,Terra,MODIS,94,6.2,313.4,95.6,D,0
-17.4468,138.1652,330.6,1.1,1.1,2014-09-20,0059,Terra,MODIS,72,6.2,310.1,18.1,D,0
-17.094,132.4229,330.5,2.7,1.6,2014-09-20,0059,Terra,MODIS,63,6.2,308.6,63.4,D,0
-17.2768,138.5614,344.4,1.1,1,2014-09-20,0059,Terra,MODIS,84,6.2,315.7,33.5,D,0
-17.2784,138.5715,350.8,1.1,1,2014-09-20,0059,Terra,MODIS,94,6.2,317.8,48,D,0
-17.28,138.5815,337.1,1.1,1,2014-09-20,0059,Terra,MODIS,19,6.2,317.2,19.6,D,0
-17.2816,138.5915,339.4,1.1,1,2014-09-20,0059,Terra,MODIS,51,6.2,317.2,24.2,D,0
-17.2968,138.5065,329.7,1.1,1,2014-09-20,0059,Terra,MODIS,65,6.2,315.5,12.5,D,0
-17.3156,138.6269,334.4,1.1,1,2014-09-20,0059,Terra,MODIS,34,6.2,314.8,17.3,D,0
-17.3249,138.6253,335.3,1.1,1,2014-09-20,0059,Terra,MODIS,40,6.2,314.3,18.8,D,0
-18.4343,130.4645,333.7,3.5,1.8,2014-09-20,0059,Terra,MODIS,82,6.2,305.7,143.3,D,0
-18.9422,129.9532,323.7,3.8,1.8,2014-09-20,0059,Terra,MODIS,51,6.2,304.9,61.9,D,0
-18.9285,129.9249,321.8,3.8,1.8,2014-09-20,0059,Terra,MODIS,30,6.2,306.9,44.8,D,0
-18.4197,130.4406,321.6,3.6,1.8,2014-09-20,0059,Terra,MODIS,64,6.2,306.6,55.6,D,0
-18.4658,130.4577,339,3.5,1.8,2014-09-20,0059,Terra,MODIS,87,6.2,304.7,197.6,D,0
-18.4277,130.4316,332.4,3.6,1.8,2014-09-20,0059,Terra,MODIS,81,6.2,307.5,135.2,D,0
-18.9357,129.9604,320.4,3.8,1.8,2014-09-20,0059,Terra,MODIS,32,6.2,304.8,40.2,D,0
-18.4419,130.47,334.6,3.5,1.8,2014-09-20,0059,Terra,MODIS,83,6.2,305.2,146.7,D,0
-18.4501,130.4611,346.5,3.5,1.8,2014-09-20,0059,Terra,MODIS,92,6.2,305.9,278.1,D,0
-18.4355,130.4371,347.2,3.6,1.8,2014-09-20,0059,Terra,MODIS,93,6.2,307.6,285.5,D,0
-18.4435,130.4282,335.8,3.6,1.8,2014-09-20,0059,Terra,MODIS,84,6.2,306.1,166.4,D,0
-20.7345,139.4807,323.7,1,1,2014-09-20,0059,Terra,MODIS,48,6.2,310.8,7.3,D,2
-20.2851,128.2909,328.3,4.6,2,2014-09-20,0100,Terra,MODIS,74,6.2,308,118.6,D,0
-20.2683,128.3003,329.5,4.6,2,2014-09-20,0100,Terra,MODIS,76,6.2,310.1,121.5,D,0
-20.2857,128.2961,326.8,4.6,2,2014-09-20,0100,Terra,MODIS,58,6.2,308.4,93.2,D,0
-20.2676,128.295,330.8,4.6,2,2014-09-20,0100,Terra,MODIS,78,6.2,309.9,142.2,D,0
-20.1488,128.4333,324.7,4.5,2,2014-09-20,0100,Terra,MODIS,62,6.2,307.9,85.3,D,0
-20.1485,128.428,326.2,4.5,2,2014-09-20,0100,Terra,MODIS,71,6.2,308.2,106.6,D,0
-29.1417,148.6633,327.5,4.1,1.9,2014-09-20,0101,Terra,MODIS,79,6.2,302.2,150.6,D,0
-29.139,148.6703,328.4,4.1,1.9,2014-09-20,0101,Terra,MODIS,80,6.2,302.5,159.8,D,0
-25.6473,146.0546,322.7,2.5,1.5,2014-09-20,0101,Terra,MODIS,72,6.2,306,34.9,D,0
-25.6403,146.0497,321.8,2.5,1.5,2014-09-20,0101,Terra,MODIS,71,6.2,307.4,34,D,0
-28.0089,126.1673,314.4,4.2,1.9,2014-09-20,0102,Terra,MODIS,52,6.2,301.2,45.2,D,0
-28.0187,126.2095,316.8,4.2,1.9,2014-09-20,0102,Terra,MODIS,61,6.2,301.7,60.8,D,0
-28.0201,126.2013,320.3,4.2,1.9,2014-09-20,0102,Terra,MODIS,69,6.2,301.7,88.8,D,0
-34.6192,138.8956,307.1,1.2,1.1,2014-09-20,0103,Terra,MODIS,47,6.2,295.8,6.1,D,0
-14.231,126.6291,318.8,4.3,1.9,2014-09-20,0236,Terra,MODIS,51,6.2,304.3,45.4,D,0
-14.649,126.5174,322.5,4.3,1.9,2014-09-20,0236,Terra,MODIS,67,6.2,306.6,50.3,D,0
-14.6509,126.5102,321.6,4.3,1.9,2014-09-20,0236,Terra,MODIS,60,6.2,306.3,43.9,D,0
-17.0652,122.5881,325.7,2.3,1.5,2014-09-20,0237,Terra,MODIS,42,6.2,306.6,26.1,D,0
-17.0868,122.5414,336.8,2.3,1.5,2014-09-20,0237,Terra,MODIS,83,6.2,307,73.6,D,0
-17.076,122.5647,333.6,2.3,1.5,2014-09-20,0237,Terra,MODIS,80,6.2,308,61.7,D,0
-17.0628,122.5664,343.3,2.3,1.5,2014-09-20,0237,Terra,MODIS,89,6.2,306.5,116.8,D,0
-18.2596,123.1616,331.4,2.7,1.6,2014-09-20,0237,Terra,MODIS,62,6.2,315.6,50.7,D,0
-18.2633,123.1545,329.7,2.7,1.6,2014-09-20,0237,Terra,MODIS,48,6.2,314.6,42.7,D,0
-17.0893,122.563,335.1,2.3,1.5,2014-09-20,0237,Terra,MODIS,80,6.2,309.5,65.8,D,0
-17.0852,122.5568,339.3,2.3,1.5,2014-09-20,0237,Terra,MODIS,86,6.2,308.6,88.8,D,0
-21.4405,118.4722,349.1,1.4,1.2,2014-09-20,0238,Terra,MODIS,93,6.2,316.4,65.6,D,0
-21.4509,118.4707,349.9,1.4,1.2,2014-09-20,0238,Terra,MODIS,93,6.2,317,67.4,D,0
-21.4477,118.4788,342.1,1.4,1.2,2014-09-20,0238,Terra,MODIS,87,6.2,315,42.5,D,0
-21.4526,118.4839,328.4,1.4,1.2,2014-09-20,0238,Terra,MODIS,61,6.2,315.1,11.7,D,0
-21.4461,118.4656,346.8,1.4,1.2,2014-09-20,0238,Terra,MODIS,91,6.2,317.3,56.7,D,0
-20.6211,116.7914,328.2,1.1,1,2014-09-20,0238,Terra,MODIS,53,6.2,310.7,15,D,0
-21.1915,118.2822,327,1.3,1.1,2014-09-20,0238,Terra,MODIS,59,6.2,314.9,10.8,D,0
-21.2112,120.0693,338.4,1.7,1.3,2014-09-20,0238,Terra,MODIS,83,6.2,318.2,44.3,D,0
-21.2131,120.086,329.7,1.7,1.3,2014-09-20,0238,Terra,MODIS,52,6.2,316.5,16.3,D,0
-22.8159,118.2893,336.6,1.4,1.2,2014-09-20,0239,Terra,MODIS,82,6.2,312.2,38.9,D,0
-23.0252,119.5956,361.3,1.7,1.3,2014-09-20,0239,Terra,MODIS,100,6.2,310.1,161.6,D,0
-22.8224,118.3436,342.3,1.4,1.2,2014-09-20,0239,Terra,MODIS,88,6.2,313.4,52.2,D,0
-22.7739,118.0859,328.6,1.3,1.1,2014-09-20,0239,Terra,MODIS,70,6.2,312.3,16.8,D,0
-22.768,118.0671,327.9,1.3,1.1,2014-09-20,0239,Terra,MODIS,38,6.2,311.8,14.6,D,0
-22.7696,118.0801,334.2,1.3,1.1,2014-09-20,0239,Terra,MODIS,79,6.2,312.9,26.9,D,0
-22.7888,118.0645,329.7,1.3,1.1,2014-09-20,0239,Terra,MODIS,72,6.2,313,19.5,D,0
-22.8039,118.3251,327.1,1.4,1.2,2014-09-20,0239,Terra,MODIS,66,6.2,312.6,18,D,0
-23.0233,119.5786,346.1,1.7,1.3,2014-09-20,0239,Terra,MODIS,76,6.2,309.3,82.7,D,0
-23.0098,119.563,358.2,1.7,1.3,2014-09-20,0239,Terra,MODIS,99,6.2,312.6,140.7,D,0
-22.9963,119.548,331.6,1.7,1.3,2014-09-20,0239,Terra,MODIS,53,6.2,311.2,34.6,D,0
-22.9924,119.6165,337.5,1.7,1.3,2014-09-20,0239,Terra,MODIS,54,6.2,310.6,47.1,D,0
-22.8248,118.2745,335.1,1.4,1.2,2014-09-20,0239,Terra,MODIS,80,6.2,311.6,35.2,D,0
-22.7373,118.131,339.3,1.4,1.2,2014-09-20,0239,Terra,MODIS,85,6.2,312.5,40.2,D,0
-22.8264,118.2879,336.3,1.4,1.2,2014-09-20,0239,Terra,MODIS,82,6.2,313.4,37.1,D,0
-22.7284,118.1453,345.1,1.4,1.2,2014-09-20,0239,Terra,MODIS,90,6.2,312.2,59.1,D,0
-22.7722,118.0729,337.6,1.3,1.1,2014-09-20,0239,Terra,MODIS,83,6.2,312.2,37,D,0
-22.7389,118.1442,338.9,1.4,1.2,2014-09-20,0239,Terra,MODIS,84,6.2,312,40,D,0
-22.7872,118.0515,336.6,1.3,1.1,2014-09-20,0239,Terra,MODIS,82,6.2,312.1,34.6,D,0
-22.7164,118.1334,328.2,1.4,1.2,2014-09-20,0239,Terra,MODIS,57,6.2,309.3,19.8,D,0
-22.7252,118.119,331.7,1.4,1.2,2014-09-20,0239,Terra,MODIS,73,6.2,311.4,26.5,D,0
-22.7268,118.1322,342.8,1.4,1.2,2014-09-20,0239,Terra,MODIS,88,6.2,311.9,51.4,D,0
-22.8346,118.3557,352.2,1.4,1.2,2014-09-20,0239,Terra,MODIS,95,6.2,314,84.7,D,0
-22.8329,118.3421,351.5,1.4,1.2,2014-09-20,0239,Terra,MODIS,95,6.2,312.2,80.3,D,0
-22.824,118.3572,357.7,1.4,1.2,2014-09-20,0239,Terra,MODIS,98,6.2,315.1,107.3,D,0
-22.7148,118.1199,341.9,1.4,1.2,2014-09-20,0239,Terra,MODIS,87,6.2,310.2,52.8,D,0
-22.8208,118.33,326.9,1.4,1.2,2014-09-20,0239,Terra,MODIS,52,6.2,312.7,15.5,D,0
-22.8102,118.3315,339.5,1.4,1.2,2014-09-20,0239,Terra,MODIS,85,6.2,314,43.3,D,0
-31.7235,115.7573,317.2,1.3,1.1,2014-09-20,0241,Terra,MODIS,59,6.2,302.2,10.2,D,0
-30.4413,115.3868,320.4,1.2,1.1,2014-09-20,0241,Terra,MODIS,69,6.2,304.6,14.4,D,0
-32.105,115.8127,310.4,1.3,1.1,2014-09-20,0241,Terra,MODIS,0,6.2,298,3.3,D,0
-32.0667,115.9093,312.1,1.3,1.1,2014-09-20,0241,Terra,MODIS,51,6.2,298.1,4.3,D,0
-34.0488,116.8673,319.1,1.6,1.2,2014-09-20,0242,Terra,MODIS,77,6.2,295.4,29.3,D,0
-34.5366,117.417,327.3,1.7,1.3,2014-09-20,0242,Terra,MODIS,84,6.2,297.1,50.3,D,0
-34.0425,116.6951,308.4,1.5,1.2,2014-09-20,0242,Terra,MODIS,62,6.2,294.8,12.3,D,0
-34.047,116.8499,312.3,1.6,1.2,2014-09-20,0242,Terra,MODIS,69,6.2,296.2,17.7,D,0
-34.5433,117.4094,313.2,1.7,1.3,2014-09-20,0242,Terra,MODIS,68,6.2,295.7,21.4,D,0
-36.0183,144.9254,316.3,2.9,1.6,2014-09-20,0340,Aqua,MODIS,76,6.2,291.6,62.2,D,0
-34.467,150.8816,314.4,1.2,1.1,2014-09-20,0340,Aqua,MODIS,57,6.2,298.1,11.3,D,2
-31.3458,149.8295,313.7,1.3,1.1,2014-09-20,0341,Aqua,MODIS,30,6.2,303.7,8.9,D,0
-34.5396,146.3808,319.2,2.3,1.5,2014-09-20,0341,Aqua,MODIS,76,6.2,299.7,39.8,D,0
-34.5416,146.3558,310.3,2.3,1.5,2014-09-20,0341,Aqua,MODIS,62,6.2,298,15.7,D,0
-34.5299,146.3723,323.7,2.3,1.5,2014-09-20,0341,Aqua,MODIS,80,6.2,300.3,52.8,D,0
-33.8175,150.7967,307.7,1.2,1.1,2014-09-20,0341,Aqua,MODIS,42,6.2,294.5,4.6,D,0
-31.4562,149.4762,326.8,1.3,1.1,2014-09-20,0341,Aqua,MODIS,80,6.2,302.9,31,D,0
-31.7431,148.1842,315.3,1.6,1.2,2014-09-20,0341,Aqua,MODIS,64,6.2,302.5,15.4,D,0
-31.4547,149.4902,320.3,1.3,1.1,2014-09-20,0341,Aqua,MODIS,73,6.2,299.8,19.5,D,0
-31.7414,148.2012,315.3,1.6,1.2,2014-09-20,0341,Aqua,MODIS,64,6.2,301.6,15.4,D,0
-31.398,152.4578,314.2,1,1,2014-09-20,0341,Aqua,MODIS,37,6.2,293.4,10.5,D,0
-32.2584,151.5287,316.9,1.1,1,2014-09-20,0341,Aqua,MODIS,69,6.2,295.4,12.6,D,0
-32.2599,151.5169,308.9,1.1,1,2014-09-20,0341,Aqua,MODIS,33,6.2,296,5.5,D,0
-32.2549,151.5225,316.1,1.1,1,2014-09-20,0341,Aqua,MODIS,74,6.2,295.4,13.1,D,0
-29.1374,148.6522,330.5,1.4,1.2,2014-09-20,0342,Aqua,MODIS,78,6.2,311.9,29.9,D,0
-29.1358,148.6664,326.8,1.4,1.2,2014-09-20,0342,Aqua,MODIS,73,6.2,310.9,22.5,D,0
-29.1316,148.6606,326.9,1.4,1.2,2014-09-20,0342,Aqua,MODIS,57,6.2,311.2,21,D,0
-27.1872,150.4591,329.6,1.1,1,2014-09-20,0342,Aqua,MODIS,76,6.2,312.5,15.5,D,0
-27.1887,150.4481,340.9,1.1,1,2014-09-20,0342,Aqua,MODIS,88,6.2,313.5,34.1,D,0
-28.2291,151.9987,333.7,1,1,2014-09-20,0342,Aqua,MODIS,81,6.2,305.4,26.3,D,0
-29.8306,149.1597,318.8,1.3,1.1,2014-09-20,0342,Aqua,MODIS,40,6.2,307.8,8.1,D,0
-29.8409,149.1613,320.2,1.3,1.1,2014-09-20,0342,Aqua,MODIS,51,6.2,308.3,10.8,D,0
-28.9736,149.9855,325.7,1.2,1.1,2014-09-20,0342,Aqua,MODIS,48,6.2,309.4,11.4,D,0
-28.9713,149.9921,325.1,1.2,1.1,2014-09-20,0342,Aqua,MODIS,71,6.2,308.1,15.2,D,0
-28.9729,149.98,326.4,1.2,1.1,2014-09-20,0342,Aqua,MODIS,74,6.2,310.3,17.7,D,0
-29.7827,151.0699,316.4,1.1,1,2014-09-20,0342,Aqua,MODIS,51,6.2,301.1,7.2,D,0
-31.0132,147.7859,319,1.7,1.3,2014-09-20,0342,Aqua,MODIS,68,6.2,304.8,21.4,D,0
-30.1104,150.9598,315.8,1.1,1,2014-09-20,0342,Aqua,MODIS,68,6.2,302.3,9.6,D,0
-28.8217,152.0964,322.1,1,1,2014-09-20,0342,Aqua,MODIS,77,6.2,293.3,18.4,D,0
-30.6791,147.0114,319.3,1.8,1.3,2014-09-20,0342,Aqua,MODIS,56,6.2,303.7,24.8,D,0
-23.6918,151.0854,318.3,1,1,2014-09-20,0343,Aqua,MODIS,65,6.2,302.4,7.9,D,0
-25.7514,148.9309,323.7,1.2,1.1,2014-09-20,0343,Aqua,MODIS,66,6.2,310.8,13.6,D,0
-26.8921,150.3529,338.9,1.1,1,2014-09-20,0343,Aqua,MODIS,86,6.2,308.1,34.4,D,0
-26.8935,150.342,326.9,1.1,1,2014-09-20,0343,Aqua,MODIS,72,6.2,306.9,15.8,D,0
-26.8439,150.9077,331.3,1,1,2014-09-20,0343,Aqua,MODIS,80,6.2,314.6,13.5,D,0
-26.8383,150.9012,328.3,1,1,2014-09-20,0343,Aqua,MODIS,76,6.2,313.4,10.9,D,0
-25.5586,148.7591,328.1,1.2,1.1,2014-09-20,0343,Aqua,MODIS,77,6.2,311,20.1,D,0
-25.6547,146.0539,320.9,1.8,1.3,2014-09-20,0343,Aqua,MODIS,53,6.2,309.8,11.7,D,0
-25.5597,148.7534,324,1.2,1.1,2014-09-20,0343,Aqua,MODIS,27,6.2,311.7,12.5,D,0
-25.5583,148.7658,332.3,1.2,1.1,2014-09-20,0343,Aqua,MODIS,81,6.2,309,26.3,D,0
-26.5124,150.0086,323.3,1.1,1.1,2014-09-20,0343,Aqua,MODIS,42,6.2,307.2,12.1,D,0
-24.4791,151.754,317.8,1,1,2014-09-20,0343,Aqua,MODIS,32,6.2,290.6,12.6,D,0
-23.6339,150.2962,344.7,1,1,2014-09-20,0343,Aqua,MODIS,92,6.2,297.1,47.6,D,0
-23.3564,148.7311,342,1.2,1.1,2014-09-20,0344,Aqua,MODIS,89,6.2,307.9,45.8,D,0
-19.5442,146.3496,337.2,1.4,1.2,2014-09-20,0345,Aqua,MODIS,83,6.2,312.6,39.3,D,0
-19.5396,146.3577,325.4,1.4,1.2,2014-09-20,0345,Aqua,MODIS,40,6.2,312.5,12.8,D,0
-19.5413,146.3438,329.1,1.4,1.2,2014-09-20,0345,Aqua,MODIS,68,6.2,313.3,19.9,D,0
-18.3617,145.3513,322.7,1.6,1.3,2014-09-20,0345,Aqua,MODIS,60,6.2,305.4,19.7,D,0
-18.8473,145.7715,322.3,1.6,1.2,2014-09-20,0345,Aqua,MODIS,49,6.2,307.2,16,D,0
-18.3598,145.3665,327.1,1.6,1.3,2014-09-20,0345,Aqua,MODIS,74,6.2,308.8,29.1,D,0
-18.8362,145.7704,331.7,1.6,1.2,2014-09-20,0345,Aqua,MODIS,78,6.2,305.4,38.2,D,0
-15.1877,143.6879,349.5,1.9,1.4,2014-09-20,0346,Aqua,MODIS,94,6.2,307.4,129.7,D,0
-15.9751,145.1822,339.7,1.6,1.2,2014-09-20,0346,Aqua,MODIS,88,6.2,301,73.2,D,0
-14.1733,141.8605,327.2,2.6,1.5,2014-09-20,0346,Aqua,MODIS,65,6.2,301.2,62,D,0
-15.5438,145.0633,326.6,1.6,1.2,2014-09-20,0346,Aqua,MODIS,63,6.2,308.2,18.7,D,0
-13.1666,142.7625,334,2.1,1.4,2014-09-20,0346,Aqua,MODIS,83,6.2,306.1,50.1,D,0
-13.1841,142.7245,334.6,2.2,1.4,2014-09-20,0346,Aqua,MODIS,80,6.2,304,56.5,D,0
-16.0154,145.0384,348.7,1.6,1.2,2014-09-20,0346,Aqua,MODIS,75,6.2,302.5,100.9,D,0
-13.1794,142.764,336.3,2.1,1.4,2014-09-20,0346,Aqua,MODIS,85,6.2,304.3,61.9,D,0
-14.2555,141.7343,343,2.7,1.6,2014-09-20,0346,Aqua,MODIS,90,6.2,303.4,157.9,D,0
-14.2414,141.7326,332.8,2.7,1.6,2014-09-20,0346,Aqua,MODIS,76,6.2,301.9,88.4,D,0
-15.1899,143.6699,343.6,2,1.4,2014-09-20,0346,Aqua,MODIS,91,6.2,306.2,94.8,D,0
-14.2377,141.7273,328.6,2.7,1.6,2014-09-20,0346,Aqua,MODIS,69,6.2,301.2,67.8,D,0
-14.2387,141.7572,338.2,2.7,1.6,2014-09-20,0346,Aqua,MODIS,86,6.2,305.3,116.3,D,0
-13.148,142.9182,323.9,2.1,1.4,2014-09-20,0346,Aqua,MODIS,43,6.2,301.8,27.3,D,0
-13.1689,142.7427,334.3,2.1,1.4,2014-09-20,0346,Aqua,MODIS,83,6.2,304.2,52.4,D,0
-15.575,144.994,333.1,1.6,1.2,2014-09-20,0346,Aqua,MODIS,82,6.2,307.7,34.4,D,0
-14.2518,141.729,342.2,2.7,1.6,2014-09-20,0346,Aqua,MODIS,90,6.2,302.8,150.8,D,0
-14.1871,141.7956,328.2,2.6,1.6,2014-09-20,0346,Aqua,MODIS,47,6.2,303.2,61.3,D,0
-14.3817,141.9287,318.8,2.6,1.5,2014-09-20,0346,Aqua,MODIS,31,6.2,301.9,20.4,D,0
-14.3253,141.7994,323.4,2.6,1.6,2014-09-20,0346,Aqua,MODIS,52,6.2,302.5,34.1,D,0
-14.2348,141.7519,358.2,2.7,1.6,2014-09-20,0346,Aqua,MODIS,99,6.2,305.8,287.8,D,0
-14.379,141.9526,323,2.6,1.5,2014-09-20,0346,Aqua,MODIS,62,6.2,305.2,35.8,D,0
-15.5456,145.0489,333.7,1.6,1.2,2014-09-20,0346,Aqua,MODIS,83,6.2,307.8,35.5,D,0
-14.1789,141.8681,323.3,2.6,1.5,2014-09-20,0346,Aqua,MODIS,57,6.2,301.5,44.5,D,0
-14.1762,141.8365,325.6,2.6,1.6,2014-09-20,0346,Aqua,MODIS,33,6.2,301.7,52.8,D,0
-15.9734,145.1966,318.1,1.6,1.2,2014-09-20,0346,Aqua,MODIS,49,6.2,297.2,20.6,D,0
-16.0557,145.0795,327,1.6,1.2,2014-09-20,0346,Aqua,MODIS,62,6.2,299.1,38.5,D,0
-14.2207,141.7502,334.9,2.7,1.6,2014-09-20,0346,Aqua,MODIS,77,6.2,302.3,98.5,D,0
-14.3175,141.8163,331.6,2.6,1.6,2014-09-20,0346,Aqua,MODIS,80,6.2,304.4,76.1,D,0
-14.2489,141.7536,336.7,2.7,1.6,2014-09-20,0346,Aqua,MODIS,86,6.2,304.4,108.5,D,0
-14.3227,141.8239,327.3,2.6,1.6,2014-09-20,0346,Aqua,MODIS,62,6.2,304.7,53.9,D,0
-14.7986,142.8059,328.5,2.2,1.5,2014-09-20,0346,Aqua,MODIS,77,6.2,307.1,33.5,D,0
-14.1494,143.1282,347,2.1,1.4,2014-09-20,0346,Aqua,MODIS,93,6.2,299.3,124.9,D,0
-14.1471,143.1474,335.2,2.1,1.4,2014-09-20,0346,Aqua,MODIS,78,6.2,300.3,67.8,D,0
-14.2622,143.1734,336.3,2.1,1.4,2014-09-20,0346,Aqua,MODIS,85,6.2,301.7,65.6,D,0
-14.2618,143.1684,337.6,2.1,1.4,2014-09-20,0346,Aqua,MODIS,86,6.2,302.3,72.5,D,0
-14.3171,143.1415,331.2,2.1,1.4,2014-09-20,0346,Aqua,MODIS,76,6.2,306.6,44.9,D,0
-15.7499,145.2567,324.1,1.5,1.2,2014-09-20,0346,Aqua,MODIS,72,6.2,297.4,31.9,D,0
-14.3437,142.1383,326.9,2.5,1.5,2014-09-20,0346,Aqua,MODIS,72,6.2,306.9,43.8,D,0
-15.0133,143.7263,341.4,1.9,1.4,2014-09-20,0346,Aqua,MODIS,89,6.2,304.7,83,D,0
-14.7975,144.9164,322.6,1.6,1.2,2014-09-20,0346,Aqua,MODIS,59,6.2,302.2,17.5,D,0
-14.7957,144.9308,326,1.6,1.2,2014-09-20,0346,Aqua,MODIS,74,6.2,303.2,24.4,D,0
-14.3256,142.1057,327.2,2.5,1.5,2014-09-20,0346,Aqua,MODIS,75,6.2,305.7,52,D,0
-13.5917,141.9996,320.6,2.5,1.5,2014-09-20,0346,Aqua,MODIS,24,6.2,299.7,28.8,D,0
-13.2716,141.8666,322.1,2.5,1.5,2014-09-20,0346,Aqua,MODIS,68,6.2,303.6,28.7,D,0
-14.33,142.1366,338.9,2.5,1.5,2014-09-20,0346,Aqua,MODIS,87,6.2,305.7,106.5,D,0
-14.3189,142.1119,330.7,2.5,1.5,2014-09-20,0346,Aqua,MODIS,76,6.2,304.7,65.3,D,0
-14.3215,142.0887,330.3,2.5,1.5,2014-09-20,0346,Aqua,MODIS,69,6.2,303.6,63.7,D,0
-13.4081,141.8948,324.8,2.5,1.5,2014-09-20,0346,Aqua,MODIS,51,6.2,297.8,44.8,D,0
-14.3326,142.1135,326.3,2.5,1.5,2014-09-20,0346,Aqua,MODIS,54,6.2,306.1,41.5,D,0
-13.5981,141.9936,331.9,2.5,1.5,2014-09-20,0346,Aqua,MODIS,82,6.2,300.4,79.6,D,0
-15.0032,143.7068,326.5,1.9,1.4,2014-09-20,0346,Aqua,MODIS,53,6.2,304.2,30.2,D,0
-15.0011,143.7247,328.7,1.9,1.4,2014-09-20,0346,Aqua,MODIS,67,6.2,303.4,36.7,D,0
-15.0054,143.6888,326.3,1.9,1.4,2014-09-20,0346,Aqua,MODIS,60,6.2,306.8,30.6,D,0
-14.7956,144.9254,328.3,1.6,1.2,2014-09-20,0346,Aqua,MODIS,79,6.2,303.3,29,D,0
-14.3119,142.104,326.4,2.5,1.5,2014-09-20,0346,Aqua,MODIS,74,6.2,303.1,49.1,D,0
-13.6109,143.0627,340.1,2.1,1.4,2014-09-20,0346,Aqua,MODIS,89,6.2,302.6,91.1,D,0
-13.1945,142.7458,328.5,2.1,1.4,2014-09-20,0346,Aqua,MODIS,53,6.2,303.9,34.8,D,0
-15.3206,141.6437,348,2.8,1.6,2014-09-20,0346,Aqua,MODIS,93,6.2,304,196.9,D,0
-15.3235,141.6176,348.5,2.8,1.6,2014-09-20,0346,Aqua,MODIS,93,6.2,308.3,203.8,D,0
-13.6018,143.1381,320.3,2,1.4,2014-09-20,0346,Aqua,MODIS,61,6.2,303.7,18.6,D,0
-13.4013,141.8873,327.5,2.5,1.5,2014-09-20,0346,Aqua,MODIS,43,6.2,299,56.3,D,0
-13.4107,141.8715,330,2.5,1.5,2014-09-20,0346,Aqua,MODIS,80,6.2,296.6,65.1,D,0
-13.6087,143.0816,324.6,2.1,1.4,2014-09-20,0346,Aqua,MODIS,36,6.2,302.2,27,D,0
-14.1391,143.1074,331.2,2.1,1.4,2014-09-20,0346,Aqua,MODIS,80,6.2,294,54.2,D,0
-13.5943,141.9765,340,2.5,1.5,2014-09-20,0346,Aqua,MODIS,89,6.2,300.5,123.5,D,0
-13.6009,141.9706,331.5,2.5,1.5,2014-09-20,0346,Aqua,MODIS,82,6.2,300.8,76.3,D,0
-13.6738,142.0092,324.7,2.5,1.5,2014-09-20,0346,Aqua,MODIS,69,6.2,299.4,42.2,D,0
-14.1368,143.1267,344.7,2.1,1.4,2014-09-20,0346,Aqua,MODIS,91,6.2,300.4,116.4,D,0
-13.5872,141.9689,317.4,2.5,1.5,2014-09-20,0346,Aqua,MODIS,34,6.2,298.9,20.5,D,0
-13.5189,143.1791,319.3,2,1.4,2014-09-20,0346,Aqua,MODIS,53,6.2,301.3,23.4,D,0
-14.1517,143.109,330.4,2.1,1.4,2014-09-20,0346,Aqua,MODIS,75,6.2,296.7,48.2,D,0
-13.6801,142.0154,326.3,2.5,1.5,2014-09-20,0346,Aqua,MODIS,66,6.2,300.2,50.1,D,0
-15.5657,144.9778,324.7,1.6,1.2,2014-09-20,0346,Aqua,MODIS,31,6.2,305.4,18.1,D,0
-15.5287,145.0024,330.4,1.6,1.2,2014-09-20,0346,Aqua,MODIS,78,6.2,306.4,28.6,D,0
-15.4712,144.9159,328.2,1.6,1.2,2014-09-20,0346,Aqua,MODIS,73,6.2,306.2,28.5,D,0
-15.5176,145.0008,325,1.6,1.2,2014-09-20,0346,Aqua,MODIS,42,6.2,303.2,16.5,D,0
-15.5639,144.9924,330.6,1.6,1.2,2014-09-20,0346,Aqua,MODIS,79,6.2,308,28.8,D,0
-15.473,144.9009,323.1,1.6,1.2,2014-09-20,0346,Aqua,MODIS,47,6.2,304.6,18.7,D,0
-15.4382,144.9998,331.5,1.6,1.2,2014-09-20,0346,Aqua,MODIS,80,6.2,305.4,38.8,D,0
-15.4618,144.8994,320.5,1.6,1.2,2014-09-20,0346,Aqua,MODIS,39,6.2,303.5,14.9,D,0
-16.0175,144.3643,339.2,1.8,1.3,2014-09-20,0346,Aqua,MODIS,87,6.2,305.8,66.5,D,0
-12.8807,142.8645,325.8,2.1,1.4,2014-09-20,0347,Aqua,MODIS,75,6.2,299.4,40.4,D,0
-12.2316,141.8568,327.7,2.4,1.5,2014-09-20,0347,Aqua,MODIS,33,6.2,300,49,D,0
-12.2272,141.8284,330,2.4,1.5,2014-09-20,0347,Aqua,MODIS,40,6.2,298.1,66.1,D,0
-12.2452,141.8585,327.5,2.4,1.5,2014-09-20,0347,Aqua,MODIS,44,6.2,300.4,50.6,D,0
-11.3114,142.1782,311.3,2.2,1.4,2014-09-20,0347,Aqua,MODIS,27,6.2,290.2,14.3,D,0
-11.0789,142.173,326.4,2.2,1.4,2014-09-20,0347,Aqua,MODIS,57,6.2,292,47.3,D,0
-12.3506,141.8558,333.9,2.4,1.5,2014-09-20,0347,Aqua,MODIS,79,6.2,298.2,98.9,D,0
-12.3427,141.8479,322.3,2.4,1.5,2014-09-20,0347,Aqua,MODIS,33,6.2,297.2,43.7,D,0
-11.5384,142.1358,325.7,2.3,1.5,2014-09-20,0347,Aqua,MODIS,45,6.2,289.2,50.3,D,0
-11.5359,142.1563,327,2.3,1.5,2014-09-20,0347,Aqua,MODIS,49,6.2,287.9,55.9,D,0
-13.0321,141.8188,324.5,2.5,1.5,2014-09-20,0347,Aqua,MODIS,42,6.2,298.4,43.7,D,0
-13.0348,141.7953,325.8,2.5,1.5,2014-09-20,0347,Aqua,MODIS,41,6.2,299.1,51.9,D,0
-13.0458,141.8204,326.5,2.5,1.5,2014-09-20,0347,Aqua,MODIS,67,6.2,298.5,51.6,D,0
-11.066,142.1713,357.1,2.2,1.4,2014-09-20,0347,Aqua,MODIS,0,6.2,294.3,218.3,D,0
-12.2488,141.8763,323.3,2.4,1.5,2014-09-20,0347,Aqua,MODIS,26,6.2,298.6,32.9,D,0
-12.3563,141.8496,326.1,2.4,1.5,2014-09-20,0347,Aqua,MODIS,31,6.2,298,58,D,0
-13.0032,142.9264,342,2.1,1.4,2014-09-20,0347,Aqua,MODIS,90,6.2,301.6,99,D,0
-11.9529,142.6868,325.2,2.1,1.4,2014-09-20,0347,Aqua,MODIS,46,6.2,300.7,35.6,D,0
-12.9827,142.8845,328.2,2.1,1.4,2014-09-20,0347,Aqua,MODIS,77,6.2,301.1,48.3,D,0
-12.993,142.9055,330.4,2.1,1.4,2014-09-20,0347,Aqua,MODIS,80,6.2,301.6,50.9,D,0
-12.9003,142.8084,325.8,2.1,1.4,2014-09-20,0347,Aqua,MODIS,75,6.2,296.5,39,D,0
-12.9701,142.8829,325,2.1,1.4,2014-09-20,0347,Aqua,MODIS,73,6.2,299.3,39.4,D,0
-12.9953,142.8861,347,2.1,1.4,2014-09-20,0347,Aqua,MODIS,93,6.2,300.8,131.1,D,0
-13.0056,142.9073,339.9,2.1,1.4,2014-09-20,0347,Aqua,MODIS,88,6.2,299.8,91.3,D,0
-12.7796,142.8466,319.2,2.1,1.4,2014-09-20,0347,Aqua,MODIS,41,6.2,299.9,19.2,D,0
-11.8884,142.667,324.6,2.1,1.4,2014-09-20,0347,Aqua,MODIS,39,6.2,299.8,34.9,D,0
-12.883,142.8455,328.3,2.1,1.4,2014-09-20,0347,Aqua,MODIS,78,6.2,299.5,49.2,D,0
-12.3845,142.4469,332.1,2.2,1.4,2014-09-20,0347,Aqua,MODIS,72,6.2,303.6,56.4,D,0
-13.0158,142.9278,324.8,2.1,1.4,2014-09-20,0347,Aqua,MODIS,72,6.2,299.1,32.6,D,0
-11.9653,142.6833,322.2,2.1,1.4,2014-09-20,0347,Aqua,MODIS,58,6.2,299.9,28.8,D,0
-12.9804,142.9039,326.7,2.1,1.4,2014-09-20,0347,Aqua,MODIS,76,6.2,301.1,42.2,D,0
-12.898,142.8277,336.1,2.1,1.4,2014-09-20,0347,Aqua,MODIS,86,6.2,297.7,79.2,D,0
-11.8769,142.6722,322.8,2.1,1.4,2014-09-20,0347,Aqua,MODIS,36,6.2,299.6,31.6,D,0
-13.0941,141.9499,325,2.5,1.5,2014-09-20,0347,Aqua,MODIS,47,6.2,297.9,39.2,D,0
-11.9526,142.6817,321.6,2.1,1.4,2014-09-20,0347,Aqua,MODIS,47,6.2,301.1,27.3,D,0
-13.0163,142.9326,322.3,2.1,1.4,2014-09-20,0347,Aqua,MODIS,29,6.2,299.3,22.5,D,0
-13.019,143.0045,323.9,2,1.4,2014-09-20,0347,Aqua,MODIS,56,6.2,302,28.6,D,0
-33.4089,116.431,310,4.8,2,2014-09-20,0520,Aqua,MODIS,43,6.2,296,62.5,D,0
-33.3946,116.4265,309.7,4.8,2,2014-09-20,0520,Aqua,MODIS,21,6.2,296,55.7,D,0
-28.0262,126.1569,332,1.1,1,2014-09-20,0521,Aqua,MODIS,64,6.2,315.5,13.9,D,0
-28.0248,126.1677,335.1,1.1,1,2014-09-20,0521,Aqua,MODIS,77,6.2,317.7,19.1,D,0
-25.4932,126.5824,341.7,1,1,2014-09-20,0522,Aqua,MODIS,83,6.2,323,23.7,D,0
-25.4918,126.5925,333.3,1,1,2014-09-20,0522,Aqua,MODIS,66,6.2,322.5,10.3,D,0
-24.5143,128.5658,343.8,1.1,1,2014-09-20,0522,Aqua,MODIS,86,6.2,320.2,30.4,D,0
-24.5159,128.5555,366,1.1,1,2014-09-20,0522,Aqua,MODIS,100,6.2,326.3,88,D,0
-24.5051,128.5641,379.1,1.1,1,2014-09-20,0522,Aqua,MODIS,100,6.2,319.4,138.5,D,0
-24.5067,128.5537,407,1.1,1,2014-09-20,0522,Aqua,MODIS,100,6.2,330.2,298.3,D,0
-23.0339,128.5463,332.8,1.1,1,2014-09-20,0522,Aqua,MODIS,43,6.2,319.2,10.4,D,0
-23.0355,128.5358,365.9,1.1,1,2014-09-20,0522,Aqua,MODIS,100,6.2,324.4,89.7,D,0
-23.0372,128.5253,345.1,1.1,1,2014-09-20,0522,Aqua,MODIS,87,6.2,320.9,32.5,D,0
-23.0262,128.5341,417.4,1.1,1,2014-09-20,0522,Aqua,MODIS,100,6.2,329.1,393.4,D,0
-23.0279,128.5236,407.2,1.1,1,2014-09-20,0522,Aqua,MODIS,100,6.2,330.5,309.3,D,0
-24.582,128.6589,339.8,1.1,1,2014-09-20,0522,Aqua,MODIS,81,6.2,320.4,22.1,D,0
-24.5712,128.6676,333.6,1.1,1,2014-09-20,0522,Aqua,MODIS,67,6.2,320.1,11.8,D,0
-24.5728,128.6572,338.6,1.1,1,2014-09-20,0522,Aqua,MODIS,80,6.2,320.1,19.9,D,0
-23.3962,129.6265,358.9,1.2,1.1,2014-09-20,0522,Aqua,MODIS,99,6.2,320.4,81.3,D,0
-23.3981,129.6149,346.7,1.2,1.1,2014-09-20,0522,Aqua,MODIS,89,6.2,319.5,45.5,D,0
-25.1894,129.9472,333.7,1.2,1.1,2014-09-20,0522,Aqua,MODIS,72,6.2,319.9,17.1,D,0
-25.1875,129.9588,334,1.2,1.1,2014-09-20,0522,Aqua,MODIS,73,6.2,319.6,17.8,D,0
-18.5639,130.452,359.1,1.6,1.2,2014-09-20,0523,Aqua,MODIS,99,6.2,318.8,134.7,D,0
-20.2828,128.2753,341,1.1,1.1,2014-09-20,0523,Aqua,MODIS,54,6.2,320.5,27.9,D,0
-18.6822,128.803,339.6,1.3,1.1,2014-09-20,0523,Aqua,MODIS,74,6.2,318,28.5,D,0
-18.5031,130.4714,353.8,1.6,1.2,2014-09-20,0523,Aqua,MODIS,95,6.2,312,102.5,D,0
-18.5057,130.4564,382.7,1.6,1.2,2014-09-20,0523,Aqua,MODIS,100,6.2,319.7,289.4,D,0
-18.8328,128.7579,340.5,1.2,1.1,2014-09-20,0523,Aqua,MODIS,82,6.2,316.8,33.6,D,0
-18.9582,129.954,343.2,1.5,1.2,2014-09-20,0523,Aqua,MODIS,66,6.2,316.6,50.2,D,0
-18.5503,130.4648,408.9,1.6,1.2,2014-09-20,0523,Aqua,MODIS,100,6.2,322.5,583.1,D,0
-18.8384,130.1846,337.9,1.5,1.2,2014-09-20,0523,Aqua,MODIS,74,6.2,314.2,38,D,0
-18.5391,130.4626,379.2,1.6,1.2,2014-09-20,0523,Aqua,MODIS,100,6.2,318.7,260.5,D,0
-18.4268,130.4445,347.2,1.6,1.2,2014-09-20,0523,Aqua,MODIS,90,6.2,318.7,68.7,D,0
-18.4243,130.4596,338.8,1.6,1.2,2014-09-20,0523,Aqua,MODIS,81,6.2,314.9,40.6,D,0
-18.6803,128.8147,355,1.3,1.1,2014-09-20,0523,Aqua,MODIS,96,6.2,319.1,70.8,D,0
-18.6921,128.8047,357.5,1.3,1.1,2014-09-20,0523,Aqua,MODIS,98,6.2,317.6,81.9,D,0
-18.6903,128.8165,361.5,1.3,1.1,2014-09-20,0523,Aqua,MODIS,100,6.2,315.4,95.9,D,0
-18.6884,128.8283,354.6,1.3,1.1,2014-09-20,0523,Aqua,MODIS,85,6.2,315.3,72.8,D,0
-18.6866,128.8401,341.1,1.3,1.1,2014-09-20,0523,Aqua,MODIS,60,6.2,308.9,35,D,0
-18.6937,128.7998,332.6,1.2,1.1,2014-09-20,0523,Aqua,MODIS,67,6.2,315.2,18.7,D,0
-18.6918,128.8116,383.1,1.3,1.1,2014-09-20,0523,Aqua,MODIS,100,6.2,318.8,205.6,D,0
-18.5168,130.4585,353.4,1.6,1.2,2014-09-20,0523,Aqua,MODIS,95,6.2,314.7,100.3,D,0
-18.528,130.4605,349.9,1.6,1.2,2014-09-20,0523,Aqua,MODIS,92,6.2,314.3,84,D,0
-18.5725,130.4691,359.4,1.6,1.2,2014-09-20,0523,Aqua,MODIS,99,6.2,309.6,139.4,D,0
-18.5751,130.4541,380.3,1.6,1.2,2014-09-20,0523,Aqua,MODIS,100,6.2,317.5,276.4,D,0
-18.6899,128.8233,343.3,1.3,1.1,2014-09-20,0523,Aqua,MODIS,85,6.2,314.1,41.7,D,0
-18.4266,130.4515,363.9,1.6,1.2,2014-09-20,0523,Aqua,MODIS,100,6.2,317.6,149.8,D,0
-18.4824,130.4621,359.4,1.6,1.2,2014-09-20,0523,Aqua,MODIS,99,6.2,315,127.1,D,0
-18.4378,130.4536,397.4,1.6,1.2,2014-09-20,0523,Aqua,MODIS,100,6.2,323.8,430.4,D,0
-18.4352,130.4687,343.8,1.6,1.2,2014-09-20,0523,Aqua,MODIS,79,6.2,313.3,56.6,D,0
-18.449,130.4557,383,1.6,1.2,2014-09-20,0523,Aqua,MODIS,100,6.2,318.2,286.5,D,0
-18.4713,130.46,366.4,1.6,1.2,2014-09-20,0523,Aqua,MODIS,100,6.2,315.6,165.2,D,0
-18.5047,130.4663,377.2,1.6,1.2,2014-09-20,0523,Aqua,MODIS,100,6.2,314.9,245.3,D,0
-18.9453,129.9658,346,1.5,1.2,2014-09-20,0523,Aqua,MODIS,83,6.2,313.9,61.5,D,0
-18.4936,130.4642,378,1.6,1.2,2014-09-20,0523,Aqua,MODIS,100,6.2,317.7,249,D,0
-18.688,128.8351,359.3,1.3,1.1,2014-09-20,0523,Aqua,MODIS,97,6.2,314,92.6,D,0
-18.6941,128.8605,349.2,1.3,1.1,2014-09-20,0523,Aqua,MODIS,82,6.2,308.8,59,D,0
-18.7002,128.886,338.5,1.3,1.1,2014-09-20,0523,Aqua,MODIS,38,6.2,313.6,28.9,D,0
-18.5614,130.467,376.1,1.6,1.2,2014-09-20,0523,Aqua,MODIS,100,6.2,313.5,243,D,0
-18.5072,130.4512,363.2,1.6,1.2,2014-09-20,0523,Aqua,MODIS,100,6.2,318.5,150.4,D,0
-20.2811,128.286,341.5,1.1,1.1,2014-09-20,0523,Aqua,MODIS,69,6.2,315.9,29.2,D,0
-22.9968,119.5433,328.9,2.3,1.5,2014-09-20,0523,Aqua,MODIS,41,6.2,312.4,35.9,D,0
-23.0033,119.6101,339.4,2.2,1.5,2014-09-20,0523,Aqua,MODIS,83,6.2,314.3,78.8,D,0
-19.1363,128.9097,332.4,1.2,1.1,2014-09-20,0523,Aqua,MODIS,59,6.2,318,14.2,D,0
-18.4541,130.4256,338.9,1.6,1.2,2014-09-20,0523,Aqua,MODIS,48,6.2,316.7,35.5,D,0
-22.7293,118.1359,337.8,2.9,1.6,2014-09-20,0523,Aqua,MODIS,82,6.2,312.1,109.8,D,0
-22.744,118.1369,333,2.9,1.6,2014-09-20,0523,Aqua,MODIS,75,6.2,312.9,74.5,D,0
-22.7415,118.1646,332.3,2.8,1.6,2014-09-20,0523,Aqua,MODIS,73,6.2,312.4,69.4,D,0
-23.0139,119.618,328.7,2.2,1.5,2014-09-20,0523,Aqua,MODIS,24,6.2,311.1,33.2,D,0
-22.7287,118.131,334.3,2.9,1.6,2014-09-20,0523,Aqua,MODIS,58,6.2,312.2,85.3,D,0
-22.7822,118.0621,331.6,2.9,1.6,2014-09-20,0523,Aqua,MODIS,29,6.2,313.4,57.7,D,0
-22.8107,118.0576,334.8,2.9,1.6,2014-09-20,0523,Aqua,MODIS,78,6.2,313.3,83.8,D,0
-22.7812,118.0551,334.3,2.9,1.6,2014-09-20,0523,Aqua,MODIS,77,6.2,313,80.6,D,0
-23.0008,119.6163,337.1,2.2,1.5,2014-09-20,0523,Aqua,MODIS,78,6.2,313.3,66.3,D,0
-22.796,118.0562,330.7,2.9,1.6,2014-09-20,0523,Aqua,MODIS,70,6.2,314.3,60.1,D,0
-19.1382,128.898,347.9,1.2,1.1,2014-09-20,0523,Aqua,MODIS,90,6.2,319.3,50.3,D,0
-22.8117,118.0648,332.1,2.9,1.6,2014-09-20,0523,Aqua,MODIS,54,6.2,313.4,63.5,D,0
-22.7167,118.1028,324.8,2.9,1.6,2014-09-20,0523,Aqua,MODIS,19,6.2,309.2,36.6,D,0
-19.1378,128.9046,339.6,1.2,1.1,2014-09-20,0523,Aqua,MODIS,81,6.2,318.3,28.3,D,0
-22.8297,118.348,335.6,2.8,1.6,2014-09-20,0523,Aqua,MODIS,51,6.2,314.8,80.4,D,0
-22.8178,118.3192,335.3,2.8,1.6,2014-09-20,0523,Aqua,MODIS,61,6.2,315.5,83.9,D,0
-21.5858,132.4499,328.1,1.9,1.4,2014-09-20,0523,Aqua,MODIS,35,6.2,314.5,18.3,D,0
-21.4625,118.4693,333.2,2.6,1.5,2014-09-20,0523,Aqua,MODIS,74,6.2,317.6,56,D,0
-21.1975,118.2684,345.4,2.7,1.6,2014-09-20,0523,Aqua,MODIS,89,6.2,316.4,144.8,D,0
-15.0892,134.3248,353,3.6,1.8,2014-09-20,0524,Aqua,MODIS,95,6.2,306.3,349.1,D,0
-15.0829,134.3583,336,3.6,1.8,2014-09-20,0524,Aqua,MODIS,35,6.2,308,128.1,D,0
-17.7414,130.9481,345.6,1.8,1.3,2014-09-20,0524,Aqua,MODIS,89,6.2,317,73,D,0
-15.0988,134.3615,336.3,3.6,1.8,2014-09-20,0524,Aqua,MODIS,74,6.2,311.9,136.5,D,0
-15.0541,134.4224,332.7,3.7,1.8,2014-09-20,0524,Aqua,MODIS,21,6.2,310.3,86.9,D,0
-15.0861,134.4289,331.6,3.7,1.8,2014-09-20,0524,Aqua,MODIS,53,6.2,311.9,81.4,D,0
-15.1051,134.3281,332,3.6,1.8,2014-09-20,0524,Aqua,MODIS,64,6.2,307.6,101.4,D,0
-17.1516,132.3452,332.9,2.3,1.5,2014-09-20,0524,Aqua,MODIS,39,6.2,308.4,53.7,D,0
-17.1797,132.2768,328.2,2.3,1.5,2014-09-20,0524,Aqua,MODIS,55,6.2,306.6,43.1,D,0
-17.1628,132.2955,324.1,2.3,1.5,2014-09-20,0524,Aqua,MODIS,8,6.2,306.7,29.8,D,0
-17.138,132.3578,333.7,2.3,1.5,2014-09-20,0524,Aqua,MODIS,43,6.2,310.9,56,D,0
-17.1419,132.336,347.2,2.3,1.5,2014-09-20,0524,Aqua,MODIS,91,6.2,307.4,138.7,D,0
-17.1288,132.3334,333,2.3,1.5,2014-09-20,0524,Aqua,MODIS,37,6.2,306.5,55.7,D,0
-17.1156,132.3308,353.9,2.3,1.5,2014-09-20,0524,Aqua,MODIS,96,6.2,308.5,192.3,D,0
-17.2636,132.3062,330.4,2.3,1.5,2014-09-20,0524,Aqua,MODIS,69,6.2,307.7,46.1,D,0
-17.2646,132.3232,331,2.3,1.5,2014-09-20,0524,Aqua,MODIS,71,6.2,307.2,45.4,D,0
-17.2684,132.3017,344.5,2.3,1.5,2014-09-20,0524,Aqua,MODIS,89,6.2,309,119.3,D,0
-17.014,132.465,329.9,2.4,1.5,2014-09-20,0524,Aqua,MODIS,52,6.2,313.1,33,D,0
-17.018,132.4428,329.9,2.4,1.5,2014-09-20,0524,Aqua,MODIS,57,6.2,315.8,31.9,D,0
-16.6146,132.7459,347.6,2.6,1.5,2014-09-20,0524,Aqua,MODIS,91,6.2,314,148.7,D,0
-16.6101,132.7401,339.3,2.6,1.5,2014-09-20,0524,Aqua,MODIS,83,6.2,314.4,84.4,D,0
-17.3121,132.3382,357.4,2.3,1.5,2014-09-20,0524,Aqua,MODIS,98,6.2,313.4,208.6,D,0
-17.316,132.3168,341.9,2.3,1.5,2014-09-20,0524,Aqua,MODIS,84,6.2,311.2,92.6,D,0
-17.2951,132.3571,337.7,2.3,1.5,2014-09-20,0524,Aqua,MODIS,55,6.2,311.4,64.7,D,0
-17.299,132.3356,376.5,2.3,1.5,2014-09-20,0524,Aqua,MODIS,100,6.2,313.7,410.8,D,0
-17.2767,132.3089,343.8,2.3,1.5,2014-09-20,0524,Aqua,MODIS,88,6.2,309.9,112.4,D,0
-16.7055,132.715,345.4,2.5,1.5,2014-09-20,0524,Aqua,MODIS,90,6.2,311.1,138.6,D,0
-16.7098,132.6916,340.6,2.5,1.5,2014-09-20,0524,Aqua,MODIS,85,6.2,312.7,102.5,D,0
-16.8164,132.6532,330.8,2.5,1.5,2014-09-20,0524,Aqua,MODIS,40,6.2,313.6,42.7,D,0
-17.4419,132.2663,337.1,2.3,1.5,2014-09-20,0524,Aqua,MODIS,81,6.2,309.7,83.8,D,0
-17.446,132.262,339.7,2.3,1.5,2014-09-20,0524,Aqua,MODIS,84,6.2,309.5,98,D,0
-17.3901,132.2728,354.8,2.3,1.5,2014-09-20,0524,Aqua,MODIS,96,6.2,310.3,190.1,D,0
-17.3771,132.2702,333.9,2.3,1.5,2014-09-20,0524,Aqua,MODIS,58,6.2,309.1,57.8,D,0
-17.3679,132.2464,332.5,2.3,1.5,2014-09-20,0524,Aqua,MODIS,27,6.2,307.8,54.8,D,0
-17.3797,132.2633,333.8,2.3,1.5,2014-09-20,0524,Aqua,MODIS,49,6.2,309.2,55.5,D,0
-17.3666,132.2606,352.4,2.3,1.5,2014-09-20,0524,Aqua,MODIS,95,6.2,309.6,171.3,D,0
-17.364,132.2676,346.5,2.3,1.5,2014-09-20,0524,Aqua,MODIS,90,6.2,309.9,126.3,D,0
-17.351,132.265,345.3,2.3,1.5,2014-09-20,0524,Aqua,MODIS,89,6.2,309.6,122.3,D,0
-17.3536,132.258,351.3,2.3,1.5,2014-09-20,0524,Aqua,MODIS,94,6.2,309.4,164.7,D,0
-17.3367,132.2767,336,2.3,1.5,2014-09-20,0524,Aqua,MODIS,55,6.2,309.7,64.8,D,0
-17.3405,132.2554,345.4,2.3,1.5,2014-09-20,0524,Aqua,MODIS,89,6.2,308.9,124.1,D,0
-17.3014,132.2475,327.3,2.3,1.5,2014-09-20,0524,Aqua,MODIS,25,6.2,306.8,37.2,D,0
-17.289,132.2616,326.4,2.3,1.5,2014-09-20,0524,Aqua,MODIS,38,6.2,307.3,35.4,D,0
-16.8343,132.6328,345.6,2.5,1.5,2014-09-20,0524,Aqua,MODIS,90,6.2,314.5,127.5,D,0
-16.8386,132.6098,338.3,2.5,1.5,2014-09-20,0524,Aqua,MODIS,65,6.2,315.1,75.1,D,0
-16.8207,132.6301,331.5,2.5,1.5,2014-09-20,0524,Aqua,MODIS,48,6.2,314.3,44.1,D,0
-16.8422,132.6296,349.1,2.5,1.5,2014-09-20,0524,Aqua,MODIS,93,6.2,313,155.9,D,0
-17.3005,132.403,331.3,2.3,1.5,2014-09-20,0524,Aqua,MODIS,40,6.2,315.4,41.6,D,0
-17.2498,132.2538,328.3,2.3,1.5,2014-09-20,0524,Aqua,MODIS,59,6.2,304.1,44.9,D,0
-17.2367,132.2512,360.7,2.3,1.5,2014-09-20,0524,Aqua,MODIS,100,6.2,306,250.2,D,0
-17.2405,132.2299,356.9,2.3,1.5,2014-09-20,0524,Aqua,MODIS,98,6.2,307.5,216.8,D,0
-17.2236,132.2486,341.8,2.3,1.5,2014-09-20,0524,Aqua,MODIS,86,6.2,304.3,112.1,D,0
-17.1936,132.2646,333.6,2.3,1.5,2014-09-20,0524,Aqua,MODIS,73,6.2,305.4,65.5,D,0
-17.1975,132.2433,329.5,2.3,1.5,2014-09-20,0524,Aqua,MODIS,64,6.2,304.3,50.5,D,0
-17.1805,132.2621,344.8,2.3,1.5,2014-09-20,0524,Aqua,MODIS,89,6.2,306.8,128.7,D,0
-17.1965,132.258,335.6,2.3,1.5,2014-09-20,0524,Aqua,MODIS,79,6.2,305.5,78.7,D,0
-17.1834,132.2554,338.3,2.3,1.5,2014-09-20,0524,Aqua,MODIS,83,6.2,305.7,92.5,D,0
-16.6919,132.7123,339.2,2.5,1.5,2014-09-20,0524,Aqua,MODIS,83,6.2,313.2,94.8,D,0
-16.6961,132.6888,332,2.5,1.5,2014-09-20,0524,Aqua,MODIS,65,6.2,311.5,50.6,D,0
-16.6782,132.7096,330.8,2.5,1.5,2014-09-20,0524,Aqua,MODIS,64,6.2,313.6,47.6,D,0
-16.6825,132.6862,332.6,2.5,1.5,2014-09-20,0524,Aqua,MODIS,74,6.2,311.8,55.1,D,0
-16.7126,130.6863,334.1,1.8,1.3,2014-09-20,0524,Aqua,MODIS,73,6.2,314.1,33.1,D,0
-16.7028,130.6947,331.1,1.8,1.3,2014-09-20,0524,Aqua,MODIS,43,6.2,313.4,22.1,D,0
-16.7056,130.6782,338,1.8,1.3,2014-09-20,0524,Aqua,MODIS,80,6.2,315.4,46.1,D,0
-16.6911,130.6923,336,1.8,1.3,2014-09-20,0524,Aqua,MODIS,64,6.2,314.6,37.4,D,0
-16.6704,130.6714,331.9,1.8,1.3,2014-09-20,0524,Aqua,MODIS,54,6.2,314.6,25.4,D,0
-16.8208,135.4437,326.2,4,1.9,2014-09-20,0524,Aqua,MODIS,36,6.2,312.6,58.3,D,0
-16.7541,132.1624,326.9,2.3,1.5,2014-09-20,0524,Aqua,MODIS,35,6.2,312.9,23.7,D,0
-16.7587,132.1904,337.7,2.3,1.5,2014-09-20,0524,Aqua,MODIS,81,6.2,311.7,75.4,D,0
-16.7626,132.169,334.8,2.3,1.5,2014-09-20,0524,Aqua,MODIS,77,6.2,313.8,58.2,D,0
-16.7495,132.1664,325.9,2.3,1.5,2014-09-20,0524,Aqua,MODIS,43,6.2,311.5,19.2,D,0
-16.7513,135.4994,325.1,4.1,1.9,2014-09-20,0524,Aqua,MODIS,48,6.2,312,55.1,D,0
-16.6101,132.7697,346.8,2.6,1.5,2014-09-20,0524,Aqua,MODIS,91,6.2,312.4,148.9,D,0
-16.6057,132.764,358.1,2.6,1.5,2014-09-20,0524,Aqua,MODIS,98,6.2,313.6,244.6,D,0
-16.8974,135.4261,325.2,4,1.9,2014-09-20,0524,Aqua,MODIS,28,6.2,313.8,47.2,D,0
-16.8871,135.4582,327.1,4,1.9,2014-09-20,0524,Aqua,MODIS,31,6.2,311.9,63.1,D,0
-15.0885,134.285,325.9,3.6,1.8,2014-09-20,0524,Aqua,MODIS,61,6.2,304.6,85.1,D,0
-15.0824,134.3186,355.9,3.6,1.8,2014-09-20,0524,Aqua,MODIS,97,6.2,306.6,398.1,D,0
-15.0956,134.291,337,3.6,1.8,2014-09-20,0524,Aqua,MODIS,82,6.2,306,162.4,D,0
-15.0541,134.3827,347.2,3.7,1.8,2014-09-20,0524,Aqua,MODIS,85,6.2,309.7,255.8,D,0
-15.0603,134.349,363.4,3.6,1.8,2014-09-20,0524,Aqua,MODIS,100,6.2,309.2,529.6,D,0
-15.0925,134.3951,331.6,3.7,1.8,2014-09-20,0524,Aqua,MODIS,48,6.2,313.1,86.2,D,0
-15.1009,134.4044,329.9,3.7,1.8,2014-09-20,0524,Aqua,MODIS,33,6.2,312,76.4,D,0
-15.0762,134.3523,364.1,3.6,1.8,2014-09-20,0524,Aqua,MODIS,100,6.2,309.2,519.6,D,0
-15.0733,134.3215,362.4,3.6,1.8,2014-09-20,0524,Aqua,MODIS,100,6.2,306.3,515.4,D,0
-15.0669,134.355,373.6,3.6,1.8,2014-09-20,0524,Aqua,MODIS,100,6.2,310.5,730.1,D,0
-15.051,134.3518,351.7,3.6,1.8,2014-09-20,0524,Aqua,MODIS,95,6.2,307.5,350.7,D,0
-15.0665,134.3156,335.6,3.6,1.8,2014-09-20,0524,Aqua,MODIS,68,6.2,304.1,157.4,D,0
-15.1075,134.3708,331.1,3.6,1.8,2014-09-20,0524,Aqua,MODIS,27,6.2,312.6,88.7,D,0
-17.1116,132.3526,336.7,2.3,1.5,2014-09-20,0524,Aqua,MODIS,69,6.2,309,70.2,D,0
-15.0094,134.4439,341.9,3.7,1.8,2014-09-20,0524,Aqua,MODIS,87,6.2,307.6,202.5,D,0
-15.0478,134.4165,332.9,3.7,1.8,2014-09-20,0524,Aqua,MODIS,55,6.2,307.1,93.5,D,0
-15.0154,134.4499,342.4,3.7,1.8,2014-09-20,0524,Aqua,MODIS,87,6.2,309.6,209.3,D,0
-15.022,134.4159,337.7,3.7,1.8,2014-09-20,0524,Aqua,MODIS,81,6.2,301.9,162.6,D,0
-15.006,134.4126,326,3.7,1.8,2014-09-20,0524,Aqua,MODIS,48,6.2,300.9,69.7,D,0
-15.0158,134.4098,339.9,3.7,1.8,2014-09-20,0524,Aqua,MODIS,85,6.2,301,184.8,D,0
-17.7325,130.9292,338.6,1.8,1.3,2014-09-20,0524,Aqua,MODIS,82,6.2,318.9,45.6,D,0
-16.5522,124.2344,336.8,1,1,2014-09-20,0524,Aqua,MODIS,42,6.2,313.8,20,D,0
-16.5418,124.2425,328.2,1,1,2014-09-20,0524,Aqua,MODIS,35,6.2,311.8,9.7,D,0
-16.5431,124.2331,353.9,1,1,2014-09-20,0524,Aqua,MODIS,96,6.2,311.9,55.9,D,0
-16.0971,128.0621,349.9,1.2,1.1,2014-09-20,0524,Aqua,MODIS,92,6.2,311.5,56.2,D,0
-16.0473,128.0467,363.7,1.2,1.1,2014-09-20,0524,Aqua,MODIS,100,6.2,318.3,103.5,D,0
-16.0989,128.0505,375.2,1.2,1.1,2014-09-20,0524,Aqua,MODIS,100,6.2,305.1,157.9,D,0
-16.1007,128.0393,361.1,1.2,1.1,2014-09-20,0524,Aqua,MODIS,100,6.2,306.8,99.4,D,0
-16.0908,128.0378,346.7,1.2,1.1,2014-09-20,0524,Aqua,MODIS,89,6.2,304.5,52.5,D,0
-16.0773,128.059,334,1.2,1.1,2014-09-20,0524,Aqua,MODIS,51,6.2,315.1,18,D,0
-16.0791,128.0475,336.7,1.2,1.1,2014-09-20,0524,Aqua,MODIS,61,6.2,311.3,26.2,D,0
-17.506,125.5515,361.2,1,1,2014-09-20,0524,Aqua,MODIS,94,6.2,309.1,71,D,0
-17.4971,125.5501,372.6,1,1,2014-09-20,0524,Aqua,MODIS,94,6.2,309.7,106.5,D,0
-17.4881,125.5487,350.1,1,1,2014-09-20,0524,Aqua,MODIS,79,6.2,309.7,43.5,D,0
-17.4791,125.5472,345.8,1,1,2014-09-20,0524,Aqua,MODIS,68,6.2,305.7,33.8,D,0
-17.4611,125.5444,391.7,1,1,2014-09-20,0524,Aqua,MODIS,100,6.2,317.7,188.9,D,0
-17.4508,125.5523,403.6,1,1,2014-09-20,0524,Aqua,MODIS,100,6.2,317,257.5,D,0
-17.4521,125.5429,356.3,1,1,2014-09-20,0524,Aqua,MODIS,97,6.2,310.6,59.1,D,0
-17.0869,122.6006,386.7,1.2,1.1,2014-09-20,0524,Aqua,MODIS,100,6.2,315.5,208.2,D,0
-17.4418,125.5508,367.5,1,1,2014-09-20,0524,Aqua,MODIS,100,6.2,316.3,89.1,D,0
-17.4431,125.5415,336.6,1,1,2014-09-20,0524,Aqua,MODIS,65,6.2,310.5,20,D,0
-17.2173,128.0977,332.5,1.2,1.1,2014-09-20,0524,Aqua,MODIS,68,6.2,318,13.3,D,0
-15.8351,127.5706,333.2,1.2,1.1,2014-09-20,0524,Aqua,MODIS,41,6.2,317.2,12.4,D,0
-15.8368,127.5597,337.3,1.2,1.1,2014-09-20,0524,Aqua,MODIS,60,6.2,319.4,18.4,D,0
-16.049,128.0354,348.1,1.2,1.1,2014-09-20,0524,Aqua,MODIS,90,6.2,315.3,52.3,D,0
-16.1169,128.0654,338.5,1.2,1.1,2014-09-20,0524,Aqua,MODIS,41,6.2,311.6,26.4,D,0
-16.0193,128.0305,337.5,1.2,1.1,2014-09-20,0524,Aqua,MODIS,76,6.2,317.5,24.7,D,0
-15.9139,127.9263,333.8,1.2,1.1,2014-09-20,0524,Aqua,MODIS,68,6.2,318.3,14.2,D,0
-17.0703,122.5757,333.1,1.2,1.1,2014-09-20,0524,Aqua,MODIS,57,6.2,313.4,16.6,D,0
-17.0942,122.5452,329.8,1.2,1.1,2014-09-20,0524,Aqua,MODIS,31,6.2,310.7,10.5,D,0
-16.0494,128.0424,384.6,1.2,1.1,2014-09-20,0524,Aqua,MODIS,100,6.2,318.9,209.1,D,0
-17.0771,122.5993,340.3,1.2,1.1,2014-09-20,0524,Aqua,MODIS,73,6.2,308.8,31.4,D,0
-16.4251,128.581,334.2,1.3,1.1,2014-09-20,0524,Aqua,MODIS,67,6.2,316,24.1,D,0
-16.4232,128.5932,332,1.3,1.1,2014-09-20,0524,Aqua,MODIS,0,6.2,313.9,19.5,D,0
-16.1978,128.1327,331.2,1.2,1.1,2014-09-20,0524,Aqua,MODIS,43,6.2,314,13.5,D,0
-15.887,127.9685,336,1.2,1.1,2014-09-20,0524,Aqua,MODIS,68,6.2,318,16.7,D,0
-15.8987,127.9586,336.6,1.2,1.1,2014-09-20,0524,Aqua,MODIS,70,6.2,318.6,18,D,0
-15.8969,127.97,343,1.2,1.1,2014-09-20,0524,Aqua,MODIS,85,6.2,320.3,32.6,D,0
-16.1879,128.1309,335.6,1.2,1.1,2014-09-20,0524,Aqua,MODIS,59,6.2,316.6,20.8,D,0
-16.1761,128.1406,337.6,1.2,1.1,2014-09-20,0524,Aqua,MODIS,53,6.2,316.9,23,D,0
-16.0476,128.0539,336,1.2,1.1,2014-09-20,0524,Aqua,MODIS,54,6.2,315.5,21.9,D,0
-17.0883,122.5896,340.7,1.2,1.1,2014-09-20,0524,Aqua,MODIS,84,6.2,315.5,29.4,D,0
-17.0956,122.534,337.6,1.2,1.1,2014-09-20,0524,Aqua,MODIS,79,6.2,310.2,25.5,D,0
-17.0971,122.5228,342.1,1.2,1.1,2014-09-20,0524,Aqua,MODIS,86,6.2,313.5,35.3,D,0
-17.0986,122.5116,349.6,1.2,1.1,2014-09-20,0524,Aqua,MODIS,92,6.2,316,54.9,D,0
-17.0786,122.5882,347.6,1.2,1.1,2014-09-20,0524,Aqua,MODIS,91,6.2,314,47.6,D,0
-16.1445,128.1472,332.5,1.2,1.1,2014-09-20,0524,Aqua,MODIS,43,6.2,317.9,12.5,D,0
-16.5691,124.2466,347.5,1,1,2014-09-20,0524,Aqua,MODIS,91,6.2,312,38,D,0
-16.56,124.2453,343.6,1,1,2014-09-20,0524,Aqua,MODIS,81,6.2,312.8,29.8,D,0
-16.5509,124.2439,342.4,1,1,2014-09-20,0524,Aqua,MODIS,84,6.2,313.6,29.4,D,0
-14.8962,135.0599,325,4.1,1.9,2014-09-20,0524,Aqua,MODIS,57,6.2,307.9,93.5,D,0
-15.1039,134.475,339.4,3.7,1.8,2014-09-20,0524,Aqua,MODIS,84,6.2,313.7,169.9,D,0
-14.8888,135.0976,335.1,4.2,1.9,2014-09-20,0524,Aqua,MODIS,80,6.2,308.8,198.8,D,0
-15.0906,134.5434,340.3,3.8,1.8,2014-09-20,0524,Aqua,MODIS,85,6.2,309.6,194.2,D,0
-15.083,134.534,352.4,3.8,1.8,2014-09-20,0524,Aqua,MODIS,95,6.2,312.8,340.4,D,0
-14.3529,134.3338,334.8,3.8,1.8,2014-09-20,0524,Aqua,MODIS,37,6.2,313.7,112.2,D,0
-14.3115,134.25,335.5,3.7,1.8,2014-09-20,0524,Aqua,MODIS,72,6.2,307,149.6,D,0
-15.0895,134.4994,349.6,3.7,1.8,2014-09-20,0524,Aqua,MODIS,93,6.2,316.1,291,D,0
-15.1056,134.503,352.9,3.7,1.8,2014-09-20,0524,Aqua,MODIS,95,6.2,311.9,350,D,0
-14.3337,134.259,337.6,3.7,1.8,2014-09-20,0524,Aqua,MODIS,68,6.2,309.5,162.6,D,0
-14.3276,134.2532,347.2,3.7,1.8,2014-09-20,0524,Aqua,MODIS,91,6.2,309.8,275.6,D,0
-14.4312,134.5025,326.1,3.8,1.8,2014-09-20,0524,Aqua,MODIS,47,6.2,312.8,53.3,D,0
-14.3207,134.3269,348.9,3.8,1.8,2014-09-20,0524,Aqua,MODIS,93,6.2,312.8,284,D,0
-14.3272,134.2927,344.9,3.7,1.8,2014-09-20,0524,Aqua,MODIS,86,6.2,311.7,233.6,D,0
-14.3112,134.2893,350.3,3.7,1.8,2014-09-20,0524,Aqua,MODIS,94,6.2,310.4,317,D,0
-15.0973,134.5089,369.4,3.7,1.8,2014-09-20,0524,Aqua,MODIS,100,6.2,314.9,660.2,D,0
-14.3151,134.3212,357.6,3.8,1.8,2014-09-20,0524,Aqua,MODIS,98,6.2,311.6,420.2,D,0
-14.9038,135.0962,323.4,4.2,1.9,2014-09-20,0524,Aqua,MODIS,50,6.2,307.9,82.5,D,0
-14.887,135.0926,330.3,4.2,1.9,2014-09-20,0524,Aqua,MODIS,73,6.2,308.7,141.1,D,0
-14.3177,134.2556,353,3.7,1.8,2014-09-20,0524,Aqua,MODIS,95,6.2,309.9,364.2,D,0
-14.3214,134.2869,358.4,3.7,1.8,2014-09-20,0524,Aqua,MODIS,99,6.2,311.9,436.5,D,0
-16.692,128.0502,334.5,1.2,1.1,2014-09-20,0524,Aqua,MODIS,51,6.2,315.9,18.1,D,0
-16.692,128.0559,363.5,1.2,1.1,2014-09-20,0524,Aqua,MODIS,100,6.2,317.5,98.1,D,0
-18.0627,130.6925,332,1.7,1.3,2014-09-20,0524,Aqua,MODIS,17,6.2,315.6,20.3,D,0
-18.0849,130.6313,334.2,1.7,1.3,2014-09-20,0524,Aqua,MODIS,74,6.2,319.9,23.8,D,0
-16.7018,128.0577,339,1.2,1.1,2014-09-20,0524,Aqua,MODIS,81,6.2,314.2,26.6,D,0
-18.0856,130.6968,360.6,1.7,1.3,2014-09-20,0524,Aqua,MODIS,100,6.2,318,141.7,D,0
-18.0971,130.6989,342.4,1.7,1.3,2014-09-20,0524,Aqua,MODIS,74,6.2,314.6,57.8,D,0
-18.0931,130.7038,336.6,1.7,1.3,2014-09-20,0524,Aqua,MODIS,27,6.2,313.6,39.9,D,0
-16.6787,128.0714,344.3,1.2,1.1,2014-09-20,0524,Aqua,MODIS,57,6.2,319.7,35.1,D,0
-17.5936,125.9624,329.8,1,1,2014-09-20,0524,Aqua,MODIS,56,6.2,315.1,10.3,D,0
-17.5964,125.9436,344.7,1,1,2014-09-20,0524,Aqua,MODIS,88,6.2,313.5,33.6,D,0
-17.5163,125.9927,342.4,1,1,2014-09-20,0524,Aqua,MODIS,85,6.2,316.9,29.1,D,0
-16.6769,128.0828,351.9,1.2,1.1,2014-09-20,0524,Aqua,MODIS,94,6.2,319.9,55.2,D,0
-16.6751,128.0942,342.7,1.2,1.1,2014-09-20,0524,Aqua,MODIS,79,6.2,320.2,29.9,D,0
-16.6901,128.0673,350.4,1.2,1.1,2014-09-20,0524,Aqua,MODIS,93,6.2,318,54.2,D,0
-16.6846,128.1016,334.1,1.2,1.1,2014-09-20,0524,Aqua,MODIS,25,6.2,318.8,13.8,D,0
-16.6999,128.0693,333.4,1.2,1.1,2014-09-20,0524,Aqua,MODIS,35,6.2,314.3,14.3,D,0
-17.5314,125.5717,341.1,1,1,2014-09-20,0524,Aqua,MODIS,68,6.2,314.7,27.3,D,0
-17.5327,125.5623,342.5,1,1,2014-09-20,0524,Aqua,MODIS,83,6.2,312.6,30.8,D,0
-17.3455,127.3278,342.2,1.1,1,2014-09-20,0524,Aqua,MODIS,54,6.2,316.1,33.1,D,0
-17.5794,125.685,340.4,1,1,2014-09-20,0524,Aqua,MODIS,80,6.2,316.7,20.6,D,0
-17.5403,125.5731,334.7,1,1,2014-09-20,0524,Aqua,MODIS,49,6.2,311.4,17.8,D,0
-17.3013,127.4906,343.1,1.1,1.1,2014-09-20,0524,Aqua,MODIS,36,6.2,317,33.6,D,0
-17.4598,125.5537,353.7,1,1,2014-09-20,0524,Aqua,MODIS,95,6.2,312.4,51.1,D,0
-17.4405,125.5601,350.8,1,1,2014-09-20,0524,Aqua,MODIS,93,6.2,310,43.2,D,0
-18.0248,130.5717,332.6,1.7,1.3,2014-09-20,0524,Aqua,MODIS,68,6.2,317.6,20.3,D,0
-18.1073,130.6902,339.8,1.7,1.3,2014-09-20,0524,Aqua,MODIS,61,6.2,315.2,47.3,D,0
-18.0958,130.688,337.2,1.7,1.3,2014-09-20,0524,Aqua,MODIS,53,6.2,317.3,37.4,D,0
-18.0997,130.683,334.6,1.7,1.3,2014-09-20,0524,Aqua,MODIS,28,6.2,317.3,26.4,D,0
-17.4322,127.3589,379.7,1.1,1,2014-09-20,0524,Aqua,MODIS,94,6.2,315.5,155.6,D,0
-18.0275,130.5561,332.2,1.7,1.3,2014-09-20,0524,Aqua,MODIS,62,6.2,318.2,18.9,D,0
-18.0264,130.5653,336.3,1.7,1.3,2014-09-20,0524,Aqua,MODIS,78,6.2,318,34.5,D,0
-17.4306,127.3693,368.3,1.1,1,2014-09-20,0524,Aqua,MODIS,75,6.2,300.3,108.4,D,0
-17.3961,127.4058,341.6,1.1,1,2014-09-20,0524,Aqua,MODIS,72,6.2,313.3,36.3,D,0
-17.4586,127.2477,343.7,1.1,1,2014-09-20,0524,Aqua,MODIS,0,6.2,306,43.2,D,0
-17.2156,128.1089,338,1.2,1.1,2014-09-20,0524,Aqua,MODIS,80,6.2,317.7,24.5,D,0
-18.3599,130.4319,331.9,1.6,1.2,2014-09-20,0524,Aqua,MODIS,62,6.2,317.7,21.6,D,0
-18.3573,130.4469,328.9,1.6,1.2,2014-09-20,0524,Aqua,MODIS,45,6.2,315.7,14.4,D,0
-16.6903,128.0616,355.1,1.2,1.1,2014-09-20,0524,Aqua,MODIS,96,6.2,318.8,68.4,D,0
-14.0585,133.7713,331.1,3.4,1.7,2014-09-20,0524,Aqua,MODIS,65,6.2,311.9,85.1,D,0
-17.7296,130.9459,332.2,1.8,1.3,2014-09-20,0524,Aqua,MODIS,27,6.2,316.1,23.3,D,0
-13.5774,135.2337,330.1,4.5,2,2014-09-20,0525,Aqua,MODIS,55,6.2,306,138.7,D,0
-11.2602,132.3361,324.7,3,1.7,2014-09-20,0525,Aqua,MODIS,8,6.2,306.4,51.8,D,0
-12.6172,131.07,357.1,2.3,1.5,2014-09-20,0525,Aqua,MODIS,98,6.2,313.4,207.4,D,0
-13.0376,132.3111,330.6,2.8,1.6,2014-09-20,0525,Aqua,MODIS,70,6.2,316.2,40.8,D,0
-13.0332,132.3367,330.2,2.8,1.6,2014-09-20,0525,Aqua,MODIS,71,6.2,314.8,39.4,D,0
-14.0501,133.764,326.6,3.4,1.7,2014-09-20,0525,Aqua,MODIS,27,6.2,311.4,52.3,D,0
-14.0248,133.726,354.5,3.4,1.7,2014-09-20,0525,Aqua,MODIS,96,6.2,312.9,344.1,D,0
-14.0012,133.5934,327.3,3.4,1.7,2014-09-20,0525,Aqua,MODIS,60,6.2,309.8,67.2,D,0
-13.1093,132.2507,332.4,2.8,1.6,2014-09-20,0525,Aqua,MODIS,72,6.2,317,43.3,D,0
-13.0388,132.3162,334.3,2.8,1.6,2014-09-20,0525,Aqua,MODIS,76,6.2,316.1,62.9,D,0
-14.0051,133.6582,333.6,3.4,1.7,2014-09-20,0525,Aqua,MODIS,58,6.2,307.4,113.1,D,0
-14.0095,133.6516,330.8,3.4,1.7,2014-09-20,0525,Aqua,MODIS,52,6.2,308,86.3,D,0
-13.5762,135.1478,339.1,4.5,1.9,2014-09-20,0525,Aqua,MODIS,84,6.2,307,240.6,D,0
-13.9995,133.6177,338,3.4,1.7,2014-09-20,0525,Aqua,MODIS,83,6.2,311.2,150.1,D,0
-13.9954,133.6245,334.2,3.4,1.7,2014-09-20,0525,Aqua,MODIS,64,6.2,311.2,116.2,D,0
-11.2604,132.328,328.3,3,1.7,2014-09-20,0525,Aqua,MODIS,42,6.2,307,75.1,D,0
-13.5708,135.2706,326.9,4.6,2,2014-09-20,0525,Aqua,MODIS,61,6.2,306,115.9,D,0
-13.5788,135.2286,328.4,4.5,2,2014-09-20,0525,Aqua,MODIS,67,6.2,305.9,126.3,D,0
-13.5454,135.3088,327,4.6,2,2014-09-20,0525,Aqua,MODIS,64,6.2,308.3,126.8,D,0
-13.5327,135.0925,327.9,4.4,1.9,2014-09-20,0525,Aqua,MODIS,30,6.2,308.2,96,D,0
-14.0657,133.7673,327.9,3.4,1.7,2014-09-20,0525,Aqua,MODIS,35,6.2,312.5,59.8,D,0
-12.6146,131.0767,348.3,2.3,1.5,2014-09-20,0525,Aqua,MODIS,93,6.2,311.8,138.7,D,0
-13.5769,135.143,339.4,4.5,1.9,2014-09-20,0525,Aqua,MODIS,85,6.2,307,248.9,D,0
-13.0342,132.3418,327.9,2.8,1.6,2014-09-20,0525,Aqua,MODIS,44,6.2,314.9,27.4,D,0
-11.2456,132.3251,324.1,3,1.7,2014-09-20,0525,Aqua,MODIS,47,6.2,305.3,58,D,0
-12.6182,131.0559,352.1,2.3,1.5,2014-09-20,0525,Aqua,MODIS,95,6.2,314.2,164.2,D,0
-13.1102,130.7944,334.6,2.1,1.4,2014-09-20,0525,Aqua,MODIS,41,6.2,315.9,38.2,D,0
-13.1283,130.762,376.2,2.1,1.4,2014-09-20,0525,Aqua,MODIS,100,6.2,318.2,361,D,0
-13.1262,130.7766,348.6,2.1,1.4,2014-09-20,0525,Aqua,MODIS,82,6.2,316.7,112.7,D,0
-12.7658,130.9603,334.9,2.2,1.4,2014-09-20,0525,Aqua,MODIS,80,6.2,312.9,59.2,D,0
-13.1316,130.7426,364.9,2.1,1.4,2014-09-20,0525,Aqua,MODIS,100,6.2,307.4,252.4,D,0
-13.1249,130.7818,344.1,2.1,1.4,2014-09-20,0525,Aqua,MODIS,89,6.2,316.5,90.3,D,0
-13.1167,130.7549,349.8,2.1,1.4,2014-09-20,0525,Aqua,MODIS,79,6.2,310.7,130.4,D,0
-13.1326,130.7375,340.7,2.1,1.4,2014-09-20,0525,Aqua,MODIS,79,6.2,304.4,88,D,0
-13.1134,130.7747,350,2.1,1.4,2014-09-20,0525,Aqua,MODIS,93,6.2,316.7,125.7,D,0
-12.6207,131.0491,332.7,2.3,1.5,2014-09-20,0525,Aqua,MODIS,78,6.2,314.9,50,D,0
-13.1156,130.7601,350.7,2.1,1.4,2014-09-20,0525,Aqua,MODIS,83,6.2,312.8,137.1,D,0
-13.1294,130.7569,371.3,2.1,1.4,2014-09-20,0525,Aqua,MODIS,100,6.2,316.8,304.2,D,0
-13.1121,130.7799,349.6,2.1,1.4,2014-09-20,0525,Aqua,MODIS,93,6.2,316.8,121.4,D,0
-14.6614,126.4922,335.3,1.1,1,2014-09-20,0525,Aqua,MODIS,65,6.2,317.5,14.6,D,0
-14.6491,126.5107,340.8,1.1,1,2014-09-20,0525,Aqua,MODIS,84,6.2,317.7,23.9,D,0
-12.7261,132.8578,325.9,3.1,1.7,2014-09-20,0525,Aqua,MODIS,48,6.2,313.3,40.6,D,0
-12.5228,133.0723,329.7,3.3,1.7,2014-09-20,0525,Aqua,MODIS,58,6.2,310.7,77.9,D,0
-12.5177,133.0766,331.3,3.3,1.7,2014-09-20,0525,Aqua,MODIS,66,6.2,311.7,89.8,D,0
-13.5435,135.3137,326.2,4.6,2,2014-09-20,0525,Aqua,MODIS,29,6.2,308.3,106.1,D,0
-13.5234,135.1245,327,4.5,1.9,2014-09-20,0525,Aqua,MODIS,39,6.2,307.1,95.6,D,0
-12.8344,134.8942,328.7,4.4,1.9,2014-09-20,0525,Aqua,MODIS,63,6.2,308.6,108.6,D,0
-12.8265,134.8592,324.5,4.4,1.9,2014-09-20,0525,Aqua,MODIS,37,6.2,308.6,62.6,D,0
-12.2523,133.2922,325.2,3.4,1.7,2014-09-20,0525,Aqua,MODIS,55,6.2,311.2,42.1,D,0
-12.8361,134.9031,326.2,4.4,1.9,2014-09-20,0525,Aqua,MODIS,37,6.2,308.5,82.1,D,0
-11.4701,131.1517,328.3,2.4,1.5,2014-09-20,0525,Aqua,MODIS,54,6.2,307,43.3,D,0
-13.1028,130.7582,340.6,2.1,1.4,2014-09-20,0525,Aqua,MODIS,67,6.2,310.6,82.5,D,0
-11.6037,131.2265,323,2.5,1.5,2014-09-20,0525,Aqua,MODIS,66,6.2,305.6,32,D,0
-13.104,130.753,337,2.1,1.4,2014-09-20,0525,Aqua,MODIS,60,6.2,309.5,63.8,D,0
-11.4797,131.1766,328.9,2.5,1.5,2014-09-20,0525,Aqua,MODIS,56,6.2,307.8,43.8,D,0
-11.4852,131.1699,328.1,2.5,1.5,2014-09-20,0525,Aqua,MODIS,26,6.2,308.4,40.9,D,0
-11.4718,131.1673,333.7,2.5,1.5,2014-09-20,0525,Aqua,MODIS,74,6.2,307.5,73.6,D,0
-11.4836,131.1543,327.1,2.4,1.5,2014-09-20,0525,Aqua,MODIS,57,6.2,310,35.9,D,0
-11.4797,130.334,327.9,2.1,1.4,2014-09-20,0525,Aqua,MODIS,59,6.2,308,38,D,0
-13.6389,129.8576,336.8,1.8,1.3,2014-09-20,0525,Aqua,MODIS,80,6.2,304.9,59.9,D,0
-13.6331,129.8512,336.7,1.8,1.3,2014-09-20,0525,Aqua,MODIS,79,6.2,304.4,60.6,D,0
-11.527,130.2835,322.3,2.1,1.4,2014-09-20,0525,Aqua,MODIS,41,6.2,303.3,17.3,D,0
-11.4829,130.315,327,2.1,1.4,2014-09-20,0525,Aqua,MODIS,67,6.2,305.5,35.3,D,0
-11.4861,130.2959,326.4,2.1,1.4,2014-09-20,0525,Aqua,MODIS,44,6.2,303.9,31.9,D,0
-14.2452,126.617,337.3,1.1,1,2014-09-20,0525,Aqua,MODIS,68,6.2,315.4,24.3,D,0
-13.7605,129.9032,329.8,1.8,1.3,2014-09-20,0525,Aqua,MODIS,64,6.2,304.1,40.7,D,0
-11.3933,130.4521,322.4,2.2,1.4,2014-09-20,0525,Aqua,MODIS,70,6.2,306.3,28.6,D,0
-13.0644,130.2802,330.1,2,1.4,2014-09-20,0525,Aqua,MODIS,65,6.2,300.7,46.9,D,0
-13.654,130.2052,329.5,1.9,1.3,2014-09-20,0525,Aqua,MODIS,51,6.2,314.3,26.7,D,0
-13.6448,130.1859,377.6,1.9,1.3,2014-09-20,0525,Aqua,MODIS,100,6.2,319.1,321.4,D,0
-13.6477,130.1686,328,1.9,1.3,2014-09-20,0525,Aqua,MODIS,52,6.2,307.9,26.9,D,0
-13.0551,130.2601,324.9,2,1.4,2014-09-20,0525,Aqua,MODIS,24,6.2,301.4,29.8,D,0
-11.7815,130.1726,320.3,2,1.4,2014-09-20,0525,Aqua,MODIS,67,6.2,306.6,21.3,D,0
-11.794,130.1746,319.9,2,1.4,2014-09-20,0525,Aqua,MODIS,46,6.2,306.5,19.8,D,0
-12.3513,132.2988,336,2.9,1.6,2014-09-20,0525,Aqua,MODIS,82,6.2,308.7,106.9,D,0
-12.3322,132.3223,325.3,2.9,1.6,2014-09-20,0525,Aqua,MODIS,57,6.2,307.5,40.1,D,0
-12.3368,132.296,330,2.9,1.6,2014-09-20,0525,Aqua,MODIS,74,6.2,307,67.3,D,0
-11.7248,130.1196,324,2,1.4,2014-09-20,0525,Aqua,MODIS,42,6.2,306.7,29.8,D,0
-11.7526,130.1054,339.1,2,1.4,2014-09-20,0525,Aqua,MODIS,87,6.2,307.5,85.8,D,0
-13.0673,130.2623,323.6,2,1.4,2014-09-20,0525,Aqua,MODIS,20,6.2,301.8,24.2,D,0
-11.7536,130.1111,338.7,2,1.4,2014-09-20,0525,Aqua,MODIS,89,6.2,307.2,84.9,D,0
-13.642,130.2031,343.2,1.9,1.3,2014-09-20,0525,Aqua,MODIS,87,6.2,314.5,81.9,D,0
-13.6084,130.1091,325.9,1.9,1.3,2014-09-20,0525,Aqua,MODIS,49,6.2,309.3,26.4,D,0
-11.4765,130.3534,329,2.1,1.4,2014-09-20,0525,Aqua,MODIS,77,6.2,308,42.3,D,0
-34.7422,117.0227,326.8,3.9,1.8,2014-09-20,0657,Aqua,MODIS,80,6.2,298.5,148.3,D,0
-34.7569,116.9916,312.1,3.9,1.8,2014-09-20,0657,Aqua,MODIS,52,6.2,298.2,52.4,D,0
-34.7464,117.0333,321.6,3.9,1.8,2014-09-20,0657,Aqua,MODIS,74,6.2,297.9,112.9,D,0
-33.4196,116.3979,316.4,3.9,1.8,2014-09-20,0658,Aqua,MODIS,66,6.2,297.7,72.4,D,0
-33.4225,116.4034,319.3,3.9,1.8,2014-09-20,0658,Aqua,MODIS,55,6.2,297.6,86.5,D,0
-33.4095,116.4387,316,3.9,1.8,2014-09-20,0658,Aqua,MODIS,65,6.2,297.2,71.8,D,0
-36.0236,144.9471,303.7,1.1,1,2014-09-20,1305,Terra,MODIS,57,6.2,281.1,9.8,N,0
-36.021,144.928,313.7,1.1,1,2014-09-20,1305,Terra,MODIS,88,6.2,281.6,17.4,N,0
-36.0195,144.9401,317.6,1.1,1,2014-09-20,1305,Terra,MODIS,95,6.2,282.7,21.3,N,0
-36.0251,144.9351,300.3,1.1,1,2014-09-20,1305,Terra,MODIS,22,6.2,281,7.7,N,0
-29.6435,148.5481,306.8,1.2,1.1,2014-09-20,1307,Terra,MODIS,69,6.2,275.7,14.7,N,0
-20.7364,139.4831,301.8,1.3,1.1,2014-09-20,1310,Terra,MODIS,44,6.2,290.5,7.1,N,2
-20.7379,139.4706,306.8,1.3,1.1,2014-09-20,1310,Terra,MODIS,69,6.2,290.6,11.7,N,2
-15.1971,143.6577,320.1,1.1,1,2014-09-20,1311,Terra,MODIS,100,6.2,293.1,18.1,N,0
-14.4249,142.1575,309,1,1,2014-09-20,1311,Terra,MODIS,73,6.2,286.4,8.9,N,0
-14.2156,141.7574,303,1,1,2014-09-20,1311,Terra,MODIS,13,6.2,292.4,4,N,0
-14.2272,141.7404,304.2,1,1,2014-09-20,1311,Terra,MODIS,5,6.2,292.3,4.5,N,0
-16.0381,144.3729,308.7,1.1,1.1,2014-09-20,1311,Terra,MODIS,40,6.2,292.7,8.4,N,0
-16.0064,144.3888,312.7,1.1,1.1,2014-09-20,1311,Terra,MODIS,50,6.2,292.5,11.8,N,0
-15.9938,144.3438,306.4,1.1,1.1,2014-09-20,1311,Terra,MODIS,68,6.2,292.4,7.5,N,0
-16.0493,144.3639,307.4,1.1,1.1,2014-09-20,1311,Terra,MODIS,57,6.2,292.9,7.8,N,0
-16.0349,144.3938,324.6,1.1,1.1,2014-09-20,1311,Terra,MODIS,100,6.2,293.9,25.3,N,0
-16.0159,144.3905,312.4,1.1,1.1,2014-09-20,1311,Terra,MODIS,38,6.2,293,11.3,N,0
-16.0254,144.392,328.4,1.1,1.1,2014-09-20,1311,Terra,MODIS,100,6.2,293.9,30.6,N,0
-16.0365,144.3834,326.1,1.1,1.1,2014-09-20,1311,Terra,MODIS,100,6.2,293.7,27,N,0
-15.9985,144.3768,310.3,1.1,1.1,2014-09-20,1311,Terra,MODIS,60,6.2,292.4,10,N,0
-16.0238,144.4024,303.8,1.1,1.1,2014-09-20,1311,Terra,MODIS,28,6.2,292.3,5.6,N,0
-15.0974,134.2854,316,2.6,1.6,2014-09-20,1311,Terra,MODIS,52,6.2,295.3,50.3,N,0
-15.0834,134.2835,306.8,2.6,1.6,2014-09-20,1311,Terra,MODIS,68,6.2,294.3,28,N,0
-15.1444,134.2961,310,2.6,1.6,2014-09-20,1311,Terra,MODIS,49,6.2,294.3,34.6,N,0
-15.3235,141.6609,333.7,1,1,2014-09-20,1311,Terra,MODIS,100,6.2,294.5,32.7,N,0
-15.1002,134.2607,317.5,2.6,1.6,2014-09-20,1311,Terra,MODIS,63,6.2,296.6,56.5,N,0
-17.1991,132.386,301.8,3.9,1.8,2014-09-20,1311,Terra,MODIS,44,6.2,291.5,34.7,N,0
-15.16,143.7133,303.6,1.1,1,2014-09-20,1311,Terra,MODIS,22,6.2,290.5,4.9,N,0
-17.2492,132.0919,302.5,4.1,1.9,2014-09-20,1311,Terra,MODIS,49,6.2,290.4,42.2,N,0
-17.2461,132.085,306.3,4.1,1.9,2014-09-20,1311,Terra,MODIS,68,6.2,290.7,61,N,0
-15.3248,141.6516,324.1,1,1,2014-09-20,1311,Terra,MODIS,100,6.2,294.2,20.8,N,0
-16.8555,135.4706,302.9,2.3,1.5,2014-09-20,1311,Terra,MODIS,27,6.2,272.9,19.7,N,0
-14.7885,142.8194,312.4,1,1,2014-09-20,1311,Terra,MODIS,83,6.2,293.8,9.6,N,0
-14.7976,142.8208,312.8,1,1,2014-09-20,1311,Terra,MODIS,86,6.2,293.9,9.9,N,0
-15.1255,134.2883,309.1,2.6,1.6,2014-09-20,1311,Terra,MODIS,7,6.2,294.5,28.2,N,0
-15.3172,141.6409,308.5,1,1,2014-09-20,1311,Terra,MODIS,34,6.2,292.8,7.7,N,0
-14.8067,142.8223,312,1,1,2014-09-20,1311,Terra,MODIS,84,6.2,293.6,9.3,N,0
-14.8158,142.8238,304.6,1,1,2014-09-20,1311,Terra,MODIS,10,6.2,293.5,4.5,N,0
-15.2876,141.6553,305.8,1,1,2014-09-20,1311,Terra,MODIS,66,6.2,292.5,6,N,0
-14.844,142.8152,304.3,1,1,2014-09-20,1311,Terra,MODIS,31,6.2,293.3,4.6,N,0
-14.8454,142.8057,305.8,1,1,2014-09-20,1311,Terra,MODIS,61,6.2,293.6,5.7,N,0
-15.1049,134.2666,318.3,2.6,1.6,2014-09-20,1311,Terra,MODIS,25,6.2,296.7,55.1,N,0
-15.3069,141.6488,332.9,1,1,2014-09-20,1311,Terra,MODIS,100,6.2,295.1,30.2,N,0
-15.2966,141.6567,315.8,1,1,2014-09-20,1311,Terra,MODIS,46,6.2,293.9,11.9,N,0
-15.3082,141.6395,322.7,1,1,2014-09-20,1311,Terra,MODIS,100,6.2,293.8,18.6,N,0
-15.2979,141.6474,362.1,1,1,2014-09-20,1311,Terra,MODIS,100,6.2,296.2,90.1,N,0
-15.2862,141.6646,308.4,1,1,2014-09-20,1311,Terra,MODIS,74,6.2,292.8,7.7,N,0
-15.1023,134.2913,315.9,2.6,1.6,2014-09-20,1311,Terra,MODIS,11,6.2,295,45.2,N,0
-15.2849,141.6739,317.6,1,1,2014-09-20,1311,Terra,MODIS,95,6.2,292.7,14.8,N,0
-15.2992,141.6382,330.5,1,1,2014-09-20,1311,Terra,MODIS,100,6.2,292.8,28.1,N,0
-15.0862,134.2591,304.5,2.6,1.6,2014-09-20,1311,Terra,MODIS,31,6.2,294.1,22.1,N,0
-12.5323,133.0758,307.5,3,1.6,2014-09-20,1312,Terra,MODIS,72,6.2,295.6,31.5,N,0
-13.0484,141.8152,310.6,1,1,2014-09-20,1312,Terra,MODIS,71,6.2,269.9,12.7,N,0
-12.5326,133.0704,305.7,3,1.6,2014-09-20,1312,Terra,MODIS,65,6.2,295.5,25.9,N,0
-12.7379,132.8546,314,3.1,1.7,2014-09-20,1312,Terra,MODIS,88,6.2,293.5,61.6,N,0
-12.8463,134.9778,307.7,2.2,1.4,2014-09-20,1312,Terra,MODIS,72,6.2,292,24.7,N,0
-12.8455,134.9832,308.6,2.2,1.4,2014-09-20,1312,Terra,MODIS,75,6.2,292.3,26.4,N,0
-12.7401,132.8497,316.6,3.1,1.7,2014-09-20,1312,Terra,MODIS,93,6.2,293.5,73.1,N,0
-13.5818,135.2431,302,2.1,1.4,2014-09-20,1312,Terra,MODIS,36,6.2,291.8,13.8,N,0
-13.5701,135.1221,304.8,2.2,1.4,2014-09-20,1312,Terra,MODIS,47,6.2,292.7,16.5,N,0
-13.5795,135.2625,302.4,2.1,1.4,2014-09-20,1312,Terra,MODIS,44,6.2,291.4,15.1,N,0
-14.3643,134.2787,312.6,2.6,1.5,2014-09-20,1312,Terra,MODIS,84,6.2,295.8,37.3,N,0
-14.2978,134.2591,306.2,2.6,1.5,2014-09-20,1312,Terra,MODIS,8,6.2,295.3,19.5,N,0
-14.3364,134.2213,327.2,2.6,1.5,2014-09-20,1312,Terra,MODIS,100,6.2,296.9,89.3,N,0
-14.3587,134.2726,313.8,2.6,1.5,2014-09-20,1312,Terra,MODIS,88,6.2,295.6,42,N,0
-13.0941,141.9447,306.8,1,1,2014-09-20,1312,Terra,MODIS,49,6.2,279.4,7.9,N,0
-14.3337,134.2453,311.9,2.6,1.5,2014-09-20,1312,Terra,MODIS,27,6.2,295.7,28.9,N,0
-13.0928,141.9539,308.8,1,1,2014-09-20,1312,Terra,MODIS,59,6.2,280.8,8.5,N,0
-33.3926,116.4398,302,1.5,1.2,2014-09-20,1445,Terra,MODIS,14,6.2,287.6,8.8,N,0
-33.4037,116.4415,303.8,1.5,1.2,2014-09-20,1445,Terra,MODIS,35,6.2,287.7,11,N,0
-34.7335,117.6473,300.3,1.4,1.2,2014-09-20,1445,Terra,MODIS,24,6.2,288.1,7.3,N,0
-33.7993,121.2609,310.8,1,1,2014-09-20,1445,Terra,MODIS,81,6.2,289.1,11.9,N,0
-27.8049,124.4493,319.5,1.4,1.2,2014-09-20,1446,Terra,MODIS,99,6.2,291.7,29,N,0
-27.8189,124.5557,302.7,1.4,1.2,2014-09-20,1446,Terra,MODIS,51,6.2,287.9,10.9,N,0
-27.8074,124.4352,319,1.4,1.2,2014-09-20,1446,Terra,MODIS,98,6.2,291.1,28.7,N,0
-27.7999,124.4775,301,1.4,1.2,2014-09-20,1446,Terra,MODIS,31,6.2,290.1,7.5,N,0
-28.023,126.152,308,1.8,1.3,2014-09-20,1446,Terra,MODIS,54,6.2,287.7,22.4,N,0
-25.136,129.8794,301.5,3.7,1.8,2014-09-20,1447,Terra,MODIS,42,6.2,288.5,38.7,N,0
-25.1422,129.888,303.8,3.7,1.8,2014-09-20,1447,Terra,MODIS,57,6.2,288.7,47.2,N,0
-21.2504,118.3232,323,1,1,2014-09-20,1448,Terra,MODIS,100,6.2,299,19.2,N,0
-21.2517,118.3136,308.5,1,1,2014-09-20,1448,Terra,MODIS,73,6.2,297.3,6.7,N,0
-21.2427,118.3121,320.4,1,1,2014-09-20,1448,Terra,MODIS,100,6.2,298.1,15.9,N,0
-22.7156,118.1551,334.6,1,1,2014-09-20,1448,Terra,MODIS,100,6.2,291.5,33.6,N,0
-22.8182,118.2787,304.4,1,1,2014-09-20,1448,Terra,MODIS,57,6.2,288.2,6,N,0
-22.722,118.1762,320.2,1,1,2014-09-20,1448,Terra,MODIS,100,6.2,291.3,16.5,N,0
-22.7133,118.1045,314.1,1,1,2014-09-20,1448,Terra,MODIS,88,6.2,293.4,11.8,N,0
-22.7247,118.1566,306.5,1,1,2014-09-20,1448,Terra,MODIS,30,6.2,288.3,5.3,N,0
-21.9925,120.2926,302.2,1.1,1,2014-09-20,1448,Terra,MODIS,47,6.2,291.3,4.8,N,0
-22.7238,118.096,302.1,1,1,2014-09-20,1448,Terra,MODIS,13,6.2,289.9,3.4,N,0
-22.7641,118.0723,313.5,1,1,2014-09-20,1448,Terra,MODIS,87,6.2,289.2,12.4,N,0
-22.8078,118.287,310.1,1,1,2014-09-20,1448,Terra,MODIS,79,6.2,292.4,9.4,N,0
-22.9791,119.5977,309.5,1,1,2014-09-20,1448,Terra,MODIS,78,6.2,295.2,8.4,N,0
-22.717,118.1453,314.5,1,1,2014-09-20,1448,Terra,MODIS,85,6.2,290.1,11,N,0
-17.5356,125.5482,312.4,2.7,1.6,2014-09-20,1449,Terra,MODIS,85,6.2,294.8,36.2,N,0
-18.7672,128.8513,304.7,4.4,1.9,2014-09-20,1449,Terra,MODIS,61,6.2,290.4,56,N,0
-18.7588,128.8923,300.6,4.4,1.9,2014-09-20,1449,Terra,MODIS,31,6.2,290,37.7,N,0
-15.8345,127.6098,306.4,4.1,1.9,2014-09-20,1449,Terra,MODIS,68,6.2,291.3,48.3,N,0
-15.8284,127.5752,312.2,4.1,1.9,2014-09-20,1449,Terra,MODIS,84,6.2,289.7,76.5,N,0
-15.8451,127.579,309.7,4.1,1.9,2014-09-20,1449,Terra,MODIS,78,6.2,291.4,64.7,N,0
-16.6366,124.2266,302.1,2.2,1.4,2014-09-20,1449,Terra,MODIS,11,6.2,290.6,10.4,N,0
-18.7681,128.8565,306.7,4.4,1.9,2014-09-20,1449,Terra,MODIS,69,6.2,290.5,62.6,N,0
-17.4798,125.5361,308,2.7,1.6,2014-09-20,1449,Terra,MODIS,73,6.2,290.9,25.3,N,0
-15.8418,127.5716,316.3,4.1,1.9,2014-09-20,1449,Terra,MODIS,93,6.2,290.6,104.4,N,0
-17.418,127.2342,315.6,3.6,1.8,2014-09-20,1449,Terra,MODIS,92,6.2,295,78.4,N,0
-17.4099,127.2258,311.5,3.6,1.8,2014-09-20,1449,Terra,MODIS,83,6.2,294.5,57.6,N,0
-17.5393,125.5558,334,2.7,1.6,2014-09-20,1449,Terra,MODIS,100,6.2,295.9,131.8,N,0
-17.5532,125.5592,305.1,2.7,1.6,2014-09-20,1449,Terra,MODIS,34,6.2,293.8,15.8,N,0
-17.4796,127.221,320,3.6,1.8,2014-09-20,1449,Terra,MODIS,99,6.2,295.2,102.1,N,0
-17.5487,125.5836,317.5,2.7,1.6,2014-09-20,1449,Terra,MODIS,95,6.2,295.5,54.3,N,0
-17.5347,125.5802,312.1,2.7,1.6,2014-09-20,1449,Terra,MODIS,84,6.2,294.9,34.3,N,0
-17.4649,127.247,307.1,3.6,1.8,2014-09-20,1449,Terra,MODIS,50,6.2,292.7,39.9,N,0
-17.4642,127.2158,310.2,3.6,1.8,2014-09-20,1449,Terra,MODIS,75,6.2,295,48.4,N,0
-17.4715,127.2127,322.5,3.6,1.8,2014-09-20,1449,Terra,MODIS,100,6.2,295.5,116.5,N,0
-13.7224,134.3528,304.5,1.3,1.1,2014-09-20,1615,Aqua,MODIS,58,6.2,291.1,8.7,N,0
-14.0043,136.4607,311.4,1.1,1,2014-09-20,1615,Aqua,MODIS,82,6.2,285,12.5,N,0
-13.9951,136.4621,326.9,1.1,1,2014-09-20,1615,Aqua,MODIS,100,6.2,287.7,28.3,N,0
-13.9966,136.4718,304,1.1,1,2014-09-20,1615,Aqua,MODIS,55,6.2,287.1,6.9,N,0
-13.1297,130.7715,324.4,2.5,1.5,2014-09-20,1615,Aqua,MODIS,100,6.2,293.7,84.3,N,0
-13.1142,130.7322,313.1,2.5,1.5,2014-09-20,1615,Aqua,MODIS,86,6.2,293.1,42.5,N,0
-13.1257,130.7488,325.6,2.5,1.5,2014-09-20,1615,Aqua,MODIS,100,6.2,293.9,88,N,0
-13.1318,130.7527,327.7,2.5,1.5,2014-09-20,1615,Aqua,MODIS,100,6.2,293.8,96.9,N,0
-13.1279,130.7296,314.9,2.5,1.5,2014-09-20,1615,Aqua,MODIS,90,6.2,293.1,48,N,0
-13.1357,130.7754,319.7,2.5,1.5,2014-09-20,1615,Aqua,MODIS,99,6.2,293.1,65.3,N,0
-13.1216,130.7258,324.4,2.5,1.5,2014-09-20,1615,Aqua,MODIS,100,6.2,293.8,84.8,N,0
-13.1102,130.7089,314.9,2.5,1.5,2014-09-20,1615,Aqua,MODIS,90,6.2,293.2,49.5,N,0
-13.1174,130.7024,305.5,2.5,1.5,2014-09-20,1615,Aqua,MODIS,65,6.2,292.9,24.7,N,0
-15.0292,134.3176,306.5,1.3,1.1,2014-09-20,1616,Aqua,MODIS,68,6.2,290.8,11.3,N,0
-17.1475,132.3752,337.6,1.6,1.2,2014-09-20,1616,Aqua,MODIS,100,6.2,293.5,79.4,N,0
-17.1586,132.3732,306.4,1.6,1.2,2014-09-20,1616,Aqua,MODIS,22,6.2,291.4,13.5,N,0
-17.2874,132.3825,313.6,1.6,1.2,2014-09-20,1616,Aqua,MODIS,87,6.2,291.1,24.2,N,0
-17.2985,132.3805,340.3,1.6,1.2,2014-09-20,1616,Aqua,MODIS,100,6.2,292.8,87,N,0
-17.3071,132.3637,334.8,1.6,1.2,2014-09-20,1616,Aqua,MODIS,100,6.2,292.3,68.1,N,0
-17.3096,132.3785,327.3,1.6,1.2,2014-09-20,1616,Aqua,MODIS,100,6.2,292.1,48.7,N,0
-17.3243,132.3297,325.6,1.6,1.2,2014-09-20,1616,Aqua,MODIS,100,6.2,293.1,47.5,N,0
-17.3157,132.3467,326.3,1.6,1.2,2014-09-20,1616,Aqua,MODIS,100,6.2,293.1,47.8,N,0
-17.3268,132.3447,309.3,1.6,1.2,2014-09-20,1616,Aqua,MODIS,77,6.2,293.3,17.8,N,0
-16.717,132.6961,322.9,1.5,1.2,2014-09-20,1616,Aqua,MODIS,100,6.2,292.9,37.6,N,0
-16.7195,132.7104,326.7,1.5,1.2,2014-09-20,1616,Aqua,MODIS,100,6.2,294.9,45.3,N,0
-17.3011,132.3953,301.2,1.6,1.2,2014-09-20,1616,Aqua,MODIS,12,6.2,290.8,7.6,N,0
-17.15,132.3901,322.3,1.6,1.2,2014-09-20,1616,Aqua,MODIS,100,6.2,294.3,40,N,0
-17.1859,132.3988,306.2,1.6,1.2,2014-09-20,1616,Aqua,MODIS,24,6.2,290.6,12.9,N,0
-17.1844,132.392,304.4,1.6,1.2,2014-09-20,1616,Aqua,MODIS,60,6.2,290.5,12.2,N,0
-17.1955,132.3899,303.7,1.6,1.2,2014-09-20,1616,Aqua,MODIS,57,6.2,291.2,11.4,N,0
-17.2092,132.201,302.4,1.6,1.3,2014-09-20,1616,Aqua,MODIS,25,6.2,290.6,9.5,N,0
-17.2118,132.2162,307.4,1.6,1.3,2014-09-20,1616,Aqua,MODIS,68,6.2,291.5,15.8,N,0
-17.2205,132.1989,370.7,1.6,1.3,2014-09-20,1616,Aqua,MODIS,100,6.2,298.6,244.4,N,0
-17.2231,132.2141,351.8,1.6,1.3,2014-09-20,1616,Aqua,MODIS,100,6.2,297.7,135.7,N,0
-16.6758,132.7252,308.2,1.5,1.2,2014-09-20,1616,Aqua,MODIS,50,6.2,291.9,14.2,N,0
-16.6868,132.7232,309.8,1.5,1.2,2014-09-20,1616,Aqua,MODIS,28,6.2,292.8,15.7,N,0
-16.6781,132.7327,308.4,1.5,1.2,2014-09-20,1616,Aqua,MODIS,20,6.2,291.7,13.8,N,0
-16.728,132.694,306,1.5,1.2,2014-09-20,1616,Aqua,MODIS,63,6.2,293.2,12.9,N,0
-16.5741,132.8081,315,1.5,1.2,2014-09-20,1616,Aqua,MODIS,44,6.2,295.7,21.7,N,0
-16.5826,132.7919,320.7,1.5,1.2,2014-09-20,1616,Aqua,MODIS,76,6.2,295.8,30,N,0
-16.585,132.8061,329.4,1.5,1.2,2014-09-20,1616,Aqua,MODIS,100,6.2,297.4,48.5,N,0
-16.5935,132.7899,331.6,1.5,1.2,2014-09-20,1616,Aqua,MODIS,100,6.2,296.7,54.3,N,0
-16.5959,132.8041,351.4,1.5,1.2,2014-09-20,1616,Aqua,MODIS,100,6.2,298.5,118,N,0
-16.5955,132.7839,316.5,1.5,1.2,2014-09-20,1616,Aqua,MODIS,81,6.2,294.6,24.8,N,0
-16.598,132.7981,336.3,1.5,1.2,2014-09-20,1616,Aqua,MODIS,100,6.2,298.2,68,N,0
-16.6004,132.8122,319.4,1.5,1.2,2014-09-20,1616,Aqua,MODIS,99,6.2,293.5,31.2,N,0
-16.6149,132.7657,312.6,1.5,1.2,2014-09-20,1616,Aqua,MODIS,78,6.2,292.7,20.2,N,0
-15.2879,141.6587,307.6,1.4,1.2,2014-09-20,1616,Aqua,MODIS,56,6.2,280.1,17.6,N,0
-15.0981,134.2939,328.8,1.3,1.1,2014-09-20,1616,Aqua,MODIS,100,6.2,294.6,37.6,N,0
-15.0696,134.3107,302,1.3,1.1,2014-09-20,1616,Aqua,MODIS,21,6.2,291.6,6.8,N,0
-15.0962,134.2819,321.7,1.3,1.1,2014-09-20,1616,Aqua,MODIS,100,6.2,291.9,24.8,N,0
-15.0949,134.2876,318.6,1.3,1.1,2014-09-20,1616,Aqua,MODIS,63,6.2,292.4,21,N,0
-15.0969,134.2995,316.8,1.3,1.1,2014-09-20,1616,Aqua,MODIS,57,6.2,293.5,19.9,N,0
-15.1031,134.2739,313.2,1.3,1.1,2014-09-20,1616,Aqua,MODIS,34,6.2,290.4,13.9,N,0
-15.1051,134.2859,324.9,1.3,1.1,2014-09-20,1616,Aqua,MODIS,98,6.2,293.4,30.3,N,0
-15.1393,134.3045,310.3,1.3,1.1,2014-09-20,1616,Aqua,MODIS,21,6.2,293.9,13.2,N,0
-15.0312,134.3296,307.1,1.3,1.1,2014-09-20,1616,Aqua,MODIS,70,6.2,291.7,11.8,N,0
-14.1723,132.4398,326,1.8,1.3,2014-09-20,1616,Aqua,MODIS,100,6.2,295.6,55.1,N,0
-14.1605,132.4418,308.2,1.8,1.3,2014-09-20,1616,Aqua,MODIS,74,6.2,293.9,18.1,N,0
-13.9803,133.6196,304.1,1.5,1.2,2014-09-20,1616,Aqua,MODIS,59,6.2,289.7,12.7,N,0
-14.1488,132.4439,312.1,1.8,1.3,2014-09-20,1616,Aqua,MODIS,44,6.2,293.6,22.8,N,0
-14.1415,132.451,309.2,1.8,1.3,2014-09-20,1616,Aqua,MODIS,31,6.2,292.8,18.7,N,0
-14.0499,133.7737,302.2,1.4,1.2,2014-09-20,1616,Aqua,MODIS,48,6.2,291.5,7.8,N,0
-14.0521,133.7869,304.9,1.4,1.2,2014-09-20,1616,Aqua,MODIS,62,6.2,291.3,10.9,N,0
-13.9825,133.6331,305.8,1.5,1.2,2014-09-20,1616,Aqua,MODIS,66,6.2,289.9,14.3,N,0
-14.1388,132.4347,310.5,1.8,1.3,2014-09-20,1616,Aqua,MODIS,43,6.2,293.2,20.4,N,0
-14.2453,132.4433,317.1,1.8,1.3,2014-09-20,1616,Aqua,MODIS,94,6.2,295.5,32.5,N,0
-14.239,132.4377,311.6,1.8,1.3,2014-09-20,1616,Aqua,MODIS,83,6.2,295.8,22.5,N,0
-14.2652,132.4498,310.7,1.8,1.3,2014-09-20,1616,Aqua,MODIS,53,6.2,296.8,18.6,N,0
-14.2769,132.4475,325.5,1.8,1.3,2014-09-20,1616,Aqua,MODIS,100,6.2,298.3,50.9,N,0
-14.1371,132.446,318.2,1.8,1.3,2014-09-20,1616,Aqua,MODIS,86,6.2,294.1,34.9,N,0
-14.127,132.4368,318.9,1.8,1.3,2014-09-20,1616,Aqua,MODIS,98,6.2,293.7,36.8,N,0
-14.2419,132.4541,306.3,1.8,1.3,2014-09-20,1616,Aqua,MODIS,68,6.2,294,13.9,N,0
-14.3413,134.236,310.6,1.3,1.1,2014-09-20,1616,Aqua,MODIS,81,6.2,292.9,13.3,N,0
-14.3022,134.2555,305.5,1.3,1.1,2014-09-20,1616,Aqua,MODIS,61,6.2,292.7,8.7,N,0
-14.3594,134.2836,306.6,1.3,1.1,2014-09-20,1616,Aqua,MODIS,53,6.2,292.7,9.2,N,0
-19.133,128.9315,304.8,2.6,1.6,2014-09-20,1617,Aqua,MODIS,58,6.2,290.4,25.1,N,0
-19.1701,128.9747,301,2.6,1.5,2014-09-20,1617,Aqua,MODIS,15,6.2,290.8,17.1,N,0
-19.1297,128.9396,311.5,2.6,1.6,2014-09-20,1617,Aqua,MODIS,83,6.2,290.5,44.2,N,0
-19.1251,128.915,303.3,2.6,1.6,2014-09-20,1617,Aqua,MODIS,54,6.2,289,22.8,N,0
-17.5971,125.996,321.5,4.6,2,2014-09-20,1617,Aqua,MODIS,100,6.2,294,167.4,N,0
-17.5913,125.9626,320.1,4.6,2,2014-09-20,1617,Aqua,MODIS,100,6.2,291.5,160.8,N,0
-18.5864,130.4386,314.9,2.1,1.4,2014-09-20,1617,Aqua,MODIS,90,6.2,292.2,41.1,N,0
-17.4637,127.2369,314.9,3.8,1.8,2014-09-20,1617,Aqua,MODIS,90,6.2,292.3,93.2,N,0
-17.5996,126.003,323.8,4.6,2,2014-09-20,1617,Aqua,MODIS,100,6.2,293.7,189.1,N,0
-18.5915,130.4522,303.3,2.1,1.4,2014-09-20,1617,Aqua,MODIS,54,6.2,291.2,18.1,N,0
-17.5885,125.9552,311.7,4.6,2,2014-09-20,1617,Aqua,MODIS,78,6.2,289.7,96.6,N,0
-18.588,130.4329,308.7,2.1,1.4,2014-09-20,1617,Aqua,MODIS,75,6.2,291.4,27.8,N,0
-23.3311,129.5438,304.5,1.9,1.4,2014-09-20,1618,Aqua,MODIS,60,6.2,288.8,17.9,N,0
-23.3331,129.5363,301.6,1.9,1.4,2014-09-20,1618,Aqua,MODIS,42,6.2,288.9,14.4,N,0
-25.1405,129.9092,301.2,1.7,1.3,2014-09-20,1619,Aqua,MODIS,26,6.2,287.5,11.5,N,0
-27.8008,124.4438,305.4,3.4,1.7,2014-09-20,1620,Aqua,MODIS,64,6.2,289.6,47.4,N,0
-28.0264,126.1887,306,2.6,1.5,2014-09-20,1620,Aqua,MODIS,67,6.2,285.8,37.4,N,0
-28.0236,126.1975,301.6,2.6,1.5,2014-09-20,1620,Aqua,MODIS,43,6.2,285.6,27,N,0
-28.0182,126.1713,313.8,2.6,1.6,2014-09-20,1620,Aqua,MODIS,88,6.2,286.9,60.8,N,0
-28.0208,126.1626,313,2.6,1.6,2014-09-20,1620,Aqua,MODIS,86,6.2,287.2,57.9,N,0
-22.707,118.1028,306.1,2.2,1.4,2014-09-20,1756,Aqua,MODIS,47,6.2,290.4,23.1,N,0
-22.7092,118.1248,303.2,2.2,1.4,2014-09-20,1756,Aqua,MODIS,39,6.2,290.1,18.4,N,0
-22.7114,118.1472,307.2,2.2,1.4,2014-09-20,1756,Aqua,MODIS,35,6.2,290.1,25.3,N,0
-28.8069,152.5222,314.9,1,1,2014-09-21,0006,Terra,MODIS,72,6.2,291.9,10.7,D,0
-34.051,150.6839,311.5,1,1,2014-09-21,0007,Terra,MODIS,71,6.2,294.2,7.2,D,0
-33.1649,147.8084,317,1.1,1.1,2014-09-21,0007,Terra,MODIS,74,6.2,297.5,13,D,0
-36.0151,144.9314,303.4,1.4,1.2,2014-09-21,0008,Terra,MODIS,46,6.2,291.5,6.5,D,0
-36.0179,144.9464,302.5,1.4,1.2,2014-09-21,0008,Terra,MODIS,42,6.2,291.2,5.7,D,0
-34.4666,150.8926,309.4,1,1,2014-09-21,0008,Terra,MODIS,0,6.2,296.6,4.8,D,2
-34.4651,150.8815,311.1,1,1,2014-09-21,0008,Terra,MODIS,61,6.2,297.1,6.3,D,2
-42.6433,147.5316,306.5,1,1,2014-09-21,0010,Terra,MODIS,64,6.2,288.1,8.1,D,0
-12.1813,135.3262,324.5,1.6,1.3,2014-09-21,0140,Terra,MODIS,33,6.2,306.7,19.8,D,0
-12.1801,135.3172,321.8,1.6,1.2,2014-09-21,0140,Terra,MODIS,59,6.2,305.6,14.9,D,0
-12.3268,132.3192,338.9,1.1,1,2014-09-21,0140,Terra,MODIS,80,6.2,310.4,27.3,D,0
-12.3282,132.3291,338.9,1.1,1,2014-09-21,0140,Terra,MODIS,85,6.2,309.6,28.4,D,0
-12.1821,135.3318,323.2,1.6,1.3,2014-09-21,0140,Terra,MODIS,64,6.2,306.2,18.1,D,0
-12.4402,131.0043,326.7,1,1,2014-09-21,0140,Terra,MODIS,45,6.2,310.6,7,D,0
-12.5028,135.7728,328.8,1.8,1.3,2014-09-21,0140,Terra,MODIS,22,6.2,311.6,24.6,D,0
-12.7541,132.878,330.5,1.2,1.1,2014-09-21,0140,Terra,MODIS,48,6.2,309.1,18.1,D,0
-12.5101,135.7655,331.6,1.8,1.3,2014-09-21,0140,Terra,MODIS,15,6.2,310.6,32.8,D,0
-12.487,135.7421,341,1.8,1.3,2014-09-21,0140,Terra,MODIS,88,6.2,309.5,67.4,D,0
-12.4987,135.7407,334.6,1.8,1.3,2014-09-21,0140,Terra,MODIS,68,6.2,307.5,44.2,D,0
-12.7526,132.8675,328.3,1.2,1.1,2014-09-21,0140,Terra,MODIS,43,6.2,309.6,14.1,D,0
-11.4915,130.316,332.9,1,1,2014-09-21,0140,Terra,MODIS,78,6.2,311.4,14.4,D,0
-11.3965,130.4827,326.3,1,1,2014-09-21,0140,Terra,MODIS,58,6.2,309.6,11.5,D,0
-12.4112,132.9834,336.2,1.2,1.1,2014-09-21,0140,Terra,MODIS,77,6.2,315.8,26.2,D,0
-12.4127,132.9939,331.2,1.2,1.1,2014-09-21,0140,Terra,MODIS,59,6.2,314.9,17,D,0
-12.638,132.636,331.8,1.1,1.1,2014-09-21,0140,Terra,MODIS,72,6.2,312.4,16,D,0
-13.4265,134.529,328.7,1.5,1.2,2014-09-21,0140,Terra,MODIS,65,6.2,315.2,14.3,D,0
-13.2787,134.5473,329.7,1.5,1.2,2014-09-21,0140,Terra,MODIS,71,6.2,312.9,22.4,D,0
-12.7444,132.8794,334.8,1.2,1.1,2014-09-21,0140,Terra,MODIS,67,6.2,311.6,23.4,D,0
-12.6595,132.2065,330.8,1.1,1,2014-09-21,0140,Terra,MODIS,51,6.2,314.6,10.3,D,0
-13.497,135.1578,328.3,1.6,1.3,2014-09-21,0140,Terra,MODIS,63,6.2,307.3,30.6,D,0
-13.2815,134.5405,327.6,1.5,1.2,2014-09-21,0140,Terra,MODIS,61,6.2,314.3,17.6,D,0
-11.6163,131.2253,335.6,1,1,2014-09-21,0140,Terra,MODIS,75,6.2,312.6,19,D,0
-11.6336,131.2167,334.8,1,1,2014-09-21,0140,Terra,MODIS,47,6.2,312.2,17.6,D,0
-11.6426,131.2154,331.7,1,1,2014-09-21,0140,Terra,MODIS,70,6.2,312.1,15,D,0
-12.5914,131.6656,333.5,1,1,2014-09-21,0140,Terra,MODIS,42,6.2,319.4,17.7,D,0
-11.5907,131.2384,331.1,1,1,2014-09-21,0140,Terra,MODIS,59,6.2,311.7,13.4,D,0
-11.5997,131.2371,334.2,1,1,2014-09-21,0140,Terra,MODIS,48,6.2,311.6,17,D,0
-11.4692,131.2253,327.8,1,1,2014-09-21,0140,Terra,MODIS,42,6.2,309.3,13.2,D,0
-11.4782,131.224,340.8,1,1,2014-09-21,0140,Terra,MODIS,66,6.2,311.4,28.2,D,0
-11.4795,131.2332,374.6,1,1,2014-09-21,0140,Terra,MODIS,94,6.2,314.8,117.6,D,0
-11.4702,131.1692,358.9,1,1,2014-09-21,0140,Terra,MODIS,99,6.2,312.1,67.6,D,0
-11.4715,131.1783,359.9,1,1,2014-09-21,0140,Terra,MODIS,99,6.2,311.1,70.4,D,0
-11.4805,131.177,341.3,1,1,2014-09-21,0140,Terra,MODIS,80,6.2,311.9,27.9,D,0
-11.538,131.2555,328.1,1,1,2014-09-21,0140,Terra,MODIS,52,6.2,310.2,8.8,D,0
-11.547,131.2542,334.1,1,1,2014-09-21,0140,Terra,MODIS,76,6.2,311.3,16.6,D,0
-12.6277,132.7003,330,1.1,1.1,2014-09-21,0140,Terra,MODIS,53,6.2,313.5,13.3,D,0
-11.7957,130.1953,328.8,1,1,2014-09-21,0140,Terra,MODIS,0,6.2,305.6,13.9,D,0
-12.4031,132.9953,344.1,1.2,1.1,2014-09-21,0140,Terra,MODIS,90,6.2,315,41.3,D,0
-12.4016,132.9848,354.5,1.2,1.1,2014-09-21,0140,Terra,MODIS,96,6.2,313.7,69,D,0
-11.7944,130.1861,322.9,1,1,2014-09-21,0140,Terra,MODIS,23,6.2,306.9,7.4,D,0
-11.7867,130.1966,323.4,1,1,2014-09-21,0140,Terra,MODIS,65,6.2,306.5,7.9,D,0
-13.6286,130.1963,335,1,1,2014-09-21,0141,Terra,MODIS,68,6.2,307.6,20.1,D,0
-14.123,132.4358,338.5,1.1,1.1,2014-09-21,0141,Terra,MODIS,77,6.2,310.6,26.6,D,0
-14.1245,132.4463,358.7,1.1,1.1,2014-09-21,0141,Terra,MODIS,99,6.2,312.2,78.7,D,0
-14.2754,132.4512,337.1,1.1,1.1,2014-09-21,0141,Terra,MODIS,76,6.2,311.4,26.1,D,0
-14.134,132.445,344.3,1.1,1.1,2014-09-21,0141,Terra,MODIS,76,6.2,313.3,38.9,D,0
-14.112,132.4267,331.9,1.1,1.1,2014-09-21,0141,Terra,MODIS,70,6.2,313.1,17.2,D,0
-14.0983,132.3969,328.6,1.1,1.1,2014-09-21,0141,Terra,MODIS,58,6.2,316.4,10.9,D,0
-14.2785,132.4444,332.7,1.1,1.1,2014-09-21,0141,Terra,MODIS,42,6.2,312.1,18.1,D,0
-14.1135,132.4371,335.4,1.1,1.1,2014-09-21,0141,Terra,MODIS,77,6.2,313,23.5,D,0
-16.1849,128.1544,335.7,1.1,1,2014-09-21,0141,Terra,MODIS,79,6.2,307.9,22.6,D,0
-15.8533,127.6157,335.2,1.1,1.1,2014-09-21,0141,Terra,MODIS,72,6.2,308.2,21.7,D,0
-16.1864,128.1643,327.9,1.1,1,2014-09-21,0141,Terra,MODIS,36,6.2,308,11.9,D,0
-16.065,128.0376,344.4,1.1,1,2014-09-21,0141,Terra,MODIS,88,6.2,305.6,40.7,D,0
-16.0634,128.0275,333.9,1.1,1,2014-09-21,0141,Terra,MODIS,76,6.2,305.2,21.6,D,0
-15.8595,127.5936,328.5,1.1,1.1,2014-09-21,0141,Terra,MODIS,45,6.2,309.6,10.2,D,0
-15.8611,127.604,328.5,1.1,1.1,2014-09-21,0141,Terra,MODIS,25,6.2,308.9,10.4,D,0
-15.8632,127.5868,328.8,1.1,1.1,2014-09-21,0141,Terra,MODIS,65,6.2,308.7,12.6,D,0
-15.8516,127.6053,341.9,1.1,1.1,2014-09-21,0141,Terra,MODIS,86,6.2,310.4,33,D,0
-15.8438,127.6171,336.5,1.1,1.1,2014-09-21,0141,Terra,MODIS,79,6.2,310,24.7,D,0
-15.8421,127.6067,339.7,1.1,1.1,2014-09-21,0141,Terra,MODIS,83,6.2,310.9,29.6,D,0
-16.1803,128.1246,328.5,1.1,1,2014-09-21,0141,Terra,MODIS,63,6.2,309.4,12.7,D,0
-14.1531,132.4423,333.1,1.1,1.1,2014-09-21,0141,Terra,MODIS,70,6.2,310.7,19.4,D,0
-13.7138,134.3433,326.8,1.4,1.2,2014-09-21,0141,Terra,MODIS,24,6.2,313.8,13.2,D,0
-13.9778,133.6188,339.1,1.3,1.1,2014-09-21,0141,Terra,MODIS,72,6.2,315.9,35.2,D,0
-14.1545,132.4527,328.9,1.1,1.1,2014-09-21,0141,Terra,MODIS,37,6.2,310.7,13.1,D,0
-14.1435,132.4436,343,1.1,1.1,2014-09-21,0141,Terra,MODIS,87,6.2,312.4,38,D,0
-13.7369,134.3536,348.8,1.5,1.2,2014-09-21,0141,Terra,MODIS,93,6.2,313.9,72.3,D,0
-14.1879,132.4526,329.1,1.1,1.1,2014-09-21,0141,Terra,MODIS,62,6.2,313.3,13.4,D,0
-14.1736,132.45,340,1.1,1.1,2014-09-21,0141,Terra,MODIS,74,6.2,315.3,31.9,D,0
-13.9753,133.6133,331.5,1.3,1.1,2014-09-21,0141,Terra,MODIS,35,6.2,314.4,18.6,D,0
-14.1817,132.4382,344.8,1.1,1.1,2014-09-21,0141,Terra,MODIS,88,6.2,312.1,40.8,D,0
-13.9768,133.6254,331.6,1.3,1.1,2014-09-21,0141,Terra,MODIS,31,6.2,315.5,18.9,D,0
-15.7384,136.218,349.8,2.1,1.4,2014-09-21,0141,Terra,MODIS,93,6.2,304.7,162.5,D,0
-15.7361,136.1982,327.5,2.1,1.4,2014-09-21,0141,Terra,MODIS,65,6.2,298.7,54.3,D,0
-14.0267,133.7676,333.4,1.3,1.1,2014-09-21,0141,Terra,MODIS,48,6.2,316.7,22.4,D,0
-14.145,132.4541,330.3,1.1,1.1,2014-09-21,0141,Terra,MODIS,40,6.2,310.5,14.8,D,0
-14.1641,132.4514,332.9,1.1,1.1,2014-09-21,0141,Terra,MODIS,44,6.2,311.7,19,D,0
-13.9949,133.6845,336.1,1.3,1.1,2014-09-21,0141,Terra,MODIS,80,6.2,314,30.5,D,0
-13.9965,133.6967,338.2,1.3,1.1,2014-09-21,0141,Terra,MODIS,80,6.2,314.4,35.6,D,0
-13.9877,133.6914,327.6,1.3,1.1,2014-09-21,0141,Terra,MODIS,58,6.2,313.9,15.3,D,0
-14.0084,133.7077,328.3,1.3,1.1,2014-09-21,0141,Terra,MODIS,36,6.2,312.6,15.4,D,0
-14.01,133.7199,328.6,1.3,1.1,2014-09-21,0141,Terra,MODIS,39,6.2,312.2,15.4,D,0
-14.1832,132.4486,381,1.1,1.1,2014-09-21,0141,Terra,MODIS,100,6.2,317.6,170,D,0
-14.3589,134.2959,330.5,1.5,1.2,2014-09-21,0141,Terra,MODIS,64,6.2,313,23.9,D,0
-14.8899,135.0584,335.4,1.7,1.3,2014-09-21,0141,Terra,MODIS,79,6.2,310.6,49.9,D,0
-14.479,134.7015,329.5,1.6,1.2,2014-09-21,0141,Terra,MODIS,52,6.2,313.3,24.7,D,0
-14.3581,134.4845,357.3,1.5,1.2,2014-09-21,0141,Terra,MODIS,98,6.2,314.6,116.5,D,0
-14.4091,134.3446,328.7,1.5,1.2,2014-09-21,0141,Terra,MODIS,57,6.2,315.4,16.7,D,0
-14.5927,134.4344,328,1.5,1.2,2014-09-21,0141,Terra,MODIS,37,6.2,314.3,15.6,D,0
-14.3163,134.4193,324.7,1.5,1.2,2014-09-21,0141,Terra,MODIS,13,6.2,311.4,13.3,D,0
-14.3616,134.4917,333.7,1.5,1.2,2014-09-21,0141,Terra,MODIS,63,6.2,313.6,30.7,D,0
-14.9731,134.2897,345.4,1.5,1.2,2014-09-21,0141,Terra,MODIS,90,6.2,312.9,71.1,D,0
-14.8823,135.0909,338.2,1.7,1.3,2014-09-21,0141,Terra,MODIS,83,6.2,310.7,59.1,D,0
-13.1444,130.7843,334.8,1,1,2014-09-21,0141,Terra,MODIS,65,6.2,315.3,13.7,D,0
-14.2951,134.2559,340.4,1.5,1.2,2014-09-21,0141,Terra,MODIS,85,6.2,310.8,49.9,D,0
-14.2968,134.2692,333.2,1.5,1.2,2014-09-21,0141,Terra,MODIS,75,6.2,310.6,30.9,D,0
-14.2934,134.2427,357.2,1.5,1.2,2014-09-21,0141,Terra,MODIS,98,6.2,312.7,110.2,D,0
-14.2861,134.2706,356.3,1.5,1.2,2014-09-21,0141,Terra,MODIS,97,6.2,311.9,106.2,D,0
-14.2916,134.2293,335.1,1.4,1.2,2014-09-21,0141,Terra,MODIS,78,6.2,310.8,34.6,D,0
-14.2879,134.2841,363.3,1.5,1.2,2014-09-21,0141,Terra,MODIS,100,6.2,311.2,139,D,0
-14.8804,135.0754,331.7,1.7,1.3,2014-09-21,0141,Terra,MODIS,64,6.2,308.3,37.5,D,0
-14.8872,135.0529,332.4,1.7,1.3,2014-09-21,0141,Terra,MODIS,68,6.2,309.1,38.5,D,0
-14.2931,134.3248,343.8,1.5,1.2,2014-09-21,0141,Terra,MODIS,88,6.2,310.7,61.8,D,0
-14.4769,134.693,335.6,1.6,1.2,2014-09-21,0141,Terra,MODIS,79,6.2,312.5,43.2,D,0
-14.3039,134.3234,333.8,1.5,1.2,2014-09-21,0141,Terra,MODIS,76,6.2,310.1,31.9,D,0
-14.2949,134.3385,327.2,1.5,1.2,2014-09-21,0141,Terra,MODIS,59,6.2,310,18.2,D,0
-14.2913,134.3111,378.1,1.5,1.2,2014-09-21,0141,Terra,MODIS,100,6.2,314.5,227.8,D,0
-14.3852,134.5027,330.7,1.5,1.2,2014-09-21,0141,Terra,MODIS,56,6.2,312.5,24.9,D,0
-14.2896,134.2977,382.6,1.5,1.2,2014-09-21,0141,Terra,MODIS,100,6.2,314.3,260.9,D,0
-14.9712,134.2758,328.8,1.5,1.2,2014-09-21,0141,Terra,MODIS,62,6.2,309.3,24.8,D,0
-14.3585,134.3793,330,1.5,1.2,2014-09-21,0141,Terra,MODIS,60,6.2,314.3,19.9,D,0
-14.8843,135.1067,325.9,1.7,1.3,2014-09-21,0141,Terra,MODIS,45,6.2,308.6,23.2,D,0
-14.3663,134.2675,348.9,1.5,1.2,2014-09-21,0141,Terra,MODIS,92,6.2,312.6,76.3,D,0
-14.368,134.2808,341.7,1.5,1.2,2014-09-21,0141,Terra,MODIS,86,6.2,313.5,54.5,D,0
-15.7408,136.2377,340.2,2.1,1.4,2014-09-21,0141,Terra,MODIS,83,6.2,301.2,109.5,D,0
-14.3599,134.4986,326.3,1.5,1.2,2014-09-21,0141,Terra,MODIS,38,6.2,312,15.7,D,0
-14.3598,134.4777,342.8,1.5,1.2,2014-09-21,0141,Terra,MODIS,87,6.2,314.7,56.9,D,0
-14.3697,134.2943,330.5,1.5,1.2,2014-09-21,0141,Terra,MODIS,61,6.2,312.2,25,D,0
-14.9772,134.2973,329.2,1.5,1.2,2014-09-21,0141,Terra,MODIS,68,6.2,311.5,25.3,D,0
-15.7939,136.2458,337.8,2.1,1.4,2014-09-21,0141,Terra,MODIS,81,6.2,305.8,94.2,D,0
-16.2168,136.0826,325.3,2.1,1.4,2014-09-21,0141,Terra,MODIS,65,6.2,312.2,20.7,D,0
-14.8784,135.0598,334.2,1.7,1.3,2014-09-21,0141,Terra,MODIS,77,6.2,308.7,47.2,D,0
-14.329,134.432,332,1.5,1.2,2014-09-21,0141,Terra,MODIS,73,6.2,312.6,29.3,D,0
-14.8764,135.0443,334.2,1.7,1.3,2014-09-21,0141,Terra,MODIS,78,6.2,306.5,47.9,D,0
-14.3096,134.2,326.7,1.4,1.2,2014-09-21,0141,Terra,MODIS,45,6.2,310.2,17.6,D,0
-14.9839,134.2882,327.7,1.5,1.2,2014-09-21,0141,Terra,MODIS,62,6.2,310.5,22.5,D,0
-14.3074,134.3508,335.7,1.5,1.2,2014-09-21,0141,Terra,MODIS,79,6.2,312.1,37.8,D,0
-14.6492,134.4218,332.7,1.5,1.2,2014-09-21,0141,Terra,MODIS,58,6.2,315.8,26.6,D,0
-14.3538,134.2556,336.7,1.5,1.2,2014-09-21,0141,Terra,MODIS,80,6.2,310.8,40.9,D,0
-14.3057,134.3371,341.7,1.5,1.2,2014-09-21,0141,Terra,MODIS,86,6.2,311.9,54.1,D,0
-14.6273,134.4444,332.4,1.5,1.2,2014-09-21,0141,Terra,MODIS,24,6.2,315,22.9,D,0
-14.3562,134.4705,343.5,1.5,1.2,2014-09-21,0141,Terra,MODIS,88,6.2,313.2,60.5,D,0
-14.889,135.0684,333.6,1.7,1.3,2014-09-21,0141,Terra,MODIS,64,6.2,311.4,41,D,0
-13.1273,130.7305,332.3,1,1,2014-09-21,0141,Terra,MODIS,24,6.2,310.9,13.2,D,0
-13.1287,130.7397,335.1,1,1,2014-09-21,0141,Terra,MODIS,67,6.2,310.7,18,D,0
-14.9755,134.2834,347.4,1.5,1.2,2014-09-21,0141,Terra,MODIS,91,6.2,312.7,77.8,D,0
-14.3521,134.2423,326.5,1.5,1.2,2014-09-21,0141,Terra,MODIS,47,6.2,310.6,18.3,D,0
-13.126,130.7214,332.3,1,1,2014-09-21,0141,Terra,MODIS,51,6.2,308.6,14.4,D,0
-15.0679,134.2929,368.2,1.5,1.2,2014-09-21,0141,Terra,MODIS,100,6.2,316.3,166.4,D,0
-14.6977,126.7181,325.4,1.3,1.1,2014-09-21,0141,Terra,MODIS,43,6.2,311.1,8.8,D,0
-15.0098,134.2929,328.2,1.5,1.2,2014-09-21,0141,Terra,MODIS,43,6.2,309.5,21.5,D,0
-15.0963,134.4321,331,1.5,1.2,2014-09-21,0141,Terra,MODIS,23,6.2,315.4,20.7,D,0
-15.0225,134.3053,352.7,1.5,1.2,2014-09-21,0141,Terra,MODIS,95,6.2,313.7,94.4,D,0
-15.0207,134.2915,340.5,1.5,1.2,2014-09-21,0141,Terra,MODIS,77,6.2,310.6,51.1,D,0
-16.6727,132.7556,339.7,1.3,1.1,2014-09-21,0141,Terra,MODIS,71,6.2,312.7,33.5,D,0
-16.7457,132.6915,334.9,1.2,1.1,2014-09-21,0141,Terra,MODIS,75,6.2,314.2,25.6,D,0
-16.6729,130.6915,333.8,1,1,2014-09-21,0141,Terra,MODIS,78,6.2,313.7,18.9,D,0
-16.6743,130.7011,325.8,1,1,2014-09-21,0141,Terra,MODIS,57,6.2,312,8.1,D,0
-16.6834,130.6997,332.6,1,1,2014-09-21,0141,Terra,MODIS,76,6.2,312.1,16.4,D,0
-16.6925,130.6984,340.2,1,1,2014-09-21,0141,Terra,MODIS,85,6.2,312.5,28.5,D,0
-16.6939,130.708,331.9,1,1,2014-09-21,0141,Terra,MODIS,75,6.2,310.4,15.8,D,0
-16.7394,132.1806,329.9,1.2,1.1,2014-09-21,0141,Terra,MODIS,24,6.2,311.3,12.9,D,0
-15.0662,134.279,377.4,1.5,1.2,2014-09-21,0141,Terra,MODIS,100,6.2,315.2,227.6,D,0
-15.0293,134.4473,328.3,1.5,1.2,2014-09-21,0141,Terra,MODIS,45,6.2,314.1,12.4,D,0
-15.0642,134.2857,376.4,1.5,1.2,2014-09-21,0141,Terra,MODIS,100,6.2,314.9,221.1,D,0
-15.0768,134.298,334,1.5,1.2,2014-09-21,0141,Terra,MODIS,55,6.2,315.6,26.9,D,0
-15.0732,134.2703,355.6,1.5,1.2,2014-09-21,0141,Terra,MODIS,97,6.2,311.2,105.5,D,0
-15.066,134.2996,334.7,1.5,1.2,2014-09-21,0141,Terra,MODIS,49,6.2,313.4,29.1,D,0
-15.075,134.2841,399.4,1.5,1.2,2014-09-21,0141,Terra,MODIS,100,6.2,320.3,420.5,D,0
-15.077,134.2774,369,1.5,1.2,2014-09-21,0141,Terra,MODIS,100,6.2,316,173.9,D,0
-15.0788,134.2912,353.8,1.5,1.2,2014-09-21,0141,Terra,MODIS,96,6.2,316.3,93.1,D,0
-14.9967,134.3856,325,1.5,1.2,2014-09-21,0141,Terra,MODIS,44,6.2,310.2,15.6,D,0
-15.1332,134.2842,354.5,1.5,1.2,2014-09-21,0141,Terra,MODIS,96,6.2,315.4,94.9,D,0
-15.1441,134.2828,357.2,1.5,1.2,2014-09-21,0141,Terra,MODIS,98,6.2,314.7,109.2,D,0
-15.0003,134.3935,327.6,1.5,1.2,2014-09-21,0141,Terra,MODIS,63,6.2,311.1,20.9,D,0
-13.0886,130.7803,333.7,1,1,2014-09-21,0141,Terra,MODIS,62,6.2,311.8,16.8,D,0
-18.7383,127.4457,326.2,1.1,1,2014-09-21,0142,Terra,MODIS,61,6.2,310.3,9.3,D,0
-18.7476,127.4442,325.3,1.1,1,2014-09-21,0142,Terra,MODIS,51,6.2,310.9,7.5,D,0
-18.7598,127.4006,325.9,1.1,1,2014-09-21,0142,Terra,MODIS,55,6.2,311.4,7.3,D,0
-17.1325,132.304,326.9,1.2,1.1,2014-09-21,0142,Terra,MODIS,51,6.2,309.9,12.8,D,0
-17.1596,132.3576,326.5,1.2,1.1,2014-09-21,0142,Terra,MODIS,28,6.2,311.3,9.9,D,0
-17.2106,132.1277,367.2,1.2,1.1,2014-09-21,0142,Terra,MODIS,100,6.2,317.2,111.8,D,0
-17.218,132.183,336.6,1.2,1.1,2014-09-21,0142,Terra,MODIS,39,6.2,314.7,24.9,D,0
-17.2188,132.1153,377,1.2,1.1,2014-09-21,0142,Terra,MODIS,100,6.2,312.7,155.5,D,0
-17.2203,132.1263,370.6,1.2,1.1,2014-09-21,0142,Terra,MODIS,100,6.2,316,124.4,D,0
-17.2218,132.1374,350,1.2,1.1,2014-09-21,0142,Terra,MODIS,94,6.2,315.3,53.3,D,0
-17.2984,132.0982,355.4,1.2,1.1,2014-09-21,0142,Terra,MODIS,97,6.2,308.2,74.7,D,0
-17.2999,132.1092,382.6,1.2,1.1,2014-09-21,0142,Terra,MODIS,100,6.2,311.2,189.8,D,0
-17.3013,132.1203,370.1,1.2,1.1,2014-09-21,0142,Terra,MODIS,100,6.2,310.8,129.5,D,0
-17.3028,132.1313,356,1.2,1.1,2014-09-21,0142,Terra,MODIS,98,6.2,308.7,77.9,D,0
-17.3043,132.1424,338.1,1.2,1.1,2014-09-21,0142,Terra,MODIS,85,6.2,305.9,32.6,D,0
-17.3058,132.1535,412.5,1.2,1.1,2014-09-21,0142,Terra,MODIS,100,6.2,320.7,411.5,D,0
-17.3072,132.1646,362.7,1.2,1.1,2014-09-21,0142,Terra,MODIS,100,6.2,314.8,99.6,D,0
-17.3096,132.1079,344.2,1.2,1.1,2014-09-21,0142,Terra,MODIS,87,6.2,308.2,41.9,D,0
-17.3111,132.1189,376.1,1.2,1.1,2014-09-21,0142,Terra,MODIS,100,6.2,311.1,152.5,D,0
-17.3125,132.1299,386.8,1.2,1.1,2014-09-21,0142,Terra,MODIS,100,6.2,314.1,210.4,D,0
-17.314,132.141,346.2,1.2,1.1,2014-09-21,0142,Terra,MODIS,89,6.2,310.7,46,D,0
-17.3155,132.1521,384.2,1.2,1.1,2014-09-21,0142,Terra,MODIS,100,6.2,313.8,195.2,D,0
-17.317,132.1632,371.5,1.2,1.1,2014-09-21,0142,Terra,MODIS,100,6.2,314.2,130.1,D,0
-17.3185,132.1743,347.7,1.2,1.1,2014-09-21,0142,Terra,MODIS,91,6.2,313.7,47,D,0
-17.3268,132.1618,354,1.2,1.1,2014-09-21,0142,Terra,MODIS,96,6.2,314.5,61.6,D,0
-17.3283,132.1729,346.2,1.2,1.1,2014-09-21,0142,Terra,MODIS,92,6.2,314.2,40.4,D,0
-17.4217,132.3368,335.3,1.2,1.1,2014-09-21,0142,Terra,MODIS,35,6.2,311.8,22.8,D,0
-17.3438,131.9738,384.6,1.2,1.1,2014-09-21,0142,Terra,MODIS,100,6.2,313,203.5,D,0
-17.3452,131.9846,364,1.2,1.1,2014-09-21,0142,Terra,MODIS,100,6.2,315,104.7,D,0
-17.3467,131.9956,336.2,1.2,1.1,2014-09-21,0142,Terra,MODIS,27,6.2,311.9,26.9,D,0
-17.3534,131.9724,402.2,1.2,1.1,2014-09-21,0142,Terra,MODIS,100,6.2,314.4,320,D,0
-17.3549,131.9833,378.6,1.2,1.1,2014-09-21,0142,Terra,MODIS,100,6.2,316.1,167,D,0
-17.3563,131.9942,339.5,1.2,1.1,2014-09-21,0142,Terra,MODIS,59,6.2,313.1,31.9,D,0
-17.3593,132.016,330.3,1.2,1.1,2014-09-21,0142,Terra,MODIS,26,6.2,313.1,12.6,D,0
-17.366,131.9928,346.4,1.2,1.1,2014-09-21,0142,Terra,MODIS,64,6.2,306.3,48.7,D,0
-17.3704,132.0256,334.9,1.2,1.1,2014-09-21,0142,Terra,MODIS,37,6.2,312.1,17.4,D,0
-17.3719,132.0366,334.9,1.2,1.1,2014-09-21,0142,Terra,MODIS,68,6.2,312.2,18.2,D,0
-17.3757,131.9914,337.6,1.2,1.1,2014-09-21,0142,Terra,MODIS,48,6.2,306.3,32.3,D,0
-17.3854,131.9901,368.4,1.2,1.1,2014-09-21,0142,Terra,MODIS,100,6.2,307.1,126.8,D,0
-17.3868,132.001,391.1,1.2,1.1,2014-09-21,0142,Terra,MODIS,100,6.2,316.8,240.1,D,0
-17.3883,132.0119,347.6,1.2,1.1,2014-09-21,0142,Terra,MODIS,61,6.2,312.2,50.3,D,0
-17.3898,132.0229,360.6,1.2,1.1,2014-09-21,0142,Terra,MODIS,100,6.2,312.2,82.5,D,0
-17.3912,132.0338,362.9,1.2,1.1,2014-09-21,0142,Terra,MODIS,100,6.2,312.5,91.5,D,0
-17.3965,131.9996,389.9,1.2,1.1,2014-09-21,0142,Terra,MODIS,100,6.2,313.7,234.5,D,0
-17.398,132.0105,354.8,1.2,1.1,2014-09-21,0142,Terra,MODIS,97,6.2,313.9,75.3,D,0
-17.4062,131.9982,345.8,1.2,1.1,2014-09-21,0142,Terra,MODIS,92,6.2,304.6,54.5,D,0
-17.4077,132.0092,366.5,1.2,1.1,2014-09-21,0142,Terra,MODIS,100,6.2,311.5,115.7,D,0
-17.4091,132.0201,345,1.2,1.1,2014-09-21,0142,Terra,MODIS,15,6.2,313.8,44.7,D,0
-17.4188,132.0187,344.3,1.2,1.1,2014-09-21,0142,Terra,MODIS,67,6.2,306.4,45.7,D,0
-17.4203,132.0297,375.3,1.2,1.1,2014-09-21,0142,Terra,MODIS,100,6.2,311.1,149.7,D,0
-17.2029,132.2191,332.8,1.2,1.1,2014-09-21,0142,Terra,MODIS,37,6.2,312.8,14.2,D,0
-17.2676,132.2556,332.2,1.2,1.1,2014-09-21,0142,Terra,MODIS,79,6.2,313.1,20.5,D,0
-17.2255,132.0919,340.7,1.2,1.1,2014-09-21,0142,Terra,MODIS,66,6.2,308.9,38.3,D,0
-17.2338,132.0796,327.2,1.2,1.1,2014-09-21,0142,Terra,MODIS,37,6.2,309.7,17,D,0
-17.2353,132.0905,331.7,1.2,1.1,2014-09-21,0142,Terra,MODIS,64,6.2,310.9,23.1,D,0
-17.2435,132.0782,336.1,1.2,1.1,2014-09-21,0142,Terra,MODIS,84,6.2,309.3,31.7,D,0
-17.1132,132.1593,321.5,1.2,1.1,2014-09-21,0142,Terra,MODIS,56,6.2,309.3,9.5,D,0
-17.1147,132.1704,345.4,1.2,1.1,2014-09-21,0142,Terra,MODIS,91,6.2,311,52.7,D,0
-17.1162,132.1814,333,1.2,1.1,2014-09-21,0142,Terra,MODIS,80,6.2,310.7,26.7,D,0
-17.1589,132.1304,321.1,1.2,1.1,2014-09-21,0142,Terra,MODIS,54,6.2,304.8,10.3,D,0
-17.1604,132.1414,349.1,1.2,1.1,2014-09-21,0142,Terra,MODIS,93,6.2,309,61.5,D,0
-17.1619,132.1524,337.5,1.2,1.1,2014-09-21,0142,Terra,MODIS,72,6.2,309.5,31.8,D,0
-17.1634,132.1635,353.1,1.2,1.1,2014-09-21,0142,Terra,MODIS,94,6.2,311.6,67.5,D,0
-17.1649,132.1745,344.2,1.2,1.1,2014-09-21,0142,Terra,MODIS,75,6.2,312.3,42.7,D,0
-17.1701,132.14,334.4,1.2,1.1,2014-09-21,0142,Terra,MODIS,82,6.2,307.1,28.1,D,0
-17.1716,132.151,371.4,1.2,1.1,2014-09-21,0142,Terra,MODIS,100,6.2,313.2,135.9,D,0
-17.1731,132.1442,352.9,1.2,1.1,2014-09-21,0142,Terra,MODIS,96,6.2,309.2,69.9,D,0
-17.1746,132.1553,353,1.2,1.1,2014-09-21,0142,Terra,MODIS,96,6.2,312.9,69.4,D,0
-17.1882,132.1084,321.6,1.2,1.1,2014-09-21,0142,Terra,MODIS,57,6.2,307,11.5,D,0
-17.1964,132.096,360.5,1.2,1.1,2014-09-21,0142,Terra,MODIS,100,6.2,308.7,97,D,0
-17.1979,132.107,371.9,1.2,1.1,2014-09-21,0142,Terra,MODIS,100,6.2,315.5,140.7,D,0
-17.1994,132.118,367.4,1.2,1.1,2014-09-21,0142,Terra,MODIS,100,6.2,315.1,119,D,0
-17.2008,132.129,354.8,1.2,1.1,2014-09-21,0142,Terra,MODIS,97,6.2,313.5,71.8,D,0
-17.2023,132.1401,360.7,1.2,1.1,2014-09-21,0142,Terra,MODIS,100,6.2,313.2,89.1,D,0
-17.2053,132.1622,343.1,1.2,1.1,2014-09-21,0142,Terra,MODIS,76,6.2,311.7,35.4,D,0
-17.2067,132.1733,335.7,1.2,1.1,2014-09-21,0142,Terra,MODIS,44,6.2,311.8,19.6,D,0
-17.2082,132.1844,349,1.2,1.1,2014-09-21,0142,Terra,MODIS,94,6.2,314.9,49.8,D,0
-17.2061,132.0946,345.8,1.2,1.1,2014-09-21,0142,Terra,MODIS,91,6.2,304,53.4,D,0
-17.2076,132.1056,389.7,1.2,1.1,2014-09-21,0142,Terra,MODIS,100,6.2,314.5,232.8,D,0
-17.2091,132.1167,383.5,1.2,1.1,2014-09-21,0142,Terra,MODIS,100,6.2,317.9,192.1,D,0
-17.2881,132.0214,386.1,1.2,1.1,2014-09-21,0142,Terra,MODIS,100,6.2,312.2,209.6,D,0
-17.2895,132.0323,378.7,1.2,1.1,2014-09-21,0142,Terra,MODIS,100,6.2,312.5,169.4,D,0
-17.291,132.0433,354.6,1.2,1.1,2014-09-21,0142,Terra,MODIS,97,6.2,308.6,74.4,D,0
-17.2925,132.0543,338.9,1.2,1.1,2014-09-21,0142,Terra,MODIS,70,6.2,306.3,34.9,D,0
-17.294,132.0652,352,1.2,1.1,2014-09-21,0142,Terra,MODIS,95,6.2,308,65.9,D,0
-17.2954,132.0762,380.3,1.2,1.1,2014-09-21,0142,Terra,MODIS,100,6.2,310.6,176.6,D,0
-17.2969,132.0872,399.6,1.2,1.1,2014-09-21,0142,Terra,MODIS,100,6.2,314.1,298.7,D,0
-17.2919,131.9765,355.6,1.2,1.1,2014-09-21,0142,Terra,MODIS,97,6.2,303.4,80.3,D,0
-17.2933,131.9873,440.3,1.2,1.1,2014-09-21,0142,Terra,MODIS,100,6.2,323.6,725.7,D,0
-17.2948,131.9982,400.4,1.2,1.1,2014-09-21,0142,Terra,MODIS,100,6.2,315.5,300.8,D,0
-17.2992,132.031,339.2,1.2,1.1,2014-09-21,0142,Terra,MODIS,44,6.2,309.5,31.8,D,0
-17.3007,132.0419,355.7,1.2,1.1,2014-09-21,0142,Terra,MODIS,97,6.2,310,73.5,D,0
-17.3022,132.0529,347.1,1.2,1.1,2014-09-21,0142,Terra,MODIS,92,6.2,309.6,50.5,D,0
-17.3037,132.0639,343.2,1.2,1.1,2014-09-21,0142,Terra,MODIS,89,6.2,309.4,41.8,D,0
-17.303,131.986,362.7,1.2,1.1,2014-09-21,0142,Terra,MODIS,100,6.2,308.9,99.7,D,0
-17.3045,131.9968,381.5,1.2,1.1,2014-09-21,0142,Terra,MODIS,100,6.2,313.6,176.5,D,0
-17.306,132.0077,338.2,1.2,1.1,2014-09-21,0142,Terra,MODIS,55,6.2,309.5,26.7,D,0
-17.3112,131.9737,323.7,1.2,1.1,2014-09-21,0142,Terra,MODIS,58,6.2,304.4,14.8,D,0
-17.3127,131.9846,340.7,1.2,1.1,2014-09-21,0142,Terra,MODIS,55,6.2,308.9,38,D,0
-17.3208,131.9724,355.5,1.2,1.1,2014-09-21,0142,Terra,MODIS,97,6.2,305.6,79.6,D,0
-17.3223,131.9832,383.9,1.2,1.1,2014-09-21,0142,Terra,MODIS,100,6.2,312.6,193.4,D,0
-17.3238,131.9941,351.4,1.2,1.1,2014-09-21,0142,Terra,MODIS,95,6.2,311.5,55.6,D,0
-17.3305,131.971,340.8,1.2,1.1,2014-09-21,0142,Terra,MODIS,85,6.2,305.9,41.8,D,0
-17.332,131.9819,343.6,1.2,1.1,2014-09-21,0142,Terra,MODIS,67,6.2,308.3,42.9,D,0
-17.3341,131.9751,368.8,1.2,1.1,2014-09-21,0142,Terra,MODIS,100,6.2,310.7,127.8,D,0
-17.3356,131.986,340.2,1.2,1.1,2014-09-21,0142,Terra,MODIS,67,6.2,309.2,36.4,D,0
-17.3328,132.2064,335.7,1.2,1.1,2014-09-21,0142,Terra,MODIS,69,6.2,315.6,20.2,D,0
-17.4069,132.0764,334.6,1.2,1.1,2014-09-21,0142,Terra,MODIS,82,6.2,313.7,15.2,D,0
-17.4218,132.0407,387.1,1.2,1.1,2014-09-21,0142,Terra,MODIS,100,6.2,315.4,208.8,D,0
-17.4233,132.0517,363.5,1.2,1.1,2014-09-21,0142,Terra,MODIS,100,6.2,314,96.5,D,0
-17.9863,138.8416,321.5,3.6,1.8,2014-09-21,0142,Terra,MODIS,54,6.2,307.7,43.4,D,0
-18.7709,127.3092,329.8,1.1,1,2014-09-21,0142,Terra,MODIS,65,6.2,312,10.6,D,0
-17.4818,132.173,340.5,1.2,1.1,2014-09-21,0142,Terra,MODIS,42,6.2,312.7,30.5,D,0
-17.7108,130.9475,328.4,1.1,1,2014-09-21,0142,Terra,MODIS,60,6.2,309.1,13.5,D,0
-17.7094,130.9376,336.9,1.1,1,2014-09-21,0142,Terra,MODIS,84,6.2,311.8,25.6,D,0
-17.72,130.9461,328.7,1.1,1,2014-09-21,0142,Terra,MODIS,59,6.2,310.5,13.5,D,0
-16.6634,128.0242,328.8,1.1,1,2014-09-21,0142,Terra,MODIS,60,6.2,306.9,13.8,D,0
-17.4075,127.255,327.8,1.1,1.1,2014-09-21,0142,Terra,MODIS,61,6.2,307.5,13.3,D,0
-16.6588,128.0556,343.9,1.1,1,2014-09-21,0142,Terra,MODIS,88,6.2,311.1,35.8,D,0
-16.6572,128.0457,406.8,1.1,1,2014-09-21,0142,Terra,MODIS,100,6.2,316.6,306.5,D,0
-16.6557,128.0356,359.5,1.1,1,2014-09-21,0142,Terra,MODIS,99,6.2,308.5,77.2,D,0
-17.5518,125.5555,339.3,1.4,1.2,2014-09-21,0142,Terra,MODIS,84,6.2,313.3,39.6,D,0
-17.5539,125.5684,350.1,1.4,1.2,2014-09-21,0142,Terra,MODIS,94,6.2,315.5,71.1,D,0
-17.5644,125.5665,335.6,1.4,1.2,2014-09-21,0142,Terra,MODIS,79,6.2,311.3,28.1,D,0
-16.396,127.9785,377.8,1.1,1,2014-09-21,0142,Terra,MODIS,100,6.2,314.2,141.8,D,0
-17.5594,125.5613,347.8,1.4,1.2,2014-09-21,0142,Terra,MODIS,92,6.2,313.3,61.3,D,0
-17.3158,127.3189,334.6,1.1,1.1,2014-09-21,0142,Terra,MODIS,78,6.2,310.5,21.3,D,0
-17.5304,127.3871,407.2,1.1,1,2014-09-21,0142,Terra,MODIS,100,6.2,315.6,326.3,D,0
-17.3282,127.518,336,1.1,1,2014-09-21,0142,Terra,MODIS,76,6.2,311.4,22.9,D,0
-17.5288,127.3768,360.8,1.1,1,2014-09-21,0142,Terra,MODIS,100,6.2,309.8,80.1,D,0
-17.5133,127.4008,328.6,1.1,1,2014-09-21,0142,Terra,MODIS,64,6.2,306.3,14.1,D,0
-17.5117,127.3905,340.7,1.1,1,2014-09-21,0142,Terra,MODIS,85,6.2,307.3,32.8,D,0
-17.51,127.3801,337.9,1.1,1,2014-09-21,0142,Terra,MODIS,68,6.2,309.5,24.8,D,0
-17.5083,127.3697,333.6,1.1,1,2014-09-21,0142,Terra,MODIS,46,6.2,309.7,17.1,D,0
-17.4879,127.3626,329.4,1.1,1,2014-09-21,0142,Terra,MODIS,65,6.2,310.6,12.1,D,0
-17.4836,127.3694,334.6,1.1,1,2014-09-21,0142,Terra,MODIS,78,6.2,309.9,20.7,D,0
-18.9633,129.9267,339,1,1,2014-09-21,0142,Terra,MODIS,85,6.2,308,27.8,D,0
-18.9452,129.9295,326.7,1,1,2014-09-21,0142,Terra,MODIS,56,6.2,308.7,9.2,D,0
-17.4742,127.3711,342.3,1.1,1,2014-09-21,0142,Terra,MODIS,87,6.2,310.2,35,D,0
-17.4304,127.3995,350.3,1.1,1,2014-09-21,0142,Terra,MODIS,93,6.2,308.7,53.6,D,0
-17.4288,127.3891,346.2,1.1,1,2014-09-21,0142,Terra,MODIS,90,6.2,310.7,42.8,D,0
-17.4194,127.3907,329.7,1.1,1,2014-09-21,0142,Terra,MODIS,49,6.2,309.8,12.5,D,0
-17.412,127.4657,325.3,1.1,1,2014-09-21,0142,Terra,MODIS,23,6.2,310.8,7.8,D,0
-17.3983,127.4746,332,1.1,1,2014-09-21,0142,Terra,MODIS,74,6.2,311.8,15.6,D,0
-17.3919,127.4335,331.9,1.1,1,2014-09-21,0142,Terra,MODIS,74,6.2,310.7,16.1,D,0
-17.3903,127.4232,362.2,1.1,1,2014-09-21,0142,Terra,MODIS,100,6.2,312.9,86.6,D,0
-17.3298,127.5282,335.1,1.1,1,2014-09-21,0142,Terra,MODIS,47,6.2,311.3,20.9,D,0
-18.748,128.8946,323.8,1,1,2014-09-21,0142,Terra,MODIS,50,6.2,309,7.7,D,0
-17.482,127.3591,335.1,1.1,1,2014-09-21,0142,Terra,MODIS,79,6.2,311.1,20.1,D,0
-18.9542,129.9281,335.3,1,1,2014-09-21,0142,Terra,MODIS,82,6.2,309.7,22,D,0
-18.0166,130.5749,324.8,1,1,2014-09-21,0142,Terra,MODIS,66,6.2,310.4,10.1,D,0
-17.3315,127.5384,343,1.1,1,2014-09-21,0142,Terra,MODIS,88,6.2,312.7,39.2,D,0
-17.3331,127.5485,328.5,1.1,1,2014-09-21,0142,Terra,MODIS,66,6.2,309,15.3,D,0
-17.3392,127.5266,345.4,1.1,1,2014-09-21,0142,Terra,MODIS,90,6.2,312,42,D,0
-17.3408,127.5368,372.2,1.1,1,2014-09-21,0142,Terra,MODIS,100,6.2,312.4,124.1,D,0
-17.3424,127.547,334.3,1.1,1,2014-09-21,0142,Terra,MODIS,78,6.2,307.9,23.1,D,0
-17.3469,127.5149,333.7,1.1,1,2014-09-21,0142,Terra,MODIS,54,6.2,309.1,17.5,D,0
-17.3486,127.5252,335.8,1.1,1,2014-09-21,0142,Terra,MODIS,65,6.2,306.9,22.7,D,0
-17.3563,127.5133,333.4,1.1,1,2014-09-21,0142,Terra,MODIS,58,6.2,307.8,17.6,D,0
-17.3425,127.3036,330.9,1.1,1.1,2014-09-21,0142,Terra,MODIS,34,6.2,310.9,13,D,0
-17.3408,127.2933,337.2,1.1,1.1,2014-09-21,0142,Terra,MODIS,79,6.2,311.5,24,D,0
-16.3975,127.9885,349,1.1,1,2014-09-21,0142,Terra,MODIS,92,6.2,310.9,48.3,D,0
-17.5665,125.5794,337.8,1.4,1.2,2014-09-21,0142,Terra,MODIS,83,6.2,310.7,34.2,D,0
-17.5685,125.5921,330.6,1.4,1.2,2014-09-21,0142,Terra,MODIS,71,6.2,310.9,18.4,D,0
-18.8908,129.9379,326.3,1,1,2014-09-21,0142,Terra,MODIS,68,6.2,308,9.8,D,0
-17.5616,125.5741,341,1.4,1.2,2014-09-21,0142,Terra,MODIS,86,6.2,312.9,41.7,D,0
-17.5741,125.585,332.2,1.4,1.2,2014-09-21,0142,Terra,MODIS,75,6.2,309.6,20.3,D,0
-17.6253,126.0049,340.6,1.3,1.1,2014-09-21,0142,Terra,MODIS,86,6.2,309,42.2,D,0
-17.6354,126.003,346.7,1.3,1.1,2014-09-21,0142,Terra,MODIS,91,6.2,306.6,58.2,D,0
-17.6373,126.0149,324.4,1.3,1.1,2014-09-21,0142,Terra,MODIS,46,6.2,305.3,10.2,D,0
-17.6332,125.9974,339.2,1.3,1.1,2014-09-21,0142,Terra,MODIS,84,6.2,307.7,38,D,0
-17.2527,127.4418,330.7,1.1,1,2014-09-21,0142,Terra,MODIS,52,6.2,309.4,14.7,D,0
-17.2511,127.4315,332.4,1.1,1,2014-09-21,0142,Terra,MODIS,57,6.2,311.6,18.1,D,0
-18.9619,129.9171,336.8,1,1,2014-09-21,0142,Terra,MODIS,80,6.2,306.5,23.7,D,0
-17.2495,127.4214,332.4,1.1,1,2014-09-21,0142,Terra,MODIS,65,6.2,310.1,19.5,D,0
-17.2449,127.4536,337.8,1.1,1,2014-09-21,0142,Terra,MODIS,82,6.2,308.7,27.8,D,0
-17.6352,126.0093,338.9,1.3,1.1,2014-09-21,0142,Terra,MODIS,84,6.2,306.3,37.9,D,0
-17.2433,127.4434,337.6,1.1,1,2014-09-21,0142,Terra,MODIS,82,6.2,310.7,27.8,D,0
-18.0179,130.5846,334.1,1,1,2014-09-21,0142,Terra,MODIS,81,6.2,310.5,22.1,D,0
-17.602,125.7496,334.1,1.3,1.1,2014-09-21,0142,Terra,MODIS,78,6.2,309.1,27.9,D,0
-17.5954,125.7568,332.9,1.3,1.1,2014-09-21,0142,Terra,MODIS,77,6.2,310,23.1,D,0
-18.8755,130.0844,344,1,1,2014-09-21,0142,Terra,MODIS,88,6.2,309.8,35.3,D,0
-18.8741,130.0748,331.2,1,1,2014-09-21,0142,Terra,MODIS,45,6.2,308.5,15.6,D,0
-18.8691,130.1052,335.4,1,1,2014-09-21,0142,Terra,MODIS,51,6.2,310.8,20.1,D,0
-18.8573,130.0872,337.7,1,1,2014-09-21,0142,Terra,MODIS,84,6.2,311.5,25.4,D,0
-18.8796,130.1135,327.9,1,1,2014-09-21,0142,Terra,MODIS,29,6.2,309.6,10.5,D,0
-16.8104,128.0887,332.6,1.1,1,2014-09-21,0142,Terra,MODIS,74,6.2,310.8,16.5,D,0
-16.8089,128.0789,356.2,1.1,1,2014-09-21,0142,Terra,MODIS,97,6.2,312.3,64.4,D,0
-16.8074,128.0691,336.1,1.1,1,2014-09-21,0142,Terra,MODIS,80,6.2,310.2,22.2,D,0
-16.7997,128.0804,335.5,1.1,1,2014-09-21,0142,Terra,MODIS,79,6.2,313.7,21,D,0
-16.7981,128.0705,360.8,1.1,1,2014-09-21,0142,Terra,MODIS,100,6.2,313.2,77.9,D,0
-17.3141,127.5263,347.6,1.1,1,2014-09-21,0142,Terra,MODIS,92,6.2,308.1,42.2,D,0
-17.3125,127.5161,332.3,1.1,1,2014-09-21,0142,Terra,MODIS,44,6.2,309.7,11.9,D,0
-17.3079,127.5483,324.3,1.1,1,2014-09-21,0142,Terra,MODIS,47,6.2,308,8.4,D,0
-17.3064,127.5381,370,1.1,1,2014-09-21,0142,Terra,MODIS,100,6.2,309.7,113.7,D,0
-17.3048,127.5279,357.4,1.1,1,2014-09-21,0142,Terra,MODIS,98,6.2,310,68.9,D,0
-17.2986,127.5499,328.6,1.1,1,2014-09-21,0142,Terra,MODIS,67,6.2,307.5,14.6,D,0
-17.297,127.5397,355,1.1,1,2014-09-21,0142,Terra,MODIS,97,6.2,308.9,66.3,D,0
-18.0184,130.6546,322.5,1,1,2014-09-21,0142,Terra,MODIS,58,6.2,309.9,6.7,D,0
-16.6724,128.0372,334.7,1.1,1,2014-09-21,0142,Terra,MODIS,77,6.2,311.1,17.7,D,0
-17.286,127.531,333.1,1.1,1,2014-09-21,0142,Terra,MODIS,69,6.2,309,20.2,D,0
-16.6708,128.0272,340.2,1.1,1,2014-09-21,0142,Terra,MODIS,84,6.2,310.2,27.9,D,0
-16.6633,128.0849,338.4,1.1,1,2014-09-21,0142,Terra,MODIS,82,6.2,312.3,24.3,D,0
-17.3734,127.4999,346.1,1.1,1,2014-09-21,0142,Terra,MODIS,90,6.2,309.5,43,D,0
-17.3718,127.4896,346,1.1,1,2014-09-21,0142,Terra,MODIS,90,6.2,310.7,41.7,D,0
-17.364,127.5015,339.8,1.1,1,2014-09-21,0142,Terra,MODIS,85,6.2,308.4,29.5,D,0
-17.3624,127.4912,327.5,1.1,1,2014-09-21,0142,Terra,MODIS,37,6.2,310.1,8.6,D,0
-17.3547,127.5031,368.6,1.1,1,2014-09-21,0142,Terra,MODIS,100,6.2,312.9,107.1,D,0
-17.3203,127.5043,329,1.1,1,2014-09-21,0142,Terra,MODIS,29,6.2,311.8,8.6,D,0
-18.6922,128.8906,326.8,1,1,2014-09-21,0142,Terra,MODIS,68,6.2,309.6,10,D,0
-17.5398,127.3856,376.3,1.1,1,2014-09-21,0142,Terra,MODIS,100,6.2,309.1,141.2,D,0
-17.5414,127.3959,344.2,1.1,1,2014-09-21,0142,Terra,MODIS,89,6.2,306.6,41.3,D,0
-18.6796,128.8056,331.2,1,1,2014-09-21,0142,Terra,MODIS,76,6.2,310.4,14.9,D,0
-18.5389,130.3689,326.8,1,1,2014-09-21,0142,Terra,MODIS,69,6.2,310.9,12.2,D,0
-18.5403,130.3786,327.5,1,1,2014-09-21,0142,Terra,MODIS,70,6.2,309.9,12.6,D,0
-18.5416,130.3884,341.2,1,1,2014-09-21,0142,Terra,MODIS,87,6.2,309.6,32.7,D,0
-18.543,130.3982,333.4,1,1,2014-09-21,0142,Terra,MODIS,76,6.2,308.3,19.9,D,0
-18.5522,130.3968,332.6,1,1,2014-09-21,0142,Terra,MODIS,74,6.2,312,18.2,D,0
-18.5535,130.4065,331.6,1,1,2014-09-21,0142,Terra,MODIS,73,6.2,310.6,16.9,D,0
-17.5382,127.3752,338,1.1,1,2014-09-21,0142,Terra,MODIS,76,6.2,308.4,25.6,D,0
-16.6665,128.0442,335.5,1.1,1,2014-09-21,0142,Terra,MODIS,75,6.2,311.5,20.6,D,0
-16.6649,128.0342,371.1,1.1,1,2014-09-21,0142,Terra,MODIS,100,6.2,313.3,114.1,D,0
-17.532,127.3975,362.1,1.1,1,2014-09-21,0142,Terra,MODIS,100,6.2,307,89.1,D,0
-17.2954,127.5294,366.9,1.1,1,2014-09-21,0142,Terra,MODIS,100,6.2,310.3,102.2,D,0
-17.2938,127.5192,387.2,1.1,1,2014-09-21,0142,Terra,MODIS,100,6.2,315.8,191.3,D,0
-16.6801,128.0257,350,1.1,1,2014-09-21,0142,Terra,MODIS,93,6.2,312.6,49.1,D,0
-17.2922,127.509,343.3,1.1,1,2014-09-21,0142,Terra,MODIS,87,6.2,314.6,36.2,D,0
-16.6686,124.2772,339.2,1.7,1.3,2014-09-21,0142,Terra,MODIS,85,6.2,305.8,60.8,D,0
-18.766,128.8917,332.2,1,1,2014-09-21,0142,Terra,MODIS,77,6.2,310.1,16.7,D,0
-16.6574,124.2119,336.6,1.8,1.3,2014-09-21,0142,Terra,MODIS,83,6.2,305,49.6,D,0
-16.4086,128.5926,330.1,1,1,2014-09-21,0142,Terra,MODIS,65,6.2,306.9,17.6,D,0
-16.6457,124.214,334.9,1.8,1.3,2014-09-21,0142,Terra,MODIS,81,6.2,306.3,42.1,D,0
-17.4829,125.5286,336.3,1.4,1.2,2014-09-21,0142,Terra,MODIS,64,6.2,312.4,28.8,D,0
-17.4654,125.525,329.8,1.4,1.2,2014-09-21,0142,Terra,MODIS,45,6.2,312.9,15.9,D,0
-17.5081,125.5505,330,1.4,1.2,2014-09-21,0142,Terra,MODIS,57,6.2,313.1,16.3,D,0
-16.4177,128.5911,350.1,1,1,2014-09-21,0142,Terra,MODIS,71,6.2,311.6,51.4,D,0
-16.6802,124.275,326.5,1.7,1.3,2014-09-21,0142,Terra,MODIS,66,6.2,304.9,22.1,D,0
-22.6647,130.7227,330.8,1.1,1.1,2014-09-21,0143,Terra,MODIS,77,6.2,310.2,20.1,D,0
-22.6672,130.7157,333.6,1.1,1.1,2014-09-21,0143,Terra,MODIS,81,6.2,311.5,24.9,D,0
-22.6686,130.7268,321.2,1.1,1.1,2014-09-21,0143,Terra,MODIS,53,6.2,309.7,6.6,D,0
-22.6633,130.7115,328.1,1.1,1.1,2014-09-21,0143,Terra,MODIS,73,6.2,310.9,16,D,0
-21.8176,120.7727,322.6,2.5,1.5,2014-09-21,0143,Terra,MODIS,26,6.2,309,23.9,D,0
-21.8042,120.7758,322.7,2.5,1.5,2014-09-21,0143,Terra,MODIS,31,6.2,308.6,24,D,0
-21.8087,120.7991,324.8,2.5,1.5,2014-09-21,0143,Terra,MODIS,49,6.2,310.4,31.5,D,0
-21.8223,120.7963,325,2.5,1.5,2014-09-21,0143,Terra,MODIS,46,6.2,311,32.3,D,0
-25.1352,129.8958,324,1.1,1.1,2014-09-21,0144,Terra,MODIS,68,6.2,309,11.5,D,0
-25.1666,129.9135,324.3,1.1,1.1,2014-09-21,0144,Terra,MODIS,68,6.2,308.6,11.7,D,0
-25.1366,129.9069,322.8,1.1,1.1,2014-09-21,0144,Terra,MODIS,65,6.2,308.5,9.9,D,0
-22.7061,118.1652,343.2,3.6,1.8,2014-09-21,0144,Terra,MODIS,90,6.2,302.8,247.4,D,0
-22.7203,118.1903,333.7,3.6,1.8,2014-09-21,0144,Terra,MODIS,81,6.2,301.9,145.9,D,0
-22.7129,118.1563,337.9,3.6,1.8,2014-09-21,0144,Terra,MODIS,86,6.2,303,183.7,D,0
-22.7291,118.1953,318.9,3.6,1.8,2014-09-21,0144,Terra,MODIS,15,6.2,301.7,40.7,D,0
-22.6989,118.1311,331.1,3.7,1.8,2014-09-21,0144,Terra,MODIS,67,6.2,303.6,122.7,D,0
-22.9785,119.5596,321.3,2.9,1.6,2014-09-21,0144,Terra,MODIS,42,6.2,307.4,28.2,D,0
-22.697,118.1601,321.9,3.6,1.8,2014-09-21,0144,Terra,MODIS,31,6.2,302.6,57.9,D,0
-22.7056,118.1225,326.1,3.7,1.8,2014-09-21,0144,Terra,MODIS,39,6.2,303.9,80.4,D,0
-22.7133,118.1995,324.4,3.6,1.8,2014-09-21,0144,Terra,MODIS,66,6.2,301.8,78.1,D,0
-28.0439,126.1669,377.3,1,1,2014-09-21,0145,Terra,MODIS,100,6.2,309.8,131.3,D,0
-28.0348,126.1687,389,1,1,2014-09-21,0145,Terra,MODIS,100,6.2,317.6,181.1,D,0
-28.0215,126.2028,322.2,1,1,2014-09-21,0145,Terra,MODIS,54,6.2,310.3,6.5,D,0
-28.0454,126.1772,360.3,1,1,2014-09-21,0145,Terra,MODIS,100,6.2,308.8,73.9,D,0
-28.0317,126.1481,343.1,1,1,2014-09-21,0145,Terra,MODIS,89,6.2,311.5,34.1,D,0
-28.0333,126.1584,353,1,1,2014-09-21,0145,Terra,MODIS,96,6.2,313.6,54.3,D,0
-28.0364,126.1789,388.9,1,1,2014-09-21,0145,Terra,MODIS,100,6.2,319.1,179.8,D,0
-28.038,126.1891,364.1,1,1,2014-09-21,0145,Terra,MODIS,100,6.2,312.5,84.3,D,0
-28.0227,126.1499,332.6,1,1,2014-09-21,0145,Terra,MODIS,79,6.2,311.8,17.1,D,0
-28.0242,126.1601,326.6,1,1,2014-09-21,0145,Terra,MODIS,60,6.2,312.7,9.2,D,0
-28.0258,126.1704,343,1,1,2014-09-21,0145,Terra,MODIS,89,6.2,314.8,33.4,D,0
-28.0274,126.1806,350.9,1,1,2014-09-21,0145,Terra,MODIS,94,6.2,315.8,48.4,D,0
-28.0289,126.1909,379,1,1,2014-09-21,0145,Terra,MODIS,100,6.2,318.3,136.5,D,0
-28.0305,126.2011,351.9,1,1,2014-09-21,0145,Terra,MODIS,95,6.2,311.8,52.8,D,0
-27.834,124.5728,348.9,1.1,1.1,2014-09-21,0145,Terra,MODIS,93,6.2,313.2,53.2,D,0
-27.8759,124.4108,322.1,1.1,1.1,2014-09-21,0145,Terra,MODIS,53,6.2,306.3,8.6,D,0
-27.8683,124.4243,361,1.1,1.1,2014-09-21,0145,Terra,MODIS,100,6.2,311.4,90.4,D,0
-27.8664,124.4128,399.7,1.1,1.1,2014-09-21,0145,Terra,MODIS,100,6.2,315.3,286.9,D,0
-27.8851,124.5856,328.6,1.1,1.1,2014-09-21,0145,Terra,MODIS,73,6.2,309.1,15.9,D,0
-27.8832,124.5743,351.1,1.1,1.1,2014-09-21,0145,Terra,MODIS,95,6.2,310.6,60.5,D,0
-27.8587,124.4262,387.6,1.1,1.1,2014-09-21,0145,Terra,MODIS,100,6.2,315.1,207.1,D,0
-27.8568,124.4147,375,1.1,1.1,2014-09-21,0145,Terra,MODIS,100,6.2,313.4,143.6,D,0
-27.8756,124.5876,322.3,1.1,1.1,2014-09-21,0145,Terra,MODIS,24,6.2,309.6,7.2,D,0
-27.8737,124.5763,323.4,1.1,1.1,2014-09-21,0145,Terra,MODIS,30,6.2,310.1,8.5,D,0
-27.8492,124.4282,373.8,1.1,1.1,2014-09-21,0145,Terra,MODIS,100,6.2,315.9,137.7,D,0
-27.8473,124.4167,341.5,1.1,1.1,2014-09-21,0145,Terra,MODIS,88,6.2,310.8,36.9,D,0
-27.8397,124.4302,343.6,1.1,1.1,2014-09-21,0145,Terra,MODIS,90,6.2,313.3,42.1,D,0
-27.8416,124.5596,362.1,1.1,1.1,2014-09-21,0145,Terra,MODIS,100,6.2,311.3,92.5,D,0
-27.8397,124.5483,348.1,1.1,1.1,2014-09-21,0145,Terra,MODIS,93,6.2,312.3,52.8,D,0
-27.8302,124.4322,326.6,1.1,1.1,2014-09-21,0145,Terra,MODIS,25,6.2,311.5,12.1,D,0
-27.8206,124.4342,339.2,1.1,1.1,2014-09-21,0145,Terra,MODIS,86,6.2,311.4,33.3,D,0
-27.8321,124.5615,353.7,1.1,1.1,2014-09-21,0145,Terra,MODIS,96,6.2,313.4,66.4,D,0
-27.8302,124.5502,338.1,1.1,1.1,2014-09-21,0145,Terra,MODIS,85,6.2,310.7,30.6,D,0
-27.831,124.5801,330.4,1.1,1.1,2014-09-21,0145,Terra,MODIS,75,6.2,310.5,14.9,D,0
-27.8292,124.5688,345.4,1.1,1.1,2014-09-21,0145,Terra,MODIS,91,6.2,314.3,43.4,D,0
-27.8274,124.5575,347.7,1.1,1.1,2014-09-21,0145,Terra,MODIS,92,6.2,312.7,47.7,D,0
-27.8216,124.582,326.2,1.1,1.1,2014-09-21,0145,Terra,MODIS,63,6.2,310.3,9.5,D,0
-27.8197,124.5708,325.8,1.1,1.1,2014-09-21,0145,Terra,MODIS,50,6.2,311.9,9,D,0
-27.8067,124.4912,334.9,1.1,1.1,2014-09-21,0145,Terra,MODIS,82,6.2,311.2,26.6,D,0
-33.8018,121.265,319.8,1.3,1.1,2014-09-21,0146,Terra,MODIS,66,6.2,302.4,15.1,D,0
-34.745,118.2329,307.6,1.9,1.3,2014-09-21,0147,Terra,MODIS,50,6.2,297.2,12.3,D,0
-34.7173,118.0163,333.6,1.9,1.4,2014-09-21,0147,Terra,MODIS,86,6.2,298.1,82.6,D,0
-34.7436,117.6353,313.6,2.1,1.4,2014-09-21,0147,Terra,MODIS,59,6.2,294.9,28.8,D,0
-42.2708,147.2748,307.3,1,1,2014-09-21,0421,Aqua,MODIS,65,6.2,292.1,6.8,D,0
-42.2728,147.2623,302.5,1,1,2014-09-21,0421,Aqua,MODIS,36,6.2,292.2,3.9,D,0
-42.2507,147.282,336.7,1,1,2014-09-21,0421,Aqua,MODIS,90,6.2,292.8,38.6,D,0
-42.2526,147.2695,304.7,1,1,2014-09-21,0421,Aqua,MODIS,45,6.2,290.7,4.9,D,0
-42.5803,147.7188,317,1,1,2014-09-21,0421,Aqua,MODIS,58,6.2,295.2,12,D,0
-41.884,148.2831,302,1.1,1,2014-09-21,0421,Aqua,MODIS,47,6.2,291.2,4.5,D,0
-42.2623,147.3896,302.5,1,1,2014-09-21,0421,Aqua,MODIS,45,6.2,291.8,3.7,D,0
-42.56,147.7261,350.9,1,1,2014-09-21,0421,Aqua,MODIS,96,6.2,299.5,65.7,D,0
-41.8818,148.2962,304.1,1.1,1,2014-09-21,0421,Aqua,MODIS,0,6.2,292.2,5.8,D,0
-42.5509,147.7233,371.8,1,1,2014-09-21,0421,Aqua,MODIS,100,6.2,299,127,D,0
-42.5944,147.6299,308.8,1,1,2014-09-21,0421,Aqua,MODIS,68,6.2,294.2,7.1,D,0
-42.5783,147.7314,327.5,1,1,2014-09-21,0421,Aqua,MODIS,85,6.2,296,23.6,D,0
-42.5488,147.7359,345,1,1,2014-09-21,0421,Aqua,MODIS,94,6.2,293.7,52.7,D,0
-42.4814,147.2313,314,1,1,2014-09-21,0421,Aqua,MODIS,74,6.2,293.2,11.3,D,0
-42.558,147.7388,323.9,1,1,2014-09-21,0421,Aqua,MODIS,81,6.2,294.5,20,D,0
-38.4954,146.8145,303.4,1.1,1,2014-09-21,0422,Aqua,MODIS,56,6.2,290.4,6.3,D,0
-36.6453,142.5247,318,1,1,2014-09-21,0423,Aqua,MODIS,72,6.2,301.9,11.1,D,0
-37.5534,144.8011,308.3,1,1,2014-09-21,0423,Aqua,MODIS,67,6.2,296.3,4.9,D,0
-38.1001,145.1575,301.3,1,1,2014-09-21,0423,Aqua,MODIS,38,6.2,290.9,2.7,D,0
-38.2,144.4715,308.1,1,1,2014-09-21,0423,Aqua,MODIS,0,6.2,292.9,5.6,D,0
-35.5323,145.0691,313.4,1,1,2014-09-21,0423,Aqua,MODIS,61,6.2,301.5,8.2,D,0
-36.1028,144.8308,338.9,1,1,2014-09-21,0423,Aqua,MODIS,90,6.2,297.2,38.9,D,0
-34.9897,145.9246,342.3,1.1,1,2014-09-21,0423,Aqua,MODIS,91,6.2,305.1,44.1,D,0
-35.6509,145.7113,310.5,1.1,1,2014-09-21,0423,Aqua,MODIS,62,6.2,298.1,7.7,D,0
-36.0224,144.9285,340.7,1,1,2014-09-21,0423,Aqua,MODIS,91,6.2,301.1,41.6,D,0
-36.1011,144.842,313.6,1,1,2014-09-21,0423,Aqua,MODIS,66,6.2,295.1,8.6,D,0
-34.9991,145.9269,400.2,1.1,1,2014-09-21,0423,Aqua,MODIS,100,6.2,313.4,280.7,D,0
-35.4441,145.2722,325.9,1,1,2014-09-21,0423,Aqua,MODIS,80,6.2,301.5,19.8,D,0
-34.9917,145.9127,317.8,1.1,1,2014-09-21,0423,Aqua,MODIS,37,6.2,305.7,7.4,D,0
-35.4712,144.9146,319.1,1,1,2014-09-21,0423,Aqua,MODIS,72,6.2,302,11.1,D,0
-35.5306,145.0804,309.9,1,1,2014-09-21,0423,Aqua,MODIS,45,6.2,298.8,5.3,D,0
-35.001,145.915,321.7,1.1,1,2014-09-21,0423,Aqua,MODIS,71,6.2,304.6,12.1,D,0
-36.0207,144.9397,320,1,1,2014-09-21,0423,Aqua,MODIS,76,6.2,296.9,14.1,D,0
-35.5378,145.076,315.4,1,1,2014-09-21,0423,Aqua,MODIS,63,6.2,300.5,8.7,D,0
-34.1148,146.5562,315.9,1.2,1.1,2014-09-21,0424,Aqua,MODIS,59,6.2,304.8,8.5,D,0
-34.4267,146.3499,313.6,1.1,1.1,2014-09-21,0424,Aqua,MODIS,45,6.2,302.1,7.5,D,0
-34.1169,146.5435,324.4,1.2,1.1,2014-09-21,0424,Aqua,MODIS,77,6.2,303.2,19.1,D,0
-34.1374,146.4824,353.2,1.2,1.1,2014-09-21,0424,Aqua,MODIS,97,6.2,307.4,77.6,D,0
-27.1504,145.7463,331.1,1.4,1.2,2014-09-21,0425,Aqua,MODIS,81,6.2,306.8,27.7,D,0
-27.14,145.744,323.5,1.4,1.2,2014-09-21,0426,Aqua,MODIS,70,6.2,306.8,13.7,D,0
-26.5353,141.812,328.5,1,1,2014-09-21,0426,Aqua,MODIS,72,6.2,310.5,15.1,D,0
-26.5263,141.8103,374,1,1,2014-09-21,0426,Aqua,MODIS,100,6.2,313.8,118.1,D,0
-26.5277,141.8002,343.2,1,1,2014-09-21,0426,Aqua,MODIS,89,6.2,309.4,36.2,D,0
-23.3251,129.4998,322,4.4,1.9,2014-09-21,0427,Aqua,MODIS,46,6.2,306.9,62.5,D,0
-23.322,129.5435,327.5,4.4,1.9,2014-09-21,0427,Aqua,MODIS,71,6.2,309.6,111.3,D,0
-23.3209,129.5364,331.9,4.4,1.9,2014-09-21,0427,Aqua,MODIS,78,6.2,309.5,160.3,D,0
-17.7371,138.5278,330.8,1,1,2014-09-21,0428,Aqua,MODIS,53,6.2,318,7.7,D,0
-17.7293,138.5169,349.5,1,1,2014-09-21,0428,Aqua,MODIS,92,6.2,319.1,40.4,D,0
-17.4974,138.4731,333.2,1,1,2014-09-21,0428,Aqua,MODIS,67,6.2,317.8,14.6,D,0
-17.2098,138.5555,359.4,1,1,2014-09-21,0428,Aqua,MODIS,99,6.2,311.1,69.3,D,0
-17.2111,138.546,373,1,1,2014-09-21,0428,Aqua,MODIS,100,6.2,317.4,110.1,D,0
-17.1983,138.5054,339.4,1,1,2014-09-21,0428,Aqua,MODIS,84,6.2,315.7,21.1,D,0
-17.1892,138.504,351,1,1,2014-09-21,0428,Aqua,MODIS,94,6.2,314.2,44.2,D,0
-17.1395,138.4712,333.9,1,1,2014-09-21,0428,Aqua,MODIS,51,6.2,309,18.4,D,0
-17.1408,138.4617,341,1,1,2014-09-21,0428,Aqua,MODIS,81,6.2,312.8,28.4,D,0
-17.1802,138.5026,337.8,1,1,2014-09-21,0428,Aqua,MODIS,64,6.2,311.9,22,D,0
-17.1815,138.4931,344.5,1,1,2014-09-21,0428,Aqua,MODIS,89,6.2,313.6,32.3,D,0
-17.6812,138.9929,335.8,1,1,2014-09-21,0428,Aqua,MODIS,77,6.2,318.3,15.7,D,0
-17.7888,137.8258,338.1,1.1,1,2014-09-21,0428,Aqua,MODIS,80,6.2,320.8,19.1,D,0
-17.4051,138.4719,338.6,1,1,2014-09-21,0428,Aqua,MODIS,82,6.2,317.6,20.5,D,0
-17.4038,138.4814,331.1,1,1,2014-09-21,0428,Aqua,MODIS,40,6.2,316.3,10.3,D,0
-18.0213,138.9977,331.7,1,1,2014-09-21,0428,Aqua,MODIS,70,6.2,318,11.8,D,0
-17.2645,138.5607,340.1,1,1,2014-09-21,0428,Aqua,MODIS,84,6.2,320.7,17.8,D,0
-17.2432,138.58,339.4,1,1,2014-09-21,0428,Aqua,MODIS,73,6.2,315.9,24.7,D,0
-17.2632,138.5702,333.6,1,1,2014-09-21,0428,Aqua,MODIS,59,6.2,319.9,7.9,D,0
-17.276,138.6108,351.4,1,1,2014-09-21,0428,Aqua,MODIS,94,6.2,316.2,45.4,D,0
-17.2773,138.6014,341.2,1,1,2014-09-21,0428,Aqua,MODIS,66,6.2,320.4,23,D,0
-17.267,138.6094,345.7,1,1,2014-09-21,0428,Aqua,MODIS,80,6.2,311.9,34.4,D,0
-17.2683,138.6,353.4,1,1,2014-09-21,0428,Aqua,MODIS,95,6.2,317.6,48.7,D,0
-17.652,138.9442,333.7,1,1,2014-09-21,0428,Aqua,MODIS,62,6.2,315.6,13.8,D,0
-17.6533,138.9348,342.5,1,1,2014-09-21,0428,Aqua,MODIS,86,6.2,316.9,27.8,D,0
-18.5464,130.3767,345,3.4,1.7,2014-09-21,0428,Aqua,MODIS,90,6.2,309.6,222.2,D,0
-18.5363,130.3708,336,3.4,1.7,2014-09-21,0428,Aqua,MODIS,83,6.2,307.9,136.2,D,0
-14.2441,132.4445,335.2,2,1.4,2014-09-21,0429,Aqua,MODIS,76,6.2,312,44,D,0
-14.2849,132.4352,337.6,2,1.4,2014-09-21,0429,Aqua,MODIS,58,6.2,314.1,51.4,D,0
-14.2974,132.437,337.1,2,1.4,2014-09-21,0429,Aqua,MODIS,45,6.2,313,49.7,D,0
-14.1274,132.4424,345.1,2,1.4,2014-09-21,0429,Aqua,MODIS,89,6.2,315.6,89.2,D,0
-14.2691,132.4475,332.9,2,1.4,2014-09-21,0429,Aqua,MODIS,39,6.2,312.4,33,D,0
-14.2817,132.4489,334,2,1.4,2014-09-21,0429,Aqua,MODIS,54,6.2,312.6,39.7,D,0
-14.115,132.4409,336.7,2,1.4,2014-09-21,0429,Aqua,MODIS,64,6.2,312.6,47.3,D,0
-14.1171,132.4223,337.1,2,1.4,2014-09-21,0429,Aqua,MODIS,65,6.2,315,48.5,D,0
-14.2965,132.4314,343.4,2,1.4,2014-09-21,0429,Aqua,MODIS,85,6.2,313.8,79.6,D,0
-16.9572,138.7832,344.7,1,1,2014-09-21,0429,Aqua,MODIS,67,6.2,311.7,40.6,D,0
-15.072,134.2706,378.9,1.5,1.2,2014-09-21,0429,Aqua,MODIS,100,6.2,317.8,238.9,D,0
-12.8295,141.8513,328.8,1.4,1.2,2014-09-21,0429,Aqua,MODIS,82,6.2,300.5,24.3,D,0
-15.0685,134.2776,370.1,1.5,1.2,2014-09-21,0429,Aqua,MODIS,100,6.2,319.4,175.9,D,0
-15.0557,134.2902,346.2,1.5,1.2,2014-09-21,0429,Aqua,MODIS,88,6.2,318,55.7,D,0
-15.1177,134.2621,344.6,1.5,1.2,2014-09-21,0429,Aqua,MODIS,88,6.2,316.5,55.4,D,0
-15.0448,134.2887,337.9,1.5,1.2,2014-09-21,0429,Aqua,MODIS,47,6.2,315.7,31.7,D,0
-15.0967,134.4305,358.3,1.5,1.2,2014-09-21,0429,Aqua,MODIS,99,6.2,322.2,105.6,D,0
-15.1195,134.2478,340.1,1.5,1.2,2014-09-21,0429,Aqua,MODIS,75,6.2,314.6,44.9,D,0
-15.0575,134.276,386,1.5,1.2,2014-09-21,0429,Aqua,MODIS,100,6.2,322.9,293.7,D,0
-17.3134,132.1917,341.5,2.3,1.5,2014-09-21,0429,Aqua,MODIS,82,6.2,311.9,93.9,D,0
-17.2941,132.122,370,2.4,1.5,2014-09-21,0429,Aqua,MODIS,100,6.2,312.1,355.8,D,0
-17.2966,132.0996,347.1,2.4,1.5,2014-09-21,0429,Aqua,MODIS,92,6.2,312.8,141.9,D,0
-17.3202,132.222,335.3,2.3,1.5,2014-09-21,0429,Aqua,MODIS,75,6.2,313.3,53.7,D,0
-17.3823,132.0252,325.6,2.4,1.5,2014-09-21,0429,Aqua,MODIS,59,6.2,308.3,25,D,0
-17.3625,131.9532,335.2,2.5,1.5,2014-09-21,0429,Aqua,MODIS,74,6.2,307.1,85.1,D,0
-17.3687,131.9467,330,2.5,1.5,2014-09-21,0429,Aqua,MODIS,53,6.2,306.5,59.3,D,0
-17.355,131.9451,332.3,2.5,1.5,2014-09-21,0429,Aqua,MODIS,53,6.2,305.9,69.2,D,0
-17.2661,132.2529,333.3,2.3,1.5,2014-09-21,0429,Aqua,MODIS,62,6.2,313.8,52.1,D,0
-17.209,132.1971,342.6,2.3,1.5,2014-09-21,0429,Aqua,MODIS,86,6.2,312.8,95.6,D,0
-17.1642,132.2361,344.8,2.3,1.5,2014-09-21,0429,Aqua,MODIS,82,6.2,311.5,116.1,D,0
-16.6777,132.7524,331.6,2.1,1.4,2014-09-21,0429,Aqua,MODIS,36,6.2,316.2,34.5,D,0
-17.2659,132.0044,358,2.4,1.5,2014-09-21,0429,Aqua,MODIS,98,6.2,305.6,255.3,D,0
-17.2683,131.9815,346.7,2.4,1.5,2014-09-21,0429,Aqua,MODIS,89,6.2,305,161.1,D,0
-17.2708,131.9585,339,2.4,1.5,2014-09-21,0429,Aqua,MODIS,85,6.2,304.3,118,D,0
-17.2696,132.0231,335.3,2.4,1.5,2014-09-21,0429,Aqua,MODIS,82,6.2,304.8,95.1,D,0
-17.2722,132.0004,364.8,2.4,1.5,2014-09-21,0429,Aqua,MODIS,100,6.2,309.2,325.2,D,0
-17.2639,131.953,324.3,2.4,1.5,2014-09-21,0429,Aqua,MODIS,62,6.2,302.8,51.7,D,0
-17.2215,132.0862,332.7,2.4,1.5,2014-09-21,0429,Aqua,MODIS,45,6.2,310.6,66.5,D,0
-17.1981,132.1735,331.2,2.3,1.5,2014-09-21,0429,Aqua,MODIS,25,6.2,311.4,35.4,D,0
-17.2006,132.1514,329.6,2.4,1.5,2014-09-21,0429,Aqua,MODIS,17,6.2,309.7,29.1,D,0
-17.1896,132.1277,337.9,2.4,1.5,2014-09-21,0429,Aqua,MODIS,63,6.2,308.4,77.6,D,0
-17.169,132.1923,345.5,2.3,1.5,2014-09-21,0429,Aqua,MODIS,72,6.2,312.7,116.5,D,0
-17.1762,132.1261,346.8,2.4,1.5,2014-09-21,0429,Aqua,MODIS,81,6.2,307,136.4,D,0
-17.1786,132.1038,339.7,2.4,1.5,2014-09-21,0429,Aqua,MODIS,74,6.2,306,100.7,D,0
-17.158,132.1687,354.5,2.3,1.5,2014-09-21,0429,Aqua,MODIS,97,6.2,310.9,197,D,0
-17.1604,132.1466,339.4,2.4,1.5,2014-09-21,0429,Aqua,MODIS,60,6.2,310.2,96.7,D,0
-17.1447,132.1671,349,2.3,1.5,2014-09-21,0429,Aqua,MODIS,93,6.2,306.5,162.6,D,0
-17.147,132.145,398.4,2.4,1.5,2014-09-21,0429,Aqua,MODIS,100,6.2,311.1,810.2,D,0
-17.1494,132.1228,328.8,2.4,1.5,2014-09-21,0429,Aqua,MODIS,70,6.2,304,57.2,D,0
-17.1597,132.184,342,2.3,1.5,2014-09-21,0429,Aqua,MODIS,88,6.2,310.2,111.7,D,0
-17.1489,132.1604,387.2,2.3,1.5,2014-09-21,0429,Aqua,MODIS,100,6.2,311.3,593.8,D,0
-17.1514,132.1383,387.2,2.4,1.5,2014-09-21,0429,Aqua,MODIS,100,6.2,313.4,601.5,D,0
-17.1197,132.1792,326,2.3,1.5,2014-09-21,0429,Aqua,MODIS,67,6.2,308.9,44.1,D,0
-17.1222,132.1572,322.3,2.3,1.5,2014-09-21,0429,Aqua,MODIS,50,6.2,307.1,30.9,D,0
-17.2856,132.0754,364.6,2.4,1.5,2014-09-21,0429,Aqua,MODIS,100,6.2,311.1,303,D,0
-17.288,132.0528,341.1,2.4,1.5,2014-09-21,0429,Aqua,MODIS,85,6.2,309.1,109.3,D,0
-17.298,131.9617,338,2.4,1.5,2014-09-21,0429,Aqua,MODIS,79,6.2,304.9,101.2,D,0
-17.2794,132.006,353.3,2.4,1.5,2014-09-21,0429,Aqua,MODIS,96,6.2,308.4,204.4,D,0
-17.2819,131.9831,356.6,2.4,1.5,2014-09-21,0429,Aqua,MODIS,98,6.2,306.2,234.9,D,0
-17.2844,131.9601,330.5,2.4,1.5,2014-09-21,0429,Aqua,MODIS,50,6.2,305,68.7,D,0
-17.2749,131.9776,347.4,2.4,1.5,2014-09-21,0429,Aqua,MODIS,92,6.2,305.9,166.3,D,0
-17.2775,131.9546,333.7,2.4,1.5,2014-09-21,0429,Aqua,MODIS,66,6.2,305.4,88.1,D,0
-17.2732,131.9354,335.9,2.5,1.5,2014-09-21,0429,Aqua,MODIS,82,6.2,304.5,104.5,D,0
-17.2665,131.9299,326.6,2.5,1.5,2014-09-21,0429,Aqua,MODIS,69,6.2,302.9,61.7,D,0
-16.806,135.4669,335.2,1.3,1.1,2014-09-21,0429,Aqua,MODIS,56,6.2,316.5,22.5,D,0
-16.8075,135.4546,332.7,1.3,1.2,2014-09-21,0429,Aqua,MODIS,41,6.2,317.3,16.7,D,0
-16.802,135.4152,331.1,1.4,1.2,2014-09-21,0429,Aqua,MODIS,68,6.2,317,15.3,D,0
-17.3226,132.1999,334.6,2.3,1.5,2014-09-21,0429,Aqua,MODIS,70,6.2,314.5,50.7,D,0
-17.3092,132.1984,345.2,2.3,1.5,2014-09-21,0429,Aqua,MODIS,90,6.2,310.7,117.4,D,0
-17.3243,132.2153,332,2.3,1.5,2014-09-21,0429,Aqua,MODIS,50,6.2,314.4,41.1,D,0
-17.3109,132.2137,347.2,2.3,1.5,2014-09-21,0429,Aqua,MODIS,92,6.2,312.2,130.2,D,0
-16.7432,132.1771,325.9,2.3,1.5,2014-09-21,0429,Aqua,MODIS,58,6.2,313,18.9,D,0
-16.8445,135.4649,330.9,1.3,1.2,2014-09-21,0429,Aqua,MODIS,19,6.2,318.2,13,D,0
-15.1219,134.406,333.4,1.5,1.2,2014-09-21,0429,Aqua,MODIS,47,6.2,318.2,21.4,D,0
-13.5869,141.9896,308.9,1.3,1.1,2014-09-21,0429,Aqua,MODIS,41,6.2,271.6,10.6,D,0
-16.8828,135.4959,336.8,1.3,1.1,2014-09-21,0429,Aqua,MODIS,79,6.2,317,28.9,D,0
-16.859,135.518,336.3,1.3,1.1,2014-09-21,0429,Aqua,MODIS,40,6.2,317.3,24.6,D,0
-16.8605,135.5055,350.2,1.3,1.1,2014-09-21,0429,Aqua,MODIS,93,6.2,317.6,63.7,D,0
-16.8486,135.5166,336.5,1.3,1.1,2014-09-21,0429,Aqua,MODIS,79,6.2,316.7,27.2,D,0
-16.8502,135.504,349.4,1.3,1.1,2014-09-21,0429,Aqua,MODIS,92,6.2,316.7,62.8,D,0
-14.1262,143.1567,336.9,1.6,1.2,2014-09-21,0429,Aqua,MODIS,81,6.2,302.4,56.8,D,0
-15.0267,134.3437,345.3,1.5,1.2,2014-09-21,0429,Aqua,MODIS,86,6.2,316.7,57.1,D,0
-15.0106,134.384,335.1,1.5,1.2,2014-09-21,0429,Aqua,MODIS,42,6.2,316.2,24.2,D,0
-15.0466,134.2746,398.9,1.5,1.2,2014-09-21,0429,Aqua,MODIS,100,6.2,319.8,421.9,D,0
-15.0119,134.2844,363.4,1.5,1.2,2014-09-21,0429,Aqua,MODIS,100,6.2,317.6,141,D,0
-15.274,141.6738,353.3,1.2,1.1,2014-09-21,0429,Aqua,MODIS,96,6.2,288.6,79.4,D,0
-15.2776,141.6513,330.2,1.2,1.1,2014-09-21,0429,Aqua,MODIS,70,6.2,284.8,24.7,D,0
-15.2758,141.6625,347.5,1.2,1.1,2014-09-21,0429,Aqua,MODIS,94,6.2,287.7,62,D,0
-15.2909,141.6305,324.2,1.2,1.1,2014-09-21,0429,Aqua,MODIS,72,6.2,283.5,18.6,D,0
-15.2839,141.6755,322.9,1.2,1.1,2014-09-21,0429,Aqua,MODIS,73,6.2,287.3,15.3,D,0
-14.1302,143.2023,322.1,1.6,1.2,2014-09-21,0429,Aqua,MODIS,61,6.2,295.8,25.2,D,0
-15.0236,134.4559,337.6,1.5,1.2,2014-09-21,0429,Aqua,MODIS,81,6.2,317.4,29.3,D,0
-14.458,133.1354,333.4,1.8,1.3,2014-09-21,0429,Aqua,MODIS,74,6.2,319.2,25.1,D,0
-15.1085,134.2463,340.6,1.5,1.2,2014-09-21,0429,Aqua,MODIS,77,6.2,317.6,49.5,D,0
-15.0847,134.2579,338.9,1.5,1.2,2014-09-21,0429,Aqua,MODIS,61,6.2,317.1,39.9,D,0
-13.0599,141.8264,317.1,1.3,1.1,2014-09-21,0429,Aqua,MODIS,57,6.2,283.4,16.7,D,0
-14.6004,133.2668,332.9,1.8,1.3,2014-09-21,0429,Aqua,MODIS,55,6.2,320.2,27.3,D,0
-14.5886,133.2652,338.7,1.8,1.3,2014-09-21,0429,Aqua,MODIS,77,6.2,317.8,48.6,D,0
-14.5906,133.2487,337.7,1.8,1.3,2014-09-21,0429,Aqua,MODIS,77,6.2,316.5,45.3,D,0
-15.0831,134.2506,344.5,1.5,1.2,2014-09-21,0429,Aqua,MODIS,77,6.2,316.7,61.1,D,0
-15.0864,134.2434,349,1.5,1.2,2014-09-21,0429,Aqua,MODIS,92,6.2,316.5,79.8,D,0
-15.0703,134.2635,368.9,1.5,1.2,2014-09-21,0429,Aqua,MODIS,100,6.2,314.5,170.8,D,0
-15.0484,134.2604,353.4,1.5,1.2,2014-09-21,0429,Aqua,MODIS,95,6.2,311.7,98.6,D,0
-15.1308,134.3358,334.8,1.5,1.2,2014-09-21,0429,Aqua,MODIS,61,6.2,322,23,D,0
-15.1453,134.3092,343.3,1.5,1.2,2014-09-21,0429,Aqua,MODIS,79,6.2,318.5,48.7,D,0
-15.0136,134.2701,344.6,1.5,1.2,2014-09-21,0429,Aqua,MODIS,79,6.2,313.2,61.7,D,0
-15.0654,134.5932,340.3,1.5,1.2,2014-09-21,0429,Aqua,MODIS,78,6.2,318.9,35.3,D,0
-15.0671,134.5797,341.5,1.5,1.2,2014-09-21,0429,Aqua,MODIS,83,6.2,321.3,37.4,D,0
-15.1145,134.3765,349,1.5,1.2,2014-09-21,0429,Aqua,MODIS,92,6.2,319,65.7,D,0
-15.1435,134.3232,338.7,1.5,1.2,2014-09-21,0429,Aqua,MODIS,47,6.2,318.2,33.1,D,0
-15.0812,134.2863,331.1,1.5,1.2,2014-09-21,0429,Aqua,MODIS,48,6.2,317.1,14.8,D,0
-15.1417,134.3373,348.5,1.5,1.2,2014-09-21,0429,Aqua,MODIS,92,6.2,317.9,68.4,D,0
-15.1163,134.3625,355.5,1.5,1.2,2014-09-21,0429,Aqua,MODIS,97,6.2,321,92.6,D,0
-15.0702,134.2847,344.4,1.5,1.2,2014-09-21,0429,Aqua,MODIS,88,6.2,317.4,54,D,0
-15.8893,127.9076,326.7,4.7,2,2014-09-21,0429,Aqua,MODIS,63,6.2,302.1,101.4,D,0
-15.8914,127.9048,324.6,4.7,2,2014-09-21,0429,Aqua,MODIS,48,6.2,302.4,75.1,D,0
-16.1898,128.1431,323.2,4.6,2,2014-09-21,0429,Aqua,MODIS,45,6.2,302.4,77.5,D,0
-15.887,127.9485,322.7,4.7,2,2014-09-21,0429,Aqua,MODIS,6,6.2,302.3,64.3,D,0
-16.1909,128.1392,323.3,4.6,2,2014-09-21,0429,Aqua,MODIS,43,6.2,302.4,76,D,0
-15.8851,127.9516,323.1,4.7,2,2014-09-21,0429,Aqua,MODIS,24,6.2,302,71,D,0
-14.1524,132.4454,339.8,2,1.4,2014-09-21,0429,Aqua,MODIS,73,6.2,313.9,59.8,D,0
-14.2043,136.5061,322.4,1.1,1,2014-09-21,0429,Aqua,MODIS,56,6.2,305.3,11.1,D,0
-14.0356,133.7758,341.9,1.6,1.2,2014-09-21,0429,Aqua,MODIS,61,6.2,317.6,47.2,D,0
-16.1266,136.7903,342.3,1.1,1.1,2014-09-21,0429,Aqua,MODIS,75,6.2,312.5,32.5,D,0
-16.1253,136.8007,339.7,1.1,1.1,2014-09-21,0429,Aqua,MODIS,57,6.2,313.9,26.1,D,0
-14.0372,133.7677,344.6,1.6,1.2,2014-09-21,0429,Aqua,MODIS,87,6.2,319.8,55.9,D,0
-14.1877,135.7276,346.2,1.2,1.1,2014-09-21,0429,Aqua,MODIS,91,6.2,308,55.7,D,0
-14.1892,135.7164,325.2,1.2,1.1,2014-09-21,0429,Aqua,MODIS,58,6.2,305.5,13.4,D,0
-15.7352,136.1839,362.9,1.2,1.1,2014-09-21,0429,Aqua,MODIS,100,6.2,314.5,96.2,D,0
-13.9905,133.6791,349.1,1.6,1.3,2014-09-21,0429,Aqua,MODIS,92,6.2,317,83.6,D,0
-15.7367,136.1728,363.8,1.2,1.1,2014-09-21,0429,Aqua,MODIS,100,6.2,316.5,100.2,D,0
-13.9962,133.6334,333.7,1.6,1.3,2014-09-21,0429,Aqua,MODIS,51,6.2,317.7,29.7,D,0
-13.9772,133.6002,363.8,1.6,1.3,2014-09-21,0429,Aqua,MODIS,100,6.2,315.8,163.1,D,0
-13.9943,133.6486,352.9,1.6,1.3,2014-09-21,0429,Aqua,MODIS,95,6.2,316.2,101.7,D,0
-13.9924,133.6638,358.1,1.6,1.3,2014-09-21,0429,Aqua,MODIS,98,6.2,317.6,125,D,0
-13.9735,133.6307,337.1,1.6,1.3,2014-09-21,0429,Aqua,MODIS,55,6.2,310.7,43.9,D,0
-15.7405,136.2183,331.5,1.2,1.1,2014-09-21,0429,Aqua,MODIS,43,6.2,315.5,15.4,D,0
-14.1763,132.1351,328.9,2.1,1.4,2014-09-21,0429,Aqua,MODIS,63,6.2,314.1,27.4,D,0
-13.9753,133.6156,393.1,1.6,1.3,2014-09-21,0429,Aqua,MODIS,100,6.2,317.3,407.4,D,0
-14.1786,132.1153,330.9,2.1,1.4,2014-09-21,0429,Aqua,MODIS,69,6.2,313.1,36.2,D,0
-13.9848,133.6321,347.6,1.6,1.3,2014-09-21,0429,Aqua,MODIS,86,6.2,312.6,79.6,D,0
-13.9867,133.6169,338.1,1.6,1.3,2014-09-21,0429,Aqua,MODIS,65,6.2,315.7,45,D,0
-14.2992,134.312,337.6,1.5,1.2,2014-09-21,0429,Aqua,MODIS,72,6.2,313.9,37,D,0
-14.9882,134.2955,348.7,1.5,1.2,2014-09-21,0429,Aqua,MODIS,92,6.2,315.2,75.3,D,0
-14.4791,134.674,327.2,1.4,1.2,2014-09-21,0429,Aqua,MODIS,37,6.2,314.2,14.6,D,0
-14.8767,135.0566,347,1.3,1.2,2014-09-21,0429,Aqua,MODIS,67,6.2,314.3,57.7,D,0
-14.9049,135.0532,350.2,1.4,1.2,2014-09-21,0429,Aqua,MODIS,88,6.2,309.8,68.8,D,0
-14.2975,134.3255,366.4,1.5,1.2,2014-09-21,0429,Aqua,MODIS,100,6.2,317.3,153.8,D,0
-14.2954,134.2554,347.3,1.5,1.2,2014-09-21,0429,Aqua,MODIS,91,6.2,316.9,68.4,D,0
-14.3177,134.4245,368,1.5,1.2,2014-09-21,0429,Aqua,MODIS,100,6.2,317.5,156.4,D,0
-14.9773,134.294,331.7,1.5,1.2,2014-09-21,0429,Aqua,MODIS,62,6.2,313.6,25.9,D,0
-14.2958,134.3391,358,1.5,1.2,2014-09-21,0429,Aqua,MODIS,98,6.2,315.7,112.2,D,0
-14.9762,134.2886,330.3,1.5,1.2,2014-09-21,0429,Aqua,MODIS,48,6.2,313.9,23.3,D,0
-14.9152,135.0546,346.7,1.4,1.2,2014-09-21,0429,Aqua,MODIS,90,6.2,313.6,60.5,D,0
-14.8751,135.0691,360.3,1.3,1.1,2014-09-21,0429,Aqua,MODIS,100,6.2,316,105.3,D,0
-15.739,136.2293,334.2,1.2,1.1,2014-09-21,0429,Aqua,MODIS,65,6.2,315.4,20.5,D,0
-14.4111,134.4979,338,1.4,1.2,2014-09-21,0429,Aqua,MODIS,65,6.2,316.6,33,D,0
-14.9001,135.0908,381.9,1.3,1.1,2014-09-21,0429,Aqua,MODIS,100,6.2,319,219.8,D,0
-14.2266,141.6998,360.6,1.3,1.1,2014-09-21,0429,Aqua,MODIS,100,6.2,280.7,112,D,0
-14.4774,134.6869,343.3,1.4,1.2,2014-09-21,0429,Aqua,MODIS,87,6.2,319.6,52.6,D,0
-14.9853,134.3042,343.4,1.5,1.2,2014-09-21,0429,Aqua,MODIS,88,6.2,314.9,59.1,D,0
-14.2366,141.7014,352.4,1.3,1.1,2014-09-21,0429,Aqua,MODIS,96,6.2,277.1,84.3,D,0
-14.3066,134.3404,335.5,1.5,1.2,2014-09-21,0429,Aqua,MODIS,78,6.2,315.4,31.6,D,0
-14.2384,141.6898,326.9,1.3,1.1,2014-09-21,0429,Aqua,MODIS,53,6.2,275.6,26.5,D,0
-14.3087,134.4096,342.8,1.5,1.2,2014-09-21,0429,Aqua,MODIS,87,6.2,314.9,50.9,D,0
-13.1847,142.9315,318.7,1.6,1.2,2014-09-21,0429,Aqua,MODIS,62,6.2,289.1,19.4,D,0
-14.9136,135.0671,342.7,1.3,1.2,2014-09-21,0429,Aqua,MODIS,72,6.2,315.2,46.1,D,0
-14.4088,134.3468,341.6,1.5,1.2,2014-09-21,0429,Aqua,MODIS,86,6.2,320.2,41,D,0
-14.979,134.2799,328.4,1.5,1.2,2014-09-21,0429,Aqua,MODIS,25,6.2,314.1,19.2,D,0
-14.3042,134.1853,354,1.5,1.2,2014-09-21,0429,Aqua,MODIS,96,6.2,314.7,100.8,D,0
-14.3214,134.4313,352.1,1.5,1.2,2014-09-21,0429,Aqua,MODIS,94,6.2,316.3,80.6,D,0
-14.2117,141.7262,329.4,1.3,1.1,2014-09-21,0429,Aqua,MODIS,17,6.2,280.1,28.9,D,0
-14.5826,133.3146,334.4,1.8,1.3,2014-09-21,0429,Aqua,MODIS,60,6.2,319.4,30.5,D,0
-14.4142,134.5039,331.6,1.4,1.2,2014-09-21,0429,Aqua,MODIS,42,6.2,316,19.5,D,0
-14.9168,135.0421,329.8,1.4,1.2,2014-09-21,0429,Aqua,MODIS,59,6.2,310.4,21.1,D,0
-14.9064,135.0407,345.6,1.4,1.2,2014-09-21,0429,Aqua,MODIS,89,6.2,308.1,58.9,D,0
-15.095,134.4443,347.4,1.5,1.2,2014-09-21,0429,Aqua,MODIS,91,6.2,318.3,62.8,D,0
-14.3194,134.411,377.1,1.5,1.2,2014-09-21,0429,Aqua,MODIS,100,6.2,319.4,213.8,D,0
-14.5709,133.3134,335.9,1.8,1.3,2014-09-21,0429,Aqua,MODIS,69,6.2,316.2,35,D,0
-14.9872,134.2901,336.3,1.5,1.2,2014-09-21,0429,Aqua,MODIS,80,6.2,314.2,38.4,D,0
-14.4735,134.6798,338,1.4,1.2,2014-09-21,0429,Aqua,MODIS,66,6.2,315.5,34.8,D,0
-14.211,141.733,358.9,1.3,1.1,2014-09-21,0429,Aqua,MODIS,99,6.2,280.9,104.2,D,0
-14.2099,141.7379,351.9,1.3,1.1,2014-09-21,0429,Aqua,MODIS,84,6.2,280.1,83.9,D,0
-16.1496,136.8362,336.9,1.1,1.1,2014-09-21,0429,Aqua,MODIS,60,6.2,314.4,20.8,D,0
-14.3503,134.4625,340,1.5,1.2,2014-09-21,0429,Aqua,MODIS,77,6.2,317.7,38.4,D,0
-14.3212,134.3975,329.9,1.5,1.2,2014-09-21,0429,Aqua,MODIS,55,6.2,314.1,16.6,D,0
-14.8985,135.1031,348.8,1.3,1.1,2014-09-21,0429,Aqua,MODIS,92,6.2,314.6,64.3,D,0
-14.2901,134.2968,369.7,1.5,1.2,2014-09-21,0429,Aqua,MODIS,100,6.2,315.6,174.1,D,0
-16.1563,136.8583,330.2,1.1,1.1,2014-09-21,0429,Aqua,MODIS,36,6.2,315.1,10.7,D,0
-14.3059,134.1714,327.9,1.5,1.2,2014-09-21,0429,Aqua,MODIS,38,6.2,311.5,20,D,0
-13.103,141.9412,327.2,1.4,1.2,2014-09-21,0429,Aqua,MODIS,76,6.2,287.1,31.4,D,0
-14.3231,134.4179,356.5,1.5,1.2,2014-09-21,0429,Aqua,MODIS,97,6.2,318.1,101.1,D,0
-14.4719,134.6927,348.2,1.4,1.2,2014-09-21,0429,Aqua,MODIS,91,6.2,317.6,64.4,D,0
-14.3627,134.4507,357.5,1.5,1.2,2014-09-21,0429,Aqua,MODIS,98,6.2,316,98.7,D,0
-14.361,134.464,366.4,1.5,1.2,2014-09-21,0429,Aqua,MODIS,100,6.2,319.4,142.2,D,0
-16.1847,136.8625,332.3,1.1,1.1,2014-09-21,0429,Aqua,MODIS,58,6.2,317,12,D,0
-14.4463,134.2449,328.8,1.5,1.2,2014-09-21,0429,Aqua,MODIS,45,6.2,316.2,15,D,0
-14.2884,134.3106,390.2,1.5,1.2,2014-09-21,0429,Aqua,MODIS,100,6.2,316.8,325.1,D,0
-14.4825,134.6942,340.3,1.4,1.2,2014-09-21,0429,Aqua,MODIS,75,6.2,319,38.6,D,0
-14.2284,141.6882,367.3,1.3,1.1,2014-09-21,0429,Aqua,MODIS,100,6.2,277.8,141.7,D,0
-14.4931,134.6956,336.2,1.4,1.2,2014-09-21,0429,Aqua,MODIS,70,6.2,317.4,27.4,D,0
-14.2652,135.0497,336.2,1.3,1.1,2014-09-21,0429,Aqua,MODIS,78,6.2,317.8,24.8,D,0
-14.3724,134.2863,344.7,1.5,1.2,2014-09-21,0429,Aqua,MODIS,89,6.2,316.2,58.4,D,0
-14.3248,134.4044,335,1.5,1.2,2014-09-21,0429,Aqua,MODIS,77,6.2,315.6,27.9,D,0
-14.949,134.3278,334.1,1.5,1.2,2014-09-21,0429,Aqua,MODIS,77,6.2,314.5,34.2,D,0
-14.4757,134.6998,337.9,1.4,1.2,2014-09-21,0429,Aqua,MODIS,81,6.2,315.7,35.4,D,0
-14.6383,134.4361,333,1.5,1.2,2014-09-21,0429,Aqua,MODIS,48,6.2,319.2,17.9,D,0
-14.4668,134.6854,337.8,1.4,1.2,2014-09-21,0429,Aqua,MODIS,81,6.2,316.6,37.7,D,0
-16.2867,136.8628,333,1.1,1.1,2014-09-21,0429,Aqua,MODIS,38,6.2,316.4,12,D,0
-14.2091,141.7446,338.3,1.3,1.1,2014-09-21,0429,Aqua,MODIS,67,6.2,272.6,43.9,D,0
-14.6276,134.4347,340.5,1.5,1.2,2014-09-21,0429,Aqua,MODIS,83,6.2,317.3,36,D,0
-14.2989,134.2276,350.2,1.5,1.2,2014-09-21,0429,Aqua,MODIS,93,6.2,316.6,81.3,D,0
-14.3024,134.1994,355.9,1.5,1.2,2014-09-21,0429,Aqua,MODIS,97,6.2,315.8,106.8,D,0
-14.2971,134.2414,356.1,1.5,1.2,2014-09-21,0429,Aqua,MODIS,97,6.2,317.1,103.2,D,0
-14.4947,134.6824,344,1.4,1.2,2014-09-21,0429,Aqua,MODIS,88,6.2,317,50.2,D,0
-14.365,134.2568,335.2,1.5,1.2,2014-09-21,0429,Aqua,MODIS,49,6.2,314.8,28.8,D,0
-14.4841,134.6812,343.6,1.4,1.2,2014-09-21,0429,Aqua,MODIS,85,6.2,317.7,49,D,0
-14.4106,134.3331,338.3,1.5,1.2,2014-09-21,0429,Aqua,MODIS,78,6.2,319.2,33.8,D,0
-14.4159,134.4906,332,1.4,1.2,2014-09-21,0429,Aqua,MODIS,47,6.2,317,18.6,D,0
-12.4924,135.7385,333,1.2,1.1,2014-09-21,0430,Aqua,MODIS,47,6.2,288.6,32,D,0
-13.1434,130.734,336.5,2.7,1.6,2014-09-21,0430,Aqua,MODIS,55,6.2,309.4,70.3,D,0
-13.1244,130.7249,334.5,2.7,1.6,2014-09-21,0430,Aqua,MODIS,37,6.2,314.9,69.8,D,0
-12.49,135.6839,322.3,1.2,1.1,2014-09-21,0430,Aqua,MODIS,27,6.2,294.6,15.3,D,0
-12.5147,135.7481,339.1,1.2,1.1,2014-09-21,0430,Aqua,MODIS,85,6.2,290.7,40.4,D,0
-12.4123,136.4401,339.5,1.1,1,2014-09-21,0430,Aqua,MODIS,86,6.2,312.2,27.1,D,0
-13.1378,130.7825,330.7,2.6,1.6,2014-09-21,0430,Aqua,MODIS,21,6.2,314.3,35.5,D,0
-13.1466,130.7769,343.5,2.6,1.6,2014-09-21,0430,Aqua,MODIS,87,6.2,315.3,115.8,D,0
-12.5079,135.7256,369.5,1.2,1.1,2014-09-21,0430,Aqua,MODIS,100,6.2,302.2,132.4,D,0
-13.1496,130.7526,342.6,2.6,1.6,2014-09-21,0430,Aqua,MODIS,87,6.2,310.7,109.3,D,0
-12.5065,135.7361,354.9,1.2,1.1,2014-09-21,0430,Aqua,MODIS,97,6.2,298.9,79.9,D,0
-12.397,136.4315,332.7,1.1,1,2014-09-21,0430,Aqua,MODIS,75,6.2,313.7,16.2,D,0
-12.7595,132.8525,341.2,1.8,1.3,2014-09-21,0430,Aqua,MODIS,74,6.2,312.4,64.8,D,0
-13.1385,130.7264,349.1,2.7,1.6,2014-09-21,0430,Aqua,MODIS,87,6.2,311.5,168.3,D,0
-12.6851,136.2063,330,1.1,1,2014-09-21,0430,Aqua,MODIS,60,6.2,308.1,20,D,0
-12.6864,136.1961,350.3,1.1,1,2014-09-21,0430,Aqua,MODIS,94,6.2,309.9,60.5,D,0
-12.6095,136.4102,327.5,1.1,1,2014-09-21,0430,Aqua,MODIS,66,6.2,310.5,13.9,D,0
-13.1406,130.7584,356,2.6,1.6,2014-09-21,0430,Aqua,MODIS,97,6.2,313.4,227.1,D,0
-12.2945,136.8996,325.4,1,1,2014-09-21,0430,Aqua,MODIS,69,6.2,305.4,14.2,D,0
-12.7415,132.9005,338.8,1.8,1.3,2014-09-21,0430,Aqua,MODIS,72,6.2,311.8,55.4,D,0
-11.3893,130.4483,321.3,2.6,1.6,2014-09-21,0430,Aqua,MODIS,47,6.2,302.9,38.4,D,0
-11.4951,130.3188,324.9,2.7,1.6,2014-09-21,0430,Aqua,MODIS,78,6.2,298,55.7,D,0
-11.4004,130.474,317.7,2.6,1.6,2014-09-21,0430,Aqua,MODIS,27,6.2,302,24.9,D,0
-11.498,130.294,323.9,2.7,1.6,2014-09-21,0430,Aqua,MODIS,77,6.2,296.3,51,D,0
-11.7485,130.112,314,2.8,1.6,2014-09-21,0430,Aqua,MODIS,28,6.2,296.5,22.2,D,0
-14.1046,132.4207,355.9,2,1.4,2014-09-21,0430,Aqua,MODIS,73,6.2,314.4,156.6,D,0
-14.1068,132.4017,332.4,2,1.4,2014-09-21,0430,Aqua,MODIS,45,6.2,313,29.8,D,0
-14.1137,132.4359,343.5,2,1.4,2014-09-21,0430,Aqua,MODIS,87,6.2,313.3,83,D,0
-13.6565,130.1932,335.3,3,1.6,2014-09-21,0430,Aqua,MODIS,74,6.2,307.6,104.1,D,0
-14.116,132.4172,334.5,2,1.4,2014-09-21,0430,Aqua,MODIS,19,6.2,315.3,42.3,D,0
-13.6535,130.2205,363.8,3,1.6,2014-09-21,0430,Aqua,MODIS,100,6.2,311.5,391.1,D,0
-11.7629,130.1138,316.7,2.8,1.6,2014-09-21,0430,Aqua,MODIS,62,6.2,297.4,33.3,D,0
-13.639,130.214,337,3,1.6,2014-09-21,0430,Aqua,MODIS,77,6.2,306.6,118.6,D,0
-12.3329,132.3143,328.6,1.9,1.4,2014-09-21,0430,Aqua,MODIS,50,6.2,309.2,27.3,D,0
-14.1035,132.4155,351.7,2,1.4,2014-09-21,0430,Aqua,MODIS,94,6.2,314,132,D,0
-13.6537,130.2157,368.7,3,1.6,2014-09-21,0430,Aqua,MODIS,100,6.2,311.5,467.4,D,0
-13.6387,130.2188,337.8,3,1.6,2014-09-21,0430,Aqua,MODIS,81,6.2,306.6,124.3,D,0
-12.8349,135.7025,333.8,1.2,1.1,2014-09-21,0430,Aqua,MODIS,56,6.2,311.6,20.6,D,0
-13.0497,135.6899,343.7,1.2,1.1,2014-09-21,0430,Aqua,MODIS,88,6.2,311.6,40.4,D,0
-13.0483,135.7007,332.3,1.2,1.1,2014-09-21,0430,Aqua,MODIS,66,6.2,311.1,17.5,D,0
-12.1161,134.2096,352.8,1.4,1.2,2014-09-21,0430,Aqua,MODIS,95,6.2,309.5,85.8,D,0
-13.0512,135.679,330.8,1.2,1.1,2014-09-21,0430,Aqua,MODIS,43,6.2,311.7,14.4,D,0
-13.0084,135.6289,336.8,1.2,1.1,2014-09-21,0430,Aqua,MODIS,37,6.2,313.8,24.4,D,0
-13.172,134.8581,337.9,1.3,1.1,2014-09-21,0430,Aqua,MODIS,60,6.2,317.9,22.3,D,0
-13.1711,134.8522,345.4,1.3,1.1,2014-09-21,0430,Aqua,MODIS,89,6.2,316.9,42.8,D,0
-12.1283,134.1982,327.1,1.4,1.2,2014-09-21,0430,Aqua,MODIS,11,6.2,310.2,16.3,D,0
-12.1357,133.8904,359.3,1.5,1.2,2014-09-21,0430,Aqua,MODIS,99,6.2,316.8,112.2,D,0
-12.4135,136.5703,329.1,1.1,1,2014-09-21,0430,Aqua,MODIS,74,6.2,305.1,15,D,0
-13.0837,136.0469,336,1.1,1.1,2014-09-21,0430,Aqua,MODIS,81,6.2,309.3,25,D,0
-11.5121,132.8561,331.2,1.7,1.3,2014-09-21,0430,Aqua,MODIS,38,6.2,314.2,24.8,D,0
-11.5005,132.8546,330.1,1.7,1.3,2014-09-21,0430,Aqua,MODIS,49,6.2,311.9,23.3,D,0
-12.1929,134.1608,328.6,1.4,1.2,2014-09-21,0430,Aqua,MODIS,36,6.2,310.1,21.4,D,0
-12.853,135.1859,332.8,1.3,1.1,2014-09-21,0430,Aqua,MODIS,63,6.2,317.3,16.2,D,0
-12.7995,134.7459,364.9,1.3,1.1,2014-09-21,0430,Aqua,MODIS,100,6.2,316.4,124.6,D,0
-12.8854,135.2485,337.6,1.2,1.1,2014-09-21,0430,Aqua,MODIS,81,6.2,315.3,25.8,D,0
-12.1249,133.8888,334.3,1.5,1.2,2014-09-21,0430,Aqua,MODIS,73,6.2,316.3,23.3,D,0
-13.0098,135.618,338.7,1.2,1.1,2014-09-21,0430,Aqua,MODIS,62,6.2,311.5,29.9,D,0
-12.7892,134.7445,333.8,1.3,1.1,2014-09-21,0430,Aqua,MODIS,59,6.2,316.1,22.7,D,0
-13.0919,136.0586,329.9,1.1,1.1,2014-09-21,0430,Aqua,MODIS,47,6.2,310.3,17.1,D,0
-12.2712,134.4235,334.9,1.4,1.2,2014-09-21,0430,Aqua,MODIS,79,6.2,310.1,28.4,D,0
-12.2608,134.4221,327.8,1.4,1.2,2014-09-21,0430,Aqua,MODIS,61,6.2,310.2,14.2,D,0
-12.8266,135.6904,338.6,1.2,1.1,2014-09-21,0430,Aqua,MODIS,57,6.2,310.7,30.7,D,0
-13.0479,136.1681,323.1,1.1,1.1,2014-09-21,0430,Aqua,MODIS,19,6.2,308.5,11.2,D,0
-12.8736,135.708,328.7,1.2,1.1,2014-09-21,0430,Aqua,MODIS,42,6.2,312.9,11.2,D,0
-12.4105,136.4031,327.6,1.1,1,2014-09-21,0430,Aqua,MODIS,61,6.2,311,10.7,D,0
-12.4756,132.5002,328.3,1.9,1.3,2014-09-21,0430,Aqua,MODIS,54,6.2,312.8,21.8,D,0
-12.8255,135.0112,336.6,1.3,1.1,2014-09-21,0430,Aqua,MODIS,44,6.2,313.5,22.8,D,0
-12.7897,134.9702,334.1,1.3,1.1,2014-09-21,0430,Aqua,MODIS,77,6.2,314.7,15.7,D,0
-12.8271,134.9995,343.2,1.3,1.1,2014-09-21,0430,Aqua,MODIS,86,6.2,314.3,37,D,0
-12.9157,136.0743,330.3,1.1,1.1,2014-09-21,0430,Aqua,MODIS,72,6.2,311.8,17.7,D,0
-12.9062,136.073,357.4,1.1,1.1,2014-09-21,0430,Aqua,MODIS,98,6.2,313.4,75.9,D,0
-12.9076,136.0627,363.3,1.1,1.1,2014-09-21,0430,Aqua,MODIS,100,6.2,314.6,94.6,D,0
-13.2992,134.5593,330.9,1.4,1.2,2014-09-21,0430,Aqua,MODIS,26,6.2,317.4,11.3,D,0
-13.49,135.1453,340.5,1.3,1.1,2014-09-21,0430,Aqua,MODIS,84,6.2,315.4,36.3,D,0
-13.1153,136.0569,330.1,1.1,1.1,2014-09-21,0430,Aqua,MODIS,59,6.2,308.5,19.3,D,0
-13.5001,135.1468,345.7,1.3,1.1,2014-09-21,0430,Aqua,MODIS,89,6.2,316.8,49.4,D,0
-13.4985,135.1588,342.2,1.3,1.1,2014-09-21,0430,Aqua,MODIS,86,6.2,314.5,39.8,D,0
-13.5595,135.3154,339.5,1.3,1.1,2014-09-21,0430,Aqua,MODIS,68,6.2,314.1,31.8,D,0
-13.4989,135.1534,360.4,1.3,1.1,2014-09-21,0430,Aqua,MODIS,100,6.2,317.1,96.8,D,0
-13.512,135.1309,336.5,1.3,1.1,2014-09-21,0430,Aqua,MODIS,73,6.2,313.9,24.5,D,0
-12.7908,134.7324,339.5,1.3,1.1,2014-09-21,0430,Aqua,MODIS,84,6.2,315.9,34.9,D,0
-12.8011,134.7338,344.8,1.3,1.1,2014-09-21,0430,Aqua,MODIS,89,6.2,314.1,51.2,D,0
-13.1462,130.7089,334.5,2.7,1.6,2014-09-21,0430,Aqua,MODIS,53,6.2,309.7,72.1,D,0
-12.7436,132.8839,343.5,1.8,1.3,2014-09-21,0430,Aqua,MODIS,81,6.2,313,72,D,0
-13.1133,130.6984,343.5,2.7,1.6,2014-09-21,0430,Aqua,MODIS,85,6.2,311.1,140.5,D,0
-13.1273,130.7003,377.1,2.7,1.6,2014-09-21,0430,Aqua,MODIS,100,6.2,313.6,525.2,D,0
-13.1321,130.7076,378.5,2.7,1.6,2014-09-21,0430,Aqua,MODIS,100,6.2,314.5,542.2,D,0
-13.1415,130.7016,346.4,2.7,1.6,2014-09-21,0430,Aqua,MODIS,87,6.2,310.3,156.6,D,0
-13.1179,130.7061,341.6,2.7,1.6,2014-09-21,0430,Aqua,MODIS,71,6.2,312.8,123,D,0
-13.1971,135.3576,329.8,1.2,1.1,2014-09-21,0430,Aqua,MODIS,66,6.2,314.1,12.6,D,0
-12.8457,134.8572,377.4,1.3,1.1,2014-09-21,0430,Aqua,MODIS,100,6.2,314.6,185.1,D,0
-13.2943,134.5532,335.3,1.4,1.2,2014-09-21,0430,Aqua,MODIS,75,6.2,317.8,22.6,D,0
-12.8115,135.6554,353.3,1.2,1.1,2014-09-21,0430,Aqua,MODIS,95,6.2,308.5,68.2,D,0
-13.1981,135.3516,338.1,1.2,1.1,2014-09-21,0430,Aqua,MODIS,82,6.2,314.4,29.6,D,0
-13.4887,134.9995,337.5,1.3,1.1,2014-09-21,0430,Aqua,MODIS,75,6.2,314.2,32,D,0
-12.4122,136.5801,355.1,1.1,1,2014-09-21,0430,Aqua,MODIS,97,6.2,305.7,66.7,D,0
-13.1986,135.346,328.8,1.2,1.1,2014-09-21,0430,Aqua,MODIS,61,6.2,313.3,11.1,D,0
-12.1178,134.1967,329.7,1.4,1.2,2014-09-21,0430,Aqua,MODIS,15,6.2,309.5,20.3,D,0
-12.8418,134.9655,344.6,1.3,1.1,2014-09-21,0430,Aqua,MODIS,83,6.2,315.8,44.7,D,0
-13.4871,135.0115,337.5,1.3,1.1,2014-09-21,0430,Aqua,MODIS,80,6.2,315,31.2,D,0
-12.9453,135.1045,343.6,1.3,1.1,2014-09-21,0430,Aqua,MODIS,88,6.2,315.6,44.2,D,0
-11.4748,131.1351,327.2,2.3,1.5,2014-09-21,0430,Aqua,MODIS,26,6.2,307.4,35.1,D,0
-11.4623,131.1485,328.1,2.3,1.5,2014-09-21,0430,Aqua,MODIS,66,6.2,307.8,45,D,0
-12.8426,134.8811,351,1.3,1.1,2014-09-21,0430,Aqua,MODIS,88,6.2,314.6,64.9,D,0
-12.8442,134.8691,363.2,1.3,1.1,2014-09-21,0430,Aqua,MODIS,100,6.2,313.7,112,D,0
-13.0992,130.6966,331.7,2.7,1.6,2014-09-21,0430,Aqua,MODIS,49,6.2,307.7,63.4,D,0
-12.8363,135.6917,343,1.2,1.1,2014-09-21,0430,Aqua,MODIS,88,6.2,312.4,38.7,D,0
-13.0963,130.7211,336,2.7,1.6,2014-09-21,0430,Aqua,MODIS,54,6.2,310.3,82.1,D,0
-12.8542,135.7052,344.2,1.2,1.1,2014-09-21,0430,Aqua,MODIS,89,6.2,313.9,40.2,D,0
-12.8639,135.7066,341.6,1.2,1.1,2014-09-21,0430,Aqua,MODIS,86,6.2,314.9,34.3,D,0
-12.8446,135.7038,345.2,1.2,1.1,2014-09-21,0430,Aqua,MODIS,90,6.2,313.4,44.1,D,0
-12.7599,135.0431,331.6,1.3,1.1,2014-09-21,0430,Aqua,MODIS,61,6.2,315,11.9,D,0
-11.6475,131.2119,322.2,2.3,1.5,2014-09-21,0430,Aqua,MODIS,47,6.2,306.8,23.8,D,0
-13.5027,135.0503,337.7,1.3,1.1,2014-09-21,0430,Aqua,MODIS,80,6.2,315.3,30.8,D,0
-12.8504,134.9787,336.1,1.3,1.1,2014-09-21,0430,Aqua,MODIS,49,6.2,312.9,25,D,0
-12.8488,134.9904,341.7,1.3,1.1,2014-09-21,0430,Aqua,MODIS,77,6.2,313.7,38.3,D,0
-12.852,134.9669,338.1,1.3,1.1,2014-09-21,0430,Aqua,MODIS,66,6.2,311.5,31,D,0
-12.622,132.6873,341.9,1.8,1.3,2014-09-21,0430,Aqua,MODIS,86,6.2,312.3,66.1,D,0
-13.0279,135.6316,335.6,1.2,1.1,2014-09-21,0430,Aqua,MODIS,53,6.2,312.9,22.1,D,0
-12.3183,134.5254,330.2,1.4,1.2,2014-09-21,0430,Aqua,MODIS,64,6.2,314,13.5,D,0
-11.4722,131.1562,342.2,2.3,1.5,2014-09-21,0430,Aqua,MODIS,89,6.2,310.3,112.4,D,0
-11.5505,131.2565,322.5,2.3,1.5,2014-09-21,0430,Aqua,MODIS,48,6.2,306.6,16,D,0
-11.5411,131.2503,323.8,2.3,1.5,2014-09-21,0430,Aqua,MODIS,46,6.2,306.9,16.9,D,0
-13.0264,135.6425,333.1,1.2,1.1,2014-09-21,0430,Aqua,MODIS,43,6.2,312.9,15.8,D,0
-13.4584,134.5359,339.3,1.4,1.2,2014-09-21,0430,Aqua,MODIS,82,6.2,320.4,32,D,0
-13.477,135.0101,327.8,1.3,1.1,2014-09-21,0430,Aqua,MODIS,42,6.2,312.9,12.8,D,0
-11.9894,133.6908,333,1.5,1.2,2014-09-21,0430,Aqua,MODIS,50,6.2,315.6,23.5,D,0
-11.9876,133.7046,340.2,1.5,1.2,2014-09-21,0430,Aqua,MODIS,84,6.2,313.1,46.1,D,0
-13.4785,134.9981,335.2,1.3,1.1,2014-09-21,0430,Aqua,MODIS,77,6.2,313.6,28.3,D,0
-12.834,134.8677,337.9,1.3,1.1,2014-09-21,0430,Aqua,MODIS,62,6.2,315,28.3,D,0
-12.6318,132.7057,328.7,1.8,1.3,2014-09-21,0430,Aqua,MODIS,37,6.2,313.3,17.3,D,0
-12.627,132.6931,343.6,1.8,1.3,2014-09-21,0430,Aqua,MODIS,88,6.2,313.7,74.3,D,0
-12.8473,134.8452,340.3,1.3,1.1,2014-09-21,0430,Aqua,MODIS,83,6.2,310.9,39.7,D,0
-12.639,132.6947,329.6,1.8,1.3,2014-09-21,0430,Aqua,MODIS,55,6.2,314.5,20.7,D,0
-12.4137,136.4302,332.6,1.1,1,2014-09-21,0430,Aqua,MODIS,53,6.2,309.9,15.1,D,0
-12.2918,133.8402,331.6,1.5,1.2,2014-09-21,0430,Aqua,MODIS,70,6.2,314.7,21.1,D,0
-11.2603,132.3343,327.6,1.9,1.3,2014-09-21,0430,Aqua,MODIS,43,6.2,311.7,25.3,D,0
-13.9774,133.6107,377.2,1.6,1.3,2014-09-21,0430,Aqua,MODIS,75,6.2,319,265.1,D,0
-13.9755,133.6259,360.1,1.6,1.3,2014-09-21,0430,Aqua,MODIS,75,6.2,312.6,150.2,D,0
-13.4874,132.468,334.2,2,1.4,2014-09-21,0430,Aqua,MODIS,75,6.2,315.6,36,D,0
-13.5887,135.2423,339.4,1.3,1.1,2014-09-21,0430,Aqua,MODIS,62,6.2,311.9,30.1,D,0
-13.5872,135.2539,340.3,1.3,1.1,2014-09-21,0430,Aqua,MODIS,83,6.2,313.2,34,D,0
-12.2941,135.1009,326.3,1.2,1.1,2014-09-21,0430,Aqua,MODIS,59,6.2,308.1,14.8,D,0
-13.5857,135.2656,333.1,1.3,1.1,2014-09-21,0430,Aqua,MODIS,51,6.2,313.9,19.7,D,0
-11.2504,132.3158,335.3,1.9,1.3,2014-09-21,0430,Aqua,MODIS,75,6.2,310.5,52,D,0
-11.5044,132.8501,335.4,1.7,1.3,2014-09-21,0430,Aqua,MODIS,87,6.2,313.3,41.4,D,0
-12.2901,133.8349,329.9,1.5,1.2,2014-09-21,0430,Aqua,MODIS,70,6.2,314.9,18.4,D,0
-12.2059,133.8586,336.4,1.5,1.2,2014-09-21,0430,Aqua,MODIS,80,6.2,317,28.5,D,0
-12.2105,133.8521,340.9,1.5,1.2,2014-09-21,0430,Aqua,MODIS,86,6.2,317.5,42.8,D,0
-13.5876,135.105,337.9,1.3,1.1,2014-09-21,0430,Aqua,MODIS,80,6.2,314.8,29.1,D,0
-11.9608,135.6698,319,1.2,1.1,2014-09-21,0430,Aqua,MODIS,40,6.2,306.6,6.8,D,0
-13.5579,135.3269,334.3,1.3,1.1,2014-09-21,0430,Aqua,MODIS,43,6.2,313.6,21.7,D,0
-13.9794,133.5953,340.7,1.6,1.3,2014-09-21,0430,Aqua,MODIS,63,6.2,315.4,61.5,D,0
-11.2526,132.2986,341,1.9,1.3,2014-09-21,0430,Aqua,MODIS,68,6.2,309,78.3,D,0
-13.5902,135.2307,356.8,1.3,1.1,2014-09-21,0430,Aqua,MODIS,97,6.2,314.5,83.2,D,0
-13.5933,135.2074,334.9,1.3,1.1,2014-09-21,0430,Aqua,MODIS,50,6.2,310.7,24.5,D,0
-13.5775,135.1037,341.6,1.3,1.1,2014-09-21,0430,Aqua,MODIS,85,6.2,315.8,37.5,D,0
-13.7182,134.3081,328.7,1.5,1.2,2014-09-21,0430,Aqua,MODIS,48,6.2,315.7,14.2,D,0
-13.5844,135.1286,333.6,1.3,1.1,2014-09-21,0430,Aqua,MODIS,70,6.2,312.6,21.4,D,0
-13.7165,134.3214,334.3,1.5,1.2,2014-09-21,0430,Aqua,MODIS,54,6.2,318.1,24.7,D,0
-12.1908,135.3308,326.9,1.2,1.1,2014-09-21,0430,Aqua,MODIS,44,6.2,282.7,27,D,0
-13.5806,135.0799,327.5,1.3,1.1,2014-09-21,0430,Aqua,MODIS,20,6.2,314.1,8.7,D,0
-13.579,135.0918,329.9,1.3,1.1,2014-09-21,0430,Aqua,MODIS,25,6.2,315.1,12.2,D,0
-33.8787,120.3378,319.8,1.1,1,2014-09-21,0603,Aqua,MODIS,68,6.2,305.1,9.6,D,0
-28.0432,126.2102,326.5,2.9,1.6,2014-09-21,0604,Aqua,MODIS,32,6.2,312.3,34.5,D,0
-28.0351,126.1771,327.6,2.9,1.6,2014-09-21,0604,Aqua,MODIS,62,6.2,315.6,41.9,D,0
-28.0298,126.2014,326.5,2.9,1.6,2014-09-21,0604,Aqua,MODIS,37,6.2,313.6,32.8,D,0
-28.0495,126.1812,344.8,2.9,1.6,2014-09-21,0604,Aqua,MODIS,90,6.2,314.4,163.4,D,0
-28.0442,126.2055,334,2.9,1.6,2014-09-21,0604,Aqua,MODIS,75,6.2,312.3,75.9,D,0
-28.0503,126.1764,338.5,2.9,1.6,2014-09-21,0604,Aqua,MODIS,84,6.2,314.4,107.8,D,0
-27.8398,124.4503,341.3,2.2,1.4,2014-09-21,0604,Aqua,MODIS,85,6.2,315.3,80.1,D,0
-27.8701,124.4346,338.5,2.2,1.4,2014-09-21,0604,Aqua,MODIS,75,6.2,316.6,73.4,D,0
-27.8572,124.4314,346.3,2.2,1.4,2014-09-21,0604,Aqua,MODIS,91,6.2,319.4,115.4,D,0
-27.8136,124.4619,333.9,2.2,1.5,2014-09-21,0604,Aqua,MODIS,55,6.2,316.3,45.7,D,0
-27.8224,124.4691,345.1,2.2,1.5,2014-09-21,0604,Aqua,MODIS,67,6.2,315.2,95.1,D,0
-27.8819,124.58,349.1,2.3,1.5,2014-09-21,0604,Aqua,MODIS,93,6.2,314.9,145,D,0
-27.8787,124.5864,339.5,2.3,1.5,2014-09-21,0604,Aqua,MODIS,85,6.2,314.3,84.9,D,0
-27.8092,124.4841,333.5,2.3,1.5,2014-09-21,0604,Aqua,MODIS,72,6.2,316,46.3,D,0
-27.8309,124.443,357.5,2.2,1.4,2014-09-21,0604,Aqua,MODIS,98,6.2,319.5,185.8,D,0
-27.8266,124.4652,357.7,2.2,1.5,2014-09-21,0604,Aqua,MODIS,98,6.2,316,186.6,D,0
-27.8833,124.5638,334,2.3,1.5,2014-09-21,0604,Aqua,MODIS,79,6.2,314,57.8,D,0
-27.8269,124.447,369.6,2.2,1.4,2014-09-21,0604,Aqua,MODIS,100,6.2,320.9,297.2,D,0
-27.8181,124.4395,337.6,2.2,1.4,2014-09-21,0604,Aqua,MODIS,54,6.2,317.1,62.1,D,0
-22.7352,118.2072,346.6,1.1,1.1,2014-09-21,0606,Aqua,MODIS,83,6.2,316.1,41.3,D,0
-22.6981,118.132,340.9,1.1,1.1,2014-09-21,0606,Aqua,MODIS,85,6.2,315.8,31.6,D,0
-22.7118,118.1687,343.8,1.1,1.1,2014-09-21,0606,Aqua,MODIS,87,6.2,316,35,D,0
-22.7446,118.0848,333.7,1.1,1.1,2014-09-21,0606,Aqua,MODIS,72,6.2,314,17.2,D,0
-22.7144,118.2146,336.6,1.1,1.1,2014-09-21,0606,Aqua,MODIS,70,6.2,313.9,20.8,D,0
-22.808,118.2726,337.6,1.1,1.1,2014-09-21,0606,Aqua,MODIS,81,6.2,311.8,29.3,D,0
-22.7575,118.0649,336.5,1.1,1.1,2014-09-21,0606,Aqua,MODIS,79,6.2,314.8,22.1,D,0
-22.7161,118.2036,349.2,1.1,1.1,2014-09-21,0606,Aqua,MODIS,92,6.2,316.1,47.6,D,0
-22.7101,118.1797,353.4,1.1,1.1,2014-09-21,0606,Aqua,MODIS,95,6.2,316,59.1,D,0
-22.8122,118.3078,345.1,1.1,1.1,2014-09-21,0606,Aqua,MODIS,89,6.2,314.1,41.8,D,0
-22.7351,118.0829,353.8,1.1,1.1,2014-09-21,0606,Aqua,MODIS,96,6.2,317.4,60.4,D,0
-22.8105,118.319,332.8,1.2,1.1,2014-09-21,0606,Aqua,MODIS,73,6.2,315.2,18.2,D,0
-22.7257,118.2054,352.1,1.1,1.1,2014-09-21,0606,Aqua,MODIS,94,6.2,318.3,54.2,D,0
-22.8062,118.2836,330.3,1.1,1.1,2014-09-21,0606,Aqua,MODIS,57,6.2,311.7,15.8,D,0
-22.7257,118.0809,353.8,1.1,1.1,2014-09-21,0606,Aqua,MODIS,96,6.2,315.4,61.6,D,0
-22.6998,118.121,331.9,1.1,1.1,2014-09-21,0606,Aqua,MODIS,71,6.2,313.7,15.2,D,0
-22.7334,118.0938,348.5,1.1,1.1,2014-09-21,0606,Aqua,MODIS,92,6.2,316.8,46.2,D,0
-22.7592,118.054,332,1.1,1.1,2014-09-21,0606,Aqua,MODIS,71,6.2,315.2,15.8,D,0
-22.7163,118.0785,327.3,1.1,1.1,2014-09-21,0606,Aqua,MODIS,29,6.2,311.5,9.3,D,0
-22.7033,118.099,344,1.1,1.1,2014-09-21,0606,Aqua,MODIS,88,6.2,314.1,36.8,D,0
-22.7051,118.088,336.3,1.1,1.1,2014-09-21,0606,Aqua,MODIS,79,6.2,314.6,22.6,D,0
-22.7429,118.0956,339.7,1.1,1.1,2014-09-21,0606,Aqua,MODIS,83,6.2,315,28,D,0
-22.7239,118.2165,385.1,1.1,1.1,2014-09-21,0606,Aqua,MODIS,100,6.2,319.7,186.4,D,0
-21.8145,120.7815,333.7,1.7,1.3,2014-09-21,0606,Aqua,MODIS,70,6.2,318.3,25.2,D,0
-21.8259,120.7839,332.2,1.7,1.3,2014-09-21,0606,Aqua,MODIS,53,6.2,319,20.6,D,0
-20.6921,119.3089,356.6,1.4,1.2,2014-09-21,0606,Aqua,MODIS,97,6.2,323.9,79.7,D,0
-21.4122,118.3501,360.4,1.2,1.1,2014-09-21,0606,Aqua,MODIS,100,6.2,320.4,78.6,D,0
-21.414,118.3385,367.1,1.2,1.1,2014-09-21,0606,Aqua,MODIS,100,6.2,322.7,105.3,D,0
-21.3908,118.3579,370.9,1.2,1.1,2014-09-21,0606,Aqua,MODIS,100,6.2,323,121.6,D,0
-21.3814,118.4158,351.1,1.2,1.1,2014-09-21,0606,Aqua,MODIS,93,6.2,318.3,57.3,D,0
-21.3833,118.4042,337.2,1.2,1.1,2014-09-21,0606,Aqua,MODIS,78,6.2,318.8,22,D,0
-21.3323,118.4067,338.7,1.2,1.1,2014-09-21,0606,Aqua,MODIS,80,6.2,319.2,23.7,D,0
-21.3309,118.413,332.6,1.2,1.1,2014-09-21,0606,Aqua,MODIS,47,6.2,318.2,11.8,D,0
-21.4085,118.3732,341.4,1.2,1.1,2014-09-21,0606,Aqua,MODIS,17,6.2,317.2,27,D,0
-21.3889,118.3695,364.9,1.2,1.1,2014-09-21,0606,Aqua,MODIS,100,6.2,320.3,97.6,D,0
-20.6944,119.2956,347.2,1.4,1.2,2014-09-21,0606,Aqua,MODIS,60,6.2,322.3,46.5,D,0
-17.4973,125.5347,324.8,4.5,2,2014-09-21,0607,Aqua,MODIS,20,6.2,305.1,55.9,D,0
-16.5603,124.2452,324.8,3.8,1.8,2014-09-21,0607,Aqua,MODIS,53,6.2,304.1,70.1,D,0
-16.565,124.2513,326.2,3.8,1.8,2014-09-21,0607,Aqua,MODIS,44,6.2,304.4,73.8,D,0
-17.5665,125.5522,327,4.5,2,2014-09-21,0607,Aqua,MODIS,56,6.2,304,91,D,0
-17.48,125.5305,328.1,4.5,2,2014-09-21,0607,Aqua,MODIS,42,6.2,307.6,89.5,D,0
-17.4814,125.5261,327.8,4.5,2,2014-09-21,0607,Aqua,MODIS,28,6.2,307.6,85.8,D,0
-16.676,124.2028,325.5,3.8,1.8,2014-09-21,0607,Aqua,MODIS,40,6.2,302.8,51.7,D,0
-16.6921,124.2063,330.7,3.8,1.8,2014-09-21,0607,Aqua,MODIS,76,6.2,302.1,98.9,D,0
-16.6832,124.2121,335.2,3.8,1.8,2014-09-21,0607,Aqua,MODIS,82,6.2,302.7,135.5,D,0
-17.609,125.7081,325.6,4.6,2,2014-09-21,0607,Aqua,MODIS,56,6.2,305.8,79.9,D,0
-17.5673,125.5599,331.3,4.5,2,2014-09-21,0607,Aqua,MODIS,74,6.2,304.3,143.3,D,0
-22.6669,130.7186,304.1,1.1,1,2014-09-21,1352,Terra,MODIS,59,6.2,288.6,7.8,N,0
-22.6574,130.7172,304.1,1.1,1,2014-09-21,1352,Terra,MODIS,59,6.2,288.6,7.9,N,0
-19.165,128.9075,307.9,1.2,1.1,2014-09-21,1353,Terra,MODIS,73,6.2,294.6,9.7,N,0
-19.1895,128.8751,318.6,1.2,1.1,2014-09-21,1353,Terra,MODIS,97,6.2,294.7,21,N,0
-19.188,128.8868,304.1,1.2,1.1,2014-09-21,1353,Terra,MODIS,45,6.2,293.6,6,N,0
-19.4376,133.4966,313,1.1,1,2014-09-21,1353,Terra,MODIS,86,6.2,287.7,13.1,N,0
-19.4299,133.4851,311.2,1.1,1,2014-09-21,1353,Terra,MODIS,82,6.2,288,11.3,N,0
-19.4314,133.4751,301.2,1.1,1,2014-09-21,1353,Terra,MODIS,28,6.2,288.2,4.9,N,0
-18.0055,139.0185,300.5,2.4,1.5,2014-09-21,1353,Terra,MODIS,29,6.2,290,15.8,N,0
-19.299,134.9855,305.9,1.2,1.1,2014-09-21,1353,Terra,MODIS,66,6.2,290.7,10.5,N,0
-17.2514,138.6544,304.6,2.3,1.5,2014-09-21,1354,Terra,MODIS,61,6.2,292.7,19.5,N,0
-17.2382,138.6518,356.1,2.3,1.5,2014-09-21,1354,Terra,MODIS,100,6.2,295.4,260.5,N,0
-17.2431,138.6462,366.4,2.3,1.5,2014-09-21,1354,Terra,MODIS,100,6.2,297.9,358.9,N,0
-17.1941,138.6137,302.3,2.3,1.5,2014-09-21,1354,Terra,MODIS,37,6.2,292.1,14.8,N,0
-17.198,138.5919,339.9,2.3,1.5,2014-09-21,1354,Terra,MODIS,100,6.2,293.9,146.9,N,0
-17.1256,138.4825,343.4,2.3,1.5,2014-09-21,1354,Terra,MODIS,100,6.2,295.1,165.2,N,0
-17.1295,138.4611,325.2,2.3,1.5,2014-09-21,1354,Terra,MODIS,100,6.2,292.1,76.3,N,0
-17.1125,138.4799,316.9,2.3,1.5,2014-09-21,1354,Terra,MODIS,94,6.2,291.6,51.6,N,0
-17.1164,138.4585,309.4,2.3,1.5,2014-09-21,1354,Terra,MODIS,77,6.2,290.2,31.8,N,0
-17.1704,138.5193,314.2,2.3,1.5,2014-09-21,1354,Terra,MODIS,89,6.2,293.1,42.4,N,0
-17.1572,138.5167,339.6,2.3,1.5,2014-09-21,1354,Terra,MODIS,100,6.2,293.5,143.6,N,0
-17.1612,138.4953,328.7,2.3,1.5,2014-09-21,1354,Terra,MODIS,100,6.2,292.5,90.6,N,0
-17.1742,138.5144,307.8,2.3,1.5,2014-09-21,1354,Terra,MODIS,73,6.2,291.9,26.7,N,0
-17.1573,138.5333,311.3,2.3,1.5,2014-09-21,1354,Terra,MODIS,82,6.2,292.2,33.8,N,0
-17.1611,138.5118,338,2.3,1.5,2014-09-21,1354,Terra,MODIS,100,6.2,294.2,134.4,N,0
-17.1649,138.4903,321,2.3,1.5,2014-09-21,1354,Terra,MODIS,100,6.2,291.9,61.4,N,0
-17.202,138.5703,312.6,2.3,1.5,2014-09-21,1354,Terra,MODIS,85,6.2,291.9,35.7,N,0
-17.2244,138.5972,323.3,2.3,1.5,2014-09-21,1354,Terra,MODIS,100,6.2,293.5,67.4,N,0
-16.7097,132.7176,305.5,1,1,2014-09-21,1354,Terra,MODIS,45,6.2,292.7,5.6,N,0
-17.288,132.1632,305.2,1,1,2014-09-21,1354,Terra,MODIS,62,6.2,293,5.5,N,0
-17.2635,132.1437,303.4,1,1,2014-09-21,1354,Terra,MODIS,5,6.2,292.1,4.2,N,0
-17.2649,132.1342,306.2,1,1,2014-09-21,1354,Terra,MODIS,49,6.2,292.8,5.9,N,0
-17.2586,132.1139,305.1,1,1,2014-09-21,1354,Terra,MODIS,46,6.2,292.9,5.2,N,0
-17.24,132.1785,303.4,1,1,2014-09-21,1354,Terra,MODIS,20,6.2,293.3,4.3,N,0
-17.2351,132.1487,306.8,1,1,2014-09-21,1354,Terra,MODIS,69,6.2,293.5,6.8,N,0
-17.4417,132.3108,304,1,1,2014-09-21,1354,Terra,MODIS,51,6.2,293.3,5.4,N,0
-17.2,131.8194,330,1,1,2014-09-21,1354,Terra,MODIS,100,6.2,298.1,25.8,N,0
-17.2013,131.81,327.5,1,1,2014-09-21,1354,Terra,MODIS,100,6.2,297.7,23.5,N,0
-17.1896,131.8273,319.6,1,1,2014-09-21,1354,Terra,MODIS,99,6.2,296.3,15.6,N,0
-17.191,131.8179,332.1,1,1,2014-09-21,1354,Terra,MODIS,100,6.2,297.3,29.3,N,0
-17.1923,131.8086,333.7,1,1,2014-09-21,1354,Terra,MODIS,100,6.2,298.3,31.8,N,0
-17.1937,131.7992,360.8,1,1,2014-09-21,1354,Terra,MODIS,100,6.2,301.8,86.8,N,0
-17.195,131.7898,370.7,1,1,2014-09-21,1354,Terra,MODIS,100,6.2,302.1,117.2,N,0
-17.186,131.7884,338,1,1,2014-09-21,1354,Terra,MODIS,100,6.2,296.5,38.7,N,0
-17.1523,131.8309,305.9,1,1,2014-09-21,1354,Terra,MODIS,66,6.2,294.3,5.6,N,0
-17.1621,131.8901,309.3,1,1,2014-09-21,1354,Terra,MODIS,28,6.2,294.3,6.5,N,0
-17.1545,131.8793,312.3,1,1,2014-09-21,1354,Terra,MODIS,21,6.2,294.6,8.7,N,0
-17.435,132.0389,325.9,1,1,2014-09-21,1354,Terra,MODIS,100,6.2,295.6,22.2,N,0
-17.4364,132.0295,342.3,1,1,2014-09-21,1354,Terra,MODIS,100,6.2,298.8,45.4,N,0
-17.4377,132.0201,319.6,1,1,2014-09-21,1354,Terra,MODIS,76,6.2,296.1,15.3,N,0
-17.4287,132.0186,310.5,1,1,2014-09-21,1354,Terra,MODIS,31,6.2,294.4,7.9,N,0
-17.4301,132.0092,320.3,1,1,2014-09-21,1354,Terra,MODIS,91,6.2,295.5,15.9,N,0
-17.4315,131.9998,308.9,1,1,2014-09-21,1354,Terra,MODIS,44,6.2,295.2,7.1,N,0
-17.4225,131.9984,317,1,1,2014-09-21,1354,Terra,MODIS,59,6.2,294.8,12.6,N,0
-17.4238,131.989,315.4,1,1,2014-09-21,1354,Terra,MODIS,21,6.2,295.6,10.9,N,0
-17.4252,131.9796,319.3,1,1,2014-09-21,1354,Terra,MODIS,65,6.2,295.7,14.5,N,0
-17.4266,131.9702,310.6,1,1,2014-09-21,1354,Terra,MODIS,20,6.2,294.5,7.8,N,0
-17.4162,131.9781,315.6,1,1,2014-09-21,1354,Terra,MODIS,40,6.2,295.8,11.1,N,0
-17.4176,131.9687,337.7,1,1,2014-09-21,1354,Terra,MODIS,100,6.2,297.7,37.1,N,0
-17.4189,131.9593,331.8,1,1,2014-09-21,1354,Terra,MODIS,100,6.2,296.9,29.2,N,0
-17.4099,131.9579,335.1,1,1,2014-09-21,1354,Terra,MODIS,100,6.2,297,33.7,N,0
-17.4113,131.9485,325.7,1,1,2014-09-21,1354,Terra,MODIS,100,6.2,296.3,21.9,N,0
-17.2179,131.8223,306.8,1,1,2014-09-21,1354,Terra,MODIS,43,6.2,294.9,5.3,N,0
-16.6827,132.773,302.7,1,1,2014-09-21,1354,Terra,MODIS,29,6.2,292.3,3.8,N,0
-17.2141,132.0392,313.1,1,1,2014-09-21,1354,Terra,MODIS,73,6.2,293.2,9.7,N,0
-17.2061,132.0317,310.5,1,1,2014-09-21,1354,Terra,MODIS,80,6.2,293.6,9,N,0
-17.2089,132.0129,311.4,1,1,2014-09-21,1354,Terra,MODIS,18,6.2,294.2,8.6,N,0
-17.2218,132.0501,306.8,1,1,2014-09-21,1354,Terra,MODIS,39,6.2,292.7,5.7,N,0
-17.2012,132.0021,307.4,1,1,2014-09-21,1354,Terra,MODIS,3,6.2,293.7,6.2,N,0
-17.1985,132.0209,305,1,1,2014-09-21,1354,Terra,MODIS,33,6.2,293.1,5.2,N,0
-17.2026,131.9927,307.9,1,1,2014-09-21,1354,Terra,MODIS,42,6.2,293.8,6.6,N,0
-17.1238,132.1535,307.3,1,1,2014-09-21,1354,Terra,MODIS,71,6.2,292.1,7,N,0
-17.284,132.0023,309.2,1,1,2014-09-21,1354,Terra,MODIS,77,6.2,292.8,8.1,N,0
-17.2381,131.9373,309.2,1,1,2014-09-21,1354,Terra,MODIS,55,6.2,294.3,5.8,N,0
-17.2422,131.9091,318.5,1,1,2014-09-21,1354,Terra,MODIS,97,6.2,295.3,13,N,0
-17.2436,131.8997,347.1,1,1,2014-09-21,1354,Terra,MODIS,100,6.2,297.8,53.5,N,0
-17.2449,131.8904,372.7,1,1,2014-09-21,1354,Terra,MODIS,100,6.2,300.7,123.3,N,0
-17.2373,131.8795,354.2,1,1,2014-09-21,1354,Terra,MODIS,100,6.2,297.9,69.4,N,0
-17.2387,131.8701,371.4,1,1,2014-09-21,1354,Terra,MODIS,100,6.2,300.9,119,N,0
-17.24,131.8608,351.3,1,1,2014-09-21,1354,Terra,MODIS,100,6.2,298.7,63.5,N,0
-17.2305,131.8626,317.9,1,1,2014-09-21,1354,Terra,MODIS,96,6.2,295.4,14,N,0
-17.2319,131.8533,322.7,1,1,2014-09-21,1354,Terra,MODIS,100,6.2,295.5,18.8,N,0
-17.2139,131.8504,318.3,1,1,2014-09-21,1354,Terra,MODIS,97,6.2,295.2,12.8,N,0
-17.2152,131.841,324.7,1,1,2014-09-21,1354,Terra,MODIS,100,6.2,296.6,19.2,N,0
-17.2166,131.8316,354.8,1,1,2014-09-21,1354,Terra,MODIS,100,6.2,298.8,71.3,N,0
-17.2049,131.849,314.1,1,1,2014-09-21,1354,Terra,MODIS,65,6.2,294.7,8.9,N,0
-17.1959,131.8475,324.7,1,1,2014-09-21,1354,Terra,MODIS,100,6.2,296,19.5,N,0
-17.1973,131.8381,328.9,1,1,2014-09-21,1354,Terra,MODIS,100,6.2,297.4,24.1,N,0
-17.1986,131.8288,331.6,1,1,2014-09-21,1354,Terra,MODIS,100,6.2,297.8,28.2,N,0
-17.3546,131.8946,322.2,1,1,2014-09-21,1354,Terra,MODIS,77,6.2,294.8,16.9,N,0
-17.3429,131.912,332,1,1,2014-09-21,1354,Terra,MODIS,100,6.2,295,29.3,N,0
-17.3443,131.9026,330.5,1,1,2014-09-21,1354,Terra,MODIS,100,6.2,295.8,26.6,N,0
-17.2913,131.8882,303.6,1,1,2014-09-21,1354,Terra,MODIS,23,6.2,292.5,4.4,N,0
-17.2589,131.9214,310.6,1,1,2014-09-21,1354,Terra,MODIS,15,6.2,293.9,6.5,N,0
-17.2463,131.881,345.8,1,1,2014-09-21,1354,Terra,MODIS,100,6.2,297,51.6,N,0
-17.2629,131.8932,310.4,1,1,2014-09-21,1354,Terra,MODIS,80,6.2,294.1,7.8,N,0
-16.7029,130.6544,307.3,1,1,2014-09-21,1354,Terra,MODIS,70,6.2,293.5,6.5,N,0
-16.6769,130.7085,309.3,1,1,2014-09-21,1354,Terra,MODIS,26,6.2,296.8,6.2,N,0
-16.7827,135.459,304.4,1.4,1.2,2014-09-21,1354,Terra,MODIS,48,6.2,292.1,6.4,N,0
-16.7588,132.1958,301.5,1,1,2014-09-21,1354,Terra,MODIS,40,6.2,291.5,3.6,N,0
-17.4503,132.0606,314.2,1,1,2014-09-21,1354,Terra,MODIS,89,6.2,294.1,11.3,N,0
-17.444,132.0403,311.4,1,1,2014-09-21,1354,Terra,MODIS,48,6.2,295,8.9,N,0
-16.6232,132.8074,309.5,1.1,1,2014-09-21,1354,Terra,MODIS,20,6.2,292.7,7.8,N,0
-16.8903,135.4981,307.6,1.4,1.2,2014-09-21,1354,Terra,MODIS,72,6.2,292.5,10.5,N,0
-16.8925,135.4849,311.2,1.4,1.2,2014-09-21,1354,Terra,MODIS,82,6.2,292.7,14.7,N,0
-16.8355,135.4684,304.6,1.4,1.2,2014-09-21,1354,Terra,MODIS,25,6.2,292.2,6.8,N,0
-17.2554,138.6326,311.5,2.3,1.5,2014-09-21,1354,Terra,MODIS,83,6.2,293.2,35.6,N,0
-17.2422,138.6299,350.4,2.3,1.5,2014-09-21,1354,Terra,MODIS,100,6.2,294.8,214.6,N,0
-17.233,138.6055,312.5,2.3,1.5,2014-09-21,1354,Terra,MODIS,26,6.2,292.3,32.9,N,0
-17.2469,138.6243,324.7,2.3,1.5,2014-09-21,1354,Terra,MODIS,100,6.2,293.4,72.1,N,0
-17.2337,138.6217,306.1,2.3,1.5,2014-09-21,1354,Terra,MODIS,43,6.2,292.2,20.7,N,0
-17.2073,138.6164,369.7,2.3,1.5,2014-09-21,1354,Terra,MODIS,100,6.2,297.9,394.2,N,0
-17.2112,138.5946,396.3,2.3,1.5,2014-09-21,1354,Terra,MODIS,100,6.2,304.9,791.4,N,0
-15.0738,134.2531,303.2,1.3,1.1,2014-09-21,1354,Terra,MODIS,54,6.2,291.8,6.3,N,0
-17.2376,138.5999,304.1,2.3,1.5,2014-09-21,1354,Terra,MODIS,17,6.2,291.6,16.2,N,0
-15.1607,134.2857,302.3,1.3,1.1,2014-09-21,1354,Terra,MODIS,48,6.2,291.3,5.1,N,0
-15.8628,127.6142,317.4,1.3,1.1,2014-09-21,1354,Terra,MODIS,95,6.2,297.7,18.6,N,0
-16.4004,127.9309,316.6,1.3,1.1,2014-09-21,1354,Terra,MODIS,89,6.2,297.4,16.2,N,0
-16.1062,128.0069,331.9,1.3,1.1,2014-09-21,1354,Terra,MODIS,100,6.2,298.5,39.8,N,0
-17.5648,125.5431,307.8,2,1.4,2014-09-21,1354,Terra,MODIS,19,6.2,296.3,12.2,N,0
-16.1992,128.1582,314.8,1.3,1.1,2014-09-21,1354,Terra,MODIS,89,6.2,295.6,14.1,N,0
-15.8509,127.6251,318.2,1.3,1.1,2014-09-21,1354,Terra,MODIS,96,6.2,297.9,18.9,N,0
-16.1047,128.019,309.1,1.3,1.1,2014-09-21,1354,Terra,MODIS,65,6.2,297,7.6,N,0
-16.1163,128.0084,362.5,1.3,1.1,2014-09-21,1354,Terra,MODIS,100,6.2,301.2,129,N,0
-16.1148,128.0205,315.7,1.3,1.1,2014-09-21,1354,Terra,MODIS,91,6.2,296.3,14.7,N,0
-15.855,127.9037,308.7,1.3,1.1,2014-09-21,1354,Terra,MODIS,9,6.2,296.2,7.2,N,0
-17.5275,125.5394,314.6,2,1.4,2014-09-21,1354,Terra,MODIS,89,6.2,297.9,26,N,0
-15.8535,127.9157,322.6,1.3,1.1,2014-09-21,1354,Terra,MODIS,100,6.2,296.6,24.7,N,0
-16.2007,128.1463,314.8,1.3,1.1,2014-09-21,1354,Terra,MODIS,89,6.2,294.9,14.2,N,0
-15.8406,127.6233,312.3,1.3,1.1,2014-09-21,1354,Terra,MODIS,52,6.2,297.3,11.9,N,0
-15.8651,127.9051,308.5,1.3,1.1,2014-09-21,1354,Terra,MODIS,34,6.2,296.3,7.4,N,0
-16.1451,128.0248,317.7,1.3,1.1,2014-09-21,1354,Terra,MODIS,95,6.2,296.6,18.3,N,0
-16.1179,127.9961,347.9,1.3,1.1,2014-09-21,1354,Terra,MODIS,100,6.2,299.3,78.9,N,0
-16.1077,127.9949,313.7,1.3,1.1,2014-09-21,1354,Terra,MODIS,87,6.2,297.5,12.2,N,0
-16.5797,124.2529,306.2,2.4,1.5,2014-09-21,1354,Terra,MODIS,66,6.2,294.7,19.3,N,0
-16.1081,128.0007,331.5,1.3,1.1,2014-09-21,1354,Terra,MODIS,100,6.2,299,38.4,N,0
-16.1097,127.9887,310.5,1.3,1.1,2014-09-21,1354,Terra,MODIS,62,6.2,297.2,8.3,N,0
-16.0344,128.0142,309.5,1.3,1.1,2014-09-21,1354,Terra,MODIS,69,6.2,296.5,8.2,N,0
-15.8747,127.6036,328.4,1.3,1.1,2014-09-21,1354,Terra,MODIS,100,6.2,299.3,35.9,N,0
-15.8319,127.6093,306.7,1.3,1.1,2014-09-21,1354,Terra,MODIS,66,6.2,296.1,7.3,N,0
-15.8303,127.6217,307.1,1.3,1.1,2014-09-21,1354,Terra,MODIS,67,6.2,295.8,7.9,N,0
-15.8763,127.591,318.8,1.3,1.2,2014-09-21,1354,Terra,MODIS,97,6.2,298.3,20.4,N,0
-16.3812,127.9345,309,1.3,1.1,2014-09-21,1354,Terra,MODIS,47,6.2,296.3,9.6,N,0
-15.8644,127.602,313.5,1.3,1.1,2014-09-21,1354,Terra,MODIS,86,6.2,297.6,13,N,0
-16.4019,127.9191,310.5,1.3,1.1,2014-09-21,1354,Terra,MODIS,65,6.2,297.9,9,N,0
-16.3827,127.9229,319.1,1.3,1.1,2014-09-21,1354,Terra,MODIS,98,6.2,297.9,20.6,N,0
-16.0864,128.0098,313,1.3,1.1,2014-09-21,1354,Terra,MODIS,73,6.2,296.5,10.8,N,0
-15.8612,127.6266,309.6,1.3,1.1,2014-09-21,1354,Terra,MODIS,76,6.2,296.8,9.4,N,0
-16.1065,128.0129,336.6,1.3,1.1,2014-09-21,1354,Terra,MODIS,100,6.2,299.1,49.3,N,0
-16.1451,136.8568,300.6,1.8,1.3,2014-09-21,1354,Terra,MODIS,31,6.2,288.7,11.5,N,0
-14.9638,134.3004,301.2,1.3,1.1,2014-09-21,1354,Terra,MODIS,37,6.2,288.6,5.4,N,0
-14.9619,134.3123,302.2,1.3,1.1,2014-09-21,1354,Terra,MODIS,48,6.2,288.2,6.2,N,0
-17.5536,126.0035,309.8,1.8,1.3,2014-09-21,1354,Terra,MODIS,41,6.2,296,18.3,N,0
-17.3833,127.2484,307.8,1.5,1.2,2014-09-21,1354,Terra,MODIS,36,6.2,295.9,9.5,N,0
-17.3458,127.547,307.1,1.4,1.2,2014-09-21,1354,Terra,MODIS,55,6.2,293.2,11.1,N,0
-17.3598,127.5218,315.8,1.4,1.2,2014-09-21,1354,Terra,MODIS,83,6.2,295.8,20,N,0
-17.3532,127.5268,318.1,1.4,1.2,2014-09-21,1354,Terra,MODIS,93,6.2,295.5,23.3,N,0
-17.5255,125.5578,323.7,2,1.4,2014-09-21,1354,Terra,MODIS,100,6.2,298.3,48.7,N,0
-17.5378,125.5593,309.4,2,1.4,2014-09-21,1354,Terra,MODIS,77,6.2,297.9,15.6,N,0
-16.651,128.0517,307.9,1.3,1.1,2014-09-21,1354,Terra,MODIS,72,6.2,295.4,7.7,N,0
-17.9994,130.5757,305.9,1,1,2014-09-21,1354,Terra,MODIS,66,6.2,294.7,5.7,N,0
-17.9927,130.6241,304.4,1,1,2014-09-21,1354,Terra,MODIS,60,6.2,294.1,5.1,N,0
-16.3858,127.8984,316.8,1.3,1.1,2014-09-21,1354,Terra,MODIS,93,6.2,297,17.2,N,0
-17.5525,127.3863,329,1.5,1.2,2014-09-21,1354,Terra,MODIS,100,6.2,295.6,43.9,N,0
-17.5541,127.3724,309,1.5,1.2,2014-09-21,1354,Terra,MODIS,48,6.2,294.4,11.3,N,0
-16.3842,127.9109,339.3,1.3,1.1,2014-09-21,1354,Terra,MODIS,100,6.2,299.3,57.5,N,0
-16.8222,128.0629,318.4,1.3,1.1,2014-09-21,1354,Terra,MODIS,97,6.2,295.6,19,N,0
-16.8136,128.0493,309.5,1.3,1.1,2014-09-21,1354,Terra,MODIS,47,6.2,296.1,8.8,N,0
-16.7978,128.0103,317.4,1.3,1.1,2014-09-21,1354,Terra,MODIS,76,6.2,298.1,16.8,N,0
-17.5558,127.3586,306.5,1.5,1.2,2014-09-21,1354,Terra,MODIS,50,6.2,294.3,9.3,N,0
-17.5774,125.5689,309,2,1.4,2014-09-21,1354,Terra,MODIS,67,6.2,296.3,15.2,N,0
-17.6061,125.758,304.5,1.9,1.4,2014-09-21,1354,Terra,MODIS,38,6.2,294.1,9.5,N,0
-17.6102,125.7219,321.3,1.9,1.4,2014-09-21,1354,Terra,MODIS,100,6.2,298.2,41.7,N,0
-16.6589,128.0594,306.2,1.3,1.1,2014-09-21,1354,Terra,MODIS,27,6.2,294.9,6.2,N,0
-17.3982,127.423,309.2,1.4,1.2,2014-09-21,1354,Terra,MODIS,77,6.2,293.3,13.6,N,0
-17.5512,127.3665,308.7,1.5,1.2,2014-09-21,1354,Terra,MODIS,75,6.2,294.9,12.4,N,0
-17.2582,127.5155,304,1.4,1.2,2014-09-21,1354,Terra,MODIS,18,6.2,291.3,7.6,N,0
-18.5309,130.3862,330.1,1.1,1,2014-09-21,1354,Terra,MODIS,100,6.2,293.5,31.7,N,0
-18.5322,130.3763,311.8,1.1,1,2014-09-21,1354,Terra,MODIS,83,6.2,292.3,11.9,N,0
-18.523,130.3749,304.1,1.1,1,2014-09-21,1354,Terra,MODIS,58,6.2,292.2,6.5,N,0
-17.5495,127.3803,321.7,1.5,1.2,2014-09-21,1354,Terra,MODIS,100,6.2,295.7,30.8,N,0
-17.5477,127.3941,322,1.5,1.2,2014-09-21,1354,Terra,MODIS,100,6.2,296,30.9,N,0
-17.3873,127.2406,310,1.5,1.2,2014-09-21,1354,Terra,MODIS,57,6.2,296.1,11.2,N,0
-17.5049,127.2045,307.1,1.5,1.2,2014-09-21,1354,Terra,MODIS,29,6.2,295.7,8.6,N,0
-17.494,127.2033,306.2,1.5,1.2,2014-09-21,1354,Terra,MODIS,20,6.2,296,7.2,N,0
-17.4888,132.1113,352.5,1,1,2014-09-21,1354,Terra,MODIS,100,6.2,297.1,66.7,N,0
-17.4901,132.1019,334,1,1,2014-09-21,1354,Terra,MODIS,100,6.2,295.5,33.4,N,0
-17.4811,132.1004,323,1,1,2014-09-21,1354,Terra,MODIS,100,6.2,295.3,19.4,N,0
-17.4964,132.1222,313.4,1,1,2014-09-21,1354,Terra,MODIS,73,6.2,293.4,10.9,N,0
-17.476,132.0744,331.8,1,1,2014-09-21,1354,Terra,MODIS,100,6.2,296.2,30.6,N,0
-17.495,132.1316,334.4,1,1,2014-09-21,1354,Terra,MODIS,100,6.2,295,33.8,N,0
-17.4746,132.0838,310.6,1,1,2014-09-21,1354,Terra,MODIS,80,6.2,294.8,8.8,N,0
-17.4839,132.0816,412.1,1,1,2014-09-21,1354,Terra,MODIS,100,6.2,308.3,334.7,N,0
-17.4999,132.1614,320.3,1,1,2014-09-21,1354,Terra,MODIS,100,6.2,293.5,17.4,N,0
-17.701,130.9426,308.4,1,1,2014-09-21,1354,Terra,MODIS,56,6.2,294.6,6.8,N,0
-17.4909,132.1599,304.1,1,1,2014-09-21,1354,Terra,MODIS,46,6.2,292.6,4.7,N,0
-17.4852,132.0722,349.4,1,1,2014-09-21,1354,Terra,MODIS,100,6.2,297.5,60.5,N,0
-17.4937,132.1411,329,1,1,2014-09-21,1354,Terra,MODIS,100,6.2,294.7,26.4,N,0
-17.7101,130.944,305,1,1,2014-09-21,1354,Terra,MODIS,34,6.2,294.2,4.7,N,0
-17.4923,132.1505,321.4,1,1,2014-09-21,1354,Terra,MODIS,100,6.2,293.6,17.9,N,0
-17.4773,132.065,307.5,1,1,2014-09-21,1354,Terra,MODIS,72,6.2,294.4,7.2,N,0
-17.4825,132.091,386.4,1,1,2014-09-21,1354,Terra,MODIS,100,6.2,303.2,181,N,0
-17.486,132.1302,306.6,1,1,2014-09-21,1354,Terra,MODIS,59,6.2,292.9,5.9,N,0
-17.5013,132.152,316.3,1,1,2014-09-21,1354,Terra,MODIS,90,6.2,293,13.3,N,0
-17.4874,132.1207,326.7,1,1,2014-09-21,1354,Terra,MODIS,100,6.2,294.3,23.6,N,0
-13.6959,134.2943,304.9,1.3,1.1,2014-09-21,1355,Terra,MODIS,59,6.2,290.8,7.7,N,0
-14.5635,133.2609,317.6,1.1,1.1,2014-09-21,1355,Terra,MODIS,95,6.2,295.5,15,N,0
-11.247,132.3137,309.8,1.1,1.1,2014-09-21,1355,Terra,MODIS,78,6.2,293.6,9.9,N,0
-13.9838,133.6944,303.3,1.2,1.1,2014-09-21,1355,Terra,MODIS,25,6.2,290.4,5,N,0
-14.1625,132.4521,309.1,1.1,1,2014-09-21,1355,Terra,MODIS,18,6.2,292.7,7,N,0
-14.554,133.2594,315.3,1.1,1.1,2014-09-21,1355,Terra,MODIS,87,6.2,294.4,12.4,N,0
-13.4864,132.4733,305.2,1.1,1,2014-09-21,1355,Terra,MODIS,63,6.2,292.8,5,N,0
-14.5651,133.2504,308.9,1.1,1.1,2014-09-21,1355,Terra,MODIS,43,6.2,294.8,6.6,N,0
-14.181,132.4551,340.9,1.1,1,2014-09-21,1355,Terra,MODIS,100,6.2,295.5,46.1,N,0
-14.5668,133.2399,315.5,1.1,1.1,2014-09-21,1355,Terra,MODIS,91,6.2,295.5,13.1,N,0
-14.5684,133.2295,310.2,1.1,1.1,2014-09-21,1355,Terra,MODIS,68,6.2,294.8,8,N,0
-14.184,132.1184,312.3,1,1,2014-09-21,1355,Terra,MODIS,84,6.2,296.2,8.8,N,0
-14.1825,132.128,309.5,1,1,2014-09-21,1355,Terra,MODIS,77,6.2,295.9,6.7,N,0
-14.1748,132.117,305.5,1,1,2014-09-21,1355,Terra,MODIS,46,6.2,295.4,3.9,N,0
-12.3219,132.3201,307.8,1.1,1,2014-09-21,1355,Terra,MODIS,73,6.2,291.8,8.7,N,0
-11.4467,132.5641,310.8,1.1,1.1,2014-09-21,1355,Terra,MODIS,73,6.2,293,11,N,0
-11.4451,132.5745,305.6,1.1,1.1,2014-09-21,1355,Terra,MODIS,34,6.2,293.5,6.7,N,0
-13.6978,134.2821,301.3,1.3,1.1,2014-09-21,1355,Terra,MODIS,19,6.2,290.5,4.9,N,0
-14.1824,132.4453,328.8,1.1,1,2014-09-21,1355,Terra,MODIS,100,6.2,294.3,26.1,N,0
-12.7624,132.8663,310.4,1.1,1.1,2014-09-21,1355,Terra,MODIS,54,6.2,292.2,9.1,N,0
-12.7592,132.8871,309.7,1.1,1.1,2014-09-21,1355,Terra,MODIS,10,6.2,292.9,7.8,N,0
-14.5794,133.2851,310.1,1.1,1.1,2014-09-21,1355,Terra,MODIS,74,6.2,294.6,7.8,N,0
-12.7594,132.8599,302.2,1.1,1.1,2014-09-21,1355,Terra,MODIS,25,6.2,290.9,3.8,N,0
-14.3064,134.3788,303.7,1.3,1.1,2014-09-21,1355,Terra,MODIS,56,6.2,289.3,7.2,N,0
-12.7641,132.8287,302.7,1.1,1.1,2014-09-21,1355,Terra,MODIS,22,6.2,290.3,3.5,N,0
-13.1534,130.7285,381.1,1,1,2014-09-21,1355,Terra,MODIS,100,6.2,302.1,155.5,N,0
-14.3744,134.2786,306,1.3,1.1,2014-09-21,1355,Terra,MODIS,66,6.2,291.3,7.6,N,0
-13.1458,130.7179,315.1,1,1,2014-09-21,1355,Terra,MODIS,91,6.2,295.2,10.7,N,0
-14.5395,133.2894,316,1.1,1.1,2014-09-21,1355,Terra,MODIS,92,6.2,293.1,13.8,N,0
-12.7563,132.8808,304.2,1.1,1.1,2014-09-21,1355,Terra,MODIS,21,6.2,291.7,4.9,N,0
-14.5351,133.2935,306.5,1.1,1.1,2014-09-21,1355,Terra,MODIS,68,6.2,292.5,7.1,N,0
-12.7547,132.8913,309.7,1.1,1.1,2014-09-21,1355,Terra,MODIS,41,6.2,292.5,8.6,N,0
-14.2918,134.3388,303.3,1.3,1.1,2014-09-21,1355,Terra,MODIS,53,6.2,289.3,6.2,N,0
-13.1547,130.7193,342.6,1,1,2014-09-21,1355,Terra,MODIS,100,6.2,297.4,45.4,N,0
-14.3083,134.3667,301.3,1.3,1.1,2014-09-21,1355,Terra,MODIS,18,6.2,289.4,4.9,N,0
-14.5367,133.283,305.8,1.1,1.1,2014-09-21,1355,Terra,MODIS,66,6.2,292.9,6.6,N,0
-12.7545,132.8271,322.7,1.1,1.1,2014-09-21,1355,Terra,MODIS,100,6.2,290.9,22.7,N,0
-14.5554,133.3136,311.9,1.1,1.1,2014-09-21,1355,Terra,MODIS,64,6.2,292.9,9.8,N,0
-12.742,132.9104,310.5,1.1,1.1,2014-09-21,1355,Terra,MODIS,38,6.2,293.7,9,N,0
-12.7436,132.9002,310.1,1.1,1.1,2014-09-21,1355,Terra,MODIS,30,6.2,292.5,8.6,N,0
-14.3763,134.2667,305.9,1.3,1.1,2014-09-21,1355,Terra,MODIS,51,6.2,291.3,7.3,N,0
-12.7325,132.9089,308.9,1.1,1.1,2014-09-21,1355,Terra,MODIS,49,6.2,293.7,8.3,N,0
-13.1521,130.7376,317.5,1,1,2014-09-21,1355,Terra,MODIS,95,6.2,294.7,12.9,N,0
-14.5634,133.3257,309.2,1.1,1.1,2014-09-21,1355,Terra,MODIS,77,6.2,293.5,8.3,N,0
-14.3441,134.4737,301.1,1.3,1.1,2014-09-21,1355,Terra,MODIS,37,6.2,289.2,4.6,N,0
-13.1805,134.8502,303.4,1.5,1.2,2014-09-21,1355,Terra,MODIS,55,6.2,292,8.1,N,0
-11.6089,131.2328,305.3,1,1,2014-09-21,1355,Terra,MODIS,64,6.2,292,5.9,N,0
-12.7466,132.8152,303.8,1.1,1.1,2014-09-21,1355,Terra,MODIS,55,6.2,291.6,5.4,N,0
-12.5305,133.093,303.4,1.2,1.1,2014-09-21,1355,Terra,MODIS,55,6.2,293.2,4.6,N,0
-13.1471,130.7088,337.3,1,1,2014-09-21,1355,Terra,MODIS,100,6.2,295.6,36.6,N,0
-12.4709,132.4898,315.9,1.1,1,2014-09-21,1355,Terra,MODIS,92,6.2,290.7,15.8,N,0
-12.4615,132.4883,322.6,1.1,1,2014-09-21,1355,Terra,MODIS,100,6.2,288.5,23.3,N,0
-11.636,131.2338,312.4,1,1,2014-09-21,1355,Terra,MODIS,85,6.2,293.1,10.7,N,0
-13.4896,135.1535,304.3,1.5,1.2,2014-09-21,1355,Terra,MODIS,59,6.2,291.7,9.9,N,0
-11.6346,131.2431,302.4,1,1,2014-09-21,1355,Terra,MODIS,18,6.2,292.2,3.9,N,0
-11.6269,131.2324,307.7,1,1,2014-09-21,1355,Terra,MODIS,58,6.2,293.4,7.1,N,0
-11.5971,131.2501,312.5,1,1,2014-09-21,1355,Terra,MODIS,85,6.2,292.5,10.9,N,0
-11.5985,131.2408,315.2,1,1,2014-09-21,1355,Terra,MODIS,91,6.2,292.6,13,N,0
-11.5881,131.2487,301.7,1,1,2014-09-21,1355,Terra,MODIS,39,6.2,291.6,4,N,0
-11.5399,131.2604,303.3,1,1,2014-09-21,1355,Terra,MODIS,54,6.2,292.2,4.7,N,0
-11.6255,131.2417,312.4,1,1,2014-09-21,1355,Terra,MODIS,85,6.2,293.1,10.5,N,0
-11.4704,131.2343,303.6,1,1,2014-09-21,1355,Terra,MODIS,56,6.2,292,4.6,N,0
-11.4718,131.2249,305.6,1,1,2014-09-21,1355,Terra,MODIS,65,6.2,292.7,6,N,0
-11.4618,131.1662,303.3,1,1,2014-09-21,1355,Terra,MODIS,19,6.2,292.6,4.6,N,0
-11.618,131.2342,315,1,1,2014-09-21,1355,Terra,MODIS,90,6.2,293.2,13.1,N,0
-12.6146,132.6922,302.7,1.1,1.1,2014-09-21,1355,Terra,MODIS,51,6.2,291.7,4.4,N,0
-14.4344,129.9897,307.2,1,1,2014-09-21,1355,Terra,MODIS,71,6.2,294.8,6.3,N,0
-14.2466,132.442,324.5,1.1,1,2014-09-21,1355,Terra,MODIS,100,6.2,293,21.4,N,0
-14.2943,132.4397,327.8,1.1,1,2014-09-21,1355,Terra,MODIS,100,6.2,298.5,24.9,N,0
-14.2452,132.4518,317.4,1.1,1,2014-09-21,1355,Terra,MODIS,95,6.2,293.2,13.9,N,0
-12.3358,132.2917,304.1,1.1,1,2014-09-21,1355,Terra,MODIS,58,6.2,291.8,6.1,N,0
-13.6352,130.2498,316.3,1,1,2014-09-21,1355,Terra,MODIS,93,6.2,293.2,13.7,N,0
-14.2637,132.4548,309.4,1.1,1,2014-09-21,1355,Terra,MODIS,42,6.2,295.8,6.4,N,0
-14.1347,132.4477,309.4,1.1,1,2014-09-21,1355,Terra,MODIS,69,6.2,293.3,7.7,N,0
-14.2957,132.43,315.2,1.1,1,2014-09-21,1355,Terra,MODIS,91,6.2,296.9,11.6,N,0
-13.6365,130.2405,303.8,1,1,2014-09-21,1355,Terra,MODIS,57,6.2,292.9,4.8,N,0
-14.2027,141.7168,317.1,4,1.9,2014-09-21,1520,Aqua,MODIS,93,6.2,290.6,115.9,N,0
-14.1888,141.7116,311.9,4,1.9,2014-09-21,1520,Aqua,MODIS,77,6.2,290.7,86.7,N,0
-14.1958,141.7481,307.2,4,1.9,2014-09-21,1520,Aqua,MODIS,52,6.2,290.6,62.2,N,0
-22.6949,118.1034,339.1,3.6,1.8,2014-09-21,1531,Terra,MODIS,100,6.2,291.5,271.5,N,0
-22.9704,119.5649,308.1,4.5,2,2014-09-21,1531,Terra,MODIS,73,6.2,294.1,64,N,0
-22.9699,119.5722,305.1,4.5,2,2014-09-21,1531,Terra,MODIS,63,6.2,294,45.7,N,0
-22.695,118.0607,301.8,3.6,1.8,2014-09-21,1531,Terra,MODIS,44,6.2,289.8,30.9,N,0
-22.679,118.0999,311.3,3.6,1.8,2014-09-21,1531,Terra,MODIS,82,6.2,290.1,69.8,N,0
-22.6804,118.132,323.8,3.6,1.8,2014-09-21,1531,Terra,MODIS,100,6.2,290.9,141,N,0
-22.6877,118.0966,338.1,3.6,1.8,2014-09-21,1531,Terra,MODIS,100,6.2,291.6,262.9,N,0
-22.7026,118.067,314,3.6,1.8,2014-09-21,1531,Terra,MODIS,88,6.2,290.1,81.5,N,0
-22.6874,118.139,320.3,3.6,1.8,2014-09-21,1531,Terra,MODIS,100,6.2,291,117.9,N,0
-14.0295,133.7814,305.7,2.3,1.5,2014-09-21,1658,Aqua,MODIS,53,6.2,288.7,22,N,0
-14.0318,133.7863,305.1,2.3,1.5,2014-09-21,1658,Aqua,MODIS,63,6.2,288.7,21.2,N,0
-14.1828,132.4569,301.3,1.8,1.3,2014-09-21,1658,Aqua,MODIS,40,6.2,291.2,9.4,N,0
-13.7047,134.315,300.4,2.5,1.5,2014-09-21,1658,Aqua,MODIS,26,6.2,289,16.1,N,0
-13.1347,130.6926,307.1,1.3,1.1,2014-09-21,1658,Aqua,MODIS,70,6.2,292.5,10.2,N,0
-12.7307,132.9123,301.5,1.9,1.3,2014-09-21,1658,Aqua,MODIS,18,6.2,290.6,8.9,N,0
-12.7383,132.9181,304.4,1.9,1.3,2014-09-21,1658,Aqua,MODIS,58,6.2,291.3,13.1,N,0
-14.9624,134.3183,301.2,2.6,1.5,2014-09-21,1659,Aqua,MODIS,38,6.2,288.9,19.2,N,0
-17.7073,130.9561,304.7,1.6,1.2,2014-09-21,1659,Aqua,MODIS,61,6.2,290.7,12.4,N,0
-17.4756,132.0984,306.2,1.9,1.3,2014-09-21,1659,Aqua,MODIS,67,6.2,287.8,20.2,N,0
-17.4708,132.1042,306.9,1.9,1.3,2014-09-21,1659,Aqua,MODIS,70,6.2,288.5,20.7,N,0
-17.705,130.9468,300.9,1.6,1.2,2014-09-21,1659,Aqua,MODIS,19,6.2,290,7.7,N,0
-17.3427,127.5598,317.5,1,1,2014-09-21,1659,Aqua,MODIS,95,6.2,294.6,15,N,0
-17.3475,127.5425,339.9,1,1,2014-09-21,1659,Aqua,MODIS,100,6.2,295.6,45,N,0
-17.3488,127.5522,358.6,1,1,2014-09-21,1659,Aqua,MODIS,100,6.2,301,86.6,N,0
-16.8207,128.0359,389.8,1.1,1,2014-09-21,1659,Aqua,MODIS,100,6.2,306.8,213.5,N,0
-16.8221,128.0459,384.3,1.1,1,2014-09-21,1659,Aqua,MODIS,100,6.2,306.1,185.4,N,0
-16.8235,128.0559,377.5,1.1,1,2014-09-21,1659,Aqua,MODIS,100,6.2,303.9,154.5,N,0
-16.8249,128.0659,313,1.1,1,2014-09-21,1659,Aqua,MODIS,83,6.2,295.7,9.7,N,0
-16.8286,128.0246,321.7,1.1,1,2014-09-21,1659,Aqua,MODIS,100,6.2,296.7,18.3,N,0
-16.83,128.0345,316.7,1.1,1,2014-09-21,1659,Aqua,MODIS,94,6.2,297,12.9,N,0
-17.3722,127.519,316.6,1,1,2014-09-21,1659,Aqua,MODIS,93,6.2,292.3,13.4,N,0
-17.3891,127.5066,338.7,1,1,2014-09-21,1659,Aqua,MODIS,100,6.2,293.7,42.9,N,0
-17.3566,127.5411,307,1,1,2014-09-21,1659,Aqua,MODIS,57,6.2,294.3,7.4,N,0
-17.2154,127.4463,304.4,1,1,2014-09-21,1659,Aqua,MODIS,60,6.2,292.3,5.9,N,0
-17.3617,127.5107,355.5,1,1,2014-09-21,1659,Aqua,MODIS,100,6.2,295.1,77.2,N,0
-17.363,127.5204,365.1,1,1,2014-09-21,1659,Aqua,MODIS,100,6.2,298.8,104.2,N,0
-16.8193,128.026,362.4,1.1,1,2014-09-21,1659,Aqua,MODIS,100,6.2,300.8,98.6,N,0
-17.3203,127.5334,309.3,1,1,2014-09-21,1659,Aqua,MODIS,77,6.2,291.5,8.6,N,0
-17.3413,127.5501,339.9,1,1,2014-09-21,1659,Aqua,MODIS,100,6.2,296.3,43.8,N,0
-17.3539,127.5217,347.2,1,1,2014-09-21,1659,Aqua,MODIS,100,6.2,296.1,58.5,N,0
-17.3978,127.4361,311.5,1,1,2014-09-21,1659,Aqua,MODIS,83,6.2,291.3,10.8,N,0
-17.3552,127.5314,346.2,1,1,2014-09-21,1659,Aqua,MODIS,100,6.2,297.4,57.1,N,0
-17.3964,127.4265,319.9,1,1,2014-09-21,1659,Aqua,MODIS,99,6.2,292.3,17.7,N,0
-17.38,127.5079,337.8,1,1,2014-09-21,1659,Aqua,MODIS,100,6.2,293.5,41.2,N,0
-16.6503,128.0633,315.7,1.1,1,2014-09-21,1659,Aqua,MODIS,92,6.2,295.7,13.2,N,0
-17.3877,127.4969,365.4,1,1,2014-09-21,1659,Aqua,MODIS,100,6.2,296.1,106.2,N,0
-17.3708,127.5093,362.4,1,1,2014-09-21,1659,Aqua,MODIS,100,6.2,295.7,96.3,N,0
-17.3864,127.4872,328.6,1,1,2014-09-21,1659,Aqua,MODIS,100,6.2,292.7,28,N,0
-17.4028,127.4058,302.7,1,1,2014-09-21,1659,Aqua,MODIS,43,6.2,292,4.5,N,0
-17.2837,127.5389,306.2,1,1,2014-09-21,1659,Aqua,MODIS,30,6.2,290.9,6.7,N,0
-17.3125,127.5445,321.3,1,1,2014-09-21,1659,Aqua,MODIS,100,6.2,292.1,18.7,N,0
-17.4055,127.4251,323.9,1,1,2014-09-21,1659,Aqua,MODIS,100,6.2,293.5,22,N,0
-17.3644,127.5301,315.2,1,1,2014-09-21,1659,Aqua,MODIS,71,6.2,294.5,12.5,N,0
-16.4089,127.92,310.1,1,1,2014-09-21,1659,Aqua,MODIS,77,6.2,297.2,7.2,N,0
-16.6673,124.2368,306.4,1.1,1.1,2014-09-21,1659,Aqua,MODIS,66,6.2,293.7,7.5,N,0
-16.1959,128.1704,306.6,1.1,1,2014-09-21,1659,Aqua,MODIS,40,6.2,295.2,5.5,N,0
-16.2025,128.1495,305,1.1,1,2014-09-21,1659,Aqua,MODIS,36,6.2,294.3,4.5,N,0
-16.1384,128.0282,311.9,1.1,1,2014-09-21,1659,Aqua,MODIS,84,6.2,294.9,9.2,N,0
-16.1463,128.017,330.4,1.1,1,2014-09-21,1659,Aqua,MODIS,100,6.2,296.5,29.5,N,0
-16.1476,128.0268,317.5,1.1,1,2014-09-21,1659,Aqua,MODIS,95,6.2,296,14.5,N,0
-16.6469,124.193,305.4,1.1,1.1,2014-09-21,1659,Aqua,MODIS,41,6.2,293.7,6.6,N,0
-15.8688,127.6051,312.1,1,1,2014-09-21,1659,Aqua,MODIS,84,6.2,296.6,8.7,N,0
-16.5792,124.2586,307,1.1,1.1,2014-09-21,1659,Aqua,MODIS,70,6.2,295.5,7.6,N,0
-16.6565,124.1914,306.2,1.1,1.1,2014-09-21,1659,Aqua,MODIS,66,6.2,293.5,7.3,N,0
-16.0536,128.0076,309.9,1.1,1,2014-09-21,1659,Aqua,MODIS,52,6.2,295.8,6.8,N,0
-16.0614,127.9963,307.9,1,1,2014-09-21,1659,Aqua,MODIS,19,6.2,295.7,5.4,N,0
-16.0628,128.0062,312.2,1.1,1,2014-09-21,1659,Aqua,MODIS,72,6.2,295.8,8.6,N,0
-16.0706,127.9949,307.7,1,1,2014-09-21,1659,Aqua,MODIS,17,6.2,295.6,5.3,N,0
-16.072,128.005,315.1,1.1,1,2014-09-21,1659,Aqua,MODIS,90,6.2,295.3,11.1,N,0
-16.4195,127.9286,311.3,1.1,1,2014-09-21,1659,Aqua,MODIS,66,6.2,297.5,8.3,N,0
-16.4181,127.9187,316.6,1,1,2014-09-21,1659,Aqua,MODIS,93,6.2,297.8,12.9,N,0
-16.4103,127.9299,325.8,1.1,1,2014-09-21,1659,Aqua,MODIS,100,6.2,299,22.7,N,0
-16.1555,128.0157,319,1.1,1,2014-09-21,1659,Aqua,MODIS,98,6.2,295.1,16.1,N,0
-16.1568,128.0254,317.5,1.1,1,2014-09-21,1659,Aqua,MODIS,95,6.2,295.4,14.7,N,0
-15.8352,127.6298,311.6,1,1,2014-09-21,1659,Aqua,MODIS,83,6.2,296.8,8.4,N,0
-15.8471,127.912,319.2,1,1,2014-09-21,1659,Aqua,MODIS,98,6.2,294.5,15.7,N,0
-15.8484,127.9217,319.4,1,1,2014-09-21,1659,Aqua,MODIS,99,6.2,294.2,16.2,N,0
-15.8498,127.9314,307.3,1,1,2014-09-21,1659,Aqua,MODIS,71,6.2,293.8,6.2,N,0
-15.859,127.93,303.5,1,1,2014-09-21,1659,Aqua,MODIS,19,6.2,293.5,3.7,N,0
-15.864,127.8997,310.3,1,1,2014-09-21,1659,Aqua,MODIS,80,6.2,295.5,8.5,N,0
-16.663,124.2335,303.7,1.1,1.1,2014-09-21,1659,Aqua,MODIS,56,6.2,293.1,5.7,N,0
-16.1371,128.0183,311.6,1.1,1,2014-09-21,1659,Aqua,MODIS,83,6.2,295.1,8.8,N,0
-14.6381,126.4914,310.9,1,1,2014-09-21,1659,Aqua,MODIS,81,6.2,292.5,9.7,N,0
-17.2543,132.125,325.7,1.9,1.3,2014-09-21,1659,Aqua,MODIS,100,6.2,291.1,60.2,N,0
-17.2564,132.1429,359.1,1.9,1.3,2014-09-21,1659,Aqua,MODIS,100,6.2,294.8,213.7,N,0
-17.2585,132.1607,323.2,1.9,1.3,2014-09-21,1659,Aqua,MODIS,100,6.2,291,53.2,N,0
-17.1701,131.7766,304.1,1.8,1.3,2014-09-21,1659,Aqua,MODIS,10,6.2,292.9,10.9,N,0
-17.1721,131.7934,315.3,1.8,1.3,2014-09-21,1659,Aqua,MODIS,91,6.2,293.8,29.8,N,0
-17.1742,131.8101,309.5,1.8,1.3,2014-09-21,1659,Aqua,MODIS,16,6.2,292.8,17.3,N,0
-17.178,131.7854,319.9,1.8,1.3,2014-09-21,1659,Aqua,MODIS,99,6.2,293.8,37.9,N,0
-17.18,131.8022,323.3,1.8,1.3,2014-09-21,1659,Aqua,MODIS,72,6.2,293.9,43.8,N,0
-17.1819,131.819,327.2,1.8,1.3,2014-09-21,1659,Aqua,MODIS,84,6.2,293.7,53.2,N,0
-17.4199,131.9853,308.5,1.9,1.3,2014-09-21,1659,Aqua,MODIS,75,6.2,291.5,20,N,0
-17.434,132.0013,312.6,1.9,1.3,2014-09-21,1659,Aqua,MODIS,59,6.2,291.7,26.7,N,0
-17.4382,132.0364,302.8,1.9,1.3,2014-09-21,1659,Aqua,MODIS,24,6.2,290.9,12.1,N,0
-17.181,131.9643,314.9,1.8,1.3,2014-09-21,1659,Aqua,MODIS,62,6.2,291.8,27.3,N,0
-17.1831,131.9815,315,1.8,1.3,2014-09-21,1659,Aqua,MODIS,59,6.2,292.3,28.6,N,0
-17.1951,131.9799,332.4,1.8,1.3,2014-09-21,1659,Aqua,MODIS,100,6.2,291.7,73.6,N,0
-17.1972,131.9972,337.5,1.8,1.3,2014-09-21,1659,Aqua,MODIS,100,6.2,293.4,93.6,N,0
-17.1993,132.0145,319,1.9,1.3,2014-09-21,1659,Aqua,MODIS,81,6.2,292.2,37.5,N,0
-17.2015,132.0319,314,1.9,1.3,2014-09-21,1659,Aqua,MODIS,51,6.2,291.1,27.5,N,0
-17.1878,131.9737,324.7,1.8,1.3,2014-09-21,1659,Aqua,MODIS,100,6.2,292,50.1,N,0
-17.1898,131.9909,342.1,1.8,1.3,2014-09-21,1659,Aqua,MODIS,100,6.2,294.1,111.4,N,0
-17.2037,132.0067,318.1,1.9,1.3,2014-09-21,1659,Aqua,MODIS,91,6.2,291.8,35.4,N,0
-17.2078,132.0414,308,1.9,1.3,2014-09-21,1659,Aqua,MODIS,29,6.2,290.3,17.7,N,0
-17.1146,132.1729,300.9,1.9,1.3,2014-09-21,1659,Aqua,MODIS,36,6.2,290.2,10.6,N,0
-17.1194,132.167,302.3,1.9,1.3,2014-09-21,1659,Aqua,MODIS,48,6.2,290.4,12.9,N,0
-17.2834,132.0095,302.3,1.9,1.3,2014-09-21,1659,Aqua,MODIS,48,6.2,289.9,12.4,N,0
-17.1859,131.8527,309.7,1.8,1.3,2014-09-21,1659,Aqua,MODIS,18,6.2,292,16.5,N,0
-17.2394,131.8977,313.4,1.8,1.3,2014-09-21,1659,Aqua,MODIS,87,6.2,291.3,25.8,N,0
-17.2415,131.9147,306.5,1.8,1.3,2014-09-21,1659,Aqua,MODIS,12,6.2,291,13.1,N,0
-17.2534,131.9132,315.3,1.8,1.3,2014-09-21,1659,Aqua,MODIS,91,6.2,291.5,29.3,N,0
-17.3271,131.8644,309.8,1.8,1.3,2014-09-21,1659,Aqua,MODIS,52,6.2,292.7,19.9,N,0
-17.3291,131.8814,320.8,1.8,1.3,2014-09-21,1659,Aqua,MODIS,100,6.2,293.1,41.4,N,0
-17.3312,131.8985,317.4,1.8,1.3,2014-09-21,1659,Aqua,MODIS,67,6.2,292.3,32.5,N,0
-17.3332,131.9156,311.7,1.8,1.3,2014-09-21,1659,Aqua,MODIS,42,6.2,291,22.9,N,0
-17.3431,131.897,315.6,1.8,1.3,2014-09-21,1659,Aqua,MODIS,61,6.2,292.1,28.5,N,0
-17.348,131.889,313.4,1.8,1.3,2014-09-21,1659,Aqua,MODIS,54,6.2,292.5,25.1,N,0
-17.287,132.1935,300.4,1.9,1.4,2014-09-21,1659,Aqua,MODIS,27,6.2,288.8,10.7,N,0
-17.1649,131.9315,308.6,1.8,1.3,2014-09-21,1659,Aqua,MODIS,37,6.2,291.6,16.6,N,0
-17.167,131.9486,307.4,1.8,1.3,2014-09-21,1659,Aqua,MODIS,17,6.2,291.5,15.4,N,0
-17.4403,132.054,307.5,1.9,1.3,2014-09-21,1659,Aqua,MODIS,65,6.2,290.5,19.3,N,0
-18.7083,126.7645,312.7,1,1,2014-09-21,1700,Aqua,MODIS,86,6.2,295.3,10.4,N,0
-17.5057,127.414,303.8,1,1,2014-09-21,1700,Aqua,MODIS,33,6.2,293.2,4.1,N,0
-17.5124,127.2101,304.7,1,1,2014-09-21,1700,Aqua,MODIS,23,6.2,294.2,4.3,N,0
-18.5127,130.3693,311.3,1.5,1.2,2014-09-21,1700,Aqua,MODIS,82,6.2,289.6,20.4,N,0
-17.3913,127.26,305.3,1,1,2014-09-21,1700,Aqua,MODIS,64,6.2,294.1,5.3,N,0
-17.4496,127.216,307.9,1,1,2014-09-21,1700,Aqua,MODIS,73,6.2,292,7.1,N,0
-17.5551,127.3804,314.6,1,1,2014-09-21,1700,Aqua,MODIS,89,6.2,294.3,11.7,N,0
-17.5176,126.0419,309.3,1,1,2014-09-21,1700,Aqua,MODIS,75,6.2,298.5,5.9,N,0
-17.5523,127.3611,305,1,1,2014-09-21,1700,Aqua,MODIS,63,6.2,294.1,5,N,0
-17.5382,125.5604,318.3,1,1,2014-09-21,1700,Aqua,MODIS,96,6.2,298,14.1,N,0
-17.511,127.2006,319.1,1,1,2014-09-21,1700,Aqua,MODIS,98,6.2,294.2,15.4,N,0
-18.5253,130.3818,305.6,1.5,1.2,2014-09-21,1700,Aqua,MODIS,65,6.2,289,14.3,N,0
-17.9991,130.6469,305.3,1.5,1.2,2014-09-21,1700,Aqua,MODIS,64,6.2,291.5,12.1,N,0
-17.6131,125.7515,311.2,1,1,2014-09-21,1700,Aqua,MODIS,81,6.2,298.1,7.3,N,0
-17.6145,125.7609,318.4,1,1,2014-09-21,1700,Aqua,MODIS,97,6.2,299.1,13.5,N,0
-17.6179,125.7218,319.6,1,1,2014-09-21,1700,Aqua,MODIS,99,6.2,297.2,15,N,0
-17.6193,125.7312,310.4,1,1,2014-09-21,1700,Aqua,MODIS,77,6.2,298.1,7,N,0
-17.5473,126.0564,314.7,1,1,2014-09-21,1700,Aqua,MODIS,89,6.2,299.2,9.3,N,0
-17.5459,126.047,312.1,1,1,2014-09-21,1700,Aqua,MODIS,83,6.2,298.9,7.3,N,0
-17.5135,127.4161,303.2,1,1,2014-09-21,1700,Aqua,MODIS,51,6.2,293.1,4.2,N,0
-17.5537,127.3708,325.6,1,1,2014-09-21,1700,Aqua,MODIS,100,6.2,294.7,23,N,0
-18.0009,130.6612,303.5,1.5,1.2,2014-09-21,1700,Aqua,MODIS,51,6.2,291.2,10.5,N,0
-17.4928,127.2033,307.4,1,1,2014-09-21,1700,Aqua,MODIS,69,6.2,295.4,5.6,N,0
-17.5473,127.3914,311.4,1,1,2014-09-21,1700,Aqua,MODIS,83,6.2,294.1,9.4,N,0
-17.5382,127.1964,306.2,1,1,2014-09-21,1700,Aqua,MODIS,67,6.2,293.7,6.3,N,0
-19.188,128.8879,308.9,1.2,1.1,2014-09-21,1700,Aqua,MODIS,76,6.2,292.1,12.1,N,0
-17.5367,125.5509,322.4,1,1,2014-09-21,1700,Aqua,MODIS,100,6.2,298,18.3,N,0
-22.9673,119.5662,311.8,1.7,1.3,2014-09-21,1701,Aqua,MODIS,83,6.2,294.9,21.7,N,0
-22.976,119.5481,306.5,1.7,1.3,2014-09-21,1701,Aqua,MODIS,68,6.2,293.5,13.9,N,0
-22.6824,118.1636,304.6,2.2,1.4,2014-09-21,1701,Aqua,MODIS,61,6.2,290.4,20.1,N,0
-22.6832,118.0981,306.3,2.2,1.4,2014-09-21,1701,Aqua,MODIS,53,6.2,289.1,24.7,N,0
-22.6784,118.1428,313.8,2.2,1.4,2014-09-21,1701,Aqua,MODIS,88,6.2,289.7,39.3,N,0
-22.6872,118.1192,328.5,2.2,1.4,2014-09-21,1701,Aqua,MODIS,100,6.2,289.6,86.7,N,0
-21.3706,118.4245,304.9,2.2,1.4,2014-09-21,1701,Aqua,MODIS,61,6.2,294,18.6,N,0
-27.8668,124.4043,314.8,1,1,2014-09-21,1702,Aqua,MODIS,90,6.2,294.7,12.1,N,0
-27.8758,124.4027,307.2,1,1,2014-09-21,1702,Aqua,MODIS,71,6.2,294.3,7,N,0
-27.8501,124.4177,312.3,1,1,2014-09-21,1702,Aqua,MODIS,85,6.2,294.3,10.6,N,0
-27.8411,124.4193,304.6,1,1,2014-09-21,1702,Aqua,MODIS,61,6.2,293.9,5.4,N,0
-27.7969,124.433,307.8,1,1,2014-09-21,1702,Aqua,MODIS,73,6.2,293.8,7.5,N,0
-10.9618,142.1732,326.9,1.2,1.1,2014-09-22,0044,Terra,MODIS,26,6.2,290.8,18.9,D,0
-14.834,142.8228,323.3,1,1,2014-09-22,0045,Terra,MODIS,17,6.2,306.8,6.2,D,0
-14.2661,143.2068,324.7,1,1,2014-09-22,0045,Terra,MODIS,63,6.2,306.4,9,D,0
-14.2675,143.2161,321,1,1,2014-09-22,0045,Terra,MODIS,39,6.2,305.9,5.5,D,0
-14.3238,143.1594,334.5,1,1,2014-09-22,0045,Terra,MODIS,83,6.2,307.3,21.1,D,0
-14.7027,142.0797,352.7,1.1,1,2014-09-22,0045,Terra,MODIS,96,6.2,304.7,62.2,D,0
-14.6996,142.1214,328.7,1.1,1,2014-09-22,0045,Terra,MODIS,71,6.2,304.8,13.1,D,0
-14.7043,142.0898,337.7,1.1,1,2014-09-22,0045,Terra,MODIS,84,6.2,306.6,29,D,0
-14.1199,143.2133,319.7,1,1,2014-09-22,0045,Terra,MODIS,58,6.2,304.3,7.4,D,0
-14.3157,142.1467,351.7,1.1,1,2014-09-22,0045,Terra,MODIS,95,6.2,307.4,59.8,D,0
-11.9671,133.7281,319.4,4.7,2,2014-09-22,0045,Terra,MODIS,71,6.2,298.5,82.1,D,0
-14.3162,143.1702,323.6,1,1,2014-09-22,0045,Terra,MODIS,27,6.2,306.6,6.8,D,0
-11.966,133.7229,320.9,4.7,2,2014-09-22,0045,Terra,MODIS,71,6.2,298.5,97,D,0
-14.9629,144.94,329.5,1,1,2014-09-22,0045,Terra,MODIS,33,6.2,303.7,17.3,D,0
-14.9616,144.9306,336.4,1,1,2014-09-22,0045,Terra,MODIS,81,6.2,302.3,28,D,0
-14.9128,144.973,329.3,1,1,2014-09-22,0045,Terra,MODIS,77,6.2,303.3,19.4,D,0
-14.9114,144.9633,324.1,1,1,2014-09-22,0045,Terra,MODIS,65,6.2,302.6,12,D,0
-13.01,135.5902,328.3,3.2,1.7,2014-09-22,0045,Terra,MODIS,80,6.2,296.7,96.6,D,0
-14.9142,144.9826,320.9,1,1,2014-09-22,0045,Terra,MODIS,40,6.2,303.6,9.5,D,0
-13.6328,142.0296,323.1,1.1,1.1,2014-09-22,0045,Terra,MODIS,54,6.2,305.1,9.8,D,0
-12.8335,135.704,315.6,3.2,1.7,2014-09-22,0045,Terra,MODIS,39,6.2,295.8,26.8,D,0
-12.8301,135.6975,315.7,3.2,1.7,2014-09-22,0045,Terra,MODIS,47,6.2,296.1,29.8,D,0
-14.2125,143.1544,324,1,1,2014-09-22,0045,Terra,MODIS,69,6.2,306.9,6.1,D,0
-12.4076,136.4192,322.9,2.9,1.6,2014-09-22,0045,Terra,MODIS,76,6.2,296.7,61.3,D,0
-13.2951,141.8522,333.3,1.2,1.1,2014-09-22,0045,Terra,MODIS,82,6.2,305.1,23.3,D,0
-13.2976,141.8453,324.6,1.2,1.1,2014-09-22,0045,Terra,MODIS,61,6.2,303.2,13.4,D,0
-13.2992,141.8558,324.8,1.2,1.1,2014-09-22,0045,Terra,MODIS,65,6.2,305.2,13.7,D,0
-13.1045,141.9388,330.5,1.1,1.1,2014-09-22,0045,Terra,MODIS,79,6.2,305.1,20.9,D,0
-13.3746,141.8977,320.9,1.1,1.1,2014-09-22,0045,Terra,MODIS,57,6.2,302.9,8.4,D,0
-13.3842,141.8962,333.9,1.1,1.1,2014-09-22,0045,Terra,MODIS,83,6.2,304.6,27.2,D,0
-14.2936,142.0048,322.7,1.1,1.1,2014-09-22,0045,Terra,MODIS,36,6.2,302.6,8.4,D,0
-14.9761,144.9672,322,1,1,2014-09-22,0045,Terra,MODIS,47,6.2,300.6,11,D,0
-14.972,144.9387,324,1,1,2014-09-22,0045,Terra,MODIS,30,6.2,301.2,11.8,D,0
-14.9734,144.9482,327.8,1,1,2014-09-22,0045,Terra,MODIS,54,6.2,304.3,16.5,D,0
-14.9747,144.9577,331.1,1,1,2014-09-22,0045,Terra,MODIS,74,6.2,303.5,21.2,D,0
-13.373,141.8872,328.8,1.1,1.1,2014-09-22,0045,Terra,MODIS,77,6.2,303.6,18.6,D,0
-14.6949,142.0913,335.6,1.1,1,2014-09-22,0045,Terra,MODIS,82,6.2,305.9,23.9,D,0
-13.3713,141.8767,327.9,1.1,1.1,2014-09-22,0045,Terra,MODIS,76,6.2,303.7,16.7,D,0
-14.8431,142.8213,337.2,1,1,2014-09-22,0045,Terra,MODIS,84,6.2,307.5,24.5,D,0
-14.6934,142.0813,336.1,1.1,1,2014-09-22,0045,Terra,MODIS,83,6.2,304.2,25.5,D,0
-14.7904,142.8357,325.7,1,1,2014-09-22,0045,Terra,MODIS,68,6.2,308,8.6,D,0
-13.3697,141.8661,328.2,1.2,1.1,2014-09-22,0045,Terra,MODIS,76,6.2,303.8,17.8,D,0
-12.4085,136.412,317.9,2.9,1.6,2014-09-22,0045,Terra,MODIS,69,6.2,296.4,42.2,D,0
-14.698,142.1114,327.8,1.1,1,2014-09-22,0045,Terra,MODIS,66,6.2,305.7,11.6,D,0
-13.1146,142.9084,322,1.1,1,2014-09-22,0045,Terra,MODIS,51,6.2,304.4,8.3,D,0
-13.1781,142.7836,333.9,1.1,1,2014-09-22,0045,Terra,MODIS,83,6.2,308.8,18.3,D,0
-14.1804,141.8075,322.6,1.1,1.1,2014-09-22,0045,Terra,MODIS,47,6.2,305,9.7,D,0
-12.7327,143.1169,321.1,1,1,2014-09-22,0045,Terra,MODIS,61,6.2,301,11.8,D,0
-14.414,141.9374,323.8,1.1,1.1,2014-09-22,0045,Terra,MODIS,55,6.2,301.6,12.1,D,0
-13.0045,142.8531,352.7,1.1,1,2014-09-22,0045,Terra,MODIS,96,6.2,305.2,61.7,D,0
-12.3949,142.367,328.9,1.1,1.1,2014-09-22,0045,Terra,MODIS,78,6.2,301.7,18.2,D,0
-13.0152,142.8613,327.6,1.1,1,2014-09-22,0045,Terra,MODIS,75,6.2,303.7,16,D,0
-12.3997,142.3976,337,1.1,1.1,2014-09-22,0045,Terra,MODIS,86,6.2,300,31.8,D,0
-13.0283,143.0069,328.6,1,1,2014-09-22,0045,Terra,MODIS,57,6.2,302.1,19,D,0
-14.1987,141.7121,328.6,1.1,1.1,2014-09-22,0045,Terra,MODIS,56,6.2,304.6,16.9,D,0
-14.2066,141.7,341.1,1.1,1.1,2014-09-22,0045,Terra,MODIS,88,6.2,305.5,38.6,D,0
-14.4195,141.9404,320.6,1.1,1.1,2014-09-22,0045,Terra,MODIS,27,6.2,302,7.8,D,0
-14.2241,141.6864,336.2,1.1,1.1,2014-09-22,0045,Terra,MODIS,84,6.2,306.4,30.2,D,0
-13.1267,142.9262,330.9,1.1,1,2014-09-22,0045,Terra,MODIS,64,6.2,305.7,18,D,0
-13.0982,141.9613,329,1.1,1.1,2014-09-22,0045,Terra,MODIS,68,6.2,306.4,15.7,D,0
-14.2353,141.6954,336.5,1.1,1.1,2014-09-22,0045,Terra,MODIS,80,6.2,303.9,29.7,D,0
-13.0179,142.9399,325.4,1.1,1,2014-09-22,0045,Terra,MODIS,72,6.2,303.5,14.4,D,0
-12.3981,142.3874,328,1.1,1.1,2014-09-22,0045,Terra,MODIS,77,6.2,299.2,16.9,D,0
-12.3608,142.4928,335.5,1.1,1,2014-09-22,0045,Terra,MODIS,84,6.2,307.9,23,D,0
-12.9001,142.8357,326.1,1.1,1,2014-09-22,0045,Terra,MODIS,67,6.2,301,13.6,D,0
-14.3266,142.1552,339.5,1.1,1,2014-09-22,0045,Terra,MODIS,87,6.2,306.1,32.8,D,0
-12.9017,142.8455,329.8,1.1,1,2014-09-22,0045,Terra,MODIS,79,6.2,303,19.3,D,0
-12.3933,142.3568,368.2,1.1,1.1,2014-09-22,0045,Terra,MODIS,100,6.2,308,115.9,D,0
-12.7235,142.1105,326.5,1.1,1.1,2014-09-22,0045,Terra,MODIS,67,6.2,307.4,11.1,D,0
-13.006,142.8627,355.7,1.1,1,2014-09-22,0045,Terra,MODIS,97,6.2,308.3,70,D,0
-12.4132,136.4382,315.5,2.9,1.6,2014-09-22,0045,Terra,MODIS,64,6.2,295.9,32.6,D,0
-13.1062,141.9493,327.4,1.1,1.1,2014-09-22,0045,Terra,MODIS,68,6.2,303.9,16.1,D,0
-12.7341,143.1264,316.9,1,1,2014-09-22,0045,Terra,MODIS,36,6.2,298.4,7.9,D,0
-14.2224,141.6758,369.9,1.1,1.1,2014-09-22,0045,Terra,MODIS,100,6.2,307,127.3,D,0
-14.8816,145.0719,344.3,1,1,2014-09-22,0045,Terra,MODIS,91,6.2,304.4,42.7,D,0
-14.1943,141.7085,326.3,1.1,1.1,2014-09-22,0045,Terra,MODIS,66,6.2,303,14.5,D,0
-14.2024,141.7611,324.4,1.1,1.1,2014-09-22,0045,Terra,MODIS,37,6.2,305.2,10.7,D,0
-13.1253,142.9166,332.3,1.1,1,2014-09-22,0045,Terra,MODIS,81,6.2,305.8,20.2,D,0
-12.8879,142.8641,334,1.1,1,2014-09-22,0045,Terra,MODIS,83,6.2,299.2,25.1,D,0
-14.1959,141.719,326.7,1.1,1.1,2014-09-22,0045,Terra,MODIS,42,6.2,304.9,13.7,D,0
-14.4156,141.9477,320.7,1.1,1.1,2014-09-22,0045,Terra,MODIS,31,6.2,302.1,8.6,D,0
-14.2303,141.6637,339.1,1.2,1.1,2014-09-22,0045,Terra,MODIS,87,6.2,302.8,37.7,D,0
-13.0999,141.9717,327.8,1.1,1.1,2014-09-22,0045,Terra,MODIS,52,6.2,307.7,15.1,D,0
-14.8725,145.0733,343.1,1,1,2014-09-22,0045,Terra,MODIS,90,6.2,303.9,40.8,D,0
-14.237,141.7059,328.8,1.1,1.1,2014-09-22,0045,Terra,MODIS,57,6.2,305.5,16.4,D,0
-13.1572,142.9411,328.9,1,1,2014-09-22,0045,Terra,MODIS,70,6.2,305.2,15.9,D,0
-14.2207,141.6652,350,1.2,1.1,2014-09-22,0045,Terra,MODIS,94,6.2,304.7,63.5,D,0
-14.9332,145.1164,323.4,1,1,2014-09-22,0045,Terra,MODIS,20,6.2,304.9,10.6,D,0
-12.4013,142.4077,324,1.1,1.1,2014-09-22,0045,Terra,MODIS,63,6.2,300.3,10.8,D,0
-14.883,145.0815,335.9,1,1,2014-09-22,0045,Terra,MODIS,84,6.2,306.1,27.6,D,0
-12.3917,142.3466,333.7,1.1,1.1,2014-09-22,0045,Terra,MODIS,83,6.2,303.6,25.4,D,0
-14.1896,141.7416,323.8,1.1,1.1,2014-09-22,0045,Terra,MODIS,32,6.2,302.7,11.7,D,0
-13.0359,142.9959,326.4,1,1,2014-09-22,0045,Terra,MODIS,44,6.2,301,15.6,D,0
-14.8739,145.0828,323.7,1,1,2014-09-22,0045,Terra,MODIS,50,6.2,304.9,11.6,D,0
-15.0896,145.1203,326.4,1,1,2014-09-22,0045,Terra,MODIS,73,6.2,302.1,18,D,0
-15.0882,145.1106,319.6,1,1,2014-09-22,0045,Terra,MODIS,53,6.2,301.3,11,D,0
-11.8406,142.6431,322.3,1.1,1,2014-09-22,0045,Terra,MODIS,66,6.2,300.2,11.2,D,0
-12.9769,142.8436,332.9,1.1,1,2014-09-22,0045,Terra,MODIS,82,6.2,300.6,23.4,D,0
-12.9064,142.8148,328.2,1.1,1,2014-09-22,0045,Terra,MODIS,77,6.2,305.3,14.1,D,0
-12.9079,142.8246,335.9,1.1,1,2014-09-22,0045,Terra,MODIS,85,6.2,306.1,26,D,0
-15.5168,145.0128,334.2,1,1,2014-09-22,0046,Terra,MODIS,83,6.2,309.9,20.2,D,0
-15.655,145.2879,320.1,1.1,1,2014-09-22,0046,Terra,MODIS,25,6.2,300.2,9.9,D,0
-13.9694,133.6529,325.9,4.3,1.9,2014-09-22,0046,Terra,MODIS,60,6.2,296.5,127,D,0
-15.4985,145.0155,322.2,1,1,2014-09-22,0046,Terra,MODIS,41,6.2,306.2,7.1,D,0
-15.4921,145.036,334.6,1,1,2014-09-22,0046,Terra,MODIS,83,6.2,303.8,25.7,D,0
-15.5182,145.0224,332.3,1,1,2014-09-22,0046,Terra,MODIS,78,6.2,306.8,17.7,D,0
-13.9617,133.6139,350.6,4.3,1.9,2014-09-22,0046,Terra,MODIS,95,6.2,297.4,464.7,D,0
-13.9525,133.5803,323.9,4.4,1.9,2014-09-22,0046,Terra,MODIS,69,6.2,296.4,116.8,D,0
-13.9538,133.574,317.9,4.4,1.9,2014-09-22,0046,Terra,MODIS,63,6.2,296.6,71.9,D,0
-13.9849,133.732,322.6,4.3,1.9,2014-09-22,0046,Terra,MODIS,50,6.2,295.2,95.7,D,0
-15.6735,145.2851,327.5,1.1,1,2014-09-22,0046,Terra,MODIS,45,6.2,300,20.1,D,0
-13.96,133.6201,349.7,4.3,1.9,2014-09-22,0046,Terra,MODIS,95,6.2,296.9,447.4,D,0
-13.9772,133.6928,322.7,4.3,1.9,2014-09-22,0046,Terra,MODIS,48,6.2,296.3,98.3,D,0
-13.9751,133.6992,322.4,4.3,1.9,2014-09-22,0046,Terra,MODIS,24,6.2,295.6,93.2,D,0
-16.123,136.8064,325.3,2.3,1.5,2014-09-22,0046,Terra,MODIS,62,6.2,306.2,35.6,D,0
-16.1226,136.7917,330.5,2.3,1.5,2014-09-22,0046,Terra,MODIS,80,6.2,306.8,56.4,D,0
-15.6827,145.2834,343.3,1.1,1,2014-09-22,0046,Terra,MODIS,90,6.2,299.3,48.3,D,0
-15.6748,145.2947,338.7,1.1,1,2014-09-22,0046,Terra,MODIS,87,6.2,300.1,37.6,D,0
-15.6642,145.2865,332.4,1.1,1,2014-09-22,0046,Terra,MODIS,81,6.2,301,25.8,D,0
-15.4907,145.0264,344.8,1,1,2014-09-22,0046,Terra,MODIS,91,6.2,306.5,42.4,D,0
-15.4999,145.0251,326.7,1,1,2014-09-22,0046,Terra,MODIS,68,6.2,304.2,13.3,D,0
-15.9884,144.394,347.7,1,1,2014-09-22,0046,Terra,MODIS,93,6.2,305.3,47.1,D,0
-16.0603,144.3161,329.6,1,1,2014-09-22,0046,Terra,MODIS,78,6.2,307.5,14,D,0
-15.241,143.5638,327.7,1,1,2014-09-22,0046,Terra,MODIS,69,6.2,306.6,11.1,D,0
-15.3145,141.8014,340.7,1.1,1,2014-09-22,0046,Terra,MODIS,87,6.2,306.9,34.6,D,0
-16.0427,145.0956,319.5,1.1,1,2014-09-22,0046,Terra,MODIS,59,6.2,299.6,11,D,0
-15.7478,136.2404,322.5,2.5,1.5,2014-09-22,0046,Terra,MODIS,50,6.2,306.1,34.8,D,0
-15.2044,143.6895,330.5,1,1,2014-09-22,0046,Terra,MODIS,77,6.2,306,17.2,D,0
-15.2058,143.6987,332.1,1,1,2014-09-22,0046,Terra,MODIS,79,6.2,305.1,19.9,D,0
-15.7399,136.2358,323.2,2.5,1.5,2014-09-22,0046,Terra,MODIS,44,6.2,305.8,35.1,D,0
-15.3187,141.7941,351.2,1.1,1,2014-09-22,0046,Terra,MODIS,95,6.2,305.1,58.1,D,0
-15.2396,143.5545,331.2,1,1,2014-09-22,0046,Terra,MODIS,78,6.2,306.4,16.4,D,0
-16.0031,145.0816,316.3,1.1,1,2014-09-22,0046,Terra,MODIS,24,6.2,301.3,5.2,D,0
-15.3203,141.8043,343.2,1.1,1,2014-09-22,0046,Terra,MODIS,89,6.2,308.7,39.3,D,0
-17.1577,138.6417,372.1,1.6,1.2,2014-09-22,0046,Terra,MODIS,100,6.2,310.9,210.2,D,0
-17.1689,138.6397,328.3,1.6,1.2,2014-09-22,0046,Terra,MODIS,22,6.2,308.8,20.7,D,0
-17.0925,138.5984,324.8,1.6,1.2,2014-09-22,0046,Terra,MODIS,45,6.2,304.9,22.4,D,0
-17.095,138.6134,322.9,1.6,1.2,2014-09-22,0046,Terra,MODIS,56,6.2,305.1,18.5,D,0
-17.1037,138.5964,379.3,1.6,1.2,2014-09-22,0046,Terra,MODIS,100,6.2,310.4,272.4,D,0
-17.1062,138.6113,374,1.6,1.2,2014-09-22,0046,Terra,MODIS,100,6.2,312.3,230.8,D,0
-17.1029,138.5904,353.5,1.6,1.2,2014-09-22,0046,Terra,MODIS,96,6.2,307.1,108.5,D,0
-17.1055,138.6053,383.9,1.6,1.2,2014-09-22,0046,Terra,MODIS,100,6.2,313.4,306.4,D,0
-17.1081,138.6202,344,1.6,1.2,2014-09-22,0046,Terra,MODIS,75,6.2,309.6,68.4,D,0
-17.1252,138.5864,345.9,1.6,1.2,2014-09-22,0046,Terra,MODIS,92,6.2,305.8,76,D,0
-17.1278,138.6013,346.3,1.6,1.2,2014-09-22,0046,Terra,MODIS,92,6.2,309.4,76.5,D,0
-17.139,138.5992,348.6,1.6,1.2,2014-09-22,0046,Terra,MODIS,93,6.2,307.6,82.7,D,0
-17.1501,138.5972,341.2,1.6,1.2,2014-09-22,0046,Terra,MODIS,88,6.2,306.1,54.2,D,0
-17.1527,138.6121,332.8,1.6,1.2,2014-09-22,0046,Terra,MODIS,46,6.2,306.8,26.9,D,0
-17.1552,138.6269,376.8,1.6,1.2,2014-09-22,0046,Terra,MODIS,100,6.2,310.3,242.3,D,0
-17.4788,138.496,324.6,1.6,1.2,2014-09-22,0046,Terra,MODIS,44,6.2,307.1,20,D,0
-17.4874,138.479,331.4,1.6,1.2,2014-09-22,0046,Terra,MODIS,62,6.2,309.1,33.8,D,0
-17.49,138.494,338.8,1.6,1.2,2014-09-22,0046,Terra,MODIS,86,6.2,308.3,56,D,0
-17.4986,138.4769,325,1.6,1.2,2014-09-22,0046,Terra,MODIS,55,6.2,308.7,19.9,D,0
-17.5011,138.4919,326.6,1.6,1.2,2014-09-22,0046,Terra,MODIS,68,6.2,307.3,24.1,D,0
-17.0548,138.5122,334.2,1.6,1.3,2014-09-22,0046,Terra,MODIS,83,6.2,299.7,52.4,D,0
-17.066,138.5101,335.1,1.6,1.3,2014-09-22,0046,Terra,MODIS,83,6.2,300.8,51.2,D,0
-17.0686,138.5253,338.2,1.6,1.3,2014-09-22,0046,Terra,MODIS,86,6.2,301.1,59.9,D,0
-17.0773,138.5081,333.9,1.6,1.3,2014-09-22,0046,Terra,MODIS,82,6.2,301.4,45.1,D,0
-17.0798,138.5232,347.8,1.6,1.3,2014-09-22,0046,Terra,MODIS,93,6.2,301.9,92,D,0
-17.0785,138.5174,342,1.6,1.3,2014-09-22,0046,Terra,MODIS,89,6.2,302,68.9,D,0
-17.0812,138.5325,327.7,1.6,1.3,2014-09-22,0046,Terra,MODIS,57,6.2,300.9,24.9,D,0
-17.107,138.4809,321.3,1.6,1.3,2014-09-22,0046,Terra,MODIS,38,6.2,304.4,13.6,D,0
-17.1149,138.5263,332.3,1.6,1.3,2014-09-22,0046,Terra,MODIS,75,6.2,305.1,35.8,D,0
-17.1287,138.5393,334.9,1.6,1.3,2014-09-22,0046,Terra,MODIS,77,6.2,308,40.7,D,0
-17.1399,138.5373,327.7,1.6,1.3,2014-09-22,0046,Terra,MODIS,50,6.2,308.4,21.5,D,0
-15.4422,145.0139,341.1,1,1,2014-09-22,0046,Terra,MODIS,88,6.2,306.3,35.7,D,0
-15.4541,145.0314,320.2,1,1,2014-09-22,0046,Terra,MODIS,25,6.2,300.2,9.6,D,0
-15.4514,145.0125,342.7,1,1,2014-09-22,0046,Terra,MODIS,90,6.2,306.4,37.5,D,0
-15.4632,145.0299,328.8,1,1,2014-09-22,0046,Terra,MODIS,65,6.2,301.4,18.5,D,0
-17.176,138.5461,335.7,1.6,1.2,2014-09-22,0046,Terra,MODIS,71,6.2,309.3,37.1,D,0
-17.1847,138.529,332.4,1.6,1.3,2014-09-22,0046,Terra,MODIS,39,6.2,308.9,27.8,D,0
-17.1774,138.5546,331.2,1.6,1.2,2014-09-22,0046,Terra,MODIS,55,6.2,310.1,23.8,D,0
-17.186,138.5375,329.4,1.6,1.2,2014-09-22,0046,Terra,MODIS,45,6.2,308.8,20.7,D,0
-15.45,145.0029,325.8,1,1,2014-09-22,0046,Terra,MODIS,61,6.2,306.2,11.4,D,0
-17.7245,138.7835,341,1.5,1.2,2014-09-22,0046,Terra,MODIS,88,6.2,310.8,54.8,D,0
-16.0286,144.4166,319.7,1,1,2014-09-22,0046,Terra,MODIS,23,6.2,302.5,7.5,D,0
-17.1167,145.2767,322.8,1.1,1,2014-09-22,0046,Terra,MODIS,68,6.2,306.4,10.1,D,0
-16.6822,132.7213,317.8,4.4,1.9,2014-09-22,0046,Terra,MODIS,61,6.2,301.7,62.9,D,0
-16.6902,132.7621,331.6,4.4,1.9,2014-09-22,0046,Terra,MODIS,82,6.2,301.6,194.2,D,0
-16.6903,132.7546,331.9,4.4,1.9,2014-09-22,0046,Terra,MODIS,82,6.2,301.6,201.3,D,0
-16.7518,132.6926,314.3,4.4,1.9,2014-09-22,0046,Terra,MODIS,40,6.2,301.9,45.5,D,0
-17.9848,138.8179,326.5,1.5,1.2,2014-09-22,0046,Terra,MODIS,67,6.2,313,14.6,D,0
-16.8678,135.4741,318.9,2.8,1.6,2014-09-22,0046,Terra,MODIS,23,6.2,304.9,19.2,D,0
-16.882,135.4713,319.5,2.8,1.6,2014-09-22,0046,Terra,MODIS,39,6.2,305.2,22.8,D,0
-16.8867,135.4967,321.6,2.7,1.6,2014-09-22,0046,Terra,MODIS,56,6.2,305.7,34.8,D,0
-15.2684,141.6292,331.9,1.1,1.1,2014-09-22,0046,Terra,MODIS,75,6.2,305.4,20.5,D,0
-15.27,141.6396,338.5,1.1,1.1,2014-09-22,0046,Terra,MODIS,85,6.2,307.5,30.7,D,0
-15.9778,144.3825,340.3,1,1,2014-09-22,0046,Terra,MODIS,88,6.2,306.1,32,D,0
-15.9765,144.3731,332,1,1,2014-09-22,0046,Terra,MODIS,81,6.2,306.8,19,D,0
-16.5193,139.3614,344.1,1.5,1.2,2014-09-22,0046,Terra,MODIS,92,6.2,308.8,66.4,D,0
-16.5216,139.3749,327.1,1.5,1.2,2014-09-22,0046,Terra,MODIS,80,6.2,307.2,22.8,D,0
-15.3064,141.595,331,1.1,1.1,2014-09-22,0046,Terra,MODIS,69,6.2,306.3,18.2,D,0
-17.6549,138.9181,326.3,1.5,1.2,2014-09-22,0046,Terra,MODIS,69,6.2,309.8,19,D,0
-19.4303,133.4744,331.4,3.4,1.7,2014-09-22,0047,Terra,MODIS,81,6.2,306.3,133.2,D,0
-19.4402,133.4663,321.8,3.4,1.7,2014-09-22,0047,Terra,MODIS,66,6.2,304,63.8,D,0
-17.2457,132.1434,338.2,4.7,2,2014-09-22,0047,Terra,MODIS,88,6.2,302.7,296.5,D,0
-17.2547,132.1874,331.1,4.7,2,2014-09-22,0047,Terra,MODIS,82,6.2,302.6,192.1,D,0
-17.2724,132.1834,318.7,4.7,2,2014-09-22,0047,Terra,MODIS,54,6.2,299.1,65,D,0
-17.2433,132.1361,330.5,4.7,2,2014-09-22,0047,Terra,MODIS,82,6.2,302.3,187,D,0
-17.2525,132.18,329.7,4.7,2,2014-09-22,0047,Terra,MODIS,81,6.2,303,175.9,D,0
-17.2702,132.1761,323.9,4.7,2,2014-09-22,0047,Terra,MODIS,75,6.2,299.2,118.2,D,0
-17.4454,132.3117,318.3,4.6,2,2014-09-22,0047,Terra,MODIS,34,6.2,300.4,67.3,D,0
-17.4361,131.9942,321.1,4.8,2,2014-09-22,0047,Terra,MODIS,69,6.2,302.1,74.7,D,0
-17.4539,131.9901,328.9,4.8,2,2014-09-22,0047,Terra,MODIS,70,6.2,299.8,152.5,D,0
-17.4629,132.0348,335.5,4.8,2,2014-09-22,0047,Terra,MODIS,86,6.2,300.2,220.1,D,0
-17.4331,131.987,317.8,4.8,2,2014-09-22,0047,Terra,MODIS,33,6.2,302.2,53.7,D,0
-17.4424,132.0316,320.4,4.8,2,2014-09-22,0047,Terra,MODIS,70,6.2,301.4,69.1,D,0
-17.4509,131.9829,330.6,4.8,2,2014-09-22,0047,Terra,MODIS,72,6.2,300.1,192.6,D,0
-17.4602,132.0276,335.5,4.8,2,2014-09-22,0047,Terra,MODIS,86,6.2,300.1,241.1,D,0
-17.2636,132.231,326.7,4.7,2,2014-09-22,0047,Terra,MODIS,78,6.2,301.3,137.8,D,0
-17.2617,132.2235,328.6,4.7,2,2014-09-22,0047,Terra,MODIS,80,6.2,301.5,156.8,D,0
-19.4239,133.4422,319.5,3.4,1.7,2014-09-22,0047,Terra,MODIS,63,6.2,302.5,54,D,0
-17.4718,132.0792,328.8,4.7,2,2014-09-22,0047,Terra,MODIS,42,6.2,300,131.4,D,0
-17.503,132.0588,347.2,4.7,2,2014-09-22,0047,Terra,MODIS,94,6.2,298.3,477.9,D,0
-17.4853,132.0628,328.5,4.7,2,2014-09-22,0047,Terra,MODIS,55,6.2,301.8,181.4,D,0
-17.4759,132.0185,336.8,4.8,2,2014-09-22,0047,Terra,MODIS,77,6.2,300.8,285.5,D,0
-17.4694,132.0719,332.4,4.7,2,2014-09-22,0047,Terra,MODIS,79,6.2,299.7,195,D,0
-17.4688,131.9789,327.8,4.8,2,2014-09-22,0047,Terra,MODIS,54,6.2,298.1,172,D,0
-17.478,132.0236,350.3,4.8,2,2014-09-22,0047,Terra,MODIS,95,6.2,301.7,515.9,D,0
-17.4663,131.9738,328.3,4.8,2,2014-09-22,0047,Terra,MODIS,56,6.2,298.3,183.3,D,0
-17.4946,132.1067,326.8,4.7,2,2014-09-22,0047,Terra,MODIS,63,6.2,299.8,157,D,0
-17.4936,132.0144,363.7,4.8,2,2014-09-22,0047,Terra,MODIS,100,6.2,298.2,881.4,D,0
-17.4957,132.0195,363.8,4.8,2,2014-09-22,0047,Terra,MODIS,100,6.2,298.2,875.8,D,0
-17.5039,132.1503,326.2,4.7,2,2014-09-22,0047,Terra,MODIS,67,6.2,298.9,152.2,D,0
-17.5049,132.0639,334.6,4.7,2,2014-09-22,0047,Terra,MODIS,86,6.2,297.3,267.2,D,0
-17.5052,132.1556,323,4.7,2,2014-09-22,0047,Terra,MODIS,52,6.2,298.5,116.7,D,0
-17.4962,132.1119,329.6,4.7,2,2014-09-22,0047,Terra,MODIS,69,6.2,299.6,184,D,0
-31.6313,148.1258,307.7,2.5,1.5,2014-09-22,0050,Terra,MODIS,55,6.2,285.5,25,D,0
-31.6375,148.1182,306.8,2.5,1.5,2014-09-22,0050,Terra,MODIS,49,6.2,286.7,22.7,D,0
-30.438,132.0323,312.2,2.4,1.5,2014-09-22,0050,Terra,MODIS,43,6.2,301,16.4,D,0
-33.0257,149.7978,309.3,3.3,1.7,2014-09-22,0050,Terra,MODIS,63,6.2,290.6,49.7,D,0
-34.0992,147.3683,306,2.3,1.5,2014-09-22,0050,Terra,MODIS,18,6.2,296,13.4,D,0
-33.0154,149.8054,317.2,3.3,1.7,2014-09-22,0050,Terra,MODIS,75,6.2,290.1,85.7,D,0
-33.0278,149.833,306.3,3.3,1.7,2014-09-22,0050,Terra,MODIS,55,6.2,290.8,40.1,D,0
-32.9198,146.6495,319.8,2,1.4,2014-09-22,0050,Terra,MODIS,74,6.2,300.6,34,D,0
-35.3957,144.3639,320.7,1.6,1.2,2014-09-22,0051,Terra,MODIS,76,6.2,300,25.7,D,0
-35.8798,142.1171,313.7,1.2,1.1,2014-09-22,0051,Terra,MODIS,61,6.2,300.4,10,D,0
-35.3974,144.3813,311.6,1.6,1.2,2014-09-22,0051,Terra,MODIS,61,6.2,301,11.2,D,0
-14.6404,126.5056,328.3,2.5,1.5,2014-09-22,0224,Terra,MODIS,44,6.2,309.6,36.6,D,0
-14.6337,126.501,335.5,2.5,1.5,2014-09-22,0224,Terra,MODIS,82,6.2,308.9,75.3,D,0
-14.6377,126.4828,332.3,2.5,1.5,2014-09-22,0224,Terra,MODIS,79,6.2,308.1,56.3,D,0
-16.4187,127.9617,321.8,3.4,1.7,2014-09-22,0224,Terra,MODIS,44,6.2,307,43,D,0
-16.4363,127.9321,348.8,3.4,1.7,2014-09-22,0224,Terra,MODIS,93,6.2,306,281.7,D,0
-16.4345,127.9606,340.2,3.4,1.7,2014-09-22,0224,Terra,MODIS,87,6.2,307.5,187,D,0
-16.4242,127.9664,326.1,3.4,1.7,2014-09-22,0224,Terra,MODIS,65,6.2,307.5,66.1,D,0
-16.4399,127.9649,329.2,3.4,1.7,2014-09-22,0224,Terra,MODIS,74,6.2,306.6,87.6,D,0
-16.1368,128.0086,329.3,3.4,1.7,2014-09-22,0224,Terra,MODIS,33,6.2,305.7,88.4,D,0
-16.4206,127.9337,327.5,3.4,1.7,2014-09-22,0224,Terra,MODIS,64,6.2,307.4,79.6,D,0
-14.6268,126.5076,332.6,2.5,1.5,2014-09-22,0224,Terra,MODIS,68,6.2,308.1,60.1,D,0
-16.431,127.9271,346,3.4,1.7,2014-09-22,0224,Terra,MODIS,91,6.2,306.6,251,D,0
-16.0194,128.0036,319.8,3.4,1.7,2014-09-22,0224,Terra,MODIS,41,6.2,304.8,39.1,D,0
-16.066,127.996,321.9,3.4,1.7,2014-09-22,0224,Terra,MODIS,42,6.2,304.9,49.5,D,0
-16.213,128.1301,322.1,3.5,1.8,2014-09-22,0224,Terra,MODIS,47,6.2,305.4,48.9,D,0
-16.1079,127.9866,323.8,3.4,1.7,2014-09-22,0224,Terra,MODIS,34,6.2,304.9,58.4,D,0
-16.1713,128.0353,323.1,3.4,1.7,2014-09-22,0224,Terra,MODIS,57,6.2,303.3,56.8,D,0
-16.0224,128.0327,322.5,3.4,1.7,2014-09-22,0224,Terra,MODIS,59,6.2,304.7,53.6,D,0
-16.2225,128.1232,331.4,3.5,1.8,2014-09-22,0224,Terra,MODIS,78,6.2,304.9,114.7,D,0
-16.2288,128.1279,330.7,3.5,1.8,2014-09-22,0224,Terra,MODIS,77,6.2,304.4,108.3,D,0
-19.2054,128.9262,323.2,4.4,1.9,2014-09-22,0225,Terra,MODIS,59,6.2,304.1,92.3,D,0
-16.5819,124.2591,330.1,1.8,1.3,2014-09-22,0225,Terra,MODIS,58,6.2,310.3,28.6,D,0
-16.6671,124.3107,386.7,1.8,1.3,2014-09-22,0225,Terra,MODIS,100,6.2,315.4,388,D,0
-16.6275,124.2812,341.6,1.8,1.3,2014-09-22,0225,Terra,MODIS,78,6.2,310.8,64.6,D,0
-17.5632,125.5467,331.6,2.3,1.5,2014-09-22,0225,Terra,MODIS,75,6.2,311.1,46.9,D,0
-16.6572,124.3291,346.3,1.8,1.3,2014-09-22,0225,Terra,MODIS,91,6.2,308.8,91.7,D,0
-17.4694,125.5195,331,2.3,1.5,2014-09-22,0225,Terra,MODIS,47,6.2,311.9,39.4,D,0
-19.2002,128.8894,341.5,4.3,1.9,2014-09-22,0225,Terra,MODIS,88,6.2,305.7,299.6,D,0
-19.2018,128.8843,337.8,4.3,1.9,2014-09-22,0225,Terra,MODIS,84,6.2,305.4,249.5,D,0
-16.6333,124.287,354.3,1.8,1.3,2014-09-22,0225,Terra,MODIS,96,6.2,313.2,129.3,D,0
-16.6552,124.3122,357.7,1.8,1.3,2014-09-22,0225,Terra,MODIS,98,6.2,312,150.1,D,0
-16.6473,124.3023,338,1.8,1.3,2014-09-22,0225,Terra,MODIS,48,6.2,311.8,53.6,D,0
-16.6908,124.3078,331.1,1.8,1.3,2014-09-22,0225,Terra,MODIS,64,6.2,311.4,24.4,D,0
-16.6789,124.3092,337.2,1.8,1.3,2014-09-22,0225,Terra,MODIS,68,6.2,311.5,42.5,D,0
-16.6691,124.3276,374,1.8,1.3,2014-09-22,0225,Terra,MODIS,100,6.2,311,266.4,D,0
-18.7064,126.7725,324.7,3,1.6,2014-09-22,0225,Terra,MODIS,59,6.2,309,42.9,D,0
-18.7063,126.7658,323.5,3,1.6,2014-09-22,0225,Terra,MODIS,54,6.2,309.1,34.4,D,0
-17.6284,125.7633,333.8,2.4,1.5,2014-09-22,0225,Terra,MODIS,80,6.2,308.4,58.6,D,0
-17.6245,125.9734,326,2.5,1.5,2014-09-22,0225,Terra,MODIS,66,6.2,306.5,40.3,D,0
-17.6271,125.9962,325.8,2.5,1.5,2014-09-22,0225,Terra,MODIS,65,6.2,306.5,41.4,D,0
-17.6365,125.757,350,2.4,1.5,2014-09-22,0225,Terra,MODIS,94,6.2,309,164,D,0
-17.6389,125.7796,328.6,2.4,1.5,2014-09-22,0225,Terra,MODIS,62,6.2,306.7,40.3,D,0
-17.6341,125.7346,338,2.4,1.5,2014-09-22,0225,Terra,MODIS,84,6.2,308.7,82.6,D,0
-17.642,125.762,346.6,2.4,1.5,2014-09-22,0225,Terra,MODIS,91,6.2,307.4,136.6,D,0
-17.6393,125.7394,346.2,2.4,1.5,2014-09-22,0225,Terra,MODIS,91,6.2,308.2,129.3,D,0
-17.3991,127.5328,326.2,3.3,1.7,2014-09-22,0225,Terra,MODIS,40,6.2,305.4,62.1,D,0
-17.5366,127.413,323.1,3.2,1.7,2014-09-22,0225,Terra,MODIS,44,6.2,305.5,43.5,D,0
-17.2952,127.5506,326.3,3.3,1.7,2014-09-22,0225,Terra,MODIS,27,6.2,307.5,57.9,D,0
-17.5582,126.0032,323.5,2.5,1.5,2014-09-22,0225,Terra,MODIS,55,6.2,305.5,30.9,D,0
-17.5657,126.0097,326.1,2.5,1.5,2014-09-22,0225,Terra,MODIS,67,6.2,305.7,41.8,D,0
-17.396,127.5023,328.6,3.2,1.7,2014-09-22,0225,Terra,MODIS,62,6.2,307.2,75.1,D,0
-17.3837,127.5345,335.7,3.3,1.7,2014-09-22,0225,Terra,MODIS,82,6.2,307.8,128.1,D,0
-17.3843,127.5104,338.4,3.2,1.7,2014-09-22,0225,Terra,MODIS,85,6.2,310,140.7,D,0
-17.4083,127.4706,331.4,3.2,1.7,2014-09-22,0225,Terra,MODIS,75,6.2,306.9,96.4,D,0
-17.3876,127.5412,332.5,3.3,1.7,2014-09-22,0225,Terra,MODIS,65,6.2,306.3,99,D,0
-22.7829,118.2855,344.5,1,1,2014-09-22,0226,Terra,MODIS,91,6.2,307,43.1,D,0
-22.9656,119.5385,325.6,1.1,1.1,2014-09-22,0226,Terra,MODIS,55,6.2,304.3,15.2,D,0
-22.7739,118.287,328.6,1,1,2014-09-22,0226,Terra,MODIS,78,6.2,305.9,18.7,D,0
-22.9671,119.5492,325.6,1.1,1.1,2014-09-22,0226,Terra,MODIS,48,6.2,306.4,13.6,D,0
-22.97,119.5711,324,1.1,1.1,2014-09-22,0226,Terra,MODIS,54,6.2,307.3,10.2,D,0
-22.6519,118.1416,321.9,1,1,2014-09-22,0226,Terra,MODIS,66,6.2,305.4,9.6,D,0
-22.6533,118.1514,324.9,1,1,2014-09-22,0226,Terra,MODIS,73,6.2,305.4,12.5,D,0
-22.7983,118.2627,327.2,1,1,2014-09-22,0226,Terra,MODIS,69,6.2,300.8,15.3,D,0
-22.8074,118.2614,320.6,1,1,2014-09-22,0226,Terra,MODIS,49,6.2,302.3,8.2,D,0
-22.8088,118.2712,320.5,1,1,2014-09-22,0226,Terra,MODIS,46,6.2,304.2,8.2,D,0
-22.8034,118.0445,320.2,1,1,2014-09-22,0226,Terra,MODIS,66,6.2,305.9,7.6,D,0
-22.6624,118.1499,341.7,1,1,2014-09-22,0226,Terra,MODIS,90,6.2,306.8,35.5,D,0
-22.661,118.1401,342.7,1,1,2014-09-22,0226,Terra,MODIS,90,6.2,306,37.5,D,0
-22.7068,118.0763,328.6,1,1,2014-09-22,0226,Terra,MODIS,70,6.2,304.5,18,D,0
-22.6978,118.0779,322.8,1,1,2014-09-22,0226,Terra,MODIS,39,6.2,305.6,11.9,D,0
-22.6805,118.147,319.3,1,1,2014-09-22,0226,Terra,MODIS,39,6.2,305.1,7.1,D,0
-22.6734,118.098,320.2,1,1,2014-09-22,0226,Terra,MODIS,37,6.2,305.1,7.4,D,0
-22.9576,119.5509,343,1.1,1.1,2014-09-22,0226,Terra,MODIS,90,6.2,307.7,40.9,D,0
-21.3901,118.3827,326.1,1,1,2014-09-22,0226,Terra,MODIS,51,6.2,315.2,6.6,D,0
-32.0992,115.8082,306.6,1,1,2014-09-22,0229,Terra,MODIS,45,6.2,288,4.1,D,0
-32.4808,116.1102,300.6,1,1,2014-09-22,0229,Terra,MODIS,29,6.2,283.5,5.6,D,0
-31.9068,115.8134,307.2,1,1,2014-09-22,0229,Terra,MODIS,49,6.2,289.4,4.7,D,0
-32.4793,116.0993,305,1,1,2014-09-22,0229,Terra,MODIS,56,6.2,284.4,8.4,D,0
-32.0599,115.7937,304.5,1,1,2014-09-22,0229,Terra,MODIS,54,6.2,290.1,2.9,D,0
-31.6152,116.0299,301.8,1,1,2014-09-22,0229,Terra,MODIS,49,6.2,291,4,D,0
-31.6166,116.0405,301.2,1,1,2014-09-22,0229,Terra,MODIS,45,6.2,289.6,3.6,D,0
-31.9682,115.9938,304.8,1,1,2014-09-22,0229,Terra,MODIS,49,6.2,288.8,3.6,D,0
-41.1509,145.1482,347.8,4.8,2,2014-09-22,0326,Aqua,MODIS,94,6.2,287.7,566.8,D,0
-41.1325,145.1464,357.7,4.8,2,2014-09-22,0326,Aqua,MODIS,99,6.2,290.5,764.8,D,0
-41.1497,145.2072,312.1,4.7,2,2014-09-22,0326,Aqua,MODIS,53,6.2,286.6,117.5,D,0
-41.1314,145.2062,350.6,4.7,2,2014-09-22,0326,Aqua,MODIS,95,6.2,289.9,603.3,D,0
-42.5656,147.7263,313.6,3.5,1.8,2014-09-22,0326,Aqua,MODIS,59,6.2,295.5,64.2,D,0
-42.5582,147.7218,314.4,3.5,1.8,2014-09-22,0326,Aqua,MODIS,61,6.2,295.1,69.9,D,0
-41.1344,145.1973,360.4,4.7,2,2014-09-22,0327,Aqua,MODIS,100,6.2,290.3,829,D,0
-41.1527,145.1979,314.5,4.7,2,2014-09-22,0327,Aqua,MODIS,61,6.2,286.2,131.2,D,0
-41.1542,145.1386,336.5,4.8,2,2014-09-22,0327,Aqua,MODIS,88,6.2,287,370.7,D,0
-41.1358,145.1375,352.6,4.8,2,2014-09-22,0327,Aqua,MODIS,96,6.2,290.1,650.8,D,0
-36.334,149.4858,302.5,2.4,1.5,2014-09-22,0328,Aqua,MODIS,50,6.2,290.7,15.3,D,0
-35.5136,145.3978,314.5,4.2,1.9,2014-09-22,0328,Aqua,MODIS,67,6.2,299.1,68.9,D,0
-35.4111,144.9453,312,4.5,2,2014-09-22,0328,Aqua,MODIS,54,6.2,301.4,46.9,D,0
-35.429,144.9463,337.1,4.5,2,2014-09-22,0328,Aqua,MODIS,90,6.2,301.6,294.2,D,0
-35.4313,144.8954,319.3,4.5,2,2014-09-22,0328,Aqua,MODIS,77,6.2,300,103.8,D,0
-34.3583,146.0943,310.9,3.7,1.8,2014-09-22,0328,Aqua,MODIS,65,6.2,300.8,28.6,D,0
-35.0081,145.9291,312.1,3.9,1.8,2014-09-22,0328,Aqua,MODIS,63,6.2,300.5,35,D,0
-35.4274,144.9498,336.4,4.5,2,2014-09-22,0328,Aqua,MODIS,89,6.2,302,289.4,D,0
-35.5113,145.4451,313.6,4.2,1.9,2014-09-22,0328,Aqua,MODIS,62,6.2,298.6,63.6,D,0
-35.5154,145.4058,318.2,4.2,1.9,2014-09-22,0328,Aqua,MODIS,77,6.2,299.3,103.2,D,0
-34.9954,145.932,313.9,3.9,1.8,2014-09-22,0328,Aqua,MODIS,70,6.2,300.8,44.1,D,0
-34.3647,146.1025,312.6,3.7,1.8,2014-09-22,0328,Aqua,MODIS,68,6.2,301,38.4,D,0
-35.4293,144.8989,324.2,4.5,2,2014-09-22,0328,Aqua,MODIS,82,6.2,300.3,151.9,D,0
-35.5133,145.4531,309.2,4.2,1.9,2014-09-22,0328,Aqua,MODIS,65,6.2,298.4,45.5,D,0
-33.0257,149.8116,314.2,2.1,1.4,2014-09-22,0329,Aqua,MODIS,71,6.2,292.6,32.1,D,0
-33.0262,149.8189,307.6,2.1,1.4,2014-09-22,0329,Aqua,MODIS,38,6.2,292.5,16.7,D,0
-31.2912,152.2887,314.7,1.4,1.2,2014-09-22,0329,Aqua,MODIS,73,6.2,284,22.6,D,0
-29.1416,153.0768,306.1,1.2,1.1,2014-09-22,0330,Aqua,MODIS,61,6.2,286.6,7.2,D,0
-29.2854,149.0578,313.3,2.1,1.4,2014-09-22,0330,Aqua,MODIS,44,6.2,286.9,28.3,D,0
-15.9477,145.2751,319.5,2.6,1.5,2014-09-22,0333,Aqua,MODIS,67,6.2,294.7,55.7,D,0
-15.9392,145.2813,320.9,2.6,1.5,2014-09-22,0333,Aqua,MODIS,70,6.2,294.3,61.9,D,0
-15.453,145.0137,319.2,2.7,1.6,2014-09-22,0334,Aqua,MODIS,37,6.2,298.2,37.6,D,0
-13.1132,141.9351,316.6,4.3,1.9,2014-09-22,0334,Aqua,MODIS,66,6.2,294.2,58.4,D,0
-13.1114,141.9307,315.7,4.3,1.9,2014-09-22,0334,Aqua,MODIS,64,6.2,294.3,51.9,D,0
-14.2957,141.9779,315.4,4.4,1.9,2014-09-22,0334,Aqua,MODIS,45,6.2,296,44.3,D,0
-14.977,144.9541,318.6,2.7,1.6,2014-09-22,0334,Aqua,MODIS,61,6.2,294.3,44.1,D,0
-14.9798,144.9287,316.2,2.7,1.6,2014-09-22,0334,Aqua,MODIS,50,6.2,296,34.2,D,0
-14.9874,144.9501,315.1,2.7,1.6,2014-09-22,0334,Aqua,MODIS,29,6.2,294.8,30.2,D,0
-13.6154,143.0804,314.2,3.6,1.8,2014-09-22,0334,Aqua,MODIS,55,6.2,293.2,34.3,D,0
-15.6697,145.2536,314.8,2.6,1.5,2014-09-22,0334,Aqua,MODIS,36,6.2,295.3,30.3,D,0
-15.6759,145.2743,325.5,2.6,1.5,2014-09-22,0334,Aqua,MODIS,75,6.2,297.4,71.5,D,0
-15.4991,145.0228,322.8,2.7,1.6,2014-09-22,0334,Aqua,MODIS,47,6.2,300,47.2,D,0
-15.6671,145.2776,321.1,2.6,1.5,2014-09-22,0334,Aqua,MODIS,68,6.2,297.1,54.9,D,0
-15.6808,145.2809,330.6,2.6,1.5,2014-09-22,0334,Aqua,MODIS,81,6.2,297.3,96.9,D,0
-15.154,145.0779,318.9,2.6,1.6,2014-09-22,0334,Aqua,MODIS,49,6.2,296.4,40.9,D,0
-15.1584,145.0835,319.6,2.6,1.6,2014-09-22,0334,Aqua,MODIS,64,6.2,295.6,45.7,D,0
-12.7376,143.0907,311.7,3.4,1.7,2014-09-22,0334,Aqua,MODIS,43,6.2,293.3,35.3,D,0
-14.2373,141.6633,318,4.6,2,2014-09-22,0334,Aqua,MODIS,56,6.2,295.8,60.7,D,0
-14.8813,145.0757,316.9,2.6,1.5,2014-09-22,0334,Aqua,MODIS,48,6.2,294.6,35.5,D,0
-15.6129,141.9021,320.9,4.6,2,2014-09-22,0334,Aqua,MODIS,57,6.2,300.8,72.2,D,0
-12.7394,143.1158,312.3,3.4,1.7,2014-09-22,0334,Aqua,MODIS,51,6.2,293.5,39.4,D,0
-14.2183,141.665,325.9,4.6,2,2014-09-22,0334,Aqua,MODIS,69,6.2,295.2,131.1,D,0
-14.2361,141.6669,318.3,4.6,2,2014-09-22,0334,Aqua,MODIS,63,6.2,295.8,63.3,D,0
-13.1072,141.9697,314.4,4.3,1.9,2014-09-22,0334,Aqua,MODIS,61,6.2,294.9,40.5,D,0
-14.2195,141.6615,325.5,4.6,2,2014-09-22,0334,Aqua,MODIS,59,6.2,295.3,129.7,D,0
-15.6141,141.8991,320.9,4.6,2,2014-09-22,0334,Aqua,MODIS,68,6.2,300.5,76.4,D,0
-41.9461,147.6432,302.2,3.6,1.8,2014-09-22,0504,Aqua,MODIS,51,6.2,290.4,29.4,D,0
-41.9556,147.6429,301.2,3.6,1.8,2014-09-22,0504,Aqua,MODIS,45,6.2,290.1,25.9,D,0
-41.0668,145.1269,319.1,2.7,1.6,2014-09-22,0505,Aqua,MODIS,71,6.2,287,73.7,D,0
-33.9788,141.1298,331.9,2.4,1.5,2014-09-22,0507,Aqua,MODIS,83,6.2,307.3,81.8,D,0
-33.9844,141.1038,332.7,2.4,1.5,2014-09-22,0507,Aqua,MODIS,84,6.2,307.3,84.1,D,0
-30.4347,132.0403,320.3,1,1,2014-09-22,0508,Aqua,MODIS,36,6.2,310.3,5.6,D,0
-30.4362,132.0299,328.5,1,1,2014-09-22,0508,Aqua,MODIS,73,6.2,312.3,14.5,D,0
-22.6524,130.7119,332,1,1,2014-09-22,0510,Aqua,MODIS,66,6.2,318.2,10.3,D,0
-25.145,129.8981,379,1,1,2014-09-22,0510,Aqua,MODIS,100,6.2,321.4,131.4,D,0
-23.2325,131.3257,333.5,1.1,1,2014-09-22,0510,Aqua,MODIS,72,6.2,318.4,13.9,D,0
-25.1464,129.8882,343.3,1,1,2014-09-22,0510,Aqua,MODIS,87,6.2,317.7,31,D,0
-23.2233,131.3241,331.7,1.1,1,2014-09-22,0510,Aqua,MODIS,55,6.2,318.4,10.8,D,0
-22.3085,124.5404,334.9,1.6,1.3,2014-09-22,0510,Aqua,MODIS,77,6.2,317.3,29.5,D,0
-22.3067,124.5561,338.5,1.6,1.3,2014-09-22,0510,Aqua,MODIS,82,6.2,316.4,39.8,D,0
-22.3275,124.5748,437.6,1.6,1.2,2014-09-22,0510,Aqua,MODIS,100,6.2,329.4,1090.9,D,0
-22.3388,124.5762,348.3,1.6,1.2,2014-09-22,0510,Aqua,MODIS,92,6.2,315.9,77,D,0
-22.337,124.5919,335.1,1.6,1.2,2014-09-22,0510,Aqua,MODIS,77,6.2,313.2,32.6,D,0
-22.3257,124.5904,371.1,1.6,1.2,2014-09-22,0510,Aqua,MODIS,100,6.2,314.6,200.4,D,0
-22.3293,124.5591,369.6,1.6,1.3,2014-09-22,0510,Aqua,MODIS,100,6.2,320.6,186.6,D,0
-22.318,124.5576,411,1.6,1.3,2014-09-22,0510,Aqua,MODIS,100,6.2,329.5,612.8,D,0
-22.3162,124.5733,390.1,1.6,1.2,2014-09-22,0510,Aqua,MODIS,100,6.2,315.2,356.3,D,0
-22.2612,124.2503,328.6,1.7,1.3,2014-09-22,0510,Aqua,MODIS,63,6.2,314,18.5,D,0
-24.6585,128.7644,328.3,1,1,2014-09-22,0510,Aqua,MODIS,56,6.2,315.1,12.1,D,0
-17.1991,138.6427,332.1,4,1.9,2014-09-22,0511,Aqua,MODIS,77,6.2,307,123.4,D,0
-17.1825,138.6391,338.3,4,1.9,2014-09-22,0511,Aqua,MODIS,85,6.2,307.1,196,D,0
-17.2128,138.6409,323.5,4,1.9,2014-09-22,0511,Aqua,MODIS,24,6.2,306.7,43.1,D,0
-17.1962,138.6373,333.9,4,1.9,2014-09-22,0511,Aqua,MODIS,80,6.2,307.8,142.8,D,0
-17.1797,138.6336,332.6,4,1.9,2014-09-22,0511,Aqua,MODIS,75,6.2,306.8,135,D,0
-17.5052,138.5004,343.2,3.9,1.8,2014-09-22,0511,Aqua,MODIS,89,6.2,303.7,276.9,D,0
-17.5125,138.4645,330.7,3.8,1.8,2014-09-22,0511,Aqua,MODIS,74,6.2,306.9,129.4,D,0
-17.4889,138.4969,325.4,3.9,1.8,2014-09-22,0511,Aqua,MODIS,65,6.2,304.7,94.1,D,0
-17.5153,138.4949,331.5,3.9,1.8,2014-09-22,0511,Aqua,MODIS,77,6.2,303.6,142.7,D,0
-17.4989,138.4913,339,3.9,1.8,2014-09-22,0511,Aqua,MODIS,85,6.2,305.4,220,D,0
-17.4826,138.4877,322.8,3.9,1.8,2014-09-22,0511,Aqua,MODIS,38,6.2,305.4,68.4,D,0
-19.4301,133.5058,335.9,1.5,1.2,2014-09-22,0511,Aqua,MODIS,35,6.2,320,25.3,D,0
-19.419,133.498,339.8,1.5,1.2,2014-09-22,0511,Aqua,MODIS,50,6.2,319.2,37.5,D,0
-19.4129,133.467,335.4,1.5,1.2,2014-09-22,0511,Aqua,MODIS,40,6.2,317.8,27.9,D,0
-19.4154,133.4526,350.7,1.5,1.2,2014-09-22,0511,Aqua,MODIS,93,6.2,319.6,78.8,D,0
-17.4587,132.0661,330.5,1.3,1.1,2014-09-22,0511,Aqua,MODIS,27,6.2,313.3,10.9,D,0
-17.4631,132.0613,332.9,1.3,1.1,2014-09-22,0511,Aqua,MODIS,64,6.2,313.2,15.8,D,0
-17.5965,138.4135,344.4,3.8,1.8,2014-09-22,0511,Aqua,MODIS,90,6.2,307.2,262.4,D,0
-17.5916,138.4075,349.7,3.8,1.8,2014-09-22,0511,Aqua,MODIS,94,6.2,308.9,338.1,D,0
-16.8619,135.4657,330.9,2.4,1.5,2014-09-22,0511,Aqua,MODIS,42,6.2,314.1,29.9,D,0
-20.6348,119.2514,326.8,3.8,1.8,2014-09-22,0511,Aqua,MODIS,60,6.2,316.3,59,D,0
-19.4178,133.4382,364.1,1.5,1.2,2014-09-22,0511,Aqua,MODIS,100,6.2,319.8,143,D,0
-19.4202,133.4239,328,1.5,1.2,2014-09-22,0511,Aqua,MODIS,40,6.2,314.5,15,D,0
-19.4045,133.4505,353.5,1.5,1.2,2014-09-22,0511,Aqua,MODIS,95,6.2,317.4,91.4,D,0
-19.4069,133.4361,399.4,1.5,1.2,2014-09-22,0511,Aqua,MODIS,100,6.2,323.6,425.2,D,0
-19.4093,133.4218,357.6,1.5,1.2,2014-09-22,0511,Aqua,MODIS,98,6.2,315.2,114.5,D,0
-17.278,138.6289,329.4,4,1.9,2014-09-22,0511,Aqua,MODIS,73,6.2,307.8,89.6,D,0
-17.2894,138.6235,326,4,1.9,2014-09-22,0511,Aqua,MODIS,42,6.2,307.7,62.5,D,0
-18.7339,128.8884,344.9,1,1,2014-09-22,0511,Aqua,MODIS,87,6.2,319.6,28.9,D,0
-19.5987,127.5773,332.4,1,1,2014-09-22,0511,Aqua,MODIS,27,6.2,317.3,10.6,D,0
-20.1375,127.3152,370.8,1.1,1,2014-09-22,0511,Aqua,MODIS,94,6.2,318.4,109.9,D,0
-18.5091,130.3448,332.2,1.1,1,2014-09-22,0511,Aqua,MODIS,13,6.2,317.7,10.2,D,0
-18.5168,130.3565,336.6,1.1,1,2014-09-22,0511,Aqua,MODIS,69,6.2,319.6,17.4,D,0
-20.1388,127.3049,360.2,1.1,1,2014-09-22,0511,Aqua,MODIS,87,6.2,318,73.9,D,0
-18.8821,130.0658,344.7,1,1,2014-09-22,0511,Aqua,MODIS,88,6.2,320.4,31.5,D,0
-18.7416,128.8993,344.1,1,1,2014-09-22,0511,Aqua,MODIS,86,6.2,317.9,27.9,D,0
-18.5183,130.3465,333.1,1.1,1,2014-09-22,0511,Aqua,MODIS,45,6.2,316.9,11.6,D,0
-18.0153,130.6286,336.2,1.1,1,2014-09-22,0511,Aqua,MODIS,73,6.2,319.6,15,D,0
-19.6032,127.5939,341,1,1,2014-09-22,0511,Aqua,MODIS,37,6.2,317.6,20.1,D,0
-17.524,131.9886,346.2,1.3,1.1,2014-09-22,0511,Aqua,MODIS,90,6.2,310.9,51.5,D,0
-17.4667,132.3421,338.2,1.4,1.2,2014-09-22,0511,Aqua,MODIS,41,6.2,315.9,29.3,D,0
-17.6991,130.9458,341.2,1.2,1.1,2014-09-22,0511,Aqua,MODIS,85,6.2,315.1,32.4,D,0
-17.7086,130.9474,330,1.2,1.1,2014-09-22,0511,Aqua,MODIS,53,6.2,316.1,12.6,D,0
-17.4802,131.887,380.4,1.3,1.1,2014-09-22,0511,Aqua,MODIS,100,6.2,311.2,205.3,D,0
-17.522,132.0009,335.2,1.3,1.1,2014-09-22,0511,Aqua,MODIS,40,6.2,312.6,23,D,0
-17.4783,131.8992,353,1.3,1.1,2014-09-22,0511,Aqua,MODIS,95,6.2,310.2,75.9,D,0
-17.4764,131.9114,333.2,1.3,1.1,2014-09-22,0511,Aqua,MODIS,68,6.2,309.9,20.9,D,0
-17.498,132.2814,331.2,1.4,1.2,2014-09-22,0511,Aqua,MODIS,53,6.2,316.7,15.5,D,0
-17.4904,131.8888,367.7,1.3,1.1,2014-09-22,0511,Aqua,MODIS,100,6.2,308.9,140.6,D,0
-17.4885,131.901,353.6,1.3,1.1,2014-09-22,0511,Aqua,MODIS,96,6.2,309.4,79.8,D,0
-17.4865,131.9132,333.7,1.3,1.1,2014-09-22,0511,Aqua,MODIS,60,6.2,308.6,22,D,0
-17.4891,131.8817,366.4,1.3,1.1,2014-09-22,0511,Aqua,MODIS,100,6.2,307,140.2,D,0
-17.4871,131.8938,393.7,1.3,1.1,2014-09-22,0511,Aqua,MODIS,100,6.2,313.7,303.8,D,0
-17.5,132.2685,333.4,1.4,1.2,2014-09-22,0511,Aqua,MODIS,70,6.2,316.8,20.2,D,0
-17.4851,131.906,346.3,1.3,1.1,2014-09-22,0511,Aqua,MODIS,91,6.2,310.5,59.1,D,0
-17.5054,131.9096,340.5,1.3,1.1,2014-09-22,0511,Aqua,MODIS,71,6.2,305.8,45.6,D,0
-17.7166,130.9598,327.6,1.2,1.1,2014-09-22,0511,Aqua,MODIS,22,6.2,314.1,9,D,0
-17.5382,131.9658,328.9,1.3,1.1,2014-09-22,0511,Aqua,MODIS,58,6.2,306.9,22.3,D,0
-17.4669,132.0804,334.8,1.3,1.1,2014-09-22,0511,Aqua,MODIS,66,6.2,313.5,20.5,D,0
-17.469,132.0679,339.9,1.3,1.1,2014-09-22,0511,Aqua,MODIS,85,6.2,313.6,32.3,D,0
-17.4954,131.9708,343.9,1.3,1.1,2014-09-22,0511,Aqua,MODIS,89,6.2,313.4,44,D,0
-17.4934,131.9831,338.5,1.3,1.1,2014-09-22,0511,Aqua,MODIS,56,6.2,313.5,28.6,D,0
-17.4894,132.0078,347.2,1.3,1.1,2014-09-22,0511,Aqua,MODIS,91,6.2,311.9,52.6,D,0
-17.5118,131.9991,342.8,1.3,1.1,2014-09-22,0511,Aqua,MODIS,88,6.2,311.4,41,D,0
-17.526,131.9763,337.2,1.3,1.1,2014-09-22,0511,Aqua,MODIS,38,6.2,309.2,32.3,D,0
-22.6976,118.0787,319.9,4.8,2,2014-09-22,0511,Aqua,MODIS,39,6.2,306,72.1,D,0
-22.6954,118.0856,320.3,4.8,2,2014-09-22,0511,Aqua,MODIS,47,6.2,306.2,76.2,D,0
-22.6773,118.0829,326.3,4.8,2,2014-09-22,0511,Aqua,MODIS,69,6.2,304.7,130,D,0
-18.7902,128.8848,338.5,1,1,2014-09-22,0511,Aqua,MODIS,79,6.2,320.3,18.1,D,0
-19.1584,128.8818,329.9,1,1,2014-09-22,0511,Aqua,MODIS,43,6.2,316.3,8.7,D,0
-22.6795,118.076,329,4.8,2,2014-09-22,0511,Aqua,MODIS,75,6.2,304.9,165.2,D,0
-19.1571,128.8912,332.2,1,1,2014-09-22,0511,Aqua,MODIS,67,6.2,316.8,11.2,D,0
-19.2034,128.889,337.7,1,1,2014-09-22,0511,Aqua,MODIS,79,6.2,317.3,20.2,D,0
-19.202,128.8985,348.8,1,1,2014-09-22,0511,Aqua,MODIS,91,6.2,316.2,39.9,D,0
-16.5668,124.297,401.6,1.4,1.2,2014-09-22,0512,Aqua,MODIS,100,6.2,322.7,400.6,D,0
-16.4261,127.9276,330.4,1,1,2014-09-22,0512,Aqua,MODIS,29,6.2,315.9,8.3,D,0
-16.0794,127.9695,339.4,1,1,2014-09-22,0512,Aqua,MODIS,55,6.2,313.8,23.3,D,0
-16.5774,124.2984,395.2,1.4,1.2,2014-09-22,0512,Aqua,MODIS,100,6.2,321,338.5,D,0
-16.6107,124.2897,341.5,1.4,1.2,2014-09-22,0512,Aqua,MODIS,64,6.2,315.7,38.2,D,0
-16.5343,124.2604,343.4,1.4,1.2,2014-09-22,0512,Aqua,MODIS,88,6.2,313.8,52.1,D,0
-16.536,124.2473,339.3,1.4,1.2,2014-09-22,0512,Aqua,MODIS,84,6.2,315.5,40.1,D,0
-14.4254,129.9518,332.8,1.1,1.1,2014-09-22,0512,Aqua,MODIS,43,6.2,317.2,11.4,D,0
-14.4365,129.9429,335.5,1.1,1.1,2014-09-22,0512,Aqua,MODIS,67,6.2,317.3,15.6,D,0
-14.4349,129.9532,352.8,1.1,1.1,2014-09-22,0512,Aqua,MODIS,95,6.2,316.6,54.9,D,0
-16.5355,124.1659,330.3,1.4,1.2,2014-09-22,0512,Aqua,MODIS,49,6.2,314.5,16.3,D,0
-16.6408,124.307,357.1,1.4,1.2,2014-09-22,0512,Aqua,MODIS,98,6.2,319.6,86.6,D,0
-16.6357,124.3464,373.3,1.4,1.2,2014-09-22,0512,Aqua,MODIS,100,6.2,314.5,183.8,D,0
-16.6341,124.3594,361.3,1.4,1.2,2014-09-22,0512,Aqua,MODIS,100,6.2,308.8,124.5,D,0
-16.6305,124.3521,370.8,1.4,1.2,2014-09-22,0512,Aqua,MODIS,100,6.2,308.7,165.9,D,0
-16.641,124.3534,371.4,1.4,1.2,2014-09-22,0512,Aqua,MODIS,100,6.2,314.8,164.3,D,0
-16.6475,124.3007,340.9,1.4,1.2,2014-09-22,0512,Aqua,MODIS,82,6.2,318.9,27.1,D,0
-16.6458,124.3141,351.5,1.4,1.2,2014-09-22,0512,Aqua,MODIS,94,6.2,317.3,59.5,D,0
-16.6442,124.3274,340.9,1.4,1.2,2014-09-22,0512,Aqua,MODIS,73,6.2,313.9,25.5,D,0
-16.6426,124.3405,358.8,1.4,1.2,2014-09-22,0512,Aqua,MODIS,99,6.2,314.9,94.7,D,0
-16.0279,128.0126,335.4,1,1,2014-09-22,0512,Aqua,MODIS,73,6.2,313.8,17.4,D,0
-15.8831,127.6072,334.1,1,1,2014-09-22,0512,Aqua,MODIS,69,6.2,315.5,12.4,D,0
-16.0175,128.0206,353,1,1,2014-09-22,0512,Aqua,MODIS,95,6.2,317.7,48.8,D,0
-16.0189,128.0113,379.3,1,1,2014-09-22,0512,Aqua,MODIS,100,6.2,322.7,130.8,D,0
-16.0202,128.002,352.3,1,1,2014-09-22,0512,Aqua,MODIS,94,6.2,318.9,48.1,D,0
-16.6213,124.2909,344.6,1.4,1.2,2014-09-22,0512,Aqua,MODIS,77,6.2,318.7,47,D,0
-16.1751,128.0763,332.5,1,1,2014-09-22,0512,Aqua,MODIS,30,6.2,315.3,13,D,0
-16.6391,124.3206,345.5,1.4,1.2,2014-09-22,0512,Aqua,MODIS,47,6.2,313.1,50.1,D,0
-14.4381,129.996,332.2,1.1,1.1,2014-09-22,0512,Aqua,MODIS,69,6.2,315.3,12.4,D,0
-14.4492,129.9873,340.7,1.1,1.1,2014-09-22,0512,Aqua,MODIS,84,6.2,316.3,27.2,D,0
-16.1764,128.067,353,1,1,2014-09-22,0512,Aqua,MODIS,95,6.2,316.6,49.6,D,0
-16.4122,128.5982,350.4,1,1,2014-09-22,0512,Aqua,MODIS,70,6.2,316.7,44.6,D,0
-16.4032,128.5968,328.8,1,1,2014-09-22,0512,Aqua,MODIS,23,6.2,310.7,10.1,D,0
-16.3969,128.5766,337.5,1,1,2014-09-22,0512,Aqua,MODIS,79,6.2,313,23.4,D,0
-16.1831,128.0205,359.8,1,1,2014-09-22,0512,Aqua,MODIS,99,6.2,315.9,67.3,D,0
-16.1844,128.0112,358.9,1,1,2014-09-22,0512,Aqua,MODIS,99,6.2,316.4,63.9,D,0
-16.1674,128.0656,333.7,1,1,2014-09-22,0512,Aqua,MODIS,59,6.2,317.1,14.6,D,0
-16.1688,128.0563,332.3,1,1,2014-09-22,0512,Aqua,MODIS,36,6.2,315.3,12.4,D,0
-16.1714,128.0377,365.4,1,1,2014-09-22,0512,Aqua,MODIS,100,6.2,315.5,82.5,D,0
-16.6988,124.321,340,1.4,1.2,2014-09-22,0512,Aqua,MODIS,59,6.2,318.9,28.3,D,0
-16.6865,124.3327,339.7,1.4,1.2,2014-09-22,0512,Aqua,MODIS,51,6.2,317.4,28.2,D,0
-16.1728,128.0284,350.1,1,1,2014-09-22,0512,Aqua,MODIS,92,6.2,316.7,42.4,D,0
-16.1741,128.0191,345,1,1,2014-09-22,0512,Aqua,MODIS,88,6.2,316.4,31.5,D,0
-16.1754,128.0098,355.3,1,1,2014-09-22,0512,Aqua,MODIS,96,6.2,317.1,53.3,D,0
-16.1624,128.0363,345.4,1,1,2014-09-22,0512,Aqua,MODIS,88,6.2,316.9,32.7,D,0
-16.1561,128.0163,338.8,1,1,2014-09-22,0512,Aqua,MODIS,80,6.2,316.4,18.1,D,0
-16.1574,128.007,335.6,1,1,2014-09-22,0512,Aqua,MODIS,63,6.2,316.8,14,D,0
-17.6975,123.2398,359.8,1.7,1.3,2014-09-22,0512,Aqua,MODIS,99,6.2,316.1,142.5,D,0
-17.6994,123.2235,379.4,1.7,1.3,2014-09-22,0512,Aqua,MODIS,100,6.2,323.7,285.5,D,0
-16.741,124.2786,334.5,1.4,1.2,2014-09-22,0512,Aqua,MODIS,63,6.2,319,19.9,D,0
-16.6285,124.319,354,1.4,1.2,2014-09-22,0512,Aqua,MODIS,87,6.2,314.8,82.2,D,0
-16.6197,124.3041,354,1.4,1.2,2014-09-22,0512,Aqua,MODIS,95,6.2,316.3,80.7,D,0
-17.6895,123.2317,333.1,1.7,1.3,2014-09-22,0512,Aqua,MODIS,46,6.2,317.4,23.3,D,0
-16.0781,127.9788,362.6,1,1,2014-09-22,0512,Aqua,MODIS,100,6.2,317.4,73.6,D,0
-16.0871,127.9802,356.4,1,1,2014-09-22,0512,Aqua,MODIS,97,6.2,315.7,57.4,D,0
-16.0858,127.9895,337.7,1,1,2014-09-22,0512,Aqua,MODIS,51,6.2,314.6,18.1,D,0
-14.4476,129.9977,361.7,1.1,1.1,2014-09-22,0512,Aqua,MODIS,100,6.2,316.7,83.4,D,0
-17.473,125.5001,338,1.2,1.1,2014-09-22,0512,Aqua,MODIS,73,6.2,317.5,21.9,D,0
-17.4715,125.5115,343.9,1.2,1.1,2014-09-22,0512,Aqua,MODIS,87,6.2,318.7,34.2,D,0
-17.5602,125.529,335.2,1.2,1.1,2014-09-22,0512,Aqua,MODIS,35,6.2,318.7,17.8,D,0
-17.5587,125.5405,344.5,1.2,1.1,2014-09-22,0512,Aqua,MODIS,86,6.2,318.4,37.6,D,0
-16.6352,124.313,355.6,1.4,1.2,2014-09-22,0512,Aqua,MODIS,97,6.2,317.8,74.6,D,0
-16.5652,124.31,343.6,1.4,1.2,2014-09-22,0512,Aqua,MODIS,88,6.2,309,53.1,D,0
-16.6369,124.2993,339.9,1.4,1.2,2014-09-22,0512,Aqua,MODIS,52,6.2,319.5,23.4,D,0
-16.1357,128.0257,329.7,1,1,2014-09-22,0512,Aqua,MODIS,32,6.2,317,9.8,D,0
-16.216,128.1112,332.1,1,1,2014-09-22,0512,Aqua,MODIS,67,6.2,315.8,12.4,D,0
-17.5686,125.5419,334.4,1.2,1.1,2014-09-22,0512,Aqua,MODIS,63,6.2,319.5,14.1,D,0
-16.6374,124.3336,344.5,1.4,1.2,2014-09-22,0512,Aqua,MODIS,89,6.2,311.4,56,D,0
-16.5338,124.1794,337.4,1.4,1.2,2014-09-22,0512,Aqua,MODIS,81,6.2,314.5,35.6,D,0
-16.57,124.2707,333.9,1.4,1.2,2014-09-22,0512,Aqua,MODIS,18,6.2,317.7,18.1,D,0
-16.5684,124.2839,356.9,1.4,1.2,2014-09-22,0512,Aqua,MODIS,98,6.2,320.9,92.8,D,0
-16.579,124.2854,359.5,1.4,1.2,2014-09-22,0512,Aqua,MODIS,99,6.2,322.3,103.3,D,0
-17.4261,127.4731,368.9,1,1,2014-09-22,0512,Aqua,MODIS,100,6.2,319.1,95.9,D,0
-14.0991,132.4401,341.6,1.6,1.2,2014-09-22,0512,Aqua,MODIS,86,6.2,307.8,61.1,D,0
-15.4353,128.8619,332.7,1,1,2014-09-22,0512,Aqua,MODIS,55,6.2,318.8,12,D,0
-14.0793,132.4216,390.1,1.6,1.2,2014-09-22,0512,Aqua,MODIS,100,6.2,310.6,369.8,D,0
-17.3139,127.5579,341.9,1,1,2014-09-22,0512,Aqua,MODIS,78,6.2,318.1,24.6,D,0
-17.28,127.5364,343.3,1,1,2014-09-22,0512,Aqua,MODIS,87,6.2,317.7,27.1,D,0
-17.2709,127.535,344.7,1,1,2014-09-22,0512,Aqua,MODIS,88,6.2,316.2,30.4,D,0
-17.2632,127.5241,335.4,1,1,2014-09-22,0512,Aqua,MODIS,65,6.2,317.3,15.3,D,0
-16.3851,127.8927,336.7,1,1,2014-09-22,0512,Aqua,MODIS,68,6.2,315.9,17.6,D,0
-16.3838,127.902,337.6,1,1,2014-09-22,0512,Aqua,MODIS,75,6.2,317.2,18.2,D,0
-16.3941,127.8941,336.2,1,1,2014-09-22,0512,Aqua,MODIS,76,6.2,316.9,18,D,0
-17.4117,127.5101,356.5,1,1,2014-09-22,0512,Aqua,MODIS,97,6.2,320.7,52.8,D,0
-14.2675,132.4675,333,1.6,1.2,2014-09-22,0512,Aqua,MODIS,74,6.2,308.7,29.1,D,0
-14.2699,132.4529,332.7,1.6,1.2,2014-09-22,0512,Aqua,MODIS,69,6.2,310.3,26.8,D,0
-14.2577,132.4599,335.4,1.6,1.2,2014-09-22,0512,Aqua,MODIS,78,6.2,308.6,35.8,D,0
-17.5562,127.4013,356.1,1,1,2014-09-22,0512,Aqua,MODIS,97,6.2,321.1,56.1,D,0
-17.5667,127.3931,335.8,1,1,2014-09-22,0512,Aqua,MODIS,70,6.2,318.4,16.4,D,0
-17.5654,127.4027,362.4,1,1,2014-09-22,0512,Aqua,MODIS,100,6.2,319.2,75.7,D,0
-17.564,127.4124,344.8,1,1,2014-09-22,0512,Aqua,MODIS,88,6.2,314.5,33.3,D,0
-17.4248,127.4827,367.7,1,1,2014-09-22,0512,Aqua,MODIS,100,6.2,317.6,89.8,D,0
-17.4208,127.5115,389.4,1,1,2014-09-22,0512,Aqua,MODIS,100,6.2,322.5,176.9,D,0
-17.4195,127.5211,373.2,1,1,2014-09-22,0512,Aqua,MODIS,100,6.2,321.5,107,D,0
-17.4286,127.5224,355.8,1,1,2014-09-22,0512,Aqua,MODIS,97,6.2,316.6,58.9,D,0
-17.4666,127.3813,327.7,1,1,2014-09-22,0512,Aqua,MODIS,31,6.2,315,6.9,D,0
-17.5458,127.4097,349.2,1,1,2014-09-22,0512,Aqua,MODIS,90,6.2,316.6,39.2,D,0
-17.2348,127.4612,331,1,1,2014-09-22,0512,Aqua,MODIS,37,6.2,316.7,8.9,D,0
-17.5549,127.411,349.8,1,1,2014-09-22,0512,Aqua,MODIS,93,6.2,315.1,41.6,D,0
-17.3243,127.5497,362.8,1,1,2014-09-22,0512,Aqua,MODIS,100,6.2,321.4,71.4,D,0
-17.323,127.5593,347.8,1,1,2014-09-22,0512,Aqua,MODIS,84,6.2,315.9,35.5,D,0
-17.3347,127.5416,340.8,1,1,2014-09-22,0512,Aqua,MODIS,72,6.2,320.9,20.6,D,0
-17.3333,127.5511,387.2,1,1,2014-09-22,0512,Aqua,MODIS,100,6.2,327.6,166.5,D,0
-17.332,127.5606,346.4,1,1,2014-09-22,0512,Aqua,MODIS,67,6.2,315.2,33.7,D,0
-17.3424,127.5525,410.8,1,1,2014-09-22,0512,Aqua,MODIS,100,6.2,326.2,310.3,D,0
-17.3515,127.5539,361.7,1,1,2014-09-22,0512,Aqua,MODIS,97,6.2,312.6,71.1,D,0
-17.3619,127.5457,339.1,1,1,2014-09-22,0512,Aqua,MODIS,22,6.2,315.9,20.4,D,0
-17.3605,127.5553,384.3,1,1,2014-09-22,0512,Aqua,MODIS,100,6.2,314.8,156.3,D,0
-17.3813,127.5389,344.4,1,1,2014-09-22,0512,Aqua,MODIS,78,6.2,317.2,29.7,D,0
-17.2111,127.4423,328.6,1,1,2014-09-22,0512,Aqua,MODIS,33,6.2,314.2,8.8,D,0
-17.2124,127.4329,332.5,1,1,2014-09-22,0512,Aqua,MODIS,63,6.2,313.6,14.1,D,0
-16.4388,127.9639,336.2,1,1,2014-09-22,0512,Aqua,MODIS,39,6.2,317.1,14.1,D,0
-17.3092,127.3255,333.5,1,1,2014-09-22,0512,Aqua,MODIS,66,6.2,318,12.1,D,0
-17.4435,127.2246,328.2,1,1,2014-09-22,0512,Aqua,MODIS,47,6.2,314.3,9.5,D,0
-14.2601,132.4453,330.7,1.6,1.2,2014-09-22,0512,Aqua,MODIS,57,6.2,310.4,21.9,D,0
-17.5361,125.9649,340.7,1.2,1.1,2014-09-22,0512,Aqua,MODIS,52,6.2,311.1,34.2,D,0
-14.1016,132.4255,332.5,1.6,1.2,2014-09-22,0512,Aqua,MODIS,64,6.2,308.4,33.4,D,0
-14.0904,132.4236,334.8,1.6,1.2,2014-09-22,0512,Aqua,MODIS,77,6.2,306.9,42,D,0
-16.6553,128.0574,339.4,1,1,2014-09-22,0512,Aqua,MODIS,81,6.2,318.9,21.4,D,0
-16.6539,128.0668,337.2,1,1,2014-09-22,0512,Aqua,MODIS,78,6.2,317.8,17.8,D,0
-17.4182,127.5306,349.9,1,1,2014-09-22,0512,Aqua,MODIS,74,6.2,314.5,41.8,D,0
-17.4091,127.5292,354.7,1,1,2014-09-22,0512,Aqua,MODIS,94,6.2,319,51.4,D,0
-17.4008,127.5322,360.4,1,1,2014-09-22,0512,Aqua,MODIS,100,6.2,319.1,67.8,D,0
-17.3904,127.5403,353.1,1,1,2014-09-22,0512,Aqua,MODIS,95,6.2,314.8,48.9,D,0
-17.3917,127.5308,358.2,1,1,2014-09-22,0512,Aqua,MODIS,98,6.2,321.2,60.2,D,0
-16.439,127.8972,329.7,1,1,2014-09-22,0512,Aqua,MODIS,26,6.2,315.9,9.2,D,0
-16.4351,127.9252,336.9,1,1,2014-09-22,0512,Aqua,MODIS,42,6.2,315.6,15.2,D,0
-17.6561,125.7394,349.2,1.2,1.1,2014-09-22,0512,Aqua,MODIS,88,6.2,313.4,51.6,D,0
-17.63,125.776,347.3,1.2,1.1,2014-09-22,0512,Aqua,MODIS,82,6.2,312.9,45.7,D,0
-17.6315,125.7649,337.4,1.2,1.1,2014-09-22,0512,Aqua,MODIS,27,6.2,316.7,20.9,D,0
-17.6374,125.7199,346.8,1.2,1.1,2014-09-22,0512,Aqua,MODIS,84,6.2,316.1,43.4,D,0
-16.4414,127.9452,340.5,1,1,2014-09-22,0512,Aqua,MODIS,29,6.2,318.3,18.9,D,0
-17.6389,125.7086,354.8,1.2,1.1,2014-09-22,0512,Aqua,MODIS,96,6.2,316.2,66.7,D,0
-16.4517,127.9373,337.5,1,1,2014-09-22,0512,Aqua,MODIS,28,6.2,317.7,17,D,0
-14.0895,132.4327,332.9,1.6,1.2,2014-09-22,0512,Aqua,MODIS,62,6.2,306.7,37.5,D,0
-14.0783,132.4307,347.4,1.6,1.2,2014-09-22,0512,Aqua,MODIS,91,6.2,305.2,86.1,D,0
-14.0807,132.4161,393.3,1.6,1.2,2014-09-22,0512,Aqua,MODIS,100,6.2,310.7,401.8,D,0
-14.083,132.4016,326.6,1.6,1.2,2014-09-22,0512,Aqua,MODIS,46,6.2,293.3,22.1,D,0
-17.4157,127.4814,351.4,1,1,2014-09-22,0512,Aqua,MODIS,92,6.2,318.7,42.8,D,0
-17.417,127.4718,351,1,1,2014-09-22,0512,Aqua,MODIS,93,6.2,319.7,44,D,0
-17.4075,127.4843,350.9,1,1,2014-09-22,0512,Aqua,MODIS,93,6.2,319.4,42.8,D,0
-17.4088,127.4747,338.6,1,1,2014-09-22,0512,Aqua,MODIS,52,6.2,320,19.2,D,0
-17.4091,127.4062,333.7,1,1,2014-09-22,0512,Aqua,MODIS,74,6.2,316.5,13.1,D,0
-14.9277,135.0628,330.3,2.4,1.5,2014-09-22,0512,Aqua,MODIS,71,6.2,307.6,60.2,D,0
-16.2158,136.1027,348.1,2.7,1.6,2014-09-22,0512,Aqua,MODIS,92,6.2,313.6,169,D,0
-14.9104,135.0823,327.3,2.4,1.5,2014-09-22,0512,Aqua,MODIS,62,6.2,305.7,49.8,D,0
-14.3962,134.2458,325.4,2.2,1.4,2014-09-22,0512,Aqua,MODIS,26,6.2,310.5,22.1,D,0
-14.3835,134.2433,328,2.2,1.4,2014-09-22,0512,Aqua,MODIS,62,6.2,308.7,31.6,D,0
-14.3136,134.4166,340.2,2.2,1.4,2014-09-22,0512,Aqua,MODIS,81,6.2,312.2,84.9,D,0
-14.292,134.3234,331.8,2.2,1.4,2014-09-22,0512,Aqua,MODIS,63,6.2,309.1,46.8,D,0
-16.2083,136.0802,338.3,2.7,1.6,2014-09-22,0512,Aqua,MODIS,84,6.2,315.3,93.8,D,0
-16.2177,136.1084,333.9,2.7,1.6,2014-09-22,0512,Aqua,MODIS,79,6.2,313.8,64.9,D,0
-15.4659,135.7411,327.5,2.7,1.6,2014-09-22,0512,Aqua,MODIS,63,6.2,308.9,47.3,D,0
-14.3039,134.4098,336,2.2,1.4,2014-09-22,0512,Aqua,MODIS,65,6.2,310.2,63.7,D,0
-14.8606,135.0499,334.9,2.4,1.5,2014-09-22,0512,Aqua,MODIS,79,6.2,305.2,82.5,D,0
-14.2951,134.3709,354.8,2.2,1.4,2014-09-22,0512,Aqua,MODIS,97,6.2,309.8,168,D,0
-14.9288,135.0224,324.9,2.4,1.5,2014-09-22,0512,Aqua,MODIS,38,6.2,306.1,35.9,D,0
-14.9248,135.0445,336.8,2.4,1.5,2014-09-22,0512,Aqua,MODIS,81,6.2,308.4,93.8,D,0
-14.3043,134.3937,339.6,2.2,1.4,2014-09-22,0512,Aqua,MODIS,81,6.2,312,78.1,D,0
-14.3013,134.3465,353.7,2.2,1.4,2014-09-22,0512,Aqua,MODIS,96,6.2,311.4,167.4,D,0
-14.3656,134.4979,330.3,2.3,1.5,2014-09-22,0512,Aqua,MODIS,38,6.2,308.9,34.8,D,0
-14.2979,134.3666,362,2.2,1.4,2014-09-22,0512,Aqua,MODIS,100,6.2,312.2,237.1,D,0
-14.4624,134.6939,324.7,2.3,1.5,2014-09-22,0512,Aqua,MODIS,39,6.2,307.4,26,D,0
-14.2986,134.351,365.8,2.2,1.4,2014-09-22,0512,Aqua,MODIS,100,6.2,311.5,263.7,D,0
-14.9208,135.0668,324.8,2.4,1.5,2014-09-22,0512,Aqua,MODIS,23,6.2,307.6,35.2,D,0
-16.2203,136.0774,363.9,2.7,1.6,2014-09-22,0512,Aqua,MODIS,100,6.2,317.6,337.3,D,0
-16.2224,136.083,366.3,2.7,1.6,2014-09-22,0512,Aqua,MODIS,100,6.2,316.9,368.9,D,0
-14.2885,134.3439,333.3,2.2,1.4,2014-09-22,0512,Aqua,MODIS,64,6.2,306.5,56.2,D,0
-14.3134,134.4328,339.6,2.2,1.4,2014-09-22,0512,Aqua,MODIS,85,6.2,309,86.4,D,0
-14.31,134.437,339.6,2.2,1.4,2014-09-22,0512,Aqua,MODIS,85,6.2,308,86.7,D,0
-14.9033,135.0863,327,2.4,1.5,2014-09-22,0512,Aqua,MODIS,55,6.2,306.2,46,D,0
-14.3074,134.3894,333.6,2.2,1.4,2014-09-22,0512,Aqua,MODIS,53,6.2,313.2,46.8,D,0
-15.8236,136.2458,338.9,2.9,1.6,2014-09-22,0512,Aqua,MODIS,84,6.2,311.3,111.5,D,0
-15.8233,136.2411,336.3,2.9,1.6,2014-09-22,0512,Aqua,MODIS,81,6.2,311.7,94.7,D,0
-14.3802,134.2626,336.2,2.2,1.4,2014-09-22,0512,Aqua,MODIS,81,6.2,309.1,65.2,D,0
-14.9316,135.0404,337.3,2.4,1.5,2014-09-22,0512,Aqua,MODIS,82,6.2,307.7,97.3,D,0
-15.4568,135.7468,325.2,2.7,1.6,2014-09-22,0512,Aqua,MODIS,55,6.2,309.2,36.9,D,0
-14.3929,134.2653,336.2,2.2,1.4,2014-09-22,0512,Aqua,MODIS,81,6.2,311.1,64.5,D,0
-13.4739,135.0001,330.3,2.6,1.5,2014-09-22,0512,Aqua,MODIS,72,6.2,307.9,57.3,D,0
-13.4698,135.0235,351.7,2.6,1.5,2014-09-22,0512,Aqua,MODIS,95,6.2,306.8,203.2,D,0
-17.2016,132.343,330.7,1.4,1.2,2014-09-22,0512,Aqua,MODIS,49,6.2,318.2,9.8,D,0
-17.1911,132.3411,331.5,1.4,1.2,2014-09-22,0512,Aqua,MODIS,46,6.2,316.8,12.6,D,0
-17.1291,132.283,331.8,1.4,1.2,2014-09-22,0512,Aqua,MODIS,35,6.2,313.2,20.4,D,0
-17.1166,132.2941,336.6,1.4,1.2,2014-09-22,0512,Aqua,MODIS,53,6.2,314.9,28.1,D,0
-17.1187,132.2811,345.9,1.4,1.2,2014-09-22,0512,Aqua,MODIS,90,6.2,314.8,56.3,D,0
-17.4576,131.8331,334.1,1.3,1.1,2014-09-22,0512,Aqua,MODIS,72,6.2,308.3,30.8,D,0
-17.4595,131.8211,355,1.3,1.1,2014-09-22,0512,Aqua,MODIS,97,6.2,309.1,89.4,D,0
-17.4436,131.8556,349.8,1.3,1.1,2014-09-22,0512,Aqua,MODIS,93,6.2,310.3,65.1,D,0
-17.4455,131.8434,367,1.3,1.1,2014-09-22,0512,Aqua,MODIS,100,6.2,310.9,131.4,D,0
-17.4475,131.8313,349.8,1.3,1.1,2014-09-22,0512,Aqua,MODIS,93,6.2,307.4,69.1,D,0
-17.4494,131.8193,338.8,1.3,1.1,2014-09-22,0512,Aqua,MODIS,83,6.2,305.2,41.7,D,0
-17.4335,131.8538,328.2,1.3,1.1,2014-09-22,0512,Aqua,MODIS,44,6.2,307.6,11.5,D,0
-17.4292,131.8157,341.6,1.3,1.1,2014-09-22,0512,Aqua,MODIS,86,6.2,307.7,50.2,D,0
-17.4172,131.826,341.2,1.3,1.1,2014-09-22,0512,Aqua,MODIS,86,6.2,309.6,47,D,0
-17.4191,131.8139,357.5,1.3,1.1,2014-09-22,0512,Aqua,MODIS,98,6.2,308.7,99.6,D,0
-17.4051,131.8363,339.4,1.3,1.1,2014-09-22,0512,Aqua,MODIS,75,6.2,309.6,36.7,D,0
-17.4049,131.8418,333.9,1.3,1.1,2014-09-22,0512,Aqua,MODIS,57,6.2,311.3,21.1,D,0
-17.3948,131.84,328.1,1.3,1.1,2014-09-22,0512,Aqua,MODIS,46,6.2,308.5,11.1,D,0
-17.3967,131.8279,332.7,1.3,1.1,2014-09-22,0512,Aqua,MODIS,48,6.2,308.2,21.7,D,0
-17.3885,131.8141,347.1,1.3,1.1,2014-09-22,0512,Aqua,MODIS,91,6.2,312.1,56.8,D,0
-17.3904,131.802,343.7,1.3,1.1,2014-09-22,0512,Aqua,MODIS,81,6.2,309.7,50.4,D,0
-17.3842,131.7761,332,1.3,1.1,2014-09-22,0512,Aqua,MODIS,43,6.2,307.9,25.2,D,0
-17.3861,131.7641,348,1.3,1.1,2014-09-22,0512,Aqua,MODIS,92,6.2,308.4,66.1,D,0
-17.3741,131.7743,348,1.3,1.1,2014-09-22,0512,Aqua,MODIS,92,6.2,308.2,64.3,D,0
-17.376,131.7623,330.9,1.3,1.1,2014-09-22,0512,Aqua,MODIS,60,6.2,306.9,25.1,D,0
-17.3621,131.7846,339.8,1.3,1.1,2014-09-22,0512,Aqua,MODIS,78,6.2,307.8,42.9,D,0
-16.7025,132.7303,355.7,1.5,1.2,2014-09-22,0512,Aqua,MODIS,97,6.2,315,103.9,D,0
-17.46,131.8834,332.6,1.3,1.1,2014-09-22,0512,Aqua,MODIS,75,6.2,308.8,23.2,D,0
-17.4416,131.8677,340.6,1.3,1.1,2014-09-22,0512,Aqua,MODIS,85,6.2,309.8,37.9,D,0
-17.4295,131.878,336.2,1.3,1.1,2014-09-22,0512,Aqua,MODIS,80,6.2,311.4,26.7,D,0
-17.4315,131.8659,332.4,1.3,1.1,2014-09-22,0512,Aqua,MODIS,65,6.2,310.1,18.7,D,0
-17.2112,131.7702,328.4,1.3,1.1,2014-09-22,0512,Aqua,MODIS,23,6.2,310.5,14.7,D,0
-17.1711,131.8255,342.5,1.3,1.1,2014-09-22,0512,Aqua,MODIS,83,6.2,314.8,40,D,0
-17.1809,131.7649,333.3,1.3,1.1,2014-09-22,0512,Aqua,MODIS,54,6.2,311,22.6,D,0
-17.1649,131.7994,340.6,1.3,1.1,2014-09-22,0512,Aqua,MODIS,77,6.2,315.6,35,D,0
-17.1669,131.7872,345.3,1.3,1.1,2014-09-22,0512,Aqua,MODIS,89,6.2,312.4,47.8,D,0
-15.16,134.3241,333.2,2.1,1.4,2014-09-22,0512,Aqua,MODIS,74,6.2,307.6,51.7,D,0
-17.1663,132.2299,336.3,1.4,1.2,2014-09-22,0512,Aqua,MODIS,80,6.2,316.3,28.5,D,0
-17.3068,131.8188,343.5,1.3,1.1,2014-09-22,0512,Aqua,MODIS,52,6.2,309.9,47.5,D,0
-17.2581,131.7978,328.5,1.3,1.1,2014-09-22,0512,Aqua,MODIS,44,6.2,310.1,19.1,D,0
-17.248,131.796,336.8,1.3,1.1,2014-09-22,0512,Aqua,MODIS,77,6.2,311,32.1,D,0
-17.25,131.7839,336.1,1.3,1.1,2014-09-22,0512,Aqua,MODIS,76,6.2,309.5,31.3,D,0
-16.6977,132.7587,337.4,1.5,1.2,2014-09-22,0512,Aqua,MODIS,55,6.2,315.7,35.8,D,0
-16.7002,132.7444,362.8,1.5,1.2,2014-09-22,0512,Aqua,MODIS,100,6.2,316.2,137.9,D,0
-16.691,132.7798,330.8,1.5,1.2,2014-09-22,0512,Aqua,MODIS,33,6.2,316.9,21,D,0
-16.6957,132.7514,353.6,1.5,1.2,2014-09-22,0512,Aqua,MODIS,96,6.2,317.4,92.6,D,0
-16.698,132.7372,364.3,1.5,1.2,2014-09-22,0512,Aqua,MODIS,100,6.2,317.8,144.3,D,0
-16.7003,132.7231,338.7,1.5,1.2,2014-09-22,0512,Aqua,MODIS,79,6.2,315.8,40.1,D,0
-17.208,132.0416,332.8,1.3,1.1,2014-09-22,0512,Aqua,MODIS,25,6.2,314.1,18.9,D,0
-17.1956,131.9881,337,1.3,1.1,2014-09-22,0512,Aqua,MODIS,71,6.2,316.4,26.4,D,0
-17.1883,131.9801,337.7,1.3,1.1,2014-09-22,0512,Aqua,MODIS,51,6.2,314.3,30.9,D,0
-17.1903,131.9677,334.8,1.3,1.1,2014-09-22,0512,Aqua,MODIS,26,6.2,314.5,23,D,0
-17.1738,131.9394,342.4,1.3,1.1,2014-09-22,0512,Aqua,MODIS,85,6.2,312,43,D,0
-17.3242,131.89,332.5,1.3,1.1,2014-09-22,0512,Aqua,MODIS,63,6.2,309.7,20,D,0
-17.312,131.9004,365.1,1.3,1.1,2014-09-22,0512,Aqua,MODIS,100,6.2,315.8,120.7,D,0
-17.314,131.8882,363.8,1.3,1.1,2014-09-22,0512,Aqua,MODIS,100,6.2,312.5,113.8,D,0
-17.316,131.876,352.8,1.3,1.1,2014-09-22,0512,Aqua,MODIS,95,6.2,309.4,71.6,D,0
-17.3054,131.8936,328.6,1.3,1.1,2014-09-22,0512,Aqua,MODIS,28,6.2,313,12,D,0
-17.2792,131.9268,325.4,1.3,1.1,2014-09-22,0512,Aqua,MODIS,30,6.2,311.3,7.5,D,0
-17.2807,131.8516,330.3,1.3,1.1,2014-09-22,0512,Aqua,MODIS,23,6.2,309.9,18.7,D,0
-16.7398,132.7083,337,1.5,1.2,2014-09-22,0512,Aqua,MODIS,80,6.2,318.3,35,D,0
-16.702,130.7188,352.1,1.2,1.1,2014-09-22,0512,Aqua,MODIS,94,6.2,316.3,55.1,D,0
-16.7037,130.7081,341.2,1.2,1.1,2014-09-22,0512,Aqua,MODIS,83,6.2,316.7,28.6,D,0
-16.7103,130.6655,350.9,1.1,1.1,2014-09-22,0512,Aqua,MODIS,93,6.2,319.3,52.3,D,0
-16.6924,130.7171,345.2,1.2,1.1,2014-09-22,0512,Aqua,MODIS,88,6.2,316.4,38.4,D,0
-16.6941,130.7064,334,1.2,1.1,2014-09-22,0512,Aqua,MODIS,61,6.2,318.2,15.2,D,0
-16.7007,130.6638,348,1.1,1.1,2014-09-22,0512,Aqua,MODIS,90,6.2,318.8,44.4,D,0
-16.7024,130.6532,331.2,1.1,1.1,2014-09-22,0512,Aqua,MODIS,42,6.2,318.4,11.4,D,0
-17.1513,131.9481,339.6,1.3,1.1,2014-09-22,0512,Aqua,MODIS,51,6.2,311.9,38,D,0
-17.1533,131.9357,338.6,1.3,1.1,2014-09-22,0512,Aqua,MODIS,58,6.2,314.6,36.4,D,0
-17.1351,131.9834,326.4,1.3,1.1,2014-09-22,0512,Aqua,MODIS,42,6.2,312.4,14.4,D,0
-17.1371,131.971,328.4,1.3,1.1,2014-09-22,0512,Aqua,MODIS,53,6.2,312.4,18.1,D,0
-16.746,135.5457,329.7,2.4,1.5,2014-09-22,0512,Aqua,MODIS,69,6.2,312.7,42,D,0
-15.1593,134.3169,329.1,2.1,1.4,2014-09-22,0512,Aqua,MODIS,39,6.2,307.3,31.2,D,0
-15.156,134.3364,330.5,2.1,1.4,2014-09-22,0512,Aqua,MODIS,55,6.2,308.6,37.7,D,0
-13.4905,135.1485,328.1,2.6,1.6,2014-09-22,0512,Aqua,MODIS,67,6.2,306.2,46.7,D,0
-17.1082,132.2793,329.6,1.4,1.2,2014-09-22,0512,Aqua,MODIS,47,6.2,313.4,16.4,D,0
-13.4792,135.0198,326.7,2.6,1.5,2014-09-22,0512,Aqua,MODIS,47,6.2,305.5,38.2,D,0
-13.4654,135.0173,352.5,2.6,1.5,2014-09-22,0512,Aqua,MODIS,95,6.2,307.3,211.8,D,0
-14.9929,134.3005,326.7,2.1,1.4,2014-09-22,0512,Aqua,MODIS,38,6.2,306.1,26.3,D,0
-13.4973,135.0284,327.4,2.6,1.5,2014-09-22,0512,Aqua,MODIS,48,6.2,306.8,35.1,D,0
-15.1668,134.2852,325.4,2.1,1.4,2014-09-22,0512,Aqua,MODIS,42,6.2,308.4,25.3,D,0
-13.2921,134.552,344.4,2.4,1.5,2014-09-22,0512,Aqua,MODIS,89,6.2,311.2,125.9,D,0
-13.2883,134.5738,325.3,2.4,1.5,2014-09-22,0512,Aqua,MODIS,47,6.2,309.9,26.9,D,0
-17.4682,131.8974,328.7,1.3,1.1,2014-09-22,0512,Aqua,MODIS,62,6.2,306.3,15.3,D,0
-13.9657,133.6782,376,2,1.4,2014-09-22,0512,Aqua,MODIS,100,6.2,315.6,329.2,D,0
-13.9659,133.6291,368.3,2,1.4,2014-09-22,0512,Aqua,MODIS,100,6.2,312.7,245.3,D,0
-13.9747,133.6237,355.8,2,1.4,2014-09-22,0512,Aqua,MODIS,97,6.2,313.1,148.4,D,0
-13.9811,133.6877,342.7,2,1.4,2014-09-22,0512,Aqua,MODIS,76,6.2,313.9,77.7,D,0
-13.9503,133.6191,347.4,2,1.4,2014-09-22,0512,Aqua,MODIS,86,6.2,307.8,110.3,D,0
-14.0056,133.7678,335.5,2,1.4,2014-09-22,0512,Aqua,MODIS,56,6.2,311.4,49.8,D,0
-14.1525,132.4648,328.8,1.6,1.2,2014-09-22,0512,Aqua,MODIS,61,6.2,307.3,20.9,D,0
-13.9628,133.6474,352.3,2,1.4,2014-09-22,0512,Aqua,MODIS,95,6.2,310.2,130.9,D,0
-13.978,133.7059,393.5,2,1.4,2014-09-22,0512,Aqua,MODIS,100,6.2,315.6,548.1,D,0
-13.9748,133.7243,341.8,2,1.4,2014-09-22,0512,Aqua,MODIS,71,6.2,306.3,85,D,0
-13.9687,133.6602,356.8,2,1.4,2014-09-22,0512,Aqua,MODIS,91,6.2,312.7,158.5,D,0
-13.9871,133.7265,373.8,2,1.4,2014-09-22,0512,Aqua,MODIS,100,6.2,315.4,309.3,D,0
-13.984,133.7449,361.8,2,1.4,2014-09-22,0512,Aqua,MODIS,100,6.2,309.7,207.7,D,0
-13.9533,133.6011,345.9,2,1.4,2014-09-22,0512,Aqua,MODIS,90,6.2,312.8,102.2,D,0
-13.9782,133.6314,345.5,2,1.4,2014-09-22,0512,Aqua,MODIS,90,6.2,314.1,86.2,D,0
-13.9657,133.7037,352.1,2,1.4,2014-09-22,0512,Aqua,MODIS,95,6.2,305.5,142.8,D,0
-13.9688,133.6856,383.2,2,1.4,2014-09-22,0512,Aqua,MODIS,100,6.2,316.8,408,D,0
-13.972,133.7168,353.8,2,1.4,2014-09-22,0512,Aqua,MODIS,96,6.2,306.3,156.4,D,0
-13.9627,133.6963,349,2,1.4,2014-09-22,0512,Aqua,MODIS,92,6.2,306.8,125.4,D,0
-13.975,133.6985,382.2,2,1.4,2014-09-22,0512,Aqua,MODIS,100,6.2,316.2,402.7,D,0
-13.9441,133.5809,333.7,2,1.4,2014-09-22,0512,Aqua,MODIS,68,6.2,311.2,49.6,D,0
-13.9964,133.7471,342.6,2,1.4,2014-09-22,0512,Aqua,MODIS,74,6.2,314.6,83.5,D,0
-13.9411,133.5988,387,2,1.4,2014-09-22,0512,Aqua,MODIS,100,6.2,311.9,454.9,D,0
-13.5675,135.3223,323.6,2.7,1.6,2014-09-22,0512,Aqua,MODIS,31,6.2,304.6,36.7,D,0
-14.1637,132.4667,332.2,1.6,1.2,2014-09-22,0512,Aqua,MODIS,65,6.2,308,29,D,0
-13.975,133.6497,347,2,1.4,2014-09-22,0512,Aqua,MODIS,91,6.2,313.7,94.3,D,0
-13.9719,133.6676,362.9,2,1.4,2014-09-22,0512,Aqua,MODIS,100,6.2,314.6,200.9,D,0
-13.9717,133.6421,370.4,2,1.4,2014-09-22,0512,Aqua,MODIS,100,6.2,314.5,262.5,D,0
-12.3237,132.3196,326.8,1.7,1.3,2014-09-22,0513,Aqua,MODIS,49,6.2,307,26.9,D,0
-12.2323,135.4362,347.6,2.9,1.6,2014-09-22,0513,Aqua,MODIS,92,6.2,300.5,223.5,D,0
-11.4462,132.5569,327.2,1.8,1.3,2014-09-22,0513,Aqua,MODIS,52,6.2,304.6,33.7,D,0
-11.5125,132.8957,335,1.9,1.4,2014-09-22,0513,Aqua,MODIS,82,6.2,306.5,54.9,D,0
-12.3099,133.8473,328.4,2.2,1.4,2014-09-22,0513,Aqua,MODIS,66,6.2,311,32,D,0
-11.5203,132.8898,328.4,1.9,1.4,2014-09-22,0513,Aqua,MODIS,63,6.2,307.8,32.3,D,0
-12.7628,132.792,359.4,1.8,1.3,2014-09-22,0513,Aqua,MODIS,99,6.2,313.2,152.6,D,0
-12.3743,134.6223,326.5,2.5,1.5,2014-09-22,0513,Aqua,MODIS,51,6.2,307.1,38,D,0
-12.2118,135.4522,325.9,2.9,1.6,2014-09-22,0513,Aqua,MODIS,63,6.2,294.8,64.2,D,0
-13.0787,130.7785,335.2,1.3,1.1,2014-09-22,0513,Aqua,MODIS,53,6.2,305.5,29.8,D,0
-12.7511,132.79,332.5,1.8,1.3,2014-09-22,0513,Aqua,MODIS,50,6.2,309.8,27.8,D,0
-12.2276,135.4627,354.9,2.9,1.6,2014-09-22,0513,Aqua,MODIS,97,6.2,297.5,300.2,D,0
-13.7563,129.9161,335.4,1.1,1.1,2014-09-22,0513,Aqua,MODIS,74,6.2,311,27.3,D,0
-11.5276,130.2933,333.1,1.3,1.1,2014-09-22,0513,Aqua,MODIS,80,6.2,307.2,21.9,D,0
-11.5294,130.2818,325.3,1.3,1.1,2014-09-22,0513,Aqua,MODIS,41,6.2,307.1,8.6,D,0
-11.4821,130.3215,329.3,1.3,1.1,2014-09-22,0513,Aqua,MODIS,68,6.2,308,14.1,D,0
-11.4416,130.3934,328.4,1.3,1.1,2014-09-22,0513,Aqua,MODIS,0,6.2,301.9,23.2,D,0
-11.4434,130.3816,324.1,1.3,1.1,2014-09-22,0513,Aqua,MODIS,38,6.2,305.3,13.9,D,0
-13.7579,129.9057,344.9,1.1,1.1,2014-09-22,0513,Aqua,MODIS,89,6.2,312.8,45.7,D,0
-13.079,130.2582,356.9,1.2,1.1,2014-09-22,0513,Aqua,MODIS,98,6.2,306.1,81.7,D,0
-11.7504,130.1084,325.3,1.2,1.1,2014-09-22,0513,Aqua,MODIS,59,6.2,306.7,14.8,D,0
-12.3401,132.2909,329.6,1.7,1.3,2014-09-22,0513,Aqua,MODIS,55,6.2,306.4,29.2,D,0
-13.0641,130.2898,333.2,1.2,1.1,2014-09-22,0513,Aqua,MODIS,75,6.2,306.5,27.5,D,0
-13.6282,130.2168,334.3,1.2,1.1,2014-09-22,0513,Aqua,MODIS,41,6.2,310.8,22.3,D,0
-11.7817,130.1779,328.3,1.2,1.1,2014-09-22,0513,Aqua,MODIS,71,6.2,305.3,20.7,D,0
-13.6345,130.2399,343.7,1.2,1.1,2014-09-22,0513,Aqua,MODIS,82,6.2,310.8,40.5,D,0
-11.7487,130.1197,330.9,1.2,1.1,2014-09-22,0513,Aqua,MODIS,75,6.2,304.3,24.6,D,0
-11.7586,130.1212,332.7,1.2,1.1,2014-09-22,0513,Aqua,MODIS,78,6.2,305.8,28.1,D,0
-13.6328,130.2508,332.2,1.2,1.1,2014-09-22,0513,Aqua,MODIS,45,6.2,307.3,18.4,D,0
-11.9796,133.7031,350.8,2.2,1.4,2014-09-22,0513,Aqua,MODIS,94,6.2,306,141.2,D,0
-12.5968,132.6835,393.4,1.8,1.3,2014-09-22,0513,Aqua,MODIS,100,6.2,314.6,468.5,D,0
-11.5155,132.8782,358.3,1.9,1.4,2014-09-22,0513,Aqua,MODIS,99,6.2,308.8,171.1,D,0
-11.9574,133.6787,345.3,2.2,1.4,2014-09-22,0513,Aqua,MODIS,90,6.2,305.7,110.8,D,0
-11.9578,133.6717,337,2.2,1.4,2014-09-22,0513,Aqua,MODIS,74,6.2,306.5,68.4,D,0
-12.5994,132.6675,349,1.8,1.3,2014-09-22,0513,Aqua,MODIS,93,6.2,309.8,105.2,D,0
-11.635,131.2411,327.7,1.5,1.2,2014-09-22,0513,Aqua,MODIS,70,6.2,309.1,19.1,D,0
-11.6136,131.2375,329.9,1.5,1.2,2014-09-22,0513,Aqua,MODIS,65,6.2,309.4,20.6,D,0
-12.6058,132.7019,332.6,1.8,1.3,2014-09-22,0513,Aqua,MODIS,41,6.2,307.9,36.5,D,0
-13.0167,135.5822,325,2.9,1.6,2014-09-22,0513,Aqua,MODIS,55,6.2,306.5,33.8,D,0
-12.1323,134.2102,332.9,2.4,1.5,2014-09-22,0513,Aqua,MODIS,72,6.2,302.7,74.8,D,0
-13.0312,135.5851,327.4,2.9,1.6,2014-09-22,0513,Aqua,MODIS,66,6.2,305.3,47.6,D,0
-12.1266,134.2143,335.5,2.4,1.5,2014-09-22,0513,Aqua,MODIS,69,6.2,303.6,85.2,D,0
-12.8271,135.7,326.8,3,1.6,2014-09-22,0513,Aqua,MODIS,64,6.2,305.6,55.6,D,0
-12.857,135.7132,337.7,3,1.6,2014-09-22,0513,Aqua,MODIS,83,6.2,306.7,126.9,D,0
-11.5082,132.8876,346.6,1.9,1.4,2014-09-22,0513,Aqua,MODIS,93,6.2,306.9,106.9,D,0
-11.6243,131.2393,331.7,1.5,1.2,2014-09-22,0513,Aqua,MODIS,72,6.2,309,26.2,D,0
-12.7259,132.831,338.9,1.8,1.3,2014-09-22,0513,Aqua,MODIS,83,6.2,312.2,49.9,D,0
-12.6085,132.6856,335.4,1.8,1.3,2014-09-22,0513,Aqua,MODIS,65,6.2,305.2,47.2,D,0
-12.722,132.8187,336.4,1.8,1.3,2014-09-22,0513,Aqua,MODIS,77,6.2,309.8,42,D,0
-12.7286,132.8146,333,1.8,1.3,2014-09-22,0513,Aqua,MODIS,58,6.2,311.1,29.5,D,0
-12.119,134.2078,326.1,2.4,1.5,2014-09-22,0513,Aqua,MODIS,49,6.2,304.1,47.5,D,0
-12.7421,132.7716,331.6,1.8,1.3,2014-09-22,0513,Aqua,MODIS,65,6.2,310.2,26.6,D,0
-11.511,132.8702,340.5,1.9,1.4,2014-09-22,0513,Aqua,MODIS,90,6.2,307.1,74.6,D,0
-11.4659,131.1466,373.2,1.4,1.2,2014-09-22,0513,Aqua,MODIS,100,6.2,313.7,190.1,D,0
-12.8417,135.7029,328.8,3,1.6,2014-09-22,0513,Aqua,MODIS,68,6.2,306.3,64.2,D,0
-12.862,135.6863,325.4,3,1.6,2014-09-22,0513,Aqua,MODIS,50,6.2,307.4,40.8,D,0
-12.8564,135.7056,341.2,3,1.6,2014-09-22,0513,Aqua,MODIS,87,6.2,307.1,153.7,D,0
-11.654,131.19,330.6,1.4,1.2,2014-09-22,0513,Aqua,MODIS,75,6.2,311.7,24,D,0
-11.6561,131.1768,325.8,1.4,1.2,2014-09-22,0513,Aqua,MODIS,56,6.2,308.7,13.9,D,0
-11.5392,131.2593,328,1.5,1.2,2014-09-22,0513,Aqua,MODIS,48,6.2,310.2,13.5,D,0
-11.4746,131.2295,337.5,1.5,1.2,2014-09-22,0513,Aqua,MODIS,54,6.2,313.3,40.8,D,0
-11.4639,131.2277,342.3,1.5,1.2,2014-09-22,0513,Aqua,MODIS,0,6.2,308.2,59,D,0
-11.4702,131.1879,333.8,1.5,1.2,2014-09-22,0513,Aqua,MODIS,51,6.2,311.2,30.2,D,0
-11.4723,131.1747,335.6,1.4,1.2,2014-09-22,0513,Aqua,MODIS,63,6.2,312.3,33.9,D,0
-11.4617,131.1728,344.4,1.4,1.2,2014-09-22,0513,Aqua,MODIS,90,6.2,310.6,62,D,0
-11.4638,131.1597,358.3,1.4,1.2,2014-09-22,0513,Aqua,MODIS,99,6.2,311,112.7,D,0
-12.8591,134.8429,329.5,2.6,1.5,2014-09-22,0513,Aqua,MODIS,44,6.2,311.1,39.8,D,0
-12.7483,132.7674,328,1.8,1.3,2014-09-22,0513,Aqua,MODIS,56,6.2,309.9,17.3,D,0
-11.9546,133.6914,333.7,2.2,1.4,2014-09-22,0513,Aqua,MODIS,61,6.2,304.9,56.1,D,0
-12.8527,134.8343,333.7,2.6,1.5,2014-09-22,0513,Aqua,MODIS,57,6.2,310.8,54,D,0
-34.4601,150.8791,318.1,1,1,2014-09-22,1253,Terra,MODIS,96,6.2,286.3,19.7,N,0
-31.2214,146.914,317.4,1.1,1,2014-09-22,1254,Terra,MODIS,95,6.2,273.6,21.8,N,0
-14.268,134.3566,306.4,4.4,1.9,2014-09-22,1259,Terra,MODIS,68,6.2,293.8,53.1,N,0
-14.9268,145.1103,319.5,1,1,2014-09-22,1259,Terra,MODIS,99,6.2,292.5,16.7,N,0
-13.0278,142.9165,305.2,1.1,1,2014-09-22,1259,Terra,MODIS,63,6.2,288.4,7,N,0
-14.9863,145.1444,301.3,1,1,2014-09-22,1259,Terra,MODIS,29,6.2,290.8,5,N,0
-14.2695,134.3613,309.1,4.4,1.9,2014-09-22,1259,Terra,MODIS,64,6.2,294,67.9,N,0
-14.9358,145.1117,304,1,1,2014-09-22,1259,Terra,MODIS,46,6.2,290.9,5.6,N,0
-15.3005,145.0697,303,1,1,2014-09-22,1259,Terra,MODIS,53,6.2,291.8,4.9,N,0
-17.0991,138.6163,301.9,2.3,1.5,2014-09-22,1259,Terra,MODIS,19,6.2,289.4,15.8,N,0
-17.0751,138.5918,307.9,2.3,1.5,2014-09-22,1259,Terra,MODIS,26,6.2,289.2,26.6,N,0
-17.0652,138.5852,309.4,2.3,1.5,2014-09-22,1259,Terra,MODIS,77,6.2,288.7,32.5,N,0
-15.2427,141.6587,315,1.3,1.1,2014-09-22,1259,Terra,MODIS,90,6.2,291.9,18.4,N,0
-17.0483,138.4963,339.9,2.3,1.5,2014-09-22,1259,Terra,MODIS,100,6.2,291.2,150.3,N,0
-15.4451,145.0222,310,1,1,2014-09-22,1259,Terra,MODIS,79,6.2,290.5,9.4,N,0
-14.8312,142.8323,304.9,1.1,1.1,2014-09-22,1259,Terra,MODIS,62,6.2,291.9,5.9,N,0
-14.7032,142.0484,306.4,1.2,1.1,2014-09-22,1259,Terra,MODIS,68,6.2,292,8.4,N,0
-14.7017,142.0596,302.8,1.2,1.1,2014-09-22,1259,Terra,MODIS,51,6.2,292,5.6,N,0
-15.4464,145.0129,303,1,1,2014-09-22,1259,Terra,MODIS,53,6.2,290.6,4.9,N,0
-14.8366,142.829,305.6,1.1,1.1,2014-09-22,1259,Terra,MODIS,39,6.2,291.4,6.1,N,0
-16.0256,144.4242,308,1,1,2014-09-22,1259,Terra,MODIS,28,6.2,288.8,7,N,0
-16.036,144.4161,309.5,1,1,2014-09-22,1259,Terra,MODIS,41,6.2,289.3,8.1,N,0
-15.2442,141.6467,314.5,1.3,1.1,2014-09-22,1259,Terra,MODIS,89,6.2,291.1,18,N,0
-15.1748,143.7296,307.7,1,1,2014-09-22,1259,Terra,MODIS,5,6.2,291.8,6.7,N,0
-15.1668,143.7323,305.9,1,1,2014-09-22,1259,Terra,MODIS,66,6.2,291.5,6.3,N,0
-14.3166,143.1691,302.4,1.1,1,2014-09-22,1259,Terra,MODIS,49,6.2,292.1,4.7,N,0
-15.2544,141.6481,306.7,1.3,1.1,2014-09-22,1259,Terra,MODIS,69,6.2,291.1,10.8,N,0
-13.1072,141.9393,307.4,1.2,1.1,2014-09-22,1259,Terra,MODIS,71,6.2,290.7,9.7,N,0
-13.3768,141.9069,307,1.2,1.1,2014-09-22,1259,Terra,MODIS,70,6.2,292.8,8.4,N,0
-13.3783,141.896,302.7,1.2,1.1,2014-09-22,1259,Terra,MODIS,36,6.2,292.6,4.7,N,0
-14.9699,144.9374,302.2,1,1,2014-09-22,1259,Terra,MODIS,38,6.2,289.9,4.8,N,0
-14.1143,143.1677,302.6,1.1,1,2014-09-22,1259,Terra,MODIS,45,6.2,292.4,4.6,N,0
-14.9789,144.9388,300.7,1,1,2014-09-22,1259,Terra,MODIS,10,6.2,290.2,4.1,N,0
-14.2661,142.115,309.8,1.2,1.1,2014-09-22,1259,Terra,MODIS,78,6.2,292.3,10.7,N,0
-15.2989,141.6109,303.9,1.3,1.1,2014-09-22,1259,Terra,MODIS,57,6.2,291,8.3,N,0
-14.8217,142.8309,303.7,1.1,1.1,2014-09-22,1259,Terra,MODIS,52,6.2,292.1,4.8,N,0
-14.2773,142.1054,308.7,1.2,1.1,2014-09-22,1259,Terra,MODIS,75,6.2,292.4,9.5,N,0
-15.2694,141.6803,305.3,1.3,1.1,2014-09-22,1259,Terra,MODIS,64,6.2,290.7,9.8,N,0
-13.6014,143.0961,300.9,1.1,1,2014-09-22,1259,Terra,MODIS,35,6.2,286.8,4.4,N,0
-13.6087,143.0931,301.2,1.1,1,2014-09-22,1259,Terra,MODIS,16,6.2,287.8,3.8,N,0
-14.2622,142.0697,305.8,1.2,1.1,2014-09-22,1259,Terra,MODIS,66,6.2,292.3,7.9,N,0
-14.2759,142.1164,311.7,1.2,1.1,2014-09-22,1259,Terra,MODIS,83,6.2,292.9,12.3,N,0
-12.9745,142.8425,301.4,1.1,1,2014-09-22,1259,Terra,MODIS,41,6.2,286.6,5.2,N,0
-15.6832,145.2864,324.7,1,1,2014-09-22,1259,Terra,MODIS,98,6.2,291.3,22,N,0
-15.6666,145.2744,316.1,1,1,2014-09-22,1259,Terra,MODIS,92,6.2,291.2,12.7,N,0
-12.9652,142.8411,300.6,1.1,1,2014-09-22,1259,Terra,MODIS,27,6.2,286.7,4.5,N,0
-15.6729,145.2943,315.4,1,1,2014-09-22,1259,Terra,MODIS,59,6.2,290.8,13,N,0
-15.0924,145.1104,310.6,1,1,2014-09-22,1259,Terra,MODIS,80,6.2,292.1,9.4,N,0
-16.0089,144.4119,314.2,1,1,2014-09-22,1259,Terra,MODIS,81,6.2,289.5,11.6,N,0
-15.664,145.293,315.2,1,1,2014-09-22,1259,Terra,MODIS,77,6.2,291,12.1,N,0
-16.0373,144.4065,339.1,1,1,2014-09-22,1259,Terra,MODIS,100,6.2,291.5,41.7,N,0
-15.4996,145.0276,308.8,1,1,2014-09-22,1259,Terra,MODIS,69,6.2,292,7.5,N,0
-12.9095,142.8331,300.6,1.1,1,2014-09-22,1300,Terra,MODIS,30,6.2,284.2,4.6,N,0
-12.8878,142.8741,304.1,1.1,1,2014-09-22,1300,Terra,MODIS,58,6.2,282.8,6.8,N,0
-12.8892,142.8643,300.4,1.1,1,2014-09-22,1300,Terra,MODIS,13,6.2,281.3,4.2,N,0
-25.7835,128.7047,313.2,1.8,1.3,2014-09-22,1434,Terra,MODIS,23,6.2,284.5,28.1,N,0
-25.8188,128.713,316.4,1.8,1.3,2014-09-22,1434,Terra,MODIS,71,6.2,285.8,34.6,N,0
-25.7802,128.7226,316.3,1.8,1.3,2014-09-22,1434,Terra,MODIS,40,6.2,285.5,32.5,N,0
-25.8071,128.7103,338.7,1.8,1.3,2014-09-22,1434,Terra,MODIS,100,6.2,286.7,97.8,N,0
-25.7464,128.7711,309.3,1.8,1.3,2014-09-22,1434,Terra,MODIS,14,6.2,281.4,23,N,0
-25.8037,128.7282,363.4,1.8,1.3,2014-09-22,1434,Terra,MODIS,100,6.2,289.9,228,N,0
-25.1933,130.178,309.5,2.4,1.5,2014-09-22,1435,Terra,MODIS,75,6.2,287.4,34.5,N,0
-25.1809,130.1939,305.8,2.4,1.5,2014-09-22,1435,Terra,MODIS,26,6.2,287.1,25.7,N,0
-25.7247,128.7216,301.4,1.8,1.3,2014-09-22,1435,Terra,MODIS,22,6.2,284.5,15,N,0
-25.1986,130.1738,301,2.4,1.5,2014-09-22,1435,Terra,MODIS,11,6.2,286.6,16.7,N,0
-25.7213,128.7396,304.5,1.8,1.3,2014-09-22,1435,Terra,MODIS,53,6.2,284.8,19.1,N,0
-25.7535,128.766,319.7,1.8,1.3,2014-09-22,1435,Terra,MODIS,99,6.2,280.8,49.1,N,0
-20.7074,117.1201,318,1.5,1.2,2014-09-22,1436,Terra,MODIS,96,6.2,295.4,28.2,N,0
-20.6949,117.1327,331.6,1.5,1.2,2014-09-22,1436,Terra,MODIS,100,6.2,295.6,54.2,N,0
-20.6965,117.1186,334.1,1.5,1.2,2014-09-22,1436,Terra,MODIS,100,6.2,296.7,60.7,N,0
-22.6504,118.028,337.7,1.4,1.2,2014-09-22,1436,Terra,MODIS,100,6.2,290.2,64.5,N,0
-19.1535,128.8677,303.6,2.6,1.5,2014-09-22,1436,Terra,MODIS,54,6.2,290.7,21.4,N,0
-19.1588,128.8739,301.8,2.6,1.5,2014-09-22,1436,Terra,MODIS,40,6.2,290.9,17.3,N,0
-22.6488,118.0414,309.3,1.4,1.2,2014-09-22,1436,Terra,MODIS,17,6.2,288.3,14.6,N,0
-22.6609,118.0295,328.1,1.4,1.2,2014-09-22,1436,Terra,MODIS,91,6.2,290.3,41.5,N,0
-22.6713,118.0311,317.1,1.4,1.2,2014-09-22,1436,Terra,MODIS,20,6.2,288.6,22,N,0
-22.678,118.0242,316.9,1.4,1.2,2014-09-22,1436,Terra,MODIS,39,6.2,288.7,23.4,N,0
-22.6764,118.0377,319.7,1.4,1.2,2014-09-22,1436,Terra,MODIS,77,6.2,289.1,27.1,N,0
-22.321,124.7062,303.3,1.2,1.1,2014-09-22,1436,Terra,MODIS,55,6.2,291,7.7,N,0
-22.32,124.5888,301.2,1.2,1.1,2014-09-22,1436,Terra,MODIS,29,6.2,290.5,5.7,N,0
-22.6439,118.0815,302.7,1.4,1.2,2014-09-22,1436,Terra,MODIS,43,6.2,287.4,9.5,N,0
-22.3087,124.5809,304.5,1.2,1.1,2014-09-22,1436,Terra,MODIS,60,6.2,291.2,8.2,N,0
-16.2333,128.137,310.1,2.6,1.5,2014-09-22,1437,Terra,MODIS,79,6.2,293.4,30.5,N,0
-17.6912,123.2806,313,1.2,1.1,2014-09-22,1437,Terra,MODIS,86,6.2,297,11.3,N,0
-17.6895,123.2914,317,1.2,1.1,2014-09-22,1437,Terra,MODIS,94,6.2,297.5,15.7,N,0
-17.6878,123.3022,309.3,1.2,1.1,2014-09-22,1437,Terra,MODIS,77,6.2,297,8.5,N,0
-16.241,128.0154,322.4,2.5,1.5,2014-09-22,1437,Terra,MODIS,100,6.2,294,68.6,N,0
-16.2369,128.038,323.8,2.5,1.5,2014-09-22,1437,Terra,MODIS,100,6.2,294.4,74.6,N,0
-17.4599,125.5079,311.5,1.6,1.2,2014-09-22,1437,Terra,MODIS,83,6.2,297.4,13.8,N,0
-17.4622,125.4996,308.3,1.6,1.2,2014-09-22,1437,Terra,MODIS,74,6.2,297.5,9.6,N,0
-16.2546,128.0185,307.2,2.5,1.5,2014-09-22,1437,Terra,MODIS,71,6.2,293.3,21.3,N,0
-16.2379,128.1461,306,2.6,1.5,2014-09-22,1437,Terra,MODIS,66,6.2,293.3,18.8,N,0
-16.2428,128.1201,304.9,2.6,1.5,2014-09-22,1437,Terra,MODIS,62,6.2,293.1,15.6,N,0
-16.2231,128.0359,319.5,2.5,1.5,2014-09-22,1437,Terra,MODIS,99,6.2,293.3,58.1,N,0
-17.6799,123.2897,312.1,1.2,1.1,2014-09-22,1437,Terra,MODIS,84,6.2,296.7,10.7,N,0
-17.3321,131.741,300.7,4.5,2,2014-09-22,1437,Terra,MODIS,33,6.2,289.5,43.5,N,0
-17.3324,131.7363,302,4.5,2,2014-09-22,1437,Terra,MODIS,46,6.2,289.7,49.9,N,0
-17.5405,126.0472,312.7,1.7,1.3,2014-09-22,1437,Terra,MODIS,86,6.2,297.5,16.5,N,0
-17.2702,127.5531,311.6,2.2,1.4,2014-09-22,1437,Terra,MODIS,83,6.2,290.4,31.8,N,0
-17.2727,127.5472,315.7,2.2,1.4,2014-09-22,1437,Terra,MODIS,92,6.2,290.7,43.1,N,0
-17.5318,125.9735,308.1,1.7,1.3,2014-09-22,1437,Terra,MODIS,73,6.2,297.2,10.5,N,0
-17.5441,126.0414,307.8,1.7,1.3,2014-09-22,1437,Terra,MODIS,73,6.2,297.2,9.6,N,0
-17.6443,125.7162,313.5,1.6,1.3,2014-09-22,1437,Terra,MODIS,87,6.2,297.9,17.2,N,0
-17.2598,127.5446,301.9,2.2,1.4,2014-09-22,1437,Terra,MODIS,37,6.2,290.3,12.2,N,0
-17.5413,126.0578,310.4,1.7,1.3,2014-09-22,1437,Terra,MODIS,80,6.2,297.6,13.9,N,0
-14.1893,132.4778,334.6,3,1.7,2014-09-22,1603,Aqua,MODIS,100,6.2,294.1,176.2,N,0
-14.2044,132.4698,330.3,3,1.7,2014-09-22,1603,Aqua,MODIS,100,6.2,293.3,146.2,N,0
-14.1942,132.5056,318.2,3,1.7,2014-09-22,1603,Aqua,MODIS,96,6.2,292.9,79.2,N,0
-14.1947,132.5005,326.2,3,1.7,2014-09-22,1603,Aqua,MODIS,100,6.2,293.9,119.4,N,0
-14.1896,132.4727,327.5,3,1.7,2014-09-22,1603,Aqua,MODIS,100,6.2,293.3,127.7,N,0
-14.2095,132.4976,333.4,3,1.7,2014-09-22,1603,Aqua,MODIS,100,6.2,294.1,165.5,N,0
-15.389,141.6269,311.5,1,1,2014-09-22,1603,Aqua,MODIS,83,6.2,291,11.8,N,0
-16.0209,144.4304,304.7,1.4,1.2,2014-09-22,1603,Aqua,MODIS,61,6.2,287.2,9.9,N,0
-16.0402,144.4147,310.4,1.4,1.2,2014-09-22,1603,Aqua,MODIS,54,6.2,288.2,14.6,N,0
-15.2535,141.6401,322.4,1,1,2014-09-22,1603,Aqua,MODIS,100,6.2,290.9,21.2,N,0
-15.2548,141.6496,300.1,1,1,2014-09-22,1603,Aqua,MODIS,7,6.2,289.8,3.9,N,0
-15.2626,141.6387,311.3,1,1,2014-09-22,1603,Aqua,MODIS,82,6.2,290.6,11.1,N,0
-15.3904,141.6364,318.3,1,1,2014-09-22,1603,Aqua,MODIS,96,6.2,291.7,17.7,N,0
-16.0386,144.4022,324.6,1.4,1.2,2014-09-22,1603,Aqua,MODIS,100,6.2,289.7,35.4,N,0
-14.18,132.5034,328.9,3,1.7,2014-09-22,1603,Aqua,MODIS,100,6.2,293.3,135,N,0
-14.1652,132.5062,302.2,3,1.7,2014-09-22,1603,Aqua,MODIS,47,6.2,291.4,20.9,N,0
-15.6857,145.2882,307.8,1.6,1.2,2014-09-22,1603,Aqua,MODIS,28,6.2,287.7,16.5,N,0
-14.16,132.4784,310.9,3,1.7,2014-09-22,1603,Aqua,MODIS,81,6.2,291.7,49,N,0
-14.1748,132.4756,334.8,3,1.7,2014-09-22,1603,Aqua,MODIS,100,6.2,292.9,175.3,N,0
-15.6865,145.2946,306.7,1.6,1.2,2014-09-22,1603,Aqua,MODIS,31,6.2,286.8,14.8,N,0
-14.1451,132.4812,321.2,3,1.7,2014-09-22,1603,Aqua,MODIS,100,6.2,292,93.5,N,0
-14.1795,132.5085,317.4,3,1.7,2014-09-22,1603,Aqua,MODIS,95,6.2,292.3,75.9,N,0
-14.1745,132.4807,338.3,3,1.7,2014-09-22,1603,Aqua,MODIS,100,6.2,293.8,204.8,N,0
-14.1597,132.4835,314.2,3,1.7,2014-09-22,1603,Aqua,MODIS,89,6.2,292,62.6,N,0
-14.1449,132.4863,322.6,3,1.7,2014-09-22,1603,Aqua,MODIS,100,6.2,292,102.5,N,0
-16.0457,144.4085,313.2,1.4,1.2,2014-09-22,1603,Aqua,MODIS,87,6.2,288.7,19.5,N,0
-16.0441,144.3958,301.1,1.4,1.2,2014-09-22,1603,Aqua,MODIS,30,6.2,288.7,6.5,N,0
-16.0352,144.4098,310.4,1.4,1.2,2014-09-22,1603,Aqua,MODIS,80,6.2,288.6,15.9,N,0
-16.0336,144.3971,302.7,1.4,1.2,2014-09-22,1603,Aqua,MODIS,35,6.2,288.6,7.7,N,0
-14.2073,141.6531,305.2,1,1,2014-09-22,1603,Aqua,MODIS,50,6.2,290.7,6.4,N,0
-14.1912,141.6709,311.6,1,1,2014-09-22,1603,Aqua,MODIS,57,6.2,291,10.2,N,0
-14.2385,141.6771,300.2,1,1,2014-09-22,1603,Aqua,MODIS,22,6.2,290.1,4.2,N,0
-14.1983,141.6545,328.4,1,1,2014-09-22,1603,Aqua,MODIS,100,6.2,292.2,27.4,N,0
-14.1969,141.6451,306.2,1,1,2014-09-22,1603,Aqua,MODIS,16,6.2,290.9,6.4,N,0
-15.6159,141.9332,301.9,1,1,2014-09-22,1603,Aqua,MODIS,45,6.2,290.4,5.2,N,0
-14.2371,141.6678,305.3,1,1,2014-09-22,1603,Aqua,MODIS,64,6.2,291.1,7,N,0
-17.0819,138.6463,318.4,1.1,1,2014-09-22,1604,Aqua,MODIS,97,6.2,291.8,18.8,N,0
-17.0834,138.6563,301.4,1.1,1,2014-09-22,1604,Aqua,MODIS,35,6.2,290.8,5.4,N,0
-17.0911,138.6448,311.1,1.1,1,2014-09-22,1604,Aqua,MODIS,82,6.2,291.2,12.1,N,0
-17.0339,138.5677,313.3,1.1,1,2014-09-22,1604,Aqua,MODIS,87,6.2,290.9,13.8,N,0
-16.7103,132.739,305,2.6,1.5,2014-09-22,1604,Aqua,MODIS,52,6.2,289.8,27.3,N,0
-16.7203,132.7444,316,2.6,1.5,2014-09-22,1604,Aqua,MODIS,92,6.2,290.4,58.4,N,0
-16.7147,132.7628,301.6,2.6,1.5,2014-09-22,1604,Aqua,MODIS,22,6.2,288.8,18.7,N,0
-17.0191,132.2655,312.7,2.8,1.6,2014-09-22,1604,Aqua,MODIS,86,6.2,290.2,57.9,N,0
-17.0239,132.2911,312.7,2.8,1.6,2014-09-22,1604,Aqua,MODIS,85,6.2,290.6,57.7,N,0
-17.0711,132.2279,300.1,2.8,1.6,2014-09-22,1604,Aqua,MODIS,18,6.2,288.1,22.8,N,0
-17.0748,132.2224,300.8,2.8,1.6,2014-09-22,1604,Aqua,MODIS,33,6.2,288.1,24.8,N,0
-15.159,134.3404,301.9,2.1,1.4,2014-09-22,1604,Aqua,MODIS,45,6.2,290.3,14.8,N,0
-17.4749,131.8323,303,2.9,1.6,2014-09-22,1604,Aqua,MODIS,53,6.2,286.9,32.2,N,0
-17.5515,131.9778,300.7,2.8,1.6,2014-09-22,1604,Aqua,MODIS,9,6.2,287.4,22.7,N,0
-17.5485,131.9833,306.8,2.8,1.6,2014-09-22,1604,Aqua,MODIS,69,6.2,287.6,39.9,N,0
-17.4758,131.8398,303.7,2.9,1.6,2014-09-22,1604,Aqua,MODIS,57,6.2,286.2,33.2,N,0
-22.6257,118.0801,328.4,1.3,1.2,2014-09-22,1744,Aqua,MODIS,100,6.2,287.9,43.7,N,0
-22.6401,118.0251,328.2,1.3,1.1,2014-09-22,1744,Aqua,MODIS,85,6.2,287.3,41.1,N,0
-22.6307,118.0862,323.5,1.3,1.2,2014-09-22,1744,Aqua,MODIS,100,6.2,286.7,35.4,N,0
-22.629,118.073,334.5,1.3,1.1,2014-09-22,1744,Aqua,MODIS,100,6.2,287.5,55.8,N,0
-22.636,118.0784,304.3,1.3,1.2,2014-09-22,1744,Aqua,MODIS,22,6.2,286.1,10.7,N,0
-22.683,118.0316,313.5,1.3,1.1,2014-09-22,1744,Aqua,MODIS,36,6.2,286.3,19.8,N,0
-22.6727,118.0335,324.4,1.3,1.1,2014-09-22,1744,Aqua,MODIS,94,6.2,287,34.6,N,0
-22.6417,118.0381,334.5,1.3,1.1,2014-09-22,1744,Aqua,MODIS,100,6.2,288.4,53.5,N,0
-21.4098,118.338,307.7,1.3,1.2,2014-09-22,1744,Aqua,MODIS,72,6.2,290.5,14.2,N,0
-20.6952,117.1152,315.6,1.1,1.1,2014-09-22,1744,Aqua,MODIS,92,6.2,292.5,17,N,0
-20.6967,117.1261,337.2,1.1,1.1,2014-09-22,1744,Aqua,MODIS,100,6.2,294.9,48.2,N,0
-20.7048,117.1138,304,1.1,1.1,2014-09-22,1744,Aqua,MODIS,58,6.2,291.6,7.6,N,0
-20.7063,117.1247,319.4,1.1,1.1,2014-09-22,1744,Aqua,MODIS,99,6.2,291.9,22.2,N,0
-20.6081,119.2597,301.8,1.5,1.2,2014-09-22,1744,Aqua,MODIS,44,6.2,291.6,9.6,N,0
-32.5006,116.092,300.7,1.4,1.2,2014-09-22,1747,Aqua,MODIS,32,6.2,276.6,13.2,N,0
-29.8025,149.3798,314.7,1.5,1.2,2014-09-22,2354,Terra,MODIS,53,6.2,301.5,12.4,D,0
-29.1313,148.6528,321.7,1.7,1.3,2014-09-22,2354,Terra,MODIS,74,6.2,300.2,26.6,D,0
-29.1347,148.6701,317.2,1.7,1.3,2014-09-22,2354,Terra,MODIS,68,6.2,299.4,16.8,D,0
-29.1358,148.6586,321.1,1.7,1.3,2014-09-22,2354,Terra,MODIS,57,6.2,299.8,23.2,D,0
-30.1335,149.972,314.2,1.4,1.2,2014-09-22,2354,Terra,MODIS,24,6.2,302.2,10.6,D,0
-28.4767,149.9775,316.8,1.5,1.2,2014-09-22,2354,Terra,MODIS,63,6.2,300.2,13.1,D,0
-28.2295,150.206,315.3,1.4,1.2,2014-09-22,2354,Terra,MODIS,66,6.2,298.7,10,D,0
-29.4122,152.5498,304.3,1.1,1,2014-09-22,2354,Terra,MODIS,26,6.2,290.6,4.6,D,0
-29.6358,148.5502,318.1,1.7,1.3,2014-09-22,2354,Terra,MODIS,70,6.2,300.6,16.4,D,0
-34.4592,150.8757,312.7,1.1,1,2014-09-22,2355,Terra,MODIS,68,6.2,299.9,6.8,D,0
-34.485,150.3041,307,1.1,1.1,2014-09-22,2355,Terra,MODIS,63,6.2,294.5,7.1,D,0
-34.4612,150.8875,312.7,1.1,1,2014-09-22,2355,Terra,MODIS,55,6.2,298.9,6.7,D,2
-31.844,150.8668,312.2,1.2,1.1,2014-09-22,2355,Terra,MODIS,50,6.2,298,10,D,0
-31.7374,148.1889,332,1.6,1.3,2014-09-22,2355,Terra,MODIS,86,6.2,298.9,50.3,D,0
-31.7387,148.2004,324.4,1.6,1.3,2014-09-22,2355,Terra,MODIS,80,6.2,298.3,34.9,D,0
-31.7354,148.1834,319.6,1.6,1.3,2014-09-22,2355,Terra,MODIS,75,6.2,298.3,25.4,D,0
-35.3695,149.9435,365,1.1,1.1,2014-09-22,2356,Terra,MODIS,100,6.2,295.5,120.5,D,0
-35.3674,149.9312,320,1.1,1.1,2014-09-22,2356,Terra,MODIS,80,6.2,295.4,19.7,D,0
-14.4415,134.5215,327.5,1,1,2014-09-23,0128,Terra,MODIS,63,6.2,311.5,10,D,0
-14.2703,134.3575,339.3,1,1,2014-09-23,0128,Terra,MODIS,84,6.2,311.4,26.7,D,0
-14.4507,134.5201,342.8,1,1,2014-09-23,0128,Terra,MODIS,87,6.2,312.5,33.8,D,0
-14.4429,134.5311,339.7,1,1,2014-09-23,0128,Terra,MODIS,84,6.2,311.1,28.7,D,0
-14.2916,134.442,331.2,1,1,2014-09-23,0128,Terra,MODIS,48,6.2,312,12.6,D,0
-13.1154,141.9714,317.1,3.1,1.7,2014-09-23,0128,Terra,MODIS,40,6.2,300.6,28.9,D,0
-14.2645,134.3741,346.4,1,1,2014-09-23,0128,Terra,MODIS,91,6.2,313.7,39.4,D,0
-13.1175,141.978,317,3.1,1.7,2014-09-23,0128,Terra,MODIS,46,6.2,300.4,27.7,D,0
-14.1839,141.6683,333.4,3.1,1.7,2014-09-23,0128,Terra,MODIS,82,6.2,300.4,113.2,D,0
-12.292,136.8919,330,1.3,1.1,2014-09-23,0128,Terra,MODIS,76,6.2,304.4,26.7,D,0
-14.1975,141.6599,329.4,3.1,1.7,2014-09-23,0128,Terra,MODIS,68,6.2,299.5,86.5,D,0
-14.2672,134.3931,340.4,1,1,2014-09-23,0128,Terra,MODIS,84,6.2,312.1,26.5,D,0
-14.3588,134.5204,326.2,1,1,2014-09-23,0128,Terra,MODIS,43,6.2,310.5,8.5,D,0
-14.4521,134.5298,343.5,1,1,2014-09-23,0128,Terra,MODIS,88,6.2,311,35.5,D,0
-14.2659,134.3836,344.7,1,1,2014-09-23,0128,Terra,MODIS,89,6.2,312.6,34.9,D,0
-14.3575,134.5108,335.1,1,1,2014-09-23,0128,Terra,MODIS,79,6.2,312.2,19.8,D,0
-14.273,134.3765,337.5,1,1,2014-09-23,0128,Terra,MODIS,82,6.2,313.5,23.4,D,0
-14.4764,134.6348,327.5,1.1,1,2014-09-23,0128,Terra,MODIS,44,6.2,312.2,10,D,0
-14.1989,141.6666,323.6,3.1,1.7,2014-09-23,0128,Terra,MODIS,28,6.2,300.5,49.4,D,0
-14.3282,142.1792,320.3,3.4,1.7,2014-09-23,0128,Terra,MODIS,56,6.2,299.9,45.9,D,0
-14.2717,134.367,350.2,1,1,2014-09-23,0128,Terra,MODIS,93,6.2,315.8,47.9,D,0
-12.5982,136.5218,329,1.2,1.1,2014-09-23,0128,Terra,MODIS,71,6.2,313,18.7,D,0
-12.2936,136.9036,323.7,1.3,1.1,2014-09-23,0128,Terra,MODIS,62,6.2,303.7,17.1,D,0
-12.5647,130.9376,326,1.2,1.1,2014-09-23,0128,Terra,MODIS,42,6.2,305.1,13.3,D,0
-14.1826,141.6616,332.1,3.1,1.7,2014-09-23,0128,Terra,MODIS,82,6.2,300.1,109.7,D,0
-14.2456,141.683,330.3,3.1,1.7,2014-09-23,0128,Terra,MODIS,82,6.2,297.7,92.4,D,0
-14.3666,134.5095,338.1,1,1,2014-09-23,0128,Terra,MODIS,83,6.2,310.4,24,D,0
-13.119,142.9282,312.5,3.7,1.8,2014-09-23,0128,Terra,MODIS,10,6.2,293.3,42.7,D,0
-14.2595,134.404,338.4,1,1,2014-09-23,0128,Terra,MODIS,80,6.2,312.2,23.6,D,0
-14.2608,134.4136,338.6,1,1,2014-09-23,0128,Terra,MODIS,84,6.2,312,23.3,D,0
-14.4856,134.6334,329.2,1.1,1,2014-09-23,0128,Terra,MODIS,56,6.2,310.5,12.2,D,0
-14.4842,134.6237,331.6,1.1,1,2014-09-23,0128,Terra,MODIS,73,6.2,309.3,16.1,D,0
-13.0611,130.7816,326.8,1.2,1.1,2014-09-23,0128,Terra,MODIS,42,6.2,306.2,14,D,0
-14.1889,136.5266,328.7,1.3,1.1,2014-09-23,0128,Terra,MODIS,74,6.2,304,24.6,D,0
-13.5661,135.2771,331.2,1.1,1,2014-09-23,0128,Terra,MODIS,40,6.2,314.6,11.7,D,0
-14.1119,136.489,320.5,1.3,1.1,2014-09-23,0128,Terra,MODIS,48,6.2,303.8,11.9,D,0
-13.7553,134.3545,332.2,1,1,2014-09-23,0128,Terra,MODIS,57,6.2,311.5,12.8,D,0
-13.6829,134.3616,330.9,1,1,2014-09-23,0128,Terra,MODIS,70,6.2,314.3,10.6,D,0
-13.9938,133.7768,330.1,1,1,2014-09-23,0128,Terra,MODIS,52,6.2,313.8,9.9,D,0
-13.9357,133.7571,345.3,1,1,2014-09-23,0128,Terra,MODIS,90,6.2,313.9,32.9,D,0
-14.1104,136.4773,320.4,1.3,1.1,2014-09-23,0128,Terra,MODIS,43,6.2,303.8,11.2,D,0
-14.1518,132.4825,340.8,1,1,2014-09-23,0128,Terra,MODIS,85,6.2,305,26.6,D,0
-11.2458,132.34,337.7,1.1,1,2014-09-23,0128,Terra,MODIS,81,6.2,307.7,24.5,D,0
-14.1532,132.4918,358.1,1,1,2014-09-23,0128,Terra,MODIS,98,6.2,305.1,64.5,D,0
-14.1636,132.4998,410.2,1,1,2014-09-23,0128,Terra,MODIS,100,6.2,313.3,307.6,D,0
-11.5359,132.9131,325.8,1,1,2014-09-23,0128,Terra,MODIS,48,6.2,305.7,9.6,D,0
-14.1727,132.4984,355.8,1,1,2014-09-23,0128,Terra,MODIS,97,6.2,305.4,57.6,D,0
-14.165,132.5091,365.6,1,1,2014-09-23,0128,Terra,MODIS,100,6.2,305.4,86.4,D,0
-13.9376,133.6438,331.2,1,1,2014-09-23,0128,Terra,MODIS,24,6.2,313.1,7.3,D,0
-14.1741,132.5077,367.1,1,1,2014-09-23,0128,Terra,MODIS,100,6.2,306.4,90.6,D,0
-14.1755,132.517,349.6,1,1,2014-09-23,0128,Terra,MODIS,93,6.2,305.3,44.7,D,0
-14.1442,132.4932,373.5,1,1,2014-09-23,0128,Terra,MODIS,100,6.2,307,113.8,D,0
-14.1399,132.4652,350.5,1,1,2014-09-23,0128,Terra,MODIS,93,6.2,308,45.5,D,0
-14.1413,132.4745,342.1,1,1,2014-09-23,0128,Terra,MODIS,86,6.2,304.5,29.4,D,0
-11.4346,132.5536,335.1,1,1,2014-09-23,0128,Terra,MODIS,69,6.2,307,21.6,D,0
-14.1427,132.4839,373.4,1,1,2014-09-23,0128,Terra,MODIS,100,6.2,307,112.9,D,0
-14.1622,132.4904,360.6,1,1,2014-09-23,0128,Terra,MODIS,100,6.2,307.9,70.3,D,0
-13.9092,133.6387,337.7,1,1,2014-09-23,0128,Terra,MODIS,82,6.2,311.8,20.7,D,0
-14.1848,132.5191,399.2,1,1,2014-09-23,0128,Terra,MODIS,100,6.2,312.7,238.2,D,0
-14.1862,132.5284,334.4,1,1,2014-09-23,0128,Terra,MODIS,77,6.2,301.2,21,D,0
-14.1938,132.5177,374.8,1,1,2014-09-23,0128,Terra,MODIS,100,6.2,305.1,121,D,0
-14.2147,132.5336,342.3,1,1,2014-09-23,0128,Terra,MODIS,87,6.2,300.1,36.5,D,0
-14.2133,132.5242,348.6,1,1,2014-09-23,0128,Terra,MODIS,92,6.2,301.2,47.5,D,0
-14.2057,132.535,338.4,1,1,2014-09-23,0128,Terra,MODIS,82,6.2,300.6,29.1,D,0
-14.1309,132.4666,365.8,1,1,2014-09-23,0128,Terra,MODIS,100,6.2,309.9,86.7,D,0
-14.2028,132.5163,333.5,1,1,2014-09-23,0128,Terra,MODIS,76,6.2,300.7,18.3,D,0
-14.2043,132.5257,365,1,1,2014-09-23,0128,Terra,MODIS,100,6.2,302.8,88.6,D,0
-14.1114,132.4601,360.6,1,1,2014-09-23,0128,Terra,MODIS,100,6.2,309.8,71.9,D,0
-14.1128,132.4694,345,1,1,2014-09-23,0128,Terra,MODIS,89,6.2,306.2,36.3,D,0
-14.1204,132.4587,339.3,1,1,2014-09-23,0128,Terra,MODIS,83,6.2,307.4,23.9,D,0
-14.1218,132.468,332.5,1,1,2014-09-23,0128,Terra,MODIS,60,6.2,304.6,14.4,D,0
-14.1323,132.476,349.9,1,1,2014-09-23,0128,Terra,MODIS,93,6.2,304.5,45.8,D,0
-14.1952,132.527,387.5,1,1,2014-09-23,0128,Terra,MODIS,100,6.2,303.6,175.8,D,0
-14.1834,132.5098,360.6,1,1,2014-09-23,0128,Terra,MODIS,100,6.2,306.4,73.1,D,0
-14.0963,143.1522,312.2,4,1.9,2014-09-23,0128,Terra,MODIS,42,6.2,293.5,36.2,D,0
-12.845,135.7191,330.6,1.1,1.1,2014-09-23,0128,Terra,MODIS,38,6.2,311.9,13.5,D,0
-13.4838,135.1665,331.8,1.1,1,2014-09-23,0128,Terra,MODIS,74,6.2,310.5,17.4,D,0
-12.8436,135.7088,331.1,1.1,1.1,2014-09-23,0128,Terra,MODIS,46,6.2,314.1,13.5,D,0
-13.4387,135.0285,336.1,1.1,1,2014-09-23,0128,Terra,MODIS,80,6.2,313.9,21.3,D,0
-14.6918,142.052,320.3,3.3,1.7,2014-09-23,0128,Terra,MODIS,39,6.2,300.8,35.5,D,0
-13.0324,135.6071,353.9,1.1,1.1,2014-09-23,0128,Terra,MODIS,96,6.2,315.2,62.9,D,0
-13.031,135.5969,356.3,1.1,1.1,2014-09-23,0128,Terra,MODIS,97,6.2,311.5,69.8,D,0
-14.3238,143.1787,320.5,4,1.9,2014-09-23,0128,Terra,MODIS,64,6.2,295.4,74.2,D,0
-14.3157,143.1492,315.3,4,1.9,2014-09-23,0128,Terra,MODIS,32,6.2,296.4,39.4,D,0
-13.4147,134.545,332.2,1,1,2014-09-23,0128,Terra,MODIS,74,6.2,313.9,13.6,D,0
-14.3196,143.186,317.2,4,1.9,2014-09-23,0128,Terra,MODIS,57,6.2,294.8,52.7,D,0
-12.8545,135.7178,337.8,1.1,1.1,2014-09-23,0128,Terra,MODIS,64,6.2,312.7,24.5,D,0
-13.2999,141.8585,325.3,3.1,1.7,2014-09-23,0128,Terra,MODIS,78,6.2,301.8,71.7,D,0
-13.2984,141.8518,328.1,3.1,1.7,2014-09-23,0128,Terra,MODIS,81,6.2,301.6,89.1,D,0
-13.2966,141.83,319.3,3.1,1.7,2014-09-23,0128,Terra,MODIS,68,6.2,300.4,40.5,D,0
-13.1288,136.0861,324.2,1.2,1.1,2014-09-23,0128,Terra,MODIS,34,6.2,308.4,9.7,D,0
-12.4576,132.4919,332.2,1,1,2014-09-23,0128,Terra,MODIS,77,6.2,310.3,16.3,D,0
-14.2694,142.0359,319.2,3.3,1.7,2014-09-23,0128,Terra,MODIS,65,6.2,300,42.3,D,0
-13.4659,135.0387,335.7,1.1,1,2014-09-23,0128,Terra,MODIS,79,6.2,312.7,20.1,D,0
-13.4566,135.04,332.3,1.1,1,2014-09-23,0128,Terra,MODIS,56,6.2,313.6,14.2,D,0
-13.446,135.0316,335.1,1.1,1,2014-09-23,0128,Terra,MODIS,57,6.2,313.4,16.8,D,0
-13.4673,135.0485,328.6,1.1,1,2014-09-23,0128,Terra,MODIS,22,6.2,312.7,9.3,D,0
-13.5926,142.039,312.9,3.2,1.7,2014-09-23,0128,Terra,MODIS,33,6.2,298.8,22.3,D,0
-13.1305,136.0794,325.5,1.2,1.1,2014-09-23,0128,Terra,MODIS,52,6.2,309.9,12.9,D,0
-12.5782,132.6788,324.8,1,1,2014-09-23,0128,Terra,MODIS,32,6.2,308.9,5.5,D,0
-12.864,134.9997,330.9,1.1,1,2014-09-23,0128,Terra,MODIS,72,6.2,311.4,15.3,D,0
-12.5901,132.696,330.6,1,1,2014-09-23,0128,Terra,MODIS,56,6.2,310.5,11.1,D,0
-15.387,141.6281,321.7,3.2,1.7,2014-09-23,0128,Terra,MODIS,38,6.2,302.6,35.8,D,0
-12.5887,132.6867,331.5,1,1,2014-09-23,0128,Terra,MODIS,73,6.2,311,13.2,D,0
-11.4584,131.1407,332,1.2,1.1,2014-09-23,0128,Terra,MODIS,67,6.2,309.5,19,D,0
-11.4681,131.1392,352.3,1.2,1.1,2014-09-23,0128,Terra,MODIS,95,6.2,309,64.7,D,0
-13.0888,130.6919,330.8,1.2,1.1,2014-09-23,0128,Terra,MODIS,66,6.2,308.3,18.9,D,0
-14.2949,142.1255,320.7,3.3,1.7,2014-09-23,0128,Terra,MODIS,34,6.2,300.3,42.1,D,0
-11.5497,131.2635,332.1,1.2,1.1,2014-09-23,0128,Terra,MODIS,78,6.2,308.8,19.2,D,0
-13.5995,134.933,332.9,1.1,1,2014-09-23,0128,Terra,MODIS,76,6.2,314.2,14,D,0
-11.4621,131.2289,325.8,1.2,1.1,2014-09-23,0128,Terra,MODIS,27,6.2,308.1,14.8,D,0
-11.4765,131.1933,331.9,1.2,1.1,2014-09-23,0128,Terra,MODIS,43,6.2,307.2,18.1,D,0
-11.519,131.2574,333.1,1.2,1.1,2014-09-23,0128,Terra,MODIS,68,6.2,308.4,21.2,D,0
-11.5287,131.2559,338.4,1.2,1.1,2014-09-23,0128,Terra,MODIS,85,6.2,309.2,30.2,D,0
-12.8397,134.8952,335.9,1,1,2014-09-23,0128,Terra,MODIS,67,6.2,313.5,18.8,D,0
-12.9085,135.7247,339.2,1.1,1.1,2014-09-23,0128,Terra,MODIS,84,6.2,311.1,31.7,D,0
-12.9635,135.6332,333.8,1.1,1.1,2014-09-23,0128,Terra,MODIS,76,6.2,312,18.1,D,0
-11.5054,130.3319,327.5,1.3,1.1,2014-09-23,0128,Terra,MODIS,59,6.2,306.9,16.8,D,0
-11.5035,130.3197,324.7,1.3,1.1,2014-09-23,0128,Terra,MODIS,47,6.2,307.8,10.9,D,0
-16.0443,128.0026,326.2,1.6,1.3,2014-09-23,0129,Terra,MODIS,23,6.2,309,14.3,D,0
-16.1437,128.1825,334.6,1.6,1.2,2014-09-23,0129,Terra,MODIS,79,6.2,310.9,32,D,0
-16.248,128.0457,332.3,1.6,1.2,2014-09-23,0129,Terra,MODIS,77,6.2,309.7,30.3,D,0
-16.2456,128.0315,326.4,1.6,1.2,2014-09-23,0129,Terra,MODIS,56,6.2,309.9,15,D,0
-16.2258,128.0498,328.6,1.6,1.2,2014-09-23,0129,Terra,MODIS,29,6.2,308.6,20.2,D,0
-16.0203,127.9968,330.8,1.6,1.3,2014-09-23,0129,Terra,MODIS,74,6.2,308.1,30.3,D,0
-16.151,128.2258,332.2,1.6,1.2,2014-09-23,0129,Terra,MODIS,74,6.2,308.3,29.1,D,0
-16.0429,127.9934,334.6,1.6,1.3,2014-09-23,0129,Terra,MODIS,77,6.2,307.8,37.9,D,0
-16.1818,128.0646,329.2,1.6,1.2,2014-09-23,0129,Terra,MODIS,71,6.2,308.3,26.1,D,0
-16.1793,128.0501,324.5,1.6,1.2,2014-09-23,0129,Terra,MODIS,49,6.2,307.2,13.6,D,0
-16.5603,124.3586,322.7,2.9,1.6,2014-09-23,0129,Terra,MODIS,41,6.2,305.8,44.8,D,0
-15.832,127.6389,324.4,1.7,1.3,2014-09-23,0129,Terra,MODIS,46,6.2,307.6,14.3,D,0
-15.8204,127.6408,328.4,1.7,1.3,2014-09-23,0129,Terra,MODIS,71,6.2,308,25.6,D,0
-16.3974,128.598,325.4,1.5,1.2,2014-09-23,0129,Terra,MODIS,0,6.2,306.5,14.6,D,0
-16.0557,128.0013,327.1,1.6,1.3,2014-09-23,0129,Terra,MODIS,36,6.2,309.2,15.7,D,0
-16.0531,127.9866,353.9,1.6,1.3,2014-09-23,0129,Terra,MODIS,96,6.2,309.8,110.5,D,0
-16.1462,128.1973,348.6,1.6,1.2,2014-09-23,0129,Terra,MODIS,93,6.2,310.2,79.6,D,0
-16.0418,127.9878,329,1.6,1.3,2014-09-23,0129,Terra,MODIS,54,6.2,306.4,22.5,D,0
-16.5552,124.3316,323.6,3,1.6,2014-09-23,0129,Terra,MODIS,40,6.2,307.4,46.9,D,0
-14.4455,130.0179,323.7,1.3,1.1,2014-09-23,0129,Terra,MODIS,51,6.2,306.4,8.8,D,0
-16.1487,128.2121,367.1,1.6,1.2,2014-09-23,0129,Terra,MODIS,100,6.2,310.8,172.1,D,0
-16.3805,127.8767,371.5,1.6,1.3,2014-09-23,0129,Terra,MODIS,100,6.2,313.9,213.7,D,0
-14.2139,132.4669,355.1,1,1,2014-09-23,0129,Terra,MODIS,97,6.2,307.9,57.3,D,0
-14.28,132.8459,331.7,1,1,2014-09-23,0129,Terra,MODIS,72,6.2,309.1,13.7,D,0
-14.2966,132.4665,333.3,1,1,2014-09-23,0129,Terra,MODIS,76,6.2,304.3,19.8,D,0
-14.2876,132.468,334,1,1,2014-09-23,0129,Terra,MODIS,77,6.2,305.6,20.1,D,0
-14.2695,132.4708,333.7,1,1,2014-09-23,0129,Terra,MODIS,76,6.2,304,18.4,D,0
-14.2153,132.4762,353.8,1,1,2014-09-23,0129,Terra,MODIS,96,6.2,307.8,54.4,D,0
-17.1425,127.4749,333.3,1.7,1.3,2014-09-23,0129,Terra,MODIS,79,6.2,306.9,45.4,D,0
-17.1399,127.4596,408.2,1.7,1.3,2014-09-23,0129,Terra,MODIS,100,6.2,315.7,635,D,0
-17.1373,127.4443,323.9,1.7,1.3,2014-09-23,0129,Terra,MODIS,57,6.2,307.1,21.8,D,0
-16.393,127.8841,326.4,1.6,1.3,2014-09-23,0129,Terra,MODIS,50,6.2,313,17.8,D,0
-16.3692,127.8785,325.6,1.6,1.3,2014-09-23,0129,Terra,MODIS,45,6.2,310.1,16.8,D,0
-16.3904,127.8691,323.9,1.6,1.3,2014-09-23,0129,Terra,MODIS,45,6.2,310.4,14.2,D,0
-16.3818,127.886,347.6,1.6,1.3,2014-09-23,0129,Terra,MODIS,92,6.2,314.1,81.1,D,0
-16.3792,127.871,351.7,1.6,1.3,2014-09-23,0129,Terra,MODIS,95,6.2,311.4,101.2,D,0
-16.383,127.8916,334.1,1.6,1.3,2014-09-23,0129,Terra,MODIS,67,6.2,313.1,33.7,D,0
-14.9364,135.0439,335.3,1.1,1,2014-09-23,0129,Terra,MODIS,74,6.2,310.9,24.9,D,0
-14.5568,133.347,328.6,1,1,2014-09-23,0129,Terra,MODIS,44,6.2,311.1,7.9,D,0
-16.1449,136.8452,339.7,1.4,1.2,2014-09-23,0129,Terra,MODIS,84,6.2,312.4,41.8,D,0
-15.7277,136.1562,332.5,1.3,1.1,2014-09-23,0129,Terra,MODIS,58,6.2,317.5,18.7,D,0
-16.1752,136.8753,332.7,1.4,1.2,2014-09-23,0129,Terra,MODIS,75,6.2,316.4,22.2,D,0
-14.7749,134.9968,331.1,1.1,1,2014-09-23,0129,Terra,MODIS,69,6.2,310,17.4,D,0
-14.7655,134.9983,325.6,1.1,1,2014-09-23,0129,Terra,MODIS,52,6.2,310.9,10.8,D,0
-14.9378,135.0541,329.7,1.1,1,2014-09-23,0129,Terra,MODIS,51,6.2,306.7,15.7,D,0
-16.1466,136.8585,370.2,1.4,1.2,2014-09-23,0129,Terra,MODIS,100,6.2,318.8,167.5,D,0
-14.855,135.0512,327.8,1.1,1,2014-09-23,0129,Terra,MODIS,62,6.2,312,14,D,0
-14.9312,135.0758,361.5,1.1,1,2014-09-23,0129,Terra,MODIS,100,6.2,310.2,87.9,D,0
-14.9763,134.3374,326.7,1,1,2014-09-23,0129,Terra,MODIS,41,6.2,312.8,7.2,D,0
-14.8536,135.0411,333.9,1.1,1,2014-09-23,0129,Terra,MODIS,78,6.2,309.2,23.1,D,0
-14.9217,135.0771,336.3,1.1,1,2014-09-23,0129,Terra,MODIS,81,6.2,311,26.2,D,0
-15.7401,136.2516,334.5,1.3,1.1,2014-09-23,0129,Terra,MODIS,78,6.2,313.7,28,D,0
-15.8239,136.2711,333.3,1.3,1.1,2014-09-23,0129,Terra,MODIS,73,6.2,314.5,17.6,D,0
-15.0515,134.6177,332.3,1.1,1,2014-09-23,0129,Terra,MODIS,59,6.2,312,13.6,D,0
-14.289,132.8445,345.1,1,1,2014-09-23,0129,Terra,MODIS,89,6.2,309.7,34.8,D,0
-17.5262,131.9528,331,1,1,2014-09-23,0129,Terra,MODIS,63,6.2,311.6,9.7,D,0
-17.5337,131.9419,361.6,1,1,2014-09-23,0129,Terra,MODIS,100,6.2,315.9,69.5,D,0
-17.5352,131.9514,359.3,1,1,2014-09-23,0129,Terra,MODIS,99,6.2,314.4,63.8,D,0
-17.5371,131.9028,338.5,1,1,2014-09-23,0129,Terra,MODIS,56,6.2,311.8,23.3,D,0
-17.5428,131.9405,344,1,1,2014-09-23,0129,Terra,MODIS,89,6.2,315.9,28.5,D,0
-14.211,132.4482,332.7,1,1,2014-09-23,0129,Terra,MODIS,74,6.2,306.8,15.4,D,0
-17.5442,131.9499,336.7,1,1,2014-09-23,0129,Terra,MODIS,66,6.2,312.2,17.1,D,0
-17.547,131.9688,336.9,1,1,2014-09-23,0129,Terra,MODIS,62,6.2,313.6,17.5,D,0
-17.5504,131.9296,349.3,1,1,2014-09-23,0129,Terra,MODIS,93,6.2,317,39.5,D,0
-17.5518,131.9391,345.8,1,1,2014-09-23,0129,Terra,MODIS,91,6.2,314.7,32.7,D,0
-17.4708,131.7097,366.5,1,1,2014-09-23,0129,Terra,MODIS,100,6.2,305.1,94.4,D,0
-17.4693,131.7001,379.6,1,1,2014-09-23,0129,Terra,MODIS,100,6.2,307.5,142.3,D,0
-17.4679,131.6906,356,1,1,2014-09-23,0129,Terra,MODIS,97,6.2,304.8,65.3,D,0
-17.4664,131.6811,378.1,1,1,2014-09-23,0129,Terra,MODIS,100,6.2,308.9,137.7,D,0
-17.465,131.6716,393.2,1,1,2014-09-23,0129,Terra,MODIS,100,6.2,314.1,209.2,D,0
-17.4705,131.7649,349,1,1,2014-09-23,0129,Terra,MODIS,93,6.2,305,49.4,D,0
-14.2876,132.8353,365.7,1,1,2014-09-23,0129,Terra,MODIS,100,6.2,313.1,85,D,0
-17.5219,131.9245,363,1,1,2014-09-23,0129,Terra,MODIS,100,6.2,313.2,76.3,D,0
-17.4657,131.7948,343.2,1,1,2014-09-23,0129,Terra,MODIS,88,6.2,312.1,34.5,D,0
-17.4672,131.8043,356.2,1,1,2014-09-23,0129,Terra,MODIS,97,6.2,314.6,60.8,D,0
-17.4686,131.8138,380,1,1,2014-09-23,0129,Terra,MODIS,100,6.2,316.5,137.5,D,0
-17.47,131.8233,345.9,1,1,2014-09-23,0129,Terra,MODIS,91,6.2,311.1,36.9,D,0
-17.4719,131.7744,377.2,1,1,2014-09-23,0129,Terra,MODIS,100,6.2,310.2,133.5,D,0
-17.4733,131.7839,427.5,1,1,2014-09-23,0129,Terra,MODIS,100,6.2,324.9,458,D,0
-17.4748,131.7934,363.5,1,1,2014-09-23,0129,Terra,MODIS,100,6.2,316.7,84.3,D,0
-17.4762,131.8029,373.4,1,1,2014-09-23,0129,Terra,MODIS,100,6.2,317.8,114.9,D,0
-17.4776,131.8123,352,1,1,2014-09-23,0129,Terra,MODIS,95,6.2,310.7,49.1,D,0
-17.4809,131.7761,354.2,1,1,2014-09-23,0129,Terra,MODIS,96,6.2,305.2,61.2,D,0
-17.4823,131.7856,407.4,1,1,2014-09-23,0129,Terra,MODIS,100,6.2,318.1,293.2,D,0
-17.4838,131.7951,448.2,1,1,2014-09-23,0129,Terra,MODIS,100,6.2,342.3,687.4,D,0
-17.4852,131.8046,372.8,1,1,2014-09-23,0129,Terra,MODIS,100,6.2,314,113.4,D,0
-17.4914,131.7841,353.7,1,1,2014-09-23,0129,Terra,MODIS,96,6.2,302.5,60.1,D,0
-17.4928,131.7936,412,1,1,2014-09-23,0129,Terra,MODIS,100,6.2,308.9,326.1,D,0
-17.4943,131.8031,331.5,1,1,2014-09-23,0129,Terra,MODIS,69,6.2,306,17.4,D,0
-17.5537,131.8904,330.4,1,1,2014-09-23,0129,Terra,MODIS,46,6.2,308.4,12.9,D,0
-14.2786,132.8367,342.7,1,1,2014-09-23,0129,Terra,MODIS,87,6.2,312.6,30.6,D,0
-17.5182,132.2684,339.4,1,1,2014-09-23,0129,Terra,MODIS,85,6.2,313.6,26.5,D,0
-17.5272,132.267,324.9,1,1,2014-09-23,0129,Terra,MODIS,41,6.2,310.2,7.9,D,0
-17.5579,131.9187,402.2,1,1,2014-09-23,0129,Terra,MODIS,100,6.2,328.3,248.2,D,0
-17.5594,131.9282,439.5,1,1,2014-09-23,0129,Terra,MODIS,100,6.2,331.1,571.6,D,0
-17.5608,131.9376,346.4,1,1,2014-09-23,0129,Terra,MODIS,91,6.2,310.5,37.1,D,0
-17.5641,131.8984,349.7,1,1,2014-09-23,0129,Terra,MODIS,93,6.2,311.5,46.1,D,0
-17.5655,131.9079,371.8,1,1,2014-09-23,0129,Terra,MODIS,100,6.2,315.1,107.9,D,0
-17.567,131.9173,409.1,1,1,2014-09-23,0129,Terra,MODIS,100,6.2,317,300.4,D,0
-17.5684,131.9267,388.3,1,1,2014-09-23,0129,Terra,MODIS,100,6.2,308.6,177.5,D,0
-17.5731,131.897,328.7,1,1,2014-09-23,0129,Terra,MODIS,69,6.2,308,14.9,D,0
-17.5749,132.0318,373,1,1,2014-09-23,0129,Terra,MODIS,100,6.2,316,106.2,D,0
-17.5783,131.9927,339.4,1,1,2014-09-23,0129,Terra,MODIS,79,6.2,314.7,20.5,D,0
-17.5797,132.0021,353.7,1,1,2014-09-23,0129,Terra,MODIS,96,6.2,316.7,47.9,D,0
-17.5811,132.0116,337.7,1,1,2014-09-23,0129,Terra,MODIS,43,6.2,314.9,17.8,D,0
-17.5825,132.021,366.7,1,1,2014-09-23,0129,Terra,MODIS,100,6.2,315.3,85.7,D,0
-17.5839,132.0304,347.9,1,1,2014-09-23,0129,Terra,MODIS,90,6.2,310.6,39.2,D,0
-17.5859,131.9819,339.1,1,1,2014-09-23,0129,Terra,MODIS,57,6.2,312.9,23.6,D,0
-17.5873,131.9913,368,1,1,2014-09-23,0129,Terra,MODIS,100,6.2,315,91,D,0
-17.5887,132.0007,380.4,1,1,2014-09-23,0129,Terra,MODIS,100,6.2,316.4,137.2,D,0
-17.5901,132.0101,403.3,1,1,2014-09-23,0129,Terra,MODIS,100,6.2,321.9,258.7,D,0
-17.5915,132.0195,340.9,1,1,2014-09-23,0129,Terra,MODIS,84,6.2,310.7,28.1,D,0
-17.5949,131.9804,338.5,1,1,2014-09-23,0129,Terra,MODIS,84,6.2,309.9,26.8,D,0
-17.5963,131.9898,342.8,1,1,2014-09-23,0129,Terra,MODIS,88,6.2,308.2,33.7,D,0
-17.5597,132.0535,362.5,1,1,2014-09-23,0129,Terra,MODIS,100,6.2,315.8,73,D,0
-17.5468,132.1517,379.6,1,1,2014-09-23,0129,Terra,MODIS,100,6.2,310.2,136.5,D,0
-17.5454,132.1423,355.3,1,1,2014-09-23,0129,Terra,MODIS,97,6.2,309.7,59.1,D,0
-17.5392,132.1625,368.6,1,1,2014-09-23,0129,Terra,MODIS,100,6.2,315.9,95.1,D,0
-17.5378,132.1532,379.2,1,1,2014-09-23,0129,Terra,MODIS,100,6.2,320.8,133.1,D,0
-17.5364,132.1438,350.8,1,1,2014-09-23,0129,Terra,MODIS,94,6.2,314.1,47.4,D,0
-17.535,132.1344,336.5,1,1,2014-09-23,0129,Terra,MODIS,74,6.2,311.3,21,D,0
-17.5326,132.1797,333.7,1,1,2014-09-23,0129,Terra,MODIS,33,6.2,312,15,D,0
-17.5312,132.1703,359.6,1,1,2014-09-23,0129,Terra,MODIS,99,6.2,316.2,65.7,D,0
-17.5298,132.161,339.1,1,1,2014-09-23,0129,Terra,MODIS,68,6.2,315.9,20.9,D,0
-17.4879,132.3115,341.5,1,1,2014-09-23,0129,Terra,MODIS,79,6.2,312.4,28,D,0
-17.5284,132.1516,334.4,1,1,2014-09-23,0129,Terra,MODIS,63,6.2,314,14.7,D,0
-17.527,132.1422,347.2,1,1,2014-09-23,0129,Terra,MODIS,92,6.2,314.4,37.4,D,0
-17.4803,132.3223,353.7,1,1,2014-09-23,0129,Terra,MODIS,96,6.2,314.7,51.1,D,0
-17.525,132.1905,341.9,1,1,2014-09-23,0129,Terra,MODIS,83,6.2,311.5,27.8,D,0
-17.5236,132.1812,363.4,1,1,2014-09-23,0129,Terra,MODIS,100,6.2,315.2,75.3,D,0
-17.5223,132.1718,342.2,1,1,2014-09-23,0129,Terra,MODIS,88,6.2,315.3,25.9,D,0
-17.4789,132.3129,344.7,1,1,2014-09-23,0129,Terra,MODIS,85,6.2,316.8,31.7,D,0
-17.5161,132.192,378.8,1,1,2014-09-23,0129,Terra,MODIS,100,6.2,317.1,129.9,D,0
-17.5147,132.1826,352.9,1,1,2014-09-23,0129,Terra,MODIS,95,6.2,316.5,47.9,D,0
-17.5071,132.1934,331.1,1,1,2014-09-23,0129,Terra,MODIS,61,6.2,314.9,10.4,D,0
-17.4755,132.3518,345.6,1,1,2014-09-23,0129,Terra,MODIS,90,6.2,313.7,37.1,D,0
-17.4741,132.3424,339.7,1,1,2014-09-23,0129,Terra,MODIS,46,6.2,312.2,23.3,D,0
-17.4727,132.3331,339.4,1,1,2014-09-23,0129,Terra,MODIS,66,6.2,314.2,23.5,D,0
-17.4713,132.3237,336.3,1,1,2014-09-23,0129,Terra,MODIS,61,6.2,316.5,18.1,D,0
-17.4672,132.3591,342.7,1,1,2014-09-23,0129,Terra,MODIS,88,6.2,316.1,30.1,D,0
-17.6974,130.9594,342.9,1.1,1,2014-09-23,0129,Terra,MODIS,89,6.2,313.1,32.6,D,0
-17.6867,130.951,338.4,1.1,1,2014-09-23,0129,Terra,MODIS,84,6.2,313,25.8,D,0
-17.6851,130.9411,328.1,1.1,1,2014-09-23,0129,Terra,MODIS,69,6.2,313.3,10.5,D,0
-17.132,138.6743,336.3,2,1.4,2014-09-23,0129,Terra,MODIS,82,6.2,308.8,68.9,D,0
-17.9275,138.6956,327.9,2.1,1.4,2014-09-23,0129,Terra,MODIS,56,6.2,317.2,19.6,D,0
-14.6282,126.4786,324,2.2,1.4,2014-09-23,0129,Terra,MODIS,50,6.2,306.6,20.7,D,0
-17.6867,138.5315,325.4,2,1.4,2014-09-23,0129,Terra,MODIS,52,6.2,313.2,21.4,D,0
-17.6888,138.5502,323.1,2,1.4,2014-09-23,0129,Terra,MODIS,28,6.2,312.2,14.2,D,0
-17.5043,138.5286,339.6,2,1.4,2014-09-23,0129,Terra,MODIS,86,6.2,315,68.7,D,0
-17.5166,138.5271,334.8,2,1.4,2014-09-23,0129,Terra,MODIS,61,6.2,314.1,49.7,D,0
-17.5289,138.5255,334,2,1.4,2014-09-23,0129,Terra,MODIS,67,6.2,311.3,53.6,D,0
-17.539,138.5056,334.3,2,1.4,2014-09-23,0129,Terra,MODIS,65,6.2,309.5,59.5,D,0
-17.0426,138.5795,330.7,2,1.4,2014-09-23,0129,Terra,MODIS,68,6.2,315.5,38.2,D,0
-17.0447,138.5978,328.1,2,1.4,2014-09-23,0129,Terra,MODIS,46,6.2,314.8,30.8,D,0
-17.057,138.5963,352.5,2,1.4,2014-09-23,0129,Terra,MODIS,95,6.2,313.3,135.2,D,0
-17.0592,138.6147,354.1,2,1.4,2014-09-23,0129,Terra,MODIS,96,6.2,313.1,146.3,D,0
-17.0715,138.6131,360.5,2,1.4,2014-09-23,0129,Terra,MODIS,100,6.2,310.6,190.7,D,0
-17.0838,138.6116,335.4,2,1.4,2014-09-23,0129,Terra,MODIS,81,6.2,308.3,59.5,D,0
-17.508,138.4537,350.8,1.9,1.4,2014-09-23,0129,Terra,MODIS,94,6.2,319.6,118.6,D,0
-17.5101,138.472,343,1.9,1.4,2014-09-23,0129,Terra,MODIS,89,6.2,318,76.9,D,0
-17.5202,138.4522,351,1.9,1.4,2014-09-23,0129,Terra,MODIS,94,6.2,313.6,127.6,D,0
-17.5224,138.4704,367.7,1.9,1.4,2014-09-23,0129,Terra,MODIS,100,6.2,319.1,246.1,D,0
-17.5246,138.4887,345.5,2,1.4,2014-09-23,0129,Terra,MODIS,79,6.2,317,102,D,0
-17.5325,138.4507,348.4,1.9,1.4,2014-09-23,0129,Terra,MODIS,93,6.2,309.8,120.3,D,0
-17.5347,138.4689,393,1.9,1.4,2014-09-23,0129,Terra,MODIS,100,6.2,315.3,532.7,D,0
-17.5369,138.4872,357.9,2,1.4,2014-09-23,0129,Terra,MODIS,98,6.2,309.7,183.1,D,0
-17.538,138.463,377,1.9,1.4,2014-09-23,0129,Terra,MODIS,100,6.2,310.4,344.3,D,0
-17.54,138.4813,349,2,1.4,2014-09-23,0129,Terra,MODIS,93,6.2,306.1,132,D,0
-17.5421,138.4997,327.4,2,1.4,2014-09-23,0129,Terra,MODIS,66,6.2,306.7,39.8,D,0
-16.7664,141.2909,319.3,3.1,1.7,2014-09-23,0129,Terra,MODIS,53,6.2,298.8,36.5,D,0
-17.0758,138.65,336.4,2,1.4,2014-09-23,0129,Terra,MODIS,70,6.2,313.6,64.5,D,0
-17.078,138.6686,332.5,2,1.4,2014-09-23,0129,Terra,MODIS,62,6.2,311,50.1,D,0
-17.0882,138.6485,363.3,2,1.4,2014-09-23,0129,Terra,MODIS,100,6.2,309.6,225.8,D,0
-17.1006,138.647,337.7,2,1.4,2014-09-23,0129,Terra,MODIS,84,6.2,304.4,75.3,D,0
-17.103,138.6402,329.1,2,1.4,2014-09-23,0129,Terra,MODIS,69,6.2,304.8,43.3,D,0
-15.193,134.3165,417.9,1,1,2014-09-23,0129,Terra,MODIS,100,6.2,315.2,384.4,D,0
-16.7695,141.32,332.2,3.1,1.7,2014-09-23,0129,Terra,MODIS,82,6.2,300.3,114.9,D,0
-16.7676,141.3147,335,3.1,1.7,2014-09-23,0129,Terra,MODIS,84,6.2,299.9,136.2,D,0
-17.3528,131.7802,325.1,1,1,2014-09-23,0129,Terra,MODIS,37,6.2,308.5,7.3,D,0
-17.3953,131.7576,332.7,1,1,2014-09-23,0129,Terra,MODIS,44,6.2,310.9,16.4,D,0
-17.3967,131.7671,361.5,1,1,2014-09-23,0129,Terra,MODIS,100,6.2,310.5,76,D,0
-17.401,131.7955,330.4,1,1,2014-09-23,0129,Terra,MODIS,69,6.2,309.2,14.5,D,0
-17.4029,131.7466,336.8,1,1,2014-09-23,0129,Terra,MODIS,74,6.2,311.8,19.4,D,0
-17.4043,131.7561,347.2,1,1,2014-09-23,0129,Terra,MODIS,92,6.2,311.2,40.5,D,0
-17.4119,131.7452,346.1,1,1,2014-09-23,0129,Terra,MODIS,91,6.2,313.2,36.4,D,0
-17.4134,131.7547,330.2,1,1,2014-09-23,0129,Terra,MODIS,17,6.2,308.9,11.9,D,0
-17.4191,131.7926,351.6,1,1,2014-09-23,0129,Terra,MODIS,95,6.2,310.7,50.4,D,0
-17.4205,131.8021,335.5,1,1,2014-09-23,0129,Terra,MODIS,69,6.2,309.3,19.9,D,0
-17.421,131.7437,406,1,1,2014-09-23,0129,Terra,MODIS,100,6.2,321.2,278.7,D,0
-17.4282,131.7912,326.3,1,1,2014-09-23,0129,Terra,MODIS,19,6.2,307.3,8.9,D,0
-17.4296,131.8006,325.7,1,1,2014-09-23,0129,Terra,MODIS,29,6.2,308.3,7.6,D,0
-17.43,131.7422,400.6,1,1,2014-09-23,0129,Terra,MODIS,100,6.2,313.6,245.2,D,0
-17.4386,131.7992,343.9,1,1,2014-09-23,0129,Terra,MODIS,89,6.2,311.3,33.1,D,0
-17.4401,131.8087,335.7,1,1,2014-09-23,0129,Terra,MODIS,63,6.2,311.5,17.6,D,0
-17.439,131.7408,336.6,1,1,2014-09-23,0129,Terra,MODIS,82,6.2,306.4,21.8,D,0
-17.4477,131.7977,339,1,1,2014-09-23,0129,Terra,MODIS,70,6.2,312.1,23.8,D,0
-17.4491,131.8072,334.7,1,1,2014-09-23,0129,Terra,MODIS,27,6.2,311.3,15.4,D,0
-17.4538,131.7773,333.3,1,1,2014-09-23,0129,Terra,MODIS,63,6.2,310.6,17.3,D,0
-17.4553,131.7868,342.9,1,1,2014-09-23,0129,Terra,MODIS,88,6.2,311.7,32.9,D,0
-17.4567,131.7963,354.2,1,1,2014-09-23,0129,Terra,MODIS,96,6.2,313.6,55.8,D,0
-17.4581,131.8058,343.6,1,1,2014-09-23,0129,Terra,MODIS,89,6.2,311.2,31.8,D,0
-17.4596,131.8152,335.9,1,1,2014-09-23,0129,Terra,MODIS,81,6.2,311.4,19,D,0
-17.4614,131.7664,351.5,1,1,2014-09-23,0129,Terra,MODIS,95,6.2,309.2,52.2,D,0
-17.4629,131.7758,336.2,1,1,2014-09-23,0129,Terra,MODIS,77,6.2,309.5,23.2,D,0
-17.4643,131.7853,340.4,1,1,2014-09-23,0129,Terra,MODIS,86,6.2,312.5,30.5,D,0
-16.7041,132.7385,326.2,1,1,2014-09-23,0129,Terra,MODIS,39,6.2,312.5,5.7,D,0
-16.7131,132.7372,339.8,1,1,2014-09-23,0129,Terra,MODIS,85,6.2,313.3,23.9,D,0
-17.3504,131.7027,350.8,1,1,2014-09-23,0129,Terra,MODIS,94,6.2,311.1,50.8,D,0
-17.3518,131.7122,328.9,1,1,2014-09-23,0129,Terra,MODIS,39,6.2,309.6,12.5,D,0
-17.3594,131.7012,342,1,1,2014-09-23,0129,Terra,MODIS,87,6.2,307.8,32.9,D,0
-17.1701,131.8512,334.4,1,1,2014-09-23,0129,Terra,MODIS,79,6.2,314.2,15.6,D,0
-17.2826,132.2318,330.4,1,1,2014-09-23,0129,Terra,MODIS,54,6.2,314.4,9.3,D,0
-17.2902,132.221,352,1,1,2014-09-23,0129,Terra,MODIS,95,6.2,316.9,46.2,D,0
-17.2916,132.2304,343.9,1,1,2014-09-23,0129,Terra,MODIS,89,6.2,313,30.3,D,0
-17.4105,131.7357,338.3,1,1,2014-09-23,0129,Terra,MODIS,84,6.2,312.3,21.4,D,0
-17.4181,131.7247,335,1,1,2014-09-23,0129,Terra,MODIS,49,6.2,312.1,14.9,D,0
-17.4195,131.7342,383.7,1,1,2014-09-23,0129,Terra,MODIS,100,6.2,321.9,152.6,D,0
-17.4271,131.7233,357,1,1,2014-09-23,0129,Terra,MODIS,98,6.2,316.5,58.6,D,0
-17.4286,131.7328,439.2,1,1,2014-09-23,0129,Terra,MODIS,100,6.2,329.8,574.6,D,0
-17.4347,131.7123,338.4,1,1,2014-09-23,0129,Terra,MODIS,84,6.2,313.9,21.2,D,0
-17.4362,131.7218,411,1,1,2014-09-23,0129,Terra,MODIS,100,6.2,325.5,313.8,D,0
-17.4376,131.7313,458.6,1,1,2014-09-23,0129,Terra,MODIS,100,6.2,332,829.4,D,0
-17.4395,131.6823,337.9,1,1,2014-09-23,0129,Terra,MODIS,80,6.2,310.3,20,D,0
-17.4409,131.6918,338.5,1,1,2014-09-23,0129,Terra,MODIS,71,6.2,311.9,17.8,D,0
-17.4438,131.7108,345.9,1,1,2014-09-23,0129,Terra,MODIS,91,6.2,316,35.1,D,0
-17.4452,131.7203,433.5,1,1,2014-09-23,0129,Terra,MODIS,100,6.2,329.8,514.5,D,0
-17.4467,131.7298,395.9,1,1,2014-09-23,0129,Terra,MODIS,100,6.2,310.2,217.2,D,0
-17.4485,131.6808,335.5,1,1,2014-09-23,0129,Terra,MODIS,47,6.2,311,16.1,D,0
-17.45,131.6903,340.2,1,1,2014-09-23,0129,Terra,MODIS,47,6.2,313.5,26.4,D,0
-17.4514,131.6999,349.2,1,1,2014-09-23,0129,Terra,MODIS,82,6.2,316.4,43.6,D,0
-17.4528,131.7094,400.6,1,1,2014-09-23,0129,Terra,MODIS,100,6.2,325.4,246.4,D,0
-17.4543,131.7189,450.8,1,1,2014-09-23,0129,Terra,MODIS,100,6.2,328.1,723.2,D,0
-17.4557,131.7284,329.8,1,1,2014-09-23,0129,Terra,MODIS,51,6.2,303.9,14.2,D,0
-17.4576,131.6794,353.7,1,1,2014-09-23,0129,Terra,MODIS,95,6.2,314.9,55.9,D,0
-17.459,131.6889,418.5,1,1,2014-09-23,0129,Terra,MODIS,100,6.2,322.6,377.5,D,0
-17.4604,131.6984,409.9,1,1,2014-09-23,0129,Terra,MODIS,100,6.2,324.6,311.3,D,0
-17.4619,131.7079,445.7,1,1,2014-09-23,0129,Terra,MODIS,100,6.2,331.7,659.8,D,0
-17.4633,131.7174,385,1,1,2014-09-23,0129,Terra,MODIS,100,6.2,308.3,166.6,D,0
-17.4635,131.6621,363.3,1,1,2014-09-23,0129,Terra,MODIS,100,6.2,309.7,86.7,D,0
-17.0975,132.2257,335.4,1,1,2014-09-23,0129,Terra,MODIS,71,6.2,315.9,20.6,D,0
-17.0989,132.235,365,1,1,2014-09-23,0129,Terra,MODIS,100,6.2,316.9,83.7,D,0
-17.1003,132.2444,358.1,1,1,2014-09-23,0129,Terra,MODIS,98,6.2,316.3,62.9,D,0
-17.1017,132.2538,340.5,1,1,2014-09-23,0129,Terra,MODIS,86,6.2,316.1,27.2,D,0
-17.1065,132.2243,366,1,1,2014-09-23,0129,Terra,MODIS,100,6.2,313.8,87.4,D,0
-17.1079,132.2336,349.4,1,1,2014-09-23,0129,Terra,MODIS,93,6.2,310.8,43.1,D,0
-17.1093,132.243,346.5,1,1,2014-09-23,0129,Terra,MODIS,88,6.2,313.7,36.3,D,0
-17.1287,132.2495,339.8,1,1,2014-09-23,0129,Terra,MODIS,85,6.2,314.3,27.7,D,0
-17.1377,132.2481,335.5,1,1,2014-09-23,0129,Terra,MODIS,80,6.2,311.5,20.9,D,0
-17.2487,131.8228,339.2,1,1,2014-09-23,0129,Terra,MODIS,84,6.2,315.2,24.2,D,0
-17.2501,131.8323,353.8,1,1,2014-09-23,0129,Terra,MODIS,96,6.2,313.7,53.7,D,0
-17.252,131.7834,335.7,1,1,2014-09-23,0129,Terra,MODIS,59,6.2,314.9,14.8,D,0
-17.2549,131.8024,336.9,1,1,2014-09-23,0129,Terra,MODIS,82,6.2,316.2,19.4,D,0
-17.2563,131.8119,373.1,1,1,2014-09-23,0129,Terra,MODIS,100,6.2,318.7,110.1,D,0
-17.2577,131.8214,350,1,1,2014-09-23,0129,Terra,MODIS,93,6.2,312.8,46.4,D,0
-17.2592,131.8308,326.5,1,1,2014-09-23,0129,Terra,MODIS,47,6.2,310,8.6,D,0
-17.261,131.782,362.2,1,1,2014-09-23,0129,Terra,MODIS,100,6.2,316.5,73,D,0
-17.2639,131.8009,374.2,1,1,2014-09-23,0129,Terra,MODIS,100,6.2,317,115.7,D,0
-17.2653,131.8104,372.7,1,1,2014-09-23,0129,Terra,MODIS,100,6.2,314.3,110.1,D,0
-17.2701,131.7805,376.5,1,1,2014-09-23,0129,Terra,MODIS,100,6.2,317,121.9,D,0
-17.2729,131.7995,340.2,1,1,2014-09-23,0129,Terra,MODIS,85,6.2,309.8,29.7,D,0
-17.2791,131.7791,349.1,1,1,2014-09-23,0129,Terra,MODIS,76,6.2,309.4,43,D,0
-17.2877,131.836,340.4,1,1,2014-09-23,0129,Terra,MODIS,85,6.2,312.5,28.4,D,0
-16.6987,132.765,331.5,1,1,2014-09-23,0129,Terra,MODIS,72,6.2,314.8,11.1,D,0
-16.7001,132.7743,330.5,1,1,2014-09-23,0129,Terra,MODIS,58,6.2,312.9,11,D,0
-17.1895,132.0414,329.7,1,1,2014-09-23,0129,Terra,MODIS,41,6.2,312,9.3,D,0
-17.1929,132.0022,331.2,1,1,2014-09-23,0129,Terra,MODIS,49,6.2,314.4,11,D,0
-17.2208,132.0653,335.5,1,1,2014-09-23,0129,Terra,MODIS,75,6.2,311.4,19.2,D,0
-17.1369,132.1811,332.1,1,1,2014-09-23,0129,Terra,MODIS,76,6.2,310.2,14,D,0
-17.1459,132.1797,326.4,1,1,2014-09-23,0129,Terra,MODIS,46,6.2,311.8,7,D,0
-17.5064,138.5471,337.5,2,1.4,2014-09-23,0129,Terra,MODIS,82,6.2,312.4,63.2,D,0
-16.9812,132.6198,331.9,1,1,2014-09-23,0129,Terra,MODIS,42,6.2,313.2,12.9,D,0
-17.3173,131.9119,332.5,1,1,2014-09-23,0129,Terra,MODIS,76,6.2,312.5,15.3,D,0
-17.3187,131.9213,332.3,1,1,2014-09-23,0129,Terra,MODIS,75,6.2,311.7,15.4,D,0
-17.3263,131.9104,335.6,1,1,2014-09-23,0129,Terra,MODIS,80,6.2,310.4,19.9,D,0
-17.3933,132.4187,328.8,1,1,2014-09-23,0129,Terra,MODIS,44,6.2,313.2,8.9,D,0
-16.7387,132.7237,330.8,1,1,2014-09-23,0129,Terra,MODIS,46,6.2,312.2,11.2,D,0
-16.7401,132.733,333.4,1,1,2014-09-23,0129,Terra,MODIS,55,6.2,310.8,13.9,D,0
-16.7055,132.7479,335.5,1,1,2014-09-23,0129,Terra,MODIS,80,6.2,311.6,17.6,D,0
-16.7069,132.7572,346.5,1,1,2014-09-23,0129,Terra,MODIS,91,6.2,313.5,36.7,D,0
-16.7082,132.7665,340.3,1,1,2014-09-23,0129,Terra,MODIS,86,6.2,312.4,26.3,D,0
-16.7145,132.7465,369.3,1,1,2014-09-23,0129,Terra,MODIS,100,6.2,314.5,94.3,D,0
-16.7414,132.7423,335.7,1,1,2014-09-23,0129,Terra,MODIS,65,6.2,310.6,16.8,D,0
-16.6802,130.7164,328.8,1.1,1,2014-09-23,0129,Terra,MODIS,66,6.2,311.6,11.8,D,0
-16.7006,130.7235,334.3,1.1,1,2014-09-23,0129,Terra,MODIS,78,6.2,311.5,19.8,D,0
-16.7083,130.7117,325.3,1.1,1,2014-09-23,0129,Terra,MODIS,52,6.2,309.8,7.8,D,0
-16.71,130.722,333.5,1.1,1,2014-09-23,0129,Terra,MODIS,78,6.2,310.7,19.9,D,0
-17.2978,132.2102,332.5,1,1,2014-09-23,0129,Terra,MODIS,76,6.2,315.9,11,D,0
-17.2992,132.2196,351.6,1,1,2014-09-23,0129,Terra,MODIS,94,6.2,314.4,45.6,D,0
-17.1343,131.9794,335.1,1,1,2014-09-23,0129,Terra,MODIS,66,6.2,315.7,18.2,D,0
-17.1357,131.9888,341.4,1,1,2014-09-23,0129,Terra,MODIS,87,6.2,313.4,29,D,0
-17.1421,131.9717,352.3,1,1,2014-09-23,0129,Terra,MODIS,95,6.2,315.9,50.1,D,0
-17.1435,131.9812,353.4,1,1,2014-09-23,0129,Terra,MODIS,96,6.2,313.1,53.9,D,0
-17.1497,131.9609,375.2,1,1,2014-09-23,0129,Terra,MODIS,100,6.2,318.9,116.8,D,0
-17.1511,131.9703,403.6,1,1,2014-09-23,0129,Terra,MODIS,100,6.2,319.4,259.9,D,0
-17.1601,131.9689,336.9,1,1,2014-09-23,0129,Terra,MODIS,78,6.2,312.5,18.4,D,0
-17.2686,131.771,363.1,1,1,2014-09-23,0129,Terra,MODIS,100,6.2,320.8,74.6,D,0
-17.2777,131.7696,388.6,1,1,2014-09-23,0129,Terra,MODIS,100,6.2,319.6,174.8,D,0
-17.2824,131.7396,332.8,1,1,2014-09-23,0129,Terra,MODIS,44,6.2,313,15.4,D,0
-17.2839,131.7491,337.3,1,1,2014-09-23,0129,Terra,MODIS,55,6.2,316.3,21.7,D,0
-17.2853,131.7586,355.8,1,1,2014-09-23,0129,Terra,MODIS,92,6.2,319.8,57.7,D,0
-17.2867,131.7681,364.3,1,1,2014-09-23,0129,Terra,MODIS,100,6.2,311.3,84.1,D,0
-17.2913,131.7415,349.8,1,1,2014-09-23,0129,Terra,MODIS,93,6.2,312.1,48.1,D,0
-17.2928,131.7509,388,1,1,2014-09-23,0129,Terra,MODIS,100,6.2,320.7,177.8,D,0
-17.2942,131.7604,391.5,1,1,2014-09-23,0129,Terra,MODIS,100,6.2,319.9,196.1,D,0
-17.3156,131.7181,326.7,1,1,2014-09-23,0129,Terra,MODIS,63,6.2,309.7,10.6,D,0
-17.317,131.7276,337.9,1,1,2014-09-23,0129,Terra,MODIS,83,6.2,309.4,26.6,D,0
-17.3228,131.7656,336.9,1,1,2014-09-23,0129,Terra,MODIS,82,6.2,304.1,25.4,D,0
-17.3514,131.7707,328.3,1,1,2014-09-23,0129,Terra,MODIS,63,6.2,308.5,11.7,D,0
-17.3547,131.7312,344.5,1,1,2014-09-23,0129,Terra,MODIS,89,6.2,309.8,35.6,D,0
-17.3561,131.7407,327.3,1,1,2014-09-23,0129,Terra,MODIS,46,6.2,307.6,9.6,D,0
-17.3742,131.7378,336.5,1,1,2014-09-23,0129,Terra,MODIS,81,6.2,308.5,20.1,D,0
-17.0362,132.3085,337.3,1,1,2014-09-23,0129,Terra,MODIS,76,6.2,314.9,20.5,D,0
-17.0424,132.2884,334.6,1,1,2014-09-23,0129,Terra,MODIS,70,6.2,315.4,16.2,D,0
-17.0438,132.2978,338.6,1,1,2014-09-23,0129,Terra,MODIS,84,6.2,314.1,22.5,D,0
-17.0416,132.2215,363.3,1,1,2014-09-23,0129,Terra,MODIS,100,6.2,317.4,74.9,D,0
-17.0486,132.2683,345,1,1,2014-09-23,0129,Terra,MODIS,90,6.2,316.4,31.2,D,0
-17.05,132.2776,342.8,1,1,2014-09-23,0129,Terra,MODIS,86,6.2,313.9,28,D,0
-17.0513,132.287,347,1,1,2014-09-23,0129,Terra,MODIS,91,6.2,311.9,37,D,0
-17.0561,132.2575,347.7,1,1,2014-09-23,0129,Terra,MODIS,92,6.2,316.8,35.8,D,0
-17.0637,132.2467,358.7,1,1,2014-09-23,0129,Terra,MODIS,99,6.2,317.8,60,D,0
-17.0651,132.2561,362.5,1,1,2014-09-23,0129,Terra,MODIS,100,6.2,313.5,72.5,D,0
-15.1602,134.3372,361.2,1,1,2014-09-23,0129,Terra,MODIS,100,6.2,315,72,D,0
-15.1615,134.3468,362.9,1,1,2014-09-23,0129,Terra,MODIS,100,6.2,316.2,79.3,D,0
-15.1524,134.3482,343.6,1,1,2014-09-23,0129,Terra,MODIS,88,6.2,315.8,32.3,D,0
-15.151,134.3385,333.7,1,1,2014-09-23,0129,Terra,MODIS,51,6.2,315.3,13.6,D,0
-16.902,135.4829,331.6,1.2,1.1,2014-09-23,0129,Terra,MODIS,75,6.2,313.7,18.5,D,0
-16.9119,135.4815,333.3,1.2,1.1,2014-09-23,0129,Terra,MODIS,72,6.2,311.9,21.3,D,0
-14.595,133.2312,340.7,1,1,2014-09-23,0129,Terra,MODIS,85,6.2,310.5,26.4,D,0
-15.1917,134.3068,370.5,1,1,2014-09-23,0129,Terra,MODIS,100,6.2,312.5,108.2,D,0
-15.1903,134.2972,381.7,1,1,2014-09-23,0129,Terra,MODIS,100,6.2,313,154.3,D,0
-15.2086,134.2945,339.1,1,1,2014-09-23,0129,Terra,MODIS,84,6.2,300.3,34.3,D,0
-15.173,134.2959,331.9,1,1,2014-09-23,0129,Terra,MODIS,66,6.2,311.7,15.9,D,0
-15.1852,134.3275,366.6,1,1,2014-09-23,0129,Terra,MODIS,100,6.2,310.2,93.1,D,0
-15.1839,134.3179,379.8,1,1,2014-09-23,0129,Terra,MODIS,100,6.2,316.6,143.1,D,0
-15.1744,134.3056,345.9,1,1,2014-09-23,0129,Terra,MODIS,90,6.2,314.2,38.4,D,0
-15.21,134.3041,335.1,1,1,2014-09-23,0129,Terra,MODIS,79,6.2,299.6,27.2,D,0
-15.1679,134.3262,380.5,1,1,2014-09-23,0129,Terra,MODIS,100,6.2,316.7,142.8,D,0
-15.1812,134.2986,343.7,1,1,2014-09-23,0129,Terra,MODIS,88,6.2,310.4,35.4,D,0
-15.2008,134.3055,395.3,1,1,2014-09-23,0129,Terra,MODIS,100,6.2,311.1,228.6,D,0
-15.2022,134.3151,347.4,1,1,2014-09-23,0129,Terra,MODIS,91,6.2,304,48.1,D,0
-15.1666,134.3166,340.5,1,1,2014-09-23,0129,Terra,MODIS,85,6.2,316.3,24.7,D,0
-15.1995,134.2958,412.5,1,1,2014-09-23,0129,Terra,MODIS,100,6.2,312.1,346.7,D,0
-15.1757,134.3152,349.8,1,1,2014-09-23,0129,Terra,MODIS,93,6.2,315.1,46.6,D,0
-15.1825,134.3082,351.6,1,1,2014-09-23,0129,Terra,MODIS,94,6.2,312.8,50.3,D,0
-15.1707,134.3455,343.5,1,1,2014-09-23,0129,Terra,MODIS,82,6.2,311.6,32.3,D,0
-15.1693,134.3358,351.9,1,1,2014-09-23,0129,Terra,MODIS,95,6.2,311.7,48.7,D,0
-15.1944,134.3262,342.8,1,1,2014-09-23,0129,Terra,MODIS,88,6.2,305.3,33.7,D,0
-15.1798,134.2889,333.3,1,1,2014-09-23,0129,Terra,MODIS,64,6.2,308.2,18.6,D,0
-15.1771,134.3248,365.3,1,1,2014-09-23,0129,Terra,MODIS,100,6.2,314.4,87.7,D,0
-15.1785,134.3345,358.6,1,1,2014-09-23,0129,Terra,MODIS,99,6.2,308.7,68.5,D,0
-17.7341,130.9671,338.4,1.1,1,2014-09-23,0130,Terra,MODIS,82,6.2,313.1,25.5,D,0
-17.7325,130.9572,337.6,1.1,1,2014-09-23,0130,Terra,MODIS,81,6.2,312,22.6,D,0
-17.7433,130.9656,339.7,1.1,1,2014-09-23,0130,Terra,MODIS,86,6.2,313.1,29,D,0
-17.7525,130.964,328.3,1.1,1,2014-09-23,0130,Terra,MODIS,68,6.2,310.2,12.8,D,0
-19.3919,133.3972,325.8,1,1,2014-09-23,0130,Terra,MODIS,49,6.2,313.7,7.9,D,0
-19.4181,133.3832,327.7,1,1,2014-09-23,0130,Terra,MODIS,65,6.2,313.2,10.5,D,0
-19.4195,133.3931,326.2,1,1,2014-09-23,0130,Terra,MODIS,54,6.2,313.3,8,D,0
-19.4259,133.3719,325.3,1,1,2014-09-23,0130,Terra,MODIS,38,6.2,311.9,7.7,D,0
-19.4272,133.3818,333.9,1,1,2014-09-23,0130,Terra,MODIS,78,6.2,313.8,18.9,D,0
-17.6855,123.2682,318.7,3.4,1.7,2014-09-23,0130,Terra,MODIS,12,6.2,305.6,35.2,D,0
-19.1673,128.9259,326.7,1.3,1.1,2014-09-23,0130,Terra,MODIS,56,6.2,310.6,12,D,0
-19.1573,128.9276,326.4,1.3,1.1,2014-09-23,0130,Terra,MODIS,51,6.2,309.4,11.3,D,0
-17.6755,123.2776,324.8,3.4,1.7,2014-09-23,0130,Terra,MODIS,63,6.2,305.5,69.9,D,0
-17.4329,125.5201,328,2.3,1.5,2014-09-23,0130,Terra,MODIS,33,6.2,308.8,42,D,0
-17.6762,123.3025,321.8,3.3,1.7,2014-09-23,0130,Terra,MODIS,56,6.2,304.9,55.2,D,0
-16.5601,124.3518,326.7,2.9,1.6,2014-09-23,0130,Terra,MODIS,50,6.2,306.4,63.1,D,0
-17.4421,125.5124,330.1,2.3,1.5,2014-09-23,0130,Terra,MODIS,55,6.2,310.8,49.1,D,0
-16.6724,124.3858,321.9,2.9,1.6,2014-09-23,0130,Terra,MODIS,42,6.2,308.2,32.6,D,0
-17.6815,123.3087,319.8,3.3,1.7,2014-09-23,0130,Terra,MODIS,25,6.2,304.8,40.6,D,0
-16.673,124.3796,321.5,2.9,1.6,2014-09-23,0130,Terra,MODIS,35,6.2,308.6,29,D,0
-17.4946,125.5017,324.4,2.3,1.5,2014-09-23,0130,Terra,MODIS,50,6.2,309.4,29.6,D,0
-17.4291,125.4993,339.6,2.3,1.5,2014-09-23,0130,Terra,MODIS,84,6.2,309,101.3,D,0
-17.6916,123.2992,320.6,3.3,1.7,2014-09-23,0130,Terra,MODIS,49,6.2,305.1,47.2,D,0
-17.2907,127.2805,346.5,1.7,1.3,2014-09-23,0130,Terra,MODIS,91,6.2,311.3,83.9,D,0
-17.3023,127.2785,336.5,1.7,1.3,2014-09-23,0130,Terra,MODIS,82,6.2,311.5,46.7,D,0
-17.1513,127.4573,375.7,1.7,1.3,2014-09-23,0130,Terra,MODIS,75,6.2,312.1,267.7,D,0
-17.1539,127.4727,341.5,1.7,1.3,2014-09-23,0130,Terra,MODIS,66,6.2,307.9,70.9,D,0
-17.1368,127.4536,376.4,1.7,1.3,2014-09-23,0130,Terra,MODIS,75,6.2,311.3,270.6,D,0
-17.1395,127.4687,362.4,1.7,1.3,2014-09-23,0130,Terra,MODIS,75,6.2,309.6,170,D,0
-17.1482,127.4514,361.5,1.7,1.3,2014-09-23,0130,Terra,MODIS,100,6.2,310.1,164.2,D,0
-17.1508,127.4665,364.5,1.7,1.3,2014-09-23,0130,Terra,MODIS,100,6.2,310,179.9,D,0
-17.6187,125.9684,324.8,2.1,1.4,2014-09-23,0130,Terra,MODIS,68,6.2,310,29.4,D,0
-17.1623,127.4644,359.7,1.7,1.3,2014-09-23,0130,Terra,MODIS,99,6.2,311.6,148.2,D,0
-17.1737,127.4622,352.1,1.7,1.3,2014-09-23,0130,Terra,MODIS,94,6.2,311.4,106.2,D,0
-17.1764,127.4778,344.5,1.7,1.3,2014-09-23,0130,Terra,MODIS,76,6.2,311.5,71,D,0
-17.6179,125.9616,323.2,2.1,1.4,2014-09-23,0130,Terra,MODIS,62,6.2,309.5,23.9,D,0
-17.2586,127.5531,338.1,1.7,1.3,2014-09-23,0130,Terra,MODIS,84,6.2,312.9,50.2,D,0
-17.6054,125.9651,334.4,2.1,1.4,2014-09-23,0130,Terra,MODIS,82,6.2,308.8,64.2,D,0
-17.6062,125.9719,333,2.1,1.4,2014-09-23,0130,Terra,MODIS,80,6.2,309.4,60.2,D,0
-17.6027,125.9519,322.9,2.1,1.4,2014-09-23,0130,Terra,MODIS,59,6.2,306.9,23.4,D,0
-17.2915,127.3363,341.2,1.7,1.3,2014-09-23,0130,Terra,MODIS,87,6.2,312.2,61.8,D,0
-17.4127,127.4374,339.2,1.7,1.3,2014-09-23,0130,Terra,MODIS,85,6.2,308.7,54.7,D,0
-17.4241,127.4354,337.9,1.7,1.3,2014-09-23,0130,Terra,MODIS,84,6.2,310,50.1,D,0
-17.4215,127.4299,338.7,1.7,1.3,2014-09-23,0130,Terra,MODIS,78,6.2,310.2,50.2,D,0
-17.6539,125.724,326.1,2.2,1.4,2014-09-23,0130,Terra,MODIS,71,6.2,309.8,30.1,D,0
-17.6576,125.7445,324.1,2.2,1.4,2014-09-23,0130,Terra,MODIS,66,6.2,310.6,23.3,D,0
-17.6519,125.7184,324.8,2.2,1.4,2014-09-23,0130,Terra,MODIS,26,6.2,309.9,22.9,D,0
-17.4502,127.3926,336.8,1.7,1.3,2014-09-23,0130,Terra,MODIS,76,6.2,310.2,42.2,D,0
-17.3091,127.5751,336.8,1.6,1.3,2014-09-23,0130,Terra,MODIS,76,6.2,311.7,42.6,D,0
-17.2978,127.5772,327.7,1.6,1.3,2014-09-23,0130,Terra,MODIS,41,6.2,310.6,20.8,D,0
-17.4512,125.4881,332.7,2.3,1.5,2014-09-23,0130,Terra,MODIS,71,6.2,309.5,63.7,D,0
-17.438,125.4908,336.7,2.3,1.5,2014-09-23,0130,Terra,MODIS,78,6.2,309.7,83.6,D,0
-17.4422,125.496,338.1,2.3,1.5,2014-09-23,0130,Terra,MODIS,78,6.2,310.3,90.1,D,0
-17.2528,127.5862,332.9,1.6,1.3,2014-09-23,0130,Terra,MODIS,78,6.2,309,38.7,D,0
-17.25,127.5708,354.8,1.6,1.3,2014-09-23,0130,Terra,MODIS,97,6.2,312.1,120.2,D,0
-17.2493,127.561,350.1,1.7,1.3,2014-09-23,0130,Terra,MODIS,94,6.2,311.8,100.5,D,0
-17.2519,127.5766,364.7,1.6,1.3,2014-09-23,0130,Terra,MODIS,100,6.2,311.5,177.7,D,0
-17.2605,127.5588,333.5,1.7,1.3,2014-09-23,0130,Terra,MODIS,75,6.2,312.8,35.8,D,0
-17.2363,127.4931,326.1,1.7,1.3,2014-09-23,0130,Terra,MODIS,38,6.2,312,16.4,D,0
-17.264,127.5839,323.6,1.6,1.3,2014-09-23,0130,Terra,MODIS,44,6.2,308.7,15.5,D,0
-17.2613,127.5686,334.9,1.6,1.3,2014-09-23,0130,Terra,MODIS,80,6.2,311.7,42,D,0
-17.2632,127.5743,333,1.6,1.3,2014-09-23,0130,Terra,MODIS,63,6.2,310.3,35.4,D,0
-17.5287,126.0546,324,2.1,1.4,2014-09-23,0130,Terra,MODIS,65,6.2,308.1,27.5,D,0
-17.5414,126.053,321.3,2.1,1.4,2014-09-23,0130,Terra,MODIS,39,6.2,308.1,18.9,D,0
-17.5321,126.067,325.6,2.1,1.4,2014-09-23,0130,Terra,MODIS,54,6.2,309.7,30.3,D,0
-17.3021,127.3441,326.8,1.7,1.3,2014-09-23,0130,Terra,MODIS,48,6.2,310.1,19.9,D,0
-17.2473,127.5553,344.6,1.7,1.3,2014-09-23,0130,Terra,MODIS,90,6.2,310.8,73.9,D,0
-17.238,127.5632,342.3,1.7,1.3,2014-09-23,0130,Terra,MODIS,88,6.2,308.9,70.9,D,0
-17.2406,127.5787,330.2,1.6,1.3,2014-09-23,0130,Terra,MODIS,72,6.2,308,33.5,D,0
-17.236,127.483,325.2,1.7,1.3,2014-09-23,0130,Terra,MODIS,29,6.2,310.6,13.8,D,0
-17.2246,127.4851,342.8,1.7,1.3,2014-09-23,0130,Terra,MODIS,89,6.2,311.4,66.6,D,0
-17.4529,127.4081,345.8,1.7,1.3,2014-09-23,0130,Terra,MODIS,91,6.2,312,74.9,D,0
-17.3342,127.5861,330.4,1.6,1.3,2014-09-23,0130,Terra,MODIS,62,6.2,311.9,26.1,D,0
-17.3687,127.5887,328.6,1.6,1.3,2014-09-23,0130,Terra,MODIS,52,6.2,311.4,23.4,D,0
-17.3773,127.5716,333.9,1.6,1.3,2014-09-23,0130,Terra,MODIS,79,6.2,313.1,34.5,D,0
-17.38,127.5867,332.6,1.6,1.3,2014-09-23,0130,Terra,MODIS,67,6.2,311.8,32.7,D,0
-17.4643,127.4061,337.1,1.7,1.3,2014-09-23,0130,Terra,MODIS,63,6.2,312.4,44.6,D,0
-17.2833,127.2885,332.7,1.7,1.3,2014-09-23,0130,Terra,MODIS,63,6.2,310.8,31.7,D,0
-17.2921,127.2701,334.9,1.7,1.3,2014-09-23,0130,Terra,MODIS,73,6.2,310.1,40.4,D,0
-17.2949,127.2864,357,1.7,1.3,2014-09-23,0130,Terra,MODIS,98,6.2,313.1,133.8,D,0
-17.2935,127.2962,330.2,1.7,1.3,2014-09-23,0130,Terra,MODIS,28,6.2,312.8,23.1,D,0
-17.7248,130.9686,344.1,1.1,1,2014-09-23,0130,Terra,MODIS,68,6.2,313.2,37,D,0
-17.7174,130.9663,331.9,1.1,1,2014-09-23,0130,Terra,MODIS,46,6.2,312.3,14.6,D,0
-22.6657,118.1122,335.4,4.8,2,2014-09-23,0309,Terra,MODIS,85,6.2,306.4,235.2,D,0
-22.6227,118.0231,330,4.7,2,2014-09-23,0309,Terra,MODIS,77,6.2,303.7,189.1,D,0
-22.6633,118.1058,331.6,4.8,2,2014-09-23,0309,Terra,MODIS,80,6.2,306.1,182.2,D,0
-22.6243,118.0281,336.1,4.7,2,2014-09-23,0309,Terra,MODIS,85,6.2,304.1,260.6,D,0
-22.6407,118.0215,324.4,4.7,2,2014-09-23,0309,Terra,MODIS,56,6.2,304.3,127.2,D,0
-22.6261,118.0688,327.9,4.7,2,2014-09-23,0309,Terra,MODIS,71,6.2,305.8,158.8,D,0
-22.6747,118.0102,320.7,4.7,2,2014-09-23,0309,Terra,MODIS,48,6.2,304.2,105.3,D,0
-21.4153,118.3172,319.7,4.8,2,2014-09-23,0309,Terra,MODIS,45,6.2,305.7,80.6,D,0
-21.4128,118.3124,319.3,4.8,2,2014-09-23,0309,Terra,MODIS,59,6.2,305.6,85.2,D,0
-41.731,147.8423,318.2,1,1,2014-09-23,0409,Aqua,MODIS,78,6.2,298.9,13.5,D,0
-41.9966,147.7107,343.2,1,1,2014-09-23,0409,Aqua,MODIS,93,6.2,292.4,48.3,D,0
-42.0132,147.7276,308.2,1,1,2014-09-23,0409,Aqua,MODIS,67,6.2,289.7,8.2,D,0
-41.9983,147.6983,337.8,1,1,2014-09-23,0409,Aqua,MODIS,91,6.2,294,39.1,D,0
-42.6278,147.7906,307.1,1,1,2014-09-23,0409,Aqua,MODIS,60,6.2,296.9,4.9,D,0
-42.4801,147.2998,326.1,1,1,2014-09-23,0409,Aqua,MODIS,84,6.2,296.6,23.6,D,0
-42.6477,147.6398,342.4,1,1,2014-09-23,0409,Aqua,MODIS,93,6.2,297.9,46.7,D,0
-42.2835,146.8386,320.1,1.1,1,2014-09-23,0409,Aqua,MODIS,80,6.2,295.8,17.5,D,0
-42.494,147.6294,307.4,1,1,2014-09-23,0409,Aqua,MODIS,65,6.2,293.4,6.3,D,0
-41.9485,147.6479,312.1,1,1,2014-09-23,0409,Aqua,MODIS,72,6.2,293.8,9.5,D,0
-42.1328,147.2978,306.7,1,1,2014-09-23,0409,Aqua,MODIS,64,6.2,288.5,7.3,D,0
-42.4863,147.9561,317.7,1,1,2014-09-23,0409,Aqua,MODIS,78,6.2,297.9,12.4,D,0
-42.5668,147.7053,321.3,1,1,2014-09-23,0409,Aqua,MODIS,81,6.2,298.6,16.6,D,0
-42.5652,147.7179,327.8,1,1,2014-09-23,0409,Aqua,MODIS,85,6.2,299.4,24.1,D,0
-42.5743,147.7201,312.6,1,1,2014-09-23,0409,Aqua,MODIS,50,6.2,296.4,7.9,D,0
-41.8249,147.3364,331,1,1,2014-09-23,0409,Aqua,MODIS,87,6.2,296.7,28.5,D,0
-41.8341,147.3385,318.4,1,1,2014-09-23,0409,Aqua,MODIS,78,6.2,296.1,14.1,D,0
-42.1526,146.4187,314.8,1.1,1,2014-09-23,0409,Aqua,MODIS,75,6.2,289.6,15,D,0
-41.9714,146.6381,310.1,1.1,1,2014-09-23,0409,Aqua,MODIS,70,6.2,290.3,10.5,D,0
-41.9501,147.6356,311.1,1,1,2014-09-23,0409,Aqua,MODIS,65,6.2,293.5,8.8,D,0
-41.942,147.6398,315.6,1,1,2014-09-23,0409,Aqua,MODIS,70,6.2,293.4,13.6,D,0
-42.0148,147.7151,321.2,1,1,2014-09-23,0409,Aqua,MODIS,81,6.2,289.1,19.1,D,0
-42.6493,147.6272,307.3,1,1,2014-09-23,0409,Aqua,MODIS,63,6.2,295.3,4.9,D,0
-42.4242,147.7289,305.4,1,1,2014-09-23,0409,Aqua,MODIS,61,6.2,291.9,5.6,D,0
-41.0331,147.6308,316.9,1,1,2014-09-23,0410,Aqua,MODIS,58,6.2,293.6,14.6,D,0
-41.0555,147.2655,304.9,1,1,2014-09-23,0410,Aqua,MODIS,60,6.2,292.3,5.8,D,0
-37.9606,144.64,367.9,1.1,1.1,2014-09-23,0410,Aqua,MODIS,100,6.2,303.1,127,D,0
-38.4516,144.064,328.6,1.2,1.1,2014-09-23,0410,Aqua,MODIS,64,6.2,297.5,33.2,D,0
-38.4532,144.05,308.5,1.2,1.1,2014-09-23,0410,Aqua,MODIS,48,6.2,295.8,8.5,D,0
-38.7409,143.3567,353.7,1.3,1.1,2014-09-23,0410,Aqua,MODIS,84,6.2,296.2,106.6,D,0
-38.7425,143.3415,329.3,1.3,1.1,2014-09-23,0410,Aqua,MODIS,62,6.2,294.9,41.2,D,0
-38.4519,144.073,308.2,1.2,1.1,2014-09-23,0410,Aqua,MODIS,63,6.2,297.2,7.4,D,0
-38.4535,144.059,328,1.2,1.1,2014-09-23,0410,Aqua,MODIS,85,6.2,297.6,32.4,D,0
-37.3088,147.8901,305.5,1,1,2014-09-23,0410,Aqua,MODIS,58,6.2,294.9,4.7,D,0
-37.7758,144.3019,315.4,1.2,1.1,2014-09-23,0410,Aqua,MODIS,71,6.2,298.3,11,D,0
-37.7675,144.2872,335.9,1.2,1.1,2014-09-23,0410,Aqua,MODIS,89,6.2,300.9,41.2,D,0
-37.7773,144.2889,319.8,1.2,1.1,2014-09-23,0410,Aqua,MODIS,78,6.2,298.1,16.5,D,0
-36.1924,144.4742,315.4,1.1,1.1,2014-09-23,0411,Aqua,MODIS,38,6.2,300.4,8.7,D,0
-37.5244,143.4828,311.9,1.3,1.1,2014-09-23,0411,Aqua,MODIS,69,6.2,295.8,12.9,D,0
-36.1231,147.8139,307.8,1,1,2014-09-23,0411,Aqua,MODIS,60,6.2,296.4,4.9,D,0
-36.3131,149.4889,323,1.1,1,2014-09-23,0411,Aqua,MODIS,81,6.2,292.3,21.3,D,0
-37.4395,143.2611,318.9,1.3,1.1,2014-09-23,0411,Aqua,MODIS,77,6.2,295.6,19.7,D,0
-37.4411,143.2462,323.7,1.3,1.1,2014-09-23,0411,Aqua,MODIS,81,6.2,295.3,26.7,D,0
-34.6352,142.7049,315.2,1.3,1.1,2014-09-23,0411,Aqua,MODIS,33,6.2,297,10.7,D,0
-35.1999,142.5387,324.3,1.3,1.1,2014-09-23,0411,Aqua,MODIS,70,6.2,299,21.9,D,0
-37.4082,144.9975,307.2,1.1,1,2014-09-23,0411,Aqua,MODIS,58,6.2,296.3,5.2,D,0
-35.1982,142.5535,336.2,1.3,1.1,2014-09-23,0411,Aqua,MODIS,86,6.2,303.7,44.9,D,0
-35.244,144.2759,321.9,1.1,1.1,2014-09-23,0411,Aqua,MODIS,70,6.2,307,12.1,D,0
-35.5949,145.6311,360.2,1,1,2014-09-23,0411,Aqua,MODIS,100,6.2,301.2,83.3,D,0
-34.2599,146.1256,316.1,1,1,2014-09-23,0411,Aqua,MODIS,25,6.2,305.4,4.3,D,0
-35.4674,145.7628,315.1,1,1,2014-09-23,0411,Aqua,MODIS,56,6.2,302.6,5.6,D,0
-35.6159,145.2576,317.6,1,1,2014-09-23,0411,Aqua,MODIS,65,6.2,302.5,9.1,D,0
-35.5429,145.1182,334.5,1.1,1,2014-09-23,0411,Aqua,MODIS,86,6.2,302.5,30.2,D,0
-35.5095,146.123,315.4,1,1,2014-09-23,0411,Aqua,MODIS,49,6.2,302.8,7.6,D,0
-35.4861,145.1908,344.2,1.1,1,2014-09-23,0411,Aqua,MODIS,92,6.2,303.8,46.5,D,0
-35.5812,145.5932,357.7,1,1,2014-09-23,0411,Aqua,MODIS,99,6.2,303.1,77.1,D,0
-33.8717,150.596,329.7,1.3,1.1,2014-09-23,0411,Aqua,MODIS,74,6.2,297.8,38.5,D,0
-35.3574,144.9136,328,1.1,1,2014-09-23,0411,Aqua,MODIS,79,6.2,304.3,18.8,D,0
-35.6051,145.2674,333.4,1,1,2014-09-23,0411,Aqua,MODIS,86,6.2,301.1,28.1,D,0
-34.868,145.9826,318.4,1,1,2014-09-23,0411,Aqua,MODIS,43,6.2,306.3,7.6,D,0
-35.3237,145.4655,316.5,1,1,2014-09-23,0411,Aqua,MODIS,58,6.2,306.4,6.5,D,0
-35.5781,145.5457,317.8,1,1,2014-09-23,0411,Aqua,MODIS,69,6.2,303.4,11,D,0
-35.4789,145.1946,314.5,1.1,1,2014-09-23,0411,Aqua,MODIS,46,6.2,302.5,6.3,D,0
-35.5921,145.0731,318.8,1.1,1,2014-09-23,0411,Aqua,MODIS,64,6.2,304.8,10.4,D,0
-35.3769,149.9372,310.2,1.2,1.1,2014-09-23,0411,Aqua,MODIS,48,6.2,298.3,6.7,D,0
-35.4302,145.5623,330,1,1,2014-09-23,0411,Aqua,MODIS,82,6.2,303.2,22.4,D,0
-35.8089,144.9575,309.8,1.1,1,2014-09-23,0411,Aqua,MODIS,23,6.2,298.7,4.3,D,0
-34.5396,146.2914,319.1,1,1,2014-09-23,0411,Aqua,MODIS,60,6.2,304.9,8.7,D,0
-35.5444,145.1065,348.7,1.1,1,2014-09-23,0411,Aqua,MODIS,94,6.2,303.8,56.6,D,0
-34.5381,146.3023,314.9,1,1,2014-09-23,0411,Aqua,MODIS,31,6.2,303.1,5.1,D,0
-35.3559,144.9254,341.6,1.1,1,2014-09-23,0411,Aqua,MODIS,90,6.2,307.3,40.9,D,0
-35.4497,150.3538,305.6,1.2,1.1,2014-09-23,0411,Aqua,MODIS,56,6.2,294.1,6.7,D,0
-35.3673,149.9346,314.2,1.2,1.1,2014-09-23,0411,Aqua,MODIS,73,6.2,300.8,10.6,D,0
-35.5843,145.6407,322.7,1,1,2014-09-23,0411,Aqua,MODIS,76,6.2,303.7,14.3,D,0
-34.8786,145.9734,322.9,1,1,2014-09-23,0411,Aqua,MODIS,70,6.2,307.4,11.4,D,0
-35.5766,145.5572,333.6,1,1,2014-09-23,0411,Aqua,MODIS,86,6.2,302.1,28.6,D,0
-35.4876,145.1792,328.1,1.1,1,2014-09-23,0411,Aqua,MODIS,81,6.2,302.1,20.5,D,0
-35.8197,144.9474,312.3,1.1,1,2014-09-23,0411,Aqua,MODIS,49,6.2,298.9,6.6,D,0
-36.8137,146.1205,305.8,1,1,2014-09-23,0411,Aqua,MODIS,57,6.2,295.5,5.3,D,0
-35.4367,145.5704,321.2,1,1,2014-09-23,0411,Aqua,MODIS,72,6.2,301.9,11.9,D,0
-35.5957,145.1939,316.6,1.1,1,2014-09-23,0411,Aqua,MODIS,65,6.2,302.7,9.2,D,0
-35.5161,145.6097,325.3,1,1,2014-09-23,0411,Aqua,MODIS,78,6.2,301.7,16.5,D,0
-35.3674,145.4679,318.3,1,1,2014-09-23,0411,Aqua,MODIS,65,6.2,306.6,8.4,D,0
-35.6144,145.2692,356,1,1,2014-09-23,0411,Aqua,MODIS,98,6.2,302.4,74.4,D,0
-34.2586,145.9391,339.9,1,1,2014-09-23,0411,Aqua,MODIS,88,6.2,302.5,35.6,D,0
-34.384,146.1569,316,1,1,2014-09-23,0411,Aqua,MODIS,33,6.2,302.2,6.3,D,0
-35.5379,145.009,312.4,1.1,1,2014-09-23,0411,Aqua,MODIS,44,6.2,302.1,5,D,0
-34.5095,146.3076,345.6,1,1,2014-09-23,0411,Aqua,MODIS,92,6.2,306.8,44.7,D,0
-35.4286,145.5737,335.2,1,1,2014-09-23,0411,Aqua,MODIS,86,6.2,302.4,29.2,D,0
-35.5877,145.0668,318.3,1.1,1,2014-09-23,0411,Aqua,MODIS,66,6.2,302.5,10.4,D,0
-35.4804,145.1829,325.3,1.1,1,2014-09-23,0411,Aqua,MODIS,77,6.2,304,17.3,D,0
-35.7938,145.7136,324.6,1,1,2014-09-23,0411,Aqua,MODIS,79,6.2,300.2,18.4,D,0
-35.5858,145.6293,361.2,1,1,2014-09-23,0411,Aqua,MODIS,100,6.2,305.6,86.2,D,0
-35.8334,145.6982,323.5,1,1,2014-09-23,0411,Aqua,MODIS,78,6.2,301.4,17.4,D,0
-34.4491,146.0869,324.5,1,1,2014-09-23,0411,Aqua,MODIS,73,6.2,302.5,13.5,D,0
-34.8514,145.8995,337.6,1,1,2014-09-23,0411,Aqua,MODIS,87,6.2,302.4,31.3,D,0
-35.5972,145.1822,317.8,1.1,1,2014-09-23,0411,Aqua,MODIS,69,6.2,302.5,10.4,D,0
-35.5903,145.5951,360.1,1,1,2014-09-23,0411,Aqua,MODIS,100,6.2,305.9,83.6,D,0
-35.5004,146.1211,317,1,1,2014-09-23,0411,Aqua,MODIS,57,6.2,304.2,8.9,D,0
-34.8499,145.9106,322,1,1,2014-09-23,0411,Aqua,MODIS,69,6.2,306.5,11,D,0
-34.5227,146.1584,319.6,1,1,2014-09-23,0411,Aqua,MODIS,59,6.2,307.7,8.6,D,0
-35.4696,145.1927,314.1,1.1,1,2014-09-23,0411,Aqua,MODIS,47,6.2,303.5,6.3,D,0
-36.0927,145.1899,326.2,1.1,1,2014-09-23,0411,Aqua,MODIS,81,6.2,301.8,21.4,D,0
-34.8424,145.8977,337.2,1,1,2014-09-23,0411,Aqua,MODIS,86,6.2,304,30.2,D,0
-34.8771,145.9844,325.8,1,1,2014-09-23,0411,Aqua,MODIS,75,6.2,305.6,15.3,D,0
-35.5919,145.5837,321.5,1,1,2014-09-23,0411,Aqua,MODIS,75,6.2,303.4,13.5,D,0
-35.5372,145.308,319.9,1,1,2014-09-23,0411,Aqua,MODIS,71,6.2,302,12.1,D,0
-34.2584,146.1365,319.9,1,1,2014-09-23,0411,Aqua,MODIS,57,6.2,304.3,8.1,D,0
-34.248,145.9481,350.9,1,1,2014-09-23,0411,Aqua,MODIS,95,6.2,304,55.3,D,0
-34.4616,150.872,312.5,1.3,1.1,2014-09-23,0411,Aqua,MODIS,57,6.2,300.6,8.7,D,0
-34.2495,145.9372,393.3,1,1,2014-09-23,0411,Aqua,MODIS,100,6.2,312.3,208.6,D,0
-34.257,145.95,327.1,1,1,2014-09-23,0411,Aqua,MODIS,76,6.2,306,16.8,D,0
-35.5382,145.0813,316.1,1.1,1,2014-09-23,0411,Aqua,MODIS,57,6.2,301.7,7.5,D,0
-36.0942,145.178,315.3,1.1,1,2014-09-23,0411,Aqua,MODIS,67,6.2,301.1,9.6,D,0
-35.5146,145.6211,344.2,1,1,2014-09-23,0411,Aqua,MODIS,92,6.2,305,44.9,D,0
-35.5827,145.5818,366.8,1,1,2014-09-23,0411,Aqua,MODIS,100,6.2,309,104.4,D,0
-34.511,146.2966,364.5,1,1,2014-09-23,0411,Aqua,MODIS,100,6.2,309.8,90.6,D,0
-31.9245,149.4366,317.4,1.2,1.1,2014-09-23,0412,Aqua,MODIS,56,6.2,302.8,10.7,D,0
-29.9911,150.9043,312.5,1.6,1.3,2014-09-23,0412,Aqua,MODIS,53,6.2,301,12.2,D,0
-32.8547,146.9349,338.3,1,1,2014-09-23,0412,Aqua,MODIS,83,6.2,304.6,32.7,D,0
-32.9376,148.4133,314.3,1.1,1,2014-09-23,0412,Aqua,MODIS,61,6.2,299.6,10.4,D,0
-32.6282,147.0347,357.2,1,1,2014-09-23,0412,Aqua,MODIS,98,6.2,301.8,72.3,D,0
-32.6207,147.0219,319.3,1,1,2014-09-23,0412,Aqua,MODIS,41,6.2,292.1,9.5,D,0
-33.3251,148.9915,308.2,1.1,1.1,2014-09-23,0412,Aqua,MODIS,34,6.2,297,6.9,D,0
-33.2168,149.203,324.1,1.2,1.1,2014-09-23,0412,Aqua,MODIS,79,6.2,297.8,23.7,D,0
-32.3481,147.0014,323.6,1,1,2014-09-23,0412,Aqua,MODIS,73,6.2,305,12.7,D,0
-32.339,146.9995,328.6,1,1,2014-09-23,0412,Aqua,MODIS,80,6.2,305.8,18,D,0
-32.5748,146.7178,316.4,1,1,2014-09-23,0412,Aqua,MODIS,44,6.2,304.1,5.2,D,0
-31.4688,151.2428,357.4,1.6,1.2,2014-09-23,0412,Aqua,MODIS,98,6.2,299.2,154.4,D,0
-31.472,151.2263,318.4,1.6,1.2,2014-09-23,0412,Aqua,MODIS,59,6.2,296.9,26.7,D,0
-31.468,151.2546,318.9,1.6,1.2,2014-09-23,0412,Aqua,MODIS,72,6.2,292.6,31.3,D,0
-31.4711,151.2378,352.9,1.6,1.2,2014-09-23,0412,Aqua,MODIS,97,6.2,299.3,134.3,D,0
-32.4836,151.8861,310.3,1.7,1.3,2014-09-23,0412,Aqua,MODIS,63,6.2,295,14,D,0
-32.4764,151.8789,308.3,1.7,1.3,2014-09-23,0412,Aqua,MODIS,34,6.2,296.7,9.9,D,0
-29.8052,149.3776,318.5,1.3,1.1,2014-09-23,0412,Aqua,MODIS,44,6.2,305.9,10.5,D,0
-31.7363,148.1806,334.2,1.1,1,2014-09-23,0412,Aqua,MODIS,85,6.2,303.9,29.7,D,0
-31.7381,148.2294,322.5,1.1,1.1,2014-09-23,0412,Aqua,MODIS,73,6.2,306.8,13.3,D,0
-31.7439,148.1944,319,1.1,1,2014-09-23,0412,Aqua,MODIS,63,6.2,304.8,10.6,D,0
-31.7458,148.1828,322.5,1.1,1,2014-09-23,0412,Aqua,MODIS,62,6.2,304.6,14.9,D,0
-31.7344,148.1922,333.4,1.1,1,2014-09-23,0412,Aqua,MODIS,85,6.2,304,28,D,0
-31.5222,147.9697,321.9,1.1,1,2014-09-23,0412,Aqua,MODIS,67,6.2,300.2,13.5,D,0
-26.5395,141.783,401,1.2,1.1,2014-09-23,0414,Aqua,MODIS,100,6.2,319.8,302.5,D,0
-26.5381,141.7946,429.9,1.2,1.1,2014-09-23,0414,Aqua,MODIS,100,6.2,319.2,583.6,D,0
-26.5507,141.7728,358.3,1.2,1.1,2014-09-23,0414,Aqua,MODIS,99,6.2,313.8,82.5,D,0
-26.5575,141.7977,335.2,1.2,1.1,2014-09-23,0414,Aqua,MODIS,75,6.2,302.2,27,D,0
-26.5589,141.786,346.7,1.2,1.1,2014-09-23,0414,Aqua,MODIS,91,6.2,301.5,51.5,D,0
-26.5478,141.7962,462.4,1.2,1.1,2014-09-23,0414,Aqua,MODIS,100,6.2,318.5,1084.9,D,0
-26.5492,141.7845,502.5,1.2,1.1,2014-09-23,0414,Aqua,MODIS,100,6.2,400.1,2063.6,D,0
-26.5366,141.8063,335,1.2,1.1,2014-09-23,0414,Aqua,MODIS,81,6.2,302.8,25.1,D,0
-26.541,141.7713,327.1,1.2,1.1,2014-09-23,0414,Aqua,MODIS,64,6.2,307.8,11.1,D,0
-26.5284,141.7932,336.4,1.2,1.1,2014-09-23,0414,Aqua,MODIS,82,6.2,305.8,26.8,D,0
-17.9326,138.6787,332.6,1.4,1.2,2014-09-23,0416,Aqua,MODIS,72,6.2,322.3,16.7,D,0
-17.0057,138.9448,327.1,1.3,1.1,2014-09-23,0416,Aqua,MODIS,59,6.2,312.4,17.1,D,0
-17.6978,138.537,346.4,1.4,1.2,2014-09-23,0416,Aqua,MODIS,90,6.2,313.1,65.9,D,0
-17.6994,138.524,328.9,1.4,1.2,2014-09-23,0416,Aqua,MODIS,62,6.2,311.7,21.7,D,0
-17.5372,138.5293,343.5,1.4,1.2,2014-09-23,0416,Aqua,MODIS,72,6.2,313.9,51.4,D,0
-17.5267,138.5279,345.8,1.4,1.2,2014-09-23,0416,Aqua,MODIS,80,6.2,317,54.2,D,0
-17.5162,138.5265,347,1.4,1.2,2014-09-23,0416,Aqua,MODIS,90,6.2,320.3,54.9,D,0
-17.5526,138.4918,348.2,1.4,1.2,2014-09-23,0416,Aqua,MODIS,79,6.2,314.7,66.8,D,0
-17.5542,138.4787,352.6,1.4,1.2,2014-09-23,0416,Aqua,MODIS,77,6.2,313.6,79.6,D,0
-17.5421,138.4904,344.1,1.4,1.2,2014-09-23,0416,Aqua,MODIS,62,6.2,318.8,46.7,D,0
-17.5437,138.4773,347.7,1.4,1.2,2014-09-23,0416,Aqua,MODIS,63,6.2,319.2,56.4,D,0
-17.5454,138.4642,349,1.4,1.2,2014-09-23,0416,Aqua,MODIS,77,6.2,317.3,63.5,D,0
-17.5259,138.4483,350.4,1.4,1.2,2014-09-23,0416,Aqua,MODIS,93,6.2,320.6,63.4,D,0
-17.5154,138.4469,349.2,1.4,1.2,2014-09-23,0416,Aqua,MODIS,92,6.2,323.1,58.8,D,0
-17.2525,138.3522,334.4,1.4,1.2,2014-09-23,0416,Aqua,MODIS,68,6.2,319.6,22.4,D,0
-17.2541,138.339,333.7,1.4,1.2,2014-09-23,0416,Aqua,MODIS,65,6.2,321.1,21.7,D,0
-17.1151,138.6418,356.9,1.3,1.1,2014-09-23,0416,Aqua,MODIS,98,6.2,313.7,92.2,D,0
-17.1032,138.6529,346,1.3,1.1,2014-09-23,0416,Aqua,MODIS,90,6.2,312.7,56.5,D,0
-17.0946,138.6579,336.5,1.3,1.1,2014-09-23,0416,Aqua,MODIS,40,6.2,312.7,29,D,0
-17.0468,138.5358,339.6,1.4,1.2,2014-09-23,0416,Aqua,MODIS,84,6.2,317.9,36.4,D,0
-17.1517,132.2781,341.1,3.9,1.8,2014-09-23,0416,Aqua,MODIS,87,6.2,307.2,214.7,D,0
-17.2584,132.3372,324.5,3.9,1.8,2014-09-23,0416,Aqua,MODIS,48,6.2,307.3,47.5,D,0
-17.2528,132.3299,328.3,3.9,1.8,2014-09-23,0416,Aqua,MODIS,68,6.2,307.1,83.3,D,0
-17.0313,132.4863,332.2,3.8,1.8,2014-09-23,0416,Aqua,MODIS,60,6.2,307.7,109.5,D,0
-17.041,132.4798,332.8,3.8,1.8,2014-09-23,0416,Aqua,MODIS,67,6.2,308.1,118.6,D,0
-17.0246,132.478,330,3.8,1.8,2014-09-23,0416,Aqua,MODIS,59,6.2,307.8,90.2,D,0
-15.4638,145.0298,322.4,1.3,1.1,2014-09-23,0416,Aqua,MODIS,21,6.2,299.4,13.9,D,0
-17.0806,132.4916,338.8,3.8,1.8,2014-09-23,0416,Aqua,MODIS,83,6.2,305.9,191,D,0
-17.0841,132.4558,349.6,3.8,1.8,2014-09-23,0416,Aqua,MODIS,93,6.2,309.3,322.6,D,0
-17.0676,132.454,337.1,3.8,1.8,2014-09-23,0416,Aqua,MODIS,69,6.2,309.4,153.2,D,0
-17.0511,132.4522,329.2,3.8,1.8,2014-09-23,0416,Aqua,MODIS,38,6.2,309.5,81.5,D,0
-17.0739,132.4833,339.6,3.8,1.8,2014-09-23,0416,Aqua,MODIS,86,6.2,306.6,196.3,D,0
-17.0776,132.4475,331.5,3.8,1.8,2014-09-23,0416,Aqua,MODIS,49,6.2,308.7,103,D,0
-17.0574,132.4816,334.5,3.8,1.8,2014-09-23,0416,Aqua,MODIS,78,6.2,306.4,142.4,D,0
-17.0611,132.4457,329.6,3.8,1.8,2014-09-23,0416,Aqua,MODIS,52,6.2,309.8,88,D,0
-15.4738,145.0313,330.2,1.3,1.1,2014-09-23,0416,Aqua,MODIS,66,6.2,300.5,25.5,D,0
-15.444,145.0208,339,1.3,1.1,2014-09-23,0416,Aqua,MODIS,87,6.2,301.9,43.4,D,0
-15.4541,145.0221,328,1.3,1.1,2014-09-23,0416,Aqua,MODIS,59,6.2,301.9,20.9,D,0
-15.4538,145.0285,327.1,1.3,1.1,2014-09-23,0416,Aqua,MODIS,50,6.2,301.2,19.4,D,0
-17.435,131.7711,337.4,4.3,1.9,2014-09-23,0416,Aqua,MODIS,71,6.2,305.7,181.9,D,0
-17.4176,131.7693,328.9,4.3,1.9,2014-09-23,0416,Aqua,MODIS,46,6.2,305,91.5,D,0
-17.4167,131.7643,330,4.3,1.9,2014-09-23,0416,Aqua,MODIS,47,6.2,305.3,98,D,0
-17.4353,132.3676,326.4,3.9,1.8,2014-09-23,0416,Aqua,MODIS,51,6.2,308.2,69.4,D,0
-17.4464,132.3616,324.6,3.9,1.8,2014-09-23,0416,Aqua,MODIS,33,6.2,307.1,58.1,D,0
-17.3232,132.2359,339.8,4,1.9,2014-09-23,0416,Aqua,MODIS,85,6.2,308.4,189.9,D,0
-17.3193,132.2305,343.9,4,1.9,2014-09-23,0416,Aqua,MODIS,89,6.2,308.7,244,D,0
-17.3025,132.2289,341.3,4,1.9,2014-09-23,0416,Aqua,MODIS,87,6.2,309.9,212.3,D,0
-17.2976,132.2215,334.7,4,1.9,2014-09-23,0416,Aqua,MODIS,79,6.2,310.4,132.7,D,0
-16.9943,132.6173,331.5,3.7,1.8,2014-09-23,0416,Aqua,MODIS,67,6.2,306.5,117,D,0
-16.9875,132.6126,333.5,3.7,1.8,2014-09-23,0416,Aqua,MODIS,63,6.2,308.2,126.1,D,0
-16.9712,132.6109,329.1,3.7,1.8,2014-09-23,0416,Aqua,MODIS,44,6.2,309.5,84.6,D,0
-17.2811,132.4505,333.3,3.8,1.8,2014-09-23,0416,Aqua,MODIS,77,6.2,306.5,140.1,D,0
-17.4388,131.7297,331.2,4.4,1.9,2014-09-23,0416,Aqua,MODIS,42,6.2,309.6,103.1,D,0
-17.4214,131.7279,328.9,4.4,1.9,2014-09-23,0416,Aqua,MODIS,42,6.2,309.3,90.1,D,0
-17.1016,132.2728,339.1,3.9,1.8,2014-09-23,0416,Aqua,MODIS,75,6.2,308.4,168.9,D,0
-17.0963,132.2645,342,3.9,1.8,2014-09-23,0416,Aqua,MODIS,87,6.2,310.1,206,D,0
-17.1597,132.2454,348.5,4,1.9,2014-09-23,0416,Aqua,MODIS,92,6.2,307.4,311.9,D,0
-17.1429,132.2438,334.9,4,1.9,2014-09-23,0416,Aqua,MODIS,68,6.2,309,136.6,D,0
-17.1554,132.2409,349.1,4,1.9,2014-09-23,0416,Aqua,MODIS,93,6.2,308.4,320.7,D,0
-17.1219,132.2375,332.5,4,1.9,2014-09-23,0416,Aqua,MODIS,60,6.2,308.4,112.8,D,0
-17.2913,131.7931,331.2,4.3,1.9,2014-09-23,0416,Aqua,MODIS,60,6.2,306.1,106.3,D,0
-17.2704,131.8319,340.8,4.3,1.9,2014-09-23,0416,Aqua,MODIS,86,6.2,307.8,210.8,D,0
-17.274,131.7914,334.1,4.3,1.9,2014-09-23,0416,Aqua,MODIS,62,6.2,310,136.8,D,0
-17.2891,131.786,334.2,4.3,1.9,2014-09-23,0416,Aqua,MODIS,71,6.2,307.1,141.9,D,0
-17.2679,131.8248,344.4,4.3,1.9,2014-09-23,0416,Aqua,MODIS,89,6.2,308.5,269.4,D,0
-17.2718,131.7842,330.4,4.3,1.9,2014-09-23,0416,Aqua,MODIS,43,6.2,310.6,103,D,0
-16.0404,144.4177,342.4,1.1,1.1,2014-09-23,0416,Aqua,MODIS,89,6.2,310.7,41.4,D,0
-17.1978,132.018,330.8,4.1,1.9,2014-09-23,0416,Aqua,MODIS,55,6.2,301,119.1,D,0
-17.2014,131.9788,330.8,4.2,1.9,2014-09-23,0416,Aqua,MODIS,37,6.2,305.1,109.3,D,0
-17.1808,132.0162,343.1,4.1,1.9,2014-09-23,0416,Aqua,MODIS,88,6.2,302.4,267.2,D,0
-17.1844,131.9769,341.9,4.2,1.9,2014-09-23,0416,Aqua,MODIS,84,6.2,305.4,239.7,D,0
-17.195,132.0136,333.6,4.1,1.9,2014-09-23,0416,Aqua,MODIS,67,6.2,301.2,149.2,D,0
-17.178,132.0118,352.1,4.1,1.9,2014-09-23,0416,Aqua,MODIS,95,6.2,302.9,407.9,D,0
-17.1818,131.9726,341.1,4.2,1.9,2014-09-23,0416,Aqua,MODIS,85,6.2,305.8,229.5,D,0
-17.5355,138.5423,345.7,1.4,1.2,2014-09-23,0416,Aqua,MODIS,89,6.2,311.7,59.7,D,0
-17.5146,138.5394,368.2,1.4,1.2,2014-09-23,0416,Aqua,MODIS,100,6.2,319.2,144,D,0
-16.978,132.6156,336,3.7,1.8,2014-09-23,0416,Aqua,MODIS,78,6.2,309.4,155.5,D,0
-17.445,132.4426,332.2,3.9,1.8,2014-09-23,0416,Aqua,MODIS,72,6.2,304,135.9,D,0
-17.4485,132.4061,359.8,3.9,1.8,2014-09-23,0416,Aqua,MODIS,99,6.2,305.8,517.5,D,0
-17.4284,132.441,339.9,3.9,1.8,2014-09-23,0416,Aqua,MODIS,85,6.2,306.1,211.8,D,0
-17.4318,132.4044,356.7,3.9,1.8,2014-09-23,0416,Aqua,MODIS,98,6.2,309.7,458.3,D,0
-17.439,132.4349,354.9,3.9,1.8,2014-09-23,0416,Aqua,MODIS,97,6.2,305.9,429.2,D,0
-17.4427,132.3983,366,3.9,1.8,2014-09-23,0416,Aqua,MODIS,100,6.2,308.6,646.4,D,0
-17.4224,132.4333,337.8,3.9,1.8,2014-09-23,0416,Aqua,MODIS,83,6.2,306.6,185.9,D,0
-17.426,132.3967,337.2,3.9,1.8,2014-09-23,0416,Aqua,MODIS,82,6.2,309.3,177,D,0
-17.1637,132.0143,356.3,4.1,1.9,2014-09-23,0416,Aqua,MODIS,97,6.2,305.6,486.1,D,0
-17.1673,131.9751,354.2,4.2,1.9,2014-09-23,0416,Aqua,MODIS,96,6.2,307.9,435.9,D,0
-17.1609,132.01,358.7,4.1,1.9,2014-09-23,0416,Aqua,MODIS,99,6.2,306.1,535.3,D,0
-17.1647,131.9709,348.4,4.2,1.9,2014-09-23,0416,Aqua,MODIS,92,6.2,308.3,342.8,D,0
-17.1439,132.0082,352.5,4.1,1.9,2014-09-23,0416,Aqua,MODIS,95,6.2,308,425.3,D,0
-17.1476,131.9691,343.2,4.2,1.9,2014-09-23,0416,Aqua,MODIS,88,6.2,308.6,275,D,0
-17.1269,132.0063,328,4.1,1.9,2014-09-23,0416,Aqua,MODIS,69,6.2,307.3,109.2,D,0
-17.1306,131.9672,322.9,4.2,1.9,2014-09-23,0416,Aqua,MODIS,16,6.2,307.3,60.8,D,0
-17.1403,132,351.4,4.1,1.9,2014-09-23,0416,Aqua,MODIS,95,6.2,309,407.9,D,0
-17.1443,131.9608,325.6,4.2,1.9,2014-09-23,0416,Aqua,MODIS,43,6.2,308.9,79.2,D,0
-16.4604,136.7988,346.5,1.8,1.3,2014-09-23,0416,Aqua,MODIS,91,6.2,314.3,86.3,D,0
-16.4624,136.7825,357.5,1.8,1.3,2014-09-23,0416,Aqua,MODIS,98,6.2,316.8,144.5,D,0
-16.4331,136.8284,353.4,1.7,1.3,2014-09-23,0416,Aqua,MODIS,96,6.2,317.7,109.7,D,0
-16.4351,136.8121,346.8,1.8,1.3,2014-09-23,0416,Aqua,MODIS,91,6.2,316.9,76.9,D,0
-16.4215,136.827,350.6,1.7,1.3,2014-09-23,0416,Aqua,MODIS,94,6.2,320.1,94.2,D,0
-16.4234,136.8107,334.2,1.8,1.3,2014-09-23,0416,Aqua,MODIS,43,6.2,318.7,27.3,D,0
-16.4001,136.8336,331.5,1.7,1.3,2014-09-23,0416,Aqua,MODIS,38,6.2,319.1,17.7,D,0
-17.0814,132.3079,337.4,3.9,1.8,2014-09-23,0416,Aqua,MODIS,83,6.2,311.2,141.4,D,0
-17.0849,132.2709,341.8,3.9,1.8,2014-09-23,0416,Aqua,MODIS,87,6.2,311.3,199.6,D,0
-17.0682,132.2691,331.1,3.9,1.8,2014-09-23,0416,Aqua,MODIS,64,6.2,312.2,87.8,D,0
-17.0759,132.2996,343.4,3.9,1.8,2014-09-23,0416,Aqua,MODIS,89,6.2,312,215.5,D,0
-17.0796,132.2626,332.3,3.9,1.8,2014-09-23,0416,Aqua,MODIS,49,6.2,312.2,97.7,D,0
-17.0971,132.4932,325.9,3.8,1.8,2014-09-23,0416,Aqua,MODIS,63,6.2,303.7,85,D,0
-17.1005,132.4575,338.5,3.8,1.8,2014-09-23,0416,Aqua,MODIS,84,6.2,304.6,195.6,D,0
-17.0904,132.4849,349.3,3.8,1.8,2014-09-23,0416,Aqua,MODIS,93,6.2,305.8,329.2,D,0
-17.0941,132.4491,338.7,3.8,1.8,2014-09-23,0416,Aqua,MODIS,77,6.2,306.9,184.8,D,0
-19.4411,133.3804,352.8,3.5,1.8,2014-09-23,0416,Aqua,MODIS,95,6.2,314.5,320.5,D,0
-19.4252,133.3788,330.7,3.5,1.8,2014-09-23,0416,Aqua,MODIS,72,6.2,312.8,86.4,D,0
-19.4291,133.4081,327.4,3.5,1.8,2014-09-23,0416,Aqua,MODIS,27,6.2,311.7,51.6,D,0
-19.4324,133.375,334.2,3.5,1.8,2014-09-23,0416,Aqua,MODIS,78,6.2,314.3,108.5,D,0
-17.5612,132.1559,325.6,4.1,1.9,2014-09-23,0416,Aqua,MODIS,16,6.2,304.2,62,D,0
-17.5711,132.1911,328.9,4.1,1.9,2014-09-23,0416,Aqua,MODIS,57,6.2,301.5,80.4,D,0
-17.575,132.153,338.9,4.1,1.9,2014-09-23,0416,Aqua,MODIS,85,6.2,304.2,198.8,D,0
-17.5788,132.1144,334,4.1,1.9,2014-09-23,0416,Aqua,MODIS,77,6.2,303.1,135,D,0
-17.5827,132.0755,353,4.1,1.9,2014-09-23,0416,Aqua,MODIS,95,6.2,304.4,416.4,D,0
-17.589,132.2814,372.1,4,1.9,2014-09-23,0416,Aqua,MODIS,100,6.2,302.9,855.7,D,0
-17.5924,132.2435,351.1,4,1.9,2014-09-23,0416,Aqua,MODIS,94,6.2,302.6,417.4,D,0
-17.5878,132.2356,326.8,4,1.9,2014-09-23,0416,Aqua,MODIS,28,6.2,301.8,105.2,D,0
-17.5842,132.2735,374.4,4,1.9,2014-09-23,0416,Aqua,MODIS,100,6.2,304.2,903.3,D,0
-17.5268,132.3436,337.5,3.9,1.8,2014-09-23,0416,Aqua,MODIS,74,6.2,305.6,200.1,D,0
-15.6595,145.2824,332.8,1.3,1.1,2014-09-23,0416,Aqua,MODIS,65,6.2,298.7,34.6,D,0
-17.5892,132.041,335.4,4.2,1.9,2014-09-23,0416,Aqua,MODIS,81,6.2,304.7,177.2,D,0
-17.5721,132.0392,329.7,4.2,1.9,2014-09-23,0416,Aqua,MODIS,73,6.2,305.2,118.3,D,0
-17.5867,132.0365,327.8,4.2,1.9,2014-09-23,0416,Aqua,MODIS,58,6.2,304.7,98.7,D,0
-17.5696,132.0347,323.3,4.2,1.9,2014-09-23,0416,Aqua,MODIS,47,6.2,304.9,64,D,0
-15.509,145.0032,326.5,1.2,1.1,2014-09-23,0416,Aqua,MODIS,55,6.2,302.8,14,D,0
-15.4935,145.0362,332.1,1.3,1.1,2014-09-23,0416,Aqua,MODIS,74,6.2,301.9,28.1,D,0
-17.6004,131.9214,326.7,4.3,1.9,2014-09-23,0416,Aqua,MODIS,49,6.2,300.2,122.5,D,0
-17.4853,132.3726,326.2,3.9,1.8,2014-09-23,0416,Aqua,MODIS,43,6.2,304,92,D,0
-17.6329,132.1239,352.8,4.1,1.9,2014-09-23,0416,Aqua,MODIS,95,6.2,299.4,467.5,D,0
-15.4802,144.9271,322.4,1.2,1.1,2014-09-23,0416,Aqua,MODIS,57,6.2,302.3,10.1,D,0
-17.5769,132.3488,350.9,3.9,1.8,2014-09-23,0416,Aqua,MODIS,94,6.2,300,413.9,D,0
-17.6303,132.0126,330.3,4.2,1.9,2014-09-23,0416,Aqua,MODIS,69,6.2,301.2,158.3,D,0
-17.5005,131.8191,341.2,4.3,1.9,2014-09-23,0416,Aqua,MODIS,87,6.2,303.6,254.7,D,0
-17.6232,132.0913,327.3,4.1,1.9,2014-09-23,0416,Aqua,MODIS,59,6.2,298.2,128,D,0
-17.4965,131.8596,344.3,4.3,1.9,2014-09-23,0416,Aqua,MODIS,89,6.2,301.6,301.7,D,0
-17.5219,131.7795,362.9,4.3,1.9,2014-09-23,0416,Aqua,MODIS,100,6.2,306.4,651.6,D,0
-17.5178,131.8207,336,4.3,1.9,2014-09-23,0416,Aqua,MODIS,62,6.2,301.2,196.1,D,0
-17.5138,131.8613,326.6,4.3,1.9,2014-09-23,0416,Aqua,MODIS,34,6.2,298.8,94.5,D,0
-17.4853,131.8249,331.5,4.3,1.9,2014-09-23,0416,Aqua,MODIS,49,6.2,302.5,128.8,D,0
-17.5026,131.8266,346.8,4.3,1.9,2014-09-23,0416,Aqua,MODIS,91,6.2,303.6,349.3,D,0
-17.6196,132.0835,328.7,4.1,1.9,2014-09-23,0416,Aqua,MODIS,56,6.2,298.1,132.8,D,0
-17.6062,132.0896,356,4.1,1.9,2014-09-23,0416,Aqua,MODIS,97,6.2,301.3,504.5,D,0
-17.5408,132.1925,337.5,4.1,1.9,2014-09-23,0416,Aqua,MODIS,83,6.2,304.7,179.6,D,0
-17.4989,131.8671,335,4.3,1.9,2014-09-23,0416,Aqua,MODIS,80,6.2,300.9,181.5,D,0
-17.5238,131.7871,359.3,4.3,1.9,2014-09-23,0416,Aqua,MODIS,99,6.2,304.8,594.4,D,0
-17.5199,131.8283,332.8,4.3,1.9,2014-09-23,0416,Aqua,MODIS,59,6.2,300.2,171.5,D,0
-15.9903,144.404,328.6,1.1,1.1,2014-09-23,0416,Aqua,MODIS,55,6.2,308.7,15.7,D,0
-17.6339,131.9727,323,4.2,1.9,2014-09-23,0416,Aqua,MODIS,33,6.2,300.5,94.6,D,0
-17.5986,131.917,325.8,4.3,1.9,2014-09-23,0416,Aqua,MODIS,49,6.2,300.2,112.7,D,0
-17.5657,132.0739,345.7,4.1,1.9,2014-09-23,0416,Aqua,MODIS,90,6.2,304.4,304.1,D,0
-17.6197,132.1301,371.8,4.1,1.9,2014-09-23,0416,Aqua,MODIS,100,6.2,302.5,886,D,0
-17.5993,132.167,328.6,4.1,1.9,2014-09-23,0416,Aqua,MODIS,70,6.2,300,135.7,D,0
-17.6027,132.1284,341.9,4.1,1.9,2014-09-23,0416,Aqua,MODIS,88,6.2,301,293.8,D,0
-17.6159,132.1222,357.3,4.1,1.9,2014-09-23,0416,Aqua,MODIS,98,6.2,302.3,546.8,D,0
-17.5952,132.1592,341.3,4.1,1.9,2014-09-23,0416,Aqua,MODIS,87,6.2,301.1,254.8,D,0
-17.5988,132.1207,335.2,4.1,1.9,2014-09-23,0416,Aqua,MODIS,68,6.2,301.1,182.3,D,0
-17.5746,132.1958,328.5,4.1,1.9,2014-09-23,0416,Aqua,MODIS,57,6.2,301.3,90.5,D,0
-17.5782,132.1576,348.3,4.1,1.9,2014-09-23,0416,Aqua,MODIS,92,6.2,304.1,336.9,D,0
-17.5818,132.119,335.1,4.1,1.9,2014-09-23,0416,Aqua,MODIS,81,6.2,302.9,160.4,D,0
-17.5086,131.7365,340.6,4.4,1.9,2014-09-23,0416,Aqua,MODIS,86,6.2,309.6,203.1,D,0
-17.5126,131.695,335.2,4.4,1.9,2014-09-23,0416,Aqua,MODIS,29,6.2,309.9,149.3,D,0
-17.5685,132.0784,349.8,4.1,1.9,2014-09-23,0416,Aqua,MODIS,93,6.2,304.4,367.2,D,0
-17.5223,132.3388,351.3,3.9,1.8,2014-09-23,0416,Aqua,MODIS,94,6.2,307,386,D,0
-17.5056,132.3371,342.3,3.9,1.8,2014-09-23,0416,Aqua,MODIS,87,6.2,305.4,249,D,0
-17.5261,132.3014,331.5,4,1.9,2014-09-23,0416,Aqua,MODIS,46,6.2,308.3,125,D,0
-17.5428,132.303,327.5,4,1.9,2014-09-23,0416,Aqua,MODIS,33,6.2,307.1,100.1,D,0
-17.5634,132.267,333.7,4,1.9,2014-09-23,0416,Aqua,MODIS,38,6.2,306.4,151.7,D,0
-17.5596,132.3047,344,4,1.9,2014-09-23,0416,Aqua,MODIS,89,6.2,308.1,277.4,D,0
-17.5855,132.0801,356.7,4.1,1.9,2014-09-23,0416,Aqua,MODIS,98,6.2,303.7,486.2,D,0
-17.5135,132.3044,337.1,4,1.9,2014-09-23,0416,Aqua,MODIS,74,6.2,308.1,177,D,0
-17.5303,132.3061,332.6,4,1.9,2014-09-23,0416,Aqua,MODIS,47,6.2,308,137.8,D,0
-17.5674,132.2718,349,4,1.9,2014-09-23,0416,Aqua,MODIS,93,6.2,306.3,354,D,0
-17.5101,132.3418,347.7,3.9,1.8,2014-09-23,0416,Aqua,MODIS,92,6.2,305.8,323.1,D,0
-17.6272,132.0047,334.2,4.2,1.9,2014-09-23,0416,Aqua,MODIS,80,6.2,302.1,201.7,D,0
-17.6063,132.0428,349.1,4.2,1.9,2014-09-23,0416,Aqua,MODIS,93,6.2,305.4,380.9,D,0
-17.6026,132.0818,370,4.1,1.9,2014-09-23,0416,Aqua,MODIS,100,6.2,303.1,802.6,D,0
-17.6234,132.0444,343.8,4.2,1.9,2014-09-23,0416,Aqua,MODIS,89,6.2,300.6,314.5,D,0
-17.6267,132.0523,335.3,4.2,1.9,2014-09-23,0416,Aqua,MODIS,70,6.2,299.1,200.5,D,0
-17.5391,132.3405,325.7,3.9,1.8,2014-09-23,0416,Aqua,MODIS,42,6.2,303.8,93.2,D,0
-17.5558,132.3422,346.4,3.9,1.8,2014-09-23,0416,Aqua,MODIS,91,6.2,304.3,324.6,D,0
-15.6678,145.2959,346.4,1.3,1.1,2014-09-23,0416,Aqua,MODIS,87,6.2,300.4,67.1,D,0
-17.547,132.3078,334.1,4,1.9,2014-09-23,0416,Aqua,MODIS,73,6.2,307.6,165.7,D,0
-17.5435,132.3454,327.7,3.9,1.8,2014-09-23,0416,Aqua,MODIS,68,6.2,303.2,118.1,D,0
-17.5638,132.3096,370.9,4,1.9,2014-09-23,0416,Aqua,MODIS,100,6.2,308.9,797.8,D,0
-17.5602,132.3471,356.5,3.9,1.8,2014-09-23,0416,Aqua,MODIS,98,6.2,303.7,498.9,D,0
-17.5805,132.3113,360.7,4,1.9,2014-09-23,0416,Aqua,MODIS,100,6.2,300.8,584.2,D,0
-15.4539,144.892,325.5,1.2,1.1,2014-09-23,0416,Aqua,MODIS,68,6.2,302.8,17.1,D,0
-15.4638,144.8937,325.3,1.2,1.1,2014-09-23,0416,Aqua,MODIS,51,6.2,303.9,15.7,D,0
-15.4821,144.9152,331.8,1.2,1.1,2014-09-23,0416,Aqua,MODIS,79,6.2,303.5,26.2,D,0
-15.5053,145.0264,327.7,1.3,1.1,2014-09-23,0416,Aqua,MODIS,33,6.2,302.2,17.4,D,0
-17.6097,132.0506,360.8,4.2,1.9,2014-09-23,0416,Aqua,MODIS,100,6.2,305,603.3,D,0
-17.601,132.2753,336.3,4,1.9,2014-09-23,0416,Aqua,MODIS,82,6.2,300.4,217.9,D,0
-17.5494,131.71,390.2,4.4,1.9,2014-09-23,0416,Aqua,MODIS,100,6.2,306.6,1612.3,D,0
-17.5531,131.6681,349.9,4.4,1.9,2014-09-23,0416,Aqua,MODIS,94,6.2,304.6,433.6,D,0
-17.5451,131.7474,336.3,4.4,1.9,2014-09-23,0416,Aqua,MODIS,65,6.2,298.4,222.5,D,0
-17.5489,131.706,392.4,4.4,1.9,2014-09-23,0416,Aqua,MODIS,100,6.2,307.4,1692.9,D,0
-17.5529,131.6641,338.9,4.4,1.9,2014-09-23,0416,Aqua,MODIS,84,6.2,304.4,253,D,0
-17.5276,131.7457,400.5,4.4,1.9,2014-09-23,0416,Aqua,MODIS,100,6.2,311,2027.4,D,0
-17.5315,131.7042,368.3,4.4,1.9,2014-09-23,0416,Aqua,MODIS,100,6.2,310.2,812.9,D,0
-17.5102,131.744,343.1,4.4,1.9,2014-09-23,0416,Aqua,MODIS,73,6.2,309.8,251.5,D,0
-17.514,131.7025,340.9,4.4,1.9,2014-09-23,0416,Aqua,MODIS,63,6.2,310.2,229.7,D,0
-17.526,131.7381,388.5,4.4,1.9,2014-09-23,0416,Aqua,MODIS,100,6.2,312.5,1454.9,D,0
-17.5301,131.6967,349.1,4.4,1.9,2014-09-23,0416,Aqua,MODIS,90,6.2,310.3,367.3,D,0
-16.0092,145.0776,320.6,1.2,1.1,2014-09-23,0416,Aqua,MODIS,30,6.2,299.8,9.1,D,0
-16.0571,145.0974,322,1.2,1.1,2014-09-23,0416,Aqua,MODIS,59,6.2,301,15.7,D,0
-16.0453,145.1075,327.3,1.2,1.1,2014-09-23,0416,Aqua,MODIS,74,6.2,300.8,22.8,D,0
-16.0471,145.0957,323.8,1.2,1.1,2014-09-23,0416,Aqua,MODIS,63,6.2,302.1,17.1,D,0
-15.9794,145.0657,331.2,1.2,1.1,2014-09-23,0416,Aqua,MODIS,67,6.2,301.9,26.2,D,0
-14.1864,141.6673,354.8,1,1,2014-09-23,0417,Aqua,MODIS,97,6.2,311.2,57.3,D,0
-14.2587,134.3875,350.4,2.5,1.5,2014-09-23,0417,Aqua,MODIS,94,6.2,311.5,174,D,0
-12.7127,136.5538,325.9,1.6,1.3,2014-09-23,0417,Aqua,MODIS,63,6.2,307.4,26.8,D,0
-15.1996,143.7088,331.7,1.1,1,2014-09-23,0417,Aqua,MODIS,60,6.2,301.7,19.9,D,0
-15.1113,134.4485,351.7,2.5,1.5,2014-09-23,0417,Aqua,MODIS,95,6.2,312.1,184.2,D,0
-14.275,134.3661,335.5,2.5,1.5,2014-09-23,0417,Aqua,MODIS,81,6.2,311.4,67.5,D,0
-15.8328,136.2572,331.9,1.9,1.3,2014-09-23,0417,Aqua,MODIS,75,6.2,315.3,25.7,D,0
-13.1232,141.9539,397.6,1,1,2014-09-23,0417,Aqua,MODIS,94,6.2,309.4,227.5,D,0
-14.2724,134.3891,340.3,2.5,1.5,2014-09-23,0417,Aqua,MODIS,86,6.2,312.9,93.2,D,0
-14.189,141.6488,358.6,1,1,2014-09-23,0417,Aqua,MODIS,99,6.2,311.3,67.8,D,0
-14.4943,134.6334,331.5,2.4,1.5,2014-09-23,0417,Aqua,MODIS,30,6.2,312.9,40.8,D,0
-13.1142,141.9525,416.5,1,1,2014-09-23,0417,Aqua,MODIS,100,6.2,319.4,355.3,D,0
-16.1462,136.838,330.8,1.7,1.3,2014-09-23,0417,Aqua,MODIS,51,6.2,316.8,23.9,D,0
-14.3944,134.2443,324.3,2.6,1.5,2014-09-23,0417,Aqua,MODIS,35,6.2,309.9,24.8,D,0
-14.9366,135.0496,330.6,2.3,1.5,2014-09-23,0417,Aqua,MODIS,56,6.2,312.8,47.7,D,0
-15.8227,136.2785,334.3,1.9,1.3,2014-09-23,0417,Aqua,MODIS,78,6.2,315.3,33.8,D,0
-12.7298,142.1915,326,1,1,2014-09-23,0417,Aqua,MODIS,36,6.2,302.2,13.2,D,0
-14.4241,141.9291,338.7,1,1,2014-09-23,0417,Aqua,MODIS,85,6.2,306.1,28.4,D,0
-15.1602,145.0747,347.4,1.3,1.1,2014-09-23,0417,Aqua,MODIS,93,6.2,296.6,66.7,D,0
-12.7103,142.198,331.8,1,1,2014-09-23,0417,Aqua,MODIS,81,6.2,302.3,18.7,D,0
-12.4105,142.364,333.6,1,1,2014-09-23,0417,Aqua,MODIS,76,6.2,308.1,20.3,D,0
-12.7207,142.19,326.4,1,1,2014-09-23,0417,Aqua,MODIS,48,6.2,304.2,12.6,D,0
-15.1169,134.4542,339.2,2.5,1.5,2014-09-23,0417,Aqua,MODIS,79,6.2,310.4,93,D,0
-14.4919,134.6175,329.9,2.4,1.5,2014-09-23,0417,Aqua,MODIS,67,6.2,311.5,38.6,D,0
-15.4178,143.255,333.8,1,1,2014-09-23,0417,Aqua,MODIS,49,6.2,309,20.3,D,0
-15.1698,145.0697,333.4,1.3,1.1,2014-09-23,0417,Aqua,MODIS,81,6.2,297.7,33.6,D,0
-15.8186,136.2731,337,1.9,1.3,2014-09-23,0417,Aqua,MODIS,82,6.2,315.2,43.3,D,0
-13.1205,141.9725,337.6,1,1,2014-09-23,0417,Aqua,MODIS,64,6.2,308.9,23,D,0
-14.3495,134.142,327,2.6,1.6,2014-09-23,0417,Aqua,MODIS,67,6.2,310.4,37,D,0
-14.8481,135.0337,350,2.3,1.5,2014-09-23,0417,Aqua,MODIS,94,6.2,310.1,153.9,D,0
-12.8989,142.8592,344,1.1,1,2014-09-23,0417,Aqua,MODIS,91,6.2,301.9,41.4,D,0
-14.9342,135.0705,328.8,2.3,1.5,2014-09-23,0417,Aqua,MODIS,36,6.2,311.9,39.7,D,0
-15.8368,136.2626,329.4,1.9,1.3,2014-09-23,0417,Aqua,MODIS,31,6.2,315.3,16.4,D,0
-15.8247,136.261,336.7,1.9,1.3,2014-09-23,0417,Aqua,MODIS,81,6.2,316.1,41.7,D,0
-13.0352,142.0577,335.1,1,1,2014-09-23,0417,Aqua,MODIS,54,6.2,306.2,24.1,D,0
-14.285,141.7446,392.4,1,1,2014-09-23,0417,Aqua,MODIS,100,6.2,315.7,198.3,D,0
-13.1179,142.9217,330.9,1.1,1,2014-09-23,0417,Aqua,MODIS,56,6.2,305.2,19.3,D,0
-15.8307,136.2747,331.9,1.9,1.3,2014-09-23,0417,Aqua,MODIS,72,6.2,315.2,26.7,D,0
-15.732,136.1296,341,1.9,1.4,2014-09-23,0417,Aqua,MODIS,86,6.2,316,68.4,D,0
-14.1954,141.6686,333.4,1,1,2014-09-23,0417,Aqua,MODIS,42,6.2,306.4,18,D,0
-14.1877,141.6581,367.3,1,1,2014-09-23,0417,Aqua,MODIS,100,6.2,312.3,91.3,D,0
-13.0275,142.047,342.8,1,1,2014-09-23,0417,Aqua,MODIS,83,6.2,303.3,35.7,D,0
-14.8612,135.0354,328,2.3,1.5,2014-09-23,0417,Aqua,MODIS,70,6.2,310.9,37.6,D,0
-13.0265,142.9216,328.5,1.1,1,2014-09-23,0417,Aqua,MODIS,50,6.2,306.9,15.3,D,0
-13.0357,142.9231,323.8,1.1,1,2014-09-23,0417,Aqua,MODIS,36,6.2,304.6,9.6,D,0
-13.0372,142.9134,335.6,1.1,1,2014-09-23,0417,Aqua,MODIS,84,6.2,306.2,27.4,D,0
-15.4269,143.2565,360.8,1,1,2014-09-23,0417,Aqua,MODIS,100,6.2,314.6,77.7,D,0
-14.2698,134.4116,339.4,2.5,1.5,2014-09-23,0417,Aqua,MODIS,86,6.2,313.2,87.6,D,0
-15.168,145.0813,335.2,1.3,1.1,2014-09-23,0417,Aqua,MODIS,83,6.2,298.2,36.3,D,0
-13.1245,141.9447,332.9,1,1,2014-09-23,0417,Aqua,MODIS,48,6.2,300.8,18,D,0
-16.1443,136.8541,331.5,1.7,1.3,2014-09-23,0417,Aqua,MODIS,51,6.2,317.3,27.8,D,0
-14.4215,141.9476,332.7,1,1,2014-09-23,0417,Aqua,MODIS,60,6.2,307.4,17.6,D,0
-15.1703,145.0763,331.2,1.3,1.1,2014-09-23,0417,Aqua,MODIS,79,6.2,298.8,28.1,D,0
-12.9004,142.8495,327.6,1.1,1,2014-09-23,0417,Aqua,MODIS,60,6.2,300.6,14.4,D,0
-15.4284,143.2468,364.2,1,1,2014-09-23,0417,Aqua,MODIS,100,6.2,311.9,88.1,D,0
-13.1155,141.9433,383.3,1,1,2014-09-23,0417,Aqua,MODIS,100,6.2,310.4,153.5,D,0
-14.2341,141.6521,336.3,1,1,2014-09-23,0417,Aqua,MODIS,83,6.2,304.8,22.4,D,0
-15.7298,136.1474,350,1.9,1.4,2014-09-23,0417,Aqua,MODIS,93,6.2,319.1,111.7,D,0
-13.0251,142.9313,328.9,1.1,1,2014-09-23,0417,Aqua,MODIS,73,6.2,305.9,15.4,D,0
-13.1192,141.9817,336.7,1,1,2014-09-23,0417,Aqua,MODIS,74,6.2,308.4,23.1,D,0
-12.7116,142.1887,325.4,1,1,2014-09-23,0417,Aqua,MODIS,45,6.2,303.5,10.4,D,0
-12.4119,142.3546,337.6,1,1,2014-09-23,0417,Aqua,MODIS,86,6.2,309,27.3,D,0
-13.0387,142.9037,323.9,1.1,1,2014-09-23,0417,Aqua,MODIS,39,6.2,304.4,11.3,D,0
-12.8257,142.7916,323.7,1.1,1,2014-09-23,0417,Aqua,MODIS,33,6.2,302.3,9.2,D,0
-14.4894,134.6399,331.1,2.4,1.5,2014-09-23,0417,Aqua,MODIS,69,6.2,314.1,42.4,D,0
-12.8271,142.782,323.6,1.1,1,2014-09-23,0417,Aqua,MODIS,27,6.2,303.9,8.9,D,0
-14.2864,141.7354,349.1,1,1,2014-09-23,0417,Aqua,MODIS,93,6.2,308.3,48,D,0
-12.9207,143.0084,322.9,1.1,1,2014-09-23,0417,Aqua,MODIS,37,6.2,298.3,14.1,D,0
-14.8765,134.5492,331.5,2.5,1.5,2014-09-23,0417,Aqua,MODIS,76,6.2,314.3,43.9,D,0
-15.5898,141.887,335.4,1,1,2014-09-23,0417,Aqua,MODIS,71,6.2,313.5,18.5,D,0
-13.0236,142.941,327,1.1,1,2014-09-23,0417,Aqua,MODIS,48,6.2,306.1,13,D,0
-15.0654,134.6073,331.8,2.5,1.5,2014-09-23,0417,Aqua,MODIS,57,6.2,312.8,45.6,D,0
-14.0088,133.7722,326,2.8,1.6,2014-09-23,0417,Aqua,MODIS,46,6.2,310.3,31.9,D,0
-13.9659,133.7669,325.1,2.8,1.6,2014-09-23,0417,Aqua,MODIS,37,6.2,308.1,24.3,D,0
-12.9592,142.815,327.4,1.1,1,2014-09-23,0417,Aqua,MODIS,63,6.2,304.3,13.1,D,0
-13.5662,135.3224,330.3,2.1,1.4,2014-09-23,0417,Aqua,MODIS,50,6.2,310.6,37.5,D,0
-13.5782,135.3185,326.9,2.1,1.4,2014-09-23,0417,Aqua,MODIS,34,6.2,308.7,27.2,D,0
-13.5656,135.3169,331.4,2.1,1.4,2014-09-23,0417,Aqua,MODIS,53,6.2,311.2,40.3,D,0
-12.9096,142.8509,332.6,1.1,1,2014-09-23,0417,Aqua,MODIS,79,6.2,301.9,21.8,D,0
-12.9825,142.8484,327.1,1.1,1,2014-09-23,0417,Aqua,MODIS,51,6.2,303.7,13.9,D,0
-13.5809,135.305,330.2,2.1,1.4,2014-09-23,0417,Aqua,MODIS,41,6.2,307.1,36.3,D,0
-12.8591,142.8729,325.7,1.1,1,2014-09-23,0417,Aqua,MODIS,53,6.2,303.9,11,D,0
-14.1866,135.6872,324.1,2,1.4,2014-09-23,0417,Aqua,MODIS,57,6.2,307.4,26,D,0
-13.6025,135.2301,338.8,2.1,1.4,2014-09-23,0417,Aqua,MODIS,84,6.2,309.1,76.5,D,0
-14.1898,136.5174,326.6,1.7,1.3,2014-09-23,0417,Aqua,MODIS,65,6.2,302.6,32,D,0
-14.1397,136.4736,322.3,1.7,1.3,2014-09-23,0417,Aqua,MODIS,43,6.2,301.6,22.3,D,0
-14.1812,135.6982,327.9,2,1.4,2014-09-23,0417,Aqua,MODIS,69,6.2,308.6,36.4,D,0
-13.6003,135.2493,345.2,2.1,1.4,2014-09-23,0417,Aqua,MODIS,90,6.2,310.4,108.2,D,0
-12.9655,142.8358,329.8,1.1,1,2014-09-23,0417,Aqua,MODIS,46,6.2,305.1,16.6,D,0
-12.967,142.8261,331.4,1.1,1,2014-09-23,0417,Aqua,MODIS,72,6.2,305.4,19.5,D,0
-12.911,142.8412,330.8,1.1,1,2014-09-23,0417,Aqua,MODIS,76,6.2,302.7,18.9,D,0
-12.5774,142.4798,325.5,1,1,2014-09-23,0417,Aqua,MODIS,43,6.2,306.4,10.1,D,0
-13.5684,135.3034,335.3,2.1,1.4,2014-09-23,0417,Aqua,MODIS,77,6.2,310.6,55.7,D,0
-12.9733,142.847,342.6,1.1,1,2014-09-23,0417,Aqua,MODIS,89,6.2,307.5,39.1,D,0
-12.8683,142.8743,342.4,1.1,1,2014-09-23,0417,Aqua,MODIS,89,6.2,304.9,38,D,0
-13.6027,135.2247,328.2,2.1,1.4,2014-09-23,0417,Aqua,MODIS,58,6.2,308.3,34,D,0
-13.6137,134.9245,340.7,2.2,1.4,2014-09-23,0417,Aqua,MODIS,86,6.2,313.6,81,D,0
-13.6137,134.909,334.3,2.2,1.4,2014-09-23,0417,Aqua,MODIS,71,6.2,315.3,50.3,D,0
-13.6113,134.9296,336.7,2.2,1.4,2014-09-23,0417,Aqua,MODIS,82,6.2,313,58.4,D,0
-13.6003,135.2439,345.8,2.1,1.4,2014-09-23,0417,Aqua,MODIS,90,6.2,310.7,113,D,0
-14.1845,135.7054,323,2,1.4,2014-09-23,0417,Aqua,MODIS,51,6.2,308.4,23.5,D,0
-14.262,141.9739,331.9,1,1,2014-09-23,0417,Aqua,MODIS,69,6.2,309.6,16.7,D,0
-13.6005,142.0305,323.9,1,1,2014-09-23,0417,Aqua,MODIS,39,6.2,303.8,8.5,D,0
-14.2706,142.0414,361.3,1,1,2014-09-23,0417,Aqua,MODIS,94,6.2,307.8,76.3,D,0
-14.2709,141.9753,358.1,1,1,2014-09-23,0417,Aqua,MODIS,99,6.2,309.8,67.5,D,0
-12.8406,135.7127,333.7,1.9,1.3,2014-09-23,0417,Aqua,MODIS,76,6.2,309.9,39.8,D,0
-14.2589,142.0585,350.4,1,1,2014-09-23,0417,Aqua,MODIS,94,6.2,302,48.6,D,0
-14.1058,143.1569,341,1.1,1,2014-09-23,0417,Aqua,MODIS,85,6.2,310,32.4,D,0
-13.4232,134.5489,327.4,2.3,1.5,2014-09-23,0417,Aqua,MODIS,56,6.2,311.2,22.3,D,0
-15.1194,134.4312,332.6,2.5,1.5,2014-09-23,0417,Aqua,MODIS,60,6.2,309.9,56.6,D,0
-15.2187,134.2977,347.3,2.6,1.6,2014-09-23,0417,Aqua,MODIS,92,6.2,307,166.1,D,0
-14.6943,142.037,336.4,1,1,2014-09-23,0417,Aqua,MODIS,17,6.2,311,20.8,D,0
-14.6957,142.0278,339.3,1,1,2014-09-23,0417,Aqua,MODIS,74,6.2,308.6,26.1,D,0
-14.6867,142.0264,336.4,1,1,2014-09-23,0417,Aqua,MODIS,67,6.2,307.7,21.4,D,0
-14.9674,144.9322,333.4,1.3,1.1,2014-09-23,0417,Aqua,MODIS,80,6.2,297.5,32.6,D,0
-13.0279,135.5716,370.7,1.9,1.4,2014-09-23,0417,Aqua,MODIS,100,6.2,312.1,263.4,D,0
-16.768,132.7546,326.9,3.6,1.8,2014-09-23,0417,Aqua,MODIS,50,6.2,305.4,74.1,D,0
-16.7519,132.7529,339,3.6,1.8,2014-09-23,0417,Aqua,MODIS,85,6.2,307.5,176.4,D,0
-16.7602,132.7495,334.6,3.6,1.8,2014-09-23,0417,Aqua,MODIS,76,6.2,307.2,136.8,D,0
-16.7441,132.7478,345.6,3.6,1.8,2014-09-23,0417,Aqua,MODIS,90,6.2,307.9,246.8,D,0
-13.0258,135.5889,354.4,1.9,1.4,2014-09-23,0417,Aqua,MODIS,96,6.2,314.4,139.1,D,0
-14.91,144.9706,333.8,1.3,1.1,2014-09-23,0417,Aqua,MODIS,82,6.2,300.9,32.2,D,0
-14.9574,144.9306,365.4,1.3,1.1,2014-09-23,0417,Aqua,MODIS,100,6.2,301.4,128.7,D,0
-14.9119,144.9587,325.7,1.3,1.1,2014-09-23,0417,Aqua,MODIS,43,6.2,301.1,18,D,0
-14.9107,144.9636,328.3,1.3,1.1,2014-09-23,0417,Aqua,MODIS,71,6.2,301.4,21.7,D,0
-14.9088,144.976,326.6,1.3,1.1,2014-09-23,0417,Aqua,MODIS,50,6.2,300.1,19.3,D,0
-15.1814,143.7311,334.7,1.1,1,2014-09-23,0417,Aqua,MODIS,65,6.2,305.6,24.1,D,0
-15.1534,143.7264,328.5,1.1,1,2014-09-23,0417,Aqua,MODIS,57,6.2,307.1,11.6,D,0
-16.7326,132.785,331.3,3.6,1.8,2014-09-23,0417,Aqua,MODIS,57,6.2,306.8,101.2,D,0
-16.7359,132.7512,342.6,3.6,1.8,2014-09-23,0417,Aqua,MODIS,88,6.2,308.7,206.5,D,0
-16.7246,132.7799,334.5,3.6,1.8,2014-09-23,0417,Aqua,MODIS,70,6.2,306.6,121.9,D,0
-16.7281,132.7462,338.5,3.6,1.8,2014-09-23,0417,Aqua,MODIS,84,6.2,308.9,156.3,D,0
-12.8647,135.7158,333.9,1.9,1.3,2014-09-23,0417,Aqua,MODIS,73,6.2,311.1,42.1,D,0
-12.9693,135.6125,330.9,1.9,1.4,2014-09-23,0417,Aqua,MODIS,69,6.2,310.2,29.5,D,0
-16.7477,132.2134,324.6,3.9,1.8,2014-09-23,0417,Aqua,MODIS,60,6.2,307.9,43.6,D,0
-16.7423,132.2052,323.8,3.9,1.8,2014-09-23,0417,Aqua,MODIS,53,6.2,308.3,36.2,D,0
-13.7031,142.0208,331.3,1,1,2014-09-23,0417,Aqua,MODIS,47,6.2,307.3,15.7,D,0
-14.325,143.1744,335.9,1.1,1,2014-09-23,0417,Aqua,MODIS,82,6.2,308.9,20.5,D,0
-14.3265,143.1646,333.8,1.1,1,2014-09-23,0417,Aqua,MODIS,75,6.2,309.9,17.9,D,0
-14.3158,143.1729,340.4,1.1,1,2014-09-23,0417,Aqua,MODIS,87,6.2,309.1,27.2,D,0
-14.1076,143.2074,329,1.1,1,2014-09-23,0417,Aqua,MODIS,74,6.2,306.2,16.9,D,0
-13.3035,141.8525,330.1,1,1,2014-09-23,0417,Aqua,MODIS,68,6.2,308.1,13.9,D,0
-13.3049,141.8433,335.9,1,1,2014-09-23,0417,Aqua,MODIS,79,6.2,308.1,22.7,D,0
-13.3062,141.8341,338.1,1,1,2014-09-23,0417,Aqua,MODIS,86,6.2,306.8,28.1,D,0
-13.6274,142.0307,330.8,1,1,2014-09-23,0417,Aqua,MODIS,52,6.2,309.4,15.2,D,0
-12.8526,135.7143,340.1,1.9,1.3,2014-09-23,0417,Aqua,MODIS,86,6.2,311.2,64.7,D,0
-13.038,135.5904,334.5,1.9,1.4,2014-09-23,0417,Aqua,MODIS,78,6.2,312,45.2,D,0
-13.0401,135.5729,328.9,1.9,1.4,2014-09-23,0417,Aqua,MODIS,53,6.2,309.6,26.2,D,0
-15.2074,134.272,338.9,2.6,1.6,2014-09-23,0417,Aqua,MODIS,74,6.2,307.1,105.4,D,0
-13.4468,135.0138,332.5,2.2,1.4,2014-09-23,0417,Aqua,MODIS,77,6.2,310.9,49.6,D,0
-13.443,135.0387,331.9,2.2,1.4,2014-09-23,0417,Aqua,MODIS,72,6.2,310.2,42.2,D,0
-13.4443,135.0336,338.6,2.2,1.4,2014-09-23,0417,Aqua,MODIS,84,6.2,310.5,74.3,D,0
-13.4454,135.0188,348.6,2.2,1.4,2014-09-23,0417,Aqua,MODIS,93,6.2,311.2,132.6,D,0
-14.098,143.1457,326.2,1.1,1,2014-09-23,0417,Aqua,MODIS,68,6.2,306.5,11.8,D,0
-15.2467,141.6486,339,1,1,2014-09-23,0417,Aqua,MODIS,74,6.2,311.1,22,D,0
-15.202,134.3203,353.9,2.6,1.5,2014-09-23,0417,Aqua,MODIS,96,6.2,309.8,212.4,D,0
-14.0965,143.1554,328,1.1,1,2014-09-23,0417,Aqua,MODIS,69,6.2,306.7,14.3,D,0
-13.1362,136.0805,324.6,1.8,1.3,2014-09-23,0417,Aqua,MODIS,34,6.2,308.4,19.3,D,0
-15.2159,134.322,339.6,2.6,1.5,2014-09-23,0417,Aqua,MODIS,84,6.2,307.7,104,D,0
-14.9692,144.9209,323.3,1.3,1.1,2014-09-23,0417,Aqua,MODIS,30,6.2,296.5,16.6,D,0
-14.9774,144.9341,336.2,1.3,1.1,2014-09-23,0417,Aqua,MODIS,84,6.2,298,37.7,D,0
-13.1265,136.0627,324.6,1.8,1.3,2014-09-23,0417,Aqua,MODIS,31,6.2,307.2,20.6,D,0
-14.2696,141.9846,386,1,1,2014-09-23,0417,Aqua,MODIS,100,6.2,309.2,165.2,D,0
-12.9671,135.63,335.2,1.9,1.3,2014-09-23,0417,Aqua,MODIS,81,6.2,311,43.1,D,0
-15.2699,141.6143,335,1,1,2014-09-23,0417,Aqua,MODIS,72,6.2,308.2,18.6,D,0
-15.3021,141.5813,341.6,1,1,2014-09-23,0417,Aqua,MODIS,81,6.2,311.5,29.6,D,0
-14.2612,142.1062,346.4,1,1,2014-09-23,0417,Aqua,MODIS,92,6.2,307.9,39.4,D,0
-13.4925,135.1662,327.1,2.1,1.4,2014-09-23,0417,Aqua,MODIS,65,6.2,309.9,23.3,D,0
-13.8481,143.4733,322.4,1.1,1,2014-09-23,0417,Aqua,MODIS,59,6.2,303.2,13.5,D,0
-13.5928,142.0198,331.8,1,1,2014-09-23,0417,Aqua,MODIS,74,6.2,307.1,18.5,D,0
-14.2683,141.9938,331.8,1,1,2014-09-23,0417,Aqua,MODIS,78,6.2,307.6,16.5,D,0
-13.1181,136.0731,330,1.8,1.3,2014-09-23,0417,Aqua,MODIS,73,6.2,307,34.5,D,0
-13.1245,136.079,329.4,1.8,1.3,2014-09-23,0417,Aqua,MODIS,68,6.2,307.4,32.6,D,0
-13.4635,141.9554,342.8,1,1,2014-09-23,0417,Aqua,MODIS,90,6.2,310.6,33.7,D,0
-15.1393,133.1095,326.7,3.2,1.7,2014-09-23,0417,Aqua,MODIS,67,6.2,310.7,56.4,D,0
-15.1362,133.139,332,3.2,1.7,2014-09-23,0417,Aqua,MODIS,77,6.2,307.7,92.3,D,0
-12.3804,136.5611,323.8,1.6,1.2,2014-09-23,0418,Aqua,MODIS,50,6.2,307,17.4,D,0
-11.2483,132.3059,318.4,3.3,1.7,2014-09-23,0418,Aqua,MODIS,19,6.2,301.2,37.8,D,0
-12.1997,135.5363,322.3,1.9,1.3,2014-09-23,0418,Aqua,MODIS,39,6.2,301.3,20.2,D,0
-12.2948,136.8815,323.8,1.5,1.2,2014-09-23,0418,Aqua,MODIS,54,6.2,302.9,20.3,D,0
-12.2915,136.8897,328.7,1.5,1.2,2014-09-23,0418,Aqua,MODIS,62,6.2,303.4,29,D,0
-12.2931,136.8952,325.8,1.5,1.2,2014-09-23,0418,Aqua,MODIS,62,6.2,303.9,25.2,D,0
-12.4899,135.6951,335.6,1.9,1.3,2014-09-23,0418,Aqua,MODIS,82,6.2,303.8,54,D,0
-12.5019,135.6967,338,1.9,1.3,2014-09-23,0418,Aqua,MODIS,85,6.2,304.3,62.1,D,0
-12.4997,135.714,332.1,1.9,1.3,2014-09-23,0418,Aqua,MODIS,69,6.2,306.2,37.5,D,0
-12.2225,135.4506,324.1,1.9,1.4,2014-09-23,0418,Aqua,MODIS,59,6.2,303,21.2,D,0
-11.8103,142.1221,352,1,1,2014-09-23,0418,Aqua,MODIS,96,6.2,298.3,57.3,D,0
-11.804,142.1019,323.8,1,1,2014-09-23,0418,Aqua,MODIS,49,6.2,300.2,11.5,D,0
-12.5925,136.5114,323.3,1.6,1.3,2014-09-23,0418,Aqua,MODIS,44,6.2,308.1,15.1,D,0
-11.8131,142.1033,322.3,1,1,2014-09-23,0418,Aqua,MODIS,48,6.2,298.4,10.2,D,0
-12.8623,135.0047,326.8,2.1,1.4,2014-09-23,0418,Aqua,MODIS,55,6.2,308.8,26.9,D,0
-12.1363,133.8917,338.7,2.5,1.5,2014-09-23,0418,Aqua,MODIS,86,6.2,301.1,101.7,D,0
-12.1305,133.886,331.2,2.5,1.5,2014-09-23,0418,Aqua,MODIS,79,6.2,302.1,56,D,0
-12.1276,133.909,331.5,2.5,1.5,2014-09-23,0418,Aqua,MODIS,79,6.2,302.2,56,D,0
-12.4652,132.4714,320.9,3.3,1.7,2014-09-23,0418,Aqua,MODIS,22,6.2,298,31.8,D,0
-12.424,136.4004,326.6,1.6,1.3,2014-09-23,0418,Aqua,MODIS,57,6.2,306,22.1,D,0
-12.4698,132.467,320.3,3.3,1.7,2014-09-23,0418,Aqua,MODIS,26,6.2,298.2,31.4,D,0
-12.8647,134.9852,329.7,2.1,1.4,2014-09-23,0418,Aqua,MODIS,67,6.2,309.6,38.6,D,0
-12.126,134.2093,323.4,2.4,1.5,2014-09-23,0418,Aqua,MODIS,52,6.2,302.8,36.3,D,0
-12.8687,134.8456,332.8,2.2,1.4,2014-09-23,0418,Aqua,MODIS,61,6.2,312,41.7,D,0
-12.422,136.4155,330.8,1.6,1.3,2014-09-23,0418,Aqua,MODIS,75,6.2,308.5,31.3,D,0
-32.2094,117.5801,302.5,1.3,1.1,2014-09-23,0551,Aqua,MODIS,14,6.2,287.8,3.2,D,0
-25.7032,128.74,337.5,3,1.7,2014-09-23,0552,Aqua,MODIS,87,6.2,295.2,166.2,D,0
-25.7009,128.7439,337.7,3,1.7,2014-09-23,0552,Aqua,MODIS,87,6.2,294.5,166.8,D,0
-22.7923,122.567,373.1,1.3,1.1,2014-09-23,0553,Aqua,MODIS,100,6.2,313.6,171.5,D,0
-22.402,130.262,334.8,4.6,2,2014-09-23,0553,Aqua,MODIS,83,6.2,307.2,234.4,D,0
-22.8949,122.4356,325.1,1.3,1.1,2014-09-23,0553,Aqua,MODIS,61,6.2,312,11.4,D,0
-22.7902,122.5798,362.1,1.3,1.1,2014-09-23,0553,Aqua,MODIS,100,6.2,311.2,119.3,D,0
-22.7982,122.5737,323.4,1.3,1.1,2014-09-23,0553,Aqua,MODIS,54,6.2,310.9,10.6,D,0
-22.4041,130.2583,337.3,4.6,2,2014-09-23,0553,Aqua,MODIS,85,6.2,307.3,269.4,D,0
-22.6294,118.0472,337.9,1,1,2014-09-23,0553,Aqua,MODIS,34,6.2,315.1,15.9,D,0
-22.6511,118.091,334.2,1,1,2014-09-23,0553,Aqua,MODIS,77,6.2,314.8,15.8,D,0
-22.7868,118.2357,330.5,1,1,2014-09-23,0553,Aqua,MODIS,71,6.2,316.6,12.3,D,0
-22.6524,118.0811,328.3,1,1,2014-09-23,0553,Aqua,MODIS,65,6.2,314.5,8,D,0
-22.6538,118.0713,349.5,1,1,2014-09-23,0553,Aqua,MODIS,93,6.2,315.5,41.1,D,0
-22.6447,118.0699,391.8,1,1,2014-09-23,0553,Aqua,MODIS,100,6.2,319.7,189.2,D,0
-22.674,117.9906,347,1,1,2014-09-23,0553,Aqua,MODIS,83,6.2,316,39.1,D,0
-22.6726,118.0004,336.4,1,1,2014-09-23,0553,Aqua,MODIS,28,6.2,315.9,18.3,D,0
-22.6984,118.015,342.6,1,1,2014-09-23,0553,Aqua,MODIS,76,6.2,311.4,31.4,D,0
-22.6362,117.998,331.7,1,1,2014-09-23,0553,Aqua,MODIS,70,6.2,313.5,16,D,0
-22.6348,118.0078,348.5,1,1,2014-09-23,0553,Aqua,MODIS,92,6.2,316.2,42.8,D,0
-22.6439,118.0093,344,1,1,2014-09-23,0553,Aqua,MODIS,88,6.2,315.1,32.3,D,0
-22.7011,118.1959,333.7,1,1,2014-09-23,0553,Aqua,MODIS,74,6.2,315,15.5,D,0
-22.7101,118.1974,334.3,1,1,2014-09-23,0553,Aqua,MODIS,75,6.2,317.7,15.6,D,0
-22.7088,118.2072,364.5,1,1,2014-09-23,0553,Aqua,MODIS,100,6.2,318.1,80.6,D,0
-22.6489,118.0403,337.5,1,1,2014-09-23,0553,Aqua,MODIS,48,6.2,316.3,18.7,D,0
-22.6461,118.06,367.9,1,1,2014-09-23,0553,Aqua,MODIS,100,6.2,315.4,89.8,D,0
-22.6675,117.9729,344.5,1,1,2014-09-23,0553,Aqua,MODIS,89,6.2,312.4,37.7,D,0
-22.683,117.9921,348.5,1,1,2014-09-23,0553,Aqua,MODIS,88,6.2,315.8,43,D,0
-22.6661,117.9828,391.3,1,1,2014-09-23,0553,Aqua,MODIS,100,6.2,321.6,194.6,D,0
-22.6647,117.9926,338.2,1,1,2014-09-23,0553,Aqua,MODIS,83,6.2,313.7,25.3,D,0
-22.6767,117.9709,337.7,1,1,2014-09-23,0553,Aqua,MODIS,82,6.2,308.4,28.4,D,0
-22.6844,117.9824,334.3,1,1,2014-09-23,0553,Aqua,MODIS,40,6.2,309.6,20.2,D,0
-22.6753,117.9808,384.8,1,1,2014-09-23,0553,Aqua,MODIS,100,6.2,319.5,163.2,D,0
-19.1891,128.9137,328.9,4.4,1.9,2014-09-23,0554,Aqua,MODIS,69,6.2,311.2,121.2,D,0
-19.2065,128.9126,333.2,4.4,1.9,2014-09-23,0554,Aqua,MODIS,77,6.2,310.1,168.3,D,0
-22.6244,118.0162,350.7,1,1,2014-09-23,0554,Aqua,MODIS,89,6.2,314.1,45.8,D,0
-22.6271,117.9965,345,1,1,2014-09-23,0554,Aqua,MODIS,89,6.2,311.9,38,D,0
-18.7049,128.9455,332.5,4.5,2,2014-09-23,0554,Aqua,MODIS,69,6.2,308.6,155.5,D,0
-18.7223,128.9494,333.5,4.5,2,2014-09-23,0554,Aqua,MODIS,72,6.2,309.4,168.7,D,0
-19.1893,128.9093,326.8,4.4,1.9,2014-09-23,0554,Aqua,MODIS,63,6.2,311.4,101.4,D,0
-18.7214,128.9409,347.4,4.5,2,2014-09-23,0554,Aqua,MODIS,91,6.2,310.2,375.9,D,0
-18.7041,128.9369,331.2,4.5,2,2014-09-23,0554,Aqua,MODIS,73,6.2,308.8,146.3,D,0
-22.6126,118.0344,342.8,1,1,2014-09-23,0554,Aqua,MODIS,86,6.2,314.1,29.7,D,0
-22.6153,118.0147,357.5,1,1,2014-09-23,0554,Aqua,MODIS,98,6.2,312.3,64.7,D,0
-22.614,118.0246,344.4,1,1,2014-09-23,0554,Aqua,MODIS,89,6.2,313.2,34.5,D,0
-22.6217,118.0359,353,1,1,2014-09-23,0554,Aqua,MODIS,92,6.2,317.6,47.8,D,0
-19.2063,128.9171,332.4,4.4,1.9,2014-09-23,0554,Aqua,MODIS,76,6.2,309.9,157.8,D,0
-22.6258,118.0064,351.2,1,1,2014-09-23,0554,Aqua,MODIS,94,6.2,315,49.3,D,0
-17.4382,127.4644,346.3,3.8,1.8,2014-09-23,0554,Aqua,MODIS,91,6.2,312.4,256.1,D,0
-17.4452,127.4289,343.4,3.7,1.8,2014-09-23,0554,Aqua,MODIS,88,6.2,314,216.7,D,0
-17.3225,127.5785,326.9,3.8,1.8,2014-09-23,0554,Aqua,MODIS,23,6.2,311.4,63.9,D,0
-17.3062,127.575,333,3.8,1.8,2014-09-23,0554,Aqua,MODIS,70,6.2,310.9,118.3,D,0
-18.7473,128.9029,324,4.5,1.9,2014-09-23,0554,Aqua,MODIS,35,6.2,311,65.7,D,0
-17.3453,127.5917,326.8,3.8,1.8,2014-09-23,0554,Aqua,MODIS,37,6.2,311.4,65.2,D,0
-18.7127,128.8951,327.1,4.5,1.9,2014-09-23,0554,Aqua,MODIS,61,6.2,312.1,96.7,D,0
-18.73,128.8988,343,4.5,1.9,2014-09-23,0554,Aqua,MODIS,88,6.2,313.8,294.7,D,0
-18.7138,128.9036,336.3,4.5,1.9,2014-09-23,0554,Aqua,MODIS,81,6.2,312.3,197.2,D,0
-18.7312,128.9073,345.7,4.5,1.9,2014-09-23,0554,Aqua,MODIS,90,6.2,313.3,337.1,D,0
-17.4437,127.4704,343.2,3.8,1.8,2014-09-23,0554,Aqua,MODIS,88,6.2,311.9,218.9,D,0
-17.4612,127.4327,346.8,3.7,1.8,2014-09-23,0554,Aqua,MODIS,91,6.2,313.1,265.4,D,0
-17.4544,127.4678,332.2,3.8,1.8,2014-09-23,0554,Aqua,MODIS,75,6.2,310.8,104.7,D,0
-17.4508,127.435,356.3,3.7,1.8,2014-09-23,0554,Aqua,MODIS,97,6.2,314.2,404.3,D,0
-17.4669,127.4386,336.1,3.7,1.8,2014-09-23,0554,Aqua,MODIS,81,6.2,311.5,144.4,D,0
-17.355,127.5861,328.6,3.8,1.8,2014-09-23,0554,Aqua,MODIS,58,6.2,311.6,80.2,D,0
-21.1188,118.4641,345.3,1,1,2014-09-23,0554,Aqua,MODIS,89,6.2,316.8,32.7,D,0
-20.7004,119.4447,369.5,1,1,2014-09-23,0554,Aqua,MODIS,100,6.2,322.9,97.4,D,0
-20.7019,119.4349,358.5,1,1,2014-09-23,0554,Aqua,MODIS,99,6.2,321.6,63.5,D,0
-20.6928,119.4333,373.5,1,1,2014-09-23,0554,Aqua,MODIS,100,6.2,321.7,112.4,D,0
-20.6942,119.4235,331.8,1,1,2014-09-23,0554,Aqua,MODIS,68,6.2,316.9,11,D,0
-21.4163,118.3158,350.1,1,1,2014-09-23,0554,Aqua,MODIS,93,6.2,320.5,43.2,D,0
-21.4176,118.3062,356.6,1,1,2014-09-23,0554,Aqua,MODIS,98,6.2,318.2,58.4,D,0
-21.4073,118.3143,333.3,1,1,2014-09-23,0554,Aqua,MODIS,74,6.2,317.5,13.8,D,0
-21.1264,118.4752,338.4,1,1,2014-09-23,0554,Aqua,MODIS,81,6.2,321.8,21.9,D,0
-21.1174,118.4737,341.4,1,1,2014-09-23,0554,Aqua,MODIS,85,6.2,318.4,25.3,D,0
-17.2616,127.3412,342.9,3.7,1.8,2014-09-23,0555,Aqua,MODIS,88,6.2,312,205.3,D,0
-17.2294,127.3347,343.3,3.7,1.8,2014-09-23,0555,Aqua,MODIS,88,6.2,311.7,215.6,D,0
-16.359,127.8947,322.8,4.3,1.9,2014-09-23,0555,Aqua,MODIS,17,6.2,305.5,57.4,D,0
-17.2455,127.338,331.5,3.7,1.8,2014-09-23,0555,Aqua,MODIS,38,6.2,310.2,90.8,D,0
-16.3451,127.8997,335.3,4.3,1.9,2014-09-23,0555,Aqua,MODIS,80,6.2,304.6,182.1,D,0
-17.123,127.4853,325.8,3.8,1.8,2014-09-23,0555,Aqua,MODIS,41,6.2,308.4,69.4,D,0
-17.1465,127.4516,333.2,3.8,1.8,2014-09-23,0555,Aqua,MODIS,73,6.2,309.7,128.1,D,0
-17.2363,127.3003,336,3.7,1.8,2014-09-23,0555,Aqua,MODIS,66,6.2,313.2,134.4,D,0
-17.19,127.6177,365.8,3.9,1.8,2014-09-23,0555,Aqua,MODIS,100,6.2,310.7,636.6,D,0
-17.2343,127.5943,370.6,3.9,1.8,2014-09-23,0555,Aqua,MODIS,75,6.2,312.2,731.1,D,0
-17.2299,127.5886,367.2,3.9,1.8,2014-09-23,0555,Aqua,MODIS,100,6.2,312.7,653.3,D,0
-17.1736,127.6144,344.9,3.9,1.8,2014-09-23,0555,Aqua,MODIS,89,6.2,307.1,284,D,0
-17.1808,127.5785,328.7,3.9,1.8,2014-09-23,0555,Aqua,MODIS,67,6.2,309,101.2,D,0
-17.2136,127.5849,336.9,3.9,1.8,2014-09-23,0555,Aqua,MODIS,64,6.2,310.1,165.5,D,0
-17.1302,127.4487,324.9,3.8,1.8,2014-09-23,0555,Aqua,MODIS,27,6.2,309.1,58.4,D,0
-17.1068,127.4815,340.4,3.8,1.8,2014-09-23,0555,Aqua,MODIS,85,6.2,308,205.5,D,0
-17.1416,127.4454,325.7,3.8,1.8,2014-09-23,0555,Aqua,MODIS,28,6.2,309.4,64.6,D,0
-17.1183,127.479,332.1,3.8,1.8,2014-09-23,0555,Aqua,MODIS,71,6.2,308.5,120.1,D,0
-16.342,127.891,339.7,4.3,1.9,2014-09-23,0555,Aqua,MODIS,85,6.2,304.4,241.8,D,0
-16.3252,127.8868,325.8,4.3,1.9,2014-09-23,0555,Aqua,MODIS,58,6.2,302.4,90,D,0
-17.1838,127.6089,365.4,3.9,1.8,2014-09-23,0555,Aqua,MODIS,100,6.2,310.6,635.7,D,0
-17.4185,125.4813,334.6,2.7,1.6,2014-09-23,0555,Aqua,MODIS,36,6.2,312.9,70.6,D,0
-16.3535,127.8584,327,4.2,1.9,2014-09-23,0555,Aqua,MODIS,49,6.2,303.9,90.4,D,0
-17.2523,127.3034,332.2,3.7,1.8,2014-09-23,0555,Aqua,MODIS,43,6.2,313.8,96,D,0
-17.2684,127.3066,343.2,3.7,1.8,2014-09-23,0555,Aqua,MODIS,88,6.2,313.8,206.4,D,0
-17.291,127.276,337.1,3.7,1.8,2014-09-23,0555,Aqua,MODIS,82,6.2,313.7,141.2,D,0
-17.2536,127.3321,339.7,3.7,1.8,2014-09-23,0555,Aqua,MODIS,68,6.2,311.5,163.6,D,0
-17.074,122.5073,340.4,1.6,1.3,2014-09-23,0555,Aqua,MODIS,85,6.2,317.3,50,D,0
-16.5461,124.3565,368.3,2.3,1.5,2014-09-23,0555,Aqua,MODIS,100,6.2,314.2,318.8,D,0
-16.1054,128.2514,332.8,4.6,2,2014-09-23,0555,Aqua,MODIS,77,6.2,301.6,155.2,D,0
-17.2065,127.6206,340.3,3.9,1.8,2014-09-23,0555,Aqua,MODIS,68,6.2,307.5,204.8,D,0
-17.1972,127.5814,333.9,3.9,1.8,2014-09-23,0555,Aqua,MODIS,61,6.2,309.5,140.6,D,0
-16.3163,127.9229,325.8,4.3,1.9,2014-09-23,0555,Aqua,MODIS,61,6.2,300.4,96.1,D,0
-16.3171,127.9273,327.4,4.3,1.9,2014-09-23,0555,Aqua,MODIS,66,6.2,300.4,102.8,D,0
-16.1145,128.2177,342.2,4.5,2,2014-09-23,0555,Aqua,MODIS,88,6.2,304.6,286.7,D,0
-16.1058,128.2603,323.6,4.6,2,2014-09-23,0555,Aqua,MODIS,33,6.2,301.2,56.6,D,0
-16.3342,127.9307,325.4,4.3,1.9,2014-09-23,0555,Aqua,MODIS,49,6.2,302,77.4,D,0
-16.5329,124.354,360.9,2.3,1.5,2014-09-23,0555,Aqua,MODIS,100,6.2,310.9,248.5,D,0
-17.0789,127.5077,331.9,3.8,1.8,2014-09-23,0555,Aqua,MODIS,74,6.2,306.1,133.6,D,0
-17.1022,127.4749,339.5,3.8,1.8,2014-09-23,0555,Aqua,MODIS,84,6.2,308.2,201.1,D,0
-17.0908,127.4767,330.8,3.8,1.8,2014-09-23,0555,Aqua,MODIS,56,6.2,307.9,110.3,D,0
-17.2072,127.5756,330.5,3.9,1.8,2014-09-23,0555,Aqua,MODIS,50,6.2,309.8,105.3,D,0
-17.0746,127.473,336.2,3.8,1.8,2014-09-23,0555,Aqua,MODIS,81,6.2,308.2,172.5,D,0
-17.0862,127.47,338.4,3.8,1.8,2014-09-23,0555,Aqua,MODIS,83,6.2,308.5,194.6,D,0
-17.2002,127.6118,357.7,3.9,1.8,2014-09-23,0555,Aqua,MODIS,98,6.2,310.5,474.1,D,0
-17.2134,127.3311,332.1,3.7,1.8,2014-09-23,0555,Aqua,MODIS,71,6.2,311,107.4,D,0
-16.5499,124.335,365.6,2.3,1.5,2014-09-23,0555,Aqua,MODIS,100,6.2,318.3,286.7,D,0
-17.2201,127.2977,327.5,3.7,1.8,2014-09-23,0555,Aqua,MODIS,47,6.2,312.3,67.7,D,0
-16.5368,124.3323,361.2,2.3,1.5,2014-09-23,0555,Aqua,MODIS,100,6.2,315,248.7,D,0
-17.2215,127.3253,353.2,3.7,1.8,2014-09-23,0555,Aqua,MODIS,95,6.2,312.8,349.7,D,0
-16.1313,128.2121,323.9,4.5,2,2014-09-23,0555,Aqua,MODIS,53,6.2,304.2,60.3,D,0
-17.6916,123.2892,331.4,1.8,1.3,2014-09-23,0555,Aqua,MODIS,60,6.2,318.1,25.9,D,0
-17.0524,122.5667,331.5,1.7,1.3,2014-09-23,0555,Aqua,MODIS,67,6.2,318.7,22.4,D,0
-17.6887,123.3063,329.9,1.8,1.3,2014-09-23,0555,Aqua,MODIS,49,6.2,315.8,21.4,D,0
-17.6964,123.2956,331.9,1.8,1.3,2014-09-23,0555,Aqua,MODIS,42,6.2,316.8,26.7,D,0
-17.4273,125.5121,330.6,2.7,1.6,2014-09-23,0555,Aqua,MODIS,29,6.2,313.7,44.8,D,0
-16.1138,128.2089,336.9,4.5,2,2014-09-23,0555,Aqua,MODIS,82,6.2,304.8,206.8,D,0
-17.0827,122.5142,342.9,1.6,1.3,2014-09-23,0555,Aqua,MODIS,87,6.2,317.9,57.1,D,0
-17.0853,122.5093,339.7,1.6,1.3,2014-09-23,0555,Aqua,MODIS,85,6.2,318.3,46.1,D,0
-22.3857,130.2674,315.6,1.8,1.3,2014-09-23,1340,Terra,MODIS,91,6.2,288.4,34.9,N,0
-18.3863,130.7763,306.4,1.4,1.2,2014-09-23,1341,Terra,MODIS,68,6.2,292,12.6,N,0
-18.3879,130.7628,310,1.4,1.2,2014-09-23,1341,Terra,MODIS,79,6.2,291.8,16.9,N,0
-18.6815,128.9677,331.5,1.9,1.4,2014-09-23,1341,Terra,MODIS,100,6.2,293.8,79.5,N,0
-18.6846,128.9745,309.4,1.9,1.4,2014-09-23,1341,Terra,MODIS,77,6.2,291.5,23.6,N,0
-18.6743,128.9545,333.2,2,1.4,2014-09-23,1341,Terra,MODIS,100,6.2,293.9,86.1,N,0
-18.6723,128.9729,335.8,1.9,1.4,2014-09-23,1341,Terra,MODIS,100,6.2,293.5,96,N,0
-18.6866,128.956,330.4,2,1.4,2014-09-23,1341,Terra,MODIS,100,6.2,293.1,78,N,0
-18.6713,128.9478,305.2,2,1.4,2014-09-23,1341,Terra,MODIS,33,6.2,292.3,15.7,N,0
-18.6692,128.9662,337.2,1.9,1.4,2014-09-23,1341,Terra,MODIS,100,6.2,294.6,102.3,N,0
-18.6836,128.9493,321.3,2,1.4,2014-09-23,1341,Terra,MODIS,100,6.2,292.6,48,N,0
-17.7192,131.0049,314.6,1.4,1.2,2014-09-23,1341,Terra,MODIS,68,6.2,294.1,15.7,N,0
-17.7073,131.0162,334.7,1.4,1.2,2014-09-23,1341,Terra,MODIS,100,6.2,296.2,49.2,N,0
-17.7057,131.0289,318.5,1.4,1.2,2014-09-23,1341,Terra,MODIS,85,6.2,294.7,18.9,N,0
-17.7042,131.0416,309.1,1.4,1.2,2014-09-23,1341,Terra,MODIS,21,6.2,291,7.8,N,0
-17.7176,131.0177,329.7,1.4,1.2,2014-09-23,1341,Terra,MODIS,100,6.2,296.2,38.7,N,0
-17.7161,131.0305,336.7,1.4,1.2,2014-09-23,1341,Terra,MODIS,100,6.2,297.2,53,N,0
-17.7145,131.0431,342.5,1.4,1.2,2014-09-23,1341,Terra,MODIS,100,6.2,295.3,68.1,N,0
-17.713,131.0557,317.1,1.4,1.2,2014-09-23,1341,Terra,MODIS,81,6.2,294,18.6,N,0
-17.7265,131.0318,327.6,1.4,1.2,2014-09-23,1341,Terra,MODIS,100,6.2,295.5,33.5,N,0
-17.7249,131.0445,361.4,1.4,1.2,2014-09-23,1341,Terra,MODIS,100,6.2,300,134,N,0
-17.7234,131.0572,328.2,1.4,1.2,2014-09-23,1341,Terra,MODIS,100,6.2,294.9,36.1,N,0
-17.7353,131.046,321.3,1.4,1.2,2014-09-23,1341,Terra,MODIS,100,6.2,295.6,24.2,N,0
-17.7337,131.0586,361.5,1.4,1.2,2014-09-23,1341,Terra,MODIS,100,6.2,299.9,136.2,N,0
-17.7322,131.0713,318.9,1.3,1.2,2014-09-23,1341,Terra,MODIS,98,6.2,294.8,22.3,N,0
-17.7441,131.0601,334.3,1.4,1.2,2014-09-23,1341,Terra,MODIS,100,6.2,296.4,49.7,N,0
-17.7545,131.0614,315.1,1.4,1.2,2014-09-23,1341,Terra,MODIS,46,6.2,294,16.3,N,0
-17.7768,131.0516,311.9,1.4,1.2,2014-09-23,1341,Terra,MODIS,43,6.2,293.4,13.1,N,0
-17.7905,131.0275,310.3,1.4,1.2,2014-09-23,1341,Terra,MODIS,43,6.2,293.5,11.1,N,0
-17.7876,131.0199,306.6,1.4,1.2,2014-09-23,1341,Terra,MODIS,12,6.2,293.6,8.1,N,0
-17.786,131.0327,313.3,1.4,1.2,2014-09-23,1341,Terra,MODIS,86,6.2,293.8,15.4,N,0
-17.7845,131.0455,313.3,1.4,1.2,2014-09-23,1341,Terra,MODIS,62,6.2,293,15.4,N,0
-16.0637,144.4024,301.5,3.9,1.8,2014-09-23,1341,Terra,MODIS,42,6.2,290.5,29.5,N,0
-16.0523,144.4042,303.1,3.9,1.8,2014-09-23,1341,Terra,MODIS,53,6.2,290.3,37.3,N,0
-17.5432,132.398,303.3,1.1,1.1,2014-09-23,1341,Terra,MODIS,50,6.2,292.1,5.7,N,0
-17.5238,132.3671,313.7,1.1,1.1,2014-09-23,1341,Terra,MODIS,88,6.2,294.1,14.6,N,0
-17.5283,132.3632,326.6,1.1,1.1,2014-09-23,1341,Terra,MODIS,100,6.2,294.1,29.1,N,0
-17.5269,132.3739,333.6,1.1,1.1,2014-09-23,1341,Terra,MODIS,100,6.2,296.3,39.2,N,0
-17.5224,132.3778,318.8,1.1,1.1,2014-09-23,1341,Terra,MODIS,98,6.2,295.2,19.9,N,0
-17.5255,132.3846,312.7,1.1,1.1,2014-09-23,1341,Terra,MODIS,85,6.2,294.1,11.7,N,0
-17.6097,131.8817,303.8,1.2,1.1,2014-09-23,1341,Terra,MODIS,54,6.2,290.5,7.8,N,0
-17.5984,131.8916,301.9,1.2,1.1,2014-09-23,1341,Terra,MODIS,29,6.2,289.8,6.2,N,0
-14.0777,132.5293,316,1.1,1,2014-09-23,1342,Terra,MODIS,51,6.2,278.6,15.9,N,0
-14.079,132.5196,347.8,1.1,1,2014-09-23,1342,Terra,MODIS,100,6.2,283.5,61.8,N,0
-14.0698,132.5183,326.8,1.1,1,2014-09-23,1342,Terra,MODIS,89,6.2,285.7,28.2,N,0
-14.0606,132.5169,300.4,1.1,1,2014-09-23,1342,Terra,MODIS,13,6.2,276.7,6,N,0
-14.2226,134.373,329.8,1,1,2014-09-23,1342,Terra,MODIS,100,6.2,295.5,25.2,N,0
-14.1182,132.4916,320.9,1.1,1,2014-09-23,1342,Terra,MODIS,0,6.2,285,15.8,N,0
-17.4839,132.4481,303.6,1.1,1.1,2014-09-23,1342,Terra,MODIS,56,6.2,292.8,6.1,N,0
-14.0528,131.2827,308.9,1.2,1.1,2014-09-23,1342,Terra,MODIS,53,6.2,294.6,8.6,N,0
-14.0542,131.2718,321.1,1.2,1.1,2014-09-23,1342,Terra,MODIS,100,6.2,295,21.6,N,0
-14.043,131.2814,308.3,1.2,1.1,2014-09-23,1342,Terra,MODIS,74,6.2,294.3,8.3,N,0
-14.0445,131.2704,307.4,1.2,1.1,2014-09-23,1342,Terra,MODIS,71,6.2,294.1,7.5,N,0
-14.0896,132.5113,343.7,1.1,1,2014-09-23,1342,Terra,MODIS,100,6.2,280.1,50.6,N,0
-14.2132,134.375,317.4,1,1,2014-09-23,1342,Terra,MODIS,79,6.2,295,12.7,N,0
-14.1015,132.4932,331,1.1,1,2014-09-23,1342,Terra,MODIS,85,6.2,280,31,N,0
-14.0909,132.5016,329.2,1.1,1,2014-09-23,1342,Terra,MODIS,84,6.2,279.4,26.8,N,0
-14.2145,134.3658,317.4,1,1,2014-09-23,1342,Terra,MODIS,77,6.2,295.5,12.6,N,0
-14.1839,134.3232,314.2,1,1,2014-09-23,1342,Terra,MODIS,89,6.2,294.4,9.9,N,0
-14.1978,134.3537,307.6,1,1,2014-09-23,1342,Terra,MODIS,48,6.2,294.7,5.2,N,0
-14.112,132.4848,325.2,1.1,1,2014-09-23,1342,Terra,MODIS,0,6.2,287.2,23.5,N,0
-14.0119,133.7886,322.1,1,1,2014-09-23,1342,Terra,MODIS,77,6.2,290.4,21.7,N,0
-14.1107,132.4945,320.3,1.1,1,2014-09-23,1342,Terra,MODIS,0,6.2,283.1,16.9,N,0
-14.0804,132.5099,316.7,1.1,1,2014-09-23,1342,Terra,MODIS,30,6.2,278.1,13.5,N,0
-14.083,132.4905,322.2,1.1,1,2014-09-23,1342,Terra,MODIS,0,6.2,286.5,19.5,N,0
-14.2303,134.3836,320.3,1,1,2014-09-23,1342,Terra,MODIS,71,6.2,295.7,14.3,N,0
-14.2774,132.4813,311.2,1.1,1,2014-09-23,1342,Terra,MODIS,31,6.2,295.8,8.6,N,0
-14.2866,132.4826,312.5,1.1,1,2014-09-23,1342,Terra,MODIS,41,6.2,296.6,9.5,N,0
-14.2958,132.4839,313,1.1,1,2014-09-23,1342,Terra,MODIS,49,6.2,296.7,9.7,N,0
-17.5741,131.8357,303.3,1.2,1.1,2014-09-23,1342,Terra,MODIS,36,6.2,288.8,7.4,N,0
-14.1196,132.4819,325.1,1.1,1,2014-09-23,1342,Terra,MODIS,0,6.2,290.4,22,N,0
-14.0882,132.5209,358.5,1.1,1,2014-09-23,1342,Terra,MODIS,100,6.2,283.1,87.5,N,0
-14.1955,134.3061,314.2,1,1,2014-09-23,1342,Terra,MODIS,50,6.2,294.7,9.7,N,0
-14.2316,134.3743,370.5,1,1,2014-09-23,1342,Terra,MODIS,100,6.2,301.1,114.8,N,0
-14.2055,134.3644,315.5,1,1,2014-09-23,1342,Terra,MODIS,91,6.2,295.2,11.4,N,0
-14.1965,134.363,309.6,1,1,2014-09-23,1342,Terra,MODIS,78,6.2,294.6,6.9,N,0
-17.099,127.4332,316.8,2.4,1.5,2014-09-23,1342,Terra,MODIS,94,6.2,296.9,47.2,N,0
-17.1556,127.4168,306.3,2.4,1.5,2014-09-23,1342,Terra,MODIS,22,6.2,296,17.9,N,0
-16.5176,124.3325,306.9,4.1,1.9,2014-09-23,1342,Terra,MODIS,70,6.2,296.8,43.4,N,0
-17.0886,127.4502,313.2,2.4,1.5,2014-09-23,1342,Terra,MODIS,84,6.2,297,33.8,N,0
-17.0727,127.4704,306.9,2.4,1.5,2014-09-23,1342,Terra,MODIS,63,6.2,296.3,18.3,N,0
-17.1047,127.4284,318.5,2.4,1.5,2014-09-23,1342,Terra,MODIS,97,6.2,296.8,51.6,N,0
-17.0457,127.4672,319.6,2.4,1.5,2014-09-23,1342,Terra,MODIS,99,6.2,297.3,53.5,N,0
-17.1021,127.4516,317.3,2.4,1.5,2014-09-23,1342,Terra,MODIS,95,6.2,296.8,46.3,N,0
-16.5137,124.3266,307.6,4.1,1.9,2014-09-23,1342,Terra,MODIS,72,6.2,296.9,46.5,N,0
-17.2002,127.6258,309.1,2.3,1.5,2014-09-23,1342,Terra,MODIS,30,6.2,295.6,21.1,N,0
-17.0966,127.4564,311.3,2.4,1.5,2014-09-23,1342,Terra,MODIS,82,6.2,296.6,29.7,N,0
-17.2835,127.5739,310.8,2.4,1.5,2014-09-23,1342,Terra,MODIS,47,6.2,292.4,31.5,N,0
-17.265,127.6169,305,2.3,1.5,2014-09-23,1342,Terra,MODIS,29,6.2,293.6,16.2,N,0
-17.1762,127.5617,308.2,2.4,1.5,2014-09-23,1342,Terra,MODIS,9,6.2,295.6,20.3,N,0
-17.2676,127.5947,314.2,2.4,1.5,2014-09-23,1342,Terra,MODIS,89,6.2,293.9,39.5,N,0
-17.1845,127.6456,310.2,2.3,1.5,2014-09-23,1342,Terra,MODIS,33,6.2,295.6,24.2,N,0
-14.2985,132.4644,308.1,1.1,1,2014-09-23,1342,Terra,MODIS,24,6.2,295,7.6,N,0
-17.265,127.5776,316.7,2.4,1.5,2014-09-23,1342,Terra,MODIS,62,6.2,293.9,46.1,N,0
-17.1739,127.584,312,2.4,1.5,2014-09-23,1342,Terra,MODIS,60,6.2,296,27.5,N,0
-17.2784,127.5788,321,2.4,1.5,2014-09-23,1342,Terra,MODIS,98,6.2,293.9,61.8,N,0
-17.27,127.5727,321.4,2.4,1.5,2014-09-23,1342,Terra,MODIS,100,6.2,294,62.8,N,0
-17.1958,127.6319,317.7,2.3,1.5,2014-09-23,1342,Terra,MODIS,96,6.2,296,46.5,N,0
-17.0352,127.4816,320.2,2.4,1.5,2014-09-23,1342,Terra,MODIS,100,6.2,296.8,56.3,N,0
-17.1653,127.5762,309.3,2.4,1.5,2014-09-23,1342,Terra,MODIS,54,6.2,296,23.2,N,0
-14.3059,132.4613,314.9,1.1,1,2014-09-23,1342,Terra,MODIS,61,6.2,296.1,10.9,N,0
-17.2313,127.3544,305.8,2.5,1.5,2014-09-23,1342,Terra,MODIS,38,6.2,294.6,16.9,N,0
-17.153,127.4401,331.6,2.4,1.5,2014-09-23,1342,Terra,MODIS,100,6.2,297.2,104.9,N,0
-17.1125,127.4351,316.8,2.4,1.5,2014-09-23,1342,Terra,MODIS,94,6.2,296.7,47,N,0
-17.0433,127.4894,323,2.4,1.5,2014-09-23,1342,Terra,MODIS,100,6.2,297.2,65.4,N,0
-17.3887,125.479,309.6,3.4,1.7,2014-09-23,1342,Terra,MODIS,78,6.2,295.6,45.7,N,0
-17.1255,132.4577,309.8,1.1,1.1,2014-09-23,1342,Terra,MODIS,78,6.2,293.8,10.5,N,0
-17.116,132.4563,321.5,1.1,1.1,2014-09-23,1342,Terra,MODIS,100,6.2,295.3,21.3,N,0
-17.1174,132.4458,335.1,1.1,1.1,2014-09-23,1342,Terra,MODIS,100,6.2,294.7,41,N,0
-17.4136,131.6606,301.8,1.2,1.1,2014-09-23,1342,Terra,MODIS,44,6.2,279.9,11,N,0
-17.1181,132.2189,327.7,1.1,1.1,2014-09-23,1342,Terra,MODIS,100,6.2,293.7,31.3,N,0
-17.1195,132.2081,335.4,1.1,1.1,2014-09-23,1342,Terra,MODIS,100,6.2,294.8,44,N,0
-16.7239,130.7827,313.4,1.4,1.2,2014-09-23,1342,Terra,MODIS,56,6.2,298.7,10.9,N,0
-16.7255,130.7698,314.9,1.4,1.2,2014-09-23,1342,Terra,MODIS,90,6.2,298.7,13.5,N,0
-16.6926,130.7784,315.5,1.4,1.2,2014-09-23,1342,Terra,MODIS,91,6.2,298.6,15.1,N,0
-16.7313,130.7762,350.2,1.4,1.2,2014-09-23,1342,Terra,MODIS,100,6.2,301.9,91.7,N,0
-16.7329,130.7635,316.5,1.4,1.2,2014-09-23,1342,Terra,MODIS,93,6.2,299,16.1,N,0
-16.7266,130.8144,309.8,1.4,1.2,2014-09-23,1342,Terra,MODIS,63,6.2,298.9,8.4,N,0
-16.7282,130.8018,312.2,1.4,1.2,2014-09-23,1342,Terra,MODIS,84,6.2,298.9,10.5,N,0
-16.7297,130.7891,316.4,1.4,1.2,2014-09-23,1342,Terra,MODIS,93,6.2,299.4,14.9,N,0
-16.6998,130.805,339.8,1.4,1.2,2014-09-23,1342,Terra,MODIS,100,6.2,300.7,60.7,N,0
-16.7014,130.7924,325.7,1.4,1.2,2014-09-23,1342,Terra,MODIS,100,6.2,299.6,29.5,N,0
-16.6894,130.8037,314.2,1.4,1.2,2014-09-23,1342,Terra,MODIS,89,6.2,298.6,13.3,N,0
-16.691,130.7911,315.4,1.4,1.2,2014-09-23,1342,Terra,MODIS,91,6.2,298.9,14.5,N,0
-17.1146,132.4668,310.7,1.1,1.1,2014-09-23,1342,Terra,MODIS,56,6.2,293.8,10.5,N,0
-14.2548,142.0779,309.1,2.9,1.6,2014-09-23,1342,Terra,MODIS,77,6.2,290.8,38.1,N,0
-16.512,136.7505,308.6,1.1,1.1,2014-09-23,1342,Terra,MODIS,75,6.2,294.5,10,N,0
-15.2492,141.6371,303.5,2.5,1.5,2014-09-23,1342,Terra,MODIS,31,6.2,290.1,17.9,N,0
-13.4437,135.0457,305.6,1,1,2014-09-23,1342,Terra,MODIS,65,6.2,294,5.3,N,0
-15.2458,141.618,317.1,2.5,1.5,2014-09-23,1342,Terra,MODIS,69,6.2,291,50.9,N,0
-15.2533,141.6138,306.7,2.5,1.5,2014-09-23,1342,Terra,MODIS,45,6.2,290.9,24.4,N,0
-14.268,142.0748,302.1,2.9,1.6,2014-09-23,1342,Terra,MODIS,21,6.2,290.6,17.1,N,0
-15.174,134.3454,306.7,1,1,2014-09-23,1342,Terra,MODIS,57,6.2,294.6,5.3,N,0
-14.2536,142.072,305.4,2.9,1.6,2014-09-23,1342,Terra,MODIS,64,6.2,290.7,27,N,0
-15.4628,143.1671,305.2,3.3,1.7,2014-09-23,1342,Terra,MODIS,33,6.2,291.2,27.9,N,0
-14.242,134.3665,312.8,1,1,2014-09-23,1342,Terra,MODIS,19,6.2,295.4,7.8,N,0
-14.8438,135.0388,305.8,1,1,2014-09-23,1342,Terra,MODIS,63,6.2,295.1,5.5,N,0
-15.4836,143.1403,307.5,3.2,1.7,2014-09-23,1342,Terra,MODIS,72,6.2,291.3,37.8,N,0
-14.2433,134.3572,308.5,1,1,2014-09-23,1342,Terra,MODIS,24,6.2,294.8,5.5,N,0
-15.478,143.1703,303,3.3,1.7,2014-09-23,1342,Terra,MODIS,51,6.2,291.2,22.6,N,0
-14.2483,134.3864,327.2,1,1,2014-09-23,1342,Terra,MODIS,100,6.2,296.9,22.4,N,0
-14.2776,134.4383,306.3,1,1,2014-09-23,1342,Terra,MODIS,63,6.2,294.8,4.9,N,0
-15.1229,134.4451,309.7,1,1,2014-09-23,1342,Terra,MODIS,78,6.2,295.8,7.2,N,0
-15.4668,143.1615,308,3.3,1.7,2014-09-23,1342,Terra,MODIS,34,6.2,291.4,35.8,N,0
-14.2496,134.3771,317,1,1,2014-09-23,1342,Terra,MODIS,79,6.2,295.3,11.3,N,0
-15.1126,134.453,307.1,1,1,2014-09-23,1342,Terra,MODIS,70,6.2,294.9,5.5,N,0
-13.0673,130.7266,306.2,1.2,1.1,2014-09-23,1343,Terra,MODIS,35,6.2,293.5,6.7,N,0
-11.4298,132.5422,305.3,1,1,2014-09-23,1343,Terra,MODIS,64,6.2,291.1,5.5,N,0
-12.2916,133.8572,305.7,1,1,2014-09-23,1343,Terra,MODIS,36,6.2,293.5,4.5,N,0
-12.2992,133.8678,307.9,1,1,2014-09-23,1343,Terra,MODIS,73,6.2,293.8,5.6,N,0
-11.4528,131.1557,304.4,1.1,1.1,2014-09-23,1343,Terra,MODIS,24,6.2,290.8,5.2,N,0
-11.4478,131.1593,303.7,1.1,1.1,2014-09-23,1343,Terra,MODIS,57,6.2,290.6,5.8,N,0
-13.0401,135.5831,313.5,1.1,1,2014-09-23,1343,Terra,MODIS,87,6.2,293.7,13.4,N,0
-13.0416,135.573,317.3,1.1,1,2014-09-23,1343,Terra,MODIS,95,6.2,294.1,17,N,0
-11.5163,131.2587,307,1.1,1.1,2014-09-23,1343,Terra,MODIS,70,6.2,291.3,7.9,N,0
-11.4506,131.1386,302.1,1.1,1.1,2014-09-23,1343,Terra,MODIS,47,6.2,290.3,4.6,N,0
-26.9569,151.4761,300.3,1,1,2014-09-23,1511,Aqua,MODIS,25,6.2,283.2,7,N,0
-30.5742,150.5533,307.2,1,1,2014-09-23,1512,Aqua,MODIS,70,6.2,282.1,10.8,N,0
-33.2061,149.2016,304.1,1,1,2014-09-23,1513,Aqua,MODIS,58,6.2,280.4,10.3,N,0
-32.3044,147.4066,302.3,1.2,1.1,2014-09-23,1513,Aqua,MODIS,48,6.2,284.4,9.6,N,0
-30.8674,121.4849,318,2.4,1.5,2014-09-23,1516,Terra,MODIS,96,6.2,280.5,73.2,N,0
-30.8603,121.4884,314,2.4,1.5,2014-09-23,1516,Terra,MODIS,88,6.2,280.2,59.9,N,2
-20.5428,119.6555,304.7,3.1,1.7,2014-09-23,1519,Terra,MODIS,61,6.2,287.9,40.4,N,0
-20.5305,119.6473,301.2,3.1,1.7,2014-09-23,1519,Terra,MODIS,13,6.2,288,28.4,N,0
-22.6727,117.9243,350.6,2.1,1.4,2014-09-23,1519,Terra,MODIS,100,6.2,292.9,191.3,N,0
-22.6943,118.0203,301.3,2.1,1.4,2014-09-23,1519,Terra,MODIS,37,6.2,286.8,17.1,N,0
-22.6721,117.9294,347.6,2.1,1.4,2014-09-23,1519,Terra,MODIS,100,6.2,292.1,168.5,N,0
-22.6383,117.8974,309.1,2.1,1.4,2014-09-23,1519,Terra,MODIS,31,6.2,289.2,26.9,N,0
-22.6758,117.9104,326.1,2.1,1.4,2014-09-23,1519,Terra,MODIS,87,6.2,290,69.7,N,0
-22.6816,117.9472,330.6,2.1,1.4,2014-09-23,1519,Terra,MODIS,100,6.2,290.4,87.5,N,0
-22.6689,117.9446,309.5,2.1,1.4,2014-09-23,1519,Terra,MODIS,20,6.2,288.4,26.9,N,0
-22.6854,117.9263,324.1,2.1,1.4,2014-09-23,1519,Terra,MODIS,94,6.2,288.9,64,N,0
-22.622,117.9143,338.1,2.1,1.4,2014-09-23,1519,Terra,MODIS,100,6.2,292.2,121.8,N,0
-22.6257,117.8947,317.4,2.1,1.4,2014-09-23,1519,Terra,MODIS,78,6.2,290.2,46.3,N,0
-22.6848,117.9318,332,2.1,1.4,2014-09-23,1519,Terra,MODIS,100,6.2,289.5,93.2,N,0
-22.6776,117.9688,314.2,2.1,1.4,2014-09-23,1519,Terra,MODIS,77,6.2,287.9,38.9,N,0
-22.6181,117.9349,311.7,2.1,1.4,2014-09-23,1519,Terra,MODIS,40,6.2,288.5,33.8,N,0
-22.6808,117.9527,333.6,2.1,1.4,2014-09-23,1519,Terra,MODIS,100,6.2,290.2,99.6,N,0
-11.5099,131.2594,302.3,1,1,2014-09-23,1646,Aqua,MODIS,48,6.2,290.8,4.3,N,0
-11.4465,131.1438,302.4,1,1,2014-09-23,1646,Aqua,MODIS,43,6.2,291.5,4.3,N,0
-14.3121,132.4695,318.8,1.1,1.1,2014-09-23,1646,Aqua,MODIS,98,6.2,296.5,15.8,N,0
-14.3106,132.4589,320.9,1.1,1.1,2014-09-23,1646,Aqua,MODIS,100,6.2,296.4,18.4,N,0
-14.3025,132.4707,328.6,1.1,1.1,2014-09-23,1646,Aqua,MODIS,100,6.2,297.4,28.6,N,0
-14.2408,134.3845,310.5,1.5,1.2,2014-09-23,1646,Aqua,MODIS,48,6.2,292.8,13.9,N,0
-14.3393,134.5228,303.9,1.5,1.2,2014-09-23,1646,Aqua,MODIS,57,6.2,292.6,8.9,N,0
-15.1186,134.4587,306.2,1.6,1.2,2014-09-23,1646,Aqua,MODIS,67,6.2,292.6,12.4,N,0
-15.1186,134.4516,304.9,1.6,1.2,2014-09-23,1646,Aqua,MODIS,62,6.2,293.3,9.9,N,0
-14.18,132.5365,316.1,1.2,1.1,2014-09-23,1646,Aqua,MODIS,93,6.2,293.8,13.7,N,0
-14.0137,133.8,308.5,1.4,1.2,2014-09-23,1646,Aqua,MODIS,75,6.2,293.6,10.6,N,0
-14.3054,132.4921,322.7,1.2,1.1,2014-09-23,1646,Aqua,MODIS,100,6.2,296.4,21.3,N,0
-14.2943,132.4826,338.5,1.2,1.1,2014-09-23,1646,Aqua,MODIS,100,6.2,297.6,46.2,N,0
-14.2958,132.4933,330.4,1.2,1.1,2014-09-23,1646,Aqua,MODIS,100,6.2,297,32.5,N,0
-14.3039,132.4814,357.6,1.2,1.1,2014-09-23,1646,Aqua,MODIS,100,6.2,299.2,93.8,N,0
-14.0827,132.4921,315.2,1.1,1.1,2014-09-23,1646,Aqua,MODIS,20,6.2,293.8,11.5,N,0
-14.1033,132.5,318.4,1.1,1.1,2014-09-23,1646,Aqua,MODIS,55,6.2,294.8,13.2,N,0
-14.1048,132.5106,322.8,1.1,1.1,2014-09-23,1646,Aqua,MODIS,100,6.2,295.6,17.4,N,0
-14.124,132.5079,315.3,1.1,1.1,2014-09-23,1646,Aqua,MODIS,40,6.2,294.6,11.8,N,0
-14.2086,134.3047,306.2,1.5,1.2,2014-09-23,1646,Aqua,MODIS,31,6.2,292.5,9.7,N,0
-14.0678,132.5266,317.9,1.2,1.1,2014-09-23,1646,Aqua,MODIS,59,6.2,293.7,16.2,N,0
-14.0426,131.2823,306.9,1,1,2014-09-23,1646,Aqua,MODIS,70,6.2,292.9,7,N,0
-14.0518,131.2809,304.6,1,1,2014-09-23,1646,Aqua,MODIS,60,6.2,293,5.5,N,0
-14.2173,134.3736,316,1.5,1.2,2014-09-23,1646,Aqua,MODIS,65,6.2,293,21.4,N,0
-14.2065,134.3751,315.3,1.5,1.2,2014-09-23,1646,Aqua,MODIS,70,6.2,292.8,20.7,N,0
-14.2047,134.3612,315.8,1.5,1.2,2014-09-23,1646,Aqua,MODIS,63,6.2,292.9,20.7,N,0
-14.2029,134.3684,311.9,1.5,1.2,2014-09-23,1646,Aqua,MODIS,83,6.2,293,16.5,N,0
-14.1866,134.3283,309.4,1.5,1.2,2014-09-23,1646,Aqua,MODIS,77,6.2,292.4,13.3,N,0
-14.1269,132.5291,369.4,1.2,1.1,2014-09-23,1646,Aqua,MODIS,100,6.2,297.9,137.7,N,0
-14.2847,132.4838,313.7,1.2,1.1,2014-09-23,1646,Aqua,MODIS,88,6.2,295.8,11,N,0
-13.9288,133.7673,303.1,1.3,1.1,2014-09-23,1646,Aqua,MODIS,45,6.2,292.7,5.6,N,0
-14.2862,132.4945,312.8,1.2,1.1,2014-09-23,1646,Aqua,MODIS,86,6.2,295.8,10.6,N,0
-14.1284,132.5397,308.3,1.2,1.1,2014-09-23,1646,Aqua,MODIS,46,6.2,293.4,7.8,N,0
-17.7332,131.0659,335.6,1.1,1,2014-09-23,1647,Aqua,MODIS,100,6.2,294.1,38.7,N,0
-17.7439,131.0747,323.2,1.1,1,2014-09-23,1647,Aqua,MODIS,100,6.2,292.4,22,N,0
-17.7118,131.0485,331.6,1.1,1,2014-09-23,1647,Aqua,MODIS,100,6.2,294.4,31.7,N,0
-17.7076,131.0182,312.5,1.1,1,2014-09-23,1647,Aqua,MODIS,11,6.2,293,10.2,N,0
-17.7425,131.0645,334.9,1.1,1,2014-09-23,1647,Aqua,MODIS,100,6.2,293.1,37.9,N,0
-17.5989,131.8951,301,1.2,1.1,2014-09-23,1647,Aqua,MODIS,35,6.2,290.4,4.9,N,0
-17.5074,131.8926,304.5,1.2,1.1,2014-09-23,1647,Aqua,MODIS,58,6.2,291.7,5.8,N,0
-17.4963,131.8831,304.6,1.2,1.1,2014-09-23,1647,Aqua,MODIS,38,6.2,292.5,6,N,0
-17.5741,131.7112,307.6,1.1,1.1,2014-09-23,1647,Aqua,MODIS,13,6.2,291.2,8.1,N,0
-17.5535,131.7032,316.3,1.1,1.1,2014-09-23,1647,Aqua,MODIS,38,6.2,292.3,15,N,0
-17.5631,131.7018,309.3,1.1,1.1,2014-09-23,1647,Aqua,MODIS,45,6.2,291.9,9.5,N,0
-17.5645,131.7125,309.6,1.1,1.1,2014-09-23,1647,Aqua,MODIS,30,6.2,291.6,9.7,N,0
-17.5521,131.6925,332.8,1.1,1.1,2014-09-23,1647,Aqua,MODIS,100,6.2,292.7,37.1,N,0
-17.7896,131.0199,302.3,1.1,1,2014-09-23,1647,Aqua,MODIS,10,6.2,291.2,4.1,N,0
-17.5723,131.8432,303.3,1.2,1.1,2014-09-23,1647,Aqua,MODIS,54,6.2,291.2,6.1,N,0
-17.791,131.03,309.5,1.1,1,2014-09-23,1647,Aqua,MODIS,76,6.2,291.3,9.1,N,0
-17.7863,131.0375,313.8,1.1,1,2014-09-23,1647,Aqua,MODIS,33,6.2,291.3,11.6,N,0
-17.7346,131.076,323,1.1,1,2014-09-23,1647,Aqua,MODIS,100,6.2,292.9,21.6,N,0
-17.5223,131.8572,303.2,1.2,1.1,2014-09-23,1647,Aqua,MODIS,54,6.2,291.9,5.6,N,0
-17.7532,131.0733,306.7,1.1,1,2014-09-23,1647,Aqua,MODIS,31,6.2,291.2,7,N,0
-17.7518,131.0632,317.9,1.1,1,2014-09-23,1647,Aqua,MODIS,96,6.2,291.4,16.3,N,0
-17.7131,131.0586,326.5,1.1,1,2014-09-23,1647,Aqua,MODIS,100,6.2,293.5,24.5,N,0
-17.7145,131.0687,320.9,1.1,1,2014-09-23,1647,Aqua,MODIS,100,6.2,293.6,19.1,N,0
-17.7239,131.0673,314,1.1,1,2014-09-23,1647,Aqua,MODIS,68,6.2,292.9,11.9,N,0
-17.7252,131.0775,302.4,1.1,1,2014-09-23,1647,Aqua,MODIS,13,6.2,291.9,4.2,N,0
-17.3925,125.4779,319.4,1.4,1.2,2014-09-23,1647,Aqua,MODIS,70,6.2,296,23.1,N,0
-17.1529,127.4389,319.1,1.1,1,2014-09-23,1647,Aqua,MODIS,98,6.2,295.2,17.2,N,0
-17.1435,127.4404,316.4,1.1,1,2014-09-23,1647,Aqua,MODIS,93,6.2,296.4,14.3,N,0
-17.1419,127.4302,373.1,1.1,1,2014-09-23,1647,Aqua,MODIS,100,6.2,301.4,144.6,N,0
-17.1403,127.4197,306.7,1.1,1,2014-09-23,1647,Aqua,MODIS,69,6.2,294.9,6.8,N,0
-17.1405,127.4825,300.6,1.1,1,2014-09-23,1647,Aqua,MODIS,21,6.2,290.6,4.4,N,0
-17.1341,127.4417,324.6,1.1,1,2014-09-23,1647,Aqua,MODIS,100,6.2,297.2,23.3,N,0
-17.1325,127.4314,338.4,1.1,1,2014-09-23,1647,Aqua,MODIS,100,6.2,299.8,43.9,N,0
-17.1309,127.4211,316.8,1.1,1,2014-09-23,1647,Aqua,MODIS,94,6.2,295.9,14.9,N,0
-17.1263,127.4535,304.8,1.1,1,2014-09-23,1647,Aqua,MODIS,53,6.2,294.3,5.9,N,0
-17.1247,127.4433,358.5,1.1,1,2014-09-23,1647,Aqua,MODIS,100,6.2,304.4,92.9,N,0
-17.1231,127.433,364.4,1.1,1,2014-09-23,1647,Aqua,MODIS,100,6.2,306.6,111.9,N,0
-17.1214,127.4226,394.8,1.1,1,2014-09-23,1647,Aqua,MODIS,100,6.2,307.7,256.8,N,0
-17.1169,127.4551,314.3,1.1,1,2014-09-23,1647,Aqua,MODIS,77,6.2,294.9,12.9,N,0
-17.1154,127.4452,360.5,1.1,1,2014-09-23,1647,Aqua,MODIS,100,6.2,303.8,98.6,N,0
-17.1137,127.4348,396.5,1.1,1,2014-09-23,1647,Aqua,MODIS,100,6.2,311.4,266.6,N,0
-17.1121,127.4243,407.1,1.1,1,2014-09-23,1647,Aqua,MODIS,100,6.2,315.2,342.9,N,0
-17.106,127.4468,325.8,1.1,1,2014-09-23,1647,Aqua,MODIS,84,6.2,296.3,23.7,N,0
-17.1962,127.5514,314.1,1.1,1,2014-09-23,1647,Aqua,MODIS,88,6.2,294,13.1,N,0
-17.1884,127.5631,314.6,1.1,1,2014-09-23,1647,Aqua,MODIS,90,6.2,294.5,13.6,N,0
-17.1828,127.5698,315.4,1.1,1,2014-09-23,1647,Aqua,MODIS,91,6.2,294.3,13.6,N,0
-17.1813,127.5596,311.7,1.1,1,2014-09-23,1647,Aqua,MODIS,83,6.2,294.1,10.5,N,0
-17.1719,127.5611,343.4,1.1,1,2014-09-23,1647,Aqua,MODIS,100,6.2,296.2,53.8,N,0
-17.1626,127.5627,325,1.1,1,2014-09-23,1647,Aqua,MODIS,93,6.2,295.1,23.1,N,0
-17.1532,127.5642,315,1.1,1,2014-09-23,1647,Aqua,MODIS,50,6.2,294.2,12.5,N,0
-17.1439,127.5658,326.5,1.1,1,2014-09-23,1647,Aqua,MODIS,100,6.2,295.2,25.2,N,0
-17.4572,127.4567,309.5,1.1,1,2014-09-23,1647,Aqua,MODIS,77,6.2,293,9.7,N,0
-17.4494,127.4684,313,1.1,1,2014-09-23,1647,Aqua,MODIS,85,6.2,294.2,12.4,N,0
-16.343,127.8688,323.3,1.1,1,2014-09-23,1647,Aqua,MODIS,100,6.2,296.8,22.3,N,0
-17.186,127.6524,304.8,1.1,1,2014-09-23,1647,Aqua,MODIS,45,6.2,294,5.6,N,0
-17.1767,127.6539,315.1,1.1,1,2014-09-23,1647,Aqua,MODIS,91,6.2,293.9,13.9,N,0
-17.1455,127.576,313.4,1.1,1,2014-09-23,1647,Aqua,MODIS,27,6.2,294.9,10.4,N,0
-17.1409,127.608,344.8,1.1,1,2014-09-23,1647,Aqua,MODIS,100,6.2,297.4,55.2,N,0
-17.1393,127.5978,319,1.1,1,2014-09-23,1647,Aqua,MODIS,60,6.2,294.5,14.2,N,0
-17.1377,127.5876,325.8,1.1,1,2014-09-23,1647,Aqua,MODIS,100,6.2,296.6,21.8,N,0
-17.1361,127.5775,345.1,1.1,1,2014-09-23,1647,Aqua,MODIS,100,6.2,297.5,55.7,N,0
-17.1316,127.6095,318.3,1.1,1,2014-09-23,1647,Aqua,MODIS,62,6.2,295,15,N,0
-17.1284,127.5891,325.2,1.1,1,2014-09-23,1647,Aqua,MODIS,94,6.2,297.6,22.5,N,0
-17.1268,127.579,353.5,1.1,1,2014-09-23,1647,Aqua,MODIS,100,6.2,299.1,76.5,N,0
-17.1191,127.5907,328.5,1.1,1,2014-09-23,1647,Aqua,MODIS,100,6.2,297.6,28.6,N,0
-17.1175,127.5806,385.6,1.1,1,2014-09-23,1647,Aqua,MODIS,100,6.2,303.7,200,N,0
-17.1097,127.5922,315.5,1.1,1,2014-09-23,1647,Aqua,MODIS,91,6.2,294.8,14.2,N,0
-17.1081,127.5821,340.3,1.1,1,2014-09-23,1647,Aqua,MODIS,100,6.2,296.3,48.8,N,0
-17.6028,125.9552,311.8,1.3,1.1,2014-09-23,1647,Aqua,MODIS,83,6.2,294,14.7,N,0
-17.2444,127.5536,302.6,1.1,1,2014-09-23,1647,Aqua,MODIS,46,6.2,292.5,5.3,N,0
-17.2428,127.5434,316.6,1.1,1,2014-09-23,1647,Aqua,MODIS,94,6.2,293.1,16.7,N,0
-17.243,127.6061,310.6,1.1,1,2014-09-23,1647,Aqua,MODIS,74,6.2,293.7,9.5,N,0
-17.2335,127.545,310.3,1.1,1,2014-09-23,1647,Aqua,MODIS,80,6.2,293.2,10.6,N,0
-17.2337,127.6077,310.7,1.1,1,2014-09-23,1647,Aqua,MODIS,81,6.2,293.9,9.7,N,0
-17.2258,127.5568,311.8,1.1,1,2014-09-23,1647,Aqua,MODIS,83,6.2,293.5,11,N,0
-17.2242,127.5466,319.3,1.1,1,2014-09-23,1647,Aqua,MODIS,98,6.2,294.1,18.3,N,0
-17.2164,127.5584,330.2,1.1,1,2014-09-23,1647,Aqua,MODIS,100,6.2,296.1,31.9,N,0
-17.2148,127.5483,335.3,1.1,1,2014-09-23,1647,Aqua,MODIS,100,6.2,295.6,40.1,N,0
-17.4295,125.4649,309.7,1.4,1.2,2014-09-23,1647,Aqua,MODIS,78,6.2,294,13.9,N,0
-17.3717,125.4825,318.6,1.4,1.2,2014-09-23,1647,Aqua,MODIS,97,6.2,295.9,23.7,N,0
-17.3821,125.4798,314.5,1.4,1.2,2014-09-23,1647,Aqua,MODIS,70,6.2,295.4,17.5,N,0
-17.3983,125.4714,307.4,1.4,1.2,2014-09-23,1647,Aqua,MODIS,39,6.2,295.1,9.3,N,0
-17.4006,125.4847,306,1.4,1.2,2014-09-23,1647,Aqua,MODIS,30,6.2,294.8,7.5,N,0
-17.2756,127.5692,305.4,1.1,1,2014-09-23,1647,Aqua,MODIS,36,6.2,293.3,6.7,N,0
-17.2771,127.5793,339.1,1.1,1,2014-09-23,1647,Aqua,MODIS,100,6.2,295.3,46.2,N,0
-17.2814,127.5719,326.2,1.1,1,2014-09-23,1647,Aqua,MODIS,100,6.2,293.9,26.7,N,0
-17.283,127.582,320.7,1.1,1,2014-09-23,1647,Aqua,MODIS,100,6.2,293.1,20,N,0
-17.2907,127.5703,321.7,1.1,1,2014-09-23,1647,Aqua,MODIS,100,6.2,292.3,21.4,N,0
-17.2923,127.5804,327.5,1.1,1,2014-09-23,1647,Aqua,MODIS,100,6.2,292.4,28.5,N,0
-17.274,127.5591,304.4,1.1,1,2014-09-23,1647,Aqua,MODIS,60,6.2,292,6.8,N,0
-17.2798,127.5618,312.3,1.1,1,2014-09-23,1647,Aqua,MODIS,84,6.2,292.6,12.4,N,0
-17.2734,127.2779,308,1.1,1.1,2014-09-23,1647,Aqua,MODIS,29,6.2,294.4,7.9,N,0
-17.2828,127.2763,322.8,1.1,1.1,2014-09-23,1647,Aqua,MODIS,100,6.2,295.5,22.5,N,0
-16.3414,127.8589,305.5,1.1,1,2014-09-23,1647,Aqua,MODIS,64,6.2,294.4,5.6,N,0
-17.2422,127.3539,308,1.1,1.1,2014-09-23,1647,Aqua,MODIS,70,6.2,294.3,7.4,N,0
-17.2455,127.3465,306.3,1.1,1.1,2014-09-23,1647,Aqua,MODIS,68,6.2,294.5,6.6,N,0
-17.1624,127.3993,307.5,1.1,1,2014-09-23,1647,Aqua,MODIS,29,6.2,295.2,6.6,N,0
-17.1718,127.3978,321.6,1.1,1,2014-09-23,1647,Aqua,MODIS,86,6.2,297,19.3,N,0
-17.0507,127.494,304.4,1.1,1,2014-09-23,1647,Aqua,MODIS,6,6.2,294.3,5,N,0
-17.0397,127.4852,305.9,1.1,1,2014-09-23,1647,Aqua,MODIS,41,6.2,294.3,6,N,0
-17.018,127.5307,308.6,1.1,1,2014-09-23,1647,Aqua,MODIS,75,6.2,293.9,9,N,0
-17.1967,127.3722,334.9,1.1,1,2014-09-23,1647,Aqua,MODIS,100,6.2,295.5,39.2,N,0
-16.6982,124.2186,302.3,1.7,1.3,2014-09-23,1647,Aqua,MODIS,17,6.2,289.8,10.8,N,0
-16.5379,124.3601,311.6,1.7,1.3,2014-09-23,1647,Aqua,MODIS,73,6.2,294.7,19.3,N,0
-16.5752,124.3696,314.2,1.7,1.3,2014-09-23,1647,Aqua,MODIS,82,6.2,296.2,23.8,N,0
-16.5778,124.3854,320.6,1.7,1.3,2014-09-23,1647,Aqua,MODIS,100,6.2,295.9,36,N,0
-16.5734,124.3794,330.6,1.7,1.3,2014-09-23,1647,Aqua,MODIS,100,6.2,297.4,60.8,N,0
-17.101,127.4154,385.2,1.1,1,2014-09-23,1647,Aqua,MODIS,100,6.2,302.3,202.2,N,0
-17.1641,127.4098,309.8,1.1,1,2014-09-23,1647,Aqua,MODIS,78,6.2,295.6,8.6,N,0
-17.1978,127.5616,322.4,1.1,1,2014-09-23,1647,Aqua,MODIS,100,6.2,294.9,21.6,N,0
-17.2055,127.5499,316.2,1.1,1,2014-09-23,1647,Aqua,MODIS,93,6.2,294.9,15.2,N,0
-17.2071,127.5601,312.4,1.1,1,2014-09-23,1647,Aqua,MODIS,85,6.2,294.8,11.5,N,0
-17.1735,127.5714,337,1.1,1,2014-09-23,1647,Aqua,MODIS,100,6.2,296.7,41.4,N,0
-17.1642,127.5729,326,1.1,1,2014-09-23,1647,Aqua,MODIS,99,6.2,296.5,24,N,0
-17.0801,122.5064,306.2,2.3,1.5,2014-09-23,1647,Aqua,MODIS,67,6.2,293.5,22.8,N,0
-17.1027,127.4258,391.7,1.1,1,2014-09-23,1647,Aqua,MODIS,100,6.2,309.2,237.9,N,0
-16.7216,124.2406,306.4,1.7,1.3,2014-09-23,1647,Aqua,MODIS,18,6.2,289.6,15.1,N,0
-16.7268,124.2467,306.7,1.7,1.3,2014-09-23,1647,Aqua,MODIS,26,6.2,289.7,16.3,N,0
-16.7009,124.2348,304.9,1.7,1.3,2014-09-23,1647,Aqua,MODIS,21,6.2,289.9,14,N,0
-17.1198,127.4122,312.8,1.1,1,2014-09-23,1647,Aqua,MODIS,86,6.2,294.8,11.6,N,0
-17.1104,127.4138,377.8,1.1,1,2014-09-23,1647,Aqua,MODIS,100,6.2,300.2,166.4,N,0
-17.1043,127.4365,368.4,1.1,1,2014-09-23,1647,Aqua,MODIS,100,6.2,303.2,125.7,N,0
-17.2078,127.381,307,1.1,1,2014-09-23,1647,Aqua,MODIS,55,6.2,294.9,6.6,N,0
-17.2,127.3931,311.7,1.1,1,2014-09-23,1647,Aqua,MODIS,32,6.2,295.2,9.4,N,0
-16.5009,124.352,313.1,1.7,1.3,2014-09-23,1647,Aqua,MODIS,86,6.2,296.7,21.5,N,0
-17.1984,127.3826,353,1.1,1,2014-09-23,1647,Aqua,MODIS,100,6.2,299.6,77.1,N,0
-17.1906,127.3947,347.5,1.1,1,2014-09-23,1647,Aqua,MODIS,100,6.2,299.4,63.2,N,0
-17.189,127.3842,373.4,1.1,1,2014-09-23,1647,Aqua,MODIS,100,6.2,301.8,145.6,N,0
-17.1873,127.3738,332.1,1.1,1,2014-09-23,1647,Aqua,MODIS,100,6.2,295.6,34.4,N,0
-17.1812,127.3962,340.8,1.1,1,2014-09-23,1647,Aqua,MODIS,100,6.2,299.6,48.1,N,0
-17.1796,127.3858,341,1.1,1,2014-09-23,1647,Aqua,MODIS,100,6.2,297.2,49.2,N,0
-17.0966,127.4485,346.1,1.1,1,2014-09-23,1647,Aqua,MODIS,100,6.2,300.1,59.6,N,0
-17.0949,127.4379,385.9,1.1,1,2014-09-23,1647,Aqua,MODIS,100,6.2,307.1,202.7,N,0
-17.0933,127.4274,325,1.1,1,2014-09-23,1647,Aqua,MODIS,100,6.2,296.6,24.5,N,0
-17.0888,127.4602,309.7,1.1,1,2014-09-23,1647,Aqua,MODIS,45,6.2,294.5,8.5,N,0
-17.0872,127.45,332.1,1.1,1,2014-09-23,1647,Aqua,MODIS,100,6.2,297.5,33.9,N,0
-17.1735,127.4082,315.7,1.1,1,2014-09-23,1647,Aqua,MODIS,45,6.2,296,12.9,N,0
-16.3029,127.9014,315.7,1.1,1,2014-09-23,1647,Aqua,MODIS,92,6.2,293.3,14.6,N,0
-16.3013,127.8915,310.7,1.1,1,2014-09-23,1647,Aqua,MODIS,81,6.2,295.1,9.8,N,0
-16.292,127.9544,308.3,1.1,1,2014-09-23,1647,Aqua,MODIS,74,6.2,292.6,8.3,N,0
-17.3919,131.7934,303.4,1.1,1.1,2014-09-23,1647,Aqua,MODIS,55,6.2,292.7,5.3,N,0
-17.3022,131.661,323.5,1.1,1.1,2014-09-23,1647,Aqua,MODIS,79,6.2,293.3,22.1,N,0
-17.3037,131.6716,431.5,1.1,1.1,2014-09-23,1647,Aqua,MODIS,100,6.2,314.3,594,N,0
-17.3051,131.6822,442.6,1.1,1.1,2014-09-23,1647,Aqua,MODIS,100,6.2,319.8,739,N,0
-17.3066,131.6928,364.5,1.1,1.1,2014-09-23,1647,Aqua,MODIS,100,6.2,301.9,115.1,N,0
-17.308,131.7034,313.5,1.1,1.1,2014-09-23,1647,Aqua,MODIS,87,6.2,294.9,11.7,N,0
-17.3118,131.6597,322,1.1,1.1,2014-09-23,1647,Aqua,MODIS,99,6.2,287.6,20.2,N,0
-17.3132,131.6702,364.1,1.1,1.1,2014-09-23,1647,Aqua,MODIS,100,6.2,302.1,113.5,N,0
-17.3147,131.6808,432.5,1.1,1.1,2014-09-23,1647,Aqua,MODIS,100,6.2,321.6,607.4,N,0
-17.3161,131.6914,390.1,1.1,1.1,2014-09-23,1647,Aqua,MODIS,100,6.2,306.8,235.4,N,0
-17.3176,131.702,324.9,1.1,1.1,2014-09-23,1647,Aqua,MODIS,100,6.2,295.9,24.5,N,0
-17.3228,131.6689,335,1.1,1.1,2014-09-23,1647,Aqua,MODIS,100,6.2,299.3,38.5,N,0
-17.3242,131.6794,366,1.1,1.1,2014-09-23,1647,Aqua,MODIS,100,6.2,304.5,118.6,N,0
-17.3257,131.69,382.3,1.1,1.1,2014-09-23,1647,Aqua,MODIS,100,6.2,303.9,191.5,N,0
-17.3271,131.7006,329.1,1.1,1.1,2014-09-23,1647,Aqua,MODIS,100,6.2,296.3,30.9,N,0
-17.3286,131.7113,312.6,1.1,1.1,2014-09-23,1647,Aqua,MODIS,85,6.2,293.5,11.1,N,0
-17.3255,131.6617,318.6,1.1,1.1,2014-09-23,1647,Aqua,MODIS,77,6.2,296.3,16.2,N,0
-17.3269,131.6723,328.4,1.1,1.1,2014-09-23,1647,Aqua,MODIS,80,6.2,299,28.2,N,0
-17.3283,131.6829,357.4,1.1,1.1,2014-09-23,1647,Aqua,MODIS,100,6.2,303.4,91.4,N,0
-17.3297,131.6935,352.4,1.1,1.1,2014-09-23,1647,Aqua,MODIS,100,6.2,300.2,79.4,N,0
-17.3311,131.7041,327.6,1.1,1.1,2014-09-23,1647,Aqua,MODIS,100,6.2,295.6,30,N,0
-17.3326,131.7147,304.8,1.1,1.1,2014-09-23,1647,Aqua,MODIS,62,6.2,292.7,6.2,N,0
-17.3379,131.6815,362.6,1.1,1.1,2014-09-23,1647,Aqua,MODIS,100,6.2,300.6,109.4,N,0
-17.3393,131.6921,349.4,1.1,1.1,2014-09-23,1647,Aqua,MODIS,100,6.2,298.5,70.8,N,0
-17.3407,131.7027,310.5,1.1,1.1,2014-09-23,1647,Aqua,MODIS,36,6.2,293.7,9.5,N,0
-17.3446,131.659,319.1,1.1,1.1,2014-09-23,1647,Aqua,MODIS,13,6.2,296.8,14.9,N,0
-17.3474,131.6801,329,1.1,1.1,2014-09-23,1647,Aqua,MODIS,100,6.2,295.8,29.4,N,0
-17.3488,131.6908,315.1,1.1,1.1,2014-09-23,1647,Aqua,MODIS,40,6.2,294.3,12.3,N,0
-17.3541,131.6576,321.1,1.1,1.1,2014-09-23,1647,Aqua,MODIS,20,6.2,297.3,17.2,N,0
-17.3636,131.6562,324.5,1.1,1.1,2014-09-23,1647,Aqua,MODIS,35,6.2,297.3,21.3,N,0
-17.1553,131.8573,302.9,1.1,1.1,2014-09-23,1647,Aqua,MODIS,52,6.2,291.8,5.7,N,0
-17.2956,131.6835,315.9,1.1,1.1,2014-09-23,1647,Aqua,MODIS,76,6.2,295.2,12.7,N,0
-17.297,131.6941,324.3,1.1,1.1,2014-09-23,1647,Aqua,MODIS,100,6.2,295.5,23.4,N,0
-17.3313,132.486,308,1.2,1.1,2014-09-23,1647,Aqua,MODIS,46,6.2,281.1,13.5,N,0
-17.3397,132.473,312.8,1.2,1.1,2014-09-23,1647,Aqua,MODIS,46,6.2,279,16.9,N,0
-17.3413,132.4846,338.8,1.2,1.1,2014-09-23,1647,Aqua,MODIS,100,6.2,286.5,58.3,N,0
-17.3412,132.4789,323.8,1.2,1.1,2014-09-23,1647,Aqua,MODIS,90,6.2,283.2,30.9,N,0
-17.3427,132.4905,314.6,1.2,1.1,2014-09-23,1647,Aqua,MODIS,41,6.2,287.1,18.6,N,0
-17.2051,132.451,305.9,1.2,1.1,2014-09-23,1647,Aqua,MODIS,64,6.2,291.8,9.5,N,0
-17.3732,131.6548,322.6,1.1,1.1,2014-09-23,1647,Aqua,MODIS,39,6.2,296.2,19.6,N,0
-17.3746,131.6654,326,1.1,1.1,2014-09-23,1647,Aqua,MODIS,96,6.2,297.4,22.3,N,0
-17.376,131.676,315.2,1.1,1.1,2014-09-23,1647,Aqua,MODIS,17,6.2,294.6,11.9,N,0
-17.3813,131.6429,305.5,1.1,1.1,2014-09-23,1647,Aqua,MODIS,29,6.2,292.5,5.7,N,0
-17.3827,131.6535,322.6,1.1,1.1,2014-09-23,1647,Aqua,MODIS,100,6.2,295.6,21.5,N,0
-17.3841,131.6641,336.5,1.1,1.1,2014-09-23,1647,Aqua,MODIS,100,6.2,297.8,40.4,N,0
-17.3856,131.6747,332.4,1.1,1.1,2014-09-23,1647,Aqua,MODIS,100,6.2,296.2,36.1,N,0
-17.387,131.6853,308.9,1.1,1.1,2014-09-23,1647,Aqua,MODIS,73,6.2,293.5,8.5,N,0
-17.3922,131.6521,319.1,1.1,1.1,2014-09-23,1647,Aqua,MODIS,38,6.2,294.7,16.6,N,0
-17.3937,131.6627,344.9,1.1,1.1,2014-09-23,1647,Aqua,MODIS,100,6.2,297.4,57.7,N,0
-17.3951,131.6733,331.9,1.1,1.1,2014-09-23,1647,Aqua,MODIS,100,6.2,295.7,34.1,N,0
-17.4018,131.6507,319.3,1.1,1.1,2014-09-23,1647,Aqua,MODIS,46,6.2,293.8,16.9,N,0
-17.4032,131.6613,319.9,1.1,1.1,2014-09-23,1647,Aqua,MODIS,41,6.2,294.3,16.8,N,0
-17.4128,131.66,309,1.1,1.1,2014-09-23,1647,Aqua,MODIS,11,6.2,293.1,8,N,0
-17.4167,131.6537,307.2,1.1,1.1,2014-09-23,1647,Aqua,MODIS,36,6.2,292.8,7.4,N,0
-17.1961,132.0844,335.6,1.2,1.1,2014-09-23,1647,Aqua,MODIS,100,6.2,294.9,41.3,N,0
-17.1957,132.0666,306.4,1.2,1.1,2014-09-23,1647,Aqua,MODIS,68,6.2,290.8,8.9,N,0
-17.1971,132.0776,328.8,1.2,1.1,2014-09-23,1647,Aqua,MODIS,100,6.2,292.4,33.9,N,0
-17.1986,132.0887,331.5,1.2,1.1,2014-09-23,1647,Aqua,MODIS,100,6.2,295.5,38.9,N,0
-17.2069,132.0763,311.4,1.2,1.1,2014-09-23,1647,Aqua,MODIS,41,6.2,291.8,12.3,N,0
-17.2083,132.0873,318.4,1.2,1.1,2014-09-23,1647,Aqua,MODIS,96,6.2,291.5,20.3,N,0
-17.2,132.0998,306.6,1.2,1.1,2014-09-23,1647,Aqua,MODIS,28,6.2,288,10.7,N,0
-16.8145,125.951,305.6,1.3,1.1,2014-09-23,1647,Aqua,MODIS,65,6.2,294,8.9,N,0
-16.6922,130.7832,308.3,1,1,2014-09-23,1647,Aqua,MODIS,73,6.2,295.1,6.6,N,0
-16.7302,130.7874,322.9,1,1,2014-09-23,1647,Aqua,MODIS,100,6.2,296.9,19.3,N,0
-16.7316,130.7971,308.5,1,1,2014-09-23,1647,Aqua,MODIS,21,6.2,295.5,6.3,N,0
-16.6845,130.7943,313.2,1,1,2014-09-23,1647,Aqua,MODIS,87,6.2,295.5,10,N,0
-16.6858,130.8039,306.9,1,1,2014-09-23,1647,Aqua,MODIS,44,6.2,295.4,5.3,N,0
-16.6872,130.8136,306.4,1,1,2014-09-23,1647,Aqua,MODIS,60,6.2,296.3,5.2,N,0
-16.6936,130.7929,310.2,1,1,2014-09-23,1647,Aqua,MODIS,74,6.2,295.2,7.7,N,0
-16.6963,130.8123,312.3,1,1,2014-09-23,1647,Aqua,MODIS,67,6.2,294.9,8.8,N,0
-16.7055,130.811,320,1,1,2014-09-23,1647,Aqua,MODIS,100,6.2,295.3,15.2,N,0
-16.7069,130.8207,325.5,1,1,2014-09-23,1647,Aqua,MODIS,100,6.2,296.7,21.9,N,0
-16.7252,130.8179,314.1,1,1,2014-09-23,1647,Aqua,MODIS,82,6.2,296.3,10.9,N,0
-20.5251,119.6441,325.4,3.2,1.7,2014-09-23,1648,Aqua,MODIS,100,6.2,287.8,138.2,N,0
-20.5311,119.6739,301.3,3.1,1.7,2014-09-23,1648,Aqua,MODIS,39,6.2,286,35.1,N,0
-20.5401,119.6407,311.5,3.2,1.7,2014-09-23,1648,Aqua,MODIS,83,6.2,286.4,68,N,0
-20.546,119.6705,333.1,3.1,1.7,2014-09-23,1648,Aqua,MODIS,100,6.2,287.7,187.1,N,0
-19.4053,133.3878,315.6,1.5,1.2,2014-09-23,1648,Aqua,MODIS,91,6.2,292.6,25.8,N,0
-18.6827,128.9604,303.6,1,1,2014-09-23,1648,Aqua,MODIS,28,6.2,289.2,5.8,N,0
-18.7274,128.9474,305.5,1,1,2014-09-23,1648,Aqua,MODIS,64,6.2,288.7,7.5,N,0
-18.6675,128.9821,308.1,1,1,2014-09-23,1648,Aqua,MODIS,53,6.2,289.7,8.2,N,0
-18.6585,128.9835,303.6,1,1,2014-09-23,1648,Aqua,MODIS,15,6.2,289.9,5.5,N,0
-18.7398,128.9069,300.5,1,1,2014-09-23,1648,Aqua,MODIS,28,6.2,288.8,4.9,N,0
-18.7412,128.9163,302.1,1,1,2014-09-23,1648,Aqua,MODIS,47,6.2,289.4,5.6,N,0
-17.6061,123.2953,327.1,2,1.4,2014-09-23,1648,Aqua,MODIS,100,6.2,292.3,70.3,N,0
-17.587,123.2855,317.6,2,1.4,2014-09-23,1648,Aqua,MODIS,95,6.2,292.4,44,N,0
-17.6029,123.2771,308.4,2,1.4,2014-09-23,1648,Aqua,MODIS,74,6.2,290.6,24.5,N,0
-17.5939,123.2977,321.9,2,1.4,2014-09-23,1648,Aqua,MODIS,100,6.2,291.1,54.2,N,0
-17.5906,123.2794,323.6,2,1.4,2014-09-23,1648,Aqua,MODIS,100,6.2,292.2,58.8,N,0
-25.173,130.1893,357.4,1.2,1.1,2014-09-23,1649,Aqua,MODIS,100,6.2,287,102,N,0
-25.1358,130.2066,300.3,1.2,1.1,2014-09-23,1649,Aqua,MODIS,23,6.2,283.2,8.4,N,0
-25.1826,130.1878,325.8,1.2,1.1,2014-09-23,1649,Aqua,MODIS,100,6.2,284.1,33.1,N,0
-25.1454,130.2052,322.5,1.2,1.1,2014-09-23,1649,Aqua,MODIS,100,6.2,284.3,28.2,N,0
-25.144,130.1937,323.6,1.2,1.1,2014-09-23,1649,Aqua,MODIS,100,6.2,283.9,29.5,N,0
-22.6921,117.9778,333.2,3.7,1.8,2014-09-23,1649,Aqua,MODIS,100,6.2,288.7,228.2,N,0
-22.6995,118.0123,312.6,3.7,1.8,2014-09-23,1649,Aqua,MODIS,85,6.2,286.7,84.5,N,0
-22.6204,117.922,316.7,3.8,1.8,2014-09-23,1649,Aqua,MODIS,94,6.2,288,112.3,N,0
-22.6846,117.9423,325.7,3.8,1.8,2014-09-23,1649,Aqua,MODIS,100,6.2,287.9,166.5,N,0
-22.6601,117.9071,300.2,3.8,1.8,2014-09-23,1649,Aqua,MODIS,12,6.2,286.2,33.9,N,0
-22.6195,117.9542,304.2,3.8,1.8,2014-09-23,1649,Aqua,MODIS,55,6.2,286.6,48.9,N,0
-22.6118,117.9189,315.9,3.8,1.8,2014-09-23,1649,Aqua,MODIS,92,6.2,288.5,106.8,N,0
-22.6833,118.0152,306.5,3.7,1.8,2014-09-23,1649,Aqua,MODIS,68,6.2,286.1,60,N,0
-22.6756,117.9794,316,3.7,1.8,2014-09-23,1649,Aqua,MODIS,92,6.2,287,103.3,N,0
-22.6968,117.968,315.2,3.7,1.8,2014-09-23,1649,Aqua,MODIS,76,6.2,287.5,95.5,N,0
-16.0685,144.4052,334.1,1.1,1.1,2014-09-24,0033,Terra,MODIS,83,6.2,304.1,26.7,D,0
-14.8403,142.8357,323.1,1.5,1.2,2014-09-24,0033,Terra,MODIS,68,6.2,304,11.9,D,0
-15.2386,141.6448,327.9,1.7,1.3,2014-09-24,0033,Terra,MODIS,34,6.2,303.2,28.4,D,0
-16.0529,144.4298,326.2,1.1,1.1,2014-09-24,0033,Terra,MODIS,69,6.2,299.6,16.1,D,0
-16.0483,144.4265,329.8,1.1,1.1,2014-09-24,0033,Terra,MODIS,79,6.2,300.3,20.4,D,0
-16.0213,144.4418,318.7,1.1,1.1,2014-09-24,0033,Terra,MODIS,54,6.2,297.6,8.3,D,0
-16.0607,144.4176,327.2,1.1,1.1,2014-09-24,0033,Terra,MODIS,73,6.2,301.9,16.7,D,0
-16.0101,144.4328,325.9,1.1,1.1,2014-09-24,0033,Terra,MODIS,72,6.2,298.8,16.3,D,0
-16.0197,144.4313,321.6,1.1,1.1,2014-09-24,0033,Terra,MODIS,67,6.2,299.7,11.3,D,0
-14.3115,143.1831,318.9,1.4,1.2,2014-09-24,0033,Terra,MODIS,54,6.2,291.8,13.4,D,0
-14.0916,143.1663,320.9,1.4,1.2,2014-09-24,0033,Terra,MODIS,51,6.2,291.6,16.7,D,0
-14.119,143.1343,324.4,1.4,1.2,2014-09-24,0033,Terra,MODIS,75,6.2,298.9,22.4,D,0
-15.2358,141.6286,328.3,1.8,1.3,2014-09-24,0033,Terra,MODIS,49,6.2,302.3,31,D,0
-15.259,141.6245,327.6,1.8,1.3,2014-09-24,0033,Terra,MODIS,58,6.2,303.6,26.6,D,0
-15.2562,141.6083,327.6,1.8,1.3,2014-09-24,0033,Terra,MODIS,60,6.2,301.6,27.3,D,0
-15.4139,143.2191,327.5,1.4,1.2,2014-09-24,0033,Terra,MODIS,52,6.2,306.3,15.7,D,0
-15.5003,143.1198,344.6,1.4,1.2,2014-09-24,0033,Terra,MODIS,91,6.2,304.1,62,D,0
-15.4657,143.1456,336.4,1.4,1.2,2014-09-24,0033,Terra,MODIS,82,6.2,305.6,38.9,D,0
-14.4205,141.9043,318.3,1.7,1.3,2014-09-24,0033,Terra,MODIS,32,6.2,298.6,11.8,D,0
-15.5896,141.8707,322.6,1.7,1.3,2014-09-24,0033,Terra,MODIS,39,6.2,302.4,14.9,D,0
-15.4221,143.2048,332.3,1.4,1.2,2014-09-24,0033,Terra,MODIS,79,6.2,306.9,26.9,D,0
-15.9641,145.0725,324,1.1,1,2014-09-24,0033,Terra,MODIS,42,6.2,284.9,17.3,D,0
-14.4178,141.8884,319.2,1.7,1.3,2014-09-24,0033,Terra,MODIS,46,6.2,298.6,14.4,D,0
-15.416,143.2316,330.8,1.4,1.2,2014-09-24,0033,Terra,MODIS,78,6.2,307,21.9,D,0
-15.4899,143.1216,323.8,1.4,1.2,2014-09-24,0033,Terra,MODIS,47,6.2,304.1,14.6,D,0
-15.5809,141.888,324.3,1.7,1.3,2014-09-24,0033,Terra,MODIS,30,6.2,303.9,17.5,D,0
-15.5024,143.1325,336.3,1.4,1.2,2014-09-24,0033,Terra,MODIS,84,6.2,304.5,39,D,0
-15.971,145.075,319,1.1,1,2014-09-24,0033,Terra,MODIS,45,6.2,288.4,13.2,D,0
-13.127,141.9537,317.1,1.8,1.3,2014-09-24,0033,Terra,MODIS,73,6.2,291.8,24.3,D,0
-15.492,143.1342,344,1.4,1.2,2014-09-24,0033,Terra,MODIS,91,6.2,306.5,59,D,0
-15.5696,141.89,325,1.7,1.3,2014-09-24,0033,Terra,MODIS,45,6.2,301.9,19,D,0
-15.4201,143.1923,343.9,1.4,1.2,2014-09-24,0033,Terra,MODIS,90,6.2,305.6,57.2,D,0
-15.4077,143.2459,328.6,1.3,1.2,2014-09-24,0033,Terra,MODIS,65,6.2,306.3,18.2,D,0
-14.3398,142.182,322.7,1.7,1.3,2014-09-24,0033,Terra,MODIS,71,6.2,298.5,24.4,D,0
-15.4118,143.2066,346.3,1.4,1.2,2014-09-24,0033,Terra,MODIS,92,6.2,305.6,63.3,D,0
-15.4056,143.2334,328.6,1.4,1.2,2014-09-24,0033,Terra,MODIS,60,6.2,305.4,17.9,D,0
-15.4858,143.1613,327.4,1.4,1.2,2014-09-24,0033,Terra,MODIS,29,6.2,305.3,17.6,D,0
-15.4097,143.1941,342.1,1.4,1.2,2014-09-24,0033,Terra,MODIS,89,6.2,303.4,52.9,D,0
-15.4941,143.1469,329.4,1.4,1.2,2014-09-24,0033,Terra,MODIS,63,6.2,304.5,22.5,D,0
-22.8639,145.5156,314.7,1,1,2014-09-24,0035,Terra,MODIS,49,6.2,299.1,4.6,D,0
-22.8625,145.5059,315,1,1,2014-09-24,0035,Terra,MODIS,51,6.2,299.4,4.6,D,0
-20.7348,139.4814,324.4,2,1.4,2014-09-24,0035,Terra,MODIS,57,6.2,310.6,19.4,D,2
-23.9344,149.9376,315.8,1.6,1.2,2014-09-24,0035,Terra,MODIS,53,6.2,290.2,20.8,D,0
-25.8809,150.7682,312.7,1.9,1.4,2014-09-24,0036,Terra,MODIS,67,6.2,296.1,18.6,D,0
-25.8837,150.7614,312.7,1.9,1.4,2014-09-24,0036,Terra,MODIS,66,6.2,296,18.8,D,0
-27.1412,145.7521,318.3,1.1,1,2014-09-24,0036,Terra,MODIS,60,6.2,302.2,7.2,D,0
-24.9683,150.6168,313.2,1.8,1.3,2014-09-24,0036,Terra,MODIS,37,6.2,297.8,12.7,D,0
-24.9731,150.6095,324.3,1.8,1.3,2014-09-24,0036,Terra,MODIS,80,6.2,298.1,39.9,D,0
-28.4211,148.6424,318.4,1.5,1.2,2014-09-24,0037,Terra,MODIS,65,6.2,302.6,11.5,D,0
-28.3255,148.3103,325.5,1.4,1.2,2014-09-24,0037,Terra,MODIS,76,6.2,302.1,22.2,D,0
-28.3707,149.2282,316.2,1.6,1.3,2014-09-24,0037,Terra,MODIS,61,6.2,301,12.6,D,0
-28.3272,148.325,327.2,1.4,1.2,2014-09-24,0037,Terra,MODIS,78,6.2,302.5,25.8,D,0
-33.1963,149.1916,304.5,1.9,1.3,2014-09-24,0038,Terra,MODIS,55,6.2,289,11.6,D,0
-33.1982,149.2126,307.2,1.9,1.3,2014-09-24,0038,Terra,MODIS,63,6.2,290.4,15.5,D,0
-32.9375,147.3073,319.5,1.4,1.2,2014-09-24,0038,Terra,MODIS,77,6.2,297.1,20.1,D,0
-13.1183,130.6852,322.9,2.9,1.6,2014-09-24,0211,Terra,MODIS,50,6.2,299.4,35.1,D,0
-11.5081,131.2654,318.1,3,1.7,2014-09-24,0211,Terra,MODIS,57,6.2,296.3,24.2,D,0
-11.5076,131.2586,318.4,3,1.7,2014-09-24,0211,Terra,MODIS,59,6.2,295.8,25.2,D,0
-14.2913,132.4909,325.2,4.1,1.9,2014-09-24,0211,Terra,MODIS,49,6.2,301.7,82.1,D,0
-14.0478,132.419,321.8,4,1.9,2014-09-24,0211,Terra,MODIS,31,6.2,301.8,56.5,D,0
-14.0432,132.4263,323.7,4,1.9,2014-09-24,0211,Terra,MODIS,58,6.2,301.4,75.6,D,0
-14.0635,132.5688,322.5,4.1,1.9,2014-09-24,0211,Terra,MODIS,52,6.2,297,88.2,D,0
-14.0765,132.5293,353.2,4.1,1.9,2014-09-24,0211,Terra,MODIS,96,6.2,301.4,443.1,D,0
-14.0805,132.5671,367.5,4.1,1.9,2014-09-24,0211,Terra,MODIS,100,6.2,298.9,760.4,D,0
-14.0934,132.5276,338.1,4.1,1.9,2014-09-24,0211,Terra,MODIS,70,6.2,301.5,205.3,D,0
-14.0975,132.5656,331.6,4.1,1.9,2014-09-24,0211,Terra,MODIS,32,6.2,297.3,143.7,D,0
-14.1104,132.5261,338.4,4.1,1.9,2014-09-24,0211,Terra,MODIS,75,6.2,302.4,210.6,D,0
-14.1145,132.564,344.3,4.1,1.9,2014-09-24,0211,Terra,MODIS,87,6.2,299,304.5,D,0
-14.0805,132.5241,344.8,4.1,1.9,2014-09-24,0211,Terra,MODIS,86,6.2,301.4,300.4,D,0
-14.0843,132.5619,355.4,4.1,1.9,2014-09-24,0211,Terra,MODIS,97,6.2,298.8,494.8,D,0
-14.0974,132.5224,334.1,4.1,1.9,2014-09-24,0211,Terra,MODIS,60,6.2,302.2,162.6,D,0
-14.1013,132.5604,336.8,4.1,1.9,2014-09-24,0211,Terra,MODIS,68,6.2,298.1,207.5,D,0
-14.1183,132.5586,347.3,4.1,1.9,2014-09-24,0211,Terra,MODIS,91,6.2,299.8,351,D,0
-11.7244,132.7628,316.9,4,1.9,2014-09-24,0211,Terra,MODIS,28,6.2,296,57.3,D,0
-14.3084,132.4902,326.5,4.1,1.9,2014-09-24,0211,Terra,MODIS,62,6.2,301.5,95,D,0
-14.3045,132.4959,327.5,4.1,1.9,2014-09-24,0211,Terra,MODIS,66,6.2,301.5,105.3,D,0
-14.2874,132.4966,325.8,4.1,1.9,2014-09-24,0211,Terra,MODIS,55,6.2,301.5,87,D,0
-12.3803,132.9891,318.5,4.2,1.9,2014-09-24,0211,Terra,MODIS,49,6.2,298.6,42.1,D,0
-14.0517,132.456,325.4,4.1,1.9,2014-09-24,0211,Terra,MODIS,45,6.2,301,87.5,D,0
-14.578,133.3682,326.1,4.8,2,2014-09-24,0211,Terra,MODIS,71,6.2,300.2,91.2,D,0
-14.5759,133.3635,324.1,4.8,2,2014-09-24,0211,Terra,MODIS,68,6.2,300.2,73.6,D,0
-17.61,131.8886,322.1,4.1,1.9,2014-09-24,0212,Terra,MODIS,49,6.2,307.1,55.7,D,0
-17.7418,131.0677,330.8,3.6,1.8,2014-09-24,0212,Terra,MODIS,66,6.2,311,92.4,D,0
-17.7348,131.0626,329.7,3.6,1.8,2014-09-24,0212,Terra,MODIS,60,6.2,311.4,82.1,D,0
-17.7827,131.0578,326.5,3.6,1.8,2014-09-24,0212,Terra,MODIS,21,6.2,310.9,65,D,0
-17.5112,132.3475,323.7,4.4,1.9,2014-09-24,0212,Terra,MODIS,34,6.2,304.8,65.8,D,0
-17.5099,132.3528,324.3,4.4,1.9,2014-09-24,0212,Terra,MODIS,40,6.2,304.5,71.3,D,0
-14.6106,126.4497,331.6,1.4,1.2,2014-09-24,0212,Terra,MODIS,70,6.2,314.1,21.1,D,0
-14.6123,126.4631,338.2,1.5,1.2,2014-09-24,0212,Terra,MODIS,84,6.2,315.8,38,D,0
-17.3325,131.6341,347.7,3.9,1.8,2014-09-24,0212,Terra,MODIS,93,6.2,309.4,283.2,D,0
-17.349,131.6325,355.6,3.9,1.8,2014-09-24,0212,Terra,MODIS,97,6.2,312.1,414.3,D,0
-17.3578,131.6611,333.2,3.9,1.8,2014-09-24,0212,Terra,MODIS,64,6.2,312.4,111.4,D,0
-17.2859,131.571,328.5,3.8,1.8,2014-09-24,0212,Terra,MODIS,31,6.2,304.6,101,D,0
-17.2958,131.6012,333.8,3.8,1.8,2014-09-24,0212,Terra,MODIS,54,6.2,304.3,137.4,D,0
-17.3289,131.598,342.1,3.8,1.8,2014-09-24,0212,Terra,MODIS,78,6.2,308,216.5,D,0
-17.3179,131.5919,332,3.8,1.8,2014-09-24,0212,Terra,MODIS,39,6.2,306.7,117.2,D,0
-17.3212,131.6281,331,3.9,1.8,2014-09-24,0212,Terra,MODIS,51,6.2,306.3,93.5,D,0
-17.3378,131.6264,354.5,3.9,1.8,2014-09-24,0212,Terra,MODIS,97,6.2,310.5,401,D,0
-17.3544,131.6247,345.5,3.9,1.8,2014-09-24,0212,Terra,MODIS,89,6.2,311,266.1,D,0
-17.1957,132.4493,329.9,4.4,1.9,2014-09-24,0212,Terra,MODIS,69,6.2,298.1,150.5,D,0
-17.1965,132.4436,328.3,4.4,1.9,2014-09-24,0212,Terra,MODIS,58,6.2,298.6,129.3,D,0
-17.0043,132.6878,319.6,4.6,2,2014-09-24,0212,Terra,MODIS,33,6.2,299.3,65.7,D,0
-17.3875,131.6214,334.6,3.9,1.8,2014-09-24,0212,Terra,MODIS,57,6.2,307.2,141.1,D,0
-17.4242,131.6545,342.4,3.9,1.8,2014-09-24,0212,Terra,MODIS,85,6.2,309.9,228.5,D,0
-17.4409,131.6529,333.9,3.9,1.8,2014-09-24,0212,Terra,MODIS,52,6.2,308.6,138.4,D,0
-17.4299,131.6487,346.9,3.9,1.8,2014-09-24,0212,Terra,MODIS,92,6.2,309.5,289.9,D,0
-16.6436,130.7731,333.5,3.3,1.7,2014-09-24,0212,Terra,MODIS,46,6.2,310.2,105.3,D,0
-16.659,130.7714,337.5,3.3,1.7,2014-09-24,0212,Terra,MODIS,83,6.2,312,136.7,D,0
-16.6554,130.7662,338.1,3.3,1.7,2014-09-24,0212,Terra,MODIS,85,6.2,311.7,147.1,D,0
-16.6676,130.734,335,3.2,1.7,2014-09-24,0212,Terra,MODIS,75,6.2,311.7,111.4,D,0
-16.6708,130.7646,332.3,3.3,1.7,2014-09-24,0212,Terra,MODIS,69,6.2,312,88.2,D,0
-16.7325,130.7584,325.8,3.3,1.7,2014-09-24,0212,Terra,MODIS,58,6.2,311.8,50.6,D,0
-17.148,131.5913,362.6,3.8,1.8,2014-09-24,0212,Terra,MODIS,100,6.2,307.4,564.7,D,0
-17.1376,131.5856,347.5,3.8,1.8,2014-09-24,0212,Terra,MODIS,93,6.2,305.2,309.5,D,0
-17.1541,131.5839,328,3.8,1.8,2014-09-24,0212,Terra,MODIS,47,6.2,304.9,98.5,D,0
-17.1575,131.6198,367.9,3.8,1.8,2014-09-24,0212,Terra,MODIS,100,6.2,310.5,673.3,D,0
-17.174,131.6182,335.4,3.8,1.8,2014-09-24,0212,Terra,MODIS,48,6.2,307.7,151.4,D,0
-17.1126,131.637,333.6,3.8,1.8,2014-09-24,0212,Terra,MODIS,77,6.2,301.9,165,D,0
-17.1222,131.6668,325.5,3.9,1.8,2014-09-24,0212,Terra,MODIS,51,6.2,306.2,92.6,D,0
-17.1351,131.6289,347.3,3.8,1.8,2014-09-24,0212,Terra,MODIS,92,6.2,305.9,315.8,D,0
-17.1516,131.6272,377.6,3.8,1.8,2014-09-24,0212,Terra,MODIS,100,6.2,312.4,916,D,0
-17.1553,131.6635,342.5,3.9,1.8,2014-09-24,0212,Terra,MODIS,68,6.2,310.9,237.1,D,0
-17.1682,131.6256,347.4,3.8,1.8,2014-09-24,0212,Terra,MODIS,89,6.2,309.1,296.5,D,0
-17.1718,131.6617,347.2,3.9,1.8,2014-09-24,0212,Terra,MODIS,92,6.2,311.5,296.2,D,0
-17.1884,131.6601,346.8,3.9,1.8,2014-09-24,0212,Terra,MODIS,92,6.2,310.5,292.2,D,0
-17.141,131.6215,365.3,3.8,1.8,2014-09-24,0212,Terra,MODIS,100,6.2,309.4,622.6,D,0
-17.1609,131.656,356.3,3.9,1.8,2014-09-24,0212,Terra,MODIS,98,6.2,312.3,443.4,D,0
-17.1774,131.6543,354.3,3.9,1.8,2014-09-24,0212,Terra,MODIS,97,6.2,311.5,409.7,D,0
-16.674,130.7953,335.8,3.3,1.7,2014-09-24,0212,Terra,MODIS,80,6.2,312.3,118.8,D,0
-16.6772,130.8264,337.6,3.3,1.7,2014-09-24,0212,Terra,MODIS,85,6.2,310,139.2,D,0
-16.7828,125.9297,333.4,1.4,1.2,2014-09-24,0212,Terra,MODIS,58,6.2,315.2,27.8,D,0
-17.0966,127.5677,337.7,1.9,1.3,2014-09-24,0212,Terra,MODIS,85,6.2,309.9,68.9,D,0
-15.7724,127.6171,342.2,1.8,1.3,2014-09-24,0212,Terra,MODIS,71,6.2,313.5,68.3,D,0
-15.7704,127.6003,346.2,1.8,1.3,2014-09-24,0212,Terra,MODIS,88,6.2,312.1,86.9,D,0
-15.7626,127.6357,338,1.8,1.3,2014-09-24,0212,Terra,MODIS,52,6.2,311.7,56.1,D,0
-15.7605,127.6185,396.6,1.8,1.3,2014-09-24,0212,Terra,MODIS,100,6.2,318.7,527.1,D,0
-17.0902,127.5573,325.6,1.9,1.3,2014-09-24,0212,Terra,MODIS,45,6.2,307.5,28.5,D,0
-17.0924,127.5746,335.5,1.9,1.3,2014-09-24,0212,Terra,MODIS,83,6.2,309.2,60.8,D,0
-17.2079,127.53,348.7,1.9,1.3,2014-09-24,0212,Terra,MODIS,93,6.2,310.7,110.3,D,0
-17.664,125.7519,327.7,1.4,1.2,2014-09-24,0212,Terra,MODIS,67,6.2,316.4,15.8,D,0
-17.2059,127.5127,328.8,1.9,1.3,2014-09-24,0212,Terra,MODIS,52,6.2,306.4,27.2,D,0
-15.7585,127.6018,389.5,1.8,1.3,2014-09-24,0212,Terra,MODIS,100,6.2,314.3,434.3,D,0
-17.0843,127.4613,327.2,1.9,1.3,2014-09-24,0212,Terra,MODIS,71,6.2,306.6,33,D,0
-17.1978,127.5487,357.7,1.9,1.3,2014-09-24,0212,Terra,MODIS,98,6.2,312.9,164.8,D,0
-17.0773,127.4517,324.4,1.9,1.3,2014-09-24,0212,Terra,MODIS,65,6.2,306.6,27.1,D,0
-14.6158,126.4902,326.9,1.5,1.2,2014-09-24,0212,Terra,MODIS,43,6.2,313.1,11.1,D,0
-14.614,126.4766,330.9,1.5,1.2,2014-09-24,0212,Terra,MODIS,57,6.2,314.3,18.7,D,0
-17.2099,127.5472,333.1,1.9,1.3,2014-09-24,0212,Terra,MODIS,73,6.2,310.7,43.2,D,0
-16.7437,124.2595,332,1.1,1.1,2014-09-24,0212,Terra,MODIS,29,6.2,316.6,12,D,0
-17.0636,122.5492,335.7,1,1,2014-09-24,0212,Terra,MODIS,81,6.2,313.1,18.9,D,0
-15.7962,127.614,335.9,1.8,1.3,2014-09-24,0212,Terra,MODIS,56,6.2,314.9,45.1,D,0
-15.7864,127.6327,339.1,1.8,1.3,2014-09-24,0212,Terra,MODIS,36,6.2,315.3,47.7,D,0
-15.7823,127.5986,328.6,1.8,1.3,2014-09-24,0212,Terra,MODIS,20,6.2,313.4,22,D,0
-15.7745,127.6343,351.1,1.8,1.3,2014-09-24,0212,Terra,MODIS,88,6.2,315.8,104.9,D,0
-17.0699,122.5289,327.7,1,1,2014-09-24,0212,Terra,MODIS,45,6.2,314.4,8.5,D,0
-16.5052,124.3599,336.6,1.2,1.1,2014-09-24,0212,Terra,MODIS,57,6.2,309.6,29.2,D,0
-16.5038,124.3492,343.1,1.2,1.1,2014-09-24,0212,Terra,MODIS,77,6.2,310.6,41.9,D,0
-16.5012,124.3559,353,1.2,1.1,2014-09-24,0212,Terra,MODIS,96,6.2,310,67.5,D,0
-16.4916,124.3574,335.6,1.2,1.1,2014-09-24,0212,Terra,MODIS,82,6.2,308.7,30.3,D,0
-16.4902,124.3469,358.2,1.1,1.1,2014-09-24,0212,Terra,MODIS,99,6.2,312.2,85.7,D,0
-16.4806,124.3485,375.5,1.1,1.1,2014-09-24,0212,Terra,MODIS,100,6.2,313.5,153.8,D,0
-16.4998,124.3452,333.2,1.1,1.1,2014-09-24,0212,Terra,MODIS,68,6.2,308.7,23.5,D,0
-17.0917,122.4905,326.8,1,1,2014-09-24,0212,Terra,MODIS,60,6.2,313.8,8,D,0
-16.7518,124.2475,355,1.1,1.1,2014-09-24,0212,Terra,MODIS,97,6.2,317.6,64.6,D,0
-16.4411,124.2022,366.7,1.1,1.1,2014-09-24,0212,Terra,MODIS,100,6.2,313.5,109.3,D,0
-15.7465,127.6025,332,1.8,1.3,2014-09-24,0212,Terra,MODIS,77,6.2,307.5,47.6,D,0
-16.4887,124.336,341.4,1.1,1.1,2014-09-24,0212,Terra,MODIS,88,6.2,309.3,42.7,D,0
-16.4791,124.3377,370.2,1.1,1.1,2014-09-24,0212,Terra,MODIS,100,6.2,310.5,131,D,0
-16.4506,124.2011,353.8,1.1,1.1,2014-09-24,0212,Terra,MODIS,96,6.2,315.3,67.4,D,0
-16.7422,124.2488,360,1.1,1.1,2014-09-24,0212,Terra,MODIS,99,6.2,316.2,78.6,D,0
-16.2415,127.9381,321.6,2,1.4,2014-09-24,0212,Terra,MODIS,36,6.2,310.9,18.6,D,0
-16.4425,124.2127,346.8,1.1,1.1,2014-09-24,0212,Terra,MODIS,92,6.2,311.5,50.6,D,0
-16.4521,124.2117,361.2,1.1,1.1,2014-09-24,0212,Terra,MODIS,100,6.2,313.6,90.9,D,0
-15.7684,127.5836,342.7,1.8,1.3,2014-09-24,0212,Terra,MODIS,86,6.2,313,73,D,0
-15.7565,127.5851,359.6,1.8,1.3,2014-09-24,0212,Terra,MODIS,99,6.2,311.1,167.5,D,0
-15.7545,127.5683,338.6,1.8,1.3,2014-09-24,0212,Terra,MODIS,74,6.2,309.8,62.2,D,0
-16.5726,124.3508,327.4,1.2,1.1,2014-09-24,0212,Terra,MODIS,27,6.2,314.7,6.6,D,0
-15.7766,127.6515,341.3,1.8,1.3,2014-09-24,0212,Terra,MODIS,69,6.2,314.2,65.3,D,0
-15.7885,127.6499,338,1.8,1.3,2014-09-24,0212,Terra,MODIS,47,6.2,316.4,47.5,D,0
-16.7312,124.2395,332.7,1.1,1.1,2014-09-24,0212,Terra,MODIS,43,6.2,316.4,13.8,D,0
-16.7407,124.2382,343,1.1,1.1,2014-09-24,0212,Terra,MODIS,89,6.2,315,33,D,0
-17.0931,122.5,331,1,1,2014-09-24,0212,Terra,MODIS,73,6.2,315.5,12.6,D,0
-16.5298,124.3238,335,1.1,1.1,2014-09-24,0212,Terra,MODIS,81,6.2,310.3,26.1,D,0
-16.5312,124.3348,330,1.1,1.1,2014-09-24,0212,Terra,MODIS,49,6.2,313.7,15.8,D,0
-17.2321,127.527,332.8,1.9,1.3,2014-09-24,0212,Terra,MODIS,79,6.2,309.4,41.3,D,0
-17.6082,125.9454,327.7,1.5,1.2,2014-09-24,0212,Terra,MODIS,71,6.2,313.5,21.3,D,0
-15.8898,130.6354,326.4,3.1,1.7,2014-09-24,0212,Terra,MODIS,58,6.2,309,58.8,D,0
-17.4609,127.4621,328.5,1.9,1.3,2014-09-24,0212,Terra,MODIS,43,6.2,309.5,30.3,D,0
-17.5814,125.9067,342.6,1.5,1.2,2014-09-24,0212,Terra,MODIS,89,6.2,308.5,59.1,D,0
-15.8866,130.6065,324.7,3.1,1.7,2014-09-24,0212,Terra,MODIS,38,6.2,310,48.2,D,0
-15.888,130.6301,328.6,3.1,1.7,2014-09-24,0212,Terra,MODIS,53,6.2,309.5,70.1,D,0
-17.1308,127.5454,340.4,1.9,1.3,2014-09-24,0212,Terra,MODIS,77,6.2,307.8,77.4,D,0
-17.1429,127.5438,347.9,1.9,1.3,2014-09-24,0212,Terra,MODIS,93,6.2,307.9,111.1,D,0
-17.145,127.5615,336.6,1.9,1.3,2014-09-24,0212,Terra,MODIS,62,6.2,312,57.6,D,0
-17.155,127.5424,330.1,1.9,1.3,2014-09-24,0212,Terra,MODIS,38,6.2,308.6,39.5,D,0
-17.4209,125.4492,341.1,1.4,1.2,2014-09-24,0212,Terra,MODIS,67,6.2,309,45,D,0
-17.4121,125.4631,341.9,1.4,1.2,2014-09-24,0212,Terra,MODIS,81,6.2,311.6,45.8,D,0
-17.4556,125.4717,333.6,1.4,1.2,2014-09-24,0212,Terra,MODIS,60,6.2,312.2,25.9,D,0
-17.4452,125.4731,330.9,1.4,1.2,2014-09-24,0212,Terra,MODIS,37,6.2,315.8,20.8,D,0
-17.4435,125.4604,330.6,1.4,1.2,2014-09-24,0212,Terra,MODIS,49,6.2,313.6,22.4,D,0
-17.1933,127.5551,332.1,1.9,1.3,2014-09-24,0212,Terra,MODIS,79,6.2,311.6,42.4,D,0
-17.4314,125.4487,345.9,1.4,1.2,2014-09-24,0212,Terra,MODIS,87,6.2,312,60,D,0
-15.1489,133.1737,325.5,4.7,2,2014-09-24,0212,Terra,MODIS,63,6.2,299.4,114.1,D,0
-17.3898,125.4538,358.3,1.4,1.2,2014-09-24,0212,Terra,MODIS,99,6.2,316,99.2,D,0
-17.3882,125.4412,384.6,1.4,1.2,2014-09-24,0212,Terra,MODIS,100,6.2,316.5,244.4,D,0
-17.3823,125.4486,368.4,1.4,1.2,2014-09-24,0212,Terra,MODIS,100,6.2,315.2,150.6,D,0
-17.3806,125.436,357.4,1.4,1.2,2014-09-24,0212,Terra,MODIS,98,6.2,310.1,105.6,D,0
-17.3735,125.4623,340.3,1.4,1.2,2014-09-24,0212,Terra,MODIS,70,6.2,311.4,46.4,D,0
-17.0335,127.4926,319.9,1.9,1.3,2014-09-24,0212,Terra,MODIS,27,6.2,305.7,16.2,D,0
-15.1447,133.1297,330.3,4.7,2,2014-09-24,0212,Terra,MODIS,77,6.2,302.3,165.1,D,0
-17.1791,127.5391,333.9,1.9,1.3,2014-09-24,0212,Terra,MODIS,69,6.2,308.6,52.1,D,0
-17.1891,127.5203,349.8,1.9,1.3,2014-09-24,0212,Terra,MODIS,94,6.2,306.3,120.3,D,0
-17.1912,127.5375,353,1.9,1.3,2014-09-24,0212,Terra,MODIS,96,6.2,308.7,139.2,D,0
-15.1506,133.1809,321.4,4.7,2,2014-09-24,0212,Terra,MODIS,49,6.2,298.9,78.1,D,0
-15.1462,133.137,333.6,4.7,2,2014-09-24,0212,Terra,MODIS,81,6.2,301.8,212.8,D,0
-17.2548,127.6143,337.8,1.9,1.4,2014-09-24,0212,Terra,MODIS,85,6.2,309.8,67.8,D,0
-17.2526,127.5964,337.8,1.9,1.3,2014-09-24,0212,Terra,MODIS,85,6.2,310.5,64.4,D,0
-17.1371,127.5986,355.6,1.9,1.3,2014-09-24,0212,Terra,MODIS,97,6.2,313.3,147.1,D,0
-17.1249,127.6001,343,1.9,1.3,2014-09-24,0212,Terra,MODIS,89,6.2,312.1,80.9,D,0
-17.1148,127.6193,332.3,1.9,1.3,2014-09-24,0212,Terra,MODIS,78,6.2,311.5,42.9,D,0
-17.1128,127.6017,345.9,1.9,1.3,2014-09-24,0212,Terra,MODIS,91,6.2,310.8,96.8,D,0
-17.5956,125.9326,341.9,1.5,1.2,2014-09-24,0212,Terra,MODIS,88,6.2,313.5,55.4,D,0
-17.22,127.5286,380.3,1.9,1.3,2014-09-24,0212,Terra,MODIS,100,6.2,314.4,352.4,D,0
-17.1088,127.6088,348.9,1.9,1.3,2014-09-24,0212,Terra,MODIS,93,6.2,311.3,113.9,D,0
-17.2179,127.5111,358.6,1.9,1.3,2014-09-24,0212,Terra,MODIS,99,6.2,310.3,167.8,D,0
-17.1502,127.4016,340.7,1.8,1.3,2014-09-24,0212,Terra,MODIS,87,6.2,310.8,72.8,D,0
-17.1958,127.5313,352.9,1.9,1.3,2014-09-24,0212,Terra,MODIS,96,6.2,308.7,136.1,D,0
-17.1837,127.5328,337.5,1.9,1.3,2014-09-24,0212,Terra,MODIS,84,6.2,306.5,65.3,D,0
-17.5831,125.92,343,1.5,1.2,2014-09-24,0212,Terra,MODIS,89,6.2,310.3,59.5,D,0
-17.5939,125.9191,345,1.5,1.2,2014-09-24,0212,Terra,MODIS,91,6.2,311.8,66,D,0
-17.4105,125.4505,345.8,1.4,1.2,2014-09-24,0212,Terra,MODIS,83,6.2,311.6,58.9,D,0
-17.4001,125.4521,346.9,1.4,1.2,2014-09-24,0212,Terra,MODIS,72,6.2,310.8,60.7,D,0
-17.6333,123.2539,341.6,1.1,1,2014-09-24,0213,Terra,MODIS,65,6.2,316.4,28.8,D,0
-18.6353,128.9308,382.9,2.5,1.5,2014-09-24,0213,Terra,MODIS,100,6.2,312.4,588.2,D,0
-17.639,123.2466,334.8,1.1,1,2014-09-24,0213,Terra,MODIS,77,6.2,311.9,20.6,D,0
-17.6404,123.2566,337.5,1.1,1,2014-09-24,0213,Terra,MODIS,71,6.2,314.7,24.2,D,0
-18.6466,128.9056,350,2.5,1.5,2014-09-24,0213,Terra,MODIS,94,6.2,311.6,185.7,D,0
-17.6106,123.2268,335.9,1.1,1,2014-09-24,0213,Terra,MODIS,48,6.2,310.2,21.4,D,0
-17.612,123.2367,347.2,1.1,1,2014-09-24,0213,Terra,MODIS,90,6.2,315.1,41.7,D,0
-17.6227,123.2453,340.4,1.1,1,2014-09-24,0213,Terra,MODIS,55,6.2,315.1,26.6,D,0
-18.6629,128.9278,344.5,2.5,1.5,2014-09-24,0213,Terra,MODIS,90,6.2,312.5,138.6,D,0
-18.6328,128.9073,377.3,2.5,1.5,2014-09-24,0213,Terra,MODIS,100,6.2,312.2,498.9,D,0
-18.6491,128.9293,378.8,2.5,1.5,2014-09-24,0213,Terra,MODIS,100,6.2,316,516.6,D,0
-17.5713,123.2834,329.4,1.1,1,2014-09-24,0213,Terra,MODIS,65,6.2,314.4,13,D,0
-20.5308,119.6305,329.8,1,1,2014-09-24,0213,Terra,MODIS,75,6.2,309,17,D,0
-20.5462,119.6687,337.5,1,1,2014-09-24,0213,Terra,MODIS,84,6.2,310.7,26.4,D,0
-17.6,123.2182,327,1.1,1,2014-09-24,0213,Terra,MODIS,56,6.2,309.2,11.5,D,0
-17.7052,123.247,329.2,1.1,1,2014-09-24,0213,Terra,MODIS,63,6.2,316.4,12.3,D,0
-17.7002,123.2784,332,1.1,1,2014-09-24,0213,Terra,MODIS,70,6.2,314.7,16,D,0
-17.6524,123.2752,331.2,1.1,1,2014-09-24,0213,Terra,MODIS,36,6.2,316.5,12.9,D,0
-18.6265,128.9136,342.2,2.5,1.5,2014-09-24,0213,Terra,MODIS,89,6.2,306,139.9,D,0
-18.7207,128.9455,328.1,2.5,1.5,2014-09-24,0213,Terra,MODIS,51,6.2,314.8,38,D,0
-17.6765,123.3125,332.7,1.1,1,2014-09-24,0213,Terra,MODIS,71,6.2,316.2,15.2,D,0
-18.6655,128.9517,329.7,2.5,1.5,2014-09-24,0213,Terra,MODIS,76,6.2,312.2,48.6,D,0
-17.6603,123.2638,336.6,1.1,1,2014-09-24,0213,Terra,MODIS,63,6.2,314.2,20.9,D,0
-22.71,118.0142,347.3,1.1,1.1,2014-09-24,0214,Terra,MODIS,93,6.2,307.9,55,D,0
-22.7082,118.0034,362.8,1.1,1.1,2014-09-24,0214,Terra,MODIS,100,6.2,308,102.5,D,0
-22.6955,117.9252,328.6,1.2,1.1,2014-09-24,0214,Terra,MODIS,63,6.2,307.1,17.9,D,0
-22.7039,118.0374,322.9,1.1,1.1,2014-09-24,0214,Terra,MODIS,31,6.2,309.6,10,D,0
-22.7196,118.0125,345.8,1.1,1.1,2014-09-24,0214,Terra,MODIS,92,6.2,303.2,53,D,0
-22.7074,117.8762,318.3,1.2,1.1,2014-09-24,0214,Terra,MODIS,18,6.2,302.8,8.8,D,0
-22.7213,118.0233,326.5,1.1,1.1,2014-09-24,0214,Terra,MODIS,67,6.2,305.2,16.7,D,0
-22.6919,117.9029,337.2,1.2,1.1,2014-09-24,0214,Terra,MODIS,84,6.2,306.6,33.4,D,0
-22.6708,117.8949,328.2,1.2,1.1,2014-09-24,0214,Terra,MODIS,61,6.2,306.5,18,D,0
-22.6611,117.8966,321.2,1.2,1.1,2014-09-24,0214,Terra,MODIS,33,6.2,307.9,8.9,D,0
-22.6496,117.8871,320.7,1.2,1.1,2014-09-24,0214,Terra,MODIS,48,6.2,307.4,8.4,D,0
-22.6528,118.1097,327.8,1.1,1.1,2014-09-24,0214,Terra,MODIS,75,6.2,308,16.1,D,0
-22.6344,118.0565,327.7,1.1,1.1,2014-09-24,0214,Terra,MODIS,74,6.2,307.6,14.1,D,0
-22.6326,118.0453,338,1.1,1.1,2014-09-24,0214,Terra,MODIS,86,6.2,310.5,31.8,D,0
-22.6937,117.9141,332.2,1.2,1.1,2014-09-24,0214,Terra,MODIS,67,6.2,307.1,23.2,D,0
-22.6977,117.878,322.4,1.2,1.1,2014-09-24,0214,Terra,MODIS,36,6.2,304.1,13.2,D,0
-22.6996,117.8893,333.4,1.2,1.1,2014-09-24,0214,Terra,MODIS,82,6.2,305.2,29,D,0
-22.7177,118.0011,333.2,1.1,1.1,2014-09-24,0214,Terra,MODIS,82,6.2,301.6,28.9,D,0
-22.7087,117.9451,343.7,1.2,1.1,2014-09-24,0214,Terra,MODIS,90,6.2,307.7,48.5,D,0
-22.7068,117.934,325.8,1.2,1.1,2014-09-24,0214,Terra,MODIS,38,6.2,308.5,15.3,D,0
-22.7135,118.0355,328.7,1.1,1.1,2014-09-24,0214,Terra,MODIS,65,6.2,308.1,18.7,D,0
-22.7117,118.0247,334.4,1.1,1.1,2014-09-24,0214,Terra,MODIS,83,6.2,309.4,27.4,D,0
-20.7065,119.4539,333.1,1.1,1,2014-09-24,0214,Terra,MODIS,80,6.2,312.9,20.4,D,0
-20.7157,119.4523,334.2,1.1,1,2014-09-24,0214,Terra,MODIS,81,6.2,311.8,21.6,D,0
-20.7173,119.4624,335.9,1.1,1,2014-09-24,0214,Terra,MODIS,83,6.2,312.1,23.9,D,0
-20.7189,119.4725,346.1,1.1,1,2014-09-24,0214,Terra,MODIS,91,6.2,312.8,43.1,D,0
-21.4236,118.2916,322.2,1.2,1.1,2014-09-24,0214,Terra,MODIS,41,6.2,307.7,8.3,D,0
-21.4254,118.3026,325.3,1.1,1.1,2014-09-24,0214,Terra,MODIS,71,6.2,308.7,12.3,D,0
-21.4272,118.3136,328.1,1.1,1.1,2014-09-24,0214,Terra,MODIS,75,6.2,309.8,15.4,D,0
-20.5539,119.6572,326.9,1,1,2014-09-24,0214,Terra,MODIS,58,6.2,311.3,11.3,D,0
-34.8005,117.6915,311.5,1,1,2014-09-24,0217,Terra,MODIS,54,6.2,287.3,8.9,D,0
-34.8079,117.6787,311.3,1,1,2014-09-24,0217,Terra,MODIS,61,6.2,288.7,9,D,0
-34.7989,117.6806,345.6,1,1,2014-09-24,0217,Terra,MODIS,94,6.2,292,52.2,D,0
-32.4346,116.1035,306.3,1.1,1,2014-09-24,0217,Terra,MODIS,52,6.2,288.8,6.9,D,0
-33.0261,151.5641,312,2.5,1.5,2014-09-24,0316,Aqua,MODIS,0,6.2,295.7,31.2,D,0
-33.136,151.1631,312.3,2.7,1.6,2014-09-24,0316,Aqua,MODIS,72,6.2,294.6,36.1,D,0
-31.6662,151.9367,318.7,2.3,1.5,2014-09-24,0317,Aqua,MODIS,76,6.2,294.7,44,D,0
-31.4634,151.2588,308.1,2.5,1.5,2014-09-24,0317,Aqua,MODIS,57,6.2,289.6,30.4,D,0
-31.4655,151.2319,348.6,2.5,1.5,2014-09-24,0317,Aqua,MODIS,95,6.2,294,231.2,D,0
-31.4586,151.2537,307,2.5,1.5,2014-09-24,0317,Aqua,MODIS,38,6.2,290.2,25.8,D,0
-31.4609,151.2264,319.1,2.5,1.5,2014-09-24,0317,Aqua,MODIS,76,6.2,291.4,62.3,D,0
-29.8118,149.373,312.9,3.3,1.7,2014-09-24,0317,Aqua,MODIS,46,6.2,297.6,24.3,D,0
-29.8067,149.3767,312.8,3.3,1.7,2014-09-24,0317,Aqua,MODIS,53,6.2,297.9,23.8,D,0
-29.0504,152.6281,311.9,1.9,1.3,2014-09-24,0317,Aqua,MODIS,52,6.2,293.4,21.9,D,0
-29.0486,152.6477,309.4,1.9,1.3,2014-09-24,0317,Aqua,MODIS,43,6.2,293.3,18,D,0
-29.0448,152.6405,311.9,1.9,1.3,2014-09-24,0317,Aqua,MODIS,62,6.2,293.2,23.6,D,0
-25.8981,150.7997,311.8,2.3,1.5,2014-09-24,0318,Aqua,MODIS,35,6.2,290.2,22,D,0
-23.9294,149.9282,318.7,2.5,1.5,2014-09-24,0319,Aqua,MODIS,71,6.2,291.7,45.7,D,0
-24.0091,150.9701,318.4,2.1,1.4,2014-09-24,0319,Aqua,MODIS,58,6.2,298.4,31.4,D,0
-24.0112,150.949,344.3,2.1,1.4,2014-09-24,0319,Aqua,MODIS,93,6.2,299,138.6,D,0
-25.0487,152.0872,307.3,1.8,1.3,2014-09-24,0319,Aqua,MODIS,26,6.2,290.3,13.4,D,0
-26.5361,141.8194,376.9,2.5,1.5,2014-09-24,0456,Aqua,MODIS,100,6.2,313,496.2,D,0
-26.5412,141.7943,402.7,2.5,1.5,2014-09-24,0456,Aqua,MODIS,100,6.2,319,991,D,0
-26.1032,125.7462,330.2,2.5,1.5,2014-09-24,0457,Aqua,MODIS,76,6.2,309.2,62.7,D,0
-26.1055,125.7211,328.5,2.5,1.5,2014-09-24,0457,Aqua,MODIS,74,6.2,309.4,54,D,0
-21.2183,140.9543,328.8,2.9,1.6,2014-09-24,0458,Aqua,MODIS,60,6.2,314.1,38.3,D,0
-22.8087,130.2477,335.3,1.2,1.1,2014-09-24,0458,Aqua,MODIS,79,6.2,314.8,23,D,0
-22.6034,130.4191,418.7,1.1,1.1,2014-09-24,0458,Aqua,MODIS,100,6.2,326.6,438.1,D,0
-22.6019,130.4301,366.8,1.1,1.1,2014-09-24,0458,Aqua,MODIS,100,6.2,315.9,105.4,D,0
-22.6115,130.4315,345.1,1.1,1.1,2014-09-24,0458,Aqua,MODIS,89,6.2,316.1,41.5,D,0
-22.6129,130.4206,364.9,1.1,1.1,2014-09-24,0458,Aqua,MODIS,100,6.2,319.2,98.2,D,0
-22.6048,130.4082,328.1,1.1,1.1,2014-09-24,0458,Aqua,MODIS,62,6.2,314.9,11.6,D,0
-17.611,131.8719,335.7,1,1,2014-09-24,0459,Aqua,MODIS,38,6.2,320.9,12.2,D,0
-17.5309,132.4203,336.7,1,1,2014-09-24,0459,Aqua,MODIS,30,6.2,319.4,14.9,D,0
-17.4863,132.4171,333,1,1,2014-09-24,0459,Aqua,MODIS,43,6.2,313.5,12.1,D,0
-17.4682,132.4142,343.8,1,1,2014-09-24,0459,Aqua,MODIS,86,6.2,315.3,28.4,D,0
-17.4696,132.4046,335.3,1,1,2014-09-24,0459,Aqua,MODIS,29,6.2,314.9,13.5,D,0
-17.6123,132.1807,332.3,1,1,2014-09-24,0459,Aqua,MODIS,53,6.2,319.2,10.1,D,0
-17.5813,131.8863,342.5,1,1,2014-09-24,0459,Aqua,MODIS,77,6.2,318.2,23.7,D,0
-17.6254,132.3449,336,1,1,2014-09-24,0459,Aqua,MODIS,48,6.2,319.7,15.9,D,0
-17.5393,132.3631,337.4,1,1,2014-09-24,0459,Aqua,MODIS,67,6.2,318.8,17.7,D,0
-17.5379,132.3726,346.6,1,1,2014-09-24,0459,Aqua,MODIS,89,6.2,321.3,33.4,D,0
-17.6115,131.8047,345.2,1,1,2014-09-24,0459,Aqua,MODIS,88,6.2,320.7,28.2,D,0
-17.5815,131.6983,335.8,1,1,2014-09-24,0459,Aqua,MODIS,32,6.2,321.4,11.3,D,0
-17.5022,131.6696,351.1,1,1,2014-09-24,0459,Aqua,MODIS,93,6.2,322.9,38.3,D,0
-17.5036,131.6602,338.7,1,1,2014-09-24,0459,Aqua,MODIS,72,6.2,323.8,16.4,D,0
-17.7967,131.0236,339.5,1,1,2014-09-24,0459,Aqua,MODIS,79,6.2,321.4,19.1,D,0
-17.5827,131.8769,348.5,1,1,2014-09-24,0459,Aqua,MODIS,91,6.2,317.9,36.1,D,0
-17.7954,131.0331,339.5,1,1,2014-09-24,0459,Aqua,MODIS,71,6.2,321.1,18.2,D,0
-17.794,131.0425,344.6,1,1,2014-09-24,0459,Aqua,MODIS,80,6.2,321.6,26.1,D,0
-17.7927,131.052,343.2,1,1,2014-09-24,0459,Aqua,MODIS,63,6.2,320.7,23.6,D,0
-17.7824,131.0601,338,1,1,2014-09-24,0459,Aqua,MODIS,57,6.2,320.4,15.8,D,0
-17.7623,131.0697,341.5,1,1,2014-09-24,0459,Aqua,MODIS,76,6.2,316.9,22.8,D,0
-17.7533,131.0683,345.4,1,1,2014-09-24,0459,Aqua,MODIS,88,6.2,319.1,29.3,D,0
-17.7429,131.0763,341.3,1,1,2014-09-24,0459,Aqua,MODIS,78,6.2,317.8,23.9,D,0
-17.7339,131.0749,351,1,1,2014-09-24,0459,Aqua,MODIS,93,6.2,319.9,43.7,D,0
-17.5922,132.255,347.2,1,1,2014-09-24,0459,Aqua,MODIS,87,6.2,318.3,33.5,D,0
-17.5908,132.2645,359.5,1,1,2014-09-24,0459,Aqua,MODIS,99,6.2,320.3,61.4,D,0
-18.7457,128.9368,336.9,1.2,1.1,2014-09-24,0459,Aqua,MODIS,57,6.2,321.5,18.6,D,0
-18.6359,128.9272,354.2,1.2,1.1,2014-09-24,0459,Aqua,MODIS,66,6.2,319.7,60.9,D,0
-17.2566,127.6049,331.2,1.4,1.2,2014-09-24,0459,Aqua,MODIS,62,6.2,316.7,18.4,D,0
-18.6585,128.9071,345.6,1.2,1.1,2014-09-24,0459,Aqua,MODIS,45,6.2,321.4,36.4,D,0
-17.5877,125.9068,332.7,1.8,1.3,2014-09-24,0459,Aqua,MODIS,57,6.2,317.5,32,D,0
-17.255,127.6181,331.5,1.4,1.2,2014-09-24,0459,Aqua,MODIS,59,6.2,314.4,20.3,D,0
-17.4562,127.469,334.7,1.4,1.2,2014-09-24,0459,Aqua,MODIS,57,6.2,316,24.6,D,0
-17.6044,125.9141,331,1.8,1.3,2014-09-24,0459,Aqua,MODIS,26,6.2,317.1,24.6,D,0
-18.6457,128.9286,345.5,1.2,1.1,2014-09-24,0459,Aqua,MODIS,24,6.2,319.3,34.3,D,0
-17.2865,127.6222,334.9,1.4,1.2,2014-09-24,0459,Aqua,MODIS,59,6.2,316.3,26,D,0
-17.2461,127.6038,353.7,1.4,1.2,2014-09-24,0459,Aqua,MODIS,96,6.2,315.3,83.1,D,0
-17.5777,125.8877,338.8,1.9,1.3,2014-09-24,0459,Aqua,MODIS,82,6.2,317.4,52.9,D,0
-17.2445,127.617,341.9,1.4,1.2,2014-09-24,0459,Aqua,MODIS,86,6.2,313.2,45.6,D,0
-18.3918,130.7716,330.2,1,1,2014-09-24,0459,Aqua,MODIS,54,6.2,319.4,9.6,D,0
-18.6162,128.9243,358.5,1.2,1.1,2014-09-24,0459,Aqua,MODIS,94,6.2,313.7,77,D,0
-18.6581,128.9882,338.8,1.2,1.1,2014-09-24,0459,Aqua,MODIS,80,6.2,320,24.2,D,0
-18.6541,128.9414,362.9,1.2,1.1,2014-09-24,0459,Aqua,MODIS,100,6.2,319,91.5,D,0
-18.6443,128.9401,345.7,1.2,1.1,2014-09-24,0459,Aqua,MODIS,75,6.2,315,38.8,D,0
-18.6054,128.9162,346.9,1.2,1.1,2014-09-24,0459,Aqua,MODIS,80,6.2,314.1,50.3,D,0
-18.6261,128.9258,388.2,1.2,1.1,2014-09-24,0459,Aqua,MODIS,100,6.2,321.8,218.9,D,0
-17.5761,138.4907,335.4,2.3,1.5,2014-09-24,0459,Aqua,MODIS,80,6.2,308.4,70.2,D,0
-17.5799,138.4695,328.3,2.3,1.5,2014-09-24,0459,Aqua,MODIS,65,6.2,308.8,35.3,D,0
-17.322,131.7119,333,1,1,2014-09-24,0459,Aqua,MODIS,34,6.2,316.3,10.6,D,0
-17.3234,131.7026,333.7,1,1,2014-09-24,0459,Aqua,MODIS,44,6.2,316.9,11.9,D,0
-17.3228,131.6384,339.6,1,1,2014-09-24,0459,Aqua,MODIS,70,6.2,317.9,20.1,D,0
-17.3138,131.6369,380.1,1,1,2014-09-24,0459,Aqua,MODIS,100,6.2,321.5,129.8,D,0
-17.3048,131.6355,426.9,1,1,2014-09-24,0459,Aqua,MODIS,100,6.2,331.3,430.7,D,0
-17.3035,131.6449,345.9,1,1,2014-09-24,0459,Aqua,MODIS,88,6.2,310.7,34.1,D,0
-17.2675,131.6392,336.1,1,1,2014-09-24,0459,Aqua,MODIS,76,6.2,306.3,22.3,D,0
-17.2954,131.701,351.5,1,1,2014-09-24,0459,Aqua,MODIS,94,6.2,315.1,45.1,D,0
-17.2968,131.6917,333,1,1,2014-09-24,0459,Aqua,MODIS,15,6.2,315.3,12.3,D,0
-17.2864,131.6996,386,1,1,2014-09-24,0459,Aqua,MODIS,100,6.2,319.2,159.8,D,0
-17.2878,131.6903,335.9,1,1,2014-09-24,0459,Aqua,MODIS,54,6.2,315.1,17.2,D,0
-17.2959,131.6341,433.3,1,1,2014-09-24,0459,Aqua,MODIS,100,6.2,325.8,496.3,D,0
-17.2972,131.6247,404.5,1,1,2014-09-24,0459,Aqua,MODIS,100,6.2,330.4,252.8,D,0
-17.2774,131.6982,345.2,1,1,2014-09-24,0459,Aqua,MODIS,88,6.2,314.6,33.7,D,0
-17.2869,131.6327,384.2,1,1,2014-09-24,0459,Aqua,MODIS,100,6.2,312.6,150.4,D,0
-17.2882,131.6233,389.6,1,1,2014-09-24,0459,Aqua,MODIS,100,6.2,325.4,168.3,D,0
-17.2779,131.6312,386.2,1,1,2014-09-24,0459,Aqua,MODIS,100,6.2,311.8,159.4,D,0
-17.2689,131.6298,350.2,1,1,2014-09-24,0459,Aqua,MODIS,92,6.2,307.2,45.6,D,0
-17.2404,132.5216,332.5,1,1,2014-09-24,0459,Aqua,MODIS,68,6.2,314,12.7,D,0
-17.2418,132.5119,330.3,1,1,2014-09-24,0459,Aqua,MODIS,59,6.2,314.8,9.7,D,0
-16.8861,132.6166,359.2,1,1,2014-09-24,0459,Aqua,MODIS,99,6.2,313.3,68.8,D,0
-16.8876,132.6069,353.1,1,1,2014-09-24,0459,Aqua,MODIS,95,6.2,312.3,52.3,D,0
-17.0616,132.5488,330.9,1,1,2014-09-24,0459,Aqua,MODIS,42,6.2,310,12.3,D,0
-17.063,132.5392,332,1,1,2014-09-24,0459,Aqua,MODIS,42,6.2,310.6,12.9,D,0
-17.0477,132.517,340.3,1,1,2014-09-24,0459,Aqua,MODIS,81,6.2,312,26,D,0
-17.0491,132.5074,333.2,1,1,2014-09-24,0459,Aqua,MODIS,52,6.2,311.9,13.4,D,0
-17.3268,132.4923,331.1,1,1,2014-09-24,0459,Aqua,MODIS,43,6.2,313.8,8.4,D,0
-17.3282,132.4827,343.4,1,1,2014-09-24,0459,Aqua,MODIS,86,6.2,317.6,27.8,D,0
-17.3192,132.4812,337.5,1,1,2014-09-24,0459,Aqua,MODIS,74,6.2,315.5,17,D,0
-17.3242,131.629,337.9,1,1,2014-09-24,0459,Aqua,MODIS,26,6.2,320.5,14.7,D,0
-17.3062,131.6262,385.1,1,1,2014-09-24,0459,Aqua,MODIS,100,6.2,328.2,145.6,D,0
-17.3075,131.6168,355.6,1,1,2014-09-24,0459,Aqua,MODIS,97,6.2,321.5,43.2,D,0
-17.2985,131.6154,337.9,1,1,2014-09-24,0459,Aqua,MODIS,36,6.2,320,8.4,D,0
-17.2792,131.6219,408.7,1,1,2014-09-24,0459,Aqua,MODIS,100,6.2,328.1,282.3,D,0
-17.2702,131.6205,369.8,1,1,2014-09-24,0459,Aqua,MODIS,100,6.2,314,93.4,D,0
-17.2716,131.6111,366.4,1,1,2014-09-24,0459,Aqua,MODIS,100,6.2,320.5,74.7,D,0
-17.2729,131.6017,348.1,1,1,2014-09-24,0459,Aqua,MODIS,91,6.2,321.4,26.9,D,0
-17.2613,131.619,369.8,1,1,2014-09-24,0459,Aqua,MODIS,100,6.2,311.4,98.4,D,0
-17.2626,131.6097,372.9,1,1,2014-09-24,0459,Aqua,MODIS,100,6.2,321.8,102.6,D,0
-17.2639,131.6003,350.2,1,1,2014-09-24,0459,Aqua,MODIS,64,6.2,321.8,36.1,D,0
-17.2666,131.5816,363.5,1,1,2014-09-24,0459,Aqua,MODIS,100,6.2,318.3,71,D,0
-17.268,131.5723,353.2,1,1,2014-09-24,0459,Aqua,MODIS,89,6.2,320.2,44.9,D,0
-17.2523,131.6176,352.8,1,1,2014-09-24,0459,Aqua,MODIS,95,6.2,307.9,53.6,D,0
-17.2536,131.6082,363.2,1,1,2014-09-24,0459,Aqua,MODIS,100,6.2,314.8,76.8,D,0
-17.255,131.5989,342.5,1,1,2014-09-24,0459,Aqua,MODIS,60,6.2,316.9,28,D,0
-17.246,131.5975,353.4,1,1,2014-09-24,0459,Aqua,MODIS,95,6.2,312.2,54.4,D,0
-17.1747,132.4649,353.1,1,1,2014-09-24,0459,Aqua,MODIS,95,6.2,307,55.2,D,0
-17.1685,132.4442,342.1,1,1,2014-09-24,0459,Aqua,MODIS,63,6.2,313.2,27.1,D,0
-17.1594,132.4427,349.2,1,1,2014-09-24,0459,Aqua,MODIS,91,6.2,312.5,43.8,D,0
-17.1489,132.4508,335.8,1,1,2014-09-24,0459,Aqua,MODIS,46,6.2,308.5,20.9,D,0
-17.1503,132.4412,361.2,1,1,2014-09-24,0459,Aqua,MODIS,100,6.2,310.7,75.4,D,0
-17.2293,132.4706,333.8,1,1,2014-09-24,0459,Aqua,MODIS,57,6.2,316.4,12.2,D,0
-17.2126,132.4581,334.4,1,1,2014-09-24,0459,Aqua,MODIS,47,6.2,313.7,11.9,D,0
-17.2006,132.4789,343.9,1,1,2014-09-24,0459,Aqua,MODIS,87,6.2,308.7,34.9,D,0
-17.202,132.4693,341.1,1,1,2014-09-24,0459,Aqua,MODIS,54,6.2,311.8,26.8,D,0
-17.2034,132.4597,340.2,1,1,2014-09-24,0459,Aqua,MODIS,83,6.2,312.4,21.8,D,0
-17.2048,132.4501,341.8,1,1,2014-09-24,0459,Aqua,MODIS,85,6.2,314.1,24.2,D,0
-17.1915,132.4774,333,1,1,2014-09-24,0459,Aqua,MODIS,59,6.2,306.7,17.7,D,0
-17.1929,132.4678,347.3,1,1,2014-09-24,0459,Aqua,MODIS,77,6.2,309.1,39.5,D,0
-17.1957,132.4487,332.6,1,1,2014-09-24,0459,Aqua,MODIS,58,6.2,313,10,D,0
-17.1838,132.4664,355.8,1,1,2014-09-24,0459,Aqua,MODIS,97,6.2,309.1,61.7,D,0
-17.1762,132.4553,348.2,1,1,2014-09-24,0459,Aqua,MODIS,70,6.2,310.6,40.3,D,0
-17.0049,132.6781,330.3,1,1,2014-09-24,0459,Aqua,MODIS,43,6.2,305.7,13.9,D,0
-17.4483,131.661,386.5,1,1,2014-09-24,0459,Aqua,MODIS,100,6.2,322.7,157.7,D,0
-17.4497,131.6516,373.2,1,1,2014-09-24,0459,Aqua,MODIS,100,6.2,323.3,103.2,D,0
-17.4393,131.6596,359.2,1,1,2014-09-24,0459,Aqua,MODIS,99,6.2,317.1,60.7,D,0
-17.4407,131.6502,354.5,1,1,2014-09-24,0459,Aqua,MODIS,96,6.2,321.5,48.5,D,0
-17.4087,131.6203,346.5,1,1,2014-09-24,0459,Aqua,MODIS,84,6.2,320.8,30.1,D,0
-16.9169,132.6471,341.9,1,1,2014-09-24,0459,Aqua,MODIS,86,6.2,311.7,28.1,D,0
-16.9183,132.6375,336.8,1,1,2014-09-24,0459,Aqua,MODIS,80,6.2,312.6,18.5,D,0
-17.2765,131.8323,339.7,1,1,2014-09-24,0459,Aqua,MODIS,81,6.2,319.9,17.2,D,0
-17.2778,131.8229,334.1,1,1,2014-09-24,0459,Aqua,MODIS,70,6.2,320.5,9.1,D,0
-17.5608,138.5763,333.3,2.3,1.5,2014-09-24,0459,Aqua,MODIS,77,6.2,299.9,67.8,D,0
-17.5647,138.5548,345.3,2.3,1.5,2014-09-24,0459,Aqua,MODIS,90,6.2,302.8,133.9,D,0
-16.978,132.677,332.2,1,1,2014-09-24,0459,Aqua,MODIS,47,6.2,305.2,17.9,D,0
-16.9794,132.6673,340.5,1,1,2014-09-24,0459,Aqua,MODIS,85,6.2,304,27.3,D,0
-17.5477,138.5737,344,2.3,1.5,2014-09-24,0459,Aqua,MODIS,89,6.2,301.7,122,D,0
-16.9808,132.6576,346.8,1,1,2014-09-24,0459,Aqua,MODIS,91,6.2,308.4,37.5,D,0
-16.9674,132.6852,336.8,1,1,2014-09-24,0459,Aqua,MODIS,80,6.2,293.2,24.9,D,0
-17.5515,138.5522,370.9,2.3,1.5,2014-09-24,0459,Aqua,MODIS,100,6.2,308,354,D,0
-16.9688,132.6755,357.8,1,1,2014-09-24,0459,Aqua,MODIS,98,6.2,306,68,D,0
-16.9717,132.6561,353.2,1,1,2014-09-24,0459,Aqua,MODIS,95,6.2,303.4,50.2,D,0
-16.9597,132.674,383.8,1,1,2014-09-24,0459,Aqua,MODIS,100,6.2,307.9,162,D,0
-16.9611,132.6643,386.9,1,1,2014-09-24,0459,Aqua,MODIS,100,6.2,313.4,173.2,D,0
-17.5214,138.5685,330.3,2.3,1.5,2014-09-24,0459,Aqua,MODIS,51,6.2,303.7,42.6,D,0
-17.5077,138.5809,332.8,2.3,1.5,2014-09-24,0459,Aqua,MODIS,77,6.2,303.5,51.7,D,0
-17.4605,132.4032,354.3,1,1,2014-09-24,0459,Aqua,MODIS,96,6.2,313.5,51.7,D,0
-17.366,132.479,382.9,1,1,2014-09-24,0459,Aqua,MODIS,100,6.2,320.1,145.8,D,0
-17.3674,132.4695,341.8,1,1,2014-09-24,0459,Aqua,MODIS,76,6.2,320.6,20.5,D,0
-17.2446,131.6068,370.1,1,1,2014-09-24,0459,Aqua,MODIS,100,6.2,309.8,101.5,D,0
-17.2244,131.5597,329.6,1,1,2014-09-24,0459,Aqua,MODIS,49,6.2,317.1,10,D,0
-17.2154,131.5583,339.1,1,1,2014-09-24,0459,Aqua,MODIS,70,6.2,318.5,22,D,0
-17.2051,131.5662,354.9,1,1,2014-09-24,0459,Aqua,MODIS,96,6.2,314.9,54.8,D,0
-17.2064,131.5569,361.9,1,1,2014-09-24,0459,Aqua,MODIS,100,6.2,321.7,71.9,D,0
-17.1961,131.5648,328.9,1,1,2014-09-24,0459,Aqua,MODIS,48,6.2,313.2,11.2,D,0
-17.1974,131.5555,334.6,1,1,2014-09-24,0459,Aqua,MODIS,74,6.2,317.5,17.7,D,0
-17.1434,131.6072,326.8,1,1,2014-09-24,0459,Aqua,MODIS,30,6.2,309.5,11.6,D,0
-17.134,131.6727,328.1,1,1,2014-09-24,0459,Aqua,MODIS,33,6.2,311.6,10.6,D,0
-17.125,131.6713,347.3,1,1,2014-09-24,0459,Aqua,MODIS,91,6.2,310.7,41.2,D,0
-17.1263,131.6619,331.5,1,1,2014-09-24,0459,Aqua,MODIS,37,6.2,310.5,14.9,D,0
-17.1187,131.6512,331.2,1,1,2014-09-24,0459,Aqua,MODIS,52,6.2,309.4,16.3,D,0
-17.1097,131.6497,339.1,1,1,2014-09-24,0459,Aqua,MODIS,82,6.2,308.4,29.9,D,0
-17.111,131.6404,330.5,1,1,2014-09-24,0459,Aqua,MODIS,66,6.2,310,17.2,D,0
-17.1021,131.639,343.3,1,1,2014-09-24,0459,Aqua,MODIS,87,6.2,309.1,37.6,D,0
-17.1034,131.6296,339.8,1,1,2014-09-24,0459,Aqua,MODIS,83,6.2,310.6,32.2,D,0
-17.0931,131.6375,339.6,1,1,2014-09-24,0459,Aqua,MODIS,83,6.2,306.8,32.2,D,0
-17.0944,131.6282,356.6,1,1,2014-09-24,0459,Aqua,MODIS,97,6.2,311,67.4,D,0
-17.1326,131.6821,336.7,1,1,2014-09-24,0459,Aqua,MODIS,37,6.2,312.6,20.2,D,0
-17.1196,131.7087,335.4,1,1,2014-09-24,0459,Aqua,MODIS,77,6.2,308.3,23.5,D,0
-17.1209,131.6994,328,1,1,2014-09-24,0459,Aqua,MODIS,25,6.2,308.3,12.9,D,0
-17.1223,131.69,332.6,1,1,2014-09-24,0459,Aqua,MODIS,29,6.2,307.6,17.3,D,0
-17.1236,131.6806,349.5,1,1,2014-09-24,0459,Aqua,MODIS,91,6.2,308.9,45,D,0
-17.5174,138.5901,340.6,2.3,1.5,2014-09-24,0459,Aqua,MODIS,86,6.2,301.2,93.9,D,0
-17.5043,138.5875,329.9,2.3,1.5,2014-09-24,0459,Aqua,MODIS,52,6.2,303.2,41.3,D,0
-16.5006,136.7942,335.5,1.8,1.3,2014-09-24,0459,Aqua,MODIS,52,6.2,312.7,35.5,D,0
-17.5888,138.4766,327.1,2.3,1.5,2014-09-24,0459,Aqua,MODIS,46,6.2,307,33,D,0
-17.0966,132.5644,332.3,1,1,2014-09-24,0459,Aqua,MODIS,72,6.2,313.7,13.2,D,0
-17.098,132.5548,334,1,1,2014-09-24,0459,Aqua,MODIS,75,6.2,314.7,14.7,D,0
-17.0875,132.5629,350.1,1,1,2014-09-24,0459,Aqua,MODIS,93,6.2,312,43.9,D,0
-17.0889,132.5533,358.2,1,1,2014-09-24,0459,Aqua,MODIS,98,6.2,315.2,63.1,D,0
-16.5484,136.7758,351.8,1.8,1.3,2014-09-24,0459,Aqua,MODIS,95,6.2,309.9,118.5,D,0
-16.5513,136.759,366.1,1.8,1.3,2014-09-24,0459,Aqua,MODIS,100,6.2,313.1,205.5,D,0
-16.5542,136.7424,343.4,1.8,1.3,2014-09-24,0459,Aqua,MODIS,88,6.2,308.3,77.3,D,0
-16.5367,136.7737,336.1,1.8,1.3,2014-09-24,0459,Aqua,MODIS,58,6.2,313,43.1,D,0
-16.5396,136.7569,338,1.8,1.3,2014-09-24,0459,Aqua,MODIS,68,6.2,313,50.2,D,0
-16.5425,136.7403,329.8,1.8,1.3,2014-09-24,0459,Aqua,MODIS,36,6.2,308.1,22.7,D,0
-16.5308,136.7381,341.7,1.8,1.3,2014-09-24,0459,Aqua,MODIS,83,6.2,310.1,60.2,D,0
-16.563,136.7613,356.1,1.8,1.3,2014-09-24,0459,Aqua,MODIS,97,6.2,305.8,147.6,D,0
-16.5658,136.7447,327.6,1.8,1.3,2014-09-24,0459,Aqua,MODIS,39,6.2,304.1,29.5,D,0
-19.4021,133.3861,415.6,1,1,2014-09-24,0459,Aqua,MODIS,100,6.2,328,358.6,D,0
-19.4036,133.3762,351.8,1,1,2014-09-24,0459,Aqua,MODIS,94,6.2,323.7,40.5,D,0
-19.3915,133.3945,369.2,1,1,2014-09-24,0459,Aqua,MODIS,100,6.2,313.9,98.5,D,0
-19.393,133.3846,432.5,1,1,2014-09-24,0459,Aqua,MODIS,100,6.2,333.6,520.9,D,0
-19.3823,133.3929,354.9,1,1,2014-09-24,0459,Aqua,MODIS,96,6.2,312.8,59.2,D,0
-19.3838,133.383,398.3,1,1,2014-09-24,0459,Aqua,MODIS,100,6.2,324.3,239.4,D,0
-19.3776,133.3616,340.3,1,1,2014-09-24,0459,Aqua,MODIS,47,6.2,316.5,19.5,D,0
-19.3791,133.3517,339.4,1,1,2014-09-24,0459,Aqua,MODIS,39,6.2,321,18.1,D,0
-19.3705,133.3648,355.2,1,1,2014-09-24,0459,Aqua,MODIS,96,6.2,312.9,58.6,D,0
-19.3734,133.345,370.9,1,1,2014-09-24,0459,Aqua,MODIS,100,6.2,324.5,104.6,D,0
-19.3719,133.3549,362.6,1,1,2014-09-24,0459,Aqua,MODIS,100,6.2,321.6,77.7,D,0
-19.3628,133.3533,417.4,1,1,2014-09-24,0459,Aqua,MODIS,100,6.2,327.7,378.3,D,0
-19.3643,133.3434,363.3,1,1,2014-09-24,0459,Aqua,MODIS,100,6.2,321.4,79.3,D,0
-17.7243,138.4672,329.1,2.3,1.5,2014-09-24,0459,Aqua,MODIS,64,6.2,310.4,30.2,D,0
-12.9977,135.6321,332.5,1.7,1.3,2014-09-24,0500,Aqua,MODIS,73,6.2,312.3,23.7,D,0
-12.8459,134.9352,329.8,1.5,1.2,2014-09-24,0500,Aqua,MODIS,34,6.2,310.3,17.2,D,0
-12.8481,134.9212,381.9,1.5,1.2,2014-09-24,0500,Aqua,MODIS,100,6.2,313.6,266.1,D,0
-12.8234,135.7188,326.1,1.7,1.3,2014-09-24,0500,Aqua,MODIS,25,6.2,307,18.6,D,0
-12.87,134.8536,330.7,1.5,1.2,2014-09-24,0500,Aqua,MODIS,63,6.2,308.3,19.3,D,0
-15.2125,134.2602,351.8,1.3,1.1,2014-09-24,0500,Aqua,MODIS,95,6.2,312.3,66.5,D,0
-13.0714,135.8978,332.2,1.8,1.3,2014-09-24,0500,Aqua,MODIS,74,6.2,307.7,41.6,D,0
-15.2113,134.3327,342,1.3,1.1,2014-09-24,0500,Aqua,MODIS,84,6.2,314,35.9,D,0
-12.8733,134.8458,326.9,1.5,1.2,2014-09-24,0500,Aqua,MODIS,48,6.2,310.3,12.8,D,0
-12.8503,134.9073,344.8,1.5,1.2,2014-09-24,0500,Aqua,MODIS,90,6.2,307.6,59.5,D,0
-13.0373,135.9591,327.8,1.8,1.3,2014-09-24,0500,Aqua,MODIS,53,6.2,308.7,28.1,D,0
-16.8093,125.9177,333.1,1.8,1.3,2014-09-24,0500,Aqua,MODIS,66,6.2,317.3,33.9,D,0
-16.6366,130.7742,344.9,1,1,2014-09-24,0500,Aqua,MODIS,44,6.2,319.8,26.4,D,0
-16.6405,130.7459,345.5,1,1,2014-09-24,0500,Aqua,MODIS,55,6.2,320.7,27.4,D,0
-16.6458,130.7082,388.8,1,1,2014-09-24,0500,Aqua,MODIS,100,6.2,325.6,172.5,D,0
-16.6471,130.6988,345.7,1,1,2014-09-24,0500,Aqua,MODIS,86,6.2,319.9,31.5,D,0
-16.6275,130.7728,362.4,1,1,2014-09-24,0500,Aqua,MODIS,99,6.2,320.5,69.7,D,0
-16.6201,130.7661,340.3,1,1,2014-09-24,0500,Aqua,MODIS,71,6.2,317.2,23.9,D,0
-16.6214,130.7566,337.8,1,1,2014-09-24,0500,Aqua,MODIS,67,6.2,317.4,20.1,D,0
-16.687,130.7435,334.3,1,1,2014-09-24,0500,Aqua,MODIS,58,6.2,321.3,7.4,D,0
-16.6676,130.7501,342.5,1,1,2014-09-24,0500,Aqua,MODIS,78,6.2,321.9,19.4,D,0
-16.6808,130.6558,340.5,1,1,2014-09-24,0500,Aqua,MODIS,83,6.2,319.7,23.1,D,0
-16.6533,130.7863,367.3,1,1,2014-09-24,0500,Aqua,MODIS,100,6.2,322.9,78.9,D,0
-16.6546,130.7769,349.8,1,1,2014-09-24,0500,Aqua,MODIS,82,6.2,324.2,32.2,D,0
-16.6586,130.7487,338.1,1,1,2014-09-24,0500,Aqua,MODIS,49,6.2,319.8,12.4,D,0
-16.6548,130.7096,336.9,1,1,2014-09-24,0500,Aqua,MODIS,60,6.2,321.5,15.1,D,0
-16.7456,130.7877,340,1,1,2014-09-24,0500,Aqua,MODIS,82,6.2,320.6,19,D,0
-16.7469,130.7783,337.5,1,1,2014-09-24,0500,Aqua,MODIS,75,6.2,321.4,14.2,D,0
-16.7418,130.7487,355.6,1,1,2014-09-24,0500,Aqua,MODIS,97,6.2,323,49.8,D,0
-16.7328,130.7473,335.3,1,1,2014-09-24,0500,Aqua,MODIS,39,6.2,322.7,10,D,0
-16.6931,130.8308,356.6,1,1,2014-09-24,0500,Aqua,MODIS,91,6.2,318.3,52.5,D,0
-16.6944,130.8214,350.3,1,1,2014-09-24,0500,Aqua,MODIS,65,6.2,322,36.4,D,0
-16.6764,130.8187,360.8,1,1,2014-09-24,0500,Aqua,MODIS,98,6.2,323.4,65.2,D,0
-16.6661,130.8267,356.2,1,1,2014-09-24,0500,Aqua,MODIS,97,6.2,314.8,56.7,D,0
-16.6674,130.8173,421.8,1,1,2014-09-24,0500,Aqua,MODIS,100,6.2,332.7,391.8,D,0
-16.6687,130.8079,371.8,1,1,2014-09-24,0500,Aqua,MODIS,100,6.2,324.7,97.4,D,0
-16.6584,130.8159,374.7,1,1,2014-09-24,0500,Aqua,MODIS,100,6.2,317.6,113.5,D,0
-16.6597,130.8065,354.2,1,1,2014-09-24,0500,Aqua,MODIS,78,6.2,320.7,47.7,D,0
-16.661,130.7971,349.3,1,1,2014-09-24,0500,Aqua,MODIS,58,6.2,324,32.4,D,0
-16.6507,130.8051,370.3,1,1,2014-09-24,0500,Aqua,MODIS,100,6.2,321.2,96.8,D,0
-16.652,130.7957,373.3,1,1,2014-09-24,0500,Aqua,MODIS,100,6.2,327.2,103.1,D,0
-16.6416,130.8037,345.2,1,1,2014-09-24,0500,Aqua,MODIS,87,6.2,313.6,34.1,D,0
-16.643,130.7943,357.5,1,1,2014-09-24,0500,Aqua,MODIS,91,6.2,319.5,58.8,D,0
-15.1358,134.3634,344.8,1.3,1.1,2014-09-24,0500,Aqua,MODIS,89,6.2,314.6,40.8,D,0
-13.0654,135.5707,341.2,1.7,1.3,2014-09-24,0500,Aqua,MODIS,86,6.2,309.6,58.2,D,0
-12.8832,134.991,325.9,1.5,1.2,2014-09-24,0500,Aqua,MODIS,47,6.2,309.7,13.5,D,0
-13.0628,135.5864,351.9,1.7,1.3,2014-09-24,0500,Aqua,MODIS,95,6.2,312.1,102,D,0
-12.8689,135.7173,330.3,1.7,1.3,2014-09-24,0500,Aqua,MODIS,35,6.2,311.3,24.7,D,0
-13.0603,135.6019,335.7,1.7,1.3,2014-09-24,0500,Aqua,MODIS,68,6.2,312.4,39.1,D,0
-12.9095,135.3289,331.4,1.6,1.3,2014-09-24,0500,Aqua,MODIS,74,6.2,311.1,26.6,D,0
-13.0421,135.5757,335,1.7,1.3,2014-09-24,0500,Aqua,MODIS,74,6.2,314.2,31.6,D,0
-13.0447,135.5598,338.9,1.7,1.3,2014-09-24,0500,Aqua,MODIS,82,6.2,312.8,46.9,D,0
-13.0682,135.8861,328.5,1.8,1.3,2014-09-24,0500,Aqua,MODIS,58,6.2,306.8,30.4,D,0
-15.2251,134.3108,333.9,1.3,1.1,2014-09-24,0500,Aqua,MODIS,64,6.2,309.6,18,D,0
-15.2389,134.2888,330.6,1.3,1.1,2014-09-24,0500,Aqua,MODIS,55,6.2,309.1,16.7,D,0
-13.0654,135.9024,338.8,1.8,1.3,2014-09-24,0500,Aqua,MODIS,83,6.2,310.1,63.5,D,0
-13.0426,135.5666,347.7,1.7,1.3,2014-09-24,0500,Aqua,MODIS,92,6.2,314.3,82.1,D,0
-15.2232,134.3226,343.9,1.3,1.1,2014-09-24,0500,Aqua,MODIS,88,6.2,307.3,40.4,D,0
-12.8678,134.8675,343.6,1.5,1.2,2014-09-24,0500,Aqua,MODIS,89,6.2,309.6,56.1,D,0
-12.8808,134.8554,336.6,1.5,1.2,2014-09-24,0500,Aqua,MODIS,82,6.2,308.8,35.9,D,0
-13.4804,135.1509,327.3,1.5,1.2,2014-09-24,0500,Aqua,MODIS,49,6.2,312.2,12.9,D,0
-13.4781,135.1648,326.9,1.6,1.2,2014-09-24,0500,Aqua,MODIS,49,6.2,311.6,11.7,D,0
-12.8787,134.8694,349,1.5,1.2,2014-09-24,0500,Aqua,MODIS,93,6.2,311.4,78.6,D,0
-13.0835,130.7399,338.3,1,1,2014-09-24,0500,Aqua,MODIS,74,6.2,306.7,25.7,D,0
-12.8656,134.8815,330.7,1.5,1.2,2014-09-24,0500,Aqua,MODIS,58,6.2,310.4,20.4,D,0
-12.871,134.8597,345.8,1.5,1.2,2014-09-24,0500,Aqua,MODIS,90,6.2,308.5,65.3,D,0
-13.4766,135.158,329.4,1.6,1.2,2014-09-24,0500,Aqua,MODIS,58,6.2,311.7,16.4,D,0
-12.8687,134.8736,343.2,1.5,1.2,2014-09-24,0500,Aqua,MODIS,88,6.2,310.8,57.5,D,0
-12.8596,134.929,330.2,1.5,1.2,2014-09-24,0500,Aqua,MODIS,72,6.2,309.4,22.8,D,0
-12.8796,134.8754,337.8,1.5,1.2,2014-09-24,0500,Aqua,MODIS,83,6.2,311.6,41.3,D,0
-12.8819,134.8615,348.7,1.5,1.2,2014-09-24,0500,Aqua,MODIS,93,6.2,308.9,76.4,D,0
-12.8765,134.8832,328.8,1.5,1.2,2014-09-24,0500,Aqua,MODIS,70,6.2,311.2,19.1,D,0
-13.1299,130.672,351.1,1,1,2014-09-24,0500,Aqua,MODIS,94,6.2,311.6,48.6,D,0
-12.859,134.923,338.9,1.5,1.2,2014-09-24,0500,Aqua,MODIS,85,6.2,310.1,45.4,D,0
-13.0597,135.8958,342.2,1.8,1.3,2014-09-24,0500,Aqua,MODIS,87,6.2,309.2,78.6,D,0
-17.1292,127.5885,332.8,1.4,1.2,2014-09-24,0500,Aqua,MODIS,35,6.2,316.5,17.4,D,0
-17.4103,125.4359,337.7,2,1.4,2014-09-24,0500,Aqua,MODIS,79,6.2,313.8,63,D,0
-16.4766,127.9083,347.2,1.3,1.1,2014-09-24,0500,Aqua,MODIS,90,6.2,317.8,56.4,D,0
-17.1276,127.6016,334.6,1.4,1.2,2014-09-24,0500,Aqua,MODIS,61,6.2,317.3,21.8,D,0
-17.2331,127.535,332,1.4,1.2,2014-09-24,0500,Aqua,MODIS,40,6.2,317.1,16.5,D,0
-17.2346,127.522,334.1,1.4,1.2,2014-09-24,0500,Aqua,MODIS,57,6.2,316.9,21,D,0
-17.1728,127.372,338.9,1.4,1.2,2014-09-24,0500,Aqua,MODIS,62,6.2,318.8,32.6,D,0
-17.1744,127.3585,344,1.4,1.2,2014-09-24,0500,Aqua,MODIS,88,6.2,319,49.8,D,0
-17.1686,127.3647,337,1.4,1.2,2014-09-24,0500,Aqua,MODIS,37,6.2,317.7,28.5,D,0
-17.6445,123.237,407.8,2.9,1.6,2014-09-24,0500,Aqua,MODIS,100,6.2,325.2,1359.4,D,0
-17.6297,123.2353,372.8,2.9,1.6,2014-09-24,0500,Aqua,MODIS,100,6.2,316.4,515.7,D,0
-17.1655,127.5203,358.3,1.4,1.2,2014-09-24,0500,Aqua,MODIS,98,6.2,313,105.2,D,0
-17.1671,127.507,338,1.4,1.2,2014-09-24,0500,Aqua,MODIS,73,6.2,311.7,36.5,D,0
-17.6409,123.2573,350.3,2.9,1.6,2014-09-24,0500,Aqua,MODIS,92,6.2,318.5,198.7,D,0
-17.6439,123.2298,413.8,2.9,1.6,2014-09-24,0500,Aqua,MODIS,100,6.2,326.7,1564.6,D,0
-17.6291,123.2281,380.3,2.9,1.6,2014-09-24,0500,Aqua,MODIS,100,6.2,316.1,654.9,D,0
-15.4437,130.1026,331.4,1,1,2014-09-24,0500,Aqua,MODIS,51,6.2,315.8,13.2,D,0
-16.3625,127.8566,337.2,1.3,1.1,2014-09-24,0500,Aqua,MODIS,46,6.2,315.9,26,D,0
-16.372,127.8522,339.6,1.3,1.1,2014-09-24,0500,Aqua,MODIS,63,6.2,314.9,34.7,D,0
-16.3924,127.8549,330.2,1.3,1.1,2014-09-24,0500,Aqua,MODIS,42,6.2,313.4,17.1,D,0
-17.1237,127.548,332.4,1.4,1.2,2014-09-24,0500,Aqua,MODIS,34,6.2,313.1,24.1,D,0
-16.3909,127.8669,338,1.3,1.1,2014-09-24,0500,Aqua,MODIS,77,6.2,317,31.9,D,0
-16.3156,127.8986,331.9,1.3,1.1,2014-09-24,0500,Aqua,MODIS,39,6.2,316.8,14.6,D,0
-16.3201,127.863,339,1.3,1.1,2014-09-24,0500,Aqua,MODIS,52,6.2,316.6,31,D,0
-15.8594,130.6196,395.4,1,1,2014-09-24,0500,Aqua,MODIS,100,6.2,321.7,206.9,D,0
-15.8684,130.621,356.3,1,1,2014-09-24,0500,Aqua,MODIS,97,6.2,320,54.5,D,0
-15.8865,130.6237,349.5,1,1,2014-09-24,0500,Aqua,MODIS,88,6.2,322.3,36,D,0
-15.8955,130.6251,358.8,1,1,2014-09-24,0500,Aqua,MODIS,99,6.2,322.2,58.7,D,0
-15.9045,130.6265,341.9,1,1,2014-09-24,0500,Aqua,MODIS,73,6.2,319.3,22,D,0
-17.1883,127.5099,334.3,1.4,1.2,2014-09-24,0500,Aqua,MODIS,37,6.2,310.9,20.9,D,0
-17.1639,127.5336,355.8,1.4,1.2,2014-09-24,0500,Aqua,MODIS,97,6.2,314.3,92.4,D,0
-15.1301,133.1465,332.8,1.1,1.1,2014-09-24,0500,Aqua,MODIS,38,6.2,314.2,12.5,D,0
-14.3135,132.4563,332.9,1.1,1,2014-09-24,0500,Aqua,MODIS,71,6.2,310.1,16.4,D,0
-17.4054,125.4478,331.2,2,1.4,2014-09-24,0500,Aqua,MODIS,46,6.2,315.3,34.8,D,0
-13.5848,135.2776,342.6,1.6,1.2,2014-09-24,0500,Aqua,MODIS,86,6.2,310.5,55.1,D,0
-13.5872,135.2632,340.3,1.6,1.2,2014-09-24,0500,Aqua,MODIS,84,6.2,309,46.8,D,0
-13.6029,135.2364,328,1.6,1.2,2014-09-24,0500,Aqua,MODIS,49,6.2,309.6,19.5,D,0
-14.3076,132.4957,332.5,1.1,1,2014-09-24,0500,Aqua,MODIS,66,6.2,305.7,17.6,D,0
-14.2861,132.5123,335.8,1.1,1,2014-09-24,0500,Aqua,MODIS,59,6.2,304.2,24.4,D,0
-14.2876,132.5024,347.3,1.1,1,2014-09-24,0500,Aqua,MODIS,89,6.2,305.8,44.4,D,0
-14.2799,132.491,335.6,1.1,1,2014-09-24,0500,Aqua,MODIS,75,6.2,309.3,20.2,D,0
-14.0544,131.2761,341.2,1,1,2014-09-24,0500,Aqua,MODIS,84,6.2,318.2,22.6,D,0
-14.2056,134.3536,351.6,1.3,1.1,2014-09-24,0500,Aqua,MODIS,94,6.2,307.8,72.2,D,0
-14.8437,141.7097,317.5,4.5,2,2014-09-24,0500,Aqua,MODIS,31,6.2,294.1,59.5,D,0
-14.853,141.6767,324.6,4.5,1.9,2014-09-24,0500,Aqua,MODIS,53,6.2,297.5,109,D,0
-13.6102,135.1214,330.4,1.5,1.2,2014-09-24,0500,Aqua,MODIS,53,6.2,310.9,21.7,D,0
-13.6139,135.2384,333.2,1.6,1.2,2014-09-24,0500,Aqua,MODIS,72,6.2,310.5,31.4,D,0
-14.2383,134.3465,370.4,1.3,1.1,2014-09-24,0500,Aqua,MODIS,100,6.2,307.8,154.6,D,0
-14.0698,132.536,352,1.1,1,2014-09-24,0500,Aqua,MODIS,89,6.2,301.8,56.8,D,0
-14.2364,134.3587,354.3,1.3,1.1,2014-09-24,0500,Aqua,MODIS,96,6.2,309.9,78.9,D,0
-14.2345,134.3711,369.1,1.3,1.1,2014-09-24,0500,Aqua,MODIS,100,6.2,313.6,141.3,D,0
-13.5993,135.1195,335.8,1.5,1.2,2014-09-24,0500,Aqua,MODIS,72,6.2,313,33.3,D,0
-14.0683,132.546,364.1,1.1,1,2014-09-24,0500,Aqua,MODIS,100,6.2,302.6,93.1,D,0
-14.0854,132.5589,344.3,1.1,1,2014-09-24,0500,Aqua,MODIS,88,6.2,304.6,43,D,0
-14.0557,131.2669,336.6,1,1,2014-09-24,0500,Aqua,MODIS,75,6.2,318.3,15.7,D,0
-14.107,132.5421,328.3,1.1,1,2014-09-24,0500,Aqua,MODIS,11,6.2,302.9,11.4,D,0
-14.1427,132.558,353.3,1.1,1,2014-09-24,0500,Aqua,MODIS,95,6.2,303.2,62.7,D,0
-14.2178,134.343,359.3,1.3,1.1,2014-09-24,0500,Aqua,MODIS,99,6.2,305.3,101.6,D,0
-14.2281,134.3447,364.2,1.3,1.1,2014-09-24,0500,Aqua,MODIS,100,6.2,307.5,123.5,D,0
-14.2261,134.357,351.3,1.3,1.1,2014-09-24,0500,Aqua,MODIS,94,6.2,310.6,71.3,D,0
-13.5935,135.2939,396.4,1.6,1.2,2014-09-24,0500,Aqua,MODIS,100,6.2,318.5,415.5,D,0
-14.0247,133.8057,337,1.2,1.1,2014-09-24,0500,Aqua,MODIS,52,6.2,310.4,29.2,D,0
-14.2159,134.3554,363.1,1.3,1.1,2014-09-24,0500,Aqua,MODIS,100,6.2,310.1,117.4,D,0
-14.0264,133.7943,332.1,1.2,1.1,2014-09-24,0500,Aqua,MODIS,37,6.2,306.6,20.9,D,0
-14.0364,133.7961,334.8,1.2,1.1,2014-09-24,0500,Aqua,MODIS,45,6.2,308.6,27.5,D,0
-13.5959,135.2795,353.4,1.6,1.2,2014-09-24,0500,Aqua,MODIS,95,6.2,314,100.8,D,0
-13.5982,135.2651,347.3,1.6,1.2,2014-09-24,0500,Aqua,MODIS,91,6.2,311.2,74.8,D,0
-13.5912,135.3084,372.4,1.6,1.2,2014-09-24,0500,Aqua,MODIS,100,6.2,316,206,D,0
-14.8517,141.6686,321.5,4.5,1.9,2014-09-24,0500,Aqua,MODIS,69,6.2,297.5,97.1,D,0
-14.003,133.8138,342.8,1.2,1.1,2014-09-24,0500,Aqua,MODIS,86,6.2,311.6,40.5,D,0
-14.1457,132.5381,353.5,1.1,1,2014-09-24,0500,Aqua,MODIS,95,6.2,301.2,60.9,D,0
-14.2012,134.3149,339.2,1.3,1.1,2014-09-24,0500,Aqua,MODIS,83,6.2,303.8,40.7,D,0
-14.1954,134.3518,340.7,1.3,1.1,2014-09-24,0500,Aqua,MODIS,84,6.2,305.5,42.4,D,0
-13.9301,133.7609,328.3,1.2,1.1,2014-09-24,0500,Aqua,MODIS,42,6.2,308.8,12.7,D,0
-14.1934,134.3642,339.2,1.3,1.1,2014-09-24,0500,Aqua,MODIS,84,6.2,310,38.3,D,0
-14.2075,134.3413,358.5,1.3,1.1,2014-09-24,0500,Aqua,MODIS,99,6.2,304.8,96.8,D,0
-14.3424,134.4531,334.2,1.3,1.1,2014-09-24,0500,Aqua,MODIS,69,6.2,309.5,24.1,D,0
-14.9869,134.92,365.4,1.4,1.2,2014-09-24,0500,Aqua,MODIS,100,6.2,308.2,145,D,0
-14.9816,134.9257,394.8,1.4,1.2,2014-09-24,0500,Aqua,MODIS,100,6.2,310.7,348.7,D,0
-12.4899,135.7091,331.6,1.8,1.3,2014-09-24,0500,Aqua,MODIS,62,6.2,306.6,32.1,D,0
-14.1775,141.6582,317.8,4.6,2,2014-09-24,0500,Aqua,MODIS,44,6.2,294.9,77.5,D,0
-14.9555,134.9817,344.5,1.4,1.2,2014-09-24,0500,Aqua,MODIS,89,6.2,309.9,53.9,D,0
-14.9723,134.9443,332,1.4,1.2,2014-09-24,0500,Aqua,MODIS,73,6.2,308,23.5,D,0
-14.2424,134.3655,358.4,1.3,1.1,2014-09-24,0500,Aqua,MODIS,99,6.2,312.8,93.3,D,0
-14.9659,134.9164,334.8,1.4,1.2,2014-09-24,0500,Aqua,MODIS,78,6.2,306.6,38.4,D,0
-14.9343,134.9781,327.8,1.4,1.2,2014-09-24,0500,Aqua,MODIS,29,6.2,306.8,15.5,D,0
-14.3794,134.2218,328,1.3,1.1,2014-09-24,0500,Aqua,MODIS,61,6.2,309,15.4,D,0
-14.9764,134.9182,361.2,1.4,1.2,2014-09-24,0500,Aqua,MODIS,100,6.2,304.8,127.9,D,0
-14.2404,134.3779,359.9,1.3,1.1,2014-09-24,0500,Aqua,MODIS,99,6.2,314.9,96.9,D,0
-14.4061,134.2509,325.2,1.3,1.1,2014-09-24,0500,Aqua,MODIS,36,6.2,308,10.6,D,0
-14.3814,134.2097,326.4,1.3,1.1,2014-09-24,0500,Aqua,MODIS,44,6.2,308.6,12.9,D,0
-14.9638,134.9294,374.1,1.4,1.2,2014-09-24,0500,Aqua,MODIS,100,6.2,312.5,193.3,D,0
-14.9512,134.9406,342.2,1.4,1.2,2014-09-24,0500,Aqua,MODIS,87,6.2,311.7,53.9,D,0
-14.2922,134.4502,333.7,1.3,1.2,2014-09-24,0500,Aqua,MODIS,46,6.2,311.5,21.4,D,0
-14.351,134.5314,337.3,1.4,1.2,2014-09-24,0500,Aqua,MODIS,81,6.2,311.4,30.6,D,0
-15.1429,134.4509,336.4,1.3,1.1,2014-09-24,0500,Aqua,MODIS,73,6.2,308.7,27.6,D,0
-14.2464,134.3409,353.5,1.3,1.1,2014-09-24,0500,Aqua,MODIS,96,6.2,306,82.8,D,0
-14.9533,134.9276,347.8,1.4,1.2,2014-09-24,0500,Aqua,MODIS,91,6.2,309.2,74.1,D,0
-15.1225,134.4476,333.1,1.3,1.1,2014-09-24,0500,Aqua,MODIS,35,6.2,314.6,17,D,0
-14.8443,135.0381,337.8,1.4,1.2,2014-09-24,0500,Aqua,MODIS,81,6.2,313.5,37,D,0
-14.9279,135.0175,332.5,1.4,1.2,2014-09-24,0500,Aqua,MODIS,67,6.2,312.8,22.1,D,0
-14.8464,135.0249,331.6,1.4,1.2,2014-09-24,0500,Aqua,MODIS,64,6.2,311.5,21.6,D,0
-14.9617,134.9424,335.8,1.4,1.2,2014-09-24,0500,Aqua,MODIS,64,6.2,311.4,34.1,D,0
-15.1496,134.4578,325.8,1.3,1.1,2014-09-24,0500,Aqua,MODIS,48,6.2,306.5,9.9,D,0
-15.1308,134.4615,335,1.3,1.1,2014-09-24,0500,Aqua,MODIS,60,6.2,310.3,22.1,D,0
-15.1206,134.4598,335.9,1.3,1.1,2014-09-24,0500,Aqua,MODIS,67,6.2,311.5,22.2,D,0
-14.8422,135.0512,336.6,1.4,1.2,2014-09-24,0500,Aqua,MODIS,78,6.2,312.3,34.3,D,0
-14.9743,134.9312,369.4,1.4,1.2,2014-09-24,0500,Aqua,MODIS,100,6.2,309.1,165.9,D,0
-14.2486,134.3481,345.8,1.3,1.1,2014-09-24,0500,Aqua,MODIS,90,6.2,308.3,57.3,D,0
-14.9795,134.9387,341.6,1.4,1.2,2014-09-24,0500,Aqua,MODIS,73,6.2,307.6,52.8,D,0
-14.9838,134.9127,347.5,1.4,1.2,2014-09-24,0500,Aqua,MODIS,91,6.2,302.3,76.3,D,0
-14.9596,134.9555,334.4,1.4,1.2,2014-09-24,0500,Aqua,MODIS,72,6.2,308,29.5,D,0
-14.9849,134.933,353.4,1.4,1.2,2014-09-24,0500,Aqua,MODIS,95,6.2,307.9,89.5,D,0
-14.9385,135.0193,336.7,1.4,1.2,2014-09-24,0500,Aqua,MODIS,66,6.2,314.3,30.6,D,0
-15.2143,134.2485,367.9,1.3,1.1,2014-09-24,0500,Aqua,MODIS,100,6.2,311.7,129.3,D,0
-14.9491,134.9537,337,1.4,1.2,2014-09-24,0500,Aqua,MODIS,77,6.2,309.1,37.8,D,0
-14.2444,134.3532,382.1,1.3,1.1,2014-09-24,0500,Aqua,MODIS,100,6.2,312.4,221.7,D,0
-17.6321,123.2004,346.2,3,1.6,2014-09-24,0500,Aqua,MODIS,86,6.2,309,177,D,0
-17.6325,123.2076,369.5,3,1.6,2014-09-24,0500,Aqua,MODIS,100,6.2,311.8,468.5,D,0
-16.5955,124.2552,331.7,2.4,1.5,2014-09-24,0500,Aqua,MODIS,72,6.2,317.3,36.8,D,0
-16.4944,124.3508,336.2,2.3,1.5,2014-09-24,0500,Aqua,MODIS,67,6.2,310.4,83.3,D,0
-16.4812,124.348,351.8,2.3,1.5,2014-09-24,0500,Aqua,MODIS,94,6.2,311.4,187.7,D,0
-16.468,124.3458,327.5,2.3,1.5,2014-09-24,0500,Aqua,MODIS,54,6.2,304.9,55,D,0
-16.2554,128.0484,327.8,1.3,1.1,2014-09-24,0500,Aqua,MODIS,37,6.2,316.1,10.6,D,0
-14.4372,130.0105,346.8,1,1,2014-09-24,0500,Aqua,MODIS,90,6.2,315.8,34.3,D,0
-15.7254,127.5894,343.9,1.3,1.1,2014-09-24,0500,Aqua,MODIS,87,6.2,312.2,49.4,D,0
-15.7357,127.5909,333.5,1.3,1.1,2014-09-24,0500,Aqua,MODIS,15,6.2,313.2,19.2,D,0
-15.7341,127.6032,351.1,1.3,1.1,2014-09-24,0500,Aqua,MODIS,93,6.2,313.3,68.5,D,0
-17.6473,123.2093,360.3,3,1.6,2014-09-24,0500,Aqua,MODIS,100,6.2,318.6,326.9,D,0
-15.7683,127.6378,337.6,1.3,1.1,2014-09-24,0500,Aqua,MODIS,70,6.2,316.4,25.1,D,0
-15.7167,127.5756,383,1.3,1.1,2014-09-24,0500,Aqua,MODIS,100,6.2,315.6,233.1,D,0
-15.7182,127.5631,422,1.3,1.1,2014-09-24,0500,Aqua,MODIS,100,6.2,324.9,611.1,D,0
-15.7199,127.5504,361.3,1.3,1.1,2014-09-24,0500,Aqua,MODIS,100,6.2,311.4,119,D,0
-15.7064,127.574,337,1.3,1.1,2014-09-24,0500,Aqua,MODIS,79,6.2,307.8,40.3,D,0
-14.6187,126.4836,334.4,1.5,1.2,2014-09-24,0500,Aqua,MODIS,42,6.2,318.5,19,D,0
-14.6077,126.4821,339.6,1.5,1.2,2014-09-24,0500,Aqua,MODIS,64,6.2,319,35,D,0
-17.1971,127.5247,340,1.4,1.2,2014-09-24,0500,Aqua,MODIS,78,6.2,314.2,35.9,D,0
-17.1988,127.5113,351.1,1.4,1.2,2014-09-24,0500,Aqua,MODIS,94,6.2,314.8,69.8,D,0
-17.2038,127.4716,331.2,1.4,1.2,2014-09-24,0500,Aqua,MODIS,31,6.2,317.9,14.2,D,0
-17.1528,127.404,347.4,1.4,1.2,2014-09-24,0500,Aqua,MODIS,91,6.2,316.1,58.5,D,0
-17.101,127.5582,342.2,1.4,1.2,2014-09-24,0500,Aqua,MODIS,82,6.2,314.4,49,D,0
-15.7079,127.5618,337.7,1.3,1.1,2014-09-24,0500,Aqua,MODIS,80,6.2,306.1,42.7,D,0
-15.8284,127.6583,347,1.3,1.1,2014-09-24,0500,Aqua,MODIS,90,6.2,322.2,47,D,0
-15.796,127.6666,337.9,1.3,1.1,2014-09-24,0500,Aqua,MODIS,34,6.2,319.5,22.8,D,0
-15.7302,127.5515,370.2,1.3,1.1,2014-09-24,0500,Aqua,MODIS,100,6.2,314.1,157,D,0
-15.7406,127.5527,359.9,1.3,1.1,2014-09-24,0500,Aqua,MODIS,99,6.2,312.3,104.4,D,0
-15.7286,127.5642,347.8,1.3,1.1,2014-09-24,0500,Aqua,MODIS,91,6.2,312.4,63.9,D,0
-15.727,127.577,340.8,1.3,1.1,2014-09-24,0500,Aqua,MODIS,70,6.2,312.4,41.2,D,0
-15.739,127.5653,348.9,1.3,1.1,2014-09-24,0500,Aqua,MODIS,92,6.2,311.9,62.4,D,0
-17.6564,123.2661,337.2,2.9,1.6,2014-09-24,0500,Aqua,MODIS,80,6.2,318.5,92.4,D,0
-17.6592,123.2385,343.4,2.9,1.6,2014-09-24,0500,Aqua,MODIS,87,6.2,317,140.5,D,0
-17.6556,123.2589,340.3,2.9,1.6,2014-09-24,0500,Aqua,MODIS,62,6.2,318,106.1,D,0
-17.6586,123.2314,336.5,2.9,1.6,2014-09-24,0500,Aqua,MODIS,33,6.2,317.1,75.9,D,0
-15.7509,127.5542,358.4,1.3,1.1,2014-09-24,0500,Aqua,MODIS,99,6.2,312.9,97.6,D,0
-15.7493,127.5667,363.3,1.3,1.1,2014-09-24,0500,Aqua,MODIS,100,6.2,314.8,116.4,D,0
-15.7596,127.5681,331.6,1.3,1.1,2014-09-24,0500,Aqua,MODIS,47,6.2,313,18.3,D,0
-16.4969,124.329,335.2,2.3,1.5,2014-09-24,0500,Aqua,MODIS,71,6.2,311.4,77.6,D,0
-17.0905,127.5566,332.6,1.4,1.2,2014-09-24,0500,Aqua,MODIS,63,6.2,311.9,27.6,D,0
-14.4385,130.0011,334.8,1,1,2014-09-24,0500,Aqua,MODIS,62,6.2,315.1,13.6,D,0
-16.5203,124.2429,325.1,2.4,1.5,2014-09-24,0500,Aqua,MODIS,39,6.2,312.9,27.3,D,0
-16.4836,124.3265,349.5,2.3,1.5,2014-09-24,0500,Aqua,MODIS,93,6.2,312.4,169.8,D,0
-15.8094,127.6432,350.1,1.3,1.1,2014-09-24,0500,Aqua,MODIS,93,6.2,320.8,52.5,D,0
-15.811,127.6308,339.4,1.3,1.1,2014-09-24,0500,Aqua,MODIS,75,6.2,318,26.7,D,0
-14.4359,130.0199,336.8,1,1,2014-09-24,0500,Aqua,MODIS,57,6.2,315.3,16.7,D,0
-15.8038,127.6055,363.3,1.3,1.1,2014-09-24,0500,Aqua,MODIS,100,6.2,320.7,115.6,D,0
-15.7848,127.5901,357.2,1.3,1.1,2014-09-24,0500,Aqua,MODIS,98,6.2,314.3,88.7,D,0
-15.7832,127.6025,340.9,1.3,1.1,2014-09-24,0500,Aqua,MODIS,80,6.2,316.9,33.5,D,0
-15.7817,127.6148,345.3,1.3,1.1,2014-09-24,0500,Aqua,MODIS,88,6.2,319,42.4,D,0
-15.7951,127.5916,348.9,1.3,1.1,2014-09-24,0500,Aqua,MODIS,92,6.2,313.4,60.9,D,0
-16.4704,124.3241,344.8,2.3,1.5,2014-09-24,0500,Aqua,MODIS,67,6.2,306.2,143,D,0
-15.7935,127.604,355.7,1.3,1.1,2014-09-24,0500,Aqua,MODIS,97,6.2,318,81.5,D,0
-15.8054,127.5932,346.7,1.3,1.1,2014-09-24,0500,Aqua,MODIS,90,6.2,316,56.8,D,0
-16.2673,127.9531,333.9,1.3,1.1,2014-09-24,0500,Aqua,MODIS,73,6.2,319.9,18.2,D,0
-15.8492,127.6429,332.4,1.3,1.1,2014-09-24,0500,Aqua,MODIS,38,6.2,319.5,16.6,D,0
-16.2597,127.9465,344.7,1.3,1.1,2014-09-24,0500,Aqua,MODIS,88,6.2,319.1,43.4,D,0
-16.2394,127.9437,331.9,1.3,1.1,2014-09-24,0500,Aqua,MODIS,60,6.2,316.5,17.9,D,0
-17.0856,127.5958,340.2,1.4,1.2,2014-09-24,0500,Aqua,MODIS,69,6.2,315.6,39.9,D,0
-17.0945,127.61,335.3,1.4,1.2,2014-09-24,0500,Aqua,MODIS,38,6.2,315.7,24.8,D,0
-16.3312,127.9376,336,1.3,1.1,2014-09-24,0500,Aqua,MODIS,62,6.2,317.8,23.7,D,0
-12.3732,132.9763,367.4,1.2,1.1,2014-09-24,0501,Aqua,MODIS,100,6.2,309.4,116.6,D,0
-12.2129,135.4415,337.7,1.7,1.3,2014-09-24,0501,Aqua,MODIS,83,6.2,300.2,60.7,D,0
-12.2093,135.5375,322.3,1.7,1.3,2014-09-24,0501,Aqua,MODIS,35,6.2,295.9,24.8,D,0
-12.2891,135.1035,322,1.6,1.2,2014-09-24,0501,Aqua,MODIS,28,6.2,304.9,14.7,D,0
-11.2337,132.3112,328.6,1.1,1.1,2014-09-24,0501,Aqua,MODIS,50,6.2,306.9,12.6,D,0
-12.2966,133.8541,326.9,1.3,1.1,2014-09-24,0501,Aqua,MODIS,31,6.2,308.1,10.2,D,0
-12.2072,135.5264,326.9,1.7,1.3,2014-09-24,0501,Aqua,MODIS,54,6.2,298.6,32.3,D,0
-12.3716,132.987,339.1,1.2,1.1,2014-09-24,0501,Aqua,MODIS,84,6.2,306.6,31.5,D,0
-12.3151,132.3381,333.5,1.1,1,2014-09-24,0501,Aqua,MODIS,78,6.2,306.7,18.8,D,0
-12.3245,132.3396,328.1,1.1,1,2014-09-24,0501,Aqua,MODIS,60,6.2,304.6,11.1,D,0
-11.4342,132.5515,327.9,1.1,1.1,2014-09-24,0501,Aqua,MODIS,52,6.2,309.1,12.4,D,0
-11.4358,132.5411,334.5,1.1,1.1,2014-09-24,0501,Aqua,MODIS,60,6.2,308.7,24.7,D,0
-12.2153,135.426,323,1.7,1.3,2014-09-24,0501,Aqua,MODIS,25,6.2,299.6,19.8,D,0
-11.2417,132.323,328.6,1.1,1.1,2014-09-24,0501,Aqua,MODIS,50,6.2,307.6,12,D,0
-12.2229,135.4328,334.7,1.7,1.3,2014-09-24,0501,Aqua,MODIS,80,6.2,297.9,49.9,D,0
-12.1605,133.8815,335.8,1.3,1.1,2014-09-24,0501,Aqua,MODIS,80,6.2,313.8,22.5,D,0
-12.1586,133.8938,330.7,1.3,1.1,2014-09-24,0501,Aqua,MODIS,47,6.2,312.6,11.6,D,0
-12.0933,134.3097,329.9,1.4,1.2,2014-09-24,0501,Aqua,MODIS,71,6.2,309.4,20.7,D,0
-12.2176,134.1789,341.7,1.4,1.2,2014-09-24,0501,Aqua,MODIS,82,6.2,310.2,47.1,D,0
-12.5743,132.6753,334.4,1.1,1.1,2014-09-24,0501,Aqua,MODIS,68,6.2,304.4,23.1,D,0
-12.0229,134.6833,330.9,1.5,1.2,2014-09-24,0501,Aqua,MODIS,64,6.2,311.6,21.4,D,0
-11.5167,131.2613,334.6,1,1,2014-09-24,0501,Aqua,MODIS,73,6.2,303.3,19.6,D,0
-12.374,134.5847,331.6,1.5,1.2,2014-09-24,0501,Aqua,MODIS,76,6.2,309.5,23.9,D,0
-12.3698,134.5922,342.3,1.5,1.2,2014-09-24,0501,Aqua,MODIS,88,6.2,310.5,53.7,D,0
-12.0874,134.4165,328.6,1.5,1.2,2014-09-24,0501,Aqua,MODIS,59,6.2,307.2,25.6,D,0
-11.518,131.2519,344.1,1,1,2014-09-24,0501,Aqua,MODIS,90,6.2,305.8,36.7,D,0
-11.764,130.1217,325.5,1,1,2014-09-24,0501,Aqua,MODIS,63,6.2,307,10.7,D,0
-11.7458,130.1227,329.1,1,1,2014-09-24,0501,Aqua,MODIS,34,6.2,304.7,15.9,D,0
-11.7627,130.1308,326.5,1,1,2014-09-24,0501,Aqua,MODIS,63,6.2,305.6,12.1,D,0
-12.556,130.9473,329.5,1,1,2014-09-24,0501,Aqua,MODIS,48,6.2,303.5,14.6,D,0
-12.3718,134.5981,346.2,1.5,1.2,2014-09-24,0501,Aqua,MODIS,91,6.2,311.9,66.1,D,0
-12.2078,135.4727,325,1.7,1.3,2014-09-24,0501,Aqua,MODIS,61,6.2,298.6,24.9,D,0
-12.7466,130.8421,347.3,1,1,2014-09-24,0501,Aqua,MODIS,87,6.2,307.1,40,D,0
-22.691,117.8759,326.3,3.5,1.8,2014-09-24,0636,Aqua,MODIS,45,6.2,309.8,63.5,D,0
-22.683,117.8118,347.7,3.5,1.8,2014-09-24,0636,Aqua,MODIS,92,6.2,306.7,272.9,D,0
-22.6762,117.8441,352.1,3.5,1.8,2014-09-24,0636,Aqua,MODIS,95,6.2,311.3,329.3,D,0
-22.6689,117.8781,328.5,3.5,1.8,2014-09-24,0636,Aqua,MODIS,36,6.2,311.1,76.1,D,0
-22.7105,117.9944,336.5,3.6,1.8,2014-09-24,0636,Aqua,MODIS,81,6.2,310.6,146.8,D,0
-22.7174,117.9616,331.9,3.6,1.8,2014-09-24,0636,Aqua,MODIS,72,6.2,308,105.6,D,0
-22.6667,117.8343,335.2,3.5,1.8,2014-09-24,0636,Aqua,MODIS,80,6.2,307.8,141.1,D,0
-22.6889,117.806,337.8,3.5,1.8,2014-09-24,0636,Aqua,MODIS,83,6.2,305.9,169.3,D,0
-22.6477,118.0552,324.9,3.6,1.8,2014-09-24,0636,Aqua,MODIS,47,6.2,311.4,54.7,D,0
-22.6635,118.0591,324.5,3.6,1.8,2014-09-24,0636,Aqua,MODIS,33,6.2,311.7,48.3,D,0
-22.692,117.8468,344.8,3.5,1.8,2014-09-24,0636,Aqua,MODIS,89,6.2,309,238.1,D,0
-22.6552,118.0498,328.6,3.6,1.8,2014-09-24,0636,Aqua,MODIS,68,6.2,311.4,80.9,D,0
-22.6823,117.8382,361,3.5,1.8,2014-09-24,0636,Aqua,MODIS,100,6.2,312.2,465.2,D,0
-22.7091,118.0384,326.3,3.6,1.8,2014-09-24,0636,Aqua,MODIS,42,6.2,311.3,62.3,D,0
-22.7167,118.003,334.3,3.6,1.8,2014-09-24,0636,Aqua,MODIS,78,6.2,310.2,130.2,D,0
-22.6754,117.8717,332.3,3.5,1.8,2014-09-24,0636,Aqua,MODIS,57,6.2,311.9,106.2,D,0
-22.724,117.9693,336.3,3.6,1.8,2014-09-24,0636,Aqua,MODIS,81,6.2,307.8,148.6,D,0
-31.4625,151.2362,301.4,1,1,2014-09-24,1242,Terra,MODIS,40,6.2,279.3,7.6,N,0
-29.4874,151.8802,314.8,1,1,2014-09-24,1242,Terra,MODIS,90,6.2,280.9,17.2,N,0
-25.889,150.822,320.2,1,1,2014-09-24,1243,Terra,MODIS,100,6.2,287.1,19.1,N,0
-25.8904,150.812,311.8,1,1,2014-09-24,1243,Terra,MODIS,83,6.2,287,11.9,N,0
-28.6097,152.4009,312.4,1,1,2014-09-24,1243,Terra,MODIS,85,6.2,285,14.4,N,0
-25.1482,151.1671,306.7,1,1,2014-09-24,1244,Terra,MODIS,69,6.2,286.9,9,N,0
-22.2237,148.9951,332,1,1,2014-09-24,1244,Terra,MODIS,100,6.2,290.8,33,N,0
-23.3988,147.7635,320.3,1.1,1.1,2014-09-24,1244,Terra,MODIS,100,6.2,289.5,22.5,N,0
-23.4002,147.7526,317.6,1.1,1.1,2014-09-24,1244,Terra,MODIS,95,6.2,289.2,19.5,N,0
-23.7722,150.8925,300,1,1,2014-09-24,1244,Terra,MODIS,13,6.2,287.1,5.4,N,0
-22.2147,148.9937,319.8,1,1,2014-09-24,1244,Terra,MODIS,99,6.2,289.4,18.7,N,0
-22.2251,148.9854,301,1,1,2014-09-24,1244,Terra,MODIS,32,6.2,288.5,4.7,N,0
-24.3441,151.3165,305.6,1,1,2014-09-24,1244,Terra,MODIS,65,6.2,286.2,8.9,N,0
-25.0465,152.0844,313.2,1.1,1,2014-09-24,1244,Terra,MODIS,87,6.2,286.1,15.5,N,0
-25.0449,152.0949,303.9,1.1,1,2014-09-24,1244,Terra,MODIS,57,6.2,285.6,8.5,N,0
-15.4784,145.0396,305.6,1.3,1.1,2014-09-24,1246,Terra,MODIS,56,6.2,291.2,8.4,N,0
-16.0744,144.4215,307.6,1.4,1.2,2014-09-24,1246,Terra,MODIS,27,6.2,292.4,10.2,N,0
-16.0571,144.4263,313.1,1.4,1.2,2014-09-24,1246,Terra,MODIS,49,6.2,292.3,15.9,N,0
-15.5192,145.0376,305.2,1.3,1.1,2014-09-24,1246,Terra,MODIS,63,6.2,292.1,7.3,N,0
-15.9551,145.0521,308,1.3,1.1,2014-09-24,1246,Terra,MODIS,73,6.2,291.4,10.7,N,0
-15.6796,145.2959,303.8,1.2,1.1,2014-09-24,1246,Terra,MODIS,41,6.2,292.1,6.2,N,0
-15.6782,145.3069,302.9,1.2,1.1,2014-09-24,1246,Terra,MODIS,34,6.2,292.3,5.5,N,0
-15.6826,145.2728,302.9,1.2,1.1,2014-09-24,1246,Terra,MODIS,5,6.2,292.5,5.9,N,0
-15.4593,143.1007,305.1,1.7,1.3,2014-09-24,1247,Terra,MODIS,26,6.2,293.5,8.9,N,0
-15.4708,143.1022,314.8,1.7,1.3,2014-09-24,1247,Terra,MODIS,90,6.2,294,23.9,N,0
-15.4728,143.0866,307.9,1.7,1.3,2014-09-24,1247,Terra,MODIS,60,6.2,293.7,12.4,N,0
-15.1624,143.7529,304.7,1.5,1.2,2014-09-24,1247,Terra,MODIS,61,6.2,290.5,11.5,N,0
-22.7068,117.9722,302.8,2.3,1.5,2014-09-24,1423,Terra,MODIS,37,6.2,290.6,16.5,N,0
-22.7201,117.9729,304.2,2.3,1.5,2014-09-24,1423,Terra,MODIS,40,6.2,291.5,18.8,N,0
-22.7179,117.9945,317.5,2.3,1.5,2014-09-24,1423,Terra,MODIS,95,6.2,291.9,51.2,N,0
-22.7334,117.9738,316.2,2.3,1.5,2014-09-24,1423,Terra,MODIS,93,6.2,292.5,47.9,N,0
-22.6472,117.7972,303,2.3,1.5,2014-09-24,1423,Terra,MODIS,38,6.2,291.1,18.3,N,0
-22.7313,117.9949,320.2,2.3,1.5,2014-09-24,1423,Terra,MODIS,100,6.2,293.2,59,N,0
-22.6875,117.801,305.2,2.3,1.5,2014-09-24,1423,Terra,MODIS,24,6.2,291,20.3,N,0
-22.6892,117.8781,303.7,2.3,1.5,2014-09-24,1423,Terra,MODIS,45,6.2,291,17.7,N,0
-22.9739,119.5373,305.6,1.8,1.3,2014-09-24,1423,Terra,MODIS,65,6.2,291.2,16.3,N,0
-22.6913,117.8563,302.3,2.3,1.5,2014-09-24,1423,Terra,MODIS,7,6.2,290.7,14,N,0
-22.7003,117.902,302.8,2.3,1.5,2014-09-24,1423,Terra,MODIS,18,6.2,290.7,15.9,N,0
-18.607,128.9491,301,1.6,1.2,2014-09-24,1424,Terra,MODIS,34,6.2,289.9,9,N,0
-18.6279,128.8982,301.8,1.6,1.2,2014-09-24,1424,Terra,MODIS,44,6.2,290.8,9.5,N,0
-18.5298,128.9288,313.3,1.6,1.2,2014-09-24,1424,Terra,MODIS,83,6.2,291.8,24.9,N,0
-18.6279,128.8918,303.7,1.6,1.2,2014-09-24,1424,Terra,MODIS,51,6.2,291.4,11,N,0
-18.5232,128.9024,326.9,1.6,1.2,2014-09-24,1424,Terra,MODIS,100,6.2,293.7,48.9,N,0
-18.5212,128.9117,344.7,1.6,1.2,2014-09-24,1424,Terra,MODIS,100,6.2,295.2,103.1,N,0
-18.5207,128.9173,333,1.6,1.2,2014-09-24,1424,Terra,MODIS,100,6.2,293.8,65.4,N,0
-18.5343,128.9045,348,1.6,1.2,2014-09-24,1424,Terra,MODIS,100,6.2,296.5,113.4,N,0
-18.5318,128.9194,381.4,1.6,1.2,2014-09-24,1424,Terra,MODIS,100,6.2,302.9,313.1,N,0
-18.5454,128.9065,319.6,1.6,1.2,2014-09-24,1424,Terra,MODIS,99,6.2,292.8,33.9,N,0
-18.5429,128.9214,366.7,1.6,1.2,2014-09-24,1424,Terra,MODIS,100,6.2,299.3,208.5,N,0
-18.5323,128.9138,373.9,1.6,1.2,2014-09-24,1424,Terra,MODIS,100,6.2,304.6,256.2,N,0
-17.2519,131.5688,306.1,2.6,1.6,2014-09-24,1424,Terra,MODIS,67,6.2,292.6,25.6,N,0
-17.2475,131.5614,305,2.6,1.6,2014-09-24,1424,Terra,MODIS,63,6.2,292.8,22.1,N,0
-17.3996,131.6114,314.1,2.6,1.6,2014-09-24,1424,Terra,MODIS,88,6.2,291.2,51.2,N,0
-17.3905,131.6283,301.4,2.6,1.6,2014-09-24,1424,Terra,MODIS,25,6.2,291,17.1,N,0
-17.395,131.6038,308.8,2.6,1.6,2014-09-24,1424,Terra,MODIS,76,6.2,291,34.8,N,0
-17.0817,131.6492,310.4,2.7,1.6,2014-09-24,1424,Terra,MODIS,80,6.2,293.3,36.1,N,0
-18.4919,124.8433,310.4,1,1,2014-09-24,1424,Terra,MODIS,80,6.2,290.2,10.8,N,0
-20.5488,119.6699,300.3,1.6,1.2,2014-09-24,1424,Terra,MODIS,25,6.2,288.4,10.7,N,0
-19.3546,133.337,310.4,3.2,1.7,2014-09-24,1424,Terra,MODIS,80,6.2,290.7,57.5,N,0
-19.3578,133.3322,303.1,3.2,1.7,2014-09-24,1424,Terra,MODIS,53,6.2,290.5,34.5,N,0
-19.3428,133.3288,324.3,3.2,1.7,2014-09-24,1424,Terra,MODIS,100,6.2,291.9,124.8,N,0
-17.7403,131.0693,305.1,2.3,1.5,2014-09-24,1424,Terra,MODIS,34,6.2,291.7,21.1,N,0
-17.7363,131.0914,303.9,2.4,1.5,2014-09-24,1424,Terra,MODIS,21,6.2,291.4,18.8,N,0
-18.554,128.9235,323.9,1.6,1.2,2014-09-24,1424,Terra,MODIS,100,6.2,292.6,43,N,0
-17.3545,125.4321,326.9,1.1,1,2014-09-24,1425,Terra,MODIS,100,6.2,298.2,24.2,N,0
-15.4422,130.0804,311.6,2.2,1.4,2014-09-24,1425,Terra,MODIS,83,6.2,296.2,27.8,N,0
-14.2197,132.5699,318.2,3.6,1.8,2014-09-24,1425,Terra,MODIS,77,6.2,285.3,98.6,N,0
-17.3623,125.4436,319.8,1.1,1,2014-09-24,1425,Terra,MODIS,86,6.2,296.6,15.1,N,0
-17.3714,125.4456,326.9,1.1,1,2014-09-24,1425,Terra,MODIS,100,6.2,298,23.8,N,0
-17.353,125.4419,338,1.1,1,2014-09-24,1425,Terra,MODIS,100,6.2,299.1,40.2,N,0
-17.3453,125.4308,365.8,1.1,1,2014-09-24,1425,Terra,MODIS,100,6.2,303.9,109.8,N,0
-17.3468,125.421,315.2,1.1,1,2014-09-24,1425,Terra,MODIS,91,6.2,297.2,12.2,N,0
-17.4676,127.4572,314.3,1.3,1.1,2014-09-24,1425,Terra,MODIS,88,6.2,293.3,18.2,N,0
-17.4696,127.4448,303.2,1.3,1.1,2014-09-24,1425,Terra,MODIS,14,6.2,290.9,6.8,N,0
-17.1548,127.4202,306.7,1.3,1.1,2014-09-24,1425,Terra,MODIS,13,6.2,295.7,7.9,N,0
-17.4534,127.4805,306.1,1.3,1.1,2014-09-24,1425,Terra,MODIS,67,6.2,291,10.5,N,0
-17.4554,127.4679,307.3,1.3,1.1,2014-09-24,1425,Terra,MODIS,71,6.2,293.3,11.3,N,0
-15.4388,130.1003,319.7,2.2,1.4,2014-09-24,1425,Terra,MODIS,99,6.2,297.6,50,N,0
-17.1443,127.3554,309.2,1.3,1.1,2014-09-24,1425,Terra,MODIS,71,6.2,295.8,11.6,N,0
-17.3515,125.4519,337.6,1.1,1,2014-09-24,1425,Terra,MODIS,100,6.2,298.6,40,N,0
-16.8102,125.9155,306.9,1.1,1.1,2014-09-24,1425,Terra,MODIS,70,6.2,295.1,7.3,N,0
-16.598,130.7607,314.9,2.3,1.5,2014-09-24,1425,Terra,MODIS,72,6.2,296,36.3,N,0
-16.5809,130.7796,312.6,2.4,1.5,2014-09-24,1425,Terra,MODIS,74,6.2,295.6,30.9,N,0
-16.5848,130.7577,316.9,2.3,1.5,2014-09-24,1425,Terra,MODIS,93,6.2,296.1,43.6,N,0
-16.5676,130.7773,307.5,2.4,1.5,2014-09-24,1425,Terra,MODIS,70,6.2,295.8,23.3,N,0
-16.5715,130.7555,306.2,2.3,1.5,2014-09-24,1425,Terra,MODIS,52,6.2,295.1,20.3,N,0
-16.6567,130.6599,306.1,2.3,1.5,2014-09-24,1425,Terra,MODIS,67,6.2,295.4,17.7,N,0
-16.6995,130.8385,307.4,2.4,1.5,2014-09-24,1425,Terra,MODIS,70,6.2,294.2,21.6,N,0
-16.6913,130.8312,306.6,2.4,1.5,2014-09-24,1425,Terra,MODIS,48,6.2,294.4,19.2,N,0
-16.5769,130.802,310.3,2.4,1.5,2014-09-24,1425,Terra,MODIS,36,6.2,295.3,26.6,N,0
-16.6567,130.6444,305.6,2.3,1.5,2014-09-24,1425,Terra,MODIS,65,6.2,295,16.8,N,0
-16.4827,124.3626,335.7,1,1,2014-09-24,1425,Terra,MODIS,100,6.2,301.3,32.9,N,0
-15.7694,127.6416,308.7,1.4,1.2,2014-09-24,1425,Terra,MODIS,68,6.2,293.7,12.3,N,0
-15.6978,127.5128,306.1,1.4,1.2,2014-09-24,1425,Terra,MODIS,27,6.2,295.2,9.7,N,0
-15.6957,127.5261,306.4,1.4,1.2,2014-09-24,1425,Terra,MODIS,39,6.2,294.5,9.7,N,0
-16.7652,124.2565,302.8,1,1,2014-09-24,1425,Terra,MODIS,51,6.2,291.9,5,N,0
-17.623,123.2019,315.4,1,1,2014-09-24,1425,Terra,MODIS,91,6.2,292.8,13.2,N,0
-17.6113,123.2195,304,1,1,2014-09-24,1425,Terra,MODIS,35,6.2,292.5,5.2,N,0
-13.7896,129.9812,306.1,2.3,1.5,2014-09-24,1425,Terra,MODIS,67,6.2,293.5,21.7,N,0
-15.7714,127.6977,311.2,1.5,1.2,2014-09-24,1425,Terra,MODIS,82,6.2,295.9,16.1,N,0
-16.5007,124.3654,320.6,1,1,2014-09-24,1425,Terra,MODIS,100,6.2,299.5,15.4,N,0
-16.4917,124.364,326.9,1,1,2014-09-24,1425,Terra,MODIS,100,6.2,300,21.7,N,0
-16.4931,124.3546,327.6,1,1,2014-09-24,1425,Terra,MODIS,100,6.2,300,22.4,N,0
-16.484,124.3532,325.5,1,1,2014-09-24,1425,Terra,MODIS,94,6.2,300.7,18.3,N,0
-16.4736,124.3649,319.9,1,1,2014-09-24,1425,Terra,MODIS,99,6.2,300.3,15.1,N,0
-16.475,124.3555,327.5,1,1,2014-09-24,1425,Terra,MODIS,100,6.2,302,23.7,N,0
-16.4646,124.3635,332.8,1,1,2014-09-24,1425,Terra,MODIS,100,6.2,301.1,30.3,N,0
-16.4659,124.3541,331.6,1,1,2014-09-24,1425,Terra,MODIS,100,6.2,302.1,28.8,N,0
-16.4555,124.3621,312.3,1,1,2014-09-24,1425,Terra,MODIS,82,6.2,299.8,9.1,N,0
-16.7013,124.1886,309.3,1,1,2014-09-24,1425,Terra,MODIS,77,6.2,292.7,8.8,N,0
-16.6923,124.1872,319.7,1,1,2014-09-24,1425,Terra,MODIS,99,6.2,292.3,17.1,N,0
-16.6936,124.1778,316.7,1,1,2014-09-24,1425,Terra,MODIS,94,6.2,291.7,14.5,N,0
-17.0562,127.461,313.6,1.3,1.1,2014-09-24,1425,Terra,MODIS,87,6.2,296.3,16.2,N,0
-17.0581,127.4489,325.4,1.3,1.1,2014-09-24,1425,Terra,MODIS,100,6.2,296.8,32.9,N,0
-17.0601,127.4366,338.9,1.3,1.1,2014-09-24,1425,Terra,MODIS,100,6.2,298.5,61.2,N,0
-17.1568,127.4082,309.3,1.3,1.1,2014-09-24,1425,Terra,MODIS,44,6.2,296.1,10,N,0
-16.47,124.3258,336.2,1,1,2014-09-24,1425,Terra,MODIS,100,6.2,301.9,35.9,N,0
-16.4687,124.3352,314.1,1,1,2014-09-24,1425,Terra,MODIS,74,6.2,299.9,9.9,N,0
-16.4673,124.3447,313.1,1,1,2014-09-24,1425,Terra,MODIS,80,6.2,299,9.4,N,0
-16.4791,124.3272,327.8,1,1,2014-09-24,1425,Terra,MODIS,100,6.2,300.3,24.4,N,0
-16.4777,124.3367,319.3,1,1,2014-09-24,1425,Terra,MODIS,98,6.2,300.3,14.8,N,0
-16.4868,124.3343,330,1,1,2014-09-24,1425,Terra,MODIS,100,6.2,300.7,24.6,N,0
-16.5,124.3076,317.4,1,1,2014-09-24,1425,Terra,MODIS,95,6.2,297.4,12,N,0
-16.4959,124.3357,332.8,1,1,2014-09-24,1425,Terra,MODIS,100,6.2,300.1,28.8,N,0
-16.5076,124.3185,318.4,1,1,2014-09-24,1425,Terra,MODIS,92,6.2,295.9,12.2,N,0
-15.8108,127.683,306.4,1.5,1.2,2014-09-24,1425,Terra,MODIS,51,6.2,291.7,9.9,N,0
-15.7736,127.6841,305.9,1.5,1.2,2014-09-24,1425,Terra,MODIS,50,6.2,295.7,9.6,N,0
-15.7757,127.6705,308.2,1.5,1.2,2014-09-24,1425,Terra,MODIS,41,6.2,296,11.9,N,0
-14.3191,132.8478,305.5,3.8,1.8,2014-09-24,1425,Terra,MODIS,65,6.2,292.2,33.9,N,0
-14.3256,132.8544,306.1,3.8,1.8,2014-09-24,1425,Terra,MODIS,67,6.2,292.3,35.3,N,0
-14.3127,132.8826,303.7,3.8,1.8,2014-09-24,1425,Terra,MODIS,57,6.2,292,27.1,N,0
-15.6805,145.3025,306,1.1,1,2014-09-24,1551,Aqua,MODIS,44,6.2,292.1,6.3,N,0
-15.6487,145.2774,303.1,1.1,1,2014-09-24,1551,Aqua,MODIS,53,6.2,292.5,5.1,N,0
-15.687,145.3047,300.9,1.1,1,2014-09-24,1551,Aqua,MODIS,15,6.2,290.8,4.4,N,0
-15.6843,145.2852,303.8,1.1,1,2014-09-24,1551,Aqua,MODIS,48,6.2,291.7,6.3,N,0
-16.0524,144.4316,306.8,1,1,2014-09-24,1551,Aqua,MODIS,50,6.2,292,6.5,N,0
-15.9948,144.4171,301.8,1,1,2014-09-24,1551,Aqua,MODIS,44,6.2,291.8,4.3,N,0
-15.1626,143.7561,305.1,1,1,2014-09-24,1551,Aqua,MODIS,63,6.2,291.8,5.9,N,0
-16.0538,144.4411,308.5,1,1,2014-09-24,1551,Aqua,MODIS,66,6.2,292.2,7.7,N,0
-14.9867,144.9518,304.7,1,1,2014-09-24,1551,Aqua,MODIS,61,6.2,291,6.6,N,0
-14.9853,144.9423,309,1,1,2014-09-24,1551,Aqua,MODIS,76,6.2,291.3,9.6,N,0
-14.988,144.9614,301.6,1,1,2014-09-24,1551,Aqua,MODIS,33,6.2,291.3,4.5,N,0
-14.3569,134.5574,302.4,3.6,1.8,2014-09-24,1551,Aqua,MODIS,49,6.2,291.7,26.7,N,0
-14.2486,134.337,303.5,3.8,1.8,2014-09-24,1551,Aqua,MODIS,55,6.2,291.6,32.9,N,0
-14.3506,134.5541,304.3,3.6,1.8,2014-09-24,1551,Aqua,MODIS,59,6.2,291.7,31.9,N,0
-15.4691,143.0891,304.8,1,1,2014-09-24,1551,Aqua,MODIS,62,6.2,292.8,5.4,N,0
-23.3995,147.7627,302.1,1.8,1.3,2014-09-24,1553,Aqua,MODIS,47,6.2,287.2,14.5,N,0
-23.3939,147.7682,300.8,1.8,1.3,2014-09-24,1553,Aqua,MODIS,33,6.2,287.2,12.6,N,0
-22.2183,149.0038,310.6,2.2,1.4,2014-09-24,1553,Aqua,MODIS,80,6.2,288.3,35.6,N,0
-19.3506,133.3446,304.8,3.5,1.8,2014-09-24,1553,Aqua,MODIS,62,6.2,288.5,48.9,N,0
-15.6871,127.6128,340.8,3.2,1.7,2014-09-24,1730,Aqua,MODIS,100,6.2,298.4,231.5,N,0
-17.3433,125.4642,313.6,2.3,1.5,2014-09-24,1730,Aqua,MODIS,87,6.2,294.8,38.2,N,0
-15.6838,127.583,400.4,3.1,1.7,2014-09-24,1730,Aqua,MODIS,100,6.2,308.4,1341.7,N,0
-15.6853,127.6081,352.7,3.2,1.7,2014-09-24,1730,Aqua,MODIS,100,6.2,299.7,356.3,N,0
-15.7036,127.6357,315.1,3.2,1.7,2014-09-24,1730,Aqua,MODIS,91,6.2,296,63.8,N,0
-17.3448,125.4484,330.6,2.3,1.5,2014-09-24,1730,Aqua,MODIS,100,6.2,296.5,96.1,N,0
-15.7188,127.6333,346.3,3.2,1.7,2014-09-24,1730,Aqua,MODIS,100,6.2,298.7,288.1,N,0
-15.7005,127.6059,346,3.2,1.7,2014-09-24,1730,Aqua,MODIS,100,6.2,299.7,280.8,N,0
-15.7156,127.6039,337.1,3.2,1.7,2014-09-24,1730,Aqua,MODIS,100,6.2,296.6,201.8,N,0
-17.3409,125.4421,325.4,2.3,1.5,2014-09-24,1730,Aqua,MODIS,100,6.2,296.7,75.3,N,0
-15.7489,127.6535,322.5,3.2,1.7,2014-09-24,1730,Aqua,MODIS,100,6.2,295.9,105.2,N,0
-15.6822,127.5784,400.2,3.1,1.7,2014-09-24,1730,Aqua,MODIS,100,6.2,307.7,1337.6,N,0
-18.5272,128.9185,306,4.3,1.9,2014-09-24,1730,Aqua,MODIS,40,6.2,289.2,70,N,0
-15.8188,127.5852,303.9,3.2,1.7,2014-09-24,1730,Aqua,MODIS,50,6.2,292.2,28.8,N,0
-16.7026,124.2007,300.1,1.8,1.3,2014-09-24,1730,Aqua,MODIS,17,6.2,288.7,11.8,N,0
-18.5295,128.9135,305.1,4.3,1.9,2014-09-24,1730,Aqua,MODIS,63,6.2,289.3,67.7,N,0
-15.7705,127.7131,307.5,3.2,1.7,2014-09-24,1730,Aqua,MODIS,20,6.2,293.8,37.4,N,0
-15.7335,127.6538,324.9,3.2,1.7,2014-09-24,1730,Aqua,MODIS,100,6.2,295.7,115.5,N,0
-15.6973,127.5763,343.4,3.1,1.7,2014-09-24,1730,Aqua,MODIS,100,6.2,298.9,254.5,N,0
-15.7305,127.6242,326.5,3.2,1.7,2014-09-24,1730,Aqua,MODIS,100,6.2,295.6,127.2,N,0
-17.6187,123.2024,300.8,1.6,1.2,2014-09-24,1730,Aqua,MODIS,21,6.2,290,8.3,N,0
-15.768,127.66,318.8,3.2,1.7,2014-09-24,1730,Aqua,MODIS,97,6.2,294.3,85.9,N,0
-15.7527,127.6613,337.3,3.2,1.7,2014-09-24,1730,Aqua,MODIS,100,6.2,296.3,208.9,N,0
-17.6199,123.2104,303.2,1.6,1.2,2014-09-24,1730,Aqua,MODIS,54,6.2,290.4,11.5,N,0
-17.1801,127.345,302.7,3.2,1.7,2014-09-24,1730,Aqua,MODIS,47,6.2,292.2,25.8,N,0
-15.8012,127.7102,305.2,3.2,1.7,2014-09-24,1730,Aqua,MODIS,9,6.2,290.5,28.4,N,0
-16.4862,124.3664,318.5,1.8,1.3,2014-09-24,1730,Aqua,MODIS,25,6.2,297.9,27.9,N,0
-15.7674,127.6831,347.4,3.2,1.7,2014-09-24,1730,Aqua,MODIS,100,6.2,296.7,305.1,N,0
-15.7643,127.6529,322.5,3.2,1.7,2014-09-24,1730,Aqua,MODIS,96,6.2,293.7,101.8,N,0
-15.6804,127.5534,389.4,3.1,1.7,2014-09-24,1730,Aqua,MODIS,100,6.2,302.2,1020.7,N,0
-15.7372,127.661,317.7,3.2,1.7,2014-09-24,1730,Aqua,MODIS,96,6.2,295.4,78.7,N,0
-15.7713,127.6901,333.8,3.2,1.7,2014-09-24,1730,Aqua,MODIS,100,6.2,295.6,182.2,N,0
-15.7493,127.6303,303.6,3.2,1.7,2014-09-24,1730,Aqua,MODIS,24,6.2,292.7,27,N,0
-15.798,127.6795,310.8,3.2,1.7,2014-09-24,1730,Aqua,MODIS,6,6.2,291.9,45.1,N,0
-15.6942,127.5472,336,3.1,1.7,2014-09-24,1730,Aqua,MODIS,100,6.2,295.1,193.2,N,0
-15.734,127.6311,322.1,3.2,1.7,2014-09-24,1730,Aqua,MODIS,100,6.2,295.2,102.3,N,0
-15.6791,127.5487,377.5,3.1,1.7,2014-09-24,1730,Aqua,MODIS,100,6.2,298.7,747.4,N,0
-16.482,124.333,323.8,1.8,1.3,2014-09-24,1730,Aqua,MODIS,77,6.2,298.7,41,N,0
-15.7561,127.6919,323.7,3.2,1.7,2014-09-24,1730,Aqua,MODIS,100,6.2,293.3,112.6,N,0
-15.7827,127.681,315.6,3.2,1.7,2014-09-24,1730,Aqua,MODIS,26,6.2,293.4,65,N,0
-16.479,124.3608,316.1,1.8,1.3,2014-09-24,1730,Aqua,MODIS,39,6.2,298.4,23.8,N,0
-16.489,124.3421,329.3,1.8,1.3,2014-09-24,1730,Aqua,MODIS,100,6.2,299,58.9,N,0
-15.8156,127.556,305.5,3.1,1.7,2014-09-24,1730,Aqua,MODIS,48,6.2,291.5,34.3,N,0
-15.7866,127.6881,313.7,3.2,1.7,2014-09-24,1730,Aqua,MODIS,68,6.2,293.5,61.1,N,0
-20.7225,119.4679,305.6,1.1,1,2014-09-24,1731,Aqua,MODIS,65,6.2,291,8.8,N,0
-20.548,119.6744,304.1,1.1,1,2014-09-24,1731,Aqua,MODIS,59,6.2,286.9,9.2,N,0
-18.4833,124.8544,306,2.1,1.4,2014-09-24,1731,Aqua,MODIS,67,6.2,292.7,22.8,N,0
-22.6464,117.7943,328.8,1,1,2014-09-24,1732,Aqua,MODIS,100,6.2,292.5,27.2,N,0
-22.6478,117.804,306.5,1,1,2014-09-24,1732,Aqua,MODIS,10,6.2,290.8,6.9,N,0
-22.6568,117.8025,313.7,1,1,2014-09-24,1732,Aqua,MODIS,51,6.2,291.8,11.7,N,0
-22.7292,117.9844,321.9,1,1,2014-09-24,1732,Aqua,MODIS,92,6.2,292,19.4,N,0
-22.7278,117.9746,327.9,1,1,2014-09-24,1732,Aqua,MODIS,100,6.2,293.1,26.8,N,0
-22.7264,117.9649,309.3,1,1,2014-09-24,1732,Aqua,MODIS,77,6.2,291.5,9.9,N,0
-22.6799,117.8984,312.4,1,1,2014-09-24,1732,Aqua,MODIS,85,6.2,290.3,11.7,N,0
-22.686,117.8118,303.8,1,1,2014-09-24,1732,Aqua,MODIS,57,6.2,290.6,6.7,N,0
-22.6846,117.8021,306.3,1,1,2014-09-24,1732,Aqua,MODIS,67,6.2,289.7,8.3,N,0
-22.709,117.9078,300.5,1,1,2014-09-24,1732,Aqua,MODIS,8,6.2,290.1,4.2,N,0
-22.6944,117.8702,300.8,1,1,2014-09-24,1732,Aqua,MODIS,11,6.2,289.8,4.3,N,0
-22.6868,117.8814,300.5,1,1,2014-09-24,1732,Aqua,MODIS,13,6.2,289.6,4,N,0
-22.7023,118.0548,308.5,1,1,2014-09-24,1732,Aqua,MODIS,75,6.2,290.5,9.4,N,0
-22.645,117.7846,314.8,1,1,2014-09-24,1732,Aqua,MODIS,90,6.2,291.3,13,N,0
-22.693,117.8604,313.7,1,1,2014-09-24,1732,Aqua,MODIS,88,6.2,290.4,13.1,N,0
-22.723,118.0055,306.3,1,1,2014-09-24,1732,Aqua,MODIS,30,6.2,291,7,N,0
-22.78,118.0165,311.6,1,1,2014-09-24,1732,Aqua,MODIS,83,6.2,286.3,13,N,0
-22.7786,118.0067,318,1,1,2014-09-24,1732,Aqua,MODIS,96,6.2,287,18.4,N,0
-11.4263,132.5521,323.4,1.5,1.2,2014-09-25,0115,Terra,MODIS,57,6.2,304.5,14.5,D,0
-14.2779,132.5086,327.1,1.4,1.2,2014-09-25,0116,Terra,MODIS,29,6.2,307.5,16.5,D,0
-13.9186,133.7626,332.4,1.2,1.1,2014-09-25,0116,Terra,MODIS,73,6.2,312.3,17.4,D,0
-12.3133,132.3411,328.3,1.5,1.2,2014-09-25,0116,Terra,MODIS,71,6.2,305.7,23.9,D,0
-14.0514,132.5531,328.4,1.4,1.2,2014-09-25,0116,Terra,MODIS,36,6.2,307.3,17.8,D,0
-14.0578,132.5258,345.1,1.4,1.2,2014-09-25,0116,Terra,MODIS,90,6.2,308,59.1,D,0
-14.0598,132.5385,359.8,1.4,1.2,2014-09-25,0116,Terra,MODIS,99,6.2,310.4,111.3,D,0
-14.0389,132.4091,343.2,1.4,1.2,2014-09-25,0116,Terra,MODIS,88,6.2,309.1,56.1,D,0
-14.3008,132.5174,326.9,1.4,1.2,2014-09-25,0116,Terra,MODIS,39,6.2,307.1,15.3,D,0
-14.1214,132.4823,327.4,1.4,1.2,2014-09-25,0116,Terra,MODIS,64,6.2,309.7,12.7,D,0
-14.0711,132.5043,346.4,1.4,1.2,2014-09-25,0116,Terra,MODIS,91,6.2,308.3,60.4,D,0
-13.6096,135.2575,345.6,1,1,2014-09-25,0116,Terra,MODIS,90,6.2,310.9,36.9,D,0
-14.069,132.4914,343.4,1.4,1.2,2014-09-25,0116,Terra,MODIS,88,6.2,305.9,52.3,D,0
-14.0746,132.4965,346.4,1.4,1.2,2014-09-25,0116,Terra,MODIS,91,6.2,307.7,62.2,D,0
-14.0662,132.5112,336,1.4,1.2,2014-09-25,0116,Terra,MODIS,70,6.2,306,33.5,D,0
-13.6082,135.248,368.8,1,1,2014-09-25,0116,Terra,MODIS,100,6.2,313.6,98.8,D,0
-13.6005,135.259,344.3,1,1,2014-09-25,0116,Terra,MODIS,89,6.2,314.8,33.3,D,0
-12.0673,136.1441,314.1,1,1,2014-09-25,0116,Terra,MODIS,60,6.2,301.9,8.4,D,3
-14.2012,134.3182,333.6,1.1,1,2014-09-25,0116,Terra,MODIS,63,6.2,312.6,17.5,D,0
-14.2028,134.3284,336.1,1.1,1,2014-09-25,0116,Terra,MODIS,80,6.2,310.5,20.9,D,0
-14.2264,134.3558,327.8,1.1,1,2014-09-25,0116,Terra,MODIS,44,6.2,310.8,5.6,D,0
-13.4436,135.07,333,1.1,1,2014-09-25,0116,Terra,MODIS,52,6.2,312.5,13.4,D,0
-14.0619,132.5513,340.3,1.4,1.2,2014-09-25,0116,Terra,MODIS,80,6.2,309.4,42.6,D,0
-14.1027,132.5645,331,1.4,1.2,2014-09-25,0116,Terra,MODIS,59,6.2,308.7,19.2,D,0
-14.111,132.55,347.1,1.4,1.2,2014-09-25,0116,Terra,MODIS,91,6.2,309.7,61.8,D,0
-14.1131,132.5627,350.4,1.4,1.2,2014-09-25,0116,Terra,MODIS,94,6.2,310.3,73.7,D,0
-14.1876,136.531,331.4,1,1,2014-09-25,0116,Terra,MODIS,77,6.2,308,17.7,D,0
-13.599,135.2494,354.7,1,1,2014-09-25,0116,Terra,MODIS,96,6.2,317.2,56.7,D,0
-14.0582,133.8107,326.1,1.2,1.1,2014-09-25,0116,Terra,MODIS,43,6.2,309.1,8.7,D,0
-14.0388,133.8139,340.8,1.2,1.1,2014-09-25,0116,Terra,MODIS,86,6.2,311.9,33.4,D,0
-14.0485,133.8123,337.3,1.2,1.1,2014-09-25,0116,Terra,MODIS,82,6.2,310.5,26.8,D,0
-14.0292,133.8155,331.6,1.2,1.1,2014-09-25,0116,Terra,MODIS,64,6.2,311.3,15.9,D,0
-14.041,132.4222,340.1,1.4,1.2,2014-09-25,0116,Terra,MODIS,85,6.2,311.5,46.5,D,0
-13.8939,133.6089,332.7,1.2,1.1,2014-09-25,0116,Terra,MODIS,75,6.2,312.1,20.2,D,0
-14.0494,132.5403,334.8,1.4,1.2,2014-09-25,0116,Terra,MODIS,76,6.2,308.4,32.1,D,0
-13.0562,130.7407,342.6,1.9,1.4,2014-09-25,0116,Terra,MODIS,87,6.2,304.7,86.2,D,0
-13.0491,142.0606,330.8,1.8,1.3,2014-09-25,0116,Terra,MODIS,83,6.2,300.3,44.6,D,0
-14.9708,134.9978,336.7,1,1,2014-09-25,0116,Terra,MODIS,67,6.2,312.4,21,D,0
-14.3993,141.8599,339.9,1.8,1.3,2014-09-25,0116,Terra,MODIS,89,6.2,303.2,77.4,D,0
-13.1374,141.9428,327,1.8,1.3,2014-09-25,0116,Terra,MODIS,67,6.2,304.6,26.9,D,0
-14.2998,134.4818,352.9,1.1,1,2014-09-25,0116,Terra,MODIS,95,6.2,312.5,59.9,D,0
-13.1474,130.6625,323.9,2,1.4,2014-09-25,0116,Terra,MODIS,31,6.2,303,23.6,D,0
-13.0592,130.7583,341,1.9,1.4,2014-09-25,0116,Terra,MODIS,86,6.2,308.8,77,D,0
-13.0551,142.0542,327.3,1.8,1.3,2014-09-25,0116,Terra,MODIS,80,6.2,300.8,36,D,0
-14.3014,134.4918,325.8,1.1,1,2014-09-25,0116,Terra,MODIS,53,6.2,310.1,9.5,D,0
-12.8601,132.6617,341.8,1.4,1.2,2014-09-25,0116,Terra,MODIS,87,6.2,306.7,48.6,D,0
-14.2935,134.479,341.7,1.1,1,2014-09-25,0116,Terra,MODIS,86,6.2,314,32.5,D,0
-14.9799,134.9963,364.2,1,1,2014-09-25,0116,Terra,MODIS,100,6.2,311,85.7,D,0
-13.0529,130.7473,341.7,1.9,1.4,2014-09-25,0116,Terra,MODIS,87,6.2,306.2,79.6,D,0
-14.9314,135.0984,332.3,1,1,2014-09-25,0116,Terra,MODIS,46,6.2,310.7,14.8,D,0
-14.3835,134.1814,342.2,1.1,1.1,2014-09-25,0116,Terra,MODIS,86,6.2,313.2,35.2,D,0
-14.3929,134.1799,327.6,1.1,1.1,2014-09-25,0116,Terra,MODIS,27,6.2,309.8,10.1,D,0
-12.8665,132.6339,337.9,1.4,1.2,2014-09-25,0116,Terra,MODIS,84,6.2,304.1,38.8,D,0
-14.9284,134.9652,331.8,1,1,2014-09-25,0116,Terra,MODIS,51,6.2,311,12.1,D,0
-14.2983,134.4718,339.8,1.1,1,2014-09-25,0116,Terra,MODIS,84,6.2,310.7,30.3,D,0
-14.295,134.489,331.9,1.1,1,2014-09-25,0116,Terra,MODIS,38,6.2,311.7,15.4,D,0
-12.0729,136.181,314.2,1,1,2014-09-25,0116,Terra,MODIS,60,6.2,301.7,8.6,D,3
-14.331,134.4357,337.7,1.1,1,2014-09-25,0116,Terra,MODIS,82,6.2,313.2,22.5,D,0
-12.8792,132.6452,351.2,1.4,1.2,2014-09-25,0116,Terra,MODIS,94,6.2,308.9,81,D,0
-12.8707,132.66,334.1,1.4,1.2,2014-09-25,0116,Terra,MODIS,79,6.2,307.6,28.4,D,0
-14.9223,135.0998,335.6,1,1,2014-09-25,0116,Terra,MODIS,77,6.2,309.9,20.9,D,0
-14.2842,134.4805,328.4,1.1,1,2014-09-25,0116,Terra,MODIS,50,6.2,311.2,10.9,D,0
-14.9208,135.0903,330.4,1,1,2014-09-25,0116,Terra,MODIS,43,6.2,310.7,11.5,D,0
-12.8686,132.6469,349.1,1.4,1.2,2014-09-25,0116,Terra,MODIS,93,6.2,306.3,72.9,D,0
-14.2546,134.3513,336.3,1.1,1,2014-09-25,0116,Terra,MODIS,80,6.2,311.9,18.5,D,0
-12.2112,135.4481,328.4,1,1,2014-09-25,0116,Terra,MODIS,46,6.2,310.3,9.7,D,0
-14.303,134.5017,325,1.1,1,2014-09-25,0116,Terra,MODIS,46,6.2,309.9,9,D,0
-14.394,141.8669,345.8,1.8,1.3,2014-09-25,0116,Terra,MODIS,93,6.2,303.1,102.2,D,0
-14.253,134.3411,329.8,1.1,1,2014-09-25,0116,Terra,MODIS,42,6.2,311.8,8.4,D,0
-15.4951,145.0423,321.9,3.4,1.7,2014-09-25,0116,Terra,MODIS,61,6.2,297.4,62.3,D,0
-13.1458,141.9519,325.2,1.8,1.3,2014-09-25,0116,Terra,MODIS,64,6.2,303.4,24.1,D,0
-14.9269,134.9556,342.9,1,1,2014-09-25,0116,Terra,MODIS,88,6.2,310,30.7,D,0
-13.0559,130.7649,330,1.9,1.4,2014-09-25,0116,Terra,MODIS,70,6.2,308.3,32.7,D,0
-14.3574,134.5441,334.3,1.1,1,2014-09-25,0116,Terra,MODIS,77,6.2,311.8,19.9,D,0
-15.9585,145.0483,315.3,3.4,1.7,2014-09-25,0116,Terra,MODIS,20,6.2,296.4,44.4,D,0
-15.5432,136.8671,321.6,1,1,2014-09-25,0116,Terra,MODIS,41,6.2,303,9.1,D,0
-12.8622,132.6747,330,1.4,1.2,2014-09-25,0116,Terra,MODIS,72,6.2,308.5,20.7,D,0
-12.7557,136.0049,348.5,1,1,2014-09-25,0116,Terra,MODIS,92,6.2,307.7,46,D,0
-12.8708,136.4044,327,1,1,2014-09-25,0116,Terra,MODIS,58,6.2,308.7,10.6,D,0
-12.9022,135.33,331.6,1,1,2014-09-25,0116,Terra,MODIS,57,6.2,312.3,12.7,D,0
-12.9875,135.6459,340.2,1,1,2014-09-25,0116,Terra,MODIS,85,6.2,312.3,23.6,D,0
-12.5725,132.6612,332.6,1.4,1.2,2014-09-25,0116,Terra,MODIS,78,6.2,308.5,26.6,D,0
-12.8916,135.3219,336.5,1,1,2014-09-25,0116,Terra,MODIS,81,6.2,312.3,21,D,0
-12.8135,135.7141,351.8,1,1,2014-09-25,0116,Terra,MODIS,95,6.2,306.7,51.5,D,0
-12.824,135.7221,330.5,1,1,2014-09-25,0116,Terra,MODIS,36,6.2,304.7,13,D,0
-12.9889,135.6553,335.5,1,1,2014-09-25,0116,Terra,MODIS,80,6.2,310.6,15.8,D,0
-12.8149,135.7235,344.9,1,1,2014-09-25,0116,Terra,MODIS,90,6.2,308.4,37.4,D,0
-12.9966,135.6445,333.3,1,1,2014-09-25,0116,Terra,MODIS,77,6.2,311.7,13.6,D,0
-11.44,131.1594,325.1,1.9,1.4,2014-09-25,0116,Terra,MODIS,28,6.2,302.5,28.2,D,0
-11.4464,131.1705,324.5,1.9,1.4,2014-09-25,0116,Terra,MODIS,37,6.2,302.4,24.1,D,0
-12.9007,135.3204,351.7,1,1,2014-09-25,0116,Terra,MODIS,95,6.2,312,51.2,D,0
-12.7634,135.9943,378.6,1,1,2014-09-25,0116,Terra,MODIS,100,6.2,307.2,135.2,D,0
-12.762,135.985,354.2,1,1,2014-09-25,0116,Terra,MODIS,96,6.2,304.3,57.7,D,0
-12.8645,134.8984,333,1.1,1,2014-09-25,0116,Terra,MODIS,59,6.2,309.5,14.7,D,0
-12.866,134.9083,330,1.1,1,2014-09-25,0116,Terra,MODIS,38,6.2,310.7,11.2,D,0
-12.8836,134.8585,327.7,1.1,1,2014-09-25,0116,Terra,MODIS,46,6.2,310.2,9.5,D,0
-12.8811,136.4122,340.5,1,1,2014-09-25,0116,Terra,MODIS,86,6.2,305.1,29.3,D,0
-12.7544,135.9957,348.9,1,1,2014-09-25,0116,Terra,MODIS,93,6.2,307.9,45.9,D,0
-13.0631,135.599,334.2,1,1,2014-09-25,0116,Terra,MODIS,66,6.2,311.3,15.5,D,0
-12.8955,136.4475,324.7,1,1,2014-09-25,0116,Terra,MODIS,53,6.2,304.5,9.4,D,0
-14.2431,142.0205,333,1.9,1.3,2014-09-25,0116,Terra,MODIS,84,6.2,304,51.8,D,0
-13.1627,130.6783,330.8,2,1.4,2014-09-25,0116,Terra,MODIS,68,6.2,304.1,45.1,D,0
-12.86,135.7197,332,1,1,2014-09-25,0116,Terra,MODIS,24,6.2,312.3,13.2,D,0
-14.2375,142.0323,328.9,1.9,1.3,2014-09-25,0116,Terra,MODIS,71,6.2,303,37.2,D,0
-12.7648,136.0035,342,1,1,2014-09-25,0116,Terra,MODIS,87,6.2,304.8,33.6,D,0
-13.4513,135.0589,334,1.1,1,2014-09-25,0116,Terra,MODIS,71,6.2,313.7,14,D,0
-13.4421,135.0603,336.1,1.1,1,2014-09-25,0116,Terra,MODIS,74,6.2,314.5,17.4,D,0
-12.8797,136.4031,328.9,1,1,2014-09-25,0116,Terra,MODIS,60,6.2,304,12.2,D,0
-12.8721,136.4136,331.2,1,1,2014-09-25,0116,Terra,MODIS,74,6.2,307.8,16.2,D,0
-13.1437,141.9353,322.6,1.8,1.3,2014-09-25,0116,Terra,MODIS,45,6.2,303.7,16.9,D,0
-11.5125,131.2662,321.2,1.9,1.3,2014-09-25,0116,Terra,MODIS,33,6.2,302.5,13.8,D,0
-15.2285,134.2794,326.9,1.1,1,2014-09-25,0116,Terra,MODIS,57,6.2,309.6,8.7,D,0
-11.4434,131.1528,328.6,1.9,1.4,2014-09-25,0116,Terra,MODIS,71,6.2,302.9,38.8,D,0
-12.753,135.9864,340.3,1,1,2014-09-25,0116,Terra,MODIS,86,6.2,301.9,29.4,D,0
-11.4645,131.2031,324.5,1.9,1.4,2014-09-25,0116,Terra,MODIS,48,6.2,302.7,20.7,D,0
-13.4708,141.9763,322.9,1.8,1.3,2014-09-25,0116,Terra,MODIS,66,6.2,300.9,25.6,D,0
-11.455,131.175,322,1.9,1.4,2014-09-25,0116,Terra,MODIS,27,6.2,302.6,17.4,D,0
-11.4579,131.1923,324.8,1.9,1.4,2014-09-25,0116,Terra,MODIS,52,6.2,303.1,24.6,D,0
-14.0473,132.4613,328.9,1.4,1.2,2014-09-25,0116,Terra,MODIS,53,6.2,307.6,18.3,D,0
-14.0494,132.4742,339.7,1.4,1.2,2014-09-25,0116,Terra,MODIS,85,6.2,309.2,45.5,D,0
-14.0389,132.476,325.9,1.4,1.2,2014-09-25,0116,Terra,MODIS,53,6.2,307.9,15.1,D,0
-14.2371,132.561,355.3,1.4,1.2,2014-09-25,0116,Terra,MODIS,97,6.2,310.2,90.5,D,0
-14.2351,132.5484,409.9,1.4,1.2,2014-09-25,0116,Terra,MODIS,100,6.2,317.8,482.9,D,0
-14.233,132.5357,354.8,1.4,1.2,2014-09-25,0116,Terra,MODIS,96,6.2,307.8,90.1,D,0
-11.7418,130.1304,316.9,2.3,1.5,2014-09-25,0116,Terra,MODIS,43,6.2,299.2,19.9,D,0
-17.0129,127.5001,321.5,2.9,1.6,2014-09-25,0117,Terra,MODIS,56,6.2,307.1,34.8,D,0
-15.4365,130.0463,323.4,2,1.4,2014-09-25,0117,Terra,MODIS,38,6.2,305.2,20.5,D,0
-15.4273,130.0661,324.8,2,1.4,2014-09-25,0117,Terra,MODIS,32,6.2,306.5,24.3,D,0
-16.7286,128.1784,322.7,2.6,1.5,2014-09-25,0117,Terra,MODIS,61,6.2,308.5,30.8,D,0
-17.1674,127.3432,324.8,2.9,1.6,2014-09-25,0117,Terra,MODIS,69,6.2,311.8,44.2,D,0
-16.696,128.1922,350.5,2.6,1.5,2014-09-25,0117,Terra,MODIS,94,6.2,310.7,197.8,D,0
-16.6917,128.1684,359.5,2.6,1.5,2014-09-25,0117,Terra,MODIS,99,6.2,310.2,284.7,D,0
-15.4396,130.0642,355.1,2,1.4,2014-09-25,0117,Terra,MODIS,97,6.2,307.7,162,D,0
-15.8636,130.5841,328.6,1.8,1.3,2014-09-25,0117,Terra,MODIS,52,6.2,306.4,18.6,D,0
-15.4429,130.0826,336.7,2,1.4,2014-09-25,0117,Terra,MODIS,84,6.2,306.6,63,D,0
-15.4463,130.1016,369.9,2,1.4,2014-09-25,0117,Terra,MODIS,94,6.2,309.4,270.8,D,0
-15.4492,130.1184,328.4,2,1.4,2014-09-25,0117,Terra,MODIS,0,6.2,305.4,35.3,D,0
-16.4429,127.8988,326,2.7,1.6,2014-09-25,0117,Terra,MODIS,68,6.2,309.2,45.8,D,0
-15.9276,130.6063,325,1.8,1.3,2014-09-25,0117,Terra,MODIS,54,6.2,307.2,18.5,D,0
-15.8573,130.5922,337.7,1.8,1.3,2014-09-25,0117,Terra,MODIS,84,6.2,307.9,46.4,D,0
-16.7235,128.1864,326.6,2.6,1.5,2014-09-25,0117,Terra,MODIS,71,6.2,308.9,47.1,D,0
-15.6824,127.6089,328.8,3,1.6,2014-09-25,0117,Terra,MODIS,22,6.2,309,54.9,D,0
-17.4617,125.4667,324.4,3.9,1.8,2014-09-25,0117,Terra,MODIS,59,6.2,309.4,73.1,D,0
-15.6426,127.5595,332,3,1.7,2014-09-25,0117,Terra,MODIS,46,6.2,306.2,88.9,D,0
-15.6575,127.5571,344.3,3,1.7,2014-09-25,0117,Terra,MODIS,84,6.2,308.3,181.4,D,0
-15.6712,127.5476,335.8,3,1.7,2014-09-25,0117,Terra,MODIS,41,6.2,307.1,96.9,D,0
-15.6656,127.5189,341.7,3,1.7,2014-09-25,0117,Terra,MODIS,73,6.2,304.3,161.6,D,0
-15.667,127.5261,347.7,3,1.7,2014-09-25,0117,Terra,MODIS,87,6.2,305.7,222.4,D,0
-15.6478,127.587,341.3,3,1.6,2014-09-25,0117,Terra,MODIS,80,6.2,310.9,153.7,D,0
-15.7752,127.6955,325,2.9,1.6,2014-09-25,0117,Terra,MODIS,42,6.2,310.4,33.6,D,0
-17.0803,127.6215,322.3,2.8,1.6,2014-09-25,0117,Terra,MODIS,57,6.2,311.1,29.2,D,0
-17.1979,127.5037,326.7,2.8,1.6,2014-09-25,0117,Terra,MODIS,73,6.2,311.4,47.4,D,0
-15.823,127.5398,328.6,3,1.6,2014-09-25,0117,Terra,MODIS,74,6.2,309,61.2,D,0
-15.8237,127.6239,326.1,3,1.6,2014-09-25,0117,Terra,MODIS,21,6.2,310,37.5,D,0
-15.6763,127.4936,365.1,3,1.7,2014-09-25,0117,Terra,MODIS,100,6.2,306.8,453.2,D,0
-15.6815,127.5219,362.1,3,1.7,2014-09-25,0117,Terra,MODIS,100,6.2,310.1,395.4,D,0
-15.6911,127.4906,327,3,1.7,2014-09-25,0117,Terra,MODIS,64,6.2,305.2,71.6,D,0
-15.6748,127.487,349.4,3,1.7,2014-09-25,0117,Terra,MODIS,94,6.2,304.3,253,D,0
-15.6802,127.5147,373,3,1.7,2014-09-25,0117,Terra,MODIS,100,6.2,310.7,570.2,D,0
-15.6896,127.4838,322.5,3,1.7,2014-09-25,0117,Terra,MODIS,40,6.2,304.2,46.6,D,0
-15.695,127.5121,328.8,3,1.7,2014-09-25,0117,Terra,MODIS,51,6.2,307.7,73.8,D,0
-15.8339,127.6783,325.2,2.9,1.6,2014-09-25,0117,Terra,MODIS,51,6.2,308.8,36.8,D,0
-15.8281,127.5666,327.8,3,1.6,2014-09-25,0117,Terra,MODIS,73,6.2,310.1,54,D,0
-16.2363,127.9591,321.5,2.7,1.6,2014-09-25,0117,Terra,MODIS,52,6.2,307.9,31,D,0
-16.2394,127.9524,321.7,2.7,1.6,2014-09-25,0117,Terra,MODIS,53,6.2,308.4,32.7,D,0
-17.5527,131.6748,328.2,1.4,1.2,2014-09-25,0117,Terra,MODIS,44,6.2,311,11.6,D,0
-17.5956,131.8654,328.3,1.4,1.2,2014-09-25,0117,Terra,MODIS,66,6.2,309.6,16.5,D,0
-17.5934,131.8528,397.8,1.4,1.2,2014-09-25,0117,Terra,MODIS,100,6.2,315.5,351.5,D,0
-17.5913,131.8401,357.4,1.4,1.2,2014-09-25,0117,Terra,MODIS,98,6.2,311.3,99.9,D,0
-17.5969,132.2398,335.3,1.3,1.1,2014-09-25,0117,Terra,MODIS,82,6.2,308,28.8,D,0
-17.6287,132.308,335.4,1.3,1.1,2014-09-25,0117,Terra,MODIS,70,6.2,307.1,29.8,D,0
-17.6307,132.3199,344,1.3,1.1,2014-09-25,0117,Terra,MODIS,90,6.2,309.6,49.7,D,0
-17.6326,132.3318,368.5,1.3,1.1,2014-09-25,0117,Terra,MODIS,100,6.2,310.8,137.2,D,0
-17.6345,132.3437,358.4,1.3,1.1,2014-09-25,0117,Terra,MODIS,99,6.2,309.2,96.5,D,0
-17.6135,132.1497,337.6,1.3,1.1,2014-09-25,0117,Terra,MODIS,84,6.2,307.5,34.4,D,0
-17.6154,132.1619,357,1.3,1.1,2014-09-25,0117,Terra,MODIS,98,6.2,307.7,92.6,D,0
-17.6174,132.174,337.2,1.3,1.1,2014-09-25,0117,Terra,MODIS,84,6.2,306.4,35.9,D,0
-17.6194,132.1862,326.4,1.3,1.1,2014-09-25,0117,Terra,MODIS,59,6.2,305.1,16.2,D,0
-17.6127,132.1557,349.4,1.3,1.1,2014-09-25,0117,Terra,MODIS,94,6.2,307.8,69.2,D,0
-17.6147,132.1678,345.9,1.3,1.1,2014-09-25,0117,Terra,MODIS,91,6.2,307.6,59.8,D,0
-17.6168,132.1799,332.5,1.3,1.1,2014-09-25,0117,Terra,MODIS,79,6.2,306.5,29.3,D,0
-17.5989,132.2518,328.7,1.3,1.1,2014-09-25,0117,Terra,MODIS,50,6.2,308,14.2,D,0
-17.637,132.1138,330.1,1.3,1.1,2014-09-25,0117,Terra,MODIS,58,6.2,307,21.3,D,0
-17.5737,131.671,340,1.4,1.2,2014-09-25,0117,Terra,MODIS,84,6.2,312.1,43.6,D,0
-17.5841,131.6691,337.9,1.4,1.2,2014-09-25,0117,Terra,MODIS,84,6.2,312,41.1,D,0
-17.5863,131.6821,336.5,1.4,1.2,2014-09-25,0117,Terra,MODIS,75,6.2,310.8,35.2,D,0
-17.5885,131.6951,333.4,1.4,1.2,2014-09-25,0117,Terra,MODIS,69,6.2,309.8,27.6,D,0
-17.5906,131.7081,328.1,1.4,1.2,2014-09-25,0117,Terra,MODIS,54,6.2,308.6,17.1,D,0
-17.5928,131.721,325.3,1.4,1.2,2014-09-25,0117,Terra,MODIS,56,6.2,308.1,12.7,D,0
-17.5715,131.658,358.2,1.4,1.2,2014-09-25,0117,Terra,MODIS,99,6.2,313.8,106.9,D,0
-17.5798,131.643,355.8,1.4,1.2,2014-09-25,0117,Terra,MODIS,97,6.2,307.3,105.4,D,0
-17.5819,131.6561,370.7,1.4,1.2,2014-09-25,0117,Terra,MODIS,100,6.2,314.5,171.8,D,0
-17.5207,131.6469,377.8,1.4,1.2,2014-09-25,0117,Terra,MODIS,100,6.2,314,209.3,D,0
-17.5312,131.645,386.6,1.4,1.2,2014-09-25,0117,Terra,MODIS,100,6.2,312.9,272.1,D,0
-17.5334,131.6581,347.8,1.4,1.2,2014-09-25,0117,Terra,MODIS,92,6.2,311,64.4,D,0
-17.5251,131.6394,396.9,1.4,1.2,2014-09-25,0117,Terra,MODIS,100,6.2,317.2,359.7,D,0
-17.5273,131.6525,367.6,1.4,1.2,2014-09-25,0117,Terra,MODIS,100,6.2,314.8,147.6,D,0
-17.5378,131.6506,338.3,1.4,1.2,2014-09-25,0117,Terra,MODIS,74,6.2,308.5,37.1,D,0
-17.5483,131.6487,335.8,1.4,1.2,2014-09-25,0117,Terra,MODIS,65,6.2,310.2,32.9,D,0
-17.5505,131.6617,333.9,1.4,1.2,2014-09-25,0117,Terra,MODIS,80,6.2,311.3,24,D,0
-17.5588,131.6468,370.5,1.4,1.2,2014-09-25,0117,Terra,MODIS,100,6.2,311.5,168.8,D,0
-17.561,131.6599,378.2,1.4,1.2,2014-09-25,0117,Terra,MODIS,100,6.2,315.1,208.2,D,0
-17.5632,131.6729,353.7,1.4,1.2,2014-09-25,0117,Terra,MODIS,96,6.2,312.3,82.9,D,0
-17.5693,131.6449,380.2,1.4,1.2,2014-09-25,0117,Terra,MODIS,100,6.2,312.4,231.7,D,0
-17.5185,131.6338,368.4,1.4,1.2,2014-09-25,0117,Terra,MODIS,100,6.2,311.2,157.6,D,0
-17.529,131.6319,345.6,1.4,1.2,2014-09-25,0117,Terra,MODIS,91,6.2,307.4,63.2,D,0
-17.5566,131.6337,344.5,1.4,1.2,2014-09-25,0117,Terra,MODIS,90,6.2,306.5,62.9,D,0
-17.6141,131.8491,333,1.4,1.2,2014-09-25,0117,Terra,MODIS,73,6.2,307,27.1,D,0
-17.6162,131.8617,344.5,1.4,1.2,2014-09-25,0117,Terra,MODIS,90,6.2,308.3,56.2,D,0
-17.6183,131.8743,326.2,1.4,1.2,2014-09-25,0117,Terra,MODIS,48,6.2,307.6,13,D,0
-17.5829,132.2175,364.3,1.3,1.1,2014-09-25,0117,Terra,MODIS,100,6.2,308,119.8,D,0
-17.5848,132.2295,388.1,1.3,1.1,2014-09-25,0117,Terra,MODIS,100,6.2,313.2,251.2,D,0
-17.5868,132.2416,360.5,1.3,1.1,2014-09-25,0117,Terra,MODIS,100,6.2,310.8,102.2,D,0
-17.5949,132.2277,347.8,1.3,1.1,2014-09-25,0117,Terra,MODIS,92,6.2,306.6,61.8,D,0
-17.6269,132.2401,321.8,1.3,1.1,2014-09-25,0117,Terra,MODIS,56,6.2,305.6,10.7,D,0
-17.619,132.2482,346.9,1.3,1.1,2014-09-25,0117,Terra,MODIS,92,6.2,309.8,60.8,D,0
-17.6171,132.2362,371.3,1.3,1.1,2014-09-25,0117,Terra,MODIS,100,6.2,310.7,155.1,D,0
-17.5992,138.5181,356.5,1.2,1.1,2014-09-25,0117,Terra,MODIS,98,6.2,310.8,84.9,D,0
-17.6007,138.5295,335.5,1.2,1.1,2014-09-25,0117,Terra,MODIS,80,6.2,310.3,29.3,D,0
-17.609,138.5167,334.2,1.2,1.1,2014-09-25,0117,Terra,MODIS,79,6.2,308.9,27.8,D,0
-17.6106,138.5281,341.2,1.2,1.1,2014-09-25,0117,Terra,MODIS,86,6.2,310.7,41.9,D,0
-17.6121,138.5396,345.7,1.2,1.1,2014-09-25,0117,Terra,MODIS,90,6.2,312.2,52.8,D,0
-17.6136,138.5511,337.2,1.2,1.1,2014-09-25,0117,Terra,MODIS,82,6.2,311.2,32.9,D,0
-17.2512,132.5087,337.5,1.3,1.1,2014-09-25,0117,Terra,MODIS,83,6.2,310.9,30.1,D,0
-17.2393,131.5526,330.3,1.4,1.2,2014-09-25,0117,Terra,MODIS,44,6.2,308.9,19.7,D,0
-17.2535,131.5439,352.9,1.4,1.2,2014-09-25,0117,Terra,MODIS,95,6.2,310.7,87.3,D,0
-17.2558,131.5573,336.8,1.4,1.2,2014-09-25,0117,Terra,MODIS,69,6.2,311,32.9,D,0
-17.271,131.5822,330.5,1.4,1.2,2014-09-25,0117,Terra,MODIS,74,6.2,313,14.9,D,0
-17.2854,131.5381,336.6,1.4,1.2,2014-09-25,0117,Terra,MODIS,82,6.2,309.1,36.8,D,0
-17.2876,131.5515,341.9,1.4,1.2,2014-09-25,0117,Terra,MODIS,87,6.2,310.8,48.8,D,0
-17.3301,131.5438,341.7,1.4,1.2,2014-09-25,0117,Terra,MODIS,87,6.2,310.1,51.5,D,0
-17.3323,131.5572,329.5,1.4,1.2,2014-09-25,0117,Terra,MODIS,35,6.2,311,18.1,D,0
-17.3359,131.5498,337,1.4,1.2,2014-09-25,0117,Terra,MODIS,83,6.2,310.1,38,D,0
-17.3488,131.5613,331,1.4,1.2,2014-09-25,0117,Terra,MODIS,65,6.2,308.6,22.2,D,0
-17.404,131.5652,334.2,1.4,1.2,2014-09-25,0117,Terra,MODIS,74,6.2,309.7,31.2,D,0
-17.4189,131.5898,349.2,1.4,1.2,2014-09-25,0117,Terra,MODIS,93,6.2,310.3,71.7,D,0
-17.4211,131.6031,339.4,1.4,1.2,2014-09-25,0117,Terra,MODIS,82,6.2,310.1,39.3,D,0
-17.4233,131.6163,339.4,1.4,1.2,2014-09-25,0117,Terra,MODIS,85,6.2,309.6,39,D,0
-16.5642,130.7575,333.6,1.7,1.3,2014-09-25,0117,Terra,MODIS,47,6.2,311.2,34.5,D,0
-16.5756,130.7555,341.1,1.7,1.3,2014-09-25,0117,Terra,MODIS,86,6.2,311.9,58.6,D,0
-16.587,130.7536,331.5,1.7,1.3,2014-09-25,0117,Terra,MODIS,48,6.2,311.6,28.7,D,0
-16.6379,130.7856,326.6,1.7,1.3,2014-09-25,0117,Terra,MODIS,56,6.2,311.9,13.2,D,0
-16.6524,130.7347,325.5,1.7,1.3,2014-09-25,0117,Terra,MODIS,50,6.2,311.3,13.1,D,0
-16.6617,130.6525,322.7,1.7,1.3,2014-09-25,0117,Terra,MODIS,41,6.2,309.9,13.8,D,0
-16.6644,130.6679,325.1,1.7,1.3,2014-09-25,0117,Terra,MODIS,56,6.2,310.7,17.6,D,0
-17.1045,131.6247,330.4,1.4,1.2,2014-09-25,0117,Terra,MODIS,71,6.2,311.9,21.3,D,0
-16.5723,130.8037,332.5,1.7,1.3,2014-09-25,0117,Terra,MODIS,77,6.2,310.7,32.6,D,0
-16.575,130.8191,325.3,1.7,1.3,2014-09-25,0117,Terra,MODIS,52,6.2,309.7,14.7,D,0
-16.5169,136.7978,336.3,1,1,2014-09-25,0117,Terra,MODIS,80,6.2,315.2,15.4,D,0
-16.526,136.7965,337.6,1,1,2014-09-25,0117,Terra,MODIS,80,6.2,315.2,18,D,0
-16.5428,136.7842,351.3,1,1,2014-09-25,0117,Terra,MODIS,94,6.2,315.3,45.7,D,0
-16.5442,136.7937,336.9,1,1,2014-09-25,0117,Terra,MODIS,71,6.2,311.9,19,D,0
-16.5903,136.7321,326.4,1,1,2014-09-25,0117,Terra,MODIS,51,6.2,311.8,7.1,D,0
-16.5916,136.7416,381.5,1,1,2014-09-25,0117,Terra,MODIS,100,6.2,317,146.4,D,0
-16.6007,136.7403,345.6,1,1,2014-09-25,0117,Terra,MODIS,90,6.2,312.4,36.4,D,0
-16.6021,136.7498,335.3,1,1,2014-09-25,0117,Terra,MODIS,39,6.2,312,18.3,D,0
-15.8311,130.5802,333.2,1.8,1.3,2014-09-25,0117,Terra,MODIS,63,6.2,308.8,40.3,D,0
-15.8283,130.5638,333,1.8,1.3,2014-09-25,0117,Terra,MODIS,74,6.2,306.4,41.7,D,0
-15.8634,130.5574,334.8,1.8,1.3,2014-09-25,0117,Terra,MODIS,67,6.2,306.2,46.8,D,0
-15.8724,130.5388,332.3,1.8,1.3,2014-09-25,0117,Terra,MODIS,75,6.2,305.2,39.8,D,0
-15.8751,130.5552,343.1,1.8,1.3,2014-09-25,0117,Terra,MODIS,89,6.2,307.8,78.3,D,0
-15.8695,130.5493,343.4,1.8,1.3,2014-09-25,0117,Terra,MODIS,89,6.2,306.6,81.1,D,0
-15.8724,130.5657,337.1,1.8,1.3,2014-09-25,0117,Terra,MODIS,81,6.2,307.9,53.4,D,0
-15.8812,130.5472,328.1,1.8,1.3,2014-09-25,0117,Terra,MODIS,69,6.2,306,30,D,0
-19.3231,133.2852,332,1.1,1,2014-09-25,0118,Terra,MODIS,26,6.2,306.5,16.3,D,0
-19.3248,133.2955,401.7,1.1,1,2014-09-25,0118,Terra,MODIS,100,6.2,317.2,280.4,D,0
-19.3264,133.3058,405.4,1.1,1,2014-09-25,0118,Terra,MODIS,100,6.2,322.5,305.3,D,0
-19.328,133.3161,358.6,1.1,1,2014-09-25,0118,Terra,MODIS,99,6.2,313.3,75.9,D,0
-19.3296,133.3263,327.5,1.1,1,2014-09-25,0118,Terra,MODIS,50,6.2,309.3,11.9,D,0
-19.3341,133.2939,345.7,1.1,1,2014-09-25,0118,Terra,MODIS,91,6.2,311.1,43.2,D,0
-19.3357,133.3042,343.7,1.1,1,2014-09-25,0118,Terra,MODIS,88,6.2,310.4,37.1,D,0
-19.3373,133.3145,341.9,1.1,1,2014-09-25,0118,Terra,MODIS,88,6.2,310.2,35.2,D,0
-19.3389,133.3247,329.3,1.1,1,2014-09-25,0118,Terra,MODIS,69,6.2,310,14.4,D,0
-18.4917,124.8388,319.1,4.2,1.9,2014-09-25,0118,Terra,MODIS,51,6.2,308,49.1,D,0
-19.3418,133.282,325.2,1.1,1,2014-09-25,0118,Terra,MODIS,19,6.2,308,9.6,D,0
-19.3434,133.2923,369.4,1.1,1,2014-09-25,0118,Terra,MODIS,100,6.2,311.5,113.4,D,0
-19.3451,133.3026,384.7,1.1,1,2014-09-25,0118,Terra,MODIS,100,6.2,314,177.4,D,0
-19.3467,133.3129,346.3,1.1,1,2014-09-25,0118,Terra,MODIS,91,6.2,311,43.7,D,0
-19.3483,133.3231,332.4,1.1,1,2014-09-25,0118,Terra,MODIS,70,6.2,310.2,18.6,D,0
-19.3905,133.3097,349.7,1.1,1,2014-09-25,0118,Terra,MODIS,94,6.2,307.7,55.6,D,0
-19.3921,133.32,387.5,1.1,1,2014-09-25,0118,Terra,MODIS,100,6.2,317,194.9,D,0
-19.3938,133.3302,358.8,1.1,1,2014-09-25,0118,Terra,MODIS,99,6.2,312.7,77.2,D,0
-19.4015,133.3184,355.8,1.1,1,2014-09-25,0118,Terra,MODIS,97,6.2,307.3,69.5,D,0
-19.4031,133.3286,370.8,1.1,1,2014-09-25,0118,Terra,MODIS,100,6.2,309.4,117.1,D,0
-19.4047,133.3389,362.8,1.1,1,2014-09-25,0118,Terra,MODIS,100,6.2,312,87.3,D,0
-19.4063,133.3491,336.8,1.1,1,2014-09-25,0118,Terra,MODIS,84,6.2,311.8,24.6,D,0
-19.408,133.3593,329.6,1.1,1,2014-09-25,0118,Terra,MODIS,48,6.2,311.1,13,D,0
-18.6256,128.8678,355.5,2.1,1.4,2014-09-25,0118,Terra,MODIS,97,6.2,310.5,186.9,D,0
-18.5216,128.8811,332.8,2.1,1.4,2014-09-25,0118,Terra,MODIS,58,6.2,308.5,53.2,D,0
-18.6213,128.9956,326.8,2.1,1.4,2014-09-25,0118,Terra,MODIS,71,6.2,309.1,33.7,D,0
-18.7688,128.9338,327.9,2.1,1.4,2014-09-25,0118,Terra,MODIS,71,6.2,308.4,38.6,D,0
-18.6222,128.9894,327,2.1,1.4,2014-09-25,0118,Terra,MODIS,47,6.2,309,31,D,0
-18.622,128.8543,334.6,2.1,1.4,2014-09-25,0118,Terra,MODIS,83,6.2,306,69.6,D,0
-18.6255,128.8739,351.6,2.1,1.4,2014-09-25,0118,Terra,MODIS,95,6.2,310.5,159.2,D,0
-18.4838,128.8885,318.8,2.1,1.4,2014-09-25,0118,Terra,MODIS,21,6.2,305.9,15.9,D,0
-18.7653,128.9144,327.1,2.1,1.4,2014-09-25,0118,Terra,MODIS,73,6.2,307.8,33.6,D,0
-18.5,128.9057,328.8,2.1,1.4,2014-09-25,0118,Terra,MODIS,38,6.2,307.5,39.9,D,0
-18.509,128.8836,355.9,2.1,1.4,2014-09-25,0118,Terra,MODIS,97,6.2,309.9,185.7,D,0
-18.4964,128.886,338.5,2.1,1.4,2014-09-25,0118,Terra,MODIS,86,6.2,309.1,84.3,D,0
-18.674,128.919,325.6,2.1,1.4,2014-09-25,0118,Terra,MODIS,71,6.2,309.9,28.3,D,0
-18.5181,128.8613,337.8,2.1,1.4,2014-09-25,0118,Terra,MODIS,79,6.2,306.7,82.9,D,0
-18.5608,128.9474,332.3,2.1,1.4,2014-09-25,0118,Terra,MODIS,48,6.2,308.5,49.1,D,0
-18.5055,128.8638,340.7,2.1,1.4,2014-09-25,0118,Terra,MODIS,88,6.2,305,97.4,D,0
-18.629,128.8936,324.9,2.1,1.4,2014-09-25,0118,Terra,MODIS,63,6.2,309.7,27.7,D,0
-18.5354,128.8097,342.4,2.1,1.4,2014-09-25,0118,Terra,MODIS,89,6.2,307.7,109.8,D,0
-18.5662,128.9062,359.9,2.1,1.4,2014-09-25,0118,Terra,MODIS,99,6.2,310.9,204.7,D,0
-18.6292,128.8874,330.4,2.1,1.4,2014-09-25,0118,Terra,MODIS,78,6.2,309.8,49.2,D,0
-18.5307,128.8589,335.2,2.1,1.4,2014-09-25,0118,Terra,MODIS,34,6.2,307.8,64.6,D,0
-18.4929,128.8663,331.7,2.1,1.4,2014-09-25,0118,Terra,MODIS,75,6.2,306.4,58.7,D,0
-18.5626,128.8866,346.7,2.1,1.4,2014-09-25,0118,Terra,MODIS,92,6.2,308.4,116.1,D,0
-18.5391,128.8297,369.2,2.1,1.4,2014-09-25,0118,Terra,MODIS,100,6.2,312.6,301.8,D,0
-18.6705,128.8995,320.5,2.1,1.4,2014-09-25,0118,Terra,MODIS,40,6.2,308.1,13.6,D,0
-18.6382,128.8653,331.3,2.1,1.4,2014-09-25,0118,Terra,MODIS,79,6.2,307.2,55,D,0
-18.5518,128.8272,336.9,2.1,1.4,2014-09-25,0118,Terra,MODIS,85,6.2,306.2,78.6,D,0
-18.5212,128.8743,337.8,2.1,1.4,2014-09-25,0118,Terra,MODIS,58,6.2,308.3,70.1,D,0
-18.5338,128.8718,337.7,2.1,1.4,2014-09-25,0118,Terra,MODIS,55,6.2,308.5,66.4,D,0
-18.5086,128.8768,353.5,2.1,1.4,2014-09-25,0118,Terra,MODIS,96,6.2,308.9,164.7,D,0
-19.3133,133.2233,370.1,1.1,1,2014-09-25,0118,Terra,MODIS,100,6.2,304.9,118.9,D,0
-19.3386,133.2614,336.2,1.1,1,2014-09-25,0118,Terra,MODIS,66,6.2,307.6,24.8,D,0
-19.337,133.2511,336,1.1,1,2014-09-25,0118,Terra,MODIS,83,6.2,306.1,26.5,D,0
-19.3117,133.2129,352.5,1.1,1,2014-09-25,0118,Terra,MODIS,95,6.2,301.8,64.1,D,0
-19.3243,133.232,342.8,1.1,1,2014-09-25,0118,Terra,MODIS,89,6.2,304,40.3,D,0
-19.3215,133.2749,336.6,1.1,1,2014-09-25,0118,Terra,MODIS,37,6.2,309.1,22.7,D,0
-19.31,133.2025,396.9,1.1,1,2014-09-25,0118,Terra,MODIS,100,6.2,307.2,257.2,D,0
-19.3199,133.2646,339.6,1.1,1,2014-09-25,0118,Terra,MODIS,59,6.2,311.1,27.9,D,0
-19.3182,133.2543,367.2,1.1,1,2014-09-25,0118,Terra,MODIS,100,6.2,314.3,102.2,D,0
-19.3166,133.244,433.4,1.1,1,2014-09-25,0118,Terra,MODIS,100,6.2,325.5,574.4,D,0
-19.315,133.2336,466,1.1,1,2014-09-25,0118,Terra,MODIS,100,6.2,329.6,1059.4,D,0
-19.3089,133.2559,360.4,1.1,1,2014-09-25,0118,Terra,MODIS,100,6.2,310.5,80.6,D,0
-19.3072,133.2456,366.2,1.1,1,2014-09-25,0118,Terra,MODIS,100,6.2,312.7,100.8,D,0
-19.3227,133.2217,335.2,1.1,1,2014-09-25,0118,Terra,MODIS,82,6.2,300.8,28.2,D,0
-20.5485,119.6446,328.5,3.5,1.8,2014-09-25,0256,Terra,MODIS,72,6.2,312.4,78.1,D,0
-20.5516,119.678,326.5,3.5,1.8,2014-09-25,0256,Terra,MODIS,69,6.2,312.9,65.3,D,0
-22.7848,117.9968,344.2,2.8,1.6,2014-09-25,0257,Terra,MODIS,90,6.2,313.5,170.5,D,0
-22.8018,118.0228,324.1,2.8,1.6,2014-09-25,0257,Terra,MODIS,48,6.2,310.8,39.3,D,0
-22.7221,117.9793,322.8,2.8,1.6,2014-09-25,0257,Terra,MODIS,52,6.2,308.7,37.5,D,0
-22.7256,118.0414,332,2.8,1.6,2014-09-25,0257,Terra,MODIS,75,6.2,309.7,78.1,D,0
-22.6728,117.8019,328.3,2.7,1.6,2014-09-25,0257,Terra,MODIS,65,6.2,308.6,61.1,D,0
-22.7273,118.0352,330.6,2.8,1.6,2014-09-25,0257,Terra,MODIS,76,6.2,308.8,73.7,D,0
-22.7065,117.8509,332.7,2.7,1.6,2014-09-25,0257,Terra,MODIS,76,6.2,307.1,79.2,D,0
-22.6762,117.7968,326.3,2.7,1.6,2014-09-25,0257,Terra,MODIS,30,6.2,308.8,50.4,D,0
-22.7096,117.8454,326.1,2.7,1.6,2014-09-25,0257,Terra,MODIS,51,6.2,306.5,47,D,0
-22.7366,117.9789,320.6,2.8,1.6,2014-09-25,0257,Terra,MODIS,30,6.2,308,27.4,D,0
-22.7802,117.9767,335.5,2.8,1.6,2014-09-25,0257,Terra,MODIS,82,6.2,312.2,104.3,D,0
-22.7829,118.004,338.2,2.8,1.6,2014-09-25,0257,Terra,MODIS,85,6.2,313,123.4,D,0
-22.7855,118.0315,321.8,2.8,1.6,2014-09-25,0257,Terra,MODIS,27,6.2,311.2,27,D,0
-22.8001,118.0301,325.1,2.8,1.6,2014-09-25,0257,Terra,MODIS,61,6.2,311.2,44.5,D,0
-22.7823,117.9696,325.1,2.8,1.6,2014-09-25,0257,Terra,MODIS,66,6.2,311.6,45.2,D,0
-40.9376,147.9484,319.5,1.2,1.1,2014-09-25,0357,Aqua,MODIS,79,6.2,286.5,23.2,D,0
-42.0302,147.6677,306.6,1.3,1.1,2014-09-25,0357,Aqua,MODIS,64,6.2,278.2,12.1,D,0
-28.2384,150.1899,313,1.1,1,2014-09-25,0401,Aqua,MODIS,54,6.2,299.4,5.5,D,0
-28.2366,150.2011,316.6,1.1,1,2014-09-25,0401,Aqua,MODIS,70,6.2,299.9,8.8,D,0
-25.4947,151.1587,327.2,1.3,1.1,2014-09-25,0401,Aqua,MODIS,79,6.2,301.9,25.5,D,0
-25.1498,151.1761,334.9,1.4,1.2,2014-09-25,0401,Aqua,MODIS,86,6.2,300.1,40.1,D,0
-26.9116,152.3912,326.4,1.5,1.2,2014-09-25,0401,Aqua,MODIS,81,6.2,301.2,26.4,D,0
-25.6402,150.9,313.4,1.3,1.1,2014-09-25,0401,Aqua,MODIS,42,6.2,297.6,5.9,D,0
-25.5078,150.711,326.9,1.3,1.1,2014-09-25,0401,Aqua,MODIS,79,6.2,301.7,21.8,D,0
-26.9113,152.2683,315.5,1.5,1.2,2014-09-25,0401,Aqua,MODIS,44,6.2,296.7,9.4,D,0
-25.6313,151.379,317.2,1.4,1.2,2014-09-25,0401,Aqua,MODIS,64,6.2,300.8,8.8,D,0
-25.5057,150.7235,330.7,1.3,1.1,2014-09-25,0401,Aqua,MODIS,82,6.2,301.4,29,D,0
-25.5067,150.7166,331.7,1.3,1.1,2014-09-25,0401,Aqua,MODIS,83,6.2,301.8,31.2,D,0
-25.5047,150.729,319,1.3,1.1,2014-09-25,0401,Aqua,MODIS,64,6.2,300.5,12,D,0
-25.4988,150.7019,326.6,1.3,1.1,2014-09-25,0401,Aqua,MODIS,78,6.2,301.1,20.9,D,0
-25.4967,150.7145,344.5,1.3,1.1,2014-09-25,0401,Aqua,MODIS,92,6.2,302.1,59,D,0
-27.3956,153.0964,335.2,1.6,1.3,2014-09-25,0401,Aqua,MODIS,87,6.2,294.8,55.2,D,0
-27.3986,153.0802,317.9,1.6,1.2,2014-09-25,0401,Aqua,MODIS,49,6.2,295,13.8,D,0
-27.3981,153.0912,328.8,1.6,1.3,2014-09-25,0401,Aqua,MODIS,82,6.2,293.5,37.9,D,0
-27.384,153.1048,319.7,1.6,1.3,2014-09-25,0401,Aqua,MODIS,64,6.2,295.3,21.1,D,0
-27.387,153.0886,329.9,1.6,1.3,2014-09-25,0401,Aqua,MODIS,83,6.2,295.8,42.6,D,0
-26.5333,141.7991,326.3,1.8,1.3,2014-09-25,0401,Aqua,MODIS,57,6.2,310.7,22.5,D,0
-26.5351,141.7812,328.7,1.8,1.3,2014-09-25,0401,Aqua,MODIS,69,6.2,308.6,28.6,D,0
-26.5266,141.7912,327.2,1.8,1.3,2014-09-25,0401,Aqua,MODIS,59,6.2,308.1,23.8,D,0
-25.1425,151.1828,319.6,1.4,1.2,2014-09-25,0401,Aqua,MODIS,65,6.2,299,12.9,D,0
-25.1448,151.1696,329.5,1.4,1.2,2014-09-25,0401,Aqua,MODIS,82,6.2,298.6,30.1,D,0
-26.767,152.102,320.4,1.4,1.2,2014-09-25,0401,Aqua,MODIS,53,6.2,296.6,18,D,0
-26.9008,152.3886,321.8,1.5,1.2,2014-09-25,0401,Aqua,MODIS,77,6.2,300.9,18.9,D,0
-22.2368,150.0199,319.7,1.3,1.1,2014-09-25,0402,Aqua,MODIS,66,6.2,298.6,13.8,D,0
-23.3569,147.4034,318.5,1,1,2014-09-25,0402,Aqua,MODIS,60,6.2,301.6,8.5,D,0
-23.3584,147.3936,326.4,1,1,2014-09-25,0402,Aqua,MODIS,78,6.2,301.8,17,D,0
-24.9692,149.5621,327.9,1.1,1.1,2014-09-25,0402,Aqua,MODIS,67,6.2,298.1,21.7,D,0
-24.9769,149.5751,320,1.1,1.1,2014-09-25,0402,Aqua,MODIS,65,6.2,298.1,12.2,D,0
-23.9027,149.9329,338,1.2,1.1,2014-09-25,0402,Aqua,MODIS,88,6.2,302.2,40.1,D,0
-23.9047,149.9211,341.5,1.2,1.1,2014-09-25,0402,Aqua,MODIS,91,6.2,301.3,48.3,D,0
-23.8929,149.931,338.6,1.2,1.1,2014-09-25,0402,Aqua,MODIS,89,6.2,299.6,41.7,D,0
-23.8949,149.9192,336.7,1.2,1.1,2014-09-25,0402,Aqua,MODIS,88,6.2,300.2,38.5,D,0
-22.9382,149.6896,314.1,1.2,1.1,2014-09-25,0402,Aqua,MODIS,26,6.2,297,6.6,D,0
-22.9401,149.6779,321.1,1.2,1.1,2014-09-25,0402,Aqua,MODIS,71,6.2,299.4,15.4,D,0
-22.7161,149.7319,352.4,1.2,1.1,2014-09-25,0402,Aqua,MODIS,91,6.2,304.1,76.8,D,0
-22.7181,149.7201,324.2,1.2,1.1,2014-09-25,0402,Aqua,MODIS,49,6.2,302.8,14.8,D,0
-22.7138,149.7368,338.5,1.2,1.1,2014-09-25,0402,Aqua,MODIS,83,6.2,301.1,40.6,D,0
-22.7157,149.725,334.3,1.2,1.1,2014-09-25,0402,Aqua,MODIS,78,6.2,304.1,31.5,D,0
-24.956,149.5527,324.8,1.1,1.1,2014-09-25,0402,Aqua,MODIS,75,6.2,297.7,18.5,D,0
-22.1894,150.0693,318.5,1.3,1.1,2014-09-25,0402,Aqua,MODIS,54,6.2,299.9,11.3,D,0
-22.1982,150.0637,316.4,1.3,1.1,2014-09-25,0402,Aqua,MODIS,32,6.2,299.9,9.2,D,0
-24.9466,149.5508,320.2,1.1,1.1,2014-09-25,0402,Aqua,MODIS,51,6.2,298.9,14.1,D,0
-23.5751,150.6597,326.4,1.3,1.1,2014-09-25,0402,Aqua,MODIS,72,6.2,294.6,25,D,0
-23.3754,149.6488,327.2,1.2,1.1,2014-09-25,0402,Aqua,MODIS,80,6.2,298.6,22.3,D,0
-23.3773,149.6373,340.3,1.2,1.1,2014-09-25,0402,Aqua,MODIS,90,6.2,300.3,46.7,D,0
-23.375,149.6432,339.3,1.2,1.1,2014-09-25,0402,Aqua,MODIS,89,6.2,300.4,45.7,D,0
-23.3768,149.6316,325.6,1.2,1.1,2014-09-25,0402,Aqua,MODIS,78,6.2,300.2,21.7,D,0
-24.584,150.4026,329.1,1.2,1.1,2014-09-25,0402,Aqua,MODIS,82,6.2,300.4,28.6,D,0
-22.2194,148.9942,319.8,1.1,1.1,2014-09-25,0402,Aqua,MODIS,36,6.2,298.1,10.2,D,0
-24.1173,150.793,328.8,1.3,1.1,2014-09-25,0402,Aqua,MODIS,82,6.2,301,28.9,D,0
-24.1196,150.7798,322.7,1.3,1.1,2014-09-25,0402,Aqua,MODIS,75,6.2,300.1,18.9,D,0
-24.1117,150.7864,317.6,1.3,1.1,2014-09-25,0402,Aqua,MODIS,62,6.2,300.9,9.8,D,0
-23.8106,149.3035,319.8,1.1,1.1,2014-09-25,0402,Aqua,MODIS,58,6.2,299.6,11.2,D,0
-23.1214,149.8843,326.4,1.2,1.1,2014-09-25,0402,Aqua,MODIS,74,6.2,297.4,20.6,D,0
-23.1116,149.8824,325.9,1.2,1.1,2014-09-25,0402,Aqua,MODIS,70,6.2,303,20.5,D,0
-23.1135,149.8705,322.8,1.2,1.1,2014-09-25,0402,Aqua,MODIS,63,6.2,302.3,16.8,D,0
-22.6336,145.9758,331.7,1,1,2014-09-25,0402,Aqua,MODIS,78,6.2,307.7,18.5,D,0
-22.6323,145.9856,326.9,1,1,2014-09-25,0402,Aqua,MODIS,70,6.2,306.3,12.2,D,0
-22.635,145.966,326.3,1,1,2014-09-25,0402,Aqua,MODIS,69,6.2,308.4,11.9,D,0
-22.6407,145.9825,325.9,1,1,2014-09-25,0402,Aqua,MODIS,57,6.2,307.7,9.1,D,0
-22.6273,145.9547,340.1,1,1,2014-09-25,0402,Aqua,MODIS,87,6.2,309,30.5,D,0
-22.626,145.9645,333.3,1,1,2014-09-25,0402,Aqua,MODIS,80,6.2,307.5,20,D,0
-19.3439,146.6019,349.2,1,1,2014-09-25,0403,Aqua,MODIS,94,6.2,306.4,48.9,D,0
-17.06,138.6471,326.2,2.2,1.4,2014-09-25,0404,Aqua,MODIS,31,6.2,307.1,27,D,0
-17.0619,138.6402,331.2,2.2,1.4,2014-09-25,0404,Aqua,MODIS,70,6.2,307.3,46.9,D,0
-17.6165,138.5346,330.7,2.3,1.5,2014-09-25,0404,Aqua,MODIS,73,6.2,312.4,44.5,D,0
-17.6188,138.5129,343.1,2.3,1.5,2014-09-25,0404,Aqua,MODIS,88,6.2,311.6,111.8,D,0
-17.6033,138.533,353.2,2.3,1.5,2014-09-25,0404,Aqua,MODIS,96,6.2,312.4,174.3,D,0
-17.6055,138.5113,338.6,2.3,1.5,2014-09-25,0404,Aqua,MODIS,84,6.2,312.7,81.1,D,0
-17.6199,138.5281,334.6,2.3,1.5,2014-09-25,0404,Aqua,MODIS,80,6.2,311.9,63.2,D,0
-17.6224,138.5064,328.1,2.3,1.5,2014-09-25,0404,Aqua,MODIS,67,6.2,310.1,35.4,D,0
-17.6042,138.5482,331.1,2.3,1.5,2014-09-25,0404,Aqua,MODIS,69,6.2,310.6,40.9,D,0
-17.6066,138.5265,343.4,2.3,1.5,2014-09-25,0404,Aqua,MODIS,89,6.2,313.3,105.5,D,0
-17.6091,138.5048,345,2.3,1.5,2014-09-25,0404,Aqua,MODIS,90,6.2,312.6,119.6,D,0
-17.5934,138.5249,344.8,2.3,1.5,2014-09-25,0404,Aqua,MODIS,90,6.2,309.9,115.2,D,0
-17.5958,138.5032,335.9,2.3,1.5,2014-09-25,0404,Aqua,MODIS,58,6.2,310.5,67.6,D,0
-17.5825,138.5016,354.1,2.3,1.5,2014-09-25,0404,Aqua,MODIS,96,6.2,308.2,191.6,D,0
-15.4781,145.0316,330.4,1,1,2014-09-25,0404,Aqua,MODIS,45,6.2,304.6,13.8,D,0
-15.4824,144.9376,325.3,1,1,2014-09-25,0404,Aqua,MODIS,61,6.2,309.5,6.8,D,0
-15.4768,145.0409,347.9,1,1,2014-09-25,0404,Aqua,MODIS,93,6.2,305.6,44.4,D,0
-15.4588,145.0381,323.9,1,1,2014-09-25,0404,Aqua,MODIS,39,6.2,302.5,9.9,D,0
-15.1534,143.8152,349.4,1,1,2014-09-25,0404,Aqua,MODIS,94,6.2,309.6,47.3,D,0
-15.1442,143.8138,325,1,1,2014-09-25,0404,Aqua,MODIS,67,6.2,308,8.1,D,0
-15.1613,143.7578,334.5,1,1,2014-09-25,0404,Aqua,MODIS,50,6.2,310.2,17.5,D,0
-15.1495,143.7756,350.4,1,1,2014-09-25,0404,Aqua,MODIS,94,6.2,309.2,48.9,D,0
-15.1521,143.7564,346.6,1,1,2014-09-25,0404,Aqua,MODIS,90,6.2,307.9,41.4,D,0
-15.1508,143.766,347.8,1,1,2014-09-25,0404,Aqua,MODIS,86,6.2,309.7,43.1,D,0
-15.1534,143.7469,332.2,1,1,2014-09-25,0404,Aqua,MODIS,55,6.2,306,17.6,D,0
-16.0667,144.4452,323.3,1,1,2014-09-25,0404,Aqua,MODIS,32,6.2,296.2,11.1,D,0
-15.9886,145.3187,327.6,1,1,2014-09-25,0404,Aqua,MODIS,70,6.2,302.8,18.8,D,0
-15.9796,145.3173,344.6,1,1,2014-09-25,0404,Aqua,MODIS,92,6.2,306.9,43.1,D,0
-15.981,145.308,361.4,1,1,2014-09-25,0404,Aqua,MODIS,100,6.2,305.9,81.6,D,0
-15.99,145.3094,350.1,1,1,2014-09-25,0404,Aqua,MODIS,95,6.2,302.2,55.4,D,0
-17.6078,138.4894,335.7,2.3,1.5,2014-09-25,0404,Aqua,MODIS,81,6.2,310.2,68.8,D,0
-17.585,138.4798,325.7,2.3,1.5,2014-09-25,0404,Aqua,MODIS,47,6.2,306.3,30.4,D,0
-16.5381,136.7171,337.2,3.1,1.7,2014-09-25,0404,Aqua,MODIS,58,6.2,305.4,124.1,D,0
-16.539,136.7104,333.7,3.1,1.7,2014-09-25,0404,Aqua,MODIS,28,6.2,304.6,100.8,D,0
-14.9703,144.9163,323,1,1,2014-09-25,0404,Aqua,MODIS,44,6.2,304.6,8.5,D,0
-16.6085,136.759,343.4,3,1.7,2014-09-25,0404,Aqua,MODIS,85,6.2,301.4,186.7,D,0
-16.6113,136.7306,339.9,3.1,1.7,2014-09-25,0404,Aqua,MODIS,85,6.2,301.9,166.2,D,0
-16.6101,136.7547,346.3,3,1.7,2014-09-25,0404,Aqua,MODIS,87,6.2,301.4,217.4,D,0
-16.6131,136.7261,338.4,3.1,1.7,2014-09-25,0404,Aqua,MODIS,76,6.2,301.4,151.1,D,0
-14.969,144.9255,330.6,1,1,2014-09-25,0404,Aqua,MODIS,75,6.2,306.2,17.4,D,0
-14.9881,144.9256,322.9,1,1,2014-09-25,0404,Aqua,MODIS,23,6.2,302.2,8.7,D,0
-14.9868,144.9348,340.3,1,1,2014-09-25,0404,Aqua,MODIS,86,6.2,306.1,31,D,0
-14.9931,144.9547,325.1,1,1,2014-09-25,0404,Aqua,MODIS,44,6.2,305.5,10.6,D,0
-14.9958,144.9362,334.2,1,1,2014-09-25,0404,Aqua,MODIS,76,6.2,303.9,21.7,D,0
-14.9945,144.9455,344.2,1,1,2014-09-25,0404,Aqua,MODIS,90,6.2,305.7,38.3,D,0
-15.1547,143.8056,352.8,1,1,2014-09-25,0404,Aqua,MODIS,96,6.2,311.7,54.4,D,0
-15.1456,143.8043,355.7,1,1,2014-09-25,0404,Aqua,MODIS,97,6.2,309.2,62.5,D,0
-15.1469,143.7947,334.3,1,1,2014-09-25,0404,Aqua,MODIS,67,6.2,308.4,19,D,0
-15.1482,143.7852,349.2,1,1,2014-09-25,0404,Aqua,MODIS,94,6.2,309.6,46.3,D,0
-15.4491,143.1313,348.4,1.1,1,2014-09-25,0404,Aqua,MODIS,93,6.2,306.2,49.4,D,0
-15.4545,143.0907,355.7,1.1,1,2014-09-25,0404,Aqua,MODIS,97,6.2,300.4,69.2,D,0
-15.4774,143.063,335.7,1.1,1,2014-09-25,0404,Aqua,MODIS,81,6.2,305.3,24.1,D,0
-15.5653,141.8635,335.4,1.3,1.1,2014-09-25,0404,Aqua,MODIS,69,6.2,309.2,31.9,D,0
-15.1608,145.0686,326.5,1,1,2014-09-25,0404,Aqua,MODIS,59,6.2,307.8,10.9,D,0
-15.9957,145.2058,334.8,1,1,2014-09-25,0404,Aqua,MODIS,85,6.2,302.3,27.3,D,0
-15.243,145.0681,324.1,1,1,2014-09-25,0404,Aqua,MODIS,62,6.2,303.7,11.9,D,0
-15.4477,143.1413,334.9,1.1,1,2014-09-25,0404,Aqua,MODIS,74,6.2,301.9,23.3,D,0
-15.4451,143.0894,329,1.1,1,2014-09-25,0404,Aqua,MODIS,49,6.2,297.1,17.1,D,0
-15.382,143.1559,342.3,1.1,1,2014-09-25,0404,Aqua,MODIS,89,6.2,304.9,38.9,D,0
-15.4532,143.1009,354.7,1.1,1,2014-09-25,0404,Aqua,MODIS,97,6.2,303.9,66.7,D,0
-15.997,145.1965,321.3,1,1,2014-09-25,0404,Aqua,MODIS,53,6.2,303.1,10.1,D,0
-15.4747,143.0833,356.7,1.1,1,2014-09-25,0404,Aqua,MODIS,98,6.2,303.2,69.6,D,0
-15.5037,145.0451,335.8,1,1,2014-09-25,0404,Aqua,MODIS,73,6.2,308.5,20.5,D,0
-15.4559,143.0806,331,1.1,1,2014-09-25,0404,Aqua,MODIS,67,6.2,303.4,18.3,D,0
-14.9935,145.1439,339.7,1,1,2014-09-25,0404,Aqua,MODIS,86,6.2,303.4,32.9,D,0
-15.4813,143.105,328.3,1.1,1,2014-09-25,0404,Aqua,MODIS,71,6.2,304.5,11.4,D,0
-15.4799,143.1151,329.9,1.1,1,2014-09-25,0404,Aqua,MODIS,70,6.2,304.5,13.1,D,0
-15.484,143.0847,328.6,1.1,1,2014-09-25,0404,Aqua,MODIS,46,6.2,307.3,12.2,D,0
-15.4504,143.1212,357.9,1.1,1,2014-09-25,0404,Aqua,MODIS,98,6.2,307.7,74.6,D,0
-15.476,143.0732,365,1.1,1,2014-09-25,0404,Aqua,MODIS,100,6.2,307,95.7,D,0
-15.468,143.0616,337.2,1.1,1,2014-09-25,0404,Aqua,MODIS,76,6.2,305.9,27.9,D,0
-15.3806,143.166,339.7,1.1,1,2014-09-25,0404,Aqua,MODIS,86,6.2,306.5,33.5,D,0
-15.4854,143.0745,344.1,1.1,1,2014-09-25,0404,Aqua,MODIS,90,6.2,308.1,39.5,D,0
-14.9845,145.1425,337.2,1,1,2014-09-25,0404,Aqua,MODIS,83,6.2,305.2,27.9,D,0
-15.6807,145.2905,323.9,1,1,2014-09-25,0404,Aqua,MODIS,36,6.2,302.8,12.6,D,0
-15.6553,145.2705,324.3,1,1,2014-09-25,0404,Aqua,MODIS,51,6.2,307.2,14.9,D,0
-15.6539,145.2798,323.7,1,1,2014-09-25,0404,Aqua,MODIS,54,6.2,303.5,15.4,D,0
-15.691,145.2826,328.7,1,1,2014-09-25,0404,Aqua,MODIS,47,6.2,300.6,19.4,D,0
-15.6883,145.3011,338.4,1,1,2014-09-25,0404,Aqua,MODIS,81,6.2,301.2,33.8,D,0
-15.5344,145.028,337.1,1,1,2014-09-25,0404,Aqua,MODIS,84,6.2,311.6,18.5,D,0
-15.4837,144.9284,326.1,1,1,2014-09-25,0404,Aqua,MODIS,67,6.2,309.2,7.7,D,0
-15.7128,136.1377,324.5,3.3,1.7,2014-09-25,0404,Aqua,MODIS,72,6.2,300.6,55.5,D,0
-13.9654,133.7973,319,4.7,2,2014-09-25,0405,Aqua,MODIS,42,6.2,297.8,39.6,D,0
-12.1886,135.3121,318.2,3.4,1.7,2014-09-25,0405,Aqua,MODIS,42,6.2,297.1,44.9,D,0
-13.6035,135.2512,322.3,3.6,1.8,2014-09-25,0405,Aqua,MODIS,50,6.2,300.4,48.6,D,0
-12.2199,135.4177,324.3,3.4,1.7,2014-09-25,0405,Aqua,MODIS,65,6.2,301,52.9,D,0
-14.9871,134.8769,361.3,4,1.9,2014-09-25,0405,Aqua,MODIS,100,6.2,304.7,571.5,D,0
-14.3586,134.1719,328.8,4.5,1.9,2014-09-25,0405,Aqua,MODIS,82,6.2,305.4,118.8,D,0
-14.991,134.8819,346.3,4,1.9,2014-09-25,0405,Aqua,MODIS,93,6.2,303.9,305.1,D,0
-14.9293,134.9452,328.7,4,1.9,2014-09-25,0405,Aqua,MODIS,57,6.2,304.5,100.1,D,0
-14.924,134.9377,330.8,4,1.9,2014-09-25,0405,Aqua,MODIS,78,6.2,303.9,122.3,D,0
-14.9487,134.8659,355.4,4,1.9,2014-09-25,0405,Aqua,MODIS,98,6.2,304.1,461.9,D,0
-14.9923,134.9897,332.9,3.9,1.8,2014-09-25,0405,Aqua,MODIS,82,6.2,302.9,143.2,D,0
-13.126,142.9387,343.7,1.1,1,2014-09-25,0405,Aqua,MODIS,92,6.2,302.6,43.4,D,0
-12.2163,135.4486,323.3,3.3,1.7,2014-09-25,0405,Aqua,MODIS,68,6.2,301.8,46.7,D,0
-13.1273,142.929,330.2,1.1,1,2014-09-25,0405,Aqua,MODIS,42,6.2,301,20.5,D,0
-14.9535,134.8733,366.9,4,1.9,2014-09-25,0405,Aqua,MODIS,100,6.2,305.9,703.3,D,0
-14.3952,141.8613,379.3,1.2,1.1,2014-09-25,0405,Aqua,MODIS,100,6.2,310.8,178.6,D,0
-14.3937,134.1754,326,4.5,1.9,2014-09-25,0405,Aqua,MODIS,76,6.2,304.4,91.5,D,0
-14.3937,141.8726,352.5,1.2,1.1,2014-09-25,0405,Aqua,MODIS,96,6.2,311.5,66,D,0
-14.3583,134.1684,327,4.5,1.9,2014-09-25,0405,Aqua,MODIS,70,6.2,305.4,99.2,D,0
-14.9703,134.8751,324.7,4,1.9,2014-09-25,0405,Aqua,MODIS,40,6.2,302.6,77.4,D,0
-14.9498,134.9101,347.7,4,1.9,2014-09-25,0405,Aqua,MODIS,94,6.2,307.1,329.4,D,0
-12.8031,143.2737,313.4,1,1,2014-09-25,0405,Aqua,MODIS,58,6.2,290.4,8.6,D,0
-14.933,134.9082,343.4,4,1.9,2014-09-25,0405,Aqua,MODIS,92,6.2,304.6,273.2,D,0
-14.3967,141.85,335.4,1.2,1.1,2014-09-25,0405,Aqua,MODIS,74,6.2,308.9,28.3,D,0
-14.928,134.9008,334.4,4,1.9,2014-09-25,0405,Aqua,MODIS,85,6.2,303.7,166.5,D,0
-12.8018,143.2831,326,1,1,2014-09-25,0405,Aqua,MODIS,79,6.2,293.3,20.8,D,0
-14.3935,134.1718,325.7,4.5,1.9,2014-09-25,0405,Aqua,MODIS,73,6.2,304.3,83.3,D,0
-14.354,134.2099,324.9,4.4,1.9,2014-09-25,0405,Aqua,MODIS,36,6.2,307.3,69.8,D,0
-14.9448,134.9025,359.9,4,1.9,2014-09-25,0405,Aqua,MODIS,99,6.2,306.9,541.9,D,0
-12.8192,135.7124,319.6,3.2,1.7,2014-09-25,0405,Aqua,MODIS,40,6.2,297.5,46.2,D,0
-14.2395,142.0312,359.6,1.2,1.1,2014-09-25,0405,Aqua,MODIS,99,6.2,310.6,86.6,D,0
-14.238,142.0422,345.4,1.2,1.1,2014-09-25,0405,Aqua,MODIS,92,6.2,307.7,45.7,D,0
-14.2297,142.0298,349.2,1.2,1.1,2014-09-25,0405,Aqua,MODIS,94,6.2,309.1,56.7,D,0
-14.2327,142.0078,370.2,1.2,1.1,2014-09-25,0405,Aqua,MODIS,100,6.2,311.1,129.8,D,0
-14.2312,142.0188,361.2,1.2,1.1,2014-09-25,0405,Aqua,MODIS,100,6.2,309.5,93.3,D,0
-14.2567,141.9775,328.4,1.2,1.1,2014-09-25,0405,Aqua,MODIS,44,6.2,309,15.1,D,0
-14.4003,141.976,330.9,1.2,1.1,2014-09-25,0405,Aqua,MODIS,61,6.2,309.3,17.1,D,0
-12.8903,135.321,325.3,3.5,1.8,2014-09-25,0405,Aqua,MODIS,64,6.2,297.7,87.6,D,0
-12.8963,135.3145,331.2,3.5,1.8,2014-09-25,0405,Aqua,MODIS,76,6.2,298.2,131.2,D,0
-14.2356,141.9857,331.6,1.2,1.1,2014-09-25,0405,Aqua,MODIS,47,6.2,308,21.2,D,0
-14.2341,141.9968,385.7,1.2,1.1,2014-09-25,0405,Aqua,MODIS,100,6.2,313.6,210.5,D,0
-14.2552,141.9885,339.4,1.2,1.1,2014-09-25,0405,Aqua,MODIS,85,6.2,308.5,33.2,D,0
-14.4017,141.9649,331.9,1.2,1.1,2014-09-25,0405,Aqua,MODIS,58,6.2,307.8,18.7,D,0
-13.5731,141.9953,319.2,1.2,1.1,2014-09-25,0405,Aqua,MODIS,28,6.2,297.7,9.9,D,0
-15.0041,134.9209,333,4,1.9,2014-09-25,0405,Aqua,MODIS,82,6.2,302.4,142.5,D,0
-15.0005,134.958,365.4,4,1.9,2014-09-25,0405,Aqua,MODIS,100,6.2,305.7,654.7,D,0
-14.9968,134.9949,325.9,3.9,1.8,2014-09-25,0405,Aqua,MODIS,47,6.2,302.5,80.4,D,0
-15.0001,134.9157,330.2,4,1.9,2014-09-25,0405,Aqua,MODIS,66,6.2,303.2,115.4,D,0
-14.9962,134.9528,368.6,4,1.9,2014-09-25,0405,Aqua,MODIS,100,6.2,306.9,726,D,0
-14.3905,141.9747,338.7,1.2,1.1,2014-09-25,0405,Aqua,MODIS,87,6.2,310.1,32.2,D,0
-14.3919,141.9635,329.2,1.2,1.1,2014-09-25,0405,Aqua,MODIS,48,6.2,307.2,15.1,D,0
-13.5925,141.998,335.2,1.2,1.1,2014-09-25,0405,Aqua,MODIS,86,6.2,301.5,30.2,D,0
-13.5896,142.0197,336.5,1.2,1.1,2014-09-25,0405,Aqua,MODIS,81,6.2,298.7,33.7,D,0
-13.5911,142.0089,342.1,1.2,1.1,2014-09-25,0405,Aqua,MODIS,91,6.2,300.8,43.3,D,0
-12.4171,134.1544,325.2,4.2,1.9,2014-09-25,0405,Aqua,MODIS,74,6.2,303.9,78.9,D,0
-12.4147,134.1503,324.4,4.2,1.9,2014-09-25,0405,Aqua,MODIS,77,6.2,303.7,73.2,D,0
-13.464,141.9734,319.5,1.2,1.1,2014-09-25,0405,Aqua,MODIS,52,6.2,280.1,14.9,D,0
-27.7014,120.2901,326.1,1.2,1.1,2014-09-25,0540,Aqua,MODIS,55,6.2,315.6,10.3,D,0
-22.6793,117.7695,417.2,1.4,1.2,2014-09-25,0541,Aqua,MODIS,100,6.2,324.3,591.8,D,0
-22.6777,117.7832,340.3,1.4,1.2,2014-09-25,0541,Aqua,MODIS,83,6.2,317,42.6,D,0
-22.6883,117.7848,351.6,1.4,1.2,2014-09-25,0541,Aqua,MODIS,94,6.2,316.4,78,D,0
-22.676,117.7972,328.3,1.4,1.2,2014-09-25,0541,Aqua,MODIS,44,6.2,315.2,12.2,D,0
-22.8015,118.0049,339.2,1.4,1.2,2014-09-25,0541,Aqua,MODIS,79,6.2,317.7,34.3,D,0
-22.8031,117.9915,337.3,1.4,1.2,2014-09-25,0541,Aqua,MODIS,73,6.2,316.7,30.5,D,0
-22.7878,118.0302,345,1.4,1.2,2014-09-25,0541,Aqua,MODIS,88,6.2,319.4,49.8,D,0
-22.7894,118.0169,338.7,1.4,1.2,2014-09-25,0541,Aqua,MODIS,81,6.2,318.5,33.2,D,0
-22.791,118.0035,335.5,1.4,1.2,2014-09-25,0541,Aqua,MODIS,76,6.2,318.8,26.5,D,0
-22.7926,117.9901,331.2,1.4,1.2,2014-09-25,0541,Aqua,MODIS,65,6.2,319.5,18.1,D,0
-22.749,117.9979,332.9,1.4,1.2,2014-09-25,0541,Aqua,MODIS,56,6.2,317.2,21.2,D,0
-22.7256,118.0571,341.6,1.4,1.2,2014-09-25,0541,Aqua,MODIS,85,6.2,316.4,39.8,D,0
-22.7272,118.0438,337.6,1.4,1.2,2014-09-25,0541,Aqua,MODIS,80,6.2,319.1,31.5,D,0
-22.7303,118.0184,346.7,1.4,1.2,2014-09-25,0541,Aqua,MODIS,90,6.2,314.4,54.9,D,0
-22.7151,118.0561,331.6,1.4,1.2,2014-09-25,0541,Aqua,MODIS,33,6.2,316.7,15.3,D,0
-22.7118,117.9059,336.3,1.4,1.2,2014-09-25,0541,Aqua,MODIS,78,6.2,317.6,30.3,D,0
-22.7019,117.8075,344.6,1.4,1.2,2014-09-25,0541,Aqua,MODIS,88,6.2,314.8,58,D,0
-22.6458,117.7794,333.2,1.4,1.2,2014-09-25,0541,Aqua,MODIS,72,6.2,317.4,24.1,D,0
-22.6441,117.7932,330.6,1.4,1.2,2014-09-25,0541,Aqua,MODIS,65,6.2,316.5,17.3,D,0
-22.6704,117.7541,358.6,1.4,1.2,2014-09-25,0541,Aqua,MODIS,99,6.2,314.3,111.6,D,0
-22.6687,117.7679,393.5,1.4,1.2,2014-09-25,0541,Aqua,MODIS,100,6.2,319,329.8,D,0
-22.6823,117.7906,366.5,1.4,1.2,2014-09-25,0541,Aqua,MODIS,100,6.2,318.4,145.1,D,0
-22.6839,117.7769,346.5,1.4,1.2,2014-09-25,0541,Aqua,MODIS,90,6.2,314.7,63.1,D,0
-22.6855,117.763,388.9,1.4,1.2,2014-09-25,0541,Aqua,MODIS,100,6.2,315.2,298.9,D,0
-22.6866,117.7986,342.3,1.4,1.2,2014-09-25,0541,Aqua,MODIS,85,6.2,316,45.7,D,0
-22.667,117.7819,342.6,1.4,1.2,2014-09-25,0541,Aqua,MODIS,81,6.2,315.5,45.7,D,0
-22.681,117.7556,416.9,1.4,1.2,2014-09-25,0541,Aqua,MODIS,100,6.2,322.2,593.9,D,0
-17.6304,123.1679,348.6,1.1,1.1,2014-09-25,0542,Aqua,MODIS,89,6.2,314.7,43.3,D,0
-17.6382,123.1803,341.3,1.1,1.1,2014-09-25,0542,Aqua,MODIS,82,6.2,315.5,30.6,D,0
-17.6478,123.182,350,1.1,1.1,2014-09-25,0542,Aqua,MODIS,92,6.2,313.9,49.9,D,0
-17.6461,123.1927,367.1,1.1,1.1,2014-09-25,0542,Aqua,MODIS,100,6.2,320.4,101.8,D,0
-17.7191,123.2564,343.4,1.2,1.1,2014-09-25,0542,Aqua,MODIS,69,6.2,320.2,30,D,0
-18.7726,128.9234,328.9,2.7,1.6,2014-09-25,0542,Aqua,MODIS,49,6.2,314.4,40.3,D,0
-17.6187,123.1601,335.8,1.1,1.1,2014-09-25,0542,Aqua,MODIS,71,6.2,319.4,15.9,D,0
-18.5922,128.9781,349,2.7,1.6,2014-09-25,0542,Aqua,MODIS,92,6.2,313.4,179.9,D,0
-18.6111,128.9555,326.7,2.7,1.6,2014-09-25,0542,Aqua,MODIS,49,6.2,312.8,33.2,D,0
-18.6063,128.981,329,2.7,1.6,2014-09-25,0542,Aqua,MODIS,63,6.2,314.1,44.9,D,0
-17.6042,123.1908,343.6,1.2,1.1,2014-09-25,0542,Aqua,MODIS,85,6.2,325.3,28.2,D,0
-17.6715,123.2193,352.3,1.2,1.1,2014-09-25,0542,Aqua,MODIS,94,6.2,323.1,51.3,D,0
-17.6058,123.18,361,1.1,1.1,2014-09-25,0542,Aqua,MODIS,100,6.2,325,78,D,0
-18.768,128.9146,334.8,2.7,1.6,2014-09-25,0542,Aqua,MODIS,76,6.2,314.7,71.6,D,0
-17.0797,127.5549,330.7,2.3,1.5,2014-09-25,0542,Aqua,MODIS,54,6.2,314.7,31.4,D,0
-18.5971,128.9527,355.7,2.7,1.6,2014-09-25,0542,Aqua,MODIS,97,6.2,314.1,242.4,D,0
-18.7725,128.8898,329.2,2.7,1.6,2014-09-25,0542,Aqua,MODIS,57,6.2,313.3,40.6,D,0
-17.6154,123.1816,351.5,1.1,1.1,2014-09-25,0542,Aqua,MODIS,93,6.2,320.2,47.1,D,0
-17.0753,127.5592,328.1,2.3,1.5,2014-09-25,0542,Aqua,MODIS,39,6.2,314.3,22.9,D,0
-18.7773,128.8986,333.5,2.7,1.6,2014-09-25,0542,Aqua,MODIS,74,6.2,313.5,65,D,0
-17.0296,127.4577,331.5,2.3,1.5,2014-09-25,0542,Aqua,MODIS,42,6.2,315.3,36.8,D,0
-17.0333,127.4372,327.8,2.2,1.5,2014-09-25,0542,Aqua,MODIS,23,6.2,312.8,24,D,0
-17.7157,123.2781,338.5,1.2,1.1,2014-09-25,0542,Aqua,MODIS,57,6.2,322.7,19.3,D,0
-17.7174,123.2673,349.9,1.2,1.1,2014-09-25,0542,Aqua,MODIS,92,6.2,322.5,45.8,D,0
-17.6698,123.2301,347.8,1.2,1.1,2014-09-25,0542,Aqua,MODIS,83,6.2,325.2,37.6,D,0
-17.6137,123.1924,348,1.2,1.1,2014-09-25,0542,Aqua,MODIS,90,6.2,318.9,37,D,0
-17.6299,123.151,342.5,1.1,1.1,2014-09-25,0542,Aqua,MODIS,78,6.2,319.8,27.5,D,0
-17.6283,123.1618,360.8,1.1,1.1,2014-09-25,0542,Aqua,MODIS,100,6.2,318.4,77.3,D,0
-17.6321,123.1572,365.8,1.1,1.1,2014-09-25,0542,Aqua,MODIS,100,6.2,319,98.1,D,0
-20.7389,119.47,349.8,1.1,1,2014-09-25,0542,Aqua,MODIS,92,6.2,320.8,44.6,D,0
-20.7335,119.4745,342.6,1.1,1,2014-09-25,0542,Aqua,MODIS,84,6.2,321.2,28.1,D,0
-20.7349,119.464,338.4,1.1,1,2014-09-25,0542,Aqua,MODIS,78,6.2,320.8,20,D,0
-17.4617,131.5213,333.4,4.4,1.9,2014-09-25,0542,Aqua,MODIS,49,6.2,301.6,177.1,D,0
-16.5927,130.733,325.5,4,1.9,2014-09-25,0542,Aqua,MODIS,23,6.2,306.5,59.4,D,0
-20.5573,119.6742,345.1,1.1,1,2014-09-25,0542,Aqua,MODIS,87,6.2,322.1,31.1,D,0
-20.5587,119.6639,347.1,1.1,1,2014-09-25,0542,Aqua,MODIS,89,6.2,322.5,35.6,D,0
-20.5601,119.6536,341.3,1.1,1,2014-09-25,0542,Aqua,MODIS,82,6.2,321.2,23.6,D,0
-17.6359,132.0245,326.2,4.7,2,2014-09-25,0542,Aqua,MODIS,61,6.2,302,112.4,D,0
-17.6275,131.609,363.8,4.4,1.9,2014-09-25,0542,Aqua,MODIS,100,6.2,298.6,711,D,0
-17.6351,131.5729,353.5,4.4,1.9,2014-09-25,0542,Aqua,MODIS,96,6.2,301,498.1,D,0
-17.6268,131.614,368.4,4.4,1.9,2014-09-25,0542,Aqua,MODIS,100,6.2,298.2,845.6,D,0
-17.4969,131.615,328.9,4.5,1.9,2014-09-25,0542,Aqua,MODIS,38,6.2,302,118.6,D,0
-17.6268,132.0687,324.6,4.8,2,2014-09-25,0542,Aqua,MODIS,50,6.2,302.9,93,D,0
-17.5477,131.5405,328.8,4.4,1.9,2014-09-25,0542,Aqua,MODIS,51,6.2,297.3,137.7,D,0
-17.6279,132.0616,327.4,4.8,2,2014-09-25,0542,Aqua,MODIS,61,6.2,302.8,114.6,D,0
-17.5396,131.5815,330.6,4.4,1.9,2014-09-25,0542,Aqua,MODIS,44,6.2,289.6,143.6,D,0
-17.6356,131.5679,336.5,4.4,1.9,2014-09-25,0542,Aqua,MODIS,58,6.2,300.4,212.1,D,0
-17.4983,131.623,330.7,4.5,1.9,2014-09-25,0542,Aqua,MODIS,54,6.2,302.3,138.7,D,0
-16.7283,128.1765,330.6,2.6,1.5,2014-09-25,0542,Aqua,MODIS,68,6.2,316.7,43.1,D,0
-18.4874,128.8646,333.9,2.7,1.6,2014-09-25,0542,Aqua,MODIS,53,6.2,312.3,73.2,D,0
-17.4809,127.4432,336.5,2.2,1.4,2014-09-25,0542,Aqua,MODIS,79,6.2,316.2,54.2,D,0
-17.1816,127.4931,328.7,2.3,1.5,2014-09-25,0542,Aqua,MODIS,59,6.2,316.6,23.1,D,0
-17.052,127.4825,330.8,2.3,1.5,2014-09-25,0542,Aqua,MODIS,20,6.2,314.6,29.3,D,0
-17.5822,125.8872,332.6,1.7,1.3,2014-09-25,0542,Aqua,MODIS,66,6.2,320.9,19.9,D,0
-18.6841,128.8973,326.9,2.7,1.6,2014-09-25,0542,Aqua,MODIS,36,6.2,314.6,30.6,D,0
-17.1298,127.3341,330.7,2.2,1.4,2014-09-25,0542,Aqua,MODIS,44,6.2,312.2,38.5,D,0
-16.7327,128.1523,326.7,2.6,1.5,2014-09-25,0542,Aqua,MODIS,32,6.2,314.5,22.7,D,0
-16.7146,128.1734,340.6,2.6,1.5,2014-09-25,0542,Aqua,MODIS,84,6.2,314.3,96.6,D,0
-16.719,128.1494,335.3,2.6,1.5,2014-09-25,0542,Aqua,MODIS,73,6.2,312.7,61.8,D,0
-16.7008,128.1703,344.1,2.6,1.5,2014-09-25,0542,Aqua,MODIS,88,6.2,317.1,120.8,D,0
-16.7054,128.146,346.6,2.6,1.5,2014-09-25,0542,Aqua,MODIS,90,6.2,314.3,136.7,D,0
-16.7087,128.1644,354.9,2.6,1.5,2014-09-25,0542,Aqua,MODIS,96,6.2,315.3,212.4,D,0
-17.366,125.404,341.5,1.6,1.2,2014-09-25,0542,Aqua,MODIS,83,6.2,313.2,54.6,D,0
-18.6812,128.8921,325.9,2.7,1.6,2014-09-25,0542,Aqua,MODIS,28,6.2,314,27,D,0
-17.5857,123.3101,342.5,1.2,1.1,2014-09-25,0542,Aqua,MODIS,65,6.2,318.9,28,D,0
-17.5874,123.2993,354.4,1.2,1.1,2014-09-25,0542,Aqua,MODIS,95,6.2,324.1,56.9,D,0
-18.5508,128.935,332.8,2.7,1.6,2014-09-25,0542,Aqua,MODIS,59,6.2,312,55.3,D,0
-16.6915,128.1435,328.3,2.6,1.5,2014-09-25,0542,Aqua,MODIS,55,6.2,313.1,29.5,D,0
-17.1591,127.3189,332.6,2.2,1.4,2014-09-25,0542,Aqua,MODIS,27,6.2,312.5,43.3,D,0
-16.6992,128.1376,330.8,2.6,1.5,2014-09-25,0542,Aqua,MODIS,46,6.2,312.8,38.1,D,0
-17.4985,127.4085,330.4,2.2,1.4,2014-09-25,0542,Aqua,MODIS,58,6.2,318.2,27,D,0
-17.4781,127.4476,342.4,2.2,1.4,2014-09-25,0542,Aqua,MODIS,86,6.2,316.1,86.7,D,0
-17.4773,127.4637,333.7,2.2,1.4,2014-09-25,0542,Aqua,MODIS,74,6.2,315.8,43.1,D,0
-17.3653,125.397,333.9,1.6,1.2,2014-09-25,0542,Aqua,MODIS,58,6.2,312.7,31.1,D,0
-16.7129,128.1406,332.8,2.6,1.5,2014-09-25,0542,Aqua,MODIS,49,6.2,313.3,46.5,D,0
-17.5698,123.285,336.3,1.2,1.1,2014-09-25,0542,Aqua,MODIS,60,6.2,324.3,13.9,D,0
-17.5681,123.2959,344.9,1.2,1.1,2014-09-25,0542,Aqua,MODIS,86,6.2,321.3,33,D,0
-17.5777,123.2976,337.8,1.2,1.1,2014-09-25,0542,Aqua,MODIS,54,6.2,321.3,17.7,D,0
-17.1316,127.3974,328.9,2.2,1.4,2014-09-25,0542,Aqua,MODIS,53,6.2,315.4,26.7,D,0
-17.3629,125.4118,337.7,1.6,1.2,2014-09-25,0542,Aqua,MODIS,71,6.2,314.7,39.9,D,0
-16.6477,130.6285,328.9,3.9,1.8,2014-09-25,0542,Aqua,MODIS,66,6.2,305,97.7,D,0
-16.6514,130.6339,334.9,3.9,1.8,2014-09-25,0542,Aqua,MODIS,78,6.2,305.5,158.6,D,0
-17.1353,127.3771,347.1,2.2,1.4,2014-09-25,0542,Aqua,MODIS,90,6.2,316,117.1,D,0
-16.3412,127.8439,346.8,2.5,1.5,2014-09-25,0543,Aqua,MODIS,90,6.2,316.2,133.4,D,0
-16.7456,124.2083,344.1,1.3,1.1,2014-09-25,0543,Aqua,MODIS,87,6.2,316.4,41.2,D,0
-16.3547,127.8472,333.2,2.5,1.5,2014-09-25,0543,Aqua,MODIS,42,6.2,316.5,48.8,D,0
-16.7354,124.2064,339.9,1.3,1.1,2014-09-25,0543,Aqua,MODIS,78,6.2,317.7,28.6,D,0
-15.6806,127.6281,335.3,2.5,1.5,2014-09-25,0543,Aqua,MODIS,56,6.2,316.3,55.1,D,0
-16.3454,127.821,377.7,2.5,1.5,2014-09-25,0543,Aqua,MODIS,100,6.2,315.6,468.7,D,0
-15.8254,130.5107,333,4,1.9,2014-09-25,0543,Aqua,MODIS,75,6.2,306.8,117.5,D,0
-16.4766,124.3641,406.7,1.4,1.2,2014-09-25,0543,Aqua,MODIS,100,6.2,323.4,452.4,D,0
-16.6142,124.2756,335.9,1.4,1.2,2014-09-25,0543,Aqua,MODIS,48,6.2,319.5,18.9,D,0
-15.6366,127.588,363.9,2.5,1.5,2014-09-25,0543,Aqua,MODIS,100,6.2,319.2,276.7,D,0
-16.4828,124.3255,339.1,1.4,1.2,2014-09-25,0543,Aqua,MODIS,82,6.2,311.4,41.8,D,0
-15.6406,127.5655,348.8,2.4,1.5,2014-09-25,0543,Aqua,MODIS,92,6.2,317.9,137.1,D,0
-16.7787,124.2658,340.7,1.4,1.2,2014-09-25,0543,Aqua,MODIS,53,6.2,318.2,29.9,D,0
-15.6487,127.5205,348.3,2.4,1.5,2014-09-25,0543,Aqua,MODIS,89,6.2,314.4,143.1,D,0
-15.8418,127.5482,339.8,2.4,1.5,2014-09-25,0543,Aqua,MODIS,84,6.2,318.8,72.2,D,0
-16.7958,122.7357,340.8,1.1,1.1,2014-09-25,0543,Aqua,MODIS,84,6.2,322.5,28,D,0
-16.4661,124.3626,338.6,1.4,1.2,2014-09-25,0543,Aqua,MODIS,55,6.2,311.1,41.7,D,0
-16.464,124.3753,368.3,1.4,1.2,2014-09-25,0543,Aqua,MODIS,94,6.2,312.4,153.9,D,0
-16.8181,122.6541,366,1.1,1.1,2014-09-25,0543,Aqua,MODIS,100,6.2,317.1,102.2,D,0
-16.6265,124.2651,357.7,1.4,1.2,2014-09-25,0543,Aqua,MODIS,98,6.2,316.3,88.8,D,0
-16.6245,124.2776,342.2,1.4,1.2,2014-09-25,0543,Aqua,MODIS,76,6.2,315.5,34.7,D,0
-16.6247,124.2586,360.6,1.4,1.2,2014-09-25,0543,Aqua,MODIS,100,6.2,317.5,101.7,D,0
-16.6226,124.2712,360.4,1.4,1.2,2014-09-25,0543,Aqua,MODIS,100,6.2,318.2,101.1,D,0
-16.8354,122.6676,333.2,1.1,1.1,2014-09-25,0543,Aqua,MODIS,46,6.2,309.4,18.9,D,0
-16.8259,122.666,378,1.1,1.1,2014-09-25,0543,Aqua,MODIS,100,6.2,318.3,146.5,D,0
-16.8338,122.678,411.4,1.1,1.1,2014-09-25,0543,Aqua,MODIS,100,6.2,324.6,361.3,D,0
-16.8053,122.7372,373.6,1.1,1.1,2014-09-25,0543,Aqua,MODIS,100,6.2,323.5,125.6,D,0
-16.8306,122.6988,368.5,1.1,1.1,2014-09-25,0543,Aqua,MODIS,100,6.2,320.5,104.2,D,0
-16.8322,122.6884,410.4,1.1,1.1,2014-09-25,0543,Aqua,MODIS,100,6.2,328.3,350.4,D,0
-16.4745,124.3769,421.9,1.4,1.2,2014-09-25,0543,Aqua,MODIS,100,6.2,324.4,640.1,D,0
-16.4976,124.367,337,1.4,1.2,2014-09-25,0543,Aqua,MODIS,67,6.2,313.8,35.3,D,0
-16.4724,124.3899,355.5,1.4,1.2,2014-09-25,0543,Aqua,MODIS,73,6.2,304.6,93.7,D,0
-16.8165,122.6644,346.4,1.1,1.1,2014-09-25,0543,Aqua,MODIS,61,6.2,317.9,42.1,D,0
-16.6122,124.2883,345.6,1.4,1.2,2014-09-25,0543,Aqua,MODIS,89,6.2,319.9,43.9,D,0
-16.4871,124.3655,362,1.4,1.2,2014-09-25,0543,Aqua,MODIS,100,6.2,314,122.6,D,0
-16.8085,122.7164,390.8,1.1,1.1,2014-09-25,0543,Aqua,MODIS,100,6.2,327.6,210.8,D,0
-16.2327,127.9412,327.9,2.5,1.5,2014-09-25,0543,Aqua,MODIS,36,6.2,315.4,33.4,D,0
-15.646,127.6138,336.9,2.5,1.5,2014-09-25,0543,Aqua,MODIS,80,6.2,316.7,64.1,D,0
-15.6325,127.6111,346.5,2.5,1.5,2014-09-25,0543,Aqua,MODIS,91,6.2,316.2,126.6,D,0
-16.8069,122.7268,412.1,1.1,1.1,2014-09-25,0543,Aqua,MODIS,100,6.2,331,366.3,D,0
-15.7309,127.6598,334.8,2.5,1.5,2014-09-25,0543,Aqua,MODIS,69,6.2,313.8,57.6,D,0
-17.0842,122.5384,357.2,1.1,1,2014-09-25,0543,Aqua,MODIS,98,6.2,326.4,59.5,D,0
-17.0857,122.5283,344.5,1.1,1,2014-09-25,0543,Aqua,MODIS,87,6.2,325.5,27.8,D,0
-17.0618,122.5806,335.5,1.1,1,2014-09-25,0543,Aqua,MODIS,55,6.2,322.5,11.1,D,0
-16.8244,122.6764,372.3,1.1,1.1,2014-09-25,0543,Aqua,MODIS,100,6.2,320.1,118.3,D,0
-16.8228,122.6868,346.8,1.1,1.1,2014-09-25,0543,Aqua,MODIS,64,6.2,318.5,37,D,0
-13.0483,130.7484,322,4.8,2,2014-09-25,0543,Aqua,MODIS,40,6.2,296.3,78.9,D,0
-20.7317,139.4753,312.2,1,1,2014-09-25,1328,Terra,MODIS,84,6.2,293.1,11.2,N,2
-18.481,128.8867,304.5,3.4,1.7,2014-09-25,1329,Terra,MODIS,60,6.2,292.6,35.4,N,0
-17.7009,138.4996,308.1,1,1,2014-09-25,1329,Terra,MODIS,74,6.2,293.6,7.6,N,0
-17.6258,138.5068,310.9,1,1,2014-09-25,1329,Terra,MODIS,17,6.2,295.3,8.5,N,0
-17.6168,138.5092,307.7,1,1,2014-09-25,1329,Terra,MODIS,5,6.2,295.6,6.8,N,0
-17.6182,138.4997,348.1,1,1,2014-09-25,1329,Terra,MODIS,100,6.2,299.6,58.5,N,0
-17.6091,138.4982,312.2,1,1,2014-09-25,1329,Terra,MODIS,70,6.2,294.6,10.1,N,0
-16.8933,132.723,306.7,1.6,1.3,2014-09-25,1329,Terra,MODIS,51,6.2,295.2,11.3,N,0
-16.8819,132.7215,328.2,1.6,1.3,2014-09-25,1329,Terra,MODIS,100,6.2,296.1,49.8,N,0
-16.825,132.7232,306.3,1.6,1.3,2014-09-25,1329,Terra,MODIS,23,6.2,295.1,10.2,N,0
-16.8801,132.7368,315.9,1.6,1.3,2014-09-25,1329,Terra,MODIS,66,6.2,295.7,23.6,N,0
-16.8348,132.7308,309.8,1.6,1.3,2014-09-25,1329,Terra,MODIS,49,6.2,295.2,14.2,N,0
-15.1476,143.7593,303.6,2.1,1.4,2014-09-25,1329,Terra,MODIS,29,6.2,291.9,13.2,N,0
-15.1314,143.7768,302,2.2,1.4,2014-09-25,1329,Terra,MODIS,42,6.2,291.6,10.8,N,0
-15.1349,143.7568,307.8,2.1,1.4,2014-09-25,1329,Terra,MODIS,73,6.2,291.8,21.5,N,0
-15.1325,143.7712,307.2,2.2,1.4,2014-09-25,1329,Terra,MODIS,42,6.2,291.8,18.8,N,0
-15.1359,143.7512,305.9,2.1,1.4,2014-09-25,1329,Terra,MODIS,27,6.2,291.9,15.9,N,0
-17.7748,137.9234,313,1,1,2014-09-25,1329,Terra,MODIS,86,6.2,294.2,11.3,N,0
-17.7761,137.914,304.8,1,1,2014-09-25,1329,Terra,MODIS,62,6.2,293.3,5.7,N,0
-17.6196,138.4902,309.8,1,1,2014-09-25,1329,Terra,MODIS,63,6.2,294.2,8.3,N,0
-17.705,138.4711,343.2,1,1,2014-09-25,1329,Terra,MODIS,100,6.2,298.4,48.5,N,0
-17.7064,138.4617,318,1,1,2014-09-25,1329,Terra,MODIS,96,6.2,296.7,14.8,N,0
-16.6263,136.7458,332,1,1,2014-09-25,1329,Terra,MODIS,100,6.2,298.2,29.6,N,0
-16.6276,136.7363,322.9,1,1,2014-09-25,1329,Terra,MODIS,100,6.2,297.4,18.5,N,0
-16.6289,136.7268,308.2,1,1,2014-09-25,1329,Terra,MODIS,41,6.2,296.2,6.3,N,0
-16.6159,136.7539,316.7,1,1,2014-09-25,1329,Terra,MODIS,94,6.2,296.8,12.9,N,0
-16.6055,136.762,310.5,1,1,2014-09-25,1329,Terra,MODIS,66,6.2,296.4,8.1,N,0
-16.6068,136.7525,308.2,1,1,2014-09-25,1329,Terra,MODIS,52,6.2,295.6,6.1,N,0
-19.2763,133.1955,309.5,1.6,1.3,2014-09-25,1329,Terra,MODIS,78,6.2,294.3,17.5,N,0
-19.2859,133.2126,311.3,1.6,1.3,2014-09-25,1329,Terra,MODIS,70,6.2,294.3,19.8,N,0
-19.2954,133.2296,304.3,1.6,1.3,2014-09-25,1329,Terra,MODIS,2,6.2,293.4,10.8,N,0
-17.5258,131.5463,306.2,2,1.4,2014-09-25,1329,Terra,MODIS,47,6.2,295,14.7,N,0
-17.4859,131.5611,305.6,2,1.4,2014-09-25,1329,Terra,MODIS,65,6.2,294.8,14.7,N,0
-14.0598,132.3778,308.4,1.6,1.2,2014-09-25,1330,Terra,MODIS,16,6.2,294.9,10.9,N,0
-13.8589,131.22,308.4,1.9,1.4,2014-09-25,1330,Terra,MODIS,73,6.2,294.4,17.5,N,0
-14.2495,132.5033,328.3,1.6,1.2,2014-09-25,1330,Terra,MODIS,100,6.2,297.5,44.1,N,0
-14.2477,132.5176,357.2,1.6,1.2,2014-09-25,1330,Terra,MODIS,100,6.2,299.9,144.1,N,0
-14.2921,132.5228,311.9,1.6,1.2,2014-09-25,1330,Terra,MODIS,64,6.2,298.6,12.3,N,0
-14.0518,133.8175,306.4,1.3,1.1,2014-09-25,1330,Terra,MODIS,64,6.2,295.6,7.4,N,0
-14.0605,132.5534,306.5,1.5,1.2,2014-09-25,1330,Terra,MODIS,13,6.2,295.1,8.2,N,0
-13.9839,132.4359,315.6,1.6,1.2,2014-09-25,1330,Terra,MODIS,60,6.2,295.5,20.2,N,0
-13.9856,132.4215,314.3,1.6,1.2,2014-09-25,1330,Terra,MODIS,40,6.2,296,17.9,N,0
-14.104,132.5799,308.1,1.5,1.2,2014-09-25,1330,Terra,MODIS,72,6.2,294,11.6,N,0
-14.1028,132.5733,311.4,1.5,1.2,2014-09-25,1330,Terra,MODIS,81,6.2,294.5,16,N,0
-14.2295,132.5734,310.8,1.5,1.2,2014-09-25,1330,Terra,MODIS,80,6.2,296.9,12.4,N,0
-14.0115,132.3954,309.6,1.6,1.2,2014-09-25,1330,Terra,MODIS,20,6.2,295.7,9.4,N,0
-15.6132,127.5976,306.1,3.8,1.8,2014-09-25,1330,Terra,MODIS,53,6.2,294.4,35.2,N,0
-15.6192,127.605,312.3,3.8,1.8,2014-09-25,1330,Terra,MODIS,84,6.2,294.8,66.8,N,0
-16.214,127.9572,312.4,3.7,1.8,2014-09-25,1330,Terra,MODIS,85,6.2,293.2,65.6,N,0
-13.9911,132.3779,322.1,1.6,1.2,2014-09-25,1330,Terra,MODIS,100,6.2,296.1,32.8,N,0
-14.0022,132.3794,318.3,1.6,1.2,2014-09-25,1330,Terra,MODIS,80,6.2,297.7,24.6,N,0
-15.7038,127.6561,307.2,3.8,1.8,2014-09-25,1330,Terra,MODIS,48,6.2,296.2,37.6,N,0
-15.4563,130.1144,327.8,2.5,1.5,2014-09-25,1330,Terra,MODIS,74,6.2,296.4,94.2,N,0
-15.7202,127.6588,308.3,3.8,1.8,2014-09-25,1330,Terra,MODIS,69,6.2,296.2,45.4,N,0
-15.4589,130.0911,312.2,2.5,1.5,2014-09-25,1330,Terra,MODIS,33,6.2,296.4,32.9,N,0
-14.004,132.3648,321.7,1.6,1.2,2014-09-25,1330,Terra,MODIS,96,6.2,297.8,32,N,0
-14.2459,132.532,325.8,1.6,1.2,2014-09-25,1330,Terra,MODIS,100,6.2,297.1,37.9,N,0
-13.9929,132.3633,323.2,1.6,1.2,2014-09-25,1330,Terra,MODIS,100,6.2,296.8,35.6,N,0
-14.9741,135.0026,305.2,1.1,1.1,2014-09-25,1330,Terra,MODIS,61,6.2,294.1,6.3,N,0
-14.3618,134.1716,306.5,1.2,1.1,2014-09-25,1330,Terra,MODIS,42,6.2,296.5,5.6,N,0
-14.3634,134.166,308.1,1.2,1.1,2014-09-25,1330,Terra,MODIS,12,6.2,296.4,5.9,N,0
-14.9925,134.8658,306.6,1.1,1.1,2014-09-25,1330,Terra,MODIS,67,6.2,294.4,7.1,N,0
-14.4045,134.1601,307.4,1.2,1.1,2014-09-25,1330,Terra,MODIS,33,6.2,296.7,6.5,N,0
-14.406,134.1487,310.4,1.2,1.1,2014-09-25,1330,Terra,MODIS,50,6.2,296.9,9.4,N,0
-12.4202,141.9268,305.3,1.8,1.3,2014-09-25,1330,Terra,MODIS,64,6.2,289.3,14.1,N,0
-15.0021,134.8672,323.2,1.1,1.1,2014-09-25,1330,Terra,MODIS,100,6.2,295.3,23.4,N,0
-14.9939,134.8552,304.8,1.1,1.1,2014-09-25,1330,Terra,MODIS,60,6.2,294.3,5.6,N,0
-11.9453,133.7268,306.4,1.2,1.1,2014-09-25,1331,Terra,MODIS,35,6.2,294.3,6.4,N,0
-11.9474,133.7222,308.4,1.2,1.1,2014-09-25,1331,Terra,MODIS,72,6.2,294.5,8.1,N,0
-11.9468,133.7157,306.7,1.2,1.1,2014-09-25,1331,Terra,MODIS,32,6.2,294.5,6.5,N,0
-11.4415,131.1418,303.4,1.8,1.3,2014-09-25,1331,Terra,MODIS,55,6.2,292.9,9.7,N,0
-12.0795,134.4058,304.8,1.1,1.1,2014-09-25,1331,Terra,MODIS,56,6.2,294.5,5.3,N,0
-22.6352,117.7975,306.1,1.3,1.1,2014-09-25,1506,Terra,MODIS,67,6.2,291.5,11.4,N,0
-22.7191,117.912,319.4,1.3,1.1,2014-09-25,1506,Terra,MODIS,98,6.2,291.9,26.4,N,0
-22.6373,117.7848,305.8,1.3,1.1,2014-09-25,1506,Terra,MODIS,66,6.2,292.1,11,N,0
-22.7429,118.0684,308.3,1.3,1.1,2014-09-25,1506,Terra,MODIS,60,6.2,291.5,13.2,N,0
-22.7436,118.002,308.6,1.3,1.1,2014-09-25,1506,Terra,MODIS,60,6.2,292.3,12.3,N,0
-22.7265,118.0592,305.7,1.3,1.1,2014-09-25,1506,Terra,MODIS,29,6.2,293.1,9,N,0
-22.7451,118.0556,322.6,1.3,1.1,2014-09-25,1506,Terra,MODIS,100,6.2,290.8,31.4,N,0
-22.7393,118.0271,315.7,1.3,1.1,2014-09-25,1506,Terra,MODIS,61,6.2,293.5,19,N,0
-22.7414,118.0145,337.8,1.3,1.1,2014-09-25,1506,Terra,MODIS,100,6.2,295.5,59.5,N,0
-22.735,118.0074,311.5,1.3,1.1,2014-09-25,1506,Terra,MODIS,40,6.2,293.6,13.7,N,0
-22.7348,118.0534,312.3,1.3,1.1,2014-09-25,1506,Terra,MODIS,30,6.2,292.1,14.7,N,0
-20.5459,119.6775,305,1.9,1.3,2014-09-25,1507,Terra,MODIS,62,6.2,289.3,19,N,0
-17.0434,122.619,305.9,3.6,1.8,2014-09-25,1508,Terra,MODIS,39,6.2,292.2,47,N,0
-16.5885,136.7061,303.9,1.4,1.2,2014-09-25,1634,Aqua,MODIS,58,6.2,293.3,9.1,N,0
-16.5869,136.6929,306,1.4,1.2,2014-09-25,1634,Aqua,MODIS,66,6.2,292.8,11.5,N,0
-14.9982,134.879,312.6,1.1,1,2014-09-25,1634,Aqua,MODIS,85,6.2,292.9,12.9,N,0
-14.0192,132.3878,352.4,1,1,2014-09-25,1634,Aqua,MODIS,100,6.2,297.4,65.9,N,0
-14.063,132.3714,385.6,1,1,2014-09-25,1634,Aqua,MODIS,100,6.2,309,180.2,N,0
-14.2512,132.5207,321,1,1,2014-09-25,1634,Aqua,MODIS,100,6.2,297.6,16.5,N,0
-14.2526,132.53,318.5,1,1,2014-09-25,1634,Aqua,MODIS,97,6.2,297.6,13.5,N,0
-14.254,132.5393,313.2,1,1,2014-09-25,1634,Aqua,MODIS,80,6.2,297.9,8.9,N,0
-14.2602,132.5193,310.8,1,1,2014-09-25,1634,Aqua,MODIS,30,6.2,297.4,6.8,N,0
-14.0178,132.3785,349.2,1,1,2014-09-25,1634,Aqua,MODIS,100,6.2,297.3,59.2,N,0
-14.2588,132.51,312.5,1,1,2014-09-25,1634,Aqua,MODIS,70,6.2,296.2,8.6,N,0
-14.013,132.4079,324,1,1,2014-09-25,1634,Aqua,MODIS,100,6.2,295.5,20,N,0
-14.0616,132.3621,337,1,1,2014-09-25,1634,Aqua,MODIS,100,6.2,295,37.9,N,0
-14.0549,132.5636,303.8,1,1,2014-09-25,1634,Aqua,MODIS,36,6.2,293.7,4.5,N,0
-14.0554,132.3822,321.8,1,1,2014-09-25,1634,Aqua,MODIS,100,6.2,294.8,17.1,N,0
-14.0116,132.3986,356.5,1,1,2014-09-25,1634,Aqua,MODIS,100,6.2,301.7,76.6,N,0
-14.0101,132.3893,354,1,1,2014-09-25,1634,Aqua,MODIS,100,6.2,300.7,70.2,N,0
-13.9803,132.438,312.4,1,1,2014-09-25,1634,Aqua,MODIS,76,6.2,294.1,9.7,N,0
-13.9865,132.4179,317.5,1,1,2014-09-25,1634,Aqua,MODIS,95,6.2,294.2,13.8,N,0
-14.0067,132.4912,307.2,1,1,2014-09-25,1634,Aqua,MODIS,67,6.2,293.1,6.6,N,0
-14.0081,132.5005,304.2,1,1,2014-09-25,1634,Aqua,MODIS,41,6.2,293.1,4.9,N,0
-14.0087,132.3799,348.8,1,1,2014-09-25,1634,Aqua,MODIS,100,6.2,301,58.8,N,0
-14.0206,132.3972,351.5,1,1,2014-09-25,1634,Aqua,MODIS,100,6.2,297.3,64.1,N,0
-14.0938,132.5766,306.9,1,1,2014-09-25,1634,Aqua,MODIS,70,6.2,293.7,6.7,N,0
-14.1042,132.5844,301.9,1,1,2014-09-25,1634,Aqua,MODIS,39,6.2,291.4,3.7,N,0
-14.0073,132.3705,313.8,1,1,2014-09-25,1634,Aqua,MODIS,47,6.2,296.8,10.7,N,0
-14.2325,132.5807,311,1,1,2014-09-25,1634,Aqua,MODIS,81,6.2,297.4,7.6,N,0
-14.0644,132.3808,340.9,1,1,2014-09-25,1634,Aqua,MODIS,100,6.2,300.6,43.4,N,0
-14.0658,132.3901,323,1,1,2014-09-25,1634,Aqua,MODIS,100,6.2,295.4,18.9,N,0
-14.0672,132.3995,346.8,1,1,2014-09-25,1634,Aqua,MODIS,100,6.2,298,55.5,N,0
-14.0707,132.3606,308.9,1,1,2014-09-25,1634,Aqua,MODIS,76,6.2,294,7.8,N,0
-14.0721,132.37,382.6,1,1,2014-09-25,1634,Aqua,MODIS,100,6.2,301.1,167.4,N,0
-14.0735,132.3794,342.5,1,1,2014-09-25,1634,Aqua,MODIS,100,6.2,296.4,47,N,0
-13.9935,132.4646,307.2,1,1,2014-09-25,1634,Aqua,MODIS,45,6.2,293.4,6.3,N,0
-15.4592,130.1399,324.5,1.2,1.1,2014-09-25,1634,Aqua,MODIS,100,6.2,297.5,25.9,N,0
-13.9949,132.4739,307.2,1,1,2014-09-25,1634,Aqua,MODIS,33,6.2,292.4,6.3,N,0
-13.9921,132.4553,307.7,1,1,2014-09-25,1634,Aqua,MODIS,38,6.2,293.4,6.3,N,0
-15.4689,130.1383,327.4,1.2,1.1,2014-09-25,1634,Aqua,MODIS,100,6.2,297.6,31,N,0
-15.4557,130.1181,323,1.2,1.1,2014-09-25,1634,Aqua,MODIS,67,6.2,297,25.4,N,0
-15.4574,130.1289,329.4,1.2,1.1,2014-09-25,1634,Aqua,MODIS,100,6.2,298.5,32.9,N,0
-17.3538,125.4085,309.3,2.3,1.5,2014-09-25,1635,Aqua,MODIS,30,6.2,296.5,22.8,N,0
-16.7015,128.1426,307.7,1.5,1.2,2014-09-25,1635,Aqua,MODIS,72,6.2,295,14.4,N,0
-16.6415,130.6222,306.6,1.1,1,2014-09-25,1635,Aqua,MODIS,41,6.2,296,6.8,N,0
-15.6726,127.6498,306.6,1.7,1.3,2014-09-25,1635,Aqua,MODIS,36,6.2,293.8,11.4,N,0
-15.71,127.6603,318.3,1.7,1.3,2014-09-25,1635,Aqua,MODIS,97,6.2,294.8,31.4,N,0
-15.7127,127.6764,306.6,1.7,1.3,2014-09-25,1635,Aqua,MODIS,18,6.2,293.5,11.3,N,0
-16.7382,124.1921,302.4,3,1.6,2014-09-25,1635,Aqua,MODIS,49,6.2,290.6,28.8,N,0
-16.7366,124.1849,303.8,3,1.6,2014-09-25,1635,Aqua,MODIS,46,6.2,290.2,30.1,N,0
-15.7197,127.6683,328.5,1.7,1.3,2014-09-25,1635,Aqua,MODIS,100,6.2,294.5,55.6,N,0
-15.6071,127.6018,308.4,1.7,1.3,2014-09-25,1635,Aqua,MODIS,47,6.2,292.9,14.9,N,0
-16.3152,127.8327,307.6,1.6,1.3,2014-09-25,1635,Aqua,MODIS,72,6.2,295.2,12.6,N,0
-16.3155,127.8417,305.2,1.6,1.3,2014-09-25,1635,Aqua,MODIS,63,6.2,294.2,10.5,N,0
-16.3466,127.8203,310.5,1.6,1.3,2014-09-25,1635,Aqua,MODIS,73,6.2,295.5,16.2,N,0
-16.3492,127.8356,311.9,1.6,1.3,2014-09-25,1635,Aqua,MODIS,84,6.2,294.9,18.4,N,0
-16.3578,127.8183,308.7,1.6,1.3,2014-09-25,1635,Aqua,MODIS,75,6.2,295,14.7,N,0
-16.3604,127.8335,322.2,1.6,1.3,2014-09-25,1635,Aqua,MODIS,100,6.2,296.4,38.3,N,0
-17.3387,125.3752,307.8,2.4,1.5,2014-09-25,1635,Aqua,MODIS,73,6.2,296.5,24.3,N,0
-17.3425,125.3963,310,2.3,1.5,2014-09-25,1635,Aqua,MODIS,79,6.2,297.1,29.6,N,0
-17.3557,125.3936,321.8,2.3,1.5,2014-09-25,1635,Aqua,MODIS,100,6.2,297.2,61.8,N,0
-17.3595,125.4145,315.2,2.3,1.5,2014-09-25,1635,Aqua,MODIS,91,6.2,295.6,40.4,N,0
-17.35,125.3882,313.6,2.3,1.5,2014-09-25,1635,Aqua,MODIS,74,6.2,297.1,34.5,N,0
-17.3668,125.405,318.1,2.3,1.5,2014-09-25,1635,Aqua,MODIS,96,6.2,294.7,48.6,N,0
-19.2846,133.2258,337.2,1,1,2014-09-25,1635,Aqua,MODIS,100,6.2,292.7,41.7,N,0
-17.7393,131.0996,308.7,1,1,2014-09-25,1635,Aqua,MODIS,51,6.2,294.7,7.6,N,0
-17.4971,131.5726,303.4,1,1,2014-09-25,1635,Aqua,MODIS,55,6.2,293.4,5.4,N,0
-19.2597,133.1754,304,1,1,2014-09-25,1635,Aqua,MODIS,58,6.2,292.3,6.5,N,0
-17.5213,131.5491,311.2,1,1,2014-09-25,1635,Aqua,MODIS,82,6.2,294.2,10.4,N,0
-19.2611,133.1852,339.7,1,1,2014-09-25,1635,Aqua,MODIS,100,6.2,294.8,46,N,0
-19.2686,133.1783,326.8,1,1,2014-09-25,1635,Aqua,MODIS,100,6.2,292.6,26.8,N,0
-19.27,133.188,344.6,1,1,2014-09-25,1635,Aqua,MODIS,100,6.2,296.3,54.4,N,0
-19.2859,133.2356,309.6,1,1,2014-09-25,1635,Aqua,MODIS,78,6.2,290.5,10.7,N,0
-17.7378,131.0899,306.5,1,1,2014-09-25,1635,Aqua,MODIS,26,6.2,294.4,6.3,N,0
-19.2713,133.1978,322.6,1,1,2014-09-25,1635,Aqua,MODIS,100,6.2,293.4,21.4,N,0
-19.2727,133.2076,312.5,1,1,2014-09-25,1635,Aqua,MODIS,85,6.2,291.8,12,N,0
-19.2832,133.216,321.3,1,1,2014-09-25,1635,Aqua,MODIS,100,6.2,291.3,20,N,0
-15.7225,127.6841,335.6,1.7,1.3,2014-09-25,1635,Aqua,MODIS,100,6.2,296.3,76.5,N,0
-15.8357,127.5251,301.9,1.7,1.3,2014-09-25,1635,Aqua,MODIS,45,6.2,289.8,9.9,N,0
-15.6611,127.6517,314.6,1.7,1.3,2014-09-25,1635,Aqua,MODIS,90,6.2,293.7,24.4,N,0
-15.6584,127.636,317.2,1.7,1.3,2014-09-25,1635,Aqua,MODIS,95,6.2,293.6,29.6,N,0
-15.6353,127.6401,335.8,1.7,1.3,2014-09-25,1635,Aqua,MODIS,100,6.2,296.1,76.8,N,0
-15.6325,127.6243,343.4,1.7,1.3,2014-09-25,1635,Aqua,MODIS,100,6.2,295.9,104.8,N,0
-15.6237,127.6422,318.9,1.7,1.3,2014-09-25,1635,Aqua,MODIS,82,6.2,293.2,31.2,N,0
-15.621,127.6264,317,1.7,1.3,2014-09-25,1635,Aqua,MODIS,57,6.2,294.1,26.9,N,0
-15.6382,127.6452,311.3,1.7,1.3,2014-09-25,1635,Aqua,MODIS,13,6.2,292.6,17.3,N,0
-15.6356,127.6294,350,1.7,1.3,2014-09-25,1635,Aqua,MODIS,100,6.2,297,133,N,0
-17.0461,122.6221,302.1,3.8,1.8,2014-09-25,1635,Aqua,MODIS,47,6.2,290.2,40.9,N,0
-16.2667,127.8872,325.4,1.6,1.3,2014-09-25,1635,Aqua,MODIS,100,6.2,294.4,45.3,N,0
-16.289,127.8831,304.2,1.6,1.3,2014-09-25,1635,Aqua,MODIS,54,6.2,293.4,10.1,N,0
-15.6267,127.6473,317.4,1.7,1.3,2014-09-25,1635,Aqua,MODIS,95,6.2,293,29.5,N,0
-15.624,127.6315,333,1.7,1.3,2014-09-25,1635,Aqua,MODIS,100,6.2,295.2,68.3,N,0
-15.6098,127.6178,309.6,1.7,1.3,2014-09-25,1635,Aqua,MODIS,66,6.2,293.4,16.6,N,0
-15.7243,127.6745,348.5,1.7,1.3,2014-09-25,1635,Aqua,MODIS,100,6.2,296.7,125.2,N,0
-15.7269,127.6901,324.2,1.7,1.3,2014-09-25,1635,Aqua,MODIS,100,6.2,294.3,43.7,N,0
-15.7357,127.6723,309.3,1.7,1.3,2014-09-25,1635,Aqua,MODIS,74,6.2,293.5,15.9,N,0
-15.7382,127.6872,311,1.7,1.3,2014-09-25,1635,Aqua,MODIS,81,6.2,293.2,18.8,N,0
-15.7339,127.6814,318,1.7,1.3,2014-09-25,1635,Aqua,MODIS,96,6.2,294.7,32.7,N,0
-16.2095,127.9634,305.3,1.6,1.2,2014-09-25,1635,Aqua,MODIS,45,6.2,291.5,11.6,N,0
-15.8105,127.7149,304.5,1.7,1.3,2014-09-25,1635,Aqua,MODIS,61,6.2,290.5,12,N,0
-15.7991,127.717,300.8,1.7,1.3,2014-09-25,1635,Aqua,MODIS,16,6.2,289.8,6.9,N,0
-15.6166,127.5163,316.5,1.8,1.3,2014-09-25,1635,Aqua,MODIS,93,6.2,294.4,30.4,N,0
-18.6034,128.8588,318.6,1.3,1.1,2014-09-25,1635,Aqua,MODIS,97,6.2,295.3,21.7,N,0
-15.8329,127.5091,301,1.8,1.3,2014-09-25,1635,Aqua,MODIS,37,6.2,289.1,9.4,N,0
-18.6053,128.8709,314.9,1.3,1.1,2014-09-25,1635,Aqua,MODIS,70,6.2,294.9,16.9,N,0
-18.6022,128.8535,308,1.3,1.1,2014-09-25,1635,Aqua,MODIS,53,6.2,294.3,10.1,N,0
-18.6042,128.8655,316.6,1.3,1.1,2014-09-25,1635,Aqua,MODIS,93,6.2,294.9,19.8,N,0
-18.6062,128.8776,306.2,1.3,1.1,2014-09-25,1635,Aqua,MODIS,16,6.2,293.6,8.5,N,0
-15.6194,127.5326,320,1.8,1.3,2014-09-25,1635,Aqua,MODIS,99,6.2,294.4,36.8,N,0
-15.6128,127.5116,310.7,1.8,1.3,2014-09-25,1635,Aqua,MODIS,81,6.2,293.6,20,N,0
-15.6156,127.5277,320.9,1.8,1.3,2014-09-25,1635,Aqua,MODIS,100,6.2,294.4,39.2,N,0
-18.6143,128.8638,320.6,1.3,1.1,2014-09-25,1635,Aqua,MODIS,100,6.2,294.3,24.5,N,0
-18.6163,128.8757,316.1,1.3,1.1,2014-09-25,1635,Aqua,MODIS,92,6.2,293.9,18.8,N,0
-18.5448,128.9433,304.7,1.3,1.1,2014-09-25,1635,Aqua,MODIS,51,6.2,290.4,9.2,N,0
-18.5253,128.9413,305.1,1.3,1.1,2014-09-25,1635,Aqua,MODIS,55,6.2,289.5,9.7,N,0
-18.4773,128.9006,304.4,1.3,1.1,2014-09-25,1635,Aqua,MODIS,60,6.2,291.2,9.3,N,0
-18.4753,128.8886,302.9,1.3,1.1,2014-09-25,1635,Aqua,MODIS,52,6.2,292.2,7.8,N,0
-16.8407,132.7235,308.3,1,1,2014-09-25,1635,Aqua,MODIS,71,6.2,293.9,7.3,N,0
-16.8857,132.7166,312.3,1,1,2014-09-25,1635,Aqua,MODIS,56,6.2,295.3,9.6,N,0
-16.8421,132.7328,305,1,1,2014-09-25,1635,Aqua,MODIS,35,6.2,293.5,5.3,N,0
-16.887,132.7259,312.2,1,1,2014-09-25,1635,Aqua,MODIS,60,6.2,295.7,9.5,N,0
-16.6029,130.7438,306.1,1.1,1,2014-09-25,1635,Aqua,MODIS,9,6.2,295.5,6.4,N,0
-16.6123,130.7424,306.4,1.1,1,2014-09-25,1635,Aqua,MODIS,37,6.2,296.1,6.5,N,0
-16.8966,132.7912,303.1,1,1,2014-09-25,1635,Aqua,MODIS,53,6.2,292.2,5.1,N,0
-18.6716,127.4543,303.5,1.6,1.2,2014-09-25,1635,Aqua,MODIS,55,6.2,291.9,10,N,0
-15.8049,130.5731,309.4,1.1,1.1,2014-09-25,1635,Aqua,MODIS,77,6.2,296.3,8,N,0
-18.6664,127.4246,315.3,1.6,1.2,2014-09-25,1635,Aqua,MODIS,91,6.2,293.3,25.5,N,0
-18.669,127.4395,335.5,1.6,1.2,2014-09-25,1635,Aqua,MODIS,100,6.2,294,70,N,0
-22.7283,118.0625,300.1,4.8,2,2014-09-25,1815,Aqua,MODIS,2,6.2,289.1,40.7,N,0
-22.7415,118.0488,301.1,4.8,2,2014-09-25,1815,Aqua,MODIS,10,6.2,288.9,50.3,N,0
-12.4272,141.9226,320.9,3.2,1.7,2014-09-26,0020,Terra,MODIS,73,6.2,301.4,53.3,D,0
-12.8779,142.8963,322.1,2.7,1.6,2014-09-26,0020,Terra,MODIS,65,6.2,300.6,44.3,D,0
-12.9192,142.8568,326.4,2.7,1.6,2014-09-26,0020,Terra,MODIS,80,6.2,301.9,60.4,D,0
-12.8554,142.8811,317.8,2.7,1.6,2014-09-26,0020,Terra,MODIS,28,6.2,300.7,25.2,D,0
-12.9157,142.8645,326,2.7,1.6,2014-09-26,0020,Terra,MODIS,79,6.2,301.8,59.9,D,0
-15.9435,145.0871,322.9,1.6,1.2,2014-09-26,0021,Terra,MODIS,50,6.2,300,25.8,D,0
-13.1265,142.938,316.9,2.6,1.6,2014-09-26,0021,Terra,MODIS,46,6.2,302,22.1,D,0
-15.1374,143.7698,319.1,2.1,1.4,2014-09-26,0021,Terra,MODIS,45,6.2,301.4,17.6,D,0
-15.9692,145.3062,317.3,1.5,1.2,2014-09-26,0021,Terra,MODIS,32,6.2,299.1,14.5,D,0
-14.0993,143.1159,324.9,2.4,1.5,2014-09-26,0021,Terra,MODIS,76,6.2,301,45.1,D,0
-17.0416,138.6072,320.9,4.6,2,2014-09-26,0022,Terra,MODIS,42,6.2,306.1,71.2,D,0
-16.9811,138.5814,338,4.6,2,2014-09-26,0022,Terra,MODIS,85,6.2,303.8,277.7,D,0
-16.9896,138.624,336.8,4.6,2,2014-09-26,0022,Terra,MODIS,84,6.2,304.6,265.6,D,0
-17.0071,138.6202,327.1,4.6,2,2014-09-26,0022,Terra,MODIS,72,6.2,304.9,145.5,D,0
-17.0246,138.6163,327.3,4.6,2,2014-09-26,0022,Terra,MODIS,66,6.2,305.2,135.2,D,0
-16.9803,138.576,331.8,4.6,2,2014-09-26,0022,Terra,MODIS,79,6.2,303.6,196.2,D,0
-16.9891,138.6186,340.7,4.6,2,2014-09-26,0022,Terra,MODIS,88,6.2,304.8,321.7,D,0
-17.0066,138.6148,328.8,4.6,2,2014-09-26,0022,Terra,MODIS,75,6.2,305,157.5,D,0
-17.0241,138.611,327.2,4.6,2,2014-09-26,0022,Terra,MODIS,71,6.2,305.3,133.1,D,0
-17.0494,138.6419,321.3,4.5,2,2014-09-26,0022,Terra,MODIS,30,6.2,305.5,70.6,D,0
-17.6388,138.4722,322,4.5,2,2014-09-26,0022,Terra,MODIS,59,6.2,305.5,79.1,D,0
-17.6312,138.4372,320,4.6,2,2014-09-26,0022,Terra,MODIS,22,6.2,304.6,55.3,D,0
-23.335,147.3795,328.8,1,1,2014-09-26,0023,Terra,MODIS,80,6.2,302.2,20,D,0
-23.3441,147.3779,319.7,1,1,2014-09-26,0023,Terra,MODIS,67,6.2,302.7,10.4,D,0
-24.6968,151.7979,312,1.4,1.2,2014-09-26,0023,Terra,MODIS,58,6.2,299.3,9.8,D,0
-22.1488,146.0704,328.4,1.1,1.1,2014-09-26,0023,Terra,MODIS,76,6.2,303.7,20.1,D,0
-23.7704,150.9051,324.9,1.2,1.1,2014-09-26,0023,Terra,MODIS,77,6.2,303.2,19.1,D,0
-23.7697,150.8867,338.8,1.2,1.1,2014-09-26,0023,Terra,MODIS,89,6.2,302.9,45.5,D,0
-23.7712,150.8984,344.7,1.2,1.1,2014-09-26,0023,Terra,MODIS,92,6.2,304,58.5,D,0
-23.8953,149.9271,318.1,1.1,1,2014-09-26,0023,Terra,MODIS,66,6.2,302.3,8.3,D,0
-23.9758,149.9849,321.8,1.1,1,2014-09-26,0023,Terra,MODIS,74,6.2,302.1,12,D,0
-23.9772,149.9956,331.9,1.1,1,2014-09-26,0023,Terra,MODIS,84,6.2,302.1,25.9,D,0
-24.3437,148.2191,318.7,1,1,2014-09-26,0023,Terra,MODIS,68,6.2,300.3,10.2,D,0
-24.3451,148.229,343,1,1,2014-09-26,0023,Terra,MODIS,91,6.2,301.7,42.6,D,0
-22.166,146.056,340.1,1.1,1.1,2014-09-26,0023,Terra,MODIS,88,6.2,304.1,41,D,0
-22.1678,146.0669,356.7,1.1,1.1,2014-09-26,0023,Terra,MODIS,98,6.2,306.2,81.9,D,0
-22.1583,146.0686,318.6,1.1,1.1,2014-09-26,0023,Terra,MODIS,49,6.2,303,8,D,0
-23.9882,149.6103,312.5,1.1,1,2014-09-26,0023,Terra,MODIS,52,6.2,299.9,6.1,D,0
-23.9896,149.6207,314.6,1.1,1,2014-09-26,0023,Terra,MODIS,60,6.2,299.8,7.9,D,0
-24.8342,148.5623,309.6,1,1,2014-09-26,0023,Terra,MODIS,44,6.2,299.3,4.7,D,0
-22.1346,146.0685,328.4,1.1,1.1,2014-09-26,0023,Terra,MODIS,76,6.2,304.5,19.8,D,0
-23.4006,150.0136,320.6,1.1,1,2014-09-26,0023,Terra,MODIS,70,6.2,302.8,10.8,D,0
-23.41,150.0122,329.6,1.1,1,2014-09-26,0023,Terra,MODIS,81,6.2,304,21.2,D,0
-23.4194,150.0108,330.6,1.1,1,2014-09-26,0023,Terra,MODIS,82,6.2,305.4,22.6,D,0
-24.6985,151.8115,311.3,1.4,1.2,2014-09-26,0023,Terra,MODIS,56,6.2,300.1,8.6,D,0
-22.1364,146.0794,320.8,1.1,1.1,2014-09-26,0023,Terra,MODIS,52,6.2,304.7,9.6,D,0
-22.1459,146.0776,321.4,1.1,1.1,2014-09-26,0023,Terra,MODIS,53,6.2,303.9,10.7,D,0
-23.7689,150.8934,360.3,1.2,1.1,2014-09-26,0023,Terra,MODIS,100,6.2,304.2,102.2,D,0
-22.1442,146.0667,326.6,1.1,1.1,2014-09-26,0023,Terra,MODIS,73,6.2,303.6,17.5,D,0
-26.11,152.048,320.3,1.5,1.2,2014-09-26,0024,Terra,MODIS,73,6.2,306.7,16.2,D,0
-28.235,150.1956,326.9,1.2,1.1,2014-09-26,0024,Terra,MODIS,81,6.2,303.1,22.6,D,0
-28.2365,150.2081,316.9,1.2,1.1,2014-09-26,0024,Terra,MODIS,66,6.2,301.8,9.4,D,0
-31.6935,146.3938,317.1,1,1,2014-09-26,0025,Terra,MODIS,74,6.2,295.2,11.1,D,0
-29.8618,149.8006,315.5,1.2,1.1,2014-09-26,0025,Terra,MODIS,70,6.2,298.3,12.2,D,0
-35.4931,143.9727,308.8,1,1,2014-09-26,0026,Terra,MODIS,68,6.2,293.9,7.6,D,0
-32.6283,147.0304,303.8,1,1,2014-09-26,0026,Terra,MODIS,48,6.2,279.1,7.1,D,0
-32.9173,146.6547,331,1,1,2014-09-26,0026,Terra,MODIS,86,6.2,291.8,28.1,D,0
-32.9239,146.6469,309.2,1,1,2014-09-26,0026,Terra,MODIS,65,6.2,290.4,7,D,0
-32.9254,146.6577,315.1,1,1,2014-09-26,0026,Terra,MODIS,74,6.2,290.6,11.7,D,0
-37.8174,145.3089,301.1,1,1,2014-09-26,0027,Terra,MODIS,27,6.2,285.2,3.1,D,0
-11.4209,132.5412,320.2,2.2,1.4,2014-09-26,0158,Terra,MODIS,46,6.2,299.8,19,D,0
-11.9445,133.7094,327.1,2.7,1.6,2014-09-26,0158,Terra,MODIS,50,6.2,305.2,40.4,D,0
-11.4374,131.1623,351,1.7,1.3,2014-09-26,0158,Terra,MODIS,95,6.2,306.4,108.8,D,0
-11.4479,131.1706,341.2,1.7,1.3,2014-09-26,0158,Terra,MODIS,88,6.2,304.8,62.7,D,0
-11.4333,131.1313,370.4,1.7,1.3,2014-09-26,0158,Terra,MODIS,100,6.2,304.5,225,D,0
-11.4353,131.1468,399.5,1.7,1.3,2014-09-26,0158,Terra,MODIS,100,6.2,310.6,513.1,D,0
-11.4427,131.1142,323.9,1.7,1.3,2014-09-26,0158,Terra,MODIS,14,6.2,302.8,20,D,0
-11.4447,131.1298,382.9,1.7,1.3,2014-09-26,0158,Terra,MODIS,100,6.2,309,329.5,D,0
-11.4562,131.1283,357.2,1.7,1.3,2014-09-26,0158,Terra,MODIS,98,6.2,307.2,137.3,D,0
-11.442,131.1241,370.7,1.7,1.3,2014-09-26,0158,Terra,MODIS,100,6.2,307,224.1,D,0
-11.444,131.1397,348.2,1.7,1.3,2014-09-26,0158,Terra,MODIS,93,6.2,306.8,91.2,D,0
-11.4535,131.1226,358.4,1.7,1.3,2014-09-26,0158,Terra,MODIS,99,6.2,306.5,141.9,D,0
-11.4555,131.1381,350.1,1.7,1.3,2014-09-26,0158,Terra,MODIS,94,6.2,308.3,97.4,D,0
-11.4558,131.2335,327.5,1.7,1.3,2014-09-26,0158,Terra,MODIS,0,6.2,305,27.9,D,0
-11.4394,131.1778,331.7,1.7,1.3,2014-09-26,0158,Terra,MODIS,66,6.2,305.5,36.8,D,0
-11.4509,131.1762,341.5,1.7,1.3,2014-09-26,0158,Terra,MODIS,89,6.2,305.6,65.4,D,0
-11.453,131.1919,369.6,1.7,1.3,2014-09-26,0158,Terra,MODIS,94,6.2,309.3,219,D,0
-11.4551,131.2077,333.7,1.7,1.3,2014-09-26,0158,Terra,MODIS,55,6.2,305.8,40.2,D,0
-11.4498,131.1863,357.5,1.7,1.3,2014-09-26,0158,Terra,MODIS,98,6.2,307.9,139.6,D,0
-11.4518,131.2021,343.3,1.7,1.3,2014-09-26,0158,Terra,MODIS,78,6.2,307.7,73.3,D,0
-12.9005,135.3143,325.8,3.8,1.8,2014-09-26,0159,Terra,MODIS,69,6.2,295.2,87.3,D,0
-13.4327,135.0813,329.2,3.7,1.8,2014-09-26,0159,Terra,MODIS,71,6.2,304.5,80.2,D,0
-12.843,134.8916,325.7,3.5,1.8,2014-09-26,0159,Terra,MODIS,53,6.2,305.5,44.4,D,0
-12.8563,134.9165,325.9,3.5,1.8,2014-09-26,0159,Terra,MODIS,26,6.2,306.5,55.6,D,0
-12.8527,134.8848,326.1,3.5,1.8,2014-09-26,0159,Terra,MODIS,57,6.2,305.2,53.1,D,0
-12.8934,135.3207,325.4,3.8,1.8,2014-09-26,0159,Terra,MODIS,68,6.2,296.6,81.4,D,0
-14.9976,134.9113,331.6,3.7,1.8,2014-09-26,0159,Terra,MODIS,28,6.2,310.6,81.1,D,0
-13.4405,135.0737,328.7,3.7,1.8,2014-09-26,0159,Terra,MODIS,70,6.2,305.2,78.2,D,0
-14.9938,134.8767,334.8,3.7,1.8,2014-09-26,0159,Terra,MODIS,67,6.2,310.6,107,D,0
-12.2306,133.3074,330.9,2.6,1.5,2014-09-26,0159,Terra,MODIS,78,6.2,303.1,60.3,D,0
-14.9414,134.8471,336.5,3.7,1.8,2014-09-26,0159,Terra,MODIS,82,6.2,310.3,135.7,D,0
-14.9178,135.0971,322.4,3.8,1.8,2014-09-26,0159,Terra,MODIS,24,6.2,307,50.6,D,0
-14.9887,134.907,331.6,3.7,1.8,2014-09-26,0159,Terra,MODIS,35,6.2,309.5,81.9,D,0
-14.4125,134.1355,328.2,3.2,1.7,2014-09-26,0159,Terra,MODIS,67,6.2,307.3,62.1,D,0
-14.3727,134.1747,332.7,3.2,1.7,2014-09-26,0159,Terra,MODIS,77,6.2,309.5,88,D,0
-14.9252,134.8491,329.1,3.7,1.8,2014-09-26,0159,Terra,MODIS,58,6.2,308.5,76,D,0
-14.3698,134.1695,328.8,3.2,1.7,2014-09-26,0159,Terra,MODIS,67,6.2,309.3,66.6,D,0
-14.2503,134.1648,328.8,3.2,1.7,2014-09-26,0159,Terra,MODIS,72,6.2,304.6,78,D,0
-14.2535,134.1935,351.7,3.2,1.7,2014-09-26,0159,Terra,MODIS,95,6.2,306.3,288.8,D,0
-14.2503,134.1872,350.9,3.2,1.7,2014-09-26,0159,Terra,MODIS,94,6.2,305.5,276.8,D,0
-15.7312,136.257,324.2,4.8,2,2014-09-26,0159,Terra,MODIS,41,6.2,307.4,77,D,0
-13.9917,132.3824,341.1,2.3,1.5,2014-09-26,0159,Terra,MODIS,87,6.2,308.8,101.6,D,0
-11.7359,130.1332,322.9,1.5,1.2,2014-09-26,0159,Terra,MODIS,35,6.2,300.4,16.8,D,0
-11.7591,130.1435,325.3,1.5,1.2,2014-09-26,0159,Terra,MODIS,60,6.2,301.4,20.3,D,0
-13.9943,132.4036,330.5,2.3,1.5,2014-09-26,0159,Terra,MODIS,61,6.2,307.7,43.5,D,0
-13.9907,132.3985,331,2.3,1.5,2014-09-26,0159,Terra,MODIS,45,6.2,307.2,42.8,D,0
-12.3898,131.8467,341.4,2,1.4,2014-09-26,0159,Terra,MODIS,88,6.2,308.5,88,D,0
-13.9981,132.4629,332.1,2.3,1.5,2014-09-26,0159,Terra,MODIS,62,6.2,309.3,48.5,D,0
-13.7498,129.8805,321.4,1.5,1.2,2014-09-26,0159,Terra,MODIS,38,6.2,302.9,20.2,D,0
-14.0304,132.3939,332.7,2.3,1.5,2014-09-26,0159,Terra,MODIS,70,6.2,311.2,46.1,D,0
-12.321,131.8253,333.8,2,1.4,2014-09-26,0159,Terra,MODIS,81,6.2,308.6,54.4,D,0
-13.8686,133.6111,329.2,2.9,1.6,2014-09-26,0159,Terra,MODIS,73,6.2,308.7,60.8,D,0
-14.0049,132.4895,341.7,2.3,1.5,2014-09-26,0159,Terra,MODIS,88,6.2,309.5,102.9,D,0
-14.0076,132.511,332,2.4,1.5,2014-09-26,0159,Terra,MODIS,41,6.2,309.8,54,D,0
-14.0006,132.4845,343.8,2.3,1.5,2014-09-26,0159,Terra,MODIS,89,6.2,308.5,112.1,D,0
-14.2557,132.5303,342.2,2.4,1.5,2014-09-26,0159,Terra,MODIS,88,6.2,310.3,110.3,D,0
-14.2584,132.5526,324.8,2.4,1.5,2014-09-26,0159,Terra,MODIS,44,6.2,308.8,23.4,D,0
-14.2827,132.5279,329.2,2.4,1.5,2014-09-26,0159,Terra,MODIS,60,6.2,309,40.3,D,0
-14.264,132.5229,336.1,2.4,1.5,2014-09-26,0159,Terra,MODIS,81,6.2,309.6,72.7,D,0
-13.8655,133.5848,356,2.8,1.6,2014-09-26,0159,Terra,MODIS,97,6.2,310.1,283,D,0
-13.8673,133.5777,348.4,2.8,1.6,2014-09-26,0159,Terra,MODIS,93,6.2,309.6,202.9,D,0
-14.2665,132.5451,327.6,2.4,1.5,2014-09-26,0159,Terra,MODIS,41,6.2,308.2,32.7,D,0
-14.0165,132.5044,339.2,2.4,1.5,2014-09-26,0159,Terra,MODIS,71,6.2,312.9,81.5,D,0
-14.0172,132.3954,330.5,2.3,1.5,2014-09-26,0159,Terra,MODIS,55,6.2,311.8,39.1,D,0
-14.102,132.5763,332.3,2.4,1.5,2014-09-26,0159,Terra,MODIS,70,6.2,311.3,53.4,D,0
-14.1074,132.5825,333.2,2.4,1.5,2014-09-26,0159,Terra,MODIS,71,6.2,310.4,54.2,D,0
-14.0702,132.3892,325.6,2.3,1.5,2014-09-26,0159,Terra,MODIS,54,6.2,309.8,22.7,D,0
-13.9889,132.4694,344.6,2.3,1.5,2014-09-26,0159,Terra,MODIS,90,6.2,310.7,122.7,D,0
-13.8702,133.604,339.8,2.9,1.6,2014-09-26,0159,Terra,MODIS,86,6.2,309.1,131.6,D,0
-13.9848,132.4644,336.2,2.3,1.5,2014-09-26,0159,Terra,MODIS,82,6.2,310.4,74.5,D,0
-13.9863,132.4479,352.7,2.3,1.5,2014-09-26,0159,Terra,MODIS,96,6.2,311.3,178.9,D,0
-13.9882,132.3773,334.5,2.3,1.5,2014-09-26,0159,Terra,MODIS,70,6.2,307.7,63.4,D,0
-13.9824,132.4429,346.5,2.3,1.5,2014-09-26,0159,Terra,MODIS,91,6.2,310.9,133.5,D,0
-13.9837,132.4264,324.8,2.3,1.5,2014-09-26,0159,Terra,MODIS,34,6.2,308.5,21.5,D,0
-19.281,133.1794,329.9,3.1,1.7,2014-09-26,0200,Terra,MODIS,65,6.2,311.3,70.3,D,0
-19.2659,133.1811,340.3,3.1,1.7,2014-09-26,0200,Terra,MODIS,82,6.2,313,150.2,D,0
-19.2507,133.1828,390.2,3.1,1.7,2014-09-26,0200,Terra,MODIS,100,6.2,315.3,983.2,D,0
-19.2478,133.153,373.5,3.1,1.7,2014-09-26,0200,Terra,MODIS,100,6.2,313.5,601,D,0
-19.2532,133.1891,380.3,3.1,1.7,2014-09-26,0200,Terra,MODIS,100,6.2,314.5,753,D,0
-19.2501,133.1593,391.1,3.1,1.7,2014-09-26,0200,Terra,MODIS,100,6.2,316.2,1007.3,D,0
-19.3636,133.2568,367.9,3.2,1.7,2014-09-26,0200,Terra,MODIS,100,6.2,313,511,D,0
-19.3512,133.2633,336.7,3.2,1.7,2014-09-26,0200,Terra,MODIS,84,6.2,311.7,121.6,D,0
-19.29,133.2697,341.5,3.2,1.7,2014-09-26,0200,Terra,MODIS,88,6.2,310.2,169.7,D,0
-19.287,133.2394,367,3.2,1.7,2014-09-26,0200,Terra,MODIS,100,6.2,312.5,485.5,D,0
-17.6542,132.3226,350.1,2.6,1.5,2014-09-26,0200,Terra,MODIS,94,6.2,310.9,192,D,0
-17.6516,132.2985,367.1,2.6,1.5,2014-09-26,0200,Terra,MODIS,100,6.2,313,360.5,D,0
-17.6489,132.2744,335.3,2.5,1.5,2014-09-26,0200,Terra,MODIS,66,6.2,306.8,83.5,D,0
-17.6437,132.2268,365.1,2.5,1.5,2014-09-26,0200,Terra,MODIS,100,6.2,308.2,338.3,D,0
-17.6463,132.2505,351.1,2.5,1.5,2014-09-26,0200,Terra,MODIS,95,6.2,306.8,195.6,D,0
-17.6124,131.7024,328.8,2.3,1.5,2014-09-26,0200,Terra,MODIS,57,6.2,309.7,36.6,D,0
-17.6085,131.6962,329.7,2.3,1.5,2014-09-26,0200,Terra,MODIS,39,6.2,310.9,37.5,D,0
-17.6108,131.5726,351.7,2.3,1.5,2014-09-26,0200,Terra,MODIS,95,6.2,312.2,161.3,D,0
-17.6264,131.5922,334.1,2.3,1.5,2014-09-26,0200,Terra,MODIS,75,6.2,309.8,55.5,D,0
-17.6232,131.5859,335.9,2.3,1.5,2014-09-26,0200,Terra,MODIS,83,6.2,310.7,69.8,D,0
-17.6256,131.6072,328.7,2.3,1.5,2014-09-26,0200,Terra,MODIS,50,6.2,309.5,37,D,0
-17.6624,132.0752,326.9,2.5,1.5,2014-09-26,0200,Terra,MODIS,55,6.2,305.7,48.3,D,0
-17.6083,131.5515,339.9,2.2,1.5,2014-09-26,0200,Terra,MODIS,87,6.2,309.1,93.3,D,0
-17.6214,131.55,366,2.2,1.5,2014-09-26,0200,Terra,MODIS,100,6.2,309.5,289.4,D,0
-17.6239,131.571,371.7,2.3,1.5,2014-09-26,0200,Terra,MODIS,100,6.2,312.1,344.1,D,0
-17.6186,131.5436,338,2.2,1.5,2014-09-26,0200,Terra,MODIS,85,6.2,306.5,83.7,D,0
-17.6209,131.5647,387.4,2.3,1.5,2014-09-26,0200,Terra,MODIS,100,6.2,313.9,557.7,D,0
-17.6317,131.5421,354,2.2,1.5,2014-09-26,0200,Terra,MODIS,96,6.2,306.2,186.1,D,0
-17.634,131.5632,373.4,2.3,1.5,2014-09-26,0200,Terra,MODIS,100,6.2,309.3,370.9,D,0
-17.7619,131.0818,335.2,2.1,1.4,2014-09-26,0200,Terra,MODIS,82,6.2,311.1,54.9,D,0
-17.7364,131.0915,327.5,2.1,1.4,2014-09-26,0200,Terra,MODIS,32,6.2,309.9,29.1,D,0
-19.2688,133.211,343.8,3.2,1.7,2014-09-26,0200,Terra,MODIS,88,6.2,311.7,182.7,D,0
-17.4967,127.4375,394.8,1.2,1.1,2014-09-26,0200,Terra,MODIS,100,6.2,317.9,261.1,D,0
-17.4981,127.4486,336.8,1.2,1.1,2014-09-26,0200,Terra,MODIS,72,6.2,310.8,26.3,D,0
-18.5745,128.973,326.3,1.5,1.2,2014-09-26,0200,Terra,MODIS,41,6.2,311.7,12.6,D,0
-18.6008,128.8268,327.1,1.5,1.2,2014-09-26,0200,Terra,MODIS,31,6.2,312.6,15.2,D,0
-17.4869,127.4389,333.5,1.2,1.1,2014-09-26,0200,Terra,MODIS,76,6.2,314,19,D,0
-17.4884,127.45,345.3,1.2,1.1,2014-09-26,0200,Terra,MODIS,90,6.2,313.8,45.5,D,0
-16.365,127.8135,332.6,1.2,1.1,2014-09-26,0200,Terra,MODIS,56,6.2,310.1,20.6,D,0
-16.3566,127.8258,328.8,1.2,1.1,2014-09-26,0200,Terra,MODIS,10,6.2,313,13,D,0
-16.3552,127.8149,332.6,1.2,1.1,2014-09-26,0200,Terra,MODIS,63,6.2,311,21.2,D,0
-16.2002,127.953,342.4,1.2,1.1,2014-09-26,0200,Terra,MODIS,87,6.2,313.2,41.6,D,0
-16.3302,127.8526,330.8,1.2,1.1,2014-09-26,0200,Terra,MODIS,71,6.2,311,14.7,D,0
-16.3287,127.8411,335.7,1.2,1.1,2014-09-26,0200,Terra,MODIS,79,6.2,310.2,24.6,D,0
-16.2017,127.9643,337.6,1.2,1.1,2014-09-26,0200,Terra,MODIS,82,6.2,313,30.4,D,0
-16.3277,127.8473,348.6,1.2,1.1,2014-09-26,0200,Terra,MODIS,92,6.2,310.6,53.9,D,0
-17.3528,125.4708,326.8,1,1,2014-09-26,0200,Terra,MODIS,46,6.2,314.8,8.5,D,0
-17.0057,127.5103,324.4,1.2,1.1,2014-09-26,0200,Terra,MODIS,42,6.2,309.5,9.2,D,0
-17.3572,125.3737,346.4,1,1,2014-09-26,0200,Terra,MODIS,86,6.2,313.5,39,D,0
-15.9714,130.5609,349.9,1.8,1.3,2014-09-26,0200,Terra,MODIS,93,6.2,310.6,100.6,D,0
-17.3651,125.366,340.3,1,1,2014-09-26,0200,Terra,MODIS,84,6.2,311.6,28.5,D,0
-17.3664,125.3754,352.1,1,1,2014-09-26,0200,Terra,MODIS,95,6.2,316,51,D,0
-17.3678,125.3848,333,1,1,2014-09-26,0200,Terra,MODIS,65,6.2,315.7,16.3,D,0
-17.3691,125.3943,333.9,1,1,2014-09-26,0200,Terra,MODIS,76,6.2,316,18.8,D,0
-16.3149,127.8267,324.1,1.2,1.1,2014-09-26,0200,Terra,MODIS,17,6.2,308.8,10,D,0
-15.4731,130.1221,352.4,1.6,1.3,2014-09-26,0200,Terra,MODIS,95,6.2,309.3,103.1,D,0
-15.4846,130.1214,327.9,1.6,1.3,2014-09-26,0200,Terra,MODIS,48,6.2,306,19.5,D,0
-18.6535,128.8705,329.1,1.5,1.2,2014-09-26,0200,Terra,MODIS,64,6.2,312.3,18.7,D,0
-17.5864,125.8816,331.9,1,1,2014-09-26,0200,Terra,MODIS,73,6.2,316.1,12.8,D,0
-15.6054,127.5509,325.3,1.1,1.1,2014-09-26,0200,Terra,MODIS,50,6.2,309.4,8.9,D,0
-17.3858,125.3821,334.1,1,1,2014-09-26,0200,Terra,MODIS,32,6.2,312.7,17.1,D,0
-18.6133,128.8392,327.2,1.5,1.2,2014-09-26,0200,Terra,MODIS,42,6.2,311.8,13.3,D,0
-15.4826,130.1059,352.2,1.6,1.3,2014-09-26,0200,Terra,MODIS,95,6.2,302.7,104.9,D,0
-15.4807,130.0906,327.7,1.6,1.3,2014-09-26,0200,Terra,MODIS,49,6.2,303.6,20.5,D,0
-15.4712,130.1066,396.5,1.6,1.3,2014-09-26,0200,Terra,MODIS,100,6.2,315.2,443.1,D,0
-15.4694,130.0923,355.9,1.6,1.3,2014-09-26,0200,Terra,MODIS,97,6.2,310.5,119.7,D,0
-17.4783,125.449,358.1,1,1,2014-09-26,0200,Terra,MODIS,98,6.2,317.2,64.2,D,0
-17.4747,125.4883,337,1,1,2014-09-26,0200,Terra,MODIS,75,6.2,319.3,20.3,D,0
-16.7106,128.1925,328.3,1.3,1.1,2014-09-26,0200,Terra,MODIS,54,6.2,311.8,11.2,D,0
-16.6788,128.1848,330.7,1.3,1.1,2014-09-26,0200,Terra,MODIS,67,6.2,312.8,16.3,D,0
-17.3782,125.3929,340.7,1,1,2014-09-26,0200,Terra,MODIS,73,6.2,315.8,27.2,D,0
-17.1239,127.3926,327.5,1.2,1.1,2014-09-26,0200,Terra,MODIS,65,6.2,312.7,11,D,0
-17.4733,125.4788,341.2,1,1,2014-09-26,0200,Terra,MODIS,85,6.2,319.1,27.6,D,0
-17.1142,127.394,333.8,1.2,1.1,2014-09-26,0200,Terra,MODIS,77,6.2,312,20.7,D,0
-17.4837,125.4869,339.8,1,1,2014-09-26,0200,Terra,MODIS,76,6.2,316.2,24.2,D,0
-17.4873,125.4477,352.9,1,1,2014-09-26,0200,Terra,MODIS,95,6.2,314.6,52.2,D,0
-17.4823,125.4774,346,1,1,2014-09-26,0200,Terra,MODIS,90,6.2,315.9,35.6,D,0
-17.4886,125.4571,356.9,1,1,2014-09-26,0200,Terra,MODIS,98,6.2,314,61.9,D,0
-18.6511,128.8768,327.2,1.5,1.2,2014-09-26,0200,Terra,MODIS,57,6.2,312,15.5,D,0
-15.934,130.5489,334.2,1.8,1.3,2014-09-26,0200,Terra,MODIS,41,6.2,310.3,30.6,D,0
-17.3391,125.3764,335.4,1,1,2014-09-26,0200,Terra,MODIS,68,6.2,312.2,19,D,0
-16.6411,130.6227,323.3,1.9,1.3,2014-09-26,0200,Terra,MODIS,48,6.2,308.2,16.2,D,0
-15.9393,130.5539,352.1,1.8,1.3,2014-09-26,0200,Terra,MODIS,95,6.2,310.8,108.9,D,0
-17.2166,127.4737,331.1,1.2,1.1,2014-09-26,0200,Terra,MODIS,73,6.2,314.1,13.5,D,0
-16.4087,127.8418,328,1.2,1.1,2014-09-26,0200,Terra,MODIS,58,6.2,309.2,14.7,D,0
-16.4103,127.8531,327.5,1.2,1.1,2014-09-26,0200,Terra,MODIS,44,6.2,309.9,12.4,D,0
-17.4952,127.4264,383.1,1.2,1.1,2014-09-26,0200,Terra,MODIS,100,6.2,317.4,187.6,D,0
-17.541,123.2866,334.5,1.1,1,2014-09-26,0200,Terra,MODIS,32,6.2,316.9,15.5,D,0
-15.9458,130.5473,339.1,1.8,1.3,2014-09-26,0200,Terra,MODIS,84,6.2,309.5,50.7,D,0
-17.481,125.4679,366.8,1,1,2014-09-26,0200,Terra,MODIS,100,6.2,319.2,88.8,D,0
-17.4796,125.4585,362.7,1,1,2014-09-26,0200,Terra,MODIS,100,6.2,318.2,77.1,D,0
-17.3768,125.3835,353.5,1,1,2014-09-26,0200,Terra,MODIS,96,6.2,318.5,53.1,D,0
-17.2892,127.6445,329.5,1.2,1.1,2014-09-26,0200,Terra,MODIS,24,6.2,309.9,15.5,D,0
-17.3754,125.3741,354.7,1,1,2014-09-26,0200,Terra,MODIS,96,6.2,314.8,57,D,0
-17.3705,125.4037,330.3,1,1,2014-09-26,0200,Terra,MODIS,58,6.2,314.3,13.1,D,0
-17.4482,125.4306,331.6,1,1,2014-09-26,0200,Terra,MODIS,66,6.2,315.5,13.6,D,0
-17.4545,125.4103,334.4,1,1,2014-09-26,0200,Terra,MODIS,77,6.2,313.3,18.3,D,0
-17.4558,125.4198,366.2,1,1,2014-09-26,0200,Terra,MODIS,100,6.2,319.1,87.9,D,0
-17.4572,125.4292,336.6,1,1,2014-09-26,0200,Terra,MODIS,78,6.2,316.4,19.7,D,0
-17.3405,125.3858,343,1,1,2014-09-26,0200,Terra,MODIS,87,6.2,313.2,30.4,D,0
-17.3481,125.3749,380.8,1,1,2014-09-26,0200,Terra,MODIS,100,6.2,314.8,141.3,D,0
-16.3876,127.833,341.9,1.2,1.1,2014-09-26,0200,Terra,MODIS,86,6.2,310,37.8,D,0
-16.3664,127.8245,335.2,1.2,1.1,2014-09-26,0200,Terra,MODIS,67,6.2,311.8,23.8,D,0
-15.6912,127.6515,334.7,1.2,1.1,2014-09-26,0200,Terra,MODIS,76,6.2,310.3,19.1,D,0
-17.49,125.4666,337.7,1,1,2014-09-26,0200,Terra,MODIS,64,6.2,312.5,21.5,D,0
-18.4007,130.7663,329.5,2,1.4,2014-09-26,0200,Terra,MODIS,74,6.2,311.7,40.6,D,0
-15.9596,130.5624,343.4,1.8,1.3,2014-09-26,0200,Terra,MODIS,89,6.2,312.4,70.2,D,0
-15.6926,127.6621,331.4,1.2,1.1,2014-09-26,0200,Terra,MODIS,23,6.2,309.4,13.5,D,0
-17.3618,125.4693,326.1,1,1,2014-09-26,0200,Terra,MODIS,40,6.2,311.5,7.1,D,0
-16.9438,132.7581,382.1,2.7,1.6,2014-09-26,0200,Terra,MODIS,100,6.2,306,629.5,D,0
-16.9467,132.7836,399.3,2.7,1.6,2014-09-26,0200,Terra,MODIS,100,6.2,317.5,1020.3,D,0
-16.9496,132.8091,326.6,2.7,1.6,2014-09-26,0200,Terra,MODIS,68,6.2,309.1,49.7,D,0
-16.9474,132.7521,347.8,2.7,1.6,2014-09-26,0200,Terra,MODIS,88,6.2,302.5,181.5,D,0
-16.9501,132.7776,403.5,2.7,1.6,2014-09-26,0200,Terra,MODIS,100,6.2,316.9,1127,D,0
-16.9528,132.8032,337.7,2.7,1.6,2014-09-26,0200,Terra,MODIS,84,6.2,310.6,112.6,D,0
-16.9644,132.7761,356.7,2.7,1.6,2014-09-26,0200,Terra,MODIS,98,6.2,308.8,277.8,D,0
-16.9671,132.8017,339.4,2.7,1.6,2014-09-26,0200,Terra,MODIS,86,6.2,310.7,125.1,D,0
-16.9786,132.7745,337.6,2.7,1.6,2014-09-26,0200,Terra,MODIS,84,6.2,308.1,114.9,D,0
-16.9814,132.8001,364.5,2.7,1.6,2014-09-26,0200,Terra,MODIS,100,6.2,312.2,372.8,D,0
-16.8322,132.7007,328.6,2.7,1.6,2014-09-26,0200,Terra,MODIS,32,6.2,306,53.1,D,0
-16.8464,132.6991,347.9,2.7,1.6,2014-09-26,0200,Terra,MODIS,92,6.2,307.7,189.9,D,0
-16.8362,132.6936,337.4,2.7,1.6,2014-09-26,0200,Terra,MODIS,84,6.2,305.9,109.6,D,0
-16.8389,132.7188,335.1,2.7,1.6,2014-09-26,0200,Terra,MODIS,81,6.2,308.1,95.4,D,0
-16.8503,132.692,343.3,2.7,1.6,2014-09-26,0200,Terra,MODIS,89,6.2,306,151.8,D,0
-16.853,132.7171,335.2,2.7,1.6,2014-09-26,0200,Terra,MODIS,72,6.2,308.7,93.6,D,0
-16.8645,132.6904,354.1,2.7,1.6,2014-09-26,0200,Terra,MODIS,96,6.2,306.8,250,D,0
-16.8672,132.7154,333.8,2.7,1.6,2014-09-26,0200,Terra,MODIS,63,6.2,308.8,88.5,D,0
-16.8786,132.6888,324.2,2.7,1.6,2014-09-26,0200,Terra,MODIS,34,6.2,302,47.7,D,0
-16.8814,132.7138,347.4,2.7,1.6,2014-09-26,0200,Terra,MODIS,92,6.2,306.4,193.4,D,0
-16.8955,132.7122,335.5,2.7,1.6,2014-09-26,0200,Terra,MODIS,70,6.2,303.1,103.5,D,0
-16.8994,132.7063,346.3,2.7,1.6,2014-09-26,0200,Terra,MODIS,91,6.2,302.4,186.6,D,0
-16.8209,132.7275,338.3,2.7,1.6,2014-09-26,0200,Terra,MODIS,85,6.2,308.1,111.9,D,0
-16.8351,132.7259,330.7,2.7,1.6,2014-09-26,0200,Terra,MODIS,48,6.2,308,64.3,D,0
-16.902,132.7315,359.6,2.7,1.6,2014-09-26,0200,Terra,MODIS,99,6.2,308.4,311.9,D,0
-16.8237,132.7527,327,2.7,1.6,2014-09-26,0200,Terra,MODIS,34,6.2,309.4,45.3,D,0
-16.9097,132.7106,372.6,2.7,1.6,2014-09-26,0200,Terra,MODIS,100,6.2,302.1,479.1,D,0
-16.9125,132.7358,403.1,2.7,1.6,2014-09-26,0200,Terra,MODIS,100,6.2,311,1102.5,D,0
-16.9267,132.7342,395,2.7,1.6,2014-09-26,0200,Terra,MODIS,100,6.2,306.4,903.7,D,0
-16.9136,132.7047,339.7,2.7,1.6,2014-09-26,0200,Terra,MODIS,86,6.2,299,138.5,D,0
-16.9162,132.7299,402.4,2.7,1.6,2014-09-26,0200,Terra,MODIS,100,6.2,308.1,1093.9,D,0
-16.9304,132.7283,360.6,2.7,1.6,2014-09-26,0200,Terra,MODIS,100,6.2,301.9,324.3,D,0
-16.835,125.9655,335.1,1,1,2014-09-26,0200,Terra,MODIS,79,6.2,314,18.7,D,0
-16.7615,132.7087,332.2,2.7,1.6,2014-09-26,0200,Terra,MODIS,59,6.2,311.1,62.2,D,0
-16.7729,132.6822,339.8,2.7,1.6,2014-09-26,0200,Terra,MODIS,86,6.2,305.8,108.5,D,0
-16.7757,132.7071,363.7,2.7,1.6,2014-09-26,0200,Terra,MODIS,100,6.2,311.9,338.1,D,0
-16.7898,132.7055,349.3,2.7,1.6,2014-09-26,0200,Terra,MODIS,93,6.2,309,188.2,D,0
-16.7925,132.7306,336.3,2.7,1.6,2014-09-26,0200,Terra,MODIS,60,6.2,310.7,92.9,D,0
-16.9153,132.7611,361.4,2.7,1.6,2014-09-26,0200,Terra,MODIS,100,6.2,312.4,321.4,D,0
-16.9182,132.7866,341.3,2.7,1.6,2014-09-26,0200,Terra,MODIS,87,6.2,312.4,135.3,D,0
-16.9296,132.7596,410.5,2.7,1.6,2014-09-26,0200,Terra,MODIS,100,6.2,315.7,1311.3,D,0
-16.9325,132.7851,349.2,2.7,1.6,2014-09-26,0200,Terra,MODIS,93,6.2,313.1,202.1,D,0
-16.9073,132.7823,339.1,2.7,1.6,2014-09-26,0200,Terra,MODIS,85,6.2,312.9,118.4,D,0
-16.9189,132.7553,367.3,2.7,1.6,2014-09-26,0200,Terra,MODIS,100,6.2,311.8,404.3,D,0
-16.9216,132.7808,345.1,2.7,1.6,2014-09-26,0200,Terra,MODIS,90,6.2,312.7,166.9,D,0
-16.9331,132.7537,410.3,2.7,1.6,2014-09-26,0200,Terra,MODIS,100,6.2,313.2,1308.3,D,0
-16.9358,132.7792,376.6,2.7,1.6,2014-09-26,0200,Terra,MODIS,100,6.2,315,548.4,D,0
-16.9385,132.8048,324.3,2.7,1.6,2014-09-26,0200,Terra,MODIS,39,6.2,309,38.4,D,0
-16.7312,130.8207,327.7,1.9,1.4,2014-09-26,0200,Terra,MODIS,49,6.2,311.1,21.3,D,0
-16.9011,132.7627,342.2,2.7,1.6,2014-09-26,0200,Terra,MODIS,88,6.2,312.2,141.9,D,0
-16.9039,132.7882,333.9,2.7,1.6,2014-09-26,0200,Terra,MODIS,80,6.2,311.6,87.6,D,0
-16.9047,132.7568,349.5,2.7,1.6,2014-09-26,0200,Terra,MODIS,93,6.2,312.3,196.6,D,0
-18.6817,127.466,333,1.2,1.1,2014-09-26,0200,Terra,MODIS,75,6.2,313.7,21,D,0
-18.6901,127.4531,351.4,1.2,1.1,2014-09-26,0200,Terra,MODIS,94,6.2,315.7,63.6,D,0
-18.6916,127.4646,335.8,1.2,1.1,2014-09-26,0200,Terra,MODIS,74,6.2,312.3,25.9,D,0
-15.9734,130.5778,331.3,1.8,1.3,2014-09-26,0200,Terra,MODIS,42,6.2,309.4,25.7,D,0
-15.9754,130.5946,338.7,1.8,1.3,2014-09-26,0200,Terra,MODIS,84,6.2,310.3,53.7,D,0
-15.9873,130.593,325.9,1.8,1.3,2014-09-26,0200,Terra,MODIS,31,6.2,309.1,14.9,D,0
-19.3665,133.2872,352.2,3.2,1.7,2014-09-26,0200,Terra,MODIS,95,6.2,313.2,283.1,D,0
-19.3695,133.3179,333.4,3.2,1.7,2014-09-26,0200,Terra,MODIS,78,6.2,311.1,95.1,D,0
-19.3819,133.2857,326.4,3.2,1.7,2014-09-26,0200,Terra,MODIS,47,6.2,310.8,51.9,D,0
-19.3849,133.3163,335.6,3.2,1.7,2014-09-26,0200,Terra,MODIS,82,6.2,312.7,112.9,D,0
-18.6698,127.3746,328.7,1.2,1.1,2014-09-26,0200,Terra,MODIS,49,6.2,312,12.5,D,0
-18.6713,127.3859,349.9,1.2,1.1,2014-09-26,0200,Terra,MODIS,93,6.2,314.1,57.6,D,0
-18.6728,127.3973,336.3,1.2,1.1,2014-09-26,0200,Terra,MODIS,76,6.2,314.5,24,D,0
-18.697,127.4287,339.6,1.2,1.1,2014-09-26,0200,Terra,MODIS,84,6.2,315.7,30.9,D,0
-18.6985,127.4402,334,1.2,1.1,2014-09-26,0200,Terra,MODIS,45,6.2,313.6,20.3,D,0
-18.7038,127.4046,330.6,1.2,1.1,2014-09-26,0200,Terra,MODIS,48,6.2,313.8,14.6,D,0
-18.7053,127.416,336,1.2,1.1,2014-09-26,0200,Terra,MODIS,71,6.2,313.2,24,D,0
-18.7068,127.4274,335.8,1.2,1.1,2014-09-26,0200,Terra,MODIS,64,6.2,312.7,23.5,D,0
-18.4753,128.9068,333.5,1.5,1.2,2014-09-26,0200,Terra,MODIS,65,6.2,310.6,27.4,D,0
-18.4861,128.9053,332.9,1.5,1.2,2014-09-26,0200,Terra,MODIS,56,6.2,312.2,26,D,0
-18.5239,128.9432,327.1,1.5,1.2,2014-09-26,0200,Terra,MODIS,47,6.2,311.1,14.7,D,0
-18.5347,128.9417,341.2,1.5,1.2,2014-09-26,0200,Terra,MODIS,87,6.2,313.2,49.9,D,0
-15.6281,127.6453,330.5,1.2,1.1,2014-09-26,0200,Terra,MODIS,27,6.2,312.9,11.6,D,0
-15.6458,127.6318,335.2,1.2,1.1,2014-09-26,0200,Terra,MODIS,76,6.2,313.8,16.8,D,0
-15.6473,127.6425,334.2,1.2,1.1,2014-09-26,0200,Terra,MODIS,59,6.2,313.8,16.1,D,0
-18.606,128.8685,337.9,1.5,1.2,2014-09-26,0200,Terra,MODIS,59,6.2,311.8,36.6,D,0
-18.5456,128.9402,330.7,1.5,1.2,2014-09-26,0200,Terra,MODIS,72,6.2,312.7,20.9,D,0
-16.8733,122.6844,328.9,1.1,1.1,2014-09-26,0200,Terra,MODIS,54,6.2,317.3,13.6,D,0
-16.8929,122.7458,330,1.1,1.1,2014-09-26,0200,Terra,MODIS,52,6.2,316.6,11.6,D,0
-17.679,123.2167,333.4,1.1,1,2014-09-26,0200,Terra,MODIS,52,6.2,320.5,8.4,D,0
-17.6803,123.348,337.6,1,1,2014-09-26,0200,Terra,MODIS,51,6.2,319.7,16.4,D,0
-16.2734,127.8897,333.6,1.2,1.1,2014-09-26,0200,Terra,MODIS,58,6.2,311.9,21,D,0
-16.2636,127.8912,333.1,1.2,1.1,2014-09-26,0200,Terra,MODIS,49,6.2,311.1,19.9,D,0
-16.2523,127.8809,345.4,1.2,1.1,2014-09-26,0200,Terra,MODIS,90,6.2,311.8,46.3,D,0
-16.2508,127.8696,385.9,1.2,1.1,2014-09-26,0200,Terra,MODIS,100,6.2,314.6,212.5,D,0
-16.2424,127.8824,342.1,1.2,1.1,2014-09-26,0200,Terra,MODIS,85,6.2,312,37.5,D,0
-15.8294,127.7033,349.3,1.2,1.1,2014-09-26,0200,Terra,MODIS,93,6.2,312.4,50.4,D,0
-17.6097,123.1364,343.3,1.1,1,2014-09-26,0200,Terra,MODIS,85,6.2,321.4,26.1,D,0
-18.7819,128.9041,332.5,1.5,1.2,2014-09-26,0200,Terra,MODIS,77,6.2,311.8,27.6,D,0
-18.7837,128.9183,345.3,1.5,1.2,2014-09-26,0200,Terra,MODIS,90,6.2,312.6,65.7,D,0
-16.8252,122.6552,360.5,1.1,1.1,2014-09-26,0200,Terra,MODIS,100,6.2,313.3,85.8,D,0
-16.476,124.3937,340.7,1,1,2014-09-26,0200,Terra,MODIS,60,6.2,311.6,27.6,D,0
-16.4838,124.3861,326.1,1,1,2014-09-26,0200,Terra,MODIS,35,6.2,310.8,11,D,0
-16.2409,127.8709,361.9,1.2,1.1,2014-09-26,0200,Terra,MODIS,100,6.2,312.7,96.5,D,0
-16.4928,124.3847,330.8,1,1,2014-09-26,0200,Terra,MODIS,60,6.2,310.6,15.7,D,0
-16.2401,127.8775,361.8,1.2,1.1,2014-09-26,0200,Terra,MODIS,100,6.2,313.4,97.1,D,0
-16.2386,127.8663,351,1.2,1.1,2014-09-26,0200,Terra,MODIS,94,6.2,310.3,63.9,D,0
-17.6189,123.1349,341.5,1.1,1,2014-09-26,0200,Terra,MODIS,83,6.2,320.8,21.6,D,0
-17.6205,123.1449,399.6,1.1,1,2014-09-26,0200,Terra,MODIS,100,6.2,327.7,247.4,D,0
-16.2116,127.9628,334.4,1.2,1.1,2014-09-26,0200,Terra,MODIS,78,6.2,313.2,23.1,D,0
-16.2319,127.8905,332.8,1.2,1.1,2014-09-26,0200,Terra,MODIS,48,6.2,310.8,20.8,D,0
-16.223,127.9727,339.6,1.2,1.1,2014-09-26,0200,Terra,MODIS,84,6.2,312.9,31.9,D,0
-16.2303,127.8788,346.3,1.2,1.1,2014-09-26,0200,Terra,MODIS,90,6.2,311.9,50,D,0
-17.6711,123.3495,336,1,1,2014-09-26,0200,Terra,MODIS,46,6.2,318.8,15.1,D,0
-16.2288,127.8677,336.7,1.2,1.1,2014-09-26,0200,Terra,MODIS,81,6.2,310.2,29.6,D,0
-16.7637,124.2264,336.4,1,1,2014-09-26,0200,Terra,MODIS,80,6.2,318.4,16.4,D,0
-17.7203,123.2545,335.4,1.1,1,2014-09-26,0200,Terra,MODIS,64,6.2,320,13.7,D,0
-16.2221,127.8918,337.7,1.2,1.1,2014-09-26,0200,Terra,MODIS,82,6.2,309.8,32.1,D,0
-16.2328,127.9712,333.3,1.2,1.1,2014-09-26,0200,Terra,MODIS,73,6.2,311.3,19.2,D,0
-17.1901,127.6641,324.8,1.2,1.1,2014-09-26,0200,Terra,MODIS,41,6.2,308.7,9.5,D,0
-17.065,127.5636,324.4,1.2,1.1,2014-09-26,0200,Terra,MODIS,51,6.2,310.3,8.2,D,0
-15.8213,127.7156,332,1.2,1.1,2014-09-26,0200,Terra,MODIS,49,6.2,312.5,11.9,D,0
-18.471,128.8989,338.9,1.5,1.2,2014-09-26,0200,Terra,MODIS,85,6.2,309.7,43.9,D,0
-18.4637,128.9284,356.6,1.5,1.2,2014-09-26,0200,Terra,MODIS,98,6.2,311.8,109.7,D,0
-16.4746,124.3843,331.7,1,1,2014-09-26,0200,Terra,MODIS,34,6.2,312.8,14.2,D,0
-16.2833,127.8883,342.6,1.2,1.1,2014-09-26,0200,Terra,MODIS,87,6.2,311.1,40.7,D,0
-16.7875,124.2613,332.1,1,1,2014-09-26,0200,Terra,MODIS,48,6.2,317.6,10,D,0
-18.6343,129.0085,324.9,1.5,1.2,2014-09-26,0200,Terra,MODIS,53,6.2,311.7,11.1,D,0
-17.6112,123.1464,351.1,1.1,1,2014-09-26,0200,Terra,MODIS,93,6.2,326.4,43.5,D,0
-17.622,123.1548,340,1.1,1,2014-09-26,0200,Terra,MODIS,81,6.2,324.3,19.9,D,0
-18.4619,128.9144,417.6,1.5,1.2,2014-09-26,0200,Terra,MODIS,100,6.2,321.8,641.9,D,0
-17.046,122.6103,332.2,1.1,1.1,2014-09-26,0200,Terra,MODIS,60,6.2,319.7,10.5,D,0
-17.0474,127.4321,330.9,1.2,1.1,2014-09-26,0200,Terra,MODIS,73,6.2,308.7,17.9,D,0
-15.6141,127.6144,365.5,1.1,1.1,2014-09-26,0200,Terra,MODIS,100,6.2,315.5,98.8,D,0
-18.7854,128.9324,335.5,1.5,1.2,2014-09-26,0200,Terra,MODIS,81,6.2,312.3,36.6,D,0
-15.6155,127.6251,346.5,1.2,1.1,2014-09-26,0200,Terra,MODIS,91,6.2,313.8,41,D,0
-15.6185,127.6467,334.6,1.2,1.1,2014-09-26,0200,Terra,MODIS,76,6.2,312.1,18.7,D,0
-18.4602,128.9004,375.3,1.5,1.2,2014-09-26,0200,Terra,MODIS,100,6.2,313.4,212.3,D,0
-18.4546,128.9439,334.3,1.5,1.2,2014-09-26,0200,Terra,MODIS,80,6.2,309.9,34.4,D,0
-18.4529,128.9298,340.7,1.5,1.2,2014-09-26,0200,Terra,MODIS,86,6.2,311.5,52.3,D,0
-16.9106,122.7962,325.1,1.1,1.1,2014-09-26,0200,Terra,MODIS,50,6.2,314.7,7.6,D,0
-17.0488,127.4429,336.2,1.2,1.1,2014-09-26,0200,Terra,MODIS,81,6.2,309.4,27.5,D,0
-18.4818,128.8975,342.6,1.5,1.2,2014-09-26,0200,Terra,MODIS,88,6.2,313.1,53.9,D,0
-18.4736,128.8928,328.7,1.5,1.2,2014-09-26,0200,Terra,MODIS,54,6.2,310.1,17.2,D,0
-20.6548,127.1464,342.9,1.2,1.1,2014-09-26,0201,Terra,MODIS,87,6.2,313.2,43,D,0
-20.6663,127.1568,331.6,1.2,1.1,2014-09-26,0201,Terra,MODIS,72,6.2,311.1,19.9,D,0
-20.6479,127.1715,377,1.2,1.1,2014-09-26,0201,Terra,MODIS,100,6.2,313.2,168.2,D,0
-20.6384,127.1787,398,1.2,1.1,2014-09-26,0201,Terra,MODIS,100,6.2,327.2,304.8,D,0
-20.6563,127.1582,355,1.2,1.1,2014-09-26,0201,Terra,MODIS,96,6.2,314.8,78.1,D,0
-20.6399,127.1905,359.8,1.2,1.1,2014-09-26,0201,Terra,MODIS,99,6.2,317.5,91.7,D,0
-20.6299,127.192,353.2,1.2,1.1,2014-09-26,0201,Terra,MODIS,95,6.2,318.2,70.1,D,0
-20.6578,127.1701,325.6,1.2,1.1,2014-09-26,0201,Terra,MODIS,49,6.2,311.8,9.3,D,0
-20.6315,127.2038,364.8,1.2,1.1,2014-09-26,0201,Terra,MODIS,100,6.2,319.2,112,D,0
-20.6368,127.1669,353.7,1.2,1.1,2014-09-26,0201,Terra,MODIS,96,6.2,316.3,71.3,D,0
-20.6284,127.1801,328.9,1.2,1.1,2014-09-26,0201,Terra,MODIS,66,6.2,315.4,12.4,D,0
-20.6494,127.1833,357.5,1.2,1.1,2014-09-26,0201,Terra,MODIS,98,6.2,314.1,84.6,D,0
-20.6379,127.1729,380.4,1.2,1.1,2014-09-26,0201,Terra,MODIS,100,6.2,323.4,185.7,D,0
-20.6647,127.1449,333.1,1.2,1.1,2014-09-26,0201,Terra,MODIS,75,6.2,309.9,22.9,D,0
-20.6394,127.1848,377,1.2,1.1,2014-09-26,0201,Terra,MODIS,100,6.2,322.4,167.4,D,0
-20.6409,127.1966,337,1.2,1.1,2014-09-26,0201,Terra,MODIS,81,6.2,315,27,D,0
-19.4187,133.3442,326,3.2,1.7,2014-09-26,0201,Terra,MODIS,45,6.2,313.7,47.6,D,0
-19.4302,133.3362,323.4,3.2,1.7,2014-09-26,0201,Terra,MODIS,41,6.2,313,37.6,D,0
-22.8142,118.0222,338.3,1.7,1.3,2014-09-26,0202,Terra,MODIS,85,6.2,313.2,60.3,D,0
-22.6636,117.7468,360.8,1.8,1.3,2014-09-26,0202,Terra,MODIS,100,6.2,312.4,181.3,D,0
-22.669,117.7396,349.8,1.8,1.3,2014-09-26,0202,Terra,MODIS,94,6.2,311.4,116.7,D,0
-22.6723,117.7573,332.9,1.8,1.3,2014-09-26,0202,Terra,MODIS,79,6.2,313.5,45.7,D,0
-22.6874,117.7725,324.8,1.8,1.3,2014-09-26,0202,Terra,MODIS,48,6.2,310.9,21.1,D,0
-22.6461,117.9842,322.5,1.8,1.3,2014-09-26,0202,Terra,MODIS,43,6.2,311.5,11.9,D,0
-22.8258,118.0198,337.2,1.7,1.3,2014-09-26,0202,Terra,MODIS,84,6.2,311.8,56.5,D,0
-22.8227,118.003,337.7,1.7,1.3,2014-09-26,0202,Terra,MODIS,84,6.2,311.6,59.3,D,0
-22.8111,118.0055,323.1,1.7,1.3,2014-09-26,0202,Terra,MODIS,59,6.2,311.2,16.3,D,0
-22.8189,118.028,328.3,1.7,1.3,2014-09-26,0202,Terra,MODIS,72,6.2,312,26.6,D,0
-22.8159,118.0113,340.3,1.7,1.3,2014-09-26,0202,Terra,MODIS,87,6.2,313,66.7,D,0
-22.7413,118.0625,328.7,1.7,1.3,2014-09-26,0202,Terra,MODIS,73,6.2,312.7,26.9,D,0
-22.7382,118.0458,328.7,1.7,1.3,2014-09-26,0202,Terra,MODIS,73,6.2,312.9,27.1,D,0
-25.1937,130.1662,364.1,2.3,1.5,2014-09-26,0202,Terra,MODIS,100,6.2,312.2,271.2,D,0
-25.1836,130.173,354.2,2.3,1.5,2014-09-26,0202,Terra,MODIS,96,6.2,314.2,180.8,D,0
-25.1827,130.1902,326.7,2.3,1.5,2014-09-26,0202,Terra,MODIS,68,6.2,314.8,32.1,D,0
-25.1806,130.1677,327.5,2.3,1.5,2014-09-26,0202,Terra,MODIS,65,6.2,312,35.7,D,0
-25.1959,130.1887,336.4,2.3,1.5,2014-09-26,0202,Terra,MODIS,83,6.2,313.3,73.4,D,0
-30.866,121.4947,320.7,1,1,2014-09-26,0204,Terra,MODIS,62,6.2,308.3,7.5,D,2
-24.4807,149.652,319,4.5,2,2014-09-26,0306,Aqua,MODIS,72,6.2,300.5,80.5,D,0
-24.4805,149.6442,330,4.5,2,2014-09-26,0306,Aqua,MODIS,84,6.2,300.6,187,D,0
-25.1659,150.9857,312.6,3.7,1.8,2014-09-26,0306,Aqua,MODIS,60,6.2,299.8,39.5,D,0
-25.1724,150.9902,310.3,3.7,1.8,2014-09-26,0306,Aqua,MODIS,52,6.2,298.5,28.2,D,0
-24.3009,149.6717,311.7,4.5,1.9,2014-09-26,0306,Aqua,MODIS,47,6.2,298.4,41.2,D,0
-24.4837,149.6071,350.4,4.5,2,2014-09-26,0306,Aqua,MODIS,95,6.2,302.7,490,D,0
-24.4839,149.5993,344.2,4.5,2,2014-09-26,0306,Aqua,MODIS,92,6.2,302.5,382,D,0
-22.5072,149.5307,322.5,4.4,1.9,2014-09-26,0307,Aqua,MODIS,75,6.2,295.3,115.4,D,0
-23.4239,150.6338,312.8,3.7,1.8,2014-09-26,0307,Aqua,MODIS,0,6.2,299.8,38.6,D,0
-23.4075,150.6323,313.1,3.7,1.8,2014-09-26,0307,Aqua,MODIS,34,6.2,299.2,42.5,D,0
-23.4177,150.6296,313.6,3.7,1.8,2014-09-26,0307,Aqua,MODIS,37,6.2,299.9,42,D,0
-23.7495,150.3438,314.8,3.9,1.8,2014-09-26,0307,Aqua,MODIS,62,6.2,300,56.6,D,0
-23.7327,150.3431,313,3.9,1.8,2014-09-26,0307,Aqua,MODIS,52,6.2,298.3,46.2,D,0
-23.7445,150.3354,316.1,3.9,1.8,2014-09-26,0307,Aqua,MODIS,65,6.2,299.7,63.5,D,0
-22.7232,149.7326,315.3,4.3,1.9,2014-09-26,0307,Aqua,MODIS,63,6.2,299.2,50.1,D,0
-23.5486,150.6159,326.1,3.8,1.8,2014-09-26,0307,Aqua,MODIS,79,6.2,298.1,109.1,D,0
-23.5322,150.6144,321.7,3.8,1.8,2014-09-26,0307,Aqua,MODIS,70,6.2,298.3,80.4,D,0
-23.5386,150.6444,319.6,3.7,1.8,2014-09-26,0307,Aqua,MODIS,55,6.2,298.4,62.1,D,0
-23.5418,150.6075,325.1,3.8,1.8,2014-09-26,0307,Aqua,MODIS,74,6.2,296.7,99.7,D,0
-23.5254,150.606,317.5,3.8,1.8,2014-09-26,0307,Aqua,MODIS,31,6.2,299.1,47.7,D,0
-24.2971,149.7082,310.9,4.4,1.9,2014-09-26,0307,Aqua,MODIS,20,6.2,298,33.1,D,0
-22.5059,149.5233,328.7,4.4,1.9,2014-09-26,0307,Aqua,MODIS,82,6.2,295.3,175.2,D,0
-22.5093,149.4811,322.9,4.4,1.9,2014-09-26,0307,Aqua,MODIS,76,6.2,292.3,127.1,D,0
-22.5104,149.4883,328.8,4.4,1.9,2014-09-26,0307,Aqua,MODIS,82,6.2,292.9,182.2,D,0
-23.5332,150.3883,316.4,3.9,1.8,2014-09-26,0307,Aqua,MODIS,66,6.2,301.3,53.7,D,0
-23.5277,150.3801,314.4,3.9,1.8,2014-09-26,0307,Aqua,MODIS,61,6.2,300.7,40.9,D,0
-32.9287,146.6557,313.1,2.3,1.5,2014-09-26,0442,Aqua,MODIS,64,6.2,296.1,24.6,D,0
-31.7011,146.3749,310.2,2.4,1.5,2014-09-26,0443,Aqua,MODIS,45,6.2,297.3,16.5,D,0
-31.6959,146.4001,311,2.4,1.5,2014-09-26,0443,Aqua,MODIS,44,6.2,297.3,21.1,D,0
-31.6952,146.3809,309.9,2.4,1.5,2014-09-26,0443,Aqua,MODIS,40,6.2,297.4,16.1,D,0
-31.7503,146.2052,310.4,2.3,1.5,2014-09-26,0443,Aqua,MODIS,45,6.2,295,15.8,D,0
-33.0001,137.5892,317.3,1,1,2014-09-26,0443,Aqua,MODIS,53,6.2,304.4,4.9,D,0
-24.6176,148.0584,316,4.6,2,2014-09-26,0444,Aqua,MODIS,50,6.2,296.1,88.9,D,0
-24.4938,148.1147,315.6,4.7,2,2014-09-26,0444,Aqua,MODIS,41,6.2,300.2,71.3,D,0
-23.3947,147.7388,331.1,4.7,2,2014-09-26,0445,Aqua,MODIS,79,6.2,299.9,224.2,D,0
-23.3957,147.7309,332.5,4.7,2,2014-09-26,0445,Aqua,MODIS,80,6.2,299.9,241.6,D,0
-23.3756,147.578,319.4,4.6,2,2014-09-26,0445,Aqua,MODIS,48,6.2,298.7,93.5,D,0
-23.3735,147.5815,321.1,4.6,2,2014-09-26,0445,Aqua,MODIS,59,6.2,298.7,109.3,D,0
-22.7904,145.91,345.1,3.6,1.8,2014-09-26,0445,Aqua,MODIS,90,6.2,307.1,274,D,0
-22.8063,145.914,363.3,3.6,1.8,2014-09-26,0445,Aqua,MODIS,100,6.2,307.3,553.8,D,0
-22.7967,145.9164,373.6,3.6,1.8,2014-09-26,0445,Aqua,MODIS,100,6.2,308.9,770.8,D,0
-22.6625,145.8344,325.5,3.6,1.8,2014-09-26,0445,Aqua,MODIS,64,6.2,305.4,81.9,D,0
-22.7832,145.9448,323.1,3.7,1.8,2014-09-26,0445,Aqua,MODIS,56,6.2,303.2,69.3,D,0
-22.6867,145.848,322.9,3.6,1.8,2014-09-26,0445,Aqua,MODIS,55,6.2,306.3,65.2,D,0
-22.8041,145.8815,326.4,3.6,1.8,2014-09-26,0445,Aqua,MODIS,68,6.2,305.8,87,D,0
-22.6783,145.8383,336.7,3.6,1.8,2014-09-26,0445,Aqua,MODIS,83,6.2,306.3,178.4,D,0
-19.4273,133.3421,338.1,1.1,1,2014-09-26,0446,Aqua,MODIS,68,6.2,322.8,17.5,D,0
-19.4287,133.3319,343.6,1.1,1,2014-09-26,0446,Aqua,MODIS,86,6.2,322.5,27.9,D,0
-19.4127,133.3086,345.2,1.1,1,2014-09-26,0446,Aqua,MODIS,79,6.2,322.3,30.2,D,0
-19.4034,133.3073,361.6,1.1,1,2014-09-26,0446,Aqua,MODIS,100,6.2,324,72.4,D,0
-19.3973,133.3112,336.1,1.1,1,2014-09-26,0446,Aqua,MODIS,23,6.2,323.1,14.6,D,0
-19.3986,133.301,336.9,1.1,1,2014-09-26,0446,Aqua,MODIS,27,6.2,318.9,14.6,D,0
-19.3693,133.307,334,1.1,1,2014-09-26,0446,Aqua,MODIS,36,6.2,319.4,11.4,D,0
-19.3734,133.2763,343.6,1.1,1,2014-09-26,0446,Aqua,MODIS,76,6.2,322.2,28.6,D,0
-20.6541,127.161,345.2,2.8,1.6,2014-09-26,0446,Aqua,MODIS,89,6.2,317.2,152.2,D,0
-20.637,127.1861,332.1,2.8,1.6,2014-09-26,0446,Aqua,MODIS,64,6.2,318.3,54.1,D,0
-20.6569,127.1342,334.7,2.8,1.6,2014-09-26,0446,Aqua,MODIS,61,6.2,314.5,77.5,D,0
-20.6558,127.1661,343.6,2.8,1.6,2014-09-26,0446,Aqua,MODIS,82,6.2,317,134.8,D,0
-20.6514,127.1878,344.1,2.8,1.6,2014-09-26,0446,Aqua,MODIS,88,6.2,317.6,140.2,D,0
-20.6658,127.1894,334.8,2.8,1.6,2014-09-26,0446,Aqua,MODIS,61,6.2,313.6,77.4,D,0
-20.6584,127.1392,342.5,2.8,1.6,2014-09-26,0446,Aqua,MODIS,78,6.2,314.6,129.3,D,0
-20.6533,127.1929,345.7,2.8,1.6,2014-09-26,0446,Aqua,MODIS,89,6.2,317.3,148.1,D,0
-19.3668,133.2545,334.9,1.1,1,2014-09-26,0446,Aqua,MODIS,71,6.2,319,15.4,D,0
-19.3748,133.2661,356.3,1.1,1,2014-09-26,0446,Aqua,MODIS,97,6.2,320.4,60.6,D,0
-19.3025,133.259,335.3,1.1,1,2014-09-26,0446,Aqua,MODIS,29,6.2,322.8,14.5,D,0
-17.5111,131.6489,357.4,1.2,1.1,2014-09-26,0447,Aqua,MODIS,98,6.2,319.3,74.5,D,0
-17.5126,131.6373,351.5,1.2,1.1,2014-09-26,0447,Aqua,MODIS,94,6.2,316.1,56.1,D,0
-17.6159,131.5388,334.7,1.2,1.1,2014-09-26,0447,Aqua,MODIS,20,6.2,310.6,22.8,D,0
-17.6144,131.5506,349.2,1.2,1.1,2014-09-26,0447,Aqua,MODIS,91,6.2,313.6,54.5,D,0
-17.613,131.5623,345.7,1.2,1.1,2014-09-26,0447,Aqua,MODIS,89,6.2,314.7,42.3,D,0
-17.6329,131.5651,331.5,1.2,1.1,2014-09-26,0447,Aqua,MODIS,24,6.2,313.6,16,D,0
-19.2852,133.246,344.3,1.1,1,2014-09-26,0447,Aqua,MODIS,87,6.2,323.1,28.6,D,0
-19.2759,133.2446,334.7,1.1,1,2014-09-26,0447,Aqua,MODIS,34,6.2,320.3,12.8,D,0
-17.5093,131.6536,338.3,1.2,1.1,2014-09-26,0447,Aqua,MODIS,79,6.2,318.9,21.7,D,0
-17.5108,131.6421,358.7,1.2,1.1,2014-09-26,0447,Aqua,MODIS,99,6.2,318.8,79.6,D,0
-17.6568,132.2492,354.1,1.1,1.1,2014-09-26,0447,Aqua,MODIS,96,6.2,315.4,63.2,D,0
-17.4711,131.6365,348.9,1.2,1.1,2014-09-26,0447,Aqua,MODIS,91,6.2,318.2,48.7,D,0
-17.7348,131.0872,349.6,1.3,1.1,2014-09-26,0447,Aqua,MODIS,92,6.2,317.1,62,D,0
-17.7332,131.0997,346.1,1.3,1.1,2014-09-26,0447,Aqua,MODIS,90,6.2,313,51.4,D,0
-17.6659,132.0279,329.6,1.2,1.1,2014-09-26,0447,Aqua,MODIS,52,6.2,311.8,11,D,0
-17.6644,132.039,344.1,1.2,1.1,2014-09-26,0447,Aqua,MODIS,88,6.2,313.4,38.5,D,0
-17.6551,132.3364,341.8,1.1,1.1,2014-09-26,0447,Aqua,MODIS,60,6.2,319.2,30.5,D,0
-17.7451,131.0887,333.3,1.3,1.1,2014-09-26,0447,Aqua,MODIS,46,6.2,316.3,19.1,D,0
-17.7435,131.1011,330.2,1.3,1.1,2014-09-26,0447,Aqua,MODIS,37,6.2,312,13.6,D,0
-17.4726,131.625,342.8,1.2,1.1,2014-09-26,0447,Aqua,MODIS,85,6.2,320.1,33.8,D,0
-17.6472,132.2478,390.9,1.1,1.1,2014-09-26,0447,Aqua,MODIS,100,6.2,315.8,224.3,D,0
-17.6684,132.0844,334.8,1.2,1.1,2014-09-26,0447,Aqua,MODIS,19,6.2,313.5,17.4,D,0
-17.6446,132.1923,329.6,1.2,1.1,2014-09-26,0447,Aqua,MODIS,54,6.2,311.4,12,D,0
-19.299,133.1431,353.7,1.1,1,2014-09-26,0447,Aqua,MODIS,95,6.2,320.9,52.5,D,0
-17.646,132.1814,355.7,1.2,1.1,2014-09-26,0447,Aqua,MODIS,97,6.2,314.4,70.6,D,0
-17.6364,132.18,345.8,1.2,1.1,2014-09-26,0447,Aqua,MODIS,89,6.2,310.9,43.6,D,0
-19.3004,133.1328,347.2,1.1,1,2014-09-26,0447,Aqua,MODIS,90,6.2,320.2,37.4,D,0
-19.2896,133.1417,335.1,1.1,1,2014-09-26,0447,Aqua,MODIS,41,6.2,318.5,14.5,D,0
-19.291,133.1314,333.3,1.1,1,2014-09-26,0447,Aqua,MODIS,55,6.2,317.5,13.2,D,0
-19.2761,133.1713,331.6,1.1,1,2014-09-26,0447,Aqua,MODIS,44,6.2,318.1,8.4,D,0
-19.2775,133.1609,336.9,1.1,1,2014-09-26,0447,Aqua,MODIS,54,6.2,320.8,16.6,D,0
-19.2668,133.1699,352.6,1.1,1,2014-09-26,0447,Aqua,MODIS,94,6.2,320.1,48.6,D,0
-19.2682,133.1595,389.9,1.1,1,2014-09-26,0447,Aqua,MODIS,100,6.2,324.7,196.3,D,0
-17.6378,132.1691,328.5,1.2,1.1,2014-09-26,0447,Aqua,MODIS,59,6.2,310.1,10.6,D,0
-17.6458,132.2585,375.5,1.1,1.1,2014-09-26,0447,Aqua,MODIS,100,6.2,313.7,138.7,D,0
-17.7554,131.09,339.1,1.3,1.1,2014-09-26,0447,Aqua,MODIS,51,6.2,314.5,29.8,D,0
-17.6057,131.5439,351.8,1.2,1.1,2014-09-26,0447,Aqua,MODIS,94,6.2,310.9,65.9,D,0
-17.6157,131.5453,332.7,1.2,1.1,2014-09-26,0447,Aqua,MODIS,44,6.2,312.9,19.3,D,0
-17.6141,131.557,345.8,1.2,1.1,2014-09-26,0447,Aqua,MODIS,89,6.2,315.4,47.3,D,0
-15.732,136.225,334.3,1.1,1,2014-09-26,0447,Aqua,MODIS,49,6.2,316.2,15.1,D,0
-19.2932,133.2576,384.9,1.1,1,2014-09-26,0447,Aqua,MODIS,100,6.2,325.7,167.8,D,0
-19.2918,133.2678,347.6,1.1,1,2014-09-26,0447,Aqua,MODIS,90,6.2,319.3,38.7,D,0
-19.2838,133.2562,351,1.1,1,2014-09-26,0447,Aqua,MODIS,93,6.2,319.1,45.1,D,0
-17.6554,132.2599,382.2,1.1,1.1,2014-09-26,0447,Aqua,MODIS,100,6.2,320.3,172.9,D,0
-17.6539,132.2707,340.7,1.1,1.1,2014-09-26,0447,Aqua,MODIS,76,6.2,313.2,26.8,D,0
-17.665,132.2613,344.6,1.1,1.1,2014-09-26,0447,Aqua,MODIS,88,6.2,314.6,39.2,D,0
-17.6635,132.2721,333.1,1.1,1.1,2014-09-26,0447,Aqua,MODIS,53,6.2,314.6,15.3,D,0
-16.6367,130.6262,374.2,1.4,1.2,2014-09-26,0447,Aqua,MODIS,100,6.2,309.4,179.4,D,0
-15.9428,130.5406,339.9,1.4,1.2,2014-09-26,0447,Aqua,MODIS,77,6.2,314.6,31.3,D,0
-15.9878,130.521,352.1,1.4,1.2,2014-09-26,0447,Aqua,MODIS,94,6.2,313.1,71.1,D,0
-18.381,130.7843,328.2,1.4,1.2,2014-09-26,0447,Aqua,MODIS,33,6.2,315.5,13.6,D,0
-15.9917,130.5731,336.2,1.4,1.2,2014-09-26,0447,Aqua,MODIS,49,6.2,316.4,19.1,D,0
-15.9933,130.5605,347.4,1.4,1.2,2014-09-26,0447,Aqua,MODIS,91,6.2,315.4,49.3,D,0
-18.4599,128.8716,360.2,1.9,1.4,2014-09-26,0447,Aqua,MODIS,100,6.2,313.5,181,D,0
-17.1061,127.3034,328.8,2.4,1.5,2014-09-26,0447,Aqua,MODIS,64,6.2,307.3,44.2,D,0
-17.1036,127.3256,331.9,2.4,1.5,2014-09-26,0447,Aqua,MODIS,72,6.2,307.8,57,D,0
-17.1141,127.3107,338.5,2.4,1.5,2014-09-26,0447,Aqua,MODIS,82,6.2,308.1,93.4,D,0
-17.1549,127.3148,342.1,2.4,1.5,2014-09-26,0447,Aqua,MODIS,86,6.2,311.4,109.3,D,0
-18.462,128.8532,326.9,1.9,1.4,2014-09-26,0447,Aqua,MODIS,25,6.2,311.1,19.7,D,0
-17.4984,125.4526,332.2,3.4,1.7,2014-09-26,0447,Aqua,MODIS,27,6.2,310.6,74.9,D,0
-15.9862,130.5337,359.3,1.4,1.2,2014-09-26,0447,Aqua,MODIS,99,6.2,315.5,97.1,D,0
-17.47,125.4165,336.6,3.4,1.7,2014-09-26,0447,Aqua,MODIS,28,6.2,312.5,106.1,D,0
-17.5053,127.4279,330.3,2.4,1.5,2014-09-26,0447,Aqua,MODIS,63,6.2,311.6,40.7,D,0
-17.3838,125.3702,332,3.4,1.7,2014-09-26,0447,Aqua,MODIS,71,6.2,310,94.7,D,0
-17.3905,125.3661,330.9,3.4,1.7,2014-09-26,0447,Aqua,MODIS,63,6.2,309.2,83.6,D,0
-17.1117,127.3331,328,2.4,1.5,2014-09-26,0447,Aqua,MODIS,54,6.2,308.1,36.2,D,0
-17.3747,125.3644,328.6,3.4,1.7,2014-09-26,0447,Aqua,MODIS,45,6.2,309.8,67.6,D,0
-17.069,127.3898,344,2.4,1.5,2014-09-26,0447,Aqua,MODIS,88,6.2,309.8,117.4,D,0
-16.7355,124.1574,337.2,4.2,1.9,2014-09-26,0447,Aqua,MODIS,74,6.2,314.2,159.8,D,0
-18.6589,128.8575,329.8,2,1.4,2014-09-26,0447,Aqua,MODIS,44,6.2,316,19.2,D,0
-18.6545,128.8706,329.5,2,1.4,2014-09-26,0447,Aqua,MODIS,38,6.2,316,16.4,D,0
-16.6416,130.6325,338.9,1.4,1.2,2014-09-26,0447,Aqua,MODIS,81,6.2,304,36.6,D,0
-16.6433,130.6194,339.7,1.4,1.2,2014-09-26,0447,Aqua,MODIS,81,6.2,308.3,41,D,0
-16.6312,130.6311,360.1,1.4,1.2,2014-09-26,0447,Aqua,MODIS,100,6.2,299.8,108.6,D,0
-16.6328,130.6181,360.6,1.4,1.2,2014-09-26,0447,Aqua,MODIS,100,6.2,309.2,112.6,D,0
-15.481,135.9993,359.5,1.1,1,2014-09-26,0447,Aqua,MODIS,99,6.2,314.7,75.2,D,0
-15.4825,135.9893,339.1,1.1,1,2014-09-26,0447,Aqua,MODIS,79,6.2,312.7,26.3,D,0
-15.4795,136.0094,330.9,1.1,1,2014-09-26,0447,Aqua,MODIS,55,6.2,312.7,13.1,D,0
-15.4716,135.9978,357.4,1.1,1,2014-09-26,0447,Aqua,MODIS,98,6.2,317.9,68.9,D,0
-15.4701,136.0079,352.4,1.1,1,2014-09-26,0447,Aqua,MODIS,94,6.2,316.9,55,D,0
-15.7304,136.2352,339.3,1.1,1,2014-09-26,0447,Aqua,MODIS,79,6.2,317.8,23.8,D,0
-15.4732,135.9877,332.2,1.1,1,2014-09-26,0447,Aqua,MODIS,62,6.2,313.7,15.1,D,0
-17.6685,138.4987,344.5,1.4,1.2,2014-09-26,0447,Aqua,MODIS,77,6.2,320.2,38.6,D,0
-16.871,138.5337,332.8,1.4,1.2,2014-09-26,0447,Aqua,MODIS,57,6.2,310.5,26.6,D,0
-16.8768,138.5281,327.8,1.4,1.2,2014-09-26,0447,Aqua,MODIS,29,6.2,309.7,16,D,0
-17.0391,138.6313,363.4,1.4,1.2,2014-09-26,0447,Aqua,MODIS,100,6.2,316.8,114.2,D,0
-17.0179,138.5932,347.8,1.4,1.2,2014-09-26,0447,Aqua,MODIS,89,6.2,320.1,51.7,D,0
-17.02,138.5799,346.6,1.4,1.2,2014-09-26,0447,Aqua,MODIS,85,6.2,319.1,49.2,D,0
-17.0094,138.578,334.9,1.4,1.2,2014-09-26,0447,Aqua,MODIS,39,6.2,318,20.5,D,0
-16.9989,138.5761,339.1,1.4,1.2,2014-09-26,0447,Aqua,MODIS,59,6.2,316.4,32,D,0
-16.9883,138.5742,391.5,1.4,1.2,2014-09-26,0447,Aqua,MODIS,100,6.2,320.5,308.7,D,0
-16.9905,138.5609,366,1.4,1.2,2014-09-26,0447,Aqua,MODIS,100,6.2,318.7,137.8,D,0
-16.9777,138.5723,356.2,1.4,1.2,2014-09-26,0447,Aqua,MODIS,97,6.2,316.5,91.1,D,0
-16.9799,138.5591,371.1,1.4,1.2,2014-09-26,0447,Aqua,MODIS,100,6.2,318.8,166.5,D,0
-16.9671,138.5704,338.7,1.4,1.2,2014-09-26,0447,Aqua,MODIS,61,6.2,313.9,31.7,D,0
-16.9694,138.5572,376.7,1.4,1.2,2014-09-26,0447,Aqua,MODIS,100,6.2,314.7,200.9,D,0
-16.9716,138.5439,333.1,1.4,1.2,2014-09-26,0447,Aqua,MODIS,51,6.2,308.9,23.1,D,0
-16.9588,138.5553,367.4,1.4,1.2,2014-09-26,0447,Aqua,MODIS,100,6.2,314,150.8,D,0
-16.961,138.542,341.6,1.4,1.2,2014-09-26,0447,Aqua,MODIS,82,6.2,308.6,46.7,D,0
-16.9639,138.5641,350.6,1.4,1.2,2014-09-26,0447,Aqua,MODIS,93,6.2,314,75.8,D,0
-16.966,138.5508,365.8,1.4,1.2,2014-09-26,0447,Aqua,MODIS,100,6.2,313.4,142.5,D,0
-17.0581,138.6484,341.4,1.4,1.2,2014-09-26,0447,Aqua,MODIS,61,6.2,319.9,38.1,D,0
-17.0603,138.6351,338.5,1.4,1.2,2014-09-26,0447,Aqua,MODIS,45,6.2,321.8,25.4,D,0
-17.0475,138.6465,360.7,1.4,1.2,2014-09-26,0447,Aqua,MODIS,99,6.2,315.4,107.7,D,0
-17.0497,138.6332,376.8,1.4,1.2,2014-09-26,0447,Aqua,MODIS,100,6.2,322.7,191,D,0
-17.0369,138.6446,376,1.4,1.2,2014-09-26,0447,Aqua,MODIS,100,6.2,312.8,191.8,D,0
-17.041,138.6524,337,1.4,1.2,2014-09-26,0447,Aqua,MODIS,55,6.2,309.6,33.1,D,0
-17.0432,138.639,374.2,1.4,1.2,2014-09-26,0447,Aqua,MODIS,100,6.2,320,186.6,D,0
-17.0326,138.6371,354.7,1.4,1.2,2014-09-26,0447,Aqua,MODIS,88,6.2,309.4,88.7,D,0
-17.6188,138.4964,334.7,1.4,1.2,2014-09-26,0447,Aqua,MODIS,53,6.2,309.2,26.6,D,0
-16.9975,132.7847,334.2,1.1,1,2014-09-26,0447,Aqua,MODIS,66,6.2,319.4,12.9,D,0
-16.8926,132.6954,378.6,1.1,1,2014-09-26,0447,Aqua,MODIS,100,6.2,320,129.9,D,0
-16.8939,132.6852,416.9,1.1,1,2014-09-26,0447,Aqua,MODIS,100,6.2,328.3,379.4,D,0
-16.8953,132.6751,399.7,1.1,1,2014-09-26,0447,Aqua,MODIS,100,6.2,326,255.3,D,0
-16.8967,132.665,404.5,1.1,1,2014-09-26,0447,Aqua,MODIS,100,6.2,324.3,295.9,D,0
-16.8981,132.6548,350.4,1.1,1,2014-09-26,0447,Aqua,MODIS,93,6.2,311.2,53.1,D,0
-16.8832,132.694,337.3,1.1,1,2014-09-26,0447,Aqua,MODIS,38,6.2,317,9.5,D,0
-16.8846,132.6839,343.8,1.1,1,2014-09-26,0447,Aqua,MODIS,87,6.2,313.8,20.9,D,0
-16.886,132.6737,357.5,1.1,1,2014-09-26,0447,Aqua,MODIS,86,6.2,311.9,60.3,D,0
-16.8873,132.6636,361.1,1.1,1,2014-09-26,0447,Aqua,MODIS,100,6.2,311.2,80.3,D,0
-16.8753,132.6825,342.7,1.1,1,2014-09-26,0447,Aqua,MODIS,86,6.2,318.1,19.4,D,0
-16.8766,132.6724,350.4,1.1,1,2014-09-26,0447,Aqua,MODIS,89,6.2,316.4,39.5,D,0
-16.878,132.6622,351.1,1.1,1,2014-09-26,0447,Aqua,MODIS,65,6.2,311.1,48.5,D,0
-16.8593,132.6595,353.9,1.1,1,2014-09-26,0447,Aqua,MODIS,81,6.2,317.1,57.2,D,0
-16.8607,132.6493,360.7,1.1,1,2014-09-26,0447,Aqua,MODIS,100,6.2,315.2,80.4,D,0
-16.862,132.6392,327.4,1.1,1,2014-09-26,0447,Aqua,MODIS,36,6.2,308.4,12.9,D,0
-16.8486,132.6682,356.9,1.1,1,2014-09-26,0447,Aqua,MODIS,89,6.2,318.9,59.4,D,0
-16.8339,132.7073,340.7,1.1,1,2014-09-26,0447,Aqua,MODIS,67,6.2,318.9,17.3,D,0
-16.8352,132.6972,351.5,1.1,1,2014-09-26,0447,Aqua,MODIS,94,6.2,321.3,42.7,D,0
-16.8366,132.6871,360.7,1.1,1,2014-09-26,0447,Aqua,MODIS,100,6.2,323.4,68.5,D,0
-16.8379,132.677,387.4,1.1,1,2014-09-26,0447,Aqua,MODIS,100,6.2,325.3,180.4,D,0
-16.8393,132.6669,354.1,1.1,1,2014-09-26,0447,Aqua,MODIS,84,6.2,319.6,56.3,D,0
-16.8406,132.6567,350.2,1.1,1,2014-09-26,0447,Aqua,MODIS,82,6.2,315.3,49,D,0
-16.8232,132.716,340.8,1.1,1,2014-09-26,0447,Aqua,MODIS,49,6.2,318.5,19,D,0
-16.8259,132.6958,357.9,1.1,1,2014-09-26,0447,Aqua,MODIS,98,6.2,318.6,63.5,D,0
-16.8272,132.6857,436.3,1.1,1,2014-09-26,0447,Aqua,MODIS,100,6.2,332.9,592.7,D,0
-16.8286,132.6756,414.3,1.1,1,2014-09-26,0447,Aqua,MODIS,100,6.2,325.6,370.3,D,0
-16.8299,132.6655,347,1.1,1,2014-09-26,0447,Aqua,MODIS,90,6.2,312.2,43.7,D,0
-16.8161,132.7186,346.4,1.1,1,2014-09-26,0447,Aqua,MODIS,45,6.2,320.8,25,D,0
-16.8175,132.7086,344.9,1.1,1,2014-09-26,0447,Aqua,MODIS,58,6.2,320.9,22.8,D,0
-16.8068,132.7173,348.7,1.1,1,2014-09-26,0447,Aqua,MODIS,71,6.2,319.8,30.1,D,0
-16.8081,132.7072,380.5,1.1,1,2014-09-26,0447,Aqua,MODIS,100,6.2,322.6,136.7,D,0
-16.8095,132.6971,383.1,1.1,1,2014-09-26,0447,Aqua,MODIS,100,6.2,321.6,152.8,D,0
-17.0337,132.6558,333.7,1.1,1,2014-09-26,0447,Aqua,MODIS,51,6.2,318.9,13.4,D,0
-16.9319,132.7273,348.2,1.1,1,2014-09-26,0447,Aqua,MODIS,47,6.2,321.5,25.8,D,0
-16.9225,132.726,344.2,1.1,1,2014-09-26,0447,Aqua,MODIS,61,6.2,320.4,19.2,D,0
-16.9239,132.7158,345,1.1,1,2014-09-26,0447,Aqua,MODIS,75,6.2,320.2,22.4,D,0
-16.9293,132.6753,349,1.1,1,2014-09-26,0447,Aqua,MODIS,79,6.2,313.5,41.7,D,0
-16.9132,132.7246,347.2,1.1,1,2014-09-26,0447,Aqua,MODIS,76,6.2,319.5,26.9,D,0
-16.9199,132.6739,353.5,1.1,1,2014-09-26,0447,Aqua,MODIS,87,6.2,315,53.4,D,0
-16.9213,132.6638,362.2,1.1,1,2014-09-26,0447,Aqua,MODIS,100,6.2,312.7,82.3,D,0
-16.9154,132.6677,376.8,1.1,1,2014-09-26,0447,Aqua,MODIS,100,6.2,318.4,133.6,D,0
-16.9168,132.6576,357.1,1.1,1,2014-09-26,0447,Aqua,MODIS,95,6.2,312.5,63.8,D,0
-16.906,132.6664,379.5,1.1,1,2014-09-26,0447,Aqua,MODIS,100,6.2,317.8,145.5,D,0
-16.9074,132.6562,403.6,1.1,1,2014-09-26,0447,Aqua,MODIS,100,6.2,322.1,288,D,0
-16.9599,132.7314,355.4,1.1,1,2014-09-26,0447,Aqua,MODIS,72,6.2,320,53.2,D,0
-16.9612,132.7214,360.3,1.1,1,2014-09-26,0447,Aqua,MODIS,94,6.2,316.3,67.2,D,0
-16.9519,132.72,354.5,1.1,1,2014-09-26,0447,Aqua,MODIS,88,6.2,318.3,49.9,D,0
-16.9426,132.7186,346.7,1.1,1,2014-09-26,0447,Aqua,MODIS,68,6.2,319.1,27,D,0
-16.9332,132.7172,345.5,1.1,1,2014-09-26,0447,Aqua,MODIS,47,6.2,319.9,22.3,D,0
-16.9373,132.6868,353.5,1.1,1,2014-09-26,0447,Aqua,MODIS,95,6.2,314.8,51.1,D,0
-16.9386,132.6767,342,1.1,1,2014-09-26,0447,Aqua,MODIS,65,6.2,313.8,27.2,D,0
-16.7936,132.6742,345.5,1.1,1,2014-09-26,0447,Aqua,MODIS,51,6.2,313.5,33.7,D,0
-16.7842,132.6728,342.8,1.1,1,2014-09-26,0447,Aqua,MODIS,41,6.2,315,24.7,D,0
-16.7856,132.6627,382.9,1.1,1,2014-09-26,0447,Aqua,MODIS,100,6.2,318.4,162.5,D,0
-16.787,132.6526,331.7,1.1,1,2014-09-26,0447,Aqua,MODIS,26,6.2,313.6,15.6,D,0
-16.7763,132.6613,350.8,1.1,1,2014-09-26,0447,Aqua,MODIS,87,6.2,314.2,47.1,D,0
-16.7669,132.66,339.1,1.1,1,2014-09-26,0447,Aqua,MODIS,35,6.2,316.8,21.2,D,0
-16.6578,130.6735,347.8,1.4,1.2,2014-09-26,0447,Aqua,MODIS,91,6.2,312.7,60.8,D,0
-16.9185,132.7562,346.8,1.1,1,2014-09-26,0447,Aqua,MODIS,67,6.2,323.4,21.7,D,0
-16.7419,130.8204,332.5,1.3,1.1,2014-09-26,0447,Aqua,MODIS,30,6.2,315.2,15.4,D,0
-16.7435,130.8078,344.3,1.3,1.1,2014-09-26,0447,Aqua,MODIS,87,6.2,316.6,44.8,D,0
-17.5161,138.5982,331.3,1.4,1.2,2014-09-26,0447,Aqua,MODIS,37,6.2,318.5,11.1,D,0
-16.6872,130.8572,335.3,1.3,1.1,2014-09-26,0447,Aqua,MODIS,70,6.2,313.1,23.6,D,0
-16.6888,130.8448,344.9,1.3,1.1,2014-09-26,0447,Aqua,MODIS,88,6.2,314.3,46.8,D,0
-17.7702,137.9325,332.8,1.3,1.1,2014-09-26,0447,Aqua,MODIS,60,6.2,321.2,10.5,D,0
-17.7721,137.9207,336.2,1.3,1.1,2014-09-26,0447,Aqua,MODIS,74,6.2,323,18.4,D,0
-17.6373,138.4931,351.5,1.4,1.2,2014-09-26,0447,Aqua,MODIS,83,6.2,317,64.9,D,0
-17.6269,138.4913,382.1,1.4,1.2,2014-09-26,0447,Aqua,MODIS,100,6.2,319.2,219.6,D,0
-17.629,138.4784,361.9,1.4,1.2,2014-09-26,0447,Aqua,MODIS,99,6.2,322.1,103.1,D,0
-17.6165,138.4894,350.4,1.4,1.2,2014-09-26,0447,Aqua,MODIS,90,6.2,310.4,66,D,0
-17.6186,138.4765,361.7,1.4,1.2,2014-09-26,0447,Aqua,MODIS,95,6.2,318.1,105.1,D,0
-17.6229,138.4509,349.4,1.4,1.2,2014-09-26,0447,Aqua,MODIS,88,6.2,317.3,57.7,D,0
-17.625,138.4382,344.4,1.4,1.2,2014-09-26,0447,Aqua,MODIS,84,6.2,318.8,45.1,D,0
-17.6209,138.4835,375.8,1.4,1.2,2014-09-26,0447,Aqua,MODIS,100,6.2,320.4,190.1,D,0
-17.6229,138.4707,339.6,1.4,1.2,2014-09-26,0447,Aqua,MODIS,35,6.2,318.2,36,D,0
-17.625,138.4578,337.7,1.4,1.2,2014-09-26,0447,Aqua,MODIS,61,6.2,316.9,30.1,D,0
-17.6105,138.4816,369.7,1.4,1.2,2014-09-26,0447,Aqua,MODIS,100,6.2,312.1,158.3,D,0
-17.6125,138.4688,368.9,1.4,1.2,2014-09-26,0447,Aqua,MODIS,100,6.2,318.1,151.7,D,0
-17.6166,138.4431,346.6,1.4,1.2,2014-09-26,0447,Aqua,MODIS,89,6.2,316.6,56.3,D,0
-17.627,138.445,337,1.4,1.2,2014-09-26,0447,Aqua,MODIS,65,6.2,318.9,28.6,D,0
-16.903,132.7587,335.4,1.1,1,2014-09-26,0447,Aqua,MODIS,54,6.2,320.5,15.6,D,0
-16.9043,132.7486,336.7,1.1,1,2014-09-26,0447,Aqua,MODIS,33,6.2,321.6,16.5,D,0
-18.6942,127.4534,338.9,2.5,1.5,2014-09-26,0447,Aqua,MODIS,80,6.2,314.5,79.3,D,0
-14.3196,143.1911,322.6,3.5,1.8,2014-09-26,0447,Aqua,MODIS,61,6.2,305.4,53.5,D,0
-16.5458,136.7973,338.4,1.1,1.1,2014-09-26,0447,Aqua,MODIS,65,6.2,318.7,18.9,D,0
-16.5432,136.6881,344.2,1.1,1.1,2014-09-26,0447,Aqua,MODIS,86,6.2,315.6,33.8,D,0
-16.5448,136.6776,341.4,1.1,1.1,2014-09-26,0447,Aqua,MODIS,77,6.2,316.6,27.7,D,0
-16.5353,136.676,352.4,1.1,1.1,2014-09-26,0447,Aqua,MODIS,94,6.2,314.5,54.8,D,0
-16.5258,136.6744,343.9,1.1,1.1,2014-09-26,0447,Aqua,MODIS,71,6.2,310.4,35.6,D,0
-16.5275,136.6639,347,1.1,1.1,2014-09-26,0447,Aqua,MODIS,83,6.2,316.1,40.3,D,0
-16.5151,136.7211,333,1.1,1.1,2014-09-26,0447,Aqua,MODIS,16,6.2,317.3,12.4,D,0
-16.5231,136.6684,359.2,1.1,1.1,2014-09-26,0447,Aqua,MODIS,99,6.2,313.1,79.3,D,0
-16.5168,136.6458,336.7,1.1,1.1,2014-09-26,0447,Aqua,MODIS,46,6.2,315.8,23.2,D,0
-16.5073,136.6442,391.5,1.1,1.1,2014-09-26,0447,Aqua,MODIS,100,6.2,319.1,225.4,D,0
-16.5089,136.6337,348.4,1.1,1.1,2014-09-26,0447,Aqua,MODIS,89,6.2,314.4,48.8,D,0
-16.626,136.7521,341.1,1.1,1.1,2014-09-26,0447,Aqua,MODIS,77,6.2,318.9,26,D,0
-16.6148,136.7611,338.5,1.1,1.1,2014-09-26,0447,Aqua,MODIS,64,6.2,318.1,20.8,D,0
-16.6231,136.7083,343.2,1.1,1.1,2014-09-26,0447,Aqua,MODIS,85,6.2,319.6,30.7,D,0
-16.6036,136.7702,332.8,1.1,1.1,2014-09-26,0447,Aqua,MODIS,42,6.2,316.6,11.4,D,0
-16.6136,136.7067,363.8,1.1,1.1,2014-09-26,0447,Aqua,MODIS,100,6.2,319.7,86.7,D,0
-16.6152,136.6961,355.8,1.1,1.1,2014-09-26,0447,Aqua,MODIS,97,6.2,317.5,62.5,D,0
-16.6098,136.6992,357.3,1.1,1.1,2014-09-26,0447,Aqua,MODIS,98,6.2,317.7,65.7,D,0
-16.6082,136.7097,339.1,1.1,1.1,2014-09-26,0447,Aqua,MODIS,78,6.2,318.7,20.8,D,0
-16.5873,136.7824,371.8,1.1,1.1,2014-09-26,0447,Aqua,MODIS,100,6.2,320,118.6,D,0
-16.5889,136.7718,362.6,1.1,1.1,2014-09-26,0447,Aqua,MODIS,100,6.2,323.4,82.6,D,0
-16.5778,136.7808,343.4,1.1,1.1,2014-09-26,0447,Aqua,MODIS,85,6.2,320.9,31.1,D,0
-16.5682,136.7792,338.6,1.1,1.1,2014-09-26,0447,Aqua,MODIS,75,6.2,320.9,20.8,D,0
-16.5796,136.705,339.2,1.1,1.1,2014-09-26,0447,Aqua,MODIS,76,6.2,318.7,19.5,D,0
-16.5717,136.6929,340.4,1.1,1.1,2014-09-26,0447,Aqua,MODIS,64,6.2,319.8,22.2,D,0
-16.4977,136.7074,337.2,1.1,1.1,2014-09-26,0447,Aqua,MODIS,70,6.2,316.1,23.4,D,0
-16.4881,136.7058,359.8,1.1,1.1,2014-09-26,0447,Aqua,MODIS,99,6.2,315.4,80.4,D,0
-16.4898,136.6952,352.4,1.1,1.1,2014-09-26,0447,Aqua,MODIS,94,6.2,315.7,59.9,D,0
-14.9874,144.9259,319,4.6,2,2014-09-26,0447,Aqua,MODIS,63,6.2,297.7,89.4,D,0
-14.9868,144.918,318.8,4.6,2,2014-09-26,0447,Aqua,MODIS,62,6.2,297.5,86.6,D,0
-16.6401,130.6454,328.5,1.4,1.2,2014-09-26,0447,Aqua,MODIS,28,6.2,302.6,13.9,D,0
-16.635,130.6391,336.3,1.4,1.2,2014-09-26,0447,Aqua,MODIS,77,6.2,298,30.2,D,0
-18.6742,127.3783,351.4,2.5,1.5,2014-09-26,0447,Aqua,MODIS,94,6.2,314.4,171.4,D,0
-18.6768,127.3541,343,2.5,1.5,2014-09-26,0447,Aqua,MODIS,87,6.2,313.7,108.1,D,0
-18.6687,127.3726,348.1,2.5,1.5,2014-09-26,0447,Aqua,MODIS,91,6.2,313.1,144.7,D,0
-18.6714,127.3485,329.8,2.5,1.5,2014-09-26,0447,Aqua,MODIS,61,6.2,313.4,28,D,0
-18.7173,127.4387,327.4,2.5,1.5,2014-09-26,0447,Aqua,MODIS,50,6.2,312.3,25.6,D,0
-18.7105,127.4312,353.9,2.5,1.5,2014-09-26,0447,Aqua,MODIS,96,6.2,314.2,191.1,D,0
-18.7131,127.4072,331.1,2.5,1.5,2014-09-26,0447,Aqua,MODIS,42,6.2,314.7,37,D,0
-16.756,124.1674,336,4.2,1.9,2014-09-26,0447,Aqua,MODIS,46,6.2,312.2,145.7,D,0
-18.4709,128.9152,385.7,1.9,1.4,2014-09-26,0447,Aqua,MODIS,100,6.2,319.5,407.3,D,0
-18.4689,128.9333,351.7,1.9,1.4,2014-09-26,0447,Aqua,MODIS,94,6.2,315,116.7,D,0
-18.5422,128.9426,332.2,1.9,1.4,2014-09-26,0447,Aqua,MODIS,50,6.2,314.8,25.1,D,0
-18.478,128.9294,333.4,1.9,1.4,2014-09-26,0447,Aqua,MODIS,37,6.2,313.8,30.6,D,0
-18.6176,128.866,332.5,2,1.4,2014-09-26,0447,Aqua,MODIS,59,6.2,315.6,24.4,D,0
-17.0639,127.4356,332.9,2.4,1.5,2014-09-26,0447,Aqua,MODIS,68,6.2,310.5,51,D,0
-17.0799,127.4143,332.6,2.4,1.5,2014-09-26,0447,Aqua,MODIS,73,6.2,308.7,52.5,D,0
-16.7994,124.2505,331.7,4.1,1.9,2014-09-26,0447,Aqua,MODIS,67,6.2,311.9,101.3,D,0
-18.643,129.0041,335.3,1.9,1.3,2014-09-26,0447,Aqua,MODIS,71,6.2,317.2,36.8,D,0
-18.6376,129.0164,332.5,1.9,1.3,2014-09-26,0447,Aqua,MODIS,68,6.2,316.3,30.2,D,0
-18.6397,128.9984,332.1,1.9,1.3,2014-09-26,0447,Aqua,MODIS,70,6.2,316.7,27.7,D,0
-18.7812,128.9173,331.6,1.9,1.4,2014-09-26,0447,Aqua,MODIS,50,6.2,317.4,25.8,D,0
-18.4729,128.8969,343.2,1.9,1.4,2014-09-26,0447,Aqua,MODIS,87,6.2,315,72.1,D,0
-18.4801,128.9112,350.2,1.9,1.4,2014-09-26,0447,Aqua,MODIS,93,6.2,312.7,105.6,D,0
-18.4658,128.9278,364.4,1.9,1.4,2014-09-26,0447,Aqua,MODIS,100,6.2,316.8,202,D,0
-18.4679,128.9097,366.4,1.9,1.4,2014-09-26,0447,Aqua,MODIS,100,6.2,318.6,218.6,D,0
-18.4578,128.8899,336.3,1.9,1.4,2014-09-26,0447,Aqua,MODIS,49,6.2,313.2,47.2,D,0
-17.0531,127.4108,327.4,2.4,1.5,2014-09-26,0447,Aqua,MODIS,50,6.2,309.8,29.6,D,0
-17.0506,127.4335,328.5,2.4,1.5,2014-09-26,0447,Aqua,MODIS,63,6.2,310.3,33.9,D,0
-17.0665,127.4129,347.9,2.4,1.5,2014-09-26,0447,Aqua,MODIS,91,6.2,311.5,142.9,D,0
-15.6398,127.6395,344.1,2.2,1.4,2014-09-26,0448,Aqua,MODIS,90,6.2,310.9,94.3,D,0
-15.8,127.7116,334.8,2.2,1.4,2014-09-26,0448,Aqua,MODIS,56,6.2,309.8,43.2,D,0
-15.7863,127.7169,334.5,2.2,1.4,2014-09-26,0448,Aqua,MODIS,63,6.2,309.4,43.9,D,0
-16.4894,124.3631,323.5,4,1.9,2014-09-26,0448,Aqua,MODIS,39,6.2,302.9,73.2,D,0
-15.6387,127.646,339.9,2.2,1.4,2014-09-26,0448,Aqua,MODIS,80,6.2,310,72.9,D,0
-15.8753,127.6265,331.3,2.2,1.4,2014-09-26,0448,Aqua,MODIS,77,6.2,305.6,44.3,D,0
-15.641,127.6259,342.8,2.2,1.4,2014-09-26,0448,Aqua,MODIS,89,6.2,312,87.2,D,0
-15.7871,127.7103,334.8,2.2,1.4,2014-09-26,0448,Aqua,MODIS,67,6.2,309.7,45.4,D,0
-12.1975,135.4747,346,1.1,1.1,2014-09-26,0448,Aqua,MODIS,90,6.2,316,37.6,D,0
-14.9642,134.8904,381.2,1,1,2014-09-26,0448,Aqua,MODIS,100,6.2,317.6,138.7,D,0
-14.9314,134.87,363.8,1,1,2014-09-26,0448,Aqua,MODIS,100,6.2,311.8,77.6,D,0
-14.2623,134.1553,353.2,1,1,2014-09-26,0448,Aqua,MODIS,95,6.2,309.6,51.2,D,0
-14.9327,134.8606,397.5,1,1,2014-09-26,0448,Aqua,MODIS,100,6.2,313.1,223.2,D,0
-12.199,135.4646,356.2,1.1,1,2014-09-26,0448,Aqua,MODIS,97,6.2,314.3,62.8,D,0
-14.9705,135.0362,354.1,1,1,2014-09-26,0448,Aqua,MODIS,95,6.2,313.9,52.8,D,0
-12.2021,135.4444,342.5,1.1,1,2014-09-26,0448,Aqua,MODIS,82,6.2,312.4,31.8,D,0
-14.261,134.1645,361.8,1,1,2014-09-26,0448,Aqua,MODIS,100,6.2,313.8,73.3,D,0
-14.3576,134.1286,341.1,1,1,2014-09-26,0448,Aqua,MODIS,72,6.2,313.3,22,D,0
-14.3845,134.1327,346.3,1,1,2014-09-26,0448,Aqua,MODIS,84,6.2,318.2,27.6,D,0
-14.3486,134.1272,342.2,1,1,2014-09-26,0448,Aqua,MODIS,84,6.2,313.5,25.8,D,0
-14.9056,134.8563,404.2,1,1,2014-09-26,0448,Aqua,MODIS,100,6.2,318.3,272.7,D,0
-14.907,134.8469,339.4,1,1,2014-09-26,0448,Aqua,MODIS,81,6.2,307.7,30.9,D,0
-14.9523,135.0333,330.8,1,1,2014-09-26,0448,Aqua,MODIS,55,6.2,312.8,7.9,D,0
-14.9223,134.8686,354.8,1,1,2014-09-26,0448,Aqua,MODIS,96,6.2,309.8,53.7,D,0
-14.9251,134.8498,421.6,1,1,2014-09-26,0448,Aqua,MODIS,100,6.2,317.9,400,D,0
-14.2713,134.1567,346.2,1,1,2014-09-26,0448,Aqua,MODIS,89,6.2,310.4,35.3,D,0
-14.9656,135.0064,332.8,1,1,2014-09-26,0448,Aqua,MODIS,65,6.2,312.2,13.7,D,0
-12.679,136.3908,331,1.2,1.1,2014-09-26,0448,Aqua,MODIS,71,6.2,306.8,22.6,D,0
-14.9551,134.8889,335.2,1,1,2014-09-26,0448,Aqua,MODIS,59,6.2,316,14,D,0
-14.2673,134.1844,339.8,1,1,2014-09-26,0448,Aqua,MODIS,81,6.2,313.4,21.5,D,0
-14.9691,135.0457,336.2,1,1,2014-09-26,0448,Aqua,MODIS,58,6.2,312.9,17.4,D,0
-14.9341,134.8512,399.2,1,1,2014-09-26,0448,Aqua,MODIS,100,6.2,315.6,234.4,D,0
-12.917,131.2701,376.5,1.1,1.1,2014-09-26,0448,Aqua,MODIS,100,6.2,318.7,142.9,D,0
-14.9209,134.878,339.4,1,1,2014-09-26,0448,Aqua,MODIS,80,6.2,310.6,21.3,D,0
-14.3377,134.4565,340.5,1,1,2014-09-26,0448,Aqua,MODIS,83,6.2,318.7,19.2,D,0
-14.8722,135.0829,332.5,1,1,2014-09-26,0448,Aqua,MODIS,56,6.2,313.6,13.6,D,0
-14.3467,134.4579,342.2,1,1,2014-09-26,0448,Aqua,MODIS,85,6.2,320.4,21.4,D,0
-14.3364,134.4657,335.4,1,1,2014-09-26,0448,Aqua,MODIS,60,6.2,316.2,11.4,D,0
-12.9156,131.2806,334.8,1.1,1.1,2014-09-26,0448,Aqua,MODIS,71,6.2,315.4,16.8,D,0
-14.3868,135.2485,333.3,1,1,2014-09-26,0448,Aqua,MODIS,72,6.2,314.5,15.4,D,0
-14.9133,134.8671,374.5,1,1,2014-09-26,0448,Aqua,MODIS,100,6.2,312.8,117.6,D,0
-12.5408,136.687,329.6,1.3,1.1,2014-09-26,0448,Aqua,MODIS,71,6.2,306.6,21.2,D,0
-14.2596,134.1738,330.4,1,1,2014-09-26,0448,Aqua,MODIS,33,6.2,310.9,9.4,D,0
-14.9628,135.0253,412,1,1,2014-09-26,0448,Aqua,MODIS,100,6.2,322.6,321.8,D,0
-14.9028,134.8751,365.2,1,1,2014-09-26,0448,Aqua,MODIS,100,6.2,315.5,87.9,D,0
-14.9614,134.9092,347.5,1,1,2014-09-26,0448,Aqua,MODIS,90,6.2,312.2,35.9,D,0
-14.9355,134.8418,350.1,1,1,2014-09-26,0448,Aqua,MODIS,92,6.2,310.6,46.3,D,0
-14.3562,134.1378,341.1,1,1,2014-09-26,0448,Aqua,MODIS,74,6.2,314.5,20.4,D,0
-14.257,134.1922,342,1,1,2014-09-26,0448,Aqua,MODIS,84,6.2,312.8,26.2,D,0
-14.9913,134.8947,335.9,1,1,2014-09-26,0448,Aqua,MODIS,60,6.2,314,15.3,D,0
-14.9523,134.9078,336.6,1,1,2014-09-26,0448,Aqua,MODIS,55,6.2,316.5,15.7,D,0
-14.96,135.0442,349.6,1,1,2014-09-26,0448,Aqua,MODIS,92,6.2,317.3,41.5,D,0
-14.9163,135.0997,341.2,1,1,2014-09-26,0448,Aqua,MODIS,84,6.2,315.3,28.6,D,0
-14.9719,135.0267,346.7,1,1,2014-09-26,0448,Aqua,MODIS,89,6.2,311.5,36.3,D,0
-14.905,134.9236,355.3,1,1,2014-09-26,0448,Aqua,MODIS,94,6.2,316.5,52.9,D,0
-14.9014,134.8845,345.6,1,1,2014-09-26,0448,Aqua,MODIS,83,6.2,314,36.5,D,0
-14.8987,134.9034,332.5,1,1,2014-09-26,0448,Aqua,MODIS,59,6.2,311.5,14.9,D,0
-14.9509,135.0428,330.4,1,1,2014-09-26,0448,Aqua,MODIS,51,6.2,314.3,7.5,D,0
-14.9077,134.9048,349.9,1,1,2014-09-26,0448,Aqua,MODIS,81,6.2,315.6,39.2,D,0
-14.9083,134.8375,327.9,1,1,2014-09-26,0448,Aqua,MODIS,34,6.2,305.1,14.5,D,0
-14.2493,134.1816,345.4,1,1,2014-09-26,0448,Aqua,MODIS,88,6.2,312,33,D,0
-14.9119,134.8765,374.4,1,1,2014-09-26,0448,Aqua,MODIS,100,6.2,315.6,115.9,D,0
-14.8415,135.0392,331.3,1,1,2014-09-26,0448,Aqua,MODIS,60,6.2,314.8,12.7,D,0
-14.8309,135.0503,337.7,1,1,2014-09-26,0448,Aqua,MODIS,70,6.2,312.2,22.7,D,0
-14.8938,134.8737,348,1,1,2014-09-26,0448,Aqua,MODIS,91,6.2,310.6,45.8,D,0
-14.8973,134.9128,345.9,1,1,2014-09-26,0448,Aqua,MODIS,83,6.2,314,35.3,D,0
-14.2506,134.1724,333.9,1,1,2014-09-26,0448,Aqua,MODIS,57,6.2,310.3,14.7,D,0
-14.9064,134.9142,359.1,1,1,2014-09-26,0448,Aqua,MODIS,98,6.2,318.8,61.5,D,0
-14.9837,135.0092,335.4,1,1,2014-09-26,0448,Aqua,MODIS,73,6.2,311.2,19.3,D,0
-14.4216,134.1356,335.5,1,1,2014-09-26,0448,Aqua,MODIS,18,6.2,314.2,14,D,0
-14.2583,134.183,340,1,1,2014-09-26,0448,Aqua,MODIS,82,6.2,313.9,23.1,D,0
-14.8965,134.8549,356.5,1,1,2014-09-26,0448,Aqua,MODIS,97,6.2,309.4,66.6,D,0
-14.9614,135.0348,363,1,1,2014-09-26,0448,Aqua,MODIS,100,6.2,319.3,75.6,D,0
-14.8952,134.8643,358.2,1,1,2014-09-26,0448,Aqua,MODIS,98,6.2,313,70.7,D,0
-12.782,132.8615,336.2,1,1,2014-09-26,0448,Aqua,MODIS,61,6.2,314.1,17.2,D,0
-14.9146,134.8577,341.5,1,1,2014-09-26,0448,Aqua,MODIS,78,6.2,307.1,30.5,D,0
-14.9537,134.8984,341.8,1,1,2014-09-26,0448,Aqua,MODIS,84,6.2,318,24.7,D,0
-14.9733,135.0173,340,1,1,2014-09-26,0448,Aqua,MODIS,81,6.2,309.6,24.8,D,0
-14.9628,134.8998,381.2,1,1,2014-09-26,0448,Aqua,MODIS,100,6.2,316.1,139,D,0
-14.9642,135.0158,410.1,1,1,2014-09-26,0448,Aqua,MODIS,100,6.2,319.7,309.2,D,0
-14.8323,135.0408,335.5,1,1,2014-09-26,0448,Aqua,MODIS,67,6.2,314.6,19.5,D,0
-14.9229,135.1063,340,1,1,2014-09-26,0448,Aqua,MODIS,78,6.2,314.7,24.3,D,0
-14.916,134.8483,342.4,1,1,2014-09-26,0448,Aqua,MODIS,85,6.2,307.2,33.6,D,0
-14.93,134.8794,335.7,1,1,2014-09-26,0448,Aqua,MODIS,75,6.2,311.3,14.9,D,0
-14.9851,134.9998,334.7,1,1,2014-09-26,0448,Aqua,MODIS,72,6.2,313.3,18.2,D,0
-14.3832,134.142,344.2,1,1,2014-09-26,0448,Aqua,MODIS,87,6.2,317.4,21.7,D,0
-14.9042,134.8657,390.1,1,1,2014-09-26,0448,Aqua,MODIS,100,6.2,318.5,189.7,D,0
-14.9196,134.8874,335.2,1,1,2014-09-26,0448,Aqua,MODIS,65,6.2,312,12.4,D,0
-14.9001,134.894,336.6,1,1,2014-09-26,0448,Aqua,MODIS,73,6.2,311.5,21.3,D,0
-14.9168,134.9062,336.9,1,1,2014-09-26,0448,Aqua,MODIS,54,6.2,315.8,13,D,0
-14.4011,134.1447,346.4,1,1,2014-09-26,0448,Aqua,MODIS,75,6.2,315.2,27.3,D,0
-14.9237,134.8592,375.3,1,1,2014-09-26,0448,Aqua,MODIS,100,6.2,311.4,119.2,D,0
-14.9174,134.8389,333.5,1,1,2014-09-26,0448,Aqua,MODIS,70,6.2,304.6,21.1,D,0
-14.9105,134.886,345.2,1,1,2014-09-26,0448,Aqua,MODIS,76,6.2,313.1,32.8,D,0
-14.8401,135.0487,330.1,1,1,2014-09-26,0448,Aqua,MODIS,40,6.2,311.9,11.2,D,0
-14.2699,134.1659,358.7,1,1,2014-09-26,0448,Aqua,MODIS,99,6.2,314.3,63.1,D,0
-14.9278,134.831,352.4,1,1,2014-09-26,0448,Aqua,MODIS,94,6.2,306.5,54,D,0
-12.8444,132.6804,335.4,1,1,2014-09-26,0448,Aqua,MODIS,64,6.2,318.2,12.1,D,0
-14.9264,134.8404,426.8,1,1,2014-09-26,0448,Aqua,MODIS,100,6.2,321.4,449.2,D,0
-14.8924,134.8831,334.4,1,1,2014-09-26,0448,Aqua,MODIS,72,6.2,308.5,21,D,0
-14.266,134.1936,401,1,1,2014-09-26,0448,Aqua,MODIS,100,6.2,319.7,238.4,D,0
-14.1905,136.5408,330.3,1.2,1.1,2014-09-26,0448,Aqua,MODIS,71,6.2,309.9,19.7,D,0
-12.3701,131.8535,338.5,1.1,1,2014-09-26,0448,Aqua,MODIS,55,6.2,312.4,27.2,D,0
-12.3714,131.8437,337,1.1,1,2014-09-26,0448,Aqua,MODIS,66,6.2,312,22.7,D,0
-14.1825,136.5282,325.7,1.2,1.1,2014-09-26,0448,Aqua,MODIS,55,6.2,309.3,12,D,0
-13.9984,136.4632,334.3,1.2,1.1,2014-09-26,0448,Aqua,MODIS,78,6.2,312.3,22.2,D,0
-13.9887,136.4616,330.2,1.2,1.1,2014-09-26,0448,Aqua,MODIS,70,6.2,311.9,15.2,D,0
-13.9794,132.4459,356,1.1,1,2014-09-26,0448,Aqua,MODIS,97,6.2,319.1,58.4,D,0
-13.9781,132.4556,336,1.1,1,2014-09-26,0448,Aqua,MODIS,71,6.2,316.2,16.1,D,0
-12.4705,135.7459,334.7,1.1,1.1,2014-09-26,0448,Aqua,MODIS,39,6.2,311.6,20.7,D,0
-14.2253,132.5883,334.6,1,1,2014-09-26,0448,Aqua,MODIS,61,6.2,315.4,14,D,0
-14.0718,132.5733,342.9,1,1,2014-09-26,0448,Aqua,MODIS,66,6.2,318.7,25.6,D,0
-14.0986,132.5739,391,1,1,2014-09-26,0448,Aqua,MODIS,100,6.2,324,190.4,D,0
-14.0973,132.5835,372.7,1,1,2014-09-26,0448,Aqua,MODIS,100,6.2,319.7,107.9,D,0
-14.1065,132.5848,351.9,1,1,2014-09-26,0448,Aqua,MODIS,94,6.2,318.6,46.8,D,0
-14.1156,132.5862,338.9,1,1,2014-09-26,0448,Aqua,MODIS,79,6.2,316.9,20.4,D,0
-13.9729,132.4252,335.2,1.1,1,2014-09-26,0448,Aqua,MODIS,71,6.2,311.9,17.9,D,0
-14.0058,133.8242,342.1,1,1,2014-09-26,0448,Aqua,MODIS,71,6.2,317.3,22.6,D,0
-13.9966,133.8265,330.9,1,1,2014-09-26,0448,Aqua,MODIS,28,6.2,312.6,9,D,0
-13.989,133.8159,340.2,1,1,2014-09-26,0448,Aqua,MODIS,68,6.2,315.3,21.1,D,0
-14.3225,132.878,335.2,1,1,2014-09-26,0448,Aqua,MODIS,72,6.2,319.2,13.2,D,0
-13.5656,135.3305,332.8,1.1,1,2014-09-26,0448,Aqua,MODIS,44,6.2,313,12.9,D,0
-12.218,135.5298,338.5,1.1,1.1,2014-09-26,0448,Aqua,MODIS,83,6.2,314.7,23.8,D,0
-14.0209,132.3982,333.6,1.1,1,2014-09-26,0448,Aqua,MODIS,52,6.2,317.5,7,D,0
-14.0301,132.3995,334.8,1.1,1,2014-09-26,0448,Aqua,MODIS,61,6.2,318.8,9,D,0
-13.8523,136.5388,327.6,1.2,1.1,2014-09-26,0448,Aqua,MODIS,53,6.2,314.1,11.9,D,0
-13.9925,132.4872,336.4,1,1,2014-09-26,0448,Aqua,MODIS,68,6.2,316.4,16.5,D,0
-13.9557,133.7921,362,1,1,2014-09-26,0448,Aqua,MODIS,100,6.2,319.8,67.5,D,0
-13.9467,133.7907,363.1,1,1,2014-09-26,0448,Aqua,MODIS,100,6.2,317.1,70.5,D,0
-13.948,133.7815,378.8,1,1,2014-09-26,0448,Aqua,MODIS,100,6.2,322.1,123.7,D,0
-14.0016,132.4885,340.1,1,1,2014-09-26,0448,Aqua,MODIS,82,6.2,316.2,21.7,D,0
-14.0003,132.4982,338.5,1,1,2014-09-26,0448,Aqua,MODIS,76,6.2,317,19.3,D,0
-14.0077,132.495,343.7,1,1,2014-09-26,0448,Aqua,MODIS,86,6.2,318.3,28.7,D,0
-13.9136,133.7603,334.4,1,1,2014-09-26,0448,Aqua,MODIS,69,6.2,318.4,10.8,D,0
-14.0726,133.8061,346,1,1,2014-09-26,0448,Aqua,MODIS,88,6.2,317,30.4,D,0
-14.0713,133.8153,362.2,1,1,2014-09-26,0448,Aqua,MODIS,100,6.2,317.5,69.4,D,0
-13.6118,135.2538,343.2,1.1,1,2014-09-26,0448,Aqua,MODIS,86,6.2,315.3,31.9,D,0
-12.1868,135.3123,333.6,1.1,1,2014-09-26,0448,Aqua,MODIS,72,6.2,314.6,17.4,D,0
-12.1823,135.3423,331.4,1.1,1,2014-09-26,0448,Aqua,MODIS,61,6.2,311.6,16.1,D,0
-12.1985,135.4271,387.2,1.1,1,2014-09-26,0448,Aqua,MODIS,100,6.2,318.6,196,D,0
-12.197,135.4371,346.9,1.1,1,2014-09-26,0448,Aqua,MODIS,91,6.2,311,44.6,D,0
-12.2051,135.4243,386.5,1.1,1,2014-09-26,0448,Aqua,MODIS,100,6.2,317.5,188.4,D,0
-13.8422,133.5559,337,1,1,2014-09-26,0448,Aqua,MODIS,77,6.2,314.1,17.6,D,0
-13.8409,133.5651,344.4,1,1,2014-09-26,0448,Aqua,MODIS,87,6.2,316.8,29.3,D,0
-13.8512,133.5572,364.2,1,1,2014-09-26,0448,Aqua,MODIS,100,6.2,316.4,77.8,D,0
-13.8499,133.5664,368.8,1,1,2014-09-26,0448,Aqua,MODIS,100,6.2,319.2,91.6,D,0
-13.8486,133.5756,333.4,1,1,2014-09-26,0448,Aqua,MODIS,69,6.2,314.4,11.9,D,0
-13.859,133.564,348.6,1,1,2014-09-26,0448,Aqua,MODIS,88,6.2,315.7,36.9,D,0
-13.8577,133.5732,358.5,1,1,2014-09-26,0448,Aqua,MODIS,99,6.2,317.7,57.7,D,0
-14.2463,132.5717,343.1,1,1,2014-09-26,0448,Aqua,MODIS,85,6.2,316.5,27.1,D,0
-14.2609,132.5344,346.2,1,1,2014-09-26,0448,Aqua,MODIS,88,6.2,317.5,32.6,D,0
-14.2727,132.5164,331.5,1.1,1,2014-09-26,0448,Aqua,MODIS,35,6.2,316,7.7,D,0
-14.2714,132.5261,339.1,1,1,2014-09-26,0448,Aqua,MODIS,80,6.2,316,19.6,D,0
-14.2797,132.5239,351.1,1.1,1,2014-09-26,0448,Aqua,MODIS,93,6.2,317,43.2,D,0
-14.2981,132.5264,335.9,1.1,1,2014-09-26,0448,Aqua,MODIS,70,6.2,317.1,16.3,D,0
-13.8564,133.5824,344.8,1,1,2014-09-26,0448,Aqua,MODIS,75,6.2,315.3,27.2,D,0
-13.8654,133.5838,341.3,1,1,2014-09-26,0448,Aqua,MODIS,65,6.2,317.4,20.4,D,0
-13.9796,132.3766,338.8,1.1,1,2014-09-26,0448,Aqua,MODIS,73,6.2,312.2,22.3,D,0
-12.9224,142.8553,325.8,3.5,1.8,2014-09-26,0448,Aqua,MODIS,79,6.2,298.9,87,D,0
-12.9305,142.8519,324.8,3.5,1.8,2014-09-26,0448,Aqua,MODIS,75,6.2,299.1,77.9,D,0
-13.864,133.593,348.9,1,1,2014-09-26,0448,Aqua,MODIS,90,6.2,317.3,35.6,D,0
-13.873,133.5944,337,1,1,2014-09-26,0448,Aqua,MODIS,43,6.2,318.4,13.3,D,0
-12.3209,132.3464,331.5,1,1,2014-09-26,0448,Aqua,MODIS,66,6.2,311.2,11.6,D,0
-12.2036,135.4343,387.8,1.1,1,2014-09-26,0448,Aqua,MODIS,100,6.2,319.9,194.3,D,0
-14.0237,133.8269,339.7,1,1,2014-09-26,0448,Aqua,MODIS,42,6.2,316.7,18.4,D,0
-14.0064,132.5047,343.2,1,1,2014-09-26,0448,Aqua,MODIS,85,6.2,317,28,D,0
-14.0156,132.5061,340.2,1,1,2014-09-26,0448,Aqua,MODIS,81,6.2,319,21.2,D,0
-14.0234,132.5171,339.4,1,1,2014-09-26,0448,Aqua,MODIS,49,6.2,318,18.2,D,0
-14.0313,132.5281,342.7,1,1,2014-09-26,0448,Aqua,MODIS,38,6.2,319.4,21.7,D,0
-13.9873,132.4569,355.4,1.1,1,2014-09-26,0448,Aqua,MODIS,96,6.2,318.9,55.6,D,0
-13.9859,132.4666,352.8,1,1,2014-09-26,0448,Aqua,MODIS,95,6.2,318.3,49,D,0
-14.2492,132.4833,330.7,1.1,1,2014-09-26,0448,Aqua,MODIS,57,6.2,315.1,7.8,D,0
-13.8717,133.6036,359.8,1,1,2014-09-26,0448,Aqua,MODIS,99,6.2,318.6,61,D,0
-13.8704,133.6128,352.2,1,1,2014-09-26,0448,Aqua,MODIS,94,6.2,317.7,43.1,D,0
-13.8807,133.6049,344,1,1,2014-09-26,0448,Aqua,MODIS,74,6.2,321.1,23.8,D,0
-13.8794,133.6142,393.5,1,1,2014-09-26,0448,Aqua,MODIS,100,6.2,324.4,191.8,D,0
-13.8884,133.6155,336.7,1,1,2014-09-26,0448,Aqua,MODIS,44,6.2,318.8,13.4,D,0
-13.9809,132.3669,344.8,1.1,1,2014-09-26,0448,Aqua,MODIS,87,6.2,315.5,33.6,D,0
-13.9901,132.3682,332.8,1.1,1,2014-09-26,0448,Aqua,MODIS,32,6.2,315.9,11.5,D,0
-13.9834,132.4168,331.7,1.1,1,2014-09-26,0448,Aqua,MODIS,41,6.2,311.3,12.8,D,0
-13.9821,132.4265,354.2,1.1,1,2014-09-26,0448,Aqua,MODIS,96,6.2,313.1,55.2,D,0
-13.9544,133.8013,338.6,1,1,2014-09-26,0448,Aqua,MODIS,71,6.2,314.6,16.9,D,0
-13.9808,132.4362,340.1,1.1,1,2014-09-26,0448,Aqua,MODIS,77,6.2,315.6,22.7,D,0
-13.9046,133.7589,336.8,1,1,2014-09-26,0448,Aqua,MODIS,75,6.2,316.3,13.6,D,0
-14.043,133.8204,341.1,1,1,2014-09-26,0448,Aqua,MODIS,62,6.2,318.4,20.3,D,0
-14.0636,133.8048,335.1,1,1,2014-09-26,0448,Aqua,MODIS,49,6.2,316.7,11.4,D,0
-14.0623,133.814,358.6,1,1,2014-09-26,0448,Aqua,MODIS,99,6.2,319.1,58.3,D,0
-14.061,133.8232,351,1,1,2014-09-26,0448,Aqua,MODIS,90,6.2,316,40.2,D,0
-14.0852,132.4768,336.2,1.1,1,2014-09-26,0448,Aqua,MODIS,75,6.2,318.6,11.5,D,0
-15.8014,130.5474,333.7,1.4,1.2,2014-09-26,0448,Aqua,MODIS,64,6.2,315.3,18,D,0
-13.9938,132.4775,360.5,1,1,2014-09-26,0448,Aqua,MODIS,100,6.2,320.7,68.3,D,0
-13.9951,132.4679,340.1,1,1,2014-09-26,0448,Aqua,MODIS,54,6.2,319.2,20.5,D,0
-15.5927,127.5929,334.5,2.2,1.4,2014-09-26,0448,Aqua,MODIS,79,6.2,310,52.4,D,0
-15.6057,127.5944,356.6,2.2,1.4,2014-09-26,0448,Aqua,MODIS,98,6.2,311.8,182.3,D,0
-15.4701,130.1094,332.4,1.4,1.2,2014-09-26,0448,Aqua,MODIS,43,6.2,315.3,19.4,D,0
-15.4808,130.1105,335.7,1.4,1.2,2014-09-26,0448,Aqua,MODIS,59,6.2,312.9,27.4,D,0
-13.6054,130.216,374.4,1.3,1.1,2014-09-26,0448,Aqua,MODIS,94,6.2,305.8,180.7,D,0
-14.0775,132.3965,339.6,1.1,1,2014-09-26,0448,Aqua,MODIS,81,6.2,317.3,17.7,D,0
-16.2008,127.9542,328.3,2.1,1.4,2014-09-26,0448,Aqua,MODIS,44,6.2,305.4,33.8,D,0
-12.3367,132.3004,332.7,1,1,2014-09-26,0448,Aqua,MODIS,36,6.2,312.1,13,D,0
-15.6904,127.6531,353.1,2.2,1.4,2014-09-26,0448,Aqua,MODIS,96,6.2,309,158.8,D,0
-15.0074,134.9743,333.4,1,1,2014-09-26,0448,Aqua,MODIS,68,6.2,313,15.3,D,0
-12.8138,135.7199,336.1,1.1,1.1,2014-09-26,0448,Aqua,MODIS,71,6.2,312.7,18.8,D,0
-12.8122,135.7301,338.4,1.1,1.1,2014-09-26,0448,Aqua,MODIS,82,6.2,311.7,23.9,D,0
-15.0088,134.9649,370.9,1,1,2014-09-26,0448,Aqua,MODIS,100,6.2,314.9,104.4,D,0
-13.0298,135.894,330.7,1.1,1.1,2014-09-26,0448,Aqua,MODIS,72,6.2,311.9,16,D,0
-12.8603,134.9321,335.5,1,1,2014-09-26,0448,Aqua,MODIS,65,6.2,306.4,21.2,D,0
-12.7916,135.7106,333,1.1,1.1,2014-09-26,0448,Aqua,MODIS,75,6.2,309,17.1,D,0
-12.8011,135.7121,343.9,1.1,1.1,2014-09-26,0448,Aqua,MODIS,88,6.2,310.4,38.1,D,0
-12.8059,135.7081,337,1.1,1.1,2014-09-26,0448,Aqua,MODIS,78,6.2,311.7,20.2,D,0
-12.8043,135.7184,335.7,1.1,1.1,2014-09-26,0448,Aqua,MODIS,70,6.2,310.1,18.5,D,0
-12.9068,135.2326,343.9,1.1,1,2014-09-26,0448,Aqua,MODIS,88,6.2,314.3,33.2,D,0
-13.0314,135.8836,346.6,1.1,1.1,2014-09-26,0448,Aqua,MODIS,91,6.2,309.7,46.8,D,0
-12.4352,132.9743,327.7,1,1,2014-09-26,0448,Aqua,MODIS,38,6.2,310.2,7.4,D,0
-12.8965,135.3013,337.5,1.1,1,2014-09-26,0448,Aqua,MODIS,42,6.2,315,18.2,D,0
-12.8918,136.3419,327.7,1.2,1.1,2014-09-26,0448,Aqua,MODIS,48,6.2,309.7,10.9,D,0
-12.6847,136.6169,334.6,1.3,1.1,2014-09-26,0448,Aqua,MODIS,67,6.2,308.1,30.7,D,0
-12.6865,136.6055,333.3,1.2,1.1,2014-09-26,0448,Aqua,MODIS,71,6.2,307.3,28.5,D,0
-12.6255,132.8638,343.2,1,1,2014-09-26,0448,Aqua,MODIS,86,6.2,318.2,23.5,D,0
-12.8275,135.0255,333,1.1,1,2014-09-26,0448,Aqua,MODIS,65,6.2,315,13.4,D,0
-12.8261,135.0351,333.3,1.1,1,2014-09-26,0448,Aqua,MODIS,72,6.2,312.8,14.9,D,0
-12.6345,132.8651,338.9,1,1,2014-09-26,0448,Aqua,MODIS,80,6.2,317.2,15.1,D,0
-12.8767,136.3677,335.1,1.2,1.1,2014-09-26,0448,Aqua,MODIS,78,6.2,310.2,22.9,D,0
-15.0248,134.9192,376.5,1,1,2014-09-26,0448,Aqua,MODIS,100,6.2,315.7,119.8,D,0
-15.8151,130.5818,332.7,1.4,1.2,2014-09-26,0448,Aqua,MODIS,49,6.2,314.5,13.2,D,0
-12.421,134.1643,330.8,1,1,2014-09-26,0448,Aqua,MODIS,59,6.2,301.1,17.1,D,0
-15.0011,134.954,333.7,1,1,2014-09-26,0448,Aqua,MODIS,69,6.2,311.3,16.2,D,0
-14.9998,134.9635,338.3,1,1,2014-09-26,0448,Aqua,MODIS,79,6.2,312.8,24,D,0
-14.997,134.9823,353.9,1,1,2014-09-26,0448,Aqua,MODIS,95,6.2,315.6,55,D,0
-15.0102,134.9555,364.7,1,1,2014-09-26,0448,Aqua,MODIS,100,6.2,312.8,83.5,D,0
-14.9956,134.9918,347.4,1,1,2014-09-26,0448,Aqua,MODIS,90,6.2,315.5,40.1,D,0
-14.9942,135.0012,343.1,1,1,2014-09-26,0448,Aqua,MODIS,85,6.2,313.8,32.2,D,0
-12.7947,135.6902,328.8,1.1,1.1,2014-09-26,0448,Aqua,MODIS,32,6.2,308.3,12.2,D,0
-15.0262,134.9098,381,1,1,2014-09-26,0448,Aqua,MODIS,100,6.2,317.5,137.4,D,0
-12.7932,135.7003,367.9,1.1,1.1,2014-09-26,0448,Aqua,MODIS,100,6.2,312.5,108.1,D,0
-12.8026,135.7019,352.2,1.1,1.1,2014-09-26,0448,Aqua,MODIS,95,6.2,311.6,57.6,D,0
-12.601,131.6464,333.2,1.1,1,2014-09-26,0448,Aqua,MODIS,46,6.2,314.7,15.6,D,0
-12.5996,131.6565,339.5,1.1,1,2014-09-26,0448,Aqua,MODIS,78,6.2,321,27.8,D,0
-12.8202,136.0632,328.7,1.2,1.1,2014-09-26,0448,Aqua,MODIS,56,6.2,310.3,10.4,D,0
-12.0822,134.3975,330.2,1,1,2014-09-26,0448,Aqua,MODIS,56,6.2,306.2,15.9,D,0
-12.8779,135.2984,342.5,1.1,1,2014-09-26,0448,Aqua,MODIS,83,6.2,313.3,30.1,D,0
-15.0275,134.9004,376.6,1,1,2014-09-26,0448,Aqua,MODIS,100,6.2,315.7,118.7,D,0
-13.0847,130.7021,335.4,1.2,1.1,2014-09-26,0448,Aqua,MODIS,66,6.2,313.9,20.9,D,0
-13.1216,136.0499,331.7,1.2,1.1,2014-09-26,0448,Aqua,MODIS,58,6.2,310.5,15.7,D,0
-13.0409,135.8852,351.5,1.1,1.1,2014-09-26,0448,Aqua,MODIS,94,6.2,312,58.8,D,0
-13.0393,135.8956,343.7,1.1,1.1,2014-09-26,0448,Aqua,MODIS,88,6.2,312.7,39.9,D,0
-13.1195,136.044,328.2,1.2,1.1,2014-09-26,0448,Aqua,MODIS,53,6.2,310.2,12.3,D,0
-11.5032,132.8684,360.7,1,1,2014-09-26,0449,Aqua,MODIS,100,6.2,314.3,67.6,D,0
-11.5019,132.8775,366.8,1,1,2014-09-26,0449,Aqua,MODIS,100,6.2,318.2,85,D,0
-11.5007,132.8867,355.8,1,1,2014-09-26,0449,Aqua,MODIS,98,6.2,315.9,55.6,D,0
-11.4436,131.1646,340.8,1.1,1.1,2014-09-26,0449,Aqua,MODIS,77,6.2,307.4,30.3,D,0
-11.4308,131.1571,341.4,1.1,1.1,2014-09-26,0449,Aqua,MODIS,87,6.2,311,34.6,D,0
-11.2681,132.3201,330.6,1,1,2014-09-26,0449,Aqua,MODIS,72,6.2,312.1,7.2,D,0
-11.2764,132.3176,339.7,1,1,2014-09-26,0449,Aqua,MODIS,85,6.2,312.8,22.4,D,0
-11.4682,131.1263,333.9,1.1,1.1,2014-09-26,0449,Aqua,MODIS,21,6.2,312.6,14.5,D,0
-11.4696,131.116,347,1.1,1.1,2014-09-26,0449,Aqua,MODIS,91,6.2,313.2,41.9,D,0
-11.4559,131.1455,329,1.1,1.1,2014-09-26,0449,Aqua,MODIS,37,6.2,306.2,9.6,D,0
-11.4573,131.1352,333,1.1,1.1,2014-09-26,0449,Aqua,MODIS,38,6.2,307,15.2,D,0
-11.4587,131.125,347.2,1.1,1.1,2014-09-26,0449,Aqua,MODIS,91,6.2,310.8,43.1,D,0
-11.46,131.1147,366.8,1.1,1.1,2014-09-26,0449,Aqua,MODIS,100,6.2,312.8,104.3,D,0
-11.4478,131.1338,336.6,1.1,1.1,2014-09-26,0449,Aqua,MODIS,68,6.2,303.4,24.3,D,0
-11.4492,131.1236,333.5,1.1,1.1,2014-09-26,0449,Aqua,MODIS,26,6.2,304.5,20.3,D,0
-11.4505,131.1134,335.2,1.1,1.1,2014-09-26,0449,Aqua,MODIS,26,6.2,295.5,24.3,D,0
-11.4355,131.1529,358.7,1.1,1.1,2014-09-26,0449,Aqua,MODIS,99,6.2,312.7,79.8,D,0
-11.4369,131.1427,347.4,1.1,1.1,2014-09-26,0449,Aqua,MODIS,84,6.2,308.1,49.1,D,0
-11.4383,131.1325,341.3,1.1,1.1,2014-09-26,0449,Aqua,MODIS,73,6.2,303.8,36.4,D,0
-11.4397,131.1223,362.6,1.1,1.1,2014-09-26,0449,Aqua,MODIS,100,6.2,303,95.5,D,0
-11.4322,131.1469,349.2,1.1,1.1,2014-09-26,0449,Aqua,MODIS,93,6.2,312,52.2,D,0
-11.4336,131.1367,344.6,1.1,1.1,2014-09-26,0449,Aqua,MODIS,90,6.2,307.9,41.6,D,0
-11.4364,131.1163,377.1,1.1,1.1,2014-09-26,0449,Aqua,MODIS,100,6.2,307.4,150.6,D,0
-11.5833,131.2428,329.9,1.1,1.1,2014-09-26,0449,Aqua,MODIS,48,6.2,312.2,12,D,0
-11.5413,131.2679,344,1.1,1.1,2014-09-26,0449,Aqua,MODIS,89,6.2,310.9,35.7,D,0
-11.5319,131.2665,335.3,1.1,1.1,2014-09-26,0449,Aqua,MODIS,80,6.2,307.5,18.2,D,0
-11.5427,131.2578,333.8,1.1,1.1,2014-09-26,0449,Aqua,MODIS,78,6.2,312.3,16.6,D,0
-11.5332,131.2564,335.6,1.1,1.1,2014-09-26,0449,Aqua,MODIS,81,6.2,309.7,19.2,D,0
-11.4517,131.1761,350.2,1.1,1.1,2014-09-26,0449,Aqua,MODIS,94,6.2,309.8,50.7,D,0
-11.4278,132.5508,331.1,1,1,2014-09-26,0449,Aqua,MODIS,84,6.2,311.4,11.6,D,0
-11.246,132.3453,331,1,1,2014-09-26,0449,Aqua,MODIS,32,6.2,309.2,10.8,D,0
-11.2383,132.3347,344.6,1,1,2014-09-26,0449,Aqua,MODIS,90,6.2,311.9,33.6,D,0
-11.423,132.5253,333.5,1,1,2014-09-26,0449,Aqua,MODIS,57,6.2,308.8,17.8,D,0
-11.2396,132.3254,332.8,1,1,2014-09-26,0449,Aqua,MODIS,50,6.2,311.4,12.8,D,0
-11.2435,132.2975,342.4,1,1,2014-09-26,0449,Aqua,MODIS,76,6.2,313.4,28.4,D,0
-11.2448,132.2881,354.8,1,1,2014-09-26,0449,Aqua,MODIS,0,6.2,312.4,54.2,D,0
-11.4217,132.5345,337.1,1,1,2014-09-26,0449,Aqua,MODIS,67,6.2,311.5,24.1,D,0
-11.2344,132.2962,346.5,1,1,2014-09-26,0449,Aqua,MODIS,86,6.2,311.8,37.8,D,0
-11.7556,130.1279,333.7,1.3,1.1,2014-09-26,0449,Aqua,MODIS,68,6.2,306.9,30.2,D,0
-11.7635,130.1347,328.7,1.3,1.1,2014-09-26,0449,Aqua,MODIS,70,6.2,306.1,22.2,D,0
-11.7534,130.1333,331.9,1.3,1.1,2014-09-26,0449,Aqua,MODIS,69,6.2,305.5,26.3,D,0
-11.7549,130.1216,329.6,1.3,1.1,2014-09-26,0449,Aqua,MODIS,69,6.2,307.3,21.5,D,0
-33.7994,121.2641,310.7,2,1.4,2014-09-26,0621,Aqua,MODIS,49,6.2,298.6,15.1,D,0
-30.9296,115.7588,317,1.1,1.1,2014-09-26,0622,Aqua,MODIS,32,6.2,300.7,10.8,D,0
-31.95,116.159,369.6,1.1,1.1,2014-09-26,0622,Aqua,MODIS,87,6.2,298.8,134.5,D,0
-22.7299,117.9108,329.3,2.1,1.4,2014-09-26,0624,Aqua,MODIS,60,6.2,317.3,26.7,D,0
-22.6551,117.957,329.7,2.2,1.4,2014-09-26,0624,Aqua,MODIS,51,6.2,319,23.8,D,0
-22.6515,117.9718,329.9,2.2,1.4,2014-09-26,0624,Aqua,MODIS,63,6.2,318.4,26.1,D,0
-22.7575,118.0473,360.2,2.2,1.4,2014-09-26,0624,Aqua,MODIS,100,6.2,321.9,197.9,D,0
-22.7589,118.031,343.4,2.2,1.4,2014-09-26,0624,Aqua,MODIS,87,6.2,319,85.9,D,0
-22.7549,118.0519,360.3,2.2,1.4,2014-09-26,0624,Aqua,MODIS,100,6.2,322.3,203.6,D,0
-22.7677,118.0547,331,2.2,1.4,2014-09-26,0624,Aqua,MODIS,33,6.2,316.1,26.2,D,0
-22.8342,117.9834,333.3,2.1,1.4,2014-09-26,0624,Aqua,MODIS,40,6.2,316.6,42.6,D,0
-22.6805,117.7449,347.5,2.1,1.4,2014-09-26,0624,Aqua,MODIS,91,6.2,318.6,112.1,D,0
-22.6642,117.7626,334.8,2.1,1.4,2014-09-26,0624,Aqua,MODIS,75,6.2,317,47.9,D,0
-22.6679,117.7426,341,2.1,1.4,2014-09-26,0624,Aqua,MODIS,84,6.2,318.6,78,D,0
-22.8303,118.0041,343.1,2.2,1.4,2014-09-26,0624,Aqua,MODIS,86,6.2,320.1,93.1,D,0
-22.8264,118.025,333.7,2.2,1.4,2014-09-26,0624,Aqua,MODIS,35,6.2,317.7,44.7,D,0
-22.8468,117.9864,363.1,2.1,1.4,2014-09-26,0624,Aqua,MODIS,100,6.2,320.8,230.4,D,0
-22.843,118.0071,376,2.2,1.4,2014-09-26,0624,Aqua,MODIS,100,6.2,318.9,365.7,D,0
-22.8337,117.9906,343.6,2.1,1.4,2014-09-26,0624,Aqua,MODIS,85,6.2,317.7,91.4,D,0
-22.8297,118.0114,342.8,2.2,1.4,2014-09-26,0624,Aqua,MODIS,86,6.2,320.1,88.9,D,0
-22.8464,117.9936,381.3,2.1,1.4,2014-09-26,0624,Aqua,MODIS,100,6.2,322.7,429.3,D,0
-22.8424,118.0143,358.2,2.2,1.4,2014-09-26,0624,Aqua,MODIS,98,6.2,316.1,195,D,0
-21.9524,119.5391,386.5,2.9,1.6,2014-09-26,0624,Aqua,MODIS,100,6.2,322.2,765.7,D,0
-21.9469,119.5668,345.4,2.9,1.6,2014-09-26,0624,Aqua,MODIS,89,6.2,316.6,162.8,D,0
-20.7496,119.4808,339.1,3,1.7,2014-09-26,0625,Aqua,MODIS,82,6.2,319.2,107.3,D,0
-20.7553,119.4521,336.7,3,1.7,2014-09-26,0625,Aqua,MODIS,78,6.2,319.8,86.8,D,0
-30.121,149.9735,302.4,1.5,1.2,2014-09-26,1230,Terra,MODIS,49,6.2,283.4,13.5,N,0
-28.6023,151.912,304.6,1.1,1.1,2014-09-26,1230,Terra,MODIS,61,6.2,282.1,11.8,N,0
-25.2506,149.0367,307.8,1.5,1.2,2014-09-26,1231,Terra,MODIS,8,6.2,287.4,15.7,N,0
-25.2825,149.0757,302.4,1.5,1.2,2014-09-26,1231,Terra,MODIS,13,6.2,286.1,10.2,N,0
-23.3923,147.7435,305.8,1.7,1.3,2014-09-26,1232,Terra,MODIS,66,6.2,287.5,18.3,N,0
-24.6902,151.796,302.3,1.1,1,2014-09-26,1232,Terra,MODIS,48,6.2,287,7,N,0
-24.9545,149.5627,300.1,1.3,1.2,2014-09-26,1232,Terra,MODIS,12,6.2,287.4,7.2,N,0
-23.3057,149.8724,311.4,1.2,1.1,2014-09-26,1232,Terra,MODIS,82,6.2,288,16.2,N,0
-24.2603,151.8651,300.2,1,1,2014-09-26,1232,Terra,MODIS,20,6.2,288.3,5.3,N,0
-23.9432,151.0857,305.5,1.1,1,2014-09-26,1232,Terra,MODIS,64,6.2,287.3,9.7,N,0
-23.9486,151.0813,305.8,1.1,1,2014-09-26,1232,Terra,MODIS,66,6.2,286.6,9.5,N,0
-15.0558,145.1298,306.2,2,1.4,2014-09-26,1234,Terra,MODIS,67,6.2,291,19.5,N,0
-15.0682,145.1316,302.1,2,1.4,2014-09-26,1234,Terra,MODIS,46,6.2,291,12.8,N,0
-12.4191,141.9223,307.2,3.2,1.7,2014-09-26,1235,Terra,MODIS,52,6.2,289.4,42.8,N,0
-30.8721,121.4856,311.6,2.7,1.6,2014-09-26,1409,Terra,MODIS,83,6.2,288.5,52.5,N,2
-30.8608,121.4896,319.6,2.7,1.6,2014-09-26,1409,Terra,MODIS,99,6.2,288.1,81.5,N,2
-30.8578,121.4841,303.2,2.7,1.6,2014-09-26,1409,Terra,MODIS,54,6.2,287.8,30.7,N,2
-25.1907,130.1523,313.6,1,1,2014-09-26,1410,Terra,MODIS,87,6.2,285.9,15.8,N,0
-20.629,127.1786,315.2,1,1,2014-09-26,1411,Terra,MODIS,91,6.2,293.6,13.1,N,0
-20.634,127.2089,310,1,1,2014-09-26,1411,Terra,MODIS,79,6.2,293.5,8.6,N,0
-20.6304,127.1689,306.1,1,1,2014-09-26,1411,Terra,MODIS,67,6.2,292.8,6.7,N,0
-20.6511,127.1526,311.2,1,1,2014-09-26,1411,Terra,MODIS,82,6.2,295,9.9,N,0
-20.6525,127.143,312.2,1,1,2014-09-26,1411,Terra,MODIS,84,6.2,294.1,11,N,0
-20.6421,127.1512,404,1,1,2014-09-26,1411,Terra,MODIS,100,6.2,303.4,280.4,N,0
-20.6434,127.1415,354.1,1,1,2014-09-26,1411,Terra,MODIS,100,6.2,295.5,72.1,N,0
-20.6624,127.2036,307.5,1,1,2014-09-26,1411,Terra,MODIS,69,6.2,294.1,7.3,N,0
-20.6638,127.194,322.9,1,1,2014-09-26,1411,Terra,MODIS,100,6.2,295,20.3,N,0
-22.8203,118.0154,307.8,3.8,1.8,2014-09-26,1411,Terra,MODIS,35,6.2,291.5,48.9,N,0
-22.7675,118.0491,306.9,3.8,1.8,2014-09-26,1411,Terra,MODIS,70,6.2,293.4,48.2,N,0
-22.7737,118.0565,303.5,3.8,1.8,2014-09-26,1411,Terra,MODIS,33,6.2,293.1,30.7,N,0
-22.8233,118.0599,303,3.8,1.8,2014-09-26,1411,Terra,MODIS,14,6.2,291.8,30.9,N,0
-22.8171,118.0526,309.6,3.8,1.8,2014-09-26,1411,Terra,MODIS,50,6.2,292.2,56,N,0
-22.8263,118.0228,307.6,3.8,1.8,2014-09-26,1411,Terra,MODIS,71,6.2,291.4,52,N,0
-18.7913,128.9263,310.5,1.1,1,2014-09-26,1412,Terra,MODIS,80,6.2,294.3,10.2,N,0
-17.4129,125.396,319.2,1.1,1,2014-09-26,1412,Terra,MODIS,98,6.2,298.5,14.3,N,0
-17.5074,125.4463,317.9,1.1,1,2014-09-26,1412,Terra,MODIS,96,6.2,299.1,12.9,N,0
-17.4143,125.3858,317.2,1.1,1,2014-09-26,1412,Terra,MODIS,95,6.2,296.9,12.3,N,0
-17.4024,125.4044,309.7,1.1,1,2014-09-26,1412,Terra,MODIS,56,6.2,298,5.7,N,0
-17.4037,125.3945,327.9,1.1,1,2014-09-26,1412,Terra,MODIS,100,6.2,299.3,24.1,N,0
-17.5213,125.4642,309.3,1.1,1,2014-09-26,1412,Terra,MODIS,75,6.2,298.3,6.3,N,0
-17.52,125.4742,321.6,1.1,1,2014-09-26,1412,Terra,MODIS,100,6.2,299.4,17.8,N,0
-17.4051,125.3845,327.6,1.1,1,2014-09-26,1412,Terra,MODIS,100,6.2,299.1,23.2,N,0
-18.6028,128.8305,305.7,1.1,1,2014-09-26,1412,Terra,MODIS,65,6.2,295.4,5.9,N,0
-17.3708,125.3589,309.3,1.1,1,2014-09-26,1412,Terra,MODIS,67,6.2,297.7,6,N,0
-17.3931,125.403,311,1.1,1,2014-09-26,1412,Terra,MODIS,39,6.2,297.1,6.3,N,0
-17.3972,125.373,316.7,1.1,1,2014-09-26,1412,Terra,MODIS,94,6.2,298.3,11.8,N,0
-17.3839,125.4016,308.7,1.1,1,2014-09-26,1412,Terra,MODIS,47,6.2,297.6,5,N,0
-17.5006,125.4958,313.8,1.1,1,2014-09-26,1412,Terra,MODIS,87,6.2,298.7,9.7,N,0
-17.5153,125.4576,316.9,1.1,1,2014-09-26,1412,Terra,MODIS,94,6.2,299.4,11.5,N,0
-17.1299,127.2851,310.9,1,1,2014-09-26,1412,Terra,MODIS,81,6.2,297.7,7.3,N,0
-17.1196,127.2931,314.5,1,1,2014-09-26,1412,Terra,MODIS,82,6.2,298.2,9.2,N,0
-17.5139,125.4675,328.9,1.1,1,2014-09-26,1412,Terra,MODIS,100,6.2,300.7,24.9,N,0
-17.1209,127.2836,328.6,1,1,2014-09-26,1412,Terra,MODIS,100,6.2,298.6,23.8,N,0
-17.1002,127.2996,308.4,1,1,2014-09-26,1412,Terra,MODIS,74,6.2,297.8,5.5,N,0
-17.5112,125.4873,321.7,1.1,1,2014-09-26,1412,Terra,MODIS,100,6.2,299.9,16.9,N,0
-17.5126,125.4774,321.7,1.1,1,2014-09-26,1412,Terra,MODIS,100,6.2,300,16.6,N,0
-17.3409,125.3897,329.2,1.1,1,2014-09-26,1412,Terra,MODIS,100,6.2,298.2,27.6,N,0
-17.3318,125.3879,308.7,1.1,1,2014-09-26,1412,Terra,MODIS,33,6.2,290.7,7.4,N,0
-17.5099,125.4972,322.4,1.1,1,2014-09-26,1412,Terra,MODIS,100,6.2,299.6,18,N,0
-17.5757,123.3816,308.4,1.3,1.1,2014-09-26,1412,Terra,MODIS,6,6.2,294.7,8.7,N,0
-17.38,125.3603,311.2,1.1,1,2014-09-26,1412,Terra,MODIS,29,6.2,298.2,6.9,N,0
-17.5892,123.3579,307.2,1.3,1.1,2014-09-26,1412,Terra,MODIS,64,6.2,294.4,8.5,N,0
-17.5329,123.3885,306.8,1.3,1.1,2014-09-26,1412,Terra,MODIS,13,6.2,295.8,8.1,N,0
-17.5876,123.3705,307.1,1.3,1.1,2014-09-26,1412,Terra,MODIS,48,6.2,295,8.3,N,0
-17.4348,125.4254,335.1,1.1,1,2014-09-26,1412,Terra,MODIS,100,6.2,300.1,34.8,N,0
-17.4745,125.4109,311.2,1.1,1,2014-09-26,1412,Terra,MODIS,81,6.2,298.5,7.3,N,0
-17.6225,123.3167,308.8,1.3,1.2,2014-09-26,1412,Terra,MODIS,73,6.2,294.3,10.9,N,0
-17.4361,125.4156,321.7,1.1,1,2014-09-26,1412,Terra,MODIS,100,6.2,296,16.9,N,0
-17.6282,123.356,307.4,1.3,1.1,2014-09-26,1412,Terra,MODIS,28,6.2,295.1,9,N,0
-17.6267,123.3686,308.1,1.3,1.1,2014-09-26,1412,Terra,MODIS,38,6.2,295,10.1,N,0
-17.6417,123.3322,310.7,1.3,1.1,2014-09-26,1412,Terra,MODIS,46,6.2,294.4,12.3,N,0
-17.4274,125.4281,320,1.1,1,2014-09-26,1412,Terra,MODIS,99,6.2,298.9,15.3,N,0
-17.502,125.486,324.7,1.1,1,2014-09-26,1412,Terra,MODIS,100,6.2,299.8,20.5,N,0
-17.5033,125.4761,311.5,1.1,1,2014-09-26,1412,Terra,MODIS,82,6.2,299.3,7.2,N,0
-17.4287,125.4186,330.8,1.1,1,2014-09-26,1412,Terra,MODIS,100,6.2,295.8,28.6,N,0
-17.5047,125.4662,330.6,1.1,1,2014-09-26,1412,Terra,MODIS,100,6.2,299.8,27.6,N,0
-17.506,125.4562,319.4,1.1,1,2014-09-26,1412,Terra,MODIS,98,6.2,299.3,14.1,N,0
-17.0639,132.8433,318.1,1.9,1.4,2014-09-26,1412,Terra,MODIS,88,6.2,293.8,39.9,N,0
-17.0517,132.8409,315.5,1.9,1.4,2014-09-26,1412,Terra,MODIS,72,6.2,294.3,32.9,N,0
-17.0549,132.8229,366.7,1.9,1.4,2014-09-26,1412,Terra,MODIS,100,6.2,303.2,273.3,N,0
-17.058,132.805,371,1.9,1.4,2014-09-26,1412,Terra,MODIS,100,6.2,302,308.5,N,0
-17.0396,132.8386,305.3,1.9,1.4,2014-09-26,1412,Terra,MODIS,57,6.2,293.5,15.7,N,0
-17.0428,132.8206,347.3,1.9,1.4,2014-09-26,1412,Terra,MODIS,100,6.2,297.7,147.1,N,0
-17.0459,132.8027,392.1,1.9,1.4,2014-09-26,1412,Terra,MODIS,100,6.2,304.3,544,N,0
-17.0491,132.7848,317.3,1.9,1.4,2014-09-26,1412,Terra,MODIS,95,6.2,293.1,38.3,N,0
-17.0396,132.8133,346.6,1.9,1.4,2014-09-26,1412,Terra,MODIS,100,6.2,298.1,142.8,N,0
-17.0426,132.7954,352.4,1.9,1.4,2014-09-26,1412,Terra,MODIS,100,6.2,298.4,173.8,N,0
-17.1187,132.8412,302.9,1.9,1.4,2014-09-26,1412,Terra,MODIS,52,6.2,289.2,15.6,N,0
-17.1156,132.8348,304.8,1.9,1.4,2014-09-26,1412,Terra,MODIS,62,6.2,290.2,18.1,N,0
-17.1066,132.8388,327.2,1.9,1.4,2014-09-26,1412,Terra,MODIS,100,6.2,292.6,68.5,N,0
-17.1003,132.8505,314.3,1.9,1.4,2014-09-26,1412,Terra,MODIS,80,6.2,290,33.1,N,0
-17.1034,132.8324,322.6,1.9,1.4,2014-09-26,1412,Terra,MODIS,100,6.2,292.9,52.9,N,0
-17.0882,132.8481,314,1.9,1.4,2014-09-26,1412,Terra,MODIS,68,6.2,291.6,31.9,N,0
-17.0913,132.83,323.9,1.9,1.4,2014-09-26,1412,Terra,MODIS,100,6.2,295.2,55.7,N,0
-17.076,132.8457,321,1.9,1.4,2014-09-26,1412,Terra,MODIS,100,6.2,292.7,49,N,0
-17.0792,132.8277,345.9,1.9,1.4,2014-09-26,1412,Terra,MODIS,100,6.2,298.2,142.2,N,0
-17.0823,132.8097,308.8,1.9,1.4,2014-09-26,1412,Terra,MODIS,76,6.2,294.2,23.1,N,0
-17.067,132.8253,321.1,1.9,1.4,2014-09-26,1412,Terra,MODIS,98,6.2,296.5,46.2,N,0
-16.6502,136.702,303,3.8,1.8,2014-09-26,1412,Terra,MODIS,52,6.2,291.3,33,N,0
-18.6606,127.385,311.6,1,1,2014-09-26,1412,Terra,MODIS,83,6.2,295,8.9,N,0
-18.7078,127.4409,306,1,1,2014-09-26,1412,Terra,MODIS,66,6.2,295.8,5.3,N,0
-18.4932,124.8646,309.9,1.1,1.1,2014-09-26,1412,Terra,MODIS,79,6.2,295.6,9.7,N,0
-18.4836,124.8632,364.8,1.1,1.1,2014-09-26,1412,Terra,MODIS,100,6.2,299.4,117.8,N,0
-18.485,124.8525,325.1,1.1,1.1,2014-09-26,1412,Terra,MODIS,100,6.2,295.6,25.1,N,0
-19.276,133.0607,312.5,1.8,1.3,2014-09-26,1412,Terra,MODIS,85,6.2,292.5,28.6,N,0
-19.2789,133.115,307.3,1.8,1.3,2014-09-26,1412,Terra,MODIS,71,6.2,289.4,20.8,N,0
-17.7496,131.1051,301.3,1.4,1.2,2014-09-26,1412,Terra,MODIS,20,6.2,290.3,6.2,N,0
-19.273,133.078,336.1,1.8,1.3,2014-09-26,1412,Terra,MODIS,100,6.2,296.3,91.2,N,0
-17.7284,131.1012,317.4,1.4,1.2,2014-09-26,1412,Terra,MODIS,95,6.2,293.4,24.7,N,0
-17.739,131.1031,319.2,1.4,1.2,2014-09-26,1412,Terra,MODIS,98,6.2,292.4,27.3,N,0
-19.27,133.0952,322.7,1.8,1.3,2014-09-26,1412,Terra,MODIS,100,6.2,293.4,51.1,N,0
-19.2752,133.1019,322.6,1.8,1.3,2014-09-26,1412,Terra,MODIS,100,6.2,292.5,50.3,N,0
-14.0735,132.3943,308.6,2.1,1.4,2014-09-26,1413,Terra,MODIS,75,6.2,292.3,21.3,N,0
-14.0953,132.5813,302.7,2.1,1.4,2014-09-26,1413,Terra,MODIS,44,6.2,292.6,11.4,N,0
-14.2154,134.1198,304.2,2.8,1.6,2014-09-26,1413,Terra,MODIS,59,6.2,292.3,21.3,N,0
-14.0745,132.4004,305.4,2.1,1.4,2014-09-26,1413,Terra,MODIS,64,6.2,292.6,16.7,N,0
-13.8536,133.5365,302.2,2.5,1.5,2014-09-26,1413,Terra,MODIS,48,6.2,291.1,15.3,N,0
-13.9728,132.4472,307.4,2.1,1.4,2014-09-26,1413,Terra,MODIS,18,6.2,293.1,17.4,N,0
-14.1077,132.5901,303.3,2.1,1.4,2014-09-26,1413,Terra,MODIS,38,6.2,292.2,11.9,N,0
-14.2127,134.1129,302.4,2.8,1.6,2014-09-26,1413,Terra,MODIS,49,6.2,291.3,17.5,N,0
-13.9732,132.4536,305.3,2.1,1.4,2014-09-26,1413,Terra,MODIS,22,6.2,293.1,14.5,N,0
-16.4302,127.8572,319.2,1,1,2014-09-26,1413,Terra,MODIS,98,6.2,298.3,15,N,0
-16.4211,127.8557,317.1,1,1,2014-09-26,1413,Terra,MODIS,94,6.2,297.2,12.6,N,0
-13.6033,130.2663,307.2,1.5,1.2,2014-09-26,1413,Terra,MODIS,70,6.2,294.7,10.2,N,0
-13.6011,130.2799,344.2,1.5,1.2,2014-09-26,1413,Terra,MODIS,100,6.2,296.3,86,N,0
-13.5988,130.2935,370.8,1.5,1.2,2014-09-26,1413,Terra,MODIS,100,6.2,298.4,206.5,N,0
-15.9193,130.5242,308,1.4,1.2,2014-09-26,1413,Terra,MODIS,61,6.2,297.4,7.8,N,0
-15.6923,127.6791,325.3,1,1,2014-09-26,1413,Terra,MODIS,81,6.2,287.1,24.1,N,0
-15.6937,127.6694,342.7,1,1,2014-09-26,1413,Terra,MODIS,100,6.2,283.7,50.3,N,0
-12.4124,131.8158,303.8,2,1.4,2014-09-26,1413,Terra,MODIS,46,6.2,293.5,11.1,N,0
-12.4101,131.8091,305.1,2,1.4,2014-09-26,1413,Terra,MODIS,63,6.2,293.5,13.6,N,0
-16.6816,128.2015,310,1.1,1,2014-09-26,1413,Terra,MODIS,79,6.2,295.5,8,N,0
-16.4316,127.8476,307.1,1,1,2014-09-26,1413,Terra,MODIS,67,6.2,296.9,4.9,N,0
-15.9848,130.489,307,1.4,1.2,2014-09-26,1413,Terra,MODIS,38,6.2,296.7,7.2,N,0
-15.8731,127.701,311.6,1,1,2014-09-26,1413,Terra,MODIS,15,6.2,286,9,N,0
-16.4702,124.3946,314.9,1.1,1.1,2014-09-26,1413,Terra,MODIS,90,6.2,292.1,14.7,N,0
-16.4797,124.3963,302.6,1.1,1.1,2014-09-26,1413,Terra,MODIS,12,6.2,290.7,5,N,0
-15.8717,127.7106,333.5,1,1,2014-09-26,1413,Terra,MODIS,100,6.2,291.2,31.7,N,0
-16.2553,127.9114,318.7,1,1,2014-09-26,1413,Terra,MODIS,59,6.2,296.9,13,N,0
-16.2121,127.8982,315.8,1,1,2014-09-26,1413,Terra,MODIS,89,6.2,296.6,10.6,N,0
-16.2136,127.8884,313.3,1,1,2014-09-26,1413,Terra,MODIS,67,6.2,296.4,8.4,N,0
-15.8506,127.7268,321.6,1,1,2014-09-26,1413,Terra,MODIS,80,6.2,293.8,17.5,N,0
-15.8429,127.7158,312.4,1,1,2014-09-26,1413,Terra,MODIS,24,6.2,286.8,9.7,N,0
-13.5966,130.307,310.6,1.5,1.2,2014-09-26,1413,Terra,MODIS,80,6.2,295.2,14.7,N,0
-15.8521,127.7173,360.1,1,1,2014-09-26,1413,Terra,MODIS,100,6.2,299.7,87.4,N,0
-15.8612,127.7187,372.1,1,1,2014-09-26,1413,Terra,MODIS,100,6.2,300.1,125.1,N,0
-15.8626,127.7091,345.4,1,1,2014-09-26,1413,Terra,MODIS,100,6.2,293.9,52.7,N,0
-16.2962,127.8883,314.5,1,1,2014-09-26,1413,Terra,MODIS,89,6.2,298.2,10.5,N,0
-16.275,127.9047,313.7,1,1,2014-09-26,1413,Terra,MODIS,71,6.2,296.2,9.5,N,0
-16.2644,127.9129,315.6,1,1,2014-09-26,1413,Terra,MODIS,41,6.2,296.9,10.7,N,0
-16.2212,127.8998,323.9,1,1,2014-09-26,1413,Terra,MODIS,100,6.2,298.5,18.8,N,0
-16.2472,127.914,309.3,1,1,2014-09-26,1413,Terra,MODIS,65,6.2,294.9,6.3,N,0
-16.2486,127.9042,320.4,1,1,2014-09-26,1413,Terra,MODIS,100,6.2,298.5,15.6,N,0
-16.2381,127.9124,350.5,1,1,2014-09-26,1413,Terra,MODIS,100,6.2,299.3,63,N,0
-15.6214,127.6615,323.8,1,1,2014-09-26,1413,Terra,MODIS,82,6.2,297.7,21.7,N,0
-15.6228,127.6519,311.2,1,1,2014-09-26,1413,Terra,MODIS,14,6.2,296.1,8.8,N,0
-16.2395,127.9028,350.9,1,1,2014-09-26,1413,Terra,MODIS,100,6.2,300.9,63.5,N,0
-16.2304,127.9013,335.4,1,1,2014-09-26,1413,Terra,MODIS,100,6.2,299.5,33.5,N,0
-12.7733,132.8658,305.3,2.4,1.5,2014-09-26,1413,Terra,MODIS,50,6.2,294.7,15,N,0
-14.2534,134.1534,303.3,2.8,1.6,2014-09-26,1413,Terra,MODIS,31,6.2,293.2,16.7,N,0
-14.2677,134.1558,304.1,2.8,1.6,2014-09-26,1413,Terra,MODIS,24,6.2,293.5,18.5,N,0
-12.8994,131.2565,313,1.8,1.3,2014-09-26,1413,Terra,MODIS,86,6.2,294.5,24.4,N,0
-12.7867,132.8675,307.9,2.4,1.5,2014-09-26,1413,Terra,MODIS,73,6.2,295,20.3,N,0
-12.7819,132.8735,310.8,2.4,1.5,2014-09-26,1413,Terra,MODIS,81,6.2,295.1,26.5,N,0
-12.8967,131.2728,310.6,1.8,1.3,2014-09-26,1413,Terra,MODIS,81,6.2,294.8,20.5,N,0
-16.8494,125.9544,307,1,1,2014-09-26,1413,Terra,MODIS,70,6.2,296.6,4.6,N,0
-16.8377,125.972,307,1,1,2014-09-26,1413,Terra,MODIS,34,6.2,295.8,4.5,N,0
-15.9909,145.331,303.1,1,1,2014-09-26,1539,Aqua,MODIS,53,6.2,289.9,6.5,N,0
-15.059,145.1401,316.6,1.1,1,2014-09-26,1539,Aqua,MODIS,93,6.2,290.4,17.7,N,0
-19.0762,146.1322,304.5,1,1,2014-09-26,1540,Aqua,MODIS,60,6.2,287.8,7.5,N,0
-23.3919,147.745,300.4,1.2,1.1,2014-09-26,1541,Aqua,MODIS,27,6.2,286.3,7.3,N,0
-15.6146,127.6726,307,1.9,1.3,2014-09-26,1717,Aqua,MODIS,15,6.2,296.8,10.4,N,0
-15.6505,127.6679,315.7,1.9,1.3,2014-09-26,1717,Aqua,MODIS,84,6.2,296.9,25.6,N,0
-15.6046,127.6915,316.5,1.9,1.3,2014-09-26,1717,Aqua,MODIS,93,6.2,296.8,28.5,N,0
-15.6026,127.6741,316.7,1.9,1.3,2014-09-26,1717,Aqua,MODIS,94,6.2,296.6,28.3,N,0
-17.5222,125.4689,314.9,1.4,1.2,2014-09-26,1718,Aqua,MODIS,72,6.2,293.3,17.2,N,0
-17.4089,125.3841,316,1.4,1.2,2014-09-26,1718,Aqua,MODIS,61,6.2,296.4,16.7,N,0
-17.4121,125.4093,323.6,1.4,1.2,2014-09-26,1718,Aqua,MODIS,100,6.2,296.7,27.7,N,0
-17.4104,125.3964,323.4,1.4,1.2,2014-09-26,1718,Aqua,MODIS,100,6.2,296.5,27.3,N,0
-17.3292,125.3891,306.5,1.4,1.2,2014-09-26,1718,Aqua,MODIS,68,6.2,294.7,9.2,N,0
-17.3844,125.4072,307,1.4,1.2,2014-09-26,1718,Aqua,MODIS,44,6.2,294.5,7.7,N,0
-17.3985,125.3854,308.4,1.4,1.2,2014-09-26,1718,Aqua,MODIS,31,6.2,293.1,8,N,0
-17.5149,125.4962,325.5,1.4,1.2,2014-09-26,1718,Aqua,MODIS,100,6.2,297.1,33.9,N,0
-17.4224,125.4076,334,1.4,1.2,2014-09-26,1718,Aqua,MODIS,100,6.2,298.1,48.7,N,0
-17.5117,125.4701,307.5,1.4,1.2,2014-09-26,1718,Aqua,MODIS,40,6.2,296.7,8.5,N,0
-17.4017,125.4111,311.7,1.4,1.2,2014-09-26,1718,Aqua,MODIS,31,6.2,296.4,11.7,N,0
-17.4208,125.395,323.3,1.4,1.2,2014-09-26,1718,Aqua,MODIS,100,6.2,297.7,28,N,0
-17.5133,125.4832,316.3,1.4,1.2,2014-09-26,1718,Aqua,MODIS,93,6.2,297.2,18.9,N,0
-17.5238,125.4818,323.9,1.4,1.2,2014-09-26,1718,Aqua,MODIS,100,6.2,296.1,30.8,N,0
-17.5255,125.4949,312,1.4,1.2,2014-09-26,1718,Aqua,MODIS,74,6.2,294.3,14,N,0
-16.2448,127.9291,300.6,2,1.4,2014-09-26,1718,Aqua,MODIS,17,6.2,281.4,14.5,N,0
-17.0517,132.8121,302.7,4.7,2,2014-09-26,1718,Aqua,MODIS,29,6.2,290.4,55.6,N,0
-17.0507,132.8082,301.4,4.7,2,2014-09-26,1718,Aqua,MODIS,35,6.2,290,51.4,N,0
-16.8199,125.9956,315.1,1.5,1.2,2014-09-26,1718,Aqua,MODIS,90,6.2,292.4,23,N,0
-16.8217,126.0092,310.3,1.5,1.2,2014-09-26,1718,Aqua,MODIS,80,6.2,291.2,16.5,N,0
-16.8252,126.003,317.8,1.5,1.2,2014-09-26,1718,Aqua,MODIS,96,6.2,291.5,26.6,N,0
-18.0415,124.1526,306.3,1.2,1.1,2014-09-26,1718,Aqua,MODIS,68,6.2,294,7.3,N,0
-18.0453,124.1578,305.2,1.2,1.1,2014-09-26,1718,Aqua,MODIS,63,6.2,294.1,7.6,N,0
-17.7311,131.1133,301,3.6,1.8,2014-09-26,1718,Aqua,MODIS,37,6.2,289.6,33.1,N,0
-20.6383,127.1511,314.5,2,1.4,2014-09-26,1719,Aqua,MODIS,89,6.2,291.4,38,N,0
-22.8445,118.0812,307.4,1.1,1.1,2014-09-26,1720,Aqua,MODIS,71,6.2,291.5,10.3,N,0
-22.8427,118.0703,329.1,1.1,1.1,2014-09-26,1720,Aqua,MODIS,100,6.2,293,34.3,N,0
-22.8539,118.0794,316.6,1.1,1.1,2014-09-26,1720,Aqua,MODIS,94,6.2,290.9,18.5,N,0
-22.7529,117.9403,306.1,1.1,1.1,2014-09-26,1720,Aqua,MODIS,67,6.2,290.3,9.6,N,0
-22.8131,118.0082,302.9,1.1,1.1,2014-09-26,1720,Aqua,MODIS,52,6.2,289.4,7,N,0
-30.8783,116.1788,304.2,1.1,1,2014-09-26,1722,Aqua,MODIS,59,6.2,285.3,9.5,N,0
-30.862,121.4952,338,1.2,1.1,2014-09-26,1722,Aqua,MODIS,100,6.2,287.3,55.7,N,2
-13.4604,141.9875,325.4,1.2,1.1,2014-09-27,0103,Terra,MODIS,62,6.2,304.6,14.4,D,0
-11.4309,131.1686,328.2,3.3,1.7,2014-09-27,0103,Terra,MODIS,60,6.2,301.9,92.5,D,0
-12.4229,141.9264,348,1.1,1.1,2014-09-27,0103,Terra,MODIS,93,6.2,309.2,51.9,D,0
-10.9407,142.4286,318.1,1.1,1.1,2014-09-27,0103,Terra,MODIS,59,6.2,302.1,9.3,D,0
-10.9422,142.439,317.8,1.1,1.1,2014-09-27,0103,Terra,MODIS,58,6.2,302.5,9.1,D,0
-12.4243,141.9367,327.8,1.1,1.1,2014-09-27,0103,Terra,MODIS,76,6.2,308.3,13.5,D,0
-13.3413,141.7872,333.2,1.1,1.1,2014-09-27,0103,Terra,MODIS,82,6.2,305.2,26.5,D,0
-12.4188,141.933,336.5,1.1,1.1,2014-09-27,0103,Terra,MODIS,85,6.2,308,27.9,D,0
-12.4174,141.9228,332.6,1.1,1.1,2014-09-27,0103,Terra,MODIS,81,6.2,308.5,21.3,D,0
-11.4302,131.1437,321.9,3.4,1.7,2014-09-27,0103,Terra,MODIS,36,6.2,303.2,56,D,0
-12.0774,134.4045,323.8,1.8,1.3,2014-09-27,0103,Terra,MODIS,47,6.2,299.2,34.1,D,0
-12.0826,134.3967,324.8,1.8,1.3,2014-09-27,0103,Terra,MODIS,0,6.2,299.9,32.5,D,0
-12.2803,141.876,333.9,1.1,1.1,2014-09-27,0103,Terra,MODIS,82,6.2,306.1,24.9,D,0
-11.4355,131.1739,334,3.3,1.7,2014-09-27,0103,Terra,MODIS,77,6.2,302.8,136.5,D,0
-11.4407,131.2038,325,3.3,1.7,2014-09-27,0103,Terra,MODIS,36,6.2,301.7,66.2,D,0
-11.4364,131.1985,325.8,3.3,1.7,2014-09-27,0103,Terra,MODIS,37,6.2,301.8,68,D,0
-11.4518,131.1959,321.3,3.3,1.7,2014-09-27,0103,Terra,MODIS,12,6.2,304.1,43.4,D,0
-12.5236,135.4461,327.3,1.5,1.2,2014-09-27,0103,Terra,MODIS,68,6.2,311.5,14.8,D,0
-13.0772,142.0404,351.1,1.1,1.1,2014-09-27,0103,Terra,MODIS,95,6.2,300.6,65.9,D,0
-13.1198,142.9398,327.8,1.3,1.1,2014-09-27,0103,Terra,MODIS,32,6.2,303.7,17.2,D,0
-13.1099,142.935,331.5,1.3,1.1,2014-09-27,0103,Terra,MODIS,80,6.2,303.4,28.6,D,0
-12.9259,142.8596,322.6,1.3,1.1,2014-09-27,0103,Terra,MODIS,47,6.2,304.9,9.7,D,0
-13.1432,142.9606,323.8,1.3,1.1,2014-09-27,0103,Terra,MODIS,54,6.2,301.8,13.6,D,0
-13.1097,142.9412,325,1.3,1.1,2014-09-27,0103,Terra,MODIS,49,6.2,302.4,15,D,0
-13.0691,142.0522,325.3,1.1,1.1,2014-09-27,0103,Terra,MODIS,67,6.2,302.2,13.1,D,0
-12.9185,142.8784,327.7,1.3,1.1,2014-09-27,0103,Terra,MODIS,44,6.2,302.9,17.8,D,0
-12.8482,142.8881,322.5,1.3,1.1,2014-09-27,0103,Terra,MODIS,67,6.2,302.6,11,D,0
-12.9174,142.8727,327.8,1.3,1.1,2014-09-27,0103,Terra,MODIS,62,6.2,304.6,19,D,0
-12.9274,142.8713,326.2,1.3,1.1,2014-09-27,0103,Terra,MODIS,66,6.2,304.1,16.9,D,0
-13.1081,142.9293,324.2,1.3,1.1,2014-09-27,0103,Terra,MODIS,38,6.2,303.8,13.7,D,0
-12.9085,142.8797,338.3,1.3,1.1,2014-09-27,0103,Terra,MODIS,87,6.2,303.2,38.6,D,0
-13.0787,142.0509,319.5,1.1,1.1,2014-09-27,0103,Terra,MODIS,47,6.2,300.1,6.9,D,0
-11.7905,142.1069,322.9,1.1,1.1,2014-09-27,0103,Terra,MODIS,54,6.2,306.2,10.6,D,0
-13.1115,142.9468,324.2,1.3,1.1,2014-09-27,0103,Terra,MODIS,64,6.2,301.8,15.6,D,0
-13.0676,142.0417,326,1.1,1.1,2014-09-27,0103,Terra,MODIS,62,6.2,303,14.7,D,0
-13.1416,142.9487,341.5,1.3,1.1,2014-09-27,0103,Terra,MODIS,89,6.2,302.8,48,D,0
-12.9545,142.8439,337.2,1.3,1.1,2014-09-27,0103,Terra,MODIS,85,6.2,305.6,35.4,D,0
-12.8582,142.8866,326.2,1.3,1.1,2014-09-27,0103,Terra,MODIS,52,6.2,303.6,15.4,D,0
-12.8598,142.8983,325.1,1.3,1.1,2014-09-27,0103,Terra,MODIS,46,6.2,302.4,14.3,D,0
-12.8698,142.8968,331.8,1.3,1.1,2014-09-27,0103,Terra,MODIS,69,6.2,302.5,25.6,D,0
-13.8521,133.6066,329.2,2,1.4,2014-09-27,0104,Terra,MODIS,53,6.2,310.4,30.8,D,0
-13.5884,135.3314,331.2,1.5,1.2,2014-09-27,0104,Terra,MODIS,40,6.2,311.3,22.1,D,0
-14.1728,136.4744,344.9,1.2,1.1,2014-09-27,0104,Terra,MODIS,90,6.2,308.8,52.4,D,0
-14.171,136.4631,335.1,1.2,1.1,2014-09-27,0104,Terra,MODIS,81,6.2,307.7,29.9,D,0
-14.0994,132.5966,328.5,2.3,1.5,2014-09-27,0104,Terra,MODIS,41,6.2,310.2,32.5,D,0
-14.0957,132.5912,331.7,2.3,1.5,2014-09-27,0104,Terra,MODIS,74,6.2,310.8,48.8,D,0
-13.9675,133.8144,345,1.9,1.3,2014-09-27,0104,Terra,MODIS,90,6.2,310.5,86.1,D,0
-13.9704,133.8316,333.7,1.9,1.3,2014-09-27,0104,Terra,MODIS,76,6.2,311.2,40.6,D,0
-13.9286,136.6149,324.1,1.2,1.1,2014-09-27,0104,Terra,MODIS,41,6.2,307.6,8.4,D,0
-13.9306,136.6194,330.3,1.2,1.1,2014-09-27,0104,Terra,MODIS,72,6.2,308.3,19.2,D,0
-13.8644,133.5308,326.1,2,1.4,2014-09-27,0104,Terra,MODIS,52,6.2,310.5,20.5,D,0
-13.9794,133.8123,356.6,1.9,1.3,2014-09-27,0104,Terra,MODIS,98,6.2,314.4,150.1,D,0
-13.9824,133.8295,342.1,1.9,1.3,2014-09-27,0104,Terra,MODIS,88,6.2,313.7,74.4,D,0
-13.4566,135.0897,328.8,1.5,1.2,2014-09-27,0104,Terra,MODIS,54,6.2,312,15.8,D,0
-13.9303,136.626,330.5,1.2,1.1,2014-09-27,0104,Terra,MODIS,73,6.2,309,18.8,D,0
-14.2156,134.117,333,1.8,1.3,2014-09-27,0104,Terra,MODIS,77,6.2,309,44,D,0
-13.8338,133.5732,341,2,1.4,2014-09-27,0104,Terra,MODIS,87,6.2,308.3,77.6,D,0
-13.849,133.5888,331.5,2,1.4,2014-09-27,0104,Terra,MODIS,63,6.2,310.3,37.6,D,0
-13.6097,135.2576,333.6,1.5,1.2,2014-09-27,0104,Terra,MODIS,69,6.2,312.5,27.9,D,0
-13.5777,135.3332,351.5,1.5,1.2,2014-09-27,0104,Terra,MODIS,95,6.2,312.3,82.2,D,0
-13.5754,135.3195,334.8,1.5,1.2,2014-09-27,0104,Terra,MODIS,29,6.2,312.3,26.6,D,0
-13.5692,135.3485,328.2,1.5,1.2,2014-09-27,0104,Terra,MODIS,23,6.2,309.4,17,D,0
-13.5669,135.335,331.6,1.5,1.2,2014-09-27,0104,Terra,MODIS,51,6.2,311.6,22.8,D,0
-13.5562,135.3369,332.2,1.5,1.2,2014-09-27,0104,Terra,MODIS,56,6.2,309.9,24.7,D,0
-14.0225,132.5452,329.6,2.3,1.5,2014-09-27,0104,Terra,MODIS,52,6.2,309.8,44.3,D,0
-14.0863,132.5991,327.6,2.3,1.5,2014-09-27,0104,Terra,MODIS,37,6.2,309.3,30.5,D,0
-14.2381,134.1796,344.1,1.7,1.3,2014-09-27,0104,Terra,MODIS,89,6.2,310.5,74.5,D,0
-14.2184,134.1336,338.2,1.8,1.3,2014-09-27,0104,Terra,MODIS,84,6.2,310.1,59,D,0
-13.9303,133.774,328.8,1.9,1.3,2014-09-27,0104,Terra,MODIS,48,6.2,310.9,25.9,D,0
-13.9332,133.7913,335.3,1.9,1.3,2014-09-27,0104,Terra,MODIS,81,6.2,312.2,46.6,D,0
-13.9033,133.761,334.7,1.9,1.3,2014-09-27,0104,Terra,MODIS,80,6.2,312.5,48,D,0
-13.9063,133.7783,325.7,1.9,1.3,2014-09-27,0104,Terra,MODIS,48,6.2,311,15.6,D,0
-13.9406,133.8017,331.5,1.9,1.3,2014-09-27,0104,Terra,MODIS,76,6.2,312.5,34.9,D,0
-13.9376,133.7845,341.7,1.9,1.3,2014-09-27,0104,Terra,MODIS,87,6.2,311.7,75.1,D,0
-13.8521,133.5329,333.3,2,1.4,2014-09-27,0104,Terra,MODIS,78,6.2,312.3,44.9,D,0
-13.8947,133.6355,326.2,1.9,1.4,2014-09-27,0104,Terra,MODIS,59,6.2,311,19.9,D,0
-15.0634,145.1349,319.1,2,1.4,2014-09-27,0104,Terra,MODIS,58,6.2,296.7,30.9,D,0
-14.1835,136.5422,346.3,1.2,1.1,2014-09-27,0104,Terra,MODIS,91,6.2,308.5,56.8,D,0
-14.1817,136.5309,336.1,1.2,1.1,2014-09-27,0104,Terra,MODIS,82,6.2,308.8,33,D,0
-14.305,142.2008,340.1,1.2,1.1,2014-09-27,0104,Terra,MODIS,87,6.2,312,36.6,D,0
-14.6868,135.1496,329.8,1.5,1.2,2014-09-27,0104,Terra,MODIS,70,6.2,315.5,19.1,D,0
-15.4596,135.9995,359,1.3,1.1,2014-09-27,0104,Terra,MODIS,99,6.2,318,90.6,D,0
-14.9066,134.9387,337.1,1.5,1.2,2014-09-27,0104,Terra,MODIS,66,6.2,315.9,33.9,D,0
-15.5677,136.8634,377.9,1.1,1.1,2014-09-27,0104,Terra,MODIS,87,6.2,310.7,154.4,D,0
-12.8914,131.2812,322.7,3.1,1.7,2014-09-27,0104,Terra,MODIS,51,6.2,303.4,34.8,D,0
-14.9039,135.1211,328.9,1.5,1.2,2014-09-27,0104,Terra,MODIS,39,6.2,312.4,19,D,0
-15.2476,143.6604,325.7,1.5,1.2,2014-09-27,0104,Terra,MODIS,63,6.2,303.6,23.2,D,0
-14.8382,135.0829,344.3,1.5,1.2,2014-09-27,0104,Terra,MODIS,89,6.2,312.4,56.6,D,0
-15.4614,136.0111,353.3,1.3,1.1,2014-09-27,0104,Terra,MODIS,95,6.2,318.9,71.3,D,0
-14.849,135.0814,330.2,1.5,1.2,2014-09-27,0104,Terra,MODIS,54,6.2,310.3,20.8,D,0
-16.0101,144.4685,326.3,1.8,1.3,2014-09-27,0104,Terra,MODIS,20,6.2,305.1,27.7,D,0
-14.9016,135.1077,330.2,1.5,1.2,2014-09-27,0104,Terra,MODIS,40,6.2,312.8,20.6,D,0
-14.8842,134.8712,333.6,1.5,1.2,2014-09-27,0104,Terra,MODIS,43,6.2,315.9,26.1,D,0
-14.871,134.8592,342.3,1.5,1.2,2014-09-27,0104,Terra,MODIS,83,6.2,311.7,51.6,D,0
-14.4203,134.1668,327.2,1.7,1.3,2014-09-27,0104,Terra,MODIS,36,6.2,313.2,17.3,D,0
-14.2657,134.1514,335.4,1.7,1.3,2014-09-27,0104,Terra,MODIS,80,6.2,311.4,42.9,D,0
-15.4382,143.1709,328.3,1.4,1.2,2014-09-27,0104,Terra,MODIS,52,6.2,309.2,15.7,D,0
-14.2587,134.1595,339.4,1.7,1.3,2014-09-27,0104,Terra,MODIS,76,6.2,312.4,53.1,D,0
-14.2525,134.1938,331.3,1.7,1.3,2014-09-27,0104,Terra,MODIS,46,6.2,313.4,29.6,D,0
-15.441,143.0242,324.3,1.4,1.2,2014-09-27,0104,Terra,MODIS,60,6.2,310.1,11.8,D,0
-14.9819,134.9048,329.9,1.5,1.2,2014-09-27,0104,Terra,MODIS,56,6.2,315.4,12.3,D,0
-14.8733,134.8731,358.6,1.5,1.2,2014-09-27,0104,Terra,MODIS,99,6.2,314,116.5,D,0
-14.364,142.1926,326.9,1.2,1.1,2014-09-27,0104,Terra,MODIS,60,6.2,308.6,12.6,D,0
-14.8619,135.093,337,1.5,1.2,2014-09-27,0104,Terra,MODIS,81,6.2,312.3,38.5,D,0
-14.3454,134.1473,327.1,1.7,1.3,2014-09-27,0104,Terra,MODIS,52,6.2,312.7,17.3,D,0
-15.4292,143.1856,329.5,1.4,1.2,2014-09-27,0104,Terra,MODIS,48,6.2,312.4,16.1,D,0
-14.8958,134.9405,388,1.5,1.2,2014-09-27,0104,Terra,MODIS,100,6.2,319.4,309.9,D,0
-14.8849,134.9424,345.5,1.5,1.2,2014-09-27,0104,Terra,MODIS,90,6.2,313.3,67,D,0
-15.4343,143.1779,339.8,1.4,1.2,2014-09-27,0104,Terra,MODIS,86,6.2,311.3,42.3,D,0
-14.3148,142.1994,333.7,1.2,1.1,2014-09-27,0104,Terra,MODIS,80,6.2,311.5,22.3,D,0
-15.4932,145.0566,321,2,1.4,2014-09-27,0104,Terra,MODIS,31,6.2,302.3,24.8,D,0
-14.8795,134.8433,331.4,1.5,1.2,2014-09-27,0104,Terra,MODIS,55,6.2,313.8,20.6,D,0
-14.9145,135.1192,330.4,1.5,1.2,2014-09-27,0104,Terra,MODIS,25,6.2,313,20.9,D,0
-15.4515,136.0128,342.3,1.3,1.1,2014-09-27,0104,Terra,MODIS,86,6.2,316.2,41.2,D,0
-14.3468,134.1365,332.6,1.7,1.3,2014-09-27,0104,Terra,MODIS,76,6.2,312.3,36.4,D,0
-15.5582,136.8651,348.7,1.1,1.1,2014-09-27,0104,Terra,MODIS,85,6.2,313.5,53.7,D,0
-14.254,134.1532,339,1.7,1.3,2014-09-27,0104,Terra,MODIS,84,6.2,311.9,52,D,0
-14.2703,134.1574,333.6,1.7,1.3,2014-09-27,0104,Terra,MODIS,57,6.2,312.4,33.7,D,0
-14.8934,134.9267,359.3,1.5,1.2,2014-09-27,0104,Terra,MODIS,99,6.2,314.3,118.4,D,0
-14.2559,134.143,332.8,1.8,1.3,2014-09-27,0104,Terra,MODIS,66,6.2,310.2,34.7,D,0
-14.317,143.2025,328.3,1.4,1.2,2014-09-27,0104,Terra,MODIS,72,6.2,308.3,18.7,D,0
-13.4213,135.0811,330.7,1.6,1.2,2014-09-27,0104,Terra,MODIS,74,6.2,314.6,17.3,D,0
-12.7674,135.6508,331.9,1.5,1.2,2014-09-27,0104,Terra,MODIS,64,6.2,307.8,25.4,D,0
-12.7696,135.664,329.7,1.4,1.2,2014-09-27,0104,Terra,MODIS,61,6.2,309.2,21.1,D,0
-14.0873,143.0918,323.6,1.4,1.2,2014-09-27,0104,Terra,MODIS,54,6.2,304.6,14.2,D,0
-14.0922,143.1292,328.4,1.4,1.2,2014-09-27,0104,Terra,MODIS,68,6.2,304.7,18.9,D,0
-14.0889,143.1042,332.2,1.4,1.2,2014-09-27,0104,Terra,MODIS,80,6.2,305.6,28.8,D,0
-14.0906,143.1167,328.2,1.4,1.2,2014-09-27,0104,Terra,MODIS,59,6.2,305.8,18.7,D,0
-17.3272,144.9243,321.6,2,1.4,2014-09-27,0104,Terra,MODIS,60,6.2,307.4,21.6,D,0
-12.7911,135.7281,328.8,1.4,1.2,2014-09-27,0104,Terra,MODIS,68,6.2,310.1,16.5,D,0
-12.7889,135.7151,328.1,1.4,1.2,2014-09-27,0104,Terra,MODIS,63,6.2,311.4,15.3,D,0
-12.8545,134.9325,331.3,1.6,1.3,2014-09-27,0104,Terra,MODIS,61,6.2,317.5,24.4,D,0
-15.9943,144.4373,328.3,1.8,1.3,2014-09-27,0104,Terra,MODIS,50,6.2,306.3,33.1,D,0
-12.4298,132.9888,327.7,2.3,1.5,2014-09-27,0104,Terra,MODIS,67,6.2,308.7,41.5,D,0
-16.7902,141.1472,332.2,1.1,1.1,2014-09-27,0104,Terra,MODIS,74,6.2,317.7,16,D,0
-15.1479,134.3838,329.6,1.6,1.3,2014-09-27,0104,Terra,MODIS,54,6.2,312.6,20,D,0
-15.1453,134.3687,332.6,1.6,1.3,2014-09-27,0104,Terra,MODIS,66,6.2,314,25.8,D,0
-13.5778,142.03,322.9,1.2,1.1,2014-09-27,0104,Terra,MODIS,41,6.2,305.4,11.2,D,0
-12.814,135.0361,335.9,1.6,1.2,2014-09-27,0104,Terra,MODIS,79,6.2,313.5,34.6,D,0
-12.8251,135.0341,330.9,1.6,1.2,2014-09-27,0104,Terra,MODIS,72,6.2,313.6,24,D,0
-16.7917,141.1578,328.8,1.1,1.1,2014-09-27,0104,Terra,MODIS,55,6.2,316.9,9.6,D,0
-12.9058,135.3078,334.1,1.5,1.2,2014-09-27,0104,Terra,MODIS,80,6.2,313.1,30.1,D,0
-13.6312,142.0379,329.7,1.2,1.1,2014-09-27,0104,Terra,MODIS,71,6.2,306.9,19.9,D,0
-13.629,142.0447,331,1.2,1.1,2014-09-27,0104,Terra,MODIS,78,6.2,306.1,20.6,D,0
-13.6275,142.0341,324.5,1.2,1.1,2014-09-27,0104,Terra,MODIS,49,6.2,307.2,10,D,0
-14.9927,134.9029,331.5,1.5,1.2,2014-09-27,0104,Terra,MODIS,73,6.2,317,15.4,D,0
-15.0226,134.8631,331.8,1.5,1.2,2014-09-27,0104,Terra,MODIS,73,6.2,316.7,16.5,D,0
-15.0316,134.8677,331.7,1.5,1.2,2014-09-27,0104,Terra,MODIS,73,6.2,316.8,16.4,D,0
-12.8628,135.7362,327.9,1.4,1.2,2014-09-27,0104,Terra,MODIS,52,6.2,309.9,17.4,D,0
-12.766,135.6705,330,1.4,1.2,2014-09-27,0104,Terra,MODIS,68,6.2,311.9,21.5,D,0
-14.999,144.949,323.4,1.9,1.3,2014-09-27,0104,Terra,MODIS,63,6.2,299.2,32.8,D,0
-12.857,134.9473,331.5,1.6,1.3,2014-09-27,0104,Terra,MODIS,65,6.2,313.8,26.4,D,0
-14.2754,142.1432,328.1,1.2,1.1,2014-09-27,0104,Terra,MODIS,65,6.2,311.6,13.2,D,0
-12.7639,135.6573,354.2,1.5,1.2,2014-09-27,0104,Terra,MODIS,96,6.2,309.7,97.1,D,0
-12.7589,135.6658,330.1,1.4,1.2,2014-09-27,0104,Terra,MODIS,73,6.2,312.2,23,D,0
-12.7567,135.6526,340.7,1.5,1.2,2014-09-27,0104,Terra,MODIS,86,6.2,309.1,50,D,0
-14.0304,143.1945,328.2,1.4,1.2,2014-09-27,0104,Terra,MODIS,76,6.2,297.9,29.5,D,0
-12.8568,135.7305,334.6,1.4,1.2,2014-09-27,0104,Terra,MODIS,73,6.2,311.4,29.7,D,0
-12.8606,135.7231,331.5,1.4,1.2,2014-09-27,0104,Terra,MODIS,66,6.2,311.2,22.9,D,0
-12.4019,131.8071,329,2.9,1.6,2014-09-27,0104,Terra,MODIS,67,6.2,303.9,70.3,D,0
-12.4031,131.8,322.1,2.9,1.6,2014-09-27,0104,Terra,MODIS,45,6.2,303.3,34.8,D,0
-12.4124,131.8518,323.9,2.8,1.6,2014-09-27,0104,Terra,MODIS,58,6.2,304.5,44.8,D,0
-12.4078,131.826,344.2,2.8,1.6,2014-09-27,0104,Terra,MODIS,90,6.2,305.8,181.6,D,0
-12.4064,131.8331,344.1,2.8,1.6,2014-09-27,0104,Terra,MODIS,90,6.2,305.7,177,D,0
-17.5034,127.4703,326.3,4.7,2,2014-09-27,0105,Terra,MODIS,72,6.2,304,121.9,D,0
-17.5047,127.4756,324.7,4.7,2,2014-09-27,0105,Terra,MODIS,69,6.2,303.8,104.2,D,0
-18.6605,128.8903,321.3,3.5,1.8,2014-09-27,0105,Terra,MODIS,57,6.2,307.2,35.9,D,0
-15.4949,130.1218,321.2,3.3,1.7,2014-09-27,0105,Terra,MODIS,52,6.2,306.9,32.2,D,0
-15.484,130.1305,321.7,3.3,1.7,2014-09-27,0105,Terra,MODIS,45,6.2,308,30.6,D,0
-18.5933,128.986,322.3,3.5,1.8,2014-09-27,0105,Terra,MODIS,37,6.2,307.9,42.9,D,0
-16.2146,127.9023,323,4.7,2,2014-09-27,0105,Terra,MODIS,65,6.2,304.8,83.7,D,0
-16.2127,127.8958,324.6,4.7,2,2014-09-27,0105,Terra,MODIS,68,6.2,304.4,99.7,D,0
-16.2914,127.9212,322.9,4.6,2,2014-09-27,0105,Terra,MODIS,64,6.2,306.9,84,D,0
-16.2906,127.9158,322.9,4.6,2,2014-09-27,0105,Terra,MODIS,58,6.2,306.9,82.7,D,0
-18.587,128.9816,324,3.5,1.8,2014-09-27,0105,Terra,MODIS,61,6.2,307.9,56,D,0
-17.7382,131.1102,328.7,2.5,1.5,2014-09-27,0105,Terra,MODIS,59,6.2,310.2,47.7,D,0
-19.2744,133.099,343.5,1.7,1.3,2014-09-27,0105,Terra,MODIS,89,6.2,314.8,73.3,D,0
-17.6695,132.0985,328.5,2.1,1.4,2014-09-27,0105,Terra,MODIS,65,6.2,309.1,42.2,D,0
-17.6499,132.2106,322.6,2.1,1.4,2014-09-27,0105,Terra,MODIS,22,6.2,311.2,20.8,D,0
-19.2677,133.2528,332.8,1.6,1.3,2014-09-27,0105,Terra,MODIS,52,6.2,313.4,31.3,D,0
-19.3697,133.2422,339.9,1.6,1.3,2014-09-27,0105,Terra,MODIS,86,6.2,313.9,54.6,D,0
-19.3723,133.2576,327.8,1.6,1.3,2014-09-27,0105,Terra,MODIS,48,6.2,314.6,18.5,D,0
-19.368,133.2366,327.9,1.6,1.3,2014-09-27,0105,Terra,MODIS,60,6.2,312.7,21.8,D,0
-19.3708,133.252,335.5,1.6,1.3,2014-09-27,0105,Terra,MODIS,81,6.2,315.1,42.2,D,0
-17.4663,131.635,326.4,2.3,1.5,2014-09-27,0105,Terra,MODIS,71,6.2,313.5,23.8,D,0
-19.2828,133.1461,327.9,1.7,1.3,2014-09-27,0105,Terra,MODIS,68,6.2,315.9,19.9,D,0
-17.7246,131.1128,325.2,2.5,1.5,2014-09-27,0105,Terra,MODIS,36,6.2,309.5,34.1,D,0
-19.2716,133.0831,327.4,1.7,1.3,2014-09-27,0105,Terra,MODIS,68,6.2,313.5,24.5,D,0
-19.2573,133.0694,339.1,1.7,1.3,2014-09-27,0105,Terra,MODIS,85,6.2,307.4,60.9,D,0
-17.7519,131.1074,327.5,2.5,1.5,2014-09-27,0105,Terra,MODIS,38,6.2,310,39.8,D,0
-19.2658,133.1169,367.2,1.7,1.3,2014-09-27,0105,Terra,MODIS,100,6.2,317.5,190.6,D,0
-19.2772,133.1148,345.7,1.7,1.3,2014-09-27,0105,Terra,MODIS,91,6.2,315.5,78.5,D,0
-17.6659,132.0787,328.1,2.1,1.4,2014-09-27,0105,Terra,MODIS,61,6.2,310.6,40.3,D,0
-17.6381,131.5653,346.1,2.3,1.5,2014-09-27,0105,Terra,MODIS,92,6.2,310.4,144.3,D,0
-17.634,131.5434,327.9,2.3,1.5,2014-09-27,0105,Terra,MODIS,75,6.2,308.8,46.9,D,0
-19.263,133.1011,422.2,1.7,1.3,2014-09-27,0105,Terra,MODIS,100,6.2,326.1,851.1,D,0
-17.6574,132.1071,328.2,2.1,1.4,2014-09-27,0105,Terra,MODIS,62,6.2,311,39.9,D,0
-19.2602,133.0853,365,1.7,1.3,2014-09-27,0105,Terra,MODIS,100,6.2,310.3,184.4,D,0
-17.6665,132.0847,332.7,2.1,1.4,2014-09-27,0105,Terra,MODIS,81,6.2,310.6,58,D,0
-19.28,133.1304,328.6,1.7,1.3,2014-09-27,0105,Terra,MODIS,69,6.2,314.6,22,D,0
-16.9089,138.9455,324.9,1,1,2014-09-27,0105,Terra,MODIS,48,6.2,311.8,7.2,D,0
-16.9602,138.6068,422,1,1,2014-09-27,0105,Terra,MODIS,100,6.2,326.2,394.6,D,0
-16.9616,138.6161,439.3,1,1,2014-09-27,0105,Terra,MODIS,100,6.2,333.6,564.4,D,0
-16.9629,138.6255,374.9,1,1,2014-09-27,0105,Terra,MODIS,100,6.2,320.8,113.8,D,0
-16.9706,138.6147,339.8,1,1,2014-09-27,0105,Terra,MODIS,84,6.2,316.3,22.5,D,0
-16.9719,138.6241,362.2,1,1,2014-09-27,0105,Terra,MODIS,100,6.2,320.2,70.9,D,0
-16.9823,138.632,343.3,1,1,2014-09-27,0105,Terra,MODIS,88,6.2,318.3,27.8,D,0
-16.9746,138.5184,332.6,1,1,2014-09-27,0105,Terra,MODIS,36,6.2,315.5,10.6,D,0
-16.9822,138.5077,341.9,1,1,2014-09-27,0105,Terra,MODIS,71,6.2,316.8,23,D,0
-16.9836,138.517,352.9,1,1,2014-09-27,0105,Terra,MODIS,92,6.2,319.1,43.8,D,0
-16.985,138.5264,352.9,1,1,2014-09-27,0105,Terra,MODIS,89,6.2,320.3,43.3,D,0
-16.9733,138.6334,342.9,1,1,2014-09-27,0105,Terra,MODIS,87,6.2,318.1,27.9,D,0
-16.9927,138.6399,342.5,1,1,2014-09-27,0105,Terra,MODIS,86,6.2,317.5,26.1,D,0
-17.0031,138.6479,354.2,1,1,2014-09-27,0105,Terra,MODIS,96,6.2,318.1,49.3,D,0
-17.0044,138.6572,345.6,1,1,2014-09-27,0105,Terra,MODIS,87,6.2,318.5,32.2,D,0
-17.0125,138.6495,387.8,1,1,2014-09-27,0105,Terra,MODIS,100,6.2,323.4,166.9,D,0
-17.0139,138.6588,366.8,1,1,2014-09-27,0105,Terra,MODIS,100,6.2,320.2,85.7,D,0
-17.0201,138.6388,332.9,1,1,2014-09-27,0105,Terra,MODIS,37,6.2,320.5,10.5,D,0
-17.1292,132.7656,373.4,2,1.4,2014-09-27,0105,Terra,MODIS,100,6.2,306.4,305.4,D,0
-17.1324,132.7838,422.5,1.9,1.4,2014-09-27,0105,Terra,MODIS,100,6.2,321.9,1062.4,D,0
-17.1355,132.8018,361.7,1.9,1.4,2014-09-27,0105,Terra,MODIS,100,6.2,312.6,189,D,0
-17.1414,132.7633,472,2,1.4,2014-09-27,0105,Terra,MODIS,100,6.2,330.8,2737.4,D,0
-17.1445,132.7814,500,1.9,1.4,2014-09-27,0105,Terra,MODIS,100,6.2,343.8,4216.8,D,0
-17.1477,132.7995,344.9,1.9,1.4,2014-09-27,0105,Terra,MODIS,52,6.2,315.3,93.8,D,0
-17.1535,132.7609,455.8,2,1.4,2014-09-27,0105,Terra,MODIS,100,6.2,324.1,2069.8,D,0
-17.1567,132.7791,435,1.9,1.4,2014-09-27,0105,Terra,MODIS,100,6.2,330.7,1386.4,D,0
-17.1598,132.7971,359.4,1.9,1.4,2014-09-27,0105,Terra,MODIS,99,6.2,317.2,182.4,D,0
-17.1657,132.7586,394.6,2,1.4,2014-09-27,0105,Terra,MODIS,100,6.2,304.3,561,D,0
-17.1689,132.7767,470.6,1.9,1.4,2014-09-27,0105,Terra,MODIS,100,6.2,332.1,2655.3,D,0
-17.1438,132.7559,409.5,2,1.4,2014-09-27,0105,Terra,MODIS,100,6.2,312.3,808.5,D,0
-17.1471,132.774,500,1.9,1.4,2014-09-27,0105,Terra,MODIS,100,6.2,350,4218.7,D,0
-17.1504,132.792,360.4,1.9,1.4,2014-09-27,0105,Terra,MODIS,100,6.2,318.3,188.8,D,0
-17.156,132.7536,387.1,2,1.4,2014-09-27,0105,Terra,MODIS,100,6.2,304.7,461.8,D,0
-17.1626,132.7897,388.7,1.9,1.4,2014-09-27,0105,Terra,MODIS,100,6.2,323.4,467.6,D,0
-17.1593,132.7717,467.3,1.9,1.4,2014-09-27,0105,Terra,MODIS,100,6.2,340.1,2510.9,D,0
-16.8321,132.6505,327.5,2,1.4,2014-09-27,0105,Terra,MODIS,71,6.2,312.2,26.5,D,0
-17.1266,132.8222,361.6,1.9,1.4,2014-09-27,0105,Terra,MODIS,100,6.2,311.9,188.1,D,0
-17.1297,132.8401,338.5,1.9,1.4,2014-09-27,0105,Terra,MODIS,53,6.2,312.5,61.6,D,0
-17.1387,132.8198,347.3,1.9,1.4,2014-09-27,0105,Terra,MODIS,85,6.2,313.9,97.5,D,0
-17.154,132.8355,336.5,1.9,1.4,2014-09-27,0105,Terra,MODIS,69,6.2,316.8,59,D,0
-17.1661,132.8331,347.4,1.9,1.4,2014-09-27,0105,Terra,MODIS,86,6.2,318.7,101,D,0
-17.1751,132.8128,356.7,1.9,1.4,2014-09-27,0105,Terra,MODIS,93,6.2,319.9,160.3,D,0
-17.1782,132.8308,368.4,1.9,1.4,2014-09-27,0105,Terra,MODIS,100,6.2,322.1,236.2,D,0
-17.1813,132.8487,345.5,1.9,1.4,2014-09-27,0105,Terra,MODIS,83,6.2,314.5,89.7,D,0
-17.1658,132.8077,348.2,1.9,1.4,2014-09-27,0105,Terra,MODIS,69,6.2,316.9,109.1,D,0
-17.1691,132.8257,347.1,1.9,1.4,2014-09-27,0105,Terra,MODIS,61,6.2,318.8,92.3,D,0
-17.1723,132.8436,340.6,1.9,1.4,2014-09-27,0105,Terra,MODIS,50,6.2,316,66.2,D,0
-17.1812,132.8234,374.4,1.9,1.4,2014-09-27,0105,Terra,MODIS,100,6.2,322.8,296.6,D,0
-17.1844,132.8413,372.3,1.9,1.4,2014-09-27,0105,Terra,MODIS,100,6.2,320.2,278.4,D,0
-17.1933,132.8211,430,1.9,1.4,2014-09-27,0105,Terra,MODIS,100,6.2,336.2,1228.8,D,0
-17.1965,132.8389,361.9,1.9,1.4,2014-09-27,0105,Terra,MODIS,100,6.2,320.5,199,D,0
-17.1997,132.8567,324.9,1.9,1.4,2014-09-27,0105,Terra,MODIS,50,6.2,311,21.8,D,0
-17.2054,132.8187,349.8,1.9,1.4,2014-09-27,0105,Terra,MODIS,94,6.2,309.2,124.4,D,0
-17.2086,132.8365,356.2,1.9,1.4,2014-09-27,0105,Terra,MODIS,98,6.2,313.7,162.1,D,0
-17.2118,132.8544,325.2,1.9,1.4,2014-09-27,0105,Terra,MODIS,60,6.2,310.4,23.4,D,0
-17.172,132.7948,410.7,1.9,1.4,2014-09-27,0105,Terra,MODIS,100,6.2,326.4,813,D,0
-17.1715,132.7694,420.1,1.9,1.4,2014-09-27,0105,Terra,MODIS,100,6.2,309.6,1018.6,D,0
-17.1747,132.7874,442.3,1.9,1.4,2014-09-27,0105,Terra,MODIS,100,6.2,326.8,1588.6,D,0
-17.1779,132.8054,388,1.9,1.4,2014-09-27,0105,Terra,MODIS,100,6.2,324,454.9,D,0
-17.1869,132.7851,355.7,1.9,1.4,2014-09-27,0105,Terra,MODIS,97,6.2,301.5,169.1,D,0
-17.1901,132.8031,446.2,1.9,1.4,2014-09-27,0105,Terra,MODIS,100,6.2,329.2,1708.5,D,0
-17.0861,132.7362,344.3,2,1.4,2014-09-27,0105,Terra,MODIS,90,6.2,304.4,110.9,D,0
-17.4531,131.6376,327.8,2.3,1.5,2014-09-27,0105,Terra,MODIS,74,6.2,311.9,29.4,D,0
-16.927,132.665,342.1,2,1.4,2014-09-27,0105,Terra,MODIS,88,6.2,312.8,82.7,D,0
-16.9614,132.716,327.2,2,1.4,2014-09-27,0105,Terra,MODIS,43,6.2,310.4,23.4,D,0
-16.9633,132.709,329.3,2,1.4,2014-09-27,0105,Terra,MODIS,68,6.2,311.2,31.8,D,0
-17.0893,132.7544,359.2,2,1.4,2014-09-27,0105,Terra,MODIS,99,6.2,307.7,196.1,D,0
-17.0926,132.7725,337.1,2,1.4,2014-09-27,0105,Terra,MODIS,77,6.2,305.6,67.9,D,0
-16.6243,130.6546,334.6,2.9,1.6,2014-09-27,0105,Terra,MODIS,82,6.2,309.7,103.1,D,0
-16.6293,130.6807,333.3,2.9,1.6,2014-09-27,0105,Terra,MODIS,81,6.2,309.8,90.4,D,0
-16.525,136.6886,331.3,1.1,1.1,2014-09-27,0105,Terra,MODIS,54,6.2,318.6,10.2,D,0
-16.6078,136.7817,335.8,1.1,1.1,2014-09-27,0105,Terra,MODIS,52,6.2,318.8,18.5,D,0
-16.6172,136.7802,347.1,1.1,1.1,2014-09-27,0105,Terra,MODIS,91,6.2,315.9,41.1,D,0
-16.638,136.6961,347.7,1.1,1.1,2014-09-27,0105,Terra,MODIS,91,6.2,315.1,43,D,0
-16.6524,136.7256,330.4,1.1,1.1,2014-09-27,0105,Terra,MODIS,29,6.2,315.9,11.8,D,0
-16.6104,136.6745,342.2,1.1,1.1,2014-09-27,0105,Terra,MODIS,74,6.2,315.7,28.2,D,0
-16.6121,136.685,344.6,1.1,1.1,2014-09-27,0105,Terra,MODIS,84,6.2,318.7,33.9,D,0
-16.6157,136.6784,347.8,1.1,1.1,2014-09-27,0105,Terra,MODIS,91,6.2,316.8,44.1,D,0
-16.6252,136.6768,354.4,1.1,1.1,2014-09-27,0105,Terra,MODIS,96,6.2,313.7,60.2,D,0
-16.6269,136.6873,355.6,1.1,1.1,2014-09-27,0105,Terra,MODIS,97,6.2,317.4,63.2,D,0
-16.596,136.6445,337.1,1.1,1.1,2014-09-27,0105,Terra,MODIS,65,6.2,314.9,23.3,D,0
-19.4318,133.3349,325.7,1.6,1.2,2014-09-27,0105,Terra,MODIS,55,6.2,315.2,15.3,D,0
-19.4344,133.3501,326.9,1.6,1.2,2014-09-27,0105,Terra,MODIS,58,6.2,313.3,17.2,D,0
-18.7512,127.4623,329,4.4,1.9,2014-09-27,0106,Terra,MODIS,76,6.2,305.4,133.1,D,0
-18.7339,127.4586,321,4.4,1.9,2014-09-27,0106,Terra,MODIS,46,6.2,305.7,56.3,D,0
-18.7511,127.4547,329.3,4.4,1.9,2014-09-27,0106,Terra,MODIS,76,6.2,305.6,136.8,D,0
-22.6988,145.7039,328.7,2.8,1.6,2014-09-27,0106,Terra,MODIS,75,6.2,305.8,77.4,D,0
-20.7356,139.4786,330.9,1.1,1,2014-09-27,0106,Terra,MODIS,66,6.2,314.6,14.9,D,2
-22.6961,145.7099,327.3,2.8,1.6,2014-09-27,0106,Terra,MODIS,72,6.2,306,71.4,D,0
-20.6356,127.2126,321.8,4.2,1.9,2014-09-27,0106,Terra,MODIS,61,6.2,308.1,57.6,D,0
-20.6332,127.2188,321.8,4.2,1.9,2014-09-27,0106,Terra,MODIS,56,6.2,307.6,55.5,D,0
-17.6327,123.3831,327.2,3.6,1.8,2014-09-27,0243,Terra,MODIS,48,6.2,311.9,46.8,D,0
-16.9023,122.8072,319,3.2,1.7,2014-09-27,0243,Terra,MODIS,56,6.2,305.6,29,D,0
-20.6705,120.228,361.2,2.3,1.5,2014-09-27,0244,Terra,MODIS,100,6.2,315.2,243.9,D,0
-20.6837,120.2265,384.9,2.3,1.5,2014-09-27,0244,Terra,MODIS,100,6.2,314.5,524.8,D,0
-20.6802,120.2201,390.6,2.3,1.5,2014-09-27,0244,Terra,MODIS,100,6.2,316.8,614.2,D,0
-20.6824,120.2419,352.8,2.3,1.5,2014-09-27,0244,Terra,MODIS,95,6.2,312.3,177.3,D,0
-22.7784,118.0526,335.7,1.7,1.3,2014-09-27,0245,Terra,MODIS,82,6.2,311,46.8,D,0
-22.7557,117.9563,345.7,1.7,1.3,2014-09-27,0245,Terra,MODIS,91,6.2,313.1,84.4,D,0
-22.7538,117.9401,345.4,1.7,1.3,2014-09-27,0245,Terra,MODIS,90,6.2,313.4,83.1,D,0
-22.8158,117.9918,325.2,1.7,1.3,2014-09-27,0245,Terra,MODIS,64,6.2,311.5,18.2,D,0
-22.8177,118.0083,331.4,1.7,1.3,2014-09-27,0245,Terra,MODIS,76,6.2,313.2,33.2,D,0
-22.8462,118.0547,328.8,1.7,1.3,2014-09-27,0245,Terra,MODIS,64,6.2,311.7,24.6,D,0
-22.8616,118.0863,332,1.7,1.3,2014-09-27,0245,Terra,MODIS,70,6.2,310.1,34,D,0
-22.652,117.7494,327.3,1.6,1.2,2014-09-27,0245,Terra,MODIS,59,6.2,308.9,25.7,D,0
-22.6633,117.748,325,1.6,1.2,2014-09-27,0245,Terra,MODIS,41,6.2,311.5,20.7,D,0
-22.7803,118.0691,324.3,1.7,1.3,2014-09-27,0245,Terra,MODIS,60,6.2,312.2,15.6,D,0
-22.8366,118.0728,345,1.7,1.3,2014-09-27,0245,Terra,MODIS,90,6.2,313.8,77.8,D,0
-22.8481,118.0712,336.6,1.7,1.3,2014-09-27,0245,Terra,MODIS,83,6.2,312.3,49,D,0
-22.85,118.0879,326.1,1.7,1.3,2014-09-27,0245,Terra,MODIS,38,6.2,311.6,18.1,D,0
-34.4632,150.879,317.4,1.1,1,2014-09-27,0347,Aqua,MODIS,67,6.2,301.7,9.8,D,2
-31.9992,146.7119,312.9,1.6,1.2,2014-09-27,0347,Aqua,MODIS,32,6.2,301.3,10.2,D,0
-31.5575,152.1372,303.8,1,1,2014-09-27,0347,Aqua,MODIS,22,6.2,286.8,6,D,0
-32.8327,150.8139,315.2,1,1,2014-09-27,0347,Aqua,MODIS,75,6.2,296.6,11.3,D,0
-29.2721,149.4645,314.6,1.1,1,2014-09-27,0348,Aqua,MODIS,19,6.2,303,3.3,D,0
-30.316,150.9774,309,1,1,2014-09-27,0348,Aqua,MODIS,40,6.2,297.8,4.6,D,0
-31.7395,148.2292,315.4,1.3,1.1,2014-09-27,0348,Aqua,MODIS,57,6.2,302.7,9.8,D,0
-29.8138,149.3753,318,1.1,1,2014-09-27,0348,Aqua,MODIS,52,6.2,306.1,7.7,D,0
-25.2953,152.4856,328.1,1.1,1,2014-09-27,0349,Aqua,MODIS,79,6.2,299.2,23.7,D,0
-24.6945,151.7964,345.7,1.1,1,2014-09-27,0349,Aqua,MODIS,93,6.2,309,49.1,D,0
-24.9449,149.5782,327.6,1,1,2014-09-27,0349,Aqua,MODIS,41,6.2,308.8,14.2,D,0
-25.5268,150.7864,323.1,1,1,2014-09-27,0349,Aqua,MODIS,69,6.2,303.4,12.3,D,0
-27.2342,147.8961,324.1,1.2,1.1,2014-09-27,0349,Aqua,MODIS,65,6.2,309.3,11.8,D,0
-25.4097,151.0257,330.8,1,1,2014-09-27,0349,Aqua,MODIS,81,6.2,307.4,21.1,D,0
-24.5017,149.6661,322.5,1,1,2014-09-27,0349,Aqua,MODIS,34,6.2,309.8,5.6,D,0
-24.4913,149.6745,336.8,1,1,2014-09-27,0349,Aqua,MODIS,86,6.2,310.4,24.9,D,0
-24.4927,149.6646,410.3,1,1,2014-09-27,0349,Aqua,MODIS,100,6.2,318.7,308.6,D,0
-24.4941,149.6547,414.1,1,1,2014-09-27,0349,Aqua,MODIS,100,6.2,322.2,336.6,D,0
-24.4837,149.663,346.3,1,1,2014-09-27,0349,Aqua,MODIS,92,6.2,308.4,42,D,0
-24.4851,149.6531,331.9,1,1,2014-09-27,0349,Aqua,MODIS,81,6.2,310.4,17.3,D,0
-24.9567,149.5598,336.9,1,1,2014-09-27,0349,Aqua,MODIS,74,6.2,307.2,27,D,0
-24.0046,150.8127,321,1,1,2014-09-27,0349,Aqua,MODIS,48,6.2,305.2,10.1,D,0
-24.0061,150.8027,341.5,1,1,2014-09-27,0349,Aqua,MODIS,89,6.2,308.6,36.8,D,0
-24.0075,150.7928,327,1,1,2014-09-27,0349,Aqua,MODIS,76,6.2,306.6,14.1,D,0
-23.9955,150.8111,349.9,1,1,2014-09-27,0349,Aqua,MODIS,94,6.2,303.1,55.3,D,0
-23.997,150.8011,386.3,1,1,2014-09-27,0349,Aqua,MODIS,100,6.2,312.4,175.3,D,0
-23.9985,150.7911,352.5,1,1,2014-09-27,0349,Aqua,MODIS,96,6.2,306.8,58.5,D,0
-24,150.7813,334.1,1,1,2014-09-27,0349,Aqua,MODIS,84,6.2,305.6,23.7,D,0
-24.0029,150.7615,323.7,1,1,2014-09-27,0349,Aqua,MODIS,71,6.2,309.1,12.1,D,0
-23.988,150.7995,351.1,1,1,2014-09-27,0349,Aqua,MODIS,95,6.2,302.9,57.6,D,0
-23.9895,150.7895,343.4,1,1,2014-09-27,0349,Aqua,MODIS,91,6.2,304.2,40.2,D,0
-24.9706,149.5927,332.1,1,1,2014-09-27,0349,Aqua,MODIS,71,6.2,310,20.5,D,0
-24.1872,151.6861,315.5,1.1,1,2014-09-27,0349,Aqua,MODIS,37,6.2,293.9,9.8,D,0
-24.3393,148.2775,320.5,1.1,1,2014-09-27,0349,Aqua,MODIS,32,6.2,306.5,7.7,D,0
-24.3406,148.2669,322.9,1.1,1,2014-09-27,0349,Aqua,MODIS,64,6.2,307.4,11.2,D,0
-25.5082,150.9774,328.7,1,1,2014-09-27,0349,Aqua,MODIS,71,6.2,307.2,15.4,D,0
-25.5006,150.9658,325.7,1,1,2014-09-27,0349,Aqua,MODIS,71,6.2,306.7,12.2,D,0
-25.4991,150.9758,319.6,1,1,2014-09-27,0349,Aqua,MODIS,39,6.2,305.7,6.4,D,0
-26.3834,151.2195,325.1,1,1,2014-09-27,0349,Aqua,MODIS,73,6.2,308.1,11.8,D,0
-24.972,149.5828,329.2,1,1,2014-09-27,0349,Aqua,MODIS,62,6.2,306.7,16.3,D,0
-25.431,152.3285,319.9,1.1,1,2014-09-27,0349,Aqua,MODIS,45,6.2,300.6,12.2,D,0
-24.6292,148.3855,323.3,1.1,1,2014-09-27,0349,Aqua,MODIS,70,6.2,306.6,12.2,D,0
-25.5178,150.7847,328.8,1,1,2014-09-27,0349,Aqua,MODIS,78,6.2,303.6,18.9,D,0
-25.4945,150.9442,321.1,1,1,2014-09-27,0349,Aqua,MODIS,27,6.2,305.8,7.2,D,0
-25.2897,149.0749,324.9,1,1,2014-09-27,0349,Aqua,MODIS,62,6.2,304.5,14.9,D,0
-25.4293,152.3392,321.2,1.1,1,2014-09-27,0349,Aqua,MODIS,46,6.2,300.7,13.4,D,0
-24.8024,150.7702,332.3,1,1,2014-09-27,0349,Aqua,MODIS,83,6.2,306.3,20.6,D,0
-26.3819,151.2296,340,1,1,2014-09-27,0349,Aqua,MODIS,88,6.2,309.4,32.7,D,0
-24.6371,148.1034,370.7,1.1,1,2014-09-27,0349,Aqua,MODIS,100,6.2,307.3,128.7,D,0
-24.6357,148.1142,333.5,1.1,1,2014-09-27,0349,Aqua,MODIS,83,6.2,301.3,30.5,D,0
-24.6262,148.1127,326.9,1.1,1,2014-09-27,0349,Aqua,MODIS,76,6.2,299.9,20.2,D,0
-24.7978,150.7389,323.6,1,1,2014-09-27,0349,Aqua,MODIS,44,6.2,308.2,9,D,0
-25.4406,150.9959,332.6,1,1,2014-09-27,0349,Aqua,MODIS,82,6.2,306.3,22.3,D,0
-26.5279,150.7997,326.5,1,1,2014-09-27,0349,Aqua,MODIS,60,6.2,307.3,12.8,D,0
-26.5293,150.7897,326.5,1,1,2014-09-27,0349,Aqua,MODIS,53,6.2,309,12.1,D,0
-25.3617,149.0081,319.6,1,1,2014-09-27,0349,Aqua,MODIS,43,6.2,302.9,9.9,D,0
-25.4089,149.2743,321.6,1,1,2014-09-27,0349,Aqua,MODIS,68,6.2,305.2,10.9,D,0
-24.8039,150.7603,349.3,1,1,2014-09-27,0349,Aqua,MODIS,94,6.2,310.9,49.3,D,0
-25.2586,149.0278,324,1,1,2014-09-27,0349,Aqua,MODIS,70,6.2,302.7,13.7,D,0
-25.2419,150.3416,342.3,1,1,2014-09-27,0349,Aqua,MODIS,90,6.2,307.1,38.3,D,0
-24.6276,148.1018,349.7,1.1,1,2014-09-27,0349,Aqua,MODIS,94,6.2,301.9,62,D,0
-26.5354,150.8114,334.8,1,1,2014-09-27,0349,Aqua,MODIS,69,6.2,310.6,21.6,D,0
-25.26,149.0174,319.6,1,1,2014-09-27,0349,Aqua,MODIS,65,6.2,303.7,9.7,D,0
-26.9464,150.7616,319,1,1,2014-09-27,0349,Aqua,MODIS,53,6.2,306.7,6.8,D,0
-26.5264,150.8098,325.9,1,1,2014-09-27,0349,Aqua,MODIS,28,6.2,306,11.8,D,0
-25.2433,150.3317,324.2,1,1,2014-09-27,0349,Aqua,MODIS,73,6.2,306.2,12.7,D,0
-24.5337,150.4715,324,1,1,2014-09-27,0349,Aqua,MODIS,72,6.2,305.9,11.9,D,0
-27.2327,147.9082,338.8,1.2,1.1,2014-09-27,0349,Aqua,MODIS,86,6.2,308.2,37.8,D,0
-24.3051,150.1404,324.6,1,1,2014-09-27,0349,Aqua,MODIS,36,6.2,308,10.3,D,0
-24.5606,150.7859,348.2,1,1,2014-09-27,0349,Aqua,MODIS,94,6.2,308,47.5,D,0
-24.5621,150.7759,333.9,1,1,2014-09-27,0349,Aqua,MODIS,83,6.2,308.9,21.9,D,0
-24.5635,150.7661,331.1,1,1,2014-09-27,0349,Aqua,MODIS,80,6.2,308.9,17.5,D,0
-24.565,150.7562,323.8,1,1,2014-09-27,0349,Aqua,MODIS,71,6.2,309.4,9.2,D,0
-24.5516,150.7843,322.9,1,1,2014-09-27,0349,Aqua,MODIS,65,6.2,305.8,9.3,D,0
-24.556,150.7546,330.9,1,1,2014-09-27,0349,Aqua,MODIS,81,6.2,308.9,17.2,D,0
-25.3513,151.1693,330.1,1,1,2014-09-27,0349,Aqua,MODIS,80,6.2,305.2,20.2,D,0
-25.3528,151.1592,321.5,1,1,2014-09-27,0349,Aqua,MODIS,68,6.2,304.6,10.6,D,0
-25.1847,149.5041,317.7,1,1,2014-09-27,0349,Aqua,MODIS,56,6.2,304.1,7.6,D,0
-24.1555,150.7952,321.2,1,1,2014-09-27,0349,Aqua,MODIS,53,6.2,303.9,11.3,D,0
-26.5187,150.0819,322.9,1,1,2014-09-27,0349,Aqua,MODIS,67,6.2,307,11.3,D,0
-24.6216,148.1054,320.8,1.1,1,2014-09-27,0349,Aqua,MODIS,56,6.2,300.8,12.3,D,0
-24.6014,148.1133,330.1,1.1,1,2014-09-27,0349,Aqua,MODIS,79,6.2,300.2,25.6,D,0
-25.7886,152.5228,324.5,1.1,1,2014-09-27,0349,Aqua,MODIS,71,6.2,301.5,15.4,D,0
-25.7903,152.512,320,1.1,1,2014-09-27,0349,Aqua,MODIS,52,6.2,301.7,9,D,0
-24.6129,148.4369,317,1.1,1,2014-09-27,0349,Aqua,MODIS,46,6.2,305.2,4.9,D,0
-24.6143,148.4264,319.4,1.1,1,2014-09-27,0349,Aqua,MODIS,56,6.2,306,7.7,D,0
-24.6929,151.8069,324.6,1.1,1,2014-09-27,0349,Aqua,MODIS,75,6.2,311.3,14.4,D,0
-25.171,151.2066,319.7,1,1,2014-09-27,0349,Aqua,MODIS,65,6.2,307.1,6.7,D,0
-24.1691,151.1933,318.7,1,1,2014-09-27,0349,Aqua,MODIS,63,6.2,304.2,8.3,D,0
-25.4658,149.3358,320,1,1,2014-09-27,0349,Aqua,MODIS,64,6.2,304.8,8.8,D,0
-25.4672,149.3256,323.1,1,1,2014-09-27,0349,Aqua,MODIS,71,6.2,304.5,12.3,D,0
-24.3546,150.7469,319.8,1,1,2014-09-27,0349,Aqua,MODIS,61,6.2,305,7.2,D,0
-24.356,150.737,337.5,1,1,2014-09-27,0349,Aqua,MODIS,87,6.2,307.9,29.5,D,0
-24.3476,150.7401,320.3,1,1,2014-09-27,0349,Aqua,MODIS,65,6.2,306.1,8.1,D,0
-24.5314,151.1078,321.2,1,1,2014-09-27,0349,Aqua,MODIS,69,6.2,302.2,13.4,D,0
-25.2572,149.0381,333.6,1,1,2014-09-27,0349,Aqua,MODIS,84,6.2,303.2,25.5,D,0
-25.2714,149.072,366.4,1,1,2014-09-27,0349,Aqua,MODIS,100,6.2,303.7,100.1,D,0
-25.3909,150.838,316.3,1,1,2014-09-27,0349,Aqua,MODIS,47,6.2,304.8,4.7,D,0
-24.2522,151.0704,317.4,1,1,2014-09-27,0349,Aqua,MODIS,43,6.2,304.4,6.4,D,0
-24.2537,151.0604,328.8,1,1,2014-09-27,0349,Aqua,MODIS,79,6.2,302.6,19.4,D,0
-24.2975,150.129,346.6,1,1,2014-09-27,0349,Aqua,MODIS,93,6.2,309.4,42.8,D,0
-24.2989,150.1192,334.8,1,1,2014-09-27,0349,Aqua,MODIS,72,6.2,308.6,22,D,0
-24.2885,150.1275,343.9,1,1,2014-09-27,0349,Aqua,MODIS,91,6.2,307.7,38.2,D,0
-24.2899,150.1177,327.8,1,1,2014-09-27,0349,Aqua,MODIS,56,6.2,307.9,13.8,D,0
-25.282,149.0631,339.9,1,1,2014-09-27,0349,Aqua,MODIS,85,6.2,308.4,34.6,D,0
-25.2989,149.0764,320.8,1,1,2014-09-27,0349,Aqua,MODIS,37,6.2,303.2,10.1,D,0
-25.2806,149.0734,365.9,1,1,2014-09-27,0349,Aqua,MODIS,100,6.2,307.3,98.2,D,0
-25.2792,149.0837,333.9,1,1,2014-09-27,0349,Aqua,MODIS,83,6.2,302,26.3,D,0
-25.2728,149.0616,364.3,1,1,2014-09-27,0349,Aqua,MODIS,100,6.2,308.1,93,D,0
-25.2558,149.0485,326.9,1,1,2014-09-27,0349,Aqua,MODIS,58,6.2,302.7,16.4,D,0
-25.3287,149.0448,321.4,1,1,2014-09-27,0349,Aqua,MODIS,55,6.2,302.2,12,D,0
-25.3668,149.0405,326.3,1,1,2014-09-27,0349,Aqua,MODIS,57,6.2,305.6,15.6,D,0
-23.6222,149.255,333.3,1,1,2014-09-27,0350,Aqua,MODIS,81,6.2,307.1,21.9,D,0
-23.6235,149.2451,335.3,1,1,2014-09-27,0350,Aqua,MODIS,83,6.2,307.1,25.4,D,0
-23.6131,149.2535,323.4,1,1,2014-09-27,0350,Aqua,MODIS,62,6.2,305.5,10.5,D,0
-23.6249,149.2352,321.5,1,1,2014-09-27,0350,Aqua,MODIS,55,6.2,306,8,D,0
-23.6158,149.2337,334.3,1,1,2014-09-27,0350,Aqua,MODIS,82,6.2,305.9,23.6,D,0
-23.6145,149.2436,363.9,1,1,2014-09-27,0350,Aqua,MODIS,100,6.2,308,88,D,0
-23.1929,147.3716,319.1,1.1,1.1,2014-09-27,0350,Aqua,MODIS,36,6.2,307.2,7,D,0
-23.1944,147.3604,319.9,1.1,1.1,2014-09-27,0350,Aqua,MODIS,48,6.2,307.5,7.9,D,0
-23.3739,147.3884,330.8,1.1,1.1,2014-09-27,0350,Aqua,MODIS,78,6.2,308.1,23.9,D,0
-23.3753,147.3771,321.4,1.1,1.1,2014-09-27,0350,Aqua,MODIS,58,6.2,304.6,10.5,D,0
-23.3643,147.3868,326.5,1.1,1.1,2014-09-27,0350,Aqua,MODIS,71,6.2,306.3,16.9,D,0
-23.3657,147.3758,328.1,1.1,1.1,2014-09-27,0350,Aqua,MODIS,74,6.2,304.1,19.1,D,0
-23.3305,147.652,324.5,1.1,1.1,2014-09-27,0350,Aqua,MODIS,67,6.2,309.3,12.3,D,0
-23.2837,147.6837,325.5,1.1,1.1,2014-09-27,0350,Aqua,MODIS,69,6.2,307.4,14.5,D,0
-23.2851,147.6728,329.1,1.1,1.1,2014-09-27,0350,Aqua,MODIS,75,6.2,307.7,18.7,D,0
-23.2609,147.6359,323.8,1.1,1.1,2014-09-27,0350,Aqua,MODIS,65,6.2,308.4,11.2,D,0
-23.2623,147.625,324.9,1.1,1.1,2014-09-27,0350,Aqua,MODIS,68,6.2,309.4,12.5,D,0
-22.9477,149.7363,329.4,1,1,2014-09-27,0350,Aqua,MODIS,67,6.2,305.8,18.5,D,0
-22.1133,149.4655,318.5,1,1,2014-09-27,0350,Aqua,MODIS,49,6.2,301.4,10,D,0
-22.1029,149.4737,338.8,1,1,2014-09-27,0350,Aqua,MODIS,87,6.2,301,34.9,D,0
-24.3299,148.276,338,1.1,1,2014-09-27,0350,Aqua,MODIS,65,6.2,307.2,31.6,D,0
-24.3313,148.2654,331.9,1.1,1,2014-09-27,0350,Aqua,MODIS,46,6.2,305.6,21.1,D,0
-24.3241,148.2802,326.1,1.1,1,2014-09-27,0350,Aqua,MODIS,56,6.2,308.2,13.8,D,0
-24.3255,148.2697,319.4,1.1,1,2014-09-27,0350,Aqua,MODIS,32,6.2,305.3,7.4,D,0
-23.2604,147.411,319.1,1.1,1.1,2014-09-27,0350,Aqua,MODIS,36,6.2,308,7.5,D,0
-23.7329,150.3457,319,1,1,2014-09-27,0350,Aqua,MODIS,56,6.2,307.1,6.1,D,0
-23.9562,149.2946,337.3,1,1,2014-09-27,0350,Aqua,MODIS,86,6.2,306.4,28.9,D,0
-23.9576,149.2847,324.7,1,1,2014-09-27,0350,Aqua,MODIS,70,6.2,306.5,11.5,D,0
-23.9485,149.2832,326.3,1,1,2014-09-27,0350,Aqua,MODIS,73,6.2,306.5,13.8,D,0
-22.8403,147.4184,323.1,1.1,1.1,2014-09-27,0350,Aqua,MODIS,63,6.2,306.9,13.4,D,0
-22.8417,147.4075,324.9,1.1,1.1,2014-09-27,0350,Aqua,MODIS,68,6.2,306.2,15.6,D,0
-22.1043,149.464,344.4,1,1,2014-09-27,0350,Aqua,MODIS,91,6.2,301.4,44.9,D,0
-24.0851,148.6245,353.8,1,1,2014-09-27,0350,Aqua,MODIS,96,6.2,314.5,60.5,D,0
-24.0865,148.6142,343.7,1,1,2014-09-27,0350,Aqua,MODIS,91,6.2,312.8,38.2,D,0
-24.0759,148.6231,380.7,1,1,2014-09-27,0350,Aqua,MODIS,100,6.2,317.3,151.8,D,0
-24.0772,148.6128,336.7,1,1,2014-09-27,0350,Aqua,MODIS,85,6.2,311.8,25.9,D,0
-24.0653,148.6319,325.4,1,1,2014-09-27,0350,Aqua,MODIS,72,6.2,313.4,10.7,D,0
-24.0745,148.6334,346,1,1,2014-09-27,0350,Aqua,MODIS,92,6.2,313,42.8,D,0
-23.4173,149.7263,319.8,1,1,2014-09-27,0350,Aqua,MODIS,58,6.2,304.2,8.9,D,0
-23.5225,149.9608,328.4,1,1,2014-09-27,0350,Aqua,MODIS,77,6.2,307.8,16.3,D,0
-23.2951,147.5966,325.2,1.1,1.1,2014-09-27,0350,Aqua,MODIS,69,6.2,308,13,D,0
-23.4954,148.9783,322,1,1,2014-09-27,0350,Aqua,MODIS,59,6.2,308.4,7.3,D,0
-23.4968,148.9683,333.6,1,1,2014-09-27,0350,Aqua,MODIS,82,6.2,309.8,21.6,D,0
-23.2508,147.4096,334.6,1.1,1.1,2014-09-27,0350,Aqua,MODIS,82,6.2,307.9,28.8,D,0
-23.2367,147.4123,321.7,1.1,1.1,2014-09-27,0350,Aqua,MODIS,58,6.2,307.4,10.8,D,0
-23.2381,147.4013,328.4,1.1,1.1,2014-09-27,0350,Aqua,MODIS,74,6.2,306.8,20.1,D,0
-23.3907,150.0415,372.8,1,1,2014-09-27,0350,Aqua,MODIS,100,6.2,310.4,112.3,D,0
-23.3921,150.0317,387.4,1,1,2014-09-27,0350,Aqua,MODIS,100,6.2,317.8,171.7,D,0
-23.3817,150.0399,342,1,1,2014-09-27,0350,Aqua,MODIS,89,6.2,307,33.8,D,0
-23.3831,150.0302,355.3,1,1,2014-09-27,0350,Aqua,MODIS,97,6.2,312.4,61,D,0
-23.3845,150.0204,328.5,1,1,2014-09-27,0350,Aqua,MODIS,34,6.2,309.7,13.2,D,0
-23.3253,149.9249,328.9,1,1,2014-09-27,0350,Aqua,MODIS,77,6.2,308.7,16.4,D,0
-22.6977,145.7091,331.6,1.4,1.2,2014-09-27,0350,Aqua,MODIS,74,6.2,312.6,29.1,D,0
-17.6563,146.1214,317.6,1.2,1.1,2014-09-27,0351,Aqua,MODIS,46,6.2,301.7,11.2,D,0
-17.6577,146.1106,320.1,1.2,1.1,2014-09-27,0351,Aqua,MODIS,63,6.2,301.6,14.5,D,0
-17.3411,144.9178,330.1,1.3,1.1,2014-09-27,0351,Aqua,MODIS,73,6.2,313.4,17.9,D,0
-17.3339,144.9104,341.3,1.3,1.1,2014-09-27,0351,Aqua,MODIS,87,6.2,315.3,42.9,D,0
-16.9452,138.6405,335.4,3.8,1.8,2014-09-27,0352,Aqua,MODIS,59,6.2,310.7,130.5,D,0
-14.2677,142.1302,359.7,1.9,1.3,2014-09-27,0352,Aqua,MODIS,99,6.2,306.8,184.1,D,0
-16.9972,138.8628,326.6,3.7,1.8,2014-09-27,0352,Aqua,MODIS,41,6.2,311,60.8,D,0
-17.0134,138.8645,324.1,3.7,1.8,2014-09-27,0352,Aqua,MODIS,30,6.2,310,48.4,D,0
-14.2656,142.1476,332.4,1.9,1.3,2014-09-27,0352,Aqua,MODIS,52,6.2,304.6,49.4,D,0
-17.0087,138.5011,329.5,3.9,1.8,2014-09-27,0352,Aqua,MODIS,66,6.2,317.8,53.8,D,0
-16.9486,138.6047,362.3,3.8,1.8,2014-09-27,0352,Aqua,MODIS,100,6.2,315.2,511.4,D,0
-16.9321,138.6029,357.6,3.8,1.8,2014-09-27,0352,Aqua,MODIS,98,6.2,309.9,424.8,D,0
-16.9385,138.6328,347.8,3.8,1.8,2014-09-27,0352,Aqua,MODIS,91,6.2,310.5,282,D,0
-16.9256,138.5952,337.3,3.8,1.8,2014-09-27,0352,Aqua,MODIS,24,6.2,306.9,154.9,D,0
-16.9421,138.597,363.4,3.8,1.8,2014-09-27,0352,Aqua,MODIS,100,6.2,313.5,535.8,D,0
-17.0166,138.83,354.9,3.7,1.8,2014-09-27,0352,Aqua,MODIS,97,6.2,311.8,390.4,D,0
-17.0004,138.8283,331.8,3.7,1.8,2014-09-27,0352,Aqua,MODIS,73,6.2,311.1,105.3,D,0
-17.0062,138.8593,337.5,3.7,1.8,2014-09-27,0352,Aqua,MODIS,82,6.2,310.6,162,D,0
-17.0097,138.8248,355.2,3.7,1.8,2014-09-27,0352,Aqua,MODIS,97,6.2,312.5,392.9,D,0
-16.99,138.8576,351.6,3.7,1.8,2014-09-27,0352,Aqua,MODIS,94,6.2,312.2,331.5,D,0
-16.9935,138.8231,335.6,3.7,1.8,2014-09-27,0352,Aqua,MODIS,80,6.2,310.9,141.9,D,0
-16.9738,138.8559,324.9,3.7,1.8,2014-09-27,0352,Aqua,MODIS,50,6.2,311.1,51,D,0
-16.979,141.3889,337.8,2.3,1.5,2014-09-27,0352,Aqua,MODIS,81,6.2,315.1,76.6,D,0
-17.0168,138.6525,337.6,3.8,1.8,2014-09-27,0352,Aqua,MODIS,72,6.2,316,149.1,D,0
-17.011,138.6475,351.6,3.8,1.8,2014-09-27,0352,Aqua,MODIS,94,6.2,317.2,330.5,D,0
-16.9946,138.6458,340.7,3.8,1.8,2014-09-27,0352,Aqua,MODIS,81,6.2,314.1,182.6,D,0
-17.6601,138.5039,350.2,4,1.9,2014-09-27,0352,Aqua,MODIS,93,6.2,315.8,333.1,D,0
-17.655,138.4961,347.6,4,1.9,2014-09-27,0352,Aqua,MODIS,91,6.2,316,293.7,D,0
-15.4784,144.9354,335.1,1.3,1.1,2014-09-27,0352,Aqua,MODIS,83,6.2,309.2,28,D,0
-16.0446,144.2654,332.4,1.4,1.2,2014-09-27,0352,Aqua,MODIS,77,6.2,312.7,23.1,D,0
-14.3897,144.3167,323.1,1.3,1.1,2014-09-27,0352,Aqua,MODIS,65,6.2,300.3,16.1,D,0
-17.3236,144.9091,328.1,1.3,1.1,2014-09-27,0352,Aqua,MODIS,65,6.2,311.8,15.5,D,0
-14.3913,144.3045,334.8,1.3,1.1,2014-09-27,0352,Aqua,MODIS,83,6.2,301.1,38.7,D,0
-14.1713,143.182,326.9,1.6,1.2,2014-09-27,0352,Aqua,MODIS,57,6.2,306.9,17.4,D,0
-14.9976,144.957,318.5,1.2,1.1,2014-09-27,0352,Aqua,MODIS,16,6.2,301.6,8.6,D,0
-14.9921,144.921,331.3,1.2,1.1,2014-09-27,0352,Aqua,MODIS,79,6.2,304.3,27.3,D,0
-14.9906,144.9327,324.2,1.2,1.1,2014-09-27,0352,Aqua,MODIS,39,6.2,304,14.3,D,0
-15.0021,144.9225,319.9,1.2,1.1,2014-09-27,0352,Aqua,MODIS,26,6.2,302.7,9.7,D,0
-14.9991,144.9456,335.8,1.2,1.1,2014-09-27,0352,Aqua,MODIS,84,6.2,304.2,35.7,D,0
-15.0006,144.9341,327.4,1.2,1.1,2014-09-27,0352,Aqua,MODIS,72,6.2,302.4,20.1,D,0
-14.9821,144.9197,342.8,1.2,1.1,2014-09-27,0352,Aqua,MODIS,89,6.2,304.4,50.4,D,0
-14.9806,144.9313,340,1.2,1.1,2014-09-27,0352,Aqua,MODIS,87,6.2,306,42.7,D,0
-14.0447,143.1883,321.2,1.6,1.2,2014-09-27,0352,Aqua,MODIS,54,6.2,294,20.3,D,0
-14.1694,143.1965,328.1,1.6,1.2,2014-09-27,0352,Aqua,MODIS,68,6.2,305.2,21.6,D,0
-14.1711,143.1871,332.9,1.6,1.2,2014-09-27,0352,Aqua,MODIS,79,6.2,307,31.7,D,0
-15.1672,145.062,322.6,1.2,1.1,2014-09-27,0352,Aqua,MODIS,52,6.2,304.6,11.6,D,0
-15.4366,143.0181,356,1.7,1.3,2014-09-27,0352,Aqua,MODIS,97,6.2,312.4,128.7,D,0
-14.3019,142.1923,345.2,1.9,1.3,2014-09-27,0352,Aqua,MODIS,91,6.2,309.9,94.3,D,0
-14.2919,142.1734,361.7,1.9,1.3,2014-09-27,0352,Aqua,MODIS,100,6.2,305.3,188.6,D,0
-15.4385,143.0024,329.4,1.7,1.3,2014-09-27,0352,Aqua,MODIS,64,6.2,310.5,25.8,D,0
-14.7659,141.6642,326.6,2.1,1.4,2014-09-27,0352,Aqua,MODIS,64,6.2,309.3,25.5,D,0
-15.9558,145.099,325.7,1.2,1.1,2014-09-27,0352,Aqua,MODIS,32,6.2,300.9,21.8,D,0
-14.7555,141.6433,337.3,2.1,1.4,2014-09-27,0352,Aqua,MODIS,83,6.2,311.1,67.5,D,0
-15.239,145.0551,318.6,1.2,1.1,2014-09-27,0352,Aqua,MODIS,10,6.2,298.6,9.9,D,0
-14.2898,142.1907,370.7,1.9,1.3,2014-09-27,0352,Aqua,MODIS,100,6.2,308,259.3,D,0
-14.7681,141.6449,335.5,2.1,1.4,2014-09-27,0352,Aqua,MODIS,81,6.2,309.8,61.4,D,0
-15.4932,145.0621,328.7,1.2,1.1,2014-09-27,0352,Aqua,MODIS,53,6.2,303.7,19.9,D,0
-14.2875,142.168,349.7,1.9,1.3,2014-09-27,0352,Aqua,MODIS,94,6.2,303.5,117.6,D,0
-14.8361,144.9447,350.4,1.2,1.1,2014-09-27,0352,Aqua,MODIS,95,6.2,307,66.6,D,0
-14.2953,142.2041,338,1.9,1.3,2014-09-27,0352,Aqua,MODIS,75,6.2,307.9,64.5,D,0
-15.2552,143.6498,336.5,1.5,1.2,2014-09-27,0352,Aqua,MODIS,83,6.2,305.1,46.2,D,0
-14.3642,142.1828,326.4,1.9,1.3,2014-09-27,0352,Aqua,MODIS,59,6.2,308.6,20.2,D,0
-15.232,145.0309,321.5,1.2,1.1,2014-09-27,0352,Aqua,MODIS,46,6.2,300,14.8,D,0
-15.1756,145.0748,331.7,1.2,1.1,2014-09-27,0352,Aqua,MODIS,79,6.2,306,24.4,D,0
-15.4931,145.0554,328,1.2,1.1,2014-09-27,0352,Aqua,MODIS,55,6.2,305.5,20.6,D,0
-14.2996,142.1696,328.3,1.9,1.3,2014-09-27,0352,Aqua,MODIS,49,6.2,301.2,26.8,D,0
-15.2305,145.0424,349.7,1.2,1.1,2014-09-27,0352,Aqua,MODIS,94,6.2,303,72.3,D,0
-15.2375,145.0663,328.1,1.2,1.1,2014-09-27,0352,Aqua,MODIS,75,6.2,302.1,22.8,D,0
-14.2974,142.1869,375.2,1.9,1.3,2014-09-27,0352,Aqua,MODIS,100,6.2,310.9,299,D,0
-15.4402,143.1757,331.5,1.6,1.3,2014-09-27,0352,Aqua,MODIS,65,6.2,313.5,21.7,D,0
-14.2854,142.1854,334.1,1.9,1.3,2014-09-27,0352,Aqua,MODIS,72,6.2,304.9,50.4,D,0
-15.1657,145.0733,336.3,1.2,1.1,2014-09-27,0352,Aqua,MODIS,84,6.2,308.7,34.5,D,0
-16.7869,145.3648,328.2,1.2,1.1,2014-09-27,0352,Aqua,MODIS,50,6.2,304.4,19.8,D,0
-15.5161,145.0416,326.8,1.2,1.1,2014-09-27,0352,Aqua,MODIS,47,6.2,309.4,11.4,D,0
-14.7532,141.6626,336.7,2.1,1.4,2014-09-27,0352,Aqua,MODIS,83,6.2,310.7,63,D,0
-15.0656,145.1334,345.1,1.2,1.1,2014-09-27,0352,Aqua,MODIS,91,6.2,309.2,56.4,D,0
-15.0755,145.1347,333.2,1.2,1.1,2014-09-27,0352,Aqua,MODIS,74,6.2,304.3,30.4,D,0
-12.8712,142.8956,330.1,1.6,1.2,2014-09-27,0353,Aqua,MODIS,79,6.2,304,30.9,D,0
-12.8601,142.894,347.6,1.6,1.2,2014-09-27,0353,Aqua,MODIS,93,6.2,305.1,86.2,D,0
-12.9326,142.8594,324.4,1.6,1.2,2014-09-27,0353,Aqua,MODIS,71,6.2,303.7,17.5,D,0
-12.9579,142.8381,328.4,1.6,1.2,2014-09-27,0353,Aqua,MODIS,77,6.2,304.7,25.7,D,0
-12.9561,142.8527,322.6,1.6,1.2,2014-09-27,0353,Aqua,MODIS,58,6.2,302.8,13,D,0
-12.8619,142.8795,332.5,1.6,1.2,2014-09-27,0353,Aqua,MODIS,82,6.2,305.1,35.3,D,0
-12.8823,142.897,323,1.6,1.2,2014-09-27,0353,Aqua,MODIS,41,6.2,303.4,16.1,D,0
-12.2793,141.8817,333,1.8,1.3,2014-09-27,0353,Aqua,MODIS,82,6.2,298.2,54.8,D,0
-12.4254,141.923,329.5,1.8,1.3,2014-09-27,0353,Aqua,MODIS,77,6.2,300.9,35.9,D,0
-10.9437,142.4177,325.6,1.6,1.2,2014-09-27,0353,Aqua,MODIS,79,6.2,303.1,29.7,D,0
-10.9418,142.4323,321.5,1.6,1.2,2014-09-27,0353,Aqua,MODIS,74,6.2,304.4,21.2,D,0
-13.577,142.012,331.1,1.9,1.3,2014-09-27,0353,Aqua,MODIS,73,6.2,307.4,46.3,D,0
-13.5792,142.0349,328.2,1.9,1.3,2014-09-27,0353,Aqua,MODIS,49,6.2,302.7,35.3,D,0
-12.3969,141.7633,336.1,1.9,1.3,2014-09-27,0353,Aqua,MODIS,84,6.2,299.6,65.6,D,0
-12.3991,141.746,332.9,1.9,1.3,2014-09-27,0353,Aqua,MODIS,77,6.2,300.3,52.9,D,0
-13.5671,141.993,324.8,1.9,1.3,2014-09-27,0353,Aqua,MODIS,60,6.2,301.8,29.5,D,0
-13.5649,142.0105,336.8,1.9,1.3,2014-09-27,0353,Aqua,MODIS,86,6.2,303.5,68.8,D,0
-13.6153,142.0393,322.5,1.9,1.3,2014-09-27,0353,Aqua,MODIS,31,6.2,304.3,17.2,D,0
-12.4195,141.9293,324.4,1.8,1.3,2014-09-27,0353,Aqua,MODIS,63,6.2,300.2,22.7,D,0
-12.4314,141.9309,326.7,1.8,1.3,2014-09-27,0353,Aqua,MODIS,62,6.2,300,26.3,D,0
-13.6274,142.0408,328,1.9,1.3,2014-09-27,0353,Aqua,MODIS,62,6.2,306.3,31.5,D,0
-13.5869,142.0309,333,1.9,1.3,2014-09-27,0353,Aqua,MODIS,79,6.2,304.8,51.2,D,0
-13.6778,142.0296,326.5,1.9,1.3,2014-09-27,0353,Aqua,MODIS,49,6.2,306,23.6,D,0
-12.2933,141.8663,330.1,1.8,1.3,2014-09-27,0353,Aqua,MODIS,79,6.2,297.1,46.3,D,0
-12.2814,141.8648,331.1,1.8,1.3,2014-09-27,0353,Aqua,MODIS,80,6.2,297.8,48.3,D,0
-11.9571,142.7069,326.6,1.6,1.2,2014-09-27,0353,Aqua,MODIS,66,6.2,299.9,29.2,D,0
-11.9576,142.7136,322.2,1.6,1.2,2014-09-27,0353,Aqua,MODIS,67,6.2,299,21.8,D,0
-11.9594,142.6992,320.1,1.6,1.2,2014-09-27,0353,Aqua,MODIS,53,6.2,301.5,16.4,D,0
-12.9065,142.8854,328.5,1.6,1.2,2014-09-27,0353,Aqua,MODIS,49,6.2,303.2,25.8,D,0
-12.8953,142.8842,325.5,1.6,1.2,2014-09-27,0353,Aqua,MODIS,52,6.2,304.3,19.1,D,0
-13.0959,142.9228,336.4,1.6,1.2,2014-09-27,0353,Aqua,MODIS,85,6.2,298.4,51.7,D,0
-12.9319,142.8644,328.4,1.6,1.2,2014-09-27,0353,Aqua,MODIS,57,6.2,303.7,26.3,D,0
-13.0804,142.0383,335.1,1.8,1.3,2014-09-27,0353,Aqua,MODIS,61,6.2,302.9,59.4,D,0
-13.0941,142.9372,330.8,1.6,1.2,2014-09-27,0353,Aqua,MODIS,59,6.2,299,36,D,0
-12.9195,142.8724,328.2,1.6,1.2,2014-09-27,0353,Aqua,MODIS,63,6.2,303.4,25.6,D,0
-13.0466,142.017,328.5,1.8,1.3,2014-09-27,0353,Aqua,MODIS,45,6.2,298.1,35.5,D,0
-12.9307,142.8739,322.1,1.6,1.2,2014-09-27,0353,Aqua,MODIS,53,6.2,303.1,14.3,D,0
-13.1493,142.9501,324.6,1.6,1.2,2014-09-27,0353,Aqua,MODIS,42,6.2,301.4,19.9,D,0
-24.5825,118.821,328.5,2.1,1.4,2014-09-27,0528,Aqua,MODIS,67,6.2,315.2,30.1,D,0
-24.5828,118.8157,328.7,2.1,1.4,2014-09-27,0528,Aqua,MODIS,61,6.2,315.4,29,D,0
-20.6542,127.2179,339.7,1.2,1.1,2014-09-27,0529,Aqua,MODIS,33,6.2,321.6,18.8,D,0
-20.6349,127.2144,378.4,1.2,1.1,2014-09-27,0529,Aqua,MODIS,100,6.2,326.7,148.1,D,0
-20.6204,127.159,338.1,1.2,1.1,2014-09-27,0529,Aqua,MODIS,77,6.2,323.6,16.8,D,0
-20.0951,127.6982,337.1,1.3,1.1,2014-09-27,0529,Aqua,MODIS,68,6.2,322.9,16.3,D,0
-20.6186,127.1702,358.4,1.2,1.1,2014-09-27,0529,Aqua,MODIS,98,6.2,323.5,69.6,D,0
-20.6446,127.2161,369.2,1.2,1.1,2014-09-27,0529,Aqua,MODIS,100,6.2,325.1,105.4,D,0
-20.0949,127.6913,336,1.3,1.1,2014-09-27,0529,Aqua,MODIS,63,6.2,322.9,13.6,D,0
-20.656,127.2067,340,1.2,1.1,2014-09-27,0529,Aqua,MODIS,16,6.2,324.4,18,D,0
-20.7014,120.2416,341.5,1.5,1.2,2014-09-27,0529,Aqua,MODIS,83,6.2,315.4,47.5,D,0
-20.6982,120.2694,365.4,1.5,1.2,2014-09-27,0529,Aqua,MODIS,100,6.2,314.7,149,D,0
-19.365,133.1833,335.3,3.2,1.7,2014-09-27,0529,Aqua,MODIS,77,6.2,316.2,91.2,D,0
-20.6965,120.2833,362.2,1.5,1.2,2014-09-27,0529,Aqua,MODIS,100,6.2,309.4,132,D,0
-20.6874,120.233,439.1,1.5,1.2,2014-09-27,0529,Aqua,MODIS,100,6.2,338.2,973.7,D,0
-20.6766,120.2316,366.3,1.5,1.2,2014-09-27,0529,Aqua,MODIS,100,6.2,322,143.9,D,0
-20.6907,120.2399,462.9,1.5,1.2,2014-09-27,0529,Aqua,MODIS,100,6.2,336.8,1521.3,D,0
-20.6923,120.2258,364,1.5,1.2,2014-09-27,0529,Aqua,MODIS,100,6.2,320.3,133.9,D,0
-20.6766,120.2666,359.2,1.5,1.2,2014-09-27,0529,Aqua,MODIS,99,6.2,318.1,113.5,D,0
-20.6783,120.2525,353.4,1.5,1.2,2014-09-27,0529,Aqua,MODIS,95,6.2,320,82.3,D,0
-20.6799,120.2384,401.6,1.5,1.2,2014-09-27,0529,Aqua,MODIS,100,6.2,325.6,418.1,D,0
-19.3631,133.1908,338.4,3.2,1.7,2014-09-27,0529,Aqua,MODIS,75,6.2,316.7,112,D,0
-20.6815,120.2244,394,1.5,1.2,2014-09-27,0529,Aqua,MODIS,100,6.2,323.4,344.6,D,0
-20.6891,120.219,334,1.5,1.2,2014-09-27,0529,Aqua,MODIS,59,6.2,318.6,21,D,0
-20.6874,120.2679,442.9,1.5,1.2,2014-09-27,0529,Aqua,MODIS,100,6.2,338.5,1051.4,D,0
-20.6822,120.2752,358.2,1.5,1.2,2014-09-27,0529,Aqua,MODIS,98,6.2,320.4,109.9,D,0
-20.6839,120.261,366.7,1.5,1.2,2014-09-27,0529,Aqua,MODIS,100,6.2,328.8,150.9,D,0
-20.6856,120.247,433.3,1.5,1.2,2014-09-27,0529,Aqua,MODIS,100,6.2,331.2,861.2,D,0
-20.6732,120.2597,343.7,1.5,1.2,2014-09-27,0529,Aqua,MODIS,86,6.2,317.4,54.4,D,0
-20.6891,120.2539,409.4,1.5,1.2,2014-09-27,0529,Aqua,MODIS,100,6.2,325.3,510.3,D,0
-19.2511,133.0614,331,3.1,1.7,2014-09-27,0529,Aqua,MODIS,46,6.2,314.4,64.4,D,0
-20.6857,120.2823,407.4,1.5,1.2,2014-09-27,0529,Aqua,MODIS,100,6.2,317.8,490.1,D,0
-20.6783,120.2175,333.5,1.5,1.2,2014-09-27,0529,Aqua,MODIS,68,6.2,318.8,20.6,D,0
-20.6749,120.2456,353.9,1.5,1.2,2014-09-27,0529,Aqua,MODIS,95,6.2,319.2,84.7,D,0
-22.6605,117.7394,330.2,2.3,1.5,2014-09-27,0529,Aqua,MODIS,73,6.2,312.7,52.6,D,0
-22.8582,118.071,329.6,2.2,1.4,2014-09-27,0529,Aqua,MODIS,42,6.2,314.2,33.7,D,0
-22.7784,117.9682,325.5,2.3,1.5,2014-09-27,0529,Aqua,MODIS,55,6.2,313.3,21.6,D,0
-22.7674,117.9447,326.3,2.3,1.5,2014-09-27,0529,Aqua,MODIS,57,6.2,313.9,25.4,D,0
-22.7652,117.9669,339.2,2.3,1.5,2014-09-27,0529,Aqua,MODIS,84,6.2,314.1,83.8,D,0
-22.8157,117.9947,332.8,2.3,1.5,2014-09-27,0529,Aqua,MODIS,76,6.2,315,50.8,D,0
-22.768,117.9604,338,2.3,1.5,2014-09-27,0529,Aqua,MODIS,83,6.2,314.5,75,D,0
-16.2069,127.9006,335.7,1.5,1.2,2014-09-27,0530,Aqua,MODIS,28,6.2,315.8,26.1,D,0
-18.5433,128.9501,340.1,1.6,1.2,2014-09-27,0530,Aqua,MODIS,81,6.2,320.4,39.9,D,0
-16.4932,124.3832,338.2,1,1,2014-09-27,0530,Aqua,MODIS,77,6.2,312.1,22.9,D,0
-16.2595,127.8519,336.7,1.5,1.2,2014-09-27,0530,Aqua,MODIS,72,6.2,318.3,30.3,D,0
-17.0033,127.4446,337.6,1.4,1.2,2014-09-27,0530,Aqua,MODIS,69,6.2,319.3,23.5,D,0
-16.5022,124.3848,350,1,1,2014-09-27,0530,Aqua,MODIS,93,6.2,310.9,45.1,D,0
-16.9033,122.8,336.6,1,1,2014-09-27,0530,Aqua,MODIS,78,6.2,316,21.3,D,0
-16.8904,122.7591,354.8,1,1,2014-09-27,0530,Aqua,MODIS,96,6.2,315.4,54.7,D,0
-18.6447,128.9587,332.9,1.6,1.2,2014-09-27,0530,Aqua,MODIS,61,6.2,320.5,13.1,D,0
-18.5947,128.9808,339.7,1.6,1.3,2014-09-27,0530,Aqua,MODIS,30,6.2,321.6,31.3,D,0
-16.8931,122.74,348.1,1,1,2014-09-27,0530,Aqua,MODIS,91,6.2,317.6,37.5,D,0
-16.7852,124.2071,335.4,1,1,2014-09-27,0530,Aqua,MODIS,57,6.2,321.7,10.9,D,0
-16.4918,124.3928,343.9,1,1,2014-09-27,0530,Aqua,MODIS,64,6.2,309.2,33,D,0
-16.8918,122.7496,347.6,1,1,2014-09-27,0530,Aqua,MODIS,91,6.2,317.1,37.8,D,0
-18.7982,128.9383,334.3,1.6,1.2,2014-09-27,0530,Aqua,MODIS,53,6.2,319.1,23.2,D,0
-16.2094,127.8858,337,1.5,1.2,2014-09-27,0530,Aqua,MODIS,37,6.2,317.3,28.9,D,0
-16.2486,127.8503,346.8,1.5,1.2,2014-09-27,0530,Aqua,MODIS,89,6.2,318,61.3,D,0
-15.9077,127.6816,346.1,1.5,1.2,2014-09-27,0530,Aqua,MODIS,89,6.2,321.8,49.7,D,0
-15.91,127.6675,334.7,1.5,1.2,2014-09-27,0530,Aqua,MODIS,51,6.2,318.8,17.6,D,0
-15.8649,127.6733,335.6,1.5,1.2,2014-09-27,0530,Aqua,MODIS,44,6.2,319,20.5,D,0
-16.3017,127.8243,331.2,1.5,1.2,2014-09-27,0530,Aqua,MODIS,59,6.2,317,18.3,D,0
-16.4565,124.3806,338.7,1,1,2014-09-27,0530,Aqua,MODIS,0,6.2,311.7,28.2,D,0
-16.4828,124.3912,331.5,1,1,2014-09-27,0530,Aqua,MODIS,51,6.2,312,12.8,D,0
-17.7555,131.1026,333,2.4,1.5,2014-09-27,0530,Aqua,MODIS,24,6.2,317.6,33.3,D,0
-17.7375,131.1063,336.3,2.4,1.5,2014-09-27,0530,Aqua,MODIS,50,6.2,317.1,48.4,D,0
-17.648,132.1269,332.9,2.9,1.6,2014-09-27,0530,Aqua,MODIS,64,6.2,314.2,62,D,0
-17.643,132.1537,347.2,2.9,1.6,2014-09-27,0530,Aqua,MODIS,91,6.2,315.5,174.4,D,0
-17.6673,132.1032,328.5,2.9,1.6,2014-09-27,0530,Aqua,MODIS,19,6.2,315.3,42.7,D,0
-17.6481,132.1319,340.5,2.9,1.6,2014-09-27,0530,Aqua,MODIS,85,6.2,314.2,117.6,D,0
-17.643,132.1586,343.4,2.9,1.6,2014-09-27,0530,Aqua,MODIS,88,6.2,315.4,141.8,D,0
-17.7196,131.0722,342.4,2.4,1.5,2014-09-27,0530,Aqua,MODIS,74,6.2,319,83.4,D,0
-17.693,131.0667,339,2.4,1.5,2014-09-27,0530,Aqua,MODIS,76,6.2,317.4,73.4,D,0
-17.6971,131.0444,333.2,2.4,1.5,2014-09-27,0530,Aqua,MODIS,25,6.2,317.4,40.7,D,0
-17.644,131.5633,334.6,2.6,1.6,2014-09-27,0530,Aqua,MODIS,71,6.2,317.8,65,D,0
-17.6727,132.0816,329.7,2.8,1.6,2014-09-27,0530,Aqua,MODIS,67,6.2,315.5,53.5,D,0
-17.6722,132.0765,328.8,2.8,1.6,2014-09-27,0530,Aqua,MODIS,45,6.2,315.5,44.9,D,0
-17.7508,131.1091,333.7,2.4,1.5,2014-09-27,0530,Aqua,MODIS,25,6.2,317.2,37.8,D,0
-18.6574,128.8838,333.6,1.6,1.2,2014-09-27,0530,Aqua,MODIS,58,6.2,319.5,15.6,D,0
-17.5158,127.4306,335.3,1.3,1.1,2014-09-27,0530,Aqua,MODIS,72,6.2,316.7,19.5,D,0
-17.5138,127.4432,381.5,1.3,1.1,2014-09-27,0530,Aqua,MODIS,100,6.2,320,208.4,D,0
-17.5383,127.4219,340.2,1.3,1.1,2014-09-27,0530,Aqua,MODIS,81,6.2,316.4,33.5,D,0
-17.5363,127.4342,337.1,1.3,1.1,2014-09-27,0530,Aqua,MODIS,70,6.2,315.2,25.4,D,0
-17.3385,125.3712,353.3,1.1,1,2014-09-27,0530,Aqua,MODIS,95,6.2,319,53,D,0
-17.337,125.3814,334.3,1.1,1,2014-09-27,0530,Aqua,MODIS,67,6.2,318.6,14.2,D,0
-17.3354,125.3915,332.9,1.1,1,2014-09-27,0530,Aqua,MODIS,62,6.2,318.7,11.6,D,0
-17.3894,125.4109,335.2,1.1,1,2014-09-27,0530,Aqua,MODIS,70,6.2,319.3,12.3,D,0
-16.7093,128.2045,336.4,1.5,1.2,2014-09-27,0530,Aqua,MODIS,76,6.2,317.1,24.9,D,0
-17.4974,127.479,332,1.3,1.1,2014-09-27,0530,Aqua,MODIS,40,6.2,315.9,13,D,0
-17.3666,125.4989,331.1,1.1,1,2014-09-27,0530,Aqua,MODIS,46,6.2,317.8,8.7,D,0
-17.3879,125.4209,338.5,1.1,1,2014-09-27,0530,Aqua,MODIS,77,6.2,318.9,18.2,D,0
-17.0742,127.3075,339,1.3,1.1,2014-09-27,0530,Aqua,MODIS,75,6.2,315.9,28.8,D,0
-17.4233,125.4233,330.9,1.1,1,2014-09-27,0530,Aqua,MODIS,45,6.2,315.7,9.1,D,0
-17.3588,125.4876,340.2,1.1,1,2014-09-27,0530,Aqua,MODIS,80,6.2,318.9,23.7,D,0
-17.3396,127.614,331.5,1.4,1.2,2014-09-27,0530,Aqua,MODIS,35,6.2,315.4,17.3,D,0
-16.6983,128.1967,334.8,1.5,1.2,2014-09-27,0530,Aqua,MODIS,53,6.2,318.7,20.3,D,0
-17.6146,123.3649,335.1,1,1,2014-09-27,0530,Aqua,MODIS,40,6.2,319.9,9.7,D,0
-17.6234,123.3623,348,1,1,2014-09-27,0530,Aqua,MODIS,87,6.2,323.3,28.4,D,0
-17.6221,123.3717,345.7,1,1,2014-09-27,0530,Aqua,MODIS,71,6.2,320.7,25.5,D,0
-16.6983,128.2024,346.8,1.5,1.2,2014-09-27,0530,Aqua,MODIS,89,6.2,319.1,58.3,D,0
-16.696,128.211,340.2,1.5,1.2,2014-09-27,0530,Aqua,MODIS,82,6.2,318.3,38.1,D,0
-17.6324,123.3637,340.9,1,1,2014-09-27,0530,Aqua,MODIS,62,6.2,322.6,17.5,D,0
-15.4985,130.099,328.2,2.2,1.4,2014-09-27,0530,Aqua,MODIS,40,6.2,314.5,24,D,0
-17.1265,127.3627,343.3,1.3,1.1,2014-09-27,0530,Aqua,MODIS,85,6.2,319.9,36.6,D,0
-17.1162,127.361,342.9,1.3,1.1,2014-09-27,0530,Aqua,MODIS,84,6.2,320,35.7,D,0
-18.7586,128.972,334.7,1.6,1.2,2014-09-27,0530,Aqua,MODIS,33,6.2,318.8,21.2,D,0
-17.151,127.2772,336.2,1.3,1.1,2014-09-27,0530,Aqua,MODIS,45,6.2,314.8,23.5,D,0
-17.1326,127.2611,339.5,1.3,1.1,2014-09-27,0530,Aqua,MODIS,45,6.2,314.1,30.4,D,0
-17.1204,127.2716,335.2,1.3,1.1,2014-09-27,0530,Aqua,MODIS,38,6.2,313.3,20,D,0
-17.0986,127.2862,343.2,1.3,1.1,2014-09-27,0530,Aqua,MODIS,84,6.2,313.2,40,D,0
-17.0864,127.2968,370.2,1.3,1.1,2014-09-27,0530,Aqua,MODIS,100,6.2,318,143.6,D,0
-17.2272,127.6333,330.8,1.4,1.2,2014-09-27,0530,Aqua,MODIS,48,6.2,316.1,12.6,D,0
-17.5184,123.3917,349,1,1,2014-09-27,0530,Aqua,MODIS,91,6.2,326.1,37.1,D,0
-17.517,123.4011,358.4,1,1,2014-09-27,0530,Aqua,MODIS,98,6.2,321.8,59,D,0
-15.7599,130.5479,344.9,2.4,1.5,2014-09-27,0530,Aqua,MODIS,88,6.2,309.8,121.9,D,0
-15.7733,130.5505,358.5,2.4,1.5,2014-09-27,0530,Aqua,MODIS,99,6.2,315.9,221.8,D,0
-17.0885,127.2842,342.5,1.3,1.1,2014-09-27,0530,Aqua,MODIS,84,6.2,315.7,38.2,D,0
-17.0762,127.2949,332.9,1.3,1.1,2014-09-27,0530,Aqua,MODIS,31,6.2,316.5,15.6,D,0
-17.5282,123.39,348.4,1,1,2014-09-27,0530,Aqua,MODIS,90,6.2,326.4,30.6,D,0
-17.5269,123.3994,351.4,1,1,2014-09-27,0530,Aqua,MODIS,93,6.2,323.1,38.9,D,0
-17.4665,127.4736,335.4,1.3,1.1,2014-09-27,0530,Aqua,MODIS,70,6.2,316.6,20.4,D,0
-18.7512,127.4513,332.7,1.3,1.1,2014-09-27,0530,Aqua,MODIS,61,6.2,316.9,12.6,D,0
-18.7387,127.4668,344,1.3,1.1,2014-09-27,0530,Aqua,MODIS,85,6.2,319.6,33.6,D,0
-18.7406,127.4548,344.8,1.3,1.1,2014-09-27,0530,Aqua,MODIS,86,6.2,319.9,36.5,D,0
-18.7286,127.465,336.8,1.3,1.1,2014-09-27,0530,Aqua,MODIS,63,6.2,320.6,16.6,D,0
-17.0624,132.7806,335.4,3.3,1.7,2014-09-27,0530,Aqua,MODIS,54,6.2,314.1,96.7,D,0
-17.0471,132.7773,347,3.3,1.7,2014-09-27,0530,Aqua,MODIS,91,6.2,311,212.7,D,0
-17.0531,132.7469,350.8,3.3,1.7,2014-09-27,0530,Aqua,MODIS,94,6.2,309.9,249.1,D,0
-17.0507,132.7703,357,3.3,1.7,2014-09-27,0530,Aqua,MODIS,98,6.2,312.2,345,D,0
-17.0591,132.7164,334.9,3.3,1.7,2014-09-27,0530,Aqua,MODIS,45,6.2,308,87.4,D,0
-17.0564,132.7398,344.7,3.3,1.7,2014-09-27,0530,Aqua,MODIS,70,6.2,309.8,190.8,D,0
-17.065,132.6863,345.5,3.2,1.7,2014-09-27,0530,Aqua,MODIS,77,6.2,306.1,204.9,D,0
-17.0679,132.6792,347.1,3.2,1.7,2014-09-27,0530,Aqua,MODIS,82,6.2,306.2,236.7,D,0
-16.6457,130.6689,336,2.3,1.5,2014-09-27,0530,Aqua,MODIS,71,6.2,318.9,49.4,D,0
-16.6286,130.6879,341.1,2.3,1.5,2014-09-27,0530,Aqua,MODIS,79,6.2,315.5,74,D,0
-16.6326,130.6658,347.7,2.3,1.5,2014-09-27,0530,Aqua,MODIS,91,6.2,319.4,116.8,D,0
-16.6195,130.6631,334.7,2.3,1.5,2014-09-27,0530,Aqua,MODIS,32,6.2,317,42.7,D,0
-16.6472,130.6873,341,2.3,1.5,2014-09-27,0530,Aqua,MODIS,84,6.2,318.3,75.5,D,0
-16.6341,130.6841,347.7,2.3,1.5,2014-09-27,0530,Aqua,MODIS,91,6.2,315.8,118.4,D,0
-16.6379,130.6622,340.4,2.3,1.5,2014-09-27,0530,Aqua,MODIS,73,6.2,319.4,73.3,D,0
-16.6248,130.6592,331.7,2.3,1.5,2014-09-27,0530,Aqua,MODIS,33,6.2,318.1,37.1,D,0
-16.5997,130.7235,330.5,2.4,1.5,2014-09-27,0530,Aqua,MODIS,46,6.2,318.6,32.4,D,0
-16.7502,130.8344,334.3,2.4,1.5,2014-09-27,0530,Aqua,MODIS,75,6.2,319,49.8,D,0
-16.667,130.8563,331.4,2.4,1.5,2014-09-27,0530,Aqua,MODIS,47,6.2,319.6,33.3,D,0
-16.6042,130.8207,332,2.4,1.5,2014-09-27,0530,Aqua,MODIS,57,6.2,320.4,34,D,0
-15.7961,130.5773,343.6,2.4,1.5,2014-09-27,0530,Aqua,MODIS,87,6.2,318,98.2,D,0
-15.7828,130.5747,343.4,2.4,1.5,2014-09-27,0530,Aqua,MODIS,80,6.2,313.8,100.3,D,0
-15.7694,130.5723,355.3,2.4,1.5,2014-09-27,0530,Aqua,MODIS,97,6.2,312.4,196.1,D,0
-18.0433,124.1617,333.1,1,1,2014-09-27,0530,Aqua,MODIS,41,6.2,319,9.1,D,0
-18.0446,124.1523,354.8,1,1,2014-09-27,0530,Aqua,MODIS,96,6.2,322.8,49.7,D,0
-18.6659,127.4042,340.2,1.3,1.1,2014-09-27,0530,Aqua,MODIS,39,6.2,321.4,20.5,D,0
-18.6584,127.3974,340.8,1.3,1.1,2014-09-27,0530,Aqua,MODIS,53,6.2,322.6,23.3,D,0
-18.6603,127.3854,340.8,1.3,1.1,2014-09-27,0530,Aqua,MODIS,61,6.2,321.7,23.6,D,0
-18.6622,127.3734,344.1,1.3,1.1,2014-09-27,0530,Aqua,MODIS,70,6.2,320.6,32.1,D,0
-18.4902,124.8829,335.2,1,1,2014-09-27,0530,Aqua,MODIS,53,6.2,319.3,9.5,D,0
-18.4916,124.8733,342.9,1,1,2014-09-27,0530,Aqua,MODIS,84,6.2,320.2,22.5,D,0
-12.6988,131.374,328.6,3.2,1.7,2014-09-27,0531,Aqua,MODIS,42,6.2,304.9,71,D,0
-12.6936,131.403,362.3,3.2,1.7,2014-09-27,0531,Aqua,MODIS,100,6.2,304.6,425.2,D,0
-12.7067,131.4131,331.6,3.2,1.7,2014-09-27,0531,Aqua,MODIS,65,6.2,306.7,84.9,D,0
-11.4978,132.8542,319.4,4.3,1.9,2014-09-27,0531,Aqua,MODIS,45,6.2,304.3,54.9,D,0
-12.3762,131.8273,327.5,3.5,1.8,2014-09-27,0531,Aqua,MODIS,71,6.2,303,82.4,D,0
-14.0953,132.5929,327.2,3.7,1.8,2014-09-27,0531,Aqua,MODIS,59,6.2,312.6,45.5,D,0
-14.105,132.5903,327.3,3.7,1.8,2014-09-27,0531,Aqua,MODIS,50,6.2,313.4,45.5,D,0
-13.8351,133.5591,323.5,4.4,1.9,2014-09-27,0531,Aqua,MODIS,20,6.2,306.7,65.5,D,0
-14.2326,134.0795,334.1,4.7,2,2014-09-27,0531,Aqua,MODIS,68,6.2,301.8,208.3,D,0
-14.2248,134.1145,326.6,4.7,2,2014-09-27,0531,Aqua,MODIS,18,6.2,303.8,113.3,D,0
-14.2332,134.071,328,4.7,2,2014-09-27,0531,Aqua,MODIS,43,6.2,301.7,135.2,D,0
-13.98,132.4616,334.4,3.6,1.8,2014-09-27,0531,Aqua,MODIS,62,6.2,310.2,112.4,D,0
-14.025,132.574,328.4,3.7,1.8,2014-09-27,0531,Aqua,MODIS,40,6.2,310.4,57.9,D,0
-12.3686,131.8309,324.6,3.5,1.8,2014-09-27,0531,Aqua,MODIS,54,6.2,302.8,62.5,D,0
-14.0313,132.5403,339.2,3.7,1.8,2014-09-27,0531,Aqua,MODIS,84,6.2,312.5,155.9,D,0
-14.0068,132.5282,352.9,3.7,1.8,2014-09-27,0531,Aqua,MODIS,95,6.2,309.5,330.8,D,0
-14.0228,132.5312,328.5,3.7,1.8,2014-09-27,0531,Aqua,MODIS,21,6.2,311.6,57.8,D,0
-12.8749,131.2429,330.7,3.1,1.7,2014-09-27,0531,Aqua,MODIS,40,6.2,305.9,68.8,D,0
-14.2416,134.127,339,4.7,2,2014-09-27,0531,Aqua,MODIS,82,6.2,306.2,260.9,D,0
-14.2501,134.0838,356.4,4.7,2,2014-09-27,0531,Aqua,MODIS,97,6.2,306.1,595.2,D,0
-14.2507,134.0754,350.2,4.7,2,2014-09-27,0531,Aqua,MODIS,93,6.2,305.5,462,D,0
-12.9047,131.2485,334.7,3.1,1.7,2014-09-27,0531,Aqua,MODIS,80,6.2,308.2,91.7,D,0
-14.2601,134.1227,333.8,4.7,2,2014-09-27,0531,Aqua,MODIS,66,6.2,308.7,179.4,D,0
-14.3385,134.1026,326.6,4.7,2,2014-09-27,0531,Aqua,MODIS,49,6.2,307.4,98.7,D,0
-14.2424,134.1189,346,4.7,2,2014-09-27,0531,Aqua,MODIS,90,6.2,306.1,378.7,D,0
-14.2771,134.1344,331.5,4.7,2,2014-09-27,0531,Aqua,MODIS,59,6.2,310.9,153.2,D,0
-12.8948,131.2179,333.8,3.1,1.7,2014-09-27,0531,Aqua,MODIS,51,6.2,307.9,84.1,D,0
-14.3358,134.1063,326.2,4.7,2,2014-09-27,0531,Aqua,MODIS,42,6.2,307.3,92.6,D,0
-14.2593,134.1307,329.5,4.7,2,2014-09-27,0531,Aqua,MODIS,51,6.2,309.1,130.4,D,0
-12.8898,131.2457,342.6,3.1,1.7,2014-09-27,0531,Aqua,MODIS,88,6.2,309,155.3,D,0
-15.6337,127.6712,396.8,1.5,1.2,2014-09-27,0531,Aqua,MODIS,100,6.2,325.1,365.9,D,0
-15.636,127.6575,384.6,1.5,1.2,2014-09-27,0531,Aqua,MODIS,100,6.2,324.5,254.4,D,0
-13.5927,130.3127,366.8,2.5,1.5,2014-09-27,0531,Aqua,MODIS,100,6.2,310.8,347.7,D,0
-13.5876,130.3068,368.9,2.5,1.5,2014-09-27,0531,Aqua,MODIS,100,6.2,307.8,374.4,D,0
-13.5791,130.3101,339.4,2.5,1.5,2014-09-27,0531,Aqua,MODIS,82,6.2,301.1,106.9,D,0
-15.7218,127.6911,338.4,1.5,1.2,2014-09-27,0531,Aqua,MODIS,80,6.2,319.1,29.2,D,0
-15.6207,127.6832,339.9,1.5,1.2,2014-09-27,0531,Aqua,MODIS,36,6.2,322.7,31.1,D,0
-15.6184,127.6971,341,1.5,1.2,2014-09-27,0531,Aqua,MODIS,63,6.2,319.3,35.9,D,0
-15.6553,127.675,337.2,1.5,1.2,2014-09-27,0531,Aqua,MODIS,49,6.2,318.6,24.7,D,0
-15.6467,127.6594,340,1.5,1.2,2014-09-27,0531,Aqua,MODIS,15,6.2,319,26.3,D,0
-13.6071,130.192,340.5,2.5,1.5,2014-09-27,0531,Aqua,MODIS,87,6.2,300.4,123.5,D,0
-13.613,130.1981,368.4,2.5,1.5,2014-09-27,0531,Aqua,MODIS,100,6.2,301.7,371.6,D,0
-13.6169,130.1757,335,2.5,1.5,2014-09-27,0531,Aqua,MODIS,69,6.2,302.1,89.6,D,0
-13.5968,130.2895,348,2.5,1.5,2014-09-27,0531,Aqua,MODIS,92,6.2,305.5,163.8,D,0
-12.9653,130.2259,327.9,2.6,1.5,2014-09-27,0531,Aqua,MODIS,66,6.2,301.2,56,D,0
-15.5704,127.6251,339,1.5,1.2,2014-09-27,0531,Aqua,MODIS,75,6.2,318.1,31.1,D,0
-12.9791,130.2284,338.3,2.6,1.5,2014-09-27,0531,Aqua,MODIS,84,6.2,301.6,113.2,D,0
-15.6894,127.6858,373.2,1.5,1.2,2014-09-27,0531,Aqua,MODIS,100,6.2,321,183.2,D,0
-13.5832,130.2869,333.4,2.5,1.5,2014-09-27,0531,Aqua,MODIS,67,6.2,299.9,72.8,D,0
-15.5789,127.6406,334.8,1.5,1.2,2014-09-27,0531,Aqua,MODIS,47,6.2,319.6,18,D,0
-15.5845,127.6343,337.8,1.5,1.2,2014-09-27,0531,Aqua,MODIS,64,6.2,320,23.4,D,0
-12.9612,130.2493,321.4,2.6,1.5,2014-09-27,0531,Aqua,MODIS,16,6.2,298.9,28.7,D,0
-12.975,130.2518,347.2,2.6,1.5,2014-09-27,0531,Aqua,MODIS,92,6.2,299.6,179.3,D,0
-15.6066,127.5682,333.7,1.5,1.2,2014-09-27,0531,Aqua,MODIS,56,6.2,318.5,19.6,D,0
-13.5915,130.2835,331.2,2.5,1.5,2014-09-27,0531,Aqua,MODIS,51,6.2,301.4,58.1,D,0
-11.4501,131.1725,326.6,3.2,1.7,2014-09-27,0532,Aqua,MODIS,43,6.2,304.2,58.8,D,0
-11.4349,131.1699,350,3.2,1.7,2014-09-27,0532,Aqua,MODIS,95,6.2,303.6,266.9,D,0
-11.4241,131.1633,328.8,3.2,1.7,2014-09-27,0532,Aqua,MODIS,82,6.2,300.5,94.5,D,0
-11.4604,131.114,330.7,3.2,1.7,2014-09-27,0532,Aqua,MODIS,81,6.2,305.6,82.4,D,0
-11.4301,131.1082,396.9,3.2,1.7,2014-09-27,0532,Aqua,MODIS,100,6.2,315.3,1215,D,0
-11.4654,131.0855,324.6,3.2,1.7,2014-09-27,0532,Aqua,MODIS,26,6.2,305.5,39.9,D,0
-11.4352,131.0797,335.9,3.2,1.7,2014-09-27,0532,Aqua,MODIS,49,6.2,304.8,134.6,D,0
-11.4341,131.1044,361.1,3.2,1.7,2014-09-27,0532,Aqua,MODIS,100,6.2,311.7,426,D,0
-11.4249,131.1374,363.7,3.2,1.7,2014-09-27,0532,Aqua,MODIS,100,6.2,305,462.3,D,0
-11.4292,131.1335,357.4,3.2,1.7,2014-09-27,0532,Aqua,MODIS,98,6.2,306.7,371.7,D,0
-11.414,131.1306,344.7,3.2,1.7,2014-09-27,0532,Aqua,MODIS,92,6.2,299,227.8,D,0
-11.4149,131.1055,348,3.2,1.7,2014-09-27,0532,Aqua,MODIS,94,6.2,300.1,266.3,D,0
-11.419,131.1016,380.3,3.2,1.7,2014-09-27,0532,Aqua,MODIS,100,6.2,305.9,790.7,D,0
-11.4239,131.073,321.8,3.2,1.7,2014-09-27,0532,Aqua,MODIS,49,6.2,301.7,59.8,D,0
-11.2311,132.3095,321.1,4,1.9,2014-09-27,0532,Aqua,MODIS,40,6.2,303.5,64.8,D,0
-37.6038,142.949,305.3,1.2,1.1,2014-09-27,1311,Terra,MODIS,64,6.2,286.3,10.7,N,0
-37.723,143.317,301.3,1.1,1.1,2014-09-27,1311,Terra,MODIS,40,6.2,285.4,7.8,N,0
-34.5415,145.8923,301.6,1,1,2014-09-27,1312,Terra,MODIS,43,6.2,283.6,7.4,N,0
-31.4215,148.8472,309.8,1.4,1.2,2014-09-27,1313,Terra,MODIS,78,6.2,281.9,20.8,N,0
-31.9957,146.7167,315.5,1.1,1,2014-09-27,1313,Terra,MODIS,91,6.2,283.9,19.6,N,0
-31.7314,146.6386,301.2,1.1,1,2014-09-27,1313,Terra,MODIS,38,6.2,283.6,8.4,N,0
-26.9523,150.7683,302.2,2.3,1.5,2014-09-27,1314,Terra,MODIS,47,6.2,285,25.1,N,0
-24.6348,148.0903,333.8,1.7,1.3,2014-09-27,1315,Terra,MODIS,100,6.2,288,75.9,N,0
-24.6494,148.0758,305.7,1.7,1.3,2014-09-27,1315,Terra,MODIS,44,6.2,285,17.1,N,0
-24.6463,148.0926,307.6,1.7,1.3,2014-09-27,1315,Terra,MODIS,57,6.2,285.8,19.6,N,0
-24.6116,148.086,310.8,1.7,1.3,2014-09-27,1315,Terra,MODIS,11,6.2,286.6,22.3,N,0
-16.9537,138.662,335.6,1.1,1.1,2014-09-27,1317,Terra,MODIS,100,6.2,296.7,42.3,N,0
-16.9443,138.6607,322.7,1.1,1.1,2014-09-27,1317,Terra,MODIS,100,6.2,293,23.5,N,0
-16.9457,138.6503,304.6,1.1,1.1,2014-09-27,1317,Terra,MODIS,39,6.2,291.8,6.6,N,0
-16.9348,138.6593,325.5,1.1,1.1,2014-09-27,1317,Terra,MODIS,100,6.2,293.5,27.2,N,0
-16.9362,138.6489,304.6,1.1,1.1,2014-09-27,1317,Terra,MODIS,40,6.2,291.5,6.7,N,0
-14.27,143.4362,314.1,1.3,1.1,2014-09-27,1317,Terra,MODIS,88,6.2,292.8,16.7,N,0
-17.005,138.6755,314.6,1.1,1.1,2014-09-27,1317,Terra,MODIS,90,6.2,294.6,14.4,N,0
-16.9956,138.6741,308.6,1.1,1.1,2014-09-27,1317,Terra,MODIS,61,6.2,294.4,9.1,N,0
-17.0245,138.5289,304,1.1,1.1,2014-09-27,1317,Terra,MODIS,51,6.2,292.8,6.5,N,0
-17.0259,138.5183,305.8,1.1,1.1,2014-09-27,1317,Terra,MODIS,66,6.2,293.6,7.8,N,0
-15.4817,145.0583,302.5,1.6,1.2,2014-09-27,1317,Terra,MODIS,49,6.2,290.9,9,N,0
-17.242,132.7481,308.7,2.8,1.6,2014-09-27,1317,Terra,MODIS,75,6.2,290,38.9,N,0
-17.2275,132.7465,311.9,2.8,1.6,2014-09-27,1317,Terra,MODIS,61,6.2,290.1,46.8,N,0
-17.2303,132.72,308.6,2.8,1.6,2014-09-27,1317,Terra,MODIS,30,6.2,290.3,36.8,N,0
-17.2158,132.7184,315.2,2.8,1.6,2014-09-27,1317,Terra,MODIS,23,6.2,290.8,56.5,N,0
-17.2013,132.7168,306.7,2.8,1.6,2014-09-27,1317,Terra,MODIS,21,6.2,289.9,31.7,N,0
-17.2254,132.7395,316.6,2.8,1.6,2014-09-27,1317,Terra,MODIS,48,6.2,290.4,61.5,N,0
-17.2138,132.7115,307.9,2.8,1.6,2014-09-27,1317,Terra,MODIS,33,6.2,290.4,35.8,N,0
-17.1993,132.7099,313.8,2.8,1.6,2014-09-27,1317,Terra,MODIS,81,6.2,290.1,56.1,N,0
-16.6049,136.8102,310.1,1.4,1.2,2014-09-27,1317,Terra,MODIS,78,6.2,293.6,13.7,N,0
-16.6065,136.7972,342.6,1.4,1.2,2014-09-27,1317,Terra,MODIS,100,6.2,296.4,75.7,N,0
-16.5944,136.8088,315.7,1.4,1.2,2014-09-27,1317,Terra,MODIS,92,6.2,294.2,20.2,N,0
-16.596,136.7958,316.5,1.4,1.2,2014-09-27,1317,Terra,MODIS,93,6.2,293.7,21.1,N,0
-16.5839,136.8073,320.6,1.4,1.2,2014-09-27,1317,Terra,MODIS,100,6.2,294.9,28.1,N,0
-16.5718,136.8188,352.6,1.4,1.2,2014-09-27,1317,Terra,MODIS,100,6.2,297.7,107.9,N,0
-16.5734,136.8059,350.6,1.4,1.2,2014-09-27,1317,Terra,MODIS,100,6.2,297,101.6,N,0
-16.0064,145.2965,304.3,1.6,1.2,2014-09-27,1317,Terra,MODIS,60,6.2,289.9,12.6,N,0
-16.6258,136.9493,305.6,1.4,1.2,2014-09-27,1317,Terra,MODIS,63,6.2,294.4,8.8,N,0
-16.5903,136.9259,305.2,1.4,1.2,2014-09-27,1317,Terra,MODIS,63,6.2,292.5,9.6,N,0
-16.0088,145.2818,309.6,1.6,1.2,2014-09-27,1317,Terra,MODIS,78,6.2,289.9,19.3,N,0
-16.5613,136.8174,320.7,1.4,1.2,2014-09-27,1317,Terra,MODIS,100,6.2,295.5,27.7,N,0
-16.6509,136.7425,312.8,1.4,1.2,2014-09-27,1317,Terra,MODIS,86,6.2,294.4,16.4,N,0
-16.6447,136.7495,312.1,1.4,1.2,2014-09-27,1317,Terra,MODIS,84,6.2,295.2,14.9,N,0
-16.6463,136.7363,306.2,1.4,1.2,2014-09-27,1317,Terra,MODIS,39,6.2,294.3,8.5,N,0
-16.575,136.793,302.6,1.4,1.2,2014-09-27,1317,Terra,MODIS,15,6.2,292.2,6.3,N,0
-16.6245,136.6531,311.2,1.4,1.2,2014-09-27,1317,Terra,MODIS,82,6.2,295.4,15.2,N,0
-14.9858,144.9186,308.8,1.6,1.2,2014-09-27,1317,Terra,MODIS,75,6.2,291.5,15.3,N,0
-16.5878,130.6245,319,4,1.9,2014-09-27,1317,Terra,MODIS,98,6.2,295.7,113.8,N,0
-16.5758,130.6288,314.9,4,1.9,2014-09-27,1317,Terra,MODIS,90,6.2,294.9,86.1,N,0
-17.752,131.0866,333.3,3.8,1.8,2014-09-27,1317,Terra,MODIS,100,6.2,293.4,234.2,N,0
-17.7486,131.1222,358.3,3.8,1.8,2014-09-27,1317,Terra,MODIS,100,6.2,295.9,568.1,N,0
-17.7623,131.0808,330.4,3.8,1.8,2014-09-27,1317,Terra,MODIS,100,6.2,293.2,204,N,0
-17.7651,131.1239,379.7,3.8,1.8,2014-09-27,1317,Terra,MODIS,100,6.2,299,1054,N,0
-17.6964,131.0741,303.1,3.8,1.8,2014-09-27,1317,Terra,MODIS,53,6.2,288.9,41.4,N,0
-17.7422,131.1149,345.9,3.8,1.8,2014-09-27,1317,Terra,MODIS,100,6.2,294.4,376.2,N,0
-17.7458,131.0793,307.8,3.8,1.8,2014-09-27,1317,Terra,MODIS,73,6.2,291.7,57.5,N,0
-17.7685,131.0881,354,3.8,1.8,2014-09-27,1317,Terra,MODIS,100,6.2,294.6,501.5,N,0
-17.7587,131.1165,386.9,3.8,1.8,2014-09-27,1317,Terra,MODIS,100,6.2,303,1269.9,N,0
-15.9471,145.0985,301.2,1.6,1.2,2014-09-27,1317,Terra,MODIS,39,6.2,290.3,8.3,N,0
-16.0291,144.4667,303,1.4,1.2,2014-09-27,1317,Terra,MODIS,53,6.2,291.4,7.6,N,0
-15.3011,145.2437,302,1.6,1.3,2014-09-27,1317,Terra,MODIS,46,6.2,291.6,9.3,N,0
-15.5697,136.8723,309.3,1.3,1.1,2014-09-27,1317,Terra,MODIS,77,6.2,296.1,12.6,N,0
-15.5594,136.8709,334.5,1.3,1.1,2014-09-27,1317,Terra,MODIS,100,6.2,298,51.4,N,0
-15.2246,145.0094,301.6,1.6,1.2,2014-09-27,1317,Terra,MODIS,43,6.2,290.8,8.1,N,0
-16.5926,130.6305,309,4,1.9,2014-09-27,1317,Terra,MODIS,76,6.2,295.6,53.8,N,0
-15.746,130.5502,305.9,3.9,1.8,2014-09-27,1318,Terra,MODIS,66,6.2,295,37.7,N,0
-14.2416,134.0553,322.4,2,1.4,2014-09-27,1318,Terra,MODIS,100,6.2,297.8,50.3,N,0
-14.2433,134.0612,319.8,2,1.4,2014-09-27,1318,Terra,MODIS,99,6.2,297.6,42.5,N,0
-13.1091,142.9412,316.1,1.2,1.1,2014-09-27,1318,Terra,MODIS,92,6.2,275.6,21.6,N,0
-14.2393,134.074,310.9,2,1.4,2014-09-27,1318,Terra,MODIS,30,6.2,296.8,20.8,N,0
-12.7918,132.8059,305.7,2.4,1.5,2014-09-27,1318,Terra,MODIS,64,6.2,294.6,19,N,0
-13.4593,142.0037,303.5,1.1,1.1,2014-09-27,1318,Terra,MODIS,23,6.2,293.1,4.6,N,0
-12.7444,135.6886,301.6,1.5,1.2,2014-09-27,1318,Terra,MODIS,42,6.2,290.9,7.3,N,0
-12.4234,141.9315,316,1.1,1.1,2014-09-27,1318,Terra,MODIS,92,6.2,280.7,17.9,N,0
-12.8664,134.9218,308.3,1.7,1.3,2014-09-27,1318,Terra,MODIS,74,6.2,294.4,15,N,0
-12.8644,134.9274,309.6,1.7,1.3,2014-09-27,1318,Terra,MODIS,78,6.2,294.6,18.2,N,0
-12.425,141.9212,305.8,1.1,1.1,2014-09-27,1318,Terra,MODIS,66,6.2,284.5,8.7,N,0
-12.8507,142.8923,301.3,1.3,1.1,2014-09-27,1318,Terra,MODIS,38,6.2,273.5,7.8,N,0
-13.3863,131.4519,307.4,3.1,1.7,2014-09-27,1318,Terra,MODIS,67,6.2,295.5,31.7,N,0
-13.3994,131.4603,315.5,3.1,1.7,2014-09-27,1318,Terra,MODIS,91,6.2,295.4,64.4,N,0
-13.3962,131.4892,305.3,3.1,1.7,2014-09-27,1318,Terra,MODIS,63,6.2,295.1,26.2,N,0
-13.4478,131.8372,315.1,2.9,1.6,2014-09-27,1318,Terra,MODIS,91,6.2,295.4,56.9,N,0
-13.4625,131.8386,353.3,2.9,1.6,2014-09-27,1318,Terra,MODIS,100,6.2,297.7,326.1,N,0
-13.4595,131.8652,326.6,2.9,1.6,2014-09-27,1318,Terra,MODIS,100,6.2,294.1,111.4,N,0
-14.21,134.1074,304.8,2,1.4,2014-09-27,1318,Terra,MODIS,19,6.2,294,11.3,N,0
-24.63,148.1051,306.2,3.8,1.8,2014-09-27,1446,Aqua,MODIS,67,6.2,285.9,63.4,N,0
-24.6258,148.1133,302.3,3.8,1.8,2014-09-27,1446,Aqua,MODIS,41,6.2,286.2,44.3,N,0
-24.5775,118.8567,304.7,1,1,2014-09-27,1454,Terra,MODIS,61,6.2,290.1,7.1,N,0
-17.1539,127.2216,304.2,4.7,2,2014-09-27,1455,Terra,MODIS,53,6.2,291.8,46.9,N,0
-17.1555,127.2166,303.1,4.7,2,2014-09-27,1455,Terra,MODIS,53,6.2,291.8,44.8,N,0
-17.3161,125.3906,305.5,3.4,1.7,2014-09-27,1455,Terra,MODIS,65,6.2,295.4,25.2,N,0
-17.4495,123.6324,304.6,2.5,1.5,2014-09-27,1455,Terra,MODIS,61,6.2,292.9,23.1,N,0
-20.4022,119.066,303.6,1.1,1.1,2014-09-27,1455,Terra,MODIS,56,6.2,292.7,6.6,N,0
-20.6731,120.3362,316.6,1.3,1.1,2014-09-27,1455,Terra,MODIS,94,6.2,296.4,18.1,N,0
-20.6628,120.2708,307.3,1.3,1.1,2014-09-27,1455,Terra,MODIS,71,6.2,295.8,8.1,N,0
-20.6589,120.2949,317.2,1.3,1.1,2014-09-27,1455,Terra,MODIS,95,6.2,297,18.1,N,0
-20.6771,120.3113,307.9,1.3,1.1,2014-09-27,1455,Terra,MODIS,16,6.2,296.7,7.1,N,0
-20.6751,120.3239,328.8,1.3,1.1,2014-09-27,1455,Terra,MODIS,100,6.2,297.4,36.1,N,0
-20.6726,120.3293,312.6,1.3,1.1,2014-09-27,1455,Terra,MODIS,23,6.2,296.5,11.8,N,0
-20.6868,120.3066,312,1.3,1.1,2014-09-27,1455,Terra,MODIS,48,6.2,296.2,11.6,N,0
-20.6827,120.3313,325.7,1.3,1.1,2014-09-27,1455,Terra,MODIS,100,6.2,296.8,30.3,N,0
-20.6807,120.3436,319.9,1.3,1.1,2014-09-27,1455,Terra,MODIS,99,6.2,296.7,22.2,N,0
-20.6648,120.2588,313.1,1.3,1.1,2014-09-27,1455,Terra,MODIS,86,6.2,295.7,14.2,N,0
-20.6747,120.317,319.3,1.3,1.1,2014-09-27,1455,Terra,MODIS,98,6.2,296.7,19.6,N,0
-20.6969,120.3086,308.6,1.3,1.1,2014-09-27,1455,Terra,MODIS,46,6.2,295.6,9.4,N,0
-20.6949,120.3209,340.5,1.3,1.1,2014-09-27,1455,Terra,MODIS,100,6.2,297.3,61.2,N,0
-20.6928,120.3332,336.4,1.3,1.1,2014-09-27,1455,Terra,MODIS,100,6.2,296.4,51.7,N,0
-13.9916,132.5484,311.2,1.4,1.2,2014-09-27,1622,Aqua,MODIS,12,6.2,292.5,13.6,N,0
-14.0041,132.5593,307.8,1.4,1.2,2014-09-27,1622,Aqua,MODIS,28,6.2,292.9,11,N,0
-14.0166,132.5703,306.1,1.4,1.2,2014-09-27,1622,Aqua,MODIS,7,6.2,293.4,9.4,N,0
-14.3337,132.8871,323.3,1.3,1.1,2014-09-27,1622,Aqua,MODIS,100,6.2,295,30.1,N,0
-14.3167,132.8967,322.9,1.3,1.1,2014-09-27,1622,Aqua,MODIS,100,6.2,294.2,29.9,N,0
-14.2378,134.0694,312.2,1.1,1.1,2014-09-27,1622,Aqua,MODIS,84,6.2,295.7,12.3,N,0
-13.9562,132.5077,305.2,1.4,1.2,2014-09-27,1622,Aqua,MODIS,39,6.2,292.4,9.5,N,0
-14.1043,132.6128,306.9,1.4,1.2,2014-09-27,1622,Aqua,MODIS,61,6.2,293.4,9.6,N,0
-14.3255,132.9006,316.2,1.3,1.1,2014-09-27,1622,Aqua,MODIS,93,6.2,294.3,19.8,N,0
-14.1126,132.5985,339.7,1.4,1.2,2014-09-27,1622,Aqua,MODIS,100,6.2,295.3,66.1,N,0
-14.1147,132.6109,343.2,1.4,1.2,2014-09-27,1622,Aqua,MODIS,100,6.2,298,75,N,0
-14.0622,132.5884,307,1.4,1.2,2014-09-27,1622,Aqua,MODIS,10,6.2,292.9,9.9,N,0
-13.4587,131.8528,306.3,1.6,1.2,2014-09-27,1622,Aqua,MODIS,63,6.2,295.2,11.3,N,0
-14.2362,134.059,309.2,1.1,1.1,2014-09-27,1622,Aqua,MODIS,61,6.2,295.3,10.2,N,0
-13.9637,133.8413,309.3,1.2,1.1,2014-09-27,1622,Aqua,MODIS,77,6.2,291.6,11.5,N,0
-14.1023,132.6003,304.8,1.4,1.2,2014-09-27,1622,Aqua,MODIS,33,6.2,292.5,8,N,0
-14.0518,132.5901,309.9,1.4,1.2,2014-09-27,1622,Aqua,MODIS,66,6.2,292.2,13.4,N,0
-14.3236,132.8887,321.5,1.3,1.1,2014-09-27,1622,Aqua,MODIS,100,6.2,294.5,27.1,N,0
-14.1541,132.5914,313,1.4,1.2,2014-09-27,1622,Aqua,MODIS,86,6.2,294.1,17.7,N,0
-14.1521,132.579,309.4,1.4,1.2,2014-09-27,1622,Aqua,MODIS,77,6.2,293.4,13.6,N,0
-13.9832,132.5423,306.9,1.4,1.2,2014-09-27,1622,Aqua,MODIS,19,6.2,291.6,10.7,N,0
-17.6396,138.5205,308.3,1.2,1.1,2014-09-27,1622,Aqua,MODIS,74,6.2,291.9,12.2,N,0
-17.6411,138.532,303.2,1.2,1.1,2014-09-27,1622,Aqua,MODIS,54,6.2,291.6,7.7,N,0
-17.6496,138.5191,333.3,1.2,1.1,2014-09-27,1622,Aqua,MODIS,100,6.2,292.2,45.1,N,0
-17.6511,138.5306,328.8,1.2,1.1,2014-09-27,1622,Aqua,MODIS,100,6.2,293.2,37.1,N,0
-16.5855,130.6387,307.1,1.7,1.3,2014-09-27,1622,Aqua,MODIS,70,6.2,295.4,14,N,0
-15.5635,136.882,335.6,1,1,2014-09-27,1622,Aqua,MODIS,100,6.2,296.4,37.4,N,0
-14.4257,134.1525,317.4,1.1,1.1,2014-09-27,1622,Aqua,MODIS,95,6.2,291.5,18.2,N,0
-14.3138,134.1205,306.1,1.1,1.1,2014-09-27,1622,Aqua,MODIS,39,6.2,295.1,6.1,N,0
-14.4273,134.1628,310.2,1.1,1.1,2014-09-27,1622,Aqua,MODIS,79,6.2,292,11.4,N,0
-14.9026,133.3612,302.8,1.2,1.1,2014-09-27,1622,Aqua,MODIS,52,6.2,292.1,7.1,N,0
-14.8579,134.9141,318.4,1,1,2014-09-27,1622,Aqua,MODIS,97,6.2,292.7,18.2,N,0
-14.8593,134.9236,307.7,1,1,2014-09-27,1622,Aqua,MODIS,72,6.2,290.6,9.3,N,0
-14.9009,133.3501,306,1.2,1.1,2014-09-27,1622,Aqua,MODIS,66,6.2,292.4,9.7,N,0
-14.4335,134.1407,317.8,1.1,1.1,2014-09-27,1622,Aqua,MODIS,96,6.2,290.7,19.1,N,0
-15.5703,136.8654,324.4,1,1,2014-09-27,1622,Aqua,MODIS,100,6.2,295.1,23.3,N,0
-14.3452,134.1083,312.3,1.1,1.1,2014-09-27,1622,Aqua,MODIS,76,6.2,291.4,12.6,N,0
-15.5621,136.8725,319.9,1,1,2014-09-27,1622,Aqua,MODIS,99,6.2,295.3,18.1,N,0
-15.6997,127.7061,308.1,2.9,1.6,2014-09-27,1622,Aqua,MODIS,73,6.2,297,30.2,N,0
-15.6976,127.7117,310.3,2.9,1.6,2014-09-27,1622,Aqua,MODIS,80,6.2,297.2,35.6,N,0
-17.1441,127.2312,308,2.9,1.6,2014-09-27,1623,Aqua,MODIS,73,6.2,290.9,36.2,N,0
-17.1057,127.2674,301.8,2.9,1.6,2014-09-27,1623,Aqua,MODIS,41,6.2,291.6,20.2,N,0
-17.1493,127.2582,309.9,2.9,1.6,2014-09-27,1623,Aqua,MODIS,79,6.2,292.6,41.7,N,0
-17.1638,127.2554,305,2.9,1.6,2014-09-27,1623,Aqua,MODIS,4,6.2,292.3,25.3,N,0
-17.5404,127.4542,305.9,2.8,1.6,2014-09-27,1623,Aqua,MODIS,66,6.2,292.9,27.1,N,0
-17.5367,127.46,302.3,2.8,1.6,2014-09-27,1623,Aqua,MODIS,9,6.2,292.1,15.5,N,0
-17.5321,127.4348,305.6,2.8,1.6,2014-09-27,1623,Aqua,MODIS,37,6.2,294,24.6,N,0
-17.1134,127.2426,301.5,2.9,1.6,2014-09-27,1623,Aqua,MODIS,29,6.2,290.7,19.8,N,0
-17.7522,131.1227,312,1.5,1.2,2014-09-27,1623,Aqua,MODIS,49,6.2,291.3,20.1,N,0
-17.7283,131.1128,307.7,1.5,1.2,2014-09-27,1623,Aqua,MODIS,72,6.2,290.1,15.8,N,0
-17.7307,131.1267,301.2,1.5,1.2,2014-09-27,1623,Aqua,MODIS,19,6.2,288.7,8.7,N,0
-17.7414,131.1247,324.7,1.5,1.2,2014-09-27,1623,Aqua,MODIS,100,6.2,290.8,41,N,0
-20.7261,139.4768,303,1.5,1.2,2014-09-27,1623,Aqua,MODIS,53,6.2,290.2,11.9,N,0
-15.9861,144.4177,325.9,3,1.7,2014-09-28,0009,Terra,MODIS,79,6.2,296.1,80.2,D,0
-14.9954,144.9378,312.3,2.9,1.6,2014-09-28,0009,Terra,MODIS,24,6.2,293.8,25.6,D,0
-14.9945,144.9442,314.5,2.9,1.6,2014-09-28,0009,Terra,MODIS,65,6.2,294.6,35.8,D,0
-15.9714,144.421,317.6,3,1.7,2014-09-28,0009,Terra,MODIS,62,6.2,295.4,42.9,D,0
-23.6121,149.2612,320,1.1,1,2014-09-28,0011,Terra,MODIS,56,6.2,302.8,9.1,D,0
-24.804,150.175,325.2,1,1,2014-09-28,0011,Terra,MODIS,75,6.2,307.5,9.7,D,0
-24.813,150.1734,327,1,1,2014-09-28,0011,Terra,MODIS,78,6.2,307.1,11.6,D,0
-23.9772,150.7989,321.6,1,1,2014-09-28,0011,Terra,MODIS,65,6.2,293.6,14.7,D,0
-23.2623,147.3848,316.3,1.4,1.2,2014-09-28,0011,Terra,MODIS,33,6.2,303.1,9,D,0
-25.2481,149.0096,320.9,1.1,1,2014-09-28,0011,Terra,MODIS,72,6.2,301.9,13,D,0
-23.6028,149.263,322.4,1.1,1,2014-09-28,0011,Terra,MODIS,70,6.2,302.4,12,D,0
-26.2873,152.3904,309.9,1.1,1,2014-09-28,0011,Terra,MODIS,0,6.2,295.8,9.4,D,0
-25.2405,149.0219,330.9,1.1,1,2014-09-28,0011,Terra,MODIS,79,6.2,303.3,23.3,D,0
-25.2388,149.0114,344.2,1.1,1,2014-09-28,0011,Terra,MODIS,92,6.2,304.3,47.7,D,0
-25.2338,149.0189,321.5,1.1,1,2014-09-28,0011,Terra,MODIS,20,6.2,304.1,12.1,D,0
-24.5855,148.1075,323.1,1.2,1.1,2014-09-28,0011,Terra,MODIS,72,6.2,301.4,17.9,D,0
-24.6128,148.0903,317.1,1.2,1.1,2014-09-28,0011,Terra,MODIS,30,6.2,301,9.7,D,0
-25.2456,149.0534,322.7,1.1,1,2014-09-28,0011,Terra,MODIS,58,6.2,303.9,13,D,0
-25.2498,149.0202,317.9,1.1,1,2014-09-28,0011,Terra,MODIS,66,6.2,300.7,9.1,D,0
-25.0467,152.0886,315.6,1,1,2014-09-28,0011,Terra,MODIS,41,6.2,301.8,11.1,D,0
-28.8735,153.4769,307,1.3,1.1,2014-09-28,0012,Terra,MODIS,44,6.2,295.1,6.2,D,0
-28.8751,153.4902,331,1.3,1.1,2014-09-28,0012,Terra,MODIS,86,6.2,296.8,39.1,D,0
-28.7704,150.0415,326.2,1,1,2014-09-28,0012,Terra,MODIS,77,6.2,303.4,16.7,D,0
-28.7794,150.0399,315.9,1,1,2014-09-28,0012,Terra,MODIS,56,6.2,303.6,7.2,D,0
-30.5076,147.6733,326.3,1.1,1,2014-09-28,0013,Terra,MODIS,77,6.2,302.2,17.6,D,0
-30.6652,150.1131,312.5,1,1,2014-09-28,0013,Terra,MODIS,41,6.2,301.2,3.8,D,0
-33.6868,151.0175,306.6,1.1,1.1,2014-09-28,0013,Terra,MODIS,58,6.2,295.3,5.1,D,0
-32.4604,149.748,315.1,1,1,2014-09-28,0013,Terra,MODIS,69,6.2,300.6,7.3,D,0
-31.4587,152.4533,308.7,1.2,1.1,2014-09-28,0013,Terra,MODIS,61,6.2,295.2,8,D,0
-31.9949,146.7195,317.2,1.1,1,2014-09-28,0013,Terra,MODIS,65,6.2,301.3,10.1,D,0
-30.5093,147.6844,330.1,1.1,1,2014-09-28,0013,Terra,MODIS,81,6.2,302.2,22.6,D,0
-33.8128,150.7996,309.5,1.1,1,2014-09-28,0014,Terra,MODIS,41,6.2,295.9,3.9,D,0
-34.4645,150.8857,324,1.1,1.1,2014-09-28,0014,Terra,MODIS,62,6.2,302.5,17.7,D,2
-33.844,150.8916,312.1,1.1,1,2014-09-28,0014,Terra,MODIS,29,6.2,298.6,6,D,0
-34.0281,150.6754,310.4,1.1,1,2014-09-28,0014,Terra,MODIS,69,6.2,298.1,6.3,D,0
-12.6741,136.3766,336.5,2.6,1.5,2014-09-28,0146,Terra,MODIS,82,6.2,307,107.9,D,0
-12.6712,136.3531,342.9,2.6,1.5,2014-09-28,0146,Terra,MODIS,88,6.2,304.2,149.4,D,0
-12.7124,135.6371,324.8,2.3,1.5,2014-09-28,0146,Terra,MODIS,39,6.2,307.4,26.7,D,0
-12.6793,136.3694,327.7,2.6,1.5,2014-09-28,0146,Terra,MODIS,68,6.2,305.8,60.7,D,0
-12.7963,132.8186,328,1.4,1.2,2014-09-28,0146,Terra,MODIS,48,6.2,314.4,14.2,D,0
-12.7153,135.6422,335.4,2.3,1.5,2014-09-28,0146,Terra,MODIS,80,6.2,308.1,71.8,D,0
-11.9942,135.6095,316.7,2.2,1.4,2014-09-28,0146,Terra,MODIS,49,6.2,302,17.2,D,0
-11.2346,132.3207,332.4,1.3,1.1,2014-09-28,0146,Terra,MODIS,40,6.2,313.5,18,D,0
-12.3563,134.7498,328.1,1.9,1.4,2014-09-28,0146,Terra,MODIS,66,6.2,309.9,29.2,D,0
-11.4129,132.5085,353.7,1.3,1.1,2014-09-28,0146,Terra,MODIS,96,6.2,314.1,79.2,D,0
-11.7537,130.1397,322.7,1,1,2014-09-28,0146,Terra,MODIS,19,6.2,305.5,8.3,D,0
-12.7255,135.6354,327.4,2.3,1.5,2014-09-28,0146,Terra,MODIS,41,6.2,307.2,33.5,D,0
-11.4196,131.153,337.7,1.1,1,2014-09-28,0146,Terra,MODIS,78,6.2,311.2,25.5,D,0
-11.4211,131.1631,344.2,1.1,1,2014-09-28,0146,Terra,MODIS,90,6.2,311.4,38.6,D,0
-11.4225,131.1731,339.8,1.1,1,2014-09-28,0146,Terra,MODIS,82,6.2,310.8,30,D,0
-12.8805,135.1964,347.8,2.1,1.4,2014-09-28,0146,Terra,MODIS,92,6.2,315.3,118.1,D,0
-12.7913,135.7349,326.5,2.3,1.5,2014-09-28,0146,Terra,MODIS,44,6.2,309.8,27.4,D,0
-12.8601,134.9302,335,2,1.4,2014-09-28,0146,Terra,MODIS,70,6.2,318.8,47.6,D,0
-12.9078,135.3125,327.9,2.2,1.4,2014-09-28,0146,Terra,MODIS,55,6.2,314.2,27.6,D,0
-12.8932,135.1948,333,2.1,1.4,2014-09-28,0146,Terra,MODIS,77,6.2,317.3,47.7,D,0
-12.8624,134.9488,339.1,2,1.4,2014-09-28,0146,Terra,MODIS,83,6.2,315,67.5,D,0
-12.7799,135.6653,337.8,2.3,1.5,2014-09-28,0146,Terra,MODIS,83,6.2,310.2,72.3,D,0
-12.7834,135.6717,327.7,2.3,1.5,2014-09-28,0146,Terra,MODIS,56,6.2,310.4,26,D,0
-12.7808,135.6506,352.9,2.3,1.5,2014-09-28,0146,Terra,MODIS,95,6.2,308.5,172,D,0
-11.4314,131.1004,331.9,1.1,1,2014-09-28,0146,Terra,MODIS,53,6.2,310.5,15,D,0
-12.7774,135.6442,347.2,2.3,1.5,2014-09-28,0146,Terra,MODIS,92,6.2,309.5,131.4,D,0
-11.5476,131.2727,332.2,1.1,1.1,2014-09-28,0146,Terra,MODIS,77,6.2,311.2,15.2,D,0
-12.0733,134.3929,325.6,1.8,1.3,2014-09-28,0146,Terra,MODIS,47,6.2,308.7,27.3,D,0
-11.414,131.113,332.4,1.1,1,2014-09-28,0146,Terra,MODIS,59,6.2,311.4,17.7,D,0
-11.4126,131.103,333.3,1.1,1,2014-09-28,0146,Terra,MODIS,70,6.2,310.7,20.2,D,0
-12.8522,135.2853,326.7,2.1,1.4,2014-09-28,0146,Terra,MODIS,51,6.2,311.7,26.6,D,0
-11.4239,131.1831,334.2,1.1,1,2014-09-28,0146,Terra,MODIS,67,6.2,310.4,20.6,D,0
-11.4333,131.1818,333.9,1.1,1,2014-09-28,0146,Terra,MODIS,53,6.2,312.9,17.8,D,0
-16.9092,138.5825,326.5,4.4,1.9,2014-09-28,0147,Terra,MODIS,58,6.2,310.5,81.6,D,0
-16.9104,138.5748,325.2,4.4,1.9,2014-09-28,0147,Terra,MODIS,48,6.2,310.8,70.3,D,0
-13.4674,135.1002,332.7,2.1,1.4,2014-09-28,0147,Terra,MODIS,76,6.2,315.9,38.1,D,0
-16.5814,136.5875,333.9,3.1,1.7,2014-09-28,0147,Terra,MODIS,57,6.2,314.5,88.6,D,0
-16.6673,136.6896,331.1,3.1,1.7,2014-09-28,0147,Terra,MODIS,48,6.2,314.9,70.5,D,0
-16.6704,136.7191,335.1,3.1,1.7,2014-09-28,0147,Terra,MODIS,76,6.2,316.6,96.4,D,0
-16.5559,136.6265,336,3.1,1.7,2014-09-28,0147,Terra,MODIS,60,6.2,316.2,92.7,D,0
-16.5544,136.6199,337,3.1,1.7,2014-09-28,0147,Terra,MODIS,49,6.2,315.1,95.4,D,0
-15.9845,130.6075,332.8,1.1,1.1,2014-09-28,0147,Terra,MODIS,45,6.2,320.6,13.1,D,0
-12.6538,131.3707,335.8,1.2,1.1,2014-09-28,0147,Terra,MODIS,78,6.2,311.6,23.9,D,0
-16.0178,130.4666,346.6,1.1,1.1,2014-09-28,0147,Terra,MODIS,90,6.2,320,43,D,0
-13.8188,133.5793,340.1,1.6,1.3,2014-09-28,0147,Terra,MODIS,84,6.2,317.2,53.2,D,0
-13.4002,131.4575,359.9,1.2,1.1,2014-09-28,0147,Terra,MODIS,99,6.2,313.3,87,D,0
-13.3987,131.4466,356.8,1.2,1.1,2014-09-28,0147,Terra,MODIS,98,6.2,312.3,76.9,D,0
-13.3934,131.4806,330.8,1.2,1.1,2014-09-28,0147,Terra,MODIS,65,6.2,312.3,15,D,0
-13.3919,131.4697,339.5,1.2,1.1,2014-09-28,0147,Terra,MODIS,82,6.2,314.6,31.3,D,0
-13.3904,131.4588,335.3,1.2,1.1,2014-09-28,0147,Terra,MODIS,67,6.2,315,21.9,D,0
-13.3807,131.4602,330.7,1.2,1.1,2014-09-28,0147,Terra,MODIS,61,6.2,313.5,13.3,D,0
-13.9459,132.471,333.8,1.4,1.2,2014-09-28,0147,Terra,MODIS,71,6.2,311.7,25.6,D,0
-13.9476,132.4838,337.1,1.4,1.2,2014-09-28,0147,Terra,MODIS,80,6.2,313.9,33.5,D,0
-13.9494,132.4966,335.1,1.4,1.2,2014-09-28,0147,Terra,MODIS,50,6.2,313.6,27.8,D,0
-14.1257,132.6058,335.5,1.4,1.2,2014-09-28,0147,Terra,MODIS,64,6.2,312.4,27.8,D,0
-13.9131,133.7808,329.8,1.7,1.3,2014-09-28,0147,Terra,MODIS,51,6.2,317.3,18.4,D,0
-13.9806,132.5257,332.5,1.4,1.2,2014-09-28,0147,Terra,MODIS,32,6.2,312.5,19.8,D,0
-14.1495,132.5833,328.4,1.4,1.2,2014-09-28,0147,Terra,MODIS,30,6.2,315,16.6,D,0
-13.5737,135.3297,337.9,2.2,1.4,2014-09-28,0147,Terra,MODIS,82,6.2,315.3,66.1,D,0
-13.5763,135.35,386.7,2.2,1.4,2014-09-28,0147,Terra,MODIS,100,6.2,317.7,530.3,D,0
-13.5743,135.3447,376.5,2.2,1.4,2014-09-28,0147,Terra,MODIS,100,6.2,318,392.3,D,0
-13.5767,135.3654,345.5,2.2,1.4,2014-09-28,0147,Terra,MODIS,90,6.2,313,119,D,0
-13.5979,135.3212,331.2,2.2,1.4,2014-09-28,0147,Terra,MODIS,48,6.2,314,40.8,D,0
-14.0525,132.582,335.7,1.4,1.2,2014-09-28,0147,Terra,MODIS,41,6.2,315.4,26.4,D,0
-14.0586,132.5879,338.4,1.4,1.2,2014-09-28,0147,Terra,MODIS,33,6.2,314.9,33,D,0
-13.9823,132.5387,339.7,1.4,1.2,2014-09-28,0147,Terra,MODIS,83,6.2,314.1,37.5,D,0
-13.9945,132.5502,340.1,1.4,1.2,2014-09-28,0147,Terra,MODIS,83,6.2,313.3,38.3,D,0
-14.0068,132.5617,351.7,1.4,1.2,2014-09-28,0147,Terra,MODIS,94,6.2,314.6,74.5,D,0
-13.4651,131.8595,361.8,1.3,1.1,2014-09-28,0147,Terra,MODIS,100,6.2,300.8,102.6,D,0
-13.4551,131.861,355.8,1.3,1.1,2014-09-28,0147,Terra,MODIS,97,6.2,311,81.8,D,0
-13.4667,131.8711,371.5,1.3,1.1,2014-09-28,0147,Terra,MODIS,100,6.2,304.3,146.1,D,0
-13.4567,131.8725,367.3,1.3,1.1,2014-09-28,0147,Terra,MODIS,100,6.2,310.3,125.9,D,0
-13.964,133.8333,335.4,1.7,1.3,2014-09-28,0147,Terra,MODIS,37,6.2,316.3,31.8,D,0
-13.966,133.8492,336,1.7,1.3,2014-09-28,0147,Terra,MODIS,44,6.2,316.3,35.3,D,0
-13.6166,135.2572,338.6,2.2,1.4,2014-09-28,0147,Terra,MODIS,83,6.2,314.3,72.8,D,0
-13.8189,133.5882,336.4,1.7,1.3,2014-09-28,0147,Terra,MODIS,71,6.2,316.2,37.8,D,0
-13.817,133.573,337.7,1.6,1.3,2014-09-28,0147,Terra,MODIS,76,6.2,317,42.8,D,0
-13.8075,133.5808,337.3,1.6,1.3,2014-09-28,0147,Terra,MODIS,81,6.2,315.9,44.4,D,0
-13.8055,133.5656,345,1.6,1.3,2014-09-28,0147,Terra,MODIS,89,6.2,315,71.5,D,0
-13.8322,133.6022,328.6,1.7,1.3,2014-09-28,0147,Terra,MODIS,35,6.2,314.3,16.9,D,0
-16.133,135.4861,333.6,2.5,1.5,2014-09-28,0147,Terra,MODIS,77,6.2,314.3,62,D,0
-16.1399,135.4907,340.1,2.5,1.5,2014-09-28,0147,Terra,MODIS,85,6.2,313.9,98.8,D,0
-14.222,134.0539,338.4,1.8,1.3,2014-09-28,0147,Terra,MODIS,80,6.2,315.1,59.8,D,0
-14.2317,134.036,399.7,1.8,1.3,2014-09-28,0147,Terra,MODIS,100,6.2,317.9,562.2,D,0
-13.909,133.7494,329.8,1.7,1.3,2014-09-28,0147,Terra,MODIS,61,6.2,314.6,23.1,D,0
-14.2338,134.0524,372.1,1.8,1.3,2014-09-28,0147,Terra,MODIS,100,6.2,318.1,252.2,D,0
-14.2258,134.0299,350.6,1.8,1.3,2014-09-28,0147,Terra,MODIS,83,6.2,307.6,111.9,D,0
-14.2278,134.0465,370.2,1.8,1.3,2014-09-28,0147,Terra,MODIS,100,6.2,317.8,234,D,0
-14.2377,134.0287,392.9,1.8,1.3,2014-09-28,0147,Terra,MODIS,100,6.2,315.9,467.8,D,0
-13.4835,131.8452,343.5,1.3,1.1,2014-09-28,0147,Terra,MODIS,87,6.2,306.1,48,D,0
-14.2206,134.1394,336.3,1.8,1.3,2014-09-28,0147,Terra,MODIS,56,6.2,310.9,48,D,0
-14.227,134.1904,338.3,1.9,1.3,2014-09-28,0147,Terra,MODIS,82,6.2,314.2,53.8,D,0
-14.3185,134.4948,331.6,2,1.4,2014-09-28,0147,Terra,MODIS,47,6.2,314.4,30.9,D,0
-14.3163,134.4767,347.5,2,1.4,2014-09-28,0147,Terra,MODIS,91,6.2,315.8,100,D,0
-14.2557,134.0775,342.9,1.8,1.3,2014-09-28,0147,Terra,MODIS,86,6.2,316.4,70.6,D,0
-14.4263,134.1823,346.1,1.9,1.3,2014-09-28,0147,Terra,MODIS,89,6.2,317,89,D,0
-14.4343,134.1466,331.9,1.9,1.3,2014-09-28,0147,Terra,MODIS,70,6.2,316.4,32.1,D,0
-14.4866,134.7126,330.7,2.1,1.4,2014-09-28,0147,Terra,MODIS,55,6.2,315.6,33.5,D,0
-14.3513,135.2023,343.6,2.2,1.4,2014-09-28,0147,Terra,MODIS,88,6.2,314.4,97.9,D,0
-15.732,136.2678,328.2,2.8,1.6,2014-09-28,0147,Terra,MODIS,59,6.2,313.8,49.6,D,0
-14.3828,135.1365,334.4,2.2,1.4,2014-09-28,0147,Terra,MODIS,50,6.2,312.3,51,D,0
-14.4243,134.1652,342.2,1.9,1.3,2014-09-28,0147,Terra,MODIS,86,6.2,319,68.6,D,0
-14.2721,134.2128,331,1.9,1.3,2014-09-28,0147,Terra,MODIS,65,6.2,314.7,26.4,D,0
-14.9006,135.1199,328.7,2.2,1.4,2014-09-28,0147,Terra,MODIS,23,6.2,313.4,33.5,D,0
-15.4455,136.0089,326.7,2.7,1.6,2014-09-28,0147,Terra,MODIS,31,6.2,313,34.6,D,0
-14.2934,134.0891,332.3,1.8,1.3,2014-09-28,0147,Terra,MODIS,52,6.2,310,37.3,D,0
-15.4596,136.0073,329.5,2.7,1.6,2014-09-28,0147,Terra,MODIS,53,6.2,316.5,48.2,D,0
-14.3096,134.1218,346.4,1.8,1.3,2014-09-28,0147,Terra,MODIS,90,6.2,314.8,84.5,D,0
-14.4314,134.1708,336.6,1.9,1.3,2014-09-28,0147,Terra,MODIS,79,6.2,317.2,47.5,D,0
-14.239,134.189,350.5,1.9,1.3,2014-09-28,0147,Terra,MODIS,93,6.2,315.6,107.8,D,0
-14.8938,134.9554,335.7,2.2,1.4,2014-09-28,0147,Terra,MODIS,60,6.2,315.3,56.3,D,0
-14.8632,134.9185,358.3,2.2,1.4,2014-09-28,0147,Terra,MODIS,99,6.2,317.4,192.5,D,0
-14.3075,134.1047,346.8,1.8,1.3,2014-09-28,0147,Terra,MODIS,84,6.2,315.1,87.2,D,0
-14.3358,135.1834,354.8,2.2,1.4,2014-09-28,0147,Terra,MODIS,96,6.2,313.6,178.5,D,0
-14.3854,135.1568,355.1,2.2,1.4,2014-09-28,0147,Terra,MODIS,97,6.2,315.7,173.6,D,0
-14.3995,134.2092,336.5,1.9,1.3,2014-09-28,0147,Terra,MODIS,79,6.2,315.5,49.9,D,0
-14.3152,134.0696,339,1.8,1.3,2014-09-28,0147,Terra,MODIS,42,6.2,312.8,59.2,D,0
-14.323,134.0801,349.8,1.8,1.3,2014-09-28,0147,Terra,MODIS,84,6.2,315.9,97.4,D,0
-14.872,135.1021,326.4,2.2,1.4,2014-09-28,0147,Terra,MODIS,27,6.2,311.6,22.5,D,0
-14.4215,134.1893,336.6,1.9,1.3,2014-09-28,0147,Terra,MODIS,63,6.2,315.5,46.3,D,0
-14.3538,135.223,336.5,2.2,1.4,2014-09-28,0147,Terra,MODIS,67,6.2,314.6,60.7,D,0
-14.3173,134.0865,353.5,1.8,1.3,2014-09-28,0147,Terra,MODIS,84,6.2,316.1,122.7,D,0
-14.3857,135.1707,336.7,2.2,1.4,2014-09-28,0147,Terra,MODIS,67,6.2,316.5,61.3,D,0
-14.2516,134.0439,333.3,1.8,1.3,2014-09-28,0147,Terra,MODIS,54,6.2,314.3,42.8,D,0
-14.2501,134.0849,349.4,1.8,1.3,2014-09-28,0147,Terra,MODIS,93,6.2,316.1,94,D,0
-14.5641,134.6019,330.2,2,1.4,2014-09-28,0147,Terra,MODIS,66,6.2,317.9,25.6,D,0
-14.2397,134.0453,385,1.8,1.3,2014-09-28,0147,Terra,MODIS,100,6.2,319.1,373.8,D,0
-14.8785,134.937,350.4,2.2,1.4,2014-09-28,0147,Terra,MODIS,93,6.2,318.2,136.4,D,0
-14.2955,134.1061,337.1,1.8,1.3,2014-09-28,0147,Terra,MODIS,73,6.2,312.6,50.8,D,0
-14.3334,135.163,384.8,2.2,1.4,2014-09-28,0147,Terra,MODIS,100,6.2,316.3,501,D,0
-12.8692,131.2899,340.3,1.2,1.1,2014-09-28,0147,Terra,MODIS,78,6.2,314,29.2,D,0
-14.3833,135.1502,349.3,2.2,1.4,2014-09-28,0147,Terra,MODIS,92,6.2,314.7,135.9,D,0
-14.2412,134.2059,339.8,1.9,1.3,2014-09-28,0147,Terra,MODIS,73,6.2,316.5,57.3,D,0
-14.2436,134.0346,391.2,1.8,1.3,2014-09-28,0147,Terra,MODIS,100,6.2,317.1,443.9,D,0
-12.6515,131.4251,331.8,1.2,1.1,2014-09-28,0147,Terra,MODIS,54,6.2,312,16.4,D,0
-14.5682,134.6146,332.7,2,1.4,2014-09-28,0147,Terra,MODIS,68,6.2,317.1,32,D,0
-14.4194,134.1723,346.2,1.9,1.3,2014-09-28,0147,Terra,MODIS,90,6.2,318.7,84.1,D,0
-12.6442,131.372,341.6,1.2,1.1,2014-09-28,0147,Terra,MODIS,85,6.2,310.4,35.2,D,0
-16.1356,135.5093,328.4,2.5,1.5,2014-09-28,0147,Terra,MODIS,67,6.2,314.8,38.2,D,0
-12.6612,131.4237,335,1.2,1.1,2014-09-28,0147,Terra,MODIS,63,6.2,310.8,21.6,D,0
-14.8656,134.9386,335.9,2.2,1.4,2014-09-28,0147,Terra,MODIS,73,6.2,313.5,58,D,0
-14.4363,134.1637,330,1.9,1.3,2014-09-28,0147,Terra,MODIS,61,6.2,317.1,26.8,D,0
-14.9189,133.3428,359.5,1.6,1.3,2014-09-28,0147,Terra,MODIS,99,6.2,312.3,139.1,D,0
-14.2457,134.0513,346.9,1.8,1.3,2014-09-28,0147,Terra,MODIS,80,6.2,314.8,86.7,D,0
-15.4497,136.003,327,2.7,1.6,2014-09-28,0147,Terra,MODIS,32,6.2,314.1,35.9,D,0
-14.8809,134.9571,343.6,2.2,1.4,2014-09-28,0147,Terra,MODIS,87,6.2,315,100.1,D,0
-15.4524,136.0278,330.7,2.7,1.6,2014-09-28,0147,Terra,MODIS,63,6.2,313.6,55.4,D,0
-14.5664,134.6205,330.7,2,1.4,2014-09-28,0147,Terra,MODIS,68,6.2,316.7,25.3,D,0
-14.3434,134.101,341.2,1.8,1.3,2014-09-28,0147,Terra,MODIS,45,6.2,317.6,55.3,D,0
-14.8796,134.9507,350,2.2,1.4,2014-09-28,0147,Terra,MODIS,93,6.2,316.5,133.3,D,0
-14.9076,133.3442,356.3,1.6,1.3,2014-09-28,0147,Terra,MODIS,97,6.2,317.7,122.4,D,0
-12.6457,131.3826,335.6,1.2,1.1,2014-09-28,0147,Terra,MODIS,76,6.2,312.9,22.7,D,0
-14.8773,134.9306,342.2,2.2,1.4,2014-09-28,0147,Terra,MODIS,86,6.2,318.1,80.4,D,0
-14.351,134.1115,331.7,1.8,1.3,2014-09-28,0147,Terra,MODIS,36,6.2,316.5,25.4,D,0
-14.0727,129.7654,327.9,1,1,2014-09-28,0147,Terra,MODIS,52,6.2,316,16.3,D,0
-13.5805,130.3166,356.7,1.1,1,2014-09-28,0147,Terra,MODIS,97,6.2,316.1,60.7,D,0
-15.7036,127.7042,332.8,1,1,2014-09-28,0147,Terra,MODIS,26,6.2,317,11.4,D,0
-15.6359,127.6823,352.3,1,1,2014-09-28,0147,Terra,MODIS,94,6.2,318.4,46.1,D,0
-15.6373,127.6917,347.4,1,1,2014-09-28,0147,Terra,MODIS,91,6.2,315.8,36.5,D,0
-15.7669,127.6971,334.5,1,1,2014-09-28,0147,Terra,MODIS,50,6.2,318.9,12.8,D,0
-15.6463,127.6903,341.9,1,1,2014-09-28,0147,Terra,MODIS,85,6.2,316.8,26.2,D,0
-15.6449,127.6809,366.5,1,1,2014-09-28,0147,Terra,MODIS,100,6.2,318.2,84.7,D,0
-15.7127,127.7028,335.3,1,1,2014-09-28,0147,Terra,MODIS,69,6.2,316.8,15.1,D,0
-15.4987,130.1017,329.1,1.1,1,2014-09-28,0147,Terra,MODIS,57,6.2,316.8,10.3,D,0
-15.5922,127.6987,349.7,1,1,2014-09-28,0147,Terra,MODIS,92,6.2,317.8,38.7,D,0
-13.5903,130.1861,338,1.1,1,2014-09-28,0147,Terra,MODIS,81,6.2,310.6,27.7,D,0
-15.5908,127.6894,336,1,1,2014-09-28,0147,Terra,MODIS,60,6.2,316.3,13.7,D,0
-15.9278,130.5505,331.1,1.1,1.1,2014-09-28,0147,Terra,MODIS,62,6.2,319.7,9,D,0
-13.5671,130.2886,334.1,1.1,1,2014-09-28,0147,Terra,MODIS,50,6.2,313.7,14.1,D,0
-13.5995,130.1847,342.8,1.1,1,2014-09-28,0147,Terra,MODIS,87,6.2,313.4,37.3,D,0
-13.6221,130.2112,339.1,1.1,1,2014-09-28,0147,Terra,MODIS,75,6.2,311.2,21.8,D,0
-15.4973,130.0916,335.2,1.1,1,2014-09-28,0147,Terra,MODIS,77,6.2,317.8,19.5,D,0
-15.7355,130.558,338,1.1,1.1,2014-09-28,0147,Terra,MODIS,76,6.2,318.1,24.7,D,0
-13.6087,130.1834,342.5,1.1,1,2014-09-28,0147,Terra,MODIS,86,6.2,309,35.5,D,0
-13.6101,130.1931,349,1.1,1,2014-09-28,0147,Terra,MODIS,91,6.2,311.7,46.1,D,0
-17.1389,127.2035,328.6,1,1,2014-09-28,0148,Terra,MODIS,22,6.2,313.7,9.2,D,0
-17.0626,127.3088,332.2,1,1,2014-09-28,0148,Terra,MODIS,72,6.2,314.7,12.6,D,0
-17.461,123.6235,331,1.5,1.2,2014-09-28,0148,Terra,MODIS,45,6.2,311.8,22.2,D,0
-17.4503,123.6255,328.9,1.5,1.2,2014-09-28,0148,Terra,MODIS,50,6.2,312.2,19.1,D,0
-17.3056,125.3651,342.9,1.2,1.1,2014-09-28,0148,Terra,MODIS,87,6.2,311.3,37.2,D,0
-17.3073,125.3758,381.2,1.2,1.1,2014-09-28,0148,Terra,MODIS,100,6.2,317,174.6,D,0
-17.309,125.3866,333.6,1.2,1.1,2014-09-28,0148,Terra,MODIS,49,6.2,313.7,18.3,D,0
-17.5115,123.3781,336.6,1.5,1.2,2014-09-28,0148,Terra,MODIS,72,6.2,312.2,33.8,D,0
-17.3348,127.6507,341.4,1,1,2014-09-28,0148,Terra,MODIS,85,6.2,314.9,29.1,D,0
-17.3335,127.6413,338.6,1,1,2014-09-28,0148,Terra,MODIS,81,6.2,314.9,23.8,D,0
-17.3321,127.632,364.6,1,1,2014-09-28,0148,Terra,MODIS,100,6.2,313.9,81.3,D,0
-17.3259,127.6521,328.7,1,1,2014-09-28,0148,Terra,MODIS,59,6.2,314.7,10.8,D,0
-17.3245,127.6427,335.3,1,1,2014-09-28,0148,Terra,MODIS,74,6.2,314.6,18.3,D,0
-17.3231,127.6334,358.8,1,1,2014-09-28,0148,Terra,MODIS,99,6.2,318,63.9,D,0
-17.3086,127.6609,339.4,1,1,2014-09-28,0148,Terra,MODIS,82,6.2,313.5,23.9,D,0
-17.2996,127.6623,347.3,1,1,2014-09-28,0148,Terra,MODIS,91,6.2,315.1,38.4,D,0
-17.2817,127.6652,347.9,1,1,2014-09-28,0148,Terra,MODIS,91,6.2,316.4,39.3,D,0
-17.5031,123.3943,334.4,1.5,1.2,2014-09-28,0148,Terra,MODIS,62,6.2,312.9,31.4,D,0
-17.5006,123.3801,350,1.5,1.2,2014-09-28,0148,Terra,MODIS,93,6.2,312.1,81.7,D,0
-17.2003,127.6748,327.1,1,1,2014-09-28,0148,Terra,MODIS,49,6.2,313.4,7.8,D,0
-18.5631,128.9555,336.6,1,1,2014-09-28,0148,Terra,MODIS,79,6.2,319.5,15.7,D,0
-18.5553,128.9668,339.8,1,1,2014-09-28,0148,Terra,MODIS,83,6.2,319.1,21.6,D,0
-18.5539,128.9569,344.7,1,1,2014-09-28,0148,Terra,MODIS,88,6.2,319.9,29.8,D,0
-18.7326,128.9881,333.5,1,1,2014-09-28,0148,Terra,MODIS,68,6.2,319.5,12.3,D,0
-17.0919,127.2595,340.3,1,1,2014-09-28,0148,Terra,MODIS,71,6.2,315.7,23.5,D,0
-17.1607,127.287,329.8,1,1,2014-09-28,0148,Terra,MODIS,66,6.2,315,9.5,D,0
-17.3169,125.3741,375.1,1.2,1.1,2014-09-28,0148,Terra,MODIS,100,6.2,315.8,143.1,D,0
-17.3186,125.3849,334.9,1.2,1.1,2014-09-28,0148,Terra,MODIS,24,6.2,314.3,18.5,D,0
-17.3203,125.3957,334.6,1.2,1.1,2014-09-28,0148,Terra,MODIS,38,6.2,314.1,18.5,D,0
-17.4946,123.4105,332.6,1.5,1.2,2014-09-28,0148,Terra,MODIS,62,6.2,310.6,28.6,D,0
-17.1855,127.209,355.6,1,1,2014-09-28,0148,Terra,MODIS,97,6.2,312.4,56.9,D,0
-17.1689,127.2213,330.6,1,1,2014-09-28,0148,Terra,MODIS,43,6.2,312.3,10.1,D,0
-17.1674,127.2119,334,1,1,2014-09-28,0148,Terra,MODIS,61,6.2,311.9,15.6,D,0
-17.166,127.2024,339.1,1,1,2014-09-28,0148,Terra,MODIS,62,6.2,313.2,23.5,D,0
-17.1646,127.1929,355.1,1,1,2014-09-28,0148,Terra,MODIS,96,6.2,315.9,58.5,D,0
-17.1631,127.1835,340.3,1,1,2014-09-28,0148,Terra,MODIS,84,6.2,312.8,28.6,D,0
-17.1479,127.2021,331.5,1,1,2014-09-28,0148,Terra,MODIS,37,6.2,314.8,12.5,D,0
-17.1465,127.1926,344.4,1,1,2014-09-28,0148,Terra,MODIS,88,6.2,314.2,33.9,D,0
-17.137,127.2522,330.3,1,1,2014-09-28,0148,Terra,MODIS,40,6.2,313.4,9,D,0
-17.1237,127.2253,352.5,1,1,2014-09-28,0148,Terra,MODIS,95,6.2,313.2,47.3,D,0
-17.1147,127.2268,346.1,1,1,2014-09-28,0148,Terra,MODIS,86,6.2,314.9,34.6,D,0
-17.4672,127.4889,335.3,1,1,2014-09-28,0148,Terra,MODIS,49,6.2,316.2,14.7,D,0
-17.4767,127.491,334.2,1,1,2014-09-28,0148,Terra,MODIS,62,6.2,315.3,13.8,D,0
-17.4857,127.4896,336.6,1,1,2014-09-28,0148,Terra,MODIS,71,6.2,316.2,17.8,D,0
-17.5459,127.4608,335.8,1,1,2014-09-28,0148,Terra,MODIS,77,6.2,316.3,18,D,0
-17.2325,127.6442,334.9,1,1,2014-09-28,0148,Terra,MODIS,75,6.2,315.7,16.2,D,0
-17.6352,123.3639,333.7,1.5,1.2,2014-09-28,0148,Terra,MODIS,75,6.2,314.5,25.4,D,0
-17.6461,123.3619,334.3,1.5,1.2,2014-09-28,0148,Terra,MODIS,73,6.2,311.7,26.7,D,0
-17.6365,123.3569,336.1,1.5,1.2,2014-09-28,0148,Terra,MODIS,78,6.2,313.9,31.3,D,0
-17.4759,125.4006,343.7,1.2,1.1,2014-09-28,0148,Terra,MODIS,88,6.2,313.6,38.4,D,0
-17.064,127.3182,327.4,1,1,2014-09-28,0148,Terra,MODIS,42,6.2,314.6,6.4,D,0
-17.1525,132.6701,334,1.6,1.2,2014-09-28,0148,Terra,MODIS,73,6.2,315.2,35.2,D,0
-17.0093,132.7096,329.2,1.6,1.2,2014-09-28,0148,Terra,MODIS,54,6.2,314.6,19.2,D,0
-17.0075,132.6948,336.8,1.6,1.2,2014-09-28,0148,Terra,MODIS,81,6.2,317.7,38.6,D,0
-17.0913,132.6331,329.7,1.6,1.2,2014-09-28,0148,Terra,MODIS,68,6.2,315.6,23,D,0
-17.1951,132.643,363.5,1.6,1.2,2014-09-28,0148,Terra,MODIS,100,6.2,311.9,163.8,D,0
-17.1969,132.6578,363.7,1.6,1.2,2014-09-28,0148,Terra,MODIS,100,6.2,315.5,158.8,D,0
-17.1987,132.6726,344.4,1.6,1.2,2014-09-28,0148,Terra,MODIS,87,6.2,317.5,67.3,D,0
-17.2062,132.6416,436.8,1.6,1.2,2014-09-28,0148,Terra,MODIS,100,6.2,328.7,1059.8,D,0
-17.2081,132.6563,382,1.6,1.2,2014-09-28,0148,Terra,MODIS,100,6.2,320.2,278.4,D,0
-17.2174,132.6401,356.9,1.6,1.2,2014-09-28,0148,Terra,MODIS,89,6.2,305.9,119.3,D,0
-17.2192,132.6549,354.5,1.6,1.2,2014-09-28,0148,Terra,MODIS,73,6.2,309.7,89.8,D,0
-17.2286,132.6387,413.2,1.6,1.2,2014-09-28,0148,Terra,MODIS,100,6.2,319.9,628.6,D,0
-17.2304,132.6535,370.1,1.6,1.2,2014-09-28,0148,Terra,MODIS,100,6.2,316.4,181.1,D,0
-17.2397,132.6373,396.4,1.6,1.2,2014-09-28,0148,Terra,MODIS,100,6.2,317.1,409.8,D,0
-16.5937,130.6535,336,1.2,1.1,2014-09-28,0148,Terra,MODIS,40,6.2,317.5,21.5,D,0
-16.6064,130.6741,334,1.2,1.1,2014-09-28,0148,Terra,MODIS,27,6.2,318,17.3,D,0
-16.6176,130.6836,336.4,1.2,1.1,2014-09-28,0148,Terra,MODIS,75,6.2,316.6,22.2,D,0
-16.6418,130.6968,328.4,1.2,1.1,2014-09-28,0148,Terra,MODIS,36,6.2,316.7,8.5,D,0
-17.411,130.7432,338.9,1.2,1.1,2014-09-28,0148,Terra,MODIS,83,6.2,318.4,32.5,D,0
-17.4125,130.7546,327.6,1.2,1.1,2014-09-28,0148,Terra,MODIS,52,6.2,316,10.6,D,0
-16.6515,130.6954,335.2,1.2,1.1,2014-09-28,0148,Terra,MODIS,77,6.2,317.3,20.5,D,0
-17.2044,132.6268,363.3,1.6,1.2,2014-09-28,0148,Terra,MODIS,100,6.2,308.2,164.2,D,0
-17.2267,132.6239,367.4,1.6,1.2,2014-09-28,0148,Terra,MODIS,100,6.2,308.2,187.3,D,0
-17.2379,132.6225,402.4,1.6,1.2,2014-09-28,0148,Terra,MODIS,100,6.2,313,492,D,0
-17.2491,132.6153,336,1.6,1.2,2014-09-28,0148,Terra,MODIS,52,6.2,308.9,29,D,0
-17.2584,132.5991,339.7,1.6,1.2,2014-09-28,0148,Terra,MODIS,32,6.2,309.7,52.4,D,0
-17.2696,132.5977,341.5,1.6,1.2,2014-09-28,0148,Terra,MODIS,62,6.2,308.8,61.7,D,0
-17.5997,138.4586,324.1,4.4,1.9,2014-09-28,0148,Terra,MODIS,46,6.2,312,50.1,D,0
-17.5984,138.4655,326.5,4.4,1.9,2014-09-28,0148,Terra,MODIS,64,6.2,312.3,73.3,D,0
-18.6912,127.4855,330.2,1,1,2014-09-28,0148,Terra,MODIS,23,6.2,317,7.6,D,0
-18.7092,127.4826,331.6,1,1,2014-09-28,0148,Terra,MODIS,67,6.2,316.3,9.5,D,0
-17.2434,132.5769,356,1.6,1.2,2014-09-28,0148,Terra,MODIS,97,6.2,305.7,125.4,D,0
-17.2453,132.5916,389,1.6,1.2,2014-09-28,0148,Terra,MODIS,100,6.2,312,350.2,D,0
-17.2471,132.6063,361.6,1.6,1.2,2014-09-28,0148,Terra,MODIS,100,6.2,310.2,143.8,D,0
-17.2545,132.5755,417.4,1.6,1.2,2014-09-28,0148,Terra,MODIS,100,6.2,317.9,700.5,D,0
-17.2564,132.5902,380.7,1.6,1.2,2014-09-28,0148,Terra,MODIS,100,6.2,314.3,276.3,D,0
-17.2456,132.5858,379,1.6,1.2,2014-09-28,0148,Terra,MODIS,100,6.2,311.8,265.6,D,0
-17.2473,132.6005,365.1,1.6,1.2,2014-09-28,0148,Terra,MODIS,100,6.2,311,158.1,D,0
-17.2549,132.5697,390.4,1.6,1.2,2014-09-28,0148,Terra,MODIS,100,6.2,310.1,366.5,D,0
-17.2567,132.5844,407.9,1.6,1.2,2014-09-28,0148,Terra,MODIS,100,6.2,318.9,565.5,D,0
-17.266,132.5682,378,1.6,1.2,2014-09-28,0148,Terra,MODIS,100,6.2,306.6,260,D,0
-17.2678,132.5829,398.4,1.6,1.2,2014-09-28,0148,Terra,MODIS,100,6.2,314.5,451.7,D,0
-18.0104,124.1508,362.1,1.3,1.1,2014-09-28,0148,Terra,MODIS,100,6.2,312.8,114.2,D,0
-18.0125,124.1632,328.3,1.3,1.1,2014-09-28,0148,Terra,MODIS,38,6.2,312.7,14.3,D,0
-18.0207,124.1491,369.6,1.3,1.1,2014-09-28,0148,Terra,MODIS,100,6.2,313.9,147.4,D,0
-18.0227,124.1615,339,1.3,1.1,2014-09-28,0148,Terra,MODIS,82,6.2,314.4,35.6,D,0
-18.0309,124.1473,328.4,1.3,1.1,2014-09-28,0148,Terra,MODIS,33,6.2,310.5,14.1,D,0
-18.033,124.1596,327.8,1.3,1.1,2014-09-28,0148,Terra,MODIS,33,6.2,313,12.1,D,0
-16.5811,130.6328,333.2,1.2,1.1,2014-09-28,0148,Terra,MODIS,49,6.2,317.2,18.7,D,0
-19.4395,133.3394,328.7,1.9,1.3,2014-09-28,0148,Terra,MODIS,49,6.2,318.3,22.2,D,0
-16.5781,130.6109,341.2,1.2,1.1,2014-09-28,0148,Terra,MODIS,85,6.2,316.4,35.7,D,0
-16.5796,130.6219,332.7,1.2,1.1,2014-09-28,0148,Terra,MODIS,59,6.2,317.7,18.3,D,0
-18.4771,124.8682,336.1,1.2,1.1,2014-09-28,0148,Terra,MODIS,77,6.2,315.9,20.8,D,0
-19.3706,133.2088,329.6,1.9,1.3,2014-09-28,0148,Terra,MODIS,40,6.2,315.9,23.8,D,0
-17.7048,131.117,342.9,1.3,1.1,2014-09-28,0148,Terra,MODIS,70,6.2,319.6,36.5,D,0
-17.6845,132.0779,346.5,1.5,1.2,2014-09-28,0148,Terra,MODIS,91,6.2,315.3,66.6,D,0
-17.703,131.1106,338.1,1.3,1.1,2014-09-28,0148,Terra,MODIS,53,6.2,320,25.2,D,0
-19.2314,133.2141,332.2,1.9,1.3,2014-09-28,0148,Terra,MODIS,45,6.2,317.6,26.6,D,0
-19.2105,133.1879,399.8,1.8,1.3,2014-09-28,0148,Terra,MODIS,100,6.2,323.8,569.1,D,0
-19.2085,133.1705,372.8,1.8,1.3,2014-09-28,0148,Terra,MODIS,100,6.2,319.8,263.3,D,0
-19.2064,133.1531,360.7,1.8,1.3,2014-09-28,0148,Terra,MODIS,100,6.2,315,170.4,D,0
-19.1945,133.1546,343.7,1.8,1.3,2014-09-28,0148,Terra,MODIS,88,6.2,311.9,81.3,D,0
-17.6654,132.2141,334.8,1.5,1.2,2014-09-28,0148,Terra,MODIS,68,6.2,316.2,30.1,D,0
-19.1965,133.1719,349.3,1.8,1.3,2014-09-28,0148,Terra,MODIS,93,6.2,314,108.7,D,0
-17.6754,132.0932,332.4,1.5,1.2,2014-09-28,0148,Terra,MODIS,61,6.2,315.8,25.7,D,0
-17.6464,132.1252,335.3,1.5,1.2,2014-09-28,0148,Terra,MODIS,58,6.2,316.9,29.4,D,0
-17.6827,132.064,384.5,1.5,1.2,2014-09-28,0148,Terra,MODIS,100,6.2,315.7,272.9,D,0
-17.6947,131.1183,362.5,1.3,1.1,2014-09-28,0148,Terra,MODIS,100,6.2,323.1,100.8,D,0
-19.2126,133.2053,389.6,1.9,1.3,2014-09-28,0148,Terra,MODIS,100,6.2,322.2,436.2,D,0
-17.681,132.0503,342,1.5,1.2,2014-09-28,0148,Terra,MODIS,87,6.2,309.4,54.5,D,0
-17.6163,131.7061,338.6,1.4,1.2,2014-09-28,0148,Terra,MODIS,84,6.2,318.6,33.9,D,0
-17.672,132.0655,347.8,1.5,1.2,2014-09-28,0148,Terra,MODIS,92,6.2,317.1,69,D,0
-17.6146,131.6932,342.6,1.4,1.2,2014-09-28,0148,Terra,MODIS,88,6.2,319.7,43.9,D,0
-17.6931,131.1063,355.5,1.3,1.1,2014-09-28,0148,Terra,MODIS,97,6.2,321,73.4,D,0
-17.6438,132.1318,336.5,1.5,1.2,2014-09-28,0148,Terra,MODIS,74,6.2,316.7,31.9,D,0
-19.2246,133.2039,347.1,1.9,1.3,2014-09-28,0148,Terra,MODIS,91,6.2,318.4,88.4,D,0
-17.6737,132.0793,360.9,1.5,1.2,2014-09-28,0148,Terra,MODIS,100,6.2,319,123.9,D,0
-19.2266,133.2214,331.1,1.9,1.3,2014-09-28,0148,Terra,MODIS,47,6.2,316.6,26.6,D,0
-19.2735,133.2627,340,1.9,1.3,2014-09-28,0148,Terra,MODIS,82,6.2,318.7,62.4,D,0
-18.7681,128.9726,332,1,1,2014-09-28,0148,Terra,MODIS,37,6.2,318.7,10.9,D,0
-17.175,127.201,339.6,1,1,2014-09-28,0148,Terra,MODIS,56,6.2,311.6,24.3,D,0
-17.1736,127.1915,357.5,1,1,2014-09-28,0148,Terra,MODIS,98,6.2,311.6,65.5,D,0
-18.8071,128.9303,332.8,1,1,2014-09-28,0148,Terra,MODIS,58,6.2,316.4,13.1,D,0
-17.1765,127.2104,349.1,1,1,2014-09-28,0148,Terra,MODIS,92,6.2,313.7,41.3,D,0
-18.8801,128.6628,336.8,1,1,2014-09-28,0148,Terra,MODIS,79,6.2,319.6,20.2,D,0
-17.1722,127.182,343.5,1,1,2014-09-28,0148,Terra,MODIS,87,6.2,310.3,35.2,D,0
-18.7772,128.9712,339.3,1,1,2014-09-28,0148,Terra,MODIS,73,6.2,318,22.4,D,0
-16.1818,127.8841,330.6,1,1,2014-09-28,0148,Terra,MODIS,51,6.2,315,12.6,D,0
-16.1921,127.892,337.6,1,1,2014-09-28,0148,Terra,MODIS,60,6.2,315.4,19.7,D,0
-16.1935,127.9013,338.7,1,1,2014-09-28,0148,Terra,MODIS,52,6.2,314,20.7,D,0
-16.208,127.937,332.3,1,1,2014-09-28,0148,Terra,MODIS,27,6.2,316.5,9.6,D,0
-17.6655,123.3952,333.2,1.5,1.2,2014-09-28,0148,Terra,MODIS,73,6.2,313.8,25.1,D,0
-17.2036,127.2061,344.9,1,1,2014-09-28,0148,Terra,MODIS,89,6.2,310.1,39.1,D,0
-16.2073,127.8706,336.6,1,1,2014-09-28,0148,Terra,MODIS,78,6.2,314.1,19.7,D,0
-16.2329,127.8571,329,1,1,2014-09-28,0148,Terra,MODIS,50,6.2,315.4,10.6,D,0
-17.1841,127.1995,346.2,1,1,2014-09-28,0148,Terra,MODIS,74,6.2,308.5,37.1,D,0
-20.4043,119.0587,323.9,2.7,1.6,2014-09-28,0149,Terra,MODIS,51,6.2,309,26,D,0
-20.6592,127.2255,342.4,1,1,2014-09-28,0149,Terra,MODIS,85,6.2,317.1,27.3,D,0
-20.698,127.2387,329.3,1,1,2014-09-28,0149,Terra,MODIS,57,6.2,315,8.3,D,0
-20.68,127.2416,370.8,1,1,2014-09-28,0149,Terra,MODIS,100,6.2,317.9,97.8,D,0
-20.6966,127.2292,330.6,1,1,2014-09-28,0149,Terra,MODIS,63,6.2,314.1,9.7,D,0
-20.6394,127.2156,331.1,1,1,2014-09-28,0149,Terra,MODIS,43,6.2,317.1,9.1,D,0
-20.6606,127.235,340.9,1,1,2014-09-28,0149,Terra,MODIS,83,6.2,315.7,25,D,0
-20.6696,127.2336,338.9,1,1,2014-09-28,0149,Terra,MODIS,81,6.2,315.6,21.7,D,0
-20.6304,127.2171,330.3,1,1,2014-09-28,0149,Terra,MODIS,37,6.2,316.4,9,D,0
-20.6786,127.2321,350.4,1,1,2014-09-28,0149,Terra,MODIS,93,6.2,316.4,41.6,D,0
-20.6993,120.3171,331.7,2.2,1.4,2014-09-28,0149,Terra,MODIS,75,6.2,310.4,46.1,D,0
-20.6404,120.2871,338.7,2.2,1.4,2014-09-28,0149,Terra,MODIS,84,6.2,305.8,86.5,D,0
-20.6443,120.308,338.4,2.2,1.4,2014-09-28,0149,Terra,MODIS,84,6.2,307.4,82.9,D,0
-20.6533,120.2848,338,2.2,1.4,2014-09-28,0149,Terra,MODIS,83,6.2,307.4,77.4,D,0
-20.6621,120.2603,361.5,2.2,1.4,2014-09-28,0149,Terra,MODIS,100,6.2,311.7,234.8,D,0
-20.6572,120.3054,343.7,2.2,1.4,2014-09-28,0149,Terra,MODIS,89,6.2,307.4,105.7,D,0
-20.6493,120.2632,345.6,2.2,1.4,2014-09-28,0149,Terra,MODIS,90,6.2,307.2,120.3,D,0
-20.6976,120.3115,328.2,2.2,1.4,2014-09-28,0149,Terra,MODIS,59,6.2,310.5,31.6,D,0
-20.7016,120.3322,324.9,2.2,1.4,2014-09-28,0149,Terra,MODIS,47,6.2,310.1,20.7,D,0
-24.4055,128.6626,336.9,1.1,1.1,2014-09-28,0150,Terra,MODIS,81,6.2,314.2,26.1,D,0
-33.8087,122.5201,300.7,1,1,2014-09-28,0153,Terra,MODIS,34,6.2,289.8,3,D,0
-41.9467,147.6424,310.2,1.2,1.1,2014-09-28,0428,Aqua,MODIS,31,6.2,280.8,15,D,0
-37.501,141.2984,310.8,1,1,2014-09-28,0429,Aqua,MODIS,66,6.2,281.6,10.3,D,0
-38.3732,146.886,309.3,1.2,1.1,2014-09-28,0429,Aqua,MODIS,64,6.2,289.2,10.8,D,0
-36.2861,145.5072,319.3,1.2,1.1,2014-09-28,0429,Aqua,MODIS,76,6.2,297.6,16.9,D,0
-35.4354,145.4796,370,1.2,1.1,2014-09-28,0429,Aqua,MODIS,100,6.2,304.5,143.2,D,0
-35.4864,145.7188,310.7,1.2,1.1,2014-09-28,0429,Aqua,MODIS,56,6.2,300.5,5.7,D,0
-35.4376,145.4666,315.6,1.2,1.1,2014-09-28,0429,Aqua,MODIS,67,6.2,299.9,10.9,D,0
-35.4841,145.7322,320.8,1.2,1.1,2014-09-28,0429,Aqua,MODIS,75,6.2,300.8,17.5,D,0
-37.5917,147.2136,311.4,1.3,1.1,2014-09-28,0429,Aqua,MODIS,71,6.2,294.1,13.7,D,0
-37.9164,144.1858,332.7,1,1,2014-09-28,0429,Aqua,MODIS,88,6.2,303.1,26.9,D,0
-37.9091,144.1719,335.2,1,1,2014-09-28,0429,Aqua,MODIS,89,6.2,304,30.9,D,0
-37.9182,144.1742,358.9,1,1,2014-09-28,0429,Aqua,MODIS,99,6.2,307.3,79.9,D,0
-32.0064,146.7172,319.6,1.6,1.2,2014-09-28,0430,Aqua,MODIS,64,6.2,305.9,17.3,D,0
-32.9391,147.3044,316.6,1.6,1.3,2014-09-28,0430,Aqua,MODIS,49,6.2,305.9,11.7,D,0
-29.3568,146.3002,320.1,1.7,1.3,2014-09-28,0431,Aqua,MODIS,18,6.2,308,11.7,D,0
-30.5188,147.6766,323.4,2,1.4,2014-09-28,0431,Aqua,MODIS,72,6.2,306,30.3,D,0
-29.3862,146.2714,322.8,1.7,1.3,2014-09-28,0431,Aqua,MODIS,58,6.2,308.4,18.9,D,0
-29.3614,146.2958,323,1.7,1.3,2014-09-28,0431,Aqua,MODIS,59,6.2,307.9,19.8,D,0
-26.5268,148.4926,324.6,2.8,1.6,2014-09-28,0432,Aqua,MODIS,68,6.2,312.6,37.5,D,0
-26.5254,148.4875,324.7,2.8,1.6,2014-09-28,0432,Aqua,MODIS,68,6.2,312.8,37.7,D,0
-24.705,148.3356,317.8,3,1.6,2014-09-28,0432,Aqua,MODIS,38,6.2,303.2,38.1,D,0
-24.699,148.3653,319.7,3,1.6,2014-09-28,0432,Aqua,MODIS,52,6.2,305.2,44.3,D,0
-24.6974,148.3696,316.8,3,1.6,2014-09-28,0432,Aqua,MODIS,16,6.2,305.2,31.4,D,0
-24.7036,148.3402,321.1,3,1.6,2014-09-28,0432,Aqua,MODIS,62,6.2,303.4,53.9,D,0
-25.3179,150.5285,323.5,4.1,1.9,2014-09-28,0432,Aqua,MODIS,70,6.2,292.8,122.9,D,0
-25.3202,150.5336,320,4.1,1.9,2014-09-28,0432,Aqua,MODIS,57,6.2,293.5,94.3,D,0
-23.4189,149.712,328.5,3.9,1.8,2014-09-28,0432,Aqua,MODIS,68,6.2,293.4,159.3,D,0
-24.3031,149.7003,327.9,3.8,1.8,2014-09-28,0432,Aqua,MODIS,77,6.2,297.6,122.6,D,0
-24.3122,149.695,318.7,3.8,1.8,2014-09-28,0432,Aqua,MODIS,52,6.2,297.8,59.7,D,0
-24.2962,149.6905,321.1,3.8,1.8,2014-09-28,0432,Aqua,MODIS,66,6.2,298.2,74.3,D,0
-25.2395,149.0281,316.6,3.2,1.7,2014-09-28,0432,Aqua,MODIS,42,6.2,299.2,49.3,D,0
-20.9188,147.8514,321.8,3.3,1.7,2014-09-28,0433,Aqua,MODIS,46,6.2,307.5,32.1,D,0
-23.2128,147.3418,320.2,2.7,1.6,2014-09-28,0433,Aqua,MODIS,45,6.2,305.8,33.9,D,0
-23.2107,147.3367,319.8,2.7,1.6,2014-09-28,0433,Aqua,MODIS,31,6.2,305.8,34.6,D,0
-23.3664,147.7898,318.1,2.9,1.6,2014-09-28,0433,Aqua,MODIS,32,6.2,302.7,32.7,D,0
-24.5737,128.6013,383.2,4.1,1.9,2014-09-28,0433,Aqua,MODIS,100,6.2,313.3,1156.6,D,0
-24.5766,128.5602,332.9,4.1,1.9,2014-09-28,0433,Aqua,MODIS,74,6.2,313.7,116.5,D,0
-24.5566,128.5997,379.7,4.1,1.9,2014-09-28,0433,Aqua,MODIS,100,6.2,318.6,1027.3,D,0
-24.5595,128.5587,353.2,4.1,1.9,2014-09-28,0433,Aqua,MODIS,95,6.2,317,389.1,D,0
-24.5701,128.5941,390.9,4.1,1.9,2014-09-28,0433,Aqua,MODIS,100,6.2,315.8,1431.1,D,0
-24.553,128.5926,376.2,4.1,1.9,2014-09-28,0433,Aqua,MODIS,100,6.2,319,928.3,D,0
-24.5562,128.5515,344.3,4.1,1.9,2014-09-28,0433,Aqua,MODIS,89,6.2,316.7,250.3,D,0
-23.2638,147.3808,328.8,2.7,1.6,2014-09-28,0433,Aqua,MODIS,74,6.2,304.2,78.7,D,0
-24.567,128.6348,337.8,4.1,1.9,2014-09-28,0433,Aqua,MODIS,82,6.2,312.4,168.2,D,0
-22.7779,145.8726,326.1,2.2,1.4,2014-09-28,0433,Aqua,MODIS,49,6.2,308,30.4,D,0
-22.6794,145.8383,328.5,2.2,1.4,2014-09-28,0433,Aqua,MODIS,67,6.2,311,39,D,0
-22.751,145.8835,326.8,2.2,1.4,2014-09-28,0433,Aqua,MODIS,48,6.2,306.9,32,D,0
-22.6824,145.8246,324.6,2.2,1.4,2014-09-28,0433,Aqua,MODIS,16,6.2,308.4,22.7,D,0
-19.2026,133.1545,348.2,1.6,1.3,2014-09-28,0434,Aqua,MODIS,91,6.2,319.9,77.2,D,0
-19.2066,133.2178,332.3,1.6,1.2,2014-09-28,0434,Aqua,MODIS,33,6.2,314.4,25,D,0
-19.2085,133.2024,333,1.6,1.3,2014-09-28,0434,Aqua,MODIS,33,6.2,317.5,25.2,D,0
-19.2044,133.139,334.9,1.6,1.3,2014-09-28,0434,Aqua,MODIS,72,6.2,316.5,31.3,D,0
-19.2511,133.2301,338.4,1.6,1.2,2014-09-28,0434,Aqua,MODIS,58,6.2,319.8,30.9,D,0
-19.2274,133.236,337.1,1.6,1.2,2014-09-28,0434,Aqua,MODIS,18,6.2,315.4,33.6,D,0
-19.2499,133.2389,359.1,1.6,1.2,2014-09-28,0434,Aqua,MODIS,99,6.2,320,122.1,D,0
-19.248,133.2542,338.4,1.6,1.2,2014-09-28,0434,Aqua,MODIS,61,6.2,316.7,37.6,D,0
-19.379,133.2056,338,1.6,1.3,2014-09-28,0434,Aqua,MODIS,77,6.2,320.1,36.8,D,0
-19.2612,133.2403,340.5,1.6,1.2,2014-09-28,0434,Aqua,MODIS,54,6.2,324,40.9,D,0
-19.2593,133.2556,368.6,1.6,1.2,2014-09-28,0434,Aqua,MODIS,100,6.2,323,178.4,D,0
-19.1668,133.1759,327.9,1.6,1.3,2014-09-28,0434,Aqua,MODIS,25,6.2,312.7,21,D,0
-19.1649,133.1913,351.7,1.6,1.3,2014-09-28,0434,Aqua,MODIS,94,6.2,313.6,103.2,D,0
-19.1838,133.1309,377.4,1.6,1.3,2014-09-28,0434,Aqua,MODIS,100,6.2,320.8,257.8,D,0
-19.2494,133.2455,360,1.6,1.2,2014-09-28,0434,Aqua,MODIS,100,6.2,318.7,125.9,D,0
-19.2606,133.2469,370.1,1.6,1.2,2014-09-28,0434,Aqua,MODIS,100,6.2,325.6,182.8,D,0
-19.1819,133.1464,347.9,1.6,1.3,2014-09-28,0434,Aqua,MODIS,91,6.2,316,80.9,D,0
-19.1762,133.1928,331,1.6,1.3,2014-09-28,0434,Aqua,MODIS,49,6.2,316.2,28.1,D,0
-19.1651,133.1811,336.7,1.6,1.3,2014-09-28,0434,Aqua,MODIS,66,6.2,312.5,42.2,D,0
-19.1633,133.1965,328.2,1.6,1.3,2014-09-28,0434,Aqua,MODIS,29,6.2,312.6,21.1,D,0
-19.1835,133.1204,349.2,1.6,1.3,2014-09-28,0434,Aqua,MODIS,92,6.2,314.6,87.4,D,0
-19.1817,133.136,389.5,1.6,1.3,2014-09-28,0434,Aqua,MODIS,100,6.2,320.7,365.4,D,0
-19.2589,133.2623,357.5,1.6,1.2,2014-09-28,0434,Aqua,MODIS,98,6.2,319.5,111.5,D,0
-19.2719,133.2484,339.3,1.6,1.2,2014-09-28,0434,Aqua,MODIS,50,6.2,324.2,34.7,D,0
-19.2701,133.2637,350.6,1.6,1.2,2014-09-28,0434,Aqua,MODIS,93,6.2,320.6,80.5,D,0
-19.1764,133.1825,338.2,1.6,1.3,2014-09-28,0434,Aqua,MODIS,55,6.2,315.7,43,D,0
-19.1746,133.198,340.6,1.6,1.3,2014-09-28,0434,Aqua,MODIS,78,6.2,315.2,53.5,D,0
-19.2179,133.2193,372.1,1.6,1.2,2014-09-28,0434,Aqua,MODIS,100,6.2,319.3,207.2,D,0
-19.2292,133.2207,347.4,1.6,1.2,2014-09-28,0434,Aqua,MODIS,81,6.2,320.1,68.9,D,0
-18.8777,128.6457,344.9,3.5,1.8,2014-09-28,0434,Aqua,MODIS,89,6.2,316.5,201.4,D,0
-18.8745,128.679,339.8,3.5,1.8,2014-09-28,0434,Aqua,MODIS,83,6.2,314.3,145.6,D,0
-18.803,128.933,333,3.3,1.7,2014-09-28,0434,Aqua,MODIS,69,6.2,317.7,80.2,D,0
-17.8737,137.8168,335.8,1,1,2014-09-28,0434,Aqua,MODIS,71,6.2,322.2,11.9,D,0
-18.0726,138.6702,349.4,1,1,2014-09-28,0434,Aqua,MODIS,92,6.2,317.7,43,D,0
-18.074,138.6606,346,1,1,2014-09-28,0434,Aqua,MODIS,88,6.2,316.4,36.5,D,0
-18.0621,138.6783,340.4,1,1,2014-09-28,0434,Aqua,MODIS,82,6.2,317.9,23.9,D,0
-18.0635,138.6687,370.9,1,1,2014-09-28,0434,Aqua,MODIS,100,6.2,320.9,101.8,D,0
-18.0649,138.6591,339.2,1,1,2014-09-28,0434,Aqua,MODIS,80,6.2,315.2,23.2,D,0
-17.7167,138.4609,348.4,1,1,2014-09-28,0434,Aqua,MODIS,86,6.2,323.6,32.2,D,0
-16.2905,136.9942,335.3,1,1,2014-09-28,0435,Aqua,MODIS,70,6.2,324.2,10.6,D,0
-13.4491,142.0017,324.4,1.7,1.3,2014-09-28,0435,Aqua,MODIS,40,6.2,301.3,24,D,0
-16.9837,138.8672,332.7,1,1,2014-09-28,0435,Aqua,MODIS,35,6.2,317,11.8,D,0
-16.8621,138.5098,331.8,1,1,2014-09-28,0435,Aqua,MODIS,65,6.2,316.7,12.1,D,0
-15.0519,134.9064,338,1.1,1.1,2014-09-28,0435,Aqua,MODIS,69,6.2,322.4,18.8,D,0
-16.9593,138.5419,334.2,1,1,2014-09-28,0435,Aqua,MODIS,40,6.2,319,9.8,D,0
-16.9607,138.5324,335.9,1,1,2014-09-28,0435,Aqua,MODIS,59,6.2,316.6,12.9,D,0
-16.9502,138.5405,357.2,1,1,2014-09-28,0435,Aqua,MODIS,98,6.2,319.4,56,D,0
-16.9516,138.5309,335.3,1,1,2014-09-28,0435,Aqua,MODIS,17,6.2,318.3,11.5,D,0
-16.9068,138.5823,332.2,1,1,2014-09-28,0435,Aqua,MODIS,35,6.2,318.2,10,D,0
-16.902,138.5522,331.5,1,1,2014-09-28,0435,Aqua,MODIS,27,6.2,318,8.5,D,0
-17.0247,138.8441,360,1,1,2014-09-28,0435,Aqua,MODIS,100,6.2,316.8,70.5,D,0
-17.0261,138.8344,379.5,1,1,2014-09-28,0435,Aqua,MODIS,100,6.2,320.6,139.4,D,0
-17.0275,138.8247,353,1,1,2014-09-28,0435,Aqua,MODIS,94,6.2,316.4,52.4,D,0
-17.0155,138.8426,333.3,1,1,2014-09-28,0435,Aqua,MODIS,65,6.2,317.3,15.4,D,0
-17.017,138.8329,332.2,1,1,2014-09-28,0435,Aqua,MODIS,61,6.2,317,14.3,D,0
-15.1894,134.4026,339.6,1.2,1.1,2014-09-28,0435,Aqua,MODIS,45,6.2,323.7,19.1,D,0
-16.9761,138.6681,337,1,1,2014-09-28,0435,Aqua,MODIS,66,6.2,317.3,16.4,D,0
-14.2718,143.4309,318.8,2.1,1.4,2014-09-28,0435,Aqua,MODIS,29,6.2,296,26,D,0
-17.038,138.5018,336.8,1,1,2014-09-28,0435,Aqua,MODIS,75,6.2,319.2,13.7,D,0
-16.916,138.9601,336.7,1,1,2014-09-28,0435,Aqua,MODIS,57,6.2,315.4,20.2,D,0
-17.6422,138.5267,337.5,1,1,2014-09-28,0435,Aqua,MODIS,51,6.2,322,14,D,0
-17.2913,132.7415,343.7,1.6,1.3,2014-09-28,0435,Aqua,MODIS,84,6.2,314.9,60.2,D,0
-17.2799,132.7401,336.8,1.6,1.3,2014-09-28,0435,Aqua,MODIS,55,6.2,315.6,35.8,D,0
-17.2451,132.5454,346.5,1.7,1.3,2014-09-28,0435,Aqua,MODIS,90,6.2,311.6,84.5,D,0
-17.2317,132.5597,365.8,1.7,1.3,2014-09-28,0435,Aqua,MODIS,100,6.2,314.9,182.9,D,0
-17.2336,132.5439,387.8,1.7,1.3,2014-09-28,0435,Aqua,MODIS,100,6.2,316.1,370.7,D,0
-17.2485,132.5405,330.4,1.7,1.3,2014-09-28,0435,Aqua,MODIS,56,6.2,310.3,28.2,D,0
-17.235,132.5549,382.4,1.7,1.3,2014-09-28,0435,Aqua,MODIS,100,6.2,316.2,314.9,D,0
-17.237,132.539,373.2,1.7,1.3,2014-09-28,0435,Aqua,MODIS,100,6.2,314.9,240.7,D,0
-17.0301,132.6436,335.6,1.6,1.3,2014-09-28,0435,Aqua,MODIS,76,6.2,316.1,40.5,D,0
-17.2208,132.654,334.7,1.7,1.3,2014-09-28,0435,Aqua,MODIS,64,6.2,315.7,26.3,D,0
-17.2216,132.6646,332.2,1.7,1.3,2014-09-28,0435,Aqua,MODIS,55,6.2,316.2,18.4,D,0
-17.1969,132.6771,351.3,1.6,1.3,2014-09-28,0435,Aqua,MODIS,94,6.2,318.3,89.9,D,0
-17.1988,132.6617,350.6,1.7,1.3,2014-09-28,0435,Aqua,MODIS,92,6.2,317.4,90.1,D,0
-17.2007,132.6461,369.7,1.7,1.3,2014-09-28,0435,Aqua,MODIS,100,6.2,316.6,201.3,D,0
-17.1855,132.6757,335.4,1.6,1.3,2014-09-28,0435,Aqua,MODIS,56,6.2,313.1,33.7,D,0
-17.1874,132.6602,357.8,1.7,1.3,2014-09-28,0435,Aqua,MODIS,98,6.2,313.2,132,D,0
-16.5665,136.5919,358,1,1,2014-09-28,0435,Aqua,MODIS,98,6.2,317.6,58.9,D,0
-16.5575,136.5906,355.8,1,1,2014-09-28,0435,Aqua,MODIS,97,6.2,315.3,54.4,D,0
-16.5588,136.5811,387.5,1,1,2014-09-28,0435,Aqua,MODIS,100,6.2,322.1,170.2,D,0
-16.5601,136.5715,346.2,1,1,2014-09-28,0435,Aqua,MODIS,80,6.2,316.4,34.8,D,0
-16.551,136.5701,332.4,1,1,2014-09-28,0435,Aqua,MODIS,36,6.2,313.6,14.1,D,0
-17.2025,132.6305,362.4,1.7,1.3,2014-09-28,0435,Aqua,MODIS,100,6.2,315,155.5,D,0
-17.2044,132.6149,369.9,1.7,1.3,2014-09-28,0435,Aqua,MODIS,100,6.2,315.7,208,D,0
-16.6302,136.5983,332.4,1,1,2014-09-28,0435,Aqua,MODIS,52,6.2,319.8,11.2,D,0
-16.5951,136.5866,342,1,1,2014-09-28,0435,Aqua,MODIS,82,6.2,318.2,25.5,D,0
-16.4673,136.6488,339.5,1,1,2014-09-28,0435,Aqua,MODIS,26,6.2,320.5,17.2,D,0
-17.6534,138.4507,332.4,1,1,2014-09-28,0435,Aqua,MODIS,30,6.2,320.9,6.8,D,0
-17.6035,138.4747,339.4,1,1,2014-09-28,0435,Aqua,MODIS,65,6.2,320.3,16.8,D,0
-17.6049,138.4652,335.5,1,1,2014-09-28,0435,Aqua,MODIS,30,6.2,319,12,D,0
-17.5959,138.4637,344.7,1,1,2014-09-28,0435,Aqua,MODIS,75,6.2,320.9,27.9,D,0
-17.5869,138.4623,344.9,1,1,2014-09-28,0435,Aqua,MODIS,60,6.2,318.3,28.1,D,0
-17.2281,132.5914,341.6,1.7,1.3,2014-09-28,0435,Aqua,MODIS,85,6.2,312.9,56.6,D,0
-17.2299,132.5756,350.6,1.7,1.3,2014-09-28,0435,Aqua,MODIS,93,6.2,314,95.3,D,0
-17.2312,132.5865,337.4,1.7,1.3,2014-09-28,0435,Aqua,MODIS,79,6.2,312.7,43.2,D,0
-17.2331,132.5707,335.4,1.7,1.3,2014-09-28,0435,Aqua,MODIS,66,6.2,312.5,38.7,D,0
-17.2197,132.5851,348,1.7,1.3,2014-09-28,0435,Aqua,MODIS,91,6.2,312.1,88.3,D,0
-17.2216,132.5693,361.7,1.7,1.3,2014-09-28,0435,Aqua,MODIS,100,6.2,312,161.4,D,0
-17.2063,132.5992,393.5,1.7,1.3,2014-09-28,0435,Aqua,MODIS,100,6.2,317.8,426.8,D,0
-17.2082,132.5836,337.6,1.7,1.3,2014-09-28,0435,Aqua,MODIS,70,6.2,310.7,51.9,D,0
-16.534,136.6259,343.9,1,1,2014-09-28,0435,Aqua,MODIS,73,6.2,319.2,26.1,D,0
-16.6533,136.699,333.3,1,1,2014-09-28,0435,Aqua,MODIS,62,6.2,322,8.6,D,0
-16.6311,136.7923,340.1,1,1,2014-09-28,0435,Aqua,MODIS,80,6.2,321.8,19.9,D,0
-16.625,136.6365,356.4,1,1,2014-09-28,0435,Aqua,MODIS,97,6.2,319.8,54.9,D,0
-15.1596,134.3929,351.3,1.2,1.1,2014-09-28,0435,Aqua,MODIS,93,6.2,320.8,53.2,D,0
-15.0204,134.9977,330.8,1.1,1.1,2014-09-28,0435,Aqua,MODIS,48,6.2,316.7,10.5,D,0
-15.0109,134.9964,332.1,1.1,1.1,2014-09-28,0435,Aqua,MODIS,52,6.2,316.8,11.8,D,0
-15.0354,134.9574,347.7,1.1,1.1,2014-09-28,0435,Aqua,MODIS,90,6.2,315.1,43.6,D,0
-15.0217,134.9874,339.7,1.1,1.1,2014-09-28,0435,Aqua,MODIS,80,6.2,318.2,25.8,D,0
-15.0245,134.9665,337.6,1.1,1.1,2014-09-28,0435,Aqua,MODIS,77,6.2,315.6,21.2,D,0
-15.0231,134.9769,376.9,1.1,1.1,2014-09-28,0435,Aqua,MODIS,100,6.2,321.3,141.3,D,0
-14.9999,144.9358,320.7,2.7,1.6,2014-09-28,0435,Aqua,MODIS,45,6.2,300.6,41.9,D,0
-16.5906,130.6353,334.1,2.3,1.5,2014-09-28,0435,Aqua,MODIS,45,6.2,316.3,49.9,D,0
-14.2753,143.4185,320.2,2.1,1.4,2014-09-28,0435,Aqua,MODIS,33,6.2,296.8,30.7,D,0
-14.9972,144.9299,319.5,2.7,1.6,2014-09-28,0435,Aqua,MODIS,34,6.2,300.6,37.5,D,0
-14.9875,144.903,350.4,2.7,1.6,2014-09-28,0435,Aqua,MODIS,95,6.2,301.1,224.6,D,0
-14.9832,144.9273,341.6,2.7,1.6,2014-09-28,0435,Aqua,MODIS,89,6.2,302,156.6,D,0
-15.0015,144.9059,319.2,2.7,1.6,2014-09-28,0435,Aqua,MODIS,46,6.2,299.6,33.1,D,0
-16.5797,130.6124,330.2,2.3,1.5,2014-09-28,0435,Aqua,MODIS,29,6.2,315.1,35.9,D,0
-16.5707,130.6064,328,2.3,1.5,2014-09-28,0435,Aqua,MODIS,37,6.2,314.3,29.6,D,0
-17.676,132.0263,332.6,1.9,1.3,2014-09-28,0435,Aqua,MODIS,70,6.2,315.3,33.3,D,0
-16.0907,136.8461,331.7,1,1,2014-09-28,0435,Aqua,MODIS,56,6.2,316.7,12.7,D,0
-15.0035,145.1425,324,2.8,1.6,2014-09-28,0435,Aqua,MODIS,71,6.2,298.6,62.7,D,0
-17.6682,132.0304,335.9,1.9,1.3,2014-09-28,0435,Aqua,MODIS,78,6.2,316.6,45.3,D,0
-17.6863,132.086,327.6,1.9,1.3,2014-09-28,0435,Aqua,MODIS,35,6.2,316.9,21.2,D,0
-17.6702,132.0127,327.1,1.9,1.3,2014-09-28,0435,Aqua,MODIS,51,6.2,314.7,19,D,0
-17.643,131.5582,334.3,2,1.4,2014-09-28,0435,Aqua,MODIS,57,6.2,320.8,39.4,D,0
-15.0047,145.1481,319.4,2.8,1.6,2014-09-28,0435,Aqua,MODIS,55,6.2,299,41,D,0
-15.0521,145.1306,323.6,2.8,1.6,2014-09-28,0435,Aqua,MODIS,62,6.2,297.9,61.1,D,0
-15.7022,136.6667,338,1,1,2014-09-28,0435,Aqua,MODIS,76,6.2,315.9,23,D,0
-15.7035,136.6573,333.3,1,1,2014-09-28,0435,Aqua,MODIS,64,6.2,315.6,15.8,D,0
-16.0843,136.826,340.1,1,1,2014-09-28,0435,Aqua,MODIS,80,6.2,315.1,25.6,D,0
-14.6435,141.9444,328.6,1.6,1.3,2014-09-28,0435,Aqua,MODIS,46,6.2,301.3,27.3,D,0
-16.083,136.8353,383.2,1,1,2014-09-28,0435,Aqua,MODIS,100,6.2,322.9,150.6,D,0
-17.7298,131.1276,334.1,2.2,1.4,2014-09-28,0435,Aqua,MODIS,75,6.2,320.5,34.1,D,0
-14.8472,135.0661,333.7,1.1,1.1,2014-09-28,0435,Aqua,MODIS,69,6.2,317.7,13.7,D,0
-14.8338,135.0219,330.4,1.1,1.1,2014-09-28,0435,Aqua,MODIS,48,6.2,318.1,11.9,D,0
-14.8924,133.3111,433,1.4,1.2,2014-09-28,0435,Aqua,MODIS,100,6.2,327.4,803.2,D,0
-16.092,136.8367,406.5,1,1,2014-09-28,0435,Aqua,MODIS,100,6.2,323,279.2,D,0
-14.4649,141.5639,336.9,1.5,1.2,2014-09-28,0435,Aqua,MODIS,81,6.2,306.9,46.5,D,0
-14.9151,133.3011,359.7,1.4,1.2,2014-09-28,0435,Aqua,MODIS,99,6.2,316.6,107.4,D,0
-16.1268,136.8516,383,1,1,2014-09-28,0435,Aqua,MODIS,100,6.2,325.7,145.5,D,0
-14.8123,144.9357,320,2.7,1.6,2014-09-28,0435,Aqua,MODIS,35,6.2,301.1,31.7,D,0
-14.9099,134.9591,335.5,1.1,1.1,2014-09-28,0435,Aqua,MODIS,47,6.2,315.7,16.8,D,0
-14.4004,135.1159,336.1,1.1,1,2014-09-28,0435,Aqua,MODIS,63,6.2,315.5,18.7,D,0
-14.4043,135.1576,337.8,1.1,1,2014-09-28,0435,Aqua,MODIS,56,6.2,318.8,16.9,D,0
-15.5735,136.864,422.2,1,1,2014-09-28,0435,Aqua,MODIS,100,6.2,339.2,0,D,0
-14.4625,141.5781,343.5,1.6,1.2,2014-09-28,0435,Aqua,MODIS,90,6.2,305.6,67.9,D,0
-14.9134,133.3139,332.1,1.4,1.2,2014-09-28,0435,Aqua,MODIS,44,6.2,316.7,17,D,0
-14.407,135.1375,346.6,1.1,1,2014-09-28,0435,Aqua,MODIS,89,6.2,319.7,36,D,0
-14.8909,134.9563,344.4,1.1,1.1,2014-09-28,0435,Aqua,MODIS,65,6.2,316.9,32.8,D,0
-14.9062,133.2868,418.2,1.4,1.2,2014-09-28,0435,Aqua,MODIS,100,6.2,324.2,591,D,0
-14.9318,135.115,340.8,1.1,1,2014-09-28,0435,Aqua,MODIS,71,6.2,317.9,26.8,D,0
-15.516,135.9636,335.1,1,1,2014-09-28,0435,Aqua,MODIS,67,6.2,317.3,14,D,0
-15.4936,135.9899,337.9,1,1,2014-09-28,0435,Aqua,MODIS,66,6.2,318.9,17.8,D,0
-14.753,134.4689,348.7,1.2,1.1,2014-09-28,0435,Aqua,MODIS,91,6.2,321.7,47.6,D,0
-14.4084,135.1274,351,1.1,1,2014-09-28,0435,Aqua,MODIS,93,6.2,318.7,47.9,D,0
-14.7613,134.4812,369.4,1.2,1.1,2014-09-28,0435,Aqua,MODIS,100,6.2,322.3,115.9,D,0
-14.8638,134.9417,341.2,1.1,1.1,2014-09-28,0435,Aqua,MODIS,59,6.2,316.7,27.4,D,0
-14.8997,133.3382,360,1.4,1.2,2014-09-28,0435,Aqua,MODIS,100,6.2,318.8,98.2,D,0
-14.8264,144.9384,324.6,2.7,1.6,2014-09-28,0435,Aqua,MODIS,69,6.2,302.3,52,D,0
-14.9206,133.341,349,1.4,1.2,2014-09-28,0435,Aqua,MODIS,89,6.2,318.8,56.8,D,0
-14.399,135.126,391.4,1.1,1,2014-09-28,0435,Aqua,MODIS,100,6.2,323.8,209.9,D,0
-14.4002,135.1878,345.6,1.1,1,2014-09-28,0435,Aqua,MODIS,77,6.2,321.2,31.8,D,0
-15.5824,136.8615,426,1,1,2014-09-28,0435,Aqua,MODIS,75,6.2,322.5,433.9,D,0
-15.5722,136.8734,379.2,1,1,2014-09-28,0435,Aqua,MODIS,100,6.2,326.6,0,D,0
-14.9046,133.2997,394,1.4,1.2,2014-09-28,0435,Aqua,MODIS,100,6.2,322.7,325.4,D,0
-15.6386,136.5257,333.1,1,1,2014-09-28,0435,Aqua,MODIS,48,6.2,317.3,16.9,D,0
-15.1659,145.1127,319.7,2.8,1.6,2014-09-28,0435,Aqua,MODIS,56,6.2,297,46.2,D,0
-16.1342,136.8585,400.6,1,1,2014-09-28,0435,Aqua,MODIS,100,6.2,325.7,235.7,D,0
-15.7404,136.2602,364.9,1,1,2014-09-28,0435,Aqua,MODIS,100,6.2,322,78,D,0
-16.0933,136.8273,350.5,1,1,2014-09-28,0435,Aqua,MODIS,92,6.2,313,45.2,D,0
-14.7433,134.4674,359.5,1.2,1.1,2014-09-28,0435,Aqua,MODIS,99,6.2,320.8,79.8,D,0
-14.7404,134.4894,335.1,1.2,1.1,2014-09-28,0435,Aqua,MODIS,52,6.2,322.5,17.1,D,0
-14.9167,133.2882,392.9,1.4,1.2,2014-09-28,0435,Aqua,MODIS,100,6.2,318.3,318.3,D,0
-14.9256,133.3025,336,1.4,1.2,2014-09-28,0435,Aqua,MODIS,70,6.2,315.1,26.7,D,0
-14.9224,135.1136,334.7,1.1,1,2014-09-28,0435,Aqua,MODIS,39,6.2,320,15.3,D,0
-14.7501,134.4907,381.4,1.2,1.1,2014-09-28,0435,Aqua,MODIS,100,6.2,325.5,173.2,D,0
-14.7598,134.4921,347.1,1.2,1.1,2014-09-28,0435,Aqua,MODIS,90,6.2,320.8,43.7,D,0
-14.7515,134.4798,411.2,1.2,1.1,2014-09-28,0435,Aqua,MODIS,100,6.2,330.9,386,D,0
-15.5028,135.9912,356.4,1,1,2014-09-28,0435,Aqua,MODIS,97,6.2,316.3,56.7,D,0
-14.8941,133.2983,444.4,1.4,1.2,2014-09-28,0435,Aqua,MODIS,100,6.2,333.2,1013.9,D,0
-14.9029,133.3125,351.9,1.4,1.2,2014-09-28,0435,Aqua,MODIS,90,6.2,318.3,73,D,0
-14.8957,133.2854,348.5,1.4,1.2,2014-09-28,0435,Aqua,MODIS,91,6.2,312.9,70.4,D,0
-14.9013,133.3254,353.2,1.4,1.2,2014-09-28,0435,Aqua,MODIS,84,6.2,318.3,72.4,D,0
-15.4923,135.9995,339.7,1,1,2014-09-28,0435,Aqua,MODIS,43,6.2,317,19.9,D,0
-14.9239,133.3153,343,1.4,1.2,2014-09-28,0435,Aqua,MODIS,84,6.2,316.7,42.1,D,0
-14.921,135.1239,334.3,1.1,1,2014-09-28,0435,Aqua,MODIS,42,6.2,316.2,15.7,D,0
-14.3988,135.1978,341.7,1.1,1,2014-09-28,0435,Aqua,MODIS,72,6.2,321.6,25.2,D,0
-14.8714,135.1008,339.8,1.1,1,2014-09-28,0435,Aqua,MODIS,81,6.2,317.8,25.2,D,0
-14.7447,134.4566,372.6,1.2,1.1,2014-09-28,0435,Aqua,MODIS,100,6.2,322.2,135.4,D,0
-16.1355,136.8491,362,1,1,2014-09-28,0435,Aqua,MODIS,100,6.2,315.8,67.6,D,0
-14.9779,135.0588,345.4,1.1,1.1,2014-09-28,0435,Aqua,MODIS,88,6.2,318.7,35.6,D,0
-14.7418,134.4785,352.8,1.2,1.1,2014-09-28,0435,Aqua,MODIS,95,6.2,323.9,57.5,D,0
-15.5798,136.8802,375.1,1,1,2014-09-28,0435,Aqua,MODIS,94,6.2,317.8,118.2,D,0
-14.969,134.9092,371.5,1.1,1.1,2014-09-28,0435,Aqua,MODIS,100,6.2,322.4,114.9,D,0
-14.8808,135.1023,348.7,1.1,1,2014-09-28,0435,Aqua,MODIS,91,6.2,316.6,43.7,D,0
-14.898,133.351,382.8,1.4,1.2,2014-09-28,0435,Aqua,MODIS,100,6.2,322.6,225.9,D,0
-14.9676,134.9197,376.3,1.1,1.1,2014-09-28,0435,Aqua,MODIS,100,6.2,322.3,135.4,D,0
-14.8814,134.9549,350.1,1.1,1.1,2014-09-28,0435,Aqua,MODIS,70,6.2,318.3,45.4,D,0
-14.7544,134.4581,336.7,1.2,1.1,2014-09-28,0435,Aqua,MODIS,65,6.2,316.8,23.4,D,0
-14.8147,144.9412,321.1,2.7,1.6,2014-09-28,0435,Aqua,MODIS,26,6.2,301.6,34.8,D,0
-14.4029,135.1677,337.8,1.1,1,2014-09-28,0435,Aqua,MODIS,52,6.2,317.4,16.9,D,0
-14.8719,134.9535,349.2,1.1,1.1,2014-09-28,0435,Aqua,MODIS,83,6.2,317.6,45.7,D,0
-15.5811,136.8708,411.6,1,1,2014-09-28,0435,Aqua,MODIS,94,6.2,320.9,314.3,D,0
-16.1178,136.8502,353.8,1,1,2014-09-28,0435,Aqua,MODIS,95,6.2,316.5,49.7,D,0
-14.8969,135.1253,337.9,1.1,1,2014-09-28,0435,Aqua,MODIS,74,6.2,317.7,23.7,D,0
-14.8889,135.1137,330.8,1.1,1,2014-09-28,0435,Aqua,MODIS,28,6.2,315.7,11.1,D,0
-15.1641,145.1072,322.3,2.8,1.6,2014-09-28,0435,Aqua,MODIS,68,6.2,295.9,58.1,D,0
-14.7321,134.4771,339.6,1.2,1.1,2014-09-28,0435,Aqua,MODIS,70,6.2,318.6,24.7,D,0
-14.9807,135.0382,337.8,1.1,1.1,2014-09-28,0435,Aqua,MODIS,66,6.2,320.2,20.3,D,0
-14.9793,135.0485,351.5,1.1,1.1,2014-09-28,0435,Aqua,MODIS,93,6.2,321.4,50.4,D,0
-17.0854,127.2398,350.1,4.2,1.9,2014-09-28,0435,Aqua,MODIS,93,6.2,309.7,378.1,D,0
-17.1066,127.2013,362.2,4.3,1.9,2014-09-28,0435,Aqua,MODIS,100,6.2,310.4,629.4,D,0
-17.1026,127.2411,353.7,4.2,1.9,2014-09-28,0435,Aqua,MODIS,96,6.2,311.7,434.6,D,0
-17.1279,127.1629,335.8,4.3,1.9,2014-09-28,0435,Aqua,MODIS,78,6.2,308,187.8,D,0
-17.1238,127.203,347.4,4.3,1.9,2014-09-28,0435,Aqua,MODIS,91,6.2,310.3,339.3,D,0
-17.1665,127.1781,330.8,4.3,1.9,2014-09-28,0435,Aqua,MODIS,59,6.2,305.1,127.6,D,0
-15.5986,127.6944,329.1,3.7,1.8,2014-09-28,0435,Aqua,MODIS,54,6.2,314.6,58.5,D,0
-15.6052,127.6991,328.5,3.7,1.8,2014-09-28,0435,Aqua,MODIS,43,6.2,314.8,52.4,D,0
-17.1257,127.2072,347.1,4.3,1.9,2014-09-28,0435,Aqua,MODIS,91,6.2,310.3,329.9,D,0
-17.1295,127.1671,346.6,4.3,1.9,2014-09-28,0435,Aqua,MODIS,90,6.2,308.2,335,D,0
-17.1047,127.2453,341.3,4.2,1.9,2014-09-28,0435,Aqua,MODIS,85,6.2,311.4,230.2,D,0
-17.1085,127.2054,365.7,4.3,1.9,2014-09-28,0435,Aqua,MODIS,100,6.2,310.7,708.1,D,0
-17.3327,127.6294,326.8,4,1.9,2014-09-28,0435,Aqua,MODIS,33,6.2,312.4,60.9,D,0
-17.1429,127.2092,331.8,4.3,1.9,2014-09-28,0435,Aqua,MODIS,68,6.2,309.2,129.5,D,0
-18.7436,128.9778,336.5,3.3,1.7,2014-09-28,0435,Aqua,MODIS,69,6.2,318.3,97.2,D,0
-18.7545,128.983,348,3.3,1.7,2014-09-28,0435,Aqua,MODIS,91,6.2,318.2,214.4,D,0
-17.1467,127.1689,349.2,4.3,1.9,2014-09-28,0435,Aqua,MODIS,92,6.2,307.3,382.3,D,0
-17.164,127.1705,336.1,4.3,1.9,2014-09-28,0435,Aqua,MODIS,79,6.2,304.7,192.2,D,0
-15.4996,130.0903,330.2,2.4,1.5,2014-09-28,0435,Aqua,MODIS,67,6.2,317.3,39.1,D,0
-17.0875,127.2439,356.9,4.2,1.9,2014-09-28,0435,Aqua,MODIS,98,6.2,310.2,504.5,D,0
-17.0913,127.2034,325.5,4.3,1.9,2014-09-28,0435,Aqua,MODIS,37,6.2,307.2,74.5,D,0
-17.1492,127.1766,346.5,4.3,1.9,2014-09-28,0435,Aqua,MODIS,90,6.2,307.5,335.8,D,0
-15.9137,130.5484,330.3,2.3,1.5,2014-09-28,0435,Aqua,MODIS,54,6.2,318,18.4,D,0
-16.1903,127.9064,325.6,3.7,1.8,2014-09-28,0435,Aqua,MODIS,16,6.2,311.3,48.9,D,0
-18.8072,128.9257,331.1,3.3,1.7,2014-09-28,0435,Aqua,MODIS,62,6.2,317.5,63.6,D,0
-17.1813,127.1724,333,4.3,1.9,2014-09-28,0435,Aqua,MODIS,67,6.2,305.4,154.7,D,0
-18.5354,128.9429,340.7,3.3,1.7,2014-09-28,0435,Aqua,MODIS,84,6.2,316.1,140.4,D,0
-17.1837,127.18,333.9,4.3,1.9,2014-09-28,0435,Aqua,MODIS,71,6.2,306.2,162.2,D,0
-18.5309,128.9467,341.5,3.3,1.7,2014-09-28,0435,Aqua,MODIS,85,6.2,316.1,149.9,D,0
-13.5765,130.3146,336.2,2.2,1.4,2014-09-28,0436,Aqua,MODIS,76,6.2,302.1,67.5,D,0
-13.5776,130.3014,336.8,2.2,1.4,2014-09-28,0436,Aqua,MODIS,79,6.2,303.9,71.1,D,0
-14.3515,134.1101,343.1,1.2,1.1,2014-09-28,0436,Aqua,MODIS,42,6.2,323.3,26.5,D,0
-14.3695,135.1321,355.1,1.1,1,2014-09-28,0436,Aqua,MODIS,96,6.2,318.2,61,D,0
-14.3427,135.1897,342.9,1.1,1,2014-09-28,0436,Aqua,MODIS,75,6.2,316.2,29.1,D,0
-14.2613,134.1036,383.3,1.2,1.1,2014-09-28,0436,Aqua,MODIS,100,6.2,322.2,186.5,D,0
-14.3163,134.071,350.8,1.2,1.1,2014-09-28,0436,Aqua,MODIS,29,6.2,322,40.9,D,0
-12.679,136.3342,343.9,1,1,2014-09-28,0436,Aqua,MODIS,87,6.2,309.6,34.5,D,0
-14.3372,134.1426,336.8,1.2,1.1,2014-09-28,0436,Aqua,MODIS,62,6.2,322.1,17.5,D,0
-14.2789,134.1975,334.3,1.2,1.1,2014-09-28,0436,Aqua,MODIS,67,6.2,318.6,15.2,D,0
-12.5392,135.4313,338.1,1,1,2014-09-28,0436,Aqua,MODIS,81,6.2,320.4,17.1,D,0
-12.6277,136.3078,335.2,1,1,2014-09-28,0436,Aqua,MODIS,59,6.2,301.9,23,D,0
-12.1636,134.6936,331.7,1.1,1,2014-09-28,0436,Aqua,MODIS,58,6.2,313.5,12.5,D,0
-12.6585,136.3499,339.5,1,1,2014-09-28,0436,Aqua,MODIS,65,6.2,309.4,21.6,D,0
-12.7922,132.8152,333.6,1.4,1.2,2014-09-28,0436,Aqua,MODIS,59,6.2,319.7,17.8,D,0
-12.6264,136.317,344.2,1,1,2014-09-28,0436,Aqua,MODIS,86,6.2,304,36.6,D,0
-14.3356,135.132,404.4,1.1,1,2014-09-28,0436,Aqua,MODIS,100,6.2,323.4,297.1,D,0
-14.2489,134.0444,340.1,1.2,1.1,2014-09-28,0436,Aqua,MODIS,50,6.2,313,30.9,D,0
-14.2697,134.1163,339.5,1.2,1.1,2014-09-28,0436,Aqua,MODIS,37,6.2,320.1,20.6,D,0
-12.6367,136.3091,376,1,1,2014-09-28,0436,Aqua,MODIS,100,6.2,309.6,125,D,0
-12.6777,136.3434,374.3,1,1,2014-09-28,0436,Aqua,MODIS,100,6.2,314.7,113,D,0
-14.2479,134.2047,339.2,1.2,1.1,2014-09-28,0436,Aqua,MODIS,81,6.2,320.3,25,D,0
-14.3436,135.1434,332.9,1.1,1,2014-09-28,0436,Aqua,MODIS,42,6.2,313.4,14.5,D,0
-14.2969,134.0629,442.5,1.2,1.1,2014-09-28,0436,Aqua,MODIS,100,6.2,340.8,809.4,D,0
-12.5405,135.4218,338.1,1,1,2014-09-28,0436,Aqua,MODIS,81,6.2,319.3,16.8,D,0
-12.6701,136.3329,339.9,1,1,2014-09-28,0436,Aqua,MODIS,63,6.2,307,26.9,D,0
-14.3301,135.1722,337.7,1.1,1,2014-09-28,0436,Aqua,MODIS,71,6.2,314.2,20.3,D,0
-14.3178,134.0597,351.9,1.2,1.1,2014-09-28,0436,Aqua,MODIS,45,6.2,319.3,54.9,D,0
-14.34,135.2097,342.4,1.1,1,2014-09-28,0436,Aqua,MODIS,51,6.2,318.3,26.6,D,0
-14.4397,134.1405,334,1.2,1.1,2014-09-28,0436,Aqua,MODIS,25,6.2,321.8,13.8,D,0
-14.287,134.0616,359.5,1.2,1.1,2014-09-28,0436,Aqua,MODIS,99,6.2,314.8,91.7,D,0
-14.3099,134.0416,344,1.2,1.1,2014-09-28,0436,Aqua,MODIS,87,6.2,314.4,49.9,D,0
-14.2598,134.1148,346.6,1.2,1.1,2014-09-28,0436,Aqua,MODIS,84,6.2,322.3,36.1,D,0
-14.3277,134.061,357.2,1.2,1.1,2014-09-28,0436,Aqua,MODIS,84,6.2,320,69.6,D,0
-12.6461,131.3865,350.6,1.8,1.3,2014-09-28,0436,Aqua,MODIS,93,6.2,307.9,109.5,D,0
-12.6314,131.3735,365,1.8,1.3,2014-09-28,0436,Aqua,MODIS,100,6.2,303.8,196.8,D,0
-12.6431,131.375,382.8,1.8,1.3,2014-09-28,0436,Aqua,MODIS,100,6.2,308.4,341.5,D,0
-12.6137,136.3366,406,1,1,2014-09-28,0436,Aqua,MODIS,100,6.2,318.9,278.5,D,0
-14.3079,134.0584,368.9,1.2,1.1,2014-09-28,0436,Aqua,MODIS,95,6.2,324.5,121.9,D,0
-14.3093,134.0471,374.5,1.2,1.1,2014-09-28,0436,Aqua,MODIS,100,6.2,319.8,158.3,D,0
-14.3053,134.0755,385.3,1.2,1.1,2014-09-28,0436,Aqua,MODIS,100,6.2,327.9,203.1,D,0
-14.2711,134.1051,353.9,1.2,1.1,2014-09-28,0436,Aqua,MODIS,95,6.2,321.6,59.5,D,0
-14.356,135.2325,357.5,1.1,1,2014-09-28,0436,Aqua,MODIS,98,6.2,320.1,60.8,D,0
-14.4013,134.2041,335.3,1.2,1.1,2014-09-28,0436,Aqua,MODIS,35,6.2,321.5,15.7,D,0
-12.7133,135.6329,331.6,1,1,2014-09-28,0436,Aqua,MODIS,54,6.2,310.9,13.2,D,0
-14.3315,135.1622,379,1.1,1,2014-09-28,0436,Aqua,MODIS,100,6.2,318.6,144.4,D,0
-12.2176,134.6867,362.9,1.1,1,2014-09-28,0436,Aqua,MODIS,100,6.2,316.5,83.7,D,0
-14.3573,135.2225,380.2,1.1,1,2014-09-28,0436,Aqua,MODIS,100,6.2,322.9,144.1,D,0
-14.2675,134.2075,341.5,1.2,1.1,2014-09-28,0436,Aqua,MODIS,77,6.2,319.7,28.3,D,0
-12.6354,136.3183,384.9,1,1,2014-09-28,0436,Aqua,MODIS,100,6.2,312.6,159.6,D,0
-12.6528,131.3927,357.7,1.8,1.3,2014-09-28,0436,Aqua,MODIS,98,6.2,310.4,140.6,D,0
-12.6742,131.412,331.9,1.8,1.3,2014-09-28,0436,Aqua,MODIS,51,6.2,310.4,23.3,D,0
-14.3413,135.1997,346.6,1.1,1,2014-09-28,0436,Aqua,MODIS,83,6.2,316.7,35.2,D,0
-12.8027,132.8167,333,1.4,1.2,2014-09-28,0436,Aqua,MODIS,46,6.2,318.7,17.1,D,0
-14.3083,134.0529,367.7,1.2,1.1,2014-09-28,0436,Aqua,MODIS,100,6.2,321.8,123.6,D,0
-14.3681,135.1422,341.9,1.1,1,2014-09-28,0436,Aqua,MODIS,84,6.2,317.5,28.9,D,0
-14.2954,134.0742,386.5,1.2,1.1,2014-09-28,0436,Aqua,MODIS,100,6.2,327.6,211,D,0
-12.3144,136.8863,329.5,1,1,2014-09-28,0436,Aqua,MODIS,64,6.2,310.6,15.4,D,0
-14.3381,135.1836,331.5,1.1,1,2014-09-28,0436,Aqua,MODIS,67,6.2,315.5,11.8,D,0
-14.2885,134.0502,337,1.2,1.1,2014-09-28,0436,Aqua,MODIS,77,6.2,308.3,34.5,D,0
-12.8727,131.2838,342.9,1.8,1.3,2014-09-28,0436,Aqua,MODIS,86,6.2,310,67.4,D,0
-12.3054,136.885,347.8,1,1,2014-09-28,0436,Aqua,MODIS,92,6.2,310.1,43.8,D,0
-12.6688,136.342,354.3,1,1,2014-09-28,0436,Aqua,MODIS,90,6.2,310.5,51.9,D,0
-14.2396,134.1921,338.6,1.2,1.1,2014-09-28,0436,Aqua,MODIS,67,6.2,320.3,23.8,D,0
-14.2774,134.2088,344.4,1.2,1.1,2014-09-28,0436,Aqua,MODIS,87,6.2,318.8,37,D,0
-12.6341,136.3275,342.4,1,1,2014-09-28,0436,Aqua,MODIS,84,6.2,309.3,31.4,D,0
-14.3653,135.2338,344.4,1.1,1,2014-09-28,0436,Aqua,MODIS,85,6.2,323.9,28.4,D,0
-12.6548,131.3765,333.3,1.8,1.3,2014-09-28,0436,Aqua,MODIS,43,6.2,308.4,35,D,0
-12.644,131.4026,332.4,1.8,1.3,2014-09-28,0436,Aqua,MODIS,54,6.2,306.6,31.9,D,0
-12.6047,136.3353,336.8,1,1,2014-09-28,0436,Aqua,MODIS,80,6.2,302.1,26.1,D,0
-14.3149,134.0823,356.1,1.2,1.1,2014-09-28,0436,Aqua,MODIS,66,6.2,322.2,55.8,D,0
-14.2855,134.0729,347,1.2,1.1,2014-09-28,0436,Aqua,MODIS,63,6.2,315.6,45.3,D,0
-12.2083,134.6854,365.9,1.1,1,2014-09-28,0436,Aqua,MODIS,100,6.2,313,95.5,D,0
-14.3068,134.0642,382,1.2,1.1,2014-09-28,0436,Aqua,MODIS,100,6.2,329.4,189.6,D,0
-14.2939,134.0855,363.3,1.2,1.1,2014-09-28,0436,Aqua,MODIS,81,6.2,321.5,91.7,D,0
-14.3343,135.1421,441.6,1.1,1,2014-09-28,0436,Aqua,MODIS,100,6.2,332,668.9,D,0
-12.6212,136.3537,337.2,1,1,2014-09-28,0436,Aqua,MODIS,73,6.2,304.7,23.1,D,0
-14.2999,134.0403,361.2,1.2,1.1,2014-09-28,0436,Aqua,MODIS,100,6.2,312.1,104.7,D,0
-12.6344,131.385,344.6,1.8,1.3,2014-09-28,0436,Aqua,MODIS,88,6.2,305.2,83.1,D,0
-12.6225,136.3445,338.1,1,1,2014-09-28,0436,Aqua,MODIS,60,6.2,309.1,24.5,D,0
-12.1515,134.7122,331.5,1.1,1,2014-09-28,0436,Aqua,MODIS,44,6.2,309.8,13.3,D,0
-14.2984,134.0516,416.6,1.2,1.1,2014-09-28,0436,Aqua,MODIS,100,6.2,327.5,480.6,D,0
-12.6124,136.3457,376.8,1,1,2014-09-28,0436,Aqua,MODIS,100,6.2,307.9,127.9,D,0
-14.305,134.081,362.4,1.2,1.1,2014-09-28,0436,Aqua,MODIS,93,6.2,323.3,84.1,D,0
-14.3064,134.0697,408.8,1.2,1.1,2014-09-28,0436,Aqua,MODIS,100,6.2,333.4,383.4,D,0
-14.3367,135.1936,332.7,1.1,1,2014-09-28,0436,Aqua,MODIS,70,6.2,316.6,13.2,D,0
-14.2504,134.033,346.3,1.2,1.1,2014-09-28,0436,Aqua,MODIS,68,6.2,313.2,49.3,D,0
-14.3493,135.2111,340.3,1.1,1,2014-09-28,0436,Aqua,MODIS,66,6.2,317,21.4,D,0
-12.4566,133.1932,342.7,1.3,1.1,2014-09-28,0436,Aqua,MODIS,86,6.2,323.2,33.1,D,0
-14.3329,135.1521,409.6,1.1,1,2014-09-28,0436,Aqua,MODIS,100,6.2,323.3,334,D,0
-13.0063,135.8343,354.4,1,1,2014-09-28,0436,Aqua,MODIS,96,6.2,305.8,61.8,D,0
-12.7224,135.6312,336.5,1,1,2014-09-28,0436,Aqua,MODIS,38,6.2,312.8,19.5,D,0
-12.8744,134.9359,354.2,1.1,1,2014-09-28,0436,Aqua,MODIS,96,6.2,318.3,56.4,D,0
-12.6365,131.3688,410.9,1.8,1.3,2014-09-28,0436,Aqua,MODIS,100,6.2,310.1,715.1,D,0
-12.9933,135.861,338.1,1,1,2014-09-28,0436,Aqua,MODIS,69,6.2,310.4,25.2,D,0
-12.7211,135.6407,336.8,1,1,2014-09-28,0436,Aqua,MODIS,65,6.2,313.5,18.8,D,0
-11.9907,133.7132,362.3,1.2,1.1,2014-09-28,0436,Aqua,MODIS,100,6.2,314.1,94.3,D,0
-12.7341,135.6808,339.4,1,1,2014-09-28,0436,Aqua,MODIS,21,6.2,317,18.2,D,0
-11.4934,132.8594,333,1.3,1.1,2014-09-28,0436,Aqua,MODIS,71,6.2,311,20.1,D,0
-11.4918,132.8716,336.8,1.3,1.1,2014-09-28,0436,Aqua,MODIS,88,6.2,312.2,28.7,D,0
-12.8385,135.4511,335.3,1,1,2014-09-28,0436,Aqua,MODIS,71,6.2,318,14.1,D,0
-11.9893,133.7242,332.7,1.2,1.1,2014-09-28,0436,Aqua,MODIS,52,6.2,312.6,15.6,D,0
-11.4269,131.1649,340.7,1.8,1.3,2014-09-28,0436,Aqua,MODIS,76,6.2,313.2,60,D,0
-12.7781,136.2797,334.5,1,1,2014-09-28,0436,Aqua,MODIS,73,6.2,311.8,16.9,D,0
-13.0729,135.6234,332.4,1,1,2014-09-28,0436,Aqua,MODIS,40,6.2,316.4,11.4,D,0
-12.7768,136.2889,360.4,1,1,2014-09-28,0436,Aqua,MODIS,100,6.2,316.5,69.9,D,0
-12.7858,136.2903,339.4,1,1,2014-09-28,0436,Aqua,MODIS,81,6.2,315.3,25.3,D,0
-13.0386,135.8677,332.7,1,1,2014-09-28,0436,Aqua,MODIS,30,6.2,311.8,15.3,D,0
-12.3234,132.2835,331.8,1.5,1.2,2014-09-28,0436,Aqua,MODIS,63,6.2,313,20.4,D,0
-12.8799,134.8962,338.3,1.1,1,2014-09-28,0436,Aqua,MODIS,76,6.2,320.1,20.3,D,0
-12.16,133.8944,332.8,1.2,1.1,2014-09-28,0436,Aqua,MODIS,66,6.2,315.7,11.9,D,0
-12.837,135.7303,340.8,1,1,2014-09-28,0436,Aqua,MODIS,79,6.2,317.8,20.1,D,0
-12.7835,135.6593,345.1,1,1,2014-09-28,0436,Aqua,MODIS,87,6.2,316.3,28.2,D,0
-12.7939,135.6512,416.6,1,1,2014-09-28,0436,Aqua,MODIS,100,6.2,325.6,357.7,D,0
-12.8016,135.662,349.9,1,1,2014-09-28,0436,Aqua,MODIS,92,6.2,316.4,39.6,D,0
-12.277,134.0048,334.7,1.2,1.1,2014-09-28,0436,Aqua,MODIS,74,6.2,316.9,15.4,D,0
-12.9161,135.2272,335.2,1.1,1,2014-09-28,0436,Aqua,MODIS,66,6.2,322.2,12.1,D,0
-12.8758,134.926,344.7,1.1,1,2014-09-28,0436,Aqua,MODIS,86,6.2,316.9,32.8,D,0
-12.7924,135.7277,334,1,1,2014-09-28,0436,Aqua,MODIS,51,6.2,317.8,11.8,D,0
-12.7861,135.6405,341.2,1,1,2014-09-28,0436,Aqua,MODIS,84,6.2,310.4,25.5,D,0
-12.7848,135.6499,361.5,1,1,2014-09-28,0436,Aqua,MODIS,100,6.2,315.5,70.4,D,0
-12.7911,135.737,331,1,1,2014-09-28,0436,Aqua,MODIS,37,6.2,315.7,8.4,D,0
-12.7509,135.6929,335.3,1,1,2014-09-28,0436,Aqua,MODIS,50,6.2,315.5,10.1,D,0
-12.7994,135.7344,334,1,1,2014-09-28,0436,Aqua,MODIS,36,6.2,315.8,9.9,D,0
-12.6333,131.3573,371.9,1.8,1.3,2014-09-28,0436,Aqua,MODIS,100,6.2,303,251.6,D,0
-12.833,135.0304,333.4,1.1,1,2014-09-28,0436,Aqua,MODIS,52,6.2,318.4,14.8,D,0
-12.8317,135.0403,332.4,1.1,1,2014-09-28,0436,Aqua,MODIS,54,6.2,316,13.8,D,0
-12.9801,136.0867,344.8,1,1,2014-09-28,0436,Aqua,MODIS,88,6.2,307.4,36.3,D,0
-12.6451,131.3588,382.5,1.8,1.3,2014-09-28,0436,Aqua,MODIS,100,6.2,307.3,342.3,D,0
-12.8747,135.7263,339.4,1,1,2014-09-28,0436,Aqua,MODIS,53,6.2,317.6,19.7,D,0
-12.8656,135.7249,342,1,1,2014-09-28,0436,Aqua,MODIS,79,6.2,321.1,22.8,D,0
-12.8643,135.7343,338.4,1,1,2014-09-28,0436,Aqua,MODIS,58,6.2,319,18,D,0
-12.8003,135.6714,347.2,1,1,2014-09-28,0436,Aqua,MODIS,90,6.2,315.1,32.1,D,0
-13.4651,135.1037,339,1.1,1,2014-09-28,0436,Aqua,MODIS,73,6.2,321.5,16.8,D,0
-12.3131,136.8955,346.7,1,1,2014-09-28,0436,Aqua,MODIS,91,6.2,308.9,43.3,D,0
-12.3041,136.8941,341.7,1,1,2014-09-28,0436,Aqua,MODIS,87,6.2,308.8,33.2,D,0
-12.8951,135.1747,348,1.1,1,2014-09-28,0436,Aqua,MODIS,75,6.2,319.2,37.4,D,0
-12.8938,135.1844,340.9,1.1,1,2014-09-28,0436,Aqua,MODIS,31,6.2,318.9,21.1,D,0
-12.7925,135.6606,389.7,1,1,2014-09-28,0436,Aqua,MODIS,100,6.2,323.3,178.7,D,0
-12.7912,135.67,341.8,1,1,2014-09-28,0436,Aqua,MODIS,85,6.2,318.5,21.2,D,0
-12.2592,133.4533,342,1.3,1.1,2014-09-28,0436,Aqua,MODIS,85,6.2,324.3,27.9,D,0
-12.8756,134.9964,333.2,1.1,1,2014-09-28,0436,Aqua,MODIS,64,6.2,318.1,15.5,D,0
-12.8536,135.2913,332.3,1.1,1,2014-09-28,0436,Aqua,MODIS,69,6.2,318.2,12.2,D,0
-13.0153,135.8357,351.5,1,1,2014-09-28,0436,Aqua,MODIS,94,6.2,304.9,55.7,D,0
-12.6386,131.3526,375.1,1.8,1.3,2014-09-28,0436,Aqua,MODIS,100,6.2,305.6,279.9,D,0
-11.4902,132.8838,331.9,1.3,1.1,2014-09-28,0436,Aqua,MODIS,60,6.2,311.2,19.4,D,0
-12.3574,134.5493,328,1.1,1.1,2014-09-28,0436,Aqua,MODIS,43,6.2,311,6.3,D,0
-12.3466,134.5581,333,1.1,1,2014-09-28,0436,Aqua,MODIS,70,6.2,312.6,14.5,D,0
-12.7237,135.6218,350.6,1,1,2014-09-28,0436,Aqua,MODIS,93,6.2,313,50.1,D,0
-12.7328,135.6232,349.5,1,1,2014-09-28,0436,Aqua,MODIS,92,6.2,313.2,46.3,D,0
-12.725,135.6124,343.4,1,1,2014-09-28,0436,Aqua,MODIS,86,6.2,309.5,36.3,D,0
-12.8638,134.9445,335.7,1.1,1,2014-09-28,0436,Aqua,MODIS,62,6.2,318.1,18,D,0
-12.8743,135.0063,334.3,1.1,1,2014-09-28,0436,Aqua,MODIS,70,6.2,317,17,D,0
-11.9878,133.7353,343.1,1.2,1.1,2014-09-28,0436,Aqua,MODIS,86,6.2,312.6,36.7,D,0
-12.9788,136.096,333,1,1,2014-09-28,0436,Aqua,MODIS,66,6.2,310.8,17,D,0
-11.9976,133.7366,336.2,1.2,1.1,2014-09-28,0436,Aqua,MODIS,76,6.2,313.4,21.2,D,0
-11.3865,132.1117,331.6,1.5,1.2,2014-09-28,0436,Aqua,MODIS,78,6.2,310,28.8,D,0
-13.0519,135.9048,330.1,1,1,2014-09-28,0436,Aqua,MODIS,50,6.2,312.9,8,D,0
-12.4582,133.1812,344.6,1.3,1.1,2014-09-28,0436,Aqua,MODIS,88,6.2,322.4,38.5,D,0
-12.8832,135.2619,350.5,1.1,1,2014-09-28,0436,Aqua,MODIS,93,6.2,318.1,43.5,D,0
-12.8819,135.2715,340.7,1.1,1,2014-09-28,0436,Aqua,MODIS,83,6.2,320,22.2,D,0
-11.4366,131.1825,344.6,1.8,1.3,2014-09-28,0436,Aqua,MODIS,91,6.2,315.3,72.1,D,0
-13.0399,135.8583,339.7,1,1,2014-09-28,0436,Aqua,MODIS,68,6.2,308.7,27.6,D,0
-13.8187,133.5885,349.1,1.3,1.1,2014-09-28,0436,Aqua,MODIS,64,6.2,319.2,51.1,D,0
-12.3014,135.9464,328.6,1,1,2014-09-28,0436,Aqua,MODIS,37,6.2,308.8,12.2,D,0
-13.871,135.7671,364.3,1,1,2014-09-28,0436,Aqua,MODIS,100,6.2,313.7,85.7,D,0
-13.8801,135.7685,328.3,1,1,2014-09-28,0436,Aqua,MODIS,22,6.2,313.7,10.4,D,0
-13.8788,135.778,344.6,1,1,2014-09-28,0436,Aqua,MODIS,88,6.2,316.5,36.7,D,0
-13.8774,135.7875,331.4,1,1,2014-09-28,0436,Aqua,MODIS,67,6.2,314.8,13.6,D,0
-12.4892,142.3886,323.7,1.9,1.4,2014-09-28,0436,Aqua,MODIS,75,6.2,297.3,33.2,D,0
-12.3216,132.2972,334,1.5,1.2,2014-09-28,0436,Aqua,MODIS,73,6.2,316.2,25.7,D,0
-13.4771,135.0853,343.1,1.1,1,2014-09-28,0436,Aqua,MODIS,85,6.2,321.9,25.2,D,0
-13.4757,135.0951,338.1,1.1,1,2014-09-28,0436,Aqua,MODIS,66,6.2,320.8,15.7,D,0
-13.6864,131.8216,342.1,1.7,1.3,2014-09-28,0436,Aqua,MODIS,85,6.2,314.2,54.5,D,0
-13.9441,132.483,343.8,1.5,1.2,2014-09-28,0436,Aqua,MODIS,86,6.2,309.5,63.6,D,0
-13.9533,132.4986,356.2,1.5,1.2,2014-09-28,0436,Aqua,MODIS,97,6.2,313,111.5,D,0
-13.9514,132.5126,340.1,1.5,1.2,2014-09-28,0436,Aqua,MODIS,81,6.2,310.6,49.4,D,0
-12.3501,134.7429,335.3,1.1,1,2014-09-28,0436,Aqua,MODIS,77,6.2,311,19.7,D,0
-12.3253,132.3533,332.3,1.5,1.2,2014-09-28,0436,Aqua,MODIS,68,6.2,315.3,21.3,D,0
-11.2321,132.3104,339.9,1.4,1.2,2014-09-28,0436,Aqua,MODIS,90,6.2,312.6,42.5,D,0
-13.6749,131.8201,398.9,1.7,1.3,2014-09-28,0436,Aqua,MODIS,100,6.2,318.4,487.9,D,0
-13.3753,131.4525,328.2,1.8,1.3,2014-09-28,0436,Aqua,MODIS,51,6.2,309.3,22.3,D,0
-12.3716,131.8259,333.6,1.6,1.3,2014-09-28,0436,Aqua,MODIS,58,6.2,312.9,31.8,D,0
-14.137,136.4913,335.6,1,1,2014-09-28,0436,Aqua,MODIS,80,6.2,307.1,22.4,D,0
-13.464,131.8584,335.7,1.7,1.3,2014-09-28,0436,Aqua,MODIS,64,6.2,311.2,36,D,0
-13.466,131.8431,334.3,1.7,1.3,2014-09-28,0436,Aqua,MODIS,50,6.2,310.3,33.9,D,0
-13.9818,132.5508,338,1.5,1.2,2014-09-28,0436,Aqua,MODIS,70,6.2,317.3,31.3,D,0
-13.6169,135.1278,335.2,1.1,1,2014-09-28,0436,Aqua,MODIS,69,6.2,315.1,17.1,D,0
-13.6208,135.2392,340,1.1,1,2014-09-28,0436,Aqua,MODIS,81,6.2,311.5,29.4,D,0
-13.9927,132.5523,337.4,1.5,1.2,2014-09-28,0436,Aqua,MODIS,72,6.2,316.1,27.6,D,0
-14.0037,132.5538,349.1,1.5,1.2,2014-09-28,0436,Aqua,MODIS,92,6.2,317.4,66.5,D,0
-14.0146,132.5554,336.5,1.5,1.2,2014-09-28,0436,Aqua,MODIS,52,6.2,319.1,24.5,D,0
-14.0128,132.5693,344,1.5,1.2,2014-09-28,0436,Aqua,MODIS,87,6.2,317.5,48.4,D,0
-13.443,131.8403,336.8,1.7,1.3,2014-09-28,0436,Aqua,MODIS,78,6.2,307.7,49,D,0
-13.4564,131.8263,373.3,1.7,1.3,2014-09-28,0436,Aqua,MODIS,100,6.2,309.7,239.2,D,0
-13.9459,132.4689,361.5,1.5,1.2,2014-09-28,0436,Aqua,MODIS,100,6.2,311.9,139.8,D,0
-13.9587,132.4562,332.2,1.5,1.2,2014-09-28,0436,Aqua,MODIS,61,6.2,313.9,26.4,D,0
-13.4545,131.8417,354.2,1.7,1.3,2014-09-28,0436,Aqua,MODIS,96,6.2,309.9,117.6,D,0
-13.4679,131.8277,339.9,1.7,1.3,2014-09-28,0436,Aqua,MODIS,75,6.2,309.4,55,D,0
-14.2148,132.5936,338.4,1.5,1.2,2014-09-28,0436,Aqua,MODIS,80,6.2,315.5,36.4,D,0
-14.2169,132.6004,331.6,1.5,1.2,2014-09-28,0436,Aqua,MODIS,60,6.2,315.6,16.9,D,0
-13.5451,135.3321,343.4,1.1,1,2014-09-28,0436,Aqua,MODIS,84,6.2,321,27.5,D,0
-13.5437,135.3419,342.5,1.1,1,2014-09-28,0436,Aqua,MODIS,74,6.2,317.4,27.5,D,0
-13.6022,135.3064,335.5,1.1,1,2014-09-28,0436,Aqua,MODIS,55,6.2,317.9,13.7,D,0
-13.6035,135.2967,372.7,1.1,1,2014-09-28,0436,Aqua,MODIS,100,6.2,322.7,112.5,D,0
-13.6048,135.2869,370.1,1.1,1,2014-09-28,0436,Aqua,MODIS,100,6.2,321.4,105.1,D,0
-13.6062,135.2771,389.8,1.1,1,2014-09-28,0436,Aqua,MODIS,100,6.2,325.3,196,D,0
-13.5714,135.3458,338.9,1.1,1,2014-09-28,0436,Aqua,MODIS,38,6.2,317.9,18.6,D,0
-13.5806,135.3472,339,1.1,1,2014-09-28,0436,Aqua,MODIS,64,6.2,320.1,20,D,0
-13.6075,135.2673,378.4,1.1,1,2014-09-28,0436,Aqua,MODIS,100,6.2,323.7,142.7,D,0
-13.5793,135.3569,335.8,1.1,1,2014-09-28,0436,Aqua,MODIS,39,6.2,316.5,15.5,D,0
-14.2341,134.1572,335.4,1.2,1.1,2014-09-28,0436,Aqua,MODIS,46,6.2,316.8,16.3,D,0
-14.2327,134.1684,346.8,1.2,1.1,2014-09-28,0436,Aqua,MODIS,81,6.2,317.7,41,D,0
-14.2381,134.2033,343.2,1.2,1.1,2014-09-28,0436,Aqua,MODIS,86,6.2,318.1,34.5,D,0
-13.5876,135.3441,343.7,1.1,1,2014-09-28,0436,Aqua,MODIS,40,6.2,319.5,26.6,D,0
-14.2356,134.146,336.4,1.2,1.1,2014-09-28,0436,Aqua,MODIS,68,6.2,317.7,18.4,D,0
-14.2257,134.1447,341,1.2,1.1,2014-09-28,0436,Aqua,MODIS,56,6.2,319.3,28.7,D,0
-14.1352,132.5921,335.6,1.5,1.2,2014-09-28,0436,Aqua,MODIS,18,6.2,316,22.9,D,0
-14.1256,132.5962,337.6,1.5,1.2,2014-09-28,0436,Aqua,MODIS,37,6.2,317.6,28.6,D,0
-14.1365,132.5977,333.8,1.5,1.2,2014-09-28,0436,Aqua,MODIS,26,6.2,315.3,20.3,D,0
-13.4621,131.8737,354.9,1.7,1.3,2014-09-28,0436,Aqua,MODIS,96,6.2,311.5,114.8,D,0
-13.9174,133.776,334.3,1.3,1.1,2014-09-28,0436,Aqua,MODIS,49,6.2,322.3,14.2,D,0
-14.2272,134.1334,342.2,1.2,1.1,2014-09-28,0436,Aqua,MODIS,55,6.2,319.5,29.9,D,0
-13.0539,143.0287,311,2.1,1.4,2014-09-28,0436,Aqua,MODIS,45,6.2,288.3,13.7,D,0
-13.6114,135.3078,344.9,1.1,1,2014-09-28,0436,Aqua,MODIS,87,6.2,321.2,31.2,D,0
-13.6127,135.298,341.9,1.1,1,2014-09-28,0436,Aqua,MODIS,74,6.2,320.2,25.8,D,0
-13.6141,135.2882,336,1.1,1,2014-09-28,0436,Aqua,MODIS,58,6.2,315.9,17.9,D,0
-13.6154,135.2784,343.1,1.1,1,2014-09-28,0436,Aqua,MODIS,85,6.2,314.9,32.4,D,0
-12.2236,135.5212,333.3,1,1,2014-09-28,0436,Aqua,MODIS,73,6.2,313.3,11.9,D,0
-12.2816,135.1026,328.8,1.1,1,2014-09-28,0436,Aqua,MODIS,42,6.2,309.9,10.3,D,0
-14.2115,134.1769,334.7,1.2,1.1,2014-09-28,0436,Aqua,MODIS,40,6.2,318.2,18,D,0
-13.9074,133.7746,336.5,1.3,1.1,2014-09-28,0436,Aqua,MODIS,73,6.2,320.3,19.3,D,0
-14.0788,132.5988,341.6,1.5,1.2,2014-09-28,0436,Aqua,MODIS,51,6.2,316,39.9,D,0
-13.9686,133.8475,349.9,1.3,1.1,2014-09-28,0436,Aqua,MODIS,84,6.2,322.7,48.7,D,0
-13.9684,133.8536,340.4,1.3,1.1,2014-09-28,0436,Aqua,MODIS,74,6.2,320.5,27.4,D,0
-13.9599,133.8406,340.4,1.3,1.1,2014-09-28,0436,Aqua,MODIS,64,6.2,319.6,26.4,D,0
-11.9931,135.5897,328.8,1,1,2014-09-28,0436,Aqua,MODIS,58,6.2,307.6,13.2,D,0
-12.0022,135.591,325.5,1,1,2014-09-28,0436,Aqua,MODIS,52,6.2,307,9.7,D,0
-13.9377,136.5999,331,1,1,2014-09-28,0436,Aqua,MODIS,60,6.2,315.9,9.5,D,0
-14.3165,132.8841,336.4,1.5,1.2,2014-09-28,0436,Aqua,MODIS,77,6.2,318.7,23.5,D,0
-12.2856,136.6428,330.3,1,1,2014-09-28,0436,Aqua,MODIS,23,6.2,312.9,13.4,D,0
-13.9836,132.5368,337.8,1.5,1.2,2014-09-28,0436,Aqua,MODIS,70,6.2,317,31.9,D,0
-12.194,136.769,330.1,1,1,2014-09-28,0436,Aqua,MODIS,62,6.2,312.9,13.4,D,0
-12.1954,136.7599,327.2,1,1,2014-09-28,0436,Aqua,MODIS,28,6.2,311.3,9.9,D,0
-12.1852,136.761,328.7,1,1,2014-09-28,0436,Aqua,MODIS,56,6.2,312.1,14.3,D,0
-12.3594,134.7443,327.6,1.1,1,2014-09-28,0436,Aqua,MODIS,37,6.2,312.1,8,D,0
-14.3148,132.8974,338.7,1.5,1.2,2014-09-28,0436,Aqua,MODIS,80,6.2,320.3,30.1,D,0
-13.8696,135.7766,359.3,1,1,2014-09-28,0436,Aqua,MODIS,99,6.2,316.1,70.9,D,0
-12.4921,142.371,319,1.9,1.4,2014-09-28,0436,Aqua,MODIS,40,6.2,294.2,21,D,0
-13.683,131.8262,364.9,1.7,1.3,2014-09-28,0436,Aqua,MODIS,100,6.2,316.1,168.1,D,0
-13.9159,133.7876,341.7,1.3,1.1,2014-09-28,0436,Aqua,MODIS,82,6.2,320.8,29.5,D,0
-13.6715,131.8247,360.1,1.7,1.3,2014-09-28,0436,Aqua,MODIS,100,6.2,313.9,140.2,D,0
-13.4735,131.8752,334.7,1.7,1.3,2014-09-28,0436,Aqua,MODIS,73,6.2,312.7,33.6,D,0
-13.4754,131.8601,343.1,1.7,1.3,2014-09-28,0436,Aqua,MODIS,86,6.2,312,62.4,D,0
-13.6167,135.2686,373.9,1.1,1,2014-09-28,0436,Aqua,MODIS,100,6.2,316.9,122.9,D,0
-13.6181,135.2588,335,1.1,1,2014-09-28,0436,Aqua,MODIS,67,6.2,310,20.5,D,0
-13.6769,131.8045,376,1.7,1.3,2014-09-28,0436,Aqua,MODIS,100,6.2,314,253.9,D,0
-13.6884,131.806,330.1,1.7,1.3,2014-09-28,0436,Aqua,MODIS,43,6.2,312.1,16.7,D,0
-13.6734,131.8091,383.2,1.7,1.3,2014-09-28,0436,Aqua,MODIS,100,6.2,313.7,316.8,D,0
-13.6849,131.8107,373.7,1.7,1.3,2014-09-28,0436,Aqua,MODIS,100,6.2,314.6,233.8,D,0
-12.1836,135.3453,327.3,1,1,2014-09-28,0436,Aqua,MODIS,30,6.2,311.9,9.9,D,0
-12.1927,135.3466,342.9,1,1,2014-09-28,0436,Aqua,MODIS,76,6.2,309.4,32.3,D,0
-13.8041,133.5564,376.7,1.3,1.1,2014-09-28,0436,Aqua,MODIS,100,6.2,319.1,175,D,0
-13.8025,133.5683,348.2,1.3,1.1,2014-09-28,0436,Aqua,MODIS,79,6.2,318.1,52.7,D,0
-13.8143,133.5578,353.1,1.3,1.1,2014-09-28,0436,Aqua,MODIS,95,6.2,318.6,68.4,D,0
-13.8212,133.5831,339.5,1.3,1.1,2014-09-28,0436,Aqua,MODIS,39,6.2,319.9,28.5,D,0
-13.8197,133.5949,335.3,1.3,1.1,2014-09-28,0436,Aqua,MODIS,21,6.2,316.9,19.4,D,0
-12.3735,131.8111,335.3,1.6,1.3,2014-09-28,0436,Aqua,MODIS,66,6.2,309.7,36.2,D,0
-13.3892,131.4376,336.2,1.8,1.3,2014-09-28,0436,Aqua,MODIS,77,6.2,307.7,46.4,D,0
-11.9918,135.599,338.6,1,1,2014-09-28,0436,Aqua,MODIS,79,6.2,307.6,27.9,D,0
-12.0009,135.6004,332.6,1,1,2014-09-28,0436,Aqua,MODIS,76,6.2,308.5,19.3,D,0
-11.9983,135.619,328.4,1,1,2014-09-28,0436,Aqua,MODIS,61,6.2,303.1,15.8,D,0
-13.9542,132.5043,361.7,1.5,1.2,2014-09-28,0436,Aqua,MODIS,100,6.2,313.5,135.7,D,0
-13.3871,131.4541,343.6,1.8,1.3,2014-09-28,0436,Aqua,MODIS,87,6.2,311.7,75.2,D,0
-13.4009,131.4392,365.3,1.8,1.3,2014-09-28,0436,Aqua,MODIS,100,6.2,312.9,195.8,D,0
-13.3989,131.4557,350.5,1.8,1.3,2014-09-28,0436,Aqua,MODIS,93,6.2,315.3,106.8,D,0
-13.9634,132.5198,331.6,1.5,1.2,2014-09-28,0436,Aqua,MODIS,31,6.2,311.9,20.7,D,0
-13.9726,132.5353,350.4,1.5,1.2,2014-09-28,0436,Aqua,MODIS,93,6.2,315.4,77.6,D,0
-13.4127,131.4408,340.7,1.8,1.3,2014-09-28,0436,Aqua,MODIS,83,6.2,311.5,62.6,D,0
-13.4107,131.4573,334.8,1.8,1.3,2014-09-28,0436,Aqua,MODIS,75,6.2,312.3,41.3,D,0
-12.1951,133.855,337.1,1.2,1.1,2014-09-28,0436,Aqua,MODIS,78,6.2,319,19.1,D,0
-11.9252,135.81,334.1,1,1,2014-09-28,0436,Aqua,MODIS,81,6.2,306.2,25,D,0
-11.9265,135.8008,331.2,1,1,2014-09-28,0436,Aqua,MODIS,84,6.2,306.4,20.8,D,0
-12.2146,133.8578,343.2,1.2,1.1,2014-09-28,0436,Aqua,MODIS,86,6.2,318.1,33.4,D,0
-12.2833,133.8847,332.4,1.2,1.1,2014-09-28,0436,Aqua,MODIS,69,6.2,318.7,14.2,D,0
-13.4774,131.8447,327.7,1.7,1.3,2014-09-28,0436,Aqua,MODIS,30,6.2,310.2,15.7,D,0
-14.1293,136.4807,327.4,1,1,2014-09-28,0436,Aqua,MODIS,63,6.2,307.8,11.3,D,0
-14.1383,136.482,336.7,1,1,2014-09-28,0436,Aqua,MODIS,81,6.2,309.8,23.2,D,0
-13.6124,130.2368,327.6,2.2,1.4,2014-09-28,0436,Aqua,MODIS,40,6.2,304.1,29.2,D,0
-13.6178,130.1816,328.5,2.3,1.5,2014-09-28,0436,Aqua,MODIS,47,6.2,302.4,45.6,D,0
-13.5994,130.2354,330.1,2.2,1.4,2014-09-28,0436,Aqua,MODIS,47,6.2,302,42.2,D,0
-13.6106,130.2438,333,2.2,1.4,2014-09-28,0436,Aqua,MODIS,73,6.2,303.5,54.3,D,0
-13.579,130.2945,328,2.2,1.4,2014-09-28,0436,Aqua,MODIS,25,6.2,305.2,31.4,D,0
-13.6175,130.1955,335.5,2.2,1.5,2014-09-28,0436,Aqua,MODIS,58,6.2,304.9,72.1,D,0
-13.6154,130.2025,331.5,2.2,1.5,2014-09-28,0436,Aqua,MODIS,56,6.2,305,54.6,D,0
-30.8744,121.4815,321.8,1.6,1.2,2014-09-28,0610,Aqua,MODIS,69,6.2,306,17,D,2
-30.8714,121.4976,328.6,1.6,1.2,2014-09-28,0610,Aqua,MODIS,79,6.2,306.6,31.5,D,2
-22.8344,122.4709,343.9,2.7,1.6,2014-09-28,0612,Aqua,MODIS,89,6.2,311.2,147.4,D,0
-22.8452,118.05,348.8,1.3,1.1,2014-09-28,0612,Aqua,MODIS,92,6.2,316.1,60.2,D,0
-22.8398,118.0435,335.7,1.3,1.1,2014-09-28,0612,Aqua,MODIS,77,6.2,316.5,26,D,0
-22.8761,118.0562,331.4,1.3,1.1,2014-09-28,0612,Aqua,MODIS,68,6.2,314.3,18.4,D,0
-22.8739,118.0692,372.8,1.3,1.1,2014-09-28,0612,Aqua,MODIS,100,6.2,316.4,165.8,D,0
-22.8052,117.9964,329,1.3,1.1,2014-09-28,0612,Aqua,MODIS,59,6.2,314.1,13.9,D,0
-22.8474,118.037,351.4,1.3,1.1,2014-09-28,0612,Aqua,MODIS,94,6.2,317.3,68.7,D,0
-22.842,118.0306,329.4,1.3,1.1,2014-09-28,0612,Aqua,MODIS,62,6.2,315.3,12.6,D,0
-20.6594,120.3005,339.5,2.1,1.4,2014-09-28,0612,Aqua,MODIS,82,6.2,312.2,69.7,D,0
-17.4965,123.3926,326.3,4.1,1.9,2014-09-28,0613,Aqua,MODIS,48,6.2,307.5,72.5,D,0
-17.509,123.3876,327.5,4.1,1.9,2014-09-28,0613,Aqua,MODIS,63,6.2,305.1,77.4,D,0
-17.9859,124.1329,325.9,4.5,2,2014-09-28,0613,Aqua,MODIS,40,6.2,305.8,82,D,0
-17.9873,124.129,326.2,4.5,2,2014-09-28,0613,Aqua,MODIS,43,6.2,305.9,84.6,D,0
-18.0207,124.1404,324.8,4.5,2,2014-09-28,0613,Aqua,MODIS,24,6.2,308,60.7,D,0
-18.0033,124.1368,327,4.5,2,2014-09-28,0613,Aqua,MODIS,55,6.2,307.1,91.4,D,0
-18.0222,124.1365,325.2,4.5,2,2014-09-28,0613,Aqua,MODIS,31,6.2,308.1,66.3,D,0
-18.0047,124.1328,327.1,4.5,2,2014-09-28,0613,Aqua,MODIS,56,6.2,307.2,92.2,D,0
-16.887,122.9362,335.8,3.9,1.8,2014-09-28,0613,Aqua,MODIS,87,6.2,300.8,196.7,D,0
-16.8632,122.9693,317.4,3.9,1.8,2014-09-28,0613,Aqua,MODIS,68,6.2,301.2,45,D,0
-16.8705,122.9329,326,3.9,1.8,2014-09-28,0613,Aqua,MODIS,79,6.2,301.5,106.7,D,0
-16.8797,122.9729,327.5,3.9,1.8,2014-09-28,0613,Aqua,MODIS,81,6.2,301.1,119.3,D,0
-16.8742,122.9633,341.1,3.9,1.8,2014-09-28,0613,Aqua,MODIS,90,6.2,301.6,261.4,D,0
-16.8812,122.9266,331.9,3.9,1.8,2014-09-28,0613,Aqua,MODIS,84,6.2,301.3,156.8,D,0
-23.2611,147.3686,316.4,3,1.6,2014-09-28,1220,Terra,MODIS,93,6.2,289.6,79.9,N,0
-23.2618,147.3635,321.3,3,1.6,2014-09-28,1220,Terra,MODIS,100,6.2,289.8,102.4,N,0
-23.2637,147.3387,306.9,3,1.6,2014-09-28,1220,Terra,MODIS,70,6.2,287.9,45.1,N,0
-23.4271,149.7257,309,2,1.4,2014-09-28,1220,Terra,MODIS,76,6.2,289.5,26.8,N,0
-23.4292,149.705,302.3,2,1.4,2014-09-28,1220,Terra,MODIS,48,6.2,289.7,15.1,N,0
-20.4596,148.4762,300.3,2.3,1.5,2014-09-28,1221,Terra,MODIS,25,6.2,288.9,16.1,N,0
-14.5391,144.5036,309.7,3.8,1.8,2014-09-28,1222,Terra,MODIS,67,6.2,292.2,59.6,N,0
-28.1156,140.1897,304.5,2.3,1.5,2014-09-28,1357,Terra,MODIS,60,6.2,287.9,27.6,N,0
-19.163,133.0882,334,1.2,1.1,2014-09-28,1359,Terra,MODIS,100,6.2,291.8,45.5,N,0
-19.1647,133.0771,311.6,1.2,1.1,2014-09-28,1359,Terra,MODIS,83,6.2,289.9,15.2,N,0
-20.6566,127.243,313.4,1.3,1.1,2014-09-28,1359,Terra,MODIS,87,6.2,294.3,17.2,N,0
-18.7579,128.9927,304.4,1,1,2014-09-28,1400,Terra,MODIS,53,6.2,292.5,5.9,N,0
-17.4775,123.412,323.7,2.2,1.4,2014-09-28,1400,Terra,MODIS,100,6.2,296.1,63.1,N,0
-17.1042,127.1239,307.7,1.2,1.1,2014-09-28,1400,Terra,MODIS,68,6.2,292.8,8.6,N,0
-17.0704,127.2157,306,1.2,1.1,2014-09-28,1400,Terra,MODIS,34,6.2,294.4,7.5,N,0
-17.0719,127.2045,308.1,1.2,1.1,2014-09-28,1400,Terra,MODIS,26,6.2,294.2,8.9,N,0
-17.1067,127.1818,305.4,1.2,1.1,2014-09-28,1400,Terra,MODIS,61,6.2,293.4,8.7,N,0
-16.1752,127.9219,327.7,1.1,1,2014-09-28,1400,Terra,MODIS,100,6.2,299.7,26.6,N,0
-16.7625,128.0028,306.5,1.1,1,2014-09-28,1400,Terra,MODIS,68,6.2,295.8,6.2,N,0
-17.0636,127.1919,320.1,1.2,1.1,2014-09-28,1400,Terra,MODIS,100,6.2,292,21.5,N,0
-16.1739,127.9318,332.5,1.1,1,2014-09-28,1400,Terra,MODIS,100,6.2,298.8,33.4,N,0
-17.4818,127.496,309.4,1.2,1.1,2014-09-28,1400,Terra,MODIS,76,6.2,294.4,9.7,N,0
-17.0651,127.1807,305.1,1.2,1.1,2014-09-28,1400,Terra,MODIS,20,6.2,292.7,6.8,N,0
-17.0666,127.1696,303.7,1.2,1.1,2014-09-28,1400,Terra,MODIS,47,6.2,293.1,6.3,N,0
-18.5495,128.9689,304,1,1,2014-09-28,1400,Terra,MODIS,58,6.2,291.8,6.6,N,0
-17.0874,127.0985,313.9,1.2,1.1,2014-09-28,1400,Terra,MODIS,46,6.2,296.9,12.4,N,0
-17.0888,127.087,317,1.2,1.1,2014-09-28,1400,Terra,MODIS,94,6.2,297.7,16.3,N,0
-17.0903,127.0757,309,1.2,1.1,2014-09-28,1400,Terra,MODIS,68,6.2,296.4,8.7,N,0
-17.0868,127.0919,316.5,1.2,1.1,2014-09-28,1400,Terra,MODIS,93,6.2,297.7,15.6,N,0
-17.0883,127.0806,313.2,1.2,1.1,2014-09-28,1400,Terra,MODIS,85,6.2,297.2,11.6,N,0
-17.0573,127.0877,308.5,1.2,1.1,2014-09-28,1400,Terra,MODIS,68,6.2,296.4,8.7,N,0
-17.0588,127.0762,305.5,1.2,1.1,2014-09-28,1400,Terra,MODIS,48,6.2,294.9,5.7,N,0
-17.7183,131.136,309.8,1,1,2014-09-28,1400,Terra,MODIS,78,6.2,291.8,10.4,N,0
-16.5817,130.6654,307.8,1,1,2014-09-28,1400,Terra,MODIS,47,6.2,296.6,5.9,N,0
-16.5831,130.6559,307.5,1,1,2014-09-28,1400,Terra,MODIS,15,6.2,297.1,5.4,N,0
-16.7011,130.8531,308.9,1,1,2014-09-28,1400,Terra,MODIS,67,6.2,296,6.9,N,0
-15.7381,130.5818,306.3,1,1,2014-09-28,1400,Terra,MODIS,65,6.2,295.5,5.2,N,0
-17.996,124.1305,323,2,1.4,2014-09-28,1400,Terra,MODIS,100,6.2,298.9,46.7,N,0
-17.998,124.1121,338.2,2,1.4,2014-09-28,1400,Terra,MODIS,100,6.2,300.4,99.7,N,0
-17.9856,124.1105,308.7,2,1.4,2014-09-28,1400,Terra,MODIS,55,6.2,297.5,15.3,N,0
-17.9932,124.1238,331.1,2,1.4,2014-09-28,1400,Terra,MODIS,100,6.2,299.4,72.9,N,0
-17.9954,124.1055,325.8,2,1.4,2014-09-28,1400,Terra,MODIS,100,6.2,299.3,55.6,N,0
-18.033,124.1353,311.1,2,1.4,2014-09-28,1400,Terra,MODIS,82,6.2,299,20,N,0
-18.0206,124.1338,310.4,2,1.4,2014-09-28,1400,Terra,MODIS,73,6.2,298.3,17.7,N,0
-18.0056,124.1254,319.3,2,1.4,2014-09-28,1400,Terra,MODIS,98,6.2,299.4,36.6,N,0
-16.5664,130.6435,327.6,1,1,2014-09-28,1400,Terra,MODIS,100,6.2,300.2,22.8,N,0
-16.5574,130.642,337.1,1,1,2014-09-28,1400,Terra,MODIS,100,6.2,301.1,36.6,N,0
-18,124.0939,313.8,2,1.4,2014-09-28,1400,Terra,MODIS,83,6.2,299,22.9,N,0
-16.5747,130.5867,307.6,1,1,2014-09-28,1400,Terra,MODIS,57,6.2,296.3,5.6,N,0
-16.5671,130.5758,317.3,1,1,2014-09-28,1400,Terra,MODIS,81,6.2,297.4,12.5,N,0
-16.5552,130.5932,313.2,1,1,2014-09-28,1400,Terra,MODIS,45,6.2,296.5,8.3,N,0
-16.5448,130.6012,308.7,1,1,2014-09-28,1400,Terra,MODIS,2,6.2,298.4,5.3,N,0
-15.8897,130.5504,307.4,1,1,2014-09-28,1400,Terra,MODIS,60,6.2,297.1,5.3,N,0
-18.4701,124.8834,306.6,1.8,1.3,2014-09-28,1400,Terra,MODIS,69,6.2,295,14.6,N,0
-17.6517,123.3607,312.7,2.2,1.4,2014-09-28,1400,Terra,MODIS,85,6.2,297.4,29.6,N,0
-16.1698,127.8905,329.8,1.1,1,2014-09-28,1400,Terra,MODIS,100,6.2,299.5,29.1,N,0
-16.1779,127.9021,316,1.1,1,2014-09-28,1400,Terra,MODIS,92,6.2,299.2,13.1,N,0
-16.1685,127.9007,321.2,1.1,1,2014-09-28,1400,Terra,MODIS,100,6.2,298.7,18,N,0
-18.7881,128.963,308.5,1,1,2014-09-28,1400,Terra,MODIS,75,6.2,293.2,8.7,N,0
-17.6494,123.3815,328.8,2.2,1.4,2014-09-28,1400,Terra,MODIS,100,6.2,298.4,81,N,0
-16.4781,124.304,308.3,1.8,1.3,2014-09-28,1400,Terra,MODIS,71,6.2,297.7,12.6,N,0
-16.476,124.321,310.2,1.8,1.3,2014-09-28,1400,Terra,MODIS,77,6.2,298.5,15.4,N,0
-18.8733,128.6797,303.1,1.1,1,2014-09-28,1400,Terra,MODIS,37,6.2,291,5.4,N,0
-15.6363,127.6924,332.2,1.1,1,2014-09-28,1401,Terra,MODIS,100,6.2,299.9,33.3,N,0
-13.5702,130.3042,304.3,1,1,2014-09-28,1401,Terra,MODIS,59,6.2,293.9,5.7,N,0
-15.7267,127.702,321.2,1.1,1,2014-09-28,1401,Terra,MODIS,100,6.2,298.6,18.7,N,0
-15.6303,127.696,328.1,1.1,1,2014-09-28,1401,Terra,MODIS,100,6.2,300.3,27.2,N,0
-15.6457,127.6938,333.3,1.1,1,2014-09-28,1401,Terra,MODIS,100,6.2,299.7,34.4,N,0
-15.6443,127.704,324.2,1.1,1,2014-09-28,1401,Terra,MODIS,100,6.2,298.8,21.4,N,0
-15.655,127.6952,310.6,1.1,1,2014-09-28,1401,Terra,MODIS,80,6.2,299.1,7.7,N,0
-15.7207,127.7053,319,1.1,1,2014-09-28,1401,Terra,MODIS,98,6.2,298.7,16.6,N,0
-15.6317,127.6858,323.4,1.1,1,2014-09-28,1401,Terra,MODIS,100,6.2,299,21.2,N,0
-13.384,131.4203,319.9,1.1,1.1,2014-09-28,1401,Terra,MODIS,99,6.2,296.9,17.5,N,0
-13.3935,131.4218,309.9,1.1,1.1,2014-09-28,1401,Terra,MODIS,52,6.2,297.4,7.8,N,0
-13.9575,132.5397,305.1,1.3,1.1,2014-09-28,1401,Terra,MODIS,34,6.2,292.7,7.7,N,0
-13.438,131.8627,306.7,1.2,1.1,2014-09-28,1401,Terra,MODIS,28,6.2,295.7,6,N,0
-13.4431,131.8296,323,1.2,1.1,2014-09-28,1401,Terra,MODIS,100,6.2,297.9,23.3,N,0
-13.4333,131.828,316.9,1.2,1.1,2014-09-28,1401,Terra,MODIS,94,6.2,297.3,16.2,N,0
-13.9942,132.5702,312.3,1.3,1.1,2014-09-28,1401,Terra,MODIS,84,6.2,293.8,14.1,N,0
-14.0043,132.5719,315.4,1.3,1.1,2014-09-28,1401,Terra,MODIS,91,6.2,296.3,17.9,N,0
-14.0242,133.8483,312.2,1.6,1.2,2014-09-28,1401,Terra,MODIS,84,6.2,295.9,18.5,N,0
-13.3728,131.4292,311.4,1.1,1.1,2014-09-28,1401,Terra,MODIS,44,6.2,296.4,8.9,N,0
-14.004,132.5656,306.4,1.3,1.1,2014-09-28,1401,Terra,MODIS,19,6.2,294.4,7.5,N,0
-13.4047,131.4772,331.4,1.1,1.1,2014-09-28,1401,Terra,MODIS,100,6.2,296.5,34.8,N,0
-13.4063,131.4667,320.9,1.1,1.1,2014-09-28,1401,Terra,MODIS,100,6.2,295.8,19.5,N,0
-14.0375,133.8361,330.2,1.6,1.2,2014-09-28,1401,Terra,MODIS,100,6.2,296.3,53.2,N,0
-14.0352,133.8501,320.9,1.6,1.2,2014-09-28,1401,Terra,MODIS,100,6.2,296.8,33.3,N,0
-14.0021,132.5774,314.7,1.3,1.1,2014-09-28,1401,Terra,MODIS,90,6.2,296,16.1,N,0
-14.0305,132.5944,306.7,1.3,1.1,2014-09-28,1401,Terra,MODIS,12,6.2,293.3,7.4,N,0
-14.0406,132.5961,311.5,1.3,1.1,2014-09-28,1401,Terra,MODIS,29,6.2,294.4,11.8,N,0
-14.1313,132.6056,305.2,1.3,1.1,2014-09-28,1401,Terra,MODIS,16,6.2,295,6.4,N,0
-13.4719,131.852,308.7,1.2,1.1,2014-09-28,1401,Terra,MODIS,15,6.2,296.8,6.6,N,0
-13.7929,133.572,308,1.5,1.2,2014-09-28,1401,Terra,MODIS,61,6.2,295.6,12,N,0
-13.3824,131.4308,323.8,1.1,1.1,2014-09-28,1401,Terra,MODIS,100,6.2,298.1,21.9,N,0
-13.4559,131.8769,307,1.2,1.1,2014-09-28,1401,Terra,MODIS,48,6.2,295.5,6.5,N,0
-14.0507,132.5978,308.2,1.3,1.1,2014-09-28,1401,Terra,MODIS,59,6.2,294.4,9.5,N,0
-14.0608,132.5995,312.5,1.3,1.1,2014-09-28,1401,Terra,MODIS,85,6.2,294.6,14,N,0
-14.0709,132.6012,313.2,1.3,1.1,2014-09-28,1401,Terra,MODIS,87,6.2,294.7,14.4,N,0
-13.4897,131.8662,317.6,1.2,1.1,2014-09-28,1401,Terra,MODIS,95,6.2,298.2,16.5,N,0
-13.4914,131.8552,313.3,1.2,1.1,2014-09-28,1401,Terra,MODIS,75,6.2,297.8,11.7,N,0
-13.4799,131.8645,322.5,1.2,1.1,2014-09-28,1401,Terra,MODIS,100,6.2,299.4,22.4,N,0
-13.4816,131.8536,328.3,1.2,1.1,2014-09-28,1401,Terra,MODIS,100,6.2,299,30.4,N,0
-14.3177,134.0232,322.8,1.6,1.2,2014-09-28,1401,Terra,MODIS,100,6.2,299.3,32.9,N,0
-14.4469,134.1501,308.4,1.6,1.2,2014-09-28,1401,Terra,MODIS,74,6.2,296,14.7,N,0
-14.316,133.9631,324.5,1.6,1.2,2014-09-28,1401,Terra,MODIS,100,6.2,299,37.1,N,0
-14.9318,133.2983,322,1.4,1.2,2014-09-28,1401,Terra,MODIS,100,6.2,294.8,29.2,N,0
-14.9235,133.2837,324,1.4,1.2,2014-09-28,1401,Terra,MODIS,100,6.2,295.5,32,N,0
-14.3113,133.9919,333.4,1.6,1.2,2014-09-28,1401,Terra,MODIS,100,6.2,299.2,58,N,0
-12.9152,131.3458,305.6,1.1,1.1,2014-09-28,1401,Terra,MODIS,12,6.2,295.3,5.3,N,0
-14.9423,133.3001,305.5,1.4,1.2,2014-09-28,1401,Terra,MODIS,36,6.2,293.8,9.5,N,0
-14.313,134.0526,307.6,1.6,1.2,2014-09-28,1401,Terra,MODIS,30,6.2,297.4,8.8,N,0
-12.6242,131.3776,323.7,1.2,1.1,2014-09-28,1401,Terra,MODIS,100,6.2,294.3,25.9,N,0
-14.2852,133.9426,315.6,1.6,1.2,2014-09-28,1401,Terra,MODIS,55,6.2,297.4,21,N,0
-14.315,134.0436,316.1,1.6,1.2,2014-09-28,1401,Terra,MODIS,45,6.2,298.1,19.6,N,0
-14.9277,133.3239,321.4,1.4,1.2,2014-09-28,1401,Terra,MODIS,100,6.2,293.6,29.2,N,0
-14.3154,134.0378,320.9,1.6,1.2,2014-09-28,1401,Terra,MODIS,100,6.2,298.8,29.5,N,0
-14.3066,134.0211,322.1,1.6,1.2,2014-09-28,1401,Terra,MODIS,100,6.2,298.2,31.7,N,0
-14.2684,134.0448,306.5,1.6,1.2,2014-09-28,1401,Terra,MODIS,16,6.2,295.1,8.7,N,0
-14.3265,134.0401,312.8,1.6,1.2,2014-09-28,1401,Terra,MODIS,16,6.2,298.1,14.8,N,0
-12.928,131.3264,315.9,1.1,1.1,2014-09-28,1401,Terra,MODIS,21,6.2,296.2,12.2,N,0
-14.2636,134.0745,306.7,1.6,1.2,2014-09-28,1401,Terra,MODIS,28,6.2,295.8,9.3,N,0
-12.6201,131.3814,311.6,1.2,1.1,2014-09-28,1401,Terra,MODIS,83,6.2,293.7,12.4,N,0
-14.3073,133.9465,319.2,1.6,1.2,2014-09-28,1401,Terra,MODIS,94,6.2,297.7,26.6,N,0
-14.309,134.0065,337.2,1.6,1.2,2014-09-28,1401,Terra,MODIS,100,6.2,299.3,69.4,N,0
-12.9312,131.3056,329.4,1.1,1.1,2014-09-28,1401,Terra,MODIS,100,6.2,296.9,28,N,0
-12.9343,131.2848,328.4,1.1,1.1,2014-09-28,1401,Terra,MODIS,100,6.2,298.1,27.4,N,0
-14.3137,133.9775,318.1,1.6,1.2,2014-09-28,1401,Terra,MODIS,93,6.2,298.4,23.6,N,0
-12.9264,131.3369,324.1,1.1,1.1,2014-09-28,1401,Terra,MODIS,100,6.2,296.9,23.2,N,0
-14.9298,133.3111,339.7,1.4,1.2,2014-09-28,1401,Terra,MODIS,100,6.2,295.3,67.3,N,0
-12.9168,131.3353,315.8,1.1,1.1,2014-09-28,1401,Terra,MODIS,57,6.2,296.7,13.4,N,0
-12.9296,131.316,321.5,1.1,1.1,2014-09-28,1401,Terra,MODIS,78,6.2,296.5,17.5,N,0
-14.9339,133.2855,315.1,1.4,1.2,2014-09-28,1401,Terra,MODIS,81,6.2,295.7,19,N,0
-12.9264,131.2729,314.9,1.1,1.1,2014-09-28,1401,Terra,MODIS,80,6.2,295.5,12.5,N,0
-14.3224,133.9941,315.3,1.6,1.2,2014-09-28,1401,Terra,MODIS,91,6.2,298.4,20.3,N,0
-12.9089,131.3233,316.1,1.1,1.1,2014-09-28,1401,Terra,MODIS,17,6.2,295.5,11.6,N,0
-14.9402,133.3129,345.7,1.4,1.2,2014-09-28,1401,Terra,MODIS,100,6.2,296.5,86.5,N,0
-12.9359,131.2744,348.2,1.1,1.1,2014-09-28,1401,Terra,MODIS,100,6.2,298.2,66.9,N,0
-14.3031,133.399,308.1,1.4,1.2,2014-09-28,1401,Terra,MODIS,73,6.2,296.5,11.2,N,0
-14.4494,134.1353,311.5,1.6,1.2,2014-09-28,1401,Terra,MODIS,83,6.2,295.6,19.7,N,0
-14.3049,133.961,328.5,1.6,1.2,2014-09-28,1401,Terra,MODIS,100,6.2,299.2,45.2,N,0
-14.9214,133.2964,310.9,1.4,1.2,2014-09-28,1401,Terra,MODIS,78,6.2,293.7,12.6,N,0
-14.3174,134.0289,326.2,1.6,1.2,2014-09-28,1401,Terra,MODIS,100,6.2,299.5,38.9,N,0
-12.8899,131.2932,309.6,1.1,1.1,2014-09-28,1401,Terra,MODIS,36,6.2,295.2,7.9,N,0
-14.3997,135.1676,306,1.9,1.4,2014-09-28,1401,Terra,MODIS,66,6.2,292,18.2,N,0
-13.5883,130.1812,304.3,1,1,2014-09-28,1401,Terra,MODIS,49,6.2,293.8,4.9,N,0
-12.9677,131.3222,321.9,1.1,1.1,2014-09-28,1401,Terra,MODIS,100,6.2,296.1,20.9,N,0
-12.7898,135.6469,307.7,2.2,1.4,2014-09-28,1401,Terra,MODIS,72,6.2,293.5,25.9,N,0
-12.7934,135.6263,305.2,2.2,1.4,2014-09-28,1401,Terra,MODIS,63,6.2,293.7,20.2,N,0
-14.9097,133.2618,306.6,1.4,1.2,2014-09-28,1401,Terra,MODIS,48,6.2,293.2,8.6,N,0
-14.8576,133.2527,305.5,1.4,1.2,2014-09-28,1401,Terra,MODIS,34,6.2,293.9,8.8,N,0
-12.6216,131.3708,323.1,1.2,1.1,2014-09-28,1401,Terra,MODIS,100,6.2,294.2,25.4,N,0
-12.6259,131.3671,316.4,1.2,1.1,2014-09-28,1401,Terra,MODIS,93,6.2,293.9,17.2,N,0
-12.9582,131.3206,312.9,1.1,1.1,2014-09-28,1401,Terra,MODIS,33,6.2,295.9,10.5,N,0
-11.4234,131.1858,304.2,1.2,1.1,2014-09-28,1402,Terra,MODIS,59,6.2,291,6,N,0
-11.4351,132.494,303.4,1.4,1.2,2014-09-28,1402,Terra,MODIS,37,6.2,291.2,6.8,N,0
-15.0737,145.1456,313.4,1.6,1.3,2014-09-28,1526,Aqua,MODIS,87,6.2,292,24.2,N,0
-14.9958,144.9482,301.7,1.7,1.3,2014-09-28,1526,Aqua,MODIS,44,6.2,291.7,9,N,0
-15.2633,145.1755,308.4,1.6,1.2,2014-09-28,1526,Aqua,MODIS,74,6.2,293.3,15.7,N,0
-15.2608,145.1608,311.3,1.6,1.2,2014-09-28,1526,Aqua,MODIS,82,6.2,293.1,20,N,0
-14.9923,145.1358,303.5,1.6,1.3,2014-09-28,1526,Aqua,MODIS,55,6.2,291.6,10.6,N,0
-14.9292,145.1065,307.3,1.6,1.3,2014-09-28,1526,Aqua,MODIS,71,6.2,292.9,15.2,N,0
-14.9949,145.1508,313.9,1.6,1.3,2014-09-28,1526,Aqua,MODIS,88,6.2,291.9,25.2,N,0
-15.2745,145.1736,311.2,1.6,1.2,2014-09-28,1526,Aqua,MODIS,82,6.2,293.3,19.2,N,0
-15.2432,145.0575,316.9,1.6,1.3,2014-09-28,1526,Aqua,MODIS,94,6.2,292.4,30.6,N,0
-14.5311,144.5212,307.4,1.8,1.3,2014-09-28,1526,Aqua,MODIS,71,6.2,292.6,17.9,N,0
-14.9405,145.1051,305.3,1.6,1.3,2014-09-28,1526,Aqua,MODIS,64,6.2,292,12.5,N,0
-15.2407,145.0429,311.1,1.6,1.3,2014-09-28,1526,Aqua,MODIS,82,6.2,291.7,20.7,N,0
-14.9396,145.0993,309.3,1.6,1.3,2014-09-28,1526,Aqua,MODIS,56,6.2,292.4,17.1,N,0
-15.9669,145.1075,302.3,1.6,1.2,2014-09-28,1527,Aqua,MODIS,48,6.2,289.4,10.8,N,0
-15.968,145.1143,302.4,1.6,1.2,2014-09-28,1527,Aqua,MODIS,40,6.2,289.5,10.4,N,0
-15.4755,145.0669,302.8,1.6,1.3,2014-09-28,1527,Aqua,MODIS,51,6.2,291,10.3,N,0
-15.69,145.316,305.2,1.5,1.2,2014-09-28,1527,Aqua,MODIS,49,6.2,290.5,12.4,N,0
-15.6878,145.3028,304.7,1.5,1.2,2014-09-28,1527,Aqua,MODIS,47,6.2,289.7,12,N,0
-20.459,148.4701,313.5,1,1,2014-09-28,1528,Aqua,MODIS,87,6.2,289.2,13.8,N,0
-23.2669,147.3606,332.5,1,1,2014-09-28,1529,Aqua,MODIS,100,6.2,290.5,33.1,N,0
-37.364,143.7289,313.8,1,1,2014-09-28,1532,Aqua,MODIS,88,6.2,281.2,16.2,N,0
-21.3455,117.3034,317.6,4.4,1.9,2014-09-28,1537,Terra,MODIS,95,6.2,293.4,121.8,N,0
-21.3283,117.2994,307.4,4.4,1.9,2014-09-28,1537,Terra,MODIS,71,6.2,292.7,58.1,N,0
-21.3451,117.2983,319.1,4.4,1.9,2014-09-28,1537,Terra,MODIS,98,6.2,293.4,136.6,N,0
-21.0875,117.1354,308.3,4.3,1.9,2014-09-28,1537,Terra,MODIS,74,6.2,291.7,63.7,N,0
-21.0967,117.0934,313.6,4.3,1.9,2014-09-28,1537,Terra,MODIS,87,6.2,292.8,94.8,N,0
-21.0864,117.1278,311.8,4.3,1.9,2014-09-28,1537,Terra,MODIS,76,6.2,292,87.8,N,0
-21.0953,117.0857,308.2,4.3,1.9,2014-09-28,1537,Terra,MODIS,59,6.2,292.8,65.5,N,0
-13.4035,131.4777,309.3,1.9,1.4,2014-09-28,1704,Aqua,MODIS,77,6.2,294.5,18.9,N,0
-13.3806,131.432,310.4,1.9,1.4,2014-09-28,1704,Aqua,MODIS,80,6.2,294.9,20.4,N,0
-13.4158,131.4761,306.6,1.9,1.4,2014-09-28,1704,Aqua,MODIS,34,6.2,294.7,14.1,N,0
-13.7848,133.5914,307.6,2.9,1.6,2014-09-28,1704,Aqua,MODIS,72,6.2,291.3,38.2,N,0
-13.3849,131.4262,307,1.9,1.4,2014-09-28,1704,Aqua,MODIS,70,6.2,294.9,14.8,N,0
-12.8994,131.3308,306.5,1.9,1.3,2014-09-28,1704,Aqua,MODIS,53,6.2,293.7,14.1,N,0
-12.6196,131.3839,302,1.9,1.3,2014-09-28,1704,Aqua,MODIS,46,6.2,291,12.4,N,0
-14.3167,134.0303,310.9,3.2,1.7,2014-09-28,1705,Aqua,MODIS,81,6.2,295.7,45.8,N,0
-14.3198,134.0377,309.6,3.2,1.7,2014-09-28,1705,Aqua,MODIS,78,6.2,295.6,38.9,N,0
-14.3135,134.0009,307.1,3.1,1.7,2014-09-28,1705,Aqua,MODIS,27,6.2,295,29.7,N,0
-14.3165,134.0083,307.2,3.1,1.7,2014-09-28,1705,Aqua,MODIS,31,6.2,295.3,28.4,N,0
-14.0458,132.6003,315.1,2.4,1.5,2014-09-28,1705,Aqua,MODIS,48,6.2,293.5,41.5,N,0
-14.0026,132.5828,303.3,2.4,1.5,2014-09-28,1705,Aqua,MODIS,17,6.2,292.6,16,N,0
-14.0415,133.8489,303.6,3,1.7,2014-09-28,1705,Aqua,MODIS,56,6.2,292.9,26.1,N,0
-14.1272,132.6315,325.5,2.4,1.5,2014-09-28,1705,Aqua,MODIS,100,6.2,296.7,81.1,N,0
-14.138,132.607,356.1,2.4,1.5,2014-09-28,1705,Aqua,MODIS,100,6.2,297.5,275.6,N,0
-14.1407,132.6297,344.1,2.4,1.5,2014-09-28,1705,Aqua,MODIS,100,6.2,297.6,182.2,N,0
-14.0416,133.854,303.8,3,1.7,2014-09-28,1705,Aqua,MODIS,32,6.2,293.3,25.2,N,0
-14.1907,132.0736,313.2,2.2,1.4,2014-09-28,1705,Aqua,MODIS,87,6.2,296.2,32.5,N,0
-14.1893,132.0688,309,2.2,1.4,2014-09-28,1705,Aqua,MODIS,76,6.2,296,24.4,N,0
-14.1339,132.6232,328.6,2.4,1.5,2014-09-28,1705,Aqua,MODIS,100,6.2,297.5,97.1,N,0
-14.1475,132.6215,353.2,2.4,1.5,2014-09-28,1705,Aqua,MODIS,100,6.2,298.1,253.3,N,0
-13.8336,133.6076,301.7,2.9,1.6,2014-09-28,1705,Aqua,MODIS,44,6.2,291.4,22,N,0
-13.8317,133.6132,301.7,2.9,1.6,2014-09-28,1705,Aqua,MODIS,27,6.2,291.1,20.7,N,0
-14.1449,132.5988,315.6,2.4,1.5,2014-09-28,1705,Aqua,MODIS,92,6.2,294,48.2,N,0
-14.1314,132.6005,326.6,2.4,1.5,2014-09-28,1705,Aqua,MODIS,100,6.2,294.6,88.2,N,0
-14.1136,132.6333,311.8,2.4,1.5,2014-09-28,1705,Aqua,MODIS,83,6.2,295.9,36.8,N,0
-14.1109,132.6101,306.5,2.4,1.5,2014-09-28,1705,Aqua,MODIS,66,6.2,293.9,23.2,N,0
-14.0406,132.5956,316.6,2.4,1.5,2014-09-28,1705,Aqua,MODIS,93,6.2,293.3,48.2,N,0
-14.1245,132.6086,325.9,2.4,1.5,2014-09-28,1705,Aqua,MODIS,100,6.2,295.4,82.6,N,0
-13.7869,133.5859,312,2.9,1.6,2014-09-28,1705,Aqua,MODIS,84,6.2,292,51.9,N,0
-14.0567,132.6165,323,2.4,1.5,2014-09-28,1705,Aqua,MODIS,100,6.2,295.2,71.9,N,0
-14.0702,132.6148,324.9,2.4,1.5,2014-09-28,1705,Aqua,MODIS,100,6.2,295.1,80.4,N,0
-14.0323,132.602,323.8,2.4,1.5,2014-09-28,1705,Aqua,MODIS,100,6.2,293.8,71.7,N,0
-14.0431,132.6183,314.3,2.4,1.5,2014-09-28,1705,Aqua,MODIS,87,6.2,294.5,41.3,N,0
-14.0756,132.6195,309.9,2.4,1.5,2014-09-28,1705,Aqua,MODIS,33,6.2,294.8,28.9,N,0
-14.0621,132.6212,327.1,2.4,1.5,2014-09-28,1705,Aqua,MODIS,100,6.2,295.8,86.8,N,0
-14.0593,132.5986,308.6,2.4,1.5,2014-09-28,1705,Aqua,MODIS,16,6.2,293.2,24.6,N,0
-15.647,127.7081,309.9,1.2,1.1,2014-09-28,1705,Aqua,MODIS,79,6.2,297.7,9.3,N,0
-15.6456,127.6974,311.8,1.2,1.1,2014-09-28,1705,Aqua,MODIS,83,6.2,297.1,11.2,N,0
-16.1711,127.9067,331.4,1.2,1.1,2014-09-28,1705,Aqua,MODIS,100,6.2,298.2,37.7,N,0
-15.6567,127.7067,307.8,1.2,1.1,2014-09-28,1705,Aqua,MODIS,73,6.2,297.5,7.4,N,0
-16.1696,127.8953,310.1,1.2,1.1,2014-09-28,1705,Aqua,MODIS,44,6.2,296.7,9.4,N,0
-17.2845,132.7383,309,2.8,1.6,2014-09-28,1705,Aqua,MODIS,76,6.2,287.9,46,N,0
-17.2873,132.7644,320,2.8,1.6,2014-09-28,1705,Aqua,MODIS,99,6.2,288.7,86.2,N,0
-15.5878,127.7334,310.3,1.2,1.1,2014-09-28,1705,Aqua,MODIS,80,6.2,298.3,10,N,0
-16.1743,127.9302,315.2,1.2,1.1,2014-09-28,1705,Aqua,MODIS,90,6.2,295.9,15,N,0
-16.1644,127.9314,322.2,1.2,1.1,2014-09-28,1705,Aqua,MODIS,100,6.2,297.1,23.6,N,0
-15.5863,127.7225,307.4,1.2,1.1,2014-09-28,1705,Aqua,MODIS,71,6.2,297.3,7.7,N,0
-17.0559,127.1991,318.1,1.1,1.1,2014-09-28,1706,Aqua,MODIS,96,6.2,291.1,19.6,N,0
-17.0545,127.1884,303.3,1.1,1.1,2014-09-28,1706,Aqua,MODIS,54,6.2,290,6.6,N,0
-17.2805,127.677,308,1.2,1.1,2014-09-28,1706,Aqua,MODIS,69,6.2,295.5,9.8,N,0
-17.0894,127.086,304.3,1.1,1.1,2014-09-28,1706,Aqua,MODIS,59,6.2,293.9,6.6,N,0
-17.4504,123.6071,312.1,1,1,2014-09-28,1706,Aqua,MODIS,84,6.2,292.2,11.2,N,0
-17.6471,123.3832,322.6,1,1,2014-09-28,1706,Aqua,MODIS,100,6.2,295.8,20.8,N,0
-17.6395,123.3944,314,1,1,2014-09-28,1706,Aqua,MODIS,88,6.2,295.2,12,N,0
-17.4755,123.4041,335.2,1,1,2014-09-28,1706,Aqua,MODIS,100,6.2,296.9,36,N,0
-17.0484,127.0705,307.6,1.1,1.1,2014-09-28,1706,Aqua,MODIS,36,6.2,292.1,7.9,N,0
-17.0579,127.0691,307.6,1.1,1.1,2014-09-28,1706,Aqua,MODIS,48,6.2,293.6,8.1,N,0
-17.0498,127.081,313.3,1.1,1.1,2014-09-28,1706,Aqua,MODIS,87,6.2,291.8,13.1,N,0
-17.638,123.3847,320.8,1,1,2014-09-28,1706,Aqua,MODIS,100,6.2,294.9,18.1,N,0
-17.4693,123.4251,322,1,1,2014-09-28,1706,Aqua,MODIS,75,6.2,297.3,17.7,N,0
-17.067,127.2083,310.4,1.1,1.1,2014-09-28,1706,Aqua,MODIS,80,6.2,292.4,12.1,N,0
-17.0655,127.1977,314.5,1.1,1.1,2014-09-28,1706,Aqua,MODIS,89,6.2,291.1,15.5,N,0
-17.0641,127.187,311.4,1.1,1.1,2014-09-28,1706,Aqua,MODIS,82,6.2,291.4,13.1,N,0
-17.0627,127.1763,301.8,1.1,1.1,2014-09-28,1706,Aqua,MODIS,40,6.2,291.1,5.5,N,0
-17.0684,127.219,305,1.1,1.1,2014-09-28,1706,Aqua,MODIS,62,6.2,292.4,8,N,0
-17.4678,123.4153,334.7,1,1,2014-09-28,1706,Aqua,MODIS,100,6.2,298,34.4,N,0
-18.8807,128.6779,314.4,1.5,1.2,2014-09-28,1706,Aqua,MODIS,89,6.2,289.4,24.7,N,0
-16.4716,124.3175,315.2,1,1,2014-09-28,1706,Aqua,MODIS,90,6.2,298.6,10.9,N,0
-17.6486,123.3929,309.2,1,1,2014-09-28,1706,Aqua,MODIS,77,6.2,294.5,8.7,N,0
-17.9887,124.123,310.9,1,1,2014-09-28,1706,Aqua,MODIS,57,6.2,296.7,8,N,0
-17.9901,124.1324,308.2,1,1,2014-09-28,1706,Aqua,MODIS,24,6.2,296.6,6.2,N,0
-17.9948,124.1027,321.4,1,1,2014-09-28,1706,Aqua,MODIS,100,6.2,298.8,16.9,N,0
-17.9963,124.1121,321.9,1,1,2014-09-28,1706,Aqua,MODIS,100,6.2,298.5,16.5,N,0
-17.9977,124.1215,331.4,1,1,2014-09-28,1706,Aqua,MODIS,100,6.2,299.3,27.5,N,0
-17.9991,124.131,312.2,1,1,2014-09-28,1706,Aqua,MODIS,21,6.2,297.8,8,N,0
-18.0185,124.1375,319.9,1,1,2014-09-28,1706,Aqua,MODIS,99,6.2,299.1,14.7,N,0
-18.0275,124.1361,334.2,1,1,2014-09-28,1706,Aqua,MODIS,100,6.2,300.5,31.6,N,0
-18.0289,124.1455,313.4,1,1,2014-09-28,1706,Aqua,MODIS,73,6.2,299.3,9.4,N,0
-18.4697,124.8891,309.9,1,1,2014-09-28,1706,Aqua,MODIS,79,6.2,293.5,9.5,N,0
-21.3312,117.3142,329.9,2.1,1.4,2014-09-28,1707,Aqua,MODIS,100,6.2,294.7,80.3,N,0
-21.3349,117.3339,307.7,2.1,1.4,2014-09-28,1707,Aqua,MODIS,70,6.2,293.2,19.2,N,0
-21.3401,117.2919,309.3,2.1,1.4,2014-09-28,1707,Aqua,MODIS,77,6.2,293.5,22.4,N,0
-21.3437,117.3116,314.3,2.1,1.4,2014-09-28,1707,Aqua,MODIS,89,6.2,293.8,33.2,N,0
-21.3452,117.3058,312.3,2.1,1.4,2014-09-28,1707,Aqua,MODIS,66,6.2,293.8,27.3,N,0
-21.0853,117.1281,304.1,2.2,1.4,2014-09-28,1707,Aqua,MODIS,58,6.2,293,16.6,N,0
-20.6536,127.2436,308.9,1.3,1.1,2014-09-28,1707,Aqua,MODIS,76,6.2,293.5,12.4,N,0
-14.1378,143.1974,324.3,1,1,2014-09-29,0051,Terra,MODIS,64,6.2,305.4,8.6,D,0
-13.434,141.9844,349.3,1,1,2014-09-29,0051,Terra,MODIS,95,6.2,300.8,51.3,D,0
-13.4354,141.9937,331.9,1,1,2014-09-29,0051,Terra,MODIS,73,6.2,298.5,20.6,D,0
-12.2721,141.8559,346.8,1,1,2014-09-29,0051,Terra,MODIS,93,6.2,301.3,46.5,D,0
-12.7911,135.7526,324.9,2.4,1.5,2014-09-29,0051,Terra,MODIS,68,6.2,302.2,35.2,D,0
-13.3631,143.5015,313.7,1,1,2014-09-29,0051,Terra,MODIS,42,6.2,287.7,9.1,D,0
-14.1948,143.3991,332.1,1,1,2014-09-29,0051,Terra,MODIS,62,6.2,304.5,21,D,0
-14.2677,143.4592,324.1,1,1,2014-09-29,0051,Terra,MODIS,37,6.2,297,12.3,D,0
-12.7966,135.7574,322.8,2.4,1.5,2014-09-29,0051,Terra,MODIS,59,6.2,301.3,26.2,D,0
-14.0731,143.1945,330.9,1,1,2014-09-29,0051,Terra,MODIS,62,6.2,306.3,17.5,D,0
-13.5421,142.0312,336.8,1,1,2014-09-29,0051,Terra,MODIS,78,6.2,303.9,25.7,D,0
-13.5407,142.0219,327.1,1,1,2014-09-29,0051,Terra,MODIS,42,6.2,302.7,12.9,D,0
-13.5435,142.0404,342.5,1,1,2014-09-29,0051,Terra,MODIS,85,6.2,303.9,35,D,0
-10.9907,142.1582,321.8,1,1,2014-09-29,0051,Terra,MODIS,74,6.2,300.5,10.5,D,0
-14.1468,143.196,329.7,1,1,2014-09-29,0051,Terra,MODIS,79,6.2,305.9,14.3,D,0
-12.881,135.7136,324.9,2.4,1.5,2014-09-29,0051,Terra,MODIS,57,6.2,303,33.7,D,0
-12.8924,135.7272,320.9,2.4,1.5,2014-09-29,0051,Terra,MODIS,37,6.2,302,23.6,D,0
-14.0823,143.1961,328.3,1,1,2014-09-29,0051,Terra,MODIS,41,6.2,306,15.4,D,0
-14.1652,143.4515,327.6,1,1,2014-09-29,0051,Terra,MODIS,47,6.2,298,16.1,D,0
-14.1391,143.2067,326.4,1,1,2014-09-29,0051,Terra,MODIS,74,6.2,303.5,11.7,D,0
-14.3861,144.2924,319.8,1.1,1,2014-09-29,0051,Terra,MODIS,58,6.2,293.4,13.5,D,0
-14.1301,143.208,332.3,1,1,2014-09-29,0051,Terra,MODIS,80,6.2,304.2,19.3,D,0
-14.1639,143.442,330.4,1,1,2014-09-29,0051,Terra,MODIS,65,6.2,300.5,20.4,D,0
-13.554,142.0483,330.4,1,1,2014-09-29,0051,Terra,MODIS,60,6.2,304.8,17.3,D,0
-14.1498,143.473,322.8,1,1,2014-09-29,0051,Terra,MODIS,60,6.2,296.2,12.5,D,0
-10.7527,142.1655,323.4,1,1,2014-09-29,0051,Terra,MODIS,58,6.2,293.6,15.1,D,0
-13.5449,142.0497,330,1,1,2014-09-29,0051,Terra,MODIS,47,6.2,302.5,16.7,D,0
-10.7513,142.1561,316.5,1,1,2014-09-29,0051,Terra,MODIS,0,6.2,293.2,8.1,D,0
-13.4312,141.9658,350.9,1,1,2014-09-29,0051,Terra,MODIS,95,6.2,298,55,D,0
-13.4326,141.9751,376.3,1,1,2014-09-29,0051,Terra,MODIS,100,6.2,302.7,130.8,D,0
-13.4419,141.977,326.4,1,1,2014-09-29,0051,Terra,MODIS,66,6.2,300.4,13.1,D,0
-12.2735,141.8653,327,1,1,2014-09-29,0051,Terra,MODIS,76,6.2,300.7,14.1,D,0
-13.0826,142.0383,326.9,1,1,2014-09-29,0051,Terra,MODIS,77,6.2,302.7,12.9,D,0
-14.3271,142.2292,324.6,1,1,2014-09-29,0051,Terra,MODIS,51,6.2,299.2,11.7,D,0
-14.5513,144.5047,322.3,1.1,1.1,2014-09-29,0051,Terra,MODIS,53,6.2,286.3,16.9,D,0
-12.501,142.397,338,1,1,2014-09-29,0051,Terra,MODIS,88,6.2,305.9,28.3,D,0
-12.9482,142.8662,320.9,1,1,2014-09-29,0051,Terra,MODIS,20,6.2,299.2,7.9,D,0
-13.0559,142.9095,339.8,1,1,2014-09-29,0051,Terra,MODIS,84,6.2,289.1,35.6,D,0
-12.6957,135.6227,333.5,2.5,1.5,2014-09-29,0051,Terra,MODIS,83,6.2,299,82.2,D,0
-11.8738,142.7007,314.4,1,1,2014-09-29,0051,Terra,MODIS,33,6.2,297.5,6,D,0
-12.5456,135.7698,322.2,2.4,1.5,2014-09-29,0051,Terra,MODIS,46,6.2,298.1,34.5,D,0
-12.5534,135.8141,322.4,2.4,1.5,2014-09-29,0051,Terra,MODIS,48,6.2,299.5,35.5,D,0
-14.5527,144.515,316.1,1.1,1.1,2014-09-29,0051,Terra,MODIS,26,6.2,285.2,9.3,D,0
-12.9105,143.2999,327.9,1,1,2014-09-29,0051,Terra,MODIS,50,6.2,298.3,19.7,D,0
-14.2554,142.1806,322.5,1,1,2014-09-29,0051,Terra,MODIS,34,6.2,301.6,8,D,0
-13.0812,142.029,351.7,1,1,2014-09-29,0051,Terra,MODIS,96,6.2,303.7,55.3,D,0
-12.6887,135.617,323.4,2.5,1.5,2014-09-29,0051,Terra,MODIS,64,6.2,299.1,38.3,D,0
-12.468,142.3615,353,1,1,2014-09-29,0051,Terra,MODIS,96,6.2,303.2,58.7,D,0
-11.433,132.4837,317,4.5,2,2014-09-29,0051,Terra,MODIS,46,6.2,298.2,57.3,D,0
-11.4331,132.4778,316.6,4.5,2,2014-09-29,0051,Terra,MODIS,0,6.2,298.1,55,D,0
-12.4667,142.3522,352.5,1,1,2014-09-29,0051,Terra,MODIS,96,6.2,302.8,58.8,D,0
-12.4694,142.3707,357.2,1,1,2014-09-29,0051,Terra,MODIS,98,6.2,306.2,67.8,D,0
-12.4708,142.3798,346.1,1,1,2014-09-29,0051,Terra,MODIS,92,6.2,308.1,41.5,D,0
-12.4722,142.389,334.2,1,1,2014-09-29,0051,Terra,MODIS,82,6.2,307.7,21.2,D,0
-13.0567,143.0405,316.1,1,1,2014-09-29,0051,Terra,MODIS,23,6.2,294.6,6.7,D,0
-14.194,132.0747,320.7,4.3,1.9,2014-09-29,0052,Terra,MODIS,49,6.2,304,45.8,D,0
-13.9248,132.4675,320.8,4.1,1.9,2014-09-29,0052,Terra,MODIS,37,6.2,303.8,58.1,D,0
-14.1578,132.634,330.2,3.9,1.8,2014-09-29,0052,Terra,MODIS,76,6.2,306.2,112.7,D,0
-14.1414,132.6373,321.8,3.9,1.8,2014-09-29,0052,Terra,MODIS,56,6.2,306.2,41.9,D,0
-14.1466,132.6072,328.8,3.9,1.8,2014-09-29,0052,Terra,MODIS,74,6.2,306,97.8,D,0
-13.807,133.5993,321.3,3.4,1.7,2014-09-29,0052,Terra,MODIS,54,6.2,306.6,34.1,D,0
-14.1531,132.6423,325.8,3.9,1.8,2014-09-29,0052,Terra,MODIS,66,6.2,306.4,69.6,D,0
-14.1742,132.6307,328,3.9,1.8,2014-09-29,0052,Terra,MODIS,66,6.2,305.4,98.2,D,0
-14.1511,132.599,338.6,3.9,1.8,2014-09-29,0052,Terra,MODIS,86,6.2,305.4,203.3,D,0
-16.1373,135.4657,336,2.2,1.4,2014-09-29,0052,Terra,MODIS,83,6.2,311.9,65.1,D,0
-14.1346,132.6022,320.4,3.9,1.8,2014-09-29,0052,Terra,MODIS,42,6.2,306,33.6,D,0
-15.0834,145.1353,322.1,1.2,1.1,2014-09-29,0052,Terra,MODIS,56,6.2,299.1,17.7,D,0
-15.085,145.1465,333.8,1.2,1.1,2014-09-29,0052,Terra,MODIS,85,6.2,298.8,36.1,D,0
-15.0855,145.14,331.2,1.2,1.1,2014-09-29,0052,Terra,MODIS,82,6.2,300.5,31.9,D,0
-15.087,145.1512,318.4,1.2,1.1,2014-09-29,0052,Terra,MODIS,52,6.2,294.8,11.9,D,0
-13.6306,135.2627,333.6,2.5,1.5,2014-09-29,0052,Terra,MODIS,82,6.2,305.7,72.5,D,0
-13.8123,133.6054,321.7,3.4,1.7,2014-09-29,0052,Terra,MODIS,39,6.2,306.8,32.9,D,0
-14.163,132.6039,348,3.9,1.8,2014-09-29,0052,Terra,MODIS,93,6.2,304,324.8,D,0
-14.0528,133.8474,335.6,3.2,1.7,2014-09-29,0052,Terra,MODIS,84,6.2,304.5,124.7,D,0
-13.623,135.2581,327.9,2.5,1.5,2014-09-29,0052,Terra,MODIS,74,6.2,306.5,45,D,0
-16.1356,135.4589,331.4,2.2,1.4,2014-09-29,0052,Terra,MODIS,77,6.2,311.6,42.4,D,0
-14.0377,133.8502,322.7,3.2,1.7,2014-09-29,0052,Terra,MODIS,41,6.2,304.8,35.5,D,0
-14.0409,133.8568,322.8,3.2,1.7,2014-09-29,0052,Terra,MODIS,15,6.2,304.5,35.4,D,0
-16.1393,135.4791,327.8,2.2,1.4,2014-09-29,0052,Terra,MODIS,72,6.2,312.5,30.3,D,0
-16.1445,135.5061,325,2.2,1.4,2014-09-29,0052,Terra,MODIS,63,6.2,311.4,22.5,D,0
-14.0678,133.8442,332.3,3.2,1.7,2014-09-29,0052,Terra,MODIS,78,6.2,303.1,101.3,D,0
-14.1956,132.0667,320.3,4.3,1.9,2014-09-29,0052,Terra,MODIS,42,6.2,303.9,43,D,0
-14.8741,135.1212,327.3,2.4,1.5,2014-09-29,0052,Terra,MODIS,48,6.2,305,48.7,D,0
-16.0358,144.4812,329.5,1.1,1.1,2014-09-29,0052,Terra,MODIS,74,6.2,307.3,17.8,D,0
-15.2479,144.9971,318.9,1.2,1.1,2014-09-29,0052,Terra,MODIS,29,6.2,297.9,12.8,D,0
-14.4608,134.1474,320.1,3,1.6,2014-09-29,0052,Terra,MODIS,20,6.2,304.2,25.7,D,0
-14.9374,145.1045,332.3,1.2,1.1,2014-09-29,0052,Terra,MODIS,69,6.2,299.2,29.5,D,0
-16.2602,135.6406,332.9,2.1,1.4,2014-09-29,0052,Terra,MODIS,79,6.2,313.2,48.3,D,0
-14.9438,133.29,327.4,3.4,1.7,2014-09-29,0052,Terra,MODIS,62,6.2,307.5,75.9,D,0
-14.876,134.9795,324.4,2.5,1.5,2014-09-29,0052,Terra,MODIS,48,6.2,305.3,35.8,D,0
-15.2457,145.0541,325.7,1.2,1.1,2014-09-29,0052,Terra,MODIS,77,6.2,294.9,23.3,D,0
-14.4613,134.1545,322.2,3,1.6,2014-09-29,0052,Terra,MODIS,32,6.2,304.4,32.3,D,0
-14.3145,134.0193,326.3,3,1.7,2014-09-29,0052,Terra,MODIS,66,6.2,306.4,44.3,D,0
-14.7658,134.4829,324.6,2.8,1.6,2014-09-29,0052,Terra,MODIS,65,6.2,308,41.4,D,0
-14.3231,133.9826,328.9,3.1,1.7,2014-09-29,0052,Terra,MODIS,35,6.2,305.4,63.5,D,0
-14.4111,135.1535,325.4,2.5,1.5,2014-09-29,0052,Terra,MODIS,54,6.2,306.9,35,D,0
-16.0262,144.4823,342,1.1,1.1,2014-09-29,0052,Terra,MODIS,89,6.2,306.9,42.8,D,0
-15.2614,143.6644,328.1,1.1,1,2014-09-29,0052,Terra,MODIS,66,6.2,292.2,18.2,D,0
-14.9497,133.3207,329.7,3.3,1.7,2014-09-29,0052,Terra,MODIS,67,6.2,308.1,87.1,D,0
-15.2851,141.7378,325.3,1,1,2014-09-29,0052,Terra,MODIS,49,6.2,309.2,7.2,D,0
-14.8718,134.9564,325.6,2.5,1.5,2014-09-29,0052,Terra,MODIS,35,6.2,307.8,37.3,D,0
-14.8629,135.1062,322.3,2.5,1.5,2014-09-29,0052,Terra,MODIS,31,6.2,306.2,26.3,D,0
-14.3242,133.9882,333.1,3.1,1.7,2014-09-29,0052,Terra,MODIS,67,6.2,305.2,87.6,D,0
-14.3195,134.0469,328.5,3,1.7,2014-09-29,0052,Terra,MODIS,74,6.2,305.8,59.4,D,0
-14.8669,135.1286,323.1,2.4,1.5,2014-09-29,0052,Terra,MODIS,42,6.2,305.2,32.8,D,0
-14.8657,134.9636,328.3,2.5,1.5,2014-09-29,0052,Terra,MODIS,40,6.2,307.1,43.2,D,0
-15.075,134.9054,337.1,2.5,1.5,2014-09-29,0052,Terra,MODIS,85,6.2,307.6,91.9,D,0
-14.4151,135.1763,323.7,2.5,1.5,2014-09-29,0052,Terra,MODIS,31,6.2,305.3,28.9,D,0
-15.0708,134.8823,332.7,2.5,1.5,2014-09-29,0052,Terra,MODIS,80,6.2,309.6,65,D,0
-14.9359,145.0935,328.5,1.2,1.1,2014-09-29,0052,Terra,MODIS,33,6.2,296.4,23.4,D,0
-15.422,143.0434,328.3,1,1,2014-09-29,0052,Terra,MODIS,45,6.2,309.5,10.4,D,0
-16.2603,135.6346,332.5,2.1,1.4,2014-09-29,0052,Terra,MODIS,79,6.2,312.8,44.2,D,0
-14.3438,134.51,328.3,2.8,1.6,2014-09-29,0052,Terra,MODIS,72,6.2,308.5,58.4,D,0
-14.3417,134.5174,326.7,2.8,1.6,2014-09-29,0052,Terra,MODIS,48,6.2,308.8,47,D,0
-14.7686,134.4763,323.5,2.8,1.6,2014-09-29,0052,Terra,MODIS,58,6.2,307.6,36,D,0
-15.2505,145.0014,316.8,1.2,1.1,2014-09-29,0052,Terra,MODIS,52,6.2,297,14.7,D,0
-14.3187,134.0412,328.4,3,1.7,2014-09-29,0052,Terra,MODIS,73,6.2,305.8,58.1,D,0
-16.0344,144.4705,330.7,1.1,1.1,2014-09-29,0052,Terra,MODIS,77,6.2,307.3,19.2,D,0
-16.0248,144.4717,324.8,1.1,1.1,2014-09-29,0052,Terra,MODIS,55,6.2,307.3,12.4,D,0
-14.4216,135.168,323.6,2.5,1.5,2014-09-29,0052,Terra,MODIS,33,6.2,305.6,29.6,D,0
-15.483,145.0699,315.4,1.2,1.1,2014-09-29,0052,Terra,MODIS,22,6.2,292,11.2,D,0
-16.5246,136.5632,325.9,1.8,1.3,2014-09-29,0052,Terra,MODIS,67,6.2,309.5,20.1,D,0
-16.5221,136.5738,326.4,1.8,1.3,2014-09-29,0052,Terra,MODIS,60,6.2,309.2,18.7,D,0
-16.6108,136.8069,337.7,1.7,1.3,2014-09-29,0052,Terra,MODIS,84,6.2,310.6,45.7,D,0
-16.6135,136.8226,336.5,1.7,1.3,2014-09-29,0052,Terra,MODIS,83,6.2,309.2,42,D,0
-16.3866,135.4612,325.2,2.2,1.4,2014-09-29,0052,Terra,MODIS,66,6.2,312.7,23.8,D,0
-15.1856,134.4222,324.7,2.7,1.6,2014-09-29,0052,Terra,MODIS,41,6.2,309.7,30.7,D,0
-14.9277,133.2668,333.3,3.4,1.7,2014-09-29,0052,Terra,MODIS,58,6.2,308,103.3,D,0
-14.9225,133.2622,331.8,3.4,1.7,2014-09-29,0052,Terra,MODIS,67,6.2,308.2,101.1,D,0
-15.0078,135.0429,335,2.5,1.5,2014-09-29,0052,Terra,MODIS,83,6.2,304.4,89.2,D,0
-15.2837,141.7285,324.4,1,1,2014-09-29,0052,Terra,MODIS,20,6.2,308.6,6.3,D,0
-14.9961,144.9331,329.6,1.2,1.1,2014-09-29,0052,Terra,MODIS,73,6.2,299.9,26.4,D,0
-15.0073,144.9427,324.1,1.2,1.1,2014-09-29,0052,Terra,MODIS,62,6.2,298.1,19.5,D,0
-15.212,134.3839,324.1,2.7,1.6,2014-09-29,0052,Terra,MODIS,37,6.2,310.4,24.9,D,0
-19.4562,133.3444,322.7,2.7,1.6,2014-09-29,0053,Terra,MODIS,49,6.2,312,24.3,D,0
-17.2945,132.7381,341.7,3.3,1.7,2014-09-29,0053,Terra,MODIS,88,6.2,312.1,168.2,D,0
-17.2897,132.7318,332.7,3.3,1.7,2014-09-29,0053,Terra,MODIS,79,6.2,311.3,94.6,D,0
-17.2957,132.7623,325.6,3.3,1.7,2014-09-29,0053,Terra,MODIS,60,6.2,311.5,48.6,D,0
-17.3003,132.7686,334.7,3.3,1.7,2014-09-29,0053,Terra,MODIS,81,6.2,311.4,111.8,D,0
-17.311,132.7591,339.5,3.3,1.7,2014-09-29,0053,Terra,MODIS,86,6.2,310.3,163,D,0
-17.3098,132.7349,342.8,3.3,1.7,2014-09-29,0053,Terra,MODIS,89,6.2,310.2,185.8,D,0
-17.305,132.7286,351.1,3.3,1.7,2014-09-29,0053,Terra,MODIS,95,6.2,311,284.7,D,0
-17.2921,132.642,347.3,3.4,1.7,2014-09-29,0053,Terra,MODIS,92,6.2,312.1,215.9,D,0
-17.3016,132.6075,342.3,3.4,1.7,2014-09-29,0053,Terra,MODIS,57,6.2,311.1,147.4,D,0
-17.3075,132.6388,371.7,3.4,1.7,2014-09-29,0053,Terra,MODIS,100,6.2,311.6,589.2,D,0
-17.2867,132.6359,328.4,3.4,1.7,2014-09-29,0053,Terra,MODIS,58,6.2,311.2,53.7,D,0
-17.2959,132.6014,333.2,3.4,1.7,2014-09-29,0053,Terra,MODIS,43,6.2,311,96.8,D,0
-17.3021,132.6327,359.8,3.4,1.7,2014-09-29,0053,Terra,MODIS,99,6.2,312.3,407.9,D,0
-17.3114,132.5982,338.7,3.4,1.7,2014-09-29,0053,Terra,MODIS,56,6.2,309,153,D,0
-17.3175,132.6296,343,3.4,1.7,2014-09-29,0053,Terra,MODIS,80,6.2,306.3,207.9,D,0
-17.3611,132.522,340.1,3.4,1.7,2014-09-29,0053,Terra,MODIS,87,6.2,309.9,178.9,D,0
-17.3672,132.5536,330.3,3.4,1.7,2014-09-29,0053,Terra,MODIS,63,6.2,306.4,103.6,D,0
-17.3766,132.5187,342.6,3.4,1.7,2014-09-29,0053,Terra,MODIS,89,6.2,308.4,207.4,D,0
-17.3826,132.5503,337.1,3.4,1.7,2014-09-29,0053,Terra,MODIS,84,6.2,306.1,162.3,D,0
-17.3617,132.549,324.2,3.4,1.7,2014-09-29,0053,Terra,MODIS,31,6.2,306.6,62.2,D,0
-17.3772,132.5457,349.3,3.4,1.7,2014-09-29,0053,Terra,MODIS,93,6.2,307.8,288.4,D,0
-17.0148,132.7196,331.8,3.4,1.7,2014-09-29,0053,Terra,MODIS,78,6.2,308.3,102.9,D,0
-17.0097,132.7147,334.5,3.4,1.7,2014-09-29,0053,Terra,MODIS,81,6.2,309.3,125.4,D,0
-17.2956,132.576,335.5,3.4,1.7,2014-09-29,0053,Terra,MODIS,54,6.2,311.5,100.5,D,0
-17.2897,132.57,328.9,3.4,1.7,2014-09-29,0053,Terra,MODIS,38,6.2,311.3,66.1,D,0
-17.3052,132.5668,338.4,3.4,1.7,2014-09-29,0053,Terra,MODIS,76,6.2,310.7,149.4,D,0
-17.371,132.5141,341.2,3.4,1.7,2014-09-29,0053,Terra,MODIS,88,6.2,309.7,191.3,D,0
-17.2827,132.6764,328.6,3.3,1.7,2014-09-29,0053,Terra,MODIS,36,6.2,311.4,53.4,D,0
-17.2886,132.7074,340.4,3.3,1.7,2014-09-29,0053,Terra,MODIS,87,6.2,311,156.1,D,0
-17.2836,132.7011,331.3,3.3,1.7,2014-09-29,0053,Terra,MODIS,70,6.2,311,74.3,D,0
-16.6744,130.884,319.7,4.6,2,2014-09-29,0053,Terra,MODIS,20,6.2,308.7,46.3,D,0
-17.298,132.6732,350.6,3.3,1.7,2014-09-29,0053,Terra,MODIS,94,6.2,311.5,258.2,D,0
-17.3039,132.7041,340.4,3.3,1.7,2014-09-29,0053,Terra,MODIS,87,6.2,308.4,153.6,D,0
-17.3134,132.67,371.8,3.3,1.7,2014-09-29,0053,Terra,MODIS,100,6.2,310.3,606.4,D,0
-17.2928,132.667,345.5,3.3,1.7,2014-09-29,0053,Terra,MODIS,91,6.2,311.8,215,D,0
-17.2989,132.6979,340.4,3.3,1.7,2014-09-29,0053,Terra,MODIS,86,6.2,308.8,160.5,D,0
-17.3082,132.6638,374,3.3,1.7,2014-09-29,0053,Terra,MODIS,100,6.2,312.3,671.2,D,0
-17.3143,132.6947,338,3.3,1.7,2014-09-29,0053,Terra,MODIS,71,6.2,307.3,154.7,D,0
-17.3236,132.6607,327.2,3.3,1.7,2014-09-29,0053,Terra,MODIS,47,6.2,304.9,82.6,D,0
-17.7191,131.1478,321.9,4.2,1.9,2014-09-29,0053,Terra,MODIS,31,6.2,311.7,49.9,D,0
-17.6928,132.1132,324.1,3.6,1.8,2014-09-29,0053,Terra,MODIS,64,6.2,308.4,68.8,D,0
-17.7087,132.1098,335.7,3.6,1.8,2014-09-29,0053,Terra,MODIS,83,6.2,308.1,160.5,D,0
-17.7004,132.1041,328.2,3.6,1.8,2014-09-29,0053,Terra,MODIS,53,6.2,308.8,93.7,D,0
-17.7163,132.1007,335.7,3.6,1.8,2014-09-29,0053,Terra,MODIS,84,6.2,307,164.4,D,0
-19.1711,133.0739,328.9,2.8,1.6,2014-09-29,0053,Terra,MODIS,63,6.2,312.4,59,D,0
-19.1762,133.1005,328.1,2.8,1.6,2014-09-29,0053,Terra,MODIS,55,6.2,314.3,51.2,D,0
-19.1906,133.0975,354.6,2.8,1.6,2014-09-29,0053,Terra,MODIS,97,6.2,314.8,254.4,D,0
-19.1998,133.0678,355.7,2.8,1.6,2014-09-29,0053,Terra,MODIS,97,6.2,314.3,277.1,D,0
-19.1915,133.0901,350,2.8,1.6,2014-09-29,0053,Terra,MODIS,94,6.2,315.4,205.7,D,0
-19.3906,133.1791,331.9,2.8,1.6,2014-09-29,0053,Terra,MODIS,77,6.2,311.9,76.6,D,0
-17.654,131.5722,332.1,3.9,1.8,2014-09-29,0053,Terra,MODIS,80,6.2,309.2,142.9,D,0
-17.6657,131.6006,321.4,3.9,1.8,2014-09-29,0053,Terra,MODIS,59,6.2,308,57.6,D,0
-17.7095,132.0673,324.4,3.6,1.8,2014-09-29,0053,Terra,MODIS,60,6.2,305.6,70.9,D,0
-19.2006,133.0606,344,2.8,1.6,2014-09-29,0053,Terra,MODIS,89,6.2,312.4,168.2,D,0
-19.3956,133.205,329.7,2.8,1.6,2014-09-29,0053,Terra,MODIS,73,6.2,311.9,64.2,D,0
-19.3979,133.1974,329,2.8,1.6,2014-09-29,0053,Terra,MODIS,35,6.2,311.7,55.6,D,0
-17.6583,131.5638,335.4,3.9,1.8,2014-09-29,0053,Terra,MODIS,83,6.2,308.5,182.8,D,0
-19.2049,133.0945,361.5,2.8,1.6,2014-09-29,0053,Terra,MODIS,100,6.2,314.9,338.1,D,0
-19.2142,133.0649,392.3,2.8,1.6,2014-09-29,0053,Terra,MODIS,100,6.2,313.2,907.7,D,0
-19.2193,133.0915,335.7,2.8,1.6,2014-09-29,0053,Terra,MODIS,77,6.2,311.6,105.8,D,0
-19.2059,133.0871,369.6,2.8,1.6,2014-09-29,0053,Terra,MODIS,100,6.2,315.8,456.8,D,0
-19.215,133.0576,376.8,2.8,1.6,2014-09-29,0053,Terra,MODIS,100,6.2,309.3,588.2,D,0
-19.2202,133.0841,353.6,2.8,1.6,2014-09-29,0053,Terra,MODIS,96,6.2,312,259.2,D,0
-17.7209,131.1399,322.4,4.2,1.9,2014-09-29,0053,Terra,MODIS,41,6.2,312.1,53.4,D,0
-17.6862,132.0797,322.2,3.6,1.8,2014-09-29,0053,Terra,MODIS,55,6.2,310.7,54.6,D,0
-17.7021,132.0764,340,3.6,1.8,2014-09-29,0053,Terra,MODIS,87,6.2,307.9,204.2,D,0
-23.7422,133.8431,323.3,2,1.4,2014-09-29,0054,Terra,MODIS,35,6.2,311,18.2,D,0
-23.2744,147.3679,329.2,2.2,1.4,2014-09-29,0054,Terra,MODIS,80,6.2,299.9,63.1,D,0
-23.2723,147.3622,327.8,2.2,1.4,2014-09-29,0054,Terra,MODIS,64,6.2,300.6,55.1,D,0
-23.2592,147.348,316.1,2.2,1.4,2014-09-29,0054,Terra,MODIS,48,6.2,300.2,21.1,D,0
-23.2721,147.3463,333,2.2,1.4,2014-09-29,0054,Terra,MODIS,83,6.2,299.4,78.5,D,0
-23.2854,147.3611,321.8,2.2,1.4,2014-09-29,0054,Terra,MODIS,69,6.2,297.2,37.7,D,0
-23.305,149.8642,314.9,3.4,1.7,2014-09-29,0054,Terra,MODIS,52,6.2,297.4,51.4,D,0
-25.2398,149.0189,313,3.1,1.7,2014-09-29,0054,Terra,MODIS,41,6.2,297.4,35,D,0
-25.2416,149.0241,312.3,3.1,1.7,2014-09-29,0054,Terra,MODIS,44,6.2,296.9,32.6,D,0
-25.2265,149.026,311.8,3.1,1.7,2014-09-29,0054,Terra,MODIS,38,6.2,297.9,31.5,D,0
-23.7888,147.3391,315,2.2,1.4,2014-09-29,0054,Terra,MODIS,38,6.2,299.6,16,D,0
-29.388,146.2966,318.3,2.2,1.4,2014-09-29,0055,Terra,MODIS,37,6.2,306.4,16.2,D,0
-29.3859,146.2736,336.3,2.2,1.4,2014-09-29,0055,Terra,MODIS,84,6.2,308.2,85.2,D,0
-30.1922,147.8075,324.1,2.9,1.6,2014-09-29,0056,Terra,MODIS,72,6.2,307.5,45.5,D,0
-30.1917,147.8129,322.8,2.9,1.6,2014-09-29,0056,Terra,MODIS,69,6.2,307.4,38.4,D,0
-31.9306,145.8597,321.6,2.2,1.4,2014-09-29,0056,Terra,MODIS,68,6.2,303.9,31.2,D,0
-31.9293,145.8771,323.6,2.2,1.4,2014-09-29,0056,Terra,MODIS,74,6.2,304.6,40.5,D,0
-31.9273,145.8533,315.9,2.2,1.4,2014-09-29,0056,Terra,MODIS,53,6.2,303.6,18.1,D,0
-31.9327,145.8835,318.3,2.2,1.4,2014-09-29,0056,Terra,MODIS,43,6.2,304.1,19.5,D,0
-32.9211,146.674,317.2,2.6,1.5,2014-09-29,0056,Terra,MODIS,65,6.2,303.6,28.5,D,0
-32.919,146.6461,318.7,2.6,1.5,2014-09-29,0056,Terra,MODIS,68,6.2,302.6,34.1,D,0
-33.0051,137.5829,316.9,1,1,2014-09-29,0057,Terra,MODIS,55,6.2,303.4,5.7,D,2
-34.2567,145.865,315.7,2.4,1.5,2014-09-29,0057,Terra,MODIS,65,6.2,298,31.9,D,0
-37.3666,143.7177,304.5,1.9,1.3,2014-09-29,0058,Terra,MODIS,56,6.2,285,14.4,D,0
-37.3791,141.0671,306.9,1.3,1.1,2014-09-29,0058,Terra,MODIS,25,6.2,294.7,9.6,D,0
-15.6653,127.7201,328.9,4.2,1.9,2014-09-29,0230,Terra,MODIS,71,6.2,310.2,95,D,0
-15.668,127.7129,328.9,4.2,1.9,2014-09-29,0230,Terra,MODIS,57,6.2,310.5,90.6,D,0
-16.8088,124.1757,342.7,2.3,1.5,2014-09-29,0231,Terra,MODIS,88,6.2,311.9,107.8,D,0
-16.8471,122.9312,336.6,1.9,1.3,2014-09-29,0231,Terra,MODIS,82,6.2,310.3,57.2,D,0
-16.8876,122.9618,329.5,1.9,1.3,2014-09-29,0231,Terra,MODIS,50,6.2,314.9,30.2,D,0
-16.8918,122.9555,329.6,1.9,1.3,2014-09-29,0231,Terra,MODIS,36,6.2,312.7,29.6,D,0
-16.1707,127.9124,327.4,4.4,1.9,2014-09-29,0231,Terra,MODIS,68,6.2,309.3,98.2,D,0
-17.2167,127.2159,327.4,4,1.9,2014-09-29,0231,Terra,MODIS,34,6.2,312.6,62.1,D,0
-17.1876,127.1481,340.2,4,1.9,2014-09-29,0231,Terra,MODIS,61,6.2,313.9,186.5,D,0
-16.8112,124.1976,338.9,2.3,1.5,2014-09-29,0231,Terra,MODIS,85,6.2,314,82.5,D,0
-16.8492,122.9488,370.2,1.9,1.3,2014-09-29,0231,Terra,MODIS,100,6.2,314.8,258.1,D,0
-17.4689,123.3609,382.1,2.1,1.4,2014-09-29,0231,Terra,MODIS,100,6.2,319.7,404.1,D,0
-17.2335,127.2141,336.7,4,1.9,2014-09-29,0231,Terra,MODIS,82,6.2,311.9,162.2,D,0
-17.1672,127.1127,342.8,3.9,1.8,2014-09-29,0231,Terra,MODIS,73,6.2,309.3,233.7,D,0
-17.2043,127.1464,345.9,4,1.9,2014-09-29,0231,Terra,MODIS,79,6.2,312.4,270,D,0
-17.1927,127.1425,351.3,4,1.9,2014-09-29,0231,Terra,MODIS,94,6.2,313.9,351.9,D,0
-17.2094,127.1408,334.9,4,1.9,2014-09-29,0231,Terra,MODIS,55,6.2,310.3,148.2,D,0
-17.1505,127.1145,358.8,3.9,1.8,2014-09-29,0231,Terra,MODIS,99,6.2,312.6,471.3,D,0
-17.1558,127.109,371,3.9,1.8,2014-09-29,0231,Terra,MODIS,100,6.2,312.9,742,D,0
-16.7613,127.9032,348.8,4.5,1.9,2014-09-29,0231,Terra,MODIS,93,6.2,313.3,377.5,D,0
-16.7788,127.9011,340.5,4.5,1.9,2014-09-29,0231,Terra,MODIS,79,6.2,311,249,D,0
-16.7963,127.8992,326.2,4.5,1.9,2014-09-29,0231,Terra,MODIS,31,6.2,310,91.2,D,0
-16.7617,127.8964,346.6,4.5,1.9,2014-09-29,0231,Terra,MODIS,92,6.2,313.2,340.7,D,0
-16.7792,127.8944,342.1,4.5,1.9,2014-09-29,0231,Terra,MODIS,88,6.2,310.9,283.4,D,0
-16.7967,127.8926,324.9,4.5,1.9,2014-09-29,0231,Terra,MODIS,64,6.2,309.7,90.4,D,0
-17.0733,127.2419,327.2,4,1.9,2014-09-29,0231,Terra,MODIS,33,6.2,314.3,64.9,D,0
-17.0622,127.1308,331.5,3.9,1.8,2014-09-29,0231,Terra,MODIS,54,6.2,313.4,96.4,D,0
-17.0671,127.1234,331.4,3.9,1.8,2014-09-29,0231,Terra,MODIS,52,6.2,314.3,90.9,D,0
-16.7339,127.9962,337,4.5,2,2014-09-29,0231,Terra,MODIS,82,6.2,311.9,188.9,D,0
-16.734,127.9907,331,4.5,2,2014-09-29,0231,Terra,MODIS,28,6.2,311.4,114.8,D,0
-17.4845,123.3729,357.7,2.1,1.4,2014-09-29,0231,Terra,MODIS,98,6.2,319.4,164.8,D,0
-17.4965,123.3772,332.7,2.1,1.4,2014-09-29,0231,Terra,MODIS,19,6.2,317.5,24.9,D,0
-17.4838,123.3787,353,2.1,1.4,2014-09-29,0231,Terra,MODIS,95,6.2,319.4,126.7,D,0
-17.4563,123.3625,351.8,2.1,1.4,2014-09-29,0231,Terra,MODIS,81,6.2,318.2,122.8,D,0
-17.4575,127.4951,332.7,4.3,1.9,2014-09-29,0231,Terra,MODIS,76,6.2,314,125.6,D,0
-17.4599,127.4881,330.8,4.3,1.9,2014-09-29,0231,Terra,MODIS,73,6.2,314.1,109.5,D,0
-17.1838,127.111,343,3.9,1.8,2014-09-29,0231,Terra,MODIS,71,6.2,309.5,240.6,D,0
-17.1892,127.1058,341.5,3.9,1.8,2014-09-29,0231,Terra,MODIS,71,6.2,308.7,223.2,D,0
-17.4541,123.3432,347,2.1,1.4,2014-09-29,0231,Terra,MODIS,73,6.2,312.8,103.2,D,0
-17.4667,123.3417,359.4,2.1,1.4,2014-09-29,0231,Terra,MODIS,99,6.2,309.7,186.2,D,0
-17.4816,123.3594,375,2.1,1.4,2014-09-29,0231,Terra,MODIS,100,6.2,316.4,322.1,D,0
-16.1695,127.9181,326.9,4.4,1.9,2014-09-29,0231,Terra,MODIS,65,6.2,309.3,92.1,D,0
-17.458,123.6034,348.6,2.2,1.4,2014-09-29,0231,Terra,MODIS,0,6.2,316.4,119.1,D,0
-17.4824,123.3536,361.2,2.1,1.4,2014-09-29,0231,Terra,MODIS,100,6.2,313.8,197.2,D,0
-18.0092,124.1133,340.4,2.4,1.5,2014-09-29,0231,Terra,MODIS,74,6.2,314.5,91.5,D,0
-17.9932,124.0924,355.8,2.4,1.5,2014-09-29,0231,Terra,MODIS,97,6.2,313,210.5,D,0
-18.0066,124.09,338.5,2.4,1.5,2014-09-29,0231,Terra,MODIS,61,6.2,307.7,85.6,D,0
-21.3134,117.3161,335,1,1,2014-09-29,0232,Terra,MODIS,78,6.2,314.7,17,D,0
-21.3148,117.326,328.7,1,1,2014-09-29,0232,Terra,MODIS,57,6.2,313.8,8.4,D,0
-21.3212,117.3047,334.8,1,1,2014-09-29,0232,Terra,MODIS,70,6.2,314.3,15.8,D,0
-21.3226,117.3146,368.5,1,1,2014-09-29,0232,Terra,MODIS,100,6.2,315.3,95.8,D,0
-21.3239,117.3245,357.6,1,1,2014-09-29,0232,Terra,MODIS,98,6.2,314,63.6,D,0
-21.3303,117.3033,347.4,1,1,2014-09-29,0232,Terra,MODIS,91,6.2,314.5,38.7,D,0
-21.35,117.3103,346.8,1,1,2014-09-29,0232,Terra,MODIS,91,6.2,315,38.5,D,0
-21.3591,117.3089,329.9,1,1,2014-09-29,0232,Terra,MODIS,67,6.2,311.7,11.8,D,0
-21.3921,117.3441,336.1,1,1,2014-09-29,0232,Terra,MODIS,80,6.2,311.6,22.8,D,0
-21.3935,117.3539,335.5,1,1,2014-09-29,0232,Terra,MODIS,79,6.2,310.3,22.3,D,0
-21.1099,117.1092,351.6,1,1,2014-09-29,0232,Terra,MODIS,94,6.2,313.6,48.8,D,0
-21.1113,117.119,334.4,1,1,2014-09-29,0232,Terra,MODIS,76,6.2,313.2,16.1,D,0
-20.666,127.2677,328.7,4.5,1.9,2014-09-29,0232,Terra,MODIS,54,6.2,314.7,77,D,0
-20.6658,127.2744,327.1,4.5,1.9,2014-09-29,0232,Terra,MODIS,40,6.2,314.5,62.1,D,0
-22.8461,118.0403,344.6,1.1,1.1,2014-09-29,0233,Terra,MODIS,90,6.2,313,38.6,D,0
-22.8446,118.0295,338.6,1.1,1.1,2014-09-29,0233,Terra,MODIS,84,6.2,313.4,26,D,0
-32.8628,116.4399,301.8,1.2,1.1,2014-09-29,0235,Terra,MODIS,48,6.2,289.3,6.5,D,0
-35.506,144.6583,307.4,3.8,1.8,2014-09-29,0334,Aqua,MODIS,56,6.2,296.7,24.6,D,0
-35.3601,144.9655,310.2,3.6,1.8,2014-09-29,0334,Aqua,MODIS,60,6.2,299.5,25.8,D,0
-36.2025,148.5795,303.4,2.1,1.4,2014-09-29,0334,Aqua,MODIS,53,6.2,293.3,11.8,D,0
-36.3314,149.4936,311,1.9,1.3,2014-09-29,0334,Aqua,MODIS,71,6.2,297,17.3,D,0
-36.3191,149.4929,310.1,1.9,1.3,2014-09-29,0334,Aqua,MODIS,69,6.2,295.6,15.6,D,0
-35.2474,144.2372,311.7,4,1.9,2014-09-29,0334,Aqua,MODIS,53,6.2,299.2,37,D,0
-34.4653,150.8801,316.8,1.5,1.2,2014-09-29,0334,Aqua,MODIS,52,6.2,304,9.3,D,2
-34.493,146.3744,315.7,2.8,1.6,2014-09-29,0335,Aqua,MODIS,67,6.2,301.9,33.5,D,0
-31.9268,145.8634,323.2,2.9,1.6,2014-09-29,0335,Aqua,MODIS,72,6.2,307.5,46.4,D,0
-32.9314,146.6589,323.4,2.6,1.6,2014-09-29,0335,Aqua,MODIS,73,6.2,307,43.1,D,0
-32.9335,146.6305,318.3,2.6,1.6,2014-09-29,0335,Aqua,MODIS,63,6.2,305.7,22.6,D,0
-31.4554,152.0767,321.4,1.2,1.1,2014-09-29,0335,Aqua,MODIS,76,6.2,298.2,19.3,D,0
-31.4547,152.0712,316,1.2,1.1,2014-09-29,0335,Aqua,MODIS,69,6.2,298.4,13.8,D,0
-31.4532,152.0834,310.8,1.2,1.1,2014-09-29,0335,Aqua,MODIS,56,6.2,297,9,D,0
-31.5514,152.1247,309.5,1.2,1.1,2014-09-29,0335,Aqua,MODIS,52,6.2,298.8,6.7,D,0
-31.6766,151.919,309.5,1.2,1.1,2014-09-29,0335,Aqua,MODIS,49,6.2,299.3,6.5,D,0
-32.2361,151.4766,311.3,1.3,1.1,2014-09-29,0335,Aqua,MODIS,51,6.2,299.7,7.4,D,0
-29.3901,151.4334,324.8,1.2,1.1,2014-09-29,0336,Aqua,MODIS,76,6.2,303.3,18.5,D,0
-26.9527,150.7696,322.6,1.2,1.1,2014-09-29,0336,Aqua,MODIS,49,6.2,309.4,11.2,D,0
-30.133,150.8872,314,1.3,1.1,2014-09-29,0336,Aqua,MODIS,47,6.2,298.6,10.3,D,0
-30.1263,150.8805,315,1.3,1.1,2014-09-29,0336,Aqua,MODIS,32,6.2,297.8,10,D,0
-30.1345,150.8738,316.6,1.3,1.1,2014-09-29,0336,Aqua,MODIS,64,6.2,297.7,13.8,D,0
-27.4578,152.3153,318.2,1.1,1,2014-09-29,0336,Aqua,MODIS,43,6.2,304.9,8.5,D,0
-28.1224,151.5728,319.6,1.1,1.1,2014-09-29,0336,Aqua,MODIS,57,6.2,306.9,7.8,D,0
-29.8585,149.2013,325.9,1.6,1.3,2014-09-29,0336,Aqua,MODIS,62,6.2,313,20.1,D,0
-29.8603,149.1844,326.2,1.6,1.3,2014-09-29,0336,Aqua,MODIS,69,6.2,312.9,21,D,0
-29.964,151.7334,313.9,1.2,1.1,2014-09-29,0336,Aqua,MODIS,57,6.2,302.4,7.6,D,0
-29.8586,149.1913,328.5,1.6,1.3,2014-09-29,0336,Aqua,MODIS,61,6.2,313.6,24.6,D,0
-29.4312,152.7845,315.7,1.1,1,2014-09-29,0336,Aqua,MODIS,66,6.2,300.3,8.6,D,0
-29.4298,152.7954,320.6,1.1,1,2014-09-29,0336,Aqua,MODIS,74,6.2,302.1,12.8,D,0
-25.7637,150.8661,332.7,1.2,1.1,2014-09-29,0337,Aqua,MODIS,81,6.2,307.4,26.1,D,0
-25.0307,150.799,327.8,1.2,1.1,2014-09-29,0337,Aqua,MODIS,74,6.2,308.8,14.7,D,0
-25.0403,150.8005,331.4,1.2,1.1,2014-09-29,0337,Aqua,MODIS,79,6.2,310.6,19.5,D,0
-25.2336,149.6307,321.8,1.3,1.1,2014-09-29,0337,Aqua,MODIS,68,6.2,304.6,16.5,D,0
-25.2321,149.644,321.3,1.3,1.1,2014-09-29,0337,Aqua,MODIS,65,6.2,303.7,15.3,D,0
-24.3665,146.2955,320.8,2.2,1.4,2014-09-29,0337,Aqua,MODIS,47,6.2,305.6,29.3,D,0
-24.3679,146.2888,323.3,2.2,1.4,2014-09-29,0337,Aqua,MODIS,60,6.2,306.2,35.8,D,0
-25.2387,149.0286,339,1.5,1.2,2014-09-29,0337,Aqua,MODIS,87,6.2,304.4,53.8,D,0
-25.1657,149.6158,324.4,1.3,1.1,2014-09-29,0337,Aqua,MODIS,59,6.2,304.3,17.5,D,0
-25.1553,149.6144,323,1.3,1.1,2014-09-29,0337,Aqua,MODIS,28,6.2,303.9,14.1,D,0
-25.1284,149.6639,317.4,1.3,1.1,2014-09-29,0337,Aqua,MODIS,43,6.2,302.8,9.6,D,0
-25.9642,149.7157,340.3,1.3,1.1,2014-09-29,0337,Aqua,MODIS,87,6.2,311.6,43.1,D,0
-25.9658,149.7023,328.8,1.3,1.2,2014-09-29,0337,Aqua,MODIS,74,6.2,311.1,17.9,D,0
-25.1404,151.3453,320.6,1.1,1,2014-09-29,0337,Aqua,MODIS,60,6.2,307.7,8,D,0
-25.4869,150.7877,324.5,1.2,1.1,2014-09-29,0337,Aqua,MODIS,71,6.2,307.7,15.2,D,0
-25.1455,151.3409,326,1.1,1,2014-09-29,0337,Aqua,MODIS,70,6.2,304.6,14.6,D,0
-25.2362,149.0231,338.4,1.5,1.2,2014-09-29,0337,Aqua,MODIS,85,6.2,305,52.1,D,0
-24.9273,151.0533,314.4,1.1,1.1,2014-09-29,0337,Aqua,MODIS,27,6.2,302,6.3,D,0
-25.1418,151.3345,327,1.1,1,2014-09-29,0337,Aqua,MODIS,77,6.2,306.4,15.9,D,0
-23.9959,149.6244,315.4,1.3,1.1,2014-09-29,0337,Aqua,MODIS,50,6.2,301.9,8.2,D,0
-23.3162,149.8712,336.3,1.2,1.1,2014-09-29,0337,Aqua,MODIS,86,6.2,293.2,39.6,D,0
-24.7128,151.2983,316.4,1.1,1,2014-09-29,0337,Aqua,MODIS,31,6.2,302.6,8,D,0
-25.3325,151.129,322.5,1.1,1.1,2014-09-29,0337,Aqua,MODIS,69,6.2,304.1,12.8,D,0
-24.7033,149.7423,323.8,1.3,1.1,2014-09-29,0337,Aqua,MODIS,58,6.2,308.6,10.4,D,0
-26.5191,141.7837,326.9,4.8,2,2014-09-29,0337,Aqua,MODIS,54,6.2,314.2,71.6,D,0
-25.247,149.0246,328.3,1.5,1.2,2014-09-29,0337,Aqua,MODIS,64,6.2,301,27.7,D,0
-25.9193,150.5098,334.8,1.2,1.1,2014-09-29,0337,Aqua,MODIS,82,6.2,305.8,32,D,0
-25.9094,150.5082,326.4,1.2,1.1,2014-09-29,0337,Aqua,MODIS,70,6.2,307,17.1,D,0
-24.8333,151.3668,315.7,1.1,1,2014-09-29,0337,Aqua,MODIS,13,6.2,300.9,7.5,D,0
-25.4053,151.0428,335.8,1.1,1.1,2014-09-29,0337,Aqua,MODIS,85,6.2,306.2,30.8,D,0
-25.4445,149.2995,327,1.4,1.2,2014-09-29,0337,Aqua,MODIS,75,6.2,302.9,27.2,D,0
-25.8227,150.9466,363.8,1.2,1.1,2014-09-29,0337,Aqua,MODIS,100,6.2,305,107.3,D,0
-25.3513,149.0364,326.3,1.5,1.2,2014-09-29,0337,Aqua,MODIS,74,6.2,301.2,31.4,D,0
-25.26,149.4987,316.1,1.4,1.2,2014-09-29,0337,Aqua,MODIS,31,6.2,302.8,7.7,D,0
-25.4461,149.2856,326.8,1.4,1.2,2014-09-29,0337,Aqua,MODIS,74,6.2,303.1,26.9,D,0
-25.2749,149.521,318.5,1.4,1.2,2014-09-29,0337,Aqua,MODIS,42,6.2,303.9,11.5,D,0
-23.7879,147.3497,322.2,1.8,1.3,2014-09-29,0337,Aqua,MODIS,63,6.2,306.4,20.5,D,0
-25.7623,150.8778,323.7,1.2,1.1,2014-09-29,0337,Aqua,MODIS,67,6.2,308,12,D,0
-20.4635,148.4718,325.7,1.4,1.2,2014-09-29,0338,Aqua,MODIS,73,6.2,301.9,25.8,D,0
-20.4651,148.4588,325.9,1.4,1.2,2014-09-29,0338,Aqua,MODIS,74,6.2,304,26.8,D,0
-23.0303,150.3666,331.7,1.2,1.1,2014-09-29,0338,Aqua,MODIS,83,6.2,305.5,27.6,D,0
-22.949,150.3591,328.5,1.2,1.1,2014-09-29,0338,Aqua,MODIS,80,6.2,304.7,23.4,D,0
-17.6552,146.1111,316.2,1.8,1.3,2014-09-29,0339,Aqua,MODIS,32,6.2,293,21.3,D,0
-14.946,145.0963,332.3,2,1.4,2014-09-29,0340,Aqua,MODIS,83,6.2,297.4,71.6,D,0
-14.9958,145.1239,341.8,2,1.4,2014-09-29,0340,Aqua,MODIS,90,6.2,297.4,108.8,D,0
-15.2531,145.1569,326.3,2,1.4,2014-09-29,0340,Aqua,MODIS,73,6.2,297.7,47.7,D,0
-14.9382,145.0813,320.2,2,1.4,2014-09-29,0340,Aqua,MODIS,54,6.2,293.4,34.4,D,0
-15.2285,145.0177,367.7,2,1.4,2014-09-29,0340,Aqua,MODIS,100,6.2,301.9,276.2,D,0
-15.2262,145.0365,335.5,2,1.4,2014-09-29,0340,Aqua,MODIS,68,6.2,298.4,72.8,D,0
-15.1619,145.0462,334.3,2,1.4,2014-09-29,0340,Aqua,MODIS,84,6.2,298,78.8,D,0
-14.9483,145.1016,326.4,2,1.4,2014-09-29,0340,Aqua,MODIS,76,6.2,295.5,50.6,D,0
-15.2204,145.0045,323.7,2,1.4,2014-09-29,0340,Aqua,MODIS,32,6.2,296.6,35.6,D,0
-14.9362,145.0986,333.7,2,1.4,2014-09-29,0340,Aqua,MODIS,84,6.2,295,74.8,D,0
-14.9936,145.1421,333.4,2,1.4,2014-09-29,0340,Aqua,MODIS,84,6.2,299.4,72.5,D,0
-15.1723,145.0657,325.2,2,1.4,2014-09-29,0340,Aqua,MODIS,75,6.2,300.9,44.9,D,0
-15.1599,145.0638,344.4,2,1.4,2014-09-29,0340,Aqua,MODIS,91,6.2,302.3,122.4,D,0
-14.9813,145.1405,328.7,2,1.4,2014-09-29,0340,Aqua,MODIS,79,6.2,298.5,57,D,0
-15.2307,145.025,363.6,2,1.4,2014-09-29,0340,Aqua,MODIS,100,6.2,301.3,241.7,D,0
-14.8103,144.939,325.6,2,1.4,2014-09-29,0340,Aqua,MODIS,75,6.2,302,41.8,D,0
-15.2654,145.1585,341.3,2,1.4,2014-09-29,0340,Aqua,MODIS,90,6.2,298.6,105.7,D,0
-15.2049,145.1084,320.7,2,1.4,2014-09-29,0340,Aqua,MODIS,67,6.2,297.5,33.1,D,0
-15.2633,145.1767,317.5,2,1.4,2014-09-29,0340,Aqua,MODIS,53,6.2,293.9,24.4,D,0
-15.2182,145.0234,337.2,2,1.4,2014-09-29,0340,Aqua,MODIS,87,6.2,294.9,84.4,D,0
-14.9339,145.0934,335.8,2,1.4,2014-09-29,0340,Aqua,MODIS,86,6.2,294.6,82.9,D,0
-15.2161,145.016,327.9,2,1.4,2014-09-29,0340,Aqua,MODIS,67,6.2,294.3,51.1,D,0
-15.2328,145.0063,336.9,2,1.4,2014-09-29,0340,Aqua,MODIS,70,6.2,300.4,80.9,D,0
-15.0081,145.1255,338.6,2,1.4,2014-09-29,0340,Aqua,MODIS,88,6.2,296.8,94.4,D,0
-15.0059,145.1436,335.4,2,1.4,2014-09-29,0340,Aqua,MODIS,85,6.2,291.6,80.3,D,0
-15.4858,145.0488,317.8,2,1.4,2014-09-29,0340,Aqua,MODIS,38,6.2,300.1,21.9,D,0
-15.4834,145.0687,320.7,2,1.4,2014-09-29,0340,Aqua,MODIS,62,6.2,298.8,30.2,D,0
-15.487,145.0542,323.5,2,1.4,2014-09-29,0340,Aqua,MODIS,59,6.2,300,34.1,D,0
-13.5421,141.9933,349.9,3.3,1.7,2014-09-29,0340,Aqua,MODIS,95,6.2,296.2,305.6,D,0
-15.9527,145.2939,316.4,2,1.4,2014-09-29,0340,Aqua,MODIS,42,6.2,297.5,28.4,D,0
-14.8888,145.0507,329.1,2,1.4,2014-09-29,0340,Aqua,MODIS,80,6.2,300.9,60.6,D,0
-14.8867,145.0686,326.1,2,1.4,2014-09-29,0340,Aqua,MODIS,76,6.2,298,49.5,D,0
-15.0051,144.9392,322.5,2,1.4,2014-09-29,0340,Aqua,MODIS,63,6.2,294.6,39.6,D,0
-14.1956,143.4235,321.9,2.6,1.5,2014-09-29,0340,Aqua,MODIS,28,6.2,293.2,48.8,D,0
-12.4725,142.3795,316.8,2.9,1.6,2014-09-29,0341,Aqua,MODIS,65,6.2,292.4,37.8,D,0
-12.4716,142.3722,319.2,2.9,1.6,2014-09-29,0341,Aqua,MODIS,62,6.2,291.9,45.8,D,0
-23.7513,133.8468,347.3,1.7,1.3,2014-09-29,0516,Aqua,MODIS,90,6.2,318.1,76,D,0
-23.7398,133.8446,336.5,1.7,1.3,2014-09-29,0516,Aqua,MODIS,65,6.2,319.2,38,D,0
-24.543,128.5666,339.6,1,1,2014-09-29,0516,Aqua,MODIS,79,6.2,317.3,17.5,D,0
-21.4261,117.3721,341.5,4.1,1.9,2014-09-29,0517,Aqua,MODIS,86,6.2,306.4,250.7,D,0
-21.4229,117.368,350.4,4.1,1.9,2014-09-29,0517,Aqua,MODIS,93,6.2,307.2,379.3,D,0
-21.4059,117.3664,359.8,4.1,1.9,2014-09-29,0517,Aqua,MODIS,99,6.2,309.4,541.9,D,0
-21.4093,117.3258,334.5,4.1,1.9,2014-09-29,0517,Aqua,MODIS,77,6.2,308,155.5,D,0
-21.4018,117.3577,344.5,4.1,1.9,2014-09-29,0517,Aqua,MODIS,88,6.2,309.1,276.3,D,0
-21.3384,117.3568,333,4.1,1.9,2014-09-29,0517,Aqua,MODIS,51,6.2,308.7,112,D,0
-21.3415,117.3174,340.2,4.1,1.9,2014-09-29,0517,Aqua,MODIS,80,6.2,312.1,198.5,D,0
-21.3512,117.3504,332.3,4.1,1.9,2014-09-29,0517,Aqua,MODIS,58,6.2,307.5,111.2,D,0
-21.3343,117.3486,333.8,4.1,1.9,2014-09-29,0517,Aqua,MODIS,65,6.2,310.9,123.3,D,0
-21.3376,117.3093,332,4.1,1.9,2014-09-29,0517,Aqua,MODIS,38,6.2,312.3,107.7,D,0
-19.4883,133.3475,358.5,1.9,1.4,2014-09-29,0517,Aqua,MODIS,99,6.2,318.6,153.6,D,0
-19.4915,133.3295,387.1,1.9,1.3,2014-09-29,0517,Aqua,MODIS,100,6.2,325.3,417.6,D,0
-19.4762,133.3451,396,1.9,1.4,2014-09-29,0517,Aqua,MODIS,100,6.2,327.3,533.9,D,0
-19.4794,133.3271,373.6,1.9,1.3,2014-09-29,0517,Aqua,MODIS,100,6.2,329.2,270.5,D,0
-19.4641,133.3426,356.7,1.9,1.4,2014-09-29,0517,Aqua,MODIS,97,6.2,324.8,137.6,D,0
-19.4688,133.3551,345.4,1.9,1.4,2014-09-29,0517,Aqua,MODIS,85,6.2,320.6,71.2,D,0
-19.4719,133.3371,382.1,1.9,1.4,2014-09-29,0517,Aqua,MODIS,100,6.2,330.1,352.5,D,0
-19.4598,133.3346,343.3,1.9,1.4,2014-09-29,0517,Aqua,MODIS,85,6.2,324.7,63.4,D,0
-21.4054,117.3176,326,4.1,1.9,2014-09-29,0517,Aqua,MODIS,24,6.2,307.6,65.8,D,0
-20.6328,119.1199,334.9,2.9,1.6,2014-09-29,0517,Aqua,MODIS,74,6.2,318.4,68.5,D,0
-21.8556,120.1194,330.5,2.6,1.5,2014-09-29,0517,Aqua,MODIS,67,6.2,312.4,48.5,D,0
-18.805,128.9584,403.9,1.1,1,2014-09-29,0517,Aqua,MODIS,100,6.2,331.3,278.2,D,0
-22.8712,118.0659,341.3,3.8,1.8,2014-09-29,0517,Aqua,MODIS,86,6.2,308.8,203.9,D,0
-18.8065,128.9483,343.2,1.1,1,2014-09-29,0517,Aqua,MODIS,84,6.2,323.5,23.1,D,0
-18.7864,128.9808,336.9,1.1,1,2014-09-29,0517,Aqua,MODIS,22,6.2,323.5,11.6,D,0
-22.5485,122.5992,330.9,1.7,1.3,2014-09-29,0517,Aqua,MODIS,47,6.2,318.4,17,D,0
-22.8652,118.0615,335.5,3.8,1.8,2014-09-29,0517,Aqua,MODIS,74,6.2,309.3,136.9,D,0
-18.8034,128.9686,348.4,1.1,1,2014-09-29,0517,Aqua,MODIS,90,6.2,323.4,34.6,D,0
-18.8757,128.6823,343.7,1.1,1,2014-09-29,0517,Aqua,MODIS,84,6.2,323.3,24.1,D,0
-18.8956,128.6755,338.9,1.1,1,2014-09-29,0517,Aqua,MODIS,71,6.2,324.7,16.3,D,0
-20.6124,127.1856,337.1,1,1,2014-09-29,0517,Aqua,MODIS,74,6.2,325.4,11.3,D,0
-20.6591,127.2487,337.9,1,1,2014-09-29,0517,Aqua,MODIS,52,6.2,324.2,11.3,D,0
-18.8406,128.9126,339.5,1.1,1,2014-09-29,0517,Aqua,MODIS,63,6.2,323.6,17.2,D,0
-18.8391,128.9227,343.2,1.1,1,2014-09-29,0517,Aqua,MODIS,71,6.2,324,23.1,D,0
-18.7554,128.9964,340.3,1.1,1,2014-09-29,0517,Aqua,MODIS,68,6.2,324,16.6,D,0
-22.4586,120.6269,328.1,2.4,1.5,2014-09-29,0517,Aqua,MODIS,60,6.2,313.3,27.6,D,0
-22.705,122.6144,337.3,1.7,1.3,2014-09-29,0517,Aqua,MODIS,77,6.2,317.8,41.1,D,0
-22.4609,120.6035,332.2,2.4,1.5,2014-09-29,0517,Aqua,MODIS,72,6.2,314.1,47,D,0
-19.161,133.1824,334.6,1.9,1.3,2014-09-29,0517,Aqua,MODIS,56,6.2,322.5,30.9,D,0
-19.1797,133.0768,338.2,1.9,1.3,2014-09-29,0517,Aqua,MODIS,18,6.2,322.5,36.3,D,0
-19.1819,133.205,358.5,1.9,1.3,2014-09-29,0517,Aqua,MODIS,99,6.2,322.3,148.1,D,0
-19.194,133.2074,363.4,1.9,1.3,2014-09-29,0517,Aqua,MODIS,100,6.2,322.7,183.5,D,0
-19.3913,133.2041,338.5,1.9,1.3,2014-09-29,0517,Aqua,MODIS,60,6.2,321,39.7,D,0
-19.2335,133.0511,333.6,1.8,1.3,2014-09-29,0517,Aqua,MODIS,41,6.2,318,31.1,D,0
-21.8472,120.1253,335.9,2.6,1.5,2014-09-29,0517,Aqua,MODIS,78,6.2,312.6,78.8,D,0
-17.6763,132.107,352.7,1.7,1.3,2014-09-29,0518,Aqua,MODIS,95,6.2,321.6,91.7,D,0
-17.7413,132.0707,341.6,1.7,1.3,2014-09-29,0518,Aqua,MODIS,51,6.2,317.6,51.9,D,0
-17.6877,132.1092,341.8,1.7,1.3,2014-09-29,0518,Aqua,MODIS,53,6.2,318.4,46.3,D,0
-14.0708,133.8233,334.8,2.7,1.6,2014-09-29,0518,Aqua,MODIS,46,6.2,312,65.3,D,0
-14.0848,133.826,332,2.7,1.6,2014-09-29,0518,Aqua,MODIS,61,6.2,311.5,53.3,D,0
-17.6748,131.5698,349.3,1.6,1.2,2014-09-29,0518,Aqua,MODIS,38,6.2,321.1,63.7,D,0
-17.6858,131.5718,364.7,1.6,1.2,2014-09-29,0518,Aqua,MODIS,100,6.2,320.8,141,D,0
-17.7016,131.545,339.2,1.5,1.2,2014-09-29,0518,Aqua,MODIS,54,6.2,318.4,40.4,D,0
-17.6663,131.5533,367.9,1.5,1.2,2014-09-29,0518,Aqua,MODIS,100,6.2,321.9,159.6,D,0
-17.6687,131.5389,345.2,1.5,1.2,2014-09-29,0518,Aqua,MODIS,78,6.2,318.9,53.6,D,0
-17.6528,131.5657,338.4,1.6,1.2,2014-09-29,0518,Aqua,MODIS,33,6.2,321.5,30,D,0
-17.6553,131.5513,336.1,1.5,1.2,2014-09-29,0518,Aqua,MODIS,22,6.2,318.9,23.8,D,0
-17.7465,132.0395,338.9,1.7,1.3,2014-09-29,0518,Aqua,MODIS,71,6.2,317.3,44.5,D,0
-17.7633,132.0641,348.1,1.7,1.3,2014-09-29,0518,Aqua,MODIS,91,6.2,313.4,90.8,D,0
-17.6834,131.5863,358.5,1.6,1.2,2014-09-29,0518,Aqua,MODIS,99,6.2,316.5,109.4,D,0
-17.6724,131.5843,362.3,1.6,1.2,2014-09-29,0518,Aqua,MODIS,100,6.2,319.6,125.8,D,0
-17.6614,131.5822,338.2,1.6,1.2,2014-09-29,0518,Aqua,MODIS,47,6.2,319.2,30.3,D,0
-17.7573,132.0308,339.9,1.7,1.3,2014-09-29,0518,Aqua,MODIS,74,6.2,315,52.6,D,0
-17.7546,132.0464,354.7,1.7,1.3,2014-09-29,0518,Aqua,MODIS,96,6.2,319,115.5,D,0
-14.0805,133.8499,332,2.7,1.6,2014-09-29,0518,Aqua,MODIS,61,6.2,312.2,54,D,0
-17.7211,131.5635,342,1.5,1.2,2014-09-29,0518,Aqua,MODIS,82,6.2,311.9,52.9,D,0
-17.7102,131.5614,381.2,1.5,1.2,2014-09-29,0518,Aqua,MODIS,100,6.2,323.3,261.9,D,0
-17.7126,131.547,384.5,1.5,1.2,2014-09-29,0518,Aqua,MODIS,100,6.2,323.4,288,D,0
-17.6992,131.5594,335.6,1.5,1.2,2014-09-29,0518,Aqua,MODIS,41,6.2,319.6,31,D,0
-17.6968,131.5738,334.9,1.6,1.2,2014-09-29,0518,Aqua,MODIS,48,6.2,316.9,28.3,D,0
-17.766,132.0485,385,1.7,1.3,2014-09-29,0518,Aqua,MODIS,100,6.2,319.1,335.9,D,0
-17.7687,132.033,343,1.7,1.3,2014-09-29,0518,Aqua,MODIS,86,6.2,313.9,67.7,D,0
-17.7519,132.062,344.1,1.7,1.3,2014-09-29,0518,Aqua,MODIS,74,6.2,317.6,69,D,0
-17.4792,130.6571,369.3,1.4,1.2,2014-09-29,0518,Aqua,MODIS,100,6.2,319.3,143.7,D,0
-17.7527,132.0729,337.7,1.7,1.3,2014-09-29,0518,Aqua,MODIS,47,6.2,313.5,45.4,D,0
-17.7433,132.0442,334.9,1.7,1.3,2014-09-29,0518,Aqua,MODIS,55,6.2,317.7,34.4,D,0
-17.4689,130.6552,349.3,1.4,1.2,2014-09-29,0518,Aqua,MODIS,91,6.2,322.3,58.7,D,0
-17.7492,132.0776,339.3,1.7,1.3,2014-09-29,0518,Aqua,MODIS,64,6.2,313.6,54.4,D,0
-17.7351,132.0911,341.5,1.7,1.3,2014-09-29,0518,Aqua,MODIS,73,6.2,313.5,60.2,D,0
-17.7378,132.0754,344.2,1.7,1.3,2014-09-29,0518,Aqua,MODIS,65,6.2,317.9,66.6,D,0
-17.7553,132.0572,343.9,1.7,1.3,2014-09-29,0518,Aqua,MODIS,78,6.2,318.6,64.6,D,0
-17.7579,132.0416,363.7,1.7,1.3,2014-09-29,0518,Aqua,MODIS,100,6.2,320.7,163.8,D,0
-15.6723,127.7049,335.7,1,1,2014-09-29,0518,Aqua,MODIS,52,6.2,319.9,11.1,D,0
-15.6617,127.7131,334.7,1,1,2014-09-29,0518,Aqua,MODIS,45,6.2,320.2,10.7,D,0
-16.8971,122.9566,339,1.4,1.2,2014-09-29,0518,Aqua,MODIS,37,6.2,319.2,31.2,D,0
-16.8825,122.902,449.5,1.4,1.2,2014-09-29,0518,Aqua,MODIS,100,6.2,332.9,1118.2,D,0
-16.9035,122.905,350,1.4,1.2,2014-09-29,0518,Aqua,MODIS,92,6.2,309.3,77.4,D,0
-16.169,127.891,344.5,1,1,2014-09-29,0518,Aqua,MODIS,86,6.2,320.3,31,D,0
-16.1704,127.8815,332.2,1,1,2014-09-29,0518,Aqua,MODIS,33,6.2,319.2,10.7,D,0
-16.8841,122.889,404.4,1.4,1.2,2014-09-29,0518,Aqua,MODIS,100,6.2,317.3,434.5,D,0
-16.765,124.1542,361.5,1.2,1.1,2014-09-29,0518,Aqua,MODIS,100,6.2,321.4,82.1,D,0
-16.1675,127.9007,343.9,1,1,2014-09-29,0518,Aqua,MODIS,85,6.2,319.6,29.5,D,0
-16.7636,124.1651,353.8,1.2,1.1,2014-09-29,0518,Aqua,MODIS,95,6.2,322.2,55.2,D,0
-16.7747,124.1555,351.2,1.2,1.1,2014-09-29,0518,Aqua,MODIS,91,6.2,319,51.3,D,0
-16.1661,127.9104,360.6,1,1,2014-09-29,0518,Aqua,MODIS,100,6.2,319.6,69.4,D,0
-16.1796,127.8829,333,1,1,2014-09-29,0518,Aqua,MODIS,52,6.2,318.4,11.7,D,0
-16.8795,122.8829,349.4,1.4,1.2,2014-09-29,0518,Aqua,MODIS,92,6.2,308.9,77.5,D,0
-16.7733,124.1665,354.3,1.2,1.1,2014-09-29,0518,Aqua,MODIS,96,6.2,322.2,57.8,D,0
-16.2149,127.9445,342.5,1,1,2014-09-29,0518,Aqua,MODIS,54,6.2,322.4,19.8,D,0
-16.9092,122.9452,348.8,1.4,1.2,2014-09-29,0518,Aqua,MODIS,87,6.2,315.7,62.1,D,0
-16.783,124.1679,358.5,1.2,1.1,2014-09-29,0518,Aqua,MODIS,99,6.2,321.6,70,D,0
-16.7815,124.1788,351.1,1.2,1.1,2014-09-29,0518,Aqua,MODIS,93,6.2,322.6,45.2,D,0
-16.8173,124.1572,358.4,1.2,1.1,2014-09-29,0518,Aqua,MODIS,98,6.2,319.8,75.9,D,0
-16.8158,124.1682,361.2,1.2,1.1,2014-09-29,0518,Aqua,MODIS,100,6.2,323.2,81.8,D,0
-16.8144,124.1792,350,1.2,1.1,2014-09-29,0518,Aqua,MODIS,85,6.2,322.7,46,D,0
-16.8552,122.9058,349.3,1.4,1.2,2014-09-29,0518,Aqua,MODIS,68,6.2,317,62.7,D,0
-16.8778,122.8959,401.1,1.4,1.2,2014-09-29,0518,Aqua,MODIS,100,6.2,323.5,395.3,D,0
-16.8762,122.9088,352.2,1.4,1.2,2014-09-29,0518,Aqua,MODIS,49,6.2,321.2,68.6,D,0
-16.8745,122.9217,346,1.4,1.2,2014-09-29,0518,Aqua,MODIS,41,6.2,319.3,43.3,D,0
-16.8883,122.8974,418.6,1.4,1.2,2014-09-29,0518,Aqua,MODIS,100,6.2,326,594.5,D,0
-16.8867,122.9103,432.1,1.4,1.2,2014-09-29,0518,Aqua,MODIS,100,6.2,334.8,773.9,D,0
-16.8447,122.9044,349.2,1.4,1.2,2014-09-29,0518,Aqua,MODIS,92,6.2,316.6,66.1,D,0
-17.2173,127.2076,363.7,1,1,2014-09-29,0518,Aqua,MODIS,100,6.2,321.2,74.4,D,0
-16.885,122.9232,376.4,1.4,1.2,2014-09-29,0518,Aqua,MODIS,100,6.2,321,177.7,D,0
-16.8987,122.9437,376.6,1.4,1.2,2014-09-29,0518,Aqua,MODIS,100,6.2,322.8,188.3,D,0
-16.8809,122.9149,425.9,1.4,1.2,2014-09-29,0518,Aqua,MODIS,100,6.2,328.6,686.2,D,0
-16.8793,122.9278,373.8,1.4,1.2,2014-09-29,0518,Aqua,MODIS,100,6.2,320.7,171.4,D,0
-17.2159,127.217,343.1,1,1,2014-09-29,0518,Aqua,MODIS,84,6.2,317.4,25.3,D,0
-17.1974,127.2813,341.2,1,1,2014-09-29,0518,Aqua,MODIS,80,6.2,320,19.2,D,0
-17.178,127.2878,357.6,1,1,2014-09-29,0518,Aqua,MODIS,98,6.2,324,52.8,D,0
-17.1767,127.2972,367.1,1,1,2014-09-29,0518,Aqua,MODIS,100,6.2,322.1,79.2,D,0
-17.187,127.2893,338.9,1,1,2014-09-29,0518,Aqua,MODIS,70,6.2,321.8,15.7,D,0
-16.893,122.9035,435.6,1.4,1.2,2014-09-29,0518,Aqua,MODIS,100,6.2,329.7,854.2,D,0
-16.8914,122.9164,398.1,1.4,1.2,2014-09-29,0518,Aqua,MODIS,100,6.2,325.7,356.2,D,0
-16.9003,122.9308,358.1,1.4,1.2,2014-09-29,0518,Aqua,MODIS,88,6.2,319.3,92.8,D,0
-16.8834,122.9361,349.5,1.4,1.2,2014-09-29,0518,Aqua,MODIS,74,6.2,319.5,55.5,D,0
-17.6615,123.3486,336.9,1.3,1.1,2014-09-29,0518,Aqua,MODIS,74,6.2,321.4,17.7,D,0
-16.9019,122.9179,383.7,1.4,1.2,2014-09-29,0518,Aqua,MODIS,100,6.2,319.2,241.9,D,0
-17.2235,127.2239,335,1,1,2014-09-29,0518,Aqua,MODIS,54,6.2,316.9,13.7,D,0
-17.2249,127.2145,332.5,1,1,2014-09-29,0518,Aqua,MODIS,57,6.2,318.8,11.1,D,0
-17.2132,127.2358,333.1,1,1,2014-09-29,0518,Aqua,MODIS,44,6.2,318.3,8.6,D,0
-14.9436,133.2839,339.2,2.3,1.5,2014-09-29,0518,Aqua,MODIS,69,6.2,314.4,75.9,D,0
-14.9456,133.3512,329.8,2.4,1.5,2014-09-29,0518,Aqua,MODIS,45,6.2,314.4,26.7,D,0
-15.4985,135.9972,325.7,3.6,1.8,2014-09-29,0518,Aqua,MODIS,40,6.2,303,65,D,0
-14.2827,133.9321,342.5,2.7,1.6,2014-09-29,0518,Aqua,MODIS,87,6.2,310.6,128.3,D,0
-14.9439,133.3339,335.4,2.3,1.5,2014-09-29,0518,Aqua,MODIS,72,6.2,315.5,55.1,D,0
-14.2757,133.9506,329.8,2.7,1.6,2014-09-29,0518,Aqua,MODIS,36,6.2,310.3,46.8,D,0
-14.3255,134.0176,326.8,2.7,1.6,2014-09-29,0518,Aqua,MODIS,45,6.2,310.4,22.4,D,0
-14.2799,133.9265,339.1,2.7,1.6,2014-09-29,0518,Aqua,MODIS,83,6.2,309.7,105.1,D,0
-14.3171,134.1473,335.2,2.8,1.6,2014-09-29,0518,Aqua,MODIS,78,6.2,311.7,69.2,D,0
-14.2669,134.0003,336,2.7,1.6,2014-09-29,0518,Aqua,MODIS,79,6.2,311,73.9,D,0
-14.3202,134.1557,330.4,2.8,1.6,2014-09-29,0518,Aqua,MODIS,68,6.2,311.9,38.5,D,0
-14.7339,134.477,334.3,2.9,1.6,2014-09-29,0518,Aqua,MODIS,62,6.2,314.4,70,D,0
-14.7629,134.4059,334.8,2.9,1.6,2014-09-29,0518,Aqua,MODIS,66,6.2,309.8,82.8,D,0
-14.4733,134.1378,327.6,2.8,1.6,2014-09-29,0518,Aqua,MODIS,28,6.2,310.4,34.8,D,0
-16.2692,135.617,328.4,3.3,1.7,2014-09-29,0518,Aqua,MODIS,62,6.2,310.2,49.3,D,0
-14.3217,134.1214,329.7,2.8,1.6,2014-09-29,0518,Aqua,MODIS,67,6.2,312.5,35.7,D,0
-14.9493,133.3295,331.3,2.3,1.5,2014-09-29,0518,Aqua,MODIS,46,6.2,314.1,35.8,D,0
-14.325,134.1299,335.1,2.8,1.6,2014-09-29,0518,Aqua,MODIS,78,6.2,312.8,66.9,D,0
-14.7822,134.4639,333.2,2.9,1.6,2014-09-29,0518,Aqua,MODIS,58,6.2,310.8,67,D,0
-14.2749,134.2178,328.9,2.8,1.6,2014-09-29,0518,Aqua,MODIS,65,6.2,312.1,35.6,D,0
-14.4156,134.2,331,2.8,1.6,2014-09-29,0518,Aqua,MODIS,36,6.2,311.5,45,D,0
-14.7338,134.4821,333,2.9,1.6,2014-09-29,0518,Aqua,MODIS,56,6.2,314.3,63.4,D,0
-17.1847,132.5614,334.1,1.9,1.3,2014-09-29,0518,Aqua,MODIS,31,6.2,320.6,26.7,D,0
-17.3312,132.6378,349.7,1.9,1.3,2014-09-29,0518,Aqua,MODIS,65,6.2,318.7,87.6,D,0
-17.3873,132.6377,329.2,1.9,1.3,2014-09-29,0518,Aqua,MODIS,48,6.2,310.1,31.9,D,0
-17.3847,132.5409,338,1.8,1.3,2014-09-29,0518,Aqua,MODIS,26,6.2,316.2,46.5,D,0
-17.3728,132.5386,343.4,1.8,1.3,2014-09-29,0518,Aqua,MODIS,65,6.2,318.3,66.2,D,0
-17.358,132.5535,377.5,1.8,1.3,2014-09-29,0518,Aqua,MODIS,100,6.2,317.7,300.4,D,0
-17.361,132.5363,360.1,1.8,1.3,2014-09-29,0518,Aqua,MODIS,100,6.2,321.9,154.8,D,0
-17.3461,132.5512,345.9,1.8,1.3,2014-09-29,0518,Aqua,MODIS,86,6.2,317.8,79,D,0
-17.3343,132.5489,340.2,1.8,1.3,2014-09-29,0518,Aqua,MODIS,75,6.2,318.9,50.6,D,0
-16.8734,125.934,336,1,1,2014-09-29,0518,Aqua,MODIS,61,6.2,320.1,13.4,D,0
-16.8747,125.9245,340,1,1,2014-09-29,0518,Aqua,MODIS,80,6.2,320.7,20.2,D,0
-16.6237,130.6879,335.7,1.4,1.2,2014-09-29,0518,Aqua,MODIS,71,6.2,321.2,19.6,D,0
-16.6132,130.6862,333.9,1.4,1.2,2014-09-29,0518,Aqua,MODIS,22,6.2,321.6,15.3,D,0
-16.587,130.6749,338.1,1.4,1.2,2014-09-29,0518,Aqua,MODIS,76,6.2,319,29.2,D,0
-17.4588,132.5092,336.9,1.8,1.3,2014-09-29,0518,Aqua,MODIS,56,6.2,311.7,46,D,0
-17.4469,132.5069,368.4,1.8,1.3,2014-09-29,0518,Aqua,MODIS,100,6.2,317.4,215.7,D,0
-17.4351,132.5047,358.1,1.8,1.3,2014-09-29,0518,Aqua,MODIS,98,6.2,319.9,138.5,D,0
-17.3723,132.6529,338.2,1.9,1.3,2014-09-29,0518,Aqua,MODIS,79,6.2,309.5,61.9,D,0
-17.3671,132.6448,343.6,1.9,1.3,2014-09-29,0518,Aqua,MODIS,48,6.2,312.1,73.4,D,0
-17.3282,132.6553,358.1,1.9,1.3,2014-09-29,0518,Aqua,MODIS,98,6.2,319.7,136.7,D,0
-16.5576,130.6557,332.4,1.4,1.2,2014-09-29,0518,Aqua,MODIS,37,6.2,320,13.6,D,0
-16.7216,130.8477,354.4,1.4,1.2,2014-09-29,0518,Aqua,MODIS,96,6.2,319.2,81.3,D,0
-16.683,130.8825,393.4,1.4,1.2,2014-09-29,0518,Aqua,MODIS,100,6.2,323.4,326.3,D,0
-16.6724,130.8806,344.9,1.4,1.2,2014-09-29,0518,Aqua,MODIS,80,6.2,322.5,43.9,D,0
-16.6081,130.8496,339.5,1.4,1.2,2014-09-29,0518,Aqua,MODIS,79,6.2,322.1,31.5,D,0
-16.6103,130.8361,350.5,1.4,1.2,2014-09-29,0518,Aqua,MODIS,92,6.2,324.8,66.1,D,0
-17.4585,130.6534,336.8,1.4,1.2,2014-09-29,0518,Aqua,MODIS,74,6.2,322.1,24.7,D,0
-16.4409,135.4408,328.4,3.2,1.7,2014-09-29,0518,Aqua,MODIS,52,6.2,306.8,65.4,D,0
-16.426,135.4375,345.5,3.2,1.7,2014-09-29,0518,Aqua,MODIS,90,6.2,308.4,199.2,D,0
-16.411,135.4342,361.3,3.2,1.7,2014-09-29,0518,Aqua,MODIS,100,6.2,311.6,384.8,D,0
-16.4091,135.4599,333.2,3.2,1.7,2014-09-29,0518,Aqua,MODIS,51,6.2,310.2,81,D,0
-16.4146,135.4299,370.8,3.2,1.7,2014-09-29,0518,Aqua,MODIS,100,6.2,311.4,536,D,0
-14.9423,133.267,346.6,2.3,1.5,2014-09-29,0518,Aqua,MODIS,88,6.2,314.5,128.9,D,0
-14.9473,133.2625,336.3,2.3,1.5,2014-09-29,0518,Aqua,MODIS,62,6.2,311.7,69,D,0
-14.9341,133.26,335.1,2.3,1.5,2014-09-29,0518,Aqua,MODIS,53,6.2,315.1,57,D,0
-15.0163,135.0224,325.6,3.1,1.7,2014-09-29,0518,Aqua,MODIS,33,6.2,310.5,51.6,D,0
-15.75,130.5931,342.2,1.4,1.2,2014-09-29,0518,Aqua,MODIS,81,6.2,318.8,40.8,D,0
-15.0249,134.9895,326.5,3.1,1.7,2014-09-29,0518,Aqua,MODIS,42,6.2,307.6,52.8,D,0
-18.0399,124.1365,346.8,1.2,1.1,2014-09-29,0518,Aqua,MODIS,87,6.2,320.3,38.8,D,0
-18.023,124.1111,341.3,1.2,1.1,2014-09-29,0518,Aqua,MODIS,61,6.2,317.9,29.1,D,0
-18.0146,124.0985,372.1,1.2,1.1,2014-09-29,0518,Aqua,MODIS,100,6.2,317.8,134.2,D,0
-18.0133,124.1043,343.8,1.2,1.1,2014-09-29,0518,Aqua,MODIS,59,6.2,318.2,26.6,D,0
-16.5597,130.6426,338.9,1.4,1.2,2014-09-29,0518,Aqua,MODIS,78,6.2,322.6,29.7,D,0
-17.9768,124.0753,349,1.2,1.1,2014-09-29,0518,Aqua,MODIS,91,6.2,316.9,46.1,D,0
-17.9783,124.0639,362.4,1.2,1.1,2014-09-29,0518,Aqua,MODIS,100,6.2,317.6,92.5,D,0
-17.9798,124.0523,359.3,1.2,1.1,2014-09-29,0518,Aqua,MODIS,99,6.2,316.9,86.4,D,0
-17.9813,124.0409,331.7,1.2,1.1,2014-09-29,0518,Aqua,MODIS,41,6.2,311.8,16.5,D,0
-17.9699,124.0509,338.6,1.2,1.1,2014-09-29,0518,Aqua,MODIS,71,6.2,316.3,27.9,D,0
-17.9714,124.0394,345.9,1.2,1.1,2014-09-29,0518,Aqua,MODIS,88,6.2,315.8,46.5,D,0
-18.016,124.0871,352.2,1.2,1.1,2014-09-29,0518,Aqua,MODIS,94,6.2,313.9,62.2,D,0
-18.0148,124.093,364.5,1.2,1.1,2014-09-29,0518,Aqua,MODIS,100,6.2,316.7,96.5,D,0
-17.9852,124.0882,393.4,1.2,1.1,2014-09-29,0518,Aqua,MODIS,100,6.2,324,252,D,0
-17.9867,124.0768,365,1.2,1.1,2014-09-29,0518,Aqua,MODIS,100,6.2,321.3,100,D,0
-17.9882,124.0653,350.5,1.2,1.1,2014-09-29,0518,Aqua,MODIS,67,6.2,316.8,53.3,D,0
-17.9897,124.0538,382.4,1.2,1.1,2014-09-29,0518,Aqua,MODIS,100,6.2,318,192.1,D,0
-16.5619,130.6295,333.9,1.4,1.2,2014-09-29,0518,Aqua,MODIS,48,6.2,320.7,15.6,D,0
-16.5724,130.5645,343,1.4,1.2,2014-09-29,0518,Aqua,MODIS,43,6.2,321.8,33.9,D,0
-16.5599,130.5756,339.9,1.4,1.2,2014-09-29,0518,Aqua,MODIS,49,6.2,321.5,25.8,D,0
-15.0217,134.9936,327.2,3.1,1.7,2014-09-29,0518,Aqua,MODIS,56,6.2,308.2,59.5,D,0
-15.0197,135.0184,327.1,3.1,1.7,2014-09-29,0518,Aqua,MODIS,36,6.2,310.8,58.8,D,0
-17.0688,127.1486,344.9,1,1,2014-09-29,0518,Aqua,MODIS,86,6.2,319.6,27.9,D,0
-17.4606,130.6408,333.4,1.4,1.2,2014-09-29,0518,Aqua,MODIS,34,6.2,320.5,16.2,D,0
-17.0761,127.3516,339.2,1,1,2014-09-29,0518,Aqua,MODIS,41,6.2,323.8,15.1,D,0
-17.0544,127.1847,364.3,1,1,2014-09-29,0518,Aqua,MODIS,100,6.2,323.4,73.2,D,0
-17.0557,127.1753,354.1,1,1,2014-09-29,0518,Aqua,MODIS,95,6.2,322.2,47.2,D,0
-17.0571,127.1659,334.2,1,1,2014-09-29,0518,Aqua,MODIS,67,6.2,320.6,11.3,D,0
-17.0585,127.1565,342.5,1,1,2014-09-29,0518,Aqua,MODIS,83,6.2,320.1,24.3,D,0
-17.4975,123.3647,337.9,1.3,1.1,2014-09-29,0518,Aqua,MODIS,63,6.2,322.7,15.3,D,0
-17.4324,123.3994,345.8,1.3,1.1,2014-09-29,0518,Aqua,MODIS,70,6.2,319.5,38.5,D,0
-17.4238,123.3856,369.5,1.3,1.1,2014-09-29,0518,Aqua,MODIS,100,6.2,320.1,131.2,D,0
-17.0598,127.1472,346,1,1,2014-09-29,0518,Aqua,MODIS,88,6.2,319.4,30.3,D,0
-17.0612,127.1378,333.5,1,1,2014-09-29,0518,Aqua,MODIS,48,6.2,319.5,10.4,D,0
-17.0718,127.2546,337.8,1,1,2014-09-29,0518,Aqua,MODIS,73,6.2,319.7,16.5,D,0
-17.0625,127.1285,337.5,1,1,2014-09-29,0518,Aqua,MODIS,75,6.2,321.4,16.6,D,0
-17.0644,127.0522,353.5,1,1,2014-09-29,0518,Aqua,MODIS,95,6.2,323.7,45.6,D,0
-17.0499,127.0922,331.7,1,1,2014-09-29,0518,Aqua,MODIS,34,6.2,318.2,9,D,0
-17.0513,127.0828,338.9,1,1,2014-09-29,0518,Aqua,MODIS,78,6.2,320,19.7,D,0
-17.0526,127.0735,335.2,1,1,2014-09-29,0518,Aqua,MODIS,39,6.2,322,13.2,D,0
-17.3775,127.618,335.4,1,1,2014-09-29,0518,Aqua,MODIS,45,6.2,319.8,14.7,D,0
-17.3789,127.6086,346.1,1,1,2014-09-29,0518,Aqua,MODIS,88,6.2,319.7,32.7,D,0
-17.3685,127.6166,335.9,1,1,2014-09-29,0518,Aqua,MODIS,33,6.2,320.8,14.2,D,0
-17.3698,127.6071,355.5,1,1,2014-09-29,0518,Aqua,MODIS,96,6.2,320.8,52.3,D,0
-16.1646,127.9202,338.4,1,1,2014-09-29,0518,Aqua,MODIS,57,6.2,318.3,19.8,D,0
-16.1966,127.9415,342.1,1,1,2014-09-29,0518,Aqua,MODIS,45,6.2,321.9,19.1,D,0
-16.2057,127.943,343.6,1,1,2014-09-29,0518,Aqua,MODIS,84,6.2,324.2,22.9,D,0
-16.2042,127.9527,340.5,1,1,2014-09-29,0518,Aqua,MODIS,37,6.2,325.8,17.3,D,0
-17.3552,127.6436,366.7,1,1,2014-09-29,0518,Aqua,MODIS,100,6.2,321.8,84.5,D,0
-17.3566,127.634,343.6,1,1,2014-09-29,0518,Aqua,MODIS,85,6.2,318.9,25.5,D,0
-17.3462,127.6421,341.2,1,1,2014-09-29,0518,Aqua,MODIS,82,6.2,320.5,22.5,D,0
-17.2765,127.6833,334,1,1,2014-09-29,0518,Aqua,MODIS,47,6.2,318.8,9.9,D,0
-17.0006,127.5519,333.5,1,1,2014-09-29,0518,Aqua,MODIS,51,6.2,320.2,11.1,D,0
-16.7346,127.9908,338.5,1,1,2014-09-29,0518,Aqua,MODIS,69,6.2,319.5,18.5,D,0
-16.7332,128.0005,339.8,1,1,2014-09-29,0518,Aqua,MODIS,64,6.2,321.7,19.3,D,0
-16.7303,128.02,337.8,1,1,2014-09-29,0518,Aqua,MODIS,45,6.2,322.5,13.1,D,0
-16.7422,127.9878,342.7,1,1,2014-09-29,0518,Aqua,MODIS,54,6.2,320.3,23.8,D,0
-16.7528,127.9796,341.3,1,1,2014-09-29,0518,Aqua,MODIS,55,6.2,320,21.4,D,0
-17.2779,127.6738,346.5,1,1,2014-09-29,0518,Aqua,MODIS,88,6.2,322.4,31.4,D,0
-17.2688,127.6724,340.8,1,1,2014-09-29,0518,Aqua,MODIS,81,6.2,322.6,21.2,D,0
-17.1823,127.0679,376.9,1,1,2014-09-29,0518,Aqua,MODIS,100,6.2,316.9,123,D,0
-17.1899,127.0787,343,1,1,2014-09-29,0518,Aqua,MODIS,84,6.2,311.8,27.3,D,0
-17.2016,127.0614,339.7,1,1,2014-09-29,0518,Aqua,MODIS,67,6.2,309.5,27,D,0
-17.4916,130.6462,353.7,1.4,1.2,2014-09-29,0518,Aqua,MODIS,95,6.2,313.6,79.8,D,0
-17.4937,130.6336,364.8,1.4,1.2,2014-09-29,0518,Aqua,MODIS,100,6.2,320.9,127.7,D,0
-17.2003,127.0708,396.6,1,1,2014-09-29,0518,Aqua,MODIS,100,6.2,317.1,214.9,D,0
-17.2106,127.0628,368.8,1,1,2014-09-29,0518,Aqua,MODIS,100,6.2,313.5,98.5,D,0
-17.2092,127.0722,409.4,1,1,2014-09-29,0518,Aqua,MODIS,100,6.2,328.3,297.6,D,0
-17.2079,127.0816,355.1,1,1,2014-09-29,0518,Aqua,MODIS,96,6.2,317.5,54.3,D,0
-17.2052,127.1003,337.8,1,1,2014-09-29,0518,Aqua,MODIS,55,6.2,314.8,18.3,D,0
-17.2155,127.0924,333,1,1,2014-09-29,0518,Aqua,MODIS,35,6.2,314.6,14.4,D,0
-17.2142,127.1017,331.5,1,1,2014-09-29,0518,Aqua,MODIS,18,6.2,315.1,11.3,D,0
-17.2231,127.6681,335.2,1,1,2014-09-29,0518,Aqua,MODIS,53,6.2,321.3,12,D,0
-17.2127,127.6762,342.7,1,1,2014-09-29,0518,Aqua,MODIS,84,6.2,322,24.6,D,0
-16.7355,127.9216,335.1,1,1,2014-09-29,0518,Aqua,MODIS,61,6.2,322.6,13.5,D,0
-16.737,127.912,333.7,1,1,2014-09-29,0518,Aqua,MODIS,34,6.2,321.5,10.8,D,0
-17.154,127.073,338.7,1,1,2014-09-29,0518,Aqua,MODIS,64,6.2,314.4,18.5,D,0
-17.1553,127.0636,339,1,1,2014-09-29,0518,Aqua,MODIS,65,6.2,317,18.4,D,0
-17.1313,127.0341,356.2,1,1,2014-09-29,0518,Aqua,MODIS,97,6.2,319,52.4,D,0
-15.5891,127.577,340,1,1,2014-09-29,0518,Aqua,MODIS,80,6.2,321.4,19.8,D,0
-16.5996,130.5959,335.8,1.4,1.2,2014-09-29,0518,Aqua,MODIS,46,6.2,318.8,23.7,D,0
-16.5975,130.6089,337.5,1.4,1.2,2014-09-29,0518,Aqua,MODIS,73,6.2,317.5,27.6,D,0
-17.4813,130.6444,431.7,1.4,1.2,2014-09-29,0518,Aqua,MODIS,100,6.2,335.4,752.5,D,0
-17.4833,130.6318,371.8,1.4,1.2,2014-09-29,0518,Aqua,MODIS,100,6.2,325.5,157.3,D,0
-17.4709,130.6426,381.5,1.4,1.2,2014-09-29,0518,Aqua,MODIS,100,6.2,325.8,211.8,D,0
-17.4524,127.4849,335.6,1,1,2014-09-29,0518,Aqua,MODIS,65,6.2,323.1,10.5,D,0
-17.451,127.4944,341.7,1,1,2014-09-29,0518,Aqua,MODIS,82,6.2,321.2,20.7,D,0
-17.4865,127.5066,338.9,1,1,2014-09-29,0518,Aqua,MODIS,73,6.2,320.8,16.4,D,0
-17.473,130.63,361.6,1.4,1.2,2014-09-29,0518,Aqua,MODIS,100,6.2,323.7,106,D,0
-17.1733,127.0665,360.9,1,1,2014-09-29,0518,Aqua,MODIS,100,6.2,314.5,67.3,D,0
-17.167,127.0464,353.6,1,1,2014-09-29,0518,Aqua,MODIS,83,6.2,313,50.1,D,0
-16.6017,130.583,339.9,1.4,1.2,2014-09-29,0518,Aqua,MODIS,60,6.2,317.4,33.9,D,0
-17.5,123.428,340.4,1.3,1.1,2014-09-29,0518,Aqua,MODIS,74,6.2,320.9,26.5,D,0
-17.4411,123.4131,341.5,1.3,1.1,2014-09-29,0518,Aqua,MODIS,51,6.2,321.6,28.9,D,0
-16.7826,127.9052,347,1,1,2014-09-29,0518,Aqua,MODIS,80,6.2,321.7,29.2,D,0
-16.7663,127.952,336.3,1,1,2014-09-29,0518,Aqua,MODIS,72,6.2,322.5,15.1,D,0
-16.7677,127.9423,336.3,1,1,2014-09-29,0518,Aqua,MODIS,67,6.2,320.2,14.2,D,0
-16.7721,127.9134,340,1,1,2014-09-29,0518,Aqua,MODIS,28,6.2,321.3,16.5,D,0
-16.7702,127.8637,331.6,1,1,2014-09-29,0518,Aqua,MODIS,34,6.2,318.2,8.3,D,0
-16.7553,127.9008,355.6,1,1,2014-09-29,0518,Aqua,MODIS,96,6.2,322.4,49.6,D,0
-16.7518,127.8749,331.2,1,1,2014-09-29,0518,Aqua,MODIS,51,6.2,320.3,7.7,D,0
-17.0732,127.2452,340.2,1,1,2014-09-29,0518,Aqua,MODIS,80,6.2,320.2,20.2,D,0
-17.0683,127.2156,338.7,1,1,2014-09-29,0518,Aqua,MODIS,52,6.2,319.7,16.9,D,0
-17.2245,127.6585,336.2,1,1,2014-09-29,0518,Aqua,MODIS,68,6.2,319.6,13.4,D,0
-17.2155,127.6571,364,1,1,2014-09-29,0518,Aqua,MODIS,100,6.2,321.9,74,D,0
-17.4593,124.2233,333.8,1.2,1.1,2014-09-29,0518,Aqua,MODIS,66,6.2,320.5,14,D,0
-16.4603,127.8477,336.2,1,1,2014-09-29,0518,Aqua,MODIS,71,6.2,319.5,15.6,D,0
-17.163,127.0744,382.1,1,1,2014-09-29,0518,Aqua,MODIS,100,6.2,319.6,139.6,D,0
-17.1643,127.0651,376.6,1,1,2014-09-29,0518,Aqua,MODIS,100,6.2,318.4,117,D,0
-17.1677,127.2958,335.9,1,1,2014-09-29,0518,Aqua,MODIS,34,6.2,321.7,9.4,D,0
-17.1327,127.0248,374.1,1,1,2014-09-29,0518,Aqua,MODIS,100,6.2,319.4,107.8,D,0
-17.121,127.0421,340.7,1,1,2014-09-29,0518,Aqua,MODIS,53,6.2,319.5,20.6,D,0
-17.1223,127.0327,367.6,1,1,2014-09-29,0518,Aqua,MODIS,100,6.2,321,85.9,D,0
-16.8009,127.9082,336.7,1,1,2014-09-29,0518,Aqua,MODIS,19,6.2,321,13.1,D,0
-16.8023,127.8986,372.4,1,1,2014-09-29,0518,Aqua,MODIS,100,6.2,325.6,104,D,0
-16.8037,127.8889,358.2,1,1,2014-09-29,0518,Aqua,MODIS,98,6.2,323.7,59.5,D,0
-17.1657,127.0557,347.7,1,1,2014-09-29,0518,Aqua,MODIS,77,6.2,313.1,35.1,D,0
-15.8955,130.5635,334.6,1.4,1.2,2014-09-29,0518,Aqua,MODIS,68,6.2,316.9,12.8,D,0
-15.9061,130.5653,347.9,1.4,1.2,2014-09-29,0518,Aqua,MODIS,90,6.2,316.9,51.7,D,0
-13.5944,130.1798,340.3,1.5,1.2,2014-09-29,0519,Aqua,MODIS,86,6.2,307.4,52.9,D,0
-13.5944,130.2488,360.8,1.5,1.2,2014-09-29,0519,Aqua,MODIS,100,6.2,307.7,126.5,D,0
-13.6051,130.2507,344.3,1.5,1.2,2014-09-29,0519,Aqua,MODIS,89,6.2,307.2,60,D,0
-13.5901,130.2065,330.9,1.5,1.2,2014-09-29,0519,Aqua,MODIS,70,6.2,305.8,26.4,D,0
-13.6051,130.1816,333.1,1.5,1.2,2014-09-29,0519,Aqua,MODIS,57,6.2,309.6,31.2,D,0
-13.6158,130.1835,329.8,1.5,1.2,2014-09-29,0519,Aqua,MODIS,7,6.2,309.3,19.7,D,0
-13.6265,130.1854,339.5,1.5,1.2,2014-09-29,0519,Aqua,MODIS,85,6.2,308,42.7,D,0
-13.5858,130.2334,336.5,1.5,1.2,2014-09-29,0519,Aqua,MODIS,82,6.2,306.7,37.7,D,0
-13.6288,130.1916,334.9,1.5,1.2,2014-09-29,0519,Aqua,MODIS,80,6.2,308.3,30.1,D,0
-13.588,130.2199,341.5,1.5,1.2,2014-09-29,0519,Aqua,MODIS,87,6.2,307.3,53.7,D,0
-13.0914,130.3005,337.7,1.5,1.2,2014-09-29,0519,Aqua,MODIS,79,6.2,303.5,48.5,D,0
-14.1945,132.0549,348.8,1.9,1.4,2014-09-29,0519,Aqua,MODIS,92,6.2,310.8,109.9,D,0
-13.5965,130.2353,336.2,1.5,1.2,2014-09-29,0519,Aqua,MODIS,81,6.2,307.7,37.1,D,0
-13.8087,133.5783,329.5,2.6,1.5,2014-09-29,0519,Aqua,MODIS,42,6.2,313.6,33.8,D,0
-14.0349,132.5965,354.3,2.2,1.4,2014-09-29,0519,Aqua,MODIS,96,6.2,311.8,150.6,D,0
-13.9415,132.5341,331.9,2.1,1.4,2014-09-29,0519,Aqua,MODIS,38,6.2,311.6,37.6,D,0
-13.9448,132.5145,336.5,2.1,1.4,2014-09-29,0519,Aqua,MODIS,68,6.2,310.7,55.1,D,0
-13.9169,132.4494,362.6,2.1,1.4,2014-09-29,0519,Aqua,MODIS,100,6.2,311.8,231.1,D,0
-11.4341,132.459,329.7,2.4,1.5,2014-09-29,0519,Aqua,MODIS,68,6.2,305.8,48,D,0
-11.4322,132.4419,323.1,2.3,1.5,2014-09-29,0519,Aqua,MODIS,44,6.2,303.7,22.8,D,0
-11.7376,132.884,320.7,2.5,1.5,2014-09-29,0519,Aqua,MODIS,57,6.2,299.5,24.6,D,0
-11.4376,132.4377,325.6,2.3,1.5,2014-09-29,0519,Aqua,MODIS,41,6.2,304.1,30.7,D,0
-11.315,131.9814,320,2.2,1.4,2014-09-29,0519,Aqua,MODIS,72,6.2,295.1,31,D,0
-13.439,131.8694,345.5,1.9,1.4,2014-09-29,0519,Aqua,MODIS,90,6.2,303.5,97.1,D,0
-13.9262,132.4711,329.2,2.1,1.4,2014-09-29,0519,Aqua,MODIS,28,6.2,310.2,32.4,D,0
-14.0476,132.6062,331.6,2.2,1.4,2014-09-29,0519,Aqua,MODIS,20,6.2,312.3,22.9,D,0
-13.913,132.4611,343,2.1,1.4,2014-09-29,0519,Aqua,MODIS,88,6.2,309.6,97.6,D,0
-13.9162,132.4418,346.6,2.1,1.4,2014-09-29,0519,Aqua,MODIS,91,6.2,310.7,116.7,D,0
-14.0316,132.6164,338.5,2.2,1.4,2014-09-29,0519,Aqua,MODIS,81,6.2,313.1,55.8,D,0
-13.5749,130.3017,352.2,1.5,1.2,2014-09-29,0519,Aqua,MODIS,95,6.2,311.7,84.2,D,0
-13.5727,130.3154,338.5,1.5,1.2,2014-09-29,0519,Aqua,MODIS,70,6.2,307.9,39.1,D,0
-12.9788,131.328,340.5,1.8,1.3,2014-09-29,0519,Aqua,MODIS,78,6.2,305.7,72.8,D,0
-11.6797,131.1971,327.7,1.9,1.3,2014-09-29,0519,Aqua,MODIS,63,6.2,309.9,27.9,D,0
-11.6825,131.1801,333.6,1.9,1.3,2014-09-29,0519,Aqua,MODIS,86,6.2,309.3,46.8,D,0
-11.6705,131.1781,372.7,1.9,1.3,2014-09-29,0519,Aqua,MODIS,100,6.2,312,273.7,D,0
-11.6586,131.1761,327,1.9,1.3,2014-09-29,0519,Aqua,MODIS,65,6.2,309.4,23.5,D,0
-12.9811,131.3385,360.7,1.8,1.3,2014-09-29,0519,Aqua,MODIS,94,6.2,307,178.9,D,0
-12.976,131.3445,341.2,1.8,1.3,2014-09-29,0519,Aqua,MODIS,74,6.2,306.4,75.2,D,0
-11.4306,131.1895,328.8,1.9,1.3,2014-09-29,0519,Aqua,MODIS,32,6.2,304.1,31.6,D,0
-32.9228,146.6538,302.5,1,1,2014-09-29,1300,Terra,MODIS,50,6.2,281.1,7.5,N,0
-33.8231,142.0145,303.2,1.7,1.3,2014-09-29,1300,Terra,MODIS,54,6.2,284.7,17.4,N,0
-32.0048,146.7281,338.8,1,1,2014-09-29,1300,Terra,MODIS,100,6.2,289.2,44.2,N,0
-34.4639,150.8893,303.8,1.1,1.1,2014-09-29,1300,Terra,MODIS,57,6.2,289.6,8.3,N,2
-30.8456,146.5478,310.6,1,1,2014-09-29,1301,Terra,MODIS,81,6.2,289.7,11.2,N,0
-28.9025,148.4309,305.2,1.1,1,2014-09-29,1301,Terra,MODIS,63,6.2,288,9.2,N,0
-31.1345,146.7187,300.2,1,1,2014-09-29,1301,Terra,MODIS,21,6.2,288.1,4.9,N,0
-26.133,149.9729,318,1.4,1.2,2014-09-29,1302,Terra,MODIS,96,6.2,286.8,27.5,N,0
-26.1275,149.9652,315.7,1.4,1.2,2014-09-29,1302,Terra,MODIS,92,6.2,287.8,24.1,N,0
-25.2364,149.0327,307.4,1.2,1.1,2014-09-29,1302,Terra,MODIS,48,6.2,287.4,11.4,N,0
-25.2286,149.0183,304.5,1.2,1.1,2014-09-29,1302,Terra,MODIS,32,6.2,287.3,9,N,0
-25.2265,149.0307,302.1,1.2,1.1,2014-09-29,1302,Terra,MODIS,15,6.2,286.3,7,N,0
-23.2815,147.3623,323.6,1.1,1,2014-09-29,1303,Terra,MODIS,73,6.2,290.2,23.4,N,0
-23.2925,147.3535,356.7,1.1,1,2014-09-29,1303,Terra,MODIS,100,6.2,294.2,89.8,N,0
-23.2942,147.3428,312.3,1.1,1,2014-09-29,1303,Terra,MODIS,52,6.2,290.6,13,N,0
-23.2831,147.3516,346.3,1.1,1,2014-09-29,1303,Terra,MODIS,100,6.2,291.4,61.8,N,0
-23.3084,149.9241,309.8,1.5,1.2,2014-09-29,1303,Terra,MODIS,78,6.2,289.4,19.7,N,0
-23.3109,149.9095,307,1.5,1.2,2014-09-29,1303,Terra,MODIS,70,6.2,288.5,16,N,0
-17.6481,146.1316,304.4,1.1,1.1,2014-09-29,1304,Terra,MODIS,39,6.2,292.8,5.5,N,0
-15.2846,143.6449,302.7,1,1,2014-09-29,1305,Terra,MODIS,49,6.2,292.3,4.3,N,0
-14.9945,141.8426,304.1,1.1,1,2014-09-29,1305,Terra,MODIS,59,6.2,294.1,4.9,N,0
-15.9698,144.4388,303.2,1,1,2014-09-29,1305,Terra,MODIS,54,6.2,291.7,5.3,N,0
-15.4742,145.057,304.1,1.1,1,2014-09-29,1305,Terra,MODIS,58,6.2,290.4,6.4,N,0
-14.2914,143.4524,303.2,1,1,2014-09-29,1305,Terra,MODIS,15,6.2,292.3,4.1,N,0
-14.5284,144.4803,312.5,1,1,2014-09-29,1305,Terra,MODIS,85,6.2,292.7,11.1,N,0
-16.449,135.4386,305.9,2.9,1.6,2014-09-29,1305,Terra,MODIS,66,6.2,295.6,23.4,N,0
-16.4487,135.4333,306.2,2.9,1.6,2014-09-29,1305,Terra,MODIS,67,6.2,295.6,23.3,N,0
-16.4638,135.4403,319.7,2.9,1.6,2014-09-29,1305,Terra,MODIS,99,6.2,296.1,74.2,N,0
-16.4603,135.4624,305.9,2.9,1.6,2014-09-29,1305,Terra,MODIS,40,6.2,295.4,22,N,0
-16.4634,135.435,315.8,2.9,1.6,2014-09-29,1305,Terra,MODIS,92,6.2,296,57,N,0
-14.1816,143.4479,303.5,1,1,2014-09-29,1305,Terra,MODIS,19,6.2,292.1,3.9,N,0
-14.183,143.4387,302.8,1,1,2014-09-29,1305,Terra,MODIS,25,6.2,291.9,3.7,N,0
-14.1434,143.2008,304.4,1,1,2014-09-29,1305,Terra,MODIS,60,6.2,292.1,5.5,N,0
-15.9684,144.4482,302.7,1,1,2014-09-29,1305,Terra,MODIS,51,6.2,291.4,5.2,N,0
-14.2511,143.4115,309.7,1,1,2014-09-29,1305,Terra,MODIS,78,6.2,291.5,9,N,0
-14.1421,143.21,302.8,1,1,2014-09-29,1305,Terra,MODIS,52,6.2,292,4.6,N,0
-14.1919,143.4401,306.3,1,1,2014-09-29,1305,Terra,MODIS,56,6.2,292.2,5.8,N,0
-13.4366,142.0201,303.6,1,1,2014-09-29,1306,Terra,MODIS,56,6.2,290.5,5,N,0
-13.5669,141.9356,311.8,1,1,2014-09-29,1306,Terra,MODIS,83,6.2,292.6,9.8,N,0
-13.5695,141.9844,312.6,1,1,2014-09-29,1306,Terra,MODIS,85,6.2,292.9,10.8,N,0
-12.1433,141.8685,312.3,1,1,2014-09-29,1306,Terra,MODIS,85,6.2,294.3,10.5,N,0
-12.3295,141.9176,306,1,1,2014-09-29,1306,Terra,MODIS,67,6.2,293.6,6.1,N,0
-13.5442,141.9065,313.5,1,1,2014-09-29,1306,Terra,MODIS,87,6.2,292.8,11.9,N,0
-14.2467,133.9383,304.8,3.6,1.8,2014-09-29,1306,Terra,MODIS,59,6.2,294.8,24.1,N,0
-12.7339,143.3441,305.6,1,1,2014-09-29,1306,Terra,MODIS,35,6.2,293.4,4.7,N,0
-12.6806,143.0114,302.8,1,1,2014-09-29,1306,Terra,MODIS,19,6.2,291,4.5,N,0
-12.6793,143.0205,301.7,1,1,2014-09-29,1306,Terra,MODIS,9,6.2,290.6,4,N,0
-12.7236,143.3519,308.9,1,1,2014-09-29,1306,Terra,MODIS,72,6.2,293.6,6.8,N,0
-14.2518,133.9776,307.4,3.6,1.8,2014-09-29,1306,Terra,MODIS,71,6.2,294.7,34.4,N,0
-13.1,141.9903,302.6,1,1,2014-09-29,1306,Terra,MODIS,49,6.2,282.4,5,N,0
-13.0974,142.009,300.4,1,1,2014-09-29,1306,Terra,MODIS,14,6.2,283.9,3.4,N,0
-14.2431,133.9715,305.2,3.6,1.8,2014-09-29,1306,Terra,MODIS,63,6.2,294.7,25.3,N,0
-14.2553,133.9445,308.5,3.6,1.8,2014-09-29,1306,Terra,MODIS,75,6.2,294.9,39.2,N,0
-12.7353,143.3349,307.8,1,1,2014-09-29,1306,Terra,MODIS,66,6.2,293.4,6.3,N,0
-12.6883,143.0219,306.1,1,1,2014-09-29,1306,Terra,MODIS,43,6.2,291.1,6.5,N,0
-13.0037,143.4511,309.4,1,1,2014-09-29,1306,Terra,MODIS,77,6.2,289.1,8.6,N,0
-13.0987,141.9997,302.2,1,1,2014-09-29,1306,Terra,MODIS,42,6.2,283.5,4.5,N,0
-13.0051,143.4419,305,1,1,2014-09-29,1306,Terra,MODIS,62,6.2,289.3,5.7,N,0
-12.4443,142.3435,306.6,1,1,2014-09-29,1306,Terra,MODIS,43,6.2,292.8,6.1,N,0
-12.4584,142.3737,306.9,1,1,2014-09-29,1306,Terra,MODIS,66,6.2,292.8,6.3,N,0
-12.4571,142.3829,302.9,1,1,2014-09-29,1306,Terra,MODIS,1,6.2,292.3,4,N,0
-12.452,142.354,311.5,1,1,2014-09-29,1306,Terra,MODIS,59,6.2,293.7,9.1,N,0
-28.0457,153.3849,300.9,2.2,1.4,2014-09-29,1435,Aqua,MODIS,35,6.2,285.3,19.5,N,0
-28.0477,153.3893,305.3,2.2,1.4,2014-09-29,1435,Aqua,MODIS,64,6.2,285.6,27.5,N,0
-33.331,121.6905,300.8,1,1,2014-09-29,1439,Terra,MODIS,33,6.2,282.4,7.8,N,0
-30.8634,121.49,311.5,1,1,2014-09-29,1440,Terra,MODIS,83,6.2,286.9,13.3,N,2
-21.4287,117.4129,308.7,1.2,1.1,2014-09-29,1442,Terra,MODIS,19,6.2,297.3,7.1,N,0
-21.4302,117.4017,316,1.2,1.1,2014-09-29,1442,Terra,MODIS,92,6.2,296.7,14.3,N,0
-21.4204,117.4001,309.1,1.2,1.1,2014-09-29,1442,Terra,MODIS,20,6.2,296.9,7.1,N,0
-21.3912,117.3957,314,1.2,1.1,2014-09-29,1442,Terra,MODIS,88,6.2,297.6,12.2,N,0
-21.3759,117.3587,308.8,1.2,1.1,2014-09-29,1442,Terra,MODIS,32,6.2,297,6.5,N,0
-21.3733,117.3641,309.8,1.2,1.1,2014-09-29,1442,Terra,MODIS,78,6.2,297.4,8.8,N,0
-21.3666,117.3394,310.8,1.2,1.1,2014-09-29,1442,Terra,MODIS,57,6.2,297.1,8.9,N,0
-21.3724,117.2941,307.8,1.2,1.1,2014-09-29,1442,Terra,MODIS,39,6.2,296.8,6.9,N,0
-21.3528,117.2909,308.8,1.2,1.1,2014-09-29,1442,Terra,MODIS,47,6.2,297.1,7.4,N,0
-21.3148,117.3549,311.5,1.2,1.1,2014-09-29,1442,Terra,MODIS,83,6.2,297,10.4,N,0
-21.3163,117.3435,322.5,1.2,1.1,2014-09-29,1442,Terra,MODIS,100,6.2,297.1,22.6,N,0
-21.3079,117.3307,320.8,1.2,1.1,2014-09-29,1442,Terra,MODIS,100,6.2,297.2,20.7,N,0
-21.1116,117.1073,312,1.2,1.1,2014-09-29,1442,Terra,MODIS,84,6.2,296.9,11.9,N,0
-22.5337,122.5937,307.7,1.1,1.1,2014-09-29,1442,Terra,MODIS,66,6.2,290.3,10.9,N,0
-22.5432,122.5954,302,1.1,1.1,2014-09-29,1442,Terra,MODIS,21,6.2,284.8,6.6,N,0
-16.8402,124.233,305.4,1.7,1.3,2014-09-29,1443,Terra,MODIS,52,6.2,295,9.6,N,0
-17.9273,124.07,316.2,1.6,1.2,2014-09-29,1443,Terra,MODIS,93,6.2,296.2,24.5,N,0
-17.1621,126.9779,313.6,2.7,1.6,2014-09-29,1443,Terra,MODIS,84,6.2,294.9,43,N,0
-17.2218,127.0743,307.5,2.7,1.6,2014-09-29,1443,Terra,MODIS,26,6.2,293.6,26.5,N,0
-17.176,126.9809,320.9,2.7,1.6,2014-09-29,1443,Terra,MODIS,100,6.2,296.4,68.6,N,0
-17.1715,127.0056,313.8,2.7,1.6,2014-09-29,1443,Terra,MODIS,87,6.2,295.7,43.7,N,0
-17.19,126.9838,328.1,2.7,1.6,2014-09-29,1443,Terra,MODIS,100,6.2,297.5,100.9,N,0
-16.951,124.2496,332.5,1.7,1.3,2014-09-29,1443,Terra,MODIS,100,6.2,298.7,64.1,N,0
-16.9537,124.2339,320.2,1.7,1.3,2014-09-29,1443,Terra,MODIS,100,6.2,297,33.2,N,0
-16.945,124.216,324.3,1.7,1.3,2014-09-29,1443,Terra,MODIS,100,6.2,296.5,41.2,N,0
-16.9541,124.2437,327.8,1.7,1.3,2014-09-29,1443,Terra,MODIS,100,6.2,298.1,49,N,0
-16.9452,124.2257,322.2,1.7,1.3,2014-09-29,1443,Terra,MODIS,100,6.2,296.9,36.3,N,0
-16.9479,124.21,309.6,1.7,1.3,2014-09-29,1443,Terra,MODIS,32,6.2,295.5,13.4,N,0
-17.1855,127.0085,318,2.7,1.6,2014-09-29,1443,Terra,MODIS,96,6.2,295.4,58.2,N,0
-17.181,127.0332,318.3,2.7,1.6,2014-09-29,1443,Terra,MODIS,96,6.2,295.2,62.9,N,0
-17.204,126.9866,328.8,2.7,1.6,2014-09-29,1443,Terra,MODIS,100,6.2,297.4,100,N,0
-17.1995,127.0115,346.8,2.7,1.6,2014-09-29,1443,Terra,MODIS,100,6.2,298.8,223,N,0
-17.195,127.0362,346.7,2.7,1.6,2014-09-29,1443,Terra,MODIS,100,6.2,297.8,227.3,N,0
-17.2179,126.9896,337.4,2.7,1.6,2014-09-29,1443,Terra,MODIS,100,6.2,297.8,153.7,N,0
-17.2135,127.0144,364.8,2.7,1.6,2014-09-29,1443,Terra,MODIS,100,6.2,301.7,407.4,N,0
-17.209,127.0394,332.7,2.7,1.6,2014-09-29,1443,Terra,MODIS,100,6.2,297,127.3,N,0
-17.1797,126.9883,327,2.7,1.6,2014-09-29,1443,Terra,MODIS,100,6.2,297.1,89.8,N,0
-17.175,127.013,310.7,2.7,1.6,2014-09-29,1443,Terra,MODIS,38,6.2,295.1,31.7,N,0
-17.1937,126.9912,317.1,2.7,1.6,2014-09-29,1443,Terra,MODIS,48,6.2,296.3,43.5,N,0
-16.8631,124.2373,328.7,1.7,1.3,2014-09-29,1443,Terra,MODIS,100,6.2,296.7,53.5,N,0
-17.189,127.0159,336,2.7,1.6,2014-09-29,1443,Terra,MODIS,100,6.2,296.6,142,N,0
-17.1844,127.0404,313.9,2.7,1.6,2014-09-29,1443,Terra,MODIS,81,6.2,295.2,43.9,N,0
-17.2076,126.994,345.1,2.7,1.6,2014-09-29,1443,Terra,MODIS,100,6.2,298.9,206.7,N,0
-16.874,124.2287,324.2,1.7,1.3,2014-09-29,1443,Terra,MODIS,100,6.2,296.3,41.4,N,0
-16.8713,124.2445,350.5,1.7,1.3,2014-09-29,1443,Terra,MODIS,100,6.2,298.8,131.3,N,0
-16.9084,124.2348,326.5,1.7,1.3,2014-09-29,1443,Terra,MODIS,100,6.2,297,45.5,N,0
-16.9057,124.2507,340.4,1.7,1.3,2014-09-29,1443,Terra,MODIS,100,6.2,298.8,90.1,N,0
-16.9145,124.2686,321.6,1.7,1.3,2014-09-29,1443,Terra,MODIS,100,6.2,297.4,37.3,N,0
-17.203,127.0189,351.4,2.7,1.6,2014-09-29,1443,Terra,MODIS,100,6.2,299.5,261.2,N,0
-17.1984,127.0433,346.1,2.7,1.6,2014-09-29,1443,Terra,MODIS,100,6.2,297.5,220.4,N,0
-17.2216,126.997,352.9,2.7,1.6,2014-09-29,1443,Terra,MODIS,100,6.2,297.9,277.3,N,0
-17.217,127.0217,354.3,2.7,1.6,2014-09-29,1443,Terra,MODIS,100,6.2,298.7,293.1,N,0
-17.2263,127.0497,316.9,2.7,1.6,2014-09-29,1443,Terra,MODIS,93,6.2,294.9,55.9,N,0
-16.9172,124.2528,324.2,1.7,1.3,2014-09-29,1443,Terra,MODIS,100,6.2,298.1,41.5,N,0
-17.2312,127.1022,307.7,2.7,1.6,2014-09-29,1443,Terra,MODIS,44,6.2,294,28.8,N,0
-17.4514,127.4973,303.6,2.9,1.6,2014-09-29,1443,Terra,MODIS,48,6.2,291.7,22.2,N,0
-17.4862,123.4682,309.9,1.5,1.2,2014-09-29,1443,Terra,MODIS,79,6.2,297.5,13.5,N,0
-17.4885,123.4545,315.3,1.5,1.2,2014-09-29,1443,Terra,MODIS,91,6.2,297.1,20.3,N,0
-17.4625,123.478,321,1.5,1.2,2014-09-29,1443,Terra,MODIS,100,6.2,299.1,28.9,N,0
-17.4648,123.4642,337.9,1.5,1.2,2014-09-29,1443,Terra,MODIS,100,6.2,301.5,65,N,0
-17.4671,123.4505,337.9,1.5,1.2,2014-09-29,1443,Terra,MODIS,100,6.2,301.3,63.8,N,0
-17.4694,123.4368,327.6,1.5,1.2,2014-09-29,1443,Terra,MODIS,100,6.2,298.6,39.7,N,0
-17.4541,123.4622,308.5,1.5,1.2,2014-09-29,1443,Terra,MODIS,75,6.2,297.2,11.8,N,0
-17.4564,123.4485,328.6,1.5,1.2,2014-09-29,1443,Terra,MODIS,100,6.2,298.1,43.6,N,0
-17.4587,123.4348,349.9,1.5,1.2,2014-09-29,1443,Terra,MODIS,100,6.2,299.3,104.4,N,0
-17.4534,123.4415,318.8,1.5,1.2,2014-09-29,1443,Terra,MODIS,81,6.2,297.1,23.8,N,0
-17.4556,123.4279,328.6,1.5,1.2,2014-09-29,1443,Terra,MODIS,100,6.2,296.8,42.4,N,0
-17.4298,123.4514,319,1.5,1.2,2014-09-29,1443,Terra,MODIS,98,6.2,297.6,25.8,N,0
-17.4191,123.4494,337.5,1.5,1.2,2014-09-29,1443,Terra,MODIS,100,6.2,298.2,65.3,N,0
-17.4213,123.4357,375,1.5,1.2,2014-09-29,1443,Terra,MODIS,100,6.2,302.3,229,N,0
-17.4235,123.4221,328.1,1.5,1.2,2014-09-29,1443,Terra,MODIS,100,6.2,297.5,42.7,N,0
-17.4258,123.4085,307.1,1.5,1.2,2014-09-29,1443,Terra,MODIS,20,6.2,295.1,10.1,N,0
-17.4129,123.4202,308.9,1.5,1.2,2014-09-29,1443,Terra,MODIS,36,6.2,294.4,12.1,N,0
-17.4151,123.4066,311.8,1.5,1.2,2014-09-29,1443,Terra,MODIS,74,6.2,294.8,16.4,N,0
-17.2497,127.6614,351.7,3,1.6,2014-09-29,1443,Terra,MODIS,100,6.2,298.7,318.5,N,0
-17.2344,127.6649,317.5,3,1.6,2014-09-29,1443,Terra,MODIS,95,6.2,295.1,69,N,0
-17.0372,127.0771,305.4,2.7,1.6,2014-09-29,1443,Terra,MODIS,62,6.2,293.9,24.1,N,0
-17.1576,127.0026,319.9,2.7,1.6,2014-09-29,1443,Terra,MODIS,99,6.2,295.2,67.1,N,0
-17.249,127.6684,352.5,3,1.6,2014-09-29,1443,Terra,MODIS,100,6.2,298,326.8,N,0
-17.5111,124.2793,326.8,1.7,1.3,2014-09-29,1443,Terra,MODIS,100,6.2,297.8,46.5,N,0
-17.5138,124.2638,334.6,1.7,1.3,2014-09-29,1443,Terra,MODIS,100,6.2,298.2,67.6,N,0
-17.1806,126.9562,318.1,2.7,1.6,2014-09-29,1443,Terra,MODIS,96,6.2,295.4,60.5,N,0
-17.5046,124.2558,311.7,1.7,1.3,2014-09-29,1443,Terra,MODIS,55,6.2,296.8,16.1,N,0
-17.1945,126.9591,331.7,2.7,1.6,2014-09-29,1443,Terra,MODIS,100,6.2,297.7,123.8,N,0
-17.189,126.9391,310.3,2.6,1.6,2014-09-29,1443,Terra,MODIS,16,6.2,294.1,33,N,0
-17.1844,126.9637,339.7,2.7,1.6,2014-09-29,1443,Terra,MODIS,100,6.2,297.6,168.8,N,0
-17.1983,126.9666,316.1,2.7,1.6,2014-09-29,1443,Terra,MODIS,66,6.2,296.9,50.5,N,0
-17.2123,126.9693,307.6,2.7,1.6,2014-09-29,1443,Terra,MODIS,33,6.2,295.5,26.1,N,0
-17.2352,127.6579,318.8,3,1.6,2014-09-29,1443,Terra,MODIS,97,6.2,295.3,74,N,0
-17.2544,127.6404,323.3,3,1.6,2014-09-29,1443,Terra,MODIS,100,6.2,296.3,96.1,N,0
-16.9482,124.2653,316.6,1.7,1.3,2014-09-29,1443,Terra,MODIS,93,6.2,297.3,27.6,N,0
-16.9488,124.2752,306.4,1.7,1.3,2014-09-29,1443,Terra,MODIS,51,6.2,295.9,11.2,N,0
-16.9515,124.2594,323.1,1.7,1.3,2014-09-29,1443,Terra,MODIS,100,6.2,298.2,40,N,0
-18.0159,124.0913,312.1,1.6,1.2,2014-09-29,1443,Terra,MODIS,50,6.2,298.4,14.3,N,0
-18.0184,124.0768,311.5,1.6,1.2,2014-09-29,1443,Terra,MODIS,45,6.2,298.8,13.5,N,0
-17.9876,124.0508,310.2,1.6,1.2,2014-09-29,1443,Terra,MODIS,40,6.2,296.9,13.2,N,0
-10.1347,142.1152,314.9,1.1,1,2014-09-29,1608,Aqua,MODIS,86,6.2,284.8,14.7,N,0
-12.8721,131.3163,318.6,3,1.7,2014-09-29,1609,Aqua,MODIS,97,6.2,292,78.5,N,0
-12.867,131.2887,304.9,3,1.7,2014-09-29,1609,Aqua,MODIS,50,6.2,291.3,27.4,N,0
-12.8694,131.2962,312.5,3,1.7,2014-09-29,1609,Aqua,MODIS,85,6.2,291.6,54.8,N,0
-12.8596,131.3267,313.4,3,1.7,2014-09-29,1609,Aqua,MODIS,87,6.2,292,58.7,N,0
-12.8743,131.3239,313.2,3,1.7,2014-09-29,1609,Aqua,MODIS,87,6.2,291.9,56.8,N,0
-14.2593,143.4641,305,1.5,1.2,2014-09-29,1609,Aqua,MODIS,55,6.2,290.8,11.1,N,0
-14.27,143.4627,302.8,1.5,1.2,2014-09-29,1609,Aqua,MODIS,18,6.2,290.8,8.7,N,0
-12.1411,141.8695,302.8,1.1,1.1,2014-09-29,1609,Aqua,MODIS,51,6.2,291.8,6,N,0
-12.4558,142.3716,305,1.2,1.1,2014-09-29,1609,Aqua,MODIS,62,6.2,291,8.4,N,0
-14.1767,132.6064,306.6,2.3,1.5,2014-09-29,1610,Aqua,MODIS,37,6.2,293.8,17.7,N,0
-14.1731,132.586,304.6,2.3,1.5,2014-09-29,1610,Aqua,MODIS,19,6.2,293,14.8,N,0
-14.1898,132.6039,306.5,2.3,1.5,2014-09-29,1610,Aqua,MODIS,33,6.2,293.8,17.1,N,0
-17.395,132.6375,305.5,2,1.4,2014-09-29,1610,Aqua,MODIS,64,6.2,293.6,16.8,N,0
-16.5698,130.6771,314.2,2.8,1.6,2014-09-29,1610,Aqua,MODIS,89,6.2,297.3,48.8,N,0
-16.5745,130.7026,331.7,2.8,1.6,2014-09-29,1610,Aqua,MODIS,100,6.2,297.8,132.8,N,0
-16.5775,130.6971,336.7,2.8,1.6,2014-09-29,1610,Aqua,MODIS,100,6.2,298.3,166.3,N,0
-16.6773,130.9165,318.5,2.7,1.6,2014-09-29,1610,Aqua,MODIS,55,6.2,297.1,58.7,N,0
-16.6819,130.9415,351.6,2.7,1.6,2014-09-29,1610,Aqua,MODIS,100,6.2,300.2,270.5,N,0
-16.6839,130.9338,350.3,2.7,1.6,2014-09-29,1610,Aqua,MODIS,100,6.2,299.6,256.3,N,0
-16.6886,130.9586,324.4,2.7,1.6,2014-09-29,1610,Aqua,MODIS,90,6.2,297.5,82.2,N,0
-16.698,130.931,309.8,2.7,1.6,2014-09-29,1610,Aqua,MODIS,31,6.2,296.5,31.6,N,0
-17.3509,132.6905,327.6,1.9,1.4,2014-09-29,1610,Aqua,MODIS,100,6.2,294,68.1,N,0
-17.3541,132.7085,303,1.9,1.4,2014-09-29,1610,Aqua,MODIS,23,6.2,291.7,12.7,N,0
-17.3631,132.6881,336,1.9,1.4,2014-09-29,1610,Aqua,MODIS,100,6.2,295.7,97.5,N,0
-17.3752,132.6858,339.5,1.9,1.4,2014-09-29,1610,Aqua,MODIS,100,6.2,296.1,111.4,N,0
-17.3651,132.6807,324.9,1.9,1.4,2014-09-29,1610,Aqua,MODIS,100,6.2,294.8,59,N,0
-17.3683,132.6987,316.7,1.9,1.4,2014-09-29,1610,Aqua,MODIS,94,6.2,293.9,37.8,N,0
-17.3772,132.6784,327.4,1.9,1.4,2014-09-29,1610,Aqua,MODIS,100,6.2,294.3,66.7,N,0
-17.3805,132.6964,313.2,1.9,1.4,2014-09-29,1610,Aqua,MODIS,87,6.2,293.4,31,N,0
-17.507,130.6604,305,2.7,1.6,2014-09-29,1611,Aqua,MODIS,26,6.2,293.9,22.9,N,0
-17.4928,130.6631,305.6,2.7,1.6,2014-09-29,1611,Aqua,MODIS,40,6.2,293.6,24.3,N,0
-17.4884,130.6685,307,2.7,1.6,2014-09-29,1611,Aqua,MODIS,22,6.2,293.8,26.6,N,0
-20.7351,139.4761,311.1,1.1,1,2014-09-29,1611,Aqua,MODIS,82,6.2,294.5,10.9,N,2
-30.4437,136.8632,306.4,1,1,2014-09-29,1614,Aqua,MODIS,68,6.2,289.2,9.9,N,0
-17.514,124.2817,313.5,4.2,1.9,2014-09-29,1749,Aqua,MODIS,85,6.2,293.1,90.2,N,0
-17.5254,124.249,310.6,4.2,1.9,2014-09-29,1749,Aqua,MODIS,80,6.2,292.2,74.7,N,0
-17.5543,124.1589,311.4,4.1,1.9,2014-09-29,1749,Aqua,MODIS,82,6.2,293.2,79.6,N,0
-17.5585,124.1542,303.6,4.1,1.9,2014-09-29,1749,Aqua,MODIS,56,6.2,292.6,40.4,N,0
-17.5083,124.2507,311.1,4.2,1.9,2014-09-29,1749,Aqua,MODIS,82,6.2,292.6,78.5,N,0
-17.5121,124.29,312.2,4.2,1.9,2014-09-29,1749,Aqua,MODIS,84,6.2,293,85.7,N,0
-17.5293,124.2885,304.4,4.2,1.9,2014-09-29,1749,Aqua,MODIS,59,6.2,292.5,45,N,0
-17.5104,124.2422,309.6,4.2,1.9,2014-09-29,1749,Aqua,MODIS,47,6.2,292.2,64.4,N,0
-17.4872,123.4674,309.9,3.6,1.8,2014-09-29,1749,Aqua,MODIS,43,6.2,294.4,53.3,N,0
-17.4479,123.4794,311.3,3.6,1.8,2014-09-29,1749,Aqua,MODIS,53,6.2,295.2,56.2,N,0
-17.4443,123.4449,309.3,3.6,1.8,2014-09-29,1749,Aqua,MODIS,48,6.2,294.5,49.9,N,0
-17.5312,124.2799,307.1,4.2,1.9,2014-09-29,1749,Aqua,MODIS,24,6.2,292.6,52.9,N,0
-21.3999,117.345,305.2,1.5,1.2,2014-09-29,1750,Aqua,MODIS,63,6.2,293.9,9.2,N,0
-21.405,117.3531,306.3,1.5,1.2,2014-09-29,1750,Aqua,MODIS,68,6.2,293.3,11,N,0
-21.4333,117.4067,305.7,1.5,1.2,2014-09-29,1750,Aqua,MODIS,65,6.2,293.7,10.5,N,0
-21.2973,117.338,324.9,1.5,1.2,2014-09-29,1750,Aqua,MODIS,100,6.2,294,37.9,N,0
-21.3081,117.3366,314.2,1.5,1.2,2014-09-29,1750,Aqua,MODIS,89,6.2,293,20.7,N,0
-21.2997,117.3308,314,1.5,1.2,2014-09-29,1750,Aqua,MODIS,88,6.2,293.4,20.4,N,0
-21.3013,117.3447,321,1.5,1.2,2014-09-29,1750,Aqua,MODIS,100,6.2,294,31.5,N,0
-21.3121,117.3433,310.1,1.5,1.2,2014-09-29,1750,Aqua,MODIS,79,6.2,292.6,15.8,N,0
-21.3637,117.4079,315.1,1.5,1.2,2014-09-29,1750,Aqua,MODIS,90,6.2,295.6,21.3,N,0
-21.3745,117.4063,318.4,1.5,1.2,2014-09-29,1750,Aqua,MODIS,97,6.2,296.2,26.1,N,0
-21.3836,117.3903,315.5,1.5,1.2,2014-09-29,1750,Aqua,MODIS,91,6.2,295.4,21,N,0
-21.3853,117.4047,316.1,1.5,1.2,2014-09-29,1750,Aqua,MODIS,93,6.2,295.7,22.6,N,0
-23.153,150.285,318.9,1.4,1.2,2014-09-29,2358,Terra,MODIS,65,6.2,302.4,13.7,D,0
-23.1553,150.2985,329.5,1.4,1.2,2014-09-29,2358,Terra,MODIS,81,6.2,303.2,32.7,D,0
-19.6974,147.254,328.3,2.6,1.6,2014-09-29,2358,Terra,MODIS,76,6.2,300.2,76,D,0
-23.0332,150.7279,329.1,1.3,1.1,2014-09-29,2358,Terra,MODIS,80,6.2,300.3,33.7,D,0
-21.1016,144.4924,317.4,3.9,1.8,2014-09-29,2358,Terra,MODIS,55,6.2,303.8,46.7,D,0
-21.1128,144.4954,316.7,3.9,1.8,2014-09-29,2358,Terra,MODIS,52,6.2,303.9,42.6,D,0
-25.2222,149.0332,355.6,1.5,1.2,2014-09-29,2359,Terra,MODIS,98,6.2,307.4,125.3,D,0
-26.1277,149.9703,320.5,1.3,1.1,2014-09-29,2359,Terra,MODIS,62,6.2,305.9,9.3,D,0
-24.9994,151.7406,324.6,1.1,1,2014-09-29,2359,Terra,MODIS,75,6.2,304.9,14.3,D,0
-25.2331,149.0309,342.6,1.5,1.2,2014-09-29,2359,Terra,MODIS,91,6.2,302.2,74.2,D,0
-23.2968,147.3588,316,2.2,1.4,2014-09-29,2359,Terra,MODIS,34,6.2,300.6,19.5,D,0
-25.2358,149.0458,322.8,1.5,1.2,2014-09-29,2359,Terra,MODIS,65,6.2,302.5,22,D,0
-26.7477,149.0988,321.8,1.4,1.2,2014-09-29,2359,Terra,MODIS,60,6.2,307.4,12,D,0
-26.7501,149.1129,328.3,1.4,1.2,2014-09-29,2359,Terra,MODIS,75,6.2,307.3,24.1,D,0
-27.3158,152.9841,315.9,1,1,2014-09-29,2359,Terra,MODIS,41,6.2,301.8,4.7,D,2
-23.312,149.92,315.7,1.5,1.2,2014-09-29,2359,Terra,MODIS,53,6.2,300.9,8.1,D,0
-25.2195,149.0183,321.7,1.5,1.2,2014-09-29,2359,Terra,MODIS,48,6.2,303,21.1,D,0
-24.4687,151.0239,316.4,1.2,1.1,2014-09-29,2359,Terra,MODIS,53,6.2,298.3,14.1,D,0
-23.5452,150.292,326.5,1.4,1.2,2014-09-29,2359,Terra,MODIS,72,6.2,302.2,24.3,D,0
-23.5475,150.3053,323.8,1.4,1.2,2014-09-29,2359,Terra,MODIS,59,6.2,301.3,20.3,D,0
-23.5425,150.3001,322.4,1.4,1.2,2014-09-29,2359,Terra,MODIS,45,6.2,301.9,18.1,D,0
-23.5529,150.2982,323.7,1.4,1.2,2014-09-29,2359,Terra,MODIS,65,6.2,299.9,19.7,D,0
-29.3907,151.4378,345.7,1,1,2014-09-30,0000,Terra,MODIS,93,6.2,303.3,48.7,D,0
-29.389,151.4271,327.5,1,1,2014-09-30,0000,Terra,MODIS,80,6.2,304.6,19.1,D,0
-28.4208,148.4122,324,1.5,1.2,2014-09-30,0000,Terra,MODIS,66,6.2,309.4,13.4,D,0
-28.4254,148.6447,321.4,1.4,1.2,2014-09-30,0000,Terra,MODIS,47,6.2,307.6,9.5,D,0
-28.4181,148.3974,328.4,1.5,1.2,2014-09-30,0000,Terra,MODIS,74,6.2,309.9,22.5,D,0
-27.7722,147.4255,330.5,1.7,1.3,2014-09-30,0000,Terra,MODIS,77,6.2,311.3,32.8,D,0
-26.7536,149.1055,328.2,1.4,1.2,2014-09-30,0000,Terra,MODIS,57,6.2,307.2,25.3,D,0
-28.7607,150.2891,332.5,1.2,1.1,2014-09-30,0000,Terra,MODIS,82,6.2,302.7,27.3,D,0
-28.7491,150.2794,340.3,1.2,1.1,2014-09-30,0000,Terra,MODIS,88,6.2,304.7,42.2,D,0
-28.7511,150.2911,323.4,1.2,1.1,2014-09-30,0000,Terra,MODIS,69,6.2,303,14.2,D,0
-28.7587,150.2774,325.7,1.2,1.1,2014-09-30,0000,Terra,MODIS,70,6.2,304.1,16.5,D,0
-27.2492,148.6548,325.5,1.5,1.2,2014-09-30,0000,Terra,MODIS,71,6.2,307.3,19.1,D,0
-29.9422,151.9581,311.1,1,1,2014-09-30,0000,Terra,MODIS,36,6.2,299.5,5,D,0
-29.9512,151.9563,309.4,1,1,2014-09-30,0000,Terra,MODIS,24,6.2,297.9,4.5,D,0
-29.2573,149.0578,320.6,1.3,1.1,2014-09-30,0000,Terra,MODIS,55,6.2,306.1,10.3,D,0
-28.6686,152.858,326.5,1,1,2014-09-30,0000,Terra,MODIS,79,6.2,301,17.6,D,0
-28.3688,152.5768,316.4,1,1,2014-09-30,0000,Terra,MODIS,54,6.2,301.7,9.1,D,0
-34.4584,150.8761,318.2,1,1,2014-09-30,0001,Terra,MODIS,49,6.2,305,7.2,D,0
-34.46,150.8871,323.6,1,1,2014-09-30,0001,Terra,MODIS,61,6.2,303,12,D,2
-33.563,148.3139,317.4,1.2,1.1,2014-09-30,0001,Terra,MODIS,68,6.2,298.1,12.5,D,0
-33.5624,148.3079,323.2,1.2,1.1,2014-09-30,0001,Terra,MODIS,76,6.2,298.5,19.4,D,0
-32.9278,150.7519,315.7,1,1,2014-09-30,0001,Terra,MODIS,71,6.2,302.3,6.9,D,0
-32.9187,150.754,316.3,1,1,2014-09-30,0001,Terra,MODIS,72,6.2,301.6,7.5,D,0
-36.3104,149.4945,305.1,1,1,2014-09-30,0002,Terra,MODIS,59,6.2,292.9,4.8,D,0
-12.8788,134.9415,344.6,1.2,1.1,2014-09-30,0134,Terra,MODIS,90,6.2,311.7,46.3,D,0
-11.4135,131.148,330.6,1,1,2014-09-30,0134,Terra,MODIS,67,6.2,307.2,18.8,D,0
-11.415,131.1574,334.3,1,1,2014-09-30,0134,Terra,MODIS,80,6.2,301.7,22.5,D,0
-11.4164,131.1668,336,1,1,2014-09-30,0134,Terra,MODIS,83,6.2,303.8,24.2,D,0
-13.0754,135.6486,325.4,1.4,1.2,2014-09-30,0134,Terra,MODIS,51,6.2,308.1,11.5,D,0
-13.0737,135.636,331.9,1.4,1.2,2014-09-30,0134,Terra,MODIS,76,6.2,310.5,23.9,D,0
-12.2948,133.8951,322.6,1.1,1,2014-09-30,0134,Terra,MODIS,22,6.2,305,6.7,D,0
-12.7361,135.6932,330,1.4,1.2,2014-09-30,0134,Terra,MODIS,62,6.2,311.5,16.2,D,0
-12.8888,134.9402,342.5,1.2,1.1,2014-09-30,0134,Terra,MODIS,88,6.2,309.9,42.6,D,0
-12.7797,135.7319,328.1,1.4,1.2,2014-09-30,0134,Terra,MODIS,64,6.2,310,14.8,D,0
-12.5621,132.6797,332.3,1,1,2014-09-30,0134,Terra,MODIS,45,6.2,304.3,18.5,D,0
-12.9656,131.2972,333.9,1,1,2014-09-30,0134,Terra,MODIS,66,6.2,308.8,14.5,D,0
-12.9559,131.3554,335.4,1,1,2014-09-30,0134,Terra,MODIS,57,6.2,312.7,12.7,D,0
-13.0659,141.8105,311,4,1.9,2014-09-30,0134,Terra,MODIS,30,6.2,293.9,26.5,D,0
-11.1858,132.5832,323,1,1,2014-09-30,0134,Terra,MODIS,47,6.2,295.8,9.5,D,0
-12.9545,131.3462,335,1,1,2014-09-30,0134,Terra,MODIS,46,6.2,314,12.3,D,0
-11.4178,131.1762,339.2,1,1,2014-09-30,0134,Terra,MODIS,86,6.2,306,30,D,0
-11.4193,131.1856,339.7,1,1,2014-09-30,0134,Terra,MODIS,88,6.2,305.9,31.7,D,0
-11.4207,131.195,334.1,1,1,2014-09-30,0134,Terra,MODIS,69,6.2,301.1,22.7,D,0
-11.4298,131.1936,333.1,1,1,2014-09-30,0134,Terra,MODIS,57,6.2,308.5,18.7,D,0
-12.899,131.3452,336.8,1,1,2014-09-30,0134,Terra,MODIS,74,6.2,311.7,15.1,D,0
-12.2881,136.8886,319.9,1.6,1.3,2014-09-30,0134,Terra,MODIS,51,6.2,300.3,15.3,D,0
-12.5819,135.752,334.1,1.4,1.2,2014-09-30,0134,Terra,MODIS,76,6.2,305,33.2,D,0
-12.6966,135.635,340.2,1.4,1.2,2014-09-30,0134,Terra,MODIS,86,6.2,310.7,43.4,D,0
-12.5876,135.7447,326.7,1.4,1.2,2014-09-30,0134,Terra,MODIS,53,6.2,302.4,21.1,D,0
-12.5476,130.9664,343.3,1,1,2014-09-30,0134,Terra,MODIS,67,6.2,303.4,39.2,D,0
-12.549,130.9758,388.8,1,1,2014-09-30,0134,Terra,MODIS,0,6.2,309.9,188.4,D,0
-12.9289,131.3596,334.5,1,1,2014-09-30,0134,Terra,MODIS,51,6.2,312.8,11,D,0
-12.5385,135.7451,334.2,1.4,1.2,2014-09-30,0134,Terra,MODIS,74,6.2,306.9,30.9,D,0
-12.5577,130.978,355.2,1,1,2014-09-30,0134,Terra,MODIS,97,6.2,305.2,60,D,0
-12.883,131.3004,335.2,1,1,2014-09-30,0134,Terra,MODIS,56,6.2,313.5,14.3,D,0
-12.8049,132.8305,333.7,1,1,2014-09-30,0134,Terra,MODIS,78,6.2,309.7,18.2,D,0
-12.9704,131.391,338,1,1,2014-09-30,0134,Terra,MODIS,74,6.2,312,19.6,D,0
-13.104,141.9956,325.2,4.1,1.9,2014-09-30,0134,Terra,MODIS,78,6.2,297.5,109.7,D,0
-12.8153,132.8385,331.1,1,1,2014-09-30,0134,Terra,MODIS,54,6.2,308.4,15.1,D,0
-13.1077,141.9896,321.9,4.1,1.9,2014-09-30,0134,Terra,MODIS,75,6.2,297.4,87.4,D,0
-12.5732,135.7659,329.6,1.4,1.2,2014-09-30,0134,Terra,MODIS,51,6.2,303.2,24.6,D,0
-12.5562,130.9686,365.9,1,1,2014-09-30,0134,Terra,MODIS,100,6.2,307.9,91,D,0
-12.8391,130.6435,328.2,1,1,2014-09-30,0134,Terra,MODIS,55,6.2,300.3,15.1,D,0
-13.088,130.3384,330.1,1.1,1,2014-09-30,0134,Terra,MODIS,38,6.2,303.2,17.6,D,0
-13.6188,135.1449,332.4,1.3,1.1,2014-09-30,0134,Terra,MODIS,43,6.2,310.1,21,D,0
-11.4324,132.4443,323.3,1,1,2014-09-30,0134,Terra,MODIS,47,6.2,300.8,11.7,D,0
-11.4387,132.4248,362,1,1,2014-09-30,0134,Terra,MODIS,75,6.2,298.2,81.2,D,0
-13.5962,135.3513,338.9,1.3,1.1,2014-09-30,0134,Terra,MODIS,83,6.2,311.9,36.2,D,0
-13.5979,135.3637,331.8,1.3,1.1,2014-09-30,0134,Terra,MODIS,67,6.2,309.8,22.7,D,0
-12.3051,135.1453,327.1,1.2,1.1,2014-09-30,0134,Terra,MODIS,44,6.2,305.2,19.9,D,0
-13.6049,135.3376,346.2,1.3,1.1,2014-09-30,0134,Terra,MODIS,90,6.2,311.5,55,D,0
-12.292,135.1239,332.7,1.2,1.1,2014-09-30,0134,Terra,MODIS,59,6.2,308.2,23.2,D,0
-13.6065,135.3499,353.5,1.3,1.1,2014-09-30,0134,Terra,MODIS,96,6.2,311.3,80.4,D,0
-13.6135,135.324,365.9,1.3,1.1,2014-09-30,0134,Terra,MODIS,100,6.2,310.3,129.9,D,0
-12.2935,135.1353,335.6,1.2,1.1,2014-09-30,0134,Terra,MODIS,71,6.2,304.5,31.3,D,0
-12.315,135.1439,330.7,1.2,1.1,2014-09-30,0134,Terra,MODIS,56,6.2,303.7,25.8,D,0
-12.3101,134.9546,338,1.2,1.1,2014-09-30,0134,Terra,MODIS,84,6.2,305.4,37.4,D,0
-14.0556,133.8665,335.4,1.1,1.1,2014-09-30,0135,Terra,MODIS,58,6.2,312.3,17.7,D,0
-13.933,132.4884,346.9,1,1,2014-09-30,0135,Terra,MODIS,91,6.2,304.9,38.2,D,0
-15.7173,136.667,323.1,1.8,1.3,2014-09-30,0135,Terra,MODIS,37,6.2,303.3,19.6,D,0
-13.805,133.5937,331.5,1.1,1,2014-09-30,0135,Terra,MODIS,52,6.2,314.5,9.6,D,0
-14.1858,132.5849,334.6,1,1,2014-09-30,0135,Terra,MODIS,70,6.2,308.7,17.5,D,0
-13.5139,131.8879,334,1,1,2014-09-30,0135,Terra,MODIS,73,6.2,302.1,22.3,D,0
-14.1579,132.6435,346.3,1,1,2014-09-30,0135,Terra,MODIS,90,6.2,311.5,34.6,D,0
-13.5125,131.8788,327.5,1,1,2014-09-30,0135,Terra,MODIS,55,6.2,304.7,13.5,D,0
-13.5049,131.8893,334.6,1,1,2014-09-30,0135,Terra,MODIS,74,6.2,297.7,23,D,0
-13.5035,131.8801,336.3,1,1,2014-09-30,0135,Terra,MODIS,81,6.2,306.5,24.7,D,0
-14.1872,132.5943,353.3,1,1,2014-09-30,0135,Terra,MODIS,95,6.2,311.5,53.6,D,0
-13.9307,132.5364,341,1,1,2014-09-30,0135,Terra,MODIS,78,6.2,313.4,26.5,D,0
-13.4277,131.8634,333.4,1,1,2014-09-30,0135,Terra,MODIS,37,6.2,303.7,17.6,D,0
-13.3566,131.4486,332.9,1,1,2014-09-30,0135,Terra,MODIS,44,6.2,306.9,16,D,0
-13.8992,132.4459,339.3,1,1,2014-09-30,0135,Terra,MODIS,76,6.2,308.8,28.8,D,0
-13.4382,131.4395,359.2,1,1,2014-09-30,0135,Terra,MODIS,99,6.2,307.8,71.6,D,0
-14.1885,132.6037,329.8,1,1,2014-09-30,0135,Terra,MODIS,41,6.2,309.8,10.5,D,0
-14.2147,134.1855,335.9,1.2,1.1,2014-09-30,0135,Terra,MODIS,78,6.2,309.6,24.9,D,0
-14.08,132.613,343.9,1,1,2014-09-30,0135,Terra,MODIS,88,6.2,313.8,29.3,D,0
-13.9294,132.5271,339.7,1,1,2014-09-30,0135,Terra,MODIS,76,6.2,313,24.3,D,0
-13.924,132.4898,360.1,1,1,2014-09-30,0135,Terra,MODIS,100,6.2,310.9,71.4,D,0
-14.0813,132.6224,346.5,1,1,2014-09-30,0135,Terra,MODIS,90,6.2,311,34.8,D,0
-13.3891,131.4187,338.6,1,1,2014-09-30,0135,Terra,MODIS,84,6.2,312.2,22.8,D,0
-14.0881,133.856,345.5,1.1,1.1,2014-09-30,0135,Terra,MODIS,89,6.2,314,37.5,D,0
-13.8373,133.6197,333,1.1,1,2014-09-30,0135,Terra,MODIS,55,6.2,313.9,13.3,D,0
-14.089,132.6153,338.5,1,1,2014-09-30,0135,Terra,MODIS,82,6.2,311.8,20.4,D,0
-14.1488,132.6449,334.4,1,1,2014-09-30,0135,Terra,MODIS,64,6.2,311.9,14.1,D,0
-14.0024,135.8185,324.5,1.4,1.2,2014-09-30,0135,Terra,MODIS,53,6.2,307.1,16,D,0
-14.0903,132.6247,329,1,1,2014-09-30,0135,Terra,MODIS,47,6.2,310.6,6.1,D,0
-13.3967,131.4081,380.4,1,1,2014-09-30,0135,Terra,MODIS,100,6.2,310.5,140.3,D,0
-14.2161,134.1961,327.5,1.2,1.1,2014-09-30,0135,Terra,MODIS,42,6.2,309.7,10.6,D,0
-14.0396,133.89,329.5,1.1,1.1,2014-09-30,0135,Terra,MODIS,51,6.2,311.7,11.1,D,0
-13.976,133.8841,333.9,1.1,1.1,2014-09-30,0135,Terra,MODIS,38,6.2,313.9,14.4,D,0
-14.2028,134.0246,326.4,1.1,1.1,2014-09-30,0135,Terra,MODIS,45,6.2,310.1,9.2,D,0
-13.3981,131.4173,343.9,1,1,2014-09-30,0135,Terra,MODIS,89,6.2,310.5,32.9,D,0
-13.4684,131.4567,336.1,1,1,2014-09-30,0135,Terra,MODIS,54,6.2,305.5,20.4,D,0
-13.4216,131.4514,347.9,1,1,2014-09-30,0135,Terra,MODIS,92,6.2,301.5,41.6,D,0
-13.4292,131.4408,358.2,1,1,2014-09-30,0135,Terra,MODIS,99,6.2,309,67.8,D,0
-14.0381,133.8796,338.4,1.1,1.1,2014-09-30,0135,Terra,MODIS,83,6.2,314.3,24.9,D,0
-13.4306,131.4501,357.8,1,1,2014-09-30,0135,Terra,MODIS,98,6.2,312.2,65.8,D,0
-13.4594,131.4581,386.8,1,1,2014-09-30,0135,Terra,MODIS,100,6.2,317.5,167.9,D,0
-13.8172,133.6124,334.1,1.1,1,2014-09-30,0135,Terra,MODIS,35,6.2,313.8,12.9,D,0
-13.3553,131.4394,332.4,1,1,2014-09-30,0135,Terra,MODIS,42,6.2,310,16.1,D,0
-13.3697,131.4122,335.3,1,1,2014-09-30,0135,Terra,MODIS,57,6.2,308.2,18.7,D,0
-13.4513,131.4657,368.6,1,1,2014-09-30,0135,Terra,MODIS,100,6.2,305.3,88,D,0
-13.45,131.4565,388.6,1,1,2014-09-30,0135,Terra,MODIS,94,6.2,310.2,175.2,D,0
-13.432,131.4593,350.5,1,1,2014-09-30,0135,Terra,MODIS,94,6.2,308.6,45.2,D,0
-13.4423,131.4671,341.1,1,1,2014-09-30,0135,Terra,MODIS,74,6.2,306.4,23.1,D,0
-13.441,131.4579,342.1,1,1,2014-09-30,0135,Terra,MODIS,51,6.2,311.5,28.6,D,0
-14.2244,134.1842,330.9,1.2,1.1,2014-09-30,0135,Terra,MODIS,58,6.2,309.3,15.1,D,0
-13.4396,131.4487,384.2,1,1,2014-09-30,0135,Terra,MODIS,100,6.2,314,156.2,D,0
-14.0476,133.8782,332.2,1.1,1.1,2014-09-30,0135,Terra,MODIS,47,6.2,311.4,14.1,D,0
-14.0462,133.8678,334.5,1.1,1.1,2014-09-30,0135,Terra,MODIS,77,6.2,314.1,17,D,0
-13.8064,133.6037,339.1,1.1,1,2014-09-30,0135,Terra,MODIS,83,6.2,313.2,22.5,D,0
-13.3877,131.4095,356.1,1,1,2014-09-30,0135,Terra,MODIS,97,6.2,309.9,59.9,D,0
-14.1761,132.6409,338.6,1,1,2014-09-30,0135,Terra,MODIS,82,6.2,311.1,21.5,D,0
-14.1071,133.8534,336.3,1.1,1.1,2014-09-30,0135,Terra,MODIS,70,6.2,311.1,21,D,0
-14.0976,133.8547,346.1,1.1,1.1,2014-09-30,0135,Terra,MODIS,90,6.2,314.4,40.7,D,0
-14.0962,133.8445,338.9,1.1,1.1,2014-09-30,0135,Terra,MODIS,70,6.2,311.3,25.2,D,0
-13.3711,131.4214,332.5,1,1,2014-09-30,0135,Terra,MODIS,46,6.2,308.3,12.6,D,0
-14.2126,134.1923,332.9,1.2,1.1,2014-09-30,0135,Terra,MODIS,68,6.2,309.8,18.3,D,0
-15.6759,127.7184,329.1,1.3,1.1,2014-09-30,0135,Terra,MODIS,63,6.2,309.4,15.8,D,0
-15.6862,127.7167,341.6,1.3,1.1,2014-09-30,0135,Terra,MODIS,86,6.2,308.8,42.9,D,0
-15.6841,127.7041,353.6,1.3,1.2,2014-09-30,0135,Terra,MODIS,96,6.2,311.3,79.4,D,0
-17.1683,132.5451,326.6,1.1,1,2014-09-30,0135,Terra,MODIS,43,6.2,312.5,6.7,D,0
-17.0188,132.7217,337,1.1,1,2014-09-30,0135,Terra,MODIS,81,6.2,314.9,21.5,D,0
-16.6659,130.9149,337.3,1,1,2014-09-30,0135,Terra,MODIS,63,6.2,316.5,15.3,D,0
-16.6749,130.9135,348.8,1,1,2014-09-30,0135,Terra,MODIS,92,6.2,316.6,35.1,D,0
-16.6763,130.9229,342.9,1,1,2014-09-30,0135,Terra,MODIS,85,6.2,316,24.6,D,0
-16.6881,130.9401,333.6,1,1,2014-09-30,0135,Terra,MODIS,40,6.2,316.3,12.5,D,0
-16.6975,130.9417,329.9,1,1,2014-09-30,0135,Terra,MODIS,67,6.2,314.7,9.9,D,0
-16.7203,130.9095,346.3,1,1,2014-09-30,0135,Terra,MODIS,90,6.2,316.7,32.5,D,0
-16.7217,130.9189,348.8,1,1,2014-09-30,0135,Terra,MODIS,92,6.2,315.2,38.3,D,0
-16.7279,130.8988,335.1,1,1,2014-09-30,0135,Terra,MODIS,46,6.2,317.3,13.9,D,0
-16.7293,130.9081,385.6,1,1,2014-09-30,0135,Terra,MODIS,100,6.2,318.4,157.2,D,0
-16.7307,130.9174,349.5,1,1,2014-09-30,0135,Terra,MODIS,93,6.2,313.4,40.6,D,0
-16.3984,135.4152,332.9,1.5,1.2,2014-09-30,0135,Terra,MODIS,70,6.2,311.5,20.1,D,0
-16.4075,135.4001,343.1,1.5,1.2,2014-09-30,0135,Terra,MODIS,89,6.2,311.6,48.5,D,0
-16.4631,135.4067,381.2,1.5,1.2,2014-09-30,0135,Terra,MODIS,100,6.2,311.2,248.1,D,0
-16.4649,135.4204,360.7,1.5,1.2,2014-09-30,0135,Terra,MODIS,100,6.2,310.3,124.2,D,0
-16.4684,135.448,346,1.5,1.2,2014-09-30,0135,Terra,MODIS,91,6.2,309.3,64.5,D,0
-15.7868,130.6404,332.8,1,1,2014-09-30,0135,Terra,MODIS,73,6.2,315.7,11.7,D,0
-15.1512,134.4159,332.2,1.2,1.1,2014-09-30,0135,Terra,MODIS,66,6.2,310.3,18,D,0
-15.0115,135.0485,334.6,1.3,1.1,2014-09-30,0135,Terra,MODIS,77,6.2,306.2,29.1,D,0
-15.6341,136.5359,322.7,1.7,1.3,2014-09-30,0135,Terra,MODIS,29,6.2,300.9,22.6,D,0
-14.3145,133.8859,335.2,1.1,1.1,2014-09-30,0135,Terra,MODIS,69,6.2,309.8,21.1,D,0
-14.2463,133.9863,339,1.1,1.1,2014-09-30,0135,Terra,MODIS,81,6.2,311.8,27.2,D,0
-14.8586,135.1196,327.2,1.3,1.1,2014-09-30,0135,Terra,MODIS,57,6.2,308.9,15,D,0
-16.115,136.8474,322,1.8,1.3,2014-09-30,0135,Terra,MODIS,15,6.2,301.8,24.2,D,0
-14.3208,134.0023,345.8,1.1,1.1,2014-09-30,0135,Terra,MODIS,89,6.2,312,40.1,D,0
-14.3036,133.8768,343.7,1.1,1.1,2014-09-30,0135,Terra,MODIS,87,6.2,307.6,37.5,D,0
-14.3304,134.001,330.9,1.1,1.1,2014-09-30,0135,Terra,MODIS,66,6.2,308.7,12,D,0
-14.294,133.878,381.2,1.1,1.1,2014-09-30,0135,Terra,MODIS,100,6.2,313.9,168.2,D,0
-14.2874,133.9003,340.1,1.1,1.1,2014-09-30,0135,Terra,MODIS,83,6.2,312,29.2,D,0
-16.2521,135.5313,332,1.5,1.2,2014-09-30,0135,Terra,MODIS,68,6.2,311.3,19.1,D,0
-14.295,135.7069,350,1.4,1.2,2014-09-30,0135,Terra,MODIS,0,6.2,307.7,81.1,D,0
-14.305,133.8872,385.5,1.1,1.1,2014-09-30,0135,Terra,MODIS,100,6.2,316.5,189.9,D,0
-14.2477,133.9968,333.5,1.1,1.1,2014-09-30,0135,Terra,MODIS,65,6.2,311.2,17.4,D,0
-14.9383,133.3614,329.7,1.1,1,2014-09-30,0135,Terra,MODIS,67,6.2,313.4,9.1,D,0
-14.2955,133.8884,361,1.1,1.1,2014-09-30,0135,Terra,MODIS,100,6.2,314.6,84.1,D,0
-14.2596,133.9418,338,1.1,1.1,2014-09-30,0135,Terra,MODIS,81,6.2,311.1,23.4,D,0
-14.3108,134.1448,332.9,1.2,1.1,2014-09-30,0135,Terra,MODIS,66,6.2,312.2,16.7,D,0
-16.2504,135.5176,333.3,1.5,1.2,2014-09-30,0135,Terra,MODIS,72,6.2,310.4,23.3,D,0
-14.2448,133.9758,337,1.1,1.1,2014-09-30,0135,Terra,MODIS,76,6.2,310.6,23.2,D,0
-14.2581,133.9314,333.3,1.1,1.1,2014-09-30,0135,Terra,MODIS,58,6.2,310.1,16.1,D,0
-14.3223,134.0129,334.4,1.1,1.1,2014-09-30,0135,Terra,MODIS,73,6.2,311.2,17,D,0
-14.3064,133.8976,332.2,1.1,1.1,2014-09-30,0135,Terra,MODIS,70,6.2,312.3,14.8,D,0
-14.8358,134.9486,332.7,1.3,1.1,2014-09-30,0135,Terra,MODIS,70,6.2,309.8,17,D,0
-15.7882,130.6497,336.8,1,1,2014-09-30,0135,Terra,MODIS,80,6.2,314.2,18.3,D,0
-14.4819,129.8141,332.2,1.1,1,2014-09-30,0135,Terra,MODIS,56,6.2,313.7,9.6,D,0
-13.5884,130.1819,342.9,1.1,1,2014-09-30,0135,Terra,MODIS,88,6.2,304.4,40.2,D,0
-16.1735,127.9388,350.1,1.3,1.1,2014-09-30,0135,Terra,MODIS,93,6.2,311.6,62.6,D,0
-16.5943,130.6201,330.5,1,1,2014-09-30,0135,Terra,MODIS,67,6.2,314.3,8.7,D,0
-16.4962,127.8465,331,1.3,1.1,2014-09-30,0135,Terra,MODIS,59,6.2,312.1,17.6,D,0
-15.5686,127.5617,327.3,1.4,1.2,2014-09-30,0135,Terra,MODIS,52,6.2,309.9,14.3,D,0
-16.1754,127.9508,358.8,1.3,1.1,2014-09-30,0135,Terra,MODIS,99,6.2,314.2,92,D,0
-16.1653,127.9523,333.6,1.3,1.1,2014-09-30,0135,Terra,MODIS,74,6.2,311.3,22.1,D,0
-16.1634,127.9408,345.5,1.3,1.1,2014-09-30,0135,Terra,MODIS,89,6.2,312.5,51.5,D,0
-16.1597,127.9179,337.1,1.3,1.1,2014-09-30,0135,Terra,MODIS,80,6.2,311.9,31.8,D,0
-15.5811,127.5724,328.5,1.4,1.2,2014-09-30,0135,Terra,MODIS,63,6.2,309.2,15.6,D,0
-13.4411,130.2377,324.8,1.1,1,2014-09-30,0135,Terra,MODIS,24,6.2,306.1,10.9,D,0
-17.4108,123.4062,324.8,2.5,1.5,2014-09-30,0136,Terra,MODIS,29,6.2,307,34.7,D,0
-17.411,127.6725,348.4,1.3,1.1,2014-09-30,0136,Terra,MODIS,91,6.2,314.3,55.5,D,0
-17.4091,127.6607,399.4,1.3,1.1,2014-09-30,0136,Terra,MODIS,100,6.2,323.6,328,D,0
-17.5428,124.2653,331.1,2.2,1.4,2014-09-30,0136,Terra,MODIS,59,6.2,311.1,41.3,D,0
-17.4071,127.6489,359.3,1.3,1.1,2014-09-30,0136,Terra,MODIS,99,6.2,325,89.3,D,0
-17.401,127.6743,339,1.3,1.1,2014-09-30,0136,Terra,MODIS,82,6.2,314.9,29.7,D,0
-17.399,127.6626,338.3,1.3,1.1,2014-09-30,0136,Terra,MODIS,62,6.2,316.8,26,D,0
-18.8418,128.869,331.7,1.1,1,2014-09-30,0136,Terra,MODIS,65,6.2,317.1,11.7,D,0
-17.4461,127.5054,337.3,1.3,1.1,2014-09-30,0136,Terra,MODIS,80,6.2,314.8,25.9,D,0
-17.4453,127.5116,334.1,1.3,1.1,2014-09-30,0136,Terra,MODIS,75,6.2,314.5,21.8,D,0
-17.498,127.515,326.3,1.3,1.1,2014-09-30,0136,Terra,MODIS,37,6.2,313,10.8,D,0
-16.9578,124.2325,329.4,2.3,1.5,2014-09-30,0136,Terra,MODIS,66,6.2,307.5,48.6,D,0
-16.9411,124.2143,328.8,2.3,1.5,2014-09-30,0136,Terra,MODIS,29,6.2,308.7,41.7,D,0
-17.5198,130.651,331.6,1,1,2014-09-30,0136,Terra,MODIS,60,6.2,314.4,12.8,D,0
-17.5273,130.6401,338.9,1,1,2014-09-30,0136,Terra,MODIS,78,6.2,314.5,22.5,D,0
-17.5287,130.6495,341.3,1,1,2014-09-30,0136,Terra,MODIS,84,6.2,314.1,27,D,0
-17.5113,124.2353,345.1,2.2,1.4,2014-09-30,0136,Terra,MODIS,84,6.2,312.5,103.9,D,0
-17.5377,130.6481,334.9,1,1,2014-09-30,0136,Terra,MODIS,70,6.2,311.3,18.2,D,0
-18.8606,128.9283,364.9,1.1,1,2014-09-30,0136,Terra,MODIS,100,6.2,315.1,89,D,0
-17.5467,130.6467,326.8,1,1,2014-09-30,0136,Terra,MODIS,44,6.2,309,9.2,D,0
-17.5096,124.2296,339.1,2.2,1.4,2014-09-30,0136,Terra,MODIS,52,6.2,311.7,71.8,D,0
-16.9795,124.2871,331.6,2.2,1.4,2014-09-30,0136,Terra,MODIS,36,6.2,306.7,49.7,D,0
-17.2518,127.0126,380,1.4,1.2,2014-09-30,0136,Terra,MODIS,100,6.2,315.7,224.9,D,0
-17.0348,127.0774,339,1.4,1.2,2014-09-30,0136,Terra,MODIS,78,6.2,314.8,36.7,D,0
-17.2474,126.986,337.2,1.4,1.2,2014-09-30,0136,Terra,MODIS,81,6.2,313.8,34,D,0
-17.2435,127.0275,343,1.4,1.2,2014-09-30,0136,Terra,MODIS,87,6.2,313.4,46.6,D,0
-17.2413,127.0144,353.7,1.4,1.2,2014-09-30,0136,Terra,MODIS,96,6.2,316.5,81.9,D,0
-17.2482,127.1208,333.7,1.4,1.2,2014-09-30,0136,Terra,MODIS,75,6.2,313.8,24.3,D,0
-18.8622,128.9385,339.3,1.1,1,2014-09-30,0136,Terra,MODIS,81,6.2,314.3,24.7,D,0
-18.8436,128.9416,341.4,1.1,1,2014-09-30,0136,Terra,MODIS,61,6.2,315.7,24.6,D,0
-18.8343,128.9432,342.6,1.1,1,2014-09-30,0136,Terra,MODIS,81,6.2,318.3,28.1,D,0
-16.9653,124.2742,333.9,2.2,1.4,2014-09-30,0136,Terra,MODIS,78,6.2,308.9,63,D,0
-17.246,127.1078,341.5,1.4,1.2,2014-09-30,0136,Terra,MODIS,85,6.2,314.6,44.5,D,0
-17.2329,127.0293,351.5,1.4,1.2,2014-09-30,0136,Terra,MODIS,94,6.2,315.3,72.1,D,0
-17.2391,127.0012,346.1,1.4,1.2,2014-09-30,0136,Terra,MODIS,90,6.2,316.9,55.2,D,0
-17.2202,127.0181,338.3,1.4,1.2,2014-09-30,0136,Terra,MODIS,82,6.2,318.9,31.9,D,0
-17.2307,127.0162,364.4,1.4,1.2,2014-09-30,0136,Terra,MODIS,100,6.2,318.1,126.7,D,0
-16.9782,124.2717,337.8,2.2,1.4,2014-09-30,0136,Terra,MODIS,83,6.2,306,80.1,D,0
-18.842,128.9315,347.4,1.1,1,2014-09-30,0136,Terra,MODIS,90,6.2,317.2,36.1,D,0
-17.2496,126.9993,357.8,1.4,1.2,2014-09-30,0136,Terra,MODIS,98,6.2,314.1,103.2,D,0
-17.4172,127.6471,444.1,1.3,1.1,2014-09-30,0136,Terra,MODIS,100,6.2,323.6,891.2,D,0
-17.4152,127.6351,371.5,1.3,1.1,2014-09-30,0136,Terra,MODIS,100,6.2,316.8,146.9,D,0
-17.0041,127.5709,341.3,1.3,1.1,2014-09-30,0136,Terra,MODIS,85,6.2,314.2,39.7,D,0
-17.5459,124.1372,330.7,2.2,1.4,2014-09-30,0136,Terra,MODIS,56,6.2,311.1,41.1,D,0
-17.0493,127.3329,328.5,1.4,1.2,2014-09-30,0136,Terra,MODIS,58,6.2,315.1,12.8,D,0
-17.0631,127.2462,332.6,1.4,1.2,2014-09-30,0136,Terra,MODIS,57,6.2,314.7,20.3,D,0
-17.061,127.2334,335.2,1.4,1.2,2014-09-30,0136,Terra,MODIS,72,6.2,315.7,25.6,D,0
-17.0588,127.2206,331.6,1.4,1.2,2014-09-30,0136,Terra,MODIS,61,6.2,315.3,18.2,D,0
-17.0567,127.2076,334.3,1.4,1.2,2014-09-30,0136,Terra,MODIS,54,6.2,315.4,21.9,D,0
-17.0545,127.1946,338.8,1.4,1.2,2014-09-30,0136,Terra,MODIS,80,6.2,316.2,32.5,D,0
-17.044,127.1965,346.1,1.4,1.2,2014-09-30,0136,Terra,MODIS,90,6.2,315.5,54.5,D,0
-17.0419,127.1835,334.7,1.4,1.2,2014-09-30,0136,Terra,MODIS,70,6.2,316,23.9,D,0
-17.0652,127.2589,330.7,1.4,1.2,2014-09-30,0136,Terra,MODIS,36,6.2,315.6,16.4,D,0
-17.0674,127.2716,330,1.4,1.2,2014-09-30,0136,Terra,MODIS,43,6.2,315.6,14.9,D,0
-17.4705,123.4604,332.3,2.5,1.5,2014-09-30,0136,Terra,MODIS,35,6.2,312.9,47.1,D,0
-17.4661,123.4372,339.8,2.5,1.5,2014-09-30,0136,Terra,MODIS,84,6.2,313.3,85.7,D,0
-17.4525,123.4399,349.6,2.5,1.5,2014-09-30,0136,Terra,MODIS,93,6.2,312.8,156.4,D,0
-17.4132,127.6231,348.2,1.3,1.1,2014-09-30,0136,Terra,MODIS,73,6.2,314.4,56.1,D,0
-17.4113,127.6111,374.4,1.3,1.1,2014-09-30,0136,Terra,MODIS,100,6.2,313.3,161.2,D,0
-17.4012,127.613,339.5,1.3,1.1,2014-09-30,0136,Terra,MODIS,64,6.2,316.1,29.5,D,0
-17.4606,123.4454,347.7,2.5,1.5,2014-09-30,0136,Terra,MODIS,91,6.2,313.3,144.4,D,0
-17.4469,123.448,351.8,2.5,1.5,2014-09-30,0136,Terra,MODIS,94,6.2,312.3,181.8,D,0
-16.7513,127.8988,332.8,1.3,1.1,2014-09-30,0136,Terra,MODIS,67,6.2,318.4,14.1,D,0
-17.4376,123.4739,338.3,2.5,1.5,2014-09-30,0136,Terra,MODIS,68,6.2,311.4,93,D,0
-17.4333,123.4507,346.4,2.5,1.5,2014-09-30,0136,Terra,MODIS,90,6.2,310,145.3,D,0
-16.9939,127.5727,343.9,1.3,1.1,2014-09-30,0136,Terra,MODIS,88,6.2,316.8,46.2,D,0
-17.4191,127.6589,399.5,1.3,1.1,2014-09-30,0136,Terra,MODIS,100,6.2,314.7,333.1,D,0
-17.0519,127.1151,331.3,1.4,1.2,2014-09-30,0136,Terra,MODIS,49,6.2,315.3,16.8,D,0
-18.916,128.6927,335.1,1.1,1,2014-09-30,0136,Terra,MODIS,31,6.2,316.8,15.7,D,0
-18.9067,128.6943,369.7,1.1,1,2014-09-30,0136,Terra,MODIS,100,6.2,319.2,103.9,D,0
-18.9051,128.684,358.5,1.1,1,2014-09-30,0136,Terra,MODIS,99,6.2,319.1,66.1,D,0
-18.8973,128.6959,337.8,1.1,1,2014-09-30,0136,Terra,MODIS,45,6.2,318.4,18.5,D,0
-18.8957,128.6856,337.8,1.1,1,2014-09-30,0136,Terra,MODIS,30,6.2,320,18,D,0
-17.0497,127.1021,332.2,1.4,1.2,2014-09-30,0136,Terra,MODIS,43,6.2,315.3,18.3,D,0
-17.2369,126.9879,348.2,1.4,1.2,2014-09-30,0136,Terra,MODIS,92,6.2,316,63.4,D,0
-16.9948,127.5661,354.6,1.3,1.1,2014-09-30,0136,Terra,MODIS,96,6.2,317.2,80.6,D,0
-16.9968,127.5782,344.5,1.3,1.1,2014-09-30,0136,Terra,MODIS,88,6.2,315.3,47.6,D,0
-17.39,132.565,335.3,1.1,1,2014-09-30,0136,Terra,MODIS,60,6.2,313.5,16.5,D,0
-17.4048,132.6035,347.7,1.1,1,2014-09-30,0136,Terra,MODIS,91,6.2,315.1,40.4,D,0
-17.4062,132.6135,342.7,1.1,1,2014-09-30,0136,Terra,MODIS,86,6.2,315.2,28.3,D,0
-17.414,132.6022,362.4,1.1,1,2014-09-30,0136,Terra,MODIS,100,6.2,314.5,80.9,D,0
-17.4154,132.6122,356.6,1.1,1,2014-09-30,0136,Terra,MODIS,97,6.2,316.6,61.7,D,0
-17.4233,132.6008,379.2,1.1,1,2014-09-30,0136,Terra,MODIS,100,6.2,315.4,145.4,D,0
-17.4247,132.6108,385,1.1,1,2014-09-30,0136,Terra,MODIS,100,6.2,320.4,171.5,D,0
-17.4275,132.6308,361.5,1.1,1,2014-09-30,0136,Terra,MODIS,100,6.2,315.2,75.4,D,0
-17.4326,132.5994,341.2,1.1,1,2014-09-30,0136,Terra,MODIS,85,6.2,309.8,31.5,D,0
-17.434,132.6094,378.8,1.1,1,2014-09-30,0136,Terra,MODIS,100,6.2,314.3,144.8,D,0
-17.4368,132.6295,336.8,1.1,1,2014-09-30,0136,Terra,MODIS,47,6.2,310.6,21.2,D,0
-17.3443,132.5573,336.4,1.1,1,2014-09-30,0136,Terra,MODIS,69,6.2,316.3,17.5,D,0
-17.3457,132.5673,338,1.1,1,2014-09-30,0136,Terra,MODIS,70,6.2,313.6,21.6,D,0
-17.4186,132.7039,334.9,1.1,1,2014-09-30,0136,Terra,MODIS,25,6.2,311.8,17.1,D,0
-17.4472,130.6589,327.8,1,1,2014-09-30,0136,Terra,MODIS,41,6.2,313.4,7.8,D,0
-17.3731,132.696,336.4,1.1,1,2014-09-30,0136,Terra,MODIS,48,6.2,312.7,18.5,D,0
-17.4011,132.6919,332.9,1.1,1,2014-09-30,0136,Terra,MODIS,32,6.2,314.7,12.1,D,0
-17.4172,132.6938,341.8,1.1,1,2014-09-30,0136,Terra,MODIS,75,6.2,315.4,27.4,D,0
-18.0257,124.0266,327.5,2.2,1.4,2014-09-30,0136,Terra,MODIS,51,6.2,311.9,27.6,D,0
-18.0202,123.9892,346.9,2.2,1.4,2014-09-30,0136,Terra,MODIS,90,6.2,311.1,128.1,D,0
-18.0241,124.0108,367.1,2.2,1.4,2014-09-30,0136,Terra,MODIS,100,6.2,315,290,D,0
-18.0216,124.0048,365.5,2.2,1.4,2014-09-30,0136,Terra,MODIS,100,6.2,315.8,276.7,D,0
-17.9464,124.0254,341.3,2.2,1.4,2014-09-30,0136,Terra,MODIS,70,6.2,318.3,78,D,0
-17.9233,131.5206,401.2,1,1,2014-09-30,0136,Terra,MODIS,100,6.2,316.7,250.9,D,0
-17.7568,132.0246,343.7,1,1,2014-09-30,0136,Terra,MODIS,83,6.2,315.4,24.8,D,0
-17.7631,132.0039,334.5,1,1,2014-09-30,0136,Terra,MODIS,44,6.2,314.5,16.2,D,0
-17.7645,132.0135,389,1,1,2014-09-30,0136,Terra,MODIS,100,6.2,318.9,178.4,D,0
-17.7659,132.0232,354.6,1,1,2014-09-30,0136,Terra,MODIS,96,6.2,316.9,47.7,D,0
-19.1978,133.2175,332.4,1.2,1.1,2014-09-30,0136,Terra,MODIS,59,6.2,315.2,14.9,D,0
-17.773,131.4981,333.4,1,1,2014-09-30,0136,Terra,MODIS,42,6.2,315.5,13.4,D,0
-17.7344,131.9984,343.4,1,1,2014-09-30,0136,Terra,MODIS,87,6.2,314.4,31.2,D,0
-17.477,130.6734,346.4,1,1,2014-09-30,0136,Terra,MODIS,90,6.2,315.3,34,D,0
-17.4784,130.6828,332.1,1,1,2014-09-30,0136,Terra,MODIS,40,6.2,313.7,11.3,D,0
-17.4866,130.6754,341.1,1,1,2014-09-30,0136,Terra,MODIS,85,6.2,314.2,26.8,D,0
-17.488,130.6848,329.6,1,1,2014-09-30,0136,Terra,MODIS,55,6.2,313.4,10.2,D,0
-17.7449,132.0066,341.4,1,1,2014-09-30,0136,Terra,MODIS,56,6.2,316.1,24.7,D,0
-17.8331,132.0464,335,1,1,2014-09-30,0136,Terra,MODIS,75,6.2,301.3,21.9,D,0
-17.4956,130.674,331.8,1,1,2014-09-30,0136,Terra,MODIS,58,6.2,310.9,12.8,D,0
-17.8317,132.0367,405.2,1,1,2014-09-30,0136,Terra,MODIS,100,6.2,304.3,285.3,D,0
-17.7826,131.5644,379.7,1,1,2014-09-30,0136,Terra,MODIS,100,6.2,315.8,131.8,D,0
-17.784,131.5739,367.6,1,1,2014-09-30,0136,Terra,MODIS,100,6.2,315.5,89.1,D,0
-17.7853,131.5834,354.6,1,1,2014-09-30,0136,Terra,MODIS,96,6.2,314.1,54.4,D,0
-17.7867,131.5929,344.2,1,1,2014-09-30,0136,Terra,MODIS,88,6.2,311,33.6,D,0
-17.7903,131.5535,344.3,1,1,2014-09-30,0136,Terra,MODIS,88,6.2,312.8,30.6,D,0
-17.7916,131.563,375.5,1,1,2014-09-30,0136,Terra,MODIS,100,6.2,311.9,117.6,D,0
-17.7944,131.582,350.8,1,1,2014-09-30,0136,Terra,MODIS,94,6.2,313,48.6,D,0
-17.7958,131.5915,327.4,1,1,2014-09-30,0136,Terra,MODIS,56,6.2,310.4,9.8,D,0
-17.7995,131.5557,358.3,1,1,2014-09-30,0136,Terra,MODIS,99,6.2,312.9,64.5,D,0
-17.8008,131.5652,359.1,1,1,2014-09-30,0136,Terra,MODIS,99,6.2,310.5,68,D,0
-17.8022,131.5747,338.8,1,1,2014-09-30,0136,Terra,MODIS,83,6.2,308.6,26.4,D,0
-17.8303,132.0269,414.3,1,1,2014-09-30,0136,Terra,MODIS,100,6.2,307.3,355.8,D,0
-17.824,132.0477,394.5,1,1,2014-09-30,0136,Terra,MODIS,100,6.2,311.3,216.2,D,0
-17.7938,132.0325,348.6,1,1,2014-09-30,0136,Terra,MODIS,66,6.2,317.5,41.9,D,0
-17.8035,131.5842,338.8,1,1,2014-09-30,0136,Terra,MODIS,83,6.2,309.6,26.6,D,0
-17.8085,131.5543,383.3,1,1,2014-09-30,0136,Terra,MODIS,100,6.2,312.1,151.9,D,0
-17.8099,131.5638,390.5,1,1,2014-09-30,0136,Terra,MODIS,100,6.2,310.7,187.9,D,0
-17.8066,131.4772,327.4,1,1,2014-09-30,0136,Terra,MODIS,44,6.2,311.7,8.6,D,0
-17.8135,131.5245,328.3,1,1,2014-09-30,0136,Terra,MODIS,46,6.2,309.8,8.7,D,0
-17.8148,131.534,328.8,1,1,2014-09-30,0136,Terra,MODIS,58,6.2,308.4,9.1,D,0
-17.8157,131.4758,335.5,1,1,2014-09-30,0136,Terra,MODIS,79,6.2,311.9,19.4,D,0
-17.7763,131.5848,361.9,1,1,2014-09-30,0136,Terra,MODIS,100,6.2,315,71.2,D,0
-17.7777,131.5943,349.1,1,1,2014-09-30,0136,Terra,MODIS,92,6.2,312,42.2,D,0
-17.7924,132.0228,419.9,1,1,2014-09-30,0136,Terra,MODIS,100,6.2,330.2,394.4,D,0
-17.7911,132.0131,454.1,1,1,2014-09-30,0136,Terra,MODIS,100,6.2,334.6,784.2,D,0
-17.7901,132.0727,346,1,1,2014-09-30,0136,Terra,MODIS,90,6.2,313.7,35.4,D,0
-17.7812,131.5549,353.5,1,1,2014-09-30,0136,Terra,MODIS,95,6.2,316.6,47.7,D,0
-17.7749,131.5753,345.6,1,1,2014-09-30,0136,Terra,MODIS,83,6.2,315.3,31.4,D,0
-17.7714,132.062,374.4,1,1,2014-09-30,0136,Terra,MODIS,100,6.2,319.9,114.1,D,0
-17.7728,132.0717,345.6,1,1,2014-09-30,0136,Terra,MODIS,90,6.2,315.8,34,D,0
-17.7701,131.9965,325.8,1,1,2014-09-30,0136,Terra,MODIS,27,6.2,310.9,6.5,D,0
-17.7715,132.0062,348.2,1,1,2014-09-30,0136,Terra,MODIS,92,6.2,314.1,42.7,D,0
-17.7728,132.0159,397.1,1,1,2014-09-30,0136,Terra,MODIS,100,6.2,323.7,227.4,D,0
-17.7736,131.5658,359.4,1,1,2014-09-30,0136,Terra,MODIS,99,6.2,317.3,58.9,D,0
-17.7722,131.5563,389.4,1,1,2014-09-30,0136,Terra,MODIS,100,6.2,321.6,173,D,0
-17.7659,131.5767,338.4,1,1,2014-09-30,0136,Terra,MODIS,59,6.2,314.5,17.9,D,0
-17.7742,132.0255,352.8,1,1,2014-09-30,0136,Terra,MODIS,95,6.2,318.5,50.9,D,0
-17.7755,132.0352,351.8,1,1,2014-09-30,0136,Terra,MODIS,94,6.2,318.6,49.2,D,0
-17.7645,131.5672,354.4,1,1,2014-09-30,0136,Terra,MODIS,96,6.2,318,46.4,D,0
-17.7555,131.5686,333,1,1,2014-09-30,0136,Terra,MODIS,63,6.2,316.8,8.1,D,0
-17.7463,132.0163,339.7,1,1,2014-09-30,0136,Terra,MODIS,31,6.2,315.2,18,D,0
-17.754,132.0053,347.6,1,1,2014-09-30,0136,Terra,MODIS,91,6.2,316.6,38.2,D,0
-17.7554,132.0149,376.7,1,1,2014-09-30,0136,Terra,MODIS,100,6.2,318.7,120.7,D,0
-17.75,131.5307,335.1,1,1,2014-09-30,0136,Terra,MODIS,74,6.2,315.6,11,D,0
-17.7464,131.5699,338,1,1,2014-09-30,0136,Terra,MODIS,57,6.2,316.7,14.9,D,0
-17.7769,132.0449,347.1,1,1,2014-09-30,0136,Terra,MODIS,91,6.2,317.2,38.1,D,0
-17.7783,132.0546,370.1,1,1,2014-09-30,0136,Terra,MODIS,100,6.2,318.3,100.2,D,0
-17.7796,132.0643,404.5,1,1,2014-09-30,0136,Terra,MODIS,100,6.2,324.2,272.3,D,0
-17.781,132.0741,339.4,1,1,2014-09-30,0136,Terra,MODIS,83,6.2,314.1,22.4,D,0
-17.7806,132.0048,351.4,1,1,2014-09-30,0136,Terra,MODIS,94,6.2,311.8,49.8,D,0
-17.7819,132.0145,431,1,1,2014-09-30,0136,Terra,MODIS,100,6.2,330.5,499.1,D,0
-17.7833,132.0242,371.8,1,1,2014-09-30,0136,Terra,MODIS,100,6.2,322.2,108.3,D,0
-17.786,132.0435,350.7,1,1,2014-09-30,0136,Terra,MODIS,94,6.2,318.6,45.4,D,0
-17.7874,132.0533,376.8,1,1,2014-09-30,0136,Terra,MODIS,100,6.2,319.9,126.2,D,0
-17.7888,132.063,374.3,1,1,2014-09-30,0136,Terra,MODIS,100,6.2,314.2,115.6,D,0
-17.7897,132.0034,345.7,1,1,2014-09-30,0136,Terra,MODIS,90,6.2,308,39.4,D,0
-17.481,132.6742,372.6,1.1,1,2014-09-30,0136,Terra,MODIS,100,6.2,313.3,121.7,D,0
-17.4796,132.6642,367.7,1.1,1,2014-09-30,0136,Terra,MODIS,100,6.2,316,103.2,D,0
-17.4782,132.6541,375.6,1.1,1,2014-09-30,0136,Terra,MODIS,100,6.2,312.5,133.7,D,0
-17.4717,132.6756,354,1.1,1,2014-09-30,0136,Terra,MODIS,96,6.2,314,57.5,D,0
-17.6596,131.5413,332.2,1,1,2014-09-30,0136,Terra,MODIS,53,6.2,314.7,12.2,D,0
-17.6963,131.6034,351.7,1,1,2014-09-30,0136,Terra,MODIS,94,6.2,316.4,44.1,D,0
-17.704,131.5926,335,1,1,2014-09-30,0136,Terra,MODIS,18,6.2,315.7,11.2,D,0
-17.7054,131.602,371,1,1,2014-09-30,0136,Terra,MODIS,100,6.2,317.7,98.6,D,0
-17.713,131.5945,347.5,1,1,2014-09-30,0136,Terra,MODIS,91,6.2,314.8,36.3,D,0
-17.8984,131.476,326.9,1,1,2014-09-30,0136,Terra,MODIS,34,6.2,308.2,10.9,D,0
-17.8893,131.4774,328.9,1,1,2014-09-30,0136,Terra,MODIS,28,6.2,308.8,11.5,D,0
-17.8247,131.4744,333.5,1,1,2014-09-30,0136,Terra,MODIS,69,6.2,312.1,16.8,D,0
-17.7144,131.6039,355.1,1,1,2014-09-30,0136,Terra,MODIS,97,6.2,316.2,54.5,D,0
-17.4703,132.6655,340.6,1.1,1,2014-09-30,0136,Terra,MODIS,51,6.2,317,28,D,0
-17.728,132.0191,349,1,1,2014-09-30,0136,Terra,MODIS,92,6.2,316.4,39.7,D,0
-17.7267,132.0094,346.7,1,1,2014-09-30,0136,Terra,MODIS,90,6.2,316.1,36.5,D,0
-17.7952,132.0422,371.4,1,1,2014-09-30,0136,Terra,MODIS,100,6.2,321.7,105.8,D,0
-17.7965,132.0519,442,1,1,2014-09-30,0136,Terra,MODIS,100,6.2,335.1,622.9,D,0
-17.7979,132.0616,363,1,1,2014-09-30,0136,Terra,MODIS,100,6.2,311.8,79.5,D,0
-17.8002,132.0117,436.8,1,1,2014-09-30,0136,Terra,MODIS,100,6.2,317.6,565.8,D,0
-17.8016,132.0214,443.1,1,1,2014-09-30,0136,Terra,MODIS,100,6.2,331.7,641,D,0
-17.8043,132.0408,363.4,1,1,2014-09-30,0136,Terra,MODIS,93,6.2,316,81.8,D,0
-17.8057,132.0505,413.9,1,1,2014-09-30,0136,Terra,MODIS,100,6.2,315.8,344.2,D,0
-17.807,132.0602,332.3,1,1,2014-09-30,0136,Terra,MODIS,73,6.2,308.7,13.1,D,0
-17.5693,132.4652,328.7,1.1,1,2014-09-30,0136,Terra,MODIS,48,6.2,310.5,12.2,D,0
-17.5601,132.4665,331.6,1.1,1,2014-09-30,0136,Terra,MODIS,52,6.2,311.7,15.2,D,0
-17.5587,132.4566,336.1,1.1,1,2014-09-30,0136,Terra,MODIS,73,6.2,314.6,22,D,0
-17.5434,132.4648,347,1.1,1,2014-09-30,0136,Terra,MODIS,90,6.2,314.6,41.3,D,0
-17.722,131.5931,362.5,1,1,2014-09-30,0136,Terra,MODIS,100,6.2,313.6,72.9,D,0
-17.7234,131.6026,384.4,1,1,2014-09-30,0136,Terra,MODIS,100,6.2,315,155.1,D,0
-17.8093,132.0103,385.5,1,1,2014-09-30,0136,Terra,MODIS,100,6.2,304.9,171.1,D,0
-17.7297,131.5822,331.8,1,1,2014-09-30,0136,Terra,MODIS,65,6.2,314.2,7.9,D,0
-17.7311,131.5917,351.7,1,1,2014-09-30,0136,Terra,MODIS,94,6.2,313.2,45.9,D,0
-17.7325,131.6012,373.7,1,1,2014-09-30,0136,Terra,MODIS,100,6.2,313.3,110.9,D,0
-17.8107,132.02,500,1,1,2014-09-30,0136,Terra,MODIS,100,6.2,347.1,1670.3,D,0
-17.8121,132.0297,396.4,1,1,2014-09-30,0136,Terra,MODIS,100,6.2,321.4,229.1,D,0
-17.8134,132.0394,378.7,1,1,2014-09-30,0136,Terra,MODIS,100,6.2,316.7,139,D,0
-17.8148,132.0491,400.7,1,1,2014-09-30,0136,Terra,MODIS,100,6.2,315.4,252.1,D,0
-17.8198,132.0186,403.4,1,1,2014-09-30,0136,Terra,MODIS,100,6.2,299.9,274.3,D,0
-17.8212,132.0283,450.4,1,1,2014-09-30,0136,Terra,MODIS,100,6.2,329.5,737.9,D,0
-17.8226,132.038,444.2,1,1,2014-09-30,0136,Terra,MODIS,100,6.2,328.2,655.1,D,0
-17.7401,131.5903,338.4,1,1,2014-09-30,0136,Terra,MODIS,23,6.2,314.3,18.3,D,0
-17.7415,131.5998,347.4,1,1,2014-09-30,0136,Terra,MODIS,91,6.2,312.6,37.1,D,0
-17.7492,131.5889,342.5,1,1,2014-09-30,0136,Terra,MODIS,59,6.2,314.8,25.7,D,0
-17.7505,131.5984,356.6,1,1,2014-09-30,0136,Terra,MODIS,97,6.2,313.4,58.2,D,0
-17.7582,131.5875,340.7,1,1,2014-09-30,0136,Terra,MODIS,65,6.2,313.9,23.5,D,0
-17.7596,131.597,353.3,1,1,2014-09-30,0136,Terra,MODIS,95,6.2,312.6,50.9,D,0
-17.6786,132.1217,348,1,1,2014-09-30,0136,Terra,MODIS,92,6.2,316.8,40,D,0
-17.68,132.1314,334.2,1,1,2014-09-30,0136,Terra,MODIS,57,6.2,312.7,16.4,D,0
-17.6878,132.1203,339.6,1,1,2014-09-30,0136,Terra,MODIS,74,6.2,315.8,22.6,D,0
-19.403,133.215,332.3,1.2,1.1,2014-09-30,0136,Terra,MODIS,62,6.2,315.9,13.2,D,0
-19.4015,133.2038,332.9,1.2,1.1,2014-09-30,0136,Terra,MODIS,65,6.2,317.3,14,D,0
-19.4002,133.2105,339.1,1.2,1.1,2014-09-30,0136,Terra,MODIS,79,6.2,316.3,26,D,0
-17.8175,131.553,333,1,1,2014-09-30,0136,Terra,MODIS,61,6.2,306.7,17,D,0
-17.8189,131.5624,332.8,1,1,2014-09-30,0136,Terra,MODIS,74,6.2,305.6,18.3,D,0
-17.8279,131.5611,334.8,1,1,2014-09-30,0136,Terra,MODIS,78,6.2,306.2,22.2,D,0
-17.8392,131.5109,334,1,1,2014-09-30,0136,Terra,MODIS,76,6.2,310,15.6,D,0
-17.8406,131.5204,344.4,1,1,2014-09-30,0136,Terra,MODIS,89,6.2,310,33.1,D,0
-17.8419,131.5298,347.7,1,1,2014-09-30,0136,Terra,MODIS,91,6.2,309.6,41,D,0
-17.8482,131.5095,360.6,1,1,2014-09-30,0136,Terra,MODIS,100,6.2,311.3,70.2,D,0
-17.8496,131.519,357.2,1,1,2014-09-30,0136,Terra,MODIS,98,6.2,309.7,61.8,D,0
-17.851,131.5284,386.9,1,1,2014-09-30,0136,Terra,MODIS,100,6.2,313.8,170.4,D,0
-17.8523,131.5379,342.7,1,1,2014-09-30,0136,Terra,MODIS,87,6.2,306.4,34.5,D,0
-17.8586,131.5176,334.4,1,1,2014-09-30,0136,Terra,MODIS,77,6.2,309,18.8,D,0
-17.86,131.5271,376.3,1,1,2014-09-30,0136,Terra,MODIS,100,6.2,308.9,126.6,D,0
-17.8614,131.5365,334.7,1,1,2014-09-30,0136,Terra,MODIS,77,6.2,305.7,23.6,D,0
-17.8677,131.5162,336.5,1,1,2014-09-30,0136,Terra,MODIS,80,6.2,309.3,21.4,D,0
-17.869,131.5257,333.9,1,1,2014-09-30,0136,Terra,MODIS,68,6.2,306.5,19.8,D,0
-17.8767,131.5148,363.8,1,1,2014-09-30,0136,Terra,MODIS,100,6.2,311.3,81.7,D,0
-17.5574,132.4467,346.6,1.1,1,2014-09-30,0136,Terra,MODIS,90,6.2,312.3,40.2,D,0
-17.8781,131.5243,391.3,1,1,2014-09-30,0136,Terra,MODIS,100,6.2,314.1,193.1,D,0
-17.5078,132.4802,330.8,1.1,1,2014-09-30,0136,Terra,MODIS,50,6.2,314.3,12.6,D,0
-17.4689,132.6555,366.9,1.1,1,2014-09-30,0136,Terra,MODIS,100,6.2,314.9,97,D,0
-17.8858,131.5167,387.3,1,1,2014-09-30,0136,Terra,MODIS,100,6.2,313.8,172.2,D,0
-17.8871,131.5261,373,1,1,2014-09-30,0136,Terra,MODIS,100,6.2,309.4,112.7,D,0
-17.5171,132.4788,343.1,1.1,1,2014-09-30,0136,Terra,MODIS,87,6.2,312.4,34,D,0
-17.5185,132.4887,331.2,1.1,1,2014-09-30,0136,Terra,MODIS,59,6.2,311.6,14.6,D,0
-17.8907,131.4868,331.2,1,1,2014-09-30,0136,Terra,MODIS,54,6.2,308.8,13.9,D,0
-17.8997,131.4854,341.7,1,1,2014-09-30,0136,Terra,MODIS,86,6.2,308.1,31.7,D,0
-17.9038,131.5139,324.4,1,1,2014-09-30,0136,Terra,MODIS,27,6.2,307.2,7.9,D,0
-17.9129,131.5125,332.1,1,1,2014-09-30,0136,Terra,MODIS,74,6.2,308.6,17.2,D,0
-17.9142,131.522,340.7,1,1,2014-09-30,0136,Terra,MODIS,85,6.2,308.6,30.9,D,0
-17.9219,131.5111,362.5,1,1,2014-09-30,0136,Terra,MODIS,100,6.2,309.9,80.6,D,0
-18.7959,129.0014,417.3,1.1,1,2014-09-30,0136,Terra,MODIS,100,6.2,329.7,387.3,D,0
-18.7943,128.9913,339.5,1.1,1,2014-09-30,0136,Terra,MODIS,54,6.2,317.8,23.3,D,0
-18.7905,129.0089,398.8,1.1,1,2014-09-30,0136,Terra,MODIS,100,6.2,326.6,244.1,D,0
-18.7889,128.9988,382.4,1.1,1,2014-09-30,0136,Terra,MODIS,100,6.2,324.9,152.5,D,0
-18.7812,129.0105,340.2,1.1,1,2014-09-30,0136,Terra,MODIS,80,6.2,318.1,21.7,D,0
-17.8885,124.0658,326.1,2.2,1.4,2014-09-30,0136,Terra,MODIS,40,6.2,309.3,27.9,D,0
-17.8923,124.0865,371.9,2.2,1.4,2014-09-30,0136,Terra,MODIS,100,6.2,312.9,338.3,D,0
-17.9181,124.0814,337.3,2.2,1.4,2014-09-30,0136,Terra,MODIS,48,6.2,310.8,60.8,D,0
-18.888,128.6975,340.6,1.1,1,2014-09-30,0136,Terra,MODIS,60,6.2,318.5,23.2,D,0
-17.8815,124.0943,339.1,2.2,1.4,2014-09-30,0136,Terra,MODIS,83,6.2,313.4,83,D,0
-17.8961,124.107,374.5,2.2,1.4,2014-09-30,0136,Terra,MODIS,100,6.2,315.5,365.6,D,0
-17.9089,124.1045,349.5,2.2,1.4,2014-09-30,0136,Terra,MODIS,93,6.2,312.1,135.1,D,0
-17.9218,124.1019,348.5,2.2,1.4,2014-09-30,0136,Terra,MODIS,92,6.2,314.4,127.4,D,0
-17.9234,124.037,346,2.2,1.4,2014-09-30,0136,Terra,MODIS,74,6.2,313.4,111.5,D,0
-17.9325,124.0136,365.1,2.2,1.4,2014-09-30,0136,Terra,MODIS,100,6.2,314.7,260.7,D,0
-17.9363,124.0344,373.6,2.2,1.4,2014-09-30,0136,Terra,MODIS,100,6.2,319.4,343.5,D,0
-17.9295,124.007,342.7,2.2,1.4,2014-09-30,0136,Terra,MODIS,61,6.2,310.9,91.8,D,0
-17.9335,124.0279,374.8,2.2,1.4,2014-09-30,0136,Terra,MODIS,100,6.2,318.9,359.3,D,0
-16.8395,122.9126,326.9,2.8,1.6,2014-09-30,0136,Terra,MODIS,44,6.2,307.8,54.1,D,0
-16.8443,122.939,341.1,2.8,1.6,2014-09-30,0136,Terra,MODIS,87,6.2,308.8,149.6,D,0
-16.8457,122.9316,342.5,2.8,1.6,2014-09-30,0136,Terra,MODIS,88,6.2,309.8,159.5,D,0
-16.8507,122.9579,326.2,2.8,1.6,2014-09-30,0136,Terra,MODIS,46,6.2,307.1,50.9,D,0
-18.7975,129.0115,367.8,1.1,1,2014-09-30,0136,Terra,MODIS,100,6.2,319.9,98.3,D,0
-22.7396,122.6267,322.2,2.2,1.5,2014-09-30,0137,Terra,MODIS,55,6.2,308.1,20.3,D,0
-22.8698,118.0658,322.5,4.7,2,2014-09-30,0138,Terra,MODIS,66,6.2,305,90.6,D,0
-22.8721,118.0727,321.8,4.7,2,2014-09-30,0138,Terra,MODIS,60,6.2,304.9,76.3,D,0
-21.5498,116.2363,339.7,4.4,1.9,2014-09-30,0315,Terra,MODIS,90,6.2,310.4,254,D,0
-21.5535,116.2793,361.3,4.4,1.9,2014-09-30,0315,Terra,MODIS,100,6.2,311.7,660.5,D,0
-21.5508,116.2307,323.6,4.4,1.9,2014-09-30,0315,Terra,MODIS,77,6.2,310.2,70.1,D,0
-21.5543,116.274,361.8,4.4,1.9,2014-09-30,0315,Terra,MODIS,100,6.2,312,675.2,D,0
-35.6941,148.0802,309,1.1,1.1,2014-09-30,0417,Aqua,MODIS,66,6.2,293.2,9.7,D,0
-36.2032,148.5894,303.9,1.2,1.1,2014-09-30,0417,Aqua,MODIS,56,6.2,290.9,6,D,0
-36.2053,148.5767,302,1.2,1.1,2014-09-30,0417,Aqua,MODIS,47,6.2,290.5,4.7,D,0
-36.6906,148.8121,320.3,1.2,1.1,2014-09-30,0417,Aqua,MODIS,80,6.2,293.2,20.2,D,0
-36.6929,148.7991,307.5,1.2,1.1,2014-09-30,0417,Aqua,MODIS,65,6.2,293.6,7.3,D,0
-36.313,149.4942,312.2,1.3,1.1,2014-09-30,0417,Aqua,MODIS,72,6.2,293.5,12.8,D,0
-36.3155,149.4799,311.7,1.3,1.1,2014-09-30,0417,Aqua,MODIS,71,6.2,294,12.2,D,0
-36.4997,148.8447,313.4,1.2,1.1,2014-09-30,0417,Aqua,MODIS,33,6.2,297.1,10.2,D,0
-36.4923,148.8292,318.2,1.2,1.1,2014-09-30,0417,Aqua,MODIS,78,6.2,296.1,16.2,D,0
-35.0275,143.7282,319.3,1,1,2014-09-30,0417,Aqua,MODIS,58,6.2,287.7,14.9,D,0
-35.6469,144.6442,307.6,1,1,2014-09-30,0417,Aqua,MODIS,43,6.2,292.3,3.8,D,0
-35.026,143.7396,320.1,1,1,2014-09-30,0417,Aqua,MODIS,70,6.2,284.1,16.2,D,0
-35.6453,144.6553,314.6,1,1,2014-09-30,0417,Aqua,MODIS,68,6.2,295.5,9.4,D,0
-34.9585,145.8526,316.1,1,1,2014-09-30,0417,Aqua,MODIS,62,6.2,300.5,6.3,D,0
-34.4642,150.8823,317,1.6,1.3,2014-09-30,0417,Aqua,MODIS,0,6.2,301.3,12.1,D,2
-35.3678,149.8904,318.4,1.4,1.2,2014-09-30,0417,Aqua,MODIS,76,6.2,296,18.9,D,0
-34.8184,146.0428,314.6,1,1,2014-09-30,0417,Aqua,MODIS,53,6.2,303,6,D,0
-35.3774,149.9322,315.5,1.4,1.2,2014-09-30,0417,Aqua,MODIS,64,6.2,296.7,15.1,D,0
-35.5991,145.6333,324.8,1,1,2014-09-30,0417,Aqua,MODIS,81,6.2,297.4,18.7,D,0
-35.3745,149.9474,315.2,1.4,1.2,2014-09-30,0417,Aqua,MODIS,74,6.2,296.1,16.2,D,0
-35.5436,144.8515,311.2,1,1,2014-09-30,0417,Aqua,MODIS,45,6.2,298.9,5.5,D,0
-35.5846,144.7572,337.7,1,1,2014-09-30,0417,Aqua,MODIS,89,6.2,300.1,34.9,D,0
-35.7804,145.6516,325.4,1,1,2014-09-30,0417,Aqua,MODIS,82,6.2,296.9,20.6,D,0
-35.6842,145.6122,315,1,1,2014-09-30,0417,Aqua,MODIS,68,6.2,295.9,9.6,D,0
-35.3727,149.8987,324.9,1.4,1.2,2014-09-30,0417,Aqua,MODIS,75,6.2,296.1,29.4,D,0
-34.867,146.0309,353.2,1,1,2014-09-30,0417,Aqua,MODIS,97,6.2,305.3,63.8,D,0
-35.365,149.9056,315.1,1.4,1.2,2014-09-30,0417,Aqua,MODIS,64,6.2,296.6,13.7,D,0
-35.5862,144.7461,319.2,1,1,2014-09-30,0417,Aqua,MODIS,64,6.2,300.7,11.5,D,0
-35.581,145.6293,328.3,1,1,2014-09-30,0417,Aqua,MODIS,52,6.2,298.4,21.2,D,0
-35.5794,145.6403,357.4,1,1,2014-09-30,0417,Aqua,MODIS,93,6.2,294.2,74.4,D,0
-30.8518,146.5529,362.9,1.1,1.1,2014-09-30,0418,Aqua,MODIS,100,6.2,314,94.7,D,0
-30.8537,146.5412,327.2,1.1,1.1,2014-09-30,0418,Aqua,MODIS,75,6.2,311.8,12.8,D,0
-30.8496,146.5468,349.6,1.1,1.1,2014-09-30,0418,Aqua,MODIS,94,6.2,314.3,55.9,D,0
-30.8477,146.5585,340.8,1.1,1.1,2014-09-30,0418,Aqua,MODIS,88,6.2,312.4,36.1,D,0
-34.2493,145.7935,319.9,1,1,2014-09-30,0418,Aqua,MODIS,62,6.2,304.1,11.2,D,0
-32.2878,146.7276,322.8,1.1,1,2014-09-30,0418,Aqua,MODIS,64,6.2,308.6,10.1,D,0
-31.9329,145.868,331.9,1,1,2014-09-30,0418,Aqua,MODIS,78,6.2,312,18.4,D,0
-32.9259,146.6528,326.8,1.1,1,2014-09-30,0418,Aqua,MODIS,73,6.2,309.7,13.8,D,0
-32.2859,146.7393,321.8,1.1,1,2014-09-30,0418,Aqua,MODIS,61,6.2,309.3,9.1,D,0
-29.8494,151.0925,330.6,2.1,1.4,2014-09-30,0418,Aqua,MODIS,83,6.2,300.9,68.4,D,0
-29.8516,151.0881,330.7,2.1,1.4,2014-09-30,0418,Aqua,MODIS,83,6.2,300.9,66.1,D,0
-29.8538,151.071,323.3,2.1,1.4,2014-09-30,0418,Aqua,MODIS,76,6.2,300.3,40.7,D,0
-29.9673,151.7423,313,2.3,1.5,2014-09-30,0418,Aqua,MODIS,59,6.2,297.2,22.3,D,0
-31.7353,150.9051,312.6,1.9,1.3,2014-09-30,0418,Aqua,MODIS,66,6.2,297.7,17,D,0
-27.6735,147.2931,334.8,1.4,1.2,2014-09-30,0419,Aqua,MODIS,76,6.2,315.6,22.1,D,0
-27.6652,147.2985,331.3,1.4,1.2,2014-09-30,0419,Aqua,MODIS,69,6.2,315.4,14.9,D,0
-29.3846,148.7685,345.7,1.5,1.2,2014-09-30,0419,Aqua,MODIS,91,6.2,313.9,69.8,D,0
-29.3875,148.7527,352.8,1.5,1.2,2014-09-30,0419,Aqua,MODIS,96,6.2,314.6,98.1,D,0
-29.4011,151.4178,315.8,2.3,1.5,2014-09-30,0419,Aqua,MODIS,36,6.2,301.3,24,D,0
-29.3959,151.4214,319.1,2.3,1.5,2014-09-30,0419,Aqua,MODIS,54,6.2,302.3,33.9,D,0
-27.5244,149.1078,341.2,1.8,1.3,2014-09-30,0419,Aqua,MODIS,87,6.2,312.3,70.8,D,0
-27.5278,149.0901,349.8,1.8,1.3,2014-09-30,0419,Aqua,MODIS,93,6.2,313.1,109,D,0
-27.5292,149.1018,355.1,1.8,1.3,2014-09-30,0419,Aqua,MODIS,97,6.2,313,137.7,D,0
-27.5325,149.0841,330.5,1.8,1.3,2014-09-30,0419,Aqua,MODIS,74,6.2,311.6,35.4,D,0
-27.2335,150.0469,327.4,2.1,1.4,2014-09-30,0419,Aqua,MODIS,70,6.2,309.7,31.7,D,0
-23.0486,150.6983,323.1,2.9,1.6,2014-09-30,0420,Aqua,MODIS,67,6.2,298,73.9,D,0
-23.7939,149.2932,317.2,2.2,1.4,2014-09-30,0420,Aqua,MODIS,31,6.2,304.2,16.8,D,0
-23.7952,149.286,320.1,2.2,1.4,2014-09-30,0420,Aqua,MODIS,53,6.2,304,23.3,D,0
-23.7183,149.2688,328.4,2.2,1.4,2014-09-30,0420,Aqua,MODIS,76,6.2,303.7,53.5,D,0
-23.7224,149.2476,318.2,2.2,1.4,2014-09-30,0420,Aqua,MODIS,45,6.2,302.5,20,D,0
-23.7212,149.2642,325.2,2.2,1.4,2014-09-30,0420,Aqua,MODIS,70,6.2,303.1,40.3,D,0
-23.7084,149.2613,322.7,2.2,1.4,2014-09-30,0420,Aqua,MODIS,64,6.2,304.3,32.6,D,0
-23.3795,147.3732,322.1,1.6,1.3,2014-09-30,0420,Aqua,MODIS,56,6.2,305.1,16.3,D,0
-24.7271,151.5353,315,3,1.6,2014-09-30,0420,Aqua,MODIS,42,6.2,299.3,39.9,D,0
-24.7291,151.531,316.4,3,1.6,2014-09-30,0420,Aqua,MODIS,55,6.2,299.5,45.9,D,0
-22.9387,147.5073,323.8,1.7,1.3,2014-09-30,0420,Aqua,MODIS,64,6.2,308.8,18,D,0
-22.9317,147.5003,324.4,1.7,1.3,2014-09-30,0420,Aqua,MODIS,65,6.2,308.2,18.9,D,0
-24.1207,150.6593,323.4,2.7,1.6,2014-09-30,0420,Aqua,MODIS,55,6.2,298.3,54.6,D,0
-25.1379,149.5882,322,2.1,1.4,2014-09-30,0420,Aqua,MODIS,56,6.2,308.6,24.9,D,0
-22.8948,147.4405,335.1,1.7,1.3,2014-09-30,0420,Aqua,MODIS,82,6.2,306.5,53.8,D,0
-22.8977,147.4242,327.2,1.7,1.3,2014-09-30,0420,Aqua,MODIS,71,6.2,303.6,31.7,D,0
-22.8833,147.4382,331.6,1.7,1.3,2014-09-30,0420,Aqua,MODIS,78,6.2,306.8,44,D,0
-22.8863,147.4218,345,1.7,1.3,2014-09-30,0420,Aqua,MODIS,91,6.2,304.6,90.5,D,0
-25.5075,150.8795,319.8,2.6,1.5,2014-09-30,0420,Aqua,MODIS,51,6.2,304.8,28.7,D,0
-25.2347,149.0221,319.6,2,1.4,2014-09-30,0420,Aqua,MODIS,35,6.2,306.3,21.6,D,0
-23.2726,147.3282,324.1,1.6,1.3,2014-09-30,0420,Aqua,MODIS,29,6.2,307.6,17.1,D,0
-23.2698,147.3438,326.2,1.6,1.3,2014-09-30,0420,Aqua,MODIS,37,6.2,309.5,21.4,D,0
-24.8929,150.7407,324,2.6,1.6,2014-09-30,0420,Aqua,MODIS,72,6.2,305.4,43.4,D,0
-24.1155,150.6852,327.1,2.7,1.6,2014-09-30,0420,Aqua,MODIS,67,6.2,300.7,70.9,D,0
-24.377,150.4736,318.9,2.6,1.5,2014-09-30,0420,Aqua,MODIS,62,6.2,303.3,26.3,D,0
-25.2416,149.0388,319,2,1.4,2014-09-30,0420,Aqua,MODIS,14,6.2,304.9,18.7,D,0
-26.5173,141.8017,361.2,1,1,2014-09-30,0420,Aqua,MODIS,100,6.2,323.1,68.5,D,0
-24.4574,151.7993,316.7,3.2,1.7,2014-09-30,0420,Aqua,MODIS,55,6.2,296.5,52.9,D,0
-24.8896,150.7352,324.2,2.6,1.6,2014-09-30,0420,Aqua,MODIS,73,6.2,305.9,44.3,D,0
-26.0693,146.78,351.1,1.3,1.2,2014-09-30,0420,Aqua,MODIS,94,6.2,314.7,74.3,D,0
-24.1067,150.6558,322.1,2.7,1.6,2014-09-30,0420,Aqua,MODIS,59,6.2,299.7,51.9,D,0
-25.4419,150.9175,320.1,2.6,1.6,2014-09-30,0420,Aqua,MODIS,54,6.2,305.5,33.6,D,0
-25.1528,149.0378,327.3,2,1.4,2014-09-30,0420,Aqua,MODIS,75,6.2,305.2,46.2,D,0
-23.0428,150.7266,350.7,2.9,1.6,2014-09-30,0420,Aqua,MODIS,89,6.2,299.2,273.4,D,0
-23.043,150.7217,353.4,2.9,1.6,2014-09-30,0420,Aqua,MODIS,96,6.2,299.3,303.5,D,0
-23.7506,147.2982,324.5,1.6,1.2,2014-09-30,0420,Aqua,MODIS,65,6.2,309,17.9,D,0
-23.7534,147.2826,320.8,1.6,1.2,2014-09-30,0420,Aqua,MODIS,47,6.2,308,10.6,D,0
-20.7324,148.7286,338.7,2.3,1.5,2014-09-30,0421,Aqua,MODIS,80,6.2,302.7,111.8,D,0
-20.0805,146.3019,326.2,1.6,1.2,2014-09-30,0421,Aqua,MODIS,61,6.2,313.1,13.3,D,0
-20.0805,146.3085,330.3,1.6,1.2,2014-09-30,0421,Aqua,MODIS,73,6.2,314.2,22,D,0
-22.393,145.9479,334.3,1.4,1.2,2014-09-30,0421,Aqua,MODIS,77,6.2,314.2,27.6,D,0
-22.4288,145.9276,329.8,1.4,1.2,2014-09-30,0421,Aqua,MODIS,68,6.2,313.8,17.7,D,0
-21.1052,144.4896,356.4,1.2,1.1,2014-09-30,0421,Aqua,MODIS,97,6.2,320.2,73.2,D,0
-21.107,144.4781,349.8,1.2,1.1,2014-09-30,0421,Aqua,MODIS,92,6.2,319.7,54.3,D,0
-16.0373,144.4858,324.7,1.4,1.2,2014-09-30,0422,Aqua,MODIS,23,6.2,307.5,11.5,D,0
-17.6541,146.1245,331,1.7,1.3,2014-09-30,0422,Aqua,MODIS,0,6.2,304.5,50.9,D,0
-16.0268,144.4834,329.4,1.4,1.2,2014-09-30,0422,Aqua,MODIS,59,6.2,306.8,21.9,D,0
-17.7581,131.9609,407.3,3.2,1.7,2014-09-30,0422,Aqua,MODIS,100,6.2,314.9,1565.9,D,0
-17.755,131.9915,386,3.2,1.7,2014-09-30,0422,Aqua,MODIS,100,6.2,315.4,874.2,D,0
-17.7734,131.9627,396.4,3.2,1.7,2014-09-30,0422,Aqua,MODIS,100,6.2,311.8,1190.7,D,0
-17.7888,131.9644,375.5,3.2,1.7,2014-09-30,0422,Aqua,MODIS,100,6.2,310.4,659.3,D,0
-17.7825,132.0252,338.1,3.2,1.7,2014-09-30,0422,Aqua,MODIS,57,6.2,312.9,104.7,D,0
-17.7794,132.0554,350.5,3.2,1.7,2014-09-30,0422,Aqua,MODIS,94,6.2,313,234.2,D,0
-17.8554,132.0146,340.8,3.2,1.7,2014-09-30,0422,Aqua,MODIS,75,6.2,308.1,173.4,D,0
-17.8593,132.0108,341.3,3.2,1.7,2014-09-30,0422,Aqua,MODIS,86,6.2,306.6,179.3,D,0
-17.4708,132.561,336.1,2.9,1.6,2014-09-30,0422,Aqua,MODIS,64,6.2,303.8,107.6,D,0
-17.4681,132.5882,359.6,2.9,1.6,2014-09-30,0422,Aqua,MODIS,99,6.2,308.3,314.4,D,0
-17.844,132.0091,350.6,3.2,1.7,2014-09-30,0422,Aqua,MODIS,92,6.2,310.3,270.8,D,0
-17.7281,131.9843,370.4,3.2,1.7,2014-09-30,0422,Aqua,MODIS,100,6.2,313.6,551.8,D,0
-17.7249,132.0146,342.9,3.2,1.7,2014-09-30,0422,Aqua,MODIS,88,6.2,311.4,155.8,D,0
-17.7242,131.9882,366.6,3.2,1.7,2014-09-30,0422,Aqua,MODIS,100,6.2,311.4,478.7,D,0
-17.7212,132.0185,333.7,3.2,1.7,2014-09-30,0422,Aqua,MODIS,62,6.2,310.2,74.4,D,0
-17.7427,131.9593,372.1,3.2,1.7,2014-09-30,0422,Aqua,MODIS,100,6.2,310.1,593.9,D,0
-17.7396,131.9898,402.9,3.2,1.7,2014-09-30,0422,Aqua,MODIS,100,6.2,317.7,1382.2,D,0
-17.7701,131.9699,386.2,3.2,1.7,2014-09-30,0422,Aqua,MODIS,100,6.2,312.8,898.9,D,0
-17.7855,131.9716,381.8,3.2,1.7,2014-09-30,0422,Aqua,MODIS,100,6.2,311.6,791.8,D,0
-17.7796,132.0325,347.2,3.2,1.7,2014-09-30,0422,Aqua,MODIS,89,6.2,313.3,190.6,D,0
-17.7767,132.0627,343.6,3.2,1.7,2014-09-30,0422,Aqua,MODIS,79,6.2,311.8,158,D,0
-17.5063,132.6472,361,2.9,1.6,2014-09-30,0422,Aqua,MODIS,100,6.2,310.2,336.3,D,0
-17.5091,132.6203,344.8,2.9,1.6,2014-09-30,0422,Aqua,MODIS,79,6.2,305.9,169.2,D,0
-17.5208,132.6488,334.8,2.9,1.6,2014-09-30,0422,Aqua,MODIS,79,6.2,307.4,96.7,D,0
-17.5417,132.4645,333,3,1.6,2014-09-30,0422,Aqua,MODIS,73,6.2,307.1,91.3,D,0
-17.4945,132.6186,357.6,2.9,1.6,2014-09-30,0422,Aqua,MODIS,96,6.2,309.9,292.9,D,0
-17.5441,132.4294,328,3,1.6,2014-09-30,0422,Aqua,MODIS,46,6.2,307.6,55.8,D,0
-17.5589,132.4311,329.8,3,1.6,2014-09-30,0422,Aqua,MODIS,65,6.2,307.3,73.7,D,0
-17.4799,132.6169,346,2.9,1.6,2014-09-30,0422,Aqua,MODIS,75,6.2,309.9,161.7,D,0
-17.556,132.459,325.6,3,1.6,2014-09-30,0422,Aqua,MODIS,37,6.2,306.6,50.3,D,0
-17.5412,132.4574,333.4,3,1.6,2014-09-30,0422,Aqua,MODIS,74,6.2,307.2,93.7,D,0
-17.5444,132.4365,332.6,3,1.6,2014-09-30,0422,Aqua,MODIS,76,6.2,307.5,86.6,D,0
-17.5593,132.4382,331.9,3,1.6,2014-09-30,0422,Aqua,MODIS,75,6.2,307.2,90.4,D,0
-17.7766,131.932,332.3,3.3,1.7,2014-09-30,0422,Aqua,MODIS,55,6.2,303.9,105.1,D,0
-17.7731,131.9392,352.3,3.3,1.7,2014-09-30,0422,Aqua,MODIS,95,6.2,304.7,298.3,D,0
-17.7885,131.9409,351.4,3.3,1.7,2014-09-30,0422,Aqua,MODIS,92,6.2,305.2,285.5,D,0
-17.9354,131.5073,328.9,3.5,1.8,2014-09-30,0422,Aqua,MODIS,69,6.2,305,92.5,D,0
-17.927,131.5023,332.9,3.5,1.8,2014-09-30,0422,Aqua,MODIS,76,6.2,306.1,123.6,D,0
-17.9236,131.5355,327.1,3.5,1.8,2014-09-30,0422,Aqua,MODIS,64,6.2,305.9,75.1,D,0
-17.9194,131.5056,327.7,3.5,1.8,2014-09-30,0422,Aqua,MODIS,67,6.2,306.3,79.6,D,0
-16.0535,144.4807,342.2,1.4,1.2,2014-09-30,0422,Aqua,MODIS,88,6.2,310.2,50.1,D,0
-16.0557,144.4675,331.5,1.4,1.2,2014-09-30,0422,Aqua,MODIS,78,6.2,309.4,22.4,D,0
-16.0499,144.4745,344,1.4,1.2,2014-09-30,0422,Aqua,MODIS,90,6.2,310.2,56.1,D,0
-12.7383,141.8811,325.2,1.1,1.1,2014-09-30,0423,Aqua,MODIS,57,6.2,293.7,18.1,D,0
-13.5728,141.9655,360.6,1.1,1.1,2014-09-30,0423,Aqua,MODIS,100,6.2,313.1,84,D,0
-14.2467,143.4421,334.8,1.3,1.1,2014-09-30,0423,Aqua,MODIS,78,6.2,305.8,31.3,D,0
-15.2759,145.1282,326.7,1.6,1.3,2014-09-30,0423,Aqua,MODIS,23,6.2,293.5,29.2,D,0
-13.4217,141.9771,336.2,1.1,1.1,2014-09-30,0423,Aqua,MODIS,72,6.2,308.3,25.4,D,0
-15.4703,145.0662,319.3,1.6,1.2,2014-09-30,0423,Aqua,MODIS,35,6.2,300.2,15,D,0
-15.4836,145.0547,321.2,1.6,1.2,2014-09-30,0423,Aqua,MODIS,26,6.2,302.7,16.8,D,0
-15.4814,145.0685,334.4,1.6,1.2,2014-09-30,0423,Aqua,MODIS,83,6.2,302.4,49.2,D,0
-14.8746,145.0471,335.2,1.6,1.3,2014-09-30,0423,Aqua,MODIS,83,6.2,307.3,50.9,D,0
-14.8884,145.0338,326.5,1.6,1.3,2014-09-30,0423,Aqua,MODIS,57,6.2,299.9,29.9,D,0
-17.4534,132.5866,360.4,2.9,1.6,2014-09-30,0423,Aqua,MODIS,100,6.2,310.6,318.1,D,0
-17.4562,132.5594,362.2,2.9,1.6,2014-09-30,0423,Aqua,MODIS,100,6.2,306.9,359.2,D,0
-17.4415,132.5577,349.4,2.9,1.6,2014-09-30,0423,Aqua,MODIS,93,6.2,307.3,203.9,D,0
-17.4442,132.5304,361.4,2.9,1.6,2014-09-30,0423,Aqua,MODIS,100,6.2,307,348.2,D,0
-17.4529,132.5816,361.6,2.9,1.6,2014-09-30,0423,Aqua,MODIS,100,6.2,310.7,334.9,D,0
-17.4558,132.5544,349.4,2.9,1.6,2014-09-30,0423,Aqua,MODIS,93,6.2,305.9,209.8,D,0
-17.4382,132.58,336.7,2.9,1.6,2014-09-30,0423,Aqua,MODIS,66,6.2,309.7,80.2,D,0
-17.4411,132.5528,355.7,2.9,1.6,2014-09-30,0423,Aqua,MODIS,97,6.2,307.3,268,D,0
-17.444,132.5255,355.5,2.9,1.6,2014-09-30,0423,Aqua,MODIS,97,6.2,306.9,274.4,D,0
-17.4236,132.5784,391.6,2.9,1.6,2014-09-30,0423,Aqua,MODIS,100,6.2,314.3,865.6,D,0
-17.4265,132.5512,358.8,2.9,1.6,2014-09-30,0423,Aqua,MODIS,99,6.2,309.5,301.2,D,0
-17.4034,132.6307,350.2,2.9,1.6,2014-09-30,0423,Aqua,MODIS,93,6.2,314,183.2,D,0
-17.4062,132.6038,339,2.9,1.6,2014-09-30,0423,Aqua,MODIS,82,6.2,312.2,88.6,D,0
-17.409,132.5767,345.5,2.9,1.6,2014-09-30,0423,Aqua,MODIS,90,6.2,309.7,150.4,D,0
-17.4118,132.5495,330.1,2.9,1.6,2014-09-30,0423,Aqua,MODIS,64,6.2,308.7,42.7,D,0
-17.3916,132.6022,350.7,2.9,1.6,2014-09-30,0423,Aqua,MODIS,94,6.2,313.8,194.8,D,0
-17.3944,132.575,343.8,2.9,1.6,2014-09-30,0423,Aqua,MODIS,88,6.2,310.2,138.2,D,0
-17.3899,132.5948,350.7,2.9,1.6,2014-09-30,0423,Aqua,MODIS,94,6.2,313.4,197.9,D,0
-17.3929,132.5676,327.9,2.9,1.6,2014-09-30,0423,Aqua,MODIS,29,6.2,309.2,29.2,D,0
-14.1852,143.4509,336.5,1.3,1.1,2014-09-30,0423,Aqua,MODIS,81,6.2,307.1,34.1,D,0
-15.2672,145.1108,330,1.6,1.2,2014-09-30,0423,Aqua,MODIS,71,6.2,296.8,40.5,D,0
-16.7352,130.8801,334.2,3.8,1.8,2014-09-30,0423,Aqua,MODIS,68,6.2,310.4,105,D,0
-16.7293,130.8752,340.4,3.8,1.8,2014-09-30,0423,Aqua,MODIS,86,6.2,311.4,168.7,D,0
-15.2784,145.1133,355.2,1.6,1.2,2014-09-30,0423,Aqua,MODIS,97,6.2,302.1,130.3,D,0
-16.4969,135.3544,333.7,1.7,1.3,2014-09-30,0423,Aqua,MODIS,80,6.2,298.7,45.3,D,0
-16.4833,135.369,327.5,1.7,1.3,2014-09-30,0423,Aqua,MODIS,52,6.2,294.1,26.7,D,0
-16.4698,135.3836,367.8,1.7,1.3,2014-09-30,0423,Aqua,MODIS,100,6.2,298.4,210.9,D,0
-16.4544,135.4141,338.5,1.7,1.3,2014-09-30,0423,Aqua,MODIS,85,6.2,295.5,62.9,D,0
-17.4005,132.6575,332.7,2.8,1.6,2014-09-30,0423,Aqua,MODIS,28,6.2,313.5,49.2,D,0
-17.3832,132.6826,339,2.8,1.6,2014-09-30,0423,Aqua,MODIS,66,6.2,314.4,94.2,D,0
-14.2549,143.4558,325.6,1.3,1.1,2014-09-30,0423,Aqua,MODIS,39,6.2,305.2,15.4,D,0
-14.8859,145.0486,338.8,1.6,1.3,2014-09-30,0423,Aqua,MODIS,86,6.2,307,63.4,D,0
-14.1519,143.2028,326.4,1.3,1.1,2014-09-30,0423,Aqua,MODIS,71,6.2,305.9,15.7,D,0
-14.2651,143.4575,327.7,1.3,1.1,2014-09-30,0423,Aqua,MODIS,36,6.2,306.4,17.2,D,0
-15.029,135.0351,333.7,1.7,1.3,2014-09-30,0423,Aqua,MODIS,68,6.2,308.8,35.2,D,0
-14.2486,143.4302,334.1,1.3,1.1,2014-09-30,0423,Aqua,MODIS,82,6.2,307.9,29.9,D,0
-14.1713,143.4732,327.4,1.3,1.1,2014-09-30,0423,Aqua,MODIS,46,6.2,306.2,18.3,D,0
-14.1593,143.4836,330.2,1.3,1.1,2014-09-30,0423,Aqua,MODIS,78,6.2,303.5,25.3,D,0
-14.2523,143.4063,347.2,1.3,1.1,2014-09-30,0423,Aqua,MODIS,93,6.2,303.4,64.9,D,0
-15.0085,144.9395,334.8,1.6,1.2,2014-09-30,0423,Aqua,MODIS,83,6.2,304.2,50.6,D,0
-15.0109,144.925,320.6,1.6,1.2,2014-09-30,0423,Aqua,MODIS,51,6.2,302,16.2,D,0
-13.5619,141.9741,348.1,1.1,1.1,2014-09-30,0423,Aqua,MODIS,93,6.2,309.1,47.9,D,0
-14.1941,143.4457,336.7,1.3,1.1,2014-09-30,0423,Aqua,MODIS,85,6.2,307.9,35.7,D,0
-14.1954,143.4526,326.8,1.3,1.1,2014-09-30,0423,Aqua,MODIS,33,6.2,306.5,15.5,D,0
-14.1972,143.4406,329,1.3,1.1,2014-09-30,0423,Aqua,MODIS,56,6.2,306.9,18.7,D,0
-13.5603,141.9843,357.4,1.1,1.1,2014-09-30,0423,Aqua,MODIS,93,6.2,305.2,74.5,D,0
-13.5428,141.9088,335.6,1.1,1,2014-09-30,0423,Aqua,MODIS,75,6.2,302.5,25.2,D,0
-13.4233,141.967,334.2,1.1,1.1,2014-09-30,0423,Aqua,MODIS,70,6.2,308.6,22.5,D,0
-13.5225,141.9158,338.9,1.1,1,2014-09-30,0423,Aqua,MODIS,85,6.2,304.1,32.2,D,0
-15.5949,136.8579,383.3,1.3,1.1,2014-09-30,0423,Aqua,MODIS,100,6.2,306.8,0,D,0
-14.188,141.672,324.3,1.1,1,2014-09-30,0423,Aqua,MODIS,32,6.2,306.6,9.2,D,0
-15.2885,143.5837,350.9,1.3,1.1,2014-09-30,0423,Aqua,MODIS,89,6.2,300.4,75.5,D,0
-14.2826,134.2138,330.6,2,1.4,2014-09-30,0423,Aqua,MODIS,75,6.2,309.6,26.3,D,0
-14.2483,133.9403,334.7,2,1.4,2014-09-30,0423,Aqua,MODIS,64,6.2,304.3,55,D,0
-15.2512,145.0005,323.9,1.6,1.2,2014-09-30,0423,Aqua,MODIS,40,6.2,300.1,28.8,D,0
-15.251,145.1391,359.7,1.6,1.3,2014-09-30,0423,Aqua,MODIS,99,6.2,302.8,151,D,0
-14.9962,141.8537,338.1,1.1,1,2014-09-30,0423,Aqua,MODIS,50,6.2,311.1,23.4,D,0
-15.7051,136.9533,321.5,1.3,1.1,2014-09-30,0423,Aqua,MODIS,0,6.2,295.6,20.7,D,0
-14.286,135.6826,345.7,1.5,1.2,2014-09-30,0423,Aqua,MODIS,85,6.2,312.1,73.4,D,0
-14.2971,135.7052,333,1.5,1.2,2014-09-30,0423,Aqua,MODIS,0,6.2,311.5,29.4,D,0
-15.1996,145.1074,354.1,1.6,1.3,2014-09-30,0423,Aqua,MODIS,91,6.2,305.3,127,D,0
-13.107,142.0071,342.6,1.1,1.1,2014-09-30,0423,Aqua,MODIS,90,6.2,313.7,33.7,D,0
-14.3311,134.0144,340.8,2,1.4,2014-09-30,0423,Aqua,MODIS,87,6.2,308.2,82.4,D,0
-14.8402,134.9275,348.5,1.8,1.3,2014-09-30,0423,Aqua,MODIS,93,6.2,314.8,84,D,0
-14.2438,133.9781,354.9,2,1.4,2014-09-30,0423,Aqua,MODIS,97,6.2,308,157.4,D,0
-14.4764,134.1866,330.6,2,1.4,2014-09-30,0423,Aqua,MODIS,31,6.2,310.1,28.2,D,0
-14.0331,136.4344,346.4,1.3,1.1,2014-09-30,0423,Aqua,MODIS,69,6.2,306.5,64.2,D,0
-14.2989,135.6911,345,1.5,1.2,2014-09-30,0423,Aqua,MODIS,85,6.2,312.5,69.2,D,0
-14.8382,134.9437,343.6,1.8,1.3,2014-09-30,0423,Aqua,MODIS,89,6.2,314.6,61.2,D,0
-15.1398,145.0518,321.9,1.6,1.2,2014-09-30,0423,Aqua,MODIS,39,6.2,304.1,19.2,D,0
-14.2896,135.6756,338.4,1.5,1.2,2014-09-30,0423,Aqua,MODIS,84,6.2,310,49.6,D,0
-14.2879,135.6897,363.2,1.5,1.2,2014-09-30,0423,Aqua,MODIS,94,6.2,312.6,148.4,D,0
-14.8352,134.932,359.6,1.8,1.3,2014-09-30,0423,Aqua,MODIS,99,6.2,314.8,144.4,D,0
-15.5965,136.8455,401,1.3,1.1,2014-09-30,0423,Aqua,MODIS,100,6.2,304.8,0,D,0
-14.8333,134.9482,335.5,1.8,1.3,2014-09-30,0423,Aqua,MODIS,77,6.2,315.4,31.6,D,0
-15.2948,143.609,328.4,1.3,1.1,2014-09-30,0423,Aqua,MODIS,47,6.2,296.5,20.4,D,0
-14.9538,135.1011,335.1,1.7,1.3,2014-09-30,0423,Aqua,MODIS,54,6.2,312.3,38.1,D,0
-12.6309,142.8514,314.4,1.3,1.1,2014-09-30,0423,Aqua,MODIS,15,6.2,274.2,11.4,D,0
-14.246,133.9595,355.1,2,1.4,2014-09-30,0423,Aqua,MODIS,97,6.2,305.4,159.8,D,0
-15.4562,136.0224,328.5,1.5,1.2,2014-09-30,0423,Aqua,MODIS,69,6.2,309.3,18.3,D,0
-15.2866,143.5955,342.1,1.3,1.1,2014-09-30,0423,Aqua,MODIS,88,6.2,295.2,50.8,D,0
-12.6327,142.8398,335.1,1.3,1.1,2014-09-30,0423,Aqua,MODIS,85,6.2,277.4,44.2,D,0
-14.0315,136.4469,328.6,1.3,1.1,2014-09-30,0423,Aqua,MODIS,69,6.2,307.6,21.4,D,0
-12.6328,142.8336,328.4,1.3,1.1,2014-09-30,0423,Aqua,MODIS,79,6.2,276.7,30.1,D,0
-14.2842,135.6967,332,1.5,1.2,2014-09-30,0423,Aqua,MODIS,0,6.2,309.6,30.1,D,0
-14.4795,134.194,331.6,2,1.4,2014-09-30,0423,Aqua,MODIS,57,6.2,308.8,33.2,D,0
-14.2541,133.9984,331.4,2,1.4,2014-09-30,0423,Aqua,MODIS,39,6.2,304,39.9,D,0
-14.8371,134.9157,333,1.8,1.3,2014-09-30,0423,Aqua,MODIS,78,6.2,314,25.5,D,0
-12.6309,142.8452,337.1,1.3,1.1,2014-09-30,0423,Aqua,MODIS,87,6.2,276.9,46.7,D,0
-15.2399,145.1366,348.9,1.6,1.3,2014-09-30,0423,Aqua,MODIS,94,6.2,297.7,102.7,D,0
-15.2967,143.5972,366.9,1.3,1.1,2014-09-30,0423,Aqua,MODIS,100,6.2,305.1,135.7,D,0
-14.0419,136.4483,340.5,1.3,1.1,2014-09-30,0423,Aqua,MODIS,86,6.2,308,48,D,0
-14.3035,134.1419,330.5,2,1.4,2014-09-30,0423,Aqua,MODIS,35,6.2,310.8,27.7,D,0
-14.0435,136.4358,330.9,1.3,1.1,2014-09-30,0423,Aqua,MODIS,64,6.2,305.2,25.4,D,0
-17.5453,130.6393,325.7,4.1,1.9,2014-09-30,0423,Aqua,MODIS,39,6.2,309.3,65.7,D,0
-17.5284,130.6377,326.6,4.1,1.9,2014-09-30,0423,Aqua,MODIS,37,6.2,310.5,69.5,D,0
-17.5328,130.6457,328.5,4.1,1.9,2014-09-30,0423,Aqua,MODIS,60,6.2,310.3,88.5,D,0
-13.7973,133.575,333.6,2.1,1.4,2014-09-30,0423,Aqua,MODIS,65,6.2,308.1,52.2,D,0
-13.8878,135.7607,322.8,1.5,1.2,2014-09-30,0423,Aqua,MODIS,37,6.2,304.6,14.5,D,0
-14.2007,134.0056,349.1,2,1.4,2014-09-30,0423,Aqua,MODIS,93,6.2,302.6,127.3,D,0
-14.2042,133.992,376.5,2,1.4,2014-09-30,0423,Aqua,MODIS,100,6.2,304.4,350.3,D,0
-14.2198,134.1805,331.1,2,1.4,2014-09-30,0423,Aqua,MODIS,70,6.2,309.3,33.8,D,0
-15.0354,145.119,321.6,1.6,1.3,2014-09-30,0423,Aqua,MODIS,44,6.2,300.6,18.5,D,0
-14.2029,133.987,351.9,2,1.4,2014-09-30,0423,Aqua,MODIS,95,6.2,302.7,146.8,D,0
-13.9363,132.5349,341.8,2.6,1.5,2014-09-30,0423,Aqua,MODIS,88,6.2,299.2,139.7,D,0
-13.6269,135.3074,337.2,1.6,1.2,2014-09-30,0423,Aqua,MODIS,73,6.2,312.6,34.6,D,0
-15.0351,145.1287,326.7,1.6,1.3,2014-09-30,0423,Aqua,MODIS,45,6.2,301.2,28.1,D,0
-13.7971,133.5818,341.6,2.1,1.4,2014-09-30,0423,Aqua,MODIS,88,6.2,308.9,84.2,D,0
-13.942,132.5425,333.8,2.6,1.5,2014-09-30,0423,Aqua,MODIS,62,6.2,297.5,83,D,0
-17.4705,132.5561,331.6,2.9,1.6,2014-09-30,0423,Aqua,MODIS,50,6.2,303.6,79,D,0
-15.0077,145.1549,331.4,1.6,1.3,2014-09-30,0423,Aqua,MODIS,79,6.2,302.4,41.9,D,0
-13.6273,135.12,331.5,1.6,1.3,2014-09-30,0423,Aqua,MODIS,53,6.2,314.4,19.5,D,0
-14.202,136.545,331.7,1.3,1.1,2014-09-30,0423,Aqua,MODIS,74,6.2,309.2,28.6,D,0
-17.4792,132.6119,339,2.9,1.6,2014-09-30,0423,Aqua,MODIS,43,6.2,309.5,94.1,D,0
-17.4675,132.5833,371.4,2.9,1.6,2014-09-30,0423,Aqua,MODIS,100,6.2,308.2,487.7,D,0
-14.2145,134.0123,333,2,1.4,2014-09-30,0423,Aqua,MODIS,58,6.2,296,50.5,D,0
-15.673,145.3078,320.8,1.6,1.3,2014-09-30,0423,Aqua,MODIS,34,6.2,300.1,24.7,D,0
-12.7074,142.881,319.8,1.3,1.1,2014-09-30,0423,Aqua,MODIS,65,6.2,279.5,20.3,D,0
-14.2021,134.0106,342.2,2,1.4,2014-09-30,0423,Aqua,MODIS,87,6.2,301,89.5,D,0
-13.6264,135.1266,335.6,1.6,1.3,2014-09-30,0423,Aqua,MODIS,72,6.2,314.6,31.9,D,0
-14.2167,133.9937,348.4,2,1.4,2014-09-30,0423,Aqua,MODIS,93,6.2,297.8,124.3,D,0
-15.7237,136.6382,325.8,1.4,1.2,2014-09-30,0423,Aqua,MODIS,57,6.2,306.3,16.3,D,0
-12.3139,131.8278,323.3,2.8,1.6,2014-09-30,0424,Aqua,MODIS,68,6.2,299.2,44.1,D,0
-13.4178,131.4234,321.3,3.1,1.7,2014-09-30,0424,Aqua,MODIS,40,6.2,294.3,52.2,D,0
-11.4252,132.4374,323.2,2.4,1.5,2014-09-30,0424,Aqua,MODIS,62,6.2,299.6,26.9,D,0
-12.3229,135.1307,331.9,1.6,1.2,2014-09-30,0424,Aqua,MODIS,59,6.2,303.7,35.1,D,0
-11.2233,132.303,322.1,2.5,1.5,2014-09-30,0424,Aqua,MODIS,32,6.2,300.8,32.5,D,0
-12.3211,135.1449,335.8,1.6,1.2,2014-09-30,0424,Aqua,MODIS,78,6.2,301.4,49,D,0
-12.3231,134.9537,320.6,1.6,1.2,2014-09-30,0424,Aqua,MODIS,42,6.2,302.1,11,D,0
-13.4403,131.8767,320.6,2.9,1.6,2014-09-30,0424,Aqua,MODIS,38,6.2,294.8,38,D,0
-12.3283,131.8296,325.9,2.8,1.6,2014-09-30,0424,Aqua,MODIS,73,6.2,298.2,56.8,D,0
-12.5728,135.7708,330.7,1.4,1.2,2014-09-30,0424,Aqua,MODIS,37,6.2,300.4,33.4,D,0
-12.6113,136.3414,342.5,1.3,1.1,2014-09-30,0424,Aqua,MODIS,89,6.2,305.2,51.8,D,0
-12.5689,135.7172,336.7,1.4,1.2,2014-09-30,0424,Aqua,MODIS,79,6.2,298.8,47.8,D,0
-12.6773,136.2946,336.7,1.3,1.1,2014-09-30,0424,Aqua,MODIS,83,6.2,303.2,36.2,D,0
-12.6758,136.3067,330.8,1.3,1.1,2014-09-30,0424,Aqua,MODIS,58,6.2,302.1,22.3,D,0
-12.4329,142.3307,328.7,1.2,1.1,2014-09-30,0424,Aqua,MODIS,64,6.2,278.8,27.4,D,0
-12.5297,136.2621,332.7,1.3,1.1,2014-09-30,0424,Aqua,MODIS,74,6.2,304.6,29.5,D,0
-12.4264,142.3075,337.9,1.2,1.1,2014-09-30,0424,Aqua,MODIS,89,6.2,278,45,D,0
-12.6947,136.3215,346.2,1.3,1.1,2014-09-30,0424,Aqua,MODIS,91,6.2,304.8,58.6,D,0
-12.6624,136.3294,328.4,1.3,1.1,2014-09-30,0424,Aqua,MODIS,62,6.2,304.9,13.3,D,0
-12.4361,142.3091,324.6,1.2,1.1,2014-09-30,0424,Aqua,MODIS,78,6.2,279.4,23.2,D,0
-12.4248,142.3183,330.6,1.2,1.1,2014-09-30,0424,Aqua,MODIS,79,6.2,277.2,32,D,0
-12.2958,136.8818,322.6,1.2,1.1,2014-09-30,0424,Aqua,MODIS,57,6.2,303.4,10.9,D,0
-12.4366,142.327,336.3,1.2,1.1,2014-09-30,0424,Aqua,MODIS,76,6.2,283.2,38.7,D,0
-12.6962,136.3095,347.7,1.3,1.1,2014-09-30,0424,Aqua,MODIS,92,6.2,303.7,64.3,D,0
-12.4345,142.3199,336,1.2,1.1,2014-09-30,0424,Aqua,MODIS,82,6.2,283.5,42.2,D,0
-12.5795,135.7186,336.7,1.4,1.2,2014-09-30,0424,Aqua,MODIS,61,6.2,300.3,45.3,D,0
-12.8862,134.9284,375.4,1.6,1.3,2014-09-30,0424,Aqua,MODIS,100,6.2,312.3,243.3,D,0
-13.0805,135.6401,331,1.5,1.2,2014-09-30,0424,Aqua,MODIS,75,6.2,307.5,24.8,D,0
-13.0714,135.6251,341.6,1.5,1.2,2014-09-30,0424,Aqua,MODIS,87,6.2,310.8,53.5,D,0
-13.0697,135.6387,349.9,1.5,1.2,2014-09-30,0424,Aqua,MODIS,94,6.2,310.7,80.7,D,0
-12.8881,134.9133,335.5,1.6,1.3,2014-09-30,0424,Aqua,MODIS,64,6.2,308.9,36.4,D,0
-12.3256,141.917,318,1.1,1.1,2014-09-30,0424,Aqua,MODIS,65,6.2,273.9,15.3,D,0
-13.0524,136.1447,329.1,1.4,1.2,2014-09-30,0424,Aqua,MODIS,72,6.2,305.5,23.5,D,0
-13.0508,136.1572,328.6,1.4,1.2,2014-09-30,0424,Aqua,MODIS,67,6.2,304.8,24.3,D,0
-12.986,135.8242,326.4,1.4,1.2,2014-09-30,0424,Aqua,MODIS,27,6.2,306.7,16.1,D,0
-12.98,135.8298,328.5,1.4,1.2,2014-09-30,0424,Aqua,MODIS,29,6.2,306,20.2,D,0
-12.4341,133.9767,331.4,1.9,1.3,2014-09-30,0424,Aqua,MODIS,66,6.2,308,41.4,D,0
-12.8744,135.197,328.5,1.6,1.2,2014-09-30,0424,Aqua,MODIS,50,6.2,311.4,13.3,D,0
-12.8372,135.0431,334.7,1.6,1.2,2014-09-30,0424,Aqua,MODIS,81,6.2,308.4,35.1,D,0
-11.412,131.1409,318.7,3.1,1.7,2014-09-30,0424,Aqua,MODIS,59,6.2,295.5,48.6,D,0
-12.9833,135.8035,328.9,1.4,1.2,2014-09-30,0424,Aqua,MODIS,50,6.2,303.4,26.3,D,0
-34.3729,118.8335,313.4,1,1,2014-09-30,0556,Aqua,MODIS,61,6.2,299.8,8,D,0
-32.0645,115.9131,315.5,1.3,1.1,2014-09-30,0557,Aqua,MODIS,51,6.2,300,5.9,D,2
-31.8633,115.8968,315.1,1.3,1.1,2014-09-30,0557,Aqua,MODIS,56,6.2,298.4,6.4,D,0
-31.8649,115.8833,314.2,1.3,1.1,2014-09-30,0557,Aqua,MODIS,51,6.2,299.4,4.9,D,0
-22.7409,122.6052,332.5,1.7,1.3,2014-09-30,0559,Aqua,MODIS,26,6.2,316.5,23.2,D,0
-22.7387,122.6115,334.5,1.7,1.3,2014-09-30,0559,Aqua,MODIS,69,6.2,317.2,31.9,D,0
-22.891,118.0399,354.2,1,1,2014-09-30,0600,Aqua,MODIS,80,6.2,312.7,54.1,D,0
-22.8729,118.0368,345.9,1,1,2014-09-30,0600,Aqua,MODIS,44,6.2,314.8,33.9,D,0
-22.8715,118.0466,357,1,1,2014-09-30,0600,Aqua,MODIS,85,6.2,319.6,57.9,D,0
-22.8895,118.0498,344,1,1,2014-09-30,0600,Aqua,MODIS,86,6.2,290.1,32.3,D,0
-21.4672,117.3981,392,1,1,2014-09-30,0600,Aqua,MODIS,100,6.2,321.3,186.2,D,0
-21.4686,117.3885,383.3,1,1,2014-09-30,0600,Aqua,MODIS,100,6.2,325.6,142.3,D,0
-21.4582,117.3966,374.1,1,1,2014-09-30,0600,Aqua,MODIS,100,6.2,319.8,107.3,D,0
-21.4596,117.3869,350.2,1,1,2014-09-30,0600,Aqua,MODIS,70,6.2,320.2,36.3,D,0
-21.4495,117.3993,332.7,1,1,2014-09-30,0600,Aqua,MODIS,46,6.2,316,11.5,D,0
-21.4509,117.3896,335.3,1,1,2014-09-30,0600,Aqua,MODIS,38,6.2,318.1,14.4,D,0
-21.4447,117.3689,339.6,1,1,2014-09-30,0600,Aqua,MODIS,45,6.2,315,19.8,D,0
-21.4357,117.3674,389.1,1,1,2014-09-30,0600,Aqua,MODIS,100,6.2,321.2,171.9,D,0
-21.4371,117.3577,340.9,1,1,2014-09-30,0600,Aqua,MODIS,48,6.2,317.6,22.8,D,0
-21.4267,117.3658,336,1,1,2014-09-30,0600,Aqua,MODIS,69,6.2,316.8,15.6,D,0
-21.4281,117.3562,340.4,1,1,2014-09-30,0600,Aqua,MODIS,80,6.2,317.2,23.2,D,0
-21.3595,117.3183,351.1,1,1,2014-09-30,0600,Aqua,MODIS,93,6.2,324.3,39.3,D,0
-21.3505,117.3168,366.8,1,1,2014-09-30,0600,Aqua,MODIS,100,6.2,324.8,78.8,D,0
-21.304,117.3189,339,1,1,2014-09-30,0600,Aqua,MODIS,46,6.2,321.2,14.1,D,0
-21.1332,117.1009,332.7,1,1,2014-09-30,0600,Aqua,MODIS,49,6.2,320.5,9.3,D,0
-21.6144,116.2966,453.9,1,1,2014-09-30,0600,Aqua,MODIS,100,6.2,333.9,757.8,D,0
-21.6034,116.3188,338.5,1,1,2014-09-30,0600,Aqua,MODIS,43,6.2,312.8,20.2,D,0
-19.088,126.4439,335.5,3.8,1.8,2014-09-30,0600,Aqua,MODIS,72,6.2,314.9,107.6,D,0
-19.095,126.4089,341.1,3.8,1.8,2014-09-30,0600,Aqua,MODIS,82,6.2,315.6,165.2,D,0
-19.0808,126.4344,341.6,3.8,1.8,2014-09-30,0600,Aqua,MODIS,83,6.2,316.6,168.4,D,0
-19.0877,126.3993,332.9,3.8,1.8,2014-09-30,0600,Aqua,MODIS,65,6.2,317.6,73,D,0
-21.5916,116.3369,334.8,1,1,2014-09-30,0600,Aqua,MODIS,62,6.2,313.6,14.1,D,0
-21.593,116.3271,382.1,1,1,2014-09-30,0600,Aqua,MODIS,100,6.2,319.4,144.5,D,0
-21.5943,116.3174,333.4,1,1,2014-09-30,0600,Aqua,MODIS,38,6.2,314.7,13.6,D,0
-21.5825,116.3354,383.9,1,1,2014-09-30,0600,Aqua,MODIS,100,6.2,318.8,150.1,D,0
-21.5839,116.3257,392.5,1,1,2014-09-30,0600,Aqua,MODIS,100,6.2,325.3,191.7,D,0
-21.5853,116.3159,341.5,1,1,2014-09-30,0600,Aqua,MODIS,60,6.2,316.7,23.2,D,0
-21.5762,116.3144,344.6,1,1,2014-09-30,0600,Aqua,MODIS,55,6.2,316.7,23.8,D,0
-21.5658,116.3227,379.5,1,1,2014-09-30,0600,Aqua,MODIS,100,6.2,321.7,127.6,D,0
-21.5672,116.313,421.3,1,1,2014-09-30,0600,Aqua,MODIS,100,6.2,331.8,385.4,D,0
-21.5581,116.3115,357.5,1,1,2014-09-30,0600,Aqua,MODIS,98,6.2,322.3,55.4,D,0
-21.613,116.3063,483.7,1,1,2014-09-30,0600,Aqua,MODIS,100,6.2,400.1,1259.7,D,0
-21.4852,117.4011,347.6,1,1,2014-09-30,0600,Aqua,MODIS,89,6.2,313.9,38.9,D,0
-21.4866,117.3915,419.2,1,1,2014-09-30,0600,Aqua,MODIS,100,6.2,326.9,370,D,0
-21.488,117.3819,359.6,1,1,2014-09-30,0600,Aqua,MODIS,99,6.2,320.9,65,D,0
-21.4762,117.3996,396.2,1,1,2014-09-30,0600,Aqua,MODIS,100,6.2,319.8,212.7,D,0
-21.4776,117.39,434.9,1,1,2014-09-30,0600,Aqua,MODIS,100,6.2,339.1,515,D,0
-21.479,117.3803,361.2,1,1,2014-09-30,0600,Aqua,MODIS,100,6.2,324.9,68.5,D,0
-21.4804,117.3707,335.2,1,1,2014-09-30,0600,Aqua,MODIS,33,6.2,317.2,15.4,D,0
-21.6047,116.3091,442.7,1,1,2014-09-30,0600,Aqua,MODIS,100,6.2,339.6,611.2,D,0
-21.6074,116.2896,434,1,1,2014-09-30,0600,Aqua,MODIS,100,6.2,340.5,515.3,D,0
-21.6221,116.3078,343.6,1,1,2014-09-30,0600,Aqua,MODIS,85,6.2,307.8,33.5,D,0
-21.6117,116.3161,360.5,1,1,2014-09-30,0600,Aqua,MODIS,100,6.2,312.2,70.7,D,0
-21.6061,116.2993,456.3,1,1,2014-09-30,0600,Aqua,MODIS,100,6.2,400.1,788.8,D,0
-20.4527,119.0089,345.6,1.1,1.1,2014-09-30,0600,Aqua,MODIS,87,6.2,325.2,32.4,D,0
-20.4544,118.9982,338.8,1.1,1.1,2014-09-30,0600,Aqua,MODIS,64,6.2,322.9,17.7,D,0
-21.5957,116.3076,386,1,1,2014-09-30,0600,Aqua,MODIS,100,6.2,319.1,161.2,D,0
-21.597,116.2979,391.8,1,1,2014-09-30,0600,Aqua,MODIS,100,6.2,328,186.1,D,0
-21.5984,116.2881,409.4,1,1,2014-09-30,0600,Aqua,MODIS,100,6.2,336.6,296.2,D,0
-21.5997,116.2784,346,1,1,2014-09-30,0600,Aqua,MODIS,82,6.2,320.1,31.7,D,0
-21.588,116.2964,351.9,1,1,2014-09-30,0600,Aqua,MODIS,76,6.2,318.6,42.1,D,0
-21.5789,116.295,356.1,1,1,2014-09-30,0600,Aqua,MODIS,93,6.2,318.6,47.9,D,0
-21.583,116.2657,342.7,1,1,2014-09-30,0600,Aqua,MODIS,56,6.2,319.5,24.1,D,0
-21.5712,116.2837,351.7,1,1,2014-09-30,0600,Aqua,MODIS,71,6.2,321.3,34.3,D,0
-21.5739,116.2642,370.6,1,1,2014-09-30,0600,Aqua,MODIS,100,6.2,322.9,91.8,D,0
-21.5622,116.2823,401.9,1,1,2014-09-30,0600,Aqua,MODIS,100,6.2,325.7,236.5,D,0
-21.5635,116.2725,399.6,1,1,2014-09-30,0600,Aqua,MODIS,100,6.2,329.3,224.1,D,0
-16.8937,125.9035,330.6,3.8,1.8,2014-09-30,0601,Aqua,MODIS,67,6.2,312.6,94.1,D,0
-16.8892,125.8975,327,3.8,1.8,2014-09-30,0601,Aqua,MODIS,48,6.2,312.5,57.3,D,0
-18.0153,123.9708,358.1,2.6,1.6,2014-09-30,0601,Aqua,MODIS,98,6.2,314.4,257.9,D,0
-18.0015,123.9678,347.4,2.6,1.6,2014-09-30,0601,Aqua,MODIS,90,6.2,311.5,157.5,D,0
-18.0061,123.9433,331,2.6,1.6,2014-09-30,0601,Aqua,MODIS,28,6.2,310.1,51.2,D,0
-18.002,124.0428,340,2.7,1.6,2014-09-30,0601,Aqua,MODIS,68,6.2,316.7,79.5,D,0
-17.9879,124.0407,337.3,2.7,1.6,2014-09-30,0601,Aqua,MODIS,55,6.2,319,60.8,D,0
-17.9924,124.0162,359.3,2.6,1.6,2014-09-30,0601,Aqua,MODIS,99,6.2,314.2,251,D,0
-17.9785,124.0136,359.5,2.6,1.6,2014-09-30,0601,Aqua,MODIS,99,6.2,315.7,252.3,D,0
-17.5031,124.1745,367.3,2.8,1.6,2014-09-30,0601,Aqua,MODIS,100,6.2,310.8,387.4,D,0
-17.2301,126.9814,341.9,4.5,2,2014-09-30,0601,Aqua,MODIS,84,6.2,306.3,245.7,D,0
-17.2218,127.0235,332.7,4.6,2,2014-09-30,0601,Aqua,MODIS,56,6.2,309.7,113.1,D,0
-17.2288,126.9849,345.4,4.5,2,2014-09-30,0601,Aqua,MODIS,88,6.2,306.6,314.2,D,0
-17.2203,127.027,329.8,4.6,2,2014-09-30,0601,Aqua,MODIS,50,6.2,309.9,88.1,D,0
-17.2466,127.0771,340.6,4.6,2,2014-09-30,0601,Aqua,MODIS,83,6.2,309.4,234.6,D,0
-17.2468,127.0857,341.3,4.6,2,2014-09-30,0601,Aqua,MODIS,84,6.2,309.7,254.5,D,0
-17.0562,127.1111,335.5,4.7,2,2014-09-30,0601,Aqua,MODIS,75,6.2,309.2,182.7,D,0
-17.0559,127.1194,339.9,4.7,2,2014-09-30,0601,Aqua,MODIS,82,6.2,309.4,244.3,D,0
-17.0475,127.1544,342,4.7,2,2014-09-30,0601,Aqua,MODIS,85,6.2,308.9,284.9,D,0
-17.0565,127.2018,354.7,4.7,2,2014-09-30,0601,Aqua,MODIS,96,6.2,309.4,537.7,D,0
-17.0477,127.2457,335.1,4.8,2,2014-09-30,0601,Aqua,MODIS,75,6.2,306.1,188.2,D,0
-17.0469,127.1629,336.3,4.7,2,2014-09-30,0601,Aqua,MODIS,77,6.2,308.6,194,D,0
-17.0555,127.2101,359.2,4.7,2,2014-09-30,0601,Aqua,MODIS,99,6.2,309.1,644.8,D,0
-17.1174,126.9988,327.6,4.6,2,2014-09-30,0601,Aqua,MODIS,31,6.2,308.7,91.3,D,0
-17.2127,126.9772,332.7,4.5,2,2014-09-30,0601,Aqua,MODIS,44,6.2,307.7,122.8,D,0
-17.2464,126.8983,328.6,4.5,1.9,2014-09-30,0601,Aqua,MODIS,24,6.2,303.8,119.8,D,0
-17.2383,126.9396,338,4.5,2,2014-09-30,0601,Aqua,MODIS,62,6.2,303.9,211.2,D,0
-17.2457,126.902,336,4.5,1.9,2014-09-30,0601,Aqua,MODIS,68,6.2,304,205.4,D,0
-17.5708,124.22,348.3,2.8,1.6,2014-09-30,0601,Aqua,MODIS,91,6.2,312.1,165.3,D,0
-17.5565,124.217,346.8,2.8,1.6,2014-09-30,0601,Aqua,MODIS,90,6.2,309.9,150.7,D,0
-17.5423,124.2142,357.8,2.8,1.6,2014-09-30,0601,Aqua,MODIS,98,6.2,309.3,261.8,D,0
-17.528,124.2112,359.9,2.8,1.6,2014-09-30,0601,Aqua,MODIS,99,6.2,304.5,286.7,D,0
-17.5696,124.215,347.5,2.8,1.6,2014-09-30,0601,Aqua,MODIS,90,6.2,311,156.3,D,0
-17.5553,124.2121,355.7,2.8,1.6,2014-09-30,0601,Aqua,MODIS,97,6.2,308.8,236.8,D,0
-17.541,124.2092,364.4,2.8,1.6,2014-09-30,0601,Aqua,MODIS,100,6.2,308.8,342,D,0
-17.5268,124.2062,370.7,2.8,1.6,2014-09-30,0601,Aqua,MODIS,100,6.2,305.1,427.2,D,0
-17.5138,123.4633,331.3,2.5,1.5,2014-09-30,0601,Aqua,MODIS,65,6.2,309,53.5,D,0
-17.518,123.4404,329.4,2.4,1.5,2014-09-30,0601,Aqua,MODIS,57,6.2,308.4,42,D,0
-17.5078,123.4568,360.3,2.5,1.5,2014-09-30,0601,Aqua,MODIS,100,6.2,311.6,256.7,D,0
-17.5119,123.4337,334.5,2.4,1.5,2014-09-30,0601,Aqua,MODIS,50,6.2,309.9,59.7,D,0
-17.0108,124.2582,368.2,2.9,1.6,2014-09-30,0601,Aqua,MODIS,100,6.2,304.2,449.2,D,0
-16.9964,124.2552,352.9,2.9,1.6,2014-09-30,0601,Aqua,MODIS,95,6.2,305.1,248.4,D,0
-17.0059,124.2803,341,2.9,1.6,2014-09-30,0601,Aqua,MODIS,77,6.2,306.6,131.5,D,0
-17.0108,124.2533,356.4,2.9,1.6,2014-09-30,0601,Aqua,MODIS,97,6.2,303.6,289.6,D,0
-17.5003,123.4606,355.6,2.5,1.5,2014-09-30,0601,Aqua,MODIS,97,6.2,312.9,215.4,D,0
-17.4825,123.4809,335.8,2.5,1.5,2014-09-30,0601,Aqua,MODIS,39,6.2,312.9,74,D,0
-17.4868,123.4578,337.8,2.5,1.5,2014-09-30,0601,Aqua,MODIS,62,6.2,314.3,80.5,D,0
-17.4902,123.477,335,2.5,1.5,2014-09-30,0601,Aqua,MODIS,44,6.2,311.9,67.5,D,0
-17.4943,123.4539,331.7,2.5,1.5,2014-09-30,0601,Aqua,MODIS,10,6.2,312.7,48,D,0
-17.5615,124.191,335.5,2.8,1.6,2014-09-30,0601,Aqua,MODIS,25,6.2,304.2,78.4,D,0
-17.5664,124.1652,335.2,2.8,1.6,2014-09-30,0601,Aqua,MODIS,67,6.2,304.7,89.1,D,0
-17.5472,124.1881,344.3,2.8,1.6,2014-09-30,0601,Aqua,MODIS,83,6.2,303.6,146.6,D,0
-17.533,124.1853,379.1,2.8,1.6,2014-09-30,0601,Aqua,MODIS,100,6.2,307.4,582.1,D,0
-17.5648,124.1603,332,2.8,1.6,2014-09-30,0601,Aqua,MODIS,63,6.2,304.5,73.6,D,0
-17.5458,124.1832,334.2,2.8,1.6,2014-09-30,0601,Aqua,MODIS,40,6.2,302.9,73.2,D,0
-17.5316,124.1803,371,2.8,1.6,2014-09-30,0601,Aqua,MODIS,100,6.2,306.9,445.5,D,0
-17.5125,124.2033,342,2.8,1.6,2014-09-30,0601,Aqua,MODIS,83,6.2,309.3,107.1,D,0
-17.0202,124.2882,354.3,2.9,1.6,2014-09-30,0601,Aqua,MODIS,96,6.2,306.7,268.4,D,0
-17.0253,124.2611,353.2,2.9,1.6,2014-09-30,0601,Aqua,MODIS,95,6.2,303.2,262.4,D,0
-17.0014,124.2286,354.8,2.9,1.6,2014-09-30,0601,Aqua,MODIS,96,6.2,302.9,273.6,D,0
-16.9964,124.2502,358.8,2.9,1.6,2014-09-30,0601,Aqua,MODIS,99,6.2,304.9,312.1,D,0
-17.0012,124.2235,342.8,2.9,1.6,2014-09-30,0601,Aqua,MODIS,77,6.2,302.1,155.3,D,0
-16.9777,124.1958,331.6,2.9,1.6,2014-09-30,0601,Aqua,MODIS,28,6.2,299.4,78.6,D,0
-16.958,124.2143,338.3,2.9,1.6,2014-09-30,0601,Aqua,MODIS,59,6.2,304.4,112.3,D,0
-16.9436,124.2113,330.9,2.9,1.6,2014-09-30,0601,Aqua,MODIS,26,6.2,304.2,61.2,D,0
-17.4243,124.0975,346.7,2.8,1.6,2014-09-30,0601,Aqua,MODIS,90,6.2,315,158.5,D,0
-17.4384,124.1004,346.4,2.8,1.6,2014-09-30,0601,Aqua,MODIS,89,6.2,314.2,153.7,D,0
-17.4337,124.126,342.7,2.8,1.6,2014-09-30,0601,Aqua,MODIS,85,6.2,315.8,120.8,D,0
-17.4526,124.1033,356,2.8,1.6,2014-09-30,0601,Aqua,MODIS,97,6.2,310.7,248.9,D,0
-17.4479,124.1289,368.9,2.8,1.6,2014-09-30,0601,Aqua,MODIS,100,6.2,312,404.7,D,0
-17.4431,124.1547,339.1,2.8,1.6,2014-09-30,0601,Aqua,MODIS,72,6.2,311.6,88.8,D,0
-17.4621,124.1318,366.4,2.8,1.6,2014-09-30,0601,Aqua,MODIS,100,6.2,308.1,372.3,D,0
-17.4573,124.1577,368.1,2.8,1.6,2014-09-30,0601,Aqua,MODIS,100,6.2,312.3,391.5,D,0
-17.4763,124.1347,353.3,2.8,1.6,2014-09-30,0601,Aqua,MODIS,95,6.2,306.6,217.3,D,0
-17.4715,124.1606,353.9,2.8,1.6,2014-09-30,0601,Aqua,MODIS,95,6.2,312.7,217,D,0
-17.4858,124.1635,345.4,2.8,1.6,2014-09-30,0601,Aqua,MODIS,76,6.2,312.1,134.8,D,0
-17.4561,124.1116,348.8,2.8,1.6,2014-09-30,0601,Aqua,MODIS,91,6.2,308.7,184.2,D,0
-17.4512,124.1372,364.3,2.8,1.6,2014-09-30,0601,Aqua,MODIS,100,6.2,309.7,345.3,D,0
-17.4462,124.163,348.4,2.8,1.6,2014-09-30,0601,Aqua,MODIS,91,6.2,311.8,165.7,D,0
-17.4654,124.1401,381.7,2.8,1.6,2014-09-30,0601,Aqua,MODIS,100,6.2,309.8,618.2,D,0
-17.4604,124.1659,343.9,2.8,1.6,2014-09-30,0601,Aqua,MODIS,85,6.2,313.2,127.2,D,0
-17.4796,124.143,350.9,2.8,1.6,2014-09-30,0601,Aqua,MODIS,93,6.2,307.5,195.5,D,0
-17.4747,124.1688,337.3,2.8,1.6,2014-09-30,0601,Aqua,MODIS,47,6.2,313.8,77.2,D,0
-17.4938,124.1459,352.2,2.8,1.6,2014-09-30,0601,Aqua,MODIS,94,6.2,307.8,212.4,D,0
-17.4889,124.1716,342.8,2.8,1.6,2014-09-30,0601,Aqua,MODIS,66,6.2,312.3,118.9,D,0
-17.508,124.1488,338.1,2.8,1.6,2014-09-30,0601,Aqua,MODIS,70,6.2,306,100.6,D,0
-17.5174,124.1774,371.9,2.8,1.6,2014-09-30,0601,Aqua,MODIS,100,6.2,309,457.2,D,0
-16.9474,122.977,353.2,2.3,1.5,2014-09-30,0601,Aqua,MODIS,96,6.2,311.7,176,D,0
-17.1169,126.9903,329.8,4.6,2,2014-09-30,0601,Aqua,MODIS,59,6.2,308.3,116.7,D,0
-17.9191,123.9211,339.6,2.6,1.6,2014-09-30,0601,Aqua,MODIS,81,6.2,310.6,106.8,D,0
-17.9146,123.9455,363.4,2.6,1.6,2014-09-30,0601,Aqua,MODIS,100,6.2,310.6,319.7,D,0
-17.9101,123.9698,336.8,2.6,1.6,2014-09-30,0601,Aqua,MODIS,69,6.2,310.6,79.8,D,0
-17.933,123.924,335.3,2.6,1.6,2014-09-30,0601,Aqua,MODIS,74,6.2,309.2,82.3,D,0
-17.9285,123.9483,365.4,2.6,1.6,2014-09-30,0601,Aqua,MODIS,100,6.2,311.8,344.2,D,0
-17.9239,123.9728,338.6,2.6,1.6,2014-09-30,0601,Aqua,MODIS,67,6.2,312,90.6,D,0
-16.9211,122.9718,333.4,2.3,1.5,2014-09-30,0601,Aqua,MODIS,59,6.2,310.3,46,D,0
-16.9519,122.9404,352.5,2.3,1.5,2014-09-30,0601,Aqua,MODIS,95,6.2,310.1,173.6,D,0
-16.944,122.9836,343.3,2.3,1.5,2014-09-30,0601,Aqua,MODIS,88,6.2,312.3,107.1,D,0
-16.955,122.9337,338.8,2.3,1.5,2014-09-30,0601,Aqua,MODIS,79,6.2,308.1,86,D,0
-16.9512,122.9553,363.2,2.3,1.5,2014-09-30,0601,Aqua,MODIS,100,6.2,311.3,262.8,D,0
-16.948,122.9619,362.7,2.3,1.5,2014-09-30,0601,Aqua,MODIS,100,6.2,311.2,257.4,D,0
-16.9064,122.902,333.2,2.3,1.5,2014-09-30,0601,Aqua,MODIS,40,6.2,310.3,52.3,D,0
-30.294,148.9013,302.5,4.7,2,2014-09-30,1343,Terra,MODIS,44,6.2,284,74.1,N,0
-19.0916,126.4281,317.2,2.3,1.5,2014-09-30,1347,Terra,MODIS,95,6.2,297,44.7,N,0
-19.0939,126.4059,308.9,2.3,1.5,2014-09-30,1347,Terra,MODIS,76,6.2,296.9,23.8,N,0
-19.096,126.4231,316,2.3,1.5,2014-09-30,1347,Terra,MODIS,92,6.2,297,39,N,0
-16.6893,130.9513,313,1.1,1,2014-09-30,1348,Terra,MODIS,85,6.2,296.8,10.3,N,0
-16.6705,130.9486,315.4,1.1,1,2014-09-30,1348,Terra,MODIS,90,6.2,297.6,12.2,N,0
-16.6732,130.928,308.8,1.1,1,2014-09-30,1348,Terra,MODIS,73,6.2,297.1,6.9,N,0
-16.6611,130.9472,319,1.1,1,2014-09-30,1348,Terra,MODIS,98,6.2,296.1,16.1,N,0
-16.6638,130.9266,310.2,1.1,1,2014-09-30,1348,Terra,MODIS,77,6.2,297.1,8.2,N,0
-16.726,130.9312,310.5,1.1,1,2014-09-30,1348,Terra,MODIS,52,6.2,297.6,7.9,N,0
-18.0398,123.9516,307.8,3.5,1.8,2014-09-30,1348,Terra,MODIS,68,6.2,295.8,38.7,N,0
-18.0271,123.9789,315,3.4,1.7,2014-09-30,1348,Terra,MODIS,89,6.2,295.2,69.6,N,0
-18.0303,123.9461,332.5,3.5,1.8,2014-09-30,1348,Terra,MODIS,100,6.2,296.3,187.4,N,0
-17.9639,123.9724,306.8,3.4,1.7,2014-09-30,1348,Terra,MODIS,55,6.2,294.7,34.8,N,0
-17.9511,123.9377,328.2,3.5,1.8,2014-09-30,1348,Terra,MODIS,100,6.2,295,150.5,N,0
-17.9543,123.9644,317.9,3.4,1.7,2014-09-30,1348,Terra,MODIS,95,6.2,294.9,86,N,0
-17.9576,123.9316,322.9,3.5,1.8,2014-09-30,1348,Terra,MODIS,100,6.2,294.9,116.4,N,0
-17.7314,131.7192,314.6,1.1,1,2014-09-30,1348,Terra,MODIS,89,6.2,299,10.8,N,0
-17.7041,131.7294,388,1.1,1,2014-09-30,1348,Terra,MODIS,100,6.2,303.8,199.7,N,0
-17.7654,131.815,309.2,1,1,2014-09-30,1348,Terra,MODIS,59,6.2,297,6.7,N,0
-17.764,131.8248,311,1,1,2014-09-30,1348,Terra,MODIS,81,6.2,297.1,8,N,0
-17.7719,131.836,315,1,1,2014-09-30,1348,Terra,MODIS,76,6.2,296.5,11.9,N,0
-17.7705,131.8458,312.9,1,1,2014-09-30,1348,Terra,MODIS,78,6.2,296.5,10.3,N,0
-17.7784,131.857,311.2,1,1,2014-09-30,1348,Terra,MODIS,47,6.2,295.2,8.7,N,0
-17.777,131.8668,311.7,1,1,2014-09-30,1348,Terra,MODIS,79,6.2,295.8,9.4,N,0
-17.7757,131.8766,307.7,1,1,2014-09-30,1348,Terra,MODIS,60,6.2,295.8,6.4,N,0
-17.7027,131.7393,438.4,1.1,1,2014-09-30,1348,Terra,MODIS,100,6.2,315.3,612.2,N,0
-17.6997,131.8151,318.7,1,1,2014-09-30,1348,Terra,MODIS,97,6.2,297.1,14.3,N,0
-17.697,131.8347,331.6,1,1,2014-09-30,1348,Terra,MODIS,100,6.2,296.3,30.5,N,0
-17.6957,131.8445,320.9,1,1,2014-09-30,1348,Terra,MODIS,100,6.2,296,17.3,N,0
-17.7089,131.8165,344,1,1,2014-09-30,1348,Terra,MODIS,100,6.2,301.1,49.7,N,0
-17.7075,131.8263,330.3,1,1,2014-09-30,1348,Terra,MODIS,100,6.2,299,27.4,N,0
-17.8088,131.4242,314.7,1.1,1,2014-09-30,1348,Terra,MODIS,90,6.2,295.6,12.3,N,0
-17.7981,131.433,336.3,1.1,1,2014-09-30,1348,Terra,MODIS,100,6.2,298.6,40,N,0
-17.7995,131.4228,329.7,1.1,1,2014-09-30,1348,Terra,MODIS,100,6.2,298.9,29.5,N,0
-17.7888,131.4316,319.1,1.1,1,2014-09-30,1348,Terra,MODIS,98,6.2,296.7,15.9,N,0
-17.7781,131.4403,310.9,1.1,1,2014-09-30,1348,Terra,MODIS,40,6.2,295.8,8.8,N,0
-17.7795,131.4302,321.6,1.1,1,2014-09-30,1348,Terra,MODIS,66,6.2,297.5,17.7,N,0
-17.7808,131.4201,325.9,1.1,1,2014-09-30,1348,Terra,MODIS,98,6.2,298.1,20.9,N,0
-17.7014,131.7492,452.7,1.1,1,2014-09-30,1348,Terra,MODIS,100,6.2,317.8,798.9,N,0
-17.7,131.759,404.3,1.1,1,2014-09-30,1348,Terra,MODIS,100,6.2,306.3,296.9,N,0
-17.7374,131.9506,307.8,1,1,2014-09-30,1348,Terra,MODIS,71,6.2,294.6,7,N,0
-17.7073,131.9659,317.7,1,1,2014-09-30,1348,Terra,MODIS,96,6.2,295.9,15.5,N,0
-17.7087,131.9562,310.1,1,1,2014-09-30,1348,Terra,MODIS,79,6.2,295.9,8.6,N,0
-17.6987,131.7689,325.1,1,1,2014-09-30,1348,Terra,MODIS,100,6.2,298.3,21.5,N,0
-17.7182,131.6768,311.6,1.1,1,2014-09-30,1348,Terra,MODIS,74,6.2,296.3,8.4,N,0
-17.7169,131.6867,310.5,1.1,1,2014-09-30,1348,Terra,MODIS,27,6.2,297.6,6.7,N,0
-17.7156,131.6966,446.9,1.1,1,2014-09-30,1348,Terra,MODIS,100,6.2,315.2,723.4,N,0
-17.7142,131.7065,459.6,1.1,1,2014-09-30,1348,Terra,MODIS,100,6.2,324.3,908.1,N,0
-17.7822,131.4099,321.5,1.1,1,2014-09-30,1348,Terra,MODIS,93,6.2,298.5,17.6,N,0
-17.7129,131.7164,375.7,1.1,1,2014-09-30,1348,Terra,MODIS,100,6.2,303.7,142,N,0
-17.7116,131.7263,363.7,1.1,1,2014-09-30,1348,Terra,MODIS,100,6.2,302.3,99.3,N,0
-17.7103,131.7362,448.3,1.1,1,2014-09-30,1348,Terra,MODIS,100,6.2,323.2,737.4,N,0
-17.7089,131.7461,481.8,1.1,1,2014-09-30,1348,Terra,MODIS,100,6.2,337.2,1306.4,N,0
-17.7076,131.756,482.7,1.1,1,2014-09-30,1348,Terra,MODIS,100,6.2,338.6,1321.6,N,0
-17.8368,131.4284,308.1,1.1,1,2014-09-30,1348,Terra,MODIS,73,6.2,295.3,8.2,N,0
-17.8433,131.4254,351.5,1.1,1,2014-09-30,1348,Terra,MODIS,100,6.2,297.8,71.4,N,0
-17.842,131.4355,315.1,1.1,1,2014-09-30,1348,Terra,MODIS,90,6.2,295.3,13,N,0
-17.8527,131.4268,318.4,1.1,1,2014-09-30,1348,Terra,MODIS,97,6.2,297.2,16.6,N,0
-17.7915,131.4113,351.4,1.1,1,2014-09-30,1348,Terra,MODIS,100,6.2,300.8,69.9,N,0
-17.7902,131.4214,340.7,1.1,1,2014-09-30,1348,Terra,MODIS,100,6.2,299.3,45.7,N,0
-17.8009,131.4127,308.2,1.1,1,2014-09-30,1348,Terra,MODIS,67,6.2,297.1,7.3,N,0
-17.8447,131.4153,336.8,1.1,1,2014-09-30,1348,Terra,MODIS,100,6.2,297.3,40.9,N,0
-17.6757,132.1292,310,1,1,2014-09-30,1348,Terra,MODIS,79,6.2,296.2,8.1,N,0
-17.6679,132.1182,312.6,1,1,2014-09-30,1348,Terra,MODIS,85,6.2,296.5,10.4,N,0
-17.7063,131.7658,446,1.1,1,2014-09-30,1348,Terra,MODIS,100,6.2,324.5,702.8,N,0
-17.705,131.7757,388.7,1,1,2014-09-30,1348,Terra,MODIS,100,6.2,307.3,199.9,N,0
-17.7036,131.7855,325.3,1,1,2014-09-30,1348,Terra,MODIS,100,6.2,298.1,19.4,N,0
-17.7023,131.7954,325.7,1,1,2014-09-30,1348,Terra,MODIS,100,6.2,297.2,20.5,N,0
-17.701,131.8052,383.3,1,1,2014-09-30,1348,Terra,MODIS,100,6.2,301,175.2,N,0
-17.7248,131.698,388.8,1.1,1,2014-09-30,1348,Terra,MODIS,100,6.2,308.7,205.2,N,0
-17.7235,131.7079,379.1,1.1,1,2014-09-30,1348,Terra,MODIS,100,6.2,314.7,157.6,N,0
-17.7221,131.7178,346.6,1.1,1,2014-09-30,1348,Terra,MODIS,100,6.2,306.8,55.6,N,0
-17.7208,131.7277,335.7,1.1,1,2014-09-30,1348,Terra,MODIS,100,6.2,302.2,34.6,N,0
-17.7688,131.4389,320.4,1.1,1,2014-09-30,1348,Terra,MODIS,100,6.2,297.2,18.1,N,0
-17.7702,131.4288,320.8,1.1,1,2014-09-30,1348,Terra,MODIS,100,6.2,298.3,17.9,N,0
-17.7729,131.4085,327.1,1.1,1,2014-09-30,1348,Terra,MODIS,100,6.2,298.5,25.5,N,0
-17.7742,131.3984,308.3,1.1,1,2014-09-30,1348,Terra,MODIS,69,6.2,297.1,6.7,N,0
-17.7595,131.4376,310,1.1,1,2014-09-30,1348,Terra,MODIS,79,6.2,295.3,9,N,0
-17.7608,131.4274,325.7,1.1,1,2014-09-30,1348,Terra,MODIS,100,6.2,297.5,24.6,N,0
-17.7622,131.4173,328.8,1.1,1,2014-09-30,1348,Terra,MODIS,100,6.2,298.6,26.9,N,0
-17.7635,131.4071,312.7,1.1,1,2014-09-30,1348,Terra,MODIS,85,6.2,298.1,9.9,N,0
-17.729,131.4066,308.5,1.1,1,2014-09-30,1348,Terra,MODIS,74,6.2,295.1,7.7,N,0
-17.7195,131.7376,322.5,1.1,1,2014-09-30,1348,Terra,MODIS,100,6.2,301.4,16.2,N,0
-17.7181,131.7475,325.3,1.1,1,2014-09-30,1348,Terra,MODIS,100,6.2,302.3,19,N,0
-17.7168,131.7573,322.4,1.1,1,2014-09-30,1348,Terra,MODIS,100,6.2,301.8,15.2,N,0
-17.7155,131.7672,318.9,1.1,1,2014-09-30,1348,Terra,MODIS,98,6.2,301.6,10.3,N,0
-17.7142,131.7771,324.2,1,1,2014-09-30,1348,Terra,MODIS,100,6.2,302.5,16.5,N,0
-17.7128,131.7869,323.2,1,1,2014-09-30,1348,Terra,MODIS,100,6.2,300.9,16.2,N,0
-17.7115,131.7968,314.2,1,1,2014-09-30,1348,Terra,MODIS,70,6.2,299.5,7.8,N,0
-17.7102,131.8066,353.5,1,1,2014-09-30,1348,Terra,MODIS,100,6.2,303.9,70.2,N,0
-17.73,131.7291,317.4,1.1,1,2014-09-30,1348,Terra,MODIS,95,6.2,300.8,12.9,N,0
-17.4757,132.5151,306.2,1,1,2014-09-30,1348,Terra,MODIS,65,6.2,294.8,6,N,0
-17.7287,131.739,315.3,1.1,1,2014-09-30,1348,Terra,MODIS,32,6.2,300.6,9.5,N,0
-17.7274,131.7489,313.8,1.1,1,2014-09-30,1348,Terra,MODIS,52,6.2,300.1,7.5,N,0
-17.7207,131.7982,310.5,1,1,2014-09-30,1348,Terra,MODIS,56,6.2,298.6,5.1,N,0
-17.7379,131.7404,315.1,1.1,1,2014-09-30,1348,Terra,MODIS,77,6.2,297.8,10.4,N,0
-17.7061,131.906,310.4,1,1,2014-09-30,1348,Terra,MODIS,74,6.2,296.1,7.8,N,0
-17.7126,131.927,308.1,1,1,2014-09-30,1348,Terra,MODIS,32,6.2,296.1,5.9,N,0
-17.7113,131.9367,316,1,1,2014-09-30,1348,Terra,MODIS,92,6.2,296.4,12.7,N,0
-17.7336,131.9102,307.7,1,1,2014-09-30,1348,Terra,MODIS,50,6.2,296.7,5.5,N,0
-17.7388,131.9409,310.3,1,1,2014-09-30,1348,Terra,MODIS,80,6.2,295.8,8.6,N,0
-17.7796,131.9035,313.3,1,1,2014-09-30,1348,Terra,MODIS,72,6.2,296.1,10.3,N,0
-17.7887,131.9049,308,1,1,2014-09-30,1348,Terra,MODIS,31,6.2,294.6,6.8,N,0
-17.7062,131.8361,361.6,1,1,2014-09-30,1348,Terra,MODIS,100,6.2,301.9,93.5,N,0
-17.7049,131.8459,375.9,1,1,2014-09-30,1348,Terra,MODIS,100,6.2,304.8,143.4,N,0
-17.7036,131.8557,320.1,1,1,2014-09-30,1348,Terra,MODIS,100,6.2,298.4,15.6,N,0
-17.7022,131.8655,347.1,1,1,2014-09-30,1348,Terra,MODIS,100,6.2,299.1,57.1,N,0
-17.7101,131.8767,309.5,1,1,2014-09-30,1348,Terra,MODIS,52,6.2,297.3,6.6,N,0
-17.71,131.9465,321.6,1,1,2014-09-30,1348,Terra,MODIS,100,6.2,296.8,18.5,N,0
-17.6935,131.7379,307.8,1.1,1,2014-09-30,1348,Terra,MODIS,50,6.2,296.9,5.4,N,0
-17.6922,131.7478,307.9,1.1,1,2014-09-30,1348,Terra,MODIS,50,6.2,297.1,5.6,N,0
-17.7081,131.6998,315.9,1.1,1,2014-09-30,1348,Terra,MODIS,92,6.2,297.8,12.2,N,0
-17.7068,131.7096,314.5,1.1,1,2014-09-30,1348,Terra,MODIS,82,6.2,296.9,10.4,N,0
-17.7054,131.7195,318.2,1.1,1,2014-09-30,1348,Terra,MODIS,96,6.2,297.2,13.6,N,0
-15.5903,136.8674,307.1,1.5,1.2,2014-09-30,1348,Terra,MODIS,70,6.2,294.5,10.6,N,0
-17.1578,126.9191,306.3,2,1.4,2014-09-30,1348,Terra,MODIS,38,6.2,294.5,14.6,N,0
-16.1532,127.9161,309,1.6,1.3,2014-09-30,1348,Terra,MODIS,71,6.2,297,11.6,N,0
-17.2137,126.8932,313.4,2,1.4,2014-09-30,1348,Terra,MODIS,84,6.2,295.8,28.1,N,0
-17.2545,127.0877,310.5,2,1.4,2014-09-30,1348,Terra,MODIS,76,6.2,296.1,20.5,N,0
-17.511,130.6079,312.4,1.2,1.1,2014-09-30,1348,Terra,MODIS,84,6.2,297.2,11,N,0
-17.5221,130.5984,314.4,1.2,1.1,2014-09-30,1348,Terra,MODIS,88,6.2,298.2,12.9,N,0
-17.1724,126.9017,305,2,1.4,2014-09-30,1348,Terra,MODIS,13,6.2,294.4,12.8,N,0
-16.6107,130.5603,312.5,1.1,1.1,2014-09-30,1348,Terra,MODIS,83,6.2,298.2,9.9,N,0
-17.0332,127.104,307.3,1.9,1.4,2014-09-30,1348,Terra,MODIS,52,6.2,296.5,14.1,N,0
-17.3992,127.674,306.6,1.8,1.3,2014-09-30,1348,Terra,MODIS,55,6.2,295.6,12.4,N,0
-16.155,127.9008,307.1,1.6,1.3,2014-09-30,1348,Terra,MODIS,57,6.2,296.8,8.9,N,0
-16.6093,130.571,311.3,1.1,1.1,2014-09-30,1348,Terra,MODIS,79,6.2,298.4,8.9,N,0
-17.5138,130.5861,308.1,1.2,1.1,2014-09-30,1348,Terra,MODIS,71,6.2,296.7,7.6,N,0
-16.1514,127.9307,310,1.6,1.3,2014-09-30,1348,Terra,MODIS,75,6.2,297.7,12.8,N,0
-17.5124,130.597,327.8,1.2,1.1,2014-09-30,1348,Terra,MODIS,100,6.2,298.7,29.9,N,0
-17.5207,130.6092,318.6,1.2,1.1,2014-09-30,1348,Terra,MODIS,97,6.2,298.4,17.4,N,0
-17.2524,127.1061,311.5,2,1.4,2014-09-30,1348,Terra,MODIS,79,6.2,295.8,22,N,0
-15.5601,127.541,317.9,1.7,1.3,2014-09-30,1348,Terra,MODIS,96,6.2,297.9,27.4,N,0
-17.212,126.8874,313.2,2,1.4,2014-09-30,1348,Terra,MODIS,84,6.2,296,29.8,N,0
-15.5581,127.5574,328.5,1.7,1.3,2014-09-30,1348,Terra,MODIS,100,6.2,297.9,51.9,N,0
-17.2408,126.877,307.1,2,1.4,2014-09-30,1348,Terra,MODIS,59,6.2,295.1,16.8,N,0
-17.2881,126.9275,305.6,2,1.4,2014-09-30,1348,Terra,MODIS,54,6.2,294.5,15.1,N,0
-13.0821,130.3399,304,1.1,1,2014-09-30,1349,Terra,MODIS,58,6.2,292,5.9,N,0
-13.401,131.3587,311.4,1,1,2014-09-30,1349,Terra,MODIS,46,6.2,293.9,7.3,N,0
-13.0286,131.3932,311.2,1,1,2014-09-30,1349,Terra,MODIS,82,6.2,294.7,8.1,N,0
-12.8213,132.8474,305.9,1,1,2014-09-30,1349,Terra,MODIS,7,6.2,294.7,4.1,N,0
-14.2477,133.9151,384.9,1.1,1,2014-09-30,1349,Terra,MODIS,100,6.2,303.2,186.6,N,0
-14.2748,133.8597,306.5,1.1,1,2014-09-30,1349,Terra,MODIS,34,6.2,296.1,4.8,N,0
-12.8226,132.8381,308.5,1,1,2014-09-30,1349,Terra,MODIS,45,6.2,294.7,5.8,N,0
-14.2463,133.9249,339.4,1.1,1,2014-09-30,1349,Terra,MODIS,100,6.2,297.9,42.6,N,0
-14.3022,133.85,312,1.1,1,2014-09-30,1349,Terra,MODIS,43,6.2,296.9,7.8,N,0
-14.2492,133.9053,336.6,1.1,1,2014-09-30,1349,Terra,MODIS,100,6.2,298.2,38,N,0
-13.1027,131.1273,308,1,1,2014-09-30,1349,Terra,MODIS,41,6.2,293.8,7.6,N,0
-14.3037,133.8403,313.2,1.1,1,2014-09-30,1349,Terra,MODIS,38,6.2,297,8.7,N,0
-13.0273,131.4025,305.1,1,1,2014-09-30,1349,Terra,MODIS,56,6.2,294.3,4,N,0
-13.0195,131.3918,306.1,1,1,2014-09-30,1349,Terra,MODIS,67,6.2,294.3,4.5,N,0
-14.2719,133.8791,306.4,1.1,1,2014-09-30,1349,Terra,MODIS,62,6.2,296.2,5,N,0
-14.2414,133.8941,307.1,1.1,1,2014-09-30,1349,Terra,MODIS,35,6.2,296.6,5.1,N,0
-14.24,133.9038,324.5,1.1,1,2014-09-30,1349,Terra,MODIS,100,6.2,298,21.4,N,0
-12.0854,134.3494,305.8,1.2,1.1,2014-09-30,1349,Terra,MODIS,66,6.2,294.1,7.4,N,0
-12.0839,134.36,305.6,1.2,1.1,2014-09-30,1349,Terra,MODIS,65,6.2,294.2,7.3,N,0
-12.0879,134.3562,314.2,1.2,1.1,2014-09-30,1349,Terra,MODIS,89,6.2,294.7,13.8,N,0
-11.1825,132.5994,313.2,1,1,2014-09-30,1349,Terra,MODIS,81,6.2,294,11.9,N,0
-11.4278,131.2067,306,1,1,2014-09-30,1349,Terra,MODIS,66,6.2,292.3,5.9,N,0
-11.4291,131.1975,305.9,1,1,2014-09-30,1349,Terra,MODIS,63,6.2,292.4,5.8,N,0
-13.4061,131.3881,308.6,1,1,2014-09-30,1349,Terra,MODIS,34,6.2,290.6,5.7,N,0
-13.4088,131.3694,315.8,1,1,2014-09-30,1349,Terra,MODIS,53,6.2,294.4,10.9,N,0
-13.3997,131.3681,323.5,1,1,2014-09-30,1349,Terra,MODIS,100,6.2,294.5,18,N,0
-11.4291,132.4226,335.6,1,1,2014-09-30,1349,Terra,MODIS,100,6.2,291.6,34.3,N,0
-14.0347,133.9187,309.3,1.1,1,2014-09-30,1349,Terra,MODIS,65,6.2,296.3,7.3,N,0
-14.2249,133.9414,309.5,1.1,1,2014-09-30,1349,Terra,MODIS,51,6.2,296.9,5.8,N,0
-13.8769,132.4169,305,1,1,2014-09-30,1349,Terra,MODIS,4,6.2,294.8,3.9,N,0
-13.9535,133.9092,316.1,1.1,1,2014-09-30,1349,Terra,MODIS,82,6.2,296.8,12.3,N,0
-14.1385,132.6447,311,1,1,2014-09-30,1349,Terra,MODIS,82,6.2,298.2,6.6,N,0
-14.1398,132.6355,310.5,1,1,2014-09-30,1349,Terra,MODIS,80,6.2,298.2,6.2,N,0
-13.9642,133.9008,327.2,1.1,1,2014-09-30,1349,Terra,MODIS,100,6.2,297.4,24.6,N,0
-13.4165,131.3801,339.9,1,1,2014-09-30,1349,Terra,MODIS,100,6.2,291.2,41.4,N,0
-13.4178,131.3708,347.7,1,1,2014-09-30,1349,Terra,MODIS,100,6.2,296.4,56.2,N,0
-14.2235,133.9511,321.6,1.1,1,2014-09-30,1349,Terra,MODIS,100,6.2,297.6,17,N,0
-14.1728,133.9731,307,1.1,1,2014-09-30,1349,Terra,MODIS,67,6.2,295.6,5.7,N,0
-13.9676,133.9416,315.2,1.1,1,2014-09-30,1349,Terra,MODIS,25,6.2,296.8,9.9,N,0
-13.9613,133.9204,321.5,1.1,1,2014-09-30,1349,Terra,MODIS,88,6.2,298.1,16.9,N,0
-13.952,133.919,320.7,1.1,1,2014-09-30,1349,Terra,MODIS,100,6.2,297.6,16.6,N,0
-13.5104,131.8891,306.1,1,1,2014-09-30,1349,Terra,MODIS,57,6.2,293.9,4.6,N,0
-13.4277,131.8895,310.8,1,1,2014-09-30,1349,Terra,MODIS,80,6.2,295.3,7.8,N,0
-14.1861,133.8851,308.2,1.1,1,2014-09-30,1349,Terra,MODIS,71,6.2,296,6.7,N,0
-11.4318,132.4042,310,1,1,2014-09-30,1349,Terra,MODIS,55,6.2,290.5,7.8,N,0
-14.1846,133.8949,308.5,1.1,1,2014-09-30,1349,Terra,MODIS,31,6.2,296,6.3,N,0
-14.1832,133.9046,310.9,1.1,1,2014-09-30,1349,Terra,MODIS,27,6.2,296.1,7.7,N,0
-11.4304,132.4134,342.6,1,1,2014-09-30,1349,Terra,MODIS,100,6.2,292.3,46.3,N,0
-13.5014,131.8877,311.1,1,1,2014-09-30,1349,Terra,MODIS,81,6.2,294.8,7.7,N,0
-14.185,132.5765,314.1,1,1,2014-09-30,1349,Terra,MODIS,89,6.2,298,9.5,N,0
-14.2283,133.982,312.2,1.1,1,2014-09-30,1349,Terra,MODIS,83,6.2,297.5,8.6,N,0
-13.8883,132.4657,314.5,1,1,2014-09-30,1349,Terra,MODIS,40,6.2,296.2,8.8,N,0
-14.2132,134.0199,308.2,1.1,1,2014-09-30,1349,Terra,MODIS,71,6.2,296.4,6.4,N,0
-14.2147,134.01,312.9,1.1,1,2014-09-30,1349,Terra,MODIS,85,6.2,296.6,9.9,N,0
-14.2161,134.0002,328.9,1.1,1,2014-09-30,1349,Terra,MODIS,100,6.2,297.9,27.1,N,0
-14.2176,133.9903,326.3,1.1,1,2014-09-30,1349,Terra,MODIS,100,6.2,298.2,23.7,N,0
-14.2191,133.9805,342.5,1.1,1,2014-09-30,1349,Terra,MODIS,100,6.2,299.1,49.2,N,0
-14.2205,133.9707,322.5,1.1,1,2014-09-30,1349,Terra,MODIS,100,6.2,297.9,18.5,N,0
-14.222,133.9609,324.6,1.1,1,2014-09-30,1349,Terra,MODIS,100,6.2,297.9,20.5,N,0
-13.8896,132.4565,316.7,1,1,2014-09-30,1349,Terra,MODIS,88,6.2,296.3,10.9,N,0
-14.1867,132.6302,308.9,1,1,2014-09-30,1349,Terra,MODIS,76,6.2,297.5,5.1,N,0
-13.8909,132.4473,315.7,1,1,2014-09-30,1349,Terra,MODIS,64,6.2,296.6,10,N,0
-14.1907,132.6026,307.7,1,1,2014-09-30,1349,Terra,MODIS,29,6.2,297.4,3.8,N,0
-14.192,132.5934,316.1,1,1,2014-09-30,1349,Terra,MODIS,93,6.2,297.8,10.2,N,0
-11.4264,132.441,308.1,1,1,2014-09-30,1349,Terra,MODIS,46,6.2,292.2,6.4,N,0
-13.8833,132.4367,312.7,1,1,2014-09-30,1349,Terra,MODIS,60,6.2,296,8.5,N,0
-14.0777,132.62,309,1,1,2014-09-30,1349,Terra,MODIS,76,6.2,297.5,5.4,N,0
-13.896,132.4763,313.1,1,1,2014-09-30,1349,Terra,MODIS,72,6.2,296.2,8.1,N,0
-13.9023,132.496,313.2,1,1,2014-09-30,1349,Terra,MODIS,83,6.2,296.4,8.4,N,0
-11.4278,132.4318,309.4,1,1,2014-09-30,1349,Terra,MODIS,50,6.2,291,7,N,0
-14.0605,133.8726,309.8,1.1,1,2014-09-30,1349,Terra,MODIS,77,6.2,296.2,7.5,N,0
-14.0971,133.8645,309.5,1.1,1,2014-09-30,1349,Terra,MODIS,75,6.2,295.6,7.4,N,0
-14.0956,133.8743,306.1,1.1,1,2014-09-30,1349,Terra,MODIS,63,6.2,295.5,5.1,N,0
-13.8312,133.6193,307.2,1,1,2014-09-30,1349,Terra,MODIS,69,6.2,296,5.7,N,0
-14.1933,132.5842,319.4,1,1,2014-09-30,1349,Terra,MODIS,99,6.2,298.2,13.3,N,0
-13.9086,132.5158,316.2,1,1,2014-09-30,1349,Terra,MODIS,93,6.2,296.5,11.2,N,0
-13.9163,132.5264,313.1,1,1,2014-09-30,1349,Terra,MODIS,86,6.2,296.6,8.9,N,0
-13.9322,132.5443,309.4,1,1,2014-09-30,1349,Terra,MODIS,13,6.2,297.2,5.4,N,0
-13.9399,132.5549,310.7,1,1,2014-09-30,1349,Terra,MODIS,53,6.2,297,6.4,N,0
-14.2157,133.9399,314,1.1,1,2014-09-30,1349,Terra,MODIS,87,6.2,296.8,9.5,N,0
-13.9627,133.9106,333.2,1.1,1,2014-09-30,1349,Terra,MODIS,100,6.2,298.9,32.3,N,0
-13.9876,133.9348,314.8,1.1,1,2014-09-30,1349,Terra,MODIS,27,6.2,296.2,10.9,N,0
-15.2386,145.1302,304.9,2.8,1.6,2014-09-30,1514,Aqua,MODIS,62,6.2,281.3,35.7,N,0
-22.8776,149.5231,304.3,1.1,1,2014-09-30,1516,Aqua,MODIS,60,6.2,287.6,8.5,N,0
-26.3849,149.6654,300.1,1,1,2014-09-30,1517,Aqua,MODIS,18,6.2,290,4.8,N,0
-27.2766,150.4598,304.9,1,1,2014-09-30,1517,Aqua,MODIS,62,6.2,288.2,8,N,0
-27.2781,150.4699,302.9,1,1,2014-09-30,1517,Aqua,MODIS,52,6.2,288.2,6.9,N,0
-24.8798,150.744,300.6,1,1,2014-09-30,1517,Aqua,MODIS,31,6.2,285.2,6.2,N,0
-25.1462,149.0533,300.6,1.1,1,2014-09-30,1517,Aqua,MODIS,30,6.2,286.4,6.6,N,0
-29.2701,149.0693,307.3,1,1,2014-09-30,1518,Aqua,MODIS,71,6.2,288.1,9.1,N,0
-30.2862,148.9076,322.7,1,1,2014-09-30,1518,Aqua,MODIS,100,6.2,288,22.4,N,0
-30.2787,148.9198,317.8,1,1,2014-09-30,1518,Aqua,MODIS,96,6.2,288.3,17.8,N,0
-30.2878,148.9181,321.8,1,1,2014-09-30,1518,Aqua,MODIS,100,6.2,289.5,21.5,N,0
-30.2772,148.9094,319.2,1,1,2014-09-30,1518,Aqua,MODIS,98,6.2,286.8,19.2,N,0
-32.3393,151.403,317.4,1.1,1.1,2014-09-30,1519,Aqua,MODIS,95,6.2,293.2,17.8,N,0
-32.3409,151.4155,305.7,1.1,1.1,2014-09-30,1519,Aqua,MODIS,65,6.2,292.8,7.3,N,0
-34.4595,150.8841,308.2,1.1,1.1,2014-09-30,1519,Aqua,MODIS,74,6.2,291.5,10.5,N,2
-21.4433,117.469,315.6,2.7,1.6,2014-09-30,1525,Terra,MODIS,92,6.2,295.1,46.3,N,0
-21.4482,117.4436,317.9,2.7,1.6,2014-09-30,1525,Terra,MODIS,93,6.2,295.6,53.8,N,0
-21.4532,117.418,313.3,2.7,1.6,2014-09-30,1525,Terra,MODIS,51,6.2,295.4,37.1,N,0
-21.4623,117.4465,309.9,2.7,1.6,2014-09-30,1525,Terra,MODIS,28,6.2,295.8,27.6,N,0
-21.4443,117.389,305.9,2.7,1.6,2014-09-30,1525,Terra,MODIS,18,6.2,294.1,17.9,N,0
-21.4392,117.415,315.3,2.7,1.6,2014-09-30,1525,Terra,MODIS,91,6.2,295.5,45.6,N,0
-21.4358,117.4088,313.5,2.7,1.6,2014-09-30,1525,Terra,MODIS,87,6.2,295.2,40.9,N,0
-21.3796,117.3973,318.8,2.7,1.6,2014-09-30,1525,Terra,MODIS,98,6.2,296,62.7,N,0
-21.3847,117.3711,333.9,2.7,1.6,2014-09-30,1525,Terra,MODIS,100,6.2,296.1,135.3,N,0
-21.283,117.3431,308.4,2.7,1.6,2014-09-30,1525,Terra,MODIS,74,6.2,293.8,32.4,N,0
-21.4921,117.5413,309.1,2.7,1.6,2014-09-30,1525,Terra,MODIS,77,6.2,295.9,29.2,N,0
-21.4833,117.5118,310.3,2.7,1.6,2014-09-30,1525,Terra,MODIS,35,6.2,295.4,28.2,N,0
-21.4884,117.4859,317,2.7,1.6,2014-09-30,1525,Terra,MODIS,94,6.2,294.9,51.2,N,0
-21.4692,117.5088,343.5,2.7,1.6,2014-09-30,1525,Terra,MODIS,100,6.2,297.6,197.4,N,0
-21.4744,117.4828,330.8,2.7,1.6,2014-09-30,1525,Terra,MODIS,100,6.2,296.1,111.2,N,0
-21.4895,117.5338,316.7,2.7,1.6,2014-09-30,1525,Terra,MODIS,94,6.2,296,52.3,N,0
-21.4945,117.5079,329,2.7,1.6,2014-09-30,1525,Terra,MODIS,100,6.2,296.4,104.6,N,0
-21.4663,117.5016,350.2,2.7,1.6,2014-09-30,1525,Terra,MODIS,100,6.2,298.3,254.2,N,0
-21.4714,117.4754,318,2.7,1.6,2014-09-30,1525,Terra,MODIS,66,6.2,295.4,51.8,N,0
-21.4522,117.4984,315.2,2.7,1.6,2014-09-30,1525,Terra,MODIS,85,6.2,296.2,44.7,N,0
-21.4573,117.4722,325,2.7,1.6,2014-09-30,1525,Terra,MODIS,100,6.2,296.4,85.3,N,0
-21.4382,117.495,312,2.7,1.6,2014-09-30,1525,Terra,MODIS,84,6.2,295.6,35.9,N,0
-21.5113,117.519,316.5,2.7,1.6,2014-09-30,1525,Terra,MODIS,80,6.2,296.1,50.4,N,0
-21.5164,117.4928,331.4,2.7,1.6,2014-09-30,1525,Terra,MODIS,100,6.2,296.6,119.4,N,0
-21.4973,117.5153,336,2.7,1.6,2014-09-30,1525,Terra,MODIS,100,6.2,297.1,147.4,N,0
-21.5024,117.4892,327.5,2.7,1.6,2014-09-30,1525,Terra,MODIS,100,6.2,295.8,96.7,N,0
-21.5085,117.5114,337.2,2.7,1.6,2014-09-30,1525,Terra,MODIS,100,6.2,297.4,153.4,N,0
-21.5134,117.4853,330.6,2.7,1.6,2014-09-30,1525,Terra,MODIS,100,6.2,296.5,112.9,N,0
-21.4994,117.4818,319.8,2.7,1.6,2014-09-30,1525,Terra,MODIS,99,6.2,295.1,62.7,N,0
-21.5355,117.4701,306.5,2.7,1.6,2014-09-30,1525,Terra,MODIS,59,6.2,294,24.7,N,0
-21.5215,117.4668,317.9,2.7,1.6,2014-09-30,1525,Terra,MODIS,96,6.2,294.5,57.7,N,0
-21.5076,117.4634,313.3,2.7,1.6,2014-09-30,1525,Terra,MODIS,58,6.2,293.9,39.7,N,0
-21.5177,117.4122,303.8,2.7,1.6,2014-09-30,1525,Terra,MODIS,14,6.2,292.9,16.5,N,0
-21.5141,117.4048,304.2,2.7,1.6,2014-09-30,1525,Terra,MODIS,39,6.2,292.8,18.2,N,0
-21.0532,116.6161,341.2,2.4,1.5,2014-09-30,1525,Terra,MODIS,100,6.2,295.3,158.7,N,0
-21.0575,116.5934,313.2,2.4,1.5,2014-09-30,1525,Terra,MODIS,86,6.2,293.5,38,N,0
-21.0399,116.6132,303.2,2.4,1.5,2014-09-30,1525,Terra,MODIS,54,6.2,292.4,15.5,N,0
-22.9001,118.0478,319.3,2.8,1.6,2014-09-30,1525,Terra,MODIS,98,6.2,292.5,71.8,N,0
-22.8947,118.0749,304.4,2.8,1.6,2014-09-30,1525,Terra,MODIS,33,6.2,290.9,23.2,N,0
-22.9144,118.0507,310.6,2.8,1.6,2014-09-30,1525,Terra,MODIS,80,6.2,292.9,38.9,N,0
-14.2486,133.9171,311.2,1.8,1.3,2014-09-30,1652,Aqua,MODIS,82,6.2,293.8,22,N,0
-12.8163,132.8379,304.1,1.4,1.2,2014-09-30,1652,Aqua,MODIS,12,6.2,293.5,6.9,N,0
-12.818,132.8508,328.6,1.4,1.2,2014-09-30,1652,Aqua,MODIS,100,6.2,294.6,42.9,N,0
-12.8073,132.8518,308.5,1.4,1.2,2014-09-30,1652,Aqua,MODIS,75,6.2,294.7,11.7,N,0
-11.4249,132.4197,312.4,1.3,1.1,2014-09-30,1652,Aqua,MODIS,85,6.2,287.7,15.8,N,0
-13.9766,133.9357,315.3,1.8,1.3,2014-09-30,1652,Aqua,MODIS,91,6.2,294.1,29.1,N,0
-13.9722,133.9309,306.7,1.8,1.3,2014-09-30,1652,Aqua,MODIS,48,6.2,294,14.6,N,0
-13.984,133.9294,316.8,1.8,1.3,2014-09-30,1652,Aqua,MODIS,94,6.2,293.9,32.6,N,0
-13.9819,133.9126,306.3,1.8,1.3,2014-09-30,1652,Aqua,MODIS,68,6.2,292.8,13.8,N,0
-14.0567,133.8796,304.3,1.8,1.3,2014-09-30,1652,Aqua,MODIS,55,6.2,293.4,12.2,N,0
-13.414,131.3817,305.7,1.2,1.1,2014-09-30,1652,Aqua,MODIS,37,6.2,294.3,5.9,N,0
-13.9256,132.5542,309,1.4,1.2,2014-09-30,1652,Aqua,MODIS,67,6.2,293.9,12.7,N,0
-13.504,131.897,314.2,1.3,1.1,2014-09-30,1652,Aqua,MODIS,89,6.2,295.1,15.8,N,0
-11.4265,132.4315,306.5,1.3,1.1,2014-09-30,1652,Aqua,MODIS,68,6.2,286.4,9.8,N,0
-13.9745,133.9189,316.2,1.8,1.3,2014-09-30,1652,Aqua,MODIS,93,6.2,293.7,30.1,N,0
-12.974,131.2993,314.7,1.2,1.1,2014-09-30,1652,Aqua,MODIS,90,6.2,293.8,15.1,N,0
-11.4236,131.2036,302.7,1.1,1.1,2014-09-30,1652,Aqua,MODIS,51,6.2,291.9,4.9,N,0
-15.5552,127.5727,349.4,1,1,2014-09-30,1653,Aqua,MODIS,100,6.2,300.4,59.4,N,0
-17.5076,130.6022,321.3,1.2,1.1,2014-09-30,1653,Aqua,MODIS,100,6.2,295.9,22.8,N,0
-15.5538,127.5633,363.6,1,1,2014-09-30,1653,Aqua,MODIS,100,6.2,301.2,95.3,N,0
-17.2852,126.8908,305.5,1,1,2014-09-30,1653,Aqua,MODIS,61,6.2,294.2,5.9,N,0
-17.5189,130.6122,309.4,1.2,1.1,2014-09-30,1653,Aqua,MODIS,77,6.2,295.3,9.8,N,0
-17.509,130.6135,309.8,1.2,1.1,2014-09-30,1653,Aqua,MODIS,76,6.2,295.2,9.9,N,0
-17.2213,126.8972,316.6,1,1,2014-09-30,1653,Aqua,MODIS,93,6.2,295.5,13.5,N,0
-17.2605,127.0958,306.2,1,1,2014-09-30,1653,Aqua,MODIS,19,6.2,295.5,5,N,0
-17.2529,127.1067,305.8,1,1,2014-09-30,1653,Aqua,MODIS,32,6.2,295.2,4.8,N,0
-17.2198,126.8877,308.6,1,1,2014-09-30,1653,Aqua,MODIS,73,6.2,294.8,7.1,N,0
-17.2633,127.1147,307.4,1,1,2014-09-30,1653,Aqua,MODIS,37,6.2,296.2,5.8,N,0
-17.4122,127.6148,307.2,1,1,2014-09-30,1653,Aqua,MODIS,69,6.2,296.5,5.8,N,0
-17.2619,127.1053,323.6,1,1,2014-09-30,1653,Aqua,MODIS,100,6.2,297.6,20.1,N,0
-15.5524,127.554,314,1,1,2014-09-30,1653,Aqua,MODIS,88,6.2,297.2,9.9,N,0
-17.2971,126.9085,310,1,1,2014-09-30,1653,Aqua,MODIS,78,6.2,294.8,8.5,N,0
-16.1439,127.9392,309.4,1,1,2014-09-30,1653,Aqua,MODIS,77,6.2,297,6.4,N,0
-16.1426,127.93,308.1,1,1,2014-09-30,1653,Aqua,MODIS,10,6.2,297,5.1,N,0
-17.2957,126.8989,333.8,1,1,2014-09-30,1653,Aqua,MODIS,100,6.2,296.9,34.1,N,0
-17.0182,127.0793,307.3,1,1,2014-09-30,1653,Aqua,MODIS,63,6.2,296,5.7,N,0
-17.0287,127.0873,306.7,1,1,2014-09-30,1653,Aqua,MODIS,39,6.2,296.3,5.2,N,0
-15.5566,127.5821,311.8,1,1,2014-09-30,1653,Aqua,MODIS,83,6.2,297.2,8.1,N,0
-16.1412,127.9207,310.8,1,1,2014-09-30,1653,Aqua,MODIS,23,6.2,296.3,6.7,N,0
-17.07,127.3611,319.5,1,1,2014-09-30,1653,Aqua,MODIS,99,6.2,296.8,15.3,N,0
-17.0454,127.2591,305.2,1,1,2014-09-30,1653,Aqua,MODIS,59,6.2,294.4,5.2,N,0
-16.606,130.5662,314.9,1.2,1.1,2014-09-30,1653,Aqua,MODIS,90,6.2,296.8,13.5,N,0
-16.6157,130.5649,307.6,1.2,1.1,2014-09-30,1653,Aqua,MODIS,70,6.2,296.4,7.1,N,0
-17.2942,126.8893,312.3,1,1,2014-09-30,1653,Aqua,MODIS,84,6.2,294,10.5,N,0
-17.2866,126.9004,312.4,1,1,2014-09-30,1653,Aqua,MODIS,84,6.2,295.5,10.8,N,0
-16.1488,127.91,308.9,1,1,2014-09-30,1653,Aqua,MODIS,55,6.2,296.1,5.9,N,0
-17.1592,126.9171,312.7,1,1,2014-09-30,1653,Aqua,MODIS,84,6.2,294.6,10.4,N,0
-17.5142,132.5636,314.6,1.6,1.2,2014-09-30,1653,Aqua,MODIS,34,6.2,295.5,19.3,N,0
-17.7317,131.9373,304.2,1.4,1.2,2014-09-30,1653,Aqua,MODIS,54,6.2,293.4,9,N,0
-17.5087,132.519,304.1,1.6,1.2,2014-09-30,1653,Aqua,MODIS,26,6.2,293.4,8,N,0
-17.7684,131.8439,319.1,1.4,1.2,2014-09-30,1653,Aqua,MODIS,98,6.2,294.3,27.5,N,0
-17.7735,131.8844,308.9,1.4,1.2,2014-09-30,1653,Aqua,MODIS,62,6.2,293.4,13.8,N,0
-17.6916,131.792,314.5,1.4,1.2,2014-09-30,1653,Aqua,MODIS,89,6.2,295.1,20.2,N,0
-17.7701,131.8574,318.3,1.4,1.2,2014-09-30,1653,Aqua,MODIS,97,6.2,293.9,26.3,N,0
-17.7027,131.7099,347.2,1.4,1.2,2014-09-30,1653,Aqua,MODIS,100,6.2,296.3,90.7,N,0
-17.7006,131.7773,325.9,1.4,1.2,2014-09-30,1653,Aqua,MODIS,100,6.2,296,38.1,N,0
-17.5123,132.5487,335.8,1.6,1.2,2014-09-30,1653,Aqua,MODIS,100,6.2,297,67.7,N,0
-17.5477,132.5592,309.8,1.6,1.2,2014-09-30,1653,Aqua,MODIS,52,6.2,295.6,13.8,N,0
-17.703,131.9688,323.4,1.5,1.2,2014-09-30,1653,Aqua,MODIS,100,6.2,294.5,36,N,0
-17.5503,132.5825,318.4,1.6,1.2,2014-09-30,1653,Aqua,MODIS,97,6.2,296.1,28.1,N,0
-17.7013,131.9552,307,1.5,1.2,2014-09-30,1653,Aqua,MODIS,70,6.2,293.8,11.4,N,0
-17.7651,131.8171,309.3,1.4,1.2,2014-09-30,1653,Aqua,MODIS,77,6.2,293.6,15.5,N,0
-17.7022,131.7906,377,1.4,1.2,2014-09-30,1653,Aqua,MODIS,100,6.2,300.1,233.9,N,0
-17.69,131.7787,303.5,1.4,1.2,2014-09-30,1653,Aqua,MODIS,5,6.2,293.3,7.3,N,0
-17.7056,131.8173,309.4,1.4,1.2,2014-09-30,1653,Aqua,MODIS,77,6.2,293.9,14.7,N,0
-17.7044,131.723,402.4,1.4,1.2,2014-09-30,1653,Aqua,MODIS,100,6.2,309.8,437.3,N,0
-17.7039,131.8039,359.7,1.4,1.2,2014-09-30,1653,Aqua,MODIS,100,6.2,298.7,141.8,N,0
-17.5496,132.5742,330.2,1.6,1.2,2014-09-30,1653,Aqua,MODIS,100,6.2,296.7,53.1,N,0
-17.6768,132.1335,305.3,1.5,1.2,2014-09-30,1653,Aqua,MODIS,64,6.2,294.2,10.3,N,0
-17.5486,132.5675,323.5,1.6,1.2,2014-09-30,1653,Aqua,MODIS,100,6.2,296.4,37.9,N,0
-17.7718,131.8709,307.8,1.4,1.2,2014-09-30,1653,Aqua,MODIS,73,6.2,293.7,13.4,N,0
-17.7766,131.406,308.3,1.3,1.1,2014-09-30,1653,Aqua,MODIS,45,6.2,293.3,11,N,0
-17.7668,131.8305,308.6,1.4,1.2,2014-09-30,1653,Aqua,MODIS,75,6.2,293.8,14.5,N,0
-17.5012,132.5502,309,1.6,1.2,2014-09-30,1653,Aqua,MODIS,23,6.2,294.7,13.2,N,0
-17.7768,131.9116,307.5,1.4,1.2,2014-09-30,1653,Aqua,MODIS,39,6.2,293.3,12.3,N,0
-17.7061,131.7362,347.2,1.4,1.2,2014-09-30,1653,Aqua,MODIS,100,6.2,299.8,90.6,N,0
-17.5105,132.5339,309,1.6,1.2,2014-09-30,1653,Aqua,MODIS,36,6.2,294.7,13.4,N,0
-17.7752,131.898,313,1.4,1.2,2014-09-30,1653,Aqua,MODIS,86,6.2,293.3,19,N,0
-19.0857,126.4304,314.7,1,1,2014-09-30,1654,Aqua,MODIS,68,6.2,297.1,10.8,N,0
-19.0872,126.4401,319.4,1,1,2014-09-30,1654,Aqua,MODIS,99,6.2,297.8,14.9,N,0
-19.0933,126.4192,307.8,1,1,2014-09-30,1654,Aqua,MODIS,9,6.2,296.8,5.9,N,0
-19.0948,126.4289,326.4,1,1,2014-09-30,1654,Aqua,MODIS,100,6.2,297.8,23.1,N,0
-17.9752,123.9633,314.4,1.4,1.2,2014-09-30,1654,Aqua,MODIS,89,6.2,296.4,17.3,N,0
-17.9834,123.9487,311.2,1.4,1.2,2014-09-30,1654,Aqua,MODIS,82,6.2,295,14,N,0
-17.9856,123.9614,312.1,1.4,1.2,2014-09-30,1654,Aqua,MODIS,84,6.2,296.3,15.1,N,0
-17.9764,124.0089,305.5,1.3,1.2,2014-09-30,1654,Aqua,MODIS,59,6.2,293.9,8.5,N,0
-17.9735,124.0157,308.2,1.3,1.1,2014-09-30,1654,Aqua,MODIS,74,6.2,293.5,11.1,N,0
-18.7984,129.0068,309.3,1.1,1,2014-09-30,1654,Aqua,MODIS,77,6.2,294.7,9.6,N,0
-22.7288,122.6238,311.5,1.4,1.2,2014-09-30,1655,Aqua,MODIS,83,6.2,294.9,15.7,N,0
-22.7249,122.6314,312.4,1.4,1.2,2014-09-30,1655,Aqua,MODIS,85,6.2,295.1,16,N,0
-21.4346,117.463,311,3.4,1.7,2014-09-30,1655,Aqua,MODIS,75,6.2,294,47.1,N,0
-21.4433,117.4267,337.9,3.4,1.7,2014-09-30,1655,Aqua,MODIS,100,6.2,295.1,224,N,0
-21.4499,117.4591,352.1,3.4,1.7,2014-09-30,1655,Aqua,MODIS,100,6.2,296.6,375.2,N,0
-21.4394,117.423,327.9,3.4,1.7,2014-09-30,1655,Aqua,MODIS,100,6.2,294.5,135.3,N,0
-21.4462,117.4554,347.1,3.4,1.7,2014-09-30,1655,Aqua,MODIS,100,6.2,297,305.4,N,0
-21.3756,117.3822,305.5,3.4,1.7,2014-09-30,1655,Aqua,MODIS,64,6.2,293.7,32.5,N,0
-21.4411,117.4945,324.5,3.3,1.7,2014-09-30,1655,Aqua,MODIS,100,6.2,294.6,116.3,N,0
-21.4564,117.4907,331.9,3.3,1.7,2014-09-30,1655,Aqua,MODIS,100,6.2,294.6,166.3,N,0
-21.4628,117.5225,323.7,3.3,1.7,2014-09-30,1655,Aqua,MODIS,100,6.2,294.5,110.9,N,0
-21.4871,117.4839,312.4,3.3,1.7,2014-09-30,1655,Aqua,MODIS,33,6.2,292.5,48.9,N,0
-21.4934,117.5153,312.7,3.3,1.7,2014-09-30,1655,Aqua,MODIS,30,6.2,293.7,51.8,N,0
-21.4529,117.4871,328.9,3.3,1.7,2014-09-30,1655,Aqua,MODIS,98,6.2,295,135.1,N,0
-21.4595,117.5187,327.8,3.3,1.7,2014-09-30,1655,Aqua,MODIS,99,6.2,294.8,131.6,N,0
-21.4902,117.5117,316.1,3.3,1.7,2014-09-30,1655,Aqua,MODIS,48,6.2,293.5,66.4,N,0
-21.5087,117.5113,318.2,3.3,1.7,2014-09-30,1655,Aqua,MODIS,76,6.2,293.7,78.3,N,0
-21.5054,117.5079,317.3,3.3,1.7,2014-09-30,1655,Aqua,MODIS,41,6.2,293.6,71.8,N,0
-24.4143,128.6204,305.7,1.1,1.1,2014-09-30,1655,Aqua,MODIS,65,6.2,293,7.8,N,0
-12.9942,136.0245,319.4,3.9,1.8,2014-10-01,0039,Terra,MODIS,67,6.2,300.6,53.1,D,0
-12.7375,141.8633,325,1.4,1.2,2014-10-01,0039,Terra,MODIS,72,6.2,304.2,22.6,D,0
-12.7397,141.8765,327.6,1.4,1.2,2014-10-01,0039,Terra,MODIS,57,6.2,305,27.2,D,0
-13.0713,141.8498,330,1.4,1.2,2014-10-01,0039,Terra,MODIS,79,6.2,305.4,27.8,D,0
-13.0734,141.8628,324.6,1.4,1.2,2014-10-01,0039,Terra,MODIS,66,6.2,304.9,17.2,D,0
-12.3069,141.9126,321.4,1.5,1.2,2014-10-01,0039,Terra,MODIS,54,6.2,299.1,19.4,D,0
-12.31,141.9056,335.6,1.5,1.2,2014-10-01,0039,Terra,MODIS,85,6.2,299.8,48.9,D,0
-12.3122,141.9188,332.6,1.5,1.2,2014-10-01,0039,Terra,MODIS,82,6.2,302,40.6,D,0
-13.4129,141.9852,323.1,1.4,1.2,2014-10-01,0039,Terra,MODIS,27,6.2,294.5,19.2,D,0
-13.4254,141.9962,336.4,1.4,1.2,2014-10-01,0039,Terra,MODIS,86,6.2,294.7,44.6,D,0
-13.4202,141.9904,330.4,1.4,1.2,2014-10-01,0039,Terra,MODIS,80,6.2,294.8,29.7,D,0
-13.4223,142.0031,327.1,1.4,1.2,2014-10-01,0039,Terra,MODIS,42,6.2,294.6,22.3,D,0
-14.1879,143.4574,331,1.1,1.1,2014-10-01,0039,Terra,MODIS,81,6.2,302,23.9,D,0
-15.4717,145.0526,323.6,1,1,2014-10-01,0039,Terra,MODIS,34,6.2,301.7,12.5,D,0
-14.6245,144.2648,324.5,1,1,2014-10-01,0039,Terra,MODIS,69,6.2,305.8,10.4,D,0
-13.532,142.0433,321.5,1.4,1.2,2014-10-01,0039,Terra,MODIS,26,6.2,298,15.1,D,0
-14.141,143.2197,325.6,1.1,1.1,2014-10-01,0039,Terra,MODIS,58,6.2,307.3,13.8,D,0
-12.9885,136.0315,320.6,3.9,1.8,2014-10-01,0039,Terra,MODIS,73,6.2,300.7,62.6,D,0
-14.0662,143.2054,321.1,1.2,1.1,2014-10-01,0039,Terra,MODIS,40,6.2,301.7,8.9,D,0
-15.0046,144.9472,325.8,1,1,2014-10-01,0039,Terra,MODIS,60,6.2,305.6,14.1,D,0
-15.0032,144.9379,333.4,1,1,2014-10-01,0039,Terra,MODIS,82,6.2,304.1,23.6,D,0
-15.0122,144.9365,325.8,1,1,2014-10-01,0039,Terra,MODIS,71,6.2,299.7,14.9,D,0
-14.9876,144.9563,331.2,1,1,2014-10-01,0039,Terra,MODIS,79,6.2,305.9,20.4,D,0
-14.2405,143.4531,328.8,1.1,1.1,2014-10-01,0039,Terra,MODIS,45,6.2,300.2,19.1,D,0
-12.1537,141.8757,330.2,1.5,1.2,2014-10-01,0039,Terra,MODIS,50,6.2,303,33.6,D,0
-13.509,141.904,329.8,1.4,1.2,2014-10-01,0039,Terra,MODIS,79,6.2,293.9,30.1,D,0
-14.1895,143.4677,318.5,1.1,1.1,2014-10-01,0039,Terra,MODIS,22,6.2,296.1,7.6,D,0
-15.315,143.5942,332,1.1,1,2014-10-01,0039,Terra,MODIS,48,6.2,310,16.5,D,0
-12.6159,142.8354,321.3,1.3,1.1,2014-10-01,0039,Terra,MODIS,23,6.2,299.6,11.5,D,0
-12.4211,142.3218,340.7,1.4,1.2,2014-10-01,0039,Terra,MODIS,89,6.2,306.2,50.9,D,0
-15.3088,143.6157,360.8,1.1,1,2014-10-01,0039,Terra,MODIS,100,6.2,313.3,80.5,D,0
-15.3166,143.6042,360,1.1,1,2014-10-01,0039,Terra,MODIS,100,6.2,311,77.6,D,0
-15.3243,143.5927,334.1,1.1,1,2014-10-01,0039,Terra,MODIS,71,6.2,309.6,21.2,D,0
-14.361,142.2166,327.2,1.3,1.1,2014-10-01,0039,Terra,MODIS,75,6.2,291.6,24.7,D,0
-12.6347,142.8255,331.6,1.3,1.1,2014-10-01,0039,Terra,MODIS,80,6.2,304.1,27.1,D,0
-12.6295,142.8565,343.1,1.3,1.1,2014-10-01,0039,Terra,MODIS,90,6.2,304.8,50.9,D,0
-15.2552,143.6813,325.6,1.1,1,2014-10-01,0039,Terra,MODIS,8,6.2,306.8,10.2,D,0
-12.6903,135.6046,340.7,4.3,1.9,2014-10-01,0039,Terra,MODIS,90,6.2,301.7,284.2,D,0
-12.6359,142.8319,332.6,1.3,1.1,2014-10-01,0039,Terra,MODIS,73,6.2,303.6,28.1,D,0
-12.6886,135.6126,336,4.3,1.9,2014-10-01,0039,Terra,MODIS,87,6.2,301.7,222.3,D,0
-12.6814,135.5731,323.7,4.3,1.9,2014-10-01,0039,Terra,MODIS,77,6.2,299.2,96.7,D,0
-15.2354,145.0128,320.5,1,1,2014-10-01,0039,Terra,MODIS,41,6.2,298.2,12.7,D,0
-15.2778,143.6615,323.2,1.1,1,2014-10-01,0039,Terra,MODIS,22,6.2,307.4,7.4,D,0
-15.0089,145.1613,334.4,1,1,2014-10-01,0039,Terra,MODIS,83,6.2,301.2,26.2,D,0
-12.6341,142.8204,331.8,1.3,1.1,2014-10-01,0039,Terra,MODIS,55,6.2,303.6,27.5,D,0
-15.4924,145.0682,329.9,1,1,2014-10-01,0039,Terra,MODIS,75,6.2,300,18.7,D,0
-12.6366,142.837,327.8,1.3,1.1,2014-10-01,0039,Terra,MODIS,45,6.2,302.5,18.7,D,0
-15.2259,143.6759,323.6,1.1,1,2014-10-01,0039,Terra,MODIS,34,6.2,306.4,8.3,D,0
-12.6313,142.868,330.4,1.3,1.1,2014-10-01,0039,Terra,MODIS,68,6.2,301.9,25.3,D,0
-12.9498,142.8727,327.3,1.2,1.1,2014-10-01,0039,Terra,MODIS,67,6.2,304.2,17.1,D,0
-12.6828,135.5653,316.1,4.3,1.9,2014-10-01,0039,Terra,MODIS,39,6.2,298.8,38.8,D,0
-15.3181,143.6142,356.2,1.1,1,2014-10-01,0039,Terra,MODIS,98,6.2,308.7,68.2,D,0
-15.3228,143.5827,352.6,1.1,1,2014-10-01,0039,Terra,MODIS,95,6.2,310.2,59.7,D,0
-15.2444,145.0114,328.5,1,1,2014-10-01,0039,Terra,MODIS,66,6.2,297.8,20.9,D,0
-12.4231,142.3342,328.8,1.4,1.2,2014-10-01,0039,Terra,MODIS,78,6.2,306.1,22,D,0
-12.4191,142.3094,321.7,1.4,1.2,2014-10-01,0039,Terra,MODIS,55,6.2,303,12.7,D,0
-12.6728,142.8075,323.6,1.3,1.1,2014-10-01,0039,Terra,MODIS,69,6.2,304.9,15.2,D,0
-12.6839,142.8765,327.6,1.2,1.1,2014-10-01,0039,Terra,MODIS,76,6.2,299,24.3,D,0
-15.0323,145.1324,334.3,1,1,2014-10-01,0039,Terra,MODIS,83,6.2,299.4,28.1,D,0
-13.6245,135.309,319.8,4.3,1.9,2014-10-01,0039,Terra,MODIS,64,6.2,302.4,57.8,D,0
-13.6225,135.315,322.5,4.3,1.9,2014-10-01,0039,Terra,MODIS,75,6.2,302.6,80.1,D,0
-12.4418,142.3184,325.1,1.4,1.2,2014-10-01,0039,Terra,MODIS,65,6.2,304.5,17.4,D,0
-15.6854,145.3162,321.6,1,1,2014-10-01,0040,Terra,MODIS,30,6.2,290.2,13.5,D,0
-16.0335,144.5011,329.2,1,1,2014-10-01,0040,Terra,MODIS,59,6.2,310.2,13.5,D,0
-14.8731,135.1231,325.4,4.2,1.9,2014-10-01,0040,Terra,MODIS,78,6.2,301.9,104.3,D,0
-18.4953,145.9219,320.3,1,1,2014-10-01,0040,Terra,MODIS,40,6.2,299.7,10.2,D,0
-17.6487,146.1151,323.3,1,1,2014-10-01,0040,Terra,MODIS,53,6.2,306.9,14.8,D,0
-14.8702,135.1294,328.2,4.2,1.9,2014-10-01,0040,Terra,MODIS,81,6.2,302.3,130.1,D,0
-17.6501,146.1249,322.6,1,1,2014-10-01,0040,Terra,MODIS,0,6.2,307.7,14.3,D,0
-15.9541,144.4626,323.1,1,1,2014-10-01,0040,Terra,MODIS,30,6.2,308.9,8.6,D,0
-15.9631,144.4612,379.1,1,1,2014-10-01,0040,Terra,MODIS,100,6.2,310.9,140,D,0
-16.4437,135.3301,322.2,3.7,1.8,2014-10-01,0040,Terra,MODIS,43,6.2,304.4,43.6,D,0
-15.9646,144.4707,345,1,1,2014-10-01,0040,Terra,MODIS,91,6.2,305.4,41.5,D,0
-16.487,135.4629,321.9,3.6,1.8,2014-10-01,0040,Terra,MODIS,55,6.2,304.5,43.2,D,0
-17.5989,138.4475,325.2,2.1,1.4,2014-10-01,0040,Terra,MODIS,48,6.2,309.3,18.5,D,0
-17.5989,138.4405,326,2.1,1.4,2014-10-01,0040,Terra,MODIS,53,6.2,308.7,19.5,D,0
-15.6563,144.563,337.9,1,1,2014-10-01,0040,Terra,MODIS,86,6.2,309.3,28.8,D,0
-19.6134,147.3223,323.9,1.2,1.1,2014-10-01,0040,Terra,MODIS,67,6.2,303.9,14.1,D,0
-23.4267,150.6457,322,2.3,1.5,2014-10-01,0041,Terra,MODIS,68,6.2,300.4,42.5,D,0
-23.1465,150.3023,318.1,2.1,1.4,2014-10-01,0041,Terra,MODIS,57,6.2,303.4,23.6,D,0
-23.1593,150.3008,316.8,2.1,1.4,2014-10-01,0041,Terra,MODIS,49,6.2,303,19.5,D,0
-23.4245,150.6233,325.5,2.3,1.5,2014-10-01,0041,Terra,MODIS,56,6.2,300.4,53,D,0
-20.7993,148.564,325.9,1.5,1.2,2014-10-01,0041,Terra,MODIS,72,6.2,305.1,34.5,D,0
-20.8028,148.5717,319.4,1.5,1.2,2014-10-01,0041,Terra,MODIS,49,6.2,303.4,21.6,D,0
-20.8011,148.5572,318.2,1.5,1.2,2014-10-01,0041,Terra,MODIS,46,6.2,303.6,21.2,D,0
-22.8826,149.5352,324.7,1.9,1.3,2014-10-01,0041,Terra,MODIS,71,6.2,305.8,34.1,D,0
-22.8806,149.5167,327.3,1.9,1.3,2014-10-01,0041,Terra,MODIS,76,6.2,305.5,43.8,D,0
-22.9962,147.5558,319.5,1.4,1.2,2014-10-01,0041,Terra,MODIS,57,6.2,305.2,10.4,D,0
-21.1054,144.5004,334.7,1,1,2014-10-01,0041,Terra,MODIS,78,6.2,314.1,18.4,D,0
-21.104,144.4907,343,1,1,2014-10-01,0041,Terra,MODIS,87,6.2,314.5,32.5,D,0
-20.7325,139.478,329.6,1.5,1.2,2014-10-01,0041,Terra,MODIS,57,6.2,314.8,19,D,2
-24.0536,150.6727,313.5,2.3,1.5,2014-10-01,0042,Terra,MODIS,22,6.2,300,22.3,D,0
-25.1517,149.0617,323.6,1.9,1.3,2014-10-01,0042,Terra,MODIS,75,6.2,301.3,36.1,D,0
-25.2632,149.0924,317.7,1.9,1.3,2014-10-01,0042,Terra,MODIS,46,6.2,299.8,20.5,D,0
-24.2643,149.9641,316.7,2.1,1.4,2014-10-01,0042,Terra,MODIS,59,6.2,303.8,16.4,D,0
-25.4264,152.3283,321.4,3.2,1.7,2014-10-01,0042,Terra,MODIS,72,6.2,297.5,75.3,D,0
-25.1496,149.0433,314.8,1.9,1.3,2014-10-01,0042,Terra,MODIS,43,6.2,302.1,15,D,0
-25.1564,149.0553,320,1.9,1.3,2014-10-01,0042,Terra,MODIS,69,6.2,302.1,27.4,D,0
-25.43,152.3337,318.2,3.2,1.7,2014-10-01,0042,Terra,MODIS,68,6.2,297.2,62.8,D,0
-23.8281,147.2885,321.2,1.4,1.2,2014-10-01,0042,Terra,MODIS,58,6.2,305.2,14.6,D,0
-25.1443,149.0569,314.9,1.9,1.3,2014-10-01,0042,Terra,MODIS,41,6.2,300.6,16,D,0
-25.3006,148.2677,326.6,1.6,1.3,2014-10-01,0042,Terra,MODIS,76,6.2,306.3,27.4,D,0
-29.3989,151.4456,316.6,3.1,1.7,2014-10-01,0043,Terra,MODIS,62,6.2,299.8,41.3,D,0
-29.3988,151.4202,313.4,3.1,1.7,2014-10-01,0043,Terra,MODIS,46,6.2,300.7,31.8,D,0
-26.6127,141.7988,343.9,1,1,2014-10-01,0043,Terra,MODIS,89,6.2,311.3,36.6,D,0
-26.6142,141.8089,328.2,1,1,2014-10-01,0043,Terra,MODIS,69,6.2,309.6,12.5,D,0
-28.505,148.876,320,2,1.4,2014-10-01,0043,Terra,MODIS,63,6.2,306.4,15.9,D,0
-28.2363,150.188,321.5,2.4,1.5,2014-10-01,0043,Terra,MODIS,61,6.2,308.4,25.2,D,0
-29.8524,151.0937,314.7,3,1.6,2014-10-01,0043,Terra,MODIS,59,6.2,298.7,39.7,D,0
-30.2913,148.9086,315.5,2.1,1.4,2014-10-01,0043,Terra,MODIS,55,6.2,301.9,21.8,D,0
-30.2924,148.9152,312.9,2.1,1.4,2014-10-01,0043,Terra,MODIS,39,6.2,301.6,15.1,D,0
-30.2796,148.9167,313.4,2.1,1.4,2014-10-01,0043,Terra,MODIS,45,6.2,302.3,17,D,0
-29.1006,149.0235,332,2.1,1.4,2014-10-01,0043,Terra,MODIS,83,6.2,303.6,68,D,0
-29.0985,149.002,316.9,2.1,1.4,2014-10-01,0043,Terra,MODIS,56,6.2,302.3,20.5,D,0
-28.2296,150.1952,323.7,2.4,1.5,2014-10-01,0043,Terra,MODIS,71,6.2,307.8,34.4,D,0
-29.8519,151.0883,316.3,3,1.6,2014-10-01,0043,Terra,MODIS,65,6.2,298.5,46.6,D,0
-30.845,147.7834,312.7,1.8,1.3,2014-10-01,0044,Terra,MODIS,33,6.2,297.6,13.7,D,0
-30.8569,147.7818,317,1.8,1.3,2014-10-01,0044,Terra,MODIS,64,6.2,298.8,23,D,0
-31.9294,145.8729,316.6,1.4,1.2,2014-10-01,0044,Terra,MODIS,68,6.2,301.8,14,D,0
-31.4203,152.1325,314.9,3.6,1.8,2014-10-01,0044,Terra,MODIS,71,6.2,291,79.6,D,0
-31.4115,152.1269,314.1,3.6,1.8,2014-10-01,0044,Terra,MODIS,71,6.2,291.3,76,D,0
-34.5377,142.2274,323.3,1,1,2014-10-01,0045,Terra,MODIS,78,6.2,298,17.1,D,0
-36.3705,145.4326,312.4,1.5,1.2,2014-10-01,0045,Terra,MODIS,73,6.2,289.3,18.2,D,0
-36.1131,141.201,313.4,1,1,2014-10-01,0045,Terra,MODIS,55,6.2,292,11.5,D,0
-13.3728,131.3592,329.8,4.3,1.9,2014-10-01,0217,Terra,MODIS,83,6.2,300.6,116.8,D,0
-13.3752,131.4044,324,4.3,1.9,2014-10-01,0217,Terra,MODIS,41,6.2,300.7,58.6,D,0
-13.377,131.3988,325.8,4.3,1.9,2014-10-01,0217,Terra,MODIS,60,6.2,300.6,74.6,D,0
-13.4116,131.395,330.5,4.3,1.9,2014-10-01,0217,Terra,MODIS,83,6.2,300.8,110.2,D,0
-13.4131,131.388,331.2,4.3,1.9,2014-10-01,0217,Terra,MODIS,84,6.2,300.7,118.6,D,0
-12.3081,131.8396,333.1,4.5,2,2014-10-01,0217,Terra,MODIS,85,6.2,298.9,208.5,D,0
-12.3085,131.8345,332.3,4.5,2,2014-10-01,0217,Terra,MODIS,85,6.2,299.1,199.7,D,0
-13.3707,131.3649,331.9,4.3,1.9,2014-10-01,0217,Terra,MODIS,84,6.2,300.3,139.9,D,0
-12.8815,131.3301,326.1,4.2,1.9,2014-10-01,0217,Terra,MODIS,75,6.2,301.4,60.6,D,0
-12.8883,131.3622,325.3,4.3,1.9,2014-10-01,0217,Terra,MODIS,69,6.2,302,54.2,D,0
-12.8843,131.3234,324.1,4.2,1.9,2014-10-01,0217,Terra,MODIS,60,6.2,301.5,43.5,D,0
-12.9899,131.307,325.1,4.2,1.9,2014-10-01,0217,Terra,MODIS,59,6.2,299.7,60,D,0
-12.987,131.3126,325.1,4.2,1.9,2014-10-01,0217,Terra,MODIS,52,6.2,300.3,58,D,0
-16.746,130.9477,325.9,4.4,1.9,2014-10-01,0218,Terra,MODIS,38,6.2,306.3,70.7,D,0
-15.555,127.5605,328.9,2.4,1.5,2014-10-01,0218,Terra,MODIS,73,6.2,306.7,45.7,D,0
-15.5525,127.5767,325.3,2.4,1.5,2014-10-01,0218,Terra,MODIS,59,6.2,307.1,31.5,D,0
-13.5787,130.2222,331.2,3.6,1.8,2014-10-01,0218,Terra,MODIS,62,6.2,295.3,119,D,0
-15.5501,127.5546,326.5,2.4,1.5,2014-10-01,0218,Terra,MODIS,68,6.2,305.9,37.6,D,0
-16.9882,127.0653,338.7,2.3,1.5,2014-10-01,0219,Terra,MODIS,80,6.2,296.1,97.4,D,0
-16.9905,127.086,355.6,2.3,1.5,2014-10-01,0219,Terra,MODIS,84,6.2,292.4,208.7,D,0
-16.9929,127.1065,346,2.3,1.5,2014-10-01,0219,Terra,MODIS,79,6.2,296.3,138.8,D,0
-17.0013,127.0637,359.6,2.3,1.5,2014-10-01,0219,Terra,MODIS,99,6.2,301.2,243.4,D,0
-17.3698,127.6645,327.2,2.5,1.5,2014-10-01,0219,Terra,MODIS,56,6.2,310.3,34.2,D,0
-17.1754,126.8814,324.3,2.2,1.4,2014-10-01,0219,Terra,MODIS,34,6.2,303,23.6,D,0
-17.016,127.1916,362.8,2.3,1.5,2014-10-01,0219,Terra,MODIS,100,6.2,308.2,272.8,D,0
-17.012,127.0409,334.1,2.3,1.5,2014-10-01,0219,Terra,MODIS,79,6.2,299.1,76.8,D,0
-17.0268,127.1683,345.1,2.3,1.5,2014-10-01,0219,Terra,MODIS,90,6.2,304.5,128.8,D,0
-16.8696,124.2658,335.4,1.4,1.2,2014-10-01,0219,Terra,MODIS,80,6.2,311.6,24.5,D,0
-16.8652,124.2723,331.9,1.4,1.2,2014-10-01,0219,Terra,MODIS,67,6.2,310.6,16.7,D,0
-17.0293,127.19,354.5,2.3,1.5,2014-10-01,0219,Terra,MODIS,96,6.2,305.9,198.9,D,0
-17.0093,127.0356,337,2.3,1.5,2014-10-01,0219,Terra,MODIS,82,6.2,299.2,85.5,D,0
-17.5215,130.6068,323,4.3,1.9,2014-10-01,0219,Terra,MODIS,37,6.2,307.1,57.9,D,0
-17.0725,127.0063,323,2.3,1.5,2014-10-01,0219,Terra,MODIS,21,6.2,301.5,25.7,D,0
-17.5388,130.6052,361.2,4.3,1.9,2014-10-01,0219,Terra,MODIS,100,6.2,308.2,621.9,D,0
-17.293,126.898,332,2.2,1.4,2014-10-01,0219,Terra,MODIS,59,6.2,309.2,43.6,D,0
-16.9349,124.2703,340.3,1.4,1.2,2014-10-01,0219,Terra,MODIS,85,6.2,311.4,38.3,D,0
-16.926,124.285,365.5,1.4,1.2,2014-10-01,0219,Terra,MODIS,100,6.2,311,138,D,0
-16.9243,124.2717,363.8,1.4,1.2,2014-10-01,0219,Terra,MODIS,100,6.2,314,126.5,D,0
-17.2823,126.9205,339.3,2.2,1.4,2014-10-01,0219,Terra,MODIS,84,6.2,308.3,75.9,D,0
-17.2848,126.9269,334.6,2.2,1.4,2014-10-01,0219,Terra,MODIS,74,6.2,309,48.8,D,0
-17.2824,126.9061,345.1,2.2,1.4,2014-10-01,0219,Terra,MODIS,90,6.2,308.4,108.3,D,0
-17.2587,126.9298,332,2.2,1.4,2014-10-01,0219,Terra,MODIS,73,6.2,309.7,39.3,D,0
-17.1888,126.8954,328.6,2.2,1.4,2014-10-01,0219,Terra,MODIS,36,6.2,304.1,32.1,D,0
-17.0116,127.057,330,2.3,1.5,2014-10-01,0219,Terra,MODIS,55,6.2,299.4,52.8,D,0
-17.5409,130.5995,359.5,4.3,1.9,2014-10-01,0219,Terra,MODIS,99,6.2,308.3,589.4,D,0
-17.0135,127.17,342.3,2.3,1.5,2014-10-01,0219,Terra,MODIS,88,6.2,303.2,112.4,D,0
-17.1865,126.8744,343.2,2.2,1.4,2014-10-01,0219,Terra,MODIS,88,6.2,304.1,106.2,D,0
-17.1735,126.8759,324.7,2.2,1.4,2014-10-01,0219,Terra,MODIS,30,6.2,303,25.6,D,0
-17.1648,126.9039,348.5,2.2,1.4,2014-10-01,0219,Terra,MODIS,92,6.2,303.3,135.8,D,0
-17.1884,126.8798,349.2,2.2,1.4,2014-10-01,0219,Terra,MODIS,93,6.2,304.5,146.2,D,0
-17.5349,130.5645,338.7,4.3,1.9,2014-10-01,0219,Terra,MODIS,84,6.2,306.7,223.9,D,0
-17.5373,130.5589,323,4.3,1.9,2014-10-01,0219,Terra,MODIS,43,6.2,306.3,60.9,D,0
-17.0254,127.185,363.4,2.3,1.5,2014-10-01,0219,Terra,MODIS,100,6.2,307.4,273,D,0
-17.2648,127.1006,327.6,2.3,1.5,2014-10-01,0219,Terra,MODIS,54,6.2,307.8,27.8,D,0
-17.2673,127.1221,327,2.3,1.5,2014-10-01,0219,Terra,MODIS,55,6.2,309.1,25.6,D,0
-17.0619,124.2549,327.1,1.4,1.2,2014-10-01,0219,Terra,MODIS,28,6.2,310.7,12.4,D,0
-16.8354,122.8971,331.8,1.2,1.1,2014-10-01,0219,Terra,MODIS,62,6.2,308.9,17.7,D,0
-16.8254,124.1311,346.9,1.4,1.2,2014-10-01,0219,Terra,MODIS,87,6.2,309.4,58.2,D,0
-17.0831,126.9836,330.3,2.2,1.5,2014-10-01,0219,Terra,MODIS,69,6.2,302.9,49.9,D,0
-17.1624,126.8831,340.8,2.2,1.4,2014-10-01,0219,Terra,MODIS,86,6.2,302.6,92.4,D,0
-17.8988,123.939,334.5,1.4,1.2,2014-10-01,0219,Terra,MODIS,74,6.2,313,22.2,D,0
-16.897,122.8934,333.4,1.2,1.1,2014-10-01,0219,Terra,MODIS,42,6.2,314,18.2,D,0
-17.1542,126.9262,326.7,2.2,1.4,2014-10-01,0219,Terra,MODIS,36,6.2,304.6,28.1,D,0
-16.8271,124.1441,337.7,1.4,1.2,2014-10-01,0219,Terra,MODIS,37,6.2,312.1,28.5,D,0
-17.0807,126.9628,340.8,2.2,1.4,2014-10-01,0219,Terra,MODIS,86,6.2,304.9,100,D,0
-17.8291,131.2105,336.2,4.8,2,2014-10-01,0219,Terra,MODIS,82,6.2,309.4,207,D,0
-17.8471,131.2087,357.6,4.8,2,2014-10-01,0219,Terra,MODIS,98,6.2,311.7,584.1,D,0
-17.8272,131.2055,332.5,4.8,2,2014-10-01,0219,Terra,MODIS,52,6.2,309.1,154.5,D,0
-17.8452,131.2037,353,4.8,2,2014-10-01,0219,Terra,MODIS,96,6.2,311.4,481.3,D,0
-17.8633,131.2021,351.6,4.8,2,2014-10-01,0219,Terra,MODIS,95,6.2,310.8,424.9,D,0
-17.8731,131.1113,344.9,4.7,2,2014-10-01,0219,Terra,MODIS,89,6.2,306.5,349.9,D,0
-17.8613,131.1955,353.1,4.8,2,2014-10-01,0219,Terra,MODIS,96,6.2,311,455.5,D,0
-17.8717,131.1044,337.2,4.7,2,2014-10-01,0219,Terra,MODIS,66,6.2,305.6,225.8,D,0
-17.9132,131.1528,349.5,4.7,2,2014-10-01,0219,Terra,MODIS,85,6.2,308.9,409.9,D,0
-18.0777,131.2088,324.1,4.8,2,2014-10-01,0219,Terra,MODIS,60,6.2,296.2,144.7,D,0
-17.8651,131.2408,332.2,4.8,2,2014-10-01,0219,Terra,MODIS,41,6.2,310.3,97.8,D,0
-18.0415,131.2122,366.9,4.8,2,2014-10-01,0219,Terra,MODIS,100,6.2,304.8,933.8,D,0
-18.0377,131.1668,368.2,4.8,2,2014-10-01,0219,Terra,MODIS,100,6.2,296.8,966.3,D,0
-18.0621,131.218,361.8,4.8,2,2014-10-01,0219,Terra,MODIS,100,6.2,300.3,800,D,0
-18.0439,131.2196,370.8,4.8,2,2014-10-01,0219,Terra,MODIS,100,6.2,305.2,1055.4,D,0
-18.0399,131.1743,371.2,4.8,2,2014-10-01,0219,Terra,MODIS,100,6.2,297.1,1055.7,D,0
-18.0218,131.1759,387.9,4.8,2,2014-10-01,0219,Terra,MODIS,100,6.2,306.4,1680.7,D,0
-18.0802,131.2163,326.4,4.8,2,2014-10-01,0219,Terra,MODIS,67,6.2,296.1,167.4,D,0
-17.9313,131.1511,361.8,4.7,2,2014-10-01,0219,Terra,MODIS,100,6.2,305.2,697.5,D,0
-17.8935,131.1476,342.9,4.7,2,2014-10-01,0219,Terra,MODIS,71,6.2,308,297,D,0
-17.9115,131.1458,359,4.7,2,2014-10-01,0219,Terra,MODIS,99,6.2,309,626.5,D,0
-17.9295,131.1441,371.9,4.7,2,2014-10-01,0219,Terra,MODIS,100,6.2,305.9,998,D,0
-17.9655,131.1408,366.2,4.7,2,2014-10-01,0219,Terra,MODIS,100,6.2,300.5,834.8,D,0
-17.9835,131.1392,377.7,4.7,2,2014-10-01,0219,Terra,MODIS,100,6.2,307,1219.1,D,0
-18.0015,131.1375,383.8,4.7,2,2014-10-01,0219,Terra,MODIS,100,6.2,308,1470.9,D,0
-17.909,131.108,394.2,4.7,2,2014-10-01,0219,Terra,MODIS,100,6.2,307.8,1927.8,D,0
-18.0195,131.1359,386.7,4.7,2,2014-10-01,0219,Terra,MODIS,100,6.2,301.6,1612.5,D,0
-17.8911,131.1097,373.1,4.7,2,2014-10-01,0219,Terra,MODIS,100,6.2,306,1048,D,0
-18.0238,131.1809,387,4.8,2,2014-10-01,0219,Terra,MODIS,100,6.2,305.8,1646.9,D,0
-17.9269,131.1063,394.4,4.7,2,2014-10-01,0219,Terra,MODIS,100,6.2,303.8,1939.9,D,0
-17.8896,131.1028,369.9,4.7,2,2014-10-01,0219,Terra,MODIS,100,6.2,305.1,954.7,D,0
-17.9076,131.101,381.7,4.7,2,2014-10-01,0219,Terra,MODIS,100,6.2,306.1,1370.7,D,0
-17.9255,131.0993,384,4.7,2,2014-10-01,0219,Terra,MODIS,100,6.2,302.9,1468.2,D,0
-17.9458,131.1378,363.7,4.7,2,2014-10-01,0219,Terra,MODIS,100,6.2,290.6,764,D,0
-17.9638,131.136,365.9,4.7,2,2014-10-01,0219,Terra,MODIS,100,6.2,299,828.2,D,0
-17.9818,131.1343,377.7,4.7,2,2014-10-01,0219,Terra,MODIS,100,6.2,306.1,1220.9,D,0
-17.9998,131.1326,381.4,4.7,2,2014-10-01,0219,Terra,MODIS,100,6.2,307.4,1383.3,D,0
-17.9435,131.0977,360.5,4.7,2,2014-10-01,0219,Terra,MODIS,100,6.2,297.6,700.5,D,0
-17.9614,131.0962,322.4,4.7,2,2014-10-01,0219,Terra,MODIS,12,6.2,297.5,82.4,D,0
-17.942,131.093,351.9,4.7,2,2014-10-01,0219,Terra,MODIS,95,6.2,297.9,505.5,D,0
-17.9973,131.0929,343.3,4.7,2,2014-10-01,0219,Terra,MODIS,89,6.2,302,359.6,D,0
-18.0178,131.1309,378,4.7,2,2014-10-01,0219,Terra,MODIS,100,6.2,301.2,1269.6,D,0
-18.0596,131.2105,364.2,4.8,2,2014-10-01,0219,Terra,MODIS,100,6.2,300.2,862.8,D,0
-17.8428,131.1643,335.6,4.7,2,2014-10-01,0219,Terra,MODIS,50,6.2,309.2,181.4,D,0
-19.085,126.4386,361,2.2,1.4,2014-10-01,0219,Terra,MODIS,100,6.2,316.6,211.9,D,0
-17.9671,123.9238,366.8,1.4,1.2,2014-10-01,0219,Terra,MODIS,100,6.2,316,139.5,D,0
-17.9687,123.9369,374.8,1.4,1.2,2014-10-01,0219,Terra,MODIS,100,6.2,318.4,179.7,D,0
-17.9776,123.9224,380.7,1.4,1.2,2014-10-01,0219,Terra,MODIS,100,6.2,311.1,223.4,D,0
-17.9792,123.9355,395.3,1.4,1.2,2014-10-01,0219,Terra,MODIS,100,6.2,317.2,333.7,D,0
-17.9898,123.9341,388.3,1.4,1.2,2014-10-01,0219,Terra,MODIS,100,6.2,313.6,278.2,D,0
-17.9914,123.9472,340.1,1.4,1.2,2014-10-01,0219,Terra,MODIS,38,6.2,311.9,36.8,D,0
-18.0003,123.9326,372.3,1.4,1.2,2014-10-01,0219,Terra,MODIS,100,6.2,309,173.2,D,0
-18.002,123.9457,337.4,1.4,1.2,2014-10-01,0219,Terra,MODIS,31,6.2,310.7,33.4,D,0
-17.9565,123.9253,354.6,1.4,1.2,2014-10-01,0219,Terra,MODIS,96,6.2,313.6,84.3,D,0
-17.9582,123.9383,341.9,1.4,1.2,2014-10-01,0219,Terra,MODIS,68,6.2,314.2,38.2,D,0
-19.0873,126.4591,356.9,2.2,1.4,2014-10-01,0219,Terra,MODIS,98,6.2,312,181.9,D,0
-21.3954,117.4456,361.4,1.1,1,2014-10-01,0220,Terra,MODIS,100,6.2,310,82.3,D,0
-21.397,117.4559,360,1.1,1,2014-10-01,0220,Terra,MODIS,100,6.2,313.7,75.5,D,0
-21.4047,117.444,357.3,1.1,1,2014-10-01,0220,Terra,MODIS,98,6.2,311.7,69.6,D,0
-21.4063,117.4542,354.6,1.1,1,2014-10-01,0220,Terra,MODIS,96,6.2,314.6,59.6,D,0
-21.4124,117.432,337,1.1,1,2014-10-01,0220,Terra,MODIS,80,6.2,309.4,26.1,D,0
-21.414,117.4423,346.9,1.1,1,2014-10-01,0220,Terra,MODIS,91,6.2,313.8,44.2,D,0
-21.4172,117.4629,337.6,1.1,1,2014-10-01,0220,Terra,MODIS,49,6.2,313.8,19,D,0
-21.4192,117.4353,337.8,1.1,1,2014-10-01,0220,Terra,MODIS,82,6.2,311.6,27.3,D,0
-21.4169,117.3612,374,1.1,1,2014-10-01,0220,Terra,MODIS,100,6.2,314.9,126.1,D,0
-21.4285,117.4337,340.9,1.1,1,2014-10-01,0220,Terra,MODIS,85,6.2,312,31.4,D,0
-21.4301,117.4441,371.2,1.1,1,2014-10-01,0220,Terra,MODIS,100,6.2,316.3,114.3,D,0
-21.4318,117.4544,337.1,1.1,1,2014-10-01,0220,Terra,MODIS,81,6.2,313.6,22.9,D,0
-21.4245,117.349,329,1.1,1,2014-10-01,0220,Terra,MODIS,65,6.2,312.3,12.1,D,0
-21.4262,117.3595,326.7,1.1,1,2014-10-01,0220,Terra,MODIS,56,6.2,311.9,9.2,D,0
-21.4394,117.4423,349.5,1.1,1,2014-10-01,0220,Terra,MODIS,93,6.2,312.1,47.3,D,0
-21.441,117.4527,333,1.1,1,2014-10-01,0220,Terra,MODIS,74,6.2,312.3,14.5,D,0
-21.4454,117.42,325.9,1.1,1,2014-10-01,0220,Terra,MODIS,35,6.2,310.4,7.6,D,0
-21.447,117.4303,356,1.1,1,2014-10-01,0220,Terra,MODIS,97,6.2,312.9,64.8,D,0
-21.4558,117.365,331.9,1.1,1,2014-10-01,0220,Terra,MODIS,72,6.2,311.7,16.2,D,0
-21.4651,117.3633,328.7,1.1,1,2014-10-01,0220,Terra,MODIS,60,6.2,312,11.5,D,0
-21.2684,117.3462,331.8,1.1,1,2014-10-01,0220,Terra,MODIS,54,6.2,316.6,9.8,D,0
-21.2777,117.3445,336.3,1.1,1,2014-10-01,0220,Terra,MODIS,79,6.2,317.6,17.1,D,0
-21.3861,117.4472,343.5,1.1,1,2014-10-01,0220,Terra,MODIS,88,6.2,308.5,38.6,D,0
-21.3877,117.4576,382.7,1.1,1,2014-10-01,0220,Terra,MODIS,100,6.2,313.6,166.2,D,0
-21.3816,117.4797,347.4,1.1,1,2014-10-01,0220,Terra,MODIS,91,6.2,310.8,45.8,D,0
-21.3893,117.4678,363.1,1.1,1,2014-10-01,0220,Terra,MODIS,100,6.2,312.8,85.5,D,0
-21.3909,117.4781,365.7,1.1,1,2014-10-01,0220,Terra,MODIS,100,6.2,314.8,94.3,D,0
-21.3926,117.4884,343.3,1.1,1,2014-10-01,0220,Terra,MODIS,85,6.2,311.7,35.4,D,0
-21.4002,117.4765,336.5,1.1,1,2014-10-01,0220,Terra,MODIS,36,6.2,313.6,20.6,D,0
-21.4306,117.5072,327.1,1.1,1,2014-10-01,0220,Terra,MODIS,36,6.2,312.3,10.7,D,0
-21.4525,117.5245,334.3,1.1,1,2014-10-01,0220,Terra,MODIS,70,6.2,310.7,19.1,D,0
-21.4541,117.5347,325.9,1.1,1,2014-10-01,0220,Terra,MODIS,19,6.2,311.5,7.9,D,0
-21.4617,117.5229,375,1.1,1,2014-10-01,0220,Terra,MODIS,100,6.2,314.2,127.5,D,0
-21.4633,117.5331,348.6,1.1,1,2014-10-01,0220,Terra,MODIS,92,6.2,314.4,45.8,D,0
-21.4645,117.4803,327,1.1,1,2014-10-01,0220,Terra,MODIS,47,6.2,312.9,7.1,D,0
-21.4803,117.5197,341.6,1.1,1,2014-10-01,0220,Terra,MODIS,77,6.2,313.3,27.4,D,0
-21.4819,117.5299,344.9,1.1,1,2014-10-01,0220,Terra,MODIS,85,6.2,314.6,34.3,D,0
-21.4911,117.5283,333.3,1.1,1,2014-10-01,0220,Terra,MODIS,30,6.2,313.6,14.4,D,0
-21.5224,116.3135,361.9,1.2,1.1,2014-10-01,0220,Terra,MODIS,100,6.2,314.6,96.4,D,0
-21.5243,116.325,399.8,1.2,1.1,2014-10-01,0220,Terra,MODIS,100,6.2,317.1,305.6,D,0
-21.5322,116.3117,334.1,1.2,1.1,2014-10-01,0220,Terra,MODIS,71,6.2,312.4,20.4,D,0
-21.5341,116.3232,341.1,1.2,1.1,2014-10-01,0220,Terra,MODIS,85,6.2,311.6,34.7,D,0
-21.542,116.3098,332.1,1.2,1.1,2014-10-01,0220,Terra,MODIS,71,6.2,313.1,17.9,D,0
-21.5439,116.3214,331.7,1.2,1.1,2014-10-01,0220,Terra,MODIS,70,6.2,313.2,17.2,D,0
-19.9578,120.2533,334.3,1,1,2014-10-01,0220,Terra,MODIS,72,6.2,318.8,12.3,D,0
-21.4964,117.3792,336.9,1.1,1,2014-10-01,0220,Terra,MODIS,80,6.2,314.5,21.7,D,0
-21.498,117.3895,331.5,1.1,1,2014-10-01,0220,Terra,MODIS,70,6.2,314.8,12.3,D,0
-21.5028,117.3821,329,1.1,1,2014-10-01,0220,Terra,MODIS,24,6.2,314.5,10.6,D,0
-21.5138,117.3908,339.9,1.1,1,2014-10-01,0220,Terra,MODIS,82,6.2,315.4,26.4,D,0
-21.5154,117.4012,337.2,1.1,1,2014-10-01,0220,Terra,MODIS,67,6.2,316.6,20.9,D,0
-21.5247,117.3995,331.8,1.1,1,2014-10-01,0220,Terra,MODIS,68,6.2,314.2,12.3,D,0
-21.3591,119.704,331.3,1,1,2014-10-01,0220,Terra,MODIS,69,6.2,317.3,10.8,D,0
-21.3605,119.7136,333.9,1,1,2014-10-01,0220,Terra,MODIS,75,6.2,316.3,14.4,D,0
-21.5852,116.2663,328.4,1.2,1.1,2014-10-01,0220,Terra,MODIS,40,6.2,314,10.7,D,0
-21.05,116.6252,334.8,1.2,1.1,2014-10-01,0220,Terra,MODIS,77,6.2,315.1,20.2,D,0
-21.062,116.5767,330.7,1.2,1.1,2014-10-01,0220,Terra,MODIS,58,6.2,315.1,15.3,D,0
-22.9198,118.0068,389.3,1,1,2014-10-01,0220,Terra,MODIS,100,6.2,318.7,183.5,D,0
-22.8764,118.0207,326.4,1,1,2014-10-01,0220,Terra,MODIS,58,6.2,312.6,6.6,D,0
-22.9229,118.0266,343.3,1,1,2014-10-01,0220,Terra,MODIS,88,6.2,314.9,31.6,D,0
-22.8779,118.0306,330.2,1,1,2014-10-01,0220,Terra,MODIS,68,6.2,314.1,10.6,D,0
-22.9289,118.0052,346.1,1,1,2014-10-01,0220,Terra,MODIS,90,6.2,307.7,39.6,D,0
-22.9304,118.0151,370.5,1,1,2014-10-01,0220,Terra,MODIS,100,6.2,312.1,103,D,0
-22.9183,117.997,347.7,1,1,2014-10-01,0220,Terra,MODIS,92,6.2,310.8,43.4,D,0
-22.9319,118.025,354.3,1,1,2014-10-01,0220,Terra,MODIS,96,6.2,313.8,55.3,D,0
-22.9214,118.0167,391,1,1,2014-10-01,0220,Terra,MODIS,100,6.2,319.8,190.4,D,0
-23.5791,121.6048,383,1.2,1.1,2014-10-01,0220,Terra,MODIS,100,6.2,323.1,194.3,D,0
-22.7303,122.6199,332.8,1.3,1.1,2014-10-01,0220,Terra,MODIS,63,6.2,314.9,21.6,D,0
-22.7319,122.6328,349.2,1.3,1.1,2014-10-01,0220,Terra,MODIS,93,6.2,316,66.2,D,0
-23.5806,121.6165,368.6,1.2,1.1,2014-10-01,0220,Terra,MODIS,100,6.2,319.9,123.9,D,0
-22.7358,122.5796,332.9,1.3,1.1,2014-10-01,0220,Terra,MODIS,74,6.2,314.2,24,D,0
-22.7374,122.5926,334.2,1.3,1.1,2014-10-01,0220,Terra,MODIS,77,6.2,315.4,26,D,0
-23.5821,121.6283,327.1,1.2,1.1,2014-10-01,0220,Terra,MODIS,60,6.2,313.5,12,D,0
-23.5875,121.5917,338.3,1.2,1.1,2014-10-01,0220,Terra,MODIS,82,6.2,311,30.9,D,0
-23.5889,121.6034,393.1,1.2,1.1,2014-10-01,0220,Terra,MODIS,100,6.2,315.3,256.6,D,0
-23.5784,121.6114,373,1.2,1.1,2014-10-01,0220,Terra,MODIS,100,6.2,322.4,141.2,D,0
-23.5769,121.5997,334.9,1.2,1.1,2014-10-01,0220,Terra,MODIS,78,6.2,317.1,23.4,D,0
-23.5904,121.6151,334.6,1.2,1.1,2014-10-01,0220,Terra,MODIS,78,6.2,312.3,22.8,D,0
-22.7461,122.5782,351.8,1.3,1.1,2014-10-01,0220,Terra,MODIS,94,6.2,314.3,72.7,D,0
-22.7477,122.5911,342.2,1.3,1.1,2014-10-01,0220,Terra,MODIS,83,6.2,314.3,43.2,D,0
-23.58,121.6231,344.9,1.2,1.1,2014-10-01,0220,Terra,MODIS,89,6.2,315.7,42.9,D,0
-24.4116,128.6039,325.6,3.7,1.8,2014-10-01,0221,Terra,MODIS,63,6.2,308.8,73.8,D,0
-24.4189,128.5981,324.5,3.7,1.8,2014-10-01,0221,Terra,MODIS,60,6.2,308,65.8,D,0
-34.0285,116.7016,311.6,1,1,2014-10-01,0223,Terra,MODIS,69,6.2,295.9,8.5,D,0
-34.027,116.6907,310.3,1,1,2014-10-01,0223,Terra,MODIS,67,6.2,296,7.6,D,0
-29.3946,151.4266,317.8,1.8,1.3,2014-10-01,0323,Aqua,MODIS,66,6.2,304,18.6,D,0
-30.9158,151.63,312,1.9,1.3,2014-10-01,0323,Aqua,MODIS,62,6.2,298.4,14.9,D,0
-31.454,152.0595,312.2,1.8,1.3,2014-10-01,0323,Aqua,MODIS,67,6.2,297,20.1,D,0
-31.4248,152.1135,314.1,1.8,1.3,2014-10-01,0323,Aqua,MODIS,70,6.2,294,25.3,D,0
-31.6196,151.7192,309.5,1.9,1.3,2014-10-01,0323,Aqua,MODIS,35,6.2,297.9,15.5,D,0
-32.2895,151.7205,308.4,1.9,1.3,2014-10-01,0323,Aqua,MODIS,43,6.2,297.6,15.9,D,0
-29.4249,152.7874,325.7,1.5,1.2,2014-10-01,0323,Aqua,MODIS,79,6.2,303.1,29.4,D,0
-30.8575,147.7751,312,3.4,1.7,2014-10-01,0323,Aqua,MODIS,52,6.2,300.7,32.2,D,0
-30.8518,147.7826,311,3.4,1.7,2014-10-01,0323,Aqua,MODIS,52,6.2,300.7,30.4,D,0
-30.2942,148.9032,315.2,2.8,1.6,2014-10-01,0323,Aqua,MODIS,55,6.2,303.6,29.1,D,0
-30.2931,148.8982,314.8,2.8,1.6,2014-10-01,0323,Aqua,MODIS,62,6.2,303.8,28.2,D,0
-29.8567,151.078,312.7,2,1.4,2014-10-01,0323,Aqua,MODIS,41,6.2,301.1,12.3,D,0
-29.852,151.0911,312.8,2,1.4,2014-10-01,0323,Aqua,MODIS,26,6.2,302.2,12.4,D,0
-29.1026,149.0205,317.1,2.7,1.6,2014-10-01,0324,Aqua,MODIS,44,6.2,305.4,22.7,D,0
-29.0986,149.0127,319.2,2.7,1.6,2014-10-01,0324,Aqua,MODIS,59,6.2,305.4,33,D,0
-28.2326,150.1841,321.3,2.1,1.4,2014-10-01,0324,Aqua,MODIS,62,6.2,309.2,17.1,D,0
-26.3973,149.6468,340.3,2.2,1.4,2014-10-01,0324,Aqua,MODIS,87,6.2,307.7,96.2,D,0
-26.0958,151.2722,328.9,1.7,1.3,2014-10-01,0324,Aqua,MODIS,75,6.2,305.6,35.3,D,0
-26.0998,151.2673,333.4,1.7,1.3,2014-10-01,0324,Aqua,MODIS,81,6.2,306.5,48.4,D,0
-26.6979,151.7154,328.2,1.6,1.2,2014-10-01,0324,Aqua,MODIS,75,6.2,310.5,24.9,D,0
-25.78,150.9253,323,1.8,1.3,2014-10-01,0324,Aqua,MODIS,63,6.2,309,17.5,D,0
-27.4221,150.546,339.2,2,1.4,2014-10-01,0324,Aqua,MODIS,86,6.2,309.5,84.7,D,0
-25.7859,150.9213,321.9,1.8,1.3,2014-10-01,0324,Aqua,MODIS,54,6.2,308.3,13.7,D,0
-26.6996,151.699,331,1.6,1.3,2014-10-01,0324,Aqua,MODIS,78,6.2,308.7,32,D,0
-26.6989,151.7087,333.1,1.6,1.2,2014-10-01,0324,Aqua,MODIS,81,6.2,310.6,36.7,D,0
-26.0976,151.2552,318.8,1.7,1.3,2014-10-01,0324,Aqua,MODIS,16,6.2,305.1,9.6,D,0
-26.0822,151.213,322.5,1.7,1.3,2014-10-01,0324,Aqua,MODIS,59,6.2,306.9,19.2,D,0
-28.4726,152.1256,331.5,1.6,1.2,2014-10-01,0324,Aqua,MODIS,82,6.2,304.3,44.8,D,0
-28.4743,152.1098,318.8,1.6,1.2,2014-10-01,0324,Aqua,MODIS,36,6.2,302,18.7,D,0
-28.4734,152.119,327.9,1.6,1.2,2014-10-01,0324,Aqua,MODIS,76,6.2,304,34.7,D,0
-27.6634,152.7866,322.7,1.4,1.2,2014-10-01,0324,Aqua,MODIS,65,6.2,306.3,12.2,D,0
-28.3804,149.2204,319.5,2.5,1.5,2014-10-01,0324,Aqua,MODIS,55,6.2,308,23.7,D,0
-28.5397,152.3472,315.7,1.6,1.2,2014-10-01,0324,Aqua,MODIS,39,6.2,300.2,14.1,D,0
-28.5393,152.3524,321,1.6,1.2,2014-10-01,0324,Aqua,MODIS,69,6.2,300.3,24.8,D,0
-28.7921,152.2183,316.6,1.6,1.2,2014-10-01,0324,Aqua,MODIS,49,6.2,297.6,16.4,D,0
-25.3633,149.6357,331.9,2.2,1.4,2014-10-01,0325,Aqua,MODIS,80,6.2,307.3,58.7,D,0
-24.8067,150.913,337.8,1.7,1.3,2014-10-01,0325,Aqua,MODIS,87,6.2,303.4,66.9,D,0
-24.0514,150.6555,323,1.8,1.3,2014-10-01,0325,Aqua,MODIS,36,6.2,300.2,25.6,D,0
-24.0533,150.638,332.6,1.8,1.3,2014-10-01,0325,Aqua,MODIS,75,6.2,301.4,53.1,D,0
-24.0397,150.6536,337.5,1.8,1.3,2014-10-01,0325,Aqua,MODIS,86,6.2,301.6,69.9,D,0
-24.028,150.652,323.5,1.8,1.3,2014-10-01,0325,Aqua,MODIS,24,6.2,300.8,29.9,D,0
-24.7933,152.0528,324.9,1.4,1.2,2014-10-01,0325,Aqua,MODIS,72,6.2,303.9,23.6,D,0
-25.3761,149.6375,321.3,2.2,1.4,2014-10-01,0325,Aqua,MODIS,61,6.2,304.8,22.7,D,0
-24.4484,151.4857,316.1,1.6,1.2,2014-10-01,0325,Aqua,MODIS,35,6.2,303.7,12.2,D,0
-25.4324,152.3294,327.2,1.4,1.2,2014-10-01,0325,Aqua,MODIS,72,6.2,302.4,25.7,D,0
-25.3652,149.6311,329.3,2.2,1.4,2014-10-01,0325,Aqua,MODIS,77,6.2,307.2,46.9,D,0
-25.2893,149.0715,320.3,2.4,1.5,2014-10-01,0325,Aqua,MODIS,23,6.2,304.3,30.3,D,0
-25.287,149.0951,327.5,2.3,1.5,2014-10-01,0325,Aqua,MODIS,72,6.2,302.1,57.3,D,0
-22.9446,150.4742,331.5,1.7,1.3,2014-10-01,0325,Aqua,MODIS,81,6.2,300,51.8,D,0
-22.9464,150.4573,347.3,1.7,1.3,2014-10-01,0325,Aqua,MODIS,93,6.2,301.4,111.8,D,0
-22.9329,150.4727,336.1,1.7,1.3,2014-10-01,0325,Aqua,MODIS,85,6.2,300.2,66.9,D,0
-22.9347,150.4558,316.6,1.7,1.3,2014-10-01,0325,Aqua,MODIS,7,6.2,298.5,17.3,D,0
-22.9262,150.467,321.2,1.7,1.3,2014-10-01,0325,Aqua,MODIS,33,6.2,299.9,25,D,0
-22.9292,150.5067,330.1,1.7,1.3,2014-10-01,0325,Aqua,MODIS,79,6.2,300.9,49.2,D,0
-22.931,150.4898,344.2,1.7,1.3,2014-10-01,0325,Aqua,MODIS,91,6.2,301.7,95.7,D,0
-23.8961,150.818,322.3,1.7,1.3,2014-10-01,0325,Aqua,MODIS,59,6.2,302.5,25,D,0
-23.8979,150.8018,338.9,1.7,1.3,2014-10-01,0325,Aqua,MODIS,87,6.2,304.1,71.3,D,0
-23.8996,150.7856,321.3,1.7,1.3,2014-10-01,0325,Aqua,MODIS,24,6.2,304.2,18.6,D,0
-23.8898,150.7671,319.6,1.7,1.3,2014-10-01,0325,Aqua,MODIS,40,6.2,305.2,13.2,D,0
-23.4313,150.6187,328.7,1.7,1.3,2014-10-01,0325,Aqua,MODIS,58,6.2,305.9,40.5,D,0
-25.1274,149.6772,330,2.1,1.4,2014-10-01,0325,Aqua,MODIS,79,6.2,304.1,55.9,D,0
-23.1271,148.0617,327.6,2.6,1.6,2014-10-01,0325,Aqua,MODIS,68,6.2,315,42.6,D,0
-24.8031,150.9476,337.8,1.7,1.3,2014-10-01,0325,Aqua,MODIS,87,6.2,300.7,70.9,D,0
-25.1518,149.0449,331.4,2.4,1.5,2014-10-01,0325,Aqua,MODIS,80,6.2,304.3,78.1,D,0
-25.147,149.0512,328.8,2.4,1.5,2014-10-01,0325,Aqua,MODIS,77,6.2,303.1,67.7,D,0
-24.8013,150.9645,316,1.7,1.3,2014-10-01,0325,Aqua,MODIS,40,6.2,299.9,15.6,D,0
-25.6811,150.4744,321.5,1.9,1.3,2014-10-01,0325,Aqua,MODIS,48,6.2,308.6,17.2,D,0
-25.2736,149.0936,325.6,2.3,1.5,2014-10-01,0325,Aqua,MODIS,62,6.2,301.3,49.3,D,0
-24.5386,150.7536,325.3,1.8,1.3,2014-10-01,0325,Aqua,MODIS,74,6.2,306.5,23.5,D,0
-24.5335,150.4044,319.8,1.9,1.3,2014-10-01,0325,Aqua,MODIS,65,6.2,307.1,14.7,D,0
-25.434,152.3154,340,1.4,1.2,2014-10-01,0325,Aqua,MODIS,88,6.2,305,56.2,D,0
-23.2493,147.3949,318.9,2.9,1.6,2014-10-01,0325,Aqua,MODIS,50,6.2,306.1,29.3,D,0
-23.2498,147.3904,320.1,2.9,1.6,2014-10-01,0325,Aqua,MODIS,53,6.2,306.1,33.9,D,0
-22.8866,149.547,322.7,2,1.4,2014-10-01,0325,Aqua,MODIS,35,6.2,307.8,23.5,D,0
-22.8887,149.5276,365.4,2,1.4,2014-10-01,0325,Aqua,MODIS,100,6.2,308.8,256.4,D,0
-23.8297,147.2822,330,3,1.7,2014-10-01,0325,Aqua,MODIS,78,6.2,305.9,92.4,D,0
-22.6182,149.6344,319.6,2,1.4,2014-10-01,0325,Aqua,MODIS,60,6.2,306.9,19.2,D,0
-22.8906,149.509,323.4,2,1.4,2014-10-01,0325,Aqua,MODIS,32,6.2,303.5,31.9,D,0
-23.8437,147.2909,322.3,3,1.7,2014-10-01,0325,Aqua,MODIS,52,6.2,304.8,50.4,D,0
-23.8448,147.2839,322.9,3,1.7,2014-10-01,0325,Aqua,MODIS,65,6.2,304.2,55.6,D,0
-25.4374,152.3212,318.3,1.4,1.2,2014-10-01,0325,Aqua,MODIS,27,6.2,303.3,11.2,D,0
-22.8624,149.1521,323.1,2.2,1.4,2014-10-01,0325,Aqua,MODIS,47,6.2,305.8,31.9,D,0
-22.8645,149.131,342.7,2.2,1.4,2014-10-01,0325,Aqua,MODIS,90,6.2,304.9,118.7,D,0
-22.8643,149.1472,324.5,2.2,1.4,2014-10-01,0325,Aqua,MODIS,71,6.2,305.3,39.1,D,0
-22.8665,149.1261,328.9,2.2,1.4,2014-10-01,0325,Aqua,MODIS,77,6.2,304.1,56.7,D,0
-22.8514,149.1456,343.8,2.2,1.4,2014-10-01,0325,Aqua,MODIS,91,6.2,306.4,119.5,D,0
-22.8536,149.1247,345.7,2.2,1.4,2014-10-01,0325,Aqua,MODIS,92,6.2,302.6,132.7,D,0
-22.8385,149.1441,357.6,2.2,1.4,2014-10-01,0325,Aqua,MODIS,98,6.2,307.3,212.1,D,0
-22.8406,149.1232,342,2.2,1.4,2014-10-01,0325,Aqua,MODIS,83,6.2,301.8,112.6,D,0
-22.8234,149.1634,323.6,2.2,1.4,2014-10-01,0325,Aqua,MODIS,44,6.2,305.4,30,D,0
-22.8256,149.1425,352.2,2.2,1.4,2014-10-01,0325,Aqua,MODIS,96,6.2,306.2,178.1,D,0
-24.319,151.5174,317.1,1.5,1.2,2014-10-01,0325,Aqua,MODIS,53,6.2,303.7,11.7,D,0
-24.3208,151.5022,335.1,1.5,1.2,2014-10-01,0325,Aqua,MODIS,85,6.2,305,51.2,D,0
-25.4217,152.328,325.3,1.4,1.2,2014-10-01,0325,Aqua,MODIS,67,6.2,304.5,22.1,D,0
-25.304,148.2564,324.7,2.7,1.6,2014-10-01,0325,Aqua,MODIS,70,6.2,306.3,47.6,D,0
-22.6162,149.6536,318.7,2,1.4,2014-10-01,0325,Aqua,MODIS,57,6.2,306.8,16.7,D,0
-25.0628,151.3815,326.2,1.6,1.2,2014-10-01,0325,Aqua,MODIS,74,6.2,308.3,24.5,D,0
-25.3066,148.2615,324.2,2.7,1.6,2014-10-01,0325,Aqua,MODIS,69,6.2,306.6,42.2,D,0
-24.9256,151.3906,317.3,1.6,1.2,2014-10-01,0325,Aqua,MODIS,39,6.2,304.8,11.2,D,0
-25.4357,152.3013,319.5,1.4,1.2,2014-10-01,0325,Aqua,MODIS,31,6.2,304.7,11.9,D,0
-23.8016,147.2749,318.2,3,1.7,2014-10-01,0325,Aqua,MODIS,32,6.2,302.3,28.9,D,0
-25.4234,152.3139,320.6,1.4,1.2,2014-10-01,0325,Aqua,MODIS,32,6.2,304.4,13.5,D,0
-23.4362,150.3572,325.1,1.8,1.3,2014-10-01,0325,Aqua,MODIS,71,6.2,303.1,32.5,D,0
-20.7994,148.5707,358.2,2.2,1.4,2014-10-01,0326,Aqua,MODIS,99,6.2,301.3,244.2,D,0
-20.8016,148.5492,337,2.2,1.5,2014-10-01,0326,Aqua,MODIS,85,6.2,301.5,109.1,D,0
-20.8124,148.5726,342.7,2.2,1.4,2014-10-01,0326,Aqua,MODIS,89,6.2,302,140.5,D,0
-20.8145,148.5528,323.6,2.2,1.5,2014-10-01,0326,Aqua,MODIS,67,6.2,298.6,57.7,D,0
-19.8088,147.2109,322.5,2.7,1.6,2014-10-01,0326,Aqua,MODIS,59,6.2,305.6,41.7,D,0
-19.8113,147.1846,319.4,2.8,1.6,2014-10-01,0326,Aqua,MODIS,49,6.2,304.5,28.9,D,0
-19.8063,147.2059,324,2.7,1.6,2014-10-01,0326,Aqua,MODIS,63,6.2,305.4,48.9,D,0
-21.1088,144.4665,325.1,4.5,2,2014-10-01,0326,Aqua,MODIS,69,6.2,309.5,90.7,D,0
-21.1048,144.5129,324.6,4.5,2,2014-10-01,0326,Aqua,MODIS,54,6.2,309.9,73.3,D,0
-21.1053,144.5099,325.3,4.5,2,2014-10-01,0326,Aqua,MODIS,70,6.2,309.9,90.2,D,0
-21.1081,144.4695,326.9,4.5,2,2014-10-01,0326,Aqua,MODIS,69,6.2,309.5,98.9,D,0
-15.2632,145.115,313.3,3.4,1.7,2014-10-01,0327,Aqua,MODIS,48,6.2,286.5,59.4,D,0
-15.6663,144.5343,314.4,3.8,1.8,2014-10-01,0327,Aqua,MODIS,61,6.2,301.9,31.1,D,0
-15.6628,144.5699,316.6,3.8,1.8,2014-10-01,0327,Aqua,MODIS,66,6.2,302.3,46.2,D,0
-15.6563,144.5612,315.9,3.8,1.8,2014-10-01,0327,Aqua,MODIS,65,6.2,302.1,39.9,D,0
-15.2665,145.0826,318.3,3.4,1.7,2014-10-01,0327,Aqua,MODIS,69,6.2,285.2,85.7,D,0
-14.5313,144.4362,317.4,3.8,1.8,2014-10-01,0328,Aqua,MODIS,57,6.2,294.2,56.6,D,0
-14.5273,144.4715,313.7,3.8,1.8,2014-10-01,0328,Aqua,MODIS,35,6.2,294.2,36.1,D,0
-14.5376,144.4403,316.9,3.8,1.8,2014-10-01,0328,Aqua,MODIS,67,6.2,295,54.4,D,0
-15.2808,143.6839,320.4,4.4,1.9,2014-10-01,0328,Aqua,MODIS,41,6.2,301.3,82.5,D,0
-15.2633,143.682,319,4.4,1.9,2014-10-01,0328,Aqua,MODIS,26,6.2,300.1,65.9,D,0
-12.6414,142.7996,314,4.7,2,2014-10-01,0328,Aqua,MODIS,53,6.2,291.4,68,D,0
-35.5957,138.2353,310,1.2,1.1,2014-10-01,0500,Aqua,MODIS,60,6.2,282.2,12.4,D,0
-33.0023,137.5861,315.7,1.3,1.1,2014-10-01,0501,Aqua,MODIS,43,6.2,301.5,6.6,D,0
-26.5262,141.7501,335,3.2,1.7,2014-10-01,0502,Aqua,MODIS,80,6.2,311.8,107.7,D,0
-26.5684,141.7692,339.9,3.2,1.7,2014-10-01,0502,Aqua,MODIS,85,6.2,311.1,145.9,D,0
-26.5614,141.801,355.6,3.2,1.7,2014-10-01,0502,Aqua,MODIS,97,6.2,310.3,321.3,D,0
-26.5645,141.7943,360.6,3.2,1.7,2014-10-01,0502,Aqua,MODIS,100,6.2,310.6,395.5,D,0
-26.5713,141.7624,326.7,3.2,1.7,2014-10-01,0502,Aqua,MODIS,64,6.2,311.1,47.9,D,0
-26.437,141.7471,329.6,3.2,1.7,2014-10-01,0503,Aqua,MODIS,71,6.2,310.8,64.2,D,0
-26.449,141.7576,332.2,3.2,1.7,2014-10-01,0503,Aqua,MODIS,76,6.2,311.1,85.7,D,0
-26.531,141.7464,328.5,3.2,1.7,2014-10-01,0503,Aqua,MODIS,68,6.2,311.9,59.3,D,0
-26.4558,141.7258,328.4,3.2,1.7,2014-10-01,0503,Aqua,MODIS,68,6.2,310.9,57.7,D,0
-24.4204,128.6031,356.4,1.2,1.1,2014-10-01,0504,Aqua,MODIS,97,6.2,320.8,74.1,D,0
-24.4218,128.5911,375.4,1.2,1.1,2014-10-01,0504,Aqua,MODIS,100,6.2,322.9,151.7,D,0
-24.4233,128.5792,343.9,1.2,1.1,2014-10-01,0504,Aqua,MODIS,87,6.2,318.6,39.3,D,0
-20.9554,133.2708,342.3,1.1,1.1,2014-10-01,0504,Aqua,MODIS,19,6.2,318,26.2,D,0
-20.9589,133.2489,351.5,1.1,1.1,2014-10-01,0504,Aqua,MODIS,87,6.2,318.3,54.1,D,0
-23.5888,121.6004,333.6,3.6,1.8,2014-10-01,0504,Aqua,MODIS,73,6.2,313.9,110.3,D,0
-22.7513,122.6109,358.8,2.9,1.6,2014-10-01,0504,Aqua,MODIS,99,6.2,315.5,301.5,D,0
-22.7387,122.5857,334,2.9,1.6,2014-10-01,0504,Aqua,MODIS,69,6.2,316,77.8,D,0
-22.7366,122.6093,335.7,2.9,1.6,2014-10-01,0504,Aqua,MODIS,71,6.2,317.4,86.9,D,0
-22.7587,122.5298,329,3,1.6,2014-10-01,0504,Aqua,MODIS,43,6.2,310.4,51.9,D,0
-22.751,122.6159,355.4,2.9,1.6,2014-10-01,0504,Aqua,MODIS,97,6.2,315.8,263.2,D,0
-22.7362,122.6142,335.4,2.9,1.6,2014-10-01,0504,Aqua,MODIS,75,6.2,316.9,88.3,D,0
-22.7536,122.5872,338.9,2.9,1.6,2014-10-01,0504,Aqua,MODIS,68,6.2,312.4,105.4,D,0
-22.7561,122.5585,331.3,3,1.6,2014-10-01,0504,Aqua,MODIS,34,6.2,311.2,58.7,D,0
-17.506,130.5961,337,1,1,2014-10-01,0505,Aqua,MODIS,48,6.2,317.4,14.1,D,0
-17.5669,130.5576,342.2,1,1,2014-10-01,0505,Aqua,MODIS,84,6.2,314.7,27.1,D,0
-17.5552,130.5751,348,1,1,2014-10-01,0505,Aqua,MODIS,48,6.2,318.6,30.9,D,0
-17.5566,130.5656,378.2,1,1,2014-10-01,0505,Aqua,MODIS,100,6.2,325,122.7,D,0
-17.5476,130.5642,354.1,1,1,2014-10-01,0505,Aqua,MODIS,83,6.2,319.8,45.5,D,0
-17.5593,130.5468,375.9,1,1,2014-10-01,0505,Aqua,MODIS,100,6.2,318.5,119.5,D,0
-17.5579,130.5562,431.3,1,1,2014-10-01,0505,Aqua,MODIS,100,6.2,335.6,480.8,D,0
-18.8522,128.7935,341.3,1.1,1,2014-10-01,0505,Aqua,MODIS,82,6.2,322.4,20.6,D,0
-18.8324,128.8146,336.6,1.1,1,2014-10-01,0505,Aqua,MODIS,73,6.2,323,12.3,D,0
-17.5489,130.5547,411.2,1,1,2014-10-01,0505,Aqua,MODIS,100,6.2,325.5,306.9,D,0
-17.5503,130.5453,362.7,1,1,2014-10-01,0505,Aqua,MODIS,100,6.2,315.5,76.6,D,0
-17.5399,130.5533,355.9,1,1,2014-10-01,0505,Aqua,MODIS,74,6.2,317.4,52.8,D,0
-17.5413,130.5439,340,1,1,2014-10-01,0505,Aqua,MODIS,81,6.2,311.7,26.4,D,0
-17.5358,130.5816,345.1,1,1,2014-10-01,0505,Aqua,MODIS,36,6.2,320,20.2,D,0
-17.5268,130.5802,351.9,1,1,2014-10-01,0505,Aqua,MODIS,88,6.2,320.5,33.4,D,0
-17.5295,130.5613,368.9,1,1,2014-10-01,0505,Aqua,MODIS,100,6.2,322.7,84.7,D,0
-17.5309,130.5518,353.8,1,1,2014-10-01,0505,Aqua,MODIS,65,6.2,317.5,46.2,D,0
-17.5205,130.5598,364.6,1,1,2014-10-01,0505,Aqua,MODIS,100,6.2,320,74.1,D,0
-17.5219,130.5504,356.4,1,1,2014-10-01,0505,Aqua,MODIS,92,6.2,317,53.9,D,0
-17.5074,130.5867,342.3,1,1,2014-10-01,0505,Aqua,MODIS,57,6.2,318.3,21.4,D,0
-17.5254,130.5896,354.2,1,1,2014-10-01,0505,Aqua,MODIS,90,6.2,320.3,40.8,D,0
-17.4623,130.6404,337.4,1,1,2014-10-01,0505,Aqua,MODIS,74,6.2,319.7,14.8,D,0
-17.4636,130.6309,338.1,1,1,2014-10-01,0505,Aqua,MODIS,75,6.2,318.3,16.8,D,0
-17.4546,130.6295,353.4,1,1,2014-10-01,0505,Aqua,MODIS,95,6.2,319,46.5,D,0
-17.456,130.62,347.1,1,1,2014-10-01,0505,Aqua,MODIS,89,6.2,316.6,32.8,D,0
-20.3542,127.4769,382.6,1.2,1.1,2014-10-01,0505,Aqua,MODIS,100,6.2,321,194.5,D,0
-20.3557,127.4649,354.5,1.3,1.1,2014-10-01,0505,Aqua,MODIS,96,6.2,319.3,67.4,D,0
-20.2886,127.5094,352.2,1.2,1.1,2014-10-01,0505,Aqua,MODIS,94,6.2,317.9,59.1,D,0
-20.2901,127.4976,344.1,1.2,1.1,2014-10-01,0505,Aqua,MODIS,85,6.2,317.5,36.8,D,0
-17.8571,138.6322,335.3,3,1.6,2014-10-01,0505,Aqua,MODIS,78,6.2,311.1,77.1,D,0
-17.8624,138.6043,351.1,3,1.6,2014-10-01,0505,Aqua,MODIS,94,6.2,312.1,217.7,D,0
-16.5171,135.3227,331.5,1.8,1.3,2014-10-01,0505,Aqua,MODIS,50,6.2,313.9,21.6,D,0
-17.9021,130.9633,452.7,1,1,2014-10-01,0505,Aqua,MODIS,87,6.2,327.7,751.4,D,0
-17.8848,130.9644,347.6,1,1,2014-10-01,0505,Aqua,MODIS,69,6.2,301.1,44.4,D,0
-17.9992,130.9956,333.6,1,1,2014-10-01,0505,Aqua,MODIS,54,6.2,290.7,21.3,D,0
-17.9978,131.0052,338.2,1,1,2014-10-01,0505,Aqua,MODIS,67,6.2,302.5,28.5,D,0
-17.9536,130.9914,380.2,1,1,2014-10-01,0505,Aqua,MODIS,87,6.2,312.4,139.5,D,0
-17.9794,131.0054,374.7,1,1,2014-10-01,0505,Aqua,MODIS,87,6.2,301.5,118.9,D,0
-17.9888,131.0037,355.9,1,1,2014-10-01,0505,Aqua,MODIS,73,6.2,296.9,63.6,D,0
-17.955,130.9818,365.2,1,1,2014-10-01,0505,Aqua,MODIS,87,6.2,307.6,87.5,D,0
-17.9264,130.9869,344,1,1,2014-10-01,0505,Aqua,MODIS,78,6.2,312.2,28.9,D,0
-17.9202,130.9662,353.2,1,1,2014-10-01,0505,Aqua,MODIS,95,6.2,311.3,54.5,D,0
-17.9007,130.9728,456,1,1,2014-10-01,0505,Aqua,MODIS,94,6.2,400.1,793.6,D,0
-17.9111,130.9648,461.2,1,1,2014-10-01,0505,Aqua,MODIS,100,6.2,336.6,875.3,D,0
-17.9035,130.9537,327.6,1,1,2014-10-01,0505,Aqua,MODIS,37,6.2,292.6,13,D,0
-17.8938,130.9659,467.1,1,1,2014-10-01,0505,Aqua,MODIS,0,6.2,400.1,973,D,0
-17.8677,138.5765,379.2,3,1.6,2014-10-01,0505,Aqua,MODIS,100,6.2,312.8,633,D,0
-18.8735,128.7045,336.9,1.1,1,2014-10-01,0505,Aqua,MODIS,74,6.2,320.7,14.4,D,0
-17.7172,131.6459,370.9,1.1,1,2014-10-01,0505,Aqua,MODIS,100,6.2,315.7,106.3,D,0
-17.7081,131.7059,330.6,1.1,1,2014-10-01,0505,Aqua,MODIS,28,6.2,310.9,7.8,D,0
-17.7004,131.756,345.7,1.1,1,2014-10-01,0505,Aqua,MODIS,89,6.2,313.6,36,D,0
-17.6988,131.7661,356.1,1.1,1,2014-10-01,0505,Aqua,MODIS,97,6.2,311.6,61.5,D,0
-17.6973,131.7762,339.6,1.1,1,2014-10-01,0505,Aqua,MODIS,71,6.2,309.7,26.2,D,0
-17.731,131.6176,357.5,1.1,1,2014-10-01,0505,Aqua,MODIS,85,6.2,303.9,64.3,D,0
-17.7295,131.6275,383.6,1.1,1,2014-10-01,0505,Aqua,MODIS,94,6.2,319.9,159.9,D,0
-17.728,131.6375,354.4,1.1,1,2014-10-01,0505,Aqua,MODIS,96,6.2,307,53.3,D,0
-17.7249,131.6574,352.3,1.1,1,2014-10-01,0505,Aqua,MODIS,94,6.2,315.7,47.5,D,0
-17.7234,131.6674,341.5,1.1,1,2014-10-01,0505,Aqua,MODIS,82,6.2,314.8,23.6,D,0
-17.7219,131.6774,334.4,1.1,1,2014-10-01,0505,Aqua,MODIS,40,6.2,314,11.9,D,0
-17.7372,131.639,330.7,1.1,1,2014-10-01,0505,Aqua,MODIS,43,6.2,300.3,7.6,D,0
-17.7481,131.692,353.7,1.1,1,2014-10-01,0505,Aqua,MODIS,95,6.2,316.7,52.6,D,0
-17.7004,131.8181,345.7,1.1,1,2014-10-01,0505,Aqua,MODIS,77,6.2,298,39.2,D,0
-17.6973,131.8383,402.2,1.1,1,2014-10-01,0505,Aqua,MODIS,94,6.2,308.9,277.2,D,0
-17.6957,131.8484,382.1,1.1,1,2014-10-01,0505,Aqua,MODIS,100,6.2,299.4,160.4,D,0
-17.6942,131.8586,370.5,1.1,1,2014-10-01,0505,Aqua,MODIS,87,6.2,296.9,110.9,D,0
-17.6895,131.8891,334.8,1.1,1,2014-10-01,0505,Aqua,MODIS,63,6.2,303.4,15.4,D,0
-17.6879,131.8992,337.7,1.1,1,2014-10-01,0505,Aqua,MODIS,79,6.2,311.3,19.2,D,0
-17.7035,131.8602,384.3,1.1,1,2014-10-01,0505,Aqua,MODIS,94,6.2,313.5,169,D,0
-17.7019,131.8703,353.8,1.1,1,2014-10-01,0505,Aqua,MODIS,83,6.2,302.2,55.3,D,0
-17.7004,131.8805,369.5,1.1,1,2014-10-01,0505,Aqua,MODIS,87,6.2,305,104.1,D,0
-17.6988,131.8906,444.9,1.1,1,2014-10-01,0505,Aqua,MODIS,94,6.2,335.1,703.3,D,0
-17.6973,131.9008,468.5,1.1,1,2014-10-01,0505,Aqua,MODIS,100,6.2,400.1,1081,D,0
-17.7082,131.8922,346.4,1.1,1,2014-10-01,0505,Aqua,MODIS,88,6.2,312.4,32.7,D,0
-17.7004,131.9432,422.8,1.1,1,2014-10-01,0505,Aqua,MODIS,100,6.2,332.7,445.1,D,0
-17.7097,131.9448,341.1,1.1,1,2014-10-01,0505,Aqua,MODIS,83,6.2,320.4,19.4,D,0
-17.5776,132.4821,390.2,1.2,1.1,2014-10-01,0505,Aqua,MODIS,100,6.2,323.9,213.3,D,0
-17.5759,132.4929,353.7,1.2,1.1,2014-10-01,0505,Aqua,MODIS,78,6.2,322.1,51,D,0
-17.7822,132.0684,342.9,1.1,1,2014-10-01,0505,Aqua,MODIS,64,6.2,322.6,21.5,D,0
-17.8082,131.4179,341.5,1,1,2014-10-01,0505,Aqua,MODIS,84,6.2,305.7,32.8,D,0
-17.8687,131.3736,334,1,1,2014-10-01,0505,Aqua,MODIS,69,6.2,301.4,17.3,D,0
-17.8673,131.3834,406.3,1,1,2014-10-01,0505,Aqua,MODIS,100,6.2,313.5,292.5,D,0
-17.8658,131.3932,357.7,1,1,2014-10-01,0505,Aqua,MODIS,98,6.2,308.2,66.8,D,0
-17.7144,131.9771,335.3,1.1,1,2014-10-01,0505,Aqua,MODIS,67,6.2,320.2,10.7,D,0
-17.705,131.9755,339.9,1.1,1,2014-10-01,0505,Aqua,MODIS,82,6.2,318.4,19.4,D,0
-17.7066,131.9652,345.1,1.1,1,2014-10-01,0505,Aqua,MODIS,88,6.2,319.1,29.2,D,0
-17.7081,131.955,342.6,1.1,1,2014-10-01,0505,Aqua,MODIS,74,6.2,320.9,21.9,D,0
-17.6988,131.9534,382.8,1.1,1,2014-10-01,0505,Aqua,MODIS,100,6.2,321.6,156.7,D,0
-18.0949,131.1548,335.3,1,1,2014-10-01,0505,Aqua,MODIS,44,6.2,310.9,17.2,D,0
-18.0963,131.1452,346.5,1,1,2014-10-01,0505,Aqua,MODIS,89,6.2,307.7,40.1,D,0
-18.0858,131.1533,350.2,1,1,2014-10-01,0505,Aqua,MODIS,93,6.2,314.3,41.4,D,0
-18.0872,131.1437,460.7,1,1,2014-10-01,0505,Aqua,MODIS,100,6.2,336.8,873.7,D,0
-18.0887,131.1341,408.9,1,1,2014-10-01,0505,Aqua,MODIS,100,6.2,314.8,306.9,D,0
-18.0753,131.1615,338,1,1,2014-10-01,0505,Aqua,MODIS,79,6.2,313.8,14.2,D,0
-18.0767,131.1518,354.5,1,1,2014-10-01,0505,Aqua,MODIS,96,6.2,316.2,51.4,D,0
-18.0782,131.1422,479.9,1,1,2014-10-01,0505,Aqua,MODIS,100,6.2,400.1,1205.8,D,0
-18.0796,131.1326,460.7,1,1,2014-10-01,0505,Aqua,MODIS,100,6.2,330.2,875.4,D,0
-17.8517,131.6744,376.2,1.1,1,2014-10-01,0505,Aqua,MODIS,100,6.2,313.8,129.7,D,0
-17.8532,131.6644,355.1,1.1,1,2014-10-01,0505,Aqua,MODIS,96,6.2,309.8,60.3,D,0
-17.8363,131.6514,333.8,1.1,1,2014-10-01,0505,Aqua,MODIS,13,6.2,309.8,15.9,D,0
-17.8378,131.6414,365.3,1.1,1,2014-10-01,0505,Aqua,MODIS,100,6.2,315,91.2,D,0
-17.8393,131.6315,397.3,1.1,1,2014-10-01,0505,Aqua,MODIS,100,6.2,316.1,243,D,0
-17.827,131.6498,337.9,1.1,1,2014-10-01,0505,Aqua,MODIS,79,6.2,310.2,19.8,D,0
-18.0662,131.16,335.7,1,1,2014-10-01,0505,Aqua,MODIS,75,6.2,312.9,11,D,0
-18.0691,131.1407,395.6,1,1,2014-10-01,0505,Aqua,MODIS,100,6.2,320.7,214.4,D,0
-18.0571,131.1585,333.7,1,1,2014-10-01,0505,Aqua,MODIS,40,6.2,312.4,8.9,D,0
-17.5102,132.5082,346.5,1.2,1.1,2014-10-01,0505,Aqua,MODIS,74,6.2,320,28.4,D,0
-18.0585,131.1488,341.1,1,1,2014-10-01,0505,Aqua,MODIS,55,6.2,312.2,23.4,D,0
-18.06,131.1392,397.1,1,1,2014-10-01,0505,Aqua,MODIS,100,6.2,320.2,223.1,D,0
-18.0519,131.142,339.4,1,1,2014-10-01,0505,Aqua,MODIS,65,6.2,311.8,25,D,0
-18.0534,131.1324,394,1,1,2014-10-01,0505,Aqua,MODIS,100,6.2,321.1,209.3,D,0
-17.9188,130.9758,348.8,1,1,2014-10-01,0505,Aqua,MODIS,92,6.2,315.3,40.2,D,0
-17.9069,130.9935,338.9,1,1,2014-10-01,0505,Aqua,MODIS,49,6.2,315.7,12.6,D,0
-17.9083,130.9839,344.3,1,1,2014-10-01,0505,Aqua,MODIS,65,6.2,316,27.2,D,0
-17.9097,130.9743,406.3,1,1,2014-10-01,0505,Aqua,MODIS,100,6.2,326.3,281.1,D,0
-17.8978,130.992,349.5,1,1,2014-10-01,0505,Aqua,MODIS,92,6.2,318.3,34.2,D,0
-17.8992,130.9824,365.2,1,1,2014-10-01,0505,Aqua,MODIS,100,6.2,321.6,77.3,D,0
-17.8896,130.9946,353,1,1,2014-10-01,0505,Aqua,MODIS,89,6.2,320.3,48.9,D,0
-17.891,130.985,392.1,1,1,2014-10-01,0505,Aqua,MODIS,94,6.2,330.9,196.8,D,0
-17.8924,130.9754,465.6,1,1,2014-10-01,0505,Aqua,MODIS,87,6.2,400.1,946,D,0
-17.8791,131.0027,342.7,1,1,2014-10-01,0505,Aqua,MODIS,38,6.2,315.6,25.7,D,0
-17.8805,130.9931,412,1,1,2014-10-01,0505,Aqua,MODIS,100,6.2,324.2,322.1,D,0
-17.8819,130.9835,462.5,1,1,2014-10-01,0505,Aqua,MODIS,100,6.2,338.6,894.3,D,0
-17.8833,130.9739,413.4,1,1,2014-10-01,0505,Aqua,MODIS,100,6.2,322.3,337,D,0
-17.8729,130.982,333.9,1,1,2014-10-01,0505,Aqua,MODIS,61,6.2,306.5,18.6,D,0
-17.8285,131.6398,391.8,1.1,1,2014-10-01,0505,Aqua,MODIS,100,6.2,319.1,203.3,D,0
-17.83,131.6299,457.9,1.1,1,2014-10-01,0505,Aqua,MODIS,100,6.2,334.8,875.4,D,0
-17.5181,132.5207,345.1,1.2,1.1,2014-10-01,0505,Aqua,MODIS,87,6.2,322.1,25,D,0
-17.5085,132.519,354.5,1.2,1.1,2014-10-01,0505,Aqua,MODIS,96,6.2,321.7,50.7,D,0
-17.4989,132.5174,342.9,1.2,1.1,2014-10-01,0505,Aqua,MODIS,82,6.2,319.2,23.1,D,0
-17.7806,132.0787,342,1.1,1,2014-10-01,0505,Aqua,MODIS,50,6.2,319.7,21.2,D,0
-17.5673,132.547,337.8,1.2,1.1,2014-10-01,0505,Aqua,MODIS,43,6.2,316.4,17.7,D,0
-17.7917,131.7567,352,1.1,1,2014-10-01,0505,Aqua,MODIS,94,6.2,313,51.1,D,0
-17.8429,131.8584,387.9,1.1,1,2014-10-01,0505,Aqua,MODIS,94,6.2,307.3,193.1,D,0
-17.8025,131.7482,350.6,1.1,1,2014-10-01,0505,Aqua,MODIS,93,6.2,313.5,49.5,D,0
-17.8041,131.7382,390.7,1.1,1,2014-10-01,0505,Aqua,MODIS,100,6.2,316.5,204.2,D,0
-17.8163,131.6582,353.6,1.1,1,2014-10-01,0505,Aqua,MODIS,95,6.2,309.4,53.9,D,0
-17.8178,131.6483,382.2,1.1,1,2014-10-01,0505,Aqua,MODIS,100,6.2,315,153.7,D,0
-17.8414,131.8685,452.9,1.1,1,2014-10-01,0505,Aqua,MODIS,94,6.2,323.9,819.4,D,0
-17.8399,131.8787,458.1,1.1,1,2014-10-01,0505,Aqua,MODIS,94,6.2,332.4,900.5,D,0
-17.8383,131.8888,397.9,1.1,1,2014-10-01,0505,Aqua,MODIS,100,6.2,318.3,245.8,D,0
-17.8368,131.899,350.5,1.1,1,2014-10-01,0505,Aqua,MODIS,93,6.2,313.2,44.8,D,0
-17.8353,131.9092,390.5,1.1,1,2014-10-01,0505,Aqua,MODIS,100,6.2,318.5,198.9,D,0
-17.8523,131.8599,417.5,1.1,1,2014-10-01,0505,Aqua,MODIS,100,6.2,320.4,402.6,D,0
-17.8507,131.8701,402.4,1.1,1,2014-10-01,0505,Aqua,MODIS,100,6.2,325.6,280.6,D,0
-17.8477,131.8904,347.2,1.1,1,2014-10-01,0505,Aqua,MODIS,86,6.2,317.2,40.8,D,0
-17.8461,131.9006,345.1,1.1,1,2014-10-01,0505,Aqua,MODIS,87,6.2,317.1,33.4,D,0
-17.8446,131.9108,357.5,1.1,1,2014-10-01,0505,Aqua,MODIS,98,6.2,320.3,63.2,D,0
-17.8564,131.8776,355,1.1,1,2014-10-01,0505,Aqua,MODIS,78,6.2,315.5,58.1,D,0
-17.8548,131.8878,344,1.1,1,2014-10-01,0505,Aqua,MODIS,75,6.2,317.2,31.2,D,0
-17.8859,131.9347,353.4,1.1,1,2014-10-01,0505,Aqua,MODIS,95,6.2,316.6,52.7,D,0
-17.8843,131.9449,341.2,1.1,1,2014-10-01,0505,Aqua,MODIS,84,6.2,317.8,24.3,D,0
-17.8369,131.9618,334.9,1.1,1,2014-10-01,0505,Aqua,MODIS,74,6.2,319.4,12.5,D,0
-17.8384,131.9515,359.4,1.1,1,2014-10-01,0505,Aqua,MODIS,99,6.2,322.1,68.4,D,0
-17.84,131.9413,383.3,1.1,1,2014-10-01,0505,Aqua,MODIS,100,6.2,325.1,160.9,D,0
-17.8415,131.9311,371.9,1.1,1,2014-10-01,0505,Aqua,MODIS,100,6.2,327.3,111.2,D,0
-17.8193,131.6383,443.7,1.1,1,2014-10-01,0505,Aqua,MODIS,100,6.2,333.9,669.5,D,0
-17.8208,131.6284,483.3,1.1,1,2014-10-01,0505,Aqua,MODIS,100,6.2,400.1,1341.8,D,0
-17.8223,131.6184,341.9,1.1,1,2014-10-01,0505,Aqua,MODIS,72,6.2,306.6,36.1,D,0
-17.7933,131.7467,378.8,1.1,1,2014-10-01,0505,Aqua,MODIS,100,6.2,314,142.4,D,0
-17.7948,131.7366,385.3,1.1,1,2014-10-01,0505,Aqua,MODIS,100,6.2,312.6,174.9,D,0
-17.7963,131.7266,337,1.1,1,2014-10-01,0505,Aqua,MODIS,62,6.2,306.1,24.9,D,0
-17.8085,131.6467,352.2,1.1,1,2014-10-01,0505,Aqua,MODIS,94,6.2,310.4,50.3,D,0
-17.8101,131.6368,411.1,1.1,1,2014-10-01,0505,Aqua,MODIS,100,6.2,319.6,333.9,D,0
-17.8116,131.6268,418.2,1.1,1,2014-10-01,0505,Aqua,MODIS,100,6.2,321.2,394.6,D,0
-17.8146,131.6069,338.5,1.1,1,2014-10-01,0505,Aqua,MODIS,60,6.2,302.4,30.2,D,0
-17.8054,131.6054,389,1.1,1,2014-10-01,0505,Aqua,MODIS,75,6.2,306.8,194.7,D,0
-17.7986,131.6085,433.9,1.1,1,2014-10-01,0505,Aqua,MODIS,94,6.2,334.7,553.1,D,0
-17.7894,131.607,453.8,1.1,1,2014-10-01,0505,Aqua,MODIS,94,6.2,333.7,810.9,D,0
-17.7802,131.6054,366.3,1.1,1,2014-10-01,0505,Aqua,MODIS,100,6.2,314.1,91.3,D,0
-17.8131,131.6169,424.4,1.1,1,2014-10-01,0505,Aqua,MODIS,100,6.2,318.8,455.5,D,0
-17.983,131.042,342.1,1,1,2014-10-01,0505,Aqua,MODIS,85,6.2,312,21.8,D,0
-17.9845,131.0324,366.1,1,1,2014-10-01,0505,Aqua,MODIS,100,6.2,317.6,81.2,D,0
-17.9859,131.0228,481.5,1,1,2014-10-01,0505,Aqua,MODIS,100,6.2,400.1,1225.2,D,0
-17.9873,131.0133,504.2,1,1,2014-10-01,0505,Aqua,MODIS,94,6.2,400.1,1739.8,D,0
-17.9752,131.0342,343.9,1,1,2014-10-01,0505,Aqua,MODIS,78,6.2,312.3,31.5,D,0
-17.9766,131.0246,423.7,1,1,2014-10-01,0505,Aqua,MODIS,100,6.2,328.3,420.1,D,0
-17.978,131.015,474.9,1,1,2014-10-01,0505,Aqua,MODIS,100,6.2,400.1,1103.8,D,0
-17.9675,131.0231,347.2,1,1,2014-10-01,0505,Aqua,MODIS,82,6.2,310.5,36.8,D,0
-17.9689,131.0135,381.6,1,1,2014-10-01,0505,Aqua,MODIS,100,6.2,312.8,144.9,D,0
-17.9599,131.012,340.7,1,1,2014-10-01,0505,Aqua,MODIS,84,6.2,309.3,22.3,D,0
-18.0705,131.1311,420.1,1,1,2014-10-01,0505,Aqua,MODIS,100,6.2,320.1,393.3,D,0
-17.8431,131.9209,372,1.1,1,2014-10-01,0505,Aqua,MODIS,100,6.2,327,112.2,D,0
-17.8306,131.9398,351.2,1.1,1,2014-10-01,0505,Aqua,MODIS,93,6.2,318.2,45,D,0
-17.8322,131.9296,436.2,1.1,1,2014-10-01,0505,Aqua,MODIS,100,6.2,326.5,593.1,D,0
-18.0614,131.1296,406,1,1,2014-10-01,0505,Aqua,MODIS,100,6.2,317.6,283.2,D,0
-18.0548,131.1228,363.8,1,1,2014-10-01,0505,Aqua,MODIS,100,6.2,310,82.6,D,0
-17.8337,131.9194,451.4,1.1,1,2014-10-01,0505,Aqua,MODIS,100,6.2,332.4,796.6,D,0
-17.8228,131.928,333.5,1.1,1,2014-10-01,0505,Aqua,MODIS,64,6.2,316.3,12.4,D,0
-17.8244,131.9178,333.9,1.1,1,2014-10-01,0505,Aqua,MODIS,43,6.2,315.9,12.7,D,0
-18.0443,131.1309,401,1,1,2014-10-01,0505,Aqua,MODIS,100,6.2,318.8,250.3,D,0
-18.0457,131.1212,371.3,1,1,2014-10-01,0505,Aqua,MODIS,100,6.2,312.6,106.7,D,0
-18.0423,131.0813,347,1,1,2014-10-01,0505,Aqua,MODIS,90,6.2,303.9,39.6,D,0
-18.0318,131.0894,402.9,1,1,2014-10-01,0505,Aqua,MODIS,100,6.2,314.9,259.6,D,0
-18.0332,131.0798,474.4,1,1,2014-10-01,0505,Aqua,MODIS,100,6.2,336.3,1098.5,D,0
-18.0346,131.0702,397.2,1,1,2014-10-01,0505,Aqua,MODIS,100,6.2,315.5,226,D,0
-17.7993,131.6452,333,1.1,1,2014-10-01,0505,Aqua,MODIS,70,6.2,309.8,12.6,D,0
-17.8008,131.6352,347.8,1.1,1,2014-10-01,0505,Aqua,MODIS,91,6.2,311.7,40,D,0
-17.8023,131.6253,370.4,1.1,1,2014-10-01,0505,Aqua,MODIS,100,6.2,317.6,106.5,D,0
-17.8039,131.6153,481.8,1.1,1,2014-10-01,0505,Aqua,MODIS,94,6.2,400.1,1309.3,D,0
-17.7941,131.6384,334.8,1.1,1,2014-10-01,0505,Aqua,MODIS,53,6.2,310.4,17.8,D,0
-17.7956,131.6284,343.2,1.1,1,2014-10-01,0505,Aqua,MODIS,83,6.2,312.6,32.8,D,0
-17.7971,131.6185,398.9,1.1,1,2014-10-01,0505,Aqua,MODIS,100,6.2,324.6,249.5,D,0
-17.7864,131.6269,336,1.1,1,2014-10-01,0505,Aqua,MODIS,40,6.2,311.3,18.7,D,0
-17.7879,131.6169,378.2,1.1,1,2014-10-01,0505,Aqua,MODIS,100,6.2,317.4,138,D,0
-17.7787,131.6154,350.3,1.1,1,2014-10-01,0505,Aqua,MODIS,93,6.2,313.5,44.4,D,0
-18.0361,131.0606,339.5,1,1,2014-10-01,0505,Aqua,MODIS,76,6.2,305.5,28.3,D,0
-18.0227,131.0879,341.4,1,1,2014-10-01,0505,Aqua,MODIS,84,6.2,309.9,23.9,D,0
-17.8005,131.4065,329.4,1,1,2014-10-01,0505,Aqua,MODIS,52,6.2,306.5,13.1,D,0
-17.8097,131.4081,337.6,1,1,2014-10-01,0505,Aqua,MODIS,70,6.2,307.6,25.9,D,0
-18.0241,131.0783,383.2,1,1,2014-10-01,0505,Aqua,MODIS,100,6.2,315.5,148.2,D,0
-18.0256,131.0687,457.8,1,1,2014-10-01,0505,Aqua,MODIS,100,6.2,333.6,822.7,D,0
-18.027,131.0591,434.6,1,1,2014-10-01,0505,Aqua,MODIS,100,6.2,325.5,528.8,D,0
-18.0284,131.0495,346.1,1,1,2014-10-01,0505,Aqua,MODIS,82,6.2,305.9,37.3,D,0
-18.0151,131.0768,335.2,1,1,2014-10-01,0505,Aqua,MODIS,69,6.2,310.5,11.2,D,0
-18.0165,131.0672,349.8,1,1,2014-10-01,0505,Aqua,MODIS,92,6.2,311.7,37.1,D,0
-17.5038,132.6757,338.5,1.2,1.1,2014-10-01,0505,Aqua,MODIS,35,6.2,317.5,19.4,D,0
-18.0179,131.0576,436.7,1,1,2014-10-01,0505,Aqua,MODIS,100,6.2,329.1,548.6,D,0
-18.0193,131.048,427.5,1,1,2014-10-01,0505,Aqua,MODIS,100,6.2,327.4,454.7,D,0
-18.0208,131.0384,384,1,1,2014-10-01,0505,Aqua,MODIS,100,6.2,312.3,156.6,D,0
-18.0088,131.0561,341.8,1,1,2014-10-01,0505,Aqua,MODIS,67,6.2,312.1,22.7,D,0
-18.0103,131.0465,408.9,1,1,2014-10-01,0505,Aqua,MODIS,100,6.2,324,296.5,D,0
-18.0117,131.0369,486.4,1,1,2014-10-01,0505,Aqua,MODIS,100,6.2,400.1,1329.6,D,0
-18.0131,131.0273,380.7,1,1,2014-10-01,0505,Aqua,MODIS,100,6.2,311.5,142.9,D,0
-18.0012,131.045,347.9,1,1,2014-10-01,0505,Aqua,MODIS,91,6.2,313.2,34.9,D,0
-18.0026,131.0354,404.6,1,1,2014-10-01,0505,Aqua,MODIS,100,6.2,323.4,267.3,D,0
-18.004,131.0258,452.2,1,1,2014-10-01,0505,Aqua,MODIS,100,6.2,335.2,742.7,D,0
-18.0055,131.0163,383.7,1,1,2014-10-01,0505,Aqua,MODIS,100,6.2,309.4,159.5,D,0
-18.0069,131.0067,327.3,1,1,2014-10-01,0505,Aqua,MODIS,33,6.2,300.9,12,D,0
-17.9921,131.0435,343.1,1,1,2014-10-01,0505,Aqua,MODIS,86,6.2,312.4,23.1,D,0
-17.9935,131.0339,363.6,1,1,2014-10-01,0505,Aqua,MODIS,100,6.2,317.3,74.5,D,0
-17.995,131.0243,442.9,1,1,2014-10-01,0505,Aqua,MODIS,100,6.2,336.5,620.8,D,0
-17.9964,131.0148,471.7,1,1,2014-10-01,0505,Aqua,MODIS,100,6.2,341.9,1052.5,D,0
-18.1227,131.2188,403.3,1,1,2014-10-01,0505,Aqua,MODIS,100,6.2,325.1,258.5,D,0
-18.1213,131.2285,398.8,1,1,2014-10-01,0505,Aqua,MODIS,100,6.2,324.4,229.9,D,0
-18.1198,131.2382,368.7,1,1,2014-10-01,0505,Aqua,MODIS,100,6.2,319.3,89.6,D,0
-18.1184,131.2478,345.9,1,1,2014-10-01,0505,Aqua,MODIS,71,6.2,316.3,30.2,D,0
-18.0286,131.2372,333.4,1,1,2014-10-01,0505,Aqua,MODIS,71,6.2,314.4,10.9,D,0
-18.0185,131.3051,333.4,1,1,2014-10-01,0505,Aqua,MODIS,65,6.2,312.8,13,D,0
-18.0391,131.229,339.4,1,1,2014-10-01,0505,Aqua,MODIS,82,6.2,316.1,19.1,D,0
-18.0377,131.2387,343.6,1,1,2014-10-01,0505,Aqua,MODIS,86,6.2,315.4,27.3,D,0
-18.0455,131.2358,353.3,1,1,2014-10-01,0505,Aqua,MODIS,95,6.2,317.7,46,D,0
-17.7409,131.9291,338.8,1.1,1,2014-10-01,0505,Aqua,MODIS,51,6.2,319.6,14.6,D,0
-17.7424,131.9189,363.1,1.1,1,2014-10-01,0505,Aqua,MODIS,100,6.2,320.6,75.7,D,0
-17.7128,131.9244,342.9,1.1,1,2014-10-01,0505,Aqua,MODIS,85,6.2,319.8,20.3,D,0
-17.7019,131.933,384.6,1.1,1,2014-10-01,0505,Aqua,MODIS,100,6.2,328.9,162.5,D,0
-17.7035,131.9228,362,1.1,1,2014-10-01,0505,Aqua,MODIS,100,6.2,324.2,68.9,D,0
-17.705,131.9126,367.8,1.1,1,2014-10-01,0505,Aqua,MODIS,100,6.2,323.8,88.7,D,0
-17.7066,131.9024,352.7,1.1,1,2014-10-01,0505,Aqua,MODIS,95,6.2,318.3,46,D,0
-17.691,131.9416,358.2,1.1,1,2014-10-01,0505,Aqua,MODIS,98,6.2,318.4,63.5,D,0
-17.6926,131.9314,421.6,1.1,1,2014-10-01,0505,Aqua,MODIS,100,6.2,326.2,432.8,D,0
-17.6941,131.9212,467,1.1,1,2014-10-01,0505,Aqua,MODIS,100,6.2,400.1,1054.1,D,0
-17.6957,131.911,468.6,1.1,1,2014-10-01,0505,Aqua,MODIS,100,6.2,400.1,1081.6,D,0
-17.6848,131.9196,338.9,1.1,1,2014-10-01,0505,Aqua,MODIS,80,6.2,312.6,20.2,D,0
-17.6864,131.9094,339.2,1.1,1,2014-10-01,0505,Aqua,MODIS,81,6.2,313.2,21,D,0
-17.5011,130.6922,341.8,1,1,2014-10-01,0505,Aqua,MODIS,82,6.2,319.1,20.6,D,0
-17.5025,130.6827,341.8,1,1,2014-10-01,0505,Aqua,MODIS,82,6.2,319.8,20.7,D,0
-17.4921,130.6908,337,1,1,2014-10-01,0505,Aqua,MODIS,67,6.2,319.4,13,D,0
-17.483,130.6893,334.1,1,1,2014-10-01,0505,Aqua,MODIS,26,6.2,318.5,8.7,D,0
-17.8794,131.3653,403.1,1,1,2014-10-01,0505,Aqua,MODIS,100,6.2,307.3,268.7,D,0
-17.8779,131.3751,393.9,1,1,2014-10-01,0505,Aqua,MODIS,100,6.2,309.9,210.3,D,0
-17.8764,131.3849,404.8,1,1,2014-10-01,0505,Aqua,MODIS,100,6.2,316.6,279.1,D,0
-17.89,131.3571,444.1,1,1,2014-10-01,0505,Aqua,MODIS,100,6.2,324,659.2,D,0
-17.8885,131.3669,437.9,1,1,2014-10-01,0505,Aqua,MODIS,100,6.2,324.3,581.5,D,0
-17.887,131.3766,358.7,1,1,2014-10-01,0505,Aqua,MODIS,99,6.2,310.8,67.6,D,0
-17.8856,131.3864,339.9,1,1,2014-10-01,0505,Aqua,MODIS,82,6.2,308.2,23.1,D,0
-17.8991,131.3586,444.7,1,1,2014-10-01,0505,Aqua,MODIS,100,6.2,325.2,666.7,D,0
-17.8977,131.3684,419.2,1,1,2014-10-01,0505,Aqua,MODIS,100,6.2,319.5,393.9,D,0
-17.8962,131.3782,344.2,1,1,2014-10-01,0505,Aqua,MODIS,71,6.2,308.8,32.3,D,0
-17.9068,131.3699,408.8,1,1,2014-10-01,0505,Aqua,MODIS,100,6.2,317.3,310.8,D,0
-17.9053,131.3797,368.5,1,1,2014-10-01,0505,Aqua,MODIS,100,6.2,312.3,98.6,D,0
-17.9039,131.3895,337,1,1,2014-10-01,0505,Aqua,MODIS,61,6.2,308.2,21.7,D,0
-17.942,131.503,330.8,1,1,2014-10-01,0505,Aqua,MODIS,63,6.2,309.5,13,D,0
-18.1241,131.2091,350.4,1,1,2014-10-01,0505,Aqua,MODIS,79,6.2,319.4,40.1,D,0
-18.1256,131.1995,377.9,1,1,2014-10-01,0505,Aqua,MODIS,100,6.2,319,127.5,D,0
-17.8735,131.0411,345.9,1,1,2014-10-01,0505,Aqua,MODIS,63,6.2,316.5,26.1,D,0
-17.8749,131.0315,372.6,1,1,2014-10-01,0505,Aqua,MODIS,100,6.2,321.7,100.1,D,0
-17.8763,131.0219,360.7,1,1,2014-10-01,0505,Aqua,MODIS,100,6.2,320,63.5,D,0
-17.8587,131.078,337.3,1,1,2014-10-01,0505,Aqua,MODIS,15,6.2,315.8,11.5,D,0
-17.8601,131.0684,346.2,1,1,2014-10-01,0505,Aqua,MODIS,84,6.2,316.5,27,D,0
-17.8616,131.0588,358.6,1,1,2014-10-01,0505,Aqua,MODIS,99,6.2,318.8,56.6,D,0
-17.863,131.0492,355.4,1,1,2014-10-01,0505,Aqua,MODIS,89,6.2,318.8,48.6,D,0
-17.8644,131.0396,422.3,1,1,2014-10-01,0505,Aqua,MODIS,100,6.2,328.6,401.3,D,0
-17.8658,131.03,500.4,1,1,2014-10-01,0505,Aqua,MODIS,100,6.2,400.1,1643.9,D,0
-17.8672,131.0204,443.2,1,1,2014-10-01,0505,Aqua,MODIS,100,6.2,327.8,623.8,D,0
-17.8496,131.0765,373,1,1,2014-10-01,0505,Aqua,MODIS,100,6.2,319,105.3,D,0
-17.8511,131.0669,423.4,1,1,2014-10-01,0505,Aqua,MODIS,100,6.2,328,414.2,D,0
-17.8525,131.0573,430.6,1,1,2014-10-01,0505,Aqua,MODIS,100,6.2,324.9,485.3,D,0
-17.8567,131.0285,340.7,1,1,2014-10-01,0505,Aqua,MODIS,84,6.2,307.9,28.9,D,0
-17.8582,131.0189,328.6,1,1,2014-10-01,0505,Aqua,MODIS,33,6.2,307.1,11,D,0
-17.8277,131.1618,335.4,1,1,2014-10-01,0505,Aqua,MODIS,69,6.2,313.9,14,D,0
-17.502,132.6868,339.1,1.2,1.1,2014-10-01,0505,Aqua,MODIS,30,6.2,317.5,21.9,D,0
-17.8291,131.1521,340.3,1,1,2014-10-01,0505,Aqua,MODIS,83,6.2,313.3,21.8,D,0
-17.8377,131.0943,344.8,1,1,2014-10-01,0505,Aqua,MODIS,84,6.2,315.4,29.3,D,0
-17.8171,131.1699,330.1,1,1,2014-10-01,0505,Aqua,MODIS,57,6.2,313.2,9,D,0
-17.8186,131.1603,331.6,1,1,2014-10-01,0505,Aqua,MODIS,56,6.2,312.8,10.2,D,0
-17.8258,131.112,334.2,1,1,2014-10-01,0505,Aqua,MODIS,25,6.2,312.9,12.8,D,0
-17.8138,131.1298,351.9,1,1,2014-10-01,0505,Aqua,MODIS,94,6.2,313.8,47.5,D,0
-17.5762,132.4641,342.8,1.2,1.1,2014-10-01,0505,Aqua,MODIS,59,6.2,316.6,28.2,D,0
-17.5745,132.4749,382.8,1.2,1.1,2014-10-01,0505,Aqua,MODIS,100,6.2,326.8,169.5,D,0
-17.79,132.0803,340.5,1.1,1,2014-10-01,0505,Aqua,MODIS,40,6.2,321.4,19,D,0
-17.664,132.1167,340.6,1.1,1.1,2014-10-01,0505,Aqua,MODIS,76,6.2,319.4,18.1,D,0
-17.6719,132.1287,337.8,1.1,1.1,2014-10-01,0505,Aqua,MODIS,50,6.2,317.8,14.7,D,0
-17.5729,132.4857,368.1,1.2,1.1,2014-10-01,0505,Aqua,MODIS,100,6.2,324.6,99,D,0
-17.5793,132.4713,358.5,1.2,1.1,2014-10-01,0505,Aqua,MODIS,99,6.2,318.7,72.1,D,0
-17.711,131.6244,339.3,1.1,1,2014-10-01,0505,Aqua,MODIS,54,6.2,300.4,26.4,D,0
-17.7095,131.6344,366.9,1.1,1,2014-10-01,0505,Aqua,MODIS,100,6.2,311.6,95.4,D,0
-17.708,131.6444,421,1.1,1,2014-10-01,0505,Aqua,MODIS,100,6.2,319.6,420.7,D,0
-17.7064,131.6543,379.7,1.1,1,2014-10-01,0505,Aqua,MODIS,100,6.2,316,143,D,0
-17.7049,131.6643,338.4,1.1,1,2014-10-01,0505,Aqua,MODIS,57,6.2,313.8,20.2,D,0
-17.7203,131.626,461.4,1.1,1,2014-10-01,0505,Aqua,MODIS,87,6.2,329.4,929.9,D,0
-17.7187,131.6359,405.9,1.1,1,2014-10-01,0505,Aqua,MODIS,100,6.2,319.4,294.6,D,0
-17.7157,131.6559,338.7,1.1,1,2014-10-01,0505,Aqua,MODIS,81,6.2,313.5,20.1,D,0
-13.8695,132.4147,342.8,1.3,1.1,2014-10-01,0506,Aqua,MODIS,75,6.2,313.6,39.8,D,0
-13.9222,132.5394,344.5,1.3,1.1,2014-10-01,0506,Aqua,MODIS,83,6.2,316,39.2,D,0
-13.9139,132.5257,339.4,1.3,1.1,2014-10-01,0506,Aqua,MODIS,55,6.2,314.1,25.8,D,0
-13.9057,132.5121,340.9,1.3,1.1,2014-10-01,0506,Aqua,MODIS,62,6.2,316,30.3,D,0
-14.09,133.9294,373.5,1.6,1.2,2014-10-01,0506,Aqua,MODIS,100,6.2,318.7,204.1,D,0
-13.8975,132.4986,345.9,1.3,1.1,2014-10-01,0506,Aqua,MODIS,89,6.2,316.2,43.6,D,0
-13.8893,132.4851,350,1.3,1.1,2014-10-01,0506,Aqua,MODIS,92,6.2,315.4,54,D,0
-14.0876,133.944,336.9,1.6,1.2,2014-10-01,0506,Aqua,MODIS,76,6.2,317.1,28.6,D,0
-13.8912,132.4733,337.3,1.3,1.1,2014-10-01,0506,Aqua,MODIS,66,6.2,315.1,18.1,D,0
-13.8906,132.4786,339.1,1.3,1.1,2014-10-01,0506,Aqua,MODIS,32,6.2,315.5,27.5,D,0
-13.8887,132.4904,340.7,1.3,1.1,2014-10-01,0506,Aqua,MODIS,66,6.2,314.3,34,D,0
-14.2289,133.9961,339.6,1.6,1.2,2014-10-01,0506,Aqua,MODIS,82,6.2,317.4,32.8,D,0
-13.8576,132.4247,340,1.3,1.1,2014-10-01,0506,Aqua,MODIS,81,6.2,310.3,35.3,D,0
-13.8676,132.4264,362.8,1.3,1.1,2014-10-01,0506,Aqua,MODIS,100,6.2,315.7,105.8,D,0
-13.8658,132.4381,343.1,1.3,1.1,2014-10-01,0506,Aqua,MODIS,79,6.2,312,41.8,D,0
-14.2251,133.8689,336.9,1.6,1.2,2014-10-01,0506,Aqua,MODIS,78,6.2,314.5,33.9,D,0
-14.048,133.9066,347.9,1.6,1.2,2014-10-01,0506,Aqua,MODIS,78,6.2,315.7,58.3,D,0
-13.9304,132.5531,364.8,1.3,1.1,2014-10-01,0506,Aqua,MODIS,100,6.2,316.8,112.2,D,0
-13.9405,132.5547,363.4,1.3,1.1,2014-10-01,0506,Aqua,MODIS,100,6.2,319.7,104.7,D,0
-14.2347,133.8922,339.4,1.6,1.2,2014-10-01,0506,Aqua,MODIS,81,6.2,317.2,36.6,D,0
-14.2371,133.8777,375.3,1.6,1.2,2014-10-01,0506,Aqua,MODIS,100,6.2,319,216.9,D,0
-14.0837,133.8981,362.8,1.6,1.2,2014-10-01,0506,Aqua,MODIS,100,6.2,315.6,127.2,D,0
-13.9386,132.5668,341.3,1.3,1.1,2014-10-01,0506,Aqua,MODIS,84,6.2,315.5,33.2,D,0
-13.8844,133.6447,336.9,1.5,1.2,2014-10-01,0506,Aqua,MODIS,76,6.2,313.2,35.4,D,0
-13.8934,133.6396,330.6,1.5,1.2,2014-10-01,0506,Aqua,MODIS,59,6.2,312.9,18.6,D,0
-13.8824,133.6376,333.6,1.5,1.2,2014-10-01,0506,Aqua,MODIS,70,6.2,312.7,25.5,D,0
-14.162,133.9773,343.1,1.6,1.2,2014-10-01,0506,Aqua,MODIS,83,6.2,315,51.9,D,0
-14.1731,133.9794,338.9,1.6,1.2,2014-10-01,0506,Aqua,MODIS,66,6.2,316,34.6,D,0
-14.1818,133.9961,338.3,1.6,1.2,2014-10-01,0506,Aqua,MODIS,59,6.2,317.2,29.4,D,0
-14.1906,134.0128,335.2,1.6,1.2,2014-10-01,0506,Aqua,MODIS,27,6.2,317.1,23.5,D,0
-13.9486,133.8766,339.5,1.6,1.2,2014-10-01,0506,Aqua,MODIS,61,6.2,313.9,36,D,0
-13.95,133.8676,347.8,1.6,1.2,2014-10-01,0506,Aqua,MODIS,90,6.2,314.4,66.5,D,0
-13.5104,131.8937,337.8,1.2,1.1,2014-10-01,0506,Aqua,MODIS,78,6.2,311,29,D,0
-13.5006,131.8922,421.9,1.2,1.1,2014-10-01,0506,Aqua,MODIS,100,6.2,323,517.4,D,0
-13.8777,132.4281,335.5,1.3,1.1,2014-10-01,0506,Aqua,MODIS,47,6.2,313.1,19.5,D,0
-13.8759,132.4398,342.9,1.3,1.1,2014-10-01,0506,Aqua,MODIS,65,6.2,314.6,36.6,D,0
-14.1643,133.9627,352.2,1.6,1.2,2014-10-01,0506,Aqua,MODIS,94,6.2,315.1,88.9,D,0
-14.0615,133.894,348.1,1.6,1.2,2014-10-01,0506,Aqua,MODIS,85,6.2,316.2,62.9,D,0
-13.5023,131.8812,344.3,1.2,1.1,2014-10-01,0506,Aqua,MODIS,87,6.2,313.2,42,D,0
-14.0456,133.9214,347.4,1.6,1.2,2014-10-01,0506,Aqua,MODIS,76,6.2,316.8,62,D,0
-13.4337,131.4009,365.8,1.1,1.1,2014-10-01,0506,Aqua,MODIS,100,6.2,319.4,92.6,D,0
-14.0504,133.8919,355.6,1.6,1.2,2014-10-01,0506,Aqua,MODIS,97,6.2,316.8,95,D,0
-14.1011,133.9313,341.8,1.6,1.2,2014-10-01,0506,Aqua,MODIS,80,6.2,318,42.8,D,0
-13.841,133.6159,331.1,1.5,1.2,2014-10-01,0506,Aqua,MODIS,51,6.2,314.9,18.1,D,0
-14.0813,133.9127,351.9,1.6,1.2,2014-10-01,0506,Aqua,MODIS,81,6.2,314.7,73.7,D,0
-14.0789,133.9273,362.1,1.6,1.2,2014-10-01,0506,Aqua,MODIS,100,6.2,317.8,129.9,D,0
-14.1762,133.8901,333.6,1.6,1.2,2014-10-01,0506,Aqua,MODIS,61,6.2,315.3,23.7,D,0
-14.1826,133.9209,341.6,1.6,1.2,2014-10-01,0506,Aqua,MODIS,79,6.2,318.4,44.6,D,0
-14.1802,133.9355,345.2,1.6,1.2,2014-10-01,0506,Aqua,MODIS,88,6.2,317.4,57.7,D,0
-14.196,133.9084,339.8,1.6,1.2,2014-10-01,0506,Aqua,MODIS,82,6.2,316.7,36.8,D,0
-14.0948,133.9001,374.3,1.6,1.2,2014-10-01,0506,Aqua,MODIS,100,6.2,321.3,201.4,D,0
-13.4908,131.8907,375.1,1.2,1.1,2014-10-01,0506,Aqua,MODIS,100,6.2,311.2,152.7,D,0
-13.4925,131.8797,353.7,1.2,1.1,2014-10-01,0506,Aqua,MODIS,95,6.2,311.7,67.9,D,0
-13.9509,133.862,340.4,1.6,1.2,2014-10-01,0506,Aqua,MODIS,78,6.2,314.2,40.8,D,0
-14.146,132.6692,338.3,1.3,1.1,2014-10-01,0506,Aqua,MODIS,38,6.2,317.2,17.7,D,0
-14.1392,132.6625,336.6,1.3,1.1,2014-10-01,0506,Aqua,MODIS,76,6.2,316.8,16.5,D,0
-13.6417,135.295,334.6,2,1.4,2014-10-01,0506,Aqua,MODIS,71,6.2,314.1,40.5,D,0
-14.1479,132.6572,346.1,1.3,1.1,2014-10-01,0506,Aqua,MODIS,89,6.2,318.6,38.2,D,0
-14.1581,132.659,338,1.3,1.1,2014-10-01,0506,Aqua,MODIS,76,6.2,318.7,19.2,D,0
-13.6385,135.3139,330.7,2.1,1.4,2014-10-01,0506,Aqua,MODIS,38,6.2,312.5,27.2,D,0
-14.2376,134.0129,342.5,1.6,1.2,2014-10-01,0506,Aqua,MODIS,85,6.2,315.2,43.2,D,0
-13.9524,133.853,334.3,1.6,1.2,2014-10-01,0506,Aqua,MODIS,52,6.2,314.2,22.1,D,0
-14.2261,133.8758,348.1,1.6,1.2,2014-10-01,0506,Aqua,MODIS,91,6.2,315.5,71.6,D,0
-16.114,135.4526,350.3,1.9,1.3,2014-10-01,0506,Aqua,MODIS,93,6.2,311.1,103.9,D,0
-13.4064,131.836,336.7,1.2,1.1,2014-10-01,0506,Aqua,MODIS,77,6.2,316.4,19,D,0
-13.4047,131.8471,341.9,1.2,1.1,2014-10-01,0506,Aqua,MODIS,85,6.2,317.6,30,D,0
-13.4144,131.8487,343.3,1.2,1.1,2014-10-01,0506,Aqua,MODIS,86,6.2,317.4,33.7,D,0
-13.9063,135.7409,330.1,2.2,1.4,2014-10-01,0506,Aqua,MODIS,63,6.2,308.3,43.7,D,0
-13.9761,133.9171,336.9,1.6,1.2,2014-10-01,0506,Aqua,MODIS,68,6.2,316.3,22.1,D,0
-13.7795,133.5704,332.8,1.5,1.2,2014-10-01,0506,Aqua,MODIS,59,6.2,315.5,21.7,D,0
-13.8083,133.6102,331.5,1.5,1.2,2014-10-01,0506,Aqua,MODIS,63,6.2,314.6,14.6,D,0
-14.2081,134.1919,334,1.7,1.3,2014-10-01,0506,Aqua,MODIS,73,6.2,314.9,26.8,D,0
-13.8795,132.4163,331.9,1.3,1.1,2014-10-01,0506,Aqua,MODIS,36,6.2,312.8,12.6,D,0
-13.9183,135.7504,354.3,2.2,1.4,2014-10-01,0506,Aqua,MODIS,96,6.2,309.9,178.3,D,0
-14.0719,132.6259,335.4,1.3,1.1,2014-10-01,0506,Aqua,MODIS,67,6.2,315.8,17.5,D,0
-13.8805,132.4769,334.6,1.3,1.1,2014-10-01,0506,Aqua,MODIS,40,6.2,313.2,21.2,D,0
-13.8823,132.4651,345.9,1.3,1.1,2014-10-01,0506,Aqua,MODIS,74,6.2,315.9,45.2,D,0
-13.8841,132.4533,337.9,1.3,1.1,2014-10-01,0506,Aqua,MODIS,47,6.2,314.7,23.9,D,0
-13.874,132.4516,353.4,1.3,1.1,2014-10-01,0506,Aqua,MODIS,95,6.2,315.2,70.3,D,0
-13.4989,131.9034,349.4,1.2,1.1,2014-10-01,0506,Aqua,MODIS,92,6.2,310.5,57.1,D,0
-13.8713,132.403,335.4,1.3,1.1,2014-10-01,0506,Aqua,MODIS,45,6.2,312,23.7,D,0
-13.8594,132.413,355.9,1.3,1.1,2014-10-01,0506,Aqua,MODIS,97,6.2,312.2,82.4,D,0
-13.4162,131.3874,342.8,1.1,1.1,2014-10-01,0506,Aqua,MODIS,65,6.2,318.2,27.6,D,0
-13.9191,135.7433,347,2.2,1.4,2014-10-01,0506,Aqua,MODIS,90,6.2,309.2,127.3,D,0
-13.4273,131.3785,340.9,1.1,1.1,2014-10-01,0506,Aqua,MODIS,49,6.2,313.9,23.1,D,0
-13.4257,131.3889,342.9,1.1,1.1,2014-10-01,0506,Aqua,MODIS,58,6.2,314.6,25.1,D,0
-13.9218,135.7303,330.1,2.2,1.4,2014-10-01,0506,Aqua,MODIS,55,6.2,306,42.8,D,0
-13.9611,133.8695,334.1,1.6,1.2,2014-10-01,0506,Aqua,MODIS,47,6.2,314.8,20,D,0
-13.9029,135.761,326.6,2.2,1.4,2014-10-01,0506,Aqua,MODIS,30,6.2,309.5,29.6,D,0
-13.9157,135.7633,334.1,2.2,1.4,2014-10-01,0506,Aqua,MODIS,72,6.2,308.8,57.9,D,0
-14.1233,133.866,342.7,1.6,1.2,2014-10-01,0506,Aqua,MODIS,59,6.2,318.6,44.6,D,0
-14.1239,133.8604,344.6,1.6,1.2,2014-10-01,0506,Aqua,MODIS,71,6.2,318.5,50.6,D,0
-14.0971,133.8855,373.7,1.6,1.2,2014-10-01,0506,Aqua,MODIS,100,6.2,322.2,198.3,D,0
-14.0995,133.8709,345.6,1.6,1.2,2014-10-01,0506,Aqua,MODIS,51,6.2,317.6,55.5,D,0
-14.086,133.8836,371.2,1.6,1.2,2014-10-01,0506,Aqua,MODIS,100,6.2,319.7,182.7,D,0
-14.0884,133.8689,350.9,1.6,1.2,2014-10-01,0506,Aqua,MODIS,79,6.2,315.7,78.4,D,0
-14.2285,133.8614,338,1.6,1.2,2014-10-01,0506,Aqua,MODIS,79,6.2,312.3,39.4,D,0
-14.0924,133.9147,385.2,1.6,1.2,2014-10-01,0506,Aqua,MODIS,100,6.2,320.7,291.4,D,0
-13.9055,135.7481,330.8,2.2,1.4,2014-10-01,0506,Aqua,MODIS,55,6.2,309,44.9,D,0
-12.724,135.5751,328.1,2.2,1.4,2014-10-01,0506,Aqua,MODIS,41,6.2,310.9,29.9,D,0
-13.0803,135.6443,326.8,2.2,1.4,2014-10-01,0506,Aqua,MODIS,51,6.2,309.5,26.6,D,0
-12.9462,136.0653,330.5,2.4,1.5,2014-10-01,0506,Aqua,MODIS,61,6.2,307.9,51,D,0
-12.7626,136.0644,326.9,2.4,1.5,2014-10-01,0506,Aqua,MODIS,40,6.2,307.4,40.1,D,0
-12.7709,136.0736,329.2,2.4,1.5,2014-10-01,0506,Aqua,MODIS,58,6.2,309.3,47.9,D,0
-16.464,135.3474,336.3,1.8,1.3,2014-10-01,0506,Aqua,MODIS,78,6.2,312.1,32.7,D,0
-16.467,135.3306,360,1.8,1.3,2014-10-01,0506,Aqua,MODIS,99,6.2,314,151.8,D,0
-16.4699,135.3137,338.8,1.8,1.3,2014-10-01,0506,Aqua,MODIS,72,6.2,312.8,47.7,D,0
-16.4522,135.3452,335,1.8,1.3,2014-10-01,0506,Aqua,MODIS,67,6.2,309.9,27.6,D,0
-16.4552,135.3284,380.3,1.8,1.3,2014-10-01,0506,Aqua,MODIS,100,6.2,315.7,315.8,D,0
-16.4581,135.3116,337.3,1.8,1.3,2014-10-01,0506,Aqua,MODIS,61,6.2,311.6,42.6,D,0
-16.4711,135.3433,347,1.8,1.3,2014-10-01,0506,Aqua,MODIS,90,6.2,313.9,75.6,D,0
-16.4593,135.3412,346,1.8,1.3,2014-10-01,0506,Aqua,MODIS,89,6.2,312,70.8,D,0
-16.4621,135.3243,361.4,1.8,1.3,2014-10-01,0506,Aqua,MODIS,100,6.2,314.2,160.2,D,0
-16.4475,135.339,339.1,1.8,1.3,2014-10-01,0506,Aqua,MODIS,82,6.2,310.8,42.6,D,0
-16.4503,135.3221,362.2,1.8,1.3,2014-10-01,0506,Aqua,MODIS,100,6.2,314.2,166.5,D,0
-12.9452,136.0501,335.4,2.4,1.5,2014-10-01,0506,Aqua,MODIS,78,6.2,308.1,72.1,D,0
-12.8034,135.7386,326.4,2.3,1.5,2014-10-01,0506,Aqua,MODIS,30,6.2,310.9,18.3,D,0
-16.4788,135.3327,339.2,1.8,1.3,2014-10-01,0506,Aqua,MODIS,82,6.2,313.9,45.5,D,0
-16.474,135.3265,346.2,1.8,1.3,2014-10-01,0506,Aqua,MODIS,89,6.2,314.3,74.8,D,0
-12.8893,134.9145,335.9,2,1.4,2014-10-01,0506,Aqua,MODIS,79,6.2,311.2,48.7,D,0
-12.8863,134.9327,332.8,2,1.4,2014-10-01,0506,Aqua,MODIS,67,6.2,313,39.2,D,0
-13.2127,136.0442,326.1,2.4,1.5,2014-10-01,0506,Aqua,MODIS,0,6.2,307.3,36.1,D,0
-13.5218,135.6045,352.9,2.2,1.4,2014-10-01,0506,Aqua,MODIS,95,6.2,313.6,161.3,D,0
-12.9602,135.8092,328.6,2.3,1.5,2014-10-01,0506,Aqua,MODIS,41,6.2,308.3,38.3,D,0
-13.2068,136.0478,327.5,2.4,1.5,2014-10-01,0506,Aqua,MODIS,0,6.2,307.4,41,D,0
-18.0379,123.9655,332.6,2,1.4,2014-10-01,0506,Aqua,MODIS,46,6.2,313.2,30.8,D,0
-18.04,123.9465,344,2,1.4,2014-10-01,0506,Aqua,MODIS,86,6.2,312.9,83.7,D,0
-17.9859,123.9785,335.2,2,1.4,2014-10-01,0506,Aqua,MODIS,58,6.2,316.3,24.2,D,0
-17.9922,123.9216,341.3,2,1.4,2014-10-01,0506,Aqua,MODIS,72,6.2,315.3,59.1,D,0
-17.9902,123.9145,339.5,2,1.4,2014-10-01,0506,Aqua,MODIS,69,6.2,314.3,49.5,D,0
-13.5184,135.6245,331.9,2.2,1.4,2014-10-01,0506,Aqua,MODIS,61,6.2,313.8,43.9,D,0
-12.9853,136.0575,328.1,2.4,1.5,2014-10-01,0506,Aqua,MODIS,36,6.2,308.6,34.7,D,0
-12.9498,136.0433,327.7,2.4,1.5,2014-10-01,0506,Aqua,MODIS,49,6.2,308.8,35.8,D,0
-12.9719,136.0551,333.6,2.4,1.5,2014-10-01,0506,Aqua,MODIS,54,6.2,310.6,58.1,D,0
-12.9666,135.7811,345.5,2.3,1.5,2014-10-01,0506,Aqua,MODIS,89,6.2,310.3,129.8,D,0
-12.9631,135.8021,344.1,2.3,1.5,2014-10-01,0506,Aqua,MODIS,88,6.2,309.4,120.5,D,0
-12.9639,135.7883,354.8,2.3,1.5,2014-10-01,0506,Aqua,MODIS,96,6.2,309.7,192,D,0
-12.9676,135.7672,334.9,2.3,1.5,2014-10-01,0506,Aqua,MODIS,77,6.2,308.7,63.7,D,0
-12.9702,135.7599,328,2.3,1.5,2014-10-01,0506,Aqua,MODIS,57,6.2,308.7,37.4,D,0
-16.1577,127.8862,328.2,1.1,1,2014-10-01,0506,Aqua,MODIS,18,6.2,306.7,11,D,0
-17.0392,124.3099,380.6,1.8,1.3,2014-10-01,0506,Aqua,MODIS,100,6.2,310.9,333.9,D,0
-17.0273,124.3084,341.8,1.8,1.3,2014-10-01,0506,Aqua,MODIS,82,6.2,306.4,65.4,D,0
-16.5227,127.8295,352.6,1.1,1,2014-10-01,0506,Aqua,MODIS,95,6.2,314.3,54.8,D,0
-17.0431,124.321,350.2,1.8,1.3,2014-10-01,0506,Aqua,MODIS,93,6.2,308.1,106.1,D,0
-17.0452,124.3038,349.5,1.8,1.3,2014-10-01,0506,Aqua,MODIS,93,6.2,309.9,101.3,D,0
-17.0312,124.3195,335.2,1.8,1.3,2014-10-01,0506,Aqua,MODIS,56,6.2,306.8,39.2,D,0
-17.0333,124.3023,342.1,1.8,1.3,2014-10-01,0506,Aqua,MODIS,87,6.2,306.2,64.4,D,0
-17.0193,124.318,364.2,1.8,1.3,2014-10-01,0506,Aqua,MODIS,100,6.2,310.8,188.7,D,0
-17.0213,124.3008,349.1,1.8,1.3,2014-10-01,0506,Aqua,MODIS,93,6.2,309.6,96.6,D,0
-16.1496,127.9463,341,1.1,1,2014-10-01,0506,Aqua,MODIS,84,6.2,312.6,29.3,D,0
-16.1509,127.9364,333.7,1.1,1,2014-10-01,0506,Aqua,MODIS,54,6.2,312.4,16.5,D,0
-16.155,127.9066,331.6,1.1,1,2014-10-01,0506,Aqua,MODIS,51,6.2,314.4,14.2,D,0
-17.0036,127.5901,341,1.1,1.1,2014-10-01,0506,Aqua,MODIS,84,6.2,317.3,26.6,D,0
-15.5518,127.5478,341.5,1.1,1,2014-10-01,0506,Aqua,MODIS,81,6.2,313,29.9,D,0
-16.5241,127.8192,351,1.1,1,2014-10-01,0506,Aqua,MODIS,94,6.2,314.9,50.9,D,0
-16.5133,127.8281,334,1.1,1,2014-10-01,0506,Aqua,MODIS,74,6.2,314.2,16.5,D,0
-16.1403,127.9452,336.5,1.1,1,2014-10-01,0506,Aqua,MODIS,75,6.2,309.2,22.5,D,0
-13.5831,130.1747,337.4,1,1,2014-10-01,0506,Aqua,MODIS,71,6.2,304.3,27.5,D,0
-17.0094,124.2993,338.4,1.8,1.3,2014-10-01,0506,Aqua,MODIS,43,6.2,312.6,48,D,0
-16.9954,124.315,386.2,1.8,1.3,2014-10-01,0506,Aqua,MODIS,100,6.2,314.1,383.8,D,0
-16.9974,124.2978,355,1.8,1.3,2014-10-01,0506,Aqua,MODIS,97,6.2,313,125.9,D,0
-16.9931,127.0359,364.5,1.2,1.1,2014-10-01,0506,Aqua,MODIS,100,6.2,303,105.3,D,0
-16.9916,127.0471,339.5,1.2,1.1,2014-10-01,0506,Aqua,MODIS,76,6.2,305.8,27.1,D,0
-16.9835,124.3135,370.9,1.8,1.3,2014-10-01,0506,Aqua,MODIS,100,6.2,315.8,238.4,D,0
-16.9855,124.2963,353,1.8,1.3,2014-10-01,0506,Aqua,MODIS,95,6.2,314.8,115.8,D,0
-16.9377,124.2906,333.7,1.8,1.3,2014-10-01,0506,Aqua,MODIS,36,6.2,310.5,30,D,0
-16.9396,124.2734,372.2,1.8,1.3,2014-10-01,0506,Aqua,MODIS,100,6.2,315.6,247.6,D,0
-16.9416,124.2561,335.4,1.8,1.3,2014-10-01,0506,Aqua,MODIS,36,6.2,313.2,30.7,D,0
-17.2078,126.8683,400.9,1.2,1.1,2014-10-01,0506,Aqua,MODIS,94,6.2,312.8,331,D,0
-17.2063,126.8799,396.6,1.2,1.1,2014-10-01,0506,Aqua,MODIS,87,6.2,301.4,293.6,D,0
-17.0172,127.2331,336.7,1.2,1.1,2014-10-01,0506,Aqua,MODIS,47,6.2,313.1,23.1,D,0
-16.9326,124.285,353.5,1.8,1.3,2014-10-01,0506,Aqua,MODIS,96,6.2,313.3,116.7,D,0
-17.0157,127.2441,341.1,1.2,1.1,2014-10-01,0506,Aqua,MODIS,82,6.2,315,30.8,D,0
-13.6093,130.1749,342.9,1,1,2014-10-01,0506,Aqua,MODIS,80,6.2,307.4,33.7,D,0
-16.9346,124.2679,370.1,1.8,1.3,2014-10-01,0506,Aqua,MODIS,100,6.2,317.3,228.8,D,0
-13.5762,130.222,334.8,1,1,2014-10-01,0506,Aqua,MODIS,45,6.2,298.9,19.7,D,0
-17.2808,127.0954,344.5,1.2,1.1,2014-10-01,0506,Aqua,MODIS,88,6.2,310.9,43,D,0
-15.5504,127.5582,339.8,1.1,1,2014-10-01,0506,Aqua,MODIS,80,6.2,315.8,25.1,D,0
-16.9804,127.057,383.4,1.2,1.1,2014-10-01,0506,Aqua,MODIS,100,6.2,308.8,193.9,D,0
-16.9902,127.0583,344.2,1.2,1.1,2014-10-01,0506,Aqua,MODIS,72,6.2,314.3,38.3,D,0
-17.0146,127.5809,339.2,1.1,1.1,2014-10-01,0506,Aqua,MODIS,81,6.2,315.5,24.1,D,0
-13.5811,130.2519,350.1,1,1,2014-10-01,0506,Aqua,MODIS,93,6.2,305.2,48.7,D,0
-14.3102,133.8467,358,1.6,1.2,2014-10-01,0506,Aqua,MODIS,98,6.2,317.5,105,D,0
-12.6998,136.3185,324.9,2.5,1.5,2014-10-01,0506,Aqua,MODIS,38,6.2,307.2,31.7,D,0
-14.4676,134.7019,337.4,1.8,1.3,2014-10-01,0506,Aqua,MODIS,79,6.2,315.8,43.8,D,0
-14.2818,133.8123,347.3,1.6,1.2,2014-10-01,0506,Aqua,MODIS,82,6.2,315.4,63.7,D,0
-14.424,134.2119,338.6,1.6,1.3,2014-10-01,0506,Aqua,MODIS,77,6.2,315.7,35.7,D,0
-14.2529,133.8508,356.2,1.6,1.2,2014-10-01,0506,Aqua,MODIS,97,6.2,314.5,109.2,D,0
-14.4649,134.7181,338.6,1.8,1.3,2014-10-01,0506,Aqua,MODIS,81,6.2,315.5,48.4,D,0
-14.2599,133.8085,363.7,1.6,1.2,2014-10-01,0506,Aqua,MODIS,100,6.2,313.9,154.1,D,0
-14.3124,133.8381,341.8,1.6,1.2,2014-10-01,0506,Aqua,MODIS,72,6.2,315.7,40.1,D,0
-14.2685,133.8246,357.6,1.6,1.2,2014-10-01,0506,Aqua,MODIS,98,6.2,317,110.6,D,0
-14.4577,134.2086,337.7,1.6,1.3,2014-10-01,0506,Aqua,MODIS,70,6.2,317.4,31.7,D,0
-14.2552,133.8367,335.6,1.6,1.2,2014-10-01,0506,Aqua,MODIS,57,6.2,310.5,33.4,D,0
-14.2795,133.8265,359.9,1.6,1.2,2014-10-01,0506,Aqua,MODIS,99,6.2,318.6,113.4,D,0
-14.0426,136.4479,326.3,2.5,1.5,2014-10-01,0506,Aqua,MODIS,24,6.2,300.6,47.4,D,0
-14.4766,134.7203,330.8,1.8,1.3,2014-10-01,0506,Aqua,MODIS,52,6.2,315.9,22.1,D,0
-14.332,133.8561,349.2,1.6,1.2,2014-10-01,0506,Aqua,MODIS,92,6.2,317.8,71.2,D,0
-14.4127,134.2098,333.9,1.6,1.3,2014-10-01,0506,Aqua,MODIS,55,6.2,317.4,21.7,D,0
-14.2702,133.8839,350.4,1.6,1.2,2014-10-01,0506,Aqua,MODIS,93,6.2,316.9,71.3,D,0
-14.2639,133.8529,348.7,1.6,1.2,2014-10-01,0506,Aqua,MODIS,91,6.2,317.2,67.8,D,0
-14.2655,133.9128,334.3,1.6,1.2,2014-10-01,0506,Aqua,MODIS,60,6.2,317.5,18.2,D,0
-14.343,133.8579,346.3,1.6,1.2,2014-10-01,0506,Aqua,MODIS,89,6.2,314.6,61.9,D,0
-14.4803,134.2127,332.3,1.6,1.3,2014-10-01,0506,Aqua,MODIS,31,6.2,317.1,16.6,D,0
-14.2575,133.8227,335.9,1.6,1.2,2014-10-01,0506,Aqua,MODIS,74,6.2,310,36.5,D,0
-12.644,136.3485,333.1,2.6,1.5,2014-10-01,0506,Aqua,MODIS,76,6.2,308.4,74.6,D,0
-14.2772,133.8406,338.6,1.6,1.2,2014-10-01,0506,Aqua,MODIS,57,6.2,317.2,25.9,D,0
-12.6399,136.3719,346.2,2.6,1.5,2014-10-01,0506,Aqua,MODIS,90,6.2,307.2,163.9,D,0
-14.2663,133.8385,352.4,1.6,1.2,2014-10-01,0506,Aqua,MODIS,94,6.2,317.1,83.9,D,0
-14.321,133.8543,339.4,1.6,1.2,2014-10-01,0506,Aqua,MODIS,51,6.2,315.7,32.2,D,0
-14.2709,133.8104,349.4,1.6,1.2,2014-10-01,0506,Aqua,MODIS,92,6.2,316.5,79.8,D,0
-14.2457,133.8943,342.5,1.6,1.2,2014-10-01,0506,Aqua,MODIS,84,6.2,316.3,42,D,0
-14.286,135.6805,327.2,2.1,1.4,2014-10-01,0506,Aqua,MODIS,46,6.2,310,35.7,D,0
-14.3061,133.802,342,1.5,1.2,2014-10-01,0506,Aqua,MODIS,82,6.2,314.6,48.8,D,0
-14.2401,133.998,345.2,1.6,1.2,2014-10-01,0506,Aqua,MODIS,88,6.2,316.8,52.5,D,0
-14.3413,134.007,335.1,1.6,1.2,2014-10-01,0506,Aqua,MODIS,75,6.2,316.2,25.5,D,0
-14.2481,133.8799,352.5,1.6,1.2,2014-10-01,0506,Aqua,MODIS,94,6.2,314.1,82.1,D,0
-14.2856,135.6731,327.5,2.1,1.4,2014-10-01,0506,Aqua,MODIS,44,6.2,309.7,35.8,D,0
-14.3344,133.8418,343.5,1.6,1.2,2014-10-01,0506,Aqua,MODIS,86,6.2,314.8,50.3,D,0
-14.2395,133.8634,361.5,1.6,1.2,2014-10-01,0506,Aqua,MODIS,100,6.2,314.1,134.8,D,0
-14.31,133.8523,353.2,1.6,1.2,2014-10-01,0506,Aqua,MODIS,95,6.2,317.6,82.2,D,0
-14.2725,133.8695,340.4,1.6,1.2,2014-10-01,0506,Aqua,MODIS,83,6.2,317.3,35.3,D,0
-14.2615,133.8675,341,1.6,1.2,2014-10-01,0506,Aqua,MODIS,82,6.2,315,39.4,D,0
-12.6893,136.3329,329.8,2.6,1.5,2014-10-01,0506,Aqua,MODIS,69,6.2,309,56.7,D,0
-14.3407,133.8721,334.7,1.6,1.2,2014-10-01,0506,Aqua,MODIS,35,6.2,315.5,22.9,D,0
-17.0958,126.953,336.7,1.2,1.1,2014-10-01,0506,Aqua,MODIS,16,6.2,309.8,29.1,D,0
-17.3104,126.8653,367.5,1.2,1.1,2014-10-01,0506,Aqua,MODIS,100,6.2,313.9,121.4,D,0
-17.3089,126.877,342.5,1.2,1.1,2014-10-01,0506,Aqua,MODIS,76,6.2,312.3,36.8,D,0
-17.3204,126.8667,434.4,1.2,1.1,2014-10-01,0506,Aqua,MODIS,100,6.2,325.1,703.9,D,0
-17.3189,126.8784,418.7,1.2,1.1,2014-10-01,0506,Aqua,MODIS,100,6.2,320.8,500.6,D,0
-13.5727,130.309,351.6,1,1,2014-10-01,0506,Aqua,MODIS,82,6.2,315.6,54.4,D,0
-13.5741,130.2995,348.2,1,1,2014-10-01,0506,Aqua,MODIS,67,6.2,317.9,46.6,D,0
-17.895,123.9549,335.5,2,1.4,2014-10-01,0506,Aqua,MODIS,62,6.2,313.4,37.1,D,0
-17.8965,123.9604,339.5,2,1.4,2014-10-01,0506,Aqua,MODIS,80,6.2,314,52.4,D,0
-17.0874,126.9401,357,1.2,1.1,2014-10-01,0506,Aqua,MODIS,98,6.2,311,85.7,D,0
-17.0859,126.9515,361.1,1.2,1.1,2014-10-01,0506,Aqua,MODIS,100,6.2,313.9,97.7,D,0
-16.1443,127.9153,344.8,1.1,1,2014-10-01,0506,Aqua,MODIS,86,6.2,315,37.2,D,0
-16.1456,127.9051,370.7,1.1,1,2014-10-01,0506,Aqua,MODIS,100,6.2,316.4,111.8,D,0
-16.147,127.8949,355.3,1.1,1,2014-10-01,0506,Aqua,MODIS,97,6.2,312.9,62.9,D,0
-13.6107,130.1655,329.2,1,1,2014-10-01,0506,Aqua,MODIS,29,6.2,301.5,14.8,D,0
-13.6016,130.1641,332.7,1,1,2014-10-01,0506,Aqua,MODIS,60,6.2,303.9,20.1,D,0
-12.8419,130.6349,335.8,1.1,1,2014-10-01,0507,Aqua,MODIS,63,6.2,298.3,25.1,D,0
-13.0875,130.3482,354.2,1,1,2014-10-01,0507,Aqua,MODIS,96,6.2,299,64.4,D,0
-13.0889,130.3386,365.3,1,1,2014-10-01,0507,Aqua,MODIS,100,6.2,305.2,96.1,D,0
-13.0797,130.3372,342,1,1,2014-10-01,0507,Aqua,MODIS,86,6.2,300.5,39.2,D,0
-13.0903,130.3291,327.2,1,1,2014-10-01,0507,Aqua,MODIS,33,6.2,300.7,14.7,D,0
-12.3134,131.8238,328.7,1.2,1.1,2014-10-01,0507,Aqua,MODIS,56,6.2,309.8,14.4,D,0
-11.4776,132.7843,338.4,1.5,1.2,2014-10-01,0507,Aqua,MODIS,77,6.2,305.1,47.9,D,0
-13.3644,131.3841,414.1,1.1,1.1,2014-10-01,0507,Aqua,MODIS,100,6.2,324.6,392,D,0
-12.3117,131.8351,340.5,1.2,1.1,2014-10-01,0507,Aqua,MODIS,85,6.2,310.6,38.8,D,0
-13.3739,131.3856,344.5,1.1,1.1,2014-10-01,0507,Aqua,MODIS,71,6.2,318.4,29.7,D,0
-11.4207,132.4224,345.3,1.4,1.2,2014-10-01,0507,Aqua,MODIS,90,6.2,306,57.6,D,0
-12.2903,135.1161,333.4,2.1,1.4,2014-10-01,0507,Aqua,MODIS,76,6.2,300.4,68.1,D,0
-13.3676,131.3632,352.2,1.1,1.1,2014-10-01,0507,Aqua,MODIS,83,6.2,315.3,51,D,0
-11.2208,132.282,332,1.4,1.2,2014-10-01,0507,Aqua,MODIS,0,6.2,305.3,22.2,D,0
-13.3628,131.3945,349.2,1.1,1.1,2014-10-01,0507,Aqua,MODIS,92,6.2,314.7,42.4,D,0
-11.4186,132.4351,336,1.4,1.2,2014-10-01,0507,Aqua,MODIS,81,6.2,305.7,31.6,D,0
-11.2386,132.3419,329.2,1.4,1.2,2014-10-01,0507,Aqua,MODIS,51,6.2,308.1,14.5,D,0
-11.2189,132.2944,332,1.4,1.2,2014-10-01,0507,Aqua,MODIS,57,6.2,304.5,22.7,D,0
-11.2254,132.321,333.1,1.4,1.2,2014-10-01,0507,Aqua,MODIS,65,6.2,306.9,24.5,D,0
-11.2169,132.3068,329.3,1.4,1.2,2014-10-01,0507,Aqua,MODIS,40,6.2,304.8,17.9,D,0
-11.4227,132.4098,335.3,1.4,1.2,2014-10-01,0507,Aqua,MODIS,80,6.2,304.7,31.5,D,0
-13.366,131.3737,364.5,1.1,1.1,2014-10-01,0507,Aqua,MODIS,100,6.2,319.2,86.9,D,0
-11.4883,132.7859,328.7,1.5,1.2,2014-10-01,0507,Aqua,MODIS,77,6.2,303.3,22.7,D,0
-13.358,131.3617,354.5,1.1,1.1,2014-10-01,0507,Aqua,MODIS,81,6.2,311.2,60.5,D,0
-11.7346,132.8999,328.5,1.5,1.2,2014-10-01,0507,Aqua,MODIS,81,6.2,302.5,26.1,D,0
-13.0005,131.3545,345,1.1,1.1,2014-10-01,0507,Aqua,MODIS,75,6.2,314.2,34.2,D,0
-11.4863,132.8682,331.5,1.5,1.2,2014-10-01,0507,Aqua,MODIS,79,6.2,307.9,24.5,D,0
-12.6398,132.6278,353.2,1.4,1.2,2014-10-01,0507,Aqua,MODIS,95,6.2,318.1,70.8,D,0
-12.0962,134.3725,328.8,1.9,1.3,2014-10-01,0507,Aqua,MODIS,42,6.2,305.8,30.1,D,0
-12.1048,134.3633,339.4,1.9,1.3,2014-10-01,0507,Aqua,MODIS,82,6.2,306.7,64,D,0
-12.1109,134.3575,342.6,1.9,1.3,2014-10-01,0507,Aqua,MODIS,86,6.2,306.3,78.3,D,0
-12.1076,134.3464,330.1,1.9,1.3,2014-10-01,0507,Aqua,MODIS,34,6.2,307.9,29.9,D,0
-12.0989,134.3555,327.2,1.9,1.3,2014-10-01,0507,Aqua,MODIS,34,6.2,307.2,24.7,D,0
-12.6378,132.6404,342.6,1.4,1.2,2014-10-01,0507,Aqua,MODIS,86,6.2,317.5,36.6,D,0
-12.6294,132.6261,335.2,1.4,1.2,2014-10-01,0507,Aqua,MODIS,75,6.2,315.9,18.6,D,0
-12.4502,133.9676,329.9,1.7,1.3,2014-10-01,0507,Aqua,MODIS,61,6.2,313.4,21,D,0
-12.0754,134.6548,327,2,1.4,2014-10-01,0507,Aqua,MODIS,14,6.2,308.6,18.4,D,0
-12.4601,133.9588,332.1,1.7,1.3,2014-10-01,0507,Aqua,MODIS,71,6.2,311.8,26.8,D,0
-12.3887,134.0546,333.7,1.7,1.3,2014-10-01,0507,Aqua,MODIS,63,6.2,312.3,33.5,D,0
-12.4003,134.0566,327.5,1.7,1.3,2014-10-01,0507,Aqua,MODIS,28,6.2,311.1,15.6,D,0
-11.6765,131.1675,342.5,1.2,1.1,2014-10-01,0507,Aqua,MODIS,88,6.2,309.9,36.8,D,0
-11.9439,133.7389,332.9,1.7,1.3,2014-10-01,0507,Aqua,MODIS,52,6.2,310.4,32.5,D,0
-12.651,131.4252,352.8,1.2,1.1,2014-10-01,0507,Aqua,MODIS,95,6.2,312.1,64.5,D,0
-12.4908,135.8847,325.4,2.4,1.5,2014-10-01,0507,Aqua,MODIS,56,6.2,305.1,35.3,D,0
-12.5543,135.7245,333.7,2.3,1.5,2014-10-01,0507,Aqua,MODIS,69,6.2,309.3,49,D,0
-12.528,135.7201,344.2,2.3,1.5,2014-10-01,0507,Aqua,MODIS,89,6.2,307.8,116,D,0
-12.5842,135.7081,329.5,2.3,1.5,2014-10-01,0507,Aqua,MODIS,58,6.2,310.2,36,D,0
-12.5327,135.7158,341.1,2.3,1.5,2014-10-01,0507,Aqua,MODIS,80,6.2,310.2,101.2,D,0
-12.5529,135.6759,324.8,2.3,1.5,2014-10-01,0507,Aqua,MODIS,57,6.2,303.9,40.3,D,0
-12.5579,135.7036,362.7,2.3,1.5,2014-10-01,0507,Aqua,MODIS,100,6.2,311.7,257.8,D,0
-13.0149,131.3891,335,1.2,1.1,2014-10-01,0507,Aqua,MODIS,23,6.2,315.9,12.2,D,0
-12.5317,135.699,354.3,2.3,1.5,2014-10-01,0507,Aqua,MODIS,96,6.2,309.4,196.2,D,0
-12.5711,135.7057,337.2,2.3,1.5,2014-10-01,0507,Aqua,MODIS,77,6.2,310.8,69.7,D,0
-12.8125,132.8385,334.1,1.4,1.2,2014-10-01,0507,Aqua,MODIS,27,6.2,316.6,20.6,D,0
-12.6918,135.5434,342.2,2.2,1.4,2014-10-01,0507,Aqua,MODIS,75,6.2,306.5,99.7,D,0
-12.7013,135.566,337.7,2.2,1.4,2014-10-01,0507,Aqua,MODIS,55,6.2,310,65,D,0
-12.5185,135.6967,347.9,2.3,1.5,2014-10-01,0507,Aqua,MODIS,92,6.2,298.6,153.3,D,0
-12.5363,135.6945,339.6,2.3,1.5,2014-10-01,0507,Aqua,MODIS,64,6.2,308.3,100.7,D,0
-12.5232,135.6922,352.5,2.3,1.5,2014-10-01,0507,Aqua,MODIS,95,6.2,303.5,184.8,D,0
-12.5494,135.6969,337.5,2.3,1.5,2014-10-01,0507,Aqua,MODIS,77,6.2,307.6,87.5,D,0
-12.8902,131.3408,351.9,1.1,1.1,2014-10-01,0507,Aqua,MODIS,94,6.2,313.6,53.8,D,0
-12.827,132.8465,338.5,1.4,1.2,2014-10-01,0507,Aqua,MODIS,60,6.2,316.6,33.4,D,0
-12.8105,132.8508,343.4,1.4,1.2,2014-10-01,0507,Aqua,MODIS,80,6.2,312.7,47.6,D,0
-12.7109,135.5884,345.9,2.2,1.5,2014-10-01,0507,Aqua,MODIS,90,6.2,311.4,113.4,D,0
-12.5292,135.7368,330,2.3,1.5,2014-10-01,0507,Aqua,MODIS,42,6.2,306.8,41.6,D,0
-12.5615,135.6827,377.7,2.3,1.5,2014-10-01,0507,Aqua,MODIS,100,6.2,312.5,433.6,D,0
-12.5747,135.6849,354.5,2.3,1.5,2014-10-01,0507,Aqua,MODIS,96,6.2,311.1,188.4,D,0
-12.8165,132.8447,339.8,1.4,1.2,2014-10-01,0507,Aqua,MODIS,59,6.2,315.8,34.6,D,0
-12.879,131.3497,343.9,1.2,1.1,2014-10-01,0507,Aqua,MODIS,87,6.2,314.3,31.9,D,0
-12.8375,132.8479,333.4,1.4,1.2,2014-10-01,0507,Aqua,MODIS,60,6.2,315.1,24.1,D,0
-12.8806,131.3392,350.4,1.1,1.1,2014-10-01,0507,Aqua,MODIS,93,6.2,314.3,49,D,0
-34.6929,117.1317,374.5,2.1,1.4,2014-10-01,0639,Aqua,MODIS,100,6.2,302,367.5,D,0
-34.7021,117.0872,362.1,2.1,1.4,2014-10-01,0639,Aqua,MODIS,100,6.2,302.8,249.3,D,0
-34.699,117.039,330.4,2.1,1.4,2014-10-01,0639,Aqua,MODIS,70,6.2,297.4,66.7,D,0
-34.6975,117.1094,415.4,2.1,1.4,2014-10-01,0639,Aqua,MODIS,100,6.2,311.2,1020.5,D,0
-34.6912,117.0131,391.2,2,1.4,2014-10-01,0639,Aqua,MODIS,94,6.2,304.6,565.4,D,0
-34.6958,116.9911,381.1,2,1.4,2014-10-01,0639,Aqua,MODIS,94,6.2,302.3,433.7,D,0
-34.6835,116.9872,363.1,2,1.4,2014-10-01,0639,Aqua,MODIS,100,6.2,301.5,255.7,D,0
-34.6827,116.9796,326.6,2,1.4,2014-10-01,0639,Aqua,MODIS,82,6.2,299.3,55.1,D,0
-34.6897,117.0833,315.2,2.1,1.4,2014-10-01,0639,Aqua,MODIS,41,6.2,298.2,23.5,D,0
-34.6737,117.0233,320.9,2.1,1.4,2014-10-01,0639,Aqua,MODIS,78,6.2,300.1,39.9,D,0
-34.6866,117.0351,326.2,2.1,1.4,2014-10-01,0639,Aqua,MODIS,51,6.2,302.4,51.6,D,0
-34.679,117.009,366.8,2,1.4,2014-10-01,0639,Aqua,MODIS,100,6.2,303.2,286.9,D,0
-34.7006,117.158,322.1,2.1,1.4,2014-10-01,0639,Aqua,MODIS,79,6.2,297.6,44.8,D,0
-34.7099,117.1133,357.2,2.1,1.4,2014-10-01,0639,Aqua,MODIS,98,6.2,297.1,212.1,D,0
-34.7146,117.091,359.9,2.1,1.4,2014-10-01,0639,Aqua,MODIS,99,6.2,297.6,234.8,D,0
-34.6882,117.1541,325.9,2.1,1.4,2014-10-01,0639,Aqua,MODIS,82,6.2,298.1,54.5,D,0
-34.6782,117.0015,344.7,2,1.4,2014-10-01,0639,Aqua,MODIS,93,6.2,303.2,133.3,D,0
-22.947,117.984,339.4,4.5,2,2014-10-01,0642,Aqua,MODIS,79,6.2,310.6,246.4,D,0
-22.9569,117.9395,326.1,4.5,2,2014-10-01,0642,Aqua,MODIS,28,6.2,301.3,89.3,D,0
-22.9639,117.9802,340.2,4.5,2,2014-10-01,0642,Aqua,MODIS,84,6.2,308,255.7,D,0
-22.9467,117.9754,340.6,4.5,2,2014-10-01,0642,Aqua,MODIS,84,6.2,310.2,257.7,D,0
-22.9642,117.9889,344.5,4.5,2,2014-10-01,0642,Aqua,MODIS,89,6.2,307.5,328.9,D,0
-21.4624,117.5894,329.9,4.6,2,2014-10-01,0643,Aqua,MODIS,72,6.2,304.1,136.5,D,0
-21.4721,117.545,357,4.6,2,2014-10-01,0643,Aqua,MODIS,98,6.2,307.8,578.9,D,0
-21.4546,117.541,348.1,4.6,2,2014-10-01,0643,Aqua,MODIS,92,6.2,306.2,394.7,D,0
-21.4642,117.4974,330.4,4.5,2,2014-10-01,0643,Aqua,MODIS,65,6.2,307.8,120.1,D,0
-21.4371,117.5372,359,4.6,2,2014-10-01,0643,Aqua,MODIS,99,6.2,307.3,613.5,D,0
-21.4469,117.4931,349.2,4.5,2,2014-10-01,0643,Aqua,MODIS,93,6.2,310,388.8,D,0
-21.4196,117.5331,332.7,4.6,2,2014-10-01,0643,Aqua,MODIS,68,6.2,306.9,153.1,D,0
-21.4295,117.4889,342.8,4.5,2,2014-10-01,0643,Aqua,MODIS,88,6.2,309.5,283.7,D,0
-21.4645,117.5857,335.5,4.6,2,2014-10-01,0643,Aqua,MODIS,80,6.2,304.2,202.4,D,0
-21.4739,117.5413,349.9,4.6,2,2014-10-01,0643,Aqua,MODIS,93,6.2,307.3,428.4,D,0
-21.4564,117.5373,353,4.6,2,2014-10-01,0643,Aqua,MODIS,95,6.2,306.8,490,D,0
-21.4658,117.4934,327.7,4.5,2,2014-10-01,0643,Aqua,MODIS,48,6.2,307.8,88.3,D,0
-21.4389,117.5333,364,4.6,2,2014-10-01,0643,Aqua,MODIS,100,6.2,307.7,729.1,D,0
-21.4484,117.4892,344.3,4.5,2,2014-10-01,0643,Aqua,MODIS,89,6.2,309.9,298.3,D,0
-21.4215,117.5292,332.9,4.6,2,2014-10-01,0643,Aqua,MODIS,55,6.2,306.7,139.2,D,0
-21.431,117.4849,338.6,4.5,2,2014-10-01,0643,Aqua,MODIS,84,6.2,309.3,208.3,D,0
-21.404,117.5251,340.8,4.6,2,2014-10-01,0643,Aqua,MODIS,86,6.2,309.3,249.9,D,0
-21.4135,117.4812,349.2,4.5,2,2014-10-01,0643,Aqua,MODIS,93,6.2,311.8,384.4,D,0
-21.3961,117.4773,327.5,4.5,2,2014-10-01,0643,Aqua,MODIS,45,6.2,310.4,81,D,0
-21.4039,117.5167,341.8,4.6,2,2014-10-01,0643,Aqua,MODIS,87,6.2,309.8,264.3,D,0
-21.4131,117.473,334.5,4.5,2,2014-10-01,0643,Aqua,MODIS,74,6.2,311.7,153.3,D,0
-21.3956,117.4691,327.5,4.5,2,2014-10-01,0643,Aqua,MODIS,63,6.2,310.6,82.2,D,0
-21.5435,117.4806,330.6,4.5,2,2014-10-01,0643,Aqua,MODIS,74,6.2,307.8,133,D,0
-21.5165,117.5199,335.1,4.5,2,2014-10-01,0643,Aqua,MODIS,80,6.2,307.6,197,D,0
-21.5428,117.4719,326.6,4.5,2,2014-10-01,0643,Aqua,MODIS,46,6.2,307.9,86.7,D,0
-21.5161,117.5111,332.2,4.5,2,2014-10-01,0643,Aqua,MODIS,68,6.2,307.8,149.8,D,0
-21.0502,116.5914,328.5,4,1.9,2014-10-01,0643,Aqua,MODIS,81,6.2,309.7,83.5,D,0
-34.4636,150.8805,303.8,1,1,2014-10-01,1247,Terra,MODIS,57,6.2,284.3,8.5,N,2
-28.3849,149.2205,300.1,1,1,2014-10-01,1249,Terra,MODIS,17,6.2,286.2,5.7,N,0
-28.8953,148.441,304.6,1,1,2014-10-01,1249,Terra,MODIS,61,6.2,284.4,9.4,N,0
-27.8434,149.2836,313.5,1,1,2014-10-01,1249,Terra,MODIS,87,6.2,288.2,14,N,0
-27.8358,149.2718,332,1,1,2014-10-01,1249,Terra,MODIS,100,6.2,289.1,33.4,N,0
-27.8449,149.2734,321.9,1,1,2014-10-01,1249,Terra,MODIS,100,6.2,288.6,21.6,N,0
-27.8344,149.2819,322.8,1,1,2014-10-01,1249,Terra,MODIS,100,6.2,288.6,22.5,N,0
-23.5549,147.6976,308.3,1,1,2014-10-01,1250,Terra,MODIS,74,6.2,290,9.5,N,0
-25.1385,149.0447,308.1,1,1,2014-10-01,1250,Terra,MODIS,74,6.2,291,8,N,0
-23.3996,147.7605,302.6,1,1,2014-10-01,1250,Terra,MODIS,50,6.2,289.3,5.6,N,0
-25.2709,149.0844,309.1,1,1,2014-10-01,1250,Terra,MODIS,76,6.2,291.1,8.9,N,0
-22.9471,150.467,303.9,1.1,1.1,2014-10-01,1250,Terra,MODIS,35,6.2,286.6,7.1,N,0
-25.1371,149.0546,304.7,1,1,2014-10-01,1250,Terra,MODIS,48,6.2,290.2,5.6,N,0
-26.4006,149.6616,308.2,1,1,2014-10-01,1250,Terra,MODIS,74,6.2,290.6,8.9,N,0
-26.3901,149.6699,311.2,1,1,2014-10-01,1250,Terra,MODIS,66,6.2,291,10.4,N,0
-26.3916,149.6599,329.2,1,1,2014-10-01,1250,Terra,MODIS,100,6.2,292.8,28.2,N,0
-26.3826,149.6627,306.5,1,1,2014-10-01,1250,Terra,MODIS,68,6.2,290.7,8.3,N,0
-25.928,149.4355,319.5,1,1,2014-10-01,1250,Terra,MODIS,99,6.2,289.3,18.5,N,0
-25.91,149.4322,303.2,1,1,2014-10-01,1250,Terra,MODIS,54,6.2,288.6,6.2,N,0
-25.901,149.4306,311.8,1,1,2014-10-01,1250,Terra,MODIS,83,6.2,289.7,11.9,N,0
-25.9024,149.4206,312.2,1,1,2014-10-01,1250,Terra,MODIS,84,6.2,288.6,12.2,N,0
-24.8161,150.9225,310.6,1.1,1,2014-10-01,1250,Terra,MODIS,80,6.2,290.6,11.3,N,0
-24.9189,151.0392,301.7,1.1,1.1,2014-10-01,1250,Terra,MODIS,44,6.2,291.2,5.3,N,0
-25.2694,149.0943,320.9,1,1,2014-10-01,1250,Terra,MODIS,100,6.2,291.5,18.7,N,0
-25.4575,150.5441,309.6,1.1,1,2014-10-01,1250,Terra,MODIS,78,6.2,288.9,10.6,N,0
-24.8123,150.9155,311,1.1,1,2014-10-01,1250,Terra,MODIS,82,6.2,290.3,12.3,N,0
-25.4667,150.5459,306.3,1.1,1,2014-10-01,1250,Terra,MODIS,67,6.2,288.3,8.1,N,0
-25.6263,146.5821,318.9,1.1,1.1,2014-10-01,1250,Terra,MODIS,98,6.2,292.2,19.2,N,0
-25.2891,149.0837,316.2,1,1,2014-10-01,1250,Terra,MODIS,93,6.2,291,14.4,N,0
-24.8859,150.7252,300.4,1.1,1,2014-10-01,1250,Terra,MODIS,26,6.2,287,5.7,N,0
-24.8178,150.9116,315.4,1.1,1,2014-10-01,1250,Terra,MODIS,91,6.2,291.1,16.1,N,0
-25.6168,146.5806,302.6,1.1,1.1,2014-10-01,1250,Terra,MODIS,27,6.2,291.3,5.4,N,0
-25.6454,146.5851,312.6,1.1,1.1,2014-10-01,1250,Terra,MODIS,73,6.2,291.8,12.5,N,0
-24.8012,150.9245,300.5,1.1,1,2014-10-01,1250,Terra,MODIS,28,6.2,290.3,5,N,0
-24.8843,150.7358,310.9,1.1,1,2014-10-01,1250,Terra,MODIS,81,6.2,287.3,13.2,N,0
-24.8936,150.7376,300.3,1.1,1,2014-10-01,1250,Terra,MODIS,23,6.2,287.4,5.8,N,0
-25.6358,146.5836,312.9,1.1,1.1,2014-10-01,1250,Terra,MODIS,48,6.2,291.9,12.4,N,0
-25.6549,146.5866,327.7,1.1,1.1,2014-10-01,1250,Terra,MODIS,100,6.2,293.1,30.7,N,0
-25.6535,146.5978,307.9,1.1,1.1,2014-10-01,1250,Terra,MODIS,73,6.2,291.1,9.3,N,0
-25.2496,149.0399,304.1,1,1,2014-10-01,1250,Terra,MODIS,58,6.2,291.7,6.2,N,0
-25.2604,149.0927,305.5,1,1,2014-10-01,1250,Terra,MODIS,65,6.2,290.3,6.8,N,0
-23.8424,147.2764,308.1,1,1,2014-10-01,1250,Terra,MODIS,73,6.2,291,8.6,N,0
-24.5953,151.2094,301.4,1.1,1.1,2014-10-01,1250,Terra,MODIS,41,6.2,289.4,6,N,0
-25.6907,148.6538,303.3,1,1,2014-10-01,1250,Terra,MODIS,55,6.2,289.7,6.9,N,0
-24.4607,151.0211,302,1.1,1.1,2014-10-01,1250,Terra,MODIS,46,6.2,289.5,6.2,N,0
-25.4283,152.3128,301.7,1.3,1.1,2014-10-01,1250,Terra,MODIS,43,6.2,288.9,7.9,N,0
-23.7966,147.269,304.6,1,1,2014-10-01,1250,Terra,MODIS,61,6.2,291.6,6.8,N,0
-22.8949,149.5374,312.3,1,1,2014-10-01,1251,Terra,MODIS,85,6.2,290.3,12,N,0
-22.8858,149.5358,304.7,1,1,2014-10-01,1251,Terra,MODIS,58,6.2,288.9,7,N,0
-22.8873,149.5257,305.2,1,1,2014-10-01,1251,Terra,MODIS,63,6.2,290,7.3,N,0
-22.8653,149.1167,320.3,1,1,2014-10-01,1251,Terra,MODIS,69,6.2,292.6,17.8,N,0
-22.8563,149.1151,323.1,1,1,2014-10-01,1251,Terra,MODIS,0,6.2,292.2,18.9,N,0
-15.0703,141.9938,318.8,1.5,1.2,2014-10-01,1253,Terra,MODIS,98,6.2,294.7,28.4,N,0
-13.422,142.0165,303.2,1.5,1.2,2014-10-01,1253,Terra,MODIS,54,6.2,292.4,7.2,N,0
-15.686,144.5544,306.9,1.1,1.1,2014-10-01,1253,Terra,MODIS,57,6.2,293.1,7.4,N,0
-15.6874,144.5442,303.9,1.1,1.1,2014-10-01,1253,Terra,MODIS,25,6.2,292.8,5.2,N,0
-15.0831,141.9809,315.6,1.5,1.2,2014-10-01,1253,Terra,MODIS,92,6.2,294.7,23.9,N,0
-15.2081,145.0233,308.3,1.1,1,2014-10-01,1253,Terra,MODIS,39,6.2,291.6,8.3,N,0
-15.6766,144.5531,314.1,1.1,1.1,2014-10-01,1253,Terra,MODIS,88,6.2,293.7,13,N,0
-15.1989,145.0219,311.9,1.1,1,2014-10-01,1253,Terra,MODIS,63,6.2,292,11.2,N,0
-15.072,141.9795,329.5,1.5,1.2,2014-10-01,1253,Terra,MODIS,100,6.2,294.7,50.9,N,0
-15.0106,144.9358,316.2,1.1,1,2014-10-01,1253,Terra,MODIS,93,6.2,292,15.8,N,0
-14.2431,143.459,302.6,1.2,1.1,2014-10-01,1253,Terra,MODIS,50,6.2,292,5.5,N,0
-15.2291,145.1455,318.1,1,1,2014-10-01,1253,Terra,MODIS,96,6.2,292.9,16.1,N,0
-15.2055,145.0429,312,1.1,1,2014-10-01,1253,Terra,MODIS,82,6.2,291.4,11.3,N,0
-15.2278,145.1552,315,1,1,2014-10-01,1253,Terra,MODIS,90,6.2,291.7,13.4,N,0
-15.3238,143.6029,306.8,1.2,1.1,2014-10-01,1253,Terra,MODIS,39,6.2,293.2,7.8,N,0
-15.3352,143.5929,310.3,1.2,1.1,2014-10-01,1253,Terra,MODIS,65,6.2,293.5,11.2,N,0
-15.2356,145.1661,303.8,1,1,2014-10-01,1253,Terra,MODIS,53,6.2,290.6,5.6,N,0
-15.3367,143.5815,316,1.2,1.1,2014-10-01,1253,Terra,MODIS,92,6.2,294.1,17.7,N,0
-15.2477,145.0092,302.2,1.1,1,2014-10-01,1253,Terra,MODIS,48,6.2,290.6,5.2,N,0
-13.113,142.9924,305.6,1.3,1.1,2014-10-01,1253,Terra,MODIS,65,6.2,291.7,8.5,N,0
-15.2229,143.6751,314.6,1.2,1.1,2014-10-01,1253,Terra,MODIS,90,6.2,293.7,16,N,0
-15.2869,143.6556,307.7,1.2,1.1,2014-10-01,1253,Terra,MODIS,66,6.2,293.2,8.9,N,0
-15.1505,145.0483,304,1.1,1,2014-10-01,1253,Terra,MODIS,17,6.2,292.3,5.2,N,0
-15.2967,143.6571,322.6,1.2,1.1,2014-10-01,1253,Terra,MODIS,100,6.2,294,25.3,N,0
-15.2953,143.6683,305.6,1.2,1.1,2014-10-01,1253,Terra,MODIS,46,6.2,293,7.2,N,0
-15.237,145.1564,302.1,1,1,2014-10-01,1253,Terra,MODIS,23,6.2,291.3,4.5,N,0
-15.3224,143.6143,309.1,1.2,1.1,2014-10-01,1253,Terra,MODIS,54,6.2,293.5,9.9,N,0
-15.2318,145.126,317.8,1.1,1,2014-10-01,1253,Terra,MODIS,96,6.2,292.7,16.3,N,0
-13.1145,142.981,319.4,1.3,1.1,2014-10-01,1253,Terra,MODIS,98,6.2,292.9,23.6,N,0
-15.4968,145.0635,307.4,1.1,1,2014-10-01,1253,Terra,MODIS,71,6.2,292.6,7.8,N,0
-15.2448,145.1674,304.6,1,1,2014-10-01,1253,Terra,MODIS,43,6.2,291.1,5.8,N,0
-15.2982,143.6458,310.3,1.2,1.1,2014-10-01,1253,Terra,MODIS,33,6.2,293.4,10.6,N,0
-15.3382,143.5701,314.6,1.2,1.1,2014-10-01,1253,Terra,MODIS,89,6.2,293.7,16.8,N,0
-15.2372,145.0176,319.2,1.1,1,2014-10-01,1253,Terra,MODIS,98,6.2,291.5,18.4,N,0
-15.2304,145.1357,319.7,1,1,2014-10-01,1253,Terra,MODIS,99,6.2,293.1,18,N,0
-15.0284,145.1332,302.2,1,1,2014-10-01,1253,Terra,MODIS,47,6.2,291.5,5.2,N,0
-15.6656,145.3097,306.7,1,1,2014-10-01,1253,Terra,MODIS,59,6.2,290.4,8.9,N,0
-15.6578,145.2986,301,1,1,2014-10-01,1253,Terra,MODIS,9,6.2,290.7,5.3,N,0
-12.4827,142.2868,304,1.4,1.2,2014-10-01,1254,Terra,MODIS,15,6.2,293.4,6.5,N,0
-12.4723,142.2853,304.7,1.4,1.2,2014-10-01,1254,Terra,MODIS,44,6.2,293.2,7.3,N,0
-12.6717,143.0163,308,1.2,1.1,2014-10-01,1254,Terra,MODIS,73,6.2,292,11,N,0
-30.8665,121.4868,305.2,1.3,1.1,2014-10-01,1427,Terra,MODIS,63,6.2,288.3,12.2,N,2
-29.3103,114.9599,301.9,3.5,1.8,2014-10-01,1428,Terra,MODIS,45,6.2,285.2,39.6,N,0
-22.7546,122.5748,302.3,1,1,2014-10-01,1430,Terra,MODIS,44,6.2,292.2,4.3,N,0
-22.7374,122.6328,318.8,1,1,2014-10-01,1430,Terra,MODIS,97,6.2,294.2,15.4,N,0
-22.727,122.6412,317.4,1,1,2014-10-01,1430,Terra,MODIS,95,6.2,293.7,14.3,N,0
-22.7284,122.6313,303.9,1,1,2014-10-01,1430,Terra,MODIS,33,6.2,293.6,4.2,N,0
-22.7184,122.644,303.1,1,1,2014-10-01,1430,Terra,MODIS,49,6.2,292.9,3.2,N,0
-22.7198,122.6341,339,1,1,2014-10-01,1430,Terra,MODIS,100,6.2,295.9,41.2,N,0
-22.7211,122.6242,314.3,1,1,2014-10-01,1430,Terra,MODIS,89,6.2,293.7,11.2,N,0
-17.9486,130.8062,309.7,2.9,1.6,2014-10-01,1430,Terra,MODIS,78,6.2,295.2,34.8,N,0
-17.9193,130.7929,309.7,2.9,1.6,2014-10-01,1430,Terra,MODIS,78,6.2,295.5,32,N,0
-22.7597,122.606,308.6,1,1,2014-10-01,1430,Terra,MODIS,67,6.2,292.8,7.1,N,0
-22.7533,122.5847,307.1,1,1,2014-10-01,1430,Terra,MODIS,40,6.2,292.4,6.7,N,0
-21.3916,117.4472,308.1,1.8,1.3,2014-10-01,1430,Terra,MODIS,69,6.2,297,11.7,N,0
-21.3797,117.4454,316.3,1.8,1.3,2014-10-01,1430,Terra,MODIS,92,6.2,297.8,26.7,N,0
-17.9433,130.8334,322.8,2.9,1.6,2014-10-01,1430,Terra,MODIS,100,6.2,296,86.5,N,0
-19.6123,126.937,307.7,1.4,1.2,2014-10-01,1430,Terra,MODIS,71,6.2,296.2,9.6,N,0
-19.6423,126.8874,313.7,1.4,1.2,2014-10-01,1430,Terra,MODIS,88,6.2,296.5,17.6,N,0
-21.4399,117.619,310,1.8,1.3,2014-10-01,1430,Terra,MODIS,29,6.2,297.6,12.3,N,0
-21.4226,117.6685,339.5,1.8,1.3,2014-10-01,1430,Terra,MODIS,100,6.2,300.3,89.7,N,0
-21.4244,117.6518,370.7,1.8,1.3,2014-10-01,1430,Terra,MODIS,100,6.2,302,265.9,N,0
-21.4262,117.6349,310.1,1.8,1.3,2014-10-01,1430,Terra,MODIS,32,6.2,297.5,11.3,N,0
-21.4107,117.6676,350.3,1.8,1.3,2014-10-01,1430,Terra,MODIS,100,6.2,300.6,135,N,0
-21.4125,117.6506,326.4,1.8,1.3,2014-10-01,1430,Terra,MODIS,100,6.2,298.9,44.6,N,0
-21.4144,117.6334,322.6,1.8,1.3,2014-10-01,1430,Terra,MODIS,100,6.2,299,35,N,0
-21.4162,117.616,318.9,1.8,1.3,2014-10-01,1430,Terra,MODIS,97,6.2,298.3,28.2,N,0
-21.4277,117.6627,348.3,1.8,1.3,2014-10-01,1430,Terra,MODIS,100,6.2,301.1,124.9,N,0
-21.4296,117.6461,341.1,1.8,1.3,2014-10-01,1430,Terra,MODIS,100,6.2,300.2,93.2,N,0
-21.4139,117.6785,312,1.8,1.3,2014-10-01,1430,Terra,MODIS,81,6.2,299,16.2,N,0
-21.4158,117.6617,350.1,1.8,1.3,2014-10-01,1430,Terra,MODIS,100,6.2,301.7,134.1,N,0
-21.4217,117.6102,312.9,1.8,1.3,2014-10-01,1430,Terra,MODIS,51,6.2,297.8,16.1,N,0
-21.4021,117.6774,309.7,1.8,1.3,2014-10-01,1430,Terra,MODIS,74,6.2,298.3,13,N,0
-21.404,117.6605,321.7,1.8,1.3,2014-10-01,1430,Terra,MODIS,100,6.2,298.5,35.4,N,0
-21.4059,117.6433,328.8,1.8,1.3,2014-10-01,1430,Terra,MODIS,100,6.2,299.9,51.3,N,0
-21.4079,117.6259,330.9,1.8,1.3,2014-10-01,1430,Terra,MODIS,100,6.2,299.5,59.3,N,0
-21.4157,117.5569,319.3,1.8,1.3,2014-10-01,1430,Terra,MODIS,98,6.2,298.3,30.8,N,0
-21.3904,117.6756,314.6,1.8,1.3,2014-10-01,1430,Terra,MODIS,88,6.2,299.1,20.9,N,0
-21.3922,117.6588,365.7,1.8,1.3,2014-10-01,1430,Terra,MODIS,100,6.2,303.7,227.9,N,0
-21.3942,117.6416,350.3,1.8,1.3,2014-10-01,1430,Terra,MODIS,100,6.2,301,135.1,N,0
-21.4,117.5901,328.8,1.8,1.3,2014-10-01,1430,Terra,MODIS,100,6.2,299,54.5,N,0
-21.4019,117.5727,342.5,1.8,1.3,2014-10-01,1430,Terra,MODIS,100,6.2,299.8,101.4,N,0
-21.4038,117.5554,372.1,1.8,1.3,2014-10-01,1430,Terra,MODIS,100,6.2,302.6,282.1,N,0
-21.3805,117.6571,313.8,1.8,1.3,2014-10-01,1430,Terra,MODIS,86,6.2,298.3,19.8,N,0
-21.392,117.5538,335.6,1.8,1.3,2014-10-01,1430,Terra,MODIS,100,6.2,299.1,75.9,N,0
-21.3939,117.5363,319.7,1.8,1.3,2014-10-01,1430,Terra,MODIS,99,6.2,298.5,30.3,N,0
-21.3821,117.5344,316.2,1.8,1.3,2014-10-01,1430,Terra,MODIS,92,6.2,298.4,24.4,N,0
-21.5383,117.5493,316.3,1.8,1.3,2014-10-01,1430,Terra,MODIS,92,6.2,297.6,26.9,N,0
-21.5245,117.5651,317,1.8,1.3,2014-10-01,1430,Terra,MODIS,74,6.2,298.1,26.4,N,0
-21.5264,117.5478,337.4,1.8,1.3,2014-10-01,1430,Terra,MODIS,100,6.2,298.3,84.2,N,0
-21.532,117.4947,311.8,1.8,1.3,2014-10-01,1430,Terra,MODIS,64,6.2,296.3,18.5,N,0
-21.5145,117.5461,312.4,1.8,1.3,2014-10-01,1430,Terra,MODIS,24,6.2,297.4,16.6,N,0
-21.5306,117.5603,332.4,1.8,1.3,2014-10-01,1430,Terra,MODIS,100,6.2,298.8,66.3,N,0
-21.5326,117.5431,326.1,1.8,1.3,2014-10-01,1430,Terra,MODIS,100,6.2,298,46.9,N,0
-21.5187,117.5588,313.8,1.8,1.3,2014-10-01,1430,Terra,MODIS,86,6.2,297.7,21.4,N,0
-21.5267,117.4885,307,1.8,1.3,2014-10-01,1430,Terra,MODIS,51,6.2,295.7,11.8,N,0
-18.0586,130.95,303.4,3,1.6,2014-10-01,1430,Terra,MODIS,55,6.2,293.3,23.6,N,0
-17.938,130.8541,318.3,2.9,1.6,2014-10-01,1430,Terra,MODIS,70,6.2,295.8,63.4,N,0
-17.9276,130.9096,305.2,3,1.6,2014-10-01,1430,Terra,MODIS,26,6.2,294.2,23.6,N,0
-17.9379,130.8609,316.4,2.9,1.6,2014-10-01,1430,Terra,MODIS,35,6.2,295.6,54.4,N,0
-17.9432,130.8266,322.6,2.9,1.6,2014-10-01,1430,Terra,MODIS,99,6.2,296,82.5,N,0
-17.9224,130.9373,307.4,3,1.6,2014-10-01,1430,Terra,MODIS,59,6.2,293.6,32,N,0
-17.8545,130.8936,305.3,3,1.6,2014-10-01,1430,Terra,MODIS,56,6.2,293.7,22.5,N,0
-17.855,130.8882,305.2,3,1.6,2014-10-01,1430,Terra,MODIS,59,6.2,293.9,22.9,N,0
-17.8682,131.6811,304,3.4,1.7,2014-10-01,1430,Terra,MODIS,18,6.2,293.9,23.1,N,0
-18.132,131.2089,311.1,3.1,1.7,2014-10-01,1430,Terra,MODIS,82,6.2,293.6,52,N,0
-18.0478,131.0058,303.8,3,1.6,2014-10-01,1430,Terra,MODIS,57,6.2,292.9,26,N,0
-20.9313,133.2323,310.7,3.8,1.8,2014-10-01,1430,Terra,MODIS,81,6.2,294.1,60.1,N,0
-20.9373,133.2389,312.9,3.8,1.8,2014-10-01,1430,Terra,MODIS,86,6.2,294.2,71.6,N,0
-17.8932,131.5562,305.1,3.3,1.7,2014-10-01,1430,Terra,MODIS,56,6.2,293.8,29,N,0
-22.9374,117.9494,323,1.8,1.3,2014-10-01,1430,Terra,MODIS,100,6.2,295.9,42.2,N,0
-22.9171,117.9597,308.6,1.8,1.3,2014-10-01,1430,Terra,MODIS,73,6.2,295.2,14.6,N,0
-22.9135,117.993,328.4,1.8,1.3,2014-10-01,1430,Terra,MODIS,100,6.2,296.7,55,N,0
-22.931,117.9429,311.6,1.8,1.3,2014-10-01,1430,Terra,MODIS,36,6.2,295.4,18.3,N,0
-22.9355,117.9668,317.6,1.8,1.3,2014-10-01,1430,Terra,MODIS,90,6.2,295.5,28.6,N,0
-22.9289,117.961,331.9,1.8,1.3,2014-10-01,1430,Terra,MODIS,100,6.2,296.3,65.9,N,0
-22.9236,117.9663,315.3,1.8,1.3,2014-10-01,1430,Terra,MODIS,73,6.2,295.5,24.1,N,0
-22.8999,118.008,309.1,1.8,1.3,2014-10-01,1430,Terra,MODIS,72,6.2,295.6,15.5,N,0
-22.9116,118.0099,343,1.8,1.3,2014-10-01,1430,Terra,MODIS,100,6.2,298.8,105.6,N,0
-22.9153,117.9767,308.2,1.8,1.3,2014-10-01,1430,Terra,MODIS,28,6.2,295.3,12.9,N,0
-17.3259,126.8859,308.5,1.6,1.2,2014-10-01,1431,Terra,MODIS,75,6.2,294.4,13.7,N,0
-17.0377,126.8888,314.8,1.6,1.2,2014-10-01,1431,Terra,MODIS,90,6.2,296.5,21.8,N,0
-17.0585,126.9689,303.2,1.6,1.2,2014-10-01,1431,Terra,MODIS,45,6.2,290.2,7.1,N,0
-17.0561,126.9835,337.7,1.6,1.2,2014-10-01,1431,Terra,MODIS,100,6.2,296.8,76.2,N,0
-16.1362,127.9192,316.4,1.9,1.4,2014-10-01,1431,Terra,MODIS,93,6.2,297.1,29.2,N,0
-17.5526,130.4691,313.4,2.8,1.6,2014-10-01,1431,Terra,MODIS,58,6.2,289.9,48.5,N,0
-17.0033,126.9522,305.3,1.6,1.2,2014-10-01,1431,Terra,MODIS,38,6.2,294.5,8.2,N,0
-17.5507,130.4629,310.5,2.8,1.6,2014-10-01,1431,Terra,MODIS,50,6.2,287.9,40.9,N,0
-17.5409,130.5156,308.8,2.8,1.6,2014-10-01,1431,Terra,MODIS,70,6.2,294.3,30.4,N,0
-17.003,126.9588,306.7,1.6,1.2,2014-10-01,1431,Terra,MODIS,69,6.2,293.4,10.4,N,0
-12.6365,130.9957,308.1,3.9,1.8,2014-10-01,1432,Terra,MODIS,59,6.2,290.5,56.8,N,0
-12.6422,131.0035,309.9,3.9,1.8,2014-10-01,1432,Terra,MODIS,68,6.2,290.5,68.1,N,0
-12.9913,131.4031,305.6,4.1,1.9,2014-10-01,1432,Terra,MODIS,33,6.2,292.1,43.8,N,0
-12.4276,142.3511,301.5,1,1,2014-10-01,1556,Aqua,MODIS,42,6.2,291.2,4.3,N,0
-12.6742,143.0273,303.5,1,1,2014-10-01,1556,Aqua,MODIS,55,6.2,291,5.6,N,0
-12.403,142.3136,301.3,1,1,2014-10-01,1556,Aqua,MODIS,40,6.2,291.1,4.4,N,0
-12.6728,143.0181,303.2,1,1,2014-10-01,1556,Aqua,MODIS,54,6.2,291.1,5.3,N,0
-12.4644,142.2891,301.7,1,1,2014-10-01,1556,Aqua,MODIS,6,6.2,290,3.9,N,0
-12.4748,142.2969,304.2,1,1,2014-10-01,1556,Aqua,MODIS,29,6.2,290.8,5.2,N,0
-12.4734,142.2877,320.3,1,1,2014-10-01,1556,Aqua,MODIS,100,6.2,291.3,17.6,N,0
-12.4721,142.2785,310.4,1,1,2014-10-01,1556,Aqua,MODIS,63,6.2,291.6,9.2,N,0
-15.0238,145.1395,300.5,1.2,1.1,2014-10-01,1557,Aqua,MODIS,29,6.2,290.2,6,N,0
-14.2065,133.8026,310.1,3.2,1.7,2014-10-01,1557,Aqua,MODIS,79,6.2,292.3,46.7,N,0
-13.9073,132.5572,301.5,4,1.9,2014-10-01,1557,Aqua,MODIS,37,6.2,288.3,32.9,N,0
-14.2026,133.7956,308,3.2,1.7,2014-10-01,1557,Aqua,MODIS,73,6.2,292,37.9,N,0
-13.9471,132.5863,300.4,3.9,1.8,2014-10-01,1557,Aqua,MODIS,13,6.2,290.1,27.4,N,0
-13.0828,143.048,301.2,1,1,2014-10-01,1557,Aqua,MODIS,38,6.2,291,4.3,N,0
-15.1929,145.0177,304,1.2,1.1,2014-10-01,1557,Aqua,MODIS,3,6.2,290.7,7.1,N,0
-15.6675,144.5527,303.3,1.2,1.1,2014-10-01,1557,Aqua,MODIS,54,6.2,292,6.2,N,0
-15.0096,144.9429,306.2,1.2,1.1,2014-10-01,1557,Aqua,MODIS,67,6.2,290.2,10.2,N,0
-15.324,143.6104,302.5,1.1,1,2014-10-01,1557,Aqua,MODIS,7,6.2,291.3,4.6,N,0
-15.3382,143.5786,308.8,1,1,2014-10-01,1557,Aqua,MODIS,76,6.2,291.2,9.6,N,0
-15.2304,145.1499,308.7,1.2,1.1,2014-10-01,1557,Aqua,MODIS,19,6.2,291.7,10.1,N,0
-13.034,143.0329,304.3,1,1,2014-10-01,1557,Aqua,MODIS,33,6.2,291.7,5.3,N,0
-15.2289,145.1387,309.1,1.2,1.1,2014-10-01,1557,Aqua,MODIS,42,6.2,291.8,11,N,0
-15.2336,145.023,306.1,1.2,1.1,2014-10-01,1557,Aqua,MODIS,67,6.2,290.5,9.7,N,0
-15.2071,145.0493,315.7,1.2,1.1,2014-10-01,1557,Aqua,MODIS,92,6.2,290.9,17.8,N,0
-15.1943,145.0288,306.3,1.2,1.1,2014-10-01,1557,Aqua,MODIS,8,6.2,291.2,8.7,N,0
-13.025,143.0342,305.7,1,1,2014-10-01,1557,Aqua,MODIS,62,6.2,291.8,6.3,N,0
-15.1551,145.0512,301.9,1.2,1.1,2014-10-01,1557,Aqua,MODIS,32,6.2,291.5,6.1,N,0
-15.2847,143.6657,304.1,1.1,1,2014-10-01,1557,Aqua,MODIS,42,6.2,291.4,6.1,N,0
-17.9349,130.9285,304.1,4.3,1.9,2014-10-01,1558,Aqua,MODIS,29,6.2,285.4,50.6,N,0
-20.7354,139.4821,311.3,1.1,1,2014-10-01,1559,Aqua,MODIS,82,6.2,294.6,10,N,2
-25.6576,146.606,318.4,2.1,1.4,2014-10-01,1600,Aqua,MODIS,97,6.2,289.1,51.8,N,0
-25.6321,146.6089,314.7,2.1,1.4,2014-10-01,1600,Aqua,MODIS,90,6.2,288.4,41.4,N,0
-25.6555,146.585,319.9,2.1,1.4,2014-10-01,1600,Aqua,MODIS,99,6.2,288.4,55.7,N,0
-25.6427,146.5865,322.7,2.1,1.4,2014-10-01,1600,Aqua,MODIS,100,6.2,289.4,64.6,N,0
-25.6448,146.6074,306.9,2.1,1.4,2014-10-01,1600,Aqua,MODIS,70,6.2,288.2,25.9,N,0
-25.6172,146.5894,301,2.1,1.4,2014-10-01,1600,Aqua,MODIS,32,6.2,288.3,15.5,N,0
-25.63,146.5879,325.7,2.1,1.4,2014-10-01,1600,Aqua,MODIS,100,6.2,289.2,72.8,N,0
-17.0377,127.3734,300.5,4.1,1.9,2014-10-01,1736,Aqua,MODIS,14,6.2,286.8,34,N,0
-16.9592,124.3381,303.3,2.4,1.5,2014-10-01,1736,Aqua,MODIS,54,6.2,291.9,16.2,N,0
-16.9919,127.6183,301.6,4.3,1.9,2014-10-01,1736,Aqua,MODIS,40,6.2,291.5,31.6,N,0
-19.6201,126.9519,302.5,4.1,1.9,2014-10-01,1737,Aqua,MODIS,50,6.2,286.3,45.1,N,0
-19.6224,126.9439,301.8,4.1,1.9,2014-10-01,1737,Aqua,MODIS,40,6.2,286.6,40.7,N,0
-21.4346,117.3576,307.4,1,1,2014-10-01,1738,Aqua,MODIS,55,6.2,295.7,6,N,0
-21.4437,117.3562,307.8,1,1,2014-10-01,1738,Aqua,MODIS,72,6.2,295.4,6.4,N,0
-21.3741,117.445,313.2,1,1,2014-10-01,1738,Aqua,MODIS,87,6.2,296.8,10.3,N,0
-21.3755,117.4551,308,1,1,2014-10-01,1738,Aqua,MODIS,73,6.2,296.1,6.3,N,0
-21.3833,117.4436,306.9,1,1,2014-10-01,1738,Aqua,MODIS,70,6.2,296.1,5.5,N,0
-21.3833,117.6497,313.7,1.1,1,2014-10-01,1738,Aqua,MODIS,62,6.2,297.3,9.7,N,0
-21.3861,117.6699,316.2,1.1,1,2014-10-01,1738,Aqua,MODIS,36,6.2,297,11.2,N,0
-21.3875,117.6802,327,1.1,1,2014-10-01,1738,Aqua,MODIS,100,6.2,299.1,23.5,N,0
-21.3954,117.6685,337.1,1.1,1,2014-10-01,1738,Aqua,MODIS,100,6.2,298.1,38,N,0
-21.3967,117.6787,333.7,1.1,1,2014-10-01,1738,Aqua,MODIS,100,6.2,299.1,32.8,N,0
-21.3907,117.5657,312.5,1.1,1,2014-10-01,1738,Aqua,MODIS,37,6.2,296.3,8.6,N,0
-21.3949,117.596,316.7,1.1,1,2014-10-01,1738,Aqua,MODIS,94,6.2,296.7,13.4,N,0
-21.3963,117.6062,310.3,1.1,1,2014-10-01,1738,Aqua,MODIS,69,6.2,296.6,7.3,N,0
-21.4046,117.667,314,1.1,1,2014-10-01,1738,Aqua,MODIS,23,6.2,296.7,8.4,N,0
-21.3944,117.524,326.6,1,1,2014-10-01,1738,Aqua,MODIS,99,6.2,296.2,22,N,0
-21.3958,117.534,336.9,1,1,2014-10-01,1738,Aqua,MODIS,100,6.2,297.5,36.7,N,0
-21.3985,117.5541,316.6,1.1,1,2014-10-01,1738,Aqua,MODIS,54,6.2,296.3,11.5,N,0
-21.4055,117.6048,310.5,1.1,1,2014-10-01,1738,Aqua,MODIS,80,6.2,296.8,7.8,N,0
-21.4083,117.625,309.1,1.1,1,2014-10-01,1738,Aqua,MODIS,72,6.2,296.4,6.4,N,0
-21.4452,117.6194,335.8,1.1,1,2014-10-01,1738,Aqua,MODIS,100,6.2,297.4,36.8,N,0
-21.4467,117.6296,321.8,1.1,1,2014-10-01,1738,Aqua,MODIS,100,6.2,297.1,17.7,N,0
-21.4545,117.618,320.5,1.1,1,2014-10-01,1738,Aqua,MODIS,100,6.2,297.1,16.4,N,0
-21.4496,117.5154,307.8,1,1,2014-10-01,1738,Aqua,MODIS,73,6.2,295.3,6.9,N,0
-21.4623,117.6064,311.6,1.1,1,2014-10-01,1738,Aqua,MODIS,44,6.2,296.2,8.5,N,0
-21.4566,117.518,305.3,1,1,2014-10-01,1738,Aqua,MODIS,64,6.2,294.9,5.3,N,0
-21.5189,117.56,316.5,1.1,1,2014-10-01,1738,Aqua,MODIS,58,6.2,297,12.2,N,0
-21.5135,117.386,305.1,1,1,2014-10-01,1738,Aqua,MODIS,63,6.2,293.2,6,N,0
-21.3534,117.6912,343.3,1.1,1,2014-10-01,1738,Aqua,MODIS,100,6.2,301.4,49.5,N,0
-21.3548,117.7014,345.7,1.1,1,2014-10-01,1738,Aqua,MODIS,100,6.2,300.2,54.5,N,0
-21.3562,117.7116,354.4,1.1,1,2014-10-01,1738,Aqua,MODIS,100,6.2,302,75.4,N,0
-21.3626,117.6897,319.5,1.1,1,2014-10-01,1738,Aqua,MODIS,99,6.2,297.7,15.1,N,0
-21.364,117.7,349.3,1.1,1,2014-10-01,1738,Aqua,MODIS,100,6.2,301.5,61.8,N,0
-21.3654,117.7102,343.6,1.1,1,2014-10-01,1738,Aqua,MODIS,100,6.2,301,50.9,N,0
-21.3719,117.6883,311.9,1.1,1,2014-10-01,1738,Aqua,MODIS,80,6.2,297.7,7.8,N,0
-21.3733,117.6985,334.8,1.1,1,2014-10-01,1738,Aqua,MODIS,100,6.2,300,34.9,N,0
-21.3747,117.7088,325.9,1.1,1,2014-10-01,1738,Aqua,MODIS,100,6.2,298.7,23.1,N,0
-21.3811,117.687,321.6,1.1,1,2014-10-01,1738,Aqua,MODIS,100,6.2,298.5,17,N,0
-21.3826,117.6972,338.8,1.1,1,2014-10-01,1738,Aqua,MODIS,100,6.2,300.2,41.6,N,0
-21.384,117.7074,321.1,1.1,1,2014-10-01,1738,Aqua,MODIS,100,6.2,297.9,17.6,N,0
-21.3889,117.6904,320.4,1.1,1,2014-10-01,1738,Aqua,MODIS,100,6.2,298.2,16.3,N,0
-21.3903,117.7006,317.9,1.1,1,2014-10-01,1738,Aqua,MODIS,96,6.2,297.6,13.9,N,0
-21.3981,117.6889,316.4,1.1,1,2014-10-01,1738,Aqua,MODIS,92,6.2,297.3,12.3,N,0
-21.3506,117.671,313.7,1.1,1,2014-10-01,1738,Aqua,MODIS,88,6.2,297.6,10,N,0
-21.352,117.6811,387.1,1.1,1,2014-10-01,1738,Aqua,MODIS,100,6.2,306,197.1,N,0
-21.3598,117.6695,331.9,1.1,1,2014-10-01,1738,Aqua,MODIS,100,6.2,298.4,30.5,N,0
-21.3612,117.6796,346.5,1.1,1,2014-10-01,1738,Aqua,MODIS,100,6.2,299.6,55.7,N,0
-21.3691,117.668,334.5,1.1,1,2014-10-01,1738,Aqua,MODIS,100,6.2,298.3,34.8,N,0
-21.3705,117.6781,319.5,1.1,1,2014-10-01,1738,Aqua,MODIS,99,6.2,297.6,14.9,N,0
-21.3783,117.6665,310.4,1.1,1,2014-10-01,1738,Aqua,MODIS,73,6.2,296.7,7.2,N,0
-21.0565,116.6272,304.9,1,1,2014-10-01,1738,Aqua,MODIS,62,6.2,294.2,5.5,N,0
-22.7242,122.6418,312.3,2.2,1.4,2014-10-01,1738,Aqua,MODIS,84,6.2,290.5,36.2,N,0
-22.723,122.6255,304.6,2.2,1.4,2014-10-01,1738,Aqua,MODIS,47,6.2,288.9,19.2,N,0
-22.7253,122.6468,307.6,2.2,1.4,2014-10-01,1738,Aqua,MODIS,69,6.2,289.4,25.5,N,0
-22.9217,117.9668,307.9,1.1,1.1,2014-10-01,1738,Aqua,MODIS,21,6.2,293.2,7.3,N,0
-22.9085,118.0139,307.5,1.1,1.1,2014-10-01,1738,Aqua,MODIS,48,6.2,293.4,8.1,N,0
-22.9057,117.992,336.1,1.1,1.1,2014-10-01,1738,Aqua,MODIS,100,6.2,296.4,41.7,N,0
-22.9137,117.9794,314,1.1,1.1,2014-10-01,1738,Aqua,MODIS,58,6.2,294,12.1,N,0
-22.91,118.0248,302.8,1.1,1.1,2014-10-01,1738,Aqua,MODIS,10,6.2,292.8,4.9,N,0
-22.9043,117.981,323.7,1.1,1.1,2014-10-01,1738,Aqua,MODIS,100,6.2,295.2,23.2,N,0
-22.9472,150.4734,328.4,2.2,1.4,2014-10-01,2346,Terra,MODIS,75,6.2,292.6,70.2,D,0
-22.9499,150.4798,337.7,2.2,1.4,2014-10-01,2346,Terra,MODIS,88,6.2,292.7,107.7,D,0
-22.9513,150.4946,320.6,2.2,1.4,2014-10-01,2346,Terra,MODIS,61,6.2,292.2,43.1,D,0
-22.8616,149.1189,322.3,2.8,1.6,2014-10-01,2346,Terra,MODIS,50,6.2,298.7,53,D,0
-25.6255,149.6163,322.4,2.2,1.4,2014-10-01,2347,Terra,MODIS,74,6.2,306.1,31.3,D,0
-25.275,150.1294,318.7,2.1,1.4,2014-10-01,2347,Terra,MODIS,70,6.2,298.9,27.6,D,0
-25.2692,149.0752,315.4,2.5,1.5,2014-10-01,2347,Terra,MODIS,62,6.2,298.9,28.4,D,0
-25.2738,149.0989,328.6,2.5,1.5,2014-10-01,2347,Terra,MODIS,81,6.2,299.5,80.3,D,0
-25.28,149.0904,331.3,2.5,1.5,2014-10-01,2347,Terra,MODIS,84,6.2,300,94,D,0
-25.6399,146.5794,315.1,3.6,1.8,2014-10-01,2347,Terra,MODIS,34,6.2,302.4,33.4,D,0
-25.633,146.5888,314.2,3.6,1.8,2014-10-01,2347,Terra,MODIS,29,6.2,302.2,28.5,D,0
-25.6488,146.5844,316.7,3.6,1.8,2014-10-01,2347,Terra,MODIS,57,6.2,302.1,44.1,D,0
-26.7374,149.0909,318.5,2.3,1.5,2014-10-01,2347,Terra,MODIS,55,6.2,307.6,20.6,D,0
-25.279,150.1503,320.5,2.1,1.4,2014-10-01,2347,Terra,MODIS,73,6.2,298.9,31.9,D,0
-25.2787,150.1431,326.5,2.1,1.4,2014-10-01,2347,Terra,MODIS,80,6.2,298.9,51.2,D,0
-24.0989,150.6128,324.6,2,1.4,2014-10-01,2347,Terra,MODIS,77,6.2,295.7,51.1,D,0
-28.4271,148.655,320.4,2.2,1.4,2014-10-01,2348,Terra,MODIS,66,6.2,307,24.6,D,0
-29.9504,151.9544,307,1.3,1.1,2014-10-01,2348,Terra,MODIS,34,6.2,292.6,8.4,D,0
-28.4693,149.7839,315.7,1.9,1.3,2014-10-01,2348,Terra,MODIS,54,6.2,301.5,18.3,D,0
-28.6957,150.3461,317.1,1.7,1.3,2014-10-01,2348,Terra,MODIS,58,6.2,303,15.9,D,0
-28.4503,153.5202,315.2,1.1,1.1,2014-10-01,2348,Terra,MODIS,44,6.2,291.2,12,D,0
-34.4669,150.8883,313.8,1.2,1.1,2014-10-01,2349,Terra,MODIS,0,6.2,300.7,8.7,D,2
-32.6375,151.2648,306.6,1.3,1.1,2014-10-01,2349,Terra,MODIS,53,6.2,295.1,5.2,D,0
-32.518,146.9839,312.5,2.3,1.5,2014-10-01,2349,Terra,MODIS,67,6.2,295.2,25.9,D,0
-32.5228,146.9882,307.2,2.3,1.5,2014-10-01,2349,Terra,MODIS,51,6.2,295.4,14.6,D,0
-32.5177,146.9642,309.3,2.3,1.5,2014-10-01,2349,Terra,MODIS,60,6.2,294.2,18.1,D,0
-10.7237,142.1427,325.4,2.3,1.5,2014-10-02,0121,Terra,MODIS,0,6.2,295.9,54.8,D,0
-12.7405,141.838,315.5,2.3,1.5,2014-10-02,0122,Terra,MODIS,63,6.2,297.3,23,D,0
-12.7178,135.5835,334.4,1,1,2014-10-02,0122,Terra,MODIS,67,6.2,313.6,15.5,D,0
-12.6046,131.6612,333.5,1.3,1.1,2014-10-02,0122,Terra,MODIS,30,6.2,314.8,25,D,0
-11.4873,132.8777,327.9,1.2,1.1,2014-10-02,0122,Terra,MODIS,61,6.2,302.9,13.5,D,0
-11.4776,132.8792,325.9,1.2,1.1,2014-10-02,0122,Terra,MODIS,40,6.2,305.6,11.4,D,0
-13.3935,141.9772,331.7,2.4,1.5,2014-10-02,0122,Terra,MODIS,83,6.2,297.4,79.9,D,0
-13.4121,142.0194,317.3,2.4,1.5,2014-10-02,0122,Terra,MODIS,50,6.2,296.8,24,D,0
-13.0792,135.6625,331.4,1,1,2014-10-02,0122,Terra,MODIS,71,6.2,313,11.9,D,0
-12.9347,135.7465,350,1,1,2014-10-02,0122,Terra,MODIS,93,6.2,313.3,46.2,D,0
-12.8417,135.0472,333.2,1,1,2014-10-02,0122,Terra,MODIS,74,6.2,311.4,14.6,D,0
-14.5318,144.4458,316.6,3.9,1.8,2014-10-02,0122,Terra,MODIS,59,6.2,294.5,60.2,D,0
-12.9931,136.0236,335.3,1,1,2014-10-02,0122,Terra,MODIS,74,6.2,312,16.8,D,0
-12.9867,136.0437,348.6,1,1,2014-10-02,0122,Terra,MODIS,92,6.2,311.2,40.8,D,0
-13.5305,135.6023,352.6,1,1,2014-10-02,0122,Terra,MODIS,95,6.2,312.5,50.3,D,0
-14.5207,144.439,317.8,3.9,1.8,2014-10-02,0122,Terra,MODIS,53,6.2,293.6,67,D,0
-14.5355,144.4807,317.7,3.9,1.8,2014-10-02,0122,Terra,MODIS,62,6.2,294.1,69.3,D,0
-12.918,135.7584,358.4,1,1,2014-10-02,0122,Terra,MODIS,99,6.2,316.4,65.1,D,0
-12.9945,136.033,342.3,1,1,2014-10-02,0122,Terra,MODIS,87,6.2,313.5,27.9,D,0
-13.0036,136.0316,344.5,1,1,2014-10-02,0122,Terra,MODIS,89,6.2,310.7,33.2,D,0
-13.0022,136.0223,347.1,1,1,2014-10-02,0122,Terra,MODIS,91,6.2,310.6,39.1,D,0
-15.6786,144.5418,319.8,4.1,1.9,2014-10-02,0122,Terra,MODIS,67,6.2,294.5,86.2,D,0
-13.3907,134.2814,339.8,1,1,2014-10-02,0122,Terra,MODIS,84,6.2,315.3,25,D,0
-12.7988,135.76,332.1,1,1,2014-10-02,0122,Terra,MODIS,68,6.2,314.4,12.3,D,0
-12.9193,135.7677,335,1,1,2014-10-02,0122,Terra,MODIS,71,6.2,312.7,16.8,D,0
-13.3773,141.919,324.8,2.4,1.5,2014-10-02,0122,Terra,MODIS,77,6.2,295.8,49.3,D,0
-13.3723,141.913,319.3,2.4,1.5,2014-10-02,0122,Terra,MODIS,66,6.2,295.9,30.4,D,0
-13.3749,141.9348,316.9,2.4,1.5,2014-10-02,0122,Terra,MODIS,44,6.2,294.3,23.4,D,0
-12.4085,141.8816,319.6,2.3,1.5,2014-10-02,0122,Terra,MODIS,48,6.2,300.1,22.4,D,0
-12.4111,141.9025,328.2,2.3,1.5,2014-10-02,0122,Terra,MODIS,79,6.2,299.5,53.3,D,0
-12.9257,135.7478,335.7,1,1,2014-10-02,0122,Terra,MODIS,75,6.2,310.2,19.6,D,0
-15.6747,144.5488,323.4,4.1,1.9,2014-10-02,0122,Terra,MODIS,73,6.2,294.7,108.8,D,0
-12.8001,135.7693,341.9,1,1,2014-10-02,0122,Terra,MODIS,86,6.2,313.8,28.1,D,0
-13.059,136.1584,326,1,1,2014-10-02,0122,Terra,MODIS,27,6.2,308.1,9.9,D,0
-13.3893,134.2722,345.9,1,1,2014-10-02,0122,Terra,MODIS,90,6.2,313.7,36,D,0
-13.5318,135.6116,333.2,1,1,2014-10-02,0122,Terra,MODIS,39,6.2,311.4,14.8,D,0
-12.326,134.3675,333.6,1,1,2014-10-02,0122,Terra,MODIS,75,6.2,313.2,13.4,D,0
-12.1967,134.6736,338.1,1,1,2014-10-02,0122,Terra,MODIS,79,6.2,310.5,23.4,D,0
-12.2047,134.6659,327.1,1,1,2014-10-02,0122,Terra,MODIS,29,6.2,308.1,9.1,D,0
-12.5476,142.2763,330.7,2.5,1.5,2014-10-02,0122,Terra,MODIS,76,6.2,297.3,68.4,D,0
-12.573,132.6842,327.3,1.2,1.1,2014-10-02,0122,Terra,MODIS,36,6.2,309.5,7.4,D,0
-12.927,135.7571,344.5,1,1,2014-10-02,0122,Terra,MODIS,89,6.2,313.7,33.5,D,0
-11.9703,132.7039,344.5,1.2,1.1,2014-10-02,0122,Terra,MODIS,89,6.2,305.7,43.8,D,0
-11.964,132.7268,338.2,1.2,1.1,2014-10-02,0122,Terra,MODIS,82,6.2,306.6,26.4,D,0
-11.956,132.739,327.6,1.2,1.1,2014-10-02,0122,Terra,MODIS,30,6.2,308.1,8.5,D,0
-11.9687,132.6932,374,1.2,1.1,2014-10-02,0122,Terra,MODIS,100,6.2,308.9,145.5,D,0
-11.959,132.6947,352.1,1.2,1.1,2014-10-02,0122,Terra,MODIS,95,6.2,308.5,62.1,D,0
-12.9166,135.7491,343.3,1,1,2014-10-02,0122,Terra,MODIS,88,6.2,311.6,33.1,D,0
-12.1599,141.8825,322.8,2.3,1.5,2014-10-02,0122,Terra,MODIS,35,6.2,301.9,31.3,D,0
-12.3968,134.0476,332.5,1,1,2014-10-02,0122,Terra,MODIS,70,6.2,309.4,15.7,D,0
-13.5385,135.5951,342.1,1,1,2014-10-02,0122,Terra,MODIS,86,6.2,307.6,33.2,D,0
-13.5398,135.6044,337.1,1,1,2014-10-02,0122,Terra,MODIS,81,6.2,308.1,24.7,D,0
-12.9762,135.7783,330.2,1,1,2014-10-02,0122,Terra,MODIS,55,6.2,310.7,11.9,D,0
-12.9776,136.045,331.6,1,1,2014-10-02,0122,Terra,MODIS,58,6.2,314.5,10.6,D,0
-12.2061,134.6751,335.1,1,1,2014-10-02,0122,Terra,MODIS,78,6.2,311.4,18.9,D,0
-11.9558,133.7463,332.3,1.1,1,2014-10-02,0122,Terra,MODIS,52,6.2,307.4,14.3,D,0
-12.9437,135.7451,349.5,1,1,2014-10-02,0122,Terra,MODIS,93,6.2,311.3,44.7,D,0
-12.9361,135.7557,344.2,1,1,2014-10-02,0122,Terra,MODIS,88,6.2,314,32.6,D,0
-12.9749,135.769,346.8,1,1,2014-10-02,0122,Terra,MODIS,91,6.2,310.8,39.5,D,0
-12.9451,135.7544,337,1,1,2014-10-02,0122,Terra,MODIS,78,6.2,311.3,20.3,D,0
-12.4217,141.88,317.9,2.3,1.5,2014-10-02,0122,Terra,MODIS,28,6.2,300,15.4,D,0
-12.4243,141.9008,342.3,2.3,1.5,2014-10-02,0122,Terra,MODIS,90,6.2,301.6,122,D,0
-12.644,136.601,338,1.1,1,2014-10-02,0122,Terra,MODIS,83,6.2,311.4,26.7,D,0
-11.4133,131.2025,346.6,1.5,1.2,2014-10-02,0122,Terra,MODIS,70,6.2,299.9,73.2,D,0
-11.4241,131.2007,344.8,1.5,1.2,2014-10-02,0122,Terra,MODIS,79,6.2,305.4,64.9,D,0
-14.0381,136.4606,323.9,1.1,1,2014-10-02,0122,Terra,MODIS,40,6.2,307.1,6.5,D,0
-12.8045,132.8601,331.3,1.1,1.1,2014-10-02,0122,Terra,MODIS,34,6.2,306.5,17.4,D,0
-12.6701,135.6346,328.3,1,1,2014-10-02,0122,Terra,MODIS,59,6.2,312.5,7.1,D,0
-12.569,134.4536,328.3,1,1,2014-10-02,0122,Terra,MODIS,65,6.2,310.9,8.7,D,0
-15.3411,143.5828,345.2,3.4,1.7,2014-10-02,0122,Terra,MODIS,92,6.2,298.1,260.7,D,0
-12.9691,131.4384,331.1,1.3,1.2,2014-10-02,0122,Terra,MODIS,54,6.2,309.7,12.9,D,0
-12.9672,131.426,332.3,1.4,1.2,2014-10-02,0122,Terra,MODIS,62,6.2,311.3,15.4,D,0
-14.494,134.2071,339.9,1,1,2014-10-02,0122,Terra,MODIS,67,6.2,312.2,21.5,D,0
-12.6797,135.5112,372.2,1,1,2014-10-02,0122,Terra,MODIS,100,6.2,319.6,105.6,D,0
-14.3564,133.8433,331.1,1,1,2014-10-02,0122,Terra,MODIS,46,6.2,310.2,12.4,D,0
-12.6707,135.5125,341.1,1,1,2014-10-02,0122,Terra,MODIS,85,6.2,315.6,25.5,D,0
-13.0901,143.0196,319.1,2.9,1.6,2014-10-02,0122,Terra,MODIS,59,6.2,296.9,40.5,D,0
-12.6679,143.0145,315.9,2.8,1.6,2014-10-02,0122,Terra,MODIS,65,6.2,294.8,39.3,D,0
-12.6413,142.8177,318.1,2.7,1.6,2014-10-02,0122,Terra,MODIS,47,6.2,299,33.8,D,0
-12.9445,131.4172,341.2,1.4,1.2,2014-10-02,0122,Terra,MODIS,85,6.2,311,39.2,D,0
-12.7035,135.5481,366.2,1,1,2014-10-02,0122,Terra,MODIS,100,6.2,314.2,86.8,D,0
-12.6693,135.5034,345.1,1,1,2014-10-02,0122,Terra,MODIS,89,6.2,313.7,32.6,D,0
-14.3426,133.8744,334.2,1,1,2014-10-02,0122,Terra,MODIS,42,6.2,313.2,13.1,D,0
-14.3417,133.8071,327.6,1,1,2014-10-02,0122,Terra,MODIS,35,6.2,311.1,8.6,D,0
-12.9218,131.4081,328.3,1.4,1.2,2014-10-02,0122,Terra,MODIS,40,6.2,308.2,13.8,D,0
-12.397,142.307,317.5,2.5,1.5,2014-10-02,0122,Terra,MODIS,25,6.2,301.2,19.2,D,0
-15.3445,143.614,329.3,3.4,1.7,2014-10-02,0122,Terra,MODIS,78,6.2,295.3,117.9,D,0
-12.6873,135.5007,382.7,1,1,2014-10-02,0122,Terra,MODIS,100,6.2,310.6,148.8,D,0
-12.4864,135.891,327.6,1,1,2014-10-02,0122,Terra,MODIS,53,6.2,310,10.9,D,0
-14.4954,134.2164,341.8,1,1,2014-10-02,0122,Terra,MODIS,76,6.2,313.4,24.8,D,0
-12.9342,131.4189,337.8,1.4,1.2,2014-10-02,0122,Terra,MODIS,81,6.2,309.2,32.1,D,0
-15.2395,145.1884,322.2,4.5,2,2014-10-02,0122,Terra,MODIS,61,6.2,286.4,130.9,D,0
-14.3474,133.8447,348.5,1,1,2014-10-02,0122,Terra,MODIS,91,6.2,312.4,40.5,D,0
-15.3568,143.5811,318.3,3.4,1.7,2014-10-02,0122,Terra,MODIS,30,6.2,296.1,45.1,D,0
-14.3516,133.873,330.6,1,1,2014-10-02,0122,Terra,MODIS,18,6.2,312,10.3,D,0
-14.4215,134.215,332.3,1,1,2014-10-02,0122,Terra,MODIS,64,6.2,312.3,11.8,D,0
-14.0368,136.4508,326.8,1.1,1,2014-10-02,0122,Terra,MODIS,63,6.2,308.2,10.6,D,0
-12.7062,135.5665,328.6,1,1,2014-10-02,0122,Terra,MODIS,40,6.2,312.3,8.7,D,0
-14.3197,133.9067,329.7,1,1,2014-10-02,0122,Terra,MODIS,48,6.2,313.6,8.2,D,0
-15.3509,143.575,328.7,3.4,1.7,2014-10-02,0122,Terra,MODIS,79,6.2,296.3,115.1,D,0
-12.9362,131.4312,329.3,1.4,1.2,2014-10-02,0122,Terra,MODIS,59,6.2,309.7,11.7,D,0
-14.3411,133.865,337.3,1,1,2014-10-02,0122,Terra,MODIS,78,6.2,313.3,17.2,D,0
-14.3159,133.8208,338.6,1,1,2014-10-02,0122,Terra,MODIS,81,6.2,313.4,20.9,D,0
-12.6887,135.5099,372.9,1,1,2014-10-02,0122,Terra,MODIS,100,6.2,311.9,109.4,D,0
-14.2655,133.912,336.4,1,1,2014-10-02,0122,Terra,MODIS,78,6.2,314.2,15.7,D,0
-12.681,135.5204,356.8,1,1,2014-10-02,0122,Terra,MODIS,98,6.2,317.9,58.8,D,0
-14.2499,133.8087,333.8,1,1,2014-10-02,0122,Terra,MODIS,27,6.2,312.4,12.9,D,0
-12.69,135.5191,363.7,1,1,2014-10-02,0122,Terra,MODIS,100,6.2,312.5,78.5,D,0
-15.3384,143.6082,335.1,3.4,1.7,2014-10-02,0122,Terra,MODIS,85,6.2,297.2,170.6,D,0
-12.6427,136.5914,338.1,1.1,1,2014-10-02,0122,Terra,MODIS,83,6.2,314.2,25.7,D,0
-12.7022,135.5389,339.6,1,1,2014-10-02,0122,Terra,MODIS,84,6.2,311.1,25.7,D,0
-14.3553,133.9586,336.7,1,1,2014-10-02,0122,Terra,MODIS,78,6.2,313.6,18.4,D,0
-12.9302,131.3941,346.9,1.4,1.2,2014-10-02,0122,Terra,MODIS,90,6.2,305.3,60.4,D,0
-12.9568,131.4278,332.5,1.4,1.2,2014-10-02,0122,Terra,MODIS,72,6.2,311.1,16.2,D,0
-14.3488,133.8542,346,1,1,2014-10-02,0122,Terra,MODIS,89,6.2,311.2,34.9,D,0
-12.9425,131.4048,363.1,1.4,1.2,2014-10-02,0122,Terra,MODIS,100,6.2,309.9,119.1,D,0
-12.7048,135.5573,370,1,1,2014-10-02,0122,Terra,MODIS,100,6.2,316.6,99.2,D,0
-12.5465,135.7342,337.2,1,1,2014-10-02,0122,Terra,MODIS,81,6.2,311.8,18.9,D,0
-12.9794,131.4367,333,1.3,1.2,2014-10-02,0122,Terra,MODIS,62,6.2,311.6,16.5,D,0
-14.4201,134.2057,338.3,1,1,2014-10-02,0122,Terra,MODIS,81,6.2,314.8,19.6,D,0
-12.6658,143.0203,314.9,2.8,1.6,2014-10-02,0122,Terra,MODIS,52,6.2,294.8,35,D,0
-14.3431,133.8165,328.4,1,1,2014-10-02,0122,Terra,MODIS,35,6.2,311.2,9.2,D,0
-14.3463,133.9601,334.3,1,1,2014-10-02,0122,Terra,MODIS,74,6.2,313.1,14.2,D,0
-12.6783,135.502,366.3,1,1,2014-10-02,0122,Terra,MODIS,100,6.2,315.6,86.6,D,0
-14.3145,133.8114,335.2,1,1,2014-10-02,0122,Terra,MODIS,75,6.2,312.8,16.4,D,0
-12.9465,131.4295,332.3,1.4,1.2,2014-10-02,0122,Terra,MODIS,72,6.2,310.5,16.2,D,0
-12.6477,142.8368,316.3,2.7,1.6,2014-10-02,0122,Terra,MODIS,34,6.2,299.3,27.6,D,0
-15.2401,145.1833,324.5,4.5,2,2014-10-02,0122,Terra,MODIS,68,6.2,286.5,150.7,D,0
-12.8234,132.8566,331,1.1,1.1,2014-10-02,0122,Terra,MODIS,36,6.2,309.9,16.7,D,0
-12.5704,134.4629,333.7,1,1,2014-10-02,0122,Terra,MODIS,76,6.2,311.6,16.6,D,0
-14.2513,133.8181,332.4,1,1,2014-10-02,0122,Terra,MODIS,29,6.2,313.5,9.9,D,0
-12.4877,135.9003,324.2,1,1,2014-10-02,0122,Terra,MODIS,22,6.2,307.5,7.3,D,0
-15.3352,143.5768,335.5,3.4,1.7,2014-10-02,0122,Terra,MODIS,85,6.2,298,167.1,D,0
-12.9322,131.4065,373.8,1.4,1.2,2014-10-02,0122,Terra,MODIS,100,6.2,310.9,174,D,0
-13.3508,131.3879,335.1,1.3,1.1,2014-10-02,0122,Terra,MODIS,77,6.2,304.9,29.2,D,0
-14.1548,133.9737,335.2,1,1,2014-10-02,0122,Terra,MODIS,71,6.2,313.5,16.8,D,0
-12.6449,142.812,315.7,2.7,1.6,2014-10-02,0122,Terra,MODIS,33,6.2,298.8,25.3,D,0
-11.4147,132.4197,341.8,1.2,1.1,2014-10-02,0122,Terra,MODIS,88,6.2,303.8,44.3,D,0
-13.7829,133.5829,332.8,1,1,2014-10-02,0122,Terra,MODIS,69,6.2,313.5,13.1,D,0
-13.7844,133.5925,328.8,1,1,2014-10-02,0122,Terra,MODIS,44,6.2,312.6,7,D,0
-14.1954,133.8172,339,1,1,2014-10-02,0122,Terra,MODIS,80,6.2,314.2,19,D,0
-14.194,133.8078,337.5,1,1,2014-10-02,0122,Terra,MODIS,63,6.2,312.8,16.5,D,0
-14.2155,134.1929,333,1,1,2014-10-02,0122,Terra,MODIS,74,6.2,313.6,14.2,D,0
-14.2169,134.2022,331.9,1,1,2014-10-02,0122,Terra,MODIS,71,6.2,313.4,12.8,D,0
-14.1562,133.983,338.2,1,1,2014-10-02,0122,Terra,MODIS,75,6.2,314.4,20.7,D,0
-13.4146,131.4086,336.6,1.3,1.1,2014-10-02,0122,Terra,MODIS,79,6.2,311.2,23.7,D,0
-14.2274,133.7832,342.6,1,1,2014-10-02,0122,Terra,MODIS,86,6.2,314,29.2,D,0
-14.1968,133.8266,334.4,1,1,2014-10-02,0122,Terra,MODIS,70,6.2,314.6,11.7,D,0
-14.163,133.9053,337.6,1,1,2014-10-02,0122,Terra,MODIS,80,6.2,315.3,19.3,D,0
-14.0819,132.6521,337.3,1.1,1.1,2014-10-02,0122,Terra,MODIS,67,6.2,318.4,19.3,D,0
-14.1156,132.6506,338.1,1.1,1.1,2014-10-02,0122,Terra,MODIS,80,6.2,318.3,22.3,D,0
-14.2002,133.7875,343.7,1,1,2014-10-02,0122,Terra,MODIS,87,6.2,315.9,28.4,D,0
-13.8519,133.6148,330.7,1,1,2014-10-02,0122,Terra,MODIS,63,6.2,313.1,8.7,D,0
-13.8533,133.6244,334.1,1,1,2014-10-02,0122,Terra,MODIS,75,6.2,313.5,14.1,D,0
-13.8934,133.6506,329.4,1,1,2014-10-02,0122,Terra,MODIS,64,6.2,312.9,7.8,D,0
-13.8759,133.6501,330.8,1,1,2014-10-02,0122,Terra,MODIS,67,6.2,314.3,9.7,D,0
-12.3322,135.1517,336.3,1,1,2014-10-02,0122,Terra,MODIS,70,6.2,311.2,22.7,D,0
-12.0188,135.5868,324.6,1,1,2014-10-02,0122,Terra,MODIS,76,6.2,307.2,8.7,D,0
-13.4719,131.8955,331.1,1.2,1.1,2014-10-02,0122,Terra,MODIS,55,6.2,307.3,15.1,D,0
-13.4818,131.8938,338.9,1.2,1.1,2014-10-02,0122,Terra,MODIS,82,6.2,308.8,30.3,D,0
-13.5248,131.9043,332,1.2,1.1,2014-10-02,0122,Terra,MODIS,71,6.2,309,17.8,D,0
-14.1998,136.5525,325.6,1.1,1,2014-10-02,0122,Terra,MODIS,39,6.2,306.7,11.2,D,0
-13.8812,132.484,339.1,1.1,1.1,2014-10-02,0122,Terra,MODIS,66,6.2,316.5,25.7,D,0
-13.8845,132.505,343.4,1.1,1.1,2014-10-02,0122,Terra,MODIS,73,6.2,313.9,35.2,D,0
-14.1172,132.6608,332.3,1.1,1.1,2014-10-02,0122,Terra,MODIS,41,6.2,317.2,12,D,0
-12.2895,135.1114,331.6,1,1,2014-10-02,0122,Terra,MODIS,52,6.2,311.6,11.8,D,0
-12.2909,135.1205,335.2,1,1,2014-10-02,0122,Terra,MODIS,61,6.2,311.5,17.6,D,0
-13.9148,132.5471,336.8,1.1,1.1,2014-10-02,0122,Terra,MODIS,55,6.2,315,21.6,D,0
-13.9019,132.5279,338,1.1,1.1,2014-10-02,0122,Terra,MODIS,67,6.2,315.4,24.4,D,0
-13.0931,143.0455,318.9,2.9,1.6,2014-10-02,0122,Terra,MODIS,41,6.2,296.8,40.5,D,0
-14.1987,133.7781,334.6,1,1,2014-10-02,0122,Terra,MODIS,28,6.2,316,13.6,D,0
-14.2314,132.6153,329.4,1.1,1.1,2014-10-02,0122,Terra,MODIS,54,6.2,314.1,9.3,D,0
-13.8505,132.4131,335.8,1.2,1.1,2014-10-02,0122,Terra,MODIS,77,6.2,313.9,19.6,D,0
-14.1717,133.7787,344.6,1,1,2014-10-02,0122,Terra,MODIS,88,6.2,314.5,30.3,D,0
-13.8973,132.5245,340.8,1.1,1.1,2014-10-02,0122,Terra,MODIS,65,6.2,313.8,28.8,D,0
-12.3232,135.153,333.8,1,1,2014-10-02,0122,Terra,MODIS,40,6.2,309.2,18.5,D,0
-13.3263,131.3667,343.8,1.3,1.1,2014-10-02,0122,Terra,MODIS,88,6.2,302.4,53.7,D,0
-14.2014,132.6098,331.2,1.1,1.1,2014-10-02,0122,Terra,MODIS,66,6.2,313.3,11.8,D,0
-14.1918,134.0348,332.3,1,1,2014-10-02,0122,Terra,MODIS,54,6.2,313.1,12.1,D,0
-14.1814,134.0268,347.2,1,1,2014-10-02,0122,Terra,MODIS,91,6.2,314.6,36.2,D,0
-11.967,135.6103,318.2,1,1,2014-10-02,0122,Terra,MODIS,0,6.2,302.1,4.9,D,0
-13.5252,131.9104,334.9,1.2,1.1,2014-10-02,0122,Terra,MODIS,76,6.2,308.8,22.5,D,0
-13.5266,131.9156,328.3,1.2,1.1,2014-10-02,0122,Terra,MODIS,50,6.2,309.2,11.7,D,0
-13.8538,132.4343,343.1,1.2,1.1,2014-10-02,0122,Terra,MODIS,82,6.2,313.3,33.8,D,0
-14.1973,133.7687,334,1,1,2014-10-02,0122,Terra,MODIS,58,6.2,315.1,13,D,0
-13.4249,131.4069,330.6,1.3,1.1,2014-10-02,0122,Terra,MODIS,47,6.2,309.8,11.6,D,0
-13.8522,132.4237,335.4,1.2,1.1,2014-10-02,0122,Terra,MODIS,64,6.2,312.4,17.6,D,0
-13.9467,132.5634,336.4,1.1,1.1,2014-10-02,0122,Terra,MODIS,78,6.2,314.3,19.3,D,0
-14.1882,133.7701,337.2,1,1,2014-10-02,0122,Terra,MODIS,51,6.2,313.7,16.3,D,0
-13.3366,131.3649,343.7,1.3,1.1,2014-10-02,0122,Terra,MODIS,88,6.2,305.5,53,D,0
-14.1576,133.9923,336.4,1,1,2014-10-02,0122,Terra,MODIS,70,6.2,314.4,17.7,D,0
-14.1681,134.0003,330.6,1,1,2014-10-02,0122,Terra,MODIS,54,6.2,314.1,8.3,D,0
-13.3347,131.3526,325.8,1.3,1.2,2014-10-02,0122,Terra,MODIS,11,6.2,302.6,13.5,D,0
-14.1822,133.7867,337.5,1,1,2014-10-02,0122,Terra,MODIS,17,6.2,314.9,14.6,D,0
-12.4931,142.2826,322.5,2.5,1.5,2014-10-02,0122,Terra,MODIS,45,6.2,299,37.4,D,0
-12.1399,134.6633,334.6,1,1,2014-10-02,0122,Terra,MODIS,78,6.2,309.7,17.6,D,0
-11.4165,132.4309,328.8,1.2,1.1,2014-10-02,0122,Terra,MODIS,37,6.2,306.5,17.3,D,0
-14.2012,136.5625,324.9,1.1,1,2014-10-02,0122,Terra,MODIS,43,6.2,305.6,11.3,D,0
-13.3469,131.382,328.7,1.3,1.1,2014-10-02,0122,Terra,MODIS,43,6.2,304.5,15.2,D,0
-17.6692,132.1352,344.4,1.1,1,2014-10-02,0123,Terra,MODIS,83,6.2,316.2,31.7,D,0
-17.8833,131.9223,345.8,1.1,1,2014-10-02,0123,Terra,MODIS,85,6.2,319.6,33.4,D,0
-17.8849,131.9326,339.9,1.1,1,2014-10-02,0123,Terra,MODIS,48,6.2,318,21.3,D,0
-17.891,131.9104,376.3,1.1,1,2014-10-02,0123,Terra,MODIS,100,6.2,315.1,136.3,D,0
-17.8927,131.9207,381.7,1.1,1,2014-10-02,0123,Terra,MODIS,100,6.2,318.2,161.1,D,0
-17.8943,131.931,348.4,1.1,1,2014-10-02,0123,Terra,MODIS,91,6.2,316.3,44.1,D,0
-17.902,131.9191,339.6,1.1,1,2014-10-02,0123,Terra,MODIS,79,6.2,311,28.2,D,0
-17.7646,131.7561,336.6,1.1,1.1,2014-10-02,0123,Terra,MODIS,57,6.2,316.2,15.9,D,0
-17.9198,131.6955,345,1.1,1.1,2014-10-02,0123,Terra,MODIS,88,6.2,315.7,37.2,D,0
-17.9181,131.6849,356.7,1.1,1.1,2014-10-02,0123,Terra,MODIS,97,6.2,317.6,68.2,D,0
-17.9164,131.6744,359.9,1.1,1.1,2014-10-02,0123,Terra,MODIS,99,6.2,315.2,78.6,D,0
-17.9002,131.6615,350.3,1.1,1.1,2014-10-02,0123,Terra,MODIS,87,6.2,314.7,44.9,D,0
-17.8968,131.6403,343,1.1,1.1,2014-10-02,0123,Terra,MODIS,58,6.2,315.2,27.3,D,0
-17.889,131.6525,335.6,1.1,1.1,2014-10-02,0123,Terra,MODIS,38,6.2,315.6,12.8,D,0
-17.8873,131.6419,338.1,1.1,1.1,2014-10-02,0123,Terra,MODIS,58,6.2,316.9,17.2,D,0
-17.8879,131.7071,350.5,1.1,1.1,2014-10-02,0123,Terra,MODIS,93,6.2,316,47.4,D,0
-17.5291,132.662,348.1,1,1,2014-10-02,0123,Terra,MODIS,90,6.2,314.1,40.2,D,0
-17.8862,131.6965,338.8,1.1,1.1,2014-10-02,0123,Terra,MODIS,67,6.2,317.9,19.7,D,0
-17.7629,131.7456,334.8,1.1,1.1,2014-10-02,0123,Terra,MODIS,42,6.2,318.6,11.3,D,0
-17.6566,132.1164,339.4,1.1,1,2014-10-02,0123,Terra,MODIS,82,6.2,318.7,19.3,D,0
-17.6582,132.1266,335.1,1.1,1,2014-10-02,0123,Terra,MODIS,61,6.2,317.4,13,D,0
-17.7921,132.087,334.3,1.1,1,2014-10-02,0123,Terra,MODIS,42,6.2,316.5,13.6,D,0
-17.8134,131.1154,333.4,1.2,1.1,2014-10-02,0123,Terra,MODIS,51,6.2,316.1,14,D,0
-17.8116,131.1041,345,1.2,1.1,2014-10-02,0123,Terra,MODIS,88,6.2,316.4,39.9,D,0
-17.8036,131.1171,336.3,1.2,1.1,2014-10-02,0123,Terra,MODIS,71,6.2,316.7,20.6,D,0
-17.7427,131.3739,339.2,1.2,1.1,2014-10-02,0123,Terra,MODIS,57,6.2,313.5,26.9,D,0
-17.741,131.363,331.8,1.2,1.1,2014-10-02,0123,Terra,MODIS,54,6.2,312.7,15.4,D,0
-17.7331,131.3756,340.9,1.2,1.1,2014-10-02,0123,Terra,MODIS,56,6.2,315.1,28.3,D,0
-17.7313,131.3647,337.3,1.2,1.1,2014-10-02,0123,Terra,MODIS,65,6.2,316.4,23.4,D,0
-17.7269,131.3992,342.1,1.2,1.1,2014-10-02,0123,Terra,MODIS,84,6.2,316.9,29.9,D,0
-17.9166,131.5541,373.7,1.1,1.1,2014-10-02,0123,Terra,MODIS,100,6.2,315.9,131,D,0
-17.9149,131.5434,350.5,1.1,1.1,2014-10-02,0123,Terra,MODIS,93,6.2,314.1,49.3,D,0
-17.907,131.5558,342.2,1.1,1.1,2014-10-02,0123,Terra,MODIS,71,6.2,316.7,28.3,D,0
-17.871,131.601,337.8,1.1,1.1,2014-10-02,0123,Terra,MODIS,79,6.2,317.5,19.7,D,0
-15.9697,144.4147,317.4,4,1.9,2014-10-02,0123,Terra,MODIS,45,6.2,294.6,64.4,D,0
-17.1274,132.6183,337.6,1.1,1,2014-10-02,0123,Terra,MODIS,62,6.2,315.8,18,D,0
-16.5656,130.6945,333.1,1.3,1.1,2014-10-02,0123,Terra,MODIS,73,6.2,315,16.7,D,0
-16.6105,130.712,330.2,1.3,1.1,2014-10-02,0123,Terra,MODIS,55,6.2,314.8,10.8,D,0
-16.7406,130.9435,335.7,1.3,1.1,2014-10-02,0123,Terra,MODIS,73,6.2,316.6,18.9,D,0
-16.7511,130.8806,338.1,1.3,1.1,2014-10-02,0123,Terra,MODIS,81,6.2,315.6,28.1,D,0
-16.753,130.8925,338.5,1.3,1.1,2014-10-02,0123,Terra,MODIS,81,6.2,315.9,28.2,D,0
-16.4446,135.4634,334.2,1,1,2014-10-02,0123,Terra,MODIS,55,6.2,315,13.6,D,0
-16.4524,135.4525,332,1,1,2014-10-02,0123,Terra,MODIS,24,6.2,314.9,9.1,D,0
-16.4538,135.4621,337.2,1,1,2014-10-02,0123,Terra,MODIS,77,6.2,315.8,18.2,D,0
-14.4377,132.2942,333.4,1.2,1.1,2014-10-02,0123,Terra,MODIS,70,6.2,313.2,15.4,D,0
-14.4489,132.3033,336.5,1.2,1.1,2014-10-02,0123,Terra,MODIS,78,6.2,314.6,21.4,D,0
-17.7823,130.9215,335,1.2,1.1,2014-10-02,0123,Terra,MODIS,75,6.2,314.3,22.7,D,0
-15.0141,135.0478,332.4,1,1,2014-10-02,0123,Terra,MODIS,60,6.2,311.8,13.1,D,0
-15.0064,135.0585,335.8,1,1,2014-10-02,0123,Terra,MODIS,71,6.2,312.3,18.4,D,0
-15.0154,135.0571,328.2,1,1,2014-10-02,0123,Terra,MODIS,29,6.2,311,8.6,D,0
-17.5797,130.4983,395.4,1.3,1.1,2014-10-02,0123,Terra,MODIS,100,6.2,313.9,308.7,D,0
-16.9276,127.0573,380.7,2.4,1.5,2014-10-02,0123,Terra,MODIS,100,6.2,312,491.5,D,0
-16.9317,127.0797,325.7,2.3,1.5,2014-10-02,0123,Terra,MODIS,39,6.2,308.1,29.3,D,0
-16.9409,127.0548,353.3,2.4,1.5,2014-10-02,0123,Terra,MODIS,96,6.2,310.3,181.2,D,0
-16.9449,127.0768,331.5,2.3,1.5,2014-10-02,0123,Terra,MODIS,38,6.2,309.2,48,D,0
-17.5716,130.449,333.5,1.3,1.1,2014-10-02,0123,Terra,MODIS,71,6.2,314.8,20.8,D,0
-17.5736,130.4613,339.8,1.3,1.1,2014-10-02,0123,Terra,MODIS,82,6.2,315.9,34.3,D,0
-17.5818,130.4472,361.8,1.3,1.1,2014-10-02,0123,Terra,MODIS,100,6.2,314.9,108.9,D,0
-17.5838,130.4596,377.4,1.3,1.1,2014-10-02,0123,Terra,MODIS,100,6.2,319.2,186.4,D,0
-17.5859,130.4719,376.9,1.3,1.1,2014-10-02,0123,Terra,MODIS,100,6.2,319.8,182.6,D,0
-17.592,130.4454,345.1,1.3,1.1,2014-10-02,0123,Terra,MODIS,88,6.2,309,53.1,D,0
-17.594,130.4578,355.8,1.3,1.1,2014-10-02,0123,Terra,MODIS,97,6.2,309.6,87.9,D,0
-17.5961,130.4701,361.9,1.3,1.1,2014-10-02,0123,Terra,MODIS,100,6.2,311.4,111.3,D,0
-16.6275,130.5762,331.8,1.3,1.1,2014-10-02,0123,Terra,MODIS,48,6.2,312.7,17.3,D,0
-16.6294,130.569,332.3,1.3,1.1,2014-10-02,0123,Terra,MODIS,54,6.2,312.6,16.5,D,0
-17.5594,130.5648,335.4,1.3,1.1,2014-10-02,0123,Terra,MODIS,64,6.2,314.8,22.7,D,0
-17.0119,127.6022,331.7,2.1,1.4,2014-10-02,0123,Terra,MODIS,63,6.2,309.6,37.5,D,0
-17.0028,127.6246,331,2.1,1.4,2014-10-02,0123,Terra,MODIS,66,6.2,311,32.8,D,0
-15.5207,127.5841,326.2,2.3,1.5,2014-10-02,0123,Terra,MODIS,53,6.2,304.2,30.2,D,0
-15.5338,127.5816,330.2,2.3,1.5,2014-10-02,0123,Terra,MODIS,73,6.2,304.2,47.9,D,0
-16.9992,127.6047,343,2.1,1.4,2014-10-02,0123,Terra,MODIS,88,6.2,313,91.6,D,0
-17.5456,130.5983,336.7,1.3,1.1,2014-10-02,0123,Terra,MODIS,73,6.2,313.7,23.8,D,0
-17.5374,130.6122,331.6,1.3,1.1,2014-10-02,0123,Terra,MODIS,58,6.2,312.2,14.8,D,0
-17.5354,130.6001,339.1,1.3,1.1,2014-10-02,0123,Terra,MODIS,81,6.2,314.7,30.1,D,0
-16.9495,127.0469,357,2.4,1.5,2014-10-02,0123,Terra,MODIS,98,6.2,309.8,210.3,D,0
-16.9454,127.0248,344.3,2.4,1.5,2014-10-02,0123,Terra,MODIS,89,6.2,306.4,118.1,D,0
-16.9363,127.0495,374.7,2.4,1.5,2014-10-02,0123,Terra,MODIS,100,6.2,311.3,396.2,D,0
-16.9322,127.0274,379,2.4,1.5,2014-10-02,0123,Terra,MODIS,100,6.2,307.6,462.2,D,0
-16.9189,127.03,342.6,2.4,1.5,2014-10-02,0123,Terra,MODIS,87,6.2,305.2,108.4,D,0
-16.9502,127.03,338.4,2.4,1.5,2014-10-02,0123,Terra,MODIS,65,6.2,307.1,83.9,D,0
-16.937,127.0326,375.4,2.4,1.5,2014-10-02,0123,Terra,MODIS,100,6.2,308.1,420.6,D,0
-16.933,127.0106,334.7,2.4,1.5,2014-10-02,0123,Terra,MODIS,80,6.2,302.5,74.6,D,0
-16.9237,127.0353,387.9,2.4,1.5,2014-10-02,0123,Terra,MODIS,100,6.2,308.9,609,D,0
-17.5695,130.5001,384.1,1.3,1.1,2014-10-02,0123,Terra,MODIS,100,6.2,321.3,224.5,D,0
-17.5716,130.5124,358.6,1.3,1.1,2014-10-02,0123,Terra,MODIS,99,6.2,314.8,92.4,D,0
-17.5818,130.5106,343.6,1.3,1.1,2014-10-02,0123,Terra,MODIS,87,6.2,311.8,45.2,D,0
-17.5879,130.4842,333.6,1.3,1.1,2014-10-02,0123,Terra,MODIS,65,6.2,311.3,22.1,D,0
-17.0363,127.2976,335.3,2.3,1.5,2014-10-02,0123,Terra,MODIS,80,6.2,308.2,59.2,D,0
-17.0381,127.3816,349.4,2.2,1.4,2014-10-02,0123,Terra,MODIS,93,6.2,308.7,139.8,D,0
-17.0344,127.3612,342.3,2.2,1.4,2014-10-02,0123,Terra,MODIS,88,6.2,307.9,97.4,D,0
-17.0194,127.2789,333.5,2.3,1.5,2014-10-02,0123,Terra,MODIS,78,6.2,308.8,54.8,D,0
-17.0252,127.3841,326.3,2.2,1.4,2014-10-02,0123,Terra,MODIS,56,6.2,307.6,25.3,D,0
-17.0215,127.364,332.7,2.2,1.4,2014-10-02,0123,Terra,MODIS,77,6.2,307.2,53.2,D,0
-17.0117,127.2364,330.6,2.3,1.5,2014-10-02,0123,Terra,MODIS,64,6.2,308.4,39.7,D,0
-17.0078,127.2151,327.8,2.3,1.5,2014-10-02,0123,Terra,MODIS,41,6.2,307.5,28.4,D,0
-17.0039,127.1938,343.8,2.3,1.5,2014-10-02,0123,Terra,MODIS,89,6.2,308.5,113,D,0
-16.9947,127.2177,333.1,2.3,1.5,2014-10-02,0123,Terra,MODIS,77,6.2,308.2,55.3,D,0
-16.9866,126.9485,329.1,2.4,1.5,2014-10-02,0123,Terra,MODIS,65,6.2,306.4,38.7,D,0
-16.1554,127.9696,327.2,2.1,1.4,2014-10-02,0123,Terra,MODIS,62,6.2,307.8,22.8,D,0
-16.1364,127.9356,325.7,2.1,1.4,2014-10-02,0123,Terra,MODIS,47,6.2,306.4,24.4,D,0
-16.932,128.1205,328.2,2,1.4,2014-10-02,0123,Terra,MODIS,48,6.2,310.9,24.3,D,0
-16.9352,128.1385,336.5,2,1.4,2014-10-02,0123,Terra,MODIS,81,6.2,312.2,54.1,D,0
-16.9474,128.1365,327.2,2,1.4,2014-10-02,0123,Terra,MODIS,45,6.2,310.1,21.4,D,0
-16.9379,128.1321,337.3,2,1.4,2014-10-02,0123,Terra,MODIS,82,6.2,312.1,57.7,D,0
-16.971,127.0885,332,2.3,1.5,2014-10-02,0123,Terra,MODIS,54,6.2,306.2,46.5,D,0
-16.9272,127.0742,334.4,2.3,1.5,2014-10-02,0123,Terra,MODIS,48,6.2,308.2,58.8,D,0
-16.923,127.052,367.1,2.4,1.5,2014-10-02,0123,Terra,MODIS,100,6.2,310.2,310.4,D,0
-16.9621,127.0968,331.1,2.3,1.5,2014-10-02,0123,Terra,MODIS,32,6.2,305.5,44.4,D,0
-16.9542,127.0522,339,2.4,1.5,2014-10-02,0123,Terra,MODIS,85,6.2,309.2,76.8,D,0
-16.9413,128.1503,327.1,2,1.4,2014-10-02,0123,Terra,MODIS,29,6.2,310.8,18.4,D,0
-14.7261,134.4049,328.4,1,1,2014-10-02,0123,Terra,MODIS,53,6.2,313.6,7.8,D,0
-17.1923,126.8655,340.3,2.4,1.5,2014-10-02,0124,Terra,MODIS,86,6.2,308.7,96.5,D,0
-17.2057,126.8627,345.2,2.4,1.5,2014-10-02,0124,Terra,MODIS,90,6.2,309.3,128.1,D,0
-20.3898,127.3976,340.8,1.9,1.3,2014-10-02,0124,Terra,MODIS,86,6.2,311.4,66.5,D,0
-20.3986,127.3771,338.8,1.9,1.3,2014-10-02,0124,Terra,MODIS,84,6.2,309.2,59.8,D,0
-17.9048,130.7915,333,1.3,1.1,2014-10-02,0124,Terra,MODIS,56,6.2,315.8,15,D,0
-20.4018,127.3952,354.6,1.9,1.3,2014-10-02,0124,Terra,MODIS,96,6.2,311.3,139.3,D,0
-20.4106,127.3747,364.6,1.9,1.3,2014-10-02,0124,Terra,MODIS,100,6.2,307,210.3,D,0
-20.4138,127.3928,371.8,1.9,1.3,2014-10-02,0124,Terra,MODIS,100,6.2,309.7,267.7,D,0
-20.4053,127.3876,385.8,1.9,1.3,2014-10-02,0124,Terra,MODIS,100,6.2,313.3,409.9,D,0
-17.1942,126.849,332.4,2.4,1.5,2014-10-02,0124,Terra,MODIS,60,6.2,305.3,56.9,D,0
-17.1982,126.8712,347.6,2.4,1.5,2014-10-02,0124,Terra,MODIS,92,6.2,310.6,142.3,D,0
-18.0106,131.32,332.3,1.2,1.1,2014-10-02,0124,Terra,MODIS,64,6.2,314.3,15.5,D,0
-18.0203,131.3183,349.9,1.2,1.1,2014-10-02,0124,Terra,MODIS,93,6.2,315.3,53.7,D,0
-18.0282,131.3056,347.1,1.2,1.1,2014-10-02,0124,Terra,MODIS,90,6.2,314.1,45,D,0
-18.03,131.3166,353.4,1.2,1.1,2014-10-02,0124,Terra,MODIS,95,6.2,313.8,62.8,D,0
-18.0379,131.304,356.6,1.2,1.1,2014-10-02,0124,Terra,MODIS,97,6.2,314.4,71,D,0
-18.0398,131.2977,344.3,1.2,1.1,2014-10-02,0124,Terra,MODIS,87,6.2,313.5,35.6,D,0
-18.0396,131.3149,339,1.2,1.1,2014-10-02,0124,Terra,MODIS,82,6.2,313.1,27.1,D,0
-18.2066,131.2054,393.8,1.2,1.1,2014-10-02,0124,Terra,MODIS,100,6.2,313.1,254.7,D,0
-18.2101,131.2101,375.7,1.2,1.1,2014-10-02,0124,Terra,MODIS,100,6.2,311.4,151.8,D,0
-18.1423,131.2393,337.6,1.2,1.1,2014-10-02,0124,Terra,MODIS,35,6.2,314.2,18.9,D,0
-18.2101,131.2275,353.5,1.2,1.1,2014-10-02,0124,Terra,MODIS,95,6.2,314.1,63.4,D,0
-18.1405,131.2282,346.6,1.2,1.1,2014-10-02,0124,Terra,MODIS,90,6.2,314.3,41.4,D,0
-18.1309,131.2299,345.3,1.2,1.1,2014-10-02,0124,Terra,MODIS,89,6.2,314.7,39.4,D,0
-18.2119,131.2211,381.1,1.2,1.1,2014-10-02,0124,Terra,MODIS,100,6.2,314.6,177.3,D,0
-18.0784,131.291,371.2,1.2,1.1,2014-10-02,0124,Terra,MODIS,100,6.2,313.8,127.1,D,0
-18.0766,131.28,358.9,1.2,1.1,2014-10-02,0124,Terra,MODIS,99,6.2,312.2,79.5,D,0
-18.1538,131.2486,341.1,1.2,1.1,2014-10-02,0124,Terra,MODIS,50,6.2,314.2,28.5,D,0
-18.0688,131.2926,359.5,1.2,1.1,2014-10-02,0124,Terra,MODIS,99,6.2,315.3,81.5,D,0
-18.067,131.2816,337.7,1.2,1.1,2014-10-02,0124,Terra,MODIS,69,6.2,313.7,23.1,D,0
-18.0591,131.2943,332.8,1.2,1.1,2014-10-02,0124,Terra,MODIS,46,6.2,313.7,15.9,D,0
-18.0494,131.296,331.4,1.2,1.1,2014-10-02,0124,Terra,MODIS,30,6.2,313.1,12.1,D,0
-18.1556,131.2596,342.3,1.2,1.1,2014-10-02,0124,Terra,MODIS,65,6.2,313,32.3,D,0
-18.0742,131.0164,346.8,1.2,1.1,2014-10-02,0124,Terra,MODIS,88,6.2,315.7,40.6,D,0
-18.0761,131.0277,351.4,1.2,1.1,2014-10-02,0124,Terra,MODIS,94,6.2,315.3,55.4,D,0
-18.0416,131.3086,352.6,1.2,1.1,2014-10-02,0124,Terra,MODIS,95,6.2,314.4,58.1,D,0
-18.1599,131.2249,342.5,1.2,1.1,2014-10-02,0124,Terra,MODIS,54,6.2,313.3,31.5,D,0
-18.0185,131.3073,335.7,1.2,1.1,2014-10-02,0124,Terra,MODIS,77,6.2,315.5,20.6,D,0
-19.2136,133.2537,330.5,1,1,2014-10-02,0124,Terra,MODIS,30,6.2,316.6,8.3,D,0
-18.0528,131.0084,342.2,1.2,1.1,2014-10-02,0124,Terra,MODIS,83,6.2,316.3,27.7,D,0
-18.0546,131.0198,340.4,1.2,1.1,2014-10-02,0124,Terra,MODIS,72,6.2,317.5,23.8,D,0
-18.1793,131.2215,348.7,1.2,1.1,2014-10-02,0124,Terra,MODIS,77,6.2,316.7,44.8,D,0
-18.1872,131.2088,395.8,1.2,1.1,2014-10-02,0124,Terra,MODIS,100,6.2,321.1,267.6,D,0
-18.1775,131.2104,365.2,1.2,1.1,2014-10-02,0124,Terra,MODIS,100,6.2,313.3,101.1,D,0
-18.1678,131.2121,340.6,1.2,1.1,2014-10-02,0124,Terra,MODIS,47,6.2,310.3,29.2,D,0
-18.0565,131.0311,348.6,1.2,1.1,2014-10-02,0124,Terra,MODIS,92,6.2,318.3,47.2,D,0
-18.0583,131.0424,332.7,1.2,1.1,2014-10-02,0124,Terra,MODIS,54,6.2,314.4,12.3,D,0
-18.0626,131.0067,359,1.2,1.1,2014-10-02,0124,Terra,MODIS,99,6.2,317.6,75.8,D,0
-18.0644,131.0181,352.2,1.2,1.1,2014-10-02,0124,Terra,MODIS,94,6.2,318.2,54.3,D,0
-18.0663,131.0294,376.8,1.2,1.1,2014-10-02,0124,Terra,MODIS,100,6.2,318.1,154,D,0
-18.1987,131.2181,372.8,1.2,1.1,2014-10-02,0124,Terra,MODIS,100,6.2,326.6,131,D,0
-18.0681,131.0407,335.7,1.2,1.1,2014-10-02,0124,Terra,MODIS,49,6.2,314.5,17.9,D,0
-18.0724,131.005,350.8,1.2,1.1,2014-10-02,0124,Terra,MODIS,93,6.2,317.1,50.9,D,0
-18.1502,131.2265,357.2,1.2,1.1,2014-10-02,0124,Terra,MODIS,98,6.2,313.2,71,D,0
-18.2004,131.2292,341.6,1.2,1.1,2014-10-02,0124,Terra,MODIS,37,6.2,316.1,29.3,D,0
-17.9114,131.3997,332.2,1.2,1.1,2014-10-02,0124,Terra,MODIS,43,6.2,316.6,12.6,D,0
-17.9141,131.3545,332.9,1.2,1.1,2014-10-02,0124,Terra,MODIS,50,6.2,314.3,11.8,D,0
-17.9193,131.3872,337.3,1.2,1.1,2014-10-02,0124,Terra,MODIS,67,6.2,314.5,21.6,D,0
-17.9211,131.3981,359.7,1.2,1.1,2014-10-02,0124,Terra,MODIS,99,6.2,315.9,80.3,D,0
-17.9316,131.3402,341,1.2,1.1,2014-10-02,0124,Terra,MODIS,84,6.2,317.5,27.3,D,0
-18.1951,131.196,328.6,1.2,1.1,2014-10-02,0124,Terra,MODIS,27,6.2,309.1,14.2,D,0
-17.9334,131.3512,340.2,1.2,1.1,2014-10-02,0124,Terra,MODIS,79,6.2,315.3,27.3,D,0
-17.9413,131.3386,370.6,1.2,1.1,2014-10-02,0124,Terra,MODIS,100,6.2,316.6,120.7,D,0
-17.943,131.3495,364.8,1.2,1.1,2014-10-02,0124,Terra,MODIS,100,6.2,314.7,99,D,0
-17.9509,131.3369,332,1.2,1.1,2014-10-02,0124,Terra,MODIS,42,6.2,311.5,11.8,D,0
-17.9545,131.341,327.8,1.2,1.1,2014-10-02,0124,Terra,MODIS,31,6.2,311.2,7,D,0
-18.1969,131.2071,443.6,1.2,1.1,2014-10-02,0124,Terra,MODIS,100,6.2,331.5,780.8,D,0
-17.9624,131.3284,342.5,1.2,1.1,2014-10-02,0124,Terra,MODIS,86,6.2,315.1,33.3,D,0
-17.9641,131.3393,363.6,1.2,1.1,2014-10-02,0124,Terra,MODIS,100,6.2,316.1,95.2,D,0
-17.972,131.3267,362.9,1.2,1.1,2014-10-02,0124,Terra,MODIS,100,6.2,315.9,91.8,D,0
-17.9738,131.3376,381.3,1.2,1.1,2014-10-02,0124,Terra,MODIS,100,6.2,316.1,174,D,0
-17.9817,131.3251,355.4,1.2,1.1,2014-10-02,0124,Terra,MODIS,97,6.2,316,68.5,D,0
-17.9834,131.336,343.2,1.2,1.1,2014-10-02,0124,Terra,MODIS,87,6.2,314.4,37.4,D,0
-19.2122,133.2442,335.4,1,1,2014-10-02,0124,Terra,MODIS,69,6.2,319.1,14.4,D,0
-17.9913,131.3234,358.9,1.2,1.1,2014-10-02,0124,Terra,MODIS,99,6.2,313.1,79.9,D,0
-17.9931,131.3343,332.3,1.2,1.1,2014-10-02,0124,Terra,MODIS,66,6.2,312.9,16,D,0
-18.2084,131.2164,441.1,1.2,1.1,2014-10-02,0124,Terra,MODIS,100,6.2,324,740.9,D,0
-17.9257,130.9192,338.5,1.2,1.1,2014-10-02,0124,Terra,MODIS,69,6.2,316.4,21.7,D,0
-17.8729,130.9114,338.1,1.2,1.1,2014-10-02,0124,Terra,MODIS,80,6.2,316.5,21,D,0
-20.3777,127.4001,336,1.9,1.3,2014-10-02,0124,Terra,MODIS,81,6.2,311.5,45.8,D,0
-20.2937,127.5155,328.7,1.9,1.3,2014-10-02,0124,Terra,MODIS,68,6.2,310.8,23.6,D,0
-20.3144,127.4929,330.6,1.9,1.3,2014-10-02,0124,Terra,MODIS,65,6.2,310.3,27.3,D,0
-17.9479,130.8677,354.5,1.2,1.1,2014-10-02,0124,Terra,MODIS,96,6.2,318.6,63.2,D,0
-17.9473,130.9271,341.8,1.2,1.1,2014-10-02,0124,Terra,MODIS,68,6.2,316.8,26.6,D,0
-17.9398,130.881,338.2,1.2,1.1,2014-10-02,0124,Terra,MODIS,32,6.2,315.6,20.1,D,0
-17.9417,130.8926,334.4,1.2,1.1,2014-10-02,0124,Terra,MODIS,27,6.2,315.2,13.2,D,0
-17.9522,130.8312,346,1.2,1.1,2014-10-02,0124,Terra,MODIS,76,6.2,316.4,40.9,D,0
-19.6072,126.9403,349.2,2.1,1.4,2014-10-02,0124,Terra,MODIS,93,6.2,308.1,136.1,D,0
-19.6227,126.951,338.8,2.1,1.4,2014-10-02,0124,Terra,MODIS,84,6.2,308.1,74.5,D,0
-19.6036,126.9202,336.8,2.1,1.4,2014-10-02,0124,Terra,MODIS,82,6.2,306.1,68.7,D,0
-19.6063,126.9336,355.2,2.1,1.4,2014-10-02,0124,Terra,MODIS,97,6.2,308.1,175.1,D,0
-19.6076,126.8704,337.8,2.1,1.4,2014-10-02,0124,Terra,MODIS,84,6.2,307.2,73.4,D,0
-19.6203,126.8676,335.6,2.1,1.4,2014-10-02,0124,Terra,MODIS,81,6.2,306.8,62.7,D,0
-18.0571,130.9726,332.9,1.2,1.1,2014-10-02,0124,Terra,MODIS,28,6.2,315.1,10.6,D,0
-17.9441,130.8446,341.2,1.2,1.1,2014-10-02,0124,Terra,MODIS,72,6.2,316.3,27.1,D,0
-17.9492,130.9386,385.2,1.2,1.1,2014-10-02,0124,Terra,MODIS,100,6.2,320.8,204,D,0
-18.0651,130.9594,365.6,1.2,1.1,2014-10-02,0124,Terra,MODIS,100,6.2,316.8,105.3,D,0
-20.9678,133.2881,326.3,1,1,2014-10-02,0124,Terra,MODIS,52,6.2,313.3,6.6,D,0
-18.0706,130.9936,345.6,1.2,1.1,2014-10-02,0124,Terra,MODIS,89,6.2,314.8,38,D,0
-18.0804,130.9919,340.9,1.2,1.1,2014-10-02,0124,Terra,MODIS,59,6.2,312,27.7,D,0
-18.1021,130.9932,337.2,1.2,1.1,2014-10-02,0124,Terra,MODIS,78,6.2,311.5,27.8,D,0
-18.0806,130.9852,343.1,1.2,1.1,2014-10-02,0124,Terra,MODIS,68,6.2,312.8,36.6,D,0
-17.954,130.8428,407.2,1.2,1.1,2014-10-02,0124,Terra,MODIS,100,6.2,321.9,374.2,D,0
-17.9393,130.9404,354.3,1.2,1.1,2014-10-02,0124,Terra,MODIS,96,6.2,318.9,64.2,D,0
-17.9516,130.8908,346.2,1.2,1.1,2014-10-02,0124,Terra,MODIS,88,6.2,316.4,40,D,0
-17.9559,130.8544,391.9,1.2,1.1,2014-10-02,0124,Terra,MODIS,100,6.2,320.3,251.2,D,0
-17.9295,130.9422,332.1,1.2,1.1,2014-10-02,0124,Terra,MODIS,67,6.2,316.7,11.9,D,0
-17.9714,130.8873,351,1.2,1.1,2014-10-02,0124,Terra,MODIS,93,6.2,312.5,59,D,0
-17.9596,130.8775,341.1,1.2,1.1,2014-10-02,0124,Terra,MODIS,62,6.2,313.6,28.6,D,0
-17.9677,130.8642,374.5,1.2,1.1,2014-10-02,0124,Terra,MODIS,100,6.2,313.3,149.6,D,0
-17.9578,130.866,443.6,1.2,1.1,2014-10-02,0124,Terra,MODIS,100,6.2,327.7,828.4,D,0
-17.959,130.9369,402.1,1.2,1.1,2014-10-02,0124,Terra,MODIS,100,6.2,319.7,327.1,D,0
-17.9689,130.9351,337.5,1.2,1.1,2014-10-02,0124,Terra,MODIS,73,6.2,315.7,22.1,D,0
-17.9615,130.8891,369,1.2,1.1,2014-10-02,0124,Terra,MODIS,100,6.2,316.5,118.9,D,0
-17.9671,130.9236,346.2,1.2,1.1,2014-10-02,0124,Terra,MODIS,89,6.2,312.7,41.6,D,0
-17.9634,130.9006,350.5,1.2,1.1,2014-10-02,0124,Terra,MODIS,88,6.2,313.5,52.5,D,0
-17.9692,130.8698,333.3,1.2,1.1,2014-10-02,0124,Terra,MODIS,45,6.2,311.5,19.4,D,0
-17.9673,130.8583,387.5,1.2,1.1,2014-10-02,0124,Terra,MODIS,100,6.2,316.4,230.6,D,0
-17.9711,130.8814,341.3,1.2,1.1,2014-10-02,0124,Terra,MODIS,85,6.2,313.3,36.1,D,0
-17.981,130.8797,350.6,1.2,1.1,2014-10-02,0124,Terra,MODIS,93,6.2,312.6,61.5,D,0
-17.973,130.8929,335.9,1.2,1.1,2014-10-02,0124,Terra,MODIS,75,6.2,309.4,22.8,D,0
-17.9412,130.9518,340.4,1.2,1.1,2014-10-02,0124,Terra,MODIS,83,6.2,315.2,27.1,D,0
-17.951,130.9501,338.6,1.2,1.1,2014-10-02,0124,Terra,MODIS,78,6.2,314.1,22.4,D,0
-17.9313,130.9536,336.5,1.2,1.1,2014-10-02,0124,Terra,MODIS,78,6.2,316,20.4,D,0
-17.9772,130.8565,333.6,1.2,1.1,2014-10-02,0124,Terra,MODIS,61,6.2,310.4,24.3,D,0
-17.964,130.841,377.4,1.2,1.1,2014-10-02,0124,Terra,MODIS,100,6.2,315.1,164.4,D,0
-17.9753,130.845,338.9,1.2,1.1,2014-10-02,0124,Terra,MODIS,82,6.2,310.7,36.5,D,0
-17.9621,130.8294,366.6,1.2,1.1,2014-10-02,0124,Terra,MODIS,100,6.2,315.9,115,D,0
-17.9658,130.8526,389.1,1.2,1.1,2014-10-02,0124,Terra,MODIS,100,6.2,317.1,236,D,0
-17.9654,130.8467,362.8,1.2,1.1,2014-10-02,0124,Terra,MODIS,100,6.2,314.5,105.2,D,0
-17.9634,130.8352,371.2,1.2,1.1,2014-10-02,0124,Terra,MODIS,100,6.2,316.3,141.9,D,0
-17.9615,130.8235,343.9,1.2,1.1,2014-10-02,0124,Terra,MODIS,87,6.2,313.7,44.9,D,0
-17.8692,130.8884,333.3,1.2,1.1,2014-10-02,0124,Terra,MODIS,58,6.2,316.2,13.6,D,0
-17.863,130.9132,331.7,1.2,1.1,2014-10-02,0124,Terra,MODIS,32,6.2,315.4,9.9,D,0
-17.8612,130.9016,351.4,1.2,1.1,2014-10-02,0124,Terra,MODIS,94,6.2,318.4,57.8,D,0
-17.8711,130.8999,369.2,1.2,1.1,2014-10-02,0124,Terra,MODIS,100,6.2,317.4,122.5,D,0
-17.9572,130.9254,386.9,1.2,1.1,2014-10-02,0124,Terra,MODIS,100,6.2,319.6,215.2,D,0
-24.4215,128.5932,325.9,1.3,1.1,2014-10-02,0125,Terra,MODIS,64,6.2,312,12.5,D,0
-24.4278,128.5859,348.1,1.3,1.1,2014-10-02,0125,Terra,MODIS,92,6.2,311.6,65,D,0
-24.43,128.599,332.5,1.3,1.1,2014-10-02,0125,Terra,MODIS,77,6.2,310.6,24.7,D,0
-26.441,141.7929,322.9,3.4,1.7,2014-10-02,0125,Terra,MODIS,59,6.2,310,49.5,D,0
-26.4757,141.825,322,3.5,1.8,2014-10-02,0125,Terra,MODIS,31,6.2,307.1,43.1,D,0
-26.5485,141.8128,346.8,3.5,1.8,2014-10-02,0125,Terra,MODIS,92,6.2,309.1,266.3,D,0
-26.5416,141.8067,328,3.5,1.8,2014-10-02,0125,Terra,MODIS,73,6.2,308.7,90.4,D,0
-26.5576,141.8053,340.3,3.5,1.8,2014-10-02,0125,Terra,MODIS,87,6.2,307.7,193.2,D,0
-26.4344,141.7877,325.3,3.4,1.7,2014-10-02,0125,Terra,MODIS,68,6.2,310,69.4,D,0
-26.4874,141.8535,320,3.5,1.8,2014-10-02,0125,Terra,MODIS,44,6.2,307.8,37.8,D,0
-22.7595,122.5991,329.3,3.7,1.8,2014-10-02,0125,Terra,MODIS,76,6.2,305.6,104.6,D,0
-22.7283,122.65,325.6,3.7,1.8,2014-10-02,0125,Terra,MODIS,70,6.2,305.9,74.7,D,0
-22.7653,122.5902,325.2,3.7,1.8,2014-10-02,0125,Terra,MODIS,69,6.2,304.6,78,D,0
-22.7732,122.626,319.7,3.7,1.8,2014-10-02,0125,Terra,MODIS,46,6.2,304.9,37.5,D,0
-22.7274,122.607,325.9,3.7,1.8,2014-10-02,0125,Terra,MODIS,61,6.2,306.3,73,D,0
-22.7208,122.6144,339.3,3.7,1.8,2014-10-02,0125,Terra,MODIS,87,6.2,306.5,202,D,0
-22.719,122.6466,324.1,3.7,1.8,2014-10-02,0125,Terra,MODIS,60,6.2,305.6,59.9,D,0
-22.7113,122.6112,324.6,3.7,1.8,2014-10-02,0125,Terra,MODIS,63,6.2,306.2,64.5,D,0
-21.4028,117.5268,328.8,3.2,1.7,2014-10-02,0303,Terra,MODIS,70,6.2,311.6,58.1,D,0
-21.4058,117.5574,334.9,3.3,1.7,2014-10-02,0303,Terra,MODIS,80,6.2,311.3,102.7,D,0
-21.4305,117.6516,331.3,3.3,1.7,2014-10-02,0303,Terra,MODIS,51,6.2,309.5,71.9,D,0
-21.4018,117.5528,334.5,3.3,1.7,2014-10-02,0303,Terra,MODIS,80,6.2,311.3,100.7,D,0
-21.4131,117.6808,368.7,3.3,1.7,2014-10-02,0303,Terra,MODIS,100,6.2,310.2,555.1,D,0
-21.4288,117.6803,328.7,3.3,1.7,2014-10-02,0303,Terra,MODIS,17,6.2,308.5,69.3,D,0
-21.454,117.6122,333.9,3.3,1.7,2014-10-02,0303,Terra,MODIS,70,6.2,311,98.9,D,0
-21.457,117.6445,328.6,3.3,1.7,2014-10-02,0303,Terra,MODIS,36,6.2,307.8,64.7,D,0
-21.4651,117.6045,328.3,3.3,1.7,2014-10-02,0303,Terra,MODIS,55,6.2,310.4,66.6,D,0
-21.5397,117.5637,333,3.3,1.7,2014-10-02,0303,Terra,MODIS,78,6.2,309.1,97.4,D,0
-21.5522,117.5305,325.4,3.3,1.7,2014-10-02,0303,Terra,MODIS,43,6.2,310.1,38.9,D,0
-21.5484,117.5254,328.2,3.3,1.7,2014-10-02,0303,Terra,MODIS,27,6.2,310.8,52.4,D,0
-21.4917,117.3795,327.5,3.2,1.7,2014-10-02,0303,Terra,MODIS,53,6.2,311.9,49.2,D,0
-21.3452,117.6998,334.6,3.3,1.7,2014-10-02,0303,Terra,MODIS,80,6.2,308.4,114.7,D,0
-21.3401,117.6932,333.3,3.3,1.7,2014-10-02,0303,Terra,MODIS,75,6.2,308.2,102.1,D,0
-21.3556,117.6914,331.3,3.3,1.7,2014-10-02,0303,Terra,MODIS,49,6.2,309.2,85.4,D,0
-21.3587,117.7245,344.7,3.4,1.7,2014-10-02,0303,Terra,MODIS,90,6.2,307.1,209.3,D,0
-21.3869,117.6884,351.8,3.3,1.7,2014-10-02,0303,Terra,MODIS,95,6.2,310.6,282.3,D,0
-21.3899,117.7211,352.7,3.4,1.7,2014-10-02,0303,Terra,MODIS,95,6.2,307.5,300,D,0
-21.4024,117.6866,387.4,3.3,1.7,2014-10-02,0303,Terra,MODIS,100,6.2,314,972.3,D,0
-21.4056,117.7202,364.6,3.4,1.7,2014-10-02,0303,Terra,MODIS,100,6.2,308.2,483.5,D,0
-21.4181,117.6858,351.3,3.3,1.7,2014-10-02,0303,Terra,MODIS,94,6.2,308.1,280.4,D,0
-21.3819,117.6839,336.6,3.3,1.7,2014-10-02,0303,Terra,MODIS,59,6.2,309.8,124.3,D,0
-21.3848,117.7168,339.6,3.4,1.7,2014-10-02,0303,Terra,MODIS,76,6.2,307.3,157.1,D,0
-21.3975,117.6819,364.5,3.3,1.7,2014-10-02,0303,Terra,MODIS,100,6.2,312.9,477.1,D,0
-21.4004,117.7152,381.4,3.4,1.7,2014-10-02,0303,Terra,MODIS,100,6.2,310.2,836.4,D,0
-21.4161,117.7143,342,3.4,1.7,2014-10-02,0303,Terra,MODIS,88,6.2,306.6,187.5,D,0
-21.3422,117.6687,328.4,3.3,1.7,2014-10-02,0303,Terra,MODIS,40,6.2,309.5,61.6,D,0
-21.1619,117.6681,331,3.3,1.7,2014-10-02,0303,Terra,MODIS,65,6.2,311.4,68.5,D,0
-21.1728,117.6602,329.2,3.3,1.7,2014-10-02,0303,Terra,MODIS,59,6.2,310.5,64.1,D,0
-41.601,148.155,304.6,1.1,1,2014-10-02,0403,Aqua,MODIS,59,6.2,286.2,6.7,D,0
-41.3714,147.1089,319.4,1.1,1.1,2014-10-02,0403,Aqua,MODIS,65,6.2,293.4,18.8,D,0
-40.9251,148.0861,314.9,1.1,1,2014-10-02,0403,Aqua,MODIS,75,6.2,292,13.6,D,0
-36.7928,143.5946,324.4,1.5,1.2,2014-10-02,0405,Aqua,MODIS,68,6.2,298.3,29,D,0
-36.7728,143.2191,325.8,1.6,1.2,2014-10-02,0405,Aqua,MODIS,82,6.2,296.5,36,D,0
-36.5515,143.8396,313.7,1.4,1.2,2014-10-02,0405,Aqua,MODIS,47,6.2,300.8,10.6,D,0
-36.5623,143.8414,381.9,1.4,1.2,2014-10-02,0405,Aqua,MODIS,100,6.2,306.1,262.6,D,0
-36.5606,143.8574,356.5,1.4,1.2,2014-10-02,0405,Aqua,MODIS,98,6.2,299.4,120.2,D,0
-36.784,143.2207,325.1,1.6,1.2,2014-10-02,0405,Aqua,MODIS,81,6.2,296.5,34.6,D,0
-36.5169,141.6313,318.3,1.9,1.4,2014-10-02,0405,Aqua,MODIS,72,6.2,290.2,33.5,D,0
-36.7921,143.5889,327.8,1.5,1.2,2014-10-02,0405,Aqua,MODIS,69,6.2,299,36.1,D,0
-36.5248,141.647,315,1.9,1.4,2014-10-02,0405,Aqua,MODIS,48,6.2,293.1,26.4,D,0
-36.7711,143.2367,315.1,1.6,1.2,2014-10-02,0405,Aqua,MODIS,39,6.2,294.1,16.5,D,0
-36.7829,143.5701,315.6,1.5,1.2,2014-10-02,0405,Aqua,MODIS,42,6.2,298,15.2,D,0
-33.7726,151.1833,326.8,1.2,1.1,2014-10-02,0405,Aqua,MODIS,82,6.2,300.3,24.4,D,0
-33.7748,151.1705,320.9,1.2,1.1,2014-10-02,0405,Aqua,MODIS,77,6.2,301.1,16.5,D,0
-33.682,151.2354,310.5,1.2,1.1,2014-10-02,0405,Aqua,MODIS,63,6.2,297,8.3,D,0
-35.3372,148.0906,304,1,1,2014-10-02,0405,Aqua,MODIS,36,6.2,293.6,3.7,D,0
-33.1474,151.1738,306,1.2,1.1,2014-10-02,0405,Aqua,MODIS,48,6.2,294.9,5.8,D,0
-33.4684,148.2324,310.4,1,1,2014-10-02,0405,Aqua,MODIS,45,6.2,298.7,5,D,0
-36.4201,149.4364,309,1,1,2014-10-02,0405,Aqua,MODIS,67,6.2,294.3,7.4,D,0
-36.4185,149.4477,307.5,1,1,2014-10-02,0405,Aqua,MODIS,65,6.2,295.7,6.5,D,0
-32.6893,151.8575,312.6,1.3,1.1,2014-10-02,0405,Aqua,MODIS,66,6.2,294.6,14.6,D,0
-36.1334,143.3752,316.1,1.5,1.2,2014-10-02,0405,Aqua,MODIS,70,6.2,304.7,11,D,0
-31.5677,152.3591,307.2,1.5,1.2,2014-10-02,0406,Aqua,MODIS,37,6.2,294.6,7.5,D,0
-30.2086,152.4984,312.9,1.6,1.3,2014-10-02,0406,Aqua,MODIS,60,6.2,291.4,18.8,D,0
-30.1973,152.496,313.8,1.6,1.3,2014-10-02,0406,Aqua,MODIS,63,6.2,294,20.8,D,0
-30.0117,152.9218,312,1.8,1.3,2014-10-02,0406,Aqua,MODIS,61,6.2,296,16.6,D,0
-30.0081,152.9406,332.8,1.8,1.3,2014-10-02,0406,Aqua,MODIS,86,6.2,297,65.4,D,0
-29.705,152.8392,313.7,1.8,1.3,2014-10-02,0406,Aqua,MODIS,63,6.2,298.7,15.9,D,0
-30.0094,152.9526,312.9,1.8,1.3,2014-10-02,0406,Aqua,MODIS,53,6.2,296.1,16.9,D,0
-30.0128,152.9345,329,1.8,1.3,2014-10-02,0406,Aqua,MODIS,83,6.2,297.8,53.8,D,0
-31.8109,148.4085,322.3,1,1,2014-10-02,0406,Aqua,MODIS,70,6.2,308,9.3,D,0
-29.7247,151.3371,317.6,1.4,1.2,2014-10-02,0406,Aqua,MODIS,58,6.2,303.8,10.3,D,0
-30.3021,149.2102,319.7,1.1,1,2014-10-02,0406,Aqua,MODIS,39,6.2,307.4,6.2,D,0
-28.9919,149.1071,322.2,1.1,1.1,2014-10-02,0407,Aqua,MODIS,34,6.2,310.3,4.1,D,0
-25.2387,150.359,325.6,1.5,1.2,2014-10-02,0407,Aqua,MODIS,69,6.2,306,22.8,D,0
-25.279,150.1293,318,1.4,1.2,2014-10-02,0407,Aqua,MODIS,39,6.2,303.7,10.1,D,0
-26.4867,141.8247,334.7,1.4,1.2,2014-10-02,0407,Aqua,MODIS,78,6.2,313.2,31.8,D,0
-27.8357,149.2827,322.3,1.2,1.1,2014-10-02,0407,Aqua,MODIS,26,6.2,310.7,7.5,D,0
-27.8454,149.2847,328.5,1.2,1.1,2014-10-02,0407,Aqua,MODIS,71,6.2,311,16.8,D,0
-28.4305,148.6424,339.3,1.1,1,2014-10-02,0407,Aqua,MODIS,84,6.2,314.3,29,D,0
-25.3905,149.8994,324.1,1.4,1.2,2014-10-02,0407,Aqua,MODIS,54,6.2,311,14.3,D,0
-27.7765,147.4395,329.8,1,1,2014-10-02,0407,Aqua,MODIS,70,6.2,317.1,10.5,D,0
-27.7856,147.4413,350.5,1,1,2014-10-02,0407,Aqua,MODIS,94,6.2,317.3,46.6,D,0
-25.4009,149.9016,344.6,1.4,1.2,2014-10-02,0407,Aqua,MODIS,91,6.2,311.9,61.1,D,0
-27.5958,148.3013,335.3,1.1,1,2014-10-02,0407,Aqua,MODIS,80,6.2,318.3,18.6,D,0
-26.378,150.0652,329,1.4,1.2,2014-10-02,0407,Aqua,MODIS,70,6.2,308.2,24,D,0
-26.5543,146.0558,331.5,1,1,2014-10-02,0407,Aqua,MODIS,74,6.2,314.6,15.6,D,0
-26.4851,141.8387,338.3,1.4,1.2,2014-10-02,0407,Aqua,MODIS,83,6.2,314.6,41.2,D,0
-25.7369,147.4026,327.3,1.1,1,2014-10-02,0407,Aqua,MODIS,31,6.2,312.3,10.8,D,0
-26.7491,149.0906,330.5,1.2,1.1,2014-10-02,0407,Aqua,MODIS,70,6.2,316.9,16.2,D,0
-27.0494,147.981,328.6,1.1,1,2014-10-02,0407,Aqua,MODIS,69,6.2,314.7,13.5,D,0
-28.3789,149.2272,329.2,1.2,1.1,2014-10-02,0407,Aqua,MODIS,71,6.2,314.9,14.9,D,0
-26.5529,146.0658,326.2,1,1,2014-10-02,0407,Aqua,MODIS,60,6.2,314.3,9.2,D,0
-26.5054,141.7555,327.5,1.4,1.2,2014-10-02,0407,Aqua,MODIS,57,6.2,314.5,16.2,D,0
-25.1989,151.1673,336.7,1.7,1.3,2014-10-02,0407,Aqua,MODIS,85,6.2,303.3,58.5,D,0
-26.0683,146.7977,327,1,1,2014-10-02,0407,Aqua,MODIS,46,6.2,314.8,9.5,D,0
-26.0698,146.7876,351.6,1,1,2014-10-02,0407,Aqua,MODIS,94,6.2,316.6,51.1,D,0
-25.2413,150.3442,322.6,1.5,1.2,2014-10-02,0407,Aqua,MODIS,50,6.2,307.3,15.9,D,0
-26.4136,146.7033,327.3,1,1,2014-10-02,0407,Aqua,MODIS,64,6.2,314.7,8.3,D,0
-26.5385,141.7956,330.9,1.4,1.2,2014-10-02,0407,Aqua,MODIS,60,6.2,314.3,21.8,D,0
-26.8228,152.1335,353.1,1.8,1.3,2014-10-02,0407,Aqua,MODIS,96,6.2,300.9,149.4,D,0
-26.8286,152.1279,327.1,1.8,1.3,2014-10-02,0407,Aqua,MODIS,73,6.2,297.8,43.2,D,0
-26.8135,152.1429,330.1,1.8,1.3,2014-10-02,0407,Aqua,MODIS,78,6.2,296.1,56.8,D,0
-26.5491,141.7971,369.5,1.4,1.2,2014-10-02,0407,Aqua,MODIS,100,6.2,317.6,162.7,D,0
-25.3282,150.5078,325,1.5,1.2,2014-10-02,0407,Aqua,MODIS,71,6.2,305.5,22.8,D,0
-25.3256,150.5228,320.9,1.5,1.2,2014-10-02,0407,Aqua,MODIS,51,6.2,304.7,13.6,D,0
-26.4332,141.783,348.3,1.4,1.2,2014-10-02,0408,Aqua,MODIS,92,6.2,318.2,67.2,D,0
-23.1958,147.3375,326.2,1.1,1,2014-10-02,0408,Aqua,MODIS,59,6.2,312.2,9.6,D,0
-25.1355,149.0469,321.7,1.3,1.1,2014-10-02,0408,Aqua,MODIS,28,6.2,307.6,11,D,0
-25.3965,148.3304,326.8,1.1,1.1,2014-10-02,0408,Aqua,MODIS,69,6.2,312.1,12,D,0
-22.9642,150.4748,324.8,1.7,1.3,2014-10-02,0408,Aqua,MODIS,62,6.2,299.4,33.6,D,0
-22.9679,150.4701,324,1.7,1.3,2014-10-02,0408,Aqua,MODIS,43,6.2,297.9,29.5,D,0
-24.1083,150.6078,328.2,1.6,1.3,2014-10-02,0408,Aqua,MODIS,75,6.2,299.2,39.5,D,0
-23.4796,148.5787,322.3,1.3,1.1,2014-10-02,0408,Aqua,MODIS,57,6.2,307,8.7,D,0
-26.4242,141.7674,359.8,1.4,1.2,2014-10-02,0408,Aqua,MODIS,99,6.2,318.1,115.4,D,0
-24.111,150.5926,322.4,1.6,1.3,2014-10-02,0408,Aqua,MODIS,62,6.2,296.7,25.6,D,0
-25.1468,149.0433,322.9,1.3,1.1,2014-10-02,0408,Aqua,MODIS,41,6.2,308.7,11.8,D,0
-26.4014,141.7785,345,1.4,1.2,2014-10-02,0408,Aqua,MODIS,89,6.2,314.5,59.1,D,0
-25.2822,149.0895,321.8,1.3,1.1,2014-10-02,0408,Aqua,MODIS,49,6.2,306,12.6,D,0
-26.4522,141.748,350.4,1.4,1.2,2014-10-02,0408,Aqua,MODIS,93,6.2,317.3,78.3,D,0
-25.6289,146.5918,361.4,1,1,2014-10-02,0408,Aqua,MODIS,100,6.2,315.7,71.7,D,0
-26.4226,141.7815,362.9,1.4,1.2,2014-10-02,0408,Aqua,MODIS,100,6.2,319.3,127.1,D,0
-24.1362,146.8427,325.5,1,1,2014-10-02,0408,Aqua,MODIS,36,6.2,308.3,8.9,D,0
-26.4507,141.7622,349,1.4,1.2,2014-10-02,0408,Aqua,MODIS,92,6.2,316.6,71.9,D,0
-26.4385,141.7748,346.5,1.4,1.2,2014-10-02,0408,Aqua,MODIS,91,6.2,318.4,63.1,D,0
-26.44,141.7606,355.8,1.4,1.2,2014-10-02,0408,Aqua,MODIS,97,6.2,318.1,97.4,D,0
-26.4416,141.7464,354,1.4,1.2,2014-10-02,0408,Aqua,MODIS,96,6.2,313.6,91.7,D,0
-26.4488,141.742,338.9,1.4,1.2,2014-10-02,0408,Aqua,MODIS,83,6.2,316,42.5,D,0
-26.4348,141.7689,366.2,1.4,1.2,2014-10-02,0408,Aqua,MODIS,100,6.2,321.6,144.2,D,0
-26.4365,141.7547,363.7,1.4,1.2,2014-10-02,0408,Aqua,MODIS,100,6.2,318.9,133.8,D,0
-26.4259,141.7532,335.2,1.4,1.2,2014-10-02,0408,Aqua,MODIS,79,6.2,313.2,35.1,D,0
-26.4136,141.7659,392,1.4,1.2,2014-10-02,0408,Aqua,MODIS,100,6.2,322.5,319.4,D,0
-26.403,141.7644,364.9,1.4,1.2,2014-10-02,0408,Aqua,MODIS,100,6.2,312.2,140.3,D,0
-24.5343,150.7505,323.4,1.6,1.3,2014-10-02,0408,Aqua,MODIS,68,6.2,304.7,16.5,D,0
-23.8513,147.2734,342.5,1.1,1,2014-10-02,0408,Aqua,MODIS,87,6.2,311.3,35.2,D,0
-23.8529,147.2628,372.4,1.1,1,2014-10-02,0408,Aqua,MODIS,100,6.2,312.8,122.7,D,0
-23.8419,147.2718,330.9,1.1,1,2014-10-02,0408,Aqua,MODIS,44,6.2,312.7,16.5,D,0
-23.8436,147.2613,328.3,1.1,1,2014-10-02,0408,Aqua,MODIS,28,6.2,310.5,14.1,D,0
-26.4471,141.7562,366.2,1.4,1.2,2014-10-02,0408,Aqua,MODIS,100,6.2,318.5,145.2,D,0
-26.412,141.78,388.6,1.4,1.2,2014-10-02,0408,Aqua,MODIS,100,6.2,321.8,288.2,D,0
-24.1271,146.841,331.7,1,1,2014-10-02,0408,Aqua,MODIS,61,6.2,308.7,17.2,D,0
-24.1286,146.8308,332.9,1,1,2014-10-02,0408,Aqua,MODIS,75,6.2,308.7,18.7,D,0
-24.1195,146.8291,327,1,1,2014-10-02,0408,Aqua,MODIS,51,6.2,307.8,11.9,D,0
-25.6485,146.5851,362.9,1,1,2014-10-02,0408,Aqua,MODIS,100,6.2,318,76.5,D,0
-21.8878,149.4411,319.9,1.5,1.2,2014-10-02,0408,Aqua,MODIS,31,6.2,299.6,17.4,D,0
-24.7146,149.1706,327.9,1.3,1.1,2014-10-02,0408,Aqua,MODIS,75,6.2,310.2,17.5,D,0
-22.9156,149.1857,350,1.4,1.2,2014-10-02,0408,Aqua,MODIS,94,6.2,308.2,80.6,D,0
-22.9179,149.1723,341,1.4,1.2,2014-10-02,0408,Aqua,MODIS,88,6.2,307.1,52.7,D,0
-22.9052,149.1837,320.1,1.4,1.2,2014-10-02,0408,Aqua,MODIS,42,6.2,305,9.9,D,0
-22.9078,149.1912,336.1,1.4,1.2,2014-10-02,0408,Aqua,MODIS,83,6.2,306.1,41,D,0
-22.9101,149.1777,345.3,1.4,1.2,2014-10-02,0408,Aqua,MODIS,91,6.2,306.9,65.4,D,0
-22.9123,149.1643,326.9,1.4,1.2,2014-10-02,0408,Aqua,MODIS,71,6.2,304.3,20.8,D,0
-22.8534,149.1944,326,1.4,1.2,2014-10-02,0408,Aqua,MODIS,69,6.2,306.8,17.9,D,0
-22.8556,149.1809,332.2,1.4,1.2,2014-10-02,0408,Aqua,MODIS,79,6.2,306.2,30.1,D,0
-22.867,149.114,335.8,1.4,1.2,2014-10-02,0408,Aqua,MODIS,77,6.2,306.8,35.2,D,0
-22.8692,149.1009,337.7,1.4,1.2,2014-10-02,0408,Aqua,MODIS,84,6.2,303.7,41.7,D,0
-22.8566,149.1119,339.1,1.4,1.2,2014-10-02,0408,Aqua,MODIS,86,6.2,306.8,41.9,D,0
-22.8589,149.0986,344.5,1.4,1.2,2014-10-02,0408,Aqua,MODIS,90,6.2,305,59.4,D,0
-22.8612,149.0852,328,1.4,1.2,2014-10-02,0408,Aqua,MODIS,41,6.2,302.2,22.8,D,0
-24.7125,149.1833,324.7,1.3,1.1,2014-10-02,0408,Aqua,MODIS,69,6.2,311,12.2,D,0
-22.8186,149.1457,337,1.4,1.2,2014-10-02,0408,Aqua,MODIS,84,6.2,306,39.3,D,0
-22.8247,149.1412,328.8,1.4,1.2,2014-10-02,0408,Aqua,MODIS,58,6.2,306.2,22,D,0
-22.812,149.1528,328.1,1.4,1.2,2014-10-02,0408,Aqua,MODIS,73,6.2,305.7,21.3,D,0
-24.097,150.6057,318.3,1.6,1.3,2014-10-02,0408,Aqua,MODIS,25,6.2,298.7,17.6,D,0
-25.2867,149.4917,338.9,1.3,1.1,2014-10-02,0408,Aqua,MODIS,87,6.2,306.9,44.8,D,0
-23.0317,147.4904,338.3,1.1,1.1,2014-10-02,0408,Aqua,MODIS,84,6.2,311.7,29.2,D,0
-23.0335,147.4795,351.1,1.1,1.1,2014-10-02,0408,Aqua,MODIS,94,6.2,311.7,58.2,D,0
-23.0223,147.4886,330,1.1,1.1,2014-10-02,0408,Aqua,MODIS,72,6.2,311.1,15.7,D,0
-23.024,147.4777,340.8,1.1,1.1,2014-10-02,0408,Aqua,MODIS,86,6.2,311.3,35.4,D,0
-23.7937,147.2736,332.6,1.1,1,2014-10-02,0408,Aqua,MODIS,76,6.2,310.6,20.3,D,0
-25.3028,148.2828,323.4,1.1,1.1,2014-10-02,0408,Aqua,MODIS,34,6.2,312.2,8.3,D,0
-23.0436,150.3589,333.8,1.6,1.3,2014-10-02,0408,Aqua,MODIS,82,6.2,296.6,54.6,D,0
-21.5184,149.3126,323,1.5,1.2,2014-10-02,0409,Aqua,MODIS,53,6.2,299.8,24.3,D,0
-15.3395,143.5381,481,1,1,2014-10-02,0410,Aqua,MODIS,100,6.2,342.2,1188.5,D,0
-15.3015,143.6743,330.1,1,1,2014-10-02,0410,Aqua,MODIS,54,6.2,309.5,13.6,D,0
-15.5113,145.0643,330.5,1.1,1,2014-10-02,0410,Aqua,MODIS,76,6.2,305.2,16.7,D,0
-16.0095,144.4917,343.8,1,1,2014-10-02,0410,Aqua,MODIS,87,6.2,312.7,34.6,D,0
-15.2292,145.162,348.8,1.1,1,2014-10-02,0410,Aqua,MODIS,88,6.2,297.2,56.9,D,0
-15.2629,145.1744,335.2,1.1,1,2014-10-02,0410,Aqua,MODIS,66,6.2,299.4,29.2,D,0
-15.5006,145.0726,341.6,1.1,1,2014-10-02,0410,Aqua,MODIS,88,6.2,306.7,36.4,D,0
-15.3278,143.5553,377.1,1,1,2014-10-02,0410,Aqua,MODIS,100,6.2,315.6,123,D,0
-15.3355,143.5659,350.9,1,1,2014-10-02,0410,Aqua,MODIS,94,6.2,315,43.7,D,0
-15.3471,143.5488,348.7,1,1,2014-10-02,0410,Aqua,MODIS,92,6.2,307.2,42.1,D,0
-15.3368,143.5566,380.7,1,1,2014-10-02,0410,Aqua,MODIS,100,6.2,318.3,136.5,D,0
-15.3521,143.578,341.6,1,1,2014-10-02,0410,Aqua,MODIS,79,6.2,309.9,26,D,0
-15.3408,143.5289,329.5,1,1,2014-10-02,0410,Aqua,MODIS,70,6.2,304,13.2,D,0
-18.275,145.9595,318.8,1.1,1,2014-10-02,0410,Aqua,MODIS,29,6.2,304.7,9.1,D,0
-15.3391,143.6044,343.3,1,1,2014-10-02,0410,Aqua,MODIS,78,6.2,312.7,29.2,D,0
-16.0172,144.5029,333,1,1,2014-10-02,0410,Aqua,MODIS,59,6.2,311.8,16.3,D,0
-15.3405,143.5951,337.7,1,1,2014-10-02,0410,Aqua,MODIS,59,6.2,316,18.7,D,0
-15.3458,143.558,339.9,1,1,2014-10-02,0410,Aqua,MODIS,85,6.2,306.9,24.6,D,0
-15.1357,145.0493,322.5,1.1,1,2014-10-02,0410,Aqua,MODIS,35,6.2,296.6,13.1,D,0
-15.3508,143.5872,339.8,1,1,2014-10-02,0410,Aqua,MODIS,71,6.2,311.5,22.9,D,0
-15.3042,143.6557,338.7,1,1,2014-10-02,0410,Aqua,MODIS,84,6.2,309.2,26,D,0
-16.011,144.4822,340.7,1,1,2014-10-02,0410,Aqua,MODIS,85,6.2,312.2,28.3,D,0
-15.5098,145.0741,324.4,1.1,1,2014-10-02,0410,Aqua,MODIS,47,6.2,304.5,10.2,D,0
-15.2182,143.6735,328.2,1,1,2014-10-02,0410,Aqua,MODIS,69,6.2,312,9.1,D,0
-15.4914,145.0708,328.8,1.1,1,2014-10-02,0410,Aqua,MODIS,49,6.2,302.4,16.6,D,0
-15.1342,145.0592,337.3,1.1,1,2014-10-02,0410,Aqua,MODIS,84,6.2,299.4,34,D,0
-15.2631,143.6806,333.6,1,1,2014-10-02,0410,Aqua,MODIS,78,6.2,312.4,16.5,D,0
-15.3534,143.5687,342.2,1,1,2014-10-02,0410,Aqua,MODIS,82,6.2,309.6,27.3,D,0
-15.1557,145.0423,334.2,1.1,1,2014-10-02,0410,Aqua,MODIS,61,6.2,298.2,26.6,D,0
-15.2516,145.0126,333.6,1.1,1,2014-10-02,0410,Aqua,MODIS,75,6.2,298.3,27.8,D,0
-15.2116,145.0263,346,1.1,1,2014-10-02,0410,Aqua,MODIS,78,6.2,301.6,46.2,D,0
-16.0444,144.5073,330.2,1,1,2014-10-02,0410,Aqua,MODIS,68,6.2,315.4,9.7,D,0
-15.3484,143.5395,343.1,1,1,2014-10-02,0410,Aqua,MODIS,88,6.2,303.9,32.5,D,0
-15.3265,143.5645,338.5,1,1,2014-10-02,0410,Aqua,MODIS,64,6.2,310.8,20.5,D,0
-15.165,145.0436,330.8,1.1,1,2014-10-02,0410,Aqua,MODIS,61,6.2,299.5,22.1,D,0
-15.2194,145.0376,331.6,1.1,1,2014-10-02,0410,Aqua,MODIS,37,6.2,301.8,20.2,D,0
-18.2657,145.958,336.9,1.1,1,2014-10-02,0410,Aqua,MODIS,85,6.2,305.8,32.3,D,0
-16.0019,144.4808,337.7,1,1,2014-10-02,0410,Aqua,MODIS,84,6.2,310.3,26.1,D,0
-18.2673,145.9477,417.1,1.1,1,2014-10-02,0410,Aqua,MODIS,100,6.2,313.4,410.1,D,0
-15.3028,143.665,345.1,1,1,2014-10-02,0410,Aqua,MODIS,90,6.2,310.5,37.4,D,0
-15.3305,143.5367,434.4,1,1,2014-10-02,0410,Aqua,MODIS,100,6.2,323.3,514,D,0
-15.3292,143.546,409,1,1,2014-10-02,0410,Aqua,MODIS,100,6.2,321.6,294,D,0
-18.2766,145.949,362.7,1.1,1,2014-10-02,0410,Aqua,MODIS,100,6.2,306.9,97.3,D,0
-18.2689,145.9375,341.2,1.1,1,2014-10-02,0410,Aqua,MODIS,88,6.2,301.8,42.1,D,0
-15.3431,143.5766,338.3,1,1,2014-10-02,0410,Aqua,MODIS,69,6.2,312.2,19.5,D,0
-16.0081,144.5013,333.7,1,1,2014-10-02,0410,Aqua,MODIS,52,6.2,310.6,18.9,D,0
-15.3381,143.5474,451.5,1,1,2014-10-02,0410,Aqua,MODIS,100,6.2,335.5,713.4,D,0
-15.2195,143.6643,345.7,1,1,2014-10-02,0410,Aqua,MODIS,90,6.2,312,36.3,D,0
-15.1743,145.0451,325.2,1.1,1,2014-10-02,0410,Aqua,MODIS,42,6.2,297.8,14.3,D,0
-15.3318,143.5275,326.4,1,1,2014-10-02,0410,Aqua,MODIS,51,6.2,304.8,9.5,D,0
-15.6592,145.3048,335.6,1.1,1,2014-10-02,0410,Aqua,MODIS,76,6.2,300,31.9,D,0
-15.0296,145.1378,336.2,1.1,1,2014-10-02,0410,Aqua,MODIS,84,6.2,300.7,30.5,D,0
-15.0188,145.1463,334.2,1.1,1,2014-10-02,0410,Aqua,MODIS,82,6.2,301.3,26.3,D,0
-15.6685,145.3063,326,1.1,1,2014-10-02,0410,Aqua,MODIS,59,6.2,300.9,17.5,D,0
-15.667,145.3163,322,1.1,1,2014-10-02,0410,Aqua,MODIS,24,6.2,297.2,12.5,D,0
-15.6873,145.3085,327,1.1,1,2014-10-02,0410,Aqua,MODIS,47,6.2,298,20.4,D,0
-15.6918,145.3151,319.9,1.1,1,2014-10-02,0410,Aqua,MODIS,35,6.2,296.1,14.1,D,0
-15.0389,145.1393,340.2,1.1,1,2014-10-02,0410,Aqua,MODIS,87,6.2,301.2,37.7,D,0
-15.9656,144.421,353.7,1,1,2014-10-02,0410,Aqua,MODIS,96,6.2,315,53.4,D,0
-15.1946,145.0136,343.2,1.1,1,2014-10-02,0410,Aqua,MODIS,89,6.2,298.8,45,D,0
-15.2038,145.015,338.3,1.1,1,2014-10-02,0410,Aqua,MODIS,68,6.2,303.8,33.5,D,0
-15.9629,144.4399,335.4,1,1,2014-10-02,0410,Aqua,MODIS,81,6.2,312.1,19.5,D,0
-15.6805,144.5412,328.7,1,1,2014-10-02,0410,Aqua,MODIS,22,6.2,308.3,11.1,D,0
-15.9761,144.4131,340.1,1,1,2014-10-02,0410,Aqua,MODIS,86,6.2,315,26,D,0
-15.967,144.4116,343.4,1,1,2014-10-02,0410,Aqua,MODIS,89,6.2,314.2,31.9,D,0
-15.4667,145.046,330.1,1.1,1,2014-10-02,0410,Aqua,MODIS,73,6.2,303.1,20.7,D,0
-15.4806,145.079,322.3,1.1,1,2014-10-02,0410,Aqua,MODIS,48,6.2,302,10.9,D,0
-15.2023,145.0249,335.1,1.1,1,2014-10-02,0410,Aqua,MODIS,58,6.2,291.4,26.7,D,0
-15.5302,145.1283,326,1.1,1,2014-10-02,0410,Aqua,MODIS,53,6.2,308.3,9.2,D,0
-15.9954,144.2812,335.7,1,1,2014-10-02,0410,Aqua,MODIS,81,6.2,311.4,21.2,D,0
-15.9864,144.2797,335.7,1,1,2014-10-02,0410,Aqua,MODIS,81,6.2,312.6,21.4,D,0
-15.6882,144.5522,329.2,1,1,2014-10-02,0410,Aqua,MODIS,38,6.2,307.5,12.8,D,0
-15.9788,144.3942,336,1,1,2014-10-02,0410,Aqua,MODIS,82,6.2,311.1,20.7,D,0
-15.9774,144.4037,347.5,1,1,2014-10-02,0410,Aqua,MODIS,92,6.2,315.4,40.5,D,0
-15.9698,144.3928,334,1,1,2014-10-02,0410,Aqua,MODIS,73,6.2,311.6,18.4,D,0
-15.9684,144.4022,357.6,1,1,2014-10-02,0410,Aqua,MODIS,98,6.2,316.6,64.6,D,0
-15.9593,144.4008,326.6,1,1,2014-10-02,0410,Aqua,MODIS,42,6.2,312.6,9.9,D,0
-15.5317,145.1183,329.4,1.1,1,2014-10-02,0410,Aqua,MODIS,67,6.2,305.1,14.2,D,0
-15.7703,144.0539,326.1,1,1,2014-10-02,0410,Aqua,MODIS,61,6.2,313.7,9.6,D,0
-15.0133,144.9315,348.4,1.1,1,2014-10-02,0410,Aqua,MODIS,93,6.2,299,55.4,D,0
-15.2783,145.1359,326.4,1.1,1,2014-10-02,0410,Aqua,MODIS,69,6.2,298.2,17.9,D,0
-12.7476,141.839,331.1,1,1,2014-10-02,0411,Aqua,MODIS,77,6.2,307.3,17.6,D,0
-12.7489,141.8296,337.4,1,1,2014-10-02,0411,Aqua,MODIS,84,6.2,308.9,27.4,D,0
-12.7398,141.8282,347,1,1,2014-10-02,0411,Aqua,MODIS,92,6.2,306.8,46.1,D,0
-12.7502,141.8202,331.4,1,1,2014-10-02,0411,Aqua,MODIS,77,6.2,307.4,19.5,D,0
-12.7411,141.8188,354.8,1,1,2014-10-02,0411,Aqua,MODIS,97,6.2,308.7,64.6,D,0
-12.3887,136.5025,325.9,2.1,1.4,2014-10-02,0411,Aqua,MODIS,68,6.2,304,33.9,D,0
-13.0732,141.8729,335.4,1,1,2014-10-02,0411,Aqua,MODIS,80,6.2,312,17.8,D,0
-12.4014,136.5042,323.2,2.1,1.4,2014-10-02,0411,Aqua,MODIS,62,6.2,304.4,27.9,D,0
-13.4456,142.0388,328.1,1,1,2014-10-02,0411,Aqua,MODIS,66,6.2,309.1,12.8,D,0
-13.4469,142.0294,326.7,1,1,2014-10-02,0411,Aqua,MODIS,39,6.2,309.9,10.4,D,0
-13.594,141.9709,329.8,1,1,2014-10-02,0411,Aqua,MODIS,74,6.2,309,11.1,D,0
-12.8428,135.0499,330.2,2.8,1.6,2014-10-02,0411,Aqua,MODIS,75,6.2,309.5,57.4,D,0
-13.5625,142.0626,329.3,1,1,2014-10-02,0411,Aqua,MODIS,31,6.2,311.6,11.9,D,0
-12.9411,135.7767,337.6,2.4,1.5,2014-10-02,0411,Aqua,MODIS,84,6.2,308.1,88.8,D,0
-12.3985,136.5166,325.5,2.1,1.4,2014-10-02,0411,Aqua,MODIS,49,6.2,304.3,30.4,D,0
-12.7208,135.5719,332.3,2.5,1.5,2014-10-02,0411,Aqua,MODIS,53,6.2,310,49.4,D,0
-12.9736,135.7352,329.8,2.5,1.5,2014-10-02,0411,Aqua,MODIS,61,6.2,306.5,43.5,D,0
-12.2211,141.9249,327,1,1,2014-10-02,0411,Aqua,MODIS,47,6.2,311.8,12.3,D,0
-12.9327,135.7301,359,2.5,1.5,2014-10-02,0411,Aqua,MODIS,99,6.2,307.6,247.2,D,0
-13.397,134.281,330.2,3.2,1.7,2014-10-02,0411,Aqua,MODIS,74,6.2,308.6,80.2,D,0
-13.4,134.2745,333.1,3.2,1.7,2014-10-02,0411,Aqua,MODIS,79,6.2,308.3,102.3,D,0
-12.9369,135.7486,332.8,2.5,1.5,2014-10-02,0411,Aqua,MODIS,56,6.2,308.5,60.1,D,0
-13.4197,142.0254,324.6,1,1,2014-10-02,0411,Aqua,MODIS,28,6.2,306.9,7.2,D,0
-13.4119,142.0146,332.7,1,1,2014-10-02,0411,Aqua,MODIS,65,6.2,307.5,17,D,0
-13.4132,142.0052,341.7,1,1,2014-10-02,0411,Aqua,MODIS,88,6.2,307.5,30.8,D,0
-13.4049,142.0079,331.8,1,1,2014-10-02,0411,Aqua,MODIS,77,6.2,307.9,18.1,D,0
-13.4063,141.9984,333.2,1,1,2014-10-02,0411,Aqua,MODIS,78,6.2,307.5,19.6,D,0
-13.3985,141.9877,335.9,1,1,2014-10-02,0411,Aqua,MODIS,81,6.2,308,23.2,D,0
-13.3998,141.9782,346.1,1,1,2014-10-02,0411,Aqua,MODIS,91,6.2,309.5,41.5,D,0
-12.926,135.7242,343.2,2.5,1.5,2014-10-02,0411,Aqua,MODIS,89,6.2,304.8,123.6,D,0
-13.5365,135.5808,338.5,2.6,1.5,2014-10-02,0411,Aqua,MODIS,84,6.2,309.5,104.7,D,0
-14.5192,144.4326,337.2,1,1,2014-10-02,0411,Aqua,MODIS,84,6.2,302.2,28.7,D,0
-14.5178,144.4421,337.5,1,1,2014-10-02,0411,Aqua,MODIS,82,6.2,302.2,28.3,D,0
-13.6266,142.0586,338.5,1,1,2014-10-02,0411,Aqua,MODIS,85,6.2,309.9,25.3,D,0
-14.5164,144.4516,332.4,1,1,2014-10-02,0411,Aqua,MODIS,59,6.2,303.5,19.3,D,0
-14.5283,144.434,324.2,1,1,2014-10-02,0411,Aqua,MODIS,57,6.2,303,11.5,D,0
-13.005,136.0145,323.5,2.3,1.5,2014-10-02,0411,Aqua,MODIS,43,6.2,305,21.6,D,0
-12.9396,135.7259,334.5,2.5,1.5,2014-10-02,0411,Aqua,MODIS,65,6.2,307.8,66.3,D,0
-14.5073,144.4501,327.9,1,1,2014-10-02,0411,Aqua,MODIS,33,6.2,302.7,13.8,D,0
-13.3816,134.2795,338.2,3.2,1.7,2014-10-02,0411,Aqua,MODIS,84,6.2,307.4,143.1,D,0
-12.9233,135.747,344.4,2.5,1.5,2014-10-02,0411,Aqua,MODIS,90,6.2,308.6,134.5,D,0
-13.5146,142.0074,327.8,1,1,2014-10-02,0411,Aqua,MODIS,62,6.2,302.9,13.9,D,0
-13.525,141.9993,341.8,1,1,2014-10-02,0411,Aqua,MODIS,88,6.2,305.5,33.7,D,0
-13.4978,141.9309,331.1,1,1,2014-10-02,0411,Aqua,MODIS,74,6.2,306.3,15.7,D,0
-13.0837,141.8648,331.6,1,1,2014-10-02,0411,Aqua,MODIS,74,6.2,312,13.8,D,0
-13.085,141.8554,335.5,1,1,2014-10-02,0411,Aqua,MODIS,80,6.2,312.2,19,D,0
-13.4104,141.9026,327.1,1,1,2014-10-02,0411,Aqua,MODIS,31,6.2,308,8.5,D,0
-13.3791,141.927,333.3,1,1,2014-10-02,0411,Aqua,MODIS,73,6.2,306.8,19.2,D,0
-12.9165,135.7511,335.2,2.5,1.5,2014-10-02,0411,Aqua,MODIS,80,6.2,307.3,76,D,0
-14.4512,132.2959,336.7,4.7,2,2014-10-02,0411,Aqua,MODIS,83,6.2,308.2,227.7,D,0
-14.4354,132.2894,324.5,4.7,2,2014-10-02,0411,Aqua,MODIS,54,6.2,307.5,74.9,D,0
-14.4499,132.3032,336.4,4.7,2,2014-10-02,0411,Aqua,MODIS,82,6.2,308.3,224.3,D,0
-12.1772,141.8425,325.5,1,1,2014-10-02,0411,Aqua,MODIS,38,6.2,303,10.3,D,0
-12.1785,141.8332,331.9,1,1,2014-10-02,0411,Aqua,MODIS,79,6.2,305.4,19.7,D,0
-12.8406,135.0447,334.6,2.8,1.6,2014-10-02,0411,Aqua,MODIS,81,6.2,309.8,84,D,0
-13.3846,134.273,350.8,3.2,1.7,2014-10-02,0411,Aqua,MODIS,94,6.2,308.2,273.5,D,0
-13.6033,141.9587,329.3,1,1,2014-10-02,0411,Aqua,MODIS,73,6.2,306.3,12,D,0
-12.9301,135.7528,334.3,2.5,1.5,2014-10-02,0411,Aqua,MODIS,62,6.2,308.3,67,D,0
-12.5386,142.2796,326.9,1,1,2014-10-02,0411,Aqua,MODIS,48,6.2,310.5,9.2,D,0
-13.089,142.9394,322.3,1,1,2014-10-02,0411,Aqua,MODIS,14,6.2,304.9,7.3,D,0
-13.0903,142.9302,328,1,1,2014-10-02,0411,Aqua,MODIS,63,6.2,307.1,12.6,D,0
-13.5056,141.9417,327.9,1,1,2014-10-02,0411,Aqua,MODIS,55,6.2,304.2,12.1,D,0
-14.291,143.4723,326,1,1,2014-10-02,0411,Aqua,MODIS,34,6.2,310.5,9.5,D,0
-14.1677,143.4938,332.7,1,1,2014-10-02,0411,Aqua,MODIS,39,6.2,311.1,15,D,0
-13.4991,141.9214,325.7,1,1,2014-10-02,0411,Aqua,MODIS,54,6.2,305.8,8.4,D,0
-12.1642,141.8691,332.3,1,1,2014-10-02,0411,Aqua,MODIS,56,6.2,308.2,16.1,D,0
-12.1629,141.8784,345,1,1,2014-10-02,0411,Aqua,MODIS,91,6.2,311.4,37,D,0
-13.5338,135.604,326.2,2.6,1.5,2014-10-02,0411,Aqua,MODIS,27,6.2,311.1,36.7,D,0
-14.1394,143.4989,333.8,1,1,2014-10-02,0411,Aqua,MODIS,77,6.2,310.5,17.5,D,0
-12.9709,135.7578,339.5,2.5,1.5,2014-10-02,0411,Aqua,MODIS,86,6.2,306.9,97.2,D,0
-13.5953,141.9615,328.6,1,1,2014-10-02,0411,Aqua,MODIS,72,6.2,308.6,9.8,D,0
-13.3881,134.2432,343.5,3.3,1.7,2014-10-02,0411,Aqua,MODIS,89,6.2,305.9,194.3,D,0
-14.2218,143.4427,332.9,1,1,2014-10-02,0411,Aqua,MODIS,45,6.2,310.8,14.9,D,0
-14.1305,143.4975,331.2,1,1,2014-10-02,0411,Aqua,MODIS,71,6.2,309.7,13.9,D,0
-13.4003,134.2513,344.3,3.3,1.7,2014-10-02,0411,Aqua,MODIS,90,6.2,307.6,203.1,D,0
-13.3849,134.2498,347.7,3.3,1.7,2014-10-02,0411,Aqua,MODIS,92,6.2,306.3,238.2,D,0
-13.4035,134.2448,330.3,3.3,1.7,2014-10-02,0411,Aqua,MODIS,75,6.2,306.4,81.9,D,0
-12.4181,141.8968,370,1,1,2014-10-02,0411,Aqua,MODIS,100,6.2,311.7,102.8,D,0
-12.4194,141.8875,351.2,1,1,2014-10-02,0411,Aqua,MODIS,95,6.2,313.1,49.9,D,0
-13.602,141.9682,325.5,1,1,2014-10-02,0411,Aqua,MODIS,58,6.2,308,6.9,D,0
-12.6144,142.8459,332.2,1,1,2014-10-02,0411,Aqua,MODIS,79,6.2,305.2,19.6,D,0
-14.153,133.9739,329.1,3.5,1.8,2014-10-02,0411,Aqua,MODIS,62,6.2,308,68.3,D,0
-14.1819,133.7686,326.5,3.6,1.8,2014-10-02,0411,Aqua,MODIS,59,6.2,307.3,52.7,D,0
-14.1741,133.775,343.3,3.6,1.8,2014-10-02,0411,Aqua,MODIS,89,6.2,307.8,210.9,D,0
-12.9622,142.8576,326.3,1,1,2014-10-02,0411,Aqua,MODIS,59,6.2,308.6,6.8,D,0
-14.1991,133.8457,333.9,3.6,1.8,2014-10-02,0411,Aqua,MODIS,80,6.2,309.1,93.3,D,0
-12.6093,142.8172,335.1,1,1,2014-10-02,0411,Aqua,MODIS,82,6.2,304.3,24.4,D,0
-12.6299,142.8016,334,1,1,2014-10-02,0411,Aqua,MODIS,77,6.2,306.4,21.5,D,0
-14.1658,133.7668,354.8,3.6,1.8,2014-10-02,0411,Aqua,MODIS,97,6.2,307.3,365.3,D,0
-12.4936,142.273,350,1,1,2014-10-02,0411,Aqua,MODIS,94,6.2,306.8,46.5,D,0
-12.4949,142.2638,348.1,1,1,2014-10-02,0411,Aqua,MODIS,93,6.2,304.5,43.5,D,0
-13.7853,133.5738,324.3,3.7,1.8,2014-10-02,0411,Aqua,MODIS,41,6.2,307.4,44.7,D,0
-12.4846,142.2716,337,1,1,2014-10-02,0411,Aqua,MODIS,57,6.2,307.5,20.6,D,0
-14.2069,133.8519,335.8,3.6,1.8,2014-10-02,0411,Aqua,MODIS,82,6.2,309.4,105.2,D,0
-12.4627,142.2965,342.4,1,1,2014-10-02,0411,Aqua,MODIS,83,6.2,311.2,29.2,D,0
-14.1777,133.7411,363.8,3.7,1.8,2014-10-02,0411,Aqua,MODIS,100,6.2,308.1,530.3,D,0
-12.464,142.2873,377.7,1,1,2014-10-02,0411,Aqua,MODIS,100,6.2,312.1,125.6,D,0
-14.1695,133.7331,358,3.7,1.8,2014-10-02,0411,Aqua,MODIS,98,6.2,308,424.4,D,0
-13.8905,132.5078,327.5,4.5,2,2014-10-02,0411,Aqua,MODIS,24,6.2,303.1,105.7,D,0
-14.205,134.1788,340.7,3.4,1.7,2014-10-02,0411,Aqua,MODIS,87,6.2,310.6,169.8,D,0
-14.2073,134.2057,325.5,3.4,1.7,2014-10-02,0411,Aqua,MODIS,58,6.2,308.7,44.5,D,0
-14.2108,134.1742,338.8,3.4,1.7,2014-10-02,0411,Aqua,MODIS,85,6.2,310.2,149.3,D,0
-12.4653,142.2781,337.7,1,1,2014-10-02,0411,Aqua,MODIS,63,6.2,307.9,20.7,D,0
-13.9388,132.5543,326,4.5,1.9,2014-10-02,0411,Aqua,MODIS,56,6.2,306,74,D,0
-13.9398,132.5625,324.8,4.5,1.9,2014-10-02,0411,Aqua,MODIS,33,6.2,305.7,60.6,D,0
-12.4678,142.2597,347.9,1,1,2014-10-02,0411,Aqua,MODIS,93,6.2,304.8,43.5,D,0
-14.1903,133.7766,334.4,3.6,1.8,2014-10-02,0411,Aqua,MODIS,80,6.2,307.4,115,D,0
-14.1593,133.9675,328.8,3.5,1.8,2014-10-02,0411,Aqua,MODIS,51,6.2,308.7,65.6,D,0
-12.6835,142.8817,323.8,1,1,2014-10-02,0411,Aqua,MODIS,50,6.2,304.6,10,D,0
-12.6924,142.8831,322.7,1,1,2014-10-02,0411,Aqua,MODIS,44,6.2,304.2,9.2,D,0
-13.081,143.0563,336.5,1,1,2014-10-02,0411,Aqua,MODIS,77,6.2,310.1,21.9,D,0
-14.1867,133.81,333,3.6,1.8,2014-10-02,0411,Aqua,MODIS,76,6.2,306.6,95,D,0
-14.2064,133.7782,334.3,3.6,1.8,2014-10-02,0411,Aqua,MODIS,79,6.2,309.3,106.4,D,0
-14.2028,133.8119,342.7,3.6,1.8,2014-10-02,0411,Aqua,MODIS,88,6.2,309.6,187.8,D,0
-14.1615,133.7393,329,3.7,1.8,2014-10-02,0411,Aqua,MODIS,62,6.2,308.2,74.1,D,0
-14.2152,133.8474,331.4,3.6,1.8,2014-10-02,0411,Aqua,MODIS,76,6.2,310.3,70,D,0
-12.7013,135.4988,347.4,2.5,1.5,2014-10-02,0411,Aqua,MODIS,92,6.2,307.8,152.7,D,0
-12.6987,135.522,381.2,2.5,1.5,2014-10-02,0411,Aqua,MODIS,100,6.2,314.1,543.1,D,0
-12.6764,135.4717,332.1,2.6,1.5,2014-10-02,0411,Aqua,MODIS,36,6.2,308.2,56.4,D,0
-12.3971,142.3091,328.6,1,1,2014-10-02,0411,Aqua,MODIS,48,6.2,309.9,11.3,D,0
-13.0966,143.0119,331.5,1,1,2014-10-02,0411,Aqua,MODIS,44,6.2,308.8,10.8,D,0
-12.4202,142.3407,337.2,1,1,2014-10-02,0411,Aqua,MODIS,82,6.2,308.5,18.9,D,0
-14.3638,133.8414,336.5,3.6,1.8,2014-10-02,0411,Aqua,MODIS,73,6.2,308.3,134.8,D,0
-13.085,142.9669,324.4,1,1,2014-10-02,0411,Aqua,MODIS,54,6.2,306.5,10.6,D,0
-14.3765,142.2186,330.3,1,1,2014-10-02,0411,Aqua,MODIS,53,6.2,314.7,10.6,D,0
-12.5011,142.4148,330.3,1,1,2014-10-02,0411,Aqua,MODIS,50,6.2,306.4,12.5,D,0
-12.5108,135.6949,340.2,2.4,1.5,2014-10-02,0411,Aqua,MODIS,87,6.2,314,91.7,D,0
-14.3552,133.8333,334.1,3.6,1.8,2014-10-02,0411,Aqua,MODIS,64,6.2,308.3,107,D,0
-12.5923,136.3196,329,2.2,1.4,2014-10-02,0411,Aqua,MODIS,73,6.2,305.3,49.3,D,0
-12.4061,142.3105,335.7,1,1,2014-10-02,0411,Aqua,MODIS,73,6.2,308.6,21.2,D,0
-14.3391,133.8318,333.1,3.6,1.8,2014-10-02,0411,Aqua,MODIS,61,6.2,310.2,97.5,D,0
-13.0386,143.0347,328.4,1,1,2014-10-02,0411,Aqua,MODIS,50,6.2,307.8,11.4,D,0
-12.5947,136.2993,336.8,2.2,1.4,2014-10-02,0411,Aqua,MODIS,83,6.2,305.7,82.6,D,0
-12.5559,135.7285,329.5,2.4,1.5,2014-10-02,0411,Aqua,MODIS,58,6.2,314.3,27.1,D,0
-12.9609,142.8667,348.6,1,1,2014-10-02,0411,Aqua,MODIS,93,6.2,308.9,42.4,D,0
-13.0837,142.976,323.3,1,1,2014-10-02,0411,Aqua,MODIS,40,6.2,309,8.3,D,0
-13.2414,141.7298,333.8,1,1,2014-10-02,0411,Aqua,MODIS,71,6.2,315,19.6,D,0
-12.4215,142.3315,360.6,1,1,2014-10-02,0411,Aqua,MODIS,100,6.2,309.5,69.3,D,0
-12.685,142.8072,322,1,1,2014-10-02,0411,Aqua,MODIS,30,6.2,305.6,6.4,D,0
-14.3514,133.8675,330.8,3.6,1.8,2014-10-02,0411,Aqua,MODIS,40,6.2,309,70.4,D,0
-13.0824,142.9852,331.8,1,1,2014-10-02,0411,Aqua,MODIS,76,6.2,310.1,16.7,D,0
-12.6922,135.5143,377.5,2.5,1.5,2014-10-02,0411,Aqua,MODIS,100,6.2,312.9,480.6,D,0
-12.9507,142.8745,334.7,1,1,2014-10-02,0411,Aqua,MODIS,80,6.2,308.9,19.3,D,0
-12.6741,143.0111,326,1,1,2014-10-02,0411,Aqua,MODIS,62,6.2,302.4,13.2,D,0
-12.6784,135.5125,332.2,2.5,1.5,2014-10-02,0411,Aqua,MODIS,56,6.2,312.6,52.6,D,0
-13.0747,142.9747,355.9,1,1,2014-10-02,0411,Aqua,MODIS,97,6.2,311.5,62.3,D,0
-12.5405,135.6762,343,2.5,1.5,2014-10-02,0411,Aqua,MODIS,89,6.2,310.8,109.9,D,0
-12.5959,136.2926,327.4,2.2,1.4,2014-10-02,0411,Aqua,MODIS,71,6.2,305.1,41.8,D,0
-12.4998,142.4239,333.3,1,1,2014-10-02,0411,Aqua,MODIS,66,6.2,305,17.2,D,0
-12.3984,142.2999,334.8,1,1,2014-10-02,0411,Aqua,MODIS,77,6.2,307.8,21,D,0
-12.622,142.8564,327.8,1,1,2014-10-02,0411,Aqua,MODIS,24,6.2,306.3,12.5,D,0
-12.6674,135.4875,335.7,2.5,1.5,2014-10-02,0411,Aqua,MODIS,82,6.2,311.2,80.2,D,0
-12.6817,143.0216,326.2,1,1,2014-10-02,0411,Aqua,MODIS,57,6.2,306.2,13.1,D,0
-12.6812,135.4894,331.1,2.5,1.5,2014-10-02,0411,Aqua,MODIS,66,6.2,310.7,52.5,D,0
-12.5203,142.4083,327.7,1,1,2014-10-02,0411,Aqua,MODIS,71,6.2,305.8,10.8,D,0
-14.2677,133.8912,333.5,3.6,1.8,2014-10-02,0411,Aqua,MODIS,79,6.2,310.7,90.5,D,0
-12.707,135.5702,341.4,2.5,1.5,2014-10-02,0411,Aqua,MODIS,87,6.2,312.4,99.1,D,0
-12.5275,135.8976,324.3,2.4,1.5,2014-10-02,0411,Aqua,MODIS,40,6.2,308.6,26.2,D,0
-12.4908,142.4226,333.7,1,1,2014-10-02,0411,Aqua,MODIS,63,6.2,306.5,17.1,D,0
-12.6297,142.8669,327.4,1,1,2014-10-02,0411,Aqua,MODIS,45,6.2,304.9,12.8,D,0
-12.6737,135.4952,339.1,2.5,1.5,2014-10-02,0411,Aqua,MODIS,72,6.2,311.9,94.1,D,0
-12.6373,142.8774,323.1,1,1,2014-10-02,0411,Aqua,MODIS,42,6.2,303,9.6,D,0
-12.5013,142.2835,332.2,1,1,2014-10-02,0411,Aqua,MODIS,53,6.2,302.7,16.7,D,0
-12.4279,142.3512,330.5,1,1,2014-10-02,0411,Aqua,MODIS,52,6.2,311.4,9.7,D,0
-12.5301,135.8761,327.5,2.4,1.5,2014-10-02,0411,Aqua,MODIS,72,6.2,308.6,36.7,D,0
-12.6804,143.0308,328.7,1,1,2014-10-02,0411,Aqua,MODIS,74,6.2,303.5,16,D,0
-12.5243,135.6967,334.7,2.4,1.5,2014-10-02,0411,Aqua,MODIS,73,6.2,313.2,56.2,D,0
-14.3661,142.2267,335.8,1,1,2014-10-02,0411,Aqua,MODIS,77,6.2,315.3,18.1,D,0
-12.9596,142.8759,344.6,1,1,2014-10-02,0411,Aqua,MODIS,90,6.2,308.8,35.1,D,0
-12.6452,142.8226,326.3,1,1,2014-10-02,0411,Aqua,MODIS,69,6.2,308,11.1,D,0
-12.7097,135.547,342.2,2.5,1.5,2014-10-02,0411,Aqua,MODIS,88,6.2,310.6,106.8,D,0
-12.5134,135.6723,352.5,2.5,1.5,2014-10-02,0411,Aqua,MODIS,95,6.2,311.3,186.1,D,0
-12.6728,143.0203,334.2,1,1,2014-10-02,0411,Aqua,MODIS,81,6.2,303.8,24,D,0
-12.5309,142.2691,334.2,1,1,2014-10-02,0411,Aqua,MODIS,75,6.2,309.3,18.6,D,0
-11.8933,142.6789,323.5,1,1,2014-10-02,0411,Aqua,MODIS,58,6.2,297.8,14,D,0
-12.706,135.516,343.1,2.5,1.5,2014-10-02,0411,Aqua,MODIS,81,6.2,310,110.8,D,0
-12.5934,136.3129,340.6,2.2,1.4,2014-10-02,0411,Aqua,MODIS,87,6.2,306.2,102.8,D,0
-12.6893,135.5375,338.5,2.5,1.5,2014-10-02,0411,Aqua,MODIS,75,6.2,313.6,76.4,D,0
-13.0734,142.9838,332.8,1,1,2014-10-02,0411,Aqua,MODIS,76,6.2,308.6,17.6,D,0
-13.076,142.9655,345.1,1,1,2014-10-02,0411,Aqua,MODIS,90,6.2,307.9,39.8,D,0
-12.6476,142.8763,329.8,1,1,2014-10-02,0411,Aqua,MODIS,40,6.2,307.5,15.3,D,0
-12.2787,135.0985,321.7,2.7,1.6,2014-10-02,0412,Aqua,MODIS,29,6.2,301,34.4,D,0
-11.2114,132.3161,316.4,4.3,1.9,2014-10-02,0412,Aqua,MODIS,0,6.2,296.6,48.2,D,0
-11.2286,132.3182,318.3,4.3,1.9,2014-10-02,0412,Aqua,MODIS,0,6.2,297.3,60.4,D,0
-12.3437,135.1565,324.6,2.7,1.6,2014-10-02,0412,Aqua,MODIS,33,6.2,302.5,38.5,D,0
-12.2896,135.095,323.4,2.7,1.6,2014-10-02,0412,Aqua,MODIS,52,6.2,301.9,42.2,D,0
-11.0349,142.3778,329.5,1,1,2014-10-02,0412,Aqua,MODIS,82,6.2,301,22,D,0
-12.2064,134.6614,320.3,2.9,1.6,2014-10-02,0412,Aqua,MODIS,44,6.2,301.4,26.8,D,0
-12.2792,133.0373,338.1,3.9,1.8,2014-10-02,0412,Aqua,MODIS,86,6.2,303,197.7,D,0
-12.2852,133.0454,360.1,3.9,1.8,2014-10-02,0412,Aqua,MODIS,100,6.2,304,525.3,D,0
-12.4008,134.0072,327,3.3,1.7,2014-10-02,0412,Aqua,MODIS,59,6.2,302.5,62.7,D,0
-12.275,133.073,335.4,3.9,1.8,2014-10-02,0412,Aqua,MODIS,83,6.2,303.8,161.5,D,0
-12.2812,133.0811,325.3,3.9,1.8,2014-10-02,0412,Aqua,MODIS,68,6.2,303.7,66.1,D,0
-11.964,132.6888,318.7,4.1,1.9,2014-10-02,0412,Aqua,MODIS,43,6.2,293.9,40.1,D,0
-12.3976,134.0367,334.3,3.3,1.7,2014-10-02,0412,Aqua,MODIS,81,6.2,303.3,113.6,D,0
-12.4018,134.033,333.1,3.3,1.7,2014-10-02,0412,Aqua,MODIS,81,6.2,302.2,105.6,D,0
-10.7282,142.1473,325.4,1,1,2014-10-02,0412,Aqua,MODIS,38,6.2,302.7,10,D,0
-10.7449,142.159,322.8,1,1,2014-10-02,0412,Aqua,MODIS,66,6.2,302.2,7.9,D,0
-10.7207,142.1302,333.6,1,1,2014-10-02,0412,Aqua,MODIS,0,6.2,303.1,22.7,D,0
-10.7194,142.1393,318.5,1,1,2014-10-02,0412,Aqua,MODIS,48,6.2,300.7,4.9,D,0
-10.7295,142.1382,326.9,1,1,2014-10-02,0412,Aqua,MODIS,0,6.2,303.7,11.4,D,0
-34.6639,116.9607,338.9,1.8,1.3,2014-10-02,0544,Aqua,MODIS,90,6.2,298,88.4,D,0
-33.795,122.2946,310.5,1,1,2014-10-02,0544,Aqua,MODIS,61,6.2,297.8,5.9,D,0
-34.6664,116.9863,327.3,1.8,1.3,2014-10-02,0544,Aqua,MODIS,83,6.2,296.4,46.4,D,0
-34.662,116.9807,349.9,1.8,1.3,2014-10-02,0544,Aqua,MODIS,95,6.2,298.1,135.5,D,0
-31.3653,116.2896,318.7,1.8,1.3,2014-10-02,0545,Aqua,MODIS,57,6.2,295.5,25.9,D,0
-22.7786,122.5675,368.8,1.1,1.1,2014-10-02,0547,Aqua,MODIS,100,6.2,317.4,105.9,D,0
-22.145,123.8261,341.2,1.3,1.1,2014-10-02,0547,Aqua,MODIS,63,6.2,304.2,36.5,D,0
-22.9137,117.9743,332,1.1,1.1,2014-10-02,0547,Aqua,MODIS,34,6.2,316.2,11.9,D,0
-22.1353,123.4507,353.8,1.2,1.1,2014-10-02,0547,Aqua,MODIS,96,6.2,321.5,63,D,0
-22.9261,117.9535,332.7,1.1,1.1,2014-10-02,0547,Aqua,MODIS,47,6.2,314.9,13.8,D,0
-22.1253,123.4489,340.7,1.2,1.1,2014-10-02,0547,Aqua,MODIS,76,6.2,320.8,28.1,D,0
-22.1552,123.8281,334.3,1.3,1.1,2014-10-02,0547,Aqua,MODIS,47,6.2,300.9,20.7,D,0
-17.8961,123.9703,332.7,1.6,1.2,2014-10-02,0548,Aqua,MODIS,54,6.2,313.2,18.1,D,0
-17.9036,123.9267,334.8,1.6,1.2,2014-10-02,0548,Aqua,MODIS,70,6.2,314.8,19.6,D,0
-17.8851,123.9683,336.6,1.6,1.2,2014-10-02,0548,Aqua,MODIS,59,6.2,313.7,28.5,D,0
-17.8876,123.9537,342.5,1.6,1.2,2014-10-02,0548,Aqua,MODIS,84,6.2,314.6,45.3,D,0
-17.8842,123.9615,333.9,1.6,1.2,2014-10-02,0548,Aqua,MODIS,34,6.2,314.1,21.7,D,0
-21.4663,117.3562,333.1,1.2,1.1,2014-10-02,0548,Aqua,MODIS,61,6.2,317.2,14.8,D,0
-21.4385,117.3403,331.5,1.2,1.1,2014-10-02,0548,Aqua,MODIS,37,6.2,316.6,11,D,0
-21.4354,117.3447,332.7,1.2,1.1,2014-10-02,0548,Aqua,MODIS,64,6.2,317.9,13,D,0
-21.3848,117.4295,331.5,1.2,1.1,2014-10-02,0548,Aqua,MODIS,57,6.2,317.9,10.7,D,0
-19.6508,126.7717,371,2.3,1.5,2014-10-02,0548,Aqua,MODIS,0,6.2,296.2,356.2,D,0
-21.4705,117.6309,360.2,1.1,1.1,2014-10-02,0548,Aqua,MODIS,100,6.2,317.3,79.7,D,0
-21.472,117.6198,354.7,1.1,1.1,2014-10-02,0548,Aqua,MODIS,96,6.2,320.4,62.4,D,0
-21.4734,117.6087,335.2,1.1,1.1,2014-10-02,0548,Aqua,MODIS,71,6.2,318.8,16.7,D,0
-21.4154,117.6789,346,1.1,1.1,2014-10-02,0548,Aqua,MODIS,88,6.2,318.3,35.7,D,0
-21.4128,117.6225,333.2,1.1,1.1,2014-10-02,0548,Aqua,MODIS,53,6.2,318.3,11.8,D,0
-21.4142,117.6114,336.3,1.1,1.1,2014-10-02,0548,Aqua,MODIS,74,6.2,318.7,17.6,D,0
-21.4018,117.6321,342.4,1.1,1.1,2014-10-02,0548,Aqua,MODIS,83,6.2,318.9,27.6,D,0
-21.413,117.5433,333.3,1.2,1.1,2014-10-02,0548,Aqua,MODIS,59,6.2,318.1,10.2,D,0
-21.4089,117.5474,331.5,1.2,1.1,2014-10-02,0548,Aqua,MODIS,51,6.2,317.9,9.9,D,0
-21.4104,117.5361,332.4,1.2,1.1,2014-10-02,0548,Aqua,MODIS,59,6.2,318.6,11.1,D,0
-21.3877,117.6344,331.4,1.1,1.1,2014-10-02,0548,Aqua,MODIS,14,6.2,317.6,10.7,D,0
-21.5595,117.5708,338.4,1.2,1.1,2014-10-02,0548,Aqua,MODIS,76,6.2,315.9,24.9,D,0
-21.561,117.5597,345.6,1.2,1.1,2014-10-02,0548,Aqua,MODIS,88,6.2,318.3,40.4,D,0
-21.5667,117.5149,332.2,1.2,1.1,2014-10-02,0548,Aqua,MODIS,61,6.2,316.7,14.1,D,0
-21.5499,117.5694,343.7,1.2,1.1,2014-10-02,0548,Aqua,MODIS,86,6.2,317,36.2,D,0
-21.5513,117.5583,332.6,1.2,1.1,2014-10-02,0548,Aqua,MODIS,29,6.2,319.1,13.6,D,0
-21.5527,117.5471,341.8,1.2,1.1,2014-10-02,0548,Aqua,MODIS,83,6.2,319.3,30.5,D,0
-21.5542,117.5359,338.7,1.2,1.1,2014-10-02,0548,Aqua,MODIS,63,6.2,318.7,22.7,D,0
-21.5614,117.4798,334.8,1.2,1.1,2014-10-02,0548,Aqua,MODIS,71,6.2,318,16.7,D,0
-21.5402,117.5679,347.5,1.2,1.1,2014-10-02,0548,Aqua,MODIS,90,6.2,317.4,43.3,D,0
-21.5502,117.4895,339.5,1.2,1.1,2014-10-02,0548,Aqua,MODIS,79,6.2,315.7,23.4,D,0
-21.5517,117.4783,383.9,1.2,1.1,2014-10-02,0548,Aqua,MODIS,100,6.2,323.3,184.6,D,0
-21.5237,117.5427,333,1.2,1.1,2014-10-02,0548,Aqua,MODIS,52,6.2,318.4,12.3,D,0
-21.5628,117.4685,344.8,1.2,1.1,2014-10-02,0548,Aqua,MODIS,87,6.2,318.4,37.4,D,0
-21.5531,117.467,367.8,1.2,1.1,2014-10-02,0548,Aqua,MODIS,100,6.2,322.7,107.9,D,0
-21.5545,117.4558,342.4,1.2,1.1,2014-10-02,0548,Aqua,MODIS,84,6.2,318.9,30.4,D,0
-21.5408,117.4076,345.3,1.2,1.1,2014-10-02,0548,Aqua,MODIS,87,6.2,320.6,37.5,D,0
-20.6167,116.7566,322,1.2,1.1,2014-10-02,0548,Aqua,MODIS,0,6.2,306.7,8.4,D,0
-21.4208,117.7129,337.5,1.1,1.1,2014-10-02,0548,Aqua,MODIS,63,6.2,316.5,23.9,D,0
-21.4222,117.7019,385.1,1.1,1.1,2014-10-02,0548,Aqua,MODIS,100,6.2,321.3,186,D,0
-21.4236,117.691,363.3,1.1,1.1,2014-10-02,0548,Aqua,MODIS,100,6.2,318.9,88.2,D,0
-21.4126,117.7006,339.5,1.1,1.1,2014-10-02,0548,Aqua,MODIS,57,6.2,317.9,22.6,D,0
-21.414,117.6898,344,1.1,1.1,2014-10-02,0548,Aqua,MODIS,78,6.2,318.7,30.1,D,0
-21.3989,117.732,370.1,1.1,1.1,2014-10-02,0548,Aqua,MODIS,100,6.2,315.7,114.6,D,0
-21.4003,117.7211,352.8,1.1,1.1,2014-10-02,0548,Aqua,MODIS,88,6.2,317.5,54.2,D,0
-21.3879,117.7415,340.7,1.1,1.1,2014-10-02,0548,Aqua,MODIS,82,6.2,312.5,31.8,D,0
-21.3893,117.7307,400.1,1.1,1.1,2014-10-02,0548,Aqua,MODIS,100,6.2,321.8,278.4,D,0
-21.3907,117.7198,385.5,1.1,1.1,2014-10-02,0548,Aqua,MODIS,100,6.2,321.8,183.7,D,0
-21.3921,117.7088,337.7,1.1,1.1,2014-10-02,0548,Aqua,MODIS,71,6.2,318.2,16.9,D,0
-21.3844,117.7343,370.9,1.1,1.1,2014-10-02,0548,Aqua,MODIS,100,6.2,316.8,122.4,D,0
-21.3858,117.7234,397.1,1.1,1.1,2014-10-02,0548,Aqua,MODIS,100,6.2,326.4,260.5,D,0
-21.3873,117.7125,339.9,1.1,1.1,2014-10-02,0548,Aqua,MODIS,64,6.2,319.4,26.8,D,0
-21.3748,117.7329,341,1.1,1.1,2014-10-02,0548,Aqua,MODIS,78,6.2,314.2,30.8,D,0
-21.3763,117.7219,364.7,1.1,1.1,2014-10-02,0548,Aqua,MODIS,100,6.2,318.8,94.3,D,0
-21.3777,117.7111,343.6,1.1,1.1,2014-10-02,0548,Aqua,MODIS,73,6.2,318.6,32.1,D,0
-21.3653,117.7314,395.1,1.1,1.1,2014-10-02,0548,Aqua,MODIS,100,6.2,319.7,244.6,D,0
-21.3667,117.7205,372.1,1.1,1.1,2014-10-02,0548,Aqua,MODIS,100,6.2,321.7,120.7,D,0
-21.3572,117.7191,339.4,1.1,1.1,2014-10-02,0548,Aqua,MODIS,79,6.2,317.3,23.6,D,0
-21.6092,116.2838,330.5,1.4,1.2,2014-10-02,0548,Aqua,MODIS,44,6.2,317.3,12.3,D,0
-18.0377,123.9425,336.8,1.6,1.2,2014-10-02,0548,Aqua,MODIS,76,6.2,311.2,34.3,D,0
-18.0182,123.9234,332.5,1.5,1.2,2014-10-02,0548,Aqua,MODIS,46,6.2,310.5,18.8,D,0
-18.0072,123.9216,338.5,1.5,1.2,2014-10-02,0548,Aqua,MODIS,77,6.2,314.1,35.1,D,0
-17.95,123.9204,332.9,1.6,1.2,2014-10-02,0548,Aqua,MODIS,35,6.2,314,15.6,D,0
-18.0317,124.0464,328.6,1.6,1.2,2014-10-02,0548,Aqua,MODIS,28,6.2,311.8,13,D,0
-18.0343,124.0309,332.1,1.6,1.2,2014-10-02,0548,Aqua,MODIS,64,6.2,310,20.8,D,0
-21.3561,117.6519,333,1.1,1.1,2014-10-02,0548,Aqua,MODIS,29,6.2,318.1,10.3,D,0
-21.1804,117.6691,346.7,1.1,1.1,2014-10-02,0548,Aqua,MODIS,88,6.2,319.3,38.1,D,0
-21.1819,117.6582,350.8,1.1,1.1,2014-10-02,0548,Aqua,MODIS,92,6.2,320.7,49.5,D,0
-21.1723,117.6567,346.4,1.1,1.1,2014-10-02,0548,Aqua,MODIS,88,6.2,323,37.9,D,0
-21.1627,117.6553,350.8,1.1,1.1,2014-10-02,0548,Aqua,MODIS,92,6.2,321.7,47,D,0
-21.6107,116.2707,331.3,1.4,1.2,2014-10-02,0548,Aqua,MODIS,53,6.2,316.5,14.2,D,0
-17.0288,127.3227,357.9,2.9,1.6,2014-10-02,0548,Aqua,MODIS,98,6.2,308.3,303.2,D,0
-17.0286,127.3178,346.7,2.9,1.6,2014-10-02,0548,Aqua,MODIS,91,6.2,308.1,183,D,0
-17.0236,127.3453,343.1,2.9,1.6,2014-10-02,0548,Aqua,MODIS,76,6.2,295.3,153.8,D,0
-16.1404,127.9541,328.7,3.3,1.7,2014-10-02,0549,Aqua,MODIS,46,6.2,302.9,60.7,D,0
-16.9302,124.3613,340.8,1.7,1.3,2014-10-02,0549,Aqua,MODIS,69,6.2,311,51.4,D,0
-16.1252,127.9499,335,3.3,1.7,2014-10-02,0549,Aqua,MODIS,59,6.2,300.8,112.7,D,0
-15.5266,127.5613,347.4,3.2,1.7,2014-10-02,0549,Aqua,MODIS,92,6.2,313.5,209.2,D,0
-15.5115,127.5585,368.2,3.2,1.7,2014-10-02,0549,Aqua,MODIS,100,6.2,310.7,500.8,D,0
-15.5211,127.5247,347.2,3.2,1.7,2014-10-02,0549,Aqua,MODIS,92,6.2,310.6,217.6,D,0
-15.5157,127.5546,371.6,3.2,1.7,2014-10-02,0549,Aqua,MODIS,100,6.2,312.6,564.4,D,0
-15.5322,127.5317,336,3.2,1.7,2014-10-02,0549,Aqua,MODIS,80,6.2,311,105.5,D,0
-15.5171,127.5288,359.9,3.2,1.7,2014-10-02,0549,Aqua,MODIS,99,6.2,310.1,374,D,0
-16.9768,122.6682,328.6,1.3,1.1,2014-10-02,0549,Aqua,MODIS,39,6.2,309.6,11.2,D,0
-16.8402,122.9518,340.9,1.4,1.2,2014-10-02,0549,Aqua,MODIS,86,6.2,310,42.7,D,0
-16.8465,122.9453,335.4,1.4,1.2,2014-10-02,0549,Aqua,MODIS,69,6.2,311.5,25,D,0
-16.8443,122.9583,338.3,1.4,1.2,2014-10-02,0549,Aqua,MODIS,77,6.2,309.5,33.7,D,0
-17.0233,126.866,330.2,2.7,1.6,2014-10-02,0549,Aqua,MODIS,38,6.2,307.8,56.9,D,0
-16.8631,122.975,348.7,1.4,1.2,2014-10-02,0549,Aqua,MODIS,92,6.2,310.3,66.7,D,0
-16.8526,122.9731,334.7,1.4,1.2,2014-10-02,0549,Aqua,MODIS,69,6.2,309.3,27.3,D,0
-16.7948,124.1433,333.2,1.7,1.3,2014-10-02,0549,Aqua,MODIS,43,6.2,312.4,24.9,D,0
-16.861,122.988,330.1,1.4,1.2,2014-10-02,0549,Aqua,MODIS,64,6.2,307,19,D,0
-17.0149,123.0414,331.1,1.4,1.2,2014-10-02,0549,Aqua,MODIS,66,6.2,308.7,22.5,D,0
-17.0111,123.0351,329.8,1.4,1.2,2014-10-02,0549,Aqua,MODIS,64,6.2,310,20.3,D,0
-22.983,146.1943,318.6,2.9,1.6,2014-10-02,1333,Terra,MODIS,97,6.2,289.7,74.4,N,0
-22.9774,146.2223,312.7,2.9,1.6,2014-10-02,1333,Terra,MODIS,60,6.2,291.4,51.3,N,0
-22.9687,146.1967,316.6,2.9,1.6,2014-10-02,1333,Terra,MODIS,70,6.2,290.2,64.2,N,0
-22.9832,146.2001,323.1,2.9,1.6,2014-10-02,1333,Terra,MODIS,100,6.2,290.4,94.7,N,0
-22.9629,146.2189,309.8,2.9,1.6,2014-10-02,1333,Terra,MODIS,78,6.2,291,44.7,N,0
-22.9684,146.191,308.3,2.9,1.6,2014-10-02,1333,Terra,MODIS,74,6.2,289.7,39.4,N,0
-25.6672,146.5943,325.8,2.7,1.6,2014-10-02,1333,Terra,MODIS,100,6.2,286.8,111.9,N,0
-25.6727,146.5678,332.7,2.7,1.6,2014-10-02,1333,Terra,MODIS,100,6.2,287.9,148.3,N,0
-25.6642,146.5881,335.6,2.7,1.6,2014-10-02,1333,Terra,MODIS,100,6.2,287.8,165.4,N,0
-26.4327,141.7598,300.1,1.3,1.1,2014-10-02,1333,Terra,MODIS,19,6.2,286.1,7.9,N,0
-25.6696,146.5616,322.2,2.7,1.6,2014-10-02,1333,Terra,MODIS,100,6.2,286.6,93.8,N,0
-19.6646,126.7137,315.9,3.8,1.8,2014-10-02,1335,Terra,MODIS,92,6.2,294,87.4,N,0
-19.6754,126.7096,311.4,3.8,1.8,2014-10-02,1335,Terra,MODIS,82,6.2,293,66.7,N,0
-19.6588,126.708,319.4,3.8,1.8,2014-10-02,1335,Terra,MODIS,99,6.2,294.4,116.2,N,0
-19.6843,126.6785,308.8,3.9,1.8,2014-10-02,1335,Terra,MODIS,76,6.2,293.1,53.5,N,0
-19.6677,126.6768,319.4,3.9,1.8,2014-10-02,1335,Terra,MODIS,98,6.2,294.5,111.7,N,0
-19.6788,126.6728,319.8,3.9,1.8,2014-10-02,1335,Terra,MODIS,99,6.2,294.1,118.7,N,0
-18.2663,130.9853,319.1,1.8,1.3,2014-10-02,1335,Terra,MODIS,92,6.2,293.6,36.1,N,0
-18.2751,130.9758,307.7,1.8,1.3,2014-10-02,1335,Terra,MODIS,72,6.2,293.1,17.7,N,0
-18.2643,131.0019,306.2,1.8,1.3,2014-10-02,1335,Terra,MODIS,31,6.2,293.6,14.6,N,0
-20.4691,133.4421,305,1.3,1.1,2014-10-02,1335,Terra,MODIS,62,6.2,294.8,7.3,N,0
-20.4299,133.424,322.3,1.3,1.1,2014-10-02,1335,Terra,MODIS,100,6.2,296,25.6,N,0
-20.4314,133.4116,322.8,1.3,1.1,2014-10-02,1335,Terra,MODIS,100,6.2,296.3,25.9,N,0
-20.4309,133.4309,309.5,1.3,1.1,2014-10-02,1335,Terra,MODIS,39,6.2,295.1,10.2,N,0
-20.4325,133.4186,327.9,1.3,1.1,2014-10-02,1335,Terra,MODIS,100,6.2,296.4,34.8,N,0
-20.4121,133.4157,328.2,1.3,1.1,2014-10-02,1335,Terra,MODIS,100,6.2,296.5,35.5,N,0
-18.2013,130.8237,311.2,1.8,1.3,2014-10-02,1335,Terra,MODIS,82,6.2,294.5,23.8,N,0
-20.5083,133.4602,317.9,1.3,1.1,2014-10-02,1335,Terra,MODIS,96,6.2,295.5,21.5,N,0
-20.5098,133.4479,323.1,1.3,1.1,2014-10-02,1335,Terra,MODIS,100,6.2,295.3,29,N,0
-17.9706,138.8913,313,1.2,1.1,2014-10-02,1335,Terra,MODIS,86,6.2,295.6,13.8,N,0
-17.9609,138.8896,318.2,1.2,1.1,2014-10-02,1335,Terra,MODIS,96,6.2,295.2,19.1,N,0
-18.1401,130.8788,306.6,1.8,1.3,2014-10-02,1335,Terra,MODIS,54,6.2,293.2,15.4,N,0
-18.1381,130.8956,304.8,1.8,1.3,2014-10-02,1335,Terra,MODIS,33,6.2,292.1,13,N,0
-20.4329,133.3991,317.4,1.3,1.1,2014-10-02,1335,Terra,MODIS,95,6.2,296.3,20.1,N,0
-20.434,133.4062,315.4,1.3,1.1,2014-10-02,1335,Terra,MODIS,65,6.2,296.2,15.5,N,0
-20.4356,133.3937,312.4,1.3,1.1,2014-10-02,1335,Terra,MODIS,80,6.2,295.8,13.5,N,0
-20.4136,133.4033,320.9,1.3,1.1,2014-10-02,1335,Terra,MODIS,100,6.2,296.9,23.7,N,0
-20.4034,133.4019,316.4,1.3,1.1,2014-10-02,1335,Terra,MODIS,93,6.2,295.8,18.7,N,0
-18.1578,130.8297,307.4,1.8,1.3,2014-10-02,1335,Terra,MODIS,32,6.2,294.5,15,N,0
-18.2733,130.9924,335.8,1.8,1.3,2014-10-02,1335,Terra,MODIS,100,6.2,296.9,83.9,N,0
-18.1459,130.724,316.4,1.8,1.3,2014-10-02,1335,Terra,MODIS,93,6.2,298,29.3,N,0
-18.1339,130.7225,321.6,1.8,1.3,2014-10-02,1335,Terra,MODIS,100,6.2,294.5,42.1,N,0
-18.132,130.7397,317.8,1.8,1.3,2014-10-02,1335,Terra,MODIS,96,6.2,294.4,33.2,N,0
-18.13,130.7569,309.1,1.8,1.3,2014-10-02,1335,Terra,MODIS,76,6.2,293.8,18.7,N,0
-18.1419,130.7584,319.4,1.8,1.3,2014-10-02,1335,Terra,MODIS,96,6.2,297.1,35.1,N,0
-18.1578,130.7256,349.2,1.8,1.3,2014-10-02,1335,Terra,MODIS,100,6.2,302.5,142.4,N,0
-18.1281,130.774,307.9,1.8,1.3,2014-10-02,1335,Terra,MODIS,59,6.2,293.3,16,N,0
-19.6095,126.8068,306.1,3.8,1.8,2014-10-02,1335,Terra,MODIS,54,6.2,294.6,41.5,N,0
-19.606,126.843,306.1,3.8,1.8,2014-10-02,1335,Terra,MODIS,67,6.2,294.5,39.6,N,0
-19.616,126.8143,306.7,3.8,1.8,2014-10-02,1335,Terra,MODIS,57,6.2,294.6,41.1,N,0
-18.1598,130.8127,325.1,1.8,1.3,2014-10-02,1335,Terra,MODIS,100,6.2,295.6,51.8,N,0
-18.1519,130.7771,320.2,1.8,1.3,2014-10-02,1335,Terra,MODIS,84,6.2,297.9,36.4,N,0
-18.1439,130.7412,328.5,1.8,1.3,2014-10-02,1335,Terra,MODIS,100,6.2,298.6,58,N,0
-18.1538,130.7599,350,1.8,1.3,2014-10-02,1335,Terra,MODIS,100,6.2,302.2,143.9,N,0
-18.1558,130.7428,368,1.8,1.3,2014-10-02,1335,Terra,MODIS,100,6.2,305.6,258.5,N,0
-20.9748,130.6253,365.5,2,1.4,2014-10-02,1335,Terra,MODIS,100,6.2,300,283.7,N,0
-20.9769,130.6056,346,2.1,1.4,2014-10-02,1335,Terra,MODIS,100,6.2,298,148.5,N,0
-20.9622,130.6237,348.1,2,1.4,2014-10-02,1335,Terra,MODIS,100,6.2,298.5,158.9,N,0
-20.9643,130.604,379.5,2.1,1.4,2014-10-02,1335,Terra,MODIS,100,6.2,301.9,425.7,N,0
-20.9517,130.6025,309.3,2.1,1.4,2014-10-02,1335,Terra,MODIS,77,6.2,297.1,20.1,N,0
-20.9538,130.5827,306.9,2.1,1.4,2014-10-02,1335,Terra,MODIS,70,6.2,296.6,16.3,N,0
-20.9509,130.5968,309.3,2.1,1.4,2014-10-02,1335,Terra,MODIS,17,6.2,297.4,18.7,N,0
-18.2623,131.0184,306.7,1.8,1.3,2014-10-02,1335,Terra,MODIS,69,6.2,292.5,16.7,N,0
-17.8012,131.0618,317.8,1.7,1.3,2014-10-02,1335,Terra,MODIS,96,6.2,296.5,30.6,N,0
-17.8031,131.0456,308.4,1.7,1.3,2014-10-02,1335,Terra,MODIS,26,6.2,295.5,13.9,N,0
-17.8071,131.0133,328.2,1.7,1.3,2014-10-02,1335,Terra,MODIS,100,6.2,296.5,52,N,0
-18.2695,131.0256,305.7,1.8,1.3,2014-10-02,1335,Terra,MODIS,65,6.2,292.3,15.9,N,0
-17.8074,131.0845,310.7,1.7,1.3,2014-10-02,1335,Terra,MODIS,81,6.2,294.3,19.5,N,0
-17.809,130.9971,324.8,1.7,1.3,2014-10-02,1335,Terra,MODIS,100,6.2,297.6,44.3,N,0
-17.8069,130.9859,308.6,1.7,1.3,2014-10-02,1335,Terra,MODIS,46,6.2,295.3,14.4,N,0
-17.805,131.0022,337.4,1.7,1.3,2014-10-02,1335,Terra,MODIS,100,6.2,297,83.2,N,0
-17.7976,131.067,319.3,1.7,1.3,2014-10-02,1335,Terra,MODIS,98,6.2,296.2,34.5,N,0
-17.8185,130.9875,306.9,1.7,1.3,2014-10-02,1335,Terra,MODIS,68,6.2,296.2,12.7,N,0
-17.7995,131.0508,310.8,1.7,1.3,2014-10-02,1335,Terra,MODIS,81,6.2,295.9,18.7,N,0
-17.8032,131.0184,314.9,1.7,1.3,2014-10-02,1335,Terra,MODIS,79,6.2,294.9,24.5,N,0
-17.7992,131.0779,314.2,1.7,1.3,2014-10-02,1335,Terra,MODIS,87,6.2,295.2,24.1,N,0
-18.2714,131.009,320.1,1.8,1.3,2014-10-02,1335,Terra,MODIS,100,6.2,295.9,40.4,N,0
-14.0794,132.6625,311.1,1.2,1.1,2014-10-02,1336,Terra,MODIS,81,6.2,294.7,11.6,N,0
-14.1553,133.937,307.9,1.1,1,2014-10-02,1336,Terra,MODIS,65,6.2,294.7,6.4,N,0
-13.928,132.5727,305.6,1.2,1.1,2014-10-02,1336,Terra,MODIS,29,6.2,293.5,6.4,N,0
-13.9388,131.2888,309.8,1.5,1.2,2014-10-02,1336,Terra,MODIS,77,6.2,296.3,11,N,0
-13.8536,132.4416,304.9,1.2,1.1,2014-10-02,1336,Terra,MODIS,48,6.2,291.7,7.5,N,0
-14.1886,133.761,307.6,1.1,1,2014-10-02,1336,Terra,MODIS,70,6.2,294.5,7.3,N,0
-14.1229,133.9164,304.9,1.1,1,2014-10-02,1336,Terra,MODIS,51,6.2,293.2,5.1,N,0
-14.1579,133.9174,310.2,1.1,1,2014-10-02,1336,Terra,MODIS,79,6.2,294.8,8.2,N,0
-13.8452,132.4289,304.5,1.2,1.1,2014-10-02,1336,Terra,MODIS,56,6.2,292.7,7.2,N,0
-13.9907,131.3094,314.3,1.5,1.2,2014-10-02,1336,Terra,MODIS,88,6.2,296.4,18.3,N,0
-14.1973,134.0425,305.7,1.1,1,2014-10-02,1336,Terra,MODIS,46,6.2,295.5,4.7,N,0
-14.1858,133.8513,316.9,1.1,1,2014-10-02,1336,Terra,MODIS,94,6.2,294.7,14.1,N,0
-13.9378,132.5741,306.1,1.2,1.1,2014-10-02,1336,Terra,MODIS,35,6.2,294.9,6.8,N,0
-14.1792,133.8302,304.4,1.1,1,2014-10-02,1336,Terra,MODIS,37,6.2,294.3,4.3,N,0
-14.5036,144.4698,316.8,3.3,1.7,2014-10-02,1336,Terra,MODIS,85,6.2,290.3,87.1,N,0
-14.5046,144.4446,304.4,3.3,1.7,2014-10-02,1336,Terra,MODIS,36,6.2,288.4,40.6,N,0
-14.4991,144.4741,308.7,3.3,1.7,2014-10-02,1336,Terra,MODIS,71,6.2,289.9,55.4,N,0
-16.6413,130.823,311.9,1.7,1.3,2014-10-02,1336,Terra,MODIS,84,6.2,298.3,16.8,N,0
-16.645,130.817,316.1,1.7,1.3,2014-10-02,1336,Terra,MODIS,93,6.2,298.5,23.8,N,0
-12.4113,141.9065,306.2,2.3,1.5,2014-10-02,1336,Terra,MODIS,43,6.2,291.9,22.1,N,0
-12.4148,141.8855,322.8,2.3,1.5,2014-10-02,1336,Terra,MODIS,100,6.2,292.8,68.1,N,0
-14.3351,133.8952,311.3,1.1,1,2014-10-02,1336,Terra,MODIS,81,6.2,296.1,9.2,N,0
-14.3336,133.7882,305.3,1.1,1,2014-10-02,1336,Terra,MODIS,61,6.2,294,6.2,N,0
-14.3364,133.8853,319.1,1.1,1,2014-10-02,1336,Terra,MODIS,98,6.2,296.6,16.2,N,0
-15.3016,143.5089,303.5,2.7,1.6,2014-10-02,1336,Terra,MODIS,39,6.2,292.1,20.8,N,0
-15.3053,143.5165,306.3,2.7,1.6,2014-10-02,1336,Terra,MODIS,68,6.2,292.1,28.3,N,0
-14.3337,133.9051,308.6,1.1,1,2014-10-02,1336,Terra,MODIS,74,6.2,295.1,7.4,N,0
-15.3616,143.5271,303.1,2.7,1.6,2014-10-02,1336,Terra,MODIS,31,6.2,291.9,19.8,N,0
-13.9371,131.3023,333.3,1.5,1.2,2014-10-02,1336,Terra,MODIS,100,6.2,297.1,52.9,N,0
-13.9321,131.3096,307.8,1.5,1.2,2014-10-02,1336,Terra,MODIS,28,6.2,295.5,8.9,N,0
-13.9338,131.2962,322.5,1.5,1.2,2014-10-02,1336,Terra,MODIS,100,6.2,296.4,29.5,N,0
-13.9478,131.3038,314.6,1.5,1.2,2014-10-02,1336,Terra,MODIS,89,6.2,296.4,17.2,N,0
-12.4483,131.7469,314.1,1.3,1.1,2014-10-02,1337,Terra,MODIS,89,6.2,293.7,18.2,N,0
-12.8429,135.0514,310.8,1,1,2014-10-02,1337,Terra,MODIS,81,6.2,294.7,9.4,N,0
-13.3826,134.2832,305.6,1,1,2014-10-02,1337,Terra,MODIS,16,6.2,294.3,5.1,N,0
-13.3982,134.2374,307.4,1,1,2014-10-02,1337,Terra,MODIS,71,6.2,294.3,6.7,N,0
-13.3969,134.2468,308,1,1,2014-10-02,1337,Terra,MODIS,67,6.2,294.3,6.8,N,0
-13.567,130.3248,310.9,1.7,1.3,2014-10-02,1337,Terra,MODIS,80,6.2,293.7,20.4,N,0
-12.2922,132.3125,305.2,1.2,1.1,2014-10-02,1337,Terra,MODIS,63,6.2,294,7.9,N,0
-13.5367,131.9088,307.2,1.3,1.1,2014-10-02,1337,Terra,MODIS,37,6.2,296.6,7.1,N,0
-13.5249,131.9194,309,1.3,1.1,2014-10-02,1337,Terra,MODIS,51,6.2,296.9,9,N,0
-13.5265,131.9076,308,1.3,1.1,2014-10-02,1337,Terra,MODIS,39,6.2,297.1,7.9,N,0
-13.503,131.9286,343.5,1.3,1.1,2014-10-02,1337,Terra,MODIS,100,6.2,298.6,69.3,N,0
-13.5045,131.9166,328,1.3,1.1,2014-10-02,1337,Terra,MODIS,100,6.2,296.9,34.9,N,0
-13.468,131.8934,306.2,1.3,1.1,2014-10-02,1337,Terra,MODIS,47,6.2,295.1,7.3,N,0
-12.2937,132.3015,318.5,1.2,1.1,2014-10-02,1337,Terra,MODIS,97,6.2,293.5,21.3,N,0
-13.3216,131.3651,308,1.4,1.2,2014-10-02,1337,Terra,MODIS,24,6.2,295.8,8.8,N,0
-13.311,131.3637,307.4,1.4,1.2,2014-10-02,1337,Terra,MODIS,38,6.2,295.7,8.6,N,0
-13.3305,131.3795,307.9,1.4,1.2,2014-10-02,1337,Terra,MODIS,22,6.2,296.1,8.7,N,0
-13.32,131.3781,328.1,1.4,1.2,2014-10-02,1337,Terra,MODIS,100,6.2,296.3,39.4,N,0
-13.4928,131.9271,317.5,1.3,1.1,2014-10-02,1337,Terra,MODIS,95,6.2,295.7,19.2,N,0
-13.4943,131.9151,332.6,1.3,1.1,2014-10-02,1337,Terra,MODIS,100,6.2,297.3,44.1,N,0
-13.4627,134.3014,304.4,1,1,2014-10-02,1337,Terra,MODIS,60,6.2,293.9,5.3,N,0
-12.5249,135.6653,306.5,1,1,2014-10-02,1337,Terra,MODIS,68,6.2,295.2,6.3,N,0
-12.9766,131.4503,320,1.4,1.2,2014-10-02,1337,Terra,MODIS,100,6.2,296.3,24.9,N,0
-12.8084,132.8587,310,1.1,1.1,2014-10-02,1337,Terra,MODIS,78,6.2,297.6,9.1,N,0
-12.8269,130.662,307.6,1.6,1.2,2014-10-02,1337,Terra,MODIS,72,6.2,294.2,12.2,N,0
-12.987,131.4517,306.3,1.4,1.2,2014-10-02,1337,Terra,MODIS,11,6.2,295.1,7.5,N,0
-12.8129,132.8543,312.8,1.1,1.1,2014-10-02,1337,Terra,MODIS,56,6.2,297.7,10.9,N,0
-12.8294,130.6541,311.4,1.6,1.2,2014-10-02,1337,Terra,MODIS,82,6.2,294,17.5,N,0
-12.8098,132.8479,308.2,1.1,1.1,2014-10-02,1337,Terra,MODIS,60,6.2,296.7,7.9,N,0
-12.8288,130.6477,305.5,1.6,1.2,2014-10-02,1337,Terra,MODIS,65,6.2,293.7,9.8,N,0
-22.8555,149.0833,300.8,1.7,1.3,2014-10-02,1504,Aqua,MODIS,12,6.2,288.8,9.1,N,0
-25.666,146.6017,318.4,2.2,1.4,2014-10-02,1505,Aqua,MODIS,85,6.2,286.3,55.3,N,0
-25.6626,146.585,336.4,2.2,1.4,2014-10-02,1505,Aqua,MODIS,100,6.2,288.3,125,N,0
-25.6745,146.5772,305.3,2.2,1.4,2014-10-02,1505,Aqua,MODIS,64,6.2,285.5,28,N,0
-26.8103,152.1386,300.7,1,1,2014-10-02,1505,Aqua,MODIS,32,6.2,283.6,7.3,N,0
-26.8119,152.149,303,1,1,2014-10-02,1505,Aqua,MODIS,53,6.2,284.1,8.7,N,0
-25.6668,146.6065,305.8,2.2,1.4,2014-10-02,1505,Aqua,MODIS,54,6.2,285.3,27.2,N,0
-25.6754,146.5819,305.4,2.2,1.4,2014-10-02,1505,Aqua,MODIS,57,6.2,285.5,26.7,N,0
-25.6617,146.5802,328.1,2.2,1.4,2014-10-02,1505,Aqua,MODIS,100,6.2,287.6,87.5,N,0
-34.462,150.889,300.2,1,1,2014-10-02,1507,Aqua,MODIS,22,6.2,285.5,6.5,N,2
-22.7085,122.6435,304.5,3.6,1.8,2014-10-02,1512,Terra,MODIS,60,6.2,293.4,33.9,N,0
-22.7163,122.6523,303.8,3.6,1.8,2014-10-02,1512,Terra,MODIS,57,6.2,292.9,31.1,N,0
-21.4771,117.6956,313.7,1.7,1.3,2014-10-02,1513,Terra,MODIS,88,6.2,298,18.9,N,0
-21.4628,117.7097,308.1,1.7,1.3,2014-10-02,1513,Terra,MODIS,26,6.2,298.1,10.1,N,0
-21.4657,117.6931,337.2,1.7,1.3,2014-10-02,1513,Terra,MODIS,100,6.2,300.8,75.1,N,0
-21.4543,117.6908,363.9,1.7,1.3,2014-10-02,1513,Terra,MODIS,100,6.2,301,199.4,N,0
-21.4546,117.7013,324,1.7,1.3,2014-10-02,1513,Terra,MODIS,100,6.2,299.1,39,N,0
-21.4914,117.6815,316.2,1.7,1.3,2014-10-02,1513,Terra,MODIS,93,6.2,297.2,24,N,0
-21.4801,117.6789,312.8,1.7,1.3,2014-10-02,1513,Terra,MODIS,42,6.2,297.3,16.5,N,0
-21.4829,117.6627,314.9,1.7,1.3,2014-10-02,1513,Terra,MODIS,56,6.2,296.8,20.5,N,0
-21.4687,117.6766,345.4,1.7,1.3,2014-10-02,1513,Terra,MODIS,100,6.2,300.3,103.5,N,0
-21.4771,117.6291,309,1.7,1.3,2014-10-02,1513,Terra,MODIS,76,6.2,296,12.7,N,0
-21.4572,117.6747,334.8,1.7,1.3,2014-10-02,1513,Terra,MODIS,100,6.2,298.5,64.9,N,0
-21.4629,117.6428,328.7,1.7,1.3,2014-10-02,1513,Terra,MODIS,100,6.2,297.7,49.3,N,0
-21.4515,117.6408,320.3,1.7,1.3,2014-10-02,1513,Terra,MODIS,100,6.2,296.7,30.4,N,0
-21.4575,117.6848,364.1,1.7,1.3,2014-10-02,1513,Terra,MODIS,100,6.2,302.6,201.7,N,0
-21.4602,117.6687,323,1.7,1.3,2014-10-02,1513,Terra,MODIS,100,6.2,297.9,35.4,N,0
-21.4657,117.6369,310.4,1.7,1.3,2014-10-02,1513,Terra,MODIS,28,6.2,296.7,12.8,N,0
-21.4515,117.6508,328.6,1.7,1.3,2014-10-02,1513,Terra,MODIS,100,6.2,297.6,51,N,0
-21.4543,117.6348,319,1.7,1.3,2014-10-02,1513,Terra,MODIS,98,6.2,296.6,29.2,N,0
-21.3975,117.6228,322.5,1.7,1.3,2014-10-02,1513,Terra,MODIS,100,6.2,297.9,37.4,N,0
-21.3833,117.6365,330.6,1.7,1.3,2014-10-02,1513,Terra,MODIS,100,6.2,298.6,56.5,N,0
-21.3861,117.6206,321.1,1.7,1.3,2014-10-02,1513,Terra,MODIS,100,6.2,298,33.3,N,0
-20.5996,116.7744,305.1,1.5,1.2,2014-10-02,1513,Terra,MODIS,16,6.2,294.6,9.2,N,2
-21.1524,118.6121,306.4,2,1.4,2014-10-02,1513,Terra,MODIS,59,6.2,294.9,14.7,N,0
-21.1558,118.5932,314.8,2,1.4,2014-10-02,1513,Terra,MODIS,90,6.2,294.9,32.2,N,0
-20.6129,116.7621,311.7,1.5,1.2,2014-10-02,1513,Terra,MODIS,76,6.2,294.8,16.6,N,0
-20.5959,116.7829,307.2,1.5,1.2,2014-10-02,1513,Terra,MODIS,29,6.2,295,10.5,N,2
-21.3512,117.8161,309.1,1.7,1.3,2014-10-02,1513,Terra,MODIS,76,6.2,298.2,12.5,N,0
-21.36,117.7669,310.6,1.7,1.3,2014-10-02,1513,Terra,MODIS,80,6.2,297.7,14.5,N,0
-21.363,117.7501,308.7,1.7,1.3,2014-10-02,1513,Terra,MODIS,74,6.2,297.2,11.6,N,0
-21.3426,117.7973,315.2,1.7,1.3,2014-10-02,1513,Terra,MODIS,91,6.2,298.6,21.5,N,0
-21.3456,117.7809,355.3,1.7,1.3,2014-10-02,1513,Terra,MODIS,100,6.2,300.3,155.2,N,0
-21.3485,117.7645,331.3,1.7,1.3,2014-10-02,1513,Terra,MODIS,100,6.2,298.6,59,N,0
-21.3439,117.809,314.5,1.7,1.3,2014-10-02,1513,Terra,MODIS,89,6.2,298.7,20.6,N,0
-21.3467,117.7926,314.7,1.7,1.3,2014-10-02,1513,Terra,MODIS,89,6.2,298.7,20.3,N,0
-21.3496,117.7761,352.7,1.7,1.3,2014-10-02,1513,Terra,MODIS,100,6.2,300.7,141.5,N,0
-21.3524,117.7598,313,1.7,1.3,2014-10-02,1513,Terra,MODIS,81,6.2,298.1,16.8,N,0
-21.3662,117.6661,324.3,1.7,1.3,2014-10-02,1513,Terra,MODIS,100,6.2,297.5,40.3,N,0
-21.3693,117.6612,334.6,1.7,1.3,2014-10-02,1513,Terra,MODIS,100,6.2,298.5,68.3,N,0
-21.369,117.6502,334.4,1.7,1.3,2014-10-02,1513,Terra,MODIS,100,6.2,298.8,67.3,N,0
-21.3721,117.6453,319.9,1.7,1.3,2014-10-02,1513,Terra,MODIS,99,6.2,298.2,30.9,N,0
-21.1646,117.6418,312.9,1.7,1.3,2014-10-02,1513,Terra,MODIS,86,6.2,298.9,17.8,N,0
-21.1618,117.658,308.2,1.7,1.3,2014-10-02,1513,Terra,MODIS,74,6.2,298.2,10.5,N,0
-13.3913,134.2505,303,1.2,1.1,2014-10-02,1640,Aqua,MODIS,53,6.2,292.4,6.1,N,0
-12.4457,131.7527,302.4,1,1,2014-10-02,1640,Aqua,MODIS,49,6.2,291.7,5.1,N,0
-13.9366,131.308,316.7,1,1,2014-10-02,1640,Aqua,MODIS,94,6.2,296.2,13.5,N,0
-13.9353,131.2987,305.8,1,1,2014-10-02,1640,Aqua,MODIS,57,6.2,295.8,5.1,N,0
-13.5681,130.3339,307.8,1.1,1,2014-10-02,1640,Aqua,MODIS,73,6.2,293.4,8.9,N,0
-14.1864,132.6412,312.5,1,1,2014-10-02,1640,Aqua,MODIS,85,6.2,295.7,10.9,N,0
-13.9233,136.4489,311.9,1.6,1.2,2014-10-02,1640,Aqua,MODIS,84,6.2,291.8,22.3,N,0
-14.1837,133.8591,305.4,1.1,1.1,2014-10-02,1640,Aqua,MODIS,64,6.2,292.7,7.1,N,0
-13.4944,131.929,309.9,1,1,2014-10-02,1640,Aqua,MODIS,79,6.2,294.9,8.3,N,0
-13.9252,136.4637,318.4,1.6,1.2,2014-10-02,1640,Aqua,MODIS,97,6.2,292.7,33.8,N,0
-14.0784,132.6629,318.7,1,1,2014-10-02,1640,Aqua,MODIS,97,6.2,293.1,16.1,N,0
-14.0693,132.6642,306.9,1,1,2014-10-02,1640,Aqua,MODIS,63,6.2,291.2,7,N,0
-14.0798,132.6723,316.8,1,1,2014-10-02,1640,Aqua,MODIS,94,6.2,292.9,14.5,N,0
-14.1542,133.9269,306,1.1,1.1,2014-10-02,1640,Aqua,MODIS,67,6.2,292.8,8,N,0
-14.0889,132.671,308.6,1,1,2014-10-02,1640,Aqua,MODIS,54,6.2,292.7,8.1,N,0
-13.5034,131.9277,314.5,1,1,2014-10-02,1640,Aqua,MODIS,87,6.2,295.2,11,N,0
-13.3086,131.3624,311.9,1,1,2014-10-02,1640,Aqua,MODIS,84,6.2,294.9,10,N,0
-13.9174,132.5646,310,1,1,2014-10-02,1640,Aqua,MODIS,44,6.2,291.3,8.8,N,0
-13.5047,131.9369,326.7,1,1,2014-10-02,1640,Aqua,MODIS,100,6.2,296,23.1,N,0
-13.31,131.3716,309.8,1,1,2014-10-02,1640,Aqua,MODIS,78,6.2,294.9,8.3,N,0
-14.1298,133.9624,303,1.1,1.1,2014-10-02,1640,Aqua,MODIS,49,6.2,292.2,5.2,N,0
-14.1556,133.9374,310.3,1.1,1.1,2014-10-02,1640,Aqua,MODIS,80,6.2,292.9,11.2,N,0
-17.8078,131.0932,309.2,1,1,2014-10-02,1641,Aqua,MODIS,77,6.2,292.9,8.6,N,0
-17.7947,131.0665,313,1,1,2014-10-02,1641,Aqua,MODIS,86,6.2,295.9,10.9,N,0
-17.7961,131.0759,326.5,1,1,2014-10-02,1641,Aqua,MODIS,100,6.2,297,23.2,N,0
-17.7975,131.0853,316.7,1,1,2014-10-02,1641,Aqua,MODIS,94,6.2,295,13.7,N,0
-17.9068,131.9131,303.4,1,1,2014-10-02,1641,Aqua,MODIS,55,6.2,291.6,6.1,N,0
-17.9082,131.9228,304.3,1,1,2014-10-02,1641,Aqua,MODIS,59,6.2,291.1,6.7,N,0
-17.8135,131.006,307.9,1,1,2014-10-02,1641,Aqua,MODIS,38,6.2,295.8,6.6,N,0
-17.8121,130.9966,305.7,1,1,2014-10-02,1641,Aqua,MODIS,6,6.2,295.4,5.1,N,0
-18.1499,131.1689,306.6,1,1,2014-10-02,1641,Aqua,MODIS,68,6.2,291.1,8.4,N,0
-17.4946,132.7078,321.7,1.1,1,2014-10-02,1641,Aqua,MODIS,100,6.2,293.5,21.6,N,0
-18.1399,131.1667,305.6,1,1,2014-10-02,1641,Aqua,MODIS,65,6.2,291.4,7.2,N,0
-18.1376,131.0841,302.6,1,1,2014-10-02,1641,Aqua,MODIS,50,6.2,291,6.1,N,0
-17.8024,131.0557,303.5,1,1,2014-10-02,1641,Aqua,MODIS,49,6.2,292.4,4.7,N,0
-16.949,124.4623,321.7,2.2,1.4,2014-10-02,1641,Aqua,MODIS,100,6.2,294.2,53.2,N,0
-16.9582,124.4397,319.4,2.2,1.4,2014-10-02,1641,Aqua,MODIS,98,6.2,294.7,46.2,N,0
-18.1503,130.7935,305.1,1,1,2014-10-02,1641,Aqua,MODIS,27,6.2,291.8,5.9,N,0
-16.9709,124.4371,317,2.2,1.4,2014-10-02,1641,Aqua,MODIS,94,6.2,294.3,41.2,N,0
-16.9744,124.4572,306.9,2.2,1.4,2014-10-02,1641,Aqua,MODIS,70,6.2,294.1,17.4,N,0
-16.1118,127.9447,309.5,1.3,1.1,2014-10-02,1641,Aqua,MODIS,75,6.2,296.3,7.8,N,0
-16.1137,127.9562,332,1.3,1.1,2014-10-02,1641,Aqua,MODIS,100,6.2,299.2,40.2,N,0
-16.118,127.9195,308.1,1.3,1.1,2014-10-02,1641,Aqua,MODIS,25,6.2,296.6,6.5,N,0
-16.12,127.9314,317.5,1.3,1.1,2014-10-02,1641,Aqua,MODIS,95,6.2,297.5,17.2,N,0
-16.1219,127.9429,306.6,1.3,1.1,2014-10-02,1641,Aqua,MODIS,9,6.2,296.1,5,N,0
-18.1566,130.7733,305.2,1,1,2014-10-02,1641,Aqua,MODIS,37,6.2,292.4,5.8,N,0
-16.943,124.4356,313.4,2.2,1.4,2014-10-02,1641,Aqua,MODIS,87,6.2,294.1,30.6,N,0
-16.9467,124.4556,324.4,2.2,1.4,2014-10-02,1641,Aqua,MODIS,100,6.2,294.7,62.5,N,0
-16.9557,124.4331,325.8,2.2,1.4,2014-10-02,1641,Aqua,MODIS,100,6.2,294.8,69,N,0
-16.9685,124.4305,311.2,2.2,1.4,2014-10-02,1641,Aqua,MODIS,82,6.2,294.1,27.4,N,0
-16.952,124.413,322.9,2.2,1.4,2014-10-02,1641,Aqua,MODIS,100,6.2,294,57.5,N,0
-16.9721,124.4505,315.4,2.2,1.4,2014-10-02,1641,Aqua,MODIS,91,6.2,294.4,37,N,0
-16.1156,127.968,314.9,1.3,1.1,2014-10-02,1641,Aqua,MODIS,90,6.2,298.8,13.6,N,0
-18.158,130.7827,306.2,1,1,2014-10-02,1641,Aqua,MODIS,49,6.2,291.5,6.7,N,0
-18.189,130.8097,305.1,1,1,2014-10-02,1641,Aqua,MODIS,63,6.2,291.9,7,N,0
-17.2632,126.8374,308.2,1.4,1.2,2014-10-02,1641,Aqua,MODIS,61,6.2,296,10.7,N,0
-17.2548,126.8527,329.4,1.4,1.2,2014-10-02,1641,Aqua,MODIS,100,6.2,297.2,43.9,N,0
-17.2526,126.8394,330.6,1.4,1.2,2014-10-02,1641,Aqua,MODIS,100,6.2,296.8,45.9,N,0
-17.4792,130.4917,305.4,1,1,2014-10-02,1641,Aqua,MODIS,64,6.2,289.9,6.5,N,0
-17.2442,126.8546,315.3,1.4,1.2,2014-10-02,1641,Aqua,MODIS,91,6.2,296.1,19.1,N,0
-16.9546,124.4195,324,2.2,1.4,2014-10-02,1641,Aqua,MODIS,100,6.2,294.4,60,N,0
-17.4938,130.5278,312.7,1,1,2014-10-02,1641,Aqua,MODIS,85,6.2,292,11.4,N,0
-16.9355,124.3953,314.5,2.2,1.4,2014-10-02,1641,Aqua,MODIS,89,6.2,293.7,34.7,N,0
-17.4924,130.5184,319.4,1,1,2014-10-02,1641,Aqua,MODIS,99,6.2,291.7,17,N,0
-16.9383,124.4019,329.6,2.2,1.4,2014-10-02,1641,Aqua,MODIS,100,6.2,294.3,83.9,N,0
-16.9392,124.4155,330.8,2.2,1.4,2014-10-02,1641,Aqua,MODIS,100,6.2,295,85.1,N,0
-16.9418,124.4221,331.8,2.2,1.4,2014-10-02,1641,Aqua,MODIS,100,6.2,294.9,89.8,N,0
-18.1262,130.8166,320.4,1,1,2014-10-02,1641,Aqua,MODIS,100,6.2,292,19,N,0
-16.6181,130.5794,307.8,1,1,2014-10-02,1641,Aqua,MODIS,73,6.2,297.6,4.8,N,0
-16.6361,130.5766,312.6,1,1,2014-10-02,1641,Aqua,MODIS,85,6.2,297.5,8.1,N,0
-17.4806,130.5011,324.9,1,1,2014-10-02,1641,Aqua,MODIS,100,6.2,293.7,22.9,N,0
-16.9454,124.4422,326.2,2.2,1.4,2014-10-02,1641,Aqua,MODIS,100,6.2,294.4,68.1,N,0
-18.1427,130.9293,316.6,1,1,2014-10-02,1641,Aqua,MODIS,93,6.2,290.5,15.7,N,0
-18.1856,130.8456,329.1,1,1,2014-10-02,1641,Aqua,MODIS,100,6.2,292.5,27.8,N,0
-18.1842,130.8362,331.5,1,1,2014-10-02,1641,Aqua,MODIS,100,6.2,292.7,30.5,N,0
-18.1399,130.9105,327.6,1,1,2014-10-02,1641,Aqua,MODIS,100,6.2,293.1,26.9,N,0
-18.1385,130.9011,334.6,1,1,2014-10-02,1641,Aqua,MODIS,100,6.2,293.7,35.9,N,0
-18.1413,130.9199,300.5,1,1,2014-10-02,1641,Aqua,MODIS,29,6.2,290.3,4.6,N,0
-17.7755,130.9352,305.5,1,1,2014-10-02,1641,Aqua,MODIS,64,6.2,294.4,6,N,0
-18.1358,130.8823,331,1,1,2014-10-02,1641,Aqua,MODIS,100,6.2,292.5,30.8,N,0
-16.7615,130.8659,309.7,1,1,2014-10-02,1641,Aqua,MODIS,78,6.2,296.6,7.2,N,0
-16.7628,130.8753,307.7,1,1,2014-10-02,1641,Aqua,MODIS,72,6.2,297,6,N,0
-17.9439,130.9538,311.2,1,1,2014-10-02,1641,Aqua,MODIS,82,6.2,290.7,10.9,N,0
-18.1372,130.8917,330.6,1,1,2014-10-02,1641,Aqua,MODIS,100,6.2,292.7,30.4,N,0
-18.2172,130.9399,306.3,1,1,2014-10-02,1641,Aqua,MODIS,68,6.2,291.1,8.1,N,0
-18.1344,130.8729,341,1,1,2014-10-02,1641,Aqua,MODIS,100,6.2,295,45.8,N,0
-18.1917,130.8285,313,1,1,2014-10-02,1641,Aqua,MODIS,77,6.2,292.2,11.6,N,0
-18.2014,130.8943,301.6,1,1,2014-10-02,1641,Aqua,MODIS,43,6.2,291,5.3,N,0
-18.2,130.8849,309.5,1,1,2014-10-02,1641,Aqua,MODIS,78,6.2,291.6,10.3,N,0
-18.1931,130.8379,310.6,1,1,2014-10-02,1641,Aqua,MODIS,80,6.2,292.4,10.1,N,0
-18.133,130.8635,377.2,1,1,2014-10-02,1641,Aqua,MODIS,100,6.2,298.8,142.9,N,0
-18.1317,130.8541,323.9,1,1,2014-10-02,1641,Aqua,MODIS,100,6.2,292.4,22.4,N,0
-17.7742,130.9258,308.6,1,1,2014-10-02,1641,Aqua,MODIS,75,6.2,294.4,8.1,N,0
-16.1141,127.8951,317.3,1.3,1.1,2014-10-02,1641,Aqua,MODIS,95,6.2,297.2,17.4,N,0
-17.2565,126.7972,308.8,1.4,1.2,2014-10-02,1641,Aqua,MODIS,76,6.2,295.9,11.6,N,0
-17.0611,126.928,307.1,1.4,1.2,2014-10-02,1641,Aqua,MODIS,70,6.2,295.7,9.6,N,0
-17.0338,126.9602,310.7,1.4,1.2,2014-10-02,1641,Aqua,MODIS,81,6.2,296.1,13.9,N,0
-17.0588,126.9148,306.3,1.4,1.2,2014-10-02,1641,Aqua,MODIS,67,6.2,295.8,8.8,N,0
-17.0307,126.9678,309.4,1.4,1.2,2014-10-02,1641,Aqua,MODIS,77,6.2,296.1,12.3,N,0
-17.2588,126.8106,307.9,1.4,1.2,2014-10-02,1641,Aqua,MODIS,73,6.2,295.9,10.1,N,0
-16.1161,127.9075,330.6,1.3,1.1,2014-10-02,1641,Aqua,MODIS,100,6.2,297.9,38.4,N,0
-22.464,130.3503,326.9,1,1,2014-10-02,1642,Aqua,MODIS,100,6.2,294.8,24,N,0
-19.6589,126.821,311.2,1.3,1.1,2014-10-02,1642,Aqua,MODIS,82,6.2,295.2,13.3,N,0
-19.6487,126.8229,307.5,1.3,1.1,2014-10-02,1642,Aqua,MODIS,72,6.2,294.6,9.9,N,0
-19.616,126.8161,312.7,1.3,1.1,2014-10-02,1642,Aqua,MODIS,40,6.2,296.2,13.8,N,0
-19.6079,126.8306,314.5,1.3,1.1,2014-10-02,1642,Aqua,MODIS,73,6.2,295.8,16,N,0
-19.5998,126.845,307.7,1.3,1.1,2014-10-02,1642,Aqua,MODIS,72,6.2,295.2,9.5,N,0
-22.4459,130.3533,305.3,1,1,2014-10-02,1642,Aqua,MODIS,61,6.2,294.1,5.6,N,0
-20.9668,130.6184,320.2,1,1,2014-10-02,1642,Aqua,MODIS,100,6.2,295.6,17.8,N,0
-20.9682,130.628,347.3,1,1,2014-10-02,1642,Aqua,MODIS,100,6.2,297.3,56.6,N,0
-20.9696,130.6376,322.6,1,1,2014-10-02,1642,Aqua,MODIS,100,6.2,293.7,20.2,N,0
-20.9758,130.6169,354,1,1,2014-10-02,1642,Aqua,MODIS,100,6.2,296.7,71.8,N,0
-20.9772,130.6265,366.8,1,1,2014-10-02,1642,Aqua,MODIS,100,6.2,298.5,106.4,N,0
-20.9786,130.6362,321.2,1,1,2014-10-02,1642,Aqua,MODIS,100,6.2,293.6,19.1,N,0
-20.98,130.6458,304.5,1,1,2014-10-02,1642,Aqua,MODIS,61,6.2,292.2,6.2,N,0
-22.4535,130.3421,318.9,1,1,2014-10-02,1642,Aqua,MODIS,98,6.2,295.3,15.4,N,0
-22.4549,130.3518,337.2,1,1,2014-10-02,1642,Aqua,MODIS,100,6.2,297,38.4,N,0
-22.4473,130.363,306.7,1,1,2014-10-02,1642,Aqua,MODIS,69,6.2,294.4,6.7,N,0
-22.4626,130.3406,349.9,1,1,2014-10-02,1642,Aqua,MODIS,100,6.2,296.3,61.4,N,0
-19.5877,126.9438,303.9,1.3,1.1,2014-10-02,1642,Aqua,MODIS,57,6.2,293.8,6.4,N,0
-19.5978,126.9419,305.1,1.3,1.1,2014-10-02,1642,Aqua,MODIS,63,6.2,294.4,7.2,N,0
-19.628,126.762,311.8,1.3,1.1,2014-10-02,1642,Aqua,MODIS,83,6.2,295.3,13.7,N,0
-19.6607,126.7036,312.2,1.3,1.1,2014-10-02,1642,Aqua,MODIS,46,6.2,295.5,13.3,N,0
-19.6628,126.7163,326.2,1.3,1.1,2014-10-02,1642,Aqua,MODIS,100,6.2,296.6,33.4,N,0
-19.6596,126.7113,325.5,1.3,1.1,2014-10-02,1642,Aqua,MODIS,100,6.2,296.2,32.4,N,0
-19.6699,126.7094,318.6,1.3,1.1,2014-10-02,1642,Aqua,MODIS,97,6.2,296.6,22.1,N,0
-19.678,126.6948,362.7,1.3,1.1,2014-10-02,1642,Aqua,MODIS,100,6.2,301.7,139.4,N,0
-19.6802,126.7075,339.3,1.3,1.1,2014-10-02,1642,Aqua,MODIS,100,6.2,299,60.7,N,0
-19.6883,126.6929,382.1,1.3,1.1,2014-10-02,1642,Aqua,MODIS,100,6.2,304.8,244.2,N,0
-19.6905,126.7056,328.8,1.3,1.1,2014-10-02,1642,Aqua,MODIS,100,6.2,296.3,37,N,0
-19.699,126.7562,305.9,1.3,1.1,2014-10-02,1642,Aqua,MODIS,66,6.2,294.6,8.2,N,0
-19.7132,126.7145,308.6,1.3,1.1,2014-10-02,1642,Aqua,MODIS,30,6.2,293.9,10.2,N,0
-19.6759,126.6821,319.6,1.3,1.1,2014-10-02,1642,Aqua,MODIS,81,6.2,295.9,22.3,N,0
-19.6862,126.6802,387.5,1.3,1.1,2014-10-02,1642,Aqua,MODIS,100,6.2,304.1,283.2,N,0
-19.6943,126.6656,359.4,1.3,1.2,2014-10-02,1642,Aqua,MODIS,100,6.2,301.9,127.4,N,0
-19.6965,126.6783,336.3,1.3,1.1,2014-10-02,1642,Aqua,MODIS,100,6.2,299,52.9,N,0
-19.7025,126.6508,306.1,1.4,1.2,2014-10-02,1642,Aqua,MODIS,14,6.2,294.9,7.8,N,0
-19.7046,126.6637,364.5,1.3,1.2,2014-10-02,1642,Aqua,MODIS,100,6.2,299.3,150.3,N,0
-19.5977,126.8325,305.8,1.3,1.1,2014-10-02,1642,Aqua,MODIS,17,6.2,295.4,6.9,N,0
-20.4307,133.4179,305.6,1.2,1.1,2014-10-02,1642,Aqua,MODIS,65,6.2,293.2,8.3,N,0
-20.4407,133.4164,310.5,1.2,1.1,2014-10-02,1642,Aqua,MODIS,77,6.2,293.5,12.1,N,0
-20.4292,133.4059,313.2,1.2,1.1,2014-10-02,1642,Aqua,MODIS,87,6.2,295.1,15.5,N,0
-20.4392,133.4045,366.6,1.2,1.1,2014-10-02,1642,Aqua,MODIS,100,6.2,296.9,144.7,N,0
-22.2399,125.6389,307.7,1.4,1.2,2014-10-02,1643,Aqua,MODIS,67,6.2,275.8,15.8,N,0
-21.9571,124.1608,306.1,1.8,1.3,2014-10-02,1643,Aqua,MODIS,67,6.2,294.1,13.9,N,0
-21.9485,124.1806,310.7,1.8,1.3,2014-10-02,1643,Aqua,MODIS,81,6.2,293.7,20.3,N,0
-22.7728,122.6529,302.2,2.2,1.4,2014-10-02,1643,Aqua,MODIS,29,6.2,291.6,18.6,N,0
-22.7081,122.6524,307.9,2.2,1.4,2014-10-02,1643,Aqua,MODIS,73,6.2,294.4,24.4,N,0
-22.7042,122.6457,304.4,2.2,1.4,2014-10-02,1643,Aqua,MODIS,45,6.2,294.3,15.2,N,0
-12.7332,141.8212,320.2,2.5,1.5,2014-10-03,0027,Terra,MODIS,29,6.2,299.8,33.3,D,0
-12.74,141.8134,318.1,2.5,1.5,2014-10-03,0027,Terra,MODIS,52,6.2,299,31.4,D,0
-13.4055,142.0075,318.9,2.3,1.5,2014-10-03,0027,Terra,MODIS,70,6.2,297.6,31.3,D,0
-15.6895,144.553,325.4,1.4,1.2,2014-10-03,0027,Terra,MODIS,72,6.2,307.1,18.2,D,0
-15.9967,144.2815,331.9,1.4,1.2,2014-10-03,0027,Terra,MODIS,72,6.2,310.7,25.4,D,0
-15.9884,144.2636,326.3,1.4,1.2,2014-10-03,0027,Terra,MODIS,29,6.2,311.2,16.5,D,0
-16.0011,144.2746,334.4,1.4,1.2,2014-10-03,0027,Terra,MODIS,83,6.2,310.4,32.8,D,0
-12.4148,141.8978,334.6,2.5,1.5,2014-10-03,0027,Terra,MODIS,86,6.2,302.5,94.3,D,0
-16.0116,144.5049,326.7,1.4,1.2,2014-10-03,0027,Terra,MODIS,65,6.2,309.2,19.2,D,0
-15.9868,144.4838,330,1.4,1.2,2014-10-03,0027,Terra,MODIS,69,6.2,307.6,26.9,D,0
-15.3064,143.6528,328.1,1.6,1.2,2014-10-03,0027,Terra,MODIS,69,6.2,300.8,28.9,D,0
-15.3573,143.5451,364.3,1.6,1.3,2014-10-03,0027,Terra,MODIS,100,6.2,307.3,168.4,D,0
-15.3349,143.6166,332.3,1.6,1.2,2014-10-03,0027,Terra,MODIS,55,6.2,304.2,34.6,D,0
-15.3162,143.5735,334.2,1.6,1.3,2014-10-03,0027,Terra,MODIS,82,6.2,304.8,36.8,D,0
-15.5084,145.0691,328.9,1.3,1.1,2014-10-03,0027,Terra,MODIS,76,6.2,300.6,24.8,D,0
-15.3137,143.5585,326.3,1.6,1.3,2014-10-03,0027,Terra,MODIS,51,6.2,306.3,17.1,D,0
-15.3598,143.56,338.3,1.6,1.3,2014-10-03,0027,Terra,MODIS,86,6.2,304.6,48.3,D,0
-15.3623,143.575,334.2,1.6,1.3,2014-10-03,0027,Terra,MODIS,72,6.2,305.3,36.5,D,0
-16.0136,144.5173,325,1.4,1.2,2014-10-03,0027,Terra,MODIS,54,6.2,308.6,16.9,D,0
-15.3685,143.5432,341.6,1.6,1.3,2014-10-03,0027,Terra,MODIS,89,6.2,304.7,61.1,D,0
-16.024,144.5155,330.9,1.4,1.2,2014-10-03,0027,Terra,MODIS,77,6.2,310,25.2,D,0
-15.2974,143.5304,334.1,1.6,1.3,2014-10-03,0027,Terra,MODIS,77,6.2,306.5,38.9,D,0
-15.3149,143.5679,330.6,1.6,1.3,2014-10-03,0027,Terra,MODIS,79,6.2,305.1,24.6,D,0
-15.2949,143.5152,330.9,1.6,1.3,2014-10-03,0027,Terra,MODIS,77,6.2,305.5,31.3,D,0
-12.4856,142.3069,316.4,2.3,1.5,2014-10-03,0027,Terra,MODIS,47,6.2,295.8,19.5,D,0
-18.2722,145.9567,365.2,1.1,1,2014-10-03,0028,Terra,MODIS,100,6.2,297.4,102.8,D,0
-18.2707,145.9466,337.3,1.1,1,2014-10-03,0028,Terra,MODIS,86,6.2,297.8,34.3,D,0
-18.2645,145.9683,321.8,1.1,1,2014-10-03,0028,Terra,MODIS,33,6.2,299.4,10.4,D,0
-21.1138,144.4813,346,1.2,1.1,2014-10-03,0029,Terra,MODIS,90,6.2,313.1,46.4,D,0
-21.5739,149.381,335.9,1.1,1.1,2014-10-03,0029,Terra,MODIS,85,6.2,299,37.3,D,0
-21.5753,149.392,318.8,1.1,1.1,2014-10-03,0029,Terra,MODIS,61,6.2,296.7,12.5,D,0
-21.1041,144.501,328.4,1.2,1.1,2014-10-03,0029,Terra,MODIS,34,6.2,313,10.3,D,0
-21.4275,148.971,318.7,1.1,1,2014-10-03,0029,Terra,MODIS,30,6.2,301.8,10.2,D,0
-21.1156,144.4924,328.2,1.2,1.1,2014-10-03,0029,Terra,MODIS,56,6.2,312.4,11.1,D,0
-21.4261,148.9605,331.3,1.1,1,2014-10-03,0029,Terra,MODIS,81,6.2,301.9,26.5,D,0
-24.1127,150.5882,312,1.4,1.2,2014-10-03,0029,Terra,MODIS,23,6.2,293.8,9.7,D,0
-22.8467,149.0815,328.3,1.1,1.1,2014-10-03,0029,Terra,MODIS,80,6.2,299.2,23.1,D,0
-25.4722,145.497,328.8,1,1,2014-10-03,0030,Terra,MODIS,71,6.2,308.2,15.1,D,0
-25.6605,146.5853,340.6,1,1,2014-10-03,0030,Terra,MODIS,86,6.2,310.2,28.8,D,0
-25.6515,146.5869,332.7,1,1,2014-10-03,0030,Terra,MODIS,63,6.2,310,16.7,D,0
-26.7432,149.095,324.9,1.3,1.1,2014-10-03,0030,Terra,MODIS,67,6.2,310.3,13.2,D,0
-25.668,146.5776,326.8,1,1,2014-10-03,0030,Terra,MODIS,57,6.2,310,11.2,D,0
-25.6694,146.5876,328.4,1,1,2014-10-03,0030,Terra,MODIS,68,6.2,308.9,12.5,D,0
-28.235,150.1919,324.3,1.5,1.2,2014-10-03,0030,Terra,MODIS,72,6.2,310,15.4,D,0
-30.5562,147.4787,334.6,1.2,1.1,2014-10-03,0031,Terra,MODIS,84,6.2,309.6,28.8,D,0
-30.5417,147.4632,335.4,1.1,1.1,2014-10-03,0031,Terra,MODIS,84,6.2,306.3,30.1,D,0
-30.5547,147.4666,343,1.1,1.1,2014-10-03,0031,Terra,MODIS,90,6.2,309.3,45.4,D,0
-30.5513,147.4616,334.9,1.1,1.1,2014-10-03,0031,Terra,MODIS,84,6.2,307.2,28.2,D,0
-30.5529,147.4736,355.8,1.1,1.1,2014-10-03,0031,Terra,MODIS,98,6.2,310.4,77.8,D,0
-30.5432,147.4752,326.2,1.1,1.1,2014-10-03,0031,Terra,MODIS,74,6.2,307.6,15.4,D,0
-28.4247,148.6485,333,1.2,1.1,2014-10-03,0031,Terra,MODIS,79,6.2,314.3,23.9,D,0
-28.5208,149.1947,330.6,1.3,1.1,2014-10-03,0031,Terra,MODIS,77,6.2,310,23.8,D,0
-28.5105,149.1962,323.3,1.3,1.1,2014-10-03,0031,Terra,MODIS,62,6.2,310.4,11.8,D,0
-28.5311,149.1932,324.1,1.3,1.1,2014-10-03,0031,Terra,MODIS,64,6.2,309.9,12.2,D,0
-29.9902,152.6359,320.7,2.3,1.5,2014-10-03,0031,Terra,MODIS,74,6.2,294.5,57.2,D,0
-36.4577,149.3549,301.2,1.7,1.3,2014-10-03,0033,Terra,MODIS,45,6.2,290.5,8.3,D,0
-36.6143,143.7312,309.5,1,1,2014-10-03,0033,Terra,MODIS,51,6.2,298.1,5.3,D,0
-13.885,132.5261,334.1,3.1,1.7,2014-10-03,0205,Terra,MODIS,63,6.2,304.3,109,D,0
-13.7329,131.714,326.1,2.7,1.6,2014-10-03,0205,Terra,MODIS,65,6.2,306.9,28.9,D,0
-13.3168,131.3791,333,2.5,1.5,2014-10-03,0205,Terra,MODIS,74,6.2,310.2,54.8,D,0
-13.3102,131.3866,329.8,2.5,1.5,2014-10-03,0205,Terra,MODIS,65,6.2,309.8,38.4,D,0
-13.5157,131.9377,329.3,2.8,1.6,2014-10-03,0205,Terra,MODIS,65,6.2,305.1,54.9,D,0
-13.5127,131.9119,336.8,2.8,1.6,2014-10-03,0205,Terra,MODIS,82,6.2,305.8,100.5,D,0
-13.9994,131.3023,334.1,2.5,1.5,2014-10-03,0205,Terra,MODIS,67,6.2,309.3,63.9,D,0
-13.5154,131.9047,327.6,2.8,1.6,2014-10-03,0205,Terra,MODIS,57,6.2,305.9,49.4,D,0
-14.0696,132.6778,331.8,3.2,1.7,2014-10-03,0205,Terra,MODIS,76,6.2,310.8,71.3,D,0
-14.0817,132.671,333,3.2,1.7,2014-10-03,0205,Terra,MODIS,77,6.2,312.1,77.1,D,0
-13.5013,131.9391,325.2,2.8,1.6,2014-10-03,0205,Terra,MODIS,45,6.2,305.4,34.6,D,0
-13.887,132.5314,335.4,3.1,1.7,2014-10-03,0205,Terra,MODIS,67,6.2,304.1,117.1,D,0
-11.2183,132.3127,328.6,2.8,1.6,2014-10-03,0205,Terra,MODIS,41,6.2,306.1,60.4,D,0
-14.0022,131.3254,329.5,2.5,1.5,2014-10-03,0205,Terra,MODIS,52,6.2,309.6,41,D,0
-14.1562,133.9107,326.3,4,1.9,2014-10-03,0205,Terra,MODIS,44,6.2,305.5,56.1,D,0
-13.9856,131.3039,334.2,2.5,1.5,2014-10-03,0205,Terra,MODIS,57,6.2,312.2,61.9,D,0
-13.5182,131.9306,331.8,2.8,1.6,2014-10-03,0205,Terra,MODIS,76,6.2,305.8,71.6,D,0
-13.9218,132.5815,326.5,3.2,1.7,2014-10-03,0205,Terra,MODIS,44,6.2,305.3,48.9,D,0
-13.992,131.2965,336,2.5,1.5,2014-10-03,0205,Terra,MODIS,77,6.2,310.1,74.5,D,0
-13.9946,131.3196,337.4,2.5,1.5,2014-10-03,0205,Terra,MODIS,82,6.2,311,83,D,0
-11.204,132.3147,323.8,2.8,1.6,2014-10-03,0205,Terra,MODIS,15,6.2,303.3,41.2,D,0
-11.2153,132.32,337.9,2.8,1.6,2014-10-03,0205,Terra,MODIS,88,6.2,305.4,119.2,D,0
-13.8836,132.5028,333.6,3.1,1.7,2014-10-03,0205,Terra,MODIS,58,6.2,306.2,95.4,D,0
-11.3953,131.1723,330.9,2.3,1.5,2014-10-03,0205,Terra,MODIS,59,6.2,305.1,53.6,D,0
-12.4502,131.7339,321.9,2.6,1.5,2014-10-03,0205,Terra,MODIS,53,6.2,306.1,23.9,D,0
-12.4133,134.0035,319.7,3.9,1.8,2014-10-03,0205,Terra,MODIS,20,6.2,303.6,39.4,D,0
-12.439,131.7593,347.1,2.6,1.5,2014-10-03,0205,Terra,MODIS,92,6.2,308.6,169.9,D,0
-12.453,131.7576,326.7,2.6,1.5,2014-10-03,0205,Terra,MODIS,62,6.2,307.1,47.1,D,0
-13.5775,130.1904,341.1,2,1.4,2014-10-03,0205,Terra,MODIS,83,6.2,305.4,87.8,D,0
-13.565,130.1919,334.1,2,1.4,2014-10-03,0205,Terra,MODIS,67,6.2,303.2,60.3,D,0
-13.5752,130.1718,344.8,2,1.4,2014-10-03,0205,Terra,MODIS,90,6.2,302.7,111.5,D,0
-13.1187,130.1662,325.2,2,1.4,2014-10-03,0205,Terra,MODIS,44,6.2,305.3,35.2,D,0
-13.5583,130.3473,360.7,2.1,1.4,2014-10-03,0205,Terra,MODIS,100,6.2,305.8,210.2,D,0
-12.4448,131.7414,358.5,2.6,1.5,2014-10-03,0205,Terra,MODIS,99,6.2,308.2,270.1,D,0
-13.5877,130.1704,350.6,2,1.4,2014-10-03,0205,Terra,MODIS,94,6.2,303.1,142.2,D,0
-12.4477,131.765,337.2,2.6,1.5,2014-10-03,0205,Terra,MODIS,85,6.2,307.4,98.7,D,0
-13.5627,130.1734,333.7,2,1.4,2014-10-03,0205,Terra,MODIS,77,6.2,301.6,60.7,D,0
-12.4363,131.7356,344.2,2.6,1.5,2014-10-03,0205,Terra,MODIS,90,6.2,307.9,146.2,D,0
-14.3579,133.9095,331,4.1,1.9,2014-10-03,0205,Terra,MODIS,69,6.2,304.8,114.1,D,0
-14.3498,133.8778,335.7,4,1.9,2014-10-03,0205,Terra,MODIS,80,6.2,306.8,160.9,D,0
-14.3542,133.8724,328.4,4,1.9,2014-10-03,0205,Terra,MODIS,62,6.2,305.7,92.1,D,0
-14.3538,133.9149,335.7,4.1,1.9,2014-10-03,0205,Terra,MODIS,80,6.2,305.4,160.9,D,0
-13.556,130.3281,393.4,2.1,1.4,2014-10-03,0205,Terra,MODIS,100,6.2,309.3,582.5,D,0
-13.5854,130.1519,348.2,2,1.4,2014-10-03,0205,Terra,MODIS,92,6.2,299.6,131.1,D,0
-13.5687,130.3265,333.1,2.1,1.4,2014-10-03,0205,Terra,MODIS,71,6.2,306.6,42.5,D,0
-13.5893,130.1644,349.3,2,1.4,2014-10-03,0205,Terra,MODIS,93,6.2,302.1,133.7,D,0
-13.5537,130.3089,328.6,2.1,1.4,2014-10-03,0205,Terra,MODIS,49,6.2,304.4,25.4,D,0
-16.7747,124.1451,337.3,1,1,2014-10-03,0206,Terra,MODIS,80,6.2,311.5,18.2,D,0
-16.7852,124.1532,345.2,1,1,2014-10-03,0206,Terra,MODIS,89,6.2,315.4,30.5,D,0
-17.254,126.7609,350.1,1.3,1.1,2014-10-03,0206,Terra,MODIS,93,6.2,316.9,65.3,D,0
-17.0449,126.966,331.3,1.3,1.1,2014-10-03,0206,Terra,MODIS,69,6.2,317.4,14.4,D,0
-16.1098,127.9072,330.5,1.5,1.2,2014-10-03,0206,Terra,MODIS,67,6.2,311.6,24.9,D,0
-17.2524,126.7486,332.7,1.3,1.1,2014-10-03,0206,Terra,MODIS,72,6.2,313.7,20.5,D,0
-16.1081,127.8938,336,1.5,1.2,2014-10-03,0206,Terra,MODIS,78,6.2,309.8,38.2,D,0
-16.8096,124.1302,368.6,1,1,2014-10-03,0206,Terra,MODIS,100,6.2,315.3,93.8,D,0
-16.811,124.1396,356,1,1,2014-10-03,0206,Terra,MODIS,97,6.2,316.6,54.6,D,0
-16.8186,124.1288,344.7,1,1,2014-10-03,0206,Terra,MODIS,84,6.2,312.6,33.1,D,0
-16.9519,128.1562,334.2,1.6,1.2,2014-10-03,0206,Terra,MODIS,53,6.2,314.4,28.4,D,0
-16.9295,128.1593,336.5,1.6,1.2,2014-10-03,0206,Terra,MODIS,71,6.2,315,35,D,0
-17.3418,126.8941,337.3,1.3,1.1,2014-10-03,0206,Terra,MODIS,80,6.2,316.3,29.8,D,0
-17.0592,126.9129,331.9,1.3,1.1,2014-10-03,0206,Terra,MODIS,71,6.2,314.8,15.8,D,0
-16.7838,124.1438,369.9,1,1,2014-10-03,0206,Terra,MODIS,100,6.2,314.4,96.6,D,0
-18.2231,130.8174,362.2,2.7,1.6,2014-10-03,0206,Terra,MODIS,100,6.2,309.2,318.5,D,0
-17.2074,126.8042,328.9,1.3,1.1,2014-10-03,0206,Terra,MODIS,43,6.2,311.7,14,D,0
-17.2058,126.7917,336.1,1.3,1.1,2014-10-03,0206,Terra,MODIS,78,6.2,311,30.1,D,0
-17.1987,126.818,330.3,1.3,1.1,2014-10-03,0206,Terra,MODIS,39,6.2,313.2,13.6,D,0
-17.1972,126.8055,363.6,1.3,1.1,2014-10-03,0206,Terra,MODIS,100,6.2,317.3,116.9,D,0
-17.1956,126.793,346.2,1.3,1.1,2014-10-03,0206,Terra,MODIS,90,6.2,314.5,54.3,D,0
-17.2002,126.811,351.8,1.3,1.1,2014-10-03,0206,Terra,MODIS,94,6.2,313.9,69.5,D,0
-17.1986,126.7985,375,1.3,1.1,2014-10-03,0206,Terra,MODIS,100,6.2,316.5,172.9,D,0
-17.19,126.8123,342.5,1.3,1.1,2014-10-03,0206,Terra,MODIS,86,6.2,315.6,43.6,D,0
-17.1797,126.8136,337.8,1.3,1.1,2014-10-03,0206,Terra,MODIS,80,6.2,314.7,32.2,D,0
-16.9825,126.8662,332,1.3,1.1,2014-10-03,0206,Terra,MODIS,64,6.2,316,16,D,0
-16.9809,126.8538,332.9,1.3,1.1,2014-10-03,0206,Terra,MODIS,70,6.2,315.1,18.6,D,0
-16.9238,126.9567,331.1,1.3,1.1,2014-10-03,0206,Terra,MODIS,70,6.2,316.8,13.6,D,0
-16.6497,130.5902,338.7,2.4,1.5,2014-10-03,0206,Terra,MODIS,83,6.2,312.7,84.5,D,0
-16.6472,130.5673,346.7,2.4,1.5,2014-10-03,0206,Terra,MODIS,91,6.2,313.1,134.6,D,0
-17.6115,130.4619,331.7,2.4,1.5,2014-10-03,0206,Terra,MODIS,51,6.2,314.4,44,D,0
-17.619,130.4555,328.6,2.4,1.5,2014-10-03,0206,Terra,MODIS,25,6.2,313.3,35.1,D,0
-16.6362,130.5916,328.7,2.4,1.5,2014-10-03,0206,Terra,MODIS,27,6.2,313.6,30.7,D,0
-16.653,130.5733,351.5,2.4,1.5,2014-10-03,0206,Terra,MODIS,94,6.2,312.7,172.3,D,0
-16.6395,130.5753,335,2.4,1.5,2014-10-03,0206,Terra,MODIS,79,6.2,314,61.5,D,0
-16.9042,127.0491,336.4,1.4,1.2,2014-10-03,0206,Terra,MODIS,66,6.2,316.9,25.6,D,0
-16.9026,127.0365,338,1.4,1.2,2014-10-03,0206,Terra,MODIS,79,6.2,317.5,29.7,D,0
-17.0017,127.2648,334.4,1.4,1.2,2014-10-03,0206,Terra,MODIS,70,6.2,315.2,26.3,D,0
-17.0027,127.359,339.8,1.4,1.2,2014-10-03,0206,Terra,MODIS,84,6.2,313.2,42.5,D,0
-17.0011,127.3456,338.3,1.4,1.2,2014-10-03,0206,Terra,MODIS,82,6.2,313.1,38.7,D,0
-16.9987,127.3661,327.9,1.4,1.2,2014-10-03,0206,Terra,MODIS,60,6.2,312,14.7,D,0
-16.9969,127.3526,337.4,1.4,1.2,2014-10-03,0206,Terra,MODIS,81,6.2,312.6,36.9,D,0
-16.9846,127.2142,331,1.4,1.2,2014-10-03,0206,Terra,MODIS,42,6.2,315.4,16,D,0
-16.983,127.2011,330,1.4,1.2,2014-10-03,0206,Terra,MODIS,26,6.2,315.9,13.9,D,0
-16.978,127.2084,331.2,1.4,1.2,2014-10-03,0206,Terra,MODIS,62,6.2,313.8,19.1,D,0
-17.4844,130.5067,333.7,2.5,1.5,2014-10-03,0206,Terra,MODIS,77,6.2,314.2,62.9,D,0
-17.4869,130.5297,333,2.5,1.5,2014-10-03,0206,Terra,MODIS,76,6.2,314.3,58.1,D,0
-17.6005,130.4865,342.5,2.5,1.5,2014-10-03,0206,Terra,MODIS,87,6.2,314.9,99.6,D,0
-17.603,130.5098,336,2.5,1.5,2014-10-03,0206,Terra,MODIS,65,6.2,315,61.6,D,0
-17.2653,126.8475,333.4,1.3,1.1,2014-10-03,0206,Terra,MODIS,46,6.2,317,17.3,D,0
-17.2463,126.8627,365.7,1.3,1.1,2014-10-03,0206,Terra,MODIS,100,6.2,318.7,120.3,D,0
-17.236,126.8641,336.2,1.3,1.1,2014-10-03,0206,Terra,MODIS,78,6.2,318.1,21.9,D,0
-17.1916,126.8248,337.2,1.3,1.1,2014-10-03,0206,Terra,MODIS,76,6.2,314.6,28.1,D,0
-17.1813,126.8261,345.9,1.3,1.1,2014-10-03,0206,Terra,MODIS,89,6.2,316.3,53.3,D,0
-16.1134,127.935,335.2,1.5,1.2,2014-10-03,0206,Terra,MODIS,70,6.2,309.7,34.4,D,0
-16.1153,127.9498,330.7,1.5,1.2,2014-10-03,0206,Terra,MODIS,52,6.2,310.2,24,D,0
-18.164,130.7988,331.7,2.6,1.6,2014-10-03,0206,Terra,MODIS,30,6.2,311.4,39.4,D,0
-18.1727,130.7474,337.5,2.6,1.6,2014-10-03,0206,Terra,MODIS,81,6.2,311.5,85.3,D,0
-18.1781,130.7972,355.9,2.6,1.6,2014-10-03,0206,Terra,MODIS,97,6.2,311.7,232.8,D,0
-18.1981,130.7194,338.2,2.6,1.6,2014-10-03,0206,Terra,MODIS,77,6.2,310.9,89.4,D,0
-18.2093,130.6931,349.1,2.6,1.5,2014-10-03,0206,Terra,MODIS,93,6.2,314.1,172.7,D,0
-17.2642,126.7595,331.6,1.3,1.1,2014-10-03,0206,Terra,MODIS,69,6.2,315,17.3,D,0
-16.9299,127.0841,337,1.4,1.2,2014-10-03,0206,Terra,MODIS,47,6.2,315.5,25,D,0
-16.9315,127.0966,338,1.4,1.2,2014-10-03,0206,Terra,MODIS,54,6.2,315.9,30,D,0
-16.9419,127.0953,333.7,1.4,1.2,2014-10-03,0206,Terra,MODIS,50,6.2,314.9,20.2,D,0
-16.954,127.1065,338,1.4,1.2,2014-10-03,0206,Terra,MODIS,78,6.2,315.5,31.2,D,0
-16.9612,127.1118,330.8,1.4,1.2,2014-10-03,0206,Terra,MODIS,42,6.2,314.5,15.3,D,0
-18.2233,130.6916,427.7,2.6,1.5,2014-10-03,0206,Terra,MODIS,100,6.2,317.9,1795.7,D,0
-18.226,130.7163,343.2,2.6,1.6,2014-10-03,0206,Terra,MODIS,87,6.2,312.5,120.3,D,0
-18.1892,130.7149,334.9,2.6,1.6,2014-10-03,0206,Terra,MODIS,45,6.2,310.8,69.6,D,0
-18.2134,130.8129,324.6,2.7,1.6,2014-10-03,0206,Terra,MODIS,21,6.2,306.3,27.7,D,0
-16.9594,128.1242,336.4,1.6,1.2,2014-10-03,0206,Terra,MODIS,65,6.2,311.4,38.4,D,0
-17.8758,130.775,333.7,2.6,1.6,2014-10-03,0206,Terra,MODIS,51,6.2,316.9,55.2,D,0
-16.9385,124.3869,333.1,1,1,2014-10-03,0206,Terra,MODIS,73,6.2,313.5,11.8,D,0
-16.9797,124.4234,330.7,1,1,2014-10-03,0206,Terra,MODIS,51,6.2,312.8,10.8,D,0
-18.2205,130.6671,349.4,2.6,1.5,2014-10-03,0206,Terra,MODIS,93,6.2,301.3,194.4,D,0
-17.3564,127.0082,339.7,1.4,1.2,2014-10-03,0206,Terra,MODIS,83,6.2,316.2,36.2,D,0
-15.4935,127.5486,329.9,1.4,1.2,2014-10-03,0206,Terra,MODIS,65,6.2,310.8,17.8,D,0
-15.5091,127.5863,329.4,1.4,1.2,2014-10-03,0206,Terra,MODIS,52,6.2,308.8,13.1,D,0
-17.0144,127.5708,336.8,1.5,1.2,2014-10-03,0206,Terra,MODIS,80,6.2,316.1,31.9,D,0
-16.981,124.433,330.7,1,1,2014-10-03,0206,Terra,MODIS,35,6.2,313.7,10.6,D,0
-17.8043,131.0953,331.3,2.8,1.6,2014-10-03,0206,Terra,MODIS,53,6.2,313.7,48.4,D,0
-17.8016,131.0693,331.6,2.7,1.6,2014-10-03,0206,Terra,MODIS,56,6.2,314.8,45.7,D,0
-17.7457,131.4046,331.1,2.9,1.6,2014-10-03,0206,Terra,MODIS,30,6.2,317.5,51.9,D,0
-17.7988,131.0765,341.5,2.7,1.6,2014-10-03,0206,Terra,MODIS,86,6.2,314.8,111.9,D,0
-17.9443,131.89,335.5,3.2,1.7,2014-10-03,0206,Terra,MODIS,80,6.2,312.2,109.1,D,0
-17.7959,131.0507,336.5,2.7,1.6,2014-10-03,0206,Terra,MODIS,77,6.2,316,71.4,D,0
-17.7271,131.2486,337.9,2.8,1.6,2014-10-03,0206,Terra,MODIS,80,6.2,313.7,93.7,D,0
-17.73,131.2753,352.7,2.8,1.6,2014-10-03,0206,Terra,MODIS,95,6.2,318.5,225.4,D,0
-17.7415,131.247,380.4,2.8,1.6,2014-10-03,0206,Terra,MODIS,100,6.2,316.5,611.5,D,0
-17.7445,131.2737,344.1,2.8,1.6,2014-10-03,0206,Terra,MODIS,89,6.2,318.6,141.7,D,0
-17.7319,131.2696,354.2,2.8,1.6,2014-10-03,0206,Terra,MODIS,96,6.2,318.4,237.6,D,0
-17.7436,131.2413,380.6,2.8,1.6,2014-10-03,0206,Terra,MODIS,100,6.2,314.9,610.6,D,0
-17.7464,131.268,356.8,2.8,1.6,2014-10-03,0206,Terra,MODIS,98,6.2,319.2,261.6,D,0
-17.7873,131.071,339.3,2.7,1.6,2014-10-03,0206,Terra,MODIS,78,6.2,314.2,92.9,D,0
-17.7581,131.2396,397.2,2.8,1.6,2014-10-03,0206,Terra,MODIS,100,6.2,317.2,981.2,D,0
-17.7609,131.2664,356.4,2.8,1.6,2014-10-03,0206,Terra,MODIS,97,6.2,319.1,262.4,D,0
-17.9415,131.8602,354.2,3.2,1.7,2014-10-03,0206,Terra,MODIS,96,6.2,311.4,301.6,D,0
-17.9386,131.8306,338.9,3.1,1.7,2014-10-03,0206,Terra,MODIS,84,6.2,306.5,143.8,D,0
-17.9666,131.6514,335,3,1.7,2014-10-03,0206,Terra,MODIS,53,6.2,313,92.1,D,0
-17.9468,131.8948,333,3.2,1.7,2014-10-03,0206,Terra,MODIS,41,6.2,311.5,85,D,0
-17.9643,131.6279,334.7,3,1.7,2014-10-03,0206,Terra,MODIS,55,6.2,314.9,73.7,D,0
-17.9437,131.865,353.8,3.2,1.7,2014-10-03,0206,Terra,MODIS,96,6.2,311.6,289.5,D,0
-17.9406,131.8354,338.2,3.1,1.7,2014-10-03,0206,Terra,MODIS,80,6.2,306.7,132.5,D,0
-17.9285,131.8666,352.5,3.2,1.7,2014-10-03,0206,Terra,MODIS,95,6.2,311.8,273.7,D,0
-17.7754,131.2648,402.6,2.8,1.6,2014-10-03,0206,Terra,MODIS,100,6.2,320.4,1143.8,D,0
-17.7726,131.238,426.5,2.8,1.6,2014-10-03,0206,Terra,MODIS,100,6.2,320.8,1964.2,D,0
-18.1463,130.9028,335.3,2.7,1.6,2014-10-03,0206,Terra,MODIS,36,6.2,315.9,67.3,D,0
-18.1428,130.9101,341.2,2.7,1.6,2014-10-03,0206,Terra,MODIS,86,6.2,314.9,108.2,D,0
-16.7629,130.8599,331.7,2.5,1.5,2014-10-03,0206,Terra,MODIS,64,6.2,315.2,44.4,D,0
-16.7767,130.8582,339.7,2.5,1.5,2014-10-03,0206,Terra,MODIS,84,6.2,315.3,93.7,D,0
-16.7795,130.8823,328.6,2.6,1.5,2014-10-03,0206,Terra,MODIS,37,6.2,315.2,31.4,D,0
-16.7687,130.8537,336.8,2.5,1.5,2014-10-03,0206,Terra,MODIS,81,6.2,314.3,76,D,0
-16.7712,130.8776,332.5,2.6,1.5,2014-10-03,0206,Terra,MODIS,75,6.2,316,52.4,D,0
-17.7959,130.9219,335,2.7,1.6,2014-10-03,0206,Terra,MODIS,79,6.2,314.4,75.5,D,0
-18.1916,130.9234,333.4,2.7,1.6,2014-10-03,0206,Terra,MODIS,60,6.2,316.4,54.5,D,0
-18.1808,130.8222,358.7,2.7,1.6,2014-10-03,0206,Terra,MODIS,99,6.2,313.3,268.2,D,0
-18.1345,130.8344,352.2,2.7,1.6,2014-10-03,0206,Terra,MODIS,95,6.2,315.5,199.2,D,0
-18.2258,130.8426,325.2,2.7,1.6,2014-10-03,0206,Terra,MODIS,21,6.2,307.4,32.2,D,0
-18.1667,130.8238,339.3,2.7,1.6,2014-10-03,0206,Terra,MODIS,83,6.2,313.8,90.2,D,0
-18.1385,130.8271,338.5,2.7,1.6,2014-10-03,0206,Terra,MODIS,63,6.2,315.7,86.2,D,0
-17.7998,130.9146,327.8,2.7,1.6,2014-10-03,0206,Terra,MODIS,64,6.2,313.5,36.7,D,0
-18.1489,130.9282,331.7,2.7,1.6,2014-10-03,0206,Terra,MODIS,46,6.2,314.3,51,D,0
-19.596,126.9375,333.9,1.4,1.2,2014-10-03,0207,Terra,MODIS,70,6.2,318.1,21.2,D,0
-19.5888,126.9327,333.4,1.4,1.2,2014-10-03,0207,Terra,MODIS,68,6.2,316.6,19.9,D,0
-19.6272,126.8034,334.6,1.4,1.2,2014-10-03,0207,Terra,MODIS,63,6.2,318.5,16.1,D,0
-19.6939,126.6926,395,1.4,1.2,2014-10-03,0207,Terra,MODIS,100,6.2,321.6,324.4,D,0
-19.6956,126.7059,341.9,1.4,1.2,2014-10-03,0207,Terra,MODIS,59,6.2,316.8,33,D,0
-19.7039,126.7729,348.4,1.4,1.2,2014-10-03,0207,Terra,MODIS,91,6.2,318.4,59.1,D,0
-19.7045,126.6911,349,1.4,1.2,2014-10-03,0207,Terra,MODIS,91,6.2,316,56.3,D,0
-19.7145,126.7715,344.8,1.4,1.2,2014-10-03,0207,Terra,MODIS,88,6.2,318,47.4,D,0
-19.6801,126.6675,343.9,1.4,1.2,2014-10-03,0207,Terra,MODIS,86,6.2,317.4,43.8,D,0
-19.6817,126.6808,345.2,1.4,1.2,2014-10-03,0207,Terra,MODIS,84,6.2,319.7,45.3,D,0
-19.6906,126.6661,361.2,1.4,1.2,2014-10-03,0207,Terra,MODIS,100,6.2,317.3,106.1,D,0
-18.2861,130.9592,342.6,2.7,1.6,2014-10-03,0207,Terra,MODIS,76,6.2,308.6,127.9,D,0
-18.3261,130.9288,390.7,2.7,1.6,2014-10-03,0207,Terra,MODIS,100,6.2,302.7,806.6,D,0
-18.3146,130.956,364.6,2.7,1.6,2014-10-03,0207,Terra,MODIS,100,6.2,312.7,354.5,D,0
-18.2745,130.9866,339.9,2.7,1.6,2014-10-03,0207,Terra,MODIS,85,6.2,312.3,103.7,D,0
-19.6012,126.9449,342.5,1.4,1.2,2014-10-03,0207,Terra,MODIS,85,6.2,318.4,43.3,D,0
-19.6119,126.9435,350.5,1.4,1.2,2014-10-03,0207,Terra,MODIS,93,6.2,318,69.4,D,0
-19.6835,126.9063,344.7,1.4,1.2,2014-10-03,0207,Terra,MODIS,88,6.2,319.7,48.6,D,0
-19.6853,126.92,365.1,1.4,1.2,2014-10-03,0207,Terra,MODIS,100,6.2,320.1,133.8,D,0
-19.6778,126.9145,343,1.4,1.2,2014-10-03,0207,Terra,MODIS,86,6.2,318.6,44.2,D,0
-19.6795,126.9283,332.1,1.4,1.2,2014-10-03,0207,Terra,MODIS,51,6.2,316.4,15.4,D,0
-19.6885,126.9131,398.2,1.4,1.2,2014-10-03,0207,Terra,MODIS,100,6.2,325.2,378,D,0
-19.6902,126.9269,345.2,1.4,1.2,2014-10-03,0207,Terra,MODIS,88,6.2,317.2,51.8,D,0
-19.6992,126.9117,371.2,1.4,1.2,2014-10-03,0207,Terra,MODIS,100,6.2,316.3,168.9,D,0
-19.7009,126.9255,330.8,1.4,1.2,2014-10-03,0207,Terra,MODIS,53,6.2,315.9,13.5,D,0
-20.4486,133.4282,326.3,4.4,1.9,2014-10-03,0207,Terra,MODIS,50,6.2,312.9,63.4,D,0
-20.4494,133.4229,327.4,4.4,1.9,2014-10-03,0207,Terra,MODIS,61,6.2,312.9,76.5,D,0
-18.3488,130.9716,372.9,2.7,1.6,2014-10-03,0207,Terra,MODIS,100,6.2,309.2,476.4,D,0
-18.3292,130.9216,355.2,2.7,1.6,2014-10-03,0207,Terra,MODIS,97,6.2,300.8,256.4,D,0
-18.3289,130.9545,412.3,2.7,1.6,2014-10-03,0207,Terra,MODIS,100,6.2,324.1,1368.2,D,0
-18.3176,130.9489,376.2,2.7,1.6,2014-10-03,0207,Terra,MODIS,100,6.2,309.9,519.6,D,0
-18.3318,130.9473,438.1,2.7,1.6,2014-10-03,0207,Terra,MODIS,100,6.2,328.5,2381.1,D,0
-18.315,130.9232,343.9,2.7,1.6,2014-10-03,0207,Terra,MODIS,72,6.2,296.1,148.7,D,0
-18.3432,130.9529,444.9,2.7,1.6,2014-10-03,0207,Terra,MODIS,100,6.2,321.4,2728.6,D,0
-18.3403,130.9272,367.3,2.7,1.6,2014-10-03,0207,Terra,MODIS,100,6.2,303.8,408.2,D,0
-18.3317,130.9803,361.9,2.7,1.6,2014-10-03,0207,Terra,MODIS,100,6.2,316.9,312,D,0
-18.346,130.9787,350.2,2.7,1.6,2014-10-03,0207,Terra,MODIS,93,6.2,310.5,198.3,D,0
-18.3461,130.9457,416.9,2.7,1.6,2014-10-03,0207,Terra,MODIS,100,6.2,310.2,1532.9,D,0
-18.3033,130.9505,350.6,2.7,1.6,2014-10-03,0207,Terra,MODIS,80,6.2,311.4,192.2,D,0
-18.3118,130.9304,360.5,2.7,1.6,2014-10-03,0207,Terra,MODIS,100,6.2,298.9,314,D,0
-18.3003,130.9576,340.2,2.7,1.6,2014-10-03,0207,Terra,MODIS,63,6.2,312.2,115,D,0
-18.2888,130.985,348.2,2.7,1.6,2014-10-03,0207,Terra,MODIS,92,6.2,314.6,170.9,D,0
-18.3345,130.9731,367.8,2.7,1.6,2014-10-03,0207,Terra,MODIS,100,6.2,319.1,392.8,D,0
-17.9723,123.9018,361,1,1,2014-10-03,0207,Terra,MODIS,100,6.2,315.7,68.2,D,0
-17.9737,123.9114,356.8,1,1,2014-10-03,0207,Terra,MODIS,97,6.2,318.1,56.9,D,0
-18.0319,123.9349,378.3,1,1,2014-10-03,0207,Terra,MODIS,100,6.2,316.1,130.3,D,0
-18.0332,123.9445,348.1,1,1,2014-10-03,0207,Terra,MODIS,90,6.2,315.1,38.3,D,0
-18.3371,130.9991,339.3,2.8,1.6,2014-10-03,0207,Terra,MODIS,75,6.2,311,104.7,D,0
-18.2301,130.8365,336.1,2.7,1.6,2014-10-03,0207,Terra,MODIS,80,6.2,307.8,94.9,D,0
-20.3743,133.3992,344.3,4.4,1.9,2014-10-03,0207,Terra,MODIS,89,6.2,313.9,283.5,D,0
-20.3918,133.3976,332.6,4.4,1.9,2014-10-03,0207,Terra,MODIS,62,6.2,313.8,127,D,0
-20.3749,133.3921,344.4,4.4,1.9,2014-10-03,0207,Terra,MODIS,89,6.2,314,293.7,D,0
-20.3924,133.3905,332,4.4,1.9,2014-10-03,0207,Terra,MODIS,75,6.2,313.4,126.8,D,0
-20.4448,133.3857,330.8,4.4,1.9,2014-10-03,0207,Terra,MODIS,70,6.2,313.9,114.6,D,0
-20.4459,133.3804,329.5,4.4,1.9,2014-10-03,0207,Terra,MODIS,65,6.2,313.5,102,D,0
-18.2772,131.0125,333.2,2.8,1.6,2014-10-03,0207,Terra,MODIS,65,6.2,313.1,61.2,D,0
-18.8243,129.0292,331.4,2,1.4,2014-10-03,0207,Terra,MODIS,61,6.2,316,29.2,D,0
-18.8265,129.0223,331.2,2,1.4,2014-10-03,0207,Terra,MODIS,44,6.2,316.6,27.4,D,0
-19.7776,126.7162,343.5,1.4,1.2,2014-10-03,0207,Terra,MODIS,86,6.2,311.7,49.4,D,0
-19.7792,126.7296,366.9,1.4,1.2,2014-10-03,0207,Terra,MODIS,100,6.2,312.1,143.2,D,0
-19.7809,126.7431,329.9,1.4,1.2,2014-10-03,0207,Terra,MODIS,28,6.2,311.3,14.4,D,0
-18.2944,130.7214,344.6,2.6,1.6,2014-10-03,0207,Terra,MODIS,89,6.2,306.4,158.5,D,0
-19.7865,126.7014,334.5,1.4,1.2,2014-10-03,0207,Terra,MODIS,73,6.2,311.4,27.2,D,0
-19.7759,126.7028,338.4,1.4,1.2,2014-10-03,0207,Terra,MODIS,80,6.2,313.6,36,D,0
-19.7882,126.7148,367.6,1.4,1.2,2014-10-03,0207,Terra,MODIS,100,6.2,312,147.9,D,0
-19.8182,126.6972,356.6,1.4,1.2,2014-10-03,0207,Terra,MODIS,97,6.2,315,98.1,D,0
-19.8288,126.6958,386.5,1.4,1.2,2014-10-03,0207,Terra,MODIS,100,6.2,316.6,269.1,D,0
-18.2146,130.687,394.4,2.6,1.5,2014-10-03,0207,Terra,MODIS,100,6.2,317.3,819.8,D,0
-18.2172,130.7117,348,2.6,1.6,2014-10-03,0207,Terra,MODIS,92,6.2,313.9,158.1,D,0
-18.2275,130.8113,352.6,2.7,1.6,2014-10-03,0207,Terra,MODIS,95,6.2,308.2,217.5,D,0
-18.2286,130.6854,401.7,2.6,1.5,2014-10-03,0207,Terra,MODIS,100,6.2,308.3,993.2,D,0
-19.8305,126.7091,334.8,1.4,1.2,2014-10-03,0207,Terra,MODIS,73,6.2,312.4,27.2,D,0
-19.8333,126.6886,341.4,1.4,1.2,2014-10-03,0207,Terra,MODIS,84,6.2,312.1,45.5,D,0
-19.8349,126.702,338.9,1.4,1.2,2014-10-03,0207,Terra,MODIS,80,6.2,312.5,37.3,D,0
-19.7703,126.7445,343.7,1.4,1.2,2014-10-03,0207,Terra,MODIS,86,6.2,313.9,46.7,D,0
-19.7686,126.7311,383.8,1.4,1.2,2014-10-03,0207,Terra,MODIS,100,6.2,320,243.8,D,0
-19.7458,126.7205,333.4,1.4,1.2,2014-10-03,0207,Terra,MODIS,38,6.2,314.3,17.2,D,0
-19.7412,126.727,339.3,1.4,1.2,2014-10-03,0207,Terra,MODIS,40,6.2,315,27.3,D,0
-19.7357,126.7686,336.4,1.4,1.2,2014-10-03,0207,Terra,MODIS,62,6.2,314.3,25.1,D,0
-19.7251,126.7701,340.6,1.4,1.2,2014-10-03,0207,Terra,MODIS,83,6.2,316.4,35.7,D,0
-18.2312,130.7101,364.4,2.6,1.6,2014-10-03,0207,Terra,MODIS,100,6.2,311.8,325.6,D,0
-19.7743,126.6895,335.5,1.4,1.2,2014-10-03,0207,Terra,MODIS,75,6.2,314.1,27.8,D,0
-18.2425,130.6838,382,2.6,1.5,2014-10-03,0207,Terra,MODIS,100,6.2,306.1,591.9,D,0
-18.2451,130.7085,370.3,2.6,1.6,2014-10-03,0207,Terra,MODIS,100,6.2,311.5,404.3,D,0
-18.2565,130.6823,367.5,2.6,1.5,2014-10-03,0207,Terra,MODIS,100,6.2,305,382.6,D,0
-18.2592,130.7071,398.3,2.6,1.6,2014-10-03,0207,Terra,MODIS,100,6.2,316.1,917.2,D,0
-18.2618,130.7318,339.9,2.6,1.6,2014-10-03,0207,Terra,MODIS,75,6.2,311.8,105.9,D,0
-18.2645,130.7566,345.5,2.6,1.6,2014-10-03,0207,Terra,MODIS,90,6.2,307.7,152.6,D,0
-18.2705,130.6808,359,2.6,1.5,2014-10-03,0207,Terra,MODIS,99,6.2,302.2,289,D,0
-18.2732,130.7057,420,2.6,1.6,2014-10-03,0207,Terra,MODIS,100,6.2,318.7,1539.8,D,0
-18.2759,130.7304,345.7,2.6,1.6,2014-10-03,0207,Terra,MODIS,90,6.2,310.9,158.1,D,0
-18.2872,130.7041,391.2,2.6,1.6,2014-10-03,0207,Terra,MODIS,100,6.2,307,776.5,D,0
-18.2899,130.7289,356.4,2.6,1.6,2014-10-03,0207,Terra,MODIS,97,6.2,308.5,260.6,D,0
-18.2778,130.6983,410.5,2.6,1.6,2014-10-03,0207,Terra,MODIS,100,6.2,314.8,1250.6,D,0
-20.9828,130.6343,334.7,2.8,1.6,2014-10-03,0207,Terra,MODIS,70,6.2,313.9,72.3,D,0
-20.9809,130.6414,333.5,2.8,1.6,2014-10-03,0207,Terra,MODIS,76,6.2,314.4,68.5,D,0
-18.2804,130.7231,380.9,2.6,1.6,2014-10-03,0207,Terra,MODIS,100,6.2,315.1,586.6,D,0
-18.2918,130.6967,337.1,2.6,1.6,2014-10-03,0207,Terra,MODIS,82,6.2,301.1,108.7,D,0
-19.6232,127.6112,338.3,1.6,1.2,2014-10-03,0207,Terra,MODIS,81,6.2,316.7,38.3,D,0
-19.6251,127.6265,333.3,1.6,1.2,2014-10-03,0207,Terra,MODIS,72,6.2,316.4,24,D,0
-19.6345,127.6097,337.6,1.6,1.2,2014-10-03,0207,Terra,MODIS,80,6.2,316.7,35.5,D,0
-19.6458,127.6083,355.7,1.6,1.2,2014-10-03,0207,Terra,MODIS,97,6.2,317,108.1,D,0
-22.7677,122.5913,330.2,1,1,2014-10-03,0208,Terra,MODIS,67,6.2,314.9,8.1,D,0
-22.4731,130.3487,350.7,2.8,1.6,2014-10-03,0208,Terra,MODIS,94,6.2,311.4,207.8,D,0
-23.6765,124.9869,337.8,1.2,1.1,2014-10-03,0208,Terra,MODIS,82,6.2,313,28,D,0
-23.678,124.999,331.3,1.2,1.1,2014-10-03,0208,Terra,MODIS,49,6.2,312.5,14.4,D,0
-23.7011,125.0205,342.7,1.2,1.1,2014-10-03,0208,Terra,MODIS,87,6.2,314.4,38.3,D,0
-23.7026,125.0328,332,1.3,1.1,2014-10-03,0208,Terra,MODIS,74,6.2,312.5,16.5,D,0
-23.7111,125.019,351.6,1.2,1.1,2014-10-03,0208,Terra,MODIS,94,6.2,312.4,63.4,D,0
-23.7126,125.0313,337.3,1.3,1.1,2014-10-03,0208,Terra,MODIS,81,6.2,311.9,26.8,D,0
-22.7428,122.6755,356,1,1,2014-10-03,0208,Terra,MODIS,97,6.2,316.8,54.5,D,0
-22.7414,122.6657,338.8,1,1,2014-10-03,0208,Terra,MODIS,82,6.2,316.3,19.2,D,0
-22.74,122.656,335.3,1,1,2014-10-03,0208,Terra,MODIS,70,6.2,316.8,13.3,D,0
-22.7338,122.677,385.9,1,1,2014-10-03,0208,Terra,MODIS,100,6.2,318,159.6,D,0
-22.7324,122.6672,338.3,1,1,2014-10-03,0208,Terra,MODIS,73,6.2,314.1,18.4,D,0
-22.7039,122.6618,333.5,1,1,2014-10-03,0208,Terra,MODIS,51,6.2,314.1,12.8,D,0
-23.7411,125.0148,339.8,1.2,1.1,2014-10-03,0208,Terra,MODIS,84,6.2,312.3,32.7,D,0
-22.7697,122.5446,343.8,1,1,2014-10-03,0208,Terra,MODIS,88,6.2,314.1,31.9,D,0
-22.7711,122.5543,344.2,1,1,2014-10-03,0208,Terra,MODIS,88,6.2,315,32,D,0
-23.7401,125.0091,334.1,1.2,1.1,2014-10-03,0208,Terra,MODIS,76,6.2,313.4,20.2,D,0
-23.7501,125.0077,351.9,1.2,1.1,2014-10-03,0208,Terra,MODIS,95,6.2,314.7,63.6,D,0
-23.7517,125.0199,336.3,1.3,1.1,2014-10-03,0208,Terra,MODIS,80,6.2,311.4,23.7,D,0
-23.7602,125.0062,336.1,1.2,1.1,2014-10-03,0208,Terra,MODIS,80,6.2,312.8,23.3,D,0
-23.7686,124.9926,336.8,1.2,1.1,2014-10-03,0208,Terra,MODIS,81,6.2,312.4,24.3,D,0
-23.7702,125.0048,392.2,1.2,1.1,2014-10-03,0208,Terra,MODIS,100,6.2,317.5,262.1,D,0
-23.7717,125.017,340.3,1.3,1.1,2014-10-03,0208,Terra,MODIS,85,6.2,310.8,31.7,D,0
-23.7787,124.9911,340.4,1.2,1.1,2014-10-03,0208,Terra,MODIS,85,6.2,312.4,32.3,D,0
-22.4587,130.3501,336.8,2.8,1.6,2014-10-03,0208,Terra,MODIS,82,6.2,311.7,94.5,D,0
-23.7802,125.0033,366.8,1.2,1.1,2014-10-03,0208,Terra,MODIS,100,6.2,318.8,119.2,D,0
-23.7817,125.0156,331.1,1.3,1.1,2014-10-03,0208,Terra,MODIS,72,6.2,311.6,14,D,0
-23.7902,125.0019,403.1,1.2,1.1,2014-10-03,0208,Terra,MODIS,100,6.2,319.6,349.2,D,0
-23.7918,125.0141,353.3,1.3,1.1,2014-10-03,0208,Terra,MODIS,95,6.2,311.5,68.5,D,0
-22.7581,122.653,340.1,1,1,2014-10-03,0208,Terra,MODIS,84,6.2,316.5,19,D,0
-22.4612,130.3772,326.8,2.8,1.6,2014-10-03,0208,Terra,MODIS,29,6.2,310.2,36.5,D,0
-22.5018,130.3133,324.8,2.8,1.6,2014-10-03,0208,Terra,MODIS,49,6.2,309.4,28.8,D,0
-22.4873,130.3148,335.7,2.8,1.6,2014-10-03,0208,Terra,MODIS,80,6.2,311.7,86.3,D,0
-22.4994,130.3188,327.2,2.8,1.6,2014-10-03,0208,Terra,MODIS,48,6.2,309.3,37.9,D,0
-22.485,130.3203,336.9,2.8,1.6,2014-10-03,0208,Terra,MODIS,82,6.2,311.4,93.2,D,0
-22.2635,125.6211,382.7,1.3,1.1,2014-10-03,0208,Terra,MODIS,100,6.2,310.8,212.5,D,0
-22.6739,122.6427,334.2,1,1,2014-10-03,0208,Terra,MODIS,44,6.2,315.2,13.7,D,0
-22.6815,122.6314,339.5,1,1,2014-10-03,0208,Terra,MODIS,79,6.2,317,20.7,D,0
-22.6872,122.6705,333.7,1,1,2014-10-03,0208,Terra,MODIS,24,6.2,312.8,13.2,D,0
-22.6934,122.6535,357.1,1,1,2014-10-03,0208,Terra,MODIS,98,6.2,316.8,56.5,D,0
-22.6948,122.6633,342.8,1,1,2014-10-03,0208,Terra,MODIS,79,6.2,314.6,26.6,D,0
-22.2431,125.6241,364.7,1.3,1.1,2014-10-03,0208,Terra,MODIS,100,6.2,315.4,118.4,D,0
-22.2447,125.6367,378.6,1.3,1.1,2014-10-03,0208,Terra,MODIS,100,6.2,317.3,188.2,D,0
-22.2533,125.6226,390.5,1.3,1.1,2014-10-03,0208,Terra,MODIS,100,6.2,317.7,264.6,D,0
-22.2549,125.6352,422.2,1.3,1.1,2014-10-03,0208,Terra,MODIS,100,6.2,326.1,580,D,0
-22.2565,125.6478,391.3,1.3,1.1,2014-10-03,0208,Terra,MODIS,100,6.2,317.5,275.8,D,0
-22.2651,125.6337,384.6,1.3,1.1,2014-10-03,0208,Terra,MODIS,100,6.2,310.8,224.9,D,0
-22.2668,125.6463,369.2,1.3,1.1,2014-10-03,0208,Terra,MODIS,100,6.2,305.8,141.3,D,0
-22.2607,125.6149,363.1,1.3,1.1,2014-10-03,0208,Terra,MODIS,100,6.2,311.2,113.6,D,0
-22.2623,125.6275,385.8,1.3,1.1,2014-10-03,0208,Terra,MODIS,100,6.2,314.2,236.8,D,0
-22.2638,125.6401,399.1,1.3,1.1,2014-10-03,0208,Terra,MODIS,100,6.2,316.4,340.7,D,0
-21.9504,124.1697,328.5,1.1,1,2014-10-03,0208,Terra,MODIS,62,6.2,311.4,9.7,D,0
-21.9518,124.1802,327.5,1.1,1,2014-10-03,0208,Terra,MODIS,53,6.2,309.2,8.7,D,0
-24.0164,123.1051,336.3,1,1,2014-10-03,0208,Terra,MODIS,79,6.2,313.3,17.2,D,0
-24.0178,123.1154,333.5,1,1,2014-10-03,0208,Terra,MODIS,74,6.2,313.2,13.4,D,0
-24.0242,123.0934,332.9,1,1,2014-10-03,0208,Terra,MODIS,73,6.2,315.5,13.9,D,0
-24.0256,123.1036,341,1,1,2014-10-03,0208,Terra,MODIS,85,6.2,315.7,26.8,D,0
-24.027,123.1139,341,1,1,2014-10-03,0208,Terra,MODIS,85,6.2,315.1,27,D,0
-21.4141,117.3379,327.4,1.6,1.2,2014-10-03,0208,Terra,MODIS,60,6.2,311.3,14.3,D,0
-21.4882,117.6937,330,1.5,1.2,2014-10-03,0208,Terra,MODIS,57,6.2,310.7,22.4,D,0
-21.3958,117.6283,328.1,1.5,1.2,2014-10-03,0208,Terra,MODIS,62,6.2,313.4,15,D,0
-21.4504,117.671,333.9,1.5,1.2,2014-10-03,0208,Terra,MODIS,76,6.2,312.5,26.1,D,0
-21.453,117.6857,332.8,1.5,1.2,2014-10-03,0208,Terra,MODIS,74,6.2,313.9,24,D,0
-21.4754,117.6208,334,1.5,1.2,2014-10-03,0208,Terra,MODIS,76,6.2,312.5,30.1,D,0
-21.4832,117.6654,342.2,1.5,1.2,2014-10-03,0208,Terra,MODIS,86,6.2,311.6,52.7,D,0
-21.4858,117.6797,333.8,1.5,1.2,2014-10-03,0208,Terra,MODIS,71,6.2,312.3,30.4,D,0
-21.5652,117.4753,327.5,1.6,1.2,2014-10-03,0208,Terra,MODIS,56,6.2,313.4,12.8,D,0
-21.5436,117.4173,332.9,1.6,1.2,2014-10-03,0208,Terra,MODIS,75,6.2,314.4,26.7,D,0
-21.5462,117.4324,351.8,1.6,1.2,2014-10-03,0208,Terra,MODIS,94,6.2,315.7,90.9,D,0
-21.5573,117.4302,340,1.6,1.2,2014-10-03,0208,Terra,MODIS,84,6.2,313.1,47.3,D,0
-21.5626,117.4603,332.9,1.6,1.2,2014-10-03,0208,Terra,MODIS,75,6.2,312.7,26.8,D,0
-21.3433,117.794,327.7,1.5,1.2,2014-10-03,0208,Terra,MODIS,60,6.2,311.2,14.2,D,0
-21.4026,117.7317,342.2,1.5,1.2,2014-10-03,0208,Terra,MODIS,86,6.2,312.8,53.1,D,0
-21.3317,117.6615,331.1,1.5,1.2,2014-10-03,0208,Terra,MODIS,70,6.2,313.1,23.3,D,0
-21.156,117.6475,339.5,1.5,1.2,2014-10-03,0208,Terra,MODIS,83,6.2,314,42.1,D,0
-21.1565,117.6413,330.7,1.5,1.2,2014-10-03,0208,Terra,MODIS,62,6.2,313.2,21.9,D,0
-21.1591,117.6562,334.1,1.5,1.2,2014-10-03,0208,Terra,MODIS,76,6.2,315.3,29,D,0
-20.495,119.0278,334.3,1.3,1.1,2014-10-03,0208,Terra,MODIS,72,6.2,317.2,19.7,D,0
-20.497,119.0402,335.6,1.3,1.1,2014-10-03,0208,Terra,MODIS,74,6.2,316.6,22.1,D,0
-20.5051,119.026,331.1,1.3,1.1,2014-10-03,0208,Terra,MODIS,33,6.2,315.1,11.6,D,0
-26.1664,123.6217,333.3,1.1,1.1,2014-10-03,0209,Terra,MODIS,70,6.2,316.1,15.3,D,0
-26.1678,123.6331,348.9,1.1,1.1,2014-10-03,0209,Terra,MODIS,92,6.2,315.2,48.5,D,0
-26.1759,123.6202,335.6,1.1,1.1,2014-10-03,0209,Terra,MODIS,76,6.2,315.9,18.8,D,0
-26.1774,123.6316,349.8,1.1,1.1,2014-10-03,0209,Terra,MODIS,93,6.2,314.8,50.2,D,0
-25.9955,124.8419,326.5,1.3,1.1,2014-10-03,0209,Terra,MODIS,42,6.2,310.1,11,D,0
-25.9853,124.8434,331.1,1.3,1.1,2014-10-03,0209,Terra,MODIS,72,6.2,310.4,19.3,D,0
-32.8631,116.4379,310.3,1.2,1.1,2014-10-03,0211,Terra,MODIS,64,6.2,292.8,8.6,D,0
-32.9401,116.465,317.7,1.2,1.1,2014-10-03,0211,Terra,MODIS,71,6.2,294,16.5,D,0
-32.8652,116.4502,318.3,1.2,1.1,2014-10-03,0211,Terra,MODIS,76,6.2,291.8,16.6,D,0
-34.5853,117.2917,316.5,1.1,1,2014-10-03,0211,Terra,MODIS,58,6.2,289,13.9,D,0
-28.5673,152.326,313.1,2.5,1.5,2014-10-03,0311,Aqua,MODIS,42,6.2,294.1,30.3,D,0
-29.3858,148.7546,321.8,4.5,2,2014-10-03,0311,Aqua,MODIS,32,6.2,310.8,59.7,D,0
-30.0203,152.9402,311.6,2.4,1.5,2014-10-03,0311,Aqua,MODIS,47,6.2,296.6,23.9,D,0
-28.5615,152.3183,314,2.5,1.5,2014-10-03,0311,Aqua,MODIS,44,6.2,294.7,32,D,0
-27.7539,152.1836,316.4,2.5,1.5,2014-10-03,0312,Aqua,MODIS,38,6.2,295,32.9,D,0
-25.1067,150.8064,317.8,2.9,1.6,2014-10-03,0312,Aqua,MODIS,49,6.2,300.5,40.2,D,0
-25.3593,149.9148,311.9,3.4,1.7,2014-10-03,0312,Aqua,MODIS,34,6.2,295.8,27.8,D,0
-25.3652,149.908,320,3.4,1.7,2014-10-03,0312,Aqua,MODIS,71,6.2,296.2,68,D,0
-25.0956,149.728,311.5,3.5,1.8,2014-10-03,0312,Aqua,MODIS,46,6.2,294.5,33.8,D,0
-22.2858,149.4422,313.8,3.4,1.7,2014-10-03,0313,Aqua,MODIS,38,6.2,296.3,40.3,D,0
-23.917,150.8288,309.2,2.8,1.6,2014-10-03,0313,Aqua,MODIS,26,6.2,290.2,28.5,D,0
-24.12,150.5813,309.3,3,1.6,2014-10-03,0313,Aqua,MODIS,27,6.2,291.4,19.5,D,0
-21.4542,148.9683,311,3.6,1.8,2014-10-03,0313,Aqua,MODIS,43,6.2,293.2,45.3,D,0
-22.9948,149.5607,314.2,3.4,1.7,2014-10-03,0313,Aqua,MODIS,57,6.2,295.9,38.7,D,0
-24.4028,151.1111,313.4,2.7,1.6,2014-10-03,0313,Aqua,MODIS,52,6.2,297.6,32.3,D,0
-24.121,150.576,310.4,3,1.6,2014-10-03,0313,Aqua,MODIS,39,6.2,291.7,23.3,D,0
-41.6718,147.7372,330.1,2,1.4,2014-10-03,0446,Aqua,MODIS,87,6.2,287.8,80.3,D,0
-41.1426,147.5745,327.2,2.1,1.4,2014-10-03,0446,Aqua,MODIS,85,6.2,287.3,75.7,D,0
-41.6593,147.7235,329.8,2,1.4,2014-10-03,0446,Aqua,MODIS,76,6.2,287.8,77.6,D,0
-41.6597,147.7319,335.9,2,1.4,2014-10-03,0446,Aqua,MODIS,90,6.2,287.6,100.6,D,0
-41.1493,147.6044,308.2,2.1,1.4,2014-10-03,0446,Aqua,MODIS,67,6.2,286.2,27.7,D,0
-41.6774,147.7122,317.6,2,1.4,2014-10-03,0446,Aqua,MODIS,60,6.2,288.4,41.9,D,0
-41.6538,147.7486,318.8,2,1.4,2014-10-03,0446,Aqua,MODIS,36,6.2,285.7,43.9,D,0
-41.6714,147.7289,328.5,2,1.4,2014-10-03,0446,Aqua,MODIS,66,6.2,288.4,71.6,D,0
-43.0687,147.696,310.3,1.9,1.3,2014-10-03,0446,Aqua,MODIS,17,6.2,285.6,23.6,D,0
-43.0615,147.7121,314.8,1.9,1.3,2014-10-03,0446,Aqua,MODIS,62,6.2,286.6,36.1,D,0
-41.137,147.5996,362.4,2.1,1.4,2014-10-03,0446,Aqua,MODIS,100,6.2,289.7,269.8,D,0
-41.1549,147.5789,300.1,2.1,1.4,2014-10-03,0446,Aqua,MODIS,28,6.2,285.9,13.5,D,0
-41.6504,146.1995,306.2,1.7,1.3,2014-10-03,0446,Aqua,MODIS,59,6.2,287,16.4,D,0
-41.1371,147.5913,350.7,2.1,1.4,2014-10-03,0446,Aqua,MODIS,96,6.2,289.6,186.7,D,0
-41.1317,147.6161,309.9,2.1,1.4,2014-10-03,0446,Aqua,MODIS,69,6.2,286.1,30.1,D,0
-36.7875,143.5846,327.3,1.5,1.2,2014-10-03,0447,Aqua,MODIS,82,6.2,302,37.3,D,0
-37.8861,141.3292,314.7,1.2,1.1,2014-10-03,0447,Aqua,MODIS,73,6.2,294.7,14.2,D,0
-36.4622,149.349,303,3.5,1.8,2014-10-03,0447,Aqua,MODIS,54,6.2,289.5,26.7,D,0
-36.4708,149.3472,303.2,3.5,1.8,2014-10-03,0447,Aqua,MODIS,55,6.2,289.9,27.7,D,0
-36.7176,143.2193,322.6,1.5,1.2,2014-10-03,0448,Aqua,MODIS,70,6.2,300.8,23.8,D,0
-36.7068,143.2162,322.6,1.5,1.2,2014-10-03,0448,Aqua,MODIS,36,6.2,302.5,23.1,D,0
-36.596,143.7344,348.3,1.6,1.2,2014-10-03,0448,Aqua,MODIS,95,6.2,303.7,103.8,D,0
-36.6157,143.7462,313.9,1.6,1.2,2014-10-03,0448,Aqua,MODIS,64,6.2,297.8,13.1,D,0
-36.6192,143.7284,311.6,1.6,1.2,2014-10-03,0448,Aqua,MODIS,47,6.2,300.5,9.4,D,0
-36.5309,143.8281,318.5,1.6,1.3,2014-10-03,0448,Aqua,MODIS,55,6.2,302.4,17,D,0
-36.5198,143.8249,316.2,1.6,1.3,2014-10-03,0448,Aqua,MODIS,41,6.2,304.7,12.1,D,0
-36.6047,143.7427,340.4,1.6,1.2,2014-10-03,0448,Aqua,MODIS,91,6.2,301,75,D,0
-36.5936,143.7393,350,1.6,1.2,2014-10-03,0448,Aqua,MODIS,95,6.2,303.6,110.4,D,0
-36.5972,143.7211,328,1.6,1.2,2014-10-03,0448,Aqua,MODIS,82,6.2,300.9,39.3,D,0
-36.7763,143.2262,343.7,1.5,1.2,2014-10-03,0448,Aqua,MODIS,92,6.2,299.5,77.4,D,0
-36.7794,143.2101,337.6,1.5,1.2,2014-10-03,0448,Aqua,MODIS,89,6.2,303.9,57.5,D,0
-36.7742,143.2185,371.8,1.5,1.2,2014-10-03,0448,Aqua,MODIS,100,6.2,305.1,206.6,D,0
-36.7635,143.2156,348.5,1.5,1.2,2014-10-03,0448,Aqua,MODIS,95,6.2,304.4,93.1,D,0
-36.7144,143.2359,322.1,1.5,1.2,2014-10-03,0448,Aqua,MODIS,52,6.2,299.8,22.6,D,0
-26.4461,141.7609,337.5,2,1.4,2014-10-03,0450,Aqua,MODIS,80,6.2,318.7,51.3,D,0
-26.1821,123.6492,345.1,4.5,2,2014-10-03,0451,Aqua,MODIS,93,6.2,311.6,298.1,D,0
-26.1848,123.6038,333.9,4.5,2,2014-10-03,0451,Aqua,MODIS,80,6.2,313.3,137.3,D,0
-26.1819,123.6414,349.6,4.5,2,2014-10-03,0451,Aqua,MODIS,95,6.2,312.1,383.1,D,0
-26.1642,123.6402,333.2,4.5,2,2014-10-03,0451,Aqua,MODIS,79,6.2,310.1,131.6,D,0
-26.1672,123.5946,329.9,4.5,2,2014-10-03,0451,Aqua,MODIS,74,6.2,312.4,92.2,D,0
-26.1465,123.6387,349.2,4.5,2,2014-10-03,0451,Aqua,MODIS,95,6.2,309.2,371.7,D,0
-26.1494,123.593,337.3,4.5,2,2014-10-03,0451,Aqua,MODIS,88,6.2,312.1,182.1,D,0
-26.1473,123.6353,353.4,4.5,2,2014-10-03,0451,Aqua,MODIS,97,6.2,309.5,448.3,D,0
-26.1505,123.5896,335.6,4.5,2,2014-10-03,0451,Aqua,MODIS,77,6.2,312.3,154.9,D,0
-20.0725,134.3798,342,1,1,2014-10-03,0452,Aqua,MODIS,71,6.2,323.9,21,D,0
-20.0545,134.3767,368.1,1,1,2014-10-03,0452,Aqua,MODIS,98,6.2,322.8,81.9,D,0
-20.0559,134.3671,359.4,1,1,2014-10-03,0452,Aqua,MODIS,92,6.2,318.8,58.1,D,0
-20.0445,134.3892,339,1,1,2014-10-03,0452,Aqua,MODIS,47,6.2,327,15.5,D,0
-20.046,134.3796,344.6,1,1,2014-10-03,0452,Aqua,MODIS,86,6.2,326.1,27.4,D,0
-20.0474,134.3699,340.1,1,1,2014-10-03,0452,Aqua,MODIS,69,6.2,321.6,20.2,D,0
-20.0747,133.4105,342.2,1,1,2014-10-03,0452,Aqua,MODIS,72,6.2,320.2,20.9,D,0
-20.0644,133.4186,356.6,1,1,2014-10-03,0452,Aqua,MODIS,97,6.2,329.2,50.3,D,0
-20.0657,133.4091,439,1,1,2014-10-03,0452,Aqua,MODIS,100,6.2,342.5,554.9,D,0
-20.0671,133.3995,403.6,1,1,2014-10-03,0452,Aqua,MODIS,100,6.2,326.4,251.7,D,0
-20.0554,133.4171,338.5,1,1,2014-10-03,0452,Aqua,MODIS,76,6.2,323.8,14.6,D,0
-20.0567,133.4076,345.9,1,1,2014-10-03,0452,Aqua,MODIS,88,6.2,322,29.2,D,0
-20.4924,133.4503,345.9,1,1,2014-10-03,0452,Aqua,MODIS,75,6.2,327.2,23.2,D,0
-20.4861,133.4297,362.9,1,1,2014-10-03,0452,Aqua,MODIS,100,6.2,323.2,65.3,D,0
-20.473,133.457,358.8,1,1,2014-10-03,0452,Aqua,MODIS,97,6.2,326.9,50.6,D,0
-20.4654,133.446,346.4,1,1,2014-10-03,0452,Aqua,MODIS,72,6.2,324.3,25.3,D,0
-20.4582,133.4286,333.1,1,1,2014-10-03,0452,Aqua,MODIS,55,6.2,320.9,6.4,D,0
-20.4569,133.4381,339.8,1,1,2014-10-03,0452,Aqua,MODIS,79,6.2,322.2,16.4,D,0
-20.6002,133.4637,357.5,1,1,2014-10-03,0452,Aqua,MODIS,98,6.2,324.2,51.2,D,0
-20.6016,133.4542,349.8,1,1,2014-10-03,0452,Aqua,MODIS,92,6.2,323,33.8,D,0
-20.6043,133.435,360.2,1,1,2014-10-03,0452,Aqua,MODIS,100,6.2,321.5,60.2,D,0
-20.6056,133.4254,335.7,1,1,2014-10-03,0452,Aqua,MODIS,44,6.2,322.2,9.4,D,0
-20.5912,133.4623,339.7,1,1,2014-10-03,0452,Aqua,MODIS,73,6.2,325.9,14.2,D,0
-20.5939,133.4431,353.9,1,1,2014-10-03,0452,Aqua,MODIS,95,6.2,320.6,42.1,D,0
-20.5953,133.4335,443.5,1,1,2014-10-03,0452,Aqua,MODIS,100,6.2,339.3,606.4,D,0
-20.5966,133.424,384.3,1,1,2014-10-03,0452,Aqua,MODIS,100,6.2,325.6,145.4,D,0
-20.5863,133.4321,399.5,1,1,2014-10-03,0452,Aqua,MODIS,100,6.2,324.6,224.5,D,0
-20.5876,133.4225,339.4,1,1,2014-10-03,0452,Aqua,MODIS,76,6.2,315.9,15.6,D,0
-20.4811,133.3995,341.1,1,1,2014-10-03,0452,Aqua,MODIS,81,6.2,322,19.9,D,0
-20.465,133.3807,345.5,1,1,2014-10-03,0452,Aqua,MODIS,82,6.2,322.5,24.4,D,0
-20.4366,133.3859,370.9,1,1,2014-10-03,0452,Aqua,MODIS,100,6.2,328.2,88.8,D,0
-20.438,133.3763,347.1,1,1,2014-10-03,0452,Aqua,MODIS,82,6.2,327.8,26.3,D,0
-20.4073,133.3322,348.2,1,1,2014-10-03,0452,Aqua,MODIS,90,6.2,319.7,33,D,0
-20.4087,133.3226,335.1,1,1,2014-10-03,0452,Aqua,MODIS,33,6.2,318.6,10.9,D,0
-20.3983,133.3308,335.7,1,1,2014-10-03,0452,Aqua,MODIS,45,6.2,318.6,11.7,D,0
-20.3853,133.358,339.6,1,1,2014-10-03,0452,Aqua,MODIS,54,6.2,321.6,13.9,D,0
-20.3866,133.3485,364.3,1,1,2014-10-03,0452,Aqua,MODIS,100,6.2,323.3,71.1,D,0
-20.388,133.3389,398.7,1,1,2014-10-03,0452,Aqua,MODIS,100,6.2,329.9,218.8,D,0
-20.3893,133.3293,356,1,1,2014-10-03,0452,Aqua,MODIS,97,6.2,319.6,50.6,D,0
-20.3792,133.3415,405.5,1,1,2014-10-03,0452,Aqua,MODIS,100,6.2,326.6,264.7,D,0
-20.3806,133.3319,385.5,1,1,2014-10-03,0452,Aqua,MODIS,100,6.2,325.1,153.4,D,0
-20.3621,133.3974,341.1,1,1,2014-10-03,0452,Aqua,MODIS,70,6.2,322.4,16.8,D,0
-20.3634,133.3879,337.7,1,1,2014-10-03,0452,Aqua,MODIS,44,6.2,322.5,11.7,D,0
-22.2956,125.6574,365.1,2.9,1.6,2014-10-03,0452,Aqua,MODIS,100,6.2,314.5,384.8,D,0
-22.2929,125.6855,360.1,2.9,1.6,2014-10-03,0452,Aqua,MODIS,100,6.2,311.1,316.6,D,0
-22.2782,125.6839,349.3,2.9,1.6,2014-10-03,0452,Aqua,MODIS,93,6.2,310.7,188.9,D,0
-22.2792,125.6911,333.8,2.9,1.6,2014-10-03,0452,Aqua,MODIS,41,6.2,310.2,71.2,D,0
-22.2817,125.6629,374.7,2.9,1.6,2014-10-03,0452,Aqua,MODIS,100,6.2,315.3,538.3,D,0
-22.267,125.6612,338.5,2.9,1.6,2014-10-03,0452,Aqua,MODIS,77,6.2,311.1,93.8,D,0
-22.2809,125.6557,369.2,2.9,1.6,2014-10-03,0452,Aqua,MODIS,100,6.2,315.6,441.9,D,0
-22.3103,125.6591,347.3,2.9,1.6,2014-10-03,0452,Aqua,MODIS,91,6.2,307.5,183.8,D,0
-22.3076,125.6873,352.1,2.9,1.6,2014-10-03,0452,Aqua,MODIS,95,6.2,309.1,231.9,D,0
-22.2695,125.6329,336.2,2.9,1.6,2014-10-03,0452,Aqua,MODIS,52,6.2,313.1,80.7,D,0
-21.9516,124.1777,325.9,3.7,1.8,2014-10-03,0452,Aqua,MODIS,22,6.2,303.9,68.9,D,0
-22.2662,125.654,338.7,2.9,1.6,2014-10-03,0452,Aqua,MODIS,72,6.2,311.9,95.3,D,0
-22.3112,125.6663,361.4,2.9,1.6,2014-10-03,0452,Aqua,MODIS,94,6.2,308.4,354.1,D,0
-22.2939,125.6928,345.9,2.9,1.6,2014-10-03,0452,Aqua,MODIS,90,6.2,310.1,175.3,D,0
-22.2964,125.6646,375.9,2.9,1.6,2014-10-03,0452,Aqua,MODIS,100,6.2,314.5,568,D,0
-23.7451,125.0657,362,3.4,1.7,2014-10-03,0452,Aqua,MODIS,0,6.2,289.4,423.7,D,0
-23.7636,125.0338,355.4,3.4,1.7,2014-10-03,0452,Aqua,MODIS,73,6.2,292.2,317.6,D,0
-23.7585,125.0404,384.3,3.4,1.7,2014-10-03,0452,Aqua,MODIS,0,6.2,300.6,894.4,D,0
-22.4732,130.3605,346.5,1.4,1.2,2014-10-03,0452,Aqua,MODIS,82,6.2,320.8,52,D,0
-22.4853,130.3486,354.8,1.4,1.2,2014-10-03,0452,Aqua,MODIS,96,6.2,319.3,77.6,D,0
-23.7479,125.0324,371.9,3.4,1.7,2014-10-03,0452,Aqua,MODIS,94,6.2,305.6,604.8,D,0
-23.7322,125.0308,340.7,3.4,1.7,2014-10-03,0452,Aqua,MODIS,57,6.2,308.5,150.8,D,0
-23.7165,125.0294,338.5,3.4,1.7,2014-10-03,0452,Aqua,MODIS,31,6.2,309.4,131.3,D,0
-22.4796,130.3071,342.7,1.4,1.2,2014-10-03,0452,Aqua,MODIS,81,6.2,319.5,38.1,D,0
-22.4837,130.3619,364.2,1.4,1.2,2014-10-03,0452,Aqua,MODIS,100,6.2,319.2,119.4,D,0
-22.4247,130.3617,331.3,1.4,1.2,2014-10-03,0452,Aqua,MODIS,47,6.2,317,9.1,D,0
-18.1225,130.7673,330.2,1.2,1.1,2014-10-03,0453,Aqua,MODIS,21,6.2,314.5,10.6,D,0
-19.8231,126.6753,339.2,2.3,1.5,2014-10-03,0453,Aqua,MODIS,81,6.2,313,76.5,D,0
-19.8208,126.697,330.2,2.3,1.5,2014-10-03,0453,Aqua,MODIS,59,6.2,312.9,31.8,D,0
-19.8203,126.6818,346.1,2.3,1.5,2014-10-03,0453,Aqua,MODIS,89,6.2,313.6,115.8,D,0
-17.1989,126.8076,335.4,2,1.4,2014-10-03,0453,Aqua,MODIS,74,6.2,305.4,37,D,0
-17.1915,126.7729,381.3,2.1,1.4,2014-10-03,0453,Aqua,MODIS,100,6.2,315.6,398.6,D,0
-18.373,130.799,344.8,1.2,1.1,2014-10-03,0453,Aqua,MODIS,86,6.2,307.5,44.2,D,0
-18.1254,130.7456,335.4,1.2,1.1,2014-10-03,0453,Aqua,MODIS,70,6.2,314.6,19.7,D,0
-17.6202,130.48,355.3,1.2,1.1,2014-10-03,0453,Aqua,MODIS,96,6.2,320.4,62.1,D,0
-17.613,130.535,353,1.2,1.1,2014-10-03,0453,Aqua,MODIS,94,6.2,320.3,57.1,D,0
-18.1567,130.8054,395.1,1.1,1.1,2014-10-03,0453,Aqua,MODIS,100,6.2,325.5,249.8,D,0
-18.1581,130.7946,384.7,1.2,1.1,2014-10-03,0453,Aqua,MODIS,100,6.2,322.4,188.1,D,0
-18.1264,130.8121,332.2,1.1,1.1,2014-10-03,0453,Aqua,MODIS,23,6.2,316.9,11.8,D,0
-18.2098,130.7966,349.9,1.2,1.1,2014-10-03,0453,Aqua,MODIS,92,6.2,314.2,50.5,D,0
-18.2237,130.7654,335.5,1.2,1.1,2014-10-03,0453,Aqua,MODIS,71,6.2,315.4,18.5,D,0
-17.6358,130.4372,344.3,1.2,1.1,2014-10-03,0453,Aqua,MODIS,86,6.2,316.1,38.7,D,0
-17.6343,130.4483,343,1.2,1.1,2014-10-03,0453,Aqua,MODIS,84,6.2,317,35.1,D,0
-19.746,126.7751,338.6,2.2,1.4,2014-10-03,0453,Aqua,MODIS,55,6.2,315.9,56.1,D,0
-17.2035,126.7691,357.3,2.1,1.4,2014-10-03,0453,Aqua,MODIS,98,6.2,314.2,171.8,D,0
-17.2011,126.7887,359.9,2,1.4,2014-10-03,0453,Aqua,MODIS,99,6.2,310.6,184.5,D,0
-18.2061,130.6737,340.1,1.2,1.1,2014-10-03,0453,Aqua,MODIS,80,6.2,315.8,30.5,D,0
-17.4986,130.4786,350.3,1.2,1.1,2014-10-03,0453,Aqua,MODIS,92,6.2,318.5,52.6,D,0
-17.1894,126.7923,439.7,2,1.4,2014-10-03,0453,Aqua,MODIS,100,6.2,326.7,1609.9,D,0
-18.3716,130.8099,384.2,1.2,1.1,2014-10-03,0453,Aqua,MODIS,100,6.2,318.6,187.1,D,0
-17.1886,126.7874,445,2,1.4,2014-10-03,0453,Aqua,MODIS,100,6.2,327.4,1787.7,D,0
-17.1909,126.7678,338.8,2.1,1.4,2014-10-03,0453,Aqua,MODIS,80,6.2,312.6,66.9,D,0
-18.1965,130.6723,398.7,1.2,1.1,2014-10-03,0453,Aqua,MODIS,100,6.2,327.6,284.6,D,0
-18.1979,130.6613,374.5,1.2,1.1,2014-10-03,0453,Aqua,MODIS,100,6.2,317.9,143.8,D,0
-18.2737,130.6337,344,1.2,1.1,2014-10-03,0453,Aqua,MODIS,86,6.2,312.1,42.7,D,0
-19.6034,127.6111,337.3,1.9,1.4,2014-10-03,0453,Aqua,MODIS,77,6.2,321.5,34.6,D,0
-18.2834,130.6351,354.8,1.2,1.1,2014-10-03,0453,Aqua,MODIS,96,6.2,314.9,71.2,D,0
-16.9019,127.0408,358.1,1.9,1.4,2014-10-03,0453,Aqua,MODIS,98,6.2,317.4,157.3,D,0
-16.9039,127.0225,333,1.9,1.4,2014-10-03,0453,Aqua,MODIS,16,6.2,316,29.4,D,0
-17.5768,130.5856,334.5,1.2,1.1,2014-10-03,0453,Aqua,MODIS,65,6.2,319.4,14.1,D,0
-17.176,126.7858,328.8,2,1.4,2014-10-03,0453,Aqua,MODIS,34,6.2,313.1,24.7,D,0
-17.2145,126.7949,336,2,1.4,2014-10-03,0453,Aqua,MODIS,75,6.2,306,48.9,D,0
-17.2019,126.7936,350.6,2,1.4,2014-10-03,0453,Aqua,MODIS,93,6.2,306.7,121.6,D,0
-17.9832,130.6573,331.5,1.2,1.1,2014-10-03,0453,Aqua,MODIS,42,6.2,317.3,9.9,D,0
-17.9735,130.6559,333.1,1.2,1.1,2014-10-03,0453,Aqua,MODIS,60,6.2,317.8,12.9,D,0
-16.9541,127.581,331.8,1.8,1.3,2014-10-03,0453,Aqua,MODIS,54,6.2,315,26,D,0
-16.9559,127.565,331.5,1.8,1.3,2014-10-03,0453,Aqua,MODIS,50,6.2,314.1,25.5,D,0
-17.1873,126.8112,363.1,2,1.4,2014-10-03,0453,Aqua,MODIS,100,6.2,316.9,204.3,D,0
-17.2635,126.7013,328.2,2.1,1.4,2014-10-03,0453,Aqua,MODIS,36,6.2,312.6,27.3,D,0
-17.2613,126.7208,343.7,2.1,1.4,2014-10-03,0453,Aqua,MODIS,86,6.2,314.4,92.6,D,0
-17.1998,126.8125,333.5,2,1.4,2014-10-03,0453,Aqua,MODIS,63,6.2,307.6,30.3,D,0
-17.2041,126.7742,376.3,2.1,1.4,2014-10-03,0453,Aqua,MODIS,100,6.2,314.9,343.1,D,0
-17.0121,127.5614,331.8,1.8,1.3,2014-10-03,0453,Aqua,MODIS,37,6.2,316.4,20.2,D,0
-17.5782,130.5746,336.5,1.2,1.1,2014-10-03,0453,Aqua,MODIS,71,6.2,322,16.6,D,0
-17.6019,130.5446,334.7,1.2,1.1,2014-10-03,0453,Aqua,MODIS,61,6.2,320.1,14,D,0
-17.6116,130.546,354,1.2,1.1,2014-10-03,0453,Aqua,MODIS,95,6.2,321.3,60.1,D,0
-17.6008,130.4773,345.5,1.2,1.1,2014-10-03,0453,Aqua,MODIS,82,6.2,322.7,30.9,D,0
-17.6217,130.469,351.1,1.2,1.1,2014-10-03,0453,Aqua,MODIS,93,6.2,319.8,50.6,D,0
-16.6516,130.578,346.3,1.1,1.1,2014-10-03,0453,Aqua,MODIS,68,6.2,321.4,35.1,D,0
-16.6261,130.5894,332.7,1.1,1.1,2014-10-03,0453,Aqua,MODIS,27,6.2,318.4,9,D,0
-16.6275,130.5789,335.9,1.1,1.1,2014-10-03,0453,Aqua,MODIS,57,6.2,320.7,15.1,D,0
-16.6179,130.5775,368.4,1.1,1.1,2014-10-03,0453,Aqua,MODIS,100,6.2,322.3,103.8,D,0
-17.3363,126.9935,342.6,2,1.4,2014-10-03,0453,Aqua,MODIS,85,6.2,318.7,62.3,D,0
-17.3342,127.0123,340.9,2,1.4,2014-10-03,0453,Aqua,MODIS,77,6.2,316.4,56.2,D,0
-18.3413,130.8166,343.4,1.2,1.1,2014-10-03,0453,Aqua,MODIS,85,6.2,311.7,40.5,D,0
-18.3538,130.7962,415.3,1.2,1.1,2014-10-03,0453,Aqua,MODIS,100,6.2,321.6,425.7,D,0
-18.3523,130.8071,431.9,1.2,1.1,2014-10-03,0453,Aqua,MODIS,100,6.2,328.4,601.4,D,0
-16.9566,127.1037,336.3,1.9,1.4,2014-10-03,0453,Aqua,MODIS,54,6.2,316.2,41.8,D,0
-16.9597,127.1094,335.9,1.9,1.4,2014-10-03,0453,Aqua,MODIS,67,6.2,316.3,39,D,0
-18.3509,130.818,366.8,1.2,1.1,2014-10-03,0453,Aqua,MODIS,95,6.2,317.7,102.4,D,0
-18.2223,130.7763,359.2,1.2,1.1,2014-10-03,0453,Aqua,MODIS,99,6.2,317.3,77.1,D,0
-18.2208,130.7871,380.1,1.2,1.1,2014-10-03,0453,Aqua,MODIS,100,6.2,320.1,161.4,D,0
-18.2194,130.798,341.8,1.2,1.1,2014-10-03,0453,Aqua,MODIS,83,6.2,316.3,29.7,D,0
-18.2333,130.7668,351.9,1.2,1.1,2014-10-03,0453,Aqua,MODIS,93,6.2,317.5,54.9,D,0
-18.2319,130.7776,347.1,1.2,1.1,2014-10-03,0453,Aqua,MODIS,89,6.2,317.3,42,D,0
-18.3648,130.7867,378.9,1.2,1.1,2014-10-03,0453,Aqua,MODIS,100,6.2,312,166.2,D,0
-18.3634,130.7976,467.4,1.2,1.1,2014-10-03,0453,Aqua,MODIS,100,6.2,400.1,1174.1,D,0
-18.362,130.8085,392.1,1.2,1.1,2014-10-03,0453,Aqua,MODIS,100,6.2,331,233.2,D,0
-18.3606,130.8194,379.7,1.2,1.1,2014-10-03,0453,Aqua,MODIS,100,6.2,330.4,156,D,0
-19.7299,126.7032,348.9,2.3,1.5,2014-10-03,0453,Aqua,MODIS,91,6.2,319.2,116.2,D,0
-19.7275,126.7245,385.5,2.2,1.5,2014-10-03,0453,Aqua,MODIS,100,6.2,321.8,493.8,D,0
-19.749,126.7704,338,2.2,1.4,2014-10-03,0453,Aqua,MODIS,49,6.2,316.4,51.7,D,0
-19.7265,126.7078,371.4,2.3,1.5,2014-10-03,0453,Aqua,MODIS,100,6.2,320.7,314.7,D,0
-19.7243,126.7291,376.9,2.2,1.5,2014-10-03,0453,Aqua,MODIS,100,6.2,320.2,372.2,D,0
-16.8982,127.0332,333.7,1.9,1.4,2014-10-03,0453,Aqua,MODIS,34,6.2,315.8,33.8,D,0
-18.2112,130.7857,336.8,1.2,1.1,2014-10-03,0453,Aqua,MODIS,71,6.2,313.8,20.6,D,0
-18.2047,130.6847,331.2,1.2,1.1,2014-10-03,0453,Aqua,MODIS,51,6.2,316,13.1,D,0
-18.195,130.6833,343.2,1.2,1.1,2014-10-03,0453,Aqua,MODIS,85,6.2,318.6,36.7,D,0
-18.1699,130.8018,336.4,1.2,1.1,2014-10-03,0453,Aqua,MODIS,73,6.2,315.8,21,D,0
-18.1589,130.8112,394.6,1.1,1.1,2014-10-03,0453,Aqua,MODIS,100,6.2,325.3,243.9,D,0
-18.1603,130.8004,418.9,1.2,1.1,2014-10-03,0453,Aqua,MODIS,100,6.2,328.8,448.1,D,0
-17.1863,126.8064,377.9,2,1.4,2014-10-03,0453,Aqua,MODIS,100,6.2,317.8,349.5,D,0
-17.8891,130.7766,334.2,1.1,1.1,2014-10-03,0453,Aqua,MODIS,58,6.2,319.6,11,D,0
-17.872,130.8003,336.3,1.1,1.1,2014-10-03,0453,Aqua,MODIS,65,6.2,320.5,14.9,D,0
-17.861,130.8097,346.1,1.1,1.1,2014-10-03,0453,Aqua,MODIS,88,6.2,320.4,35.5,D,0
-17.3589,127.0155,333.8,2,1.4,2014-10-03,0453,Aqua,MODIS,53,6.2,316.6,32.1,D,0
-17.3445,127.0087,343.1,2,1.4,2014-10-03,0453,Aqua,MODIS,82,6.2,317.6,66.1,D,0
-17.1852,126.8301,340.1,2,1.4,2014-10-03,0453,Aqua,MODIS,82,6.2,315.9,57.1,D,0
-17.1841,126.8252,347.2,2,1.4,2014-10-03,0453,Aqua,MODIS,90,6.2,316.2,96,D,0
-17.486,130.4992,336.1,1.2,1.1,2014-10-03,0453,Aqua,MODIS,72,6.2,318.4,20,D,0
-17.4846,130.5102,337.4,1.2,1.1,2014-10-03,0453,Aqua,MODIS,73,6.2,318.4,21.4,D,0
-18.282,130.6462,345.9,1.2,1.1,2014-10-03,0453,Aqua,MODIS,88,6.2,316,45.7,D,0
-19.6112,126.8325,336.1,2.2,1.4,2014-10-03,0453,Aqua,MODIS,74,6.2,321.1,34.5,D,0
-18.1617,130.7896,359.8,1.2,1.1,2014-10-03,0453,Aqua,MODIS,99,6.2,316.9,79.4,D,0
-18.1553,130.8162,357.7,1.1,1.1,2014-10-03,0453,Aqua,MODIS,98,6.2,318.9,71.2,D,0
-17.4929,130.5226,343.4,1.2,1.1,2014-10-03,0453,Aqua,MODIS,85,6.2,321.6,31.7,D,0
-17.5993,130.4883,354.4,1.2,1.1,2014-10-03,0453,Aqua,MODIS,95,6.2,324.2,55.4,D,0
-17.6047,130.5227,345.3,1.2,1.1,2014-10-03,0453,Aqua,MODIS,82,6.2,321.3,34.4,D,0
-17.6033,130.5337,352.1,1.2,1.1,2014-10-03,0453,Aqua,MODIS,94,6.2,321.8,54.1,D,0
-17.6144,130.5241,339.3,1.2,1.1,2014-10-03,0453,Aqua,MODIS,47,6.2,316.9,22,D,0
-19.7144,126.723,338.3,2.2,1.5,2014-10-03,0453,Aqua,MODIS,51,6.2,316.5,43.8,D,0
-19.7036,126.7001,347.1,2.3,1.5,2014-10-03,0453,Aqua,MODIS,90,6.2,316.9,93.9,D,0
-19.6598,126.7381,346,2.2,1.4,2014-10-03,0453,Aqua,MODIS,89,6.2,318.4,83.4,D,0
-19.6467,126.7365,357.4,2.2,1.4,2014-10-03,0453,Aqua,MODIS,98,6.2,318.3,166.9,D,0
-19.6314,126.7562,364.3,2.2,1.4,2014-10-03,0453,Aqua,MODIS,100,6.2,320.2,225.3,D,0
-19.6465,126.751,343.7,2.2,1.4,2014-10-03,0453,Aqua,MODIS,86,6.2,318.7,71.3,D,0
-19.6489,126.7298,365.8,2.2,1.4,2014-10-03,0453,Aqua,MODIS,100,6.2,318.8,244.8,D,0
-19.6311,126.7707,338.7,2.2,1.4,2014-10-03,0453,Aqua,MODIS,78,6.2,319.9,47.8,D,0
-19.6335,126.7495,366.2,2.2,1.4,2014-10-03,0453,Aqua,MODIS,100,6.2,321.2,252.2,D,0
-19.6951,126.6553,340.5,2.3,1.5,2014-10-03,0453,Aqua,MODIS,76,6.2,316.3,65.4,D,0
-19.6796,126.6753,355.1,2.3,1.5,2014-10-03,0453,Aqua,MODIS,96,6.2,318.7,155.8,D,0
-19.6819,126.6536,343.5,2.3,1.5,2014-10-03,0453,Aqua,MODIS,86,6.2,317,81.6,D,0
-18.3239,130.8529,390.7,1.1,1.1,2014-10-03,0453,Aqua,MODIS,100,6.2,323.4,221.8,D,0
-18.3211,130.8745,343.1,1.1,1.1,2014-10-03,0453,Aqua,MODIS,71,6.2,318.8,28.8,D,0
-20.3916,127.4157,343.5,2,1.4,2014-10-03,0453,Aqua,MODIS,86,6.2,319.2,69.9,D,0
-20.3887,127.4304,337.2,2,1.4,2014-10-03,0453,Aqua,MODIS,77,6.2,317.2,41.3,D,0
-20.3909,127.4108,340.3,2,1.4,2014-10-03,0453,Aqua,MODIS,82,6.2,319.9,54,D,0
-18.2799,130.8905,487.4,1.1,1.1,2014-10-03,0453,Aqua,MODIS,100,6.2,400.1,1589.7,D,0
-18.2838,130.9348,345.3,1.1,1.1,2014-10-03,0453,Aqua,MODIS,43,6.2,324.8,22.6,D,0
-18.2813,130.8797,361.1,1.1,1.1,2014-10-03,0453,Aqua,MODIS,100,6.2,312.8,82.7,D,0
-19.5997,126.9367,337.4,2.2,1.4,2014-10-03,0453,Aqua,MODIS,72,6.2,318.3,43.7,D,0
-19.7069,126.8983,353.8,2.2,1.4,2014-10-03,0453,Aqua,MODIS,95,6.2,320.1,140.8,D,0
-19.7066,126.9142,345.9,2.2,1.4,2014-10-03,0453,Aqua,MODIS,85,6.2,318.2,86.1,D,0
-19.7089,126.8935,347.9,2.2,1.4,2014-10-03,0453,Aqua,MODIS,90,6.2,319.7,102.7,D,0
-18.3702,130.8208,382.2,1.2,1.1,2014-10-03,0453,Aqua,MODIS,100,6.2,324.4,173.3,D,0
-17.118,132.6156,339.4,1,1,2014-10-03,0453,Aqua,MODIS,56,6.2,323.1,14,D,0
-18.3699,130.898,339.5,1.1,1.1,2014-10-03,0453,Aqua,MODIS,76,6.2,317.9,21.8,D,0
-16.5953,130.7454,337.7,1.1,1.1,2014-10-03,0453,Aqua,MODIS,76,6.2,323.8,13.5,D,0
-16.5967,130.7351,343.3,1.1,1.1,2014-10-03,0453,Aqua,MODIS,85,6.2,324.2,25.8,D,0
-16.7652,130.8459,346.7,1.1,1.1,2014-10-03,0453,Aqua,MODIS,88,6.2,323.4,31.2,D,0
-16.7666,130.8356,349.6,1.1,1.1,2014-10-03,0453,Aqua,MODIS,89,6.2,320,38.6,D,0
-16.7572,130.8342,340.5,1.1,1.1,2014-10-03,0453,Aqua,MODIS,42,6.2,319.4,18.2,D,0
-16.4457,135.4706,341.7,1.2,1.1,2014-10-03,0453,Aqua,MODIS,81,6.2,318.1,24.6,D,0
-16.4788,135.4717,334.7,1.2,1.1,2014-10-03,0453,Aqua,MODIS,33,6.2,319.9,11.7,D,0
-16.4537,135.4833,338.9,1.2,1.1,2014-10-03,0453,Aqua,MODIS,60,6.2,317.8,19.7,D,0
-17.3345,132.7094,339,1,1,2014-10-03,0453,Aqua,MODIS,74,6.2,322.5,14.8,D,0
-18.1889,130.8815,347.5,1.1,1.1,2014-10-03,0453,Aqua,MODIS,89,6.2,320.7,38.4,D,0
-18.3379,130.8217,370.6,1.2,1.1,2014-10-03,0453,Aqua,MODIS,100,6.2,316.6,125,D,0
-18.1903,130.8708,401,1.1,1.1,2014-10-03,0453,Aqua,MODIS,100,6.2,327.2,283.6,D,0
-18.335,130.8434,374.2,1.1,1.1,2014-10-03,0453,Aqua,MODIS,100,6.2,324.1,135.2,D,0
-18.1739,130.8465,333.8,1.1,1.1,2014-10-03,0453,Aqua,MODIS,60,6.2,314.9,12.2,D,0
-18.2852,130.9241,351.7,1.1,1.1,2014-10-03,0453,Aqua,MODIS,92,6.2,323.8,38.3,D,0
-18.3364,130.8326,362.7,1.2,1.1,2014-10-03,0453,Aqua,MODIS,100,6.2,316.4,93,D,0
-18.3396,130.9811,339.8,1.1,1.1,2014-10-03,0453,Aqua,MODIS,50,6.2,322,18.9,D,0
-18.1835,130.8479,342.4,1.1,1.1,2014-10-03,0453,Aqua,MODIS,79,6.2,311.9,27.3,D,0
-18.3335,130.8543,367.1,1.1,1.1,2014-10-03,0453,Aqua,MODIS,100,6.2,323.3,105.3,D,0
-18.3399,130.8275,396.5,1.2,1.1,2014-10-03,0453,Aqua,MODIS,100,6.2,319.4,261.7,D,0
-18.3495,130.8289,361.6,1.2,1.1,2014-10-03,0453,Aqua,MODIS,92,6.2,319.8,78,D,0
-18.3357,130.86,343.9,1.1,1.1,2014-10-03,0453,Aqua,MODIS,75,6.2,320.7,26.1,D,0
-18.3371,130.8492,363.8,1.1,1.1,2014-10-03,0453,Aqua,MODIS,100,6.2,323.6,84.7,D,0
-18.3385,130.8383,349.9,1.2,1.1,2014-10-03,0453,Aqua,MODIS,59,6.2,318.3,46.6,D,0
-18.299,130.8933,339.8,1.1,1.1,2014-10-03,0453,Aqua,MODIS,47,6.2,317,17.1,D,0
-18.3005,130.8825,374.7,1.1,1.1,2014-10-03,0453,Aqua,MODIS,100,6.2,321.6,130.7,D,0
-18.2923,130.8703,359.6,1.1,1.1,2014-10-03,0453,Aqua,MODIS,99,6.2,313.2,78.1,D,0
-18.0249,123.9383,342.7,3.4,1.7,2014-10-03,0453,Aqua,MODIS,86,6.2,310.7,169.9,D,0
-18.028,123.9052,332.3,3.5,1.8,2014-10-03,0453,Aqua,MODIS,45,6.2,308.4,76.1,D,0
-18.0316,123.9342,345.7,3.4,1.7,2014-10-03,0453,Aqua,MODIS,89,6.2,310.4,201.6,D,0
-18.1807,130.8694,346.8,1.1,1.1,2014-10-03,0453,Aqua,MODIS,89,6.2,315.8,35.5,D,0
-17.9873,123.8966,351.6,3.5,1.8,2014-10-03,0453,Aqua,MODIS,93,6.2,309.5,273.1,D,0
-17.9715,123.8947,351.4,3.5,1.8,2014-10-03,0453,Aqua,MODIS,94,6.2,309.6,269.1,D,0
-17.9747,123.8616,334.6,3.5,1.8,2014-10-03,0453,Aqua,MODIS,34,6.2,304.8,102,D,0
-17.9557,123.8929,345.3,3.5,1.8,2014-10-03,0453,Aqua,MODIS,88,6.2,307.9,191.7,D,0
-17.9776,123.8882,359.3,3.5,1.8,2014-10-03,0453,Aqua,MODIS,99,6.2,309.6,387.2,D,0
-17.9617,123.8864,341.6,3.5,1.8,2014-10-03,0453,Aqua,MODIS,77,6.2,307.3,156.9,D,0
-17.9459,123.8847,334,3.5,1.8,2014-10-03,0453,Aqua,MODIS,53,6.2,306.9,82.5,D,0
-18.3713,130.8872,338,1.1,1.1,2014-10-03,0453,Aqua,MODIS,67,6.2,318,18.7,D,0
-18.3254,130.842,381.7,1.1,1.1,2014-10-03,0453,Aqua,MODIS,100,6.2,319.1,172.4,D,0
-18.3728,130.8764,335.7,1.1,1.1,2014-10-03,0453,Aqua,MODIS,60,6.2,318.9,15.4,D,0
-18.3225,130.8637,350.9,1.1,1.1,2014-10-03,0453,Aqua,MODIS,93,6.2,319.2,49.2,D,0
-18.3592,130.8303,366.7,1.2,1.1,2014-10-03,0453,Aqua,MODIS,100,6.2,327.7,95.4,D,0
-18.3742,130.8656,338.3,1.1,1.1,2014-10-03,0453,Aqua,MODIS,44,6.2,320.6,18.6,D,0
-18.3115,130.8731,358,1.1,1.1,2014-10-03,0453,Aqua,MODIS,98,6.2,318,68.5,D,0
-16.5194,130.6328,340.3,1.1,1.1,2014-10-03,0453,Aqua,MODIS,80,6.2,320.9,21.5,D,0
-16.5208,130.6223,334.8,1.1,1.1,2014-10-03,0453,Aqua,MODIS,62,6.2,320.9,11.4,D,0
-18.2742,130.9335,418.8,1.1,1.1,2014-10-03,0453,Aqua,MODIS,100,6.2,337,427.9,D,0
-18.27,130.9656,394.2,1.1,1.1,2014-10-03,0453,Aqua,MODIS,100,6.2,327.4,226.6,D,0
-18.2686,130.9762,343.1,1.1,1.1,2014-10-03,0453,Aqua,MODIS,74,6.2,320.8,21.1,D,0
-18.288,130.9026,374.9,1.1,1.1,2014-10-03,0453,Aqua,MODIS,100,6.2,326.2,122.9,D,0
-18.2784,130.9012,501.7,1.1,1.1,2014-10-03,0453,Aqua,MODIS,100,6.2,400.1,1968.8,D,0
-18.277,130.912,485,1.1,1.1,2014-10-03,0453,Aqua,MODIS,100,6.2,400.1,1522,D,0
-18.2728,130.9442,388.3,1.1,1.1,2014-10-03,0453,Aqua,MODIS,100,6.2,330.1,190.4,D,0
-18.2633,130.9428,347.6,1.1,1.1,2014-10-03,0453,Aqua,MODIS,70,6.2,317.6,34.5,D,0
-18.2756,130.9227,446.6,1.1,1.1,2014-10-03,0453,Aqua,MODIS,100,6.2,400.1,772.5,D,0
-18.2714,130.9549,389.9,1.1,1.1,2014-10-03,0453,Aqua,MODIS,100,6.2,328.1,199.5,D,0
-18.2647,130.9321,375.4,1.1,1.1,2014-10-03,0453,Aqua,MODIS,100,6.2,318.2,131.8,D,0
-18.2661,130.9213,404,1.1,1.1,2014-10-03,0453,Aqua,MODIS,100,6.2,320.3,308.9,D,0
-18.1236,130.8336,376.5,1.1,1.1,2014-10-03,0453,Aqua,MODIS,100,6.2,322.8,141.1,D,0
-18.1575,130.8221,338.4,1.1,1.1,2014-10-03,0453,Aqua,MODIS,77,6.2,317.7,19.6,D,0
-18.2013,130.8614,354.6,1.1,1.1,2014-10-03,0453,Aqua,MODIS,96,6.2,317.6,60.2,D,0
-18.1346,130.8243,359.7,1.1,1.1,2014-10-03,0453,Aqua,MODIS,99,6.2,321.5,74.8,D,0
-18.1917,130.86,468.4,1.1,1.1,2014-10-03,0453,Aqua,MODIS,100,6.2,400.1,1163.6,D,0
-18.125,130.8229,370.6,1.1,1.1,2014-10-03,0453,Aqua,MODIS,100,6.2,321.3,116.8,D,0
-18.1207,130.8552,358.1,1.1,1.1,2014-10-03,0453,Aqua,MODIS,98,6.2,321.5,69.2,D,0
-18.1222,130.8444,348.8,1.1,1.1,2014-10-03,0453,Aqua,MODIS,91,6.2,321.5,43.2,D,0
-18.1999,130.8722,335.5,1.1,1.1,2014-10-03,0453,Aqua,MODIS,50,6.2,316.7,14.7,D,0
-18.2675,130.9106,352.2,1.1,1.1,2014-10-03,0453,Aqua,MODIS,94,6.2,311.1,58.3,D,0
-18.2689,130.8998,337.1,1.1,1.1,2014-10-03,0453,Aqua,MODIS,42,6.2,309.6,25.2,D,0
-18.1931,130.8493,476.4,1.1,1.1,2014-10-03,0453,Aqua,MODIS,100,6.2,400.1,1334.2,D,0
-18.1945,130.8385,357.2,1.1,1.1,2014-10-03,0453,Aqua,MODIS,98,6.2,315.9,68.5,D,0
-18.377,130.8439,352,1.2,1.1,2014-10-03,0453,Aqua,MODIS,90,6.2,319.2,50.8,D,0
-18.3756,130.8548,350.6,1.1,1.1,2014-10-03,0453,Aqua,MODIS,90,6.2,320.7,45.8,D,0
-18.3481,130.8397,347.2,1.2,1.1,2014-10-03,0453,Aqua,MODIS,83,6.2,317.2,34,D,0
-18.2027,130.8506,370.6,1.1,1.1,2014-10-03,0453,Aqua,MODIS,100,6.2,318.6,116.5,D,0
-18.2041,130.8399,329.9,1.1,1.1,2014-10-03,0453,Aqua,MODIS,20,6.2,313.6,9.1,D,0
-18.1821,130.8586,346.8,1.1,1.1,2014-10-03,0453,Aqua,MODIS,83,6.2,315,35.8,D,0
-18.2909,130.8811,418.5,1.1,1.1,2014-10-03,0453,Aqua,MODIS,100,6.2,330.6,437.7,D,0
-18.3019,130.8717,420.2,1.1,1.1,2014-10-03,0453,Aqua,MODIS,100,6.2,330.3,457.6,D,0
-18.2894,130.8919,414.6,1.1,1.1,2014-10-03,0453,Aqua,MODIS,100,6.2,333.9,396.7,D,0
-18.1289,130.8673,333.8,1.1,1.1,2014-10-03,0453,Aqua,MODIS,46,6.2,320.9,11.5,D,0
-18.2866,130.9134,362.1,1.1,1.1,2014-10-03,0453,Aqua,MODIS,100,6.2,323.8,72.3,D,0
-18.1332,130.835,346.1,1.1,1.1,2014-10-03,0453,Aqua,MODIS,88,6.2,320.6,36.4,D,0
-15.3736,143.5856,329.8,4.6,2,2014-10-03,0453,Aqua,MODIS,83,6.2,303.5,170.9,D,0
-15.3737,143.5933,325.9,4.6,2,2014-10-03,0453,Aqua,MODIS,74,6.2,303.2,130.7,D,0
-15.3823,143.5508,333.6,4.6,2,2014-10-03,0453,Aqua,MODIS,86,6.2,303.9,213.6,D,0
-15.382,143.5429,330.6,4.6,2,2014-10-03,0453,Aqua,MODIS,83,6.2,303.7,174.8,D,0
-15.3138,143.5234,320.7,4.6,2,2014-10-03,0453,Aqua,MODIS,36,6.2,300.2,72.5,D,0
-15.3118,143.5284,322.4,4.6,2,2014-10-03,0453,Aqua,MODIS,53,6.2,299.8,86.5,D,0
-17.9597,131.7748,348.2,1.1,1,2014-10-03,0453,Aqua,MODIS,78,6.2,317.8,34.3,D,0
-17.9371,131.872,345.5,1,1,2014-10-03,0453,Aqua,MODIS,63,6.2,323.7,23.7,D,0
-17.7592,131.2122,340.7,1.1,1,2014-10-03,0453,Aqua,MODIS,29,6.2,320.8,16.6,D,0
-17.7892,131.058,343.6,1.1,1.1,2014-10-03,0453,Aqua,MODIS,85,6.2,319.4,29.3,D,0
-17.9385,131.8622,355.3,1,1,2014-10-03,0453,Aqua,MODIS,96,6.2,323.6,45.9,D,0
-17.9398,131.8523,351.2,1,1,2014-10-03,0453,Aqua,MODIS,93,6.2,321.4,38.9,D,0
-17.9491,131.7833,394.9,1.1,1,2014-10-03,0453,Aqua,MODIS,100,6.2,325.7,209,D,0
-17.77,131.2033,370,1.1,1,2014-10-03,0453,Aqua,MODIS,100,6.2,321.9,99.2,D,0
-17.7686,131.2136,349.6,1.1,1,2014-10-03,0453,Aqua,MODIS,88,6.2,321.7,34.8,D,0
-17.9505,131.7735,380.4,1.1,1,2014-10-03,0453,Aqua,MODIS,100,6.2,322.2,136.7,D,0
-17.9518,131.7635,367.2,1.1,1,2014-10-03,0453,Aqua,MODIS,100,6.2,319.5,87.3,D,0
-17.9531,131.7536,346.5,1.1,1,2014-10-03,0453,Aqua,MODIS,88,6.2,316.2,34.4,D,0
-17.7821,131.184,342.4,1.1,1,2014-10-03,0453,Aqua,MODIS,46,6.2,317.8,24.7,D,0
-17.7808,131.1944,344.6,1.1,1,2014-10-03,0453,Aqua,MODIS,50,6.2,320,27.7,D,0
-17.9583,131.7847,402.1,1.1,1,2014-10-03,0453,Aqua,MODIS,100,6.2,323.7,257,D,0
-17.957,131.7946,362.4,1,1,2014-10-03,0453,Aqua,MODIS,100,6.2,320.3,71.3,D,0
-19.1985,133.2378,339.4,1,1,2014-10-03,0453,Aqua,MODIS,73,6.2,324.7,15.3,D,0
-19.1729,133.2241,351.9,1,1,2014-10-03,0453,Aqua,MODIS,93,6.2,321.9,38.1,D,0
-19.1742,133.2146,364.2,1,1,2014-10-03,0453,Aqua,MODIS,100,6.2,325.4,68.9,D,0
-17.9266,131.8804,345.8,1,1,2014-10-03,0453,Aqua,MODIS,62,6.2,321.1,21.5,D,0
-17.928,131.8706,444.1,1,1,2014-10-03,0453,Aqua,MODIS,100,6.2,336.3,643.3,D,0
-19.1549,133.2212,338.5,1,1,2014-10-03,0453,Aqua,MODIS,42,6.2,321.5,14.2,D,0
-17.9293,131.8608,500.8,1,1,2014-10-03,0453,Aqua,MODIS,100,6.2,400.1,1696.1,D,0
-17.9306,131.851,487.8,1,1,2014-10-03,0453,Aqua,MODIS,100,6.2,400.1,1395.6,D,0
-19.1562,133.2117,342.7,1,1,2014-10-03,0453,Aqua,MODIS,70,6.2,323.6,20,D,0
-19.1306,133.1979,343.5,1,1,2014-10-03,0453,Aqua,MODIS,74,6.2,324.4,21.5,D,0
-19.1077,133.1692,339.7,1,1,2014-10-03,0453,Aqua,MODIS,66,6.2,322.4,15.8,D,0
-19.1027,133.1393,354.3,1,1,2014-10-03,0453,Aqua,MODIS,95,6.2,325.7,47.5,D,0
-17.9319,131.8411,404.8,1,1,2014-10-03,0453,Aqua,MODIS,100,6.2,334.2,272.8,D,0
-17.4702,130.696,332.1,1.1,1.1,2014-10-03,0453,Aqua,MODIS,45,6.2,319.4,9.2,D,0
-17.4688,130.7067,343.1,1.1,1.1,2014-10-03,0453,Aqua,MODIS,84,6.2,319.9,30.1,D,0
-17.9412,131.7721,341.2,1.1,1,2014-10-03,0453,Aqua,MODIS,33,6.2,321.3,23.3,D,0
-17.9426,131.7621,390.9,1.1,1,2014-10-03,0453,Aqua,MODIS,100,6.2,326.2,194.7,D,0
-17.9294,131.7334,338.5,1.1,1,2014-10-03,0453,Aqua,MODIS,67,6.2,311.5,24.8,D,0
-17.7641,131.3898,339,1.1,1,2014-10-03,0453,Aqua,MODIS,70,6.2,320.8,18,D,0
-17.7655,131.3797,346.2,1.1,1,2014-10-03,0453,Aqua,MODIS,88,6.2,322.2,33.4,D,0
-17.7668,131.3695,358.9,1.1,1,2014-10-03,0453,Aqua,MODIS,99,6.2,323.4,67.9,D,0
-17.7682,131.3594,369.2,1.1,1,2014-10-03,0453,Aqua,MODIS,100,6.2,319.6,105.5,D,0
-17.7562,131.3783,345.1,1.1,1,2014-10-03,0453,Aqua,MODIS,87,6.2,321.6,29.5,D,0
-17.7575,131.3682,411.4,1.1,1,2014-10-03,0453,Aqua,MODIS,100,6.2,329.7,341.8,D,0
-17.7589,131.358,403.8,1.1,1,2014-10-03,0453,Aqua,MODIS,100,6.2,324.7,287.6,D,0
-17.9439,131.7522,437.3,1.1,1,2014-10-03,0453,Aqua,MODIS,100,6.2,335.6,579,D,0
-17.9452,131.7423,369.3,1.1,1,2014-10-03,0453,Aqua,MODIS,100,6.2,319.1,101.8,D,0
-17.7998,131.1233,375.5,1.1,1,2014-10-03,0453,Aqua,MODIS,100,6.2,321.2,131.1,D,0
-17.8012,131.1129,344,1.1,1,2014-10-03,0453,Aqua,MODIS,85,6.2,319.3,30.4,D,0
-17.9196,131.8728,338.7,1,1,2014-10-03,0453,Aqua,MODIS,53,6.2,320.4,14.3,D,0
-17.804,131.0921,367.8,1.1,1,2014-10-03,0453,Aqua,MODIS,100,6.2,319.9,97.5,D,0
-17.8054,131.0817,368.4,1.1,1.1,2014-10-03,0453,Aqua,MODIS,100,6.2,322.8,100,D,0
-17.7946,131.0907,342.7,1.1,1,2014-10-03,0453,Aqua,MODIS,84,6.2,318.7,27.6,D,0
-17.7959,131.0803,360.7,1.1,1.1,2014-10-03,0453,Aqua,MODIS,100,6.2,320.5,73.9,D,0
-17.7973,131.0699,345.4,1.1,1.1,2014-10-03,0453,Aqua,MODIS,87,6.2,319.5,32.7,D,0
-17.8029,131.028,334.3,1.1,1.1,2014-10-03,0453,Aqua,MODIS,64,6.2,316.8,13.5,D,0
-17.9209,131.863,421.3,1,1,2014-10-03,0453,Aqua,MODIS,100,6.2,331.8,403.6,D,0
-17.7148,131.4032,338.1,1.1,1,2014-10-03,0453,Aqua,MODIS,76,6.2,319.4,19,D,0
-17.8248,132.0869,348.7,1,1,2014-10-03,0453,Aqua,MODIS,91,6.2,322.9,33.3,D,0
-17.71,131.3969,330.5,1.1,1,2014-10-03,0453,Aqua,MODIS,39,6.2,318.7,8.4,D,0
-17.9223,131.8532,476.1,1,1,2014-10-03,0453,Aqua,MODIS,100,6.2,400.1,1155.8,D,0
-17.9236,131.8433,473.6,1,1,2014-10-03,0453,Aqua,MODIS,100,6.2,400.1,1112.9,D,0
-17.925,131.8335,381.7,1,1,2014-10-03,0453,Aqua,MODIS,100,6.2,325.8,145.7,D,0
-17.9264,131.8237,349.9,1,1,2014-10-03,0453,Aqua,MODIS,92,6.2,320.3,40.8,D,0
-19.2071,133.2457,344.6,1,1,2014-10-03,0453,Aqua,MODIS,74,6.2,325.7,22,D,0
-19.2084,133.2363,347.2,1,1,2014-10-03,0453,Aqua,MODIS,87,6.2,327.5,25.9,D,0
-17.9277,131.8138,341.6,1,1,2014-10-03,0453,Aqua,MODIS,72,6.2,319.5,23,D,0
-19.1001,133.1583,355.4,1,1,2014-10-03,0453,Aqua,MODIS,96,6.2,323.4,48,D,0
-17.7134,131.2313,341.8,1.1,1,2014-10-03,0453,Aqua,MODIS,77,6.2,319,26.1,D,0
-17.712,131.2416,343.2,1.1,1,2014-10-03,0453,Aqua,MODIS,74,6.2,320.2,26.6,D,0
-17.6528,132.137,381.1,1,1,2014-10-03,0453,Aqua,MODIS,100,6.2,327.2,132.3,D,0
-17.6619,132.1384,347.9,1,1,2014-10-03,0453,Aqua,MODIS,90,6.2,324.7,28,D,0
-17.7241,131.2224,383.4,1.1,1,2014-10-03,0453,Aqua,MODIS,100,6.2,322.7,165.1,D,0
-17.7228,131.2327,428.9,1.1,1,2014-10-03,0453,Aqua,MODIS,100,6.2,336.2,513.3,D,0
-17.7214,131.243,395.6,1.1,1,2014-10-03,0453,Aqua,MODIS,100,6.2,330.6,229.6,D,0
-17.72,131.2532,348.8,1.1,1,2014-10-03,0453,Aqua,MODIS,91,6.2,323.9,37.7,D,0
-17.9652,131.6642,335.6,1.1,1,2014-10-03,0453,Aqua,MODIS,54,6.2,318.9,13.8,D,0
-17.7335,131.2238,355.3,1.1,1,2014-10-03,0453,Aqua,MODIS,96,6.2,321.8,57.9,D,0
-17.9291,131.804,344.6,1,1,2014-10-03,0453,Aqua,MODIS,86,6.2,320.1,30.9,D,0
-17.6951,131.9658,339,1,1,2014-10-03,0453,Aqua,MODIS,66,6.2,323.5,13.6,D,0
-19.1014,133.1488,361.5,1,1,2014-10-03,0453,Aqua,MODIS,100,6.2,326.1,64.6,D,0
-17.9304,131.7941,341.2,1,1,2014-10-03,0453,Aqua,MODIS,75,6.2,321.2,24.9,D,0
-17.9318,131.7842,343.7,1,1,2014-10-03,0453,Aqua,MODIS,77,6.2,321.6,30.2,D,0
-17.9331,131.7744,345.7,1.1,1,2014-10-03,0453,Aqua,MODIS,53,6.2,321.1,32.2,D,0
-17.9345,131.7645,346.5,1.1,1,2014-10-03,0453,Aqua,MODIS,58,6.2,322.2,35.7,D,0
-19.0924,133.1473,368.1,1,1,2014-10-03,0453,Aqua,MODIS,100,6.2,320.7,85.7,D,0
-17.6873,131.9547,338.7,1,1,2014-10-03,0453,Aqua,MODIS,57,6.2,324.1,12.8,D,0
-17.9546,131.6728,336.6,1.1,1,2014-10-03,0453,Aqua,MODIS,65,6.2,317.4,16.7,D,0
-17.7321,131.2341,343.2,1.1,1,2014-10-03,0453,Aqua,MODIS,84,6.2,322.3,29.5,D,0
-17.7266,131.275,339.7,1.1,1,2014-10-03,0453,Aqua,MODIS,72,6.2,321.7,20.1,D,0
-17.7252,131.2852,347.1,1.1,1,2014-10-03,0453,Aqua,MODIS,89,6.2,321.2,36.1,D,0
-17.731,131.2811,341.4,1.1,1,2014-10-03,0453,Aqua,MODIS,66,6.2,321.3,19.7,D,0
-17.9386,131.7347,339.1,1.1,1,2014-10-03,0453,Aqua,MODIS,66,6.2,315.4,24.3,D,0
-17.826,130.9994,337.8,1.1,1.1,2014-10-03,0453,Aqua,MODIS,33,6.2,319,16.5,D,0
-17.8084,130.986,336.6,1.1,1.1,2014-10-03,0453,Aqua,MODIS,27,6.2,317.2,18.2,D,0
-17.7975,130.9952,341.4,1.1,1.1,2014-10-03,0453,Aqua,MODIS,75,6.2,314.8,26.7,D,0
-17.9359,131.7546,393.1,1.1,1,2014-10-03,0453,Aqua,MODIS,100,6.2,330.3,207.9,D,0
-17.7989,130.9846,376.2,1.1,1.1,2014-10-03,0453,Aqua,MODIS,100,6.2,318.4,137.8,D,0
-19.0938,133.1379,439,1,1,2014-10-03,0453,Aqua,MODIS,100,6.2,332.5,557.8,D,0
-19.0951,133.1284,363.6,1,1,2014-10-03,0453,Aqua,MODIS,100,6.2,319,74.1,D,0
-17.9128,131.9217,338.9,1,1,2014-10-03,0453,Aqua,MODIS,49,6.2,322.1,13.9,D,0
-17.9213,131.9196,352.3,1,1,2014-10-03,0453,Aqua,MODIS,87,6.2,320.9,41.3,D,0
-17.9318,131.9112,355.9,1,1,2014-10-03,0453,Aqua,MODIS,97,6.2,320.6,50.7,D,0
-17.8497,132.0413,336.3,1,1,2014-10-03,0453,Aqua,MODIS,62,6.2,322.7,11.4,D,0
-17.8407,131.9705,349.4,1,1,2014-10-03,0453,Aqua,MODIS,91,6.2,322.7,35.1,D,0
-17.9372,131.7447,462.3,1.1,1,2014-10-03,0453,Aqua,MODIS,100,6.2,400.1,930.5,D,0
-17.9118,131.8616,337.9,1,1,2014-10-03,0453,Aqua,MODIS,70,6.2,318.4,13.7,D,0
-17.9131,131.8518,339.7,1,1,2014-10-03,0453,Aqua,MODIS,79,6.2,316.6,17.3,D,0
-17.9145,131.842,339.1,1,1,2014-10-03,0453,Aqua,MODIS,78,6.2,316.3,17.1,D,0
-17.9212,131.7927,355.6,1,1,2014-10-03,0453,Aqua,MODIS,96,6.2,315.4,56.4,D,0
-17.9226,131.7829,421.1,1,1,2014-10-03,0453,Aqua,MODIS,100,6.2,327.5,411,D,0
-17.9239,131.773,424.4,1.1,1,2014-10-03,0453,Aqua,MODIS,100,6.2,331.1,443.1,D,0
-17.9253,131.7631,373.2,1.1,1,2014-10-03,0453,Aqua,MODIS,100,6.2,322.8,115.9,D,0
-17.9267,131.7532,389.2,1.1,1,2014-10-03,0453,Aqua,MODIS,100,6.2,326.9,188.9,D,0
-17.842,131.9608,337.4,1,1,2014-10-03,0453,Aqua,MODIS,49,6.2,323.3,12.2,D,0
-17.928,131.7433,447.4,1.1,1,2014-10-03,0453,Aqua,MODIS,100,6.2,337.5,710.8,D,0
-18.2366,131.2186,339.7,1.1,1,2014-10-03,0453,Aqua,MODIS,50,6.2,322,18.9,D,0
-17.8261,132.0772,338.9,1,1,2014-10-03,0453,Aqua,MODIS,40,6.2,324.8,13.5,D,0
-17.7695,131.7541,343.9,1,1,2014-10-03,0453,Aqua,MODIS,85,6.2,324.3,23.6,D,0
-17.7682,131.7639,345.4,1,1,2014-10-03,0453,Aqua,MODIS,87,6.2,322.5,27.1,D,0
-17.7726,132.0732,343.5,1,1,2014-10-03,0453,Aqua,MODIS,75,6.2,324.2,21.6,D,0
-17.7349,131.2135,352.9,1.1,1,2014-10-03,0453,Aqua,MODIS,94,6.2,319.8,52.6,D,0
-17.7363,131.2033,338.3,1.1,1,2014-10-03,0453,Aqua,MODIS,77,6.2,318.1,20.8,D,0
-17.7418,131.1991,343.4,1.1,1,2014-10-03,0453,Aqua,MODIS,49,6.2,319.2,26.9,D,0
-17.7404,131.2094,344.2,1.1,1,2014-10-03,0453,Aqua,MODIS,62,6.2,320.9,27.5,D,0
-16.9422,128.1618,341.5,1.6,1.2,2014-10-03,0453,Aqua,MODIS,83,6.2,316.5,44.1,D,0
-16.9408,128.1701,334.8,1.6,1.2,2014-10-03,0453,Aqua,MODIS,63,6.2,315.6,25.5,D,0
-17.259,126.7403,334,2.1,1.4,2014-10-03,0453,Aqua,MODIS,55,6.2,313.6,44.7,D,0
-13.5683,130.3165,351.2,1.1,1,2014-10-03,0454,Aqua,MODIS,83,6.2,320.8,44.8,D,0
-16.8399,122.9165,326.1,4,1.9,2014-10-03,0454,Aqua,MODIS,45,6.2,301.4,75.5,D,0
-13.575,130.338,339.4,1.1,1,2014-10-03,0454,Aqua,MODIS,59,6.2,312.3,22.9,D,0
-13.5656,130.3366,393.2,1.1,1,2014-10-03,0454,Aqua,MODIS,100,6.2,323.8,221.6,D,0
-16.8406,122.9591,332.7,3.9,1.8,2014-10-03,0454,Aqua,MODIS,76,6.2,303.2,131,D,0
-16.8362,122.954,335,3.9,1.8,2014-10-03,0454,Aqua,MODIS,80,6.2,302.8,159.1,D,0
-16.844,122.9217,330,4,1.9,2014-10-03,0454,Aqua,MODIS,66,6.2,302.4,108.6,D,0
-13.5576,130.3252,371.3,1.1,1,2014-10-03,0454,Aqua,MODIS,100,6.2,319.1,112.8,D,0
-13.5562,130.3353,390.4,1.1,1,2014-10-03,0454,Aqua,MODIS,100,6.2,318.5,207.7,D,0
-12.6758,136.5345,335.6,1.6,1.2,2014-10-03,0454,Aqua,MODIS,76,6.2,306.2,46.9,D,0
-14.2911,133.7699,361.2,1.1,1,2014-10-03,0454,Aqua,MODIS,100,6.2,319.1,69.9,D,0
-12.8314,132.8742,335.2,1,1,2014-10-03,0454,Aqua,MODIS,60,6.2,313.5,17.8,D,0
-12.7159,135.5638,337.6,1.3,1.1,2014-10-03,0454,Aqua,MODIS,69,6.2,317.8,23.5,D,0
-12.6835,136.279,339.1,1.5,1.2,2014-10-03,0454,Aqua,MODIS,58,6.2,312.8,37.6,D,0
-14.3002,133.7714,337.2,1.1,1,2014-10-03,0454,Aqua,MODIS,74,6.2,318.4,16.6,D,0
-12.5182,135.8522,341.4,1.4,1.2,2014-10-03,0454,Aqua,MODIS,85,6.2,312.7,42.7,D,0
-14.2485,133.8028,353.6,1.1,1,2014-10-03,0454,Aqua,MODIS,95,6.2,321.6,47,D,0
-12.5162,135.8651,336.4,1.4,1.2,2014-10-03,0454,Aqua,MODIS,79,6.2,312,28.3,D,0
-14.3355,133.787,335.6,1.1,1,2014-10-03,0454,Aqua,MODIS,71,6.2,319,15.4,D,0
-14.2974,133.7908,338.2,1.1,1,2014-10-03,0454,Aqua,MODIS,61,6.2,318.3,16.1,D,0
-12.5874,136.298,343.9,1.5,1.2,2014-10-03,0454,Aqua,MODIS,87,6.2,313.4,61.4,D,0
-12.6868,136.5364,339.1,1.6,1.2,2014-10-03,0454,Aqua,MODIS,81,6.2,308.7,57.6,D,0
-12.945,132.4101,343.4,1,1,2014-10-03,0454,Aqua,MODIS,85,6.2,316.9,25.1,D,0
-12.7133,135.5135,334.7,1.3,1.1,2014-10-03,0454,Aqua,MODIS,35,6.2,317.2,15.3,D,0
-12.4883,134.1289,328.3,1.1,1.1,2014-10-03,0454,Aqua,MODIS,40,6.2,312.6,6,D,0
-12.6921,136.2944,343,1.5,1.2,2014-10-03,0454,Aqua,MODIS,60,6.2,314.5,47.8,D,0
-12.4868,134.1391,347.8,1.1,1.1,2014-10-03,0454,Aqua,MODIS,91,6.2,316.2,42.3,D,0
-14.2577,133.8043,338.7,1.1,1,2014-10-03,0454,Aqua,MODIS,51,6.2,321.1,16.7,D,0
-12.5852,136.3116,338.8,1.5,1.2,2014-10-03,0454,Aqua,MODIS,81,6.2,311.3,45.2,D,0
-14.2896,133.7796,353.1,1.1,1,2014-10-03,0454,Aqua,MODIS,94,6.2,319.3,48.1,D,0
-12.936,132.4087,351.4,1,1,2014-10-03,0454,Aqua,MODIS,93,6.2,321.1,41.9,D,0
-12.5595,134.3261,340.2,1.1,1.1,2014-10-03,0454,Aqua,MODIS,83,6.2,313.7,26.2,D,0
-14.2988,133.7811,351.8,1.1,1,2014-10-03,0454,Aqua,MODIS,93,6.2,321.1,46.5,D,0
-14.069,136.4556,325.4,1.5,1.2,2014-10-03,0454,Aqua,MODIS,27,6.2,306.7,16.3,D,0
-14.3598,133.867,361.2,1.1,1,2014-10-03,0454,Aqua,MODIS,100,6.2,321,69.3,D,0
-14.3555,133.8962,339.3,1.1,1,2014-10-03,0454,Aqua,MODIS,69,6.2,321.2,18,D,0
-12.835,130.6532,340.6,1.1,1,2014-10-03,0454,Aqua,MODIS,67,6.2,315.7,26,D,0
-14.4995,134.2253,338.4,1.1,1,2014-10-03,0454,Aqua,MODIS,56,6.2,320.3,15.8,D,0
-12.8245,130.6615,337.7,1.1,1,2014-10-03,0454,Aqua,MODIS,75,6.2,316,16.8,D,0
-14.4458,134.2199,337.9,1.1,1,2014-10-03,0454,Aqua,MODIS,51,6.2,317.7,16,D,0
-12.705,135.4996,339.7,1.3,1.1,2014-10-03,0454,Aqua,MODIS,68,6.2,316.3,26.2,D,0
-14.0711,136.4423,333.6,1.5,1.2,2014-10-03,0454,Aqua,MODIS,65,6.2,306.5,34,D,0
-12.9437,132.4193,334.3,1,1,2014-10-03,0454,Aqua,MODIS,68,6.2,319.4,10.3,D,0
-12.707,135.4876,341.1,1.3,1.1,2014-10-03,0454,Aqua,MODIS,76,6.2,316,32.1,D,0
-12.7089,135.4755,335.2,1.3,1.1,2014-10-03,0454,Aqua,MODIS,71,6.2,315,20.6,D,0
-14.3448,133.9044,342.3,1.1,1,2014-10-03,0454,Aqua,MODIS,75,6.2,321.1,20.8,D,0
-14.4622,134.2192,336,1.1,1,2014-10-03,0454,Aqua,MODIS,47,6.2,319.3,9.9,D,0
-14.4272,134.2169,337.1,1.1,1,2014-10-03,0454,Aqua,MODIS,60,6.2,316.4,14,D,0
-12.8328,132.8649,335.9,1,1,2014-10-03,0454,Aqua,MODIS,50,6.2,316.9,17.3,D,0
-12.9347,132.4179,342.5,1,1,2014-10-03,0454,Aqua,MODIS,83,6.2,318.6,23.3,D,0
-13.561,130.185,431.6,1.1,1,2014-10-03,0454,Aqua,MODIS,87,6.2,330.2,567.1,D,0
-16.1071,127.9015,336.3,1.6,1.3,2014-10-03,0454,Aqua,MODIS,78,6.2,313.7,38.6,D,0
-16.1091,127.8854,330.2,1.6,1.3,2014-10-03,0454,Aqua,MODIS,65,6.2,311.8,20.8,D,0
-13.8162,130.7241,333,1.1,1,2014-10-03,0454,Aqua,MODIS,62,6.2,314.2,13.7,D,0
-13.1109,130.3014,360.4,1.1,1,2014-10-03,0454,Aqua,MODIS,100,6.2,319.6,74,D,0
-13.9385,131.3027,337,1,1,2014-10-03,0454,Aqua,MODIS,66,6.2,320.4,15.2,D,0
-13.5685,130.1719,364.8,1.1,1.1,2014-10-03,0454,Aqua,MODIS,95,6.2,317.8,96.1,D,0
-13.5699,130.1617,360.3,1.1,1.1,2014-10-03,0454,Aqua,MODIS,100,6.2,314.6,87.2,D,0
-13.5624,130.1748,371.3,1.1,1.1,2014-10-03,0454,Aqua,MODIS,87,6.2,314.6,125.7,D,0
-13.9476,131.304,342.4,1,1,2014-10-03,0454,Aqua,MODIS,79,6.2,322,23.9,D,0
-13.1096,130.3114,351.9,1.1,1,2014-10-03,0454,Aqua,MODIS,94,6.2,320.5,48.2,D,0
-16.1128,127.9482,344.7,1.6,1.3,2014-10-03,0454,Aqua,MODIS,88,6.2,310.8,66.3,D,0
-16.1146,127.9338,368,1.6,1.3,2014-10-03,0454,Aqua,MODIS,100,6.2,313.5,185.3,D,0
-12.4516,131.7468,332,1,1,2014-10-03,0454,Aqua,MODIS,49,6.2,313.5,12.2,D,0
-12.4413,131.7546,339.3,1,1,2014-10-03,0454,Aqua,MODIS,71,6.2,314,21.1,D,0
-15.5174,127.5912,333.7,1.7,1.3,2014-10-03,0454,Aqua,MODIS,76,6.2,316.9,23,D,0
-16.9886,124.4069,337.1,3.1,1.7,2014-10-03,0454,Aqua,MODIS,72,6.2,311.3,105.2,D,0
-16.9855,124.4358,346.9,3.1,1.7,2014-10-03,0454,Aqua,MODIS,91,6.2,311.8,190.9,D,0
-17.0037,124.4085,351.5,3.1,1.7,2014-10-03,0454,Aqua,MODIS,94,6.2,307.9,252.5,D,0
-17.0005,124.4374,358.8,3.1,1.7,2014-10-03,0454,Aqua,MODIS,99,6.2,308.5,336.4,D,0
-13.5642,130.3467,338,1.1,1,2014-10-03,0454,Aqua,MODIS,61,6.2,311.8,23.7,D,0
-13.0989,130.32,338.6,1.1,1,2014-10-03,0454,Aqua,MODIS,53,6.2,313,20.3,D,0
-16.9615,124.3747,346.5,3.1,1.7,2014-10-03,0454,Aqua,MODIS,90,6.2,311,172.1,D,0
-13.0714,130.3409,340.2,1.1,1,2014-10-03,0454,Aqua,MODIS,82,6.2,307.4,34.3,D,0
-13.5793,130.163,347.4,1.1,1.1,2014-10-03,0454,Aqua,MODIS,87,6.2,316.2,48,D,0
-16.1165,127.9185,348.3,1.6,1.3,2014-10-03,0454,Aqua,MODIS,91,6.2,313.5,80.2,D,0
-16.9903,124.3852,333.6,3.1,1.7,2014-10-03,0454,Aqua,MODIS,56,6.2,308.7,80.7,D,0
-16.9874,124.414,337.2,3.1,1.7,2014-10-03,0454,Aqua,MODIS,77,6.2,311.7,107.4,D,0
-16.9845,124.4429,343.9,3.1,1.7,2014-10-03,0454,Aqua,MODIS,88,6.2,311.1,161,D,0
-17.0025,124.4156,361.2,3.1,1.7,2014-10-03,0454,Aqua,MODIS,100,6.2,309,371.4,D,0
-16.9996,124.4446,348.4,3.1,1.7,2014-10-03,0454,Aqua,MODIS,92,6.2,308.5,208.6,D,0
-16.111,127.9629,339.2,1.6,1.3,2014-10-03,0454,Aqua,MODIS,82,6.2,311.6,45.3,D,0
-16.9464,124.3731,331.8,3.1,1.7,2014-10-03,0454,Aqua,MODIS,60,6.2,311.2,43.2,D,0
-13.5807,130.1528,339.3,1.1,1.1,2014-10-03,0454,Aqua,MODIS,82,6.2,302.2,35.1,D,0
-13.5712,130.1514,341.5,1.1,1.1,2014-10-03,0454,Aqua,MODIS,85,6.2,305.7,41.4,D,0
-12.4426,131.7454,379,1,1,2014-10-03,0454,Aqua,MODIS,100,6.2,319.4,128.5,D,0
-12.4439,131.7363,354.4,1,1,2014-10-03,0454,Aqua,MODIS,96,6.2,313.5,52.5,D,0
-13.5711,130.2242,344.1,1.1,1,2014-10-03,0454,Aqua,MODIS,77,6.2,311.3,32.8,D,0
-13.5738,130.2039,336.8,1.1,1,2014-10-03,0454,Aqua,MODIS,77,6.2,312.6,14,D,0
-13.5766,130.1835,345.2,1.1,1.1,2014-10-03,0454,Aqua,MODIS,89,6.2,318.7,34.2,D,0
-13.5617,130.2229,352.7,1.1,1,2014-10-03,0454,Aqua,MODIS,93,6.2,310,56.5,D,0
-13.5631,130.2127,415.8,1.1,1,2014-10-03,0454,Aqua,MODIS,100,6.2,321.3,392.9,D,0
-13.5644,130.2026,406.4,1.1,1,2014-10-03,0454,Aqua,MODIS,100,6.2,329.9,311.1,D,0
-13.5658,130.1924,407,1.1,1,2014-10-03,0454,Aqua,MODIS,100,6.2,329.1,321,D,0
-13.5671,130.1822,451.1,1.1,1.1,2014-10-03,0454,Aqua,MODIS,100,6.2,334.2,821.4,D,0
-13.5568,130.2155,376.5,1.1,1,2014-10-03,0454,Aqua,MODIS,100,6.2,311.8,142.5,D,0
-13.5582,130.2054,435.7,1.1,1,2014-10-03,0454,Aqua,MODIS,100,6.2,332.7,611.9,D,0
-13.5596,130.1952,438.3,1.1,1,2014-10-03,0454,Aqua,MODIS,94,6.2,337.2,646.7,D,0
-16.1184,127.903,335.3,1.6,1.3,2014-10-03,0454,Aqua,MODIS,77,6.2,314.1,35.2,D,0
-13.5488,130.204,339.5,1.1,1,2014-10-03,0454,Aqua,MODIS,62,6.2,298.4,32,D,0
-13.5502,130.1938,344.6,1.1,1,2014-10-03,0454,Aqua,MODIS,76,6.2,287.4,43.4,D,0
-13.5516,130.1836,334.6,1.1,1,2014-10-03,0454,Aqua,MODIS,46,6.2,295.9,26.4,D,0
-12.9264,135.8022,334.2,1.4,1.2,2014-10-03,0454,Aqua,MODIS,72,6.2,306.4,29.6,D,0
-12.9263,135.7831,370.9,1.4,1.2,2014-10-03,0454,Aqua,MODIS,100,6.2,313.7,156,D,0
-13.586,135.3744,335.1,1.3,1.1,2014-10-03,0454,Aqua,MODIS,71,6.2,315.5,22.8,D,0
-12.7178,135.5516,340,1.3,1.1,2014-10-03,0454,Aqua,MODIS,77,6.2,316.2,28.8,D,0
-13.3782,134.2699,341.9,1.1,1.1,2014-10-03,0454,Aqua,MODIS,80,6.2,319.5,24.8,D,0
-12.9243,135.7957,349.7,1.4,1.2,2014-10-03,0454,Aqua,MODIS,90,6.2,306.8,66.7,D,0
-13.4096,134.254,342.7,1.1,1.1,2014-10-03,0454,Aqua,MODIS,85,6.2,315.7,28.1,D,0
-13.408,134.2643,345.4,1.1,1.1,2014-10-03,0454,Aqua,MODIS,88,6.2,316.7,33.6,D,0
-12.9283,135.7706,332.1,1.4,1.2,2014-10-03,0454,Aqua,MODIS,67,6.2,313.3,13.8,D,0
-13.576,135.3726,348.6,1.3,1.1,2014-10-03,0454,Aqua,MODIS,91,6.2,314.5,54.8,D,0
-13.3703,134.2581,334.1,1.1,1.1,2014-10-03,0454,Aqua,MODIS,59,6.2,317,11.4,D,0
-13.4111,134.2438,333.9,1.1,1.1,2014-10-03,0454,Aqua,MODIS,58,6.2,313.8,13.7,D,0
-12.3024,133.0332,335.3,1,1,2014-10-03,0454,Aqua,MODIS,61,6.2,313.5,18.2,D,0
-13.3766,134.2801,343,1.1,1.1,2014-10-03,0454,Aqua,MODIS,85,6.2,316.9,27.4,D,0
-12.809,135.7641,337.6,1.4,1.2,2014-10-03,0454,Aqua,MODIS,79,6.2,318.6,27.2,D,0
-12.9283,135.7896,373.4,1.4,1.2,2014-10-03,0454,Aqua,MODIS,100,6.2,314.2,175.1,D,0
-12.7295,134.2909,336.4,1.1,1.1,2014-10-03,0454,Aqua,MODIS,78,6.2,316,20,D,0
-12.6533,136.604,330.1,1.6,1.2,2014-10-03,0454,Aqua,MODIS,55,6.2,306.1,29.6,D,0
-12.9192,135.7113,345.2,1.4,1.2,2014-10-03,0454,Aqua,MODIS,88,6.2,312.9,51.7,D,0
-12.9295,135.7131,330.1,1.4,1.2,2014-10-03,0454,Aqua,MODIS,55,6.2,311.1,13.7,D,0
-12.9302,135.777,340.7,1.4,1.2,2014-10-03,0454,Aqua,MODIS,70,6.2,313.7,38.1,D,0
-12.9199,135.7752,385.9,1.4,1.2,2014-10-03,0454,Aqua,MODIS,100,6.2,316.9,251.4,D,0
-12.9115,135.7609,409.9,1.4,1.2,2014-10-03,0454,Aqua,MODIS,100,6.2,318.3,469.7,D,0
-12.3535,135.5926,327.6,1.4,1.2,2014-10-03,0454,Aqua,MODIS,54,6.2,309,16.2,D,0
-12.3638,135.5944,337,1.4,1.2,2014-10-03,0454,Aqua,MODIS,79,6.2,308.6,34.8,D,0
-12.903,135.7467,372.3,1.4,1.2,2014-10-03,0454,Aqua,MODIS,94,6.2,305.9,166.1,D,0
-12.9011,135.7592,404.6,1.4,1.2,2014-10-03,0454,Aqua,MODIS,100,6.2,307.7,415.5,D,0
-12.4583,134.1347,332.1,1.1,1.1,2014-10-03,0454,Aqua,MODIS,60,6.2,314.9,12.8,D,0
-12.498,133.018,335.2,1,1,2014-10-03,0454,Aqua,MODIS,54,6.2,313.1,18.8,D,0
-12.408,134.0465,337.9,1.1,1.1,2014-10-03,0454,Aqua,MODIS,73,6.2,314,20.2,D,0
-12.9871,135.8709,328.5,1.4,1.2,2014-10-03,0454,Aqua,MODIS,40,6.2,310.5,15.9,D,0
-12.5723,132.6919,337.1,1,1,2014-10-03,0454,Aqua,MODIS,66,6.2,320.8,12.7,D,0
-12.8071,135.7766,334.2,1.4,1.2,2014-10-03,0454,Aqua,MODIS,66,6.2,318.1,19.3,D,0
-12.4966,133.0274,369.4,1,1,2014-10-03,0454,Aqua,MODIS,100,6.2,319.6,99.2,D,0
-12.9173,135.7237,350.9,1.4,1.2,2014-10-03,0454,Aqua,MODIS,93,6.2,311.8,69.4,D,0
-12.9494,135.8385,333.6,1.4,1.2,2014-10-03,0454,Aqua,MODIS,64,6.2,308.4,27.1,D,0
-15.0265,135.055,338.1,1.2,1.1,2014-10-03,0454,Aqua,MODIS,41,6.2,315.9,20.9,D,0
-15.0152,135.0641,334.6,1.2,1.1,2014-10-03,0454,Aqua,MODIS,45,6.2,314.9,16.6,D,0
-12.2709,133.0572,335.4,1,1,2014-10-03,0454,Aqua,MODIS,55,6.2,318.1,10.9,D,0
-12.943,135.8118,358.6,1.4,1.2,2014-10-03,0454,Aqua,MODIS,99,6.2,311.6,101.3,D,0
-12.9515,135.826,363.5,1.4,1.2,2014-10-03,0454,Aqua,MODIS,100,6.2,313,124.7,D,0
-12.941,135.8243,344.9,1.4,1.2,2014-10-03,0454,Aqua,MODIS,88,6.2,308.4,55.2,D,0
-12.5813,132.6933,336.1,1,1,2014-10-03,0454,Aqua,MODIS,60,6.2,320.6,10.9,D,0
-12.9179,135.7878,361.2,1.4,1.2,2014-10-03,0454,Aqua,MODIS,100,6.2,307,113.1,D,0
-15.0427,135.0136,340.2,1.2,1.1,2014-10-03,0454,Aqua,MODIS,67,6.2,312.7,26.7,D,0
-12.9095,135.7735,383.9,1.4,1.2,2014-10-03,0454,Aqua,MODIS,100,6.2,310.9,239,D,0
-12.6098,131.6639,331.3,1,1,2014-10-03,0454,Aqua,MODIS,49,6.2,314.1,12.8,D,0
-12.6111,131.6547,328.9,1,1,2014-10-03,0454,Aqua,MODIS,30,6.2,314.3,9.6,D,0
-15.0411,135.0243,371,1.2,1.1,2014-10-03,0454,Aqua,MODIS,100,6.2,317.5,120.8,D,0
-15.0298,135.0334,335.5,1.2,1.1,2014-10-03,0454,Aqua,MODIS,34,6.2,316.5,15.3,D,0
-13.4833,135.1109,332.2,1.2,1.1,2014-10-03,0454,Aqua,MODIS,64,6.2,315.8,10.8,D,0
-13.4851,135.0997,336.3,1.2,1.1,2014-10-03,0454,Aqua,MODIS,75,6.2,317.6,18.6,D,0
-12.4741,135.858,328.3,1.4,1.2,2014-10-03,0454,Aqua,MODIS,46,6.2,312.5,11,D,0
-12.9346,135.7975,355.6,1.4,1.2,2014-10-03,0454,Aqua,MODIS,97,6.2,312.3,84.8,D,0
-13.5738,135.6514,354.7,1.3,1.1,2014-10-03,0454,Aqua,MODIS,96,6.2,312.6,83.5,D,0
-12.419,134.0378,342,1.1,1.1,2014-10-03,0454,Aqua,MODIS,67,6.2,311.4,30.2,D,0
-12.4175,134.048,346.4,1.1,1.1,2014-10-03,0454,Aqua,MODIS,89,6.2,312.2,39.3,D,0
-12.4144,134.0685,338.4,1.1,1.1,2014-10-03,0454,Aqua,MODIS,74,6.2,309.7,22.9,D,0
-12.4159,134.0583,364.1,1.1,1.1,2014-10-03,0454,Aqua,MODIS,100,6.2,311.9,89.6,D,0
-15.0315,135.0227,341.5,1.2,1.1,2014-10-03,0454,Aqua,MODIS,68,6.2,315.8,27.4,D,0
-12.4236,134.0072,335.1,1.1,1.1,2014-10-03,0454,Aqua,MODIS,33,6.2,310.4,18.7,D,0
-12.9367,135.7849,343,1.4,1.2,2014-10-03,0454,Aqua,MODIS,86,6.2,314.6,41.4,D,0
-12.9757,135.7401,340.5,1.4,1.2,2014-10-03,0454,Aqua,MODIS,83,6.2,311.8,36.5,D,0
-13.5205,131.9248,343,1,1,2014-10-03,0454,Aqua,MODIS,78,6.2,316.6,23.9,D,0
-14.2168,134.2009,336.6,1.1,1,2014-10-03,0454,Aqua,MODIS,54,6.2,320.3,14.3,D,0
-13.3064,131.3581,337.3,1,1,2014-10-03,0454,Aqua,MODIS,76,6.2,313.2,15.1,D,0
-13.3162,131.3462,341.9,1,1,2014-10-03,0454,Aqua,MODIS,84,6.2,313,24.6,D,0
-14.1711,136.5352,336.3,1.5,1.2,2014-10-03,0454,Aqua,MODIS,79,6.2,309.3,40.5,D,0
-12.3658,135.582,365.1,1.4,1.2,2014-10-03,0454,Aqua,MODIS,100,6.2,309.6,131,D,0
-12.1759,135.3508,327.5,1.3,1.1,2014-10-03,0454,Aqua,MODIS,42,6.2,308.2,14.4,D,0
-14.1996,132.6414,345,1,1,2014-10-03,0454,Aqua,MODIS,87,6.2,319,26.7,D,0
-14.1336,133.9585,359.8,1.1,1,2014-10-03,0454,Aqua,MODIS,99,6.2,314.7,66.7,D,0
-14.2582,132.1042,335.5,1,1,2014-10-03,0454,Aqua,MODIS,55,6.2,320,9.5,D,0
-13.465,134.3003,338.2,1.1,1.1,2014-10-03,0454,Aqua,MODIS,79,6.2,316,22.1,D,0
-13.4634,134.3105,333.3,1.1,1.1,2014-10-03,0454,Aqua,MODIS,68,6.2,314.4,13.9,D,0
-13.5102,131.9326,342.1,1,1,2014-10-03,0454,Aqua,MODIS,57,6.2,315.4,21.5,D,0
-13.936,131.254,345.1,1,1,2014-10-03,0454,Aqua,MODIS,88,6.2,319.7,29.4,D,0
-13.5719,135.6636,337.5,1.3,1.1,2014-10-03,0454,Aqua,MODIS,77,6.2,311.9,32.7,D,0
-14.2505,132.0936,341.9,1,1,2014-10-03,0454,Aqua,MODIS,83,6.2,320.9,19.4,D,0
-13.9425,131.2743,347.3,1,1,2014-10-03,0454,Aqua,MODIS,90,6.2,321.7,31.8,D,0
-13.5783,135.6896,329.6,1.3,1.1,2014-10-03,0454,Aqua,MODIS,38,6.2,313.1,15.7,D,0
-13.5765,135.7018,340.2,1.3,1.1,2014-10-03,0454,Aqua,MODIS,81,6.2,313.6,39.9,D,0
-13.8514,132.4409,395,1,1,2014-10-03,0454,Aqua,MODIS,100,6.2,324.8,206.6,D,0
-13.8424,132.4395,346,1,1,2014-10-03,0454,Aqua,MODIS,88,6.2,314.1,37.4,D,0
-13.8437,132.4303,345.8,1,1,2014-10-03,0454,Aqua,MODIS,88,6.2,311.9,38,D,0
-14.0816,133.8136,371.2,1.1,1,2014-10-03,0454,Aqua,MODIS,100,6.2,319,104.5,D,0
-14.0802,133.8233,359,1.1,1,2014-10-03,0454,Aqua,MODIS,99,6.2,319.5,64,D,0
-13.9489,131.2946,367.3,1,1,2014-10-03,0454,Aqua,MODIS,100,6.2,323.8,85.1,D,0
-13.9164,132.5601,342.7,1,1,2014-10-03,0454,Aqua,MODIS,78,6.2,318.9,23.2,D,0
-13.9317,132.5813,352.1,1,1,2014-10-03,0454,Aqua,MODIS,94,6.2,321.3,43.1,D,0
-13.9227,132.5799,342,1,1,2014-10-03,0454,Aqua,MODIS,58,6.2,317.5,22.9,D,0
-13.9241,132.5707,356.3,1,1,2014-10-03,0454,Aqua,MODIS,97,6.2,321.9,51.9,D,0
-14.1756,133.8053,338.9,1.1,1,2014-10-03,0454,Aqua,MODIS,63,6.2,320.6,15.3,D,0
-14.1906,133.768,337.2,1.1,1,2014-10-03,0454,Aqua,MODIS,75,6.2,320.8,11.5,D,0
-13.5764,134.2412,346.6,1.1,1,2014-10-03,0454,Aqua,MODIS,89,6.2,317.5,37,D,0
-14.2276,134.1925,335.3,1.1,1,2014-10-03,0454,Aqua,MODIS,55,6.2,318.2,12.5,D,0
-14.1586,133.7926,344,1.1,1,2014-10-03,0454,Aqua,MODIS,85,6.2,321.8,24.6,D,0
-14.1601,133.7829,338.5,1.1,1,2014-10-03,0454,Aqua,MODIS,69,6.2,321.2,13.3,D,0
-14.2261,134.2025,339.2,1.1,1,2014-10-03,0454,Aqua,MODIS,78,6.2,318.5,19.2,D,0
-14.1554,134.0023,337.5,1.1,1,2014-10-03,0454,Aqua,MODIS,76,6.2,319.3,19.6,D,0
-13.5685,134.2295,339.6,1.1,1,2014-10-03,0454,Aqua,MODIS,80,6.2,317.4,21.7,D,0
-14.1518,133.7851,346.7,1.1,1,2014-10-03,0454,Aqua,MODIS,88,6.2,320.3,31.2,D,0
-13.647,135.3073,345,1.3,1.1,2014-10-03,0454,Aqua,MODIS,87,6.2,317.2,40.8,D,0
-12.321,135.151,344.3,1.3,1.1,2014-10-03,0454,Aqua,MODIS,88,6.2,308.1,51.5,D,0
-12.3091,135.1611,336.3,1.3,1.1,2014-10-03,0454,Aqua,MODIS,59,6.2,303.1,36.1,D,0
-12.0942,136.2764,339.3,1.5,1.2,2014-10-03,0454,Aqua,MODIS,79,6.2,309.4,47.2,D,0
-12.3101,135.0898,335.9,1.3,1.1,2014-10-03,0454,Aqua,MODIS,61,6.2,310.5,26.8,D,0
-12.0921,136.2904,338.4,1.5,1.2,2014-10-03,0454,Aqua,MODIS,83,6.2,310.3,45.3,D,0
-12.1204,136.2524,342.4,1.5,1.2,2014-10-03,0454,Aqua,MODIS,72,6.2,307.7,51.5,D,0
-12.1182,136.2663,354,1.5,1.2,2014-10-03,0454,Aqua,MODIS,91,6.2,311.2,97.1,D,0
-12.1205,136.2736,340.8,1.5,1.2,2014-10-03,0454,Aqua,MODIS,85,6.2,310.7,48.9,D,0
-13.9932,131.3076,345.7,1,1,2014-10-03,0454,Aqua,MODIS,88,6.2,323.2,28.9,D,0
-14.1959,134.0492,340,1.1,1,2014-10-03,0454,Aqua,MODIS,27,6.2,316.9,17.6,D,0
-14.1788,134.0365,340.8,1.1,1,2014-10-03,0454,Aqua,MODIS,60,6.2,321.7,20.9,D,0
-14.1384,133.9894,356.3,1.1,1,2014-10-03,0454,Aqua,MODIS,97,6.2,320,58.5,D,0
-14.1399,133.9795,366.8,1.1,1,2014-10-03,0454,Aqua,MODIS,100,6.2,323.6,90.2,D,0
-14.1123,132.6685,338.4,1,1,2014-10-03,0454,Aqua,MODIS,57,6.2,321.8,11.7,D,0
-13.9399,131.2932,341.9,1,1,2014-10-03,0454,Aqua,MODIS,80,6.2,321.5,22.6,D,0
-13.4681,131.9009,342.1,1,1,2014-10-03,0454,Aqua,MODIS,82,6.2,315.5,23,D,0
-14.1414,133.9697,345,1.1,1,2014-10-03,0454,Aqua,MODIS,87,6.2,319.5,31.2,D,0
-14.1306,133.9781,338.9,1.1,1,2014-10-03,0454,Aqua,MODIS,78,6.2,317.4,20.6,D,0
-13.8591,136.8397,327.5,1.6,1.2,2014-10-03,0454,Aqua,MODIS,55,6.2,306.5,18.5,D,0
-14.2037,133.8694,344.9,1.1,1,2014-10-03,0454,Aqua,MODIS,87,6.2,320.6,25.1,D,0
-13.477,131.9023,336.4,1,1,2014-10-03,0454,Aqua,MODIS,30,6.2,317.5,13.1,D,0
-14.171,134.0251,355.2,1.1,1,2014-10-03,0454,Aqua,MODIS,96,6.2,317.7,51.1,D,0
-14.1695,134.035,403,1.1,1,2014-10-03,0454,Aqua,MODIS,100,6.2,326.5,272.2,D,0
-14.168,134.0449,343.7,1.1,1,2014-10-03,0454,Aqua,MODIS,69,6.2,316.7,25.9,D,0
-13.6466,135.3133,340.4,1.3,1.1,2014-10-03,0454,Aqua,MODIS,81,6.2,315.6,28.9,D,0
-14.1351,133.9487,353.2,1.1,1,2014-10-03,0454,Aqua,MODIS,95,6.2,317.1,49.2,D,0
-14.2129,133.8709,339.2,1.1,1,2014-10-03,0454,Aqua,MODIS,79,6.2,322.1,14.9,D,0
-13.8579,136.8325,324.7,1.6,1.2,2014-10-03,0454,Aqua,MODIS,28,6.2,307,14.1,D,0
-13.6452,135.3188,338.4,1.3,1.1,2014-10-03,0454,Aqua,MODIS,75,6.2,314.6,25.4,D,0
-14.053,131.2778,337.9,1,1,2014-10-03,0454,Aqua,MODIS,78,6.2,320.8,17.8,D,0
-14.1672,133.9236,334.6,1.1,1,2014-10-03,0454,Aqua,MODIS,69,6.2,318.2,8.5,D,0
-14.1687,133.9139,339,1.1,1,2014-10-03,0454,Aqua,MODIS,78,6.2,320.1,15.6,D,0
-13.4604,131.8903,339.5,1,1,2014-10-03,0454,Aqua,MODIS,75,6.2,314.6,17.8,D,0
-14.2115,133.8807,353,1.1,1,2014-10-03,0454,Aqua,MODIS,94,6.2,323.3,44.5,D,0
-13.9074,132.5587,340.9,1,1,2014-10-03,0454,Aqua,MODIS,74,6.2,317.2,21.9,D,0
-14.1302,133.9314,338,1.1,1,2014-10-03,0454,Aqua,MODIS,70,6.2,318.2,18.1,D,0
-13.8629,133.6217,337,1,1,2014-10-03,0454,Aqua,MODIS,74,6.2,318,14.4,D,0
-13.2986,131.3475,354.8,1,1,2014-10-03,0454,Aqua,MODIS,96,6.2,313.4,51.2,D,0
-11.9187,135.808,338.2,1.4,1.2,2014-10-03,0454,Aqua,MODIS,78,6.2,304.4,52.4,D,0
-13.7177,131.6964,353.6,1,1,2014-10-03,0454,Aqua,MODIS,95,6.2,321,46.2,D,0
-12.3512,135.1559,332.1,1.3,1.1,2014-10-03,0454,Aqua,MODIS,67,6.2,308.3,22.3,D,0
-13.7761,133.5818,345.1,1,1,2014-10-03,0454,Aqua,MODIS,87,6.2,318.9,31.6,D,0
-13.7776,133.5722,337.1,1,1,2014-10-03,0454,Aqua,MODIS,69,6.2,319.1,17.2,D,0
-12.1314,136.2754,330.8,1.5,1.2,2014-10-03,0454,Aqua,MODIS,68,6.2,312,23.1,D,0
-12.1336,136.2617,330.8,1.5,1.2,2014-10-03,0454,Aqua,MODIS,68,6.2,311.4,23.3,D,0
-13.9088,132.5495,341.2,1,1,2014-10-03,0454,Aqua,MODIS,78,6.2,320.3,21.2,D,0
-13.9011,132.5389,343.5,1,1,2014-10-03,0454,Aqua,MODIS,85,6.2,319.8,26.1,D,0
-14.1986,132.5847,334.7,1,1,2014-10-03,0454,Aqua,MODIS,68,6.2,318.8,10.4,D,0
-12.2618,133.0558,334.4,1,1,2014-10-03,0454,Aqua,MODIS,59,6.2,316.2,9.6,D,0
-14.1321,133.9683,363.2,1.1,1,2014-10-03,0454,Aqua,MODIS,100,6.2,317.1,79.1,D,0
-13.8615,133.6313,353.6,1,1,2014-10-03,0454,Aqua,MODIS,95,6.2,319.3,49,D,0
-13.8601,133.641,339.6,1,1,2014-10-03,0454,Aqua,MODIS,77,6.2,317.9,19,D,0
-13.3381,131.3875,333.3,1,1,2014-10-03,0454,Aqua,MODIS,40,6.2,313.9,9.3,D,0
-13.3291,131.3862,342.9,1,1,2014-10-03,0454,Aqua,MODIS,85,6.2,313.3,24.1,D,0
-13.32,131.3848,342.3,1,1,2014-10-03,0454,Aqua,MODIS,84,6.2,314.3,22.7,D,0
-13.7341,131.7147,337.2,1,1,2014-10-03,0454,Aqua,MODIS,41,6.2,317.7,13.2,D,0
-13.5778,135.361,348.1,1.3,1.1,2014-10-03,0454,Aqua,MODIS,90,6.2,314.4,51.7,D,0
-13.8953,133.6564,337.8,1,1,2014-10-03,0454,Aqua,MODIS,76,6.2,319.2,15.5,D,0
-13.8921,132.5375,339.6,1,1,2014-10-03,0454,Aqua,MODIS,73,6.2,317,20.9,D,0
-13.7164,131.7056,336.5,1,1,2014-10-03,0454,Aqua,MODIS,75,6.2,318,12.8,D,0
-13.7263,131.7041,345.1,1,1,2014-10-03,0454,Aqua,MODIS,66,6.2,320.7,25.9,D,0
-13.7354,131.7054,339.1,1,1,2014-10-03,0454,Aqua,MODIS,40,6.2,320.6,16.5,D,0
-13.2973,131.3568,340.5,1,1,2014-10-03,0454,Aqua,MODIS,81,6.2,314.3,20.6,D,0
-12.349,135.5539,339.9,1.4,1.2,2014-10-03,0454,Aqua,MODIS,83,6.2,309.3,40.9,D,0
-12.2218,133.8699,337.2,1.1,1,2014-10-03,0454,Aqua,MODIS,78,6.2,311.2,19.9,D,0
-12.2233,133.8598,335,1.1,1,2014-10-03,0454,Aqua,MODIS,74,6.2,311.8,15.5,D,0
-12.347,135.5663,332.1,1.4,1.2,2014-10-03,0454,Aqua,MODIS,69,6.2,309.7,21.9,D,0
-12.3593,135.5556,336.6,1.4,1.2,2014-10-03,0454,Aqua,MODIS,79,6.2,308.2,31.9,D,0
-12.3554,135.5803,336,1.4,1.2,2014-10-03,0454,Aqua,MODIS,78,6.2,309.1,32.9,D,0
-13.8501,132.4501,379.8,1,1,2014-10-03,0454,Aqua,MODIS,100,6.2,320,133.1,D,0
-13.859,132.4514,370.3,1,1,2014-10-03,0454,Aqua,MODIS,100,6.2,323.7,95.9,D,0
-13.8577,132.4606,383.3,1,1,2014-10-03,0454,Aqua,MODIS,100,6.2,325.2,146.4,D,0
-13.8564,132.4698,355.5,1,1,2014-10-03,0454,Aqua,MODIS,96,6.2,317,54.1,D,0
-13.8667,132.462,342.2,1,1,2014-10-03,0454,Aqua,MODIS,83,6.2,318.1,24.2,D,0
-13.8654,132.4712,378.9,1,1,2014-10-03,0454,Aqua,MODIS,100,6.2,324.5,126.3,D,0
-13.8935,132.5283,345.9,1,1,2014-10-03,0454,Aqua,MODIS,88,6.2,318.6,30.9,D,0
-13.8641,132.4804,388.6,1,1,2014-10-03,0454,Aqua,MODIS,100,6.2,322.8,169.8,D,0
-13.873,132.4818,343.8,1,1,2014-10-03,0454,Aqua,MODIS,84,6.2,319.5,24.7,D,0
-13.8717,132.491,367.7,1,1,2014-10-03,0454,Aqua,MODIS,100,6.2,321,85.4,D,0
-13.8858,132.5177,364.5,1,1,2014-10-03,0454,Aqua,MODIS,100,6.2,319.8,76.1,D,0
-14.0611,132.6417,352.7,1,1,2014-10-03,0454,Aqua,MODIS,94,6.2,321.3,40.2,D,0
-14.0714,132.6339,338.3,1,1,2014-10-03,0454,Aqua,MODIS,64,6.2,318.7,13.1,D,0
-13.8794,132.5016,349.4,1,1,2014-10-03,0454,Aqua,MODIS,89,6.2,318.7,36.8,D,0
-13.9041,133.644,343.6,1,1,2014-10-03,0454,Aqua,MODIS,85,6.2,318,25.8,D,0
-13.878,132.5108,345.3,1,1,2014-10-03,0454,Aqua,MODIS,75,6.2,317.5,29.5,D,0
-13.6367,135.3117,338.7,1.3,1.1,2014-10-03,0454,Aqua,MODIS,75,6.2,318.3,24,D,0
-13.8523,133.6299,333,1,1,2014-10-03,0454,Aqua,MODIS,27,6.2,317.3,8.8,D,0
-14.1476,133.991,342.4,1.1,1,2014-10-03,0454,Aqua,MODIS,83,6.2,319.2,26.7,D,0
-14.1461,134.0009,348.9,1.1,1,2014-10-03,0454,Aqua,MODIS,91,6.2,319.9,41,D,0
-14.2074,134.1994,348.7,1.1,1,2014-10-03,0454,Aqua,MODIS,91,6.2,321,37.9,D,0
-13.5001,131.9339,341,1,1,2014-10-03,0454,Aqua,MODIS,68,6.2,316.3,22.3,D,0
-13.4924,131.9234,358.2,1,1,2014-10-03,0454,Aqua,MODIS,98,6.2,317.5,58.3,D,0
-13.4847,131.9128,354.7,1,1,2014-10-03,0454,Aqua,MODIS,96,6.2,316.7,46.7,D,0
-12.1227,136.2598,379.5,1.5,1.2,2014-10-03,0454,Aqua,MODIS,94,6.2,313.7,245.7,D,0
-12.311,135.1494,343.4,1.3,1.1,2014-10-03,0454,Aqua,MODIS,82,6.2,308.6,51.2,D,0
-13.309,131.3395,336.3,1,1,2014-10-03,0454,Aqua,MODIS,74,6.2,311.8,16.1,D,0
-13.3077,131.3488,354.2,1,1,2014-10-03,0454,Aqua,MODIS,95,6.2,314.6,49.6,D,0
-11.9225,132.7965,352.4,1,1,2014-10-03,0455,Aqua,MODIS,94,6.2,311.6,51.7,D,0
-12.2792,132.3027,336.1,1,1,2014-10-03,0455,Aqua,MODIS,70,6.2,313.5,16.3,D,0
-11.2119,132.3011,340.5,1,1,2014-10-03,0455,Aqua,MODIS,80,6.2,310.3,25.7,D,0
-11.2133,132.292,351,1,1,2014-10-03,0455,Aqua,MODIS,94,6.2,310.8,46.4,D,0
-12.2779,132.3118,337.7,1,1,2014-10-03,0455,Aqua,MODIS,79,6.2,314.7,18.9,D,0
-11.2106,132.3103,350.5,1,1,2014-10-03,0455,Aqua,MODIS,94,6.2,312.6,45.1,D,0
-11.2093,132.3195,355,1,1,2014-10-03,0455,Aqua,MODIS,97,6.2,312.6,56.4,D,0
-11.2183,132.3209,337.7,1,1,2014-10-03,0455,Aqua,MODIS,76,6.2,313.2,21,D,0
-12.2882,132.304,330.8,1,1,2014-10-03,0455,Aqua,MODIS,36,6.2,314.2,7.9,D,0
-11.9302,132.8073,400.1,1,1,2014-10-03,0455,Aqua,MODIS,100,6.2,317.8,241.9,D,0
-11.226,132.3314,334.6,1,1,2014-10-03,0455,Aqua,MODIS,63,6.2,310.4,15.7,D,0
-11.9315,132.7979,410.4,1,1,2014-10-03,0455,Aqua,MODIS,100,6.2,317,312.8,D,0
-11.9148,132.7858,334.3,1,1,2014-10-03,0455,Aqua,MODIS,74,6.2,308.7,19.2,D,0
-11.9211,132.8058,334.6,1,1,2014-10-03,0455,Aqua,MODIS,63,6.2,308.2,16.7,D,0
-11.9134,132.7951,332.1,1,1,2014-10-03,0455,Aqua,MODIS,65,6.2,305.2,14.7,D,0
-12.2869,132.3132,346.9,1,1,2014-10-03,0455,Aqua,MODIS,90,6.2,315.7,34.6,D,0
-11.2146,132.2828,340.8,1,1,2014-10-03,0455,Aqua,MODIS,73,6.2,310,27.1,D,0
-12.4247,131.7362,329.2,1,1,2014-10-03,0455,Aqua,MODIS,45,6.2,310.6,12.1,D,0
-12.4336,131.7441,336.9,1,1,2014-10-03,0455,Aqua,MODIS,52,6.2,313.5,17.3,D,0
-12.4234,131.7454,341.2,1,1,2014-10-03,0455,Aqua,MODIS,64,6.2,312.3,28.8,D,0
-12.4323,131.7532,332.1,1,1,2014-10-03,0455,Aqua,MODIS,21,6.2,312.4,9.7,D,0
-11.4131,130.6263,323,1,1,2014-10-03,0455,Aqua,MODIS,36,6.2,308.6,9.8,D,0
-12.4437,131.0131,340.2,1,1,2014-10-03,0455,Aqua,MODIS,85,6.2,311,22.9,D,0
-12.4424,131.0225,354,1,1,2014-10-03,0455,Aqua,MODIS,96,6.2,312.2,50.9,D,0
-11.4022,131.1647,357.7,1,1,2014-10-03,0455,Aqua,MODIS,98,6.2,318.2,64,D,0
-11.4035,131.1555,357.5,1,1,2014-10-03,0455,Aqua,MODIS,98,6.2,318,62.3,D,0
-11.4048,131.1463,359.2,1,1,2014-10-03,0455,Aqua,MODIS,99,6.2,317.8,67.2,D,0
-12.1285,133.5186,333.7,1.1,1,2014-10-03,0455,Aqua,MODIS,65,6.2,312.6,14.1,D,0
-12.1378,133.5201,332.9,1.1,1,2014-10-03,0455,Aqua,MODIS,54,6.2,312.1,12.4,D,0
-11.3919,131.1725,339.8,1,1,2014-10-03,0455,Aqua,MODIS,85,6.2,309.4,27.2,D,0
-11.3932,131.1633,399.2,1,1,2014-10-03,0455,Aqua,MODIS,100,6.2,318.2,234.7,D,0
-11.3945,131.1542,379.2,1,1,2014-10-03,0455,Aqua,MODIS,100,6.2,313.9,135.3,D,0
-11.4061,131.1371,360.9,1,1,2014-10-03,0455,Aqua,MODIS,100,6.2,317.6,71.7,D,0
-11.4074,131.128,351.4,1,1,2014-10-03,0455,Aqua,MODIS,89,6.2,315.5,48.2,D,0
-11.4087,131.1188,354.5,1,1,2014-10-03,0455,Aqua,MODIS,96,6.2,315.4,55.6,D,0
-11.41,131.1096,353.7,1,1,2014-10-03,0455,Aqua,MODIS,96,6.2,316.4,54.2,D,0
-11.407,131.2001,345.3,1,1,2014-10-03,0455,Aqua,MODIS,65,6.2,314.8,33.2,D,0
-11.4083,131.191,368.7,1,1,2014-10-03,0455,Aqua,MODIS,100,6.2,319.6,91.6,D,0
-11.3996,131.183,341.4,1,1,2014-10-03,0455,Aqua,MODIS,87,6.2,310.6,28.9,D,0
-11.4009,131.1738,343.1,1,1,2014-10-03,0455,Aqua,MODIS,88,6.2,312.1,32.4,D,0
-31.4599,115.6985,361.6,1.3,1.1,2014-10-03,0628,Aqua,MODIS,100,6.2,304.5,124.2,D,0
-31.4575,115.7121,348.6,1.3,1.1,2014-10-03,0628,Aqua,MODIS,94,6.2,299.3,78.6,D,0
-31.4497,115.696,317.5,1.3,1.1,2014-10-03,0628,Aqua,MODIS,63,6.2,303.2,13.4,D,0
-31.3626,116.3092,321,1.4,1.2,2014-10-03,0628,Aqua,MODIS,55,6.2,300.8,19.6,D,0
-31.3468,116.2748,328.5,1.4,1.2,2014-10-03,0628,Aqua,MODIS,79,6.2,301.1,32.3,D,0
-22.9201,117.9543,330.4,2.7,1.6,2014-10-03,0630,Aqua,MODIS,65,6.2,312,53.1,D,0
-22.9323,117.9529,328.5,2.7,1.6,2014-10-03,0630,Aqua,MODIS,54,6.2,312.1,40.9,D,0
-21.5208,117.7007,340.8,2.8,1.6,2014-10-03,0630,Aqua,MODIS,84,6.2,310.3,125.2,D,0
-21.5064,117.6983,330.2,2.8,1.6,2014-10-03,0630,Aqua,MODIS,61,6.2,310.9,54.6,D,0
-21.5201,117.6958,342.6,2.8,1.6,2014-10-03,0630,Aqua,MODIS,86,6.2,310.7,140.4,D,0
-21.5056,117.6932,334.3,2.8,1.6,2014-10-03,0630,Aqua,MODIS,61,6.2,311.1,75.2,D,0
-21.4887,117.638,341.2,2.8,1.6,2014-10-03,0630,Aqua,MODIS,85,6.2,311.6,116.6,D,0
-21.494,117.6116,329.7,2.8,1.6,2014-10-03,0630,Aqua,MODIS,48,6.2,311.2,44.9,D,0
-21.4876,117.6329,340.5,2.8,1.6,2014-10-03,0630,Aqua,MODIS,84,6.2,311.6,111.6,D,0
-21.5907,117.496,340,2.7,1.6,2014-10-03,0630,Aqua,MODIS,83,6.2,311.9,109.5,D,0
-21.5262,117.6738,331.5,2.8,1.6,2014-10-03,0630,Aqua,MODIS,55,6.2,309.9,60.8,D,0
-21.5119,117.6706,342.1,2.8,1.6,2014-10-03,0630,Aqua,MODIS,86,6.2,311.6,132,D,0
-21.5252,117.6688,328.1,2.8,1.6,2014-10-03,0630,Aqua,MODIS,38,6.2,309.7,42.7,D,0
-21.511,117.6654,339.5,2.8,1.6,2014-10-03,0630,Aqua,MODIS,82,6.2,311.4,108.6,D,0
-21.5817,117.467,337.6,2.7,1.6,2014-10-03,0630,Aqua,MODIS,64,6.2,313.6,82,D,0
-21.5677,117.4638,335.3,2.7,1.6,2014-10-03,0630,Aqua,MODIS,40,6.2,313.7,63.4,D,0
-21.5727,117.4382,344.2,2.7,1.6,2014-10-03,0630,Aqua,MODIS,88,6.2,313.8,125.4,D,0
-21.5587,117.435,333.1,2.7,1.6,2014-10-03,0630,Aqua,MODIS,73,6.2,313.5,57.5,D,0
-21.5638,117.4095,332.1,2.7,1.6,2014-10-03,0630,Aqua,MODIS,71,6.2,313.1,54,D,0
-21.5653,117.4585,336.4,2.7,1.6,2014-10-03,0630,Aqua,MODIS,79,6.2,313.5,72.3,D,0
-21.5702,117.4329,340,2.7,1.6,2014-10-03,0630,Aqua,MODIS,83,6.2,313.8,97.5,D,0
-21.5562,117.4296,330.7,2.7,1.6,2014-10-03,0630,Aqua,MODIS,67,6.2,313.6,44.1,D,0
-21.5957,117.4702,329.6,2.7,1.6,2014-10-03,0630,Aqua,MODIS,60,6.2,311.9,43.2,D,0
-21.6342,116.3011,355.5,2.2,1.4,2014-10-03,0631,Aqua,MODIS,97,6.2,318.3,182.3,D,0
-21.6471,116.304,354.8,2.2,1.4,2014-10-03,0631,Aqua,MODIS,96,6.2,316.5,177.8,D,0
-21.6431,116.3252,339.1,2.2,1.4,2014-10-03,0631,Aqua,MODIS,83,6.2,313.4,78.3,D,0
-21.6302,116.3223,338.8,2.2,1.4,2014-10-03,0631,Aqua,MODIS,82,6.2,315.5,75.2,D,0
-21.2271,117.6958,328.8,2.9,1.6,2014-10-03,0631,Aqua,MODIS,51,6.2,312.4,35.9,D,0
-21.2129,117.6919,331.1,2.9,1.6,2014-10-03,0631,Aqua,MODIS,52,6.2,312.2,44.7,D,0
-21.2203,117.6725,343.7,2.8,1.6,2014-10-03,0631,Aqua,MODIS,88,6.2,312.9,140.7,D,0
-21.2059,117.6694,363,2.8,1.6,2014-10-03,0631,Aqua,MODIS,100,6.2,313.6,342.3,D,0
-21.2114,117.6423,338,2.8,1.6,2014-10-03,0631,Aqua,MODIS,81,6.2,311.5,95.6,D,0
-21.2325,117.6679,327.9,2.8,1.6,2014-10-03,0631,Aqua,MODIS,40,6.2,312.2,31,D,0
-21.2182,117.6643,355.7,2.8,1.6,2014-10-03,0631,Aqua,MODIS,97,6.2,313.1,252.3,D,0
-21.2038,117.6614,351.7,2.8,1.6,2014-10-03,0631,Aqua,MODIS,94,6.2,313,207.4,D,0
-21.1894,117.6585,334.5,2.8,1.6,2014-10-03,0631,Aqua,MODIS,75,6.2,312.7,66.8,D,0
-21.1749,117.6558,341.6,2.8,1.6,2014-10-03,0631,Aqua,MODIS,86,6.2,314.5,118.5,D,0
-21.1803,117.6285,337,2.8,1.6,2014-10-03,0631,Aqua,MODIS,80,6.2,312,87,D,0
-29.8351,149.162,302.4,1.3,1.1,2014-10-03,1236,Terra,MODIS,49,6.2,283.8,11.7,N,0
-30.1245,149.9751,300.9,1.2,1.1,2014-10-03,1236,Terra,MODIS,34,6.2,285.8,7.6,N,0
-30.1259,149.9623,301.3,1.2,1.1,2014-10-03,1236,Terra,MODIS,40,6.2,285.6,8.2,N,0
-27.1097,149.712,310.8,1.2,1.1,2014-10-03,1237,Terra,MODIS,81,6.2,288.8,14.6,N,0
-25.6387,152.507,314.1,1,1,2014-10-03,1237,Terra,MODIS,89,6.2,287.8,14.8,N,0
-23.2287,150.7098,301.8,1,1,2014-10-03,1238,Terra,MODIS,42,6.2,289.7,4.7,N,0
-23.2301,150.7,300.1,1,1,2014-10-03,1238,Terra,MODIS,10,6.2,289.6,3.8,N,0
-23.2197,150.7083,317.2,1,1,2014-10-03,1238,Terra,MODIS,95,6.2,289.8,15.9,N,0
-23.221,150.6985,310,1,1,2014-10-03,1238,Terra,MODIS,79,6.2,289.7,10,N,0
-23.4715,148.5746,311.6,1.2,1.1,2014-10-03,1238,Terra,MODIS,83,6.2,290.9,14.7,N,0
-25.3578,149.8835,305.4,1.1,1,2014-10-03,1238,Terra,MODIS,64,6.2,289.9,7.8,N,0
-25.347,149.8929,314.4,1.1,1,2014-10-03,1238,Terra,MODIS,89,6.2,289.9,15,N,0
-25.3484,149.8821,302.9,1.1,1,2014-10-03,1238,Terra,MODIS,50,6.2,289.8,6,N,0
-22.9823,149.5383,304.3,1.1,1,2014-10-03,1238,Terra,MODIS,13,6.2,289.5,5.9,N,0
-25.3564,149.8944,311.4,1.1,1,2014-10-03,1238,Terra,MODIS,83,6.2,290.1,12.5,N,0
-22.9837,149.5275,305.9,1.1,1,2014-10-03,1238,Terra,MODIS,9,6.2,290.2,6.8,N,0
-24.1722,150.7198,303.5,1,1,2014-10-03,1238,Terra,MODIS,55,6.2,286.6,7.7,N,0
-22.8395,149.0777,302,1.1,1.1,2014-10-03,1238,Terra,MODIS,21,6.2,289.5,5.4,N,0
-22.8423,149.0559,309.4,1.1,1.1,2014-10-03,1238,Terra,MODIS,58,6.2,289.6,10.6,N,0
-22.8436,149.045,313.2,1.1,1.1,2014-10-03,1238,Terra,MODIS,87,6.2,289.7,14.3,N,0
-22.8094,149.1617,300.6,1.1,1.1,2014-10-03,1238,Terra,MODIS,21,6.2,290.4,4.6,N,0
-22.8057,149.1551,300.5,1.1,1.1,2014-10-03,1238,Terra,MODIS,28,6.2,290.3,5.4,N,0
-24.949,146.0155,302.9,1.8,1.3,2014-10-03,1238,Terra,MODIS,52,6.2,289.7,13.9,N,0
-23.9405,148.9769,310.4,1.2,1.1,2014-10-03,1238,Terra,MODIS,80,6.2,290.7,13.1,N,0
-20.6447,148.7146,310.5,1.1,1.1,2014-10-03,1239,Terra,MODIS,80,6.2,291.9,12.4,N,0
-16.0008,144.2496,313.1,1.8,1.3,2014-10-03,1240,Terra,MODIS,86,6.2,292.8,25.6,N,0
-16.0028,144.2324,314.7,1.8,1.3,2014-10-03,1240,Terra,MODIS,90,6.2,292.9,29.1,N,0
-16.0069,144.2435,304.4,1.8,1.3,2014-10-03,1240,Terra,MODIS,49,6.2,292.9,11.7,N,0
-15.9949,144.2426,318.3,1.8,1.3,2014-10-03,1240,Terra,MODIS,97,6.2,292.8,36.9,N,0
-15.6694,145.3118,304.2,1.5,1.2,2014-10-03,1240,Terra,MODIS,57,6.2,292.9,9.8,N,0
-15.691,145.3164,314.4,1.5,1.2,2014-10-03,1240,Terra,MODIS,82,6.2,292.4,23.4,N,0
-15.6944,145.3104,308.9,1.5,1.2,2014-10-03,1240,Terra,MODIS,76,6.2,289.9,17.1,N,0
-15.693,145.3224,304.1,1.5,1.2,2014-10-03,1240,Terra,MODIS,43,6.2,292.3,11.4,N,0
-15.505,145.0746,305.6,1.6,1.2,2014-10-03,1240,Terra,MODIS,34,6.2,292.9,10.5,N,0
-18.5448,145.9939,301.6,1.5,1.2,2014-10-03,1240,Terra,MODIS,42,6.2,289.6,10,N,0
-18.2633,145.9662,308.4,1.5,1.2,2014-10-03,1240,Terra,MODIS,12,6.2,290,13.8,N,0
-18.2717,145.9618,318.1,1.5,1.2,2014-10-03,1240,Terra,MODIS,91,6.2,291.9,27.5,N,0
-18.2734,145.9481,311.6,1.5,1.2,2014-10-03,1240,Terra,MODIS,48,6.2,291.9,18.3,N,0
-18.5425,145.9875,301.9,1.5,1.2,2014-10-03,1240,Terra,MODIS,45,6.2,289.9,9.7,N,0
-18.2864,145.9569,320.5,1.5,1.2,2014-10-03,1240,Terra,MODIS,96,6.2,292.2,32.6,N,0
-18.2757,145.9541,322.7,1.5,1.2,2014-10-03,1240,Terra,MODIS,100,6.2,292.6,35.5,N,0
-15.3862,143.582,307.1,2,1.4,2014-10-03,1241,Terra,MODIS,66,6.2,292.4,18.1,N,0
-15.2891,143.5251,304.3,2,1.4,2014-10-03,1241,Terra,MODIS,59,6.2,292.5,14.2,N,0
-15.1996,145.1477,304.5,1.5,1.2,2014-10-03,1241,Terra,MODIS,21,6.2,292.5,9,N,0
-15.2967,143.6766,321.7,2,1.4,2014-10-03,1241,Terra,MODIS,100,6.2,293,50.6,N,0
-15.3717,143.5989,303.2,2,1.4,2014-10-03,1241,Terra,MODIS,8,6.2,292.4,10.9,N,0
-15.2873,143.5193,303.7,2,1.4,2014-10-03,1241,Terra,MODIS,18,6.2,292.5,12.4,N,0
-15.2946,143.6944,308,2,1.4,2014-10-03,1241,Terra,MODIS,73,6.2,292.3,20.6,N,0
-15.251,145.1829,304.4,1.5,1.2,2014-10-03,1241,Terra,MODIS,60,6.2,292.8,9.5,N,0
-14.5399,144.4726,310.7,1.7,1.3,2014-10-03,1241,Terra,MODIS,81,6.2,293.9,19.6,N,0
-14.5418,144.4566,326.7,1.7,1.3,2014-10-03,1241,Terra,MODIS,100,6.2,295,51.2,N,0
-14.5533,144.4582,311.6,1.7,1.3,2014-10-03,1241,Terra,MODIS,83,6.2,294,21,N,0
-12.4138,141.8882,318,2.4,1.5,2014-10-03,1241,Terra,MODIS,96,6.2,288.7,57.4,N,0
-14.9994,144.9137,306.6,1.6,1.2,2014-10-03,1241,Terra,MODIS,68,6.2,292.8,13.4,N,0
-14.487,144.4431,306.6,1.7,1.3,2014-10-03,1241,Terra,MODIS,43,6.2,293.4,12,N,0
-12.5794,142.7879,300.9,2.1,1.4,2014-10-03,1241,Terra,MODIS,32,6.2,287.9,9.8,N,0
-26.0814,123.6766,315.4,1.3,1.1,2014-10-03,1416,Terra,MODIS,91,6.2,295.5,17.6,N,0
-22.6546,122.6429,319.1,1.4,1.2,2014-10-03,1417,Terra,MODIS,98,6.2,296.4,24.2,N,0
-21.924,124.1982,374.2,1.1,1.1,2014-10-03,1417,Terra,MODIS,100,6.2,293.5,149.1,N,0
-21.9363,124.1781,323,1.1,1.1,2014-10-03,1417,Terra,MODIS,87,6.2,288.3,19.9,N,0
-21.9349,124.1889,362.5,1.1,1.1,2014-10-03,1417,Terra,MODIS,100,6.2,297.6,104,N,0
-21.9335,124.1997,348.1,1.1,1.1,2014-10-03,1417,Terra,MODIS,100,6.2,294.8,63.1,N,0
-21.9268,124.1767,322.1,1.1,1.1,2014-10-03,1417,Terra,MODIS,80,6.2,289.2,18.6,N,0
-21.9254,124.1875,405.6,1.1,1.1,2014-10-03,1417,Terra,MODIS,100,6.2,302.8,334.4,N,0
-22.653,122.6563,320.4,1.4,1.2,2014-10-03,1417,Terra,MODIS,100,6.2,296.3,26.2,N,0
-22.7076,122.6967,306.1,1.4,1.2,2014-10-03,1417,Terra,MODIS,15,6.2,296.1,6.7,N,0
-22.711,122.705,320.4,1.4,1.2,2014-10-03,1417,Terra,MODIS,100,6.2,296.9,24.6,N,0
-22.4534,130.3085,304.6,1.3,1.1,2014-10-03,1417,Terra,MODIS,17,6.2,294,6.9,N,0
-22.4494,130.3141,308.6,1.3,1.1,2014-10-03,1417,Terra,MODIS,75,6.2,294,10.9,N,0
-23.656,124.968,324.4,1.1,1,2014-10-03,1417,Terra,MODIS,100,6.2,293.9,24.7,N,0
-22.7045,122.7232,319.1,1.4,1.2,2014-10-03,1417,Terra,MODIS,93,6.2,296.9,22,N,0
-22.7165,122.7115,317.6,1.4,1.2,2014-10-03,1417,Terra,MODIS,95,6.2,296.5,20.1,N,0
-22.7149,122.7247,309.8,1.4,1.2,2014-10-03,1417,Terra,MODIS,33,6.2,295.7,10.9,N,0
-22.7254,122.7262,321.9,1.4,1.2,2014-10-03,1417,Terra,MODIS,100,6.2,295.8,27.3,N,0
-23.6546,124.9785,316,1.1,1,2014-10-03,1417,Terra,MODIS,63,6.2,290.2,16.1,N,0
-23.7977,125.067,315.1,1.1,1,2014-10-03,1417,Terra,MODIS,71,6.2,295.8,13,N,0
-23.7898,125.055,306.5,1.1,1,2014-10-03,1417,Terra,MODIS,68,6.2,296.2,5.4,N,0
-23.7619,125.0767,305.6,1.1,1,2014-10-03,1417,Terra,MODIS,22,6.2,295.6,5.3,N,0
-23.7758,124.9711,339.4,1.1,1,2014-10-03,1417,Terra,MODIS,100,6.2,298.5,43.9,N,0
-23.7772,124.9605,319.9,1.1,1,2014-10-03,1417,Terra,MODIS,99,6.2,294.4,16,N,0
-23.7526,125.0752,311.4,1.1,1,2014-10-03,1417,Terra,MODIS,82,6.2,296.1,8.6,N,0
-23.7651,124.9802,318.3,1.1,1,2014-10-03,1417,Terra,MODIS,82,6.2,297.6,15.1,N,0
-23.7679,124.959,309,1.1,1,2014-10-03,1417,Terra,MODIS,45,6.2,292.8,7.3,N,0
-23.7315,125.0181,312.2,1.1,1,2014-10-03,1417,Terra,MODIS,84,6.2,296.9,9.1,N,0
-22.706,122.71,327,1.4,1.2,2014-10-03,1417,Terra,MODIS,100,6.2,297,35,N,0
-22.7093,122.7182,328.7,1.4,1.2,2014-10-03,1417,Terra,MODIS,100,6.2,297.9,39.2,N,0
-18.2765,130.7518,379.6,1.7,1.3,2014-10-03,1418,Terra,MODIS,100,6.2,299.8,326.4,N,0
-18.2825,130.7858,311.2,1.7,1.3,2014-10-03,1418,Terra,MODIS,40,6.2,291.9,21.1,N,0
-18.3274,130.7192,325.8,1.7,1.3,2014-10-03,1418,Terra,MODIS,100,6.2,292.7,51.4,N,0
-18.2738,130.7676,319.3,1.7,1.3,2014-10-03,1418,Terra,MODIS,98,6.2,292.7,36.2,N,0
-18.296,130.7065,309.5,1.7,1.3,2014-10-03,1418,Terra,MODIS,78,6.2,291.4,20.6,N,0
-17.9429,130.6147,307.2,1.7,1.3,2014-10-03,1418,Terra,MODIS,71,6.2,291.4,15.2,N,0
-18.3301,130.7132,360.7,1.7,1.3,2014-10-03,1418,Terra,MODIS,100,6.2,297.7,188,N,0
-18.3327,130.6975,345.2,1.7,1.3,2014-10-03,1418,Terra,MODIS,100,6.2,295.7,111.8,N,0
-18.0978,130.7875,310.5,1.7,1.3,2014-10-03,1418,Terra,MODIS,60,6.2,292.2,21.3,N,0
-18.2792,130.736,337.2,1.7,1.3,2014-10-03,1418,Terra,MODIS,100,6.2,292.4,82.1,N,0
-18.2912,130.8041,320.4,1.7,1.3,2014-10-03,1418,Terra,MODIS,100,6.2,291.9,41.2,N,0
-18.2879,130.754,309.1,1.7,1.3,2014-10-03,1418,Terra,MODIS,76,6.2,292.5,19.4,N,0
-18.3301,130.7035,376.8,1.7,1.3,2014-10-03,1418,Terra,MODIS,100,6.2,296.2,300.1,N,0
-18.2993,130.8121,304.4,1.7,1.3,2014-10-03,1418,Terra,MODIS,51,6.2,291,13.7,N,0
-18.3415,130.7057,317.7,1.7,1.3,2014-10-03,1418,Terra,MODIS,95,6.2,295.5,34.1,N,0
-18.3387,130.7214,310.2,1.7,1.3,2014-10-03,1418,Terra,MODIS,79,6.2,292.5,21.3,N,0
-18.3328,130.6878,301.9,1.7,1.3,2014-10-03,1418,Terra,MODIS,45,6.2,291.9,10,N,0
-18.7976,129.0291,304,1.3,1.1,2014-10-03,1418,Terra,MODIS,49,6.2,293.6,6.7,N,0
-18.2852,130.7699,346.5,1.7,1.3,2014-10-03,1418,Terra,MODIS,100,6.2,297.6,120.2,N,0
-17.476,130.5114,308.6,1.7,1.3,2014-10-03,1418,Terra,MODIS,75,6.2,294.8,15,N,0
-19.7032,126.8309,314.2,1,1,2014-10-03,1418,Terra,MODIS,89,6.2,295.7,11.6,N,0
-19.7018,126.8406,307,1,1,2014-10-03,1418,Terra,MODIS,70,6.2,295.6,5.8,N,0
-17.4847,130.5293,306.1,1.7,1.3,2014-10-03,1418,Terra,MODIS,51,6.2,294.9,11.7,N,0
-19.824,126.6986,308.4,1,1,2014-10-03,1418,Terra,MODIS,74,6.2,294.9,7.2,N,0
-18.1066,130.8059,303.3,1.7,1.3,2014-10-03,1418,Terra,MODIS,54,6.2,291.4,12.7,N,0
-19.594,126.9456,314.8,1,1,2014-10-03,1418,Terra,MODIS,90,6.2,296.3,10.8,N,0
-19.5849,126.944,307.2,1,1,2014-10-03,1418,Terra,MODIS,16,6.2,296,5.1,N,0
-19.5864,126.9343,336.8,1,1,2014-10-03,1418,Terra,MODIS,100,6.2,297.9,37.4,N,0
-19.5918,126.8356,312.8,1,1,2014-10-03,1418,Terra,MODIS,86,6.2,297.3,9.3,N,0
-19.5932,126.8259,313.1,1,1,2014-10-03,1418,Terra,MODIS,86,6.2,297.1,9.5,N,0
-20.0702,133.3871,341.9,2.4,1.5,2014-10-03,1418,Terra,MODIS,100,6.2,293.8,171.7,N,0
-20.0745,133.3644,311.3,2.4,1.5,2014-10-03,1418,Terra,MODIS,82,6.2,293,40,N,0
-20.072,133.405,311.8,2.4,1.5,2014-10-03,1418,Terra,MODIS,83,6.2,289.9,41.8,N,0
-20.0762,133.3819,324.5,2.4,1.5,2014-10-03,1418,Terra,MODIS,100,6.2,292.6,83,N,0
-20.0629,133.3789,317.4,2.4,1.5,2014-10-03,1418,Terra,MODIS,95,6.2,292,58.9,N,0
-21.4922,117.7077,314,3,1.6,2014-10-03,1418,Terra,MODIS,48,6.2,295.2,44.1,N,0
-17.3346,132.5968,303.1,2.4,1.5,2014-10-03,1418,Terra,MODIS,53,6.2,291.8,20,N,0
-21.563,117.4254,303.6,3.1,1.7,2014-10-03,1418,Terra,MODIS,55,6.2,292.7,22.1,N,0
-21.5655,117.4191,303,3.1,1.7,2014-10-03,1418,Terra,MODIS,46,6.2,292.8,19,N,0
-18.1039,130.8221,307.2,1.7,1.3,2014-10-03,1418,Terra,MODIS,71,6.2,291.1,18.4,N,0
-18.2885,130.8201,305.4,1.7,1.3,2014-10-03,1418,Terra,MODIS,64,6.2,290.8,15.7,N,0
-21.1521,117.6454,307.3,3,1.6,2014-10-03,1418,Terra,MODIS,69,6.2,295.2,25.4,N,0
-17.9702,131.6751,316.3,2,1.4,2014-10-03,1418,Terra,MODIS,93,6.2,294.5,37.9,N,0
-17.9754,131.6636,310,2,1.4,2014-10-03,1418,Terra,MODIS,79,6.2,294.1,25,N,0
-17.972,131.6822,309.3,2,1.4,2014-10-03,1418,Terra,MODIS,77,6.2,294,23.1,N,0
-17.9032,131.8379,304.8,2.1,1.4,2014-10-03,1418,Terra,MODIS,61,6.2,292.2,18.9,N,0
-17.9271,131.9229,302.7,2.1,1.4,2014-10-03,1418,Terra,MODIS,51,6.2,290.9,16,N,0
-18.1761,131.263,306.9,1.8,1.3,2014-10-03,1418,Terra,MODIS,70,6.2,291.1,18.1,N,0
-20.3761,133.255,303.1,2.3,1.5,2014-10-03,1418,Terra,MODIS,48,6.2,292.5,17.8,N,0
-17.9308,131.9102,307.1,2.1,1.4,2014-10-03,1418,Terra,MODIS,70,6.2,292.2,23.5,N,0
-19.0768,133.1499,307.2,2.4,1.5,2014-10-03,1418,Terra,MODIS,71,6.2,291.5,28.9,N,0
-17.9305,131.9034,302.3,2.1,1.4,2014-10-03,1418,Terra,MODIS,48,6.2,292.1,14.7,N,0
-19.0748,133.1312,305.2,2.4,1.5,2014-10-03,1418,Terra,MODIS,41,6.2,291.9,21.8,N,0
-13.5083,131.9429,321,2.6,1.5,2014-10-03,1419,Terra,MODIS,100,6.2,294.4,66.4,N,0
-13.5136,131.9508,309.7,2.6,1.5,2014-10-03,1419,Terra,MODIS,73,6.2,294.2,28.1,N,0
-13.5178,131.9274,307,2.5,1.5,2014-10-03,1419,Terra,MODIS,45,6.2,294.1,20.5,N,0
-16.1101,127.9684,313.5,1.2,1.1,2014-10-03,1419,Terra,MODIS,43,6.2,299.9,9.9,N,0
-16.6114,130.5744,309.2,1.8,1.3,2014-10-03,1419,Terra,MODIS,31,6.2,298.9,11,N,0
-16.6462,130.5813,310.7,1.8,1.3,2014-10-03,1419,Terra,MODIS,19,6.2,298.4,12.9,N,0
-16.6579,130.5832,309.9,1.8,1.3,2014-10-03,1419,Terra,MODIS,77,6.2,298.8,13.2,N,0
-16.9289,127.1008,307.7,1.1,1,2014-10-03,1419,Terra,MODIS,14,6.2,296.7,5.6,N,0
-16.9554,127.1156,307.6,1.1,1,2014-10-03,1419,Terra,MODIS,22,6.2,296.7,6,N,0
-16.9758,127.2086,309.9,1.1,1,2014-10-03,1419,Terra,MODIS,75,6.2,294.9,9.4,N,0
-17.3361,126.9062,308.1,1.1,1,2014-10-03,1419,Terra,MODIS,65,6.2,295,7.1,N,0
-16.1093,127.9101,308.8,1.2,1.1,2014-10-03,1419,Terra,MODIS,30,6.2,298.2,5.9,N,0
-12.2703,132.3049,304.1,2.9,1.6,2014-10-03,1420,Terra,MODIS,59,6.2,284.8,26.7,N,0
-12.2694,132.2992,302.2,2.9,1.6,2014-10-03,1420,Terra,MODIS,33,6.2,284.2,18.8,N,0
-12.5747,142.7836,318,1.3,1.1,2014-10-03,1544,Aqua,MODIS,96,6.2,290.2,21.5,N,0
-12.5765,142.7952,308,1.3,1.1,2014-10-03,1544,Aqua,MODIS,73,6.2,290.2,10.1,N,0
-12.5919,142.8228,303.5,1.3,1.1,2014-10-03,1544,Aqua,MODIS,18,6.2,289.9,5.7,N,0
-12.4113,141.8879,304.1,1.4,1.2,2014-10-03,1544,Aqua,MODIS,59,6.2,288.7,10,N,0
-12.4134,141.9011,309.3,1.4,1.2,2014-10-03,1544,Aqua,MODIS,77,6.2,288.5,15.6,N,0
-15.4672,145.077,305.8,1,1,2014-10-03,1545,Aqua,MODIS,14,6.2,291.6,5.8,N,0
-14.5367,144.4571,302.9,1,1,2014-10-03,1545,Aqua,MODIS,32,6.2,291.7,4.3,N,0
-14.5381,144.4666,316.8,1,1,2014-10-03,1545,Aqua,MODIS,94,6.2,293,15,N,0
-14.5395,144.4761,307,1,1,2014-10-03,1545,Aqua,MODIS,70,6.2,292,7.1,N,0
-14.5052,144.5547,307.4,1,1,2014-10-03,1545,Aqua,MODIS,71,6.2,290.8,7.8,N,0
-16.0057,144.2413,304.3,1,1,2014-10-03,1545,Aqua,MODIS,59,6.2,292.7,6,N,0
-14.4776,144.4334,315.2,1,1,2014-10-03,1545,Aqua,MODIS,91,6.2,291.2,12.5,N,0
-14.4656,144.4159,302.7,1,1,2014-10-03,1545,Aqua,MODIS,32,6.2,290.9,4.2,N,0
-14.4761,144.4239,307.2,1,1,2014-10-03,1545,Aqua,MODIS,35,6.2,290.6,6.5,N,0
-15.9592,144.4864,311.9,1,1,2014-10-03,1545,Aqua,MODIS,84,6.2,291.4,11.6,N,0
-15.4776,145.0849,309.1,1,1,2014-10-03,1545,Aqua,MODIS,48,6.2,292.5,7.7,N,0
-15.0019,144.9153,305.2,1,1,2014-10-03,1545,Aqua,MODIS,63,6.2,291.6,6.2,N,0
-14.4895,144.4509,305.7,1,1,2014-10-03,1545,Aqua,MODIS,16,6.2,292,5.4,N,0
-14.491,144.4604,309.1,1,1,2014-10-03,1545,Aqua,MODIS,42,6.2,292.6,7.7,N,0
-15.2994,145.125,304.7,1,1,2014-10-03,1545,Aqua,MODIS,61,6.2,292.3,5.6,N,0
-15.2033,145.1559,315.6,1,1,2014-10-03,1545,Aqua,MODIS,92,6.2,292.3,12.9,N,0
-15.1943,145.1572,305.5,1,1,2014-10-03,1545,Aqua,MODIS,64,6.2,292.1,5.9,N,0
-15.2945,143.6862,302,1.1,1,2014-10-03,1545,Aqua,MODIS,33,6.2,291.7,5.1,N,0
-15.5046,145.0807,314.5,1,1,2014-10-03,1545,Aqua,MODIS,89,6.2,293.1,12.1,N,0
-15.2047,145.1651,303.4,1,1,2014-10-03,1545,Aqua,MODIS,13,6.2,291.8,4.3,N,0
-15.2853,143.6877,311.6,1.1,1,2014-10-03,1545,Aqua,MODIS,83,6.2,291.4,12.1,N,0
-15.3828,143.595,304.2,1.1,1,2014-10-03,1545,Aqua,MODIS,24,6.2,292.2,5.5,N,0
-15.2316,145.1609,314.4,1,1,2014-10-03,1545,Aqua,MODIS,89,6.2,292.5,12.2,N,0
-15.2537,145.1859,302.9,1,1,2014-10-03,1545,Aqua,MODIS,52,6.2,292,4.7,N,0
-20.6765,143.2684,306,1,1,2014-10-03,1546,Aqua,MODIS,67,6.2,294.1,6.7,N,0
-18.2711,145.9551,312.4,1,1,2014-10-03,1546,Aqua,MODIS,83,6.2,292.6,11.8,N,0
-18.2724,145.9649,317.5,1,1,2014-10-03,1546,Aqua,MODIS,95,6.2,292.8,16.1,N,0
-18.2788,145.9435,312.8,1,1,2014-10-03,1546,Aqua,MODIS,81,6.2,290.7,12.4,N,0
-18.2802,145.9534,330.3,1,1,2014-10-03,1546,Aqua,MODIS,100,6.2,292.5,31,N,0
-18.2633,145.9663,308.6,1,1,2014-10-03,1546,Aqua,MODIS,69,6.2,291.1,9.4,N,0
-18.2816,145.9633,329.5,1,1,2014-10-03,1546,Aqua,MODIS,100,6.2,293.5,30.1,N,0
-18.2697,145.9452,303.9,1,1,2014-10-03,1546,Aqua,MODIS,35,6.2,291.8,6.2,N,0
-20.065,133.3676,315.9,4.3,1.9,2014-10-03,1547,Aqua,MODIS,92,6.2,291.2,129.3,N,0
-20.0734,133.4079,323.1,4.3,1.9,2014-10-03,1547,Aqua,MODIS,100,6.2,290.1,185.1,N,0
-20.0681,133.3622,308.4,4.3,1.9,2014-10-03,1547,Aqua,MODIS,74,6.2,290.6,80.5,N,0
-20.0768,133.4025,325.5,4.3,1.9,2014-10-03,1547,Aqua,MODIS,100,6.2,291,203.7,N,0
-24.9541,146.0265,300,1.2,1.1,2014-10-03,1547,Aqua,MODIS,10,6.2,288.9,6.1,N,0
-36.766,143.2296,302.4,1.2,1.1,2014-10-03,1551,Aqua,MODIS,49,6.2,283.4,10.6,N,0
-17.7886,131.1523,301.6,4.7,2,2014-10-03,1724,Aqua,MODIS,42,6.2,288.9,54.5,N,0
-16.0867,127.9229,309.2,2.6,1.5,2014-10-03,1724,Aqua,MODIS,77,6.2,297,25.1,N,0
-17.3386,126.9312,304.1,2.3,1.5,2014-10-03,1724,Aqua,MODIS,44,6.2,292,16.2,N,0
-17.3397,126.9171,311.9,2.2,1.5,2014-10-03,1724,Aqua,MODIS,83,6.2,292.6,32.5,N,0
-16.1003,127.9766,320.9,2.6,1.5,2014-10-03,1724,Aqua,MODIS,100,6.2,298.1,64.8,N,0
-16.0842,127.8993,312.3,2.6,1.5,2014-10-03,1724,Aqua,MODIS,85,6.2,296.9,34.9,N,0
-16.0917,127.9033,316.8,2.6,1.5,2014-10-03,1724,Aqua,MODIS,94,6.2,297.2,49.4,N,0
-16.0944,127.9266,314.7,2.6,1.5,2014-10-03,1724,Aqua,MODIS,90,6.2,297.3,41.4,N,0
-17.3363,126.91,303.7,2.2,1.5,2014-10-03,1724,Aqua,MODIS,36,6.2,291.7,15.5,N,0
-17.3388,127.0241,309.6,2.3,1.5,2014-10-03,1724,Aqua,MODIS,28,6.2,293.6,24.5,N,0
-16.1061,127.9711,327.5,2.6,1.5,2014-10-03,1724,Aqua,MODIS,100,6.2,298.2,92.6,N,0
-16.0973,127.9513,347.3,2.6,1.5,2014-10-03,1724,Aqua,MODIS,100,6.2,299.6,215.8,N,0
-16.1032,127.9453,343.2,2.6,1.5,2014-10-03,1724,Aqua,MODIS,100,6.2,298.4,184.9,N,0
-16.9301,127.0963,312.9,2.3,1.5,2014-10-03,1724,Aqua,MODIS,86,6.2,294.3,34.2,N,0
-16.9325,127.1172,365.5,2.3,1.5,2014-10-03,1724,Aqua,MODIS,100,6.2,298,337.7,N,0
-16.9349,127.1389,310.1,2.3,1.5,2014-10-03,1724,Aqua,MODIS,74,6.2,294.5,27.2,N,0
-16.9457,127.1158,343.1,2.3,1.5,2014-10-03,1724,Aqua,MODIS,100,6.2,297.3,158.6,N,0
-16.9482,127.1375,334.3,2.3,1.5,2014-10-03,1724,Aqua,MODIS,100,6.2,297.1,112.5,N,0
-16.9614,127.1357,306.3,2.3,1.5,2014-10-03,1724,Aqua,MODIS,68,6.2,295.8,20.6,N,0
-17.2298,126.7619,304.6,2.2,1.4,2014-10-03,1724,Aqua,MODIS,53,6.2,293.5,15.5,N,0
-17.2305,126.7667,309,2.2,1.4,2014-10-03,1724,Aqua,MODIS,62,6.2,294.1,22.5,N,0
-17.2695,126.883,303.3,2.2,1.4,2014-10-03,1724,Aqua,MODIS,54,6.2,291.4,17.7,N,0
-18.274,130.7683,302.7,4.5,2,2014-10-03,1724,Aqua,MODIS,51,6.2,288,60.9,N,0
-18.2733,130.7609,300.2,4.5,2,2014-10-03,1724,Aqua,MODIS,21,6.2,287.7,48.7,N,0
-17.2105,126.8261,306.6,2.2,1.4,2014-10-03,1724,Aqua,MODIS,44,6.2,295.5,18.3,N,0
-17.3743,127.0128,306.1,2.3,1.5,2014-10-03,1724,Aqua,MODIS,52,6.2,293.8,17.9,N,0
-17.352,127.0226,308,2.3,1.5,2014-10-03,1724,Aqua,MODIS,17,6.2,292.9,20.5,N,0
-17.9691,123.8888,307.1,1.4,1.2,2014-10-03,1724,Aqua,MODIS,70,6.2,294.8,9.7,N,0
-17.9763,123.8952,307.3,1.4,1.2,2014-10-03,1724,Aqua,MODIS,48,6.2,294.8,9.5,N,0
-19.5832,126.9271,303.4,2.4,1.5,2014-10-03,1725,Aqua,MODIS,55,6.2,293.2,17,N,0
-19.5857,126.9501,311,2.4,1.5,2014-10-03,1725,Aqua,MODIS,81,6.2,294.4,34.8,N,0
-19.5802,126.9454,311.3,2.4,1.5,2014-10-03,1725,Aqua,MODIS,82,6.2,294.1,34.3,N,0
-21.485,117.7044,304.2,1.1,1,2014-10-03,1725,Aqua,MODIS,44,6.2,294.2,3.9,N,0
-21.4865,117.7146,316.3,1.1,1,2014-10-03,1725,Aqua,MODIS,93,6.2,295.7,13.3,N,0
-21.4942,117.7029,305.1,1.1,1,2014-10-03,1725,Aqua,MODIS,63,6.2,294.9,4.7,N,0
-21.5193,117.6929,304.7,1.1,1,2014-10-03,1725,Aqua,MODIS,61,6.2,293.9,4.9,N,0
-21.0038,118.6503,316.8,1,1,2014-10-03,1725,Aqua,MODIS,94,6.2,295.6,13.7,N,0
-21.0052,118.66,305.3,1,1,2014-10-03,1725,Aqua,MODIS,63,6.2,295.2,5.1,N,0
-21.0122,118.652,308.6,1,1,2014-10-03,1725,Aqua,MODIS,75,6.2,295.7,8,N,0
-21.5005,117.6339,303.9,1.1,1,2014-10-03,1725,Aqua,MODIS,17,6.2,292,4,N,0
-21.513,117.6527,306.4,1.1,1,2014-10-03,1725,Aqua,MODIS,61,6.2,292.2,5.7,N,0
-21.5146,117.6628,313.3,1.1,1,2014-10-03,1725,Aqua,MODIS,87,6.2,292.5,11,N,0
-21.5161,117.6728,312.7,1.1,1,2014-10-03,1725,Aqua,MODIS,85,6.2,294.2,10.3,N,0
-21.5177,117.6828,304.7,1.1,1,2014-10-03,1725,Aqua,MODIS,61,6.2,294.2,4.9,N,0
-21.1526,117.6465,312.2,1.1,1,2014-10-03,1725,Aqua,MODIS,84,6.2,295.5,10.1,N,0
-21.1602,117.6347,319.3,1.1,1,2014-10-03,1725,Aqua,MODIS,98,6.2,296,16.4,N,0
-21.1618,117.6449,332.5,1.1,1,2014-10-03,1725,Aqua,MODIS,100,6.2,296.8,32.8,N,0
-21.1711,117.6433,319.1,1.1,1,2014-10-03,1725,Aqua,MODIS,98,6.2,296.6,16.2,N,0
-21.9692,124.1999,306.1,1.6,1.3,2014-10-03,1725,Aqua,MODIS,36,6.2,287.7,18,N,0
-19.7622,126.7799,305.8,2.4,1.5,2014-10-03,1725,Aqua,MODIS,66,6.2,292.1,24.8,N,0
-24.2454,125.7068,300.5,2.3,1.5,2014-10-03,1726,Aqua,MODIS,21,6.2,290.1,15.7,N,0
-22.7051,122.7072,308.7,1.3,1.2,2014-10-03,1726,Aqua,MODIS,67,6.2,294.2,10.8,N,0
-22.7067,122.7204,310,1.4,1.2,2014-10-03,1726,Aqua,MODIS,79,6.2,295,12.9,N,0
-26.0725,123.6767,302.2,1.7,1.3,2014-10-03,1726,Aqua,MODIS,48,6.2,291.6,11.4,N,0
-26.0841,123.6753,304.9,1.7,1.3,2014-10-03,1726,Aqua,MODIS,62,6.2,291,15.1,N,0
-22.8492,149.0508,316.1,4.6,2,2014-10-03,2334,Terra,MODIS,65,6.2,296.1,86.6,D,0
-22.8481,149.0453,317.5,4.6,2,2014-10-03,2334,Terra,MODIS,68,6.2,295.9,96.8,D,0
-12.7136,141.8122,318.5,1.4,1.2,2014-10-04,0109,Terra,MODIS,26,6.2,301.4,9.4,D,0
-12.7153,141.8246,325.3,1.4,1.2,2014-10-04,0109,Terra,MODIS,75,6.2,302.5,20.1,D,0
-12.1782,141.8654,323.5,1.3,1.1,2014-10-04,0109,Terra,MODIS,63,6.2,299.8,16,D,0
-12.4267,142.2862,333.1,1.4,1.2,2014-10-04,0109,Terra,MODIS,84,6.2,302.4,36.1,D,0
-12.3962,142.3366,339.8,1.5,1.2,2014-10-04,0109,Terra,MODIS,89,6.2,303.2,50.7,D,0
-12.3945,142.3233,344,1.5,1.2,2014-10-04,0109,Terra,MODIS,92,6.2,301,64.6,D,0
-12.425,142.273,331.1,1.4,1.2,2014-10-04,0109,Terra,MODIS,82,6.2,301.7,31.5,D,0
-12.5176,142.2809,327.6,1.4,1.2,2014-10-04,0109,Terra,MODIS,71,6.2,302.4,24.9,D,0
-12.5122,142.2745,325.2,1.4,1.2,2014-10-04,0109,Terra,MODIS,60,6.2,301.4,18.1,D,0
-12.4267,142.4005,322.3,1.5,1.2,2014-10-04,0109,Terra,MODIS,66,6.2,301,10.6,D,0
-12.453,142.4049,323.3,1.5,1.2,2014-10-04,0109,Terra,MODIS,64,6.2,302.1,12.7,D,0
-12.4422,142.4063,325.5,1.5,1.2,2014-10-04,0109,Terra,MODIS,47,6.2,302.3,16.2,D,0
-13.5183,131.9457,340,2,1.4,2014-10-04,0110,Terra,MODIS,84,6.2,309.3,74.2,D,0
-14.4765,144.4414,351.1,2.2,1.4,2014-10-04,0110,Terra,MODIS,95,6.2,300.3,179.2,D,0
-13.5074,131.9408,333,2,1.4,2014-10-04,0110,Terra,MODIS,58,6.2,311.9,41.4,D,0
-14.1174,133.9061,335.3,1.4,1.2,2014-10-04,0110,Terra,MODIS,78,6.2,314.3,20,D,0
-14.1194,133.9855,331,1.4,1.2,2014-10-04,0110,Terra,MODIS,43,6.2,311.2,16.6,D,0
-14.3248,132.8553,332.6,1.7,1.3,2014-10-04,0110,Terra,MODIS,73,6.2,314.1,27,D,0
-13.506,131.9481,334.3,2,1.4,2014-10-04,0110,Terra,MODIS,77,6.2,311.4,49.1,D,0
-13.4731,134.3082,326.6,1.4,1.2,2014-10-04,0110,Terra,MODIS,23,6.2,309.4,11.7,D,0
-14.1195,133.9191,333.2,1.4,1.2,2014-10-04,0110,Terra,MODIS,75,6.2,313.8,15.1,D,0
-13.5198,131.9385,327.6,2,1.4,2014-10-04,0110,Terra,MODIS,60,6.2,308.5,25.4,D,0
-14.2099,134.2368,338.9,1.3,1.1,2014-10-04,0110,Terra,MODIS,83,6.2,310.9,35.5,D,0
-13.5231,131.9571,328.5,2,1.4,2014-10-04,0110,Terra,MODIS,64,6.2,309.4,28.3,D,0
-12.3082,136.6574,331.4,1.1,1,2014-10-04,0110,Terra,MODIS,66,6.2,308.1,17.9,D,0
-14.1996,134.2385,330.8,1.3,1.1,2014-10-04,0110,Terra,MODIS,63,6.2,311.8,18,D,0
-12.3175,136.656,347,1.1,1,2014-10-04,0110,Terra,MODIS,92,6.2,308.2,45.1,D,0
-14.3244,132.8457,352.9,1.7,1.3,2014-10-04,0110,Terra,MODIS,95,6.2,314.2,103.3,D,0
-14.3222,132.8401,348.4,1.7,1.3,2014-10-04,0110,Terra,MODIS,92,6.2,313.8,84.2,D,0
-13.4937,131.9505,326.5,2,1.4,2014-10-04,0110,Terra,MODIS,50,6.2,310.3,22.2,D,0
-13.4905,131.9318,332.6,2,1.4,2014-10-04,0110,Terra,MODIS,74,6.2,311.9,43.2,D,0
-13.4781,131.9339,332.1,2,1.4,2014-10-04,0110,Terra,MODIS,73,6.2,309.5,42.8,D,0
-14.2265,134.2086,338.6,1.4,1.2,2014-10-04,0110,Terra,MODIS,82,6.2,310.7,34.9,D,0
-14.2245,134.1961,338.2,1.4,1.2,2014-10-04,0110,Terra,MODIS,82,6.2,312.3,34.1,D,0
-14.2162,134.2104,330.6,1.4,1.2,2014-10-04,0110,Terra,MODIS,63,6.2,312.7,17,D,0
-13.8915,132.5513,342.4,1.8,1.3,2014-10-04,0110,Terra,MODIS,86,6.2,312.1,69.7,D,0
-13.8937,132.5399,336.1,1.8,1.3,2014-10-04,0110,Terra,MODIS,77,6.2,311.8,47.6,D,0
-14.0625,132.6628,335.2,1.7,1.3,2014-10-04,0110,Terra,MODIS,74,6.2,315.8,33.7,D,0
-12.9653,142.2374,334.5,1.5,1.2,2014-10-04,0110,Terra,MODIS,84,6.2,306.5,30.7,D,0
-13.8418,132.4471,342.2,1.8,1.3,2014-10-04,0110,Terra,MODIS,86,6.2,312.1,75,D,0
-13.8592,132.4782,332.2,1.8,1.3,2014-10-04,0110,Terra,MODIS,50,6.2,311.9,35.7,D,0
-13.8765,132.5092,333.1,1.8,1.3,2014-10-04,0110,Terra,MODIS,62,6.2,312,38.6,D,0
-13.8792,132.5256,334.6,1.8,1.3,2014-10-04,0110,Terra,MODIS,65,6.2,311.3,44.7,D,0
-11.8967,132.784,345.2,1.9,1.3,2014-10-04,0110,Terra,MODIS,91,6.2,306,96.6,D,0
-11.9106,135.8114,322.5,1.2,1.1,2014-10-04,0110,Terra,MODIS,71,6.2,301.6,13.5,D,0
-12.9687,142.231,350,1.5,1.2,2014-10-04,0110,Terra,MODIS,94,6.2,307.7,76.9,D,0
-13.8666,136.8482,325.1,1,1,2014-10-04,0110,Terra,MODIS,50,6.2,304.4,8,D,0
-13.8575,136.8496,328.4,1,1,2014-10-04,0110,Terra,MODIS,71,6.2,306,12.5,D,0
-13.8561,136.8401,325,1,1,2014-10-04,0110,Terra,MODIS,50,6.2,307.3,8.2,D,0
-14.1141,132.6864,331.8,1.7,1.3,2014-10-04,0110,Terra,MODIS,41,6.2,316.3,20.1,D,0
-14.0652,132.6788,332.8,1.7,1.3,2014-10-04,0110,Terra,MODIS,62,6.2,314.8,25.4,D,0
-11.9087,132.7819,374.6,1.9,1.3,2014-10-04,0110,Terra,MODIS,100,6.2,306.1,292.5,D,0
-11.9114,132.7989,324.4,1.9,1.3,2014-10-04,0110,Terra,MODIS,32,6.2,304.8,18.5,D,0
-11.9017,132.7774,382.1,1.9,1.3,2014-10-04,0110,Terra,MODIS,100,6.2,308,366.4,D,0
-12.1173,136.2667,325.3,1.1,1.1,2014-10-04,0110,Terra,MODIS,78,6.2,306.9,6.7,D,0
-13.5765,134.2458,328.8,1.4,1.2,2014-10-04,0110,Terra,MODIS,61,6.2,312.7,13.9,D,0
-13.9107,132.5702,335.6,1.8,1.3,2014-10-04,0110,Terra,MODIS,71,6.2,311.4,44.7,D,0
-11.9059,132.7649,367.5,1.9,1.3,2014-10-04,0110,Terra,MODIS,100,6.2,302.5,231.6,D,0
-13.9134,132.5863,339.8,1.8,1.3,2014-10-04,0110,Terra,MODIS,84,6.2,310.3,60.6,D,0
-13.9133,136.4918,328.8,1.1,1,2014-10-04,0110,Terra,MODIS,48,6.2,309.4,14.3,D,0
-13.5785,134.2583,327.9,1.4,1.2,2014-10-04,0110,Terra,MODIS,48,6.2,311.1,11.8,D,0
-11.9046,132.7943,330.4,1.9,1.3,2014-10-04,0110,Terra,MODIS,74,6.2,305.1,34.5,D,0
-11.8939,132.767,326,1.9,1.3,2014-10-04,0110,Terra,MODIS,26,6.2,304,23.5,D,0
-14.124,133.9124,335.2,1.4,1.2,2014-10-04,0110,Terra,MODIS,77,6.2,314.7,19.4,D,0
-13.8964,132.5561,352.1,1.8,1.3,2014-10-04,0110,Terra,MODIS,95,6.2,313.2,117.6,D,0
-13.9204,132.5793,351.6,1.8,1.3,2014-10-04,0110,Terra,MODIS,94,6.2,314.1,109.7,D,0
-11.8988,132.7604,341.6,1.9,1.3,2014-10-04,0110,Terra,MODIS,88,6.2,300.9,78.1,D,0
-15.295,143.5712,331.3,2,1.4,2014-10-04,0110,Terra,MODIS,67,6.2,308.4,36.4,D,0
-12.5072,135.8781,326.8,1.1,1.1,2014-10-04,0110,Terra,MODIS,54,6.2,304,11.9,D,0
-14.6723,133.3508,341.4,1.5,1.2,2014-10-04,0110,Terra,MODIS,85,6.2,312.6,49.5,D,0
-12.5277,135.8212,332.4,1.2,1.1,2014-10-04,0110,Terra,MODIS,77,6.2,306.2,22.3,D,0
-12.6662,136.5264,326.7,1.1,1,2014-10-04,0110,Terra,MODIS,53,6.2,309.2,11.4,D,0
-14.3668,133.8715,333.4,1.4,1.2,2014-10-04,0110,Terra,MODIS,65,6.2,311,24.7,D,0
-14.3603,133.7649,335.7,1.4,1.2,2014-10-04,0110,Terra,MODIS,78,6.2,311.3,34.3,D,0
-12.4992,135.6403,334.4,1.2,1.1,2014-10-04,0110,Terra,MODIS,79,6.2,308.5,23.8,D,0
-12.6813,136.2744,333.8,1.1,1,2014-10-04,0110,Terra,MODIS,61,6.2,310.8,19.5,D,0
-14.6855,133.3629,347.1,1.5,1.2,2014-10-04,0110,Terra,MODIS,91,6.2,314.6,68.6,D,0
-12.6878,136.543,334.8,1.1,1,2014-10-04,0110,Terra,MODIS,80,6.2,308.3,22,D,0
-15.3885,143.5909,344.4,2,1.4,2014-10-04,0110,Terra,MODIS,87,6.2,308,97.1,D,0
-14.698,133.354,388.8,1.5,1.2,2014-10-04,0110,Terra,MODIS,100,6.2,313.3,322.5,D,0
-14.6956,133.34,352.3,1.5,1.2,2014-10-04,0110,Terra,MODIS,95,6.2,307.9,91.3,D,0
-12.7155,135.5267,366.7,1.2,1.1,2014-10-04,0110,Terra,MODIS,100,6.2,313,109.7,D,0
-14.6746,133.3648,338.6,1.5,1.2,2014-10-04,0110,Terra,MODIS,82,6.2,312.8,41.4,D,0
-12.8219,132.8848,347.3,1.8,1.3,2014-10-04,0110,Terra,MODIS,92,6.2,307,100.3,D,0
-14.3176,142.245,328.5,1.5,1.2,2014-10-04,0110,Terra,MODIS,74,6.2,307.8,24,D,0
-14.3195,142.259,324.5,1.5,1.2,2014-10-04,0110,Terra,MODIS,43,6.2,306.2,16,D,0
-12.9704,142.2444,331.1,1.5,1.2,2014-10-04,0110,Terra,MODIS,77,6.2,307.3,21.7,D,0
-12.9635,142.2241,335,1.5,1.2,2014-10-04,0110,Terra,MODIS,79,6.2,305.9,33.1,D,0
-14.3521,133.9142,333.5,1.4,1.2,2014-10-04,0110,Terra,MODIS,66,6.2,311.7,24.6,D,0
-14.3624,133.7779,329.1,1.4,1.2,2014-10-04,0110,Terra,MODIS,63,6.2,311.2,18.2,D,0
-15.2928,143.5529,335.9,2,1.4,2014-10-04,0110,Terra,MODIS,83,6.2,310.3,54.4,D,0
-14.6762,133.3577,344.4,1.5,1.2,2014-10-04,0110,Terra,MODIS,88,6.2,313.8,59.3,D,0
-14.6895,133.3699,334.7,1.5,1.2,2014-10-04,0110,Terra,MODIS,77,6.2,311.7,31,D,0
-12.5029,135.8747,330.1,1.1,1.1,2014-10-04,0110,Terra,MODIS,57,6.2,308.4,13.1,D,0
-14.6832,133.3489,346.1,1.5,1.2,2014-10-04,0110,Terra,MODIS,90,6.2,314,64.2,D,0
-12.7016,136.2815,336.1,1.1,1,2014-10-04,0110,Terra,MODIS,78,6.2,310.2,23.1,D,0
-14.6871,133.3559,368,1.5,1.2,2014-10-04,0110,Terra,MODIS,100,6.2,318,168.1,D,0
-14.6847,133.3419,345.8,1.5,1.2,2014-10-04,0110,Terra,MODIS,90,6.2,312.7,65.4,D,0
-14.3416,133.916,344,1.4,1.2,2014-10-04,0110,Terra,MODIS,88,6.2,312.9,51.3,D,0
-14.7003,133.3681,327.5,1.5,1.2,2014-10-04,0110,Terra,MODIS,50,6.2,310.2,15.7,D,0
-12.7087,135.4831,348.1,1.2,1.1,2014-10-04,0110,Terra,MODIS,92,6.2,314.7,48.2,D,0
-12.5152,135.8661,328,1.1,1.1,2014-10-04,0110,Terra,MODIS,65,6.2,304.3,12.3,D,0
-13.5548,130.3488,331.6,2.7,1.6,2014-10-04,0110,Terra,MODIS,57,6.2,307.7,63,D,0
-13.5687,130.3462,328.5,2.7,1.6,2014-10-04,0110,Terra,MODIS,39,6.2,305.5,41.8,D,0
-12.3205,136.6755,332,1.1,1,2014-10-04,0110,Terra,MODIS,64,6.2,309,18.2,D,0
-15.029,135.0628,347,1.2,1.1,2014-10-04,0110,Terra,MODIS,91,6.2,310.1,46.8,D,0
-12.4057,136.5058,326.3,1.1,1,2014-10-04,0110,Terra,MODIS,68,6.2,307.9,11.1,D,0
-12.9254,135.8185,334.8,1.1,1.1,2014-10-04,0110,Terra,MODIS,78,6.2,310,22.6,D,0
-12.8461,135.0519,330.8,1.3,1.1,2014-10-04,0110,Terra,MODIS,67,6.2,310.5,16.5,D,0
-13.3992,142.0212,323.7,1.4,1.2,2014-10-04,0110,Terra,MODIS,27,6.2,305.5,13.4,D,0
-13.3935,142.0152,326.6,1.4,1.2,2014-10-04,0110,Terra,MODIS,54,6.2,305.3,19.2,D,0
-13.3869,142.0096,325.1,1.4,1.2,2014-10-04,0110,Terra,MODIS,35,6.2,305.1,16.7,D,0
-12.6612,136.6172,325.4,1.1,1,2014-10-04,0110,Terra,MODIS,42,6.2,307.9,9.5,D,0
-13.4073,134.2737,330.1,1.4,1.2,2014-10-04,0110,Terra,MODIS,63,6.2,311.9,14.9,D,0
-12.7171,135.5375,336.6,1.2,1.1,2014-10-04,0110,Terra,MODIS,71,6.2,309.4,22.5,D,0
-13.6198,142.0601,333.3,1.4,1.2,2014-10-04,0110,Terra,MODIS,82,6.2,306.9,34.4,D,0
-14.5194,144.3686,323.4,2.2,1.4,2014-10-04,0110,Terra,MODIS,50,6.2,301,29.1,D,0
-12.8869,135.7602,335.9,1.2,1.1,2014-10-04,0110,Terra,MODIS,74,6.2,310.5,22.2,D,0
-15.9961,144.2161,319.4,2.3,1.5,2014-10-04,0110,Terra,MODIS,43,6.2,304,19.6,D,0
-15.9985,144.2365,333.4,2.3,1.5,2014-10-04,0110,Terra,MODIS,82,6.2,306.1,72,D,0
-14.4952,144.3772,323.3,2.2,1.4,2014-10-04,0110,Terra,MODIS,38,6.2,301.6,32.1,D,0
-12.7184,135.4815,353.6,1.2,1.1,2014-10-04,0110,Terra,MODIS,96,6.2,308.7,65.4,D,0
-12.4042,136.4959,341.5,1.1,1,2014-10-04,0110,Terra,MODIS,88,6.2,308.1,35.9,D,0
-13.6216,142.0734,322.2,1.5,1.2,2014-10-04,0110,Terra,MODIS,47,6.2,305.4,12.5,D,0
-12.7215,135.4861,327.7,1.2,1.1,2014-10-04,0110,Terra,MODIS,65,6.2,307.9,11,D,0
-12.8511,136.3432,343,1.1,1,2014-10-04,0110,Terra,MODIS,88,6.2,307.7,36.3,D,0
-12.8526,136.3531,329.3,1.1,1,2014-10-04,0110,Terra,MODIS,62,6.2,308.7,12.1,D,0
-13.5628,142.074,323.9,1.4,1.2,2014-10-04,0110,Terra,MODIS,43,6.2,305.2,15.7,D,0
-15.0273,135.0519,341,1.2,1.1,2014-10-04,0110,Terra,MODIS,85,6.2,312,32.1,D,0
-13.5323,141.7164,328.3,1.4,1.2,2014-10-04,0110,Terra,MODIS,51,6.2,306.1,17.4,D,0
-12.3692,135.5903,332.7,1.2,1.1,2014-10-04,0110,Terra,MODIS,75,6.2,306,23.5,D,0
-12.366,135.5856,335.8,1.2,1.1,2014-10-04,0110,Terra,MODIS,82,6.2,305.4,28.9,D,0
-12.8479,135.0633,327.6,1.3,1.1,2014-10-04,0110,Terra,MODIS,48,6.2,309.3,10.7,D,0
-15.0011,144.9201,322.3,2.5,1.5,2014-10-04,0110,Terra,MODIS,65,6.2,295.7,51.3,D,0
-13.5401,135.6222,331,1.1,1.1,2014-10-04,0110,Terra,MODIS,33,6.2,306.1,17.6,D,0
-12.319,136.6658,367.2,1.1,1,2014-10-04,0110,Terra,MODIS,100,6.2,312.8,101.4,D,0
-14.2303,143.4661,319.7,1.9,1.3,2014-10-04,0110,Terra,MODIS,44,6.2,299,20.2,D,0
-12.756,141.8386,328.6,1.4,1.2,2014-10-04,0110,Terra,MODIS,64,6.2,303.8,21.2,D,0
-13.5504,130.3245,329.7,2.7,1.6,2014-10-04,0110,Terra,MODIS,55,6.2,309.6,50.4,D,0
-16.095,127.9202,322.5,3.6,1.8,2014-10-04,0111,Terra,MODIS,34,6.2,305.7,43,D,0
-16.9281,127.091,344.9,4,1.9,2014-10-04,0111,Terra,MODIS,90,6.2,307.9,277,D,0
-17.3538,127.005,325.9,3.9,1.8,2014-10-04,0111,Terra,MODIS,41,6.2,308.8,61.6,D,0
-16.966,127.1967,322.5,3.9,1.8,2014-10-04,0111,Terra,MODIS,20,6.2,306.7,50.9,D,0
-18.0914,130.7608,328.5,2,1.4,2014-10-04,0111,Terra,MODIS,46,6.2,314.2,25,D,0
-16.9117,127.0948,328.7,4,1.9,2014-10-04,0111,Terra,MODIS,62,6.2,307,100.5,D,0
-17.2533,126.8763,327.8,4.1,1.9,2014-10-04,0111,Terra,MODIS,69,6.2,307.9,77.8,D,0
-16.9731,127.2331,324.2,3.9,1.8,2014-10-04,0111,Terra,MODIS,43,6.2,306.3,64.3,D,0
-17.3657,127.034,326.2,3.9,1.8,2014-10-04,0111,Terra,MODIS,51,6.2,306.5,68.8,D,0
-16.952,127.125,335.1,3.9,1.8,2014-10-04,0111,Terra,MODIS,81,6.2,306.6,157.3,D,0
-16.9569,127.1183,325.6,3.9,1.8,2014-10-04,0111,Terra,MODIS,36,6.2,306.4,66.7,D,0
-16.9355,127.1287,360.6,3.9,1.8,2014-10-04,0111,Terra,MODIS,100,6.2,308.5,540.1,D,0
-17.9704,130.6724,328,2.1,1.4,2014-10-04,0111,Terra,MODIS,66,6.2,313.2,26.4,D,0
-16.6547,130.6076,336.8,2.2,1.4,2014-10-04,0111,Terra,MODIS,82,6.2,313.5,63.9,D,0
-16.664,130.5851,343.2,2.2,1.4,2014-10-04,0111,Terra,MODIS,88,6.2,312.2,103.6,D,0
-17.2573,126.8698,325.7,4.1,1.9,2014-10-04,0111,Terra,MODIS,57,6.2,307.7,62.2,D,0
-16.6676,130.6053,340.1,2.2,1.4,2014-10-04,0111,Terra,MODIS,85,6.2,311.8,84.2,D,0
-18.4055,130.8082,335.1,2,1.4,2014-10-04,0111,Terra,MODIS,78,6.2,309.8,52.2,D,0
-17.5962,130.5698,326.7,2.1,1.4,2014-10-04,0111,Terra,MODIS,48,6.2,313.5,22.5,D,0
-17.4926,130.4311,356.8,2.2,1.4,2014-10-04,0111,Terra,MODIS,98,6.2,315,191.9,D,0
-16.9163,127.0877,334.6,4,1.9,2014-10-04,0111,Terra,MODIS,68,6.2,308,144.3,D,0
-16.924,127.1254,328.9,3.9,1.8,2014-10-04,0111,Terra,MODIS,24,6.2,307.3,91.2,D,0
-17.4963,130.4515,345.9,2.2,1.4,2014-10-04,0111,Terra,MODIS,90,6.2,314.6,115.3,D,0
-17.5055,130.4286,333.6,2.2,1.4,2014-10-04,0111,Terra,MODIS,77,6.2,311.7,54.3,D,0
-17.5091,130.449,328.7,2.2,1.4,2014-10-04,0111,Terra,MODIS,68,6.2,312.6,32.2,D,0
-16.9787,127.2261,328.3,3.9,1.8,2014-10-04,0111,Terra,MODIS,70,6.2,306.7,98.4,D,0
-18.2652,130.7721,331.2,2,1.4,2014-10-04,0111,Terra,MODIS,59,6.2,315.4,28.4,D,0
-17.6229,130.4969,330.5,2.1,1.4,2014-10-04,0111,Terra,MODIS,65,6.2,312.8,35.6,D,0
-16.9404,127.1218,364.8,3.9,1.8,2014-10-04,0111,Terra,MODIS,100,6.2,308.3,619.8,D,0
-18.4029,130.8147,334.6,2,1.4,2014-10-04,0111,Terra,MODIS,79,6.2,310.5,49,D,0
-17.4906,130.4244,335,2.2,1.4,2014-10-04,0111,Terra,MODIS,79,6.2,313.4,60.7,D,0
-17.3614,127.0428,330.1,3.9,1.8,2014-10-04,0111,Terra,MODIS,73,6.2,306.4,105.3,D,0
-17.4944,130.4449,351.3,2.2,1.4,2014-10-04,0111,Terra,MODIS,94,6.2,315.3,151.7,D,0
-17.5034,130.422,333,2.2,1.4,2014-10-04,0111,Terra,MODIS,76,6.2,312.1,52.8,D,0
-17.5072,130.4424,341.6,2.2,1.4,2014-10-04,0111,Terra,MODIS,86,6.2,312.5,92.5,D,0
-16.9662,128.1687,335,3.3,1.7,2014-10-04,0111,Terra,MODIS,80,6.2,310.1,119.9,D,0
-16.9706,128.1734,332.6,3.3,1.7,2014-10-04,0111,Terra,MODIS,77,6.2,309.5,99.4,D,0
-16.9648,128.1432,324.2,3.3,1.7,2014-10-04,0111,Terra,MODIS,53,6.2,309.7,45,D,0
-18.3906,130.8171,327.9,2,1.4,2014-10-04,0111,Terra,MODIS,37,6.2,311.6,23,D,0
-16.651,130.5872,340.2,2.2,1.4,2014-10-04,0111,Terra,MODIS,85,6.2,314.9,83,D,0
-18.4131,130.9445,402.5,1.9,1.4,2014-10-04,0111,Terra,MODIS,100,6.2,314.1,664.4,D,0
-17.841,131.3298,362.7,1.8,1.3,2014-10-04,0111,Terra,MODIS,100,6.2,313.9,185.2,D,0
-17.8441,131.347,340.1,1.8,1.3,2014-10-04,0111,Terra,MODIS,85,6.2,314.4,62,D,0
-17.8547,131.9816,338.3,1.7,1.3,2014-10-04,0111,Terra,MODIS,69,6.2,318.6,38.1,D,0
-17.8661,131.9795,360.9,1.7,1.3,2014-10-04,0111,Terra,MODIS,100,6.2,318.3,135,D,0
-18.2378,131.7317,408.9,1.7,1.3,2014-10-04,0111,Terra,MODIS,100,6.2,318.2,649.1,D,0
-18.235,131.7158,388.5,1.7,1.3,2014-10-04,0111,Terra,MODIS,100,6.2,313.1,394.5,D,0
-18.2263,131.7339,355.3,1.7,1.3,2014-10-04,0111,Terra,MODIS,97,6.2,310.3,131.2,D,0
-18.2235,131.7179,335.9,1.7,1.3,2014-10-04,0111,Terra,MODIS,77,6.2,309.5,53.2,D,0
-18.3105,131.0268,333.7,1.9,1.3,2014-10-04,0111,Terra,MODIS,69,6.2,312.2,41.5,D,0
-18.2149,131.7361,367.6,1.7,1.3,2014-10-04,0111,Terra,MODIS,100,6.2,310.8,201.6,D,0
-18.212,131.7201,339.2,1.7,1.3,2014-10-04,0111,Terra,MODIS,74,6.2,309.3,61.1,D,0
-18.2062,131.7542,327.8,1.7,1.3,2014-10-04,0111,Terra,MODIS,42,6.2,307.8,20.8,D,0
-18.2034,131.7383,382.3,1.7,1.3,2014-10-04,0111,Terra,MODIS,100,6.2,311.6,321.4,D,0
-18.1948,131.7563,369.7,1.7,1.3,2014-10-04,0111,Terra,MODIS,100,6.2,311.2,211,D,0
-18.192,131.7404,404,1.7,1.3,2014-10-04,0111,Terra,MODIS,100,6.2,317.5,567.8,D,0
-18.1833,131.7585,350.8,1.7,1.3,2014-10-04,0111,Terra,MODIS,94,6.2,310.1,97.8,D,0
-18.1805,131.7426,364.3,1.7,1.3,2014-10-04,0111,Terra,MODIS,100,6.2,312.5,173.6,D,0
-18.1951,131.7457,408.4,1.7,1.3,2014-10-04,0111,Terra,MODIS,100,6.2,316.4,627.3,D,0
-18.1924,131.7297,354.4,1.7,1.3,2014-10-04,0111,Terra,MODIS,96,6.2,310.6,119.3,D,0
-18.1837,131.7479,400.5,1.7,1.3,2014-10-04,0111,Terra,MODIS,100,6.2,315.8,517.4,D,0
-18.1722,131.7501,401.7,1.7,1.3,2014-10-04,0111,Terra,MODIS,100,6.2,317.4,530.3,D,0
-18.1608,131.7522,355.1,1.7,1.3,2014-10-04,0111,Terra,MODIS,97,6.2,312.1,116.3,D,0
-18.1493,131.7544,338.8,1.7,1.3,2014-10-04,0111,Terra,MODIS,79,6.2,310.2,46.1,D,0
-18.1264,131.7588,353.2,1.7,1.3,2014-10-04,0111,Terra,MODIS,95,6.2,312.8,106.5,D,0
-17.5298,132.7046,328.9,1.5,1.2,2014-10-04,0111,Terra,MODIS,28,6.2,313.3,19.2,D,0
-17.9982,131.6905,349.6,1.7,1.3,2014-10-04,0111,Terra,MODIS,93,6.2,315.8,90.2,D,0
-17.9954,131.6743,336.1,1.7,1.3,2014-10-04,0111,Terra,MODIS,75,6.2,312.9,38.6,D,0
-17.9925,131.7249,339.2,1.7,1.3,2014-10-04,0111,Terra,MODIS,83,6.2,315.5,43.6,D,0
-18.0021,131.6956,357.9,1.7,1.3,2014-10-04,0111,Terra,MODIS,98,6.2,316.3,131.5,D,0
-17.9994,131.6794,344,1.7,1.3,2014-10-04,0111,Terra,MODIS,88,6.2,313.9,67.6,D,0
-17.9961,131.73,335.3,1.7,1.3,2014-10-04,0111,Terra,MODIS,78,6.2,315.2,31.5,D,0
-17.9934,131.7139,336.6,1.7,1.3,2014-10-04,0111,Terra,MODIS,80,6.2,315.5,35.8,D,0
-18.2945,131.2826,359.1,1.8,1.3,2014-10-04,0111,Terra,MODIS,99,6.2,309.9,159.5,D,0
-18.2914,131.2654,371.2,1.8,1.3,2014-10-04,0111,Terra,MODIS,100,6.2,308.2,248,D,0
-18.2796,131.2677,403.5,1.8,1.3,2014-10-04,0111,Terra,MODIS,100,6.2,317.8,621.8,D,0
-18.2978,131.2702,379.9,1.8,1.3,2014-10-04,0111,Terra,MODIS,100,6.2,311.7,327.4,D,0
-18.286,131.2725,426.6,1.8,1.3,2014-10-04,0111,Terra,MODIS,100,6.2,316.2,1054.8,D,0
-17.7708,131.769,348.9,1.7,1.3,2014-10-04,0111,Terra,MODIS,92,6.2,316.7,83.7,D,0
-17.9016,131.8539,331.2,1.7,1.3,2014-10-04,0111,Terra,MODIS,70,6.2,315.1,26.4,D,0
-18.2741,131.2747,416.5,1.8,1.3,2014-10-04,0111,Terra,MODIS,100,6.2,320.4,846.3,D,0
-18.2623,131.277,373.2,1.8,1.3,2014-10-04,0111,Terra,MODIS,100,6.2,311.2,265.5,D,0
-18.2504,131.2792,376,1.8,1.3,2014-10-04,0111,Terra,MODIS,100,6.2,314.6,290.9,D,0
-18.2386,131.2815,358.6,1.8,1.3,2014-10-04,0111,Terra,MODIS,99,6.2,311.2,158.5,D,0
-18.2355,131.2643,334.3,1.8,1.3,2014-10-04,0111,Terra,MODIS,77,6.2,308.8,39.3,D,0
-18.2267,131.2838,340.7,1.8,1.3,2014-10-04,0111,Terra,MODIS,85,6.2,310.1,67.6,D,0
-18.2118,131.2688,325,1.8,1.3,2014-10-04,0111,Terra,MODIS,25,6.2,306.3,13.9,D,0
-18.1999,131.2711,335.4,1.8,1.3,2014-10-04,0111,Terra,MODIS,71,6.2,306.9,44.6,D,0
-18.1881,131.2734,340.1,1.8,1.3,2014-10-04,0111,Terra,MODIS,68,6.2,308.7,60.1,D,0
-18.2069,131.2767,333.2,1.8,1.3,2014-10-04,0111,Terra,MODIS,31,6.2,306.6,32.9,D,0
-18.195,131.2789,334.5,1.8,1.3,2014-10-04,0111,Terra,MODIS,25,6.2,307.8,36.7,D,0
-18.1683,131.2663,336.2,1.8,1.3,2014-10-04,0111,Terra,MODIS,78,6.2,309,49,D,0
-18.2827,131.2849,396.5,1.8,1.3,2014-10-04,0111,Terra,MODIS,100,6.2,315.8,518,D,0
-18.3008,131.2874,337.9,1.8,1.3,2014-10-04,0111,Terra,MODIS,72,6.2,309.4,54.4,D,0
-18.289,131.2897,347.3,1.8,1.3,2014-10-04,0111,Terra,MODIS,91,6.2,309.9,94.7,D,0
-18.2771,131.2919,360,1.8,1.3,2014-10-04,0111,Terra,MODIS,100,6.2,311.2,166,D,0
-18.2653,131.2941,336.3,1.8,1.3,2014-10-04,0111,Terra,MODIS,66,6.2,308.8,47.9,D,0
-18.2535,131.2964,351.6,1.8,1.3,2014-10-04,0111,Terra,MODIS,94,6.2,310.9,117.1,D,0
-18.2416,131.2986,350,1.8,1.3,2014-10-04,0111,Terra,MODIS,93,6.2,310.8,109.8,D,0
-18.2298,131.3009,342.2,1.8,1.3,2014-10-04,0111,Terra,MODIS,84,6.2,311.2,73.6,D,0
-18.218,131.3031,347.1,1.8,1.3,2014-10-04,0111,Terra,MODIS,91,6.2,312.2,96.8,D,0
-18.2149,131.286,343.7,1.8,1.3,2014-10-04,0111,Terra,MODIS,88,6.2,310.2,81.8,D,0
-18.2061,131.3054,332.1,1.8,1.3,2014-10-04,0111,Terra,MODIS,48,6.2,309.7,36.4,D,0
-18.2031,131.2883,343.2,1.8,1.3,2014-10-04,0111,Terra,MODIS,88,6.2,309.3,77.1,D,0
-18.1943,131.3076,348.1,1.8,1.3,2014-10-04,0111,Terra,MODIS,92,6.2,309.9,99.2,D,0
-18.1912,131.2906,358.2,1.8,1.3,2014-10-04,0111,Terra,MODIS,98,6.2,310.5,152.5,D,0
-18.2098,131.2939,349.8,1.8,1.3,2014-10-04,0111,Terra,MODIS,88,6.2,311.9,104.5,D,0
-18.198,131.2962,368.4,1.8,1.3,2014-10-04,0111,Terra,MODIS,100,6.2,311.1,221.5,D,0
-18.1891,131.3155,339,1.8,1.3,2014-10-04,0111,Terra,MODIS,69,6.2,309.9,56.9,D,0
-18.1861,131.2984,384.9,1.8,1.3,2014-10-04,0111,Terra,MODIS,100,6.2,313.4,376.3,D,0
-18.1773,131.3177,350.2,1.8,1.3,2014-10-04,0111,Terra,MODIS,93,6.2,311.2,108.8,D,0
-18.1743,131.3006,394.1,1.8,1.3,2014-10-04,0111,Terra,MODIS,100,6.2,317.2,489,D,0
-18.1388,131.3075,331.3,1.8,1.3,2014-10-04,0111,Terra,MODIS,73,6.2,308.3,36,D,0
-18.1269,131.3098,328.4,1.8,1.3,2014-10-04,0111,Terra,MODIS,66,6.2,307.6,26.9,D,0
-18.1182,131.3291,323.8,1.8,1.3,2014-10-04,0111,Terra,MODIS,29,6.2,309.2,15.3,D,0
-18.1151,131.3121,348.5,1.8,1.3,2014-10-04,0111,Terra,MODIS,92,6.2,307.8,106.9,D,0
-18.1063,131.3314,334,1.8,1.3,2014-10-04,0111,Terra,MODIS,77,6.2,310.3,43.6,D,0
-18.1033,131.3144,369.8,1.8,1.3,2014-10-04,0111,Terra,MODIS,100,6.2,312.1,241.4,D,0
-18.1096,131.319,372.2,1.8,1.3,2014-10-04,0111,Terra,MODIS,100,6.2,310.5,258.8,D,0
-18.1066,131.3019,339.5,1.8,1.3,2014-10-04,0111,Terra,MODIS,84,6.2,308.1,62.1,D,0
-18.0978,131.3213,377.9,1.8,1.3,2014-10-04,0111,Terra,MODIS,100,6.2,313.7,310,D,0
-18.0948,131.3042,337.5,1.8,1.3,2014-10-04,0111,Terra,MODIS,82,6.2,310.6,54,D,0
-18.0859,131.3235,358.8,1.8,1.3,2014-10-04,0111,Terra,MODIS,99,6.2,313.1,160.7,D,0
-18.0741,131.3258,356.9,1.8,1.3,2014-10-04,0111,Terra,MODIS,98,6.2,312.8,148.7,D,0
-18.071,131.3086,326,1.8,1.3,2014-10-04,0111,Terra,MODIS,53,6.2,311.6,16.2,D,0
-18.0622,131.328,361.6,1.8,1.3,2014-10-04,0111,Terra,MODIS,100,6.2,313.3,177,D,0
-18.0592,131.3109,336.5,1.8,1.3,2014-10-04,0111,Terra,MODIS,81,6.2,313.1,48.1,D,0
-18.0504,131.3303,360.9,1.8,1.3,2014-10-04,0111,Terra,MODIS,100,6.2,314.8,172.3,D,0
-18.0473,131.3132,334.6,1.8,1.3,2014-10-04,0111,Terra,MODIS,78,6.2,313.8,41.5,D,0
-18.0385,131.3326,327.5,1.8,1.3,2014-10-04,0111,Terra,MODIS,63,6.2,312.2,22.2,D,0
-18.175,131.766,362.2,1.7,1.3,2014-10-04,0111,Terra,MODIS,100,6.2,311.3,159.6,D,0
-18.1635,131.7682,350.8,1.7,1.3,2014-10-04,0111,Terra,MODIS,94,6.2,310.9,96.1,D,0
-18.1521,131.7704,339,1.7,1.3,2014-10-04,0111,Terra,MODIS,67,6.2,310.8,48.2,D,0
-18.1292,131.7747,370.6,1.7,1.3,2014-10-04,0111,Terra,MODIS,100,6.2,313.2,215,D,0
-18.1178,131.7769,360.4,1.7,1.3,2014-10-04,0111,Terra,MODIS,100,6.2,313.2,147.1,D,0
-18.115,131.761,337.2,1.7,1.3,2014-10-04,0111,Terra,MODIS,62,6.2,312.7,39.9,D,0
-18.0949,131.7812,330.8,1.7,1.3,2014-10-04,0111,Terra,MODIS,26,6.2,311,24.5,D,0
-18.1071,131.7696,333.5,1.7,1.3,2014-10-04,0111,Terra,MODIS,51,6.2,312.5,29.2,D,0
-18.3715,131.303,323.9,1.8,1.3,2014-10-04,0111,Terra,MODIS,31,6.2,310.2,16.9,D,0
-18.3655,131.269,390.1,1.8,1.3,2014-10-04,0111,Terra,MODIS,100,6.2,313,445.6,D,0
-18.3537,131.2713,397.8,1.8,1.3,2014-10-04,0111,Terra,MODIS,100,6.2,318.1,539.8,D,0
-18.3418,131.2735,339.9,1.8,1.3,2014-10-04,0111,Terra,MODIS,85,6.2,308.2,60.1,D,0
-18.33,131.2758,365.2,1.8,1.3,2014-10-04,0111,Terra,MODIS,100,6.2,309.1,201.9,D,0
-18.3182,131.2781,411.6,1.8,1.3,2014-10-04,0111,Terra,MODIS,100,6.2,315.1,754.6,D,0
-18.3064,131.2804,376.2,1.8,1.3,2014-10-04,0111,Terra,MODIS,100,6.2,312.3,291.4,D,0
-17.4666,130.7232,324.5,2.1,1.4,2014-10-04,0111,Terra,MODIS,49,6.2,312.4,17.3,D,0
-17.7906,131.147,327.7,1.9,1.3,2014-10-04,0111,Terra,MODIS,60,6.2,312.3,21.7,D,0
-17.5063,132.7156,335,1.5,1.2,2014-10-04,0111,Terra,MODIS,57,6.2,315.6,30.1,D,0
-17.5087,132.7296,338.3,1.5,1.2,2014-10-04,0111,Terra,MODIS,77,6.2,313.2,39.1,D,0
-18.4009,130.9468,376.1,1.9,1.4,2014-10-04,0111,Terra,MODIS,100,6.2,314.8,323.7,D,0
-18.4099,130.9265,374.9,1.9,1.4,2014-10-04,0111,Terra,MODIS,100,6.2,309.4,315.1,D,0
-17.8323,131.3492,337.7,1.8,1.3,2014-10-04,0111,Terra,MODIS,82,6.2,313.9,51.6,D,0
-18.4061,130.8331,327.9,2,1.4,2014-10-04,0111,Terra,MODIS,41,6.2,309.4,27,D,0
-17.7941,131.1394,329.1,1.9,1.3,2014-10-04,0111,Terra,MODIS,62,6.2,313.3,25.1,D,0
-18.4012,130.9221,328.8,1.9,1.4,2014-10-04,0111,Terra,MODIS,68,6.2,308.9,35.5,D,0
-18.4045,130.9401,398.8,1.9,1.4,2014-10-04,0111,Terra,MODIS,100,6.2,320.3,604.6,D,0
-18.4078,130.958,336.7,1.9,1.4,2014-10-04,0111,Terra,MODIS,81,6.2,309.8,62.1,D,0
-18.4166,130.9377,371.4,1.9,1.4,2014-10-04,0111,Terra,MODIS,100,6.2,308.2,280.2,D,0
-18.4089,130.8265,353.1,2,1.4,2014-10-04,0111,Terra,MODIS,95,6.2,311.2,142.2,D,0
-18.4177,130.8058,362.4,2,1.4,2014-10-04,0111,Terra,MODIS,100,6.2,311.2,209.7,D,0
-18.0098,131.6883,369.6,1.7,1.3,2014-10-04,0111,Terra,MODIS,100,6.2,317.6,209.3,D,0
-18.0127,131.7045,354.8,1.7,1.3,2014-10-04,0111,Terra,MODIS,96,6.2,315.8,111.7,D,0
-18.0213,131.6862,413.5,1.7,1.3,2014-10-04,0111,Terra,MODIS,100,6.2,325.2,720.4,D,0
-18.0242,131.7023,387.7,1.7,1.3,2014-10-04,0111,Terra,MODIS,100,6.2,320.4,367.1,D,0
-18.0329,131.684,428.1,1.7,1.3,2014-10-04,0111,Terra,MODIS,100,6.2,323.1,1000.3,D,0
-18.0357,131.7001,427.5,1.7,1.3,2014-10-04,0111,Terra,MODIS,100,6.2,328.8,979.7,D,0
-18.0385,131.7162,343.5,1.7,1.3,2014-10-04,0111,Terra,MODIS,88,6.2,313.6,60.6,D,0
-18.0472,131.6979,388.5,1.7,1.3,2014-10-04,0111,Terra,MODIS,100,6.2,314.1,381.7,D,0
-18.05,131.714,361.9,1.7,1.3,2014-10-04,0111,Terra,MODIS,100,6.2,314.9,153.3,D,0
-18.0588,131.6957,391.9,1.7,1.3,2014-10-04,0111,Terra,MODIS,100,6.2,316.1,423.1,D,0
-18.0616,131.7118,345.4,1.7,1.3,2014-10-04,0111,Terra,MODIS,90,6.2,312.8,71.2,D,0
-18.0703,131.6936,416.9,1.7,1.3,2014-10-04,0111,Terra,MODIS,100,6.2,322.3,784.2,D,0
-18.0731,131.7097,373,1.7,1.3,2014-10-04,0111,Terra,MODIS,100,6.2,316.9,237,D,0
-18.0818,131.6914,411.8,1.7,1.3,2014-10-04,0111,Terra,MODIS,100,6.2,313.6,698.8,D,0
-18.0846,131.7075,397.6,1.7,1.3,2014-10-04,0111,Terra,MODIS,100,6.2,316.6,487.4,D,0
-18.0961,131.7053,340.8,1.7,1.3,2014-10-04,0111,Terra,MODIS,55,6.2,310.3,59.2,D,0
-18.0777,131.6851,381.5,1.7,1.3,2014-10-04,0111,Terra,MODIS,100,6.2,311.4,320.6,D,0
-18.0805,131.7012,422.2,1.7,1.3,2014-10-04,0111,Terra,MODIS,100,6.2,325.1,873.8,D,0
-18.0834,131.7173,336.6,1.7,1.3,2014-10-04,0111,Terra,MODIS,63,6.2,314.1,37.8,D,0
-18.0921,131.699,348.7,1.7,1.3,2014-10-04,0111,Terra,MODIS,89,6.2,308.2,94.8,D,0
-17.8062,131.2356,333.4,1.9,1.3,2014-10-04,0111,Terra,MODIS,50,6.2,313.4,31.8,D,0
-17.8064,131.3075,363.6,1.9,1.3,2014-10-04,0111,Terra,MODIS,100,6.2,314.9,184.8,D,0
-17.8034,131.2901,340,1.9,1.3,2014-10-04,0111,Terra,MODIS,73,6.2,315.4,52.6,D,0
-17.8003,131.2728,349,1.9,1.3,2014-10-04,0111,Terra,MODIS,92,6.2,316.8,95.3,D,0
-17.7973,131.2553,358.9,1.9,1.3,2014-10-04,0111,Terra,MODIS,99,6.2,318.6,148,D,0
-17.7945,131.3097,379.6,1.9,1.3,2014-10-04,0111,Terra,MODIS,100,6.2,318.6,317.8,D,0
-17.7914,131.2924,340.3,1.9,1.3,2014-10-04,0111,Terra,MODIS,76,6.2,316,49.9,D,0
-17.7884,131.275,346.9,1.9,1.3,2014-10-04,0111,Terra,MODIS,91,6.2,316.7,79.4,D,0
-17.7853,131.2576,341.2,1.9,1.3,2014-10-04,0111,Terra,MODIS,86,6.2,316.5,55.5,D,0
-17.7826,131.312,336.4,1.9,1.3,2014-10-04,0111,Terra,MODIS,53,6.2,314.9,33.4,D,0
-17.7795,131.2947,338.7,1.9,1.3,2014-10-04,0111,Terra,MODIS,83,6.2,315.6,46.3,D,0
-17.7764,131.2773,334.1,1.9,1.3,2014-10-04,0111,Terra,MODIS,77,6.2,316,28.7,D,0
-17.8168,132.0995,334.2,1.6,1.3,2014-10-04,0111,Terra,MODIS,56,6.2,314.6,29.5,D,0
-17.9831,131.3327,328.2,1.8,1.3,2014-10-04,0111,Terra,MODIS,65,6.2,315,21.8,D,0
-17.995,131.3304,359.6,1.8,1.3,2014-10-04,0111,Terra,MODIS,99,6.2,314.8,163.3,D,0
-17.9979,131.3475,356.7,1.8,1.3,2014-10-04,0111,Terra,MODIS,98,6.2,314.5,144.9,D,0
-17.7768,131.3488,329.8,1.8,1.3,2014-10-04,0111,Terra,MODIS,43,6.2,315.3,20,D,0
-18.3225,131.0245,330.1,1.9,1.3,2014-10-04,0111,Terra,MODIS,57,6.2,311,32.7,D,0
-18.3293,131.0347,327.6,1.9,1.3,2014-10-04,0111,Terra,MODIS,48,6.2,310,27.3,D,0
-17.9038,131.9345,344.2,1.7,1.3,2014-10-04,0111,Terra,MODIS,88,6.2,318.1,63.5,D,0
-17.9065,131.9501,334.1,1.7,1.3,2014-10-04,0111,Terra,MODIS,65,6.2,313.1,29.9,D,0
-17.9152,131.9324,339.3,1.7,1.3,2014-10-04,0111,Terra,MODIS,76,6.2,315.8,45.5,D,0
-17.9266,131.9303,425.7,1.7,1.3,2014-10-04,0111,Terra,MODIS,100,6.2,330.8,901.1,D,0
-17.9292,131.9458,370.4,1.7,1.3,2014-10-04,0111,Terra,MODIS,100,6.2,315.8,206.3,D,0
-17.9379,131.9281,381.3,1.7,1.3,2014-10-04,0111,Terra,MODIS,100,6.2,316.2,298,D,0
-17.9466,131.9104,336.8,1.7,1.3,2014-10-04,0111,Terra,MODIS,53,6.2,305.3,46.7,D,0
-17.9493,131.926,338.1,1.7,1.3,2014-10-04,0111,Terra,MODIS,68,6.2,310,49,D,0
-17.9352,131.9218,377.3,1.7,1.3,2014-10-04,0111,Terra,MODIS,100,6.2,316.9,264.8,D,0
-18.3033,131.2632,375.5,1.8,1.3,2014-10-04,0111,Terra,MODIS,100,6.2,312.8,286.4,D,0
-18.3151,131.2609,416.8,1.8,1.3,2014-10-04,0111,Terra,MODIS,100,6.2,317.6,855.4,D,0
-18.327,131.2586,383.2,1.8,1.3,2014-10-04,0111,Terra,MODIS,100,6.2,310.1,365.8,D,0
-18.3357,131.2391,334.1,1.8,1.3,2014-10-04,0111,Terra,MODIS,62,6.2,304.1,52,D,0
-18.3388,131.2563,346.4,1.8,1.3,2014-10-04,0111,Terra,MODIS,91,6.2,308.4,95.7,D,0
-18.3476,131.2368,351.7,1.8,1.3,2014-10-04,0111,Terra,MODIS,94,6.2,308.1,132.4,D,0
-18.3506,131.2541,399.3,1.8,1.3,2014-10-04,0111,Terra,MODIS,100,6.2,322.6,568.9,D,0
-18.3595,131.2345,370.4,1.8,1.3,2014-10-04,0111,Terra,MODIS,100,6.2,306.9,260.4,D,0
-18.3625,131.2518,451,1.8,1.3,2014-10-04,0111,Terra,MODIS,100,6.2,326.1,1724.1,D,0
-18.3675,131.2439,339,1.8,1.3,2014-10-04,0111,Terra,MODIS,84,6.2,303.1,73.4,D,0
-18.3707,131.2612,331.6,1.8,1.3,2014-10-04,0111,Terra,MODIS,70,6.2,306.2,43.8,D,0
-17.8779,131.9873,344.4,1.7,1.3,2014-10-04,0111,Terra,MODIS,85,6.2,313.6,64.1,D,0
-17.9379,131.9373,380,1.7,1.3,2014-10-04,0111,Terra,MODIS,100,6.2,316.9,283.8,D,0
-17.9465,131.9196,348.2,1.7,1.3,2014-10-04,0111,Terra,MODIS,92,6.2,307.7,91.1,D,0
-17.9579,131.9175,356.6,1.7,1.3,2014-10-04,0111,Terra,MODIS,98,6.2,310.3,134.4,D,0
-17.9641,131.8188,364,1.7,1.3,2014-10-04,0111,Terra,MODIS,100,6.2,312.7,173.4,D,0
-17.8666,131.9894,361,1.7,1.3,2014-10-04,0111,Terra,MODIS,100,6.2,318.5,140.2,D,0
-17.8687,131.995,352.9,1.7,1.3,2014-10-04,0111,Terra,MODIS,95,6.2,316.5,95.2,D,0
-17.8317,131.2779,340.9,1.9,1.3,2014-10-04,0111,Terra,MODIS,85,6.2,312,69.1,D,0
-17.8285,131.2605,390.3,1.9,1.3,2014-10-04,0111,Terra,MODIS,100,6.2,314.6,456.4,D,0
-17.8254,131.2432,327.1,1.9,1.3,2014-10-04,0111,Terra,MODIS,52,6.2,311.8,20.8,D,0
-17.826,131.3147,351.4,1.9,1.3,2014-10-04,0111,Terra,MODIS,94,6.2,310.5,114.4,D,0
-17.8229,131.2974,336.3,1.9,1.3,2014-10-04,0111,Terra,MODIS,80,6.2,312.2,48.7,D,0
-17.8197,131.2801,357.5,1.9,1.3,2014-10-04,0111,Terra,MODIS,98,6.2,316.4,153.2,D,0
-17.8166,131.2628,418.5,1.9,1.3,2014-10-04,0111,Terra,MODIS,100,6.2,330.5,907.5,D,0
-17.8134,131.2454,358.1,1.9,1.3,2014-10-04,0111,Terra,MODIS,98,6.2,315.6,154.3,D,0
-17.8102,131.228,337.7,1.9,1.3,2014-10-04,0111,Terra,MODIS,82,6.2,313.4,50.4,D,0
-17.8273,131.2856,342.3,1.9,1.3,2014-10-04,0111,Terra,MODIS,87,6.2,313.5,76.7,D,0
-17.8242,131.2682,419.1,1.9,1.3,2014-10-04,0111,Terra,MODIS,100,6.2,322.4,921.4,D,0
-17.8212,131.2508,393.8,1.9,1.3,2014-10-04,0111,Terra,MODIS,100,6.2,317.9,499.2,D,0
-17.8182,131.2334,332.6,1.9,1.3,2014-10-04,0111,Terra,MODIS,70,6.2,313.6,33.4,D,0
-17.8183,131.3052,346.8,1.9,1.3,2014-10-04,0111,Terra,MODIS,91,6.2,312.6,89.9,D,0
-17.8153,131.2879,343.7,1.9,1.3,2014-10-04,0111,Terra,MODIS,88,6.2,315.3,74.4,D,0
-17.8123,131.2705,393.4,1.9,1.3,2014-10-04,0111,Terra,MODIS,100,6.2,322.5,487.4,D,0
-17.8092,131.2531,395.3,1.9,1.3,2014-10-04,0111,Terra,MODIS,100,6.2,322.5,513.3,D,0
-17.97,131.7848,332.8,1.7,1.3,2014-10-04,0111,Terra,MODIS,50,6.2,313.9,27.9,D,0
-17.9815,131.7825,334,1.7,1.3,2014-10-04,0111,Terra,MODIS,51,6.2,313.7,31,D,0
-18.0071,131.7941,350.2,1.7,1.3,2014-10-04,0111,Terra,MODIS,93,6.2,313,97.2,D,0
-18.0099,131.8101,358.5,1.7,1.3,2014-10-04,0111,Terra,MODIS,99,6.2,311.9,142.8,D,0
-18.0186,131.7919,347,1.7,1.3,2014-10-04,0111,Terra,MODIS,91,6.2,312.8,81.8,D,0
-18.0213,131.8079,350.9,1.7,1.3,2014-10-04,0111,Terra,MODIS,94,6.2,311.3,102.6,D,0
-18.0068,131.8048,356.6,1.7,1.3,2014-10-04,0111,Terra,MODIS,98,6.2,313.3,131.2,D,0
-18.0182,131.8026,361.5,1.7,1.3,2014-10-04,0111,Terra,MODIS,100,6.2,313,159.5,D,0
-18.0297,131.8004,346.6,1.7,1.3,2014-10-04,0111,Terra,MODIS,91,6.2,311.4,83.4,D,0
-18.0411,131.7983,349.4,1.7,1.3,2014-10-04,0111,Terra,MODIS,93,6.2,312.5,96.1,D,0
-18.0498,131.7802,340,1.7,1.3,2014-10-04,0111,Terra,MODIS,82,6.2,312.8,50.6,D,0
-18.0525,131.7961,358.3,1.7,1.3,2014-10-04,0111,Terra,MODIS,99,6.2,312.6,137.3,D,0
-18.0612,131.778,341.1,1.7,1.3,2014-10-04,0111,Terra,MODIS,84,6.2,312.2,54.1,D,0
-18.064,131.794,355.6,1.7,1.3,2014-10-04,0111,Terra,MODIS,97,6.2,312.1,122.1,D,0
-18.0754,131.7919,331,1.7,1.3,2014-10-04,0111,Terra,MODIS,49,6.2,311.1,26.5,D,0
-18.0841,131.7738,344.7,1.7,1.3,2014-10-04,0111,Terra,MODIS,89,6.2,312.7,66.5,D,0
-18.0869,131.7898,347.7,1.7,1.3,2014-10-04,0111,Terra,MODIS,91,6.2,311.3,82.9,D,0
-18.1506,131.3052,340.2,1.8,1.3,2014-10-04,0111,Terra,MODIS,85,6.2,309.7,67.7,D,0
-18.1625,131.3029,373.4,1.8,1.3,2014-10-04,0111,Terra,MODIS,100,6.2,314.1,267.8,D,0
-18.1655,131.32,337.4,1.8,1.3,2014-10-04,0111,Terra,MODIS,80,6.2,310.6,53.3,D,0
-17.7856,131.3293,351.8,1.9,1.3,2014-10-04,0111,Terra,MODIS,94,6.2,316.7,108,D,0
-17.7887,131.3465,344.7,1.8,1.3,2014-10-04,0111,Terra,MODIS,89,6.2,317.1,77.8,D,0
-17.7976,131.327,392.6,1.9,1.3,2014-10-04,0111,Terra,MODIS,100,6.2,320.8,469.6,D,0
-17.8006,131.3443,370.2,1.8,1.3,2014-10-04,0111,Terra,MODIS,100,6.2,318.9,236.2,D,0
-17.8036,131.3615,347.9,1.8,1.3,2014-10-04,0111,Terra,MODIS,92,6.2,314.5,94.3,D,0
-17.8095,131.3248,387.5,1.9,1.3,2014-10-04,0111,Terra,MODIS,100,6.2,318.4,408.3,D,0
-17.8125,131.342,370.3,1.8,1.3,2014-10-04,0111,Terra,MODIS,100,6.2,317.9,240.7,D,0
-17.8155,131.3593,339.3,1.8,1.3,2014-10-04,0111,Terra,MODIS,84,6.2,313.2,58.3,D,0
-17.8214,131.3225,359.4,1.9,1.3,2014-10-04,0111,Terra,MODIS,99,6.2,314.4,161.4,D,0
-17.8244,131.3398,344.5,1.8,1.3,2014-10-04,0111,Terra,MODIS,89,6.2,315.8,81.1,D,0
-17.8274,131.357,327.7,1.8,1.3,2014-10-04,0111,Terra,MODIS,54,6.2,312.8,18.9,D,0
-17.8333,131.3203,358.6,1.9,1.3,2014-10-04,0111,Terra,MODIS,99,6.2,311.4,158,D,0
-17.8363,131.3375,375,1.8,1.3,2014-10-04,0111,Terra,MODIS,100,6.2,316.9,282.4,D,0
-17.8393,131.3548,336.3,1.8,1.3,2014-10-04,0111,Terra,MODIS,80,6.2,313.6,45.4,D,0
-17.8291,131.332,359.1,1.8,1.3,2014-10-04,0111,Terra,MODIS,99,6.2,316.7,159.2,D,0
-17.9418,138.664,336,1.1,1,2014-10-04,0111,Terra,MODIS,78,6.2,315.2,16.6,D,0
-17.9432,138.6741,343.8,1.1,1,2014-10-04,0111,Terra,MODIS,88,6.2,316.4,30.6,D,0
-18.4211,130.8241,411.7,2,1.4,2014-10-04,0111,Terra,MODIS,100,6.2,319.1,845.3,D,0
-17.9474,138.7043,336.4,1.1,1,2014-10-04,0111,Terra,MODIS,79,6.2,317.2,15.7,D,0
-17.9488,138.7144,333,1.1,1,2014-10-04,0111,Terra,MODIS,71,6.2,316.3,10.4,D,0
-18.3844,130.8313,328.7,2,1.4,2014-10-04,0111,Terra,MODIS,50,6.2,311.2,27.3,D,0
-17.326,132.594,336,1.5,1.2,2014-10-04,0111,Terra,MODIS,76,6.2,317.9,28.6,D,0
-17.3369,132.592,339.7,1.5,1.2,2014-10-04,0111,Terra,MODIS,84,6.2,318,38.4,D,0
-17.3441,132.7146,333.5,1.5,1.2,2014-10-04,0111,Terra,MODIS,60,6.2,315.9,21.9,D,0
-17.3481,132.7215,335.3,1.5,1.2,2014-10-04,0111,Terra,MODIS,64,6.2,314.8,28.3,D,0
-16.5372,130.6848,332.6,2.2,1.4,2014-10-04,0111,Terra,MODIS,76,6.2,313.8,41,D,0
-16.5407,130.7048,326.6,2.2,1.4,2014-10-04,0111,Terra,MODIS,35,6.2,312.2,17.9,D,0
-16.5393,130.6991,330.4,2.2,1.4,2014-10-04,0111,Terra,MODIS,72,6.2,312.5,34.3,D,0
-17.4628,130.7096,327.4,2.1,1.4,2014-10-04,0111,Terra,MODIS,58,6.2,313.4,25.1,D,0
-16.4586,135.4839,331.7,1.1,1,2014-10-04,0111,Terra,MODIS,40,6.2,314.2,10.4,D,0
-16.468,135.4824,333.3,1.1,1,2014-10-04,0111,Terra,MODIS,65,6.2,314.1,12.8,D,0
-16.4929,135.4576,347.2,1.1,1,2014-10-04,0111,Terra,MODIS,91,6.2,313.5,41.3,D,0
-16.4944,135.4677,344.1,1.1,1,2014-10-04,0111,Terra,MODIS,88,6.2,312.9,34.6,D,0
-16.4992,135.4604,353.5,1.1,1,2014-10-04,0111,Terra,MODIS,96,6.2,313,59.1,D,0
-16.5008,135.4706,327.6,1.1,1,2014-10-04,0111,Terra,MODIS,60,6.2,312,9,D,0
-18.3735,130.9335,338.3,1.9,1.4,2014-10-04,0111,Terra,MODIS,83,6.2,312.6,62.8,D,0
-17.7822,130.936,326.5,2,1.4,2014-10-04,0111,Terra,MODIS,35,6.2,313.8,19.7,D,0
-18.3978,130.9288,357,1.9,1.4,2014-10-04,0111,Terra,MODIS,98,6.2,311.6,168.3,D,0
-18.3767,130.9516,339.7,1.9,1.4,2014-10-04,0111,Terra,MODIS,85,6.2,312.1,70,D,0
-17.9472,130.9667,329.2,2,1.4,2014-10-04,0111,Terra,MODIS,68,6.2,314.4,18.7,D,0
-18.3888,130.9492,363,1.9,1.4,2014-10-04,0111,Terra,MODIS,100,6.2,313.5,206.4,D,0
-18.3856,130.9312,351.8,1.9,1.4,2014-10-04,0111,Terra,MODIS,95,6.2,312.5,131.6,D,0
-18.3614,130.9359,327.4,1.9,1.4,2014-10-04,0111,Terra,MODIS,44,6.2,312.1,22.1,D,0
-18.3646,130.9539,334.4,1.9,1.4,2014-10-04,0111,Terra,MODIS,76,6.2,311.5,48.3,D,0
-17.8693,130.8363,332.3,2,1.4,2014-10-04,0111,Terra,MODIS,75,6.2,314.3,36.4,D,0
-19.5836,126.9379,330.3,3.6,1.8,2014-10-04,0112,Terra,MODIS,73,6.2,307,94.1,D,0
-19.5903,126.9717,322.4,3.6,1.8,2014-10-04,0112,Terra,MODIS,19,6.2,305.8,34.3,D,0
-19.5912,126.9288,324.4,3.6,1.8,2014-10-04,0112,Terra,MODIS,41,6.2,307.2,47.7,D,0
-19.5982,126.9625,327.1,3.6,1.8,2014-10-04,0112,Terra,MODIS,64,6.2,306.1,65.2,D,0
-19.6764,126.6504,327.4,3.7,1.8,2014-10-04,0112,Terra,MODIS,67,6.2,308.3,66,D,0
-19.8481,126.7133,326,3.7,1.8,2014-10-04,0112,Terra,MODIS,63,6.2,306.2,64.8,D,0
-19.6218,126.9643,324.9,3.6,1.8,2014-10-04,0112,Terra,MODIS,38,6.2,306.8,44.1,D,0
-19.6139,126.9588,323.8,3.6,1.8,2014-10-04,0112,Terra,MODIS,27,6.2,307.1,38.4,D,0
-19.7166,126.929,335.3,3.6,1.8,2014-10-04,0112,Terra,MODIS,80,6.2,307.2,132.4,D,0
-20.0706,133.4042,340.4,1.2,1.1,2014-10-04,0112,Terra,MODIS,83,6.2,320.1,25.6,D,0
-20.0726,133.4159,340.6,1.2,1.1,2014-10-04,0112,Terra,MODIS,78,6.2,319.1,27.2,D,0
-20.0805,133.4024,374.3,1.2,1.1,2014-10-04,0112,Terra,MODIS,100,6.2,322.7,143.9,D,0
-20.0825,133.4141,388.2,1.2,1.1,2014-10-04,0112,Terra,MODIS,100,6.2,324.9,225.5,D,0
-20.0905,133.4006,373.7,1.2,1.1,2014-10-04,0112,Terra,MODIS,100,6.2,317.5,144.6,D,0
-20.0924,133.4123,394,1.2,1.1,2014-10-04,0112,Terra,MODIS,100,6.2,321.8,268.7,D,0
-20.1023,133.4105,334.1,1.2,1.1,2014-10-04,0112,Terra,MODIS,54,6.2,314.7,19.2,D,0
-20.6034,133.4674,346.8,1.2,1.1,2014-10-04,0112,Terra,MODIS,90,6.2,318.5,43.2,D,0
-20.6036,133.4608,341.2,1.2,1.1,2014-10-04,0112,Terra,MODIS,85,6.2,319.1,30.5,D,0
-20.6056,133.4723,335.3,1.2,1.1,2014-10-04,0112,Terra,MODIS,73,6.2,316.8,18.4,D,0
-20.6115,133.4475,339.4,1.2,1.1,2014-10-04,0112,Terra,MODIS,82,6.2,317.7,26.7,D,0
-20.6134,133.459,332.5,1.2,1.1,2014-10-04,0112,Terra,MODIS,37,6.2,316.7,13.6,D,0
-20.4663,133.379,339.7,1.2,1.1,2014-10-04,0112,Terra,MODIS,83,6.2,317.4,28.9,D,0
-19.7594,126.8129,324.5,3.6,1.8,2014-10-04,0112,Terra,MODIS,37,6.2,306.6,40,D,0
-19.8322,126.717,328.8,3.7,1.8,2014-10-04,0112,Terra,MODIS,70,6.2,307,84.2,D,0
-19.8395,126.7095,329,3.7,1.8,2014-10-04,0112,Terra,MODIS,71,6.2,307,88.5,D,0
-19.8236,126.7132,322.8,3.7,1.8,2014-10-04,0112,Terra,MODIS,46,6.2,306.9,42.3,D,0
-19.7595,126.7696,328.5,3.6,1.8,2014-10-04,0112,Terra,MODIS,55,6.2,308,68,D,0
-19.7525,126.7786,340.1,3.6,1.8,2014-10-04,0112,Terra,MODIS,86,6.2,308.5,177.2,D,0
-19.7436,126.7733,327.1,3.6,1.8,2014-10-04,0112,Terra,MODIS,63,6.2,308.6,60.5,D,0
-19.7666,126.8039,327.8,3.6,1.8,2014-10-04,0112,Terra,MODIS,53,6.2,307,64.4,D,0
-18.8062,129.0393,327.4,2.6,1.6,2014-10-04,0112,Terra,MODIS,41,6.2,312.3,31.7,D,0
-19.7507,126.8075,323.2,3.6,1.8,2014-10-04,0112,Terra,MODIS,28,6.2,306.6,33.7,D,0
-20.7314,139.481,334.5,1.2,1.1,2014-10-04,0112,Terra,MODIS,67,6.2,318.7,20.1,D,2
-19.2155,133.2589,334.2,1.3,1.1,2014-10-04,0112,Terra,MODIS,58,6.2,319.2,18,D,0
-19.0748,133.1439,331.8,1.3,1.1,2014-10-04,0112,Terra,MODIS,37,6.2,318.3,15.1,D,0
-22.4518,130.2946,340.9,1.8,1.3,2014-10-04,0113,Terra,MODIS,55,6.2,305.1,72.8,D,0
-23.6605,124.9399,321.8,4,1.9,2014-10-04,0113,Terra,MODIS,58,6.2,303.7,46.7,D,0
-22.4493,130.3062,342.6,1.8,1.3,2014-10-04,0113,Terra,MODIS,74,6.2,306.1,83.9,D,0
-22.4548,130.3118,336.1,1.8,1.3,2014-10-04,0113,Terra,MODIS,61,6.2,297.6,57.6,D,0
-24.4944,126.3371,328.3,3.1,1.7,2014-10-04,0113,Terra,MODIS,72,6.2,305.8,66.2,D,0
-24.4881,126.3069,333.7,3.1,1.7,2014-10-04,0113,Terra,MODIS,80,6.2,306.6,104.3,D,0
-26.402,141.7656,339.3,2.1,1.4,2014-10-04,0113,Terra,MODIS,85,6.2,317.6,67.7,D,0
-26.3997,141.7504,345.2,2.1,1.4,2014-10-04,0113,Terra,MODIS,90,6.2,315.9,99,D,0
-26.4019,141.7712,333.1,2.1,1.4,2014-10-04,0113,Terra,MODIS,77,6.2,317.7,40.2,D,0
-26.4,141.7448,336.5,2.1,1.4,2014-10-04,0113,Terra,MODIS,82,6.2,315.5,56.6,D,0
-26.093,123.6682,339.3,4.3,1.9,2014-10-04,0114,Terra,MODIS,86,6.2,306.6,251.7,D,0
-26.0769,123.6652,320,4.3,1.9,2014-10-04,0114,Terra,MODIS,46,6.2,305.7,53,D,0
-26.0938,123.6603,339.8,4.3,1.9,2014-10-04,0114,Terra,MODIS,87,6.2,306.1,258,D,0
-37.4364,143.2544,323.4,3.5,1.8,2014-10-04,0116,Terra,MODIS,46,6.2,293.5,108.7,D,0
-36.7706,143.2344,308.7,3.4,1.7,2014-10-04,0116,Terra,MODIS,47,6.2,297.1,24.6,D,0
-36.8026,143.6817,313,3.6,1.8,2014-10-04,0116,Terra,MODIS,62,6.2,296.9,48.9,D,0
-37.444,143.2592,323.9,3.5,1.8,2014-10-04,0116,Terra,MODIS,82,6.2,292.9,120.1,D,0
-36.8048,143.7234,323.7,3.7,1.8,2014-10-04,0116,Terra,MODIS,78,6.2,296.9,114.8,D,0
-36.8114,143.7174,325.8,3.7,1.8,2014-10-04,0116,Terra,MODIS,81,6.2,297.2,131.3,D,0
-22.9284,117.9613,325.5,2.2,1.4,2014-10-04,0251,Terra,MODIS,42,6.2,309.6,27.3,D,0
-22.9263,117.941,331.1,2.2,1.4,2014-10-04,0251,Terra,MODIS,73,6.2,309.4,50.7,D,0
-21.4748,117.708,332.8,2,1.4,2014-10-04,0251,Terra,MODIS,77,6.2,309.8,44.8,D,0
-21.4769,117.7268,325.8,2,1.4,2014-10-04,0251,Terra,MODIS,44,6.2,308.2,23.2,D,0
-21.4872,117.7065,327.1,2,1.4,2014-10-04,0251,Terra,MODIS,59,6.2,310.8,25.3,D,0
-21.5264,117.6949,323.6,2,1.4,2014-10-04,0251,Terra,MODIS,38,6.2,309.1,17.5,D,0
-21.5079,117.6394,328.7,2,1.4,2014-10-04,0251,Terra,MODIS,33,6.2,310.2,30.7,D,0
-21.5223,117.6566,349,2,1.4,2014-10-04,0251,Terra,MODIS,93,6.2,310.3,119.4,D,0
-21.5244,117.676,333.3,2,1.4,2014-10-04,0251,Terra,MODIS,73,6.2,309.1,47.1,D,0
-21.595,117.4892,331.4,1.9,1.4,2014-10-04,0251,Terra,MODIS,74,6.2,311.5,38.1,D,0
-20.8611,118.3786,332.4,2.2,1.4,2014-10-04,0251,Terra,MODIS,63,6.2,311.6,33.4,D,0
-20.8588,118.3577,340.3,2.2,1.4,2014-10-04,0251,Terra,MODIS,85,6.2,313.7,70.3,D,0
-20.8726,118.3715,336.9,2.2,1.4,2014-10-04,0251,Terra,MODIS,81,6.2,312.9,54.3,D,0
-20.8597,118.373,336.6,2.2,1.4,2014-10-04,0251,Terra,MODIS,80,6.2,312.2,53.1,D,0
-20.8575,118.3521,331.4,2.2,1.4,2014-10-04,0251,Terra,MODIS,64,6.2,313.7,30.5,D,0
-20.8923,118.433,362.4,2.2,1.4,2014-10-04,0251,Terra,MODIS,100,6.2,315,235.3,D,0
-20.8946,118.4542,349.1,2.2,1.4,2014-10-04,0251,Terra,MODIS,92,6.2,311.4,134.9,D,0
-31.455,115.7119,315.6,2,1.4,2014-10-04,0253,Terra,MODIS,65,6.2,297.5,23.1,D,0
-31.4531,115.6913,323.3,1.9,1.4,2014-10-04,0253,Terra,MODIS,77,6.2,299.2,42.2,D,0
-31.463,115.6956,314.2,1.9,1.4,2014-10-04,0253,Terra,MODIS,31,6.2,296.9,17.9,D,0
-31.4506,115.6971,323.9,1.9,1.4,2014-10-04,0253,Terra,MODIS,77,6.2,300.8,43.8,D,0
-34.0761,116.7939,306.1,2.5,1.5,2014-10-04,0254,Terra,MODIS,63,6.2,290.8,23.9,D,0
-34.074,116.7672,303.5,2.5,1.5,2014-10-04,0254,Terra,MODIS,56,6.2,289.9,18,D,0
-34.0683,116.7894,309.6,2.5,1.5,2014-10-04,0254,Terra,MODIS,69,6.2,290.7,32.9,D,0
-31.9911,115.9391,311.9,2.1,1.4,2014-10-04,0254,Terra,MODIS,47,6.2,295.8,9.1,D,0
-41.6599,147.7394,325.9,1.5,1.2,2014-10-04,0351,Aqua,MODIS,54,6.2,289.4,38.9,D,0
-41.6478,147.731,315.3,1.5,1.2,2014-10-04,0351,Aqua,MODIS,49,6.2,288.3,23,D,0
-41.671,147.7411,318,1.5,1.2,2014-10-04,0351,Aqua,MODIS,59,6.2,288.6,27,D,0
-36.7171,143.2299,323,2.4,1.5,2014-10-04,0352,Aqua,MODIS,77,6.2,303,48.3,D,0
-36.7738,143.2085,333.1,2.4,1.5,2014-10-04,0352,Aqua,MODIS,86,6.2,304.3,92.9,D,0
-36.5938,143.735,341.8,2.2,1.4,2014-10-04,0352,Aqua,MODIS,91,6.2,307.5,121.6,D,0
-36.5201,143.8263,324.8,2.2,1.4,2014-10-04,0352,Aqua,MODIS,79,6.2,306.2,42.2,D,0
-36.68,143.6235,339.4,2.3,1.5,2014-10-04,0352,Aqua,MODIS,90,6.2,303.8,113.8,D,0
-36.6038,143.7431,363,2.2,1.4,2014-10-04,0352,Aqua,MODIS,100,6.2,309.7,280.1,D,0
-37.7394,143.7117,310.4,2.3,1.5,2014-10-04,0352,Aqua,MODIS,68,6.2,294,26,D,0
-37.7471,143.7171,305,2.3,1.5,2014-10-04,0352,Aqua,MODIS,20,6.2,293.7,11.9,D,0
-36.6056,143.7185,322.3,2.2,1.5,2014-10-04,0352,Aqua,MODIS,77,6.2,301.8,38.8,D,0
-36.5906,143.7415,317.6,2.2,1.4,2014-10-04,0352,Aqua,MODIS,37,6.2,304.2,22.1,D,0
-36.6883,143.6295,333.9,2.3,1.5,2014-10-04,0352,Aqua,MODIS,87,6.2,302.9,86.5,D,0
-36.7109,143.2242,325.5,2.4,1.5,2014-10-04,0352,Aqua,MODIS,80,6.2,303.2,58.4,D,0
-36.719,143.2019,314.3,2.4,1.5,2014-10-04,0352,Aqua,MODIS,65,6.2,302.8,20,D,0
-36.8023,143.6749,320.7,2.3,1.5,2014-10-04,0352,Aqua,MODIS,75,6.2,302.1,38.3,D,0
-36.8156,143.6762,349.4,2.3,1.5,2014-10-04,0352,Aqua,MODIS,95,6.2,304.4,176.9,D,0
-36.675,143.6279,319.3,2.3,1.5,2014-10-04,0352,Aqua,MODIS,73,6.2,302.1,30.3,D,0
-36.6769,143.602,315.6,2.3,1.5,2014-10-04,0352,Aqua,MODIS,67,6.2,302.2,19.3,D,0
-36.6779,143.649,318,2.3,1.5,2014-10-04,0352,Aqua,MODIS,63,6.2,302.2,24.7,D,0
-36.7718,143.2364,321.1,2.4,1.5,2014-10-04,0352,Aqua,MODIS,75,6.2,302.2,41.3,D,0
-36.7875,143.2101,328,2.4,1.5,2014-10-04,0352,Aqua,MODIS,82,6.2,302.8,69.2,D,0
-36.7854,143.2381,318.8,2.4,1.5,2014-10-04,0352,Aqua,MODIS,72,6.2,301,33.9,D,0
-36.7808,143.2164,344.3,2.4,1.5,2014-10-04,0352,Aqua,MODIS,93,6.2,304.1,156.6,D,0
-36.8137,143.702,340,2.3,1.5,2014-10-04,0352,Aqua,MODIS,90,6.2,302.6,117.5,D,0
-36.8004,143.7007,313.6,2.3,1.5,2014-10-04,0352,Aqua,MODIS,65,6.2,301.7,17,D,0
-36.288,149.4428,314.3,1.1,1,2014-10-04,0352,Aqua,MODIS,72,6.2,298.6,10.1,D,0
-35.788,150.079,311.2,1,1,2014-10-04,0352,Aqua,MODIS,66,6.2,296.7,8,D,0
-37.7204,147.4372,310.1,1.4,1.2,2014-10-04,0352,Aqua,MODIS,67,6.2,295.9,11.1,D,0
-37.7187,147.4533,310.7,1.4,1.2,2014-10-04,0352,Aqua,MODIS,68,6.2,294.7,12.2,D,0
-36.9203,146.7018,310.1,1.5,1.2,2014-10-04,0352,Aqua,MODIS,68,6.2,292.5,17,D,0
-37.5498,148.0856,318.2,1.3,1.1,2014-10-04,0352,Aqua,MODIS,78,6.2,295.9,19.3,D,0
-37.5482,148.1,310.4,1.3,1.1,2014-10-04,0352,Aqua,MODIS,69,6.2,296.4,9.9,D,0
-33.7593,150.6183,312.9,1,1,2014-10-04,0353,Aqua,MODIS,61,6.2,299.5,6.5,D,0
-35.6918,145.5688,313.7,1.7,1.3,2014-10-04,0353,Aqua,MODIS,21,6.2,302.2,13.3,D,0
-33.7106,150.5804,309.5,1,1,2014-10-04,0353,Aqua,MODIS,55,6.2,297.4,4.9,D,0
-34.0138,151.035,315.5,1,1,2014-10-04,0353,Aqua,MODIS,59,6.2,295.7,8.9,D,0
-33.6893,150.9819,323,1,1,2014-10-04,0353,Aqua,MODIS,79,6.2,299.8,14.7,D,0
-34.2039,150.5318,318.5,1,1,2014-10-04,0353,Aqua,MODIS,75,6.2,298,12.2,D,0
-33.6908,150.9711,328.3,1,1,2014-10-04,0353,Aqua,MODIS,83,6.2,300.4,20,D,0
-34.2266,150.5655,319.5,1,1,2014-10-04,0353,Aqua,MODIS,76,6.2,299.9,11.8,D,0
-35.6936,145.55,319.2,1.7,1.3,2014-10-04,0353,Aqua,MODIS,68,6.2,301.7,23.9,D,0
-34.4671,150.8797,317,1,1,2014-10-04,0353,Aqua,MODIS,69,6.2,301.9,8,D,2
-33.4847,150.8772,311.6,1,1,2014-10-04,0353,Aqua,MODIS,45,6.2,299.1,5,D,0
-33.4587,150.9936,311.4,1,1,2014-10-04,0353,Aqua,MODIS,63,6.2,299.5,5.9,D,0
-33.4937,150.879,312.6,1,1,2014-10-04,0353,Aqua,MODIS,64,6.2,297.5,5.5,D,0
-33.7181,151.2323,308.1,1,1,2014-10-04,0353,Aqua,MODIS,48,6.2,295.4,4.3,D,0
-33.7197,151.2215,309.6,1,1,2014-10-04,0353,Aqua,MODIS,57,6.2,296.3,5.4,D,0
-33.6833,151.2806,312.2,1,1,2014-10-04,0353,Aqua,MODIS,64,6.2,294.2,7,D,0
-33.6848,151.2698,312.4,1,1,2014-10-04,0353,Aqua,MODIS,64,6.2,293.7,7.5,D,0
-33.6852,151.2032,316.1,1,1,2014-10-04,0353,Aqua,MODIS,71,6.2,296.6,11.1,D,0
-33.6868,151.1924,311.1,1,1,2014-10-04,0353,Aqua,MODIS,62,6.2,295.8,7.1,D,0
-33.2634,149.2754,317.1,1.1,1,2014-10-04,0353,Aqua,MODIS,66,6.2,301.8,9.9,D,0
-33.2649,149.2641,321.9,1.1,1,2014-10-04,0353,Aqua,MODIS,74,6.2,302.3,14.9,D,0
-32.6142,151.7879,311.1,1,1,2014-10-04,0353,Aqua,MODIS,37,6.2,300.4,4.7,D,0
-32.6109,151.8096,328.2,1,1,2014-10-04,0353,Aqua,MODIS,82,6.2,299,21.9,D,0
-32.6125,151.7987,333.9,1,1,2014-10-04,0353,Aqua,MODIS,86,6.2,299.8,29.7,D,0
-31.9416,151.7785,317.9,1,1,2014-10-04,0353,Aqua,MODIS,68,6.2,300.9,10.6,D,0
-32.1685,151.9821,317.3,1,1,2014-10-04,0353,Aqua,MODIS,67,6.2,299.8,11.4,D,0
-28.6588,152.1233,319.8,1.1,1.1,2014-10-04,0354,Aqua,MODIS,73,6.2,298.9,14.1,D,0
-28.6569,152.1348,326.1,1.1,1.1,2014-10-04,0354,Aqua,MODIS,80,6.2,297.8,23,D,0
-30.0112,152.9456,314.7,1.2,1.1,2014-10-04,0354,Aqua,MODIS,69,6.2,301,8.7,D,0
-28.7599,152.2466,321.1,1.1,1.1,2014-10-04,0354,Aqua,MODIS,75,6.2,295.6,17.2,D,0
-29.8669,149.8125,363.2,1,1,2014-10-04,0354,Aqua,MODIS,94,6.2,308.4,84,D,0
-29.2639,149.4663,331.5,1,1,2014-10-04,0354,Aqua,MODIS,81,6.2,310.6,16.1,D,0
-29.2654,149.4559,334,1,1,2014-10-04,0354,Aqua,MODIS,79,6.2,311,19.4,D,0
-25.2177,149.7739,323.9,1,1,2014-10-04,0355,Aqua,MODIS,54,6.2,305.5,13,D,0
-24.5911,151.0285,316.6,1.1,1.1,2014-10-04,0355,Aqua,MODIS,26,6.2,300.1,6.7,D,0
-24.5816,151.0268,318.5,1.1,1.1,2014-10-04,0355,Aqua,MODIS,45,6.2,301.6,8.5,D,0
-26.4694,141.8284,333.5,2.3,1.5,2014-10-04,0355,Aqua,MODIS,77,6.2,314.3,42.4,D,0
-25.0816,150.8391,327.4,1.1,1,2014-10-04,0355,Aqua,MODIS,53,6.2,309.5,12.9,D,0
-27.5331,149.0957,340.1,1,1,2014-10-04,0355,Aqua,MODIS,77,6.2,302.3,34.8,D,0
-27.2602,146.6011,329.3,1.2,1.1,2014-10-04,0355,Aqua,MODIS,50,6.2,297.7,24.6,D,0
-27.2588,146.6128,323.8,1.2,1.1,2014-10-04,0355,Aqua,MODIS,32,6.2,291.7,15.7,D,0
-26.4725,141.8219,329.8,2.3,1.5,2014-10-04,0355,Aqua,MODIS,23,6.2,313.9,23.1,D,0
-26.413,141.7456,362.7,2.3,1.5,2014-10-04,0355,Aqua,MODIS,100,6.2,317.7,243.7,D,0
-26.3997,141.7441,341.2,2.3,1.5,2014-10-04,0355,Aqua,MODIS,86,6.2,317.1,81.5,D,0
-25.074,148.4901,341.3,1,1,2014-10-04,0355,Aqua,MODIS,91,6.2,300,39,D,0
-24.8132,150.9137,319.6,1.1,1.1,2014-10-04,0355,Aqua,MODIS,51,6.2,297.6,12.8,D,0
-24.8343,151.9262,315.6,1.2,1.1,2014-10-04,0355,Aqua,MODIS,31,6.2,295,8.8,D,0
-25.8432,152.8719,314.4,1.3,1.1,2014-10-04,0355,Aqua,MODIS,52,6.2,298.7,11.4,D,0
-25.8455,152.8585,312.9,1.3,1.1,2014-10-04,0355,Aqua,MODIS,32,6.2,296.2,8.9,D,0
-25.8329,152.8697,347.9,1.3,1.1,2014-10-04,0355,Aqua,MODIS,94,6.2,302.2,80.3,D,0
-25.8352,152.8563,363.8,1.3,1.1,2014-10-04,0355,Aqua,MODIS,100,6.2,293.1,139.5,D,0
-26.6698,149.6071,348.6,1,1,2014-10-04,0355,Aqua,MODIS,94,6.2,312.6,44.4,D,0
-23.0016,146.1807,354.2,1.1,1,2014-10-04,0356,Aqua,MODIS,96,6.2,304,70.3,D,0
-22.2751,149.4525,320.9,1,1,2014-10-04,0356,Aqua,MODIS,37,6.2,304.9,8.7,D,0
-23.0002,146.1915,349.7,1.1,1,2014-10-04,0356,Aqua,MODIS,94,6.2,304.6,58.3,D,0
-22.2842,149.4542,331,1,1,2014-10-04,0356,Aqua,MODIS,81,6.2,304,20.2,D,0
-24.1441,150.753,321.8,1.1,1.1,2014-10-04,0356,Aqua,MODIS,46,6.2,302.6,11.8,D,0
-22.3041,149.4474,349.5,1,1,2014-10-04,0356,Aqua,MODIS,94,6.2,304.5,53.5,D,0
-22.9625,146.1856,332.7,1.1,1,2014-10-04,0356,Aqua,MODIS,78,6.2,300.6,23.5,D,0
-22.8565,149.0105,326.7,1,1,2014-10-04,0356,Aqua,MODIS,0,6.2,294,15.6,D,0
-22.3025,149.4575,367.3,1,1,2014-10-04,0356,Aqua,MODIS,100,6.2,305.9,102.6,D,0
-24.0583,151.0849,332.1,1.1,1.1,2014-10-04,0356,Aqua,MODIS,83,6.2,302,29,D,0
-24.1792,150.715,323.6,1.1,1,2014-10-04,0356,Aqua,MODIS,73,6.2,306.2,11.8,D,0
-24.1409,150.7471,323,1.1,1.1,2014-10-04,0356,Aqua,MODIS,68,6.2,303.1,14.1,D,0
-22.8722,149.1549,324.3,1,1,2014-10-04,0356,Aqua,MODIS,47,6.2,301.3,14.9,D,0
-22.8401,149.0581,334,1,1,2014-10-04,0356,Aqua,MODIS,36,6.2,305.1,24.6,D,0
-22.8737,149.145,337.8,1,1,2014-10-04,0356,Aqua,MODIS,0,6.2,300.3,33,D,0
-22.8431,149.0384,337.3,1,1,2014-10-04,0356,Aqua,MODIS,74,6.2,303.1,28.6,D,0
-22.8445,149.0285,339.2,1,1,2014-10-04,0356,Aqua,MODIS,73,6.2,300.3,32.1,D,0
-22.8162,149.1587,326.7,1,1,2014-10-04,0356,Aqua,MODIS,26,6.2,303.7,13.1,D,0
-22.8056,149.1671,329.4,1,1,2014-10-04,0356,Aqua,MODIS,65,6.2,306.3,15.9,D,0
-22.8071,149.1572,337.6,1,1,2014-10-04,0356,Aqua,MODIS,87,6.2,308.2,29.3,D,0
-22.8085,149.1473,325.2,1,1,2014-10-04,0356,Aqua,MODIS,44,6.2,305.2,14.2,D,0
-24.1041,150.673,321.7,1.1,1,2014-10-04,0356,Aqua,MODIS,69,6.2,305.2,10.7,D,0
-23.0004,149.5278,338.3,1,1,2014-10-04,0356,Aqua,MODIS,75,6.2,305.8,32.9,D,0
-23.0095,149.5295,335.3,1,1,2014-10-04,0356,Aqua,MODIS,57,6.2,296.5,27,D,0
-23.011,149.5194,336.3,1,1,2014-10-04,0356,Aqua,MODIS,37,6.2,304.7,30.8,D,0
-24.1202,150.6318,317.3,1.1,1,2014-10-04,0356,Aqua,MODIS,44,6.2,301.7,6.8,D,0
-22.3144,149.486,321.8,1,1,2014-10-04,0356,Aqua,MODIS,63,6.2,304,8.4,D,0
-18.2807,145.9546,341.5,1,1,2014-10-04,0357,Aqua,MODIS,84,6.2,299.7,38.3,D,0
-18.2794,145.9642,369.9,1,1,2014-10-04,0357,Aqua,MODIS,100,6.2,304.6,112.9,D,0
-18.2702,145.9627,358.7,1,1,2014-10-04,0357,Aqua,MODIS,99,6.2,302.4,78.1,D,0
-18.2898,145.9564,352.3,1,1,2014-10-04,0357,Aqua,MODIS,90,6.2,298.9,62.7,D,0
-18.2689,145.9724,327.3,1,1,2014-10-04,0357,Aqua,MODIS,68,6.2,297.6,17.4,D,0
-18.2884,145.9659,346.9,1,1,2014-10-04,0357,Aqua,MODIS,93,6.2,300.5,49.9,D,0
-18.291,145.947,356.4,1,1,2014-10-04,0357,Aqua,MODIS,74,6.2,294.2,73.4,D,0
-18.2729,145.9433,316.6,1,1,2014-10-04,0357,Aqua,MODIS,21,6.2,294.4,8.2,D,0
-15.1823,145.0491,351.7,1.1,1,2014-10-04,0358,Aqua,MODIS,95,6.2,304.2,58.1,D,0
-14.3292,142.2407,327.7,1.4,1.2,2014-10-04,0358,Aqua,MODIS,42,6.2,312.3,13.8,D,0
-15.3177,143.6524,329.3,1.2,1.1,2014-10-04,0358,Aqua,MODIS,57,6.2,308.3,14.9,D,0
-15.3187,143.6591,333.6,1.2,1.1,2014-10-04,0358,Aqua,MODIS,78,6.2,308.2,24.8,D,0
-15.3883,143.5879,334,1.2,1.1,2014-10-04,0358,Aqua,MODIS,31,6.2,316.4,16.8,D,0
-14.5232,144.3559,328.6,1.1,1,2014-10-04,0358,Aqua,MODIS,67,6.2,305.7,13.4,D,0
-15.333,143.6264,333.8,1.2,1.1,2014-10-04,0358,Aqua,MODIS,65,6.2,310,23,D,0
-14.3152,142.2334,336.4,1.4,1.2,2014-10-04,0358,Aqua,MODIS,81,6.2,312.2,33.2,D,0
-15.3754,143.6092,340.2,1.2,1.1,2014-10-04,0358,Aqua,MODIS,58,6.2,313.1,33.1,D,0
-14.3078,142.2378,338,1.4,1.2,2014-10-04,0358,Aqua,MODIS,84,6.2,311,38,D,0
-15.312,145.1001,327.1,1.1,1,2014-10-04,0358,Aqua,MODIS,71,6.2,300.8,18.1,D,0
-15.2888,143.5672,343.2,1.2,1.1,2014-10-04,0358,Aqua,MODIS,86,6.2,313.5,35.8,D,0
-15.1573,145.0254,329.4,1.1,1,2014-10-04,0358,Aqua,MODIS,52,6.2,303.8,19.2,D,0
-14.5219,144.366,338.7,1.1,1,2014-10-04,0358,Aqua,MODIS,84,6.2,308.3,30,D,0
-14.3095,142.2245,334.8,1.4,1.2,2014-10-04,0358,Aqua,MODIS,79,6.2,310.5,28,D,0
-14.5201,144.5204,356.9,1.1,1,2014-10-04,0358,Aqua,MODIS,98,6.2,305,75.9,D,0
-15.3199,145.1112,336.9,1.1,1,2014-10-04,0358,Aqua,MODIS,84,6.2,302.7,31.8,D,0
-14.3134,142.2467,334.9,1.4,1.2,2014-10-04,0358,Aqua,MODIS,64,6.2,311.9,30.4,D,0
-14.5188,144.5303,361.1,1.1,1,2014-10-04,0358,Aqua,MODIS,100,6.2,307.3,86.7,D,0
-15.3173,143.6703,327.2,1.2,1.1,2014-10-04,0358,Aqua,MODIS,50,6.2,308.5,14.1,D,0
-14.3185,142.2392,328.3,1.4,1.2,2014-10-04,0358,Aqua,MODIS,40,6.2,312.2,14.8,D,0
-15.2819,143.543,344.9,1.2,1.1,2014-10-04,0358,Aqua,MODIS,90,6.2,311.4,42.5,D,0
-15.1796,145.0684,324.7,1.1,1,2014-10-04,0358,Aqua,MODIS,45,6.2,305.7,13,D,0
-15.2057,145.1514,336.3,1,1,2014-10-04,0358,Aqua,MODIS,84,6.2,298.6,32.6,D,0
-15.3982,143.5893,346.4,1.2,1.1,2014-10-04,0358,Aqua,MODIS,88,6.2,313.6,45.7,D,0
-15.3898,143.5765,333.2,1.2,1.1,2014-10-04,0358,Aqua,MODIS,65,6.2,315.3,14.9,D,0
-15.2834,143.5316,354,1.2,1.1,2014-10-04,0358,Aqua,MODIS,96,6.2,313,68.9,D,0
-14.3169,142.2525,334.7,1.4,1.2,2014-10-04,0358,Aqua,MODIS,78,6.2,311.5,30.3,D,0
-15.3162,143.6636,331.6,1.2,1.1,2014-10-04,0358,Aqua,MODIS,70,6.2,308.8,19.6,D,0
-15.412,143.0882,326.8,1.3,1.1,2014-10-04,0358,Aqua,MODIS,58,6.2,312.8,11.6,D,0
-15.2918,143.5444,344.1,1.2,1.1,2014-10-04,0358,Aqua,MODIS,87,6.2,314.1,38.5,D,0
-15.3557,143.6064,334.3,1.2,1.1,2014-10-04,0358,Aqua,MODIS,46,6.2,313.1,18.4,D,0
-15.5181,145.0727,329.5,1.1,1,2014-10-04,0358,Aqua,MODIS,68,6.2,308.7,13.8,D,0
-15.3107,145.1098,375.1,1.1,1,2014-10-04,0358,Aqua,MODIS,100,6.2,310.2,134.4,D,0
-15.3185,145.121,330.7,1.1,1,2014-10-04,0358,Aqua,MODIS,77,6.2,304.4,22,D,0
-15.3002,143.5572,333.4,1.2,1.1,2014-10-04,0358,Aqua,MODIS,55,6.2,316.7,13.5,D,0
-14.946,145.0912,335.6,1,1,2014-10-04,0358,Aqua,MODIS,83,6.2,300.4,33.1,D,0
-15.2919,145.1203,331.8,1,1,2014-10-04,0358,Aqua,MODIS,79,6.2,305,23.5,D,0
-15.255,145.1841,320.2,1,1,2014-10-04,0358,Aqua,MODIS,39,6.2,299.3,10.6,D,0
-14.5138,144.3545,333.4,1.1,1,2014-10-04,0358,Aqua,MODIS,79,6.2,305.8,21.8,D,0
-15.2987,143.5686,344.8,1.2,1.1,2014-10-04,0358,Aqua,MODIS,90,6.2,315.2,39.7,D,0
-15.3868,143.5993,343.3,1.2,1.1,2014-10-04,0358,Aqua,MODIS,71,6.2,314.8,38,D,0
-15.2903,143.5558,363.5,1.2,1.1,2014-10-04,0358,Aqua,MODIS,100,6.2,315.7,99.4,D,0
-15.657,144.5406,327.7,1.1,1,2014-10-04,0358,Aqua,MODIS,69,6.2,311.2,14.3,D,0
-14.4709,144.4144,337.6,1.1,1,2014-10-04,0358,Aqua,MODIS,84,6.2,304.7,31.7,D,0
-14.2179,143.4246,321.8,1.2,1.1,2014-10-04,0358,Aqua,MODIS,17,6.2,304.6,6.7,D,0
-14.2233,143.4596,324.2,1.2,1.1,2014-10-04,0358,Aqua,MODIS,24,6.2,305.5,11.3,D,0
-14.5261,144.2625,372.5,1.1,1.1,2014-10-04,0358,Aqua,MODIS,100,6.2,308.4,131,D,0
-14.4629,144.4028,336.2,1.1,1,2014-10-04,0358,Aqua,MODIS,83,6.2,304.3,29.4,D,0
-14.4055,144.2956,323.9,1.1,1,2014-10-04,0358,Aqua,MODIS,65,6.2,305.2,11.9,D,0
-14.4069,144.2854,326.7,1.1,1,2014-10-04,0358,Aqua,MODIS,71,6.2,304.5,15.5,D,0
-15.497,145.0898,327.1,1.1,1,2014-10-04,0358,Aqua,MODIS,48,6.2,299.6,12.2,D,0
-15.4718,145.0797,332.2,1.1,1,2014-10-04,0358,Aqua,MODIS,78,6.2,296.7,24.4,D,0
-15.4731,145.0704,346.9,1.1,1,2014-10-04,0358,Aqua,MODIS,92,6.2,303.6,51,D,0
-15.481,145.0811,332.1,1.1,1,2014-10-04,0358,Aqua,MODIS,59,6.2,304.2,21.4,D,0
-15.4744,145.0607,328.7,1.1,1,2014-10-04,0358,Aqua,MODIS,69,6.2,303.8,19.4,D,0
-14.5432,144.421,323.4,1.1,1,2014-10-04,0358,Aqua,MODIS,46,6.2,300.3,11.1,D,0
-14.5442,144.4834,330.6,1.1,1,2014-10-04,0358,Aqua,MODIS,73,6.2,303.2,20.2,D,0
-14.5446,144.4108,329.5,1.1,1,2014-10-04,0358,Aqua,MODIS,68,6.2,304,18.8,D,0
-14.5299,144.3776,356.9,1.1,1,2014-10-04,0358,Aqua,MODIS,98,6.2,307,73.1,D,0
-14.5081,144.5389,328.1,1.1,1,2014-10-04,0358,Aqua,MODIS,53,6.2,303.4,15,D,0
-15.9545,144.4826,332.1,1.1,1.1,2014-10-04,0358,Aqua,MODIS,77,6.2,305.6,22.1,D,0
-14.5174,144.5403,327.1,1.1,1,2014-10-04,0358,Aqua,MODIS,58,6.2,305.7,13.3,D,0
-14.5313,144.3674,333.1,1.1,1,2014-10-04,0358,Aqua,MODIS,70,6.2,306.5,20.3,D,0
-14.516,144.5502,322.9,1.1,1,2014-10-04,0358,Aqua,MODIS,29,6.2,305.5,7.8,D,0
-15.9531,144.4932,327.2,1.1,1.1,2014-10-04,0358,Aqua,MODIS,69,6.2,306.6,15.4,D,0
-16.0182,144.2212,338.5,1.2,1.1,2014-10-04,0358,Aqua,MODIS,84,6.2,309.5,27.6,D,0
-16.0086,144.22,367.2,1.2,1.1,2014-10-04,0358,Aqua,MODIS,100,6.2,314.9,110.5,D,0
-16.01,144.2091,404.3,1.2,1.1,2014-10-04,0358,Aqua,MODIS,100,6.2,316.1,324.5,D,0
-15.9976,144.2294,333.7,1.2,1.1,2014-10-04,0358,Aqua,MODIS,58,6.2,309.7,18.9,D,0
-15.999,144.2185,382.6,1.2,1.1,2014-10-04,0358,Aqua,MODIS,100,6.2,315.4,181.1,D,0
-16.0004,144.2077,416.9,1.2,1.1,2014-10-04,0358,Aqua,MODIS,100,6.2,316.6,437.5,D,0
-16.0018,144.1968,326.6,1.2,1.1,2014-10-04,0358,Aqua,MODIS,33,6.2,304.5,11.5,D,0
-14.4923,144.3722,325.1,1.1,1,2014-10-04,0358,Aqua,MODIS,22,6.2,303.1,11.8,D,0
-15.964,144.4841,324.6,1.1,1.1,2014-10-04,0358,Aqua,MODIS,55,6.2,307.1,12.2,D,0
-16.0385,145.2964,322.4,1,1,2014-10-04,0358,Aqua,MODIS,65,6.2,302,16.2,D,0
-14.4108,144.2915,333.3,1.1,1,2014-10-04,0358,Aqua,MODIS,79,6.2,304.3,25.4,D,0
-16.0306,145.2853,326.9,1,1,2014-10-04,0358,Aqua,MODIS,74,6.2,301.3,20.3,D,0
-14.4789,144.4258,324.5,1.1,1,2014-10-04,0358,Aqua,MODIS,51,6.2,304.5,11.9,D,0
-14.2441,143.4691,324.5,1.2,1.1,2014-10-04,0358,Aqua,MODIS,32,6.2,305.6,10.8,D,0
-14.4775,144.4358,331.2,1.1,1,2014-10-04,0358,Aqua,MODIS,77,6.2,306.2,22,D,0
-14.2414,143.4735,327.1,1.2,1.1,2014-10-04,0358,Aqua,MODIS,14,6.2,304.7,15.3,D,0
-14.9738,144.8864,337,1.1,1,2014-10-04,0358,Aqua,MODIS,84,6.2,301.1,31.4,D,0
-14.1473,143.5052,330.3,1.2,1.1,2014-10-04,0358,Aqua,MODIS,48,6.2,306.2,17.6,D,0
-15.4797,145.0907,341.6,1.1,1,2014-10-04,0358,Aqua,MODIS,86,6.2,305.5,37.1,D,0
-15.4889,145.0922,340.5,1.1,1,2014-10-04,0358,Aqua,MODIS,87,6.2,306.4,34,D,0
-14.5248,144.2727,358.2,1.1,1.1,2014-10-04,0358,Aqua,MODIS,99,6.2,310.3,79,D,0
-14.4615,144.413,328.5,1.1,1,2014-10-04,0358,Aqua,MODIS,66,6.2,303.3,17.2,D,0
-15.6715,144.5381,333.4,1.1,1.1,2014-10-04,0358,Aqua,MODIS,22,6.2,310.9,17.9,D,0
-15.6621,144.5366,341.4,1.1,1.1,2014-10-04,0358,Aqua,MODIS,86,6.2,311,33.1,D,0
-14.1571,143.5066,330.8,1.2,1.1,2014-10-04,0358,Aqua,MODIS,68,6.2,306.1,19.1,D,0
-14.2316,143.4721,327.8,1.2,1.1,2014-10-04,0358,Aqua,MODIS,44,6.2,304,16.9,D,0
-14.5153,144.2713,328.5,1.1,1.1,2014-10-04,0358,Aqua,MODIS,58,6.2,306.7,16.3,D,0
-14.9725,144.8963,331,1.1,1,2014-10-04,0358,Aqua,MODIS,64,6.2,304.1,22.1,D,0
-14.9975,144.92,343.6,1.1,1,2014-10-04,0358,Aqua,MODIS,89,6.2,308.5,42.1,D,0
-14.9989,144.9101,359.8,1.1,1,2014-10-04,0358,Aqua,MODIS,99,6.2,308.4,81.7,D,0
-15.0068,144.9213,342.8,1.1,1,2014-10-04,0358,Aqua,MODIS,89,6.2,307.3,41,D,0
-15.0081,144.9115,350.2,1.1,1,2014-10-04,0358,Aqua,MODIS,94,6.2,302.8,57.3,D,0
-14.1683,143.4969,324.8,1.2,1.1,2014-10-04,0358,Aqua,MODIS,58,6.2,306,11.9,D,0
-14.2525,143.4815,328.5,1.2,1.1,2014-10-04,0358,Aqua,MODIS,61,6.2,304.4,17.5,D,0
-15.04,145.14,333.3,1,1,2014-10-04,0358,Aqua,MODIS,75,6.2,300.4,24.5,D,0
-14.4761,144.4458,327.8,1.1,1,2014-10-04,0358,Aqua,MODIS,71,6.2,305.8,16.8,D,0
-15.0234,145.1417,328.3,1,1,2014-10-04,0358,Aqua,MODIS,73,6.2,298.5,19.8,D,0
-15.0308,145.1386,334.5,1,1,2014-10-04,0358,Aqua,MODIS,82,6.2,299.3,27.2,D,0
-15.0247,145.1321,323.9,1,1,2014-10-04,0358,Aqua,MODIS,64,6.2,299.4,14.8,D,0
-12.3693,135.5834,319.7,4.3,1.9,2014-10-04,0359,Aqua,MODIS,53,6.2,293,74.3,D,0
-12.352,135.5815,326.4,4.3,1.9,2014-10-04,0359,Aqua,MODIS,80,6.2,295.8,129.4,D,0
-12.3565,135.5416,322.8,4.3,1.9,2014-10-04,0359,Aqua,MODIS,64,6.2,293.9,104.2,D,0
-12.5882,142.8175,332.4,1.3,1.1,2014-10-04,0359,Aqua,MODIS,40,6.2,294.8,30.7,D,0
-12.462,142.3157,327.6,1.3,1.1,2014-10-04,0359,Aqua,MODIS,47,6.2,303.8,16.9,D,0
-13.8676,136.8464,317,3.6,1.8,2014-10-04,0359,Aqua,MODIS,0,6.2,300,49.6,D,0
-11.8575,142.6443,321.5,1.3,1.1,2014-10-04,0359,Aqua,MODIS,40,6.2,300.1,13.2,D,0
-12.9697,142.2308,331.8,1.4,1.2,2014-10-04,0359,Aqua,MODIS,75,6.2,307.6,16.4,D,0
-12.4403,142.3997,329.1,1.3,1.1,2014-10-04,0359,Aqua,MODIS,69,6.2,305.4,17.5,D,0
-13.8893,135.691,321.4,4.4,1.9,2014-10-04,0359,Aqua,MODIS,74,6.2,299,91,D,0
-12.4505,142.4011,323.8,1.3,1.1,2014-10-04,0359,Aqua,MODIS,45,6.2,303,9.5,D,0
-12.3537,135.5848,326.1,4.3,1.9,2014-10-04,0359,Aqua,MODIS,79,6.2,295.5,128.6,D,0
-12.3579,135.5448,327.1,4.3,1.9,2014-10-04,0359,Aqua,MODIS,80,6.2,293.5,145.4,D,0
-12.7253,141.821,328.5,1.5,1.2,2014-10-04,0359,Aqua,MODIS,61,6.2,300.4,23.1,D,0
-12.7146,141.8196,335.1,1.5,1.2,2014-10-04,0359,Aqua,MODIS,74,6.2,298.8,40.8,D,0
-12.7208,141.8284,327.8,1.5,1.2,2014-10-04,0359,Aqua,MODIS,67,6.2,299.1,23.5,D,0
-12.7226,141.8151,325.9,1.5,1.2,2014-10-04,0359,Aqua,MODIS,41,6.2,300.4,19.8,D,0
-12.7101,141.827,317.2,1.5,1.2,2014-10-04,0359,Aqua,MODIS,22,6.2,299.2,7.3,D,0
-12.7118,141.8136,322.1,1.5,1.2,2014-10-04,0359,Aqua,MODIS,51,6.2,298,15.7,D,0
-12.8754,135.7574,327.4,4.3,1.9,2014-10-04,0359,Aqua,MODIS,80,6.2,304.4,101.1,D,0
-13.5609,142.0703,327.7,1.4,1.2,2014-10-04,0359,Aqua,MODIS,54,6.2,307,18.4,D,0
-12.2532,141.8156,320.1,1.4,1.2,2014-10-04,0359,Aqua,MODIS,43,6.2,300.8,11.9,D,0
-13.6209,142.0564,353,1.4,1.2,2014-10-04,0359,Aqua,MODIS,96,6.2,309.4,91.3,D,0
-13.6423,142.0593,329.8,1.4,1.2,2014-10-04,0359,Aqua,MODIS,68,6.2,308.1,19.9,D,0
-12.94,135.8036,330.9,4.2,1.9,2014-10-04,0359,Aqua,MODIS,80,6.2,303.6,136.4,D,0
-12.8795,135.7181,358,4.3,1.9,2014-10-04,0359,Aqua,MODIS,99,6.2,307.3,554.5,D,0
-12.9896,135.6982,328.9,4.3,1.9,2014-10-04,0359,Aqua,MODIS,82,6.2,302,129.3,D,0
-12.8906,135.7551,323.1,4.3,1.9,2014-10-04,0359,Aqua,MODIS,53,6.2,305.4,63.2,D,0
-12.8777,135.714,353.8,4.3,1.9,2014-10-04,0359,Aqua,MODIS,97,6.2,307.3,465.7,D,0
-12.8734,135.7533,333.2,4.3,1.9,2014-10-04,0359,Aqua,MODIS,85,6.2,304.5,159.1,D,0
-12.947,135.7733,326.8,4.3,1.9,2014-10-04,0359,Aqua,MODIS,74,6.2,303.1,94.8,D,0
-12.8611,136.315,325.4,3.8,1.8,2014-10-04,0359,Aqua,MODIS,79,6.2,301.8,86,D,0
-12.857,136.3502,318.7,3.8,1.8,2014-10-04,0359,Aqua,MODIS,45,6.2,302.1,42,D,0
-12.761,141.7985,335,1.5,1.2,2014-10-04,0359,Aqua,MODIS,0,6.2,300.8,40.2,D,0
-12.8502,136.318,325.8,3.8,1.8,2014-10-04,0359,Aqua,MODIS,79,6.2,301.9,90.7,D,0
-11.0464,142.3826,335.9,1.3,1.1,2014-10-04,0359,Aqua,MODIS,87,6.2,298.7,38.4,D,0
-12.943,135.8122,331.4,4.2,1.9,2014-10-04,0359,Aqua,MODIS,84,6.2,304,144.8,D,0
-13.5369,141.7131,325.3,1.5,1.2,2014-10-04,0359,Aqua,MODIS,54,6.2,302.8,17.9,D,0
-12.5954,142.836,343.8,1.3,1.1,2014-10-04,0359,Aqua,MODIS,85,6.2,299.4,54.9,D,0
-12.5969,142.8244,365.9,1.3,1.1,2014-10-04,0359,Aqua,MODIS,100,6.2,300.1,128.4,D,0
-12.371,135.5867,315,4.3,1.9,2014-10-04,0359,Aqua,MODIS,34,6.2,292.3,44.9,D,0
-11.048,142.371,327.7,1.3,1.1,2014-10-04,0359,Aqua,MODIS,81,6.2,296.5,22.6,D,0
-13.6226,142.0431,332.8,1.5,1.2,2014-10-04,0359,Aqua,MODIS,82,6.2,308.3,26.8,D,0
-12.4156,141.8901,333.3,1.4,1.2,2014-10-04,0359,Aqua,MODIS,81,6.2,306.8,32.6,D,0
-12.7576,141.8254,326.5,1.5,1.2,2014-10-04,0359,Aqua,MODIS,58,6.2,301,18.6,D,0
-12.3167,142.0734,378,1.4,1.2,2014-10-04,0359,Aqua,MODIS,100,6.2,303.2,213.6,D,0
-12.4255,142.273,335.8,1.4,1.2,2014-10-04,0359,Aqua,MODIS,83,6.2,305.7,36,D,0
-12.43,142.3983,324.5,1.3,1.1,2014-10-04,0359,Aqua,MODIS,27,6.2,304.9,8.9,D,0
-12.9446,142.2077,330.6,1.4,1.2,2014-10-04,0359,Aqua,MODIS,43,6.2,308.8,18.4,D,0
-12.3151,142.086,386.9,1.4,1.2,2014-10-04,0359,Aqua,MODIS,100,6.2,305.3,275.7,D,0
-12.4864,142.424,325.9,1.3,1.1,2014-10-04,0359,Aqua,MODIS,67,6.2,304.2,16.9,D,0
-12.2997,142.0784,336.3,1.4,1.2,2014-10-04,0359,Aqua,MODIS,84,6.2,303,38.3,D,0
-12.4239,142.2854,324.6,1.3,1.2,2014-10-04,0359,Aqua,MODIS,49,6.2,303.6,13.8,D,0
-12.3272,142.0749,331.8,1.4,1.2,2014-10-04,0359,Aqua,MODIS,80,6.2,303.3,29.6,D,0
-12.3102,142.0798,379.6,1.4,1.2,2014-10-04,0359,Aqua,MODIS,100,6.2,305.1,223.3,D,0
-12.4271,142.2607,339.6,1.4,1.2,2014-10-04,0359,Aqua,MODIS,87,6.2,305.4,44.8,D,0
-12.9681,142.2435,331.1,1.4,1.2,2014-10-04,0359,Aqua,MODIS,76,6.2,308.3,15.9,D,0
-12.5174,142.2661,352.8,1.4,1.2,2014-10-04,0359,Aqua,MODIS,96,6.2,306.7,84.3,D,0
-12.4111,142.3834,332.7,1.3,1.1,2014-10-04,0359,Aqua,MODIS,81,6.2,306.2,23.2,D,0
-12.3256,142.0875,351.6,1.4,1.2,2014-10-04,0359,Aqua,MODIS,95,6.2,303.9,86.4,D,0
-12.3014,142.0657,331.7,1.4,1.2,2014-10-04,0359,Aqua,MODIS,71,6.2,301.2,27.4,D,0
-12.4358,142.2745,325.8,1.4,1.2,2014-10-04,0359,Aqua,MODIS,23,6.2,305.5,14.7,D,0
-12.523,135.8506,321.4,4.1,1.9,2014-10-04,0359,Aqua,MODIS,65,6.2,301.1,60.4,D,0
-12.319,142.0938,332.7,1.4,1.2,2014-10-04,0359,Aqua,MODIS,81,6.2,300.8,30.8,D,0
-12.3119,142.0671,327.5,1.4,1.2,2014-10-04,0359,Aqua,MODIS,55,6.2,299.2,18.8,D,0
-12.5199,135.8463,321.9,4.1,1.9,2014-10-04,0359,Aqua,MODIS,68,6.2,301.2,62.1,D,0
-12.3881,142.318,328.4,1.3,1.1,2014-10-04,0359,Aqua,MODIS,63,6.2,306.4,18.2,D,0
-12.4126,142.3712,329.3,1.3,1.1,2014-10-04,0359,Aqua,MODIS,73,6.2,306.6,16.5,D,0
-12.3223,142.0686,327.2,1.4,1.2,2014-10-04,0359,Aqua,MODIS,63,6.2,300.3,19.1,D,0
-12.4761,142.4226,321.8,1.3,1.1,2014-10-04,0359,Aqua,MODIS,37,6.2,302,9.4,D,0
-12.4167,142.2592,327.9,1.4,1.2,2014-10-04,0359,Aqua,MODIS,30,6.2,303.3,19.8,D,0
-12.4287,142.2482,324.6,1.4,1.2,2014-10-04,0359,Aqua,MODIS,32,6.2,304.5,14.6,D,0
-12.3207,142.0812,372,1.4,1.2,2014-10-04,0359,Aqua,MODIS,100,6.2,305.3,176.8,D,0
-12.7062,136.2905,317.8,3.8,1.8,2014-10-04,0359,Aqua,MODIS,30,6.2,300.1,34.6,D,0
-12.922,142.2175,327.2,1.4,1.2,2014-10-04,0359,Aqua,MODIS,52,6.2,306.9,12.6,D,0
-12.5191,142.2537,358.6,1.4,1.2,2014-10-04,0359,Aqua,MODIS,99,6.2,306.9,106,D,0
-12.5087,142.2523,370.7,1.4,1.2,2014-10-04,0359,Aqua,MODIS,100,6.2,304.6,161.9,D,0
-12.5071,142.2648,352.4,1.4,1.2,2014-10-04,0359,Aqua,MODIS,96,6.2,302.6,81.8,D,0
-12.9415,142.201,336.3,1.4,1.2,2014-10-04,0359,Aqua,MODIS,70,6.2,306.4,33.4,D,0
-34.0744,116.7756,305.9,2.9,1.6,2014-10-04,0532,Aqua,MODIS,40,6.2,286.6,26.7,D,0
-34.0745,116.7686,306.3,2.9,1.6,2014-10-04,0532,Aqua,MODIS,53,6.2,287.1,28.9,D,0
-31.4461,115.6785,353.1,3.2,1.7,2014-10-04,0533,Aqua,MODIS,91,6.2,295.6,360.3,D,0
-24.5082,126.3063,380.9,1.1,1.1,2014-10-04,0534,Aqua,MODIS,100,6.2,325.6,153.5,D,0
-24.5065,126.3173,339.4,1.1,1.1,2014-10-04,0534,Aqua,MODIS,48,6.2,322.4,17,D,0
-23.3092,129.5113,340.8,1.8,1.3,2014-10-04,0534,Aqua,MODIS,83,6.2,315.1,54.1,D,0
-23.3123,129.4937,353.2,1.8,1.3,2014-10-04,0534,Aqua,MODIS,95,6.2,315,114.7,D,0
-23.2973,129.5088,382.4,1.8,1.3,2014-10-04,0534,Aqua,MODIS,100,6.2,319.3,340.4,D,0
-23.3005,129.4911,373.9,1.8,1.3,2014-10-04,0534,Aqua,MODIS,100,6.2,322.2,259.6,D,0
-23.9409,125.1468,345.4,1,1,2014-10-04,0534,Aqua,MODIS,87,6.2,321.4,26.4,D,0
-23.921,125.1536,345.4,1,1,2014-10-04,0534,Aqua,MODIS,62,6.2,320.9,26.3,D,0
-23.9317,125.1451,341.9,1,1,2014-10-04,0534,Aqua,MODIS,81,6.2,321.3,19,D,0
-23.9302,125.1553,344.7,1,1,2014-10-04,0534,Aqua,MODIS,85,6.2,321.2,23.9,D,0
-23.9424,125.1366,342.7,1,1,2014-10-04,0534,Aqua,MODIS,76,6.2,322.1,21.8,D,0
-23.7637,124.9147,350.3,1,1,2014-10-04,0535,Aqua,MODIS,70,6.2,313.3,38.7,D,0
-22.7182,122.7312,337.8,1,1,2014-10-04,0535,Aqua,MODIS,70,6.2,321,12.6,D,0
-21.6862,127.7742,350.2,1.5,1.2,2014-10-04,0535,Aqua,MODIS,92,6.2,324.1,60.4,D,0
-21.6838,127.7886,350.2,1.5,1.2,2014-10-04,0535,Aqua,MODIS,92,6.2,322.6,60.1,D,0
-21.6872,127.7801,361.5,1.5,1.2,2014-10-04,0535,Aqua,MODIS,100,6.2,324.4,112.1,D,0
-21.6847,127.7944,340.3,1.5,1.2,2014-10-04,0535,Aqua,MODIS,80,6.2,322,27.4,D,0
-22.4305,130.3475,332,2.2,1.4,2014-10-04,0535,Aqua,MODIS,32,6.2,316.9,25.9,D,0
-23.6623,124.9725,346.5,1,1,2014-10-04,0535,Aqua,MODIS,88,6.2,322,26.7,D,0
-23.6638,124.9624,341.3,1,1,2014-10-04,0535,Aqua,MODIS,48,6.2,322,17.3,D,0
-20.9362,130.5695,330,2.4,1.5,2014-10-04,0535,Aqua,MODIS,49,6.2,316.6,22.9,D,0
-23.7242,124.9282,355.1,1,1,2014-10-04,0535,Aqua,MODIS,83,6.2,326.9,38.9,D,0
-23.7226,124.9383,420.9,1,1,2014-10-04,0535,Aqua,MODIS,100,6.2,337,385.4,D,0
-23.7211,124.9484,389.5,1,1,2014-10-04,0535,Aqua,MODIS,94,6.2,320.1,172.8,D,0
-23.7348,124.9198,363.1,1,1,2014-10-04,0535,Aqua,MODIS,100,6.2,325.2,63.5,D,0
-23.7333,124.9299,413.5,1,1,2014-10-04,0535,Aqua,MODIS,100,6.2,337.6,325.2,D,0
-20.2985,127.5258,343.4,1.5,1.2,2014-10-04,0535,Aqua,MODIS,85,6.2,323.7,42.8,D,0
-20.296,127.5403,363.4,1.5,1.2,2014-10-04,0535,Aqua,MODIS,100,6.2,322.5,129,D,0
-23.7318,124.94,409.7,1,1,2014-10-04,0535,Aqua,MODIS,100,6.2,326.4,300.9,D,0
-23.7424,124.9315,452.3,1,1,2014-10-04,0535,Aqua,MODIS,100,6.2,337,747.8,D,0
-23.7409,124.9416,386,1,1,2014-10-04,0535,Aqua,MODIS,100,6.2,316.6,163.6,D,0
-23.7576,124.8929,343.1,1,1,2014-10-04,0535,Aqua,MODIS,70,6.2,320.7,21.6,D,0
-23.7561,124.903,377,1,1,2014-10-04,0535,Aqua,MODIS,100,6.2,325.6,118.2,D,0
-23.7546,124.9131,344.2,1,1,2014-10-04,0535,Aqua,MODIS,38,6.2,321.8,22.4,D,0
-23.7652,124.9046,344,1,1,2014-10-04,0535,Aqua,MODIS,60,6.2,317,26.4,D,0
-21.9683,124.2413,362.7,1,1,2014-10-04,0535,Aqua,MODIS,100,6.2,323.4,68.7,D,0
-21.9299,124.1239,359.2,1,1,2014-10-04,0535,Aqua,MODIS,99,6.2,321.9,57,D,0
-22.9972,125.0494,348.2,1.1,1,2014-10-04,0535,Aqua,MODIS,76,6.2,315.7,38.4,D,0
-21.9773,124.2429,355.9,1,1,2014-10-04,0535,Aqua,MODIS,74,6.2,321.2,50.1,D,0
-22.9274,117.9336,328.6,1.8,1.3,2014-10-04,0535,Aqua,MODIS,45,6.2,314.7,21.4,D,0
-23.2763,126.2647,337.1,1.2,1.1,2014-10-04,0535,Aqua,MODIS,75,6.2,320.3,15.6,D,0
-22.9508,125.0554,342.7,1.1,1,2014-10-04,0535,Aqua,MODIS,84,6.2,323.1,20.8,D,0
-22.9728,125.024,342.7,1.1,1,2014-10-04,0535,Aqua,MODIS,81,6.2,318.2,22.3,D,0
-22.9712,125.0342,357.9,1.1,1,2014-10-04,0535,Aqua,MODIS,98,6.2,321.3,55.8,D,0
-22.9696,125.0444,343,1.1,1,2014-10-04,0535,Aqua,MODIS,29,6.2,322.1,20.6,D,0
-22.988,125.0477,399.5,1.1,1,2014-10-04,0535,Aqua,MODIS,100,6.2,324.7,241.1,D,0
-22.9896,125.0375,378.1,1.1,1,2014-10-04,0535,Aqua,MODIS,100,6.2,323.8,128.5,D,0
-22.9788,125.046,383.4,1.1,1,2014-10-04,0535,Aqua,MODIS,100,6.2,323.2,149.5,D,0
-22.9804,125.0358,379.8,1.1,1,2014-10-04,0535,Aqua,MODIS,100,6.2,323.9,133.5,D,0
-22.968,125.0546,342.1,1.1,1,2014-10-04,0535,Aqua,MODIS,54,6.2,322.8,19.8,D,0
-22.9819,125.0257,395.7,1.1,1,2014-10-04,0535,Aqua,MODIS,100,6.2,325.2,215.5,D,0
-21.9894,124.2216,390.3,1,1,2014-10-04,0535,Aqua,MODIS,100,6.2,326.3,175.8,D,0
-21.988,124.2314,360.7,1,1,2014-10-04,0535,Aqua,MODIS,100,6.2,322,60.4,D,0
-21.9865,124.2412,343.5,1,1,2014-10-04,0535,Aqua,MODIS,44,6.2,319.3,21.6,D,0
-21.9285,124.1337,355.6,1,1,2014-10-04,0535,Aqua,MODIS,96,6.2,321.6,44.3,D,0
-19.1199,133.1973,329,4.1,1.9,2014-10-04,0535,Aqua,MODIS,56,6.2,312.6,80.1,D,0
-19.1159,133.1888,326.7,4.1,1.9,2014-10-04,0535,Aqua,MODIS,25,6.2,312.4,58.6,D,0
-20.3855,127.4307,336.4,1.5,1.2,2014-10-04,0535,Aqua,MODIS,70,6.2,320.7,20.9,D,0
-21.5418,117.7001,339,1.8,1.3,2014-10-04,0535,Aqua,MODIS,81,6.2,312.6,55.8,D,0
-21.5463,117.6941,333,1.8,1.3,2014-10-04,0535,Aqua,MODIS,71,6.2,311.8,34.8,D,0
-21.5346,117.6923,355.2,1.8,1.3,2014-10-04,0535,Aqua,MODIS,96,6.2,314.7,127.1,D,0
-21.4839,117.7191,332.5,1.8,1.3,2014-10-04,0535,Aqua,MODIS,70,6.2,314.4,30.1,D,0
-21.0254,118.6435,334.2,1.5,1.2,2014-10-04,0535,Aqua,MODIS,70,6.2,317.7,19.4,D,0
-21.6018,117.4787,331.3,1.8,1.3,2014-10-04,0535,Aqua,MODIS,68,6.2,315.5,24.1,D,0
-21.5436,117.6831,359.3,1.8,1.3,2014-10-04,0535,Aqua,MODIS,99,6.2,314.7,155.6,D,0
-21.5365,117.6752,374.7,1.8,1.3,2014-10-04,0535,Aqua,MODIS,100,6.2,316.7,262,D,0
-21.5385,117.658,346.4,1.8,1.3,2014-10-04,0535,Aqua,MODIS,90,6.2,313.2,83.9,D,0
-21.5248,117.6732,337.5,1.8,1.3,2014-10-04,0535,Aqua,MODIS,80,6.2,314.6,44.3,D,0
-21.5267,117.6564,353.3,1.8,1.3,2014-10-04,0535,Aqua,MODIS,95,6.2,314.9,114.7,D,0
-21.5286,117.6396,337.8,1.8,1.3,2014-10-04,0535,Aqua,MODIS,76,6.2,313.4,48.4,D,0
-21.5168,117.6379,330.4,1.8,1.3,2014-10-04,0535,Aqua,MODIS,26,6.2,314.4,23,D,0
-21.5762,117.4327,333.7,1.8,1.3,2014-10-04,0535,Aqua,MODIS,74,6.2,316.4,30,D,0
-21.3626,119.7236,334.1,1.3,1.1,2014-10-04,0535,Aqua,MODIS,11,6.2,319.5,13.1,D,0
-21.3509,119.7346,336.7,1.3,1.1,2014-10-04,0535,Aqua,MODIS,64,6.2,318.4,19.5,D,0
-21.3525,119.7221,336.4,1.3,1.1,2014-10-04,0535,Aqua,MODIS,66,6.2,320.3,18.5,D,0
-21.1956,117.6473,332.9,1.8,1.3,2014-10-04,0535,Aqua,MODIS,65,6.2,314.7,29.3,D,0
-21.1982,117.6578,331.3,1.8,1.3,2014-10-04,0535,Aqua,MODIS,37,6.2,315.5,20.7,D,0
-19.5979,126.9582,336.9,1.4,1.2,2014-10-04,0536,Aqua,MODIS,72,6.2,317.1,23.6,D,0
-19.5812,126.9271,342.9,1.4,1.2,2014-10-04,0536,Aqua,MODIS,84,6.2,317.7,38.6,D,0
-19.5834,126.9136,345.1,1.4,1.2,2014-10-04,0536,Aqua,MODIS,87,6.2,318.2,45.8,D,0
-19.7147,126.7383,347.9,1.4,1.2,2014-10-04,0536,Aqua,MODIS,90,6.2,318.9,47.6,D,0
-19.7169,126.7251,375.7,1.4,1.2,2014-10-04,0536,Aqua,MODIS,100,6.2,321,174.4,D,0
-19.6757,126.6502,338.9,1.4,1.2,2014-10-04,0536,Aqua,MODIS,77,6.2,320.9,21.8,D,0
-19.8674,126.6718,342.4,1.4,1.2,2014-10-04,0536,Aqua,MODIS,68,6.2,309.5,40.7,D,0
-19.857,126.6699,354.7,1.4,1.2,2014-10-04,0536,Aqua,MODIS,96,6.2,316.5,76.2,D,0
-19.8488,126.655,377,1.4,1.2,2014-10-04,0536,Aqua,MODIS,100,6.2,319.9,184.2,D,0
-19.851,126.6421,365.8,1.4,1.2,2014-10-04,0536,Aqua,MODIS,100,6.2,316.7,124.9,D,0
-19.8522,126.6634,345.5,1.4,1.2,2014-10-04,0536,Aqua,MODIS,87,6.2,317.7,41.2,D,0
-19.8543,126.6505,341.5,1.4,1.2,2014-10-04,0536,Aqua,MODIS,69,6.2,316.2,30.9,D,0
-18.3956,130.8934,352.9,2.9,1.6,2014-10-04,0536,Aqua,MODIS,95,6.2,308.8,256.2,D,0
-19.6001,126.9446,335.9,1.4,1.2,2014-10-04,0536,Aqua,MODIS,62,6.2,317.8,21.1,D,0
-18.3904,130.9208,348,2.9,1.6,2014-10-04,0536,Aqua,MODIS,91,6.2,308.3,201.3,D,0
-20.8635,118.3723,353.2,1.5,1.2,2014-10-04,0536,Aqua,MODIS,95,6.2,321.6,72.6,D,0
-20.8617,118.3871,343.4,1.5,1.2,2014-10-04,0536,Aqua,MODIS,22,6.2,320.5,37.2,D,0
-20.8745,118.3737,349.1,1.5,1.2,2014-10-04,0536,Aqua,MODIS,91,6.2,321.1,57.4,D,0
-20.8524,118.3708,349.5,1.5,1.2,2014-10-04,0536,Aqua,MODIS,92,6.2,320.8,60.8,D,0
-20.9082,118.4683,345.7,1.5,1.2,2014-10-04,0536,Aqua,MODIS,80,6.2,317.4,53.6,D,0
-20.9064,118.4829,364.1,1.5,1.2,2014-10-04,0536,Aqua,MODIS,100,6.2,316.7,137.6,D,0
-20.9098,118.4752,342.1,1.5,1.2,2014-10-04,0536,Aqua,MODIS,63,6.2,316.3,42.3,D,0
-20.8821,118.4049,345.2,1.5,1.2,2014-10-04,0536,Aqua,MODIS,87,6.2,317.4,48.6,D,0
-20.8856,118.3752,362.1,1.5,1.2,2014-10-04,0536,Aqua,MODIS,100,6.2,320.4,119,D,0
-20.8839,118.3901,371.2,1.5,1.2,2014-10-04,0536,Aqua,MODIS,100,6.2,319.5,173.2,D,0
-20.86,118.4019,359,1.5,1.2,2014-10-04,0536,Aqua,MODIS,99,6.2,320.6,106.9,D,0
-17.9961,123.895,345.5,1.1,1,2014-10-04,0536,Aqua,MODIS,83,6.2,320.8,24.1,D,0
-17.9976,123.8851,359.2,1.1,1,2014-10-04,0536,Aqua,MODIS,99,6.2,319,58.6,D,0
-17.9884,123.8836,362.5,1.1,1,2014-10-04,0536,Aqua,MODIS,100,6.2,321.5,68,D,0
-16.503,130.5906,328.8,3,1.7,2014-10-04,0536,Aqua,MODIS,49,6.2,313.6,38.6,D,0
-18.3759,130.9177,330.4,2.9,1.6,2014-10-04,0536,Aqua,MODIS,59,6.2,307.4,60.7,D,0
-18.3706,130.9451,342.7,2.9,1.6,2014-10-04,0536,Aqua,MODIS,86,6.2,309.3,144.1,D,0
-18.3507,130.9696,352.7,3,1.6,2014-10-04,0536,Aqua,MODIS,95,6.2,312.2,243.4,D,0
-18.357,130.937,358,2.9,1.6,2014-10-04,0536,Aqua,MODIS,98,6.2,310.4,295.8,D,0
-18.3518,130.9646,360.5,3,1.6,2014-10-04,0536,Aqua,MODIS,100,6.2,312,331.9,D,0
-18.356,130.942,364.6,2.9,1.6,2014-10-04,0536,Aqua,MODIS,100,6.2,310.5,388,D,0
-18.3715,130.9401,336.6,2.9,1.6,2014-10-04,0536,Aqua,MODIS,78,6.2,308.5,91.1,D,0
-17.8265,130.9015,328,3,1.6,2014-10-04,0536,Aqua,MODIS,44,6.2,309.7,54.9,D,0
-17.8248,130.9063,330.6,3,1.6,2014-10-04,0536,Aqua,MODIS,63,6.2,309.9,70.2,D,0
-17.6498,130.4581,338.5,2.8,1.6,2014-10-04,0536,Aqua,MODIS,75,6.2,313.1,95.2,D,0
-17.6448,130.4846,348.4,2.8,1.6,2014-10-04,0536,Aqua,MODIS,91,6.2,314.5,177.8,D,0
-16.8693,122.9976,343.3,1,1,2014-10-04,0536,Aqua,MODIS,85,6.2,313.5,30.2,D,0
-17.3699,126.913,334.7,1.6,1.2,2014-10-04,0536,Aqua,MODIS,61,6.2,319.3,16.1,D,0
-17.3833,126.9007,342.5,1.6,1.2,2014-10-04,0536,Aqua,MODIS,83,6.2,322,40.6,D,0
-16.8464,122.9647,340.9,1,1,2014-10-04,0536,Aqua,MODIS,81,6.2,312.9,24.1,D,0
-16.8362,122.908,333.5,1,1,2014-10-04,0536,Aqua,MODIS,33,6.2,312.4,12.2,D,0
-16.8139,122.9335,331.5,1,1,2014-10-04,0536,Aqua,MODIS,62,6.2,311,12.7,D,0
-16.8049,122.932,333.8,1,1,2014-10-04,0536,Aqua,MODIS,70,6.2,312.1,16.4,D,0
-16.8063,122.9225,334.9,1,1,2014-10-04,0536,Aqua,MODIS,73,6.2,313.2,17.9,D,0
-16.7958,122.9305,328.4,1,1,2014-10-04,0536,Aqua,MODIS,30,6.2,310.8,9.5,D,0
-16.7972,122.9211,350.9,1,1,2014-10-04,0536,Aqua,MODIS,93,6.2,313.6,48.1,D,0
-17.3809,126.9151,346.8,1.6,1.2,2014-10-04,0536,Aqua,MODIS,89,6.2,321.2,55.3,D,0
-16.0967,127.8973,334,1.9,1.4,2014-10-04,0536,Aqua,MODIS,71,6.2,315.3,33.6,D,0
-16.0845,127.8953,336.7,1.9,1.4,2014-10-04,0536,Aqua,MODIS,74,6.2,314.8,43.3,D,0
-16.9622,127.2143,335.6,1.7,1.3,2014-10-04,0536,Aqua,MODIS,58,6.2,317.1,28.5,D,0
-16.9135,127.0877,342.5,1.6,1.3,2014-10-04,0536,Aqua,MODIS,71,6.2,318.3,44.2,D,0
-16.8999,126.9614,337.8,1.6,1.2,2014-10-04,0536,Aqua,MODIS,48,6.2,319.8,25.3,D,0
-17.1748,126.7739,332.4,1.5,1.2,2014-10-04,0536,Aqua,MODIS,50,6.2,317,18.8,D,0
-17.5175,130.4182,363.7,2.8,1.6,2014-10-04,0536,Aqua,MODIS,100,6.2,314.8,344.8,D,0
-17.5328,130.4263,346,2.8,1.6,2014-10-04,0536,Aqua,MODIS,86,6.2,312.1,158.6,D,0
-17.5185,130.4232,358.9,2.8,1.6,2014-10-04,0536,Aqua,MODIS,99,6.2,314.3,281.7,D,0
-19.8418,126.6614,342.9,1.4,1.2,2014-10-04,0536,Aqua,MODIS,77,6.2,319.4,32.1,D,0
-16.9859,124.4699,348.2,1.1,1.1,2014-10-04,0536,Aqua,MODIS,90,6.2,318.9,37.7,D,0
-17.4941,130.473,339.3,2.8,1.6,2014-10-04,0536,Aqua,MODIS,51,6.2,315,87.1,D,0
-16.901,127.0237,342.2,1.6,1.3,2014-10-04,0536,Aqua,MODIS,84,6.2,319.6,41.4,D,0
-16.9035,127.0087,381.3,1.6,1.3,2014-10-04,0536,Aqua,MODIS,100,6.2,321.3,265.9,D,0
-16.9127,127.0941,346.6,1.6,1.3,2014-10-04,0536,Aqua,MODIS,85,6.2,317.7,58.3,D,0
-19.8439,126.6485,387.8,1.4,1.2,2014-10-04,0536,Aqua,MODIS,100,6.2,322,255.1,D,0
-19.823,126.7114,335.7,1.4,1.2,2014-10-04,0536,Aqua,MODIS,51,6.2,319.4,15.8,D,0
-16.1028,127.9348,339.2,2,1.4,2014-10-04,0536,Aqua,MODIS,81,6.2,315.2,51.1,D,0
-16.1059,127.917,343.6,1.9,1.4,2014-10-04,0536,Aqua,MODIS,86,6.2,315.4,71.6,D,0
-17.4692,130.5179,333.7,2.9,1.6,2014-10-04,0536,Aqua,MODIS,64,6.2,313.1,68.5,D,0
-17.0219,127.5434,334.7,1.8,1.3,2014-10-04,0536,Aqua,MODIS,59,6.2,318.1,24.1,D,0
-17.5042,130.4204,336.8,2.8,1.6,2014-10-04,0536,Aqua,MODIS,52,6.2,314.3,83.7,D,0
-17.1699,126.8028,337.4,1.5,1.2,2014-10-04,0536,Aqua,MODIS,74,6.2,316.3,29.7,D,0
-17.5317,130.4212,352.7,2.8,1.6,2014-10-04,0536,Aqua,MODIS,95,6.2,312.3,217.9,D,0
-16.9647,127.199,336,1.7,1.3,2014-10-04,0536,Aqua,MODIS,64,6.2,319,29.9,D,0
-17.5032,130.4154,332.1,2.8,1.6,2014-10-04,0536,Aqua,MODIS,50,6.2,314,59.7,D,0
-17.6154,130.5611,341.5,2.9,1.6,2014-10-04,0536,Aqua,MODIS,84,6.2,314.3,122.5,D,0
-17.6011,130.5579,331.4,2.9,1.6,2014-10-04,0536,Aqua,MODIS,52,6.2,314.9,49.5,D,0
-17.6133,130.5531,339.9,2.9,1.6,2014-10-04,0536,Aqua,MODIS,82,6.2,314.6,104,D,0
-17.4934,130.4679,342.2,2.8,1.6,2014-10-04,0536,Aqua,MODIS,81,6.2,315.1,119.4,D,0
-17.0247,127.5269,332.9,1.8,1.3,2014-10-04,0536,Aqua,MODIS,46,6.2,317.5,20.2,D,0
-17.1724,126.7883,334.4,1.5,1.2,2014-10-04,0536,Aqua,MODIS,60,6.2,317.3,22.2,D,0
-16.997,127.3393,333.4,1.7,1.3,2014-10-04,0536,Aqua,MODIS,62,6.2,316.7,23.9,D,0
-16.9943,127.3553,334.8,1.7,1.3,2014-10-04,0536,Aqua,MODIS,69,6.2,317.2,27.7,D,0
-17.6689,130.435,340.2,2.8,1.6,2014-10-04,0536,Aqua,MODIS,82,6.2,311.7,119.7,D,0
-16.8949,126.9913,340,1.6,1.2,2014-10-04,0536,Aqua,MODIS,50,6.2,318.7,32.1,D,0
-16.8923,127.0065,347,1.6,1.3,2014-10-04,0536,Aqua,MODIS,89,6.2,319.9,60.1,D,0
-19.7183,126.848,338.3,1.4,1.2,2014-10-04,0536,Aqua,MODIS,77,6.2,320.1,23,D,0
-17.6547,130.432,347.9,2.8,1.6,2014-10-04,0536,Aqua,MODIS,90,6.2,313.7,178.4,D,0
-16.9763,124.4683,339.5,1.1,1.1,2014-10-04,0536,Aqua,MODIS,77,6.2,320.8,19.1,D,0
-16.8898,127.0217,341.8,1.6,1.3,2014-10-04,0536,Aqua,MODIS,83,6.2,318.9,42.6,D,0
-17.5377,130.4003,335.8,2.8,1.6,2014-10-04,0536,Aqua,MODIS,41,6.2,309,84,D,0
-17.5235,130.3975,352.9,2.8,1.6,2014-10-04,0536,Aqua,MODIS,91,6.2,312.3,219.2,D,0
-16.9214,127.111,337.1,1.6,1.3,2014-10-04,0536,Aqua,MODIS,35,6.2,317.6,29.1,D,0
-17.5222,130.3924,340.6,2.8,1.6,2014-10-04,0536,Aqua,MODIS,66,6.2,312,114.6,D,0
-16.9467,127.562,329.8,1.8,1.3,2014-10-04,0536,Aqua,MODIS,23,6.2,315.2,15.1,D,0
-16.9437,127.5791,336.1,1.8,1.3,2014-10-04,0536,Aqua,MODIS,73,6.2,316.2,35.2,D,0
-17.0209,127.5331,336.6,1.8,1.3,2014-10-04,0536,Aqua,MODIS,59,6.2,317.6,29.6,D,0
-16.906,126.9935,367.6,1.6,1.2,2014-10-04,0536,Aqua,MODIS,100,6.2,317.8,162.1,D,0
-16.9197,126.9805,334.8,1.6,1.2,2014-10-04,0536,Aqua,MODIS,26,6.2,315.3,15.8,D,0
-19.8355,126.7004,337.9,1.4,1.2,2014-10-04,0536,Aqua,MODIS,49,6.2,320.4,19.6,D,0
-17.4741,130.4916,339.6,2.8,1.6,2014-10-04,0536,Aqua,MODIS,82,6.2,314.1,107.9,D,0
-18.0258,131.525,411.6,3.3,1.7,2014-10-04,0536,Aqua,MODIS,100,6.2,316.9,1779,D,0
-17.9072,131.8494,387.4,3.5,1.8,2014-10-04,0536,Aqua,MODIS,100,6.2,318.4,1017.2,D,0
-18.0719,131.6976,333,3.4,1.7,2014-10-04,0536,Aqua,MODIS,72,6.2,317.9,46.8,D,0
-17.9012,131.8557,379.7,3.5,1.8,2014-10-04,0536,Aqua,MODIS,100,6.2,316.7,808.9,D,0
-17.9009,131.8822,332.2,3.5,1.8,2014-10-04,0536,Aqua,MODIS,38,6.2,316.2,58.2,D,0
-17.9512,131.9351,351.2,3.6,1.8,2014-10-04,0536,Aqua,MODIS,94,6.2,313.8,287,D,0
-17.9825,131.6075,338.8,3.4,1.7,2014-10-04,0536,Aqua,MODIS,78,6.2,309.3,127.9,D,0
-18.0134,131.5869,335.2,3.3,1.7,2014-10-04,0536,Aqua,MODIS,67,6.2,310.3,69.2,D,0
-17.9979,131.6108,399.9,3.4,1.7,2014-10-04,0536,Aqua,MODIS,100,6.2,317.2,1342.3,D,0
-18.004,131.5796,358.9,3.3,1.7,2014-10-04,0536,Aqua,MODIS,99,6.2,309.8,369.1,D,0
-18.01,131.5485,366,3.3,1.7,2014-10-04,0536,Aqua,MODIS,100,6.2,307.5,498.4,D,0
-18.2851,131.6986,328.6,3.4,1.7,2014-10-04,0536,Aqua,MODIS,36,6.2,313.2,55.8,D,0
-18.2697,131.6953,340.9,3.4,1.7,2014-10-04,0536,Aqua,MODIS,82,6.2,314.5,154.6,D,0
-18.2738,131.6887,346.8,3.4,1.7,2014-10-04,0536,Aqua,MODIS,90,6.2,313.6,220.2,D,0
-18.206,131.7066,334.8,3.4,1.7,2014-10-04,0536,Aqua,MODIS,39,6.2,318,85.4,D,0
-17.9576,131.9021,343.2,3.5,1.8,2014-10-04,0536,Aqua,MODIS,87,6.2,314.7,183.5,D,0
-17.9077,131.8231,345.2,3.5,1.8,2014-10-04,0536,Aqua,MODIS,89,6.2,314.3,196.8,D,0
-18.041,131.5283,344.8,3.3,1.7,2014-10-04,0536,Aqua,MODIS,85,6.2,308,205,D,0
-18.0319,131.4944,330.1,3.3,1.7,2014-10-04,0536,Aqua,MODIS,44,6.2,305,85.1,D,0
-18.0312,131.5209,397.6,3.3,1.7,2014-10-04,0536,Aqua,MODIS,100,6.2,314.7,1271.8,D,0
-18.0159,131.5176,370.6,3.3,1.7,2014-10-04,0536,Aqua,MODIS,100,6.2,307.6,587.4,D,0
-17.7357,131.3057,331.3,3.2,1.7,2014-10-04,0536,Aqua,MODIS,56,6.2,312.5,61,D,0
-18.0196,131.5559,355.4,3.3,1.7,2014-10-04,0536,Aqua,MODIS,97,6.2,310.2,314.6,D,0
-17.8852,131.7102,330.8,3.4,1.7,2014-10-04,0536,Aqua,MODIS,65,6.2,315.5,59.6,D,0
-17.8697,131.7069,345,3.4,1.7,2014-10-04,0536,Aqua,MODIS,88,6.2,315.4,186.5,D,0
-18.0133,131.6141,334.9,3.4,1.7,2014-10-04,0536,Aqua,MODIS,63,6.2,312.5,79.1,D,0
-17.7938,131.2295,343.7,3.2,1.7,2014-10-04,0536,Aqua,MODIS,87,6.2,314,161.8,D,0
-18.0073,131.6455,332.4,3.4,1.7,2014-10-04,0536,Aqua,MODIS,39,6.2,315.7,56.5,D,0
-17.8635,131.7387,335.4,3.4,1.7,2014-10-04,0536,Aqua,MODIS,75,6.2,313.3,91.8,D,0
-18.2125,131.7029,341.4,3.4,1.7,2014-10-04,0536,Aqua,MODIS,77,6.2,317.8,148.6,D,0
-17.7881,131.2594,338.7,3.2,1.7,2014-10-04,0536,Aqua,MODIS,81,6.2,314.3,106.9,D,0
-17.9733,131.9055,331.1,3.5,1.8,2014-10-04,0536,Aqua,MODIS,67,6.2,311.9,77.5,D,0
-18.3958,131.2142,327.8,3.1,1.7,2014-10-04,0536,Aqua,MODIS,21,6.2,312,48.8,D,0
-17.7823,131.2894,334.4,3.2,1.7,2014-10-04,0536,Aqua,MODIS,74,6.2,313.3,72.6,D,0
-18.3951,131.2213,330.4,3.1,1.7,2014-10-04,0536,Aqua,MODIS,49,6.2,312.2,65.8,D,0
-17.7974,131.2926,340.5,3.2,1.7,2014-10-04,0536,Aqua,MODIS,83,6.2,313.1,126.1,D,0
-17.7765,131.3195,330.8,3.2,1.7,2014-10-04,0536,Aqua,MODIS,58,6.2,312.4,51.2,D,0
-17.9651,131.9089,350,3.5,1.8,2014-10-04,0536,Aqua,MODIS,93,6.2,313.3,274.2,D,0
-17.9585,131.9419,342.7,3.6,1.8,2014-10-04,0536,Aqua,MODIS,86,6.2,313,186.3,D,0
-18.0071,131.6181,351.6,3.4,1.7,2014-10-04,0536,Aqua,MODIS,94,6.2,314.2,238.9,D,0
-18.0009,131.6494,352.7,3.4,1.7,2014-10-04,0536,Aqua,MODIS,95,6.2,317.5,258,D,0
-17.6528,131.7434,333.5,3.5,1.8,2014-10-04,0536,Aqua,MODIS,56,6.2,316.3,75.2,D,0
-17.9918,131.6422,366,3.4,1.7,2014-10-04,0536,Aqua,MODIS,100,6.2,316.3,480.5,D,0
-18.0253,131.5518,351,3.3,1.7,2014-10-04,0536,Aqua,MODIS,93,6.2,309.5,269.7,D,0
-13.8646,132.4763,344.8,4.7,2,2014-10-04,0537,Aqua,MODIS,90,6.2,306.1,382.7,D,0
-13.9055,132.5432,330.1,4.8,2,2014-10-04,0537,Aqua,MODIS,23,6.2,308,100.7,D,0
-13.9066,132.535,328.7,4.8,2,2014-10-04,0537,Aqua,MODIS,26,6.2,308.3,88.7,D,0
-13.9233,132.547,328.8,4.8,2,2014-10-04,0537,Aqua,MODIS,48,6.2,310.7,87.7,D,0
-13.8565,132.5198,325.5,4.8,2,2014-10-04,0537,Aqua,MODIS,36,6.2,304,115.7,D,0
-13.4712,131.9328,346.3,4.4,1.9,2014-10-04,0537,Aqua,MODIS,91,6.2,307.4,321.9,D,0
-13.8795,132.484,354.8,4.7,2,2014-10-04,0537,Aqua,MODIS,97,6.2,310.4,554.6,D,0
-13.8711,132.5274,344,4.8,2,2014-10-04,0537,Aqua,MODIS,89,6.2,306.8,339.4,D,0
-13.4808,131.9018,349.2,4.4,1.9,2014-10-04,0537,Aqua,MODIS,93,6.2,307.5,370.8,D,0
-13.4786,131.893,339.3,4.4,1.9,2014-10-04,0537,Aqua,MODIS,84,6.2,306.7,219.4,D,0
-14.2629,132.1158,329.8,4.4,1.9,2014-10-04,0537,Aqua,MODIS,69,6.2,315,74.7,D,0
-13.8786,132.4922,360.6,4.7,2,2014-10-04,0537,Aqua,MODIS,100,6.2,310.4,685.8,D,0
-13.4982,131.9804,328.4,4.4,1.9,2014-10-04,0537,Aqua,MODIS,35,6.2,309.1,72.4,D,0
-13.4731,131.9416,339.9,4.4,1.9,2014-10-04,0537,Aqua,MODIS,85,6.2,307.4,220.2,D,0
-13.5152,131.908,328.8,4.4,1.9,2014-10-04,0537,Aqua,MODIS,52,6.2,309.9,87.6,D,0
-13.8524,132.4335,339.3,4.7,2,2014-10-04,0537,Aqua,MODIS,85,6.2,305.2,287.8,D,0
-13.8551,132.4294,336.8,4.7,2,2014-10-04,0537,Aqua,MODIS,81,6.2,305.6,251.7,D,0
-13.8469,132.4726,332.7,4.7,2,2014-10-04,0537,Aqua,MODIS,77,6.2,301.1,204.8,D,0
-13.5057,131.9395,357,4.4,1.9,2014-10-04,0537,Aqua,MODIS,98,6.2,310.6,515.4,D,0
-13.5076,131.9485,368.7,4.4,1.9,2014-10-04,0537,Aqua,MODIS,100,6.2,311.3,808.2,D,0
-13.8617,132.4803,349.2,4.7,2,2014-10-04,0537,Aqua,MODIS,93,6.2,304.7,461.8,D,0
-13.87,132.5356,331.8,4.8,2,2014-10-04,0537,Aqua,MODIS,62,6.2,306.2,145.5,D,0
-13.4884,131.9361,327.9,4.4,1.9,2014-10-04,0537,Aqua,MODIS,42,6.2,307,71.2,D,0
-16.5725,122.828,326.2,1,1,2014-10-04,0537,Aqua,MODIS,45,6.2,309.6,8.9,D,0
-14.2576,129.5378,328.5,2.8,1.6,2014-10-04,0537,Aqua,MODIS,65,6.2,299.2,67.6,D,0
-14.2606,129.5461,327.3,2.8,1.6,2014-10-04,0537,Aqua,MODIS,61,6.2,298.3,59,D,0
-13.5634,130.3256,353.1,3.3,1.7,2014-10-04,0537,Aqua,MODIS,95,6.2,306.2,298.6,D,0
-13.5823,130.3217,329.1,3.3,1.7,2014-10-04,0537,Aqua,MODIS,27,6.2,307.6,56.3,D,0
-13.567,130.3187,338.1,3.3,1.7,2014-10-04,0537,Aqua,MODIS,82,6.2,306.9,133.7,D,0
-14.4377,129.5588,324.6,2.8,1.6,2014-10-04,0537,Aqua,MODIS,33,6.2,298.8,47.7,D,0
-13.5788,130.3286,338.7,3.3,1.7,2014-10-04,0537,Aqua,MODIS,81,6.2,307.9,135,D,0
-14.1929,130.3296,328.3,3.2,1.7,2014-10-04,0537,Aqua,MODIS,45,6.2,310.8,45.2,D,0
-14.4408,129.5672,328,2.8,1.6,2014-10-04,0537,Aqua,MODIS,62,6.2,298.1,60.7,D,0
-13.0366,131.4077,330,4.1,1.9,2014-10-04,0537,Aqua,MODIS,45,6.2,311.5,66.8,D,0
-14.6091,132.1312,335.4,4.3,1.9,2014-10-04,0537,Aqua,MODIS,78,6.2,311.9,153.8,D,0
-14.592,132.1279,332.7,4.3,1.9,2014-10-04,0537,Aqua,MODIS,74,6.2,309.2,123.2,D,0
-14.6086,132.1257,336.7,4.3,1.9,2014-10-04,0537,Aqua,MODIS,81,6.2,311.9,171.2,D,0
-14.5915,132.1223,334.3,4.3,1.9,2014-10-04,0537,Aqua,MODIS,77,6.2,308.9,148.1,D,0
-14.5999,132.0882,329.3,4.3,1.9,2014-10-04,0537,Aqua,MODIS,59,6.2,308.1,85.8,D,0
-14.5991,132.0827,325.4,4.3,1.9,2014-10-04,0537,Aqua,MODIS,24,6.2,308.1,54.3,D,0
-13.0773,130.3204,323.8,3.4,1.7,2014-10-04,0537,Aqua,MODIS,52,6.2,296.4,64.5,D,0
-13.5615,130.3491,371.3,3.3,1.7,2014-10-04,0537,Aqua,MODIS,100,6.2,307.2,595.9,D,0
-13.5731,130.359,335.9,3.3,1.7,2014-10-04,0537,Aqua,MODIS,73,6.2,307.6,111.7,D,0
-12.4299,131.743,318,4.5,1.9,2014-10-04,0537,Aqua,MODIS,61,6.2,298.8,48.3,D,0
-13.5577,130.356,359.7,3.3,1.7,2014-10-04,0537,Aqua,MODIS,99,6.2,305.6,394.9,D,0
-13.5681,130.2251,338.4,3.3,1.7,2014-10-04,0537,Aqua,MODIS,83,6.2,302.6,147.2,D,0
-13.5769,130.3521,337.7,3.3,1.7,2014-10-04,0537,Aqua,MODIS,80,6.2,307.8,126.7,D,0
-41.6415,147.731,325.5,1.1,1,2014-10-04,1316,Terra,MODIS,100,6.2,286.1,27.4,N,0
-42.5646,147.7474,309.4,1,1,2014-10-04,1316,Terra,MODIS,77,6.2,283.6,12.8,N,0
-41.6435,147.7182,304,1.1,1,2014-10-04,1316,Terra,MODIS,4,6.2,284,8.1,N,0
-41.6394,147.7437,333.1,1.1,1,2014-10-04,1316,Terra,MODIS,100,6.2,286.8,37.3,N,0
-41.6527,147.7209,304.7,1.1,1,2014-10-04,1316,Terra,MODIS,10,6.2,283.3,8.2,N,0
-41.6507,147.7337,317.9,1.1,1,2014-10-04,1316,Terra,MODIS,96,6.2,285.9,19,N,0
-37.7145,147.4548,303.2,1.1,1.1,2014-10-04,1317,Terra,MODIS,54,6.2,287.2,7.7,N,0
-36.7714,143.2239,303.5,1,1,2014-10-04,1318,Terra,MODIS,45,6.2,278.2,8.1,N,0
-35.0777,143.3201,301.7,1,1,2014-10-04,1318,Terra,MODIS,43,6.2,286.5,6.2,N,0
-26.4149,141.7414,303.8,1,1,2014-10-04,1321,Terra,MODIS,46,6.2,293.3,4.7,N,0
-26.4375,141.7764,304.8,1,1,2014-10-04,1321,Terra,MODIS,62,6.2,292.6,5.9,N,0
-26.4361,141.7865,311.8,1,1,2014-10-04,1321,Terra,MODIS,83,6.2,292.9,10.7,N,0
-26.4044,141.7498,303.6,1,1,2014-10-04,1321,Terra,MODIS,56,6.2,293.3,4.7,N,0
-20.0301,133.2891,309.5,2.1,1.4,2014-10-04,1323,Terra,MODIS,78,6.2,291.5,29,N,0
-20.0308,133.2836,313,2.1,1.4,2014-10-04,1323,Terra,MODIS,86,6.2,291.6,37.2,N,0
-16.0169,144.2351,302.5,1.7,1.3,2014-10-04,1323,Terra,MODIS,44,6.2,291.9,9,N,0
-16.0196,144.219,327.6,1.7,1.3,2014-10-04,1323,Terra,MODIS,100,6.2,293.2,56.2,N,0
-16.0222,144.2032,321.2,1.7,1.3,2014-10-04,1323,Terra,MODIS,100,6.2,292.8,40.1,N,0
-15.9823,144.2283,313.6,1.7,1.3,2014-10-04,1323,Terra,MODIS,87,6.2,291.8,25.1,N,0
-15.9849,144.2127,309.3,1.7,1.3,2014-10-04,1323,Terra,MODIS,77,6.2,292,18,N,0
-15.9876,144.1968,304.8,1.7,1.3,2014-10-04,1323,Terra,MODIS,62,6.2,291.9,11.6,N,0
-15.9406,144.4735,310.7,1.8,1.3,2014-10-04,1323,Terra,MODIS,81,6.2,290.7,23.1,N,0
-15.9553,144.4585,302.5,1.8,1.3,2014-10-04,1323,Terra,MODIS,49,6.2,290.4,11.5,N,0
-15.9525,144.4753,309.4,1.8,1.3,2014-10-04,1323,Terra,MODIS,77,6.2,291.1,22.1,N,0
-15.4928,145.0846,302.7,2.1,1.4,2014-10-04,1323,Terra,MODIS,45,6.2,291.6,12.6,N,0
-15.3336,143.6307,302.3,1.6,1.3,2014-10-04,1323,Terra,MODIS,17,6.2,292,7.6,N,0
-18.2617,145.9623,301.5,2.1,1.4,2014-10-04,1323,Terra,MODIS,12,6.2,288.3,13.7,N,0
-15.3162,145.1246,305.9,2.1,1.4,2014-10-04,1323,Terra,MODIS,66,6.2,292.6,17.6,N,0
-15.3832,143.6093,309.1,1.6,1.2,2014-10-04,1323,Terra,MODIS,75,6.2,291.9,15.8,N,0
-15.3159,145.1181,308.3,2.1,1.4,2014-10-04,1323,Terra,MODIS,74,6.2,292.7,23.3,N,0
-15.3968,143.5964,306.4,1.6,1.2,2014-10-04,1323,Terra,MODIS,42,6.2,292,12.8,N,0
-18.2782,145.943,302.8,2.1,1.4,2014-10-04,1323,Terra,MODIS,18,6.2,290.1,16.4,N,0
-18.2744,145.9644,319.3,2.1,1.4,2014-10-04,1323,Terra,MODIS,98,6.2,290.8,52.5,N,0
-15.3123,143.6888,327.9,1.6,1.3,2014-10-04,1323,Terra,MODIS,100,6.2,293,53.3,N,0
-15.2773,143.5543,302.8,1.6,1.2,2014-10-04,1323,Terra,MODIS,51,6.2,292,8.9,N,0
-15.3149,143.6735,320.2,1.6,1.3,2014-10-04,1323,Terra,MODIS,100,6.2,292.2,35.8,N,0
-15.3174,143.6583,303.1,1.6,1.3,2014-10-04,1323,Terra,MODIS,48,6.2,291.4,8.9,N,0
-15.2178,145.1595,302.1,2.1,1.4,2014-10-04,1323,Terra,MODIS,47,6.2,291.8,12.5,N,0
-17.4614,130.4964,305.7,3.2,1.7,2014-10-04,1323,Terra,MODIS,65,6.2,293.2,30.9,N,0
-13.5572,130.3654,306.1,2.9,1.6,2014-10-04,1324,Terra,MODIS,62,6.2,292.8,30.6,N,0
-13.556,130.3585,305.7,2.9,1.6,2014-10-04,1324,Terra,MODIS,59,6.2,292.7,29.6,N,0
-14.6657,133.2864,326.9,1.8,1.3,2014-10-04,1324,Terra,MODIS,100,6.2,298.3,50.4,N,0
-12.9203,142.1786,306.2,1.4,1.2,2014-10-04,1324,Terra,MODIS,22,6.2,292.7,8.1,N,0
-14.4143,133.7703,317.4,1.6,1.3,2014-10-04,1324,Terra,MODIS,95,6.2,295.3,27.1,N,0
-14.4137,133.7789,310.5,1.6,1.3,2014-10-04,1324,Terra,MODIS,78,6.2,294.9,16.5,N,0
-12.9223,142.1657,314.6,1.4,1.2,2014-10-04,1324,Terra,MODIS,90,6.2,293.3,18.2,N,0
-14.4156,133.764,311.1,1.6,1.3,2014-10-04,1324,Terra,MODIS,80,6.2,296,17.2,N,0
-14.6539,133.2849,310.1,1.8,1.3,2014-10-04,1324,Terra,MODIS,77,6.2,297.4,14.1,N,0
-12.4996,135.6506,321,1.2,1.1,2014-10-04,1324,Terra,MODIS,100,6.2,295,21.8,N,0
-14.6638,133.303,312.9,1.8,1.3,2014-10-04,1324,Terra,MODIS,84,6.2,298.1,18,N,0
-12.4914,135.6385,345.8,1.2,1.1,2014-10-04,1324,Terra,MODIS,100,6.2,296.3,67.1,N,0
-14.8225,133.402,316.6,1.8,1.3,2014-10-04,1324,Terra,MODIS,93,6.2,297.7,26.6,N,0
-14.3685,133.7731,311.2,1.6,1.3,2014-10-04,1324,Terra,MODIS,68,6.2,296.1,15.7,N,0
-14.8244,133.3856,319.3,1.8,1.3,2014-10-04,1324,Terra,MODIS,98,6.2,298.1,32.2,N,0
-14.4961,144.5215,304.2,1.9,1.4,2014-10-04,1324,Terra,MODIS,59,6.2,292.5,13.1,N,0
-12.5011,135.6399,316.9,1.2,1.1,2014-10-04,1324,Terra,MODIS,94,6.2,294.7,17,N,0
-14.3817,133.7595,331,1.6,1.3,2014-10-04,1324,Terra,MODIS,100,6.2,298.1,56.1,N,0
-14.3724,133.8344,307.8,1.6,1.2,2014-10-04,1324,Terra,MODIS,69,6.2,297.6,11.7,N,0
-14.2532,133.7827,306.7,1.6,1.3,2014-10-04,1324,Terra,MODIS,62,6.2,296.5,9.5,N,0
-12.49,135.6492,305.7,1.2,1.1,2014-10-04,1324,Terra,MODIS,65,6.2,294.1,6.8,N,0
-14.8155,133.3947,312.7,1.8,1.3,2014-10-04,1324,Terra,MODIS,84,6.2,297.4,20.2,N,0
-14.3854,133.7292,312.2,1.6,1.3,2014-10-04,1324,Terra,MODIS,69,6.2,296.9,17.6,N,0
-14.3835,133.7443,341.9,1.6,1.3,2014-10-04,1324,Terra,MODIS,100,6.2,299.9,90.7,N,0
-14.8272,133.3962,317.2,1.8,1.3,2014-10-04,1324,Terra,MODIS,94,6.2,298,28.8,N,0
-14.3722,133.7429,319.1,1.6,1.3,2014-10-04,1324,Terra,MODIS,98,6.2,297.2,29.1,N,0
-14.6689,133.2972,322.1,1.8,1.3,2014-10-04,1324,Terra,MODIS,100,6.2,298.3,37.4,N,0
-12.9243,142.1528,308.9,1.4,1.2,2014-10-04,1324,Terra,MODIS,66,6.2,293.1,11.3,N,0
-12.4929,135.6277,307.7,1.2,1.1,2014-10-04,1324,Terra,MODIS,72,6.2,294.5,8.6,N,0
-14.671,133.2806,314.5,1.8,1.3,2014-10-04,1324,Terra,MODIS,88,6.2,297.5,21.8,N,0
-14.6592,133.2792,315.2,1.8,1.3,2014-10-04,1324,Terra,MODIS,90,6.2,297.8,24.3,N,0
-12.6996,141.8253,318.1,1.3,1.2,2014-10-04,1324,Terra,MODIS,96,6.2,293.6,23.2,N,0
-12.7015,141.813,304.7,1.3,1.1,2014-10-04,1324,Terra,MODIS,60,6.2,292.4,7.3,N,0
-12.4449,141.8922,303.7,1.4,1.2,2014-10-04,1324,Terra,MODIS,57,6.2,292.6,7.3,N,0
-13.4706,131.9365,305,2.2,1.4,2014-10-04,1324,Terra,MODIS,5,6.2,294.7,10.8,N,0
-13.9102,135.7013,305.7,1.2,1.1,2014-10-04,1324,Terra,MODIS,64,6.2,294.8,7.7,N,0
-13.5664,134.2549,305.9,1.5,1.2,2014-10-04,1324,Terra,MODIS,65,6.2,294.9,10.3,N,0
-14.1972,134.0576,307.5,1.5,1.2,2014-10-04,1324,Terra,MODIS,66,6.2,297.3,8.9,N,0
-14.2237,134.2047,313.2,1.5,1.2,2014-10-04,1324,Terra,MODIS,85,6.2,296.8,16.2,N,0
-12.5768,142.8146,302.4,1.6,1.2,2014-10-04,1324,Terra,MODIS,48,6.2,291.4,7.7,N,0
-14.2202,134.2326,306.9,1.5,1.2,2014-10-04,1324,Terra,MODIS,66,6.2,296.8,9,N,0
-14.2219,134.2187,314.6,1.5,1.2,2014-10-04,1324,Terra,MODIS,89,6.2,297.1,18.5,N,0
-14.1632,134.0465,308,1.5,1.2,2014-10-04,1324,Terra,MODIS,71,6.2,296.2,10.8,N,0
-13.84,132.4494,304.8,2,1.4,2014-10-04,1324,Terra,MODIS,49,6.2,292.7,14.2,N,0
-25.8438,152.8557,304,1.3,1.1,2014-10-04,1452,Aqua,MODIS,58,6.2,286,11.5,N,0
-25.8487,152.8479,325.4,1.3,1.1,2014-10-04,1452,Aqua,MODIS,100,6.2,286.5,38.3,N,0
-25.8511,152.8611,315.5,1.3,1.1,2014-10-04,1452,Aqua,MODIS,80,6.2,286.8,23.3,N,0
-25.859,152.8458,301.1,1.3,1.1,2014-10-04,1452,Aqua,MODIS,37,6.2,285,9.9,N,0
-41.5651,148.2177,313.1,1.3,1.1,2014-10-04,1457,Aqua,MODIS,86,6.2,285.4,19.9,N,0
-41.5679,148.2329,317,1.3,1.1,2014-10-04,1457,Aqua,MODIS,94,6.2,286.1,24.3,N,0
-42.5593,147.754,308.2,1.3,1.1,2014-10-04,1457,Aqua,MODIS,55,6.2,284.3,14.2,N,0
-42.5685,147.76,309.4,1.3,1.1,2014-10-04,1457,Aqua,MODIS,56,6.2,284.4,15.7,N,0
-41.6393,147.7305,300.9,1.3,1.1,2014-10-04,1457,Aqua,MODIS,17,6.2,282.4,10.1,N,0
-41.6422,147.7458,310.1,1.3,1.1,2014-10-04,1457,Aqua,MODIS,79,6.2,283.5,18.3,N,0
-41.6522,147.7421,300.8,1.3,1.1,2014-10-04,1457,Aqua,MODIS,26,6.2,281.7,9.9,N,0
-22.6602,122.7182,346.6,2.2,1.4,2014-10-04,1500,Terra,MODIS,100,6.2,298.2,169.6,N,0
-22.9413,117.9421,309.7,1.1,1,2014-10-04,1500,Terra,MODIS,78,6.2,294.6,8.9,N,0
-22.6514,122.6943,319.1,2.2,1.4,2014-10-04,1500,Terra,MODIS,69,6.2,280.3,52.4,N,0
-22.9225,117.9384,307.1,1.1,1,2014-10-04,1500,Terra,MODIS,64,6.2,293.6,6.9,N,0
-22.6642,122.6972,354.2,2.2,1.4,2014-10-04,1500,Terra,MODIS,100,6.2,296.4,221.8,N,0
-22.0824,115.4889,303.8,1,1,2014-10-04,1501,Terra,MODIS,57,6.2,292.6,5.7,N,0
-21.5477,117.704,307,1.1,1.1,2014-10-04,1501,Terra,MODIS,15,6.2,293.8,6.5,N,0
-21.505,117.8232,311.5,1.1,1.1,2014-10-04,1501,Terra,MODIS,82,6.2,296.4,9.7,N,0
-21.5067,117.8122,306,1.1,1.1,2014-10-04,1501,Terra,MODIS,65,6.2,295.8,5.5,N,0
-21.5101,117.7904,310.2,1.1,1.1,2014-10-04,1501,Terra,MODIS,79,6.2,296.4,8.7,N,0
-21.5118,117.7795,312.1,1.1,1.1,2014-10-04,1501,Terra,MODIS,72,6.2,296.4,10.2,N,0
-21.4937,117.8324,322.2,1.1,1.1,2014-10-04,1501,Terra,MODIS,100,6.2,297.3,20.7,N,0
-21.4955,117.8213,323.5,1.1,1.1,2014-10-04,1501,Terra,MODIS,100,6.2,296.5,22,N,0
-21.504,117.767,306.4,1.1,1.1,2014-10-04,1501,Terra,MODIS,67,6.2,295.8,6.1,N,0
-21.4845,117.6425,306,1.1,1.1,2014-10-04,1501,Terra,MODIS,9,6.2,295.1,5.3,N,0
-21.6091,117.4974,328.7,1.1,1,2014-10-04,1501,Terra,MODIS,100,6.2,294.2,30.2,N,0
-21.6108,117.4869,312.9,1.1,1,2014-10-04,1501,Terra,MODIS,86,6.2,292.3,12.2,N,0
-21.5395,117.6632,305.4,1.1,1.1,2014-10-04,1501,Terra,MODIS,27,6.2,294.7,5.6,N,0
-21.5301,117.6616,307,1.1,1.1,2014-10-04,1501,Terra,MODIS,34,6.2,294.8,6.3,N,0
-21.5162,117.6261,312.4,1.1,1,2014-10-04,1501,Terra,MODIS,57,6.2,295.3,10,N,0
-21.6313,116.8121,306,1,1,2014-10-04,1501,Terra,MODIS,47,6.2,293.9,5.9,N,0
-21.6343,116.7922,304.2,1,1,2014-10-04,1501,Terra,MODIS,21,6.2,293.7,4.3,N,0
-21.6252,116.7906,313.6,1,1,2014-10-04,1501,Terra,MODIS,87,6.2,294,11.2,N,0
-21.6321,116.5577,307.7,1,1,2014-10-04,1501,Terra,MODIS,72,6.2,292.6,8,N,0
-21.3508,119.716,308.9,1.4,1.2,2014-10-04,1501,Terra,MODIS,71,6.2,298.8,8.6,N,0
-12.6959,141.8391,306.3,2.3,1.5,2014-10-04,1627,Aqua,MODIS,43,6.2,291.1,23.8,N,0
-12.6917,141.8321,307.8,2.3,1.5,2014-10-04,1627,Aqua,MODIS,57,6.2,291.5,27.7,N,0
-12.9018,142.1926,303.5,2.5,1.5,2014-10-04,1627,Aqua,MODIS,55,6.2,290.1,20.2,N,0
-12.8101,132.8971,309.4,1.1,1.1,2014-10-04,1627,Aqua,MODIS,77,6.2,296.6,8.4,N,0
-12.8992,142.17,305.3,2.5,1.5,2014-10-04,1627,Aqua,MODIS,64,6.2,290.1,24,N,0
-12.9062,142.1763,310,2.5,1.5,2014-10-04,1627,Aqua,MODIS,79,6.2,290.5,34.8,N,0
-14.4084,133.7753,304.2,1,1,2014-10-04,1628,Aqua,MODIS,27,6.2,293.7,4.2,N,0
-14.6643,133.2806,312.7,1,1,2014-10-04,1628,Aqua,MODIS,85,6.2,295.5,10.2,N,0
-14.3874,133.7593,327,1,1,2014-10-04,1628,Aqua,MODIS,100,6.2,297,23.1,N,0
-14.3951,133.7484,310.1,1,1,2014-10-04,1628,Aqua,MODIS,28,6.2,295.6,7.5,N,0
-14.3798,133.7701,345.9,1,1,2014-10-04,1628,Aqua,MODIS,100,6.2,299,53.9,N,0
-14.3721,133.7809,316.2,1,1,2014-10-04,1628,Aqua,MODIS,93,6.2,296.2,12.8,N,0
-14.6658,133.2903,306.8,1,1,2014-10-04,1628,Aqua,MODIS,52,6.2,295.8,5.5,N,0
-14.386,133.7498,318.9,1,1,2014-10-04,1628,Aqua,MODIS,98,6.2,296.8,15,N,0
-14.3784,133.7607,328.8,1,1,2014-10-04,1628,Aqua,MODIS,100,6.2,297,25.4,N,0
-14.3707,133.7715,310.7,1,1,2014-10-04,1628,Aqua,MODIS,47,6.2,296.4,7.9,N,0
-14.5781,132.1349,307,1.2,1.1,2014-10-04,1628,Aqua,MODIS,70,6.2,296,6.3,N,0
-13.5537,130.3745,309.1,1.6,1.2,2014-10-04,1628,Aqua,MODIS,76,6.2,293.6,16.3,N,0
-13.4944,131.9595,309.5,1.2,1.1,2014-10-04,1628,Aqua,MODIS,28,6.2,295,9,N,0
-13.9233,136.4487,312.7,1.1,1,2014-10-04,1628,Aqua,MODIS,85,6.2,292.6,12.8,N,0
-13.9325,132.5937,309.6,1.1,1.1,2014-10-04,1628,Aqua,MODIS,78,6.2,295.3,9.6,N,0
-14.3267,132.8193,308.6,1.1,1,2014-10-04,1628,Aqua,MODIS,75,6.2,295.7,8.3,N,0
-14.1561,134.0541,305.9,1,1,2014-10-04,1628,Aqua,MODIS,66,6.2,293.3,6.4,N,0
-13.9247,136.4585,316.4,1.1,1,2014-10-04,1628,Aqua,MODIS,93,6.2,293,16.1,N,0
-13.8673,136.8504,314.4,1.1,1,2014-10-04,1628,Aqua,MODIS,89,6.2,291.6,16.2,N,0
-13.5609,134.2653,305.1,1,1,2014-10-04,1628,Aqua,MODIS,63,6.2,292.8,6.1,N,0
-13.8622,136.8475,315,1.1,1,2014-10-04,1628,Aqua,MODIS,90,6.2,291.7,16.3,N,0
-13.5699,134.2639,306.3,1,1,2014-10-04,1628,Aqua,MODIS,68,6.2,292.6,6.8,N,0
-18.1044,131.3275,312.2,1.2,1.1,2014-10-04,1629,Aqua,MODIS,74,6.2,291,13.7,N,0
-18.1073,131.3214,301.7,1.2,1.1,2014-10-04,1629,Aqua,MODIS,44,6.2,290.3,6.5,N,0
-17.5372,132.7253,324.8,1,1,2014-10-04,1629,Aqua,MODIS,100,6.2,294.6,23.1,N,0
-18.0659,131.3342,300.4,1.2,1.1,2014-10-04,1629,Aqua,MODIS,25,6.2,289.8,5.4,N,0
-17.5357,132.7156,303.4,1,1,2014-10-04,1629,Aqua,MODIS,39,6.2,293.1,4.5,N,0
-18.0948,131.3292,306.4,1.2,1.1,2014-10-04,1629,Aqua,MODIS,39,6.2,290.8,8.9,N,0
-18.1091,131.3323,300.6,1.2,1.1,2014-10-04,1629,Aqua,MODIS,31,6.2,289.9,5.8,N,0
-16.9159,127.1408,306.3,2.3,1.5,2014-10-04,1629,Aqua,MODIS,5,6.2,292.1,17.4,N,0
-18.078,130.7706,303.5,1.2,1.1,2014-10-04,1629,Aqua,MODIS,55,6.2,290.6,8.2,N,0
-18.0761,130.7589,310.6,1.2,1.1,2014-10-04,1629,Aqua,MODIS,80,6.2,291.3,14.9,N,0
-17.3579,127.0425,313.5,2.3,1.5,2014-10-04,1629,Aqua,MODIS,87,6.2,294.5,35.9,N,0
-16.9368,127.1294,306,2.3,1.5,2014-10-04,1629,Aqua,MODIS,26,6.2,293.5,17.4,N,0
-16.9237,127.132,322.2,2.3,1.5,2014-10-04,1629,Aqua,MODIS,100,6.2,293.1,59.8,N,0
-16.9291,127.1383,335.8,2.3,1.5,2014-10-04,1629,Aqua,MODIS,100,6.2,294.6,118.6,N,0
-17.3946,127.0307,307.5,2.3,1.5,2014-10-04,1629,Aqua,MODIS,20,6.2,295.2,19.3,N,0
-17.4077,127.0277,315.7,2.3,1.5,2014-10-04,1629,Aqua,MODIS,92,6.2,295.3,39.8,N,0
-17.371,127.0399,323.7,2.3,1.5,2014-10-04,1629,Aqua,MODIS,100,6.2,295.7,67.2,N,0
-17.3552,127.0381,311.1,2.3,1.5,2014-10-04,1629,Aqua,MODIS,73,6.2,294,28.7,N,0
-17.3683,127.0356,318.7,2.3,1.5,2014-10-04,1629,Aqua,MODIS,97,6.2,294.7,49.7,N,0
-17.3724,127.0575,306.1,2.3,1.5,2014-10-04,1629,Aqua,MODIS,8,6.2,295.1,17.3,N,0
-20.1168,133.3991,302,1,1,2014-10-04,1629,Aqua,MODIS,46,6.2,290.2,5.8,N,0
-20.0505,133.3279,311.4,1,1,2014-10-04,1629,Aqua,MODIS,82,6.2,291,11.3,N,0
-20.0519,133.3374,300.6,1,1,2014-10-04,1629,Aqua,MODIS,21,6.2,290.3,4.4,N,0
-16.9277,127.1533,318.3,2.3,1.5,2014-10-04,1629,Aqua,MODIS,93,6.2,293.8,47.3,N,0
-16.0863,127.9533,309.2,2.1,1.4,2014-10-04,1629,Aqua,MODIS,77,6.2,295.6,18.7,N,0
-17.3842,127.0375,327.2,2.3,1.5,2014-10-04,1629,Aqua,MODIS,100,6.2,296.2,80.2,N,0
-17.3815,127.0332,326.5,2.3,1.5,2014-10-04,1629,Aqua,MODIS,100,6.2,296.2,76.9,N,0
-16.9539,127.1481,305.5,2.3,1.5,2014-10-04,1629,Aqua,MODIS,65,6.2,294.2,18,N,0
-16.9407,127.1505,312.2,2.3,1.5,2014-10-04,1629,Aqua,MODIS,84,6.2,294.3,32.3,N,0
-16.0758,127.8947,328.8,2.1,1.4,2014-10-04,1629,Aqua,MODIS,100,6.2,295.8,74.3,N,0
-16.0794,127.9147,312.3,2.1,1.4,2014-10-04,1629,Aqua,MODIS,85,6.2,294.9,24.6,N,0
-19.5659,126.931,310.6,2.1,1.4,2014-10-04,1630,Aqua,MODIS,73,6.2,293,25.4,N,0
-22.6392,122.6665,305.3,3.7,1.8,2014-10-04,1631,Aqua,MODIS,29,6.2,294.3,33.9,N,0
-25.8271,131.3843,318.3,1,1,2014-10-04,1631,Aqua,MODIS,97,6.2,293.9,16.2,N,0
-22.6468,122.7019,329.6,3.7,1.8,2014-10-04,1631,Aqua,MODIS,100,6.2,296,184.3,N,0
-22.6543,122.737,308.8,3.7,1.8,2014-10-04,1631,Aqua,MODIS,47,6.2,292.3,54.9,N,0
-25.8255,131.3743,309.1,1,1,2014-10-04,1631,Aqua,MODIS,76,6.2,293.4,8.8,N,0
-11.8473,142.6476,316.8,3.8,1.8,2014-10-05,0014,Terra,MODIS,49,6.2,296.8,52.7,D,0
-13.1107,143.031,314.2,3.4,1.7,2014-10-05,0015,Terra,MODIS,44,6.2,297.2,31.7,D,0
-15.0354,145.0998,333.6,2.1,1.4,2014-10-05,0015,Terra,MODIS,84,6.2,302.1,79.5,D,0
-15.0388,145.1187,340.8,2.1,1.4,2014-10-05,0015,Terra,MODIS,89,6.2,302.2,110.5,D,0
-14.2992,142.2445,318.3,3.6,1.8,2014-10-05,0015,Terra,MODIS,64,6.2,299.8,51,D,0
-15.2167,145.1607,324,2.1,1.4,2014-10-05,0015,Terra,MODIS,68,6.2,302.5,35.6,D,0
-14.5245,144.3495,320.1,2.5,1.5,2014-10-05,0015,Terra,MODIS,47,6.2,302.9,23.6,D,0
-15.2164,145.1538,317.4,2.1,1.4,2014-10-05,0015,Terra,MODIS,39,6.2,302.9,17.8,D,0
-14.4986,144.5194,323.8,2.4,1.5,2014-10-05,0015,Terra,MODIS,49,6.2,301.1,40.8,D,0
-15.3168,143.6843,329.8,2.7,1.6,2014-10-05,0015,Terra,MODIS,80,6.2,300.1,87.3,D,0
-15.3277,143.6889,327.4,2.7,1.6,2014-10-05,0015,Terra,MODIS,76,6.2,299.2,72.3,D,0
-14.5387,144.511,337.5,2.4,1.5,2014-10-05,0015,Terra,MODIS,88,6.2,302.9,103.9,D,0
-15.3309,143.6816,322.4,2.7,1.6,2014-10-05,0015,Terra,MODIS,70,6.2,298.8,53.9,D,0
-14.3063,142.2355,317,3.6,1.8,2014-10-05,0015,Terra,MODIS,60,6.2,300.1,42.8,D,0
-14.5365,144.5272,329.3,2.4,1.5,2014-10-05,0015,Terra,MODIS,81,6.2,303.1,64,D,0
-14.5326,144.5057,331.5,2.4,1.5,2014-10-05,0015,Terra,MODIS,83,6.2,301.7,73.6,D,0
-15.4181,143.081,319.6,3,1.6,2014-10-05,0015,Terra,MODIS,66,6.2,301.6,37.5,D,0
-15.2199,145.173,323.2,2.1,1.4,2014-10-05,0015,Terra,MODIS,72,6.2,300.9,36.7,D,0
-15.292,145.1334,318,2.1,1.4,2014-10-05,0015,Terra,MODIS,50,6.2,299.8,23.6,D,0
-14.9473,145.1221,328.1,2.1,1.4,2014-10-05,0015,Terra,MODIS,70,6.2,304.7,52.3,D,0
-14.96,145.1199,322.5,2.1,1.4,2014-10-05,0015,Terra,MODIS,50,6.2,303,36.2,D,0
-14.5348,144.3645,319.4,2.5,1.5,2014-10-05,0015,Terra,MODIS,44,6.2,302.4,23.2,D,0
-14.2357,143.4801,315.8,2.9,1.6,2014-10-05,0015,Terra,MODIS,34,6.2,298.8,26.1,D,0
-14.5084,144.2572,319.1,2.5,1.5,2014-10-05,0015,Terra,MODIS,62,6.2,301.2,26.9,D,0
-14.4513,144.4113,324.6,2.5,1.5,2014-10-05,0015,Terra,MODIS,76,6.2,300.7,53.1,D,0
-15.4397,145.0792,324.3,2.1,1.4,2014-10-05,0015,Terra,MODIS,44,6.2,301.4,38.5,D,0
-14.5024,144.5405,329.2,2.4,1.5,2014-10-05,0015,Terra,MODIS,73,6.2,303.7,64.7,D,0
-15.9716,144.2072,319.1,2.4,1.5,2014-10-05,0015,Terra,MODIS,60,6.2,302.5,22.9,D,0
-15.9755,144.2296,331.9,2.4,1.5,2014-10-05,0015,Terra,MODIS,83,6.2,304.2,72.2,D,0
-15.9831,144.2209,337.3,2.4,1.5,2014-10-05,0015,Terra,MODIS,87,6.2,304.5,98.2,D,0
-16.0231,144.2129,321.5,2.4,1.5,2014-10-05,0015,Terra,MODIS,65,6.2,304.6,27.1,D,0
-15.4972,145.1032,328,2.1,1.4,2014-10-05,0015,Terra,MODIS,78,6.2,303.3,41.6,D,0
-15.9351,144.4623,317.3,2.3,1.5,2014-10-05,0015,Terra,MODIS,37,6.2,303.4,21.9,D,0
-15.4684,145.0882,322.6,2.1,1.4,2014-10-05,0015,Terra,MODIS,39,6.2,301.3,27.8,D,0
-15.4845,145.1051,328.8,2.1,1.4,2014-10-05,0015,Terra,MODIS,75,6.2,303.8,44.5,D,0
-15.0163,144.9182,320.2,2.2,1.4,2014-10-05,0015,Terra,MODIS,53,6.2,301.4,29.3,D,0
-14.9998,144.9001,320.8,2.2,1.4,2014-10-05,0015,Terra,MODIS,69,6.2,301.2,31.3,D,0
-15.0035,144.9208,321.5,2.2,1.4,2014-10-05,0015,Terra,MODIS,70,6.2,302.6,34.3,D,0
-13.1375,141.8865,313.9,4.1,1.9,2014-10-05,0015,Terra,MODIS,56,6.2,297.8,42.9,D,0
-13.1273,141.8577,312.7,4.1,1.9,2014-10-05,0015,Terra,MODIS,49,6.2,297.4,34.7,D,0
-25.3962,152.3111,321.2,1.2,1.1,2014-10-05,0017,Terra,MODIS,62,6.2,300.6,17.8,D,0
-20.6896,143.1519,326.2,2.3,1.5,2014-10-05,0017,Terra,MODIS,65,6.2,310.5,26.5,D,0
-22.0133,149.5055,317,1,1,2014-10-05,0017,Terra,MODIS,0,6.2,298.3,7.4,D,0
-22.0118,149.4959,318.8,1,1,2014-10-05,0017,Terra,MODIS,45,6.2,299.5,9,D,0
-22.8379,148.9875,321.1,1,1,2014-10-05,0017,Terra,MODIS,58,6.2,304.2,8.7,D,0
-22.9909,149.5158,319,1,1,2014-10-05,0017,Terra,MODIS,19,6.2,303.5,4.4,D,0
-22.8273,149.0399,323.7,1,1,2014-10-05,0017,Terra,MODIS,42,6.2,303.5,10.4,D,0
-22.2829,149.4611,321.7,1,1,2014-10-05,0017,Terra,MODIS,64,6.2,303.7,9.7,D,0
-22.2814,149.4514,332.7,1,1,2014-10-05,0017,Terra,MODIS,82,6.2,303.9,23.2,D,0
-23.4444,150.3549,320.4,1,1,2014-10-05,0017,Terra,MODIS,66,6.2,303.6,9.4,D,0
-27.3154,152.9809,316.6,1.4,1.2,2014-10-05,0018,Terra,MODIS,46,6.2,299.9,9,D,2
-25.8399,152.8555,323.6,1.3,1.1,2014-10-05,0018,Terra,MODIS,50,6.2,297.2,21.9,D,0
-25.8416,152.8689,350.9,1.3,1.1,2014-10-05,0018,Terra,MODIS,95,6.2,297,87.7,D,0
-25.8432,152.8822,334.7,1.3,1.1,2014-10-05,0018,Terra,MODIS,84,6.2,294.4,43,D,0
-25.8503,152.8541,343.2,1.3,1.1,2014-10-05,0018,Terra,MODIS,86,6.2,297.1,61.8,D,0
-31.8638,151.8816,331.4,1.4,1.2,2014-10-05,0019,Terra,MODIS,84,6.2,301.1,40,D,0
-31.8654,151.8957,322.5,1.4,1.2,2014-10-05,0019,Terra,MODIS,75,6.2,300.3,24.7,D,0
-31.867,151.91,310.7,1.4,1.2,2014-10-05,0019,Terra,MODIS,22,6.2,298.4,9.4,D,0
-31.4485,152.0465,313.8,1.4,1.2,2014-10-05,0019,Terra,MODIS,61,6.2,297.3,13.8,D,0
-32.6135,151.7824,316.2,1.4,1.2,2014-10-05,0019,Terra,MODIS,57,6.2,301.5,13.6,D,0
-31.4587,151.249,315.2,1.3,1.1,2014-10-05,0019,Terra,MODIS,59,6.2,297.6,17.2,D,0
-31.4688,151.2474,312.3,1.3,1.1,2014-10-05,0019,Terra,MODIS,46,6.2,295.4,13.8,D,0
-32.6045,151.7986,343.8,1.4,1.2,2014-10-05,0019,Terra,MODIS,92,6.2,302.3,72,D,0
-32.6062,151.8137,316.1,1.4,1.2,2014-10-05,0019,Terra,MODIS,40,6.2,300.4,13.4,D,0
-32.6151,151.7966,317,1.4,1.2,2014-10-05,0019,Terra,MODIS,61,6.2,300.2,15.4,D,0
-31.7116,147.6227,319.8,1,1,2014-10-05,0019,Terra,MODIS,46,6.2,309.6,6,D,0
-29.8614,149.8096,322.7,1.1,1,2014-10-05,0019,Terra,MODIS,50,6.2,308.1,9.9,D,0
-29.868,149.8138,319.6,1.1,1,2014-10-05,0019,Terra,MODIS,55,6.2,306.3,7.7,D,0
-30.0117,152.9512,310.8,1.5,1.2,2014-10-05,0019,Terra,MODIS,54,6.2,299.5,10.1,D,0
-29.5254,153.1864,311.5,1.6,1.2,2014-10-05,0019,Terra,MODIS,47,6.2,299.1,11.2,D,0
-29.5236,153.1702,317.3,1.5,1.2,2014-10-05,0019,Terra,MODIS,66,6.2,298,18.9,D,0
-35.7923,150.0812,323.1,1.2,1.1,2014-10-05,0020,Terra,MODIS,81,6.2,300.3,22.3,D,0
-33.6973,151.2655,310.6,1.4,1.2,2014-10-05,0020,Terra,MODIS,0,6.2,299.7,7.6,D,0
-33.7237,151.2164,316.3,1.3,1.1,2014-10-05,0020,Terra,MODIS,69,6.2,301.9,13.7,D,0
-33.7254,151.2314,315.5,1.3,1.1,2014-10-05,0020,Terra,MODIS,64,6.2,300.5,12,D,0
-33.2848,149.1005,311.2,1.1,1,2014-10-05,0020,Terra,MODIS,35,6.2,298.8,4.4,D,0
-36.2846,149.4431,308,1.2,1.1,2014-10-05,0020,Terra,MODIS,60,6.2,296.1,6.1,D,0
-11.8873,132.7855,342.1,1.8,1.3,2014-10-05,0152,Terra,MODIS,88,6.2,311.2,68.6,D,0
-12.2618,136.4028,320.7,3.4,1.7,2014-10-05,0152,Terra,MODIS,0,6.2,302.3,46.7,D,0
-11.1981,132.3137,328.4,1.6,1.2,2014-10-05,0152,Terra,MODIS,53,6.2,306.9,23.7,D,0
-11.9384,132.8116,328,1.8,1.3,2014-10-05,0152,Terra,MODIS,57,6.2,307.1,19,D,0
-11.2,132.3282,328.8,1.6,1.2,2014-10-05,0152,Terra,MODIS,56,6.2,306.8,24.9,D,0
-13.4963,131.9622,340.5,1.6,1.3,2014-10-05,0153,Terra,MODIS,85,6.2,308.3,51,D,0
-14.2222,134.2421,326.5,2.5,1.5,2014-10-05,0153,Terra,MODIS,44,6.2,306.9,26.6,D,0
-14.2289,134.2482,326.9,2.5,1.5,2014-10-05,0153,Terra,MODIS,50,6.2,305.2,28.6,D,0
-14.2261,134.2253,346,2.5,1.5,2014-10-05,0153,Terra,MODIS,90,6.2,307.3,139.8,D,0
-14.1482,134.032,329,2.4,1.5,2014-10-05,0153,Terra,MODIS,23,6.2,308.8,32.2,D,0
-13.9216,132.6059,329.6,1.8,1.3,2014-10-05,0153,Terra,MODIS,42,6.2,307,24,D,0
-13.9335,132.6045,331.1,1.8,1.3,2014-10-05,0153,Terra,MODIS,63,6.2,307.9,25.6,D,0
-14.2332,134.2179,336.3,2.5,1.5,2014-10-05,0153,Terra,MODIS,80,6.2,304.7,76.6,D,0
-14.2358,134.2407,328.8,2.5,1.5,2014-10-05,0153,Terra,MODIS,60,6.2,304.5,37.1,D,0
-13.5085,131.9702,326,1.6,1.3,2014-10-05,0153,Terra,MODIS,28,6.2,307.1,13.7,D,0
-14.3307,132.8232,336.9,1.9,1.4,2014-10-05,0153,Terra,MODIS,81,6.2,308.6,50.9,D,0
-14.337,132.81,332.1,1.9,1.4,2014-10-05,0153,Terra,MODIS,73,6.2,307.1,33.7,D,0
-14.3271,132.8293,334.3,1.9,1.4,2014-10-05,0153,Terra,MODIS,77,6.2,309.1,40.4,D,0
-13.9272,132.5996,333.3,1.8,1.3,2014-10-05,0153,Terra,MODIS,76,6.2,308.5,32.7,D,0
-13.4699,131.9357,336.5,1.6,1.2,2014-10-05,0153,Terra,MODIS,80,6.2,309.1,37.8,D,0
-13.9391,132.5979,326.2,1.8,1.3,2014-10-05,0153,Terra,MODIS,37,6.2,307.7,12.6,D,0
-14.2019,134.0632,326.1,2.4,1.5,2014-10-05,0153,Terra,MODIS,24,6.2,306.3,22.6,D,0
-14.2072,134.0695,332.9,2.4,1.5,2014-10-05,0153,Terra,MODIS,75,6.2,307,51.7,D,0
-13.4972,131.9716,328.6,1.6,1.3,2014-10-05,0153,Terra,MODIS,27,6.2,306.4,17.9,D,0
-14.2807,132.1166,332.3,1.7,1.3,2014-10-05,0153,Terra,MODIS,73,6.2,311.3,21.2,D,0
-13.4954,131.9564,338.3,1.6,1.3,2014-10-05,0153,Terra,MODIS,82,6.2,309.2,44.1,D,0
-13.4823,131.9432,334,1.6,1.3,2014-10-05,0153,Terra,MODIS,69,6.2,308.4,28.8,D,0
-13.8594,132.4944,337.8,1.8,1.3,2014-10-05,0153,Terra,MODIS,66,6.2,306.8,53.9,D,0
-13.483,131.9489,341.1,1.6,1.3,2014-10-05,0153,Terra,MODIS,85,6.2,308.8,51.7,D,0
-12.919,135.8228,334.3,3.1,1.7,2014-10-05,0153,Terra,MODIS,81,6.2,299.9,121.7,D,0
-12.4975,132.9893,327.9,1.9,1.3,2014-10-05,0153,Terra,MODIS,48,6.2,301.6,35.9,D,0
-12.2813,133.0129,327.1,1.9,1.3,2014-10-05,0153,Terra,MODIS,41,6.2,308.6,21.8,D,0
-12.4855,132.9912,324,1.9,1.3,2014-10-05,0153,Terra,MODIS,50,6.2,301.7,26.1,D,0
-12.7291,135.4901,330.6,2.9,1.6,2014-10-05,0153,Terra,MODIS,76,6.2,302.6,67.4,D,0
-12.2834,133.0299,329.7,1.9,1.3,2014-10-05,0153,Terra,MODIS,55,6.2,310.5,28.6,D,0
-12.7259,135.4632,339.1,2.9,1.6,2014-10-05,0153,Terra,MODIS,86,6.2,302.2,125.8,D,0
-12.7295,135.4834,338,2.9,1.6,2014-10-05,0153,Terra,MODIS,85,6.2,302.9,118.3,D,0
-12.7265,135.4565,332.3,2.9,1.6,2014-10-05,0153,Terra,MODIS,79,6.2,301.6,77.3,D,0
-12.3656,135.6054,323,3,1.6,2014-10-05,0153,Terra,MODIS,46,6.2,299.1,45,D,0
-12.9796,131.4929,332.1,1.5,1.2,2014-10-05,0153,Terra,MODIS,68,6.2,310.6,14.4,D,0
-14.0755,129.7656,326,1.2,1.1,2014-10-05,0153,Terra,MODIS,51,6.2,307.4,18.2,D,0
-12.788,130.5669,344.8,1.3,1.1,2014-10-05,0153,Terra,MODIS,88,6.2,309.3,48,D,0
-12.7779,130.5682,338.7,1.3,1.1,2014-10-05,0153,Terra,MODIS,81,6.2,308.8,35.3,D,0
-12.7896,130.5786,331.9,1.3,1.1,2014-10-05,0153,Terra,MODIS,53,6.2,310.3,18.6,D,0
-12.7795,130.58,332.5,1.3,1.1,2014-10-05,0153,Terra,MODIS,66,6.2,308.9,22,D,0
-14.6684,133.3753,332.7,2.2,1.4,2014-10-05,0153,Terra,MODIS,69,6.2,311.1,41.1,D,0
-14.3648,133.8987,324.7,2.3,1.5,2014-10-05,0153,Terra,MODIS,28,6.2,304.8,20.8,D,0
-14.3774,133.8607,327.3,2.3,1.5,2014-10-05,0153,Terra,MODIS,38,6.2,306.4,24.6,D,0
-14.6693,133.3817,332,2.2,1.4,2014-10-05,0153,Terra,MODIS,63,6.2,310,36.1,D,0
-14.3708,133.8332,326.6,2.3,1.5,2014-10-05,0153,Terra,MODIS,20,6.2,307,21.8,D,0
-14.3865,133.8529,340.3,2.3,1.5,2014-10-05,0153,Terra,MODIS,85,6.2,306.5,90.4,D,0
-14.8241,133.3712,340.2,2.2,1.4,2014-10-05,0153,Terra,MODIS,85,6.2,307.6,85,D,0
-14.403,133.7648,388.9,2.3,1.5,2014-10-05,0153,Terra,MODIS,100,6.2,308.8,593.8,D,0
-14.384,133.8315,364.3,2.3,1.5,2014-10-05,0153,Terra,MODIS,100,6.2,307.3,273.1,D,0
-14.6389,133.3453,328.6,2.1,1.4,2014-10-05,0153,Terra,MODIS,56,6.2,309.7,23.3,D,0
-14.4162,133.7631,332.7,2.3,1.5,2014-10-05,0153,Terra,MODIS,74,6.2,304.1,58.9,D,0
-14.4055,133.7859,342,2.3,1.5,2014-10-05,0153,Terra,MODIS,86,6.2,306,103.4,D,0
-14.3923,133.7876,329.3,2.3,1.5,2014-10-05,0153,Terra,MODIS,40,6.2,306.8,35,D,0
-12.9887,131.478,341.8,1.5,1.2,2014-10-05,0153,Terra,MODIS,86,6.2,311.9,40,D,0
-14.8265,133.3911,332.3,2.2,1.4,2014-10-05,0153,Terra,MODIS,74,6.2,308.8,48.9,D,0
-15.317,135.4174,329.7,3.2,1.7,2014-10-05,0153,Terra,MODIS,71,6.2,302.1,76.5,D,0
-12.9779,131.4794,340.7,1.5,1.2,2014-10-05,0153,Terra,MODIS,85,6.2,311.7,37.1,D,0
-12.7011,136.2895,320.7,3.4,1.7,2014-10-05,0153,Terra,MODIS,30,6.2,301.8,40.3,D,0
-14.3667,133.8835,331,2.3,1.5,2014-10-05,0153,Terra,MODIS,66,6.2,306,44.3,D,0
-14.8136,133.3927,332.3,2.2,1.4,2014-10-05,0153,Terra,MODIS,74,6.2,309.2,49.7,D,0
-12.9751,131.4863,334.8,1.5,1.2,2014-10-05,0153,Terra,MODIS,75,6.2,311,21.4,D,0
-14.3732,133.8545,326.8,2.3,1.5,2014-10-05,0153,Terra,MODIS,30,6.2,306.2,24.8,D,0
-14.3747,133.8393,338.9,2.3,1.5,2014-10-05,0153,Terra,MODIS,83,6.2,307.4,75.5,D,0
-14.3898,133.7664,327.6,2.3,1.5,2014-10-05,0153,Terra,MODIS,36,6.2,308.1,33.1,D,0
-14.4005,133.7439,348.7,2.3,1.5,2014-10-05,0153,Terra,MODIS,92,6.2,304.9,147.7,D,0
-14.5342,129.9908,326.3,1.2,1.1,2014-10-05,0153,Terra,MODIS,25,6.2,305.7,11.9,D,0
-14.0423,129.8151,323.4,1.2,1.1,2014-10-05,0153,Terra,MODIS,32,6.2,304.8,13.6,D,0
-13.5559,130.3703,353.8,1.3,1.1,2014-10-05,0153,Terra,MODIS,96,6.2,305.8,80.1,D,0
-13.5575,130.3766,346.5,1.3,1.1,2014-10-05,0153,Terra,MODIS,90,6.2,305.5,58.3,D,0
-16.6717,130.6121,339.7,1.4,1.2,2014-10-05,0154,Terra,MODIS,83,6.2,311.4,40.8,D,0
-17.9475,130.6671,328.5,1.5,1.2,2014-10-05,0154,Terra,MODIS,55,6.2,315.1,11.6,D,0
-18.27,130.7767,337.5,1.6,1.2,2014-10-05,0154,Terra,MODIS,80,6.2,319.5,30,D,0
-18.2717,130.7915,333.3,1.6,1.2,2014-10-05,0154,Terra,MODIS,47,6.2,316.9,20.1,D,0
-16.9506,127.5925,332,1,1,2014-10-05,0154,Terra,MODIS,49,6.2,316.2,10.6,D,0
-17.3518,127.0515,334.6,1,1,2014-10-05,0154,Terra,MODIS,29,6.2,313.7,13,D,0
-17.0659,124.5415,335.6,1.1,1,2014-10-05,0154,Terra,MODIS,62,6.2,313.1,18.1,D,0
-16.9834,128.1468,345.4,1.1,1,2014-10-05,0154,Terra,MODIS,89,6.2,314.8,37.5,D,0
-17.4047,127.0338,373,1,1,2014-10-05,0154,Terra,MODIS,100,6.2,314.4,106,D,0
-17.406,127.0432,416.5,1,1,2014-10-05,0154,Terra,MODIS,100,6.2,319.8,353.1,D,0
-17.4139,127.0361,336.3,1,1,2014-10-05,0154,Terra,MODIS,70,6.2,307,19.6,D,0
-17.0003,127.2946,328.2,1,1,2014-10-05,0154,Terra,MODIS,31,6.2,311.6,8.6,D,0
-17.0048,127.3915,337.5,1,1,2014-10-05,0154,Terra,MODIS,79,6.2,314.9,19.5,D,0
-17.0034,127.3819,336.7,1,1,2014-10-05,0154,Terra,MODIS,77,6.2,315.2,18,D,0
-16.89,127.0376,348.2,1,1,2014-10-05,0154,Terra,MODIS,91,6.2,309.8,35.6,D,0
-16.9934,127.3703,330.8,1,1,2014-10-05,0154,Terra,MODIS,64,6.2,314.9,9.9,D,0
-17.4293,127.0145,340.3,1,1,2014-10-05,0154,Terra,MODIS,69,6.2,312.9,22.7,D,0
-17.4306,127.0239,387.4,1,1,2014-10-05,0154,Terra,MODIS,100,6.2,315.3,169.7,D,0
-17.432,127.0333,362.2,1,1,2014-10-05,0154,Terra,MODIS,100,6.2,309.5,75.9,D,0
-17.4397,127.0225,352.5,1,1,2014-10-05,0154,Terra,MODIS,94,6.2,307,51.4,D,0
-17.441,127.032,335,1,1,2014-10-05,0154,Terra,MODIS,73,6.2,307.1,19.5,D,0
-16.992,127.3608,332,1,1,2014-10-05,0154,Terra,MODIS,67,6.2,315.1,11.9,D,0
-16.8823,127.0484,413.4,1,1,2014-10-05,0154,Terra,MODIS,100,6.2,317.8,324.9,D,0
-17.0395,124.5563,336.4,1.1,1,2014-10-05,0154,Terra,MODIS,55,6.2,313.1,18.6,D,0
-17.2432,126.8722,338.3,1,1,2014-10-05,0154,Terra,MODIS,78,6.2,318.2,14,D,0
-17.2342,126.8735,338.6,1,1,2014-10-05,0154,Terra,MODIS,79,6.2,315.3,14.1,D,0
-16.881,127.039,358.9,1,1,2014-10-05,0154,Terra,MODIS,99,6.2,314,60,D,0
-16.8733,127.0498,373.4,1,1,2014-10-05,0154,Terra,MODIS,100,6.2,319.5,108.2,D,0
-17.6433,130.4276,335.1,1.4,1.2,2014-10-05,0154,Terra,MODIS,75,6.2,316.7,21.6,D,0
-17.6471,130.3721,341.8,1.4,1.2,2014-10-05,0154,Terra,MODIS,46,6.2,316.5,41.3,D,0
-17.6595,130.3841,345.8,1.4,1.2,2014-10-05,0154,Terra,MODIS,74,6.2,318.2,51.6,D,0
-17.6791,130.3677,344.3,1.4,1.2,2014-10-05,0154,Terra,MODIS,69,6.2,315,50.3,D,0
-18.8186,129.0501,346,1.2,1.1,2014-10-05,0154,Terra,MODIS,88,6.2,322,39.4,D,0
-18.8202,129.0618,345.7,1.2,1.1,2014-10-05,0154,Terra,MODIS,88,6.2,318.5,39.8,D,0
-18.8286,129.0487,337.5,1.2,1.1,2014-10-05,0154,Terra,MODIS,63,6.2,320,20.7,D,0
-18.8385,129.0473,345.2,1.2,1.1,2014-10-05,0154,Terra,MODIS,88,6.2,318.4,39.5,D,0
-18.8401,129.059,336.4,1.2,1.1,2014-10-05,0154,Terra,MODIS,63,6.2,318.3,20.6,D,0
-18.0711,130.7468,333.5,1.5,1.2,2014-10-05,0154,Terra,MODIS,69,6.2,316.5,24.5,D,0
-18.0729,130.7614,334.2,1.5,1.2,2014-10-05,0154,Terra,MODIS,64,6.2,315.3,25.6,D,0
-18.0876,130.7892,344.7,1.6,1.2,2014-10-05,0154,Terra,MODIS,88,6.2,318,54.7,D,0
-17.0252,124.5647,339.4,1.1,1,2014-10-05,0154,Terra,MODIS,62,6.2,312.6,24.2,D,0
-17.6879,130.4357,337.7,1.5,1.2,2014-10-05,0154,Terra,MODIS,74,6.2,316.2,33,D,0
-18.0883,130.7831,338.7,1.6,1.2,2014-10-05,0154,Terra,MODIS,74,6.2,317.4,31.5,D,0
-17.0314,124.5429,334.4,1.1,1,2014-10-05,0154,Terra,MODIS,36,6.2,314.9,13.1,D,0
-17.3699,127.0487,346,1,1,2014-10-05,0154,Terra,MODIS,88,6.2,313.1,31.3,D,0
-17.3685,127.0393,339.9,1,1,2014-10-05,0154,Terra,MODIS,55,6.2,314.9,18.7,D,0
-17.6806,130.4307,333.3,1.5,1.2,2014-10-05,0154,Terra,MODIS,38,6.2,316.8,21.7,D,0
-16.6824,130.6107,346.8,1.4,1.2,2014-10-05,0154,Terra,MODIS,90,6.2,311.7,64.8,D,0
-17.4861,130.5444,343.9,1.5,1.2,2014-10-05,0154,Terra,MODIS,84,6.2,315.6,48.8,D,0
-17.4753,130.5459,334.3,1.5,1.2,2014-10-05,0154,Terra,MODIS,61,6.2,315,24.9,D,0
-16.8747,127.0591,366.6,1,1,2014-10-05,0154,Terra,MODIS,100,6.2,314.6,86.4,D,0
-16.8837,127.0578,371.3,1,1,2014-10-05,0154,Terra,MODIS,100,6.2,313.1,102.3,D,0
-16.6842,130.6242,327.9,1.4,1.2,2014-10-05,0154,Terra,MODIS,43,6.2,309.9,13.5,D,0
-18.3257,130.6803,334.6,1.5,1.2,2014-10-05,0154,Terra,MODIS,70,6.2,314.6,25.4,D,0
-16.8918,127.1142,359.2,1,1,2014-10-05,0154,Terra,MODIS,99,6.2,308.6,68,D,0
-18.2696,130.7829,345.3,1.6,1.2,2014-10-05,0154,Terra,MODIS,89,6.2,318.7,56.5,D,0
-16.1107,127.8884,333.9,1,1,2014-10-05,0154,Terra,MODIS,71,6.2,309.3,16.6,D,0
-16.6932,130.6094,342.8,1.4,1.2,2014-10-05,0154,Terra,MODIS,87,6.2,309.4,51.9,D,0
-18.3275,130.6949,350.3,1.5,1.2,2014-10-05,0154,Terra,MODIS,93,6.2,317.5,78.1,D,0
-16.8945,127.1331,329.9,1,1,2014-10-05,0154,Terra,MODIS,26,6.2,310.5,10.4,D,0
-16.8914,127.047,357,1,1,2014-10-05,0154,Terra,MODIS,98,6.2,311.3,57.7,D,0
-16.8981,127.094,330.5,1,1,2014-10-05,0154,Terra,MODIS,56,6.2,299.3,13.7,D,0
-16.9009,127.1129,342.6,1,1,2014-10-05,0154,Terra,MODIS,85,6.2,301.4,30.7,D,0
-16.9022,127.1223,344.3,1,1,2014-10-05,0154,Terra,MODIS,87,6.2,308.6,32.7,D,0
-16.9036,127.1317,343.1,1,1,2014-10-05,0154,Terra,MODIS,86,6.2,313.2,29.5,D,0
-16.9049,127.1412,341.9,1,1,2014-10-05,0154,Terra,MODIS,83,6.2,314.3,26.3,D,0
-17.3997,127.0635,338.5,1,1,2014-10-05,0154,Terra,MODIS,79,6.2,312.1,22.1,D,0
-17.0315,124.5056,333.5,1.1,1,2014-10-05,0154,Terra,MODIS,66,6.2,316.7,13.8,D,0
-17.0267,124.5124,333.8,1.1,1,2014-10-05,0154,Terra,MODIS,53,6.2,315.8,11.9,D,0
-17.0251,124.5022,341.5,1.1,1,2014-10-05,0154,Terra,MODIS,85,6.2,314.2,26.1,D,0
-16.961,128.1913,332.5,1.1,1,2014-10-05,0154,Terra,MODIS,70,6.2,315.9,12.8,D,0
-16.9819,128.1366,327.6,1.1,1,2014-10-05,0154,Terra,MODIS,35,6.2,313.3,7.3,D,0
-17.6913,130.4293,333.5,1.5,1.2,2014-10-05,0154,Terra,MODIS,64,6.2,314.7,24.6,D,0
-17.3608,127.0501,346.9,1,1,2014-10-05,0154,Terra,MODIS,86,6.2,314.1,33.2,D,0
-17.388,127.046,338.7,1,1,2014-10-05,0154,Terra,MODIS,36,6.2,312.3,18.8,D,0
-17.3893,127.0554,337.2,1,1,2014-10-05,0154,Terra,MODIS,50,6.2,312.6,18.1,D,0
-17.3956,127.0351,358.8,1,1,2014-10-05,0154,Terra,MODIS,99,6.2,312.6,59.8,D,0
-17.397,127.0446,336.8,1,1,2014-10-05,0154,Terra,MODIS,21,6.2,311.2,16,D,0
-16.9515,127.1438,335.7,1,1,2014-10-05,0154,Terra,MODIS,76,6.2,310.4,20.9,D,0
-17.67,130.4659,350.1,1.5,1.2,2014-10-05,0154,Terra,MODIS,93,6.2,315.4,70.8,D,0
-17.6592,130.4673,332,1.5,1.2,2014-10-05,0154,Terra,MODIS,39,6.2,315.9,15.8,D,0
-17.652,130.4962,341.1,1.5,1.2,2014-10-05,0154,Terra,MODIS,84,6.2,315.1,42.8,D,0
-16.0836,127.9617,328.4,1,1,2014-10-05,0154,Terra,MODIS,22,6.2,308,9.6,D,0
-16.0822,127.9518,336.3,1,1,2014-10-05,0154,Terra,MODIS,74,6.2,309.9,20.5,D,0
-16.0808,127.942,333.8,1,1,2014-10-05,0154,Terra,MODIS,66,6.2,310.6,16.7,D,0
-16.0768,127.913,330.6,1,1,2014-10-05,0154,Terra,MODIS,46,6.2,312.4,11.2,D,0
-16.0754,127.9034,334.2,1,1,2014-10-05,0154,Terra,MODIS,72,6.2,311.2,17.2,D,0
-16.074,127.8937,328.1,1,1,2014-10-05,0154,Terra,MODIS,29,6.2,310.7,7.8,D,0
-16.8274,122.9355,335.5,1.3,1.1,2014-10-05,0154,Terra,MODIS,67,6.2,309.2,24.1,D,0
-16.8294,122.9478,337.7,1.3,1.1,2014-10-05,0154,Terra,MODIS,72,6.2,311.4,29,D,0
-16.8436,122.9705,352.8,1.3,1.1,2014-10-05,0154,Terra,MODIS,95,6.2,312.2,72.8,D,0
-16.9353,127.2236,333.7,1,1,2014-10-05,0154,Terra,MODIS,65,6.2,310.8,18.4,D,0
-16.9366,127.2331,328.9,1,1,2014-10-05,0154,Terra,MODIS,16,6.2,310.3,11.5,D,0
-16.9443,127.2222,333,1,1,2014-10-05,0154,Terra,MODIS,43,6.2,310.9,15.5,D,0
-16.9457,127.2317,345.3,1,1,2014-10-05,0154,Terra,MODIS,88,6.2,314.8,35.3,D,0
-16.9471,127.2412,335.3,1,1,2014-10-05,0154,Terra,MODIS,46,6.2,313.6,18.2,D,0
-16.9561,127.2398,344.7,1,1,2014-10-05,0154,Terra,MODIS,88,6.2,316.2,32.7,D,0
-16.9575,127.2493,339,1,1,2014-10-05,0154,Terra,MODIS,69,6.2,313.1,22.4,D,0
-16.8456,122.9827,346.6,1.3,1.1,2014-10-05,0154,Terra,MODIS,90,6.2,310.8,54.1,D,0
-16.8354,122.9845,326.2,1.3,1.1,2014-10-05,0154,Terra,MODIS,26,6.2,307.8,10.4,D,0
-17.3776,127.0379,331.7,1,1,2014-10-05,0154,Terra,MODIS,23,6.2,313,7.4,D,0
-16.7927,122.9163,334.6,1.3,1.1,2014-10-05,0154,Terra,MODIS,76,6.2,308.2,28.6,D,0
-16.9596,128.1811,332.7,1.1,1,2014-10-05,0154,Terra,MODIS,71,6.2,316.5,12.6,D,0
-16.8238,124.116,337.3,1.1,1.1,2014-10-05,0154,Terra,MODIS,77,6.2,311,23.3,D,0
-16.8255,124.1266,338.3,1.1,1.1,2014-10-05,0154,Terra,MODIS,71,6.2,314.4,23.4,D,0
-16.9076,127.1601,331.7,1,1,2014-10-05,0154,Terra,MODIS,32,6.2,312.3,12.7,D,0
-16.9181,127.1682,334,1,1,2014-10-05,0154,Terra,MODIS,47,6.2,311.7,15.9,D,0
-16.9529,127.1532,327.6,1,1,2014-10-05,0154,Terra,MODIS,37,6.2,309,10.7,D,0
-18.1827,131.6551,334.8,1.8,1.3,2014-10-05,0154,Terra,MODIS,75,6.2,309.4,45.2,D,0
-18.2897,131.7335,328.6,1.8,1.3,2014-10-05,0154,Terra,MODIS,61,6.2,315,19.9,D,0
-18.2877,131.7163,367.6,1.8,1.3,2014-10-05,0154,Terra,MODIS,100,6.2,319.9,214.6,D,0
-18.2858,131.6992,344.6,1.8,1.3,2014-10-05,0154,Terra,MODIS,87,6.2,314.8,75.9,D,0
-18.2781,131.631,373.3,1.8,1.3,2014-10-05,0154,Terra,MODIS,100,6.2,308.7,265.9,D,0
-18.2942,131.7219,359.9,1.8,1.3,2014-10-05,0154,Terra,MODIS,99,6.2,320.3,156.8,D,0
-18.3016,131.7321,344.9,1.8,1.3,2014-10-05,0154,Terra,MODIS,89,6.2,316.8,79.8,D,0
-18.2997,131.7148,378.3,1.8,1.3,2014-10-05,0154,Terra,MODIS,100,6.2,322.5,307.8,D,0
-17.7831,131.7641,334.3,1.8,1.3,2014-10-05,0154,Terra,MODIS,67,6.2,318.7,23.3,D,0
-17.8142,131.3543,343.4,1.7,1.3,2014-10-05,0154,Terra,MODIS,85,6.2,316,58.4,D,0
-18.1859,131.3145,332.4,1.7,1.3,2014-10-05,0154,Terra,MODIS,28,6.2,315.9,23.6,D,0
-18.2205,131.31,333.5,1.7,1.3,2014-10-05,0154,Terra,MODIS,48,6.2,315.3,27.4,D,0
-17.7912,131.3573,334.8,1.7,1.3,2014-10-05,0154,Terra,MODIS,24,6.2,318.3,27.5,D,0
-18.0289,131.7904,336.2,1.8,1.3,2014-10-05,0154,Terra,MODIS,77,6.2,319,31,D,0
-18.0309,131.8075,346.1,1.8,1.3,2014-10-05,0154,Terra,MODIS,90,6.2,318.8,76.9,D,0
-18.0365,131.8013,346.8,1.8,1.3,2014-10-05,0154,Terra,MODIS,88,6.2,319.8,78.4,D,0
-18.0485,131.7998,337.3,1.8,1.3,2014-10-05,0154,Terra,MODIS,69,6.2,318.8,41.6,D,0
-18.0604,131.7983,368.2,1.8,1.3,2014-10-05,0154,Terra,MODIS,100,6.2,318.8,213,D,0
-18.0624,131.8156,341.2,1.8,1.3,2014-10-05,0154,Terra,MODIS,65,6.2,316.3,57.9,D,0
-18.0703,131.7796,334.2,1.8,1.3,2014-10-05,0154,Terra,MODIS,25,6.2,313.3,27.9,D,0
-18.0723,131.7968,362.5,1.8,1.3,2014-10-05,0154,Terra,MODIS,100,6.2,317.3,174.2,D,0
-18.0823,131.778,340.1,1.8,1.3,2014-10-05,0154,Terra,MODIS,84,6.2,311.8,57.1,D,0
-18.0843,131.7952,386.1,1.8,1.3,2014-10-05,0154,Terra,MODIS,100,6.2,318.1,391,D,0
-17.8218,132.0965,344.2,1.9,1.4,2014-10-05,0154,Terra,MODIS,86,6.2,317.6,72.7,D,0
-17.834,132.095,385.7,1.9,1.4,2014-10-05,0154,Terra,MODIS,100,6.2,320.5,405.7,D,0
-18.4195,130.9797,349.6,1.6,1.3,2014-10-05,0154,Terra,MODIS,92,6.2,315.3,83.5,D,0
-17.8361,132.113,333.7,1.9,1.4,2014-10-05,0154,Terra,MODIS,68,6.2,315.8,34.9,D,0
-17.8462,132.0935,334.7,1.9,1.4,2014-10-05,0154,Terra,MODIS,53,6.2,312.9,36.8,D,0
-18.2921,131.7047,369.9,1.8,1.3,2014-10-05,0154,Terra,MODIS,100,6.2,319,226.5,D,0
-18.2822,131.7233,365,1.8,1.3,2014-10-05,0154,Terra,MODIS,100,6.2,318.6,192.7,D,0
-18.2802,131.7062,354.2,1.8,1.3,2014-10-05,0154,Terra,MODIS,96,6.2,316.4,119.7,D,0
-18.274,131.655,357.2,1.8,1.3,2014-10-05,0154,Terra,MODIS,98,6.2,313.5,142.3,D,0
-18.272,131.6381,427.4,1.8,1.3,2014-10-05,0154,Terra,MODIS,100,6.2,319.8,1047.3,D,0
-18.2699,131.6212,388.5,1.8,1.3,2014-10-05,0154,Terra,MODIS,100,6.2,313.6,416.5,D,0
-18.2642,131.6735,332.3,1.8,1.3,2014-10-05,0154,Terra,MODIS,33,6.2,314.7,28.6,D,0
-18.2622,131.6565,406.7,1.8,1.3,2014-10-05,0154,Terra,MODIS,100,6.2,324.2,654.4,D,0
-18.2601,131.6396,390.1,1.8,1.3,2014-10-05,0154,Terra,MODIS,100,6.2,320.3,426.9,D,0
-18.2581,131.6226,350.5,1.8,1.3,2014-10-05,0154,Terra,MODIS,93,6.2,312.5,113,D,0
-18.2503,131.658,348,1.8,1.3,2014-10-05,0154,Terra,MODIS,91,6.2,314.5,91.6,D,0
-18.2483,131.641,357.7,1.8,1.3,2014-10-05,0154,Terra,MODIS,98,6.2,315.8,146.8,D,0
-18.2463,131.6241,357.7,1.8,1.3,2014-10-05,0154,Terra,MODIS,98,6.2,313.9,152.4,D,0
-17.7941,131.3627,340.8,1.7,1.3,2014-10-05,0154,Terra,MODIS,77,6.2,317.5,48.1,D,0
-17.8036,131.3454,333.9,1.7,1.3,2014-10-05,0154,Terra,MODIS,58,6.2,319,20.3,D,0
-18.2108,131.6286,342,1.8,1.3,2014-10-05,0154,Terra,MODIS,86,6.2,306.5,72.9,D,0
-18.2127,131.7493,386.6,1.8,1.3,2014-10-05,0154,Terra,MODIS,100,6.2,314.4,401.9,D,0
-18.2009,131.647,331.5,1.8,1.3,2014-10-05,0154,Terra,MODIS,68,6.2,309.7,35.8,D,0
-18.199,131.6301,412.8,1.8,1.3,2014-10-05,0154,Terra,MODIS,100,6.2,320.3,758.3,D,0
-18.1971,131.6132,348.3,1.8,1.3,2014-10-05,0154,Terra,MODIS,92,6.2,310.6,99.8,D,0
-18.2007,131.7508,337.7,1.8,1.3,2014-10-05,0154,Terra,MODIS,71,6.2,312.9,53.1,D,0
-18.1891,131.6485,347.2,1.8,1.3,2014-10-05,0154,Terra,MODIS,91,6.2,310.6,96,D,0
-18.1872,131.6316,368.5,1.8,1.3,2014-10-05,0154,Terra,MODIS,100,6.2,315.3,225.9,D,0
-18.1852,131.6147,327.1,1.8,1.3,2014-10-05,0154,Terra,MODIS,20,6.2,311.9,20.6,D,0
-17.8056,131.3613,360.2,1.7,1.3,2014-10-05,0154,Terra,MODIS,100,6.2,318.2,138.1,D,0
-18.2044,131.6352,392.2,1.8,1.3,2014-10-05,0154,Terra,MODIS,100,6.2,313.5,457.1,D,0
-18.2023,131.6183,379.6,1.8,1.3,2014-10-05,0154,Terra,MODIS,100,6.2,311.2,317.2,D,0
-18.207,131.7558,402.3,1.8,1.3,2014-10-05,0154,Terra,MODIS,100,6.2,321.5,595.7,D,0
-18.1946,131.6536,326.4,1.8,1.3,2014-10-05,0154,Terra,MODIS,47,6.2,308.4,22.1,D,0
-18.1925,131.6367,377.9,1.8,1.3,2014-10-05,0154,Terra,MODIS,100,6.2,314.9,303.8,D,0
-18.1905,131.6198,361.8,1.8,1.3,2014-10-05,0154,Terra,MODIS,100,6.2,313.2,172.5,D,0
-18.1807,131.6382,373.8,1.8,1.3,2014-10-05,0154,Terra,MODIS,100,6.2,316.4,265.2,D,0
-18.1787,131.6213,353,1.8,1.3,2014-10-05,0154,Terra,MODIS,95,6.2,313.8,120.1,D,0
-18.1689,131.6396,336.2,1.8,1.3,2014-10-05,0154,Terra,MODIS,79,6.2,313.7,48.5,D,0
-18.0307,131.3466,350.1,1.7,1.3,2014-10-05,0154,Terra,MODIS,93,6.2,316.6,87.2,D,0
-18.0192,131.348,342.3,1.7,1.3,2014-10-05,0154,Terra,MODIS,69,6.2,317.8,52.2,D,0
-17.9741,131.3432,337.4,1.7,1.3,2014-10-05,0154,Terra,MODIS,68,6.2,318.1,33,D,0
-17.4763,130.7308,331.1,1.5,1.2,2014-10-05,0154,Terra,MODIS,66,6.2,313.9,18.5,D,0
-17.4654,130.7322,350.9,1.5,1.2,2014-10-05,0154,Terra,MODIS,93,6.2,314.7,80.2,D,0
-18.3094,131.2922,332,1.7,1.3,2014-10-05,0154,Terra,MODIS,48,6.2,316.6,23.4,D,0
-18.3255,131.7291,346.8,1.8,1.3,2014-10-05,0154,Terra,MODIS,90,6.2,313.6,94.8,D,0
-18.3136,131.7306,333.7,1.8,1.3,2014-10-05,0154,Terra,MODIS,74,6.2,310.8,38.2,D,0
-18.3116,131.7134,370.7,1.8,1.3,2014-10-05,0154,Terra,MODIS,100,6.2,311.7,245.3,D,0
-17.5558,132.7281,326.4,2.1,1.4,2014-10-05,0154,Terra,MODIS,40,6.2,311.6,25.5,D,0
-18.3061,131.7204,369.7,1.8,1.3,2014-10-05,0154,Terra,MODIS,100,6.2,317.4,229.7,D,0
-18.304,131.7032,390.7,1.8,1.3,2014-10-05,0154,Terra,MODIS,100,6.2,318.8,437.8,D,0
-18.0962,131.7936,335.2,1.8,1.3,2014-10-05,0154,Terra,MODIS,71,6.2,310.1,39.1,D,0
-18.13,131.772,344.4,1.8,1.3,2014-10-05,0154,Terra,MODIS,88,6.2,317.3,71.6,D,0
-18.1321,131.7892,337.2,1.8,1.3,2014-10-05,0154,Terra,MODIS,60,6.2,315.5,43.2,D,0
-18.1373,131.7819,350.1,1.8,1.3,2014-10-05,0154,Terra,MODIS,93,6.2,317.7,97.7,D,0
-18.1971,131.7746,345.7,1.8,1.3,2014-10-05,0154,Terra,MODIS,64,6.2,318.2,75.7,D,0
-18.2091,131.773,353.4,1.8,1.3,2014-10-05,0154,Terra,MODIS,95,6.2,315.7,116.6,D,0
-18.2189,131.7543,355,1.8,1.3,2014-10-05,0154,Terra,MODIS,96,6.2,308,136.7,D,0
-18.2027,131.7681,349.6,1.8,1.3,2014-10-05,0154,Terra,MODIS,93,6.2,318.2,105.4,D,0
-18.2146,131.7666,374.3,1.8,1.3,2014-10-05,0154,Terra,MODIS,100,6.2,314.9,278.4,D,0
-17.8045,131.3717,335,1.7,1.3,2014-10-05,0154,Terra,MODIS,38,6.2,314.9,29.2,D,0
-18.3096,131.6962,383,1.8,1.3,2014-10-05,0154,Terra,MODIS,100,6.2,312.8,360.3,D,0
-18.2977,131.6977,370.2,1.8,1.3,2014-10-05,0154,Terra,MODIS,100,6.2,316.7,237.6,D,0
-17.9491,131.9413,349.7,1.9,1.3,2014-10-05,0154,Terra,MODIS,93,6.2,313.9,104.3,D,0
-17.9447,131.9485,351.9,1.9,1.3,2014-10-05,0154,Terra,MODIS,94,6.2,315.6,113.4,D,0
-18.0735,131.3347,333.3,1.7,1.3,2014-10-05,0154,Terra,MODIS,64,6.2,315.4,27.2,D,0
-18.0851,131.3332,342,1.7,1.3,2014-10-05,0154,Terra,MODIS,86,6.2,315.4,55.9,D,0
-18.0966,131.3317,338,1.7,1.3,2014-10-05,0154,Terra,MODIS,74,6.2,315.6,39.8,D,0
-18.1081,131.3302,348,1.7,1.3,2014-10-05,0154,Terra,MODIS,91,6.2,316.4,78.5,D,0
-18.1197,131.3287,334.9,1.7,1.3,2014-10-05,0154,Terra,MODIS,37,6.2,315.3,29.3,D,0
-18.1293,131.3112,334.3,1.7,1.3,2014-10-05,0154,Terra,MODIS,30,6.2,317,25.8,D,0
-18.1408,131.3098,334,1.7,1.3,2014-10-05,0154,Terra,MODIS,34,6.2,314.8,25.4,D,0
-17.8027,131.3558,348.9,1.7,1.3,2014-10-05,0154,Terra,MODIS,92,6.2,319,79.7,D,0
-17.9426,131.9309,348.3,1.9,1.3,2014-10-05,0154,Terra,MODIS,89,6.2,318.5,90.3,D,0
-17.9326,131.95,342.2,1.9,1.3,2014-10-05,0154,Terra,MODIS,77,6.2,315.3,62.5,D,0
-18.457,130.8156,335.2,1.6,1.2,2014-10-05,0154,Terra,MODIS,56,6.2,318.1,30.2,D,0
-17.3478,132.7253,341.7,2.1,1.4,2014-10-05,0154,Terra,MODIS,86,6.2,316,74.8,D,0
-17.4414,132.7484,335,2.1,1.4,2014-10-05,0154,Terra,MODIS,63,6.2,314.3,48.1,D,0
-17.4636,130.7181,356.4,1.5,1.2,2014-10-05,0154,Terra,MODIS,97,6.2,317.3,103.4,D,0
-18.4571,130.8213,340.2,1.6,1.2,2014-10-05,0154,Terra,MODIS,77,6.2,317.2,44.3,D,0
-18.4459,130.8228,333.3,1.6,1.2,2014-10-05,0154,Terra,MODIS,65,6.2,317.5,26.2,D,0
-16.5096,130.6051,331.1,1.4,1.2,2014-10-05,0154,Terra,MODIS,57,6.2,311.3,19,D,0
-18.4496,130.9448,333.2,1.6,1.2,2014-10-05,0154,Terra,MODIS,58,6.2,313.7,26.5,D,0
-18.4682,130.8141,331.3,1.6,1.2,2014-10-05,0154,Terra,MODIS,24,6.2,317.7,21.6,D,0
-19.5669,126.9169,337.3,1,1,2014-10-05,0155,Terra,MODIS,43,6.2,316.7,15.4,D,0
-19.5683,126.9267,343.3,1,1,2014-10-05,0155,Terra,MODIS,79,6.2,317.5,25.8,D,0
-19.5696,126.9364,340.8,1,1,2014-10-05,0155,Terra,MODIS,55,6.2,317.2,21.1,D,0
-19.576,126.9155,334.8,1,1,2014-10-05,0155,Terra,MODIS,44,6.2,318.9,11.8,D,0
-19.5802,126.9448,349.1,1,1,2014-10-05,0155,Terra,MODIS,91,6.2,317.1,37.5,D,0
-19.5815,126.9546,340.4,1,1,2014-10-05,0155,Terra,MODIS,45,6.2,316.9,19.9,D,0
-19.5921,126.963,352.3,1,1,2014-10-05,0155,Terra,MODIS,94,6.2,317.7,46.5,D,0
-19.5934,126.9727,331.9,1,1,2014-10-05,0155,Terra,MODIS,40,6.2,316,9.1,D,0
-19.7039,126.784,342.8,1,1,2014-10-05,0155,Terra,MODIS,84,6.2,318.5,23.2,D,0
-19.6882,126.6083,334.9,1,1,2014-10-05,0155,Terra,MODIS,69,6.2,318.3,13,D,0
-19.6012,126.9616,344.6,1,1,2014-10-05,0155,Terra,MODIS,86,6.2,317.4,28,D,0
-19.6026,126.9713,360,1,1,2014-10-05,0155,Terra,MODIS,100,6.2,317.5,65.3,D,0
-19.6095,126.9644,349.6,1,1,2014-10-05,0155,Terra,MODIS,91,6.2,317.5,40.8,D,0
-19.6109,126.9742,349.3,1,1,2014-10-05,0155,Terra,MODIS,91,6.2,316.9,40,D,0
-19.6201,126.9728,332.5,1,1,2014-10-05,0155,Terra,MODIS,62,6.2,315.8,11.1,D,0
-20.0943,133.4104,352.2,2.6,1.5,2014-10-05,0155,Terra,MODIS,94,6.2,321,180.9,D,0
-20.0969,133.4352,343.3,2.6,1.5,2014-10-05,0155,Terra,MODIS,87,6.2,318.2,111.3,D,0
-20.1083,133.4088,355.1,2.6,1.5,2014-10-05,0155,Terra,MODIS,96,6.2,318.5,212.6,D,0
-20.1109,133.4337,328.6,2.6,1.5,2014-10-05,0155,Terra,MODIS,38,6.2,316.7,27.1,D,0
-20.0993,133.403,354.2,2.6,1.5,2014-10-05,0155,Terra,MODIS,96,6.2,320.7,201.6,D,0
-20.1018,133.4279,352.2,2.6,1.5,2014-10-05,0155,Terra,MODIS,94,6.2,319,187,D,0
-20.1133,133.4014,339.5,2.6,1.5,2014-10-05,0155,Terra,MODIS,83,6.2,317.2,91,D,0
-20.0312,133.2751,343.2,2.5,1.5,2014-10-05,0155,Terra,MODIS,87,6.2,318,115.4,D,0
-20.04,133.2931,334.8,2.5,1.5,2014-10-05,0155,Terra,MODIS,72,6.2,318.3,63.5,D,0
-20.6148,133.4679,333.1,2.7,1.6,2014-10-05,0155,Terra,MODIS,74,6.2,319.7,54.8,D,0
-20.6289,133.4663,359.1,2.7,1.6,2014-10-05,0155,Terra,MODIS,99,6.2,318.2,265.6,D,0
-20.5936,119.6207,331.9,1.9,1.3,2014-10-05,0155,Terra,MODIS,72,6.2,311.7,34.1,D,0
-20.0376,133.269,339.9,2.5,1.5,2014-10-05,0155,Terra,MODIS,83,6.2,317.1,95.9,D,0
-19.7431,126.7978,336.3,1,1,2014-10-05,0155,Terra,MODIS,46,6.2,317.7,12,D,0
-19.7627,126.8047,335.4,1,1,2014-10-05,0155,Terra,MODIS,43,6.2,315.1,12.5,D,0
-19.7536,126.8061,337.2,1,1,2014-10-05,0155,Terra,MODIS,34,6.2,316.9,14.3,D,0
-22.4164,130.2812,329.3,1.6,1.3,2014-10-05,0155,Terra,MODIS,58,6.2,315.9,17.7,D,0
-22.4278,130.2797,328.5,1.6,1.3,2014-10-05,0155,Terra,MODIS,26,6.2,313.6,15,D,0
-19.7445,126.8075,334.3,1,1,2014-10-05,0155,Terra,MODIS,35,6.2,316.7,10.5,D,0
-22.6697,130.6041,350.4,1.7,1.3,2014-10-05,0155,Terra,MODIS,93,6.2,318.7,99.8,D,0
-22.6814,130.6026,338.6,1.7,1.3,2014-10-05,0155,Terra,MODIS,81,6.2,315,49.2,D,0
-19.4785,127.6669,336.2,1.1,1,2014-10-05,0155,Terra,MODIS,75,6.2,319,16.5,D,0
-22.4165,130.2709,335.4,1.6,1.3,2014-10-05,0155,Terra,MODIS,75,6.2,316.1,33.3,D,0
-22.4146,130.2653,330.8,1.6,1.3,2014-10-05,0155,Terra,MODIS,66,6.2,315.8,22.5,D,0
-21.8906,124.1471,345.8,1,1,2014-10-05,0155,Terra,MODIS,89,6.2,315.5,34.5,D,0
-21.889,124.1372,345.5,1,1,2014-10-05,0155,Terra,MODIS,89,6.2,316.9,33.2,D,0
-21.8951,124.1158,335,1,1,2014-10-05,0155,Terra,MODIS,62,6.2,312.5,15.9,D,0
-21.9042,124.1142,339.1,1,1,2014-10-05,0155,Terra,MODIS,81,6.2,314.6,22,D,0
-23.6289,124.9861,347.4,1,1,2014-10-05,0156,Terra,MODIS,89,6.2,317.6,33,D,0
-21.9842,124.277,349.4,1,1,2014-10-05,0156,Terra,MODIS,92,6.2,316,41.2,D,0
-22.9233,117.9487,325.1,2.2,1.4,2014-10-05,0156,Terra,MODIS,47,6.2,311.8,26.1,D,0
-21.9827,124.2671,351.5,1,1,2014-10-05,0156,Terra,MODIS,94,6.2,317,45.3,D,0
-23.6185,124.9779,345.6,1,1,2014-10-05,0156,Terra,MODIS,88,6.2,317.7,30,D,0
-22.6655,122.7014,353.8,1.1,1.1,2014-10-05,0156,Terra,MODIS,95,6.2,317.8,59.1,D,0
-21.9643,124.1486,362.9,1,1,2014-10-05,0156,Terra,MODIS,100,6.2,317.4,75.7,D,0
-22.9204,117.943,332.6,2.2,1.4,2014-10-05,0156,Terra,MODIS,79,6.2,311.8,59.9,D,0
-22.9714,125.0209,346.7,1,1,2014-10-05,0156,Terra,MODIS,89,6.2,319.5,29.3,D,0
-21.9659,124.1585,364.8,1,1,2014-10-05,0156,Terra,MODIS,100,6.2,317.6,81.1,D,0
-22.6673,122.7124,342.9,1.1,1.1,2014-10-05,0156,Terra,MODIS,86,6.2,315.7,32.4,D,0
-22.2524,125.7032,334.4,1,1,2014-10-05,0156,Terra,MODIS,66,6.2,315.3,10.5,D,0
-23.6275,124.9764,366.6,1,1,2014-10-05,0156,Terra,MODIS,100,6.2,319.1,81,D,0
-23.6351,124.9651,340,1,1,2014-10-05,0156,Terra,MODIS,81,6.2,318.1,18.4,D,0
-24.4956,126.3107,331.1,1.1,1,2014-10-05,0156,Terra,MODIS,62,6.2,315.8,8.7,D,0
-22.9102,117.951,326.8,2.2,1.4,2014-10-05,0156,Terra,MODIS,66,6.2,309.7,32.4,D,0
-23.6199,124.9876,360.1,1,1,2014-10-05,0156,Terra,MODIS,100,6.2,317.6,64.2,D,0
-23.6365,124.9748,341.5,1,1,2014-10-05,0156,Terra,MODIS,83,6.2,318.2,21,D,0
-22.9624,125.0224,336,1,1,2014-10-05,0156,Terra,MODIS,62,6.2,317.1,11.9,D,0
-22.251,125.6935,336.8,1,1,2014-10-05,0156,Terra,MODIS,69,6.2,318.5,13.5,D,0
-22.907,122.2443,335.1,1.2,1.1,2014-10-05,0156,Terra,MODIS,76,6.2,313.8,20.3,D,0
-22.9089,122.2558,374.4,1.2,1.1,2014-10-05,0156,Terra,MODIS,100,6.2,316.3,143.7,D,0
-22.9107,122.2672,329.8,1.2,1.1,2014-10-05,0156,Terra,MODIS,64,6.2,313.7,11.9,D,0
-23.7152,124.885,340.8,1,1,2014-10-05,0156,Terra,MODIS,69,6.2,317.4,19.6,D,0
-22.8469,122.1846,328.2,1.2,1.1,2014-10-05,0156,Terra,MODIS,49,6.2,312.6,10.1,D,0
-22.8449,122.173,344.7,1.2,1.1,2014-10-05,0156,Terra,MODIS,88,6.2,313.5,43.4,D,0
-23.9037,125.0409,337.5,1,1,2014-10-05,0156,Terra,MODIS,76,6.2,319.7,14.2,D,0
-23.918,125.1389,336.3,1,1,2014-10-05,0156,Terra,MODIS,74,6.2,321.1,10.6,D,0
-23.9118,125.16,334.7,1,1,2014-10-05,0156,Terra,MODIS,54,6.2,318.3,7.7,D,0
-23.8192,125.0918,346.7,1,1,2014-10-05,0156,Terra,MODIS,89,6.2,318.8,28.3,D,0
-23.8282,125.0903,342,1,1,2014-10-05,0156,Terra,MODIS,83,6.2,318.3,19.3,D,0
-23.7247,124.8874,337.5,1,1,2014-10-05,0156,Terra,MODIS,76,6.2,319.2,15.7,D,0
-23.6987,124.8978,334.6,1,1,2014-10-05,0156,Terra,MODIS,66,6.2,317.3,11.3,D,0
-22.8992,122.2576,362.3,1.2,1.1,2014-10-05,0156,Terra,MODIS,100,6.2,315,93.6,D,0
-22.901,122.2691,340,1.2,1.1,2014-10-05,0156,Terra,MODIS,83,6.2,311.9,30.3,D,0
-23.7232,124.8776,336,1,1,2014-10-05,0156,Terra,MODIS,73,6.2,317.5,13.2,D,0
-21.486,117.8225,327.7,2.4,1.5,2014-10-05,0156,Terra,MODIS,70,6.2,309.8,48.2,D,0
-21.4904,117.8458,324.2,2.4,1.5,2014-10-05,0156,Terra,MODIS,60,6.2,308.1,35.5,D,0
-21.5086,117.7938,360,2.5,1.5,2014-10-05,0156,Terra,MODIS,99,6.2,311.4,261.5,D,0
-21.5129,117.8165,332.9,2.4,1.5,2014-10-05,0156,Terra,MODIS,43,6.2,308.8,62.4,D,0
-21.5061,117.8114,328.9,2.4,1.5,2014-10-05,0156,Terra,MODIS,50,6.2,309.5,49.4,D,0
-21.5152,117.7857,343.6,2.5,1.5,2014-10-05,0156,Terra,MODIS,89,6.2,309.2,131.2,D,0
-21.5196,117.8083,340,2.4,1.5,2014-10-05,0156,Terra,MODIS,86,6.2,308.6,108.1,D,0
-21.5556,117.7036,322.2,2.5,1.5,2014-10-05,0156,Terra,MODIS,15,6.2,308.3,25.1,D,0
-21.5601,117.7269,326.3,2.5,1.5,2014-10-05,0156,Terra,MODIS,62,6.2,308.7,41.9,D,0
-21.6106,117.5088,350.1,2.6,1.5,2014-10-05,0156,Terra,MODIS,94,6.2,312.6,191.1,D,0
-21.6153,117.5333,327.2,2.5,1.5,2014-10-05,0156,Terra,MODIS,69,6.2,309.4,44.6,D,0
-21.6243,117.5057,325.1,2.6,1.5,2014-10-05,0156,Terra,MODIS,60,6.2,309.8,34.3,D,0
-21.6016,117.5035,325,2.6,1.5,2014-10-05,0156,Terra,MODIS,63,6.2,310.9,37,D,0
-21.6065,117.5279,321.8,2.5,1.5,2014-10-05,0156,Terra,MODIS,48,6.2,309.2,23.7,D,0
-21.6153,117.5004,344.6,2.6,1.5,2014-10-05,0156,Terra,MODIS,90,6.2,312,147,D,0
-21.6202,117.5249,332.1,2.5,1.5,2014-10-05,0156,Terra,MODIS,77,6.2,310.2,68.2,D,0
-21.1913,117.6567,323.9,2.5,1.5,2014-10-05,0156,Terra,MODIS,50,6.2,309.8,31.8,D,0
-21.183,117.6522,323.2,2.5,1.5,2014-10-05,0156,Terra,MODIS,46,6.2,309.6,28.9,D,0
-26.1403,123.6787,351.4,1,1,2014-10-05,0157,Terra,MODIS,94,6.2,313.9,46,D,0
-26.1418,123.6888,335.8,1,1,2014-10-05,0157,Terra,MODIS,76,6.2,312.2,17.5,D,0
-42.6414,147.8024,308,1.3,1.1,2014-10-05,0433,Aqua,MODIS,66,6.2,289.3,13,D,0
-40.9099,148.0016,314.8,1.5,1.2,2014-10-05,0434,Aqua,MODIS,36,6.2,290.9,20.1,D,0
-40.9133,147.9843,412,1.5,1.2,2014-10-05,0434,Aqua,MODIS,100,6.2,303.5,587.8,D,0
-40.9167,147.9669,359,1.5,1.2,2014-10-05,0434,Aqua,MODIS,99,6.2,296.4,142.1,D,0
-40.9026,147.9806,323.3,1.5,1.2,2014-10-05,0434,Aqua,MODIS,82,6.2,291.6,35,D,0
-40.906,147.9632,310.8,1.5,1.2,2014-10-05,0434,Aqua,MODIS,35,6.2,291.1,15.2,D,0
-36.79,143.5874,315.1,1.1,1,2014-10-05,0435,Aqua,MODIS,64,6.2,298.4,8.9,D,0
-37.0257,143.7848,331.9,1.1,1.1,2014-10-05,0435,Aqua,MODIS,86,6.2,299.1,29.6,D,0
-37.3892,144.0625,311.4,1.1,1.1,2014-10-05,0435,Aqua,MODIS,69,6.2,292.9,9.8,D,0
-36.7129,143.2248,321.1,1.1,1,2014-10-05,0435,Aqua,MODIS,71,6.2,303,13,D,0
-37.6697,142.0523,304,1,1,2014-10-05,0435,Aqua,MODIS,52,6.2,292.9,4.3,D,0
-36.7773,143.2226,315.8,1.1,1,2014-10-05,0435,Aqua,MODIS,47,6.2,301.5,7,D,0
-36.6791,143.6432,320.9,1.1,1.1,2014-10-05,0435,Aqua,MODIS,61,6.2,296.7,13.6,D,0
-37.1511,143.6417,311.8,1.1,1,2014-10-05,0435,Aqua,MODIS,41,6.2,296.6,6,D,0
-37.1626,143.6318,354.2,1.1,1,2014-10-05,0435,Aqua,MODIS,97,6.2,302.9,75.1,D,0
-37.0163,143.7823,323.7,1.1,1.1,2014-10-05,0435,Aqua,MODIS,79,6.2,300.4,18.4,D,0
-37.1585,143.6566,333.7,1.1,1,2014-10-05,0435,Aqua,MODIS,87,6.2,297.6,32.2,D,0
-37.1699,143.6467,338,1.1,1,2014-10-05,0435,Aqua,MODIS,90,6.2,300.4,39.7,D,0
-37.5514,144.7992,308.6,1.2,1.1,2014-10-05,0435,Aqua,MODIS,64,6.2,296.5,4.4,D,0
-37.3871,144.075,312.1,1.1,1.1,2014-10-05,0435,Aqua,MODIS,70,6.2,291.6,10.8,D,0
-37.1719,143.6343,316,1.1,1,2014-10-05,0435,Aqua,MODIS,72,6.2,299,9.2,D,0
-37.1605,143.6441,388.2,1.1,1,2014-10-05,0435,Aqua,MODIS,100,6.2,307.5,211.9,D,0
-36.6898,145.1217,311.8,1.3,1.1,2014-10-05,0435,Aqua,MODIS,59,6.2,298.5,8.2,D,0
-31.4661,151.2304,334,4,1.9,2014-10-05,0436,Aqua,MODIS,84,6.2,296.1,241.9,D,0
-31.4634,151.2255,326.6,4,1.9,2014-10-05,0436,Aqua,MODIS,77,6.2,295,166.2,D,0
-23.3307,147.3609,344.1,3.5,1.8,2014-10-05,0439,Aqua,MODIS,69,6.2,295.3,265.6,D,0
-23.3367,147.354,338.8,3.5,1.8,2014-10-05,0439,Aqua,MODIS,66,6.2,296.4,207.1,D,0
-22.8469,148.9705,318.5,4.6,2,2014-10-05,0439,Aqua,MODIS,44,6.2,298.5,73.9,D,0
-22.8316,148.9622,334.4,4.6,2,2014-10-05,0439,Aqua,MODIS,84,6.2,298,247.8,D,0
-22.8225,148.9972,317.6,4.6,2,2014-10-05,0439,Aqua,MODIS,37,6.2,297,74.1,D,0
-22.8318,148.9539,326.3,4.6,2,2014-10-05,0439,Aqua,MODIS,75,6.2,298,151.7,D,0
-22.6893,130.5963,333.6,2.2,1.4,2014-10-05,0439,Aqua,MODIS,46,6.2,318.8,32,D,0
-22.6889,130.6128,338.7,2.2,1.4,2014-10-05,0439,Aqua,MODIS,80,6.2,318.3,53.5,D,0
-22.7022,130.5978,333.1,2.2,1.4,2014-10-05,0439,Aqua,MODIS,57,6.2,317.1,32.8,D,0
-22.6201,130.5191,341.5,2.2,1.4,2014-10-05,0439,Aqua,MODIS,84,6.2,318.9,75.5,D,0
-19.1306,133.2088,348,1.3,1.1,2014-10-05,0440,Aqua,MODIS,90,6.2,321.9,44.1,D,0
-19.1291,133.221,342.1,1.3,1.1,2014-10-05,0440,Aqua,MODIS,80,6.2,320.1,30.3,D,0
-22.6215,130.5122,336,2.2,1.4,2014-10-05,0440,Aqua,MODIS,54,6.2,319.2,47,D,0
-19.1392,133.2224,345.1,1.3,1.1,2014-10-05,0440,Aqua,MODIS,87,6.2,320.7,38.5,D,0
-19.1493,133.2239,400.6,1.3,1.1,2014-10-05,0440,Aqua,MODIS,100,6.2,328.8,331.6,D,0
-22.6108,130.4894,333.5,2.2,1.4,2014-10-05,0440,Aqua,MODIS,54,6.2,318,35.8,D,0
-19.0855,133.1722,338.3,1.3,1.1,2014-10-05,0440,Aqua,MODIS,60,6.2,322.4,20.1,D,0
-19.1478,133.236,361.8,1.3,1.1,2014-10-05,0440,Aqua,MODIS,100,6.2,320.7,95.1,D,0
-19.1594,133.2253,346.5,1.3,1.1,2014-10-05,0440,Aqua,MODIS,88,6.2,323.9,39,D,0
-19.1579,133.2375,343.8,1.3,1.1,2014-10-05,0440,Aqua,MODIS,79,6.2,320.2,33.2,D,0
-19.1781,133.2403,341.7,1.3,1.1,2014-10-05,0440,Aqua,MODIS,75,6.2,323.1,27.2,D,0
-19.586,126.9301,334.3,3.7,1.8,2014-10-05,0440,Aqua,MODIS,70,6.2,312.8,91.5,D,0
-19.5791,126.9255,335.6,3.7,1.8,2014-10-05,0440,Aqua,MODIS,75,6.2,312.6,106,D,0
-19.5991,126.9672,329.6,3.7,1.8,2014-10-05,0440,Aqua,MODIS,23,6.2,308.8,51.5,D,0
-19.6082,126.9641,329.5,3.7,1.8,2014-10-05,0440,Aqua,MODIS,22,6.2,310.2,50.5,D,0
-20.0426,133.31,343.8,1.3,1.1,2014-10-05,0440,Aqua,MODIS,32,6.2,321.3,31,D,0
-20.0355,133.2837,342.4,1.3,1.1,2014-10-05,0440,Aqua,MODIS,79,6.2,322.6,32.4,D,0
-20.6221,133.4784,336,1.3,1.1,2014-10-05,0440,Aqua,MODIS,43,6.2,324.4,11.7,D,0
-22.438,130.2821,358.2,2.3,1.5,2014-10-05,0440,Aqua,MODIS,98,6.2,318.2,191.8,D,0
-22.4271,130.2584,335.7,2.3,1.5,2014-10-05,0440,Aqua,MODIS,71,6.2,318.7,49.8,D,0
-19.2892,130.6127,329.9,1.9,1.4,2014-10-05,0440,Aqua,MODIS,50,6.2,317.1,18.2,D,0
-19.753,126.8098,342,3.8,1.8,2014-10-05,0440,Aqua,MODIS,84,6.2,311.7,176.3,D,0
-22.4248,130.2805,333,2.3,1.5,2014-10-05,0440,Aqua,MODIS,58,6.2,318.5,33.5,D,0
-19.7298,126.7993,338.1,3.8,1.8,2014-10-05,0440,Aqua,MODIS,79,6.2,310.3,123,D,0
-22.4373,130.2667,344.3,2.3,1.5,2014-10-05,0440,Aqua,MODIS,80,6.2,317.7,90.3,D,0
-22.4352,130.2888,348.8,2.3,1.5,2014-10-05,0440,Aqua,MODIS,92,6.2,318.3,115.6,D,0
-22.4483,130.2903,333.1,2.3,1.5,2014-10-05,0440,Aqua,MODIS,62,6.2,317,34.1,D,0
-19.7333,126.7631,330.9,3.8,1.8,2014-10-05,0440,Aqua,MODIS,35,6.2,310.4,49.5,D,0
-18.0456,130.7221,335.3,1.8,1.3,2014-10-05,0441,Aqua,MODIS,60,6.2,319.5,27.5,D,0
-16.6877,130.5901,353.7,1.8,1.3,2014-10-05,0441,Aqua,MODIS,95,6.2,313.3,116.4,D,0
-16.6857,130.6068,337.6,1.8,1.3,2014-10-05,0441,Aqua,MODIS,78,6.2,312.7,42.6,D,0
-16.6995,130.5913,360.8,1.8,1.3,2014-10-05,0441,Aqua,MODIS,100,6.2,312.1,158.7,D,0
-16.8885,127.0755,328.6,3.3,1.7,2014-10-05,0441,Aqua,MODIS,59,6.2,298,81.8,D,0
-16.9009,127.1087,333,3.3,1.7,2014-10-05,0441,Aqua,MODIS,66,6.2,297.8,117.6,D,0
-16.6975,130.6081,344.6,1.8,1.3,2014-10-05,0441,Aqua,MODIS,87,6.2,312.4,70.5,D,0
-16.6955,130.6245,332.6,1.8,1.3,2014-10-05,0441,Aqua,MODIS,64,6.2,311.4,22.4,D,0
-16.6821,130.5947,337.4,1.8,1.3,2014-10-05,0441,Aqua,MODIS,76,6.2,313.2,43.1,D,0
-16.6802,130.6112,336.4,1.8,1.3,2014-10-05,0441,Aqua,MODIS,76,6.2,313.1,36.9,D,0
-16.6958,130.5789,338.3,1.8,1.3,2014-10-05,0441,Aqua,MODIS,79,6.2,309.8,51,D,0
-16.6939,130.5958,382.6,1.8,1.3,2014-10-05,0441,Aqua,MODIS,100,6.2,314.9,337.3,D,0
-16.692,130.6125,335,1.8,1.3,2014-10-05,0441,Aqua,MODIS,73,6.2,312.2,34.5,D,0
-16.7037,130.6139,330.6,1.8,1.3,2014-10-05,0441,Aqua,MODIS,37,6.2,311.3,23.6,D,0
-16.6739,130.6054,333.8,1.8,1.3,2014-10-05,0441,Aqua,MODIS,71,6.2,313.7,30,D,0
-17.955,130.6638,332.3,1.8,1.3,2014-10-05,0441,Aqua,MODIS,62,6.2,318.8,18.1,D,0
-16.995,128.1022,342.9,2.8,1.6,2014-10-05,0441,Aqua,MODIS,87,6.2,312.1,137.3,D,0
-17.4169,127.0408,343.3,3.4,1.7,2014-10-05,0441,Aqua,MODIS,87,6.2,308.7,188.9,D,0
-17.4227,127.037,349.1,3.4,1.7,2014-10-05,0441,Aqua,MODIS,92,6.2,309.2,259.2,D,0
-18.8895,129.0312,332.3,2.5,1.5,2014-10-05,0441,Aqua,MODIS,29,6.2,316.7,38.9,D,0
-17.506,130.3989,331.9,1.9,1.3,2014-10-05,0441,Aqua,MODIS,52,6.2,315.9,25.7,D,0
-18.0515,130.7159,338.3,1.8,1.3,2014-10-05,0441,Aqua,MODIS,46,6.2,318.6,35.8,D,0
-18.0475,130.7048,336.3,1.8,1.3,2014-10-05,0441,Aqua,MODIS,73,6.2,320,31.1,D,0
-16.9672,128.1977,329.9,2.7,1.6,2014-10-05,0441,Aqua,MODIS,60,6.2,312.7,31.9,D,0
-18.0595,130.7064,343.2,1.8,1.3,2014-10-05,0441,Aqua,MODIS,85,6.2,318.3,56,D,0
-18.0893,130.7625,353.1,1.8,1.3,2014-10-05,0441,Aqua,MODIS,94,6.2,321.6,100.8,D,0
-18.0873,130.7795,356.5,1.8,1.3,2014-10-05,0441,Aqua,MODIS,97,6.2,322,120.4,D,0
-18.1012,130.764,340.5,1.8,1.3,2014-10-05,0441,Aqua,MODIS,77,6.2,320.5,40.9,D,0
-18.0952,130.8148,348.8,1.8,1.3,2014-10-05,0441,Aqua,MODIS,91,6.2,319.6,82.7,D,0
-17.6946,130.3439,340.8,1.9,1.4,2014-10-05,0441,Aqua,MODIS,69,6.2,314,64.8,D,0
-17.67,130.4494,343,1.9,1.3,2014-10-05,0441,Aqua,MODIS,73,6.2,317.3,59.2,D,0
-17.6578,130.4479,339.5,1.9,1.3,2014-10-05,0441,Aqua,MODIS,64,6.2,319.6,41.8,D,0
-17.6702,130.3407,341.3,1.9,1.4,2014-10-05,0441,Aqua,MODIS,39,6.2,313.4,59.4,D,0
-17.6559,130.3571,348.5,1.9,1.4,2014-10-05,0441,Aqua,MODIS,87,6.2,315.5,93.2,D,0
-17.4775,130.5378,342.1,1.8,1.3,2014-10-05,0441,Aqua,MODIS,83,6.2,315.6,61.3,D,0
-17.4675,130.5189,337,1.9,1.3,2014-10-05,0441,Aqua,MODIS,57,6.2,316.3,40.6,D,0
-17.4696,130.5014,337,1.9,1.3,2014-10-05,0441,Aqua,MODIS,54,6.2,316.6,40.3,D,0
-17.4716,130.4838,342.8,1.9,1.3,2014-10-05,0441,Aqua,MODIS,84,6.2,315.7,66.5,D,0
-16.97,128.1723,345.2,2.7,1.6,2014-10-05,0441,Aqua,MODIS,89,6.2,314.7,137.9,D,0
-16.9922,128.1286,381.5,2.8,1.6,2014-10-05,0441,Aqua,MODIS,100,6.2,316.7,621.8,D,0
-16.9726,128.1775,347.7,2.7,1.6,2014-10-05,0441,Aqua,MODIS,91,6.2,314.6,160.3,D,0
-16.9872,128.1486,334.5,2.8,1.6,2014-10-05,0441,Aqua,MODIS,71,6.2,312.5,63.9,D,0
-16.99,128.1233,374.3,2.8,1.6,2014-10-05,0441,Aqua,MODIS,100,6.2,316.7,494.6,D,0
-18.2765,131.5834,368.6,1.6,1.2,2014-10-05,0441,Aqua,MODIS,100,6.2,313.7,185.9,D,0
-18.2635,131.5969,399.5,1.6,1.2,2014-10-05,0441,Aqua,MODIS,100,6.2,321.2,447.6,D,0
-18.2428,131.579,375.3,1.6,1.2,2014-10-05,0441,Aqua,MODIS,100,6.2,316,232.2,D,0
-18.2316,131.5775,378.9,1.6,1.2,2014-10-05,0441,Aqua,MODIS,100,6.2,316.6,256.1,D,0
-18.2075,131.5896,351.3,1.6,1.2,2014-10-05,0441,Aqua,MODIS,93,6.2,316.3,80.9,D,0
-18.2196,131.5859,341.5,1.6,1.2,2014-10-05,0441,Aqua,MODIS,80,6.2,313,44.3,D,0
-18.2222,131.561,354.6,1.6,1.2,2014-10-05,0441,Aqua,MODIS,96,6.2,307.6,109.6,D,0
-18.2204,131.576,385.6,1.6,1.2,2014-10-05,0441,Aqua,MODIS,100,6.2,318,312.2,D,0
-18.2334,131.5625,352.6,1.6,1.2,2014-10-05,0441,Aqua,MODIS,94,6.2,309.2,101.8,D,0
-18.2617,131.6119,377.7,1.6,1.2,2014-10-05,0441,Aqua,MODIS,100,6.2,319.8,230.5,D,0
-18.2451,131.6552,343.8,1.6,1.2,2014-10-05,0441,Aqua,MODIS,58,6.2,320.4,43.4,D,0
-18.0899,131.3298,334.3,1.6,1.3,2014-10-05,0441,Aqua,MODIS,40,6.2,314.8,25.4,D,0
-18.2446,131.5639,336,1.6,1.2,2014-10-05,0441,Aqua,MODIS,57,6.2,308.4,40.9,D,0
-18.2084,131.5844,390.3,1.6,1.2,2014-10-05,0441,Aqua,MODIS,100,6.2,319.6,352.3,D,0
-18.1953,131.5979,377.1,1.6,1.2,2014-10-05,0441,Aqua,MODIS,100,6.2,320.2,233.8,D,0
-18.1488,131.3126,335.3,1.7,1.3,2014-10-05,0441,Aqua,MODIS,56,6.2,315.6,30.2,D,0
-18.2877,131.5849,388.2,1.6,1.2,2014-10-05,0441,Aqua,MODIS,100,6.2,318,339.7,D,0
-18.2858,131.5999,384.5,1.6,1.2,2014-10-05,0441,Aqua,MODIS,100,6.2,320.2,299.9,D,0
-18.297,131.6013,345.9,1.6,1.2,2014-10-05,0441,Aqua,MODIS,88,6.2,313.4,68.2,D,0
-18.297,131.6082,344.6,1.6,1.2,2014-10-05,0441,Aqua,MODIS,86,6.2,313.8,66.7,D,0
-18.2246,131.6373,337.1,1.6,1.2,2014-10-05,0441,Aqua,MODIS,43,6.2,315.7,28,D,0
-17.5519,132.6674,364.3,1.3,1.1,2014-10-05,0441,Aqua,MODIS,100,6.2,319,118.3,D,0
-18.199,131.568,410.4,1.6,1.2,2014-10-05,0441,Aqua,MODIS,100,6.2,320.3,604.5,D,0
-18.2102,131.5694,439.6,1.6,1.2,2014-10-05,0441,Aqua,MODIS,100,6.2,330.5,1124.5,D,0
-15.0436,145.0945,320.2,3.6,1.8,2014-10-05,0441,Aqua,MODIS,38,6.2,297.6,76.3,D,0
-18.2214,131.5709,376.1,1.6,1.2,2014-10-05,0441,Aqua,MODIS,100,6.2,316.6,235.6,D,0
-18.3235,131.6723,340.2,1.6,1.2,2014-10-05,0441,Aqua,MODIS,56,6.2,316.3,43.3,D,0
-18.3218,131.6871,363.8,1.6,1.2,2014-10-05,0441,Aqua,MODIS,100,6.2,317.7,138.1,D,0
-18.211,131.5595,375.4,1.6,1.2,2014-10-05,0441,Aqua,MODIS,100,6.2,309.9,235.6,D,0
-17.9364,131.9487,345.1,1.5,1.2,2014-10-05,0441,Aqua,MODIS,87,6.2,318.5,50,D,0
-17.9381,131.9347,335.3,1.5,1.2,2014-10-05,0441,Aqua,MODIS,44,6.2,319.6,20.4,D,0
-17.9256,131.9472,339.7,1.5,1.2,2014-10-05,0441,Aqua,MODIS,73,6.2,318.8,32.5,D,0
-17.9273,131.9332,339.1,1.5,1.2,2014-10-05,0441,Aqua,MODIS,67,6.2,319,30.2,D,0
-18.1259,131.3187,343.4,1.7,1.3,2014-10-05,0441,Aqua,MODIS,83,6.2,316.3,54.6,D,0
-18.124,131.3342,342.8,1.6,1.3,2014-10-05,0441,Aqua,MODIS,75,6.2,314.2,54.7,D,0
-18.1972,131.583,437.5,1.6,1.2,2014-10-05,0441,Aqua,MODIS,100,6.2,331.1,1071.5,D,0
-18.32,131.7019,376,1.6,1.2,2014-10-05,0441,Aqua,MODIS,100,6.2,320.9,210.3,D,0
-18.3329,131.6886,344.5,1.6,1.2,2014-10-05,0441,Aqua,MODIS,52,6.2,314.4,52.3,D,0
-17.9147,131.9458,336.5,1.5,1.2,2014-10-05,0441,Aqua,MODIS,66,6.2,318.2,23.7,D,0
-17.9519,131.8213,337,1.5,1.2,2014-10-05,0441,Aqua,MODIS,53,6.2,320,23.9,D,0
-18.3253,131.6574,352.5,1.6,1.2,2014-10-05,0441,Aqua,MODIS,94,6.2,313.7,94.9,D,0
-18.3182,131.7167,361.2,1.6,1.2,2014-10-05,0441,Aqua,MODIS,100,6.2,322.6,118.5,D,0
-18.1842,131.5965,352.3,1.6,1.2,2014-10-05,0441,Aqua,MODIS,94,6.2,314.7,92.9,D,0
-18.2135,131.6359,339.5,1.6,1.2,2014-10-05,0441,Aqua,MODIS,65,6.2,316.3,35.9,D,0
-18.1935,131.6129,339.7,1.6,1.2,2014-10-05,0441,Aqua,MODIS,14,6.2,316.6,32.3,D,0
-18.1806,131.6263,349.7,1.6,1.2,2014-10-05,0441,Aqua,MODIS,92,6.2,319,73.3,D,0
-18.1824,131.6114,361.7,1.6,1.2,2014-10-05,0441,Aqua,MODIS,100,6.2,317.9,130.8,D,0
-18.1676,131.6397,335.8,1.6,1.2,2014-10-05,0441,Aqua,MODIS,58,6.2,318.9,25.3,D,0
-18.3311,131.7034,383.9,1.6,1.2,2014-10-05,0441,Aqua,MODIS,100,6.2,321.5,278,D,0
-18.1694,131.6248,339.7,1.6,1.2,2014-10-05,0441,Aqua,MODIS,72,6.2,317.4,40.3,D,0
-18.2092,131.5745,441,1.6,1.2,2014-10-05,0441,Aqua,MODIS,100,6.2,333.1,1150.1,D,0
-18.186,131.5815,335.4,1.6,1.2,2014-10-05,0441,Aqua,MODIS,56,6.2,310,36.9,D,0
-18.2229,131.6522,337.7,1.6,1.2,2014-10-05,0441,Aqua,MODIS,59,6.2,316.5,28.4,D,0
-18.2505,131.6104,360.7,1.6,1.2,2014-10-05,0441,Aqua,MODIS,100,6.2,315.9,120.4,D,0
-18.2469,131.6403,342.4,1.6,1.2,2014-10-05,0441,Aqua,MODIS,47,6.2,318.8,40,D,0
-18.418,130.9655,344.2,1.8,1.3,2014-10-05,0441,Aqua,MODIS,82,6.2,320.2,59.5,D,0
-18.1962,131.7831,345.9,1.5,1.2,2014-10-05,0441,Aqua,MODIS,72,6.2,320.4,49.1,D,0
-18.1487,131.3216,331.3,1.7,1.3,2014-10-05,0441,Aqua,MODIS,24,6.2,314.3,22,D,0
-18.1851,131.7816,339.6,1.5,1.2,2014-10-05,0441,Aqua,MODIS,25,6.2,320.5,27.2,D,0
-18.1957,131.7777,343.8,1.5,1.2,2014-10-05,0441,Aqua,MODIS,72,6.2,322.1,41.4,D,0
-18.1168,131.7821,342,1.5,1.2,2014-10-05,0441,Aqua,MODIS,83,6.2,320,37.3,D,0
-17.9866,131.8112,341.9,1.5,1.2,2014-10-05,0441,Aqua,MODIS,83,6.2,316.7,42.7,D,0
-18.2692,131.6432,344.2,1.6,1.2,2014-10-05,0441,Aqua,MODIS,75,6.2,317.7,49.1,D,0
-18.2746,131.5984,388.5,1.6,1.2,2014-10-05,0441,Aqua,MODIS,100,6.2,319.7,335,D,0
-17.6558,130.4656,365.4,1.9,1.3,2014-10-05,0441,Aqua,MODIS,100,6.2,321.7,192.1,D,0
-17.6679,130.467,354.7,1.9,1.3,2014-10-05,0441,Aqua,MODIS,96,6.2,319.7,119.5,D,0
-17.6659,130.4845,342.1,1.9,1.3,2014-10-05,0441,Aqua,MODIS,57,6.2,318.9,58.1,D,0
-16.0791,127.9081,330.2,2.8,1.6,2014-10-05,0441,Aqua,MODIS,58,6.2,307.1,52.5,D,0
-16.081,127.9132,334.8,2.8,1.6,2014-10-05,0441,Aqua,MODIS,77,6.2,306.8,74.7,D,0
-14.9514,145.1031,329.1,3.6,1.8,2014-10-05,0441,Aqua,MODIS,74,6.2,300.2,138.2,D,0
-15.0913,134.9158,365.4,1,1,2014-10-05,0441,Aqua,MODIS,100,6.2,318,75.3,D,0
-14.2931,142.2299,380.2,2.3,1.5,2014-10-05,0441,Aqua,MODIS,100,6.2,310.8,452.6,D,0
-14.2967,142.2093,357.8,2.3,1.5,2014-10-05,0441,Aqua,MODIS,98,6.2,311.3,205.6,D,0
-15.3282,143.6511,327.6,2.8,1.6,2014-10-05,0441,Aqua,MODIS,66,6.2,302.3,60.5,D,0
-15.3167,135.4069,336.8,1,1,2014-10-05,0441,Aqua,MODIS,61,6.2,317.4,16.3,D,0
-15.2735,143.5325,331,2.7,1.6,2014-10-05,0441,Aqua,MODIS,70,6.2,307.2,61.3,D,0
-15.09,134.9252,339.6,1,1,2014-10-05,0441,Aqua,MODIS,63,6.2,318.6,15,D,0
-15.0797,134.9332,335.9,1,1,2014-10-05,0441,Aqua,MODIS,57,6.2,316.1,8.9,D,0
-15.5118,145.0807,323,3.5,1.8,2014-10-05,0441,Aqua,MODIS,33,6.2,301.9,52.9,D,0
-14.2837,142.2069,367.1,2.3,1.5,2014-10-05,0441,Aqua,MODIS,100,6.2,307.4,297.9,D,0
-15.9336,136.235,347.7,1,1,2014-10-05,0441,Aqua,MODIS,90,6.2,315.7,33.5,D,0
-15.3154,135.4162,333.4,1,1,2014-10-05,0441,Aqua,MODIS,32,6.2,314.3,11.4,D,0
-15.6129,136.5389,336.5,1,1,2014-10-05,0441,Aqua,MODIS,76,6.2,310.7,21.2,D,0
-15.6124,136.8558,345.2,1,1,2014-10-05,0441,Aqua,MODIS,0,6.2,306.2,40.2,D,0
-15.3181,135.3976,341.9,1,1,2014-10-05,0441,Aqua,MODIS,83,6.2,316.2,24.4,D,0
-13.5495,142.0583,323.3,2.3,1.5,2014-10-05,0441,Aqua,MODIS,60,6.2,307.1,23.1,D,0
-13.5586,142.0653,327.8,2.3,1.5,2014-10-05,0441,Aqua,MODIS,74,6.2,307.5,39.1,D,0
-16.5758,139.2389,342.4,1.3,1.1,2014-10-05,0441,Aqua,MODIS,87,6.2,309.1,44.4,D,0
-13.6142,142.0546,326.3,2.3,1.5,2014-10-05,0441,Aqua,MODIS,69,6.2,306.4,32.7,D,0
-17.3322,132.7322,340.2,1.3,1.1,2014-10-05,0441,Aqua,MODIS,69,6.2,319.8,23.6,D,0
-15.4496,145.0651,340.3,3.5,1.8,2014-10-05,0441,Aqua,MODIS,87,6.2,300.6,217.3,D,0
-15.4656,145.0665,324.6,3.5,1.8,2014-10-05,0441,Aqua,MODIS,34,6.2,299.3,74,D,0
-15.4593,145.0749,326.3,3.5,1.8,2014-10-05,0441,Aqua,MODIS,38,6.2,300,82.5,D,0
-14.9629,144.8946,332.2,3.5,1.8,2014-10-05,0441,Aqua,MODIS,78,6.2,301,142.9,D,0
-14.9573,144.901,320.8,3.5,1.8,2014-10-05,0441,Aqua,MODIS,42,6.2,300.4,62.2,D,0
-17.4509,132.7484,338.9,1.3,1.1,2014-10-05,0441,Aqua,MODIS,46,6.2,319.7,25.8,D,0
-15.9443,144.4708,324.3,3.1,1.7,2014-10-05,0441,Aqua,MODIS,54,6.2,302.9,57.6,D,0
-16.5452,130.7146,331.5,1.7,1.3,2014-10-05,0441,Aqua,MODIS,64,6.2,313.2,17,D,0
-17.4163,130.7534,337.1,1.8,1.3,2014-10-05,0441,Aqua,MODIS,75,6.2,318.4,40.8,D,0
-16.4264,135.485,335.1,1,1,2014-10-05,0441,Aqua,MODIS,39,6.2,318.1,10.7,D,0
-16.4277,135.4756,342.2,1,1,2014-10-05,0441,Aqua,MODIS,84,6.2,316.7,22.6,D,0
-14.9633,144.8697,339.3,3.5,1.8,2014-10-05,0441,Aqua,MODIS,86,6.2,301.8,204.8,D,0
-15.9451,144.4634,325.2,3.1,1.7,2014-10-05,0441,Aqua,MODIS,60,6.2,303.1,65,D,0
-14.9687,144.8631,330.7,3.5,1.8,2014-10-05,0441,Aqua,MODIS,76,6.2,301.6,128.3,D,0
-15.5059,145.0872,330.7,3.5,1.8,2014-10-05,0441,Aqua,MODIS,75,6.2,302.8,113.1,D,0
-14.4752,144.3767,324.3,3.3,1.7,2014-10-05,0441,Aqua,MODIS,39,6.2,300,67.3,D,0
-14.1388,143.5211,320.2,2.9,1.6,2014-10-05,0441,Aqua,MODIS,26,6.2,302.6,28.4,D,0
-14.1458,143.5029,320.3,2.8,1.6,2014-10-05,0441,Aqua,MODIS,41,6.2,302.2,31.8,D,0
-18.4435,130.9517,338.8,1.8,1.3,2014-10-05,0441,Aqua,MODIS,54,6.2,318.7,45.3,D,0
-18.4455,130.9349,341.5,1.8,1.3,2014-10-05,0441,Aqua,MODIS,83,6.2,314.1,58.6,D,0
-13.4582,142.0419,322.2,2.3,1.5,2014-10-05,0442,Aqua,MODIS,53,6.2,305.9,26.5,D,0
-13.4619,142.0213,322.1,2.3,1.5,2014-10-05,0442,Aqua,MODIS,45,6.2,307,24.7,D,0
-13.4604,142.0351,322.8,2.3,1.5,2014-10-05,0442,Aqua,MODIS,38,6.2,306,26.6,D,0
-13.4309,142.051,323.7,2.3,1.5,2014-10-05,0442,Aqua,MODIS,50,6.2,307,25.1,D,0
-12.4151,136.4958,330.4,1.1,1,2014-10-05,0442,Aqua,MODIS,66,6.2,308.4,13.3,D,0
-13.045,131.5001,337.6,1.4,1.2,2014-10-05,0442,Aqua,MODIS,78,6.2,311.5,21.3,D,0
-12.3644,135.5929,331.5,1,1,2014-10-05,0442,Aqua,MODIS,45,6.2,309.2,11.1,D,0
-12.8311,135.7427,333.2,1,1,2014-10-05,0442,Aqua,MODIS,44,6.2,315.7,10.1,D,0
-12.7244,135.5258,337.5,1,1,2014-10-05,0442,Aqua,MODIS,74,6.2,316.4,17.1,D,0
-12.3281,136.655,337.6,1.1,1,2014-10-05,0442,Aqua,MODIS,83,6.2,306.7,27.2,D,0
-12.7658,141.8668,328.6,2.3,1.5,2014-10-05,0442,Aqua,MODIS,62,6.2,304.6,44.4,D,0
-12.7681,141.8595,326.3,2.3,1.5,2014-10-05,0442,Aqua,MODIS,69,6.2,304.4,35.8,D,0
-12.0736,134.4156,336.3,1,1,2014-10-05,0442,Aqua,MODIS,68,6.2,306.4,23.4,D,0
-12.7796,136.2208,330.7,1,1,2014-10-05,0442,Aqua,MODIS,64,6.2,310.2,14.4,D,0
-12.7176,134.2829,334.9,1,1,2014-10-05,0442,Aqua,MODIS,70,6.2,316.6,15,D,0
-13.5725,135.3816,334.6,1,1,2014-10-05,0442,Aqua,MODIS,68,6.2,313.8,14.4,D,0
-13.6019,135.374,340,1,1,2014-10-05,0442,Aqua,MODIS,65,6.2,316.1,20.4,D,0
-13.5648,135.3711,334.1,1,1,2014-10-05,0442,Aqua,MODIS,64,6.2,314.1,13.9,D,0
-12.9129,135.8082,352.6,1,1,2014-10-05,0442,Aqua,MODIS,95,6.2,310.5,46.6,D,0
-13.433,134.2267,338.4,1,1,2014-10-05,0442,Aqua,MODIS,71,6.2,313.7,17.5,D,0
-12.2579,134.2789,331.8,1,1,2014-10-05,0442,Aqua,MODIS,72,6.2,310.3,10.9,D,0
-12.2796,136.7881,323.9,1.1,1,2014-10-05,0442,Aqua,MODIS,37,6.2,302,9.9,D,0
-12.8077,135.7769,335.9,1,1,2014-10-05,0442,Aqua,MODIS,61,6.2,317,13.1,D,0
-12.4265,132.8581,338.8,1.1,1.1,2014-10-05,0442,Aqua,MODIS,82,6.2,308,29.3,D,0
-13.4317,134.2361,337.1,1,1,2014-10-05,0442,Aqua,MODIS,69,6.2,315.9,15.1,D,0
-13.0463,142.9429,324.7,2.7,1.6,2014-10-05,0442,Aqua,MODIS,37,6.2,303.8,41.8,D,0
-12.4157,136.3823,328.8,1,1,2014-10-05,0442,Aqua,MODIS,69,6.2,310.9,12,D,0
-13.5139,142.0308,336.3,2.3,1.5,2014-10-05,0442,Aqua,MODIS,85,6.2,307.6,82.2,D,0
-12.8297,135.7519,334.3,1,1,2014-10-05,0442,Aqua,MODIS,44,6.2,314.5,11.6,D,0
-12.418,136.4766,333,1.1,1,2014-10-05,0442,Aqua,MODIS,76,6.2,308.6,17.3,D,0
-12.9116,135.8174,359.8,1,1,2014-10-05,0442,Aqua,MODIS,99,6.2,311.8,64.9,D,0
-12.3631,135.6021,333,1,1,2014-10-05,0442,Aqua,MODIS,51,6.2,307.2,13.3,D,0
-12.2858,133.0099,364.6,1.1,1.1,2014-10-05,0442,Aqua,MODIS,100,6.2,313.3,91.6,D,0
-12.2844,133.0201,341,1.1,1,2014-10-05,0442,Aqua,MODIS,84,6.2,313.3,26.5,D,0
-13.0242,131.3616,333.6,1.4,1.2,2014-10-05,0442,Aqua,MODIS,62,6.2,314.3,13.7,D,0
-13.0488,142.9486,328.5,2.7,1.6,2014-10-05,0442,Aqua,MODIS,46,6.2,304.7,57.8,D,0
-13.1235,141.8501,321.1,2.2,1.4,2014-10-05,0442,Aqua,MODIS,42,6.2,304.7,19.3,D,0
-13.3836,141.9368,326.5,2.2,1.4,2014-10-05,0442,Aqua,MODIS,63,6.2,308.5,33.9,D,0
-13.3739,141.9298,327.3,2.2,1.4,2014-10-05,0442,Aqua,MODIS,63,6.2,305.8,40.1,D,0
-14.5119,133.2643,333.7,1.1,1.1,2014-10-05,0442,Aqua,MODIS,36,6.2,317.2,11.8,D,0
-14.5009,133.2734,344.4,1.1,1.1,2014-10-05,0442,Aqua,MODIS,86,6.2,315.2,31.5,D,0
-14.5023,133.263,363.1,1.1,1.1,2014-10-05,0442,Aqua,MODIS,100,6.2,317.4,83.7,D,0
-12.3734,135.5943,338.6,1,1,2014-10-05,0442,Aqua,MODIS,83,6.2,306.9,22,D,0
-12.7311,135.4799,340.8,1,1,2014-10-05,0442,Aqua,MODIS,73,6.2,316.5,21.5,D,0
-12.5691,132.7043,333.1,1.2,1.1,2014-10-05,0442,Aqua,MODIS,39,6.2,312.1,13.1,D,0
-12.7635,141.8029,327.7,2.2,1.5,2014-10-05,0442,Aqua,MODIS,0,6.2,304.9,40.4,D,0
-12.7619,141.816,328.3,2.3,1.5,2014-10-05,0442,Aqua,MODIS,36,6.2,305.3,41.2,D,0
-12.7654,141.7956,323.3,2.2,1.5,2014-10-05,0442,Aqua,MODIS,0,6.2,304.6,25.8,D,0
-12.3694,135.622,326.2,1,1,2014-10-05,0442,Aqua,MODIS,59,6.2,306.5,6.3,D,0
-12.3604,135.6205,328.2,1,1,2014-10-05,0442,Aqua,MODIS,65,6.2,306.2,9.1,D,0
-13.3243,141.7551,324.7,2.2,1.4,2014-10-05,0442,Aqua,MODIS,65,6.2,305,29.6,D,0
-13.3247,141.7479,323.9,2.2,1.4,2014-10-05,0442,Aqua,MODIS,46,6.2,305.6,27.3,D,0
-12.3618,135.6113,331.9,1,1,2014-10-05,0442,Aqua,MODIS,74,6.2,306.9,13.2,D,0
-12.7337,135.4615,334.5,1,1,2014-10-05,0442,Aqua,MODIS,51,6.2,316.5,13.8,D,0
-12.0381,134.2719,328.6,1,1,2014-10-05,0442,Aqua,MODIS,44,6.2,309.2,11.9,D,0
-12.4166,136.4862,340.8,1.1,1,2014-10-05,0442,Aqua,MODIS,86,6.2,309.7,29.9,D,0
-12.2871,132.9998,355.8,1.1,1.1,2014-10-05,0442,Aqua,MODIS,97,6.2,309,65.4,D,0
-11.9755,132.7327,334.9,1.1,1.1,2014-10-05,0442,Aqua,MODIS,76,6.2,309.4,19.2,D,0
-11.9878,132.7133,343.7,1.1,1.1,2014-10-05,0442,Aqua,MODIS,87,6.2,305.2,42,D,0
-13.0812,142.9296,325.1,2.7,1.6,2014-10-05,0442,Aqua,MODIS,46,6.2,306.2,42.9,D,0
-13.0671,142.927,324.1,2.7,1.6,2014-10-05,0442,Aqua,MODIS,47,6.2,304.7,40.2,D,0
-11.0525,142.3678,321.2,2.7,1.6,2014-10-05,0442,Aqua,MODIS,74,6.2,297.3,46,D,0
-11.0484,142.392,314.7,2.7,1.6,2014-10-05,0442,Aqua,MODIS,59,6.2,296.2,23.1,D,0
-13.0345,131.4987,335.1,1.4,1.2,2014-10-05,0442,Aqua,MODIS,74,6.2,311.6,14.9,D,0
-12.4914,132.9896,330.2,1.1,1.1,2014-10-05,0442,Aqua,MODIS,20,6.2,308.4,14.2,D,0
-12.4792,133.0084,328.1,1.1,1.1,2014-10-05,0442,Aqua,MODIS,32,6.2,308.8,11.4,D,0
-12.4927,132.9794,350.3,1.1,1.1,2014-10-05,0442,Aqua,MODIS,93,6.2,311.4,55.5,D,0
-12.4833,132.978,328.7,1.1,1.1,2014-10-05,0442,Aqua,MODIS,50,6.2,306.6,12.8,D,0
-12.9994,135.7242,332,1,1,2014-10-05,0442,Aqua,MODIS,53,6.2,313,9.1,D,0
-11.8774,132.7751,332.6,1.1,1.1,2014-10-05,0442,Aqua,MODIS,59,6.2,308.1,17.5,D,0
-13.4435,135.7662,337.7,1,1,2014-10-05,0442,Aqua,MODIS,77,6.2,310.4,23.4,D,0
-12.8234,135.732,359.8,1,1,2014-10-05,0442,Aqua,MODIS,99,6.2,318,61.6,D,0
-12.8221,135.7413,366.5,1,1,2014-10-05,0442,Aqua,MODIS,100,6.2,319.2,81.7,D,0
-12.9193,135.8281,346.3,1,1,2014-10-05,0442,Aqua,MODIS,89,6.2,312.3,34,D,0
-12.9283,135.8295,340.7,1,1,2014-10-05,0442,Aqua,MODIS,78,6.2,313.6,23.9,D,0
-12.9981,135.7334,335.5,1,1,2014-10-05,0442,Aqua,MODIS,68,6.2,311.9,14.6,D,0
-13.1379,141.8456,325.6,2.2,1.4,2014-10-05,0442,Aqua,MODIS,56,6.2,306.1,32.1,D,0
-12.4478,141.8918,327.7,2.3,1.5,2014-10-05,0442,Aqua,MODIS,81,6.2,306.6,36.3,D,0
-12.836,136.3321,327.1,1,1,2014-10-05,0442,Aqua,MODIS,27,6.2,310.1,7.3,D,0
-12.7694,141.8462,326,2.3,1.5,2014-10-05,0442,Aqua,MODIS,67,6.2,304,34.1,D,0
-12.8374,136.3227,333.7,1,1,2014-10-05,0442,Aqua,MODIS,72,6.2,310.8,16.9,D,0
-12.8388,136.3132,330.8,1,1,2014-10-05,0442,Aqua,MODIS,57,6.2,308.4,13,D,0
-13.1493,141.8549,321.2,2.2,1.4,2014-10-05,0442,Aqua,MODIS,34,6.2,305,19.9,D,0
-13.1329,141.8728,328.8,2.2,1.4,2014-10-05,0442,Aqua,MODIS,75,6.2,306.2,45,D,0
-13.1364,141.8526,335.4,2.2,1.4,2014-10-05,0442,Aqua,MODIS,83,6.2,307,75.2,D,0
-13.1345,141.8659,333.4,2.2,1.4,2014-10-05,0442,Aqua,MODIS,81,6.2,306.8,64,D,0
-13.5441,130.3513,334.4,1.7,1.3,2014-10-05,0442,Aqua,MODIS,70,6.2,289.5,44.3,D,0
-13.565,130.3697,338.1,1.7,1.3,2014-10-05,0442,Aqua,MODIS,69,6.2,298.2,55.8,D,0
-13.5536,130.3682,360.6,1.7,1.3,2014-10-05,0442,Aqua,MODIS,100,6.2,300.6,157.4,D,0
-13.4117,131.3266,332.9,1.4,1.2,2014-10-05,0442,Aqua,MODIS,71,6.2,313.7,13,D,0
-13.7602,133.5713,390,1.1,1,2014-10-05,0442,Aqua,MODIS,100,6.2,320.5,199.1,D,0
-13.7695,133.5726,346.3,1.1,1,2014-10-05,0442,Aqua,MODIS,88,6.2,321.1,36.2,D,0
-12.4371,142.6932,325.2,2.7,1.6,2014-10-05,0442,Aqua,MODIS,78,6.2,302,57.7,D,0
-13.7682,133.5826,340.4,1.1,1,2014-10-05,0442,Aqua,MODIS,80,6.2,318.5,23.3,D,0
-12.4189,142.7147,371,2.7,1.6,2014-10-05,0442,Aqua,MODIS,100,6.2,303.4,451.2,D,0
-12.4232,142.6907,326.3,2.7,1.6,2014-10-05,0442,Aqua,MODIS,67,6.2,301.4,59.9,D,0
-12.4049,142.7122,370,2.7,1.6,2014-10-05,0442,Aqua,MODIS,100,6.2,301.8,433.5,D,0
-12.4281,142.7086,327.6,2.7,1.6,2014-10-05,0442,Aqua,MODIS,48,6.2,301.8,62.4,D,0
-12.4141,142.706,356.7,2.7,1.6,2014-10-05,0442,Aqua,MODIS,98,6.2,301.6,282.5,D,0
-12.3959,142.7277,351.8,2.7,1.6,2014-10-05,0442,Aqua,MODIS,96,6.2,303.3,232.9,D,0
-12.4001,142.7035,350.9,2.7,1.6,2014-10-05,0442,Aqua,MODIS,96,6.2,300,230,D,0
-12.3819,142.7251,392.7,2.7,1.6,2014-10-05,0442,Aqua,MODIS,100,6.2,304.6,855.8,D,0
-12.3861,142.7008,351.5,2.7,1.6,2014-10-05,0442,Aqua,MODIS,96,6.2,299.8,239,D,0
-12.4274,142.6667,325.6,2.7,1.6,2014-10-05,0442,Aqua,MODIS,79,6.2,300.7,59,D,0
-12.4322,142.6845,327.4,2.7,1.6,2014-10-05,0442,Aqua,MODIS,80,6.2,302.3,65.4,D,0
-12.4363,142.6605,328.8,2.7,1.6,2014-10-05,0442,Aqua,MODIS,82,6.2,301.2,72.5,D,0
-12.4182,142.6819,320.3,2.7,1.6,2014-10-05,0442,Aqua,MODIS,54,6.2,299.9,38.4,D,0
-13.8854,132.5499,341.4,1.2,1.1,2014-10-05,0442,Aqua,MODIS,83,6.2,313,33,D,0
-13.8853,132.5445,329.9,1.2,1.1,2014-10-05,0442,Aqua,MODIS,24,6.2,312.7,12.4,D,0
-14.2125,136.5538,337,1,1,2014-10-05,0442,Aqua,MODIS,81,6.2,304.7,26.8,D,0
-14.2111,136.5633,352.4,1,1,2014-10-05,0442,Aqua,MODIS,95,6.2,305.1,58.3,D,0
-14.1007,133.976,361,1.1,1,2014-10-05,0442,Aqua,MODIS,100,6.2,317.5,69.3,D,0
-14.102,133.9663,344.6,1.1,1,2014-10-05,0442,Aqua,MODIS,86,6.2,317.7,26.8,D,0
-13.9037,132.5637,334.5,1.2,1.1,2014-10-05,0442,Aqua,MODIS,55,6.2,313.2,16.1,D,0
-13.8938,132.5624,335.8,1.2,1.1,2014-10-05,0442,Aqua,MODIS,66,6.2,314.4,20.4,D,0
-13.6122,135.3662,339.2,1,1,2014-10-05,0442,Aqua,MODIS,61,6.2,311.7,20.1,D,0
-13.5023,131.9728,355.4,1.3,1.1,2014-10-05,0442,Aqua,MODIS,97,6.2,310.4,76.9,D,0
-14.202,136.5618,326.3,1,1,2014-10-05,0442,Aqua,MODIS,35,6.2,300.5,13.1,D,0
-13.854,136.8512,336.2,1.1,1,2014-10-05,0442,Aqua,MODIS,77,6.2,306.1,23,D,0
-13.8632,136.8527,345.3,1.1,1,2014-10-05,0442,Aqua,MODIS,85,6.2,308.2,38.9,D,0
-13.8753,136.8348,340.2,1.1,1,2014-10-05,0442,Aqua,MODIS,82,6.2,307.5,31,D,0
-13.8738,136.8445,344.4,1.1,1,2014-10-05,0442,Aqua,MODIS,90,6.2,308.9,36.6,D,0
-13.8724,136.8542,340.2,1.1,1,2014-10-05,0442,Aqua,MODIS,75,6.2,307.9,27.9,D,0
-13.8465,132.459,336.9,1.2,1.1,2014-10-05,0442,Aqua,MODIS,76,6.2,312.7,24,D,0
-13.845,132.4703,350.3,1.2,1.1,2014-10-05,0442,Aqua,MODIS,92,6.2,310.3,57.9,D,0
-13.8549,132.4717,334.1,1.2,1.1,2014-10-05,0442,Aqua,MODIS,60,6.2,312.7,17.6,D,0
-13.8534,132.4829,366,1.2,1.1,2014-10-05,0442,Aqua,MODIS,100,6.2,314.3,111.2,D,0
-13.8519,132.4942,333.4,1.2,1.1,2014-10-05,0442,Aqua,MODIS,34,6.2,310.1,19.1,D,0
-13.8617,132.4956,336.8,1.2,1.1,2014-10-05,0442,Aqua,MODIS,56,6.2,308.8,23.5,D,0
-13.8701,132.5081,333.3,1.2,1.1,2014-10-05,0442,Aqua,MODIS,44,6.2,313.6,16.6,D,0
-13.8686,132.5194,361.2,1.2,1.1,2014-10-05,0442,Aqua,MODIS,100,6.2,313.7,93.2,D,0
-13.8671,132.5306,343.3,1.2,1.1,2014-10-05,0442,Aqua,MODIS,81,6.2,311.1,39.8,D,0
-13.877,132.5319,339.7,1.2,1.1,2014-10-05,0442,Aqua,MODIS,71,6.2,313.6,29.8,D,0
-13.8755,132.5431,335.6,1.2,1.1,2014-10-05,0442,Aqua,MODIS,66,6.2,310.4,23.9,D,0
-14.0096,135.796,328.8,1,1,2014-10-05,0442,Aqua,MODIS,41,6.2,310,8.7,D,0
-13.8838,132.5556,338.3,1.2,1.1,2014-10-05,0442,Aqua,MODIS,78,6.2,312.2,29.7,D,0
-13.884,132.5611,335.4,1.2,1.1,2014-10-05,0442,Aqua,MODIS,66,6.2,311.3,21.2,D,0
-13.5038,131.9611,379.8,1.3,1.1,2014-10-05,0442,Aqua,MODIS,100,6.2,314.1,191.1,D,0
-12.2723,136.7905,322.7,1.1,1,2014-10-05,0442,Aqua,MODIS,27,6.2,302.7,9,D,0
-13.849,135.825,334.8,1,1,2014-10-05,0442,Aqua,MODIS,72,6.2,311.1,19.2,D,0
-13.858,135.8264,339.4,1,1,2014-10-05,0442,Aqua,MODIS,82,6.2,310.9,27,D,0
-13.8513,135.8726,333.3,1,1,2014-10-05,0442,Aqua,MODIS,72,6.2,307.7,18.5,D,0
-14.2289,134.2434,341.6,1,1,2014-10-05,0442,Aqua,MODIS,50,6.2,319.5,19.2,D,0
-14.2302,134.2338,341.6,1,1,2014-10-05,0442,Aqua,MODIS,64,6.2,321,18.7,D,0
-14.2315,134.2242,339.9,1,1,2014-10-05,0442,Aqua,MODIS,55,6.2,319.9,15.4,D,0
-14.2328,134.2146,356.3,1,1,2014-10-05,0442,Aqua,MODIS,97,6.2,319,53.2,D,0
-14.2341,134.205,343.8,1,1,2014-10-05,0442,Aqua,MODIS,70,6.2,314.7,26.2,D,0
-13.9022,132.5748,348.7,1.2,1.1,2014-10-05,0442,Aqua,MODIS,91,6.2,313.2,49.6,D,0
-13.9008,132.586,333.4,1.2,1.1,2014-10-05,0442,Aqua,MODIS,46,6.2,312,15.7,D,0
-13.9121,132.5761,341.5,1.2,1.1,2014-10-05,0442,Aqua,MODIS,82,6.2,316.4,29.2,D,0
-13.9106,132.5872,355.7,1.2,1.1,2014-10-05,0442,Aqua,MODIS,97,6.2,316.4,69.1,D,0
-13.919,132.5997,343.8,1.2,1.1,2014-10-05,0442,Aqua,MODIS,83,6.2,312.4,34.2,D,0
-13.9288,132.601,341.8,1.2,1.1,2014-10-05,0442,Aqua,MODIS,83,6.2,314.4,29,D,0
-13.9386,132.6024,335.4,1.2,1.1,2014-10-05,0442,Aqua,MODIS,72,6.2,315.6,15.7,D,0
-14.5214,133.2656,335.1,1.1,1.1,2014-10-05,0442,Aqua,MODIS,36,6.2,318,14,D,0
-14.5243,133.2716,345.8,1.1,1.1,2014-10-05,0442,Aqua,MODIS,88,6.2,317.3,33.9,D,0
-13.5672,134.249,335.1,1,1,2014-10-05,0442,Aqua,MODIS,39,6.2,318.6,11.5,D,0
-13.5582,134.2507,339.8,1,1,2014-10-05,0442,Aqua,MODIS,80,6.2,315.9,19.4,D,0
-13.5283,134.1981,334.5,1,1,2014-10-05,0442,Aqua,MODIS,69,6.2,316,12.7,D,0
-13.5296,134.1886,340,1,1,2014-10-05,0442,Aqua,MODIS,80,6.2,317.8,22.3,D,0
-13.5056,131.9549,341.6,1.3,1.1,2014-10-05,0442,Aqua,MODIS,85,6.2,313.1,33.7,D,0
-13.4762,134.3061,333.7,1,1,2014-10-05,0442,Aqua,MODIS,38,6.2,313.9,11.3,D,0
-13.4938,131.9654,356,1.3,1.1,2014-10-05,0442,Aqua,MODIS,97,6.2,309.6,79.7,D,0
-13.4954,131.9535,367.6,1.3,1.1,2014-10-05,0442,Aqua,MODIS,100,6.2,313.3,126.4,D,0
-13.4853,131.952,345.6,1.3,1.1,2014-10-05,0442,Aqua,MODIS,89,6.2,307.9,46.2,D,0
-13.4869,131.94,336.4,1.3,1.1,2014-10-05,0442,Aqua,MODIS,74,6.2,312,22,D,0
-13.4767,131.9386,346.3,1.3,1.1,2014-10-05,0442,Aqua,MODIS,89,6.2,311.6,47.9,D,0
-12.3623,135.1656,337.5,1,1,2014-10-05,0442,Aqua,MODIS,82,6.2,307.5,22.8,D,0
-12.3726,135.1579,331.3,1,1,2014-10-05,0442,Aqua,MODIS,64,6.2,305,12.5,D,0
-12.3713,135.167,358.6,1,1,2014-10-05,0442,Aqua,MODIS,99,6.2,306.6,65.7,D,0
-13.6033,135.3648,358.3,1,1,2014-10-05,0442,Aqua,MODIS,98,6.2,317.2,59.2,D,0
-13.6046,135.3556,333.9,1,1,2014-10-05,0442,Aqua,MODIS,44,6.2,315,12.1,D,0
-13.9331,135.6936,337.4,1,1,2014-10-05,0442,Aqua,MODIS,80,6.2,307.5,22.4,D,0
-12.3875,142.7764,324.2,2.7,1.6,2014-10-05,0442,Aqua,MODIS,31,6.2,300.5,51.7,D,0
-12.4016,142.7791,329.5,2.7,1.6,2014-10-05,0442,Aqua,MODIS,80,6.2,302,80.8,D,0
-12.4157,142.7816,326.9,2.7,1.6,2014-10-05,0442,Aqua,MODIS,45,6.2,301.6,65.1,D,0
-12.9747,142.8541,324.1,2.7,1.6,2014-10-05,0442,Aqua,MODIS,67,6.2,306,41.2,D,0
-12.572,142.8058,321.5,2.7,1.6,2014-10-05,0442,Aqua,MODIS,38,6.2,300.9,41.9,D,0
-14.1335,134.0106,335,1.1,1,2014-10-05,0442,Aqua,MODIS,64,6.2,314.5,14.4,D,0
-13.4508,131.8983,331.2,1.3,1.1,2014-10-05,0442,Aqua,MODIS,18,6.2,310.5,11.6,D,0
-13.4681,131.9251,336.9,1.3,1.1,2014-10-05,0442,Aqua,MODIS,79,6.2,311.9,23.8,D,0
-14.1322,134.0202,336,1.1,1,2014-10-05,0442,Aqua,MODIS,71,6.2,311.7,17.3,D,0
-12.1704,135.3485,324.4,1,1,2014-10-05,0442,Aqua,MODIS,28,6.2,305.4,6.3,D,0
-12.5472,142.639,321.2,2.6,1.6,2014-10-05,0442,Aqua,MODIS,57,6.2,302.7,32,D,0
-12.5432,142.6629,321.8,2.6,1.6,2014-10-05,0442,Aqua,MODIS,39,6.2,302.6,37.9,D,0
-12.551,142.6443,327.5,2.6,1.6,2014-10-05,0442,Aqua,MODIS,81,6.2,303.2,59.9,D,0
-12.5468,142.6683,325.6,2.6,1.6,2014-10-05,0442,Aqua,MODIS,63,6.2,302.9,53.5,D,0
-14.1414,134.0216,341.3,1.1,1,2014-10-05,0442,Aqua,MODIS,82,6.2,314.7,26.7,D,0
-11.9109,135.8051,318.2,1,1,2014-10-05,0442,Aqua,MODIS,61,6.2,303.2,5.9,D,0
-14.1495,134.0194,337.2,1.1,1,2014-10-05,0442,Aqua,MODIS,74,6.2,317.9,15.5,D,0
-14.1587,134.0207,334.2,1.1,1,2014-10-05,0442,Aqua,MODIS,57,6.2,317.4,9.6,D,0
-14.3396,132.8136,339.7,1.2,1.1,2014-10-05,0442,Aqua,MODIS,80,6.2,317.7,22.6,D,0
-11.8855,132.7867,332.4,1.1,1.1,2014-10-05,0442,Aqua,MODIS,51,6.2,311,17,D,0
-11.8841,132.797,335.2,1.1,1.1,2014-10-05,0442,Aqua,MODIS,66,6.2,308.5,22.1,D,0
-11.8936,132.7984,338.8,1.1,1.1,2014-10-05,0442,Aqua,MODIS,81,6.2,309.7,27.3,D,0
-14.5104,133.2747,332.7,1.1,1.1,2014-10-05,0442,Aqua,MODIS,29,6.2,315.4,10.9,D,0
-12.1182,136.2682,329.9,1,1,2014-10-05,0442,Aqua,MODIS,53,6.2,308.2,14.3,D,0
-12.3492,135.5756,334.8,1,1,2014-10-05,0442,Aqua,MODIS,62,6.2,308.3,19.4,D,0
-12.3748,135.5851,341.3,1,1,2014-10-05,0442,Aqua,MODIS,86,6.2,308.3,26,D,0
-12.3968,135.5603,329,1,1,2014-10-05,0442,Aqua,MODIS,59,6.2,306.9,9.7,D,0
-12.3955,135.5695,337,1,1,2014-10-05,0442,Aqua,MODIS,82,6.2,307.7,21,D,0
-13.9241,135.6922,363.7,1,1,2014-10-05,0442,Aqua,MODIS,100,6.2,311.9,78.8,D,0
-13.9138,135.7001,335.2,1,1,2014-10-05,0442,Aqua,MODIS,65,6.2,311.8,15.6,D,0
-13.8973,135.6815,329,1,1,2014-10-05,0442,Aqua,MODIS,37,6.2,310.4,10.8,D,0
-13.9227,135.7015,346.9,1,1,2014-10-05,0442,Aqua,MODIS,90,6.2,311.7,37.1,D,0
-13.504,131.9667,374.2,1.3,1.1,2014-10-05,0442,Aqua,MODIS,100,6.2,313.2,159,D,0
-14.14,134.0313,333.4,1.1,1,2014-10-05,0442,Aqua,MODIS,57,6.2,311.5,14.1,D,0
-14.1627,134.0608,335.4,1.1,1,2014-10-05,0442,Aqua,MODIS,49,6.2,314.8,14.4,D,0
-14.2178,134.0689,334.2,1.1,1,2014-10-05,0442,Aqua,MODIS,55,6.2,315.2,11.8,D,0
-14.2086,134.0676,332.1,1.1,1,2014-10-05,0442,Aqua,MODIS,20,6.2,315.3,9.3,D,0
-14.1994,134.0663,336.7,1.1,1,2014-10-05,0442,Aqua,MODIS,45,6.2,314,14.9,D,0
-13.5801,134.3568,333.3,1,1,2014-10-05,0442,Aqua,MODIS,57,6.2,316.1,10.1,D,0
-12.2244,133.8675,335.2,1,1,2014-10-05,0442,Aqua,MODIS,53,6.2,310.2,16.6,D,0
-13.4484,134.3155,333.4,1,1,2014-10-05,0442,Aqua,MODIS,58,6.2,313.8,11.4,D,0
-13.7615,133.5614,355.9,1.1,1,2014-10-05,0442,Aqua,MODIS,97,6.2,313.4,61.7,D,0
-13.7588,133.5813,348.2,1.1,1,2014-10-05,0442,Aqua,MODIS,90,6.2,317,40.3,D,0
-12.8885,142.1407,339.8,2.4,1.5,2014-10-05,0442,Aqua,MODIS,87,6.2,305.9,101.5,D,0
-12.9018,142.1432,330.5,2.4,1.5,2014-10-05,0442,Aqua,MODIS,32,6.2,306.7,46.6,D,0
-14.3969,133.8279,352.9,1.1,1,2014-10-05,0442,Aqua,MODIS,94,6.2,314.8,50.3,D,0
-14.0819,135.7411,327,1,1,2014-10-05,0442,Aqua,MODIS,51,6.2,309.6,8.6,D,0
-14.4023,133.7881,339.4,1.1,1,2014-10-05,0442,Aqua,MODIS,78,6.2,313.5,23.4,D,0
-14.3433,133.7527,340.8,1.1,1,2014-10-05,0442,Aqua,MODIS,74,6.2,316,23.3,D,0
-12.8888,142.1558,338.2,2.4,1.5,2014-10-05,0442,Aqua,MODIS,84,6.2,306.3,87.7,D,0
-14.3543,133.9323,336.2,1.1,1,2014-10-05,0442,Aqua,MODIS,67,6.2,315.2,14.8,D,0
-12.5819,136.3132,331.1,1,1,2014-10-05,0442,Aqua,MODIS,61,6.2,309.9,11.8,D,0
-12.4414,142.6692,326.3,2.7,1.6,2014-10-05,0442,Aqua,MODIS,79,6.2,301.8,61.5,D,0
-14.4036,133.7782,334.5,1.1,1,2014-10-05,0442,Aqua,MODIS,59,6.2,313.9,14.6,D,0
-12.3032,142.0347,326.8,2.4,1.5,2014-10-05,0442,Aqua,MODIS,80,6.2,304.5,42.1,D,0
-14.8155,133.3744,335.9,1.1,1.1,2014-10-05,0442,Aqua,MODIS,34,6.2,316,15.1,D,0
-14.342,135.2094,338.7,1,1,2014-10-05,0442,Aqua,MODIS,74,6.2,316.3,17.3,D,0
-14.413,133.7795,332.2,1.1,1,2014-10-05,0442,Aqua,MODIS,51,6.2,310.9,12.4,D,0
-14.7054,133.3627,334.4,1.1,1.1,2014-10-05,0442,Aqua,MODIS,45,6.2,315.9,13.4,D,0
-12.4978,135.6293,343.4,1,1,2014-10-05,0442,Aqua,MODIS,87,6.2,309.7,34.8,D,0
-14.0832,135.7319,339.6,1,1,2014-10-05,0442,Aqua,MODIS,83,6.2,311,26.2,D,0
-14.2393,134.2351,355.7,1,1,2014-10-05,0442,Aqua,MODIS,97,6.2,319.5,50.3,D,0
-14.373,133.794,334.5,1.1,1,2014-10-05,0442,Aqua,MODIS,58,6.2,315.7,11.3,D,0
-12.9151,142.1456,362.1,2.4,1.5,2014-10-05,0442,Aqua,MODIS,100,6.2,311,259,D,0
-12.9058,142.1366,340.7,2.4,1.5,2014-10-05,0442,Aqua,MODIS,88,6.2,308,102.6,D,0
-14.2433,134.2064,340.9,1,1,2014-10-05,0442,Aqua,MODIS,73,6.2,314.4,21.7,D,0
-13.0584,142.9763,326.6,2.7,1.6,2014-10-05,0442,Aqua,MODIS,42,6.2,306.6,48.9,D,0
-14.6804,133.3749,336.8,1.1,1.1,2014-10-05,0442,Aqua,MODIS,66,6.2,316.7,16.8,D,0
-12.4005,142.7364,338.2,2.7,1.6,2014-10-05,0442,Aqua,MODIS,37,6.2,302.9,106,D,0
-12.41,142.7303,371.3,2.7,1.6,2014-10-05,0442,Aqua,MODIS,100,6.2,303.6,461.2,D,0
-14.2407,134.2255,367.4,1,1,2014-10-05,0442,Aqua,MODIS,100,6.2,319.7,84.6,D,0
-12.181,142.5763,320.4,2.6,1.6,2014-10-05,0442,Aqua,MODIS,73,6.2,300.4,35.4,D,0
-12.424,142.7329,339.1,2.7,1.6,2014-10-05,0442,Aqua,MODIS,74,6.2,302.7,127.8,D,0
-14.6452,133.3486,334.8,1.1,1.1,2014-10-05,0442,Aqua,MODIS,63,6.2,317.9,13.3,D,0
-12.7139,136.2911,335.2,1,1,2014-10-05,0442,Aqua,MODIS,61,6.2,313.2,15.8,D,0
-12.1913,142.5732,318.2,2.6,1.6,2014-10-05,0442,Aqua,MODIS,63,6.2,299.6,25.4,D,0
-12.387,142.3326,321.3,2.5,1.5,2014-10-05,0442,Aqua,MODIS,48,6.2,304.1,22.1,D,0
-12.5027,134.3717,332.8,1,1,2014-10-05,0442,Aqua,MODIS,66,6.2,308.7,10.9,D,0
-12.8925,142.1341,332.4,2.4,1.5,2014-10-05,0442,Aqua,MODIS,65,6.2,305.5,59.6,D,0
-14.3756,133.8449,333.8,1.1,1,2014-10-05,0442,Aqua,MODIS,25,6.2,316,7.1,D,0
-12.3165,142.037,322.7,2.4,1.5,2014-10-05,0442,Aqua,MODIS,47,6.2,305.4,23.7,D,0
-12.9188,142.124,353.5,2.4,1.5,2014-10-05,0442,Aqua,MODIS,96,6.2,310.9,183.7,D,0
-14.3956,134.2309,342.5,1,1,2014-10-05,0442,Aqua,MODIS,84,6.2,317.5,24.6,D,0
-12.3918,142.7519,328.9,2.7,1.6,2014-10-05,0442,Aqua,MODIS,45,6.2,301.7,71.3,D,0
-14.3744,133.7841,346.5,1.1,1,2014-10-05,0442,Aqua,MODIS,88,6.2,317.1,34.3,D,0
-14.2477,133.7838,339.1,1.1,1,2014-10-05,0442,Aqua,MODIS,65,6.2,317.6,18.2,D,0
-12.3777,142.7493,342,2.7,1.6,2014-10-05,0442,Aqua,MODIS,91,6.2,300.2,156.4,D,0
-12.4146,142.739,357.6,2.7,1.6,2014-10-05,0442,Aqua,MODIS,98,6.2,303.6,277.8,D,0
-12.5896,136.3241,347.2,1,1,2014-10-05,0442,Aqua,MODIS,91,6.2,311,41,D,0
-12.1953,142.5493,317.5,2.6,1.6,2014-10-05,0442,Aqua,MODIS,58,6.2,299.6,21.5,D,0
-14.3512,133.764,335.6,1.1,1,2014-10-05,0442,Aqua,MODIS,65,6.2,316.7,14.5,D,0
-14.8141,133.3849,336.8,1.1,1.1,2014-10-05,0442,Aqua,MODIS,58,6.2,318.1,16.7,D,0
-14.655,133.2754,333.8,1.1,1.1,2014-10-05,0442,Aqua,MODIS,62,6.2,316.4,12.3,D,0
-12.1852,142.5524,335.4,2.6,1.6,2014-10-05,0442,Aqua,MODIS,87,6.2,300.4,109.3,D,0
-12.9882,131.4731,339.4,1.4,1.2,2014-10-05,0442,Aqua,MODIS,81,6.2,315.3,25.3,D,0
-12.1814,142.5468,328,2.6,1.6,2014-10-05,0442,Aqua,MODIS,81,6.2,299.7,66.3,D,0
-14.242,134.2159,351.5,1,1,2014-10-05,0442,Aqua,MODIS,93,6.2,317.5,41.8,D,0
-12.9757,142.1617,328.7,2.4,1.5,2014-10-05,0442,Aqua,MODIS,52,6.2,309.5,35.1,D,0
-12.1774,142.5708,320.9,2.6,1.6,2014-10-05,0442,Aqua,MODIS,73,6.2,300.6,34.9,D,0
-12.4992,135.6201,339.9,1,1,2014-10-05,0442,Aqua,MODIS,65,6.2,309.2,29.3,D,0
-14.52,133.2761,334,1.1,1.1,2014-10-05,0442,Aqua,MODIS,38,6.2,315.1,13.2,D,0
-14.3419,133.7627,341.1,1.1,1,2014-10-05,0442,Aqua,MODIS,79,6.2,316,22.9,D,0
-12.3069,142.013,324.4,2.4,1.5,2014-10-05,0442,Aqua,MODIS,76,6.2,304.3,33.6,D,0
-14.393,133.7868,409,1.1,1,2014-10-05,0442,Aqua,MODIS,100,6.2,320.8,322.1,D,0
-14.3943,133.7769,347.5,1.1,1,2014-10-05,0442,Aqua,MODIS,89,6.2,315.3,36.9,D,0
-14.3955,133.8377,339.1,1.1,1,2014-10-05,0442,Aqua,MODIS,49,6.2,314.9,19.2,D,0
-11.3912,131.1596,338.1,1.4,1.2,2014-10-05,0443,Aqua,MODIS,80,6.2,305.7,38.3,D,0
-11.3929,131.1472,349.6,1.4,1.2,2014-10-05,0443,Aqua,MODIS,94,6.2,304,71.4,D,0
-11.4067,131.1236,334.6,1.4,1.2,2014-10-05,0443,Aqua,MODIS,63,6.2,305.9,28,D,0
-11.3962,131.1221,341.4,1.4,1.2,2014-10-05,0443,Aqua,MODIS,88,6.2,303.1,48.8,D,0
-11.4084,131.111,342.1,1.4,1.2,2014-10-05,0443,Aqua,MODIS,85,6.2,306.4,49.5,D,0
-11.2043,132.3232,335.2,1.2,1.1,2014-10-05,0443,Aqua,MODIS,41,6.2,310.6,21.7,D,0
-11.2058,132.3126,334.6,1.2,1.1,2014-10-05,0443,Aqua,MODIS,49,6.2,312.8,19.9,D,0
-34.1309,116.766,324.5,1,1,2014-10-05,0615,Aqua,MODIS,83,6.2,290.2,22.8,D,0
-31.4492,115.6716,306,1,1,2014-10-05,0616,Aqua,MODIS,42,6.2,288.3,6,D,0
-31.9082,115.8095,306.2,1,1,2014-10-05,0616,Aqua,MODIS,40,6.2,291.3,3.5,D,0
-26.1844,123.7477,342.7,3.6,1.8,2014-10-05,0617,Aqua,MODIS,87,6.2,309.8,201.1,D,0
-26.1922,123.7128,326.1,3.5,1.8,2014-10-05,0617,Aqua,MODIS,58,6.2,310.5,50.3,D,0
-26.1687,123.7434,349,3.6,1.8,2014-10-05,0617,Aqua,MODIS,93,6.2,312.6,269.6,D,0
-26.1618,123.7369,352.3,3.6,1.8,2014-10-05,0617,Aqua,MODIS,95,6.2,313.1,312.9,D,0
-26.1775,123.7413,346.2,3.6,1.8,2014-10-05,0617,Aqua,MODIS,90,6.2,311.1,235.9,D,0
-26.1851,123.7063,333.6,3.5,1.8,2014-10-05,0617,Aqua,MODIS,76,6.2,311.4,102.1,D,0
-26.1765,123.7085,379.3,3.5,1.8,2014-10-05,0617,Aqua,MODIS,100,6.2,316,832.4,D,0
-26.1932,123.7456,329,3.6,1.8,2014-10-05,0617,Aqua,MODIS,67,6.2,308.9,72.1,D,0
-26.1695,123.702,379.6,3.5,1.8,2014-10-05,0617,Aqua,MODIS,100,6.2,317.2,838,D,0
-26.1615,123.6627,328.5,3.5,1.8,2014-10-05,0617,Aqua,MODIS,66,6.2,312.3,58.2,D,0
-26.1538,123.6976,334.6,3.5,1.8,2014-10-05,0617,Aqua,MODIS,78,6.2,312.4,108.6,D,0
-21.1487,117.177,345.3,1.6,1.2,2014-10-05,0618,Aqua,MODIS,89,6.2,316.6,65.5,D,0
-21.1377,117.1748,481.8,1.6,1.2,2014-10-05,0618,Aqua,MODIS,100,6.2,400.1,2344.6,D,0
-21.1403,117.1598,349.3,1.6,1.2,2014-10-05,0618,Aqua,MODIS,92,6.2,321.1,77.9,D,0
-21.1266,117.1727,351,1.6,1.2,2014-10-05,0618,Aqua,MODIS,94,6.2,319,82.6,D,0
-21.0933,117.1661,353.8,1.6,1.2,2014-10-05,0618,Aqua,MODIS,96,6.2,317.4,95.3,D,0
-21.1016,117.1765,337,1.6,1.2,2014-10-05,0618,Aqua,MODIS,28,6.2,315.9,33.5,D,0
-21.093,117.1592,337.5,1.6,1.2,2014-10-05,0618,Aqua,MODIS,60,6.2,316.5,36.3,D,0
-21.573,117.7185,330.5,1.7,1.3,2014-10-05,0618,Aqua,MODIS,58,6.2,315.2,24.8,D,0
-21.5615,117.7162,330.2,1.7,1.3,2014-10-05,0618,Aqua,MODIS,39,6.2,316,22.6,D,0
-21.5323,117.8124,333.6,1.7,1.3,2014-10-05,0618,Aqua,MODIS,53,6.2,314.3,34,D,0
-21.5211,117.8204,334.3,1.7,1.3,2014-10-05,0618,Aqua,MODIS,44,6.2,315.1,34.2,D,0
-21.524,117.8037,338.9,1.7,1.3,2014-10-05,0618,Aqua,MODIS,82,6.2,315.5,51,D,0
-21.5269,117.787,331.8,1.7,1.3,2014-10-05,0618,Aqua,MODIS,31,6.2,314.4,25.9,D,0
-21.5009,117.8675,385.4,1.7,1.3,2014-10-05,0618,Aqua,MODIS,100,6.2,319,360.6,D,0
-21.5038,117.8506,346.6,1.7,1.3,2014-10-05,0618,Aqua,MODIS,90,6.2,316.1,82.4,D,0
-21.5067,117.8345,335.1,1.7,1.3,2014-10-05,0618,Aqua,MODIS,48,6.2,314.4,35.7,D,0
-21.5125,117.8011,333.7,1.7,1.3,2014-10-05,0618,Aqua,MODIS,44,6.2,315.1,31.1,D,0
-21.4893,117.865,360.8,1.7,1.3,2014-10-05,0618,Aqua,MODIS,100,6.2,318.8,161.8,D,0
-21.4923,117.8483,355.3,1.7,1.3,2014-10-05,0618,Aqua,MODIS,97,6.2,317.8,125.3,D,0
-21.4951,117.8323,350.1,1.7,1.3,2014-10-05,0618,Aqua,MODIS,93,6.2,317.6,96.3,D,0
-20.9022,117.0622,357.4,1.6,1.2,2014-10-05,0618,Aqua,MODIS,98,6.2,315.3,120.6,D,0
-20.9047,117.0472,354.1,1.6,1.2,2014-10-05,0618,Aqua,MODIS,96,6.2,315.9,104.5,D,0
-21.6181,117.5303,334.2,1.6,1.3,2014-10-05,0618,Aqua,MODIS,69,6.2,318.3,30.7,D,0
-21.6236,117.4991,339.3,1.6,1.3,2014-10-05,0618,Aqua,MODIS,59,6.2,318.6,43,D,0
-21.6041,117.5437,374.5,1.6,1.3,2014-10-05,0618,Aqua,MODIS,100,6.2,319.4,230.6,D,0
-21.6069,117.528,346,1.6,1.3,2014-10-05,0618,Aqua,MODIS,89,6.2,318.2,67.7,D,0
-21.5496,117.657,327.8,1.7,1.3,2014-10-05,0618,Aqua,MODIS,31,6.2,314.7,17.9,D,0
-21.5382,117.6548,344.8,1.7,1.3,2014-10-05,0618,Aqua,MODIS,88,6.2,316.2,71.1,D,0
-21.541,117.6387,328.9,1.7,1.3,2014-10-05,0618,Aqua,MODIS,35,6.2,313.9,20.2,D,0
-21.5268,117.6524,338.8,1.7,1.3,2014-10-05,0618,Aqua,MODIS,82,6.2,315.1,46.8,D,0
-21.5297,117.6363,367.3,1.7,1.3,2014-10-05,0618,Aqua,MODIS,100,6.2,317.8,188.5,D,0
-21.6322,117.5169,338.4,1.6,1.3,2014-10-05,0618,Aqua,MODIS,30,6.2,317.3,38.2,D,0
-21.6264,117.4835,333.8,1.6,1.3,2014-10-05,0618,Aqua,MODIS,35,6.2,317,27.3,D,0
-21.6322,116.5725,343.9,1.4,1.2,2014-10-05,0618,Aqua,MODIS,87,6.2,317.2,49.6,D,0
-21.6345,116.559,336.1,1.4,1.2,2014-10-05,0618,Aqua,MODIS,77,6.2,317.9,28.8,D,0
-21.6217,116.5704,339.9,1.4,1.2,2014-10-05,0618,Aqua,MODIS,83,6.2,317.2,38.2,D,0
-21.6239,116.5569,333,1.4,1.2,2014-10-05,0618,Aqua,MODIS,70,6.2,316.1,21.2,D,0
-21.135,117.1899,411.8,1.6,1.2,2014-10-05,0618,Aqua,MODIS,100,6.2,321.8,610.5,D,0
-21.1239,117.1878,337.6,1.6,1.2,2014-10-05,0618,Aqua,MODIS,35,6.2,316.5,35.2,D,0
-20.6414,119.6239,327.7,2.4,1.5,2014-10-05,0618,Aqua,MODIS,58,6.2,312.5,24.9,D,0
-21.1916,117.6509,340.8,1.7,1.3,2014-10-05,0618,Aqua,MODIS,84,6.2,316.6,54.6,D,0
-21.1945,117.6348,336.2,1.7,1.3,2014-10-05,0618,Aqua,MODIS,78,6.2,315.9,39.5,D,0
-21.1943,117.6446,335.7,1.7,1.3,2014-10-05,0618,Aqua,MODIS,77,6.2,316.4,38.5,D,0
-21.1828,117.6423,341.9,1.7,1.3,2014-10-05,0618,Aqua,MODIS,85,6.2,316.6,59.4,D,0
-21.1856,117.6263,329.5,1.7,1.3,2014-10-05,0618,Aqua,MODIS,51,6.2,315.4,19.9,D,0
-21.4979,117.884,364.4,1.7,1.3,2014-10-05,0618,Aqua,MODIS,100,6.2,313.2,186.3,D,0
-21.4863,117.8821,341.2,1.7,1.3,2014-10-05,0618,Aqua,MODIS,85,6.2,314.6,66.5,D,0
-21.9941,124.2528,342.4,4.8,2,2014-10-05,0618,Aqua,MODIS,86,6.2,312.5,284.6,D,0
-22.9106,117.9321,338.6,1.6,1.3,2014-10-05,0618,Aqua,MODIS,77,6.2,317.5,43.4,D,0
-22.8561,122.169,328.6,3.3,1.7,2014-10-05,0618,Aqua,MODIS,63,6.2,312.1,55.1,D,0
-22.9051,117.9637,338.1,1.7,1.3,2014-10-05,0618,Aqua,MODIS,80,6.2,315,43.8,D,0
-22.9079,117.948,349.6,1.7,1.3,2014-10-05,0618,Aqua,MODIS,92,6.2,317.8,86.6,D,0
-21.9978,124.2496,339.3,4.8,2,2014-10-05,0618,Aqua,MODIS,83,6.2,312.1,231.6,D,0
-22.6848,122.6847,359.2,3.6,1.8,2014-10-05,0618,Aqua,MODIS,99,6.2,313.1,416.4,D,0
-22.6775,122.7196,350.3,3.6,1.8,2014-10-05,0618,Aqua,MODIS,93,6.2,311.5,284.6,D,0
-22.916,117.9548,354.2,1.7,1.3,2014-10-05,0618,Aqua,MODIS,96,6.2,318.1,107.8,D,0
-22.9132,117.9704,348.3,1.7,1.3,2014-10-05,0618,Aqua,MODIS,91,6.2,315.2,79.7,D,0
-22.9046,117.953,348.5,1.7,1.3,2014-10-05,0618,Aqua,MODIS,91,6.2,316.6,80.4,D,0
-22.9245,117.973,333.2,1.7,1.3,2014-10-05,0618,Aqua,MODIS,62,6.2,316.2,27.7,D,0
-22.9188,117.9394,334.8,1.6,1.3,2014-10-05,0618,Aqua,MODIS,56,6.2,317.7,32.7,D,0
-22.9075,117.9373,350.2,1.6,1.3,2014-10-05,0618,Aqua,MODIS,93,6.2,317.6,87.6,D,0
-22.9267,122.3336,330.6,3.4,1.7,2014-10-05,0618,Aqua,MODIS,49,6.2,310,66,D,0
-22.9161,122.323,339.1,3.4,1.7,2014-10-05,0618,Aqua,MODIS,83,6.2,312.1,131,D,0
-22.9095,122.2617,330.2,3.3,1.7,2014-10-05,0618,Aqua,MODIS,64,6.2,312.2,64,D,0
-22.9181,122.2975,334.9,3.4,1.7,2014-10-05,0618,Aqua,MODIS,77,6.2,311.8,100.8,D,0
-22.9113,122.3298,330.3,3.4,1.7,2014-10-05,0618,Aqua,MODIS,54,6.2,311.7,64.1,D,0
-31.8727,151.883,313.6,1.5,1.2,2014-10-05,1224,Terra,MODIS,87,6.2,291.8,22.7,N,0
-31.8745,151.8662,308.3,1.5,1.2,2014-10-05,1224,Terra,MODIS,71,6.2,289.5,15.8,N,0
-31.862,151.8801,304.6,1.5,1.2,2014-10-05,1224,Terra,MODIS,37,6.2,289.2,11.8,N,0
-31.4445,152.0411,301.4,1.4,1.2,2014-10-05,1224,Terra,MODIS,41,6.2,288.9,9.5,N,0
-25.3779,152.3137,317.7,1.2,1.1,2014-10-05,1225,Terra,MODIS,96,6.2,289.2,21.2,N,0
-25.4867,151.1632,305.1,1.4,1.2,2014-10-05,1225,Terra,MODIS,63,6.2,287.3,12.2,N,0
-25.4883,151.1498,300.6,1.4,1.2,2014-10-05,1225,Terra,MODIS,30,6.2,287.6,8.2,N,0
-26.9175,152.9327,307.4,1.1,1.1,2014-10-05,1225,Terra,MODIS,71,6.2,286.8,11.5,N,0
-25.3891,152.3035,300.3,1.2,1.1,2014-10-05,1225,Terra,MODIS,6,6.2,287.5,6,N,0
-27.2302,150.8622,300.9,1.5,1.2,2014-10-05,1225,Terra,MODIS,35,6.2,289.1,8,N,0
-27.2319,150.8472,301.6,1.5,1.2,2014-10-05,1225,Terra,MODIS,43,6.2,288.5,9,N,0
-23.6779,147.5643,318.2,2.2,1.5,2014-10-05,1226,Terra,MODIS,96,6.2,288.4,56.8,N,0
-23.6801,147.5422,306.4,2.3,1.5,2014-10-05,1226,Terra,MODIS,68,6.2,287.9,27.7,N,0
-23.3218,147.3657,300.3,2.3,1.5,2014-10-05,1226,Terra,MODIS,10,6.2,286.5,14.9,N,0
-23.2276,150.7049,304.7,1.3,1.2,2014-10-05,1226,Terra,MODIS,56,6.2,288.6,10.7,N,0
-23.22,150.7108,301.9,1.3,1.1,2014-10-05,1226,Terra,MODIS,45,6.2,288.1,8.3,N,0
-23.2216,150.6979,300.2,1.3,1.2,2014-10-05,1226,Terra,MODIS,17,6.2,288.6,6.9,N,0
-24.8155,149.6347,300.3,1.7,1.3,2014-10-05,1226,Terra,MODIS,24,6.2,286.5,11.9,N,0
-23.3106,147.3423,309.5,2.3,1.5,2014-10-05,1226,Terra,MODIS,78,6.2,288.3,33.9,N,0
-23.3147,147.3373,308.1,2.3,1.5,2014-10-05,1226,Terra,MODIS,65,6.2,288.7,29.7,N,0
-22.8447,148.9539,306.2,1.7,1.3,2014-10-05,1226,Terra,MODIS,67,6.2,289,16.9,N,0
-24.7035,151.9358,306.5,1.2,1.1,2014-10-05,1226,Terra,MODIS,68,6.2,289.3,11.2,N,0
-22.8128,149.1352,302,1.7,1.3,2014-10-05,1226,Terra,MODIS,46,6.2,288.3,12.1,N,0
-23.948,150.6937,301,1.4,1.2,2014-10-05,1226,Terra,MODIS,36,6.2,288.2,8.2,N,0
-15.4363,145.0597,319.9,2.7,1.6,2014-10-05,1228,Terra,MODIS,99,6.2,292,72.1,N,0
-15.504,145.0923,308.3,2.7,1.6,2014-10-05,1228,Terra,MODIS,58,6.2,292.1,30.2,N,0
-15.4502,145.0632,309.6,2.7,1.6,2014-10-05,1228,Terra,MODIS,36,6.2,291.4,35.2,N,0
-15.0395,145.1123,300.8,2.6,1.6,2014-10-05,1228,Terra,MODIS,33,6.2,290.2,18.9,N,0
-15.3424,143.6539,302.9,3.4,1.7,2014-10-05,1228,Terra,MODIS,30,6.2,291,24.4,N,0
-15.3479,143.6492,301.5,3.4,1.7,2014-10-05,1228,Terra,MODIS,41,6.2,291,22.2,N,0
-15.5111,145.0741,303.8,2.7,1.6,2014-10-05,1228,Terra,MODIS,52,6.2,292,19.7,N,0
-12.7248,142.0486,319.6,4.2,1.9,2014-10-05,1229,Terra,MODIS,99,6.2,292.9,133.6,N,0
-12.7281,142.0559,316.4,4.2,1.9,2014-10-05,1229,Terra,MODIS,91,6.2,292.8,111.3,N,0
-12.7321,142.0176,313.9,4.2,1.9,2014-10-05,1229,Terra,MODIS,84,6.2,292.5,95.5,N,0
-12.1565,142.5068,305.2,3.8,1.8,2014-10-05,1229,Terra,MODIS,21,6.2,292.3,40.2,N,0
-12.1661,142.5016,309.7,3.8,1.8,2014-10-05,1229,Terra,MODIS,68,6.2,292.6,62,N,0
-23.6734,125.1046,309.9,1.6,1.2,2014-10-05,1405,Terra,MODIS,71,6.2,296.8,12,N,0
-23.6717,125.1198,311.1,1.6,1.2,2014-10-05,1405,Terra,MODIS,81,6.2,297.3,13.4,N,0
-22.6899,130.6249,310.5,1,1,2014-10-05,1405,Terra,MODIS,80,6.2,292.9,9.6,N,0
-23.7109,125.1711,314.5,1.5,1.2,2014-10-05,1405,Terra,MODIS,89,6.2,297.6,19.1,N,0
-23.6786,125.0586,308.4,1.6,1.2,2014-10-05,1405,Terra,MODIS,74,6.2,296.4,11.1,N,0
-22.5774,130.7615,304.3,1,1,2014-10-05,1405,Terra,MODIS,27,6.2,292.4,5.3,N,0
-20.6205,133.4792,308.3,1.5,1.2,2014-10-05,1405,Terra,MODIS,74,6.2,291.4,15.2,N,0
-22.2685,125.7938,311.2,1.3,1.1,2014-10-05,1405,Terra,MODIS,82,6.2,296.7,13.6,N,0
-16.9409,127.1648,304.2,1,1,2014-10-05,1406,Terra,MODIS,16,6.2,292.9,4.9,N,0
-16.8965,127.1483,308.2,1,1,2014-10-05,1406,Terra,MODIS,7,6.2,294.7,7.4,N,0
-17.6811,130.448,312.3,1.1,1,2014-10-05,1406,Terra,MODIS,84,6.2,297.3,10,N,0
-16.9835,128.1127,310.4,1,1,2014-10-05,1406,Terra,MODIS,76,6.2,299.9,5.6,N,0
-17.4563,130.5243,305.1,1.1,1,2014-10-05,1406,Terra,MODIS,38,6.2,294.8,4.8,N,0
-17.4501,130.502,306.3,1.1,1,2014-10-05,1406,Terra,MODIS,25,6.2,296.1,5.5,N,0
-18.8796,129.0002,312.8,1,1,2014-10-05,1406,Terra,MODIS,86,6.2,294.9,10.6,N,0
-17.6904,130.4496,327.4,1.1,1,2014-10-05,1406,Terra,MODIS,100,6.2,298.4,26.9,N,0
-17.4579,130.514,307.5,1.1,1,2014-10-05,1406,Terra,MODIS,48,6.2,294.8,6.5,N,0
-18.3263,131.6383,347.7,1.2,1.1,2014-10-05,1406,Terra,MODIS,100,6.2,296.1,77.6,N,0
-18.212,131.4593,352,1.2,1.1,2014-10-05,1406,Terra,MODIS,100,6.2,299.1,86,N,0
-18.1913,131.5256,313.6,1.2,1.1,2014-10-05,1406,Terra,MODIS,87,6.2,295.4,14.4,N,0
-18.2502,131.536,382.6,1.2,1.1,2014-10-05,1406,Terra,MODIS,100,6.2,301.3,214.9,N,0
-18.2102,131.4706,348.4,1.2,1.1,2014-10-05,1406,Terra,MODIS,100,6.2,300.7,75.3,N,0
-19.0805,133.1789,307.4,1.5,1.2,2014-10-05,1406,Terra,MODIS,71,6.2,293.8,12.6,N,0
-18.1968,131.4915,314.3,1.2,1.1,2014-10-05,1406,Terra,MODIS,89,6.2,295.9,15.3,N,0
-18.2323,131.5211,319.6,1.2,1.1,2014-10-05,1406,Terra,MODIS,99,6.2,296.5,20.3,N,0
-18.2457,131.5002,345.9,1.2,1.1,2014-10-05,1406,Terra,MODIS,100,6.2,298.4,69.4,N,0
-18.2702,131.546,311.8,1.2,1.1,2014-10-05,1406,Terra,MODIS,83,6.2,291.9,14.5,N,0
-18.2439,131.5115,340.5,1.2,1.1,2014-10-05,1406,Terra,MODIS,100,6.2,298.2,56,N,0
-18.1986,131.4802,311.6,1.2,1.1,2014-10-05,1406,Terra,MODIS,83,6.2,294.9,12.5,N,0
-17.9383,131.9495,304.5,1.3,1.1,2014-10-05,1406,Terra,MODIS,59,6.2,294.2,7.5,N,0
-18.2484,131.5474,349.5,1.2,1.1,2014-10-05,1406,Terra,MODIS,100,6.2,298.6,79.4,N,0
-18.26,131.5378,341.8,1.2,1.1,2014-10-05,1406,Terra,MODIS,100,6.2,298.3,59.9,N,0
-18.2618,131.5264,322.6,1.2,1.1,2014-10-05,1406,Terra,MODIS,100,6.2,294.4,25.6,N,0
-18.252,131.5246,327.5,1.2,1.1,2014-10-05,1406,Terra,MODIS,100,6.2,295,31.6,N,0
-17.9363,131.9616,305.4,1.3,1.1,2014-10-05,1406,Terra,MODIS,64,6.2,293.7,8.6,N,0
-17.9816,131.8098,307.3,1.3,1.1,2014-10-05,1406,Terra,MODIS,71,6.2,295.3,9.3,N,0
-18.268,131.5509,324.1,1.2,1.1,2014-10-05,1406,Terra,MODIS,100,6.2,293.1,29.1,N,0
-18.3281,131.6268,331.1,1.2,1.1,2014-10-05,1406,Terra,MODIS,100,6.2,294.9,40.9,N,0
-18.2084,131.4819,310.9,1.2,1.1,2014-10-05,1406,Terra,MODIS,81,6.2,297.4,11.3,N,0
-18.2261,131.4967,321.5,1.2,1.1,2014-10-05,1406,Terra,MODIS,100,6.2,295.1,22.9,N,0
-18.2243,131.508,314.8,1.2,1.1,2014-10-05,1406,Terra,MODIS,90,6.2,295,14.5,N,0
-18.2377,131.4871,319.8,1.2,1.1,2014-10-05,1406,Terra,MODIS,99,6.2,297,21.3,N,0
-18.2359,131.4984,347.9,1.2,1.1,2014-10-05,1406,Terra,MODIS,100,6.2,299.3,74.6,N,0
-18.2684,131.5574,313.9,1.2,1.1,2014-10-05,1406,Terra,MODIS,88,6.2,292.4,16.8,N,0
-18.3245,131.6498,334.1,1.2,1.1,2014-10-05,1406,Terra,MODIS,100,6.2,293.5,46.4,N,0
-18.2341,131.5098,351.4,1.2,1.1,2014-10-05,1406,Terra,MODIS,100,6.2,298.8,84,N,0
-19.5973,126.9834,319.3,1.1,1,2014-10-05,1406,Terra,MODIS,85,6.2,297.8,16.2,N,0
-19.5892,126.9716,350.1,1.1,1,2014-10-05,1406,Terra,MODIS,100,6.2,299.6,68.3,N,0
-19.5812,126.9597,306.7,1.1,1,2014-10-05,1406,Terra,MODIS,42,6.2,296.5,5.3,N,0
-19.5608,126.9294,307.2,1.1,1,2014-10-05,1406,Terra,MODIS,64,6.2,295.9,6,N,0
-19.5622,126.9189,310,1.1,1,2014-10-05,1406,Terra,MODIS,79,6.2,295.9,8.4,N,0
-19.604,127.0056,309,1.1,1,2014-10-05,1406,Terra,MODIS,53,6.2,296.9,7.5,N,0
-19.6053,126.9952,384.5,1.1,1,2014-10-05,1406,Terra,MODIS,100,6.2,303.6,194.3,N,0
-19.6067,126.9848,313.9,1.1,1,2014-10-05,1406,Terra,MODIS,59,6.2,298.3,10.6,N,0
-21.4754,117.9152,308,4.8,2,2014-10-05,1406,Terra,MODIS,72,6.2,296.9,58.5,N,0
-12.5073,132.9719,316.7,1.9,1.3,2014-10-05,1407,Terra,MODIS,94,6.2,295.5,29.2,N,0
-12.5001,132.977,308.3,1.9,1.3,2014-10-05,1407,Terra,MODIS,59,6.2,295.3,12.7,N,0
-12.5121,132.979,313.9,1.9,1.3,2014-10-05,1407,Terra,MODIS,88,6.2,295.6,23.1,N,0
-14.5207,129.719,305.1,1.1,1,2014-10-05,1407,Terra,MODIS,58,6.2,295.1,5.1,N,0
-13.0598,130.3643,302.7,1.2,1.1,2014-10-05,1407,Terra,MODIS,42,6.2,292.4,5.4,N,0
-13.5393,130.3716,308.7,1.2,1.1,2014-10-05,1407,Terra,MODIS,74,6.2,293.3,10.5,N,0
-13.541,130.3605,314.8,1.2,1.1,2014-10-05,1407,Terra,MODIS,90,6.2,293,16.9,N,0
-16.8766,127.0995,312,1,1,2014-10-05,1407,Terra,MODIS,65,6.2,296.4,7.8,N,0
-16.8636,127.0577,310.5,1,1,2014-10-05,1407,Terra,MODIS,78,6.2,297.8,7,N,0
-14.2471,134.2125,308.3,2.1,1.4,2014-10-05,1407,Terra,MODIS,72,6.2,296.1,17.1,N,0
-14.2447,134.227,317,2.2,1.4,2014-10-05,1407,Terra,MODIS,94,6.2,296.4,37.2,N,0
-14.2436,134.2324,314.7,2.2,1.4,2014-10-05,1407,Terra,MODIS,89,6.2,296.3,32.5,N,0
-14.7123,133.3298,309.6,1.8,1.3,2014-10-05,1407,Terra,MODIS,77,6.2,297.3,15.7,N,0
-14.6413,133.2759,311.8,1.8,1.3,2014-10-05,1407,Terra,MODIS,83,6.2,297.7,19.3,N,0
-16.8199,123.0038,311.4,1.8,1.3,2014-10-05,1407,Terra,MODIS,68,6.2,295.2,18.1,N,0
-14.4132,129.8199,309.8,1.1,1,2014-10-05,1407,Terra,MODIS,77,6.2,294,9.7,N,0
-16.0935,127.9705,311.7,1,1,2014-10-05,1407,Terra,MODIS,73,6.2,298.7,6.3,N,0
-14.4038,129.8184,304.7,1.1,1,2014-10-05,1407,Terra,MODIS,56,6.2,293.4,5.5,N,0
-16.0705,127.9384,309.3,1,1,2014-10-05,1407,Terra,MODIS,37,6.2,298,4.4,N,0
-16.8413,123.0232,308.6,1.7,1.3,2014-10-05,1407,Terra,MODIS,30,6.2,295.5,12.4,N,0
-16.0845,127.9691,309.4,1,1,2014-10-05,1407,Terra,MODIS,32,6.2,298.7,4.5,N,0
-16.0731,127.9198,308.6,1,1,2014-10-05,1407,Terra,MODIS,55,6.2,297.8,4.2,N,0
-16.0692,127.9477,316.7,1,1,2014-10-05,1407,Terra,MODIS,92,6.2,298.6,10.1,N,0
-16.0379,127.908,318.7,1,1,2014-10-05,1407,Terra,MODIS,97,6.2,299.3,12.2,N,0
-16.0948,127.9612,321.5,1,1,2014-10-05,1407,Terra,MODIS,100,6.2,299,14.8,N,0
-16.0393,127.8986,314.9,1,1,2014-10-05,1407,Terra,MODIS,88,6.2,299.2,8.9,N,0
-16.0859,127.9598,324.7,1,1,2014-10-05,1407,Terra,MODIS,100,6.2,298.9,17.8,N,0
-16.0769,127.9584,324.8,1,1,2014-10-05,1407,Terra,MODIS,100,6.2,299.1,18,N,0
-13.4653,131.9494,315.7,1.5,1.2,2014-10-05,1407,Terra,MODIS,43,6.2,295.4,17.6,N,0
-13.9441,132.6116,306.6,1.7,1.3,2014-10-05,1407,Terra,MODIS,64,6.2,295.3,10.3,N,0
-14.2274,134.2496,306.5,2.2,1.4,2014-10-05,1407,Terra,MODIS,65,6.2,295.3,15.1,N,0
-13.9462,132.6063,310.5,1.7,1.3,2014-10-05,1407,Terra,MODIS,26,6.2,295.5,15,N,0
-14.2287,134.2443,309.2,2.2,1.4,2014-10-05,1407,Terra,MODIS,74,6.2,295.4,20.4,N,0
-14.1353,134.0201,305.5,2.1,1.4,2014-10-05,1407,Terra,MODIS,17,6.2,295.1,11.4,N,0
-13.8562,132.5212,308.2,1.6,1.3,2014-10-05,1407,Terra,MODIS,70,6.2,293,14.3,N,0
-13.8409,132.4724,304.1,1.6,1.3,2014-10-05,1407,Terra,MODIS,35,6.2,293.4,8.5,N,0
-14.1228,134.0178,309.5,2.1,1.4,2014-10-05,1407,Terra,MODIS,74,6.2,295.5,19.4,N,0
-13.9122,132.6003,312.2,1.7,1.3,2014-10-05,1407,Terra,MODIS,35,6.2,293.9,17.2,N,0
-13.9235,132.6024,309.5,1.7,1.3,2014-10-05,1407,Terra,MODIS,75,6.2,294,14.3,N,0
-13.9211,132.6175,307.1,1.7,1.3,2014-10-05,1407,Terra,MODIS,43,6.2,294.6,10.8,N,0
-12.2831,132.9921,304.3,1.9,1.3,2014-10-05,1407,Terra,MODIS,51,6.2,292.9,12.3,N,0
-13.9348,132.6044,307.1,1.7,1.3,2014-10-05,1407,Terra,MODIS,25,6.2,295,10.8,N,0
-12.298,132.977,311.3,1.9,1.3,2014-10-05,1407,Terra,MODIS,82,6.2,293,23.3,N,0
-12.286,132.9749,309.7,1.9,1.3,2014-10-05,1407,Terra,MODIS,78,6.2,292.8,21.2,N,0
-12.3659,142.6496,302.2,2.2,1.4,2014-10-05,1532,Aqua,MODIS,48,6.2,292,14.2,N,0
-15.0346,145.1133,304.4,1.3,1.1,2014-10-05,1532,Aqua,MODIS,60,6.2,292.4,8.9,N,0
-12.159,142.5145,308.9,2.2,1.4,2014-10-05,1532,Aqua,MODIS,63,6.2,291.8,29.1,N,0
-14.4363,144.4145,303.6,1.5,1.2,2014-10-05,1532,Aqua,MODIS,56,6.2,293,8,N,0
-12.4441,141.9059,302.7,2.4,1.5,2014-10-05,1532,Aqua,MODIS,51,6.2,290.6,19.6,N,0
-15.4379,145.0685,319.2,1.3,1.1,2014-10-05,1533,Aqua,MODIS,73,6.2,293.7,22.1,N,0
-15.436,145.0568,330.8,1.3,1.1,2014-10-05,1533,Aqua,MODIS,100,6.2,293.9,41.1,N,0
-15.4278,145.0701,304.4,1.3,1.1,2014-10-05,1533,Aqua,MODIS,29,6.2,292.5,7.3,N,0
-15.4258,145.0582,304.3,1.3,1.1,2014-10-05,1533,Aqua,MODIS,39,6.2,292.5,7.4,N,0
-15.448,145.0673,334.5,1.3,1.1,2014-10-05,1533,Aqua,MODIS,100,6.2,292.5,48,N,0
-15.4601,145.0776,309.7,1.3,1.1,2014-10-05,1533,Aqua,MODIS,32,6.2,291.8,11.4,N,0
-15.9339,144.4732,302.6,1.4,1.2,2014-10-05,1533,Aqua,MODIS,45,6.2,291.2,7.5,N,0
-15.936,144.486,307.4,1.4,1.2,2014-10-05,1533,Aqua,MODIS,71,6.2,291.4,12.2,N,0
-15.503,145.0883,314,1.3,1.1,2014-10-05,1533,Aqua,MODIS,88,6.2,292.6,16.6,N,0
-15.4757,145.1106,312.1,1.3,1.1,2014-10-05,1533,Aqua,MODIS,34,6.2,292.5,13.2,N,0
-15.1982,145.1653,307.3,1.3,1.1,2014-10-05,1533,Aqua,MODIS,50,6.2,290.5,9.9,N,0
-22.8379,148.963,311.5,1.1,1.1,2014-10-05,1534,Aqua,MODIS,83,6.2,288.3,14.5,N,0
-22.8365,148.9521,313,1.1,1.1,2014-10-05,1534,Aqua,MODIS,86,6.2,288.2,15.9,N,0
-23.6748,147.5629,332,1,1,2014-10-05,1535,Aqua,MODIS,100,6.2,288.3,34.7,N,0
-23.3134,147.3545,307.8,1,1,2014-10-05,1535,Aqua,MODIS,45,6.2,286.9,8.9,N,0
-14.3942,133.8042,305.8,4,1.9,2014-10-05,1711,Aqua,MODIS,60,6.2,293.1,40.2,N,0
-14.3982,133.7959,305.3,4,1.9,2014-10-05,1711,Aqua,MODIS,64,6.2,293,40.8,N,0
-14.3402,132.8389,305.4,3.4,1.7,2014-10-05,1711,Aqua,MODIS,64,6.2,292.1,31.6,N,0
-13.5351,130.3672,301.4,2.1,1.4,2014-10-05,1711,Aqua,MODIS,41,6.2,289.9,13,N,0
-13.5343,130.3724,302.6,2.1,1.4,2014-10-05,1711,Aqua,MODIS,50,6.2,289.9,14,N,0
-16.6821,130.6307,306.8,2.4,1.5,2014-10-05,1711,Aqua,MODIS,68,6.2,295.3,18.9,N,0
-16.0718,127.9646,313.2,1.5,1.2,2014-10-05,1711,Aqua,MODIS,86,6.2,296.4,16.2,N,0
-16.07,127.9498,306.8,1.5,1.2,2014-10-05,1711,Aqua,MODIS,68,6.2,295.6,7.5,N,0
-16.9085,127.1717,305.1,1.4,1.2,2014-10-05,1712,Aqua,MODIS,45,6.2,294,7.5,N,0
-16.8947,127.1471,327.6,1.4,1.2,2014-10-05,1712,Aqua,MODIS,100,6.2,294.2,38.1,N,0
-17.3758,127.0784,311.9,1.4,1.2,2014-10-05,1712,Aqua,MODIS,84,6.2,295.1,14.2,N,0
-18.2219,131.4895,313.4,3,1.6,2014-10-05,1712,Aqua,MODIS,34,6.2,291.6,53.9,N,0
-18.219,131.4613,318.3,3,1.6,2014-10-05,1712,Aqua,MODIS,97,6.2,291.4,77.6,N,0
-18.256,131.5359,327.4,3,1.7,2014-10-05,1712,Aqua,MODIS,100,6.2,291.8,125.2,N,0
-18.2042,131.463,300.4,3,1.6,2014-10-05,1712,Aqua,MODIS,26,6.2,289.8,21.5,N,0
-18.2071,131.4912,305.3,3,1.6,2014-10-05,1712,Aqua,MODIS,41,6.2,290.7,32,N,0
-18.2248,131.518,316.6,3,1.6,2014-10-05,1712,Aqua,MODIS,40,6.2,292,66.1,N,0
-18.2576,131.5434,329.2,3,1.7,2014-10-05,1712,Aqua,MODIS,100,6.2,291.4,139,N,0
-18.2397,131.5164,377.2,3,1.6,2014-10-05,1712,Aqua,MODIS,100,6.2,299.9,698,N,0
-18.2368,131.4879,346,3,1.6,2014-10-05,1712,Aqua,MODIS,100,6.2,294.4,260.1,N,0
-19.5615,126.9228,311.8,1.4,1.2,2014-10-05,1712,Aqua,MODIS,83,6.2,295.8,16.2,N,0
-19.5632,126.9365,308.4,1.4,1.2,2014-10-05,1712,Aqua,MODIS,74,6.2,296.1,11.3,N,0
-19.5774,126.9626,309.2,1.5,1.2,2014-10-05,1712,Aqua,MODIS,45,6.2,295.9,11.4,N,0
-19.5791,126.9763,310.6,1.5,1.2,2014-10-05,1712,Aqua,MODIS,67,6.2,296.5,13.3,N,0
-19.5817,126.9691,313,1.5,1.2,2014-10-05,1712,Aqua,MODIS,84,6.2,296.3,16.2,N,0
-16.9799,128.1103,308.8,1.6,1.2,2014-10-05,1712,Aqua,MODIS,73,6.2,297.3,10.8,N,0
-16.8758,124.1454,304.8,1,1,2014-10-05,1712,Aqua,MODIS,61,6.2,293.4,5.9,N,0
-16.8744,124.1359,319.9,1,1,2014-10-05,1712,Aqua,MODIS,99,6.2,293,18,N,0
-16.9812,128.117,308.7,1.6,1.2,2014-10-05,1712,Aqua,MODIS,75,6.2,297.3,11,N,0
-16.8794,127.1098,307.5,1.4,1.2,2014-10-05,1712,Aqua,MODIS,72,6.2,292.8,9.6,N,0
-16.8826,127.1358,306.8,1.4,1.2,2014-10-05,1712,Aqua,MODIS,69,6.2,293.3,8.8,N,0
-17.3741,127.065,318.7,1.4,1.2,2014-10-05,1712,Aqua,MODIS,97,6.2,295,23.1,N,0
-16.8931,127.1344,321.6,1.4,1.2,2014-10-05,1712,Aqua,MODIS,100,6.2,293.2,27.3,N,0
-23.6997,125.1781,317.7,1.3,1.1,2014-10-05,1713,Aqua,MODIS,95,6.2,296.2,19.2,N,0
-23.7131,124.8823,307.7,1.2,1.1,2014-10-05,1713,Aqua,MODIS,72,6.2,294.9,8.6,N,0
-23.7098,125.1767,326.8,1.3,1.1,2014-10-05,1713,Aqua,MODIS,100,6.2,298.1,32.8,N,0
-23.7083,125.1642,318.5,1.3,1.1,2014-10-05,1713,Aqua,MODIS,97,6.2,296.3,20.3,N,0
-23.6858,125.0665,307.3,1.3,1.1,2014-10-05,1713,Aqua,MODIS,71,6.2,295.5,8.3,N,0
-23.6843,125.0542,308.3,1.3,1.1,2014-10-05,1713,Aqua,MODIS,74,6.2,295.4,9.2,N,0
-23.685,125.1421,318.5,1.3,1.1,2014-10-05,1713,Aqua,MODIS,97,6.2,295.7,19.4,N,0
-23.6834,125.1297,323.3,1.3,1.1,2014-10-05,1713,Aqua,MODIS,100,6.2,296,26.1,N,0
-23.6758,125.0679,317.4,1.3,1.1,2014-10-05,1713,Aqua,MODIS,95,6.2,296.1,17.8,N,0
-23.6764,125.156,322.7,1.3,1.1,2014-10-05,1713,Aqua,MODIS,100,6.2,296.9,26,N,0
-23.6749,125.1435,311.8,1.3,1.1,2014-10-05,1713,Aqua,MODIS,83,6.2,295.7,11.7,N,0
-23.6617,125.1202,308.1,1.3,1.1,2014-10-05,1713,Aqua,MODIS,73,6.2,296.3,8.2,N,0
-23.6602,125.1078,323,1.3,1.1,2014-10-05,1713,Aqua,MODIS,100,6.2,296.7,25.5,N,0
-23.6572,125.0831,308,1.3,1.1,2014-10-05,1713,Aqua,MODIS,73,6.2,295.7,8.4,N,0
-21.8938,124.1069,308.9,1.1,1,2014-10-05,1713,Aqua,MODIS,18,6.2,297.1,7,N,0
-21.8858,124.1188,309.7,1.1,1,2014-10-05,1713,Aqua,MODIS,19,6.2,296.6,7.7,N,0
-21.4621,117.8621,309.1,1.5,1.2,2014-10-05,1713,Aqua,MODIS,43,6.2,296.1,12.1,N,0
-21.4653,117.8558,316.1,1.5,1.2,2014-10-05,1713,Aqua,MODIS,77,6.2,296.1,21,N,0
-20.3454,118.3258,309.2,1.4,1.2,2014-10-05,1713,Aqua,MODIS,77,6.2,294.8,15.2,N,0
-21.5306,117.644,304.4,1.5,1.2,2014-10-05,1713,Aqua,MODIS,60,6.2,293,9.9,N,0
-21.5935,117.4731,312.4,1.6,1.2,2014-10-05,1713,Aqua,MODIS,81,6.2,290.6,22.3,N,0
-21.6207,117.4983,302.8,1.6,1.2,2014-10-05,1713,Aqua,MODIS,45,6.2,288.3,11.1,N,0
-21.4669,117.8903,310.6,1.5,1.2,2014-10-05,1713,Aqua,MODIS,24,6.2,296.5,12.6,N,0
-21.4809,117.8816,309.9,1.5,1.2,2014-10-05,1713,Aqua,MODIS,48,6.2,295.5,11.6,N,0
-22.9076,117.931,304.7,1.4,1.2,2014-10-05,1714,Aqua,MODIS,59,6.2,291.4,9.6,N,0
-22.8972,117.933,307.3,1.4,1.2,2014-10-05,1714,Aqua,MODIS,71,6.2,292,12.3,N,0
-30.2749,151.5344,311.7,3.4,1.7,2014-10-05,2324,Terra,MODIS,60,6.2,298.1,37.6,D,0
-31.4581,151.2635,312.2,3.3,1.7,2014-10-05,2324,Terra,MODIS,62,6.2,295.5,50.5,D,0
-31.4688,151.2543,320.3,3.3,1.7,2014-10-05,2324,Terra,MODIS,75,6.2,296.2,90.8,D,0
-11.0497,142.383,334.5,1,1,2014-10-06,0057,Terra,MODIS,86,6.2,307.9,21.4,D,0
-13.4571,142.0437,328,1,1,2014-10-06,0057,Terra,MODIS,28,6.2,307.7,12.6,D,0
-12.5775,142.8331,336.3,1.1,1,2014-10-06,0057,Terra,MODIS,83,6.2,308.1,26.2,D,0
-13.6073,142.0668,333.1,1,1,2014-10-06,0057,Terra,MODIS,76,6.2,308.6,17.4,D,0
-12.7703,141.875,328.2,1,1,2014-10-06,0057,Terra,MODIS,58,6.2,308.3,11.3,D,0
-12.4127,136.4722,326.8,1.6,1.3,2014-10-06,0057,Terra,MODIS,74,6.2,301.2,30.1,D,0
-12.4152,136.4873,320.3,1.6,1.3,2014-10-06,0057,Terra,MODIS,60,6.2,300.3,16.1,D,0
-13.0422,142.9351,324.3,1.1,1,2014-10-06,0057,Terra,MODIS,53,6.2,308.5,9.7,D,0
-13.0357,142.9563,332,1.1,1,2014-10-06,0057,Terra,MODIS,78,6.2,308,17.9,D,0
-12.9247,142.8881,327.1,1.1,1,2014-10-06,0057,Terra,MODIS,60,6.2,307.9,11.6,D,0
-13.3235,141.756,325.3,1,1,2014-10-06,0057,Terra,MODIS,37,6.2,309.4,9.2,D,0
-13.3326,141.7546,330.7,1,1,2014-10-06,0057,Terra,MODIS,72,6.2,305.6,16.3,D,0
-12.9233,142.8783,338.9,1.1,1,2014-10-06,0057,Terra,MODIS,86,6.2,311.3,28.7,D,0
-11.033,142.3949,327.1,1,1,2014-10-06,0057,Terra,MODIS,80,6.2,307.2,13.8,D,0
-13.0691,142.9455,324.5,1.1,1,2014-10-06,0057,Terra,MODIS,48,6.2,309.1,8.7,D,0
-13.0436,142.9449,334.3,1.1,1,2014-10-06,0057,Terra,MODIS,81,6.2,309.7,23.2,D,0
-12.5669,142.8248,323.5,1.1,1,2014-10-06,0057,Terra,MODIS,48,6.2,306.9,9.2,D,0
-12.5761,142.8234,324.6,1.1,1,2014-10-06,0057,Terra,MODIS,36,6.2,308.5,9.4,D,0
-11.042,142.3935,338.7,1,1,2014-10-06,0057,Terra,MODIS,89,6.2,307.1,29,D,0
-11.0484,142.3738,345.1,1,1,2014-10-06,0057,Terra,MODIS,93,6.2,312.2,39.4,D,0
-13.0677,142.9357,328.1,1.1,1,2014-10-06,0057,Terra,MODIS,66,6.2,309.5,12.7,D,0
-13.0623,142.9424,343.6,1.1,1,2014-10-06,0057,Terra,MODIS,89,6.2,310,37.7,D,0
-11.047,142.3646,327.9,1,1,2014-10-06,0057,Terra,MODIS,81,6.2,307.2,13.8,D,0
-11.0511,142.3922,329.4,1,1,2014-10-06,0057,Terra,MODIS,76,6.2,305.1,14.7,D,0
-11.0562,142.3661,353.1,1,1,2014-10-06,0057,Terra,MODIS,96,6.2,307.2,58.7,D,0
-11.0575,142.3754,361.3,1,1,2014-10-06,0057,Terra,MODIS,100,6.2,308.7,80.2,D,0
-13.535,142.0742,327.3,1,1,2014-10-06,0057,Terra,MODIS,37,6.2,307.9,10.9,D,0
-13.0343,142.9463,349.4,1.1,1,2014-10-06,0057,Terra,MODIS,93,6.2,308.2,52.2,D,0
-10.7044,142.1617,336.5,1,1,2014-10-06,0057,Terra,MODIS,88,6.2,302.2,27.4,D,0
-10.743,142.1746,326.7,1,1,2014-10-06,0057,Terra,MODIS,68,6.2,304,11.4,D,0
-12.4388,141.8735,337.4,1,1,2014-10-06,0057,Terra,MODIS,84,6.2,310.3,23.8,D,0
-12.4401,141.8827,341.3,1,1,2014-10-06,0057,Terra,MODIS,88,6.2,311.4,30.1,D,0
-12.4428,141.901,338.8,1,1,2014-10-06,0057,Terra,MODIS,86,6.2,310.3,25.2,D,0
-12.4415,141.8918,340.5,1,1,2014-10-06,0057,Terra,MODIS,87,6.2,311.8,28.3,D,0
-12.4075,142.8141,337.8,1.1,1,2014-10-06,0057,Terra,MODIS,85,6.2,307.7,31.2,D,0
-12.1615,142.4987,326,1,1,2014-10-06,0057,Terra,MODIS,19,6.2,309.9,8,D,0
-12.1656,142.527,340.6,1,1,2014-10-06,0057,Terra,MODIS,87,6.2,312.6,28.1,D,0
-12.4,142.8117,354.8,1.1,1,2014-10-06,0057,Terra,MODIS,97,6.2,309.1,64.7,D,0
-12.3986,142.802,352.4,1.1,1,2014-10-06,0057,Terra,MODIS,95,6.2,309.9,56.8,D,0
-12.3779,142.6582,344.5,1,1,2014-10-06,0057,Terra,MODIS,89,6.2,308.3,39.7,D,0
-12.3774,142.7854,340.7,1.1,1,2014-10-06,0057,Terra,MODIS,87,6.2,308.4,33.2,D,0
-12.1579,142.5378,355.2,1,1,2014-10-06,0057,Terra,MODIS,97,6.2,311.5,61.3,D,0
-12.1565,142.5283,348.4,1,1,2014-10-06,0057,Terra,MODIS,93,6.2,311.5,44.1,D,0
-12.376,142.7757,360.7,1.1,1,2014-10-06,0057,Terra,MODIS,100,6.2,310.3,79.5,D,0
-13.0884,143.0851,325.3,1.1,1,2014-10-06,0057,Terra,MODIS,42,6.2,307.6,13.4,D,0
-12.1551,142.5189,358.7,1,1,2014-10-06,0057,Terra,MODIS,99,6.2,310.3,69.6,D,0
-12.167,142.5365,341.8,1,1,2014-10-06,0057,Terra,MODIS,88,6.2,313,31.2,D,0
-12.1524,142.5001,328.5,1,1,2014-10-06,0057,Terra,MODIS,38,6.2,307.3,11.3,D,0
-12.3765,142.6486,336.1,1,1,2014-10-06,0057,Terra,MODIS,79,6.2,307.1,26.2,D,0
-12.3751,142.6391,324.6,1,1,2014-10-06,0057,Terra,MODIS,38,6.2,305.3,11.1,D,0
-12.4372,142.6921,328.5,1,1,2014-10-06,0057,Terra,MODIS,61,6.2,309.2,13.1,D,0
-12.5968,142.8535,341,1.1,1,2014-10-06,0057,Terra,MODIS,88,6.2,308.5,35.2,D,0
-12.3912,142.6987,330.5,1,1,2014-10-06,0057,Terra,MODIS,66,6.2,309,16.4,D,0
-12.5895,142.8511,338.5,1.1,1,2014-10-06,0057,Terra,MODIS,85,6.2,308.8,30.6,D,0
-13.0964,143.0739,330.4,1.1,1,2014-10-06,0057,Terra,MODIS,47,6.2,308.5,18.8,D,0
-12.382,142.6868,333.9,1,1,2014-10-06,0057,Terra,MODIS,75,6.2,309.4,21.2,D,0
-12.4245,142.8017,327.3,1.1,1,2014-10-06,0057,Terra,MODIS,48,6.2,305.6,14.3,D,0
-12.1643,142.5176,342.2,1,1,2014-10-06,0057,Terra,MODIS,89,6.2,311.3,31.4,D,0
-12.4232,142.7921,367.1,1.1,1,2014-10-06,0057,Terra,MODIS,100,6.2,308.7,101.9,D,0
-12.4218,142.7824,345.7,1.1,1,2014-10-06,0057,Terra,MODIS,91,6.2,308.7,42.5,D,0
-12.4153,142.803,340,1.1,1,2014-10-06,0057,Terra,MODIS,87,6.2,307.9,34.3,D,0
-12.3899,142.6891,334.8,1,1,2014-10-06,0057,Terra,MODIS,71,6.2,308,23.2,D,0
-12.5881,142.8414,358.3,1.1,1,2014-10-06,0057,Terra,MODIS,99,6.2,309.6,74.1,D,0
-11.842,142.6499,324.8,1,1,2014-10-06,0057,Terra,MODIS,34,6.2,309.7,11.1,D,0
-12.6074,142.862,341.7,1.1,1,2014-10-06,0057,Terra,MODIS,88,6.2,309.6,36.6,D,0
-12.6088,142.8717,352.8,1.1,1,2014-10-06,0057,Terra,MODIS,96,6.2,308.6,62.1,D,0
-12.5982,142.8633,334.4,1.1,1,2014-10-06,0057,Terra,MODIS,80,6.2,308.2,24.5,D,0
-12.3926,142.7082,328,1.1,1,2014-10-06,0057,Terra,MODIS,62,6.2,308.5,12.7,D,0
-12.1707,142.4974,346,1,1,2014-10-06,0057,Terra,MODIS,91,6.2,312.3,38.5,D,0
-12.4004,142.6973,328.7,1,1,2014-10-06,0057,Terra,MODIS,44,6.2,308.6,13.2,D,0
-12.172,142.5068,329.6,1,1,2014-10-06,0057,Terra,MODIS,75,6.2,311.6,11.4,D,0
-12.3885,142.6795,325.7,1,1,2014-10-06,0057,Terra,MODIS,60,6.2,305.1,12.4,D,0
-12.5655,142.8151,324,1.1,1,2014-10-06,0057,Terra,MODIS,55,6.2,306.9,9.8,D,0
-12.6393,142.8873,328.8,1.1,1,2014-10-06,0057,Terra,MODIS,74,6.2,307,17.1,D,0
-12.4385,142.7016,327.9,1.1,1,2014-10-06,0057,Terra,MODIS,28,6.2,308,12.3,D,0
-12.3582,142.6513,332.1,1,1,2014-10-06,0057,Terra,MODIS,29,6.2,309.1,18.6,D,0
-12.7413,142.0554,334.4,1,1,2014-10-06,0057,Terra,MODIS,44,6.2,309.2,18.6,D,0
-12.7386,142.0368,337.9,1,1,2014-10-06,0057,Terra,MODIS,76,6.2,310.2,27.2,D,0
-12.487,142.6594,344.9,1,1,2014-10-06,0057,Terra,MODIS,91,6.2,310.6,39.9,D,0
-12.4409,142.6525,336.6,1,1,2014-10-06,0057,Terra,MODIS,84,6.2,309.1,26.9,D,0
-12.4742,142.4382,325.5,1,1,2014-10-06,0057,Terra,MODIS,55,6.2,310.7,8.8,D,0
-12.4847,142.4463,333.3,1,1,2014-10-06,0057,Terra,MODIS,80,6.2,309.3,20.1,D,0
-12.4765,142.6511,340.3,1,1,2014-10-06,0057,Terra,MODIS,83,6.2,310.5,30.8,D,0
-12.3654,142.7675,339,1.1,1,2014-10-06,0057,Terra,MODIS,86,6.2,308.8,29.7,D,0
-12.4256,142.7426,345.8,1.1,1,2014-10-06,0057,Terra,MODIS,91,6.2,307.9,42.9,D,0
-12.8752,142.1567,331.5,1,1,2014-10-06,0057,Terra,MODIS,46,6.2,310.5,12.4,D,0
-13.0427,143.0059,328.3,1.1,1,2014-10-06,0057,Terra,MODIS,65,6.2,308.7,10.8,D,0
-12.1592,142.5472,325.6,1,1,2014-10-06,0057,Terra,MODIS,37,6.2,309.1,7.9,D,0
-12.4254,142.2919,328.4,1,1,2014-10-06,0057,Terra,MODIS,48,6.2,309.9,8.7,D,0
-13.031,143.058,346.1,1.1,1,2014-10-06,0057,Terra,MODIS,91,6.2,307.6,48.6,D,0
-12.8993,142.0674,332,1,1,2014-10-06,0057,Terra,MODIS,67,6.2,310.4,12.9,D,0
-12.8738,142.1473,333.9,1,1,2014-10-06,0057,Terra,MODIS,61,6.2,311.3,15.2,D,0
-12.3521,142.7399,324.7,1.1,1,2014-10-06,0057,Terra,MODIS,40,6.2,308,9,D,0
-12.348,142.7112,352.4,1,1,2014-10-06,0057,Terra,MODIS,95,6.2,307,58,D,0
-12.7219,142.0488,348.6,1,1,2014-10-06,0057,Terra,MODIS,87,6.2,310.5,44.1,D,0
-12.3627,142.7482,387.8,1.1,1,2014-10-06,0057,Terra,MODIS,100,6.2,313.2,185.5,D,0
-12.7232,142.0581,337.4,1,1,2014-10-06,0057,Terra,MODIS,64,6.2,311.4,23.1,D,0
-12.3599,142.729,332.9,1.1,1,2014-10-06,0057,Terra,MODIS,80,6.2,309,17.9,D,0
-12.3494,142.7208,356.3,1.1,1,2014-10-06,0057,Terra,MODIS,98,6.2,309.8,67,D,0
-12.4269,142.7522,355,1.1,1,2014-10-06,0057,Terra,MODIS,97,6.2,308.7,64.8,D,0
-12.7336,142.066,331.9,1,1,2014-10-06,0057,Terra,MODIS,66,6.2,311,15.5,D,0
-12.1497,142.4812,342.5,1,1,2014-10-06,0057,Terra,MODIS,89,6.2,306.9,35,D,0
-12.1963,142.5546,332.5,1,1,2014-10-06,0057,Terra,MODIS,79,6.2,309.7,15.5,D,0
-12.8684,142.1099,339.5,1,1,2014-10-06,0057,Terra,MODIS,75,6.2,309.3,24.8,D,0
-12.4205,142.7728,339.4,1.1,1,2014-10-06,0057,Terra,MODIS,86,6.2,309.3,30.2,D,0
-12.364,142.7578,357.8,1.1,1,2014-10-06,0057,Terra,MODIS,98,6.2,310.1,70.5,D,0
-12.7463,142.0262,330.8,1,1,2014-10-06,0057,Terra,MODIS,69,6.2,306.2,17.6,D,0
-12.1885,142.5654,329.6,1,1,2014-10-06,0057,Terra,MODIS,76,6.2,311.5,13.2,D,0
-12.638,142.8775,324.3,1.1,1,2014-10-06,0057,Terra,MODIS,50,6.2,308.4,10.1,D,0
-12.3613,142.7386,339.5,1.1,1,2014-10-06,0057,Terra,MODIS,86,6.2,309.8,28.8,D,0
-13.0216,143.0594,326.1,1.1,1,2014-10-06,0057,Terra,MODIS,33,6.2,308,14,D,0
-13.0413,142.996,335.2,1.1,1,2014-10-06,0057,Terra,MODIS,82,6.2,309.6,21.2,D,0
-12.74,142.0461,351.5,1,1,2014-10-06,0057,Terra,MODIS,95,6.2,310.2,51.4,D,0
-12.1602,142.4893,336.2,1,1,2014-10-06,0057,Terra,MODIS,83,6.2,309.7,23,D,0
-12.1511,142.4906,351.7,1,1,2014-10-06,0057,Terra,MODIS,95,6.2,308.7,53.3,D,0
-12.3507,142.7304,346.8,1.1,1,2014-10-06,0057,Terra,MODIS,92,6.2,309.8,44.5,D,0
-12.5085,142.2893,332.3,1,1,2014-10-06,0057,Terra,MODIS,79,6.2,308.5,16.1,D,0
-12.4962,142.658,329.7,1,1,2014-10-06,0057,Terra,MODIS,59,6.2,309.8,14.5,D,0
-12.4422,142.6621,334.9,1,1,2014-10-06,0057,Terra,MODIS,82,6.2,310.2,22.9,D,0
-12.4436,142.6716,330,1,1,2014-10-06,0057,Terra,MODIS,64,6.2,309.4,14.8,D,0
-12.898,142.058,365.2,1,1,2014-10-06,0057,Terra,MODIS,100,6.2,311.2,85.1,D,0
-12.7008,142.6062,327.6,1,1,2014-10-06,0057,Terra,MODIS,72,6.2,311.7,13.6,D,0
-12.1949,142.5452,333.4,1,1,2014-10-06,0057,Terra,MODIS,80,6.2,310.3,16.8,D,0
-12.8879,142.1166,331.8,1,1,2014-10-06,0057,Terra,MODIS,64,6.2,312.1,10.5,D,0
-12.4283,142.7618,330.1,1.1,1,2014-10-06,0057,Terra,MODIS,66,6.2,307,16.8,D,0
-13.0588,143.3972,326.8,1.1,1.1,2014-10-06,0057,Terra,MODIS,60,6.2,301.4,21.5,D,0
-14.2738,142.2273,328.9,1,1,2014-10-06,0058,Terra,MODIS,55,6.2,309.7,12.3,D,0
-15.1894,145.1549,341.5,1.5,1.2,2014-10-06,0058,Terra,MODIS,89,6.2,296.4,73.6,D,0
-15.3493,143.6804,336,1.2,1.1,2014-10-06,0058,Terra,MODIS,77,6.2,306.5,32,D,0
-15.6061,136.5405,327.3,1.4,1.2,2014-10-06,0058,Terra,MODIS,65,6.2,304.9,21,D,0
-14.3864,133.9154,334.4,2.3,1.5,2014-10-06,0058,Terra,MODIS,80,6.2,305.7,64,D,0
-14.3912,133.8862,378.6,2.4,1.5,2014-10-06,0058,Terra,MODIS,100,6.2,307.8,462.1,D,0
-14.4833,144.5302,319.1,1.4,1.2,2014-10-06,0058,Terra,MODIS,35,6.2,299.9,15.8,D,0
-14.3827,133.8939,349.8,2.4,1.5,2014-10-06,0058,Terra,MODIS,94,6.2,306.9,157.1,D,0
-14.3996,142.2024,332.1,1,1,2014-10-06,0058,Terra,MODIS,77,6.2,310.1,16.7,D,0
-14.3951,133.9079,386.8,2.3,1.5,2014-10-06,0058,Terra,MODIS,100,6.2,309.2,585,D,0
-15.3394,143.6817,328.1,1.2,1.1,2014-10-06,0058,Terra,MODIS,59,6.2,308.4,18,D,0
-14.2751,142.2369,333.3,1,1,2014-10-06,0058,Terra,MODIS,73,6.2,310.3,18,D,0
-15.3477,143.6689,339.2,1.2,1.1,2014-10-06,0058,Terra,MODIS,82,6.2,305.1,37.2,D,0
-15.2163,145.1744,320.6,1.5,1.2,2014-10-06,0058,Terra,MODIS,54,6.2,299.7,21.4,D,0
-15.2022,145.1677,321.4,1.5,1.2,2014-10-06,0058,Terra,MODIS,47,6.2,295.3,22.4,D,0
-14.3081,142.2714,334.8,1,1,2014-10-06,0058,Terra,MODIS,76,6.2,310.6,19.9,D,0
-14.3819,133.9103,330.6,2.3,1.5,2014-10-06,0058,Terra,MODIS,73,6.2,305.1,47.8,D,0
-15.4294,143.5938,342.2,1.2,1.1,2014-10-06,0058,Terra,MODIS,87,6.2,309.5,42,D,0
-14.2486,134.2575,326.3,2.2,1.4,2014-10-06,0058,Terra,MODIS,59,6.2,305.8,25.3,D,0
-15.1926,145.163,325.8,1.5,1.2,2014-10-06,0058,Terra,MODIS,68,6.2,297.4,30.7,D,0
-14.3068,142.2618,342.2,1,1,2014-10-06,0058,Terra,MODIS,88,6.2,312,31.3,D,0
-14.3959,133.8912,393.9,2.4,1.5,2014-10-06,0058,Terra,MODIS,100,6.2,307.2,709.7,D,0
-14.5367,133.2824,326.9,2.6,1.6,2014-10-06,0058,Terra,MODIS,64,6.2,306,28.9,D,0
-14.5091,133.2879,324.3,2.6,1.6,2014-10-06,0058,Terra,MODIS,37,6.2,304.7,22.8,D,0
-14.245,134.2372,328.5,2.2,1.4,2014-10-06,0058,Terra,MODIS,72,6.2,306.3,34.4,D,0
-14.3904,142.2037,336.6,1,1,2014-10-06,0058,Terra,MODIS,83,6.2,310.4,23.6,D,0
-14.3996,133.9129,368.9,2.3,1.5,2014-10-06,0058,Terra,MODIS,100,6.2,306.6,338.6,D,0
-14.9456,145.1139,321.8,1.5,1.2,2014-10-06,0058,Terra,MODIS,63,6.2,294.9,25.1,D,0
-14.2765,142.2465,334.4,1,1,2014-10-06,0058,Terra,MODIS,70,6.2,310.1,19.3,D,0
-14.1176,135.7155,321.2,1.7,1.3,2014-10-06,0058,Terra,MODIS,42,6.2,302.5,17,D,0
-14.2843,142.2355,333.2,1,1,2014-10-06,0058,Terra,MODIS,63,6.2,312.4,16,D,0
-12.287,132.9492,331.9,3.1,1.7,2014-10-06,0058,Terra,MODIS,70,6.2,299.9,94.8,D,0
-12.277,132.9797,349.6,3,1.7,2014-10-06,0058,Terra,MODIS,94,6.2,304.7,244.2,D,0
-14.4871,144.4781,332.3,1.3,1.1,2014-10-06,0058,Terra,MODIS,80,6.2,296.5,39.3,D,0
-12.2904,132.9701,349.8,3,1.7,2014-10-06,0058,Terra,MODIS,94,6.2,303.6,246.9,D,0
-13.7486,133.5874,326.8,2.6,1.5,2014-10-06,0058,Terra,MODIS,70,6.2,305.3,44.4,D,0
-14.2321,134.2397,331.8,2.2,1.4,2014-10-06,0058,Terra,MODIS,77,6.2,308.5,46.2,D,0
-14.4552,144.4518,325.7,1.3,1.1,2014-10-06,0058,Terra,MODIS,57,6.2,299.8,21.5,D,0
-13.8582,136.8591,331.7,1.5,1.2,2014-10-06,0058,Terra,MODIS,39,6.2,306.3,26.5,D,0
-13.8774,136.842,324.5,1.5,1.2,2014-10-06,0058,Terra,MODIS,20,6.2,304.2,13.5,D,0
-14.2356,134.2601,332.3,2.2,1.4,2014-10-06,0058,Terra,MODIS,78,6.2,306.5,48.4,D,0
-14.1503,134.0667,327.3,2.3,1.5,2014-10-06,0058,Terra,MODIS,42,6.2,305.5,31.4,D,0
-14.1298,134.0268,328.8,2.3,1.5,2014-10-06,0058,Terra,MODIS,39,6.2,307,34.8,D,0
-12.2919,132.977,344.4,3,1.7,2014-10-06,0058,Terra,MODIS,90,6.2,304.3,193.4,D,0
-14.1463,134.0607,330.2,2.3,1.5,2014-10-06,0058,Terra,MODIS,52,6.2,305.6,41.1,D,0
-14.1467,134.0455,327.6,2.3,1.5,2014-10-06,0058,Terra,MODIS,48,6.2,307.2,29.9,D,0
-12.2756,132.9728,341.3,3,1.7,2014-10-06,0058,Terra,MODIS,88,6.2,304.2,159.3,D,0
-13.4634,131.9514,324.4,3.4,1.7,2014-10-06,0058,Terra,MODIS,55,6.2,300.1,51.1,D,0
-14.242,143.4904,327.1,1.2,1.1,2014-10-06,0058,Terra,MODIS,27,6.2,305.8,14.3,D,0
-12.8989,135.5174,356.3,1.9,1.3,2014-10-06,0058,Terra,MODIS,98,6.2,309.3,152.4,D,0
-14.2211,143.4823,329.1,1.2,1.1,2014-10-06,0058,Terra,MODIS,71,6.2,305.1,18.7,D,0
-12.9288,135.8407,328.5,1.8,1.3,2014-10-06,0058,Terra,MODIS,51,6.2,305.4,28.9,D,0
-14.4728,144.3681,332.8,1.3,1.1,2014-10-06,0058,Terra,MODIS,81,6.2,300.6,33.6,D,0
-14.21,143.473,327.8,1.2,1.1,2014-10-06,0058,Terra,MODIS,62,6.2,306.2,15.3,D,0
-14.4923,144.2791,330.6,1.3,1.1,2014-10-06,0058,Terra,MODIS,58,6.2,305.6,23,D,0
-15.4296,145.0625,333.6,1.5,1.2,2014-10-06,0058,Terra,MODIS,81,6.2,303.7,44.3,D,0
-15.4405,145.0606,328.3,1.5,1.2,2014-10-06,0058,Terra,MODIS,53,6.2,302.8,30.2,D,0
-14.5527,144.2772,323.5,1.3,1.1,2014-10-06,0058,Terra,MODIS,50,6.2,306.4,11.5,D,0
-14.5426,144.421,324.4,1.3,1.1,2014-10-06,0058,Terra,MODIS,33,6.2,304.1,15.8,D,0
-15.4532,145.0724,338.7,1.5,1.2,2014-10-06,0058,Terra,MODIS,81,6.2,301.9,51.1,D,0
-15.4546,145.0652,344,1.5,1.2,2014-10-06,0058,Terra,MODIS,90,6.2,301.7,71,D,0
-15.4513,145.0578,342.1,1.5,1.2,2014-10-06,0058,Terra,MODIS,86,6.2,299.9,63.6,D,0
-13.0032,135.7361,332.6,1.8,1.3,2014-10-06,0058,Terra,MODIS,79,6.2,305.4,40.1,D,0
-12.896,135.5,335.7,1.9,1.3,2014-10-06,0058,Terra,MODIS,83,6.2,307.2,51.1,D,0
-14.4891,144.2549,328.4,1.3,1.1,2014-10-06,0058,Terra,MODIS,51,6.2,303.7,19.4,D,0
-14.4909,133.2667,325.9,2.6,1.6,2014-10-06,0058,Terra,MODIS,56,6.2,305.4,29.7,D,0
-12.9378,135.8221,329,1.8,1.3,2014-10-06,0058,Terra,MODIS,60,6.2,306.2,26.5,D,0
-12.7224,135.4887,326.6,1.9,1.4,2014-10-06,0058,Terra,MODIS,64,6.2,307.3,19,D,0
-12.2807,133.0004,333.2,3,1.7,2014-10-06,0058,Terra,MODIS,79,6.2,305.5,93,D,0
-12.2967,133.0046,323.6,3,1.7,2014-10-06,0058,Terra,MODIS,32,6.2,305.1,37.6,D,0
-15.9531,144.4912,329.8,1.4,1.2,2014-10-06,0058,Terra,MODIS,76,6.2,303.5,30.1,D,0
-14.998,144.8918,333.9,1.5,1.2,2014-10-06,0058,Terra,MODIS,82,6.2,301.9,43.2,D,0
-12.2819,133.0074,328,3,1.7,2014-10-06,0058,Terra,MODIS,67,6.2,305.6,64.6,D,0
-15.9364,144.4875,320.2,1.4,1.2,2014-10-06,0058,Terra,MODIS,42,6.2,304.8,10,D,0
-14.827,141.8456,337.1,1,1,2014-10-06,0058,Terra,MODIS,76,6.2,313.5,20.1,D,0
-15.5039,145.1035,332.7,1.5,1.2,2014-10-06,0058,Terra,MODIS,80,6.2,304.3,35.4,D,0
-15.5021,145.0892,322.9,1.5,1.2,2014-10-06,0058,Terra,MODIS,19,6.2,303.6,15,D,0
-15.4929,145.1047,326.2,1.5,1.2,2014-10-06,0058,Terra,MODIS,39,6.2,305.5,17.9,D,0
-12.9109,135.5154,360.9,1.9,1.3,2014-10-06,0058,Terra,MODIS,100,6.2,306.7,183.9,D,0
-12.908,135.498,333.5,1.9,1.3,2014-10-06,0058,Terra,MODIS,80,6.2,304.8,44.2,D,0
-15.468,145.1005,335.6,1.5,1.2,2014-10-06,0058,Terra,MODIS,78,6.2,304,42.5,D,0
-15.4442,145.0892,326.3,1.5,1.2,2014-10-06,0058,Terra,MODIS,41,6.2,304.7,25.3,D,0
-15.471,145.108,326.6,1.5,1.2,2014-10-06,0058,Terra,MODIS,41,6.2,304.5,21.2,D,0
-15.4692,145.0937,338,1.5,1.2,2014-10-06,0058,Terra,MODIS,85,6.2,304,51.4,D,0
-14.8192,141.8564,332,1,1,2014-10-06,0058,Terra,MODIS,28,6.2,312.8,12.4,D,0
-14.4907,144.267,344.3,1.3,1.1,2014-10-06,0058,Terra,MODIS,90,6.2,307,54.4,D,0
-14.2538,143.4829,324.2,1.2,1.1,2014-10-06,0058,Terra,MODIS,33,6.2,306.9,9.8,D,0
-16.9067,145.8241,318.3,1.8,1.3,2014-10-06,0058,Terra,MODIS,11,6.2,297.6,26.2,D,0
-14.9997,144.9053,320.6,1.5,1.2,2014-10-06,0058,Terra,MODIS,50,6.2,298.7,16.2,D,0
-14.135,143.523,324.5,1.2,1.1,2014-10-06,0058,Terra,MODIS,55,6.2,306,10.3,D,0
-18.4802,130.8242,334.8,3.3,1.7,2014-10-06,0059,Terra,MODIS,75,6.2,311.6,109.5,D,0
-18.4649,130.8275,334.4,3.3,1.7,2014-10-06,0059,Terra,MODIS,79,6.2,314.4,110.1,D,0
-17.3718,132.7444,331.4,2.5,1.5,2014-10-06,0059,Terra,MODIS,61,6.2,309,51.6,D,0
-18.471,130.8582,329.2,3.3,1.7,2014-10-06,0059,Terra,MODIS,71,6.2,311,67.1,D,0
-18.047,131.3585,332.1,3.1,1.7,2014-10-06,0059,Terra,MODIS,57,6.2,313.6,69.2,D,0
-17.822,131.3885,338.1,3.1,1.7,2014-10-06,0059,Terra,MODIS,84,6.2,311.5,108.3,D,0
-17.8035,131.3684,332.8,3.1,1.7,2014-10-06,0059,Terra,MODIS,77,6.2,313.9,67.1,D,0
-18.336,131.7374,342,2.8,1.6,2014-10-06,0059,Terra,MODIS,87,6.2,313.6,133,D,0
-18.1529,131.3526,359.2,3.1,1.7,2014-10-06,0059,Terra,MODIS,99,6.2,311.1,348.4,D,0
-18.1638,131.3265,342.1,3.1,1.7,2014-10-06,0059,Terra,MODIS,87,6.2,306.1,157.4,D,0
-17.8239,131.3942,334.2,3.1,1.7,2014-10-06,0059,Terra,MODIS,74,6.2,311.2,71.3,D,0
-18.1692,131.3552,363.2,3.1,1.7,2014-10-06,0059,Terra,MODIS,100,6.2,311.6,401.1,D,0
-18.2606,131.3525,359.5,3,1.7,2014-10-06,0059,Terra,MODIS,99,6.2,308.6,364.6,D,0
-18.255,131.3241,357.2,3.1,1.7,2014-10-06,0059,Terra,MODIS,98,6.2,306.2,335.8,D,0
-18.2458,131.3557,369.9,3,1.7,2014-10-06,0059,Terra,MODIS,100,6.2,313.2,514.1,D,0
-18.2401,131.3272,355.2,3.1,1.7,2014-10-06,0059,Terra,MODIS,97,6.2,311.1,303,D,0
-18.231,131.3588,328,3,1.7,2014-10-06,0059,Terra,MODIS,60,6.2,309.1,59.4,D,0
-18.2253,131.3303,332.1,3.1,1.7,2014-10-06,0059,Terra,MODIS,76,6.2,309.1,85.7,D,0
-18.2621,131.3592,336.8,3,1.7,2014-10-06,0059,Terra,MODIS,82,6.2,308.3,126.9,D,0
-18.2567,131.3308,362.6,3.1,1.7,2014-10-06,0059,Terra,MODIS,100,6.2,306.5,407.7,D,0
-18.2474,131.3624,362.1,3,1.7,2014-10-06,0059,Terra,MODIS,100,6.2,311.8,395.1,D,0
-18.2419,131.3339,375,3.1,1.7,2014-10-06,0059,Terra,MODIS,100,6.2,313.9,609.3,D,0
-18.3217,131.7404,349,2.8,1.6,2014-10-06,0059,Terra,MODIS,93,6.2,314.4,197,D,0
-18.3493,131.7415,341.4,2.8,1.6,2014-10-06,0059,Terra,MODIS,87,6.2,311.8,126.4,D,0
-18.2326,131.3655,327,3,1.7,2014-10-06,0059,Terra,MODIS,53,6.2,309,51.8,D,0
-17.4816,132.7638,330.6,2.5,1.5,2014-10-06,0059,Terra,MODIS,67,6.2,308.6,54.9,D,0
-18.2271,131.337,340.2,3.1,1.7,2014-10-06,0059,Terra,MODIS,86,6.2,309.9,147.7,D,0
-18.2123,131.3402,344.8,3.1,1.7,2014-10-06,0059,Terra,MODIS,90,6.2,307.1,181.2,D,0
-18.1974,131.3433,372.7,3.1,1.7,2014-10-06,0059,Terra,MODIS,100,6.2,308.1,559.5,D,0
-18.1826,131.3464,422.1,3.1,1.7,2014-10-06,0059,Terra,MODIS,100,6.2,320.1,2023.5,D,0
-18.177,131.3178,323.1,3.1,1.7,2014-10-06,0059,Terra,MODIS,29,6.2,306.1,27.1,D,0
-18.3348,131.654,330.8,2.9,1.6,2014-10-06,0059,Terra,MODIS,69,6.2,311.5,65.6,D,0
-18.1678,131.3495,354.6,3.1,1.7,2014-10-06,0059,Terra,MODIS,96,6.2,310.2,291.7,D,0
-18.3504,131.7343,340.8,2.8,1.6,2014-10-06,0059,Terra,MODIS,86,6.2,311.5,126.8,D,0
-18.1841,131.352,432,3.1,1.7,2014-10-06,0059,Terra,MODIS,100,6.2,322,2489.2,D,0
-18.1786,131.3234,348.2,3.1,1.7,2014-10-06,0059,Terra,MODIS,92,6.2,307.1,217.9,D,0
-18.0969,131.3776,336.8,3.1,1.7,2014-10-06,0059,Terra,MODIS,76,6.2,312.1,106.6,D,0
-18.1899,131.7812,334.4,2.8,1.6,2014-10-06,0059,Terra,MODIS,79,6.2,313.8,72.2,D,0
-18.1755,131.7843,336.6,2.8,1.6,2014-10-06,0059,Terra,MODIS,82,6.2,314,87.4,D,0
-18.1468,131.7903,339.4,2.8,1.6,2014-10-06,0059,Terra,MODIS,85,6.2,311.2,107.8,D,0
-18.1377,131.82,327.9,2.8,1.6,2014-10-06,0059,Terra,MODIS,58,6.2,311.8,39.2,D,0
-18.1324,131.7934,347.9,2.8,1.6,2014-10-06,0059,Terra,MODIS,92,6.2,312.8,181.1,D,0
-18.3493,131.6509,342.4,2.9,1.6,2014-10-06,0059,Terra,MODIS,88,6.2,310.1,150.9,D,0
-18.1744,131.7915,339.1,2.8,1.6,2014-10-06,0059,Terra,MODIS,85,6.2,313.5,105.5,D,0
-18.1457,131.7977,346.4,2.8,1.6,2014-10-06,0059,Terra,MODIS,91,6.2,311.7,167.4,D,0
-18.1314,131.8008,348.3,2.8,1.6,2014-10-06,0059,Terra,MODIS,92,6.2,312.5,185.7,D,0
-18.117,131.8039,362.1,2.8,1.6,2014-10-06,0059,Terra,MODIS,100,6.2,314.5,336.7,D,0
-18.3648,131.7313,328.7,2.8,1.6,2014-10-06,0059,Terra,MODIS,60,6.2,309.9,54.2,D,0
-18.2107,131.4935,331.9,3,1.6,2014-10-06,0059,Terra,MODIS,65,6.2,312,65.8,D,0
-18.2159,131.5213,342.1,3,1.6,2014-10-06,0059,Terra,MODIS,87,6.2,313.2,136.3,D,0
-18.2156,131.5154,345.7,3,1.6,2014-10-06,0059,Terra,MODIS,90,6.2,313.3,162.6,D,0
-18.2249,131.4846,334.7,3,1.6,2014-10-06,0059,Terra,MODIS,7,6.2,313,71.9,D,0
-18.2303,131.5123,336.3,3,1.6,2014-10-06,0059,Terra,MODIS,39,6.2,312.6,74.7,D,0
-17.8184,131.3653,335.1,3.1,1.7,2014-10-06,0059,Terra,MODIS,79,6.2,313.5,79.4,D,0
-19.1325,133.2151,327.9,2.1,1.4,2014-10-06,0059,Terra,MODIS,45,6.2,314.5,26.3,D,0
-18.1544,131.3583,368.9,3.1,1.7,2014-10-06,0059,Terra,MODIS,100,6.2,312.7,490.3,D,0
-18.3175,131.4867,334,3,1.6,2014-10-06,0059,Terra,MODIS,77,6.2,306,107,D,0
-18.299,131.5481,357.6,2.9,1.6,2014-10-06,0059,Terra,MODIS,98,6.2,309.9,298.8,D,0
-18.2992,131.555,357.9,2.9,1.6,2014-10-06,0059,Terra,MODIS,98,6.2,310.5,305.6,D,0
-18.294,131.5275,346.8,3,1.6,2014-10-06,0059,Terra,MODIS,84,6.2,308.2,179.6,D,0
-18.3185,131.3345,327.3,3,1.7,2014-10-06,0059,Terra,MODIS,66,6.2,308,63.8,D,0
-18.3128,131.3062,339,3.1,1.7,2014-10-06,0059,Terra,MODIS,85,6.2,309.2,143.5,D,0
-18.3198,131.3402,323.7,3,1.7,2014-10-06,0059,Terra,MODIS,51,6.2,307.7,46.7,D,0
-18.3143,131.3118,346.4,3.1,1.7,2014-10-06,0059,Terra,MODIS,91,6.2,309.2,214.8,D,0
-18.2844,131.5511,369.9,2.9,1.6,2014-10-06,0059,Terra,MODIS,100,6.2,315.7,462.3,D,0
-18.2699,131.5542,337.5,2.9,1.6,2014-10-06,0059,Terra,MODIS,24,6.2,314,82.1,D,0
-18.2846,131.5581,368.1,2.9,1.6,2014-10-06,0059,Terra,MODIS,100,6.2,315,438.1,D,0
-17.4952,132.7611,327.9,2.5,1.5,2014-10-06,0059,Terra,MODIS,58,6.2,307.6,42,D,0
-18.2701,131.5612,337.9,2.9,1.6,2014-10-06,0059,Terra,MODIS,79,6.2,313.8,95.3,D,0
-17.5702,132.6676,328.6,2.5,1.5,2014-10-06,0059,Terra,MODIS,63,6.2,307.3,51,D,0
-17.5623,132.6621,326.7,2.5,1.5,2014-10-06,0059,Terra,MODIS,38,6.2,308.7,38.9,D,0
-17.9801,131.8175,333.7,2.9,1.6,2014-10-06,0059,Terra,MODIS,78,6.2,313.4,67.1,D,0
-17.9714,131.9295,342.4,2.8,1.6,2014-10-06,0059,Terra,MODIS,88,6.2,311.9,139.1,D,0
-17.9763,131.9556,326.5,2.8,1.6,2014-10-06,0059,Terra,MODIS,55,6.2,310.5,38.1,D,0
-17.973,131.9223,332.3,2.8,1.6,2014-10-06,0059,Terra,MODIS,76,6.2,311.5,69.7,D,0
-18.1451,131.3901,329.9,3,1.7,2014-10-06,0059,Terra,MODIS,41,6.2,310.4,62.6,D,0
-17.9781,131.9484,328,2.8,1.6,2014-10-06,0059,Terra,MODIS,63,6.2,310.4,46.1,D,0
-18.0618,131.3553,334.1,3.1,1.7,2014-10-06,0059,Terra,MODIS,51,6.2,313.4,80,D,0
-18.0598,131.3485,331.1,3.1,1.7,2014-10-06,0059,Terra,MODIS,39,6.2,313.7,60,D,0
-18.0951,131.3708,340.3,3.1,1.7,2014-10-06,0059,Terra,MODIS,68,6.2,312.6,130.6,D,0
-18.1099,131.3677,336.7,3.1,1.7,2014-10-06,0059,Terra,MODIS,74,6.2,311.3,107.1,D,0
-18.1396,131.3615,346.9,3.1,1.7,2014-10-06,0059,Terra,MODIS,91,6.2,311.3,201.5,D,0
-18.1381,131.3557,339.3,3.1,1.7,2014-10-06,0059,Terra,MODIS,85,6.2,310.5,133.1,D,0
-17.981,131.8104,330.7,2.9,1.6,2014-10-06,0059,Terra,MODIS,62,6.2,314.2,49.9,D,0
-17.9862,131.8372,328.5,2.8,1.6,2014-10-06,0059,Terra,MODIS,50,6.2,312,42.3,D,0
-18.3443,131.7148,339.6,2.9,1.6,2014-10-06,0059,Terra,MODIS,67,6.2,311.7,105.3,D,0
-18.3349,131.7447,343.6,2.8,1.6,2014-10-06,0059,Terra,MODIS,89,6.2,313.4,149,D,0
-18.3206,131.7478,345.1,2.8,1.6,2014-10-06,0059,Terra,MODIS,90,6.2,313.4,162.8,D,0
-18.1599,131.387,347.9,3,1.7,2014-10-06,0059,Terra,MODIS,92,6.2,311.5,208.2,D,0
-18.4863,130.8549,329,3.3,1.7,2014-10-06,0059,Terra,MODIS,45,6.2,310.4,63.8,D,0
-18.1621,131.3208,332.7,3.1,1.7,2014-10-06,0059,Terra,MODIS,77,6.2,305.8,85.4,D,0
-18.1747,131.3838,341.5,3,1.7,2014-10-06,0059,Terra,MODIS,87,6.2,310.7,146.2,D,0
-18.1894,131.3806,366,3,1.7,2014-10-06,0059,Terra,MODIS,100,6.2,312.6,439.7,D,0
-18.1438,131.3843,333.3,3,1.7,2014-10-06,0059,Terra,MODIS,69,6.2,310.7,87,D,0
-18.1586,131.3812,359.2,3,1.7,2014-10-06,0059,Terra,MODIS,99,6.2,312.2,344.1,D,0
-18.1734,131.3781,346.1,3,1.7,2014-10-06,0059,Terra,MODIS,91,6.2,311.2,195.9,D,0
-18.1882,131.3749,386.8,3,1.7,2014-10-06,0059,Terra,MODIS,100,6.2,315,845.4,D,0
-18.2982,131.4689,333.7,3,1.6,2014-10-06,0059,Terra,MODIS,28,6.2,309.2,82.2,D,0
-18.1691,131.6736,330.3,2.9,1.6,2014-10-06,0059,Terra,MODIS,71,6.2,312.1,50.2,D,0
-17.8487,132.1015,335.1,2.7,1.6,2014-10-06,0059,Terra,MODIS,80,6.2,310.7,80.7,D,0
-17.4549,130.5089,323,3.7,1.8,2014-10-06,0059,Terra,MODIS,50,6.2,309.8,47.9,D,0
-17.648,130.3415,341.9,3.7,1.8,2014-10-06,0059,Terra,MODIS,87,6.2,311.2,209.3,D,0
-17.6319,130.3448,335.1,3.7,1.8,2014-10-06,0059,Terra,MODIS,79,6.2,311.7,136.5,D,0
-18.8614,129.0638,325.9,4.3,1.9,2014-10-06,0059,Terra,MODIS,62,6.2,308.7,79.9,D,0
-17.6909,130.4743,324.9,3.6,1.8,2014-10-06,0059,Terra,MODIS,20,6.2,309.8,44.7,D,0
-17.675,130.4779,326.9,3.6,1.8,2014-10-06,0059,Terra,MODIS,51,6.2,311.7,57.1,D,0
-20.0384,133.3304,330.5,2,1.4,2014-10-06,0100,Terra,MODIS,63,6.2,316.7,28.8,D,0
-20.6206,133.4805,331.7,1.9,1.3,2014-10-06,0100,Terra,MODIS,70,6.2,320,24.7,D,0
-20.6568,133.4732,337.3,1.9,1.3,2014-10-06,0100,Terra,MODIS,80,6.2,318.6,48,D,0
-20.6688,133.4707,352.6,1.9,1.3,2014-10-06,0100,Terra,MODIS,95,6.2,317.6,121.2,D,0
-20.6723,133.4629,340.6,1.9,1.3,2014-10-06,0100,Terra,MODIS,84,6.2,316.5,60.9,D,0
-20.6757,133.481,336,1.9,1.3,2014-10-06,0100,Terra,MODIS,78,6.2,316.2,41.6,D,0
-22.8423,148.9556,317.1,3.7,1.8,2014-10-06,0100,Terra,MODIS,51,6.2,300.7,50.2,D,0
-23.7461,146.5824,321,2.5,1.5,2014-10-06,0100,Terra,MODIS,55,6.2,304.5,32.5,D,0
-22.7081,130.6502,333.6,2.8,1.6,2014-10-06,0100,Terra,MODIS,77,6.2,309.7,76.2,D,0
-22.5804,130.7688,332.6,2.7,1.6,2014-10-06,0100,Terra,MODIS,75,6.2,310.9,67.7,D,0
-22.5776,130.7764,329.7,2.7,1.6,2014-10-06,0100,Terra,MODIS,54,6.2,310.2,49.5,D,0
-22.5997,130.7915,328.9,2.7,1.6,2014-10-06,0100,Terra,MODIS,67,6.2,309.9,49.2,D,0
-22.7103,130.6426,336.3,2.8,1.6,2014-10-06,0100,Terra,MODIS,81,6.2,310.1,96,D,0
-22.5917,130.7731,335.1,2.7,1.6,2014-10-06,0100,Terra,MODIS,76,6.2,310.8,78.9,D,0
-22.5944,130.7655,326.4,2.7,1.6,2014-10-06,0100,Terra,MODIS,60,6.2,310.5,37.6,D,0
-18.8621,129.0557,324.7,4.3,1.9,2014-10-06,0100,Terra,MODIS,43,6.2,309.2,72.6,D,0
-22.7029,130.6237,332.7,2.8,1.6,2014-10-06,0100,Terra,MODIS,75,6.2,310.9,71.5,D,0
-30.8447,147.7701,319.2,3.7,1.8,2014-10-06,0102,Terra,MODIS,42,6.2,303.8,46.7,D,0
-16.9337,124.1936,332.8,3.1,1.7,2014-10-06,0237,Terra,MODIS,58,6.2,308.7,76.6,D,0
-16.8197,124.1195,339.7,3,1.7,2014-10-06,0237,Terra,MODIS,78,6.2,309,123.2,D,0
-16.8206,124.1249,340.7,3,1.7,2014-10-06,0237,Terra,MODIS,83,6.2,309.6,135.3,D,0
-21.862,124.1061,327.7,3.5,1.8,2014-10-06,0238,Terra,MODIS,38,6.2,310.7,52.1,D,0
-21.894,124.1034,333.2,3.5,1.8,2014-10-06,0238,Terra,MODIS,76,6.2,312.8,95,D,0
-21.4593,117.8639,348.2,1.3,1.1,2014-10-06,0238,Terra,MODIS,92,6.2,312.5,58.6,D,0
-21.4608,117.8757,337,1.3,1.1,2014-10-06,0238,Terra,MODIS,50,6.2,312.6,29.6,D,0
-21.4794,117.861,345.5,1.3,1.1,2014-10-06,0238,Terra,MODIS,90,6.2,312.6,50.6,D,0
-21.481,117.8734,348.2,1.3,1.1,2014-10-06,0238,Terra,MODIS,92,6.2,314,58,D,0
-21.5009,117.8763,327.8,1.3,1.1,2014-10-06,0238,Terra,MODIS,52,6.2,313,14,D,0
-21.511,117.8748,347.8,1.3,1.1,2014-10-06,0238,Terra,MODIS,92,6.2,310.4,59.6,D,0
-21.5057,117.7518,333.3,1.2,1.1,2014-10-06,0238,Terra,MODIS,76,6.2,312.3,21.3,D,0
-20.8698,117.0127,335.1,1.1,1.1,2014-10-06,0238,Terra,MODIS,57,6.2,313.3,19.8,D,0
-20.8712,117.0235,351,1.1,1.1,2014-10-06,0238,Terra,MODIS,93,6.2,315.9,51.4,D,0
-20.8727,117.0344,335.3,1.1,1.1,2014-10-06,0238,Terra,MODIS,25,6.2,317.3,15.6,D,0
-20.8779,117.0005,339.8,1.1,1.1,2014-10-06,0238,Terra,MODIS,82,6.2,310.9,31.8,D,0
-20.8793,117.0113,342.9,1.1,1.1,2014-10-06,0238,Terra,MODIS,86,6.2,313.2,35.6,D,0
-20.8808,117.0221,393.3,1.1,1.1,2014-10-06,0238,Terra,MODIS,100,6.2,319.6,232.3,D,0
-20.8822,117.033,371.6,1.1,1.1,2014-10-06,0238,Terra,MODIS,100,6.2,318,118.5,D,0
-20.9058,117.0628,378.6,1.1,1.1,2014-10-06,0238,Terra,MODIS,100,6.2,320.7,152.6,D,0
-20.3496,118.3262,328.1,1.3,1.1,2014-10-06,0238,Terra,MODIS,0,6.2,314.8,21.8,D,0
-20.4563,118.2989,334.1,1.3,1.1,2014-10-06,0238,Terra,MODIS,72,6.2,321.3,17.5,D,0
-21.4876,117.6094,337.3,1.2,1.1,2014-10-06,0238,Terra,MODIS,81,6.2,315.2,27.9,D,0
-21.183,117.6186,328.9,1.2,1.1,2014-10-06,0238,Terra,MODIS,48,6.2,312.8,14.2,D,0
-21.1845,117.6302,347.3,1.2,1.1,2014-10-06,0238,Terra,MODIS,91,6.2,317,52.3,D,0
-21.1847,117.6243,347.5,1.2,1.1,2014-10-06,0238,Terra,MODIS,91,6.2,314.6,53.9,D,0
-21.1861,117.6359,339,1.2,1.1,2014-10-06,0238,Terra,MODIS,73,6.2,317.5,31.8,D,0
-21.196,117.6345,338,1.2,1.1,2014-10-06,0238,Terra,MODIS,73,6.2,313.4,31.3,D,0
-21.5025,117.8884,338.1,1.3,1.1,2014-10-06,0238,Terra,MODIS,82,6.2,316.3,33.6,D,0
-21.5126,117.8871,390.9,1.3,1.1,2014-10-06,0238,Terra,MODIS,100,6.2,316.6,266.7,D,0
-21.5188,117.7745,338.3,1.3,1.1,2014-10-06,0239,Terra,MODIS,83,6.2,313.9,32,D,0
-21.5203,117.7866,332.1,1.3,1.1,2014-10-06,0239,Terra,MODIS,68,6.2,315.5,19.1,D,0
-21.5288,117.7732,334.1,1.3,1.1,2014-10-06,0239,Terra,MODIS,69,6.2,311.6,22.7,D,0
-21.5304,117.7853,367.9,1.3,1.1,2014-10-06,0239,Terra,MODIS,100,6.2,312.6,127.8,D,0
-21.5319,117.7975,351,1.3,1.1,2014-10-06,0239,Terra,MODIS,94,6.2,314.6,65.8,D,0
-21.5734,117.7239,341.4,1.2,1.1,2014-10-06,0239,Terra,MODIS,86,6.2,312.6,39.7,D,0
-21.5749,117.7358,354.8,1.2,1.1,2014-10-06,0239,Terra,MODIS,96,6.2,316.3,77.9,D,0
-21.5303,117.6269,361.8,1.2,1.1,2014-10-06,0239,Terra,MODIS,100,6.2,314.2,102.2,D,0
-21.5318,117.6386,333.4,1.2,1.1,2014-10-06,0239,Terra,MODIS,65,6.2,315,21.3,D,0
-21.5402,117.6256,338.6,1.2,1.1,2014-10-06,0239,Terra,MODIS,78,6.2,308.8,34.3,D,0
-21.5417,117.6373,422,1.2,1.1,2014-10-06,0239,Terra,MODIS,100,6.2,320.6,537.2,D,0
-21.5433,117.6491,438.5,1.2,1.1,2014-10-06,0239,Terra,MODIS,100,6.2,326.1,755.3,D,0
-21.5448,117.661,353.2,1.2,1.1,2014-10-06,0239,Terra,MODIS,95,6.2,314.5,68.9,D,0
-21.5532,117.6476,347.9,1.2,1.1,2014-10-06,0239,Terra,MODIS,92,6.2,310.1,56,D,0
-21.5529,117.6418,338.7,1.2,1.1,2014-10-06,0239,Terra,MODIS,83,6.2,308.8,36.3,D,0
-21.5544,117.6536,336.4,1.2,1.1,2014-10-06,0239,Terra,MODIS,80,6.2,310.6,30.8,D,0
-21.5791,117.53,332.3,1.2,1.1,2014-10-06,0239,Terra,MODIS,53,6.2,318.8,15.4,D,0
-21.5806,117.5418,328.9,1.2,1.1,2014-10-06,0239,Terra,MODIS,39,6.2,315.4,9.9,D,0
-21.589,117.5285,393.9,1.2,1.1,2014-10-06,0239,Terra,MODIS,100,6.2,323.5,264.3,D,0
-21.5905,117.5404,374.6,1.2,1.1,2014-10-06,0239,Terra,MODIS,100,6.2,319.3,149,D,0
-21.5989,117.5272,343.3,1.2,1.1,2014-10-06,0239,Terra,MODIS,88,6.2,312,38.4,D,0
-21.6004,117.5389,332.6,1.2,1.1,2014-10-06,0239,Terra,MODIS,70,6.2,314.9,15.9,D,0
-21.6125,117.4776,352,1.2,1.1,2014-10-06,0239,Terra,MODIS,94,6.2,316.5,60.2,D,0
-21.6255,117.4995,340,1.2,1.1,2014-10-06,0239,Terra,MODIS,84,6.2,316.8,30.8,D,0
-21.6241,117.4814,337.2,1.2,1.1,2014-10-06,0239,Terra,MODIS,53,6.2,314.4,25.3,D,0
-21.6255,117.4931,342.4,1.2,1.1,2014-10-06,0239,Terra,MODIS,71,6.2,317.6,35.5,D,0
-21.627,117.5048,338.3,1.2,1.1,2014-10-06,0239,Terra,MODIS,61,6.2,316.4,25.8,D,0
-21.6339,117.48,338.4,1.2,1.1,2014-10-06,0239,Terra,MODIS,77,6.2,313.3,29.5,D,0
-21.6354,117.4917,369,1.2,1.1,2014-10-06,0239,Terra,MODIS,100,6.2,315.2,124,D,0
-21.595,117.421,337,1.2,1.1,2014-10-06,0239,Terra,MODIS,81,6.2,314.9,26,D,0
-21.5966,117.4326,343.9,1.2,1.1,2014-10-06,0239,Terra,MODIS,88,6.2,317.2,41.3,D,0
-21.6011,117.4674,334.5,1.2,1.1,2014-10-06,0239,Terra,MODIS,23,6.2,317.1,17.3,D,0
-21.611,117.466,360.4,1.2,1.1,2014-10-06,0239,Terra,MODIS,100,6.2,314.6,87.6,D,0
-21.614,116.5509,327.2,1.1,1,2014-10-06,0239,Terra,MODIS,33,6.2,316.7,8.5,D,0
-21.6234,116.5495,358.5,1.1,1,2014-10-06,0239,Terra,MODIS,99,6.2,315.9,73,D,0
-21.6249,116.5601,357.6,1.1,1,2014-10-06,0239,Terra,MODIS,98,6.2,320.1,69.1,D,0
-22.8806,122.252,322.6,2.7,1.6,2014-10-06,0239,Terra,MODIS,35,6.2,308,23.4,D,0
-23.6575,125.1027,329.8,4.4,1.9,2014-10-06,0239,Terra,MODIS,75,6.2,307.8,98.9,D,0
-22.8832,122.2779,331,2.7,1.6,2014-10-06,0239,Terra,MODIS,75,6.2,308.8,63.7,D,0
-22.8869,122.2707,336.9,2.7,1.6,2014-10-06,0239,Terra,MODIS,83,6.2,309.4,99.6,D,0
-23.6565,125.1095,329,4.4,1.9,2014-10-06,0239,Terra,MODIS,72,6.2,307.5,86.2,D,0
-22.8877,117.9189,335.9,1.3,1.1,2014-10-06,0239,Terra,MODIS,82,6.2,311.5,33.5,D,0
-23.6216,125.1126,325.1,4.4,1.9,2014-10-06,0239,Terra,MODIS,54,6.2,306.8,59.7,D,0
-22.8861,117.906,373.4,1.3,1.1,2014-10-06,0239,Terra,MODIS,100,6.2,312.7,172.5,D,0
-23.6391,125.1111,331.2,4.4,1.9,2014-10-06,0239,Terra,MODIS,77,6.2,308.1,115.5,D,0
-23.64,125.1042,330.4,4.4,1.9,2014-10-06,0239,Terra,MODIS,76,6.2,308.3,103,D,0
-22.9082,117.9158,331.3,1.3,1.1,2014-10-06,0239,Terra,MODIS,77,6.2,311.7,26.4,D,0
-26.1034,123.6068,325.3,3.6,1.8,2014-10-06,0240,Terra,MODIS,60,6.2,307.2,70.5,D,0
-32.0612,115.92,311.3,1.3,1.1,2014-10-06,0241,Terra,MODIS,51,6.2,293.4,6.8,D,0
-31.3945,152.3485,321.7,1,1,2014-10-06,0341,Aqua,MODIS,71,6.2,305.1,10.1,D,0
-31.396,152.3377,319.5,1,1,2014-10-06,0341,Aqua,MODIS,63,6.2,307.2,8,D,0
-31.8709,151.875,325.6,1.1,1,2014-10-06,0341,Aqua,MODIS,72,6.2,303.1,15.5,D,0
-31.8588,151.8953,320.4,1.1,1,2014-10-06,0341,Aqua,MODIS,36,6.2,306.6,10.1,D,0
-31.8603,151.8841,322.1,1.1,1,2014-10-06,0341,Aqua,MODIS,53,6.2,305.7,11,D,0
-31.6231,152.0792,313.3,1,1,2014-10-06,0341,Aqua,MODIS,37,6.2,302.7,5.8,D,0
-31.4702,152.0624,317.8,1,1,2014-10-06,0341,Aqua,MODIS,66,6.2,301.3,9.8,D,0
-31.4716,152.0515,327.2,1,1,2014-10-06,0341,Aqua,MODIS,79,6.2,301.6,20,D,0
-31.461,152.0609,327.1,1,1,2014-10-06,0341,Aqua,MODIS,79,6.2,302.3,19.8,D,0
-31.4624,152.0499,317.9,1,1,2014-10-06,0341,Aqua,MODIS,47,6.2,302.4,9.5,D,0
-31.444,152.0466,328.9,1,1,2014-10-06,0341,Aqua,MODIS,81,6.2,302.6,22.6,D,0
-31.4455,152.0356,326.4,1,1,2014-10-06,0341,Aqua,MODIS,79,6.2,300.9,18.8,D,0
-31.4641,151.2498,349,1.1,1,2014-10-06,0341,Aqua,MODIS,94,6.2,304.8,65.5,D,0
-31.4655,151.2381,360.6,1.1,1,2014-10-06,0341,Aqua,MODIS,100,6.2,308.2,97.1,D,0
-30.4575,152.3569,317.2,1,1,2014-10-06,0341,Aqua,MODIS,59,6.2,299.7,10.3,D,0
-29.1316,151.9803,319.8,1,1,2014-10-06,0342,Aqua,MODIS,38,6.2,301.1,8.9,D,0
-29.1237,151.9836,322.9,1,1,2014-10-06,0342,Aqua,MODIS,62,6.2,303.4,12.7,D,0
-29.191,152.0226,338.7,1,1,2014-10-06,0342,Aqua,MODIS,87,6.2,311.4,30,D,0
-29.1924,152.0121,330.8,1,1,2014-10-06,0342,Aqua,MODIS,76,6.2,309.4,19.3,D,0
-29.2,152.0243,322.1,1,1,2014-10-06,0342,Aqua,MODIS,59,6.2,310.5,8.3,D,0
-27.657,147.5186,330.6,1.6,1.2,2014-10-06,0342,Aqua,MODIS,71,6.2,313,23.5,D,0
-27.6565,147.5237,327.3,1.6,1.2,2014-10-06,0342,Aqua,MODIS,59,6.2,312.9,15.1,D,0
-28.6605,152.1413,320,1,1,2014-10-06,0342,Aqua,MODIS,57,6.2,304.3,10.8,D,0
-28.6619,152.131,317.5,1,1,2014-10-06,0342,Aqua,MODIS,50,6.2,305.1,8,D,0
-28.6529,152.1293,332.6,1,1,2014-10-06,0342,Aqua,MODIS,82,6.2,302.6,23.9,D,0
-28.6515,152.1396,318.8,1,1,2014-10-06,0342,Aqua,MODIS,47,6.2,303.4,8.5,D,0
-28.7996,153.4154,313.4,1,1,2014-10-06,0342,Aqua,MODIS,45,6.2,302.9,5,D,0
-29.7173,153.1137,316.8,1,1,2014-10-06,0342,Aqua,MODIS,63,6.2,304.3,7.4,D,0
-29.7187,153.1034,315.6,1,1,2014-10-06,0342,Aqua,MODIS,60,6.2,304.2,6.4,D,0
-28.2698,152.3084,323.3,1,1,2014-10-06,0342,Aqua,MODIS,66,6.2,303.8,13.2,D,0
-28.7364,148.7769,330,1.3,1.2,2014-10-06,0342,Aqua,MODIS,67,6.2,315.9,15.5,D,0
-28.2708,152.8204,327.3,1,1,2014-10-06,0342,Aqua,MODIS,58,6.2,308.7,15.8,D,0
-30.0083,152.6176,317.7,1,1,2014-10-06,0342,Aqua,MODIS,11,6.2,301.9,8.4,D,0
-29.9992,152.6159,332.6,1,1,2014-10-06,0342,Aqua,MODIS,83,6.2,303.9,24.8,D,0
-30.8457,147.7639,322.4,1.7,1.3,2014-10-06,0342,Aqua,MODIS,44,6.2,310.4,13.9,D,0
-25.501,146.7446,339.1,1.6,1.3,2014-10-06,0343,Aqua,MODIS,86,6.2,310.7,57.3,D,0
-25.4992,146.7609,345.7,1.6,1.3,2014-10-06,0343,Aqua,MODIS,91,6.2,312.8,80.6,D,0
-25.4879,146.7595,331.3,1.6,1.3,2014-10-06,0343,Aqua,MODIS,77,6.2,312.6,34,D,0
-24.0581,150.629,326.3,1,1,2014-10-06,0343,Aqua,MODIS,38,6.2,304.7,14.5,D,0
-24.049,150.6274,321.6,1,1,2014-10-06,0343,Aqua,MODIS,22,6.2,305.1,9.7,D,0
-24.0503,150.6174,330.9,1,1,2014-10-06,0343,Aqua,MODIS,79,6.2,305.3,21.7,D,0
-25.4185,152.3135,347.5,1,1,2014-10-06,0343,Aqua,MODIS,93,6.2,308.5,43.8,D,0
-25.42,152.3036,335.2,1,1,2014-10-06,0343,Aqua,MODIS,78,6.2,305.5,23.5,D,0
-25.411,152.302,325.9,1,1,2014-10-06,0343,Aqua,MODIS,42,6.2,305.3,12.6,D,0
-25.0581,148.4967,328.7,1.3,1.1,2014-10-06,0343,Aqua,MODIS,76,6.2,304,25.4,D,0
-25.4081,152.3218,332.7,1,1,2014-10-06,0343,Aqua,MODIS,65,6.2,307.7,19.3,D,0
-25.3274,149.5027,342.9,1.1,1.1,2014-10-06,0343,Aqua,MODIS,89,6.2,307.7,42,D,0
-23.8354,150.8448,321.5,1,1,2014-10-06,0343,Aqua,MODIS,27,6.2,306,9.7,D,0
-23.822,150.1369,321.5,1,1,2014-10-06,0343,Aqua,MODIS,57,6.2,309.4,6.2,D,0
-25.3994,152.3249,354.9,1,1,2014-10-06,0343,Aqua,MODIS,97,6.2,310,62.7,D,0
-25.398,152.3349,342.5,1,1,2014-10-06,0343,Aqua,MODIS,89,6.2,306.8,37.7,D,0
-25.3933,152.3034,330.2,1,1,2014-10-06,0343,Aqua,MODIS,77,6.2,304.4,19.4,D,0
-24.5894,151.0368,332.9,1,1,2014-10-06,0343,Aqua,MODIS,82,6.2,307.9,23.5,D,0
-24.5804,151.0352,337.4,1,1,2014-10-06,0343,Aqua,MODIS,86,6.2,305.2,30,D,0
-24.5818,151.0252,319.3,1,1,2014-10-06,0343,Aqua,MODIS,56,6.2,305,7.2,D,0
-25.1043,149.6605,325.7,1.1,1.1,2014-10-06,0343,Aqua,MODIS,60,6.2,306.1,13.4,D,0
-25.1029,149.6715,339.9,1.1,1.1,2014-10-06,0343,Aqua,MODIS,87,6.2,308.4,37.8,D,0
-25.3321,149.4986,341.1,1.1,1.1,2014-10-06,0343,Aqua,MODIS,88,6.2,306.8,40.6,D,0
-26.2228,151.043,322.7,1,1,2014-10-06,0343,Aqua,MODIS,56,6.2,309.9,8.7,D,0
-24.8847,151.4874,320.4,1,1,2014-10-06,0343,Aqua,MODIS,53,6.2,304.4,9.2,D,0
-25.4009,152.315,325.5,1,1,2014-10-06,0343,Aqua,MODIS,44,6.2,305.1,12.5,D,0
-25.3919,152.3134,327.9,1,1,2014-10-06,0343,Aqua,MODIS,64,6.2,304.3,15.2,D,0
-25.0972,148.5088,319.8,1.3,1.1,2014-10-06,0343,Aqua,MODIS,56,6.2,304.1,11,D,0
-25.0697,148.4855,328.4,1.3,1.1,2014-10-06,0343,Aqua,MODIS,76,6.2,305.2,24.8,D,0
-25.4023,152.305,325.8,1,1,2014-10-06,0343,Aqua,MODIS,61,6.2,305,13.9,D,0
-25.4038,152.2951,333.9,1,1,2014-10-06,0343,Aqua,MODIS,82,6.2,306.8,24.7,D,0
-25.3164,149.5124,345.5,1.1,1.1,2014-10-06,0343,Aqua,MODIS,91,6.2,309.1,49.2,D,0
-25.3288,149.4915,328.5,1.1,1.1,2014-10-06,0343,Aqua,MODIS,75,6.2,303.3,17.4,D,0
-25.3307,149.5099,334.8,1.1,1.1,2014-10-06,0343,Aqua,MODIS,82,6.2,306.7,27.5,D,0
-25.3178,149.5012,329.5,1.1,1.1,2014-10-06,0343,Aqua,MODIS,57,6.2,307.6,18.4,D,0
-26.5726,147.1395,335,1.6,1.2,2014-10-06,0343,Aqua,MODIS,80,6.2,314.8,33.9,D,0
-26.5613,147.138,337,1.6,1.2,2014-10-06,0343,Aqua,MODIS,82,6.2,314.3,40.4,D,0
-26.5631,147.122,340.3,1.6,1.2,2014-10-06,0343,Aqua,MODIS,86,6.2,314.9,51.5,D,0
-25.3904,152.3233,333.6,1,1,2014-10-06,0343,Aqua,MODIS,81,6.2,305.4,22.6,D,0
-23.7543,146.5927,327.7,1.6,1.2,2014-10-06,0343,Aqua,MODIS,68,6.2,309.2,25.2,D,0
-26.5003,141.8326,385.2,3.8,1.8,2014-10-06,0343,Aqua,MODIS,100,6.2,316.4,1072.4,D,0
-26.503,141.7945,356.3,3.8,1.8,2014-10-06,0343,Aqua,MODIS,97,6.2,314.7,403.8,D,0
-25.4275,152.3151,345.1,1,1,2014-10-06,0343,Aqua,MODIS,91,6.2,309.2,40.7,D,0
-26.4334,141.7423,331.6,3.8,1.8,2014-10-06,0343,Aqua,MODIS,73,6.2,315,83.8,D,0
-25.389,152.3332,346.5,1,1,2014-10-06,0343,Aqua,MODIS,92,6.2,307.7,44.9,D,0
-25.0682,148.498,340.3,1.3,1.1,2014-10-06,0343,Aqua,MODIS,88,6.2,305.7,48.9,D,0
-24.8241,150.9349,330.4,1,1,2014-10-06,0343,Aqua,MODIS,76,6.2,303.5,20.8,D,0
-24.1789,150.8148,320.6,1,1,2014-10-06,0343,Aqua,MODIS,32,6.2,303.2,10,D,0
-25.5554,150.8882,329.1,1,1,2014-10-06,0343,Aqua,MODIS,72,6.2,309.5,16.1,D,0
-25.3814,152.3217,336.7,1,1,2014-10-06,0343,Aqua,MODIS,84,6.2,307.9,26.7,D,0
-25.3586,149.6739,322.6,1.1,1.1,2014-10-06,0343,Aqua,MODIS,61,6.2,306.3,8.5,D,0
-24.6315,152.0376,317.9,1,1,2014-10-06,0343,Aqua,MODIS,52,6.2,305.2,7.4,D,0
-25.4023,152.3616,340.2,1,1,2014-10-06,0343,Aqua,MODIS,87,6.2,308.3,34.5,D,0
-25.3951,152.3547,330.9,1,1,2014-10-06,0343,Aqua,MODIS,78,6.2,308.2,20.3,D,0
-24.7026,151.9287,344.4,1,1,2014-10-06,0343,Aqua,MODIS,91,6.2,304.2,42.8,D,0
-23.7555,146.5877,331.3,1.6,1.2,2014-10-06,0343,Aqua,MODIS,75,6.2,309.2,34.3,D,0
-23.7561,146.577,325,1.6,1.2,2014-10-06,0343,Aqua,MODIS,60,6.2,309,19.4,D,0
-25.0596,148.4841,328.2,1.3,1.1,2014-10-06,0343,Aqua,MODIS,76,6.2,303.4,24.2,D,0
-24.7012,151.9386,327.7,1,1,2014-10-06,0343,Aqua,MODIS,73,6.2,304.2,17.4,D,0
-25.4813,150.5432,324.7,1,1,2014-10-06,0343,Aqua,MODIS,63,6.2,310.5,9.7,D,0
-24.7116,151.9303,331.8,1,1,2014-10-06,0343,Aqua,MODIS,81,6.2,303.2,22.6,D,0
-25.3829,152.3117,350.2,1,1,2014-10-06,0343,Aqua,MODIS,94,6.2,308.8,52,D,0
-26.4936,141.8244,376.7,3.8,1.8,2014-10-06,0343,Aqua,MODIS,100,6.2,316.6,831,D,0
-26.0806,151.2115,325.4,1,1,2014-10-06,0343,Aqua,MODIS,59,6.2,312.3,9.1,D,0
-25.9393,150.2098,326.3,1.1,1,2014-10-06,0343,Aqua,MODIS,62,6.2,311.3,10.9,D,0
-25.3259,149.5139,336.5,1.1,1.1,2014-10-06,0343,Aqua,MODIS,84,6.2,307.7,29.9,D,0
-24.0644,150.6506,326.9,1,1,2014-10-06,0343,Aqua,MODIS,66,6.2,305.1,13.4,D,0
-24.0658,150.6406,325.5,1,1,2014-10-06,0343,Aqua,MODIS,47,6.2,305.9,12.6,D,0
-23.9737,150.9713,320,1,1,2014-10-06,0343,Aqua,MODIS,51,6.2,305.9,7,D,0
-25.142,147.887,328.4,1.4,1.2,2014-10-06,0343,Aqua,MODIS,76,6.2,308,24.4,D,0
-26.0024,151.2437,332.6,1,1,2014-10-06,0343,Aqua,MODIS,78,6.2,310.6,18.3,D,0
-26.0038,151.2336,324.6,1,1,2014-10-06,0343,Aqua,MODIS,55,6.2,308.9,8.8,D,0
-25.9933,151.2422,338.2,1,1,2014-10-06,0343,Aqua,MODIS,85,6.2,311.5,26.5,D,0
-25.9947,151.2321,323.7,1,1,2014-10-06,0343,Aqua,MODIS,37,6.2,308.6,7.3,D,0
-25.9842,151.2406,339.4,1,1,2014-10-06,0343,Aqua,MODIS,86,6.2,311.2,27.6,D,0
-25.9856,151.2305,334.1,1,1,2014-10-06,0343,Aqua,MODIS,80,6.2,308.7,19.6,D,0
-25.9703,151.2071,340.5,1,1,2014-10-06,0343,Aqua,MODIS,87,6.2,308.6,31.9,D,0
-24.8164,150.9233,327.9,1,1,2014-10-06,0343,Aqua,MODIS,72,6.2,303.7,17.1,D,0
-24.8151,150.9334,346.7,1,1,2014-10-06,0343,Aqua,MODIS,92,6.2,305.3,46.6,D,0
-25.4037,152.3517,359,1,1,2014-10-06,0343,Aqua,MODIS,99,6.2,310.4,73.6,D,0
-25.4261,152.3251,325.8,1,1,2014-10-06,0343,Aqua,MODIS,34,6.2,308,11.9,D,0
-25.36,149.6628,327.6,1.1,1.1,2014-10-06,0343,Aqua,MODIS,73,6.2,309.5,14.9,D,0
-24.5019,150.9343,328,1,1,2014-10-06,0343,Aqua,MODIS,76,6.2,299.7,21.6,D,0
-24.5033,150.9243,324.4,1,1,2014-10-06,0343,Aqua,MODIS,70,6.2,299.7,16.9,D,0
-25.3936,152.3647,331.1,1,1,2014-10-06,0343,Aqua,MODIS,78,6.2,307.5,21.3,D,0
-23.9572,150.6991,333.2,1,1,2014-10-06,0343,Aqua,MODIS,69,6.2,301.2,25.3,D,0
-24.8137,150.9434,333.2,1,1,2014-10-06,0343,Aqua,MODIS,82,6.2,303.8,23.9,D,0
-25.3724,152.3201,336,1,1,2014-10-06,0343,Aqua,MODIS,84,6.2,307.9,26,D,0
-25.438,152.3068,321.3,1,1,2014-10-06,0343,Aqua,MODIS,33,6.2,306.8,8.2,D,0
-23.4551,150.344,332.9,1,1,2014-10-06,0343,Aqua,MODIS,78,6.2,302.6,23.4,D,0
-23.446,150.3426,337.5,1,1,2014-10-06,0343,Aqua,MODIS,84,6.2,305.4,29.3,D,0
-23.4474,150.3325,334.4,1,1,2014-10-06,0343,Aqua,MODIS,68,6.2,304.1,25.4,D,0
-25.3843,152.3018,321.3,1,1,2014-10-06,0343,Aqua,MODIS,53,6.2,304.2,8.8,D,0
-25.3738,152.3101,351.6,1,1,2014-10-06,0343,Aqua,MODIS,95,6.2,309.1,55.1,D,0
-23.4369,150.3411,332.7,1,1,2014-10-06,0343,Aqua,MODIS,64,6.2,303.1,20.8,D,0
-23.4382,150.331,340.9,1,1,2014-10-06,0343,Aqua,MODIS,88,6.2,304.6,35.6,D,0
-23.314,147.369,333.9,1.4,1.2,2014-10-06,0344,Aqua,MODIS,75,6.2,307.7,31,D,0
-22.9778,149.5184,324,1.1,1,2014-10-06,0344,Aqua,MODIS,32,6.2,309.9,8.1,D,0
-22.9578,149.5259,326.7,1.1,1,2014-10-06,0344,Aqua,MODIS,62,6.2,308.8,13.5,D,0
-22.9811,146.1898,327.2,1.7,1.3,2014-10-06,0344,Aqua,MODIS,65,6.2,309.5,24.7,D,0
-22.9792,146.1962,336.4,1.7,1.3,2014-10-06,0344,Aqua,MODIS,82,6.2,310,48.9,D,0
-22.9792,146.2058,325.2,1.6,1.3,2014-10-06,0344,Aqua,MODIS,49,6.2,309.2,21.3,D,0
-22.0011,149.4897,327.3,1.1,1,2014-10-06,0344,Aqua,MODIS,56,6.2,299.8,19.3,D,0
-22.8572,148.9604,334.8,1.1,1.1,2014-10-06,0344,Aqua,MODIS,78,6.2,308.3,26.3,D,0
-22.8586,148.9493,325.3,1.1,1.1,2014-10-06,0344,Aqua,MODIS,39,6.2,307.6,12.1,D,0
-22.8476,148.9589,333.7,1.1,1.1,2014-10-06,0344,Aqua,MODIS,59,6.2,310.5,22.6,D,0
-22.8417,149.0811,342.6,1.1,1.1,2014-10-06,0344,Aqua,MODIS,90,6.2,311.6,40.6,D,0
-22.8323,149.0795,343.4,1.1,1.1,2014-10-06,0344,Aqua,MODIS,90,6.2,309.6,43.5,D,0
-22.8364,149.0469,324,1.1,1.1,2014-10-06,0344,Aqua,MODIS,33,6.2,308.7,8.5,D,0
-22.8116,149.1649,330.3,1.1,1.1,2014-10-06,0344,Aqua,MODIS,79,6.2,309.2,18.3,D,0
-22.8158,149.1324,373.4,1.1,1.1,2014-10-06,0344,Aqua,MODIS,100,6.2,314,133.5,D,0
-22.8172,149.1216,344.6,1.1,1.1,2014-10-06,0344,Aqua,MODIS,91,6.2,309.1,45,D,0
-22.8186,149.1107,337.3,1.1,1.1,2014-10-06,0344,Aqua,MODIS,79,6.2,307.7,31,D,0
-22.8269,149.0454,330,1.1,1.1,2014-10-06,0344,Aqua,MODIS,63,6.2,308.7,17.2,D,0
-22.8088,149.1468,321.7,1.1,1.1,2014-10-06,0344,Aqua,MODIS,64,6.2,308.5,9.5,D,0
-22.8102,149.136,341.5,1.1,1.1,2014-10-06,0344,Aqua,MODIS,89,6.2,309.7,41.3,D,0
-22.8117,149.1252,349.2,1.1,1.1,2014-10-06,0344,Aqua,MODIS,94,6.2,310.3,58.4,D,0
-22.8216,149.0492,329,1.1,1.1,2014-10-06,0344,Aqua,MODIS,77,6.2,307.9,20.1,D,0
-22.8231,149.0383,321.7,1.1,1.1,2014-10-06,0344,Aqua,MODIS,64,6.2,308.1,10,D,0
-22.8026,149.0464,344,1.1,1.1,2014-10-06,0344,Aqua,MODIS,91,6.2,308.6,44.3,D,0
-22.804,149.0354,341.2,1.1,1.1,2014-10-06,0344,Aqua,MODIS,89,6.2,308.9,38.4,D,0
-22.7917,149.0559,326.8,1.1,1.1,2014-10-06,0344,Aqua,MODIS,64,6.2,308,15.2,D,0
-22.7931,149.045,335.2,1.1,1.1,2014-10-06,0344,Aqua,MODIS,84,6.2,308.1,28.2,D,0
-22.7945,149.034,368.7,1.1,1.1,2014-10-06,0344,Aqua,MODIS,100,6.2,310.3,118.4,D,0
-22.7959,149.0231,363.6,1.1,1.1,2014-10-06,0344,Aqua,MODIS,100,6.2,309.6,100.6,D,0
-22.7821,149.0544,336.6,1.1,1.1,2014-10-06,0344,Aqua,MODIS,85,6.2,310,29.3,D,0
-22.7835,149.0435,325.4,1.1,1.1,2014-10-06,0344,Aqua,MODIS,61,6.2,308,12.3,D,0
-21.8901,149.4249,356.5,1.1,1,2014-10-06,0344,Aqua,MODIS,98,6.2,304.3,76.1,D,0
-21.8887,149.4352,326.5,1.1,1,2014-10-06,0344,Aqua,MODIS,73,6.2,302.5,18.3,D,0
-22.9792,149.5077,323.4,1.1,1,2014-10-06,0344,Aqua,MODIS,28,6.2,309.8,7,D,0
-16.9252,145.8283,320.9,1.4,1.2,2014-10-06,0345,Aqua,MODIS,26,6.2,297.8,22.5,D,0
-16.9222,145.8221,326.7,1.4,1.2,2014-10-06,0345,Aqua,MODIS,23,6.2,299,31,D,0
-16.9271,145.8129,324.5,1.5,1.2,2014-10-06,0345,Aqua,MODIS,26,6.2,300.7,27.8,D,0
-19.3834,146.8257,333.4,1.3,1.1,2014-10-06,0345,Aqua,MODIS,78,6.2,307.1,34.5,D,0
-15.1796,145.0577,320.9,1.5,1.2,2014-10-06,0346,Aqua,MODIS,17,6.2,304.7,11.1,D,0
-15.1918,145.1508,332.8,1.5,1.2,2014-10-06,0346,Aqua,MODIS,75,6.2,301.2,43.8,D,0
-14.396,142.2039,327.5,2.5,1.5,2014-10-06,0346,Aqua,MODIS,69,6.2,308.7,40.9,D,0
-14.3203,142.2635,327.1,2.4,1.5,2014-10-06,0346,Aqua,MODIS,30,6.2,308.2,32,D,0
-15.1836,145.0342,333.1,1.6,1.2,2014-10-06,0346,Aqua,MODIS,63,6.2,305.4,38.2,D,0
-15.357,143.6604,322.7,2,1.4,2014-10-06,0346,Aqua,MODIS,33,6.2,305.6,19.7,D,0
-15.3526,143.6729,331.4,2,1.4,2014-10-06,0346,Aqua,MODIS,77,6.2,306.6,49.4,D,0
-15.3957,145.1604,320.7,1.5,1.2,2014-10-06,0346,Aqua,MODIS,54,6.2,300.7,21.7,D,0
-15.1502,145.0241,324.2,1.6,1.2,2014-10-06,0346,Aqua,MODIS,26,6.2,304.1,21.6,D,0
-15.1815,145.0432,335.3,1.6,1.2,2014-10-06,0346,Aqua,MODIS,82,6.2,305.9,43.5,D,0
-14.3124,142.2554,326.8,2.4,1.5,2014-10-06,0346,Aqua,MODIS,31,6.2,308.1,31.8,D,0
-15.3547,143.6551,324.1,2,1.4,2014-10-06,0346,Aqua,MODIS,25,6.2,305.6,21,D,0
-15.2977,145.1278,322.5,1.5,1.2,2014-10-06,0346,Aqua,MODIS,54,6.2,304.2,20.5,D,0
-15.355,143.6784,330.9,2,1.4,2014-10-06,0346,Aqua,MODIS,77,6.2,306.5,46.3,D,0
-15.1723,145.0272,330.3,1.6,1.2,2014-10-06,0346,Aqua,MODIS,60,6.2,305.3,31.8,D,0
-15.1784,145.077,323.8,1.5,1.2,2014-10-06,0346,Aqua,MODIS,17,6.2,304.3,15.1,D,0
-14.3259,142.257,326,2.4,1.5,2014-10-06,0346,Aqua,MODIS,25,6.2,308.5,29.9,D,0
-14.3987,142.181,328.5,2.5,1.5,2014-10-06,0346,Aqua,MODIS,73,6.2,308.9,42.5,D,0
-15.2027,145.1522,325.6,1.5,1.2,2014-10-06,0346,Aqua,MODIS,53,6.2,299.7,26,D,0
-15.2119,145.1678,323.5,1.5,1.2,2014-10-06,0346,Aqua,MODIS,49,6.2,301.3,22,D,0
-15.1833,145.0287,337.3,1.6,1.2,2014-10-06,0346,Aqua,MODIS,84,6.2,305.1,51.1,D,0
-15.2229,145.1693,326.5,1.5,1.2,2014-10-06,0346,Aqua,MODIS,39,6.2,302.3,25.7,D,0
-14.3798,142.225,332.5,2.5,1.5,2014-10-06,0346,Aqua,MODIS,70,6.2,309.1,60.5,D,0
-15.3847,145.1591,323.2,1.5,1.2,2014-10-06,0346,Aqua,MODIS,64,6.2,299.2,27.9,D,0
-15.1779,145.0713,327.9,1.5,1.2,2014-10-06,0346,Aqua,MODIS,69,6.2,304.7,25.6,D,0
-14.2743,142.2278,325.4,2.4,1.5,2014-10-06,0346,Aqua,MODIS,44,6.2,305.9,33.2,D,0
-14.4571,144.3591,328.5,1.7,1.3,2014-10-06,0346,Aqua,MODIS,57,6.2,302.4,32.7,D,0
-13.5519,142.0704,328.2,2.5,1.5,2014-10-06,0346,Aqua,MODIS,71,6.2,304.4,50.9,D,0
-13.4286,142.0432,322.2,2.5,1.5,2014-10-06,0346,Aqua,MODIS,45,6.2,299.3,25.7,D,0
-13.5587,142.0659,325.7,2.5,1.5,2014-10-06,0346,Aqua,MODIS,73,6.2,305.4,41.3,D,0
-14.5565,144.2714,326,1.7,1.3,2014-10-06,0346,Aqua,MODIS,49,6.2,307.8,19.6,D,0
-15.1853,145.0197,331.3,1.6,1.2,2014-10-06,0346,Aqua,MODIS,78,6.2,304.1,36.6,D,0
-13.5247,142.0672,337.2,2.5,1.5,2014-10-06,0346,Aqua,MODIS,86,6.2,303.4,97.4,D,0
-14.4776,144.3686,325.6,1.7,1.3,2014-10-06,0346,Aqua,MODIS,58,6.2,302.3,22.8,D,0
-13.415,142.0412,366.7,2.5,1.5,2014-10-06,0346,Aqua,MODIS,100,6.2,308.3,342.2,D,0
-13.4014,142.0395,327.4,2.5,1.5,2014-10-06,0346,Aqua,MODIS,54,6.2,305.4,44.3,D,0
-13.4176,142.0189,332.7,2.5,1.5,2014-10-06,0346,Aqua,MODIS,81,6.2,305.8,69.3,D,0
-13.0344,142.9427,340.3,2.1,1.4,2014-10-06,0346,Aqua,MODIS,88,6.2,304.3,87.5,D,0
-14.4489,144.4127,323.5,1.7,1.3,2014-10-06,0346,Aqua,MODIS,16,6.2,302.5,19.2,D,0
-13.5179,142.061,330.3,2.5,1.5,2014-10-06,0346,Aqua,MODIS,79,6.2,301.7,65.9,D,0
-15.4338,145.0346,359.2,1.6,1.2,2014-10-06,0346,Aqua,MODIS,99,6.2,303.2,143.4,D,0
-15.432,145.0491,388.1,1.6,1.2,2014-10-06,0346,Aqua,MODIS,100,6.2,306.2,345.1,D,0
-15.4395,145.0791,323.8,1.6,1.2,2014-10-06,0346,Aqua,MODIS,61,6.2,302.2,23.4,D,0
-15.4413,145.0649,330.4,1.6,1.2,2014-10-06,0346,Aqua,MODIS,62,6.2,303.7,35.8,D,0
-14.4324,144.2757,324.5,1.7,1.3,2014-10-06,0346,Aqua,MODIS,54,6.2,297.1,32.5,D,0
-13.5315,142.0628,329.8,2.5,1.5,2014-10-06,0346,Aqua,MODIS,79,6.2,304.2,59.9,D,0
-15.4539,145.0538,346.3,1.6,1.2,2014-10-06,0346,Aqua,MODIS,91,6.2,301.7,79.3,D,0
-15.4549,145.0607,347.4,1.6,1.2,2014-10-06,0346,Aqua,MODIS,90,6.2,302.4,84.5,D,0
-15.4659,145.0626,328.1,1.6,1.2,2014-10-06,0346,Aqua,MODIS,45,6.2,301.9,28.1,D,0
-15.4448,145.0367,342.3,1.6,1.2,2014-10-06,0346,Aqua,MODIS,89,6.2,301.7,70.7,D,0
-15.443,145.0515,364,1.6,1.2,2014-10-06,0346,Aqua,MODIS,100,6.2,305.6,165.8,D,0
-13.6091,142.054,324.3,2.5,1.5,2014-10-06,0346,Aqua,MODIS,45,6.2,304.3,32.5,D,0
-14.5427,144.4089,324.7,1.7,1.3,2014-10-06,0346,Aqua,MODIS,24,6.2,304.9,18.1,D,0
-14.5414,144.398,322.3,1.7,1.3,2014-10-06,0346,Aqua,MODIS,23,6.2,304.1,13.9,D,0
-14.5447,144.3932,324.3,1.7,1.3,2014-10-06,0346,Aqua,MODIS,38,6.2,303.8,16.6,D,0
-13.5273,142.0444,324.5,2.5,1.5,2014-10-06,0346,Aqua,MODIS,71,6.2,303.4,36.4,D,0
-13.507,142.0364,328.8,2.5,1.5,2014-10-06,0346,Aqua,MODIS,78,6.2,300.2,62.1,D,0
-15.9652,145.2596,321.9,1.5,1.2,2014-10-06,0346,Aqua,MODIS,59,6.2,300.4,28,D,0
-15.7032,144.5253,322.5,1.7,1.3,2014-10-06,0346,Aqua,MODIS,39,6.2,306.6,15.5,D,0
-13.3537,141.7946,338.2,2.6,1.5,2014-10-06,0346,Aqua,MODIS,65,6.2,302.6,115.4,D,0
-13.3565,141.7709,318.7,2.6,1.5,2014-10-06,0346,Aqua,MODIS,33,6.2,301.8,23,D,0
-14.8288,141.8456,327.8,2.7,1.6,2014-10-06,0346,Aqua,MODIS,65,6.2,310.5,34,D,0
-15.472,145.1048,333.5,1.6,1.2,2014-10-06,0346,Aqua,MODIS,61,6.2,304,36.4,D,0
-15.5052,145.1094,327.2,1.6,1.2,2014-10-06,0346,Aqua,MODIS,34,6.2,305.5,19.3,D,0
-15.5199,145.0818,323.2,1.6,1.2,2014-10-06,0346,Aqua,MODIS,37,6.2,303.7,12.7,D,0
-15.4516,145.0878,333,1.6,1.2,2014-10-06,0346,Aqua,MODIS,56,6.2,304.1,39.7,D,0
-15.507,145.0949,343.2,1.6,1.2,2014-10-06,0346,Aqua,MODIS,89,6.2,305.7,65.2,D,0
-15.4738,145.0906,347.8,1.6,1.2,2014-10-06,0346,Aqua,MODIS,93,6.2,305.1,83.1,D,0
-14.9734,144.8858,333.1,1.6,1.2,2014-10-06,0346,Aqua,MODIS,76,6.2,304.9,41.8,D,0
-15.4627,145.0891,330.3,1.6,1.2,2014-10-06,0346,Aqua,MODIS,50,6.2,301.6,30.7,D,0
-14.951,144.8833,325.9,1.6,1.2,2014-10-06,0346,Aqua,MODIS,54,6.2,300.7,26.2,D,0
-15.0068,144.8901,327.1,1.6,1.2,2014-10-06,0346,Aqua,MODIS,72,6.2,303.9,28.6,D,0
-14.9957,144.8886,335,1.6,1.2,2014-10-06,0346,Aqua,MODIS,82,6.2,302.6,48,D,0
-14.964,144.8696,323.9,1.6,1.2,2014-10-06,0346,Aqua,MODIS,55,6.2,304.3,22.9,D,0
-14.2696,143.4822,322.5,2,1.4,2014-10-06,0346,Aqua,MODIS,47,6.2,303.2,22.5,D,0
-14.149,143.5144,322.5,1.9,1.4,2014-10-06,0346,Aqua,MODIS,57,6.2,304.6,20,D,0
-14.9622,144.8844,325.3,1.6,1.2,2014-10-06,0346,Aqua,MODIS,63,6.2,305.7,26.2,D,0
-15.0371,145.1039,325.7,1.5,1.2,2014-10-06,0346,Aqua,MODIS,63,6.2,298.7,28.4,D,0
-14.4567,144.4449,327.9,1.7,1.3,2014-10-06,0346,Aqua,MODIS,57,6.2,302.7,29.9,D,0
-14.4548,144.4606,325.4,1.7,1.3,2014-10-06,0346,Aqua,MODIS,52,6.2,302.7,26.4,D,0
-15.0481,145.105,333.9,1.5,1.2,2014-10-06,0346,Aqua,MODIS,81,6.2,300,47.2,D,0
-12.3789,142.6602,331.6,2.1,1.4,2014-10-06,0347,Aqua,MODIS,71,6.2,306.8,54.7,D,0
-12.3916,142.662,360.8,2.1,1.4,2014-10-06,0347,Aqua,MODIS,100,6.2,306,227.3,D,0
-12.1521,142.4948,329.3,2.2,1.4,2014-10-06,0347,Aqua,MODIS,75,6.2,304.3,42.3,D,0
-12.3997,142.7021,323.4,2.1,1.4,2014-10-06,0347,Aqua,MODIS,52,6.2,307,20.2,D,0
-12.4354,142.7264,326.4,2.1,1.4,2014-10-06,0347,Aqua,MODIS,40,6.2,304.2,35,D,0
-12.3893,142.6814,329.9,2.1,1.4,2014-10-06,0347,Aqua,MODIS,67,6.2,306.9,42.3,D,0
-12.4282,142.7841,341.8,2.1,1.4,2014-10-06,0347,Aqua,MODIS,89,6.2,304.7,102.6,D,0
-12.3897,142.6766,340,2.1,1.4,2014-10-06,0347,Aqua,MODIS,87,6.2,306.8,84.8,D,0
-12.4259,142.8033,324.8,2.1,1.4,2014-10-06,0347,Aqua,MODIS,39,6.2,303.2,35,D,0
-12.3922,142.6572,345.3,2.1,1.4,2014-10-06,0347,Aqua,MODIS,91,6.2,304.5,119,D,0
-12.3795,142.6553,339.4,2.1,1.4,2014-10-06,0347,Aqua,MODIS,87,6.2,306.6,91.9,D,0
-12.3812,142.6406,343.9,2.1,1.4,2014-10-06,0347,Aqua,MODIS,90,6.2,304.2,116.8,D,0
-12.382,142.6358,337.2,2.1,1.4,2014-10-06,0347,Aqua,MODIS,85,6.2,303.4,84.2,D,0
-12.1625,142.5164,328.3,2.2,1.4,2014-10-06,0347,Aqua,MODIS,77,6.2,305.5,38.1,D,0
-12.4157,142.2335,326.1,2.3,1.5,2014-10-06,0347,Aqua,MODIS,62,6.2,306.8,36.1,D,0
-12.581,142.8155,324.2,2.1,1.4,2014-10-06,0347,Aqua,MODIS,38,6.2,305.5,30.6,D,0
-11.0621,142.3574,326.8,2.1,1.4,2014-10-06,0347,Aqua,MODIS,65,6.2,304.4,40.3,D,0
-11.062,142.3647,332.7,2.1,1.4,2014-10-06,0347,Aqua,MODIS,85,6.2,304.7,64.3,D,0
-11.0596,142.3769,327.2,2.1,1.4,2014-10-06,0347,Aqua,MODIS,61,6.2,304.1,43.4,D,0
-10.7008,142.1273,315.5,2.2,1.4,2014-10-06,0347,Aqua,MODIS,0,6.2,301.2,17,D,0
-12.4486,141.8808,328,2.4,1.5,2014-10-06,0347,Aqua,MODIS,75,6.2,308,39.2,D,0
-12.3571,142.7312,332.5,2.1,1.4,2014-10-06,0347,Aqua,MODIS,68,6.2,305,55.3,D,0
-12.9116,142.0341,336.4,2.4,1.5,2014-10-06,0347,Aqua,MODIS,85,6.2,309.6,76.8,D,0
-12.9064,142.0405,350.4,2.4,1.5,2014-10-06,0347,Aqua,MODIS,94,6.2,309,166.6,D,0
-12.4834,142.6604,324.2,2.1,1.4,2014-10-06,0347,Aqua,MODIS,46,6.2,304.3,30.2,D,0
-12.4857,142.6409,323.8,2.1,1.4,2014-10-06,0347,Aqua,MODIS,37,6.2,306.5,26.5,D,0
-12.433,142.7457,324.2,2.1,1.4,2014-10-06,0347,Aqua,MODIS,20,6.2,303.9,30.1,D,0
-12.9039,142.0627,331.5,2.4,1.5,2014-10-06,0347,Aqua,MODIS,61,6.2,310.3,43.9,D,0
-12.445,142.6485,336.3,2.1,1.4,2014-10-06,0347,Aqua,MODIS,84,6.2,306.8,76.1,D,0
-12.878,142.1704,330.9,2.4,1.5,2014-10-06,0347,Aqua,MODIS,67,6.2,307.6,36.8,D,0
-12.8981,142.0324,327.7,2.4,1.5,2014-10-06,0347,Aqua,MODIS,53,6.2,306.4,34.2,D,0
-12.9089,142.0562,339.6,2.4,1.5,2014-10-06,0347,Aqua,MODIS,88,6.2,308.9,89.4,D,0
-12.7442,143.2756,317.2,1.9,1.4,2014-10-06,0347,Aqua,MODIS,41,6.2,297.2,27.9,D,0
-12.7483,143.2831,356.6,1.9,1.4,2014-10-06,0347,Aqua,MODIS,98,6.2,297.7,188.9,D,0
-12.4426,142.668,332.8,2.1,1.4,2014-10-06,0347,Aqua,MODIS,81,6.2,308.1,60.2,D,0
-12.1961,142.5608,324.3,2.1,1.4,2014-10-06,0347,Aqua,MODIS,46,6.2,305.2,25.9,D,0
-12.1974,142.5459,325.3,2.2,1.4,2014-10-06,0347,Aqua,MODIS,53,6.2,306.1,25.9,D,0
-12.753,142.0325,331.5,2.4,1.5,2014-10-06,0347,Aqua,MODIS,66,6.2,305.9,65.6,D,0
-12.8714,142.1406,333.7,2.4,1.5,2014-10-06,0347,Aqua,MODIS,41,6.2,307.7,57.2,D,0
-12.8821,142.1638,333,2.4,1.5,2014-10-06,0347,Aqua,MODIS,63,6.2,308.8,51.3,D,0
-12.8913,142.1721,333.6,2.4,1.5,2014-10-06,0347,Aqua,MODIS,81,6.2,309.7,49.5,D,0
-12.5186,142.2681,331.2,2.3,1.5,2014-10-06,0347,Aqua,MODIS,71,6.2,306.3,52.2,D,0
-12.357,142.7361,336.6,2.1,1.4,2014-10-06,0347,Aqua,MODIS,84,6.2,304.7,70.6,D,0
-12.3468,142.7103,333.3,2.1,1.4,2014-10-06,0347,Aqua,MODIS,74,6.2,303.9,62.6,D,0
-12.7564,143.2772,366.4,1.9,1.4,2014-10-06,0347,Aqua,MODIS,100,6.2,298.4,261.2,D,0
-12.4132,142.2545,334.6,2.3,1.5,2014-10-06,0347,Aqua,MODIS,83,6.2,306.5,72.4,D,0
-12.4038,142.2485,342.5,2.3,1.5,2014-10-06,0347,Aqua,MODIS,89,6.2,305.5,120.2,D,0
-12.5157,142.2749,335.9,2.3,1.5,2014-10-06,0347,Aqua,MODIS,84,6.2,305.7,75.7,D,0
-12.472,142.4294,321.2,2.2,1.4,2014-10-06,0347,Aqua,MODIS,27,6.2,306.1,19.1,D,0
-12.7504,143.2657,344.7,1.9,1.4,2014-10-06,0347,Aqua,MODIS,91,6.2,297.3,122.7,D,0
-29.0881,129.7425,327.2,1.1,1,2014-10-06,0521,Aqua,MODIS,64,6.2,313.5,10.6,D,0
-22.7333,130.6379,359.2,1.4,1.2,2014-10-06,0522,Aqua,MODIS,99,6.2,322.3,86.3,D,0
-23.6549,125.1205,341.2,1.1,1,2014-10-06,0522,Aqua,MODIS,57,6.2,320,18.7,D,0
-22.7138,130.6893,358.5,1.4,1.2,2014-10-06,0522,Aqua,MODIS,98,6.2,316.8,92.6,D,0
-22.7161,130.676,349.9,1.4,1.2,2014-10-06,0522,Aqua,MODIS,70,6.2,321.9,55.6,D,0
-23.7086,124.8595,340.8,1.1,1,2014-10-06,0522,Aqua,MODIS,81,6.2,320.8,22.4,D,0
-23.6964,124.8794,341.4,1.1,1,2014-10-06,0522,Aqua,MODIS,82,6.2,321.2,22.4,D,0
-23.6563,125.1101,343,1.1,1,2014-10-06,0522,Aqua,MODIS,78,6.2,321.6,21.8,D,0
-23.6992,124.8581,339.9,1.1,1,2014-10-06,0522,Aqua,MODIS,78,6.2,318.7,20.7,D,0
-23.687,124.8779,332.4,1.1,1,2014-10-06,0522,Aqua,MODIS,40,6.2,318.7,8,D,0
-22.6788,130.6408,335.2,1.4,1.2,2014-10-06,0522,Aqua,MODIS,54,6.2,319.5,15.4,D,0
-22.5911,130.7991,335.1,1.4,1.2,2014-10-06,0522,Aqua,MODIS,70,6.2,320.7,17.3,D,0
-23.6577,125.0996,339.1,1.1,1,2014-10-06,0522,Aqua,MODIS,35,6.2,320.4,13.2,D,0
-22.5887,130.8129,335.8,1.4,1.2,2014-10-06,0522,Aqua,MODIS,72,6.2,320,19.6,D,0
-22.7415,130.6534,338.5,1.4,1.2,2014-10-06,0522,Aqua,MODIS,46,6.2,320.1,21.2,D,0
-22.7393,130.6668,340.1,1.4,1.2,2014-10-06,0522,Aqua,MODIS,55,6.2,320.4,26.8,D,0
-23.6591,125.0891,342.4,1.1,1,2014-10-06,0522,Aqua,MODIS,82,6.2,320.6,20.1,D,0
-23.6456,125.119,353,1.1,1,2014-10-06,0522,Aqua,MODIS,94,6.2,321.4,45.1,D,0
-23.6498,125.0877,344.4,1.1,1,2014-10-06,0522,Aqua,MODIS,65,6.2,321.8,23.3,D,0
-23.6898,125.0726,338.4,1.1,1,2014-10-06,0522,Aqua,MODIS,77,6.2,322.4,14.9,D,0
-23.6968,125.0695,340.2,1.1,1,2014-10-06,0522,Aqua,MODIS,79,6.2,321.5,18.8,D,0
-22.7274,130.6091,335.5,1.4,1.2,2014-10-06,0522,Aqua,MODIS,36,6.2,321.2,15.8,D,0
-22.7056,130.674,349.6,1.4,1.2,2014-10-06,0522,Aqua,MODIS,89,6.2,318.5,56.3,D,0
-22.7079,130.6605,352.8,1.4,1.2,2014-10-06,0522,Aqua,MODIS,94,6.2,322.1,63.5,D,0
-22.6974,130.6584,406,1.4,1.2,2014-10-06,0522,Aqua,MODIS,100,6.2,327.8,425.9,D,0
-22.6997,130.645,376.9,1.4,1.2,2014-10-06,0522,Aqua,MODIS,100,6.2,328.8,179.6,D,0
-22.687,130.6563,393.7,1.4,1.2,2014-10-06,0522,Aqua,MODIS,100,6.2,323.4,308.7,D,0
-22.6893,130.6429,430,1.4,1.2,2014-10-06,0522,Aqua,MODIS,100,6.2,334.2,742.3,D,0
-22.6916,130.6295,354.4,1.4,1.2,2014-10-06,0522,Aqua,MODIS,95,6.2,323.8,71.4,D,0
-22.7311,130.6513,355.7,1.4,1.2,2014-10-06,0522,Aqua,MODIS,96,6.2,321.4,72.4,D,0
-23.6955,125.08,340.8,1.1,1,2014-10-06,0522,Aqua,MODIS,80,6.2,320.9,19.6,D,0
-22.6533,130.56,335.2,1.4,1.2,2014-10-06,0522,Aqua,MODIS,70,6.2,320.1,18.1,D,0
-23.4527,129.5072,337.9,1.2,1.1,2014-10-06,0522,Aqua,MODIS,76,6.2,322,17.3,D,0
-26.114,123.5925,331.4,1.3,1.1,2014-10-06,0522,Aqua,MODIS,54,6.2,317.7,15.8,D,0
-26.1021,123.6044,350.5,1.3,1.1,2014-10-06,0522,Aqua,MODIS,93,6.2,317.6,65.1,D,0
-26.1037,123.591,357.2,1.3,1.1,2014-10-06,0522,Aqua,MODIS,98,6.2,318.5,89.2,D,0
-26.0918,123.6029,335.9,1.3,1.1,2014-10-06,0522,Aqua,MODIS,75,6.2,315.3,28.3,D,0
-26.0815,123.6014,356.1,1.3,1.1,2014-10-06,0522,Aqua,MODIS,97,6.2,316,90.1,D,0
-26.083,123.5881,340.1,1.3,1.1,2014-10-06,0522,Aqua,MODIS,83,6.2,314.4,40,D,0
-19.5658,126.9463,337.2,1,1,2014-10-06,0523,Aqua,MODIS,38,6.2,314.3,17.1,D,0
-19.5553,126.9545,346.6,1,1,2014-10-06,0523,Aqua,MODIS,46,6.2,312.2,37.6,D,0
-19.5447,126.9627,346.4,1,1,2014-10-06,0523,Aqua,MODIS,77,6.2,306.4,41.6,D,0
-19.5462,126.9529,378.6,1,1,2014-10-06,0523,Aqua,MODIS,100,6.2,310.4,136.1,D,0
-19.5505,126.9237,399.9,1,1,2014-10-06,0523,Aqua,MODIS,100,6.2,319,236,D,0
-19.5414,126.9222,359,1,1,2014-10-06,0523,Aqua,MODIS,92,6.2,317.1,62.5,D,0
-19.5338,126.9109,354.7,1,1,2014-10-06,0523,Aqua,MODIS,90,6.2,318.4,50.7,D,0
-19.6205,126.7631,337.1,1,1,2014-10-06,0523,Aqua,MODIS,66,6.2,317.7,14.9,D,0
-19.61,126.7713,353.2,1,1,2014-10-06,0523,Aqua,MODIS,95,6.2,315.1,45.8,D,0
-19.6115,126.7616,346.5,1,1,2014-10-06,0523,Aqua,MODIS,84,6.2,317.4,31.5,D,0
-19.6038,126.7504,352.2,1,1,2014-10-06,0523,Aqua,MODIS,94,6.2,316.3,44.5,D,0
-19.5888,126.7908,368.8,1,1,2014-10-06,0523,Aqua,MODIS,100,6.2,312.4,93.7,D,0
-19.6629,126.6024,338.6,1,1,2014-10-06,0523,Aqua,MODIS,75,6.2,318.3,17.1,D,0
-19.6453,126.6585,358.3,1,1,2014-10-06,0523,Aqua,MODIS,98,6.2,310.6,61.7,D,0
-19.6467,126.6489,407.7,1,1,2014-10-06,0523,Aqua,MODIS,100,6.2,324.3,285.7,D,0
-19.6496,126.6297,357.1,1,1,2014-10-06,0523,Aqua,MODIS,97,6.2,320.1,54.5,D,0
-19.651,126.6201,353.2,1,1,2014-10-06,0523,Aqua,MODIS,95,6.2,319.3,45,D,0
-19.6363,126.657,346,1,1,2014-10-06,0523,Aqua,MODIS,88,6.2,312.6,35.4,D,0
-19.6377,126.6474,402.1,1,1,2014-10-06,0523,Aqua,MODIS,100,6.2,326.9,249.5,D,0
-19.6391,126.6378,340.1,1,1,2014-10-06,0523,Aqua,MODIS,19,6.2,317.8,20.4,D,0
-19.6405,126.6282,346,1,1,2014-10-06,0523,Aqua,MODIS,85,6.2,317.9,30.5,D,0
-19.642,126.6186,337.4,1,1,2014-10-06,0523,Aqua,MODIS,32,6.2,316.8,15.7,D,0
-19.6301,126.6363,335.6,1,1,2014-10-06,0523,Aqua,MODIS,71,6.2,314.6,16.6,D,0
-19.6315,126.6267,335,1,1,2014-10-06,0523,Aqua,MODIS,51,6.2,315,14.3,D,0
-19.589,127.037,337,1,1,2014-10-06,0523,Aqua,MODIS,36,6.2,321.3,11.4,D,0
-19.7115,126.9533,340.1,1,1,2014-10-06,0523,Aqua,MODIS,71,6.2,321.3,14.2,D,0
-19.701,126.9614,349.7,1,1,2014-10-06,0523,Aqua,MODIS,91,6.2,321.2,33.7,D,0
-19.6101,127.0205,335.2,1,1,2014-10-06,0523,Aqua,MODIS,46,6.2,320.5,9.5,D,0
-20.1525,133.4214,337,2.4,1.5,2014-10-06,0523,Aqua,MODIS,68,6.2,317.9,61.4,D,0
-20.1569,133.3986,338,2.4,1.5,2014-10-06,0523,Aqua,MODIS,72,6.2,319.4,65.2,D,0
-20.1579,133.4151,336.8,2.4,1.5,2014-10-06,0523,Aqua,MODIS,52,6.2,316.9,56.3,D,0
-20.1445,133.4122,341.3,2.4,1.5,2014-10-06,0523,Aqua,MODIS,39,6.2,320.3,75.7,D,0
-21.5228,117.7624,337.5,2.9,1.6,2014-10-06,0523,Aqua,MODIS,79,6.2,314.6,102.8,D,0
-21.5233,117.7575,337.3,2.9,1.6,2014-10-06,0523,Aqua,MODIS,79,6.2,314.8,98,D,0
-21.4682,117.8643,340.9,2.9,1.6,2014-10-06,0523,Aqua,MODIS,84,6.2,315.1,126.2,D,0
-21.4536,117.8625,350.3,2.9,1.6,2014-10-06,0523,Aqua,MODIS,93,6.2,315.9,212,D,0
-20.0395,133.3373,338.3,2.4,1.5,2014-10-06,0523,Aqua,MODIS,76,6.2,319.5,58.6,D,0
-20.0437,133.3147,338.3,2.4,1.5,2014-10-06,0523,Aqua,MODIS,75,6.2,323.1,58.3,D,0
-20.9234,117.0822,334,3.2,1.7,2014-10-06,0523,Aqua,MODIS,62,6.2,314.1,93.3,D,0
-20.9262,117.0505,336,3.3,1.7,2014-10-06,0523,Aqua,MODIS,74,6.2,312.6,112.5,D,0
-20.9269,117.0755,337.8,3.2,1.7,2014-10-06,0523,Aqua,MODIS,72,6.2,313.1,118.5,D,0
-20.9019,117.0089,333,3.3,1.7,2014-10-06,0523,Aqua,MODIS,49,6.2,313.2,73.4,D,0
-20.4645,118.3049,332.2,2.6,1.5,2014-10-06,0523,Aqua,MODIS,62,6.2,319.3,35.7,D,0
-20.4669,118.2799,341.8,2.6,1.6,2014-10-06,0523,Aqua,MODIS,83,6.2,321.2,97.7,D,0
-20.4593,118.2965,338.1,2.6,1.5,2014-10-06,0523,Aqua,MODIS,77,6.2,320.4,73.2,D,0
-20.4619,118.2716,334.4,2.6,1.6,2014-10-06,0523,Aqua,MODIS,69,6.2,320.8,53.2,D,0
-21.4927,117.6073,329.2,3,1.7,2014-10-06,0523,Aqua,MODIS,41,6.2,317.5,39.8,D,0
-21.6057,117.5132,352.1,3.1,1.7,2014-10-06,0523,Aqua,MODIS,91,6.2,318.7,224.5,D,0
-21.6042,117.5361,338.5,3.1,1.7,2014-10-06,0523,Aqua,MODIS,76,6.2,317.2,102.7,D,0
-21.607,117.5063,345.6,3.1,1.7,2014-10-06,0523,Aqua,MODIS,89,6.2,318.6,161.1,D,0
-21.5631,117.6508,379.1,3,1.6,2014-10-06,0523,Aqua,MODIS,100,6.2,316.1,649.9,D,0
-21.5658,117.6215,372.2,3,1.7,2014-10-06,0523,Aqua,MODIS,100,6.2,315.4,525.4,D,0
-21.5482,117.6491,327.8,3,1.6,2014-10-06,0523,Aqua,MODIS,32,6.2,315.2,39.5,D,0
-21.651,117.5179,332.7,3.1,1.7,2014-10-06,0523,Aqua,MODIS,36,6.2,311.9,74.7,D,0
-21.6372,117.5094,339.6,3.1,1.7,2014-10-06,0523,Aqua,MODIS,67,6.2,314.9,117.6,D,0
-20.8519,118.4722,348.4,2.5,1.5,2014-10-06,0523,Aqua,MODIS,90,6.2,321.6,130.6,D,0
-20.6997,133.4582,333.7,2.4,1.5,2014-10-06,0523,Aqua,MODIS,33,6.2,318.7,39,D,0
-20.6864,133.4554,339.4,2.4,1.5,2014-10-06,0523,Aqua,MODIS,79,6.2,320.9,70.8,D,0
-20.6868,133.4716,347.5,2.4,1.5,2014-10-06,0523,Aqua,MODIS,89,6.2,318.6,124,D,0
-20.691,133.449,336.1,2.4,1.5,2014-10-06,0523,Aqua,MODIS,42,6.2,320.7,49.1,D,0
-20.6426,133.4856,332.3,2.4,1.5,2014-10-06,0523,Aqua,MODIS,21,6.2,319.6,30.9,D,0
-21.6136,117.4227,375,3.1,1.7,2014-10-06,0523,Aqua,MODIS,100,6.2,320.2,583.1,D,0
-21.6127,117.4462,348.7,3.1,1.7,2014-10-06,0523,Aqua,MODIS,92,6.2,318.4,190.2,D,0
-21.6156,117.4159,374.9,3.1,1.7,2014-10-06,0523,Aqua,MODIS,100,6.2,320.3,583.5,D,0
-21.6004,117.4144,333.5,3.1,1.7,2014-10-06,0523,Aqua,MODIS,39,6.2,318.6,59.8,D,0
-21.6288,116.5609,351.9,3.6,1.8,2014-10-06,0523,Aqua,MODIS,94,6.2,319.6,312.1,D,0
-21.6318,116.5257,350.2,3.6,1.8,2014-10-06,0523,Aqua,MODIS,93,6.2,317,295.7,D,0
-21.6377,116.5568,356,3.6,1.8,2014-10-06,0523,Aqua,MODIS,97,6.2,319,371.3,D,0
-21.641,116.5217,341.6,3.6,1.8,2014-10-06,0523,Aqua,MODIS,85,6.2,315.5,187.2,D,0
-21.1834,117.1893,340.1,3.2,1.7,2014-10-06,0523,Aqua,MODIS,77,6.2,318.9,117.4,D,0
-21.1845,117.2157,333.3,3.2,1.7,2014-10-06,0523,Aqua,MODIS,52,6.2,317.5,73.2,D,0
-21.1874,117.1847,333.7,3.2,1.7,2014-10-06,0523,Aqua,MODIS,64,6.2,318.4,71.6,D,0
-20.6304,119.6052,335.8,2.1,1.4,2014-10-06,0523,Aqua,MODIS,73,6.2,320.4,38.3,D,0
-20.5923,119.6005,337,2.1,1.4,2014-10-06,0523,Aqua,MODIS,75,6.2,320.2,39.5,D,0
-20.5927,119.5957,334.7,2.1,1.4,2014-10-06,0523,Aqua,MODIS,70,6.2,320.6,31.4,D,0
-21.203,117.6444,342.2,3,1.6,2014-10-06,0523,Aqua,MODIS,78,6.2,317.9,128.9,D,0
-21.1909,117.6133,330.6,3,1.6,2014-10-06,0523,Aqua,MODIS,26,6.2,317,49.7,D,0
-21.6023,117.7209,331.8,3,1.6,2014-10-06,0523,Aqua,MODIS,69,6.2,311.7,78.5,D,0
-21.5875,117.7193,328.8,3,1.6,2014-10-06,0523,Aqua,MODIS,59,6.2,313.7,61.1,D,0
-21.6022,117.7138,328.3,3,1.6,2014-10-06,0523,Aqua,MODIS,55,6.2,311.4,57.7,D,0
-21.522,117.9306,330.8,2.9,1.6,2014-10-06,0523,Aqua,MODIS,12,6.2,313,57.4,D,0
-22.8945,122.2584,330.9,1.5,1.2,2014-10-06,0523,Aqua,MODIS,23,6.2,317.8,13,D,0
-19.5693,126.7974,344.3,1,1,2014-10-06,0523,Aqua,MODIS,86,6.2,309.8,33.8,D,0
-19.5798,126.7893,477.3,1,1,2014-10-06,0523,Aqua,MODIS,100,6.2,341.7,1149.1,D,0
-19.7394,126.8285,369.3,1,1,2014-10-06,0523,Aqua,MODIS,100,6.2,320.1,91.2,D,0
-19.5783,126.799,390.5,1,1,2014-10-06,0523,Aqua,MODIS,100,6.2,311.8,187,D,0
-19.7485,126.83,343.7,1,1,2014-10-06,0523,Aqua,MODIS,76,6.2,322.4,23.9,D,0
-19.5707,126.7878,375.9,1,1,2014-10-06,0523,Aqua,MODIS,100,6.2,317.2,121,D,0
-22.8838,122.257,335.9,1.5,1.2,2014-10-06,0523,Aqua,MODIS,69,6.2,316.8,26.3,D,0
-21.8684,124.0765,337.4,1.1,1.1,2014-10-06,0523,Aqua,MODIS,68,6.2,320.6,16.3,D,0
-22.248,125.7467,348.1,1,1,2014-10-06,0523,Aqua,MODIS,90,6.2,321.1,31.4,D,0
-22.2494,125.7369,362.1,1,1,2014-10-06,0523,Aqua,MODIS,100,6.2,324.8,65.6,D,0
-21.8955,124.0916,343.2,1.1,1.1,2014-10-06,0523,Aqua,MODIS,84,6.2,322.3,26.6,D,0
-21.8997,124.0868,354.7,1.1,1.1,2014-10-06,0523,Aqua,MODIS,96,6.2,320.6,55,D,0
-22.2403,125.7354,336.1,1,1,2014-10-06,0523,Aqua,MODIS,61,6.2,320.2,11.3,D,0
-22.8914,117.9127,343.3,3,1.6,2014-10-06,0523,Aqua,MODIS,87,6.2,314.7,162.8,D,0
-21.8983,124.0977,347.1,1.1,1.1,2014-10-06,0523,Aqua,MODIS,89,6.2,323.2,34.2,D,0
-22.8939,117.8846,353.5,3,1.6,2014-10-06,0523,Aqua,MODIS,95,6.2,311.8,270.9,D,0
-22.8791,117.882,326.8,3,1.6,2014-10-06,0523,Aqua,MODIS,51,6.2,311.1,52.1,D,0
-21.8669,124.0874,342.2,1.1,1.1,2014-10-06,0523,Aqua,MODIS,83,6.2,321.4,25,D,0
-18.0358,131.8251,372.9,2,1.4,2014-10-06,0523,Aqua,MODIS,100,6.2,318.5,289.3,D,0
-18.0392,131.8061,337.2,2,1.4,2014-10-06,0523,Aqua,MODIS,48,6.2,319.7,36.5,D,0
-18.0234,131.8226,378.8,2,1.4,2014-10-06,0523,Aqua,MODIS,100,6.2,320.6,348.8,D,0
-18.0268,131.8037,347.6,2,1.4,2014-10-06,0523,Aqua,MODIS,90,6.2,319.9,84.7,D,0
-18.0307,131.8364,351.3,2.1,1.4,2014-10-06,0523,Aqua,MODIS,93,6.2,316.9,117.9,D,0
-18.034,131.8174,376.9,2,1.4,2014-10-06,0523,Aqua,MODIS,100,6.2,321.1,328.8,D,0
-18.3585,131.6361,337.1,2,1.4,2014-10-06,0523,Aqua,MODIS,75,6.2,315.4,48.5,D,0
-18.32,131.6234,346.5,2,1.4,2014-10-06,0523,Aqua,MODIS,88,6.2,314.2,91,D,0
-18.3237,131.5303,339,1.9,1.4,2014-10-06,0523,Aqua,MODIS,65,6.2,314.7,53.1,D,0
-18.3724,131.4658,368.1,1.9,1.3,2014-10-06,0523,Aqua,MODIS,100,6.2,310.5,243.2,D,0
-18.3634,131.4693,392.3,1.9,1.3,2014-10-06,0523,Aqua,MODIS,100,6.2,316,497.4,D,0
-19.0882,133.1921,341.2,2.5,1.5,2014-10-06,0523,Aqua,MODIS,82,6.2,317.6,83.9,D,0
-19.0805,133.1831,338,2.5,1.5,2014-10-06,0523,Aqua,MODIS,62,6.2,317.9,59.1,D,0
-18.2537,131.3984,334.5,1.9,1.3,2014-10-06,0523,Aqua,MODIS,68,6.2,310.1,51.8,D,0
-18.2506,131.416,386.6,1.9,1.3,2014-10-06,0523,Aqua,MODIS,100,6.2,316.8,424.3,D,0
-18.2475,131.4338,333.8,1.9,1.3,2014-10-06,0523,Aqua,MODIS,66,6.2,311.1,42.9,D,0
-18.2626,131.4184,355.6,1.9,1.3,2014-10-06,0523,Aqua,MODIS,96,6.2,310.2,150.1,D,0
-18.2595,131.4361,334.1,1.9,1.3,2014-10-06,0523,Aqua,MODIS,67,6.2,310.6,42.9,D,0
-18.2746,131.4207,341.1,1.9,1.3,2014-10-06,0523,Aqua,MODIS,81,6.2,310.3,74,D,0
-18.339,131.5147,350.6,1.9,1.4,2014-10-06,0523,Aqua,MODIS,92,6.2,313,113.3,D,0
-18.2019,131.4803,330.7,1.9,1.4,2014-10-06,0523,Aqua,MODIS,20,6.2,312.8,27.3,D,0
-18.2051,131.4624,367.5,1.9,1.3,2014-10-06,0523,Aqua,MODIS,100,6.2,312.4,231.9,D,0
-19.1514,133.2292,331.4,2.5,1.5,2014-10-06,0523,Aqua,MODIS,44,6.2,317,32.6,D,0
-18.3017,131.3352,335,1.9,1.3,2014-10-06,0523,Aqua,MODIS,57,6.2,313.9,39.8,D,0
-18.1991,131.4745,335.4,1.9,1.4,2014-10-06,0523,Aqua,MODIS,62,6.2,311.8,46.1,D,0
-18.2021,131.4566,338.4,1.9,1.3,2014-10-06,0523,Aqua,MODIS,75,6.2,310.4,59.6,D,0
-18.2802,131.6345,339.4,2,1.4,2014-10-06,0523,Aqua,MODIS,78,6.2,317.9,52,D,0
-18.3438,131.7043,339.9,2,1.4,2014-10-06,0523,Aqua,MODIS,63,6.2,319.2,47.2,D,0
-18.2166,131.7754,336,2,1.4,2014-10-06,0523,Aqua,MODIS,37,6.2,321.9,25.2,D,0
-18.211,131.7863,336.1,2,1.4,2014-10-06,0523,Aqua,MODIS,56,6.2,321.3,27.6,D,0
-18.1081,131.7802,336.8,2,1.4,2014-10-06,0523,Aqua,MODIS,64,6.2,321.7,31.4,D,0
-18.1971,131.6487,333,2,1.4,2014-10-06,0523,Aqua,MODIS,43,6.2,317.8,21.9,D,0
-18.1726,131.6438,342.1,2,1.4,2014-10-06,0523,Aqua,MODIS,83,6.2,317.6,58.2,D,0
-18.157,131.6599,335.7,2,1.4,2014-10-06,0523,Aqua,MODIS,68,6.2,317.5,31.6,D,0
-18.3154,131.4361,345.5,1.9,1.3,2014-10-06,0523,Aqua,MODIS,87,6.2,310.5,92.4,D,0
-18.1604,131.6414,341.3,2,1.4,2014-10-06,0523,Aqua,MODIS,82,6.2,319.6,57.7,D,0
-18.3604,131.4634,340.3,1.9,1.3,2014-10-06,0523,Aqua,MODIS,80,6.2,311.8,73.1,D,0
-18.1677,131.6569,340,2,1.4,2014-10-06,0523,Aqua,MODIS,80,6.2,317.4,47.4,D,0
-18.1709,131.6384,338.8,2,1.4,2014-10-06,0523,Aqua,MODIS,77,6.2,318.1,43.8,D,0
-18.1555,131.6544,335.2,2,1.4,2014-10-06,0523,Aqua,MODIS,64,6.2,318.3,29.5,D,0
-18.3453,131.7097,341,2,1.4,2014-10-06,0523,Aqua,MODIS,65,6.2,320,52,D,0
-18.268,131.632,334.1,2,1.4,2014-10-06,0523,Aqua,MODIS,54,6.2,319.8,28.3,D,0
-18.3573,131.4812,374.3,1.9,1.3,2014-10-06,0523,Aqua,MODIS,100,6.2,313.1,296.7,D,0
-18.276,131.7292,340,2,1.4,2014-10-06,0523,Aqua,MODIS,80,6.2,319.2,46.7,D,0
-18.357,131.5049,332.3,1.9,1.3,2014-10-06,0523,Aqua,MODIS,29,6.2,309.1,36.5,D,0
-18.3102,131.3261,330.3,1.9,1.3,2014-10-06,0523,Aqua,MODIS,34,6.2,315.1,27,D,0
-18.2355,131.4314,339.9,1.9,1.3,2014-10-06,0523,Aqua,MODIS,80,6.2,310.5,69.3,D,0
-18.2386,131.4137,335.1,1.9,1.3,2014-10-06,0523,Aqua,MODIS,70,6.2,310.1,53.7,D,0
-18.2171,131.4646,336.2,1.9,1.3,2014-10-06,0523,Aqua,MODIS,60,6.2,311.2,45.5,D,0
-18.2203,131.4468,366.4,1.9,1.3,2014-10-06,0523,Aqua,MODIS,100,6.2,312.3,222,D,0
-18.2234,131.4291,344.1,1.9,1.3,2014-10-06,0523,Aqua,MODIS,85,6.2,309.5,88.9,D,0
-18.2082,131.4445,349.7,1.9,1.3,2014-10-06,0523,Aqua,MODIS,91,6.2,309.3,112.9,D,0
-18.3602,131.4871,377.5,1.9,1.3,2014-10-06,0523,Aqua,MODIS,100,6.2,312.8,324.9,D,0
-18.3693,131.4836,367.9,1.9,1.3,2014-10-06,0523,Aqua,MODIS,100,6.2,309.5,243.1,D,0
-18.3511,131.517,335.6,1.9,1.4,2014-10-06,0523,Aqua,MODIS,70,6.2,309.7,47.6,D,0
-18.3542,131.4991,339.4,1.9,1.3,2014-10-06,0523,Aqua,MODIS,79,6.2,309.9,64.9,D,0
-18.226,131.4849,330.7,1.9,1.4,2014-10-06,0523,Aqua,MODIS,20,6.2,313,22,D,0
-18.2439,131.5257,330.4,1.9,1.4,2014-10-06,0523,Aqua,MODIS,15,6.2,314.7,18.2,D,0
-18.2727,131.7478,343.5,2,1.4,2014-10-06,0523,Aqua,MODIS,85,6.2,320.1,63.9,D,0
-18.3421,131.4968,363.5,1.9,1.3,2014-10-06,0523,Aqua,MODIS,100,6.2,311.8,196.6,D,0
-18.3269,131.5123,380.3,1.9,1.4,2014-10-06,0523,Aqua,MODIS,100,6.2,314.7,344,D,0
-18.33,131.4944,379.3,1.9,1.3,2014-10-06,0523,Aqua,MODIS,100,6.2,314.7,332.9,D,0
-18.3665,131.7331,353.7,2,1.4,2014-10-06,0523,Aqua,MODIS,95,6.2,320.6,124.3,D,0
-19.1437,133.2326,332.4,2.5,1.5,2014-10-06,0523,Aqua,MODIS,53,6.2,317.8,38.9,D,0
-17.4842,132.7651,331.1,2.5,1.5,2014-10-06,0524,Aqua,MODIS,39,6.2,314.3,38.5,D,0
-17.5949,132.636,332.7,2.4,1.5,2014-10-06,0524,Aqua,MODIS,59,6.2,312,57.3,D,0
-17.7982,131.3713,336.8,1.9,1.4,2014-10-06,0524,Aqua,MODIS,74,6.2,318.7,30.2,D,0
-17.8499,132.1222,333.4,2.2,1.4,2014-10-06,0524,Aqua,MODIS,35,6.2,316.7,29.1,D,0
-13.9563,135.6538,321,4.8,2,2014-10-06,0524,Aqua,MODIS,33,6.2,296.5,90.2,D,0
-17.588,132.6291,337,2.4,1.5,2014-10-06,0524,Aqua,MODIS,71,6.2,311.3,73.4,D,0
-17.8345,131.3783,334.6,1.9,1.4,2014-10-06,0524,Aqua,MODIS,50,6.2,317.2,24.7,D,0
-18.0216,131.8149,368.2,2,1.4,2014-10-06,0524,Aqua,MODIS,100,6.2,320.4,241.1,D,0
-18.0183,131.8339,337.4,2.1,1.4,2014-10-06,0524,Aqua,MODIS,65,6.2,317.6,43.7,D,0
-17.8535,132.1019,342.4,2.2,1.4,2014-10-06,0524,Aqua,MODIS,84,6.2,318.4,72.8,D,0
-17.4711,130.7298,337.4,1.7,1.3,2014-10-06,0524,Aqua,MODIS,75,6.2,321.1,29.6,D,0
-17.584,132.6514,333.2,2.4,1.5,2014-10-06,0524,Aqua,MODIS,49,6.2,314,53.4,D,0
-17.5231,132.7565,329.3,2.5,1.5,2014-10-06,0524,Aqua,MODIS,27,6.2,313.7,28.8,D,0
-16.9158,123.0327,382.2,1.1,1.1,2014-10-06,0524,Aqua,MODIS,100,6.2,314.5,167.6,D,0
-16.8112,122.9515,343.9,1.1,1.1,2014-10-06,0524,Aqua,MODIS,87,6.2,314,34,D,0
-16.8016,122.9501,331.5,1.1,1.1,2014-10-06,0524,Aqua,MODIS,36,6.2,311.2,13.6,D,0
-17.6899,130.4559,345.1,1.7,1.3,2014-10-06,0524,Aqua,MODIS,80,6.2,322,48.5,D,0
-16.9116,123.0642,413.5,1.1,1.1,2014-10-06,0524,Aqua,MODIS,100,6.2,317.8,385.7,D,0
-16.0713,127.9343,341,1.2,1.1,2014-10-06,0524,Aqua,MODIS,82,6.2,315.8,30.6,D,0
-16.0731,127.9231,340.7,1.2,1.1,2014-10-06,0524,Aqua,MODIS,60,6.2,314.2,31.9,D,0
-16.0534,127.9201,341.6,1.2,1.1,2014-10-06,0524,Aqua,MODIS,73,6.2,311.3,30.8,D,0
-16.0598,127.9439,336.9,1.2,1.1,2014-10-06,0524,Aqua,MODIS,75,6.2,315.5,21.9,D,0
-16.0615,127.9327,343,1.2,1.1,2014-10-06,0524,Aqua,MODIS,85,6.2,314.4,34.5,D,0
-16.0418,127.9297,341.5,1.2,1.1,2014-10-06,0524,Aqua,MODIS,83,6.2,313,30,D,0
-16.0436,127.9184,364,1.2,1.1,2014-10-06,0524,Aqua,MODIS,100,6.2,316.2,99.5,D,0
-16.9239,123.0446,349.5,1.1,1.1,2014-10-06,0524,Aqua,MODIS,91,6.2,312.2,49,D,0
-16.9225,123.0551,349.3,1.1,1.1,2014-10-06,0524,Aqua,MODIS,91,6.2,307.9,49,D,0
-16.8433,123.038,356.3,1.1,1.1,2014-10-06,0524,Aqua,MODIS,97,6.2,306.6,73.1,D,0
-16.8528,123.0394,410.8,1.1,1.1,2014-10-06,0524,Aqua,MODIS,100,6.2,310.3,365.7,D,0
-16.8175,124.1129,336.3,1,1,2014-10-06,0524,Aqua,MODIS,29,6.2,317.8,13.1,D,0
-16.8623,123.0408,335.6,1.1,1.1,2014-10-06,0524,Aqua,MODIS,59,6.2,302.1,22.3,D,0
-16.857,123.0078,330.7,1.1,1.1,2014-10-06,0524,Aqua,MODIS,34,6.2,309.4,9.3,D,0
-16.8447,123.0275,334.4,1.1,1.1,2014-10-06,0524,Aqua,MODIS,63,6.2,305.9,20.7,D,0
-16.8271,123.0142,337,1.1,1.1,2014-10-06,0524,Aqua,MODIS,76,6.2,308.9,25.1,D,0
-16.9103,123.0747,374.1,1.1,1.1,2014-10-06,0524,Aqua,MODIS,100,6.2,311.4,133.1,D,0
-16.0338,127.9165,340.2,1.2,1.1,2014-10-06,0524,Aqua,MODIS,73,6.2,316.6,29.1,D,0
-16.9207,127.2054,369.6,1.1,1,2014-10-06,0524,Aqua,MODIS,100,6.2,307.8,116.4,D,0
-16.9172,123.0221,340.2,1.1,1.1,2014-10-06,0524,Aqua,MODIS,78,6.2,310,24.2,D,0
-16.8097,122.9621,363.6,1.1,1.1,2014-10-06,0524,Aqua,MODIS,100,6.2,312.4,90.3,D,0
-16.8637,123.0303,338.5,1.1,1.1,2014-10-06,0524,Aqua,MODIS,74,6.2,305.1,24.3,D,0
-16.8651,123.0197,339.4,1.1,1.1,2014-10-06,0524,Aqua,MODIS,80,6.2,308.5,23.4,D,0
-16.8542,123.0289,380.3,1.1,1.1,2014-10-06,0524,Aqua,MODIS,100,6.2,311.4,161.8,D,0
-16.8556,123.0184,351,1.1,1.1,2014-10-06,0524,Aqua,MODIS,93,6.2,308.5,51.7,D,0
-16.9144,123.0432,364.5,1.1,1.1,2014-10-06,0524,Aqua,MODIS,100,6.2,313.2,92.7,D,0
-16.913,123.0537,367.7,1.1,1.1,2014-10-06,0524,Aqua,MODIS,100,6.2,311.2,105.2,D,0
-17.3703,132.737,346.6,2.5,1.5,2014-10-06,0524,Aqua,MODIS,89,6.2,320,114.2,D,0
-17.3568,132.7343,339.1,2.5,1.5,2014-10-06,0524,Aqua,MODIS,78,6.2,320.1,67,D,0
-17.0606,132.6069,348.8,2.4,1.5,2014-10-06,0524,Aqua,MODIS,91,6.2,314.6,135,D,0
-17.0648,132.5843,337.7,2.4,1.5,2014-10-06,0524,Aqua,MODIS,74,6.2,315.5,57.9,D,0
-17.0679,132.6031,332,2.4,1.5,2014-10-06,0524,Aqua,MODIS,55,6.2,314.8,31.5,D,0
-17.0544,132.6004,350.1,2.4,1.5,2014-10-06,0524,Aqua,MODIS,93,6.2,314.5,147.2,D,0
-17.3776,132.6207,336,2.4,1.5,2014-10-06,0524,Aqua,MODIS,74,6.2,317.9,35.3,D,0
-18.0891,130.8251,338.9,1.7,1.3,2014-10-06,0524,Aqua,MODIS,67,6.2,321.8,33.3,D,0
-17.4687,130.4659,361.6,1.7,1.3,2014-10-06,0524,Aqua,MODIS,100,6.2,316.8,142.6,D,0
-18.0919,130.8089,350.4,1.7,1.3,2014-10-06,0524,Aqua,MODIS,92,6.2,324.1,78.4,D,0
-18.0804,130.8067,344.3,1.7,1.3,2014-10-06,0524,Aqua,MODIS,84,6.2,322.3,53.4,D,0
-17.031,124.5637,353.2,1,1,2014-10-06,0524,Aqua,MODIS,95,6.2,321.7,44.8,D,0
-16.9663,127.3248,345,1.1,1,2014-10-06,0524,Aqua,MODIS,81,6.2,312.6,37.5,D,0
-17.4467,130.4722,331.9,1.7,1.3,2014-10-06,0524,Aqua,MODIS,56,6.2,313.3,27.1,D,0
-16.8818,127.084,341.8,1.1,1,2014-10-06,0524,Aqua,MODIS,83,6.2,309.2,36.5,D,0
-17.0306,124.2325,350.1,1,1,2014-10-06,0524,Aqua,MODIS,91,6.2,326.1,35,D,0
-16.9436,124.1933,341.3,1,1,2014-10-06,0524,Aqua,MODIS,62,6.2,320.6,20,D,0
-17.0138,124.2235,345.1,1,1,2014-10-06,0524,Aqua,MODIS,87,6.2,318.8,31.1,D,0
-17.0125,124.2332,348.5,1,1,2014-10-06,0524,Aqua,MODIS,91,6.2,319.3,37.8,D,0
-17.0228,124.2215,360.9,1,1,2014-10-06,0524,Aqua,MODIS,100,6.2,320.5,66.4,D,0
-17.0215,124.2312,355.1,1,1,2014-10-06,0524,Aqua,MODIS,96,6.2,323.8,49.3,D,0
-17.0202,124.2408,356.5,1,1,2014-10-06,0524,Aqua,MODIS,97,6.2,321.5,50.9,D,0
-16.8586,127.0126,348.6,1.1,1,2014-10-06,0524,Aqua,MODIS,91,6.2,305.6,49.4,D,0
-17.6683,130.3096,364.5,1.6,1.3,2014-10-06,0524,Aqua,MODIS,100,6.2,318.5,151.1,D,0
-17.0293,124.2422,347,1,1,2014-10-06,0524,Aqua,MODIS,88,6.2,322.7,26.2,D,0
-17.0541,124.1968,347.3,1,1,2014-10-06,0524,Aqua,MODIS,89,6.2,319.6,31.7,D,0
-17.0528,124.2064,373.2,1,1,2014-10-06,0524,Aqua,MODIS,100,6.2,322.8,103.6,D,0
-17.0632,124.1982,379.2,1,1,2014-10-06,0524,Aqua,MODIS,100,6.2,323.7,128.8,D,0
-17.6545,130.3227,343.8,1.6,1.3,2014-10-06,0524,Aqua,MODIS,54,6.2,320.2,45,D,0
-17.6566,130.3174,347.8,1.6,1.3,2014-10-06,0524,Aqua,MODIS,86,6.2,319.4,63.3,D,0
-17.6378,130.361,340.6,1.6,1.3,2014-10-06,0524,Aqua,MODIS,74,6.2,324.5,29.4,D,0
-17.0619,124.2078,389.7,1,1,2014-10-06,0524,Aqua,MODIS,100,6.2,327.6,176.8,D,0
-17.4441,130.4877,348.5,1.7,1.3,2014-10-06,0524,Aqua,MODIS,90,6.2,318.3,83.7,D,0
-17.4415,130.5033,345.9,1.7,1.3,2014-10-06,0524,Aqua,MODIS,88,6.2,319.5,68.8,D,0
-17.4405,130.4927,339.6,1.7,1.3,2014-10-06,0524,Aqua,MODIS,59,6.2,317.3,42.4,D,0
-17.4546,130.4794,351.9,1.7,1.3,2014-10-06,0524,Aqua,MODIS,93,6.2,317.5,92.6,D,0
-17.4519,130.4949,351.2,1.7,1.3,2014-10-06,0524,Aqua,MODIS,93,6.2,321.2,85.6,D,0
-17.4492,130.5105,342.1,1.7,1.3,2014-10-06,0524,Aqua,MODIS,73,6.2,320.5,46.5,D,0
-17.4606,130.5127,336,1.7,1.3,2014-10-06,0524,Aqua,MODIS,46,6.2,321.5,23.7,D,0
-17.4579,130.5285,338,1.7,1.3,2014-10-06,0524,Aqua,MODIS,65,6.2,319.5,31.7,D,0
-17.0724,124.1995,336.1,1,1,2014-10-06,0524,Aqua,MODIS,63,6.2,319.3,11.3,D,0
-17.6454,130.3153,340.9,1.6,1.3,2014-10-06,0524,Aqua,MODIS,48,6.2,318.8,40.5,D,0
-17.6153,130.3568,354,1.6,1.3,2014-10-06,0524,Aqua,MODIS,95,6.2,321.3,89.9,D,0
-17.6178,130.3416,359.4,1.6,1.3,2014-10-06,0524,Aqua,MODIS,99,6.2,320.9,119,D,0
-17.6204,130.3263,350,1.6,1.3,2014-10-06,0524,Aqua,MODIS,87,6.2,318.3,75.2,D,0
-17.6066,130.3395,341.7,1.6,1.3,2014-10-06,0524,Aqua,MODIS,80,6.2,317.6,46.9,D,0
-17.6092,130.3242,336.7,1.6,1.3,2014-10-06,0524,Aqua,MODIS,70,6.2,316,33.1,D,0
-17.4432,130.4773,340.1,1.7,1.3,2014-10-06,0524,Aqua,MODIS,68,6.2,313.5,48.1,D,0
-17.46,130.4482,362,1.7,1.3,2014-10-06,0524,Aqua,MODIS,100,6.2,315.8,151.2,D,0
-17.4573,130.4638,380.4,1.7,1.3,2014-10-06,0524,Aqua,MODIS,100,6.2,318.5,285.2,D,0
-17.4713,130.4503,352.2,1.7,1.3,2014-10-06,0524,Aqua,MODIS,94,6.2,315.5,94.2,D,0
-17.071,124.2092,346.1,1,1,2014-10-06,0524,Aqua,MODIS,88,6.2,321.2,28.4,D,0
-17.6571,130.3075,351.2,1.6,1.3,2014-10-06,0524,Aqua,MODIS,86,6.2,317.1,81.2,D,0
-17.7084,130.4825,336.7,1.7,1.3,2014-10-06,0524,Aqua,MODIS,30,6.2,320,25.2,D,0
-17.7131,130.3182,336.2,1.6,1.3,2014-10-06,0524,Aqua,MODIS,46,6.2,317.3,29.6,D,0
-17.7111,130.4669,337.7,1.7,1.3,2014-10-06,0524,Aqua,MODIS,37,6.2,321.8,29.5,D,0
-17.7099,130.4759,339.6,1.7,1.3,2014-10-06,0524,Aqua,MODIS,59,6.2,320.4,34.2,D,0
-17.7106,130.3331,337.8,1.6,1.3,2014-10-06,0524,Aqua,MODIS,54,6.2,319.8,33.4,D,0
-17.6459,130.3054,341.8,1.6,1.3,2014-10-06,0524,Aqua,MODIS,67,6.2,316.3,45.9,D,0
-14.091,135.6996,321,4.8,2,2014-10-06,0524,Aqua,MODIS,36,6.2,296.2,98.7,D,0
-11.6537,130.6921,367.5,2.2,1.4,2014-10-06,0525,Aqua,MODIS,94,6.2,300,317.7,D,0
-11.6407,130.69,339.7,2.2,1.4,2014-10-06,0525,Aqua,MODIS,78,6.2,289.9,108,D,0
-12.4888,132.9469,321.7,3.2,1.7,2014-10-06,0525,Aqua,MODIS,58,6.2,293.5,53.6,D,0
-11.6441,130.6699,328.9,2.2,1.4,2014-10-06,0525,Aqua,MODIS,82,6.2,296.2,56.4,D,0
-11.6571,130.6719,353.2,2.2,1.4,2014-10-06,0525,Aqua,MODIS,97,6.2,303.4,190.1,D,0
-13.8984,132.597,339.9,2.8,1.6,2014-10-06,0525,Aqua,MODIS,75,6.2,303,127.9,D,0
-13.9031,132.571,334.3,2.8,1.6,2014-10-06,0525,Aqua,MODIS,53,6.2,302.6,89.8,D,0
-12.2825,132.9875,326.2,3.3,1.7,2014-10-06,0525,Aqua,MODIS,69,6.2,298.3,72.3,D,0
-13.4302,131.9628,338.5,2.6,1.5,2014-10-06,0525,Aqua,MODIS,77,6.2,305.9,98.7,D,0
-13.8649,132.5367,336.1,2.8,1.6,2014-10-06,0525,Aqua,MODIS,62,6.2,287,116.7,D,0
-13.8695,132.5112,334.5,2.8,1.6,2014-10-06,0525,Aqua,MODIS,70,6.2,301.1,108.4,D,0
-13.8506,132.534,328.7,2.8,1.6,2014-10-06,0525,Aqua,MODIS,50,6.2,296.8,74.6,D,0
-13.8663,132.5031,340.1,2.8,1.6,2014-10-06,0525,Aqua,MODIS,65,6.2,298,144.7,D,0
-13.8761,132.5314,325.2,2.8,1.6,2014-10-06,0525,Aqua,MODIS,0,6.2,287.7,51.2,D,0
-13.5379,130.3528,350.4,1.9,1.4,2014-10-06,0525,Aqua,MODIS,94,6.2,302.1,126.5,D,0
-13.547,130.3727,350.3,1.9,1.4,2014-10-06,0525,Aqua,MODIS,94,6.2,301.1,128.5,D,0
-13.5319,130.3884,326.5,2,1.4,2014-10-06,0525,Aqua,MODIS,43,6.2,294.8,29,D,0
-13.5582,130.1588,334,1.9,1.3,2014-10-06,0525,Aqua,MODIS,75,6.2,300.7,51.5,D,0
-13.5556,130.2472,327.3,1.9,1.3,2014-10-06,0525,Aqua,MODIS,57,6.2,302.8,25.3,D,0
-13.5349,130.3706,368.7,1.9,1.4,2014-10-06,0525,Aqua,MODIS,100,6.2,301,258.3,D,0
-13.573,130.1438,325.7,1.9,1.3,2014-10-06,0525,Aqua,MODIS,37,6.2,303.2,26.3,D,0
-31.8693,151.8859,300.2,1.7,1.3,2014-10-06,1306,Terra,MODIS,6,6.2,283.5,10,N,0
-21.1141,147.7961,301.7,1.5,1.2,2014-10-06,1309,Terra,MODIS,43,6.2,288.9,9.5,N,0
-22.853,148.9496,301.7,1.7,1.3,2014-10-06,1309,Terra,MODIS,19,6.2,289.2,10.5,N,0
-22.7843,149.0022,308,1.7,1.3,2014-10-06,1309,Terra,MODIS,44,6.2,289.1,16.4,N,0
-22.8297,149.0811,301.2,1.7,1.3,2014-10-06,1309,Terra,MODIS,39,6.2,288.8,11.5,N,0
-22.8092,149.1289,306.6,1.7,1.3,2014-10-06,1309,Terra,MODIS,69,6.2,289,18.8,N,0
-20.5718,140.681,327.2,1.1,1.1,2014-10-06,1310,Terra,MODIS,100,6.2,296.3,29.7,N,0
-20.5704,140.6919,331.5,1.1,1.1,2014-10-06,1310,Terra,MODIS,100,6.2,296.1,36,N,0
-20.7322,139.4739,327.4,1.3,1.1,2014-10-06,1310,Terra,MODIS,100,6.2,297.1,36.1,N,2
-15.1446,145.0172,303.3,1.3,1.1,2014-10-06,1311,Terra,MODIS,52,6.2,291.9,6.4,N,0
-15.388,145.1618,307.8,1.3,1.1,2014-10-06,1311,Terra,MODIS,73,6.2,292.9,10.2,N,0
-15.1752,145.016,319.6,1.3,1.1,2014-10-06,1311,Terra,MODIS,99,6.2,292.4,22.8,N,0
-15.3502,143.7009,384.3,1.1,1,2014-10-06,1311,Terra,MODIS,100,6.2,300.3,191.6,N,0
-15.3517,143.6909,351.1,1.1,1,2014-10-06,1311,Terra,MODIS,100,6.2,296.2,70.4,N,0
-15.3533,143.6808,317.1,1.1,1,2014-10-06,1311,Terra,MODIS,62,6.2,293.6,13.8,N,0
-15.2213,145.1757,321.7,1.3,1.1,2014-10-06,1311,Terra,MODIS,100,6.2,292.3,27.5,N,0
-14.4785,144.4922,305.3,1.2,1.1,2014-10-06,1311,Terra,MODIS,64,6.2,291.6,7.1,N,0
-15.1867,145.1389,303.9,1.3,1.1,2014-10-06,1311,Terra,MODIS,48,6.2,292,6.9,N,0
-15.1433,145.0228,302.6,1.3,1.1,2014-10-06,1311,Terra,MODIS,11,6.2,291.8,5.3,N,0
-15.3579,143.6507,316.9,1.1,1,2014-10-06,1311,Terra,MODIS,75,6.2,293,14.1,N,0
-15.3898,145.15,306.4,1.3,1.1,2014-10-06,1311,Terra,MODIS,68,6.2,292.5,9,N,0
-15.4011,143.617,305.1,1.1,1,2014-10-06,1311,Terra,MODIS,37,6.2,292.7,5.5,N,0
-15.3626,143.6824,317.9,1.1,1,2014-10-06,1311,Terra,MODIS,82,6.2,293.8,15.3,N,0
-15.3548,143.6708,320.3,1.1,1,2014-10-06,1311,Terra,MODIS,89,6.2,293.9,17.1,N,0
-15.4427,143.5933,310.3,1.1,1,2014-10-06,1311,Terra,MODIS,80,6.2,293.3,9.7,N,0
-15.3452,143.6942,349.6,1.1,1,2014-10-06,1311,Terra,MODIS,100,6.2,295.6,68.6,N,0
-15.378,145.1598,311,1.3,1.1,2014-10-06,1311,Terra,MODIS,81,6.2,292.5,12.9,N,0
-15.3641,143.6723,323.6,1.1,1,2014-10-06,1311,Terra,MODIS,100,6.2,294.4,21.5,N,0
-15.3497,143.664,303.3,1.1,1,2014-10-06,1311,Terra,MODIS,54,6.2,292.7,4.9,N,0
-15.3611,143.6924,306.5,1.1,1,2014-10-06,1311,Terra,MODIS,20,6.2,292.9,6.2,N,0
-15.375,143.6638,310.5,1.1,1,2014-10-06,1311,Terra,MODIS,80,6.2,292.6,9.9,N,0
-15.2516,145.181,302.1,1.3,1.1,2014-10-06,1311,Terra,MODIS,47,6.2,291.8,6.1,N,0
-15.2491,143.5292,321.6,1.1,1,2014-10-06,1311,Terra,MODIS,100,6.2,293.6,20,N,0
-15.3595,143.7025,328.6,1.1,1,2014-10-06,1311,Terra,MODIS,100,6.2,295,29.6,N,0
-15.3594,143.6407,310.3,1.1,1,2014-10-06,1311,Terra,MODIS,45,6.2,292.8,8.5,N,0
-15.3734,143.6738,324.8,1.1,1,2014-10-06,1311,Terra,MODIS,100,6.2,293.8,23.9,N,0
-15.2584,143.5307,307.7,1.1,1,2014-10-06,1311,Terra,MODIS,72,6.2,293.7,7.8,N,0
-15.3467,143.6841,314.3,1.1,1,2014-10-06,1311,Terra,MODIS,89,6.2,293.1,13.4,N,0
-15.3563,143.6607,319.8,1.1,1,2014-10-06,1311,Terra,MODIS,99,6.2,293.4,17,N,0
-15.3437,143.7042,328.5,1.1,1,2014-10-06,1311,Terra,MODIS,100,6.2,293.7,30,N,0
-15.0005,144.8906,301.9,1.2,1.1,2014-10-06,1311,Terra,MODIS,41,6.2,291.7,5.1,N,0
-14.2327,143.4907,304.2,1.1,1,2014-10-06,1311,Terra,MODIS,57,6.2,291.6,5.8,N,0
-15.177,145.0044,325.4,1.3,1.1,2014-10-06,1311,Terra,MODIS,100,6.2,292.6,31.4,N,0
-15.1848,145.1508,311.7,1.3,1.1,2014-10-06,1311,Terra,MODIS,83,6.2,292.5,14.5,N,0
-15.4271,145.0422,319.5,1.3,1.1,2014-10-06,1311,Terra,MODIS,99,6.2,292.7,22.1,N,0
-14.242,143.4922,302.2,1.1,1,2014-10-06,1311,Terra,MODIS,30,6.2,291.7,4.5,N,0
-17.0284,145.4049,311.5,1.3,1.1,2014-10-06,1311,Terra,MODIS,83,6.2,287.4,17,N,0
-15.3487,143.711,337.1,1.1,1,2014-10-06,1311,Terra,MODIS,100,6.2,294.8,42.5,N,0
-17.0303,145.3933,301.3,1.2,1.1,2014-10-06,1311,Terra,MODIS,40,6.2,287.8,7.9,N,0
-17.2415,145.6109,303.5,1.3,1.1,2014-10-06,1311,Terra,MODIS,55,6.2,286,10.8,N,0
-15.5102,145.0985,309.4,1.3,1.1,2014-10-06,1311,Terra,MODIS,68,6.2,292.8,10.7,N,0
-17.2434,145.5991,313.2,1.3,1.1,2014-10-06,1311,Terra,MODIS,87,6.2,286.5,20,N,0
-14.9905,144.8889,304,1.2,1.1,2014-10-06,1311,Terra,MODIS,58,6.2,291.6,6.6,N,0
-16.9309,145.8266,302.5,1.3,1.1,2014-10-06,1311,Terra,MODIS,35,6.2,290.2,7.3,N,0
-16.9326,145.8156,301.1,1.3,1.1,2014-10-06,1311,Terra,MODIS,0,6.2,290.7,5.7,N,0
-18.2503,131.3739,336.7,4.8,2,2014-10-06,1311,Terra,MODIS,100,6.2,295.6,360.1,N,0
-18.2466,131.4191,321.5,4.7,2,2014-10-06,1311,Terra,MODIS,100,6.2,294.3,177.3,N,0
-18.2306,131.4133,351.3,4.7,2,2014-10-06,1311,Terra,MODIS,100,6.2,296.4,610.3,N,0
-18.2126,131.4116,347.5,4.7,2,2014-10-06,1311,Terra,MODIS,100,6.2,296.5,534.1,N,0
-18.2323,131.406,355.5,4.7,2,2014-10-06,1311,Terra,MODIS,100,6.2,297.8,701.4,N,0
-18.2143,131.4044,351.3,4.7,2,2014-10-06,1311,Terra,MODIS,100,6.2,297,609.2,N,0
-18.3467,131.5181,304.6,4.7,2,2014-10-06,1311,Terra,MODIS,61,6.2,292.2,60.2,N,0
-18.3456,131.5251,304.9,4.7,2,2014-10-06,1311,Terra,MODIS,62,6.2,292.2,60.4,N,0
-14.4801,144.4818,305.9,1.2,1.1,2014-10-06,1311,Terra,MODIS,66,6.2,292.5,7.7,N,0
-18.2486,131.415,326.1,4.7,2,2014-10-06,1311,Terra,MODIS,100,6.2,294.5,225.5,N,0
-18.2666,131.4167,335.2,4.7,2,2014-10-06,1311,Terra,MODIS,100,6.2,294.8,339.2,N,0
-18.2684,131.3756,357.3,4.8,2,2014-10-06,1311,Terra,MODIS,100,6.2,296.7,756.2,N,0
-18.1963,131.4028,307.2,4.7,2,2014-10-06,1311,Terra,MODIS,71,6.2,293.8,68,N,0
-18.2646,131.4209,326.7,4.7,2,2014-10-06,1311,Terra,MODIS,100,6.2,294.1,232.4,N,0
-18.2707,131.3715,345.2,4.8,2,2014-10-06,1311,Terra,MODIS,100,6.2,295.8,503,N,0
-18.2526,131.3698,332.7,4.8,2,2014-10-06,1311,Terra,MODIS,100,6.2,294.9,307,N,0
-18.2346,131.3681,354.2,4.8,2,2014-10-06,1311,Terra,MODIS,100,6.2,296.5,678.6,N,0
-18.2165,131.3664,324,4.8,2,2014-10-06,1311,Terra,MODIS,100,6.2,293.7,199.9,N,0
-18.2365,131.3609,337.2,4.8,2,2014-10-06,1311,Terra,MODIS,100,6.2,295.4,361,N,0
-18.2185,131.3593,320.1,4.8,2,2014-10-06,1311,Terra,MODIS,100,6.2,293.4,159.6,N,0
-14.0755,134.0404,308.2,2.6,1.6,2014-10-06,1312,Terra,MODIS,42,6.2,296,23.1,N,0
-12.6385,142.639,323.8,1,1,2014-10-06,1312,Terra,MODIS,100,6.2,292.4,22.7,N,0
-12.3226,132.971,305.3,3,1.7,2014-10-06,1312,Terra,MODIS,64,6.2,292.5,28.2,N,0
-14.1117,134.1487,314.6,2.6,1.5,2014-10-06,1312,Terra,MODIS,89,6.2,297.7,38.9,N,0
-13.4426,131.9219,306.5,3.8,1.8,2014-10-06,1312,Terra,MODIS,67,6.2,293.1,32.1,N,0
-14.1204,134.1433,311.5,2.6,1.5,2014-10-06,1312,Terra,MODIS,82,6.2,297.7,30.4,N,0
-14.0787,134.1381,311.7,2.6,1.5,2014-10-06,1312,Terra,MODIS,82,6.2,295.7,32.7,N,0
-13.4359,131.9147,304.5,3.8,1.8,2014-10-06,1312,Terra,MODIS,58,6.2,293.1,24.8,N,0
-12.4214,142.7998,304.7,1.1,1,2014-10-06,1312,Terra,MODIS,29,6.2,290.9,6.2,N,0
-12.4229,142.7901,302,1.1,1,2014-10-06,1312,Terra,MODIS,21,6.2,290.5,4.7,N,0
-12.4093,142.8178,304.1,1.1,1,2014-10-06,1312,Terra,MODIS,20,6.2,290.8,5.6,N,0
-12.3674,142.7814,310.3,1.1,1,2014-10-06,1312,Terra,MODIS,25,6.2,291.2,9,N,0
-14.0814,134.1141,308.8,2.6,1.6,2014-10-06,1312,Terra,MODIS,42,6.2,296.1,23.1,N,0
-14.0923,134.0174,310,2.7,1.6,2014-10-06,1312,Terra,MODIS,30,6.2,296.4,26.3,N,0
-12.3905,142.6271,306.8,1.1,1,2014-10-06,1312,Terra,MODIS,54,6.2,291.4,6.5,N,0
-12.3749,142.6188,306.4,1.1,1,2014-10-06,1312,Terra,MODIS,68,6.2,291.4,7.5,N,0
-14.068,134.0585,312.4,2.6,1.6,2014-10-06,1312,Terra,MODIS,29,6.2,296.1,34.2,N,0
-14.0651,134.0825,321.1,2.6,1.6,2014-10-06,1312,Terra,MODIS,100,6.2,296.5,66.3,N,0
-12.6371,142.6486,333.3,1,1,2014-10-06,1312,Terra,MODIS,100,6.2,292.7,35.4,N,0
-14.0728,134.0644,312.1,2.6,1.6,2014-10-06,1312,Terra,MODIS,40,6.2,296.6,32.9,N,0
-14.0701,134.0885,323.1,2.6,1.6,2014-10-06,1312,Terra,MODIS,100,6.2,296.9,73.5,N,0
-14.0841,134.0901,317.3,2.6,1.6,2014-10-06,1312,Terra,MODIS,95,6.2,296.6,49.5,N,0
-12.3078,132.9693,306.8,3,1.7,2014-10-06,1312,Terra,MODIS,69,6.2,292.2,32.8,N,0
-13.0475,143.0516,303.6,1.1,1,2014-10-06,1312,Terra,MODIS,13,6.2,291.6,5,N,0
-13.0489,143.042,305.2,1.1,1,2014-10-06,1312,Terra,MODIS,37,6.2,291.6,6.1,N,0
-12.4537,142.326,307.3,1,1,2014-10-06,1312,Terra,MODIS,71,6.2,291.9,7.2,N,0
-13.9337,132.608,303.8,3.4,1.7,2014-10-06,1312,Terra,MODIS,57,6.2,292.7,24.1,N,0
-13.944,132.6158,308.9,3.4,1.7,2014-10-06,1312,Terra,MODIS,76,6.2,293.5,43.6,N,0
-12.475,141.8662,308.6,1,1,2014-10-06,1312,Terra,MODIS,75,6.2,292.1,7.8,N,0
-13.3949,142.0562,307.2,1,1,2014-10-06,1312,Terra,MODIS,71,6.2,292.4,6.2,N,0
-13.4879,134.1748,307.9,2.5,1.5,2014-10-06,1312,Terra,MODIS,73,6.2,295.9,23,N,0
-13.4817,134.1689,307.6,2.5,1.5,2014-10-06,1312,Terra,MODIS,71,6.2,295.9,22.5,N,0
-11.0272,142.3955,307.4,1.1,1,2014-10-06,1312,Terra,MODIS,54,6.2,292.1,8.3,N,0
-12.6533,142.6021,305.6,1,1,2014-10-06,1312,Terra,MODIS,65,6.2,291.9,6.6,N,0
-12.66,142.6095,307.8,1,1,2014-10-06,1312,Terra,MODIS,18,6.2,292.8,6.9,N,0
-13.372,141.9617,302.1,1,1,2014-10-06,1312,Terra,MODIS,47,6.2,291.8,3.9,N,0
-12.6519,142.6117,311.1,1,1,2014-10-06,1312,Terra,MODIS,82,6.2,292.4,10.6,N,0
-12.4965,142.6599,304.2,1.1,1,2014-10-06,1312,Terra,MODIS,48,6.2,291,5.4,N,0
-12.136,142.4811,312.2,1,1,2014-10-06,1312,Terra,MODIS,84,6.2,291.6,10.9,N,0
-12.3395,142.7315,316.4,1.1,1,2014-10-06,1312,Terra,MODIS,88,6.2,290.8,14.2,N,0
-12.1452,142.4825,306,1,1,2014-10-06,1312,Terra,MODIS,49,6.2,292.4,6.4,N,0
-12.3403,142.6625,305.7,1.1,1,2014-10-06,1312,Terra,MODIS,17,6.2,291,6.3,N,0
-12.3409,142.7218,316.9,1.1,1,2014-10-06,1312,Terra,MODIS,94,6.2,290.8,14.7,N,0
-14.3909,142.231,308.8,1,1,2014-10-06,1312,Terra,MODIS,67,6.2,292.9,7.9,N,0
-12.1346,142.4907,315.1,1,1,2014-10-06,1312,Terra,MODIS,91,6.2,291.3,13.1,N,0
-12.3597,142.7703,312.8,1.1,1,2014-10-06,1312,Terra,MODIS,59,6.2,291.2,11.2,N,0
-12.3388,142.6721,306.4,1.1,1,2014-10-06,1312,Terra,MODIS,30,6.2,291.2,6.9,N,0
-12.6884,142.1067,307.5,1,1,2014-10-06,1312,Terra,MODIS,72,6.2,291.9,6.9,N,0
-12.3473,142.7426,310.9,1.1,1,2014-10-06,1312,Terra,MODIS,81,6.2,290.5,10.3,N,0
-14.3415,142.255,305.6,1,1,2014-10-06,1312,Terra,MODIS,14,6.2,293.3,5.1,N,0
-12.3537,142.7635,304.4,1.1,1,2014-10-06,1312,Terra,MODIS,59,6.2,290.4,6.3,N,0
-12.3374,142.6818,307,1.1,1,2014-10-06,1312,Terra,MODIS,12,6.2,291.1,7,N,0
-12.3487,142.7329,307.1,1.1,1,2014-10-06,1312,Terra,MODIS,30,6.2,290.3,6.8,N,0
-12.687,142.116,306.4,1,1,2014-10-06,1312,Terra,MODIS,68,6.2,292.2,6.2,N,0
-12.1374,142.4716,307.5,1,1,2014-10-06,1312,Terra,MODIS,72,6.2,292.6,7.8,N,0
-14.3896,142.2403,305.2,1,1,2014-10-06,1312,Terra,MODIS,45,6.2,291.9,5.5,N,0
-14.4013,142.2231,313.7,1,1,2014-10-06,1312,Terra,MODIS,86,6.2,294.4,10.8,N,0
-12.678,142.1146,304.1,1,1,2014-10-06,1312,Terra,MODIS,25,6.2,292.2,4.5,N,0
-12.7549,142.0284,316,1,1,2014-10-06,1312,Terra,MODIS,92,6.2,293,12.4,N,0
-12.1409,142.5112,322.1,1,1,2014-10-06,1312,Terra,MODIS,100,6.2,293.1,20.4,N,0
-12.7703,142.0497,309.5,1,1,2014-10-06,1312,Terra,MODIS,78,6.2,292.5,7.9,N,0
-14.4183,133.8255,306.4,2.8,1.6,2014-10-06,1312,Terra,MODIS,65,6.2,296.1,19.6,N,0
-12.3558,142.6847,310.9,1.1,1,2014-10-06,1312,Terra,MODIS,19,6.2,291,8.7,N,0
-12.3331,142.7107,307.1,1.1,1,2014-10-06,1312,Terra,MODIS,34,6.2,290.5,7.2,N,0
-12.3346,142.701,311.2,1.1,1,2014-10-06,1312,Terra,MODIS,81,6.2,290.2,10.3,N,0
-12.7563,142.0191,304.7,1,1,2014-10-06,1312,Terra,MODIS,48,6.2,292.8,4.6,N,0
-12.3544,142.6943,314.6,1.1,1,2014-10-06,1312,Terra,MODIS,65,6.2,291.1,11.9,N,0
-14.2614,142.2366,305.5,1,1,2014-10-06,1312,Terra,MODIS,65,6.2,293.5,5.3,N,0
-12.4704,142.646,308.2,1.1,1,2014-10-06,1312,Terra,MODIS,71,6.2,290.3,8.4,N,0
-12.469,142.6556,305.4,1.1,1,2014-10-06,1312,Terra,MODIS,35,6.2,290,6.3,N,0
-12.1438,142.4921,316.5,1,1,2014-10-06,1312,Terra,MODIS,93,6.2,293.1,14.6,N,0
-12.1424,142.5016,329.9,1,1,2014-10-06,1312,Terra,MODIS,100,6.2,293.4,29.6,N,0
-30.8619,121.4912,340.2,1,1,2014-10-06,1446,Terra,MODIS,100,6.2,284.5,47.2,N,2
-30.8634,121.4807,308,1,1,2014-10-06,1446,Terra,MODIS,73,6.2,283.4,11.1,N,0
-21.5547,117.7921,313,1,1,2014-10-06,1448,Terra,MODIS,86,6.2,296.4,9.5,N,0
-21.5432,117.8139,313.4,1,1,2014-10-06,1448,Terra,MODIS,79,6.2,296.8,9.6,N,0
-21.5342,117.8124,309.7,1,1,2014-10-06,1448,Terra,MODIS,78,6.2,296.2,7.5,N,0
-21.508,117.8679,309,1,1,2014-10-06,1448,Terra,MODIS,76,6.2,295.3,7.5,N,0
-21.451,117.8787,335.1,1,1,2014-10-06,1448,Terra,MODIS,100,6.2,297.4,34.5,N,0
-21.4434,117.8716,330.3,1,1,2014-10-06,1448,Terra,MODIS,100,6.2,297.5,28.1,N,0
-21.6013,117.5182,310.6,1,1,2014-10-06,1448,Terra,MODIS,80,6.2,292.4,10.1,N,0
-21.5695,117.6845,317.5,1,1,2014-10-06,1448,Terra,MODIS,92,6.2,295.5,13.5,N,0
-21.5622,117.677,305.6,1,1,2014-10-06,1448,Terra,MODIS,65,6.2,295.6,5.9,N,0
-21.5676,117.6376,311.9,1,1,2014-10-06,1448,Terra,MODIS,84,6.2,294.7,9.8,N,0
-21.569,117.6278,308.8,1,1,2014-10-06,1448,Terra,MODIS,74,6.2,293.1,7.6,N,0
-21.5599,117.6263,311.5,1,1,2014-10-06,1448,Terra,MODIS,83,6.2,294,9.4,N,0
-21.6456,117.5354,303.4,1,1,2014-10-06,1448,Terra,MODIS,39,6.2,292.9,5,N,0
-21.6483,117.5156,305.4,1,1,2014-10-06,1448,Terra,MODIS,63,6.2,292.5,6.2,N,0
-21.6469,117.5255,309.6,1,1,2014-10-06,1448,Terra,MODIS,78,6.2,293.5,9.4,N,0
-21.5884,117.4186,303.8,1,1,2014-10-06,1448,Terra,MODIS,57,6.2,293.7,5.3,N,0
-21.4664,117.901,314.8,1,1,2014-10-06,1448,Terra,MODIS,90,6.2,295.8,11.4,N,0
-21.4496,117.8884,332.5,1,1,2014-10-06,1448,Terra,MODIS,100,6.2,296.9,30.8,N,0
-21.4421,117.8814,311.6,1,1,2014-10-06,1448,Terra,MODIS,83,6.2,296.2,9,N,0
-21.6327,117.7647,319.8,1,1,2014-10-06,1448,Terra,MODIS,99,6.2,294.7,17.1,N,0
-21.6236,117.7633,321.1,1,1,2014-10-06,1448,Terra,MODIS,100,6.2,294.6,18.3,N,0
-21.6044,117.7001,313.1,1,1,2014-10-06,1448,Terra,MODIS,60,6.2,293.8,10.5,N,0
-21.6031,117.7099,338.1,1,1,2014-10-06,1448,Terra,MODIS,100,6.2,295.9,39.9,N,0
-21.5849,117.707,307.6,1,1,2014-10-06,1448,Terra,MODIS,8,6.2,294.2,5.7,N,0
-23.6927,124.8582,301,1.8,1.3,2014-10-06,1448,Terra,MODIS,37,6.2,291,9.4,N,0
-22.489,122.5323,309.3,1.3,1.1,2014-10-06,1448,Terra,MODIS,56,6.2,292.8,12.1,N,0
-23.6895,124.8755,301,1.8,1.3,2014-10-06,1448,Terra,MODIS,36,6.2,291,9.4,N,0
-22.4852,122.538,312.6,1.3,1.1,2014-10-06,1448,Terra,MODIS,45,6.2,293.1,14.8,N,0
-22.4869,122.5452,307.1,1.3,1.1,2014-10-06,1448,Terra,MODIS,33,6.2,292.8,9.8,N,0
-23.6625,125.0908,301.5,1.9,1.3,2014-10-06,1448,Terra,MODIS,34,6.2,291.3,9.6,N,0
-22.5219,122.5718,308.9,1.3,1.1,2014-10-06,1448,Terra,MODIS,76,6.2,293.4,12.5,N,0
-22.9163,117.9019,307.4,1,1,2014-10-06,1448,Terra,MODIS,71,6.2,294.4,7.3,N,0
-22.8793,117.9104,301.7,1,1,2014-10-06,1448,Terra,MODIS,44,6.2,291.7,4.2,N,0
-22.8833,117.8806,308.5,1,1,2014-10-06,1448,Terra,MODIS,75,6.2,291.6,8.5,N,0
-21.8921,124.0812,305.5,1.7,1.3,2014-10-06,1448,Terra,MODIS,64,6.2,293.6,12.9,N,0
-22.5197,122.5847,307,1.3,1.1,2014-10-06,1448,Terra,MODIS,70,6.2,293,10.7,N,0
-22.915,117.9119,310.9,1,1,2014-10-06,1448,Terra,MODIS,81,6.2,293.9,9.8,N,0
-16.9153,127.1956,307.1,3.7,1.8,2014-10-06,1449,Terra,MODIS,60,6.2,294.1,35.8,N,0
-16.8195,127.1754,307,3.7,1.8,2014-10-06,1449,Terra,MODIS,15,6.2,293.9,32.2,N,0
-16.812,127.167,305.5,3.7,1.8,2014-10-06,1449,Terra,MODIS,54,6.2,294,28.7,N,0
-16.9088,127.2295,304.7,3.7,1.8,2014-10-06,1449,Terra,MODIS,61,6.2,290.6,25.7,N,0
-20.9162,117.0865,303.8,1,1,2014-10-06,1449,Terra,MODIS,32,6.2,293.8,4.4,N,0
-17.0321,124.5765,310.3,2.3,1.5,2014-10-06,1449,Terra,MODIS,78,6.2,296.4,24.4,N,0
-17.0453,124.579,312.2,2.3,1.5,2014-10-06,1449,Terra,MODIS,83,6.2,297.2,29.2,N,0
-17.0449,124.5624,318.1,2.3,1.5,2014-10-06,1449,Terra,MODIS,96,6.2,296.6,44.4,N,0
-17.0409,124.5837,310.6,2.3,1.5,2014-10-06,1449,Terra,MODIS,60,6.2,296.9,22.9,N,0
-17.0491,124.5577,320.8,2.3,1.5,2014-10-06,1449,Terra,MODIS,100,6.2,296.6,54.6,N,0
-19.5557,126.7884,306.8,3,1.6,2014-10-06,1449,Terra,MODIS,12,6.2,294.6,20.8,N,0
-17.0581,124.5649,306.5,2.3,1.5,2014-10-06,1449,Terra,MODIS,57,6.2,296.3,14.8,N,0
-17.0042,128.0813,306.7,4.2,1.9,2014-10-06,1449,Terra,MODIS,69,6.2,295.5,34.1,N,0
-13.5208,130.3843,301.9,2.6,1.6,2014-10-06,1615,Aqua,MODIS,1,6.2,291.5,15.7,N,0
-13.9337,132.6283,304.3,1.8,1.3,2014-10-06,1615,Aqua,MODIS,58,6.2,293.8,10.3,N,0
-13.5317,130.3902,311.7,2.6,1.6,2014-10-06,1615,Aqua,MODIS,83,6.2,292,42.8,N,0
-13.5851,130.4219,318,2.6,1.6,2014-10-06,1615,Aqua,MODIS,96,6.2,291.9,59.9,N,0
-13.572,130.4568,306.6,2.6,1.6,2014-10-06,1615,Aqua,MODIS,29,6.2,292.1,24.5,N,0
-13.5936,130.4695,321.4,2.6,1.5,2014-10-06,1615,Aqua,MODIS,100,6.2,292.5,70.9,N,0
-13.5894,130.4458,367.9,2.6,1.6,2014-10-06,1615,Aqua,MODIS,100,6.2,294.7,436.6,N,0
-12.1325,142.4872,322.2,1.5,1.2,2014-10-06,1615,Aqua,MODIS,100,6.2,292.2,33.7,N,0
-12.1307,142.4738,312.3,1.5,1.2,2014-10-06,1615,Aqua,MODIS,85,6.2,291.9,18.8,N,0
-12.1199,142.4752,302.3,1.5,1.2,2014-10-06,1615,Aqua,MODIS,34,6.2,291.2,7.4,N,0
-15.3605,143.6981,309.1,2,1.4,2014-10-06,1615,Aqua,MODIS,36,6.2,290.9,23,N,0
-12.1342,142.5007,318.5,1.5,1.2,2014-10-06,1615,Aqua,MODIS,97,6.2,292.1,28.4,N,0
-15.3615,143.6907,320.4,2,1.4,2014-10-06,1615,Aqua,MODIS,100,6.2,291.5,50.8,N,0
-15.3581,143.6792,311.5,2,1.4,2014-10-06,1615,Aqua,MODIS,83,6.2,291.2,27.6,N,0
-12.136,142.5142,305.1,1.5,1.2,2014-10-06,1615,Aqua,MODIS,63,6.2,291,11,N,0
-15.3593,143.6718,305.2,2,1.4,2014-10-06,1615,Aqua,MODIS,62,6.2,290.6,17.3,N,0
-12.1289,142.4603,302.4,1.5,1.2,2014-10-06,1615,Aqua,MODIS,33,6.2,291.2,7.5,N,0
-14.1532,134.0867,306.7,1.4,1.2,2014-10-06,1615,Aqua,MODIS,69,6.2,296,7.9,N,0
-14.0803,134.099,317.8,1.4,1.2,2014-10-06,1615,Aqua,MODIS,40,6.2,295.2,18.3,N,0
-14.0907,134.032,369.4,1.4,1.2,2014-10-06,1615,Aqua,MODIS,100,6.2,300,181.1,N,0
-14.0886,134.0845,317.7,1.4,1.2,2014-10-06,1615,Aqua,MODIS,82,6.2,296.6,19.2,N,0
-14.0865,134.0719,316,1.4,1.2,2014-10-06,1615,Aqua,MODIS,34,6.2,295.9,15.5,N,0
-13.9237,136.4511,303.4,1.1,1,2014-10-06,1615,Aqua,MODIS,55,6.2,293.3,5.5,N,0
-14.0782,134.0863,319.1,1.4,1.2,2014-10-06,1615,Aqua,MODIS,39,6.2,295.7,19.4,N,0
-14.074,134.061,329,1.4,1.2,2014-10-06,1615,Aqua,MODIS,100,6.2,296.3,39.5,N,0
-14.1011,134.0301,372.6,1.4,1.2,2014-10-06,1615,Aqua,MODIS,100,6.2,300.3,199.5,N,0
-14.0991,134.0828,315.6,1.4,1.2,2014-10-06,1615,Aqua,MODIS,81,6.2,296.7,17.2,N,0
-14.0802,134.0338,319.1,1.4,1.2,2014-10-06,1615,Aqua,MODIS,98,6.2,295.6,23.3,N,0
-14.099,134.0173,339.1,1.4,1.2,2014-10-06,1615,Aqua,MODIS,100,6.2,296.9,64.8,N,0
-14.0659,134.0547,321.1,1.4,1.2,2014-10-06,1615,Aqua,MODIS,100,6.2,295,26.7,N,0
-14.0719,134.0483,321.8,1.4,1.2,2014-10-06,1615,Aqua,MODIS,79,6.2,295.5,25.7,N,0
-14.0679,134.0674,335.4,1.4,1.2,2014-10-06,1615,Aqua,MODIS,100,6.2,296.3,54.6,N,0
-14.0824,134.091,325.2,1.4,1.2,2014-10-06,1615,Aqua,MODIS,100,6.2,296.2,30.8,N,0
-14.0763,134.053,324.5,1.4,1.2,2014-10-06,1615,Aqua,MODIS,100,6.2,296.1,31.5,N,0
-14.076,134.1181,306.4,1.4,1.2,2014-10-06,1615,Aqua,MODIS,7,6.2,295,8.4,N,0
-14.0743,134.0402,316.9,1.4,1.2,2014-10-06,1615,Aqua,MODIS,94,6.2,295.4,21.7,N,0
-14.097,134.0701,343,1.4,1.2,2014-10-06,1615,Aqua,MODIS,100,6.2,298.7,72.9,N,0
-14.0823,134.0466,337.4,1.4,1.2,2014-10-06,1615,Aqua,MODIS,100,6.2,297,57.3,N,0
-13.4418,131.9311,304,2,1.4,2014-10-06,1615,Aqua,MODIS,58,6.2,293.9,11,N,0
-14.0928,134.0448,331.4,1.4,1.2,2014-10-06,1615,Aqua,MODIS,100,6.2,297.2,43.9,N,0
-14.0886,134.0191,327,1.4,1.2,2014-10-06,1615,Aqua,MODIS,100,6.2,296.1,37.1,N,0
-15.4308,145.0401,302.5,2.6,1.5,2014-10-06,1615,Aqua,MODIS,11,6.2,290.8,17.3,N,0
-14.4181,133.9112,312.3,1.4,1.2,2014-10-06,1616,Aqua,MODIS,70,6.2,297.8,13.6,N,0
-14.4104,133.9049,334.1,1.4,1.2,2014-10-06,1616,Aqua,MODIS,100,6.2,299,51.3,N,0
-14.4209,133.9031,308.5,1.4,1.2,2014-10-06,1616,Aqua,MODIS,35,6.2,297.7,9.1,N,0
-14.3684,133.9122,307.5,1.4,1.2,2014-10-06,1616,Aqua,MODIS,31,6.2,297.3,7.7,N,0
-14.3705,133.925,309.7,1.4,1.2,2014-10-06,1616,Aqua,MODIS,64,6.2,297.2,10.1,N,0
-15.6173,136.8656,314.5,1,1,2014-10-06,1616,Aqua,MODIS,89,6.2,295.2,11.7,N,0
-14.4283,133.8426,308.6,1.4,1.2,2014-10-06,1616,Aqua,MODIS,73,6.2,297.1,10.7,N,0
-14.416,133.8981,326.1,1.4,1.2,2014-10-06,1616,Aqua,MODIS,100,6.2,298.3,35,N,0
-14.3915,133.9214,320,1.4,1.2,2014-10-06,1616,Aqua,MODIS,85,6.2,298.3,23,N,0
-14.4262,133.8295,310.2,1.4,1.2,2014-10-06,1616,Aqua,MODIS,78,6.2,296.5,12.7,N,0
-20.5683,140.6833,316.4,1.5,1.2,2014-10-06,1617,Aqua,MODIS,93,6.2,292.6,25.6,N,0
-20.57,140.6973,318.6,1.5,1.2,2014-10-06,1617,Aqua,MODIS,97,6.2,293.1,29.2,N,0
-17.4636,130.5439,318.1,2.1,1.4,2014-10-06,1617,Aqua,MODIS,96,6.2,295.2,43.3,N,0
-17.4509,130.5464,307.9,2.1,1.4,2014-10-06,1617,Aqua,MODIS,73,6.2,296.1,20.1,N,0
-17.4673,130.5638,315.5,2.1,1.4,2014-10-06,1617,Aqua,MODIS,91,6.2,296.2,36.1,N,0
-18.363,131.7528,311.5,1.7,1.3,2014-10-06,1617,Aqua,MODIS,83,6.2,294,22.3,N,0
-18.3657,131.7687,303.5,1.7,1.3,2014-10-06,1617,Aqua,MODIS,42,6.2,293.3,10.7,N,0
-18.0287,131.8349,306.9,1.7,1.3,2014-10-06,1617,Aqua,MODIS,61,6.2,295.6,13.5,N,0
-18.2027,131.3675,314.3,1.8,1.3,2014-10-06,1617,Aqua,MODIS,89,6.2,292.7,28.9,N,0
-18.2212,131.3583,303.9,1.8,1.3,2014-10-06,1617,Aqua,MODIS,20,6.2,292.7,11.5,N,0
-18.3516,131.7551,308.3,1.7,1.3,2014-10-06,1617,Aqua,MODIS,74,6.2,293.4,18,N,0
-23.5364,129.6886,304.7,1.9,1.3,2014-10-06,1618,Aqua,MODIS,61,6.2,292.3,14.3,N,0
-23.4561,129.6924,302.2,1.9,1.3,2014-10-06,1618,Aqua,MODIS,47,6.2,292.1,11.2,N,0
-26.4999,141.8632,310.3,2.1,1.4,2014-10-06,1619,Aqua,MODIS,80,6.2,291.6,30.1,N,0
-26.4999,141.8584,308.2,2.1,1.4,2014-10-06,1619,Aqua,MODIS,74,6.2,291.1,26,N,0
-21.4409,117.8781,311.6,2,1.4,2014-10-06,1756,Aqua,MODIS,83,6.2,294,27.1,N,0
-21.5241,117.8038,307,2,1.4,2014-10-06,1756,Aqua,MODIS,70,6.2,292.3,18.4,N,0
-21.5262,117.8233,341.2,2,1.4,2014-10-06,1756,Aqua,MODIS,100,6.2,295,125.1,N,0
-21.5366,117.8024,321.5,2,1.4,2014-10-06,1756,Aqua,MODIS,100,6.2,293.1,49.8,N,0
-21.5387,117.8216,353.6,2,1.4,2014-10-06,1756,Aqua,MODIS,100,6.2,295.6,193.5,N,0
-21.527,117.8163,353.5,2,1.4,2014-10-06,1756,Aqua,MODIS,100,6.2,295.2,193.4,N,0
-21.529,117.8356,319.2,2,1.4,2014-10-06,1756,Aqua,MODIS,98,6.2,293.6,44.7,N,0
-21.5395,117.8146,344.8,2,1.4,2014-10-06,1756,Aqua,MODIS,100,6.2,294.8,144,N,0
-21.5415,117.8339,307,2,1.4,2014-10-06,1756,Aqua,MODIS,70,6.2,293.3,18.7,N,0
-21.5499,117.7935,302.6,2,1.4,2014-10-06,1756,Aqua,MODIS,38,6.2,292.3,11.7,N,0
-20.9086,117.0926,303,1.8,1.3,2014-10-06,1756,Aqua,MODIS,40,6.2,290.8,12.9,N,0
-20.9167,117.1013,307.1,1.8,1.3,2014-10-06,1756,Aqua,MODIS,70,6.2,292.1,18.8,N,0
-21.5581,117.6361,303.2,2,1.4,2014-10-06,1756,Aqua,MODIS,50,6.2,291.2,14.6,N,0
-21.6058,116.5469,301.3,1.6,1.3,2014-10-06,1756,Aqua,MODIS,39,6.2,290.1,11,N,0
-21.4284,117.8801,307,2,1.4,2014-10-06,1756,Aqua,MODIS,70,6.2,293.6,19,N,0
-21.4431,117.8978,304.9,2,1.4,2014-10-06,1756,Aqua,MODIS,24,6.2,293.2,14.4,N,0
-22.4824,122.5226,300.1,4.6,2,2014-10-06,1756,Aqua,MODIS,19,6.2,289.9,39.5,N,0
-22.4841,122.5304,304.5,4.6,2,2014-10-06,1756,Aqua,MODIS,61,6.2,290,62,N,0
-22.4856,122.568,305.9,4.6,2,2014-10-06,1756,Aqua,MODIS,66,6.2,290.6,70,N,0
-22.9104,117.9107,302.7,2.1,1.4,2014-10-06,1756,Aqua,MODIS,51,6.2,291.8,16.6,N,0
-22.4876,122.5757,302.7,4.6,2,2014-10-06,1756,Aqua,MODIS,51,6.2,290.5,52.9,N,0
-15.1779,145.0153,310.5,3.7,1.8,2014-10-07,0003,Terra,MODIS,36,6.2,292.2,31.7,D,0
-15.2558,143.5393,316.2,4.7,2,2014-10-07,0003,Terra,MODIS,52,6.2,300,54.7,D,0
-15.3589,143.6891,317,4.6,2,2014-10-07,0003,Terra,MODIS,26,6.2,297.9,72.6,D,0
-15.382,145.1729,312.7,3.6,1.8,2014-10-07,0003,Terra,MODIS,42,6.2,294.6,42.7,D,0
-15.3764,143.6856,320.4,4.6,2,2014-10-07,0003,Terra,MODIS,69,6.2,297.4,103.3,D,0
-15.375,145.1693,314.1,3.6,1.8,2014-10-07,0003,Terra,MODIS,60,6.2,294,52.9,D,0
-15.257,143.5445,315.3,4.7,2,2014-10-07,0003,Terra,MODIS,31,6.2,299.9,48,D,0
-18.7282,145.9083,319.2,2.7,1.6,2014-10-07,0004,Terra,MODIS,22,6.2,300.2,44.6,D,0
-21.1093,147.7988,325.7,1.7,1.3,2014-10-07,0004,Terra,MODIS,57,6.2,306.1,28,D,0
-21.1162,147.7905,328.5,1.7,1.3,2014-10-07,0004,Terra,MODIS,69,6.2,306.6,35.9,D,0
-21.1047,147.7929,322.8,1.7,1.3,2014-10-07,0004,Terra,MODIS,48,6.2,306.6,22.3,D,0
-24.583,151.043,320.3,1,1,2014-10-07,0005,Terra,MODIS,63,6.2,304.3,9.7,D,0
-25.1477,149.5743,330.8,1.2,1.1,2014-10-07,0005,Terra,MODIS,80,6.2,308.7,19.6,D,0
-25.421,152.3169,321.3,1,1,2014-10-07,0005,Terra,MODIS,47,6.2,305.9,8.7,D,0
-25.871,149.9216,327.3,1.1,1,2014-10-07,0005,Terra,MODIS,72,6.2,309.4,14,D,0
-22.8588,148.9647,323.1,1.4,1.2,2014-10-07,0005,Terra,MODIS,60,6.2,306.2,15.4,D,0
-25.0956,149.0209,325,1.2,1.1,2014-10-07,0005,Terra,MODIS,74,6.2,308.2,15.2,D,0
-25.3745,152.3148,321.6,1,1,2014-10-07,0005,Terra,MODIS,55,6.2,307,8.9,D,0
-24.702,151.9394,322.9,1,1,2014-10-07,0005,Terra,MODIS,71,6.2,303.7,13.5,D,0
-24.7005,151.9296,319.3,1,1,2014-10-07,0005,Terra,MODIS,63,6.2,301.8,9.8,D,0
-24.6915,151.9311,319.6,1,1,2014-10-07,0005,Terra,MODIS,36,6.2,303,9.1,D,0
-22.831,149.0512,323.4,1.3,1.1,2014-10-07,0005,Terra,MODIS,51,6.2,306.1,12.7,D,0
-22.7943,149.0652,332.8,1.3,1.1,2014-10-07,0005,Terra,MODIS,72,6.2,307.1,30.8,D,0
-22.8001,149.0574,327.9,1.3,1.1,2014-10-07,0005,Terra,MODIS,42,6.2,305.5,22.2,D,0
-22.8135,149.1344,323,1.3,1.1,2014-10-07,0005,Terra,MODIS,55,6.2,307.7,12.9,D,0
-25.9368,150.2112,339.1,1.1,1,2014-10-07,0005,Terra,MODIS,86,6.2,308.9,32.5,D,0
-22.9712,149.5109,323.5,1.3,1.1,2014-10-07,0005,Terra,MODIS,58,6.2,308.7,10.6,D,0
-25.0977,149.033,327.7,1.2,1.1,2014-10-07,0005,Terra,MODIS,77,6.2,308.6,20.4,D,0
-23.428,150.3453,322.9,1.1,1.1,2014-10-07,0005,Terra,MODIS,63,6.2,305.1,10.1,D,0
-29.1246,151.9838,319,1,1,2014-10-07,0006,Terra,MODIS,60,6.2,300.5,10.1,D,0
-27.3175,152.9844,318.7,1,1,2014-10-07,0006,Terra,MODIS,51,6.2,303.1,6.2,D,2
-26.501,141.8568,318.3,3.5,1.8,2014-10-07,0006,Terra,MODIS,43,6.2,296.9,40.8,D,0
-26.4942,141.8529,319.7,3.5,1.8,2014-10-07,0006,Terra,MODIS,57,6.2,298.3,49.3,D,0
-31.0494,148.8337,325.8,1.1,1,2014-10-07,0007,Terra,MODIS,54,6.2,309.1,10.5,D,0
-33.8177,150.7992,314.2,1,1,2014-10-07,0007,Terra,MODIS,60,6.2,298.1,4.3,D,0
-34.4639,150.888,321.4,1,1,2014-10-07,0008,Terra,MODIS,0,6.2,303.6,11.7,D,2
-12.3233,136.917,332.4,2.2,1.4,2014-10-07,0140,Terra,MODIS,0,6.2,298.6,66.1,D,0
-12.2647,132.9657,351,1.2,1.1,2014-10-07,0140,Terra,MODIS,94,6.2,313.7,56.2,D,0
-12.2744,132.9644,342.2,1.2,1.1,2014-10-07,0140,Terra,MODIS,48,6.2,316.4,30.5,D,0
-12.3228,136.9116,327.7,2.2,1.4,2014-10-07,0140,Terra,MODIS,0,6.2,297.9,47.8,D,0
-12.668,136.5577,326.7,2,1.4,2014-10-07,0140,Terra,MODIS,53,6.2,303,33.1,D,0
-12.4568,131.8613,346.5,1,1,2014-10-07,0140,Terra,MODIS,91,6.2,308.9,41.6,D,0
-12.7141,136.3043,328,2,1.4,2014-10-07,0140,Terra,MODIS,30,6.2,308.5,27.2,D,0
-12.6695,136.5518,335.6,2,1.4,2014-10-07,0140,Terra,MODIS,80,6.2,303.6,69.8,D,0
-12.4357,131.8448,343.2,1,1,2014-10-07,0140,Terra,MODIS,88,6.2,308.4,33.7,D,0
-12.6656,136.5389,331.5,2,1.4,2014-10-07,0140,Terra,MODIS,74,6.2,304.2,52.3,D,0
-12.9762,134.9844,343.7,1.6,1.2,2014-10-07,0140,Terra,MODIS,88,6.2,314.4,60.2,D,0
-12.3592,135.6127,323.6,1.7,1.3,2014-10-07,0140,Terra,MODIS,11,6.2,306.7,12.3,D,0
-12.4158,136.5069,331.1,2,1.4,2014-10-07,0140,Terra,MODIS,76,6.2,304.9,49.4,D,0
-13.1039,135.7296,325.5,1.8,1.3,2014-10-07,0140,Terra,MODIS,36,6.2,309.9,18.5,D,0
-12.9159,135.8386,331.3,1.8,1.3,2014-10-07,0140,Terra,MODIS,47,6.2,310.5,32.7,D,0
-12.9041,135.8401,330.9,1.8,1.3,2014-10-07,0140,Terra,MODIS,57,6.2,309.3,33.1,D,0
-12.8247,135.7831,328.2,1.8,1.3,2014-10-07,0140,Terra,MODIS,44,6.2,310.5,19.4,D,0
-13.1059,135.746,328.6,1.8,1.3,2014-10-07,0140,Terra,MODIS,59,6.2,308.9,27,D,0
-12.4618,135.6092,324,1.7,1.3,2014-10-07,0140,Terra,MODIS,23,6.2,306.2,14,D,0
-12.965,134.9858,339.6,1.6,1.2,2014-10-07,0140,Terra,MODIS,84,6.2,314.6,48,D,0
-12.4259,136.4871,332.5,2,1.4,2014-10-07,0140,Terra,MODIS,78,6.2,303.9,53.8,D,0
-12.9781,134.999,357.5,1.6,1.2,2014-10-07,0140,Terra,MODIS,98,6.2,313.9,119,D,0
-12.3105,136.9187,324.2,2.2,1.4,2014-10-07,0140,Terra,MODIS,0,6.2,299.5,37.4,D,0
-12.9892,134.9976,334.1,1.6,1.2,2014-10-07,0140,Terra,MODIS,77,6.2,312.4,27.7,D,0
-13.0973,135.7361,331.7,1.8,1.3,2014-10-07,0140,Terra,MODIS,59,6.2,309.8,36.3,D,0
-12.479,132.9491,326.9,1.2,1.1,2014-10-07,0140,Terra,MODIS,60,6.2,304.6,14.2,D,0
-12.4722,132.9716,346.1,1.2,1.1,2014-10-07,0140,Terra,MODIS,90,6.2,307.3,48,D,0
-12.4708,132.9612,344.3,1.2,1.1,2014-10-07,0140,Terra,MODIS,89,6.2,307.9,43.8,D,0
-11.641,130.6812,354.8,1,1,2014-10-07,0140,Terra,MODIS,97,6.2,311.1,56.7,D,0
-11.6423,130.6903,328.6,1,1,2014-10-07,0140,Terra,MODIS,33,6.2,311.1,9.8,D,0
-11.6499,130.6799,353.9,1,1,2014-10-07,0140,Terra,MODIS,96,6.2,312.6,54,D,0
-12.4694,132.9505,343.1,1.2,1.1,2014-10-07,0140,Terra,MODIS,88,6.2,306.5,41.4,D,0
-12.4135,136.4885,323.1,2,1.4,2014-10-07,0140,Terra,MODIS,49,6.2,305.9,22.5,D,0
-11.6486,130.6708,336.6,1,1,2014-10-07,0140,Terra,MODIS,65,6.2,308.3,21.3,D,0
-12.7171,136.2972,336.6,2,1.4,2014-10-07,0140,Terra,MODIS,81,6.2,308.4,59.9,D,0
-11.3824,131.1758,330.8,1,1,2014-10-07,0140,Terra,MODIS,53,6.2,310.7,10.3,D,0
-11.3954,131.2019,336.8,1,1,2014-10-07,0140,Terra,MODIS,59,6.2,312.7,19.8,D,0
-11.6679,130.6772,348.5,1,1,2014-10-07,0140,Terra,MODIS,92,6.2,309,42.6,D,0
-11.4064,131.0883,366.9,1,1,2014-10-07,0140,Terra,MODIS,100,6.2,312.6,89.8,D,0
-11.4077,131.0974,350.3,1,1,2014-10-07,0140,Terra,MODIS,94,6.2,313.9,44.6,D,0
-13.5522,135.3783,328.5,1.7,1.3,2014-10-07,0141,Terra,MODIS,58,6.2,310.5,24.2,D,0
-13.4368,134.3109,332.8,1.4,1.2,2014-10-07,0141,Terra,MODIS,61,6.2,312.9,21.8,D,0
-13.4158,134.2336,333,1.4,1.2,2014-10-07,0141,Terra,MODIS,72,6.2,314.8,18.5,D,0
-16.5498,135.4817,332.3,1.9,1.4,2014-10-07,0141,Terra,MODIS,69,6.2,311,32.2,D,0
-16.562,135.4802,329.4,1.9,1.4,2014-10-07,0141,Terra,MODIS,60,6.2,309,24.4,D,0
-16.5174,135.455,329.9,1.9,1.4,2014-10-07,0141,Terra,MODIS,69,6.2,312.7,24.5,D,0
-16.5599,135.4621,327.8,1.9,1.4,2014-10-07,0141,Terra,MODIS,53,6.2,311.3,20.2,D,0
-13.5738,134.3752,339.9,1.5,1.2,2014-10-07,0141,Terra,MODIS,83,6.2,315.4,40,D,0
-13.5705,134.382,332.1,1.5,1.2,2014-10-07,0141,Terra,MODIS,72,6.2,314.6,18.5,D,0
-14.422,133.9,358,1.4,1.2,2014-10-07,0141,Terra,MODIS,98,6.2,313.9,90.7,D,0
-14.3728,133.9327,339.9,1.4,1.2,2014-10-07,0141,Terra,MODIS,81,6.2,313.7,33.4,D,0
-14.432,133.9317,334.5,1.4,1.2,2014-10-07,0141,Terra,MODIS,68,6.2,313.7,27.5,D,0
-14.4149,133.9273,334.7,1.4,1.2,2014-10-07,0141,Terra,MODIS,37,6.2,314.9,18.9,D,0
-14.3817,133.9184,332,1.4,1.2,2014-10-07,0141,Terra,MODIS,22,6.2,314.5,13.1,D,0
-14.7574,134.7939,328.3,1.6,1.3,2014-10-07,0141,Terra,MODIS,22,6.2,309.4,16.3,D,0
-14.7132,133.4183,338.3,1.3,1.1,2014-10-07,0141,Terra,MODIS,80,6.2,313,29.1,D,0
-14.4272,133.9389,339.5,1.4,1.2,2014-10-07,0141,Terra,MODIS,25,6.2,314.5,31.3,D,0
-14.5004,133.2773,337.6,1.3,1.1,2014-10-07,0141,Terra,MODIS,79,6.2,314.7,21.8,D,0
-14.4047,133.8505,333.4,1.4,1.2,2014-10-07,0141,Terra,MODIS,67,6.2,312.8,16.9,D,0
-14.4151,133.8491,332.8,1.4,1.2,2014-10-07,0141,Terra,MODIS,68,6.2,313.9,16.4,D,0
-14.4238,133.8674,339.4,1.4,1.2,2014-10-07,0141,Terra,MODIS,60,6.2,312.1,36.9,D,0
-14.4409,133.9174,366.4,1.4,1.2,2014-10-07,0141,Terra,MODIS,100,6.2,310.6,143.4,D,0
-14.41,133.8434,337,1.4,1.2,2014-10-07,0141,Terra,MODIS,66,6.2,314.1,26.1,D,0
-14.427,133.8929,338.4,1.4,1.2,2014-10-07,0141,Terra,MODIS,56,6.2,309.6,37.1,D,0
-14.4392,133.9045,362.5,1.4,1.2,2014-10-07,0141,Terra,MODIS,100,6.2,306.2,127.1,D,0
-14.4287,133.9058,385,1.4,1.2,2014-10-07,0141,Terra,MODIS,100,6.2,315.8,258.5,D,0
-14.4237,133.9128,347.9,1.4,1.2,2014-10-07,0141,Terra,MODIS,90,6.2,314.8,53.3,D,0
-14.4304,133.9188,345.6,1.4,1.2,2014-10-07,0141,Terra,MODIS,74,6.2,313.7,56.4,D,0
-14.2428,134.2567,333.9,1.5,1.2,2014-10-07,0141,Terra,MODIS,62,6.2,315.1,22.8,D,0
-14.7593,134.8087,347.8,1.6,1.3,2014-10-07,0141,Terra,MODIS,91,6.2,311,80.4,D,0
-14.4215,133.933,340.9,1.4,1.2,2014-10-07,0141,Terra,MODIS,48,6.2,315.1,37.1,D,0
-14.723,133.3492,340.7,1.3,1.1,2014-10-07,0141,Terra,MODIS,83,6.2,314.4,36.4,D,0
-14.4254,133.9258,343.3,1.4,1.2,2014-10-07,0141,Terra,MODIS,70,6.2,314.9,37.5,D,0
-14.4115,133.9014,337,1.4,1.2,2014-10-07,0141,Terra,MODIS,72,6.2,315.1,22.7,D,0
-14.748,134.8104,330.1,1.6,1.3,2014-10-07,0141,Terra,MODIS,34,6.2,312.6,22.3,D,0
-16.2673,136.8802,330.9,2.4,1.5,2014-10-07,0141,Terra,MODIS,25,6.2,309.1,39.5,D,0
-14.7245,133.3612,342,1.3,1.1,2014-10-07,0141,Terra,MODIS,85,6.2,312.5,40.4,D,0
-14.4117,133.856,335.3,1.4,1.2,2014-10-07,0141,Terra,MODIS,57,6.2,313,22.1,D,0
-14.075,135.7149,326.3,1.9,1.3,2014-10-07,0141,Terra,MODIS,53,6.2,307.2,27.5,D,0
-14.4169,133.8619,333.9,1.4,1.2,2014-10-07,0141,Terra,MODIS,71,6.2,313.2,18.4,D,0
-14.7612,134.8239,330,1.6,1.3,2014-10-07,0141,Terra,MODIS,26,6.2,312.2,19.1,D,0
-14.4182,133.907,340.3,1.4,1.2,2014-10-07,0141,Terra,MODIS,44,6.2,314.5,35.5,D,0
-14.4425,133.9303,344.1,1.4,1.2,2014-10-07,0141,Terra,MODIS,87,6.2,311.8,54.1,D,0
-13.9772,135.6642,354.9,1.8,1.3,2014-10-07,0141,Terra,MODIS,96,6.2,309.6,143.6,D,0
-14.1348,134.0487,362.4,1.4,1.2,2014-10-07,0141,Terra,MODIS,100,6.2,310.3,122.7,D,0
-14.1259,134.0631,343,1.4,1.2,2014-10-07,0141,Terra,MODIS,63,6.2,317.6,44.4,D,0
-14.1242,134.05,366.1,1.4,1.2,2014-10-07,0141,Terra,MODIS,100,6.2,317.6,136.6,D,0
-14.1136,134.0514,342.6,1.4,1.2,2014-10-07,0141,Terra,MODIS,55,6.2,314.5,39.4,D,0
-14.098,134.0141,333.6,1.4,1.2,2014-10-07,0141,Terra,MODIS,36,6.2,311.8,20.2,D,0
-13.4091,131.9594,331.8,1.1,1,2014-10-07,0141,Terra,MODIS,39,6.2,312.1,10.1,D,0
-13.9275,135.6534,327.7,1.8,1.3,2014-10-07,0141,Terra,MODIS,47,6.2,307.2,27.6,D,0
-14.0886,134.1079,338.1,1.4,1.2,2014-10-07,0141,Terra,MODIS,28,6.2,312.8,27.3,D,0
-14.0836,134.0687,352,1.4,1.2,2014-10-07,0141,Terra,MODIS,94,6.2,317.8,63.6,D,0
-14.0844,134.115,358.7,1.4,1.2,2014-10-07,0141,Terra,MODIS,99,6.2,315.5,101.4,D,0
-13.3866,132.4504,333.1,1.1,1.1,2014-10-07,0141,Terra,MODIS,57,6.2,315.9,14.8,D,0
-13.7386,133.5931,330.3,1.3,1.1,2014-10-07,0141,Terra,MODIS,42,6.2,315.2,13.5,D,0
-13.4492,134.3226,337.4,1.4,1.2,2014-10-07,0141,Terra,MODIS,81,6.2,313.1,33.8,D,0
-13.8575,132.533,379,1.1,1.1,2014-10-07,0141,Terra,MODIS,100,6.2,314.5,157.8,D,0
-13.856,132.5225,337.5,1.1,1.1,2014-10-07,0141,Terra,MODIS,31,6.2,313.6,22,D,0
-13.8406,132.4819,345.4,1.1,1.1,2014-10-07,0141,Terra,MODIS,83,6.2,313.8,39,D,0
-13.4655,134.3281,334.3,1.4,1.2,2014-10-07,0141,Terra,MODIS,69,6.2,311.9,28.4,D,0
-13.8282,132.4624,336.8,1.1,1.1,2014-10-07,0141,Terra,MODIS,67,6.2,309.8,24.4,D,0
-13.87,132.5527,341,1.1,1.1,2014-10-07,0141,Terra,MODIS,68,6.2,312.1,30.8,D,0
-14.1609,134.1646,336.8,1.4,1.2,2014-10-07,0141,Terra,MODIS,78,6.2,312.9,36.4,D,0
-14.2213,134.2595,330.8,1.5,1.2,2014-10-07,0141,Terra,MODIS,32,6.2,315.9,13.6,D,0
-13.8896,132.5975,350.1,1.2,1.1,2014-10-07,0141,Terra,MODIS,92,6.2,311.7,52.2,D,0
-13.8882,132.5869,343.4,1.2,1.1,2014-10-07,0141,Terra,MODIS,86,6.2,314.5,34.9,D,0
-13.4724,134.3331,331.6,1.4,1.2,2014-10-07,0141,Terra,MODIS,56,6.2,309.9,22,D,0
-13.9892,135.6627,328.8,1.8,1.3,2014-10-07,0141,Terra,MODIS,49,6.2,305.9,32.1,D,0
-13.748,133.5981,337.3,1.3,1.1,2014-10-07,0141,Terra,MODIS,79,6.2,315.9,24.5,D,0
-13.8772,132.5775,333.9,1.2,1.1,2014-10-07,0141,Terra,MODIS,36,6.2,312.1,16,D,0
-14.0861,134.1281,340.4,1.4,1.2,2014-10-07,0141,Terra,MODIS,84,6.2,316,39.7,D,0
-13.4291,131.92,333.3,1.1,1,2014-10-07,0141,Terra,MODIS,63,6.2,309.6,14.5,D,0
-13.4397,131.9285,336.3,1.1,1,2014-10-07,0141,Terra,MODIS,75,6.2,307.3,19.5,D,0
-14.1166,134.1576,331.1,1.4,1.2,2014-10-07,0141,Terra,MODIS,59,6.2,315.7,20,D,0
-14.1149,134.1444,328.7,1.4,1.2,2014-10-07,0141,Terra,MODIS,46,6.2,313.5,14.1,D,0
-13.4411,131.9383,336.9,1.1,1,2014-10-07,0141,Terra,MODIS,76,6.2,310.8,19.1,D,0
-14.0902,134.1209,351.1,1.4,1.2,2014-10-07,0141,Terra,MODIS,93,6.2,314.1,71.2,D,0
-14.0796,134.1225,333,1.4,1.2,2014-10-07,0141,Terra,MODIS,47,6.2,317.1,20.9,D,0
-13.5502,135.3624,336.9,1.7,1.3,2014-10-07,0141,Terra,MODIS,80,6.2,311.5,46.2,D,0
-13.7369,133.5811,331.1,1.3,1.1,2014-10-07,0141,Terra,MODIS,58,6.2,314.7,15.8,D,0
-13.4277,131.9102,336.3,1.1,1,2014-10-07,0141,Terra,MODIS,76,6.2,310.7,19.2,D,0
-14.1717,134.0833,332.2,1.4,1.2,2014-10-07,0141,Terra,MODIS,30,6.2,313.5,18.5,D,0
-14.1611,134.0849,332.6,1.4,1.2,2014-10-07,0141,Terra,MODIS,33,6.2,313.6,18.9,D,0
-14.1382,134.0747,336,1.4,1.2,2014-10-07,0141,Terra,MODIS,70,6.2,314.2,26.9,D,0
-14.1365,134.0617,370.1,1.4,1.2,2014-10-07,0141,Terra,MODIS,100,6.2,315.6,159.7,D,0
-13.5692,130.4588,335.9,1,1,2014-10-07,0141,Terra,MODIS,71,6.2,304.4,19.4,D,0
-13.535,130.3513,344.9,1,1,2014-10-07,0141,Terra,MODIS,83,6.2,304,36,D,0
-12.7669,130.5726,340.3,1,1,2014-10-07,0141,Terra,MODIS,62,6.2,310.5,23.6,D,0
-13.5788,130.4602,346.8,1,1,2014-10-07,0141,Terra,MODIS,85,6.2,305.4,39.8,D,0
-13.5824,130.4221,340.9,1,1,2014-10-07,0141,Terra,MODIS,80,6.2,304.9,33.3,D,0
-13.5878,130.4589,343.5,1,1,2014-10-07,0141,Terra,MODIS,87,6.2,302.4,33.7,D,0
-13.6044,130.447,347.8,1,1,2014-10-07,0141,Terra,MODIS,91,6.2,302.9,43.5,D,0
-12.7682,130.5818,341.3,1,1,2014-10-07,0141,Terra,MODIS,63,6.2,312.9,25.6,D,0
-13.5638,130.422,350.3,1,1,2014-10-07,0141,Terra,MODIS,93,6.2,307.7,47.5,D,0
-13.5652,130.4312,358,1,1,2014-10-07,0141,Terra,MODIS,93,6.2,307.3,64.9,D,0
-13.5665,130.4404,357.8,1,1,2014-10-07,0141,Terra,MODIS,93,6.2,306.2,63,D,0
-13.6057,130.4562,341.7,1,1,2014-10-07,0141,Terra,MODIS,86,6.2,302.6,31.7,D,0
-13.5679,130.4496,363.5,1,1,2014-10-07,0141,Terra,MODIS,94,6.2,307.2,78.5,D,0
-13.5797,130.4038,338.4,1,1,2014-10-07,0141,Terra,MODIS,82,6.2,302,28.5,D,0
-13.5431,130.1561,328.9,1,1,2014-10-07,0141,Terra,MODIS,53,6.2,303.7,12.9,D,0
-13.6134,130.4456,337.9,1,1,2014-10-07,0141,Terra,MODIS,81,6.2,301.3,28.6,D,0
-13.5445,130.1653,368.3,1,1,2014-10-07,0141,Terra,MODIS,100,6.2,307.6,96.1,D,0
-13.581,130.413,346.2,1,1,2014-10-07,0141,Terra,MODIS,90,6.2,307.9,42.4,D,0
-13.4529,130.2947,333.8,1,1,2014-10-07,0141,Terra,MODIS,40,6.2,314.3,17.4,D,0
-13.9325,132.6242,332,1.2,1.1,2014-10-07,0141,Terra,MODIS,65,6.2,314.8,11.9,D,0
-13.5707,130.4051,335.5,1,1,2014-10-07,0141,Terra,MODIS,58,6.2,304.2,23.7,D,0
-13.0688,130.312,333.3,1,1,2014-10-07,0141,Terra,MODIS,61,6.2,305.8,18,D,0
-13.0702,130.3212,339,1,1,2014-10-07,0141,Terra,MODIS,77,6.2,305.7,26.5,D,0
-13.5184,130.3632,335.8,1,1,2014-10-07,0141,Terra,MODIS,73,6.2,300.6,23.1,D,0
-13.572,130.4143,344.6,1,1,2014-10-07,0141,Terra,MODIS,73,6.2,309.1,38.9,D,0
-13.59,130.4116,343.6,1,1,2014-10-07,0141,Terra,MODIS,88,6.2,304,37.5,D,0
-17.0398,124.1906,342.4,1.7,1.3,2014-10-07,0142,Terra,MODIS,79,6.2,312.2,63.4,D,0
-17.4632,130.5456,348.9,1,1,2014-10-07,0142,Terra,MODIS,85,6.2,319.5,36.5,D,0
-17.4645,130.5553,346.4,1,1,2014-10-07,0142,Terra,MODIS,77,6.2,318,32.2,D,0
-17.4737,130.5539,363.3,1,1,2014-10-07,0142,Terra,MODIS,100,6.2,321.2,73,D,0
-17.475,130.5636,355.3,1,1,2014-10-07,0142,Terra,MODIS,96,6.2,318.7,52.6,D,0
-17.4828,130.5525,352,1,1,2014-10-07,0142,Terra,MODIS,94,6.2,319.8,43.8,D,0
-16.8405,127.1253,335.2,1.1,1.1,2014-10-07,0142,Terra,MODIS,49,6.2,314.5,17.6,D,0
-18.0445,130.7617,344.4,1.1,1,2014-10-07,0142,Terra,MODIS,87,6.2,315.1,30.1,D,0
-16.8388,127.1146,334.5,1.1,1.1,2014-10-07,0142,Terra,MODIS,49,6.2,313.6,17.2,D,0
-18.0431,130.7517,341.8,1.1,1,2014-10-07,0142,Terra,MODIS,84,6.2,317,25.5,D,0
-17.4842,130.5622,388.3,1,1,2014-10-07,0142,Terra,MODIS,100,6.2,319.6,175.5,D,0
-17.4527,130.5373,342.8,1,1,2014-10-07,0142,Terra,MODIS,70,6.2,318.8,24.6,D,0
-16.8326,127.1375,340.6,1.1,1.1,2014-10-07,0142,Terra,MODIS,76,6.2,312.6,29.4,D,0
-16.8309,127.1268,333.4,1.1,1.1,2014-10-07,0142,Terra,MODIS,35,6.2,311.3,16,D,0
-17.3133,127.051,337.7,1.1,1.1,2014-10-07,0142,Terra,MODIS,77,6.2,316.4,20.5,D,0
-17.0797,124.5546,359.3,1.6,1.3,2014-10-07,0142,Terra,MODIS,99,6.2,317.4,132.8,D,0
-17.4919,130.5511,366.9,1,1,2014-10-07,0142,Terra,MODIS,100,6.2,319.7,86.2,D,0
-17.4933,130.5609,372.7,1,1,2014-10-07,0142,Terra,MODIS,100,6.2,316.1,107,D,0
-17.4389,130.4966,341.2,1,1,2014-10-07,0142,Terra,MODIS,82,6.2,318.1,23.6,D,0
-16.9722,128.0958,337,1.1,1,2014-10-07,0142,Terra,MODIS,77,6.2,312.7,18.5,D,0
-17.4403,130.5062,335.3,1,1,2014-10-07,0142,Terra,MODIS,65,6.2,317.9,13.9,D,0
-16.8689,127.2776,351.4,1.1,1.1,2014-10-07,0142,Terra,MODIS,93,6.2,312.2,56.1,D,0
-18.8625,129.0872,359.7,1,1,2014-10-07,0142,Terra,MODIS,99,6.2,323.8,58.9,D,0
-16.8784,127.276,339.4,1.1,1.1,2014-10-07,0142,Terra,MODIS,81,6.2,309.1,28.9,D,0
-16.8879,127.2743,339.1,1.1,1.1,2014-10-07,0142,Terra,MODIS,80,6.2,310.4,28.9,D,0
-17.0701,124.5633,335.4,1.6,1.3,2014-10-07,0142,Terra,MODIS,32,6.2,312.8,27.4,D,0
-16.9612,127.369,333,1.1,1.1,2014-10-07,0142,Terra,MODIS,63,6.2,313.5,13.7,D,0
-16.9628,127.3794,337.1,1.1,1.1,2014-10-07,0142,Terra,MODIS,77,6.2,313.8,20.6,D,0
-18.8611,129.0777,340.2,1,1,2014-10-07,0142,Terra,MODIS,43,6.2,316.1,15.6,D,0
-18.8507,129.0697,343,1,1,2014-10-07,0142,Terra,MODIS,75,6.2,319.1,20.4,D,0
-16.9644,127.3897,335.9,1.1,1.1,2014-10-07,0142,Terra,MODIS,75,6.2,314,18.1,D,0
-17.4755,130.4353,338.1,1,1,2014-10-07,0142,Terra,MODIS,67,6.2,317,16.6,D,0
-17.4664,130.4367,337.2,1,1,2014-10-07,0142,Terra,MODIS,70,6.2,319.5,16.2,D,0
-17.4432,130.4698,334.2,1,1,2014-10-07,0142,Terra,MODIS,53,6.2,317.3,12.7,D,0
-17.0684,124.5566,332.3,1.6,1.3,2014-10-07,0142,Terra,MODIS,43,6.2,312.5,23.5,D,0
-17.0711,124.5719,332.7,1.6,1.3,2014-10-07,0142,Terra,MODIS,53,6.2,313,23.9,D,0
-17.0657,124.2023,338.8,1.7,1.3,2014-10-07,0142,Terra,MODIS,79,6.2,314.9,49.6,D,0
-18.0524,130.7504,337.3,1.1,1,2014-10-07,0142,Terra,MODIS,77,6.2,317.1,17.3,D,0
-17.0282,124.1927,357.2,1.7,1.3,2014-10-07,0142,Terra,MODIS,98,6.2,314.7,136.9,D,0
-17.077,124.5393,340.2,1.6,1.3,2014-10-07,0142,Terra,MODIS,82,6.2,314.9,49.6,D,0
-17.0278,124.5867,353.7,1.6,1.3,2014-10-07,0142,Terra,MODIS,95,6.2,313.9,101.9,D,0
-18.8493,129.0603,339.7,1,1,2014-10-07,0142,Terra,MODIS,57,6.2,320,14,D,0
-17.0252,124.5715,335.2,1.6,1.3,2014-10-07,0142,Terra,MODIS,47,6.2,313,30.6,D,0
-16.8433,127.1188,334.4,1.1,1.1,2014-10-07,0142,Terra,MODIS,69,6.2,314.7,15.9,D,0
-16.9737,128.1056,341.4,1,1,2014-10-07,0142,Terra,MODIS,83,6.2,313.9,26,D,0
-16.8638,127.2737,349,1.1,1.1,2014-10-07,0142,Terra,MODIS,92,6.2,313.5,50.1,D,0
-16.8654,127.2842,331.6,1.1,1.1,2014-10-07,0142,Terra,MODIS,66,6.2,311.6,16,D,0
-18.8729,129.0952,346.8,1,1,2014-10-07,0142,Terra,MODIS,89,6.2,316.6,31.3,D,0
-18.8715,129.0857,379.9,1,1,2014-10-07,0142,Terra,MODIS,100,6.2,316,128.1,D,0
-18.8639,129.0966,340.6,1,1,2014-10-07,0142,Terra,MODIS,81,6.2,320.4,18.8,D,0
-18.0322,131.8819,415.2,1.2,1.1,2014-10-07,0142,Terra,MODIS,75,6.2,302.9,433.7,D,0
-18.291,131.7594,332.5,1.2,1.1,2014-10-07,0142,Terra,MODIS,49,6.2,306.6,18.5,D,0
-18.2896,131.7485,338.5,1.2,1.1,2014-10-07,0142,Terra,MODIS,79,6.2,309.2,30.1,D,0
-18.2813,131.7608,345,1.2,1.1,2014-10-07,0142,Terra,MODIS,88,6.2,306.6,45.5,D,0
-18.2799,131.7498,332.9,1.2,1.1,2014-10-07,0142,Terra,MODIS,68,6.2,307.4,21.4,D,0
-18.205,131.6556,330.3,1.1,1.1,2014-10-07,0142,Terra,MODIS,58,6.2,305.4,20.8,D,0
-18.1953,131.657,333.1,1.1,1.1,2014-10-07,0142,Terra,MODIS,68,6.2,305.7,25.2,D,0
-18.2046,131.8,356.8,1.2,1.1,2014-10-07,0142,Terra,MODIS,97,6.2,306.9,81.3,D,0
-18.1722,131.8001,342.5,1.2,1.1,2014-10-07,0142,Terra,MODIS,85,6.2,304.9,41.9,D,0
-18.1625,131.8014,371.2,1.2,1.1,2014-10-07,0142,Terra,MODIS,100,6.2,307.2,133.2,D,0
-18.161,131.7905,339.9,1.2,1.1,2014-10-07,0142,Terra,MODIS,81,6.2,305.6,35.4,D,0
-18.0977,131.833,338.1,1.2,1.1,2014-10-07,0142,Terra,MODIS,68,6.2,310.2,32.4,D,0
-18.0962,131.822,354.8,1.2,1.1,2014-10-07,0142,Terra,MODIS,96,6.2,312.7,72.3,D,0
-18.0948,131.8111,363.1,1.2,1.1,2014-10-07,0142,Terra,MODIS,100,6.2,311.4,98.7,D,0
-18.1184,131.4782,368.1,1.1,1.1,2014-10-07,0142,Terra,MODIS,100,6.2,294.8,110.3,D,0
-18.1169,131.4676,416.6,1.1,1.1,2014-10-07,0142,Terra,MODIS,100,6.2,312.7,413.6,D,0
-18.1155,131.457,376.9,1.1,1.1,2014-10-07,0142,Terra,MODIS,100,6.2,308.9,143.3,D,0
-18.1082,131.4043,357.8,1.1,1.1,2014-10-07,0142,Terra,MODIS,98,6.2,308.4,73.3,D,0
-18.1089,131.4796,332.4,1.1,1.1,2014-10-07,0142,Terra,MODIS,41,6.2,294.3,18.3,D,0
-18.1074,131.469,376.4,1.1,1.1,2014-10-07,0142,Terra,MODIS,100,6.2,305.2,143.1,D,0
-18.106,131.4584,364.9,1.1,1.1,2014-10-07,0142,Terra,MODIS,100,6.2,307.7,95.3,D,0
-18.0979,131.4704,388.4,1.1,1.1,2014-10-07,0142,Terra,MODIS,100,6.2,308.4,205.2,D,0
-18.0964,131.4598,358.3,1.1,1.1,2014-10-07,0142,Terra,MODIS,98,6.2,308.3,74.3,D,0
-18.095,131.4492,342,1.1,1.1,2014-10-07,0142,Terra,MODIS,84,6.2,303.8,32,D,0
-18.0936,131.4387,336.9,1.1,1.1,2014-10-07,0142,Terra,MODIS,76,6.2,300.3,21.9,D,0
-18.0907,131.4176,335.9,1.1,1.1,2014-10-07,0142,Terra,MODIS,74,6.2,306.2,20.2,D,0
-18.0892,131.4071,331.4,1.1,1.1,2014-10-07,0142,Terra,MODIS,61,6.2,306.3,13.2,D,0
-18.0884,131.4717,447.6,1.1,1.1,2014-10-07,0142,Terra,MODIS,100,6.2,320.4,787.1,D,0
-18.0869,131.4612,456.2,1.1,1.1,2014-10-07,0142,Terra,MODIS,100,6.2,326.6,921.9,D,0
-18.0855,131.4506,406.4,1.1,1.1,2014-10-07,0142,Terra,MODIS,100,6.2,313.4,325.9,D,0
-18.0841,131.44,383.4,1.1,1.1,2014-10-07,0142,Terra,MODIS,100,6.2,301.8,175.5,D,0
-18.0826,131.4295,376.9,1.1,1.1,2014-10-07,0142,Terra,MODIS,100,6.2,306.9,142.2,D,0
-18.0789,131.4731,343.2,1.1,1.1,2014-10-07,0142,Terra,MODIS,85,6.2,297.4,38.4,D,0
-18.0774,131.4625,383.7,1.1,1.1,2014-10-07,0142,Terra,MODIS,100,6.2,307.3,180.5,D,0
-18.076,131.452,396,1.1,1.1,2014-10-07,0142,Terra,MODIS,100,6.2,307.5,251.2,D,0
-18.0746,131.4414,379.1,1.1,1.1,2014-10-07,0142,Terra,MODIS,100,6.2,303.2,155.1,D,0
-18.0731,131.4309,348.2,1.1,1.1,2014-10-07,0142,Terra,MODIS,90,6.2,305.4,44.4,D,0
-18.0717,131.4203,332.3,1.1,1.1,2014-10-07,0142,Terra,MODIS,24,6.2,307.6,12.2,D,0
-17.8881,132.028,333.4,1.2,1.1,2014-10-07,0142,Terra,MODIS,66,6.2,314.3,17.6,D,0
-17.8866,132.0168,387.2,1.2,1.1,2014-10-07,0142,Terra,MODIS,100,6.2,320.8,212,D,0
-17.8852,132.0056,362.8,1.2,1.1,2014-10-07,0142,Terra,MODIS,100,6.2,319.8,92.5,D,0
-17.8769,132.0182,364.8,1.2,1.1,2014-10-07,0142,Terra,MODIS,100,6.2,317.6,100.2,D,0
-17.8754,132.007,368.2,1.2,1.1,2014-10-07,0142,Terra,MODIS,100,6.2,319.1,111.5,D,0
-18.0703,131.4098,335.5,1.1,1.1,2014-10-07,0142,Terra,MODIS,63,6.2,310,17.2,D,0
-18.0665,131.4533,349.4,1.1,1.1,2014-10-07,0142,Terra,MODIS,92,6.2,304.2,52.2,D,0
-18.0651,131.4428,423.9,1.1,1.1,2014-10-07,0142,Terra,MODIS,100,6.2,315.6,485.9,D,0
-18.0636,131.4323,368.1,1.1,1.1,2014-10-07,0142,Terra,MODIS,100,6.2,313.2,104.6,D,0
-18.0622,131.4217,372.4,1.1,1.1,2014-10-07,0142,Terra,MODIS,100,6.2,312.8,120.2,D,0
-18.0608,131.4112,361.2,1.1,1.1,2014-10-07,0142,Terra,MODIS,100,6.2,312.7,77.2,D,0
-18.057,131.4547,334.5,1.1,1.1,2014-10-07,0142,Terra,MODIS,58,6.2,300.2,20.2,D,0
-18.0556,131.4442,414.9,1.1,1.1,2014-10-07,0142,Terra,MODIS,100,6.2,314,395.1,D,0
-18.0541,131.4336,382.7,1.1,1.1,2014-10-07,0142,Terra,MODIS,100,6.2,312,168.1,D,0
-18.0527,131.4231,385.6,1.1,1.1,2014-10-07,0142,Terra,MODIS,100,6.2,313.9,181.8,D,0
-18.0513,131.4126,348.2,1.1,1.1,2014-10-07,0142,Terra,MODIS,90,6.2,313.1,40.6,D,0
-18.0447,131.435,374.4,1.1,1.1,2014-10-07,0142,Terra,MODIS,100,6.2,309.3,128.2,D,0
-18.0432,131.4245,418.4,1.1,1.1,2014-10-07,0142,Terra,MODIS,100,6.2,323.1,420.3,D,0
-18.0418,131.4139,354.7,1.1,1.1,2014-10-07,0142,Terra,MODIS,96,6.2,313.9,56.6,D,0
-18.039,131.3929,341.4,1.1,1.1,2014-10-07,0142,Terra,MODIS,82,6.2,315.1,25.3,D,0
-18.0338,131.4258,410.7,1.1,1.1,2014-10-07,0142,Terra,MODIS,100,6.2,321.9,350.8,D,0
-18.0323,131.4153,390.6,1.1,1.1,2014-10-07,0142,Terra,MODIS,100,6.2,317.4,206.4,D,0
-18.0309,131.4048,356.7,1.1,1.1,2014-10-07,0142,Terra,MODIS,97,6.2,315.7,60.7,D,0
-18.0295,131.3943,349.9,1.1,1.1,2014-10-07,0142,Terra,MODIS,92,6.2,315.7,42.8,D,0
-18.0281,131.3838,340.6,1.1,1.1,2014-10-07,0142,Terra,MODIS,64,6.2,316.1,22.6,D,0
-18.0285,131.4218,423.9,1.1,1.1,2014-10-07,0142,Terra,MODIS,100,6.2,322.6,478.5,D,0
-18.027,131.4113,413.7,1.1,1.1,2014-10-07,0142,Terra,MODIS,100,6.2,324.3,375.4,D,0
-18.0256,131.4008,349.3,1.1,1.1,2014-10-07,0142,Terra,MODIS,80,6.2,317.6,40.2,D,0
-18.019,131.4232,340.8,1.1,1.1,2014-10-07,0142,Terra,MODIS,82,6.2,311,28.1,D,0
-18.0175,131.4126,352.9,1.1,1.1,2014-10-07,0142,Terra,MODIS,94,6.2,316,54.4,D,0
-19.1054,133.2013,334.6,1.4,1.2,2014-10-07,0142,Terra,MODIS,31,6.2,317.4,18.9,D,0
-18.2746,131.7842,347.4,1.2,1.1,2014-10-07,0142,Terra,MODIS,90,6.2,305.4,52.2,D,0
-18.2731,131.7732,389.9,1.2,1.1,2014-10-07,0142,Terra,MODIS,100,6.2,313,229.5,D,0
-18.2717,131.7622,350.8,1.2,1.1,2014-10-07,0142,Terra,MODIS,93,6.2,306.3,61.6,D,0
-18.2649,131.7856,359.3,1.2,1.1,2014-10-07,0142,Terra,MODIS,99,6.2,304.8,86.5,D,0
-18.2634,131.7746,405.1,1.2,1.1,2014-10-07,0142,Terra,MODIS,100,6.2,314.1,338.6,D,0
-18.2613,131.7808,347.5,1.2,1.1,2014-10-07,0142,Terra,MODIS,90,6.2,305.6,52.4,D,0
-18.2508,131.8496,329.8,1.2,1.1,2014-10-07,0142,Terra,MODIS,19,6.2,307.9,16.8,D,0
-18.2352,131.8069,328.7,1.2,1.1,2014-10-07,0142,Terra,MODIS,43,6.2,307,14,D,0
-18.2337,131.7959,353.9,1.2,1.1,2014-10-07,0142,Terra,MODIS,95,6.2,309.8,70.2,D,0
-18.2255,131.8083,328.8,1.2,1.1,2014-10-07,0142,Terra,MODIS,48,6.2,306.4,14.6,D,0
-18.224,131.7973,398.4,1.2,1.1,2014-10-07,0142,Terra,MODIS,100,6.2,315.1,287.1,D,0
-18.2225,131.7863,348.8,1.2,1.1,2014-10-07,0142,Terra,MODIS,91,6.2,307.4,55.9,D,0
-18.3501,131.5893,335.5,1.1,1.1,2014-10-07,0142,Terra,MODIS,53,6.2,316.4,19.9,D,0
-18.3472,131.5677,341.7,1.1,1.1,2014-10-07,0142,Terra,MODIS,71,6.2,317.6,27.5,D,0
-18.3458,131.557,377.4,1.1,1.1,2014-10-07,0142,Terra,MODIS,100,6.2,317.8,144,D,0
-18.3405,131.5907,381,1.1,1.1,2014-10-07,0142,Terra,MODIS,100,6.2,317.8,168.8,D,0
-18.3391,131.5799,374.1,1.1,1.1,2014-10-07,0142,Terra,MODIS,100,6.2,317.7,134.2,D,0
-18.3524,131.7554,345.6,1.2,1.1,2014-10-07,0142,Terra,MODIS,88,6.2,310.6,45.9,D,0
-18.3395,131.6571,332.9,1.2,1.1,2014-10-07,0142,Terra,MODIS,64,6.2,312.7,21.4,D,0
-18.3309,131.5921,354.6,1.1,1.1,2014-10-07,0142,Terra,MODIS,96,6.2,312,66,D,0
-18.3295,131.5813,351,1.1,1.1,2014-10-07,0142,Terra,MODIS,93,6.2,312.4,55.3,D,0
-17.8131,131.4015,343.9,1.1,1.1,2014-10-07,0142,Terra,MODIS,85,6.2,320,29.3,D,0
-17.8036,131.4028,400.6,1.1,1.1,2014-10-07,0142,Terra,MODIS,100,6.2,323.2,271.1,D,0
-17.8022,131.3924,399.5,1.1,1.1,2014-10-07,0142,Terra,MODIS,100,6.2,322.3,261.2,D,0
-17.7942,131.4042,442.2,1.1,1.1,2014-10-07,0142,Terra,MODIS,100,6.2,328.5,690.8,D,0
-17.7928,131.3938,471.9,1.1,1.1,2014-10-07,0142,Terra,MODIS,100,6.2,344.2,1181.7,D,0
-17.7913,131.3834,376.8,1.1,1,2014-10-07,0142,Terra,MODIS,100,6.2,320.7,133.9,D,0
-17.7833,131.3952,343.8,1.1,1.1,2014-10-07,0142,Terra,MODIS,85,6.2,313.1,28.5,D,0
-17.7819,131.3848,357.3,1.1,1,2014-10-07,0142,Terra,MODIS,98,6.2,320.1,61.7,D,0
-18.3491,131.7512,358.1,1.2,1.1,2014-10-07,0142,Terra,MODIS,98,6.2,311.3,78.6,D,0
-18.3372,131.6638,341.2,1.2,1.1,2014-10-07,0142,Terra,MODIS,83,6.2,312,34.9,D,0
-18.3394,131.7525,383.2,1.2,1.1,2014-10-07,0142,Terra,MODIS,100,6.2,313.7,185.8,D,0
-18.3297,131.7539,367.8,1.2,1.1,2014-10-07,0142,Terra,MODIS,100,6.2,311,113.6,D,0
-18.0894,131.8454,333.1,1.2,1.1,2014-10-07,0142,Terra,MODIS,40,6.2,306.5,24.2,D,0
-18.088,131.8344,382.6,1.2,1.1,2014-10-07,0142,Terra,MODIS,94,6.2,317.4,188.6,D,0
-18.0865,131.8234,349.8,1.2,1.1,2014-10-07,0142,Terra,MODIS,92,6.2,313.2,58.4,D,0
-18.086,131.8406,393.2,1.2,1.1,2014-10-07,0142,Terra,MODIS,100,6.2,313,250.6,D,0
-18.0845,131.8296,399.5,1.2,1.1,2014-10-07,0142,Terra,MODIS,100,6.2,318.7,294.2,D,0
-18.074,131.8985,338.8,1.2,1.1,2014-10-07,0142,Terra,MODIS,79,6.2,308.8,32.8,D,0
-18.0725,131.8874,345.8,1.2,1.1,2014-10-07,0142,Terra,MODIS,88,6.2,311.6,48.4,D,0
-18.0643,131.8999,350.7,1.2,1.1,2014-10-07,0142,Terra,MODIS,93,6.2,310.3,60.5,D,0
-18.0628,131.8888,356.6,1.2,1.1,2014-10-07,0142,Terra,MODIS,97,6.2,312.8,76.2,D,0
-18.0613,131.8778,372.4,1.2,1.1,2014-10-07,0142,Terra,MODIS,100,6.2,313.2,134.5,D,0
-18.0599,131.8668,362.4,1.2,1.1,2014-10-07,0142,Terra,MODIS,100,6.2,311.2,95.2,D,0
-18.0546,131.9012,402.7,1.2,1.1,2014-10-07,0142,Terra,MODIS,100,6.2,314.5,322.6,D,0
-18.0531,131.8902,412.9,1.2,1.1,2014-10-07,0142,Terra,MODIS,100,6.2,317.7,408.2,D,0
-18.0516,131.8792,376.5,1.2,1.1,2014-10-07,0142,Terra,MODIS,100,6.2,311.8,156.3,D,0
-18.0501,131.8681,336.8,1.2,1.1,2014-10-07,0142,Terra,MODIS,55,6.2,307.2,25.8,D,0
-18.0434,131.8916,380,1.2,1.1,2014-10-07,0142,Terra,MODIS,87,6.2,294.7,174.5,D,0
-18.0419,131.8805,409.8,1.2,1.1,2014-10-07,0142,Terra,MODIS,94,6.2,313.4,381.3,D,0
-18.0307,131.8709,401.7,1.2,1.1,2014-10-07,0142,Terra,MODIS,94,6.2,304.4,316.1,D,0
-17.9745,131.8405,349,1.2,1.1,2014-10-07,0142,Terra,MODIS,76,6.2,314,55.9,D,0
-17.973,131.8295,339.7,1.2,1.1,2014-10-07,0142,Terra,MODIS,61,6.2,316.2,32.1,D,0
-17.9663,131.8528,374.8,1.2,1.1,2014-10-07,0142,Terra,MODIS,100,6.2,313.4,146.4,D,0
-17.9648,131.8418,453.9,1.2,1.1,2014-10-07,0142,Terra,MODIS,100,6.2,336.3,934.7,D,0
-17.9633,131.8309,409.2,1.2,1.1,2014-10-07,0142,Terra,MODIS,100,6.2,326.1,366.3,D,0
-17.9619,131.8199,353.7,1.2,1.1,2014-10-07,0142,Terra,MODIS,95,6.2,316,60.9,D,0
-18.3506,131.7621,353.7,1.2,1.1,2014-10-07,0142,Terra,MODIS,95,6.2,311.2,65.4,D,0
-18.3454,131.7965,349,1.2,1.1,2014-10-07,0142,Terra,MODIS,91,6.2,308.7,56.2,D,0
-18.3424,131.7745,351.6,1.2,1.1,2014-10-07,0142,Terra,MODIS,94,6.2,310.3,59,D,0
-18.3409,131.7635,386.1,1.2,1.1,2014-10-07,0142,Terra,MODIS,100,6.2,315,202.1,D,0
-18.3327,131.7759,334.3,1.2,1.1,2014-10-07,0142,Terra,MODIS,53,6.2,308,22.7,D,0
-18.3312,131.7649,416.4,1.2,1.1,2014-10-07,0142,Terra,MODIS,100,6.2,320.4,436.8,D,0
-18.323,131.7772,335.6,1.2,1.1,2014-10-07,0142,Terra,MODIS,71,6.2,306.5,26.6,D,0
-18.3215,131.7662,376.5,1.2,1.1,2014-10-07,0142,Terra,MODIS,100,6.2,311.7,154,D,0
-18.2992,131.7471,334,1.2,1.1,2014-10-07,0142,Terra,MODIS,69,6.2,309.4,21.1,D,0
-18.2925,131.7704,329,1.2,1.1,2014-10-07,0142,Terra,MODIS,20,6.2,306,13.8,D,0
-18.2843,131.7828,346.1,1.2,1.1,2014-10-07,0142,Terra,MODIS,89,6.2,304.8,48.7,D,0
-18.2828,131.7718,345.6,1.2,1.1,2014-10-07,0142,Terra,MODIS,88,6.2,306.3,47.2,D,0
-17.5854,132.7466,334.9,1.3,1.1,2014-10-07,0142,Terra,MODIS,36,6.2,317.3,24.4,D,0
-17.5971,132.7574,338,1.3,1.1,2014-10-07,0142,Terra,MODIS,55,6.2,314.6,30.6,D,0
-17.5869,132.7588,335.5,1.3,1.1,2014-10-07,0142,Terra,MODIS,48,6.2,315.9,25.6,D,0
-17.4994,132.7897,344.9,1.3,1.1,2014-10-07,0142,Terra,MODIS,87,6.2,309.3,50.9,D,0
-17.4892,132.791,337.7,1.3,1.1,2014-10-07,0142,Terra,MODIS,54,6.2,310.3,31.7,D,0
-17.4775,132.7803,333,1.3,1.1,2014-10-07,0142,Terra,MODIS,35,6.2,313.4,21,D,0
-17.4798,132.7859,336.2,1.3,1.1,2014-10-07,0142,Terra,MODIS,57,6.2,312.2,26.8,D,0
-17.4696,132.7873,334.1,1.3,1.1,2014-10-07,0142,Terra,MODIS,28,6.2,311.1,20.3,D,0
-17.468,132.7752,334.6,1.3,1.1,2014-10-07,0142,Terra,MODIS,30,6.2,313.7,19.7,D,0
-18.1656,131.5081,340.2,1.1,1.1,2014-10-07,0142,Terra,MODIS,82,6.2,305.8,34,D,0
-18.1613,131.4762,345.7,1.1,1.1,2014-10-07,0142,Terra,MODIS,88,6.2,305.8,44.4,D,0
-18.1484,131.3812,336.7,1.1,1.1,2014-10-07,0142,Terra,MODIS,76,6.2,310.6,22.8,D,0
-18.1574,131.5202,345.5,1.1,1.1,2014-10-07,0142,Terra,MODIS,88,6.2,305.3,46.1,D,0
-18.156,131.5095,420.3,1.1,1.1,2014-10-07,0142,Terra,MODIS,100,6.2,315.6,457.3,D,0
-18.1546,131.4989,342.9,1.1,1.1,2014-10-07,0142,Terra,MODIS,85,6.2,304.8,36.7,D,0
-18.1532,131.4882,329.1,1.1,1.1,2014-10-07,0142,Terra,MODIS,38,6.2,304.5,13.2,D,0
-18.1517,131.4776,371.4,1.1,1.1,2014-10-07,0142,Terra,MODIS,100,6.2,306.9,124.4,D,0
-18.1503,131.467,337,1.1,1.1,2014-10-07,0142,Terra,MODIS,77,6.2,303.6,24.7,D,0
-18.1446,131.4247,330.6,1.1,1.1,2014-10-07,0142,Terra,MODIS,45,6.2,307.2,12.4,D,0
-18.1432,131.4141,337.3,1.1,1.1,2014-10-07,0142,Terra,MODIS,77,6.2,307.6,23.5,D,0
-18.1418,131.4036,333.1,1.1,1.1,2014-10-07,0142,Terra,MODIS,64,6.2,307.8,16.7,D,0
-18.1404,131.3931,410.6,1.1,1.1,2014-10-07,0142,Terra,MODIS,100,6.2,316.8,358.5,D,0
-18.1389,131.3826,437.2,1.1,1.1,2014-10-07,0142,Terra,MODIS,100,6.2,324.2,635.3,D,0
-18.1375,131.3721,341.4,1.1,1.1,2014-10-07,0142,Terra,MODIS,83,6.2,309.8,31.5,D,0
-18.1465,131.5109,342.4,1.1,1.1,2014-10-07,0142,Terra,MODIS,85,6.2,304.2,36.8,D,0
-18.1451,131.5002,331.4,1.1,1.1,2014-10-07,0142,Terra,MODIS,39,6.2,303.6,15,D,0
-18.1436,131.4896,341.7,1.1,1.1,2014-10-07,0142,Terra,MODIS,84,6.2,304.1,34.6,D,0
-18.1422,131.479,371.5,1.1,1.1,2014-10-07,0142,Terra,MODIS,100,6.2,306.6,124.4,D,0
-18.1408,131.4684,388.4,1.1,1.1,2014-10-07,0142,Terra,MODIS,100,6.2,307.7,207,D,0
-18.1394,131.4578,369.5,1.1,1.1,2014-10-07,0142,Terra,MODIS,100,6.2,308.6,114.3,D,0
-18.1323,131.405,329,1.1,1.1,2014-10-07,0142,Terra,MODIS,41,6.2,307,9.5,D,0
-18.1309,131.3945,421.6,1.1,1.1,2014-10-07,0142,Terra,MODIS,100,6.2,319,459.4,D,0
-18.1295,131.384,374.3,1.1,1.1,2014-10-07,0142,Terra,MODIS,100,6.2,312,132.2,D,0
-18.1355,131.5016,358.1,1.1,1.1,2014-10-07,0142,Terra,MODIS,98,6.2,306,77.2,D,0
-18.1341,131.491,351.2,1.1,1.1,2014-10-07,0142,Terra,MODIS,93,6.2,299.4,56.6,D,0
-18.1313,131.4698,422.8,1.1,1.1,2014-10-07,0142,Terra,MODIS,100,6.2,310.4,477.2,D,0
-18.1299,131.4592,356.9,1.1,1.1,2014-10-07,0142,Terra,MODIS,97,6.2,304.1,71.7,D,0
-18.1323,131.5087,344.6,1.1,1.1,2014-10-07,0142,Terra,MODIS,87,6.2,302.5,43.4,D,0
-18.1308,131.498,382.3,1.1,1.1,2014-10-07,0142,Terra,MODIS,100,6.2,303.4,177.4,D,0
-18.1264,131.4662,432.6,1.1,1.1,2014-10-07,0142,Terra,MODIS,100,6.2,312.1,583,D,0
-18.125,131.4557,342.7,1.1,1.1,2014-10-07,0142,Terra,MODIS,85,6.2,304.5,32.8,D,0
-18.1213,131.4994,409.3,1.1,1.1,2014-10-07,0142,Terra,MODIS,100,6.2,305.2,356.7,D,0
-20.0144,133.2604,370.4,1.5,1.2,2014-10-07,0142,Terra,MODIS,100,6.2,319.7,167.2,D,0
-20.0127,133.2462,366.3,1.5,1.2,2014-10-07,0142,Terra,MODIS,100,6.2,313.8,148,D,0
-20.0002,133.2334,367.1,1.5,1.2,2014-10-07,0142,Terra,MODIS,100,6.2,311.5,156.8,D,0
-19.9985,133.2191,348.9,1.5,1.2,2014-10-07,0142,Terra,MODIS,92,6.2,307.1,79.3,D,0
-20.0127,133.2671,344.3,1.5,1.2,2014-10-07,0142,Terra,MODIS,52,6.2,318.9,43.3,D,0
-20.0109,133.2528,351.4,1.5,1.2,2014-10-07,0142,Terra,MODIS,72,6.2,317.2,74.5,D,0
-19.9982,133.24,378.4,1.5,1.2,2014-10-07,0142,Terra,MODIS,100,6.2,313.9,228.2,D,0
-19.9964,133.2258,388.2,1.5,1.2,2014-10-07,0142,Terra,MODIS,100,6.2,313,308.2,D,0
-19.9873,133.2414,336.9,1.5,1.2,2014-10-07,0142,Terra,MODIS,36,6.2,311.9,29.4,D,0
-18.3496,131.5127,334.8,1.1,1.1,2014-10-07,0142,Terra,MODIS,44,6.2,315.9,14.2,D,0
-18.3687,131.5099,343.2,1.1,1.1,2014-10-07,0142,Terra,MODIS,71,6.2,313.4,31.1,D,0
-18.3878,131.5071,377,1.1,1.1,2014-10-07,0142,Terra,MODIS,100,6.2,316.3,145.2,D,0
-18.3893,131.5178,351.3,1.1,1.1,2014-10-07,0142,Terra,MODIS,93,6.2,316.9,50.8,D,0
-18.3974,131.5058,335.4,1.1,1.1,2014-10-07,0142,Terra,MODIS,53,6.2,313.6,19.9,D,0
-18.4145,131.5301,331.6,1.1,1.1,2014-10-07,0142,Terra,MODIS,44,6.2,315.8,12.8,D,0
-17.3539,132.7603,337.4,1.3,1.1,2014-10-07,0142,Terra,MODIS,27,6.2,318.7,21.9,D,0
-17.364,132.7589,348.4,1.3,1.1,2014-10-07,0142,Terra,MODIS,87,6.2,319.9,47.9,D,0
-17.4375,132.7794,345.1,1.3,1.1,2014-10-07,0142,Terra,MODIS,85,6.2,316.2,43.3,D,0
-17.4477,132.778,339,1.3,1.1,2014-10-07,0142,Terra,MODIS,48,6.2,317.3,28.6,D,0
-17.4578,132.7765,335.5,1.3,1.1,2014-10-07,0142,Terra,MODIS,50,6.2,314.8,22,D,0
-17.4594,132.7887,338,1.3,1.1,2014-10-07,0142,Terra,MODIS,67,6.2,312.6,29.5,D,0
-18.4724,130.8573,337.5,1.1,1,2014-10-07,0142,Terra,MODIS,68,6.2,319.4,16.9,D,0
-16.0517,127.9381,330.2,1.1,1,2014-10-07,0142,Terra,MODIS,54,6.2,312.7,8.8,D,0
-16.8767,127.2655,357.3,1.1,1.1,2014-10-07,0142,Terra,MODIS,98,6.2,310.4,72.2,D,0
-16.8224,122.8918,328.3,2.2,1.4,2014-10-07,0142,Terra,MODIS,38,6.2,313.6,27.5,D,0
-16.8993,123.1028,344.2,2.1,1.4,2014-10-07,0142,Terra,MODIS,88,6.2,311.9,96.7,D,0
-16.8264,127.1603,334.7,1.1,1.1,2014-10-07,0142,Terra,MODIS,31,6.2,313.4,17.2,D,0
-16.8651,122.9816,341.8,2.1,1.4,2014-10-07,0142,Terra,MODIS,86,6.2,313,79.5,D,0
-16.8786,122.9849,327.6,2.1,1.4,2014-10-07,0142,Terra,MODIS,52,6.2,312.1,16.6,D,0
-16.8247,127.1497,333.6,1.1,1.1,2014-10-07,0142,Terra,MODIS,33,6.2,311.6,16,D,0
-16.8659,122.9874,349.2,2.1,1.4,2014-10-07,0142,Terra,MODIS,92,6.2,313.6,122.8,D,0
-16.8261,122.9121,343.5,2.2,1.4,2014-10-07,0142,Terra,MODIS,88,6.2,313.6,95.9,D,0
-16.7858,122.9062,349.4,2.2,1.4,2014-10-07,0142,Terra,MODIS,93,6.2,311.2,145,D,0
-16.7841,122.8993,340.2,2.2,1.4,2014-10-07,0142,Terra,MODIS,84,6.2,310,91.2,D,0
-16.8106,127.1845,332.3,1.1,1.1,2014-10-07,0142,Terra,MODIS,65,6.2,313.4,15.9,D,0
-16.0464,127.9449,330.6,1.1,1,2014-10-07,0142,Terra,MODIS,43,6.2,311.6,12,D,0
-16.8133,122.9145,339.1,2.2,1.4,2014-10-07,0142,Terra,MODIS,83,6.2,314.1,71.6,D,0
-16.9427,123.0482,347.2,2.1,1.4,2014-10-07,0142,Terra,MODIS,91,6.2,313.5,110.1,D,0
-16.8096,122.8942,336.3,2.2,1.4,2014-10-07,0142,Terra,MODIS,74,6.2,311.8,58.8,D,0
-16.9085,123.081,346,2.1,1.4,2014-10-07,0142,Terra,MODIS,90,6.2,315.9,99.1,D,0
-16.9119,123.1003,355.7,2.1,1.4,2014-10-07,0142,Terra,MODIS,97,6.2,314.7,162.3,D,0
-16.8958,123.0774,334.1,2.1,1.4,2014-10-07,0142,Terra,MODIS,50,6.2,311.8,43.6,D,0
-16.7878,122.9196,335.5,2.2,1.4,2014-10-07,0142,Terra,MODIS,78,6.2,312.3,65.9,D,0
-16.8994,123.0968,350.8,2.1,1.4,2014-10-07,0142,Terra,MODIS,94,6.2,313,133.3,D,0
-16.0438,127.8878,331.1,1.1,1,2014-10-07,0142,Terra,MODIS,62,6.2,312.2,9.8,D,0
-16.0608,127.8744,337.7,1.1,1,2014-10-07,0142,Terra,MODIS,78,6.2,312.9,19.8,D,0
-16.0701,127.8729,338.1,1.1,1,2014-10-07,0142,Terra,MODIS,79,6.2,312.9,21.4,D,0
-16.8687,123.0015,330.7,2.1,1.4,2014-10-07,0142,Terra,MODIS,63,6.2,314.2,29.1,D,0
-16.8959,123.0833,348.8,2.1,1.4,2014-10-07,0142,Terra,MODIS,92,6.2,311.7,121.6,D,0
-16.0717,127.8832,336.8,1.1,1,2014-10-07,0142,Terra,MODIS,76,6.2,312.9,19.1,D,0
-16.851,127.2543,349.2,1.1,1.1,2014-10-07,0142,Terra,MODIS,92,6.2,313.4,50,D,0
-16.8526,127.2649,362.9,1.1,1.1,2014-10-07,0142,Terra,MODIS,100,6.2,313.8,90.5,D,0
-16.8505,127.1888,338.2,1.1,1.1,2014-10-07,0142,Terra,MODIS,80,6.2,313.7,24.9,D,0
-16.9084,123.0751,333.3,2.1,1.4,2014-10-07,0142,Terra,MODIS,48,6.2,315.5,38.6,D,0
-16.8089,127.1739,328.7,1.1,1.1,2014-10-07,0142,Terra,MODIS,27,6.2,312.3,10,D,0
-16.912,123.0945,358.1,2.1,1.4,2014-10-07,0142,Terra,MODIS,98,6.2,315.9,183.8,D,0
-16.8522,127.1995,333.6,1.1,1.1,2014-10-07,0142,Terra,MODIS,67,6.2,312,16.8,D,0
-16.8605,127.2526,338,1.1,1.1,2014-10-07,0142,Terra,MODIS,79,6.2,311.8,24.5,D,0
-16.8621,127.2632,347.2,1.1,1.1,2014-10-07,0142,Terra,MODIS,90,6.2,309.9,44.3,D,0
-16.8553,127.1929,339.3,1.1,1.1,2014-10-07,0142,Terra,MODIS,81,6.2,313.3,26.3,D,0
-16.8672,127.2671,343.2,1.1,1.1,2014-10-07,0142,Terra,MODIS,86,6.2,310.7,35.6,D,0
-23.4828,129.6571,338.8,1.1,1,2014-10-07,0143,Terra,MODIS,83,6.2,313.3,24.8,D,0
-23.5428,129.6796,334.2,1.1,1,2014-10-07,0143,Terra,MODIS,47,6.2,314.2,15.4,D,0
-23.4814,129.6467,337,1.1,1,2014-10-07,0143,Terra,MODIS,80,6.2,312.1,22.5,D,0
-23.4921,129.6557,341.2,1.1,1,2014-10-07,0143,Terra,MODIS,85,6.2,312,29.4,D,0
-21.9037,124.076,338.9,1.4,1.2,2014-10-07,0143,Terra,MODIS,83,6.2,313.7,38,D,0
-23.5335,129.681,343.8,1.1,1,2014-10-07,0143,Terra,MODIS,88,6.2,313.4,31.9,D,0
-23.463,129.698,327.2,1.1,1,2014-10-07,0143,Terra,MODIS,56,6.2,313.4,8.2,D,0
-23.4601,129.6772,333.6,1.1,1,2014-10-07,0143,Terra,MODIS,73,6.2,313.3,15.8,D,0
-23.4587,129.6668,380.4,1.1,1,2014-10-07,0143,Terra,MODIS,100,6.2,316.3,149.5,D,0
-23.5213,129.6617,376.6,1.1,1,2014-10-07,0143,Terra,MODIS,100,6.2,315.4,132.8,D,0
-23.5056,129.6854,357.6,1.1,1,2014-10-07,0143,Terra,MODIS,98,6.2,314.8,66.1,D,0
-23.5399,129.6588,394.9,1.1,1,2014-10-07,0143,Terra,MODIS,100,6.2,319.8,225.6,D,0
-23.5199,129.6513,386.9,1.1,1,2014-10-07,0143,Terra,MODIS,100,6.2,314.8,182.2,D,0
-23.5385,129.6484,349.8,1.1,1,2014-10-07,0143,Terra,MODIS,93,6.2,309.9,49.5,D,0
-23.5413,129.6692,351.1,1.1,1,2014-10-07,0143,Terra,MODIS,94,6.2,315.6,48.9,D,0
-23.4935,129.666,333.7,1.1,1,2014-10-07,0143,Terra,MODIS,74,6.2,312.4,16.3,D,0
-21.8906,124.0643,361,1.4,1.2,2014-10-07,0143,Terra,MODIS,100,6.2,316.6,121.2,D,0
-21.8931,124.0781,356.8,1.4,1.2,2014-10-07,0143,Terra,MODIS,98,6.2,318.6,100,D,0
-19.5779,127.0689,339,1.1,1,2014-10-07,0143,Terra,MODIS,79,6.2,318.1,19.8,D,0
-19.5686,127.0705,334.7,1.1,1,2014-10-07,0143,Terra,MODIS,70,6.2,318.2,12.9,D,0
-19.5188,127.0581,336,1.1,1,2014-10-07,0143,Terra,MODIS,73,6.2,317.4,16.8,D,0
-23.4572,129.6564,394.3,1.1,1,2014-10-07,0143,Terra,MODIS,100,6.2,315.7,222.6,D,0
-19.5399,126.7658,333,1.1,1.1,2014-10-07,0143,Terra,MODIS,64,6.2,318.8,10.5,D,0
-19.5798,126.7419,336.8,1.1,1.1,2014-10-07,0143,Terra,MODIS,61,6.2,317.9,15.4,D,0
-22.7204,130.6004,348.7,1.1,1.1,2014-10-07,0143,Terra,MODIS,92,6.2,317.9,48.1,D,0
-22.73,130.599,344.9,1.1,1.1,2014-10-07,0143,Terra,MODIS,88,6.2,315.1,39.2,D,0
-23.448,129.6579,328.8,1.1,1,2014-10-07,0143,Terra,MODIS,63,6.2,314.7,11,D,0
-22.7189,130.5894,333.7,1.1,1.1,2014-10-07,0143,Terra,MODIS,74,6.2,316,17.3,D,0
-19.5172,126.8668,336.3,1.1,1,2014-10-07,0143,Terra,MODIS,73,6.2,316.9,17.1,D,0
-19.5188,126.8773,351.2,1.1,1,2014-10-07,0143,Terra,MODIS,93,6.2,317.8,48.9,D,0
-19.5205,126.8877,332.6,1.1,1,2014-10-07,0143,Terra,MODIS,47,6.2,316.7,10.3,D,0
-19.5893,126.7402,336.3,1.1,1.1,2014-10-07,0143,Terra,MODIS,57,6.2,318.2,15,D,0
-19.5909,126.7508,335.9,1.1,1.1,2014-10-07,0143,Terra,MODIS,54,6.2,318.3,13.8,D,0
-19.6194,126.5972,333.5,1.1,1.1,2014-10-07,0143,Terra,MODIS,66,6.2,318.7,12.8,D,0
-21.4432,117.8597,351.4,4.1,1.9,2014-10-07,0143,Terra,MODIS,95,6.2,309.3,405.1,D,0
-21.4471,117.8531,350,4.1,1.9,2014-10-07,0143,Terra,MODIS,94,6.2,308.7,379.9,D,0
-20.7209,133.4533,333.3,1.6,1.2,2014-10-07,0143,Terra,MODIS,75,6.2,315.3,26.1,D,0
-20.7303,133.4367,357.5,1.6,1.2,2014-10-07,0143,Terra,MODIS,98,6.2,310.9,117.1,D,0
-20.7321,133.4519,476.9,1.6,1.2,2014-10-07,0143,Terra,MODIS,100,6.2,341.1,2164.3,D,0
-20.7339,133.467,401.6,1.6,1.2,2014-10-07,0143,Terra,MODIS,100,6.2,324.3,475.2,D,0
-20.7357,133.4822,337.4,1.6,1.2,2014-10-07,0143,Terra,MODIS,81,6.2,315.8,36.6,D,0
-20.7433,133.4504,341.1,1.6,1.2,2014-10-07,0143,Terra,MODIS,86,6.2,313,48.9,D,0
-20.7451,133.4656,336.5,1.6,1.2,2014-10-07,0143,Terra,MODIS,80,6.2,313.2,34.5,D,0
-21.435,117.8199,322.4,4.1,1.9,2014-10-07,0143,Terra,MODIS,46,6.2,307.1,60.6,D,0
-21.4305,117.8575,322.5,4.1,1.9,2014-10-07,0143,Terra,MODIS,57,6.2,307.9,64.4,D,0
-21.4389,117.8963,323.3,4,1.9,2014-10-07,0143,Terra,MODIS,60,6.2,306.6,69.9,D,0
-21.5131,117.9178,323.3,4,1.9,2014-10-07,0143,Terra,MODIS,60,6.2,306.3,75.2,D,0
-21.5164,117.9096,323.3,4,1.9,2014-10-07,0143,Terra,MODIS,60,6.2,307.2,76,D,0
-21.5619,117.7733,322.9,4.1,1.9,2014-10-07,0144,Terra,MODIS,48,6.2,307.6,68.5,D,0
-21.5754,117.6097,334.4,4.2,1.9,2014-10-07,0144,Terra,MODIS,76,6.2,306.6,163.9,D,0
-21.5611,117.6076,330,4.2,1.9,2014-10-07,0144,Terra,MODIS,67,6.2,307.8,124,D,0
-21.5779,117.6035,324.5,4.2,1.9,2014-10-07,0144,Terra,MODIS,45,6.2,306.5,72.9,D,0
-21.6119,117.6791,356.2,4.1,1.9,2014-10-07,0144,Terra,MODIS,98,6.2,307.3,491.6,D,0
-21.6141,117.6709,347.7,4.1,1.9,2014-10-07,0144,Terra,MODIS,93,6.2,306.7,345,D,0
-26.1274,123.6028,330.6,1.3,1.1,2014-10-07,0144,Terra,MODIS,74,6.2,311.9,20.6,D,0
-21.5837,117.7334,325.8,4.1,1.9,2014-10-07,0144,Terra,MODIS,61,6.2,306.1,85.4,D,0
-21.587,117.7271,326.7,4.1,1.9,2014-10-07,0144,Terra,MODIS,37,6.2,306,86.7,D,0
-21.6204,117.7189,356.9,4.1,1.9,2014-10-07,0144,Terra,MODIS,98,6.2,308.7,510.3,D,0
-21.6287,117.7578,323.1,4.1,1.9,2014-10-07,0144,Terra,MODIS,54,6.2,307.7,70.5,D,0
-21.6228,117.7105,354.7,4.1,1.9,2014-10-07,0144,Terra,MODIS,97,6.2,308.5,471,D,0
-21.6315,117.7496,325.6,4.1,1.9,2014-10-07,0144,Terra,MODIS,68,6.2,307.8,89.8,D,0
-23.6355,125.0754,331.1,1.2,1.1,2014-10-07,0144,Terra,MODIS,69,6.2,316.8,12.3,D,0
-23.6335,125.0638,354.3,1.2,1.1,2014-10-07,0144,Terra,MODIS,96,6.2,317.8,66.2,D,0
-23.6804,124.7931,333.1,1.2,1.1,2014-10-07,0144,Terra,MODIS,70,6.2,314.1,17.6,D,0
-23.8931,124.9587,335.3,1.2,1.1,2014-10-07,0144,Terra,MODIS,64,6.2,315.4,22.1,D,0
-23.8951,124.9704,332.9,1.2,1.1,2014-10-07,0144,Terra,MODIS,59,6.2,316.2,17.9,D,0
-23.8971,124.982,335,1.2,1.1,2014-10-07,0144,Terra,MODIS,36,6.2,317,20.5,D,0
-23.6844,124.8169,345.8,1.2,1.1,2014-10-07,0144,Terra,MODIS,80,6.2,319.2,43.2,D,0
-23.9049,124.9685,356.6,1.2,1.1,2014-10-07,0144,Terra,MODIS,97,6.2,316.6,74.7,D,0
-23.6824,124.805,339,1.2,1.1,2014-10-07,0144,Terra,MODIS,64,6.2,316.3,28.2,D,0
-23.6766,124.8308,332.4,1.2,1.1,2014-10-07,0144,Terra,MODIS,34,6.2,316.2,14.1,D,0
-22.497,122.5445,330.8,1.8,1.3,2014-10-07,0144,Terra,MODIS,74,6.2,314.2,33.6,D,0
-23.6786,124.8427,330.1,1.2,1.1,2014-10-07,0144,Terra,MODIS,21,6.2,316,10.3,D,0
-33.7233,122.2801,307.6,1.2,1.1,2014-10-07,0147,Terra,MODIS,56,6.2,295.9,7.1,D,0
-30.2974,148.9207,336.3,1.9,1.3,2014-10-07,0424,Aqua,MODIS,84,6.2,309.1,59.4,D,0
-30.3011,148.9013,325.2,1.9,1.3,2014-10-07,0424,Aqua,MODIS,66,6.2,310,21.8,D,0
-30.2854,148.9175,333.9,1.9,1.3,2014-10-07,0424,Aqua,MODIS,82,6.2,309.9,49.6,D,0
-28.7339,148.7804,326.4,2,1.4,2014-10-07,0425,Aqua,MODIS,66,6.2,309,24.2,D,0
-28.7639,150.4041,321.3,2.6,1.5,2014-10-07,0425,Aqua,MODIS,35,6.2,306,23,D,0
-23.2503,147.3666,322.5,2.1,1.4,2014-10-07,0426,Aqua,MODIS,25,6.2,307.1,18.5,D,0
-25.1306,149.6698,318.7,2.8,1.6,2014-10-07,0426,Aqua,MODIS,13,6.2,303.3,23.3,D,0
-25.3431,148.3161,325,2.2,1.4,2014-10-07,0426,Aqua,MODIS,55,6.2,305.7,28.9,D,0
-26.4873,141.8844,341.9,1,1,2014-10-07,0426,Aqua,MODIS,85,6.2,315.7,26.8,D,0
-23.9258,150.7681,317.9,3.5,1.8,2014-10-07,0426,Aqua,MODIS,10,6.2,301.4,48.4,D,0
-23.9166,150.7587,319,3.5,1.8,2014-10-07,0426,Aqua,MODIS,44,6.2,303,45.7,D,0
-24.5789,151.0223,318.3,3.6,1.8,2014-10-07,0426,Aqua,MODIS,54,6.2,303.2,52.4,D,0
-24.5857,151.0166,317.6,3.6,1.8,2014-10-07,0426,Aqua,MODIS,51,6.2,303,49.8,D,0
-25.1249,149.697,330,2.8,1.6,2014-10-07,0426,Aqua,MODIS,77,6.2,303.7,79.5,D,0
-26.4887,141.8743,334.7,1,1,2014-10-07,0426,Aqua,MODIS,75,6.2,314.2,15.2,D,0
-25.071,148.488,322,2.3,1.5,2014-10-07,0426,Aqua,MODIS,58,6.2,301.2,30.5,D,0
-22.8623,148.9756,339.2,2.8,1.6,2014-10-07,0426,Aqua,MODIS,86,6.2,308.2,132,D,0
-22.8634,148.9806,336.1,2.8,1.6,2014-10-07,0426,Aqua,MODIS,83,6.2,307.9,108.7,D,0
-22.8534,148.9456,328.9,2.8,1.6,2014-10-07,0426,Aqua,MODIS,59,6.2,307.4,65.3,D,0
-26.4782,141.8827,343.7,1,1,2014-10-07,0426,Aqua,MODIS,87,6.2,314.6,30.3,D,0
-26.4797,141.8727,330.3,1,1,2014-10-07,0426,Aqua,MODIS,64,6.2,313.1,9.7,D,0
-26.4231,141.7527,331.9,1,1,2014-10-07,0426,Aqua,MODIS,65,6.2,317.7,8.5,D,0
-26.4931,141.8442,327.8,1,1,2014-10-07,0426,Aqua,MODIS,44,6.2,312.1,6.8,D,0
-26.4961,141.8241,358.9,1,1,2014-10-07,0426,Aqua,MODIS,99,6.2,313.7,63.1,D,0
-26.5141,141.8274,347.9,1,1,2014-10-07,0426,Aqua,MODIS,91,6.2,320.6,35.8,D,0
-26.4975,141.8141,331,1,1,2014-10-07,0426,Aqua,MODIS,66,6.2,314.4,9.5,D,0
-25.0061,150.6265,326.4,3.3,1.7,2014-10-07,0426,Aqua,MODIS,73,6.2,308.9,67.7,D,0
-25.1531,149.5626,322.9,2.7,1.6,2014-10-07,0426,Aqua,MODIS,39,6.2,307.1,36.1,D,0
-25.1241,149.6917,331,2.8,1.6,2014-10-07,0426,Aqua,MODIS,78,6.2,303.6,85.5,D,0
-25.0211,150.6311,334.8,3.3,1.7,2014-10-07,0426,Aqua,MODIS,83,6.2,308.7,125.3,D,0
-25.0247,150.6057,325.1,3.2,1.7,2014-10-07,0426,Aqua,MODIS,54,6.2,306.9,58,D,0
-25.0177,150.6379,331.3,3.3,1.7,2014-10-07,0426,Aqua,MODIS,79,6.2,308.9,96,D,0
-26.5066,141.8157,356.4,1,1,2014-10-07,0426,Aqua,MODIS,97,6.2,319.6,55.3,D,0
-23.7619,146.6021,324.5,1.8,1.3,2014-10-07,0426,Aqua,MODIS,43,6.2,308.3,16.8,D,0
-26.5051,141.8258,377.2,1,1,2014-10-07,0426,Aqua,MODIS,100,6.2,320.2,120.5,D,0
-26.5156,141.8174,352.8,1,1,2014-10-07,0426,Aqua,MODIS,95,6.2,319.2,46.4,D,0
-22.8154,149.1359,324.4,2.9,1.6,2014-10-07,0426,Aqua,MODIS,62,6.2,309.1,44.6,D,0
-22.821,149.1084,325.3,2.9,1.6,2014-10-07,0426,Aqua,MODIS,49,6.2,307.1,46.4,D,0
-25.1347,147.888,325.7,2.1,1.4,2014-10-07,0426,Aqua,MODIS,69,6.2,305.5,32.1,D,0
-25.1462,147.8961,328.9,2.1,1.4,2014-10-07,0426,Aqua,MODIS,74,6.2,304.7,44.2,D,0
-25.1337,147.893,326.6,2.1,1.4,2014-10-07,0426,Aqua,MODIS,70,6.2,305.3,34.7,D,0
-25.1501,147.8758,321.9,2.1,1.4,2014-10-07,0426,Aqua,MODIS,56,6.2,304.7,21,D,0
-25.1472,147.8911,327.4,2.1,1.4,2014-10-07,0426,Aqua,MODIS,72,6.2,304.9,37.3,D,0
-25.2093,149.5768,320.4,2.7,1.6,2014-10-07,0426,Aqua,MODIS,48,6.2,303.6,30.4,D,0
-23.4322,150.3257,329.1,3.4,1.7,2014-10-07,0426,Aqua,MODIS,75,6.2,302.2,105.9,D,0
-23.4252,150.3586,343.3,3.4,1.7,2014-10-07,0426,Aqua,MODIS,90,6.2,302.1,233.9,D,0
-23.4302,150.3521,339.3,3.4,1.7,2014-10-07,0426,Aqua,MODIS,86,6.2,301.5,194.6,D,0
-23.4147,150.3486,330.3,3.4,1.7,2014-10-07,0426,Aqua,MODIS,76,6.2,303.4,114.5,D,0
-23.437,150.3192,320.1,3.4,1.7,2014-10-07,0426,Aqua,MODIS,38,6.2,301.3,49.4,D,0
-23.4828,129.6319,337.4,4.4,1.9,2014-10-07,0427,Aqua,MODIS,81,6.2,307.9,202.9,D,0
-23.5348,129.6327,333.6,4.4,1.9,2014-10-07,0427,Aqua,MODIS,75,6.2,309,150.6,D,0
-23.4823,129.628,338.9,4.4,1.9,2014-10-07,0427,Aqua,MODIS,83,6.2,307.9,223.4,D,0
-21.1104,147.7796,324.2,2.5,1.5,2014-10-07,0427,Aqua,MODIS,45,6.2,307.2,33.1,D,0
-21.124,147.7827,329.4,2.5,1.5,2014-10-07,0427,Aqua,MODIS,57,6.2,306.1,54.1,D,0
-23.4474,129.6249,338.2,4.4,1.9,2014-10-07,0427,Aqua,MODIS,82,6.2,308.1,212.7,D,0
-23.446,129.6169,327,4.4,1.9,2014-10-07,0427,Aqua,MODIS,52,6.2,307.8,83,D,0
-20.5727,140.6804,354.9,1,1,2014-10-07,0427,Aqua,MODIS,96,6.2,325.4,42.5,D,0
-20.5741,140.6707,341.5,1,1,2014-10-07,0427,Aqua,MODIS,82,6.2,324,14.2,D,0
-20.5712,140.69,342.1,1,1,2014-10-07,0427,Aqua,MODIS,83,6.2,324.8,15.3,D,0
-23.5313,129.6758,335.2,4.3,1.9,2014-10-07,0427,Aqua,MODIS,78,6.2,311.1,166.7,D,0
-23.532,129.6799,333.2,4.3,1.9,2014-10-07,0427,Aqua,MODIS,75,6.2,311.1,143.3,D,0
-23.5353,129.6367,341,4.4,1.9,2014-10-07,0427,Aqua,MODIS,85,6.2,309.3,247.6,D,0
-20.7522,133.4829,369.8,2.1,1.4,2014-10-07,0428,Aqua,MODIS,100,6.2,318.2,278.2,D,0
-20.7544,133.4626,337.3,2.1,1.4,2014-10-07,0428,Aqua,MODIS,78,6.2,315.9,50.3,D,0
-17.9688,139.0268,339.4,1,1,2014-10-07,0428,Aqua,MODIS,80,6.2,314.5,19.3,D,0
-17.9701,139.0173,354.3,1,1,2014-10-07,0428,Aqua,MODIS,96,6.2,315.6,48.7,D,0
-16.4466,144.7953,341.5,1.9,1.3,2014-10-07,0428,Aqua,MODIS,86,6.2,311.5,75.4,D,0
-16.4495,144.7781,333.5,1.9,1.3,2014-10-07,0428,Aqua,MODIS,75,6.2,311.7,43.3,D,0
-16.4585,144.7975,330.8,1.9,1.3,2014-10-07,0428,Aqua,MODIS,70,6.2,311.7,35.4,D,0
-16.4533,144.7841,336.9,1.9,1.3,2014-10-07,0428,Aqua,MODIS,80,6.2,312.1,55.3,D,0
-17.9585,139.0348,341.3,1,1,2014-10-07,0428,Aqua,MODIS,83,6.2,313.9,22.6,D,0
-18.0749,130.7769,330.5,3.1,1.7,2014-10-07,0428,Aqua,MODIS,44,6.2,309.3,55.3,D,0
-18.0736,130.7839,330.3,3.1,1.7,2014-10-07,0428,Aqua,MODIS,39,6.2,308.6,51.3,D,0
-18.3668,131.4821,379.7,2.8,1.6,2014-10-07,0428,Aqua,MODIS,100,6.2,313.2,586.4,D,0
-18.3838,131.4576,334.3,2.8,1.6,2014-10-07,0428,Aqua,MODIS,63,6.2,307.8,76.6,D,0
-17.771,131.8038,337.2,2.6,1.5,2014-10-07,0428,Aqua,MODIS,79,6.2,313,69.3,D,0
-17.7736,131.7796,330.4,2.6,1.5,2014-10-07,0428,Aqua,MODIS,24,6.2,311.1,36,D,0
-17.8759,131.9967,330.9,2.5,1.5,2014-10-07,0428,Aqua,MODIS,39,6.2,312,35.3,D,0
-17.6017,132.7478,341.4,2.2,1.4,2014-10-07,0428,Aqua,MODIS,57,6.2,316.1,82.2,D,0
-18.1222,131.3561,327.8,2.8,1.6,2014-10-07,0428,Aqua,MODIS,53,6.2,298.9,60.6,D,0
-18.135,131.3526,328.4,2.8,1.6,2014-10-07,0428,Aqua,MODIS,59,6.2,301.6,64.4,D,0
-17.7597,131.7779,349.4,2.6,1.5,2014-10-07,0428,Aqua,MODIS,92,6.2,309,164.2,D,0
-17.7571,131.8021,340.4,2.6,1.5,2014-10-07,0428,Aqua,MODIS,78,6.2,310.6,93.3,D,0
-18.2628,131.8421,328.4,2.6,1.5,2014-10-07,0428,Aqua,MODIS,23,6.2,311.9,30.6,D,0
-17.7713,131.3672,345.4,2.8,1.6,2014-10-07,0428,Aqua,MODIS,89,6.2,305.2,165.4,D,0
-17.7761,131.3462,331.6,2.8,1.6,2014-10-07,0428,Aqua,MODIS,69,6.2,303.9,68.9,D,0
-18.2536,131.8462,331.3,2.6,1.5,2014-10-07,0428,Aqua,MODIS,58,6.2,312.6,44.6,D,0
-17.5905,132.7415,339,2.2,1.4,2014-10-07,0428,Aqua,MODIS,30,6.2,314.9,66,D,0
-17.6039,132.7275,340.2,2.2,1.4,2014-10-07,0428,Aqua,MODIS,57,6.2,313.9,78.2,D,0
-17.7734,131.3723,351.2,2.8,1.6,2014-10-07,0428,Aqua,MODIS,94,6.2,305.5,218.9,D,0
-17.6296,131.7577,366.6,2.6,1.5,2014-10-07,0428,Aqua,MODIS,100,6.2,306.1,335.3,D,0
-17.6156,131.7561,348.2,2.6,1.5,2014-10-07,0428,Aqua,MODIS,91,6.2,306,152,D,0
-17.6237,131.7503,369.3,2.6,1.5,2014-10-07,0428,Aqua,MODIS,100,6.2,301.9,370.4,D,0
-18.3753,131.5025,351.4,2.8,1.6,2014-10-07,0428,Aqua,MODIS,94,6.2,313.7,198.7,D,0
-17.7856,131.3688,343.9,2.8,1.6,2014-10-07,0428,Aqua,MODIS,87,6.2,304.8,151.8,D,0
-18.3642,131.5082,339.2,2.8,1.6,2014-10-07,0428,Aqua,MODIS,82,6.2,312.1,94.2,D,0
-17.7828,131.3947,332.4,2.8,1.6,2014-10-07,0428,Aqua,MODIS,71,6.2,304.3,68.6,D,0
-18.1012,131.8418,330.8,2.6,1.5,2014-10-07,0428,Aqua,MODIS,55,6.2,312.2,38.9,D,0
-17.7878,131.374,339.2,2.8,1.6,2014-10-07,0428,Aqua,MODIS,82,6.2,304.3,119.9,D,0
-18.3439,131.5252,326.9,2.7,1.6,2014-10-07,0428,Aqua,MODIS,25,6.2,309.8,29,D,0
-18.3812,131.4838,381.7,2.8,1.6,2014-10-07,0428,Aqua,MODIS,100,6.2,313.9,624.2,D,0
-18.4162,131.5666,333.8,2.7,1.6,2014-10-07,0428,Aqua,MODIS,64,6.2,311.8,68.2,D,0
-19.123,133.1985,340.6,2.1,1.4,2014-10-07,0428,Aqua,MODIS,60,6.2,319.8,54,D,0
-19.1103,133.1969,343.9,2.1,1.4,2014-10-07,0428,Aqua,MODIS,77,6.2,321.8,71,D,0
-18.1037,131.8174,334,2.6,1.5,2014-10-07,0428,Aqua,MODIS,74,6.2,315.6,56,D,0
-19.1204,133.2115,345.5,2.1,1.4,2014-10-07,0428,Aqua,MODIS,79,6.2,318,83.2,D,0
-19.1077,133.2099,339.2,2.1,1.4,2014-10-07,0428,Aqua,MODIS,44,6.2,318.7,50.5,D,0
-18.2044,131.8604,328.8,2.6,1.5,2014-10-07,0428,Aqua,MODIS,32,6.2,313.6,31.2,D,0
-18.2183,131.862,352.8,2.6,1.5,2014-10-07,0428,Aqua,MODIS,95,6.2,315,191.7,D,0
-19.9535,133.1872,329.3,2.2,1.4,2014-10-07,0428,Aqua,MODIS,57,6.2,313.1,28.1,D,0
-18.3781,131.4764,388.2,2.8,1.6,2014-10-07,0428,Aqua,MODIS,100,6.2,314.2,752.8,D,0
-18.3637,131.4748,357.2,2.8,1.6,2014-10-07,0428,Aqua,MODIS,98,6.2,311.3,269.1,D,0
-18.3412,131.5511,330.4,2.7,1.6,2014-10-07,0428,Aqua,MODIS,46,6.2,308.4,53.6,D,0
-18.361,131.5009,352.6,2.8,1.6,2014-10-07,0428,Aqua,MODIS,95,6.2,312,212.3,D,0
-18.0329,131.902,343.2,2.5,1.5,2014-10-07,0428,Aqua,MODIS,87,6.2,312.6,115.5,D,0
-18.0467,131.9036,332.2,2.5,1.5,2014-10-07,0428,Aqua,MODIS,55,6.2,310.9,45.1,D,0
-18.7473,145.8908,326.5,2,1.4,2014-10-07,0428,Aqua,MODIS,44,6.2,298.8,43,D,0
-14.5277,133.3207,338.1,1.8,1.3,2014-10-07,0429,Aqua,MODIS,75,6.2,317.5,31.7,D,0
-14.0886,135.7037,331.2,1.2,1.1,2014-10-07,0429,Aqua,MODIS,39,6.2,311.9,17.8,D,0
-15.232,143.5117,349.7,1.6,1.2,2014-10-07,0429,Aqua,MODIS,93,6.2,307.3,91.1,D,0
-14.3668,142.2334,330.9,1.4,1.2,2014-10-07,0429,Aqua,MODIS,29,6.2,313.4,12,D,0
-13.0384,143.0611,327.2,1.6,1.3,2014-10-07,0429,Aqua,MODIS,32,6.2,306.1,25.1,D,0
-14.2625,142.2484,360.7,1.4,1.2,2014-10-07,0429,Aqua,MODIS,100,6.2,308.7,109.9,D,0
-14.2562,142.2218,386.8,1.4,1.2,2014-10-07,0429,Aqua,MODIS,100,6.2,318.8,260.1,D,0
-14.3648,142.2458,333.8,1.4,1.2,2014-10-07,0429,Aqua,MODIS,31,6.2,311.4,17.2,D,0
-15.3805,143.6566,351,1.6,1.3,2014-10-07,0429,Aqua,MODIS,94,6.2,308.4,96.7,D,0
-12.996,143.039,326.5,1.6,1.2,2014-10-07,0429,Aqua,MODIS,37,6.2,307.2,21,D,0
-14.3941,133.931,341.9,1.6,1.2,2014-10-07,0429,Aqua,MODIS,84,6.2,314.7,47.5,D,0
-14.4164,133.9339,336,1.6,1.2,2014-10-07,0429,Aqua,MODIS,58,6.2,315,27.1,D,0
-12.445,142.7379,339.7,1.6,1.2,2014-10-07,0429,Aqua,MODIS,90,6.2,306.2,58.9,D,0
-15.2432,143.5136,357.7,1.6,1.2,2014-10-07,0429,Aqua,MODIS,98,6.2,315.4,123.9,D,0
-14.516,133.3192,344.6,1.8,1.3,2014-10-07,0429,Aqua,MODIS,87,6.2,315.4,59.6,D,0
-12.4472,142.7237,337.8,1.6,1.2,2014-10-07,0429,Aqua,MODIS,88,6.2,305.3,52.3,D,0
-14.4258,133.9499,337.6,1.6,1.2,2014-10-07,0429,Aqua,MODIS,71,6.2,315.3,33.4,D,0
-15.3729,143.7022,369.9,1.6,1.3,2014-10-07,0429,Aqua,MODIS,100,6.2,311.9,207.3,D,0
-14.4276,133.9353,346,1.6,1.2,2014-10-07,0429,Aqua,MODIS,89,6.2,317.7,60.8,D,0
-14.7641,134.8083,363.6,1.4,1.2,2014-10-07,0429,Aqua,MODIS,100,6.2,314.3,120.4,D,0
-15.248,143.4843,338,1.6,1.2,2014-10-07,0429,Aqua,MODIS,82,6.2,309.1,48.8,D,0
-14.3829,133.9297,338.3,1.6,1.2,2014-10-07,0429,Aqua,MODIS,79,6.2,314.5,35.6,D,0
-14.4031,133.8573,347.1,1.6,1.2,2014-10-07,0429,Aqua,MODIS,90,6.2,316,68.8,D,0
-14.2601,142.197,333.1,1.3,1.2,2014-10-07,0429,Aqua,MODIS,57,6.2,312.9,24.7,D,0
-14.7271,133.3481,340.3,1.8,1.3,2014-10-07,0429,Aqua,MODIS,83,6.2,313,51,D,0
-14.7076,133.4118,336.3,1.8,1.3,2014-10-07,0429,Aqua,MODIS,40,6.2,316.1,28.7,D,0
-14.4518,133.9237,335.8,1.6,1.2,2014-10-07,0429,Aqua,MODIS,26,6.2,315.4,26.7,D,0
-15.2456,143.4989,338.7,1.6,1.2,2014-10-07,0429,Aqua,MODIS,79,6.2,312.9,49.2,D,0
-14.3481,133.9352,343.9,1.6,1.2,2014-10-07,0429,Aqua,MODIS,86,6.2,313.2,55.7,D,0
-14.4049,133.8423,344.6,1.6,1.2,2014-10-07,0429,Aqua,MODIS,87,6.2,313.8,61.8,D,0
-15.3714,143.6492,331.5,1.6,1.3,2014-10-07,0429,Aqua,MODIS,51,6.2,306.7,25.3,D,0
-15.1752,145.0008,356.8,2.1,1.4,2014-10-07,0429,Aqua,MODIS,98,6.2,304.7,189.9,D,0
-14.2968,142.2728,361.6,1.4,1.2,2014-10-07,0429,Aqua,MODIS,100,6.2,313.3,109.6,D,0
-14.2988,142.2603,331.6,1.4,1.2,2014-10-07,0429,Aqua,MODIS,61,6.2,313.4,14.6,D,0
-14.3752,142.2476,343.9,1.4,1.2,2014-10-07,0429,Aqua,MODIS,88,6.2,313.2,42.8,D,0
-15.3754,143.6871,359.7,1.6,1.3,2014-10-07,0429,Aqua,MODIS,99,6.2,313.6,142.2,D,0
-14.7096,133.4215,335,1.7,1.3,2014-10-07,0429,Aqua,MODIS,70,6.2,315.7,26.5,D,0
-15.2248,145.1763,333.2,2.1,1.4,2014-10-07,0429,Aqua,MODIS,78,6.2,302.2,66.2,D,0
-12.4807,142.4434,324.8,1.5,1.2,2014-10-07,0429,Aqua,MODIS,31,6.2,306.4,15.4,D,0
-14.2645,142.236,351,1.4,1.2,2014-10-07,0429,Aqua,MODIS,94,6.2,313.5,71.9,D,0
-12.742,142.0934,330.8,1.4,1.2,2014-10-07,0429,Aqua,MODIS,43,6.2,310.9,18.2,D,0
-12.4695,142.6549,324.7,1.5,1.2,2014-10-07,0429,Aqua,MODIS,53,6.2,305,14.7,D,0
-12.4427,142.7522,324.6,1.6,1.2,2014-10-07,0429,Aqua,MODIS,68,6.2,304.7,19.3,D,0
-14.4649,133.9173,335,1.6,1.2,2014-10-07,0429,Aqua,MODIS,73,6.2,313.7,33.3,D,0
-15.2031,145.1519,329.5,2.1,1.4,2014-10-07,0429,Aqua,MODIS,70,6.2,301,51.2,D,0
-15.378,143.6719,354.2,1.6,1.3,2014-10-07,0429,Aqua,MODIS,96,6.2,311,113.7,D,0
-12.4495,142.7096,320.1,1.6,1.2,2014-10-07,0429,Aqua,MODIS,35,6.2,304.6,10.1,D,0
-14.4537,133.909,356.8,1.6,1.2,2014-10-07,0429,Aqua,MODIS,97,6.2,315.4,111.1,D,0
-12.5063,142.6534,328.6,1.5,1.2,2014-10-07,0429,Aqua,MODIS,61,6.2,308.5,22.3,D,0
-12.6363,142.5525,321.9,1.5,1.2,2014-10-07,0429,Aqua,MODIS,35,6.2,303.8,12.4,D,0
-14.4144,133.8587,338,1.6,1.2,2014-10-07,0429,Aqua,MODIS,79,6.2,313.8,37.1,D,0
-15.3892,143.6739,336.7,1.6,1.3,2014-10-07,0429,Aqua,MODIS,81,6.2,308.8,48.1,D,0
-14.3836,133.9245,333.8,1.6,1.2,2014-10-07,0429,Aqua,MODIS,68,6.2,315,22.1,D,0
-14.7116,133.4054,334.6,1.8,1.3,2014-10-07,0429,Aqua,MODIS,63,6.2,316.4,25.7,D,0
-12.645,142.5681,326.5,1.5,1.2,2014-10-07,0429,Aqua,MODIS,26,6.2,305.8,16.9,D,0
-12.9936,143.0535,330.2,1.6,1.3,2014-10-07,0429,Aqua,MODIS,56,6.2,305.9,33,D,0
-14.7625,134.8213,333.1,1.4,1.2,2014-10-07,0429,Aqua,MODIS,46,6.2,313.7,15.8,D,0
-14.2665,142.2236,335.7,1.4,1.2,2014-10-07,0429,Aqua,MODIS,58,6.2,314.1,27.4,D,0
-12.7083,142.6136,338.5,1.5,1.2,2014-10-07,0429,Aqua,MODIS,85,6.2,311.2,46.8,D,0
-15.199,145.1639,337.7,2.1,1.4,2014-10-07,0429,Aqua,MODIS,83,6.2,300.8,90.5,D,0
-14.2916,142.2662,346,1.4,1.2,2014-10-07,0429,Aqua,MODIS,90,6.2,311.2,52.7,D,0
-14.2582,142.2094,342.5,1.4,1.2,2014-10-07,0429,Aqua,MODIS,84,6.2,312.4,48,D,0
-14.4556,133.8941,355.1,1.6,1.2,2014-10-07,0429,Aqua,MODIS,96,6.2,311.6,105.9,D,0
-14.3525,142.2566,338.5,1.4,1.2,2014-10-07,0429,Aqua,MODIS,53,6.2,315.2,28.4,D,0
-15.4625,143.5865,336,1.6,1.2,2014-10-07,0429,Aqua,MODIS,65,6.2,311.8,39.3,D,0
-14.2542,142.2342,396.2,1.4,1.2,2014-10-07,0429,Aqua,MODIS,100,6.2,317.3,337.3,D,0
-14.5298,133.3043,336.5,1.8,1.3,2014-10-07,0429,Aqua,MODIS,70,6.2,316.8,26.2,D,0
-15.1872,145.0809,322.5,2.1,1.4,2014-10-07,0429,Aqua,MODIS,39,6.2,303.6,25.2,D,0
-15.3736,145.1565,322.4,2.1,1.4,2014-10-07,0429,Aqua,MODIS,29,6.2,299.4,37.5,D,0
-14.518,133.3028,348.7,1.8,1.3,2014-10-07,0429,Aqua,MODIS,91,6.2,315.4,78.2,D,0
-15.3719,143.6397,336.7,1.6,1.3,2014-10-07,0429,Aqua,MODIS,80,6.2,307.4,39.8,D,0
-15.364,143.6949,327.7,1.6,1.3,2014-10-07,0429,Aqua,MODIS,54,6.2,312.4,21.3,D,0
-14.4649,133.9106,336.4,1.6,1.2,2014-10-07,0429,Aqua,MODIS,55,6.2,313.4,33.5,D,0
-12.6834,142.1231,353.8,1.4,1.2,2014-10-07,0429,Aqua,MODIS,96,6.2,310.1,88.9,D,0
-15.2345,143.4969,346.6,1.6,1.2,2014-10-07,0429,Aqua,MODIS,91,6.2,308.8,80.6,D,0
-14.3072,142.2745,334.2,1.4,1.2,2014-10-07,0429,Aqua,MODIS,52,6.2,313.5,20.3,D,0
-15.1996,145.1714,328.1,2.1,1.4,2014-10-07,0429,Aqua,MODIS,64,6.2,300.8,49.4,D,0
-15.2567,143.5009,337.2,1.6,1.2,2014-10-07,0429,Aqua,MODIS,81,6.2,313,42.4,D,0
-14.2813,142.2645,343.8,1.4,1.2,2014-10-07,0429,Aqua,MODIS,88,6.2,310.8,48,D,0
-12.493,142.6656,333.2,1.5,1.2,2014-10-07,0429,Aqua,MODIS,80,6.2,305.8,36.5,D,0
-15.4599,143.5944,338.3,1.6,1.2,2014-10-07,0429,Aqua,MODIS,73,6.2,311.7,47.4,D,0
-12.504,142.6675,330.2,1.5,1.2,2014-10-07,0429,Aqua,MODIS,70,6.2,306.5,28.4,D,0
-12.4404,142.7664,344.3,1.6,1.2,2014-10-07,0429,Aqua,MODIS,92,6.2,305.5,74,D,0
-15.2407,143.5283,346.8,1.6,1.2,2014-10-07,0429,Aqua,MODIS,91,6.2,313.5,73.7,D,0
-15.172,145.0197,330.2,2.1,1.4,2014-10-07,0429,Aqua,MODIS,69,6.2,303.3,48.6,D,0
-12.463,142.6249,330.8,1.5,1.2,2014-10-07,0429,Aqua,MODIS,64,6.2,303.8,29.2,D,0
-14.6571,133.3654,339.9,1.8,1.3,2014-10-07,0429,Aqua,MODIS,82,6.2,316.4,38,D,0
-14.3,142.2805,337.3,1.4,1.2,2014-10-07,0429,Aqua,MODIS,70,6.2,312.8,28.6,D,0
-14.2522,142.2466,335.9,1.4,1.2,2014-10-07,0429,Aqua,MODIS,80,6.2,308.6,33.3,D,0
-14.302,142.268,336.8,1.4,1.2,2014-10-07,0429,Aqua,MODIS,66,6.2,314.1,26.2,D,0
-15.2591,143.4863,336.2,1.6,1.2,2014-10-07,0429,Aqua,MODIS,80,6.2,310.8,41.1,D,0
-14.6551,133.3818,359.1,1.8,1.3,2014-10-07,0429,Aqua,MODIS,99,6.2,317.8,132.9,D,0
-15.1594,145.0176,328.9,2.1,1.4,2014-10-07,0429,Aqua,MODIS,56,6.2,302,47.4,D,0
-15.1905,145.0616,325.9,2.1,1.4,2014-10-07,0429,Aqua,MODIS,63,6.2,303.1,34.5,D,0
-12.7704,142.0263,338.9,1.4,1.2,2014-10-07,0429,Aqua,MODIS,86,6.2,294.8,45.1,D,0
-17.5955,130.3246,342.8,3.3,1.7,2014-10-07,0429,Aqua,MODIS,86,6.2,314.7,151.9,D,0
-17.5946,130.3004,349.4,3.3,1.7,2014-10-07,0429,Aqua,MODIS,92,6.2,314,231.7,D,0
-17.5987,130.2937,343.6,3.3,1.7,2014-10-07,0429,Aqua,MODIS,87,6.2,314.1,168.5,D,0
-17.5916,130.3313,333.2,3.3,1.7,2014-10-07,0429,Aqua,MODIS,46,6.2,313.4,65.2,D,0
-17.4423,130.4883,332.4,3.2,1.7,2014-10-07,0429,Aqua,MODIS,66,6.2,313.1,72.1,D,0
-13.9378,132.6306,334.3,2,1.4,2014-10-07,0429,Aqua,MODIS,73,6.2,316,28.7,D,0
-13.5611,142.0925,328.3,1.4,1.2,2014-10-07,0429,Aqua,MODIS,18,6.2,310.4,13.2,D,0
-13.5423,142.0765,331.6,1.4,1.2,2014-10-07,0429,Aqua,MODIS,55,6.2,310,19,D,0
-12.6537,142.5837,335.2,1.5,1.2,2014-10-07,0429,Aqua,MODIS,64,6.2,310.3,35.2,D,0
-12.6515,142.5976,331.2,1.5,1.2,2014-10-07,0429,Aqua,MODIS,35,6.2,306.8,23.6,D,0
-14.8468,141.8537,350.8,1.3,1.1,2014-10-07,0429,Aqua,MODIS,93,6.2,313.8,50.9,D,0
-14.8505,141.8305,333.8,1.3,1.1,2014-10-07,0429,Aqua,MODIS,37,6.2,315.7,10.8,D,0
-15.1785,144.9819,336,2,1.4,2014-10-07,0429,Aqua,MODIS,81,6.2,303.7,74.8,D,0
-13.5599,135.3866,333.6,1.2,1.1,2014-10-07,0429,Aqua,MODIS,64,6.2,316,17.7,D,0
-15.1877,145.0029,322.6,2.1,1.4,2014-10-07,0429,Aqua,MODIS,31,6.2,302.9,25.6,D,0
-15.1845,145.0218,326.7,2.1,1.4,2014-10-07,0429,Aqua,MODIS,65,6.2,304.3,38.4,D,0
-13.6447,142.074,332.9,1.4,1.2,2014-10-07,0429,Aqua,MODIS,66,6.2,313.9,19.9,D,0
-13.6118,142.0811,338,1.4,1.2,2014-10-07,0429,Aqua,MODIS,84,6.2,311.7,33.6,D,0
-12.7858,141.881,332.2,1.4,1.2,2014-10-07,0429,Aqua,MODIS,60,6.2,305.7,22.7,D,0
-12.7877,141.8686,337.1,1.4,1.2,2014-10-07,0429,Aqua,MODIS,84,6.2,306,33.3,D,0
-14.4832,144.3524,329,1.9,1.3,2014-10-07,0429,Aqua,MODIS,66,6.2,301.5,41.7,D,0
-13.6221,142.0828,330,1.4,1.2,2014-10-07,0429,Aqua,MODIS,39,6.2,311.7,15.5,D,0
-14.5552,144.2469,335.3,1.9,1.3,2014-10-07,0429,Aqua,MODIS,80,6.2,301,61.8,D,0
-13.0325,142.9561,325.4,1.6,1.2,2014-10-07,0429,Aqua,MODIS,57,6.2,307.1,14.7,D,0
-13.0213,142.9543,324.9,1.6,1.2,2014-10-07,0429,Aqua,MODIS,51,6.2,307.4,13.7,D,0
-13.0348,142.9415,327.7,1.6,1.2,2014-10-07,0429,Aqua,MODIS,68,6.2,307.6,20.4,D,0
-13.0238,142.9395,326.4,1.6,1.2,2014-10-07,0429,Aqua,MODIS,60,6.2,305.9,17.3,D,0
-17.3544,132.7621,338.9,2.1,1.4,2014-10-07,0429,Aqua,MODIS,58,6.2,312.5,61.6,D,0
-17.3566,132.742,337,2.1,1.4,2014-10-07,0429,Aqua,MODIS,44,6.2,311.7,50.7,D,0
-17.3547,132.7552,342.5,2.1,1.4,2014-10-07,0429,Aqua,MODIS,67,6.2,314.4,85.1,D,0
-15.4221,145.0285,340.3,2,1.4,2014-10-07,0429,Aqua,MODIS,86,6.2,302,93.2,D,0
-15.4346,145.0303,341.2,2,1.4,2014-10-07,0429,Aqua,MODIS,86,6.2,304.7,93.3,D,0
-17.0484,132.5991,336.1,2.2,1.4,2014-10-07,0429,Aqua,MODIS,51,6.2,314.9,53,D,0
-13.6014,142.0793,347.2,1.4,1.2,2014-10-07,0429,Aqua,MODIS,92,6.2,312.2,58.9,D,0
-15.4656,145.0736,326.7,2.1,1.4,2014-10-07,0429,Aqua,MODIS,39,6.2,301.4,32.5,D,0
-13.657,142.0633,331,1.4,1.2,2014-10-07,0429,Aqua,MODIS,52,6.2,314.6,16,D,0
-13.1114,141.8839,352.4,1.3,1.1,2014-10-07,0429,Aqua,MODIS,95,6.2,310.3,77.5,D,0
-13.1236,141.8734,328.4,1.3,1.1,2014-10-07,0429,Aqua,MODIS,30,6.2,310.4,17.2,D,0
-13.1134,141.8717,380.9,1.3,1.1,2014-10-07,0429,Aqua,MODIS,100,6.2,313.5,215.2,D,0
-13.1153,141.8594,354,1.3,1.1,2014-10-07,0429,Aqua,MODIS,96,6.2,310.6,83.9,D,0
-13.4131,141.9286,338,1.3,1.1,2014-10-07,0429,Aqua,MODIS,84,6.2,309.4,32,D,0
-13.415,141.9165,328.3,1.3,1.1,2014-10-07,0429,Aqua,MODIS,69,6.2,311.7,11.8,D,0
-16.5206,135.4671,336.8,1.3,1.1,2014-10-07,0429,Aqua,MODIS,78,6.2,314.1,21.6,D,0
-16.5221,135.4545,363.7,1.3,1.1,2014-10-07,0429,Aqua,MODIS,100,6.2,315.8,112.4,D,0
-14.2043,143.461,326,1.6,1.3,2014-10-07,0429,Aqua,MODIS,50,6.2,306.4,19.8,D,0
-14.2029,143.4695,327.5,1.6,1.3,2014-10-07,0429,Aqua,MODIS,38,6.2,306.2,22.8,D,0
-14.8312,141.8869,335.6,1.3,1.1,2014-10-07,0429,Aqua,MODIS,77,6.2,315.3,13.8,D,0
-13.5514,135.3738,336,1.2,1.1,2014-10-07,0429,Aqua,MODIS,52,6.2,314.8,20,D,0
-16.5002,139.6519,342.9,1,1,2014-10-07,0429,Aqua,MODIS,91,6.2,308.9,32,D,0
-16.5065,139.6722,341.3,1,1,2014-10-07,0429,Aqua,MODIS,69,6.2,307.5,29.2,D,0
-16.5079,139.6628,331.8,1,1,2014-10-07,0429,Aqua,MODIS,63,6.2,308,14.5,D,0
-16.4961,139.6801,342,1,1,2014-10-07,0429,Aqua,MODIS,86,6.2,307.3,31.9,D,0
-13.655,142.0758,339.2,1.4,1.2,2014-10-07,0429,Aqua,MODIS,85,6.2,313.9,36.7,D,0
-12.5798,142.8323,325.8,1.6,1.2,2014-10-07,0429,Aqua,MODIS,47,6.2,306.8,19.8,D,0
-14.6519,142.0506,340.7,1.3,1.1,2014-10-07,0429,Aqua,MODIS,85,6.2,317.4,28.3,D,0
-14.4442,144.3631,328.7,1.9,1.3,2014-10-07,0429,Aqua,MODIS,62,6.2,300.2,42,D,0
-14.6417,142.0488,343.4,1.3,1.1,2014-10-07,0429,Aqua,MODIS,88,6.2,316.2,38.1,D,0
-14.4412,144.3804,323.1,1.9,1.3,2014-10-07,0429,Aqua,MODIS,20,6.2,299.8,25.1,D,0
-12.6623,142.5994,330.3,1.5,1.2,2014-10-07,0429,Aqua,MODIS,35,6.2,311.5,22.2,D,0
-16.4871,139.6787,328.8,1,1,2014-10-07,0429,Aqua,MODIS,40,6.2,307.4,12.3,D,0
-14.1615,143.5092,324.7,1.7,1.3,2014-10-07,0429,Aqua,MODIS,41,6.2,306.7,18,D,0
-16.4988,139.6613,329.9,1,1,2014-10-07,0429,Aqua,MODIS,62,6.2,307.9,10.7,D,0
-16.4975,139.6707,346.2,1,1,2014-10-07,0429,Aqua,MODIS,93,6.2,309.8,38.1,D,0
-16.5016,139.6425,326,1,1,2014-10-07,0429,Aqua,MODIS,79,6.2,308.6,7.5,D,0
-13.3746,141.9725,328.8,1.3,1.1,2014-10-07,0429,Aqua,MODIS,32,6.2,308.7,18.9,D,0
-13.3765,141.9603,339.6,1.3,1.1,2014-10-07,0429,Aqua,MODIS,86,6.2,312.5,42,D,0
-13.3642,141.9708,323.3,1.3,1.1,2014-10-07,0429,Aqua,MODIS,20,6.2,306.5,12.2,D,0
-13.3662,141.9586,344.8,1.3,1.1,2014-10-07,0429,Aqua,MODIS,90,6.2,309.6,58.5,D,0
-13.8795,132.5621,331.9,2,1.4,2014-10-07,0429,Aqua,MODIS,25,6.2,310.4,32.4,D,0
-14.1602,134.1657,341.7,1.5,1.2,2014-10-07,0429,Aqua,MODIS,84,6.2,317,45.5,D,0
-14.1637,134.1373,328.8,1.5,1.2,2014-10-07,0429,Aqua,MODIS,48,6.2,311.2,16.3,D,0
-14.1681,134.1755,332.5,1.5,1.2,2014-10-07,0429,Aqua,MODIS,41,6.2,316.5,16.2,D,0
-13.8562,135.85,331.9,1.2,1.1,2014-10-07,0429,Aqua,MODIS,33,6.2,310.9,13.9,D,0
-13.7499,133.6029,350.6,1.6,1.3,2014-10-07,0429,Aqua,MODIS,93,6.2,318,81.8,D,0
-13.7612,133.6045,331.9,1.6,1.3,2014-10-07,0429,Aqua,MODIS,53,6.2,316.3,14.6,D,0
-14.0039,135.7983,330.4,1.2,1.1,2014-10-07,0429,Aqua,MODIS,56,6.2,313.5,14.4,D,0
-14.1864,136.5644,344.1,1.1,1,2014-10-07,0429,Aqua,MODIS,88,6.2,308,40.1,D,0
-14.177,136.563,334.8,1.1,1,2014-10-07,0429,Aqua,MODIS,73,6.2,307.2,22.3,D,0
-14.1784,136.5528,329,1.1,1,2014-10-07,0429,Aqua,MODIS,50,6.2,308.2,12.3,D,0
-13.8757,135.8528,343.2,1.2,1.1,2014-10-07,0429,Aqua,MODIS,83,6.2,313.4,38.7,D,0
-13.0518,143.049,326.4,1.6,1.2,2014-10-07,0429,Aqua,MODIS,47,6.2,305.9,19.6,D,0
-16.114,136.8078,334,1.1,1.1,2014-10-07,0429,Aqua,MODIS,58,6.2,309.3,18.3,D,0
-13.7631,133.5894,333,1.6,1.3,2014-10-07,0429,Aqua,MODIS,63,6.2,316.2,19.2,D,0
-13.7518,133.5879,340.3,1.6,1.3,2014-10-07,0429,Aqua,MODIS,79,6.2,318.2,42.6,D,0
-13.7404,133.5864,337.6,1.6,1.3,2014-10-07,0429,Aqua,MODIS,69,6.2,316.4,36.2,D,0
-12.4381,142.7808,372.6,1.6,1.2,2014-10-07,0429,Aqua,MODIS,100,6.2,307.9,219,D,0
-12.4894,142.2518,332.6,1.4,1.2,2014-10-07,0429,Aqua,MODIS,75,6.2,309.7,27.9,D,0
-14.4413,144.4531,323.7,1.9,1.4,2014-10-07,0429,Aqua,MODIS,39,6.2,300.4,27.9,D,0
-14.1619,134.1515,372,1.5,1.2,2014-10-07,0429,Aqua,MODIS,100,6.2,316.4,190.9,D,0
-15.052,145.1116,325.3,2.1,1.4,2014-10-07,0429,Aqua,MODIS,52,6.2,301.3,41.6,D,0
-15.4378,145.0119,326.8,2,1.4,2014-10-07,0429,Aqua,MODIS,28,6.2,302.9,34.5,D,0
-14.1479,134.0719,339.9,1.5,1.2,2014-10-07,0429,Aqua,MODIS,76,6.2,314.6,37.8,D,0
-14.1369,134.0704,335.1,1.5,1.2,2014-10-07,0429,Aqua,MODIS,68,6.2,316.5,25.6,D,0
-14.1387,134.0562,343.2,1.5,1.2,2014-10-07,0429,Aqua,MODIS,86,6.2,316.5,48.6,D,0
-13.9116,135.6556,354.1,1.2,1.1,2014-10-07,0429,Aqua,MODIS,96,6.2,312.4,70.3,D,0
-13.9101,135.6667,341.8,1.2,1.1,2014-10-07,0429,Aqua,MODIS,82,6.2,314.3,35.1,D,0
-13.9214,135.6569,384.5,1.2,1.1,2014-10-07,0429,Aqua,MODIS,100,6.2,317.3,203.1,D,0
-13.9313,135.6583,362.2,1.2,1.1,2014-10-07,0429,Aqua,MODIS,100,6.2,317.1,94.4,D,0
-12.5973,142.8649,326.8,1.6,1.2,2014-10-07,0429,Aqua,MODIS,20,6.2,306.1,20.7,D,0
-14.1729,134.153,343.5,1.5,1.2,2014-10-07,0429,Aqua,MODIS,86,6.2,313.7,52.8,D,0
-14.1711,134.1672,342.4,1.5,1.2,2014-10-07,0429,Aqua,MODIS,85,6.2,317,45.9,D,0
-14.1944,134.0694,334.5,1.5,1.2,2014-10-07,0429,Aqua,MODIS,49,6.2,316.2,18.8,D,0
-13.8786,135.8309,340.4,1.2,1.1,2014-10-07,0429,Aqua,MODIS,64,6.2,311.4,31.5,D,0
-13.8854,135.8541,341.2,1.2,1.1,2014-10-07,0429,Aqua,MODIS,84,6.2,308.8,36.2,D,0
-13.8966,135.8446,329.5,1.2,1.1,2014-10-07,0429,Aqua,MODIS,48,6.2,308.7,14.9,D,0
-12.6492,142.6115,347.2,1.5,1.2,2014-10-07,0429,Aqua,MODIS,92,6.2,308.4,73.4,D,0
-13.9411,135.6597,347.3,1.2,1.1,2014-10-07,0429,Aqua,MODIS,90,6.2,316.8,46.3,D,0
-12.4279,142.6334,377.7,1.5,1.2,2014-10-07,0429,Aqua,MODIS,100,6.2,308,249.6,D,0
-12.4301,142.6194,334,1.5,1.2,2014-10-07,0429,Aqua,MODIS,86,6.2,301,41.7,D,0
-12.41,142.6737,327.8,1.6,1.2,2014-10-07,0429,Aqua,MODIS,81,6.2,305.5,22.1,D,0
-12.4123,142.6596,327,1.6,1.2,2014-10-07,0429,Aqua,MODIS,55,6.2,305.1,19.8,D,0
-12.399,142.6718,352.1,1.6,1.2,2014-10-07,0429,Aqua,MODIS,96,6.2,307,100,D,0
-12.4014,142.6576,369,1.6,1.2,2014-10-07,0429,Aqua,MODIS,100,6.2,305.6,188.9,D,0
-12.4358,142.7952,334.8,1.6,1.2,2014-10-07,0429,Aqua,MODIS,81,6.2,304.6,43.8,D,0
-13.5431,135.3545,362.4,1.2,1.1,2014-10-07,0429,Aqua,MODIS,100,6.2,315.8,99.4,D,0
-13.5416,135.3659,335.1,1.2,1.1,2014-10-07,0429,Aqua,MODIS,70,6.2,313.8,22.2,D,0
-13.5531,135.3559,368.1,1.2,1.1,2014-10-07,0429,Aqua,MODIS,100,6.2,319.8,121.4,D,0
-13.5515,135.3672,354.1,1.2,1.1,2014-10-07,0429,Aqua,MODIS,95,6.2,317.1,69.1,D,0
-12.4201,142.8222,331.3,1.6,1.2,2014-10-07,0429,Aqua,MODIS,65,6.2,303.6,34.9,D,0
-12.4224,142.8076,341.6,1.6,1.2,2014-10-07,0429,Aqua,MODIS,91,6.2,305,65,D,0
-12.389,142.8022,326.9,1.6,1.2,2014-10-07,0429,Aqua,MODIS,39,6.2,305.8,22.3,D,0
-12.3779,142.8003,336.1,1.6,1.2,2014-10-07,0429,Aqua,MODIS,87,6.2,303.8,46.9,D,0
-12.3803,142.7858,333.1,1.6,1.2,2014-10-07,0429,Aqua,MODIS,85,6.2,304.3,35.7,D,0
-13.5544,135.351,357.3,1.3,1.1,2014-10-07,0429,Aqua,MODIS,98,6.2,316.7,76.3,D,0
-13.5529,135.3624,370.6,1.2,1.1,2014-10-07,0429,Aqua,MODIS,100,6.2,320.3,131.4,D,0
-14.1609,136.5399,327.9,1.1,1,2014-10-07,0429,Aqua,MODIS,55,6.2,307.8,13.8,D,0
-14.1595,136.5501,359.3,1.1,1,2014-10-07,0429,Aqua,MODIS,99,6.2,307.7,81.2,D,0
-14.1689,136.5515,359.4,1.1,1,2014-10-07,0429,Aqua,MODIS,99,6.2,309.1,80.9,D,0
-13.9934,135.6498,348.3,1.2,1.1,2014-10-07,0429,Aqua,MODIS,78,6.2,315.7,53.4,D,0
-13.9949,135.6386,361.7,1.2,1.1,2014-10-07,0429,Aqua,MODIS,100,6.2,312.3,97.4,D,0
-13.9836,135.6485,346.7,1.2,1.1,2014-10-07,0429,Aqua,MODIS,59,6.2,314.1,44.4,D,0
-13.9426,135.6485,388.2,1.2,1.1,2014-10-07,0429,Aqua,MODIS,100,6.2,319.3,225.4,D,0
-13.9441,135.6373,344.5,1.2,1.1,2014-10-07,0429,Aqua,MODIS,80,6.2,309.6,44.4,D,0
-13.9328,135.6472,398,1.2,1.1,2014-10-07,0429,Aqua,MODIS,100,6.2,321.2,297.7,D,0
-13.9343,135.636,345.1,1.2,1.1,2014-10-07,0429,Aqua,MODIS,88,6.2,309.1,49.3,D,0
-13.9229,135.6458,378.7,1.2,1.1,2014-10-07,0429,Aqua,MODIS,100,6.2,313.8,175,D,0
-14.1676,136.5617,358.6,1.1,1,2014-10-07,0429,Aqua,MODIS,99,6.2,306.7,78.8,D,0
-13.6274,135.3375,349.7,1.3,1.1,2014-10-07,0429,Aqua,MODIS,92,6.2,318.2,49.2,D,0
-14.1608,134.1458,359.3,1.5,1.2,2014-10-07,0429,Aqua,MODIS,99,6.2,314.6,117.9,D,0
-14.159,134.16,351.9,1.5,1.2,2014-10-07,0429,Aqua,MODIS,94,6.2,316.8,83.7,D,0
-14.1717,134.1473,332.2,1.5,1.2,2014-10-07,0429,Aqua,MODIS,40,6.2,312.5,20.8,D,0
-14.1699,134.1615,348.2,1.5,1.2,2014-10-07,0429,Aqua,MODIS,91,6.2,317.1,69.3,D,0
-14.0048,135.64,335.8,1.2,1.1,2014-10-07,0429,Aqua,MODIS,76,6.2,307.8,29.2,D,0
-13.8592,132.5226,333.4,2,1.4,2014-10-07,0429,Aqua,MODIS,53,6.2,308.4,43.8,D,0
-13.8693,132.5423,332.8,2,1.4,2014-10-07,0429,Aqua,MODIS,58,6.2,308.6,40.1,D,0
-14.117,134.1396,341,1.5,1.2,2014-10-07,0429,Aqua,MODIS,83,6.2,316.2,41.5,D,0
-14.1153,134.1536,337.3,1.5,1.2,2014-10-07,0429,Aqua,MODIS,73,6.2,319.3,30.3,D,0
-14.226,134.2593,333.5,1.5,1.2,2014-10-07,0429,Aqua,MODIS,36,6.2,317.2,13.5,D,0
-14.128,134.1411,342.3,1.5,1.2,2014-10-07,0429,Aqua,MODIS,85,6.2,316.8,48,D,0
-14.1262,134.1551,334.4,1.5,1.2,2014-10-07,0429,Aqua,MODIS,62,6.2,317.6,23.9,D,0
-13.8929,132.5887,329,2,1.4,2014-10-07,0429,Aqua,MODIS,45,6.2,311.6,17.3,D,0
-13.8997,132.6009,330,2,1.4,2014-10-07,0429,Aqua,MODIS,56,6.2,311.8,21.1,D,0
-13.8896,132.5815,335.5,2,1.4,2014-10-07,0429,Aqua,MODIS,72,6.2,311.8,43.9,D,0
-14.0033,135.6512,327.9,1.2,1.1,2014-10-07,0429,Aqua,MODIS,32,6.2,309.3,14.2,D,0
-14.2369,134.2607,343.6,1.5,1.2,2014-10-07,0429,Aqua,MODIS,86,6.2,316.3,41,D,0
-13.4436,134.3124,354.8,1.4,1.2,2014-10-07,0430,Aqua,MODIS,96,6.2,318.6,88.8,D,0
-11.2084,132.2775,339.1,1.9,1.3,2014-10-07,0430,Aqua,MODIS,0,6.2,310.3,53.5,D,0
-12.3325,132.972,354.2,1.7,1.3,2014-10-07,0430,Aqua,MODIS,96,6.2,314.3,114.7,D,0
-12.4014,142.6519,335.2,1.6,1.2,2014-10-07,0430,Aqua,MODIS,62,6.2,303.1,42,D,0
-12.3927,142.6417,339.3,1.5,1.2,2014-10-07,0430,Aqua,MODIS,68,6.2,304,57.7,D,0
-12.2691,132.9422,347.4,1.7,1.3,2014-10-07,0430,Aqua,MODIS,86,6.2,314.3,82.7,D,0
-13.474,134.33,353.3,1.4,1.2,2014-10-07,0430,Aqua,MODIS,95,6.2,315.9,84.6,D,0
-12.2671,132.9582,352.4,1.7,1.3,2014-10-07,0430,Aqua,MODIS,95,6.2,313.8,106.6,D,0
-12.3692,142.7839,326.7,1.6,1.2,2014-10-07,0430,Aqua,MODIS,60,6.2,304.4,21.5,D,0
-12.359,142.7766,326.1,1.6,1.2,2014-10-07,0430,Aqua,MODIS,32,6.2,304,21.9,D,0
-13.4419,134.3258,334.8,1.4,1.2,2014-10-07,0430,Aqua,MODIS,66,6.2,314.8,23.6,D,0
-11.8857,132.8031,344.3,1.8,1.3,2014-10-07,0430,Aqua,MODIS,88,6.2,310.6,72.9,D,0
-11.8837,132.8192,352.8,1.8,1.3,2014-10-07,0430,Aqua,MODIS,95,6.2,309.7,115.1,D,0
-12.3482,132.9415,347.3,1.8,1.3,2014-10-07,0430,Aqua,MODIS,91,6.2,308.1,91.2,D,0
-13.4525,134.3273,350.7,1.4,1.2,2014-10-07,0430,Aqua,MODIS,93,6.2,315.6,71.7,D,0
-13.5649,134.2534,337.8,1.5,1.2,2014-10-07,0430,Aqua,MODIS,77,6.2,318.6,28.1,D,0
-12.3228,132.9545,351.3,1.7,1.3,2014-10-07,0430,Aqua,MODIS,91,6.2,311,102.4,D,0
-13.4543,134.3139,337.7,1.4,1.2,2014-10-07,0430,Aqua,MODIS,77,6.2,317.2,28.9,D,0
-12.3926,142.636,363.8,1.5,1.2,2014-10-07,0430,Aqua,MODIS,100,6.2,305.3,161.2,D,0
-12.3202,136.9123,345.1,1,1,2014-10-07,0430,Aqua,MODIS,89,6.2,309.5,41,D,0
-12.3307,136.9041,325.1,1,1,2014-10-07,0430,Aqua,MODIS,27,6.2,304.1,8.5,D,0
-12.3294,136.9137,363.3,1,1,2014-10-07,0430,Aqua,MODIS,75,6.2,308.3,86.8,D,0
-12.3948,142.6219,354.5,1.5,1.2,2014-10-07,0430,Aqua,MODIS,97,6.2,304.5,116.2,D,0
-12.3216,136.9028,327.1,1,1,2014-10-07,0430,Aqua,MODIS,47,6.2,305.8,12.3,D,0
-13.465,134.3152,349,1.4,1.2,2014-10-07,0430,Aqua,MODIS,91,6.2,317.6,65.8,D,0
-12.3789,142.7948,339.1,1.6,1.2,2014-10-07,0430,Aqua,MODIS,65,6.2,304.2,57.9,D,0
-12.3345,132.956,334.1,1.7,1.3,2014-10-07,0430,Aqua,MODIS,56,6.2,309.5,34.8,D,0
-12.2771,136.8866,339.9,1,1,2014-10-07,0430,Aqua,MODIS,80,6.2,305.8,30.3,D,0
-12.395,142.6276,374.3,1.5,1.2,2014-10-07,0430,Aqua,MODIS,75,6.2,306.1,227.9,D,0
-13.4453,134.299,332,1.5,1.2,2014-10-07,0430,Aqua,MODIS,52,6.2,316,16.4,D,0
-13.4493,131.9293,343.2,2.2,1.4,2014-10-07,0430,Aqua,MODIS,87,6.2,310.2,80.8,D,0
-13.438,131.9145,332.9,2.2,1.4,2014-10-07,0430,Aqua,MODIS,68,6.2,310.2,33.6,D,0
-13.4509,131.9161,332.5,2.2,1.4,2014-10-07,0430,Aqua,MODIS,59,6.2,309,30.9,D,0
-13.4486,131.9362,347.1,2.2,1.4,2014-10-07,0430,Aqua,MODIS,90,6.2,310.5,105.6,D,0
-12.3991,142.666,362.7,1.6,1.2,2014-10-07,0430,Aqua,MODIS,75,6.2,308,151.3,D,0
-13.4749,134.1519,331.1,1.5,1.2,2014-10-07,0430,Aqua,MODIS,48,6.2,315.2,16.2,D,0
-13.4632,134.3286,384.7,1.4,1.2,2014-10-07,0430,Aqua,MODIS,100,6.2,318.7,261.4,D,0
-13.5228,130.3545,344.6,2.9,1.6,2014-10-07,0430,Aqua,MODIS,89,6.2,299.5,178,D,0
-13.519,130.3761,332.2,2.9,1.6,2014-10-07,0430,Aqua,MODIS,67,6.2,299.7,94.4,D,0
-13.5836,130.4684,342.4,2.8,1.6,2014-10-07,0430,Aqua,MODIS,77,6.2,295.2,168,D,0
-13.5221,130.3496,339.8,2.9,1.6,2014-10-07,0430,Aqua,MODIS,83,6.2,299.3,138.7,D,0
-12.6482,136.464,336.5,1.1,1,2014-10-07,0430,Aqua,MODIS,77,6.2,313.1,23.5,D,0
-12.3418,142.671,328.3,1.6,1.2,2014-10-07,0430,Aqua,MODIS,61,6.2,305.1,26.2,D,0
-12.6727,136.5444,332.5,1.1,1,2014-10-07,0430,Aqua,MODIS,22,6.2,313.2,14.2,D,0
-12.1388,142.5092,328.4,1.5,1.2,2014-10-07,0430,Aqua,MODIS,69,6.2,305.4,20.9,D,0
-12.3286,142.6832,328.8,1.6,1.2,2014-10-07,0430,Aqua,MODIS,42,6.2,305.8,27.6,D,0
-12.6469,136.474,332.7,1.1,1,2014-10-07,0430,Aqua,MODIS,70,6.2,313.6,17.2,D,0
-12.6099,136.2547,357.2,1.1,1,2014-10-07,0430,Aqua,MODIS,98,6.2,307.7,69.9,D,0
-12.6057,136.2486,366.5,1.1,1,2014-10-07,0430,Aqua,MODIS,100,6.2,313.3,98.7,D,0
-12.4448,131.8427,329.3,2.1,1.4,2014-10-07,0430,Aqua,MODIS,64,6.2,304.6,40.1,D,0
-12.5549,135.8043,338.1,1.2,1.1,2014-10-07,0430,Aqua,MODIS,75,6.2,308.8,25.4,D,0
-12.335,142.7135,328.8,1.6,1.2,2014-10-07,0430,Aqua,MODIS,27,6.2,306.1,25.2,D,0
-12.3992,142.2449,326.6,1.5,1.2,2014-10-07,0430,Aqua,MODIS,67,6.2,305.5,22.1,D,0
-12.6113,136.2447,347.7,1.1,1,2014-10-07,0430,Aqua,MODIS,90,6.2,311.5,44.4,D,0
-12.6389,136.4627,384.5,1.1,1,2014-10-07,0430,Aqua,MODIS,100,6.2,315.1,173.6,D,0
-12.6403,136.4528,330.9,1.1,1,2014-10-07,0430,Aqua,MODIS,57,6.2,309.1,14.8,D,0
-12.5453,135.803,334.2,1.2,1.1,2014-10-07,0430,Aqua,MODIS,68,6.2,313,16.9,D,0
-12.6375,136.4726,359.4,1.1,1,2014-10-07,0430,Aqua,MODIS,99,6.2,314.5,74.3,D,0
-12.3309,142.6691,327.7,1.6,1.2,2014-10-07,0430,Aqua,MODIS,56,6.2,304.6,26.8,D,0
-12.3691,135.6031,343.1,1.2,1.1,2014-10-07,0430,Aqua,MODIS,87,6.2,308,37.7,D,0
-12.8274,136.2877,349,1.1,1,2014-10-07,0430,Aqua,MODIS,91,6.2,313.1,47.6,D,0
-12.8354,136.2991,334.6,1.1,1,2014-10-07,0430,Aqua,MODIS,72,6.2,315.8,18.4,D,0
-12.8382,136.279,346.5,1.1,1,2014-10-07,0430,Aqua,MODIS,89,6.2,315.7,41.9,D,0
-12.2889,136.8689,369.5,1,1,2014-10-07,0430,Aqua,MODIS,100,6.2,311.7,105,D,0
-12.9081,135.8353,347.3,1.2,1.1,2014-10-07,0430,Aqua,MODIS,80,6.2,316.3,40.6,D,0
-11.0458,142.346,325.6,1.6,1.2,2014-10-07,0430,Aqua,MODIS,44,6.2,304.6,18.5,D,0
-13.4345,134.2976,395.4,1.5,1.2,2014-10-07,0430,Aqua,MODIS,100,6.2,322,355.3,D,0
-12.2876,136.8785,368.4,1,1,2014-10-07,0430,Aqua,MODIS,100,6.2,310,101.8,D,0
-12.9798,134.9905,340.5,1.3,1.1,2014-10-07,0430,Aqua,MODIS,61,6.2,317.1,26.9,D,0
-12.8368,136.2891,347.3,1.1,1,2014-10-07,0430,Aqua,MODIS,90,6.2,316.2,44,D,0
-13.4329,134.3109,362,1.4,1.2,2014-10-07,0430,Aqua,MODIS,100,6.2,318.6,122,D,0
-12.4323,136.4911,374.7,1.1,1,2014-10-07,0430,Aqua,MODIS,100,6.2,313.3,125.2,D,0
-12.2967,136.8798,327.2,1,1,2014-10-07,0430,Aqua,MODIS,54,6.2,304.7,11.2,D,0
-13.1054,135.7332,336.2,1.2,1.1,2014-10-07,0430,Aqua,MODIS,41,6.2,318.2,19.4,D,0
-13.0956,135.7319,335.1,1.2,1.1,2014-10-07,0430,Aqua,MODIS,17,6.2,315.7,17.6,D,0
-12.3059,136.8812,336.7,1,1,2014-10-07,0430,Aqua,MODIS,81,6.2,307.3,25.4,D,0
-12.47,135.6129,335.1,1.2,1.1,2014-10-07,0430,Aqua,MODIS,78,6.2,311.1,21.9,D,0
-12.4714,135.6022,331.5,1.2,1.1,2014-10-07,0430,Aqua,MODIS,62,6.2,308.7,16.1,D,0
-12.8348,135.776,351.8,1.2,1.1,2014-10-07,0430,Aqua,MODIS,94,6.2,315.8,53.8,D,0
-12.8698,135.7538,352.5,1.2,1.1,2014-10-07,0430,Aqua,MODIS,94,6.2,317.8,54.6,D,0
-12.8409,136.2587,329.3,1.1,1,2014-10-07,0430,Aqua,MODIS,51,6.2,311,12.5,D,0
-12.9605,134.9945,332.4,1.3,1.1,2014-10-07,0430,Aqua,MODIS,49,6.2,314.7,13.8,D,0
-12.7811,135.7358,336.3,1.2,1.1,2014-10-07,0430,Aqua,MODIS,76,6.2,315.7,16.8,D,0
-12.9626,134.9641,358.7,1.3,1.1,2014-10-07,0430,Aqua,MODIS,92,6.2,318.5,85.4,D,0
-12.9641,134.9523,386.3,1.3,1.1,2014-10-07,0430,Aqua,MODIS,100,6.2,316.3,233,D,0
-12.9611,134.976,346.6,1.3,1.1,2014-10-07,0430,Aqua,MODIS,52,6.2,317.2,41.2,D,0
-12.8362,135.7653,344.4,1.2,1.1,2014-10-07,0430,Aqua,MODIS,87,6.2,313.6,34.7,D,0
-12.8237,135.7853,336.1,1.2,1.1,2014-10-07,0430,Aqua,MODIS,59,6.2,314.9,15.8,D,0
-12.4443,136.4727,357.9,1.1,1,2014-10-07,0430,Aqua,MODIS,98,6.2,306.4,70.7,D,0
-12.4429,136.4826,351.6,1.1,1,2014-10-07,0430,Aqua,MODIS,94,6.2,307.4,52.2,D,0
-13.4238,134.2963,337.7,1.5,1.2,2014-10-07,0430,Aqua,MODIS,77,6.2,311.5,32.1,D,0
-12.9653,134.959,373.4,1.3,1.1,2014-10-07,0430,Aqua,MODIS,100,6.2,320.1,155.4,D,0
-11.0568,142.3478,325.2,1.6,1.2,2014-10-07,0430,Aqua,MODIS,43,6.2,306.3,17.2,D,0
-12.2693,134.9753,326.7,1.3,1.1,2014-10-07,0430,Aqua,MODIS,55,6.2,303.6,15.5,D,0
-12.9637,134.9708,344,1.3,1.1,2014-10-07,0430,Aqua,MODIS,55,6.2,318,37.9,D,0
-12.423,136.4898,332.3,1.1,1,2014-10-07,0430,Aqua,MODIS,33,6.2,314.9,12.2,D,0
-12.4243,136.48,365.2,1.1,1,2014-10-07,0430,Aqua,MODIS,100,6.2,316.7,89.1,D,0
-12.435,136.4714,409.2,1.1,1,2014-10-07,0430,Aqua,MODIS,100,6.2,316.9,328.2,D,0
-12.9621,134.9827,345.5,1.3,1.1,2014-10-07,0430,Aqua,MODIS,88,6.2,317.7,42.9,D,0
-12.3111,136.9109,330.7,1,1,2014-10-07,0430,Aqua,MODIS,70,6.2,305.6,17.5,D,0
-12.138,133.527,331.8,1.6,1.2,2014-10-07,0430,Aqua,MODIS,25,6.2,310.6,20.6,D,0
-12.9428,135.8251,344.1,1.2,1.1,2014-10-07,0430,Aqua,MODIS,85,6.2,317.5,32.8,D,0
-12.7797,135.7465,351.5,1.2,1.1,2014-10-07,0430,Aqua,MODIS,94,6.2,315,52.3,D,0
-11.0583,142.3548,330.6,1.6,1.2,2014-10-07,0430,Aqua,MODIS,37,6.2,308,25.9,D,0
-12.4257,136.4701,372.7,1.1,1,2014-10-07,0430,Aqua,MODIS,100,6.2,317.3,118.4,D,0
-12.9538,135.8159,336.3,1.2,1.1,2014-10-07,0430,Aqua,MODIS,73,6.2,315.2,16.3,D,0
-12.8395,136.2689,372.4,1.1,1,2014-10-07,0430,Aqua,MODIS,100,6.2,314.7,124.3,D,0
-12.8266,135.764,362.4,1.2,1.1,2014-10-07,0430,Aqua,MODIS,100,6.2,317.1,85.7,D,0
-11.872,132.8176,335,1.8,1.3,2014-10-07,0430,Aqua,MODIS,69,6.2,310.5,41.6,D,0
-11.8761,132.8113,342.6,1.8,1.3,2014-10-07,0430,Aqua,MODIS,91,6.2,312.3,67.9,D,0
-12.3039,134.0126,332.7,1.5,1.2,2014-10-07,0430,Aqua,MODIS,71,6.2,310.5,18.8,D,0
-12.2864,134.0643,334.3,1.5,1.2,2014-10-07,0430,Aqua,MODIS,75,6.2,311,25,D,0
-13.5708,134.3765,332.5,1.4,1.2,2014-10-07,0430,Aqua,MODIS,47,6.2,317.4,13.5,D,0
-12.4727,132.9651,361.9,1.8,1.3,2014-10-07,0430,Aqua,MODIS,100,6.2,308.7,171.3,D,0
-11.0282,142.3865,327.6,1.6,1.2,2014-10-07,0430,Aqua,MODIS,29,6.2,306.6,23.3,D,0
-11.6372,130.6843,340.3,2.5,1.5,2014-10-07,0430,Aqua,MODIS,87,6.2,302.1,126.8,D,0
-11.6234,130.6824,322.7,2.5,1.5,2014-10-07,0430,Aqua,MODIS,44,6.2,299.9,42.1,D,0
-12.4768,132.933,331.7,1.8,1.3,2014-10-07,0430,Aqua,MODIS,62,6.2,306.7,35.6,D,0
-12.4216,136.4997,338.9,1.1,1,2014-10-07,0430,Aqua,MODIS,83,6.2,314.9,24.8,D,0
-12.4309,136.501,331.1,1.1,1,2014-10-07,0430,Aqua,MODIS,50,6.2,311.3,12.4,D,0
-12.9385,135.8287,339.7,1.2,1.1,2014-10-07,0430,Aqua,MODIS,60,6.2,318,21.4,D,0
-12.986,134.9432,344.4,1.3,1.1,2014-10-07,0430,Aqua,MODIS,80,6.2,315,43.1,D,0
-12.9669,134.9472,351.2,1.3,1.1,2014-10-07,0430,Aqua,MODIS,93,6.2,312.7,66.2,D,0
-11.6401,130.6609,329.6,2.6,1.5,2014-10-07,0430,Aqua,MODIS,53,6.2,301.4,67,D,0
-12.9875,134.9312,335.9,1.3,1.1,2014-10-07,0430,Aqua,MODIS,70,6.2,312,25.5,D,0
-12.4747,132.949,350.6,1.8,1.3,2014-10-07,0430,Aqua,MODIS,93,6.2,309.8,109,D,0
-12.8287,136.2776,394.2,1.1,1,2014-10-07,0430,Aqua,MODIS,100,6.2,316.9,233,D,0
-12.4885,132.9345,325.6,1.8,1.3,2014-10-07,0430,Aqua,MODIS,25,6.2,306.9,18.6,D,0
-12.7251,136.2984,336.7,1.1,1,2014-10-07,0430,Aqua,MODIS,77,6.2,314.2,21.6,D,0
-12.4835,132.9393,337.2,1.8,1.3,2014-10-07,0430,Aqua,MODIS,80,6.2,309.2,50.1,D,0
-12.8301,136.2675,343.1,1.1,1,2014-10-07,0430,Aqua,MODIS,85,6.2,312.3,36,D,0
-11.6731,130.6697,322.4,2.6,1.5,2014-10-07,0430,Aqua,MODIS,64,6.2,301.9,34.1,D,0
-11.6677,130.6644,322,2.6,1.5,2014-10-07,0430,Aqua,MODIS,48,6.2,302.1,33.8,D,0
-12.828,135.7533,352.3,1.2,1.1,2014-10-07,0430,Aqua,MODIS,94,6.2,315.1,53.8,D,0
-11.3864,131.1374,333.8,2.3,1.5,2014-10-07,0430,Aqua,MODIS,68,6.2,307,67.1,D,0
-11.4183,131.0982,334.1,2.3,1.5,2014-10-07,0430,Aqua,MODIS,64,6.2,305.8,67.6,D,0
-12.814,135.7839,339.1,1.2,1.1,2014-10-07,0430,Aqua,MODIS,79,6.2,315,20.8,D,0
-11.0648,142.3847,330.6,1.6,1.2,2014-10-07,0430,Aqua,MODIS,52,6.2,305.3,27.7,D,0
-11.0635,142.3777,333.2,1.6,1.2,2014-10-07,0430,Aqua,MODIS,62,6.2,306.8,32.8,D,0
-11.0671,142.3705,336.2,1.6,1.2,2014-10-07,0430,Aqua,MODIS,85,6.2,307.4,41.7,D,0
-12.4336,136.4813,389.2,1.1,1,2014-10-07,0430,Aqua,MODIS,100,6.2,315.5,193.9,D,0
-12.834,136.3092,331.3,1.1,1,2014-10-07,0430,Aqua,MODIS,48,6.2,314.7,12,D,0
-10.7062,142.1644,320.9,1.5,1.2,2014-10-07,0430,Aqua,MODIS,66,6.2,305.7,12.6,D,0
-10.741,142.1772,321,1.5,1.2,2014-10-07,0430,Aqua,MODIS,53,6.2,305.1,10.1,D,0
-12.8327,136.3193,342.2,1.1,1,2014-10-07,0430,Aqua,MODIS,84,6.2,315.9,30,D,0
-34.5134,117.404,313.3,1,1,2014-10-07,0602,Aqua,MODIS,69,6.2,295.6,10.3,D,0
-26.1929,123.7057,345.6,2.2,1.4,2014-10-07,0604,Aqua,MODIS,89,6.2,316,104.5,D,0
-26.1802,123.7025,342.7,2.2,1.4,2014-10-07,0604,Aqua,MODIS,86,6.2,319,86.3,D,0
-26.1845,123.6812,329.1,2.1,1.4,2014-10-07,0604,Aqua,MODIS,39,6.2,315.5,25.1,D,0
-26.1912,123.7224,330.7,2.2,1.4,2014-10-07,0604,Aqua,MODIS,56,6.2,316.7,31,D,0
-26.1826,123.6979,345.1,2.2,1.4,2014-10-07,0604,Aqua,MODIS,88,6.2,318.2,99.1,D,0
-23.8798,124.8981,332.5,2.9,1.6,2014-10-07,0605,Aqua,MODIS,43,6.2,320.4,39.7,D,0
-22.9013,122.2545,334.8,2,1.4,2014-10-07,0605,Aqua,MODIS,70,6.2,321.7,32.7,D,0
-22.8977,122.2738,354.4,2,1.4,2014-10-07,0605,Aqua,MODIS,96,6.2,323.1,132.6,D,0
-23.6645,125.1124,336.3,3.1,1.7,2014-10-07,0605,Aqua,MODIS,59,6.2,320.5,61.7,D,0
-23.8827,124.9591,334.9,3,1.6,2014-10-07,0605,Aqua,MODIS,38,6.2,319.5,57.5,D,0
-23.6464,125.1347,338,3.1,1.7,2014-10-07,0605,Aqua,MODIS,79,6.2,320.6,83.7,D,0
-23.8682,124.9554,361.3,3,1.6,2014-10-07,0605,Aqua,MODIS,100,6.2,320.5,320.6,D,0
-23.6525,125.1049,337.3,3.1,1.7,2014-10-07,0605,Aqua,MODIS,78,6.2,321.5,76.9,D,0
-23.8915,124.9915,337.2,3,1.6,2014-10-07,0605,Aqua,MODIS,76,6.2,320.1,75.3,D,0
-22.4836,122.5104,345.5,2.1,1.4,2014-10-07,0605,Aqua,MODIS,88,6.2,316.6,95.1,D,0
-22.4962,122.5132,339.5,2.1,1.4,2014-10-07,0605,Aqua,MODIS,80,6.2,318.6,62.7,D,0
-23.8898,124.996,336,3,1.6,2014-10-07,0605,Aqua,MODIS,29,6.2,319.7,59.3,D,0
-23.874,124.9267,362.4,3,1.6,2014-10-07,0605,Aqua,MODIS,100,6.2,323,332.4,D,0
-21.3901,116.316,354,1,1,2014-10-07,0606,Aqua,MODIS,95,6.2,320.9,50.9,D,0
-21.3944,116.2868,335.6,1,1,2014-10-07,0606,Aqua,MODIS,45,6.2,320.5,12.4,D,0
-21.3959,116.277,340.3,1,1,2014-10-07,0606,Aqua,MODIS,80,6.2,321.1,20.6,D,0
-21.381,116.3145,348.7,1,1,2014-10-07,0606,Aqua,MODIS,91,6.2,319.1,37.8,D,0
-21.3825,116.3047,354.7,1,1,2014-10-07,0606,Aqua,MODIS,96,6.2,320.6,49,D,0
-21.3576,116.295,331.5,1,1,2014-10-07,0606,Aqua,MODIS,56,6.2,320.8,8,D,0
-21.5787,117.8082,345.9,1.1,1.1,2014-10-07,0606,Aqua,MODIS,88,6.2,319.8,35.6,D,0
-21.5804,117.7974,373,1.1,1.1,2014-10-07,0606,Aqua,MODIS,100,6.2,325.2,121.7,D,0
-21.5709,117.7957,338.3,1.1,1.1,2014-10-07,0606,Aqua,MODIS,77,6.2,320.4,20.5,D,0
-21.5671,117.6953,338.4,1.1,1.1,2014-10-07,0606,Aqua,MODIS,77,6.2,321.5,19,D,0
-21.4423,117.8452,333.1,1.1,1.1,2014-10-07,0606,Aqua,MODIS,59,6.2,320,11.5,D,0
-20.9143,117.0891,343.8,1.1,1,2014-10-07,0606,Aqua,MODIS,85,6.2,320,27.6,D,0
-20.9158,117.0789,342.4,1.1,1,2014-10-07,0606,Aqua,MODIS,83,6.2,321,24.5,D,0
-20.4878,118.3031,336.8,1.2,1.1,2014-10-07,0606,Aqua,MODIS,75,6.2,316.9,19.4,D,0
-20.4896,118.2914,339,1.2,1.1,2014-10-07,0606,Aqua,MODIS,79,6.2,317.9,23.9,D,0
-20.4779,118.3012,341.2,1.2,1.1,2014-10-07,0606,Aqua,MODIS,82,6.2,318.3,28.9,D,0
-20.4798,118.2896,338.2,1.2,1.1,2014-10-07,0606,Aqua,MODIS,78,6.2,319,21.8,D,0
-21.5898,117.612,336.1,1.1,1,2014-10-07,0606,Aqua,MODIS,72,6.2,321.1,13.8,D,0
-21.5915,117.6014,333,1.1,1,2014-10-07,0606,Aqua,MODIS,62,6.2,320.6,9.1,D,0
-21.5688,117.6846,336.5,1.1,1.1,2014-10-07,0606,Aqua,MODIS,73,6.2,320.9,15.4,D,0
-21.5988,117.4298,336,1.1,1,2014-10-07,0606,Aqua,MODIS,72,6.2,322.6,12.6,D,0
-21.5895,117.4281,345.3,1.1,1,2014-10-07,0606,Aqua,MODIS,87,6.2,323,30,D,0
-21.6338,116.538,336.8,1,1,2014-10-07,0606,Aqua,MODIS,67,6.2,320.8,15.4,D,0
-21.6247,116.5364,334.4,1,1,2014-10-07,0606,Aqua,MODIS,40,6.2,320.9,11.4,D,0
-21.6156,116.5348,346,1,1,2014-10-07,0606,Aqua,MODIS,88,6.2,321.5,31.6,D,0
-21.4277,117.8759,358.7,1.1,1.1,2014-10-07,0606,Aqua,MODIS,99,6.2,321.3,69.5,D,0
-21.2122,117.6071,343.2,1.1,1.1,2014-10-07,0606,Aqua,MODIS,84,6.2,318.7,29.2,D,0
-21.2139,117.5965,332.3,1.1,1.1,2014-10-07,0606,Aqua,MODIS,27,6.2,318.7,9.2,D,0
-21.2011,117.616,357.8,1.1,1.1,2014-10-07,0606,Aqua,MODIS,98,6.2,320.8,66.2,D,0
-21.2028,117.6054,335.3,1.1,1.1,2014-10-07,0606,Aqua,MODIS,66,6.2,318.6,14,D,0
-21.4529,117.903,358.2,1.1,1.1,2014-10-07,0606,Aqua,MODIS,98,6.2,320.3,68.4,D,0
-21.4546,117.8919,345.9,1.1,1.1,2014-10-07,0606,Aqua,MODIS,79,6.2,319.1,33.7,D,0
-21.4433,117.9011,338.9,1.1,1.1,2014-10-07,0606,Aqua,MODIS,50,6.2,317.6,19.3,D,0
-21.4451,117.89,338.9,1.1,1.1,2014-10-07,0606,Aqua,MODIS,47,6.2,319,19,D,0
-21.4355,117.8883,357.7,1.1,1.1,2014-10-07,0606,Aqua,MODIS,98,6.2,319.8,66,D,0
-21.426,117.8868,373.2,1.1,1.1,2014-10-07,0606,Aqua,MODIS,100,6.2,320.4,123.2,D,0
-21.6814,117.7449,341.9,1.1,1.1,2014-10-07,0606,Aqua,MODIS,83,6.2,319.5,28.1,D,0
-21.6658,117.72,340.3,1.1,1.1,2014-10-07,0606,Aqua,MODIS,80,6.2,319.6,22,D,0
-21.6564,117.7183,334.3,1.1,1.1,2014-10-07,0606,Aqua,MODIS,58,6.2,319.9,10.7,D,0
-21.6126,117.6884,335.5,1.1,1.1,2014-10-07,0606,Aqua,MODIS,31,6.2,321.1,11.7,D,0
-21.5882,117.8098,343.1,1.1,1.1,2014-10-07,0606,Aqua,MODIS,84,6.2,317.1,29.5,D,0
-21.5899,117.7991,352.6,1.1,1.1,2014-10-07,0606,Aqua,MODIS,94,6.2,319.2,51.7,D,0
-21.5855,117.7649,332.5,1.1,1.1,2014-10-07,0606,Aqua,MODIS,52,6.2,319,11,D,0
-22.9211,117.8832,338.5,1.1,1,2014-10-07,0606,Aqua,MODIS,65,6.2,319,22.4,D,0
-22.9024,117.8793,356.9,1.1,1,2014-10-07,0606,Aqua,MODIS,97,6.2,320,62.9,D,0
-21.8934,124.0447,331.1,2.8,1.6,2014-10-07,0606,Aqua,MODIS,56,6.2,316.5,37.4,D,0
-22.8913,117.8885,339.4,1.1,1,2014-10-07,0606,Aqua,MODIS,79,6.2,320.7,24.3,D,0
-22.935,117.9177,347,1.1,1,2014-10-07,0606,Aqua,MODIS,89,6.2,315.6,40.7,D,0
-22.899,117.9009,345.8,1.1,1,2014-10-07,0606,Aqua,MODIS,57,6.2,320.7,32.6,D,0
-22.9134,117.8706,338.6,1.1,1,2014-10-07,0606,Aqua,MODIS,27,6.2,316.4,20.5,D,0
-22.9117,117.8813,371.3,1.1,1,2014-10-07,0606,Aqua,MODIS,100,6.2,320.5,110.6,D,0
-22.9101,117.8919,372.8,1.1,1,2014-10-07,0606,Aqua,MODIS,100,6.2,321.6,114.1,D,0
-22.9084,117.9025,352,1.1,1,2014-10-07,0606,Aqua,MODIS,87,6.2,318.5,46.6,D,0
-22.9067,117.9133,350.4,1.1,1,2014-10-07,0606,Aqua,MODIS,92,6.2,320.4,44.5,D,0
-22.9161,117.9149,334.6,1.1,1,2014-10-07,0606,Aqua,MODIS,52,6.2,317,14.9,D,0
-22.9007,117.89,397.5,1.1,1,2014-10-07,0606,Aqua,MODIS,100,6.2,328.6,244.7,D,0
-22.9256,117.9163,339.7,1.1,1,2014-10-07,0606,Aqua,MODIS,74,6.2,316.7,24.8,D,0
-16.7983,122.883,350.4,3,1.6,2014-10-07,0607,Aqua,MODIS,83,6.2,308.3,233.7,D,0
-16.8298,124.0874,366.6,3.7,1.8,2014-10-07,0607,Aqua,MODIS,100,6.2,305.2,592.6,D,0
-16.8233,124.1211,359.5,3.7,1.8,2014-10-07,0607,Aqua,MODIS,99,6.2,310.6,443.2,D,0
-16.7932,122.9106,339.4,3,1.6,2014-10-07,0607,Aqua,MODIS,89,6.2,308.4,129.1,D,0
-16.7785,122.9075,334.3,3,1.6,2014-10-07,0607,Aqua,MODIS,86,6.2,307.4,96.3,D,0
-16.9429,123.0121,336.3,3,1.7,2014-10-07,0607,Aqua,MODIS,70,6.2,316,69.8,D,0
-16.7837,122.88,333.2,3,1.6,2014-10-07,0607,Aqua,MODIS,64,6.2,306.4,90.9,D,0
-16.828,122.897,330.9,3,1.6,2014-10-07,0607,Aqua,MODIS,52,6.2,308.4,69.6,D,0
-16.8373,122.9198,332.5,3,1.6,2014-10-07,0607,Aqua,MODIS,71,6.2,309.5,74,D,0
-16.8427,122.9,334,3,1.6,2014-10-07,0607,Aqua,MODIS,72,6.2,307.8,91.4,D,0
-16.9577,123.0152,346.9,3,1.7,2014-10-07,0607,Aqua,MODIS,91,6.2,316.3,169.1,D,0
-16.9524,123.0435,335.7,3,1.7,2014-10-07,0607,Aqua,MODIS,57,6.2,318.1,74.7,D,0
-16.9724,123.0181,335.4,3,1.7,2014-10-07,0607,Aqua,MODIS,47,6.2,314.2,73.6,D,0
-16.9722,123.0263,337.2,3,1.7,2014-10-07,0607,Aqua,MODIS,64,6.2,313.9,90.1,D,0
-16.8423,122.892,332.9,3,1.6,2014-10-07,0607,Aqua,MODIS,69,6.2,307,84.7,D,0
-16.951,124.1879,343.3,3.7,1.8,2014-10-07,0607,Aqua,MODIS,87,6.2,313.5,183.8,D,0
-17.0267,124.1062,340.8,3.6,1.8,2014-10-07,0607,Aqua,MODIS,81,6.2,312.1,160.9,D,0
-16.9336,124.1562,334.9,3.7,1.8,2014-10-07,0607,Aqua,MODIS,65,6.2,310.8,107.6,D,0
-16.9863,124.0899,347.1,3.6,1.8,2014-10-07,0607,Aqua,MODIS,91,6.2,309.2,261.2,D,0
-16.9496,124.1597,336.5,3.7,1.8,2014-10-07,0607,Aqua,MODIS,69,6.2,311.4,120.1,D,0
-17.0293,124.5949,336.9,3.9,1.8,2014-10-07,0607,Aqua,MODIS,78,6.2,310.4,124.4,D,0
-17.0366,124.5587,339.4,3.9,1.8,2014-10-07,0607,Aqua,MODIS,82,6.2,312.9,154,D,0
-17.052,124.147,335.5,3.7,1.8,2014-10-07,0607,Aqua,MODIS,51,6.2,312.9,88.6,D,0
-16.9948,124.0995,353,3.6,1.8,2014-10-07,0607,Aqua,MODIS,95,6.2,311.4,337.1,D,0
-17.0583,124.1532,334.3,3.7,1.8,2014-10-07,0607,Aqua,MODIS,46,6.2,314.2,81.1,D,0
-16.967,124.1915,331.3,3.7,1.8,2014-10-07,0607,Aqua,MODIS,47,6.2,312.4,60.1,D,0
-16.9029,124.1774,338.5,3.7,1.8,2014-10-07,0607,Aqua,MODIS,82,6.2,309.3,131,D,0
-16.9267,124.1904,332.8,3.7,1.8,2014-10-07,0607,Aqua,MODIS,66,6.2,312.4,76.1,D,0
-16.9428,124.194,343,3.7,1.8,2014-10-07,0607,Aqua,MODIS,87,6.2,314,184.3,D,0
-16.8939,124.1003,384.5,3.7,1.8,2014-10-07,0607,Aqua,MODIS,100,6.2,306.4,1033.2,D,0
-16.8842,124.1029,385.7,3.7,1.8,2014-10-07,0607,Aqua,MODIS,100,6.2,305.7,1073.6,D,0
-16.9002,124.1061,335.2,3.7,1.8,2014-10-07,0607,Aqua,MODIS,66,6.2,303.5,138,D,0
-16.9096,124.1433,363.6,3.7,1.8,2014-10-07,0607,Aqua,MODIS,100,6.2,307.2,513.2,D,0
-17.0307,124.5494,336.3,3.9,1.8,2014-10-07,0607,Aqua,MODIS,78,6.2,312.1,120.5,D,0
-17.0107,124.1029,336.8,3.6,1.8,2014-10-07,0607,Aqua,MODIS,69,6.2,312.6,130.6,D,0
-17.0331,124.0728,353.4,3.6,1.8,2014-10-07,0607,Aqua,MODIS,95,6.2,310.6,326.2,D,0
-17.049,124.0763,348.2,3.6,1.8,2014-10-07,0607,Aqua,MODIS,91,6.2,311.6,244.3,D,0
-17.0398,124.0791,371.3,3.6,1.8,2014-10-07,0607,Aqua,MODIS,100,6.2,312.6,640.3,D,0
-17.0491,124.1159,338.2,3.6,1.8,2014-10-07,0607,Aqua,MODIS,65,6.2,310.1,117.4,D,0
-17.0331,124.1125,343.5,3.6,1.8,2014-10-07,0607,Aqua,MODIS,81,6.2,311.4,177.6,D,0
-17.0426,124.1097,347.9,3.6,1.8,2014-10-07,0607,Aqua,MODIS,91,6.2,310.5,232.5,D,0
-16.9256,124.1467,368.1,3.7,1.8,2014-10-07,0607,Aqua,MODIS,100,6.2,313,605.2,D,0
-16.919,124.1807,348.2,3.7,1.8,2014-10-07,0607,Aqua,MODIS,92,6.2,311.9,249.1,D,0
-16.935,124.1843,342.2,3.7,1.8,2014-10-07,0607,Aqua,MODIS,86,6.2,313.1,171,D,0
-17.0172,124.0695,335.5,3.6,1.8,2014-10-07,0607,Aqua,MODIS,59,6.2,307.2,120.2,D,0
-17.0236,124.5858,345.3,3.9,1.8,2014-10-07,0607,Aqua,MODIS,89,6.2,310.2,230,D,0
-16.8874,124.1342,346.8,3.7,1.8,2014-10-07,0607,Aqua,MODIS,90,6.2,298.4,252.1,D,0
-25.3884,152.3207,301.7,1.8,1.3,2014-10-07,1213,Terra,MODIS,16,6.2,289,11.7,N,0
-24.5751,151.0386,300.9,2.2,1.4,2014-10-07,1213,Terra,MODIS,35,6.2,288.2,16.7,N,0
-21.1451,147.8051,300.5,3.4,1.7,2014-10-07,1214,Terra,MODIS,20,6.2,290.5,21.9,N,0
-21.1346,147.7989,303.1,3.4,1.7,2014-10-07,1214,Terra,MODIS,53,6.2,290.4,30.8,N,0
-22.8714,148.9866,307.1,2.9,1.6,2014-10-07,1214,Terra,MODIS,70,6.2,289.9,37.3,N,0
-22.8053,149.0651,301,2.9,1.6,2014-10-07,1214,Terra,MODIS,22,6.2,288.7,18.5,N,0
-33.0006,137.586,300.6,1.1,1,2014-10-07,1350,Terra,MODIS,30,6.2,285.9,6.8,N,0
-23.4299,129.6342,308,1.3,1.1,2014-10-07,1352,Terra,MODIS,73,6.2,293.6,10.8,N,0
-22.4916,122.5181,307.1,3.8,1.8,2014-10-07,1353,Terra,MODIS,70,6.2,292.9,54.1,N,0
-22.4973,122.5238,304.8,3.8,1.8,2014-10-07,1353,Terra,MODIS,62,6.2,292.7,43.4,N,0
-22.5003,122.4862,304,3.9,1.8,2014-10-07,1353,Terra,MODIS,58,6.2,292.5,40.1,N,0
-20.7505,133.4916,307.6,1,1,2014-10-07,1353,Terra,MODIS,70,6.2,296.3,6.8,N,0
-19.9381,133.1965,311.4,1,1,2014-10-07,1353,Terra,MODIS,80,6.2,297.9,8.4,N,0
-19.9396,133.1867,320.1,1,1,2014-10-07,1353,Terra,MODIS,100,6.2,298.4,16,N,0
-19.9305,133.1852,317.2,1,1,2014-10-07,1353,Terra,MODIS,94,6.2,298.4,12.9,N,0
-19.9319,133.1754,316.8,1,1,2014-10-07,1353,Terra,MODIS,93,6.2,298.3,12.6,N,0
-20.5662,140.6665,304.9,2.8,1.6,2014-10-07,1353,Terra,MODIS,62,6.2,294.7,21.2,N,0
-20.5674,140.6724,310.7,2.8,1.6,2014-10-07,1353,Terra,MODIS,81,6.2,294.9,39.1,N,0
-16.5116,135.4589,310,1.4,1.2,2014-10-07,1354,Terra,MODIS,77,6.2,296.1,11.6,N,0
-16.5307,135.4761,314.9,1.4,1.2,2014-10-07,1354,Terra,MODIS,89,6.2,296.1,17.8,N,0
-16.5223,135.4608,307.5,1.4,1.2,2014-10-07,1354,Terra,MODIS,69,6.2,295.7,8.8,N,0
-16.52,135.4742,312.8,1.4,1.2,2014-10-07,1354,Terra,MODIS,85,6.2,296.1,15.5,N,0
-17.596,130.2737,311.5,1,1,2014-10-07,1354,Terra,MODIS,83,6.2,298.2,7.4,N,0
-17.0152,128.1036,313,1.3,1.1,2014-10-07,1354,Terra,MODIS,58,6.2,300.3,9.5,N,0
-17.0269,128.0929,311.8,1.3,1.1,2014-10-07,1354,Terra,MODIS,58,6.2,300.2,8.2,N,0
-17.037,128.0943,341,1.3,1.1,2014-10-07,1354,Terra,MODIS,100,6.2,302.7,58.5,N,0
-17.094,124.6206,312,2.3,1.5,2014-10-07,1354,Terra,MODIS,33,6.2,286.8,38.9,N,0
-17.4566,130.5528,304.5,1,1,2014-10-07,1354,Terra,MODIS,42,6.2,286.8,6.2,N,0
-16.8782,126.9594,313.2,1.5,1.2,2014-10-07,1354,Terra,MODIS,84,6.2,296.1,17.6,N,0
-16.8764,126.9735,312,1.5,1.2,2014-10-07,1354,Terra,MODIS,81,6.2,295.9,16.2,N,0
-16.8797,126.9659,319.7,1.5,1.2,2014-10-07,1354,Terra,MODIS,99,6.2,296.1,27.9,N,0
-16.8119,127.1362,308.2,1.5,1.2,2014-10-07,1354,Terra,MODIS,43,6.2,297.9,8.4,N,0
-16.8136,127.1224,308.3,1.5,1.2,2014-10-07,1354,Terra,MODIS,37,6.2,297.7,8.3,N,0
-19.4867,126.7979,308.4,1.7,1.3,2014-10-07,1354,Terra,MODIS,74,6.2,297.5,12.6,N,0
-16.8751,127.2764,315.5,1.4,1.2,2014-10-07,1354,Terra,MODIS,90,6.2,297.8,17.2,N,0
-16.8858,127.2777,319.9,1.4,1.2,2014-10-07,1354,Terra,MODIS,99,6.2,298.5,23.8,N,0
-16.6377,128.1963,314.1,1.3,1.1,2014-10-07,1354,Terra,MODIS,85,6.2,299.6,11.7,N,0
-17.0355,128.1065,310.4,1.3,1.1,2014-10-07,1354,Terra,MODIS,49,6.2,300.3,6.7,N,0
-16.843,127.2382,311.3,1.5,1.2,2014-10-07,1354,Terra,MODIS,33,6.2,298.6,10.2,N,0
-16.8388,127.2162,313.6,1.5,1.2,2014-10-07,1354,Terra,MODIS,55,6.2,298.6,13.5,N,0
-16.0414,127.9269,311.8,1.3,1.1,2014-10-07,1354,Terra,MODIS,79,6.2,298.3,9.9,N,0
-16.8447,127.2247,311.7,1.5,1.2,2014-10-07,1354,Terra,MODIS,38,6.2,298.8,10.7,N,0
-17.4121,130.4123,340.7,1,1,2014-10-07,1354,Terra,MODIS,100,6.2,285.6,45.5,N,0
-17.0157,123.097,306.7,3,1.6,2014-10-07,1354,Terra,MODIS,54,6.2,295.1,27.5,N,0
-16.0912,127.86,309.7,1.3,1.1,2014-10-07,1354,Terra,MODIS,72,6.2,299.3,8.2,N,0
-16.8371,127.23,310.7,1.5,1.2,2014-10-07,1354,Terra,MODIS,40,6.2,298.4,9.7,N,0
-16.8405,127.2022,312.8,1.5,1.2,2014-10-07,1354,Terra,MODIS,82,6.2,298.8,14,N,0
-16.7978,127.1619,312.7,1.5,1.2,2014-10-07,1354,Terra,MODIS,82,6.2,298,13.6,N,0
-16.7995,127.1483,313.9,1.5,1.2,2014-10-07,1354,Terra,MODIS,86,6.2,297.8,15.2,N,0
-17.0158,123.0918,305,3,1.6,2014-10-07,1354,Terra,MODIS,54,6.2,295,23.3,N,0
-16.8375,127.1952,312.1,1.5,1.2,2014-10-07,1354,Terra,MODIS,80,6.2,298.3,13.7,N,0
-16.8421,127.1882,309.7,1.5,1.2,2014-10-07,1354,Terra,MODIS,69,6.2,297.3,10.6,N,0
-18.2583,131.8476,311.4,1,1,2014-10-07,1354,Terra,MODIS,64,6.2,297,8.3,N,0
-18.248,131.8555,307.8,1,1,2014-10-07,1354,Terra,MODIS,8,6.2,296.2,5.6,N,0
-17.6009,132.6955,316,1,1,2014-10-07,1354,Terra,MODIS,92,6.2,298.3,12.5,N,0
-17.5994,132.7052,314.6,1,1,2014-10-07,1354,Terra,MODIS,89,6.2,297.5,11.5,N,0
-12.3525,132.9554,307.2,1.2,1.1,2014-10-07,1355,Terra,MODIS,67,6.2,293.5,7.7,N,0
-12.3348,132.9415,310.3,1.2,1.1,2014-10-07,1355,Terra,MODIS,64,6.2,293.8,10.2,N,0
-13.436,131.923,311.7,1,1,2014-10-07,1355,Terra,MODIS,79,6.2,297.1,8.3,N,0
-14.1828,134.0945,308.6,1.3,1.1,2014-10-07,1355,Terra,MODIS,71,6.2,298.3,7.8,N,0
-13.8877,135.8585,305.3,1.7,1.3,2014-10-07,1355,Terra,MODIS,60,6.2,295.2,10.7,N,0
-13.4282,131.912,310.3,1,1,2014-10-07,1355,Terra,MODIS,75,6.2,296.8,7.3,N,0
-12.3444,132.9431,306.4,1.2,1.1,2014-10-07,1355,Terra,MODIS,59,6.2,293.6,7.1,N,0
-12.3428,132.9538,326.3,1.2,1.1,2014-10-07,1355,Terra,MODIS,100,6.2,293.6,29.1,N,0
-13.4346,131.9325,313,1,1,2014-10-07,1355,Terra,MODIS,83,6.2,297.1,9.5,N,0
-12.3282,132.9844,312.4,1.2,1.1,2014-10-07,1355,Terra,MODIS,85,6.2,293.7,13.8,N,0
-13.858,132.5457,310.4,1.1,1,2014-10-07,1355,Terra,MODIS,68,6.2,294.7,8.9,N,0
-12.3331,132.9522,312.2,1.2,1.1,2014-10-07,1355,Terra,MODIS,80,6.2,293.3,12.2,N,0
-14.1717,134.1652,309.2,1.3,1.1,2014-10-07,1355,Terra,MODIS,66,6.2,297.5,8.5,N,0
-13.8972,132.6033,309.4,1.1,1,2014-10-07,1355,Terra,MODIS,50,6.2,295.8,6.5,N,0
-13.8517,132.5243,304.7,1.1,1,2014-10-07,1355,Terra,MODIS,38,6.2,294.6,5.1,N,0
-14.1462,134.0643,309.9,1.3,1.1,2014-10-07,1355,Terra,MODIS,75,6.2,295.9,10.2,N,0
-14.1087,134.1123,309.1,1.3,1.1,2014-10-07,1355,Terra,MODIS,32,6.2,297.8,8,N,0
-14.1142,134.077,309,1.3,1.1,2014-10-07,1355,Terra,MODIS,72,6.2,296.4,9.4,N,0
-13.4268,131.9215,312.9,1,1,2014-10-07,1355,Terra,MODIS,83,6.2,296.6,9.2,N,0
-13.8643,132.5671,306.9,1.1,1,2014-10-07,1355,Terra,MODIS,18,6.2,295.2,5.8,N,0
-13.0549,130.3568,309.9,1,1,2014-10-07,1355,Terra,MODIS,76,6.2,293.4,8.8,N,0
-13.0562,130.3477,303.7,1,1,2014-10-07,1355,Terra,MODIS,47,6.2,293.2,4.8,N,0
-13.5422,130.1601,317.5,1,1,2014-10-07,1355,Terra,MODIS,95,6.2,295.2,13.7,N,0
-13.0391,130.2736,310.4,1,1,2014-10-07,1355,Terra,MODIS,78,6.2,294,9.2,N,0
-13.524,130.3552,318.3,1,1,2014-10-07,1355,Terra,MODIS,96,6.2,294.2,14.7,N,0
-13.5137,130.3631,315.4,1,1,2014-10-07,1355,Terra,MODIS,90,6.2,294.3,11.8,N,0
-13.5989,130.4101,304.3,1,1,2014-10-07,1355,Terra,MODIS,26,6.2,293.1,4.4,N,0
-13.622,130.4418,310.6,1,1,2014-10-07,1355,Terra,MODIS,75,6.2,293.6,8.5,N,0
-13.0601,130.3201,305,1,1,2014-10-07,1355,Terra,MODIS,57,6.2,293.3,5.4,N,0
-13.6207,130.451,306.6,1,1,2014-10-07,1355,Terra,MODIS,61,6.2,294.4,6,N,0
-13.5201,130.3828,321.5,1,1,2014-10-07,1355,Terra,MODIS,100,6.2,294.6,17.5,N,0
-13.9271,132.6352,309.1,1.1,1,2014-10-07,1355,Terra,MODIS,71,6.2,297.5,7.2,N,0
-13.5214,130.3736,307.3,1,1,2014-10-07,1355,Terra,MODIS,39,6.2,294.6,5.7,N,0
-13.5624,130.408,313,1,1,2014-10-07,1355,Terra,MODIS,84,6.2,294.5,10.4,N,0
-13.5409,130.1694,334.9,1,1,2014-10-07,1355,Terra,MODIS,100,6.2,296.1,34,N,0
-13.9364,132.6367,313.4,1.1,1,2014-10-07,1355,Terra,MODIS,85,6.2,297.8,10.7,N,0
-14.4675,133.9109,335.4,1.2,1.1,2014-10-07,1355,Terra,MODIS,100,6.2,301.3,45.1,N,0
-14.4558,133.9206,317.6,1.2,1.1,2014-10-07,1355,Terra,MODIS,95,6.2,298.4,16,N,0
-14.4539,133.9322,331.1,1.2,1.1,2014-10-07,1355,Terra,MODIS,100,6.2,299.5,36.2,N,0
-14.4322,133.9404,308.2,1.2,1.1,2014-10-07,1355,Terra,MODIS,26,6.2,297.1,6.3,N,0
-14.4657,133.9224,326.1,1.2,1.1,2014-10-07,1355,Terra,MODIS,100,6.2,300.7,28.8,N,0
-14.4311,133.9456,313.9,1.2,1.1,2014-10-07,1355,Terra,MODIS,83,6.2,297.5,12.1,N,0
-14.4692,133.8996,324.3,1.2,1.1,2014-10-07,1355,Terra,MODIS,100,6.2,299.1,26.3,N,0
-14.4422,133.9421,336.3,1.2,1.1,2014-10-07,1355,Terra,MODIS,100,6.2,298.5,47.2,N,0
-14.7313,133.3356,311,1.1,1.1,2014-10-07,1355,Terra,MODIS,78,6.2,298.1,8,N,0
-14.4918,133.2878,311,1.2,1.1,2014-10-07,1355,Terra,MODIS,77,6.2,299.4,7.9,N,0
-14.4037,133.8586,309.3,1.2,1.1,2014-10-07,1355,Terra,MODIS,73,6.2,297.4,7.9,N,0
-14.736,133.369,309.4,1.2,1.1,2014-10-07,1355,Terra,MODIS,73,6.2,298.2,6.6,N,0
-14.4304,133.9519,311.1,1.2,1.1,2014-10-07,1355,Terra,MODIS,66,6.2,297.6,9.3,N,0
-11.8722,132.8258,311.6,1.2,1.1,2014-10-07,1355,Terra,MODIS,83,6.2,293.7,12.1,N,0
-13.5253,130.346,312.9,1,1,2014-10-07,1355,Terra,MODIS,84,6.2,293.4,10.6,N,0
-13.5976,130.4193,305.4,1,1,2014-10-07,1355,Terra,MODIS,17,6.2,293.7,4.9,N,0
-13.5559,130.454,368.9,1,1,2014-10-07,1355,Terra,MODIS,100,6.2,296.3,111.7,N,0
-13.5546,130.4632,311.3,1,1,2014-10-07,1355,Terra,MODIS,79,6.2,294.3,9.3,N,0
-13.5649,130.4554,325.7,1,1,2014-10-07,1355,Terra,MODIS,100,6.2,296.3,22.6,N,0
-13.5611,130.4172,322.3,1,1,2014-10-07,1355,Terra,MODIS,100,6.2,294.5,18.7,N,0
-13.5598,130.4264,328.4,1,1,2014-10-07,1355,Terra,MODIS,100,6.2,294.8,25.8,N,0
-13.5585,130.4356,375.7,1,1,2014-10-07,1355,Terra,MODIS,100,6.2,297.5,136,N,0
-13.5572,130.4448,351.7,1,1,2014-10-07,1355,Terra,MODIS,100,6.2,295.5,65.4,N,0
-13.5636,130.4646,332.1,1,1,2014-10-07,1355,Terra,MODIS,100,6.2,296.4,30.6,N,0
-13.515,130.3539,313.2,1,1,2014-10-07,1355,Terra,MODIS,85,6.2,293.8,10.2,N,0
-14.4087,142.2667,302.6,3.6,1.8,2014-10-07,1520,Aqua,MODIS,50,6.2,291.3,31.9,N,0
-15.4063,143.6801,313.2,2.7,1.6,2014-10-07,1520,Aqua,MODIS,87,6.2,291.9,50.1,N,0
-15.3877,143.6585,302.3,2.7,1.6,2014-10-07,1520,Aqua,MODIS,38,6.2,291.1,19.2,N,0
-20.5675,140.6898,307.5,3.5,1.8,2014-10-07,1522,Aqua,MODIS,72,6.2,293.9,41.9,N,0
-20.5759,140.6955,304.2,3.5,1.8,2014-10-07,1522,Aqua,MODIS,59,6.2,294,29.5,N,0
-23.2449,147.3658,302.2,1.1,1.1,2014-10-07,1522,Aqua,MODIS,47,6.2,290.6,6.7,N,0
-24.5733,151.0434,305.5,1.1,1,2014-10-07,1522,Aqua,MODIS,65,6.2,288,9,N,0
-21.144,147.8071,308.4,1.1,1.1,2014-10-07,1522,Aqua,MODIS,74,6.2,290.7,10.7,N,0
-21.1423,147.7962,315.5,1.1,1.1,2014-10-07,1522,Aqua,MODIS,91,6.2,291.1,17.4,N,0
-21.1193,147.796,306.6,1.1,1.1,2014-10-07,1522,Aqua,MODIS,41,6.2,290.3,8.7,N,0
-21.1401,147.8034,319.8,1.1,1.1,2014-10-07,1522,Aqua,MODIS,99,6.2,291.3,20.5,N,0
-21.1384,147.7925,310.5,1.1,1.1,2014-10-07,1522,Aqua,MODIS,45,6.2,290.9,11.4,N,0
-21.1289,147.7943,313.5,1.1,1.1,2014-10-07,1522,Aqua,MODIS,47,6.2,291.1,13.9,N,0
-22.872,148.9883,306.7,1,1,2014-10-07,1522,Aqua,MODIS,23,6.2,289.6,7.6,N,0
-22.7778,149.0318,303.1,1,1,2014-10-07,1522,Aqua,MODIS,53,6.2,289.3,6.1,N,0
-22.8031,149.138,303.1,1,1,2014-10-07,1522,Aqua,MODIS,53,6.2,289,6.2,N,0
-24.505,150.9327,300.1,1.1,1,2014-10-07,1522,Aqua,MODIS,15,6.2,289.2,5.5,N,0
-26.6901,148.5962,317.7,1,1,2014-10-07,1523,Aqua,MODIS,96,6.2,291.5,16.4,N,0
-25.3787,152.3219,304.7,1.2,1.1,2014-10-07,1523,Aqua,MODIS,29,6.2,289.1,8.8,N,0
-31.3435,150.7057,302,1.2,1.1,2014-10-07,1524,Aqua,MODIS,46,6.2,282,10,N,0
-30.2861,148.9202,305.3,1,1,2014-10-07,1524,Aqua,MODIS,64,6.2,285.8,9.3,N,0
-34.4306,117.0715,307.3,1.7,1.3,2014-10-07,1528,Terra,MODIS,71,6.2,277,26,N,0
-22.9586,117.929,307.5,3.5,1.8,2014-10-07,1531,Terra,MODIS,72,6.2,294.9,40.5,N,0
-22.9015,117.8674,309.4,3.5,1.8,2014-10-07,1531,Terra,MODIS,77,6.2,294.1,49.9,N,0
-21.3911,116.3425,304.1,2.9,1.6,2014-10-07,1531,Terra,MODIS,58,6.2,293.3,24.4,N,0
-21.3821,116.312,303.2,2.9,1.6,2014-10-07,1531,Terra,MODIS,51,6.2,292.1,21.7,N,0
-12.3224,133.0021,303.4,1.9,1.3,2014-10-07,1658,Aqua,MODIS,55,6.2,293.3,12.9,N,0
-13.5978,130.4274,303.6,1.3,1.1,2014-10-07,1658,Aqua,MODIS,15,6.2,292.6,6.4,N,0
-13.6067,130.4204,306.8,1.3,1.1,2014-10-07,1658,Aqua,MODIS,19,6.2,293.2,8.8,N,0
-13.5558,130.4212,303.8,1.3,1.1,2014-10-07,1658,Aqua,MODIS,57,6.2,293.1,7,N,0
-13.5573,130.433,307.5,1.3,1.1,2014-10-07,1658,Aqua,MODIS,71,6.2,293.3,10.4,N,0
-13.5962,130.4157,307.8,1.3,1.1,2014-10-07,1658,Aqua,MODIS,63,6.2,293,10.2,N,0
-12.3421,132.9652,360.9,1.8,1.3,2014-10-07,1658,Aqua,MODIS,100,6.2,295.1,215.1,N,0
-12.3302,132.9667,317.8,1.8,1.3,2014-10-07,1658,Aqua,MODIS,96,6.2,293.4,36.6,N,0
-12.328,132.9498,319.8,1.8,1.3,2014-10-07,1658,Aqua,MODIS,99,6.2,293.1,41.4,N,0
-12.34,132.9483,337.7,1.8,1.3,2014-10-07,1658,Aqua,MODIS,100,6.2,293.3,95.2,N,0
-13.4313,131.9267,308.1,1.6,1.2,2014-10-07,1658,Aqua,MODIS,73,6.2,294.9,13.5,N,0
-12.3541,132.9637,320,1.8,1.3,2014-10-07,1658,Aqua,MODIS,99,6.2,293.8,41.9,N,0
-13.4332,131.9361,307.2,1.6,1.2,2014-10-07,1658,Aqua,MODIS,65,6.2,295.1,11.3,N,0
-12.3203,132.9851,314.6,1.9,1.3,2014-10-07,1658,Aqua,MODIS,90,6.2,292.5,31.8,N,0
-13.8969,132.6085,303.5,1.8,1.3,2014-10-07,1658,Aqua,MODIS,27,6.2,293.5,9.3,N,0
-13.5077,130.3682,306.7,1.3,1.1,2014-10-07,1658,Aqua,MODIS,20,6.2,293.6,7.7,N,0
-13.6199,130.4426,314.4,1.3,1.1,2014-10-07,1658,Aqua,MODIS,89,6.2,293.4,17,N,0
-13.508,130.3628,305.5,1.3,1.1,2014-10-07,1658,Aqua,MODIS,3,6.2,293.5,6.6,N,0
-14.399,133.9527,333.7,2.4,1.5,2014-10-07,1658,Aqua,MODIS,100,6.2,298.2,109.9,N,0
-14.4792,133.9433,315.7,2.4,1.5,2014-10-07,1658,Aqua,MODIS,92,6.2,296.1,44.3,N,0
-14.403,133.9572,317.1,2.4,1.5,2014-10-07,1658,Aqua,MODIS,94,6.2,296.7,44.3,N,0
-14.4391,133.948,323.3,2.4,1.5,2014-10-07,1658,Aqua,MODIS,100,6.2,296.1,65.3,N,0
-14.4818,133.9651,310,2.4,1.5,2014-10-07,1658,Aqua,MODIS,78,6.2,295.2,29.9,N,0
-14.3896,133.9587,343.6,2.4,1.5,2014-10-07,1658,Aqua,MODIS,100,6.2,298.5,166.5,N,0
-14.4525,133.9464,326.9,2.4,1.5,2014-10-07,1658,Aqua,MODIS,100,6.2,297.3,79.1,N,0
-14.387,133.9368,325.5,2.3,1.5,2014-10-07,1658,Aqua,MODIS,100,6.2,297,73.8,N,0
-14.3762,133.9599,309.9,2.4,1.5,2014-10-07,1658,Aqua,MODIS,78,6.2,297,26.1,N,0
-14.3737,133.9381,316.2,2.3,1.5,2014-10-07,1658,Aqua,MODIS,93,6.2,296.8,43.1,N,0
-14.4416,133.9699,327.8,2.4,1.5,2014-10-07,1658,Aqua,MODIS,100,6.2,297.5,83.9,N,0
-14.4633,133.9226,317.8,2.3,1.5,2014-10-07,1658,Aqua,MODIS,96,6.2,297,50.5,N,0
-14.4684,133.9667,325.4,2.4,1.5,2014-10-07,1658,Aqua,MODIS,100,6.2,296.7,77.7,N,0
-14.4282,133.9714,305.4,2.4,1.5,2014-10-07,1658,Aqua,MODIS,63,6.2,295.4,15.5,N,0
-14.455,133.9683,346.8,2.4,1.5,2014-10-07,1658,Aqua,MODIS,100,6.2,298.2,188.4,N,0
-14.4767,133.9213,314.8,2.3,1.5,2014-10-07,1658,Aqua,MODIS,90,6.2,295.8,42.2,N,0
-14.4298,133.9542,318.4,2.4,1.5,2014-10-07,1658,Aqua,MODIS,97,6.2,295.9,48.8,N,0
-14.4659,133.9447,343.6,2.4,1.5,2014-10-07,1658,Aqua,MODIS,100,6.2,298.3,168.9,N,0
-16.8358,127.2392,307.4,1,1,2014-10-07,1659,Aqua,MODIS,59,6.2,296.3,5.4,N,0
-16.9915,123.0839,306.2,1.3,1.1,2014-10-07,1659,Aqua,MODIS,67,6.2,294,8.3,N,0
-16.7965,127.1584,309.1,1,1,2014-10-07,1659,Aqua,MODIS,73,6.2,296,6.5,N,0
-16.7979,127.1678,307.8,1,1,2014-10-07,1659,Aqua,MODIS,68,6.2,296,5.8,N,0
-16.8653,124.0841,307.3,1.1,1.1,2014-10-07,1659,Aqua,MODIS,70,6.2,295.4,7.7,N,0
-17.4127,130.4312,310.9,1.4,1.2,2014-10-07,1659,Aqua,MODIS,69,6.2,295.9,13.2,N,0
-16.8345,127.2298,312,1,1,2014-10-07,1659,Aqua,MODIS,81,6.2,296.4,8.5,N,0
-16.8388,127.1945,308.5,1,1,2014-10-07,1659,Aqua,MODIS,70,6.2,295.9,6.9,N,0
-17.0327,128.1069,315.1,1.1,1,2014-10-07,1659,Aqua,MODIS,89,6.2,299.4,10.3,N,0
-17.0664,124.1894,309.5,1.1,1.1,2014-10-07,1659,Aqua,MODIS,78,6.2,295.8,8.7,N,0
-17.0234,128.1082,317.8,1.1,1,2014-10-07,1659,Aqua,MODIS,95,6.2,299.5,12.7,N,0
-17.0833,124.6361,307,1.1,1,2014-10-07,1659,Aqua,MODIS,10,6.2,296.4,4.5,N,0
-17.4144,130.4447,310.1,1.4,1.2,2014-10-07,1659,Aqua,MODIS,58,6.2,295.3,12.4,N,0
-17.0743,124.1773,309.3,1.1,1.1,2014-10-07,1659,Aqua,MODIS,21,6.2,295.2,7.6,N,0
-17.5897,130.2995,328.2,1.4,1.2,2014-10-07,1659,Aqua,MODIS,100,6.2,296,43.2,N,0
-17.4639,130.5769,306.3,1.5,1.2,2014-10-07,1659,Aqua,MODIS,34,6.2,295.9,7.6,N,0
-17.0497,124.084,313.1,1.1,1.1,2014-10-07,1659,Aqua,MODIS,86,6.2,296.4,11.6,N,0
-17.0759,124.1878,328,1.1,1.1,2014-10-07,1659,Aqua,MODIS,100,6.2,296.8,28.3,N,0
-17.4268,130.4569,304.2,1.4,1.2,2014-10-07,1659,Aqua,MODIS,19,6.2,292.6,6.2,N,0
-17.0949,124.1845,308.6,1.1,1.1,2014-10-07,1659,Aqua,MODIS,75,6.2,296.2,7.6,N,0
-19.5301,126.857,308.3,1,1,2014-10-07,1700,Aqua,MODIS,56,6.2,296.8,7.3,N,0
-18.5353,125.3425,312.4,1,1,2014-10-07,1700,Aqua,MODIS,83,6.2,297.1,9.4,N,0
-18.5368,125.3521,309.3,1,1,2014-10-07,1700,Aqua,MODIS,73,6.2,297.6,7,N,0
-18.5444,125.341,317.4,1,1,2014-10-07,1700,Aqua,MODIS,94,6.2,297,13.1,N,0
-18.5458,125.3506,337.9,1,1,2014-10-07,1700,Aqua,MODIS,100,6.2,299.3,38.2,N,0
-18.4159,131.5661,307.6,1.8,1.3,2014-10-07,1700,Aqua,MODIS,72,6.2,293.5,17.7,N,0
-18.4101,131.5739,310.3,1.8,1.3,2014-10-07,1700,Aqua,MODIS,80,6.2,294,21.3,N,0
-21.3932,116.3227,310.2,3.2,1.7,2014-10-07,1701,Aqua,MODIS,79,6.2,291.8,51.6,N,0
-21.3992,116.3525,306.5,3.1,1.7,2014-10-07,1701,Aqua,MODIS,68,6.2,292.1,38,N,0
-21.5907,117.8545,304,2.4,1.5,2014-10-07,1701,Aqua,MODIS,49,6.2,293.8,17.9,N,0
-21.8941,124.0526,304.5,1,1,2014-10-07,1701,Aqua,MODIS,61,6.2,292.6,6.6,N,0
-22.9033,117.8751,304.3,2.3,1.5,2014-10-07,1701,Aqua,MODIS,60,6.2,293.2,18.2,N,0
-22.8902,117.8774,322.8,2.3,1.5,2014-10-07,1701,Aqua,MODIS,100,6.2,293.5,67.3,N,0
-21.8925,124.0426,304.2,1,1,2014-10-07,1701,Aqua,MODIS,59,6.2,292.8,6.1,N,0
-30.8627,121.4968,319.8,1,1,2014-10-07,1703,Aqua,MODIS,99,6.2,287.3,21.4,N,2
-34.4267,117.0699,300.7,1.5,1.2,2014-10-07,1704,Aqua,MODIS,32,6.2,267.9,15.3,N,0
-12.383,142.8138,327.7,1.1,1,2014-10-08,0045,Terra,MODIS,48,6.2,308.5,11.9,D,0
-12.4092,142.6321,373,1.1,1,2014-10-08,0045,Terra,MODIS,100,6.2,310.5,125.3,D,0
-12.4107,142.642,345.5,1.1,1,2014-10-08,0045,Terra,MODIS,91,6.2,311,41.1,D,0
-12.4412,142.7783,338.4,1.1,1,2014-10-08,0045,Terra,MODIS,85,6.2,307.8,28.5,D,0
-12.4427,142.788,333.8,1.1,1,2014-10-08,0045,Terra,MODIS,73,6.2,306,22.5,D,0
-12.3492,142.7791,340.4,1.1,1,2014-10-08,0045,Terra,MODIS,87,6.2,304.9,34,D,0
-12.3507,142.7888,328.8,1.1,1,2014-10-08,0045,Terra,MODIS,60,6.2,306.1,15.7,D,0
-12.36,142.7874,332.3,1.1,1,2014-10-08,0045,Terra,MODIS,74,6.2,306,19.4,D,0
-12.3722,142.8055,343.1,1.1,1,2014-10-08,0045,Terra,MODIS,89,6.2,306.9,36.9,D,0
-12.3737,142.8152,330.6,1.1,1,2014-10-08,0045,Terra,MODIS,58,6.2,307.3,16.7,D,0
-12.3845,142.8235,326.5,1.1,1,2014-10-08,0045,Terra,MODIS,53,6.2,306.5,12.2,D,0
-12.3937,142.8221,337.5,1.1,1,2014-10-08,0045,Terra,MODIS,82,6.2,306.1,26.5,D,0
-12.4009,142.8244,328.8,1.1,1,2014-10-08,0045,Terra,MODIS,47,6.2,306.9,15.4,D,0
-12.4272,142.8105,328.3,1.1,1,2014-10-08,0045,Terra,MODIS,28,6.2,305.8,13.3,D,0
-12.4349,142.7993,333.8,1.1,1,2014-10-08,0045,Terra,MODIS,72,6.2,306.2,21.6,D,0
-12.42,142.6405,326.9,1.1,1,2014-10-08,0045,Terra,MODIS,33,6.2,308.7,10.3,D,0
-12.4215,142.6504,339.7,1.1,1,2014-10-08,0045,Terra,MODIS,86,6.2,309.4,29.9,D,0
-12.3354,142.7512,334.5,1.1,1,2014-10-08,0045,Terra,MODIS,75,6.2,305.8,23.4,D,0
-12.3231,142.733,327.6,1.1,1,2014-10-08,0045,Terra,MODIS,38,6.2,305.6,13.4,D,0
-13.0812,143.1039,330,1,1,2014-10-08,0045,Terra,MODIS,53,6.2,307.5,16.2,D,0
-12.3266,136.9059,318.3,2.6,1.6,2014-10-08,0045,Terra,MODIS,0,6.2,301.6,27,D,0
-12.5822,142.85,343.4,1.1,1,2014-10-08,0045,Terra,MODIS,89,6.2,308.6,37,D,0
-12.5837,142.8597,343.3,1.1,1,2014-10-08,0045,Terra,MODIS,89,6.2,308.2,37.3,D,0
-12.5911,142.8619,332.2,1.1,1,2014-10-08,0045,Terra,MODIS,62,6.2,309.7,17.8,D,0
-12.4642,142.3296,328.5,1.1,1.1,2014-10-08,0045,Terra,MODIS,59,6.2,308.2,12.5,D,0
-12.5152,142.66,352.3,1.1,1,2014-10-08,0045,Terra,MODIS,95,6.2,312,54.8,D,0
-12.6246,142.5858,343.8,1.1,1,2014-10-08,0045,Terra,MODIS,89,6.2,310.8,34.1,D,0
-12.6354,142.5943,332.1,1.1,1,2014-10-08,0045,Terra,MODIS,55,6.2,312.2,13,D,0
-12.6369,142.6041,334.5,1.1,1,2014-10-08,0045,Terra,MODIS,68,6.2,311.9,17.3,D,0
-11.8502,142.6555,330.9,1.1,1,2014-10-08,0045,Terra,MODIS,65,6.2,307.8,17.5,D,0
-11.8408,142.657,324.3,1.1,1,2014-10-08,0045,Terra,MODIS,39,6.2,305.2,10.1,D,0
-12.446,142.7474,325,1.1,1,2014-10-08,0045,Terra,MODIS,30,6.2,307.1,9.7,D,0
-12.8248,142.153,336.8,1.1,1.1,2014-10-08,0045,Terra,MODIS,83,6.2,311.4,25.1,D,0
-12.6137,142.5773,356.6,1.1,1,2014-10-08,0045,Terra,MODIS,98,6.2,310.2,66.1,D,0
-14.2615,142.2784,336.5,1.1,1,2014-10-08,0045,Terra,MODIS,79,6.2,310.6,23.5,D,0
-14.4093,142.2686,341.7,1.1,1,2014-10-08,0045,Terra,MODIS,87,6.2,309.8,33.4,D,0
-14.3922,142.2815,348.6,1.1,1,2014-10-08,0045,Terra,MODIS,92,6.2,312.5,46.5,D,0
-12.457,142.6953,357.1,1.1,1,2014-10-08,0045,Terra,MODIS,98,6.2,310.4,70.2,D,0
-12.4555,142.6855,352.1,1.1,1,2014-10-08,0045,Terra,MODIS,95,6.2,310,55.5,D,0
-14.4,142.2701,362.5,1.1,1,2014-10-08,0045,Terra,MODIS,100,6.2,313.1,83.5,D,0
-14.3829,142.283,329.6,1.1,1,2014-10-08,0045,Terra,MODIS,48,6.2,310.9,11.7,D,0
-12.4982,142.6728,338.4,1.1,1,2014-10-08,0045,Terra,MODIS,77,6.2,309.3,27.4,D,0
-14.2128,142.1901,335.6,1.1,1,2014-10-08,0045,Terra,MODIS,45,6.2,309.5,22.9,D,0
-14.4155,142.2473,337.5,1.1,1,2014-10-08,0045,Terra,MODIS,83,6.2,310.5,26.7,D,0
-12.5075,142.6714,331.4,1.1,1,2014-10-08,0045,Terra,MODIS,63,6.2,308.5,15.5,D,0
-12.4537,142.7361,330.4,1.1,1,2014-10-08,0045,Terra,MODIS,41,6.2,305.7,16.3,D,0
-12.449,142.767,344.5,1.1,1,2014-10-08,0045,Terra,MODIS,90,6.2,307.2,41.4,D,0
-12.6091,142.5475,377.7,1.1,1,2014-10-08,0045,Terra,MODIS,100,6.2,310,144.4,D,0
-14.2366,142.1803,335.4,1.1,1,2014-10-08,0045,Terra,MODIS,81,6.2,307.4,24.3,D,0
-12.6076,142.5376,358.2,1.1,1,2014-10-08,0045,Terra,MODIS,99,6.2,308.8,74.5,D,0
-13.039,143.0718,326.6,1,1,2014-10-08,0045,Terra,MODIS,33,6.2,306.5,12.6,D,0
-14.414,142.2374,326.9,1.1,1,2014-10-08,0045,Terra,MODIS,52,6.2,309.1,10,D,0
-12.4618,142.6643,331.7,1.1,1,2014-10-08,0045,Terra,MODIS,45,6.2,311.1,14.2,D,0
-12.4558,142.6247,330.7,1.1,1,2014-10-08,0045,Terra,MODIS,76,6.2,307.2,17.7,D,0
-12.9793,143.0387,329.9,1,1,2014-10-08,0045,Terra,MODIS,54,6.2,308.9,13.8,D,0
-14.2708,142.2769,338.6,1.1,1,2014-10-08,0045,Terra,MODIS,84,6.2,311.6,25.5,D,0
-12.3311,142.661,344.8,1.1,1,2014-10-08,0045,Terra,MODIS,90,6.2,309.6,41.7,D,0
-12.5059,142.6615,327.9,1.1,1,2014-10-08,0045,Terra,MODIS,29,6.2,311.5,9.4,D,0
-12.8233,142.1427,354.8,1.1,1.1,2014-10-08,0045,Terra,MODIS,97,6.2,312.2,67.2,D,0
-14.2222,142.1886,337.9,1.1,1,2014-10-08,0045,Terra,MODIS,51,6.2,310.7,26.8,D,0
-12.8522,142.1736,339.7,1.1,1.1,2014-10-08,0045,Terra,MODIS,77,6.2,311.5,26.9,D,0
-12.3295,142.6511,345.9,1.1,1,2014-10-08,0045,Terra,MODIS,91,6.2,308.5,45.5,D,0
-14.2631,142.2884,351.7,1.1,1,2014-10-08,0045,Terra,MODIS,95,6.2,311.9,54.9,D,0
-14.2381,142.1903,332.6,1.1,1,2014-10-08,0045,Terra,MODIS,74,6.2,309.4,19.9,D,0
-12.4633,142.6741,336.1,1.1,1,2014-10-08,0045,Terra,MODIS,79,6.2,310.3,21.4,D,0
-14.2475,142.2502,329.5,1.1,1,2014-10-08,0045,Terra,MODIS,62,6.2,309.1,13.6,D,0
-14.3126,142.3007,336.2,1.1,1,2014-10-08,0045,Terra,MODIS,72,6.2,311.8,20,D,0
-14.3018,142.2923,340.8,1.1,1,2014-10-08,0045,Terra,MODIS,86,6.2,312,27.6,D,0
-13.05,143.0211,330.1,1,1,2014-10-08,0045,Terra,MODIS,54,6.2,310.6,10.3,D,0
-12.8359,142.1618,331,1.1,1.1,2014-10-08,0045,Terra,MODIS,69,6.2,310.2,13.9,D,0
-12.9184,142.0998,375,1.1,1.1,2014-10-08,0045,Terra,MODIS,100,6.2,314.7,133,D,0
-12.4736,142.4525,328.3,1.1,1,2014-10-08,0045,Terra,MODIS,65,6.2,309.8,12.9,D,0
-12.8343,142.1515,328,1.1,1.1,2014-10-08,0045,Terra,MODIS,47,6.2,311.1,10.5,D,0
-12.623,142.5759,345.7,1.1,1,2014-10-08,0045,Terra,MODIS,90,6.2,312.6,37.5,D,0
-14.8131,144.9829,327.9,1,1,2014-10-08,0045,Terra,MODIS,58,6.2,308.2,13,D,0
-12.9089,142.1013,337.1,1.1,1.1,2014-10-08,0045,Terra,MODIS,83,6.2,311.2,18.4,D,0
-14.2315,142.1871,345.7,1.1,1,2014-10-08,0045,Terra,MODIS,90,6.2,310.3,42.8,D,0
-14.2206,142.1786,344.4,1.1,1,2014-10-08,0045,Terra,MODIS,88,6.2,308.3,42.9,D,0
-14.3312,142.2978,344.2,1.1,1,2014-10-08,0045,Terra,MODIS,89,6.2,312,34.8,D,0
-12.9168,142.0895,337.8,1.1,1.1,2014-10-08,0045,Terra,MODIS,84,6.2,313,21.7,D,0
-12.92,142.1101,349,1.1,1.1,2014-10-08,0045,Terra,MODIS,93,6.2,313.5,43.8,D,0
-12.6107,142.5575,383.4,1.1,1,2014-10-08,0045,Terra,MODIS,100,6.2,310,170,D,0
-12.7898,142.0527,338.7,1.1,1.1,2014-10-08,0045,Terra,MODIS,85,6.2,307,33.1,D,0
-14.2723,142.2869,335.6,1.1,1,2014-10-08,0045,Terra,MODIS,68,6.2,312,20.3,D,0
-12.4845,142.4611,331.7,1.1,1,2014-10-08,0045,Terra,MODIS,72,6.2,309,18.6,D,0
-14.3907,142.2716,333.9,1.1,1,2014-10-08,0045,Terra,MODIS,78,6.2,310.7,16.8,D,0
-14.8117,144.9734,326.7,1,1,2014-10-08,0045,Terra,MODIS,49,6.2,307.2,11.7,D,0
-14.2144,142.2001,333.4,1.1,1,2014-10-08,0045,Terra,MODIS,33,6.2,312.3,18.1,D,0
-14.3551,142.2874,334.6,1.1,1,2014-10-08,0045,Terra,MODIS,74,6.2,311.8,19.5,D,0
-12.328,142.6412,326.3,1.1,1,2014-10-08,0045,Terra,MODIS,47,6.2,303.5,13.4,D,0
-12.4751,142.4626,323.9,1.1,1,2014-10-08,0045,Terra,MODIS,42,6.2,307.7,8,D,0
-12.7583,143.2885,327.7,1,1,2014-10-08,0045,Terra,MODIS,71,6.2,303.2,20.3,D,0
-12.3389,142.6497,374.9,1.1,1,2014-10-08,0045,Terra,MODIS,100,6.2,312.7,133.4,D,0
-12.7688,141.9811,326.5,1.1,1.1,2014-10-08,0045,Terra,MODIS,58,6.2,305.4,15,D,0
-12.6122,142.5674,407.2,1.1,1,2014-10-08,0045,Terra,MODIS,100,6.2,314.4,317.1,D,0
-14.3984,142.2602,342.1,1.1,1,2014-10-08,0045,Terra,MODIS,87,6.2,310.5,31.4,D,0
-12.3404,142.6596,369.8,1.1,1,2014-10-08,0045,Terra,MODIS,100,6.2,312.9,111.5,D,0
-14.4566,144.4893,324,1,1,2014-10-08,0045,Terra,MODIS,30,6.2,305.3,9.3,D,0
-13.0394,143.013,337.2,1,1,2014-10-08,0045,Terra,MODIS,83,6.2,309.5,21.5,D,0
-14.4077,142.2587,336.6,1.1,1,2014-10-08,0045,Terra,MODIS,82,6.2,311,23.8,D,0
-14.5764,144.3642,326.2,1,1,2014-10-08,0045,Terra,MODIS,67,6.2,308.5,10.2,D,0
-12.617,142.5361,333.4,1.1,1,2014-10-08,0045,Terra,MODIS,61,6.2,312,19.7,D,0
-12.9073,142.091,360.2,1.1,1.1,2014-10-08,0045,Terra,MODIS,100,6.2,311.9,77.1,D,0
-13.0485,143.0116,335.2,1,1,2014-10-08,0045,Terra,MODIS,81,6.2,310.6,17.5,D,0
-12.7625,142.0035,336.8,1.1,1.1,2014-10-08,0045,Terra,MODIS,75,6.2,310.4,28,D,0
-12.7609,141.9931,347,1.1,1.1,2014-10-08,0045,Terra,MODIS,92,6.2,308.9,51,D,0
-12.7704,141.9915,350.1,1.1,1.1,2014-10-08,0045,Terra,MODIS,94,6.2,309.1,60,D,0
-12.6215,142.5659,336,1.1,1,2014-10-08,0045,Terra,MODIS,61,6.2,312.6,20.3,D,0
-12.4397,142.7685,340.1,1.1,1,2014-10-08,0045,Terra,MODIS,87,6.2,308.8,31.3,D,0
-14.4015,142.28,334.8,1.1,1,2014-10-08,0045,Terra,MODIS,70,6.2,310.9,20.1,D,0
-12.986,143.0312,326,1,1,2014-10-08,0045,Terra,MODIS,42,6.2,311,9.6,D,0
-12.9875,143.0408,326.3,1,1,2014-10-08,0045,Terra,MODIS,30,6.2,310,10,D,0
-12.7529,142.005,344.7,1.1,1.1,2014-10-08,0045,Terra,MODIS,90,6.2,309.4,45.4,D,0
-11.0602,142.381,346.2,1.1,1.1,2014-10-08,0045,Terra,MODIS,93,6.2,308.4,47.6,D,0
-11.0303,142.4029,332.2,1.1,1.1,2014-10-08,0045,Terra,MODIS,85,6.2,306.3,23.4,D,0
-11.0303,142.3387,327.6,1.2,1.1,2014-10-08,0045,Terra,MODIS,78,6.2,305.5,16.3,D,0
-13.4493,142.083,334.8,1.1,1.1,2014-10-08,0045,Terra,MODIS,77,6.2,307.2,22.8,D,0
-13.4509,142.0932,344.5,1.1,1.1,2014-10-08,0045,Terra,MODIS,90,6.2,309.4,42.1,D,0
-11.0539,142.4033,327.3,1.1,1.1,2014-10-08,0045,Terra,MODIS,72,6.2,305.1,16.2,D,0
-13.5479,142.1238,332.2,1.1,1.1,2014-10-08,0045,Terra,MODIS,31,6.2,310.9,15.2,D,0
-13.5116,142.0775,349.8,1.1,1.1,2014-10-08,0045,Terra,MODIS,94,6.2,309.4,54.6,D,0
-13.5022,142.079,341.9,1.1,1.1,2014-10-08,0045,Terra,MODIS,88,6.2,308.3,37.9,D,0
-13.5557,142.1122,338,1.1,1.1,2014-10-08,0045,Terra,MODIS,81,6.2,312.3,24.8,D,0
-12.4735,141.8623,350.1,1.2,1.1,2014-10-08,0045,Terra,MODIS,94,6.2,309.3,60.5,D,0
-12.4192,136.5023,319.5,2.8,1.6,2014-10-08,0045,Terra,MODIS,54,6.2,304.1,26.9,D,0
-12.8982,135.8426,319.9,3.1,1.7,2014-10-08,0045,Terra,MODIS,36,6.2,302.7,33,D,0
-13.5353,142.1049,343.7,1.1,1.1,2014-10-08,0045,Terra,MODIS,89,6.2,309.4,33.7,D,0
-13.5369,142.1151,344.4,1.1,1.1,2014-10-08,0045,Terra,MODIS,90,6.2,313.1,36,D,0
-11.0329,142.3317,322.9,1.2,1.1,2014-10-08,0045,Terra,MODIS,68,6.2,305.7,10.4,D,0
-11.0207,142.4044,326.8,1.1,1.1,2014-10-08,0045,Terra,MODIS,75,6.2,304.5,15.9,D,0
-11.0191,142.394,332.7,1.1,1.1,2014-10-08,0045,Terra,MODIS,85,6.2,304.2,24.5,D,0
-11.0345,142.3422,330.1,1.2,1.1,2014-10-08,0045,Terra,MODIS,44,6.2,306.3,18.8,D,0
-13.5975,142.0989,329.3,1.1,1.1,2014-10-08,0045,Terra,MODIS,49,6.2,311.4,11.3,D,0
-13.5881,142.1004,327.5,1.1,1.1,2014-10-08,0045,Terra,MODIS,16,6.2,311.6,9.7,D,0
-13.6164,142.0959,333.5,1.1,1.1,2014-10-08,0045,Terra,MODIS,68,6.2,310.1,17.2,D,0
-14.5556,144.4112,326.3,1,1,2014-10-08,0045,Terra,MODIS,34,6.2,303.3,11.9,D,0
-11.0424,142.3302,330.3,1.2,1.1,2014-10-08,0045,Terra,MODIS,83,6.2,301.5,20.6,D,0
-13.6352,142.0928,329.4,1.1,1.1,2014-10-08,0045,Terra,MODIS,54,6.2,310.5,12,D,0
-13.6258,142.0944,337.1,1.1,1.1,2014-10-08,0045,Terra,MODIS,81,6.2,311.3,23.5,D,0
-11.0523,142.3929,332,1.1,1.1,2014-10-08,0045,Terra,MODIS,77,6.2,307.4,22.3,D,0
-14.4305,144.4364,325.5,1,1,2014-10-08,0045,Terra,MODIS,42,6.2,306.8,10.1,D,0
-14.4381,144.4258,328.2,1,1,2014-10-08,0045,Terra,MODIS,42,6.2,307.3,12.1,D,0
-14.4395,144.435,333.8,1,1,2014-10-08,0045,Terra,MODIS,74,6.2,308.9,19,D,0
-14.4471,144.4244,332.7,1,1,2014-10-08,0045,Terra,MODIS,80,6.2,307,17.8,D,0
-14.4485,144.4337,325,1,1,2014-10-08,0045,Terra,MODIS,34,6.2,307.2,7.3,D,0
-13.5573,142.1223,329.6,1.1,1.1,2014-10-08,0045,Terra,MODIS,37,6.2,310.3,12.3,D,0
-13.1101,141.869,332.9,1.2,1.1,2014-10-08,0045,Terra,MODIS,78,6.2,311,19.4,D,0
-13.1084,141.8585,341.6,1.2,1.1,2014-10-08,0045,Terra,MODIS,87,6.2,309.8,35.6,D,0
-12.4752,141.873,346,1.2,1.1,2014-10-08,0045,Terra,MODIS,91,6.2,310.6,49.1,D,0
-13.5652,142.1107,332.2,1.1,1.1,2014-10-08,0045,Terra,MODIS,57,6.2,308.4,15.2,D,0
-14.2279,143.502,328.1,1,1,2014-10-08,0045,Terra,MODIS,34,6.2,308.4,11.9,D,0
-11.0619,142.3914,355.8,1.1,1.1,2014-10-08,0045,Terra,MODIS,98,6.2,307,75,D,0
-14.2369,143.5006,341.4,1,1,2014-10-08,0045,Terra,MODIS,88,6.2,310.5,30.8,D,0
-14.4314,144.3795,320.4,1,1,2014-10-08,0045,Terra,MODIS,32,6.2,304.9,6.2,D,0
-13.3919,142.1195,334.5,1.1,1.1,2014-10-08,0045,Terra,MODIS,69,6.2,311.6,17.8,D,0
-13.4541,142.1136,331.9,1.1,1.1,2014-10-08,0045,Terra,MODIS,47,6.2,307.7,17.4,D,0
-14.1222,143.5341,328.1,1,1,2014-10-08,0045,Terra,MODIS,60,6.2,309.8,11.4,D,0
-14.4237,144.3901,340.7,1,1,2014-10-08,0045,Terra,MODIS,87,6.2,307.6,32.5,D,0
-14.4224,144.3808,333.5,1,1,2014-10-08,0045,Terra,MODIS,80,6.2,305.2,21.4,D,0
-14.4327,144.3887,323.8,1,1,2014-10-08,0045,Terra,MODIS,63,6.2,305.5,9.7,D,0
-14.2459,143.4992,338.9,1,1,2014-10-08,0045,Terra,MODIS,85,6.2,308.4,25.9,D,0
-14.2554,143.5011,324,1,1,2014-10-08,0045,Terra,MODIS,49,6.2,307.3,8.4,D,0
-14.7218,142.1525,330.6,1.1,1,2014-10-08,0046,Terra,MODIS,63,6.2,309.7,11.5,D,0
-15.1871,145.1578,347.7,1,1,2014-10-08,0046,Terra,MODIS,92,6.2,302.1,50.3,D,0
-15.4346,145.024,346.7,1,1,2014-10-08,0046,Terra,MODIS,92,6.2,306.1,45.6,D,0
-15.4255,145.0254,332.9,1,1,2014-10-08,0046,Terra,MODIS,58,6.2,308.7,20.3,D,0
-16.4652,144.777,335.9,1,1,2014-10-08,0046,Terra,MODIS,82,6.2,311.5,25,D,0
-16.4666,144.7867,327.6,1,1,2014-10-08,0046,Terra,MODIS,62,6.2,311.6,12.8,D,0
-15.3736,143.7141,338.1,1,1,2014-10-08,0046,Terra,MODIS,70,6.2,310.8,23.3,D,0
-16.4337,144.8074,331.1,1,1,2014-10-08,0046,Terra,MODIS,72,6.2,312.6,15.9,D,0
-16.4639,144.7673,328.6,1,1,2014-10-08,0046,Terra,MODIS,67,6.2,309.6,13.9,D,0
-15.4626,145.089,334.7,1,1,2014-10-08,0046,Terra,MODIS,77,6.2,307.2,21.1,D,0
-15.009,135.0729,332.4,3.2,1.7,2014-10-08,0046,Terra,MODIS,73,6.2,303,98.1,D,0
-14.1131,134.1265,323.5,3.9,1.8,2014-10-08,0046,Terra,MODIS,40,6.2,303.4,45,D,0
-15.0399,145.0969,327.2,1,1,2014-10-08,0046,Terra,MODIS,46,6.2,306.6,16.6,D,0
-15.049,145.0957,346,1,1,2014-10-08,0046,Terra,MODIS,91,6.2,305.6,47.6,D,0
-15.0504,145.1054,326.2,1,1,2014-10-08,0046,Terra,MODIS,32,6.2,304.5,14.3,D,0
-14.9506,145.1163,328.7,1,1,2014-10-08,0046,Terra,MODIS,61,6.2,305.5,19.2,D,0
-15.2451,145.1829,326.5,1.1,1,2014-10-08,0046,Terra,MODIS,47,6.2,304.2,14,D,0
-15.4125,143.6643,336.3,1,1,2014-10-08,0046,Terra,MODIS,63,6.2,308.5,22.5,D,0
-15.251,143.4459,342.4,1,1,2014-10-08,0046,Terra,MODIS,86,6.2,308.9,29.9,D,0
-15.2448,143.4658,360.2,1,1,2014-10-08,0046,Terra,MODIS,100,6.2,317.6,63.5,D,0
-15.2524,143.4552,337.2,1,1,2014-10-08,0046,Terra,MODIS,63,6.2,313,19.9,D,0
-14.4975,133.9468,323.5,4,1.9,2014-10-08,0046,Terra,MODIS,39,6.2,301.6,57.2,D,0
-15.4021,143.6564,364.6,1,1,2014-10-08,0046,Terra,MODIS,100,6.2,312.9,83.8,D,0
-15.9396,144.5019,331.5,1,1,2014-10-08,0046,Terra,MODIS,63,6.2,310.5,16.7,D,0
-14.4858,133.9435,348.4,4,1.9,2014-10-08,0046,Terra,MODIS,93,6.2,302.9,331.6,D,0
-15.3904,143.6393,371.2,1,1,2014-10-08,0046,Terra,MODIS,100,6.2,312.8,104.5,D,0
-15.6047,136.5397,323.3,2.4,1.5,2014-10-08,0046,Terra,MODIS,21,6.2,302.3,29.5,D,0
-14.3983,133.9671,323.6,4,1.9,2014-10-08,0046,Terra,MODIS,47,6.2,303.5,44.3,D,0
-15.1977,145.1661,327.2,1,1,2014-10-08,0046,Terra,MODIS,52,6.2,305.1,14.8,D,0
-15.3814,143.6406,338.5,1,1,2014-10-08,0046,Terra,MODIS,84,6.2,310.7,24,D,0
-15.4236,143.6152,335.3,1,1,2014-10-08,0046,Terra,MODIS,70,6.2,308.9,20.9,D,0
-15.4138,143.6735,340.1,1,1,2014-10-08,0046,Terra,MODIS,76,6.2,309,26.9,D,0
-15.9577,144.499,324.2,1,1,2014-10-08,0046,Terra,MODIS,40,6.2,306.5,9.7,D,0
-15.4007,143.6471,370.3,1,1,2014-10-08,0046,Terra,MODIS,100,6.2,308.7,101.6,D,0
-15.4152,143.6828,340.7,1,1,2014-10-08,0046,Terra,MODIS,78,6.2,309.7,28,D,0
-15.3131,145.1331,325.6,1,1,2014-10-08,0046,Terra,MODIS,52,6.2,303.6,12.9,D,0
-15.2434,143.4565,378.4,1,1,2014-10-08,0046,Terra,MODIS,100,6.2,317.4,128,D,0
-15.4739,143.582,338.9,1,1,2014-10-08,0046,Terra,MODIS,80,6.2,310.3,26.1,D,0
-15.242,143.4473,355.3,1,1,2014-10-08,0046,Terra,MODIS,97,6.2,309.6,57.1,D,0
-14.4809,133.9502,346,4,1.9,2014-10-08,0046,Terra,MODIS,91,6.2,303.5,297.6,D,0
-15.2143,143.5084,339.5,1,1,2014-10-08,0046,Terra,MODIS,53,6.2,313.5,22.2,D,0
-15.2026,143.4913,327.8,1,1,2014-10-08,0046,Terra,MODIS,59,6.2,311.5,10.1,D,0
-15.4725,143.5728,366.8,1,1,2014-10-08,0046,Terra,MODIS,100,6.2,311.6,89.7,D,0
-15.4649,143.5834,347.9,1,1,2014-10-08,0046,Terra,MODIS,92,6.2,312.7,42.1,D,0
-15.9306,144.5033,328.7,1,1,2014-10-08,0046,Terra,MODIS,74,6.2,310.4,14.2,D,0
-15.4635,143.5742,353.3,1,1,2014-10-08,0046,Terra,MODIS,96,6.2,309.8,51.9,D,0
-15.2736,143.4739,335.3,1,1,2014-10-08,0046,Terra,MODIS,49,6.2,315.1,15.9,D,0
-15.4111,143.655,345.3,1,1,2014-10-08,0046,Terra,MODIS,90,6.2,305.7,38.7,D,0
-14.3942,133.9754,323.3,4,1.9,2014-10-08,0046,Terra,MODIS,38,6.2,303.7,41.7,D,0
-15.2358,143.4672,385,1,1,2014-10-08,0046,Terra,MODIS,100,6.2,315.5,153.9,D,0
-15.1885,145.1674,351.1,1,1,2014-10-08,0046,Terra,MODIS,95,6.2,303.8,58.3,D,0
-14.9598,145.1149,325.9,1,1,2014-10-08,0046,Terra,MODIS,57,6.2,300,15.6,D,0
-15.173,144.9926,326.4,1,1,2014-10-08,0046,Terra,MODIS,41,6.2,308,11.8,D,0
-14.455,133.8738,321.3,4,1.9,2014-10-08,0046,Terra,MODIS,28,6.2,302.1,43.2,D,0
-16.6338,145.4419,320.2,1.1,1,2014-10-08,0046,Terra,MODIS,15,6.2,302.2,11.4,D,0
-15.2646,143.4753,334.1,1,1,2014-10-08,0046,Terra,MODIS,56,6.2,314.5,15,D,0
-15.2722,143.4646,350.1,1,1,2014-10-08,0046,Terra,MODIS,94,6.2,313.1,43.2,D,0
-14.4148,133.9637,323,4,1.9,2014-10-08,0046,Terra,MODIS,37,6.2,303.5,39,D,0
-15.2632,143.466,335.8,1,1,2014-10-08,0046,Terra,MODIS,68,6.2,313.3,17.7,D,0
-14.4741,133.9139,325.4,4,1.9,2014-10-08,0046,Terra,MODIS,40,6.2,302,70.3,D,0
-15.2372,143.4765,345,1,1,2014-10-08,0046,Terra,MODIS,63,6.2,314.1,29.1,D,0
-20.7392,139.4776,329.7,1.2,1.1,2014-10-08,0047,Terra,MODIS,58,6.2,314.3,12.2,D,2
-22.452,148.6125,325.7,2.1,1.4,2014-10-08,0047,Terra,MODIS,63,6.2,306.8,28,D,0
-22.4541,148.6324,332.7,2.1,1.4,2014-10-08,0047,Terra,MODIS,79,6.2,306.3,53.3,D,0
-21.1463,147.8026,330.2,1.7,1.3,2014-10-08,0047,Terra,MODIS,75,6.2,307.6,35.2,D,0
-21.1387,147.8102,328.9,1.7,1.3,2014-10-08,0047,Terra,MODIS,73,6.2,305.9,31.6,D,0
-21.1368,147.7937,332.7,1.7,1.3,2014-10-08,0047,Terra,MODIS,78,6.2,307.1,41.7,D,0
-21.1135,147.7966,325.1,1.7,1.3,2014-10-08,0047,Terra,MODIS,51,6.2,307.8,22.3,D,0
-21.1251,147.7951,331.3,1.7,1.3,2014-10-08,0047,Terra,MODIS,76,6.2,307.7,37.4,D,0
-21.1019,147.798,324.5,1.7,1.3,2014-10-08,0047,Terra,MODIS,48,6.2,306.7,20.7,D,0
-22.8119,149.0787,319.5,2.2,1.5,2014-10-08,0047,Terra,MODIS,25,6.2,300.8,18.9,D,0
-17.5916,132.6586,318.5,4.3,1.9,2014-10-08,0047,Terra,MODIS,25,6.2,302.8,49.5,D,0
-19.1164,133.2129,320.2,3.6,1.8,2014-10-08,0047,Terra,MODIS,39,6.2,305,42.4,D,0
-17.6015,132.6902,333.6,4.2,1.9,2014-10-08,0047,Terra,MODIS,82,6.2,303.1,188.7,D,0
-19.1086,133.2088,320,3.6,1.8,2014-10-08,0047,Terra,MODIS,43,6.2,305.1,43.9,D,0
-17.5995,132.698,331.6,4.2,1.9,2014-10-08,0047,Terra,MODIS,80,6.2,303.6,167.4,D,0
-22.7279,130.5449,321.5,4.6,2,2014-10-08,0048,Terra,MODIS,66,6.2,301.7,83.8,D,0
-22.7378,130.5892,344.5,4.6,2,2014-10-08,0048,Terra,MODIS,91,6.2,302.8,371.6,D,0
-22.7392,130.5964,341.3,4.6,2,2014-10-08,0048,Terra,MODIS,89,6.2,302.7,314.1,D,0
-22.7298,130.5532,332.7,4.6,2,2014-10-08,0048,Terra,MODIS,82,6.2,301.9,197.7,D,0
-25.72,148.681,325.5,2.3,1.5,2014-10-08,0048,Terra,MODIS,68,6.2,308.1,35.6,D,0
-24.5803,151.0348,317,3.3,1.7,2014-10-08,0048,Terra,MODIS,37,6.2,301.7,39.3,D,0
-23.3947,150.5539,348,2.9,1.6,2014-10-08,0048,Terra,MODIS,70,6.2,300.2,242.8,D,0
-20.7495,133.468,323,3.2,1.7,2014-10-08,0048,Terra,MODIS,60,6.2,305.3,47.2,D,0
-20.746,133.4617,325.1,3.2,1.7,2014-10-08,0048,Terra,MODIS,69,6.2,305.8,64.5,D,0
-25.0585,148.5118,319.7,2.2,1.4,2014-10-08,0048,Terra,MODIS,43,6.2,302.9,21.8,D,0
-25.0565,148.5055,319.1,2.2,1.4,2014-10-08,0048,Terra,MODIS,47,6.2,302.9,21.7,D,0
-25.7178,148.6583,324.9,2.3,1.5,2014-10-08,0048,Terra,MODIS,67,6.2,310.2,32.8,D,0
-25.2936,148.2847,333.4,2.1,1.4,2014-10-08,0048,Terra,MODIS,81,6.2,306.8,63.5,D,0
-25.2944,148.2902,332.2,2.1,1.4,2014-10-08,0048,Terra,MODIS,80,6.2,306.6,59,D,0
-25.2923,148.2696,323.1,2.1,1.4,2014-10-08,0048,Terra,MODIS,34,6.2,306.9,25.5,D,0
-27.9227,149.4653,332.3,2.8,1.6,2014-10-08,0049,Terra,MODIS,81,6.2,309.1,92.9,D,0
-27.9251,149.4938,336.1,2.8,1.6,2014-10-08,0049,Terra,MODIS,85,6.2,308.2,120,D,0
-27.9247,149.4598,323.8,2.8,1.6,2014-10-08,0049,Terra,MODIS,69,6.2,309,47.6,D,0
-27.927,149.4883,342.6,2.8,1.6,2014-10-08,0049,Terra,MODIS,90,6.2,308.9,167.5,D,0
-26.5152,141.8241,327.4,1,1,2014-10-08,0049,Terra,MODIS,67,6.2,315.4,9.2,D,0
-26.9112,144.0548,321.2,1.2,1.1,2014-10-08,0049,Terra,MODIS,33,6.2,309.6,8.7,D,0
-26.6743,129.4871,319.7,4.4,1.9,2014-10-08,0049,Terra,MODIS,56,6.2,308.1,53.2,D,0
-30.9235,147.7428,320.2,2.3,1.5,2014-10-08,0050,Terra,MODIS,70,6.2,301.4,35.4,D,0
-30.9148,147.7506,316.8,2.3,1.5,2014-10-08,0050,Terra,MODIS,62,6.2,301.6,27.9,D,0
-32.2866,145.9725,319.7,1.8,1.3,2014-10-08,0050,Terra,MODIS,69,6.2,304.7,19.8,D,0
-34.6978,143.4769,319.1,1.4,1.2,2014-10-08,0051,Terra,MODIS,57,6.2,303.7,16.1,D,0
-34.6918,143.469,329.7,1.4,1.2,2014-10-08,0051,Terra,MODIS,82,6.2,302.7,33.4,D,0
-36.9055,142.6606,311,1.3,1.1,2014-10-08,0052,Terra,MODIS,71,6.2,295.5,10,D,0
-11.6334,130.6898,318,4.8,2,2014-10-08,0223,Terra,MODIS,62,6.2,295.9,65.7,D,0
-11.6354,130.6964,316.2,4.8,2,2014-10-08,0223,Terra,MODIS,56,6.2,296,50.4,D,0
-16.0448,127.9532,324.1,3.4,1.7,2014-10-08,0224,Terra,MODIS,38,6.2,304.8,32.5,D,0
-16.8546,124.1165,336.1,1.8,1.3,2014-10-08,0225,Terra,MODIS,71,6.2,313.5,29.7,D,0
-16.8505,124.0835,335,1.8,1.3,2014-10-08,0225,Terra,MODIS,32,6.2,312.5,34.4,D,0
-16.9798,123.0318,346.2,1.5,1.2,2014-10-08,0225,Terra,MODIS,90,6.2,313.1,59,D,0
-16.8632,124.1256,337.8,1.8,1.3,2014-10-08,0225,Terra,MODIS,76,6.2,311.4,34.8,D,0
-16.9821,123.0256,336.6,1.5,1.2,2014-10-08,0225,Terra,MODIS,78,6.2,313.2,30.3,D,0
-19.5456,126.8745,350.8,3.1,1.7,2014-10-08,0225,Terra,MODIS,93,6.2,311.5,215.5,D,0
-19.5427,126.8449,359.3,3.1,1.7,2014-10-08,0225,Terra,MODIS,99,6.2,313.8,320.1,D,0
-19.5549,126.8139,335.1,3.1,1.7,2014-10-08,0225,Terra,MODIS,61,6.2,312.7,69.8,D,0
-19.5578,126.8432,354.2,3.1,1.7,2014-10-08,0225,Terra,MODIS,96,6.2,311.7,257.6,D,0
-19.57,126.8122,346.1,3.1,1.7,2014-10-08,0225,Terra,MODIS,89,6.2,310.5,174,D,0
-19.5729,126.8415,344.1,3.1,1.7,2014-10-08,0225,Terra,MODIS,87,6.2,308.8,156.9,D,0
-19.5683,126.807,343,3.1,1.7,2014-10-08,0225,Terra,MODIS,86,6.2,311.4,147.4,D,0
-19.571,126.8363,346.8,3.1,1.7,2014-10-08,0225,Terra,MODIS,90,6.2,309.2,187.9,D,0
-19.7073,126.9738,333.1,3.2,1.7,2014-10-08,0225,Terra,MODIS,71,6.2,310.2,68.2,D,0
-19.7041,126.9672,330.6,3.2,1.7,2014-10-08,0225,Terra,MODIS,65,6.2,310.6,51.5,D,0
-18.5861,121.7866,345.6,1.3,1.1,2014-10-08,0225,Terra,MODIS,63,6.2,317.3,47.1,D,0
-18.5877,121.7989,345.6,1.3,1.1,2014-10-08,0225,Terra,MODIS,79,6.2,318.5,44,D,0
-17.0358,124.6101,350.6,1.9,1.4,2014-10-08,0225,Terra,MODIS,93,6.2,309.3,110.9,D,0
-17.0379,124.6281,345.5,2,1.4,2014-10-08,0225,Terra,MODIS,89,6.2,308.5,86.5,D,0
-17.0624,124.6247,340.2,2,1.4,2014-10-08,0225,Terra,MODIS,84,6.2,306.6,60.7,D,0
-16.871,124.091,346.8,1.8,1.3,2014-10-08,0225,Terra,MODIS,88,6.2,310.9,84.2,D,0
-17.0036,124.5834,331.8,1.9,1.4,2014-10-08,0225,Terra,MODIS,72,6.2,310.5,31.6,D,0
-17.0071,124.577,330,1.9,1.4,2014-10-08,0225,Terra,MODIS,52,6.2,310.7,24.9,D,0
-17.0668,124.6615,337.1,2,1.4,2014-10-08,0225,Terra,MODIS,80,6.2,309,52.1,D,0
-17.0791,124.6597,335.1,2,1.4,2014-10-08,0225,Terra,MODIS,77,6.2,306.9,45.1,D,0
-17.0915,124.6588,350.8,2,1.4,2014-10-08,0225,Terra,MODIS,94,6.2,308.2,122.6,D,0
-17.0797,124.6349,342.8,2,1.4,2014-10-08,0225,Terra,MODIS,87,6.2,308.4,75.7,D,0
-17.0893,124.6403,346.7,2,1.4,2014-10-08,0225,Terra,MODIS,90,6.2,310,97.2,D,0
-17.0769,124.6413,334.2,2,1.4,2014-10-08,0225,Terra,MODIS,66,6.2,307.1,37.5,D,0
-17.0092,124.5952,330.6,1.9,1.4,2014-10-08,0225,Terra,MODIS,53,6.2,309.9,25.5,D,0
-17.0817,124.653,331,2,1.4,2014-10-08,0225,Terra,MODIS,59,6.2,307.1,27.8,D,0
-17.1038,124.6572,365.6,2,1.4,2014-10-08,0225,Terra,MODIS,100,6.2,309.1,226.7,D,0
-17.0748,124.6235,335.9,2,1.4,2014-10-08,0225,Terra,MODIS,69,6.2,308.1,44.5,D,0
-17.0938,124.6776,331.1,2,1.4,2014-10-08,0225,Terra,MODIS,70,6.2,308.1,33.4,D,0
-17.1061,124.676,341.5,2,1.4,2014-10-08,0225,Terra,MODIS,85,6.2,306.6,76.5,D,0
-17.0214,124.5936,336.1,1.9,1.4,2014-10-08,0225,Terra,MODIS,70,6.2,310.6,40.5,D,0
-17.0691,124.6805,331.6,2,1.4,2014-10-08,0225,Terra,MODIS,68,6.2,311,33.2,D,0
-17.0814,124.679,334.6,2,1.4,2014-10-08,0225,Terra,MODIS,77,6.2,308.6,44.9,D,0
-17.1086,124.6691,357.9,2,1.4,2014-10-08,0225,Terra,MODIS,98,6.2,306.9,170.3,D,0
-17.1064,124.6504,350,2,1.4,2014-10-08,0225,Terra,MODIS,93,6.2,308.4,118.2,D,0
-17.0235,124.6118,341.5,1.9,1.4,2014-10-08,0225,Terra,MODIS,85,6.2,309.9,66.9,D,0
-17.0962,124.6708,336.2,2,1.4,2014-10-08,0225,Terra,MODIS,79,6.2,307.1,50.9,D,0
-17.0941,124.652,351.5,2,1.4,2014-10-08,0225,Terra,MODIS,94,6.2,309.1,124.7,D,0
-21.3744,116.339,331.6,1,1,2014-10-08,0226,Terra,MODIS,52,6.2,312.2,12.7,D,0
-21.3777,116.3118,331.3,1,1,2014-10-08,0226,Terra,MODIS,68,6.2,314.8,10.7,D,0
-21.3809,116.3319,333.3,1,1,2014-10-08,0226,Terra,MODIS,64,6.2,313.1,13.2,D,0
-21.3824,116.3419,334.9,1,1,2014-10-08,0226,Terra,MODIS,76,6.2,313.7,16.7,D,0
-21.5715,117.7709,331,1,1,2014-10-08,0226,Terra,MODIS,64,6.2,317,9.7,D,0
-20.9086,117.0909,333.7,1,1,2014-10-08,0226,Terra,MODIS,65,6.2,318,11.3,D,0
-21.5749,117.4198,373.3,1,1,2014-10-08,0226,Terra,MODIS,100,6.2,321.3,105.2,D,0
-21.5764,117.4295,347.7,1,1,2014-10-08,0226,Terra,MODIS,90,6.2,319.1,34.3,D,0
-21.6245,116.5321,329.9,1,1,2014-10-08,0226,Terra,MODIS,46,6.2,315.2,9.3,D,0
-21.1894,117.613,335.9,1,1,2014-10-08,0226,Terra,MODIS,75,6.2,316.6,17.4,D,0
-21.5932,117.8559,337,1,1,2014-10-08,0226,Terra,MODIS,78,6.2,314.9,18.1,D,0
-26.1086,123.5937,331.7,2.2,1.4,2014-10-08,0227,Terra,MODIS,69,6.2,317.9,33.9,D,0
-26.1844,123.7143,330,2.2,1.4,2014-10-08,0227,Terra,MODIS,37,6.2,316.6,24.7,D,0
-26.1954,123.6903,356.6,2.2,1.4,2014-10-08,0227,Terra,MODIS,97,6.2,318.9,184.1,D,0
-26.1975,123.7128,336.6,2.2,1.4,2014-10-08,0227,Terra,MODIS,77,6.2,315.6,57.9,D,0
-26.2085,123.6889,398.7,2.2,1.4,2014-10-08,0227,Terra,MODIS,100,6.2,319.6,730.2,D,0
-26.2107,123.7113,332.5,2.2,1.4,2014-10-08,0227,Terra,MODIS,71,6.2,314.8,44.2,D,0
-23.7182,125.0567,331,2.6,1.5,2014-10-08,0227,Terra,MODIS,47,6.2,317.9,28.9,D,0
-23.7066,125.0837,341.2,2.6,1.6,2014-10-08,0227,Terra,MODIS,84,6.2,319,88.4,D,0
-23.7042,125.0583,345.2,2.6,1.5,2014-10-08,0227,Terra,MODIS,88,6.2,318.5,118.9,D,0
-22.8927,117.873,336.1,1,1,2014-10-08,0227,Terra,MODIS,78,6.2,315.3,18,D,0
-22.9555,117.9269,332.7,1,1,2014-10-08,0227,Terra,MODIS,43,6.2,314.6,13.8,D,0
-22.9304,117.8811,332.2,1,1,2014-10-08,0227,Terra,MODIS,70,6.2,314.3,13.1,D,0
-32.1248,117.2743,316.1,1.1,1,2014-10-08,0229,Terra,MODIS,62,6.2,302.9,7.7,D,0
-32.064,115.9296,315.1,1,1,2014-10-08,0229,Terra,MODIS,28,6.2,296.1,5.8,D,2
-31.9526,115.9235,312.4,1,1,2014-10-08,0229,Terra,MODIS,40,6.2,297.2,3.6,D,0
-32.1011,115.8057,313.5,1,1,2014-10-08,0229,Terra,MODIS,44,6.2,295.8,4.3,D,0
-31.8036,115.8481,313.8,1,1,2014-10-08,0229,Terra,MODIS,4,6.2,296.6,5.8,D,0
-33.6884,115.0064,308.1,1,1,2014-10-08,0230,Terra,MODIS,58,6.2,287.8,7.4,D,0
-34.4248,117.0617,318.8,1.1,1.1,2014-10-08,0230,Terra,MODIS,78,6.2,291.7,17.4,D,0
-34.4264,117.0741,343.3,1.1,1.1,2014-10-08,0230,Terra,MODIS,93,6.2,292.9,56.7,D,0
-35.6789,144.5942,312.6,4.8,2,2014-10-08,0328,Aqua,MODIS,59,6.2,293.8,71.1,D,0
-35.6828,144.5906,312.2,4.8,2,2014-10-08,0328,Aqua,MODIS,72,6.2,293.4,75.1,D,0
-35.012,147.0856,302.5,3.3,1.7,2014-10-08,0328,Aqua,MODIS,19,6.2,290.5,11.1,D,0
-30.0136,152.9102,341.3,1.2,1.1,2014-10-08,0329,Aqua,MODIS,91,6.2,296.8,53.9,D,0
-30.0075,152.9605,355.6,1.2,1.1,2014-10-08,0329,Aqua,MODIS,98,6.2,298.6,91.9,D,0
-30.0175,152.962,318.4,1.2,1.1,2014-10-08,0329,Aqua,MODIS,45,6.2,296.3,13,D,0
-30.0236,152.9118,322,1.2,1.1,2014-10-08,0329,Aqua,MODIS,75,6.2,294.7,20.1,D,0
-30.9168,147.7265,316.2,2.7,1.6,2014-10-08,0329,Aqua,MODIS,51,6.2,304.3,26.4,D,0
-30.9193,147.7317,318.4,2.7,1.6,2014-10-08,0329,Aqua,MODIS,61,6.2,304.3,36.8,D,0
-30.0165,152.9672,318.4,1.2,1.1,2014-10-08,0329,Aqua,MODIS,61,6.2,295.9,13.4,D,0
-30.0091,152.9477,344.1,1.2,1.1,2014-10-08,0329,Aqua,MODIS,92,6.2,299.3,58.8,D,0
-29.39,151.4336,320.9,1.5,1.2,2014-10-08,0329,Aqua,MODIS,68,6.2,308.6,12,D,0
-29.3792,151.432,341.8,1.5,1.2,2014-10-08,0329,Aqua,MODIS,90,6.2,307.4,60.6,D,0
-30.2781,151.5307,315.4,1.5,1.2,2014-10-08,0329,Aqua,MODIS,41,6.2,303,10.6,D,0
-30.0223,152.9169,353.2,1.2,1.1,2014-10-08,0329,Aqua,MODIS,97,6.2,296.5,86,D,0
-30.0221,152.9241,318.6,1.2,1.1,2014-10-08,0329,Aqua,MODIS,55,6.2,295.1,14.2,D,0
-30.0121,152.9227,344.1,1.2,1.1,2014-10-08,0329,Aqua,MODIS,92,6.2,297.3,59.8,D,0
-30.207,152.0921,326.5,1.4,1.2,2014-10-08,0329,Aqua,MODIS,79,6.2,307.5,23.5,D,0
-30.2014,152.0848,324.1,1.4,1.2,2014-10-08,0329,Aqua,MODIS,69,6.2,305.3,19.7,D,0
-30.8144,151.2799,313.3,1.6,1.2,2014-10-08,0329,Aqua,MODIS,46,6.2,302.4,6.6,D,0
-28.2492,152.3099,318.5,1.3,1.1,2014-10-08,0330,Aqua,MODIS,19,6.2,302.3,10.4,D,0
-28.2593,152.311,320,1.3,1.1,2014-10-08,0330,Aqua,MODIS,50,6.2,301.5,13.5,D,0
-29.1273,151.9739,332.5,1.3,1.2,2014-10-08,0330,Aqua,MODIS,83,6.2,301.7,35.1,D,0
-29.1314,151.968,324.5,1.3,1.2,2014-10-08,0330,Aqua,MODIS,64,6.2,301.6,20.8,D,0
-29.1194,151.9799,322.5,1.3,1.1,2014-10-08,0330,Aqua,MODIS,52,6.2,301.5,17.3,D,0
-27.9271,149.4706,328.1,1.9,1.3,2014-10-08,0330,Aqua,MODIS,72,6.2,313.8,30.8,D,0
-27.9315,149.4781,336.4,1.9,1.3,2014-10-08,0330,Aqua,MODIS,83,6.2,313.8,58.9,D,0
-27.9393,149.4721,324.9,1.9,1.3,2014-10-08,0330,Aqua,MODIS,50,6.2,313.2,22.3,D,0
-26.5394,147.1819,327,2.6,1.6,2014-10-08,0330,Aqua,MODIS,67,6.2,312.7,38.6,D,0
-26.5417,147.1554,325.6,2.6,1.6,2014-10-08,0330,Aqua,MODIS,60,6.2,312.7,34.7,D,0
-26.5346,147.174,330,2.6,1.6,2014-10-08,0330,Aqua,MODIS,73,6.2,312.1,54.2,D,0
-27.7233,152.2875,330.2,1.2,1.1,2014-10-08,0330,Aqua,MODIS,61,6.2,310.4,20.6,D,0
-27.715,152.2808,334.7,1.2,1.1,2014-10-08,0330,Aqua,MODIS,47,6.2,311.5,29.6,D,0
-25.9827,151.2375,339.1,1.4,1.2,2014-10-08,0330,Aqua,MODIS,57,6.2,311.7,41.8,D,0
-29.3615,148.2403,325.9,2.4,1.5,2014-10-08,0330,Aqua,MODIS,71,6.2,309.9,39.1,D,0
-28.7323,148.7854,322.2,2.1,1.4,2014-10-08,0330,Aqua,MODIS,43,6.2,309.4,21.4,D,0
-28.7334,148.77,321.8,2.1,1.4,2014-10-08,0330,Aqua,MODIS,49,6.2,311.2,19.1,D,0
-23.4316,150.3374,323.6,1.4,1.2,2014-10-08,0331,Aqua,MODIS,48,6.2,307.2,13.1,D,0
-22.4538,148.6225,340.9,1.8,1.3,2014-10-08,0331,Aqua,MODIS,87,6.2,309.2,68.5,D,0
-22.5562,148.623,338.7,1.8,1.3,2014-10-08,0331,Aqua,MODIS,85,6.2,313.4,56.2,D,0
-23.245,147.3618,324.8,2.3,1.5,2014-10-08,0331,Aqua,MODIS,22,6.2,306.9,25.6,D,0
-25.3877,152.2924,336.2,1.2,1.1,2014-10-08,0331,Aqua,MODIS,83,6.2,307.4,28,D,0
-25.3847,152.3158,334.1,1.2,1.1,2014-10-08,0331,Aqua,MODIS,70,6.2,308.8,24.1,D,0
-25.7167,148.6761,338.5,2,1.4,2014-10-08,0331,Aqua,MODIS,84,6.2,311.3,68.9,D,0
-25.3959,152.3056,329.4,1.2,1.1,2014-10-08,0331,Aqua,MODIS,49,6.2,306.5,15.9,D,0
-22.4772,148.6842,341.6,1.8,1.3,2014-10-08,0331,Aqua,MODIS,87,6.2,313,63.5,D,0
-25.4784,150.9614,337.4,1.4,1.2,2014-10-08,0331,Aqua,MODIS,83,6.2,309.7,38.3,D,0
-25.3873,148.3469,328,2.1,1.4,2014-10-08,0331,Aqua,MODIS,67,6.2,308.8,33.7,D,0
-22.4698,148.6956,329.9,1.8,1.3,2014-10-08,0331,Aqua,MODIS,72,6.2,310.9,27.1,D,0
-25.3746,148.3454,327.8,2.1,1.4,2014-10-08,0331,Aqua,MODIS,52,6.2,306.7,32.1,D,0
-24.9408,151.0569,330.4,1.4,1.2,2014-10-08,0331,Aqua,MODIS,77,6.2,305.7,28.8,D,0
-23.3925,146.2265,325.3,2.8,1.6,2014-10-08,0331,Aqua,MODIS,45,6.2,307.1,44.1,D,0
-25.4251,152.3102,333.5,1.2,1.1,2014-10-08,0331,Aqua,MODIS,80,6.2,307.5,25.9,D,0
-25.4266,152.2985,335.6,1.2,1.1,2014-10-08,0331,Aqua,MODIS,82,6.2,307,29.8,D,0
-22.4717,148.6781,333.7,1.8,1.3,2014-10-08,0331,Aqua,MODIS,79,6.2,311.3,38.8,D,0
-22.8797,148.9861,334.8,1.7,1.3,2014-10-08,0331,Aqua,MODIS,51,6.2,306.8,47.5,D,0
-25.4236,152.3218,338.2,1.2,1.1,2014-10-08,0331,Aqua,MODIS,85,6.2,307.5,34.6,D,0
-22.825,148.9446,329.3,1.7,1.3,2014-10-08,0331,Aqua,MODIS,74,6.2,306.2,29.1,D,0
-22.8299,148.9404,325.8,1.7,1.3,2014-10-08,0331,Aqua,MODIS,62,6.2,305.7,20.9,D,0
-23.39,146.2538,327,2.8,1.6,2014-10-08,0331,Aqua,MODIS,58,6.2,307.2,51.3,D,0
-25.3945,152.3173,335.7,1.2,1.1,2014-10-08,0331,Aqua,MODIS,73,6.2,307.2,26.7,D,0
-25.0621,148.4929,336.9,2,1.4,2014-10-08,0331,Aqua,MODIS,79,6.2,302.3,81.2,D,0
-24.1431,150.7661,321.4,1.4,1.2,2014-10-08,0331,Aqua,MODIS,34,6.2,306.4,12.4,D,0
-23.3874,146.2464,329.5,2.8,1.6,2014-10-08,0331,Aqua,MODIS,67,6.2,307,62.3,D,0
-24.3669,151.2698,324.8,1.3,1.1,2014-10-08,0331,Aqua,MODIS,65,6.2,307.2,16.2,D,0
-24.3684,151.2576,328.7,1.3,1.1,2014-10-08,0331,Aqua,MODIS,74,6.2,305.6,23.6,D,0
-25.1473,149.6574,338.8,1.7,1.3,2014-10-08,0331,Aqua,MODIS,85,6.2,307.8,54.5,D,0
-24.6905,151.9347,334.5,1.2,1.1,2014-10-08,0331,Aqua,MODIS,53,6.2,304,29.7,D,0
-22.8781,149.1045,321.3,1.7,1.3,2014-10-08,0331,Aqua,MODIS,23,6.2,306.8,10.9,D,0
-22.8239,149.0641,325.8,1.7,1.3,2014-10-08,0331,Aqua,MODIS,55,6.2,306.4,20.5,D,0
-22.8144,149.0752,326.5,1.7,1.3,2014-10-08,0331,Aqua,MODIS,53,6.2,304.6,23.3,D,0
-22.7737,149.0191,323,1.7,1.3,2014-10-08,0331,Aqua,MODIS,19,6.2,303.1,19,D,0
-25.7187,148.6562,343.7,2,1.4,2014-10-08,0331,Aqua,MODIS,89,6.2,314.6,93.9,D,0
-24.2158,149.5411,333,1.7,1.3,2014-10-08,0331,Aqua,MODIS,79,6.2,306.2,42.2,D,0
-24.2175,149.5247,339.3,1.7,1.3,2014-10-08,0331,Aqua,MODIS,86,6.2,308.7,61.4,D,0
-24.2186,149.5364,338.7,1.7,1.3,2014-10-08,0331,Aqua,MODIS,85,6.2,307,59.5,D,0
-24.2205,149.5201,328.6,1.7,1.3,2014-10-08,0331,Aqua,MODIS,73,6.2,308.4,29.5,D,0
-25.1602,147.8905,330.2,2.2,1.4,2014-10-08,0331,Aqua,MODIS,76,6.2,308.5,53.8,D,0
-25.1685,149.6769,328.8,1.7,1.3,2014-10-08,0331,Aqua,MODIS,45,6.2,309.4,27.1,D,0
-24.5043,150.9457,344.1,1.4,1.2,2014-10-08,0331,Aqua,MODIS,90,6.2,299.5,64.8,D,0
-24.498,150.9386,339.9,1.4,1.2,2014-10-08,0331,Aqua,MODIS,87,6.2,298.2,56.6,D,0
-23.9409,150.7525,325.1,1.4,1.2,2014-10-08,0331,Aqua,MODIS,41,6.2,304.5,21.1,D,0
-23.4513,150.3543,334.2,1.4,1.2,2014-10-08,0331,Aqua,MODIS,80,6.2,306.2,36.3,D,0
-23.4283,150.3652,346.8,1.4,1.2,2014-10-08,0331,Aqua,MODIS,92,6.2,307.6,71.2,D,0
-23.4299,150.3514,326.1,1.4,1.2,2014-10-08,0331,Aqua,MODIS,62,6.2,307.6,18,D,0
-21.1071,148.088,354.9,1.9,1.3,2014-10-08,0332,Aqua,MODIS,97,6.2,312.2,147.7,D,0
-21.105,148.1061,336,1.9,1.3,2014-10-08,0332,Aqua,MODIS,73,6.2,313,52.4,D,0
-21.1126,148.0752,332.6,1.9,1.3,2014-10-08,0332,Aqua,MODIS,63,6.2,308.1,44.3,D,0
-21.1427,147.7929,337.6,2,1.4,2014-10-08,0332,Aqua,MODIS,83,6.2,309.7,63.6,D,0
-21.1655,147.8151,324.5,2,1.4,2014-10-08,0332,Aqua,MODIS,40,6.2,309.9,15.4,D,0
-21.1412,147.7877,330,2,1.4,2014-10-08,0332,Aqua,MODIS,50,6.2,309.7,32.8,D,0
-21.1178,147.7898,330.3,2,1.4,2014-10-08,0332,Aqua,MODIS,71,6.2,309.6,36.6,D,0
-21.1158,147.8089,324.7,2,1.4,2014-10-08,0332,Aqua,MODIS,18,6.2,308.3,19.9,D,0
-21.1302,147.7914,331,2,1.4,2014-10-08,0332,Aqua,MODIS,67,6.2,309.1,38,D,0
-21.1142,147.8038,329.9,2,1.4,2014-10-08,0332,Aqua,MODIS,53,6.2,308.8,34.5,D,0
-21.1288,147.7862,326.3,2,1.4,2014-10-08,0332,Aqua,MODIS,21,6.2,309,21.6,D,0
-21.1106,148.0935,378.3,1.9,1.3,2014-10-08,0332,Aqua,MODIS,100,6.2,315.4,335,D,0
-21.1208,148.1134,332.5,1.9,1.3,2014-10-08,0332,Aqua,MODIS,76,6.2,315.3,42,D,0
-21.1248,148.0766,332.1,1.9,1.3,2014-10-08,0332,Aqua,MODIS,62,6.2,310.1,42.8,D,0
-21.1228,148.0952,375.4,1.9,1.3,2014-10-08,0332,Aqua,MODIS,100,6.2,316.3,308,D,0
-21.1087,148.1116,327.7,1.9,1.3,2014-10-08,0332,Aqua,MODIS,33,6.2,313.1,24.3,D,0
-16.4611,144.757,328.2,2.9,1.6,2014-10-08,0333,Aqua,MODIS,69,6.2,310.2,60,D,0
-15.4379,145.0171,328.7,2.7,1.6,2014-10-08,0333,Aqua,MODIS,70,6.2,304.7,63.5,D,0
-15.4487,145.0139,322.2,2.7,1.6,2014-10-08,0333,Aqua,MODIS,24,6.2,304.2,32.5,D,0
-16.46,144.7495,328,2.9,1.6,2014-10-08,0333,Aqua,MODIS,72,6.2,309.6,60.8,D,0
-15.4238,145.0151,324.3,2.7,1.6,2014-10-08,0333,Aqua,MODIS,49,6.2,303.3,47.6,D,0
-15.4346,145.0116,325.3,2.7,1.6,2014-10-08,0333,Aqua,MODIS,43,6.2,304.6,50.3,D,0
-15.4842,143.552,325,3.5,1.8,2014-10-08,0333,Aqua,MODIS,27,6.2,304,66.6,D,0
-16.6489,145.4209,320.9,2.6,1.6,2014-10-08,0333,Aqua,MODIS,40,6.2,303.2,50.3,D,0
-16.6416,145.44,320.7,2.6,1.5,2014-10-08,0333,Aqua,MODIS,50,6.2,301.6,55.1,D,0
-12.8499,142.1547,328.3,4.1,1.9,2014-10-08,0334,Aqua,MODIS,76,6.2,306.7,96.7,D,0
-12.449,142.7649,319.8,3.6,1.8,2014-10-08,0334,Aqua,MODIS,36,6.2,301.1,54.6,D,0
-12.8339,142.1102,325.9,4.1,1.9,2014-10-08,0334,Aqua,MODIS,63,6.2,304.9,92.2,D,0
-12.7576,141.9778,369.3,4.2,1.9,2014-10-08,0334,Aqua,MODIS,94,6.2,306,812.6,D,0
-14.4663,144.4947,318.6,2.9,1.6,2014-10-08,0334,Aqua,MODIS,42,6.2,299.7,32.6,D,0
-15.2406,143.4386,351.7,3.5,1.8,2014-10-08,0334,Aqua,MODIS,95,6.2,308.9,308.6,D,0
-12.4716,142.6338,324,3.7,1.8,2014-10-08,0334,Aqua,MODIS,74,6.2,303.4,75.2,D,0
-12.8467,142.1496,326.5,4.1,1.9,2014-10-08,0334,Aqua,MODIS,71,6.2,306.4,86.1,D,0
-15.1647,144.9877,331.2,2.7,1.6,2014-10-08,0334,Aqua,MODIS,79,6.2,299.9,91.4,D,0
-12.8329,142.1527,322.5,4.1,1.9,2014-10-08,0334,Aqua,MODIS,54,6.2,305.4,56.8,D,0
-12.5814,142.5414,352.7,3.8,1.8,2014-10-08,0334,Aqua,MODIS,96,6.2,302,391.4,D,0
-12.782,141.948,325.3,4.3,1.9,2014-10-08,0334,Aqua,MODIS,57,6.2,302.9,103.5,D,0
-14.256,142.2826,325.2,4.2,1.9,2014-10-08,0334,Aqua,MODIS,69,6.2,305.3,95.2,D,0
-15.4074,143.6304,341.9,3.4,1.7,2014-10-08,0334,Aqua,MODIS,89,6.2,303,203.9,D,0
-15.4197,143.6635,329.9,3.4,1.7,2014-10-08,0334,Aqua,MODIS,67,6.2,303.7,98.8,D,0
-15.3917,143.6283,324.3,3.4,1.7,2014-10-08,0334,Aqua,MODIS,68,6.2,303.9,55.5,D,0
-13.0371,143.006,322.3,3.6,1.8,2014-10-08,0334,Aqua,MODIS,58,6.2,305.2,54.9,D,0
-14.3681,142.2675,328,4.2,1.9,2014-10-08,0334,Aqua,MODIS,81,6.2,306.8,112.7,D,0
-15.4294,143.6688,324.5,3.4,1.7,2014-10-08,0334,Aqua,MODIS,45,6.2,302.9,66.7,D,0
-12.8297,142.1477,327.1,4.1,1.9,2014-10-08,0334,Aqua,MODIS,75,6.2,305.3,99.5,D,0
-15.1718,144.9701,324.4,2.7,1.6,2014-10-08,0334,Aqua,MODIS,67,6.2,299.6,56.6,D,0
-15.2286,143.4661,333.4,3.5,1.8,2014-10-08,0334,Aqua,MODIS,67,6.2,306.5,110.8,D,0
-15.4012,143.634,340.8,3.4,1.7,2014-10-08,0334,Aqua,MODIS,88,6.2,304,185.8,D,0
-14.9615,145.1082,321.7,2.6,1.6,2014-10-08,0334,Aqua,MODIS,27,6.2,300.9,47.1,D,0
-14.2622,142.2484,330.1,4.2,1.9,2014-10-08,0334,Aqua,MODIS,83,6.2,305.9,130.4,D,0
-14.2601,142.2435,327.2,4.2,1.9,2014-10-08,0334,Aqua,MODIS,80,6.2,305.8,110.4,D,0
-15.2321,143.4337,366.2,3.5,1.8,2014-10-08,0334,Aqua,MODIS,100,6.2,306.8,557.3,D,0
-14.365,142.2599,324.2,4.2,1.9,2014-10-08,0334,Aqua,MODIS,66,6.2,306.8,74.9,D,0
-12.7608,141.9853,360.3,4.2,1.9,2014-10-08,0334,Aqua,MODIS,100,6.2,305.8,601.4,D,0
-12.6047,142.5515,333.8,3.8,1.8,2014-10-08,0334,Aqua,MODIS,86,6.2,304.1,142.3,D,0
-12.7791,141.9405,321.1,4.3,1.9,2014-10-08,0334,Aqua,MODIS,35,6.2,302.9,65.5,D,0
-14.4634,144.5203,318.4,2.8,1.6,2014-10-08,0334,Aqua,MODIS,42,6.2,301,34.7,D,0
-12.7648,141.9461,359.1,4.3,1.9,2014-10-08,0334,Aqua,MODIS,75,6.2,304,588.7,D,0
-15.2247,143.4368,347.2,3.5,1.8,2014-10-08,0334,Aqua,MODIS,93,6.2,303.7,248.9,D,0
-12.4609,142.6629,319.2,3.7,1.8,2014-10-08,0334,Aqua,MODIS,43,6.2,303.7,45.3,D,0
-12.7748,141.9798,337.2,4.2,1.9,2014-10-08,0334,Aqua,MODIS,88,6.2,304.9,221,D,0
-14.2584,142.2875,323.7,4.2,1.9,2014-10-08,0334,Aqua,MODIS,28,6.2,305.4,74.1,D,0
-12.4649,142.6289,322.8,3.7,1.8,2014-10-08,0334,Aqua,MODIS,73,6.2,302.9,68.4,D,0
-12.5883,142.5495,360.2,3.8,1.8,2014-10-08,0334,Aqua,MODIS,100,6.2,302.9,515.4,D,0
-13.0463,143.0144,321.7,3.6,1.8,2014-10-08,0334,Aqua,MODIS,51,6.2,305.2,51.4,D,0
-15.1691,144.995,331.1,2.7,1.6,2014-10-08,0334,Aqua,MODIS,79,6.2,299,90.2,D,0
-12.6107,142.5567,326.3,3.8,1.8,2014-10-08,0334,Aqua,MODIS,60,6.2,304.7,77.3,D,0
-12.6211,142.5534,325.3,3.8,1.8,2014-10-08,0334,Aqua,MODIS,58,6.2,306,70.9,D,0
-12.7779,141.9873,331.8,4.2,1.9,2014-10-08,0334,Aqua,MODIS,84,6.2,305.1,162.8,D,0
-14.8179,144.9711,318.7,2.7,1.6,2014-10-08,0334,Aqua,MODIS,27,6.2,302.1,30.7,D,0
-12.4679,142.6679,321.3,3.7,1.8,2014-10-08,0334,Aqua,MODIS,61,6.2,303.3,57.3,D,0
-12.5757,142.5126,340.3,3.8,1.8,2014-10-08,0334,Aqua,MODIS,90,6.2,297.4,235.3,D,0
-13.5766,142.0876,324.7,4.3,1.9,2014-10-08,0334,Aqua,MODIS,78,6.2,299.9,94.4,D,0
-13.5058,142.0765,328.8,4.3,1.9,2014-10-08,0334,Aqua,MODIS,82,6.2,299.2,141.4,D,0
-13.5029,142.0685,327.6,4.3,1.9,2014-10-08,0334,Aqua,MODIS,80,6.2,298.7,130,D,0
-14.4227,144.353,320.2,2.9,1.6,2014-10-08,0334,Aqua,MODIS,60,6.2,298,44.1,D,0
-14.4373,144.3497,321.2,2.9,1.6,2014-10-08,0334,Aqua,MODIS,46,6.2,299.2,45.6,D,0
-12.7619,141.9386,346.6,4.3,1.9,2014-10-08,0334,Aqua,MODIS,0,6.2,303.2,353.4,D,0
-13.5917,142.0856,322.2,4.3,1.9,2014-10-08,0334,Aqua,MODIS,58,6.2,301.6,71.7,D,0
-15.0098,144.8816,318.2,2.7,1.6,2014-10-08,0334,Aqua,MODIS,47,6.2,301,32.8,D,0
-15.1789,144.9889,321.5,2.7,1.6,2014-10-08,0334,Aqua,MODIS,45,6.2,299.9,42.6,D,0
-13.6521,142.0635,321.4,4.3,1.9,2014-10-08,0334,Aqua,MODIS,57,6.2,303.1,67.3,D,0
-14.4341,144.3769,344.4,2.9,1.6,2014-10-08,0334,Aqua,MODIS,91,6.2,301,196.1,D,0
-12.5922,142.5145,360.6,3.8,1.8,2014-10-08,0334,Aqua,MODIS,100,6.2,302.2,528.2,D,0
-12.6086,142.5164,326.9,3.8,1.8,2014-10-08,0334,Aqua,MODIS,50,6.2,304.5,79.1,D,0
-14.4194,144.3754,333.3,2.9,1.6,2014-10-08,0334,Aqua,MODIS,83,6.2,299.9,112.9,D,0
-14.4197,144.3805,332,2.9,1.6,2014-10-08,0334,Aqua,MODIS,81,6.2,299.9,106.6,D,0
-13.4065,142.1318,321.2,4.2,1.9,2014-10-08,0334,Aqua,MODIS,40,6.2,302.2,58.5,D,0
-12.5855,142.5064,346.1,3.8,1.8,2014-10-08,0334,Aqua,MODIS,93,6.2,299,302.9,D,0
-12.5901,142.8266,319.9,3.6,1.8,2014-10-08,0334,Aqua,MODIS,59,6.2,304.9,55.7,D,0
-12.5818,142.8302,322.2,3.6,1.8,2014-10-08,0334,Aqua,MODIS,26,6.2,303.9,60.4,D,0
-14.4374,144.3547,327.9,2.9,1.6,2014-10-08,0334,Aqua,MODIS,76,6.2,299.4,81,D,0
-12.569,142.5045,333.4,3.8,1.8,2014-10-08,0334,Aqua,MODIS,85,6.2,296.9,163.4,D,0
-14.4344,144.3821,338.5,2.9,1.6,2014-10-08,0334,Aqua,MODIS,87,6.2,301,147.4,D,0
-12.5863,142.8597,323.2,3.6,1.8,2014-10-08,0334,Aqua,MODIS,68,6.2,302.9,77,D,0
-15.0456,145.1163,320.3,2.6,1.6,2014-10-08,0334,Aqua,MODIS,50,6.2,300.9,39.1,D,0
-15.0527,145.0975,332.1,2.6,1.6,2014-10-08,0334,Aqua,MODIS,80,6.2,301.4,95.2,D,0
-12.596,142.4793,326.8,3.8,1.8,2014-10-08,0334,Aqua,MODIS,76,6.2,301.9,89,D,0
-12.5896,142.4712,320.2,3.8,1.8,2014-10-08,0334,Aqua,MODIS,44,6.2,300.8,47.3,D,0
-12.5796,142.4774,327.2,3.8,1.8,2014-10-08,0334,Aqua,MODIS,80,6.2,297.5,104.7,D,0
-12.5731,142.4693,319.7,3.8,1.8,2014-10-08,0334,Aqua,MODIS,48,6.2,297.7,50.1,D,0
-12.6335,142.5902,322.1,3.8,1.8,2014-10-08,0334,Aqua,MODIS,29,6.2,305.4,44.5,D,0
-12.6234,142.5936,330.9,3.8,1.8,2014-10-08,0334,Aqua,MODIS,83,6.2,304.8,110.2,D,0
-12.6171,142.5882,334.5,3.8,1.8,2014-10-08,0334,Aqua,MODIS,86,6.2,304.5,147.1,D,0
-15.0501,145.1214,319,2.6,1.6,2014-10-08,0334,Aqua,MODIS,21,6.2,301.4,31.7,D,0
-15.0483,145.0926,331.2,2.6,1.6,2014-10-08,0334,Aqua,MODIS,80,6.2,301.6,92.3,D,0
-11.0367,142.3336,324.9,3.8,1.8,2014-10-08,0335,Aqua,MODIS,77,6.2,298.3,89.3,D,0
-11.0652,142.3718,326.4,3.7,1.8,2014-10-08,0335,Aqua,MODIS,39,6.2,299.9,95.5,D,0
-11.072,142.3773,321.2,3.7,1.8,2014-10-08,0335,Aqua,MODIS,46,6.2,299.3,65.2,D,0
-11.0408,142.2992,319.2,3.8,1.8,2014-10-08,0335,Aqua,MODIS,34,6.2,299.7,45,D,0
-10.7592,142.46,313.2,3.6,1.8,2014-10-08,0335,Aqua,MODIS,29,6.2,297.6,45.7,D,0
-10.7753,142.4617,310,3.6,1.8,2014-10-08,0335,Aqua,MODIS,10,6.2,297.5,34.2,D,0
-10.7791,142.4283,313.4,3.7,1.8,2014-10-08,0335,Aqua,MODIS,0,6.2,298.9,48.1,D,0
-26.266,123.7272,336.7,2.1,1.4,2014-10-08,0509,Aqua,MODIS,70,6.2,313.4,55.3,D,0
-26.264,123.7412,350.1,2.1,1.4,2014-10-08,0509,Aqua,MODIS,92,6.2,311.6,128.1,D,0
-26.2661,123.7202,344.2,2.1,1.4,2014-10-08,0509,Aqua,MODIS,86,6.2,314,90.2,D,0
-26.2513,123.7397,387.2,2.1,1.4,2014-10-08,0509,Aqua,MODIS,100,6.2,318,479.2,D,0
-26.2533,123.7186,421.1,2.1,1.4,2014-10-08,0509,Aqua,MODIS,100,6.2,330.9,1127.4,D,0
-26.2554,123.6974,356,2.1,1.4,2014-10-08,0509,Aqua,MODIS,97,6.2,320.4,152.7,D,0
-26.2385,123.7382,378.2,2.1,1.4,2014-10-08,0509,Aqua,MODIS,100,6.2,320.9,355.1,D,0
-26.2406,123.7171,355.7,2.1,1.4,2014-10-08,0509,Aqua,MODIS,83,6.2,323.2,143.1,D,0
-26.2237,123.7576,343.6,2.1,1.4,2014-10-08,0509,Aqua,MODIS,76,6.2,317.7,75.8,D,0
-26.2258,123.7366,391.4,2.1,1.4,2014-10-08,0509,Aqua,MODIS,100,6.2,325.3,528.4,D,0
-26.215,123.714,351.6,2.1,1.4,2014-10-08,0509,Aqua,MODIS,64,6.2,324.6,111.6,D,0
-26.1239,123.5908,342.1,2.1,1.4,2014-10-08,0509,Aqua,MODIS,83,6.2,324.1,66.7,D,0
-26.111,123.5893,335.3,2.1,1.4,2014-10-08,0509,Aqua,MODIS,27,6.2,322.4,31.4,D,0
-26.1225,123.6052,336.6,2.1,1.4,2014-10-08,0509,Aqua,MODIS,32,6.2,322,33.7,D,0
-26.0982,123.5878,366.3,2.1,1.4,2014-10-08,0509,Aqua,MODIS,100,6.2,323.8,238.4,D,0
-26.0968,123.6023,341.5,2.1,1.4,2014-10-08,0509,Aqua,MODIS,70,6.2,321.4,61.7,D,0
-26.0989,123.5808,358.8,2.1,1.4,2014-10-08,0509,Aqua,MODIS,99,6.2,323,176,D,0
-26.0839,123.6008,331.9,2.1,1.4,2014-10-08,0509,Aqua,MODIS,41,6.2,320.9,24.3,D,0
-26.0861,123.5793,343.5,2.1,1.4,2014-10-08,0509,Aqua,MODIS,85,6.2,322.1,79.8,D,0
-26.634,129.4861,344.1,1,1,2014-10-08,0509,Aqua,MODIS,49,6.2,326.9,18.7,D,0
-26.665,129.5336,367.4,1,1,2014-10-08,0509,Aqua,MODIS,100,6.2,326.9,83.4,D,0
-26.6636,129.5439,343.5,1,1,2014-10-08,0509,Aqua,MODIS,71,6.2,323,23.1,D,0
-26.6418,129.498,345.6,1,1,2014-10-08,0509,Aqua,MODIS,68,6.2,327.1,21.5,D,0
-23.4369,129.6423,352.9,1,1,2014-10-08,0510,Aqua,MODIS,94,6.2,319.7,44.1,D,0
-23.6928,125.0518,345.3,1.6,1.2,2014-10-08,0510,Aqua,MODIS,78,6.2,322.2,40.9,D,0
-23.6939,125.0415,354,1.6,1.2,2014-10-08,0510,Aqua,MODIS,95,6.2,321.2,79.2,D,0
-23.6922,125.0569,340.7,1.6,1.2,2014-10-08,0510,Aqua,MODIS,54,6.2,322.7,26.8,D,0
-23.6946,125.0363,342,1.6,1.2,2014-10-08,0510,Aqua,MODIS,46,6.2,321,30.3,D,0
-23.7034,125.0584,343.2,1.6,1.2,2014-10-08,0510,Aqua,MODIS,75,6.2,323.4,36.2,D,0
-23.4279,129.6408,334.8,1,1,2014-10-08,0510,Aqua,MODIS,69,6.2,317.8,11.2,D,0
-22.7387,130.5862,333.4,1,1,2014-10-08,0510,Aqua,MODIS,55,6.2,320.7,7.2,D,0
-23.5039,129.6192,342.4,1,1,2014-10-08,0510,Aqua,MODIS,83,6.2,322,21.5,D,0
-23.4949,129.6177,334.5,1,1,2014-10-08,0510,Aqua,MODIS,68,6.2,321.6,9.4,D,0
-23.4859,129.6162,356.5,1,1,2014-10-08,0510,Aqua,MODIS,97,6.2,320.2,51.3,D,0
-24.5377,128.7072,337.5,1,1,2014-10-08,0510,Aqua,MODIS,55,6.2,320,14.6,D,0
-24.5285,128.7057,349.8,1,1,2014-10-08,0510,Aqua,MODIS,92,6.2,323.3,39.9,D,0
-24.5299,128.6953,340.8,1,1,2014-10-08,0510,Aqua,MODIS,72,6.2,321.5,20.5,D,0
-24.6711,128.9404,386.1,1,1,2014-10-08,0510,Aqua,MODIS,100,6.2,319.7,163.2,D,0
-24.6725,128.9302,374.8,1,1,2014-10-08,0510,Aqua,MODIS,100,6.2,322.4,112.7,D,0
-24.6739,128.92,347.9,1,1,2014-10-08,0510,Aqua,MODIS,71,6.2,323.2,33,D,0
-24.6637,128.9439,369.5,1,1,2014-10-08,0510,Aqua,MODIS,100,6.2,320.1,93.4,D,0
-24.6651,128.9337,403.3,1,1,2014-10-08,0510,Aqua,MODIS,100,6.2,336.7,257.5,D,0
-24.6665,128.9235,359,1,1,2014-10-08,0510,Aqua,MODIS,99,6.2,329.5,60.1,D,0
-24.6678,128.9133,347.1,1,1,2014-10-08,0510,Aqua,MODIS,85,6.2,329.2,32.1,D,0
-24.6559,128.9322,346.9,1,1,2014-10-08,0510,Aqua,MODIS,89,6.2,325.5,30.8,D,0
-24.6418,128.8986,336.4,1,1,2014-10-08,0510,Aqua,MODIS,53,6.2,323.2,12.2,D,0
-24.5506,128.7514,335.4,1,1,2014-10-08,0510,Aqua,MODIS,55,6.2,322.1,10.8,D,0
-24.5271,128.716,337.8,1,1,2014-10-08,0510,Aqua,MODIS,33,6.2,321.7,15.2,D,0
-20.7699,133.4893,334.8,1.4,1.2,2014-10-08,0510,Aqua,MODIS,49,6.2,319.1,18,D,0
-20.7593,133.4873,340.3,1.4,1.2,2014-10-08,0510,Aqua,MODIS,80,6.2,320.7,33.3,D,0
-20.7616,133.4735,333.6,1.4,1.2,2014-10-08,0510,Aqua,MODIS,64,6.2,319.4,15.5,D,0
-23.5122,129.6907,334.8,1,1,2014-10-08,0510,Aqua,MODIS,67,6.2,321.5,9.5,D,0
-21.9065,124.0274,336.8,1.7,1.3,2014-10-08,0510,Aqua,MODIS,74,6.2,322.2,24.9,D,0
-17.404,130.3538,345,1.1,1,2014-10-08,0511,Aqua,MODIS,55,6.2,318.8,28.9,D,0
-17.4117,130.4286,339.1,1.1,1,2014-10-08,0511,Aqua,MODIS,51,6.2,318.1,17,D,0
-17.4102,130.4389,337.2,1.1,1,2014-10-08,0511,Aqua,MODIS,35,6.2,318.4,14.8,D,0
-19.6885,126.6201,360.3,1.1,1.1,2014-10-08,0511,Aqua,MODIS,100,6.2,314.1,81.6,D,0
-19.6899,126.6093,346.8,1.1,1.1,2014-10-08,0511,Aqua,MODIS,67,6.2,310.7,43.6,D,0
-18.5894,121.7993,344.6,2.3,1.5,2014-10-08,0511,Aqua,MODIS,63,6.2,318.6,96.1,D,0
-18.5762,121.7978,337.6,2.3,1.5,2014-10-08,0511,Aqua,MODIS,35,6.2,318.2,58.9,D,0
-18.591,121.8162,335.2,2.3,1.5,2014-10-08,0511,Aqua,MODIS,61,6.2,316.7,48.9,D,0
-18.5934,121.7946,337.2,2.3,1.5,2014-10-08,0511,Aqua,MODIS,0,6.2,317.5,59.7,D,0
-18.5802,121.7931,343.8,2.3,1.5,2014-10-08,0511,Aqua,MODIS,58,6.2,318.7,91.1,D,0
-16.5271,135.4746,331.4,2.4,1.5,2014-10-08,0511,Aqua,MODIS,55,6.2,313.6,27,D,0
-17.4289,130.5054,358.6,1.1,1,2014-10-08,0511,Aqua,MODIS,99,6.2,322.4,62.2,D,0
-17.588,130.2931,340,1.1,1,2014-10-08,0511,Aqua,MODIS,50,6.2,323.5,16.4,D,0
-17.5896,130.283,339.4,1.1,1,2014-10-08,0511,Aqua,MODIS,36,6.2,322.9,14.7,D,0
-17.5787,130.2915,342.8,1.1,1,2014-10-08,0511,Aqua,MODIS,61,6.2,320.9,21.5,D,0
-17.5803,130.2814,352.6,1.1,1,2014-10-08,0511,Aqua,MODIS,94,6.2,320.7,42.7,D,0
-17.5896,130.221,347.7,1.1,1,2014-10-08,0511,Aqua,MODIS,59,6.2,321.6,32.8,D,0
-17.5911,130.2109,360.7,1.1,1,2014-10-08,0511,Aqua,MODIS,100,6.2,322.7,70.4,D,0
-17.5836,130.2134,368.5,1.1,1,2014-10-08,0511,Aqua,MODIS,100,6.2,324.4,95.4,D,0
-17.5713,130.232,337.2,1.1,1,2014-10-08,0511,Aqua,MODIS,25,6.2,319.8,14.3,D,0
-17.5743,130.2119,361,1.1,1,2014-10-08,0511,Aqua,MODIS,100,6.2,321.8,71.3,D,0
-17.4148,130.4714,344,1.1,1,2014-10-08,0511,Aqua,MODIS,72,6.2,317.9,27.2,D,0
-17.4227,130.3569,359.2,1.1,1,2014-10-08,0511,Aqua,MODIS,95,6.2,322.2,60.2,D,0
-17.4539,130.4043,343.2,1.1,1,2014-10-08,0511,Aqua,MODIS,52,6.2,319.7,19.6,D,0
-17.4523,130.4145,341.2,1.1,1,2014-10-08,0511,Aqua,MODIS,40,6.2,321.3,15.7,D,0
-17.4688,130.4021,355.4,1.1,1,2014-10-08,0511,Aqua,MODIS,96,6.2,322.9,52.3,D,0
-17.4273,130.4524,337.7,1.1,1,2014-10-08,0511,Aqua,MODIS,48,6.2,320.3,13.4,D,0
-17.5758,130.2018,351.4,1.1,1,2014-10-08,0511,Aqua,MODIS,93,6.2,318.1,46.3,D,0
-17.5851,130.2034,350.7,1.1,1,2014-10-08,0511,Aqua,MODIS,91,6.2,319.3,43.3,D,0
-17.5926,130.2009,344.1,1.1,1,2014-10-08,0511,Aqua,MODIS,86,6.2,318.3,32.7,D,0
-17.4179,130.4508,339.6,1.1,1,2014-10-08,0511,Aqua,MODIS,35,6.2,319,17.6,D,0
-17.4195,130.4405,352.6,1.1,1,2014-10-08,0511,Aqua,MODIS,94,6.2,322.6,45.7,D,0
-17.4258,130.4627,340.1,1.1,1,2014-10-08,0511,Aqua,MODIS,58,6.2,319,18.1,D,0
-17.4072,130.3334,371.6,1.1,1,2014-10-08,0511,Aqua,MODIS,100,6.2,316.3,115.3,D,0
-17.4056,130.3436,389.6,1.1,1,2014-10-08,0511,Aqua,MODIS,100,6.2,322.9,196,D,0
-17.4165,130.335,410.7,1.1,1,2014-10-08,0511,Aqua,MODIS,100,6.2,324.8,342.6,D,0
-17.4149,130.3452,425,1.1,1,2014-10-08,0511,Aqua,MODIS,100,6.2,330.4,467.7,D,0
-17.4258,130.3366,340.3,1.1,1,2014-10-08,0511,Aqua,MODIS,78,6.2,315.8,27.2,D,0
-17.4243,130.3468,376.5,1.1,1,2014-10-08,0511,Aqua,MODIS,100,6.2,323.1,128.4,D,0
-17.9991,131.898,338.7,1.3,1.1,2014-10-08,0511,Aqua,MODIS,66,6.2,319.7,21.6,D,0
-18.3879,131.7744,335.8,1.2,1.1,2014-10-08,0511,Aqua,MODIS,53,6.2,319.3,14.5,D,0
-18.4899,130.8577,335.6,1.1,1.1,2014-10-08,0511,Aqua,MODIS,60,6.2,319.9,12.3,D,0
-17.5947,132.6817,337,1.4,1.2,2014-10-08,0511,Aqua,MODIS,46,6.2,317.2,22.3,D,0
-18.263,131.8547,339.5,1.3,1.1,2014-10-08,0511,Aqua,MODIS,51,6.2,320.6,20.6,D,0
-18.2749,131.8447,341.6,1.3,1.1,2014-10-08,0511,Aqua,MODIS,72,6.2,320.5,25.8,D,0
-18.2511,131.8647,341.2,1.3,1.1,2014-10-08,0511,Aqua,MODIS,34,6.2,319.6,23.5,D,0
-18.1116,131.5113,335.4,1.2,1.1,2014-10-08,0511,Aqua,MODIS,33,6.2,320.9,13,D,0
-13.9159,135.6239,347.1,2.8,1.6,2014-10-08,0512,Aqua,MODIS,91,6.2,305.6,194.9,D,0
-13.9191,135.6323,347.2,2.8,1.6,2014-10-08,0512,Aqua,MODIS,91,6.2,306.2,191.3,D,0
-14.1473,134.1296,362.2,2.1,1.4,2014-10-08,0512,Aqua,MODIS,100,6.2,305.6,223.2,D,0
-14.1346,134.1274,343.3,2.1,1.4,2014-10-08,0512,Aqua,MODIS,62,6.2,307.5,86.3,D,0
-14.138,134.1078,346.3,2.1,1.4,2014-10-08,0512,Aqua,MODIS,58,6.2,310.4,104.8,D,0
-14.1506,134.1103,349.7,2.1,1.4,2014-10-08,0512,Aqua,MODIS,87,6.2,303.8,130.3,D,0
-13.9048,135.6296,337.3,2.8,1.6,2014-10-08,0512,Aqua,MODIS,81,6.2,303.8,118.2,D,0
-13.8792,135.8326,327.5,2.9,1.6,2014-10-08,0512,Aqua,MODIS,34,6.2,303.5,55.4,D,0
-13.8809,135.8407,325.7,2.9,1.6,2014-10-08,0512,Aqua,MODIS,17,6.2,303.4,45.9,D,0
-13.9858,135.6716,325.9,2.8,1.6,2014-10-08,0512,Aqua,MODIS,48,6.2,304.5,49.9,D,0
-13.9114,135.6496,337.5,2.8,1.6,2014-10-08,0512,Aqua,MODIS,81,6.2,306.3,118.8,D,0
-13.8203,132.4428,337.9,1.6,1.3,2014-10-08,0512,Aqua,MODIS,80,6.2,308.3,51.4,D,0
-13.8211,132.4334,340.8,1.6,1.2,2014-10-08,0512,Aqua,MODIS,61,6.2,310.6,59.7,D,0
-13.8115,132.4261,363.2,1.6,1.2,2014-10-08,0512,Aqua,MODIS,100,6.2,306.6,163.3,D,0
-12.8802,135.7745,358.6,3,1.6,2014-10-08,0512,Aqua,MODIS,99,6.2,306.7,322.6,D,0
-12.8869,135.8273,334.9,3,1.7,2014-10-08,0512,Aqua,MODIS,67,6.2,304.5,94.4,D,0
-12.8752,135.802,358,3,1.7,2014-10-08,0512,Aqua,MODIS,98,6.2,303.4,321.5,D,0
-13.0755,135.7123,326.4,2.9,1.6,2014-10-08,0512,Aqua,MODIS,47,6.2,305.5,45.2,D,0
-13.0715,135.7339,324.2,3,1.6,2014-10-08,0512,Aqua,MODIS,11,6.2,305.4,35.8,D,0
-12.969,134.8918,352,2.6,1.5,2014-10-08,0512,Aqua,MODIS,95,6.2,308.3,203,D,0
-12.89,135.8048,334.5,3,1.7,2014-10-08,0512,Aqua,MODIS,79,6.2,304.8,90.1,D,0
-12.885,135.8321,333.5,3,1.7,2014-10-08,0512,Aqua,MODIS,77,6.2,304.2,89.9,D,0
-12.8998,135.8348,332,3,1.7,2014-10-08,0512,Aqua,MODIS,70,6.2,304.9,80.2,D,0
-12.7788,135.75,328.7,3,1.6,2014-10-08,0512,Aqua,MODIS,68,6.2,305.2,54.8,D,0
-12.9017,135.8301,328.7,3,1.7,2014-10-08,0512,Aqua,MODIS,33,6.2,305.4,54.4,D,0
-13.09,135.7151,326.2,2.9,1.6,2014-10-08,0512,Aqua,MODIS,44,6.2,307,44.8,D,0
-12.8949,135.7773,327.4,3,1.6,2014-10-08,0512,Aqua,MODIS,44,6.2,306.3,38.4,D,0
-12.957,134.9625,334,2.6,1.5,2014-10-08,0512,Aqua,MODIS,56,6.2,310.5,64.1,D,0
-12.9794,134.8772,388.1,2.5,1.5,2014-10-08,0512,Aqua,MODIS,100,6.2,314.6,674.5,D,0
-13.4095,134.296,328.6,2.3,1.5,2014-10-08,0512,Aqua,MODIS,34,6.2,308.5,24.4,D,0
-12.7784,135.7422,326.5,3,1.6,2014-10-08,0512,Aqua,MODIS,36,6.2,305.3,45,D,0
-12.8917,135.7999,333.5,3,1.7,2014-10-08,0512,Aqua,MODIS,73,6.2,305,79,D,0
-13.4191,134.3189,328,2.3,1.5,2014-10-08,0512,Aqua,MODIS,38,6.2,308.5,25,D,0
-13.0028,134.9058,334.4,2.6,1.5,2014-10-08,0512,Aqua,MODIS,79,6.2,310.9,57.4,D,0
-12.9491,134.9686,338.6,2.6,1.5,2014-10-08,0512,Aqua,MODIS,77,6.2,307.9,89.8,D,0
-13.4205,134.3051,331.8,2.3,1.5,2014-10-08,0512,Aqua,MODIS,51,6.2,309.9,37.9,D,0
-13.4335,134.3077,330.4,2.3,1.5,2014-10-08,0512,Aqua,MODIS,21,6.2,310.4,32.1,D,0
-12.8769,135.797,364.1,3,1.7,2014-10-08,0512,Aqua,MODIS,100,6.2,304,404.6,D,0
-12.9754,134.9005,349.1,2.6,1.5,2014-10-08,0512,Aqua,MODIS,88,6.2,310.4,163.9,D,0
-12.9932,134.8797,352.5,2.5,1.5,2014-10-08,0512,Aqua,MODIS,95,6.2,311.7,187.7,D,0
-12.9891,134.9031,340.6,2.6,1.5,2014-10-08,0512,Aqua,MODIS,85,6.2,312.5,94.4,D,0
-12.9587,134.9951,329.5,2.6,1.6,2014-10-08,0512,Aqua,MODIS,53,6.2,309.8,39.6,D,0
-12.9533,134.9447,341.8,2.6,1.5,2014-10-08,0512,Aqua,MODIS,81,6.2,311.4,110.7,D,0
-12.985,134.9266,333.8,2.6,1.5,2014-10-08,0512,Aqua,MODIS,54,6.2,311,50.2,D,0
-12.7244,135.7887,328.9,3,1.7,2014-10-08,0512,Aqua,MODIS,63,6.2,303.2,67.3,D,0
-12.9987,134.9293,330.3,2.6,1.5,2014-10-08,0512,Aqua,MODIS,47,6.2,311,34.4,D,0
-12.9729,134.8686,355,2.5,1.5,2014-10-08,0512,Aqua,MODIS,97,6.2,308.4,236.8,D,0
-12.9575,134.9213,340.7,2.6,1.5,2014-10-08,0512,Aqua,MODIS,77,6.2,311.5,109.9,D,0
-12.9395,134.9421,336.9,2.6,1.5,2014-10-08,0512,Aqua,MODIS,72,6.2,307.6,87,D,0
-12.9512,134.9127,331.9,2.6,1.5,2014-10-08,0512,Aqua,MODIS,73,6.2,308.7,69,D,0
-12.9473,134.936,344.2,2.6,1.5,2014-10-08,0512,Aqua,MODIS,89,6.2,311,140.6,D,0
-12.965,134.9153,336.1,2.6,1.5,2014-10-08,0512,Aqua,MODIS,69,6.2,311,86.8,D,0
-12.9432,134.9598,340.3,2.6,1.5,2014-10-08,0512,Aqua,MODIS,86,6.2,307.1,110.7,D,0
-12.7263,135.7841,330.4,3,1.7,2014-10-08,0512,Aqua,MODIS,60,6.2,302.8,81.5,D,0
-12.8817,135.7696,350.3,3,1.6,2014-10-08,0512,Aqua,MODIS,94,6.2,306.9,226.3,D,0
-12.8705,135.7445,341.4,3,1.6,2014-10-08,0512,Aqua,MODIS,87,6.2,304.9,141.7,D,0
-12.8655,135.7717,371.1,3,1.6,2014-10-08,0512,Aqua,MODIS,100,6.2,304,512,D,0
-12.8718,135.7395,328.3,3,1.6,2014-10-08,0512,Aqua,MODIS,26,6.2,304.8,50.5,D,0
-12.8671,135.7667,373.6,3,1.6,2014-10-08,0512,Aqua,MODIS,100,6.2,304.8,555.1,D,0
-12.8317,136.2986,324.8,3.3,1.7,2014-10-08,0512,Aqua,MODIS,56,6.2,304.3,59.4,D,0
-14.4583,133.8563,342.3,2,1.4,2014-10-08,0512,Aqua,MODIS,72,6.2,298.1,87.1,D,0
-14.4932,133.8872,338.1,2,1.4,2014-10-08,0512,Aqua,MODIS,75,6.2,312.4,42.8,D,0
-12.6919,135.8063,328.3,3,1.7,2014-10-08,0512,Aqua,MODIS,70,6.2,305.4,67.7,D,0
-12.6967,135.7786,329.7,3,1.7,2014-10-08,0512,Aqua,MODIS,73,6.2,303.9,77.5,D,0
-14.4861,133.8425,341.3,2,1.4,2014-10-08,0512,Aqua,MODIS,83,6.2,308.8,70.7,D,0
-14.5045,133.8839,336.6,2,1.4,2014-10-08,0512,Aqua,MODIS,35,6.2,313.7,37.4,D,0
-14.4738,133.8401,334.4,2,1.4,2014-10-08,0512,Aqua,MODIS,54,6.2,303.4,50.4,D,0
-14.5014,133.9023,342.1,2,1.4,2014-10-08,0512,Aqua,MODIS,85,6.2,312.3,61.8,D,0
-14.4922,133.8816,336.9,2,1.4,2014-10-08,0512,Aqua,MODIS,68,6.2,312.4,38.4,D,0
-14.4991,133.9264,338.7,2,1.4,2014-10-08,0512,Aqua,MODIS,75,6.2,309.5,50.4,D,0
-12.6949,135.7832,335.2,3,1.7,2014-10-08,0512,Aqua,MODIS,80,6.2,304.2,113.6,D,0
-14.4799,133.8792,334,2,1.4,2014-10-08,0512,Aqua,MODIS,45,6.2,309,25.5,D,0
-14.7535,133.3465,341.4,1.8,1.3,2014-10-08,0512,Aqua,MODIS,80,6.2,311.7,57.8,D,0
-14.3752,133.9482,336.2,2,1.4,2014-10-08,0512,Aqua,MODIS,55,6.2,312.8,38.1,D,0
-14.785,133.3407,336.7,1.8,1.3,2014-10-08,0512,Aqua,MODIS,71,6.2,309.8,41.7,D,0
-14.4939,133.3141,347.6,1.8,1.3,2014-10-08,0512,Aqua,MODIS,91,6.2,313.8,92.6,D,0
-14.4953,133.8631,344.6,2,1.4,2014-10-08,0512,Aqua,MODIS,88,6.2,312,78.6,D,0
-14.483,133.8607,383.6,2,1.4,2014-10-08,0512,Aqua,MODIS,100,6.2,311.7,405.9,D,0
-12.6391,136.438,322.6,3.4,1.7,2014-10-08,0512,Aqua,MODIS,44,6.2,303.1,62.9,D,0
-14.4707,133.8585,360.1,2,1.4,2014-10-08,0512,Aqua,MODIS,94,6.2,307.7,189.4,D,0
-14.5004,133.322,337.4,1.8,1.3,2014-10-08,0512,Aqua,MODIS,52,6.2,311.7,44.4,D,0
-14.4983,133.9209,339.7,2,1.4,2014-10-08,0512,Aqua,MODIS,82,6.2,310.1,53.9,D,0
-14.4965,133.8688,337.5,2,1.4,2014-10-08,0512,Aqua,MODIS,65,6.2,312,42.6,D,0
-14.7821,133.3573,336.7,1.8,1.3,2014-10-08,0512,Aqua,MODIS,73,6.2,312.6,40.6,D,0
-13.5953,130.4157,336.2,1.2,1.1,2014-10-08,0512,Aqua,MODIS,79,6.2,305.6,24.4,D,0
-13.559,130.4553,347.5,1.2,1.1,2014-10-08,0512,Aqua,MODIS,87,6.2,300.7,56.2,D,0
-16.7929,127.1538,346.7,1,1,2014-10-08,0512,Aqua,MODIS,67,6.2,314.8,39.4,D,0
-16.0403,127.9312,341.6,1,1,2014-10-08,0512,Aqua,MODIS,82,6.2,316.6,21.9,D,0
-17.054,123.074,347.2,1.7,1.3,2014-10-08,0512,Aqua,MODIS,89,6.2,313.7,79.9,D,0
-13.537,130.3382,360.3,1.2,1.1,2014-10-08,0512,Aqua,MODIS,100,6.2,305.6,91.6,D,0
-13.5353,130.3492,348.5,1.2,1.1,2014-10-08,0512,Aqua,MODIS,92,6.2,304.2,55.2,D,0
-13.5607,130.4441,385.3,1.2,1.1,2014-10-08,0512,Aqua,MODIS,100,6.2,306.1,213,D,0
-17.0287,123.0872,336.5,1.7,1.3,2014-10-08,0512,Aqua,MODIS,64,6.2,317.9,37.3,D,0
-16.0379,127.8832,338.4,1,1,2014-10-08,0512,Aqua,MODIS,77,6.2,318.8,15.5,D,0
-16.039,127.9404,341.9,1,1,2014-10-08,0512,Aqua,MODIS,83,6.2,315.2,21.8,D,0
-16.0453,127.9604,333.8,1,1,2014-10-08,0512,Aqua,MODIS,37,6.2,315.4,9.5,D,0
-16.0377,127.9497,356.2,1,1,2014-10-08,0512,Aqua,MODIS,97,6.2,314.8,52.4,D,0
-13.577,130.4697,333.1,1.2,1.1,2014-10-08,0512,Aqua,MODIS,48,6.2,303.3,19.2,D,0
-17.052,123.0903,342.7,1.7,1.3,2014-10-08,0512,Aqua,MODIS,82,6.2,317.1,60.4,D,0
-17.075,124.6394,350.8,1.4,1.2,2014-10-08,0512,Aqua,MODIS,93,6.2,312.4,53.8,D,0
-16.8727,124.0809,349.3,1.5,1.2,2014-10-08,0512,Aqua,MODIS,85,6.2,315.7,61.2,D,0
-17.0812,124.6469,369.4,1.4,1.2,2014-10-08,0512,Aqua,MODIS,100,6.2,313,137,D,0
-17.0797,124.6597,376.3,1.4,1.2,2014-10-08,0512,Aqua,MODIS,100,6.2,315.3,176.8,D,0
-17.0885,124.6734,350.4,1.4,1.2,2014-10-08,0512,Aqua,MODIS,92,6.2,315.6,58.1,D,0
-16.872,127.309,353.3,1,1,2014-10-08,0512,Aqua,MODIS,87,6.2,313.1,52.7,D,0
-13.5421,130.3053,413.1,1.2,1.1,2014-10-08,0512,Aqua,MODIS,100,6.2,312.1,418.3,D,0
-17.099,124.6747,357.3,1.4,1.2,2014-10-08,0512,Aqua,MODIS,98,6.2,315.9,83.8,D,0
-17.1094,124.6762,333.6,1.4,1.2,2014-10-08,0512,Aqua,MODIS,43,6.2,313.6,16.7,D,0
-16.8629,127.3077,347.7,1,1,2014-10-08,0512,Aqua,MODIS,73,6.2,314.6,37.5,D,0
-16.9662,128.0788,339,1,1,2014-10-08,0512,Aqua,MODIS,78,6.2,318.5,17.9,D,0
-13.6311,130.4499,357.3,1.2,1.1,2014-10-08,0512,Aqua,MODIS,74,6.2,308.3,79,D,0
-17.0901,124.6608,346.6,1.4,1.2,2014-10-08,0512,Aqua,MODIS,89,6.2,310.9,45.8,D,0
-17.1005,124.6622,351.1,1.4,1.2,2014-10-08,0512,Aqua,MODIS,93,6.2,312.9,61.4,D,0
-17.123,124.6522,332.7,1.4,1.2,2014-10-08,0512,Aqua,MODIS,48,6.2,310.3,17,D,0
-17.0828,124.6339,350.9,1.4,1.2,2014-10-08,0512,Aqua,MODIS,93,6.2,313.6,60.4,D,0
-17.0708,124.6456,357.8,1.4,1.2,2014-10-08,0512,Aqua,MODIS,98,6.2,313.5,80.1,D,0
-13.5676,130.3997,330.7,1.2,1.1,2014-10-08,0512,Aqua,MODIS,42,6.2,302.4,18.2,D,0
-17.0917,124.6481,338.4,1.4,1.2,2014-10-08,0512,Aqua,MODIS,41,6.2,310.9,23,D,0
-17.0085,124.5775,346.4,1.4,1.2,2014-10-08,0512,Aqua,MODIS,89,6.2,317.2,43.6,D,0
-17.0739,124.2226,340.2,1.5,1.2,2014-10-08,0512,Aqua,MODIS,74,6.2,314.5,31.9,D,0
-17.0629,124.6507,354.7,1.4,1.2,2014-10-08,0512,Aqua,MODIS,96,6.2,316.6,72.4,D,0
-17.0733,124.6523,358.9,1.4,1.2,2014-10-08,0512,Aqua,MODIS,99,6.2,316.2,86.4,D,0
-17.0012,124.5504,334.8,1.4,1.2,2014-10-08,0512,Aqua,MODIS,58,6.2,316.1,14.8,D,0
-13.5438,130.2944,367.5,1.2,1.1,2014-10-08,0512,Aqua,MODIS,100,6.2,309.4,115,D,0
-17.0724,124.6327,356.8,1.4,1.2,2014-10-08,0512,Aqua,MODIS,97,6.2,313,80.1,D,0
-17.074,124.6195,333.7,1.4,1.2,2014-10-08,0512,Aqua,MODIS,40,6.2,314.9,10.6,D,0
-16.9862,124.1082,372.5,1.5,1.2,2014-10-08,0512,Aqua,MODIS,100,6.2,315.7,176.2,D,0
-16.9879,124.0943,339.3,1.5,1.2,2014-10-08,0512,Aqua,MODIS,56,6.2,316.7,31.5,D,0
-17.0558,124.6235,345.3,1.4,1.2,2014-10-08,0512,Aqua,MODIS,88,6.2,315.2,37.9,D,0
-17.0262,124.606,342.8,1.4,1.2,2014-10-08,0512,Aqua,MODIS,82,6.2,317.7,30.9,D,0
-13.6328,130.4388,354.8,1.2,1.1,2014-10-08,0512,Aqua,MODIS,91,6.2,306.6,73.5,D,0
-17.0541,124.6367,338.7,1.4,1.2,2014-10-08,0512,Aqua,MODIS,52,6.2,313.3,20.5,D,0
-16.8357,127.3034,338.5,1,1,2014-10-08,0512,Aqua,MODIS,34,6.2,314.9,21.5,D,0
-16.837,127.2938,353.9,1,1,2014-10-08,0512,Aqua,MODIS,95,6.2,312.9,52.6,D,0
-17.0692,124.6583,355.4,1.4,1.2,2014-10-08,0512,Aqua,MODIS,96,6.2,316.7,73,D,0
-17.0717,124.6647,344.7,1.4,1.2,2014-10-08,0512,Aqua,MODIS,87,6.2,316.6,38.7,D,0
-13.6566,130.2849,336.7,1.2,1.1,2014-10-08,0512,Aqua,MODIS,73,6.2,309.1,21.3,D,0
-13.6664,130.2865,386.8,1.2,1.1,2014-10-08,0512,Aqua,MODIS,100,6.2,311,207.4,D,0
-16.9752,128.0802,341.9,1,1,2014-10-08,0512,Aqua,MODIS,83,6.2,318.2,22.8,D,0
-13.5971,130.4102,360.5,1.2,1.1,2014-10-08,0512,Aqua,MODIS,100,6.2,305.8,94.6,D,0
-16.875,124.0866,357.9,1.5,1.2,2014-10-08,0512,Aqua,MODIS,98,6.2,315.7,96.7,D,0
-13.6647,130.2974,385.8,1.2,1.1,2014-10-08,0512,Aqua,MODIS,100,6.2,297.3,202.7,D,0
-17.0662,124.625,339.9,1.4,1.2,2014-10-08,0512,Aqua,MODIS,81,6.2,312.8,22.9,D,0
-17.0767,124.6263,348,1.4,1.2,2014-10-08,0512,Aqua,MODIS,90,6.2,315.5,46.1,D,0
-13.514,130.357,332.6,1.2,1.1,2014-10-08,0513,Aqua,MODIS,37,6.2,301.5,22.1,D,0
-13.0799,130.3108,338.4,1.2,1.1,2014-10-08,0513,Aqua,MODIS,80,6.2,305.8,27.6,D,0
-13.5413,130.1826,361.6,1.2,1.1,2014-10-08,0513,Aqua,MODIS,100,6.2,306.2,94.6,D,0
-13.044,130.2767,333.1,1.2,1.1,2014-10-08,0513,Aqua,MODIS,62,6.2,300.8,26.7,D,0
-13.0457,130.2657,332.8,1.2,1.1,2014-10-08,0513,Aqua,MODIS,54,6.2,301.9,23.9,D,0
-13.5389,130.1755,362.6,1.2,1.1,2014-10-08,0513,Aqua,MODIS,100,6.2,307.8,100.1,D,0
-13.0083,130.2483,339.5,1.2,1.1,2014-10-08,0513,Aqua,MODIS,81,6.2,303.4,37.7,D,0
-13.5091,130.372,328.7,1.2,1.1,2014-10-08,0513,Aqua,MODIS,13,6.2,299,17.1,D,0
-13.501,130.3594,345.1,1.2,1.1,2014-10-08,0513,Aqua,MODIS,77,6.2,302.5,51.8,D,0
-13.5108,130.361,326.9,1.2,1.1,2014-10-08,0513,Aqua,MODIS,38,6.2,300.3,14.2,D,0
-13.0631,130.3536,332.4,1.2,1.1,2014-10-08,0513,Aqua,MODIS,50,6.2,300.9,24.6,D,0
-13.0515,130.3631,333.1,1.2,1.1,2014-10-08,0513,Aqua,MODIS,61,6.2,299.7,28.6,D,0
-12.9985,130.2467,345.4,1.2,1.1,2014-10-08,0513,Aqua,MODIS,89,6.2,302,48,D,0
-13.0533,130.352,331,1.2,1.1,2014-10-08,0513,Aqua,MODIS,37,6.2,300.2,23.3,D,0
-13.0002,130.2357,368.4,1.2,1.1,2014-10-08,0513,Aqua,MODIS,100,6.2,305.6,123.3,D,0
-13.5447,130.1611,336.1,1.2,1.1,2014-10-08,0513,Aqua,MODIS,74,6.2,306.8,27.7,D,0
-13.5405,130.1647,331.4,1.2,1.1,2014-10-08,0513,Aqua,MODIS,57,6.2,306.9,20.2,D,0
-13.543,130.1719,369.2,1.2,1.1,2014-10-08,0513,Aqua,MODIS,100,6.2,309.3,123.1,D,0
-13.5464,130.1504,328.1,1.2,1.1,2014-10-08,0513,Aqua,MODIS,43,6.2,304.7,15.5,D,0
-12.5059,131.1019,347.3,1.4,1.2,2014-10-08,0513,Aqua,MODIS,91,6.2,307.9,59.6,D,0
-12.4935,131.1127,357.2,1.4,1.2,2014-10-08,0513,Aqua,MODIS,98,6.2,305.1,94.2,D,0
-12.4305,131.8536,331,1.6,1.2,2014-10-08,0513,Aqua,MODIS,56,6.2,306.4,24.5,D,0
-12.2245,131.0617,332.1,1.4,1.2,2014-10-08,0513,Aqua,MODIS,62,6.2,310.4,19.4,D,0
-12.4414,131.8554,325.6,1.6,1.2,2014-10-08,0513,Aqua,MODIS,30,6.2,304.3,12.8,D,0
-12.5039,131.1144,371.7,1.4,1.2,2014-10-08,0513,Aqua,MODIS,100,6.2,304.8,163.8,D,0
-12.4955,131.1002,356.1,1.4,1.2,2014-10-08,0513,Aqua,MODIS,97,6.2,308.4,90.1,D,0
-12.2225,131.0743,332.5,1.4,1.2,2014-10-08,0513,Aqua,MODIS,47,6.2,307.5,21,D,0
-12.3532,132.9779,332.9,1.9,1.3,2014-10-08,0513,Aqua,MODIS,69,6.2,311.7,26.3,D,0
-12.2444,132.936,344.5,1.9,1.3,2014-10-08,0513,Aqua,MODIS,89,6.2,309.8,77.9,D,0
-12.3465,132.9838,332.7,1.9,1.3,2014-10-08,0513,Aqua,MODIS,64,6.2,311.2,24.3,D,0
-12.3144,132.9888,334.5,1.9,1.3,2014-10-08,0513,Aqua,MODIS,51,6.2,310.9,29.5,D,0
-12.4577,132.9384,354.6,1.9,1.3,2014-10-08,0513,Aqua,MODIS,96,6.2,309.2,132.5,D,0
-12.4851,131.0984,333.6,1.4,1.2,2014-10-08,0513,Aqua,MODIS,75,6.2,307,21.5,D,0
-12.4681,132.9175,346.8,1.9,1.3,2014-10-08,0513,Aqua,MODIS,91,6.2,310.4,90.9,D,0
-11.6304,130.6804,341.9,1.3,1.1,2014-10-08,0513,Aqua,MODIS,87,6.2,311.7,43.1,D,0
-11.3833,131.1434,364,1.4,1.2,2014-10-08,0513,Aqua,MODIS,100,6.2,313.5,135.6,D,0
-12.2928,134.6786,333.1,2.5,1.5,2014-10-08,0513,Aqua,MODIS,76,6.2,303.8,72.6,D,0
-11.6323,130.6684,338.7,1.3,1.1,2014-10-08,0513,Aqua,MODIS,74,6.2,312.7,35.1,D,0
-11.6228,130.6725,327.9,1.3,1.1,2014-10-08,0513,Aqua,MODIS,55,6.2,310,15,D,0
-12.2888,134.7016,328.9,2.5,1.5,2014-10-08,0513,Aqua,MODIS,68,6.2,302.1,51.8,D,0
-11.3855,131.1979,369.3,1.5,1.2,2014-10-08,0513,Aqua,MODIS,100,6.2,314.8,166.7,D,0
-11.3812,131.1566,338.4,1.4,1.2,2014-10-08,0513,Aqua,MODIS,50,6.2,309.1,40.3,D,0
-11.6991,131.0937,326.8,1.4,1.2,2014-10-08,0513,Aqua,MODIS,57,6.2,311,14.4,D,0
-11.7011,131.0809,339.4,1.4,1.2,2014-10-08,0513,Aqua,MODIS,84,6.2,313.3,44.8,D,0
-11.6906,131.0792,363,1.4,1.2,2014-10-08,0513,Aqua,MODIS,100,6.2,313.3,131.1,D,0
-11.689,131.1583,329.6,1.4,1.2,2014-10-08,0513,Aqua,MODIS,56,6.2,311,16,D,0
-11.7309,130.8912,326.9,1.4,1.2,2014-10-08,0513,Aqua,MODIS,54,6.2,311.8,11.6,D,0
-11.3853,131.1305,351.2,1.4,1.2,2014-10-08,0513,Aqua,MODIS,85,6.2,309.8,79,D,0
-11.4127,131.0948,335.2,1.4,1.2,2014-10-08,0513,Aqua,MODIS,52,6.2,313.8,25.8,D,0
-11.4001,131.106,346.2,1.4,1.2,2014-10-08,0513,Aqua,MODIS,85,6.2,312,59.2,D,0
-11.4021,131.0932,340.6,1.4,1.2,2014-10-08,0513,Aqua,MODIS,73,6.2,310.4,42.8,D,0
-11.4042,131.0802,351.8,1.4,1.2,2014-10-08,0513,Aqua,MODIS,95,6.2,310.6,83.8,D,0
-12.0318,133.741,330.3,2.2,1.4,2014-10-08,0513,Aqua,MODIS,67,6.2,307.2,26.9,D,0
-12.0346,133.7287,332.7,2.2,1.4,2014-10-08,0513,Aqua,MODIS,71,6.2,308.4,36.8,D,0
-12.4606,132.9216,358.8,1.9,1.3,2014-10-08,0513,Aqua,MODIS,93,6.2,310.4,157.3,D,0
-12.4562,132.9155,340.7,1.9,1.3,2014-10-08,0513,Aqua,MODIS,79,6.2,306.4,68.2,D,0
-12.4535,132.9322,362.2,1.9,1.3,2014-10-08,0513,Aqua,MODIS,100,6.2,308.9,185,D,0
-12.4634,132.9048,338.9,1.8,1.3,2014-10-08,0513,Aqua,MODIS,61,6.2,300.8,54.5,D,0
-12.4753,132.9068,335.9,1.8,1.3,2014-10-08,0513,Aqua,MODIS,49,6.2,308,43.6,D,0
-11.3962,131.1996,335.9,1.5,1.2,2014-10-08,0513,Aqua,MODIS,39,6.2,313.8,28.5,D,0
-13.5255,130.3476,353.4,1.2,1.1,2014-10-08,0513,Aqua,MODIS,95,6.2,303.4,70.4,D,0
-13.5124,130.35,333.3,1.2,1.1,2014-10-08,0513,Aqua,MODIS,74,6.2,302.5,24.6,D,0
-13.5157,130.346,338.9,1.2,1.1,2014-10-08,0513,Aqua,MODIS,83,6.2,302.2,35,D,0
-13.5272,130.3366,326,1.2,1.1,2014-10-08,0513,Aqua,MODIS,32,6.2,302.5,10.3,D,0
-29.6542,115.0009,323.7,2.5,1.5,2014-10-08,0647,Aqua,MODIS,66,6.2,296.2,65.9,D,0
-29.6478,114.9916,322.2,2.5,1.5,2014-10-08,0647,Aqua,MODIS,38,6.2,297.2,54.6,D,0
-21.3704,116.3435,335.4,4.8,2,2014-10-08,0649,Aqua,MODIS,87,6.2,309.7,189.1,D,0
-21.3803,116.2987,328.6,4.8,2,2014-10-08,0649,Aqua,MODIS,82,6.2,311.2,101,D,0
-21.3721,116.3361,338.3,4.8,2,2014-10-08,0649,Aqua,MODIS,89,6.2,310.1,233.1,D,0
-21.3818,116.2912,326,4.8,2,2014-10-08,0649,Aqua,MODIS,79,6.2,311.1,71.9,D,0
-30.2942,148.914,321.9,1,1,2014-10-08,1255,Terra,MODIS,100,6.2,287.5,21.8,N,0
-30.1348,149.9798,300,1,1,2014-10-08,1255,Terra,MODIS,12,6.2,287.8,5.6,N,0
-29.711,148.3008,307.5,1,1,2014-10-08,1255,Terra,MODIS,71,6.2,287.5,10,N,0
-25.0377,148.4911,329.9,1,1,2014-10-08,1256,Terra,MODIS,100,6.2,295.6,29.9,N,0
-25.055,148.49,322.7,1,1,2014-10-08,1256,Terra,MODIS,70,6.2,294.6,17.4,N,0
-23.928,150.7831,301.4,1.3,1.1,2014-10-08,1256,Terra,MODIS,26,6.2,289.9,6.2,N,0
-23.9198,150.7685,302.7,1.3,1.1,2014-10-08,1256,Terra,MODIS,49,6.2,290,7.5,N,0
-24.5736,151.0194,301.4,1.3,1.2,2014-10-08,1256,Terra,MODIS,41,6.2,288.8,7.7,N,0
-25.2489,149.0248,311.2,1.1,1,2014-10-08,1256,Terra,MODIS,82,6.2,292,11.9,N,0
-25.0393,148.4809,304.4,1,1,2014-10-08,1256,Terra,MODIS,60,6.2,293.1,6.1,N,0
-26.2315,149.5938,333.4,1.1,1,2014-10-08,1256,Terra,MODIS,100,6.2,292.1,38.6,N,0
-26.2222,149.5919,309.2,1.1,1,2014-10-08,1256,Terra,MODIS,77,6.2,291.3,10.9,N,0
-26.6959,150.2788,306.1,1.2,1.1,2014-10-08,1256,Terra,MODIS,67,6.2,289.7,10,N,0
-25.7796,150.8069,302.4,1.3,1.1,2014-10-08,1256,Terra,MODIS,49,6.2,288.1,8,N,0
-25.0717,148.5037,322.8,1,1,2014-10-08,1256,Terra,MODIS,100,6.2,293.8,20.5,N,0
-25.061,148.5121,318,1,1,2014-10-08,1256,Terra,MODIS,96,6.2,293.7,15.6,N,0
-25.099,148.5089,304.2,1,1,2014-10-08,1256,Terra,MODIS,59,6.2,292.7,5.7,N,0
-25.0534,148.5002,319.8,1,1,2014-10-08,1256,Terra,MODIS,63,6.2,293.8,15.6,N,0
-25.128,149.7006,303.7,1.1,1.1,2014-10-08,1256,Terra,MODIS,46,6.2,291.9,6.5,N,0
-25.0519,148.5104,337.3,1,1,2014-10-08,1256,Terra,MODIS,100,6.2,295.2,39.5,N,0
-25.0362,148.5013,327.4,1,1,2014-10-08,1256,Terra,MODIS,100,6.2,295.1,26.3,N,0
-25.5976,150.9128,301.6,1.3,1.1,2014-10-08,1256,Terra,MODIS,33,6.2,291.3,5.4,N,0
-25.1298,149.6894,302.3,1.1,1.1,2014-10-08,1256,Terra,MODIS,41,6.2,292,5.5,N,0
-25.6098,150.9022,306.1,1.3,1.1,2014-10-08,1256,Terra,MODIS,67,6.2,291.1,9.6,N,0
-25.1531,147.8967,300,1,1,2014-10-08,1256,Terra,MODIS,9,6.2,289,4.4,N,0
-24.2117,149.5412,303.6,1.1,1.1,2014-10-08,1256,Terra,MODIS,56,6.2,292.8,5.2,N,0
-24.2135,149.53,315.3,1.1,1.1,2014-10-08,1256,Terra,MODIS,91,6.2,293.3,15.4,N,0
-24.2153,149.5188,304.8,1.1,1.1,2014-10-08,1256,Terra,MODIS,62,6.2,292.9,6.1,N,0
-25.0286,148.4894,319.7,1,1,2014-10-08,1256,Terra,MODIS,99,6.2,293.5,17.9,N,0
-25.0271,148.4996,317.7,1,1,2014-10-08,1256,Terra,MODIS,96,6.2,293,16,N,0
-24.4948,150.9405,306,1.3,1.1,2014-10-08,1256,Terra,MODIS,66,6.2,290,10.7,N,0
-25.0474,148.4781,343.2,1,1,2014-10-08,1256,Terra,MODIS,100,6.2,295.2,50.1,N,0
-23.96,150.7015,301.5,1.3,1.1,2014-10-08,1256,Terra,MODIS,35,6.2,289.5,6.1,N,0
-25.6076,150.9149,315.8,1.3,1.1,2014-10-08,1256,Terra,MODIS,92,6.2,291.8,19.6,N,0
-25.0656,148.4816,320.2,1,1,2014-10-08,1256,Terra,MODIS,100,6.2,294.3,17.6,N,0
-25.0625,148.502,311.7,1,1,2014-10-08,1256,Terra,MODIS,41,6.2,292.4,9.3,N,0
-25.0672,148.4713,308,1,1,2014-10-08,1256,Terra,MODIS,26,6.2,292.7,7.5,N,0
-25.0458,148.4883,355.7,1,1,2014-10-08,1256,Terra,MODIS,100,6.2,297.4,76.9,N,0
-25.0565,148.4798,345,1,1,2014-10-08,1256,Terra,MODIS,100,6.2,296,52.7,N,0
-25.0427,148.5087,341.7,1,1,2014-10-08,1256,Terra,MODIS,100,6.2,295.1,47.7,N,0
-25.0443,148.4985,348.8,1,1,2014-10-08,1256,Terra,MODIS,100,6.2,297.3,61.3,N,0
-21.0933,148.0773,323.8,1.1,1,2014-10-08,1257,Terra,MODIS,83,6.2,294.8,21.7,N,0
-21.1446,147.8038,310.2,1.1,1,2014-10-08,1257,Terra,MODIS,6,6.2,294.2,8,N,0
-23.6743,147.5687,322.9,1,1,2014-10-08,1257,Terra,MODIS,100,6.2,294.2,20.3,N,0
-23.6757,147.5588,317.4,1,1,2014-10-08,1257,Terra,MODIS,95,6.2,293.7,14.6,N,0
-21.1042,148.0686,332.9,1.1,1,2014-10-08,1257,Terra,MODIS,100,6.2,295.6,34.7,N,0
-23.2356,147.36,300.4,1,1,2014-10-08,1257,Terra,MODIS,19,6.2,284.9,6.2,N,0
-21.1026,148.0789,332,1.1,1,2014-10-08,1257,Terra,MODIS,94,6.2,296.2,31.4,N,0
-21.0872,148.0551,300.9,1.1,1,2014-10-08,1257,Terra,MODIS,35,6.2,290.6,4.3,N,0
-21.1615,147.8172,308.8,1.1,1,2014-10-08,1257,Terra,MODIS,75,6.2,294.4,8,N,0
-21.0918,148.0876,321.2,1.1,1,2014-10-08,1257,Terra,MODIS,17,6.2,294.1,18.6,N,0
-21.1062,147.8074,316.1,1.1,1,2014-10-08,1257,Terra,MODIS,93,6.2,294,13.7,N,0
-21.1354,147.8022,319.9,1.1,1,2014-10-08,1257,Terra,MODIS,99,6.2,295.1,17,N,0
-21.1262,147.8005,327.7,1.1,1,2014-10-08,1257,Terra,MODIS,100,6.2,294.6,25.8,N,0
-21.1078,147.7973,309.9,1.1,1,2014-10-08,1257,Terra,MODIS,67,6.2,293.4,8.5,N,0
-21.0856,148.0653,330.3,1.1,1,2014-10-08,1257,Terra,MODIS,100,6.2,294.4,32.1,N,0
-21.1135,148.0703,327,1.1,1,2014-10-08,1257,Terra,MODIS,100,6.2,294.7,26.6,N,0
-21.1212,148.0822,335.3,1.1,1,2014-10-08,1257,Terra,MODIS,100,6.2,295.1,39,N,0
-21.1305,148.0838,306.4,1.1,1,2014-10-08,1257,Terra,MODIS,48,6.2,292.1,7.5,N,0
-23.7429,147.2883,307.2,1,1,2014-10-08,1257,Terra,MODIS,71,6.2,293.7,7.1,N,0
-22.8846,149.0018,314.2,1.1,1.1,2014-10-08,1257,Terra,MODIS,52,6.2,293.9,13,N,0
-22.8752,149,309.8,1.1,1.1,2014-10-08,1257,Terra,MODIS,78,6.2,293,9.5,N,0
-22.7607,149.0176,358.2,1.1,1.1,2014-10-08,1257,Terra,MODIS,100,6.2,296.3,95.4,N,0
-22.7512,149.0157,341.8,1.1,1.1,2014-10-08,1257,Terra,MODIS,100,6.2,293.6,53.9,N,0
-22.8769,148.9891,305.9,1.1,1.1,2014-10-08,1257,Terra,MODIS,24,6.2,292.8,6.1,N,0
-21.0841,148.0757,328.1,1.1,1,2014-10-08,1257,Terra,MODIS,100,6.2,294.9,28.6,N,0
-23.5134,149.8712,307.5,1.2,1.1,2014-10-08,1257,Terra,MODIS,67,6.2,290.3,11.1,N,0
-21.0965,148.0568,313.6,1.1,1,2014-10-08,1257,Terra,MODIS,88,6.2,291.5,13,N,0
-21.0949,148.067,335.6,1.1,1,2014-10-08,1257,Terra,MODIS,100,6.2,295.9,39.5,N,0
-22.4444,148.6247,303.7,1.1,1,2014-10-08,1257,Terra,MODIS,56,6.2,292,6.6,N,0
-21.1119,148.0805,337.2,1.1,1,2014-10-08,1257,Terra,MODIS,100,6.2,296.4,40.5,N,0
-21.0764,148.0636,316.2,1.1,1,2014-10-08,1257,Terra,MODIS,93,6.2,291.6,15.6,N,0
-22.8768,149.1131,306.3,1.1,1.1,2014-10-08,1257,Terra,MODIS,68,6.2,293.1,8.2,N,0
-21.0748,148.0739,317.3,1.1,1,2014-10-08,1257,Terra,MODIS,93,6.2,292.1,16,N,0
-22.7702,149.0194,305.3,1.1,1.1,2014-10-08,1257,Terra,MODIS,30,6.2,292.5,5.9,N,0
-22.7589,149.0286,324.7,1.1,1.1,2014-10-08,1257,Terra,MODIS,100,6.2,293.5,24.7,N,0
-22.7494,149.0267,323.5,1.1,1.1,2014-10-08,1257,Terra,MODIS,100,6.2,293.5,23.9,N,0
-22.7463,149.0197,318.5,1.1,1.1,2014-10-08,1257,Terra,MODIS,97,6.2,292.2,19.6,N,0
-23.4541,150.3545,303.4,1.3,1.1,2014-10-08,1257,Terra,MODIS,55,6.2,290.3,7.9,N,0
-23.4544,150.3613,302.6,1.3,1.1,2014-10-08,1257,Terra,MODIS,42,6.2,289.9,7.3,N,0
-18.0879,145.9446,304.3,1,1,2014-10-08,1258,Terra,MODIS,59,6.2,290.7,6.8,N,0
-15.4878,143.5786,311.2,1.1,1,2014-10-08,1259,Terra,MODIS,50,6.2,294.6,8.6,N,0
-14.4813,133.8354,309.8,4.8,2,2014-10-08,1259,Terra,MODIS,27,6.2,295.5,52.1,N,0
-14.4327,142.2361,306.1,1.2,1.1,2014-10-08,1259,Terra,MODIS,67,6.2,295.1,6.9,N,0
-15.4286,143.6825,319.5,1,1,2014-10-08,1259,Terra,MODIS,81,6.2,294.8,15.6,N,0
-14.4269,142.2792,312.8,1.2,1.1,2014-10-08,1259,Terra,MODIS,86,6.2,295.1,12.2,N,0
-14.4361,142.2314,311,1.2,1.1,2014-10-08,1259,Terra,MODIS,81,6.2,295,10.8,N,0
-15.4181,143.6908,310.5,1,1,2014-10-08,1259,Terra,MODIS,29,6.2,294.3,8.3,N,0
-15.451,143.6427,322.1,1,1,2014-10-08,1259,Terra,MODIS,100,6.2,294.9,19.2,N,0
-14.4855,133.7915,311,4.8,2,2014-10-08,1259,Terra,MODIS,54,6.2,295.5,58.4,N,0
-14.4993,133.837,325.1,4.8,2,2014-10-08,1259,Terra,MODIS,100,6.2,295.1,187.6,N,0
-14.5088,133.9263,312.3,4.7,2,2014-10-08,1259,Terra,MODIS,57,6.2,295.4,79.4,N,0
-15.4261,143.6328,324,1,1,2014-10-08,1259,Terra,MODIS,100,6.2,295.2,20.2,N,0
-15.4497,143.6524,319.5,1,1,2014-10-08,1259,Terra,MODIS,70,6.2,294.6,15.8,N,0
-15.1632,144.9848,304.2,1,1,2014-10-08,1259,Terra,MODIS,22,6.2,292.3,5,N,0
-14.5045,133.9695,306.8,4.7,2,2014-10-08,1259,Terra,MODIS,30,6.2,294.2,47.9,N,0
-15.9666,144.5019,304.9,1,1,2014-10-08,1259,Terra,MODIS,62,6.2,293,5.5,N,0
-15.4418,143.6414,315.8,1,1,2014-10-08,1259,Terra,MODIS,32,6.2,294.7,11.8,N,0
-14.4172,142.2778,312.2,1.2,1.1,2014-10-08,1259,Terra,MODIS,84,6.2,295.2,11.7,N,0
-13.5852,142.1052,308.9,1.2,1.1,2014-10-08,1259,Terra,MODIS,20,6.2,294.9,7.8,N,0
-13.6253,142.0999,311,1.2,1.1,2014-10-08,1259,Terra,MODIS,82,6.2,294.7,10.8,N,0
-13.629,142.0959,312,1.2,1.1,2014-10-08,1259,Terra,MODIS,72,6.2,294.9,10.8,N,0
-13.6608,142.0784,315.5,1.2,1.1,2014-10-08,1259,Terra,MODIS,91,6.2,295.4,14.8,N,0
-13.6594,142.0892,311.8,1.2,1.1,2014-10-08,1259,Terra,MODIS,83,6.2,295.1,11.2,N,0
-13.5535,142.1224,318.1,1.2,1.1,2014-10-08,1259,Terra,MODIS,96,6.2,294.9,16.9,N,0
-13.5659,142.1025,311.2,1.2,1.1,2014-10-08,1259,Terra,MODIS,8,6.2,295,9.3,N,0
-15.6942,145.322,303.9,1,1,2014-10-08,1259,Terra,MODIS,52,6.2,292.5,5.3,N,0
-12.4276,142.799,304.6,1.1,1,2014-10-08,1300,Terra,MODIS,57,6.2,292,6.3,N,0
-12.4731,142.3301,308.2,1.1,1,2014-10-08,1300,Terra,MODIS,74,6.2,293.6,8.8,N,0
-12.4337,142.806,316.7,1.1,1,2014-10-08,1300,Terra,MODIS,94,6.2,292.2,15.3,N,0
-12.4351,142.7963,303.1,1.1,1,2014-10-08,1300,Terra,MODIS,17,6.2,291.9,5,N,0
-12.4187,142.658,303.5,1.1,1,2014-10-08,1300,Terra,MODIS,55,6.2,293.1,5.2,N,0
-12.4443,142.7976,304.7,1.1,1,2014-10-08,1300,Terra,MODIS,42,6.2,291.4,6.4,N,0
-12.4456,142.7879,311.7,1.1,1,2014-10-08,1300,Terra,MODIS,83,6.2,291.9,11.3,N,0
-12.4469,142.7781,324.1,1.1,1,2014-10-08,1300,Terra,MODIS,100,6.2,292.8,23.5,N,0
-12.4249,142.8184,302.9,1.1,1,2014-10-08,1300,Terra,MODIS,23,6.2,291.6,5.2,N,0
-12.4263,142.8087,312.7,1.1,1,2014-10-08,1300,Terra,MODIS,86,6.2,292.4,12.7,N,0
-12.4869,141.8663,321.3,1.2,1.1,2014-10-08,1300,Terra,MODIS,100,6.2,293.4,23,N,0
-12.4773,141.865,305.5,1.2,1.1,2014-10-08,1300,Terra,MODIS,64,6.2,292.8,7.4,N,0
-13.4504,142.1346,307.3,1.2,1.1,2014-10-08,1300,Terra,MODIS,32,6.2,293.5,7.4,N,0
-13.4546,142.1029,310.5,1.2,1.1,2014-10-08,1300,Terra,MODIS,80,6.2,294.2,10.4,N,0
-13.4353,142.1477,308.9,1.2,1.1,2014-10-08,1300,Terra,MODIS,73,6.2,293.9,9,N,0
-13.4367,142.1371,312.5,1.2,1.1,2014-10-08,1300,Terra,MODIS,85,6.2,294,12.1,N,0
-14.5011,133.8323,325.1,4.8,2,2014-10-08,1300,Terra,MODIS,100,6.2,295.2,181.2,N,0
-12.4536,142.7293,339.8,1.1,1,2014-10-08,1300,Terra,MODIS,100,6.2,293.4,46.6,N,0
-14.5055,133.9647,309.1,4.7,2,2014-10-08,1300,Terra,MODIS,30,6.2,294.3,60.1,N,0
-12.4509,142.7488,352.9,1.1,1,2014-10-08,1300,Terra,MODIS,100,6.2,295.4,75,N,0
-12.4722,142.6618,314.3,1.1,1,2014-10-08,1300,Terra,MODIS,89,6.2,292.9,13.7,N,0
-12.4483,142.7684,343.2,1.1,1,2014-10-08,1300,Terra,MODIS,100,6.2,294.6,53.8,N,0
-12.4896,142.462,304,1.1,1,2014-10-08,1300,Terra,MODIS,58,6.2,293.3,5.6,N,0
-12.4628,142.7306,307.4,1.1,1,2014-10-08,1300,Terra,MODIS,71,6.2,292.8,8.3,N,0
-12.4549,142.7195,350,1.1,1,2014-10-08,1300,Terra,MODIS,100,6.2,294,68,N,0
-13.0399,143.075,304.3,1.1,1,2014-10-08,1300,Terra,MODIS,58,6.2,292.3,5.6,N,0
-12.4496,142.7586,323.5,1.1,1,2014-10-08,1300,Terra,MODIS,100,6.2,293.6,23.1,N,0
-12.4708,142.6717,334.7,1.1,1,2014-10-08,1300,Terra,MODIS,100,6.2,294.5,38.7,N,0
-12.3923,142.2505,305.7,1.1,1.1,2014-10-08,1300,Terra,MODIS,65,6.2,293.2,7.4,N,0
-12.4887,142.1446,307.3,1.1,1.1,2014-10-08,1300,Terra,MODIS,71,6.2,293.2,8.1,N,0
-12.4576,142.6998,322.4,1.1,1,2014-10-08,1300,Terra,MODIS,100,6.2,292.8,21.6,N,0
-12.8174,142.0669,307.2,1.1,1.1,2014-10-08,1300,Terra,MODIS,23,6.2,293.8,6.2,N,0
-12.4562,142.7097,336.6,1.1,1,2014-10-08,1300,Terra,MODIS,100,6.2,293.6,40.9,N,0
-12.3122,142.6968,303,1.1,1,2014-10-08,1300,Terra,MODIS,26,6.2,292.4,5,N,0
-12.4682,142.6913,343.6,1.1,1,2014-10-08,1300,Terra,MODIS,100,6.2,295.3,54.7,N,0
-12.4695,142.6815,324.7,1.1,1,2014-10-08,1300,Terra,MODIS,100,6.2,293.9,24.7,N,0
-12.4668,142.7012,339.4,1.1,1,2014-10-08,1300,Terra,MODIS,100,6.2,295.1,46.4,N,0
-12.4655,142.711,318.6,1.1,1,2014-10-08,1300,Terra,MODIS,97,6.2,294.1,17.5,N,0
-12.6799,142.0885,306.9,1.1,1.1,2014-10-08,1300,Terra,MODIS,70,6.2,293.8,8.1,N,0
-12.4982,142.1459,305.5,1.1,1.1,2014-10-08,1300,Terra,MODIS,52,6.2,293.6,6.4,N,0
-12.816,142.0773,339.1,1.1,1.1,2014-10-08,1300,Terra,MODIS,100,6.2,296.2,48.2,N,0
-12.8091,142.1296,305.2,1.1,1.1,2014-10-08,1300,Terra,MODIS,38,6.2,294.3,5,N,0
-12.4522,142.7391,338.2,1.1,1,2014-10-08,1300,Terra,MODIS,100,6.2,293.8,43.7,N,0
-12.4642,142.7208,306,1.1,1,2014-10-08,1300,Terra,MODIS,67,6.2,293.4,7.4,N,0
-30.8645,121.4892,310,1.1,1.1,2014-10-08,1434,Terra,MODIS,79,6.2,290.4,12.8,N,2
-23.459,129.5862,305.6,2.4,1.5,2014-10-08,1435,Terra,MODIS,61,6.2,293.9,19.8,N,0
-21.4146,117.8739,324.5,1.3,1.2,2014-10-08,1436,Terra,MODIS,100,6.2,300.6,28,N,0
-21.0413,119.0761,308.4,1.1,1.1,2014-10-08,1436,Terra,MODIS,68,6.2,297.1,7.4,N,0
-21.0428,119.0651,337.1,1.2,1.1,2014-10-08,1436,Terra,MODIS,100,6.2,298.3,45,N,0
-21.0442,119.054,317,1.2,1.1,2014-10-08,1436,Terra,MODIS,93,6.2,296.4,15.5,N,0
-20.9475,119.1675,312.4,1.1,1.1,2014-10-08,1436,Terra,MODIS,83,6.2,297.9,11.1,N,0
-20.938,119.1661,326.1,1.1,1.1,2014-10-08,1436,Terra,MODIS,100,6.2,298.7,26.6,N,0
-20.9394,119.1552,327.8,1.1,1.1,2014-10-08,1436,Terra,MODIS,100,6.2,298.1,28.9,N,0
-21.183,117.6089,312.9,1.4,1.2,2014-10-08,1436,Terra,MODIS,84,6.2,300.4,11.2,N,0
-21.4131,117.8868,312.7,1.3,1.1,2014-10-08,1436,Terra,MODIS,83,6.2,300.4,10.7,N,0
-21.6261,117.8094,313.1,1.4,1.2,2014-10-08,1436,Terra,MODIS,85,6.2,298.2,13.3,N,0
-22.897,117.8672,311.6,1.4,1.2,2014-10-08,1436,Terra,MODIS,71,6.2,295.7,14,N,0
-22.8849,117.879,309.4,1.4,1.2,2014-10-08,1436,Terra,MODIS,77,6.2,295.5,11.5,N,0
-22.8864,117.8653,315.7,1.4,1.2,2014-10-08,1436,Terra,MODIS,92,6.2,295.1,20,N,0
-20.1111,127.5783,308.5,2,1.4,2014-10-08,1436,Terra,MODIS,75,6.2,297.2,15.8,N,0
-22.5118,122.531,316,1,1,2014-10-08,1436,Terra,MODIS,92,6.2,293.6,14.6,N,0
-20.1091,127.5722,310.8,2,1.4,2014-10-08,1436,Terra,MODIS,81,6.2,297.3,20.6,N,0
-17.3913,130.3133,305.8,3.6,1.8,2014-10-08,1437,Terra,MODIS,27,6.2,295.2,30.9,N,0
-17.5195,130.2087,306.1,3.5,1.8,2014-10-08,1437,Terra,MODIS,11,6.2,293.4,30.3,N,0
-17.5189,130.1809,315.9,3.5,1.8,2014-10-08,1437,Terra,MODIS,91,6.2,295.5,74.9,N,0
-17.5257,130.1756,319.4,3.5,1.8,2014-10-08,1437,Terra,MODIS,98,6.2,295.6,93.6,N,0
-16.7868,127.0721,310.2,2.1,1.4,2014-10-08,1437,Terra,MODIS,57,6.2,291.2,25.9,N,0
-16.7763,127.132,306.4,2.1,1.4,2014-10-08,1437,Terra,MODIS,42,6.2,293.5,20.4,N,0
-16.7899,127.0589,308.2,2.1,1.4,2014-10-08,1437,Terra,MODIS,28,6.2,295,20.7,N,0
-16.7863,127.0784,311.5,2.1,1.4,2014-10-08,1437,Terra,MODIS,49,6.2,290.8,27,N,0
-17.3754,130.31,308.9,3.6,1.8,2014-10-08,1437,Terra,MODIS,70,6.2,295.5,43.8,N,0
-17.3833,130.317,309.8,3.6,1.8,2014-10-08,1437,Terra,MODIS,53,6.2,295.5,44.2,N,0
-17.39,130.2834,306,3.6,1.8,2014-10-08,1437,Terra,MODIS,11,6.2,294.9,30,N,0
-17.528,130.2174,303.8,3.5,1.8,2014-10-08,1437,Terra,MODIS,40,6.2,293.5,25.1,N,0
-17.5345,130.1844,309.9,3.5,1.8,2014-10-08,1437,Terra,MODIS,74,6.2,294.8,48.8,N,0
-16.8157,127.2083,308.4,2.2,1.4,2014-10-08,1437,Terra,MODIS,55,6.2,295.8,20.5,N,0
-16.9032,123.125,309.7,1.2,1.1,2014-10-08,1437,Terra,MODIS,78,6.2,295.8,8.9,N,0
-17.3949,130.4258,311.6,3.7,1.8,2014-10-08,1437,Terra,MODIS,73,6.2,295.6,53.7,N,0
-17.3876,130.4189,307.1,3.7,1.8,2014-10-08,1437,Terra,MODIS,39,6.2,295.3,35.1,N,0
-17.4134,130.5016,307,3.7,1.8,2014-10-08,1437,Terra,MODIS,34,6.2,296.4,33.3,N,0
-12.4832,141.8727,308.7,1,1,2014-10-08,1602,Aqua,MODIS,75,6.2,291.9,8.9,N,0
-12.3211,142.6593,303.2,1,1,2014-10-08,1602,Aqua,MODIS,54,6.2,290.8,6.3,N,0
-12.4832,142.1275,311.1,1,1,2014-10-08,1602,Aqua,MODIS,82,6.2,292.1,10.1,N,0
-12.9612,143.3559,311.5,1.1,1.1,2014-10-08,1602,Aqua,MODIS,83,6.2,292.2,13,N,0
-12.4781,142.1567,305.7,1,1,2014-10-08,1602,Aqua,MODIS,48,6.2,292.6,6.3,N,0
-12.3198,142.6498,310.5,1,1,2014-10-08,1602,Aqua,MODIS,80,6.2,291.3,11.4,N,0
-12.8075,142.1377,302.7,1,1,2014-10-08,1602,Aqua,MODIS,50,6.2,292.4,4.4,N,0
-12.4845,142.1368,347.1,1,1,2014-10-08,1602,Aqua,MODIS,100,6.2,295.3,57.3,N,0
-12.4859,142.1461,308.2,1,1,2014-10-08,1602,Aqua,MODIS,74,6.2,293.7,7.9,N,0
-12.6811,142.0956,306,1,1,2014-10-08,1602,Aqua,MODIS,66,6.2,292.2,6.9,N,0
-12.4768,142.1474,311.8,1,1,2014-10-08,1602,Aqua,MODIS,83,6.2,292.7,10.6,N,0
-12.4487,142.7809,302.1,1.1,1,2014-10-08,1602,Aqua,MODIS,46,6.2,291.6,5,N,0
-12.6093,142.6182,304.5,1,1,2014-10-08,1602,Aqua,MODIS,49,6.2,292.2,5.8,N,0
-12.6079,142.6087,303.2,1,1,2014-10-08,1602,Aqua,MODIS,32,6.2,292.7,4.9,N,0
-12.5988,142.61,306.9,1,1,2014-10-08,1602,Aqua,MODIS,56,6.2,292.2,7.2,N,0
-12.3137,142.7384,301.7,1,1,2014-10-08,1602,Aqua,MODIS,15,6.2,291.2,4.8,N,0
-12.4681,142.3363,305.5,1,1,2014-10-08,1602,Aqua,MODIS,65,6.2,292.2,7.1,N,0
-14.3847,133.9839,306.6,2.3,1.5,2014-10-08,1603,Aqua,MODIS,12,6.2,296.4,17.5,N,0
-13.5498,130.4522,304.7,4.5,1.9,2014-10-08,1603,Aqua,MODIS,61,6.2,290.9,68.6,N,0
-13.5478,130.4575,304.5,4.5,1.9,2014-10-08,1603,Aqua,MODIS,60,6.2,291.6,68.1,N,0
-13.63,142.1046,312.2,1,1,2014-10-08,1603,Aqua,MODIS,84,6.2,293.1,10.2,N,0
-13.6209,142.1059,308,1,1,2014-10-08,1603,Aqua,MODIS,73,6.2,293,7.4,N,0
-13.5754,142.1125,313.3,1,1,2014-10-08,1603,Aqua,MODIS,55,6.2,294.1,10.6,N,0
-13.5663,142.1138,309.5,1,1,2014-10-08,1603,Aqua,MODIS,39,6.2,293.6,8,N,0
-13.4503,142.1338,302.7,1,1,2014-10-08,1603,Aqua,MODIS,6,6.2,292.5,4.1,N,0
-18.0366,131.934,303.9,2.8,1.6,2014-10-08,1604,Aqua,MODIS,57,6.2,291.3,28,N,0
-17.514,130.1834,304.6,3.9,1.8,2014-10-08,1604,Aqua,MODIS,61,6.2,294.4,39.9,N,0
-17.5282,130.2127,304.5,3.8,1.8,2014-10-08,1604,Aqua,MODIS,60,6.2,293,39.5,N,0
-17.3849,130.3307,305.8,3.8,1.8,2014-10-08,1604,Aqua,MODIS,66,6.2,294,43.4,N,0
-21.102,148.0887,309.5,3,1.7,2014-10-08,1605,Aqua,MODIS,46,6.2,290.3,46.6,N,0
-23.2303,147.3707,303.5,2.9,1.6,2014-10-08,1605,Aqua,MODIS,56,6.2,291.4,26.6,N,0
-20.7367,139.4772,305.8,1,1,2014-10-08,1605,Aqua,MODIS,66,6.2,294.9,6,N,2
-25.0326,148.5248,311.7,3.6,1.8,2014-10-08,1606,Aqua,MODIS,65,6.2,288.8,77.6,N,0
-25.0391,148.4953,312,3.6,1.8,2014-10-08,1606,Aqua,MODIS,44,6.2,288.9,75.5,N,0
-25.0487,148.5224,305.1,3.6,1.8,2014-10-08,1606,Aqua,MODIS,36,6.2,288.4,49.4,N,0
-25.023,148.4972,308,3.6,1.8,2014-10-08,1606,Aqua,MODIS,62,6.2,288.5,61.7,N,0
-25.0298,148.4885,306.9,3.6,1.8,2014-10-08,1606,Aqua,MODIS,33,6.2,287.8,54.5,N,0
-25.046,148.4864,304.4,3.6,1.8,2014-10-08,1606,Aqua,MODIS,35,6.2,287.9,45.3,N,0
-21.3534,116.3486,305.9,1.1,1,2014-10-08,1744,Aqua,MODIS,66,6.2,294,6.4,N,0
-21.3985,116.331,306.7,1.1,1,2014-10-08,1744,Aqua,MODIS,69,6.2,294.4,6.7,N,0
-21.4,116.3413,307,1.1,1,2014-10-08,1744,Aqua,MODIS,70,6.2,294.6,7,N,0
-21.0429,119.0756,314.6,1.5,1.2,2014-10-08,1744,Aqua,MODIS,90,6.2,296.4,20.7,N,0
-21.0411,119.0614,307,1.5,1.2,2014-10-08,1744,Aqua,MODIS,70,6.2,295.9,10.7,N,0
-20.9293,119.169,305.9,1.5,1.2,2014-10-08,1744,Aqua,MODIS,66,6.2,294.9,11,N,0
-21.1726,117.6133,324.8,1.2,1.1,2014-10-08,1744,Aqua,MODIS,100,6.2,300.3,25.4,N,0
-21.0104,119.08,311.1,1.5,1.2,2014-10-08,1744,Aqua,MODIS,82,6.2,296.1,16.2,N,0
-21.6255,117.8137,307.7,1.3,1.1,2014-10-08,1744,Aqua,MODIS,44,6.2,297.1,7.4,N,0
-22.9472,117.9125,308.5,1.3,1.1,2014-10-08,1744,Aqua,MODIS,75,6.2,293.8,11.8,N,0
-22.9023,117.8613,308.6,1.3,1.1,2014-10-08,1744,Aqua,MODIS,33,6.2,293.8,10.9,N,0
-22.8818,117.8645,305.5,1.3,1.1,2014-10-08,1744,Aqua,MODIS,19,6.2,292.5,8.4,N,0
-22.8936,117.8753,308.9,1.3,1.1,2014-10-08,1744,Aqua,MODIS,57,6.2,293.4,11.6,N,0
-22.8921,117.8629,316.3,1.3,1.1,2014-10-08,1744,Aqua,MODIS,93,6.2,293.1,20.2,N,0
-22.8834,117.8773,311.5,1.3,1.1,2014-10-08,1744,Aqua,MODIS,74,6.2,293.5,14.4,N,0
-26.1923,123.7393,300,3.7,1.8,2014-10-08,1745,Aqua,MODIS,12,6.2,287.5,34.7,N,0
-26.1951,123.7768,303,3.7,1.8,2014-10-08,1745,Aqua,MODIS,52,6.2,287.1,46.5,N,0
-26.2009,123.7685,308,3.7,1.8,2014-10-08,1745,Aqua,MODIS,73,6.2,287.2,67.2,N,0
-21.0766,148.0473,333.5,2.8,1.6,2014-10-08,2352,Terra,MODIS,72,6.2,302.3,93.2,D,0
-22.7707,149.0145,318.2,2.2,1.4,2014-10-08,2352,Terra,MODIS,45,6.2,302.4,17.3,D,0
-22.8374,148.9492,319.6,2.2,1.4,2014-10-08,2352,Terra,MODIS,63,6.2,303.9,17.7,D,0
-21.1125,148.061,337.6,2.8,1.6,2014-10-08,2352,Terra,MODIS,82,6.2,302.6,119.8,D,0
-21.0983,148.0642,329.2,2.8,1.6,2014-10-08,2352,Terra,MODIS,44,6.2,304.4,67.3,D,0
-22.8819,149.1136,316.5,2.1,1.4,2014-10-08,2352,Terra,MODIS,39,6.2,301.7,15.1,D,0
-22.8806,149.1069,320.1,2.1,1.4,2014-10-08,2352,Terra,MODIS,62,6.2,302,25.4,D,0
-21.1102,148.0675,343,2.8,1.6,2014-10-08,2352,Terra,MODIS,90,6.2,304.1,162.7,D,0
-21.0675,148.0765,331.1,2.8,1.6,2014-10-08,2352,Terra,MODIS,68,6.2,305.1,84.9,D,0
-21.1296,148.0911,331.5,2.8,1.6,2014-10-08,2352,Terra,MODIS,61,6.2,304.4,85.6,D,0
-21.0818,148.0737,347.7,2.8,1.6,2014-10-08,2352,Terra,MODIS,93,6.2,307,202,D,0
-21.096,148.0706,337.2,2.8,1.6,2014-10-08,2352,Terra,MODIS,86,6.2,305.6,120.6,D,0
-22.7747,149.0359,320.8,2.2,1.4,2014-10-08,2352,Terra,MODIS,65,6.2,303.3,23.7,D,0
-22.7729,149.0299,322.2,2.2,1.4,2014-10-08,2352,Terra,MODIS,64,6.2,303,26.3,D,0
-21.1179,148.088,328,2.8,1.6,2014-10-08,2352,Terra,MODIS,27,6.2,306.1,65.3,D,0
-21.1321,148.0848,330,2.8,1.6,2014-10-08,2352,Terra,MODIS,75,6.2,303.4,82.1,D,0
-23.2358,147.3592,323.3,2.8,1.6,2014-10-08,2353,Terra,MODIS,69,6.2,304.3,47.9,D,0
-25.048,148.4819,339.8,2.1,1.4,2014-10-08,2353,Terra,MODIS,89,6.2,303.8,93.6,D,0
-25.0353,148.4846,338.9,2.1,1.4,2014-10-08,2353,Terra,MODIS,88,6.2,302.6,93.6,D,0
-24.5736,151.0287,321.3,1.5,1.2,2014-10-08,2353,Terra,MODIS,70,6.2,300,20.1,D,0
-26.232,149.5966,323,1.7,1.3,2014-10-08,2353,Terra,MODIS,68,6.2,307.9,18.2,D,0
-25.0395,148.5058,337.3,2.1,1.4,2014-10-08,2353,Terra,MODIS,87,6.2,303.7,85.8,D,0
-25.0168,150.2182,324.5,1.6,1.3,2014-10-08,2353,Terra,MODIS,74,6.2,300.4,26.7,D,0
-26.7537,149.0963,325.1,1.8,1.3,2014-10-08,2353,Terra,MODIS,62,6.2,311.8,21,D,0
-27.0316,150.4292,325.4,1.4,1.2,2014-10-08,2353,Terra,MODIS,70,6.2,301.2,26.5,D,0
-27.0236,150.4243,324.2,1.4,1.2,2014-10-08,2353,Terra,MODIS,68,6.2,301.5,24.2,D,0
-25.0607,148.4789,342.3,2.1,1.4,2014-10-08,2353,Terra,MODIS,90,6.2,303.9,108.8,D,0
-24.3277,149.6904,323.8,1.8,1.3,2014-10-08,2353,Terra,MODIS,71,6.2,302.9,27.3,D,0
-24.1337,149.444,316.4,1.9,1.3,2014-10-08,2353,Terra,MODIS,49,6.2,302.1,14.4,D,0
-24.2183,149.5346,320.3,1.9,1.3,2014-10-08,2353,Terra,MODIS,66,6.2,304.1,22.7,D,0
-25.0268,148.5086,318.2,2.1,1.4,2014-10-08,2353,Terra,MODIS,51,6.2,301.5,20.1,D,0
-25.0521,148.5031,326.3,2.1,1.4,2014-10-08,2353,Terra,MODIS,24,6.2,303.7,38.3,D,0
-27.1054,148.0992,326.1,2,1.4,2014-10-08,2354,Terra,MODIS,72,6.2,309.6,32.2,D,0
-28.4057,149.6323,328.5,1.5,1.2,2014-10-08,2354,Terra,MODIS,75,6.2,307,28,D,0
-28.4028,149.6169,323.2,1.5,1.2,2014-10-08,2354,Terra,MODIS,64,6.2,305.9,16.9,D,0
-30.4293,151.3683,328.9,1.1,1.1,2014-10-08,2354,Terra,MODIS,82,6.2,302,24.5,D,0
-30.4336,151.3737,314.4,1.1,1.1,2014-10-08,2354,Terra,MODIS,36,6.2,301.7,7.1,D,0
-30.2849,151.53,340.9,1.1,1.1,2014-10-08,2354,Terra,MODIS,90,6.2,302.3,46.1,D,0
-31.8333,147.8131,317.1,1.7,1.3,2014-10-08,2355,Terra,MODIS,53,6.2,303.5,13.9,D,0
-31.833,147.8259,314.9,1.7,1.3,2014-10-08,2355,Terra,MODIS,44,6.2,303,10.6,D,0
-31.0197,147.6996,313.3,1.8,1.3,2014-10-08,2355,Terra,MODIS,27,6.2,302.8,6.9,D,0
-34.6409,142.8267,310.9,3,1.6,2014-10-08,2356,Terra,MODIS,42,6.2,300.6,24.9,D,0
-11.0693,142.3925,315.2,3.2,1.7,2014-10-09,0127,Terra,MODIS,31,6.2,294.1,37.8,D,0
-10.7754,142.4519,315.1,3.2,1.7,2014-10-09,0127,Terra,MODIS,48,6.2,294.7,52.6,D,0
-12.4179,136.5125,328.3,1.2,1.1,2014-10-09,0128,Terra,MODIS,63,6.2,308.8,15.3,D,0
-12.4848,131.1077,341.4,1.2,1.1,2014-10-09,0128,Terra,MODIS,85,6.2,311,29.3,D,0
-13.0887,135.7462,332.4,1.1,1.1,2014-10-09,0128,Terra,MODIS,58,6.2,308,17,D,0
-12.9498,135.0037,333.8,1.1,1,2014-10-09,0128,Terra,MODIS,59,6.2,310.6,14.3,D,0
-12.6459,136.6125,330.1,1.3,1.1,2014-10-09,0128,Terra,MODIS,54,6.2,308.3,19.4,D,0
-12.7819,141.7898,317.3,3,1.7,2014-10-09,0128,Terra,MODIS,0,6.2,300.6,26.5,D,0
-12.9485,134.994,338.4,1.1,1,2014-10-09,0128,Terra,MODIS,82,6.2,311.7,20,D,0
-12.4446,136.4796,326.6,1.2,1.1,2014-10-09,0128,Terra,MODIS,29,6.2,309.3,11.5,D,0
-13.5134,142.1239,320.8,3.3,1.7,2014-10-09,0128,Terra,MODIS,39,6.2,303.9,44.8,D,0
-13.575,142.1165,320.7,3.3,1.7,2014-10-09,0128,Terra,MODIS,57,6.2,301.3,40.4,D,0
-13.4984,142.1016,323.8,3.3,1.7,2014-10-09,0128,Terra,MODIS,59,6.2,303.6,61.5,D,0
-13.5019,142.1321,322.8,3.3,1.7,2014-10-09,0128,Terra,MODIS,54,6.2,302.5,55,D,0
-13.5712,142.1114,319.7,3.3,1.7,2014-10-09,0128,Terra,MODIS,33,6.2,301.5,35.2,D,0
-13.498,142.1257,325.4,3.3,1.7,2014-10-09,0128,Terra,MODIS,71,6.2,302.5,72.3,D,0
-11.8706,132.7326,333,1,1,2014-10-09,0128,Terra,MODIS,67,6.2,309.2,18.4,D,0
-12.4461,136.4908,336.3,1.2,1.1,2014-10-09,0128,Terra,MODIS,82,6.2,307.6,29,D,0
-13.4311,134.3256,344.8,1,1,2014-10-09,0128,Terra,MODIS,83,6.2,315.4,28.3,D,0
-13.0053,134.8806,346.6,1.1,1,2014-10-09,0128,Terra,MODIS,90,6.2,314,35.6,D,0
-13.5905,142.1151,319,3.3,1.7,2014-10-09,0128,Terra,MODIS,35,6.2,301.8,31.6,D,0
-11.5724,130.6541,346.6,1.3,1.1,2014-10-09,0128,Terra,MODIS,91,6.2,308.7,51.2,D,0
-11.5824,130.6525,345.1,1.3,1.1,2014-10-09,0128,Terra,MODIS,90,6.2,308,48.8,D,0
-11.6297,130.6921,336.8,1.3,1.1,2014-10-09,0128,Terra,MODIS,79,6.2,308.9,27.8,D,0
-13.0039,134.8709,332.5,1.1,1,2014-10-09,0128,Terra,MODIS,42,6.2,312.5,10.5,D,0
-11.5924,130.6509,339.4,1.3,1.1,2014-10-09,0128,Terra,MODIS,79,6.2,307,35.5,D,0
-11.6025,130.6494,338,1.3,1.1,2014-10-09,0128,Terra,MODIS,73,6.2,306.5,33.4,D,0
-11.3815,131.1275,338.2,1.2,1.1,2014-10-09,0128,Terra,MODIS,83,6.2,305.5,31,D,0
-11.3832,131.1384,331.2,1.2,1.1,2014-10-09,0128,Terra,MODIS,44,6.2,307.3,16.3,D,0
-13.5867,142.1099,318.7,3.3,1.7,2014-10-09,0128,Terra,MODIS,25,6.2,301.6,30.3,D,0
-11.6161,130.6707,349.3,1.3,1.1,2014-10-09,0128,Terra,MODIS,93,6.2,308.9,59.6,D,0
-11.6243,130.6577,338.2,1.3,1.1,2014-10-09,0128,Terra,MODIS,76,6.2,308.2,33.2,D,0
-11.6225,130.6462,338.4,1.3,1.1,2014-10-09,0128,Terra,MODIS,83,6.2,305.5,35.6,D,0
-11.6651,130.657,387.6,1.3,1.1,2014-10-09,0128,Terra,MODIS,100,6.2,311.3,237.8,D,0
-11.667,130.6685,360.2,1.3,1.1,2014-10-09,0128,Terra,MODIS,100,6.2,312.7,95.2,D,0
-11.6751,130.6553,339.4,1.3,1.1,2014-10-09,0128,Terra,MODIS,74,6.2,308.9,35.6,D,0
-11.6851,130.6537,342.1,1.3,1.1,2014-10-09,0128,Terra,MODIS,86,6.2,310.4,43,D,0
-12.6359,136.6139,332.2,1.3,1.1,2014-10-09,0128,Terra,MODIS,57,6.2,307.4,23,D,0
-12.8858,135.8468,336.6,1.1,1.1,2014-10-09,0128,Terra,MODIS,65,6.2,310.2,22.5,D,0
-12.8997,135.8492,331.1,1.1,1.1,2014-10-09,0128,Terra,MODIS,38,6.2,310.3,12.4,D,0
-12.8901,135.8505,336.2,1.1,1.1,2014-10-09,0128,Terra,MODIS,75,6.2,309,21,D,0
-12.9443,134.9648,333.6,1.1,1,2014-10-09,0128,Terra,MODIS,54,6.2,313.3,11.3,D,0
-13.6598,142.0953,319.8,3.3,1.7,2014-10-09,0128,Terra,MODIS,42,6.2,301.8,40.8,D,0
-12.6344,136.6025,333.3,1.3,1.1,2014-10-09,0128,Terra,MODIS,73,6.2,307.9,23.2,D,0
-11.5447,130.6059,325.4,1.3,1.1,2014-10-09,0128,Terra,MODIS,26,6.2,306.9,12.8,D,0
-11.5706,130.6426,341.9,1.3,1.1,2014-10-09,0128,Terra,MODIS,87,6.2,310.5,41.5,D,0
-11.5568,130.6211,330.1,1.3,1.1,2014-10-09,0128,Terra,MODIS,24,6.2,308.5,18.4,D,0
-11.5583,130.6275,331.7,1.3,1.1,2014-10-09,0128,Terra,MODIS,53,6.2,309,20,D,0
-12.6607,131.2668,333.7,1.1,1.1,2014-10-09,0128,Terra,MODIS,51,6.2,314,18.4,D,0
-12.8274,142.0656,336.6,3.2,1.7,2014-10-09,0128,Terra,MODIS,82,6.2,300.5,138.9,D,0
-12.6925,142.0644,323.2,3.2,1.7,2014-10-09,0128,Terra,MODIS,51,6.2,301.8,46.1,D,0
-12.6831,135.7813,341.5,1.1,1.1,2014-10-09,0128,Terra,MODIS,86,6.2,310.5,35.1,D,0
-12.7718,142.0844,322,3.2,1.7,2014-10-09,0128,Terra,MODIS,40,6.2,302.8,34.6,D,0
-12.4756,142.6924,313.9,3.5,1.8,2014-10-09,0128,Terra,MODIS,19,6.2,295.9,29.6,D,0
-12.5634,136.3105,332,1.2,1.1,2014-10-09,0128,Terra,MODIS,65,6.2,308.5,19.2,D,0
-14.4333,142.2752,323.5,3.5,1.8,2014-10-09,0128,Terra,MODIS,70,6.2,301.7,57.5,D,0
-12.4663,142.7001,316.5,3.5,1.8,2014-10-09,0128,Terra,MODIS,55,6.2,296.9,43.6,D,0
-12.8146,142.0725,338.7,3.2,1.7,2014-10-09,0128,Terra,MODIS,89,6.2,302.5,151.4,D,0
-12.478,135.9077,325.5,1.1,1.1,2014-10-09,0128,Terra,MODIS,35,6.2,308.8,8.3,D,0
-12.691,142.0408,323.8,3.1,1.7,2014-10-09,0128,Terra,MODIS,55,6.2,300.9,46.2,D,0
-12.8079,142.0144,340.6,3.1,1.7,2014-10-09,0128,Terra,MODIS,90,6.2,298.9,183.1,D,0
-12.2123,131.0713,336,1.2,1.1,2014-10-09,0128,Terra,MODIS,50,6.2,304.9,26.3,D,0
-12.8298,142.0707,330.8,3.2,1.7,2014-10-09,0128,Terra,MODIS,71,6.2,300.8,89.5,D,0
-12.6892,142.0353,321.2,3.1,1.7,2014-10-09,0128,Terra,MODIS,48,6.2,301.3,38.6,D,0
-12.8046,141.9859,325.5,3.1,1.7,2014-10-09,0128,Terra,MODIS,67,6.2,297.5,73.6,D,0
-12.4685,135.909,338.5,1.1,1.1,2014-10-09,0128,Terra,MODIS,83,6.2,308.5,30.5,D,0
-12.8113,142.0432,337.1,3.2,1.7,2014-10-09,0128,Terra,MODIS,88,6.2,300,145.6,D,0
-13.0746,130.3097,343.9,1.3,1.1,2014-10-09,0128,Terra,MODIS,87,6.2,309.8,44.8,D,0
-13.0754,130.3153,340.7,1.3,1.1,2014-10-09,0128,Terra,MODIS,83,6.2,307.3,34.3,D,0
-13.05,130.3492,335.9,1.3,1.1,2014-10-09,0128,Terra,MODIS,67,6.2,305,32.3,D,0
-13.3821,131.9489,337.8,1.1,1,2014-10-09,0128,Terra,MODIS,76,6.2,311.6,17.3,D,0
-12.3363,136.8089,323.3,1.3,1.1,2014-10-09,0128,Terra,MODIS,58,6.2,304.2,10.9,D,0
-12.3149,132.9939,340.6,1,1,2014-10-09,0128,Terra,MODIS,69,6.2,313.3,16.6,D,0
-13.5513,134.2637,333.6,1,1,2014-10-09,0128,Terra,MODIS,56,6.2,313.5,9.8,D,0
-13.3806,131.9392,334.9,1.1,1,2014-10-09,0128,Terra,MODIS,63,6.2,311.9,12.4,D,0
-13.4519,134.3417,339.5,1,1,2014-10-09,0128,Terra,MODIS,73,6.2,312.1,21.1,D,0
-13.3607,131.9324,331.3,1.1,1,2014-10-09,0128,Terra,MODIS,48,6.2,310.5,9.1,D,0
-13.4394,141.728,322.3,3,1.7,2014-10-09,0128,Terra,MODIS,36,6.2,305.8,39.9,D,0
-13.4506,134.3323,337.3,1,1,2014-10-09,0128,Terra,MODIS,61,6.2,314.2,16.2,D,0
-13.5355,134.2182,336.2,1,1,2014-10-09,0128,Terra,MODIS,76,6.2,313.5,15.2,D,0
-12.6045,142.6078,323.1,3.5,1.8,2014-10-09,0128,Terra,MODIS,62,6.2,300.7,52.5,D,0
-13.4885,134.1488,331.7,1,1,2014-10-09,0128,Terra,MODIS,63,6.2,312.9,9.7,D,0
-13.3699,131.931,333.9,1.1,1,2014-10-09,0128,Terra,MODIS,59,6.2,311.9,11.8,D,0
-13.4779,134.3284,340,1,1,2014-10-09,0128,Terra,MODIS,83,6.2,312.1,23.4,D,0
-11.913,132.834,330.8,1,1,2014-10-09,0128,Terra,MODIS,46,6.2,306.3,14.1,D,0
-14.1882,136.5711,322.8,1.3,1.1,2014-10-09,0128,Terra,MODIS,40,6.2,300.9,14.8,D,0
-13.867,132.5938,340.6,1,1,2014-10-09,0129,Terra,MODIS,80,6.2,312,24.9,D,0
-14.054,131.2759,338.8,1.1,1,2014-10-09,0129,Terra,MODIS,65,6.2,316.6,19.8,D,0
-14.1638,134.1106,339.4,1,1,2014-10-09,0129,Terra,MODIS,73,6.2,312,19,D,0
-14.1625,134.1012,341.6,1,1,2014-10-09,0129,Terra,MODIS,84,6.2,311.9,22,D,0
-14.1443,134.1039,332.4,1,1,2014-10-09,0129,Terra,MODIS,61,6.2,311.2,8.7,D,0
-14.1185,134.1172,331.6,1,1,2014-10-09,0129,Terra,MODIS,30,6.2,312.9,8.4,D,0
-14.226,134.2844,331.5,1,1,2014-10-09,0129,Terra,MODIS,57,6.2,312.8,7.5,D,0
-14.2246,134.275,343.5,1,1,2014-10-09,0129,Terra,MODIS,86,6.2,314.3,27.2,D,0
-13.8552,132.5766,335.2,1,1,2014-10-09,0129,Terra,MODIS,49,6.2,309.8,15.4,D,0
-13.8566,132.5859,341.1,1,1,2014-10-09,0129,Terra,MODIS,75,6.2,308.7,25.6,D,0
-13.8656,132.5845,335.9,1,1,2014-10-09,0129,Terra,MODIS,61,6.2,312.4,15.9,D,0
-14.1551,134.179,330.5,1,1,2014-10-09,0129,Terra,MODIS,38,6.2,313.3,8.8,D,0
-14.1797,134.1562,345.2,1,1,2014-10-09,0129,Terra,MODIS,88,6.2,312.1,33.6,D,0
-14.181,134.1656,336.6,1,1,2014-10-09,0129,Terra,MODIS,72,6.2,311.9,17.2,D,0
-13.8287,132.5235,337.5,1,1,2014-10-09,0129,Terra,MODIS,53,6.2,310.1,19.9,D,0
-13.8069,132.4409,335.7,1,1,2014-10-09,0129,Terra,MODIS,69,6.2,310.4,18,D,0
-13.8084,132.4502,335.3,1,1,2014-10-09,0129,Terra,MODIS,64,6.2,310.8,17.6,D,0
-13.8098,132.4596,334.2,1,1,2014-10-09,0129,Terra,MODIS,49,6.2,310.8,15.4,D,0
-14.2015,134.1147,341.1,1,1,2014-10-09,0129,Terra,MODIS,81,6.2,311.1,24.6,D,0
-14.2001,134.1053,365.9,1,1,2014-10-09,0129,Terra,MODIS,100,6.2,312.1,83.3,D,0
-14.1988,134.0959,333.6,1,1,2014-10-09,0129,Terra,MODIS,64,6.2,311.4,11.2,D,0
-14.1924,134.116,346.4,1,1,2014-10-09,0129,Terra,MODIS,88,6.2,311.4,33.9,D,0
-14.191,134.1066,337.7,1,1,2014-10-09,0129,Terra,MODIS,57,6.2,312.3,17,D,0
-15.4842,143.5773,313.9,4.5,2,2014-10-09,0129,Terra,MODIS,36,6.2,297.3,41.9,D,0
-14.4207,133.9776,339.3,1,1,2014-10-09,0129,Terra,MODIS,78,6.2,311.7,20.4,D,0
-14.4284,133.9669,333.2,1,1,2014-10-09,0129,Terra,MODIS,57,6.2,311.2,9.4,D,0
-14.5035,133.787,339.9,1,1,2014-10-09,0129,Terra,MODIS,81,6.2,310.2,25.8,D,0
-15.4355,143.6316,330.7,4.5,2,2014-10-09,0129,Terra,MODIS,83,6.2,296.3,180.9,D,0
-14.4895,133.8177,344.3,1,1,2014-10-09,0129,Terra,MODIS,86,6.2,314.2,25.7,D,0
-14.3935,133.9816,334.8,1,1,2014-10-09,0129,Terra,MODIS,43,6.2,312.8,12.2,D,0
-14.4802,133.3117,339.3,1,1,2014-10-09,0129,Terra,MODIS,74,6.2,315.9,17.6,D,0
-14.4624,133.8218,335.4,1,1,2014-10-09,0129,Terra,MODIS,57,6.2,313.6,13.7,D,0
-14.4762,133.9821,337.6,1,1,2014-10-09,0129,Terra,MODIS,72,6.2,312.4,17.1,D,0
-14.4972,133.8071,348.4,1,1,2014-10-09,0129,Terra,MODIS,89,6.2,313.6,36.5,D,0
-14.5188,133.9566,335.3,1,1,2014-10-09,0129,Terra,MODIS,62,6.2,313.3,11.7,D,0
-15.6266,136.5834,340.6,1.4,1.2,2014-10-09,0129,Terra,MODIS,59,6.2,310.6,38.5,D,0
-14.7377,133.3735,332.2,1,1,2014-10-09,0129,Terra,MODIS,54,6.2,316.5,10.7,D,0
-14.4909,133.8271,344.6,1,1,2014-10-09,0129,Terra,MODIS,87,6.2,313.5,26.4,D,0
-14.5175,133.9473,345.6,1,1,2014-10-09,0129,Terra,MODIS,88,6.2,315,28.7,D,0
-14.7571,133.3168,345.6,1,1,2014-10-09,0129,Terra,MODIS,87,6.2,313.9,32.5,D,0
-14.4945,133.7884,354.3,1,1,2014-10-09,0129,Terra,MODIS,96,6.2,314.1,53.3,D,0
-14.7557,133.3076,358.3,1,1,2014-10-09,0129,Terra,MODIS,98,6.2,314.9,61.2,D,0
-14.4868,133.7991,336.6,1,1,2014-10-09,0129,Terra,MODIS,42,6.2,314.3,16,D,0
-14.5049,133.7964,364,1,1,2014-10-09,0129,Terra,MODIS,100,6.2,312.6,80,D,0
-14.5062,133.8057,357.1,1,1,2014-10-09,0129,Terra,MODIS,98,6.2,311.5,59.8,D,0
-14.4855,133.7897,335.7,1,1,2014-10-09,0129,Terra,MODIS,42,6.2,312.7,15.9,D,0
-14.4688,133.8018,336.5,1,1,2014-10-09,0129,Terra,MODIS,63,6.2,312.8,16.2,D,0
-14.4816,133.3209,337,1,1,2014-10-09,0129,Terra,MODIS,61,6.2,315.7,15.2,D,0
-14.7481,133.3182,330.8,1,1,2014-10-09,0129,Terra,MODIS,39,6.2,315,8.1,D,0
-15.4354,143.6247,327,4.5,2,2014-10-09,0129,Terra,MODIS,77,6.2,296.1,139,D,0
-14.7472,133.375,340.1,1,1,2014-10-09,0129,Terra,MODIS,81,6.2,314.8,22,D,0
-14.7485,133.3842,336.7,1,1,2014-10-09,0129,Terra,MODIS,74,6.2,314.1,16.9,D,0
-14.4958,133.7977,346.3,1,1,2014-10-09,0129,Terra,MODIS,89,6.2,315.7,34.6,D,0
-15.4395,143.6679,327.6,4.6,2,2014-10-09,0129,Terra,MODIS,81,6.2,297.2,156,D,0
-15.6249,136.5707,332.6,1.4,1.2,2014-10-09,0129,Terra,MODIS,40,6.2,311.2,19.6,D,0
-14.4193,133.9682,335.1,1,1,2014-10-09,0129,Terra,MODIS,63,6.2,311.5,12.5,D,0
-15.4399,143.675,325.4,4.6,2,2014-10-09,0129,Terra,MODIS,78,6.2,297.3,134.6,D,0
-14.4985,133.8164,339.9,1,1,2014-10-09,0129,Terra,MODIS,71,6.2,312.2,20.6,D,0
-15.2206,143.4591,320.2,4.4,1.9,2014-10-09,0129,Terra,MODIS,37,6.2,300.2,43.8,D,0
-14.739,133.3828,334.8,1,1,2014-10-09,0129,Terra,MODIS,70,6.2,315.2,14.7,D,0
-16.7715,141.3042,331.1,3.1,1.7,2014-10-09,0129,Terra,MODIS,77,6.2,303.2,91.2,D,0
-16.7692,141.2988,328.1,3.1,1.7,2014-10-09,0129,Terra,MODIS,73,6.2,303,72.3,D,0
-15.0079,135.0848,335.6,1.1,1.1,2014-10-09,0129,Terra,MODIS,69,6.2,312.3,19.6,D,0
-15.0173,135.0834,343.6,1.1,1.1,2014-10-09,0129,Terra,MODIS,86,6.2,312.5,34,D,0
-13.5117,130.4175,354.9,1.2,1.1,2014-10-09,0129,Terra,MODIS,73,6.2,309,66.9,D,0
-16.019,127.929,332.8,1.6,1.3,2014-10-09,0129,Terra,MODIS,73,6.2,313.6,26.9,D,0
-13.5406,130.3431,337.2,1.2,1.1,2014-10-09,0129,Terra,MODIS,50,6.2,306.8,18.4,D,0
-13.5307,130.3447,356.9,1.2,1.1,2014-10-09,0129,Terra,MODIS,97,6.2,309.9,72.6,D,0
-13.5289,130.3334,362.9,1.2,1.1,2014-10-09,0129,Terra,MODIS,100,6.2,308,95.8,D,0
-13.5207,130.3464,341,1.2,1.1,2014-10-09,0129,Terra,MODIS,73,6.2,309.4,28.1,D,0
-13.5108,130.348,345.7,1.2,1.1,2014-10-09,0129,Terra,MODIS,83,6.2,309.8,41.2,D,0
-13.5529,130.4158,340.3,1.2,1.1,2014-10-09,0129,Terra,MODIS,82,6.2,306.2,29.3,D,0
-13.553,130.4223,344.1,1.2,1.1,2014-10-09,0129,Terra,MODIS,86,6.2,306.8,38.9,D,0
-13.5449,130.4352,342.3,1.2,1.1,2014-10-09,0129,Terra,MODIS,75,6.2,308.5,34.9,D,0
-13.5431,130.4239,349,1.2,1.1,2014-10-09,0129,Terra,MODIS,91,6.2,307.3,50.3,D,0
-13.5368,130.448,336.5,1.2,1.1,2014-10-09,0129,Terra,MODIS,42,6.2,310,27.4,D,0
-16.0243,127.9592,328.7,1.6,1.3,2014-10-09,0129,Terra,MODIS,35,6.2,312.2,15.2,D,0
-16.6573,128.2247,345.9,1.5,1.2,2014-10-09,0129,Terra,MODIS,89,6.2,314.1,63.9,D,0
-13.5099,130.4062,336.6,1.2,1.1,2014-10-09,0129,Terra,MODIS,32,6.2,309.5,15.4,D,0
-13.8055,132.4315,335.7,1,1,2014-10-09,0129,Terra,MODIS,67,6.2,311.9,17.8,D,0
-16.6548,128.2102,334.6,1.5,1.2,2014-10-09,0129,Terra,MODIS,75,6.2,316.6,28.2,D,0
-13.532,130.1609,328.9,1.3,1.1,2014-10-09,0129,Terra,MODIS,31,6.2,308,17.1,D,0
-17.5124,130.1242,364.8,1.1,1.1,2014-10-09,0130,Terra,MODIS,100,6.2,319.5,96.3,D,0
-17.4085,130.2347,356.1,1.1,1.1,2014-10-09,0130,Terra,MODIS,97,6.2,317.9,65.5,D,0
-17.6037,127.3513,353.5,1.7,1.3,2014-10-09,0130,Terra,MODIS,95,6.2,315,109.3,D,0
-17.5186,130.1013,381.9,1.1,1.1,2014-10-09,0130,Terra,MODIS,100,6.2,313.9,175.1,D,0
-16.8151,127.2698,332,1.8,1.3,2014-10-09,0130,Terra,MODIS,59,6.2,314.2,26,D,0
-17.5203,130.112,361.2,1.1,1.1,2014-10-09,0130,Terra,MODIS,100,6.2,312.8,85.1,D,0
-16.818,127.2861,331.4,1.7,1.3,2014-10-09,0130,Terra,MODIS,22,6.2,313.4,23.3,D,0
-17.6064,127.3669,363.2,1.7,1.3,2014-10-09,0130,Terra,MODIS,100,6.2,316.4,161,D,0
-17.615,127.3491,331.2,1.7,1.3,2014-10-09,0130,Terra,MODIS,68,6.2,310.4,26.7,D,0
-17.5063,130.147,356.4,1.1,1.1,2014-10-09,0130,Terra,MODIS,97,6.2,321.8,63.9,D,0
-17.5046,130.1364,380,1.1,1.1,2014-10-09,0130,Terra,MODIS,100,6.2,323.2,159.9,D,0
-17.5432,130.1951,345.4,1.1,1.1,2014-10-09,0130,Terra,MODIS,70,6.2,319,27.1,D,0
-17.4524,130.3882,333.5,1.1,1.1,2014-10-09,0130,Terra,MODIS,51,6.2,318.1,11.9,D,0
-17.454,130.3985,354,1.1,1.1,2014-10-09,0130,Terra,MODIS,95,6.2,320.1,56.3,D,0
-17.5572,130.1602,368.7,1.1,1.1,2014-10-09,0130,Terra,MODIS,100,6.2,317.2,109.2,D,0
-17.5315,130.121,378.6,1.1,1.1,2014-10-09,0130,Terra,MODIS,100,6.2,322,150.4,D,0
-17.5035,130.191,343.9,1.1,1.1,2014-10-09,0130,Terra,MODIS,66,6.2,318.4,31.6,D,0
-17.3817,130.2782,344,1.1,1.1,2014-10-09,0130,Terra,MODIS,72,6.2,314.3,29,D,0
-17.0267,124.673,336.8,2.7,1.6,2014-10-09,0130,Terra,MODIS,80,6.2,309.3,86.5,D,0
-17.508,130.1576,348,1.1,1.1,2014-10-09,0130,Terra,MODIS,67,6.2,320.7,38.7,D,0
-16.8004,127.0497,336.9,1.8,1.3,2014-10-09,0130,Terra,MODIS,80,6.2,312.2,45,D,0
-17.5012,130.1152,356.2,1.1,1.1,2014-10-09,0130,Terra,MODIS,97,6.2,317.5,68.7,D,0
-17.5029,130.1258,363.5,1.1,1.1,2014-10-09,0130,Terra,MODIS,100,6.2,318.2,90.9,D,0
-17.509,130.1029,400.1,1.1,1.1,2014-10-09,0130,Terra,MODIS,100,6.2,321.6,286.3,D,0
-17.5107,130.1136,450.2,1.1,1.1,2014-10-09,0130,Terra,MODIS,100,6.2,335.6,841.4,D,0
-17.3941,130.2328,343.6,1.1,1.1,2014-10-09,0130,Terra,MODIS,25,6.2,318.2,34.8,D,0
-17.3924,130.2223,357.3,1.1,1.1,2014-10-09,0130,Terra,MODIS,98,6.2,317.4,74.4,D,0
-17.3739,130.2903,363.2,1.1,1.1,2014-10-09,0130,Terra,MODIS,100,6.2,321.5,84.4,D,0
-17.3907,130.2118,328.5,1.1,1.1,2014-10-09,0130,Terra,MODIS,45,6.2,312.3,14.5,D,0
-17.4537,130.5779,340.4,1.1,1,2014-10-09,0130,Terra,MODIS,41,6.2,321.2,21.7,D,0
-17.452,130.5677,351.9,1.1,1,2014-10-09,0130,Terra,MODIS,94,6.2,322.6,46.7,D,0
-17.4504,130.5575,348.8,1.1,1,2014-10-09,0130,Terra,MODIS,91,6.2,320.5,40.3,D,0
-17.022,124.648,327.4,2.7,1.6,2014-10-09,0130,Terra,MODIS,40,6.2,309.3,29.1,D,0
-17.4475,130.575,341.2,1.1,1,2014-10-09,0130,Terra,MODIS,48,6.2,320.3,24.1,D,0
-17.3755,130.3007,338.7,1.1,1.1,2014-10-09,0130,Terra,MODIS,45,6.2,318.4,20.5,D,0
-17.3821,130.3425,333.2,1.1,1.1,2014-10-09,0130,Terra,MODIS,69,6.2,315.6,13.1,D,0
-17.38,130.2677,353,1.1,1.1,2014-10-09,0130,Terra,MODIS,95,6.2,313.2,53.3,D,0
-17.5141,130.1348,362.3,1.1,1.1,2014-10-09,0130,Terra,MODIS,100,6.2,323,84.2,D,0
-17.3834,130.2887,346.9,1.1,1.1,2014-10-09,0130,Terra,MODIS,89,6.2,317.8,36.6,D,0
-17.3879,130.2556,353.6,1.1,1.1,2014-10-09,0130,Terra,MODIS,91,6.2,315.9,53.9,D,0
-17.4102,130.2453,349.8,1.1,1.1,2014-10-09,0130,Terra,MODIS,82,6.2,318,46.4,D,0
-17.4118,130.2557,372.7,1.1,1.1,2014-10-09,0130,Terra,MODIS,100,6.2,319.1,122.7,D,0
-17.4135,130.2662,367,1.1,1.1,2014-10-09,0130,Terra,MODIS,100,6.2,321.8,99.6,D,0
-17.4152,130.2767,344,1.1,1.1,2014-10-09,0130,Terra,MODIS,58,6.2,318.8,32,D,0
-17.4186,130.2977,338.5,1.1,1.1,2014-10-09,0130,Terra,MODIS,64,6.2,318.9,22.4,D,0
-17.4202,130.3082,353.3,1.1,1.1,2014-10-09,0130,Terra,MODIS,95,6.2,319.7,55.4,D,0
-17.4219,130.3186,351.5,1.1,1.1,2014-10-09,0130,Terra,MODIS,93,6.2,319.4,50.6,D,0
-17.5376,130.098,409,1.1,1.1,2014-10-09,0130,Terra,MODIS,100,6.2,322.5,355,D,0
-17.4459,130.5648,342.8,1.1,1,2014-10-09,0130,Terra,MODIS,73,6.2,321,27.9,D,0
-17.4443,130.5546,346.2,1.1,1,2014-10-09,0130,Terra,MODIS,89,6.2,319.1,36.4,D,0
-17.4427,130.5443,333.2,1.1,1,2014-10-09,0130,Terra,MODIS,56,6.2,317.5,11.9,D,0
-18.5573,130.3162,331,1.1,1,2014-10-09,0130,Terra,MODIS,60,6.2,316.5,10.9,D,0
-16.7974,127.0327,345,1.8,1.3,2014-10-09,0130,Terra,MODIS,89,6.2,311.7,80.2,D,0
-16.783,127.0598,332.8,1.8,1.3,2014-10-09,0130,Terra,MODIS,72,6.2,311.8,32.8,D,0
-16.8092,127.0305,371.7,1.8,1.3,2014-10-09,0130,Terra,MODIS,100,6.2,313.3,249.5,D,0
-17.4756,130.5951,341.4,1.1,1,2014-10-09,0130,Terra,MODIS,56,6.2,318.2,23.8,D,0
-17.5298,130.1104,387,1.1,1.1,2014-10-09,0130,Terra,MODIS,100,6.2,324.9,199,D,0
-16.7886,127.0521,335,1.8,1.3,2014-10-09,0130,Terra,MODIS,77,6.2,310.7,40.6,D,0
-17.6007,130.2219,333.9,1.1,1.1,2014-10-09,0130,Terra,MODIS,62,6.2,318.8,14.1,D,0
-17.5668,130.1585,359.3,1.1,1.1,2014-10-09,0130,Terra,MODIS,99,6.2,315.8,76.4,D,0
-19.6047,126.8439,339.7,1.7,1.3,2014-10-09,0130,Terra,MODIS,82,6.2,315.7,41.1,D,0
-17.5923,127.3534,337.3,1.7,1.3,2014-10-09,0130,Terra,MODIS,79,6.2,313.1,42.2,D,0
-19.6047,126.8535,378.6,1.7,1.3,2014-10-09,0130,Terra,MODIS,100,6.2,317.1,263.1,D,0
-17.4984,130.1592,338.2,1.1,1.1,2014-10-09,0130,Terra,MODIS,76,6.2,317.2,23.4,D,0
-17.5393,130.1087,392.9,1.1,1.1,2014-10-09,0130,Terra,MODIS,100,6.2,326.3,233.5,D,0
-17.5175,130.1561,389.6,1.1,1.1,2014-10-09,0130,Terra,MODIS,100,6.2,326.3,200.3,D,0
-17.5192,130.1666,350.4,1.1,1.1,2014-10-09,0130,Terra,MODIS,93,6.2,320.9,38.8,D,0
-17.5416,130.1845,353.3,1.1,1.1,2014-10-09,0130,Terra,MODIS,95,6.2,321.5,46.9,D,0
-17.5236,130.1333,385.2,1.1,1.1,2014-10-09,0130,Terra,MODIS,100,6.2,318.2,183.9,D,0
-17.4068,130.2242,352.6,1.1,1.1,2014-10-09,0130,Terra,MODIS,94,6.2,315.2,57.7,D,0
-20.1142,127.5801,332.3,1.5,1.2,2014-10-09,0130,Terra,MODIS,65,6.2,316.7,17,D,0
-17.5253,130.1439,405.1,1.1,1.1,2014-10-09,0130,Terra,MODIS,100,6.2,324.2,312.6,D,0
-17.527,130.1545,381.6,1.1,1.1,2014-10-09,0130,Terra,MODIS,100,6.2,323.9,161,D,0
-17.3973,130.2258,344.6,1.1,1.1,2014-10-09,0130,Terra,MODIS,77,6.2,318.3,38.3,D,0
-17.5494,130.1724,385,1.1,1.1,2014-10-09,0130,Terra,MODIS,100,6.2,317.9,175.7,D,0
-17.5527,130.1934,350.2,1.1,1.1,2014-10-09,0130,Terra,MODIS,90,6.2,317.8,41.6,D,0
-17.5544,130.204,341.9,1.1,1.1,2014-10-09,0130,Terra,MODIS,32,6.2,319.5,22.2,D,0
-17.5589,130.1707,390.6,1.1,1.1,2014-10-09,0130,Terra,MODIS,100,6.2,322.4,215.5,D,0
-17.5387,130.2282,344.3,1.1,1.1,2014-10-09,0130,Terra,MODIS,53,6.2,319.9,28.1,D,0
-17.5606,130.1813,378.4,1.1,1.1,2014-10-09,0130,Terra,MODIS,100,6.2,322,150,D,0
-17.5332,130.1317,374.4,1.1,1.1,2014-10-09,0130,Terra,MODIS,100,6.2,324.5,131.5,D,0
-17.5349,130.1423,350.2,1.1,1.1,2014-10-09,0130,Terra,MODIS,80,6.2,321.9,45.2,D,0
-17.5365,130.1529,343.7,1.1,1.1,2014-10-09,0130,Terra,MODIS,18,6.2,321.5,26.6,D,0
-17.5399,130.174,357.8,1.1,1.1,2014-10-09,0130,Terra,MODIS,98,6.2,323.3,59,D,0
-17.5684,130.1691,373.4,1.1,1.1,2014-10-09,0130,Terra,MODIS,100,6.2,317.6,128.9,D,0
-17.595,127.369,353.4,1.7,1.3,2014-10-09,0130,Terra,MODIS,95,6.2,314.1,106.6,D,0
-17.4411,130.5341,336.1,1.1,1,2014-10-09,0130,Terra,MODIS,68,6.2,318.6,15.9,D,0
-17.4618,130.3865,341,1.1,1.1,2014-10-09,0130,Terra,MODIS,83,6.2,319.1,25.9,D,0
-17.4635,130.3969,342.8,1.1,1.1,2014-10-09,0130,Terra,MODIS,85,6.2,318.6,29.4,D,0
-17.5477,130.1618,393.5,1.1,1.1,2014-10-09,0130,Terra,MODIS,100,6.2,320,227.9,D,0
-17.5461,130.1512,363.6,1.1,1.1,2014-10-09,0130,Terra,MODIS,100,6.2,317.4,86.6,D,0
-17.541,130.1194,339.9,1.1,1.1,2014-10-09,0130,Terra,MODIS,82,6.2,318.6,25.7,D,0
-17.5281,130.0997,414.9,1.1,1.1,2014-10-09,0130,Terra,MODIS,100,6.2,325.1,409.1,D,0
-17.566,130.2775,335.5,1.1,1.1,2014-10-09,0130,Terra,MODIS,48,6.2,319.4,15.3,D,0
-17.3644,130.2919,334.9,1.1,1.1,2014-10-09,0130,Terra,MODIS,71,6.2,318.9,17.2,D,0
-17.3706,130.2693,345.6,1.1,1.1,2014-10-09,0130,Terra,MODIS,86,6.2,318.3,37.3,D,0
-17.5158,130.1454,362.3,1.1,1.1,2014-10-09,0130,Terra,MODIS,100,6.2,324.2,82,D,0
-17.6178,127.3649,328.5,1.7,1.3,2014-10-09,0130,Terra,MODIS,56,6.2,313.2,17.9,D,0
-16.8123,127.0477,332.3,1.8,1.3,2014-10-09,0130,Terra,MODIS,73,6.2,312.2,30.6,D,0
-17.3722,130.2798,376.7,1.1,1.1,2014-10-09,0130,Terra,MODIS,100,6.2,322.8,137.7,D,0
-17.3956,130.2153,341.5,1.1,1.1,2014-10-09,0130,Terra,MODIS,70,6.2,314.9,32.6,D,0
-19.562,126.8686,337.9,1.7,1.3,2014-10-09,0130,Terra,MODIS,64,6.2,317,32.6,D,0
-19.596,126.862,366.3,1.7,1.3,2014-10-09,0130,Terra,MODIS,100,6.2,317.2,169.4,D,0
-19.5934,126.8557,337.1,1.7,1.3,2014-10-09,0130,Terra,MODIS,72,6.2,315,32.7,D,0
-19.5962,126.8714,334.4,1.7,1.3,2014-10-09,0130,Terra,MODIS,45,6.2,315.6,23.4,D,0
-19.6074,126.8598,367,1.7,1.3,2014-10-09,0130,Terra,MODIS,100,6.2,316.3,175.1,D,0
-19.6075,126.8692,349.2,1.7,1.3,2014-10-09,0130,Terra,MODIS,92,6.2,315.8,78.4,D,0
-20.7671,133.5021,333.8,1.1,1,2014-10-09,0130,Terra,MODIS,71,6.2,319.2,14.2,D,0
-17.5072,132.804,339.5,1,1,2014-10-09,0130,Terra,MODIS,49,6.2,320,19,D,0
-18.2701,131.8621,336.7,1,1,2014-10-09,0130,Terra,MODIS,27,6.2,317.4,14.7,D,0
-18.3855,131.7729,400.6,1,1,2014-10-09,0130,Terra,MODIS,100,6.2,327.7,235.5,D,0
-19.1125,133.2217,339.9,1,1,2014-10-09,0130,Terra,MODIS,62,6.2,321.1,18.8,D,0
-17.6163,132.6691,338.5,1,1,2014-10-09,0130,Terra,MODIS,80,6.2,317.4,22.2,D,0
-17.5334,132.7939,330.3,1,1,2014-10-09,0130,Terra,MODIS,26,6.2,317.2,8.7,D,0
-17.9913,131.9065,337.1,1,1,2014-10-09,0130,Terra,MODIS,75,6.2,320.7,16.1,D,0
-17.9927,131.9159,337.7,1,1,2014-10-09,0130,Terra,MODIS,76,6.2,318.3,17.3,D,0
-18.0394,131.9212,337.5,1,1,2014-10-09,0130,Terra,MODIS,43,6.2,319.7,15.1,D,0
-18.1991,131.8799,337.2,1,1,2014-10-09,0130,Terra,MODIS,55,6.2,320.7,14.8,D,0
-18.3841,131.7634,395.6,1,1,2014-10-09,0130,Terra,MODIS,100,6.2,325.2,207,D,0
-18.1901,131.8814,343.3,1,1,2014-10-09,0130,Terra,MODIS,84,6.2,318.4,25.6,D,0
-17.9823,131.908,346.1,1,1,2014-10-09,0130,Terra,MODIS,88,6.2,319.1,30.9,D,0
-18.2776,131.8512,344.6,1,1,2014-10-09,0130,Terra,MODIS,75,6.2,318.6,27.3,D,0
-17.6292,131.8253,336.5,1,1,2014-10-09,0130,Terra,MODIS,54,6.2,320.7,13.2,D,0
-18.1887,131.8719,334.3,1,1,2014-10-09,0130,Terra,MODIS,35,6.2,319.1,10.8,D,0
-18.2686,131.8527,336.3,1,1,2014-10-09,0130,Terra,MODIS,32,6.2,320,12.7,D,0
-18.3869,131.7824,342.8,1,1,2014-10-09,0130,Terra,MODIS,85,6.2,319.5,25.6,D,0
-16.7883,127.1621,338,1.8,1.3,2014-10-09,0130,Terra,MODIS,81,6.2,314,47.7,D,0
-17.4065,130.4978,339,1.1,1,2014-10-09,0130,Terra,MODIS,66,6.2,319.5,21.6,D,0
-17.3887,130.3841,335.4,1.1,1.1,2014-10-09,0130,Terra,MODIS,69,6.2,317.1,14.7,D,0
-16.8113,127.2265,335.2,1.8,1.3,2014-10-09,0130,Terra,MODIS,74,6.2,312.8,38.2,D,0
-16.783,127.1571,333.3,1.8,1.3,2014-10-09,0130,Terra,MODIS,65,6.2,313.7,28.3,D,0
-16.7859,127.1732,331.5,1.8,1.3,2014-10-09,0130,Terra,MODIS,41,6.2,312.4,23.8,D,0
-16.8141,127.2429,336.1,1.8,1.3,2014-10-09,0130,Terra,MODIS,46,6.2,313,36.8,D,0
-16.8169,127.2591,340.2,1.8,1.3,2014-10-09,0130,Terra,MODIS,73,6.2,313.9,51.9,D,0
-16.8065,127.2212,330.6,1.8,1.3,2014-10-09,0130,Terra,MODIS,61,6.2,312.3,24.7,D,0
-16.8094,127.2377,334.5,1.8,1.3,2014-10-09,0130,Terra,MODIS,75,6.2,312.8,34.5,D,0
-16.8123,127.2538,336.8,1.8,1.3,2014-10-09,0130,Terra,MODIS,76,6.2,313.1,40.8,D,0
-17.387,130.3737,335.4,1.1,1.1,2014-10-09,0130,Terra,MODIS,74,6.2,316.3,15.4,D,0
-17.3854,130.3634,344.1,1.1,1.1,2014-10-09,0130,Terra,MODIS,87,6.2,315.6,32,D,0
-17.3838,130.353,339,1.1,1.1,2014-10-09,0130,Terra,MODIS,80,6.2,316.2,22.7,D,0
-17.3858,130.4272,340.8,1.1,1,2014-10-09,0130,Terra,MODIS,30,6.2,319.1,23.1,D,0
-17.3842,130.4169,341.7,1.1,1.1,2014-10-09,0130,Terra,MODIS,62,6.2,319.7,26,D,0
-17.3825,130.4065,338.7,1.1,1.1,2014-10-09,0130,Terra,MODIS,47,6.2,319.2,20.5,D,0
-17.3809,130.3961,341,1.1,1.1,2014-10-09,0130,Terra,MODIS,45,6.2,319.7,24.5,D,0
-17.3792,130.3857,342,1.1,1.1,2014-10-09,0130,Terra,MODIS,43,6.2,318.9,26.3,D,0
-17.3776,130.3753,361.3,1.1,1.1,2014-10-09,0130,Terra,MODIS,100,6.2,320.6,77.9,D,0
-17.376,130.3649,373.6,1.1,1.1,2014-10-09,0130,Terra,MODIS,100,6.2,319.4,124.3,D,0
-23.5711,129.7087,375,1,1,2014-10-09,0131,Terra,MODIS,100,6.2,319.1,118.1,D,0
-23.5619,129.7104,345.1,1,1,2014-10-09,0131,Terra,MODIS,88,6.2,317.7,31.1,D,0
-23.5543,129.7222,335,1,1,2014-10-09,0131,Terra,MODIS,44,6.2,317,14.2,D,0
-23.5695,129.6986,376.3,1,1,2014-10-09,0131,Terra,MODIS,100,6.2,319.6,123,D,0
-23.5802,129.707,332.3,1,1,2014-10-09,0131,Terra,MODIS,53,6.2,314.6,12.4,D,0
-23.5786,129.6969,334.4,1,1,2014-10-09,0131,Terra,MODIS,64,6.2,313.6,15.4,D,0
-23.4769,129.5896,335.7,1.1,1,2014-10-09,0131,Terra,MODIS,75,6.2,318.5,17.2,D,0
-23.4845,129.5777,342.2,1.1,1,2014-10-09,0131,Terra,MODIS,85,6.2,318.6,28.5,D,0
-23.4861,129.5879,342.7,1.1,1,2014-10-09,0131,Terra,MODIS,85,6.2,317.3,29,D,0
-23.4937,129.576,335.4,1.1,1,2014-10-09,0131,Terra,MODIS,75,6.2,314.9,17.4,D,0
-24.5175,128.6932,361,1.1,1,2014-10-09,0132,Terra,MODIS,100,6.2,320.3,78.3,D,0
-24.5192,128.704,342.5,1.1,1,2014-10-09,0132,Terra,MODIS,86,6.2,319.5,29,D,0
-24.5251,128.6806,340,1.1,1,2014-10-09,0132,Terra,MODIS,83,6.2,318.1,26.1,D,0
-24.5269,128.6914,352.2,1.1,1,2014-10-09,0132,Terra,MODIS,94,6.2,317.3,52.7,D,0
-24.5244,128.7364,362.9,1.1,1,2014-10-09,0132,Terra,MODIS,100,6.2,320.6,83.1,D,0
-24.5338,128.7346,334.1,1.1,1,2014-10-09,0132,Terra,MODIS,62,6.2,317.8,13.6,D,0
-24.5524,128.7579,334.9,1.1,1,2014-10-09,0132,Terra,MODIS,73,6.2,318.4,15.2,D,0
-24.5542,128.7686,330.8,1.1,1,2014-10-09,0132,Terra,MODIS,47,6.2,317.3,9.2,D,0
-26.2089,123.7906,328.4,2,1.4,2014-10-09,0132,Terra,MODIS,35,6.2,314.4,22.8,D,0
-26.1895,123.6906,336.8,2,1.4,2014-10-09,0132,Terra,MODIS,81,6.2,315,53.7,D,0
-26.2051,123.7707,373.2,2,1.4,2014-10-09,0132,Terra,MODIS,100,6.2,318.4,300,D,0
-26.6602,129.5432,331.3,1,1,2014-10-09,0132,Terra,MODIS,64,6.2,319.4,9.1,D,0
-21.1604,117.6005,347.3,4.3,1.9,2014-10-09,0309,Terra,MODIS,94,6.2,313.3,300.6,D,0
-21.1639,117.6415,330.7,4.3,1.9,2014-10-09,0309,Terra,MODIS,57,6.2,313.6,78,D,0
-21.1777,117.5989,331,4.3,1.9,2014-10-09,0309,Terra,MODIS,66,6.2,312.7,87.1,D,0
-21.1949,117.5971,330.5,4.3,1.9,2014-10-09,0309,Terra,MODIS,64,6.2,312.4,86.3,D,0
-21.1624,117.5937,343.4,4.3,1.9,2014-10-09,0309,Terra,MODIS,92,6.2,313.2,236.7,D,0
-21.1656,117.6347,333,4.3,1.9,2014-10-09,0309,Terra,MODIS,65,6.2,313,99.7,D,0
-21.1969,117.5901,328,4.3,1.9,2014-10-09,0309,Terra,MODIS,15,6.2,312.2,60.7,D,0
-21.5871,117.7871,327.4,4.4,1.9,2014-10-09,0309,Terra,MODIS,54,6.2,311.5,69.8,D,0
-21.5875,117.7797,325.6,4.4,1.9,2014-10-09,0309,Terra,MODIS,41,6.2,311.4,53.1,D,0
-23.2902,114.7461,328.7,2.8,1.6,2014-10-09,0310,Terra,MODIS,71,6.2,309.2,56.1,D,0
-23.2857,114.7259,325.5,2.8,1.6,2014-10-09,0310,Terra,MODIS,64,6.2,309.1,35.4,D,0
-23.3001,114.7244,325.7,2.8,1.6,2014-10-09,0310,Terra,MODIS,64,6.2,308.8,37,D,0
-22.8975,117.8456,327.1,4.6,2,2014-10-09,0310,Terra,MODIS,55,6.2,309.8,99.5,D,0
-23.2877,114.7188,326.3,2.8,1.6,2014-10-09,0310,Terra,MODIS,66,6.2,309.1,42.3,D,0
-22.8831,117.8928,325,4.7,2,2014-10-09,0310,Terra,MODIS,35,6.2,311.7,72.7,D,0
-22.8796,117.8474,325.7,4.6,2,2014-10-09,0310,Terra,MODIS,50,6.2,309.8,83.6,D,0
-41.0234,148.2882,315,1,1,2014-10-09,0409,Aqua,MODIS,0,6.2,290.4,12.9,D,0
-40.9863,148.0251,303.6,1,1,2014-10-09,0409,Aqua,MODIS,56,6.2,285.1,5.9,D,0
-37.5367,148.4509,307.3,1,1,2014-10-09,0410,Aqua,MODIS,59,6.2,295.4,4.9,D,0
-35.4952,145.0328,321.4,1.1,1,2014-10-09,0411,Aqua,MODIS,70,6.2,305.9,12.3,D,0
-35.429,145.4722,338.6,1,1,2014-10-09,0411,Aqua,MODIS,88,6.2,304.8,33.8,D,0
-34.3251,146.1777,347.5,1,1,2014-10-09,0411,Aqua,MODIS,93,6.2,309.7,47.2,D,0
-35.4237,145.4655,343.6,1,1,2014-10-09,0411,Aqua,MODIS,91,6.2,308,42.2,D,0
-35.4305,145.4607,336.7,1,1,2014-10-09,0411,Aqua,MODIS,87,6.2,305.1,31,D,0
-35.2174,144.2215,332.3,1.1,1.1,2014-10-09,0411,Aqua,MODIS,80,6.2,309.5,22.9,D,0
-32.9324,150.748,311.3,1.4,1.2,2014-10-09,0411,Aqua,MODIS,61,6.2,298.8,10.3,D,0
-34.6437,142.8256,324.3,1.3,1.1,2014-10-09,0411,Aqua,MODIS,60,6.2,309.7,15.3,D,0
-35.2094,144.2074,325.7,1.1,1.1,2014-10-09,0411,Aqua,MODIS,69,6.2,307.8,14.1,D,0
-35.673,144.6568,329.3,1.1,1,2014-10-09,0411,Aqua,MODIS,80,6.2,306.9,20.1,D,0
-35.2078,144.2198,363.7,1.1,1.1,2014-10-09,0411,Aqua,MODIS,100,6.2,310.2,100.4,D,0
-35.6714,144.6689,356.5,1.1,1,2014-10-09,0411,Aqua,MODIS,98,6.2,308.4,76.2,D,0
-35.6635,144.655,323.5,1.1,1,2014-10-09,0411,Aqua,MODIS,73,6.2,307.6,12.9,D,0
-35.662,144.6672,335.3,1.1,1,2014-10-09,0411,Aqua,MODIS,86,6.2,309.3,29.6,D,0
-30.1322,149.9753,332.2,1.4,1.2,2014-10-09,0412,Aqua,MODIS,74,6.2,311.6,33.4,D,0
-31.0128,147.7002,323.8,1.1,1,2014-10-09,0412,Aqua,MODIS,58,6.2,312.5,7.7,D,0
-30.1427,149.9781,331.4,1.4,1.2,2014-10-09,0412,Aqua,MODIS,69,6.2,308.8,30.1,D,0
-31.3141,149.4629,325.1,1.3,1.1,2014-10-09,0412,Aqua,MODIS,59,6.2,308.9,13.4,D,0
-31.3148,149.4712,326.9,1.3,1.1,2014-10-09,0412,Aqua,MODIS,69,6.2,308.9,17.2,D,0
-29.4511,149.8865,334.2,1.4,1.2,2014-10-09,0412,Aqua,MODIS,80,6.2,316.5,27.2,D,0
-33.3193,137.0769,337.6,2.8,1.6,2014-10-09,0412,Aqua,MODIS,85,6.2,311.6,124.7,D,0
-32.4542,146.5315,325.4,1,1,2014-10-09,0412,Aqua,MODIS,64,6.2,315.2,7.5,D,0
-32.2192,149.7019,323.6,1.3,1.1,2014-10-09,0412,Aqua,MODIS,72,6.2,299.1,22.6,D,0
-33.3171,137.107,322.7,2.8,1.6,2014-10-09,0412,Aqua,MODIS,62,6.2,310.9,38,D,0
-31.8425,147.8211,324.8,1.1,1,2014-10-09,0412,Aqua,MODIS,62,6.2,311.2,9.3,D,0
-27.1018,148.0876,335.7,1.3,1.1,2014-10-09,0413,Aqua,MODIS,78,6.2,318.6,22.2,D,0
-25.3876,149.6434,323.5,1.7,1.3,2014-10-09,0413,Aqua,MODIS,48,6.2,307.2,17.5,D,0
-27.1096,148.0947,340.7,1.3,1.1,2014-10-09,0413,Aqua,MODIS,84,6.2,318.9,32.1,D,0
-27.1118,148.0897,330.9,1.3,1.1,2014-10-09,0413,Aqua,MODIS,46,6.2,318.6,12.1,D,0
-26.0727,146.7908,360.2,1.1,1.1,2014-10-09,0413,Aqua,MODIS,100,6.2,319.2,81,D,0
-23.6814,147.5623,328.1,1.3,1.1,2014-10-09,0414,Aqua,MODIS,64,6.2,314.2,11.1,D,0
-23.2397,147.3748,329.9,1.3,1.1,2014-10-09,0414,Aqua,MODIS,65,6.2,313.4,14.8,D,0
-23.2419,147.362,328.7,1.3,1.1,2014-10-09,0414,Aqua,MODIS,52,6.2,314.2,12.6,D,0
-23.2296,147.3729,346.5,1.3,1.1,2014-10-09,0414,Aqua,MODIS,90,6.2,312.9,53.7,D,0
-23.2317,147.3602,354.7,1.3,1.1,2014-10-09,0414,Aqua,MODIS,96,6.2,314.4,79.8,D,0
-23.2338,147.3475,338.6,1.3,1.1,2014-10-09,0414,Aqua,MODIS,82,6.2,312.1,33.8,D,0
-25.0364,148.5048,331.7,1.4,1.2,2014-10-09,0414,Aqua,MODIS,74,6.2,304.1,33.3,D,0
-25.0388,148.4907,337.8,1.4,1.2,2014-10-09,0414,Aqua,MODIS,84,6.2,305.3,47.9,D,0
-24.2951,148.849,337.1,1.6,1.2,2014-10-09,0414,Aqua,MODIS,84,6.2,311.2,40.6,D,0
-24.2915,148.857,326.4,1.6,1.2,2014-10-09,0414,Aqua,MODIS,68,6.2,310.6,13.4,D,0
-24.2941,148.842,341.5,1.6,1.2,2014-10-09,0414,Aqua,MODIS,88,6.2,311.1,54.4,D,0
-25.0552,148.523,331.3,1.4,1.2,2014-10-09,0414,Aqua,MODIS,66,6.2,306,29,D,0
-25.0753,148.4697,338.9,1.4,1.2,2014-10-09,0414,Aqua,MODIS,85,6.2,305.1,45,D,0
-25.0811,148.4999,346.2,1.4,1.2,2014-10-09,0414,Aqua,MODIS,91,6.2,307.9,68.6,D,0
-25.0413,148.4767,341.1,1.4,1.2,2014-10-09,0414,Aqua,MODIS,87,6.2,305.3,53.3,D,0
-25.0519,148.4788,337.8,1.4,1.2,2014-10-09,0414,Aqua,MODIS,63,6.2,305.8,40,D,0
-25.047,148.5067,333.4,1.4,1.2,2014-10-09,0414,Aqua,MODIS,52,6.2,304.5,34.1,D,0
-25.1388,149.6208,327.5,1.7,1.3,2014-10-09,0414,Aqua,MODIS,52,6.2,305.2,28.4,D,0
-25.0576,148.509,333.8,1.4,1.2,2014-10-09,0414,Aqua,MODIS,51,6.2,305.3,33.4,D,0
-25.1492,147.912,325.4,1.3,1.1,2014-10-09,0414,Aqua,MODIS,59,6.2,312.3,11.7,D,0
-22.8942,149.1138,329.8,1.7,1.3,2014-10-09,0414,Aqua,MODIS,63,6.2,303.9,39,D,0
-22.8827,149.1111,323.8,1.7,1.3,2014-10-09,0414,Aqua,MODIS,33,6.2,302.2,23.9,D,0
-22.7731,149.0236,324.2,1.7,1.3,2014-10-09,0414,Aqua,MODIS,30,6.2,299.4,23.8,D,0
-25.0306,148.4749,322.2,1.4,1.2,2014-10-09,0414,Aqua,MODIS,51,6.2,305,14.7,D,0
-25.0282,148.4886,339.1,1.4,1.2,2014-10-09,0414,Aqua,MODIS,86,6.2,305.7,54.3,D,0
-22.2432,149.4386,325.5,1.9,1.3,2014-10-09,0414,Aqua,MODIS,59,6.2,300,39.1,D,0
-22.2395,149.4325,328.1,1.9,1.3,2014-10-09,0414,Aqua,MODIS,66,6.2,300.1,47.2,D,0
-22.3982,145.9432,341.2,1.1,1.1,2014-10-09,0414,Aqua,MODIS,82,6.2,318.6,25.1,D,0
-21.0802,148.0764,337.3,1.6,1.2,2014-10-09,0415,Aqua,MODIS,43,6.2,306,43.5,D,0
-21.1557,147.8321,347.2,1.5,1.2,2014-10-09,0415,Aqua,MODIS,91,6.2,312.2,68.2,D,0
-21.1736,147.8124,327.4,1.5,1.2,2014-10-09,0415,Aqua,MODIS,21,6.2,306,15.4,D,0
-21.1602,147.8247,361,1.5,1.2,2014-10-09,0415,Aqua,MODIS,100,6.2,312,128.4,D,0
-21.1577,147.8394,338.5,1.5,1.2,2014-10-09,0415,Aqua,MODIS,82,6.2,312.9,37.3,D,0
-21.1365,147.8131,328,1.5,1.2,2014-10-09,0415,Aqua,MODIS,13,6.2,307.1,20,D,0
-21.1582,147.8175,342.6,1.5,1.2,2014-10-09,0415,Aqua,MODIS,87,6.2,310.4,54.9,D,0
-16.7822,141.3026,342.1,1,1,2014-10-09,0416,Aqua,MODIS,83,6.2,310.9,29.2,D,0
-16.7472,141.2876,372.7,1,1,2014-10-09,0416,Aqua,MODIS,100,6.2,312.9,110.7,D,0
-16.7485,141.278,337.6,1,1,2014-10-09,0416,Aqua,MODIS,64,6.2,309.9,22.2,D,0
-16.7381,141.2862,334.5,1,1,2014-10-09,0416,Aqua,MODIS,50,6.2,309.9,17.7,D,0
-16.6999,141.3041,334.7,1,1,2014-10-09,0416,Aqua,MODIS,70,6.2,308.4,20,D,0
-14.9968,144.8806,329.3,1.2,1.1,2014-10-09,0416,Aqua,MODIS,34,6.2,310.3,13.7,D,0
-15.1896,145.0206,328.6,1.3,1.1,2014-10-09,0416,Aqua,MODIS,63,6.2,310.9,14.3,D,0
-15.177,144.971,354.3,1.3,1.1,2014-10-09,0416,Aqua,MODIS,96,6.2,312.6,79.6,D,0
-15.1788,144.9594,333.2,1.2,1.1,2014-10-09,0416,Aqua,MODIS,77,6.2,309.9,26.2,D,0
-15.4445,145.0228,328.2,1.2,1.1,2014-10-09,0416,Aqua,MODIS,45,6.2,311,11.1,D,0
-15.9667,145.281,331.1,1.3,1.1,2014-10-09,0416,Aqua,MODIS,73,6.2,304.2,29.6,D,0
-15.9585,145.2674,323.5,1.3,1.1,2014-10-09,0416,Aqua,MODIS,37,6.2,302.3,20,D,0
-15.9566,145.2793,329.4,1.3,1.1,2014-10-09,0416,Aqua,MODIS,70,6.2,303.2,28.2,D,0
-15.9686,145.2691,356.1,1.3,1.1,2014-10-09,0416,Aqua,MODIS,97,6.2,305.4,96.8,D,0
-14.9868,144.8724,330.3,1.2,1.1,2014-10-09,0416,Aqua,MODIS,29,6.2,310.9,14.8,D,0
-15.1893,143.4772,336.5,1.1,1,2014-10-09,0416,Aqua,MODIS,66,6.2,313.1,21,D,0
-15.3149,145.1317,331.2,1.3,1.1,2014-10-09,0416,Aqua,MODIS,72,6.2,308.2,25.7,D,0
-15.1654,144.9741,349.4,1.3,1.1,2014-10-09,0416,Aqua,MODIS,93,6.2,311,66.8,D,0
-15.2918,145.2133,326.1,1.3,1.1,2014-10-09,0416,Aqua,MODIS,54,6.2,304.9,17.4,D,0
-15.1752,144.9825,338.5,1.3,1.1,2014-10-09,0416,Aqua,MODIS,84,6.2,312.2,36.1,D,0
-15.1671,144.9692,345.8,1.3,1.1,2014-10-09,0416,Aqua,MODIS,90,6.2,308.3,55,D,0
-15.1636,144.9856,344.7,1.3,1.1,2014-10-09,0416,Aqua,MODIS,89,6.2,310.4,52.9,D,0
-15.5748,143.601,326.1,1.1,1,2014-10-09,0416,Aqua,MODIS,26,6.2,308.5,11.6,D,0
-15.1971,143.4886,339,1.1,1,2014-10-09,0416,Aqua,MODIS,66,6.2,314.1,22.8,D,0
-15.4975,143.5618,346.2,1.1,1,2014-10-09,0416,Aqua,MODIS,90,6.2,306.7,41.2,D,0
-15.1863,143.4969,343.2,1.1,1,2014-10-09,0416,Aqua,MODIS,87,6.2,304.6,33,D,0
-15.4837,143.5899,361.6,1.1,1,2014-10-09,0416,Aqua,MODIS,100,6.2,309.1,80.4,D,0
-15.1956,143.4984,360,1.1,1,2014-10-09,0416,Aqua,MODIS,99,6.2,303.4,71.1,D,0
-15.499,143.552,343.1,1.1,1,2014-10-09,0416,Aqua,MODIS,87,6.2,304.9,35.9,D,0
-15.496,143.5717,361.9,1.1,1,2014-10-09,0416,Aqua,MODIS,100,6.2,311.2,81.6,D,0
-15.1652,144.9806,355,1.3,1.1,2014-10-09,0416,Aqua,MODIS,97,6.2,310.7,82,D,0
-15.2817,145.2118,322.9,1.3,1.1,2014-10-09,0416,Aqua,MODIS,38,6.2,304.8,13.4,D,0
-15.4483,143.6598,371.4,1.1,1,2014-10-09,0416,Aqua,MODIS,100,6.2,310.3,116.6,D,0
-15.1878,143.4871,380.4,1.1,1,2014-10-09,0416,Aqua,MODIS,100,6.2,315.7,149.9,D,0
-15.2171,143.468,338.4,1.1,1,2014-10-09,0416,Aqua,MODIS,23,6.2,313.5,20.4,D,0
-15.1618,144.9974,347.4,1.3,1.1,2014-10-09,0416,Aqua,MODIS,91,6.2,310.6,59,D,0
-15.1614,145.0041,343.6,1.3,1.1,2014-10-09,0416,Aqua,MODIS,89,6.2,309.1,46.5,D,0
-15.2137,143.4408,367.2,1.1,1,2014-10-09,0416,Aqua,MODIS,100,6.2,307.2,99,D,0
-15.2151,143.4309,346.5,1.1,1,2014-10-09,0416,Aqua,MODIS,90,6.2,311.8,41.7,D,0
-15.16,145.0092,331.6,1.3,1.1,2014-10-09,0416,Aqua,MODIS,70,6.2,308.3,21.9,D,0
-15.4945,143.5815,344.2,1.1,1,2014-10-09,0416,Aqua,MODIS,88,6.2,307.8,35.7,D,0
-15.2081,143.5272,367.2,1.1,1,2014-10-09,0416,Aqua,MODIS,100,6.2,311,94.3,D,0
-15.1633,144.9923,356.4,1.3,1.1,2014-10-09,0416,Aqua,MODIS,97,6.2,311,85.5,D,0
-15.5082,143.5534,333.5,1.1,1,2014-10-09,0416,Aqua,MODIS,43,6.2,307.5,19.3,D,0
-15.2186,143.4582,339,1.1,1,2014-10-09,0416,Aqua,MODIS,60,6.2,309.5,21.6,D,0
-18.3896,131.7005,344.4,4.5,2,2014-10-09,0416,Aqua,MODIS,88,6.2,313.3,294.1,D,0
-19.1091,133.2197,334.1,3.6,1.8,2014-10-09,0416,Aqua,MODIS,42,6.2,317.2,82.8,D,0
-18.3856,131.7433,354.2,4.5,2,2014-10-09,0416,Aqua,MODIS,96,6.2,317.2,473.4,D,0
-18.3851,131.7478,349.3,4.5,2,2014-10-09,0416,Aqua,MODIS,92,6.2,317.3,380,D,0
-18.3889,131.7048,348.4,4.5,2,2014-10-09,0416,Aqua,MODIS,92,6.2,313.7,364.2,D,0
-13.9988,135.6634,368.7,2,1.4,2014-10-09,0417,Aqua,MODIS,100,6.2,307.6,263.9,D,0
-12.4344,142.8164,327.4,1.1,1,2014-10-09,0417,Aqua,MODIS,35,6.2,306.9,12,D,0
-12.2099,142.5262,336.1,1,1,2014-10-09,0417,Aqua,MODIS,81,6.2,315.6,18.3,D,0
-13.0709,143.1062,328.8,1.1,1,2014-10-09,0417,Aqua,MODIS,53,6.2,308,16.2,D,0
-13.0491,143.0758,331,1.1,1,2014-10-09,0417,Aqua,MODIS,63,6.2,307.1,17.8,D,0
-12.332,142.7541,330.9,1.1,1,2014-10-09,0417,Aqua,MODIS,52,6.2,309.7,14.3,D,0
-12.3476,142.7765,328.8,1.1,1,2014-10-09,0417,Aqua,MODIS,57,6.2,309.6,12.5,D,0
-12.3406,136.8061,363.1,1.5,1.2,2014-10-09,0417,Aqua,MODIS,100,6.2,302.9,156.2,D,0
-12.4774,142.3347,332.6,1,1,2014-10-09,0417,Aqua,MODIS,75,6.2,308.5,16.1,D,0
-12.4282,142.6673,336.7,1.1,1,2014-10-09,0417,Aqua,MODIS,81,6.2,311.1,20.8,D,0
-12.4358,142.8067,335.6,1.1,1,2014-10-09,0417,Aqua,MODIS,77,6.2,308.1,22.9,D,0
-12.4465,142.7985,333,1.1,1,2014-10-09,0417,Aqua,MODIS,76,6.2,309.4,19.6,D,0
-12.4237,142.8247,338.5,1.1,1,2014-10-09,0417,Aqua,MODIS,82,6.2,307.7,28.5,D,0
-12.4252,142.8149,335.2,1.1,1,2014-10-09,0417,Aqua,MODIS,70,6.2,308.8,21.8,D,0
-12.3603,142.8182,323.9,1.1,1,2014-10-09,0417,Aqua,MODIS,33,6.2,306.8,9.7,D,0
-12.3618,142.8085,332.7,1.1,1,2014-10-09,0417,Aqua,MODIS,76,6.2,309.9,21.3,D,0
-12.2961,142.6793,345.8,1.1,1,2014-10-09,0417,Aqua,MODIS,90,6.2,309.2,43.1,D,0
-12.2946,142.6889,367.5,1.1,1,2014-10-09,0417,Aqua,MODIS,100,6.2,311.3,100.4,D,0
-12.3053,142.6808,392.7,1.1,1,2014-10-09,0417,Aqua,MODIS,100,6.2,313,213.2,D,0
-12.3038,142.6904,345.7,1.1,1,2014-10-09,0417,Aqua,MODIS,90,6.2,311.4,39.6,D,0
-12.313,142.6919,328.5,1.1,1,2014-10-09,0417,Aqua,MODIS,55,6.2,308.9,10,D,0
-12.3384,142.775,328.9,1.1,1,2014-10-09,0417,Aqua,MODIS,35,6.2,307.8,12.7,D,0
-12.3462,142.7862,334.1,1.1,1,2014-10-09,0417,Aqua,MODIS,72,6.2,309,20.9,D,0
-12.4586,142.7805,330.7,1.1,1,2014-10-09,0417,Aqua,MODIS,66,6.2,307.8,14.1,D,0
-12.3525,142.807,325.8,1.1,1,2014-10-09,0417,Aqua,MODIS,52,6.2,307.7,11.9,D,0
-12.5946,142.598,338,1,1,2014-10-09,0417,Aqua,MODIS,53,6.2,312.9,19.9,D,0
-12.6192,142.6214,333,1,1,2014-10-09,0417,Aqua,MODIS,45,6.2,312.2,12.7,D,0
-12.354,142.7973,345.1,1.1,1,2014-10-09,0417,Aqua,MODIS,90,6.2,309.9,41.5,D,0
-12.4451,142.8082,327,1.1,1,2014-10-09,0417,Aqua,MODIS,62,6.2,307.5,12.2,D,0
-12.5741,142.8608,330.7,1.1,1,2014-10-09,0417,Aqua,MODIS,20,6.2,309.6,14.4,D,0
-12.5756,142.8511,339,1.1,1,2014-10-09,0417,Aqua,MODIS,77,6.2,311.9,26.5,D,0
-12.5678,142.84,335.7,1.1,1,2014-10-09,0417,Aqua,MODIS,79,6.2,311.5,22.8,D,0
-13.9966,135.6817,330.3,2,1.4,2014-10-09,0417,Aqua,MODIS,66,6.2,304.5,37.7,D,0
-13.9008,135.8281,331.8,1.9,1.4,2014-10-09,0417,Aqua,MODIS,77,6.2,300.9,42.7,D,0
-13.903,135.8104,335.7,1.9,1.4,2014-10-09,0417,Aqua,MODIS,82,6.2,301.8,58,D,0
-12.5912,142.8734,332.5,1.1,1,2014-10-09,0417,Aqua,MODIS,56,6.2,309.2,16.8,D,0
-14.2286,135.6858,335.9,2,1.4,2014-10-09,0417,Aqua,MODIS,81,6.2,304.5,62.2,D,0
-14.2162,135.6841,326.1,2,1.4,2014-10-09,0417,Aqua,MODIS,64,6.2,307.3,26.8,D,0
-12.3388,136.8203,356.2,1.5,1.2,2014-10-09,0417,Aqua,MODIS,97,6.2,300.8,121.8,D,0
-13.4783,134.3231,334.5,2.5,1.5,2014-10-09,0417,Aqua,MODIS,81,6.2,307.5,68.2,D,0
-13.4844,134.317,337.8,2.5,1.5,2014-10-09,0417,Aqua,MODIS,84,6.2,306.9,85,D,0
-12.5796,142.5792,332.5,1,1,2014-10-09,0417,Aqua,MODIS,38,6.2,311.9,13.3,D,0
-12.48,142.6812,341.5,1.1,1,2014-10-09,0417,Aqua,MODIS,87,6.2,313.7,29.6,D,0
-14.4493,144.5137,329.6,1.2,1.1,2014-10-09,0417,Aqua,MODIS,61,6.2,308,18.1,D,0
-14.2278,142.2552,351.4,1,1,2014-10-09,0417,Aqua,MODIS,94,6.2,313.6,43.9,D,0
-12.7912,142.0103,328.1,1,1,2014-10-09,0417,Aqua,MODIS,31,6.2,308.4,7.1,D,0
-14.4529,142.2265,369.9,1,1,2014-10-09,0417,Aqua,MODIS,100,6.2,316.6,94.2,D,0
-12.4614,142.7612,329.5,1.1,1,2014-10-09,0417,Aqua,MODIS,69,6.2,309.7,13.3,D,0
-12.6855,142.0452,347.9,1,1,2014-10-09,0417,Aqua,MODIS,80,6.2,310.7,39.7,D,0
-12.8256,142.0914,334.2,1,1,2014-10-09,0417,Aqua,MODIS,73,6.2,313.7,9.8,D,0
-14.4439,142.2251,351.6,1,1,2014-10-09,0417,Aqua,MODIS,94,6.2,315.6,41.9,D,0
-12.5718,142.5682,332.7,1,1,2014-10-09,0417,Aqua,MODIS,61,6.2,312.6,13.2,D,0
-12.8052,142.0408,332.1,1,1,2014-10-09,0417,Aqua,MODIS,43,6.2,308.7,9.5,D,0
-12.6296,142.8696,346.6,1.1,1,2014-10-09,0417,Aqua,MODIS,91,6.2,311.1,42.4,D,0
-14.2202,142.2445,342,1,1,2014-10-09,0417,Aqua,MODIS,86,6.2,312.7,27.1,D,0
-12.5655,142.5478,341.2,1,1,2014-10-09,0417,Aqua,MODIS,86,6.2,313.9,26,D,0
-12.7989,142.0209,330.8,1,1,2014-10-09,0417,Aqua,MODIS,48,6.2,308.9,9.9,D,0
-14.5044,133.7666,337.3,2.8,1.6,2014-10-09,0417,Aqua,MODIS,59,6.2,305.3,107.6,D,0
-12.7727,142.0738,371.1,1,1,2014-10-09,0417,Aqua,MODIS,100,6.2,315.6,100.7,D,0
-12.5732,142.5587,331.6,1,1,2014-10-09,0417,Aqua,MODIS,64,6.2,313.4,10.9,D,0
-14.4755,133.7633,346.2,2.8,1.6,2014-10-09,0417,Aqua,MODIS,86,6.2,299.9,185.6,D,0
-12.509,142.6759,329.5,1.1,1,2014-10-09,0417,Aqua,MODIS,54,6.2,309.1,11.8,D,0
-14.0716,135.7166,327.5,2,1.4,2014-10-09,0417,Aqua,MODIS,69,6.2,305.2,31.8,D,0
-12.4814,142.6716,342.4,1.1,1,2014-10-09,0417,Aqua,MODIS,87,6.2,311.1,31.3,D,0
-12.4714,142.6938,329.7,1.1,1,2014-10-09,0417,Aqua,MODIS,53,6.2,312.2,13.6,D,0
-12.7975,142.0302,376.8,1,1,2014-10-09,0417,Aqua,MODIS,100,6.2,309.7,122.5,D,0
-14.5189,133.7681,350.6,2.8,1.6,2014-10-09,0417,Aqua,MODIS,94,6.2,306.8,223,D,0
-14.4376,142.2052,366.1,1,1,2014-10-09,0417,Aqua,MODIS,100,6.2,310.7,86.9,D,0
-13.093,142.9596,331.5,1.1,1,2014-10-09,0417,Aqua,MODIS,71,6.2,310.4,12.6,D,0
-12.6472,136.277,324.3,1.7,1.3,2014-10-09,0417,Aqua,MODIS,47,6.2,304.3,11.8,D,0
-14.4626,144.493,333.2,1.2,1.1,2014-10-09,0417,Aqua,MODIS,77,6.2,308.7,23.1,D,0
-12.4684,142.4589,331.2,1,1,2014-10-09,0417,Aqua,MODIS,66,6.2,309,15,D,0
-12.3024,142.7,345.9,1.1,1,2014-10-09,0417,Aqua,MODIS,90,6.2,312.5,39,D,0
-14.4609,144.5039,328.6,1.2,1.1,2014-10-09,0417,Aqua,MODIS,62,6.2,308.2,15.3,D,0
-12.7966,141.9733,350,1,1,2014-10-09,0417,Aqua,MODIS,93,6.2,304.2,49.1,D,0
-12.8093,142.0131,339.2,1,1,2014-10-09,0417,Aqua,MODIS,65,6.2,309.7,24,D,0
-12.6841,142.0545,337.9,1,1,2014-10-09,0417,Aqua,MODIS,72,6.2,311,21.1,D,0
-14.4385,142.2623,335.6,1,1,2014-10-09,0417,Aqua,MODIS,64,6.2,315.5,14.2,D,0
-12.7953,141.9825,372.3,1,1,2014-10-09,0417,Aqua,MODIS,100,6.2,310.3,110.1,D,0
-12.77,142.0924,332.6,1,1,2014-10-09,0417,Aqua,MODIS,52,6.2,310.4,10.5,D,0
-12.4776,142.4603,330.9,1,1,2014-10-09,0417,Aqua,MODIS,48,6.2,310,14.3,D,0
-14.4399,142.253,334.6,1,1,2014-10-09,0417,Aqua,MODIS,32,6.2,316.5,11.8,D,0
-12.8156,142.033,338.5,1,1,2014-10-09,0417,Aqua,MODIS,77,6.2,310.7,16.7,D,0
-12.8169,142.0237,408.8,1,1,2014-10-09,0417,Aqua,MODIS,100,6.2,318.9,293.4,D,0
-12.9935,143.0669,331.5,1.1,1,2014-10-09,0417,Aqua,MODIS,54,6.2,307.1,18.6,D,0
-12.835,142.0265,354.5,1,1,2014-10-09,0417,Aqua,MODIS,96,6.2,311,50.6,D,0
-12.4657,142.7323,326.6,1.1,1,2014-10-09,0417,Aqua,MODIS,57,6.2,306.7,11.3,D,0
-14.439,142.1959,359.4,1,1,2014-10-09,0417,Aqua,MODIS,99,6.2,306.8,69.5,D,0
-14.303,142.3116,336.8,1,1,2014-10-09,0417,Aqua,MODIS,32,6.2,314,14.8,D,0
-14.473,133.7558,335.1,2.8,1.6,2014-10-09,0417,Aqua,MODIS,49,6.2,300.2,102.1,D,0
-14.4286,142.2037,366.6,1,1,2014-10-09,0417,Aqua,MODIS,100,6.2,310.9,87,D,0
-14.2305,142.2366,344.1,1,1,2014-10-09,0417,Aqua,MODIS,88,6.2,312.1,29.2,D,0
-12.8056,141.9747,324.7,1,1,2014-10-09,0417,Aqua,MODIS,34,6.2,301.9,10.6,D,0
-14.53,133.9552,331.3,2.7,1.6,2014-10-09,0417,Aqua,MODIS,47,6.2,311.5,40.8,D,0
-12.4867,142.4617,328.7,1,1,2014-10-09,0417,Aqua,MODIS,51,6.2,311.2,12.1,D,0
-11.7136,142.3315,327.4,1,1,2014-10-09,0417,Aqua,MODIS,69,6.2,307.1,11.3,D,0
-12.7962,142.0394,346.9,1,1,2014-10-09,0417,Aqua,MODIS,91,6.2,308.9,36,D,0
-14.448,142.1973,372.6,1,1,2014-10-09,0417,Aqua,MODIS,100,6.2,310.1,108.3,D,0
-14.4349,142.2237,336,1,1,2014-10-09,0417,Aqua,MODIS,46,6.2,315.1,13.1,D,0
-14.2427,142.1532,333.9,1,1,2014-10-09,0417,Aqua,MODIS,71,6.2,309.9,11.3,D,0
-12.6918,142.0652,334.6,1,1,2014-10-09,0417,Aqua,MODIS,59,6.2,311.4,16.3,D,0
-12.793,142.1244,334.9,1,1,2014-10-09,0417,Aqua,MODIS,32,6.2,312.1,12.8,D,0
-12.8066,142.0316,339.2,1,1,2014-10-09,0417,Aqua,MODIS,72,6.2,310.6,20.1,D,0
-14.4273,142.213,364.7,1,1,2014-10-09,0417,Aqua,MODIS,100,6.2,313.7,78.6,D,0
-12.6904,142.0744,333.9,1,1,2014-10-09,0417,Aqua,MODIS,53,6.2,313.3,14.6,D,0
-12.4629,142.7515,330,1.1,1,2014-10-09,0417,Aqua,MODIS,66,6.2,309.7,14.1,D,0
-12.3202,142.6438,329.7,1.1,1,2014-10-09,0417,Aqua,MODIS,54,6.2,309,15.7,D,0
-12.6855,135.77,322.7,1.9,1.3,2014-10-09,0417,Aqua,MODIS,46,6.2,297.5,28.2,D,0
-12.9779,143.0445,341.9,1.1,1,2014-10-09,0417,Aqua,MODIS,86,6.2,308.6,33.3,D,0
-14.4466,142.2066,347.3,1,1,2014-10-09,0417,Aqua,MODIS,91,6.2,308.2,38.2,D,0
-12.6863,142.1023,341.9,1,1,2014-10-09,0417,Aqua,MODIS,75,6.2,312.1,25.7,D,0
-12.8079,142.0223,335.6,1,1,2014-10-09,0417,Aqua,MODIS,25,6.2,310.1,15.6,D,0
-12.8043,141.9839,341.2,1,1,2014-10-09,0417,Aqua,MODIS,85,6.2,305.6,32.2,D,0
-12.3087,142.7208,335,1.1,1,2014-10-09,0417,Aqua,MODIS,73,6.2,309.6,20.3,D,0
-12.301,142.7097,337.4,1.1,1,2014-10-09,0417,Aqua,MODIS,78,6.2,309.8,24.5,D,0
-12.6877,142.093,340.8,1,1,2014-10-09,0417,Aqua,MODIS,78,6.2,313.5,24.2,D,0
-12.7714,142.0831,384.7,1,1,2014-10-09,0417,Aqua,MODIS,100,6.2,315.1,154.8,D,0
-14.4543,142.2172,360.1,1,1,2014-10-09,0417,Aqua,MODIS,100,6.2,312.1,64.9,D,0
-15.6231,136.5677,328.9,1.8,1.3,2014-10-09,0417,Aqua,MODIS,46,6.2,308.9,26,D,0
-12.8273,142.0158,382.9,1,1,2014-10-09,0417,Aqua,MODIS,100,6.2,310.9,150,D,0
-12.2932,142.6986,351.4,1.1,1,2014-10-09,0417,Aqua,MODIS,94,6.2,310.5,53.1,D,0
-12.826,142.0251,376.4,1,1,2014-10-09,0417,Aqua,MODIS,100,6.2,313.9,119.3,D,0
-14.2413,142.1625,350.3,1,1,2014-10-09,0417,Aqua,MODIS,93,6.2,312.7,41.1,D,0
-12.3883,142.2472,327.2,1,1,2014-10-09,0417,Aqua,MODIS,60,6.2,309.2,11.1,D,0
-12.8183,142.0145,423.8,1,1,2014-10-09,0417,Aqua,MODIS,100,6.2,319,418.8,D,0
-13.0399,143.0743,325.9,1.1,1,2014-10-09,0417,Aqua,MODIS,24,6.2,308.7,11.3,D,0
-12.4643,142.7419,330.7,1.1,1,2014-10-09,0417,Aqua,MODIS,63,6.2,308.6,15.3,D,0
-12.46,142.7708,331.8,1.1,1,2014-10-09,0417,Aqua,MODIS,74,6.2,308.9,16.6,D,0
-13.0384,143.0841,329.6,1.1,1,2014-10-09,0417,Aqua,MODIS,68,6.2,306.1,18,D,0
-14.2188,142.2538,330.9,1,1,2014-10-09,0417,Aqua,MODIS,49,6.2,311.4,10.6,D,0
-12.8196,142.0052,330.9,1,1,2014-10-09,0417,Aqua,MODIS,55,6.2,301.3,15.1,D,0
-12.7777,142.103,334.2,1,1,2014-10-09,0417,Aqua,MODIS,49,6.2,312.3,13,D,0
-12.6281,142.8793,337.6,1.1,1,2014-10-09,0417,Aqua,MODIS,80,6.2,308.8,25.9,D,0
-14.4526,133.8056,337.8,2.8,1.6,2014-10-09,0417,Aqua,MODIS,76,6.2,299.9,117.1,D,0
-12.8021,142.1258,339.4,1,1,2014-10-09,0417,Aqua,MODIS,78,6.2,314.1,18.5,D,0
-14.4453,142.2158,351.6,1,1,2014-10-09,0417,Aqua,MODIS,94,6.2,311.9,43.6,D,0
-14.2292,142.2459,354.2,1,1,2014-10-09,0417,Aqua,MODIS,96,6.2,314.1,50,D,0
-12.4958,142.4632,331.8,1,1,2014-10-09,0417,Aqua,MODIS,60,6.2,309.3,15,D,0
-12.5641,142.5573,350.8,1,1,2014-10-09,0417,Aqua,MODIS,94,6.2,314.5,46.4,D,0
-13.6743,142.0755,336,1,1,2014-10-09,0417,Aqua,MODIS,71,6.2,309.1,19.5,D,0
-12.8616,135.8216,347,1.9,1.3,2014-10-09,0417,Aqua,MODIS,92,6.2,301,104.1,D,0
-13.4639,142.0723,333.2,1,1,2014-10-09,0417,Aqua,MODIS,77,6.2,310.7,14.2,D,0
-14.4606,144.3131,353.3,1.2,1.1,2014-10-09,0417,Aqua,MODIS,96,6.2,309.6,69.7,D,0
-12.8688,135.8173,343.1,1.9,1.3,2014-10-09,0417,Aqua,MODIS,89,6.2,303,84.8,D,0
-13.4886,142.0289,345.7,1,1,2014-10-09,0417,Aqua,MODIS,90,6.2,309.5,39.9,D,0
-13.4873,142.0381,383.1,1,1,2014-10-09,0417,Aqua,MODIS,100,6.2,314.5,153.2,D,0
-14.4238,144.346,342.5,1.2,1.1,2014-10-09,0417,Aqua,MODIS,88,6.2,310.2,40.2,D,0
-14.4255,144.3351,326.7,1.2,1.1,2014-10-09,0417,Aqua,MODIS,40,6.2,307.4,10.9,D,0
-12.8715,135.8403,346.5,1.8,1.3,2014-10-09,0417,Aqua,MODIS,91,6.2,303.1,98.2,D,0
-13.673,142.0848,339.2,1,1,2014-10-09,0417,Aqua,MODIS,78,6.2,310.3,24.6,D,0
-14.2364,142.1333,409.3,1,1,2014-10-09,0417,Aqua,MODIS,100,6.2,318.4,298.1,D,0
-12.7571,141.9333,342,1,1,2014-10-09,0417,Aqua,MODIS,51,6.2,308.6,30.8,D,0
-12.7584,141.924,370.9,1,1,2014-10-09,0417,Aqua,MODIS,94,6.2,309.6,104.3,D,0
-12.2039,141.8775,334,1,1,2014-10-09,0417,Aqua,MODIS,75,6.2,311.9,17.8,D,0
-14.4669,144.3364,332.1,1.2,1.1,2014-10-09,0417,Aqua,MODIS,66,6.2,310.9,15.5,D,0
-13.4769,142.0459,338.8,1,1,2014-10-09,0417,Aqua,MODIS,84,6.2,308.8,25.2,D,0
-14.4242,144.4184,327,1.2,1.1,2014-10-09,0417,Aqua,MODIS,41,6.2,306.3,11.1,D,0
-13.4782,142.0367,364.8,1,1,2014-10-09,0417,Aqua,MODIS,100,6.2,310,85.1,D,0
-12.8834,135.8419,333.4,1.8,1.3,2014-10-09,0417,Aqua,MODIS,64,6.2,304.1,41.7,D,0
-14.1954,143.4829,330.2,1.1,1,2014-10-09,0417,Aqua,MODIS,42,6.2,308.5,13.5,D,0
-14.4783,144.3272,366.2,1.2,1.1,2014-10-09,0417,Aqua,MODIS,100,6.2,313.7,106.7,D,0
-13.5866,142.1131,348.5,1,1,2014-10-09,0417,Aqua,MODIS,92,6.2,313.5,38.4,D,0
-13.5853,142.1223,337.3,1,1,2014-10-09,0417,Aqua,MODIS,79,6.2,311,18.7,D,0
-14.5674,144.4158,326.1,1.2,1.1,2014-10-09,0417,Aqua,MODIS,33,6.2,309.1,9,D,0
-13.1146,135.7438,326.6,1.9,1.3,2014-10-09,0417,Aqua,MODIS,55,6.2,303.5,24,D,0
-14.235,142.1425,344.5,1,1,2014-10-09,0417,Aqua,MODIS,82,6.2,310.7,31.9,D,0
-14.4766,144.338,331.9,1.2,1.1,2014-10-09,0417,Aqua,MODIS,67,6.2,310.6,13.3,D,0
-12.3902,135.6028,326,1.9,1.3,2014-10-09,0417,Aqua,MODIS,43,6.2,305.3,18.8,D,0
-13.5957,142.1144,337.8,1,1,2014-10-09,0417,Aqua,MODIS,83,6.2,312.5,19.8,D,0
-14.2377,142.124,345.2,1,1,2014-10-09,0417,Aqua,MODIS,78,6.2,306.2,36.4,D,0
-12.2782,136.7688,321.8,1.5,1.2,2014-10-09,0417,Aqua,MODIS,34,6.2,301.4,13.3,D,0
-13.597,142.1052,334.6,1,1,2014-10-09,0417,Aqua,MODIS,71,6.2,312.1,14.5,D,0
-14.2274,142.1319,378.2,1,1,2014-10-09,0417,Aqua,MODIS,100,6.2,311.5,132.4,D,0
-14.4686,144.3256,339.6,1.2,1.1,2014-10-09,0417,Aqua,MODIS,84,6.2,312.8,30.3,D,0
-12.9593,134.9992,334.8,2.1,1.4,2014-10-09,0417,Aqua,MODIS,62,6.2,306.8,53.2,D,0
-13.4765,142.1122,333.4,1,1,2014-10-09,0417,Aqua,MODIS,63,6.2,310.8,12.7,D,0
-13.4806,142.0843,349.9,1,1,2014-10-09,0417,Aqua,MODIS,93,6.2,310.1,43.9,D,0
-13.4832,142.0658,330.9,1,1,2014-10-09,0417,Aqua,MODIS,51,6.2,308.8,12.2,D,0
-13.4819,142.0751,344,1,1,2014-10-09,0417,Aqua,MODIS,89,6.2,309.3,32.3,D,0
-13.4846,142.0566,328.2,1,1,2014-10-09,0417,Aqua,MODIS,47,6.2,308.2,9.7,D,0
-14.1998,143.4893,331.7,1.1,1,2014-10-09,0417,Aqua,MODIS,54,6.2,307.8,15,D,0
-12.8954,135.8435,339.3,1.8,1.3,2014-10-09,0417,Aqua,MODIS,85,6.2,305.1,63.9,D,0
-13.4859,142.0473,372.8,1,1,2014-10-09,0417,Aqua,MODIS,100,6.2,312.4,111,D,0
-13.606,142.1066,331.5,1,1,2014-10-09,0417,Aqua,MODIS,74,6.2,311.8,11.2,D,0
-13.4961,142.0357,365.4,1,1,2014-10-09,0417,Aqua,MODIS,100,6.2,310.8,85.4,D,0
-13.4947,142.0449,333.2,1,1,2014-10-09,0417,Aqua,MODIS,63,6.2,311,14.6,D,0
-13.6538,142.095,340.8,1,1,2014-10-09,0417,Aqua,MODIS,71,6.2,312.9,24.1,D,0
-12.504,141.9009,333.1,1,1,2014-10-09,0417,Aqua,MODIS,71,6.2,312.2,14.3,D,0
-12.5117,141.9115,339.2,1,1,2014-10-09,0417,Aqua,MODIS,84,6.2,313.8,22.5,D,0
-12.513,141.9023,377.4,1,1,2014-10-09,0417,Aqua,MODIS,100,6.2,316.3,126.3,D,0
-12.7784,141.7858,336.1,1,1,2014-10-09,0417,Aqua,MODIS,0,6.2,304,25.7,D,0
-12.7874,141.7872,330.1,1,1,2014-10-09,0417,Aqua,MODIS,53,6.2,303.8,17.7,D,0
-13.529,142.126,338.3,1,1,2014-10-09,0417,Aqua,MODIS,53,6.2,314,16.9,D,0
-12.4314,141.8266,345.9,1,1,2014-10-09,0417,Aqua,MODIS,90,6.2,313.9,37.6,D,0
-12.4328,141.8174,332,1,1,2014-10-09,0417,Aqua,MODIS,69,6.2,312.4,15.7,D,0
-13.6448,142.0936,336.3,1,1,2014-10-09,0417,Aqua,MODIS,53,6.2,313.7,16.2,D,0
-13.6641,142.0872,339.9,1,1,2014-10-09,0417,Aqua,MODIS,64,6.2,312.7,22.4,D,0
-13.5664,142.1223,331.7,1,1,2014-10-09,0417,Aqua,MODIS,41,6.2,311.7,11,D,0
-13.52,142.1246,339.9,1,1,2014-10-09,0417,Aqua,MODIS,50,6.2,314.5,19.4,D,0
-13.5678,142.113,334.4,1,1,2014-10-09,0417,Aqua,MODIS,61,6.2,311.8,15,D,0
-13.5776,142.1116,349.9,1,1,2014-10-09,0417,Aqua,MODIS,93,6.2,312.6,42,D,0
-14.1209,143.5326,330.2,1.1,1,2014-10-09,0417,Aqua,MODIS,59,6.2,308.4,11.5,D,0
-12.6504,136.6157,327.2,1.6,1.2,2014-10-09,0417,Aqua,MODIS,58,6.2,304.2,25.7,D,0
-13.4606,141.7138,338.9,1,1,2014-10-09,0417,Aqua,MODIS,78,6.2,305.2,27.7,D,0
-13.4593,141.723,366.3,1,1,2014-10-09,0417,Aqua,MODIS,100,6.2,307.5,90,D,0
-13.4579,141.7322,370.1,1,1,2014-10-09,0417,Aqua,MODIS,100,6.2,307.4,102.5,D,0
-13.4503,141.7216,330.5,1,1,2014-10-09,0417,Aqua,MODIS,69,6.2,307.2,16.2,D,0
-13.4489,141.7308,358.6,1,1,2014-10-09,0417,Aqua,MODIS,99,6.2,307.7,68.9,D,0
-13.0944,142.95,329.3,1.1,1,2014-10-09,0417,Aqua,MODIS,68,6.2,311.4,10.3,D,0
-12.9285,143.3373,345,1.1,1,2014-10-09,0417,Aqua,MODIS,89,6.2,304.2,47.9,D,0
-12.93,143.3272,326,1.1,1,2014-10-09,0417,Aqua,MODIS,42,6.2,303.6,14.5,D,0
-14.5935,144.3755,326.9,1.2,1.1,2014-10-09,0417,Aqua,MODIS,42,6.2,309,8.5,D,0
-14.5952,144.3646,333.3,1.2,1.1,2014-10-09,0417,Aqua,MODIS,76,6.2,309.7,18.3,D,0
-14.48,144.3164,345,1.2,1.1,2014-10-09,0417,Aqua,MODIS,84,6.2,310.6,43.6,D,0
-14.4703,144.3148,361.3,1.2,1.1,2014-10-09,0417,Aqua,MODIS,100,6.2,311.8,93.2,D,0
-14.472,144.3039,339.3,1.2,1.1,2014-10-09,0417,Aqua,MODIS,84,6.2,305,35.9,D,0
-13.4162,134.3091,331.9,2.5,1.5,2014-10-09,0417,Aqua,MODIS,47,6.2,304.2,59.7,D,0
-14.2356,143.5053,337.2,1.1,1,2014-10-09,0417,Aqua,MODIS,80,6.2,307.8,25.3,D,0
-12.8933,135.8603,333.4,1.8,1.3,2014-10-09,0417,Aqua,MODIS,79,6.2,300.5,45.4,D,0
-14.4205,144.3677,352.8,1.2,1.1,2014-10-09,0417,Aqua,MODIS,95,6.2,311.1,66.6,D,0
-12.8666,135.8343,359.3,1.8,1.3,2014-10-09,0417,Aqua,MODIS,99,6.2,303.4,173.4,D,0
-14.4188,144.3787,327.5,1.2,1.1,2014-10-09,0417,Aqua,MODIS,33,6.2,309.4,12.1,D,0
-13.3962,142.1567,349,1,1,2014-10-09,0417,Aqua,MODIS,87,6.2,315.3,36.5,D,0
-13.4531,142.1465,338.9,1,1,2014-10-09,0417,Aqua,MODIS,47,6.2,314.4,19.9,D,0
-13.4648,142.1293,336.6,1,1,2014-10-09,0417,Aqua,MODIS,50,6.2,314.7,16.7,D,0
-13.4476,141.74,337.1,1,1,2014-10-09,0417,Aqua,MODIS,81,6.2,302.5,25,D,0
-14.4589,144.324,340.6,1.2,1.1,2014-10-09,0417,Aqua,MODIS,85,6.2,311.3,35.9,D,0
-14.4572,144.3348,330.9,1.2,1.1,2014-10-09,0417,Aqua,MODIS,72,6.2,311.1,16.2,D,0
-12.1755,141.8826,336,1,1,2014-10-09,0417,Aqua,MODIS,71,6.2,310.8,17.3,D,0
-14.4221,144.3569,341.3,1.2,1.1,2014-10-09,0417,Aqua,MODIS,87,6.2,310.2,36.1,D,0
-13.012,134.8847,333,2.2,1.4,2014-10-09,0417,Aqua,MODIS,64,6.2,308.9,37.2,D,0
-13.0096,134.9047,333,2.2,1.4,2014-10-09,0417,Aqua,MODIS,53,6.2,306.4,37.4,D,0
-12.9991,134.8832,338,2.2,1.4,2014-10-09,0417,Aqua,MODIS,84,6.2,310.7,57.6,D,0
-13.0015,134.8631,359.8,2.2,1.4,2014-10-09,0417,Aqua,MODIS,99,6.2,310.4,203.7,D,0
-12.1949,141.8761,392.3,1,1,2014-10-09,0417,Aqua,MODIS,100,6.2,315,196.7,D,0
-12.1963,141.8669,376.1,1,1,2014-10-09,0417,Aqua,MODIS,100,6.2,312,123.4,D,0
-12.8595,135.8387,327.8,1.8,1.3,2014-10-09,0417,Aqua,MODIS,63,6.2,301.5,31.3,D,0
-15.0301,135.0623,330.6,2.3,1.5,2014-10-09,0417,Aqua,MODIS,44,6.2,311,29.9,D,0
-12.6392,136.6142,328.9,1.6,1.2,2014-10-09,0417,Aqua,MODIS,64,6.2,303.4,30.2,D,0
-12.8735,135.8232,351.4,1.9,1.3,2014-10-09,0417,Aqua,MODIS,95,6.2,304.6,121.9,D,0
-12.9193,135.8465,331.3,1.8,1.3,2014-10-09,0417,Aqua,MODIS,31,6.2,303.3,33.1,D,0
-15.0304,135.0769,334.1,2.3,1.5,2014-10-09,0417,Aqua,MODIS,57,6.2,309.2,48.2,D,0
-14.245,143.5068,331.6,1.1,1,2014-10-09,0417,Aqua,MODIS,71,6.2,307.1,16.8,D,0
-12.8543,136.2685,327.2,1.7,1.3,2014-10-09,0417,Aqua,MODIS,57,6.2,306.2,19.3,D,0
-12.9604,134.9942,333.3,2.1,1.4,2014-10-09,0417,Aqua,MODIS,49,6.2,307.6,46,D,0
-12.9465,134.9975,331,2.1,1.4,2014-10-09,0417,Aqua,MODIS,30,6.2,302.4,38.1,D,0
-12.9476,134.9926,330.8,2.1,1.4,2014-10-09,0417,Aqua,MODIS,31,6.2,303.3,36.9,D,0
-12.6298,136.598,330.9,1.6,1.2,2014-10-09,0417,Aqua,MODIS,70,6.2,303.5,34.1,D,0
-13.1453,141.8572,335,1,1,2014-10-09,0417,Aqua,MODIS,77,6.2,311.8,15.5,D,0
-11.0326,142.401,326.9,1.1,1,2014-10-09,0418,Aqua,MODIS,27,6.2,304.3,11.1,D,0
-11.0382,142.3627,328,1.1,1,2014-10-09,0418,Aqua,MODIS,72,6.2,308.2,12.9,D,0
-11.0581,142.4008,332,1.1,1,2014-10-09,0418,Aqua,MODIS,71,6.2,306,17,D,0
-11.0163,142.3203,357.9,1.1,1,2014-10-09,0418,Aqua,MODIS,99,6.2,310.7,70.1,D,0
-11.0254,142.3217,337.8,1.1,1,2014-10-09,0418,Aqua,MODIS,88,6.2,311.8,25.9,D,0
-12.4725,134.3793,341.5,2.4,1.5,2014-10-09,0418,Aqua,MODIS,87,6.2,303.3,98,D,0
-12.47,134.4008,336.6,2.3,1.5,2014-10-09,0418,Aqua,MODIS,83,6.2,304.3,68.9,D,0
-12.4749,134.3966,340.8,2.3,1.5,2014-10-09,0418,Aqua,MODIS,87,6.2,305.6,92.4,D,0
-12.4775,134.3752,331.5,2.4,1.5,2014-10-09,0418,Aqua,MODIS,76,6.2,304.9,45.2,D,0
-12.237,134.3263,324.3,2.4,1.5,2014-10-09,0418,Aqua,MODIS,44,6.2,301.2,24.4,D,0
-11.0396,142.3531,329.5,1.1,1,2014-10-09,0418,Aqua,MODIS,71,6.2,309.7,14.4,D,0
-11.024,142.3313,335.2,1.1,1,2014-10-09,0418,Aqua,MODIS,86,6.2,309,21.2,D,0
-11.0148,142.3298,327.6,1.1,1,2014-10-09,0418,Aqua,MODIS,77,6.2,308.8,11.3,D,0
-11.0793,142.3845,333.9,1.1,1,2014-10-09,0418,Aqua,MODIS,47,6.2,309.1,17.8,D,0
-11.0687,142.3927,336.3,1.1,1,2014-10-09,0418,Aqua,MODIS,64,6.2,309.5,22,D,0
-11.0701,142.3831,336,1.1,1,2014-10-09,0418,Aqua,MODIS,56,6.2,311.1,19.9,D,0
-10.7649,142.4558,326.9,1.1,1,2014-10-09,0418,Aqua,MODIS,56,6.2,303.2,14.9,D,0
-11.3793,131.1864,325.9,4,1.9,2014-10-09,0418,Aqua,MODIS,22,6.2,294.4,96.8,D,0
-11.6878,130.6456,318.9,4.5,1.9,2014-10-09,0418,Aqua,MODIS,60,6.2,293.7,70.8,D,0
-10.7848,142.449,328.8,1.1,1,2014-10-09,0418,Aqua,MODIS,73,6.2,303.3,18.3,D,0
-11.3873,131.1125,327.5,4.1,1.9,2014-10-09,0418,Aqua,MODIS,31,6.2,293.8,108.4,D,0
-12.1124,136.2649,326.2,1.7,1.3,2014-10-09,0418,Aqua,MODIS,56,6.2,304.6,18.3,D,0
-12.1104,136.2802,339.7,1.7,1.3,2014-10-09,0418,Aqua,MODIS,86,6.2,306.4,58.1,D,0
-11.6876,130.6408,319.3,4.5,1.9,2014-10-09,0418,Aqua,MODIS,41,6.2,293.6,68,D,0
-11.6701,130.6388,327.9,4.5,1.9,2014-10-09,0418,Aqua,MODIS,76,6.2,293.2,145.8,D,0
-11.6703,130.6436,328.5,4.5,1.9,2014-10-09,0418,Aqua,MODIS,77,6.2,293.3,154.3,D,0
-32.0682,115.9106,314.3,1.6,1.2,2014-10-09,0551,Aqua,MODIS,57,6.2,297.3,9.4,D,0
-31.9085,115.8076,312.8,1.6,1.2,2014-10-09,0551,Aqua,MODIS,36,6.2,297.3,9.3,D,0
-26.6308,129.5278,340.5,3.2,1.7,2014-10-09,0552,Aqua,MODIS,80,6.2,321,112,D,0
-26.6773,129.6087,346.6,3.3,1.7,2014-10-09,0552,Aqua,MODIS,89,6.2,317.3,185.9,D,0
-26.6842,129.5765,345.8,3.3,1.7,2014-10-09,0552,Aqua,MODIS,89,6.2,319.7,173.3,D,0
-26.6341,129.5211,338.7,3.2,1.7,2014-10-09,0552,Aqua,MODIS,69,6.2,321.4,97.2,D,0
-26.6691,129.5724,361.4,3.3,1.7,2014-10-09,0552,Aqua,MODIS,100,6.2,322.9,374,D,0
-26.6621,129.6046,356.5,3.3,1.7,2014-10-09,0552,Aqua,MODIS,97,6.2,318.8,304.5,D,0
-26.6539,129.5683,337.9,3.3,1.7,2014-10-09,0552,Aqua,MODIS,31,6.2,320.1,89.1,D,0
-26.6761,129.5401,334.9,3.2,1.7,2014-10-09,0552,Aqua,MODIS,25,6.2,319.4,64.2,D,0
-24.5247,128.6802,332.7,3.2,1.7,2014-10-09,0552,Aqua,MODIS,56,6.2,317.5,58.6,D,0
-24.658,128.925,330.8,3.3,1.7,2014-10-09,0552,Aqua,MODIS,54,6.2,318.6,60.2,D,0
-24.6647,128.8933,330.4,3.3,1.7,2014-10-09,0552,Aqua,MODIS,51,6.2,318.8,56.7,D,0
-24.5689,128.7646,334.9,3.2,1.7,2014-10-09,0552,Aqua,MODIS,61,6.2,317.7,83.4,D,0
-24.5417,128.7499,342,3.2,1.7,2014-10-09,0552,Aqua,MODIS,77,6.2,316,134.4,D,0
-26.2724,123.7277,341,1.4,1.2,2014-10-09,0552,Aqua,MODIS,81,6.2,321.7,33,D,0
-26.2621,123.7255,344.5,1.4,1.2,2014-10-09,0552,Aqua,MODIS,86,6.2,324.1,40.1,D,0
-26.2322,123.7751,334.8,1.4,1.2,2014-10-09,0552,Aqua,MODIS,61,6.2,321.1,16.7,D,0
-26.2115,123.7706,337.4,1.4,1.2,2014-10-09,0552,Aqua,MODIS,68,6.2,323.1,21.9,D,0
-26.1978,123.7257,344.6,1.4,1.2,2014-10-09,0552,Aqua,MODIS,36,6.2,322.5,32.7,D,0
-26.1922,123.6965,339.7,1.4,1.2,2014-10-09,0552,Aqua,MODIS,62,6.2,323.3,23.9,D,0
-26.1884,123.7461,339.6,1.4,1.2,2014-10-09,0552,Aqua,MODIS,75,6.2,321,26.9,D,0
-26.1907,123.7326,342.9,1.4,1.2,2014-10-09,0552,Aqua,MODIS,57,6.2,323.2,33.1,D,0
-26.1872,123.6899,346.4,1.4,1.2,2014-10-09,0552,Aqua,MODIS,88,6.2,323.3,43.8,D,0
-22.5079,122.5111,357.1,1.3,1.1,2014-10-09,0553,Aqua,MODIS,98,6.2,326.9,73.3,D,0
-23.8692,124.9771,354.8,1.8,1.3,2014-10-09,0553,Aqua,MODIS,96,6.2,326.7,101.2,D,0
-22.516,122.5051,352,1.3,1.1,2014-10-09,0553,Aqua,MODIS,94,6.2,326.4,54.8,D,0
-22.516,122.5258,339.6,1.3,1.1,2014-10-09,0553,Aqua,MODIS,60,6.2,326.1,17.7,D,0
-22.51,122.4983,347.4,1.3,1.1,2014-10-09,0553,Aqua,MODIS,89,6.2,326.6,41.5,D,0
-22.5138,122.5179,347.3,1.3,1.1,2014-10-09,0553,Aqua,MODIS,89,6.2,326.5,39.3,D,0
-23.5857,129.682,335,3.9,1.8,2014-10-09,0553,Aqua,MODIS,44,6.2,316,117.9,D,0
-23.5611,129.7155,333.7,3.9,1.8,2014-10-09,0553,Aqua,MODIS,54,6.2,315.6,115.4,D,0
-23.5741,129.7145,371.9,3.9,1.8,2014-10-09,0553,Aqua,MODIS,100,6.2,317.4,762.2,D,0
-23.5577,129.7101,332.8,3.9,1.8,2014-10-09,0553,Aqua,MODIS,21,6.2,316.1,98.9,D,0
-22.8635,117.8825,354.9,1,1,2014-10-09,0553,Aqua,MODIS,96,6.2,320.7,52.9,D,0
-22.8767,117.8539,358.3,1,1,2014-10-09,0553,Aqua,MODIS,98,6.2,322.3,57.2,D,0
-22.8858,117.8554,346.4,1,1,2014-10-09,0553,Aqua,MODIS,54,6.2,321,29.1,D,0
-22.9439,117.902,332.7,1,1,2014-10-09,0553,Aqua,MODIS,58,6.2,318.5,11.6,D,0
-22.9425,117.9122,361.2,1,1,2014-10-09,0553,Aqua,MODIS,100,6.2,318.6,70.6,D,0
-22.8648,117.8725,379,1,1,2014-10-09,0553,Aqua,MODIS,100,6.2,322.8,130.6,D,0
-22.9054,117.8484,339.5,1,1,2014-10-09,0553,Aqua,MODIS,44,6.2,321,18.7,D,0
-22.8662,117.8625,357.1,1,1,2014-10-09,0553,Aqua,MODIS,97,6.2,321.4,57.7,D,0
-22.8676,117.8525,337.4,1,1,2014-10-09,0553,Aqua,MODIS,60,6.2,321.1,16.8,D,0
-23.6237,129.7005,334.3,3.9,1.8,2014-10-09,0553,Aqua,MODIS,67,6.2,312.7,130.4,D,0
-22.8557,117.871,357.5,1,1,2014-10-09,0553,Aqua,MODIS,98,6.2,321.1,60.2,D,0
-22.8571,117.861,336.2,1,1,2014-10-09,0553,Aqua,MODIS,71,6.2,319.5,15.9,D,0
-23.5989,129.7339,331.5,3.9,1.8,2014-10-09,0553,Aqua,MODIS,41,6.2,308.6,107.4,D,0
-23.6073,129.6961,361.2,3.9,1.8,2014-10-09,0553,Aqua,MODIS,100,6.2,316,522,D,0
-23.6183,129.6907,342,3.9,1.8,2014-10-09,0553,Aqua,MODIS,83,6.2,314.4,209.7,D,0
-23.5938,129.7241,355.4,3.9,1.8,2014-10-09,0553,Aqua,MODIS,96,6.2,311,412.5,D,0
-22.8949,117.8569,338.6,1,1,2014-10-09,0553,Aqua,MODIS,59,6.2,320.7,17.3,D,0
-22.8963,117.8469,338,1,1,2014-10-09,0553,Aqua,MODIS,52,6.2,320.9,16.3,D,0
-23.602,129.6863,353.8,3.9,1.8,2014-10-09,0553,Aqua,MODIS,95,6.2,316.4,370.2,D,0
-23.5774,129.7198,382.6,3.9,1.8,2014-10-09,0553,Aqua,MODIS,100,6.2,316.7,1069.1,D,0
-17.6083,127.3654,331,3.6,1.8,2014-10-09,0554,Aqua,MODIS,56,6.2,313.9,68.3,D,0
-19.5661,126.857,339.9,3,1.7,2014-10-09,0554,Aqua,MODIS,80,6.2,318.3,76.4,D,0
-19.5862,126.8393,351.6,3,1.7,2014-10-09,0554,Aqua,MODIS,93,6.2,316.5,202.5,D,0
-19.5918,126.8113,368.9,3,1.6,2014-10-09,0554,Aqua,MODIS,100,6.2,315.3,437,D,0
-19.5863,126.8319,365.2,3,1.7,2014-10-09,0554,Aqua,MODIS,100,6.2,316.5,375.4,D,0
-20.4834,119.0476,345.8,1,1,2014-10-09,0554,Aqua,MODIS,67,6.2,320.6,23.9,D,0
-21.5521,117.4083,343.7,1,1,2014-10-09,0554,Aqua,MODIS,85,6.2,326.8,19.8,D,0
-21.6241,116.5318,343.5,1.1,1,2014-10-09,0554,Aqua,MODIS,85,6.2,323.3,26.7,D,0
-21.6255,116.5212,344.1,1.1,1,2014-10-09,0554,Aqua,MODIS,85,6.2,323,28.8,D,0
-21.6269,116.5105,333.1,1.1,1,2014-10-09,0554,Aqua,MODIS,58,6.2,321.4,9.2,D,0
-21.6161,116.5197,344.9,1.1,1,2014-10-09,0554,Aqua,MODIS,86,6.2,322.3,30.6,D,0
-21.6175,116.509,333.8,1.1,1,2014-10-09,0554,Aqua,MODIS,66,6.2,321.1,10.1,D,0
-21.3201,119.8558,335.1,1,1,2014-10-09,0554,Aqua,MODIS,70,6.2,323.6,9.5,D,0
-21.3216,119.8458,341.4,1,1,2014-10-09,0554,Aqua,MODIS,82,6.2,324.2,20.2,D,0
-21.2066,117.5911,356.5,1,1,2014-10-09,0554,Aqua,MODIS,97,6.2,325.7,49.5,D,0
-21.2052,117.601,348.3,1,1,2014-10-09,0554,Aqua,MODIS,89,6.2,322.2,29.9,D,0
-20.954,119.1683,353.8,1,1,2014-10-09,0554,Aqua,MODIS,95,6.2,329.4,39.8,D,0
-20.9554,119.1586,338.9,1,1,2014-10-09,0554,Aqua,MODIS,69,6.2,327.2,10.3,D,0
-21.1962,117.5995,338.7,1,1,2014-10-09,0554,Aqua,MODIS,43,6.2,322.4,12.2,D,0
-21.1975,117.5897,340.6,1,1,2014-10-09,0554,Aqua,MODIS,72,6.2,325.4,16.4,D,0
-21.1739,117.626,336,1,1,2014-10-09,0554,Aqua,MODIS,36,6.2,319.5,8.1,D,0
-21.1753,117.6162,366.2,1,1,2014-10-09,0554,Aqua,MODIS,100,6.2,322.3,75.3,D,0
-21.1766,117.6064,343.2,1,1,2014-10-09,0554,Aqua,MODIS,17,6.2,322.7,16.3,D,0
-21.1793,117.5868,349.9,1,1,2014-10-09,0554,Aqua,MODIS,83,6.2,325.3,30.6,D,0
-21.1662,117.6148,347.6,1,1,2014-10-09,0554,Aqua,MODIS,86,6.2,324.2,27.2,D,0
-21.1648,117.6246,374.1,1,1,2014-10-09,0554,Aqua,MODIS,100,6.2,324.8,103.9,D,0
-21.1494,117.602,367.6,1,1,2014-10-09,0554,Aqua,MODIS,100,6.2,326.8,81.4,D,0
-20.4938,119.0394,348.2,1,1,2014-10-09,0554,Aqua,MODIS,90,6.2,327.5,27.4,D,0
-20.4953,119.0298,347.2,1,1,2014-10-09,0554,Aqua,MODIS,89,6.2,329.7,24.9,D,0
-20.4848,119.0379,423.2,1,1,2014-10-09,0554,Aqua,MODIS,100,6.2,341,396.3,D,0
-20.4862,119.0283,382.2,1,1,2014-10-09,0554,Aqua,MODIS,100,6.2,337.3,129.3,D,0
-20.4876,119.0186,371,1,1,2014-10-09,0554,Aqua,MODIS,100,6.2,330.2,86.5,D,0
-20.4763,119.0408,402.6,1,1,2014-10-09,0554,Aqua,MODIS,100,6.2,332.6,245.7,D,0
-20.4777,119.0311,376.4,1,1,2014-10-09,0554,Aqua,MODIS,100,6.2,338.4,111.5,D,0
-20.4792,119.0215,386.6,1,1,2014-10-09,0554,Aqua,MODIS,100,6.2,340.3,154.7,D,0
-20.4673,119.0393,409.9,1,1,2014-10-09,0554,Aqua,MODIS,100,6.2,327.7,295.9,D,0
-20.4687,119.0296,481.5,1,1,2014-10-09,0554,Aqua,MODIS,100,6.2,400.1,1204,D,0
-20.4701,119.02,477.5,1,1,2014-10-09,0554,Aqua,MODIS,100,6.2,400.1,1124.8,D,0
-20.4715,119.0103,353.7,1,1,2014-10-09,0554,Aqua,MODIS,89,6.2,328.9,40.7,D,0
-20.4583,119.0377,334.7,1,1,2014-10-09,0554,Aqua,MODIS,69,6.2,312.4,11.2,D,0
-20.4597,119.0281,345.5,1,1,2014-10-09,0554,Aqua,MODIS,87,6.2,311.4,27,D,0
-20.4611,119.0184,341,1,1,2014-10-09,0554,Aqua,MODIS,61,6.2,303,15.7,D,0
-21.5921,117.7834,352.8,1,1,2014-10-09,0554,Aqua,MODIS,94,6.2,322.3,40.6,D,0
-16.8165,126.9598,347.8,3.5,1.8,2014-10-09,0555,Aqua,MODIS,91,6.2,315.2,240.8,D,0
-16.788,126.9958,341.8,3.6,1.8,2014-10-09,0555,Aqua,MODIS,85,6.2,310,165.5,D,0
-16.8103,126.9662,369.4,3.5,1.8,2014-10-09,0555,Aqua,MODIS,100,6.2,315.5,581.4,D,0
-16.815,127.2807,337.8,3.7,1.8,2014-10-09,0555,Aqua,MODIS,72,6.2,312.9,127.2,D,0
-16.8167,126.9338,341.9,3.5,1.8,2014-10-09,0555,Aqua,MODIS,75,6.2,311.5,170.1,D,0
-16.7756,127.0877,328.4,3.6,1.8,2014-10-09,0555,Aqua,MODIS,28,6.2,311.1,49.1,D,0
-16.8207,127.2869,339.4,3.7,1.8,2014-10-09,0555,Aqua,MODIS,61,6.2,313.2,144.3,D,0
-16.8007,126.9566,362.3,3.5,1.8,2014-10-09,0555,Aqua,MODIS,100,6.2,311,459.8,D,0
-16.7945,126.9894,344,3.6,1.8,2014-10-09,0555,Aqua,MODIS,87,6.2,311.3,192.3,D,0
-16.7881,127.0225,334.1,3.6,1.8,2014-10-09,0555,Aqua,MODIS,59,6.2,310.9,94,D,0
-17.1468,124.6432,332.3,2.3,1.5,2014-10-09,0555,Aqua,MODIS,42,6.2,310.6,36.5,D,0
-17.0026,124.6474,340.3,2.3,1.5,2014-10-09,0555,Aqua,MODIS,82,6.2,316.1,64.3,D,0
-16.8312,127.2836,333,3.7,1.8,2014-10-09,0555,Aqua,MODIS,42,6.2,314.4,79.2,D,0
-17.0553,123.1085,340.5,1.8,1.3,2014-10-09,0555,Aqua,MODIS,79,6.2,314.4,54.7,D,0
-16.8424,124.0812,342.7,2.1,1.4,2014-10-09,0555,Aqua,MODIS,86,6.2,315.2,75.4,D,0
-16.7693,122.9099,364,1.8,1.3,2014-10-09,0555,Aqua,MODIS,100,6.2,310.9,185.9,D,0
-17.018,123.1482,350.4,1.8,1.3,2014-10-09,0555,Aqua,MODIS,93,6.2,309.2,110,D,0
-16.8277,127.2519,331.6,3.7,1.8,2014-10-09,0555,Aqua,MODIS,47,6.2,314.3,59.2,D,0
-16.9582,123.0954,340.8,1.8,1.3,2014-10-09,0555,Aqua,MODIS,44,6.2,313.5,51,D,0
-17.1024,123.1174,382.2,1.8,1.3,2014-10-09,0555,Aqua,MODIS,100,6.2,314.2,345.9,D,0
-17.1053,123.1006,339.3,1.8,1.3,2014-10-09,0555,Aqua,MODIS,82,6.2,309.7,59.5,D,0
-16.9678,123.0868,336.1,1.8,1.3,2014-10-09,0555,Aqua,MODIS,49,6.2,315.8,25.8,D,0
-16.9648,123.1036,341.3,1.8,1.3,2014-10-09,0555,Aqua,MODIS,65,6.2,314,52.2,D,0
-17.012,123.1123,357.3,1.8,1.3,2014-10-09,0555,Aqua,MODIS,98,6.2,316.9,133.6,D,0
-17.0906,123.1152,376.4,1.8,1.3,2014-10-09,0555,Aqua,MODIS,100,6.2,313.4,288.1,D,0
-17.0935,123.0984,335.8,1.8,1.3,2014-10-09,0555,Aqua,MODIS,67,6.2,311.8,43.1,D,0
-17.0994,123.1343,332.2,1.8,1.3,2014-10-09,0555,Aqua,MODIS,60,6.2,307.8,36.4,D,0
-17.062,123.1041,358.5,1.8,1.3,2014-10-09,0555,Aqua,MODIS,99,6.2,316.4,144.8,D,0
-17.0591,123.121,364.5,1.8,1.3,2014-10-09,0555,Aqua,MODIS,100,6.2,312.5,188.2,D,0
-17.0091,123.1291,370.1,1.8,1.3,2014-10-09,0555,Aqua,MODIS,100,6.2,315.8,230.6,D,0
-17.0209,123.1313,394.8,1.8,1.3,2014-10-09,0555,Aqua,MODIS,100,6.2,318,486.9,D,0
-17.0671,123.1107,371.4,1.8,1.3,2014-10-09,0555,Aqua,MODIS,100,6.2,315.7,239,D,0
-17.0641,123.1276,344,1.8,1.3,2014-10-09,0555,Aqua,MODIS,84,6.2,310,75.5,D,0
-17.1141,123.1197,334.2,1.8,1.3,2014-10-09,0555,Aqua,MODIS,73,6.2,307.8,46.9,D,0
-17.0118,123.0431,338.3,1.8,1.3,2014-10-09,0555,Aqua,MODIS,67,6.2,314.8,41.5,D,0
-16.9053,123.1202,371.2,1.8,1.3,2014-10-09,0555,Aqua,MODIS,94,6.2,315.2,247.7,D,0
-22.9209,149.0368,311.5,4.8,2,2014-10-09,1202,Terra,MODIS,63,6.2,290.5,95.5,N,0
-22.9028,149.0356,309.2,4.8,2,2014-10-09,1202,Terra,MODIS,65,6.2,290.3,85.8,N,0
-22.9238,149.0296,305.7,4.8,2,2014-10-09,1202,Terra,MODIS,34,6.2,290.5,61.9,N,0
-22.9055,149.0289,312.6,4.8,2,2014-10-09,1202,Terra,MODIS,69,6.2,290.4,103.2,N,0
-33.3083,137.0973,311.9,1,1,2014-10-09,1337,Terra,MODIS,84,6.2,285.7,13.3,N,0
-33.2947,137.1291,310.2,1,1,2014-10-09,1337,Terra,MODIS,79,6.2,288,11.3,N,0
-33.2962,137.118,319.8,1,1,2014-10-09,1337,Terra,MODIS,99,6.2,290.6,19.8,N,0
-26.6292,129.6448,306.5,2.2,1.4,2014-10-09,1339,Terra,MODIS,47,6.2,295.1,17.8,N,0
-26.6335,129.6001,307.1,2.2,1.4,2014-10-09,1339,Terra,MODIS,47,6.2,295,17.6,N,0
-26.6313,129.6226,309.6,2.2,1.4,2014-10-09,1339,Terra,MODIS,78,6.2,295.3,24.4,N,0
-23.6077,129.7015,320.8,2,1.4,2014-10-09,1340,Terra,MODIS,100,6.2,293.2,47.1,N,0
-23.616,129.7421,305,2,1.4,2014-10-09,1340,Terra,MODIS,61,6.2,294.1,15.2,N,0
-23.6201,129.703,337.9,2,1.4,2014-10-09,1340,Terra,MODIS,100,6.2,296.3,107.4,N,0
-23.6222,129.6833,307.4,2,1.4,2014-10-09,1340,Terra,MODIS,71,6.2,293.4,19.5,N,0
-23.6097,129.6819,308.7,2,1.4,2014-10-09,1340,Terra,MODIS,75,6.2,292.8,21.2,N,0
-19.0372,133.1467,309.4,1.1,1,2014-10-09,1341,Terra,MODIS,77,6.2,297.1,8.9,N,0
-18.1856,131.8876,305.2,1.2,1.1,2014-10-09,1341,Terra,MODIS,63,6.2,293.7,7.7,N,0
-19.0515,133.1548,312.5,1.1,1,2014-10-09,1341,Terra,MODIS,85,6.2,296.6,10.4,N,0
-13.9951,135.6777,318,1.1,1,2014-10-09,1342,Terra,MODIS,96,6.2,295.4,16.6,N,0
-14.2323,133.7484,311.4,1,1,2014-10-09,1342,Terra,MODIS,77,6.2,298,7.5,N,0
-17.9886,131.9171,303.9,1.2,1.1,2014-10-09,1342,Terra,MODIS,57,6.2,293.3,7,N,0
-14.2309,133.7576,309.6,1,1,2014-10-09,1342,Terra,MODIS,71,6.2,297.7,6.3,N,0
-14.1543,136.5651,307.6,1.2,1.1,2014-10-09,1342,Terra,MODIS,71,6.2,296,7.2,N,0
-14.1887,134.1183,311.9,1,1,2014-10-09,1342,Terra,MODIS,66,6.2,299.1,6.3,N,0
-17.4858,130.1972,309,1.5,1.2,2014-10-09,1342,Terra,MODIS,33,6.2,297.2,11.1,N,0
-17.4286,130.5676,309.6,1.4,1.2,2014-10-09,1342,Terra,MODIS,75,6.2,298.7,10.5,N,0
-17.4303,130.5542,313.2,1.4,1.2,2014-10-09,1342,Terra,MODIS,85,6.2,299.7,15.7,N,0
-17.4779,130.08,308.7,1.5,1.2,2014-10-09,1342,Terra,MODIS,67,6.2,297.5,12.8,N,0
-17.4726,130.123,315.7,1.5,1.2,2014-10-09,1342,Terra,MODIS,91,6.2,298.3,21.3,N,0
-16.8042,127.274,306,2.4,1.5,2014-10-09,1342,Terra,MODIS,17,6.2,295.9,15.1,N,0
-16.7634,127.0747,311.6,2.5,1.5,2014-10-09,1342,Terra,MODIS,9,6.2,297.9,26.4,N,0
-16.7559,127.0804,318.1,2.5,1.5,2014-10-09,1342,Terra,MODIS,96,6.2,297.5,48.1,N,0
-17.5076,130.2211,306.9,1.5,1.2,2014-10-09,1342,Terra,MODIS,5,6.2,295.9,9,N,0
-17.4876,130.183,310.4,1.5,1.2,2014-10-09,1342,Terra,MODIS,44,6.2,297.3,12.4,N,0
-17.4213,130.5394,311,1.4,1.2,2014-10-09,1342,Terra,MODIS,25,6.2,299.2,11.5,N,0
-17.423,130.526,317.7,1.4,1.2,2014-10-09,1342,Terra,MODIS,95,6.2,298.6,21.9,N,0
-17.4819,130.1389,313.9,1.5,1.2,2014-10-09,1342,Terra,MODIS,87,6.2,298.1,17.8,N,0
-17.4318,130.276,307,1.5,1.2,2014-10-09,1342,Terra,MODIS,32,6.2,295.3,9.6,N,0
-17.3592,130.3033,307.3,1.5,1.2,2014-10-09,1342,Terra,MODIS,22,6.2,295.6,10.2,N,0
-17.3484,130.3018,331.1,1.5,1.2,2014-10-09,1342,Terra,MODIS,100,6.2,298.6,51.1,N,0
-17.3501,130.2879,309.3,1.5,1.2,2014-10-09,1342,Terra,MODIS,45,6.2,295.3,12.6,N,0
-17.4482,130.5839,313.8,1.4,1.2,2014-10-09,1342,Terra,MODIS,82,6.2,298.5,15.8,N,0
-17.4523,130.5909,315.6,1.4,1.2,2014-10-09,1342,Terra,MODIS,91,6.2,298.6,18,N,0
-17.4629,130.5924,310.1,1.4,1.2,2014-10-09,1342,Terra,MODIS,44,6.2,297.9,11,N,0
-16.6851,128.2098,309.4,2.1,1.4,2014-10-09,1342,Terra,MODIS,58,6.2,298,16.7,N,0
-16.7635,127.0087,317.4,2.5,1.5,2014-10-09,1342,Terra,MODIS,94,6.2,295.6,51.5,N,0
-16.7688,127.027,306.6,2.5,1.5,2014-10-09,1342,Terra,MODIS,6,6.2,296.5,17,N,0
-16.7715,127.0031,307.7,2.5,1.5,2014-10-09,1342,Terra,MODIS,35,6.2,295.4,21.6,N,0
-16.9465,128.0813,307.9,2.1,1.4,2014-10-09,1342,Terra,MODIS,66,6.2,297.7,13,N,0
-16.7576,127.0014,307.7,2.5,1.5,2014-10-09,1342,Terra,MODIS,30,6.2,294.5,21.6,N,0
-13.6649,142.0862,303.3,3,1.6,2014-10-09,1342,Terra,MODIS,55,6.2,293.3,20.3,N,0
-13.6647,142.0927,303.5,3,1.6,2014-10-09,1342,Terra,MODIS,55,6.2,293.3,20.2,N,0
-14.8916,142.5043,304.6,3,1.7,2014-10-09,1342,Terra,MODIS,61,6.2,292.7,25.5,N,0
-15.4018,143.6966,305.6,3.6,1.8,2014-10-09,1342,Terra,MODIS,65,6.2,290.7,41.8,N,0
-15.4685,143.6058,300.8,3.6,1.8,2014-10-09,1342,Terra,MODIS,11,6.2,290.6,19.3,N,0
-14.401,133.9842,319.6,1,1,2014-10-09,1342,Terra,MODIS,99,6.2,300.6,12.8,N,0
-14.3996,133.9934,314.3,1,1,2014-10-09,1342,Terra,MODIS,72,6.2,301,8.1,N,0
-14.5697,133.7677,327.7,1,1,2014-10-09,1342,Terra,MODIS,100,6.2,300.8,22.1,N,0
-14.571,133.7585,314.3,1,1,2014-10-09,1342,Terra,MODIS,86,6.2,299.5,8.8,N,0
-14.4793,133.7576,313.8,1,1,2014-10-09,1342,Terra,MODIS,60,6.2,299.8,6.7,N,0
-14.5594,133.7756,320.6,1,1,2014-10-09,1342,Terra,MODIS,100,6.2,299.4,14.3,N,0
-14.5229,133.7737,321.3,1,1,2014-10-09,1342,Terra,MODIS,100,6.2,300.3,14.7,N,0
-14.8967,142.4767,304.3,3,1.6,2014-10-09,1342,Terra,MODIS,59,6.2,292.8,24,N,0
-14.4999,133.7418,315.1,1,1,2014-10-09,1342,Terra,MODIS,55,6.2,300.4,8.3,N,0
-14.5581,133.7849,334.4,1,1,2014-10-09,1342,Terra,MODIS,100,6.2,300,30.9,N,0
-14.5461,133.7394,309.2,1,1,2014-10-09,1342,Terra,MODIS,30,6.2,298.7,5.2,N,0
-15.4843,143.6088,304.1,3.6,1.8,2014-10-09,1342,Terra,MODIS,55,6.2,290.7,32.3,N,0
-14.4496,133.8379,309.8,1,1,2014-10-09,1342,Terra,MODIS,72,6.2,298.8,6,N,0
-14.5647,133.7386,312.4,1,1,2014-10-09,1342,Terra,MODIS,69,6.2,297.9,7.9,N,0
-14.7433,133.3835,310.5,1,1,2014-10-09,1342,Terra,MODIS,75,6.2,297.5,6.5,N,0
-14.5229,133.968,307.9,1,1,2014-10-09,1342,Terra,MODIS,65,6.2,297,5.5,N,0
-14.4922,133.7312,315.3,1,1,2014-10-09,1342,Terra,MODIS,36,6.2,300.2,8.7,N,0
-14.5557,133.7373,312.8,1,1,2014-10-09,1342,Terra,MODIS,55,6.2,298,7.9,N,0
-14.58,133.7599,331.5,1,1,2014-10-09,1342,Terra,MODIS,100,6.2,300.8,27.7,N,0
-15.4099,143.6914,303.5,3.6,1.8,2014-10-09,1342,Terra,MODIS,55,6.2,290.6,33.3,N,0
-14.5242,133.7644,319.4,1,1,2014-10-09,1342,Terra,MODIS,98,6.2,300.8,12.6,N,0
-14.5813,133.7506,324,1,1,2014-10-09,1342,Terra,MODIS,100,6.2,300.1,18.9,N,0
-14.5684,133.777,319.3,1,1,2014-10-09,1342,Terra,MODIS,98,6.2,300.3,13.4,N,0
-14.8925,142.4976,307.3,3,1.7,2014-10-09,1342,Terra,MODIS,71,6.2,292.8,33.9,N,0
-16.7691,127.1466,311.1,2.5,1.5,2014-10-09,1342,Terra,MODIS,8,6.2,297.2,25.5,N,0
-17.4099,130.4553,307.7,1.5,1.2,2014-10-09,1342,Terra,MODIS,55,6.2,296.1,9.6,N,0
-17.3671,130.4164,329.9,1.5,1.2,2014-10-09,1342,Terra,MODIS,100,6.2,300.8,44.7,N,0
-16.7956,127.2272,309.8,2.5,1.5,2014-10-09,1342,Terra,MODIS,64,6.2,297.7,24.5,N,0
-17.3943,130.4946,308.1,1.4,1.2,2014-10-09,1342,Terra,MODIS,47,6.2,298,9.5,N,0
-17.4049,130.4962,318.2,1.4,1.2,2014-10-09,1342,Terra,MODIS,96,6.2,298.5,22.5,N,0
-17.4033,130.5097,321.5,1.4,1.2,2014-10-09,1342,Terra,MODIS,100,6.2,298.8,28.1,N,0
-17.4123,130.5246,311.3,1.4,1.2,2014-10-09,1342,Terra,MODIS,69,6.2,299,12.7,N,0
-17.3688,130.4028,314.8,1.5,1.2,2014-10-09,1342,Terra,MODIS,89,6.2,299.3,19.3,N,0
-17.3654,130.4299,326.1,1.5,1.2,2014-10-09,1342,Terra,MODIS,100,6.2,299,37,N,0
-16.7758,127.1545,308.5,2.5,1.5,2014-10-09,1342,Terra,MODIS,27,6.2,297.1,20.4,N,0
-17.3778,130.451,309.1,1.5,1.2,2014-10-09,1342,Terra,MODIS,42,6.2,296.4,10.8,N,0
-17.3794,130.4375,317,1.5,1.2,2014-10-09,1342,Terra,MODIS,94,6.2,298.5,21.8,N,0
-17.3885,130.4525,317.3,1.5,1.2,2014-10-09,1342,Terra,MODIS,70,6.2,297.9,21.2,N,0
-17.3761,130.4314,321.2,1.5,1.2,2014-10-09,1342,Terra,MODIS,100,6.2,299.3,28.2,N,0
-17.3735,130.3952,307.9,1.5,1.2,2014-10-09,1342,Terra,MODIS,56,6.2,297.1,11.1,N,0
-17.3719,130.4089,317.7,1.5,1.2,2014-10-09,1342,Terra,MODIS,95,6.2,299.4,23.7,N,0
-17.3703,130.4225,341.4,1.5,1.2,2014-10-09,1342,Terra,MODIS,100,6.2,302,74.6,N,0
-17.3686,130.436,314.1,1.5,1.2,2014-10-09,1342,Terra,MODIS,84,6.2,297.3,17.2,N,0
-11.5405,130.6169,302.6,1.2,1.1,2014-10-09,1343,Terra,MODIS,47,6.2,291.7,5,N,0
-11.6689,130.6414,304.8,1.2,1.1,2014-10-09,1343,Terra,MODIS,39,6.2,292.5,5.3,N,0
-11.5391,130.6279,302.1,1.2,1.1,2014-10-09,1343,Terra,MODIS,43,6.2,291.9,4.4,N,0
-13.524,130.3304,305.9,1.3,1.1,2014-10-09,1343,Terra,MODIS,40,6.2,294.4,8,N,0
-11.7023,130.6296,309.1,1.2,1.1,2014-10-09,1343,Terra,MODIS,74,6.2,293,8.3,N,0
-13.5342,130.3318,310.6,1.3,1.1,2014-10-09,1343,Terra,MODIS,77,6.2,294.6,12.9,N,0
-12.465,134.395,305,1,1,2014-10-09,1343,Terra,MODIS,57,6.2,294.9,4.4,N,0
-12.7315,135.762,306.8,1.1,1.1,2014-10-09,1343,Terra,MODIS,68,6.2,294.6,7.3,N,0
-12.474,134.3964,308.9,1,1,2014-10-09,1343,Terra,MODIS,73,6.2,295.2,7,N,0
-12.2868,135.1714,304.7,1.1,1,2014-10-09,1343,Terra,MODIS,59,6.2,293.2,4.7,N,0
-11.3799,131.1272,304.3,1.1,1.1,2014-10-09,1343,Terra,MODIS,58,6.2,292.3,5.1,N,0
-11.6366,130.6592,304.8,1.2,1.1,2014-10-09,1343,Terra,MODIS,60,6.2,291.8,5.7,N,0
-11.3702,131.1987,306,1.1,1.1,2014-10-09,1343,Terra,MODIS,57,6.2,292.6,5.6,N,0
-11.3298,130.8916,305.5,1.2,1.1,2014-10-09,1343,Terra,MODIS,32,6.2,293.3,6,N,0
-13.4873,134.3261,328.2,1,1,2014-10-09,1343,Terra,MODIS,100,6.2,298,24.8,N,0
-13.8149,132.3985,305.6,1.1,1,2014-10-09,1343,Terra,MODIS,46,6.2,295.5,4.2,N,0
-13.4886,134.3168,315.2,1,1,2014-10-09,1343,Terra,MODIS,90,6.2,296.5,11.5,N,0
-13.3789,131.954,308,1.1,1,2014-10-09,1343,Terra,MODIS,23,6.2,297.5,4.9,N,0
-13.3536,131.93,311.1,1.1,1,2014-10-09,1343,Terra,MODIS,71,6.2,297.3,7.1,N,0
-13.8695,132.599,306.2,1,1,2014-10-09,1343,Terra,MODIS,48,6.2,295.8,4.7,N,0
-13.8934,132.6186,308.4,1,1,2014-10-09,1343,Terra,MODIS,70,6.2,297.4,6.4,N,0
-13.8225,132.5335,311.4,1,1,2014-10-09,1343,Terra,MODIS,29,6.2,294.9,8.3,N,0
-13.6472,130.31,310.9,1.3,1.1,2014-10-09,1343,Terra,MODIS,78,6.2,294.2,13,N,0
-13.0191,130.2916,302.5,1.3,1.1,2014-10-09,1343,Terra,MODIS,29,6.2,292,5.9,N,0
-13.6385,130.3149,304.5,1.3,1.1,2014-10-09,1343,Terra,MODIS,32,6.2,293.8,6.7,N,0
-13.6401,130.3028,314.5,1.3,1.1,2014-10-09,1343,Terra,MODIS,88,6.2,294.5,16.9,N,0
-13.0207,130.2797,304.8,1.3,1.1,2014-10-09,1343,Terra,MODIS,54,6.2,291.4,7.9,N,0
-13.6488,130.2979,307.1,1.3,1.1,2014-10-09,1343,Terra,MODIS,60,6.2,295.6,8.4,N,0
-12.3954,131.0824,306.4,1.2,1.1,2014-10-09,1343,Terra,MODIS,64,6.2,293.5,6.5,N,0
-12.6021,130.9824,306.3,1.2,1.1,2014-10-09,1343,Terra,MODIS,64,6.2,294.5,6.3,N,0
-12.6007,130.9932,305.2,1.2,1.1,2014-10-09,1343,Terra,MODIS,59,6.2,294.5,5.5,N,0
-21.1563,148.0533,307.3,1.7,1.3,2014-10-09,1509,Aqua,MODIS,22,6.2,290.1,16.2,N,0
-21.0719,148.0276,324.4,1.7,1.3,2014-10-09,1509,Aqua,MODIS,100,6.2,289.9,47.3,N,0
-21.0861,148.0406,325.6,1.7,1.3,2014-10-09,1509,Aqua,MODIS,84,6.2,291.8,46.3,N,0
-21.0975,148.0383,355,1.7,1.3,2014-10-09,1509,Aqua,MODIS,100,6.2,293.1,152.4,N,0
-21.0946,148.022,338.4,1.7,1.3,2014-10-09,1509,Aqua,MODIS,100,6.2,290.1,84.4,N,0
-21.1057,147.8169,303.6,1.7,1.3,2014-10-09,1509,Aqua,MODIS,56,6.2,289.2,13.9,N,0
-24.6929,151.916,304.4,1,1,2014-10-09,1510,Aqua,MODIS,51,6.2,288.3,6.8,N,0
-22.9037,149.0338,324.6,1.3,1.1,2014-10-09,1510,Aqua,MODIS,40,6.2,291.1,29.9,N,0
-22.9059,149.0467,331.4,1.3,1.1,2014-10-09,1510,Aqua,MODIS,76,6.2,291.6,43.2,N,0
-25.2356,147.7889,300.7,1.5,1.2,2014-10-09,1511,Aqua,MODIS,33,6.2,286.9,10.2,N,0
-27.6088,149.348,304.4,1.1,1.1,2014-10-09,1511,Aqua,MODIS,60,6.2,290.5,8.3,N,0
-30.5762,150.5608,308.9,1,1,2014-10-09,1512,Aqua,MODIS,76,6.2,283.4,11.6,N,0
-30.5746,150.5504,315,1,1,2014-10-09,1512,Aqua,MODIS,90,6.2,283.7,16.3,N,0
-34.4563,150.8817,304.7,1,1,2014-10-09,1513,Aqua,MODIS,61,6.2,286.9,8.5,N,2
-22.9487,117.9076,312.1,2.1,1.4,2014-10-09,1519,Terra,MODIS,65,6.2,296.2,26.6,N,0
-22.9485,117.9124,307.2,2.1,1.4,2014-10-09,1519,Terra,MODIS,71,6.2,295.6,19.1,N,0
-22.952,117.8941,307.4,2.1,1.4,2014-10-09,1519,Terra,MODIS,71,6.2,296,19.5,N,0
-22.9358,117.9103,310.7,2.1,1.4,2014-10-09,1519,Terra,MODIS,81,6.2,295.4,24.2,N,0
-22.9393,117.8919,314.4,2.1,1.4,2014-10-09,1519,Terra,MODIS,89,6.2,295.5,32.7,N,0
-22.9361,117.9054,317.5,2.1,1.4,2014-10-09,1519,Terra,MODIS,95,6.2,295.7,40.3,N,0
-22.9395,117.8867,306.5,2.1,1.4,2014-10-09,1519,Terra,MODIS,30,6.2,294.9,15.4,N,0
-11.5333,130.6185,304.5,1,1,2014-10-09,1645,Aqua,MODIS,60,6.2,291.9,5.5,N,0
-11.536,130.6367,316.7,1,1,2014-10-09,1645,Aqua,MODIS,94,6.2,293.4,14,N,0
-11.5347,130.6276,313.4,1,1,2014-10-09,1645,Aqua,MODIS,87,6.2,293.3,11.4,N,0
-11.3332,130.8837,304.3,1,1,2014-10-09,1645,Aqua,MODIS,59,6.2,293.2,4.4,N,0
-13.5002,130.3453,308.6,1,1,2014-10-09,1646,Aqua,MODIS,75,6.2,293.4,8.1,N,0
-13.8089,132.3774,311.8,1.1,1.1,2014-10-09,1646,Aqua,MODIS,82,6.2,296.1,10.6,N,0
-12.61,130.9965,311.4,1,1,2014-10-09,1646,Aqua,MODIS,82,6.2,295.3,8.2,N,0
-12.5996,130.9886,345.7,1,1,2014-10-09,1646,Aqua,MODIS,100,6.2,297.4,51.9,N,0
-14.4758,133.7627,308.3,1.4,1.2,2014-10-09,1646,Aqua,MODIS,55,6.2,297,8,N,0
-12.6086,130.9873,328.6,1,1,2014-10-09,1646,Aqua,MODIS,100,6.2,295.9,25,N,0
-14.5777,133.7564,311.2,1.4,1.2,2014-10-09,1646,Aqua,MODIS,28,6.2,296.2,11.5,N,0
-12.6009,130.9978,327.6,1,1,2014-10-09,1646,Aqua,MODIS,100,6.2,295.8,23.9,N,0
-12.5906,130.9899,305.1,1,1,2014-10-09,1646,Aqua,MODIS,61,6.2,294.9,4.4,N,0
-14.5742,133.763,309.9,1.4,1.2,2014-10-09,1646,Aqua,MODIS,74,6.2,296.6,11.4,N,0
-13.8224,132.545,305.1,1.1,1.1,2014-10-09,1646,Aqua,MODIS,59,6.2,294.7,5.7,N,0
-13.0129,130.2902,307.8,1,1,2014-10-09,1646,Aqua,MODIS,72,6.2,292.7,7.2,N,0
-13.0218,130.2889,303.6,1,1,2014-10-09,1646,Aqua,MODIS,35,6.2,293.1,4.4,N,0
-13.0115,130.2811,327,1,1,2014-10-09,1646,Aqua,MODIS,100,6.2,293.1,24.5,N,0
-13.6426,130.3114,303.4,1,1,2014-10-09,1646,Aqua,MODIS,55,6.2,293,4.8,N,0
-13.0205,130.2797,310.8,1,1,2014-10-09,1646,Aqua,MODIS,81,6.2,293.2,9,N,0
-16.7999,127.279,308.7,1.1,1.1,2014-10-09,1647,Aqua,MODIS,72,6.2,296.1,8.2,N,0
-17.4191,130.5362,309.1,1,1,2014-10-09,1647,Aqua,MODIS,76,6.2,297.1,7.6,N,0
-16.8574,127.3346,406,1.1,1.1,2014-10-09,1647,Aqua,MODIS,100,6.2,311.7,342.4,N,0
-16.8368,127.3271,325.1,1.1,1.1,2014-10-09,1647,Aqua,MODIS,100,6.2,297.8,25,N,0
-16.8384,127.3376,309.6,1.1,1.1,2014-10-09,1647,Aqua,MODIS,73,6.2,296.1,8.3,N,0
-16.8463,127.3257,319.4,1.1,1.1,2014-10-09,1647,Aqua,MODIS,98,6.2,298.8,17.3,N,0
-16.7501,127.0907,308.7,1.2,1.1,2014-10-09,1647,Aqua,MODIS,20,6.2,297.6,7.3,N,0
-16.859,127.3451,358.9,1.1,1.1,2014-10-09,1647,Aqua,MODIS,100,6.2,302.2,95,N,0
-16.6455,128.2349,320.3,1,1,2014-10-09,1647,Aqua,MODIS,100,6.2,300.5,16.4,N,0
-16.647,128.2447,310.5,1,1,2014-10-09,1647,Aqua,MODIS,78,6.2,299.5,7.1,N,0
-16.7641,127.0551,309.1,1.2,1.1,2014-10-09,1647,Aqua,MODIS,74,6.2,297.9,7.7,N,0
-16.8806,127.3247,331.6,1.1,1.1,2014-10-09,1647,Aqua,MODIS,100,6.2,298.5,33.2,N,0
-16.8823,127.3352,350.5,1.1,1.1,2014-10-09,1647,Aqua,MODIS,100,6.2,301.6,71.6,N,0
-16.8901,127.3232,308.8,1.1,1.1,2014-10-09,1647,Aqua,MODIS,20,6.2,297.8,6.3,N,0
-17.4131,130.1785,303.6,1,1,2014-10-09,1647,Aqua,MODIS,54,6.2,290.7,5.6,N,0
-16.8479,127.3361,375.7,1.1,1.1,2014-10-09,1647,Aqua,MODIS,100,6.2,306.9,158.6,N,0
-17.5911,127.3732,308.5,1.1,1,2014-10-09,1647,Aqua,MODIS,59,6.2,296.1,7,N,0
-16.8495,127.3466,314.5,1.1,1.1,2014-10-09,1647,Aqua,MODIS,69,6.2,298,11.7,N,0
-16.7982,127.2685,318.2,1.1,1.1,2014-10-09,1647,Aqua,MODIS,96,6.2,296.3,17.4,N,0
-16.8917,127.3336,318.5,1.1,1.1,2014-10-09,1647,Aqua,MODIS,97,6.2,300,15.4,N,0
-16.9012,127.3321,309.6,1.1,1.1,2014-10-09,1647,Aqua,MODIS,71,6.2,297.4,7.5,N,0
-16.8669,127.333,350.4,1.1,1.1,2014-10-09,1647,Aqua,MODIS,100,6.2,301.9,71.7,N,0
-16.8685,127.3435,336.6,1.1,1.1,2014-10-09,1647,Aqua,MODIS,100,6.2,299.9,41.5,N,0
-16.8711,127.3264,319.5,1.1,1.1,2014-10-09,1647,Aqua,MODIS,99,6.2,298.2,17.5,N,0
-16.8728,127.3369,334.3,1.1,1.1,2014-10-09,1647,Aqua,MODIS,100,6.2,301.9,38,N,0
-17.4337,130.5735,307.8,1,1,2014-10-09,1647,Aqua,MODIS,73,6.2,297.5,6.6,N,0
-17.4144,130.1879,303.4,1,1,2014-10-09,1647,Aqua,MODIS,55,6.2,291,5.7,N,0
-19.043,133.152,326.8,1.4,1.2,2014-10-09,1647,Aqua,MODIS,100,6.2,295.7,41.4,N,0
-18.1786,131.8884,303.4,1.2,1.1,2014-10-09,1647,Aqua,MODIS,44,6.2,292.7,6.4,N,0
-19.0413,133.1385,308.8,1.4,1.2,2014-10-09,1647,Aqua,MODIS,76,6.2,294.9,13.7,N,0
-18.1883,131.887,304.8,1.2,1.1,2014-10-09,1647,Aqua,MODIS,62,6.2,293.5,7.8,N,0
-17.4331,132.8103,302.9,1.3,1.1,2014-10-09,1647,Aqua,MODIS,29,6.2,292,6.6,N,0
-16.0256,127.9746,315.6,1.1,1,2014-10-09,1647,Aqua,MODIS,91,6.2,300.3,11.2,N,0
-17.3649,130.4165,315.2,1,1,2014-10-09,1647,Aqua,MODIS,91,6.2,297.7,12.6,N,0
-17.3899,130.4618,311.5,1,1,2014-10-09,1647,Aqua,MODIS,74,6.2,295.8,9.4,N,0
-16.8371,126.8687,349.1,1.2,1.1,2014-10-09,1647,Aqua,MODIS,100,6.2,298.5,75.6,N,0
-17.3676,130.4357,307,1,1,2014-10-09,1647,Aqua,MODIS,58,6.2,296.2,6.5,N,0
-17.0596,123.2175,309.3,2,1.4,2014-10-09,1647,Aqua,MODIS,77,6.2,290,26.3,N,0
-16.8388,126.8797,314,1.2,1.1,2014-10-09,1647,Aqua,MODIS,83,6.2,294.3,14.4,N,0
-16.8238,126.8484,314,1.2,1.1,2014-10-09,1647,Aqua,MODIS,65,6.2,295.4,13.8,N,0
-16.7966,127.258,308.8,1.1,1.1,2014-10-09,1647,Aqua,MODIS,73,6.2,296.6,8.2,N,0
-16.7932,127.2369,311,1.1,1.1,2014-10-09,1647,Aqua,MODIS,74,6.2,297.9,9.2,N,0
-17.369,130.4453,305.2,1,1,2014-10-09,1647,Aqua,MODIS,49,6.2,294.1,5.3,N,0
-17.3662,130.4261,314.6,1,1,2014-10-09,1647,Aqua,MODIS,88,6.2,297.2,11.8,N,0
-16.8353,126.8577,322.5,1.2,1.1,2014-10-09,1647,Aqua,MODIS,100,6.2,295.1,23.9,N,0
-23.6102,129.7005,307.9,1.1,1,2014-10-09,1649,Aqua,MODIS,9,6.2,291.5,8.4,N,0
-22.936,117.9227,305.2,3.7,1.8,2014-10-09,1649,Aqua,MODIS,63,6.2,293.5,41.1,N,0
-24.4907,128.7592,310,1,1,2014-10-09,1649,Aqua,MODIS,62,6.2,294.3,8.3,N,0
-24.4921,128.7693,342.2,1,1,2014-10-09,1649,Aqua,MODIS,100,6.2,297.5,47.9,N,0
-24.4936,128.7794,314.9,1,1,2014-10-09,1649,Aqua,MODIS,84,6.2,294.5,12.4,N,0
-24.5019,128.706,320.5,1,1,2014-10-09,1649,Aqua,MODIS,100,6.2,295.8,17.9,N,0
-24.5095,128.6945,310.5,1,1,2014-10-09,1649,Aqua,MODIS,80,6.2,294.6,9.3,N,0
-24.5047,128.7261,310.6,1,1,2014-10-09,1649,Aqua,MODIS,80,6.2,294.7,9.2,N,0
-24.5075,128.7462,313.2,1,1,2014-10-09,1649,Aqua,MODIS,50,6.2,294,10.4,N,0
-26.6281,129.6442,315,1.1,1.1,2014-10-09,1650,Aqua,MODIS,90,6.2,289.8,17.3,N,0
-11.0309,142.4038,316.5,1.8,1.3,2014-10-10,0032,Terra,MODIS,49,6.2,297.2,18.2,D,0
-12.4339,141.8384,322.9,1.9,1.3,2014-10-10,0033,Terra,MODIS,63,6.2,305.4,23.6,D,0
-13.4658,142.0167,324.7,1.8,1.3,2014-10-10,0033,Terra,MODIS,72,6.2,302.5,24.3,D,0
-13.4685,142.0328,327.6,1.7,1.3,2014-10-10,0033,Terra,MODIS,76,6.2,302.3,31.1,D,0
-14.4102,144.3863,324.4,1.2,1.1,2014-10-10,0033,Terra,MODIS,40,6.2,305.9,11.7,D,0
-15.409,143.7164,337.2,1.3,1.1,2014-10-10,0033,Terra,MODIS,83,6.2,307.3,33.6,D,0
-14.412,144.3973,346.2,1.2,1.1,2014-10-10,0033,Terra,MODIS,92,6.2,308.2,53.7,D,0
-13.6324,142.1211,328.7,1.7,1.3,2014-10-10,0033,Terra,MODIS,28,6.2,303.5,28.5,D,0
-15.4456,145.0425,322.4,1.1,1,2014-10-10,0033,Terra,MODIS,37,6.2,299.3,9.6,D,0
-14.5595,144.433,332,1.2,1.1,2014-10-10,0033,Terra,MODIS,78,6.2,308.5,21.6,D,0
-15.399,143.7181,328.9,1.3,1.1,2014-10-10,0033,Terra,MODIS,57,6.2,308,17.2,D,0
-14.4171,144.4297,332.2,1.2,1.1,2014-10-10,0033,Terra,MODIS,79,6.2,306.9,23.4,D,0
-14.2416,142.104,347.9,1.7,1.3,2014-10-10,0033,Terra,MODIS,93,6.2,306.8,93.6,D,0
-14.4189,144.4405,356.5,1.2,1.1,2014-10-10,0033,Terra,MODIS,98,6.2,309.6,82,D,0
-14.2276,142.0907,342.5,1.7,1.3,2014-10-10,0033,Terra,MODIS,89,6.2,304.4,77.6,D,0
-13.4846,142.1275,332.8,1.7,1.3,2014-10-10,0033,Terra,MODIS,76,6.2,303.8,40.8,D,0
-13.4819,142.112,329,1.7,1.3,2014-10-10,0033,Terra,MODIS,69,6.2,304.9,30,D,0
-14.2302,142.106,343.7,1.7,1.3,2014-10-10,0033,Terra,MODIS,90,6.2,306.6,80.7,D,0
-14.5896,144.3548,327.8,1.2,1.1,2014-10-10,0033,Terra,MODIS,35,6.2,310.5,8.1,D,0
-12.4961,141.9155,328.8,1.9,1.3,2014-10-10,0033,Terra,MODIS,77,6.2,306.1,33.7,D,0
-12.5013,141.9087,327.8,1.9,1.3,2014-10-10,0033,Terra,MODIS,78,6.2,305.8,32.7,D,0
-12.431,141.8212,327,1.9,1.3,2014-10-10,0033,Terra,MODIS,77,6.2,304.5,36.6,D,0
-13.6731,142.0818,329.2,1.7,1.3,2014-10-10,0033,Terra,MODIS,70,6.2,302.9,33.5,D,0
-13.4656,141.7289,338.1,1.8,1.3,2014-10-10,0033,Terra,MODIS,75,6.2,303,69.8,D,0
-14.5931,144.3767,330,1.2,1.1,2014-10-10,0033,Terra,MODIS,33,6.2,310,13.7,D,0
-13.5755,142.1212,327.8,1.7,1.3,2014-10-10,0033,Terra,MODIS,43,6.2,305,25.7,D,0
-14.4565,144.2994,340.7,1.2,1.1,2014-10-10,0033,Terra,MODIS,87,6.2,307.3,39.2,D,0
-14.4547,144.2884,326.8,1.2,1.1,2014-10-10,0033,Terra,MODIS,60,6.2,302.7,15.2,D,0
-13.4676,142.1524,337.7,1.7,1.3,2014-10-10,0033,Terra,MODIS,78,6.2,304.3,56.8,D,0
-13.4642,142.1471,331.5,1.7,1.3,2014-10-10,0033,Terra,MODIS,68,6.2,306.3,38.9,D,0
-13.1494,141.8549,320.1,1.8,1.3,2014-10-10,0033,Terra,MODIS,41,6.2,301.8,16,D,0
-12.4747,142.3453,321.7,1.7,1.3,2014-10-10,0033,Terra,MODIS,27,6.2,301.2,16.6,D,0
-15.0819,145.1361,323.4,1.1,1,2014-10-10,0033,Terra,MODIS,27,6.2,305.9,13.5,D,0
-14.1449,136.5636,311.5,4.4,1.9,2014-10-10,0033,Terra,MODIS,49,6.2,293,37.5,D,0
-14.4206,144.4513,325.3,1.2,1.1,2014-10-10,0033,Terra,MODIS,60,6.2,306.3,13,D,0
-14.9051,142.4944,328.1,1.5,1.2,2014-10-10,0033,Terra,MODIS,42,6.2,309.1,17.4,D,0
-15.4945,143.6124,354.8,1.3,1.1,2014-10-10,0033,Terra,MODIS,97,6.2,307.9,82.9,D,0
-14.9062,142.4874,326.6,1.5,1.2,2014-10-10,0033,Terra,MODIS,18,6.2,308.7,16.5,D,0
-12.633,142.5437,325.1,1.7,1.3,2014-10-10,0033,Terra,MODIS,65,6.2,297,24,D,0
-12.7675,142.1053,324.8,1.8,1.3,2014-10-10,0033,Terra,MODIS,28,6.2,305.7,16.5,D,0
-15.4171,143.7032,332,1.3,1.1,2014-10-10,0033,Terra,MODIS,75,6.2,308.2,22.9,D,0
-15.5088,143.5735,328.8,1.3,1.1,2014-10-10,0033,Terra,MODIS,34,6.2,306.8,19.2,D,0
-15.4624,143.6055,332.9,1.3,1.1,2014-10-10,0033,Terra,MODIS,79,6.2,308.4,22,D,0
-14.2882,142.3134,329.8,1.6,1.2,2014-10-10,0033,Terra,MODIS,62,6.2,308.3,25.8,D,0
-15.4863,143.6256,345.3,1.3,1.1,2014-10-10,0033,Terra,MODIS,87,6.2,309,52.2,D,0
-12.8012,141.9749,329.8,1.8,1.3,2014-10-10,0033,Terra,MODIS,79,6.2,301.7,39.7,D,0
-12.7984,141.9583,326.4,1.8,1.3,2014-10-10,0033,Terra,MODIS,74,6.2,303,31.7,D,0
-15.2016,143.448,343.2,1.3,1.1,2014-10-10,0033,Terra,MODIS,89,6.2,309.5,47.5,D,0
-15.4725,143.6038,330.3,1.3,1.1,2014-10-10,0033,Terra,MODIS,38,6.2,307.9,16.8,D,0
-14.9944,145.1051,351.7,1.1,1,2014-10-10,0033,Terra,MODIS,95,6.2,303,65.7,D,0
-12.7956,141.9829,324.7,1.8,1.3,2014-10-10,0033,Terra,MODIS,73,6.2,302.1,23.1,D,0
-15.3047,145.1997,320.2,1.1,1,2014-10-10,0033,Terra,MODIS,42,6.2,301.2,11.5,D,0
-15.193,143.5236,327.9,1.3,1.1,2014-10-10,0033,Terra,MODIS,48,6.2,309.6,12.6,D,0
-15.1996,143.4359,341.5,1.3,1.1,2014-10-10,0033,Terra,MODIS,87,6.2,308,44.1,D,0
-12.7702,142.1215,325.4,1.8,1.3,2014-10-10,0033,Terra,MODIS,50,6.2,303.9,18.1,D,0
-14.4528,142.195,324.8,1.6,1.3,2014-10-10,0033,Terra,MODIS,53,6.2,307.6,14.5,D,0
-12.7866,141.9603,320.8,1.8,1.3,2014-10-10,0033,Terra,MODIS,55,6.2,303.4,17.6,D,0
-14.4503,142.18,327.9,1.6,1.3,2014-10-10,0033,Terra,MODIS,72,6.2,307,22.7,D,0
-15.3032,145.1898,337.5,1.1,1,2014-10-10,0033,Terra,MODIS,85,6.2,304,35.6,D,0
-15.4747,143.5547,324.9,1.3,1.1,2014-10-10,0033,Terra,MODIS,36,6.2,308.7,9.9,D,0
-14.2745,142.3005,325.3,1.6,1.3,2014-10-10,0033,Terra,MODIS,39,6.2,308.3,15,D,0
-15.2035,143.4601,329.6,1.3,1.1,2014-10-10,0033,Terra,MODIS,48,6.2,309.4,15.9,D,0
-12.7894,141.9769,325.3,1.8,1.3,2014-10-10,0033,Terra,MODIS,74,6.2,303.7,26.9,D,0
-15.4271,143.7015,328.8,1.3,1.1,2014-10-10,0033,Terra,MODIS,60,6.2,307,17.2,D,0
-12.7928,141.9662,348.4,1.8,1.3,2014-10-10,0033,Terra,MODIS,94,6.2,303.8,112.5,D,0
-15.5652,143.6061,330,1.3,1.1,2014-10-10,0034,Terra,MODIS,75,6.2,306.6,25,D,0
-15.9742,144.5464,328.4,1.1,1.1,2014-10-10,0034,Terra,MODIS,74,6.2,306.1,19.9,D,0
-16.7761,141.2845,328.7,1.7,1.3,2014-10-10,0034,Terra,MODIS,57,6.2,305.8,23,D,0
-16.7789,141.3005,330.4,1.7,1.3,2014-10-10,0034,Terra,MODIS,64,6.2,308.2,26.7,D,0
-15.9716,145.2799,333.4,1.1,1,2014-10-10,0034,Terra,MODIS,82,6.2,304.9,26.9,D,0
-19.146,146.5587,323.7,1,1,2014-10-10,0034,Terra,MODIS,52,6.2,303.2,10,D,0
-21.0768,148.0107,337.3,1.1,1.1,2014-10-10,0035,Terra,MODIS,85,6.2,307.9,29.3,D,0
-21.0782,148.0212,366.3,1.1,1.1,2014-10-10,0035,Terra,MODIS,100,6.2,310.1,109.1,D,0
-21.0797,148.0323,357.8,1.1,1.1,2014-10-10,0035,Terra,MODIS,98,6.2,310.6,78.7,D,0
-21.1139,148.0432,335.2,1.2,1.1,2014-10-10,0035,Terra,MODIS,36,6.2,310.9,15.6,D,0
-21.1043,148.0448,363,1.2,1.1,2014-10-10,0035,Terra,MODIS,100,6.2,310,87.9,D,0
-21.1028,148.0336,362.8,1.2,1.1,2014-10-10,0035,Terra,MODIS,97,6.2,310.6,91.7,D,0
-21.0821,148.0254,360.3,1.1,1.1,2014-10-10,0035,Terra,MODIS,100,6.2,311.1,91.1,D,0
-21.0807,148.0147,357.7,1.1,1.1,2014-10-10,0035,Terra,MODIS,98,6.2,307.9,84.4,D,0
-21.1014,148.0228,343,1.1,1.1,2014-10-10,0035,Terra,MODIS,71,6.2,306,41.9,D,0
-21.0836,148.0366,347.1,1.2,1.1,2014-10-10,0035,Terra,MODIS,88,6.2,309.8,50.6,D,0
-21.0932,148.0352,347,1.2,1.1,2014-10-10,0035,Terra,MODIS,80,6.2,309.2,49.2,D,0
-21.0918,148.0242,369.4,1.1,1.1,2014-10-10,0035,Terra,MODIS,100,6.2,308.3,125.6,D,0
-21.1207,148.0203,346.7,1.1,1.1,2014-10-10,0035,Terra,MODIS,92,6.2,302.1,51.8,D,0
-21.1221,148.0309,355.2,1.2,1.1,2014-10-10,0035,Terra,MODIS,95,6.2,309,71.1,D,0
-21.1636,148.0475,337.7,1.2,1.1,2014-10-10,0035,Terra,MODIS,85,6.2,305.3,28.9,D,0
-21.1318,148.0298,359,1.2,1.1,2014-10-10,0035,Terra,MODIS,99,6.2,311,81.6,D,0
-21.1472,148.0721,336.7,1.2,1.1,2014-10-10,0035,Terra,MODIS,51,6.2,308.9,24.7,D,0
-21.1568,148.0706,348.1,1.2,1.1,2014-10-10,0035,Terra,MODIS,85,6.2,306.4,51.9,D,0
-21.0649,148.0684,336.8,1.2,1.1,2014-10-10,0035,Terra,MODIS,52,6.2,311.5,26.9,D,0
-21.0634,148.0574,344.6,1.2,1.1,2014-10-10,0035,Terra,MODIS,84,6.2,310.7,44.9,D,0
-21.1553,148.0594,347.9,1.2,1.1,2014-10-10,0035,Terra,MODIS,90,6.2,309.3,50.1,D,0
-21.1121,147.81,328.2,1.1,1.1,2014-10-10,0035,Terra,MODIS,69,6.2,306.2,16.7,D,0
-21.1552,147.8088,325.6,1.1,1.1,2014-10-10,0035,Terra,MODIS,57,6.2,306.2,12.8,D,0
-21.165,148.0581,345.4,1.2,1.1,2014-10-10,0035,Terra,MODIS,91,6.2,304.6,46.9,D,0
-24.5659,151.0181,333.5,2,1.4,2014-10-10,0036,Terra,MODIS,84,6.2,299.4,73.9,D,0
-25.3048,150.2734,316.7,1.8,1.3,2014-10-10,0036,Terra,MODIS,46,6.2,300.2,13.3,D,0
-25.303,150.2562,321.5,1.8,1.3,2014-10-10,0036,Terra,MODIS,69,6.2,302.1,26,D,0
-24.6203,150.4451,335.1,1.8,1.3,2014-10-10,0036,Terra,MODIS,85,6.2,305.7,58.6,D,0
-24.6222,150.4628,327.2,1.8,1.3,2014-10-10,0036,Terra,MODIS,78,6.2,304.7,33.5,D,0
-30.427,151.3703,312.7,2.5,1.5,2014-10-10,0037,Terra,MODIS,35,6.2,299.2,25.3,D,0
-32.2873,145.9625,326.4,1.2,1.1,2014-10-10,0038,Terra,MODIS,69,6.2,311.5,13.4,D,0
-31.4691,151.2347,315.2,2.5,1.5,2014-10-10,0038,Terra,MODIS,64,6.2,288.4,50.4,D,0
-31.4713,151.2617,321.4,2.5,1.5,2014-10-10,0038,Terra,MODIS,74,6.2,286.7,72.4,D,0
-11.5467,130.6653,324.3,2.7,1.6,2014-10-10,0211,Terra,MODIS,55,6.2,298.7,48.1,D,0
-11.664,130.6451,334.4,2.7,1.6,2014-10-10,0211,Terra,MODIS,86,6.2,298.4,111.9,D,0
-11.3302,130.8902,314.2,2.8,1.6,2014-10-10,0211,Terra,MODIS,0,6.2,296.2,30.9,D,0
-11.5404,130.6473,332,2.7,1.6,2014-10-10,0211,Terra,MODIS,84,6.2,299.9,95.7,D,0
-11.6783,130.6435,338,2.7,1.6,2014-10-10,0211,Terra,MODIS,89,6.2,293.8,135,D,0
-13.5348,130.346,332.7,2.8,1.6,2014-10-10,0211,Terra,MODIS,76,6.2,302.9,66.4,D,0
-13.5436,130.4227,331.3,2.8,1.6,2014-10-10,0211,Terra,MODIS,34,6.2,302.5,55.6,D,0
-13.4861,130.3329,331.3,2.8,1.6,2014-10-10,0211,Terra,MODIS,56,6.2,303,70.2,D,0
-12.9987,130.2938,328.2,2.7,1.6,2014-10-10,0211,Terra,MODIS,26,6.2,301.2,55.9,D,0
-13.6038,130.4103,330.3,2.8,1.6,2014-10-10,0211,Terra,MODIS,37,6.2,304,59.9,D,0
-13.0621,130.3058,321.6,2.7,1.6,2014-10-10,0211,Terra,MODIS,23,6.2,299.7,30.8,D,0
-13.0016,130.3185,328.5,2.7,1.6,2014-10-10,0211,Terra,MODIS,37,6.2,298.6,63.5,D,0
-13.0168,130.2861,328.6,2.7,1.6,2014-10-10,0211,Terra,MODIS,53,6.2,300.6,63.6,D,0
-13.5319,130.3206,333,2.8,1.6,2014-10-10,0211,Terra,MODIS,78,6.2,299.7,71.4,D,0
-13.027,130.2905,330.7,2.7,1.6,2014-10-10,0211,Terra,MODIS,64,6.2,298.2,72.8,D,0
-17.3458,130.2873,344.8,3.1,1.7,2014-10-10,0212,Terra,MODIS,88,6.2,317,170,D,0
-16.7538,127.0527,340.7,1.7,1.3,2014-10-10,0212,Terra,MODIS,79,6.2,315.6,50.2,D,0
-16.8035,126.8147,334.7,1.7,1.3,2014-10-10,0212,Terra,MODIS,26,6.2,317.2,25,D,0
-17.4467,130.2417,349,3.1,1.7,2014-10-10,0212,Terra,MODIS,92,6.2,315.9,194,D,0
-16.8261,126.8219,373.3,1.7,1.3,2014-10-10,0212,Terra,MODIS,100,6.2,320.5,218,D,0
-16.8146,126.8234,360.6,1.7,1.3,2014-10-10,0212,Terra,MODIS,100,6.2,318.7,130.5,D,0
-16.8169,126.8289,353,1.7,1.3,2014-10-10,0212,Terra,MODIS,95,6.2,319.1,88.7,D,0
-16.8055,126.8302,347.7,1.7,1.3,2014-10-10,0212,Terra,MODIS,91,6.2,319.5,70.2,D,0
-16.9095,127.3215,332.7,1.8,1.3,2014-10-10,0212,Terra,MODIS,60,6.2,316.4,25,D,0
-17.4525,130.1536,351.6,3,1.7,2014-10-10,0212,Terra,MODIS,94,6.2,311.8,230.8,D,0
-17.4345,130.1269,344.2,3,1.7,2014-10-10,0212,Terra,MODIS,87,6.2,315.7,167.1,D,0
-17.4226,130.1571,336.4,3,1.7,2014-10-10,0212,Terra,MODIS,36,6.2,314.6,86,D,0
-17.4494,130.1252,387.2,3,1.7,2014-10-10,0212,Terra,MODIS,100,6.2,316.2,835,D,0
-17.0547,128.1133,367.2,2.1,1.4,2014-10-10,0212,Terra,MODIS,100,6.2,317.6,259.3,D,0
-17.042,128.115,334.8,2.1,1.4,2014-10-10,0212,Terra,MODIS,58,6.2,317.1,48.2,D,0
-17.0525,128.0939,343,2.1,1.4,2014-10-10,0212,Terra,MODIS,86,6.2,313.9,87.3,D,0
-17.0546,128.1201,355.9,2.1,1.4,2014-10-10,0212,Terra,MODIS,97,6.2,316.4,166.6,D,0
-17.4377,130.3013,333.9,3.1,1.7,2014-10-10,0212,Terra,MODIS,62,6.2,317,56.2,D,0
-17.0523,128.1008,363.5,2.1,1.4,2014-10-10,0212,Terra,MODIS,100,6.2,316.3,225.1,D,0
-16.6397,128.235,334.9,2.1,1.4,2014-10-10,0212,Terra,MODIS,27,6.2,316.8,43.4,D,0
-16.7615,127.0449,337.7,1.7,1.3,2014-10-10,0212,Terra,MODIS,76,6.2,315.3,38.1,D,0
-17.4617,130.2401,367,3.1,1.7,2014-10-10,0212,Terra,MODIS,100,6.2,314.3,443.7,D,0
-17.4742,130.3572,339.6,3.1,1.7,2014-10-10,0212,Terra,MODIS,82,6.2,317.9,110.9,D,0
-17.0419,128.1219,333.2,2.1,1.4,2014-10-10,0212,Terra,MODIS,57,6.2,316.5,41.6,D,0
-16.7635,127.0611,333,1.7,1.3,2014-10-10,0212,Terra,MODIS,44,6.2,316.5,22.9,D,0
-17.0039,128.1264,329.9,2.1,1.4,2014-10-10,0212,Terra,MODIS,51,6.2,315.9,24.6,D,0
-16.7987,127.2568,347.8,1.8,1.3,2014-10-10,0212,Terra,MODIS,91,6.2,319.2,83.2,D,0
-16.7904,126.896,360.3,1.7,1.3,2014-10-10,0212,Terra,MODIS,100,6.2,318.1,137.2,D,0
-16.7967,127.2399,334.4,1.8,1.3,2014-10-10,0212,Terra,MODIS,46,6.2,317.4,27.6,D,0
-16.7869,127.2586,346.4,1.8,1.3,2014-10-10,0212,Terra,MODIS,89,6.2,317.4,78.2,D,0
-16.7849,127.2415,344.6,1.8,1.3,2014-10-10,0212,Terra,MODIS,85,6.2,316.1,68.4,D,0
-16.7829,127.2249,354.9,1.8,1.3,2014-10-10,0212,Terra,MODIS,96,6.2,316.8,121.1,D,0
-16.7884,126.8801,354.1,1.7,1.3,2014-10-10,0212,Terra,MODIS,96,6.2,318,102.6,D,0
-17.571,132.7682,335.2,4.8,2,2014-10-10,0212,Terra,MODIS,76,6.2,309,189.1,D,0
-17.6514,132.6652,352.8,4.7,2,2014-10-10,0212,Terra,MODIS,95,6.2,307.2,502.2,D,0
-17.6335,132.6669,342.7,4.7,2,2014-10-10,0212,Terra,MODIS,86,6.2,308.2,321.7,D,0
-17.5732,132.7755,337.3,4.8,2,2014-10-10,0212,Terra,MODIS,79,6.2,308.7,209.1,D,0
-17.6116,132.6242,332.2,4.7,2,2014-10-10,0212,Terra,MODIS,58,6.2,310,154.5,D,0
-17.6374,132.7114,328.2,4.7,2,2014-10-10,0212,Terra,MODIS,45,6.2,308.2,111.6,D,0
-17.6554,132.7098,330.8,4.7,2,2014-10-10,0212,Terra,MODIS,44,6.2,308.1,137.4,D,0
-17.6527,132.6707,354,4.7,2,2014-10-10,0212,Terra,MODIS,96,6.2,307,531.2,D,0
-17.6126,132.6296,336.1,4.7,2,2014-10-10,0212,Terra,MODIS,76,6.2,310.2,204.9,D,0
-17.6347,132.6723,354.3,4.7,2,2014-10-10,0212,Terra,MODIS,96,6.2,308.7,537.8,D,0
-18.2731,131.8467,344.8,4.2,1.9,2014-10-10,0213,Terra,MODIS,85,6.2,319.5,229.7,D,0
-18.2763,131.8414,336.8,4.2,1.9,2014-10-10,0213,Terra,MODIS,47,6.2,319.1,126.8,D,0
-17.617,130.1457,327.9,3,1.7,2014-10-10,0213,Terra,MODIS,38,6.2,313.6,50.1,D,0
-17.5519,130.2476,330.2,3.1,1.7,2014-10-10,0213,Terra,MODIS,39,6.2,315,50.9,D,0
-17.1878,123.2505,337.4,1.1,1,2014-10-10,0213,Terra,MODIS,75,6.2,310.5,25.2,D,0
-17.1971,123.2491,349.9,1.1,1,2014-10-10,0213,Terra,MODIS,92,6.2,307.6,51.5,D,0
-17.5535,130.2529,332,3.1,1.7,2014-10-10,0213,Terra,MODIS,57,6.2,314.6,64.8,D,0
-18.5815,130.3104,331.7,3.2,1.7,2014-10-10,0213,Terra,MODIS,59,6.2,316,59.8,D,0
-17.4452,130.2354,340.7,3.1,1.7,2014-10-10,0213,Terra,MODIS,60,6.2,315,125.1,D,0
-17.0673,123.2304,349.1,1.1,1,2014-10-10,0213,Terra,MODIS,92,6.2,310.7,44.2,D,0
-18.585,130.3167,333.9,3.2,1.7,2014-10-10,0213,Terra,MODIS,55,6.2,315.7,69.2,D,0
-17.0566,123.2219,336.6,1.1,1,2014-10-10,0213,Terra,MODIS,78,6.2,310.3,18.9,D,0
-16.9747,124.6203,345.4,1.2,1.1,2014-10-10,0213,Terra,MODIS,88,6.2,317.8,33.9,D,0
-16.9732,124.609,369.8,1.2,1.1,2014-10-10,0213,Terra,MODIS,100,6.2,319.5,118.2,D,0
-20.0998,127.6019,330.7,2.1,1.4,2014-10-10,0213,Terra,MODIS,50,6.2,315.8,22.5,D,0
-17.1957,123.2392,389.4,1.1,1,2014-10-10,0213,Terra,MODIS,100,6.2,313.1,196.3,D,0
-17.1943,123.2293,365.2,1.1,1,2014-10-10,0213,Terra,MODIS,100,6.2,307.6,92.6,D,0
-17.1865,123.2406,332.7,1.1,1,2014-10-10,0213,Terra,MODIS,33,6.2,312,16.2,D,0
-17.1851,123.2307,384.2,1.1,1,2014-10-10,0213,Terra,MODIS,100,6.2,317,166.2,D,0
-17.1759,123.232,339.1,1.1,1,2014-10-10,0213,Terra,MODIS,79,6.2,313.5,25.3,D,0
-17.1745,123.2221,331.7,1.1,1,2014-10-10,0213,Terra,MODIS,50,6.2,311.1,12.9,D,0
-17.1666,123.2334,334.3,1.1,1,2014-10-10,0213,Terra,MODIS,59,6.2,313.6,17.6,D,0
-17.4602,130.2338,368.5,3.1,1.7,2014-10-10,0213,Terra,MODIS,100,6.2,314.6,485.4,D,0
-17.5965,127.3811,332.1,1.9,1.3,2014-10-10,0213,Terra,MODIS,55,6.2,318.5,24.5,D,0
-17.5022,130.3476,361,3.1,1.7,2014-10-10,0213,Terra,MODIS,100,6.2,312.5,370.2,D,0
-17.4992,130.3181,360.3,3.1,1.7,2014-10-10,0213,Terra,MODIS,100,6.2,312.8,358.5,D,0
-18.5969,130.3089,336.8,3.2,1.7,2014-10-10,0213,Terra,MODIS,76,6.2,314.1,99.7,D,0
-17.647,130.1426,385.6,3,1.7,2014-10-10,0213,Terra,MODIS,100,6.2,313.4,815.1,D,0
-17.49,130.3788,333.3,3.2,1.7,2014-10-10,0213,Terra,MODIS,51,6.2,315,64,D,0
-17.632,130.1441,345.9,3,1.7,2014-10-10,0213,Terra,MODIS,89,6.2,314.8,186.5,D,0
-17.4631,130.2629,334.5,3.1,1.7,2014-10-10,0213,Terra,MODIS,70,6.2,312.6,87.4,D,0
-17.6481,130.1496,384.4,3,1.7,2014-10-10,0213,Terra,MODIS,100,6.2,313,789.3,D,0
-17.487,130.3493,370.5,3.1,1.7,2014-10-10,0213,Terra,MODIS,100,6.2,319.1,518.2,D,0
-17.484,130.3197,359.5,3.1,1.7,2014-10-10,0213,Terra,MODIS,99,6.2,316.9,340.4,D,0
-17.645,130.1208,345.7,3,1.7,2014-10-10,0213,Terra,MODIS,89,6.2,310,190.4,D,0
-17.6331,130.1511,356,3,1.7,2014-10-10,0213,Terra,MODIS,97,6.2,316.2,299.9,D,0
-17.6181,130.1525,335.4,3,1.7,2014-10-10,0213,Terra,MODIS,76,6.2,314.5,100.3,D,0
-17.5045,130.3539,345.7,3.1,1.7,2014-10-10,0213,Terra,MODIS,89,6.2,311.6,178.9,D,0
-17.5013,130.3243,364.4,3.1,1.7,2014-10-10,0213,Terra,MODIS,100,6.2,312,417.6,D,0
-17.4894,130.3555,367.9,3.1,1.7,2014-10-10,0213,Terra,MODIS,100,6.2,318.2,466.4,D,0
-17.4515,130.1471,369.6,3,1.7,2014-10-10,0213,Terra,MODIS,100,6.2,313.2,490.6,D,0
-17.4338,130.1205,339.7,3,1.7,2014-10-10,0213,Terra,MODIS,76,6.2,314.3,131.2,D,0
-17.4487,130.1187,378.4,3,1.7,2014-10-10,0213,Terra,MODIS,100,6.2,315.7,654.5,D,0
-17.4862,130.326,374.9,3.1,1.7,2014-10-10,0213,Terra,MODIS,100,6.2,318.4,592.1,D,0
-17.6211,130.1811,329.1,3.1,1.7,2014-10-10,0213,Terra,MODIS,58,6.2,313.7,53.6,D,0
-17.6361,130.1797,333.4,3.1,1.7,2014-10-10,0213,Terra,MODIS,72,6.2,313,80.9,D,0
-17.6198,130.1743,332,3.1,1.7,2014-10-10,0213,Terra,MODIS,69,6.2,314.3,74.1,D,0
-17.6348,130.1728,342.5,3.1,1.7,2014-10-10,0213,Terra,MODIS,86,6.2,313.9,152.7,D,0
-17.6499,130.1714,337.4,3.1,1.7,2014-10-10,0213,Terra,MODIS,79,6.2,311.6,112.7,D,0
-16.9936,124.087,341.6,1.1,1.1,2014-10-10,0213,Terra,MODIS,66,6.2,317.6,25.9,D,0
-17.604,127.3857,332.8,1.9,1.3,2014-10-10,0213,Terra,MODIS,70,6.2,317.7,27.6,D,0
-17.448,130.2644,339.9,3.1,1.7,2014-10-10,0213,Terra,MODIS,56,6.2,315.7,112.2,D,0
-19.5607,126.8851,337,1.8,1.3,2014-10-10,0213,Terra,MODIS,50,6.2,319.5,25.7,D,0
-19.566,126.8786,339,1.8,1.3,2014-10-10,0213,Terra,MODIS,78,6.2,320.8,37.9,D,0
-19.6019,126.8741,337.6,1.8,1.3,2014-10-10,0213,Terra,MODIS,63,6.2,319,31.7,D,0
-19.604,126.8915,340.8,1.8,1.3,2014-10-10,0213,Terra,MODIS,81,6.2,318,44.5,D,0
-19.6159,126.8901,335.8,1.8,1.3,2014-10-10,0213,Terra,MODIS,70,6.2,317.2,27.8,D,0
-17.0023,123.1697,336.8,1.1,1,2014-10-10,0213,Terra,MODIS,67,6.2,311.8,23,D,0
-17.0552,123.212,338.3,1.1,1,2014-10-10,0213,Terra,MODIS,81,6.2,311.8,21.4,D,0
-17.1837,123.2208,351,1.1,1,2014-10-10,0213,Terra,MODIS,93,6.2,311.3,50,D,0
-17.0115,123.1683,336.5,1.1,1,2014-10-10,0213,Terra,MODIS,38,6.2,313.7,19.5,D,0
-17.1389,123.1535,364.6,1.1,1,2014-10-10,0213,Terra,MODIS,100,6.2,314.6,82.4,D,0
-22.9363,117.8871,335,1.1,1.1,2014-10-10,0214,Terra,MODIS,75,6.2,315.2,20.3,D,0
-22.9213,117.8555,330.6,1.2,1.1,2014-10-10,0214,Terra,MODIS,65,6.2,315.2,13.3,D,0
-22.8768,117.8468,337.5,1.2,1.1,2014-10-10,0214,Terra,MODIS,79,6.2,316.4,24.6,D,0
-23.6136,129.6878,342.3,3.4,1.7,2014-10-10,0214,Terra,MODIS,87,6.2,314.1,177.1,D,0
-23.5951,129.6564,358.2,3.3,1.7,2014-10-10,0214,Terra,MODIS,98,6.2,311.3,371.5,D,0
-23.5795,129.6578,365.8,3.3,1.7,2014-10-10,0214,Terra,MODIS,100,6.2,311.3,492.4,D,0
-23.5639,129.6592,332.4,3.3,1.7,2014-10-10,0214,Terra,MODIS,36,6.2,308.1,83,D,0
-23.6086,129.6832,344.1,3.4,1.7,2014-10-10,0214,Terra,MODIS,89,6.2,314.6,195.4,D,0
-23.6059,129.6503,336.3,3.3,1.7,2014-10-10,0214,Terra,MODIS,71,6.2,307.2,124,D,0
-22.4968,122.4747,328.7,1.1,1,2014-10-10,0214,Terra,MODIS,60,6.2,313.2,9.7,D,0
-22.5213,122.5143,330.2,1.1,1,2014-10-10,0214,Terra,MODIS,38,6.2,316,9,D,0
-22.5199,122.5036,342.7,1.1,1,2014-10-10,0214,Terra,MODIS,86,6.2,315.8,31.3,D,0
-22.5148,122.537,330.6,1.1,1,2014-10-10,0214,Terra,MODIS,31,6.2,317.5,9.3,D,0
-22.5105,122.5051,348.9,1.1,1,2014-10-10,0214,Terra,MODIS,92,6.2,318.6,44.6,D,0
-22.5091,122.4944,359.4,1.1,1,2014-10-10,0214,Terra,MODIS,99,6.2,319.1,72.3,D,0
-22.5076,122.4838,370.9,1.1,1,2014-10-10,0214,Terra,MODIS,100,6.2,318.5,114.2,D,0
-22.5062,122.4732,328.8,1.1,1,2014-10-10,0214,Terra,MODIS,58,6.2,314.1,9.5,D,0
-22.4982,122.4853,359.3,1.1,1,2014-10-10,0214,Terra,MODIS,99,6.2,318.9,74.7,D,0
-23.5767,129.6251,341.6,3.3,1.7,2014-10-10,0214,Terra,MODIS,79,6.2,304.8,175.2,D,0
-24.49,128.9102,326.5,3,1.7,2014-10-10,0214,Terra,MODIS,43,6.2,313.1,40.1,D,0
-24.5007,128.6969,332.8,2.9,1.6,2014-10-10,0214,Terra,MODIS,38,6.2,313,66.5,D,0
-21.5424,117.4013,355.4,1.3,1.1,2014-10-10,0214,Terra,MODIS,96,6.2,320.9,70.6,D,0
-21.5483,117.3751,340.2,1.3,1.1,2014-10-10,0214,Terra,MODIS,69,6.2,318.5,29,D,0
-21.5504,117.3873,344,1.3,1.1,2014-10-10,0214,Terra,MODIS,83,6.2,319.3,36.9,D,0
-21.5524,117.3994,353.9,1.3,1.1,2014-10-10,0214,Terra,MODIS,95,6.2,320.5,64.3,D,0
-21.5604,117.3854,337.6,1.3,1.1,2014-10-10,0214,Terra,MODIS,75,6.2,318.9,23.4,D,0
-21.5624,117.3975,332.8,1.3,1.1,2014-10-10,0214,Terra,MODIS,22,6.2,319.7,12.1,D,0
-21.3282,119.8461,337.8,1,1,2014-10-10,0214,Terra,MODIS,80,6.2,318,20.8,D,0
-21.3297,119.8559,334.8,1,1,2014-10-10,0214,Terra,MODIS,75,6.2,317,16.4,D,0
-20.9351,119.1543,331.3,1.1,1,2014-10-10,0214,Terra,MODIS,64,6.2,319.2,8.8,D,0
-21.6158,117.7781,343.5,1.2,1.1,2014-10-10,0214,Terra,MODIS,86,6.2,317.2,36.9,D,0
-21.6177,117.7895,337.3,1.2,1.1,2014-10-10,0214,Terra,MODIS,78,6.2,316.8,23.5,D,0
-26.2592,123.6905,378,1.4,1.2,2014-10-10,0215,Terra,MODIS,100,6.2,314.3,210.1,D,0
-26.2608,123.7043,351.8,1.4,1.2,2014-10-10,0215,Terra,MODIS,95,6.2,312.8,82.5,D,0
-34.4456,117.2942,316.1,1,1,2014-10-10,0217,Terra,MODIS,74,6.2,297.2,11.3,D,0
-32.8339,116.4703,322.3,1,1,2014-10-10,0217,Terra,MODIS,79,6.2,297.4,17.3,D,0
-34.0496,116.8655,319.1,1,1,2014-10-10,0217,Terra,MODIS,77,6.2,297.1,13.8,D,0
-34.0406,116.8675,315,1,1,2014-10-10,0217,Terra,MODIS,50,6.2,295.1,9.6,D,0
-32.8321,116.4593,341.3,1,1,2014-10-10,0217,Terra,MODIS,91,6.2,299.9,44.1,D,0
-32.0636,115.9216,313.3,1.1,1,2014-10-10,0217,Terra,MODIS,24,6.2,298.6,3.2,D,2
-31.2221,115.6642,320.9,1.1,1.1,2014-10-10,0217,Terra,MODIS,71,6.2,304.1,14.5,D,0
-31.2242,115.6761,316.4,1.1,1.1,2014-10-10,0217,Terra,MODIS,60,6.2,304.1,9.3,D,0
-34.4987,117.339,312,1,1,2014-10-10,0218,Terra,MODIS,69,6.2,297.5,8.2,D,0
-31.4648,151.2383,335,2.6,1.5,2014-10-10,0317,Aqua,MODIS,87,6.2,289.4,134.8,D,0
-31.4734,151.2324,324.2,2.6,1.5,2014-10-10,0317,Aqua,MODIS,77,6.2,286.7,79.6,D,0
-29.9896,152.9369,337.2,1.9,1.3,2014-10-10,0317,Aqua,MODIS,88,6.2,290,84,D,0
-30.0018,152.9387,317.2,1.9,1.3,2014-10-10,0317,Aqua,MODIS,58,6.2,293.6,28.1,D,0
-29.9878,152.9562,342.4,1.9,1.3,2014-10-10,0317,Aqua,MODIS,91,6.2,296.4,105.6,D,0
-29.998,152.9771,327.4,1.9,1.3,2014-10-10,0317,Aqua,MODIS,81,6.2,296.6,52.7,D,0
-29.9999,152.9582,332.1,1.9,1.3,2014-10-10,0317,Aqua,MODIS,85,6.2,296.4,67.9,D,0
-29.9859,152.9751,326.3,1.9,1.3,2014-10-10,0317,Aqua,MODIS,73,6.2,297.1,49.1,D,0
-25.2539,147.7959,313.8,3.8,1.8,2014-10-10,0318,Aqua,MODIS,53,6.2,294.9,36.4,D,0
-25.2441,147.8021,313.2,3.8,1.8,2014-10-10,0318,Aqua,MODIS,47,6.2,296.9,34,D,0
-24.663,152.0406,323.1,1.8,1.3,2014-10-10,0318,Aqua,MODIS,75,6.2,299.3,34.8,D,0
-25.4767,150.9153,324,2.3,1.5,2014-10-10,0318,Aqua,MODIS,74,6.2,306.6,30.9,D,0
-24.6751,152.0421,326.4,1.8,1.3,2014-10-10,0318,Aqua,MODIS,79,6.2,298.7,41.9,D,0
-24.6867,151.8179,320.2,1.9,1.3,2014-10-10,0318,Aqua,MODIS,72,6.2,296.5,28.7,D,0
-24.703,151.8965,317.8,1.9,1.3,2014-10-10,0318,Aqua,MODIS,60,6.2,296.2,22.6,D,0
-25.2568,147.7583,314.1,3.8,1.8,2014-10-10,0318,Aqua,MODIS,54,6.2,297.1,38.7,D,0
-25.2468,147.7643,320.3,3.8,1.8,2014-10-10,0318,Aqua,MODIS,70,6.2,298.2,77.8,D,0
-24.7074,151.9039,322.8,1.9,1.3,2014-10-10,0318,Aqua,MODIS,58,6.2,296.5,34.1,D,0
-24.6933,151.9215,319.9,1.9,1.3,2014-10-10,0318,Aqua,MODIS,40,6.2,298.2,26.9,D,0
-24.701,151.9154,321.9,1.9,1.3,2014-10-10,0318,Aqua,MODIS,74,6.2,297.3,33.4,D,0
-24.6078,151.0755,314.9,2.2,1.4,2014-10-10,0319,Aqua,MODIS,63,6.2,299.4,20.6,D,0
-24.6087,151.0689,318.6,2.2,1.4,2014-10-10,0319,Aqua,MODIS,70,6.2,299.7,29.3,D,0
-24.3165,150.6156,324.8,2.3,1.5,2014-10-10,0319,Aqua,MODIS,78,6.2,296.1,51.9,D,0
-24.3068,150.6079,326,2.3,1.5,2014-10-10,0319,Aqua,MODIS,55,6.2,298.7,53.8,D,0
-24.3187,150.5927,316.1,2.3,1.5,2014-10-10,0319,Aqua,MODIS,33,6.2,296.1,20.3,D,0
-24.2214,149.5354,311.4,2.8,1.6,2014-10-10,0319,Aqua,MODIS,50,6.2,292.8,24.5,D,0
-21.1426,148.0327,344.1,3.2,1.7,2014-10-10,0320,Aqua,MODIS,86,6.2,296.8,223.9,D,0
-15.1791,144.9423,335.9,4.6,2,2014-10-10,0321,Aqua,MODIS,87,6.2,298.3,280.1,D,0
-15.1778,144.9462,336.5,4.6,2,2014-10-10,0321,Aqua,MODIS,88,6.2,298.1,286.4,D,0
-15.987,145.2907,323.2,4.5,1.9,2014-10-10,0321,Aqua,MODIS,76,6.2,295.9,152.4,D,0
-15.9878,145.2994,322.4,4.5,1.9,2014-10-10,0321,Aqua,MODIS,75,6.2,296.1,147.2,D,0
-15.1747,144.9857,315.8,4.6,2,2014-10-10,0321,Aqua,MODIS,64,6.2,297.6,69.7,D,0
-15.0028,145.0843,316.5,4.5,2,2014-10-10,0321,Aqua,MODIS,66,6.2,293.1,90.4,D,0
-15.0026,145.0889,318.7,4.5,2,2014-10-10,0321,Aqua,MODIS,70,6.2,293,108,D,0
-37.9542,144.3973,319,2,1.4,2014-10-10,0453,Aqua,MODIS,76,6.2,302,27.2,D,0
-31.6182,128.8461,321.8,1.8,1.3,2014-10-10,0455,Aqua,MODIS,65,6.2,305.1,22.7,D,0
-31.62,128.827,320.4,1.8,1.3,2014-10-10,0455,Aqua,MODIS,60,6.2,306.3,19,D,0
-33.3138,137.1063,361.8,1,1,2014-10-10,0455,Aqua,MODIS,100,6.2,319.5,76.7,D,0
-33.3248,137.0971,334.6,1,1,2014-10-10,0455,Aqua,MODIS,55,6.2,316.5,17.6,D,0
-33.3046,137.1042,332.8,1,1,2014-10-10,0455,Aqua,MODIS,40,6.2,315.5,14.3,D,0
-33.3029,137.1155,330.6,1.1,1,2014-10-10,0455,Aqua,MODIS,63,6.2,316.4,12.6,D,0
-33.3011,137.1267,327.8,1.1,1,2014-10-10,0455,Aqua,MODIS,42,6.2,316.4,9.1,D,0
-33.3174,137.0838,345.8,1,1,2014-10-10,0455,Aqua,MODIS,91,6.2,319.4,36.9,D,0
-33.3156,137.0951,343.7,1,1,2014-10-10,0455,Aqua,MODIS,78,6.2,319.8,32.2,D,0
-33.3064,137.093,335.2,1,1,2014-10-10,0455,Aqua,MODIS,61,6.2,314.6,17.5,D,0
-24.5161,128.6783,374,1.5,1.2,2014-10-10,0457,Aqua,MODIS,100,6.2,324.3,185.5,D,0
-24.5053,128.6768,345.5,1.5,1.2,2014-10-10,0457,Aqua,MODIS,82,6.2,318,47.7,D,0
-24.5127,128.6874,348.9,1.5,1.2,2014-10-10,0457,Aqua,MODIS,81,6.2,320.9,56.9,D,0
-24.5145,128.6728,358,1.5,1.2,2014-10-10,0457,Aqua,MODIS,98,6.2,323.3,97.7,D,0
-24.5036,128.6713,340.3,1.5,1.2,2014-10-10,0457,Aqua,MODIS,65,6.2,317.4,35.6,D,0
-26.1226,138.9546,333.4,1.6,1.3,2014-10-10,0457,Aqua,MODIS,64,6.2,321.2,20.1,D,0
-24.5015,128.809,349.7,1.5,1.2,2014-10-10,0457,Aqua,MODIS,92,6.2,325.7,60,D,0
-24.499,128.8034,339.5,1.5,1.2,2014-10-10,0457,Aqua,MODIS,58,6.2,324.1,29,D,0
-24.4973,128.8178,339.5,1.5,1.2,2014-10-10,0457,Aqua,MODIS,56,6.2,323.4,28.6,D,0
-24.5096,128.7367,341.5,1.5,1.2,2014-10-10,0457,Aqua,MODIS,46,6.2,323.8,27.4,D,0
-24.4988,128.7352,352.9,1.5,1.2,2014-10-10,0457,Aqua,MODIS,84,6.2,321.7,68.9,D,0
-24.5004,128.7207,351.1,1.5,1.2,2014-10-10,0457,Aqua,MODIS,77,6.2,320.6,60.5,D,0
-24.4967,128.7297,359.1,1.5,1.2,2014-10-10,0457,Aqua,MODIS,96,6.2,320.9,100.8,D,0
-26.142,138.9644,337,1.6,1.3,2014-10-10,0457,Aqua,MODIS,75,6.2,321.9,29.9,D,0
-20.7209,143.2049,348.1,4.3,1.9,2014-10-10,0458,Aqua,MODIS,91,6.2,309.8,317.9,D,0
-20.7183,143.1963,335.4,4.3,1.9,2014-10-10,0458,Aqua,MODIS,75,6.2,309.5,134.8,D,0
-20.7353,143.2005,333.9,4.3,1.9,2014-10-10,0458,Aqua,MODIS,72,6.2,308.5,116.6,D,0
-20.7805,133.5234,380.8,1,1,2014-10-10,0458,Aqua,MODIS,100,6.2,329.8,133,D,0
-20.782,133.5135,350.4,1,1,2014-10-10,0458,Aqua,MODIS,92,6.2,332.1,32.4,D,0
-20.7714,133.5219,369.6,1,1,2014-10-10,0458,Aqua,MODIS,100,6.2,326.5,88.3,D,0
-20.7729,133.512,352.1,1,1,2014-10-10,0458,Aqua,MODIS,94,6.2,329.6,36.1,D,0
-20.7988,133.5266,354,1,1,2014-10-10,0458,Aqua,MODIS,92,6.2,328.3,42.6,D,0
-20.7896,133.525,368.4,1,1,2014-10-10,0458,Aqua,MODIS,100,6.2,328.1,83.9,D,0
-22.5087,122.4802,331.7,3.9,1.8,2014-10-10,0458,Aqua,MODIS,66,6.2,315.1,92.5,D,0
-22.512,122.4423,329.4,3.9,1.8,2014-10-10,0458,Aqua,MODIS,48,6.2,312.2,76.8,D,0
-22.5009,122.4486,328.5,3.9,1.8,2014-10-10,0458,Aqua,MODIS,26,6.2,310.7,66.1,D,0
-23.5592,129.7626,335,1.2,1.1,2014-10-10,0458,Aqua,MODIS,69,6.2,320.8,16.3,D,0
-23.5796,129.6782,345.6,1.3,1.1,2014-10-10,0458,Aqua,MODIS,63,6.2,319.2,33.8,D,0
-23.5992,129.7684,345,1.2,1.1,2014-10-10,0458,Aqua,MODIS,87,6.2,322.8,38.8,D,0
-23.5977,129.7806,337.8,1.2,1.1,2014-10-10,0458,Aqua,MODIS,76,6.2,320.9,22.2,D,0
-17.4142,130.5276,340.1,1,1,2014-10-10,0459,Aqua,MODIS,39,6.2,321.3,13.9,D,0
-17.3639,130.4249,339.7,1,1,2014-10-10,0459,Aqua,MODIS,25,6.2,322.9,15.7,D,0
-17.3872,130.458,341.6,1,1,2014-10-10,0459,Aqua,MODIS,39,6.2,321.5,19,D,0
-17.3705,130.3765,356.5,1,1,2014-10-10,0459,Aqua,MODIS,97,6.2,321.5,53.7,D,0
-17.3679,130.3959,340.6,1,1,2014-10-10,0459,Aqua,MODIS,69,6.2,322.5,17.7,D,0
-17.391,130.4979,353.8,1,1,2014-10-10,0459,Aqua,MODIS,95,6.2,322.3,46,D,0
-17.3692,130.3862,368.1,1,1,2014-10-10,0459,Aqua,MODIS,100,6.2,326.8,87.7,D,0
-17.3924,130.4882,342.2,1,1,2014-10-10,0459,Aqua,MODIS,61,6.2,321,20.7,D,0
-17.3988,130.5089,343,1,1,2014-10-10,0459,Aqua,MODIS,76,6.2,322.4,21.5,D,0
-17.4066,130.5199,339.1,1,1,2014-10-10,0459,Aqua,MODIS,50,6.2,321.8,13.7,D,0
-17.4224,130.0646,375.2,1.1,1,2014-10-10,0459,Aqua,MODIS,100,6.2,313.4,130.6,D,0
-17.4469,130.2289,344.1,1,1,2014-10-10,0459,Aqua,MODIS,86,6.2,315.7,29.7,D,0
-17.4456,130.2387,353.4,1,1,2014-10-10,0459,Aqua,MODIS,95,6.2,320,50.6,D,0
-17.4605,130.1876,361.1,1,1,2014-10-10,0459,Aqua,MODIS,100,6.2,313.8,80.1,D,0
-17.4592,130.1974,351.4,1,1,2014-10-10,0459,Aqua,MODIS,85,6.2,314.5,49.9,D,0
-17.4579,130.2072,375.2,1,1,2014-10-10,0459,Aqua,MODIS,100,6.2,321.5,121.5,D,0
-17.4565,130.217,381.1,1,1,2014-10-10,0459,Aqua,MODIS,100,6.2,326.1,142.3,D,0
-17.4552,130.2268,408.8,1,1,2014-10-10,0459,Aqua,MODIS,100,6.2,325.3,302.1,D,0
-17.4236,130.1252,335,1.1,1,2014-10-10,0459,Aqua,MODIS,57,6.2,313.7,14.8,D,0
-17.4423,130.0575,409,1.1,1,2014-10-10,0459,Aqua,MODIS,100,6.2,327.4,319.4,D,0
-20.0777,127.6243,338.1,1.5,1.2,2014-10-10,0459,Aqua,MODIS,76,6.2,316.2,27.5,D,0
-17.433,130.0561,339.9,1.1,1,2014-10-10,0459,Aqua,MODIS,80,6.2,312.2,30.5,D,0
-17.4105,130.083,334,1.1,1,2014-10-10,0459,Aqua,MODIS,40,6.2,308,23.4,D,0
-17.4092,130.0929,400.7,1.1,1,2014-10-10,0459,Aqua,MODIS,100,6.2,318.8,263.7,D,0
-17.4079,130.1027,390.9,1.1,1,2014-10-10,0459,Aqua,MODIS,100,6.2,315.9,205.2,D,0
-17.4483,130.2191,384.5,1,1,2014-10-10,0459,Aqua,MODIS,100,6.2,321.8,161,D,0
-17.4211,130.0745,429.4,1.1,1,2014-10-10,0459,Aqua,MODIS,100,6.2,329.9,503.9,D,0
-17.4198,130.0844,444.2,1.1,1,2014-10-10,0459,Aqua,MODIS,100,6.2,341.1,671.6,D,0
-17.4733,130.3689,345,1,1,2014-10-10,0459,Aqua,MODIS,73,6.2,326.2,21.8,D,0
-17.4184,130.0943,475.2,1.1,1,2014-10-10,0459,Aqua,MODIS,100,6.2,400.1,1166.1,D,0
-17.4171,130.1041,396,1.1,1,2014-10-10,0459,Aqua,MODIS,100,6.2,330.6,229.7,D,0
-17.4157,130.114,365.3,1.1,1,2014-10-10,0459,Aqua,MODIS,100,6.2,317.8,90.4,D,0
-17.4144,130.1238,341.2,1.1,1,2014-10-10,0459,Aqua,MODIS,82,6.2,311.8,29.1,D,0
-17.4317,130.066,441.2,1.1,1,2014-10-10,0459,Aqua,MODIS,100,6.2,338,634.2,D,0
-17.4303,130.0759,432.5,1.1,1,2014-10-10,0459,Aqua,MODIS,100,6.2,342.3,532,D,0
-17.429,130.0858,377.9,1.1,1,2014-10-10,0459,Aqua,MODIS,100,6.2,327.8,133.9,D,0
-17.4276,130.0956,369.9,1.1,1,2014-10-10,0459,Aqua,MODIS,100,6.2,326.1,101.4,D,0
-17.4263,130.1055,355.4,1.1,1,2014-10-10,0459,Aqua,MODIS,93,6.2,321.7,51.5,D,0
-17.4249,130.1154,340.8,1.1,1,2014-10-10,0459,Aqua,MODIS,71,6.2,316.3,23,D,0
-17.4518,130.5922,352.6,1,1,2014-10-10,0459,Aqua,MODIS,94,6.2,323.1,39.1,D,0
-17.4505,130.6017,338.4,1,1,2014-10-10,0459,Aqua,MODIS,35,6.2,323,12.4,D,0
-17.4595,130.6031,339.8,1,1,2014-10-10,0459,Aqua,MODIS,30,6.2,322.2,13.2,D,0
-20.0685,127.6083,359.8,1.5,1.2,2014-10-10,0459,Aqua,MODIS,99,6.2,321.4,108.9,D,0
-20.0795,127.6098,346,1.5,1.2,2014-10-10,0459,Aqua,MODIS,88,6.2,320.4,53.2,D,0
-20.071,127.5992,337.4,1.5,1.2,2014-10-10,0459,Aqua,MODIS,63,6.2,322.2,23.4,D,0
-20.0693,127.6138,372.4,1.5,1.2,2014-10-10,0459,Aqua,MODIS,100,6.2,320.8,182.5,D,0
-20.0803,127.6152,345,1.5,1.2,2014-10-10,0459,Aqua,MODIS,80,6.2,319.1,46.8,D,0
-17.4759,130.3494,349.8,1,1,2014-10-10,0459,Aqua,MODIS,91,6.2,325.1,30.4,D,0
-17.4686,130.6046,350.2,1,1,2014-10-10,0459,Aqua,MODIS,82,6.2,323.5,32.8,D,0
-17.4777,130.6059,340.6,1,1,2014-10-10,0459,Aqua,MODIS,53,6.2,322,15.6,D,0
-17.5439,130.2457,344.2,1,1,2014-10-10,0459,Aqua,MODIS,46,6.2,327.3,20.9,D,0
-17.5426,130.2555,356.3,1,1,2014-10-10,0459,Aqua,MODIS,97,6.2,325.5,49.7,D,0
-17.3345,130.2463,338.1,1,1,2014-10-10,0459,Aqua,MODIS,53,6.2,317.2,21.8,D,0
-17.3437,130.2477,455.2,1,1,2014-10-10,0459,Aqua,MODIS,100,6.2,400.1,803.9,D,0
-17.3423,130.2574,447,1,1,2014-10-10,0459,Aqua,MODIS,100,6.2,342.5,687.6,D,0
-17.341,130.2672,387.3,1,1,2014-10-10,0459,Aqua,MODIS,100,6.2,327.6,168.4,D,0
-17.3396,130.2769,373.7,1,1,2014-10-10,0459,Aqua,MODIS,100,6.2,327,108.1,D,0
-17.3383,130.2866,354.4,1,1,2014-10-10,0459,Aqua,MODIS,86,6.2,322.3,47.7,D,0
-17.3369,130.2964,345.5,1,1,2014-10-10,0459,Aqua,MODIS,69,6.2,319.1,29.2,D,0
-17.5753,130.2905,342.7,1,1,2014-10-10,0459,Aqua,MODIS,69,6.2,324.5,17.8,D,0
-17.392,130.1506,341.3,1,1,2014-10-10,0459,Aqua,MODIS,82,6.2,312.3,31.1,D,0
-17.3906,130.1605,332,1,1,2014-10-10,0459,Aqua,MODIS,25,6.2,312,14.7,D,0
-17.4038,130.1323,372.5,1.1,1,2014-10-10,0459,Aqua,MODIS,100,6.2,313.7,117.2,D,0
-17.4025,130.1422,342.9,1.1,1,2014-10-10,0459,Aqua,MODIS,82,6.2,311.4,33.1,D,0
-17.4012,130.152,338.8,1,1,2014-10-10,0459,Aqua,MODIS,48,6.2,312.9,24.5,D,0
-17.3998,130.1618,335,1,1,2014-10-10,0459,Aqua,MODIS,42,6.2,312.6,18.3,D,0
-17.3985,130.1717,332.2,1,1,2014-10-10,0459,Aqua,MODIS,17,6.2,312.3,13.6,D,0
-17.413,130.1337,337.5,1.1,1,2014-10-10,0459,Aqua,MODIS,74,6.2,310.4,22.4,D,0
-17.4223,130.1351,333.7,1.1,1,2014-10-10,0459,Aqua,MODIS,50,6.2,311.8,14.1,D,0
-17.5927,130.1628,360.7,1.1,1,2014-10-10,0459,Aqua,MODIS,100,6.2,323.3,62.4,D,0
-17.6046,130.1444,359.8,1.1,1,2014-10-10,0459,Aqua,MODIS,99,6.2,323.5,61.7,D,0
-17.6401,130.1598,345.4,1.1,1,2014-10-10,0459,Aqua,MODIS,55,6.2,323.8,22.4,D,0
-17.6521,130.1279,354.6,1.1,1,2014-10-10,0459,Aqua,MODIS,96,6.2,323.5,49.3,D,0
-17.6494,130.1477,379.9,1.1,1,2014-10-10,0459,Aqua,MODIS,100,6.2,326.2,132.6,D,0
-17.6481,130.1576,358,1.1,1,2014-10-10,0459,Aqua,MODIS,98,6.2,322.7,53.1,D,0
-17.4209,130.1449,330.7,1.1,1,2014-10-10,0459,Aqua,MODIS,18,6.2,309.5,11.6,D,0
-17.4632,130.168,357.1,1,1,2014-10-10,0459,Aqua,MODIS,97,6.2,312.1,68.3,D,0
-17.4619,130.1778,429.7,1,1,2014-10-10,0459,Aqua,MODIS,100,6.2,328.7,502.2,D,0
-20.104,127.6036,337,1.5,1.2,2014-10-10,0459,Aqua,MODIS,63,6.2,318.8,23.8,D,0
-16.9988,128.1044,351.8,1.3,1.1,2014-10-10,0459,Aqua,MODIS,93,6.2,323.2,55.6,D,0
-16.9986,128.0986,348.6,1.3,1.1,2014-10-10,0459,Aqua,MODIS,90,6.2,322.5,47,D,0
-17.4382,130.0872,345.8,1.1,1,2014-10-10,0459,Aqua,MODIS,49,6.2,322.8,27.6,D,0
-17.4368,130.097,347.8,1.1,1,2014-10-10,0459,Aqua,MODIS,69,6.2,323.6,31.6,D,0
-17.4501,130.0688,349.5,1.1,1,2014-10-10,0459,Aqua,MODIS,91,6.2,317.4,42.9,D,0
-16.8304,127.3194,347.5,1.4,1.2,2014-10-10,0459,Aqua,MODIS,89,6.2,324.1,49.2,D,0
-17.4488,130.0787,347.5,1.1,1,2014-10-10,0459,Aqua,MODIS,89,6.2,320.2,37.2,D,0
-17.4474,130.0886,341.3,1.1,1,2014-10-10,0459,Aqua,MODIS,82,6.2,321.5,24.8,D,0
-17.4817,130.1003,339.3,1.1,1,2014-10-10,0459,Aqua,MODIS,73,6.2,320.3,20.5,D,0
-17.6627,130.1194,340.7,1.1,1,2014-10-10,0459,Aqua,MODIS,68,6.2,320,18.9,D,0
-16.8607,127.3378,338.3,1.4,1.2,2014-10-10,0459,Aqua,MODIS,57,6.2,321.1,23,D,0
-16.9051,127.3301,346.4,1.4,1.2,2014-10-10,0459,Aqua,MODIS,88,6.2,322.5,48.2,D,0
-16.9034,127.3435,341.5,1.4,1.2,2014-10-10,0459,Aqua,MODIS,82,6.2,320.3,33.9,D,0
-17.4409,130.0674,401.6,1.1,1,2014-10-10,0459,Aqua,MODIS,100,6.2,331.3,262.6,D,0
-17.0579,128.1195,334.3,1.3,1.1,2014-10-10,0459,Aqua,MODIS,22,6.2,320.6,13.3,D,0
-17.4395,130.0773,360.6,1.1,1,2014-10-10,0459,Aqua,MODIS,100,6.2,323.4,67.6,D,0
-17.6613,130.1293,366.9,1.1,1,2014-10-10,0459,Aqua,MODIS,100,6.2,322.7,85.2,D,0
-17.4853,130.2812,397.8,1,1,2014-10-10,0459,Aqua,MODIS,100,6.2,325.3,231.7,D,0
-17.4146,130.4621,338.5,1,1,2014-10-10,0459,Aqua,MODIS,56,6.2,322.5,13.4,D,0
-17.4839,130.291,355.7,1,1,2014-10-10,0459,Aqua,MODIS,93,6.2,322.1,52.1,D,0
-17.4944,130.2826,350.3,1,1,2014-10-10,0459,Aqua,MODIS,92,6.2,321.4,41.6,D,0
-17.4931,130.2924,349.1,1,1,2014-10-10,0459,Aqua,MODIS,16,6.2,322.4,32.2,D,0
-17.5023,130.2938,359.4,1,1,2014-10-10,0459,Aqua,MODIS,98,6.2,325.5,59.3,D,0
-17.5009,130.3035,369.2,1,1,2014-10-10,0459,Aqua,MODIS,100,6.2,327,87.1,D,0
-17.4996,130.3133,372.2,1,1,2014-10-10,0459,Aqua,MODIS,100,6.2,325.5,95.9,D,0
-17.5101,130.3049,346.1,1,1,2014-10-10,0459,Aqua,MODIS,86,6.2,322.4,29.3,D,0
-17.5088,130.3147,341.7,1,1,2014-10-10,0459,Aqua,MODIS,33,6.2,322.9,18.7,D,0
-17.4764,130.1398,337.5,1.1,1,2014-10-10,0459,Aqua,MODIS,54,6.2,315.9,19.6,D,0
-17.475,130.1496,336.2,1.1,1,2014-10-10,0459,Aqua,MODIS,40,6.2,313.8,17.9,D,0
-17.4724,130.1693,402,1,1,2014-10-10,0459,Aqua,MODIS,100,6.2,324.5,265.3,D,0
-17.4711,130.1792,422.5,1,1,2014-10-10,0459,Aqua,MODIS,100,6.2,337.9,427.6,D,0
-17.4697,130.189,377.6,1,1,2014-10-10,0459,Aqua,MODIS,100,6.2,325.6,134.5,D,0
-17.4684,130.1988,379.2,1,1,2014-10-10,0459,Aqua,MODIS,100,6.2,321.8,135.7,D,0
-17.4671,130.2086,353.6,1,1,2014-10-10,0459,Aqua,MODIS,91,6.2,321.2,51.7,D,0
-17.4802,130.1805,345.2,1,1,2014-10-10,0459,Aqua,MODIS,84,6.2,317.3,31.8,D,0
-17.4789,130.1904,360.3,1,1,2014-10-10,0459,Aqua,MODIS,100,6.2,322.2,67.5,D,0
-17.4776,130.2002,381.8,1,1,2014-10-10,0459,Aqua,MODIS,100,6.2,325.6,141.3,D,0
-17.4762,130.21,346,1,1,2014-10-10,0459,Aqua,MODIS,48,6.2,321.4,28.4,D,0
-17.4881,130.1917,356.2,1,1,2014-10-10,0459,Aqua,MODIS,97,6.2,319.6,51.7,D,0
-17.4868,130.2016,364.7,1,1,2014-10-10,0459,Aqua,MODIS,100,6.2,320.2,74.8,D,0
-17.496,130.203,340,1,1,2014-10-10,0459,Aqua,MODIS,45,6.2,318.8,15.9,D,0
-17.4866,130.2715,341.4,1,1,2014-10-10,0459,Aqua,MODIS,82,6.2,315.6,27.9,D,0
-17.5038,130.2142,339.6,1,1,2014-10-10,0459,Aqua,MODIS,73,6.2,321.3,18.8,D,0
-17.5117,130.2253,362.3,1,1,2014-10-10,0459,Aqua,MODIS,100,6.2,320,69.8,D,0
-17.5208,130.2267,350.5,1,1,2014-10-10,0459,Aqua,MODIS,84,6.2,324.2,36.6,D,0
-17.5195,130.2365,351.6,1,1,2014-10-10,0459,Aqua,MODIS,82,6.2,321.5,41.3,D,0
-17.5287,130.2379,339.7,1,1,2014-10-10,0459,Aqua,MODIS,48,6.2,322.4,17.1,D,0
-17.5379,130.2393,353.4,1,1,2014-10-10,0459,Aqua,MODIS,95,6.2,325.3,43.5,D,0
-17.3528,130.2491,360,1,1,2014-10-10,0459,Aqua,MODIS,89,6.2,323.7,62.9,D,0
-17.3515,130.2588,352,1,1,2014-10-10,0459,Aqua,MODIS,71,6.2,324.1,40.4,D,0
-17.3603,130.2459,343.9,1,1,2014-10-10,0459,Aqua,MODIS,61,6.2,322.5,24.3,D,0
-17.351,130.3141,339.8,1,1,2014-10-10,0459,Aqua,MODIS,64,6.2,320.1,18.8,D,0
-17.4442,130.2485,338.7,1,1,2014-10-10,0459,Aqua,MODIS,78,6.2,317.9,19.6,D,0
-17.4401,130.2778,339.8,1,1,2014-10-10,0459,Aqua,MODIS,79,6.2,319.3,19.8,D,0
-17.422,130.5386,357.6,1,1,2014-10-10,0459,Aqua,MODIS,98,6.2,323,52.3,D,0
-17.4388,130.2876,338,1,1,2014-10-10,0459,Aqua,MODIS,76,6.2,321.1,15.7,D,0
-17.442,130.3245,336.3,1,1,2014-10-10,0459,Aqua,MODIS,27,6.2,322.7,7.7,D,0
-18.5433,130.3228,337.6,1.1,1,2014-10-10,0459,Aqua,MODIS,45,6.2,323.4,9.7,D,0
-18.5538,130.3143,344.8,1.1,1,2014-10-10,0459,Aqua,MODIS,56,6.2,326.1,21.8,D,0
-18.5525,130.3242,432.8,1.1,1,2014-10-10,0459,Aqua,MODIS,100,6.2,339.1,521.2,D,0
-18.5511,130.3342,354.5,1.1,1,2014-10-10,0459,Aqua,MODIS,95,6.2,324.7,43.4,D,0
-18.5617,130.3256,404,1.1,1,2014-10-10,0459,Aqua,MODIS,100,6.2,337.6,264.3,D,0
-18.5604,130.3356,375.8,1.1,1,2014-10-10,0459,Aqua,MODIS,100,6.2,327,111.9,D,0
-18.575,130.2971,346.9,1.1,1,2014-10-10,0459,Aqua,MODIS,72,6.2,325.5,25.8,D,0
-18.5736,130.3071,352.9,1.1,1,2014-10-10,0459,Aqua,MODIS,88,6.2,325.7,37.6,D,0
-18.5709,130.327,344.1,1.1,1,2014-10-10,0459,Aqua,MODIS,33,6.2,325.4,19.4,D,0
-17.5365,130.2491,361,1,1,2014-10-10,0459,Aqua,MODIS,100,6.2,322.4,64.8,D,0
-16.997,128.1108,348.6,1.3,1.1,2014-10-10,0459,Aqua,MODIS,90,6.2,322.6,45.5,D,0
-17.0057,128.1244,335.2,1.3,1.1,2014-10-10,0459,Aqua,MODIS,52,6.2,321.3,12.1,D,0
-17.345,130.238,356.1,1,1,2014-10-10,0459,Aqua,MODIS,96,6.2,320.3,58,D,0
-17.3569,130.2198,337.8,1,1,2014-10-10,0459,Aqua,MODIS,76,6.2,318.3,23.5,D,0
-17.3555,130.2296,333.5,1,1,2014-10-10,0459,Aqua,MODIS,55,6.2,317.2,15,D,0
-17.3542,130.2393,372.8,1,1,2014-10-10,0459,Aqua,MODIS,100,6.2,325.1,109.4,D,0
-17.3643,130.2166,355.4,1,1,2014-10-10,0459,Aqua,MODIS,94,6.2,321,52.8,D,0
-17.3616,130.2362,344.1,1,1,2014-10-10,0459,Aqua,MODIS,61,6.2,321,25.3,D,0
-17.3748,130.2082,354.1,1,1,2014-10-10,0459,Aqua,MODIS,95,6.2,319.8,50.5,D,0
-17.4364,130.2374,341.6,1,1,2014-10-10,0459,Aqua,MODIS,82,6.2,316.9,26,D,0
-17.4496,130.2094,342.1,1,1,2014-10-10,0459,Aqua,MODIS,60,6.2,315.6,27.8,D,0
-19.5709,126.9046,339.4,1.7,1.3,2014-10-10,0459,Aqua,MODIS,71,6.2,314.4,40,D,0
-19.5728,126.8886,346.9,1.7,1.3,2014-10-10,0459,Aqua,MODIS,89,6.2,316.3,71.3,D,0
-19.5613,126.8871,344.5,1.7,1.3,2014-10-10,0459,Aqua,MODIS,86,6.2,317.2,59.9,D,0
-19.6173,126.8833,332.1,1.7,1.3,2014-10-10,0459,Aqua,MODIS,23,6.2,316.2,18.1,D,0
-17.4516,132.8243,366.2,1,1,2014-10-10,0459,Aqua,MODIS,100,6.2,323.3,76.8,D,0
-17.453,132.8146,379.6,1,1,2014-10-10,0459,Aqua,MODIS,100,6.2,330.8,125.3,D,0
-17.4444,132.8165,350.2,1,1,2014-10-10,0459,Aqua,MODIS,83,6.2,323.1,35.6,D,0
-17.4275,132.8037,354.6,1,1,2014-10-10,0459,Aqua,MODIS,94,6.2,326.8,41.6,D,0
-17.4184,132.8022,343.6,1,1,2014-10-10,0459,Aqua,MODIS,47,6.2,325.7,18.4,D,0
-17.4093,132.8007,346.7,1,1,2014-10-10,0459,Aqua,MODIS,66,6.2,323.8,24.1,D,0
-17.4001,132.7992,350.3,1,1,2014-10-10,0459,Aqua,MODIS,81,6.2,324,32.5,D,0
-18.2829,131.8618,359.2,1,1,2014-10-10,0459,Aqua,MODIS,99,6.2,326.5,53.4,D,0
-18.3752,131.6712,335.4,1,1,2014-10-10,0459,Aqua,MODIS,62,6.2,322.7,10.8,D,0
-18.3828,131.6821,369.8,1,1,2014-10-10,0459,Aqua,MODIS,100,6.2,321.8,89,D,0
-18.3815,131.6915,368.4,1,1,2014-10-10,0459,Aqua,MODIS,100,6.2,323.3,84,D,0
-18.3891,131.7023,346.5,1,1,2014-10-10,0459,Aqua,MODIS,81,6.2,323,26.8,D,0
-19.1222,133.2346,342.3,1,1,2014-10-10,0459,Aqua,MODIS,55,6.2,325.4,16.5,D,0
-19.1236,133.2248,345.8,1,1,2014-10-10,0459,Aqua,MODIS,80,6.2,329.8,21.5,D,0
-19.113,133.2331,388.2,1,1,2014-10-10,0459,Aqua,MODIS,100,6.2,328.5,166,D,0
-19.1145,133.2233,366.5,1,1,2014-10-10,0459,Aqua,MODIS,100,6.2,331.3,74.2,D,0
-18.18,131.8781,340.3,1,1,2014-10-10,0459,Aqua,MODIS,52,6.2,324.8,13.6,D,0
-19.1039,133.2315,367.5,1,1,2014-10-10,0459,Aqua,MODIS,100,6.2,325,79,D,0
-18.2429,131.8842,343.4,1,1,2014-10-10,0459,Aqua,MODIS,70,6.2,324.4,18.6,D,0
-18.2816,131.8712,345.1,1,1,2014-10-10,0459,Aqua,MODIS,75,6.2,323.7,22.1,D,0
-17.6126,132.6089,344.1,1,1,2014-10-10,0459,Aqua,MODIS,64,6.2,318.6,27.4,D,0
-17.6327,132.6615,367.4,1,1,2014-10-10,0459,Aqua,MODIS,100,6.2,327.1,73,D,0
-19.1053,133.2217,354.4,1,1,2014-10-10,0459,Aqua,MODIS,72,6.2,328,39.4,D,0
-17.9898,131.922,358.4,1,1,2014-10-10,0459,Aqua,MODIS,98,6.2,322.8,53.6,D,0
-17.6503,132.6053,398.7,1,1,2014-10-10,0459,Aqua,MODIS,100,6.2,329.7,229.9,D,0
-17.6489,132.6149,373.3,1,1,2014-10-10,0459,Aqua,MODIS,100,6.2,324.2,103.1,D,0
-17.6475,132.6245,349.5,1,1,2014-10-10,0459,Aqua,MODIS,68,6.2,321.1,31.8,D,0
-17.6594,132.6068,394.8,1,1,2014-10-10,0459,Aqua,MODIS,100,6.2,326.5,206.4,D,0
-17.658,132.6164,385.8,1,1,2014-10-10,0459,Aqua,MODIS,100,6.2,330.9,157.8,D,0
-18.386,131.7885,338.9,1,1,2014-10-10,0459,Aqua,MODIS,56,6.2,326.6,12.3,D,0
-18.3878,131.7117,366.5,1,1,2014-10-10,0459,Aqua,MODIS,100,6.2,327.4,75,D,0
-18.3041,131.7785,352,1,1,2014-10-10,0459,Aqua,MODIS,94,6.2,321.6,38.5,D,0
-18.3027,131.7879,350.2,1,1,2014-10-10,0459,Aqua,MODIS,92,6.2,323,34.2,D,0
-18.313,131.7799,354.3,1,1,2014-10-10,0459,Aqua,MODIS,95,6.2,321,43.9,D,0
-18.3117,131.7894,371.4,1,1,2014-10-10,0459,Aqua,MODIS,100,6.2,322.8,93.2,D,0
-18.3103,131.7988,346.4,1,1,2014-10-10,0459,Aqua,MODIS,88,6.2,322.7,26.9,D,0
-18.3036,131.8458,415.5,1,1,2014-10-10,0459,Aqua,MODIS,100,6.2,330.6,328.9,D,0
-18.3049,131.8364,408.5,1,1,2014-10-10,0459,Aqua,MODIS,100,6.2,332.9,276.6,D,0
-18.2919,131.8632,355.1,1,1,2014-10-10,0459,Aqua,MODIS,96,6.2,322.2,43,D,0
-18.2933,131.8538,401.9,1,1,2014-10-10,0459,Aqua,MODIS,100,6.2,330,232.6,D,0
-18.2946,131.8444,391.9,1,1,2014-10-10,0459,Aqua,MODIS,100,6.2,332.2,176,D,0
-19.0947,133.23,343.9,1,1,2014-10-10,0459,Aqua,MODIS,79,6.2,324.7,21,D,0
-19.0962,133.2201,360.1,1,1,2014-10-10,0459,Aqua,MODIS,100,6.2,327.9,58.5,D,0
-19.087,133.2186,389.4,1,1,2014-10-10,0459,Aqua,MODIS,100,6.2,327.3,173.7,D,0
-19.0685,133.1551,345.6,1,1,2014-10-10,0459,Aqua,MODIS,87,6.2,326.2,23.9,D,0
-17.626,131.8297,339.4,1,1,2014-10-10,0459,Aqua,MODIS,52,6.2,323.4,11.6,D,0
-17.9912,131.9126,337.7,1,1,2014-10-10,0459,Aqua,MODIS,62,6.2,325.6,10.8,D,0
-17.9988,131.9234,348.1,1,1,2014-10-10,0459,Aqua,MODIS,90,6.2,323.2,29.9,D,0
-18.0347,131.9292,336.1,1,1,2014-10-10,0459,Aqua,MODIS,41,6.2,322.8,8.9,D,0
-18.0437,131.9266,343.7,1,1,2014-10-10,0459,Aqua,MODIS,58,6.2,323.7,18.8,D,0
-17.5531,132.7572,379.5,1,1,2014-10-10,0459,Aqua,MODIS,100,6.2,323.3,131.5,D,0
-17.5516,132.7669,352,1,1,2014-10-10,0459,Aqua,MODIS,89,6.2,322.6,38.4,D,0
-17.5622,132.7588,376.4,1,1,2014-10-10,0459,Aqua,MODIS,100,6.2,331.7,114.7,D,0
-17.5608,132.7684,362.7,1,1,2014-10-10,0459,Aqua,MODIS,100,6.2,326.2,63.4,D,0
-17.5713,132.7603,349.4,1,1,2014-10-10,0459,Aqua,MODIS,68,6.2,325.3,29,D,0
-17.5699,132.77,346.6,1,1,2014-10-10,0459,Aqua,MODIS,56,6.2,325.1,21,D,0
-17.5545,132.7476,341.1,1,1,2014-10-10,0459,Aqua,MODIS,76,6.2,316.1,23.3,D,0
-17.6154,132.5897,377.3,1,1,2014-10-10,0459,Aqua,MODIS,100,6.2,318,129.5,D,0
-17.614,132.5993,368.5,1,1,2014-10-10,0459,Aqua,MODIS,100,6.2,320,93,D,0
-17.6245,132.5912,348.7,1,1,2014-10-10,0459,Aqua,MODIS,90,6.2,317.2,42.9,D,0
-17.6231,132.6008,354.5,1,1,2014-10-10,0459,Aqua,MODIS,93,6.2,321.4,51.5,D,0
-17.6517,132.5957,349.5,1,1,2014-10-10,0459,Aqua,MODIS,78,6.2,314,42.4,D,0
-17.5439,132.7699,341.8,1,1,2014-10-10,0459,Aqua,MODIS,82,6.2,321.6,18.8,D,0
-14.0242,135.66,338.3,1.6,1.3,2014-10-10,0500,Aqua,MODIS,81,6.2,306.8,49.4,D,0
-12.1512,136.3475,361,2,1.4,2014-10-10,0500,Aqua,MODIS,100,6.2,304,205.5,D,0
-13.3598,131.9309,340.5,1,1,2014-10-10,0500,Aqua,MODIS,65,6.2,317.9,18.6,D,0
-13.8989,135.8686,326.3,1.7,1.3,2014-10-10,0500,Aqua,MODIS,25,6.2,306.5,17.1,D,0
-14.1997,134.1191,341.4,1.3,1.1,2014-10-10,0500,Aqua,MODIS,64,6.2,315.3,34.7,D,0
-13.7988,132.4482,343,1.1,1,2014-10-10,0500,Aqua,MODIS,81,6.2,309.9,37.8,D,0
-13.7973,132.4581,336.6,1.1,1,2014-10-10,0500,Aqua,MODIS,58,6.2,306.3,24.7,D,0
-13.7959,132.468,351.7,1.1,1,2014-10-10,0500,Aqua,MODIS,89,6.2,308.2,56.5,D,0
-13.7944,132.4779,342.1,1.1,1,2014-10-10,0500,Aqua,MODIS,76,6.2,308.5,35,D,0
-14.1397,136.5638,336,1.9,1.3,2014-10-10,0500,Aqua,MODIS,79,6.2,296.6,68.1,D,0
-14.1517,136.5661,335.2,1.9,1.3,2014-10-10,0500,Aqua,MODIS,78,6.2,296.2,64.4,D,0
-14.1638,136.5681,341.9,1.9,1.3,2014-10-10,0500,Aqua,MODIS,86,6.2,298.7,90.1,D,0
-14.167,136.5743,357.6,1.9,1.3,2014-10-10,0500,Aqua,MODIS,98,6.2,298.1,176.6,D,0
-13.3506,131.9295,385.1,1,1,2014-10-10,0500,Aqua,MODIS,100,6.2,321.7,158.7,D,0
-13.8363,132.5626,332.9,1.1,1,2014-10-10,0500,Aqua,MODIS,31,6.2,307.9,13.5,D,0
-13.9189,135.6047,327.2,1.6,1.3,2014-10-10,0500,Aqua,MODIS,42,6.2,308.6,18.4,D,0
-13.3492,131.9391,355.3,1,1,2014-10-10,0500,Aqua,MODIS,97,6.2,318.2,51.1,D,0
-13.3583,131.9405,348.2,1,1,2014-10-10,0500,Aqua,MODIS,91,6.2,316.7,33.9,D,0
-14.0105,135.6729,341.4,1.6,1.3,2014-10-10,0500,Aqua,MODIS,85,6.2,309.8,57.2,D,0
-14.0129,135.6579,331.8,1.6,1.3,2014-10-10,0500,Aqua,MODIS,38,6.2,310.4,26.7,D,0
-13.9015,135.853,328.3,1.7,1.3,2014-10-10,0500,Aqua,MODIS,40,6.2,307.1,20.5,D,0
-12.1482,136.3658,334.8,2,1.4,2014-10-10,0500,Aqua,MODIS,78,6.2,305,55.2,D,0
-13.3675,131.9419,339.8,1,1,2014-10-10,0500,Aqua,MODIS,54,6.2,318.5,16.2,D,0
-13.8441,132.574,338.4,1.1,1,2014-10-10,0500,Aqua,MODIS,47,6.2,313.7,23.1,D,0
-14.1758,136.5702,328.7,1.9,1.3,2014-10-10,0500,Aqua,MODIS,57,6.2,297.4,41.3,D,0
-14.2286,135.6777,328.7,1.6,1.3,2014-10-10,0500,Aqua,MODIS,58,6.2,308.8,20.3,D,0
-14.228,135.6843,331.7,1.6,1.3,2014-10-10,0500,Aqua,MODIS,67,6.2,309.4,27.2,D,0
-13.4818,134.3142,340.4,1.4,1.2,2014-10-10,0500,Aqua,MODIS,76,6.2,314.6,35.5,D,0
-16.76,127.0319,341.9,1.5,1.2,2014-10-10,0500,Aqua,MODIS,83,6.2,318.1,41.8,D,0
-13.059,130.3305,337,1,1,2014-10-10,0500,Aqua,MODIS,81,6.2,302.4,25.8,D,0
-16.7558,127.0948,356.1,1.5,1.2,2014-10-10,0500,Aqua,MODIS,97,6.2,318.2,89.6,D,0
-16.7585,127.1311,368.7,1.5,1.2,2014-10-10,0500,Aqua,MODIS,100,6.2,324.1,153.6,D,0
-16.7602,127.1173,411.2,1.5,1.2,2014-10-10,0500,Aqua,MODIS,100,6.2,336.4,535,D,0
-13.5345,130.1499,327.6,1,1,2014-10-10,0500,Aqua,MODIS,17,6.2,308.3,9.9,D,0
-13.5242,130.1578,334.7,1,1,2014-10-10,0500,Aqua,MODIS,59,6.2,306.4,18.8,D,0
-13.6173,130.4138,354.8,1,1,2014-10-10,0500,Aqua,MODIS,96,6.2,307.7,55.9,D,0
-13.616,130.423,346.1,1,1,2014-10-10,0500,Aqua,MODIS,58,6.2,307,38.4,D,0
-13.6429,130.4271,334.8,1,1,2014-10-10,0500,Aqua,MODIS,45,6.2,305.4,20.7,D,0
-13.0142,130.3173,411,1,1,2014-10-10,0500,Aqua,MODIS,100,6.2,305.2,312.5,D,0
-13.5319,130.1684,350.1,1,1,2014-10-10,0500,Aqua,MODIS,93,6.2,311.2,45.1,D,0
-17.0763,124.1659,339.3,2.5,1.5,2014-10-10,0500,Aqua,MODIS,60,6.2,317.4,63.3,D,0
-16.798,126.8194,372.3,1.6,1.2,2014-10-10,0500,Aqua,MODIS,100,6.2,324.3,187.1,D,0
-16.7998,126.8048,339.1,1.6,1.2,2014-10-10,0500,Aqua,MODIS,64,6.2,319.4,30.6,D,0
-13.0271,130.2911,358.4,1,1,2014-10-10,0500,Aqua,MODIS,99,6.2,307.1,64.9,D,0
-13.0284,130.2819,346.6,1,1,2014-10-10,0500,Aqua,MODIS,91,6.2,304.6,39.3,D,0
-13.5469,130.3873,336,1,1,2014-10-10,0500,Aqua,MODIS,79,6.2,305,17.6,D,0
-13.05,130.3291,335.1,1,1,2014-10-10,0500,Aqua,MODIS,72,6.2,301.6,23.9,D,0
-13.0629,130.3029,329.6,1,1,2014-10-10,0500,Aqua,MODIS,63,6.2,304.2,16.4,D,0
-13.5435,130.1512,330.9,1,1,2014-10-10,0500,Aqua,MODIS,37,6.2,308.4,13.1,D,0
-16.7541,127.1088,419.4,1.5,1.2,2014-10-10,0500,Aqua,MODIS,100,6.2,324.6,651.2,D,0
-13.0616,130.3121,327.7,1,1,2014-10-10,0500,Aqua,MODIS,56,6.2,303.4,14,D,0
-13.0194,130.2806,335,1,1,2014-10-10,0500,Aqua,MODIS,58,6.2,307.8,18.4,D,0
-13.0207,130.2714,345.4,1,1,2014-10-10,0500,Aqua,MODIS,80,6.2,303.5,37.3,D,0
-16.7642,127.0244,349.6,1.5,1.2,2014-10-10,0500,Aqua,MODIS,91,6.2,318.3,65.3,D,0
-13.6096,130.4032,371.5,1,1,2014-10-10,0500,Aqua,MODIS,100,6.2,310.9,103.5,D,0
-13.6006,130.4019,340.2,1,1,2014-10-10,0500,Aqua,MODIS,73,6.2,306.6,24.1,D,0
-16.762,127.1034,382.5,1.5,1.2,2014-10-10,0500,Aqua,MODIS,100,6.2,325.4,245.8,D,0
-16.7494,127.1157,335.4,1.5,1.2,2014-10-10,0500,Aqua,MODIS,70,6.2,316.8,20.8,D,0
-16.7512,127.1019,347.3,1.5,1.2,2014-10-10,0500,Aqua,MODIS,89,6.2,318.1,57.4,D,0
-16.8025,126.797,340.8,1.6,1.2,2014-10-10,0500,Aqua,MODIS,72,6.2,317.6,34.8,D,0
-16.6467,128.2314,341.3,1.3,1.1,2014-10-10,0500,Aqua,MODIS,57,6.2,323.7,24.2,D,0
-13.5456,130.3965,340.7,1,1,2014-10-10,0500,Aqua,MODIS,85,6.2,303.8,24.4,D,0
-13.0489,130.2727,336.2,1,1,2014-10-10,0500,Aqua,MODIS,80,6.2,301.1,25.7,D,0
-13.0502,130.2635,368.1,1,1,2014-10-10,0500,Aqua,MODIS,100,6.2,302.5,98.7,D,0
-16.7439,127.0722,333.6,1.5,1.2,2014-10-10,0500,Aqua,MODIS,64,6.2,315.4,17.3,D,0
-13.5306,130.1777,364.2,1,1,2014-10-10,0500,Aqua,MODIS,100,6.2,308.7,80.8,D,0
-16.8265,126.7855,343.8,1.6,1.2,2014-10-10,0500,Aqua,MODIS,83,6.2,320.3,48.2,D,0
-13.6663,130.3271,334.1,1,1,2014-10-10,0500,Aqua,MODIS,45,6.2,305.9,16.2,D,0
-16.7616,127.1377,347.7,1.5,1.2,2014-10-10,0500,Aqua,MODIS,89,6.2,320.9,55.5,D,0
-16.8003,127.2682,396.9,1.4,1.2,2014-10-10,0500,Aqua,MODIS,100,6.2,325.3,359.9,D,0
-16.7986,127.2817,381.5,1.4,1.2,2014-10-10,0500,Aqua,MODIS,100,6.2,321.7,229,D,0
-16.811,127.2697,336.1,1.4,1.2,2014-10-10,0500,Aqua,MODIS,53,6.2,322.5,18.2,D,0
-16.8282,126.7709,371.5,1.6,1.2,2014-10-10,0500,Aqua,MODIS,100,6.2,320.9,189.4,D,0
-16.8092,127.2833,342.3,1.4,1.2,2014-10-10,0500,Aqua,MODIS,82,6.2,321.9,34,D,0
-16.8171,126.7694,338,1.6,1.2,2014-10-10,0500,Aqua,MODIS,72,6.2,315.2,31.7,D,0
-13.7925,132.427,327.3,1.1,1,2014-10-10,0500,Aqua,MODIS,15,6.2,301.8,12.9,D,0
-16.8272,127.3134,342.8,1.4,1.2,2014-10-10,0500,Aqua,MODIS,63,6.2,324,37.7,D,0
-16.8254,127.3269,337.2,1.4,1.2,2014-10-10,0500,Aqua,MODIS,50,6.2,320.4,22.8,D,0
-16.7525,127.1226,393.4,1.5,1.2,2014-10-10,0500,Aqua,MODIS,100,6.2,320.7,338.2,D,0
-17.0836,124.1736,343.5,2.5,1.5,2014-10-10,0500,Aqua,MODIS,86,6.2,317.3,101.6,D,0
-16.8214,127.3043,336.2,1.4,1.2,2014-10-10,0500,Aqua,MODIS,47,6.2,320.6,14,D,0
-16.7649,127.1103,359.5,1.5,1.2,2014-10-10,0500,Aqua,MODIS,99,6.2,326.2,106.1,D,0
-16.7633,127.1242,377.4,1.5,1.2,2014-10-10,0500,Aqua,MODIS,100,6.2,330.8,207.2,D,0
-13.4955,130.3608,332.2,1,1,2014-10-10,0500,Aqua,MODIS,36,6.2,303.1,16.4,D,0
-13.665,130.3363,339.3,1,1,2014-10-10,0500,Aqua,MODIS,67,6.2,304.4,25.6,D,0
-16.8008,126.8115,356.9,1.6,1.2,2014-10-10,0500,Aqua,MODIS,97,6.2,321.4,96.3,D,0
-16.7962,126.8339,381,1.6,1.2,2014-10-10,0500,Aqua,MODIS,100,6.2,323.9,246.5,D,0
-16.8153,126.7841,379,1.6,1.2,2014-10-10,0500,Aqua,MODIS,100,6.2,321.2,239.7,D,0
-13.8222,132.5297,339.3,1.1,1,2014-10-10,0500,Aqua,MODIS,78,6.2,307.3,28.2,D,0
-16.8136,126.7985,361.7,1.6,1.2,2014-10-10,0500,Aqua,MODIS,100,6.2,319.7,121.1,D,0
-13.538,130.3201,335.6,1,1,2014-10-10,0500,Aqua,MODIS,74,6.2,311.8,14.1,D,0
-16.799,126.8261,398.7,1.6,1.2,2014-10-10,0500,Aqua,MODIS,100,6.2,326.1,414.9,D,0
-16.8434,126.8317,337.8,1.6,1.2,2014-10-10,0500,Aqua,MODIS,24,6.2,321.9,21.4,D,0
-13.5434,130.2173,331.1,1,1,2014-10-10,0500,Aqua,MODIS,56,6.2,305.1,12.5,D,0
-13.5396,130.179,332.8,1,1,2014-10-10,0500,Aqua,MODIS,37,6.2,310.5,13.3,D,0
-12.9706,130.3013,337,1,1,2014-10-10,0500,Aqua,MODIS,67,6.2,309,22.3,D,0
-12.9693,130.3105,336,1,1,2014-10-10,0500,Aqua,MODIS,69,6.2,305.9,22.1,D,0
-12.9783,130.3119,353,1,1,2014-10-10,0500,Aqua,MODIS,95,6.2,303.5,53.6,D,0
-13.0065,130.3068,366.4,1,1,2014-10-10,0500,Aqua,MODIS,100,6.2,308.7,88.9,D,0
-13.0052,130.3159,381.5,1,1,2014-10-10,0500,Aqua,MODIS,100,6.2,305.4,146.7,D,0
-13.5366,130.3952,346,1,1,2014-10-10,0500,Aqua,MODIS,90,6.2,304.2,35.2,D,0
-13.0155,130.3081,364.2,1,1,2014-10-10,0500,Aqua,MODIS,100,6.2,305.9,82.8,D,0
-13.6186,130.4046,354.8,1,1,2014-10-10,0500,Aqua,MODIS,96,6.2,307.9,56.1,D,0
-17.211,123.2186,353.1,2.9,1.6,2014-10-10,0500,Aqua,MODIS,95,6.2,302.5,273.5,D,0
-16.02,127.9569,336.3,1.3,1.1,2014-10-10,0500,Aqua,MODIS,50,6.2,318.8,15.9,D,0
-17.1303,123.1185,352.1,3,1.6,2014-10-10,0500,Aqua,MODIS,94,6.2,308.2,242.3,D,0
-17.1279,123.1416,336.9,3,1.6,2014-10-10,0500,Aqua,MODIS,78,6.2,308.2,101.1,D,0
-17.1309,123.1141,349.1,3,1.6,2014-10-10,0500,Aqua,MODIS,92,6.2,307.9,209.6,D,0
-16.7939,126.8692,337.5,1.5,1.2,2014-10-10,0500,Aqua,MODIS,31,6.2,320.6,23.2,D,0
-16.7956,126.8548,341.4,1.5,1.2,2014-10-10,0500,Aqua,MODIS,57,6.2,320.7,33.9,D,0
-16.7973,126.8405,371.6,1.6,1.2,2014-10-10,0500,Aqua,MODIS,100,6.2,322.1,177.3,D,0
-16.7926,126.8626,342.5,1.5,1.2,2014-10-10,0500,Aqua,MODIS,62,6.2,320.5,39.3,D,0
-16.7944,126.8482,346.2,1.5,1.2,2014-10-10,0500,Aqua,MODIS,76,6.2,320.5,51.6,D,0
-16.7707,127.1531,334.4,1.5,1.2,2014-10-10,0500,Aqua,MODIS,62,6.2,320.4,17.2,D,0
-13.5187,130.3266,332.8,1,1,2014-10-10,0500,Aqua,MODIS,65,6.2,308.5,11.5,D,0
-13.5277,130.328,360.9,1,1,2014-10-10,0500,Aqua,MODIS,100,6.2,310.6,68.6,D,0
-16.7873,127.1972,343.1,1.5,1.2,2014-10-10,0500,Aqua,MODIS,84,6.2,317,42.5,D,0
-16.7855,127.211,361.6,1.5,1.2,2014-10-10,0500,Aqua,MODIS,100,6.2,318,117.1,D,0
-16.7839,127.2246,356.5,1.5,1.2,2014-10-10,0500,Aqua,MODIS,97,6.2,318,93.8,D,0
-16.7822,127.2383,340.8,1.5,1.2,2014-10-10,0500,Aqua,MODIS,81,6.2,315.6,37.6,D,0
-16.7946,127.2263,332.2,1.5,1.2,2014-10-10,0500,Aqua,MODIS,52,6.2,317.7,13.9,D,0
-16.7929,127.2398,376.1,1.5,1.2,2014-10-10,0500,Aqua,MODIS,100,6.2,322.7,197.7,D,0
-16.7912,127.2532,389.1,1.5,1.2,2014-10-10,0500,Aqua,MODIS,100,6.2,323.1,293.1,D,0
-16.7896,127.2666,352.6,1.4,1.2,2014-10-10,0500,Aqua,MODIS,94,6.2,318.7,74.9,D,0
-13.5264,130.3372,332.9,1,1,2014-10-10,0500,Aqua,MODIS,71,6.2,309.2,12.7,D,0
-13.5058,130.3529,333.8,1,1,2014-10-10,0500,Aqua,MODIS,68,6.2,305.1,16.5,D,0
-13.4968,130.3516,340.3,1,1,2014-10-10,0500,Aqua,MODIS,80,6.2,307.5,26.9,D,0
-13.4879,130.3502,379.6,1,1,2014-10-10,0500,Aqua,MODIS,94,6.2,308.5,136.3,D,0
-13.5367,130.3294,352.1,1,1,2014-10-10,0500,Aqua,MODIS,95,6.2,311,46.2,D,0
-17.1155,123.1168,331.1,3,1.6,2014-10-10,0500,Aqua,MODIS,44,6.2,308.8,60.2,D,0
-17.1161,123.1124,330,3,1.6,2014-10-10,0500,Aqua,MODIS,31,6.2,308.8,54.7,D,0
-17.0865,123.1091,329.1,3,1.6,2014-10-10,0500,Aqua,MODIS,41,6.2,308.9,47.3,D,0
-13.4892,130.341,375.5,1,1,2014-10-10,0500,Aqua,MODIS,100,6.2,309.3,119,D,0
-13.4905,130.3318,336.1,1,1,2014-10-10,0500,Aqua,MODIS,74,6.2,308,19.2,D,0
-17.1571,123.1494,331.7,3,1.6,2014-10-10,0500,Aqua,MODIS,57,6.2,304.1,73.4,D,0
-13.53,130.4412,340.2,1,1,2014-10-10,0500,Aqua,MODIS,54,6.2,308.6,27.2,D,0
-13.5287,130.4503,358.6,1,1,2014-10-10,0500,Aqua,MODIS,99,6.2,307.8,68.4,D,0
-17.1275,123.1461,332,3,1.6,2014-10-10,0500,Aqua,MODIS,57,6.2,308.2,67.6,D,0
-17.2286,123.1925,332.5,2.9,1.6,2014-10-10,0500,Aqua,MODIS,68,6.2,302.1,89.8,D,0
-17.2258,123.2202,345.1,2.9,1.6,2014-10-10,0500,Aqua,MODIS,88,6.2,302,194.2,D,0
-16.0107,127.9617,336.6,1.3,1.1,2014-10-10,0500,Aqua,MODIS,53,6.2,318.9,16.1,D,0
-17.2139,123.191,359.8,2.9,1.6,2014-10-10,0500,Aqua,MODIS,99,6.2,303.8,347.8,D,0
-17.1963,123.2169,332.1,2.9,1.6,2014-10-10,0500,Aqua,MODIS,67,6.2,304.1,92.2,D,0
-17.1991,123.1895,337.5,2.9,1.6,2014-10-10,0500,Aqua,MODIS,78,6.2,304.4,123.3,D,0
-17.2249,123.213,349,2.9,1.6,2014-10-10,0500,Aqua,MODIS,91,6.2,302.5,230.9,D,0
-17.2102,123.2115,364.7,2.9,1.6,2014-10-10,0500,Aqua,MODIS,100,6.2,303.4,414.6,D,0
-17.2132,123.1839,343.9,2.9,1.6,2014-10-10,0500,Aqua,MODIS,87,6.2,303.7,172.6,D,0
-17.1955,123.2099,337.9,2.9,1.6,2014-10-10,0500,Aqua,MODIS,79,6.2,304.5,126.1,D,0
-17.1984,123.1824,328.5,2.9,1.6,2014-10-10,0500,Aqua,MODIS,42,6.2,304.1,57.3,D,0
-17.1542,123.177,338.8,2.9,1.6,2014-10-10,0500,Aqua,MODIS,80,6.2,306.7,122.5,D,0
-17.1689,123.1788,331.5,2.9,1.6,2014-10-10,0500,Aqua,MODIS,62,6.2,303.1,73.4,D,0
-12.6229,136.4233,330.1,2,1.4,2014-10-10,0500,Aqua,MODIS,64,6.2,305.6,40.6,D,0
-14.4027,133.9975,344.2,1.3,1.1,2014-10-10,0500,Aqua,MODIS,69,6.2,316.6,41.4,D,0
-14.4129,133.993,353.5,1.3,1.1,2014-10-10,0500,Aqua,MODIS,95,6.2,316.6,67.6,D,0
-12.6293,136.413,339.1,2,1.4,2014-10-10,0500,Aqua,MODIS,83,6.2,303.5,75.7,D,0
-14.7626,133.3827,337.5,1.2,1.1,2014-10-10,0500,Aqua,MODIS,29,6.2,319.7,16.4,D,0
-12.6259,136.4053,331.7,2,1.4,2014-10-10,0500,Aqua,MODIS,70,6.2,302.6,47,D,0
-14.4127,133.9991,344.5,1.3,1.1,2014-10-10,0500,Aqua,MODIS,70,6.2,316.4,41.6,D,0
-14.7514,133.3918,353,1.2,1.1,2014-10-10,0500,Aqua,MODIS,94,6.2,319.2,50.9,D,0
-14.541,133.7581,342.3,1.2,1.1,2014-10-10,0500,Aqua,MODIS,59,6.2,314.3,26.8,D,0
-14.5635,133.7572,342.1,1.2,1.1,2014-10-10,0500,Aqua,MODIS,70,6.2,321.8,27.8,D,0
-12.6702,135.7671,334.1,1.8,1.3,2014-10-10,0500,Aqua,MODIS,73,6.2,303.6,44.8,D,0
-14.4215,133.744,333.2,1.2,1.1,2014-10-10,0500,Aqua,MODIS,41,6.2,314.8,13.2,D,0
-12.4895,134.3924,343.4,1.4,1.2,2014-10-10,0500,Aqua,MODIS,88,6.2,312.4,45.5,D,0
-14.5733,133.7589,341.4,1.2,1.1,2014-10-10,0500,Aqua,MODIS,74,6.2,320.9,25.5,D,0
-12.6106,136.4212,338,2,1.4,2014-10-10,0500,Aqua,MODIS,82,6.2,305.2,72.9,D,0
-14.5536,133.7556,350.7,1.2,1.1,2014-10-10,0500,Aqua,MODIS,84,6.2,319.1,48.9,D,0
-12.4558,134.4001,330.4,1.4,1.2,2014-10-10,0500,Aqua,MODIS,44,6.2,310.1,11.4,D,0
-12.4664,134.4019,340.5,1.4,1.2,2014-10-10,0500,Aqua,MODIS,85,6.2,311.4,36.7,D,0
-12.479,134.3907,332.4,1.4,1.2,2014-10-10,0500,Aqua,MODIS,46,6.2,311,15.2,D,0
-12.4769,134.4037,333.8,1.4,1.2,2014-10-10,0500,Aqua,MODIS,60,6.2,310.7,18.9,D,0
-12.4684,134.3889,331.9,1.4,1.2,2014-10-10,0500,Aqua,MODIS,47,6.2,312.1,14.6,D,0
-13.1115,135.7454,331.8,1.7,1.3,2014-10-10,0500,Aqua,MODIS,67,6.2,304.1,29.6,D,0
-13.1429,130.9647,340.7,1,1,2014-10-10,0500,Aqua,MODIS,78,6.2,310.1,28.1,D,0
-13.1339,130.9633,364,1,1,2014-10-10,0500,Aqua,MODIS,87,6.2,309.4,83.8,D,0
-12.9452,135.0047,334,1.5,1.2,2014-10-10,0500,Aqua,MODIS,70,6.2,307.5,25.2,D,0
-14.7597,133.2737,342.3,1.1,1.1,2014-10-10,0500,Aqua,MODIS,84,6.2,319.7,26.5,D,0
-14.5501,133.7778,346.9,1.2,1.1,2014-10-10,0500,Aqua,MODIS,52,6.2,317.2,35.7,D,0
-14.5519,133.7667,345.4,1.2,1.1,2014-10-10,0500,Aqua,MODIS,54,6.2,318.8,31.9,D,0
-13.4022,134.3079,340.8,1.4,1.2,2014-10-10,0500,Aqua,MODIS,54,6.2,315,37.8,D,0
-12.9562,135.0065,343.1,1.5,1.2,2014-10-10,0500,Aqua,MODIS,87,6.2,308.8,52.6,D,0
-12.9589,134.9984,332.6,1.5,1.2,2014-10-10,0500,Aqua,MODIS,49,6.2,309.5,17.6,D,0
-12.632,136.621,324.4,2,1.4,2014-10-10,0500,Aqua,MODIS,14,6.2,301.7,28.1,D,0
-12.6195,136.6189,327.4,2,1.4,2014-10-10,0500,Aqua,MODIS,49,6.2,300.9,38,D,0
-12.6175,136.6112,326.4,2,1.4,2014-10-10,0500,Aqua,MODIS,49,6.2,300.9,35.2,D,0
-12.8558,136.2767,328.2,1.9,1.3,2014-10-10,0500,Aqua,MODIS,53,6.2,306.5,23.4,D,0
-12.9784,135.0163,330.9,1.5,1.2,2014-10-10,0500,Aqua,MODIS,42,6.2,308.8,19,D,0
-12.9565,135.0125,340.5,1.5,1.2,2014-10-10,0500,Aqua,MODIS,85,6.2,305.8,42.4,D,0
-12.6227,136.6003,332.3,2,1.4,2014-10-10,0500,Aqua,MODIS,74,6.2,301.7,53.5,D,0
-12.1319,133.5252,333.6,1.3,1.1,2014-10-10,0501,Aqua,MODIS,40,6.2,312.7,17.5,D,0
-12.0496,133.7352,340.5,1.3,1.1,2014-10-10,0501,Aqua,MODIS,83,6.2,311.7,29.1,D,0
-11.5583,130.6598,343.9,1,1,2014-10-10,0501,Aqua,MODIS,89,6.2,311.5,24.8,D,0
-11.5493,130.6585,346.3,1,1,2014-10-10,0501,Aqua,MODIS,84,6.2,310.3,29.4,D,0
-11.7149,130.6585,328.1,1,1,2014-10-10,0501,Aqua,MODIS,23,6.2,309,7.3,D,0
-11.7059,130.6571,346.4,1,1,2014-10-10,0501,Aqua,MODIS,91,6.2,311.4,34.7,D,0
-11.6186,130.684,336.4,1,1,2014-10-10,0501,Aqua,MODIS,70,6.2,305,20.6,D,0
-11.3781,131.1344,328,1,1,2014-10-10,0501,Aqua,MODIS,55,6.2,303,10.1,D,0
-11.3795,131.1252,331.9,1,1,2014-10-10,0501,Aqua,MODIS,70,6.2,307.1,15,D,0
-11.3809,131.1159,331.2,1,1,2014-10-10,0501,Aqua,MODIS,72,6.2,305.8,14.8,D,0
-11.3704,131.1238,327.9,1,1,2014-10-10,0501,Aqua,MODIS,25,6.2,305.5,10.6,D,0
-11.3718,131.1145,328.6,1,1,2014-10-10,0501,Aqua,MODIS,48,6.2,305.1,12.1,D,0
-11.3854,131.2118,331.8,1,1,2014-10-10,0501,Aqua,MODIS,44,6.2,306.3,15.9,D,0
-11.3777,131.2011,333.8,1,1,2014-10-10,0501,Aqua,MODIS,66,6.2,308.9,21.1,D,0
-11.3686,131.1997,356.9,1,1,2014-10-10,0501,Aqua,MODIS,98,6.2,308.7,68.8,D,0
-11.3699,131.1904,327.7,1,1,2014-10-10,0501,Aqua,MODIS,45,6.2,304.4,12.4,D,0
-11.3427,130.8773,323.7,1,1,2014-10-10,0501,Aqua,MODIS,54,6.2,304.2,13.2,D,0
-11.331,130.8944,335.7,1,1,2014-10-10,0501,Aqua,MODIS,78,6.2,305.6,25.7,D,0
-11.3324,130.8852,336.4,1,1,2014-10-10,0501,Aqua,MODIS,62,6.2,305,27,D,0
-11.6882,131.0963,344.6,1,1,2014-10-10,0501,Aqua,MODIS,89,6.2,311.4,35.4,D,0
-11.6896,131.087,341.3,1,1,2014-10-10,0501,Aqua,MODIS,86,6.2,313.7,29.4,D,0
-11.6969,130.6558,349.7,1,1,2014-10-10,0501,Aqua,MODIS,93,6.2,310.6,40.7,D,0
-11.7087,130.8918,326.1,1,1,2014-10-10,0501,Aqua,MODIS,34,6.2,308.5,6.3,D,0
-11.7267,130.8945,329.6,1,1,2014-10-10,0501,Aqua,MODIS,58,6.2,311,9.9,D,0
-11.7177,130.8931,333.2,1,1,2014-10-10,0501,Aqua,MODIS,76,6.2,311,15,D,0
-11.5416,130.648,340.5,1,1,2014-10-10,0501,Aqua,MODIS,57,6.2,312.4,20.9,D,0
-11.5313,130.6558,366.8,1,1,2014-10-10,0501,Aqua,MODIS,100,6.2,311.6,88,D,0
-11.5326,130.6466,412.9,1,1,2014-10-10,0501,Aqua,MODIS,100,6.2,317.5,321.8,D,0
-11.394,131.0894,330.5,1,1,2014-10-10,0501,Aqua,MODIS,48,6.2,305.4,13,D,0
-11.3954,131.0801,335.9,1,1,2014-10-10,0501,Aqua,MODIS,82,6.2,307.3,22.2,D,0
-11.534,130.6375,334.3,1,1,2014-10-10,0501,Aqua,MODIS,50,6.2,305.9,13.9,D,0
-11.6715,130.636,330,1,1,2014-10-10,0501,Aqua,MODIS,29,6.2,305.9,12.5,D,0
-11.7099,130.6297,332,1,1,2014-10-10,0501,Aqua,MODIS,44,6.2,308.4,14.2,D,0
-12.1757,131.0311,335.6,1,1,2014-10-10,0501,Aqua,MODIS,65,6.2,312.4,21.7,D,0
-12.5983,130.9762,334,1,1,2014-10-10,0501,Aqua,MODIS,50,6.2,310.2,13.1,D,0
-33.3984,116.2689,317.1,1.6,1.2,2014-10-10,0633,Aqua,MODIS,71,6.2,298.3,20.1,D,0
-34.0557,116.8475,311.6,1.7,1.3,2014-10-10,0633,Aqua,MODIS,63,6.2,298.7,14.5,D,0
-33.4016,116.2522,316.3,1.6,1.2,2014-10-10,0633,Aqua,MODIS,70,6.2,297.2,19.4,D,0
-32.5826,116.2213,318.6,1.6,1.3,2014-10-10,0634,Aqua,MODIS,68,6.2,294.1,25.8,D,0
-31.2157,115.6551,356.5,1.6,1.2,2014-10-10,0634,Aqua,MODIS,98,6.2,306.8,140.4,D,0
-31.2259,115.6644,353.6,1.6,1.2,2014-10-10,0634,Aqua,MODIS,96,6.2,307.8,126.1,D,0
-32.581,116.2278,327.7,1.6,1.3,2014-10-10,0634,Aqua,MODIS,81,6.2,294,44.2,D,0
-32.6914,116.2036,323.1,1.6,1.3,2014-10-10,0634,Aqua,MODIS,76,6.2,293.8,36.3,D,0
-31.2046,115.6522,322.4,1.6,1.2,2014-10-10,0634,Aqua,MODIS,67,6.2,300.5,28.5,D,0
-32.6919,116.1915,334.8,1.6,1.2,2014-10-10,0634,Aqua,MODIS,87,6.2,295.2,65.6,D,0
-31.2148,115.6615,373,1.6,1.2,2014-10-10,0634,Aqua,MODIS,100,6.2,306.6,236.4,D,0
-32.6886,116.2086,340.5,1.6,1.3,2014-10-10,0634,Aqua,MODIS,90,6.2,293.8,83.9,D,0
-32.6802,116.2007,335.8,1.6,1.3,2014-10-10,0634,Aqua,MODIS,87,6.2,295.2,67.4,D,0
-32.5794,116.2386,327.2,1.6,1.3,2014-10-10,0634,Aqua,MODIS,80,6.2,291.7,45.4,D,0
-31.218,115.6449,332.2,1.6,1.2,2014-10-10,0634,Aqua,MODIS,38,6.2,301.7,45.6,D,0
-31.2068,115.642,323,1.6,1.2,2014-10-10,0634,Aqua,MODIS,34,6.2,300.2,26.8,D,0
-31.2126,115.6718,347.8,1.6,1.2,2014-10-10,0634,Aqua,MODIS,93,6.2,301.6,102,D,0
-31.2227,115.6811,326.9,1.6,1.2,2014-10-10,0634,Aqua,MODIS,57,6.2,301.4,35.8,D,0
-21.548,117.3813,333.7,3.4,1.7,2014-10-10,0636,Aqua,MODIS,69,6.2,319,63.9,D,0
-21.6298,117.7611,330.7,3.6,1.8,2014-10-10,0636,Aqua,MODIS,57,6.2,316.5,48,D,0
-21.418,116.3602,333.9,2.9,1.6,2014-10-10,0637,Aqua,MODIS,69,6.2,317.7,55.2,D,0
-21.417,116.3521,336.7,2.9,1.6,2014-10-10,0637,Aqua,MODIS,76,6.2,318.1,77.1,D,0
-34.4629,150.884,313.9,1.1,1,2014-10-10,1241,Terra,MODIS,88,6.2,289.4,15.6,N,2
-33.724,150.4426,306.2,1.1,1,2014-10-10,1242,Terra,MODIS,67,6.2,284.4,11,N,0
-33.7282,150.4496,304.1,1.1,1,2014-10-10,1242,Terra,MODIS,59,6.2,284.2,8.9,N,0
-30.7757,152.7566,307.2,1,1,2014-10-10,1242,Terra,MODIS,71,6.2,286.6,9.8,N,0
-30.7741,152.7672,304.6,1,1,2014-10-10,1242,Terra,MODIS,61,6.2,286.7,8,N,0
-24.31,150.618,301.2,1,1,2014-10-10,1244,Terra,MODIS,39,6.2,289.5,4.8,N,0
-24.2996,150.6263,303.8,1,1,2014-10-10,1244,Terra,MODIS,57,6.2,289.2,6.2,N,0
-24.301,150.6164,320.9,1,1,2014-10-10,1244,Terra,MODIS,100,6.2,289.8,19.6,N,0
-24.2819,150.6839,300.1,1,1,2014-10-10,1244,Terra,MODIS,18,6.2,288.5,4.5,N,0
-24.6672,152.0454,309.1,1.1,1,2014-10-10,1244,Terra,MODIS,76,6.2,288.4,11.5,N,0
-24.6866,151.9189,303.3,1.1,1,2014-10-10,1244,Terra,MODIS,38,6.2,288.7,6.9,N,0
-24.6974,151.9102,309.6,1.1,1,2014-10-10,1244,Terra,MODIS,78,6.2,289.1,11.2,N,0
-24.6882,151.9085,300.4,1.1,1,2014-10-10,1244,Terra,MODIS,7,6.2,288,5.3,N,0
-24.2164,149.5351,300.2,1,1,2014-10-10,1244,Terra,MODIS,19,6.2,290.1,4,N,0
-25.0248,148.4962,301.1,1.1,1,2014-10-10,1244,Terra,MODIS,24,6.2,287.1,5.6,N,0
-24.5054,150.9151,305.4,1,1,2014-10-10,1244,Terra,MODIS,64,6.2,287.2,8.1,N,0
-23.4637,149.6611,302.8,1,1,2014-10-10,1244,Terra,MODIS,52,6.2,289.4,5.8,N,0
-25.6096,152.5997,301.8,1.1,1,2014-10-10,1244,Terra,MODIS,44,6.2,287.1,7.4,N,0
-20.7125,143.2263,305.5,1.9,1.4,2014-10-10,1245,Terra,MODIS,62,6.2,295.1,13.2,N,0
-21.0691,148.0458,302.6,1,1,2014-10-10,1245,Terra,MODIS,31,6.2,290.8,4.2,N,0
-21.0837,148.0069,320.9,1,1,2014-10-10,1245,Terra,MODIS,100,6.2,291.1,18.4,N,0
-21.0639,148.0144,302.1,1,1,2014-10-10,1245,Terra,MODIS,8,6.2,290.1,4.1,N,0
-21.0745,148.0055,314.4,1,1,2014-10-10,1245,Terra,MODIS,58,6.2,291.1,12.1,N,0
-21.0731,148.0158,324.3,1,1,2014-10-10,1245,Terra,MODIS,100,6.2,292.1,21.9,N,0
-21.1673,148.0673,313.3,1,1,2014-10-10,1245,Terra,MODIS,45,6.2,290.8,11.1,N,0
-20.7146,143.2077,310.3,1.9,1.4,2014-10-10,1245,Terra,MODIS,79,6.2,296.4,21.7,N,0
-21.1492,147.8006,303.8,1.1,1,2014-10-10,1245,Terra,MODIS,57,6.2,291.4,5.4,N,0
-21.1187,147.8167,307.3,1.1,1,2014-10-10,1245,Terra,MODIS,71,6.2,292.1,7.3,N,0
-21.1478,147.8108,306.5,1.1,1,2014-10-10,1245,Terra,MODIS,68,6.2,291.9,7.3,N,0
-21.1095,147.8153,306.8,1.1,1,2014-10-10,1245,Terra,MODIS,69,6.2,291.6,7,N,0
-21.0678,148.0557,307.9,1,1,2014-10-10,1245,Terra,MODIS,73,6.2,291,7.6,N,0
-22.911,149.0146,301.9,1,1,2014-10-10,1245,Terra,MODIS,30,6.2,290.8,3.8,N,0
-21.1581,148.0658,307.2,1,1,2014-10-10,1245,Terra,MODIS,31,6.2,290.6,6.5,N,0
-21.1568,148.0757,307.6,1,1,2014-10-10,1245,Terra,MODIS,14,6.2,291.1,7,N,0
-20.7174,143.2144,313.8,1.9,1.4,2014-10-10,1245,Terra,MODIS,88,6.2,296.2,29.8,N,0
-20.846,148.4718,302.1,1,1,2014-10-10,1245,Terra,MODIS,46,6.2,289.6,6.5,N,0
-20.8446,148.4816,301.5,1,1,2014-10-10,1245,Terra,MODIS,40,6.2,289.6,6.5,N,0
-22.8965,149.0525,304.3,1,1,2014-10-10,1245,Terra,MODIS,41,6.2,290.9,5.3,N,0
-22.8825,149.02,303.7,1,1,2014-10-10,1245,Terra,MODIS,56,6.2,291,5.2,N,0
-19.2746,146.8396,309.6,1.1,1.1,2014-10-10,1246,Terra,MODIS,78,6.2,294.4,9.5,N,0
-15.1944,145.1705,308.4,1.2,1.1,2014-10-10,1247,Terra,MODIS,74,6.2,292.9,10.6,N,0
-15.1599,144.9625,313.6,1.2,1.1,2014-10-10,1247,Terra,MODIS,87,6.2,293.5,15.1,N,0
-15.5038,143.6058,311.6,1.5,1.2,2014-10-10,1247,Terra,MODIS,67,6.2,293,16.1,N,0
-15.5165,143.593,312.7,1.5,1.2,2014-10-10,1247,Terra,MODIS,35,6.2,293.1,17.2,N,0
-12.9964,143.4513,304.9,1.5,1.2,2014-10-10,1247,Terra,MODIS,62,6.2,291.2,12,N,0
-15.5201,143.5641,306,1.6,1.2,2014-10-10,1247,Terra,MODIS,19,6.2,293,9.6,N,0
-15.4749,143.6591,310.4,1.5,1.2,2014-10-10,1247,Terra,MODIS,71,6.2,293.3,14.8,N,0
-15.5183,143.5787,314.4,1.5,1.2,2014-10-10,1247,Terra,MODIS,80,6.2,293.3,20.5,N,0
-15.3047,145.1801,305.4,1.2,1.1,2014-10-10,1247,Terra,MODIS,64,6.2,293.7,7.4,N,0
-15.3079,145.0771,304.1,1.2,1.1,2014-10-10,1247,Terra,MODIS,59,6.2,293.3,6.8,N,0
-15.298,145.0754,304.1,1.2,1.1,2014-10-10,1247,Terra,MODIS,58,6.2,293,6.8,N,0
-15.4732,143.6731,309.5,1.5,1.2,2014-10-10,1247,Terra,MODIS,60,6.2,293.4,13.7,N,0
-15.5524,143.5896,302.9,1.5,1.2,2014-10-10,1247,Terra,MODIS,29,6.2,292.3,7.2,N,0
-15.1714,144.9523,305.4,1.2,1.1,2014-10-10,1247,Terra,MODIS,64,6.2,293.3,7.4,N,0
-15.5055,143.5915,309,1.5,1.2,2014-10-10,1247,Terra,MODIS,31,6.2,293,12.2,N,0
-13.5734,142.1247,307.9,1.9,1.3,2014-10-10,1247,Terra,MODIS,32,6.2,293.3,14.3,N,0
-14.4062,144.4181,306.4,1.3,1.1,2014-10-10,1247,Terra,MODIS,68,6.2,294.6,8.7,N,0
-14.4046,144.4301,304.4,1.3,1.1,2014-10-10,1247,Terra,MODIS,60,6.2,294.4,7.1,N,0
-13.5594,142.1398,307.2,1.8,1.3,2014-10-10,1247,Terra,MODIS,52,6.2,293.4,13.8,N,0
-12.2079,142.6511,311.5,1.6,1.3,2014-10-10,1248,Terra,MODIS,83,6.2,292.8,19,N,0
-12.2088,142.6448,320.9,1.6,1.3,2014-10-10,1248,Terra,MODIS,100,6.2,293.4,36.1,N,0
-12.2098,142.6363,311.8,1.6,1.3,2014-10-10,1248,Terra,MODIS,83,6.2,293.1,19,N,0
-12.2809,142.7058,303.1,1.6,1.2,2014-10-10,1248,Terra,MODIS,35,6.2,292.8,8,N,0
-12.4485,142.4645,304,1.7,1.3,2014-10-10,1248,Terra,MODIS,58,6.2,293.2,10,N,0
-12.2754,142.6599,307.6,1.6,1.3,2014-10-10,1248,Terra,MODIS,42,6.2,293.1,11.9,N,0
-12.2773,142.6451,318.9,1.6,1.3,2014-10-10,1248,Terra,MODIS,98,6.2,293.7,30.9,N,0
-12.2793,142.6301,306.1,1.6,1.3,2014-10-10,1248,Terra,MODIS,28,6.2,293.3,10.9,N,0
-12.221,142.6378,305.2,1.6,1.3,2014-10-10,1248,Terra,MODIS,32,6.2,293.1,10,N,0
-12.2192,142.6525,318.2,1.6,1.3,2014-10-10,1248,Terra,MODIS,96,6.2,293.6,30.2,N,0
-23.5646,129.619,306.9,1.4,1.2,2014-10-10,1423,Terra,MODIS,69,6.2,290.7,13.3,N,0
-24.4857,128.7221,310.6,1.2,1.1,2014-10-10,1423,Terra,MODIS,80,6.2,292.3,14.3,N,0
-24.4976,128.7119,317.7,1.2,1.1,2014-10-10,1423,Terra,MODIS,96,6.2,292.1,22.2,N,0
-24.4877,128.7099,315.5,1.2,1.1,2014-10-10,1423,Terra,MODIS,91,6.2,292.7,19.4,N,0
-24.4936,128.6735,303.6,1.2,1.1,2014-10-10,1423,Terra,MODIS,50,6.2,292.2,7.4,N,0
-21.5304,117.3684,315.6,2.4,1.5,2014-10-10,1424,Terra,MODIS,90,6.2,296.7,42.1,N,0
-21.3352,119.8458,310.6,1.6,1.2,2014-10-10,1424,Terra,MODIS,69,6.2,298.8,12.3,N,0
-19.0732,133.2572,306.1,3.2,1.7,2014-10-10,1424,Terra,MODIS,63,6.2,292.7,34.2,N,0
-19.0768,133.251,319.8,3.2,1.7,2014-10-10,1424,Terra,MODIS,99,6.2,293.6,93.8,N,0
-19.0792,133.2267,328.7,3.2,1.7,2014-10-10,1424,Terra,MODIS,100,6.2,294,145.9,N,0
-18.2976,131.8481,305,2.6,1.6,2014-10-10,1424,Terra,MODIS,63,6.2,295,23.3,N,0
-19.0826,133.2206,324,3.2,1.7,2014-10-10,1424,Terra,MODIS,100,6.2,294.2,116.8,N,0
-19.1245,133.2368,306.2,3.2,1.7,2014-10-10,1424,Terra,MODIS,67,6.2,293.6,35.8,N,0
-22.1482,123.58,307.4,1,1,2014-10-10,1424,Terra,MODIS,71,6.2,295.3,7.3,N,0
-20.055,127.6093,317.8,1.3,1.1,2014-10-10,1424,Terra,MODIS,95,6.2,299,16.8,N,0
-18.8971,129.114,303.3,1.6,1.3,2014-10-10,1424,Terra,MODIS,9,6.2,292.5,9.6,N,0
-22.5054,122.4617,305.9,1.2,1.1,2014-10-10,1424,Terra,MODIS,66,6.2,294.8,7.6,N,0
-20.073,127.6249,308.9,1.3,1.1,2014-10-10,1424,Terra,MODIS,37,6.2,297.7,6.8,N,0
-16.887,127.3628,317.2,1.3,1.1,2014-10-10,1425,Terra,MODIS,93,6.2,300,16.1,N,0
-17.6658,130.0951,304.8,2,1.4,2014-10-10,1425,Terra,MODIS,55,6.2,293.7,12.8,N,0
-17.6624,130.114,308.2,2,1.4,2014-10-10,1425,Terra,MODIS,73,6.2,294.2,19.6,N,0
-17.659,130.133,309.2,2,1.4,2014-10-10,1425,Terra,MODIS,70,6.2,294.1,20.1,N,0
-16.8622,127.3395,372.3,1.3,1.1,2014-10-10,1425,Terra,MODIS,100,6.2,303.9,183.9,N,0
-16.8602,127.3521,427.9,1.3,1.1,2014-10-10,1425,Terra,MODIS,100,6.2,316.4,712.8,N,0
-16.8725,127.3414,359.1,1.3,1.1,2014-10-10,1425,Terra,MODIS,100,6.2,301.7,121.8,N,0
-16.8705,127.3539,405.6,1.3,1.1,2014-10-10,1425,Terra,MODIS,100,6.2,310.7,438.9,N,0
-16.8828,127.3432,317.4,1.3,1.1,2014-10-10,1425,Terra,MODIS,94,6.2,299.1,15.9,N,0
-17.2831,123.2442,307.1,1,1,2014-10-10,1425,Terra,MODIS,48,6.2,296.9,4.8,N,0
-16.8808,127.3557,342.7,1.3,1.1,2014-10-10,1425,Terra,MODIS,100,6.2,302,67.2,N,0
-16.893,127.345,310.1,1.3,1.1,2014-10-10,1425,Terra,MODIS,39,6.2,299,7.2,N,0
-16.8911,127.3575,337.5,1.3,1.1,2014-10-10,1425,Terra,MODIS,100,6.2,302.3,53.5,N,0
-16.8891,127.3501,323.9,1.3,1.1,2014-10-10,1425,Terra,MODIS,100,6.2,300.7,26.4,N,0
-17.204,123.2834,340.1,1,1,2014-10-10,1425,Terra,MODIS,100,6.2,299.7,40.8,N,0
-16.9014,127.3396,309,1.3,1.1,2014-10-10,1425,Terra,MODIS,66,6.2,298.4,7.8,N,0
-16.8993,127.3521,341.2,1.3,1.1,2014-10-10,1425,Terra,MODIS,100,6.2,301.1,63.7,N,0
-16.8973,127.3647,337,1.3,1.1,2014-10-10,1425,Terra,MODIS,100,6.2,300.7,52.7,N,0
-16.9117,127.3414,316.5,1.3,1.1,2014-10-10,1425,Terra,MODIS,91,6.2,298.9,16.4,N,0
-16.9096,127.354,347.7,1.3,1.1,2014-10-10,1425,Terra,MODIS,100,6.2,302.6,82.1,N,0
-16.9075,127.3667,316.6,1.3,1.1,2014-10-10,1425,Terra,MODIS,92,6.2,299.8,15.6,N,0
-16.9199,127.3557,349.6,1.3,1.1,2014-10-10,1425,Terra,MODIS,100,6.2,304.1,88.4,N,0
-16.9179,127.3683,336.5,1.3,1.1,2014-10-10,1425,Terra,MODIS,100,6.2,301.3,51.8,N,0
-16.9302,127.3577,322.6,1.3,1.1,2014-10-10,1425,Terra,MODIS,100,6.2,300.2,25.3,N,0
-16.9281,127.3703,314.8,1.3,1.1,2014-10-10,1425,Terra,MODIS,87,6.2,300.1,14,N,0
-17.4063,130.1434,301.6,2.1,1.4,2014-10-10,1425,Terra,MODIS,32,6.2,291.3,9.6,N,0
-17.3209,130.1803,305.7,2.1,1.4,2014-10-10,1425,Terra,MODIS,38,6.2,292.2,16.9,N,0
-17.321,130.1863,309.8,2.1,1.4,2014-10-10,1425,Terra,MODIS,15,6.2,292.3,21.5,N,0
-16.7385,127.0908,312.3,1.3,1.1,2014-10-10,1425,Terra,MODIS,80,6.2,299.4,10.4,N,0
-17.3101,123.2484,320.9,1,1,2014-10-10,1425,Terra,MODIS,100,6.2,297.4,16.1,N,0
-17.3115,123.2389,308.7,1,1,2014-10-10,1425,Terra,MODIS,71,6.2,297.1,5.9,N,0
-17.3011,123.247,320.1,1,1,2014-10-10,1425,Terra,MODIS,93,6.2,298.2,14,N,0
-17.3024,123.2375,313.3,1,1,2014-10-10,1425,Terra,MODIS,41,6.2,297.5,8.2,N,0
-17.2881,123.2738,323.2,1,1,2014-10-10,1425,Terra,MODIS,100,6.2,297.7,18.2,N,0
-17.2894,123.2644,321.1,1,1,2014-10-10,1425,Terra,MODIS,100,6.2,297.7,15.5,N,0
-17.2908,123.255,321.4,1,1,2014-10-10,1425,Terra,MODIS,82,6.2,297.3,15,N,0
-17.2921,123.2456,351.8,1,1,2014-10-10,1425,Terra,MODIS,100,6.2,299.2,62.7,N,0
-17.2934,123.2361,319.8,1,1,2014-10-10,1425,Terra,MODIS,99,6.2,297.5,13.7,N,0
-17.4877,130.2057,315.7,2.1,1.4,2014-10-10,1425,Terra,MODIS,91,6.2,294.9,37,N,0
-16.8395,127.3486,344.3,1.3,1.1,2014-10-10,1425,Terra,MODIS,100,6.2,300.3,72.1,N,0
-16.8416,127.3361,352.6,1.3,1.1,2014-10-10,1425,Terra,MODIS,100,6.2,301.2,97.9,N,0
-16.8292,127.3469,312.2,1.3,1.1,2014-10-10,1425,Terra,MODIS,79,6.2,298.3,10.5,N,0
-16.8312,127.3344,338.8,1.3,1.1,2014-10-10,1425,Terra,MODIS,100,6.2,299.2,57.2,N,0
-16.7917,127.2702,314,1.3,1.1,2014-10-10,1425,Terra,MODIS,56,6.2,298.5,12.5,N,0
-16.7814,127.2683,326.5,1.3,1.1,2014-10-10,1425,Terra,MODIS,100,6.2,299.1,31,N,0
-17.6231,130.1781,306.6,2.1,1.4,2014-10-10,1425,Terra,MODIS,44,6.2,295.7,15.1,N,0
-16.8519,127.3376,353.4,1.3,1.1,2014-10-10,1425,Terra,MODIS,100,6.2,302.8,100.5,N,0
-17.0312,128.1392,325,1.5,1.2,2014-10-10,1425,Terra,MODIS,100,6.2,300.9,33.9,N,0
-17.0289,128.1534,310.4,1.5,1.2,2014-10-10,1425,Terra,MODIS,74,6.2,300.1,9.5,N,0
-17.033,128.1459,325.5,1.5,1.2,2014-10-10,1425,Terra,MODIS,100,6.2,301.3,35,N,0
-17.2817,123.2536,309.5,1,1,2014-10-10,1425,Terra,MODIS,50,6.2,297.1,6.2,N,0
-16.8499,127.3502,374.2,1.3,1.1,2014-10-10,1425,Terra,MODIS,100,6.2,304.8,195.7,N,0
-16.8662,127.3146,308.4,1.3,1.1,2014-10-10,1425,Terra,MODIS,38,6.2,297.9,7.1,N,0
-17.217,123.2565,309.3,1,1,2014-10-10,1425,Terra,MODIS,41,6.2,296.1,6.2,N,0
-17.2157,123.266,330.1,1,1,2014-10-10,1425,Terra,MODIS,100,6.2,297.7,26.3,N,0
-17.2144,123.2754,315,1,1,2014-10-10,1425,Terra,MODIS,61,6.2,296.8,9.5,N,0
-17.2804,123.263,313.1,1,1,2014-10-10,1425,Terra,MODIS,84,6.2,296.7,9.1,N,0
-17.2791,123.2725,308.4,1,1,2014-10-10,1425,Terra,MODIS,70,6.2,296.5,5.8,N,0
-17.1887,123.2618,312.7,1,1,2014-10-10,1425,Terra,MODIS,55,6.2,296.9,8.3,N,0
-17.1873,123.2712,316,1,1,2014-10-10,1425,Terra,MODIS,92,6.2,297.6,10.6,N,0
-17.186,123.2806,340.8,1,1,2014-10-10,1425,Terra,MODIS,100,6.2,298.9,42.1,N,0
-17.1964,123.2726,326.2,1,1,2014-10-10,1425,Terra,MODIS,100,6.2,298.5,20.3,N,0
-17.195,123.282,356.7,1,1,2014-10-10,1425,Terra,MODIS,100,6.2,302,75.2,N,0
-17.2054,123.274,341,1,1,2014-10-10,1425,Terra,MODIS,100,6.2,299.4,41.9,N,0
-16.7731,127.2542,314.4,1.3,1.1,2014-10-10,1425,Terra,MODIS,68,6.2,299,12.7,N,0
-17.1469,124.2006,326.9,1,1,2014-10-10,1425,Terra,MODIS,100,6.2,298.8,22.2,N,0
-16.779,126.8947,311,1.3,1.1,2014-10-10,1425,Terra,MODIS,27,6.2,298.5,9,N,0
-16.9977,123.1816,312.3,1,1,2014-10-10,1425,Terra,MODIS,83,6.2,296.3,9.4,N,0
-16.999,123.1722,309.4,1,1,2014-10-10,1425,Terra,MODIS,74,6.2,296.2,7.2,N,0
-17.1483,124.1912,313.8,1,1,2014-10-10,1425,Terra,MODIS,85,6.2,297.7,9.3,N,0
-17.1456,124.21,314.3,1,1,2014-10-10,1425,Terra,MODIS,86,6.2,298.2,9.8,N,0
-16.7809,126.8829,312.6,1.3,1.1,2014-10-10,1425,Terra,MODIS,40,6.2,299.2,10.3,N,0
-16.7805,126.8891,313.9,1.3,1.1,2014-10-10,1425,Terra,MODIS,84,6.2,299.1,12.5,N,0
-14.5322,133.7992,307.8,4.4,1.9,2014-10-10,1425,Terra,MODIS,67,6.2,297.3,43.5,N,0
-14.5314,133.7919,308.5,4.4,1.9,2014-10-10,1425,Terra,MODIS,69,6.2,297.3,48.5,N,0
-13.3652,142.1669,311.3,1.1,1.1,2014-10-10,1550,Aqua,MODIS,82,6.2,292.4,12,N,0
-13.5635,142.1329,307.4,1.1,1.1,2014-10-10,1550,Aqua,MODIS,19,6.2,293.6,7.1,N,0
-12.2698,142.6479,306.1,1.1,1,2014-10-10,1550,Aqua,MODIS,64,6.2,292.9,6.8,N,0
-12.2713,142.6578,303,1.1,1,2014-10-10,1550,Aqua,MODIS,23,6.2,292.6,4.6,N,0
-12.7728,142.1366,305.6,1.1,1.1,2014-10-10,1550,Aqua,MODIS,65,6.2,293.3,6.8,N,0
-15.5648,143.6078,303.8,1,1,2014-10-10,1551,Aqua,MODIS,57,6.2,291.3,5.5,N,0
-15.4576,143.6878,302.3,1,1,2014-10-10,1551,Aqua,MODIS,29,6.2,292,4,N,0
-15.1621,144.957,302.9,1,1,2014-10-10,1551,Aqua,MODIS,33,6.2,292.7,4.3,N,0
-15.2997,145.0782,303.3,1,1,2014-10-10,1551,Aqua,MODIS,54,6.2,292.7,5.5,N,0
-15.1543,144.9679,303.4,1,1,2014-10-10,1551,Aqua,MODIS,36,6.2,292.7,4.8,N,0
-15.9834,145.3038,302.6,1.1,1,2014-10-10,1551,Aqua,MODIS,43,6.2,290.2,6.7,N,0
-20.6994,143.2304,313.5,1,1,2014-10-10,1552,Aqua,MODIS,87,6.2,296.7,9.9,N,0
-20.707,143.2193,316.7,1,1,2014-10-10,1552,Aqua,MODIS,94,6.2,297,12.5,N,0
-21.0657,148.026,304.3,1.8,1.3,2014-10-10,1552,Aqua,MODIS,13,6.2,290.2,12.5,N,0
-21.0639,148.0099,304.3,1.8,1.3,2014-10-10,1552,Aqua,MODIS,18,6.2,290.5,13.2,N,0
-21.1611,148.0607,302.3,1.8,1.3,2014-10-10,1552,Aqua,MODIS,48,6.2,290.5,11.8,N,0
-20.7161,143.2179,320.7,1,1,2014-10-10,1552,Aqua,MODIS,100,6.2,297.9,16.6,N,0
-20.7084,143.229,314.8,1,1,2014-10-10,1552,Aqua,MODIS,90,6.2,296.8,10.8,N,0
-19.0956,133.2704,313.1,3.6,1.8,2014-10-10,1552,Aqua,MODIS,86,6.2,293.3,76.1,N,0
-19.0888,133.2371,318.1,3.6,1.8,2014-10-10,1552,Aqua,MODIS,96,6.2,293.2,103.3,N,0
-19.0824,133.2457,316.4,3.6,1.8,2014-10-10,1552,Aqua,MODIS,93,6.2,293.4,97.4,N,0
-19.1209,133.2596,303,3.6,1.8,2014-10-10,1552,Aqua,MODIS,50,6.2,292.6,33.5,N,0
-17.3139,123.2538,307.5,1.6,1.2,2014-10-10,1730,Aqua,MODIS,72,6.2,294.5,12.9,N,0
-17.3122,123.2392,308.3,1.6,1.2,2014-10-10,1730,Aqua,MODIS,74,6.2,294.8,14,N,0
-17.3124,123.2461,314,1.6,1.2,2014-10-10,1730,Aqua,MODIS,88,6.2,295,20.6,N,0
-21.334,119.8466,308.6,1.1,1.1,2014-10-10,1731,Aqua,MODIS,75,6.2,295.3,9,N,0
-21.5244,117.3668,322.1,1,1,2014-10-10,1732,Aqua,MODIS,100,6.2,297.4,18.1,N,0
-21.5259,117.3764,328.3,1,1,2014-10-10,1732,Aqua,MODIS,100,6.2,298.4,24.9,N,0
-21.5273,117.386,317,1,1,2014-10-10,1732,Aqua,MODIS,94,6.2,295.4,13.5,N,0
-21.5287,117.3957,305.5,1,1,2014-10-10,1732,Aqua,MODIS,62,6.2,293.8,5.4,N,0
-21.5349,117.3749,312,1,1,2014-10-10,1732,Aqua,MODIS,83,6.2,295.2,9.2,N,0
-22.5118,122.4737,305.7,1.6,1.3,2014-10-10,1732,Aqua,MODIS,40,6.2,294,12.4,N,0
-22.5095,122.4668,309,1.6,1.3,2014-10-10,1732,Aqua,MODIS,76,6.2,294,18.1,N,0
-32.8274,116.4703,300.3,1.1,1,2014-10-10,1735,Aqua,MODIS,25,6.2,281.3,7.9,N,0
-29.9996,152.902,323.6,1.4,1.2,2014-10-10,2342,Terra,MODIS,68,6.2,297.2,25.4,D,0
-29.9797,152.9423,323,1.4,1.2,2014-10-10,2342,Terra,MODIS,50,6.2,298,21.9,D,0
-29.9822,152.9564,321.3,1.4,1.2,2014-10-10,2342,Terra,MODIS,54,6.2,300.4,19.7,D,0
-29.9952,152.9683,327.3,1.4,1.2,2014-10-10,2342,Terra,MODIS,52,6.2,298.7,27.5,D,0
-28.4307,149.5994,315.6,2.4,1.5,2014-10-10,2342,Terra,MODIS,57,6.2,297.4,18.6,D,0
-31.4638,151.2528,345.9,1.6,1.3,2014-10-10,2342,Terra,MODIS,93,6.2,297.2,109.4,D,0
-30.0022,152.9162,334.7,1.4,1.2,2014-10-10,2342,Terra,MODIS,87,6.2,299.2,46.6,D,0
-29.9981,152.9236,339,1.4,1.2,2014-10-10,2342,Terra,MODIS,70,6.2,299.8,53.3,D,0
-30.0047,152.9302,336.6,1.4,1.2,2014-10-10,2342,Terra,MODIS,88,6.2,299.4,49.1,D,0
-33.643,151.1079,313.3,1.5,1.2,2014-10-10,2343,Terra,MODIS,61,6.2,297.3,12.5,D,0
-33.6538,151.1051,312.9,1.5,1.2,2014-10-10,2343,Terra,MODIS,56,6.2,297.1,12,D,0
-33.6934,151.0034,311.4,1.5,1.2,2014-10-10,2343,Terra,MODIS,39,6.2,298.2,8.1,D,0
-33.6903,150.9868,314,1.5,1.2,2014-10-10,2343,Terra,MODIS,51,6.2,298.6,11.2,D,0
-34.4625,150.8869,315.2,1.5,1.2,2014-10-10,2343,Terra,MODIS,53,6.2,302.8,9.1,D,2
-33.9503,150.6445,318.6,1.6,1.2,2014-10-10,2343,Terra,MODIS,73,6.2,303.1,18.7,D,0
-36.4904,148.8361,314.5,1.8,1.3,2014-10-10,2344,Terra,MODIS,73,6.2,300.7,17,D,0
-36.498,148.8129,313.7,1.8,1.3,2014-10-10,2344,Terra,MODIS,71,6.2,300.4,15.4,D,0
-36.502,148.8324,326.1,1.8,1.3,2014-10-10,2344,Terra,MODIS,83,6.2,298.5,42.9,D,0
-11.0287,142.4173,316.7,1.8,1.3,2014-10-11,0115,Terra,MODIS,40,6.2,296.2,16.7,D,0
-11.0644,142.4126,315.8,1.8,1.3,2014-10-11,0115,Terra,MODIS,41,6.2,296.1,15,D,0
-12.2301,142.7344,317.7,2,1.4,2014-10-11,0115,Terra,MODIS,42,6.2,295.7,25.3,D,0
-12.2312,142.6412,326.2,2,1.4,2014-10-11,0115,Terra,MODIS,77,6.2,296.6,43.8,D,0
-12.2334,142.6593,361.6,2,1.4,2014-10-11,0115,Terra,MODIS,100,6.2,299.5,225.5,D,0
-12.2188,142.6427,338,2,1.4,2014-10-11,0115,Terra,MODIS,88,6.2,298,91,D,0
-12.2163,142.6495,328.5,2,1.4,2014-10-11,0115,Terra,MODIS,80,6.2,297,53,D,0
-12.2402,142.7143,317.9,2,1.4,2014-10-11,0115,Terra,MODIS,32,6.2,294.7,21.7,D,0
-12.214,142.6315,332,2,1.4,2014-10-11,0115,Terra,MODIS,84,6.2,297.2,64.6,D,0
-12.2166,142.6246,316.8,2,1.4,2014-10-11,0115,Terra,MODIS,58,6.2,296.7,21,D,0
-14.4667,133.3423,337.8,1.2,1.1,2014-10-11,0116,Terra,MODIS,57,6.2,316.4,19.9,D,0
-14.6555,133.4352,338.8,1.2,1.1,2014-10-11,0116,Terra,MODIS,52,6.2,315.1,20.8,D,0
-12.2774,142.7091,325.5,2,1.4,2014-10-11,0116,Terra,MODIS,48,6.2,298.8,38.7,D,0
-15.4712,143.6609,324.9,2.7,1.6,2014-10-11,0116,Terra,MODIS,64,6.2,305.3,45.9,D,0
-12.2922,142.7262,318.3,2,1.4,2014-10-11,0116,Terra,MODIS,52,6.2,297.4,24.2,D,0
-14.5018,133.3649,344.9,1.2,1.1,2014-10-11,0116,Terra,MODIS,87,6.2,317.5,36.9,D,0
-14.4218,134.0198,338.3,1.1,1.1,2014-10-11,0116,Terra,MODIS,78,6.2,315.5,19,D,0
-14.6267,144.3428,337.2,2.9,1.6,2014-10-11,0116,Terra,MODIS,85,6.2,302.9,129.6,D,0
-12.455,142.474,319,1.9,1.4,2014-10-11,0116,Terra,MODIS,37,6.2,296.9,16.3,D,0
-14.0804,135.6918,328.7,1,1,2014-10-11,0116,Terra,MODIS,44,6.2,309.2,9.6,D,0
-15.474,143.6857,321.6,2.7,1.6,2014-10-11,0116,Terra,MODIS,39,6.2,304.2,34.5,D,0
-12.4913,134.3937,340,1.1,1.1,2014-10-11,0116,Terra,MODIS,84,6.2,308.1,27.2,D,0
-14.4902,133.3554,340.2,1.2,1.1,2014-10-11,0116,Terra,MODIS,78,6.2,317.3,24.8,D,0
-14.8735,142.539,327.5,2.1,1.4,2014-10-11,0116,Terra,MODIS,62,6.2,311.3,28.5,D,0
-15.1609,144.9473,322.4,3.3,1.7,2014-10-11,0116,Terra,MODIS,56,6.2,301.6,64.1,D,0
-14.5117,133.3633,333.6,1.2,1.1,2014-10-11,0116,Terra,MODIS,68,6.2,316.2,13.4,D,0
-14.667,133.4446,343.1,1.2,1.1,2014-10-11,0116,Terra,MODIS,70,6.2,316.2,29.1,D,0
-12.2413,141.992,334.5,1.8,1.3,2014-10-11,0116,Terra,MODIS,74,6.2,301.3,60,D,0
-14.6297,144.3698,328.8,2.9,1.6,2014-10-11,0116,Terra,MODIS,72,6.2,304.1,77.3,D,0
-14.5001,133.3537,337,1.2,1.1,2014-10-11,0116,Terra,MODIS,76,6.2,316.4,18.8,D,0
-12.4463,142.4694,321.6,1.9,1.4,2014-10-11,0116,Terra,MODIS,57,6.2,299.1,22.6,D,0
-12.4405,142.4579,318,1.9,1.4,2014-10-11,0116,Terra,MODIS,39,6.2,297.2,14,D,0
-12.5025,134.4026,339.8,1.1,1.1,2014-10-11,0116,Terra,MODIS,84,6.2,309.7,27.2,D,0
-12.7495,142.1141,324.3,1.8,1.3,2014-10-11,0116,Terra,MODIS,35,6.2,305.3,14.2,D,0
-14.6699,133.4494,335.6,1.2,1.1,2014-10-11,0116,Terra,MODIS,71,6.2,316.7,16.7,D,0
-12.4929,134.4041,376.1,1.1,1.1,2014-10-11,0116,Terra,MODIS,100,6.2,313.2,140.7,D,0
-14.6681,133.4383,334.5,1.2,1.1,2014-10-11,0116,Terra,MODIS,49,6.2,315.6,13.2,D,0
-15.5125,143.5997,321.9,2.6,1.6,2014-10-11,0116,Terra,MODIS,32,6.2,304.6,38.4,D,0
-15.1643,144.9779,322.2,3.3,1.7,2014-10-11,0116,Terra,MODIS,52,6.2,303.3,62.2,D,0
-12.4643,134.4086,341.6,1.1,1.1,2014-10-11,0116,Terra,MODIS,86,6.2,310.6,30,D,0
-13.0362,135.7315,340.3,1,1,2014-10-11,0116,Terra,MODIS,83,6.2,313.9,23.2,D,0
-13.0466,135.7394,332.3,1,1,2014-10-11,0116,Terra,MODIS,53,6.2,312.3,11.5,D,0
-12.4077,136.5169,328.9,1,1,2014-10-11,0116,Terra,MODIS,67,6.2,310.4,11.1,D,0
-15.1764,144.9458,328.5,3.3,1.7,2014-10-11,0116,Terra,MODIS,72,6.2,301.4,99.7,D,0
-12.4091,136.526,332.6,1,1,2014-10-11,0116,Terra,MODIS,78,6.2,309.2,16.4,D,0
-13.6862,142.0668,322.3,1.9,1.3,2014-10-11,0116,Terra,MODIS,48,6.2,304.6,19.5,D,0
-13.4294,135.5886,350.4,1,1,2014-10-11,0116,Terra,MODIS,93,6.2,312.8,46.4,D,0
-13.428,135.5793,337.7,1,1,2014-10-11,0116,Terra,MODIS,79,6.2,311.7,21.9,D,0
-12.2267,134.3197,333.6,1.2,1.1,2014-10-11,0116,Terra,MODIS,76,6.2,306.6,19.5,D,0
-12.2872,135.1726,326,1.1,1,2014-10-11,0116,Terra,MODIS,22,6.2,304.5,16.2,D,0
-12.2678,134.9855,324,1.1,1,2014-10-11,0116,Terra,MODIS,40,6.2,302.6,8.3,D,0
-12.2663,134.9757,328.5,1.1,1,2014-10-11,0116,Terra,MODIS,67,6.2,305.4,15.2,D,0
-12.4739,134.4071,341.9,1.1,1.1,2014-10-11,0116,Terra,MODIS,86,6.2,309.9,30.9,D,0
-14.4431,144.3214,321.4,2.9,1.6,2014-10-11,0116,Terra,MODIS,30,6.2,304.2,34,D,0
-12.1407,136.3325,335.4,1,1,2014-10-11,0116,Terra,MODIS,87,6.2,303.8,21.7,D,0
-13.6034,142.1359,327.1,1.9,1.3,2014-10-11,0116,Terra,MODIS,36,6.2,305.9,27.1,D,0
-13.6092,142.124,327.2,1.9,1.3,2014-10-11,0116,Terra,MODIS,28,6.2,306.7,26.7,D,0
-12.9263,135.8589,343.8,1,1,2014-10-11,0116,Terra,MODIS,87,6.2,308.3,33.7,D,0
-12.2721,136.7829,329.4,1,1,2014-10-11,0116,Terra,MODIS,75,6.2,304.7,15.1,D,0
-13.6841,142.0495,323.1,1.9,1.3,2014-10-11,0116,Terra,MODIS,48,6.2,305.1,20.1,D,0
-13.1579,141.8294,339.2,1.8,1.3,2014-10-11,0116,Terra,MODIS,87,6.2,305.5,68.7,D,0
-12.4065,136.8217,323.7,1,1,2014-10-11,0116,Terra,MODIS,41,6.2,306.8,7,D,0
-12.2284,134.3301,328.4,1.2,1.1,2014-10-11,0116,Terra,MODIS,53,6.2,303.7,11.9,D,0
-12.3975,136.823,324.3,1,1,2014-10-11,0116,Terra,MODIS,38,6.2,307,8,D,0
-12.6827,132.951,329.3,1.4,1.2,2014-10-11,0116,Terra,MODIS,65,6.2,305.9,19.6,D,0
-14.5207,133.8141,338.3,1.2,1.1,2014-10-11,0116,Terra,MODIS,73,6.2,316.8,19.2,D,0
-14.4515,133.3102,337.4,1.2,1.1,2014-10-11,0116,Terra,MODIS,49,6.2,318,18.2,D,0
-14.4533,133.3215,341.3,1.2,1.1,2014-10-11,0116,Terra,MODIS,73,6.2,316.6,26.9,D,0
-13.6794,142.0558,326.7,1.9,1.3,2014-10-11,0116,Terra,MODIS,71,6.2,305.6,28.7,D,0
-12.9158,135.8479,337.3,1,1,2014-10-11,0116,Terra,MODIS,71,6.2,315.1,16.3,D,0
-12.8838,135.8812,336.9,1,1,2014-10-11,0116,Terra,MODIS,78,6.2,309.3,20.2,D,0
-12.8824,135.872,368.9,1,1,2014-10-11,0116,Terra,MODIS,100,6.2,315.9,94.1,D,0
-12.9249,135.8496,346.7,1,1,2014-10-11,0116,Terra,MODIS,90,6.2,311.9,38.5,D,0
-12.8914,135.8706,334.6,1,1,2014-10-11,0116,Terra,MODIS,42,6.2,311.2,14.4,D,0
-12.9185,135.8664,351.4,1,1,2014-10-11,0116,Terra,MODIS,94,6.2,312,47.1,D,0
-12.9171,135.8572,385.2,1,1,2014-10-11,0116,Terra,MODIS,100,6.2,317.4,158.1,D,0
-12.2779,135.174,324.1,1.1,1,2014-10-11,0116,Terra,MODIS,29,6.2,302.5,14.7,D,0
-12.3073,134.7079,329.4,1.1,1,2014-10-11,0116,Terra,MODIS,47,6.2,305.7,12,D,0
-11.6665,130.6483,364.8,2.1,1.4,2014-10-11,0116,Terra,MODIS,100,6.2,309.8,247.7,D,0
-11.6791,130.6461,333.3,2.1,1.4,2014-10-11,0116,Terra,MODIS,70,6.2,308.1,54.6,D,0
-11.5211,130.6471,329.6,2.1,1.4,2014-10-11,0116,Terra,MODIS,33,6.2,307.5,38.6,D,0
-11.5368,130.6638,331.3,2.1,1.4,2014-10-11,0116,Terra,MODIS,56,6.2,308.6,42,D,0
-12.6807,132.9386,327.8,1.4,1.2,2014-10-11,0116,Terra,MODIS,60,6.2,305.9,17.9,D,0
-13.477,141.7477,323.5,1.8,1.3,2014-10-11,0116,Terra,MODIS,29,6.2,305.4,18.1,D,0
-12.6154,136.6133,338.5,1,1,2014-10-11,0116,Terra,MODIS,82,6.2,307.8,24,D,0
-12.6167,136.6225,339.3,1,1,2014-10-11,0116,Terra,MODIS,84,6.2,308,25.2,D,0
-12.6181,136.6316,333.8,1,1,2014-10-11,0116,Terra,MODIS,77,6.2,308.9,18,D,0
-12.627,136.6302,343.3,1,1,2014-10-11,0116,Terra,MODIS,88,6.2,309.6,32,D,0
-13.1558,141.8132,337.2,1.8,1.3,2014-10-11,0116,Terra,MODIS,86,6.2,306.6,60.4,D,0
-13.6445,130.2946,330.4,2,1.4,2014-10-11,0116,Terra,MODIS,66,6.2,307.5,29.1,D,0
-12.9659,130.3244,330.6,2.1,1.4,2014-10-11,0116,Terra,MODIS,52,6.2,302.2,49.8,D,0
-12.9626,130.3122,327.4,2.1,1.4,2014-10-11,0116,Terra,MODIS,33,6.2,303.4,36.9,D,0
-13.8163,132.5522,334.9,1.4,1.2,2014-10-11,0116,Terra,MODIS,50,6.2,309.7,27.5,D,0
-11.5179,130.6281,331.1,2.1,1.4,2014-10-11,0116,Terra,MODIS,36,6.2,306.9,47.6,D,0
-11.6633,130.6293,371.1,2.1,1.4,2014-10-11,0116,Terra,MODIS,100,6.2,307.3,309.6,D,0
-13.8559,132.5977,332,1.4,1.2,2014-10-11,0116,Terra,MODIS,49,6.2,311.3,19.8,D,0
-14.0269,135.643,338.1,1,1,2014-10-11,0116,Terra,MODIS,81,6.2,310.9,22.9,D,0
-13.8945,135.8657,332.4,1,1,2014-10-11,0116,Terra,MODIS,70,6.2,311.6,14.8,D,0
-13.8959,135.8749,342.6,1,1,2014-10-11,0116,Terra,MODIS,86,6.2,310.4,31.5,D,0
-13.9049,135.8735,343.4,1,1,2014-10-11,0116,Terra,MODIS,87,6.2,308.3,32.8,D,0
-13.3455,131.9364,330.5,1.6,1.2,2014-10-11,0116,Terra,MODIS,51,6.2,311.3,14.8,D,0
-14.2026,136.5783,339.7,1,1,2014-10-11,0116,Terra,MODIS,84,6.2,309,28,D,0
-14.2039,136.5875,341.2,1,1,2014-10-11,0116,Terra,MODIS,86,6.2,307.3,30.9,D,0
-14.2116,136.5769,331.5,1,1,2014-10-11,0116,Terra,MODIS,71,6.2,305.3,16.5,D,0
-13.4564,135.5875,338.7,1,1,2014-10-11,0116,Terra,MODIS,80,6.2,312.1,24.6,D,0
-13.455,135.5782,338.3,1,1,2014-10-11,0116,Terra,MODIS,80,6.2,310.6,24.2,D,0
-13.4474,135.5889,335.9,1,1,2014-10-11,0116,Terra,MODIS,76,6.2,312.6,20.4,D,0
-14.1666,136.5836,329.8,1,1,2014-10-11,0116,Terra,MODIS,39,6.2,307.6,11.9,D,0
-13.831,132.5759,334.6,1.4,1.2,2014-10-11,0116,Terra,MODIS,46,6.2,310.3,26.2,D,0
-13.7404,136.0057,329.7,1,1,2014-10-11,0116,Terra,MODIS,60,6.2,304.2,16.3,D,0
-13.7314,136.007,334.1,1,1,2014-10-11,0116,Terra,MODIS,74,6.2,306.1,22.3,D,0
-13.8289,132.5632,342.1,1.4,1.2,2014-10-11,0116,Terra,MODIS,80,6.2,311.8,44.6,D,0
-12.2953,142.6517,337.5,2,1.4,2014-10-11,0116,Terra,MODIS,87,6.2,295.6,80.6,D,0
-12.2751,142.6909,347.2,2,1.4,2014-10-11,0116,Terra,MODIS,93,6.2,301.3,128.8,D,0
-12.2728,142.6728,324.2,2,1.4,2014-10-11,0116,Terra,MODIS,67,6.2,297.3,33.7,D,0
-12.321,136.8035,323,1,1,2014-10-11,0116,Terra,MODIS,57,6.2,305.7,6.6,D,0
-12.3223,136.8127,327.4,1,1,2014-10-11,0116,Terra,MODIS,72,6.2,305,11.9,D,0
-12.4469,142.808,317.1,2.1,1.4,2014-10-11,0116,Terra,MODIS,11,6.2,295.1,23,D,0
-17.486,132.8695,365.3,1.2,1.1,2014-10-11,0117,Terra,MODIS,100,6.2,311.8,106,D,0
-17.4842,132.8585,354.9,1.2,1.1,2014-10-11,0117,Terra,MODIS,84,6.2,314.7,65.8,D,0
-17.4762,132.8712,365.8,1.2,1.1,2014-10-11,0117,Terra,MODIS,100,6.2,314.6,106.2,D,0
-17.5208,132.8232,344.8,1.2,1.1,2014-10-11,0117,Terra,MODIS,85,6.2,316.9,38.2,D,0
-17.5226,132.8344,359.4,1.2,1.1,2014-10-11,0117,Terra,MODIS,99,6.2,318.5,84.9,D,0
-17.5324,132.8327,355.7,1.2,1.1,2014-10-11,0117,Terra,MODIS,97,6.2,313.5,73,D,0
-17.5615,132.8276,366.2,1.2,1.1,2014-10-11,0117,Terra,MODIS,100,6.2,315.6,111.3,D,0
-17.763,132.6122,367.8,1.2,1.1,2014-10-11,0117,Terra,MODIS,100,6.2,316.7,117.3,D,0
-17.5342,132.8438,339.3,1.2,1.1,2014-10-11,0117,Terra,MODIS,81,6.2,310.8,32.6,D,0
-17.7648,132.6235,365.1,1.2,1.1,2014-10-11,0117,Terra,MODIS,100,6.2,319.9,104.7,D,0
-17.7667,132.6348,363.6,1.2,1.1,2014-10-11,0117,Terra,MODIS,100,6.2,321.6,95.7,D,0
-17.7746,132.6218,354.7,1.2,1.1,2014-10-11,0117,Terra,MODIS,96,6.2,312.3,71.7,D,0
-17.7765,132.6331,429.2,1.2,1.1,2014-10-11,0117,Terra,MODIS,100,6.2,326.8,604,D,0
-17.615,131.835,339.3,1.3,1.2,2014-10-11,0117,Terra,MODIS,82,6.2,317,29.4,D,0
-17.6171,131.8476,338.9,1.3,1.1,2014-10-11,0117,Terra,MODIS,82,6.2,315.5,29,D,0
-18.0499,131.9305,333.6,1.3,1.1,2014-10-11,0117,Terra,MODIS,18,6.2,316,18.2,D,0
-17.6119,132.8303,458.6,1.2,1.1,2014-10-11,0117,Terra,MODIS,100,6.2,324,1039.1,D,0
-17.6136,132.8414,406.3,1.2,1.1,2014-10-11,0117,Terra,MODIS,100,6.2,312.6,351,D,0
-17.6131,132.8235,411.1,1.2,1.1,2014-10-11,0117,Terra,MODIS,100,6.2,313.1,398.1,D,0
-17.6149,132.8346,424.3,1.2,1.1,2014-10-11,0117,Terra,MODIS,100,6.2,316.6,533.7,D,0
-17.6167,132.8457,342.7,1.2,1.1,2014-10-11,0117,Terra,MODIS,86,6.2,307.6,42,D,0
-18.0459,131.9691,345.4,1.3,1.1,2014-10-11,0117,Terra,MODIS,88,6.2,310.7,52.3,D,0
-18.0438,131.9568,430.4,1.3,1.1,2014-10-11,0117,Terra,MODIS,100,6.2,323.9,695,D,0
-18.0418,131.9445,397,1.3,1.1,2014-10-11,0117,Terra,MODIS,100,6.2,320.7,319.4,D,0
-17.7918,132.6651,345.1,1.2,1.1,2014-10-11,0117,Terra,MODIS,88,6.2,307.7,44.2,D,0
-17.7412,132.6108,335.1,1.2,1.1,2014-10-11,0117,Terra,MODIS,45,6.2,319.4,17.8,D,0
-17.743,132.6222,338.3,1.2,1.1,2014-10-11,0117,Terra,MODIS,65,6.2,317.8,24.4,D,0
-17.7124,132.7431,341.4,1.2,1.1,2014-10-11,0117,Terra,MODIS,71,6.2,315.6,32.4,D,0
-17.626,132.7182,343.4,1.2,1.1,2014-10-11,0117,Terra,MODIS,87,6.2,317.8,36.4,D,0
-17.6241,132.707,336.3,1.2,1.1,2014-10-11,0117,Terra,MODIS,72,6.2,318.1,19.5,D,0
-18.0397,131.9323,333.9,1.3,1.1,2014-10-11,0117,Terra,MODIS,31,6.2,315.9,18,D,0
-17.9919,131.9475,350.8,1.3,1.1,2014-10-11,0117,Terra,MODIS,93,6.2,314.8,64.5,D,0
-17.6039,132.843,400.9,1.2,1.1,2014-10-11,0117,Terra,MODIS,100,6.2,314.3,304.3,D,0
-17.7026,132.7447,380.1,1.2,1.1,2014-10-11,0117,Terra,MODIS,100,6.2,319.6,169.9,D,0
-17.5924,132.8337,435.8,1.2,1.1,2014-10-11,0117,Terra,MODIS,100,6.2,330.8,673.5,D,0
-17.79,132.6539,435.4,1.2,1.1,2014-10-11,0117,Terra,MODIS,100,6.2,319.7,685.3,D,0
-17.7881,132.6426,372.6,1.2,1.1,2014-10-11,0117,Terra,MODIS,100,6.2,311.5,141.5,D,0
-17.7802,132.6556,421.4,1.2,1.1,2014-10-11,0117,Terra,MODIS,100,6.2,327.5,506.1,D,0
-17.7783,132.6443,432.8,1.2,1.1,2014-10-11,0117,Terra,MODIS,100,6.2,331.6,647.6,D,0
-17.7685,132.646,377.6,1.2,1.1,2014-10-11,0117,Terra,MODIS,100,6.2,322.7,156.3,D,0
-17.7681,132.6527,347.8,1.2,1.1,2014-10-11,0117,Terra,MODIS,89,6.2,317,45.3,D,0
-17.691,132.7353,347.1,1.2,1.1,2014-10-11,0117,Terra,MODIS,90,6.2,316.4,42.9,D,0
-17.6892,132.7241,336.8,1.2,1.1,2014-10-11,0117,Terra,MODIS,56,6.2,317.3,18.6,D,0
-17.6899,132.7416,344.4,1.2,1.1,2014-10-11,0117,Terra,MODIS,59,6.2,314.4,36.1,D,0
-17.6375,132.7277,340.1,1.2,1.1,2014-10-11,0117,Terra,MODIS,79,6.2,314.1,28.8,D,0
-17.6357,132.7165,346,1.2,1.1,2014-10-11,0117,Terra,MODIS,83,6.2,315.7,40.3,D,0
-17.6022,132.832,474.7,1.2,1.1,2014-10-11,0117,Terra,MODIS,100,6.2,338,1371.6,D,0
-17.6192,132.7997,398.4,1.2,1.1,2014-10-11,0117,Terra,MODIS,100,6.2,313.8,291.2,D,0
-17.6174,132.7886,364.9,1.2,1.1,2014-10-11,0117,Terra,MODIS,100,6.2,311.9,105.2,D,0
-17.6113,132.8125,341,1.2,1.1,2014-10-11,0117,Terra,MODIS,84,6.2,309.1,35.4,D,0
-17.6095,132.8014,361,1.2,1.1,2014-10-11,0117,Terra,MODIS,100,6.2,315,90.4,D,0
-17.6077,132.7903,383.9,1.2,1.1,2014-10-11,0117,Terra,MODIS,100,6.2,319.6,194.3,D,0
-17.5907,132.8226,394,1.2,1.1,2014-10-11,0117,Terra,MODIS,100,6.2,324.8,254.6,D,0
-17.5827,132.8353,328.7,1.2,1.1,2014-10-11,0117,Terra,MODIS,43,6.2,311.3,12.3,D,0
-17.6058,132.7791,351.4,1.2,1.1,2014-10-11,0117,Terra,MODIS,94,6.2,315,57.9,D,0
-17.6101,132.8192,414,1.2,1.1,2014-10-11,0117,Terra,MODIS,100,6.2,315.7,422.4,D,0
-17.6066,132.797,373.5,1.2,1.1,2014-10-11,0117,Terra,MODIS,100,6.2,317.2,137.8,D,0
-17.6048,132.7858,383.9,1.2,1.1,2014-10-11,0117,Terra,MODIS,100,6.2,318.5,189.5,D,0
-17.603,132.7747,336.9,1.2,1.1,2014-10-11,0117,Terra,MODIS,73,6.2,314.8,18.9,D,0
-17.5986,132.8098,350.3,1.2,1.1,2014-10-11,0117,Terra,MODIS,93,6.2,315.7,52.3,D,0
-17.6004,132.8209,415.7,1.2,1.1,2014-10-11,0117,Terra,MODIS,100,6.2,329.2,437.1,D,0
-17.5951,132.7875,387.4,1.2,1.1,2014-10-11,0117,Terra,MODIS,100,6.2,318.9,208.1,D,0
-17.5933,132.7764,372.6,1.2,1.1,2014-10-11,0117,Terra,MODIS,100,6.2,319.8,129.2,D,0
-17.5889,132.8114,354.7,1.2,1.1,2014-10-11,0117,Terra,MODIS,96,6.2,318.8,63.5,D,0
-17.5871,132.8003,344,1.2,1.1,2014-10-11,0117,Terra,MODIS,87,6.2,316.3,32.6,D,0
-17.6706,132.6115,343.2,1.2,1.1,2014-10-11,0117,Terra,MODIS,69,6.2,317.8,29.6,D,0
-17.5792,132.8131,383.5,1.2,1.1,2014-10-11,0117,Terra,MODIS,100,6.2,321.5,184.6,D,0
-17.5774,132.802,346.5,1.2,1.1,2014-10-11,0117,Terra,MODIS,89,6.2,318.2,38,D,0
-17.5694,132.8148,365.1,1.2,1.1,2014-10-11,0117,Terra,MODIS,100,6.2,317.2,99.8,D,0
-17.5809,132.8242,396.7,1.2,1.1,2014-10-11,0117,Terra,MODIS,100,6.2,320.2,274.8,D,0
-17.5712,132.8259,342.1,1.2,1.1,2014-10-11,0117,Terra,MODIS,85,6.2,312.7,37,D,0
-17.5676,132.8037,345.8,1.2,1.1,2014-10-11,0117,Terra,MODIS,89,6.2,317.7,36.3,D,0
-17.7663,132.6414,383.6,1.2,1.1,2014-10-11,0117,Terra,MODIS,100,6.2,322.9,191.9,D,0
-17.7565,132.6431,333,1.2,1.1,2014-10-11,0117,Terra,MODIS,42,6.2,315.3,15.1,D,0
-18.0519,131.9428,335.6,1.3,1.1,2014-10-11,0117,Terra,MODIS,55,6.2,313.6,24.2,D,0
-17.5597,132.8165,382.7,1.2,1.1,2014-10-11,0117,Terra,MODIS,100,6.2,320.6,184.3,D,0
-17.5579,132.8054,352.6,1.2,1.1,2014-10-11,0117,Terra,MODIS,94,6.2,318.1,56.7,D,0
-17.55,132.8182,337.2,1.2,1.1,2014-10-11,0117,Terra,MODIS,63,6.2,314.7,22.9,D,0
-17.7044,132.7559,352.9,1.2,1.1,2014-10-11,0117,Terra,MODIS,95,6.2,314.6,62.7,D,0
-17.7142,132.7542,351.7,1.2,1.1,2014-10-11,0117,Terra,MODIS,94,6.2,315.4,62,D,0
-17.7239,132.7525,360.3,1.2,1.1,2014-10-11,0117,Terra,MODIS,100,6.2,313.3,91.5,D,0
-17.7257,132.7637,386.2,1.2,1.1,2014-10-11,0117,Terra,MODIS,100,6.2,315.1,212.2,D,0
-17.5482,132.8071,343.3,1.2,1.1,2014-10-11,0117,Terra,MODIS,86,6.2,317.8,33.7,D,0
-17.5942,132.8447,338.8,1.2,1.1,2014-10-11,0117,Terra,MODIS,75,6.2,311.2,27.9,D,0
-17.6805,132.6098,336.4,1.2,1.1,2014-10-11,0117,Terra,MODIS,37,6.2,317.1,17.4,D,0
-17.9899,131.9352,343,1.3,1.1,2014-10-11,0117,Terra,MODIS,85,6.2,316.7,40.8,D,0
-17.4877,132.8806,338.6,1.2,1.1,2014-10-11,0117,Terra,MODIS,75,6.2,307.9,32.5,D,0
-17.478,132.8822,339,1.2,1.1,2014-10-11,0117,Terra,MODIS,75,6.2,310,31.7,D,0
-17.7492,132.5978,357.3,1.2,1.1,2014-10-11,0117,Terra,MODIS,98,6.2,318,72.4,D,0
-17.751,132.6091,371.5,1.2,1.1,2014-10-11,0117,Terra,MODIS,100,6.2,322.3,128.4,D,0
-17.7528,132.6205,341.3,1.2,1.1,2014-10-11,0117,Terra,MODIS,50,6.2,319.2,27.5,D,0
-17.7547,132.6318,363.2,1.2,1.1,2014-10-11,0117,Terra,MODIS,100,6.2,318.6,95.5,D,0
-17.7608,132.6074,364.2,1.2,1.1,2014-10-11,0117,Terra,MODIS,100,6.2,315.3,99.3,D,0
-17.7627,132.6188,375.5,1.2,1.1,2014-10-11,0117,Terra,MODIS,100,6.2,319.4,146.8,D,0
-17.7645,132.6301,354.6,1.2,1.1,2014-10-11,0117,Terra,MODIS,96,6.2,320.5,63.6,D,0
-17.7611,132.6008,327.8,1.2,1.1,2014-10-11,0117,Terra,MODIS,52,6.2,313.3,9,D,0
-17.5213,132.8407,346.8,1.2,1.1,2014-10-11,0117,Terra,MODIS,81,6.2,314.9,46.7,D,0
-17.5195,132.8296,356.9,1.2,1.1,2014-10-11,0117,Terra,MODIS,98,6.2,318.1,73.3,D,0
-17.3149,130.2641,334.8,1.7,1.3,2014-10-11,0117,Terra,MODIS,44,6.2,311.2,33.7,D,0
-17.3265,130.262,331.8,1.7,1.3,2014-10-11,0117,Terra,MODIS,50,6.2,312.8,24,D,0
-17.3293,130.2781,329.9,1.7,1.3,2014-10-11,0117,Terra,MODIS,34,6.2,313.1,20.2,D,0
-17.5427,130.3083,365.3,1.7,1.3,2014-10-11,0117,Terra,MODIS,100,6.2,312.7,178.9,D,0
-17.5049,130.6265,353,1.6,1.3,2014-10-11,0117,Terra,MODIS,95,6.2,312.7,96.4,D,0
-17.5542,130.3062,338.4,1.7,1.3,2014-10-11,0117,Terra,MODIS,71,6.2,307.6,48.5,D,0
-17.5146,130.6185,334.2,1.6,1.3,2014-10-11,0117,Terra,MODIS,73,6.2,313.6,27.4,D,0
-16.8307,127.3519,330.8,2.9,1.6,2014-10-11,0117,Terra,MODIS,30,6.2,306.7,62.1,D,0
-16.8307,127.3592,330.6,2.9,1.6,2014-10-11,0117,Terra,MODIS,49,6.2,305.8,65.1,D,0
-16.7859,127.2818,327.8,3,1.6,2014-10-11,0117,Terra,MODIS,35,6.2,306.8,51.3,D,0
-16.7714,127.2853,329.6,3,1.6,2014-10-11,0117,Terra,MODIS,64,6.2,306.1,69.1,D,0
-17.5085,130.2483,331.3,1.7,1.3,2014-10-11,0117,Terra,MODIS,51,6.2,312,19.1,D,0
-17.5455,130.3243,337.7,1.7,1.3,2014-10-11,0117,Terra,MODIS,79,6.2,310.7,47.7,D,0
-17.5476,130.2841,358.8,1.7,1.3,2014-10-11,0117,Terra,MODIS,99,6.2,315.2,136.3,D,0
-17.5225,130.3284,335.5,1.7,1.3,2014-10-11,0117,Terra,MODIS,68,6.2,311.2,35,D,0
-17.497,130.2506,331.1,1.7,1.3,2014-10-11,0117,Terra,MODIS,32,6.2,311.1,18.4,D,0
-17.4942,130.2344,350.8,1.7,1.3,2014-10-11,0117,Terra,MODIS,93,6.2,313.4,94,D,0
-17.5487,130.274,333.7,1.7,1.3,2014-10-11,0117,Terra,MODIS,62,6.2,314.2,27.4,D,0
-17.5515,130.2902,373.8,1.7,1.3,2014-10-11,0117,Terra,MODIS,100,6.2,313.4,243.2,D,0
-17.4826,130.2365,353,1.7,1.3,2014-10-11,0117,Terra,MODIS,95,6.2,314.7,105,D,0
-17.3421,130.1682,326.5,1.8,1.3,2014-10-11,0117,Terra,MODIS,12,6.2,310.2,16.3,D,0
-17.54,130.2922,345.1,1.7,1.3,2014-10-11,0117,Terra,MODIS,83,6.2,313.3,68.8,D,0
-16.8453,127.3493,333.9,2.9,1.6,2014-10-11,0117,Terra,MODIS,70,6.2,307.4,79.6,D,0
-17.491,130.6133,331.4,1.6,1.3,2014-10-11,0117,Terra,MODIS,67,6.2,312.1,18.2,D,0
-16.8453,127.3564,336.5,2.9,1.6,2014-10-11,0117,Terra,MODIS,75,6.2,306.2,97.8,D,0
-17.5372,130.2761,336.5,1.7,1.3,2014-10-11,0117,Terra,MODIS,36,6.2,313,32.5,D,0
-17.5312,130.3103,337.8,1.7,1.3,2014-10-11,0117,Terra,MODIS,59,6.2,312,40.3,D,0
-17.3492,130.3242,330.8,1.7,1.3,2014-10-11,0117,Terra,MODIS,57,6.2,312.5,23.1,D,0
-17.4313,130.3351,339.3,1.7,1.3,2014-10-11,0117,Terra,MODIS,82,6.2,313.6,46,D,0
-17.4428,130.3329,362.6,1.7,1.3,2014-10-11,0117,Terra,MODIS,100,6.2,314.3,158.7,D,0
-17.4824,130.6305,337,1.6,1.3,2014-10-11,0117,Terra,MODIS,79,6.2,313.9,34.7,D,0
-17.5284,130.2943,341.2,1.7,1.3,2014-10-11,0117,Terra,MODIS,81,6.2,312,50.9,D,0
-17.5169,130.2964,332,1.7,1.3,2014-10-11,0117,Terra,MODIS,59,6.2,312.3,23.5,D,0
-17.4797,130.6152,341,1.6,1.3,2014-10-11,0117,Terra,MODIS,84,6.2,314,48.1,D,0
-16.7377,127.0273,327.6,3.1,1.7,2014-10-11,0117,Terra,MODIS,47,6.2,308.2,46.8,D,0
-17.5505,130.3001,360.1,1.7,1.3,2014-10-11,0117,Terra,MODIS,100,6.2,311.9,147.3,D,0
-17.4456,130.3489,352.5,1.7,1.3,2014-10-11,0117,Terra,MODIS,95,6.2,312.7,102.1,D,0
-17.5023,130.6113,353.6,1.6,1.3,2014-10-11,0117,Terra,MODIS,95,6.2,314.1,98.2,D,0
-17.3121,130.248,337.1,1.7,1.3,2014-10-11,0117,Terra,MODIS,59,6.2,311.4,41.2,D,0
-14.7728,133.3917,339.8,1.2,1.1,2014-10-11,0117,Terra,MODIS,76,6.2,316.1,25.1,D,0
-16.0861,136.1142,335.8,1,1,2014-10-11,0117,Terra,MODIS,74,6.2,308.4,16.8,D,0
-16.0875,136.1235,330.6,1,1,2014-10-11,0117,Terra,MODIS,20,6.2,310.5,10.4,D,0
-16.0956,136.1158,336.5,1,1,2014-10-11,0117,Terra,MODIS,78,6.2,310.6,20.7,D,0
-14.7428,133.4032,336.5,1.2,1.1,2014-10-11,0117,Terra,MODIS,58,6.2,316.3,18.1,D,0
-14.7746,133.4027,334.4,1.2,1.1,2014-10-11,0117,Terra,MODIS,40,6.2,313.6,14.7,D,0
-15.0398,135.0925,378.3,1,1,2014-10-11,0117,Terra,MODIS,100,6.2,313.4,128.2,D,0
-15.0489,135.091,345,1,1,2014-10-11,0117,Terra,MODIS,87,6.2,306.9,30.7,D,0
-17.3733,132.804,339.3,1.2,1.1,2014-10-11,0117,Terra,MODIS,53,6.2,317.9,24.3,D,0
-17.3848,132.8135,349.2,1.2,1.1,2014-10-11,0117,Terra,MODIS,91,6.2,317.6,47.6,D,0
-17.3946,132.8118,341,1.2,1.1,2014-10-11,0117,Terra,MODIS,59,6.2,318.7,24.1,D,0
-17.3964,132.823,350.8,1.2,1.1,2014-10-11,0117,Terra,MODIS,88,6.2,316,51,D,0
-17.4061,132.8213,345.1,1.2,1.1,2014-10-11,0117,Terra,MODIS,80,6.2,315.7,33.1,D,0
-17.4079,132.8324,378.5,1.2,1.1,2014-10-11,0117,Terra,MODIS,100,6.2,315,159.1,D,0
-17.4176,132.8307,366.5,1.2,1.1,2014-10-11,0117,Terra,MODIS,100,6.2,316.8,102.5,D,0
-17.4194,132.8419,356.6,1.2,1.1,2014-10-11,0117,Terra,MODIS,97,6.2,313.4,69.1,D,0
-17.4292,132.8402,355.1,1.2,1.1,2014-10-11,0117,Terra,MODIS,96,6.2,313.8,63.6,D,0
-17.4301,132.8335,342.9,1.2,1.1,2014-10-11,0117,Terra,MODIS,73,6.2,316.4,32.2,D,0
-17.4417,132.843,348.3,1.2,1.1,2014-10-11,0117,Terra,MODIS,78,6.2,312.6,45.8,D,0
-17.4435,132.8541,348.6,1.2,1.1,2014-10-11,0117,Terra,MODIS,87,6.2,310.3,49.2,D,0
-17.4532,132.8524,357.5,1.2,1.1,2014-10-11,0117,Terra,MODIS,97,6.2,313.6,72.8,D,0
-17.455,132.8635,347.2,1.2,1.1,2014-10-11,0117,Terra,MODIS,74,6.2,310.4,46.6,D,0
-17.4629,132.8507,345.7,1.2,1.1,2014-10-11,0117,Terra,MODIS,71,6.2,315.1,37.7,D,0
-17.4647,132.8618,364.3,1.2,1.1,2014-10-11,0117,Terra,MODIS,100,6.2,313.9,99.1,D,0
-15.0307,135.0939,366.5,1,1,2014-10-11,0117,Terra,MODIS,100,6.2,315.8,84.7,D,0
-15.0427,135.1114,329.3,1,1,2014-10-11,0117,Terra,MODIS,16,6.2,311.6,8.9,D,0
-15.0413,135.1019,370.1,1,1,2014-10-11,0117,Terra,MODIS,100,6.2,316.5,99.4,D,0
-15.0322,135.1033,348.2,1,1,2014-10-11,0117,Terra,MODIS,91,6.2,314.3,38.1,D,0
-15.0503,135.1005,362.3,1,1,2014-10-11,0117,Terra,MODIS,100,6.2,310.9,74.1,D,0
-15.004,135.0948,336.2,1,1,2014-10-11,0117,Terra,MODIS,56,6.2,313.4,17.5,D,0
-17.3569,130.4373,339.5,1.7,1.3,2014-10-11,0117,Terra,MODIS,82,6.2,313.3,50.7,D,0
-17.3878,130.48,334.4,1.7,1.3,2014-10-11,0117,Terra,MODIS,68,6.2,312.7,30,D,0
-18.2838,131.9764,377.6,1.3,1.1,2014-10-11,0118,Terra,MODIS,100,6.2,313.4,184.9,D,0
-18.1895,131.8994,337.2,1.3,1.1,2014-10-11,0118,Terra,MODIS,77,6.2,311.8,27.3,D,0
-18.217,131.888,338.7,1.3,1.1,2014-10-11,0118,Terra,MODIS,79,6.2,309.1,31.6,D,0
-18.219,131.9003,357.1,1.3,1.1,2014-10-11,0118,Terra,MODIS,98,6.2,310.7,87.2,D,0
-19.1363,133.2662,334.8,1.1,1,2014-10-11,0118,Terra,MODIS,50,6.2,313.1,16.9,D,0
-19.1176,133.2694,338.1,1.1,1,2014-10-11,0118,Terra,MODIS,39,6.2,310.8,18.9,D,0
-19.1083,133.271,408.9,1.1,1,2014-10-11,0118,Terra,MODIS,100,6.2,320,326.9,D,0
-19.1066,133.2607,371.7,1.1,1,2014-10-11,0118,Terra,MODIS,100,6.2,318.4,110.2,D,0
-18.3001,131.9484,343.6,1.3,1.1,2014-10-11,0118,Terra,MODIS,86,6.2,308.4,48.6,D,0
-18.2959,131.9867,421.9,1.3,1.1,2014-10-11,0118,Terra,MODIS,100,6.2,315.3,576.6,D,0
-18.2939,131.9745,440.6,1.3,1.1,2014-10-11,0118,Terra,MODIS,100,6.2,330.6,846.1,D,0
-18.292,131.9624,336.9,1.3,1.1,2014-10-11,0118,Terra,MODIS,53,6.2,308.3,29.2,D,0
-18.2858,131.9885,359.2,1.3,1.1,2014-10-11,0118,Terra,MODIS,99,6.2,307.6,99.8,D,0
-18.2737,131.9782,345.7,1.3,1.1,2014-10-11,0118,Terra,MODIS,88,6.2,308.5,57.2,D,0
-18.2656,131.9921,339.7,1.3,1.1,2014-10-11,0118,Terra,MODIS,81,6.2,305,40.8,D,0
-18.3021,131.9606,356.4,1.3,1.1,2014-10-11,0118,Terra,MODIS,97,6.2,308.6,88.3,D,0
-18.3041,131.9727,391.9,1.3,1.1,2014-10-11,0118,Terra,MODIS,100,6.2,309.1,284.2,D,0
-18.2636,131.98,348.8,1.3,1.1,2014-10-11,0118,Terra,MODIS,91,6.2,308.7,66,D,0
-18.2454,131.9332,355.1,1.3,1.1,2014-10-11,0118,Terra,MODIS,96,6.2,308.2,82.7,D,0
-18.2434,131.921,349.6,1.3,1.1,2014-10-11,0118,Terra,MODIS,92,6.2,308.9,63.7,D,0
-18.2333,131.9228,352.1,1.3,1.1,2014-10-11,0118,Terra,MODIS,94,6.2,307.8,68.3,D,0
-18.2312,131.9106,342.5,1.3,1.1,2014-10-11,0118,Terra,MODIS,85,6.2,308.2,40.3,D,0
-18.2292,131.8984,347,1.3,1.1,2014-10-11,0118,Terra,MODIS,89,6.2,308.5,53.6,D,0
-18.2333,131.9855,390,1.3,1.1,2014-10-11,0118,Terra,MODIS,100,6.2,309.3,265.9,D,0
-18.2313,131.9734,373.5,1.3,1.1,2014-10-11,0118,Terra,MODIS,100,6.2,311.8,164.1,D,0
-18.2272,131.9491,355.2,1.3,1.1,2014-10-11,0118,Terra,MODIS,96,6.2,308.3,82.7,D,0
-18.2252,131.9369,381.7,1.3,1.1,2014-10-11,0118,Terra,MODIS,100,6.2,312.4,208.2,D,0
-18.2997,131.9549,346.1,1.3,1.1,2014-10-11,0118,Terra,MODIS,89,6.2,307.4,58.2,D,0
-18.3017,131.967,379.3,1.3,1.1,2014-10-11,0118,Terra,MODIS,100,6.2,313.2,201.3,D,0
-18.2231,131.9247,342.7,1.3,1.1,2014-10-11,0118,Terra,MODIS,85,6.2,310.2,40.4,D,0
-18.3158,131.9269,349.9,1.3,1.1,2014-10-11,0118,Terra,MODIS,92,6.2,309.5,65.7,D,0
-18.3137,131.8517,339,1.3,1.1,2014-10-11,0118,Terra,MODIS,80,6.2,311.1,37.7,D,0
-18.3158,131.864,333.1,1.3,1.1,2014-10-11,0118,Terra,MODIS,68,6.2,311.1,23.3,D,0
-18.326,131.9251,328.3,1.3,1.1,2014-10-11,0118,Terra,MODIS,9,6.2,310.5,17,D,0
-18.3239,131.8498,336.6,1.3,1.1,2014-10-11,0118,Terra,MODIS,76,6.2,308.7,33.4,D,0
-18.326,131.8621,340.5,1.3,1.1,2014-10-11,0118,Terra,MODIS,82,6.2,309.5,41.7,D,0
-18.3361,131.9233,335.4,1.3,1.1,2014-10-11,0118,Terra,MODIS,61,6.2,311.4,31.3,D,0
-18.3463,131.9215,331.8,1.3,1.1,2014-10-11,0118,Terra,MODIS,47,6.2,304.7,24.7,D,0
-18.3038,131.9791,373,1.3,1.1,2014-10-11,0118,Terra,MODIS,100,6.2,305.4,167,D,0
-18.3057,131.9288,331.8,1.3,1.1,2014-10-11,0118,Terra,MODIS,46,6.2,306.4,19.6,D,0
-18.2211,131.9125,360.3,1.3,1.1,2014-10-11,0118,Terra,MODIS,100,6.2,311.6,98.5,D,0
-18.1935,131.924,344.3,1.3,1.1,2014-10-11,0118,Terra,MODIS,87,6.2,314,46.2,D,0
-18.3078,131.9409,372.9,1.3,1.1,2014-10-11,0118,Terra,MODIS,100,6.2,309.1,160.4,D,0
-18.3098,131.9531,402,1.3,1.1,2014-10-11,0118,Terra,MODIS,100,6.2,311.6,366.5,D,0
-18.3179,131.9391,347.2,1.3,1.1,2014-10-11,0118,Terra,MODIS,88,6.2,305.6,59.1,D,0
-18.1955,131.9362,340.3,1.3,1.1,2014-10-11,0118,Terra,MODIS,82,6.2,314,36.2,D,0
-18.1975,131.9484,332.7,1.3,1.1,2014-10-11,0118,Terra,MODIS,67,6.2,312.6,19.9,D,0
-18.2057,131.9343,339.9,1.3,1.1,2014-10-11,0118,Terra,MODIS,81,6.2,312.4,32.1,D,0
-18.2076,131.9466,357.8,1.3,1.1,2014-10-11,0118,Terra,MODIS,98,6.2,312.2,87.7,D,0
-18.2096,131.9588,382.2,1.3,1.1,2014-10-11,0118,Terra,MODIS,100,6.2,316.5,208.1,D,0
-18.2116,131.971,380.8,1.3,1.1,2014-10-11,0118,Terra,MODIS,100,6.2,316,199.5,D,0
-18.2008,131.9161,332.5,1.3,1.1,2014-10-11,0118,Terra,MODIS,54,6.2,312.1,16,D,0
-18.2028,131.9283,339.5,1.3,1.1,2014-10-11,0118,Terra,MODIS,81,6.2,313.3,30.3,D,0
-18.2049,131.9405,360.2,1.3,1.1,2014-10-11,0118,Terra,MODIS,100,6.2,314.3,98.2,D,0
-19.0753,133.2449,337.7,1.1,1,2014-10-11,0118,Terra,MODIS,49,6.2,319.6,16.8,D,0
-19.0769,133.2552,337.3,1.1,1,2014-10-11,0118,Terra,MODIS,60,6.2,317.8,17.2,D,0
-19.0863,133.2536,357.7,1.1,1,2014-10-11,0118,Terra,MODIS,98,6.2,321.5,61.1,D,0
-19.0879,133.2639,347.5,1.1,1,2014-10-11,0118,Terra,MODIS,64,6.2,319.4,35.3,D,0
-19.0973,133.2623,392.6,1.1,1,2014-10-11,0118,Terra,MODIS,100,6.2,320.4,211.4,D,0
-19.0989,133.2726,357.4,1.1,1,2014-10-11,0118,Terra,MODIS,98,6.2,314.8,63.7,D,0
-18.2232,131.9873,385.3,1.3,1.1,2014-10-11,0118,Terra,MODIS,100,6.2,316.2,230.4,D,0
-18.2212,131.9752,389.9,1.3,1.1,2014-10-11,0118,Terra,MODIS,100,6.2,318.3,263.2,D,0
-18.2069,131.9527,357.9,1.3,1.1,2014-10-11,0118,Terra,MODIS,98,6.2,313.1,86,D,0
-18.209,131.9649,370.7,1.3,1.1,2014-10-11,0118,Terra,MODIS,100,6.2,316.1,144,D,0
-18.211,131.9771,331.8,1.3,1.1,2014-10-11,0118,Terra,MODIS,63,6.2,312.7,16.8,D,0
-18.2191,131.9631,374.7,1.3,1.1,2014-10-11,0118,Terra,MODIS,100,6.2,313.3,168.1,D,0
-18.6052,130.3852,387.5,1.6,1.3,2014-10-11,0118,Terra,MODIS,100,6.2,321.6,335.2,D,0
-18.5649,130.3518,341.4,1.6,1.3,2014-10-11,0118,Terra,MODIS,84,6.2,317,44.6,D,0
-18.9439,129.1841,343.8,1.9,1.4,2014-10-11,0118,Terra,MODIS,87,6.2,311.2,91.3,D,0
-18.9406,129.1659,370.3,1.9,1.4,2014-10-11,0118,Terra,MODIS,100,6.2,311.4,272.9,D,0
-18.9372,129.1476,345.7,2,1.4,2014-10-11,0118,Terra,MODIS,89,6.2,307.1,105.2,D,0
-18.9286,129.1929,333.9,1.9,1.4,2014-10-11,0118,Terra,MODIS,72,6.2,313.2,39,D,0
-18.9317,129.1864,356,1.9,1.4,2014-10-11,0118,Terra,MODIS,97,6.2,314.4,155.2,D,0
-18.9284,129.1682,361.4,1.9,1.4,2014-10-11,0118,Terra,MODIS,100,6.2,315.7,195.9,D,0
-18.9407,129.1906,342.7,1.9,1.4,2014-10-11,0118,Terra,MODIS,86,6.2,312.9,81.6,D,0
-18.9375,129.1724,373.2,1.9,1.4,2014-10-11,0118,Terra,MODIS,100,6.2,313.9,295.3,D,0
-18.9343,129.154,373.2,2,1.4,2014-10-11,0118,Terra,MODIS,100,6.2,311.8,296.4,D,0
-18.6025,130.37,401.1,1.6,1.3,2014-10-11,0118,Terra,MODIS,100,6.2,321.7,486.3,D,0
-18.87,129.1475,335,2,1.4,2014-10-11,0118,Terra,MODIS,75,6.2,316.8,37.8,D,0
-18.8734,129.1659,344.4,2,1.4,2014-10-11,0118,Terra,MODIS,87,6.2,315.2,81,D,0
-18.8977,129.1611,335.4,2,1.4,2014-10-11,0118,Terra,MODIS,59,6.2,314.7,39,D,0
-18.9066,129.1403,359.8,2,1.4,2014-10-11,0118,Terra,MODIS,99,6.2,315.1,173.7,D,0
-18.9099,129.1588,340.3,2,1.4,2014-10-11,0118,Terra,MODIS,83,6.2,314.3,62.3,D,0
-18.5913,130.3722,349.2,1.6,1.3,2014-10-11,0118,Terra,MODIS,92,6.2,320.4,78.9,D,0
-18.5886,130.357,367.3,1.6,1.3,2014-10-11,0118,Terra,MODIS,100,6.2,319,174.8,D,0
-18.5925,130.3779,338.1,1.6,1.3,2014-10-11,0118,Terra,MODIS,80,6.2,319.7,34.9,D,0
-18.5899,130.3627,369.6,1.6,1.3,2014-10-11,0118,Terra,MODIS,100,6.2,320.4,187.5,D,0
-18.9132,129.1771,335.3,1.9,1.4,2014-10-11,0118,Terra,MODIS,75,6.2,313.1,43.4,D,0
-18.9189,129.138,345.1,2,1.4,2014-10-11,0118,Terra,MODIS,88,6.2,309.6,87.8,D,0
-18.9221,129.1564,349.8,2,1.4,2014-10-11,0118,Terra,MODIS,92,6.2,313.4,113.5,D,0
-18.9254,129.1747,363.6,1.9,1.4,2014-10-11,0118,Terra,MODIS,100,6.2,315.9,205,D,0
-18.9094,129.1338,358.4,2,1.4,2014-10-11,0118,Terra,MODIS,99,6.2,313,165.2,D,0
-18.9128,129.1522,346.9,2,1.4,2014-10-11,0118,Terra,MODIS,90,6.2,313.8,96,D,0
-18.9162,129.1706,337.6,1.9,1.4,2014-10-11,0118,Terra,MODIS,79,6.2,314,54.7,D,0
-18.925,129.1499,346,2,1.4,2014-10-11,0118,Terra,MODIS,89,6.2,311.3,100.5,D,0
-18.5873,130.3475,344.7,1.6,1.3,2014-10-11,0118,Terra,MODIS,88,6.2,316.2,55.8,D,0
-19.1099,133.2813,337.3,1.1,1,2014-10-11,0118,Terra,MODIS,77,6.2,310.6,21.5,D,0
-19.1192,133.2797,345.6,1.1,1,2014-10-11,0118,Terra,MODIS,88,6.2,309.1,36.9,D,0
-19.1302,133.2884,340.3,1.1,1,2014-10-11,0118,Terra,MODIS,81,6.2,311.8,29.4,D,0
-19.1318,133.2987,361.3,1.1,1,2014-10-11,0118,Terra,MODIS,100,6.2,312.9,83.1,D,0
-19.1396,133.2868,334.8,1.1,1,2014-10-11,0118,Terra,MODIS,64,6.2,310.5,21.8,D,0
-19.1412,133.2971,409,1.1,1,2014-10-11,0118,Terra,MODIS,100,6.2,316.7,335.2,D,0
-19.1428,133.3073,356.3,1.1,1,2014-10-11,0118,Terra,MODIS,97,6.2,306.3,72.1,D,0
-19.1489,133.2852,335.1,1.1,1,2014-10-11,0118,Terra,MODIS,59,6.2,306.6,22.5,D,0
-19.1505,133.2955,363.7,1.1,1,2014-10-11,0118,Terra,MODIS,100,6.2,307.8,93.1,D,0
-19.1521,133.3057,343.3,1.1,1,2014-10-11,0118,Terra,MODIS,85,6.2,306.2,42,D,0
-20.819,133.5369,330.9,1,1,2014-10-11,0118,Terra,MODIS,61,6.2,317.2,8.1,D,0
-23.539,129.6172,339.1,1.5,1.2,2014-10-11,0119,Terra,MODIS,84,6.2,310.1,44.6,D,0
-23.5415,129.6316,344.7,1.5,1.2,2014-10-11,0119,Terra,MODIS,89,6.2,313.3,60.1,D,0
-23.5435,129.6245,353.9,1.5,1.2,2014-10-11,0119,Terra,MODIS,96,6.2,312.7,93.3,D,0
-23.5517,129.6079,372.7,1.5,1.2,2014-10-11,0119,Terra,MODIS,100,6.2,315.8,194.9,D,0
-23.5543,129.6223,331.7,1.5,1.2,2014-10-11,0119,Terra,MODIS,45,6.2,311.8,24.1,D,0
-23.565,129.6201,330.5,1.5,1.2,2014-10-11,0119,Terra,MODIS,36,6.2,312.3,22.6,D,0
-24.4886,128.7106,342,1.6,1.3,2014-10-11,0119,Terra,MODIS,87,6.2,314.5,59.6,D,0
-24.4865,128.7042,340.8,1.6,1.3,2014-10-11,0119,Terra,MODIS,86,6.2,313.2,53.9,D,0
-24.4977,128.7018,330.2,1.6,1.3,2014-10-11,0119,Terra,MODIS,43,6.2,314.4,21.1,D,0
-23.6048,129.6563,340.9,1.5,1.2,2014-10-11,0119,Terra,MODIS,86,6.2,312.4,47.9,D,0
-23.6073,129.6706,335.5,1.5,1.2,2014-10-11,0119,Terra,MODIS,80,6.2,315,31.3,D,0
-23.6181,129.6684,327.2,1.5,1.2,2014-10-11,0119,Terra,MODIS,50,6.2,313.1,14.3,D,0
-23.6205,129.6826,327.4,1.5,1.2,2014-10-11,0119,Terra,MODIS,45,6.2,314.5,14.1,D,0
-36.0389,143.256,318.1,4.2,1.9,2014-10-11,0122,Terra,MODIS,67,6.2,305.9,45,D,0
-36.773,143.8222,313.6,4.6,2,2014-10-11,0122,Terra,MODIS,64,6.2,297.2,71,D,0
-36.7707,143.8148,313.2,4.6,2,2014-10-11,0122,Terra,MODIS,64,6.2,297.6,69.6,D,0
-22.6345,118.0248,331.4,2.8,1.6,2014-10-11,0257,Terra,MODIS,50,6.2,318.8,42.3,D,0
-22.6319,117.9973,352,2.8,1.6,2014-10-11,0257,Terra,MODIS,94,6.2,318.7,207.4,D,0
-22.6464,117.9955,355.3,2.8,1.6,2014-10-11,0257,Terra,MODIS,96,6.2,316.3,240.5,D,0
-22.649,118.0232,334.6,2.8,1.6,2014-10-11,0257,Terra,MODIS,74,6.2,316.8,62.1,D,0
-21.3888,117.0472,359.9,2.3,1.5,2014-10-11,0257,Terra,MODIS,99,6.2,318.9,219.6,D,0
-21.3911,117.0694,331.5,2.3,1.5,2014-10-11,0257,Terra,MODIS,60,6.2,317.7,31.3,D,0
-21.3982,117.0406,342.4,2.3,1.5,2014-10-11,0257,Terra,MODIS,86,6.2,317,86.7,D,0
-21.4004,117.0629,332.5,2.3,1.5,2014-10-11,0257,Terra,MODIS,55,6.2,318.2,33.1,D,0
-21.5225,117.3263,338.4,2.4,1.5,2014-10-11,0257,Terra,MODIS,81,6.2,317.5,71.6,D,0
-21.525,117.3496,333,2.4,1.5,2014-10-11,0257,Terra,MODIS,44,6.2,317.5,41.9,D,0
-21.5411,117.3717,333.7,2.4,1.5,2014-10-11,0257,Terra,MODIS,45,6.2,315.1,45,D,0
-21.5321,117.342,337,2.4,1.5,2014-10-11,0257,Terra,MODIS,69,6.2,314.6,61.9,D,0
-21.548,117.3641,332.7,2.4,1.5,2014-10-11,0257,Terra,MODIS,54,6.2,313.6,41.2,D,0
-21.5776,117.3845,350.4,2.5,1.5,2014-10-11,0257,Terra,MODIS,93,6.2,318.9,153.4,D,0
-21.5801,117.4084,343.6,2.5,1.5,2014-10-11,0257,Terra,MODIS,87,6.2,319.1,100.5,D,0
-21.3346,119.8441,328.7,3.7,1.8,2014-10-11,0257,Terra,MODIS,57,6.2,315,65.1,D,0
-21.3476,119.807,337.5,3.7,1.8,2014-10-11,0257,Terra,MODIS,79,6.2,312.1,141.5,D,0
-21.3509,119.8426,337.8,3.7,1.8,2014-10-11,0257,Terra,MODIS,80,6.2,313.9,147.2,D,0
-21.3386,119.8028,332.7,3.7,1.8,2014-10-11,0257,Terra,MODIS,71,6.2,313.7,98.4,D,0
-21.3417,119.8381,342.3,3.7,1.8,2014-10-11,0257,Terra,MODIS,86,6.2,315.3,201.6,D,0
-21.5298,117.3188,337,2.4,1.5,2014-10-11,0257,Terra,MODIS,50,6.2,315.1,58,D,0
-42.6035,147.6129,311,1.3,1.1,2014-10-11,0357,Aqua,MODIS,43,6.2,273.6,15.8,D,0
-41.022,148.2679,312.7,1.2,1.1,2014-10-11,0357,Aqua,MODIS,55,6.2,289.9,14.1,D,0
-40.9959,147.7846,310.4,1.2,1.1,2014-10-11,0357,Aqua,MODIS,70,6.2,284.3,13.4,D,0
-40.9976,147.7696,302.7,1.2,1.1,2014-10-11,0357,Aqua,MODIS,49,6.2,284.4,6.6,D,0
-37.5105,144.3088,307.2,1.7,1.3,2014-10-11,0358,Aqua,MODIS,61,6.2,290.8,14.2,D,0
-37.0731,142.7704,327.7,2.1,1.4,2014-10-11,0358,Aqua,MODIS,81,6.2,304.5,49.2,D,0
-37.5087,144.3281,302.3,1.7,1.3,2014-10-11,0358,Aqua,MODIS,24,6.2,291.1,7.4,D,0
-37.0726,142.7773,327.9,2.1,1.4,2014-10-11,0358,Aqua,MODIS,77,6.2,304.3,50.4,D,0
-37.154,148.885,320.8,1,1,2014-10-11,0358,Aqua,MODIS,59,6.2,297,17.2,D,0
-36.6672,145.2826,315.8,1.5,1.2,2014-10-11,0358,Aqua,MODIS,64,6.2,303.6,13.2,D,0
-37.1555,148.8732,318.8,1,1,2014-10-11,0358,Aqua,MODIS,40,6.2,298.7,15.4,D,0
-36.6696,145.2898,314.3,1.5,1.2,2014-10-11,0358,Aqua,MODIS,62,6.2,303,11.7,D,0
-36.7774,143.8051,364,1.8,1.3,2014-10-11,0358,Aqua,MODIS,100,6.2,310.6,205.4,D,0
-36.7956,144.4607,322.9,1.6,1.3,2014-10-11,0358,Aqua,MODIS,76,6.2,302.5,27.7,D,0
-36.7938,144.479,313,1.6,1.3,2014-10-11,0358,Aqua,MODIS,48,6.2,302.5,9.1,D,0
-36.7755,143.8254,333.6,1.8,1.3,2014-10-11,0358,Aqua,MODIS,85,6.2,304.8,55.8,D,0
-36.7911,143.7866,319.5,1.8,1.3,2014-10-11,0358,Aqua,MODIS,57,6.2,305.9,18.2,D,0
-36.7951,143.8146,324,1.8,1.3,2014-10-11,0358,Aqua,MODIS,77,6.2,301,32.1,D,0
-36.7874,143.8271,328.6,1.8,1.3,2014-10-11,0358,Aqua,MODIS,81,6.2,301.1,41.6,D,0
-36.7893,143.8069,381.5,1.8,1.3,2014-10-11,0358,Aqua,MODIS,100,6.2,307.7,352.9,D,0
-33.6888,150.9884,324.1,1,1,2014-10-11,0359,Aqua,MODIS,78,6.2,304.8,13.2,D,0
-34.4622,150.8782,323.4,1,1,2014-10-11,0359,Aqua,MODIS,68,6.2,306.8,11.3,D,0
-33.6361,150.9826,320.5,1,1,2014-10-11,0359,Aqua,MODIS,59,6.2,303.5,10.1,D,0
-34.5908,150.1438,313.6,1,1,2014-10-11,0359,Aqua,MODIS,63,6.2,302.8,5.3,D,0
-34.8593,145.9774,320.8,1.3,1.1,2014-10-11,0359,Aqua,MODIS,17,6.2,308.8,7.6,D,0
-33.9467,150.6332,321.8,1,1,2014-10-11,0359,Aqua,MODIS,74,6.2,307.4,10.2,D,0
-34.5892,150.1547,314.9,1,1,2014-10-11,0359,Aqua,MODIS,66,6.2,302.9,6.9,D,0
-33.768,151.2589,323.8,1.1,1,2014-10-11,0359,Aqua,MODIS,72,6.2,303.9,14.6,D,0
-33.7477,151.266,331.6,1.1,1,2014-10-11,0359,Aqua,MODIS,84,6.2,303.2,24.8,D,0
-33.6511,151.1079,324.1,1,1,2014-10-11,0359,Aqua,MODIS,78,6.2,299.8,16.8,D,0
-33.6529,151.0967,342.8,1,1,2014-10-11,0359,Aqua,MODIS,92,6.2,300.8,45.2,D,0
-33.6437,151.0945,313.4,1,1,2014-10-11,0359,Aqua,MODIS,37,6.2,298.9,5.9,D,0
-33.6419,151.1059,334,1,1,2014-10-11,0359,Aqua,MODIS,86,6.2,301.6,30,D,0
-32.332,151.3355,318.2,1.1,1,2014-10-11,0359,Aqua,MODIS,33,6.2,302.3,9.5,D,0
-29.1336,148.6423,356,1,1,2014-10-11,0400,Aqua,MODIS,97,6.2,316.8,57.5,D,0
-29.1321,148.6526,336.4,1,1,2014-10-11,0400,Aqua,MODIS,74,6.2,313.8,19,D,0
-29.9749,152.9444,349.7,1.4,1.2,2014-10-11,0400,Aqua,MODIS,72,6.2,297.3,90.4,D,0
-29.9644,152.942,335.1,1.4,1.2,2014-10-11,0400,Aqua,MODIS,88,6.2,298.9,46.8,D,0
-24.6673,152.032,333.5,1.6,1.2,2014-10-11,0401,Aqua,MODIS,84,6.2,298.3,49.8,D,0
-24.6646,152.0473,317.9,1.6,1.2,2014-10-11,0401,Aqua,MODIS,61,6.2,298.5,15.9,D,0
-25.6116,148.9199,317.9,1.1,1,2014-10-11,0401,Aqua,MODIS,44,6.2,303.7,6.6,D,0
-25.8758,149.916,323.6,1.1,1.1,2014-10-11,0401,Aqua,MODIS,42,6.2,301.7,9.3,D,0
-21.1649,148.0697,355.4,1.1,1,2014-10-11,0402,Aqua,MODIS,97,6.2,308.2,64.6,D,0
-21.1634,148.0801,361.2,1.1,1,2014-10-11,0402,Aqua,MODIS,100,6.2,305.1,82.7,D,0
-21.1757,148.0614,339.8,1.1,1,2014-10-11,0402,Aqua,MODIS,86,6.2,306,28.8,D,0
-21.1742,148.0714,352.4,1.1,1,2014-10-11,0402,Aqua,MODIS,95,6.2,304.2,57.4,D,0
-23.6888,150.6752,330.8,1.3,1.1,2014-10-11,0402,Aqua,MODIS,80,6.2,306.3,25.1,D,0
-21.0632,148.0036,341.3,1.1,1,2014-10-11,0403,Aqua,MODIS,84,6.2,309.8,30.7,D,0
-21.0725,148.0053,332,1.1,1,2014-10-11,0403,Aqua,MODIS,38,6.2,309.4,14.1,D,0
-21.091,148.0087,340.6,1.1,1,2014-10-11,0403,Aqua,MODIS,87,6.2,310.5,28.5,D,0
-21.0926,147.9985,330,1.1,1,2014-10-11,0403,Aqua,MODIS,73,6.2,310.1,10.4,D,0
-21.1468,147.8161,323.7,1.1,1,2014-10-11,0403,Aqua,MODIS,53,6.2,304,7.3,D,0
-21.1204,147.8152,327.9,1.1,1,2014-10-11,0403,Aqua,MODIS,61,6.2,304.5,12.8,D,0
-20.7114,143.2254,345.9,1.2,1.1,2014-10-11,0403,Aqua,MODIS,88,6.2,317.4,40.7,D,0
-20.7128,143.2137,335.7,1.2,1.1,2014-10-11,0403,Aqua,MODIS,71,6.2,318,17.4,D,0
-17.6746,146.1001,326.5,1,1,2014-10-11,0403,Aqua,MODIS,46,6.2,301,15.4,D,0
-17.6732,146.1095,352.7,1,1,2014-10-11,0403,Aqua,MODIS,83,6.2,305.6,58.7,D,0
-15.1755,144.9357,421.5,1,1,2014-10-11,0404,Aqua,MODIS,100,6.2,324.9,395.3,D,0
-15.4942,143.6407,346.6,1,1,2014-10-11,0404,Aqua,MODIS,90,6.2,311.6,40.8,D,0
-14.6206,144.3726,330.9,1,1,2014-10-11,0404,Aqua,MODIS,43,6.2,311.3,11.3,D,0
-14.9655,145.1179,326.5,1,1,2014-10-11,0404,Aqua,MODIS,45,6.2,311.9,9.2,D,0
-14.9874,145.0929,342.8,1,1,2014-10-11,0404,Aqua,MODIS,80,6.2,303.8,37,D,0
-15.5179,143.6046,335.5,1.1,1,2014-10-11,0404,Aqua,MODIS,63,6.2,308.9,22.1,D,0
-15.5653,143.6016,336.7,1.1,1,2014-10-11,0404,Aqua,MODIS,54,6.2,314.2,22.2,D,0
-15.1652,144.9436,337.2,1,1,2014-10-11,0404,Aqua,MODIS,82,6.2,309.7,26.1,D,0
-15.1742,144.945,375.4,1,1,2014-10-11,0404,Aqua,MODIS,100,6.2,319.2,120.7,D,0
-15.6119,136.5425,324.8,3.1,1.7,2014-10-11,0404,Aqua,MODIS,55,6.2,299.9,54.9,D,0
-15.4766,141.757,334.3,1.3,1.1,2014-10-11,0404,Aqua,MODIS,64,6.2,317.6,15.5,D,0
-15.156,145.0083,337.6,1,1,2014-10-11,0404,Aqua,MODIS,71,6.2,310,23.4,D,0
-17.6642,146.1081,350,1,1,2014-10-11,0404,Aqua,MODIS,89,6.2,306,53.6,D,0
-15.3066,145.1765,331.2,1,1,2014-10-11,0404,Aqua,MODIS,62,6.2,306.3,19.3,D,0
-15.4929,143.6505,365.6,1,1,2014-10-11,0404,Aqua,MODIS,100,6.2,312.7,90.1,D,0
-15.1729,144.9542,344,1,1,2014-10-11,0404,Aqua,MODIS,88,6.2,316.1,33.9,D,0
-15.1639,144.9528,351.8,1,1,2014-10-11,0404,Aqua,MODIS,95,6.2,313.2,51.5,D,0
-15.5192,143.5948,331,1.1,1,2014-10-11,0404,Aqua,MODIS,50,6.2,309.9,15.7,D,0
-15.1976,145.1624,341.1,1,1,2014-10-11,0404,Aqua,MODIS,86,6.2,311.6,31.3,D,0
-15.4824,143.6588,336.8,1,1,2014-10-11,0404,Aqua,MODIS,78,6.2,314.7,20.8,D,0
-15.5311,143.5766,330.8,1.1,1,2014-10-11,0404,Aqua,MODIS,54,6.2,308.6,16.8,D,0
-15.481,143.6685,341.1,1,1,2014-10-11,0404,Aqua,MODIS,85,6.2,314.5,27.8,D,0
-15.1716,144.9635,335.2,1,1,2014-10-11,0404,Aqua,MODIS,46,6.2,314.8,18.6,D,0
-14.9668,145.1086,345.1,1,1,2014-10-11,0404,Aqua,MODIS,90,6.2,310.5,38.6,D,0
-15.1904,143.4516,335.6,1.1,1,2014-10-11,0404,Aqua,MODIS,56,6.2,316.7,16.3,D,0
-15.5574,143.5905,346.3,1.1,1,2014-10-11,0404,Aqua,MODIS,90,6.2,313.4,43.1,D,0
-15.181,143.5201,336.3,1.1,1,2014-10-11,0404,Aqua,MODIS,34,6.2,317.7,12.9,D,0
-15.1586,144.9898,343.3,1,1,2014-10-11,0404,Aqua,MODIS,81,6.2,311.9,32.4,D,0
-15.4915,143.6601,370.2,1,1,2014-10-11,0404,Aqua,MODIS,100,6.2,313.2,106.9,D,0
-15.4797,143.6781,334.1,1,1,2014-10-11,0404,Aqua,MODIS,50,6.2,313.4,15.6,D,0
-15.5298,143.5864,328.9,1.1,1,2014-10-11,0404,Aqua,MODIS,34,6.2,307.8,13.2,D,0
-14.8745,142.5358,339.5,1.1,1.1,2014-10-11,0404,Aqua,MODIS,82,6.2,319,23.1,D,0
-15.9961,144.5313,328.1,1,1,2014-10-11,0404,Aqua,MODIS,30,6.2,312.3,10.6,D,0
-15.4412,143.6955,332.8,1,1,2014-10-11,0404,Aqua,MODIS,38,6.2,313.6,13.2,D,0
-15.3142,145.1872,334.2,1,1,2014-10-11,0404,Aqua,MODIS,69,6.2,307.3,23.8,D,0
-14.6118,144.3049,348.3,1,1,2014-10-11,0404,Aqua,MODIS,92,6.2,308.8,44.3,D,0
-15.1626,144.9621,350.9,1,1,2014-10-11,0404,Aqua,MODIS,94,6.2,314.1,48.6,D,0
-15.1887,145.161,388.7,1,1,2014-10-11,0404,Aqua,MODIS,100,6.2,310.3,180,D,0
-15.1917,143.4418,337,1.1,1,2014-10-11,0404,Aqua,MODIS,72,6.2,317.6,18.6,D,0
-15.3052,145.1858,327.3,1,1,2014-10-11,0404,Aqua,MODIS,44,6.2,308.4,14.3,D,0
-14.9951,145.1035,342.3,1,1,2014-10-11,0404,Aqua,MODIS,84,6.2,312.1,34.3,D,0
-15.4955,143.6311,330.8,1.1,1,2014-10-11,0404,Aqua,MODIS,35,6.2,311.8,13.2,D,0
-14.6426,144.3475,336.1,1,1,2014-10-11,0404,Aqua,MODIS,70,6.2,307.7,19.2,D,0
-15.1944,143.4222,339.2,1.1,1,2014-10-11,0404,Aqua,MODIS,81,6.2,317.5,21.4,D,0
-15.1963,145.1716,345.2,1,1,2014-10-11,0404,Aqua,MODIS,90,6.2,308.6,40.3,D,0
-14.884,142.5372,338.1,1.1,1.1,2014-10-11,0404,Aqua,MODIS,70,6.2,317.7,22.8,D,0
-14.9861,145.1021,377.9,1,1,2014-10-11,0404,Aqua,MODIS,100,6.2,309.6,131.4,D,0
-15.5561,143.6003,330.8,1.1,1,2014-10-11,0404,Aqua,MODIS,47,6.2,311.5,15.8,D,0
-15.969,144.5273,332.7,1,1,2014-10-11,0404,Aqua,MODIS,74,6.2,311.7,18.4,D,0
-15.1649,145.0097,345.6,1,1,2014-10-11,0404,Aqua,MODIS,90,6.2,311.9,35.5,D,0
-15.193,143.4321,342.7,1.1,1,2014-10-11,0404,Aqua,MODIS,85,6.2,317.4,28.2,D,0
-15.4902,143.6698,328.8,1,1,2014-10-11,0404,Aqua,MODIS,34,6.2,310.9,10,D,0
-14.6105,144.3142,327.5,1,1,2014-10-11,0404,Aqua,MODIS,45,6.2,306.9,9.8,D,0
-15.189,143.4614,336,1.1,1,2014-10-11,0404,Aqua,MODIS,54,6.2,315.6,16.9,D,0
-15.0311,145.1054,333.8,1,1,2014-10-11,0404,Aqua,MODIS,72,6.2,310.4,19.5,D,0
-14.4086,144.4417,327.6,1,1,2014-10-11,0404,Aqua,MODIS,63,6.2,307.7,11.1,D,0
-15.0041,145.1012,328.7,1,1,2014-10-11,0404,Aqua,MODIS,52,6.2,308,15.6,D,0
-15.0028,145.1105,331,1,1,2014-10-11,0404,Aqua,MODIS,68,6.2,307.8,17.2,D,0
-14.4088,144.3756,332.7,1,1,2014-10-11,0404,Aqua,MODIS,74,6.2,308.1,17.9,D,0
-15.4188,143.7218,330.9,1,1,2014-10-11,0404,Aqua,MODIS,55,6.2,310.8,12,D,0
-15.4097,143.7204,334.4,1,1,2014-10-11,0404,Aqua,MODIS,49,6.2,314.1,15.6,D,0
-14.4114,144.3571,332.4,1,1,2014-10-11,0404,Aqua,MODIS,77,6.2,308.8,16.8,D,0
-14.4101,144.3663,331.3,1,1,2014-10-11,0404,Aqua,MODIS,67,6.2,308.6,14.8,D,0
-14.3946,144.4112,330.7,1,1,2014-10-11,0404,Aqua,MODIS,74,6.2,308.1,16.8,D,0
-14.4035,144.4126,337.2,1,1,2014-10-11,0404,Aqua,MODIS,83,6.2,308.3,25.1,D,0
-14.4022,144.4219,336.9,1,1,2014-10-11,0404,Aqua,MODIS,82,6.2,308.5,23.5,D,0
-14.4952,144.6124,338,1,1,2014-10-11,0404,Aqua,MODIS,83,6.2,308.7,28.3,D,0
-14.4965,144.6032,354,1,1,2014-10-11,0404,Aqua,MODIS,96,6.2,311,57.8,D,0
-14.4875,144.6018,323.6,1,1,2014-10-11,0404,Aqua,MODIS,20,6.2,307.3,7.7,D,0
-14.4978,144.5939,364.4,1,1,2014-10-11,0404,Aqua,MODIS,100,6.2,310.8,85.4,D,0
-14.5574,144.4293,325.9,1,1,2014-10-11,0404,Aqua,MODIS,14,6.2,308.4,7.4,D,0
-15.181,145.1503,327.5,1,1,2014-10-11,0404,Aqua,MODIS,50,6.2,303.8,14,D,0
-15.1873,145.1702,367.7,1,1,2014-10-11,0404,Aqua,MODIS,100,6.2,306.5,98,D,0
-14.5561,144.4386,335.2,1,1,2014-10-11,0404,Aqua,MODIS,79,6.2,307.7,19.5,D,0
-16.5113,145.0444,330.2,1,1,2014-10-11,0404,Aqua,MODIS,64,6.2,315.9,8.9,D,0
-14.6131,144.2956,328.9,1,1,2014-10-11,0404,Aqua,MODIS,62,6.2,306.3,13.2,D,0
-14.5638,144.4492,326.8,1,1,2014-10-11,0404,Aqua,MODIS,52,6.2,308.5,9,D,0
-14.5651,144.44,328,1,1,2014-10-11,0404,Aqua,MODIS,64,6.2,309.8,10.7,D,0
-15.3992,143.7287,334.6,1,1,2014-10-11,0404,Aqua,MODIS,47,6.2,312,16.2,D,0
-15.39,143.7274,334.1,1,1,2014-10-11,0404,Aqua,MODIS,61,6.2,315.5,16.4,D,0
-15.1819,144.9556,345.7,1,1,2014-10-11,0404,Aqua,MODIS,90,6.2,316.2,37.1,D,0
-14.4992,144.5847,324.4,1,1,2014-10-11,0404,Aqua,MODIS,38,6.2,305,8.6,D,0
-15.1909,144.957,340.8,1,1,2014-10-11,0404,Aqua,MODIS,85,6.2,311.2,30.4,D,0
-14.4009,144.4311,328,1,1,2014-10-11,0404,Aqua,MODIS,58,6.2,307.5,11.4,D,0
-14.4099,144.4325,341.4,1,1,2014-10-11,0404,Aqua,MODIS,87,6.2,309.3,31.1,D,0
-15.1832,144.9464,362.7,1,1,2014-10-11,0404,Aqua,MODIS,100,6.2,316.8,78,D,0
-15.1845,144.9371,348.5,1,1,2014-10-11,0404,Aqua,MODIS,92,6.2,311.1,45,D,0
-15.9888,145.2941,352.6,1,1,2014-10-11,0404,Aqua,MODIS,95,6.2,304.6,57.2,D,0
-15.9978,145.2955,325.8,1,1,2014-10-11,0404,Aqua,MODIS,42,6.2,303.1,14.4,D,0
-15.9901,145.2848,324.2,1,1,2014-10-11,0404,Aqua,MODIS,27,6.2,301.6,12.4,D,0
-15.9684,145.3032,324.1,1,1,2014-10-11,0404,Aqua,MODIS,24,6.2,302.8,11.7,D,0
-15.9697,145.2939,323.7,1,1,2014-10-11,0404,Aqua,MODIS,31,6.2,304.4,11.5,D,0
-16.5203,145.0457,330.4,1,1,2014-10-11,0404,Aqua,MODIS,61,6.2,315.4,9.4,D,0
-16.062,145.2961,323,1,1,2014-10-11,0404,Aqua,MODIS,56,6.2,301,15.5,D,0
-14.991,144.8761,328,1,1,2014-10-11,0404,Aqua,MODIS,63,6.2,311.4,10.1,D,0
-14.4502,144.2777,327.5,1,1,2014-10-11,0404,Aqua,MODIS,51,6.2,308.8,11.1,D,0
-17.6024,139.6779,340.1,1.9,1.3,2014-10-11,0404,Aqua,MODIS,85,6.2,305.9,68.9,D,0
-17.6045,139.66,340.1,1.9,1.3,2014-10-11,0404,Aqua,MODIS,85,6.2,307,69,D,0
-11.0354,142.4122,330.9,1.1,1,2014-10-11,0405,Aqua,MODIS,67,6.2,303.9,20.2,D,0
-12.9131,135.8499,336.3,3.2,1.7,2014-10-11,0405,Aqua,MODIS,83,6.2,303.1,129.7,D,0
-12.2303,142.7291,325.3,1.1,1,2014-10-11,0405,Aqua,MODIS,44,6.2,304.7,13.2,D,0
-12.3039,141.8005,328.6,1.2,1.1,2014-10-11,0405,Aqua,MODIS,74,6.2,307,15.3,D,0
-12.3053,141.7898,333.1,1.2,1.1,2014-10-11,0405,Aqua,MODIS,80,6.2,308.1,22.3,D,0
-12.9099,135.879,325.5,3.2,1.7,2014-10-11,0405,Aqua,MODIS,49,6.2,300.6,55.1,D,0
-14.1505,143.527,331.4,1,1,2014-10-11,0405,Aqua,MODIS,71,6.2,311.1,14.2,D,0
-12.9011,135.8439,329.9,3.2,1.7,2014-10-11,0405,Aqua,MODIS,59,6.2,302.7,80.5,D,0
-13.4283,135.5719,357.1,3.4,1.7,2014-10-11,0405,Aqua,MODIS,98,6.2,307.3,376.9,D,0
-12.9129,135.8746,324.9,3.2,1.7,2014-10-11,0405,Aqua,MODIS,45,6.2,300.6,53.2,D,0
-13.438,135.5771,351.9,3.4,1.7,2014-10-11,0405,Aqua,MODIS,96,6.2,307.7,303.3,D,0
-12.4992,142.3135,332.9,1.1,1.1,2014-10-11,0405,Aqua,MODIS,60,6.2,308.8,17.3,D,0
-13.5848,142.1373,336.9,1.2,1.1,2014-10-11,0405,Aqua,MODIS,52,6.2,313.5,22.7,D,0
-13.6152,142.1307,337.5,1.2,1.1,2014-10-11,0405,Aqua,MODIS,53,6.2,312,22.9,D,0
-13.4413,135.546,333.3,3.4,1.7,2014-10-11,0405,Aqua,MODIS,83,6.2,304.7,109.7,D,0
-13.4967,142.0145,326.2,1.2,1.1,2014-10-11,0405,Aqua,MODIS,41,6.2,310.2,5.1,D,0
-12.1959,141.8438,330.2,1.2,1.1,2014-10-11,0405,Aqua,MODIS,76,6.2,307,18.5,D,0
-12.1973,141.8332,340.8,1.2,1.1,2014-10-11,0405,Aqua,MODIS,87,6.2,306,39,D,0
-11.8903,134.0139,322.1,4.3,1.9,2014-10-11,0405,Aqua,MODIS,0,6.2,296.1,95.2,D,0
-12.4077,136.8121,322.8,2.6,1.6,2014-10-11,0405,Aqua,MODIS,65,6.2,303.8,46,D,0
-11.0261,142.4108,334.6,1.1,1,2014-10-11,0405,Aqua,MODIS,86,6.2,302.4,26.1,D,0
-12.9436,135.8533,336.7,3.2,1.7,2014-10-11,0405,Aqua,MODIS,83,6.2,300.8,145.4,D,0
-15.0297,135.0969,350.9,3.9,1.8,2014-10-11,0405,Aqua,MODIS,96,6.2,305.4,345.5,D,0
-15.0131,135.0952,340.5,3.9,1.8,2014-10-11,0405,Aqua,MODIS,86,6.2,305.3,202.2,D,0
-13.1079,142.9571,328.3,1.1,1,2014-10-11,0405,Aqua,MODIS,56,6.2,308.8,10.5,D,0
-12.1489,136.3284,330.9,2.9,1.6,2014-10-11,0405,Aqua,MODIS,75,6.2,303.3,77.3,D,0
-13.679,142.0477,336.5,1.2,1.1,2014-10-11,0405,Aqua,MODIS,83,6.2,313.1,22.6,D,0
-15.0225,135.0672,333.9,3.9,1.8,2014-10-11,0405,Aqua,MODIS,69,6.2,308,117.7,D,0
-12.7191,135.0741,325.3,3.6,1.8,2014-10-11,0405,Aqua,MODIS,23,6.2,302.8,61.3,D,0
-13.3655,142.1644,343.4,1.2,1.1,2014-10-11,0405,Aqua,MODIS,87,6.2,313.9,32.6,D,0
-13.3736,142.1762,337.1,1.1,1.1,2014-10-11,0405,Aqua,MODIS,61,6.2,310.5,23.7,D,0
-13.3751,142.1657,338.7,1.2,1.1,2014-10-11,0405,Aqua,MODIS,64,6.2,315,26.2,D,0
-13.4317,135.5407,328.9,3.4,1.7,2014-10-11,0405,Aqua,MODIS,81,6.2,305.9,74.1,D,0
-12.9597,135.8324,328.9,3.2,1.7,2014-10-11,0405,Aqua,MODIS,67,6.2,295.6,85.9,D,0
-11.0628,142.4028,332.5,1.1,1,2014-10-11,0405,Aqua,MODIS,78,6.2,305.2,20.4,D,0
-11.0721,142.4041,324.8,1.1,1,2014-10-11,0405,Aqua,MODIS,26,6.2,304,10.8,D,0
-14.2094,143.5064,328.7,1,1,2014-10-11,0405,Aqua,MODIS,62,6.2,306.4,13.8,D,0
-14.1924,143.4941,330.8,1,1,2014-10-11,0405,Aqua,MODIS,70,6.2,309.3,15.3,D,0
-14.218,143.5046,331.3,1,1,2014-10-11,0405,Aqua,MODIS,53,6.2,307.7,15.1,D,0
-13.4694,135.5808,335.3,3.4,1.7,2014-10-11,0405,Aqua,MODIS,84,6.2,307,123.6,D,0
-13.4726,135.5505,343,3.4,1.7,2014-10-11,0405,Aqua,MODIS,92,6.2,305.5,203.1,D,0
-14.2015,143.4955,330.5,1,1,2014-10-11,0405,Aqua,MODIS,69,6.2,309.7,15.7,D,0
-13.0289,134.8871,332.6,3.8,1.8,2014-10-11,0405,Aqua,MODIS,73,6.2,307.6,99.7,D,0
-15.0189,135.1035,350.4,3.9,1.8,2014-10-11,0405,Aqua,MODIS,95,6.2,305.2,336.5,D,0
-13.6887,142.049,333,1.2,1.1,2014-10-11,0405,Aqua,MODIS,61,6.2,312.3,18.8,D,0
-13.6776,142.0585,338.7,1.2,1.1,2014-10-11,0405,Aqua,MODIS,85,6.2,312.1,27.7,D,0
-13.0349,134.8921,331.4,3.8,1.8,2014-10-11,0405,Aqua,MODIS,73,6.2,306.4,90.6,D,0
-13.4632,135.5444,328.3,3.4,1.7,2014-10-11,0405,Aqua,MODIS,72,6.2,304.1,76.8,D,0
-13.4789,135.5465,334.1,3.4,1.7,2014-10-11,0405,Aqua,MODIS,85,6.2,305.1,120.8,D,0
-13.4753,135.5774,336.1,3.4,1.7,2014-10-11,0405,Aqua,MODIS,87,6.2,307.2,134.4,D,0
-14.2441,143.5182,326.8,1,1,2014-10-11,0405,Aqua,MODIS,22,6.2,306.1,11,D,0
-13.5752,142.136,342.2,1.2,1.1,2014-10-11,0405,Aqua,MODIS,79,6.2,314.6,32.5,D,0
-13.4959,141.948,352.1,1.2,1.1,2014-10-11,0405,Aqua,MODIS,95,6.2,311.8,60.3,D,0
-13.5718,142.1408,336.5,1.2,1.1,2014-10-11,0405,Aqua,MODIS,66,6.2,313.7,23.3,D,0
-12.6121,136.6232,326.4,2.8,1.6,2014-10-11,0405,Aqua,MODIS,42,6.2,304.4,54,D,0
-12.6088,142.5059,332.2,1.1,1,2014-10-11,0405,Aqua,MODIS,61,6.2,309.7,13.2,D,0
-12.4965,142.3337,334.3,1.1,1.1,2014-10-11,0405,Aqua,MODIS,66,6.2,308.5,19.8,D,0
-12.4978,142.3236,369.5,1.1,1.1,2014-10-11,0405,Aqua,MODIS,100,6.2,310.9,112.5,D,0
-13.4833,141.7442,346.6,1.2,1.1,2014-10-11,0405,Aqua,MODIS,91,6.2,309.7,50,D,0
-12.6175,136.6035,340.2,2.8,1.6,2014-10-11,0405,Aqua,MODIS,87,6.2,305.3,140,D,0
-12.6151,136.598,334.6,2.8,1.6,2014-10-11,0405,Aqua,MODIS,82,6.2,304.7,101.1,D,0
-12.128,142.0583,336.5,1.1,1.1,2014-10-11,0405,Aqua,MODIS,84,6.2,308.8,29,D,0
-14.355,142.306,334.1,1.2,1.1,2014-10-11,0405,Aqua,MODIS,56,6.2,313.9,14.9,D,0
-14.3772,142.3159,332.4,1.2,1.1,2014-10-11,0405,Aqua,MODIS,34,6.2,314,13.6,D,0
-12.8555,142.1786,363.1,1.1,1.1,2014-10-11,0405,Aqua,MODIS,100,6.2,314,88.1,D,0
-12.441,142.4594,329,1.1,1,2014-10-11,0405,Aqua,MODIS,73,6.2,306.3,14.8,D,0
-14.2943,142.3192,335.2,1.2,1.1,2014-10-11,0405,Aqua,MODIS,62,6.2,315.5,16.5,D,0
-12.8637,142.1904,342.8,1.1,1.1,2014-10-11,0405,Aqua,MODIS,88,6.2,312.4,31.9,D,0
-12.514,134.3956,333.7,4.1,1.9,2014-10-11,0405,Aqua,MODIS,82,6.2,300.1,156.7,D,0
-14.3535,142.3167,336.1,1.2,1.1,2014-10-11,0405,Aqua,MODIS,62,6.2,312.6,20.4,D,0
-12.8541,142.189,333,1.1,1.1,2014-10-11,0405,Aqua,MODIS,66,6.2,311.1,12.8,D,0
-12.2395,142.7304,323.6,1.1,1,2014-10-11,0405,Aqua,MODIS,23,6.2,303.8,10.9,D,0
-12.5105,134.3912,334.4,4.1,1.9,2014-10-11,0405,Aqua,MODIS,83,6.2,300.4,164.6,D,0
-12.4762,142.7571,350.5,1.1,1,2014-10-11,0405,Aqua,MODIS,94,6.2,301.8,57.6,D,0
-12.2186,142.6322,324.7,1.1,1,2014-10-11,0405,Aqua,MODIS,47,6.2,306.6,12.1,D,0
-14.2847,142.3178,337.3,1.2,1.1,2014-10-11,0405,Aqua,MODIS,55,6.2,315.1,19.8,D,0
-14.3743,142.3088,331.7,1.2,1.1,2014-10-11,0405,Aqua,MODIS,59,6.2,314.5,14.4,D,0
-14.3453,142.3046,346.6,1.2,1.1,2014-10-11,0405,Aqua,MODIS,90,6.2,314.4,40.3,D,0
-12.7153,135.1074,327.1,3.6,1.8,2014-10-11,0405,Aqua,MODIS,51,6.2,303.4,73.3,D,0
-12.2727,142.6956,336.6,1.1,1,2014-10-11,0405,Aqua,MODIS,68,6.2,304.4,26.8,D,0
-14.3439,142.3153,343.6,1.2,1.1,2014-10-11,0405,Aqua,MODIS,88,6.2,314.1,35.4,D,0
-11.8838,142.7142,322.1,1.1,1,2014-10-11,0405,Aqua,MODIS,56,6.2,299,14,D,0
-12.8651,142.18,373.7,1.1,1.1,2014-10-11,0405,Aqua,MODIS,100,6.2,316.3,129.6,D,0
-12.4504,142.4608,328.1,1.1,1,2014-10-11,0405,Aqua,MODIS,71,6.2,307.2,12.6,D,0
-12.4844,142.6982,326.9,1.1,1,2014-10-11,0405,Aqua,MODIS,65,6.2,303,13.6,D,0
-12.4678,142.4735,333.5,1.1,1,2014-10-11,0405,Aqua,MODIS,79,6.2,307.1,20.5,D,0
-12.1266,142.0687,347.5,1.1,1.1,2014-10-11,0405,Aqua,MODIS,92,6.2,307.5,51.9,D,0
-12.7115,135.0801,328.9,3.6,1.8,2014-10-11,0405,Aqua,MODIS,59,6.2,302.5,92.9,D,0
-12.4491,142.4708,333.7,1.1,1,2014-10-11,0405,Aqua,MODIS,80,6.2,308,20.6,D,0
-12.2409,142.7207,331.9,1.1,1,2014-10-11,0405,Aqua,MODIS,78,6.2,305,21.8,D,0
-12.8665,142.1696,345.4,1.1,1.1,2014-10-11,0405,Aqua,MODIS,90,6.2,312.4,36.8,D,0
-12.2436,142.6313,357,1.1,1,2014-10-11,0405,Aqua,MODIS,98,6.2,305,74.6,D,0
-12.298,142.6492,335.9,1.1,1,2014-10-11,0405,Aqua,MODIS,83,6.2,304.8,24.5,D,0
-12.3073,142.6505,330.1,1.1,1,2014-10-11,0405,Aqua,MODIS,75,6.2,304.8,16.2,D,0
-13.4537,135.5789,326,3.4,1.7,2014-10-11,0405,Aqua,MODIS,50,6.2,306.1,53.1,D,0
-12.233,142.6398,336.6,1.1,1,2014-10-11,0405,Aqua,MODIS,83,6.2,305.7,27.7,D,0
-13.4596,135.5754,334,3.4,1.7,2014-10-11,0405,Aqua,MODIS,86,6.2,306.6,117.1,D,0
-13.444,135.5735,333.5,3.4,1.7,2014-10-11,0405,Aqua,MODIS,85,6.2,306.4,109.5,D,0
-12.4496,142.8129,326.6,1.1,1,2014-10-11,0405,Aqua,MODIS,41,6.2,300.2,14.6,D,0
-12.3252,142.7793,328.5,1.1,1,2014-10-11,0405,Aqua,MODIS,62,6.2,303.3,16.7,D,0
-12.4629,142.785,326.4,1.1,1,2014-10-11,0405,Aqua,MODIS,66,6.2,299.8,13.4,D,0
-12.2343,142.63,376.9,1.1,1,2014-10-11,0405,Aqua,MODIS,100,6.2,308.2,142.5,D,0
-12.3265,142.7696,325,1.1,1,2014-10-11,0405,Aqua,MODIS,50,6.2,300.9,12.5,D,0
-12.3173,142.7683,321.8,1.1,1,2014-10-11,0405,Aqua,MODIS,23,6.2,302.7,10,D,0
-12.178,136.3318,337,2.9,1.6,2014-10-11,0405,Aqua,MODIS,71,6.2,302.7,113.6,D,0
-12.4721,142.7864,321.8,1.1,1,2014-10-11,0405,Aqua,MODIS,37,6.2,300.8,8.8,D,0
-12.1749,136.3579,331.7,2.8,1.6,2014-10-11,0405,Aqua,MODIS,70,6.2,304.2,73.8,D,0
-12.439,142.8212,328,1.1,1,2014-10-11,0405,Aqua,MODIS,58,6.2,298.8,17.1,D,0
-12.4523,142.7934,362,1.1,1,2014-10-11,0405,Aqua,MODIS,100,6.2,307.4,87.5,D,0
-11.8467,142.6636,325.7,1.1,1,2014-10-11,0405,Aqua,MODIS,55,6.2,302.2,12.6,D,0
-12.18,136.3391,342.3,2.9,1.6,2014-10-11,0405,Aqua,MODIS,78,6.2,303.1,159.7,D,0
-13.0504,143.1212,331.8,1,1,2014-10-11,0405,Aqua,MODIS,76,6.2,303.1,22.7,D,0
-13.0452,143.091,323.7,1.1,1,2014-10-11,0405,Aqua,MODIS,33,6.2,305.7,9.7,D,0
-12.2551,136.8064,330.4,2.6,1.6,2014-10-11,0405,Aqua,MODIS,79,6.2,302,77.4,D,0
-14.0359,135.648,330.9,3.4,1.7,2014-10-11,0405,Aqua,MODIS,44,6.2,306.5,92.9,D,0
-13.0518,143.1116,342.2,1,1,2014-10-11,0405,Aqua,MODIS,88,6.2,303.6,38.2,D,0
-13.0677,143.0644,330.3,1.1,1,2014-10-11,0405,Aqua,MODIS,69,6.2,307.4,13.9,D,0
-13.0663,143.0741,339.5,1.1,1,2014-10-11,0405,Aqua,MODIS,85,6.2,306.6,28.9,D,0
-13.065,143.0839,332.2,1.1,1,2014-10-11,0405,Aqua,MODIS,76,6.2,305.4,18,D,0
-12.2595,136.8119,324.9,2.6,1.6,2014-10-11,0405,Aqua,MODIS,70,6.2,301.8,51.9,D,0
-12.2455,136.8099,325.3,2.6,1.6,2014-10-11,0405,Aqua,MODIS,70,6.2,301.7,52.6,D,0
-14.1763,136.5724,323.2,2.9,1.6,2014-10-11,0405,Aqua,MODIS,67,6.2,303.9,43.3,D,0
-12.4615,142.7948,370.3,1.1,1,2014-10-11,0405,Aqua,MODIS,100,6.2,301.1,114.9,D,0
-12.4602,142.8045,340.4,1.1,1,2014-10-11,0405,Aqua,MODIS,87,6.2,300.4,35,D,0
-14.0201,135.6463,328,3.4,1.7,2014-10-11,0405,Aqua,MODIS,38,6.2,308.9,68.6,D,0
-12.2994,142.6393,328.9,1.1,1,2014-10-11,0405,Aqua,MODIS,63,6.2,304.8,14.9,D,0
-13.4732,134.3293,325.7,4.3,1.9,2014-10-11,0405,Aqua,MODIS,58,6.2,306.3,68.8,D,0
-14.1753,136.5653,321,2.9,1.6,2014-10-11,0405,Aqua,MODIS,52,6.2,304.1,32.4,D,0
-12.4735,142.7766,332,1.1,1,2014-10-11,0405,Aqua,MODIS,77,6.2,302.3,21.6,D,0
-13.9085,135.849,324.7,3.3,1.7,2014-10-11,0405,Aqua,MODIS,56,6.2,307,51.9,D,0
-12.4509,142.8031,343.7,1.1,1,2014-10-11,0405,Aqua,MODIS,89,6.2,305.9,41.6,D,0
-12.2702,142.6452,328.1,1.1,1,2014-10-11,0405,Aqua,MODIS,61,6.2,303.8,15.5,D,0
-12.2715,142.6354,334.7,1.1,1,2014-10-11,0405,Aqua,MODIS,81,6.2,303.3,25.6,D,0
-12.2423,142.6412,373.7,1.1,1,2014-10-11,0405,Aqua,MODIS,100,6.2,307.2,130,D,0
-12.2357,142.6202,340,1.1,1,2014-10-11,0405,Aqua,MODIS,87,6.2,300.8,35.3,D,0
-13.9038,135.5968,326.4,3.4,1.7,2014-10-11,0405,Aqua,MODIS,65,6.2,305.6,68.9,D,0
-13.9093,135.5906,331.3,3.4,1.7,2014-10-11,0405,Aqua,MODIS,75,6.2,306.1,105.8,D,0
-12.562,142.8513,339.8,1.1,1,2014-10-11,0405,Aqua,MODIS,86,6.2,306.3,31.7,D,0
-12.3489,142.8124,328.7,1.1,1,2014-10-11,0405,Aqua,MODIS,33,6.2,305.4,15.6,D,0
-12.3568,142.8235,327.1,1.1,1,2014-10-11,0405,Aqua,MODIS,31,6.2,303.1,13.3,D,0
-12.487,142.3324,328.1,1.1,1.1,2014-10-11,0405,Aqua,MODIS,46,6.2,308.4,12,D,0
-12.241,142.651,352.3,1.1,1,2014-10-11,0405,Aqua,MODIS,95,6.2,305.4,62.1,D,0
-12.2555,142.6831,324.9,1.1,1,2014-10-11,0405,Aqua,MODIS,38,6.2,303.9,12.8,D,0
-12.4284,142.8297,321.4,1.1,1,2014-10-11,0405,Aqua,MODIS,25,6.2,299.1,9.8,D,0
-12.274,142.6858,343.3,1.1,1,2014-10-11,0405,Aqua,MODIS,89,6.2,303.8,39.6,D,0
-32.6626,116.2932,314.2,2.4,1.5,2014-10-11,0538,Aqua,MODIS,57,6.2,291.2,39.5,D,0
-32.7,116.1646,329,2.5,1.5,2014-10-11,0538,Aqua,MODIS,71,6.2,289.7,97.7,D,0
-32.656,116.2881,310.8,2.4,1.5,2014-10-11,0538,Aqua,MODIS,26,6.2,290.9,32.5,D,0
-32.7079,116.161,344.2,2.5,1.5,2014-10-11,0538,Aqua,MODIS,80,6.2,290.8,183.8,D,0
-32.7158,116.1394,312.5,2.5,1.5,2014-10-11,0538,Aqua,MODIS,50,6.2,288.5,39.7,D,0
-31.2046,115.6522,331,2.5,1.5,2014-10-11,0539,Aqua,MODIS,79,6.2,295.5,99.7,D,0
-31.2099,115.6601,331.5,2.5,1.5,2014-10-11,0539,Aqua,MODIS,80,6.2,295.3,103.9,D,0
-23.614,129.6429,332.3,2.4,1.5,2014-10-11,0540,Aqua,MODIS,66,6.2,319,35.2,D,0
-23.5392,129.6174,335.3,2.4,1.5,2014-10-11,0540,Aqua,MODIS,74,6.2,318,55,D,0
-24.4846,128.7624,360.8,2,1.4,2014-10-11,0540,Aqua,MODIS,100,6.2,318,180.2,D,0
-24.4882,128.7433,351.3,2,1.4,2014-10-11,0540,Aqua,MODIS,93,6.2,319.8,114.8,D,0
-24.4919,128.7243,359.9,1.9,1.4,2014-10-11,0540,Aqua,MODIS,99,6.2,322,168.5,D,0
-24.4936,128.7575,342.4,2,1.4,2014-10-11,0540,Aqua,MODIS,84,6.2,318.2,68.9,D,0
-24.4814,128.7547,359.1,2,1.4,2014-10-11,0540,Aqua,MODIS,99,6.2,318.7,170.1,D,0
-24.4849,128.7356,346.2,2,1.4,2014-10-11,0540,Aqua,MODIS,89,6.2,318.9,87.8,D,0
-24.4884,128.7166,348.9,1.9,1.4,2014-10-11,0540,Aqua,MODIS,91,6.2,320.3,99.8,D,0
-22.92,127.6592,335.1,1.8,1.3,2014-10-11,0541,Aqua,MODIS,60,6.2,322,25.2,D,0
-22.9231,127.6422,340.5,1.8,1.3,2014-10-11,0541,Aqua,MODIS,81,6.2,323,44.8,D,0
-22.9144,127.6524,339.9,1.8,1.3,2014-10-11,0541,Aqua,MODIS,80,6.2,322.1,46.1,D,0
-21.5794,117.4007,346.2,1.5,1.2,2014-10-11,0541,Aqua,MODIS,88,6.2,324.2,46.1,D,0
-21.5504,117.3681,392.4,1.5,1.2,2014-10-11,0541,Aqua,MODIS,100,6.2,326,320.2,D,0
-21.5521,117.354,350.8,1.5,1.2,2014-10-11,0541,Aqua,MODIS,92,6.2,324.5,64.4,D,0
-21.5937,117.4092,351.2,1.5,1.2,2014-10-11,0541,Aqua,MODIS,93,6.2,323.7,63.1,D,0
-21.5953,117.3951,346.4,1.5,1.2,2014-10-11,0541,Aqua,MODIS,88,6.2,324,46.4,D,0
-21.5901,117.4022,350.4,1.5,1.2,2014-10-11,0541,Aqua,MODIS,92,6.2,324.3,60.2,D,0
-21.3536,119.8249,366.4,1.1,1,2014-10-11,0541,Aqua,MODIS,100,6.2,319.9,86.8,D,0
-21.3349,119.8219,346.8,1.1,1,2014-10-11,0541,Aqua,MODIS,80,6.2,321.5,30.8,D,0
-21.2533,119.8135,338.7,1.1,1,2014-10-11,0541,Aqua,MODIS,78,6.2,323.8,16.2,D,0
-22.9563,117.9153,332.5,1.4,1.2,2014-10-11,0541,Aqua,MODIS,41,6.2,319.6,12.3,D,0
-21.9165,122.7957,342.3,1,1,2014-10-11,0541,Aqua,MODIS,83,6.2,324.8,19.7,D,0
-22.651,118.0053,365,1.4,1.2,2014-10-11,0541,Aqua,MODIS,100,6.2,328.3,115.6,D,0
-22.6494,118.0185,349.6,1.4,1.2,2014-10-11,0541,Aqua,MODIS,91,6.2,325.7,52.5,D,0
-22.967,117.9157,331.4,1.4,1.2,2014-10-11,0541,Aqua,MODIS,37,6.2,318.6,10.5,D,0
-22.9687,117.9015,333.9,1.4,1.2,2014-10-11,0541,Aqua,MODIS,66,6.2,321.5,16.7,D,0
-22.6614,118.0068,360.7,1.4,1.2,2014-10-11,0541,Aqua,MODIS,100,6.2,325.5,96.2,D,0
-22.6598,118.0201,356.6,1.4,1.2,2014-10-11,0541,Aqua,MODIS,97,6.2,323.6,79.9,D,0
-22.9331,128.0901,333.1,1.9,1.3,2014-10-11,0541,Aqua,MODIS,41,6.2,320,24,D,0
-22.9451,128.0928,337.4,1.9,1.3,2014-10-11,0541,Aqua,MODIS,75,6.2,322,40.3,D,0
-22.5258,122.5359,339.3,1,1,2014-10-11,0541,Aqua,MODIS,72,6.2,325.7,13,D,0
-22.5244,122.5457,336,1,1,2014-10-11,0541,Aqua,MODIS,48,6.2,325,7.8,D,0
-22.9577,122.5418,365.2,1,1,2014-10-11,0541,Aqua,MODIS,100,6.2,327.6,72.3,D,0
-22.5178,122.4645,341.7,1,1,2014-10-11,0541,Aqua,MODIS,77,6.2,325.6,18.1,D,0
-20.1162,127.6023,335.8,2,1.4,2014-10-11,0541,Aqua,MODIS,71,6.2,323.3,27.5,D,0
-22.5164,122.4742,338.7,1,1,2014-10-11,0541,Aqua,MODIS,54,6.2,325,12.6,D,0
-22.9563,122.5516,354.1,1,1,2014-10-11,0541,Aqua,MODIS,95,6.2,325.8,42.3,D,0
-22.5254,122.4758,338.8,1,1,2014-10-11,0541,Aqua,MODIS,30,6.2,324.4,10.4,D,0
-16.8691,127.4015,332.2,2.2,1.4,2014-10-11,0542,Aqua,MODIS,33,6.2,301,38.1,D,0
-17.3374,123.2249,382.3,1.2,1.1,2014-10-11,0542,Aqua,MODIS,100,6.2,313.9,178.6,D,0
-17.1431,124.189,337.8,1.3,1.1,2014-10-11,0542,Aqua,MODIS,37,6.2,316.4,19.8,D,0
-17.3227,123.2558,334,1.2,1.1,2014-10-11,0542,Aqua,MODIS,65,6.2,309.7,18.5,D,0
-17.3357,123.2357,374.4,1.2,1.1,2014-10-11,0542,Aqua,MODIS,100,6.2,314,139.2,D,0
-16.978,124.5834,336.4,1.4,1.2,2014-10-11,0542,Aqua,MODIS,50,6.2,318.1,15.9,D,0
-17.3261,123.2341,334.3,1.2,1.1,2014-10-11,0542,Aqua,MODIS,37,6.2,310.4,17.9,D,0
-17.3278,123.2232,333.7,1.2,1.1,2014-10-11,0542,Aqua,MODIS,28,6.2,309.7,16.8,D,0
-17.1451,124.1767,341.2,1.3,1.1,2014-10-11,0542,Aqua,MODIS,78,6.2,316.2,28.8,D,0
-16.8505,127.3705,338.9,2.2,1.4,2014-10-11,0542,Aqua,MODIS,52,6.2,310.3,82.2,D,0
-17.334,123.2466,369.3,1.2,1.1,2014-10-11,0542,Aqua,MODIS,100,6.2,312,117,D,0
-16.8725,127.397,342.2,2.2,1.4,2014-10-11,0542,Aqua,MODIS,58,6.2,304.7,95.9,D,0
-18.4281,132.0131,352.1,4.5,2,2014-10-11,0542,Aqua,MODIS,95,6.2,298.8,507.7,D,0
-18.3413,131.8178,350.8,4.4,1.9,2014-10-11,0542,Aqua,MODIS,94,6.2,308,400.6,D,0
-18.3585,131.8218,359.3,4.4,1.9,2014-10-11,0542,Aqua,MODIS,99,6.2,309.3,580.9,D,0
-18.4107,132.0091,339.9,4.5,2,2014-10-11,0542,Aqua,MODIS,85,6.2,295.9,296.4,D,0
-18.35,131.8631,348.7,4.4,1.9,2014-10-11,0542,Aqua,MODIS,92,6.2,305.8,391.3,D,0
-18.3757,131.8259,352.4,4.4,1.9,2014-10-11,0542,Aqua,MODIS,95,6.2,307.8,445.6,D,0
-18.3314,131.8503,345.6,4.4,1.9,2014-10-11,0542,Aqua,MODIS,90,6.2,306.5,331.4,D,0
-18.3672,131.867,352.8,4.4,1.9,2014-10-11,0542,Aqua,MODIS,95,6.2,305.1,480.3,D,0
-18.3929,131.8299,334.8,4.4,1.9,2014-10-11,0542,Aqua,MODIS,78,6.2,306.9,174.8,D,0
-18.3844,131.8711,350.8,4.4,1.9,2014-10-11,0542,Aqua,MODIS,94,6.2,305.3,444.8,D,0
-18.3658,131.8583,354.9,4.4,1.9,2014-10-11,0542,Aqua,MODIS,97,6.2,306.4,517.9,D,0
-18.41,131.834,339.7,4.4,1.9,2014-10-11,0542,Aqua,MODIS,84,6.2,306.8,246.2,D,0
-18.4182,131.8837,357.1,4.4,1.9,2014-10-11,0542,Aqua,MODIS,98,6.2,303.9,581.5,D,0
-18.4093,132.0132,340.3,4.5,2,2014-10-11,0542,Aqua,MODIS,85,6.2,296,303.4,D,0
-18.3327,131.8591,343,4.4,1.9,2014-10-11,0542,Aqua,MODIS,88,6.2,305.6,289.7,D,0
-18.4267,132.0172,366.5,4.5,2,2014-10-11,0542,Aqua,MODIS,100,6.2,299.1,853.9,D,0
-18.2279,131.9134,335.6,4.5,2,2014-10-11,0542,Aqua,MODIS,75,6.2,306.7,194.5,D,0
-18.4357,132.0717,340.6,4.6,2,2014-10-11,0542,Aqua,MODIS,85,6.2,295.7,323,D,0
-18.3837,131.8755,347.9,4.4,1.9,2014-10-11,0542,Aqua,MODIS,92,6.2,304.8,394.3,D,0
-18.2375,131.8674,331.8,4.5,1.9,2014-10-11,0542,Aqua,MODIS,67,6.2,308.3,126.3,D,0
-18.229,131.9092,336.7,4.5,2,2014-10-11,0542,Aqua,MODIS,79,6.2,306.7,207.3,D,0
-18.4096,131.8385,345.9,4.4,1.9,2014-10-11,0542,Aqua,MODIS,90,6.2,306.9,340.3,D,0
-18.3569,131.8131,353.6,4.4,1.9,2014-10-11,0542,Aqua,MODIS,96,6.2,308.9,459.5,D,0
-18.4195,132.0558,347.3,4.6,2,2014-10-11,0542,Aqua,MODIS,91,6.2,297.6,413.1,D,0
-18.2366,131.8715,335.6,4.5,1.9,2014-10-11,0542,Aqua,MODIS,79,6.2,308.2,174.2,D,0
-18.3486,131.8543,362.7,4.4,1.9,2014-10-11,0542,Aqua,MODIS,100,6.2,307,685.5,D,0
-18.374,131.8172,338.1,4.4,1.9,2014-10-11,0542,Aqua,MODIS,82,6.2,307.6,209.6,D,0
-18.2194,131.8675,349.3,4.5,1.9,2014-10-11,0542,Aqua,MODIS,93,6.2,309.5,380.4,D,0
-18.2106,131.9093,356.2,4.5,2,2014-10-11,0542,Aqua,MODIS,97,6.2,308,540.2,D,0
-18.4447,132.0292,348.5,4.5,2,2014-10-11,0542,Aqua,MODIS,92,6.2,297.6,465.3,D,0
-18.3847,132.0476,324.5,4.6,2,2014-10-11,0542,Aqua,MODIS,38,6.2,295.3,108.5,D,0
-18.4178,132.0597,345.3,4.6,2,2014-10-11,0542,Aqua,MODIS,90,6.2,297.1,382.7,D,0
-18.2117,131.9051,361.1,4.5,2,2014-10-11,0542,Aqua,MODIS,100,6.2,308.3,654.4,D,0
-18.4016,131.8752,369,4.4,1.9,2014-10-11,0542,Aqua,MODIS,100,6.2,306.3,870.5,D,0
-18.4188,131.8793,357.4,4.4,1.9,2014-10-11,0542,Aqua,MODIS,98,6.2,304.3,591.2,D,0
-18.3397,131.809,336.8,4.4,1.9,2014-10-11,0542,Aqua,MODIS,81,6.2,307.7,182,D,0
-18.4361,131.8833,327.8,4.4,1.9,2014-10-11,0542,Aqua,MODIS,46,6.2,301.8,134,D,0
-18.2202,131.8633,345.3,4.5,1.9,2014-10-11,0542,Aqua,MODIS,89,6.2,309.6,312.8,D,0
-18.401,131.8796,362.9,4.4,1.9,2014-10-11,0542,Aqua,MODIS,100,6.2,305.7,705.4,D,0
-18.444,132.0212,345.5,4.5,2,2014-10-11,0542,Aqua,MODIS,90,6.2,297.3,406.9,D,0
-18.4353,132.0637,354.5,4.6,2,2014-10-11,0542,Aqua,MODIS,96,6.2,296.5,571.9,D,0
-18.3924,131.8344,340.4,4.4,1.9,2014-10-11,0542,Aqua,MODIS,85,6.2,306.9,253.5,D,0
-21.4192,116.3451,337.6,1.7,1.3,2014-10-11,0542,Aqua,MODIS,75,6.2,323.4,32.1,D,0
-21.4061,117.044,336.9,1.5,1.2,2014-10-11,0542,Aqua,MODIS,73,6.2,324.3,24,D,0
-17.0061,123.1765,337.5,1.2,1.1,2014-10-11,0542,Aqua,MODIS,59,6.2,310.1,25.9,D,0
-17.1632,124.2501,342.2,1.3,1.1,2014-10-11,0542,Aqua,MODIS,83,6.2,311.4,41.9,D,0
-17.1652,124.2377,340,1.3,1.1,2014-10-11,0542,Aqua,MODIS,80,6.2,313.1,32.1,D,0
-17.1672,124.2254,343.1,1.3,1.1,2014-10-11,0542,Aqua,MODIS,84,6.2,313.1,36.8,D,0
-17.1692,124.2131,334,1.3,1.1,2014-10-11,0542,Aqua,MODIS,30,6.2,313,14.5,D,0
-17.153,124.2482,364.3,1.3,1.1,2014-10-11,0542,Aqua,MODIS,100,6.2,311.3,119.3,D,0
-17.155,124.2359,376.5,1.3,1.1,2014-10-11,0542,Aqua,MODIS,100,6.2,316.2,176.3,D,0
-17.157,124.2236,338.6,1.3,1.1,2014-10-11,0542,Aqua,MODIS,21,6.2,315.9,23.4,D,0
-17.1448,124.2341,335.9,1.3,1.1,2014-10-11,0542,Aqua,MODIS,37,6.2,311.1,19.6,D,0
-17.1468,124.2217,375.3,1.3,1.1,2014-10-11,0542,Aqua,MODIS,100,6.2,316.2,162.8,D,0
-17.1488,124.2095,359,1.3,1.1,2014-10-11,0542,Aqua,MODIS,99,6.2,316.9,84.2,D,0
-17.1528,124.185,338.2,1.3,1.1,2014-10-11,0542,Aqua,MODIS,49,6.2,314.5,21.9,D,0
-17.1475,124.2277,354.8,1.3,1.1,2014-10-11,0542,Aqua,MODIS,96,6.2,313.5,74.8,D,0
-17.1494,124.2154,367,1.3,1.1,2014-10-11,0542,Aqua,MODIS,100,6.2,318.4,122.4,D,0
-17.1093,123.0999,351,1.2,1.1,2014-10-11,0542,Aqua,MODIS,93,6.2,310.6,50.9,D,0
-17.2469,123.147,338.3,1.2,1.1,2014-10-11,0542,Aqua,MODIS,77,6.2,310.5,26.2,D,0
-17.2452,123.1578,342.4,1.2,1.1,2014-10-11,0542,Aqua,MODIS,77,6.2,311.7,31.8,D,0
-17.2565,123.1486,334.2,1.2,1.1,2014-10-11,0542,Aqua,MODIS,67,6.2,308.7,17.6,D,0
-17.2661,123.1503,340.8,1.2,1.1,2014-10-11,0542,Aqua,MODIS,81,6.2,308.7,30.3,D,0
-17.2644,123.1611,357.1,1.2,1.1,2014-10-11,0542,Aqua,MODIS,98,6.2,311.8,72.3,D,0
-17.2757,123.1519,363.9,1.2,1.1,2014-10-11,0542,Aqua,MODIS,100,6.2,309.6,97.2,D,0
-17.274,123.1627,334.3,1.2,1.1,2014-10-11,0542,Aqua,MODIS,42,6.2,309.3,19.6,D,0
-16.882,127.4042,333,2.2,1.4,2014-10-11,0542,Aqua,MODIS,0,6.2,297.2,44.5,D,0
-17.2435,123.1685,336.1,1.2,1.1,2014-10-11,0542,Aqua,MODIS,37,6.2,311.5,16.1,D,0
-17.2706,123.1843,339.8,1.2,1.1,2014-10-11,0542,Aqua,MODIS,60,6.2,310.2,26.2,D,0
-17.2819,123.1752,340.2,1.2,1.1,2014-10-11,0542,Aqua,MODIS,64,6.2,308,31,D,0
-17.3233,123.1891,330.1,1.2,1.1,2014-10-11,0542,Aqua,MODIS,20,6.2,307.1,14.9,D,0
-17.3216,123.1999,331.6,1.2,1.1,2014-10-11,0542,Aqua,MODIS,34,6.2,307.6,16.4,D,0
-17.3295,123.2123,334.3,1.2,1.1,2014-10-11,0542,Aqua,MODIS,41,6.2,308.9,19.8,D,0
-17.3391,123.214,370.4,1.2,1.1,2014-10-11,0542,Aqua,MODIS,100,6.2,311.7,123.7,D,0
-17.2836,123.1644,360.3,1.2,1.1,2014-10-11,0542,Aqua,MODIS,100,6.2,309.6,86.1,D,0
-17.2853,123.1536,362.8,1.2,1.1,2014-10-11,0542,Aqua,MODIS,100,6.2,309.5,94.4,D,0
-17.2869,123.1428,349.3,1.2,1.1,2014-10-11,0542,Aqua,MODIS,91,6.2,308,53.5,D,0
-17.2774,123.1412,336.7,1.2,1.1,2014-10-11,0542,Aqua,MODIS,73,6.2,308.6,24.4,D,0
-17.1525,123.1028,331.6,1.1,1.1,2014-10-11,0542,Aqua,MODIS,38,6.2,310.4,15.2,D,0
-17.1638,123.0938,333.7,1.1,1.1,2014-10-11,0542,Aqua,MODIS,60,6.2,309.1,20.5,D,0
-17.1621,123.1045,340.6,1.1,1.1,2014-10-11,0542,Aqua,MODIS,81,6.2,310.4,33.3,D,0
-17.1733,123.0954,347.4,1.1,1.1,2014-10-11,0542,Aqua,MODIS,89,6.2,307.5,50.4,D,0
-17.0044,123.1873,335.9,1.2,1.1,2014-10-11,0542,Aqua,MODIS,62,6.2,307.2,24.8,D,0
-16.7592,122.917,331.4,1.1,1.1,2014-10-11,0543,Aqua,MODIS,70,6.2,306.5,16.4,D,0
-16.7609,122.9064,343.4,1.1,1.1,2014-10-11,0543,Aqua,MODIS,87,6.2,309.1,38.8,D,0
-13.5413,130.1848,348.8,4.2,1.9,2014-10-11,0543,Aqua,MODIS,93,6.2,298.5,394,D,0
-13.018,130.3293,324.8,4.4,1.9,2014-10-11,0543,Aqua,MODIS,66,6.2,295.4,100.1,D,0
-12.9834,130.3223,333.4,4.4,1.9,2014-10-11,0543,Aqua,MODIS,74,6.2,296.3,180.6,D,0
-12.9817,130.3137,324.9,4.4,1.9,2014-10-11,0543,Aqua,MODIS,72,6.2,296.7,91.9,D,0
-13.0427,130.2923,347.5,4.4,1.9,2014-10-11,0543,Aqua,MODIS,94,6.2,295.4,398.1,D,0
-13.0426,130.2966,352.4,4.4,1.9,2014-10-11,0543,Aqua,MODIS,96,6.2,295.4,488.2,D,0
-13.5378,130.1762,348.6,4.2,1.9,2014-10-11,0543,Aqua,MODIS,94,6.2,298.6,389.1,D,0
-13.0255,130.2889,327.6,4.4,1.9,2014-10-11,0543,Aqua,MODIS,73,6.2,297.3,126.5,D,0
-13.0254,130.2933,329.4,4.4,1.9,2014-10-11,0543,Aqua,MODIS,77,6.2,297.2,145.2,D,0
-13.0176,130.3335,322.2,4.4,1.9,2014-10-11,0543,Aqua,MODIS,37,6.2,295.4,77.1,D,0
-13.5244,130.1814,335.3,4.2,1.9,2014-10-11,0543,Aqua,MODIS,81,6.2,297.8,209,D,0
-13.5339,130.2237,328.9,4.3,1.9,2014-10-11,0543,Aqua,MODIS,71,6.2,297,123.4,D,0
-13.5307,130.215,342.3,4.3,1.9,2014-10-11,0543,Aqua,MODIS,91,6.2,297.1,284.4,D,0
-13.5209,130.1728,323,4.2,1.9,2014-10-11,0543,Aqua,MODIS,76,6.2,297.7,88.5,D,0
-33.6732,142.3466,318.2,1,1,2014-10-11,1325,Terra,MODIS,96,6.2,288.9,18.3,N,0
-30.4407,136.8616,301.5,1.3,1.1,2014-10-11,1326,Terra,MODIS,42,6.2,291.3,8.4,N,0
-21.0622,148.0183,300.6,3.4,1.7,2014-10-11,1328,Terra,MODIS,31,6.2,288.9,25.7,N,0
-22.9272,128.1235,301.6,4.3,1.9,2014-10-11,1328,Terra,MODIS,43,6.2,290.7,45.3,N,0
-22.9319,128.0878,300.2,4.3,1.9,2014-10-11,1328,Terra,MODIS,19,6.2,290.1,35.5,N,0
-20.7357,139.4702,309.7,1,1,2014-10-11,1328,Terra,MODIS,75,6.2,297.2,7.1,N,0
-20.7343,139.48,313.7,1,1,2014-10-11,1328,Terra,MODIS,86,6.2,297.4,10.3,N,2
-15.5407,143.6189,318.4,2.1,1.4,2014-10-11,1329,Terra,MODIS,83,6.2,292.2,42.2,N,0
-15.4963,143.6508,316.2,2.1,1.4,2014-10-11,1329,Terra,MODIS,48,6.2,292.1,34.3,N,0
-15.5441,143.5996,317.9,2.1,1.4,2014-10-11,1329,Terra,MODIS,95,6.2,291.3,41.3,N,0
-15.5316,143.5972,310,2.1,1.4,2014-10-11,1329,Terra,MODIS,62,6.2,290.6,23.8,N,0
-15.4928,143.6706,332,2.1,1.4,2014-10-11,1329,Terra,MODIS,100,6.2,293.2,85.8,N,0
-15.5282,143.6166,332.5,2.1,1.4,2014-10-11,1329,Terra,MODIS,100,6.2,292.5,89.2,N,0
-19.1812,133.3245,308.9,1.6,1.2,2014-10-11,1329,Terra,MODIS,7,6.2,296.6,12.8,N,0
-19.183,133.3095,309.4,1.6,1.2,2014-10-11,1329,Terra,MODIS,25,6.2,296.1,13.4,N,0
-19.1606,133.3065,310.2,1.6,1.2,2014-10-11,1329,Terra,MODIS,21,6.2,296.7,14.5,N,0
-19.1494,133.3051,312.6,1.6,1.2,2014-10-11,1329,Terra,MODIS,46,6.2,296.8,17.9,N,0
-19.1287,133.287,308.8,1.6,1.2,2014-10-11,1329,Terra,MODIS,50,6.2,297,13.1,N,0
-19.0845,133.2754,309.2,1.6,1.2,2014-10-11,1329,Terra,MODIS,63,6.2,296.4,13.4,N,0
-19.2645,133.296,310.9,1.6,1.2,2014-10-11,1329,Terra,MODIS,56,6.2,297.7,14.7,N,0
-19.2663,133.2807,312,1.6,1.2,2014-10-11,1329,Terra,MODIS,61,6.2,298.4,16.4,N,0
-19.255,133.2793,309,1.6,1.2,2014-10-11,1329,Terra,MODIS,76,6.2,299,12.9,N,0
-19.2255,133.3368,342.2,1.6,1.2,2014-10-11,1329,Terra,MODIS,100,6.2,300.3,89.5,N,0
-19.2273,133.3217,338.6,1.6,1.2,2014-10-11,1329,Terra,MODIS,100,6.2,300.1,76.7,N,0
-19.2143,133.3353,316.4,1.6,1.2,2014-10-11,1329,Terra,MODIS,93,6.2,299.1,24.3,N,0
-19.2161,133.3202,343.6,1.6,1.2,2014-10-11,1329,Terra,MODIS,100,6.2,300.7,93.7,N,0
-19.2049,133.3187,316,1.6,1.2,2014-10-11,1329,Terra,MODIS,92,6.2,297.8,23.2,N,0
-17.6015,139.6889,315.7,1.1,1,2014-10-11,1329,Terra,MODIS,91,6.2,296.8,13.5,N,0
-17.5937,139.677,306.7,1.1,1,2014-10-11,1329,Terra,MODIS,65,6.2,296,6.4,N,0
-18.9843,129.2059,307.4,3.2,1.7,2014-10-11,1329,Terra,MODIS,59,6.2,289.7,40.7,N,0
-18.9811,129.2105,310.4,3.2,1.7,2014-10-11,1329,Terra,MODIS,58,6.2,290.5,48,N,0
-17.8644,132.7018,306.8,1.7,1.3,2014-10-11,1329,Terra,MODIS,65,6.2,295.3,12.7,N,0
-17.7943,132.6217,383.9,1.7,1.3,2014-10-11,1329,Terra,MODIS,100,6.2,303,367.5,N,0
-17.7963,132.6056,356.2,1.7,1.3,2014-10-11,1329,Terra,MODIS,100,6.2,298.6,164.2,N,0
-17.7847,132.6042,317.1,1.7,1.3,2014-10-11,1329,Terra,MODIS,94,6.2,295.7,29.5,N,0
-17.8059,132.6231,358,1.7,1.3,2014-10-11,1329,Terra,MODIS,100,6.2,300.7,173.6,N,0
-17.4861,132.9112,314.8,1.6,1.2,2014-10-11,1329,Terra,MODIS,88,6.2,296.7,22.7,N,0
-17.8078,132.6071,334.7,1.7,1.3,2014-10-11,1329,Terra,MODIS,100,6.2,297.6,73.6,N,0
-17.7828,132.6202,335.7,1.7,1.3,2014-10-11,1329,Terra,MODIS,100,6.2,296.8,77.3,N,0
-15.4323,143.7132,325.3,2.1,1.4,2014-10-11,1330,Terra,MODIS,100,6.2,292.1,65.2,N,0
-14.8559,142.5588,306.3,1.8,1.3,2014-10-11,1330,Terra,MODIS,13,6.2,294,10.9,N,0
-14.8793,142.563,319.8,1.8,1.3,2014-10-11,1330,Terra,MODIS,99,6.2,294.5,34.3,N,0
-12.5226,141.9281,311.6,1.8,1.3,2014-10-11,1330,Terra,MODIS,83,6.2,293.4,21.3,N,0
-13.4138,142.1795,303.4,1.8,1.3,2014-10-11,1330,Terra,MODIS,55,6.2,293,10.2,N,0
-14.8766,142.5795,335.8,1.8,1.3,2014-10-11,1330,Terra,MODIS,100,6.2,295.5,80.9,N,0
-14.8738,142.596,308.1,1.8,1.3,2014-10-11,1330,Terra,MODIS,34,6.2,294.1,13.7,N,0
-13.5244,142.1378,308.1,1.8,1.3,2014-10-11,1330,Terra,MODIS,74,6.2,293.7,14.8,N,0
-13.5197,142.1437,314,1.8,1.3,2014-10-11,1330,Terra,MODIS,88,6.2,293.7,23.5,N,0
-12.2385,141.9771,304.2,1.8,1.3,2014-10-11,1330,Terra,MODIS,59,6.2,293.1,11,N,0
-15.4929,143.6638,327.1,2.1,1.4,2014-10-11,1330,Terra,MODIS,100,6.2,293.2,68,N,0
-13.5218,142.1541,304.8,1.8,1.3,2014-10-11,1330,Terra,MODIS,61,6.2,293.4,9.9,N,0
-13.8188,132.5487,311.6,1.5,1.2,2014-10-11,1330,Terra,MODIS,55,6.2,295.2,13.5,N,0
-13.8097,132.5333,307.4,1.5,1.2,2014-10-11,1330,Terra,MODIS,19,6.2,294.9,8.7,N,0
-13.817,132.5626,308.5,1.5,1.2,2014-10-11,1330,Terra,MODIS,25,6.2,295.3,9.6,N,0
-13.8206,132.5553,312.4,1.5,1.2,2014-10-11,1330,Terra,MODIS,51,6.2,295.3,14.3,N,0
-13.8131,132.5258,306.5,1.5,1.2,2014-10-11,1330,Terra,MODIS,31,6.2,294.8,7.7,N,0
-13.6194,130.413,319.5,2.2,1.4,2014-10-11,1331,Terra,MODIS,99,6.2,294.3,49.2,N,0
-12.9896,130.3535,340.3,2.1,1.4,2014-10-11,1331,Terra,MODIS,100,6.2,295.9,129.1,N,0
-12.9919,130.3338,331.7,2.2,1.4,2014-10-11,1331,Terra,MODIS,100,6.2,295.7,89.9,N,0
-12.9768,130.3519,310.6,2.1,1.4,2014-10-11,1331,Terra,MODIS,65,6.2,294.7,24.4,N,0
-12.9903,130.347,341.9,2.1,1.4,2014-10-11,1331,Terra,MODIS,100,6.2,296.5,136.1,N,0
-12.9775,130.3454,320.1,2.1,1.4,2014-10-11,1331,Terra,MODIS,100,6.2,295.4,48.2,N,0
-12.9799,130.3257,315.8,2.2,1.4,2014-10-11,1331,Terra,MODIS,91,6.2,295.3,36.1,N,0
-12.9928,130.3273,316.3,2.2,1.4,2014-10-11,1331,Terra,MODIS,92,6.2,295.1,36.7,N,0
-13.0056,130.3289,308,2.2,1.4,2014-10-11,1331,Terra,MODIS,56,6.2,294.4,19.5,N,0
-12.9791,130.3322,321.6,2.2,1.4,2014-10-11,1331,Terra,MODIS,100,6.2,295.5,53.5,N,0
-13.6231,130.3879,307.7,2.2,1.4,2014-10-11,1331,Terra,MODIS,66,6.2,293.4,21.1,N,0
-13.6206,130.4079,327.3,2.2,1.4,2014-10-11,1331,Terra,MODIS,100,6.2,294.8,75.9,N,0
-13.6217,130.393,321.2,2.2,1.4,2014-10-11,1331,Terra,MODIS,100,6.2,293.9,54.8,N,0
-13.0047,130.3354,311.3,2.2,1.4,2014-10-11,1331,Terra,MODIS,48,6.2,294.4,25.8,N,0
-13.0304,130.3386,305.9,2.2,1.4,2014-10-11,1331,Terra,MODIS,55,6.2,294.2,16.3,N,0
-13.6088,130.3913,303.9,2.2,1.4,2014-10-11,1331,Terra,MODIS,34,6.2,293,13.7,N,0
-12.3182,136.8092,305.1,1,1,2014-10-11,1331,Terra,MODIS,62,6.2,294.7,5.3,N,0
-11.869,134.0371,311.5,1.2,1.1,2014-10-11,1331,Terra,MODIS,48,6.2,296.7,9.8,N,0
-11.8676,134.0477,313.1,1.2,1.1,2014-10-11,1331,Terra,MODIS,51,6.2,297.3,11.3,N,0
-11.8797,134.0551,311.5,1.2,1.1,2014-10-11,1331,Terra,MODIS,30,6.2,297,9.5,N,0
-11.5091,130.655,307.4,1.9,1.4,2014-10-11,1331,Terra,MODIS,71,6.2,293.4,16.5,N,0
-12.612,136.62,309.7,1,1,2014-10-11,1331,Terra,MODIS,73,6.2,295,7.6,N,0
-11.5102,130.6129,313,1.9,1.4,2014-10-11,1331,Terra,MODIS,44,6.2,293.4,24.7,N,0
-11.5112,130.6376,305.8,1.9,1.4,2014-10-11,1331,Terra,MODIS,46,6.2,293.3,13.1,N,0
-11.5156,130.6019,307.8,2,1.4,2014-10-11,1331,Terra,MODIS,72,6.2,293.4,17.7,N,0
-13.5504,130.3381,305.9,2.2,1.4,2014-10-11,1331,Terra,MODIS,57,6.2,293.7,18.3,N,0
-11.5134,130.6197,311.6,1.9,1.4,2014-10-11,1331,Terra,MODIS,83,6.2,293.4,24,N,0
-13.3366,131.9457,305.4,1.6,1.3,2014-10-11,1331,Terra,MODIS,52,6.2,295.3,7,N,0
-12.6968,135.0899,317.1,1.1,1,2014-10-11,1331,Terra,MODIS,94,6.2,295.7,15.2,N,0
-12.6982,135.0801,305.8,1.1,1,2014-10-11,1331,Terra,MODIS,63,6.2,295.3,6,N,0
-22.353,145.592,324.9,3.9,1.8,2014-10-11,1458,Aqua,MODIS,100,6.2,286.4,167.4,N,0
-22.3121,145.5628,324.5,3.9,1.8,2014-10-11,1458,Aqua,MODIS,100,6.2,289.7,163.5,N,0
-22.3469,145.5986,316.6,3.9,1.8,2014-10-11,1458,Aqua,MODIS,93,6.2,283.2,107.7,N,0
-22.3203,145.6003,311.9,3.9,1.8,2014-10-11,1458,Aqua,MODIS,78,6.2,280,81.4,N,0
-22.3225,145.5652,329.8,3.9,1.8,2014-10-11,1458,Aqua,MODIS,100,6.2,289.6,208.5,N,0
-22.3061,145.5695,310.4,3.9,1.8,2014-10-11,1458,Aqua,MODIS,79,6.2,287.5,75.7,N,0
-22.3367,145.5961,316.7,3.9,1.8,2014-10-11,1458,Aqua,MODIS,94,6.2,282.7,108.6,N,0
-22.3448,145.5545,334.7,3.9,1.8,2014-10-11,1458,Aqua,MODIS,100,6.2,290.8,255.6,N,0
-22.3285,145.5586,318.3,3.9,1.8,2014-10-11,1458,Aqua,MODIS,97,6.2,290.1,116,N,0
-22.3305,145.6028,312.5,3.9,1.8,2014-10-11,1458,Aqua,MODIS,75,6.2,280.6,84,N,0
-22.3389,145.561,337.2,3.9,1.8,2014-10-11,1458,Aqua,MODIS,100,6.2,290.3,283.5,N,0
-34.462,150.8883,311.9,1.1,1,2014-10-11,1501,Aqua,MODIS,83,6.2,288.6,14.3,N,2
-42.5911,147.7231,301.2,1.1,1,2014-10-11,1503,Aqua,MODIS,39,6.2,278.4,9.8,N,0
-21.3708,119.9087,315.9,1.9,1.3,2014-10-11,1507,Terra,MODIS,92,6.2,296.1,29.9,N,0
-21.355,119.8996,307.3,1.9,1.3,2014-10-11,1507,Terra,MODIS,30,6.2,297.3,13.1,N,0
-21.367,119.9023,307,1.9,1.3,2014-10-11,1507,Terra,MODIS,38,6.2,295.8,12.7,N,0
-21.3588,119.9061,310.3,1.9,1.3,2014-10-11,1507,Terra,MODIS,54,6.2,297.2,17.9,N,0
-21.3675,119.9266,320,1.9,1.3,2014-10-11,1507,Terra,MODIS,99,6.2,298,39.1,N,0
-21.3639,119.9203,328.2,1.9,1.3,2014-10-11,1507,Terra,MODIS,100,6.2,298.5,61.5,N,0
-21.3519,119.9176,310.5,1.9,1.3,2014-10-11,1507,Terra,MODIS,63,6.2,298.3,18.9,N,0
-22.6541,117.9879,309.1,1.3,1.1,2014-10-11,1507,Terra,MODIS,51,6.2,296.9,9.7,N,0
-22.6416,117.9989,311.2,1.3,1.1,2014-10-11,1507,Terra,MODIS,43,6.2,296.2,11.9,N,0
-22.6438,117.986,311.9,1.3,1.1,2014-10-11,1507,Terra,MODIS,51,6.2,296.6,12.3,N,0
-22.6519,118.0009,320.9,1.3,1.1,2014-10-11,1507,Terra,MODIS,100,6.2,297.1,25.4,N,0
-21.4249,116.351,310.5,1.1,1.1,2014-10-11,1507,Terra,MODIS,78,6.2,298.7,8.5,N,0
-21.561,117.3466,308.8,1.3,1.1,2014-10-11,1507,Terra,MODIS,72,6.2,295.6,9.4,N,0
-21.5147,117.3756,307.1,1.3,1.1,2014-10-11,1507,Terra,MODIS,15,6.2,295.4,7.7,N,0
-21.5087,117.3555,309.6,1.3,1.1,2014-10-11,1507,Terra,MODIS,45,6.2,296.5,9.4,N,0
-21.2407,119.8132,307.6,1.9,1.3,2014-10-11,1507,Terra,MODIS,71,6.2,297.5,13.6,N,0
-21.5146,117.3187,306.3,1.3,1.1,2014-10-11,1507,Terra,MODIS,62,6.2,295.4,7.2,N,0
-11.873,134.0455,310.3,1,1,2014-10-11,1633,Aqua,MODIS,80,6.2,296.7,8.4,N,0
-11.8627,134.0435,337.3,1,1,2014-10-11,1633,Aqua,MODIS,100,6.2,298.8,37.4,N,0
-11.8716,134.0364,323.3,1,1,2014-10-11,1633,Aqua,MODIS,100,6.2,296.9,19.7,N,0
-11.8613,134.0344,309.6,1,1,2014-10-11,1633,Aqua,MODIS,78,6.2,296.5,8,N,0
-13.6179,130.4123,311.9,1.2,1.1,2014-10-11,1634,Aqua,MODIS,82,6.2,294.7,13.6,N,0
-13.813,132.5389,306.7,1,1,2014-10-11,1634,Aqua,MODIS,65,6.2,294.2,6.3,N,0
-13.8172,132.5668,307.5,1,1,2014-10-11,1634,Aqua,MODIS,68,6.2,294.6,6.3,N,0
-13.8158,132.5575,313.4,1,1,2014-10-11,1634,Aqua,MODIS,86,6.2,294.6,10.6,N,0
-12.9934,130.3489,315.1,1.3,1.1,2014-10-11,1634,Aqua,MODIS,65,6.2,295.3,15.7,N,0
-12.9853,130.3621,310,1.3,1.1,2014-10-11,1634,Aqua,MODIS,54,6.2,294.2,11.2,N,0
-12.9797,130.3275,306.2,1.3,1.1,2014-10-11,1634,Aqua,MODIS,23,6.2,295.3,7,N,0
-13.8186,132.5761,305.8,1,1,2014-10-11,1634,Aqua,MODIS,61,6.2,294.7,5.5,N,0
-12.9834,130.3506,324.1,1.3,1.1,2014-10-11,1634,Aqua,MODIS,100,6.2,296.2,27.8,N,0
-12.9816,130.339,312.5,1.3,1.1,2014-10-11,1634,Aqua,MODIS,49,6.2,295.7,12.3,N,0
-13.8144,132.5482,306.9,1,1,2014-10-11,1634,Aqua,MODIS,66,6.2,294.2,6,N,0
-13.617,130.4078,321.4,1.2,1.1,2014-10-11,1634,Aqua,MODIS,100,6.2,295.1,25.5,N,0
-13.616,130.401,313.8,1.2,1.1,2014-10-11,1634,Aqua,MODIS,87,6.2,294.1,15.8,N,0
-13.8617,132.617,310.7,1,1,2014-10-11,1634,Aqua,MODIS,79,6.2,295.9,8.3,N,0
-14.7066,133.4761,308.6,1,1,2014-10-11,1634,Aqua,MODIS,69,6.2,297.8,5.4,N,0
-17.3104,130.1838,305,1.1,1.1,2014-10-11,1635,Aqua,MODIS,47,6.2,294.8,5.2,N,0
-18.9613,129.1098,340.7,1.2,1.1,2014-10-11,1635,Aqua,MODIS,100,6.2,295.3,58,N,0
-19.0107,129.101,307,1.2,1.1,2014-10-11,1635,Aqua,MODIS,46,6.2,290.8,8.4,N,0
-19.0206,129.0992,311.5,1.2,1.1,2014-10-11,1635,Aqua,MODIS,45,6.2,290.9,11.9,N,0
-18.9272,129.0868,331.8,1.2,1.1,2014-10-11,1635,Aqua,MODIS,100,6.2,296.2,40,N,0
-17.3076,130.2278,312.2,1.1,1.1,2014-10-11,1635,Aqua,MODIS,82,6.2,296,11.5,N,0
-18.9594,129.0983,319.5,1.2,1.1,2014-10-11,1635,Aqua,MODIS,99,6.2,293.9,20.6,N,0
-17.3138,130.205,310.3,1.1,1.1,2014-10-11,1635,Aqua,MODIS,52,6.2,295.7,8.9,N,0
-17.5497,130.3465,306.7,1.1,1.1,2014-10-11,1635,Aqua,MODIS,65,6.2,296.5,6.4,N,0
-17.3026,130.196,324.1,1.1,1.1,2014-10-11,1635,Aqua,MODIS,100,6.2,294.7,24,N,0
-18.9173,129.0886,316.4,1.2,1.1,2014-10-11,1635,Aqua,MODIS,93,6.2,293.8,17.7,N,0
-17.3042,130.2066,315.1,1.1,1.1,2014-10-11,1635,Aqua,MODIS,89,6.2,294.9,13.9,N,0
-17.3059,130.2172,309.1,1.1,1.1,2014-10-11,1635,Aqua,MODIS,72,6.2,295.2,8.6,N,0
-17.4875,130.2604,312.2,1.1,1.1,2014-10-11,1635,Aqua,MODIS,82,6.2,296.9,10.8,N,0
-18.9396,129.1018,323.3,1.2,1.1,2014-10-11,1635,Aqua,MODIS,100,6.2,296.3,25.3,N,0
-18.9377,129.0902,322.3,1.2,1.1,2014-10-11,1635,Aqua,MODIS,100,6.2,295.3,24,N,0
-18.9389,129.0967,339,1.2,1.1,2014-10-11,1635,Aqua,MODIS,100,6.2,297,54.2,N,0
-18.929,129.0985,316.4,1.2,1.1,2014-10-11,1635,Aqua,MODIS,83,6.2,295.8,16.9,N,0
-19.0329,129.1032,304,1.2,1.1,2014-10-11,1635,Aqua,MODIS,25,6.2,289.3,6.3,N,0
-18.9154,129.077,303.4,1.2,1.1,2014-10-11,1635,Aqua,MODIS,16,6.2,292.7,5.9,N,0
-16.8979,127.428,310.5,1.7,1.3,2014-10-11,1635,Aqua,MODIS,80,6.2,296.4,13.8,N,0
-16.9003,127.4333,307.5,1.7,1.3,2014-10-11,1635,Aqua,MODIS,71,6.2,296.3,9.6,N,0
-19.2085,133.3141,307.5,1,1,2014-10-11,1635,Aqua,MODIS,52,6.2,294.9,6.9,N,0
-19.2356,133.3233,306,1,1,2014-10-11,1635,Aqua,MODIS,22,6.2,295.7,5.3,N,0
-17.5921,139.6951,312.4,2.4,1.5,2014-10-11,1635,Aqua,MODIS,85,6.2,295.1,38.3,N,0
-17.6057,139.6935,311.8,2.4,1.5,2014-10-11,1635,Aqua,MODIS,83,6.2,294.3,38.1,N,0
-17.6408,132.7074,307.9,1,1,2014-10-11,1635,Aqua,MODIS,70,6.2,296.1,6.8,N,0
-17.8196,132.6094,325.2,1,1,2014-10-11,1635,Aqua,MODIS,100,6.2,297.6,20.2,N,0
-17.8271,132.6016,326.9,1,1,2014-10-11,1635,Aqua,MODIS,100,6.2,299,22.5,N,0
-17.8348,132.5908,310,1,1,2014-10-11,1635,Aqua,MODIS,53,6.2,297.4,6.9,N,0
-17.7217,132.573,323.1,1,1,2014-10-11,1635,Aqua,MODIS,100,6.2,297.2,19.1,N,0
-17.7114,132.565,343.6,1,1,2014-10-11,1635,Aqua,MODIS,100,6.2,297.7,47.7,N,0
-17.7037,132.5758,332,1,1,2014-10-11,1635,Aqua,MODIS,100,6.2,298.9,29.3,N,0
-17.7024,132.5664,317.4,1,1,2014-10-11,1635,Aqua,MODIS,95,6.2,296.6,13.1,N,0
-17.8183,132.6,335.1,1,1,2014-10-11,1635,Aqua,MODIS,100,6.2,298.6,32.9,N,0
-17.4873,132.9164,314.8,1,1,2014-10-11,1635,Aqua,MODIS,89,6.2,297.8,10.9,N,0
-17.7837,132.615,315.5,1,1,2014-10-11,1635,Aqua,MODIS,91,6.2,296.8,11.7,N,0
-17.8361,132.6002,313,1,1,2014-10-11,1635,Aqua,MODIS,84,6.2,298,9.1,N,0
-17.7927,132.6136,321.9,1,1,2014-10-11,1635,Aqua,MODIS,100,6.2,298.1,17.3,N,0
-17.8016,132.6122,324.1,1,1,2014-10-11,1635,Aqua,MODIS,100,6.2,298.3,19.7,N,0
-17.6948,132.5772,308.5,1,1,2014-10-11,1635,Aqua,MODIS,35,6.2,296.6,5.9,N,0
-17.6781,132.5894,309.3,1,1,2014-10-11,1635,Aqua,MODIS,28,6.2,297,6.2,N,0
-18.4327,131.8366,305.8,1,1,2014-10-11,1635,Aqua,MODIS,66,6.2,294.5,6.1,N,0
-18.3782,131.9035,303.5,1,1,2014-10-11,1635,Aqua,MODIS,55,6.2,292.8,4.9,N,0
-18.3796,131.9129,313.9,1,1,2014-10-11,1635,Aqua,MODIS,88,6.2,295,12,N,0
-17.7305,132.5658,321.4,1,1,2014-10-11,1635,Aqua,MODIS,100,6.2,297.5,17.4,N,0
-18.3886,131.9115,317.2,1,1,2014-10-11,1635,Aqua,MODIS,95,6.2,295.1,14.6,N,0
-17.7127,132.5744,350.3,1,1,2014-10-11,1635,Aqua,MODIS,100,6.2,298.9,60.9,N,0
-17.7203,132.5636,346.7,1,1,2014-10-11,1635,Aqua,MODIS,100,6.2,299.3,53.8,N,0
-18.4043,131.8315,311.6,1,1,2014-10-11,1635,Aqua,MODIS,83,6.2,295,9.8,N,0
-17.8106,132.6108,330.3,1,1,2014-10-11,1635,Aqua,MODIS,100,6.2,298.4,26.6,N,0
-17.8003,132.6028,318,1,1,2014-10-11,1635,Aqua,MODIS,96,6.2,297.3,13.5,N,0
-17.8093,132.6014,335.4,1,1,2014-10-11,1635,Aqua,MODIS,100,6.2,298.4,33.5,N,0
-22.9304,128.12,310.1,1.2,1.1,2014-10-11,1636,Aqua,MODIS,79,6.2,289.6,14.2,N,0
-22.9309,128.1142,302.5,1.2,1.1,2014-10-11,1636,Aqua,MODIS,50,6.2,290.5,8.4,N,0
-22.9329,128.126,301.6,1.2,1.1,2014-10-11,1636,Aqua,MODIS,43,6.2,287.6,7.6,N,0
-30.8583,121.5044,305.1,2.3,1.5,2014-10-11,1639,Aqua,MODIS,63,6.2,286.7,27.7,N,2
-30.8663,121.4947,307.8,2.3,1.5,2014-10-11,1639,Aqua,MODIS,73,6.2,286.7,31.9,N,2
-21.4909,117.319,359.3,4.1,1.9,2014-10-11,1814,Aqua,MODIS,100,6.2,296.2,638.4,N,0
-21.4901,117.3628,354.4,4.1,1.9,2014-10-11,1814,Aqua,MODIS,100,6.2,297.7,553.3,N,0
-21.5071,117.3612,321.5,4.1,1.9,2014-10-11,1814,Aqua,MODIS,100,6.2,292.8,146.2,N,0
-21.4771,117.3601,314.8,4.1,1.9,2014-10-11,1814,Aqua,MODIS,90,6.2,294.5,90.7,N,0
-21.4941,117.3583,364,4.1,1.9,2014-10-11,1814,Aqua,MODIS,100,6.2,299,745.7,N,0
-21.5111,117.3566,306.7,4.1,1.9,2014-10-11,1814,Aqua,MODIS,69,6.2,292,56.1,N,0
-21.4867,117.3235,362.2,4.1,1.9,2014-10-11,1814,Aqua,MODIS,100,6.2,297.4,703.1,N,0
-21.4739,117.3207,310.3,4.1,1.9,2014-10-11,1814,Aqua,MODIS,69,6.2,293.2,63.8,N,0
-21.5079,117.3172,308.9,4.1,1.9,2014-10-11,1814,Aqua,MODIS,76,6.2,292.4,65.7,N,0
-21.5037,117.3219,332.4,4.1,1.9,2014-10-11,1814,Aqua,MODIS,100,6.2,293.9,242.3,N,0
-12.1974,141.8391,317.8,3.3,1.7,2014-10-12,0020,Terra,MODIS,68,6.2,297.2,46.9,D,0
-14.6159,144.272,325.6,1.9,1.4,2014-10-12,0021,Terra,MODIS,73,6.2,302.3,32.2,D,0
-15.427,143.7295,320.6,2,1.4,2014-10-12,0021,Terra,MODIS,32,6.2,303,19.7,D,0
-15.4394,143.7272,373.6,2,1.4,2014-10-12,0021,Terra,MODIS,100,6.2,305.9,332.8,D,0
-15.4519,143.725,357.6,2,1.4,2014-10-12,0021,Terra,MODIS,98,6.2,303.2,196.4,D,0
-15.4279,143.7224,321.9,2,1.4,2014-10-12,0021,Terra,MODIS,34,6.2,303.4,22.5,D,0
-15.4403,143.7202,379.2,2,1.4,2014-10-12,0021,Terra,MODIS,100,6.2,306.2,392.5,D,0
-15.4437,143.7389,329,2,1.4,2014-10-12,0021,Terra,MODIS,68,6.2,302.8,45.2,D,0
-15.4528,143.718,357.9,2,1.4,2014-10-12,0021,Terra,MODIS,98,6.2,302,197.5,D,0
-15.4561,143.7367,326.7,2,1.4,2014-10-12,0021,Terra,MODIS,69,6.2,302.1,39.3,D,0
-15.4652,143.7157,340.7,2,1.4,2014-10-12,0021,Terra,MODIS,88,6.2,301.7,97.9,D,0
-15.4685,143.7344,346.2,2,1.4,2014-10-12,0021,Terra,MODIS,92,6.2,302.7,126.1,D,0
-14.1888,143.4922,320,2.2,1.5,2014-10-12,0021,Terra,MODIS,55,6.2,301.9,20.5,D,0
-14.5478,144.4415,337.9,1.9,1.3,2014-10-12,0021,Terra,MODIS,87,6.2,302.6,70,D,0
-14.4028,144.4207,319.3,1.9,1.3,2014-10-12,0021,Terra,MODIS,28,6.2,303.1,16.6,D,0
-14.3907,144.4227,327.6,1.9,1.3,2014-10-12,0021,Terra,MODIS,74,6.2,302.2,39.6,D,0
-14.3998,144.4034,322.5,1.9,1.3,2014-10-12,0021,Terra,MODIS,55,6.2,302.2,24.4,D,0
-14.5508,144.4589,318.9,1.9,1.3,2014-10-12,0021,Terra,MODIS,29,6.2,301.5,10.6,D,0
-14.6127,144.2794,335,1.9,1.4,2014-10-12,0021,Terra,MODIS,84,6.2,302.5,63,D,0
-14.6156,144.2971,320.8,1.9,1.4,2014-10-12,0021,Terra,MODIS,57,6.2,302.5,17.1,D,0
-14.5435,144.454,324.9,1.9,1.3,2014-10-12,0021,Terra,MODIS,72,6.2,302.4,25.8,D,0
-14.5405,144.4369,328.9,1.9,1.3,2014-10-12,0021,Terra,MODIS,78,6.2,302.7,37.9,D,0
-14.619,144.2896,327.7,1.9,1.4,2014-10-12,0021,Terra,MODIS,76,6.2,302.7,38.3,D,0
-14.3937,144.44,326.8,1.9,1.3,2014-10-12,0021,Terra,MODIS,76,6.2,301.7,38,D,0
-15.4776,143.7135,352.8,2,1.4,2014-10-12,0021,Terra,MODIS,96,6.2,302.5,165.6,D,0
-15.4809,143.7321,325.2,2,1.4,2014-10-12,0021,Terra,MODIS,70,6.2,301.6,36.5,D,0
-15.4901,143.7112,331.1,2,1.4,2014-10-12,0021,Terra,MODIS,79,6.2,303,55.6,D,0
-12.5349,141.9328,318.3,3.2,1.7,2014-10-12,0021,Terra,MODIS,40,6.2,300.9,35.3,D,0
-13.4922,141.7174,315.1,3.2,1.7,2014-10-12,0021,Terra,MODIS,30,6.2,298,22.7,D,0
-14.8579,142.5843,330.4,2.5,1.5,2014-10-12,0021,Terra,MODIS,77,6.2,306.9,55.4,D,0
-14.862,142.6078,325.8,2.5,1.5,2014-10-12,0021,Terra,MODIS,32,6.2,305.6,33.7,D,0
-13.4951,141.7408,327.6,3.1,1.7,2014-10-12,0021,Terra,MODIS,78,6.2,298.9,90.2,D,0
-13.4974,141.7463,325.7,3.1,1.7,2014-10-12,0021,Terra,MODIS,76,6.2,298.7,76.2,D,0
-15.4868,143.6924,344.8,2,1.4,2014-10-12,0021,Terra,MODIS,91,6.2,302.2,118.4,D,0
-15.5404,143.6189,319.5,2.1,1.4,2014-10-12,0021,Terra,MODIS,56,6.2,297.7,26.4,D,0
-15.4487,143.7061,342.9,2,1.4,2014-10-12,0021,Terra,MODIS,90,6.2,299.6,105.5,D,0
-15.513,143.6819,364.1,2,1.4,2014-10-12,0021,Terra,MODIS,100,6.2,305.8,247.1,D,0
-15.5596,143.6545,360.1,2.1,1.4,2014-10-12,0021,Terra,MODIS,100,6.2,302.7,218.7,D,0
-15.5346,143.6588,328.1,2.1,1.4,2014-10-12,0021,Terra,MODIS,76,6.2,300.1,47,D,0
-15.5721,143.6522,350.4,2.1,1.4,2014-10-12,0021,Terra,MODIS,95,6.2,301.8,153.4,D,0
-15.5754,143.671,320.7,2,1.4,2014-10-12,0021,Terra,MODIS,61,6.2,301.1,26,D,0
-14.6224,144.3792,327.1,1.9,1.3,2014-10-12,0021,Terra,MODIS,58,6.2,305,30.6,D,0
-15.5255,143.6797,354.7,2,1.4,2014-10-12,0021,Terra,MODIS,97,6.2,303.5,177.8,D,0
-15.5209,143.667,362.6,2.1,1.4,2014-10-12,0021,Terra,MODIS,100,6.2,301.2,238.2,D,0
-15.1507,144.9512,323.8,1.7,1.3,2014-10-12,0021,Terra,MODIS,57,6.2,297.9,23.4,D,0
-15.5096,143.6632,343.9,2.1,1.4,2014-10-12,0021,Terra,MODIS,91,6.2,299.1,114,D,0
-12.5228,141.9422,316.5,3.2,1.7,2014-10-12,0021,Terra,MODIS,50,6.2,299,26.2,D,0
-15.5471,143.6566,349.3,2.1,1.4,2014-10-12,0021,Terra,MODIS,94,6.2,302,143.6,D,0
-14.371,142.3269,318.9,2.7,1.6,2014-10-12,0021,Terra,MODIS,35,6.2,301.8,22.8,D,0
-15.5334,143.6647,330.5,2.1,1.4,2014-10-12,0021,Terra,MODIS,78,6.2,300.7,55.2,D,0
-15.5025,143.709,321.2,2,1.4,2014-10-12,0021,Terra,MODIS,59,6.2,302.4,23.8,D,0
-15.496,143.6713,344.9,2.1,1.4,2014-10-12,0021,Terra,MODIS,91,6.2,300.6,120.4,D,0
-15.5242,143.6858,346.8,2,1.4,2014-10-12,0021,Terra,MODIS,92,6.2,303.3,128.2,D,0
-15.4362,143.7084,347.5,2,1.4,2014-10-12,0021,Terra,MODIS,93,6.2,302.5,129,D,0
-15.5221,143.661,337.5,2.1,1.4,2014-10-12,0021,Terra,MODIS,86,6.2,298.7,83.1,D,0
-15.4992,143.6902,360.9,2,1.4,2014-10-12,0021,Terra,MODIS,100,6.2,305.4,223.5,D,0
-15.5117,143.688,363.8,2,1.4,2014-10-12,0021,Terra,MODIS,100,6.2,304.9,246.5,D,0
-15.1806,143.4481,327.9,2.2,1.4,2014-10-12,0021,Terra,MODIS,58,6.2,303,40.7,D,0
-15.5085,143.6692,359.4,2.1,1.4,2014-10-12,0021,Terra,MODIS,99,6.2,301.2,214,D,0
-14.4327,144.4509,318.8,1.9,1.3,2014-10-12,0021,Terra,MODIS,27,6.2,302.8,13.3,D,0
-16.7373,141.2812,323.8,2.9,1.6,2014-10-12,0022,Terra,MODIS,59,6.2,304,40.3,D,0
-21.0596,148.0199,368.8,1,1,2014-10-12,0023,Terra,MODIS,100,6.2,306.6,98.6,D,0
-21.0581,148.0101,347.5,1,1,2014-10-12,0023,Terra,MODIS,93,6.2,306.9,41.2,D,0
-21.0491,148.0116,350.8,1,1,2014-10-12,0023,Terra,MODIS,95,6.2,306.7,48.2,D,0
-21.1796,148.0824,327.4,1,1,2014-10-12,0023,Terra,MODIS,40,6.2,306,11.6,D,0
-21.1616,148.0854,329.7,1,1,2014-10-12,0023,Terra,MODIS,67,6.2,305,14.4,D,0
-21.181,148.092,330.6,1,1,2014-10-12,0023,Terra,MODIS,70,6.2,304.5,16.9,D,0
-21.1901,148.0905,335.9,1,1,2014-10-12,0023,Terra,MODIS,84,6.2,303.7,25,D,0
-21.1886,148.0809,343.4,1,1,2014-10-12,0023,Terra,MODIS,90,6.2,303.7,36.4,D,0
-22.3404,145.5675,332,1.2,1.1,2014-10-12,0023,Terra,MODIS,55,6.2,308.1,18.8,D,0
-22.3695,145.562,374.6,1.2,1.1,2014-10-12,0023,Terra,MODIS,100,6.2,305.6,150.2,D,0
-22.352,145.5771,351,1.2,1.1,2014-10-12,0023,Terra,MODIS,94,6.2,306.6,63.3,D,0
-22.3774,145.5488,329.8,1.2,1.1,2014-10-12,0023,Terra,MODIS,60,6.2,304.7,18.6,D,0
-22.3501,145.5657,356.9,1.2,1.1,2014-10-12,0023,Terra,MODIS,98,6.2,309.4,79.6,D,0
-22.3366,145.5447,330.6,1.2,1.1,2014-10-12,0023,Terra,MODIS,67,6.2,305.9,15.9,D,0
-22.2809,145.5849,339.5,1.2,1.1,2014-10-12,0023,Terra,MODIS,85,6.2,307.4,33,D,0
-22.3598,145.5639,386.9,1.2,1.1,2014-10-12,0023,Terra,MODIS,100,6.2,310.7,214.5,D,0
-22.2693,145.5753,339.5,1.2,1.1,2014-10-12,0023,Terra,MODIS,84,6.2,307.3,31.9,D,0
-22.2925,145.5944,338.9,1.2,1.1,2014-10-12,0023,Terra,MODIS,84,6.2,307.2,33.1,D,0
-22.3269,145.5465,332.3,1.2,1.1,2014-10-12,0023,Terra,MODIS,75,6.2,306.7,19.6,D,0
-22.3307,145.5694,328.3,1.2,1.1,2014-10-12,0023,Terra,MODIS,52,6.2,307.5,13.6,D,0
-22.3755,145.5373,331,1.2,1.1,2014-10-12,0023,Terra,MODIS,67,6.2,304.8,19.7,D,0
-22.3385,145.5561,335.3,1.2,1.1,2014-10-12,0023,Terra,MODIS,80,6.2,307.5,23.5,D,0
-22.3714,145.5734,331.2,1.2,1.1,2014-10-12,0023,Terra,MODIS,74,6.2,304.3,20.6,D,0
-22.3617,145.5753,375.9,1.2,1.1,2014-10-12,0023,Terra,MODIS,100,6.2,308.9,155.8,D,0
-22.3463,145.5428,327.1,1.2,1.1,2014-10-12,0023,Terra,MODIS,52,6.2,305.3,11.3,D,0
-22.2906,145.5831,336.7,1.2,1.1,2014-10-12,0023,Terra,MODIS,78,6.2,308.8,27,D,0
-22.3423,145.5789,328.4,1.2,1.1,2014-10-12,0023,Terra,MODIS,60,6.2,305.6,14.6,D,0
-22.3288,145.558,333,1.2,1.1,2014-10-12,0023,Terra,MODIS,76,6.2,307.5,20.3,D,0
-22.3482,145.5543,331.2,1.2,1.1,2014-10-12,0023,Terra,MODIS,68,6.2,307,17.3,D,0
-22.2674,145.5639,330.2,1.2,1.1,2014-10-12,0023,Terra,MODIS,64,6.2,307.1,14,D,0
-25.6131,148.9178,319.4,1,1,2014-10-12,0024,Terra,MODIS,42,6.2,300.4,9.6,D,0
-27.4608,152.3331,315.6,1.6,1.3,2014-10-12,0024,Terra,MODIS,21,6.2,298.6,11.2,D,0
-31.4579,151.2489,326.5,1.6,1.2,2014-10-12,0025,Terra,MODIS,78,6.2,295,44.3,D,0
-29.0644,149.2228,342.3,1.1,1.1,2014-10-12,0025,Terra,MODIS,88,6.2,310.6,37.6,D,0
-29.0659,149.2345,326.7,1.1,1.1,2014-10-12,0025,Terra,MODIS,67,6.2,309.8,10.4,D,0
-31.9233,145.8592,331.9,1,1,2014-10-12,0026,Terra,MODIS,76,6.2,311.7,16.2,D,0
-33.8184,150.8008,314.6,1.6,1.2,2014-10-12,0026,Terra,MODIS,40,6.2,301.9,7.1,D,0
-37.8448,145.2853,312.5,1,1,2014-10-12,0027,Terra,MODIS,46,6.2,300.1,4.9,D,0
-37.6915,145.0344,313.2,1,1,2014-10-12,0027,Terra,MODIS,67,6.2,300.4,3.7,D,0
-38.0093,145.2679,312.3,1,1,2014-10-12,0027,Terra,MODIS,34,6.2,298.4,4,D,0
-37.9037,145.2369,311.7,1,1,2014-10-12,0027,Terra,MODIS,39,6.2,297.9,3.6,D,0
-36.7481,144.1828,356.5,1,1,2014-10-12,0027,Terra,MODIS,98,6.2,308,67.8,D,0
-36.7498,144.194,326.2,1,1,2014-10-12,0027,Terra,MODIS,77,6.2,305.6,14.6,D,0
-42.5937,147.7159,365.4,1.4,1.2,2014-10-12,0028,Terra,MODIS,100,6.2,300.3,156,D,0
-42.5955,147.7331,348,1.4,1.2,2014-10-12,0028,Terra,MODIS,95,6.2,297.6,87.1,D,0
-42.6061,147.7312,310.6,1.4,1.2,2014-10-12,0028,Terra,MODIS,70,6.2,295.1,11.2,D,0
-42.6043,147.7142,309.9,1.4,1.2,2014-10-12,0028,Terra,MODIS,69,6.2,294.9,10.5,D,0
-42.5919,147.9073,304.8,1.4,1.2,2014-10-12,0028,Terra,MODIS,41,6.2,293.5,8,D,0
-13.486,134.3403,341.7,3.2,1.7,2014-10-12,0159,Terra,MODIS,86,6.2,308.2,165,D,0
-13.8044,132.4932,340.1,2.4,1.5,2014-10-12,0159,Terra,MODIS,72,6.2,311.2,91,D,0
-13.3352,131.9407,331.1,2.1,1.4,2014-10-12,0159,Terra,MODIS,65,6.2,313.6,26.5,D,0
-12.9688,130.3325,342.6,1.6,1.2,2014-10-12,0159,Terra,MODIS,74,6.2,307.7,59.5,D,0
-12.9839,130.3539,356.5,1.6,1.2,2014-10-12,0159,Terra,MODIS,97,6.2,308.2,123.6,D,0
-12.982,130.3394,337.2,1.6,1.2,2014-10-12,0159,Terra,MODIS,76,6.2,306.9,46.6,D,0
-12.995,130.3525,335.2,1.6,1.2,2014-10-12,0159,Terra,MODIS,68,6.2,299.5,44.9,D,0
-13.0396,130.3466,326.6,1.6,1.2,2014-10-12,0159,Terra,MODIS,20,6.2,301.7,24.7,D,0
-13.0896,130.3774,336.2,1.6,1.2,2014-10-12,0159,Terra,MODIS,78,6.2,307.2,39.7,D,0
-12.9691,130.3265,331.9,1.6,1.2,2014-10-12,0159,Terra,MODIS,51,6.2,307.7,28.3,D,0
-12.9707,130.3469,330,1.6,1.2,2014-10-12,0159,Terra,MODIS,32,6.2,306,22.3,D,0
-12.9709,130.3409,340.6,1.6,1.2,2014-10-12,0159,Terra,MODIS,84,6.2,307.2,54,D,0
-11.689,130.6012,338.6,1.6,1.2,2014-10-12,0159,Terra,MODIS,43,6.2,298.1,50.2,D,0
-11.717,130.6415,341.3,1.6,1.2,2014-10-12,0159,Terra,MODIS,66,6.2,294.8,60.5,D,0
-11.7059,130.643,328.8,1.6,1.2,2014-10-12,0159,Terra,MODIS,41,6.2,294.3,22.7,D,0
-11.717,130.6358,338.3,1.6,1.2,2014-10-12,0159,Terra,MODIS,0,6.2,294.9,52.5,D,0
-11.6909,130.6156,342.6,1.6,1.2,2014-10-12,0159,Terra,MODIS,79,6.2,299.9,61.6,D,0
-14.7561,133.4206,329.9,2.9,1.6,2014-10-12,0159,Terra,MODIS,70,6.2,309.9,45.2,D,0
-13.7615,134.4823,332.7,3.4,1.7,2014-10-12,0159,Terra,MODIS,73,6.2,310.1,84.8,D,0
-13.7755,134.5051,332.5,3.4,1.7,2014-10-12,0159,Terra,MODIS,73,6.2,308.1,90.3,D,0
-13.772,134.4742,344.6,3.4,1.7,2014-10-12,0159,Terra,MODIS,89,6.2,307.9,202.1,D,0
-11.3685,131.1226,335.7,1.7,1.3,2014-10-12,0159,Terra,MODIS,77,6.2,306.8,49.5,D,0
-11.8808,134.0328,350.8,2.9,1.6,2014-10-12,0159,Terra,MODIS,0,6.2,300.8,259.6,D,0
-11.8655,134.0415,323.1,2.9,1.6,2014-10-12,0159,Terra,MODIS,0,6.2,299.5,49.9,D,0
-12.6773,132.9587,327.8,2.5,1.5,2014-10-12,0159,Terra,MODIS,68,6.2,306.4,39.2,D,0
-11.8801,134.0397,348.2,2.9,1.6,2014-10-12,0159,Terra,MODIS,0,6.2,301.2,228.6,D,0
-11.8662,134.0346,326.7,2.9,1.6,2014-10-12,0159,Terra,MODIS,0,6.2,299.9,67.6,D,0
-11.3276,130.8963,320.3,1.6,1.3,2014-10-12,0159,Terra,MODIS,0,6.2,302,19.5,D,0
-11.3854,131.0733,341.5,1.7,1.3,2014-10-12,0159,Terra,MODIS,83,6.2,304.1,71.2,D,0
-12.4953,132.4076,332.1,2.2,1.4,2014-10-12,0159,Terra,MODIS,0,6.2,313,40.8,D,0
-15.632,125.4059,365.9,1,1,2014-10-12,0200,Terra,MODIS,100,6.2,310.6,89.2,D,0
-15.6333,125.4152,349.6,1,1,2014-10-12,0200,Terra,MODIS,93,6.2,307.3,47.7,D,0
-15.641,125.4046,363.6,1,1,2014-10-12,0200,Terra,MODIS,100,6.2,308.3,82,D,0
-15.6892,125.4827,330.9,1,1,2014-10-12,0200,Terra,MODIS,69,6.2,308,15.3,D,0
-15.6306,125.3966,335.3,1,1,2014-10-12,0200,Terra,MODIS,78,6.2,309.3,21.6,D,0
-15.6396,125.3953,353.3,1,1,2014-10-12,0200,Terra,MODIS,95,6.2,308.9,54.7,D,0
-17.3598,132.8161,333,2.8,1.6,2014-10-12,0200,Terra,MODIS,52,6.2,309.3,57.4,D,0
-17.3992,132.8852,335.7,2.8,1.6,2014-10-12,0200,Terra,MODIS,37,6.2,307.6,76.6,D,0
-17.402,132.912,338.7,2.9,1.6,2014-10-12,0200,Terra,MODIS,64,6.2,305.9,108.3,D,0
-17.4166,132.9104,364,2.9,1.6,2014-10-12,0200,Terra,MODIS,100,6.2,309.3,362.8,D,0
-17.4194,132.9372,383.7,2.9,1.6,2014-10-12,0200,Terra,MODIS,100,6.2,308,707.3,D,0
-17.4311,132.9087,335.1,2.9,1.6,2014-10-12,0200,Terra,MODIS,64,6.2,308.2,68.3,D,0
-17.434,132.9355,350.1,2.9,1.6,2014-10-12,0200,Terra,MODIS,93,6.2,306.7,203.9,D,0
-17.4369,132.9626,340.7,2.9,1.6,2014-10-12,0200,Terra,MODIS,85,6.2,303.7,134.9,D,0
-17.4486,132.9339,347.6,2.9,1.6,2014-10-12,0200,Terra,MODIS,91,6.2,309,174.7,D,0
-17.4515,132.961,355.6,2.9,1.6,2014-10-12,0200,Terra,MODIS,97,6.2,306,278.1,D,0
-17.4632,132.9323,347.3,2.9,1.6,2014-10-12,0200,Terra,MODIS,91,6.2,309.6,170.7,D,0
-17.4325,132.9031,334.2,2.9,1.6,2014-10-12,0200,Terra,MODIS,72,6.2,308.4,56.6,D,0
-17.4352,132.9299,344.9,2.9,1.6,2014-10-12,0200,Terra,MODIS,86,6.2,307.4,148.1,D,0
-17.438,132.957,344.8,2.9,1.6,2014-10-12,0200,Terra,MODIS,88,6.2,304.7,163.1,D,0
-17.4498,132.9283,342.4,2.9,1.6,2014-10-12,0200,Terra,MODIS,87,6.2,309.5,125.6,D,0
-17.4526,132.9553,355.6,2.9,1.6,2014-10-12,0200,Terra,MODIS,97,6.2,307,272.2,D,0
-17.4644,132.9266,339.7,2.9,1.6,2014-10-12,0200,Terra,MODIS,82,6.2,309.1,104.4,D,0
-16.8699,127.466,333.8,1.2,1.1,2014-10-12,0200,Terra,MODIS,70,6.2,312.2,14.8,D,0
-16.8632,127.4893,339.9,1.2,1.1,2014-10-12,0200,Terra,MODIS,82,6.2,311.9,30.8,D,0
-16.7503,127.3337,356.9,1.2,1.1,2014-10-12,0200,Terra,MODIS,98,6.2,309.9,73.3,D,0
-17.2171,123.097,335.4,1.1,1,2014-10-12,0200,Terra,MODIS,72,6.2,312.9,18.9,D,0
-17.2264,123.0955,343.2,1.1,1,2014-10-12,0200,Terra,MODIS,85,6.2,311.8,32.4,D,0
-16.7643,127.3647,359.5,1.2,1.1,2014-10-12,0200,Terra,MODIS,99,6.2,306.1,86.1,D,0
-16.7629,127.3539,351.3,1.2,1.1,2014-10-12,0200,Terra,MODIS,93,6.2,307.7,58.8,D,0
-16.9024,127.4661,367.4,1.2,1.1,2014-10-12,0200,Terra,MODIS,100,6.2,313.9,111.2,D,0
-17.2357,123.094,337.5,1.1,1,2014-10-12,0200,Terra,MODIS,76,6.2,310.5,20.9,D,0
-16.9352,127.4168,344.3,1.2,1.1,2014-10-12,0200,Terra,MODIS,87,6.2,312.4,37.8,D,0
-16.9367,127.4278,331.5,1.2,1.1,2014-10-12,0200,Terra,MODIS,46,6.2,310.9,12.8,D,0
-16.9435,127.4047,344.3,1.2,1.1,2014-10-12,0200,Terra,MODIS,87,6.2,312.8,37.8,D,0
-16.8927,127.4677,364.4,1.2,1.1,2014-10-12,0200,Terra,MODIS,100,6.2,314,99.9,D,0
-16.9449,127.4156,330.4,1.2,1.1,2014-10-12,0200,Terra,MODIS,61,6.2,311.1,11.4,D,0
-17.1636,124.1896,334.3,1,1,2014-10-12,0200,Terra,MODIS,35,6.2,312.1,14.5,D,0
-16.8912,127.4566,344.1,1.2,1.1,2014-10-12,0200,Terra,MODIS,81,6.2,312.6,38.6,D,0
-16.8908,127.4744,345,1.2,1.1,2014-10-12,0200,Terra,MODIS,88,6.2,311.4,39.4,D,0
-16.8893,127.4634,371.8,1.2,1.1,2014-10-12,0200,Terra,MODIS,100,6.2,314.6,127,D,0
-16.8729,127.488,357.5,1.2,1.1,2014-10-12,0200,Terra,MODIS,98,6.2,312.3,75.9,D,0
-16.8714,127.4769,371.5,1.2,1.1,2014-10-12,0200,Terra,MODIS,100,6.2,315,126.2,D,0
-16.8535,127.4905,345.3,1.2,1.1,2014-10-12,0200,Terra,MODIS,88,6.2,311.2,44.2,D,0
-16.852,127.4796,346.8,1.2,1.1,2014-10-12,0200,Terra,MODIS,90,6.2,312.5,46.4,D,0
-16.8446,127.425,339.4,1.2,1.1,2014-10-12,0200,Terra,MODIS,82,6.2,311.2,27.8,D,0
-16.8432,127.4141,345.6,1.2,1.1,2014-10-12,0200,Terra,MODIS,89,6.2,312.1,42.1,D,0
-16.8379,127.4482,363.4,1.2,1.1,2014-10-12,0200,Terra,MODIS,100,6.2,311.8,96.6,D,0
-16.8364,127.4373,381,1.2,1.1,2014-10-12,0200,Terra,MODIS,100,6.2,314,174.4,D,0
-16.0023,127.9798,331.1,1.2,1.1,2014-10-12,0200,Terra,MODIS,48,6.2,312.4,11,D,0
-16.7541,127.2898,342,1.1,1.1,2014-10-12,0200,Terra,MODIS,85,6.2,312.7,30,D,0
-16.7585,127.3216,337.6,1.1,1.1,2014-10-12,0200,Terra,MODIS,78,6.2,310.6,22.3,D,0
-16.7526,127.2791,334.4,1.1,1.1,2014-10-12,0200,Terra,MODIS,50,6.2,312.2,15.3,D,0
-16.7562,127.3769,333,1.2,1.1,2014-10-12,0200,Terra,MODIS,70,6.2,304.6,23.6,D,0
-16.7547,127.366,337.1,1.2,1.1,2014-10-12,0200,Terra,MODIS,78,6.2,305.8,29.2,D,0
-16.7533,127.3553,351.2,1.2,1.1,2014-10-12,0200,Terra,MODIS,93,6.2,307,59.5,D,0
-16.7518,127.3445,360.2,1.2,1.1,2014-10-12,0200,Terra,MODIS,100,6.2,308.5,85.7,D,0
-17.174,124.1976,335.7,1,1,2014-10-12,0200,Terra,MODIS,73,6.2,311.4,17.4,D,0
-16.7572,127.1707,332.9,1.1,1.1,2014-10-12,0200,Terra,MODIS,49,6.2,314.3,10.9,D,0
-16.7564,127.2355,333.9,1.1,1.1,2014-10-12,0200,Terra,MODIS,27,6.2,312.5,15.5,D,0
-17.228,123.1055,352.7,1.1,1,2014-10-12,0200,Terra,MODIS,94,6.2,309.4,53.9,D,0
-16.7549,127.2249,361.5,1.1,1.1,2014-10-12,0200,Terra,MODIS,100,6.2,314.1,84,D,0
-16.7535,127.2144,337.6,1.1,1.1,2014-10-12,0200,Terra,MODIS,63,6.2,311.6,22,D,0
-16.752,127.2038,349.9,1.1,1.1,2014-10-12,0200,Terra,MODIS,92,6.2,312.3,48.7,D,0
-16.7506,127.1932,343.3,1.1,1.1,2014-10-12,0200,Terra,MODIS,81,6.2,313.4,31.7,D,0
-16.7474,127.3124,361.9,1.1,1.1,2014-10-12,0200,Terra,MODIS,100,6.2,313.5,88.2,D,0
-17.3602,123.1798,331.7,1.1,1,2014-10-12,0200,Terra,MODIS,33,6.2,311.8,9.6,D,0
-16.7489,127.323,403.3,1.1,1.1,2014-10-12,0200,Terra,MODIS,100,6.2,319.5,311.8,D,0
-17.9297,132.6302,334.6,2.8,1.6,2014-10-12,0200,Terra,MODIS,52,6.2,307.7,77.2,D,0
-17.7953,132.6253,329.5,2.8,1.6,2014-10-12,0200,Terra,MODIS,44,6.2,304.2,40.2,D,0
-18.2403,132.0183,358.7,2.5,1.5,2014-10-12,0200,Terra,MODIS,99,6.2,310.5,237.1,D,0
-18.2377,131.9946,347.3,2.5,1.5,2014-10-12,0200,Terra,MODIS,90,6.2,313.7,127,D,0
-18.2266,132.0198,416.7,2.5,1.5,2014-10-12,0200,Terra,MODIS,100,6.2,315,1334.7,D,0
-17.7889,132.7051,347.8,2.8,1.6,2014-10-12,0200,Terra,MODIS,91,6.2,306.2,177.6,D,0
-17.565,132.8816,335.3,2.9,1.6,2014-10-12,0200,Terra,MODIS,73,6.2,309.3,82.5,D,0
-17.5636,132.8885,347.2,2.9,1.6,2014-10-12,0200,Terra,MODIS,91,6.2,308.8,178.1,D,0
-17.7865,132.7108,345.8,2.8,1.6,2014-10-12,0200,Terra,MODIS,90,6.2,306.9,160.1,D,0
-17.8096,132.6237,328,2.8,1.6,2014-10-12,0200,Terra,MODIS,41,6.2,302.4,35.7,D,0
-17.8498,132.5933,332.2,2.7,1.6,2014-10-12,0200,Terra,MODIS,48,6.2,304.8,64.6,D,0
-17.4778,132.9307,337.2,2.9,1.6,2014-10-12,0200,Terra,MODIS,81,6.2,307.2,87.4,D,0
-17.4672,132.9537,345.1,2.9,1.6,2014-10-12,0200,Terra,MODIS,80,6.2,308.1,165.6,D,0
-17.4808,132.9578,345.6,2.9,1.6,2014-10-12,0200,Terra,MODIS,83,6.2,305.8,172.9,D,0
-17.4818,132.9521,345.4,2.9,1.6,2014-10-12,0200,Terra,MODIS,80,6.2,306.3,171.5,D,0
-17.4964,132.9505,335.5,2.9,1.6,2014-10-12,0200,Terra,MODIS,47,6.2,305.3,97.7,D,0
-17.5053,132.8948,347.9,2.9,1.6,2014-10-12,0200,Terra,MODIS,91,6.2,307.9,180,D,0
-17.5199,132.8932,330.9,2.9,1.6,2014-10-12,0200,Terra,MODIS,67,6.2,304.7,54.6,D,0
-17.4662,132.9594,345.4,2.9,1.6,2014-10-12,0200,Terra,MODIS,85,6.2,307.3,172,D,0
-18.224,131.996,407.6,2.5,1.5,2014-10-12,0200,Terra,MODIS,100,6.2,318.3,1067,D,0
-18.2103,131.9975,348.2,2.5,1.5,2014-10-12,0200,Terra,MODIS,91,6.2,308.6,149.2,D,0
-18.2077,131.974,353.6,2.5,1.5,2014-10-12,0200,Terra,MODIS,93,6.2,311,184.6,D,0
-17.8898,132.694,350.3,2.8,1.6,2014-10-12,0200,Terra,MODIS,93,6.2,301.9,203.7,D,0
-17.9042,132.6925,334.1,2.8,1.6,2014-10-12,0200,Terra,MODIS,60,6.2,301.1,78.9,D,0
-18.3855,131.9419,379.7,2.5,1.5,2014-10-12,0200,Terra,MODIS,100,6.2,312.9,494.5,D,0
-17.9072,132.7188,331.2,2.8,1.6,2014-10-12,0200,Terra,MODIS,66,6.2,296,71.8,D,0
-17.892,132.6871,343.3,2.8,1.6,2014-10-12,0200,Terra,MODIS,87,6.2,300.4,139.7,D,0
-18.425,132.1801,333.7,2.6,1.5,2014-10-12,0200,Terra,MODIS,67,6.2,301.4,90.1,D,0
-18.4224,132.1557,383.5,2.6,1.5,2014-10-12,0200,Terra,MODIS,100,6.2,307.3,623.8,D,0
-18.4198,132.1314,341.6,2.6,1.5,2014-10-12,0200,Terra,MODIS,85,6.2,307.9,121.9,D,0
-18.4172,132.1071,331.9,2.6,1.5,2014-10-12,0200,Terra,MODIS,52,6.2,307.8,51.3,D,0
-17.8947,132.7134,338.2,2.8,1.6,2014-10-12,0200,Terra,MODIS,82,6.2,298.5,111.1,D,0
-17.9064,132.6855,335.7,2.8,1.6,2014-10-12,0200,Terra,MODIS,61,6.2,301.8,83.1,D,0
-17.9092,132.7118,335.3,2.8,1.6,2014-10-12,0200,Terra,MODIS,53,6.2,297.9,88.8,D,0
-17.9181,132.6579,336.7,2.8,1.6,2014-10-12,0200,Terra,MODIS,34,6.2,305.7,86,D,0
-17.9209,132.684,336.5,2.8,1.6,2014-10-12,0200,Terra,MODIS,52,6.2,302.1,86.5,D,0
-17.9236,132.7103,368.5,2.8,1.6,2014-10-12,0200,Terra,MODIS,100,6.2,303.5,424.5,D,0
-17.9264,132.7367,379,2.8,1.6,2014-10-12,0200,Terra,MODIS,100,6.2,299.5,601.9,D,0
-18.189,131.9288,370.8,2.5,1.5,2014-10-12,0200,Terra,MODIS,100,6.2,311.7,358,D,0
-18.4084,132.1573,363.4,2.6,1.5,2014-10-12,0200,Terra,MODIS,100,6.2,307.4,335.6,D,0
-18.4059,132.1329,358.1,2.6,1.5,2014-10-12,0200,Terra,MODIS,98,6.2,310.6,262.2,D,0
-18.1865,131.9056,347.6,2.5,1.5,2014-10-12,0200,Terra,MODIS,91,6.2,314.1,126.5,D,0
-18.1754,131.9303,348.9,2.5,1.5,2014-10-12,0200,Terra,MODIS,92,6.2,310.5,148,D,0
-18.1729,131.9071,348.9,2.5,1.5,2014-10-12,0200,Terra,MODIS,92,6.2,313.6,146,D,0
-18.182,131.9362,367.3,2.5,1.5,2014-10-12,0200,Terra,MODIS,100,6.2,309.4,329.3,D,0
-17.9325,132.6563,353.9,2.8,1.6,2014-10-12,0200,Terra,MODIS,96,6.2,305.7,238.6,D,0
-18.4033,132.1086,340.4,2.6,1.5,2014-10-12,0200,Terra,MODIS,84,6.2,310.1,102.6,D,0
-17.9353,132.6825,344,2.8,1.6,2014-10-12,0200,Terra,MODIS,79,6.2,304.3,149.5,D,0
-17.9409,132.7352,351.1,2.8,1.6,2014-10-12,0200,Terra,MODIS,94,6.2,293.9,224.7,D,0
-18.3992,131.9403,400.5,2.5,1.5,2014-10-12,0200,Terra,MODIS,100,6.2,313.6,890.6,D,0
-17.9469,132.6547,332.2,2.8,1.6,2014-10-12,0200,Terra,MODIS,60,6.2,302.5,65.5,D,0
-18.3232,132.0759,353.7,2.5,1.5,2014-10-12,0200,Terra,MODIS,95,6.2,306.2,198.4,D,0
-18.337,132.0743,394.9,2.5,1.5,2014-10-12,0200,Terra,MODIS,100,6.2,316.4,788.5,D,0
-18.3397,132.0983,373.4,2.5,1.5,2014-10-12,0200,Terra,MODIS,100,6.2,309.1,433.1,D,0
-18.3509,132.0727,349.3,2.5,1.5,2014-10-12,0200,Terra,MODIS,90,6.2,313.5,146,D,0
-18.4017,131.9639,341.9,2.5,1.5,2014-10-12,0200,Terra,MODIS,85,6.2,306.7,105.6,D,0
-17.9525,132.7072,348.4,2.8,1.6,2014-10-12,0200,Terra,MODIS,82,6.2,300.1,202.4,D,0
-18.3535,132.0967,406.1,2.5,1.5,2014-10-12,0200,Terra,MODIS,100,6.2,316.2,1064.6,D,0
-18.3562,132.1208,348.2,2.6,1.5,2014-10-12,0200,Terra,MODIS,91,6.2,304.5,172.2,D,0
-17.9553,132.7336,401.2,2.8,1.6,2014-10-12,0200,Terra,MODIS,100,6.2,303.9,1105.7,D,0
-17.9613,132.6531,386.5,2.8,1.6,2014-10-12,0200,Terra,MODIS,100,6.2,306.6,732.7,D,0
-18.1794,131.913,377.8,2.5,1.5,2014-10-12,0200,Terra,MODIS,100,6.2,315.5,463.1,D,0
-18.3674,132.0952,377.1,2.5,1.5,2014-10-12,0200,Terra,MODIS,100,6.2,313.8,473.6,D,0
-18.3701,132.1193,369.9,2.6,1.5,2014-10-12,0200,Terra,MODIS,100,6.2,309.3,391.2,D,0
-18.3813,132.0936,344.5,2.5,1.5,2014-10-12,0200,Terra,MODIS,81,6.2,310.6,112.4,D,0
-18.384,132.1178,424.1,2.6,1.5,2014-10-12,0200,Terra,MODIS,100,6.2,317.2,1623.4,D,0
-18.3867,132.142,372.2,2.6,1.5,2014-10-12,0200,Terra,MODIS,100,6.2,307.9,435.9,D,0
-18.3428,132.0668,364.3,2.5,1.5,2014-10-12,0200,Terra,MODIS,100,6.2,314.8,292.6,D,0
-17.7371,132.7966,366.5,2.8,1.6,2014-10-12,0200,Terra,MODIS,100,6.2,310.2,391.6,D,0
-17.9154,132.6318,346.1,2.8,1.6,2014-10-12,0200,Terra,MODIS,90,6.2,308,157.9,D,0
-17.9441,132.6286,334.7,2.8,1.6,2014-10-12,0200,Terra,MODIS,72,6.2,307,81.7,D,0
-17.9584,132.627,364.5,2.8,1.6,2014-10-12,0200,Terra,MODIS,100,6.2,309.4,364.4,D,0
-17.9468,132.6227,334.5,2.8,1.6,2014-10-12,0200,Terra,MODIS,65,6.2,307.5,80.6,D,0
-18.3017,132.0059,343,2.5,1.5,2014-10-12,0200,Terra,MODIS,87,6.2,315.1,87.4,D,0
-18.3453,132.0909,403.4,2.5,1.5,2014-10-12,0200,Terra,MODIS,100,6.2,317.7,1005.3,D,0
-17.9611,132.621,344.6,2.8,1.6,2014-10-12,0200,Terra,MODIS,89,6.2,308.8,157.1,D,0
-18.3477,132.115,347.8,2.6,1.5,2014-10-12,0200,Terra,MODIS,91,6.2,305.7,174,D,0
-18.3591,132.0893,373.3,2.5,1.5,2014-10-12,0200,Terra,MODIS,100,6.2,314.2,422,D,0
-18.4759,132.0706,335,2.5,1.5,2014-10-12,0200,Terra,MODIS,76,6.2,311.6,63.6,D,0
-18.4897,132.069,365.6,2.5,1.5,2014-10-12,0200,Terra,MODIS,100,6.2,313.7,323.6,D,0
-18.4923,132.0932,438.5,2.6,1.5,2014-10-12,0200,Terra,MODIS,100,6.2,322,2187,D,0
-18.4949,132.1175,372.3,2.6,1.5,2014-10-12,0200,Terra,MODIS,100,6.2,307.4,428,D,0
-18.5036,132.0675,335.4,2.5,1.5,2014-10-12,0200,Terra,MODIS,77,6.2,310,64.7,D,0
-18.0385,131.9583,353.6,2.5,1.5,2014-10-12,0200,Terra,MODIS,96,6.2,311.1,190.1,D,0
-17.7398,132.8233,353.9,2.8,1.6,2014-10-12,0200,Terra,MODIS,96,6.2,307,242.7,D,0
-17.7384,132.8302,336.7,2.8,1.6,2014-10-12,0200,Terra,MODIS,77,6.2,306.6,90.5,D,0
-17.7354,132.8036,378.9,2.8,1.6,2014-10-12,0200,Terra,MODIS,100,6.2,310.4,587.1,D,0
-18.3754,131.8485,355.5,2.4,1.5,2014-10-12,0200,Terra,MODIS,97,6.2,313,189,D,0
-18.3829,131.9184,366.3,2.5,1.5,2014-10-12,0200,Terra,MODIS,100,6.2,315.5,307.2,D,0
-18.3865,131.8241,339.3,2.4,1.5,2014-10-12,0200,Terra,MODIS,82,6.2,312.6,71.9,D,0
-18.3616,132.1134,380.4,2.6,1.5,2014-10-12,0200,Terra,MODIS,100,6.2,309.6,550.5,D,0
-18.373,132.0877,340.9,2.5,1.5,2014-10-12,0200,Terra,MODIS,72,6.2,311.4,94.5,D,0
-18.389,131.8471,332.3,2.4,1.5,2014-10-12,0200,Terra,MODIS,37,6.2,312.2,30.8,D,0
-18.3966,131.9169,347.1,2.5,1.5,2014-10-12,0200,Terra,MODIS,90,6.2,312.6,129.6,D,0
-18.4137,131.8211,338,2.4,1.5,2014-10-12,0200,Terra,MODIS,80,6.2,311.2,72.7,D,0
-18.4162,131.8441,335.3,2.4,1.5,2014-10-12,0200,Terra,MODIS,70,6.2,311.5,56.3,D,0
-18.4299,131.8426,331.7,2.4,1.5,2014-10-12,0200,Terra,MODIS,65,6.2,310,41.8,D,0
-18.4077,131.8163,334.2,2.4,1.5,2014-10-12,0200,Terra,MODIS,74,6.2,310.6,53.2,D,0
-17.9494,132.6489,334.5,2.8,1.6,2014-10-12,0200,Terra,MODIS,66,6.2,304,80.5,D,0
-17.9547,132.7014,338.9,2.8,1.6,2014-10-12,0200,Terra,MODIS,77,6.2,299.1,116,D,0
-17.9573,132.7279,378.6,2.8,1.6,2014-10-12,0200,Terra,MODIS,100,6.2,302.5,599.2,D,0
-17.9638,132.6472,394.8,2.8,1.6,2014-10-12,0200,Terra,MODIS,100,6.2,308.8,919.4,D,0
-18.41,131.8393,331.3,2.4,1.5,2014-10-12,0200,Terra,MODIS,59,6.2,311.8,37.1,D,0
-18.4236,131.8378,337,2.4,1.5,2014-10-12,0200,Terra,MODIS,79,6.2,310.8,69.6,D,0
-17.9664,132.6735,337.6,2.8,1.6,2014-10-12,0200,Terra,MODIS,81,6.2,300.6,109.6,D,0
-18.3755,132.1118,408.6,2.6,1.5,2014-10-12,0200,Terra,MODIS,100,6.2,315.6,1147.5,D,0
-18.378,132.1361,368.3,2.6,1.5,2014-10-12,0200,Terra,MODIS,100,6.2,307.6,385,D,0
-17.9718,132.7263,326.2,2.8,1.6,2014-10-12,0200,Terra,MODIS,33,6.2,293.4,51.8,D,0
-18.3894,132.1103,364.3,2.6,1.5,2014-10-12,0200,Terra,MODIS,100,6.2,310.9,315,D,0
-18.3919,132.1345,382.4,2.6,1.5,2014-10-12,0200,Terra,MODIS,100,6.2,310.2,589.6,D,0
-18.1631,131.8915,333,2.4,1.5,2014-10-12,0200,Terra,MODIS,74,6.2,311.4,49,D,0
-17.9292,132.7633,329.8,2.8,1.6,2014-10-12,0200,Terra,MODIS,51,6.2,283.4,59.7,D,0
-17.9437,132.7617,358.8,2.8,1.6,2014-10-12,0200,Terra,MODIS,93,6.2,293.5,314.8,D,0
-17.9582,132.7602,410,2.8,1.6,2014-10-12,0200,Terra,MODIS,100,6.2,304,1381.7,D,0
-17.96,132.7545,404.2,2.8,1.6,2014-10-12,0200,Terra,MODIS,100,6.2,305.3,1206.3,D,0
-17.9626,132.7812,334.4,2.8,1.6,2014-10-12,0200,Terra,MODIS,52,6.2,293.7,102.5,D,0
-17.6303,132.9237,333,2.9,1.6,2014-10-12,0200,Terra,MODIS,56,6.2,306.4,72.7,D,0
-17.6291,132.9292,338.2,2.9,1.6,2014-10-12,0200,Terra,MODIS,81,6.2,306.1,111.5,D,0
-17.5678,132.9085,357.2,2.9,1.6,2014-10-12,0200,Terra,MODIS,98,6.2,306.5,287.4,D,0
-17.5666,132.9155,349.6,2.9,1.6,2014-10-12,0200,Terra,MODIS,93,6.2,305.6,208.1,D,0
-17.5025,132.8681,341.2,2.8,1.6,2014-10-12,0200,Terra,MODIS,85,6.2,306.9,120.6,D,0
-17.758,132.5827,337.8,2.7,1.6,2014-10-12,0200,Terra,MODIS,77,6.2,307.5,88.9,D,0
-17.7723,132.5811,350,2.7,1.6,2014-10-12,0200,Terra,MODIS,93,6.2,307.4,185.8,D,0
-17.7751,132.6068,370.2,2.7,1.6,2014-10-12,0200,Terra,MODIS,100,6.2,308.8,420.5,D,0
-17.7894,132.6052,356.8,2.7,1.6,2014-10-12,0200,Terra,MODIS,98,6.2,304.7,254.1,D,0
-17.7614,132.5769,342,2.7,1.6,2014-10-12,0200,Terra,MODIS,86,6.2,307.4,120.7,D,0
-17.764,132.6026,339.2,2.7,1.6,2014-10-12,0200,Terra,MODIS,81,6.2,308.7,94.5,D,0
-17.7757,132.5753,333.3,2.7,1.6,2014-10-12,0200,Terra,MODIS,64,6.2,305,65.7,D,0
-17.7783,132.601,369.5,2.7,1.6,2014-10-12,0200,Terra,MODIS,100,6.2,308.3,411.4,D,0
-17.7809,132.6268,332.6,2.8,1.6,2014-10-12,0200,Terra,MODIS,51,6.2,308,52.4,D,0
-17.7926,132.5994,345.2,2.7,1.6,2014-10-12,0200,Terra,MODIS,89,6.2,302.9,150.2,D,0
-18.3404,132.0429,340,2.5,1.5,2014-10-12,0200,Terra,MODIS,82,6.2,313.6,69,D,0
-18.3344,132.0504,343.6,2.5,1.5,2014-10-12,0200,Terra,MODIS,66,6.2,313,93.8,D,0
-18.3318,132.0266,337,2.5,1.5,2014-10-12,0200,Terra,MODIS,63,6.2,313.9,43.5,D,0
-18.3206,132.0519,437.6,2.5,1.5,2014-10-12,0200,Terra,MODIS,100,6.2,319.4,2093.9,D,0
-18.318,132.0281,370,2.5,1.5,2014-10-12,0200,Terra,MODIS,100,6.2,315.1,348.2,D,0
-18.3068,132.0535,394.9,2.5,1.5,2014-10-12,0200,Terra,MODIS,100,6.2,312.7,786.6,D,0
-18.3043,132.0296,416.4,2.5,1.5,2014-10-12,0200,Terra,MODIS,100,6.2,320,1316.5,D,0
-16.7199,127.1116,334.6,1.1,1.1,2014-10-12,0200,Terra,MODIS,55,6.2,311.1,18,D,0
-16.7447,126.9746,369.6,1.1,1.1,2014-10-12,0200,Terra,MODIS,100,6.2,313.8,110.1,D,0
-16.7433,126.9643,342.7,1.1,1,2014-10-12,0200,Terra,MODIS,83,6.2,312.7,29.2,D,0
-16.7419,126.954,335.5,1.1,1,2014-10-12,0200,Terra,MODIS,48,6.2,313.1,15.3,D,0
-17.3479,123.2226,332.2,1.1,1,2014-10-12,0200,Terra,MODIS,38,6.2,311.8,10.1,D,0
-15.6775,125.4654,329,1,1,2014-10-12,0200,Terra,MODIS,64,6.2,308.4,13.2,D,0
-16.61,128.2603,348.1,1.3,1.1,2014-10-12,0200,Terra,MODIS,90,6.2,309.8,57.4,D,0
-16.5999,128.2617,335.8,1.3,1.1,2014-10-12,0200,Terra,MODIS,71,6.2,310.4,26.3,D,0
-16.7303,127.0463,338.8,1.1,1.1,2014-10-12,0200,Terra,MODIS,75,6.2,313.7,19.8,D,0
-16.9883,124.0656,334.3,1,1,2014-10-12,0200,Terra,MODIS,55,6.2,312.8,13.9,D,0
-16.9897,124.0751,336,1,1,2014-10-12,0200,Terra,MODIS,52,6.2,315.1,15.4,D,0
-16.7288,127.036,335.4,1.1,1.1,2014-10-12,0200,Terra,MODIS,50,6.2,314,14.8,D,0
-17.5644,130.3028,345.7,1.8,1.3,2014-10-12,0200,Terra,MODIS,89,6.2,310.6,72,D,0
-17.5525,130.3043,359.6,1.8,1.3,2014-10-12,0200,Terra,MODIS,99,6.2,313.4,148,D,0
-17.0357,128.1714,338.4,1.3,1.1,2014-10-12,0200,Terra,MODIS,75,6.2,311.6,28.4,D,0
-17.0341,128.1594,335.9,1.3,1.1,2014-10-12,0200,Terra,MODIS,59,6.2,313.4,22.1,D,0
-17.0255,128.1728,330.3,1.3,1.1,2014-10-12,0200,Terra,MODIS,47,6.2,311.6,12.7,D,0
-17.024,128.1609,332.2,1.3,1.1,2014-10-12,0200,Terra,MODIS,56,6.2,314,15.6,D,0
-17.0138,128.1623,332.4,1.3,1.1,2014-10-12,0200,Terra,MODIS,39,6.2,312.7,14.4,D,0
-16.942,127.3938,336.6,1.2,1.1,2014-10-12,0200,Terra,MODIS,77,6.2,312.5,20.4,D,0
-16.7566,126.9204,340.9,1.1,1,2014-10-12,0200,Terra,MODIS,67,6.2,315.1,23.7,D,0
-16.7514,126.9526,343.7,1.1,1,2014-10-12,0200,Terra,MODIS,75,6.2,315.6,28.9,D,0
-16.7528,126.963,364.2,1.1,1,2014-10-12,0200,Terra,MODIS,100,6.2,317.6,84.6,D,0
-16.7542,126.9734,379.6,1.1,1.1,2014-10-12,0200,Terra,MODIS,100,6.2,318.4,150.6,D,0
-17.3123,130.1814,332.2,1.8,1.3,2014-10-12,0200,Terra,MODIS,34,6.2,310.7,26.7,D,0
-17.2928,130.2177,343.1,1.8,1.3,2014-10-12,0200,Terra,MODIS,86,6.2,309.7,66.2,D,0
-16.7556,126.9838,340.6,1.1,1.1,2014-10-12,0200,Terra,MODIS,84,6.2,310.5,26.9,D,0
-16.7622,126.9617,343.4,1.1,1,2014-10-12,0200,Terra,MODIS,87,6.2,315.6,25.5,D,0
-16.7636,126.9721,360.4,1.1,1.1,2014-10-12,0200,Terra,MODIS,100,6.2,316.1,72.6,D,0
-16.771,127.3418,334.1,1.2,1.1,2014-10-12,0200,Terra,MODIS,69,6.2,308.1,13.8,D,0
-16.7725,127.3525,360.1,1.2,1.1,2014-10-12,0200,Terra,MODIS,100,6.2,310.3,80.4,D,0
-16.774,127.3633,378.9,1.2,1.1,2014-10-12,0200,Terra,MODIS,100,6.2,310.9,162.3,D,0
-16.7755,127.3743,340.1,1.2,1.1,2014-10-12,0200,Terra,MODIS,82,6.2,305.4,36.4,D,0
-16.7821,127.3512,350.4,1.2,1.1,2014-10-12,0200,Terra,MODIS,93,6.2,310.3,50.5,D,0
-16.7836,127.3621,351.5,1.2,1.1,2014-10-12,0200,Terra,MODIS,94,6.2,308.3,57.9,D,0
-18.5114,132.1403,358.1,2.6,1.5,2014-10-12,0200,Terra,MODIS,98,6.2,305.7,262.6,D,0
-18.5088,132.1159,413.7,2.6,1.5,2014-10-12,0200,Terra,MODIS,100,6.2,314.9,1302.9,D,0
-16.7848,127.3448,335.9,1.2,1.1,2014-10-12,0200,Terra,MODIS,63,6.2,310.7,18.6,D,0
-16.7862,127.3557,345.7,1.2,1.1,2014-10-12,0200,Terra,MODIS,89,6.2,309.8,40.9,D,0
-16.7461,126.9851,341.8,1.1,1.1,2014-10-12,0200,Terra,MODIS,85,6.2,308.6,31.1,D,0
-16.746,127.3018,336.1,1.1,1.1,2014-10-12,0200,Terra,MODIS,70,6.2,310.3,21.2,D,0
-16.7445,127.2912,346.1,1.1,1.1,2014-10-12,0200,Terra,MODIS,89,6.2,311.4,41.5,D,0
-16.7431,127.2806,337.9,1.1,1.1,2014-10-12,0200,Terra,MODIS,69,6.2,310.7,24.2,D,0
-16.7393,127.3244,333.1,1.1,1.1,2014-10-12,0200,Terra,MODIS,64,6.2,309.7,17.3,D,0
-16.7378,127.3138,336.6,1.1,1.1,2014-10-12,0200,Terra,MODIS,77,6.2,309.6,23.9,D,0
-16.7876,127.3665,358.5,1.2,1.1,2014-10-12,0200,Terra,MODIS,99,6.2,309.8,79,D,0
-16.7929,127.3327,335.3,1.2,1.1,2014-10-12,0200,Terra,MODIS,68,6.2,314.3,16.8,D,0
-16.7958,127.3542,342.5,1.2,1.1,2014-10-12,0200,Terra,MODIS,85,6.2,312.2,32.3,D,0
-16.7973,127.3651,361.7,1.2,1.1,2014-10-12,0200,Terra,MODIS,100,6.2,312.2,87.5,D,0
-16.7987,127.376,344.6,1.2,1.1,2014-10-12,0200,Terra,MODIS,88,6.2,308.6,40.8,D,0
-16.804,127.3421,347.7,1.2,1.1,2014-10-12,0200,Terra,MODIS,91,6.2,314.5,41.8,D,0
-16.8054,127.3528,357.2,1.2,1.1,2014-10-12,0200,Terra,MODIS,98,6.2,314,69.5,D,0
-16.8069,127.3637,344.5,1.2,1.1,2014-10-12,0200,Terra,MODIS,88,6.2,310.5,37.6,D,0
-16.8083,127.3746,334.3,1.2,1.1,2014-10-12,0200,Terra,MODIS,49,6.2,308.8,18.9,D,0
-17.2989,130.2681,351.3,1.8,1.3,2014-10-12,0200,Terra,MODIS,94,6.2,305.2,108,D,0
-17.2969,130.2513,335.3,1.8,1.3,2014-10-12,0200,Terra,MODIS,62,6.2,306.8,37.1,D,0
-17.5546,130.3215,357.5,1.8,1.3,2014-10-12,0200,Terra,MODIS,98,6.2,311.5,139.1,D,0
-17.5586,130.3561,333.5,1.8,1.3,2014-10-12,0200,Terra,MODIS,61,6.2,306.5,37.4,D,0
-17.5606,130.3735,329.5,1.8,1.3,2014-10-12,0200,Terra,MODIS,40,6.2,304.5,26.5,D,0
-17.5665,130.32,341,1.8,1.3,2014-10-12,0200,Terra,MODIS,81,6.2,306.6,54.3,D,0
-16.8194,127.3841,331.4,1.2,1.1,2014-10-12,0200,Terra,MODIS,28,6.2,310.5,14.5,D,0
-17.1516,124.1689,365,1,1,2014-10-12,0200,Terra,MODIS,100,6.2,314.7,77.2,D,0
-17.5487,130.375,344.5,1.8,1.3,2014-10-12,0200,Terra,MODIS,88,6.2,305.6,83.1,D,0
-17.5466,130.3576,377.9,1.8,1.3,2014-10-12,0200,Terra,MODIS,100,6.2,311.4,308.4,D,0
-17.5446,130.3403,366.5,1.8,1.3,2014-10-12,0200,Terra,MODIS,100,6.2,312.9,204.4,D,0
-17.5412,130.364,352.7,1.8,1.3,2014-10-12,0200,Terra,MODIS,95,6.2,309,116.8,D,0
-17.5391,130.3467,378.8,1.8,1.3,2014-10-12,0200,Terra,MODIS,100,6.2,313.2,307,D,0
-16.8291,127.3827,350.1,1.2,1.1,2014-10-12,0200,Terra,MODIS,93,6.2,311.2,52.6,D,0
-18.5062,132.0916,361.7,2.6,1.5,2014-10-12,0200,Terra,MODIS,100,6.2,312.5,286.1,D,0
-16.8417,127.4032,330.6,1.2,1.1,2014-10-12,0200,Terra,MODIS,60,6.2,311.6,12.6,D,0
-17.2948,130.2345,334.9,1.8,1.3,2014-10-12,0200,Terra,MODIS,61,6.2,308.9,35.3,D,0
-17.3148,130.3005,387.2,1.8,1.3,2014-10-12,0200,Terra,MODIS,100,6.2,310.4,398,D,0
-17.3169,130.3175,384.9,1.8,1.3,2014-10-12,0200,Terra,MODIS,100,6.2,307.6,375.9,D,0
-18.5201,132.0901,332,2.6,1.5,2014-10-12,0200,Terra,MODIS,70,6.2,309.1,54.8,D,0
-18.9705,129.0978,337.9,1.6,1.2,2014-10-12,0201,Terra,MODIS,28,6.2,312.8,36.5,D,0
-19.0102,129.0419,353.7,1.6,1.2,2014-10-12,0201,Terra,MODIS,95,6.2,306.2,112.7,D,0
-19.0224,129.0611,349.7,1.6,1.2,2014-10-12,0201,Terra,MODIS,92,6.2,308.5,91,D,0
-19.015,129.0921,335.9,1.6,1.2,2014-10-12,0201,Terra,MODIS,45,6.2,312.3,27.2,D,0
-19.0131,129.0773,349.4,1.6,1.2,2014-10-12,0201,Terra,MODIS,92,6.2,309.8,80.2,D,0
-19.0113,129.0625,358.5,1.6,1.2,2014-10-12,0201,Terra,MODIS,99,6.2,308.4,129,D,0
-19.023,129.0552,345.1,1.6,1.2,2014-10-12,0201,Terra,MODIS,87,6.2,307.7,72.5,D,0
-19.2883,127.7309,349.1,1.3,1.1,2014-10-12,0201,Terra,MODIS,91,6.2,323.6,50.4,D,0
-19.2867,127.7187,339.9,1.3,1.1,2014-10-12,0201,Terra,MODIS,80,6.2,322.2,26,D,0
-18.913,129.097,341.6,1.6,1.2,2014-10-12,0201,Terra,MODIS,82,6.2,315.5,37.4,D,0
-19.0358,129.0685,349.5,1.6,1.2,2014-10-12,0201,Terra,MODIS,92,6.2,310.1,83.8,D,0
-19.0247,129.0701,342.5,1.6,1.2,2014-10-12,0201,Terra,MODIS,78,6.2,308.4,57.4,D,0
-19.0154,129.0864,338.9,1.6,1.2,2014-10-12,0201,Terra,MODIS,79,6.2,311.2,33,D,0
-19.0002,129.064,341.6,1.6,1.2,2014-10-12,0201,Terra,MODIS,83,6.2,307.7,58.3,D,0
-19.002,129.0788,392.9,1.6,1.2,2014-10-12,0201,Terra,MODIS,100,6.2,318.1,375.3,D,0
-19.0039,129.0935,370.6,1.6,1.2,2014-10-12,0201,Terra,MODIS,100,6.2,315.8,187.9,D,0
-19.0095,129.0477,379.6,1.6,1.2,2014-10-12,0201,Terra,MODIS,100,6.2,309.5,264.6,D,0
-19.0136,129.0715,339.3,1.6,1.2,2014-10-12,0201,Terra,MODIS,50,6.2,308,43.1,D,0
-19.0119,129.0567,368,1.6,1.2,2014-10-12,0201,Terra,MODIS,100,6.2,310.3,184.5,D,0
-19.097,133.2843,384.9,3.2,1.7,2014-10-12,0201,Terra,MODIS,100,6.2,314.4,835.7,D,0
-19.1001,133.3149,374.9,3.2,1.7,2014-10-12,0201,Terra,MODIS,100,6.2,309.8,625.7,D,0
-19.1123,133.2826,338.4,3.2,1.7,2014-10-12,0201,Terra,MODIS,82,6.2,311.8,102.8,D,0
-19.1154,133.3132,348.5,3.2,1.7,2014-10-12,0201,Terra,MODIS,92,6.2,309.6,214.3,D,0
-19.1308,133.3116,422.1,3.2,1.7,2014-10-12,0201,Terra,MODIS,100,6.2,316.7,2155.7,D,0
-19.1339,133.3424,356.8,3.2,1.7,2014-10-12,0201,Terra,MODIS,98,6.2,305.8,332.8,D,0
-19.1461,133.31,374.6,3.2,1.7,2014-10-12,0201,Terra,MODIS,100,6.2,312.4,609.2,D,0
-19.1493,133.3408,358.5,3.2,1.7,2014-10-12,0201,Terra,MODIS,99,6.2,306.7,350,D,0
-19.0937,133.2789,366,3.2,1.7,2014-10-12,0201,Terra,MODIS,100,6.2,313.4,446.7,D,0
-19.0966,133.3096,374,3.2,1.7,2014-10-12,0201,Terra,MODIS,100,6.2,310.8,606.6,D,0
-19.109,133.2772,340.5,3.2,1.7,2014-10-12,0201,Terra,MODIS,84,6.2,312.1,118,D,0
-19.1119,133.3079,358.7,3.2,1.7,2014-10-12,0201,Terra,MODIS,99,6.2,310.5,342,D,0
-19.1273,133.3062,401.3,3.2,1.7,2014-10-12,0201,Terra,MODIS,100,6.2,316.1,1317.7,D,0
-19.1302,133.337,368.7,3.2,1.7,2014-10-12,0201,Terra,MODIS,100,6.2,307,515,D,0
-19.1426,133.3045,369.7,3.2,1.7,2014-10-12,0201,Terra,MODIS,100,6.2,312.3,511.7,D,0
-19.1456,133.3354,363.6,3.2,1.7,2014-10-12,0201,Terra,MODIS,100,6.2,307.1,421.9,D,0
-19.158,133.3029,356.9,3.2,1.7,2014-10-12,0201,Terra,MODIS,98,6.2,313.1,302.1,D,0
-19.161,133.3337,397,3.2,1.7,2014-10-12,0201,Terra,MODIS,100,6.2,313.7,1186.4,D,0
-19.1764,133.3321,424.8,3.2,1.7,2014-10-12,0201,Terra,MODIS,100,6.2,319,2295.4,D,0
-19.1794,133.363,366.5,3.3,1.7,2014-10-12,0201,Terra,MODIS,100,6.2,308.1,474.7,D,0
-19.1918,133.3305,411.8,3.2,1.7,2014-10-12,0201,Terra,MODIS,100,6.2,317.2,1704,D,0
-19.1879,133.3241,385.1,3.2,1.7,2014-10-12,0201,Terra,MODIS,100,6.2,315.2,840.7,D,0
-19.1908,133.3551,405.9,3.3,1.7,2014-10-12,0201,Terra,MODIS,100,6.2,315.3,1501.9,D,0
-19.1949,133.3614,418.6,3.3,1.7,2014-10-12,0201,Terra,MODIS,100,6.2,314.3,2023.4,D,0
-19.2072,133.3288,379.5,3.2,1.7,2014-10-12,0201,Terra,MODIS,100,6.2,313.9,709,D,0
-19.2103,133.3599,437.8,3.3,1.7,2014-10-12,0201,Terra,MODIS,100,6.2,319.7,3035.5,D,0
-19.2226,133.3272,344.9,3.2,1.7,2014-10-12,0201,Terra,MODIS,89,6.2,311,160.6,D,0
-19.2257,133.3582,416.4,3.3,1.7,2014-10-12,0201,Terra,MODIS,100,6.2,317.4,1920.9,D,0
-19.2289,133.3893,358.2,3.3,1.7,2014-10-12,0201,Terra,MODIS,98,6.2,305.8,351.1,D,0
-19.238,133.3256,342.1,3.2,1.7,2014-10-12,0201,Terra,MODIS,86,6.2,310.2,131.5,D,0
-19.2412,133.3566,415.7,3.3,1.7,2014-10-12,0201,Terra,MODIS,100,6.2,318.1,1888.8,D,0
-19.2444,133.3877,404.1,3.3,1.7,2014-10-12,0201,Terra,MODIS,100,6.2,311.5,1456,D,0
-19.2033,133.3225,356.6,3.2,1.7,2014-10-12,0201,Terra,MODIS,97,6.2,312,297.9,D,0
-19.2062,133.3535,448.6,3.3,1.7,2014-10-12,0201,Terra,MODIS,100,6.2,322.4,3748.6,D,0
-19.2091,133.3846,343.9,3.3,1.7,2014-10-12,0201,Terra,MODIS,88,6.2,305.6,172.6,D,0
-19.2187,133.3208,335.3,3.2,1.7,2014-10-12,0201,Terra,MODIS,78,6.2,310.5,68.9,D,0
-19.2216,133.3519,418.6,3.3,1.7,2014-10-12,0201,Terra,MODIS,100,6.2,318.2,2016.2,D,0
-19.2246,133.383,364.2,3.3,1.7,2014-10-12,0201,Terra,MODIS,100,6.2,306.7,440.7,D,0
-19.2341,133.3191,337.4,3.2,1.7,2014-10-12,0201,Terra,MODIS,81,6.2,309.6,85.3,D,0
-19.237,133.3502,402.5,3.3,1.7,2014-10-12,0201,Terra,MODIS,100,6.2,316.5,1373.6,D,0
-19.24,133.3814,416.6,3.3,1.7,2014-10-12,0201,Terra,MODIS,100,6.2,314.4,1951.4,D,0
-19.2525,133.3485,373,3.3,1.7,2014-10-12,0201,Terra,MODIS,100,6.2,313.5,583,D,0
-19.2555,133.3797,427.4,3.3,1.7,2014-10-12,0201,Terra,MODIS,100,6.2,318.9,2472.5,D,0
-19.2618,133.2849,337.5,3.2,1.7,2014-10-12,0201,Terra,MODIS,81,6.2,309.4,81.2,D,0
-19.2679,133.3468,367.9,3.3,1.7,2014-10-12,0201,Terra,MODIS,100,6.2,311.9,485.4,D,0
-19.2709,133.3781,438.3,3.3,1.7,2014-10-12,0201,Terra,MODIS,100,6.2,318.6,3099.6,D,0
-19.274,133.4094,334.5,3.3,1.7,2014-10-12,0201,Terra,MODIS,64,6.2,302.4,96.1,D,0
-19.2772,133.2834,376.3,3.2,1.7,2014-10-12,0201,Terra,MODIS,100,6.2,313.6,628.7,D,0
-19.2802,133.3141,346.8,3.2,1.7,2014-10-12,0201,Terra,MODIS,90,6.2,308.5,174.3,D,0
-19.2833,133.3451,344.1,3.3,1.7,2014-10-12,0201,Terra,MODIS,88,6.2,308.2,155.7,D,0
-19.2864,133.3763,438.7,3.3,1.7,2014-10-12,0201,Terra,MODIS,100,6.2,320.2,3125.1,D,0
-19.2895,133.4077,372.1,3.3,1.7,2014-10-12,0201,Terra,MODIS,100,6.2,301.5,598.2,D,0
-19.2925,133.282,366.1,3.2,1.7,2014-10-12,0201,Terra,MODIS,100,6.2,313,431.2,D,0
-19.2956,133.3126,360.8,3.2,1.7,2014-10-12,0201,Terra,MODIS,100,6.2,309.2,354.3,D,0
-19.2987,133.3435,337,3.3,1.7,2014-10-12,0201,Terra,MODIS,67,6.2,304.6,85.9,D,0
-19.3019,133.3747,401.1,3.3,1.7,2014-10-12,0201,Terra,MODIS,100,6.2,312.6,1352.6,D,0
-19.3079,133.2803,353.6,3.2,1.7,2014-10-12,0201,Terra,MODIS,96,6.2,312,245.7,D,0
-19.305,133.4061,389.6,3.3,1.7,2014-10-12,0201,Terra,MODIS,100,6.2,303.4,1012.3,D,0
-19.311,133.3111,431.5,3.2,1.7,2014-10-12,0201,Terra,MODIS,100,6.2,318.4,2629.7,D,0
-19.3173,133.3731,350.4,3.3,1.7,2014-10-12,0201,Terra,MODIS,93,6.2,303.1,249.5,D,0
-19.3264,133.3095,380.4,3.2,1.7,2014-10-12,0201,Terra,MODIS,100,6.2,309.8,733.9,D,0
-19.3205,133.4044,371.3,3.3,1.7,2014-10-12,0201,Terra,MODIS,100,6.2,299.5,595.2,D,0
-19.336,133.4028,351.3,3.3,1.7,2014-10-12,0201,Terra,MODIS,94,6.2,294.9,282.2,D,0
-19.2738,133.2784,356.6,3.2,1.7,2014-10-12,0201,Terra,MODIS,97,6.2,312.7,290.4,D,0
-19.2767,133.3091,340,3.2,1.7,2014-10-12,0201,Terra,MODIS,84,6.2,308.7,106.6,D,0
-19.2795,133.3401,340.6,3.3,1.7,2014-10-12,0201,Terra,MODIS,78,6.2,308.3,118.3,D,0
-19.2824,133.3714,422,3.3,1.7,2014-10-12,0201,Terra,MODIS,100,6.2,320.6,2205.9,D,0
-19.2853,133.4028,376.9,3.3,1.7,2014-10-12,0201,Terra,MODIS,94,6.2,305.2,703.7,D,0
-19.2882,133.4342,331.6,3.3,1.7,2014-10-12,0201,Terra,MODIS,56,6.2,290,81.7,D,0
-19.2892,133.2769,368.9,3.2,1.7,2014-10-12,0201,Terra,MODIS,100,6.2,313.3,482.2,D,0
-19.2921,133.3075,373.9,3.2,1.7,2014-10-12,0201,Terra,MODIS,100,6.2,310.6,589,D,0
-19.295,133.3384,334.1,3.3,1.7,2014-10-12,0201,Terra,MODIS,49,6.2,305.2,64.8,D,0
-19.2979,133.3696,400.5,3.3,1.7,2014-10-12,0201,Terra,MODIS,100,6.2,313,1331.6,D,0
-19.3008,133.4011,404.3,3.3,1.7,2014-10-12,0201,Terra,MODIS,94,6.2,307.6,1491.9,D,0
-19.3046,133.2752,334.9,3.2,1.7,2014-10-12,0201,Terra,MODIS,77,6.2,310.8,65.4,D,0
-19.3075,133.306,408.4,3.2,1.7,2014-10-12,0201,Terra,MODIS,100,6.2,317.4,1575.6,D,0
-19.3104,133.3369,347,3.3,1.7,2014-10-12,0201,Terra,MODIS,91,6.2,304.5,193.3,D,0
-19.3133,133.368,347.1,3.3,1.7,2014-10-12,0201,Terra,MODIS,91,6.2,304.5,215.1,D,0
-19.3163,133.3994,378,3.3,1.7,2014-10-12,0201,Terra,MODIS,94,6.2,302.7,734.1,D,0
-19.3229,133.3044,398.8,3.2,1.7,2014-10-12,0201,Terra,MODIS,100,6.2,312.9,1244.1,D,0
-19.3258,133.3354,354.8,3.3,1.7,2014-10-12,0201,Terra,MODIS,96,6.2,304.4,294.7,D,0
-19.3318,133.3978,345.4,3.3,1.7,2014-10-12,0201,Terra,MODIS,89,6.2,292.8,213.2,D,0
-19.3348,133.4292,327.6,3.3,1.7,2014-10-12,0201,Terra,MODIS,27,6.2,299,64.2,D,0
-19.3473,133.3961,382.1,3.3,1.7,2014-10-12,0201,Terra,MODIS,100,6.2,305.1,827.2,D,0
-19.3503,133.4276,367.3,3.3,1.7,2014-10-12,0201,Terra,MODIS,100,6.2,303.8,530.4,D,0
-21.4671,117.3334,331.5,2.1,1.4,2014-10-12,0202,Terra,MODIS,29,6.2,315.6,24.8,D,0
-21.3724,117.1043,328.5,2.1,1.4,2014-10-12,0202,Terra,MODIS,34,6.2,315.4,22.6,D,0
-21.3864,117.0373,344.2,2.2,1.4,2014-10-12,0202,Terra,MODIS,87,6.2,315.7,96.4,D,0
-21.3851,117.0317,339.8,2.2,1.4,2014-10-12,0202,Terra,MODIS,82,6.2,315.4,69.5,D,0
-21.389,117.052,331,2.2,1.4,2014-10-12,0202,Terra,MODIS,29,6.2,315.8,29,D,0
-23.2633,129.3099,333.6,1.9,1.3,2014-10-12,0202,Terra,MODIS,74,6.2,317.5,34.7,D,0
-23.2653,129.328,330,1.9,1.3,2014-10-12,0202,Terra,MODIS,65,6.2,318.9,22.7,D,0
-23.4527,115.2072,337.5,2.6,1.6,2014-10-12,0202,Terra,MODIS,82,6.2,309.6,105.1,D,0
-23.4578,115.2328,336.1,2.6,1.6,2014-10-12,0202,Terra,MODIS,81,6.2,311.3,92.8,D,0
-23.4481,115.2294,330.6,2.6,1.6,2014-10-12,0202,Terra,MODIS,72,6.2,309.9,59.8,D,0
-23.462,115.2261,328.9,2.6,1.6,2014-10-12,0202,Terra,MODIS,68,6.2,310.9,53.5,D,0
-22.9369,128.1198,352.7,1.5,1.2,2014-10-12,0202,Terra,MODIS,95,6.2,319.1,89.3,D,0
-21.4877,117.3639,354.3,2,1.4,2014-10-12,0202,Terra,MODIS,96,6.2,319.4,136.9,D,0
-21.5002,117.3614,366.3,2,1.4,2014-10-12,0202,Terra,MODIS,100,6.2,319.5,228.7,D,0
-21.5038,117.3809,351.9,2,1.4,2014-10-12,0202,Terra,MODIS,94,6.2,314.5,120.6,D,0
-21.5629,117.3409,334.6,2,1.4,2014-10-12,0202,Terra,MODIS,74,6.2,317.7,40.4,D,0
-21.5622,117.3482,336.9,2,1.4,2014-10-12,0202,Terra,MODIS,78,6.2,318.1,46.1,D,0
-21.3247,119.8063,387.2,1.4,1.2,2014-10-12,0202,Terra,MODIS,100,6.2,324.2,262.2,D,0
-21.327,119.8197,350.6,1.4,1.2,2014-10-12,0202,Terra,MODIS,93,6.2,319.4,63.1,D,0
-21.3352,119.8043,338.6,1.4,1.2,2014-10-12,0202,Terra,MODIS,78,6.2,320.7,26.5,D,0
-21.3573,119.8353,350.6,1.4,1.2,2014-10-12,0202,Terra,MODIS,93,6.2,321,65.6,D,0
-21.3596,119.8486,331.8,1.4,1.2,2014-10-12,0202,Terra,MODIS,61,6.2,319.5,14,D,0
-21.3631,119.8066,330.4,1.4,1.2,2014-10-12,0202,Terra,MODIS,50,6.2,318.1,11,D,0
-22.5327,122.4848,335.9,1,1,2014-10-12,0202,Terra,MODIS,74,6.2,319.6,15.4,D,0
-22.5311,122.4749,337.3,1,1,2014-10-12,0202,Terra,MODIS,77,6.2,319.6,17.5,D,0
-22.5227,122.5334,337.7,1,1,2014-10-12,0202,Terra,MODIS,55,6.2,320.2,14.8,D,0
-22.5313,122.536,331.6,1,1,2014-10-12,0202,Terra,MODIS,42,6.2,318.3,9.1,D,0
-22.5297,122.5261,339.1,1,1,2014-10-12,0202,Terra,MODIS,80,6.2,318.8,21.3,D,0
-21.3711,119.9147,346.6,1.4,1.2,2014-10-12,0202,Terra,MODIS,89,6.2,319.5,51.6,D,0
-21.3658,119.9219,338.7,1.4,1.2,2014-10-12,0202,Terra,MODIS,64,6.2,319.5,27.7,D,0
-21.3346,119.9278,344.9,1.4,1.2,2014-10-12,0202,Terra,MODIS,87,6.2,319.1,47.8,D,0
-21.3636,119.9087,347.7,1.4,1.2,2014-10-12,0202,Terra,MODIS,90,6.2,319.7,53.5,D,0
-21.345,119.926,369.6,1.4,1.2,2014-10-12,0202,Terra,MODIS,100,6.2,322.6,146.6,D,0
-21.3472,119.9391,360.7,1.4,1.2,2014-10-12,0202,Terra,MODIS,100,6.2,319.4,104.1,D,0
-22.5272,122.5631,348.7,1,1,2014-10-12,0202,Terra,MODIS,91,6.2,319.5,34.6,D,0
-22.6574,117.9878,333,1.7,1.3,2014-10-12,0202,Terra,MODIS,72,6.2,318.5,23.9,D,0
-22.1795,123.8701,347,1,1,2014-10-12,0202,Terra,MODIS,89,6.2,321,33.8,D,0
-22.5343,122.5558,337.3,1,1,2014-10-12,0202,Terra,MODIS,77,6.2,318.2,18,D,0
-22.6605,118.0046,342.1,1.7,1.3,2014-10-12,0202,Terra,MODIS,85,6.2,318.7,56.1,D,0
-22.17,123.8678,343.1,1,1,2014-10-12,0202,Terra,MODIS,84,6.2,320.4,25.1,D,0
-22.1885,123.8686,345.2,1,1,2014-10-12,0202,Terra,MODIS,87,6.2,319.1,30.1,D,0
-22.5181,122.5647,337.4,1,1,2014-10-12,0202,Terra,MODIS,62,6.2,319.6,14.2,D,0
-22.5257,122.5532,367.7,1,1,2014-10-12,0202,Terra,MODIS,100,6.2,322.8,84.8,D,0
-22.1781,123.8604,341.1,1,1,2014-10-12,0202,Terra,MODIS,81,6.2,321.2,22.6,D,0
-26.1584,130.3966,335.7,2.4,1.5,2014-10-12,0203,Terra,MODIS,79,6.2,315.9,73.8,D,0
-33.656,151.227,317.6,4.3,1.9,2014-10-12,0304,Aqua,MODIS,59,6.2,294.9,99.7,D,0
-33.6524,151.265,326.3,4.3,1.9,2014-10-12,0304,Aqua,MODIS,0,6.2,293.6,177.2,D,0
-33.6549,151.2186,315.5,4.3,1.9,2014-10-12,0304,Aqua,MODIS,60,6.2,295,87.6,D,0
-27.7838,152.9366,310.7,2.9,1.6,2014-10-12,0305,Aqua,MODIS,7,6.2,293.6,22.1,D,0
-27.783,152.9296,311.7,2.9,1.6,2014-10-12,0305,Aqua,MODIS,37,6.2,293.6,26.8,D,0
-27.7861,152.9075,311.6,2.9,1.6,2014-10-12,0305,Aqua,MODIS,28,6.2,293.3,29.2,D,0
-42.4557,147.2419,312.6,1.5,1.2,2014-10-12,0440,Aqua,MODIS,73,6.2,295,17.2,D,0
-42.4561,147.2367,310.4,1.5,1.2,2014-10-12,0440,Aqua,MODIS,58,6.2,295,13.9,D,0
-42.5962,147.7065,323.9,1.6,1.2,2014-10-12,0440,Aqua,MODIS,83,6.2,284.9,39.6,D,0
-42.5924,147.7255,319.3,1.6,1.2,2014-10-12,0440,Aqua,MODIS,73,6.2,285.9,29.7,D,0
-37.5072,144.3092,315,1.4,1.2,2014-10-12,0441,Aqua,MODIS,56,6.2,297.5,13.5,D,0
-37.5166,144.2395,332.1,1.3,1.1,2014-10-12,0441,Aqua,MODIS,86,6.2,297.6,42.4,D,0
-37.5268,144.2428,312.5,1.3,1.1,2014-10-12,0441,Aqua,MODIS,66,6.2,296.6,11.9,D,0
-37.5128,144.3179,344.2,1.4,1.2,2014-10-12,0441,Aqua,MODIS,93,6.2,299.7,70.5,D,0
-36.6803,143.6241,327.8,1.3,1.1,2014-10-12,0441,Aqua,MODIS,78,6.2,308.9,22.6,D,0
-37.5333,144.3243,333.7,1.4,1.2,2014-10-12,0441,Aqua,MODIS,77,6.2,300,41.8,D,0
-37.5304,144.3397,348.5,1.4,1.2,2014-10-12,0441,Aqua,MODIS,95,6.2,300.6,81.4,D,0
-36.6777,143.6385,318.3,1.3,1.1,2014-10-12,0441,Aqua,MODIS,61,6.2,307.6,7.8,D,0
-37.523,144.3212,349.4,1.4,1.2,2014-10-12,0441,Aqua,MODIS,95,6.2,301.1,84.8,D,0
-37.5202,144.3365,361.6,1.4,1.2,2014-10-12,0441,Aqua,MODIS,100,6.2,302.5,131.5,D,0
-37.5276,144.3552,328.4,1.4,1.2,2014-10-12,0441,Aqua,MODIS,69,6.2,298.8,31.5,D,0
-37.5407,144.3426,337.3,1.4,1.2,2014-10-12,0441,Aqua,MODIS,89,6.2,299.3,52.9,D,0
-37.5208,144.234,331.4,1.3,1.1,2014-10-12,0441,Aqua,MODIS,86,6.2,298.2,41.8,D,0
-37.5181,144.249,310.4,1.3,1.1,2014-10-12,0441,Aqua,MODIS,54,6.2,296.6,9.4,D,0
-37.6903,147.6683,325.5,2.1,1.4,2014-10-12,0441,Aqua,MODIS,81,6.2,299.9,52.7,D,0
-36.7882,143.8197,338.1,1.3,1.1,2014-10-12,0441,Aqua,MODIS,88,6.2,310.1,42.2,D,0
-36.7909,143.805,329.1,1.3,1.1,2014-10-12,0441,Aqua,MODIS,80,6.2,310.7,23,D,0
-36.7781,143.8167,324.2,1.3,1.1,2014-10-12,0441,Aqua,MODIS,70,6.2,310.1,14.4,D,0
-26.1546,130.3881,377.6,1.9,1.4,2014-10-12,0445,Aqua,MODIS,100,6.2,326.4,311.9,D,0
-26.1526,130.4074,348.9,1.9,1.4,2014-10-12,0445,Aqua,MODIS,66,6.2,322.5,89.4,D,0
-26.1668,130.3895,339.6,1.9,1.4,2014-10-12,0445,Aqua,MODIS,49,6.2,323.6,50.3,D,0
-26.1649,130.4089,341.7,1.9,1.4,2014-10-12,0445,Aqua,MODIS,73,6.2,322.6,58.7,D,0
-26.1377,130.4007,337.2,1.9,1.4,2014-10-12,0445,Aqua,MODIS,50,6.2,319.2,43,D,0
-23.2569,129.3331,339.6,2.1,1.4,2014-10-12,0445,Aqua,MODIS,79,6.2,320.9,60.6,D,0
-23.2567,129.3265,335.9,2.1,1.4,2014-10-12,0445,Aqua,MODIS,42,6.2,321.3,39.2,D,0
-19.1125,133.3376,349.2,1.1,1,2014-10-12,0446,Aqua,MODIS,0,6.2,290.5,39.5,D,0
-19.0873,133.3131,370.3,1.1,1,2014-10-12,0446,Aqua,MODIS,75,6.2,296.1,97.7,D,0
-19.0887,133.303,368.3,1.1,1,2014-10-12,0446,Aqua,MODIS,100,6.2,320,84.3,D,0
-19.078,133.3117,349.6,1.1,1,2014-10-12,0446,Aqua,MODIS,65,6.2,301,36.9,D,0
-19.0794,133.3016,409.6,1.1,1,2014-10-12,0446,Aqua,MODIS,100,6.2,322.3,314.3,D,0
-19.0808,133.2914,369.2,1.1,1,2014-10-12,0446,Aqua,MODIS,100,6.2,322.8,90.6,D,0
-19.0715,133.29,347.6,1.1,1,2014-10-12,0446,Aqua,MODIS,55,6.2,315.9,31.9,D,0
-19.0728,133.2798,346.9,1.1,1,2014-10-12,0446,Aqua,MODIS,25,6.2,318.1,28.7,D,0
-22.9356,128.1216,332.8,2.5,1.5,2014-10-12,0446,Aqua,MODIS,62,6.2,318.9,44.9,D,0
-19.3761,133.4271,345.9,1.1,1,2014-10-12,0446,Aqua,MODIS,53,6.2,314.2,36,D,0
-19.3775,133.417,369.9,1.1,1,2014-10-12,0446,Aqua,MODIS,94,6.2,318,102.5,D,0
-19.3631,133.3837,350.1,1.1,1,2014-10-12,0446,Aqua,MODIS,87,6.2,320,35.9,D,0
-19.3644,133.3735,344.4,1.1,1,2014-10-12,0446,Aqua,MODIS,67,6.2,320.7,22,D,0
-20.6804,143.2733,331.8,2.6,1.6,2014-10-12,0446,Aqua,MODIS,73,6.2,310.4,40.4,D,0
-21.5697,131.055,335.6,1.5,1.2,2014-10-12,0446,Aqua,MODIS,21,6.2,322.2,18.2,D,0
-21.5806,131.0565,339.8,1.5,1.2,2014-10-12,0446,Aqua,MODIS,59,6.2,326,30.6,D,0
-19.2579,133.2678,344.5,1.1,1,2014-10-12,0446,Aqua,MODIS,49,6.2,320.7,23.4,D,0
-22.278,132.3201,336.4,1.3,1.1,2014-10-12,0446,Aqua,MODIS,73,6.2,322,18.8,D,0
-20.123,127.5895,342.5,2.6,1.5,2014-10-12,0446,Aqua,MODIS,83,6.2,323.8,85.2,D,0
-20.1205,127.6141,350.8,2.5,1.5,2014-10-12,0446,Aqua,MODIS,92,6.2,320.9,148.6,D,0
-17.1787,124.3387,332.2,4.1,1.9,2014-10-12,0447,Aqua,MODIS,76,6.2,300.5,137.1,D,0
-17.1856,124.3038,331.1,4.1,1.9,2014-10-12,0447,Aqua,MODIS,72,6.2,301.5,122.9,D,0
-18.5087,132.0687,344.7,1.2,1.1,2014-10-12,0447,Aqua,MODIS,57,6.2,320.3,27.9,D,0
-18.5171,132.0814,345.4,1.2,1.1,2014-10-12,0447,Aqua,MODIS,64,6.2,321.1,30.4,D,0
-19.2825,127.7071,343.5,2.4,1.5,2014-10-12,0447,Aqua,MODIS,85,6.2,322.8,87.3,D,0
-16.8545,127.5125,332.2,2.3,1.5,2014-10-12,0447,Aqua,MODIS,61,6.2,302.5,63.8,D,0
-18.9569,129.0329,351.1,1.9,1.4,2014-10-12,0447,Aqua,MODIS,83,6.2,301.2,138.2,D,0
-18.967,129.0526,346,1.9,1.4,2014-10-12,0447,Aqua,MODIS,86,6.2,302.9,108.1,D,0
-18.5204,132.2079,338.4,1.2,1.1,2014-10-12,0447,Aqua,MODIS,48,6.2,296.3,25.8,D,0
-17.3054,130.1808,340.8,1.5,1.2,2014-10-12,0447,Aqua,MODIS,44,6.2,312.4,51.4,D,0
-17.1088,124.1723,333.9,4.2,1.9,2014-10-12,0447,Aqua,MODIS,76,6.2,305.8,141.1,D,0
-18.5219,132.1967,339.3,1.2,1.1,2014-10-12,0447,Aqua,MODIS,57,6.2,303.7,25.1,D,0
-17.3564,130.1514,347.5,1.5,1.2,2014-10-12,0447,Aqua,MODIS,90,6.2,314.1,72.7,D,0
-18.5234,132.1855,341.7,1.2,1.1,2014-10-12,0447,Aqua,MODIS,65,6.2,306.7,29.5,D,0
-17.1819,124.3429,331.8,4.1,1.9,2014-10-12,0447,Aqua,MODIS,75,6.2,300.4,134,D,0
-17.5645,130.3057,346.4,1.5,1.2,2014-10-12,0447,Aqua,MODIS,65,6.2,315.6,57.9,D,0
-17.1827,124.2996,328.5,4.1,1.9,2014-10-12,0447,Aqua,MODIS,56,6.2,301.6,93.6,D,0
-17.105,124.212,340.4,4.2,1.9,2014-10-12,0447,Aqua,MODIS,86,6.2,302.7,222.4,D,0
-14.8574,142.5559,328.8,3,1.7,2014-10-12,0447,Aqua,MODIS,67,6.2,305.6,48.5,D,0
-16.9225,141.3677,342.7,2.3,1.5,2014-10-12,0447,Aqua,MODIS,87,6.2,305.4,100.8,D,0
-16.9246,141.3605,328.8,2.3,1.5,2014-10-12,0447,Aqua,MODIS,68,6.2,305.3,33.4,D,0
-16.9117,141.3579,342.7,2.3,1.5,2014-10-12,0447,Aqua,MODIS,87,6.2,305.2,100.1,D,0
-16.8987,141.3554,325.1,2.3,1.5,2014-10-12,0447,Aqua,MODIS,54,6.2,305.4,19.3,D,0
-17.3561,132.8051,343.7,1.1,1,2014-10-12,0447,Aqua,MODIS,73,6.2,318.9,22.7,D,0
-17.3506,132.7978,335,1.1,1,2014-10-12,0447,Aqua,MODIS,24,6.2,316.6,10.3,D,0
-17.368,132.8586,344.8,1.1,1,2014-10-12,0447,Aqua,MODIS,79,6.2,315.8,27.9,D,0
-17.3693,132.8485,341.3,1.1,1,2014-10-12,0447,Aqua,MODIS,50,6.2,316.9,19,D,0
-17.3547,132.8153,344,1.1,1,2014-10-12,0447,Aqua,MODIS,65,6.2,318.1,23.7,D,0
-17.3492,132.8079,344.4,1.1,1,2014-10-12,0447,Aqua,MODIS,83,6.2,316.8,27.4,D,0
-17.4604,132.991,333.3,1.1,1,2014-10-12,0447,Aqua,MODIS,56,6.2,308.3,18.2,D,0
-17.4617,132.981,364.8,1.1,1,2014-10-12,0447,Aqua,MODIS,100,6.2,313.2,90.3,D,0
-17.4631,132.9709,337.1,1.1,1,2014-10-12,0447,Aqua,MODIS,57,6.2,313.2,24.7,D,0
-17.4524,132.9796,349.1,1.1,1,2014-10-12,0447,Aqua,MODIS,91,6.2,306.7,47.2,D,0
-17.4538,132.9696,347.2,1.1,1,2014-10-12,0447,Aqua,MODIS,68,6.2,311.4,42.3,D,0
-17.4286,132.9453,353.8,1.1,1,2014-10-12,0447,Aqua,MODIS,63,6.2,312.2,53,D,0
-17.4223,132.9489,336.2,1.1,1,2014-10-12,0447,Aqua,MODIS,72,6.2,309.7,22,D,0
-17.4236,132.9389,349.8,1.1,1,2014-10-12,0447,Aqua,MODIS,92,6.2,313.8,46.8,D,0
-17.425,132.9288,341.8,1.1,1,2014-10-12,0447,Aqua,MODIS,68,6.2,314.4,26.9,D,0
-17.4143,132.9375,381.2,1.1,1,2014-10-12,0447,Aqua,MODIS,100,6.2,313.7,153.5,D,0
-17.4157,132.9274,381.5,1.1,1,2014-10-12,0447,Aqua,MODIS,100,6.2,318.5,152.1,D,0
-17.4171,132.9174,345.9,1.1,1,2014-10-12,0447,Aqua,MODIS,83,6.2,316.3,32.2,D,0
-17.4064,132.9261,363.6,1.1,1,2014-10-12,0447,Aqua,MODIS,100,6.2,313.7,81.5,D,0
-17.4078,132.916,356.3,1.1,1,2014-10-12,0447,Aqua,MODIS,97,6.2,317.2,57.1,D,0
-17.3985,132.9146,345,1.1,1,2014-10-12,0447,Aqua,MODIS,87,6.2,314.4,33,D,0
-17.3998,132.9045,339.3,1.1,1,2014-10-12,0447,Aqua,MODIS,59,6.2,315.5,18.9,D,0
-17.3905,132.9031,341.3,1.1,1,2014-10-12,0447,Aqua,MODIS,78,6.2,314.3,24.5,D,0
-17.3919,132.8931,340.1,1.1,1,2014-10-12,0447,Aqua,MODIS,70,6.2,315.1,20.5,D,0
-17.3826,132.8917,338.5,1.1,1,2014-10-12,0447,Aqua,MODIS,56,6.2,315,18.4,D,0
-17.3839,132.8816,340.1,1.1,1,2014-10-12,0447,Aqua,MODIS,68,6.2,316.1,19.6,D,0
-16.7564,135.5599,349.4,1,1,2014-10-12,0447,Aqua,MODIS,91,6.2,318.6,34.3,D,0
-16.7473,135.5585,342.6,1,1,2014-10-12,0447,Aqua,MODIS,81,6.2,319.7,20.2,D,0
-16.7487,135.5488,342.1,1,1,2014-10-12,0447,Aqua,MODIS,80,6.2,320.4,18.6,D,0
-16.7894,135.5228,345.1,1,1,2014-10-12,0447,Aqua,MODIS,87,6.2,318.4,26.6,D,0
-16.7908,135.5132,335.9,1,1,2014-10-12,0447,Aqua,MODIS,63,6.2,319.1,10.2,D,0
-16.7655,135.5614,335,1,1,2014-10-12,0447,Aqua,MODIS,50,6.2,316.6,10,D,0
-16.7669,135.5518,342.2,1,1,2014-10-12,0447,Aqua,MODIS,83,6.2,318.5,22.5,D,0
-16.7578,135.5503,349.4,1,1,2014-10-12,0447,Aqua,MODIS,91,6.2,317.9,33.7,D,0
-17.9639,138.9156,335.6,1.4,1.2,2014-10-12,0447,Aqua,MODIS,73,6.2,314.5,23,D,0
-17.9661,138.9021,332.4,1.4,1.2,2014-10-12,0447,Aqua,MODIS,31,6.2,313.5,13.5,D,0
-14.9935,135.0948,338.4,1,1,2014-10-12,0447,Aqua,MODIS,58,6.2,319.6,16,D,0
-15.0012,135.1057,340.7,1,1,2014-10-12,0447,Aqua,MODIS,53,6.2,320.7,19.1,D,0
-14.8526,142.5758,333.4,3.1,1.7,2014-10-12,0447,Aqua,MODIS,80,6.2,306.8,78.6,D,0
-14.8674,142.5788,328.3,3.1,1.7,2014-10-12,0447,Aqua,MODIS,41,6.2,307.7,44.9,D,0
-14.8521,142.5838,329,3.1,1.7,2014-10-12,0447,Aqua,MODIS,66,6.2,307,46.8,D,0
-17.9533,138.9136,352.7,1.4,1.2,2014-10-12,0447,Aqua,MODIS,94,6.2,316.9,75.9,D,0
-17.9555,138.9002,359.4,1.4,1.2,2014-10-12,0447,Aqua,MODIS,99,6.2,317.3,102.3,D,0
-16.8912,127.4276,331.9,2.4,1.5,2014-10-12,0447,Aqua,MODIS,46,6.2,302.6,60,D,0
-16.0118,127.9641,331.5,2.1,1.4,2014-10-12,0447,Aqua,MODIS,65,6.2,312.1,23.7,D,0
-16.8862,127.4715,327.5,2.4,1.5,2014-10-12,0447,Aqua,MODIS,35,6.2,301.5,40.2,D,0
-16.8569,127.4909,327.9,2.3,1.5,2014-10-12,0447,Aqua,MODIS,17,6.2,302.5,43.5,D,0
-15.6117,136.5934,346.3,1.1,1.1,2014-10-12,0447,Aqua,MODIS,0,6.2,311.8,42.4,D,0
-15.6094,136.5874,351.4,1.1,1.1,2014-10-12,0447,Aqua,MODIS,0,6.2,314.1,57.3,D,0
-14.3669,142.3071,328.5,3,1.6,2014-10-12,0447,Aqua,MODIS,74,6.2,305.2,57.2,D,0
-15.5701,143.6373,339.6,3.6,1.8,2014-10-12,0447,Aqua,MODIS,86,6.2,297.8,211.4,D,0
-14.6519,144.3466,332.4,4.2,1.9,2014-10-12,0447,Aqua,MODIS,79,6.2,298.1,183.4,D,0
-15.176,143.4592,325.7,3.5,1.8,2014-10-12,0447,Aqua,MODIS,47,6.2,302.6,56.5,D,0
-15.5764,143.6047,333.4,3.5,1.8,2014-10-12,0447,Aqua,MODIS,80,6.2,295.4,155.8,D,0
-14.6535,144.3513,331.6,4.2,1.9,2014-10-12,0447,Aqua,MODIS,78,6.2,298,174.9,D,0
-15.1898,143.4237,323,3.5,1.8,2014-10-12,0447,Aqua,MODIS,31,6.2,304.1,38.8,D,0
-15.5967,136.5419,333.4,1.1,1.1,2014-10-12,0447,Aqua,MODIS,64,6.2,314.3,17.1,D,0
-15.1822,143.4269,325.6,3.5,1.8,2014-10-12,0447,Aqua,MODIS,55,6.2,303.5,58.1,D,0
-14.3663,142.2996,325.6,3,1.6,2014-10-12,0447,Aqua,MODIS,52,6.2,305.4,38.2,D,0
-15.1839,143.4562,328.5,3.5,1.8,2014-10-12,0447,Aqua,MODIS,68,6.2,303.7,77,D,0
-15.6134,136.5828,337.8,1.1,1.1,2014-10-12,0447,Aqua,MODIS,72,6.2,311.9,22.8,D,0
-15.5764,143.6312,336.8,3.6,1.8,2014-10-12,0447,Aqua,MODIS,84,6.2,298.8,180.3,D,0
-17.4671,132.9408,341.9,1.1,1,2014-10-12,0447,Aqua,MODIS,29,6.2,316.9,18.3,D,0
-18.3802,132.2047,370.6,1.2,1.1,2014-10-12,0447,Aqua,MODIS,75,6.2,302.5,127.2,D,0
-18.3705,132.2034,337.2,1.2,1.1,2014-10-12,0447,Aqua,MODIS,59,6.2,293.2,26.6,D,0
-18.3719,132.1922,374,1.2,1.1,2014-10-12,0447,Aqua,MODIS,100,6.2,304.8,146,D,0
-18.3748,132.17,344.3,1.2,1.1,2014-10-12,0447,Aqua,MODIS,66,6.2,300.2,39.6,D,0
-18.3762,132.1588,335.6,1.2,1.1,2014-10-12,0447,Aqua,MODIS,55,6.2,302.5,20.7,D,0
-18.3636,132.1797,332.2,1.2,1.1,2014-10-12,0447,Aqua,MODIS,32,6.2,290,17.9,D,0
-17.7676,132.8278,335.6,1.1,1,2014-10-12,0447,Aqua,MODIS,34,6.2,309.4,21.6,D,0
-17.8408,132.6011,362.1,1.1,1.1,2014-10-12,0447,Aqua,MODIS,100,6.2,314.9,77.5,D,0
-18.0133,132.8294,390.1,1.1,1,2014-10-12,0447,Aqua,MODIS,100,6.2,306,210.3,D,0
-17.4685,132.9307,340.8,1.1,1,2014-10-12,0447,Aqua,MODIS,31,6.2,317.7,14.8,D,0
-17.5954,132.956,372.3,1.1,1,2014-10-12,0447,Aqua,MODIS,94,6.2,307,120.6,D,0
-17.5968,132.9459,347.4,1.1,1,2014-10-12,0447,Aqua,MODIS,43,6.2,309.8,45.9,D,0
-18.4509,132.2092,338,1.2,1.1,2014-10-12,0447,Aqua,MODIS,0,6.2,289.1,26.9,D,0
-18.3665,132.1574,335,1.2,1.1,2014-10-12,0447,Aqua,MODIS,50,6.2,302.7,20.1,D,0
-18.3707,132.1238,336.3,1.2,1.1,2014-10-12,0447,Aqua,MODIS,70,6.2,310.6,23.4,D,0
-18.3763,131.9099,354.2,1.2,1.1,2014-10-12,0447,Aqua,MODIS,95,6.2,323.5,52.9,D,0
-18.3853,131.8405,365.9,1.2,1.1,2014-10-12,0447,Aqua,MODIS,100,6.2,324.1,95.4,D,0
-18.3868,131.8289,406.5,1.2,1.1,2014-10-12,0447,Aqua,MODIS,100,6.2,329.6,355.2,D,0
-18.3884,131.8172,354.9,1.2,1.1,2014-10-12,0447,Aqua,MODIS,96,6.2,324.3,57.2,D,0
-18.3754,131.8392,338.9,1.2,1.1,2014-10-12,0447,Aqua,MODIS,38,6.2,323.3,12.9,D,0
-17.6589,132.9504,360.7,1.1,1,2014-10-12,0447,Aqua,MODIS,100,6.2,308.4,76.8,D,0
-17.6575,132.9605,339.6,1.1,1,2014-10-12,0447,Aqua,MODIS,63,6.2,293.5,26.6,D,0
-17.6668,132.9619,395.8,1.1,1,2014-10-12,0447,Aqua,MODIS,87,6.2,311.2,234.8,D,0
-18.3079,132.0509,344.7,1.2,1.1,2014-10-12,0447,Aqua,MODIS,86,6.2,300.6,31.2,D,0
-18.281,132.0186,352.4,1.2,1.1,2014-10-12,0447,Aqua,MODIS,82,6.2,306.8,61.1,D,0
-17.9973,132.806,346.5,1.1,1,2014-10-12,0447,Aqua,MODIS,89,6.2,311.4,40.4,D,0
-18.0094,132.7867,340.8,1.1,1,2014-10-12,0447,Aqua,MODIS,80,6.2,308.3,33.3,D,0
-18.008,132.7971,361.7,1.1,1,2014-10-12,0447,Aqua,MODIS,100,6.2,312,84.2,D,0
-18.4108,132.1978,345.8,1.2,1.1,2014-10-12,0447,Aqua,MODIS,0,6.2,288.5,45,D,0
-18.0161,132.8088,365.2,1.1,1,2014-10-12,0447,Aqua,MODIS,95,6.2,309,97.8,D,0
-18.421,132.1196,330.3,1.2,1.1,2014-10-12,0447,Aqua,MODIS,46,6.2,312.6,12.8,D,0
-18.4225,132.1084,334,1.2,1.1,2014-10-12,0447,Aqua,MODIS,67,6.2,312,18.7,D,0
-18.2828,132.0128,352.2,1.2,1.1,2014-10-12,0447,Aqua,MODIS,90,6.2,315.4,54.1,D,0
-18.2926,132.0142,351.7,1.2,1.1,2014-10-12,0447,Aqua,MODIS,93,6.2,318.5,51.2,D,0
-17.7555,132.8469,420.3,1.1,1,2014-10-12,0447,Aqua,MODIS,94,6.2,313.9,428.6,D,0
-17.7569,132.8366,340.7,1.1,1,2014-10-12,0447,Aqua,MODIS,77,6.2,304.7,28.9,D,0
-17.7583,132.8264,334.6,1.1,1,2014-10-12,0447,Aqua,MODIS,68,6.2,296.2,18.4,D,0
-17.7462,132.8455,336.5,1.1,1,2014-10-12,0447,Aqua,MODIS,53,6.2,304,19.6,D,0
-17.7382,132.8339,389.6,1.1,1,2014-10-12,0447,Aqua,MODIS,100,6.2,311.9,197,D,0
-17.7395,132.8236,437.7,1.1,1,2014-10-12,0447,Aqua,MODIS,100,6.2,322.3,618.4,D,0
-17.7409,132.8134,351.5,1.1,1,2014-10-12,0447,Aqua,MODIS,93,6.2,307.5,52.1,D,0
-17.7315,132.812,332.5,1.1,1,2014-10-12,0447,Aqua,MODIS,56,6.2,296.4,14.3,D,0
-17.7329,132.8017,344.7,1.1,1,2014-10-12,0447,Aqua,MODIS,74,6.2,307.7,37.5,D,0
-18.3733,131.9328,401.8,1.2,1.1,2014-10-12,0447,Aqua,MODIS,100,6.2,321.8,310.1,D,0
-18.4037,131.9437,351.5,1.2,1.1,2014-10-12,0447,Aqua,MODIS,93,6.2,320.8,50.7,D,0
-18.4022,131.9552,339,1.2,1.1,2014-10-12,0447,Aqua,MODIS,69,6.2,320.4,19.1,D,0
-17.6074,132.9372,377.6,1.1,1,2014-10-12,0447,Aqua,MODIS,100,6.2,310,141.5,D,0
-17.8394,132.6116,342.7,1.1,1.1,2014-10-12,0447,Aqua,MODIS,59,6.2,311.3,28.2,D,0
-17.5981,132.9358,373.7,1.1,1,2014-10-12,0447,Aqua,MODIS,100,6.2,310.1,125.5,D,0
-18.5161,132.2412,399.9,1.2,1.1,2014-10-12,0447,Aqua,MODIS,100,6.2,300.9,0,D,0
-18.5175,132.2301,385.6,1.2,1.1,2014-10-12,0447,Aqua,MODIS,94,6.2,315.2,202.2,D,0
-18.519,132.219,345.3,1.2,1.1,2014-10-12,0447,Aqua,MODIS,73,6.2,285.9,42.1,D,0
-18.5063,132.2398,422.5,1.2,1.1,2014-10-12,0447,Aqua,MODIS,0,6.2,295.6,507.6,D,0
-18.5078,132.2287,415.2,1.2,1.1,2014-10-12,0447,Aqua,MODIS,0,6.2,313.6,429.7,D,0
-17.4792,132.922,337.6,1.1,1,2014-10-12,0447,Aqua,MODIS,59,6.2,314.4,12.7,D,0
-17.6061,132.9473,410.7,1.1,1,2014-10-12,0447,Aqua,MODIS,100,6.2,317.2,342.1,D,0
-18.4793,132.0645,356.3,1.2,1.1,2014-10-12,0447,Aqua,MODIS,95,6.2,324.1,61.1,D,0
-17.6047,132.9574,389.3,1.1,1,2014-10-12,0447,Aqua,MODIS,94,6.2,308.9,200.2,D,0
-18.4778,132.0758,359.9,1.2,1.1,2014-10-12,0447,Aqua,MODIS,99,6.2,323.5,73.8,D,0
-18.4721,132.121,352.4,1.2,1.1,2014-10-12,0447,Aqua,MODIS,88,6.2,305,56.1,D,0
-18.4706,132.1322,366.8,1.2,1.1,2014-10-12,0447,Aqua,MODIS,100,6.2,304.2,107.9,D,0
-18.4692,132.1434,386.2,1.2,1.1,2014-10-12,0447,Aqua,MODIS,100,6.2,312.7,205.1,D,0
-18.4906,132.0546,339.3,1.2,1.1,2014-10-12,0447,Aqua,MODIS,28,6.2,321.5,17.7,D,0
-18.4761,132.1673,339,1.2,1.1,2014-10-12,0447,Aqua,MODIS,69,6.2,308.6,28.4,D,0
-18.4674,132.2342,354,1.2,1.1,2014-10-12,0447,Aqua,MODIS,70,6.2,294.2,69,D,0
-17.4778,132.9321,346.3,1.1,1,2014-10-12,0447,Aqua,MODIS,88,6.2,314.4,28.1,D,0
-17.6109,132.9536,401.5,1.1,1,2014-10-12,0447,Aqua,MODIS,87,6.2,310,271.6,D,0
-18.0067,132.8074,368.6,1.1,1,2014-10-12,0447,Aqua,MODIS,100,6.2,315,106.4,D,0
-18.2814,132.0241,351.5,1.2,1.1,2014-10-12,0447,Aqua,MODIS,70,6.2,298.2,52.5,D,0
-17.4844,132.9536,336.5,1.1,1,2014-10-12,0447,Aqua,MODIS,49,6.2,313,12.4,D,0
-18.4989,132.0673,344.7,1.2,1.1,2014-10-12,0447,Aqua,MODIS,46,6.2,321.7,26.6,D,0
-18.4844,132.1799,343.7,1.2,1.1,2014-10-12,0447,Aqua,MODIS,68,6.2,311.2,35.8,D,0
-18.4829,132.1911,348.5,1.2,1.1,2014-10-12,0447,Aqua,MODIS,79,6.2,299.1,48.1,D,0
-17.989,132.8307,336.2,1.1,1,2014-10-12,0447,Aqua,MODIS,44,6.2,306.8,24.7,D,0
-17.9959,132.8163,397.8,1.1,1,2014-10-12,0447,Aqua,MODIS,100,6.2,318.7,251.2,D,0
-17.9946,132.8267,379,1.1,1,2014-10-12,0447,Aqua,MODIS,100,6.2,317.9,147,D,0
-18.4786,132.2245,384.1,1.2,1.1,2014-10-12,0447,Aqua,MODIS,87,6.2,302.1,193.6,D,0
-18.48,132.2134,393.6,1.2,1.1,2014-10-12,0447,Aqua,MODIS,75,6.2,302.7,251,D,0
-17.5987,132.7907,338.9,1.1,1,2014-10-12,0447,Aqua,MODIS,59,6.2,318.2,16,D,0
-17.4978,132.9248,337.5,1.1,1,2014-10-12,0447,Aqua,MODIS,55,6.2,314.6,15.8,D,0
-18.4592,132.2217,335.6,1.2,1.1,2014-10-12,0447,Aqua,MODIS,20,6.2,294.1,22.7,D,0
-18.4912,132.2037,347.4,1.2,1.1,2014-10-12,0447,Aqua,MODIS,78,6.2,296.7,44.2,D,0
-18.0053,132.8177,449.6,1.1,1,2014-10-12,0447,Aqua,MODIS,100,6.2,330.5,785.2,D,0
-18.004,132.828,474.9,1.1,1,2014-10-12,0447,Aqua,MODIS,100,6.2,338.4,1223.5,D,0
-18.0026,132.8383,402.6,1.1,1,2014-10-12,0447,Aqua,MODIS,75,6.2,304.5,289.1,D,0
-18.4898,132.2148,365.8,1.2,1.1,2014-10-12,0447,Aqua,MODIS,75,6.2,300.3,105,D,0
-18.0147,132.8191,380.3,1.1,1,2014-10-12,0447,Aqua,MODIS,100,6.2,304,157.6,D,0
-18.4577,132.2328,340.2,1.2,1.1,2014-10-12,0447,Aqua,MODIS,0,6.2,295.5,34.6,D,0
-18.4883,132.2259,385.2,1.2,1.1,2014-10-12,0447,Aqua,MODIS,0,6.2,299.9,199.7,D,0
-18.5024,132.1939,338.5,1.2,1.1,2014-10-12,0447,Aqua,MODIS,56,6.2,303.8,23.3,D,0
-18.2995,132.0382,336.7,1.2,1.1,2014-10-12,0447,Aqua,MODIS,55,6.2,306.9,15.5,D,0
-18.501,132.2051,353.1,1.2,1.1,2014-10-12,0447,Aqua,MODIS,0,6.2,294.6,59.7,D,0
-17.5126,132.8857,343.3,1.1,1,2014-10-12,0447,Aqua,MODIS,82,6.2,315.5,26.8,D,0
-18.2981,132.0495,366.4,1.2,1.1,2014-10-12,0447,Aqua,MODIS,75,6.2,300.1,103.1,D,0
-18.4154,131.8513,354.7,1.2,1.1,2014-10-12,0447,Aqua,MODIS,96,6.2,321.7,59.2,D,0
-18.4168,131.8397,341.3,1.2,1.1,2014-10-12,0447,Aqua,MODIS,53,6.2,322,22.3,D,0
-18.4183,131.8281,354.7,1.2,1.1,2014-10-12,0447,Aqua,MODIS,96,6.2,323,59.5,D,0
-18.4198,131.8164,358.4,1.2,1.1,2014-10-12,0447,Aqua,MODIS,98,6.2,319.3,72.9,D,0
-18.3748,131.9213,391.1,1.2,1.1,2014-10-12,0447,Aqua,MODIS,100,6.2,326.3,230.4,D,0
-18.2967,132.0608,384.4,1.2,1.1,2014-10-12,0447,Aqua,MODIS,75,6.2,302,192.3,D,0
-17.836,132.6055,358.9,1.1,1.1,2014-10-12,0447,Aqua,MODIS,99,6.2,316,69.6,D,0
-17.7856,132.6938,337.6,1.1,1,2014-10-12,0447,Aqua,MODIS,49,6.2,316.8,20.1,D,0
-17.471,132.9824,341.6,1.1,1,2014-10-12,0447,Aqua,MODIS,82,6.2,310.4,32.5,D,0
-17.4764,132.9422,340.7,1.1,1,2014-10-12,0447,Aqua,MODIS,57,6.2,315.2,17.2,D,0
-13.802,132.4924,372.6,1,1,2014-10-12,0448,Aqua,MODIS,100,6.2,312,109.3,D,0
-13.337,131.9386,335.5,1.1,1,2014-10-12,0448,Aqua,MODIS,65,6.2,316.9,10,D,0
-12.9828,132.3655,334.3,1,1,2014-10-12,0448,Aqua,MODIS,61,6.2,313.2,9.7,D,0
-12.9815,132.375,337.7,1,1,2014-10-12,0448,Aqua,MODIS,76,6.2,314.5,15.1,D,0
-12.2418,136.8018,327,1.3,1.1,2014-10-12,0448,Aqua,MODIS,33,6.2,309.5,13.1,D,0
-12.2519,136.8033,329.9,1.3,1.1,2014-10-12,0448,Aqua,MODIS,63,6.2,311.5,18.4,D,0
-13.0397,132.8102,385.6,1,1,2014-10-12,0448,Aqua,MODIS,100,6.2,322.9,157.9,D,0
-13.041,132.8009,354.8,1,1,2014-10-12,0448,Aqua,MODIS,96,6.2,316.9,49.8,D,0
-13.0312,132.8127,349.5,1,1,2014-10-12,0448,Aqua,MODIS,91,6.2,320.1,39.1,D,0
-13.0325,132.8034,369.2,1,1,2014-10-12,0448,Aqua,MODIS,100,6.2,322.8,91.8,D,0
-12.3758,135.8573,332.2,1.1,1.1,2014-10-12,0448,Aqua,MODIS,66,6.2,313.2,13.2,D,0
-13.7109,133.5927,343.1,1,1,2014-10-12,0448,Aqua,MODIS,84,6.2,320.9,23,D,0
-13.735,135.9984,332.3,1.1,1.1,2014-10-12,0448,Aqua,MODIS,59,6.2,308.4,23.1,D,0
-13.8146,132.5196,336.3,1,1,2014-10-12,0448,Aqua,MODIS,38,6.2,313.9,14.9,D,0
-12.5827,142.8574,322.4,3.6,1.8,2014-10-12,0448,Aqua,MODIS,67,6.2,301.1,70.3,D,0
-11.9726,135.6025,321.1,1.1,1.1,2014-10-12,0448,Aqua,MODIS,26,6.2,307.7,10.2,D,0
-12.3217,136.8083,330.9,1.3,1.1,2014-10-12,0448,Aqua,MODIS,59,6.2,307.9,18.8,D,0
-13.9573,135.6823,336.4,1.1,1,2014-10-12,0448,Aqua,MODIS,61,6.2,315.3,15.4,D,0
-13.9558,135.6924,337.4,1.1,1,2014-10-12,0448,Aqua,MODIS,63,6.2,313.7,18.1,D,0
-13.9652,135.6938,332,1.1,1,2014-10-12,0448,Aqua,MODIS,37,6.2,315.8,11,D,0
-14.2201,136.5715,328.7,1.2,1.1,2014-10-12,0448,Aqua,MODIS,37,6.2,308,14.4,D,0
-14.207,136.5917,335,1.2,1.1,2014-10-12,0448,Aqua,MODIS,74,6.2,306.1,27.6,D,0
-14.1796,136.5758,330,1.2,1.1,2014-10-12,0448,Aqua,MODIS,56,6.2,306.9,17.6,D,0
-13.9064,135.8288,342.2,1.1,1,2014-10-12,0448,Aqua,MODIS,84,6.2,315.6,29.4,D,0
-13.9048,135.8389,345.9,1.1,1,2014-10-12,0448,Aqua,MODIS,88,6.2,316.3,37.1,D,0
-12.5595,142.8483,316.6,3.6,1.8,2014-10-12,0448,Aqua,MODIS,61,6.2,298.7,44.8,D,0
-13.4944,134.3345,346.9,1,1,2014-10-12,0448,Aqua,MODIS,89,6.2,320.2,28.4,D,0
-13.4958,134.3252,364.3,1,1,2014-10-12,0448,Aqua,MODIS,100,6.2,320.2,72.3,D,0
-13.9554,136.6388,333.7,1.2,1.1,2014-10-12,0448,Aqua,MODIS,72,6.2,309.7,20.8,D,0
-13.9571,136.6278,337.4,1.2,1.1,2014-10-12,0448,Aqua,MODIS,79,6.2,309.5,28.3,D,0
-13.4471,134.3394,340.8,1,1,2014-10-12,0448,Aqua,MODIS,59,6.2,321.3,16.6,D,0
-13.4527,135.554,335.5,1.1,1,2014-10-12,0448,Aqua,MODIS,48,6.2,319.2,13.8,D,0
-12.2655,142.6721,321.5,3.5,1.8,2014-10-12,0448,Aqua,MODIS,48,6.2,299.8,56.1,D,0
-13.7903,132.4415,342.1,1.1,1,2014-10-12,0448,Aqua,MODIS,66,6.2,313,27.4,D,0
-13.7955,132.4717,346.4,1,1,2014-10-12,0448,Aqua,MODIS,88,6.2,316.5,35.5,D,0
-13.8007,132.502,350.1,1,1,2014-10-12,0448,Aqua,MODIS,92,6.2,311.5,43.4,D,0
-13.9864,135.6156,354.6,1.1,1,2014-10-12,0448,Aqua,MODIS,96,6.2,317.6,57.3,D,0
-13.9879,135.6057,338.6,1.1,1,2014-10-12,0448,Aqua,MODIS,78,6.2,314,22.6,D,0
-13.9306,135.6066,334.4,1.1,1,2014-10-12,0448,Aqua,MODIS,60,6.2,314.5,15.4,D,0
-13.9321,135.5967,358.8,1.1,1,2014-10-12,0448,Aqua,MODIS,99,6.2,314.2,70.2,D,0
-13.9213,135.6051,339.2,1.1,1,2014-10-12,0448,Aqua,MODIS,68,6.2,317.7,22,D,0
-14.1319,136.551,331.1,1.2,1.1,2014-10-12,0448,Aqua,MODIS,64,6.2,307.1,19.2,D,0
-14.1448,136.5311,349.6,1.2,1.1,2014-10-12,0448,Aqua,MODIS,92,6.2,306.3,60.3,D,0
-14.1475,136.526,347,1.2,1.1,2014-10-12,0448,Aqua,MODIS,90,6.2,306.4,51.6,D,0
-14.1458,136.5368,338.6,1.2,1.1,2014-10-12,0448,Aqua,MODIS,80,6.2,306.6,33.3,D,0
-14.1585,136.5834,330.3,1.2,1.1,2014-10-12,0448,Aqua,MODIS,46,6.2,307.1,17.9,D,0
-13.4548,134.3501,336.9,1,1,2014-10-12,0448,Aqua,MODIS,39,6.2,318.9,11.3,D,0
-13.4868,134.3238,374.7,1,1,2014-10-12,0448,Aqua,MODIS,100,6.2,323.4,107.9,D,0
-13.4854,134.3331,365.3,1,1,2014-10-12,0448,Aqua,MODIS,100,6.2,326.2,74.6,D,0
-13.4841,134.3423,340.5,1,1,2014-10-12,0448,Aqua,MODIS,49,6.2,321.7,16.7,D,0
-12.2611,142.6062,329.4,3.5,1.8,2014-10-12,0448,Aqua,MODIS,82,6.2,298.5,107.6,D,0
-12.0406,134.6381,346.2,1,1,2014-10-12,0448,Aqua,MODIS,78,6.2,309.3,36.2,D,0
-13.8808,136.4462,353.5,1.2,1.1,2014-10-12,0448,Aqua,MODIS,83,6.2,312.2,65.1,D,0
-13.8791,136.457,339.9,1.2,1.1,2014-10-12,0448,Aqua,MODIS,82,6.2,310,31.1,D,0
-13.8831,136.4533,352.7,1.2,1.1,2014-10-12,0448,Aqua,MODIS,82,6.2,310.5,65.9,D,0
-14.2007,134.1555,346.3,1,1,2014-10-12,0448,Aqua,MODIS,88,6.2,319.8,24.9,D,0
-14.202,134.1463,338,1,1,2014-10-12,0448,Aqua,MODIS,43,6.2,319.6,10.9,D,0
-14.1697,134.179,338.1,1,1,2014-10-12,0448,Aqua,MODIS,50,6.2,322.5,10.3,D,0
-13.8434,132.5825,343.1,1,1,2014-10-12,0448,Aqua,MODIS,55,6.2,318,24,D,0
-12.4356,135.7447,331.2,1.1,1.1,2014-10-12,0448,Aqua,MODIS,50,6.2,313.5,12,D,0
-13.9779,129.911,327.1,1.4,1.2,2014-10-12,0448,Aqua,MODIS,42,6.2,302.7,14.2,D,0
-13.7943,132.4125,388,1.1,1,2014-10-12,0448,Aqua,MODIS,100,6.2,320.7,180.7,D,0
-13.8172,132.5689,356.4,1,1,2014-10-12,0448,Aqua,MODIS,97,6.2,318.4,56.8,D,0
-13.8199,132.5497,361.5,1,1,2014-10-12,0448,Aqua,MODIS,100,6.2,319.3,68.9,D,0
-13.5223,130.187,335.6,1.3,1.1,2014-10-12,0448,Aqua,MODIS,51,6.2,305.7,31.3,D,0
-13.5207,130.1993,333.6,1.3,1.1,2014-10-12,0448,Aqua,MODIS,43,6.2,304.3,27.8,D,0
-13.812,132.5388,404.9,1,1,2014-10-12,0448,Aqua,MODIS,100,6.2,315.8,278.2,D,0
-13.8186,132.5593,385.6,1,1,2014-10-12,0448,Aqua,MODIS,100,6.2,323.3,162.2,D,0
-13.9818,129.9168,331.2,1.4,1.2,2014-10-12,0448,Aqua,MODIS,71,6.2,303.4,22.6,D,0
-13.8133,132.5292,421.4,1,1,2014-10-12,0448,Aqua,MODIS,100,6.2,320.9,409.6,D,0
-13.0552,130.2536,335.5,1.3,1.1,2014-10-12,0448,Aqua,MODIS,71,6.2,299.4,37,D,0
-13.793,132.4221,350.5,1.1,1,2014-10-12,0448,Aqua,MODIS,92,6.2,317,45.5,D,0
-12.461,134.4107,354.5,1,1,2014-10-12,0448,Aqua,MODIS,96,6.2,314.7,49,D,0
-12.2063,141.7955,325.9,3,1.7,2014-10-12,0448,Aqua,MODIS,75,6.2,299,69.6,D,0
-12.0377,134.7835,341.9,1,1,2014-10-12,0448,Aqua,MODIS,64,6.2,307.4,35.3,D,0
-12.9411,135.0255,341.4,1.1,1,2014-10-12,0448,Aqua,MODIS,53,6.2,320.3,18.8,D,0
-13.0276,135.74,339.8,1.1,1.1,2014-10-12,0448,Aqua,MODIS,73,6.2,318.1,20.8,D,0
-12.5372,142.5189,330.7,3.4,1.7,2014-10-12,0448,Aqua,MODIS,75,6.2,300.6,106.1,D,0
-12.355,135.6105,341.7,1.1,1.1,2014-10-12,0448,Aqua,MODIS,84,6.2,311.8,31.9,D,0
-15.6494,125.4014,328.9,3.3,1.7,2014-10-12,0448,Aqua,MODIS,67,6.2,302.3,83.5,D,0
-15.6338,125.4013,328.8,3.3,1.7,2014-10-12,0448,Aqua,MODIS,66,6.2,303.1,86.4,D,0
-12.408,136.521,330.3,1.2,1.1,2014-10-12,0448,Aqua,MODIS,57,6.2,311.5,13.2,D,0
-12.4278,136.5243,337.1,1.2,1.1,2014-10-12,0448,Aqua,MODIS,77,6.2,308.7,27.9,D,0
-12.2308,141.922,327.3,3.1,1.7,2014-10-12,0448,Aqua,MODIS,76,6.2,296.6,84.1,D,0
-12.2269,134.3184,334.9,1,1,2014-10-12,0448,Aqua,MODIS,72,6.2,309.7,17.3,D,0
-13.1082,136.2262,338.4,1.2,1.1,2014-10-12,0448,Aqua,MODIS,36,6.2,317.5,24.5,D,0
-13.1115,136.2048,371.2,1.2,1.1,2014-10-12,0448,Aqua,MODIS,100,6.2,318.2,132.8,D,0
-13.1098,136.2155,351.5,1.2,1.1,2014-10-12,0448,Aqua,MODIS,93,6.2,318.9,58.7,D,0
-13.1002,136.2139,387.2,1.2,1.1,2014-10-12,0448,Aqua,MODIS,100,6.2,318.6,209.6,D,0
-12.4701,134.4121,344.2,1,1,2014-10-12,0448,Aqua,MODIS,87,6.2,314,26.7,D,0
-13.0985,136.2246,351.4,1.2,1.1,2014-10-12,0448,Aqua,MODIS,93,6.2,317.8,55.8,D,0
-13.1018,136.2032,370.1,1.2,1.1,2014-10-12,0448,Aqua,MODIS,100,6.2,314.8,127.6,D,0
-14.4321,133.31,344.9,1,1,2014-10-12,0448,Aqua,MODIS,86,6.2,319.8,24.2,D,0
-12.2255,134.3277,334.2,1,1,2014-10-12,0448,Aqua,MODIS,72,6.2,309.4,16.4,D,0
-14.4472,133.3276,355.9,1,1,2014-10-12,0448,Aqua,MODIS,97,6.2,322.3,44.5,D,0
-14.4308,133.3194,339.8,1,1,2014-10-12,0448,Aqua,MODIS,79,6.2,319.7,15.9,D,0
-12.3116,136.8066,327.5,1.3,1.1,2014-10-12,0448,Aqua,MODIS,35,6.2,309.5,12.5,D,0
-12.3504,135.6033,345.4,1.1,1.1,2014-10-12,0448,Aqua,MODIS,88,6.2,311.7,42.7,D,0
-12.3488,135.6135,328.8,1.1,1.1,2014-10-12,0448,Aqua,MODIS,54,6.2,310.6,12.8,D,0
-13.3769,135.6754,369.2,1.1,1,2014-10-12,0448,Aqua,MODIS,100,6.2,317.5,107.8,D,0
-13.3848,135.687,357.1,1.1,1,2014-10-12,0448,Aqua,MODIS,97,6.2,316.5,65.1,D,0
-12.3565,135.6003,345.3,1.1,1.1,2014-10-12,0448,Aqua,MODIS,88,6.2,311.4,37.9,D,0
-12.6788,132.9598,339.7,1,1,2014-10-12,0448,Aqua,MODIS,74,6.2,316.6,16.4,D,0
-12.6878,132.9612,336.8,1,1,2014-10-12,0448,Aqua,MODIS,74,6.2,320.3,13.6,D,0
-12.6801,132.9506,345.5,1,1,2014-10-12,0448,Aqua,MODIS,87,6.2,317.4,27.5,D,0
-13.3754,135.6854,344.9,1.1,1,2014-10-12,0448,Aqua,MODIS,86,6.2,319.8,34.8,D,0
-13.366,135.684,337.3,1.1,1,2014-10-12,0448,Aqua,MODIS,75,6.2,316,20.2,D,0
-12.2015,141.8229,328.8,3,1.7,2014-10-12,0448,Aqua,MODIS,82,6.2,299.8,88.4,D,0
-13.1682,141.8228,321.5,2.9,1.6,2014-10-12,0448,Aqua,MODIS,74,6.2,302.8,33.5,D,0
-13.2837,141.7687,347.4,2.9,1.6,2014-10-12,0448,Aqua,MODIS,71,6.2,301.1,204.2,D,0
-13.2833,141.7637,347.4,2.9,1.6,2014-10-12,0448,Aqua,MODIS,82,6.2,301.1,202.3,D,0
-14.4459,133.3369,342.7,1,1,2014-10-12,0448,Aqua,MODIS,51,6.2,317.9,18.2,D,0
-13.3785,135.6652,387.5,1.1,1,2014-10-12,0448,Aqua,MODIS,100,6.2,317.6,191.5,D,0
-12.452,134.4093,333.4,1,1,2014-10-12,0448,Aqua,MODIS,46,6.2,312.4,9.6,D,0
-12.3639,134.6393,329.8,1,1,2014-10-12,0448,Aqua,MODIS,39,6.2,310.7,9.8,D,0
-14.4549,133.3382,361.4,1,1,2014-10-12,0448,Aqua,MODIS,100,6.2,322.5,60.5,D,0
-12.9365,135.8672,338.5,1.1,1.1,2014-10-12,0448,Aqua,MODIS,59,6.2,317.2,19.3,D,0
-12.4624,134.4014,342.8,1,1,2014-10-12,0448,Aqua,MODIS,85,6.2,316.2,23.1,D,0
-14.8648,133.367,342.2,1,1,2014-10-12,0448,Aqua,MODIS,78,6.2,322,16.9,D,0
-14.2417,135.6962,332.2,1.1,1,2014-10-12,0448,Aqua,MODIS,39,6.2,315.8,11.3,D,0
-14.7387,133.285,345.1,1,1,2014-10-12,0448,Aqua,MODIS,87,6.2,318.5,27.2,D,0
-14.74,133.2756,350.8,1,1,2014-10-12,0448,Aqua,MODIS,92,6.2,318.8,39,D,0
-11.8948,134.0068,347.3,1,1,2014-10-12,0448,Aqua,MODIS,85,6.2,305.6,43.8,D,0
-13.2693,141.7661,334,2.9,1.6,2014-10-12,0448,Aqua,MODIS,75,6.2,300.4,98.7,D,0
-13.2689,141.761,332,2.9,1.6,2014-10-12,0448,Aqua,MODIS,73,6.2,300.1,84.2,D,0
-12.3734,134.2585,359.9,1,1,2014-10-12,0448,Aqua,MODIS,99,6.2,313.1,66.2,D,0
-13.3583,142.2096,332.6,3.1,1.7,2014-10-12,0448,Aqua,MODIS,74,6.2,305.2,79.5,D,0
-13.3611,142.1858,331.5,3.1,1.7,2014-10-12,0448,Aqua,MODIS,60,6.2,307.2,69.7,D,0
-13.4109,135.5779,334.8,1.1,1,2014-10-12,0448,Aqua,MODIS,42,6.2,316.9,11.4,D,0
-12.3955,136.6005,333.9,1.3,1.1,2014-10-12,0448,Aqua,MODIS,72,6.2,309.4,23.5,D,0
-11.8895,134.0437,338,1,1,2014-10-12,0448,Aqua,MODIS,62,6.2,308.4,23.1,D,0
-12.3721,134.2678,330.7,1,1,2014-10-12,0448,Aqua,MODIS,39,6.2,310.6,8.1,D,0
-12.3638,134.2599,335.6,1,1,2014-10-12,0448,Aqua,MODIS,76,6.2,313.2,15.9,D,0
-12.5527,142.5218,333.8,3.4,1.7,2014-10-12,0448,Aqua,MODIS,83,6.2,302.3,124,D,0
-11.8858,134.0055,332,1,1,2014-10-12,0448,Aqua,MODIS,35,6.2,304.4,16.6,D,0
-11.8728,134.0317,338.5,1,1,2014-10-12,0448,Aqua,MODIS,57,6.2,311.2,23,D,0
-11.8831,134.0239,341,1,1,2014-10-12,0448,Aqua,MODIS,63,6.2,312.4,26.6,D,0
-13.3723,135.7056,339.4,1.1,1,2014-10-12,0448,Aqua,MODIS,79,6.2,317.5,23.9,D,0
-11.8624,134.0395,335,1,1,2014-10-12,0448,Aqua,MODIS,0,6.2,305.8,20.1,D,0
-12.3162,134.7093,331.3,1,1,2014-10-12,0448,Aqua,MODIS,45,6.2,310.6,8.9,D,0
-12.3748,134.2492,347.4,1,1,2014-10-12,0448,Aqua,MODIS,90,6.2,311.8,36.3,D,0
-12.307,134.7079,334.6,1,1,2014-10-12,0448,Aqua,MODIS,52,6.2,312,13.3,D,0
-13.3146,134.1152,357,1,1,2014-10-12,0448,Aqua,MODIS,97,6.2,321.6,53.8,D,0
-13.3133,134.1244,341.7,1,1,2014-10-12,0448,Aqua,MODIS,82,6.2,320.2,20.6,D,0
-13.3833,135.697,369.1,1.1,1,2014-10-12,0448,Aqua,MODIS,100,6.2,319.1,105.3,D,0
-14.4334,133.3007,350.9,1,1,2014-10-12,0448,Aqua,MODIS,93,6.2,318.6,37.4,D,0
-11.8638,134.0303,334.3,1,1,2014-10-12,0448,Aqua,MODIS,40,6.2,307.6,19,D,0
-11.8741,134.0225,365.5,1,1,2014-10-12,0448,Aqua,MODIS,87,6.2,313.2,84.1,D,0
-12.6084,136.6128,334.6,1.2,1.1,2014-10-12,0448,Aqua,MODIS,39,6.2,311.2,22.8,D,0
-13.3645,135.694,366.5,1.1,1,2014-10-12,0448,Aqua,MODIS,100,6.2,317.3,96.7,D,0
-13.3739,135.6955,365,1.1,1,2014-10-12,0448,Aqua,MODIS,100,6.2,322.1,90.3,D,0
-13.3629,135.7041,330.3,1.1,1,2014-10-12,0448,Aqua,MODIS,40,6.2,315.5,10,D,0
-12.9328,134.9554,346.7,1,1,2014-10-12,0448,Aqua,MODIS,84,6.2,321.3,29.2,D,0
-12.6003,136.5998,332,1.2,1.1,2014-10-12,0448,Aqua,MODIS,44,6.2,309.6,19,D,0
-14.7785,133.396,346.7,1,1,2014-10-12,0448,Aqua,MODIS,88,6.2,318.8,30.1,D,0
-14.0823,135.658,339.8,1.1,1,2014-10-12,0448,Aqua,MODIS,80,6.2,316.2,25.2,D,0
-14.5651,135.1872,333.5,1,1,2014-10-12,0448,Aqua,MODIS,64,6.2,316.2,9.9,D,0
-14.7113,133.4811,333.6,1,1,2014-10-12,0448,Aqua,MODIS,46,6.2,317.5,7,D,0
-13.7595,134.4694,340.2,1,1,2014-10-12,0448,Aqua,MODIS,55,6.2,322.1,13.9,D,0
-14.478,133.4366,339.4,1,1,2014-10-12,0448,Aqua,MODIS,72,6.2,321.2,11.6,D,0
-14.668,133.4585,343.4,1,1,2014-10-12,0448,Aqua,MODIS,85,6.2,321.6,20.7,D,0
-12.4822,142.7594,329.8,3.5,1.8,2014-10-12,0448,Aqua,MODIS,59,6.2,298.8,108.2,D,0
-14.5637,135.1967,334.5,1,1,2014-10-12,0448,Aqua,MODIS,68,6.2,315.5,11.7,D,0
-14.066,136.4626,332,1.2,1.1,2014-10-12,0448,Aqua,MODIS,62,6.2,312,17.3,D,0
-12.2366,141.9732,324.2,3.1,1.7,2014-10-12,0448,Aqua,MODIS,67,6.2,299.3,68,D,0
-14.7862,133.4067,339.5,1,1,2014-10-12,0448,Aqua,MODIS,73,6.2,318.4,17,D,0
-14.7488,133.4106,341.9,1,1,2014-10-12,0448,Aqua,MODIS,61,6.2,317.2,20.5,D,0
-12.4232,142.4583,320.7,3.4,1.7,2014-10-12,0448,Aqua,MODIS,53,6.2,301.3,39.2,D,0
-14.556,135.1857,373.2,1,1,2014-10-12,0448,Aqua,MODIS,100,6.2,318.1,108.4,D,0
-14.6513,133.4465,338.9,1,1,2014-10-12,0448,Aqua,MODIS,57,6.2,318.2,12,D,0
-14.659,133.4572,349.5,1,1,2014-10-12,0448,Aqua,MODIS,91,6.2,319.8,33.2,D,0
-14.6526,133.4372,341,1,1,2014-10-12,0448,Aqua,MODIS,69,6.2,319.8,15.6,D,0
-12.2265,141.9424,346.2,3.1,1.7,2014-10-12,0448,Aqua,MODIS,0,6.2,298.1,231.5,D,0
-14.6603,133.4479,337.9,1,1,2014-10-12,0448,Aqua,MODIS,58,6.2,320.4,11.2,D,0
-12.5472,142.5525,324.3,3.4,1.7,2014-10-12,0448,Aqua,MODIS,44,6.2,303,52.6,D,0
-12.2407,141.9526,336.8,3.1,1.7,2014-10-12,0448,Aqua,MODIS,83,6.2,299.3,154.9,D,0
-12.4978,142.7371,322.4,3.5,1.8,2014-10-12,0448,Aqua,MODIS,52,6.2,298.9,64.7,D,0
-13.7685,134.4708,368.5,1,1,2014-10-12,0448,Aqua,MODIS,100,6.2,322.3,82.9,D,0
-12.492,142.7688,321,3.5,1.8,2014-10-12,0448,Aqua,MODIS,27,6.2,298.5,58.7,D,0
-12.2356,141.9806,316.1,3.1,1.7,2014-10-12,0448,Aqua,MODIS,65,6.2,299.2,28.3,D,0
-14.5545,135.1953,343.8,1,1,2014-10-12,0448,Aqua,MODIS,85,6.2,315,26.7,D,0
-12.5035,142.7057,325.8,3.5,1.8,2014-10-12,0448,Aqua,MODIS,51,6.2,299.5,79,D,0
-12.482,142.7341,319.6,3.5,1.8,2014-10-12,0448,Aqua,MODIS,36,6.2,298.6,44.7,D,0
-14.795,133.4042,340.8,1,1,2014-10-12,0448,Aqua,MODIS,81,6.2,318.2,17.6,D,0
-12.5156,135.828,344.7,1.1,1.1,2014-10-12,0448,Aqua,MODIS,87,6.2,316.7,35,D,0
-12.4932,142.6964,327.9,3.5,1.8,2014-10-12,0448,Aqua,MODIS,45,6.2,299.5,85.2,D,0
-14.0809,135.668,334.6,1.1,1,2014-10-12,0448,Aqua,MODIS,63,6.2,317,15.4,D,0
-12.4292,142.454,319.9,3.4,1.7,2014-10-12,0448,Aqua,MODIS,46,6.2,300.9,34.8,D,0
-14.0677,136.4518,333.1,1.2,1.1,2014-10-12,0448,Aqua,MODIS,59,6.2,311.5,19,D,0
-12.9388,130.752,353.9,1.2,1.1,2014-10-12,0448,Aqua,MODIS,95,6.2,313.6,63.2,D,0
-14.5468,135.1843,368.1,1,1,2014-10-12,0448,Aqua,MODIS,100,6.2,315.3,90.9,D,0
-14.5483,135.1747,345.9,1,1,2014-10-12,0448,Aqua,MODIS,88,6.2,313.6,31.8,D,0
-14.7963,133.3949,340.5,1,1,2014-10-12,0448,Aqua,MODIS,81,6.2,318.1,17.2,D,0
-12.2258,141.9498,342.2,3.1,1.7,2014-10-12,0448,Aqua,MODIS,86,6.2,298.6,200.3,D,0
-14.7126,133.4718,338.4,1,1,2014-10-12,0448,Aqua,MODIS,77,6.2,320.3,13.9,D,0
-12.4877,142.7279,327.3,3.5,1.8,2014-10-12,0448,Aqua,MODIS,50,6.2,298.9,85.9,D,0
-11.2223,132.339,328.1,1,1,2014-10-12,0449,Aqua,MODIS,57,6.2,302.3,13.8,D,0
-11.3781,131.144,345.9,1.1,1.1,2014-10-12,0449,Aqua,MODIS,91,6.2,310.5,42.5,D,0
-11.3795,131.1337,332.2,1.1,1.1,2014-10-12,0449,Aqua,MODIS,61,6.2,310.7,15.1,D,0
-11.3714,131.122,333.7,1.1,1.1,2014-10-12,0449,Aqua,MODIS,55,6.2,310,19.6,D,0
-11.3727,131.1118,338.9,1.1,1.1,2014-10-12,0449,Aqua,MODIS,80,6.2,310.4,30,D,0
-11.3767,131.1542,332.6,1.1,1.1,2014-10-12,0449,Aqua,MODIS,64,6.2,308,17.6,D,0
-11.6959,130.8983,329.8,1.2,1.1,2014-10-12,0449,Aqua,MODIS,44,6.2,310.9,10.9,D,0
-11.7055,130.8997,335.5,1.2,1.1,2014-10-12,0449,Aqua,MODIS,80,6.2,312.9,21.2,D,0
-11.7152,130.9012,333.9,1.2,1.1,2014-10-12,0449,Aqua,MODIS,78,6.2,311.7,18.6,D,0
-11.4027,131.1056,340.5,1.1,1.1,2014-10-12,0449,Aqua,MODIS,86,6.2,310.3,28.2,D,0
-11.3932,131.1042,374.3,1.1,1.1,2014-10-12,0449,Aqua,MODIS,100,6.2,312.5,133.9,D,0
-11.3946,131.0939,368.8,1.1,1.1,2014-10-12,0449,Aqua,MODIS,100,6.2,310,112.6,D,0
-11.3974,131.0733,328,1.1,1.1,2014-10-12,0449,Aqua,MODIS,55,6.2,304.4,16,D,0
-33.3991,116.3745,328.4,1.1,1.1,2014-10-12,0621,Aqua,MODIS,85,6.2,293.2,28.6,D,0
-33.3972,116.3865,352.4,1.1,1.1,2014-10-12,0621,Aqua,MODIS,97,6.2,297.4,76.8,D,0
-33.4014,116.3806,339.6,1.1,1.1,2014-10-12,0621,Aqua,MODIS,81,6.2,295.4,44.2,D,0
-32.8333,116.4595,306.3,1.1,1.1,2014-10-12,0621,Aqua,MODIS,52,6.2,291.9,5.1,D,0
-33.3857,116.3963,341.2,1.1,1.1,2014-10-12,0621,Aqua,MODIS,92,6.2,294.3,49.6,D,0
-33.3877,116.3842,355.7,1.1,1.1,2014-10-12,0621,Aqua,MODIS,98,6.2,296.4,85.8,D,0
-30.8724,121.4934,320.2,2.5,1.5,2014-10-12,0622,Aqua,MODIS,59,6.2,302.9,29.9,D,2
-31.1673,115.6575,315.8,1.1,1.1,2014-10-12,0622,Aqua,MODIS,48,6.2,291.1,10,D,0
-22.549,122.513,349.2,4.5,2,2014-10-12,0624,Aqua,MODIS,92,6.2,318.2,341.3,D,0
-22.8069,120.6488,333.7,3.3,1.7,2014-10-12,0624,Aqua,MODIS,71,6.2,314.5,82.3,D,0
-22.8133,120.6171,334.8,3.3,1.7,2014-10-12,0624,Aqua,MODIS,73,6.2,315.4,90.4,D,0
-22.8229,120.624,340.7,3.3,1.7,2014-10-12,0624,Aqua,MODIS,83,6.2,315.7,141.2,D,0
-22.5317,122.5086,405.4,4.5,2,2014-10-12,0624,Aqua,MODIS,100,6.2,324.4,2352,D,0
-22.5221,122.5523,345.1,4.6,2,2014-10-12,0624,Aqua,MODIS,82,6.2,316.8,272,D,0
-22.5299,122.5131,404.4,4.5,2,2014-10-12,0624,Aqua,MODIS,100,6.2,323.7,2295.6,D,0
-22.5473,122.5175,350.6,4.5,2,2014-10-12,0624,Aqua,MODIS,93,6.2,318.4,369.3,D,0
-21.4555,117.3592,333.4,2.1,1.4,2014-10-12,0624,Aqua,MODIS,65,6.2,317,33.9,D,0
-21.4591,117.3394,359.3,2.1,1.4,2014-10-12,0624,Aqua,MODIS,99,6.2,318.4,180.1,D,0
-21.0809,117.176,359.4,2,1.4,2014-10-12,0624,Aqua,MODIS,99,6.2,321.6,165.6,D,0
-21.0845,117.1567,399.6,2,1.4,2014-10-12,0624,Aqua,MODIS,100,6.2,327.4,630.3,D,0
-21.0721,117.1541,338.9,2,1.4,2014-10-12,0624,Aqua,MODIS,80,6.2,320.8,45.6,D,0
-21.3619,116.8565,349.1,1.9,1.3,2014-10-12,0624,Aqua,MODIS,91,6.2,314.5,99.4,D,0
-21.3652,116.8383,345.8,1.9,1.3,2014-10-12,0624,Aqua,MODIS,88,6.2,315.5,77,D,0
-21.3684,116.8201,338.7,1.9,1.3,2014-10-12,0624,Aqua,MODIS,78,6.2,316.1,48,D,0
-21.3717,116.802,336.1,1.9,1.3,2014-10-12,0624,Aqua,MODIS,61,6.2,316.9,34,D,0
-21.3466,116.872,380.1,1.9,1.3,2014-10-12,0624,Aqua,MODIS,100,6.2,317.1,341.3,D,0
-21.3499,116.8539,483.1,1.9,1.3,2014-10-12,0624,Aqua,MODIS,100,6.2,400.1,3131.8,D,0
-21.3532,116.8357,473.1,1.9,1.3,2014-10-12,0624,Aqua,MODIS,100,6.2,400.1,2641,D,0
-21.3565,116.8173,441.2,1.9,1.3,2014-10-12,0624,Aqua,MODIS,100,6.2,335.2,1471.5,D,0
-21.3597,116.7993,431.4,1.9,1.3,2014-10-12,0624,Aqua,MODIS,100,6.2,332.1,1198,D,0
-21.3629,116.7816,367.3,1.9,1.3,2014-10-12,0624,Aqua,MODIS,100,6.2,322.5,208.4,D,0
-21.3411,116.8331,378.9,1.9,1.3,2014-10-12,0624,Aqua,MODIS,100,6.2,324.3,319.1,D,0
-21.3445,116.8148,356.4,1.9,1.3,2014-10-12,0624,Aqua,MODIS,97,6.2,322.2,134.1,D,0
-21.3477,116.7968,377.5,1.9,1.3,2014-10-12,0624,Aqua,MODIS,100,6.2,324.7,298.7,D,0
-21.3509,116.7791,353.7,1.9,1.3,2014-10-12,0624,Aqua,MODIS,95,6.2,322.6,116.2,D,0
-21.3948,117.1207,379.9,2,1.4,2014-10-12,0624,Aqua,MODIS,100,6.2,323.4,353.2,D,0
-21.3825,117.1181,333.6,2,1.4,2014-10-12,0624,Aqua,MODIS,29,6.2,318.9,27,D,0
-21.3914,117.1395,400.5,2,1.4,2014-10-12,0624,Aqua,MODIS,100,6.2,323.8,638.1,D,0
-21.3791,117.137,333.6,2,1.4,2014-10-12,0624,Aqua,MODIS,39,6.2,318.5,27.9,D,0
-21.3615,117.0939,337,2,1.4,2014-10-12,0624,Aqua,MODIS,42,6.2,317.9,40.7,D,0
-21.3684,117.0565,335.1,2,1.4,2014-10-12,0624,Aqua,MODIS,47,6.2,317.5,34.5,D,0
-21.44,116.3505,337.9,1.7,1.3,2014-10-12,0624,Aqua,MODIS,77,6.2,318.9,39.9,D,0
-21.521,117.2996,331.2,2,1.4,2014-10-12,0624,Aqua,MODIS,54,6.2,318.7,21.6,D,0
-21.576,117.3515,333.1,2,1.4,2014-10-12,0624,Aqua,MODIS,63,6.2,320,28.2,D,0
-21.1714,117.2621,333.8,2.1,1.4,2014-10-12,0624,Aqua,MODIS,69,6.2,318.1,36.1,D,0
-21.1784,117.2238,347.8,2,1.4,2014-10-12,0624,Aqua,MODIS,90,6.2,322.2,96,D,0
-21.1749,117.2431,353.6,2,1.4,2014-10-12,0624,Aqua,MODIS,95,6.2,321,135.9,D,0
-22.5972,122.6311,342.6,4.6,2,2014-10-12,0624,Aqua,MODIS,86,6.2,310.8,287.2,D,0
-22.5973,122.6232,358.7,4.6,2,2014-10-12,0624,Aqua,MODIS,99,6.2,311.3,598.5,D,0
-22.52,122.5568,336.3,4.6,2,2014-10-12,0624,Aqua,MODIS,46,6.2,316.6,143.8,D,0
-22.5726,122.659,349.8,4.6,2,2014-10-12,0624,Aqua,MODIS,92,6.2,309.6,390.8,D,0
-22.5723,122.5701,352.2,4.6,2,2014-10-12,0624,Aqua,MODIS,94,6.2,314.4,415.2,D,0
-22.4063,117.5098,340.4,2,1.4,2014-10-12,0624,Aqua,MODIS,82,6.2,319.7,64.9,D,0
-22.5799,122.6187,405.2,4.6,2,2014-10-12,0624,Aqua,MODIS,100,6.2,316.7,2421.7,D,0
-22.5743,122.5658,355.9,4.6,2,2014-10-12,0624,Aqua,MODIS,97,6.2,314.4,478.9,D,0
-22.5821,122.6145,392.1,4.6,2,2014-10-12,0624,Aqua,MODIS,100,6.2,317.7,1707.1,D,0
-21.294,116.7256,329.8,1.9,1.3,2014-10-12,0624,Aqua,MODIS,48,6.2,317.3,20.9,D,0
-21.3672,119.9137,338,3.2,1.7,2014-10-12,0624,Aqua,MODIS,79,6.2,317.7,93.4,D,0
-21.3762,119.947,337.9,3.2,1.7,2014-10-12,0624,Aqua,MODIS,75,6.2,315.4,97.3,D,0
-21.3692,119.9065,343.6,3.2,1.7,2014-10-12,0624,Aqua,MODIS,86,6.2,318,137.5,D,0
-21.2908,116.7435,332.5,1.9,1.3,2014-10-12,0624,Aqua,MODIS,64,6.2,318,29.6,D,0
-21.3822,119.9173,385.6,3.2,1.7,2014-10-12,0624,Aqua,MODIS,100,6.2,319,832,D,0
-21.3733,119.884,338.9,3.1,1.7,2014-10-12,0624,Aqua,MODIS,77,6.2,318,98.7,D,0
-21.3842,119.91,373,3.2,1.7,2014-10-12,0624,Aqua,MODIS,100,6.2,319.1,545.9,D,0
-21.3883,119.8874,336.7,3.1,1.7,2014-10-12,0624,Aqua,MODIS,77,6.2,317.1,90,D,0
-21.3784,119.9399,344.1,3.2,1.7,2014-10-12,0624,Aqua,MODIS,84,6.2,314.5,143.1,D,0
-21.3378,116.8513,386.5,1.9,1.3,2014-10-12,0624,Aqua,MODIS,100,6.2,320.5,411.4,D,0
-34.4596,150.8839,306.4,1.5,1.2,2014-10-12,1229,Terra,MODIS,68,6.2,289.5,14.6,N,2
-34.4579,150.8771,306.2,1.5,1.2,2014-10-12,1229,Terra,MODIS,54,6.2,289,13.3,N,2
-30.281,148.8969,303.4,1.7,1.3,2014-10-12,1230,Terra,MODIS,55,6.2,291,11.8,N,0
-30.2927,148.8985,303,1.7,1.3,2014-10-12,1230,Terra,MODIS,53,6.2,291.4,11.1,N,0
-30.2882,148.9044,311.8,1.7,1.3,2014-10-12,1230,Terra,MODIS,83,6.2,291.4,23.2,N,0
-32.3612,151.4385,304.2,1.3,1.1,2014-10-12,1230,Terra,MODIS,57,6.2,290,9.2,N,0
-32.3628,151.4249,304,1.3,1.1,2014-10-12,1230,Terra,MODIS,58,6.2,290.1,8.8,N,0
-29.9755,152.9346,302.5,1.1,1,2014-10-12,1230,Terra,MODIS,50,6.2,287.2,6.7,N,0
-30.6258,152.7126,308.9,1.1,1,2014-10-12,1230,Terra,MODIS,76,6.2,288.5,11.5,N,0
-30.6273,152.7011,300.9,1.1,1,2014-10-12,1230,Terra,MODIS,35,6.2,287.8,5.9,N,0
-26.987,150.7452,307.4,1.2,1.1,2014-10-12,1231,Terra,MODIS,71,6.2,290.6,11,N,0
-28.2484,152.2732,309.5,1.1,1,2014-10-12,1231,Terra,MODIS,78,6.2,286.6,12.5,N,0
-23.7775,151.1356,301.6,1.1,1,2014-10-12,1232,Terra,MODIS,43,6.2,289.8,5.6,N,0
-23.7681,151.1341,300.3,1.1,1,2014-10-12,1232,Terra,MODIS,20,6.2,289.3,4.6,N,0
-22.3271,145.5822,325.6,2.3,1.5,2014-10-12,1232,Terra,MODIS,100,6.2,293.4,74.1,N,0
-22.3249,145.6045,308.1,2.3,1.5,2014-10-12,1232,Terra,MODIS,16,6.2,292.3,21,N,0
-22.3382,145.606,311,2.3,1.5,2014-10-12,1232,Terra,MODIS,54,6.2,292.3,28.2,N,0
-22.294,145.6457,312.6,2.3,1.5,2014-10-12,1232,Terra,MODIS,37,6.2,292.7,31.2,N,0
-22.4051,145.5734,308.7,2.3,1.5,2014-10-12,1232,Terra,MODIS,75,6.2,292.6,26.6,N,0
-22.3138,145.5806,315.7,2.3,1.5,2014-10-12,1232,Terra,MODIS,75,6.2,292,39.4,N,0
-22.282,145.66,310.9,2.3,1.5,2014-10-12,1233,Terra,MODIS,78,6.2,292.7,29.6,N,0
-22.2843,145.6381,332.6,2.3,1.5,2014-10-12,1233,Terra,MODIS,100,6.2,293.3,102.2,N,0
-22.2711,145.6367,305.9,2.3,1.5,2014-10-12,1233,Terra,MODIS,41,6.2,292.1,18.6,N,0
-22.2696,145.6209,315.3,2.3,1.5,2014-10-12,1233,Terra,MODIS,54,6.2,292.1,37.1,N,0
-22.2734,145.6147,316.3,2.3,1.5,2014-10-12,1233,Terra,MODIS,93,6.2,292,43,N,0
-22.2624,145.5909,310.4,2.3,1.5,2014-10-12,1233,Terra,MODIS,80,6.2,291.9,29.5,N,0
-22.2808,145.6443,336.2,2.3,1.5,2014-10-12,1233,Terra,MODIS,100,6.2,293.3,118.9,N,0
-22.2647,145.5685,307.4,2.3,1.5,2014-10-12,1233,Terra,MODIS,71,6.2,291.8,23.5,N,0
-15.0002,145.0937,303.4,2,1.4,2014-10-12,1234,Terra,MODIS,51,6.2,292.3,14.5,N,0
-12.5275,141.9515,313.8,3.2,1.7,2014-10-12,1235,Terra,MODIS,83,6.2,293,62.3,N,0
-14.9976,145.0881,305.5,2,1.4,2014-10-12,1235,Terra,MODIS,64,6.2,292.6,19.6,N,0
-12.5247,141.9578,308.3,3.2,1.7,2014-10-12,1235,Terra,MODIS,60,6.2,292.9,39.8,N,0
-12.5279,141.9287,314.7,3.2,1.7,2014-10-12,1235,Terra,MODIS,86,6.2,293.2,66.2,N,0
-12.5309,141.9223,308.7,3.2,1.7,2014-10-12,1235,Terra,MODIS,62,6.2,293.1,42.3,N,0
-23.2582,129.3011,315.6,1,1,2014-10-12,1411,Terra,MODIS,92,6.2,293.8,14.1,N,0
-23.3199,129.5037,305.1,1,1,2014-10-12,1411,Terra,MODIS,63,6.2,291.7,7.1,N,0
-23.3214,129.4936,301.5,1,1,2014-10-12,1411,Terra,MODIS,41,6.2,290.9,4.9,N,0
-23.1868,129.65,307.9,1,1,2014-10-12,1411,Terra,MODIS,73,6.2,291.4,9.1,N,0
-23.1777,129.6483,301.8,1,1,2014-10-12,1411,Terra,MODIS,25,6.2,290.8,5.1,N,0
-23.1792,129.6381,303.9,1,1,2014-10-12,1411,Terra,MODIS,50,6.2,291.2,6.4,N,0
-22.5253,122.4906,309.9,1.8,1.3,2014-10-12,1411,Terra,MODIS,79,6.2,295.7,19,N,0
-23.3693,119.7353,323,2.9,1.6,2014-10-12,1411,Terra,MODIS,100,6.2,296.1,90.7,N,0
-22.8078,120.6436,328.8,2.4,1.5,2014-10-12,1411,Terra,MODIS,100,6.2,293.3,91.8,N,0
-22.792,120.666,322.4,2.4,1.5,2014-10-12,1411,Terra,MODIS,100,6.2,297,63.3,N,0
-22.8143,120.6389,303.9,2.4,1.5,2014-10-12,1411,Terra,MODIS,33,6.2,292.1,11.6,N,0
-22.8101,120.6198,308.1,2.4,1.5,2014-10-12,1411,Terra,MODIS,73,6.2,293.5,23.2,N,0
-22.7942,120.6422,313.8,2.4,1.5,2014-10-12,1411,Terra,MODIS,88,6.2,294.4,34.8,N,0
-23.37,119.742,322.6,2.9,1.6,2014-10-12,1411,Terra,MODIS,100,6.2,296.4,90.9,N,0
-22.5201,122.4962,312.8,1.8,1.3,2014-10-12,1411,Terra,MODIS,76,6.2,296.1,23.1,N,0
-22.8056,120.6674,348.9,2.4,1.5,2014-10-12,1411,Terra,MODIS,100,6.2,298.9,209.3,N,0
-22.7959,120.6848,307.7,2.4,1.5,2014-10-12,1411,Terra,MODIS,72,6.2,295.5,21.4,N,0
-22.7982,120.6613,358.1,2.4,1.5,2014-10-12,1411,Terra,MODIS,100,6.2,300.7,288.3,N,0
-22.8006,120.6375,325.7,2.4,1.5,2014-10-12,1411,Terra,MODIS,100,6.2,293.6,78.3,N,0
-22.6018,122.5818,320.5,1.8,1.3,2014-10-12,1411,Terra,MODIS,0,6.2,296.3,36,N,0
-22.5851,122.5567,336.6,1.8,1.3,2014-10-12,1411,Terra,MODIS,100,6.2,283.9,83.5,N,0
-22.5832,122.5737,340.7,1.8,1.3,2014-10-12,1411,Terra,MODIS,100,6.2,293.5,97.6,N,0
-22.5968,122.5583,314.4,1.8,1.3,2014-10-12,1411,Terra,MODIS,39,6.2,284.2,26,N,0
-22.5949,122.5752,389.7,1.8,1.3,2014-10-12,1411,Terra,MODIS,100,6.2,304.6,443.2,N,0
-22.593,122.5922,341.3,1.7,1.3,2014-10-12,1411,Terra,MODIS,100,6.2,293.7,98.3,N,0
-22.5892,122.626,364.5,1.7,1.3,2014-10-12,1411,Terra,MODIS,100,6.2,296.9,218.1,N,0
-21.4567,117.327,313.2,4.1,1.9,2014-10-12,1412,Terra,MODIS,85,6.2,297,74.2,N,0
-21.3108,116.8819,325.2,4.4,1.9,2014-10-12,1412,Terra,MODIS,100,6.2,298.4,168.6,N,0
-21.3472,117.102,309.1,4.3,1.9,2014-10-12,1412,Terra,MODIS,73,6.2,296,52.6,N,0
-21.3506,117.0604,314,4.3,1.9,2014-10-12,1412,Terra,MODIS,87,6.2,296.7,82.7,N,0
-21.3192,117.0153,311.6,4.3,1.9,2014-10-12,1412,Terra,MODIS,53,6.2,297.4,61.6,N,0
-21.2987,117.0543,313.6,4.3,1.9,2014-10-12,1412,Terra,MODIS,86,6.2,298.8,77.2,N,0
-21.3018,117.0136,356.7,4.3,1.9,2014-10-12,1412,Terra,MODIS,100,6.2,300.8,617.2,N,0
-21.3453,117.0965,310.9,4.3,1.9,2014-10-12,1412,Terra,MODIS,73,6.2,296.4,61.6,N,0
-21.3488,117.0552,310.3,4.3,1.9,2014-10-12,1412,Terra,MODIS,45,6.2,296.5,57.3,N,0
-21.3177,117.0101,316.6,4.3,1.9,2014-10-12,1412,Terra,MODIS,93,6.2,297.9,96.4,N,0
-21.297,117.0493,328.5,4.3,1.9,2014-10-12,1412,Terra,MODIS,100,6.2,299.6,197.7,N,0
-21.3004,117.0084,355.9,4.3,1.9,2014-10-12,1412,Terra,MODIS,100,6.2,300.7,599.5,N,0
-21.2797,117.0478,337,4.3,1.9,2014-10-12,1412,Terra,MODIS,100,6.2,298.8,292.7,N,0
-21.2831,117.0063,327.9,4.3,1.9,2014-10-12,1412,Terra,MODIS,100,6.2,298.3,192,N,0
-21.2777,117.0411,329.1,4.3,1.9,2014-10-12,1412,Terra,MODIS,100,6.2,298.7,203.4,N,0
-21.2814,116.9992,314.2,4.3,1.9,2014-10-12,1412,Terra,MODIS,88,6.2,298,77.8,N,0
-21.4535,117.3213,313.1,4.1,1.9,2014-10-12,1412,Terra,MODIS,85,6.2,297.1,74.4,N,0
-17.3797,132.9729,327.6,2,1.4,2014-10-12,1412,Terra,MODIS,48,6.2,291.1,69.2,N,0
-17.3675,132.9705,318.9,2,1.4,2014-10-12,1412,Terra,MODIS,62,6.2,284.5,45.9,N,0
-17.401,132.9962,328,2,1.4,2014-10-12,1412,Terra,MODIS,57,6.2,293.6,67.7,N,0
-17.4042,132.9778,372.7,2,1.4,2014-10-12,1412,Terra,MODIS,100,6.2,285.4,338.8,N,0
-17.392,132.9753,367,2,1.4,2014-10-12,1412,Terra,MODIS,100,6.2,294.8,286.8,N,0
-17.3952,132.957,340.2,2,1.4,2014-10-12,1412,Terra,MODIS,65,6.2,278.5,117.3,N,0
-17.383,132.9546,323.3,2,1.4,2014-10-12,1412,Terra,MODIS,0,6.2,283.2,56.3,N,0
-21.3282,116.884,308.8,4.4,1.9,2014-10-12,1412,Terra,MODIS,34,6.2,296.2,48,N,0
-21.3073,116.9246,322.7,4.4,1.9,2014-10-12,1412,Terra,MODIS,100,6.2,298.2,141.2,N,0
-21.3039,116.9659,327.4,4.3,1.9,2014-10-12,1412,Terra,MODIS,100,6.2,298.6,181.9,N,0
-21.3422,116.9279,310.9,4.4,1.9,2014-10-12,1412,Terra,MODIS,64,6.2,295.3,64.7,N,0
-21.3213,116.968,334.4,4.3,1.9,2014-10-12,1412,Terra,MODIS,100,6.2,299.5,260.1,N,0
-21.3247,116.9262,315.2,4.4,1.9,2014-10-12,1412,Terra,MODIS,86,6.2,297.3,87.4,N,0
-21.3115,116.8869,326.7,4.4,1.9,2014-10-12,1412,Terra,MODIS,100,6.2,298.3,176.1,N,0
-21.3289,116.8891,309.1,4.4,1.9,2014-10-12,1412,Terra,MODIS,73,6.2,296.1,52.7,N,0
-21.3051,116.9711,333.9,4.3,1.9,2014-10-12,1412,Terra,MODIS,100,6.2,299,248,N,0
-21.1509,117.2673,309.4,4.1,1.9,2014-10-12,1412,Terra,MODIS,76,6.2,297.5,47,N,0
-21.1543,117.2729,307.8,4.1,1.9,2014-10-12,1412,Terra,MODIS,70,6.2,297.6,40.1,N,0
-21.1576,117.2322,316.4,4.1,1.9,2014-10-12,1412,Terra,MODIS,93,6.2,297.1,93.1,N,0
-21.1545,117.2268,310.2,4.1,1.9,2014-10-12,1412,Terra,MODIS,78,6.2,296.7,53.1,N,0
-21.3224,116.9733,334,4.3,1.9,2014-10-12,1412,Terra,MODIS,100,6.2,299,259.5,N,0
-21.3082,116.9296,320,4.4,1.9,2014-10-12,1412,Terra,MODIS,51,6.2,298,109.6,N,0
-21.3431,116.9332,311.3,4.4,1.9,2014-10-12,1412,Terra,MODIS,18,6.2,295.3,62,N,0
-21.3257,116.9312,318.3,4.4,1.9,2014-10-12,1412,Terra,MODIS,96,6.2,297.4,110.4,N,0
-18.535,132.2345,315,1.7,1.3,2014-10-12,1412,Terra,MODIS,66,6.2,271.5,21.5,N,0
-21.3143,116.8391,312.2,4.4,1.9,2014-10-12,1412,Terra,MODIS,57,6.2,297.1,70,N,0
-21.3318,116.8413,310.7,4.4,1.9,2014-10-12,1412,Terra,MODIS,78,6.2,296.2,63.7,N,0
-17.8216,132.9394,385.6,1.9,1.4,2014-10-12,1412,Terra,MODIS,100,6.2,279.5,0,N,0
-17.8095,132.9371,400.6,1.9,1.4,2014-10-12,1412,Terra,MODIS,100,6.2,278.2,0,N,0
-18.3845,132.2418,311.1,1.7,1.3,2014-10-12,1412,Terra,MODIS,24,6.2,279.7,20.7,N,0
-17.8152,132.9513,371.8,1.9,1.4,2014-10-12,1412,Terra,MODIS,100,6.2,272.3,329.6,N,0
-17.8182,132.9333,391.4,1.9,1.4,2014-10-12,1412,Terra,MODIS,100,6.2,278.8,543.8,N,0
-17.7909,132.9465,335,1.9,1.4,2014-10-12,1412,Terra,MODIS,71,6.2,270.4,99.6,N,0
-17.794,132.9285,333.7,1.9,1.4,2014-10-12,1412,Terra,MODIS,69,6.2,273.1,94.1,N,0
-21.3147,116.8441,313.8,4.4,1.9,2014-10-12,1412,Terra,MODIS,19,6.2,297.2,75,N,0
-21.3322,116.8463,309.4,4.4,1.9,2014-10-12,1412,Terra,MODIS,73,6.2,296.1,57.9,N,0
-17.7788,132.9441,336.4,1.9,1.4,2014-10-12,1412,Terra,MODIS,66,6.2,273,99.4,N,0
-18.5978,132.2692,305.4,1.7,1.3,2014-10-12,1412,Terra,MODIS,41,6.2,287.1,7.3,N,0
-17.773,132.9058,319.9,1.9,1.4,2014-10-12,1412,Terra,MODIS,49,6.2,272.5,40.3,N,0
-17.8458,132.9442,379.3,1.9,1.4,2014-10-12,1412,Terra,MODIS,100,6.2,276.3,0,N,0
-17.7392,132.9298,323.3,1.9,1.4,2014-10-12,1412,Terra,MODIS,88,6.2,273.2,42.6,N,0
-17.7819,132.9261,340.7,1.9,1.4,2014-10-12,1412,Terra,MODIS,94,6.2,277.5,116.9,N,0
-17.7851,132.9082,320,1.9,1.4,2014-10-12,1412,Terra,MODIS,48,6.2,270.5,47.5,N,0
-18.5865,132.267,314.4,1.7,1.3,2014-10-12,1412,Terra,MODIS,77,6.2,288.6,18.9,N,0
-18.3704,132.2553,317.1,1.7,1.3,2014-10-12,1412,Terra,MODIS,79,6.2,291.4,30.7,N,0
-18.569,132.2411,377.1,1.7,1.3,2014-10-12,1412,Terra,MODIS,100,6.2,297.6,288.1,N,0
-17.7456,132.919,341.3,1.9,1.4,2014-10-12,1412,Terra,MODIS,100,6.2,278.8,113,N,0
-18.555,132.2545,326.8,1.7,1.3,2014-10-12,1412,Terra,MODIS,100,6.2,274.6,45.7,N,0
-18.5716,132.2255,382.7,1.7,1.3,2014-10-12,1412,Terra,MODIS,100,6.2,290.1,334.1,N,0
-17.7425,132.937,322.4,1.9,1.4,2014-10-12,1412,Terra,MODIS,65,6.2,271,40.3,N,0
-18.5577,132.2389,342.4,1.7,1.3,2014-10-12,1412,Terra,MODIS,100,6.2,280.8,91.3,N,0
-18.5603,132.2233,350.3,1.7,1.3,2014-10-12,1412,Terra,MODIS,100,6.2,280.7,121,N,0
-17.7423,132.9118,324.5,1.9,1.4,2014-10-12,1412,Terra,MODIS,0,6.2,278,50,N,0
-21.2267,116.8285,311.7,4.4,1.9,2014-10-12,1412,Terra,MODIS,81,6.2,297.8,70.9,N,0
-18.5437,132.2523,312.6,1.7,1.3,2014-10-12,1412,Terra,MODIS,30,6.2,271.4,17.8,N,0
-21.2079,116.8158,324.7,4.4,1.9,2014-10-12,1412,Terra,MODIS,100,6.2,297.8,174.3,N,0
-21.2084,116.8208,324.8,4.4,1.9,2014-10-12,1412,Terra,MODIS,100,6.2,297.8,175.7,N,0
-21.2294,116.7805,312.3,4.5,1.9,2014-10-12,1412,Terra,MODIS,83,6.2,297.3,77.3,N,0
-21.226,116.822,319.7,4.4,1.9,2014-10-12,1412,Terra,MODIS,99,6.2,298,129.5,N,0
-21.2298,116.7869,314.9,4.5,1.9,2014-10-12,1412,Terra,MODIS,89,6.2,297.5,94.6,N,0
-18.5779,132.2492,331.9,1.7,1.3,2014-10-12,1412,Terra,MODIS,100,6.2,285.4,54.2,N,0
-18.5806,132.2336,322.4,1.7,1.3,2014-10-12,1412,Terra,MODIS,0,6.2,287.7,30.1,N,0
-18.589,132.2611,316.9,1.7,1.3,2014-10-12,1412,Terra,MODIS,94,6.2,286.4,21.8,N,0
-18.575,132.2746,312.7,1.7,1.3,2014-10-12,1412,Terra,MODIS,49,6.2,286.3,16.2,N,0
-17.7698,132.9238,343.1,1.9,1.4,2014-10-12,1412,Terra,MODIS,100,6.2,279.2,118.2,N,0
-17.7878,132.9646,342.1,1.9,1.4,2014-10-12,1412,Terra,MODIS,91,6.2,270,130.9,N,0
-18.5777,132.2589,322.9,1.7,1.3,2014-10-12,1412,Terra,MODIS,100,6.2,280.7,33.3,N,0
-18.5803,132.2433,329.2,1.7,1.3,2014-10-12,1412,Terra,MODIS,80,6.2,287.6,45,N,0
-18.5663,132.2567,332,1.7,1.3,2014-10-12,1412,Terra,MODIS,100,6.2,283.7,57.2,N,0
-18.5892,132.2513,318.6,1.7,1.3,2014-10-12,1412,Terra,MODIS,29,6.2,289.6,25.2,N,0
-18.3818,132.2575,334,1.7,1.3,2014-10-12,1412,Terra,MODIS,100,6.2,294,71.7,N,0
-17.7667,132.9417,330.6,1.9,1.4,2014-10-12,1412,Terra,MODIS,33,6.2,271.5,75.2,N,0
-18.5724,132.2805,310.5,1.7,1.3,2014-10-12,1412,Terra,MODIS,20,6.2,288.4,12.8,N,0
-17.7577,132.9214,346.7,1.9,1.4,2014-10-12,1412,Terra,MODIS,100,6.2,278.9,137.4,N,0
-17.7546,132.9393,334.3,1.9,1.4,2014-10-12,1412,Terra,MODIS,63,6.2,272.3,87.8,N,0
-18.5751,132.2648,317.1,1.7,1.3,2014-10-12,1412,Terra,MODIS,94,6.2,281.3,22.3,N,0
-18.5629,132.2078,321.3,1.6,1.3,2014-10-12,1412,Terra,MODIS,55,6.2,274.9,30.2,N,0
-19.2536,127.6875,304.2,1,1,2014-10-12,1412,Terra,MODIS,45,6.2,293.4,5.7,N,0
-15.6381,125.4322,323.1,1,1,2014-10-12,1413,Terra,MODIS,100,6.2,298.3,17,N,0
-16.6928,127.0781,308.4,1,1,2014-10-12,1413,Terra,MODIS,46,6.2,281.7,10.1,N,0
-15.6472,125.4336,312.3,1,1,2014-10-12,1413,Terra,MODIS,81,6.2,297.8,7.4,N,0
-13.8089,132.5409,303.5,2.1,1.4,2014-10-12,1413,Terra,MODIS,41,6.2,292.7,11,N,0
-15.629,125.4309,316.9,1,1,2014-10-12,1413,Terra,MODIS,93,6.2,298.1,10.9,N,0
-15.6499,125.4143,310.5,1,1,2014-10-12,1413,Terra,MODIS,72,6.2,298.7,5.3,N,0
-15.6238,125.4011,312.4,1,1,2014-10-12,1413,Terra,MODIS,57,6.2,297.6,6.6,N,0
-15.6394,125.4225,310.4,1,1,2014-10-12,1413,Terra,MODIS,38,6.2,298.3,4.9,N,0
-15.6303,125.4212,313.1,1,1,2014-10-12,1413,Terra,MODIS,83,6.2,298.7,7.2,N,0
-15.6947,125.4853,309.7,1,1,2014-10-12,1413,Terra,MODIS,39,6.2,298.7,4.4,N,0
-15.6342,125.3927,311.5,1,1,2014-10-12,1413,Terra,MODIS,33,6.2,298,5.7,N,0
-15.6356,125.383,310.4,1,1,2014-10-12,1413,Terra,MODIS,36,6.2,297.9,5.2,N,0
-15.6251,125.3915,316.2,1,1,2014-10-12,1413,Terra,MODIS,91,6.2,297.9,10.2,N,0
-15.616,125.3902,307.3,1,1,2014-10-12,1413,Terra,MODIS,48,6.2,296.7,3.8,N,0
-15.9866,127.939,324.3,1,1,2014-10-12,1413,Terra,MODIS,100,6.2,299.4,18.5,N,0
-14.8682,125.7487,311.5,1,1,2014-10-12,1413,Terra,MODIS,49,6.2,295.7,7.3,N,0
-15.9774,127.9376,322.6,1,1,2014-10-12,1413,Terra,MODIS,100,6.2,299,16.9,N,0
-14.8579,125.7566,315.7,1,1,2014-10-12,1413,Terra,MODIS,74,6.2,293.7,10.9,N,0
-15.9881,127.9293,311.9,1,1,2014-10-12,1413,Terra,MODIS,83,6.2,298.9,6.2,N,0
-15.9851,127.9488,319.5,1,1,2014-10-12,1413,Terra,MODIS,99,6.2,298.9,13.6,N,0
-15.976,127.9473,319.1,1,1,2014-10-12,1413,Terra,MODIS,98,6.2,298.3,13.6,N,0
-14.8592,125.7473,313.7,1,1,2014-10-12,1413,Terra,MODIS,69,6.2,295.9,9.1,N,0
-14.4826,133.4381,307.4,2.4,1.5,2014-10-12,1413,Terra,MODIS,62,6.2,296.8,16.2,N,0
-14.1554,133.8149,307.3,2.6,1.6,2014-10-12,1413,Terra,MODIS,23,6.2,296,18.7,N,0
-13.0208,132.7706,303.8,2.3,1.5,2014-10-12,1413,Terra,MODIS,26,6.2,293.4,10.9,N,0
-13.0363,132.8393,314.7,2.3,1.5,2014-10-12,1413,Terra,MODIS,89,6.2,293.5,33.7,N,0
-14.1413,133.8428,313,2.7,1.6,2014-10-12,1413,Terra,MODIS,57,6.2,296.1,34.2,N,0
-14.1512,133.839,314.2,2.7,1.6,2014-10-12,1413,Terra,MODIS,87,6.2,296.3,40.7,N,0
-13.7996,132.519,302.2,2.1,1.4,2014-10-12,1413,Terra,MODIS,23,6.2,291.4,9.4,N,0
-14.1553,133.8456,309.4,2.7,1.6,2014-10-12,1413,Terra,MODIS,32,6.2,296.5,23.8,N,0
-14.1597,133.8215,309.9,2.6,1.6,2014-10-12,1413,Terra,MODIS,41,6.2,296.3,24.8,N,0
-13.0228,130.2621,306.9,1.5,1.2,2014-10-12,1414,Terra,MODIS,13,6.2,294.7,8.7,N,0
-13.0209,130.2554,307,1.5,1.2,2014-10-12,1414,Terra,MODIS,44,6.2,294.6,9.2,N,0
-13.0119,130.2603,307.7,1.5,1.2,2014-10-12,1414,Terra,MODIS,49,6.2,294.3,10,N,0
-12.9903,130.379,320.4,1.5,1.2,2014-10-12,1414,Terra,MODIS,100,6.2,294.8,30.2,N,0
-12.9959,130.3576,312.1,1.5,1.2,2014-10-12,1414,Terra,MODIS,74,6.2,294.2,16.5,N,0
-13.0287,130.3632,303.5,1.5,1.2,2014-10-12,1414,Terra,MODIS,52,6.2,293.5,8.1,N,0
-13.0397,130.3651,312.1,1.5,1.2,2014-10-12,1414,Terra,MODIS,83,6.2,294,18.5,N,0
-12.9816,130.363,306.9,1.5,1.2,2014-10-12,1414,Terra,MODIS,66,6.2,294.6,10,N,0
-12.9936,130.3716,322.4,1.5,1.2,2014-10-12,1414,Terra,MODIS,100,6.2,295.2,34.2,N,0
-12.9925,130.3649,330.5,1.5,1.2,2014-10-12,1414,Terra,MODIS,100,6.2,295.4,51.5,N,0
-12.689,132.9358,305.8,2.4,1.5,2014-10-12,1414,Terra,MODIS,53,6.2,293,17.3,N,0
-12.7024,132.9382,304.8,2.4,1.5,2014-10-12,1414,Terra,MODIS,23,6.2,292.9,14.4,N,0
-12.522,141.9562,314.1,1.8,1.3,2014-10-12,1538,Aqua,MODIS,88,6.2,292.3,30.7,N,0
-12.5261,141.9486,322.9,1.8,1.3,2014-10-12,1538,Aqua,MODIS,100,6.2,293.1,50.4,N,0
-12.5192,141.9395,313.1,1.9,1.3,2014-10-12,1538,Aqua,MODIS,86,6.2,292.8,29,N,0
-17.0218,145.4062,303.7,1,1,2014-10-12,1539,Aqua,MODIS,57,6.2,287.7,7.3,N,0
-21.196,148.0963,313.5,1.2,1.1,2014-10-12,1540,Aqua,MODIS,42,6.2,290.1,13.4,N,0
-21.1975,148.0893,317.3,1.2,1.1,2014-10-12,1540,Aqua,MODIS,95,6.2,291.5,19.3,N,0
-21.0051,148.0175,309.1,1.1,1.1,2014-10-12,1540,Aqua,MODIS,9,6.2,291.2,10.9,N,0
-20.9714,148.0072,309.6,1.1,1.1,2014-10-12,1540,Aqua,MODIS,18,6.2,290.8,10.6,N,0
-21.0016,148.0138,318.9,1.1,1.1,2014-10-12,1540,Aqua,MODIS,59,6.2,291.6,18.8,N,0
-20.9618,148.0089,323.5,1.1,1.1,2014-10-12,1540,Aqua,MODIS,100,6.2,291.6,25.8,N,0
-20.981,148.0059,319.4,1.1,1.1,2014-10-12,1540,Aqua,MODIS,71,6.2,292.2,19.6,N,0
-21.1863,148.0977,306.4,1.2,1.1,2014-10-12,1540,Aqua,MODIS,15,6.2,288.9,7.9,N,0
-21.1945,148.0853,313.1,1.2,1.1,2014-10-12,1540,Aqua,MODIS,22,6.2,291.3,12.6,N,0
-22.2607,145.5938,311.7,1,1,2014-10-12,1540,Aqua,MODIS,83,6.2,292,10.5,N,0
-21.2197,148.1087,324.6,1.2,1.1,2014-10-12,1540,Aqua,MODIS,100,6.2,290.5,27.3,N,0
-22.3276,145.6157,311.4,1,1,2014-10-12,1540,Aqua,MODIS,82,6.2,292,9.9,N,0
-22.3366,145.6143,330.4,1,1,2014-10-12,1540,Aqua,MODIS,100,6.2,293.9,29.2,N,0
-22.3352,145.6046,305.4,1,1,2014-10-12,1540,Aqua,MODIS,64,6.2,291.6,6.1,N,0
-22.2579,145.5744,304.9,1,1,2014-10-12,1540,Aqua,MODIS,62,6.2,291.8,6.1,N,0
-21.228,148.0965,321.7,1.2,1.1,2014-10-12,1540,Aqua,MODIS,85,6.2,289.5,22.9,N,0
-22.2753,145.631,315.3,1,1,2014-10-12,1540,Aqua,MODIS,91,6.2,291.8,12.8,N,0
-21.2391,148.1061,329.9,1.2,1.1,2014-10-12,1540,Aqua,MODIS,100,6.2,292.5,34.7,N,0
-22.319,145.6139,308.2,1,1,2014-10-12,1540,Aqua,MODIS,32,6.2,291.6,7,N,0
-22.2621,145.6034,308.8,1,1,2014-10-12,1540,Aqua,MODIS,76,6.2,291.9,8.2,N,0
-22.3262,145.606,304.6,1,1,2014-10-12,1540,Aqua,MODIS,45,6.2,291.3,5.4,N,0
-21.2377,148.0955,315.2,1.2,1.1,2014-10-12,1540,Aqua,MODIS,41,6.2,290,15.6,N,0
-22.2649,145.6228,316.6,1,1,2014-10-12,1540,Aqua,MODIS,93,6.2,292.1,14.2,N,0
-22.2691,145.6519,302.5,1,1,2014-10-12,1540,Aqua,MODIS,21,6.2,292,4.2,N,0
-22.2635,145.6131,314,1,1,2014-10-12,1540,Aqua,MODIS,88,6.2,292.2,12.3,N,0
-22.2781,145.6504,305.7,1,1,2014-10-12,1540,Aqua,MODIS,65,6.2,292.2,6.2,N,0
-22.329,145.6254,311.8,1,1,2014-10-12,1540,Aqua,MODIS,69,6.2,292.6,9.9,N,0
-21.2488,148.1052,318.7,1.2,1.1,2014-10-12,1540,Aqua,MODIS,97,6.2,291.7,20.9,N,0
-22.2767,145.6407,318.1,1,1,2014-10-12,1540,Aqua,MODIS,96,6.2,292.5,15.5,N,0
-21.2474,148.0941,309.2,1.2,1.1,2014-10-12,1540,Aqua,MODIS,77,6.2,291.1,11.4,N,0
-22.2593,145.5841,309.3,1,1,2014-10-12,1540,Aqua,MODIS,77,6.2,291.9,8.4,N,0
-22.338,145.624,324.1,1,1,2014-10-12,1540,Aqua,MODIS,100,6.2,293.8,21.3,N,0
-22.4073,145.5927,304.8,1,1,2014-10-12,1541,Aqua,MODIS,62,6.2,292.5,5.8,N,0
-22.4158,145.5857,326.7,1,1,2014-10-12,1541,Aqua,MODIS,100,6.2,293.6,24.7,N,0
-22.4058,145.583,302.4,1,1,2014-10-12,1541,Aqua,MODIS,49,6.2,292.3,4.4,N,0
-30.285,148.908,304.3,1.7,1.3,2014-10-12,1543,Aqua,MODIS,59,6.2,290.5,13.6,N,0
-14.8603,125.763,311.4,1.3,1.1,2014-10-12,1717,Aqua,MODIS,82,6.2,294.5,13.1,N,0
-14.8538,125.7707,306,1.3,1.1,2014-10-12,1717,Aqua,MODIS,42,6.2,292.8,8.1,N,0
-14.8522,125.7584,310.5,1.3,1.1,2014-10-12,1717,Aqua,MODIS,79,6.2,294.4,12.5,N,0
-13.359,131.1722,306.5,3.2,1.7,2014-10-12,1717,Aqua,MODIS,68,6.2,292.1,31.7,N,0
-13.347,131.1808,306.4,3.2,1.7,2014-10-12,1717,Aqua,MODIS,48,6.2,292.4,28.8,N,0
-13.3623,131.2014,302.9,3.2,1.7,2014-10-12,1717,Aqua,MODIS,52,6.2,292.6,20.3,N,0
-12.9837,130.3874,303.3,2.7,1.6,2014-10-12,1717,Aqua,MODIS,49,6.2,287.7,22.5,N,0
-16.7335,126.8672,324.1,1.7,1.3,2014-10-12,1718,Aqua,MODIS,100,6.2,296.9,41,N,0
-16.7353,126.8722,310.1,1.7,1.3,2014-10-12,1718,Aqua,MODIS,22,6.2,296,14.7,N,0
-16.7334,126.8569,320.8,1.7,1.3,2014-10-12,1718,Aqua,MODIS,100,6.2,296.7,32.6,N,0
-16.7239,126.8737,308.7,1.7,1.3,2014-10-12,1718,Aqua,MODIS,39,6.2,295.3,14.6,N,0
-16.722,126.8584,305.7,1.7,1.3,2014-10-12,1718,Aqua,MODIS,32,6.2,293.7,8.7,N,0
-16.7149,127.2847,313.8,1.8,1.3,2014-10-12,1718,Aqua,MODIS,65,6.2,294.8,26.1,N,0
-16.6702,127.1079,306.1,1.7,1.3,2014-10-12,1718,Aqua,MODIS,51,6.2,295.7,9.9,N,0
-16.6955,127.0228,310.1,1.7,1.3,2014-10-12,1718,Aqua,MODIS,32,6.2,296.3,14.9,N,0
-16.709,127.0374,323.5,1.7,1.3,2014-10-12,1718,Aqua,MODIS,100,6.2,292.4,44,N,0
-16.7317,126.8518,315.5,1.7,1.3,2014-10-12,1718,Aqua,MODIS,91,6.2,296.2,22.3,N,0
-19.8393,128.4107,343.5,2.4,1.5,2014-10-12,1718,Aqua,MODIS,100,6.2,295.5,177.8,N,0
-19.8417,128.4337,323.2,2.4,1.5,2014-10-12,1718,Aqua,MODIS,100,6.2,293.3,75.5,N,0
-21.4279,117.3427,308.7,1.3,1.1,2014-10-12,1719,Aqua,MODIS,75,6.2,296.6,9.7,N,0
-21.4366,117.3353,326.5,1.3,1.1,2014-10-12,1719,Aqua,MODIS,100,6.2,297.3,32,N,0
-21.4387,117.3477,329.6,1.3,1.1,2014-10-12,1719,Aqua,MODIS,100,6.2,298.4,37.5,N,0
-21.4467,117.3337,345.6,1.3,1.1,2014-10-12,1719,Aqua,MODIS,100,6.2,298.4,74.5,N,0
-21.4488,117.346,314.8,1.3,1.1,2014-10-12,1719,Aqua,MODIS,90,6.2,296.1,16.1,N,0
-21.4568,117.3318,313.4,1.3,1.1,2014-10-12,1719,Aqua,MODIS,87,6.2,296.3,15.4,N,0
-21.4669,117.3299,314.3,1.3,1.1,2014-10-12,1719,Aqua,MODIS,89,6.2,295.6,16.8,N,0
-21.0666,117.1466,306.2,1.3,1.1,2014-10-12,1719,Aqua,MODIS,67,6.2,295.6,9,N,0
-21.3751,117.0376,303.7,1.3,1.1,2014-10-12,1719,Aqua,MODIS,17,6.2,292.8,7.1,N,0
-21.2849,116.9938,321.4,1.3,1.2,2014-10-12,1719,Aqua,MODIS,100,6.2,298.4,24.7,N,0
-21.2872,117.0068,309.6,1.3,1.1,2014-10-12,1719,Aqua,MODIS,65,6.2,297.3,10,N,0
-21.2953,116.992,353.7,1.3,1.2,2014-10-12,1719,Aqua,MODIS,100,6.2,301.2,103.6,N,0
-21.2975,117.005,321.6,1.3,1.1,2014-10-12,1719,Aqua,MODIS,100,6.2,297.2,24.8,N,0
-21.2997,117.0179,316.1,1.3,1.1,2014-10-12,1719,Aqua,MODIS,92,6.2,295.8,17.8,N,0
-21.3056,116.9899,326.7,1.3,1.2,2014-10-12,1719,Aqua,MODIS,100,6.2,297.7,31.9,N,0
-21.3078,117.0029,358.3,1.3,1.1,2014-10-12,1719,Aqua,MODIS,100,6.2,299.8,121.7,N,0
-21.3181,117.001,312.8,1.3,1.1,2014-10-12,1719,Aqua,MODIS,71,6.2,295.6,14.6,N,0
-21.3392,117.063,308.3,1.3,1.1,2014-10-12,1719,Aqua,MODIS,65,6.2,295.6,9.9,N,0
-21.3414,117.0758,317.1,1.3,1.1,2014-10-12,1719,Aqua,MODIS,94,6.2,295.9,20.6,N,0
-21.3474,117.0486,318.8,1.3,1.1,2014-10-12,1719,Aqua,MODIS,97,6.2,295.2,22.7,N,0
-21.3495,117.0611,317.5,1.3,1.1,2014-10-12,1719,Aqua,MODIS,91,6.2,296.1,20.1,N,0
-21.3517,117.0739,311.4,1.3,1.1,2014-10-12,1719,Aqua,MODIS,72,6.2,294.5,13.1,N,0
-21.3577,117.0466,356.6,1.3,1.1,2014-10-12,1719,Aqua,MODIS,100,6.2,297.7,116.2,N,0
-21.3598,117.0592,322,1.3,1.1,2014-10-12,1719,Aqua,MODIS,100,6.2,294.9,26.8,N,0
-21.3658,117.0319,305.9,1.3,1.1,2014-10-12,1719,Aqua,MODIS,26,6.2,293.3,8.7,N,0
-21.3679,117.0446,333.8,1.3,1.1,2014-10-12,1719,Aqua,MODIS,100,6.2,294.4,50.4,N,0
-21.2796,116.901,352.2,1.4,1.2,2014-10-12,1719,Aqua,MODIS,100,6.2,301.1,101.2,N,0
-21.33,116.9453,316.2,1.4,1.2,2014-10-12,1719,Aqua,MODIS,81,6.2,295.9,18.9,N,0
-21.2878,116.8861,318.5,1.4,1.2,2014-10-12,1719,Aqua,MODIS,97,6.2,297.3,20.9,N,0
-21.29,116.8991,317,1.4,1.2,2014-10-12,1719,Aqua,MODIS,86,6.2,297.9,18.1,N,0
-21.293,116.9789,328.1,1.4,1.2,2014-10-12,1719,Aqua,MODIS,100,6.2,298.4,35.7,N,0
-21.2842,116.9274,317.7,1.4,1.2,2014-10-12,1719,Aqua,MODIS,60,6.2,297.5,18.6,N,0
-21.2774,116.888,327.5,1.4,1.2,2014-10-12,1719,Aqua,MODIS,100,6.2,297.6,36.8,N,0
-21.2738,116.9292,309.2,1.4,1.2,2014-10-12,1719,Aqua,MODIS,77,6.2,296.9,10.2,N,0
-23.3151,129.5249,301.4,3.2,1.7,2014-10-12,1719,Aqua,MODIS,41,6.2,290.5,27.5,N,0
-21.1552,117.2532,308.6,1.3,1.1,2014-10-12,1719,Aqua,MODIS,75,6.2,296,10.4,N,0
-20.5924,116.7882,307.5,1.4,1.2,2014-10-12,1719,Aqua,MODIS,33,6.2,296.1,9.7,N,2
-21.2761,116.9425,309.9,1.4,1.2,2014-10-12,1719,Aqua,MODIS,65,6.2,297,10.7,N,0
-21.2864,116.9405,315.1,1.4,1.2,2014-10-12,1719,Aqua,MODIS,44,6.2,297.5,15.3,N,0
-21.2982,116.8841,329.9,1.4,1.2,2014-10-12,1719,Aqua,MODIS,100,6.2,297.9,40.9,N,0
-21.3115,116.9621,320.2,1.4,1.2,2014-10-12,1719,Aqua,MODIS,88,6.2,297.4,22.4,N,0
-21.3004,116.8972,308.9,1.4,1.2,2014-10-12,1719,Aqua,MODIS,38,6.2,296.7,9,N,0
-21.5152,117.3081,304,1.3,1.1,2014-10-12,1719,Aqua,MODIS,31,6.2,291.6,7.1,N,0
-21.5121,117.3019,307.9,1.3,1.1,2014-10-12,1719,Aqua,MODIS,65,6.2,292.7,10.8,N,0
-22.2186,123.9841,317.5,1.3,1.1,2014-10-12,1719,Aqua,MODIS,76,6.2,292.1,18.5,N,0
-22.1825,123.6921,326.3,1.2,1.1,2014-10-12,1719,Aqua,MODIS,100,6.2,296.9,30.1,N,0
-22.1825,123.6979,327.8,1.2,1.1,2014-10-12,1719,Aqua,MODIS,100,6.2,297.4,32.7,N,0
-22.1809,123.6859,309.9,1.2,1.1,2014-10-12,1719,Aqua,MODIS,56,6.2,295.9,9.4,N,0
-22.171,123.6873,309.1,1.2,1.1,2014-10-12,1719,Aqua,MODIS,37,6.2,297,9,N,0
-22.1694,123.6754,311.7,1.2,1.1,2014-10-12,1719,Aqua,MODIS,63,6.2,296.3,11.3,N,0
-22.6223,122.6109,313,1.1,1,2014-10-12,1719,Aqua,MODIS,86,6.2,296,12.1,N,0
-22.6114,122.6016,308.1,1.1,1,2014-10-12,1719,Aqua,MODIS,74,6.2,295.6,8.2,N,0
-22.6091,122.6569,313.8,1.1,1.1,2014-10-12,1719,Aqua,MODIS,88,6.2,296.4,12.6,N,0
-22.5883,122.5723,306.5,1.1,1,2014-10-12,1719,Aqua,MODIS,68,6.2,295.2,7.5,N,0
-22.5869,122.5615,304.8,1.1,1,2014-10-12,1719,Aqua,MODIS,62,6.2,294.6,6.4,N,0
-22.5909,122.6323,311.2,1.1,1.1,2014-10-12,1719,Aqua,MODIS,82,6.2,295.6,10.6,N,0
-22.5822,122.5679,312,1.1,1,2014-10-12,1719,Aqua,MODIS,63,6.2,295.2,10.9,N,0
-22.5713,122.5587,309.6,1.1,1,2014-10-12,1719,Aqua,MODIS,5,6.2,294.4,8.7,N,0
-22.2318,124.0077,311.5,1.3,1.1,2014-10-12,1719,Aqua,MODIS,50,6.2,297.2,11.4,N,0
-22.2202,123.9897,317.8,1.3,1.1,2014-10-12,1719,Aqua,MODIS,69,6.2,295.3,18.6,N,0
-22.1672,123.8968,301,1.3,1.1,2014-10-12,1719,Aqua,MODIS,14,6.2,280.2,6,N,0
-22.1952,123.9554,319.6,1.3,1.1,2014-10-12,1719,Aqua,MODIS,99,6.2,296.4,22.8,N,0
-22.2288,123.9827,313.6,1.3,1.1,2014-10-12,1719,Aqua,MODIS,36,6.2,292.8,13.6,N,0
-22.184,123.7041,309,1.2,1.1,2014-10-12,1719,Aqua,MODIS,43,6.2,296.8,8.9,N,0
-21.3227,116.8389,306.4,1.4,1.2,2014-10-12,1719,Aqua,MODIS,50,6.2,295.4,8.8,N,0
-21.3145,116.8539,319.9,1.4,1.2,2014-10-12,1719,Aqua,MODIS,99,6.2,296.7,24.2,N,0
-21.3063,116.869,317.8,1.4,1.2,2014-10-12,1719,Aqua,MODIS,57,6.2,297,19.8,N,0
-21.2261,116.809,312.2,1.4,1.2,2014-10-12,1719,Aqua,MODIS,84,6.2,296.3,14.7,N,0
-21.2075,116.8262,315,1.4,1.2,2014-10-12,1719,Aqua,MODIS,90,6.2,296.7,17.4,N,0
-21.3504,119.881,309,1,1,2014-10-12,1719,Aqua,MODIS,76,6.2,293.8,8.3,N,0
-21.3855,119.9382,313.4,1,1,2014-10-12,1719,Aqua,MODIS,87,6.2,293,12.7,N,0
-21.3249,116.852,309.1,1.4,1.2,2014-10-12,1719,Aqua,MODIS,65,6.2,295.2,11.3,N,0
-22.559,122.5388,305.5,1.1,1,2014-10-12,1719,Aqua,MODIS,25,6.2,294.3,6.1,N,0
-22.5575,122.5281,309.5,1.1,1,2014-10-12,1719,Aqua,MODIS,78,6.2,294.8,10,N,0
-22.8161,120.642,304.9,1,1,2014-10-12,1720,Aqua,MODIS,61,6.2,293.4,5.6,N,0
-22.7843,120.6771,314.3,1,1,2014-10-12,1720,Aqua,MODIS,89,6.2,294.5,11.3,N,0
-23.373,119.7359,331.7,1,1,2014-10-12,1720,Aqua,MODIS,100,6.2,294.9,30.7,N,0
-23.3654,119.7472,307.1,1,1,2014-10-12,1720,Aqua,MODIS,70,6.2,293.7,7.4,N,0
-22.7981,120.6449,319.9,1,1,2014-10-12,1720,Aqua,MODIS,99,6.2,294,16.9,N,0
-22.7967,120.6352,315.3,1,1,2014-10-12,1720,Aqua,MODIS,91,6.2,292,13,N,0
-23.3744,119.7457,328.5,1,1,2014-10-12,1720,Aqua,MODIS,100,6.2,295.1,26.6,N,0
-22.8147,120.6322,312.5,1,1,2014-10-12,1720,Aqua,MODIS,85,6.2,293.4,11,N,0
-23.442,115.2103,304.9,1.6,1.2,2014-10-12,1720,Aqua,MODIS,62,6.2,290.7,14.5,N,0
-34.9443,118.0969,340.2,1,1,2014-10-12,1723,Aqua,MODIS,100,6.2,282.6,47.6,N,0
-34.9352,118.0988,304.2,1,1,2014-10-12,1723,Aqua,MODIS,59,6.2,279.3,9,N,0
-33.4079,116.4386,300.2,1,1,2014-10-12,1723,Aqua,MODIS,20,6.2,280.1,7.1,N,0
-33.4097,116.4496,300.5,1,1,2014-10-12,1723,Aqua,MODIS,24,6.2,280,7.3,N,0
-25.8568,149.9078,328.1,4.3,1.9,2014-10-12,2329,Terra,MODIS,81,6.2,295.2,160.2,D,0
-25.8666,149.9504,316.6,4.3,1.9,2014-10-12,2329,Terra,MODIS,67,6.2,295,61.2,D,0
-25.857,149.9,324.1,4.3,1.9,2014-10-12,2329,Terra,MODIS,78,6.2,295.2,120.5,D,0
-25.867,149.9424,321.2,4.3,1.9,2014-10-12,2329,Terra,MODIS,75,6.2,295,94.3,D,0
-12.5263,142.3225,325.8,1.2,1.1,2014-10-13,0103,Terra,MODIS,51,6.2,307.2,9.5,D,0
-12.6532,142.5097,325.2,1.2,1.1,2014-10-13,0103,Terra,MODIS,59,6.2,308.8,10.3,D,0
-12.5346,142.3105,330.6,1.2,1.1,2014-10-13,0103,Terra,MODIS,76,6.2,308.5,18.5,D,0
-12.6326,142.8875,324.8,1.3,1.1,2014-10-13,0103,Terra,MODIS,41,6.2,304.9,13.5,D,0
-12.4938,142.7671,326.9,1.2,1.1,2014-10-13,0103,Terra,MODIS,43,6.2,304.2,17.7,D,0
-12.5269,142.5622,327.8,1.2,1.1,2014-10-13,0103,Terra,MODIS,55,6.2,308.2,13.7,D,0
-12.2616,142.7079,337.8,1.2,1.1,2014-10-13,0103,Terra,MODIS,85,6.2,306.5,34.2,D,0
-12.5141,142.5414,335.1,1.2,1.1,2014-10-13,0103,Terra,MODIS,76,6.2,306.5,28.8,D,0
-12.2861,142.739,341,1.2,1.1,2014-10-13,0103,Terra,MODIS,87,6.2,308.1,40.6,D,0
-12.455,142.4888,332.4,1.2,1.1,2014-10-13,0103,Terra,MODIS,68,6.2,309.9,18.8,D,0
-12.4576,142.4932,326.8,1.2,1.1,2014-10-13,0103,Terra,MODIS,62,6.2,309.1,13.1,D,0
-12.4339,142.4805,338.2,1.2,1.1,2014-10-13,0103,Terra,MODIS,85,6.2,309.6,29.9,D,0
-12.853,142.1928,330.7,1.2,1.1,2014-10-13,0103,Terra,MODIS,52,6.2,312.4,10.8,D,0
-12.437,142.1246,326,1.1,1.1,2014-10-13,0103,Terra,MODIS,28,6.2,309.9,7.6,D,0
-12.4757,142.4795,331,1.2,1.1,2014-10-13,0103,Terra,MODIS,67,6.2,307.7,19.6,D,0
-12.5238,141.9474,364.6,1.1,1.1,2014-10-13,0103,Terra,MODIS,100,6.2,313.7,97.3,D,0
-12.4226,142.471,332,1.2,1.1,2014-10-13,0103,Terra,MODIS,62,6.2,309.1,16.6,D,0
-12.4988,142.7255,350.9,1.2,1.1,2014-10-13,0103,Terra,MODIS,94,6.2,304.2,71.6,D,0
-12.4973,142.7142,358.8,1.2,1.1,2014-10-13,0103,Terra,MODIS,99,6.2,304.3,97.7,D,0
-12.2601,142.6967,341.6,1.2,1.1,2014-10-13,0103,Terra,MODIS,88,6.2,307.9,42.8,D,0
-12.235,142.7347,323.5,1.2,1.1,2014-10-13,0103,Terra,MODIS,18,6.2,306.7,12.3,D,0
-12.4838,142.7683,328.8,1.2,1.1,2014-10-13,0103,Terra,MODIS,66,6.2,306.5,20.3,D,0
-12.4674,142.4918,329.3,1.2,1.1,2014-10-13,0103,Terra,MODIS,60,6.2,307.9,16.9,D,0
-12.4922,142.7558,339,1.2,1.1,2014-10-13,0103,Terra,MODIS,86,6.2,303.7,39.1,D,0
-12.4934,142.7608,336.9,1.2,1.1,2014-10-13,0103,Terra,MODIS,84,6.2,304.4,38.9,D,0
-13.0242,143.0733,342.2,1.3,1.1,2014-10-13,0103,Terra,MODIS,88,6.2,304.2,54.2,D,0
-12.2434,142.7221,338.4,1.2,1.1,2014-10-13,0103,Terra,MODIS,85,6.2,308.2,36.4,D,0
-13.0392,143.108,331.6,1.3,1.1,2014-10-13,0103,Terra,MODIS,66,6.2,300.3,30.6,D,0
-12.2366,142.746,321.7,1.2,1.1,2014-10-13,0103,Terra,MODIS,47,6.2,303.7,11.5,D,0
-12.8738,142.2008,330.6,1.2,1.1,2014-10-13,0103,Terra,MODIS,49,6.2,311.9,10.1,D,0
-12.4823,142.7571,324.3,1.2,1.1,2014-10-13,0103,Terra,MODIS,28,6.2,307.3,11.8,D,0
-12.4274,142.126,326,1.1,1.1,2014-10-13,0103,Terra,MODIS,32,6.2,309,7.9,D,0
-13.0258,143.0853,324.5,1.3,1.1,2014-10-13,0103,Terra,MODIS,59,6.2,299.1,17.4,D,0
-12.5224,142.5291,377.3,1.2,1.1,2014-10-13,0103,Terra,MODIS,100,6.2,308.4,169.4,D,0
-12.5254,142.5511,330.1,1.2,1.1,2014-10-13,0103,Terra,MODIS,68,6.2,307.8,17.4,D,0
-12.5285,142.5733,331.4,1.2,1.1,2014-10-13,0103,Terra,MODIS,75,6.2,307.8,20.3,D,0
-12.6311,142.876,324.2,1.3,1.1,2014-10-13,0103,Terra,MODIS,49,6.2,306.3,10.9,D,0
-12.2715,142.7065,335.2,1.2,1.1,2014-10-13,0103,Terra,MODIS,82,6.2,305.9,28.2,D,0
-12.2449,142.7334,335.6,1.2,1.1,2014-10-13,0103,Terra,MODIS,63,6.2,308.1,31,D,0
-12.2731,142.7177,345.9,1.2,1.1,2014-10-13,0103,Terra,MODIS,91,6.2,308,51.6,D,0
-12.5239,142.5401,368.1,1.2,1.1,2014-10-13,0103,Terra,MODIS,100,6.2,309.1,124.9,D,0
-12.5156,142.5525,330.3,1.2,1.1,2014-10-13,0103,Terra,MODIS,52,6.2,305.9,19.3,D,0
-12.4502,142.8194,340.2,1.3,1.1,2014-10-13,0103,Terra,MODIS,87,6.2,307.1,43.2,D,0
-12.2605,136.8135,326.5,1.2,1.1,2014-10-13,0103,Terra,MODIS,41,6.2,308.9,11.1,D,0
-12.2608,136.8195,326,1.2,1.1,2014-10-13,0103,Terra,MODIS,55,6.2,308.2,9.7,D,0
-12.3088,142.7523,328.5,1.2,1.1,2014-10-13,0103,Terra,MODIS,32,6.2,306.3,15.2,D,0
-12.3188,142.7509,324.8,1.2,1.1,2014-10-13,0103,Terra,MODIS,29,6.2,307,9.3,D,0
-12.3709,142.8363,326.1,1.3,1.1,2014-10-13,0103,Terra,MODIS,30,6.2,304,16.5,D,0
-13.0597,143.1053,320.8,1.3,1.1,2014-10-13,0103,Terra,MODIS,5,6.2,303.1,12.1,D,0
-12.4517,142.8309,328,1.3,1.1,2014-10-13,0103,Terra,MODIS,70,6.2,305.2,20.3,D,0
-12.4854,142.7797,333.4,1.2,1.1,2014-10-13,0103,Terra,MODIS,71,6.2,306.1,28,D,0
-12.4417,142.8322,330.3,1.3,1.1,2014-10-13,0103,Terra,MODIS,76,6.2,306.2,24.3,D,0
-12.4754,142.781,326.2,1.2,1.1,2014-10-13,0103,Terra,MODIS,43,6.2,307,15.3,D,0
-12.467,142.7938,330.8,1.2,1.1,2014-10-13,0103,Terra,MODIS,76,6.2,306,23.5,D,0
-12.5904,142.8755,333.5,1.3,1.1,2014-10-13,0103,Terra,MODIS,80,6.2,308,27.4,D,0
-12.5919,142.887,335.5,1.3,1.1,2014-10-13,0103,Terra,MODIS,82,6.2,305.5,33.3,D,0
-12.4317,142.8335,330.2,1.3,1.1,2014-10-13,0103,Terra,MODIS,75,6.2,305.6,24.6,D,0
-13.0236,132.7744,332.3,2.3,1.5,2014-10-13,0104,Terra,MODIS,72,6.2,307.1,57.1,D,0
-12.9764,132.5826,328.9,2.4,1.5,2014-10-13,0104,Terra,MODIS,60,6.2,303.2,47,D,0
-13.0128,132.3918,327.6,2.5,1.5,2014-10-13,0104,Terra,MODIS,69,6.2,306.6,33.5,D,0
-13.0197,132.3847,328.8,2.5,1.5,2014-10-13,0104,Terra,MODIS,72,6.2,305.7,40.8,D,0
-13.0931,132.7996,335.1,2.3,1.5,2014-10-13,0104,Terra,MODIS,75,6.2,302.9,73.2,D,0
-13.0834,132.8071,352.2,2.3,1.5,2014-10-13,0104,Terra,MODIS,95,6.2,305.9,175.7,D,0
-13.5009,134.3501,328.6,1.7,1.3,2014-10-13,0104,Terra,MODIS,65,6.2,306,21.9,D,0
-14.1495,136.5864,326.7,1.2,1.1,2014-10-13,0104,Terra,MODIS,29,6.2,306.9,10.6,D,0
-12.963,132.5849,325.9,2.4,1.5,2014-10-13,0104,Terra,MODIS,37,6.2,305.9,30.6,D,0
-12.3934,135.9033,326.3,1.4,1.2,2014-10-13,0104,Terra,MODIS,47,6.2,308.7,15.4,D,0
-14.1483,133.8145,327.6,1.8,1.3,2014-10-13,0104,Terra,MODIS,46,6.2,308.7,14.4,D,0
-13.009,132.369,325.7,2.5,1.5,2014-10-13,0104,Terra,MODIS,65,6.2,304.9,25.2,D,0
-13.4778,134.3542,328.5,1.7,1.3,2014-10-13,0104,Terra,MODIS,33,6.2,305.9,19.3,D,0
-13.4547,134.3584,342.5,1.7,1.3,2014-10-13,0104,Terra,MODIS,88,6.2,307.3,69,D,0
-14.2123,136.5921,333.4,1.2,1.1,2014-10-13,0104,Terra,MODIS,78,6.2,304.7,26.2,D,0
-13.4893,134.3522,342.5,1.7,1.3,2014-10-13,0104,Terra,MODIS,88,6.2,307,66.9,D,0
-12.294,134.7209,328.9,1.7,1.3,2014-10-13,0104,Terra,MODIS,53,6.2,304.4,29.2,D,0
-13.0799,132.8019,346.4,2.3,1.5,2014-10-13,0104,Terra,MODIS,91,6.2,305.6,134.6,D,0
-12.3701,134.2695,330.1,1.8,1.3,2014-10-13,0104,Terra,MODIS,66,6.2,309.1,25.4,D,0
-12.4395,136.5242,355.7,1.3,1.1,2014-10-13,0104,Terra,MODIS,97,6.2,313.8,84.7,D,0
-12.4376,136.5124,333.5,1.3,1.1,2014-10-13,0104,Terra,MODIS,74,6.2,311.4,22.8,D,0
-12.8525,135.8551,340.6,1.4,1.2,2014-10-13,0104,Terra,MODIS,86,6.2,310.8,40.6,D,0
-12.3939,134.2654,357.9,1.8,1.3,2014-10-13,0104,Terra,MODIS,98,6.2,308.9,152.2,D,0
-12.3904,134.2772,329.3,1.8,1.3,2014-10-13,0104,Terra,MODIS,42,6.2,308.6,24.4,D,0
-12.3967,134.2822,344.2,1.8,1.3,2014-10-13,0104,Terra,MODIS,89,6.2,309.3,76.7,D,0
-17.1063,145.2991,323.3,2.2,1.4,2014-10-13,0104,Terra,MODIS,60,6.2,304,26.8,D,0
-12.3119,136.8167,331.5,1.2,1.1,2014-10-13,0104,Terra,MODIS,84,6.2,309.1,20,D,0
-14.6319,144.2835,332.1,1.7,1.3,2014-10-13,0104,Terra,MODIS,80,6.2,301.7,42.2,D,0
-13.3975,135.607,332,1.4,1.2,2014-10-13,0104,Terra,MODIS,75,6.2,308.1,23.1,D,0
-12.4085,134.2802,338.6,1.8,1.3,2014-10-13,0104,Terra,MODIS,83,6.2,305.4,56.2,D,0
-12.4058,134.2634,347,1.8,1.3,2014-10-13,0104,Terra,MODIS,91,6.2,302.8,95.6,D,0
-14.7319,133.3047,327.9,2,1.4,2014-10-13,0104,Terra,MODIS,68,6.2,306,21.8,D,0
-14.7343,133.2975,329.5,2,1.4,2014-10-13,0104,Terra,MODIS,72,6.2,306,27.8,D,0
-13.3787,142.2253,340,1.2,1.1,2014-10-13,0104,Terra,MODIS,58,6.2,313,31,D,0
-12.4022,134.2751,368.4,1.8,1.3,2014-10-13,0104,Terra,MODIS,100,6.2,308.3,229.9,D,0
-12.3994,134.2584,346.4,1.8,1.3,2014-10-13,0104,Terra,MODIS,91,6.2,305.5,96.3,D,0
-13.3105,134.1241,326.4,1.8,1.3,2014-10-13,0104,Terra,MODIS,64,6.2,308.8,19.5,D,0
-15.0128,135.1366,359.3,1.4,1.2,2014-10-13,0104,Terra,MODIS,99,6.2,306.5,119.3,D,0
-15,135.1252,369.4,1.4,1.2,2014-10-13,0104,Terra,MODIS,100,6.2,307.6,168.4,D,0
-15.0106,135.1233,373.7,1.4,1.2,2014-10-13,0104,Terra,MODIS,100,6.2,308.3,193.2,D,0
-14.9978,135.1119,345.5,1.4,1.2,2014-10-13,0104,Terra,MODIS,90,6.2,308.2,62.8,D,0
-12.2946,134.711,331.4,1.7,1.3,2014-10-13,0104,Terra,MODIS,70,6.2,305.7,36.3,D,0
-12.5986,136.6226,332,1.3,1.1,2014-10-13,0104,Terra,MODIS,58,6.2,311.1,19.5,D,0
-12.6095,136.6263,334.6,1.3,1.1,2014-10-13,0104,Terra,MODIS,40,6.2,313.1,20.2,D,0
-12.6213,136.6362,332.8,1.3,1.1,2014-10-13,0104,Terra,MODIS,38,6.2,313.3,18.3,D,0
-13.1703,141.8337,328.3,1.1,1.1,2014-10-13,0104,Terra,MODIS,37,6.2,309.4,14.4,D,0
-13.8177,132.5765,324.8,2.3,1.5,2014-10-13,0104,Terra,MODIS,30,6.2,303.9,33.8,D,0
-13.3533,131.1732,324.9,3,1.7,2014-10-13,0104,Terra,MODIS,52,6.2,298.4,40.7,D,0
-13.3385,131.1759,324.1,3,1.7,2014-10-13,0104,Terra,MODIS,53,6.2,297.8,34.7,D,0
-13.3539,131.179,323.9,3,1.7,2014-10-13,0104,Terra,MODIS,17,6.2,298.6,31.6,D,0
-14.7563,133.4226,328.5,1.9,1.4,2014-10-13,0104,Terra,MODIS,42,6.2,306.8,23.4,D,0
-14.7442,133.4248,333.3,1.9,1.4,2014-10-13,0104,Terra,MODIS,77,6.2,307.2,39.5,D,0
-15.5537,141.9549,368.5,1.2,1.1,2014-10-13,0104,Terra,MODIS,100,6.2,311.9,123.8,D,0
-15.1951,145.1737,329.7,2,1.4,2014-10-13,0104,Terra,MODIS,72,6.2,295.5,56.3,D,0
-14.6985,133.4763,337.5,1.9,1.3,2014-10-13,0104,Terra,MODIS,83,6.2,309.9,54.1,D,0
-14.6587,144.3115,324.6,1.7,1.3,2014-10-13,0104,Terra,MODIS,56,6.2,300.7,23.2,D,0
-12.6503,136.5605,332.8,1.3,1.1,2014-10-13,0104,Terra,MODIS,36,6.2,312.1,16.6,D,0
-15.5636,141.9535,351.3,1.2,1.1,2014-10-13,0104,Terra,MODIS,94,6.2,306,65.1,D,0
-15.1759,143.4282,327.7,1.5,1.2,2014-10-13,0104,Terra,MODIS,38,6.2,307,17.8,D,0
-14.3331,142.3488,327.3,1.2,1.1,2014-10-13,0104,Terra,MODIS,35,6.2,306.2,12.8,D,0
-15.0011,145.1059,326.8,2,1.4,2014-10-13,0104,Terra,MODIS,72,6.2,293.3,46.5,D,0
-14.6645,144.3583,332.7,1.7,1.3,2014-10-13,0104,Terra,MODIS,71,6.2,301.4,41,D,0
-14.7473,133.4423,326.2,1.9,1.4,2014-10-13,0104,Terra,MODIS,25,6.2,305.6,16.4,D,0
-15.1534,144.9647,320.1,1.9,1.4,2014-10-13,0104,Terra,MODIS,19,6.2,296.2,20.4,D,0
-15.1928,145.1806,326.1,2,1.4,2014-10-13,0104,Terra,MODIS,70,6.2,295.8,44.2,D,0
-12.6585,136.5473,331.2,1.3,1.1,2014-10-13,0104,Terra,MODIS,52,6.2,313.5,14.8,D,0
-15.5553,141.9662,348,1.2,1.1,2014-10-13,0104,Terra,MODIS,92,6.2,310.5,51.9,D,0
-14.655,144.3755,331.5,1.7,1.3,2014-10-13,0104,Terra,MODIS,73,6.2,301.3,38.6,D,0
-15.5522,141.9436,352.8,1.2,1.1,2014-10-13,0104,Terra,MODIS,95,6.2,309.6,67.3,D,0
-14.753,133.43,332.6,1.9,1.4,2014-10-13,0104,Terra,MODIS,73,6.2,306.2,36.1,D,0
-14.7016,133.4937,332.2,1.9,1.3,2014-10-13,0104,Terra,MODIS,76,6.2,307.6,34.9,D,0
-12.6485,136.549,335.4,1.3,1.1,2014-10-13,0104,Terra,MODIS,64,6.2,313.9,22.8,D,0
-14.8047,133.4137,327.4,1.9,1.4,2014-10-13,0104,Terra,MODIS,54,6.2,306.5,19.7,D,0
-14.7409,133.4322,332,1.9,1.4,2014-10-13,0104,Terra,MODIS,75,6.2,306.6,33.9,D,0
-15.5955,136.5931,327.9,1.2,1.1,2014-10-13,0104,Terra,MODIS,0,6.2,305.2,14.1,D,0
-14.6434,144.377,324.9,1.7,1.3,2014-10-13,0104,Terra,MODIS,30,6.2,303.6,21.8,D,0
-19.059,133.2797,327.9,1.6,1.3,2014-10-13,0105,Terra,MODIS,53,6.2,311.4,16.7,D,0
-19.0794,133.3333,363,1.6,1.3,2014-10-13,0105,Terra,MODIS,100,6.2,306.3,159,D,0
-16.921,141.3588,344.1,1.2,1.1,2014-10-13,0105,Terra,MODIS,89,6.2,307.1,40.9,D,0
-16.9225,141.3698,342.4,1.2,1.1,2014-10-13,0105,Terra,MODIS,87,6.2,307.8,37.6,D,0
-16.9239,141.3807,329.6,1.2,1.1,2014-10-13,0105,Terra,MODIS,64,6.2,307.1,13.9,D,0
-16.9113,141.3602,328,1.2,1.1,2014-10-13,0105,Terra,MODIS,64,6.2,308.6,11.7,D,0
-19.5361,146.462,319.3,2.9,1.6,2014-10-13,0105,Terra,MODIS,60,6.2,291.3,45,D,0
-18.5072,132.2974,341.3,2,1.4,2014-10-13,0105,Terra,MODIS,78,6.2,310.7,67.8,D,0
-18.5856,132.2187,359.1,2,1.4,2014-10-13,0105,Terra,MODIS,88,6.2,319.5,164.2,D,0
-18.603,132.2277,345.2,2,1.4,2014-10-13,0105,Terra,MODIS,85,6.2,319.2,84.8,D,0
-18.0784,132.0272,345.1,2.1,1.4,2014-10-13,0105,Terra,MODIS,90,6.2,307.3,105.8,D,0
-18.6153,132.2253,356.7,2,1.4,2014-10-13,0105,Terra,MODIS,98,6.2,319.5,152,D,0
-18.0784,132.0332,346.8,2.1,1.4,2014-10-13,0105,Terra,MODIS,91,6.2,307.6,115.7,D,0
-18.3572,131.6805,336.9,2.2,1.4,2014-10-13,0105,Terra,MODIS,82,6.2,314.5,48,D,0
-18.0622,132.016,330.6,2.1,1.4,2014-10-13,0105,Terra,MODIS,73,6.2,308.5,37.8,D,0
-18.4086,131.9621,345.2,2.1,1.4,2014-10-13,0105,Terra,MODIS,90,6.2,315.8,89,D,0
-18.3881,132.2895,350.6,2,1.4,2014-10-13,0105,Terra,MODIS,80,6.2,305.7,125.6,D,0
-18.4975,132.2934,345.8,2,1.4,2014-10-13,0105,Terra,MODIS,90,6.2,312.5,89.2,D,0
-18.4941,132.275,366.5,2,1.4,2014-10-13,0105,Terra,MODIS,100,6.2,313.4,223.6,D,0
-18.5039,132.2789,348,2,1.4,2014-10-13,0105,Terra,MODIS,92,6.2,309.3,97.1,D,0
-18.4949,132.2998,336.3,2,1.4,2014-10-13,0105,Terra,MODIS,44,6.2,312.8,43.3,D,0
-18.4916,132.2814,365.9,2,1.4,2014-10-13,0105,Terra,MODIS,100,6.2,314.1,217.9,D,0
-18.4827,132.3022,332.5,2,1.4,2014-10-13,0105,Terra,MODIS,57,6.2,313.7,29.9,D,0
-18.5979,132.2163,346.8,2,1.4,2014-10-13,0105,Terra,MODIS,67,6.2,318.8,86.2,D,0
-18.5823,132.2,358.3,2,1.4,2014-10-13,0105,Terra,MODIS,99,6.2,317.8,161.9,D,0
-18.5385,132.1696,337.3,2,1.4,2014-10-13,0105,Terra,MODIS,82,6.2,314.2,48.4,D,0
-17.2423,130.1544,324.7,3,1.7,2014-10-13,0105,Terra,MODIS,64,6.2,303.3,47.2,D,0
-17.2476,130.1821,324.8,3,1.6,2014-10-13,0105,Terra,MODIS,65,6.2,302.6,48.3,D,0
-17.2571,130.1515,332.8,3,1.7,2014-10-13,0105,Terra,MODIS,79,6.2,302.8,94.1,D,0
-17.2623,130.1791,340,3,1.6,2014-10-13,0105,Terra,MODIS,87,6.2,302.5,148.8,D,0
-17.2718,130.1485,331.7,3,1.7,2014-10-13,0105,Terra,MODIS,78,6.2,301.1,88.5,D,0
-17.2558,130.1447,327.1,3,1.7,2014-10-13,0105,Terra,MODIS,24,6.2,302.7,53.9,D,0
-17.2613,130.1724,338.8,3,1.6,2014-10-13,0105,Terra,MODIS,85,6.2,302.8,136.7,D,0
-17.2706,130.1418,328.7,3,1.7,2014-10-13,0105,Terra,MODIS,72,6.2,301.1,73.1,D,0
-17.276,130.1694,323.3,3,1.6,2014-10-13,0105,Terra,MODIS,58,6.2,300.5,44.5,D,0
-18.5262,132.1721,339.5,2,1.4,2014-10-13,0105,Terra,MODIS,84,6.2,314.4,56.1,D,0
-18.5283,132.1127,353.8,2,1.4,2014-10-13,0105,Terra,MODIS,96,6.2,312.6,145,D,0
-18.5351,132.1507,351.7,2,1.4,2014-10-13,0105,Terra,MODIS,94,6.2,313.3,126.6,D,0
-18.5054,132.0577,343.8,2.1,1.4,2014-10-13,0105,Terra,MODIS,88,6.2,312.3,88.4,D,0
-16.5989,128.2728,325.1,4.3,1.9,2014-10-13,0105,Terra,MODIS,68,6.2,297.5,76.8,D,0
-18.6119,132.2066,344.9,2,1.4,2014-10-13,0105,Terra,MODIS,77,6.2,313.8,81.8,D,0
-18.5873,132.2115,371,2,1.4,2014-10-13,0105,Terra,MODIS,100,6.2,321.3,264.3,D,0
-19.8272,128.4343,324.3,3.6,1.8,2014-10-13,0106,Terra,MODIS,50,6.2,307.1,44.2,D,0
-19.8198,128.4302,325.3,3.6,1.8,2014-10-13,0106,Terra,MODIS,59,6.2,307.2,52.1,D,0
-20.7314,139.4782,330.1,1.1,1,2014-10-13,0106,Terra,MODIS,54,6.2,311.5,8.8,D,2
-32.9982,137.5894,307.4,1.1,1.1,2014-10-13,0109,Terra,MODIS,29,6.2,292.9,7,D,0
-34.1165,143.3804,319.7,2.6,1.6,2014-10-13,0109,Terra,MODIS,75,6.2,300.4,46.4,D,0
-34.1204,143.3746,325.4,2.6,1.6,2014-10-13,0109,Terra,MODIS,81,6.2,300.2,68.4,D,0
-34.1043,143.3474,328.8,2.6,1.5,2014-10-13,0109,Terra,MODIS,83,6.2,299.3,89.1,D,0
-34.1184,143.3462,338,2.6,1.5,2014-10-13,0109,Terra,MODIS,89,6.2,300.1,138,D,0
-34.1063,143.3761,317.8,2.6,1.6,2014-10-13,0109,Terra,MODIS,73,6.2,299.4,39.8,D,0
-34.1143,143.3519,358.6,2.6,1.5,2014-10-13,0109,Terra,MODIS,99,6.2,301.7,309.9,D,0
-15.6282,125.4068,319.1,4.8,2,2014-10-13,0243,Terra,MODIS,71,6.2,297.5,77.1,D,0
-20.6002,116.7847,328.3,1.3,1.1,2014-10-13,0244,Terra,MODIS,52,6.2,308.7,21.9,D,2
-21.1144,117.147,331.9,1.4,1.2,2014-10-13,0245,Terra,MODIS,57,6.2,320.3,14.6,D,0
-21.1161,117.1605,336,1.4,1.2,2014-10-13,0245,Terra,MODIS,76,6.2,321.4,24.6,D,0
-21.1205,117.1534,336.1,1.4,1.2,2014-10-13,0245,Terra,MODIS,77,6.2,320.8,26.6,D,0
-21.3675,116.8436,338.9,1.4,1.2,2014-10-13,0245,Terra,MODIS,76,6.2,323.1,28.2,D,0
-21.3699,116.7772,339.9,1.3,1.1,2014-10-13,0245,Terra,MODIS,82,6.2,320.3,32.6,D,0
-21.3715,116.7901,336,1.3,1.1,2014-10-13,0245,Terra,MODIS,69,6.2,319,22.8,D,0
-21.2541,117.0601,395.5,1.4,1.2,2014-10-13,0245,Terra,MODIS,100,6.2,322.9,339.8,D,0
-21.4015,117.1231,332.1,1.4,1.2,2014-10-13,0245,Terra,MODIS,66,6.2,321.8,14.5,D,0
-21.4031,117.1367,340.2,1.4,1.2,2014-10-13,0245,Terra,MODIS,83,6.2,322.8,35.9,D,0
-21.263,117.0452,340.5,1.4,1.2,2014-10-13,0245,Terra,MODIS,83,6.2,316.5,41.2,D,0
-21.2646,117.0586,379.2,1.4,1.2,2014-10-13,0245,Terra,MODIS,100,6.2,319.1,213.6,D,0
-21.2752,117.0572,344.7,1.4,1.2,2014-10-13,0245,Terra,MODIS,88,6.2,317.4,54.9,D,0
-21.2769,117.0709,334.4,1.4,1.2,2014-10-13,0245,Terra,MODIS,74,6.2,316.9,26.2,D,0
-21.305,116.9922,333.8,1.4,1.2,2014-10-13,0245,Terra,MODIS,67,6.2,318.9,20.6,D,0
-21.3066,117.0054,340.3,1.4,1.2,2014-10-13,0245,Terra,MODIS,83,6.2,319.8,35.8,D,0
-21.3641,117.0379,339.5,1.4,1.2,2014-10-13,0245,Terra,MODIS,82,6.2,320.4,33.5,D,0
-21.288,116.9404,338,1.4,1.2,2014-10-13,0245,Terra,MODIS,80,6.2,317.9,36.2,D,0
-21.292,116.8866,329.4,1.4,1.2,2014-10-13,0245,Terra,MODIS,20,6.2,319,14.6,D,0
-23.4485,115.2048,329.5,1.2,1.1,2014-10-13,0245,Terra,MODIS,62,6.2,316.5,10.6,D,0
-21.3635,116.8974,339.5,1.4,1.2,2014-10-13,0245,Terra,MODIS,75,6.2,321.2,28.2,D,0
-21.3562,116.891,335.6,1.4,1.2,2014-10-13,0245,Terra,MODIS,58,6.2,322.3,15.1,D,0
-22.3834,117.5227,354.1,1.5,1.2,2014-10-13,0245,Terra,MODIS,96,6.2,319.3,96.3,D,0
-22.3945,117.5212,333.5,1.5,1.2,2014-10-13,0245,Terra,MODIS,27,6.2,320.2,23.3,D,0
-22.1827,124.0043,342.3,4.5,2,2014-10-13,0245,Terra,MODIS,77,6.2,312.4,238.6,D,0
-22.1822,123.9971,343,4.5,2,2014-10-13,0245,Terra,MODIS,86,6.2,312.9,255.1,D,0
-22.4184,117.5332,337,1.6,1.2,2014-10-13,0245,Terra,MODIS,79,6.2,316.5,34.6,D,0
-22.3852,117.5377,335.1,1.6,1.2,2014-10-13,0245,Terra,MODIS,75,6.2,317.9,28.9,D,0
-21.2022,116.8133,343.4,1.3,1.1,2014-10-13,0245,Terra,MODIS,86,6.2,318.7,45.9,D,0
-21.2038,116.8265,337.2,1.3,1.1,2014-10-13,0245,Terra,MODIS,79,6.2,320.5,29,D,0
-31.1778,115.6659,320.4,1.5,1.2,2014-10-13,0247,Terra,MODIS,66,6.2,304.1,21.5,D,0
-31.7989,115.8454,312.5,1.6,1.2,2014-10-13,0247,Terra,MODIS,36,6.2,297.9,7.4,D,0
-31.7976,115.8396,312.9,1.6,1.2,2014-10-13,0247,Terra,MODIS,23,6.2,297.7,6.9,D,0
-32.6011,116.276,321.7,1.7,1.3,2014-10-13,0248,Terra,MODIS,77,6.2,293,39.7,D,0
-32.1016,115.8139,310.8,1.6,1.2,2014-10-13,0248,Terra,MODIS,0,6.2,296.8,5,D,0
-31.9089,115.8182,313.8,1.6,1.2,2014-10-13,0248,Terra,MODIS,44,6.2,297.8,9.9,D,0
-32.0671,115.9126,314.7,1.6,1.3,2014-10-13,0248,Terra,MODIS,64,6.2,298.5,8.9,D,0
-32.6029,116.2946,321.9,1.8,1.3,2014-10-13,0248,Terra,MODIS,78,6.2,294.1,40.6,D,0
-31.9913,115.9465,314.6,1.6,1.3,2014-10-13,0248,Terra,MODIS,50,6.2,297.4,7.7,D,0
-35.7706,145.5629,308.7,2.1,1.4,2014-10-13,0346,Aqua,MODIS,67,6.2,292.6,18.4,D,0
-31.9381,145.8608,319.4,1.8,1.3,2014-10-13,0347,Aqua,MODIS,56,6.2,305.1,16.4,D,0
-31.9332,145.8552,325.7,1.8,1.3,2014-10-13,0347,Aqua,MODIS,74,6.2,305.7,31.2,D,0
-28.2743,152.3109,338.3,1,1,2014-10-13,0348,Aqua,MODIS,88,6.2,301.3,35.2,D,0
-28.2727,152.3212,317.7,1,1,2014-10-13,0348,Aqua,MODIS,51,6.2,297.6,9.4,D,0
-28.2834,152.3127,327.7,1,1,2014-10-13,0348,Aqua,MODIS,76,6.2,299,18.9,D,0
-29.9583,152.9166,337.6,1,1,2014-10-13,0348,Aqua,MODIS,73,6.2,292.7,33.7,D,0
-29.9641,152.94,342.2,1,1,2014-10-13,0348,Aqua,MODIS,91,6.2,293,40.5,D,0
-29.9749,152.9311,330.1,1,1,2014-10-13,0348,Aqua,MODIS,60,6.2,290.3,21.2,D,0
-27.8063,153.118,320.8,1.1,1,2014-10-13,0348,Aqua,MODIS,65,6.2,303.9,8.6,D,0
-27.8139,153.131,323.7,1.1,1,2014-10-13,0348,Aqua,MODIS,62,6.2,303.9,12.3,D,0
-27.8156,153.1199,325.5,1.1,1,2014-10-13,0348,Aqua,MODIS,76,6.2,303.7,14,D,0
-29.9733,152.9419,329.8,1,1,2014-10-13,0348,Aqua,MODIS,55,6.2,292.6,20.7,D,0
-26.7288,152.6507,321.6,1.1,1,2014-10-13,0349,Aqua,MODIS,64,6.2,298.7,15.6,D,0
-25.3889,152.3191,326.2,1.1,1,2014-10-13,0349,Aqua,MODIS,70,6.2,304.2,15.1,D,0
-25.6136,148.9179,320,1.1,1,2014-10-13,0349,Aqua,MODIS,52,6.2,302.8,6.7,D,0
-25.2157,147.9796,326.4,1.1,1.1,2014-10-13,0349,Aqua,MODIS,76,6.2,302.4,18.9,D,0
-24.9174,151.4852,360.1,1,1,2014-10-13,0349,Aqua,MODIS,100,6.2,302.9,81.5,D,0
-24.8995,151.4857,328.8,1,1,2014-10-13,0349,Aqua,MODIS,75,6.2,304.2,18.6,D,0
-25.443,152.3133,348.6,1.1,1,2014-10-13,0349,Aqua,MODIS,93,6.2,304,56.2,D,0
-26.0848,151.3179,323.4,1,1,2014-10-13,0349,Aqua,MODIS,66,6.2,307.6,7.3,D,0
-24.9158,151.4953,319.6,1,1,2014-10-13,0349,Aqua,MODIS,34,6.2,298.3,9.9,D,0
-25.2193,147.9868,318.2,1.1,1.1,2014-10-13,0349,Aqua,MODIS,61,6.2,301.9,8.5,D,0
-25.2207,147.9757,330.2,1.1,1.1,2014-10-13,0349,Aqua,MODIS,81,6.2,302.6,23.9,D,0
-24.9086,151.4874,370.9,1,1,2014-10-13,0349,Aqua,MODIS,100,6.2,308.4,115.4,D,0
-24.9101,151.4773,337.2,1,1,2014-10-13,0349,Aqua,MODIS,85,6.2,306.6,30.7,D,0
-24.3778,151.2806,322.9,1,1,2014-10-13,0349,Aqua,MODIS,51,6.2,304.1,9.2,D,0
-24.3687,151.2789,322.4,1,1,2014-10-13,0349,Aqua,MODIS,51,6.2,303.4,9.5,D,0
-26.0772,151.2441,324.6,1,1,2014-10-13,0349,Aqua,MODIS,69,6.2,307.1,9.1,D,0
-26.0787,151.2341,326.1,1,1,2014-10-13,0349,Aqua,MODIS,72,6.2,308,10.7,D,0
-24.518,150.9619,317.4,1,1,2014-10-13,0349,Aqua,MODIS,26,6.2,296.4,8.7,D,0
-24.5072,150.909,322.2,1,1,2014-10-13,0349,Aqua,MODIS,62,6.2,299.5,13.1,D,0
-21.066,148.0179,333.7,1,1,2014-10-13,0350,Aqua,MODIS,37,6.2,291.4,15.4,D,0
-21.0646,148.028,357.5,1,1,2014-10-13,0350,Aqua,MODIS,0,6.2,294.9,65.6,D,0
-22.6465,150.4808,322.1,1,1,2014-10-13,0350,Aqua,MODIS,75,6.2,301.3,11.9,D,0
-22.6451,150.4906,335.6,1,1,2014-10-13,0350,Aqua,MODIS,87,6.2,302.8,29,D,0
-21.0187,148.0209,346.6,1,1,2014-10-13,0350,Aqua,MODIS,0,6.2,285.1,43.6,D,0
-21.0279,148.0223,335,1,1,2014-10-13,0350,Aqua,MODIS,59,6.2,284.5,21.4,D,0
-21.0371,148.0237,341.2,1,1,2014-10-13,0350,Aqua,MODIS,51,6.2,293.2,31.6,D,0
-21.0554,148.0266,373.5,1,1,2014-10-13,0350,Aqua,MODIS,75,6.2,305,117.4,D,0
-21.0462,148.0252,362.4,1,1,2014-10-13,0350,Aqua,MODIS,75,6.2,301,80.1,D,0
-21.0568,148.0165,338.3,1,1,2014-10-13,0350,Aqua,MODIS,58,6.2,296.8,23.5,D,0
-21.0201,148.0105,335.6,1,1,2014-10-13,0350,Aqua,MODIS,74,6.2,291.1,23.5,D,0
-21.2386,148.0979,343.2,1,1,2014-10-13,0350,Aqua,MODIS,80,6.2,284.5,42.9,D,0
-22.4131,145.5816,338.7,1.4,1.2,2014-10-13,0350,Aqua,MODIS,56,6.2,309.1,40.3,D,0
-22.3092,145.5553,334.9,1.4,1.2,2014-10-13,0350,Aqua,MODIS,68,6.2,311.4,25,D,0
-21.2295,148.0966,333.3,1,1,2014-10-13,0350,Aqua,MODIS,85,6.2,284.7,26.7,D,0
-22.3172,145.6171,364.9,1.4,1.2,2014-10-13,0350,Aqua,MODIS,100,6.2,312.8,128.3,D,0
-22.3146,145.5474,352.3,1.4,1.2,2014-10-13,0350,Aqua,MODIS,95,6.2,310.7,80.4,D,0
-22.4068,145.5878,336.1,1.4,1.2,2014-10-13,0350,Aqua,MODIS,53,6.2,305.5,35,D,0
-22.3157,145.6306,336.7,1.4,1.2,2014-10-13,0350,Aqua,MODIS,75,6.2,309.5,27.7,D,0
-22.3262,145.632,341.1,1.4,1.2,2014-10-13,0350,Aqua,MODIS,86,6.2,304.2,40.6,D,0
-22.3131,145.6111,343,1.4,1.2,2014-10-13,0350,Aqua,MODIS,88,6.2,311.6,41.5,D,0
-22.3109,145.5415,348.1,1.4,1.2,2014-10-13,0350,Aqua,MODIS,92,6.2,310,66.2,D,0
-22.4115,145.5952,337.8,1.4,1.2,2014-10-13,0350,Aqua,MODIS,61,6.2,306.9,38.7,D,0
-22.2782,145.6339,346.6,1.4,1.2,2014-10-13,0350,Aqua,MODIS,91,6.2,310.3,58.1,D,0
-22.348,145.538,332.4,1.4,1.2,2014-10-13,0350,Aqua,MODIS,59,6.2,309.1,21.4,D,0
-22.3278,145.6185,337.5,1.4,1.2,2014-10-13,0350,Aqua,MODIS,82,6.2,310.8,29.4,D,0
-21.24,148.0878,353.6,1,1,2014-10-13,0350,Aqua,MODIS,0,6.2,287.4,65.5,D,0
-22.3115,145.6246,339.5,1.4,1.2,2014-10-13,0350,Aqua,MODIS,84,6.2,311.1,33,D,0
-20.4753,144.0893,330.8,1.7,1.3,2014-10-13,0351,Aqua,MODIS,75,6.2,306,34.7,D,0
-20.477,144.0733,329.3,1.7,1.3,2014-10-13,0351,Aqua,MODIS,72,6.2,306.5,30.9,D,0
-20.4669,144.0832,329.7,1.7,1.3,2014-10-13,0351,Aqua,MODIS,72,6.2,305.2,30.2,D,0
-20.4783,144.0846,331.7,1.7,1.3,2014-10-13,0351,Aqua,MODIS,76,6.2,306.1,36.8,D,0
-20.4687,144.0671,328.4,1.7,1.3,2014-10-13,0351,Aqua,MODIS,69,6.2,304.5,26.9,D,0
-15.1705,143.4487,332.6,1.6,1.2,2014-10-13,0352,Aqua,MODIS,59,6.2,306.6,28.5,D,0
-14.3047,142.3518,331.1,1.8,1.3,2014-10-13,0352,Aqua,MODIS,18,6.2,308,28.5,D,0
-15.1731,143.4411,334.7,1.6,1.2,2014-10-13,0352,Aqua,MODIS,69,6.2,307.1,29.8,D,0
-15.145,144.9732,327.3,1.2,1.1,2014-10-13,0352,Aqua,MODIS,64,6.2,303.4,18.7,D,0
-14.3618,142.3301,333.9,1.8,1.3,2014-10-13,0352,Aqua,MODIS,79,6.2,306.4,39.5,D,0
-15.1807,143.4714,334.6,1.6,1.2,2014-10-13,0352,Aqua,MODIS,64,6.2,307.8,27.8,D,0
-14.312,142.3409,330.4,1.8,1.3,2014-10-13,0352,Aqua,MODIS,48,6.2,309,26.7,D,0
-14.3239,142.3425,329.5,1.8,1.3,2014-10-13,0352,Aqua,MODIS,38,6.2,307.7,24.8,D,0
-14.9887,145.0858,329.9,1.2,1.1,2014-10-13,0352,Aqua,MODIS,46,6.2,297.8,26,D,0
-14.6789,144.337,351.8,1.3,1.1,2014-10-13,0352,Aqua,MODIS,95,6.2,303.4,80.4,D,0
-15.1495,144.9389,331,1.3,1.1,2014-10-13,0352,Aqua,MODIS,74,6.2,303.4,23.8,D,0
-15.1723,143.4342,332.6,1.6,1.2,2014-10-13,0352,Aqua,MODIS,52,6.2,307.2,26.9,D,0
-15.1748,143.4266,331.1,1.6,1.2,2014-10-13,0352,Aqua,MODIS,54,6.2,307.4,20,D,0
-15.1713,143.4555,336.7,1.6,1.2,2014-10-13,0352,Aqua,MODIS,71,6.2,306.7,37.8,D,0
-14.6772,144.3494,343.9,1.3,1.1,2014-10-13,0352,Aqua,MODIS,89,6.2,304,53.6,D,0
-14.6805,144.3246,332.9,1.3,1.1,2014-10-13,0352,Aqua,MODIS,68,6.2,300.6,31,D,0
-14.6685,144.3356,330.8,1.3,1.1,2014-10-13,0352,Aqua,MODIS,41,6.2,304.3,21.7,D,0
-15.1766,143.4121,330.3,1.6,1.2,2014-10-13,0352,Aqua,MODIS,61,6.2,307.8,19.3,D,0
-14.3737,142.3316,342.1,1.8,1.3,2014-10-13,0352,Aqua,MODIS,87,6.2,308,72.6,D,0
-15.1686,143.4631,330.8,1.6,1.2,2014-10-13,0352,Aqua,MODIS,51,6.2,305.4,24.1,D,0
-15.1663,144.9715,327,1.2,1.1,2014-10-13,0352,Aqua,MODIS,48,6.2,305.2,13.1,D,0
-15.4217,143.7379,325.2,1.5,1.2,2014-10-13,0352,Aqua,MODIS,48,6.2,303.9,14.5,D,0
-15.4108,143.7363,326,1.5,1.2,2014-10-13,0352,Aqua,MODIS,49,6.2,305,15.7,D,0
-15.4201,143.7324,327.4,1.5,1.2,2014-10-13,0352,Aqua,MODIS,59,6.2,304.7,18.4,D,0
-14.1826,143.5016,324.7,1.5,1.2,2014-10-13,0352,Aqua,MODIS,54,6.2,304.2,13.6,D,0
-14.4069,144.3198,338.4,1.3,1.1,2014-10-13,0352,Aqua,MODIS,85,6.2,304.6,39.8,D,0
-15.1741,145.1465,324.1,1.2,1.1,2014-10-13,0352,Aqua,MODIS,53,6.2,298.7,16.6,D,0
-14.6439,144.2815,325.5,1.4,1.2,2014-10-13,0352,Aqua,MODIS,20,6.2,304.7,12.6,D,0
-14.632,144.2926,327.3,1.3,1.2,2014-10-13,0352,Aqua,MODIS,36,6.2,304.8,15.3,D,0
-15.1878,144.9626,348.5,1.2,1.1,2014-10-13,0352,Aqua,MODIS,93,6.2,305.9,62.2,D,0
-15.1977,144.9641,334,1.2,1.1,2014-10-13,0352,Aqua,MODIS,79,6.2,301.6,29.9,D,0
-14.3966,144.3184,325.4,1.3,1.1,2014-10-13,0352,Aqua,MODIS,60,6.2,303.9,14.6,D,0
-14.2352,143.5228,324,1.5,1.2,2014-10-13,0352,Aqua,MODIS,20,6.2,302.5,16.4,D,0
-14.1304,143.545,326,1.5,1.2,2014-10-13,0352,Aqua,MODIS,62,6.2,303.8,16.6,D,0
-14.8739,142.6185,359,1.8,1.3,2014-10-13,0352,Aqua,MODIS,99,6.2,308.2,144.4,D,0
-14.8621,142.617,335.4,1.8,1.3,2014-10-13,0352,Aqua,MODIS,67,6.2,308.4,32.8,D,0
-14.1935,143.503,326.1,1.5,1.2,2014-10-13,0352,Aqua,MODIS,20,6.2,305.2,15.8,D,0
-15.007,145.0995,378.4,1.2,1.1,2014-10-13,0352,Aqua,MODIS,100,6.2,302.6,180.5,D,0
-15.0169,145.1008,363.6,1.2,1.1,2014-10-13,0352,Aqua,MODIS,100,6.2,302.5,112.1,D,0
-12.5926,142.8752,331.3,1.6,1.2,2014-10-13,0353,Aqua,MODIS,66,6.2,308.5,31.6,D,0
-12.5924,142.8804,332.4,1.6,1.2,2014-10-13,0353,Aqua,MODIS,68,6.2,307.8,32.4,D,0
-12.4902,142.7805,333.4,1.6,1.2,2014-10-13,0353,Aqua,MODIS,74,6.2,306,41,D,0
-12.4772,142.7936,325.6,1.6,1.2,2014-10-13,0353,Aqua,MODIS,22,6.2,305.5,20,D,0
-12.4512,142.8196,326.7,1.6,1.2,2014-10-13,0353,Aqua,MODIS,33,6.2,308.2,22.7,D,0
-12.261,142.6128,335.6,1.6,1.3,2014-10-13,0353,Aqua,MODIS,83,6.2,309,45.2,D,0
-12.2612,142.6028,327.3,1.6,1.3,2014-10-13,0353,Aqua,MODIS,66,6.2,309.1,21.6,D,0
-12.479,142.779,326.9,1.6,1.2,2014-10-13,0353,Aqua,MODIS,59,6.2,308.1,23.9,D,0
-12.263,142.5978,323.6,1.6,1.3,2014-10-13,0353,Aqua,MODIS,45,6.2,308.6,13.7,D,0
-12.4493,142.834,323.8,1.6,1.2,2014-10-13,0353,Aqua,MODIS,31,6.2,305.5,18.6,D,0
-12.2203,141.841,324.5,1.9,1.3,2014-10-13,0353,Aqua,MODIS,62,6.2,308,21.2,D,0
-12.6744,142.5895,328.7,1.7,1.3,2014-10-13,0353,Aqua,MODIS,35,6.2,310.3,19.3,D,0
-12.2217,141.9268,363.6,1.8,1.3,2014-10-13,0353,Aqua,MODIS,87,6.2,312.2,197.4,D,0
-11.8536,142.6694,327,1.6,1.2,2014-10-13,0353,Aqua,MODIS,68,6.2,304.4,26.1,D,0
-11.8722,142.7012,319.6,1.6,1.2,2014-10-13,0353,Aqua,MODIS,34,6.2,303.4,15.7,D,0
-11.8424,142.668,321.4,1.6,1.2,2014-10-13,0353,Aqua,MODIS,45,6.2,303.9,16.6,D,0
-12.5245,141.9388,337.4,1.8,1.3,2014-10-13,0353,Aqua,MODIS,84,6.2,308.8,50.7,D,0
-12.5315,141.9348,337.9,1.8,1.3,2014-10-13,0353,Aqua,MODIS,84,6.2,312.2,53.6,D,0
-12.539,142.3068,325.8,1.7,1.3,2014-10-13,0353,Aqua,MODIS,67,6.2,307.4,23.4,D,0
-13.1895,141.8214,329.8,1.9,1.4,2014-10-13,0353,Aqua,MODIS,68,6.2,304.6,38.8,D,0
-12.537,142.3227,326.7,1.7,1.3,2014-10-13,0353,Aqua,MODIS,63,6.2,306.4,24.5,D,0
-13.1773,141.8198,328.7,1.9,1.4,2014-10-13,0353,Aqua,MODIS,61,6.2,307,35.2,D,0
-13.1794,141.802,331.8,1.9,1.4,2014-10-13,0353,Aqua,MODIS,67,6.2,304.9,47.4,D,0
-13.1854,141.8141,334,1.9,1.4,2014-10-13,0353,Aqua,MODIS,80,6.2,305.3,54.7,D,0
-13.1732,141.8126,333.6,1.9,1.4,2014-10-13,0353,Aqua,MODIS,79,6.2,307.4,51.7,D,0
-12.2326,142.7435,330.4,1.6,1.2,2014-10-13,0353,Aqua,MODIS,76,6.2,305.9,34.9,D,0
-12.2456,142.7306,326.2,1.6,1.2,2014-10-13,0353,Aqua,MODIS,64,6.2,308.2,24.2,D,0
-12.4978,142.7214,367.8,1.6,1.2,2014-10-13,0353,Aqua,MODIS,100,6.2,308.3,196.7,D,0
-12.461,142.4817,326.5,1.7,1.3,2014-10-13,0353,Aqua,MODIS,36,6.2,310.4,17.7,D,0
-12.4381,142.4787,333.6,1.7,1.3,2014-10-13,0353,Aqua,MODIS,62,6.2,309.1,33,D,0
-13.023,143.0793,335.4,1.5,1.2,2014-10-13,0353,Aqua,MODIS,80,6.2,304.4,44.1,D,0
-13.0248,143.065,325.3,1.6,1.2,2014-10-13,0353,Aqua,MODIS,24,6.2,305.2,17.3,D,0
-12.4696,142.4879,329.2,1.7,1.3,2014-10-13,0353,Aqua,MODIS,14,6.2,308.8,25.8,D,0
-13.0244,143.0862,333,1.5,1.2,2014-10-13,0353,Aqua,MODIS,79,6.2,304.1,37.7,D,0
-12.5017,142.6916,331.5,1.6,1.3,2014-10-13,0353,Aqua,MODIS,77,6.2,305.3,39.5,D,0
-12.4921,142.7657,338.4,1.6,1.2,2014-10-13,0353,Aqua,MODIS,85,6.2,307.1,55.7,D,0
-12.2708,142.7099,334.8,1.6,1.2,2014-10-13,0353,Aqua,MODIS,81,6.2,308,38.8,D,0
-12.494,142.7509,342.6,1.6,1.2,2014-10-13,0353,Aqua,MODIS,89,6.2,307.7,70.3,D,0
-12.1917,141.9738,329.5,1.8,1.3,2014-10-13,0353,Aqua,MODIS,64,6.2,307,34.6,D,0
-12.2196,141.9436,363.6,1.8,1.3,2014-10-13,0353,Aqua,MODIS,100,6.2,310.4,194.5,D,0
-12.4997,142.7065,323.2,1.6,1.3,2014-10-13,0353,Aqua,MODIS,55,6.2,305.1,19.6,D,0
-12.6369,142.886,328.5,1.6,1.2,2014-10-13,0353,Aqua,MODIS,49,6.2,306.4,24.4,D,0
-13.0261,143.0719,335.4,1.6,1.2,2014-10-13,0353,Aqua,MODIS,82,6.2,305.1,42.7,D,0
-12.6276,142.87,326.6,1.6,1.2,2014-10-13,0353,Aqua,MODIS,41,6.2,309,18.6,D,0
-12.4353,142.1247,325.5,1.8,1.3,2014-10-13,0353,Aqua,MODIS,42,6.2,309.2,15.5,D,0
-12.5294,141.9515,326.9,1.8,1.3,2014-10-13,0353,Aqua,MODIS,43,6.2,309.1,16.8,D,0
-12.8527,142.1861,332,1.8,1.3,2014-10-13,0353,Aqua,MODIS,69,6.2,311.6,21,D,0
-12.5072,142.7376,326.7,1.6,1.2,2014-10-13,0353,Aqua,MODIS,65,6.2,304.1,26.6,D,0
-12.5053,142.7523,330.6,1.6,1.2,2014-10-13,0353,Aqua,MODIS,76,6.2,304.5,35.2,D,0
-12.4829,142.474,326.1,1.7,1.3,2014-10-13,0353,Aqua,MODIS,33,6.2,308.1,21.9,D,0
-12.4959,142.7362,352.6,1.6,1.2,2014-10-13,0353,Aqua,MODIS,95,6.2,307.8,111.6,D,0
-32.6967,116.1854,341.9,3.9,1.8,2014-10-13,0526,Aqua,MODIS,91,6.2,292.9,321.8,D,0
-32.6982,116.2324,347.4,3.9,1.8,2014-10-13,0526,Aqua,MODIS,94,6.2,295.2,384.5,D,0
-32.7318,116.2353,312,3.9,1.8,2014-10-13,0526,Aqua,MODIS,48,6.2,292.8,66.2,D,0
-32.734,116.1929,311.9,3.9,1.8,2014-10-13,0526,Aqua,MODIS,50,6.2,292.4,70.2,D,0
-32.715,116.2339,327.1,3.9,1.8,2014-10-13,0526,Aqua,MODIS,61,6.2,293.5,158,D,0
-32.7172,116.1912,336.2,3.9,1.8,2014-10-13,0526,Aqua,MODIS,87,6.2,292.7,253.7,D,0
-32.7278,116.2308,316.4,3.9,1.8,2014-10-13,0526,Aqua,MODIS,65,6.2,293,93.4,D,0
-32.7304,116.1884,313.3,3.9,1.8,2014-10-13,0526,Aqua,MODIS,57,6.2,292.3,79.1,D,0
-32.7111,116.2293,331.2,3.9,1.8,2014-10-13,0526,Aqua,MODIS,84,6.2,293.5,199.1,D,0
-32.7136,116.1866,336.5,3.9,1.8,2014-10-13,0526,Aqua,MODIS,87,6.2,292.3,260.5,D,0
-32.6943,116.228,352,3.9,1.8,2014-10-13,0526,Aqua,MODIS,96,6.2,295.5,459.2,D,0
-31.7487,115.9167,314.9,4,1.9,2014-10-13,0526,Aqua,MODIS,41,6.2,301.4,57.3,D,0
-32.7004,116.1897,346.1,3.9,1.8,2014-10-13,0526,Aqua,MODIS,88,6.2,292.8,373.1,D,0
-31.7527,115.9246,315.3,4,1.9,2014-10-13,0526,Aqua,MODIS,48,6.2,301.3,60,D,0
-31.1753,115.661,326.4,4.1,1.9,2014-10-13,0527,Aqua,MODIS,75,6.2,299.9,142.5,D,0
-31.1781,115.6171,328.4,4.1,1.9,2014-10-13,0527,Aqua,MODIS,78,6.2,299.8,165.1,D,0
-31.1773,115.6659,322.5,4.1,1.9,2014-10-13,0527,Aqua,MODIS,69,6.2,299.8,109.6,D,0
-31.2142,115.6243,317.5,4.1,1.9,2014-10-13,0527,Aqua,MODIS,49,6.2,301.1,74.2,D,0
-31.2117,115.6683,316,4.1,1.9,2014-10-13,0527,Aqua,MODIS,34,6.2,301,62,D,0
-31.2171,115.6321,320.8,4.1,1.9,2014-10-13,0527,Aqua,MODIS,66,6.2,301.8,100.7,D,0
-31.1798,115.6219,331.8,4.1,1.9,2014-10-13,0527,Aqua,MODIS,81,6.2,300.3,197.8,D,0
-23.6171,129.6245,333.7,1.4,1.2,2014-10-13,0528,Aqua,MODIS,74,6.2,315.2,21,D,0
-21.3751,116.8949,334.2,2.6,1.6,2014-10-13,0529,Aqua,MODIS,64,6.2,320.6,51.3,D,0
-19.6698,129.8067,338.2,1.8,1.3,2014-10-13,0529,Aqua,MODIS,72,6.2,323.1,30.3,D,0
-19.6739,129.8007,338.6,1.8,1.3,2014-10-13,0529,Aqua,MODIS,73,6.2,323.3,33.8,D,0
-19.0792,133.3188,339.6,3.3,1.7,2014-10-13,0529,Aqua,MODIS,76,6.2,317.4,111,D,0
-19.064,133.3154,378.6,3.3,1.7,2014-10-13,0529,Aqua,MODIS,100,6.2,316.1,700.9,D,0
-19.07,133.2849,382.7,3.2,1.7,2014-10-13,0529,Aqua,MODIS,100,6.2,317.3,780.7,D,0
-19.0548,133.2815,343.4,3.2,1.7,2014-10-13,0529,Aqua,MODIS,84,6.2,312.5,155.9,D,0
-21.4244,117.0335,335.8,2.5,1.5,2014-10-13,0529,Aqua,MODIS,77,6.2,321.1,62.3,D,0
-21.4324,117.0275,335,2.5,1.5,2014-10-13,0529,Aqua,MODIS,76,6.2,320.5,58.5,D,0
-21.3708,116.7917,333.5,2.7,1.6,2014-10-13,0529,Aqua,MODIS,69,6.2,321.2,46.4,D,0
-21.3726,116.9203,346.9,2.6,1.5,2014-10-13,0529,Aqua,MODIS,90,6.2,321.2,139.3,D,0
-21.4149,117.1319,335.2,2.5,1.5,2014-10-13,0529,Aqua,MODIS,76,6.2,320.9,54.7,D,0
-21.4196,117.1499,334.7,2.5,1.5,2014-10-13,0529,Aqua,MODIS,75,6.2,320.3,54.6,D,0
-21.3682,116.9148,339.3,2.6,1.5,2014-10-13,0529,Aqua,MODIS,82,6.2,321.2,78.5,D,0
-21.2909,116.9809,332.8,2.6,1.5,2014-10-13,0529,Aqua,MODIS,71,6.2,318.9,51.6,D,0
-19.9012,128.3823,344.1,1.4,1.2,2014-10-13,0529,Aqua,MODIS,76,6.2,318.6,39.1,D,0
-19.8886,128.3936,341.2,1.4,1.2,2014-10-13,0529,Aqua,MODIS,82,6.2,322.5,30.1,D,0
-19.8908,128.3804,346.4,1.4,1.2,2014-10-13,0529,Aqua,MODIS,88,6.2,324.1,45.9,D,0
-19.8361,128.3838,355.8,1.4,1.2,2014-10-13,0529,Aqua,MODIS,97,6.2,319.6,76.7,D,0
-18.6111,132.0672,392.2,2.7,1.6,2014-10-13,0529,Aqua,MODIS,100,6.2,317.6,816.4,D,0
-19.9034,128.3691,346.4,1.4,1.2,2014-10-13,0529,Aqua,MODIS,78,6.2,320.5,46.4,D,0
-18.6134,132.0731,388.9,2.7,1.6,2014-10-13,0529,Aqua,MODIS,100,6.2,317.6,747.8,D,0
-18.6205,132.0955,333.4,2.7,1.6,2014-10-13,0529,Aqua,MODIS,29,6.2,308.3,64.4,D,0
-18.6043,132.0451,360.6,2.7,1.6,2014-10-13,0529,Aqua,MODIS,100,6.2,312.5,291.7,D,0
-18.5127,132.0466,331.6,2.7,1.6,2014-10-13,0529,Aqua,MODIS,49,6.2,306.2,53.5,D,0
-18.5226,132.0414,347.4,2.7,1.6,2014-10-13,0529,Aqua,MODIS,90,6.2,307.6,166.8,D,0
-18.6313,132.2098,334.9,2.8,1.6,2014-10-13,0529,Aqua,MODIS,72,6.2,320.5,55.5,D,0
-18.6158,132.0421,363.8,2.7,1.6,2014-10-13,0529,Aqua,MODIS,100,6.2,312.5,337.4,D,0
-18.5994,132.0703,334,2.7,1.6,2014-10-13,0529,Aqua,MODIS,66,6.2,311.5,62.7,D,0
-18.6017,132.0391,341,2.7,1.6,2014-10-13,0529,Aqua,MODIS,83,6.2,311.3,114.5,D,0
-18.5085,132.0385,340.2,2.7,1.6,2014-10-13,0529,Aqua,MODIS,82,6.2,306.5,115.4,D,0
-18.6362,132.1841,333.5,2.8,1.6,2014-10-13,0529,Aqua,MODIS,26,6.2,317.7,50,D,0
-18.6183,132.048,374.2,2.7,1.6,2014-10-13,0529,Aqua,MODIS,100,6.2,313.3,481.6,D,0
-18.6111,131.9891,334.6,2.7,1.6,2014-10-13,0529,Aqua,MODIS,73,6.2,308.8,86.2,D,0
-18.4992,132.0103,331.6,2.7,1.6,2014-10-13,0529,Aqua,MODIS,61,6.2,305.1,75.3,D,0
-19.0608,133.251,363.8,3.2,1.7,2014-10-13,0529,Aqua,MODIS,100,6.2,315.3,414.5,D,0
-18.5924,132.011,349.9,2.7,1.6,2014-10-13,0529,Aqua,MODIS,92,6.2,312.3,191.4,D,0
-18.6298,132.045,328.5,2.7,1.6,2014-10-13,0529,Aqua,MODIS,19,6.2,308.3,48.1,D,0
-18.6275,132.076,367.9,2.7,1.6,2014-10-13,0529,Aqua,MODIS,100,6.2,312.6,398.3,D,0
-18.5349,132.238,339.6,2.8,1.6,2014-10-13,0529,Aqua,MODIS,82,6.2,315.5,82.9,D,0
-18.5299,132.2643,347,2.8,1.6,2014-10-13,0529,Aqua,MODIS,90,6.2,315.6,144.9,D,0
-21.1985,116.8059,338.9,2.6,1.6,2014-10-13,0529,Aqua,MODIS,75,6.2,320.7,84,D,0
-18.4887,132.3033,331.8,2.8,1.6,2014-10-13,0529,Aqua,MODIS,53,6.2,315.6,38,D,0
-21.196,116.8304,348,2.6,1.6,2014-10-13,0529,Aqua,MODIS,91,6.2,321.6,146.6,D,0
-18.5831,131.9832,349.4,2.7,1.6,2014-10-13,0529,Aqua,MODIS,92,6.2,308.9,194.1,D,0
-21.1884,116.8095,342.4,2.6,1.6,2014-10-13,0529,Aqua,MODIS,85,6.2,319.8,107.1,D,0
-18.6091,132.02,333,2.7,1.6,2014-10-13,0529,Aqua,MODIS,67,6.2,309.9,70.9,D,0
-18.6139,131.9951,328.3,2.7,1.6,2014-10-13,0529,Aqua,MODIS,43,6.2,308.8,51,D,0
-18.5249,132.2907,331.9,2.8,1.6,2014-10-13,0529,Aqua,MODIS,32,6.2,315.3,35.5,D,0
-18.5132,132.0132,344.8,2.7,1.6,2014-10-13,0529,Aqua,MODIS,88,6.2,304.6,158.3,D,0
-21.186,116.8343,341.3,2.6,1.6,2014-10-13,0529,Aqua,MODIS,84,6.2,321.8,94.2,D,0
-18.5272,132.0162,381.4,2.7,1.6,2014-10-13,0529,Aqua,MODIS,100,6.2,310.7,609.9,D,0
-21.2024,116.8113,339,2.6,1.6,2014-10-13,0529,Aqua,MODIS,78,6.2,321.3,84.7,D,0
-18.5553,132.0221,332.6,2.7,1.6,2014-10-13,0529,Aqua,MODIS,30,6.2,308.9,62.8,D,0
-18.5176,132.0214,363.4,2.7,1.6,2014-10-13,0529,Aqua,MODIS,100,6.2,306.1,340.8,D,0
-18.5316,132.0244,376.2,2.7,1.6,2014-10-13,0529,Aqua,MODIS,100,6.2,312.1,516,D,0
-18.6064,132.014,336,2.7,1.6,2014-10-13,0529,Aqua,MODIS,76,6.2,310.5,87.5,D,0
-19.0485,133.2406,333.9,3.2,1.7,2014-10-13,0529,Aqua,MODIS,38,6.2,310.9,76.3,D,0
-18.5644,132.0052,334.6,2.7,1.6,2014-10-13,0529,Aqua,MODIS,53,6.2,307.1,80.9,D,0
-18.5784,132.0081,355.8,2.7,1.6,2014-10-13,0529,Aqua,MODIS,97,6.2,311.6,246.8,D,0
-18.5971,131.9861,361.1,2.7,1.6,2014-10-13,0529,Aqua,MODIS,100,6.2,311.4,311.8,D,0
-18.6323,132.0509,340.6,2.7,1.6,2014-10-13,0529,Aqua,MODIS,83,6.2,308.3,122.2,D,0
-19.0636,133.2439,347.3,3.2,1.7,2014-10-13,0529,Aqua,MODIS,90,6.2,315,193.6,D,0
-18.6251,132.0701,386,2.7,1.6,2014-10-13,0529,Aqua,MODIS,100,6.2,315.3,693.6,D,0
-19.0578,133.2745,354.8,3.2,1.7,2014-10-13,0529,Aqua,MODIS,96,6.2,314,292.2,D,0
-22.6243,122.6198,331.6,1.1,1.1,2014-10-13,0529,Aqua,MODIS,47,6.2,299.4,19.2,D,0
-22.4253,117.5316,343.3,2.4,1.5,2014-10-13,0529,Aqua,MODIS,87,6.2,318.8,101.4,D,0
-22.6311,122.6433,369.1,1.1,1.1,2014-10-13,0529,Aqua,MODIS,100,6.2,315,116.9,D,0
-22.6339,122.6213,325.9,1.1,1.1,2014-10-13,0529,Aqua,MODIS,34,6.2,298.4,8.3,D,0
-22.6325,122.6323,379.8,1.1,1.1,2014-10-13,0529,Aqua,MODIS,100,6.2,321.1,165.6,D,0
-22.6215,122.6419,343.3,1.1,1.1,2014-10-13,0529,Aqua,MODIS,73,6.2,306.7,39.9,D,0
-22.6229,122.6309,390.8,1.1,1.1,2014-10-13,0529,Aqua,MODIS,100,6.2,317,227.1,D,0
-22.1938,124.0041,361.8,1,1,2014-10-13,0529,Aqua,MODIS,95,6.2,318,75.1,D,0
-22.1925,124.0139,333.7,1,1,2014-10-13,0529,Aqua,MODIS,21,6.2,298.7,15.8,D,0
-22.2029,124.0055,363.9,1,1,2014-10-13,0529,Aqua,MODIS,81,6.2,314.5,82.3,D,0
-22.3869,117.5031,337.4,2.4,1.5,2014-10-13,0529,Aqua,MODIS,79,6.2,320,63.2,D,0
-22.3911,117.5226,334.3,2.4,1.5,2014-10-13,0529,Aqua,MODIS,50,6.2,320.2,41.7,D,0
-22.3846,117.5267,332.4,2.4,1.5,2014-10-13,0529,Aqua,MODIS,70,6.2,320,38.1,D,0
-17.1701,123.079,338.3,1,1,2014-10-13,0530,Aqua,MODIS,42,6.2,312.7,16.8,D,0
-16.9878,123.1351,334.6,1,1,2014-10-13,0530,Aqua,MODIS,42,6.2,316.3,10.2,D,0
-16.8093,124.0681,341.3,1,1,2014-10-13,0530,Aqua,MODIS,83,6.2,318.3,23.2,D,0
-16.808,124.0774,342,1,1,2014-10-13,0530,Aqua,MODIS,82,6.2,316.6,25.1,D,0
-16.7361,127.4428,345.7,1.4,1.2,2014-10-13,0530,Aqua,MODIS,88,6.2,312.6,49.5,D,0
-16.7298,127.4157,334.3,1.4,1.2,2014-10-13,0530,Aqua,MODIS,42,6.2,312.9,20.2,D,0
-17.2153,123.0859,335.4,1,1,2014-10-13,0530,Aqua,MODIS,49,6.2,318.5,11.1,D,0
-16.7845,124.1121,336.9,1,1,2014-10-13,0530,Aqua,MODIS,56,6.2,313.4,15.4,D,0
-17.3468,123.1956,340.8,1,1,2014-10-13,0530,Aqua,MODIS,71,6.2,320.5,15.9,D,0
-17.3558,123.197,339.9,1,1,2014-10-13,0530,Aqua,MODIS,60,6.2,318.4,14.7,D,0
-17.3752,123.1903,352,1,1,2014-10-13,0530,Aqua,MODIS,93,6.2,317.7,41.1,D,0
-16.9851,123.154,347.5,1,1,2014-10-13,0530,Aqua,MODIS,87,6.2,313.1,35.6,D,0
-16.9864,123.1446,352.6,1,1,2014-10-13,0530,Aqua,MODIS,94,6.2,317.7,45.6,D,0
-16.8613,123.0553,378.7,1,1,2014-10-13,0530,Aqua,MODIS,100,6.2,317.7,127,D,0
-17.1261,124.2296,353.4,1,1,2014-10-13,0530,Aqua,MODIS,95,6.2,317.8,40.9,D,0
-17.0915,124.2145,335,1,1,2014-10-13,0530,Aqua,MODIS,61,6.2,315.6,6.8,D,0
-17.0901,124.2239,336,1,1,2014-10-13,0530,Aqua,MODIS,49,6.2,315.5,7.9,D,0
-17.1414,124.2513,341,1,1,2014-10-13,0530,Aqua,MODIS,77,6.2,310.8,21.7,D,0
-17.0964,124.2441,338,1,1,2014-10-13,0530,Aqua,MODIS,76,6.2,318.5,14,D,0
-17.1289,124.2108,338.3,1,1,2014-10-13,0530,Aqua,MODIS,61,6.2,317.4,10.9,D,0
-17.1275,124.2202,350,1,1,2014-10-13,0530,Aqua,MODIS,92,6.2,318.6,32.1,D,0
-17.1013,124.2738,335.2,1,1,2014-10-13,0530,Aqua,MODIS,71,6.2,313.3,12.9,D,0
-17.1026,124.2644,397,1,1,2014-10-13,0530,Aqua,MODIS,100,6.2,319.2,212.5,D,0
-17.104,124.255,365.6,1,1,2014-10-13,0530,Aqua,MODIS,100,6.2,318.3,76.9,D,0
-17.0936,124.2629,345.8,1,1,2014-10-13,0530,Aqua,MODIS,88,6.2,315,28.8,D,0
-17.1365,124.2217,375.7,1,1,2014-10-13,0530,Aqua,MODIS,100,6.2,320.7,106.8,D,0
-17.1351,124.2311,385.3,1,1,2014-10-13,0530,Aqua,MODIS,100,6.2,325,148.5,D,0
-17.1338,124.2405,361.7,1,1,2014-10-13,0530,Aqua,MODIS,100,6.2,319.3,65,D,0
-17.095,124.2535,351.3,1,1,2014-10-13,0530,Aqua,MODIS,93,6.2,318.2,40.3,D,0
-17.1441,124.2325,338.6,1,1,2014-10-13,0530,Aqua,MODIS,31,6.2,315.4,15.3,D,0
-17.1428,124.2419,384.9,1,1,2014-10-13,0530,Aqua,MODIS,100,6.2,316.5,151.4,D,0
-16.7414,127.2123,348.2,1.3,1.1,2014-10-13,0530,Aqua,MODIS,90,6.2,313.4,53.1,D,0
-16.7272,127.235,339.2,1.3,1.1,2014-10-13,0530,Aqua,MODIS,68,6.2,314.8,29.7,D,0
-16.7292,127.2226,338,1.3,1.1,2014-10-13,0530,Aqua,MODIS,77,6.2,313.8,25.4,D,0
-16.717,127.2332,334.8,1.3,1.1,2014-10-13,0530,Aqua,MODIS,49,6.2,312.1,21.2,D,0
-16.7638,126.7566,342.4,1.2,1.1,2014-10-13,0530,Aqua,MODIS,63,6.2,315.8,33,D,0
-17.1801,124.3595,345.2,1,1,2014-10-13,0530,Aqua,MODIS,87,6.2,313.4,33.1,D,0
-16.7219,126.8931,331.1,1.3,1.1,2014-10-13,0530,Aqua,MODIS,0,6.2,301.3,20.2,D,0
-16.6691,127.0938,337.5,1.3,1.1,2014-10-13,0530,Aqua,MODIS,58,6.2,317.6,22,D,0
-17.1968,124.3718,352.3,1,1,2014-10-13,0530,Aqua,MODIS,94,6.2,314,48.2,D,0
-17.1787,124.3689,355.3,1,1,2014-10-13,0530,Aqua,MODIS,96,6.2,310.9,55.6,D,0
-14.7686,133.4399,325,4.1,1.9,2014-10-13,0530,Aqua,MODIS,49,6.2,295.3,66.8,D,0
-14.7758,133.4021,323.8,4.1,1.9,2014-10-13,0530,Aqua,MODIS,26,6.2,297.8,56.9,D,0
-14.7637,133.4071,330.1,4.1,1.9,2014-10-13,0530,Aqua,MODIS,75,6.2,297.9,113.9,D,0
-14.7563,133.4448,327.7,4.1,1.9,2014-10-13,0530,Aqua,MODIS,71,6.2,295.9,91,D,0
-14.752,133.4361,324.2,4.1,1.9,2014-10-13,0530,Aqua,MODIS,53,6.2,296.1,57.6,D,0
-17.7226,132.547,328.8,3.1,1.7,2014-10-13,0530,Aqua,MODIS,30,6.2,308.4,44.4,D,0
-17.7067,133.0196,327.3,3.3,1.7,2014-10-13,0530,Aqua,MODIS,36,6.2,305.1,62.4,D,0
-17.6975,132.9856,333.2,3.3,1.7,2014-10-13,0530,Aqua,MODIS,57,6.2,307.2,97,D,0
-17.7277,133.0193,333,3.3,1.7,2014-10-13,0530,Aqua,MODIS,70,6.2,304.1,98.8,D,0
-17.6876,132.9785,335.7,3.3,1.7,2014-10-13,0530,Aqua,MODIS,62,6.2,308.4,107.2,D,0
-18.0596,131.9975,331.8,2.7,1.6,2014-10-13,0530,Aqua,MODIS,64,6.2,304.5,58.9,D,0
-18.0517,132.672,331.4,3.1,1.7,2014-10-13,0530,Aqua,MODIS,69,6.2,311.8,64,D,0
-18.0211,132.6736,328.5,3.1,1.7,2014-10-13,0530,Aqua,MODIS,34,6.2,308.4,51.2,D,0
-18.0165,132.6948,335.8,3.1,1.7,2014-10-13,0530,Aqua,MODIS,74,6.2,309.9,102,D,0
-18.0154,132.7025,331.8,3.1,1.7,2014-10-13,0530,Aqua,MODIS,55,6.2,309.6,70.3,D,0
-18.0645,131.972,329.9,2.7,1.6,2014-10-13,0530,Aqua,MODIS,36,6.2,308.4,47.7,D,0
-18.036,132.6766,332,3.1,1.7,2014-10-13,0530,Aqua,MODIS,71,6.2,309.4,70.9,D,0
-18.0719,131.9949,362.1,2.7,1.6,2014-10-13,0530,Aqua,MODIS,100,6.2,308.9,327.9,D,0
-17.7275,132.5262,327.7,3,1.7,2014-10-13,0530,Aqua,MODIS,27,6.2,308,40.8,D,0
-17.722,132.5546,328.2,3.1,1.7,2014-10-13,0530,Aqua,MODIS,37,6.2,308.2,41.6,D,0
-17.9814,132.5632,340.9,3,1.7,2014-10-13,0530,Aqua,MODIS,84,6.2,305.9,152.3,D,0
-17.9792,132.5678,344,3,1.7,2014-10-13,0530,Aqua,MODIS,88,6.2,305.5,178.6,D,0
-17.7214,132.8641,333.5,3.2,1.7,2014-10-13,0530,Aqua,MODIS,62,6.2,309.8,63.4,D,0
-18.0861,131.9979,336.9,2.7,1.6,2014-10-13,0530,Aqua,MODIS,79,6.2,308.7,93.5,D,0
-18.0786,131.975,336,2.7,1.6,2014-10-13,0530,Aqua,MODIS,73,6.2,309.9,85.3,D,0
-18.0737,132.0005,357.9,2.7,1.6,2014-10-13,0530,Aqua,MODIS,98,6.2,308.6,273.8,D,0
-18.0369,132.6689,332,3.1,1.7,2014-10-13,0530,Aqua,MODIS,57,6.2,308.7,69.3,D,0
-18.0672,132.0206,337.4,2.8,1.6,2014-10-13,0530,Aqua,MODIS,80,6.2,307.7,97.4,D,0
-18.0624,132.0463,334.4,2.8,1.6,2014-10-13,0530,Aqua,MODIS,75,6.2,308.5,78.1,D,0
-18.0813,132.0236,330.2,2.8,1.6,2014-10-13,0530,Aqua,MODIS,61,6.2,308.1,52.9,D,0
-18.0878,132.0034,332,2.7,1.6,2014-10-13,0530,Aqua,MODIS,70,6.2,308.4,63.6,D,0
-18.0509,132.6797,333.1,3.1,1.7,2014-10-13,0530,Aqua,MODIS,73,6.2,312.5,77,D,0
-18.3984,132.0627,338.3,2.7,1.6,2014-10-13,0530,Aqua,MODIS,81,6.2,312.1,93.4,D,0
-17.9135,132.8249,329.5,3.2,1.7,2014-10-13,0530,Aqua,MODIS,31,6.2,306.9,47,D,0
-13.3357,131.1616,323.5,3,1.6,2014-10-13,0531,Aqua,MODIS,44,6.2,296.8,37.7,D,0
-12.9837,130.3776,339.9,2.6,1.6,2014-10-13,0531,Aqua,MODIS,87,6.2,299,133.2,D,0
-12.9879,130.3538,325.8,2.6,1.6,2014-10-13,0531,Aqua,MODIS,61,6.2,299.9,49.9,D,0
-12.9698,130.3751,329.6,2.6,1.6,2014-10-13,0531,Aqua,MODIS,77,6.2,299.1,68.4,D,0
-12.974,130.3513,338.2,2.6,1.6,2014-10-13,0531,Aqua,MODIS,86,6.2,299.3,115.2,D,0
-15.6376,125.4436,334.9,1.1,1,2014-10-13,0531,Aqua,MODIS,72,6.2,306.8,22.4,D,0
-15.6392,125.4335,331.3,1.1,1,2014-10-13,0531,Aqua,MODIS,40,6.2,307.8,15.2,D,0
-13.0319,130.2646,337.7,2.6,1.5,2014-10-13,0531,Aqua,MODIS,86,6.2,297,106.6,D,0
-13.0222,130.2386,326.6,2.5,1.5,2014-10-13,0531,Aqua,MODIS,63,6.2,299.4,45.8,D,0
-13.0017,130.3564,328.8,2.6,1.6,2014-10-13,0531,Aqua,MODIS,60,6.2,298.1,64.9,D,0
-15.6283,125.4418,336.7,1.1,1,2014-10-13,0531,Aqua,MODIS,80,6.2,308.2,25.7,D,0
-15.6298,125.4318,330.8,1.1,1,2014-10-13,0531,Aqua,MODIS,62,6.2,309.4,14.7,D,0
-13.5165,130.1942,322.3,2.5,1.5,2014-10-13,0531,Aqua,MODIS,29,6.2,298.4,28.1,D,0
-13.0359,130.2412,349.7,2.5,1.5,2014-10-13,0531,Aqua,MODIS,94,6.2,300.3,190.5,D,0
-12.9976,130.3802,343.4,2.6,1.6,2014-10-13,0531,Aqua,MODIS,90,6.2,297.5,158,D,0
-15.6235,125.4097,329,1.1,1,2014-10-13,0531,Aqua,MODIS,42,6.2,307.2,10.2,D,0
-15.6252,125.3992,347.9,1.1,1,2014-10-13,0531,Aqua,MODIS,91,6.2,310.2,44.4,D,0
-15.6784,125.4928,329.9,1.1,1.1,2014-10-13,0531,Aqua,MODIS,60,6.2,308.6,14.1,D,0
-15.661,125.4165,334.3,1.1,1,2014-10-13,0531,Aqua,MODIS,68,6.2,309.3,18.1,D,0
-15.6819,125.4991,334.8,1.1,1.1,2014-10-13,0531,Aqua,MODIS,77,6.2,308.4,22,D,0
-15.6469,125.3827,331,1.1,1,2014-10-13,0531,Aqua,MODIS,51,6.2,311.2,12.7,D,0
-15.6267,125.3892,336.7,1.1,1,2014-10-13,0531,Aqua,MODIS,67,6.2,311.6,21.7,D,0
-15.6282,125.3792,337,1.1,1,2014-10-13,0531,Aqua,MODIS,70,6.2,311.1,21.9,D,0
-15.6174,125.3874,343,1.1,1,2014-10-13,0531,Aqua,MODIS,87,6.2,310.3,36.5,D,0
-11.7242,130.6534,317.7,2.9,1.6,2014-10-13,0531,Aqua,MODIS,30,6.2,295.3,27.2,D,0
-11.3683,131.1194,316.2,3.2,1.7,2014-10-13,0531,Aqua,MODIS,31,6.2,292.1,36.7,D,0
-11.6517,130.6396,319.1,2.9,1.6,2014-10-13,0531,Aqua,MODIS,54,6.2,292.4,41,D,0
-11.6562,130.6138,322.6,2.9,1.6,2014-10-13,0531,Aqua,MODIS,70,6.2,294.9,56,D,0
-37.0545,141.9942,304.4,1.3,1.1,2014-10-13,1312,Terra,MODIS,60,6.2,275.9,14.5,N,0
-37.053,142.0084,308.4,1.3,1.1,2014-10-13,1312,Terra,MODIS,74,6.2,276.2,18.1,N,0
-25.6137,148.9146,301.8,1.9,1.3,2014-10-13,1314,Terra,MODIS,44,6.2,289.8,12.8,N,0
-20.5682,140.6824,354.1,1,1,2014-10-13,1316,Terra,MODIS,100,6.2,299.7,71.4,N,0
-20.5786,140.6741,328.1,1,1,2014-10-13,1316,Terra,MODIS,100,6.2,297.8,25.3,N,0
-20.5773,140.6838,334.7,1,1,2014-10-13,1316,Terra,MODIS,100,6.2,298,34.3,N,0
-20.5669,140.6921,341.9,1,1,2014-10-13,1316,Terra,MODIS,100,6.2,298.2,45.9,N,0
-20.5695,140.6727,315.6,1,1,2014-10-13,1316,Terra,MODIS,92,6.2,296.4,12.1,N,0
-15.0006,145.0956,302.2,1.6,1.3,2014-10-13,1317,Terra,MODIS,18,6.2,290,8,N,0
-15.195,145.1739,300.2,1.6,1.3,2014-10-13,1317,Terra,MODIS,22,6.2,289.5,6.9,N,0
-14.6484,144.3068,307.9,1.4,1.2,2014-10-13,1317,Terra,MODIS,73,6.2,291.1,12.1,N,0
-14.645,144.2998,311.2,1.4,1.2,2014-10-13,1317,Terra,MODIS,82,6.2,291.3,16.4,N,0
-14.6506,144.2935,301.1,1.4,1.2,2014-10-13,1317,Terra,MODIS,31,6.2,290.9,5.1,N,0
-15.1962,144.9605,301.5,1.6,1.2,2014-10-13,1317,Terra,MODIS,34,6.2,290.9,6.2,N,0
-14.8806,142.6529,307.1,1.2,1.1,2014-10-13,1317,Terra,MODIS,43,6.2,293.4,6.6,N,0
-14.871,142.6512,308.8,1.2,1.1,2014-10-13,1317,Terra,MODIS,76,6.2,293.5,8.2,N,0
-13.4146,135.6454,318.4,1.5,1.2,2014-10-13,1318,Terra,MODIS,97,6.2,295.3,25.1,N,0
-13.4106,135.653,311,1.5,1.2,2014-10-13,1318,Terra,MODIS,80,6.2,294.7,14,N,0
-13.4124,135.6393,316.3,1.5,1.2,2014-10-13,1318,Terra,MODIS,92,6.2,295.1,21.6,N,0
-13.3707,142.2251,319,1.1,1.1,2014-10-13,1318,Terra,MODIS,98,6.2,294.4,16.6,N,0
-13.3595,142.234,315,1.1,1.1,2014-10-13,1318,Terra,MODIS,87,6.2,294.1,12.5,N,0
-13.3611,142.2235,322.3,1.1,1.1,2014-10-13,1318,Terra,MODIS,100,6.2,294.3,20.7,N,0
-13.4042,142.2628,322.6,1.1,1.1,2014-10-13,1318,Terra,MODIS,100,6.2,294.5,22.7,N,0
-13.4057,142.2523,313.4,1.1,1.1,2014-10-13,1318,Terra,MODIS,87,6.2,293.8,12.2,N,0
-13.3946,142.2612,326.1,1.1,1.1,2014-10-13,1318,Terra,MODIS,100,6.2,294.9,26.9,N,0
-13.3962,142.2507,339.7,1.1,1.1,2014-10-13,1318,Terra,MODIS,100,6.2,295.4,49.6,N,0
-13.3977,142.2402,321.7,1.1,1.1,2014-10-13,1318,Terra,MODIS,100,6.2,294.1,20.8,N,0
-13.3882,142.2387,321.5,1.1,1.1,2014-10-13,1318,Terra,MODIS,100,6.2,294.6,20.3,N,0
-13.3898,142.2282,310.7,1.1,1.1,2014-10-13,1318,Terra,MODIS,49,6.2,293.9,9,N,0
-13.0499,143.1127,300.8,1.3,1.1,2014-10-13,1318,Terra,MODIS,15,6.2,290.7,4.7,N,0
-12.4882,142.7756,302,1.3,1.1,2014-10-13,1318,Terra,MODIS,41,6.2,291.9,5.5,N,0
-12.3178,142.7534,304.9,1.3,1.1,2014-10-13,1318,Terra,MODIS,62,6.2,291.8,7.6,N,0
-12.367,142.8324,308.2,1.3,1.1,2014-10-13,1318,Terra,MODIS,74,6.2,291.8,11.3,N,0
-12.4277,142.8363,303.1,1.3,1.1,2014-10-13,1318,Terra,MODIS,44,6.2,291.4,6.5,N,0
-12.4377,142.838,305,1.3,1.1,2014-10-13,1318,Terra,MODIS,62,6.2,291.5,8.4,N,0
-13.0967,132.4005,317.8,2.6,1.5,2014-10-13,1318,Terra,MODIS,96,6.2,293.2,55.4,N,0
-13.0518,143.1009,300.9,1.3,1.1,2014-10-13,1318,Terra,MODIS,18,6.2,290.6,4.6,N,0
-12.2869,142.7539,304.2,1.3,1.1,2014-10-13,1318,Terra,MODIS,18,6.2,291.1,6.8,N,0
-13.1192,132.7991,305.6,2.4,1.5,2014-10-13,1318,Terra,MODIS,60,6.2,294.7,13,N,0
-13.1162,132.7829,311,2.4,1.5,2014-10-13,1318,Terra,MODIS,81,6.2,294.7,25.8,N,0
-13.1137,132.8051,308.8,2.4,1.5,2014-10-13,1318,Terra,MODIS,69,6.2,294.6,19.5,N,0
-13.0549,132.3952,321.8,2.6,1.5,2014-10-13,1318,Terra,MODIS,100,6.2,293.2,67.9,N,0
-13.0576,132.3714,317.8,2.6,1.6,2014-10-13,1318,Terra,MODIS,96,6.2,293.4,52.7,N,0
-13.0664,132.3673,315.3,2.6,1.6,2014-10-13,1318,Terra,MODIS,90,6.2,294,44.6,N,0
-13.0636,132.391,335,2.6,1.5,2014-10-13,1318,Terra,MODIS,100,6.2,294.7,134.1,N,0
-13.0804,132.369,320.2,2.6,1.6,2014-10-13,1318,Terra,MODIS,100,6.2,294.1,61.3,N,0
-13.0775,132.3928,342.3,2.6,1.5,2014-10-13,1318,Terra,MODIS,100,6.2,295.3,182.6,N,0
-13.0497,132.3893,316.8,2.6,1.5,2014-10-13,1318,Terra,MODIS,94,6.2,292.9,51.5,N,0
-13.0525,132.3655,307.4,2.6,1.6,2014-10-13,1318,Terra,MODIS,34,6.2,292.3,24.6,N,0
-12.2496,142.6658,302.8,1.2,1.1,2014-10-13,1318,Terra,MODIS,52,6.2,291.7,6.4,N,0
-13.1057,132.7975,313.3,2.4,1.5,2014-10-13,1318,Terra,MODIS,87,6.2,294.9,32.5,N,0
-12.6136,142.8909,329.6,1.3,1.1,2014-10-13,1318,Terra,MODIS,100,6.2,292.6,39.3,N,0
-13.0943,132.3707,318.5,2.6,1.6,2014-10-13,1318,Terra,MODIS,97,6.2,292.9,56.1,N,0
-13.0915,132.3945,337.2,2.6,1.5,2014-10-13,1318,Terra,MODIS,100,6.2,294.4,150,N,0
-13.0715,132.3732,327.3,2.6,1.6,2014-10-13,1318,Terra,MODIS,100,6.2,294.7,91.9,N,0
-13.0688,132.397,343.7,2.6,1.5,2014-10-13,1318,Terra,MODIS,100,6.2,294.9,191,N,0
-13.0855,132.3749,330.8,2.6,1.6,2014-10-13,1318,Terra,MODIS,100,6.2,294.3,110.9,N,0
-13.0828,132.3987,334.7,2.6,1.5,2014-10-13,1318,Terra,MODIS,100,6.2,294.3,133.7,N,0
-13.0994,132.3767,314.8,2.6,1.6,2014-10-13,1318,Terra,MODIS,90,6.2,292.9,43,N,0
-13.0238,130.3886,302.1,3.7,1.8,2014-10-13,1318,Terra,MODIS,28,6.2,290.2,24.9,N,0
-12.2887,142.7424,318.2,1.3,1.1,2014-10-13,1318,Terra,MODIS,96,6.2,292.2,21,N,0
-12.1932,141.9659,318.1,1.1,1.1,2014-10-13,1318,Terra,MODIS,96,6.2,294.2,17.5,N,0
-12.2688,142.7392,306.8,1.3,1.1,2014-10-13,1318,Terra,MODIS,49,6.2,291.3,8.9,N,0
-12.1948,141.9555,317.4,1.1,1.1,2014-10-13,1318,Terra,MODIS,95,6.2,294,16.8,N,0
-13.0399,143.1109,307.8,1.3,1.1,2014-10-13,1318,Terra,MODIS,73,6.2,290.7,10.6,N,0
-14.7387,133.4829,314.2,2.3,1.5,2014-10-13,1318,Terra,MODIS,89,6.2,293.8,34,N,0
-12.2787,142.7408,310.1,1.3,1.1,2014-10-13,1318,Terra,MODIS,28,6.2,291.9,11.5,N,0
-12.6236,142.8925,304.5,1.3,1.1,2014-10-13,1318,Terra,MODIS,60,6.2,291.8,7.8,N,0
-14.7411,133.4621,310.9,2.3,1.5,2014-10-13,1318,Terra,MODIS,81,6.2,294.9,25.1,N,0
-12.2706,142.7276,321.1,1.3,1.1,2014-10-13,1318,Terra,MODIS,100,6.2,292.5,24.9,N,0
-12.2028,141.9675,306.3,1.1,1.1,2014-10-13,1318,Terra,MODIS,67,6.2,293.8,7,N,0
-12.425,142.1293,305,1.2,1.1,2014-10-13,1318,Terra,MODIS,62,6.2,293.8,5.6,N,0
-11.0093,142.4144,305.8,1.2,1.1,2014-10-13,1319,Terra,MODIS,37,6.2,292.9,8.5,N,0
-12.4527,132.2984,308.5,2.6,1.5,2014-10-13,1319,Terra,MODIS,75,6.2,293.1,27.4,N,0
-12.4469,132.2801,302.8,2.6,1.5,2014-10-13,1319,Terra,MODIS,51,6.2,292.7,13.5,N,0
-12.4442,132.3039,307.5,2.6,1.5,2014-10-13,1319,Terra,MODIS,71,6.2,293.2,25.2,N,0
-34.431,117.0832,314.7,1.2,1.1,2014-10-13,1451,Terra,MODIS,90,6.2,281.3,21.6,N,0
-34.4325,117.0702,311.9,1.2,1.1,2014-10-13,1451,Terra,MODIS,84,6.2,281,18.9,N,0
-43.0471,146.7507,309.4,1.6,1.3,2014-10-13,1451,Aqua,MODIS,77,6.2,274.3,28.8,N,0
-21.4794,121.5576,309.1,1.5,1.2,2014-10-13,1454,Terra,MODIS,69,6.2,293,13.1,N,0
-21.4978,121.5968,346,1.5,1.2,2014-10-13,1454,Terra,MODIS,100,6.2,296.5,96.7,N,0
-21.4869,121.5946,364.7,1.5,1.2,2014-10-13,1454,Terra,MODIS,100,6.2,297,179.8,N,0
-21.4761,121.5924,303.5,1.5,1.2,2014-10-13,1454,Terra,MODIS,35,6.2,292.7,7.7,N,0
-21.4894,121.5801,394.5,1.5,1.2,2014-10-13,1454,Terra,MODIS,100,6.2,304.5,401.5,N,0
-21.4746,121.5864,347.5,1.5,1.2,2014-10-13,1454,Terra,MODIS,100,6.2,295.5,101.3,N,0
-21.477,121.572,360.5,1.5,1.2,2014-10-13,1454,Terra,MODIS,100,6.2,299.3,157,N,0
-21.4637,121.5843,315.7,1.5,1.2,2014-10-13,1454,Terra,MODIS,92,6.2,292.7,22.8,N,0
-21.4662,121.5698,356.6,1.5,1.2,2014-10-13,1454,Terra,MODIS,100,6.2,296.2,138.7,N,0
-21.4703,121.5614,327.5,1.5,1.2,2014-10-13,1454,Terra,MODIS,100,6.2,294.1,44.1,N,0
-21.4678,121.5758,367.2,1.5,1.2,2014-10-13,1454,Terra,MODIS,100,6.2,296.9,192.9,N,0
-21.4811,121.5636,322.7,1.5,1.2,2014-10-13,1454,Terra,MODIS,100,6.2,294.4,34,N,0
-21.5003,121.5823,362.4,1.5,1.2,2014-10-13,1454,Terra,MODIS,100,6.2,299.8,167,N,0
-21.4786,121.578,378.5,1.5,1.2,2014-10-13,1454,Terra,MODIS,100,6.2,300.2,266.1,N,0
-21.4919,121.5657,311,1.5,1.2,2014-10-13,1454,Terra,MODIS,82,6.2,294.1,15.6,N,0
-22.3767,117.506,306.7,1,1,2014-10-13,1454,Terra,MODIS,69,6.2,291.1,7.8,N,0
-24.4459,123.0819,336.5,1.7,1.3,2014-10-13,1454,Terra,MODIS,100,6.2,292.7,77.6,N,0
-24.3709,123.5153,302.8,1.8,1.3,2014-10-13,1454,Terra,MODIS,42,6.2,289.6,12.3,N,0
-24.4488,123.0761,326.6,1.7,1.3,2014-10-13,1454,Terra,MODIS,100,6.2,293.7,50.2,N,0
-22.4193,117.5294,306,1,1,2014-10-13,1454,Terra,MODIS,47,6.2,293.4,5.8,N,0
-22.4207,117.5197,311.5,1,1,2014-10-13,1454,Terra,MODIS,83,6.2,293.5,9.5,N,0
-22.4103,117.5278,305.2,1,1,2014-10-13,1454,Terra,MODIS,54,6.2,293.7,5.4,N,0
-24.4829,123.073,350.5,1.7,1.3,2014-10-13,1454,Terra,MODIS,100,6.2,290,132.4,N,0
-24.4943,123.0755,340.3,1.7,1.3,2014-10-13,1454,Terra,MODIS,100,6.2,283.2,92.3,N,0
-24.4913,123.0918,326,1.7,1.3,2014-10-13,1454,Terra,MODIS,90,6.2,271.4,49.4,N,0
-22.3857,117.5075,313.9,1,1,2014-10-13,1454,Terra,MODIS,88,6.2,291.6,12.5,N,0
-22.7754,120.6519,309.5,1.3,1.1,2014-10-13,1454,Terra,MODIS,77,6.2,294.4,11.5,N,0
-23.4553,122.2857,307.4,1.5,1.2,2014-10-13,1454,Terra,MODIS,49,6.2,295.9,11,N,0
-23.4501,122.3156,312.8,1.6,1.2,2014-10-13,1454,Terra,MODIS,45,6.2,296.1,17.3,N,0
-24.445,123.7855,303.1,1.9,1.3,2014-10-13,1454,Terra,MODIS,53,6.2,292.2,12,N,0
-24.4859,123.0568,333,1.7,1.3,2014-10-13,1454,Terra,MODIS,100,6.2,289.6,68,N,0
-22.7774,120.6397,304.1,1.3,1.1,2014-10-13,1454,Terra,MODIS,59,6.2,293.7,6.5,N,0
-24.1968,123.3203,321.4,1.8,1.3,2014-10-13,1454,Terra,MODIS,50,6.2,290,42,N,0
-22.6133,122.5417,331,1.7,1.3,2014-10-13,1454,Terra,MODIS,100,6.2,295.9,61.6,N,0
-22.602,122.5393,340.4,1.7,1.3,2014-10-13,1454,Terra,MODIS,100,6.2,294.3,89.6,N,0
-24.4489,123.0657,327,1.7,1.3,2014-10-13,1454,Terra,MODIS,100,6.2,293.3,50.5,N,0
-23.5889,122.1266,317.9,1.5,1.2,2014-10-13,1454,Terra,MODIS,66,6.2,295.8,25.4,N,0
-22.6019,122.5505,318.7,1.7,1.3,2014-10-13,1454,Terra,MODIS,97,6.2,293.1,31.5,N,0
-22.6047,122.5344,328,1.7,1.3,2014-10-13,1454,Terra,MODIS,100,6.2,293.9,52.4,N,0
-22.5906,122.548,305.3,1.7,1.3,2014-10-13,1454,Terra,MODIS,25,6.2,293.2,11.7,N,0
-22.8652,121.7003,346,1.4,1.2,2014-10-13,1454,Terra,MODIS,100,6.2,279.4,95.7,N,0
-23.5873,122.1207,326.2,1.5,1.2,2014-10-13,1454,Terra,MODIS,0,6.2,295.4,40.7,N,0
-23.5765,122.1185,322.4,1.5,1.2,2014-10-13,1454,Terra,MODIS,0,6.2,292.3,32.7,N,0
-22.5933,122.532,318.2,1.7,1.3,2014-10-13,1454,Terra,MODIS,96,6.2,293.2,32.3,N,0
-23.4443,122.2833,342.8,1.5,1.2,2014-10-13,1454,Terra,MODIS,100,6.2,300.2,85.8,N,0
-23.4469,122.2684,343.1,1.5,1.2,2014-10-13,1454,Terra,MODIS,100,6.2,298,87,N,0
-23.4307,122.2959,328.3,1.5,1.2,2014-10-13,1454,Terra,MODIS,81,6.2,291.3,46,N,0
-23.4334,122.2809,379.7,1.5,1.2,2014-10-13,1454,Terra,MODIS,100,6.2,301,281.6,N,0
-23.436,122.266,405.4,1.5,1.2,2014-10-13,1454,Terra,MODIS,100,6.2,304.4,534.9,N,0
-23.4224,122.2786,336.7,1.5,1.2,2014-10-13,1454,Terra,MODIS,100,6.2,292.4,69.3,N,0
-23.5599,122.085,320.8,1.5,1.2,2014-10-13,1454,Terra,MODIS,100,6.2,269.9,30.6,N,0
-20.6042,124.3272,351.6,2.4,1.5,2014-10-13,1455,Terra,MODIS,100,6.2,296.3,233.6,N,0
-16.6868,127.0379,306.3,4.7,2,2014-10-13,1455,Terra,MODIS,68,6.2,290.2,47.5,N,0
-16.6884,127.0314,306.6,4.7,2,2014-10-13,1455,Terra,MODIS,69,6.2,290.3,50,N,0
-20.6176,124.3301,322.9,2.4,1.5,2014-10-13,1455,Terra,MODIS,100,6.2,295.9,69.8,N,0
-16.72,127.2333,313.9,4.8,2,2014-10-13,1455,Terra,MODIS,88,6.2,290.5,99,N,0
-16.7047,127.2248,308.8,4.8,2,2014-10-13,1455,Terra,MODIS,76,6.2,290.2,64.2,N,0
-16.7385,126.7763,304.1,4.5,1.9,2014-10-13,1455,Terra,MODIS,58,6.2,290.8,36.7,N,0
-20.6086,124.304,356.6,2.4,1.5,2014-10-13,1455,Terra,MODIS,100,6.2,296.9,275.9,N,0
-20.6107,124.3229,377.4,2.4,1.5,2014-10-13,1455,Terra,MODIS,100,6.2,300,517.3,N,0
-20.6265,124.2839,307.1,2.4,1.5,2014-10-13,1455,Terra,MODIS,70,6.2,293.8,23.7,N,0
-20.615,124.2997,378.2,2.4,1.5,2014-10-13,1455,Terra,MODIS,100,6.2,299.3,527,N,0
-20.5973,124.32,307.7,2.4,1.5,2014-10-13,1455,Terra,MODIS,72,6.2,294.2,22.8,N,0
-16.7385,126.7834,303.3,4.5,1.9,2014-10-13,1455,Terra,MODIS,54,6.2,290.8,31.4,N,0
-16.7023,127.2286,303.5,4.8,2,2014-10-13,1455,Terra,MODIS,56,6.2,289.9,32.8,N,0
-20.6221,124.3069,377.9,2.4,1.5,2014-10-13,1455,Terra,MODIS,100,6.2,299.3,526.4,N,0
-21.3272,119.9166,305.9,1.2,1.1,2014-10-13,1455,Terra,MODIS,65,6.2,293.3,8.2,N,0
-21.3943,119.9469,303.9,1.2,1.1,2014-10-13,1455,Terra,MODIS,44,6.2,293.8,5.8,N,0
-21.4306,116.3354,315.2,1,1,2014-10-13,1455,Terra,MODIS,91,6.2,296.3,12,N,0
-21.432,117.0427,306.3,1,1,2014-10-13,1455,Terra,MODIS,54,6.2,294.5,5.7,N,0
-21.4244,117.0315,310.4,1,1,2014-10-13,1455,Terra,MODIS,57,6.2,295.3,7.9,N,0
-21.4258,117.0219,307.3,1,1,2014-10-13,1455,Terra,MODIS,17,6.2,295.7,5.7,N,0
-21.4044,117.1069,305.3,1,1,2014-10-13,1455,Terra,MODIS,63,6.2,293.6,6,N,0
-18.014,124.1758,308.8,2.7,1.6,2014-10-13,1455,Terra,MODIS,76,6.2,295.2,27.5,N,0
-15.4967,125.9256,306.3,4.1,1.9,2014-10-13,1456,Terra,MODIS,26,6.2,291.4,48.3,N,0
-15.5029,125.9607,314.8,4.1,1.9,2014-10-13,1456,Terra,MODIS,70,6.2,290.1,106.8,N,0
-15.6122,125.4245,307.2,3.8,1.8,2014-10-13,1456,Terra,MODIS,52,6.2,295.4,31.6,N,0
-15.6056,125.4584,311.9,3.8,1.8,2014-10-13,1456,Terra,MODIS,77,6.2,295.7,54.8,N,0
-15.5993,125.4513,312.9,3.8,1.8,2014-10-13,1456,Terra,MODIS,80,6.2,295.4,61.4,N,0
-16.8532,123.0944,307.8,2.4,1.5,2014-10-13,1456,Terra,MODIS,73,6.2,292.7,26.6,N,0
-16.8582,123.0887,313.3,2.4,1.5,2014-10-13,1456,Terra,MODIS,87,6.2,293.1,41.9,N,0
-16.8573,123.0724,308.9,2.4,1.5,2014-10-13,1456,Terra,MODIS,76,6.2,291,30.5,N,0
-12.96,130.3575,305.7,2.1,1.4,2014-10-13,1621,Aqua,MODIS,46,6.2,291.2,15.8,N,0
-12.9632,130.3764,302.4,2.1,1.4,2014-10-13,1621,Aqua,MODIS,15,6.2,291,10.6,N,0
-13.0184,130.3804,303,2.1,1.4,2014-10-13,1621,Aqua,MODIS,18,6.2,290.9,11.9,N,0
-12.9915,130.3907,308.3,2.1,1.4,2014-10-13,1621,Aqua,MODIS,22,6.2,291,19.9,N,0
-12.7246,132.9366,305,1.4,1.2,2014-10-13,1621,Aqua,MODIS,63,6.2,293.8,6.8,N,0
-12.253,142.722,302.3,2,1.4,2014-10-13,1621,Aqua,MODIS,48,6.2,291,12.8,N,0
-12.2627,142.7254,308.9,2,1.4,2014-10-13,1621,Aqua,MODIS,76,6.2,291.1,24.6,N,0
-12.2652,142.7443,301.4,2,1.4,2014-10-13,1621,Aqua,MODIS,41,6.2,290.6,11.9,N,0
-14.1919,143.5247,304.3,2.5,1.5,2014-10-13,1621,Aqua,MODIS,59,6.2,289.3,21.5,N,0
-14.1981,143.5293,301.9,2.5,1.5,2014-10-13,1621,Aqua,MODIS,31,6.2,289.2,15.5,N,0
-13.389,142.2496,326.9,1.9,1.4,2014-10-13,1621,Aqua,MODIS,100,6.2,292.6,61.4,N,0
-13.4012,142.2482,303.7,1.9,1.4,2014-10-13,1621,Aqua,MODIS,10,6.2,291.4,11.2,N,0
-13.4035,142.2659,309.4,1.9,1.4,2014-10-13,1621,Aqua,MODIS,71,6.2,291.6,20.8,N,0
-13.3921,142.2423,326.3,1.9,1.4,2014-10-13,1621,Aqua,MODIS,100,6.2,292.4,60.9,N,0
-13.3942,142.2599,317.3,1.9,1.4,2014-10-13,1621,Aqua,MODIS,95,6.2,292.4,37.9,N,0
-13.119,132.4014,304.2,1.5,1.2,2014-10-13,1621,Aqua,MODIS,31,6.2,289.5,5.5,N,0
-13.1083,132.4033,361.5,1.5,1.2,2014-10-13,1621,Aqua,MODIS,100,6.2,298.2,152.3,N,0
-13.0903,132.7861,315.7,1.4,1.2,2014-10-13,1621,Aqua,MODIS,92,6.2,294.1,18,N,0
-13.0954,132.3917,347.7,1.5,1.2,2014-10-13,1621,Aqua,MODIS,100,6.2,295.6,94.4,N,0
-13.4802,134.3569,306.9,1.1,1.1,2014-10-13,1621,Aqua,MODIS,70,6.2,294.3,6.3,N,0
-13.1028,132.797,312.7,1.4,1.2,2014-10-13,1621,Aqua,MODIS,86,6.2,293.5,14.7,N,0
-13.0275,132.841,305.9,1.4,1.2,2014-10-13,1621,Aqua,MODIS,60,6.2,293.4,9.3,N,0
-13.0255,132.8285,306.4,1.4,1.2,2014-10-13,1621,Aqua,MODIS,68,6.2,293.7,9.1,N,0
-13.0782,132.3739,352.5,1.5,1.2,2014-10-13,1621,Aqua,MODIS,100,6.2,297.7,112.6,N,0
-13.0804,132.3873,319.5,1.5,1.2,2014-10-13,1621,Aqua,MODIS,50,6.2,294.1,23.1,N,0
-13.0799,132.7879,306.7,1.4,1.2,2014-10-13,1621,Aqua,MODIS,45,6.2,293.8,7.5,N,0
-13.0985,132.8365,307.6,1.4,1.2,2014-10-13,1621,Aqua,MODIS,72,6.2,293.5,9.8,N,0
-13.4707,134.3584,305.6,1.1,1.1,2014-10-13,1621,Aqua,MODIS,48,6.2,294.2,5.2,N,0
-13.0932,132.3783,322.8,1.5,1.2,2014-10-13,1621,Aqua,MODIS,67,6.2,292.5,29.6,N,0
-13.0824,132.3801,347.9,1.5,1.2,2014-10-13,1621,Aqua,MODIS,100,6.2,297.4,94.8,N,0
-13.1007,132.7844,308.5,1.4,1.2,2014-10-13,1621,Aqua,MODIS,60,6.2,293.6,9.7,N,0
-13.0802,132.3667,336.2,1.5,1.2,2014-10-13,1621,Aqua,MODIS,100,6.2,295.1,60.1,N,0
-13.1168,132.3881,307.1,1.5,1.2,2014-10-13,1621,Aqua,MODIS,65,6.2,290.1,8.8,N,0
-13.1039,132.3765,321.7,1.5,1.2,2014-10-13,1621,Aqua,MODIS,100,6.2,288.8,28.5,N,0
-13.0976,132.4051,317.1,1.5,1.2,2014-10-13,1621,Aqua,MODIS,41,6.2,293.1,20.8,N,0
-13.0762,132.4086,311.7,1.5,1.2,2014-10-13,1621,Aqua,MODIS,30,6.2,288.5,15,N,0
-13.1061,132.3899,386,1.5,1.2,2014-10-13,1621,Aqua,MODIS,100,6.2,294,308.2,N,0
-14.6906,133.5019,310.3,1.2,1.1,2014-10-13,1622,Aqua,MODIS,78,6.2,296.2,8.8,N,0
-14.7198,133.4969,307.1,1.2,1.1,2014-10-13,1622,Aqua,MODIS,56,6.2,295.7,5.9,N,0
-14.7004,133.5003,309.1,1.2,1.1,2014-10-13,1622,Aqua,MODIS,74,6.2,296.3,7.6,N,0
-14.7717,133.4363,305.1,1.2,1.1,2014-10-13,1622,Aqua,MODIS,56,6.2,293.2,5.4,N,0
-14.7477,133.4742,310.1,1.2,1.1,2014-10-13,1622,Aqua,MODIS,79,6.2,295.9,9.1,N,0
-14.738,133.4758,330.6,1.2,1.1,2014-10-13,1622,Aqua,MODIS,100,6.2,296.7,35.1,N,0
-14.7398,133.4868,311.6,1.2,1.1,2014-10-13,1622,Aqua,MODIS,83,6.2,294.8,10.4,N,0
-15.4999,125.9553,311.6,4,1.9,2014-10-13,1622,Aqua,MODIS,83,6.2,291.5,73.7,N,0
-15.506,125.9487,305.3,4,1.9,2014-10-13,1622,Aqua,MODIS,64,6.2,291.6,40.6,N,0
-15.507,125.9919,310.3,3.9,1.8,2014-10-13,1622,Aqua,MODIS,80,6.2,290.6,67.6,N,0
-15.5132,125.9852,311.9,3.9,1.8,2014-10-13,1622,Aqua,MODIS,84,6.2,290.8,74.5,N,0
-18.104,132.6831,319.8,1.2,1.1,2014-10-13,1623,Aqua,MODIS,55,6.2,272.9,15.3,N,0
-18.5112,132.3407,314.2,1.2,1.1,2014-10-13,1623,Aqua,MODIS,40,6.2,279.8,10.3,N,0
-18.0784,132.7105,325.6,1.2,1.1,2014-10-13,1623,Aqua,MODIS,0,6.2,287.7,24.9,N,0
-18.5568,132.3089,312,1.2,1.1,2014-10-13,1623,Aqua,MODIS,23,6.2,277.4,5.9,N,0
-17.6675,132.5757,305.9,1.2,1.1,2014-10-13,1623,Aqua,MODIS,66,6.2,278.7,10.7,N,0
-16.6977,126.8618,316.1,3.2,1.7,2014-10-13,1623,Aqua,MODIS,93,6.2,290.7,63.5,N,0
-16.7366,127.531,306,2.9,1.6,2014-10-13,1623,Aqua,MODIS,47,6.2,286.2,45.3,N,0
-16.7339,127.5362,306.1,2.9,1.6,2014-10-13,1623,Aqua,MODIS,26,6.2,287.5,42.6,N,0
-16.7315,126.7923,331.8,3.2,1.7,2014-10-13,1623,Aqua,MODIS,100,6.2,292.3,166.6,N,0
-16.7257,126.7622,338.4,3.3,1.7,2014-10-13,1623,Aqua,MODIS,100,6.2,292.2,219.8,N,0
-16.7216,126.8024,311.2,3.2,1.7,2014-10-13,1623,Aqua,MODIS,64,6.2,291.5,47.4,N,0
-16.716,126.7723,315.3,3.3,1.7,2014-10-13,1623,Aqua,MODIS,85,6.2,291.5,66.3,N,0
-16.7188,126.889,313.7,3.2,1.7,2014-10-13,1623,Aqua,MODIS,88,6.2,291.8,54.4,N,0
-16.7129,126.8589,344.1,3.2,1.7,2014-10-13,1623,Aqua,MODIS,100,6.2,292.9,265.9,N,0
-16.707,126.8289,307.4,3.2,1.7,2014-10-13,1623,Aqua,MODIS,54,6.2,291.3,34.3,N,0
-16.715,126.9499,316.4,3.2,1.7,2014-10-13,1623,Aqua,MODIS,93,6.2,288.3,67.4,N,0
-16.7093,126.921,348.7,3.2,1.7,2014-10-13,1623,Aqua,MODIS,100,6.2,293.1,309.6,N,0
-16.7037,126.8921,325.1,3.2,1.7,2014-10-13,1623,Aqua,MODIS,100,6.2,289.9,109.3,N,0
-16.7177,126.8661,323.2,3.2,1.7,2014-10-13,1623,Aqua,MODIS,100,6.2,291.9,99.9,N,0
-16.7121,126.8359,316.4,3.2,1.7,2014-10-13,1623,Aqua,MODIS,82,6.2,291.8,66,N,0
-16.7137,126.9279,338,3.2,1.7,2014-10-13,1623,Aqua,MODIS,100,6.2,292.6,206.2,N,0
-16.7082,126.8992,328.7,3.2,1.7,2014-10-13,1623,Aqua,MODIS,100,6.2,291.8,133.2,N,0
-16.7026,126.869,339.6,3.2,1.7,2014-10-13,1623,Aqua,MODIS,100,6.2,291.8,221.7,N,0
-16.6968,126.8386,309.4,3.2,1.7,2014-10-13,1623,Aqua,MODIS,58,6.2,291.2,40.7,N,0
-16.6987,126.9317,323.7,3.2,1.7,2014-10-13,1623,Aqua,MODIS,100,6.2,292.5,106.1,N,0
-16.6906,127.0528,308.3,3.1,1.7,2014-10-13,1623,Aqua,MODIS,55,6.2,292.2,31.5,N,0
-16.689,127.2943,310.5,3,1.6,2014-10-13,1623,Aqua,MODIS,23,6.2,291.5,39,N,0
-16.6941,127.3217,310,3,1.6,2014-10-13,1623,Aqua,MODIS,42,6.2,289.8,42.1,N,0
-16.6986,127.2637,304.9,3,1.6,2014-10-13,1623,Aqua,MODIS,61,6.2,290,23.8,N,0
-16.7037,127.2915,305.1,3,1.6,2014-10-13,1623,Aqua,MODIS,34,6.2,287.8,24.1,N,0
-16.69,127.2894,308.5,3,1.6,2014-10-13,1623,Aqua,MODIS,12,6.2,291.5,33.3,N,0
-16.6953,127.3168,313.9,3,1.6,2014-10-13,1623,Aqua,MODIS,71,6.2,290.3,57.1,N,0
-16.6994,127.2589,303.5,3,1.6,2014-10-13,1623,Aqua,MODIS,17,6.2,290.3,18.4,N,0
-20.568,140.678,307.6,1.9,1.3,2014-10-13,1623,Aqua,MODIS,72,6.2,293.7,17.7,N,0
-20.5701,140.6959,309.4,1.9,1.3,2014-10-13,1623,Aqua,MODIS,77,6.2,294,20.6,N,0
-20.558,140.6974,319.2,1.9,1.3,2014-10-13,1623,Aqua,MODIS,98,6.2,294.5,39.1,N,0
-20.6181,124.3053,323.5,4.1,1.9,2014-10-13,1624,Aqua,MODIS,100,6.2,292.2,162.8,N,0
-20.6263,124.3435,307.4,4,1.9,2014-10-13,1624,Aqua,MODIS,54,6.2,291.6,58.3,N,0
-20.6162,124.3136,326.3,4.1,1.9,2014-10-13,1624,Aqua,MODIS,100,6.2,292.4,185.8,N,0
-23.4297,122.3045,310.3,4.8,2,2014-10-13,1625,Aqua,MODIS,14,6.2,271.5,103.9,N,0
-23.4286,122.2998,320.4,4.8,2,2014-10-13,1625,Aqua,MODIS,93,6.2,274.7,191.2,N,0
-22.3819,117.5258,311.5,2.6,1.5,2014-10-13,1802,Aqua,MODIS,83,6.2,291.5,42.9,N,0
-22.4098,117.5225,308.3,2.6,1.5,2014-10-13,1802,Aqua,MODIS,74,6.2,292.8,34.1,N,0
-22.4167,117.54,303.7,2.6,1.5,2014-10-13,1802,Aqua,MODIS,56,6.2,292.5,22.6,N,0
-22.3864,117.5182,302.3,2.6,1.5,2014-10-13,1802,Aqua,MODIS,21,6.2,292.3,18.1,N,0
-22.3794,117.5009,314.9,2.6,1.5,2014-10-13,1802,Aqua,MODIS,90,6.2,292,52.5,N,0
-22.4143,117.5148,303.7,2.6,1.5,2014-10-13,1802,Aqua,MODIS,57,6.2,292.6,21.5,N,0
-15.4194,143.743,315.1,3.5,1.8,2014-10-14,0009,Terra,MODIS,21,6.2,295.4,31.1,D,0
-15.1884,144.9608,321.1,2.8,1.6,2014-10-14,0009,Terra,MODIS,68,6.2,298,42.4,D,0
-14.6812,144.3687,321.2,3.2,1.7,2014-10-14,0009,Terra,MODIS,37,6.2,296.1,48.5,D,0
-15.1683,143.4364,323.6,3.7,1.8,2014-10-14,0009,Terra,MODIS,43,6.2,295.6,71.5,D,0
-15.1979,145.1708,318.4,2.7,1.6,2014-10-14,0009,Terra,MODIS,43,6.2,297,31.9,D,0
-15.1949,145.1771,318.3,2.7,1.6,2014-10-14,0009,Terra,MODIS,44,6.2,296.5,30.9,D,0
-14.666,144.3716,322.7,3.2,1.7,2014-10-14,0009,Terra,MODIS,47,6.2,297,55.9,D,0
-15.1589,143.431,325.7,3.7,1.8,2014-10-14,0009,Terra,MODIS,67,6.2,294.5,92.5,D,0
-14.6778,144.3634,323.5,3.2,1.7,2014-10-14,0009,Terra,MODIS,65,6.2,296.5,64.2,D,0
-15.162,143.4023,321.2,3.7,1.8,2014-10-14,0009,Terra,MODIS,35,6.2,294.9,58.4,D,0
-21.243,148.0869,350.2,1.3,1.1,2014-10-14,0010,Terra,MODIS,94,6.2,308.1,73.1,D,0
-21.242,148.094,332.1,1.3,1.1,2014-10-14,0010,Terra,MODIS,54,6.2,306.5,28.1,D,0
-21.2451,148.0997,330.8,1.3,1.1,2014-10-14,0010,Terra,MODIS,50,6.2,305,26.6,D,0
-21.2227,148.0912,335.2,1.3,1.1,2014-10-14,0010,Terra,MODIS,72,6.2,305.7,33,D,0
-21.2249,148.1045,330.4,1.3,1.1,2014-10-14,0010,Terra,MODIS,50,6.2,298,26.2,D,0
-21.2522,148.0921,345.1,1.3,1.1,2014-10-14,0010,Terra,MODIS,90,6.2,308.9,58.1,D,0
-21.2501,148.0797,331.3,1.3,1.1,2014-10-14,0010,Terra,MODIS,70,6.2,307.6,22,D,0
-21.2399,148.0814,328.9,1.3,1.1,2014-10-14,0010,Terra,MODIS,40,6.2,307.2,19.1,D,0
-20.9981,148.0423,341.6,1.3,1.1,2014-10-14,0010,Terra,MODIS,84,6.2,301.1,44.8,D,0
-21.0063,148.028,338.7,1.3,1.1,2014-10-14,0010,Terra,MODIS,87,6.2,308.5,34.1,D,0
-21.0084,148.0404,349.6,1.3,1.1,2014-10-14,0010,Terra,MODIS,94,6.2,305.7,66.9,D,0
-21.05,148.0521,358.1,1.3,1.1,2014-10-14,0010,Terra,MODIS,99,6.2,307.8,96.8,D,0
-21.0556,148.07,331.3,1.3,1.1,2014-10-14,0010,Terra,MODIS,77,6.2,304.2,23.6,D,0
-21.0535,148.0575,359.1,1.3,1.1,2014-10-14,0010,Terra,MODIS,99,6.2,307.5,101.6,D,0
-21.0331,148.0619,436.5,1.3,1.1,2014-10-14,0010,Terra,MODIS,100,6.2,314,817.7,D,0
-21.0454,148.072,325.8,1.3,1.1,2014-10-14,0010,Terra,MODIS,46,6.2,297.3,16.2,D,0
-21.0433,148.0595,378.8,1.3,1.1,2014-10-14,0010,Terra,MODIS,100,6.2,303,202.7,D,0
-21.0521,148.0646,342.6,1.3,1.1,2014-10-14,0010,Terra,MODIS,89,6.2,304.6,48.3,D,0
-21.0311,148.0495,387.4,1.3,1.1,2014-10-14,0010,Terra,MODIS,100,6.2,311.6,259.8,D,0
-21.0412,148.047,351.4,1.3,1.1,2014-10-14,0010,Terra,MODIS,95,6.2,307.8,73.2,D,0
-21.0602,148.0501,343.8,1.3,1.1,2014-10-14,0010,Terra,MODIS,90,6.2,308.8,49.1,D,0
-21.0515,148.045,338.1,1.3,1.1,2014-10-14,0010,Terra,MODIS,86,6.2,306.6,33.5,D,0
-20.996,148.0298,328.8,1.3,1.1,2014-10-14,0010,Terra,MODIS,23,6.2,306.9,13.3,D,0
-20.9878,148.0441,341.4,1.3,1.1,2014-10-14,0010,Terra,MODIS,89,6.2,305.2,45.8,D,0
-19.5531,147.0968,329.2,1.6,1.3,2014-10-14,0010,Terra,MODIS,75,6.2,308,27.8,D,0
-24.7921,148.2019,313.4,1.2,1.1,2014-10-14,0011,Terra,MODIS,49,6.2,301.5,7.2,D,0
-25.6134,148.9228,321.8,1.1,1,2014-10-14,0012,Terra,MODIS,66,6.2,306.3,10,D,0
-26.0643,151.8945,327.4,1,1,2014-10-14,0012,Terra,MODIS,81,6.2,298,19.9,D,0
-26.8915,150.5435,316,1,1,2014-10-14,0012,Terra,MODIS,61,6.2,297.6,9.7,D,0
-28.1279,148.5514,318.9,1,1,2014-10-14,0012,Terra,MODIS,45,6.2,305.7,6.8,D,0
-27.5315,152.3133,312,1.1,1,2014-10-14,0012,Terra,MODIS,59,6.2,298.7,6.5,D,0
-28.9826,149.1339,322.1,1,1,2014-10-14,0012,Terra,MODIS,69,6.2,305.2,9.5,D,0
-28.7723,152.2496,326,1.1,1.1,2014-10-14,0012,Terra,MODIS,81,6.2,293.1,26.4,D,0
-41.2526,146.8535,309.2,1,1,2014-10-14,0016,Terra,MODIS,68,6.2,287.4,9.8,D,0
-41.2435,146.8557,336.8,1,1,2014-10-14,0016,Terra,MODIS,90,6.2,288.9,39,D,0
-41.2509,146.8415,326.9,1,1,2014-10-14,0016,Terra,MODIS,85,6.2,288.2,26.3,D,0
-41.4561,146.9907,303.5,1,1,2014-10-14,0016,Terra,MODIS,56,6.2,289.7,6,D,0
-41.2418,146.8437,369.3,1,1,2014-10-14,0016,Terra,MODIS,100,6.2,290.5,115.4,D,0
-41.4578,147.0028,307.2,1,1,2014-10-14,0016,Terra,MODIS,65,6.2,288.9,8.3,D,0
-12.3001,134.7202,328.8,1.9,1.4,2014-10-14,0146,Terra,MODIS,50,6.2,306.2,33,D,0
-11.9187,132.8567,326.8,1.4,1.2,2014-10-14,0146,Terra,MODIS,31,6.2,306.8,12.9,D,0
-11.9323,132.6708,333.5,1.4,1.2,2014-10-14,0146,Terra,MODIS,49,6.2,311.5,26.4,D,0
-11.3634,131.1242,335.1,1.1,1,2014-10-14,0146,Terra,MODIS,72,6.2,306.7,23.7,D,0
-11.6848,130.9319,329.2,1.1,1,2014-10-14,0146,Terra,MODIS,54,6.2,306.9,13.6,D,0
-11.6942,130.9306,337.8,1.1,1,2014-10-14,0146,Terra,MODIS,83,6.2,308.3,26.6,D,0
-11.6956,130.9405,331.2,1.1,1,2014-10-14,0146,Terra,MODIS,71,6.2,306.7,16.9,D,0
-11.7035,130.9292,354.1,1.1,1,2014-10-14,0146,Terra,MODIS,96,6.2,309,62.8,D,0
-12.4152,134.2808,331.2,1.8,1.3,2014-10-14,0146,Terra,MODIS,55,6.2,307.7,25.9,D,0
-12.7049,132.9736,328.8,1.5,1.2,2014-10-14,0147,Terra,MODIS,69,6.2,306.4,17.3,D,0
-14.5308,133.8355,337.7,1.8,1.3,2014-10-14,0147,Terra,MODIS,81,6.2,308.7,39.8,D,0
-12.6781,132.9696,330.6,1.4,1.2,2014-10-14,0147,Terra,MODIS,73,6.2,307,20.1,D,0
-12.7032,132.9604,337,1.4,1.2,2014-10-14,0147,Terra,MODIS,82,6.2,306.7,36.4,D,0
-12.6656,132.9578,334.9,1.4,1.2,2014-10-14,0147,Terra,MODIS,80,6.2,306.5,30.2,D,0
-12.6711,132.9646,335.9,1.4,1.2,2014-10-14,0147,Terra,MODIS,80,6.2,306.9,32.7,D,0
-12.6694,132.9514,328.6,1.4,1.2,2014-10-14,0147,Terra,MODIS,66,6.2,306.6,15.2,D,0
-12.6674,132.971,331.1,1.4,1.2,2014-10-14,0147,Terra,MODIS,74,6.2,306.7,21.3,D,0
-14.533,133.8521,334.7,1.8,1.3,2014-10-14,0147,Terra,MODIS,77,6.2,307.9,27.6,D,0
-14.5258,133.8299,338.7,1.8,1.3,2014-10-14,0147,Terra,MODIS,83,6.2,308.6,47.3,D,0
-14.5278,133.8465,335.5,1.8,1.3,2014-10-14,0147,Terra,MODIS,78,6.2,307.6,33.8,D,0
-12.4865,131.8689,324.5,1.2,1.1,2014-10-14,0147,Terra,MODIS,54,6.2,301.1,12.4,D,0
-14.9749,135.1033,329.1,2.3,1.5,2014-10-14,0147,Terra,MODIS,42,6.2,301.2,36.8,D,0
-13.4071,134.3292,328.3,1.9,1.3,2014-10-14,0147,Terra,MODIS,48,6.2,309.1,21.1,D,0
-12.9503,135.8639,336.1,2.4,1.5,2014-10-14,0147,Terra,MODIS,73,6.2,308.2,73.9,D,0
-12.9261,135.4709,336.3,2.2,1.5,2014-10-14,0147,Terra,MODIS,79,6.2,309.8,65,D,0
-13.4083,135.7776,327.9,2.4,1.5,2014-10-14,0147,Terra,MODIS,65,6.2,304.9,46.8,D,0
-12.9583,135.8562,333.5,2.4,1.5,2014-10-14,0147,Terra,MODIS,74,6.2,307.8,63.2,D,0
-12.9609,135.8784,326.8,2.4,1.5,2014-10-14,0147,Terra,MODIS,46,6.2,304.9,35.8,D,0
-13.3101,134.1367,327.7,1.8,1.3,2014-10-14,0147,Terra,MODIS,47,6.2,310.1,16.6,D,0
-13.2962,134.1215,330.6,1.8,1.3,2014-10-14,0147,Terra,MODIS,65,6.2,310.4,24.2,D,0
-13.4165,135.7709,333.2,2.4,1.5,2014-10-14,0147,Terra,MODIS,76,6.2,304,73.9,D,0
-15.5282,131.5337,331.1,1.3,1.1,2014-10-14,0147,Terra,MODIS,61,6.2,304.5,20.3,D,0
-13.4887,134.3483,332.7,1.9,1.3,2014-10-14,0147,Terra,MODIS,76,6.2,306.9,36.1,D,0
-14.0563,131.269,331.2,1.2,1.1,2014-10-14,0147,Terra,MODIS,51,6.2,309.3,14.3,D,0
-13.4789,134.3671,327.7,1.9,1.3,2014-10-14,0147,Terra,MODIS,58,6.2,309.2,20.6,D,0
-13.4526,134.3527,338.2,1.9,1.3,2014-10-14,0147,Terra,MODIS,83,6.2,309.1,52.4,D,0
-15.5368,131.5205,339.1,1.3,1.1,2014-10-14,0147,Terra,MODIS,86,6.2,305,35.9,D,0
-15.5297,131.5455,329.6,1.3,1.1,2014-10-14,0147,Terra,MODIS,47,6.2,303.8,17.9,D,0
-15.5328,131.5692,337.5,1.3,1.1,2014-10-14,0147,Terra,MODIS,84,6.2,304.1,36.6,D,0
-13.4909,134.3656,336.6,1.9,1.3,2014-10-14,0147,Terra,MODIS,81,6.2,307.3,50.8,D,0
-15.5414,131.5559,357.9,1.3,1.1,2014-10-14,0147,Terra,MODIS,98,6.2,304.8,91.8,D,0
-15.543,131.5679,331.5,1.3,1.1,2014-10-14,0147,Terra,MODIS,63,6.2,304,21.9,D,0
-13.0082,132.7806,335.7,1.4,1.2,2014-10-14,0147,Terra,MODIS,69,6.2,306.3,31.5,D,0
-13.1157,132.7804,331,1.4,1.2,2014-10-14,0147,Terra,MODIS,64,6.2,303.9,20.8,D,0
-13.1118,132.8338,331.5,1.4,1.2,2014-10-14,0147,Terra,MODIS,57,6.2,302.7,27.8,D,0
-13.1081,132.8412,336.1,1.4,1.2,2014-10-14,0147,Terra,MODIS,69,6.2,302.6,38.2,D,0
-13.0887,132.7773,330.9,1.4,1.2,2014-10-14,0147,Terra,MODIS,63,6.2,305.9,16.4,D,0
-13.0674,132.7801,331.1,1.4,1.2,2014-10-14,0147,Terra,MODIS,61,6.2,305.8,15.8,D,0
-13.0117,132.8068,334.1,1.4,1.2,2014-10-14,0147,Terra,MODIS,48,6.2,306,26.7,D,0
-13.0259,132.8315,333.9,1.4,1.2,2014-10-14,0147,Terra,MODIS,70,6.2,305.6,27.2,D,0
-13.016,132.8003,335.8,1.4,1.2,2014-10-14,0147,Terra,MODIS,73,6.2,307.9,29.9,D,0
-13.0177,132.8134,333.5,1.4,1.2,2014-10-14,0147,Terra,MODIS,64,6.2,306.6,24.9,D,0
-13.0568,132.7815,332.4,1.4,1.2,2014-10-14,0147,Terra,MODIS,73,6.2,308.1,19.3,D,0
-13.9214,135.5402,330.6,2.3,1.5,2014-10-14,0147,Terra,MODIS,72,6.2,306.4,55.2,D,0
-13.9122,135.5467,327.8,2.3,1.5,2014-10-14,0147,Terra,MODIS,34,6.2,309,37.7,D,0
-13.9095,135.525,326.7,2.3,1.5,2014-10-14,0147,Terra,MODIS,45,6.2,306.2,34.7,D,0
-13.0065,132.7676,328.9,1.4,1.2,2014-10-14,0147,Terra,MODIS,30,6.2,305.4,16.4,D,0
-13.1169,132.8264,331.4,1.4,1.2,2014-10-14,0147,Terra,MODIS,55,6.2,303.1,24.2,D,0
-13.1043,132.3689,328,1.3,1.1,2014-10-14,0147,Terra,MODIS,28,6.2,304.9,10.1,D,0
-13.1027,132.3566,329.5,1.3,1.1,2014-10-14,0147,Terra,MODIS,46,6.2,307,12.3,D,0
-13.4833,134.3598,332.6,1.9,1.3,2014-10-14,0147,Terra,MODIS,76,6.2,308.5,35.3,D,0
-15.5227,131.5706,334.4,1.3,1.1,2014-10-14,0147,Terra,MODIS,81,6.2,300.8,32.1,D,0
-13.4954,134.3583,330.7,1.9,1.3,2014-10-14,0147,Terra,MODIS,72,6.2,306.3,29.3,D,0
-12.9701,132.5771,330.5,1.4,1.2,2014-10-14,0147,Terra,MODIS,65,6.2,306.7,19.1,D,0
-14.8035,125.7972,332.2,1.2,1.1,2014-10-14,0147,Terra,MODIS,48,6.2,308.5,16.8,D,0
-14.8097,125.7737,362.8,1.2,1.1,2014-10-14,0147,Terra,MODIS,100,6.2,310.6,93.6,D,0
-14.8115,125.7846,366.8,1.2,1.1,2014-10-14,0147,Terra,MODIS,100,6.2,312.2,110,D,0
-12.9622,130.3465,338.2,1.1,1,2014-10-14,0147,Terra,MODIS,89,6.2,300.3,27.1,D,0
-13.6008,130.4276,335.9,1.1,1,2014-10-14,0147,Terra,MODIS,49,6.2,311.5,15.5,D,0
-13.5994,130.4177,335.6,1.1,1,2014-10-14,0147,Terra,MODIS,71,6.2,311.2,15.7,D,0
-12.4484,131.8856,326.6,1.2,1.1,2014-10-14,0147,Terra,MODIS,56,6.2,301.3,15.9,D,0
-12.9728,130.3548,325.9,1.1,1,2014-10-14,0147,Terra,MODIS,38,6.2,299.6,10.4,D,0
-12.9783,130.3938,330.9,1.1,1,2014-10-14,0147,Terra,MODIS,81,6.2,300.1,21.3,D,0
-15.1744,129.8576,332.5,1.1,1,2014-10-14,0147,Terra,MODIS,56,6.2,309.2,12.7,D,0
-13.6542,130.4241,335.8,1.1,1,2014-10-14,0147,Terra,MODIS,73,6.2,305.4,23.3,D,0
-14.692,133.5035,344.4,1.7,1.3,2014-10-14,0147,Terra,MODIS,89,6.2,305.2,70,D,0
-14.7641,133.4414,346.3,1.7,1.3,2014-10-14,0147,Terra,MODIS,91,6.2,305.4,76.1,D,0
-14.7569,133.4639,350.5,1.7,1.3,2014-10-14,0147,Terra,MODIS,94,6.2,304.5,92.1,D,0
-14.7679,133.4725,342.3,1.7,1.3,2014-10-14,0147,Terra,MODIS,87,6.2,297.9,65.6,D,0
-14.7475,133.4809,328.6,1.7,1.3,2014-10-14,0147,Terra,MODIS,61,6.2,304.9,18.1,D,0
-14.759,133.4795,340.4,1.7,1.3,2014-10-14,0147,Terra,MODIS,85,6.2,304.1,54.9,D,0
-14.7564,133.474,334.1,1.7,1.3,2014-10-14,0147,Terra,MODIS,78,6.2,304.6,34.4,D,0
-14.7526,133.4428,334.3,1.7,1.3,2014-10-14,0147,Terra,MODIS,78,6.2,304.5,29.4,D,0
-14.7549,133.4484,349.4,1.7,1.3,2014-10-14,0147,Terra,MODIS,93,6.2,304.9,85.4,D,0
-14.7468,133.491,327.1,1.7,1.3,2014-10-14,0147,Terra,MODIS,32,6.2,304.6,14.7,D,0
-14.6939,133.5193,328.4,1.7,1.3,2014-10-14,0147,Terra,MODIS,54,6.2,305.2,17.4,D,0
-14.7545,133.4584,342.2,1.7,1.3,2014-10-14,0147,Terra,MODIS,87,6.2,304.5,58.3,D,0
-16.856,123.0784,338.7,1.6,1.3,2014-10-14,0148,Terra,MODIS,81,6.2,301.9,56.6,D,0
-17.2139,123.0803,334.1,1.6,1.2,2014-10-14,0148,Terra,MODIS,46,6.2,311.1,26.5,D,0
-17.1453,123.0844,345.8,1.6,1.2,2014-10-14,0148,Terra,MODIS,80,6.2,310.4,67.7,D,0
-16.8586,123.0935,373.4,1.6,1.3,2014-10-14,0148,Terra,MODIS,100,6.2,306.2,234.7,D,0
-16.8698,123.0914,350.9,1.6,1.3,2014-10-14,0148,Terra,MODIS,93,6.2,302.4,101.9,D,0
-17.1342,123.0865,337.7,1.6,1.2,2014-10-14,0148,Terra,MODIS,52,6.2,309.3,39.9,D,0
-15.4853,125.6333,344.4,1.2,1.1,2014-10-14,0148,Terra,MODIS,89,6.2,308.2,42.5,D,0
-15.487,125.6442,358,1.2,1.1,2014-10-14,0148,Terra,MODIS,98,6.2,309.8,80.6,D,0
-15.495,125.6317,333.3,1.2,1.1,2014-10-14,0148,Terra,MODIS,76,6.2,308.6,19.6,D,0
-15.4967,125.6426,331.3,1.2,1.1,2014-10-14,0148,Terra,MODIS,72,6.2,310.8,15.8,D,0
-15.5047,125.6301,327.3,1.2,1.1,2014-10-14,0148,Terra,MODIS,61,6.2,309.2,9.6,D,0
-15.5064,125.6409,332,1.2,1.1,2014-10-14,0148,Terra,MODIS,73,6.2,310.7,17.2,D,0
-15.6104,125.4016,338.9,1.2,1.1,2014-10-14,0148,Terra,MODIS,74,6.2,306.2,32.9,D,0
-15.6121,125.4124,338.1,1.2,1.1,2014-10-14,0148,Terra,MODIS,77,6.2,305.7,29.3,D,0
-15.652,125.3991,328.1,1.2,1.1,2014-10-14,0148,Terra,MODIS,55,6.2,306.5,12.6,D,0
-15.4766,125.9711,340.8,1.1,1.1,2014-10-14,0148,Terra,MODIS,78,6.2,309,30.8,D,0
-15.4811,125.9379,351.3,1.1,1.1,2014-10-14,0148,Terra,MODIS,94,6.2,308.5,54.2,D,0
-15.4828,125.9485,343.1,1.1,1.1,2014-10-14,0148,Terra,MODIS,75,6.2,309.4,33.8,D,0
-15.489,125.9257,361.2,1.1,1.1,2014-10-14,0148,Terra,MODIS,100,6.2,310,86.1,D,0
-15.494,125.9575,347.7,1.1,1.1,2014-10-14,0148,Terra,MODIS,91,6.2,311.3,39.2,D,0
-15.4957,125.968,335,1.1,1.1,2014-10-14,0148,Terra,MODIS,76,6.2,311.6,11.9,D,0
-15.4985,125.9241,336.3,1.1,1.1,2014-10-14,0148,Terra,MODIS,79,6.2,310.4,23.8,D,0
-15.5114,125.9438,334.3,1.1,1.1,2014-10-14,0148,Terra,MODIS,39,6.2,309.7,18,D,0
-15.5234,125.8704,328,1.1,1.1,2014-10-14,0148,Terra,MODIS,53,6.2,307,9.9,D,0
-15.6602,125.512,337.3,1.2,1.1,2014-10-14,0148,Terra,MODIS,81,6.2,305,31.5,D,0
-15.6699,125.5106,333.2,1.2,1.1,2014-10-14,0148,Terra,MODIS,75,6.2,306.1,22.4,D,0
-15.6717,125.5218,324.8,1.2,1.1,2014-10-14,0148,Terra,MODIS,17,6.2,305.6,9.2,D,0
-15.6797,125.5091,333,1.2,1.1,2014-10-14,0148,Terra,MODIS,72,6.2,307.4,20.6,D,0
-15.6815,125.5205,343.3,1.2,1.1,2014-10-14,0148,Terra,MODIS,88,6.2,307.2,42.3,D,0
-15.6139,125.4232,345.6,1.2,1.1,2014-10-14,0148,Terra,MODIS,90,6.2,306.3,46.2,D,0
-15.6556,125.4214,327.8,1.2,1.1,2014-10-14,0148,Terra,MODIS,52,6.2,307.2,11.6,D,0
-16.0386,125.8409,338.9,1.1,1.1,2014-10-14,0148,Terra,MODIS,83,6.2,309,28,D,0
-16.0465,125.8288,328.5,1.1,1.1,2014-10-14,0148,Terra,MODIS,43,6.2,307.3,10.4,D,0
-16.0481,125.8394,350.4,1.1,1.1,2014-10-14,0148,Terra,MODIS,93,6.2,311.3,54.6,D,0
-15.6087,125.3908,337.4,1.2,1.1,2014-10-14,0148,Terra,MODIS,76,6.2,306.2,32.1,D,0
-15.6167,125.3775,343.9,1.2,1.1,2014-10-14,0148,Terra,MODIS,88,6.2,306.1,47.2,D,0
-15.6185,125.3889,327.7,1.2,1.1,2014-10-14,0148,Terra,MODIS,24,6.2,307.8,13.8,D,0
-15.6191,125.3827,333.7,1.2,1.1,2014-10-14,0148,Terra,MODIS,69,6.2,307.3,21.9,D,0
-15.6288,125.3805,329.3,1.2,1.1,2014-10-14,0148,Terra,MODIS,45,6.2,306.9,14.4,D,0
-16.0577,125.8378,328.7,1.1,1.1,2014-10-14,0148,Terra,MODIS,65,6.2,308.9,11.3,D,0
-15.4782,125.9816,364.3,1.1,1.1,2014-10-14,0148,Terra,MODIS,100,6.2,309.6,94.5,D,0
-15.4894,125.9906,336.5,1.1,1.1,2014-10-14,0148,Terra,MODIS,71,6.2,309.5,21.6,D,0
-15.499,125.9891,342.1,1.1,1.1,2014-10-14,0148,Terra,MODIS,86,6.2,310.5,31.7,D,0
-15.5085,125.9875,337.1,1.1,1.1,2014-10-14,0148,Terra,MODIS,65,6.2,309.6,21.4,D,0
-15.5164,125.9754,341.1,1.1,1.1,2014-10-14,0148,Terra,MODIS,83,6.2,312,29.9,D,0
-18.6785,128.0662,353.7,1,1,2014-10-14,0148,Terra,MODIS,96,6.2,318.9,40.3,D,0
-18.6799,128.0757,354.4,1,1,2014-10-14,0148,Terra,MODIS,96,6.2,320.3,43.3,D,0
-18.6737,127.9701,342,1,1,2014-10-14,0148,Terra,MODIS,68,6.2,310.5,19,D,0
-18.6765,127.989,388.7,1,1,2014-10-14,0148,Terra,MODIS,100,6.2,320.1,163.6,D,0
-18.6779,127.9985,383.9,1,1,2014-10-14,0148,Terra,MODIS,100,6.2,325.4,141.5,D,0
-18.6792,128.008,354.6,1,1,2014-10-14,0148,Terra,MODIS,96,6.2,322.6,43.2,D,0
-18.6869,127.9971,411.9,1,1,2014-10-14,0148,Terra,MODIS,100,6.2,321.3,303.6,D,0
-18.6883,128.0066,408.2,1,1,2014-10-14,0148,Terra,MODIS,100,6.2,324.8,277.5,D,0
-18.6896,128.016,361.5,1,1,2014-10-14,0148,Terra,MODIS,100,6.2,320.3,61.6,D,0
-18.692,127.9703,361.4,1,1,2014-10-14,0148,Terra,MODIS,100,6.2,316.8,64.2,D,0
-18.6934,127.9798,347.7,1,1,2014-10-14,0148,Terra,MODIS,82,6.2,317.3,30.3,D,0
-18.7142,127.9959,336.4,1,1,2014-10-14,0148,Terra,MODIS,55,6.2,316.7,10.6,D,0
-18.7294,127.9742,353.1,1,1,2014-10-14,0148,Terra,MODIS,95,6.2,316.8,44.8,D,0
-18.7308,127.9837,339.2,1,1,2014-10-14,0148,Terra,MODIS,57,6.2,315.3,17.2,D,0
-18.7335,128.0026,337.8,1,1,2014-10-14,0148,Terra,MODIS,41,6.2,315.5,13.4,D,0
-18.7349,128.0121,340.5,1,1,2014-10-14,0148,Terra,MODIS,72,6.2,316.1,17.7,D,0
-18.7398,127.9822,332.1,1,1,2014-10-14,0148,Terra,MODIS,50,6.2,311.8,9.1,D,0
-18.7412,127.9917,335.5,1,1,2014-10-14,0148,Terra,MODIS,76,6.2,313.5,14,D,0
-18.7439,128.0107,351.2,1,1,2014-10-14,0148,Terra,MODIS,94,6.2,313,41.1,D,0
-18.7453,128.0201,411.8,1,1,2014-10-14,0148,Terra,MODIS,100,6.2,320.1,308.5,D,0
-18.7467,128.0296,406.2,1,1,2014-10-14,0148,Terra,MODIS,100,6.2,321.4,269.4,D,0
-18.7481,128.0391,343,1,1,2014-10-14,0148,Terra,MODIS,74,6.2,315.1,22.7,D,0
-18.7494,128.0486,400,1,1,2014-10-14,0148,Terra,MODIS,100,6.2,320.1,228.7,D,0
-18.7508,128.0581,456.1,1,1,2014-10-14,0148,Terra,MODIS,100,6.2,336,773.8,D,0
-18.7522,128.0676,430.3,1,1,2014-10-14,0148,Terra,MODIS,100,6.2,333.1,465.5,D,0
-18.7536,128.0771,394.7,1,1,2014-10-14,0148,Terra,MODIS,100,6.2,324.8,196.9,D,0
-18.7549,128.0866,385,1,1,2014-10-14,0148,Terra,MODIS,100,6.2,320.5,149.4,D,0
-18.7598,128.0567,343,1,1,2014-10-14,0148,Terra,MODIS,73,6.2,312.1,24.2,D,0
-18.7612,128.0662,358,1,1,2014-10-14,0148,Terra,MODIS,98,6.2,313,56.9,D,0
-18.7626,128.0757,341,1,1,2014-10-14,0148,Terra,MODIS,65,6.2,313.2,21.2,D,0
-18.6385,127.9176,337.8,1,1,2014-10-14,0148,Terra,MODIS,81,6.2,311.1,23.5,D,0
-18.6398,127.9271,337,1,1,2014-10-14,0148,Terra,MODIS,80,6.2,312.3,21.6,D,0
-18.6475,127.9162,377.3,1,1,2014-10-14,0148,Terra,MODIS,100,6.2,312.3,127.1,D,0
-18.6488,127.9257,382.1,1,1,2014-10-14,0148,Terra,MODIS,100,6.2,315.1,146,D,0
-18.6502,127.9351,371.9,1,1,2014-10-14,0148,Terra,MODIS,100,6.2,316.1,104.1,D,0
-18.6516,127.9446,354.9,1,1,2014-10-14,0148,Terra,MODIS,96,6.2,316,53.2,D,0
-18.653,127.954,333.3,1,1,2014-10-14,0148,Terra,MODIS,57,6.2,315,12,D,0
-18.6606,127.9431,353.4,1,1,2014-10-14,0148,Terra,MODIS,95,6.2,311.1,49.3,D,0
-18.662,127.9526,338.5,1,1,2014-10-14,0148,Terra,MODIS,58,6.2,312.4,19,D,0
-18.6668,127.9228,337.5,1,1,2014-10-14,0148,Terra,MODIS,81,6.2,309,25.4,D,0
-18.6906,127.9609,339.7,1,1,2014-10-14,0148,Terra,MODIS,41,6.2,310.8,18,D,0
-18.6969,127.9405,358.5,1,1,2014-10-14,0148,Terra,MODIS,99,6.2,310.7,64.2,D,0
-18.7073,127.9486,350,1,1,2014-10-14,0148,Terra,MODIS,92,6.2,315.9,43.2,D,0
-18.7177,127.9566,356.6,1,1,2014-10-14,0148,Terra,MODIS,97,6.2,315.6,55.1,D,0
-18.719,127.9661,340.5,1,1,2014-10-14,0148,Terra,MODIS,23,6.2,316.5,19.7,D,0
-18.7267,127.9552,339.6,1,1,2014-10-14,0148,Terra,MODIS,78,6.2,310,21.1,D,0
-18.728,127.9647,358.6,1,1,2014-10-14,0148,Terra,MODIS,99,6.2,315.2,60.4,D,0
-18.0061,124.1795,362.8,1.3,1.1,2014-10-14,0148,Terra,MODIS,100,6.2,314.4,107.1,D,0
-18.0081,124.1918,338.2,1.3,1.1,2014-10-14,0148,Terra,MODIS,72,6.2,315.8,26.3,D,0
-18.003,124.174,345.2,1.3,1.1,2014-10-14,0148,Terra,MODIS,78,6.2,311.4,41.8,D,0
-18.0051,124.1863,348.4,1.3,1.1,2014-10-14,0148,Terra,MODIS,89,6.2,315.3,51,D,0
-18.0132,124.1722,340.4,1.3,1.1,2014-10-14,0148,Terra,MODIS,69,6.2,314.4,29.4,D,0
-18.0111,124.1599,338.5,1.3,1.1,2014-10-14,0148,Terra,MODIS,48,6.2,312.5,24.2,D,0
-18.0213,124.1581,336,1.3,1.1,2014-10-14,0148,Terra,MODIS,66,6.2,316.1,20.3,D,0
-18.0234,124.1704,337,1.3,1.1,2014-10-14,0148,Terra,MODIS,73,6.2,318.4,23,D,0
-16.5757,128.285,344.2,1,1,2014-10-14,0148,Terra,MODIS,88,6.2,307.7,33.3,D,0
-16.5667,128.2863,332,1,1,2014-10-14,0148,Terra,MODIS,69,6.2,306.9,14.3,D,0
-15.6095,125.4589,340.4,1.2,1.1,2014-10-14,0148,Terra,MODIS,85,6.2,306.8,38,D,0
-15.5962,125.4386,364,1.2,1.1,2014-10-14,0148,Terra,MODIS,100,6.2,308.4,109.2,D,0
-17.1264,124.1352,328.2,1.4,1.2,2014-10-14,0148,Terra,MODIS,27,6.2,309.2,10.9,D,0
-17.1904,124.331,333.2,1.3,1.1,2014-10-14,0148,Terra,MODIS,56,6.2,310.5,20.6,D,0
-17.1924,124.3433,331.6,1.3,1.1,2014-10-14,0148,Terra,MODIS,43,6.2,310.4,17.7,D,0
-16.573,128.2664,333,1,1,2014-10-14,0148,Terra,MODIS,75,6.2,308.3,15,D,0
-16.6428,127.009,368,1,1,2014-10-14,0148,Terra,MODIS,0,6.2,299.5,95.8,D,0
-17.1991,124.3356,335.9,1.3,1.1,2014-10-14,0148,Terra,MODIS,76,6.2,308.8,27.7,D,0
-17.2173,124.2555,332.8,1.3,1.1,2014-10-14,0148,Terra,MODIS,61,6.2,310.3,18,D,0
-17.2194,124.268,331,1.3,1.1,2014-10-14,0148,Terra,MODIS,46,6.2,310.8,13.4,D,0
-17.2236,124.293,333.5,1.3,1.1,2014-10-14,0148,Terra,MODIS,71,6.2,309.6,17.6,D,0
-17.1285,124.148,334.9,1.4,1.2,2014-10-14,0148,Terra,MODIS,62,6.2,310.6,23,D,0
-17.3015,123.2607,333.9,1.6,1.2,2014-10-14,0148,Terra,MODIS,63,6.2,308.7,27.5,D,0
-17.3021,123.2545,336.8,1.6,1.2,2014-10-14,0148,Terra,MODIS,75,6.2,309.2,34.9,D,0
-16.5653,128.277,373.4,1,1,2014-10-14,0148,Terra,MODIS,100,6.2,310.4,110.4,D,0
-16.564,128.2677,378.1,1,1,2014-10-14,0148,Terra,MODIS,100,6.2,312.3,128.8,D,0
-16.5626,128.2584,385.9,1,1,2014-10-14,0148,Terra,MODIS,100,6.2,311.3,162.7,D,0
-16.555,128.2691,327.3,1,1,2014-10-14,0148,Terra,MODIS,41,6.2,305.1,10,D,0
-15.5979,125.4494,353.5,1.2,1.1,2014-10-14,0148,Terra,MODIS,96,6.2,308,72.7,D,0
-15.5996,125.4602,326.1,1.2,1.1,2014-10-14,0148,Terra,MODIS,27,6.2,305.2,12,D,0
-15.9431,126.0664,328.3,1.1,1.1,2014-10-14,0148,Terra,MODIS,62,6.2,307.5,10.7,D,0
-16.5536,128.2598,344.7,1,1,2014-10-14,0148,Terra,MODIS,89,6.2,305.5,36.2,D,0
-15.9414,126.056,355.8,1.1,1.1,2014-10-14,0148,Terra,MODIS,97,6.2,309.1,68,D,0
-15.5925,125.4157,353.5,1.2,1.1,2014-10-14,0148,Terra,MODIS,96,6.2,303.5,75.8,D,0
-15.5943,125.427,375.2,1.2,1.1,2014-10-14,0148,Terra,MODIS,100,6.2,307.8,159.4,D,0
-15.6024,125.4142,350.3,1.2,1.1,2014-10-14,0148,Terra,MODIS,93,6.2,305.6,61.7,D,0
-15.6041,125.4251,372.9,1.2,1.1,2014-10-14,0148,Terra,MODIS,100,6.2,308.5,145.3,D,0
-15.9336,126.068,328.9,1.1,1.1,2014-10-14,0148,Terra,MODIS,64,6.2,308.5,10.7,D,0
-15.932,126.0576,353.8,1.1,1.1,2014-10-14,0148,Terra,MODIS,96,6.2,309.3,61.8,D,0
-15.9225,126.0591,336.9,1.1,1.1,2014-10-14,0148,Terra,MODIS,80,6.2,307.2,24.1,D,0
-15.9242,126.0694,343.4,1.1,1.1,2014-10-14,0148,Terra,MODIS,87,6.2,309.1,36.4,D,0
-19.8282,128.3233,331.5,1,1,2014-10-14,0149,Terra,MODIS,58,6.2,314.8,9.6,D,0
-19.8317,128.283,337.2,1,1,2014-10-14,0149,Terra,MODIS,78,6.2,315,16.1,D,0
-19.8331,128.2927,374.3,1,1,2014-10-14,0149,Terra,MODIS,100,6.2,317.5,112.5,D,0
-20.6283,124.3493,350.4,1.2,1.1,2014-10-14,0149,Terra,MODIS,93,6.2,308.6,57.4,D,0
-19.8345,128.3024,375.9,1,1,2014-10-14,0149,Terra,MODIS,100,6.2,318,119.3,D,0
-19.8359,128.3122,338.9,1,1,2014-10-14,0149,Terra,MODIS,82,6.2,314.1,20.4,D,0
-19.8362,128.256,332.3,1,1,2014-10-14,0149,Terra,MODIS,71,6.2,315.3,11.8,D,0
-20.6173,124.3573,343.6,1.2,1.1,2014-10-14,0149,Terra,MODIS,87,6.2,311.9,32.3,D,0
-19.8403,128.2852,332.5,1,1,2014-10-14,0149,Terra,MODIS,73,6.2,312.3,12.3,D,0
-19.8411,128.2254,333.4,1,1,2014-10-14,0149,Terra,MODIS,73,6.2,313.4,14.8,D,0
-19.8348,128.2463,344.4,1,1,2014-10-14,0149,Terra,MODIS,88,6.2,317.7,31.1,D,0
-19.8375,128.2657,330.5,1,1,2014-10-14,0149,Terra,MODIS,69,6.2,314.3,9.8,D,0
-19.8334,128.2366,337.7,1,1,2014-10-14,0149,Terra,MODIS,81,6.2,316.5,19.4,D,0
-19.6621,128.3252,336.2,1,1,2014-10-14,0149,Terra,MODIS,67,6.2,317.8,14.8,D,0
-19.6635,128.3349,341.1,1,1,2014-10-14,0149,Terra,MODIS,85,6.2,317.3,23.2,D,0
-19.674,128.3432,346.5,1,1,2014-10-14,0149,Terra,MODIS,90,6.2,317.7,33.8,D,0
-20.7035,128.0154,360.1,1,1,2014-10-14,0149,Terra,MODIS,100,6.2,315.3,68.3,D,0
-20.7049,128.0251,345.9,1,1,2014-10-14,0149,Terra,MODIS,89,6.2,314.2,34.3,D,0
-20.7185,127.9966,329.4,1,1,2014-10-14,0149,Terra,MODIS,50,6.2,313.2,9.1,D,0
-19.6853,128.2918,343.9,1,1,2014-10-14,0149,Terra,MODIS,88,6.2,316,29.8,D,0
-19.6963,128.3696,333,1,1,2014-10-14,0149,Terra,MODIS,34,6.2,315.3,11.8,D,0
-19.693,128.2807,341.6,1,1,2014-10-14,0149,Terra,MODIS,86,6.2,315,24.6,D,0
-19.4847,127.9812,328.9,1,1,2014-10-14,0149,Terra,MODIS,64,6.2,312.6,9.4,D,0
-19.8206,128.2054,334.6,1,1,2014-10-14,0149,Terra,MODIS,61,6.2,313.3,16.4,D,0
-20.5886,124.3041,333.6,1.2,1.1,2014-10-14,0149,Terra,MODIS,71,6.2,312.2,16.6,D,0
-19.4833,127.9716,332.7,1,1,2014-10-14,0149,Terra,MODIS,73,6.2,312.9,14.3,D,0
-19.8439,128.2449,364.8,1,1,2014-10-14,0149,Terra,MODIS,100,6.2,316.2,81.8,D,0
-19.8425,128.2352,389.9,1,1,2014-10-14,0149,Terra,MODIS,100,6.2,319,183.7,D,0
-20.6057,124.3478,334.3,1.2,1.1,2014-10-14,0149,Terra,MODIS,65,6.2,312.9,13.1,D,0
-20.7262,127.9855,331.7,1,1,2014-10-14,0149,Terra,MODIS,67,6.2,313.5,13.2,D,0
-19.3019,127.7985,330.3,1,1,2014-10-14,0149,Terra,MODIS,66,6.2,309.8,12.6,D,0
-20.6167,124.3398,344.9,1.2,1.1,2014-10-14,0149,Terra,MODIS,80,6.2,314.3,42.3,D,0
-20.6186,124.3511,349.5,1.2,1.1,2014-10-14,0149,Terra,MODIS,92,6.2,313.7,53.2,D,0
-20.6204,124.3623,339.5,1.2,1.1,2014-10-14,0149,Terra,MODIS,82,6.2,309.6,30.3,D,0
-20.6264,124.338,352.9,1.2,1.1,2014-10-14,0149,Terra,MODIS,95,6.2,309.3,65.6,D,0
-20.7275,127.9952,333.6,1,1,2014-10-14,0149,Terra,MODIS,72,6.2,313,15.6,D,0
-19.6944,128.2904,348.1,1,1,2014-10-14,0149,Terra,MODIS,92,6.2,315.7,37.2,D,0
-20.6155,124.346,352,1.2,1.1,2014-10-14,0149,Terra,MODIS,94,6.2,315.5,53.8,D,0
-21.6003,123.475,332.1,1.3,1.1,2014-10-14,0149,Terra,MODIS,37,6.2,313,18.5,D,0
-20.887,122.6201,337.7,1.5,1.2,2014-10-14,0149,Terra,MODIS,82,6.2,307.5,42.8,D,0
-20.9018,122.7041,339,1.5,1.2,2014-10-14,0149,Terra,MODIS,82,6.2,315.1,34.3,D,0
-20.9042,122.718,346.9,1.5,1.2,2014-10-14,0149,Terra,MODIS,91,6.2,314.8,57.4,D,0
-20.9067,122.7318,345.3,1.5,1.2,2014-10-14,0149,Terra,MODIS,90,6.2,314.6,52.7,D,0
-20.8607,122.6167,421.7,1.5,1.2,2014-10-14,0149,Terra,MODIS,100,6.2,322.1,700,D,0
-20.9125,122.7021,333.1,1.5,1.2,2014-10-14,0149,Terra,MODIS,50,6.2,312.8,21.2,D,0
-20.9149,122.7159,335.4,1.5,1.2,2014-10-14,0149,Terra,MODIS,58,6.2,314.3,25.6,D,0
-20.928,122.7277,342.8,1.5,1.2,2014-10-14,0149,Terra,MODIS,63,6.2,312.6,44.6,D,0
-21.4594,122.6578,348.5,1.4,1.2,2014-10-14,0149,Terra,MODIS,77,6.2,318.7,61.1,D,0
-20.9494,122.7237,374.5,1.5,1.2,2014-10-14,0149,Terra,MODIS,100,6.2,313.1,195.3,D,0
-20.947,122.7098,361.5,1.5,1.2,2014-10-14,0149,Terra,MODIS,100,6.2,309.7,125.4,D,0
-21.5982,123.4628,342.5,1.3,1.1,2014-10-14,0149,Terra,MODIS,86,6.2,312.8,43.7,D,0
-21.457,122.644,357.1,1.4,1.2,2014-10-14,0149,Terra,MODIS,98,6.2,316.4,99.9,D,0
-21.4536,122.6873,333.1,1.4,1.2,2014-10-14,0149,Terra,MODIS,28,6.2,315.5,21.3,D,0
-20.8631,122.6308,394.2,1.5,1.2,2014-10-14,0149,Terra,MODIS,100,6.2,321.8,358.1,D,0
-20.8655,122.6448,336.7,1.5,1.2,2014-10-14,0149,Terra,MODIS,33,6.2,315.9,28.5,D,0
-20.9363,122.7119,369.9,1.5,1.2,2014-10-14,0149,Terra,MODIS,100,6.2,314.6,168.2,D,0
-20.8786,122.6568,331.9,1.5,1.2,2014-10-14,0149,Terra,MODIS,39,6.2,308.6,14.8,D,0
-20.8666,122.5862,372.4,1.5,1.2,2014-10-14,0149,Terra,MODIS,100,6.2,305.8,197.5,D,0
-20.869,122.6004,450.6,1.5,1.2,2014-10-14,0149,Terra,MODIS,100,6.2,325.6,1260.1,D,0
-21.6103,123.4731,353.6,1.3,1.1,2014-10-14,0149,Terra,MODIS,95,6.2,315.4,72.5,D,0
-20.844,122.6489,338.3,1.5,1.2,2014-10-14,0149,Terra,MODIS,78,6.2,310,35.2,D,0
-21.6145,123.4976,342.9,1.3,1.1,2014-10-14,0149,Terra,MODIS,87,6.2,311.8,38,D,0
-21.6124,123.4854,388.3,1.3,1.1,2014-10-14,0149,Terra,MODIS,100,6.2,317.6,242.6,D,0
-20.9541,122.7513,328.6,1.4,1.2,2014-10-14,0149,Terra,MODIS,43,6.2,312.4,12.7,D,0
-20.9387,122.7257,391.6,1.5,1.2,2014-10-14,0149,Terra,MODIS,100,6.2,320.9,321.8,D,0
-20.8464,122.663,385.5,1.5,1.2,2014-10-14,0149,Terra,MODIS,100,6.2,315.3,275,D,0
-20.8712,122.5939,434.9,1.5,1.2,2014-10-14,0149,Terra,MODIS,100,6.2,325.8,933.7,D,0
-20.8737,122.6081,421.4,1.5,1.2,2014-10-14,0149,Terra,MODIS,100,6.2,326,697.9,D,0
-20.8582,122.6025,340.6,1.5,1.2,2014-10-14,0149,Terra,MODIS,86,6.2,308.3,50.6,D,0
-20.8762,122.6222,391.3,1.5,1.2,2014-10-14,0149,Terra,MODIS,100,6.2,316.5,334.4,D,0
-20.8787,122.6362,355.5,1.5,1.2,2014-10-14,0149,Terra,MODIS,97,6.2,309.7,98.7,D,0
-20.896,122.7338,340.2,1.5,1.2,2014-10-14,0149,Terra,MODIS,71,6.2,314.6,35.7,D,0
-21.5938,123.1265,333.3,1.3,1.1,2014-10-14,0149,Terra,MODIS,74,6.2,314.6,21.2,D,0
-20.8739,122.6287,385.3,1.5,1.2,2014-10-14,0149,Terra,MODIS,100,6.2,314.6,278.4,D,0
-20.882,122.5918,393.6,1.5,1.2,2014-10-14,0149,Terra,MODIS,100,6.2,308.4,366,D,0
-21.6024,123.4873,369.7,1.3,1.1,2014-10-14,0149,Terra,MODIS,100,6.2,318.5,136.1,D,0
-20.8845,122.606,370.3,1.5,1.2,2014-10-14,0149,Terra,MODIS,100,6.2,307.9,182.9,D,0
-20.8679,122.6588,347,1.5,1.2,2014-10-14,0149,Terra,MODIS,91,6.2,315,57.3,D,0
-21.5961,123.4505,349.4,1.3,1.1,2014-10-14,0149,Terra,MODIS,92,6.2,306.9,63.4,D,0
-21.4512,122.6736,335.7,1.4,1.2,2014-10-14,0149,Terra,MODIS,77,6.2,316.3,27.5,D,0
-21.5985,123.5257,338.9,1.3,1.1,2014-10-14,0149,Terra,MODIS,82,6.2,316.7,28.4,D,0
-20.8703,122.673,349.3,1.5,1.2,2014-10-14,0149,Terra,MODIS,93,6.2,314.9,65.5,D,0
-21.6086,123.5238,338,1.3,1.1,2014-10-14,0149,Terra,MODIS,79,6.2,314.8,27.7,D,0
-21.6062,123.4485,341.7,1.3,1.1,2014-10-14,0149,Terra,MODIS,86,6.2,307.7,42.4,D,0
-21.4618,122.6715,341.8,1.4,1.2,2014-10-14,0149,Terra,MODIS,65,6.2,318.6,41.5,D,0
-20.8715,122.6146,418.9,1.5,1.2,2014-10-14,0149,Terra,MODIS,100,6.2,322.9,656.5,D,0
-20.8762,122.6427,341.1,1.5,1.2,2014-10-14,0149,Terra,MODIS,86,6.2,308.9,41.7,D,0
-20.9036,122.7384,350,1.5,1.2,2014-10-14,0149,Terra,MODIS,93,6.2,313.7,67.7,D,0
-21.6083,123.4608,334.4,1.3,1.1,2014-10-14,0149,Terra,MODIS,54,6.2,311.3,23.8,D,0
-21.6041,123.1245,333.3,1.3,1.1,2014-10-14,0149,Terra,MODIS,66,6.2,312.1,21.3,D,0
-21.6044,123.4995,360.7,1.3,1.1,2014-10-14,0149,Terra,MODIS,100,6.2,316.2,95.5,D,0
-21.4959,123.0308,331.6,1.4,1.2,2014-10-14,0149,Terra,MODIS,71,6.2,314.5,17,D,0
-20.8357,122.6651,346.2,1.5,1.2,2014-10-14,0149,Terra,MODIS,91,6.2,314,59.8,D,0
-20.9012,122.7246,337.7,1.5,1.2,2014-10-14,0149,Terra,MODIS,46,6.2,315.1,27.4,D,0
-20.8846,122.6266,350.9,1.5,1.2,2014-10-14,0149,Terra,MODIS,94,6.2,308.3,83.1,D,0
-21.5063,121.5528,349.7,1.7,1.3,2014-10-14,0149,Terra,MODIS,93,6.2,311.1,90,D,0
-21.4978,121.5714,340.8,1.7,1.3,2014-10-14,0149,Terra,MODIS,27,6.2,315,48.4,D,0
-20.8381,122.6791,330.4,1.5,1.2,2014-10-14,0149,Terra,MODIS,30,6.2,313.5,14.3,D,0
-20.8727,122.6869,332.7,1.5,1.2,2014-10-14,0149,Terra,MODIS,33,6.2,314.5,16,D,0
-21.4949,121.5552,369.8,1.7,1.3,2014-10-14,0149,Terra,MODIS,100,6.2,315.6,201.7,D,0
-20.8822,122.6126,410.4,1.5,1.2,2014-10-14,0149,Terra,MODIS,100,6.2,312.8,544,D,0
-20.8775,122.7148,352.2,1.5,1.2,2014-10-14,0149,Terra,MODIS,95,6.2,312.9,77.6,D,0
-20.8798,122.7286,347,1.5,1.2,2014-10-14,0149,Terra,MODIS,91,6.2,313.8,60.7,D,0
-20.8798,122.5984,424.7,1.5,1.2,2014-10-14,0149,Terra,MODIS,100,6.2,316.6,755.8,D,0
-21.4575,121.5458,337.5,1.7,1.3,2014-10-14,0149,Terra,MODIS,48,6.2,313,42.2,D,0
-21.4652,122.6282,375.7,1.4,1.2,2014-10-14,0149,Terra,MODIS,100,6.2,315.1,204.2,D,0
-21.4805,121.5412,341.3,1.7,1.3,2014-10-14,0149,Terra,MODIS,47,6.2,311.6,53.3,D,0
-21.4676,122.642,406.6,1.4,1.2,2014-10-14,0149,Terra,MODIS,100,6.2,320.4,471.4,D,0
-21.47,122.6557,390.7,1.4,1.2,2014-10-14,0149,Terra,MODIS,100,6.2,318.9,306.1,D,0
-21.489,121.5225,335.2,1.7,1.3,2014-10-14,0149,Terra,MODIS,60,6.2,308.7,39.5,D,0
-20.9411,122.7395,339.2,1.5,1.2,2014-10-14,0149,Terra,MODIS,75,6.2,314.8,36.2,D,0
-20.8774,122.5841,394,1.5,1.2,2014-10-14,0149,Terra,MODIS,100,6.2,307.4,370.5,D,0
-21.492,121.5389,352,1.7,1.3,2014-10-14,0149,Terra,MODIS,94,6.2,313.6,102.7,D,0
-21.4724,122.6695,359.7,1.4,1.2,2014-10-14,0149,Terra,MODIS,99,6.2,314.8,107.3,D,0
-21.4758,122.6261,371.6,1.4,1.2,2014-10-14,0149,Terra,MODIS,100,6.2,307.3,182.1,D,0
-21.4782,122.6399,340,1.4,1.2,2014-10-14,0149,Terra,MODIS,84,6.2,309,46,D,0
-21.469,121.5435,372.1,1.7,1.3,2014-10-14,0149,Terra,MODIS,100,6.2,315.2,224.7,D,0
-21.4719,121.5598,345.6,1.7,1.3,2014-10-14,0149,Terra,MODIS,69,6.2,314.2,66.9,D,0
-19.6792,128.1839,337.8,1,1,2014-10-14,0149,Terra,MODIS,81,6.2,314.7,19.8,D,0
-19.6806,128.1936,332.3,1,1,2014-10-14,0149,Terra,MODIS,34,6.2,314.2,11.1,D,0
-19.6833,128.213,344.9,1,1,2014-10-14,0149,Terra,MODIS,89,6.2,316.3,31.6,D,0
-19.6841,128.1536,327.2,1,1,2014-10-14,0149,Terra,MODIS,58,6.2,312.1,7.2,D,0
-19.696,128.1715,342.6,1,1,2014-10-14,0149,Terra,MODIS,87,6.2,312.5,29.8,D,0
-19.7107,128.0805,348.9,1,1,2014-10-14,0149,Terra,MODIS,92,6.2,311.2,44.1,D,0
-19.7121,128.0901,394.4,1,1,2014-10-14,0149,Terra,MODIS,100,6.2,322.1,208.5,D,0
-19.7135,128.0998,373.8,1,1,2014-10-14,0149,Terra,MODIS,100,6.2,318.6,114,D,0
-19.7149,128.1094,337.7,1,1,2014-10-14,0149,Terra,MODIS,81,6.2,313.1,22.4,D,0
-19.7198,128.083,366.2,1,1,2014-10-14,0149,Terra,MODIS,100,6.2,312.3,88.3,D,0
-19.7211,128.0926,358.1,1,1,2014-10-14,0149,Terra,MODIS,98,6.2,314.8,64.6,D,0
-20.4891,118.9726,332.2,2.7,1.6,2014-10-14,0149,Terra,MODIS,69,6.2,312.7,46.4,D,0
-20.4941,118.9985,334.7,2.7,1.6,2014-10-14,0149,Terra,MODIS,75,6.2,312.9,63.2,D,0
-20.4965,118.9909,343.2,2.7,1.6,2014-10-14,0149,Terra,MODIS,87,6.2,311.9,126.6,D,0
-19.8868,128.4176,333,1,1,2014-10-14,0149,Terra,MODIS,75,6.2,314.5,12.4,D,0
-19.896,128.4162,335.5,1,1,2014-10-14,0149,Terra,MODIS,79,6.2,314.8,16.3,D,0
-21.4254,117.0461,327.6,3.6,1.8,2014-10-14,0150,Terra,MODIS,66,6.2,311.1,71.9,D,0
-21.4112,117.0211,339,3.6,1.8,2014-10-14,0150,Terra,MODIS,84,6.2,310.6,172.7,D,0
-21.4182,117.0117,351.7,3.6,1.8,2014-10-14,0150,Terra,MODIS,95,6.2,310.5,334.7,D,0
-21.4402,116.3488,324.9,4,1.9,2014-10-14,0150,Terra,MODIS,56,6.2,312.8,65.3,D,0
-24.1684,121.8284,363.9,1.5,1.2,2014-10-14,0150,Terra,MODIS,100,6.2,316,134.6,D,0
-24.1607,121.7856,331.2,1.5,1.2,2014-10-14,0150,Terra,MODIS,61,6.2,313.4,18.5,D,0
-24.1582,121.7713,346.4,1.5,1.2,2014-10-14,0150,Terra,MODIS,90,6.2,316.6,63.6,D,0
-24.1658,121.8357,330.9,1.5,1.2,2014-10-14,0150,Terra,MODIS,53,6.2,313.7,15.9,D,0
-24.1559,121.7786,340.7,1.5,1.2,2014-10-14,0150,Terra,MODIS,85,6.2,315.6,43.4,D,0
-23.1471,123.395,342.2,1.2,1.1,2014-10-14,0150,Terra,MODIS,86,6.2,312,39.3,D,0
-22.8832,121.6963,335,1.6,1.2,2014-10-14,0150,Terra,MODIS,62,6.2,310.1,34.2,D,0
-22.8805,121.6811,334.7,1.6,1.2,2014-10-14,0150,Terra,MODIS,70,6.2,311.7,35.5,D,0
-22.8776,121.7287,329,1.6,1.2,2014-10-14,0150,Terra,MODIS,37,6.2,310.1,19.4,D,0
-24.4795,123.7679,345.9,1.1,1.1,2014-10-14,0150,Terra,MODIS,89,6.2,311.3,44,D,0
-23.1491,123.4069,409.1,1.2,1.1,2014-10-14,0150,Terra,MODIS,100,6.2,319.6,395.3,D,0
-23.1511,123.4187,392.4,1.2,1.1,2014-10-14,0150,Terra,MODIS,100,6.2,315.5,257.8,D,0
-22.8749,121.7137,347.1,1.6,1.2,2014-10-14,0150,Terra,MODIS,91,6.2,309.8,76.1,D,0
-22.8584,121.6856,344.5,1.6,1.2,2014-10-14,0150,Terra,MODIS,89,6.2,312.3,71.8,D,0
-23.422,124.776,345.1,1.1,1,2014-10-14,0150,Terra,MODIS,88,6.2,316.1,32.4,D,0
-23.3278,124.1251,344.2,1.1,1.1,2014-10-14,0150,Terra,MODIS,83,6.2,312.9,37.2,D,0
-23.416,124.7984,338.7,1.1,1,2014-10-14,0150,Terra,MODIS,28,6.2,316.9,19.1,D,0
-23.32,124.1379,342.1,1.1,1.1,2014-10-14,0150,Terra,MODIS,66,6.2,314.6,31.4,D,0
-23.4144,124.7881,333.5,1.1,1,2014-10-14,0150,Terra,MODIS,71,6.2,314.5,14.1,D,0
-23.415,124.8517,351.3,1.1,1,2014-10-14,0150,Terra,MODIS,93,6.2,317,45.3,D,0
-23.4237,124.7864,343,1.1,1,2014-10-14,0150,Terra,MODIS,86,6.2,314.8,29.2,D,0
-23.4659,123.5815,370.7,1.2,1.1,2014-10-14,0150,Terra,MODIS,100,6.2,318,127.9,D,0
-23.4679,123.593,356.1,1.2,1.1,2014-10-14,0150,Terra,MODIS,97,6.2,317.4,73.3,D,0
-23.4133,124.8414,353.9,1.1,1,2014-10-14,0150,Terra,MODIS,95,6.2,317.3,50.2,D,0
-23.4253,124.7968,367.6,1.1,1,2014-10-14,0150,Terra,MODIS,100,6.2,320.1,92.1,D,0
-23.4084,124.8105,363.8,1.1,1,2014-10-14,0150,Terra,MODIS,100,6.2,317.6,79,D,0
-23.4269,124.8071,386.2,1.1,1,2014-10-14,0150,Terra,MODIS,100,6.2,320.7,171.9,D,0
-24.254,123.3234,331.1,1.2,1.1,2014-10-14,0150,Terra,MODIS,63,6.2,314.4,11.6,D,0
-23.4068,124.8001,353.4,1.1,1,2014-10-14,0150,Terra,MODIS,95,6.2,315.8,49.4,D,0
-23.4057,124.8534,339.6,1.1,1,2014-10-14,0150,Terra,MODIS,81,6.2,316,21.5,D,0
-23.4041,124.8431,335,1.1,1,2014-10-14,0150,Terra,MODIS,73,6.2,316.1,12.4,D,0
-23.3992,124.8122,362.4,1.1,1,2014-10-14,0150,Terra,MODIS,100,6.2,318.4,74.7,D,0
-23.3976,124.8018,339.6,1.1,1,2014-10-14,0150,Terra,MODIS,76,6.2,316.5,20.6,D,0
-23.3644,124.8144,341.8,1.1,1,2014-10-14,0150,Terra,MODIS,84,6.2,317.5,26.5,D,0
-23.3552,124.8161,352,1.1,1,2014-10-14,0150,Terra,MODIS,94,6.2,317,49.4,D,0
-24.252,123.3117,363.7,1.2,1.1,2014-10-14,0150,Terra,MODIS,100,6.2,315.4,98.8,D,0
-24.2443,123.3253,341.1,1.2,1.1,2014-10-14,0150,Terra,MODIS,84,6.2,315.4,30.7,D,0
-24.2423,123.3136,395,1.2,1.1,2014-10-14,0150,Terra,MODIS,100,6.2,321.6,265.1,D,0
-24.2403,123.3019,350.9,1.2,1.1,2014-10-14,0150,Terra,MODIS,93,6.2,315.3,56.5,D,0
-24.2345,123.3273,338.4,1.2,1.1,2014-10-14,0150,Terra,MODIS,81,6.2,316.7,25.5,D,0
-24.234,123.3339,337,1.2,1.1,2014-10-14,0150,Terra,MODIS,78,6.2,315.7,20.3,D,0
-24.2321,123.3221,335,1.2,1.1,2014-10-14,0150,Terra,MODIS,75,6.2,316.8,16.5,D,0
-24.2028,123.3279,330.9,1.2,1.1,2014-10-14,0150,Terra,MODIS,60,6.2,315.4,11.1,D,0
-23.4296,124.764,336.5,1.1,1,2014-10-14,0150,Terra,MODIS,48,6.2,315.9,16.3,D,0
-23.4313,124.7743,345.9,1.1,1,2014-10-14,0150,Terra,MODIS,89,6.2,317.4,34.1,D,0
-23.4329,124.7847,367.9,1.1,1,2014-10-14,0150,Terra,MODIS,100,6.2,319.4,95.9,D,0
-23.4345,124.7951,396.9,1.1,1,2014-10-14,0150,Terra,MODIS,100,6.2,324.7,233.1,D,0
-23.4373,124.7519,333.4,1.1,1,2014-10-14,0150,Terra,MODIS,70,6.2,315.4,13.1,D,0
-23.4389,124.7623,408.4,1.1,1,2014-10-14,0150,Terra,MODIS,100,6.2,327.3,314.3,D,0
-23.4405,124.7727,397.3,1.1,1,2014-10-14,0150,Terra,MODIS,100,6.2,320.5,237.7,D,0
-23.4422,124.783,400.5,1.1,1,2014-10-14,0150,Terra,MODIS,100,6.2,314.7,259.9,D,0
-23.3183,124.1269,346.7,1.1,1.1,2014-10-14,0150,Terra,MODIS,90,6.2,316.5,41,D,0
-23.4438,124.7934,395.5,1.1,1,2014-10-14,0150,Terra,MODIS,100,6.2,314.8,227.5,D,0
-23.4481,124.7606,392.6,1.1,1,2014-10-14,0150,Terra,MODIS,100,6.2,315.9,210.1,D,0
-23.4498,124.771,350.6,1.1,1,2014-10-14,0150,Terra,MODIS,93,6.2,311,48.3,D,0
-23.4195,122.2986,335.9,1.4,1.2,2014-10-14,0150,Terra,MODIS,50,6.2,314.8,24.4,D,0
-23.4333,122.2533,334.4,1.4,1.2,2014-10-14,0150,Terra,MODIS,59,6.2,310.6,16.8,D,0
-23.439,122.2236,371.4,1.4,1.2,2014-10-14,0150,Terra,MODIS,100,6.2,319,167.1,D,0
-23.4414,122.2374,361.4,1.4,1.2,2014-10-14,0150,Terra,MODIS,100,6.2,306.4,112.1,D,0
-23.4438,122.2511,346.2,1.4,1.2,2014-10-14,0150,Terra,MODIS,90,6.2,306.8,53.6,D,0
-23.4495,122.2215,336.9,1.4,1.2,2014-10-14,0150,Terra,MODIS,66,6.2,310.7,31.4,D,0
-23.4519,122.2352,370.4,1.4,1.2,2014-10-14,0150,Terra,MODIS,100,6.2,312.1,161.2,D,0
-23.4543,122.2489,386.8,1.4,1.2,2014-10-14,0150,Terra,MODIS,100,6.2,313.6,270,D,0
-22.6164,122.4951,342.1,1.4,1.2,2014-10-14,0150,Terra,MODIS,86,6.2,312.9,49.1,D,0
-22.6187,122.5086,367.9,1.4,1.2,2014-10-14,0150,Terra,MODIS,100,6.2,316.8,150,D,0
-22.621,122.5222,360.6,1.4,1.2,2014-10-14,0150,Terra,MODIS,100,6.2,316.6,113.4,D,0
-23.3165,124.116,340.8,1.1,1.1,2014-10-14,0150,Terra,MODIS,84,6.2,313.2,28.3,D,0
-23.2933,124.1542,332.8,1.1,1.1,2014-10-14,0150,Terra,MODIS,61,6.2,313.2,12.6,D,0
-23.2916,124.1433,346.7,1.1,1.1,2014-10-14,0150,Terra,MODIS,90,6.2,318.1,40.3,D,0
-23.0943,123.3871,335.7,1.2,1.1,2014-10-14,0150,Terra,MODIS,52,6.2,314.5,19.3,D,0
-24.4836,123.7326,383.3,1.1,1.1,2014-10-14,0150,Terra,MODIS,100,6.2,311.4,182,D,0
-23.1299,123.4172,340.7,1.2,1.1,2014-10-14,0150,Terra,MODIS,68,6.2,307.2,33.6,D,0
-23.1338,123.4409,358.5,1.2,1.1,2014-10-14,0150,Terra,MODIS,96,6.2,316.3,84.7,D,0
-23.1357,123.4528,339.4,1.2,1.1,2014-10-14,0150,Terra,MODIS,59,6.2,309.3,30.3,D,0
-23.1397,123.4153,342.5,1.2,1.1,2014-10-14,0150,Terra,MODIS,85,6.2,313.5,36.8,D,0
-23.1417,123.4271,359.9,1.2,1.1,2014-10-14,0150,Terra,MODIS,99,6.2,316.5,86.5,D,0
-23.1437,123.439,356.1,1.2,1.1,2014-10-14,0150,Terra,MODIS,97,6.2,312.4,74.2,D,0
-22.6233,122.5357,333.1,1.4,1.2,2014-10-14,0150,Terra,MODIS,71,6.2,316.5,20.8,D,0
-22.6146,122.5168,337.7,1.4,1.2,2014-10-14,0150,Terra,MODIS,82,6.2,314.3,34.2,D,0
-23.1393,123.4088,341.9,1.2,1.1,2014-10-14,0150,Terra,MODIS,80,6.2,311.3,34.9,D,0
-23.1413,123.4206,352.8,1.2,1.1,2014-10-14,0150,Terra,MODIS,95,6.2,315.8,63.1,D,0
-23.1433,123.4325,359.9,1.2,1.1,2014-10-14,0150,Terra,MODIS,99,6.2,315.2,87.2,D,0
-22.617,122.5303,336.6,1.4,1.2,2014-10-14,0150,Terra,MODIS,80,6.2,315.4,28.7,D,0
-22.6228,122.5012,375.4,1.4,1.2,2014-10-14,0150,Terra,MODIS,100,6.2,314.8,195.6,D,0
-22.6251,122.5147,361.9,1.4,1.2,2014-10-14,0150,Terra,MODIS,100,6.2,315.6,120.5,D,0
-22.6275,122.5282,350.8,1.4,1.2,2014-10-14,0150,Terra,MODIS,94,6.2,316.5,72,D,0
-22.6299,122.5417,364.3,1.4,1.2,2014-10-14,0150,Terra,MODIS,100,6.2,317.9,126.9,D,0
-22.638,122.5262,342.8,1.4,1.2,2014-10-14,0150,Terra,MODIS,87,6.2,313.2,48.4,D,0
-22.6404,122.5397,339.4,1.4,1.2,2014-10-14,0150,Terra,MODIS,84,6.2,314.5,36.8,D,0
-23.6388,121.7213,327.6,1.5,1.2,2014-10-14,0150,Terra,MODIS,60,6.2,312.7,14.8,D,0
-23.5297,122.0252,331.8,1.5,1.2,2014-10-14,0150,Terra,MODIS,68,6.2,313.3,24.4,D,0
-23.6287,121.3411,326.7,1.6,1.2,2014-10-14,0150,Terra,MODIS,38,6.2,311,14.5,D,0
-24.1791,121.8262,331.6,1.5,1.2,2014-10-14,0150,Terra,MODIS,67,6.2,312.4,21,D,0
-24.1689,121.7691,344.8,1.5,1.2,2014-10-14,0150,Terra,MODIS,89,6.2,311.7,59.1,D,0
-24.1663,121.7547,328.2,1.5,1.2,2014-10-14,0150,Terra,MODIS,54,6.2,311.7,15.2,D,0
-24.5267,123.055,352,1.2,1.1,2014-10-14,0150,Terra,MODIS,84,6.2,317.9,60.8,D,0
-23.4268,123.4687,336.5,1.2,1.1,2014-10-14,0150,Terra,MODIS,44,6.2,314.4,20.4,D,0
-23.4326,123.4434,360.5,1.2,1.1,2014-10-14,0150,Terra,MODIS,100,6.2,318.2,87.3,D,0
-23.4346,123.4551,357.3,1.2,1.1,2014-10-14,0150,Terra,MODIS,98,6.2,315.2,77.4,D,0
-23.4405,123.4298,386.5,1.2,1.1,2014-10-14,0150,Terra,MODIS,100,6.2,318,215.6,D,0
-23.4424,123.4415,392.1,1.2,1.1,2014-10-14,0150,Terra,MODIS,100,6.2,315.1,251.9,D,0
-23.4503,123.428,359.6,1.2,1.1,2014-10-14,0150,Terra,MODIS,99,6.2,308.5,89.9,D,0
-24.6806,123.2326,332.6,1.2,1.1,2014-10-14,0150,Terra,MODIS,71,6.2,314.2,16.8,D,0
-23.0759,124.1578,330.3,1.1,1.1,2014-10-14,0150,Terra,MODIS,39,6.2,314.5,10.6,D,0
-23.0805,124.1616,339,1.1,1.1,2014-10-14,0150,Terra,MODIS,82,6.2,315.2,26.3,D,0
-23.0828,124.1159,336.5,1.1,1.1,2014-10-14,0150,Terra,MODIS,71,6.2,315.4,21.9,D,0
-23.0882,124.1489,383.2,1.1,1.1,2014-10-14,0150,Terra,MODIS,100,6.2,320.1,175.9,D,0
-23.09,124.1599,347.7,1.1,1.1,2014-10-14,0150,Terra,MODIS,91,6.2,314.8,44.7,D,0
-23.0959,124.1361,340.9,1.1,1.1,2014-10-14,0150,Terra,MODIS,84,6.2,316.6,27.2,D,0
-23.1037,124.1234,391.7,1.1,1.1,2014-10-14,0150,Terra,MODIS,100,6.2,323.5,223.9,D,0
-23.1055,124.1344,358.4,1.1,1.1,2014-10-14,0150,Terra,MODIS,99,6.2,315.4,72.1,D,0
-23.1114,124.1106,352.2,1.1,1.1,2014-10-14,0150,Terra,MODIS,94,6.2,310.6,58,D,0
-23.1132,124.1216,395.2,1.1,1.1,2014-10-14,0150,Terra,MODIS,100,6.2,314.8,248.3,D,0
-24.4813,123.779,374.5,1.1,1.1,2014-10-14,0150,Terra,MODIS,100,6.2,312.8,137.4,D,0
-24.4818,123.7214,417.5,1.1,1.1,2014-10-14,0150,Terra,MODIS,100,6.2,316.4,433.7,D,0
-24.4645,123.7363,357,1.1,1.1,2014-10-14,0150,Terra,MODIS,98,6.2,315.2,70.8,D,0
-24.4663,123.7475,356.2,1.1,1.1,2014-10-14,0150,Terra,MODIS,97,6.2,316.5,68.5,D,0
-24.4735,123.7919,351.3,1.1,1.1,2014-10-14,0150,Terra,MODIS,93,6.2,314.7,53.2,D,0
-24.4717,123.7808,355.5,1.1,1.1,2014-10-14,0150,Terra,MODIS,97,6.2,317,64.8,D,0
-24.4699,123.7697,346,1.1,1.1,2014-10-14,0150,Terra,MODIS,89,6.2,313.8,41.5,D,0
-24.4681,123.7586,334.8,1.1,1.1,2014-10-14,0150,Terra,MODIS,74,6.2,311.7,19.2,D,0
-24.4395,123.7641,335.1,1.1,1.1,2014-10-14,0150,Terra,MODIS,74,6.2,313.8,18.1,D,0
-24.4414,123.7752,356,1.1,1.1,2014-10-14,0150,Terra,MODIS,97,6.2,317,65,D,0
-24.4432,123.7862,340.8,1.1,1.1,2014-10-14,0150,Terra,MODIS,83,6.2,316.7,26.8,D,0
-24.4491,123.7623,339.8,1.1,1.1,2014-10-14,0150,Terra,MODIS,82,6.2,314.6,27.3,D,0
-24.4509,123.7734,356.3,1.1,1.1,2014-10-14,0150,Terra,MODIS,97,6.2,316.3,65.1,D,0
-24.4527,123.7844,342.3,1.1,1.1,2014-10-14,0150,Terra,MODIS,71,6.2,317.1,28.3,D,0
-24.4563,123.8066,334.4,1.1,1.1,2014-10-14,0150,Terra,MODIS,73,6.2,317.1,16.1,D,0
-24.4568,123.7493,333.9,1.1,1.1,2014-10-14,0150,Terra,MODIS,72,6.2,313.1,16.4,D,0
-24.4586,123.7604,361.3,1.1,1.1,2014-10-14,0150,Terra,MODIS,100,6.2,315.8,83.6,D,0
-24.4604,123.7715,372.5,1.1,1.1,2014-10-14,0150,Terra,MODIS,100,6.2,317.3,124.9,D,0
-24.4622,123.7826,359.4,1.1,1.1,2014-10-14,0150,Terra,MODIS,99,6.2,317.9,72.6,D,0
-24.464,123.7937,355.5,1.1,1.1,2014-10-14,0150,Terra,MODIS,97,6.2,318.8,61.5,D,0
-24.4658,123.8047,342.2,1.1,1.1,2014-10-14,0150,Terra,MODIS,80,6.2,315.3,29.6,D,0
-24.5148,123.045,334.7,1.2,1.1,2014-10-14,0150,Terra,MODIS,56,6.2,316,17.1,D,0
-24.5168,123.057,386,1.2,1.1,2014-10-14,0150,Terra,MODIS,100,6.2,320.7,209,D,0
-24.5247,123.043,356.9,1.2,1.1,2014-10-14,0150,Terra,MODIS,98,6.2,316.3,77.4,D,0
-23.3991,123.3707,341.4,1.2,1.1,2014-10-14,0150,Terra,MODIS,85,6.2,311,36.8,D,0
-24.6759,123.2757,342.4,1.2,1.1,2014-10-14,0150,Terra,MODIS,83,6.2,313.1,33.5,D,0
-24.6681,123.2892,331.3,1.2,1.1,2014-10-14,0150,Terra,MODIS,52,6.2,315,13.3,D,0
-23.4177,124.8088,381.3,1.1,1,2014-10-14,0150,Terra,MODIS,100,6.2,321.8,145.7,D,0
-23.4193,124.8191,357.2,1.1,1,2014-10-14,0150,Terra,MODIS,98,6.2,316.7,58.1,D,0
-23.4226,124.8398,336.7,1.1,1,2014-10-14,0150,Terra,MODIS,40,6.2,314,15.2,D,0
-23.3295,124.1361,341.2,1.1,1.1,2014-10-14,0150,Terra,MODIS,81,6.2,309.9,31.3,D,0
-23.3617,123.451,342.2,1.2,1.1,2014-10-14,0150,Terra,MODIS,81,6.2,314.3,32.7,D,0
-23.3715,123.4492,336.1,1.2,1.1,2014-10-14,0150,Terra,MODIS,28,6.2,314.9,19.4,D,0
-23.3734,123.4001,339.7,1.2,1.1,2014-10-14,0150,Terra,MODIS,82,6.2,313.3,28.5,D,0
-23.3754,123.4119,341.5,1.2,1.1,2014-10-14,0150,Terra,MODIS,85,6.2,315,33,D,0
-23.3794,123.4355,358.7,1.2,1.1,2014-10-14,0150,Terra,MODIS,99,6.2,316.3,79.5,D,0
-23.3813,123.4473,346.8,1.2,1.1,2014-10-14,0150,Terra,MODIS,90,6.2,314.7,40.7,D,0
-23.3833,123.4591,340.8,1.2,1.1,2014-10-14,0150,Terra,MODIS,84,6.2,316.8,28.3,D,0
-23.3852,123.4709,333.9,1.2,1.1,2014-10-14,0150,Terra,MODIS,74,6.2,315,14.6,D,0
-23.3813,123.3864,345.3,1.2,1.1,2014-10-14,0150,Terra,MODIS,89,6.2,313.3,43.6,D,0
-23.3833,123.3982,347.9,1.2,1.1,2014-10-14,0150,Terra,MODIS,91,6.2,315.7,48.2,D,0
-23.3872,123.4219,385.7,1.2,1.1,2014-10-14,0150,Terra,MODIS,100,6.2,317.8,204.7,D,0
-23.3892,123.4337,385.2,1.2,1.1,2014-10-14,0150,Terra,MODIS,100,6.2,314.6,200.2,D,0
-23.3931,123.4572,363.1,1.2,1.1,2014-10-14,0150,Terra,MODIS,100,6.2,318.2,91.4,D,0
-23.3951,123.469,335.7,1.2,1.1,2014-10-14,0150,Terra,MODIS,18,6.2,314.6,14.6,D,0
-23.3912,123.3845,349.1,1.2,1.1,2014-10-14,0150,Terra,MODIS,92,6.2,314.3,55.1,D,0
-23.3951,123.4082,398.8,1.2,1.1,2014-10-14,0150,Terra,MODIS,100,6.2,322.1,298.5,D,0
-23.3971,123.42,366.3,1.2,1.1,2014-10-14,0150,Terra,MODIS,100,6.2,314.6,107.5,D,0
-23.401,123.3826,338.7,1.2,1.1,2014-10-14,0150,Terra,MODIS,82,6.2,314.6,30,D,0
-23.403,123.3944,364,1.2,1.1,2014-10-14,0150,Terra,MODIS,100,6.2,314.3,102.8,D,0
-23.4049,123.4063,382.4,1.2,1.1,2014-10-14,0150,Terra,MODIS,100,6.2,314.9,188.5,D,0
-23.4069,123.4182,336.6,1.2,1.1,2014-10-14,0150,Terra,MODIS,55,6.2,312,18.9,D,0
-23.4146,123.4652,334.6,1.2,1.1,2014-10-14,0150,Terra,MODIS,76,6.2,315.8,15.9,D,0
-23.4166,123.4769,333.8,1.2,1.1,2014-10-14,0150,Terra,MODIS,69,6.2,314.9,15.2,D,0
-23.4109,123.3807,334.4,1.2,1.1,2014-10-14,0150,Terra,MODIS,64,6.2,310.4,22.6,D,0
-23.4236,122.1981,337.9,1.4,1.2,2014-10-14,0150,Terra,MODIS,58,6.2,314.9,30.1,D,0
-23.4211,122.1843,373.8,1.4,1.2,2014-10-14,0150,Terra,MODIS,100,6.2,315.3,183.4,D,0
-23.4187,122.1704,346.9,1.4,1.2,2014-10-14,0150,Terra,MODIS,91,6.2,311.9,61.7,D,0
-23.4106,122.1864,347.9,1.4,1.2,2014-10-14,0150,Terra,MODIS,91,6.2,314.9,60.7,D,0
-23.4081,122.1726,342.4,1.4,1.2,2014-10-14,0150,Terra,MODIS,87,6.2,313.2,46,D,0
-23.4056,122.1587,335.2,1.4,1.2,2014-10-14,0150,Terra,MODIS,78,6.2,311.8,28.9,D,0
-23.3975,122.1747,342.3,1.4,1.2,2014-10-14,0150,Terra,MODIS,86,6.2,314.3,44.2,D,0
-23.395,122.1608,336.9,1.4,1.2,2014-10-14,0150,Terra,MODIS,80,6.2,312.9,31.7,D,0
-23.3915,122.1676,333.7,1.4,1.2,2014-10-14,0150,Terra,MODIS,57,6.2,312.8,24.9,D,0
-23.3881,122.2113,338.4,1.4,1.2,2014-10-14,0150,Terra,MODIS,70,6.2,315.3,31.1,D,0
-23.4128,123.3926,359.9,1.2,1.1,2014-10-14,0150,Terra,MODIS,99,6.2,312.1,89.8,D,0
-23.4148,123.4045,340.5,1.2,1.1,2014-10-14,0150,Terra,MODIS,68,6.2,312.4,29.2,D,0
-23.4167,123.4163,338.7,1.2,1.1,2014-10-14,0150,Terra,MODIS,82,6.2,312.8,23.8,D,0
-23.4244,123.4633,342,1.2,1.1,2014-10-14,0150,Terra,MODIS,86,6.2,316.3,30.2,D,0
-23.4128,123.3864,350.9,1.2,1.1,2014-10-14,0150,Terra,MODIS,94,6.2,311.2,62.1,D,0
-24.6826,123.2443,332.1,1.2,1.1,2014-10-14,0150,Terra,MODIS,70,6.2,313.7,16.1,D,0
-23.6197,122.0736,334.2,1.4,1.2,2014-10-14,0150,Terra,MODIS,75,6.2,308.4,30.8,D,0
-23.6172,122.0596,383.1,1.4,1.2,2014-10-14,0150,Terra,MODIS,100,6.2,308.1,256.7,D,0
-23.609,122.0757,415.2,1.4,1.2,2014-10-14,0150,Terra,MODIS,100,6.2,317.7,579.1,D,0
-23.6066,122.0617,417.3,1.4,1.2,2014-10-14,0150,Terra,MODIS,100,6.2,323.9,608.7,D,0
-23.6009,122.0919,363.9,1.4,1.2,2014-10-14,0150,Terra,MODIS,100,6.2,312.8,130.5,D,0
-23.5984,122.0779,462.3,1.4,1.2,2014-10-14,0150,Terra,MODIS,100,6.2,337.9,1473.5,D,0
-23.5959,122.0639,381.4,1.4,1.2,2014-10-14,0150,Terra,MODIS,100,6.2,319.1,238.9,D,0
-23.5977,122.1361,335.1,1.4,1.2,2014-10-14,0150,Terra,MODIS,77,6.2,309.9,29.3,D,0
-23.4148,123.3982,349.7,1.2,1.1,2014-10-14,0150,Terra,MODIS,93,6.2,312.1,55.2,D,0
-23.4168,123.4101,335.9,1.2,1.1,2014-10-14,0150,Terra,MODIS,70,6.2,312.6,19.3,D,0
-23.5952,122.1221,374.6,1.4,1.2,2014-10-14,0150,Terra,MODIS,100,6.2,312.6,192.5,D,0
-23.5927,122.1081,338.1,1.4,1.2,2014-10-14,0150,Terra,MODIS,81,6.2,309.7,34.6,D,0
-23.5903,122.0941,390.8,1.4,1.2,2014-10-14,0150,Terra,MODIS,100,6.2,316.2,310.2,D,0
-23.5878,122.0801,389.7,1.4,1.2,2014-10-14,0150,Terra,MODIS,100,6.2,319.8,302,D,0
-23.5871,122.1382,328.1,1.4,1.2,2014-10-14,0150,Terra,MODIS,50,6.2,309.6,15.1,D,0
-23.5846,122.1241,336.5,1.4,1.2,2014-10-14,0150,Terra,MODIS,80,6.2,311.2,35.6,D,0
-23.5797,122.0962,374.4,1.4,1.2,2014-10-14,0150,Terra,MODIS,100,6.2,314.5,191.3,D,0
-23.5534,122.0725,328.9,1.4,1.2,2014-10-14,0150,Terra,MODIS,35,6.2,312.2,15.2,D,0
-24.4758,123.7456,341,1.1,1.1,2014-10-14,0150,Terra,MODIS,83,6.2,312.2,32.3,D,0
-24.474,123.7345,406.4,1.1,1.1,2014-10-14,0150,Terra,MODIS,100,6.2,323.9,333,D,0
-24.4722,123.7233,400.7,1.1,1.1,2014-10-14,0150,Terra,MODIS,100,6.2,321.6,288.8,D,0
-23.5501,122.0792,327.4,1.4,1.2,2014-10-14,0150,Terra,MODIS,57,6.2,310.7,13.8,D,0
-24.5714,123.0146,353,1.2,1.1,2014-10-14,0150,Terra,MODIS,95,6.2,312.2,73.4,D,0
-24.5694,123.0026,335.1,1.2,1.1,2014-10-14,0150,Terra,MODIS,76,6.2,311.7,27.2,D,0
-23.4188,123.4219,333.4,1.2,1.1,2014-10-14,0150,Terra,MODIS,53,6.2,312.8,13.7,D,0
-23.4248,123.457,337.4,1.2,1.1,2014-10-14,0150,Terra,MODIS,41,6.2,316.7,20.9,D,0
-24.5386,123.0651,338.5,1.2,1.1,2014-10-14,0150,Terra,MODIS,70,6.2,310.3,34.1,D,0
-24.5366,123.0531,334.6,1.2,1.1,2014-10-14,0150,Terra,MODIS,46,6.2,311.8,26,D,0
-23.3968,122.2322,335,1.4,1.2,2014-10-14,0150,Terra,MODIS,73,6.2,315.4,22.4,D,0
-22.5406,124.9136,334.3,1.1,1,2014-10-14,0150,Terra,MODIS,76,6.2,314.1,13.3,D,0
-22.5434,124.8704,339.1,1.1,1,2014-10-14,0150,Terra,MODIS,83,6.2,314.6,22.8,D,0
-22.5374,124.8929,335.5,1.1,1,2014-10-14,0150,Terra,MODIS,78,6.2,316.1,15.9,D,0
-22.539,124.9032,350,1.1,1,2014-10-14,0150,Terra,MODIS,93,6.2,317.4,44.6,D,0
-22.545,124.8808,339.4,1.1,1,2014-10-14,0150,Terra,MODIS,83,6.2,315.6,22.5,D,0
-22.5466,124.8912,374.3,1.1,1,2014-10-14,0150,Terra,MODIS,100,6.2,319.7,120.9,D,0
-22.5483,124.9016,368.2,1.1,1,2014-10-14,0150,Terra,MODIS,100,6.2,316.4,97.6,D,0
-22.5519,124.8842,360.1,1.1,1,2014-10-14,0150,Terra,MODIS,100,6.2,315.8,73.9,D,0
-22.5535,124.8946,363.4,1.1,1,2014-10-14,0150,Terra,MODIS,100,6.2,316.3,83.7,D,0
-22.5727,124.955,339.8,1.1,1,2014-10-14,0150,Terra,MODIS,84,6.2,315.2,24.5,D,0
-22.5771,124.9223,331.5,1.1,1,2014-10-14,0150,Terra,MODIS,71,6.2,314.4,11,D,0
-24.5406,123.0771,355.3,1.2,1.1,2014-10-14,0150,Terra,MODIS,97,6.2,311.5,78.8,D,0
-24.5327,123.091,425,1.2,1.1,2014-10-14,0150,Terra,MODIS,100,6.2,323.9,559.4,D,0
-24.5307,123.0791,391.5,1.2,1.1,2014-10-14,0150,Terra,MODIS,100,6.2,321.7,246.8,D,0
-24.5287,123.0671,376.8,1.2,1.1,2014-10-14,0150,Terra,MODIS,100,6.2,319.5,158.4,D,0
-24.5269,123.1169,334.5,1.2,1.1,2014-10-14,0150,Terra,MODIS,23,6.2,312.7,16.5,D,0
-24.5249,123.1049,352.2,1.2,1.1,2014-10-14,0150,Terra,MODIS,94,6.2,313.8,57.1,D,0
-24.5229,123.0929,360.9,1.2,1.1,2014-10-14,0150,Terra,MODIS,100,6.2,320,86.1,D,0
-24.5209,123.081,353.5,1.2,1.1,2014-10-14,0150,Terra,MODIS,95,6.2,319.7,59.5,D,0
-24.5189,123.069,362.6,1.2,1.1,2014-10-14,0150,Terra,MODIS,100,6.2,319,89.7,D,0
-24.5191,123.1307,350.3,1.2,1.1,2014-10-14,0150,Terra,MODIS,93,6.2,315.1,54.9,D,0
-24.5171,123.1188,356.5,1.2,1.1,2014-10-14,0150,Terra,MODIS,97,6.2,316.1,72,D,0
-24.5151,123.1069,357.8,1.2,1.1,2014-10-14,0150,Terra,MODIS,98,6.2,316.8,74.6,D,0
-24.513,123.0949,334.3,1.2,1.1,2014-10-14,0150,Terra,MODIS,74,6.2,316.1,14.7,D,0
-24.5092,123.1326,333.8,1.2,1.1,2014-10-14,0150,Terra,MODIS,63,6.2,314.5,16.7,D,0
-24.4994,123.1346,338.2,1.2,1.1,2014-10-14,0150,Terra,MODIS,77,6.2,314.7,25.1,D,0
-22.4245,117.5563,338.3,3.1,1.7,2014-10-14,0150,Terra,MODIS,82,6.2,315.5,119.8,D,0
-22.4182,117.5263,333.1,3.2,1.7,2014-10-14,0150,Terra,MODIS,56,6.2,315.3,79.3,D,0
-22.4277,117.5627,337.7,3.1,1.7,2014-10-14,0150,Terra,MODIS,66,6.2,315.5,109.3,D,0
-22.4217,117.5327,341.8,3.2,1.7,2014-10-14,0150,Terra,MODIS,87,6.2,315.8,147.4,D,0
-22.3854,117.5092,327.9,3.2,1.7,2014-10-14,0150,Terra,MODIS,33,6.2,316.1,48.4,D,0
-22.5804,124.943,337.8,1.1,1,2014-10-14,0150,Terra,MODIS,81,6.2,315.5,20.7,D,0
-22.582,124.9533,330.3,1.1,1,2014-10-14,0150,Terra,MODIS,48,6.2,313.8,9.6,D,0
-22.588,124.931,340,1.1,1,2014-10-14,0150,Terra,MODIS,84,6.2,315.1,23.8,D,0
-22.4367,117.5292,352.7,3.2,1.7,2014-10-14,0150,Terra,MODIS,95,6.2,313.7,266.3,D,0
-22.4333,117.523,359.4,3.2,1.7,2014-10-14,0150,Terra,MODIS,99,6.2,314.8,358.8,D,0
-23.8732,123.749,330.6,1.2,1.1,2014-10-14,0150,Terra,MODIS,66,6.2,314.2,12.1,D,0
-22.3969,117.4995,332.6,3.2,1.7,2014-10-14,0150,Terra,MODIS,24,6.2,314.5,70.3,D,0
-22.4307,117.4992,341.6,3.2,1.7,2014-10-14,0150,Terra,MODIS,87,6.2,313.3,150.1,D,0
-23.3905,122.2252,339.6,1.4,1.2,2014-10-14,0150,Terra,MODIS,68,6.2,314.5,32.5,D,0
-23.4034,122.2369,333.7,1.4,1.2,2014-10-14,0150,Terra,MODIS,67,6.2,316.3,19.6,D,0
-23.4058,122.2507,334.6,1.4,1.2,2014-10-14,0150,Terra,MODIS,70,6.2,315,21.5,D,0
-23.3943,122.2184,337.2,1.4,1.2,2014-10-14,0150,Terra,MODIS,57,6.2,316,26.3,D,0
-23.3992,122.2459,331.5,1.4,1.2,2014-10-14,0150,Terra,MODIS,46,6.2,313.8,14.7,D,0
-22.4005,117.5059,327.4,3.2,1.7,2014-10-14,0150,Terra,MODIS,35,6.2,314.2,43.2,D,0
-32.609,116.2913,328.4,2.2,1.4,2014-10-14,0153,Terra,MODIS,82,6.2,297.9,76.1,D,0
-32.6138,116.3144,325.3,2.2,1.4,2014-10-14,0153,Terra,MODIS,79,6.2,298.6,63.4,D,0
-43.063,146.7471,300.4,1.1,1,2014-10-14,0427,Aqua,MODIS,27,6.2,275.7,6.8,D,0
-41.2453,144.83,338,1,1,2014-10-14,0428,Aqua,MODIS,53,6.2,279.2,36.3,D,0
-41.2631,144.8291,334.6,1,1,2014-10-14,0428,Aqua,MODIS,74,6.2,288,32.3,D,0
-41.211,144.8083,333.3,1,1,2014-10-14,0428,Aqua,MODIS,30,6.2,285.7,31.1,D,0
-41.202,144.8059,321.4,1,1,2014-10-14,0428,Aqua,MODIS,70,6.2,282.9,20.2,D,0
-41.2254,144.8373,345.9,1,1,2014-10-14,0428,Aqua,MODIS,37,6.2,280.6,49.2,D,0
-41.2363,144.8277,348.5,1,1,2014-10-14,0428,Aqua,MODIS,81,6.2,280.7,54.7,D,0
-41.2164,144.8348,368.5,1,1,2014-10-14,0428,Aqua,MODIS,73,6.2,281,106.5,D,0
-41.2092,144.8204,356.5,1,1,2014-10-14,0428,Aqua,MODIS,0,6.2,285.4,73.4,D,0
-41.2562,144.758,324.1,1,1,2014-10-14,0428,Aqua,MODIS,83,6.2,290.6,22.4,D,0
-34.0944,143.3963,323.1,1,1,2014-10-14,0430,Aqua,MODIS,73,6.2,306.2,12,D,0
-34.0926,143.4076,327.4,1,1,2014-10-14,0430,Aqua,MODIS,78,6.2,305.7,17,D,0
-25.379,142.6519,330.6,1.2,1.1,2014-10-14,0432,Aqua,MODIS,74,6.2,314.8,17,D,0
-25.1629,149.6286,319.5,3.5,1.8,2014-10-14,0432,Aqua,MODIS,65,6.2,303.5,53.2,D,0
-25.0182,148.4903,317.9,3,1.6,2014-10-14,0432,Aqua,MODIS,60,6.2,303.4,32.1,D,0
-25.0124,148.519,316.3,3,1.6,2014-10-14,0432,Aqua,MODIS,47,6.2,302.3,25.1,D,0
-25.0185,148.4975,323.5,3,1.6,2014-10-14,0432,Aqua,MODIS,74,6.2,303.2,59.4,D,0
-21.008,148.0639,379.9,3.4,1.7,2014-10-14,0433,Aqua,MODIS,100,6.2,310.4,820.4,D,0
-21.0028,148.0711,362.4,3.4,1.7,2014-10-14,0433,Aqua,MODIS,100,6.2,307.3,467.3,D,0
-21.01,148.0365,384,3.4,1.7,2014-10-14,0433,Aqua,MODIS,100,6.2,313.8,911.4,D,0
-21.2052,148.0642,330.9,3.4,1.7,2014-10-14,0433,Aqua,MODIS,42,6.2,310.7,89.1,D,0
-21.0715,148.0525,325.7,3.4,1.7,2014-10-14,0433,Aqua,MODIS,62,6.2,311.2,47.1,D,0
-21.0183,148.0748,333.4,3.4,1.7,2014-10-14,0433,Aqua,MODIS,71,6.2,307.5,113.3,D,0
-21.0337,148.0785,338.5,3.4,1.7,2014-10-14,0433,Aqua,MODIS,85,6.2,307.2,152.7,D,0
-21.0234,148.0679,346.9,3.4,1.7,2014-10-14,0433,Aqua,MODIS,92,6.2,308.1,237.9,D,0
-21.0389,148.0713,341.2,3.4,1.7,2014-10-14,0433,Aqua,MODIS,88,6.2,308.4,175.9,D,0
-21.0561,148.0487,336.2,3.4,1.7,2014-10-14,0433,Aqua,MODIS,84,6.2,310.1,127.5,D,0
-21.1637,148.0462,324.5,3.4,1.7,2014-10-14,0433,Aqua,MODIS,22,6.2,309.2,41.3,D,0
-21.0256,148.0398,356,3.4,1.7,2014-10-14,0433,Aqua,MODIS,97,6.2,310.6,356.1,D,0
-21.0408,148.0442,341.7,3.4,1.7,2014-10-14,0433,Aqua,MODIS,88,6.2,310.2,177.6,D,0
-21.0609,148.0419,329.7,3.4,1.7,2014-10-14,0433,Aqua,MODIS,67,6.2,310,72.1,D,0
-21.0303,148.0333,344.5,3.4,1.7,2014-10-14,0433,Aqua,MODIS,90,6.2,310,203.6,D,0
-21.0455,148.0379,331.7,3.4,1.7,2014-10-14,0433,Aqua,MODIS,58,6.2,309.8,84.7,D,0
-21.0148,148.0301,371.8,3.4,1.7,2014-10-14,0433,Aqua,MODIS,100,6.2,313.3,625.4,D,0
-20.9993,148.0265,328.5,3.4,1.7,2014-10-14,0433,Aqua,MODIS,59,6.2,309.5,63.5,D,0
-23.4668,145.9489,321.9,2.1,1.4,2014-10-14,0433,Aqua,MODIS,49,6.2,309.3,22.6,D,0
-23.4668,145.9419,322,2.1,1.4,2014-10-14,0433,Aqua,MODIS,51,6.2,309.5,23.5,D,0
-22.9392,149.0422,320,3.6,1.8,2014-10-14,0433,Aqua,MODIS,42,6.2,305.1,47.4,D,0
-20.4705,144.0623,330.3,1.8,1.3,2014-10-14,0433,Aqua,MODIS,65,6.2,317.4,22.1,D,0
-21.2191,148.0918,333.1,3.4,1.7,2014-10-14,0433,Aqua,MODIS,38,6.2,307.2,109.2,D,0
-19.4897,146.4969,337.3,2.8,1.6,2014-10-14,0434,Aqua,MODIS,82,6.2,309.6,121.1,D,0
-19.6875,128.1981,326.8,3.9,1.8,2014-10-14,0434,Aqua,MODIS,41,6.2,308.3,54.6,D,0
-19.7309,128.0889,327,3.9,1.8,2014-10-14,0434,Aqua,MODIS,71,6.2,307.2,67.9,D,0
-19.7344,128.0512,327.7,4,1.9,2014-10-14,0434,Aqua,MODIS,73,6.2,306.8,77.7,D,0
-19.7142,128.0873,378.5,3.9,1.8,2014-10-14,0434,Aqua,MODIS,100,6.2,310.3,958.3,D,0
-19.7176,128.0495,386.4,4,1.9,2014-10-14,0434,Aqua,MODIS,100,6.2,311.7,1218.5,D,0
-19.7089,128.0794,372.3,3.9,1.8,2014-10-14,0434,Aqua,MODIS,100,6.2,309.3,787,D,0
-19.7125,128.0417,372.1,4,1.9,2014-10-14,0434,Aqua,MODIS,100,6.2,309.8,790.4,D,0
-18.7726,128.0114,330.4,3.9,1.8,2014-10-14,0434,Aqua,MODIS,33,6.2,305.7,96.8,D,0
-18.7759,127.9743,337.4,3.9,1.8,2014-10-14,0434,Aqua,MODIS,83,6.2,304.3,181,D,0
-16.9386,142.4806,338.7,1.6,1.3,2014-10-14,0434,Aqua,MODIS,75,6.2,317.9,34.4,D,0
-16.9249,141.386,351.1,1.4,1.2,2014-10-14,0434,Aqua,MODIS,93,6.2,322.9,62.4,D,0
-16.9411,142.4656,338.4,1.6,1.2,2014-10-14,0434,Aqua,MODIS,77,6.2,319.8,34.1,D,0
-16.9436,142.4506,335.4,1.6,1.2,2014-10-14,0434,Aqua,MODIS,77,6.2,319,26.6,D,0
-16.9187,142.4615,356.1,1.6,1.2,2014-10-14,0434,Aqua,MODIS,97,6.2,312.8,110.2,D,0
-16.9274,142.4785,360.5,1.6,1.3,2014-10-14,0434,Aqua,MODIS,100,6.2,317.9,132.1,D,0
-18.7592,127.9727,334.9,3.9,1.8,2014-10-14,0434,Aqua,MODIS,61,6.2,304.5,145.8,D,0
-16.9162,142.4765,352.6,1.6,1.3,2014-10-14,0434,Aqua,MODIS,92,6.2,312.5,95.5,D,0
-17.9071,138.8144,335.3,1,1,2014-10-14,0434,Aqua,MODIS,70,6.2,321.3,12.2,D,0
-19.4753,146.4938,333,2.8,1.6,2014-10-14,0434,Aqua,MODIS,77,6.2,306.6,91.1,D,0
-19.4823,146.5151,328.1,2.8,1.6,2014-10-14,0434,Aqua,MODIS,67,6.2,307.4,65.9,D,0
-18.7703,127.9665,334.5,3.9,1.8,2014-10-14,0434,Aqua,MODIS,56,6.2,304.4,139.4,D,0
-16.9325,142.4485,344.6,1.6,1.2,2014-10-14,0434,Aqua,MODIS,82,6.2,318.5,58.7,D,0
-16.9213,142.4465,363.2,1.6,1.2,2014-10-14,0434,Aqua,MODIS,100,6.2,315.5,148.2,D,0
-18.6761,127.8402,342.5,4,1.9,2014-10-14,0434,Aqua,MODIS,89,6.2,302.6,256.2,D,0
-18.6929,127.8418,328.6,4,1.9,2014-10-14,0434,Aqua,MODIS,53,6.2,300.8,101.2,D,0
-18.68,127.8441,346.7,4,1.9,2014-10-14,0434,Aqua,MODIS,92,6.2,303.2,311.8,D,0
-19.4873,146.4885,332.8,2.8,1.6,2014-10-14,0434,Aqua,MODIS,76,6.2,309.4,88.5,D,0
-17.898,138.8129,350.9,1,1,2014-10-14,0434,Aqua,MODIS,93,6.2,320.5,41.4,D,0
-17.8994,138.8033,385.4,1,1,2014-10-14,0434,Aqua,MODIS,100,6.2,325.3,157.4,D,0
-17.8889,138.8114,371.4,1,1,2014-10-14,0434,Aqua,MODIS,100,6.2,320.3,101.3,D,0
-17.8904,138.8018,443.5,1,1,2014-10-14,0434,Aqua,MODIS,100,6.2,335.2,628.6,D,0
-19.8871,128.419,331.5,3.8,1.8,2014-10-14,0434,Aqua,MODIS,70,6.2,309.5,90.6,D,0
-19.8902,128.3828,344.1,3.8,1.8,2014-10-14,0434,Aqua,MODIS,90,6.2,311,226.9,D,0
-19.8973,128.4162,335.7,3.8,1.8,2014-10-14,0434,Aqua,MODIS,83,6.2,308.4,134.8,D,0
-19.9006,128.3801,342.2,3.8,1.8,2014-10-14,0434,Aqua,MODIS,89,6.2,310.5,206.5,D,0
-21.8352,127.3644,335.1,4.7,2,2014-10-14,0434,Aqua,MODIS,75,6.2,305.6,197.8,D,0
-21.8329,127.3679,330.7,4.7,2,2014-10-14,0434,Aqua,MODIS,58,6.2,305.5,141.7,D,0
-19.7161,128.0039,344.6,4,1.9,2014-10-14,0434,Aqua,MODIS,90,6.2,305.5,270.7,D,0
-21.8429,127.4693,325.5,4.6,2,2014-10-14,0434,Aqua,MODIS,53,6.2,292.8,85.8,D,0
-21.8293,127.4141,357,4.7,2,2014-10-14,0434,Aqua,MODIS,98,6.2,307.8,588.4,D,0
-21.8313,127.4105,364.7,4.7,2,2014-10-14,0434,Aqua,MODIS,100,6.2,308.5,776.6,D,0
-21.8462,127.4236,355.7,4.7,2,2014-10-14,0434,Aqua,MODIS,97,6.2,303.2,574.4,D,0
-21.8437,127.4612,328.7,4.6,2,2014-10-14,0434,Aqua,MODIS,68,6.2,294.3,116,D,0
-21.8473,127.4155,359.1,4.7,2,2014-10-14,0434,Aqua,MODIS,99,6.2,303.6,646.5,D,0
-19.7209,128.0118,374.2,4,1.9,2014-10-14,0434,Aqua,MODIS,100,6.2,307.7,864.1,D,0
-21.8275,127.4562,357,4.6,2,2014-10-14,0434,Aqua,MODIS,98,6.2,295.3,571.8,D,0
-19.7244,127.973,323.6,4,1.9,2014-10-14,0434,Aqua,MODIS,60,6.2,303,56.5,D,0
-21.8258,127.4598,358,4.6,2,2014-10-14,0434,Aqua,MODIS,99,6.2,293,602.7,D,0
-21.8496,127.3775,354,4.7,2,2014-10-14,0434,Aqua,MODIS,96,6.2,303.9,548.8,D,0
-21.8509,127.3695,342.7,4.7,2,2014-10-14,0434,Aqua,MODIS,89,6.2,303,322.7,D,0
-16.6502,127.2285,340.7,4.2,1.9,2014-10-14,0435,Aqua,MODIS,86,6.2,297.7,251.6,D,0
-16.6437,127.2631,327.7,4.2,1.9,2014-10-14,0435,Aqua,MODIS,49,6.2,298.2,96.4,D,0
-16.633,127.2269,326.9,4.2,1.9,2014-10-14,0435,Aqua,MODIS,50,6.2,297.1,103.1,D,0
-16.7472,127.5574,326.9,4,1.9,2014-10-14,0435,Aqua,MODIS,20,6.2,301.9,60.5,D,0
-16.7596,127.5551,328.2,4,1.9,2014-10-14,0435,Aqua,MODIS,55,6.2,301.9,74.5,D,0
-16.7262,127.5515,327.2,4,1.9,2014-10-14,0435,Aqua,MODIS,50,6.2,301.1,61,D,0
-16.6961,127.5128,332.6,4,1.9,2014-10-14,0435,Aqua,MODIS,75,6.2,302.1,112,D,0
-16.6793,127.5109,330.2,4,1.9,2014-10-14,0435,Aqua,MODIS,56,6.2,301.6,95,D,0
-18.1705,129.6134,329.6,2.9,1.6,2014-10-14,0435,Aqua,MODIS,77,6.2,303.4,74.8,D,0
-16.6912,127.5044,345.7,4,1.9,2014-10-14,0435,Aqua,MODIS,90,6.2,302.2,271.3,D,0
-16.551,128.2302,336.3,3.5,1.8,2014-10-14,0435,Aqua,MODIS,69,6.2,296,148.7,D,0
-18.1709,129.6179,328.7,2.9,1.6,2014-10-14,0435,Aqua,MODIS,75,6.2,303.4,68.4,D,0
-18.1563,129.6163,327.3,2.9,1.6,2014-10-14,0435,Aqua,MODIS,73,6.2,303.7,61.1,D,0
-16.7107,127.3609,332.3,4.1,1.9,2014-10-14,0435,Aqua,MODIS,76,6.2,299.6,116.7,D,0
-16.7067,127.3526,329.1,4.1,1.9,2014-10-14,0435,Aqua,MODIS,53,6.2,299.6,86.9,D,0
-16.6464,127.2675,323.8,4.2,1.9,2014-10-14,0435,Aqua,MODIS,15,6.2,298,59.9,D,0
-18.1559,129.6118,324.2,2.9,1.6,2014-10-14,0435,Aqua,MODIS,68,6.2,303.7,48.8,D,0
-16.6478,127.2237,334.6,4.2,1.9,2014-10-14,0435,Aqua,MODIS,70,6.2,297.8,178.1,D,0
-15.5911,136.5615,331.3,1,1,2014-10-14,0435,Aqua,MODIS,58,6.2,309.6,13.3,D,0
-14.2844,142.3642,341.8,1.8,1.3,2014-10-14,0435,Aqua,MODIS,82,6.2,303.8,73.5,D,0
-15.6007,136.5599,338.8,1,1,2014-10-14,0435,Aqua,MODIS,79,6.2,310.2,21,D,0
-15.1415,143.4378,358.8,2.1,1.4,2014-10-14,0435,Aqua,MODIS,99,6.2,305.6,197.2,D,0
-15.2063,145.1682,344.1,2.8,1.6,2014-10-14,0435,Aqua,MODIS,90,6.2,300.4,178,D,0
-15.1572,143.4212,334.7,2,1.4,2014-10-14,0435,Aqua,MODIS,51,6.2,311.6,49,D,0
-15.148,143.4001,360.5,2,1.4,2014-10-14,0435,Aqua,MODIS,100,6.2,311.3,201.4,D,0
-15.5885,136.5802,327.8,1,1,2014-10-14,0435,Aqua,MODIS,54,6.2,308.2,9.8,D,0
-15.6084,136.5707,351.4,1,1,2014-10-14,0435,Aqua,MODIS,94,6.2,312.5,43.1,D,0
-15.5898,136.5709,336.3,1,1,2014-10-14,0435,Aqua,MODIS,63,6.2,309.8,21.3,D,0
-15.1697,143.4235,336.8,2,1.4,2014-10-14,0435,Aqua,MODIS,68,6.2,312.2,48.7,D,0
-15.1922,145.1651,334.8,2.8,1.6,2014-10-14,0435,Aqua,MODIS,81,6.2,300.8,111.4,D,0
-14.1339,135.7469,330.6,1,1,2014-10-14,0435,Aqua,MODIS,62,6.2,311,13.5,D,0
-14.1012,135.7128,332.5,1,1,2014-10-14,0435,Aqua,MODIS,63,6.2,311.6,12.8,D,0
-15.4404,143.152,335.9,1.9,1.4,2014-10-14,0435,Aqua,MODIS,81,6.2,306.2,45.9,D,0
-15.2965,145.2787,337,2.8,1.6,2014-10-14,0435,Aqua,MODIS,63,6.2,297.7,130.8,D,0
-15.1448,143.4189,378.2,2,1.4,2014-10-14,0435,Aqua,MODIS,100,6.2,310.8,371,D,0
-14.1091,135.7237,333,1,1,2014-10-14,0435,Aqua,MODIS,67,6.2,311.6,15.5,D,0
-14.7091,144.3357,357.2,2.4,1.5,2014-10-14,0435,Aqua,MODIS,98,6.2,301.3,235.4,D,0
-14.6101,144.3819,323.9,2.5,1.5,2014-10-14,0435,Aqua,MODIS,20,6.2,299.6,37.4,D,0
-15.208,145.1737,343.8,2.8,1.6,2014-10-14,0435,Aqua,MODIS,90,6.2,300.3,174.6,D,0
-14.1325,135.7565,336.9,1,1,2014-10-14,0435,Aqua,MODIS,79,6.2,312.1,22.5,D,0
-14.0999,135.7224,339.5,1,1,2014-10-14,0435,Aqua,MODIS,83,6.2,314.4,24.1,D,0
-15.6097,136.5613,345.2,1,1,2014-10-14,0435,Aqua,MODIS,90,6.2,310.8,30.2,D,0
-14.0888,136.4563,328.9,1,1,2014-10-14,0435,Aqua,MODIS,64,6.2,300.4,18.2,D,0
-14.0235,135.6064,335.4,1,1,2014-10-14,0435,Aqua,MODIS,73,6.2,311.7,16.1,D,0
-14.2284,136.5747,327.2,1,1,2014-10-14,0435,Aqua,MODIS,64,6.2,303,13.2,D,0
-14.1417,135.7579,328.4,1,1,2014-10-14,0435,Aqua,MODIS,32,6.2,311.1,10.1,D,0
-14.0641,135.6516,336.3,1,1,2014-10-14,0435,Aqua,MODIS,74,6.2,312.7,19.2,D,0
-14.0471,135.6393,336.9,1,1,2014-10-14,0435,Aqua,MODIS,76,6.2,316.1,17.8,D,0
-14.6566,144.3957,324.2,2.5,1.5,2014-10-14,0435,Aqua,MODIS,17,6.2,295.6,42.3,D,0
-14.1808,136.5903,346,1,1,2014-10-14,0435,Aqua,MODIS,91,6.2,300.2,44,D,0
-14.0379,135.638,335.1,1,1,2014-10-14,0435,Aqua,MODIS,69,6.2,315.1,13.5,D,0
-14.0922,135.6427,343.7,1,1,2014-10-14,0435,Aqua,MODIS,87,6.2,308.9,32.1,D,0
-15.0073,145.0893,325.1,2.8,1.6,2014-10-14,0435,Aqua,MODIS,48,6.2,300.9,56.1,D,0
-14.0908,135.6524,354.8,1,1,2014-10-14,0435,Aqua,MODIS,96,6.2,314.3,56.4,D,0
-16.707,127.3991,326.5,4.1,1.9,2014-10-14,0435,Aqua,MODIS,34,6.2,300,58.7,D,0
-16.6901,127.3972,328.7,4.1,1.9,2014-10-14,0435,Aqua,MODIS,53,6.2,300,89.6,D,0
-16.6951,127.4663,343.8,4,1.9,2014-10-14,0435,Aqua,MODIS,89,6.2,301.4,244,D,0
-16.7028,127.3908,329.8,4.1,1.9,2014-10-14,0435,Aqua,MODIS,52,6.2,299.8,88.5,D,0
-16.6859,127.3888,327.7,4.1,1.9,2014-10-14,0435,Aqua,MODIS,33,6.2,299.8,81.2,D,0
-16.6783,127.4644,329.7,4,1.9,2014-10-14,0435,Aqua,MODIS,58,6.2,299.2,97.2,D,0
-15.4072,131.2277,331.5,2,1.4,2014-10-14,0435,Aqua,MODIS,76,6.2,300.4,48.4,D,0
-16.6829,127.4729,348.2,4,1.9,2014-10-14,0435,Aqua,MODIS,92,6.2,300.3,319.5,D,0
-16.6997,127.4748,338.9,4,1.9,2014-10-14,0435,Aqua,MODIS,84,6.2,301.5,180,D,0
-13.387,142.2946,370.7,1.8,1.3,2014-10-14,0435,Aqua,MODIS,100,6.2,304.5,246.6,D,0
-13.3439,142.2984,337.1,1.8,1.3,2014-10-14,0435,Aqua,MODIS,85,6.2,296.3,61.2,D,0
-14.7186,144.3607,358.2,2.5,1.5,2014-10-14,0435,Aqua,MODIS,98,6.2,297.6,250.7,D,0
-14.7147,144.3832,358.5,2.5,1.5,2014-10-14,0435,Aqua,MODIS,99,6.2,298.1,263,D,0
-14.7282,144.3858,323.5,2.5,1.5,2014-10-14,0435,Aqua,MODIS,19,6.2,296.4,39.1,D,0
-14.713,144.3671,355.8,2.5,1.5,2014-10-14,0435,Aqua,MODIS,97,6.2,294.9,233.3,D,0
-14.7089,144.3896,331.7,2.5,1.5,2014-10-14,0435,Aqua,MODIS,66,6.2,295.9,76.1,D,0
-14.717,144.3447,348,2.4,1.5,2014-10-14,0435,Aqua,MODIS,92,6.2,299.5,165.6,D,0
-14.6701,144.3983,327,2.5,1.5,2014-10-14,0435,Aqua,MODIS,26,6.2,296.5,54.6,D,0
-16.898,141.3551,357.6,1.4,1.2,2014-10-14,0435,Aqua,MODIS,74,6.2,321.4,82.1,D,0
-16.9001,141.3424,340.9,1.4,1.2,2014-10-14,0435,Aqua,MODIS,55,6.2,321.8,27.4,D,0
-16.9021,141.3298,337.2,1.4,1.2,2014-10-14,0435,Aqua,MODIS,47,6.2,321.1,20,D,0
-16.9019,141.3488,340.5,1.4,1.2,2014-10-14,0435,Aqua,MODIS,40,6.2,322.6,30.7,D,0
-16.8916,141.3469,342.2,1.4,1.2,2014-10-14,0435,Aqua,MODIS,36,6.2,316.9,33,D,0
-16.8936,141.3343,346.7,1.4,1.2,2014-10-14,0435,Aqua,MODIS,69,6.2,321,46.2,D,0
-13.3752,142.2924,401.3,1.8,1.3,2014-10-14,0435,Aqua,MODIS,100,6.2,307.6,588.6,D,0
-13.378,142.2758,378.4,1.8,1.3,2014-10-14,0435,Aqua,MODIS,100,6.2,312.3,302.7,D,0
-13.3634,142.2903,371.4,1.8,1.3,2014-10-14,0435,Aqua,MODIS,100,6.2,304.8,253.6,D,0
-13.3662,142.2737,342.6,1.8,1.3,2014-10-14,0435,Aqua,MODIS,70,6.2,308.9,65.5,D,0
-13.3516,142.2881,341.3,1.8,1.3,2014-10-14,0435,Aqua,MODIS,64,6.2,304.9,74.8,D,0
-13.3398,142.2859,368.4,1.8,1.3,2014-10-14,0435,Aqua,MODIS,100,6.2,305.1,235.5,D,0
-13.3426,142.2694,348.8,1.8,1.3,2014-10-14,0435,Aqua,MODIS,84,6.2,307.1,99.4,D,0
-13.3308,142.2673,338.6,1.8,1.3,2014-10-14,0435,Aqua,MODIS,40,6.2,306.1,59.3,D,0
-13.3466,142.2818,352.2,1.8,1.3,2014-10-14,0435,Aqua,MODIS,95,6.2,307.3,128.4,D,0
-13.3348,142.2796,346.1,1.8,1.3,2014-10-14,0435,Aqua,MODIS,92,6.2,303.5,99.7,D,0
-13.323,142.2776,328.3,1.8,1.3,2014-10-14,0435,Aqua,MODIS,51,6.2,301.1,33.5,D,0
-13.3375,142.2632,342.9,1.8,1.3,2014-10-14,0435,Aqua,MODIS,81,6.2,307.1,75.6,D,0
-14.8909,142.6704,343.7,1.8,1.3,2014-10-14,0435,Aqua,MODIS,89,6.2,306.1,76.2,D,0
-14.7224,144.3922,348.6,2.5,1.5,2014-10-14,0435,Aqua,MODIS,93,6.2,295.9,182.6,D,0
-14.7265,144.3697,337.4,2.5,1.5,2014-10-14,0435,Aqua,MODIS,83,6.2,298.9,101,D,0
-15.2004,144.9589,325.4,2.7,1.6,2014-10-14,0435,Aqua,MODIS,41,6.2,302.7,40.9,D,0
-15.1955,144.9507,328.3,2.7,1.6,2014-10-14,0435,Aqua,MODIS,58,6.2,303.5,54.4,D,0
-14.9861,135.0652,367,1.1,1.1,2014-10-14,0435,Aqua,MODIS,100,6.2,316.6,96.1,D,0
-14.9875,135.0549,408.1,1.1,1.1,2014-10-14,0435,Aqua,MODIS,100,6.2,320.1,332.1,D,0
-14.9739,135.0845,341.9,1.1,1.1,2014-10-14,0435,Aqua,MODIS,86,6.2,314.7,23.3,D,0
-14.9753,135.0742,349.5,1.1,1.1,2014-10-14,0435,Aqua,MODIS,92,6.2,313.7,39.8,D,0
-14.9766,135.0639,341.7,1.1,1.1,2014-10-14,0435,Aqua,MODIS,85,6.2,312.2,25.1,D,0
-15.0703,135.1259,340.3,1.1,1.1,2014-10-14,0435,Aqua,MODIS,84,6.2,314.6,24.2,D,0
-14.879,142.6683,361.9,1.8,1.3,2014-10-14,0435,Aqua,MODIS,100,6.2,310.2,174.2,D,0
-13.1858,141.8448,324.7,1.7,1.3,2014-10-14,0435,Aqua,MODIS,69,6.2,300.4,19.5,D,0
-13.1744,141.8427,325,1.7,1.3,2014-10-14,0435,Aqua,MODIS,59,6.2,302.3,19.3,D,0
-13.1629,141.8408,328.8,1.7,1.3,2014-10-14,0435,Aqua,MODIS,76,6.2,302.5,28.1,D,0
-13.3898,142.2779,368.1,1.8,1.3,2014-10-14,0435,Aqua,MODIS,100,6.2,309.6,217.4,D,0
-13.1718,141.8582,325.6,1.7,1.3,2014-10-14,0435,Aqua,MODIS,63,6.2,300.1,20.4,D,0
-13.1604,141.8562,357.6,1.7,1.3,2014-10-14,0435,Aqua,MODIS,98,6.2,301.6,143.4,D,0
-12.8585,135.8552,335.2,1,1,2014-10-14,0436,Aqua,MODIS,41,6.2,316.1,11.1,D,0
-12.6782,132.9559,332.4,1.4,1.2,2014-10-14,0436,Aqua,MODIS,36,6.2,310.9,19.9,D,0
-12.4235,136.5275,328.7,1,1,2014-10-14,0436,Aqua,MODIS,34,6.2,312.5,7.8,D,0
-12.4325,136.5289,333.1,1,1,2014-10-14,0436,Aqua,MODIS,64,6.2,311.5,13.8,D,0
-12.8572,135.8645,337.2,1,1,2014-10-14,0436,Aqua,MODIS,48,6.2,312.8,15.8,D,0
-12.865,135.8752,342.3,1,1,2014-10-14,0436,Aqua,MODIS,78,6.2,312.2,24.2,D,0
-13.3066,134.1213,344.4,1.2,1.1,2014-10-14,0436,Aqua,MODIS,88,6.2,318.1,34.5,D,0
-12.8741,135.8765,338.2,1,1,2014-10-14,0436,Aqua,MODIS,51,6.2,313.2,15.9,D,0
-13.3051,134.1322,358,1.2,1.1,2014-10-14,0436,Aqua,MODIS,98,6.2,318.2,72,D,0
-13.4252,135.7452,349.7,1,1,2014-10-14,0436,Aqua,MODIS,92,6.2,311.9,45.5,D,0
-13.4161,135.7438,347.8,1,1,2014-10-14,0436,Aqua,MODIS,90,6.2,311.3,41.2,D,0
-13.4316,134.3382,334.7,1.2,1.1,2014-10-14,0436,Aqua,MODIS,56,6.2,316.1,13.5,D,0
-13.4147,135.7533,352.4,1,1,2014-10-14,0436,Aqua,MODIS,94,6.2,313.7,50.9,D,0
-13.3391,135.6398,336.9,1,1,2014-10-14,0436,Aqua,MODIS,69,6.2,308.3,21.8,D,0
-13.3521,135.6804,335.8,1,1,2014-10-14,0436,Aqua,MODIS,59,6.2,313.4,15.3,D,0
-13.0902,136.2396,341.5,1,1,2014-10-14,0436,Aqua,MODIS,84,6.2,307.1,30.1,D,0
-12.4618,134.4128,335.7,1.1,1.1,2014-10-14,0436,Aqua,MODIS,44,6.2,316.8,14.4,D,0
-12.9281,135.0302,339.5,1.1,1,2014-10-14,0436,Aqua,MODIS,80,6.2,311.6,23.9,D,0
-12.3493,135.6195,333.9,1,1,2014-10-14,0436,Aqua,MODIS,74,6.2,313.5,15.8,D,0
-12.7148,132.9665,330.6,1.4,1.2,2014-10-14,0436,Aqua,MODIS,70,6.2,307.7,14.6,D,0
-12.9295,135.0204,348.3,1.1,1,2014-10-14,0436,Aqua,MODIS,91,6.2,311.7,40.9,D,0
-12.6765,132.9685,339.1,1.4,1.2,2014-10-14,0436,Aqua,MODIS,78,6.2,309.8,35.6,D,0
-12.8229,136.4346,337.1,1,1,2014-10-14,0436,Aqua,MODIS,78,6.2,304.7,25.7,D,0
-12.4028,136.6084,326.6,1,1,2014-10-14,0436,Aqua,MODIS,28,6.2,309.4,8,D,0
-13.4412,134.3396,335.9,1.2,1.1,2014-10-14,0436,Aqua,MODIS,60,6.2,314.9,14.9,D,0
-12.398,136.449,332.3,1,1,2014-10-14,0436,Aqua,MODIS,57,6.2,314.2,11,D,0
-12.7043,132.9651,333.9,1.4,1.2,2014-10-14,0436,Aqua,MODIS,77,6.2,307.2,20.9,D,0
-12.6678,132.9545,356.7,1.4,1.2,2014-10-14,0436,Aqua,MODIS,98,6.2,307.8,95.4,D,0
-12.5381,141.9324,338.7,1.8,1.3,2014-10-14,0436,Aqua,MODIS,89,6.2,303.7,60.5,D,0
-13.4398,134.3504,341,1.2,1.1,2014-10-14,0436,Aqua,MODIS,83,6.2,314,26.7,D,0
-12.4433,134.2614,334.5,1.1,1.1,2014-10-14,0436,Aqua,MODIS,73,6.2,308,20.7,D,0
-12.4419,134.2719,345.3,1.1,1.1,2014-10-14,0436,Aqua,MODIS,89,6.2,310.7,39.8,D,0
-12.9703,135.8495,359.5,1,1,2014-10-14,0436,Aqua,MODIS,99,6.2,313.5,63.1,D,0
-13.3378,135.6493,385.1,1,1,2014-10-14,0436,Aqua,MODIS,100,6.2,313.8,164.7,D,0
-13.3534,135.6709,346.8,1,1,2014-10-14,0436,Aqua,MODIS,89,6.2,316.4,35.2,D,0
-12.9599,135.8575,334.8,1,1,2014-10-14,0436,Aqua,MODIS,44,6.2,314.8,12.9,D,0
-12.8216,136.4437,338.1,1,1,2014-10-14,0436,Aqua,MODIS,79,6.2,305,27.6,D,0
-13.4104,134.3296,335.9,1.2,1.1,2014-10-14,0436,Aqua,MODIS,76,6.2,314.9,17.6,D,0
-12.969,135.8589,346.5,1,1,2014-10-14,0436,Aqua,MODIS,89,6.2,312.6,33.7,D,0
-13.4219,134.3368,354.8,1.2,1.1,2014-10-14,0436,Aqua,MODIS,96,6.2,316.6,60.5,D,0
-12.4242,134.2587,335.9,1.1,1.1,2014-10-14,0436,Aqua,MODIS,59,6.2,310.5,20.5,D,0
-13.4201,134.331,343.7,1.2,1.1,2014-10-14,0436,Aqua,MODIS,86,6.2,317,33.2,D,0
-13.4186,134.3417,343.5,1.2,1.1,2014-10-14,0436,Aqua,MODIS,86,6.2,315,34.3,D,0
-12.4228,134.2692,335.6,1.1,1.1,2014-10-14,0436,Aqua,MODIS,21,6.2,311.6,16.2,D,0
-13.4007,134.3283,339.6,1.2,1.1,2014-10-14,0436,Aqua,MODIS,82,6.2,315.2,24.4,D,0
-11.3818,131.0742,328.5,1.8,1.3,2014-10-14,0436,Aqua,MODIS,33,6.2,301.6,31.5,D,0
-11.3637,131.1212,331.5,1.8,1.3,2014-10-14,0436,Aqua,MODIS,74,6.2,301.7,40.9,D,0
-11.6922,130.9369,345.1,1.9,1.3,2014-10-14,0436,Aqua,MODIS,91,6.2,303.9,96.8,D,0
-11.6943,130.9199,342.7,1.9,1.3,2014-10-14,0436,Aqua,MODIS,89,6.2,304.9,87.1,D,0
-11.6802,130.9353,380,1.9,1.3,2014-10-14,0436,Aqua,MODIS,100,6.2,303.9,347.5,D,0
-11.6823,130.9182,399.1,1.9,1.3,2014-10-14,0436,Aqua,MODIS,100,6.2,306.2,584.8,D,0
-11.6754,130.9296,339.7,1.9,1.3,2014-10-14,0436,Aqua,MODIS,87,6.2,302.1,77.1,D,0
-11.6776,130.9125,342.6,1.9,1.3,2014-10-14,0436,Aqua,MODIS,89,6.2,300.2,92.5,D,0
-13.3456,135.6601,348.6,1,1,2014-10-14,0436,Aqua,MODIS,91,6.2,316.1,40,D,0
-12.3519,135.6007,355.3,1,1,2014-10-14,0436,Aqua,MODIS,97,6.2,313.8,57.2,D,0
-12.3506,135.6101,331.4,1,1,2014-10-14,0436,Aqua,MODIS,66,6.2,314.9,12.3,D,0
-13.4239,135.7547,378.3,1,1,2014-10-14,0436,Aqua,MODIS,100,6.2,318,133.1,D,0
-12.4078,135.8629,335.5,1,1,2014-10-14,0436,Aqua,MODIS,74,6.2,312.4,16,D,0
-13.4022,134.3176,351.2,1.2,1.1,2014-10-14,0436,Aqua,MODIS,93,6.2,318.2,51.6,D,0
-12.3788,135.871,331.5,1,1,2014-10-14,0436,Aqua,MODIS,62,6.2,311.6,11,D,0
-12.3949,135.8893,369.9,1,1,2014-10-14,0436,Aqua,MODIS,100,6.2,314,97.2,D,0
-12.3801,135.8617,332.1,1,1,2014-10-14,0436,Aqua,MODIS,69,6.2,314.7,11.3,D,0
-13.3443,135.6696,347.4,1,1,2014-10-14,0436,Aqua,MODIS,89,6.2,313.9,37.2,D,0
-11.3199,130.8981,318.6,1.8,1.3,2014-10-14,0436,Aqua,MODIS,0,6.2,299.6,18.5,D,0
-11.5044,130.6498,319.9,1.9,1.4,2014-10-14,0436,Aqua,MODIS,28,6.2,301.2,21.4,D,0
-13.4225,135.7641,340.6,1,1,2014-10-14,0436,Aqua,MODIS,59,6.2,315,24.7,D,0
-11.6844,130.9013,325.9,1.9,1.3,2014-10-14,0436,Aqua,MODIS,45,6.2,298.3,32.1,D,0
-11.7063,130.9217,325.4,1.9,1.3,2014-10-14,0436,Aqua,MODIS,68,6.2,303.8,25.1,D,0
-13.3365,135.6588,337.9,1,1,2014-10-14,0436,Aqua,MODIS,73,6.2,312.8,20.4,D,0
-12.4113,134.2501,334.3,1.1,1.1,2014-10-14,0436,Aqua,MODIS,55,6.2,310.5,13.8,D,0
-11.3908,131.0661,328.6,1.8,1.3,2014-10-14,0436,Aqua,MODIS,47,6.2,302.3,34.2,D,0
-12.3415,135.6088,336.4,1,1,2014-10-14,0436,Aqua,MODIS,78,6.2,313,20.3,D,0
-13.3149,134.1335,349.4,1.2,1.1,2014-10-14,0436,Aqua,MODIS,92,6.2,318.4,47.5,D,0
-12.407,134.2815,340.7,1.1,1.1,2014-10-14,0436,Aqua,MODIS,84,6.2,312.8,22.2,D,0
-12.6106,136.6334,335.1,1,1,2014-10-14,0436,Aqua,MODIS,66,6.2,307.5,18.7,D,0
-12.5953,136.6124,375.9,1,1,2014-10-14,0436,Aqua,MODIS,100,6.2,310.9,121.2,D,0
-13.3846,135.7142,350.4,1,1,2014-10-14,0436,Aqua,MODIS,92,6.2,316.6,45,D,0
-13.4212,135.7736,337.5,1,1,2014-10-14,0436,Aqua,MODIS,39,6.2,313.7,19.8,D,0
-13.3833,135.7237,334.3,1,1,2014-10-14,0436,Aqua,MODIS,69,6.2,312.6,15.4,D,0
-13.395,135.7737,334.2,1,1,2014-10-14,0436,Aqua,MODIS,56,6.2,312.9,16.4,D,0
-12.4323,134.2706,338.1,1.1,1.1,2014-10-14,0436,Aqua,MODIS,41,6.2,312.6,22.8,D,0
-12.5966,136.6033,336.3,1,1,2014-10-14,0436,Aqua,MODIS,77,6.2,307.4,20.9,D,0
-13.9033,135.5438,353.3,1.1,1,2014-10-14,0436,Aqua,MODIS,95,6.2,314.5,50.2,D,0
-13.902,135.5535,351.3,1.1,1,2014-10-14,0436,Aqua,MODIS,94,6.2,313.9,44.6,D,0
-13.9178,135.5064,354.8,1.1,1,2014-10-14,0436,Aqua,MODIS,96,6.2,314.3,60.8,D,0
-13.9165,135.5161,358,1.1,1,2014-10-14,0436,Aqua,MODIS,98,6.2,317.2,68,D,0
-13.9152,135.5258,337.8,1.1,1,2014-10-14,0436,Aqua,MODIS,80,6.2,315.5,21.4,D,0
-12.3495,131.8872,323.3,1.6,1.2,2014-10-14,0436,Aqua,MODIS,37,6.2,300,20.1,D,0
-12.3363,131.9004,328.3,1.6,1.2,2014-10-14,0436,Aqua,MODIS,38,6.2,301.4,29.4,D,0
-12.3382,131.8857,335.8,1.6,1.2,2014-10-14,0436,Aqua,MODIS,82,6.2,300,50.3,D,0
-13.1061,132.7691,333.5,1.4,1.2,2014-10-14,0436,Aqua,MODIS,72,6.2,303.5,30.3,D,0
-13.0726,132.7778,356.9,1.4,1.2,2014-10-14,0436,Aqua,MODIS,98,6.2,307.3,102.8,D,0
-13.949,135.688,350.8,1,1,2014-10-14,0436,Aqua,MODIS,93,6.2,316.1,41.3,D,0
-13.0689,132.7721,365.8,1.4,1.2,2014-10-14,0436,Aqua,MODIS,100,6.2,306.9,143.4,D,0
-12.3251,131.8989,333.4,1.6,1.2,2014-10-14,0436,Aqua,MODIS,79,6.2,301,42.2,D,0
-12.327,131.8842,352.9,1.6,1.2,2014-10-14,0436,Aqua,MODIS,96,6.2,299.8,114.7,D,0
-12.3139,131.8974,340.1,1.6,1.2,2014-10-14,0436,Aqua,MODIS,86,6.2,301.5,63.3,D,0
-12.3158,131.8827,370.5,1.6,1.2,2014-10-14,0436,Aqua,MODIS,100,6.2,304.2,214.4,D,0
-12.3027,131.8959,341.3,1.6,1.2,2014-10-14,0436,Aqua,MODIS,87,6.2,300.6,66,D,0
-12.3046,131.8812,329.3,1.6,1.2,2014-10-14,0436,Aqua,MODIS,73,6.2,301,31.9,D,0
-13.3321,131.152,330.4,1.9,1.3,2014-10-14,0436,Aqua,MODIS,56,6.2,301.3,42.3,D,0
-13.9257,135.5174,400.6,1.1,1,2014-10-14,0436,Aqua,MODIS,100,6.2,323.3,258.1,D,0
-13.4509,134.341,347.9,1.2,1.1,2014-10-14,0436,Aqua,MODIS,91,6.2,316.8,41.2,D,0
-13.7468,136.0096,328.1,1,1,2014-10-14,0436,Aqua,MODIS,44,6.2,306.9,13.5,D,0
-13.9244,135.5271,361.9,1.1,1,2014-10-14,0436,Aqua,MODIS,100,6.2,318.2,76.9,D,0
-13.1058,132.4065,327.4,1.5,1.2,2014-10-14,0436,Aqua,MODIS,42,6.2,304,19.5,D,0
-12.9715,132.5626,327.1,1.5,1.2,2014-10-14,0436,Aqua,MODIS,44,6.2,304.1,14.1,D,0
-12.9697,132.5761,328.7,1.5,1.2,2014-10-14,0436,Aqua,MODIS,49,6.2,306.4,16.5,D,0
-13.923,135.5368,341.2,1.1,1,2014-10-14,0436,Aqua,MODIS,84,6.2,317.4,26.2,D,0
-13.9493,135.5505,341,1.1,1,2014-10-14,0436,Aqua,MODIS,84,6.2,311.6,27.3,D,0
-13.0821,132.4174,332.8,1.5,1.2,2014-10-14,0436,Aqua,MODIS,69,6.2,304.8,27.4,D,0
-13.7857,132.4617,333.3,1.5,1.2,2014-10-14,0436,Aqua,MODIS,69,6.2,298.4,40.4,D,0
-12.3184,134.717,332.4,1.1,1,2014-10-14,0436,Aqua,MODIS,54,6.2,314.8,12.5,D,0
-12.309,134.7156,337,1.1,1,2014-10-14,0436,Aqua,MODIS,65,6.2,313.6,20.1,D,0
-13.7839,132.4758,327.1,1.5,1.2,2014-10-14,0436,Aqua,MODIS,39,6.2,299.3,26.5,D,0
-13.0089,132.3582,332.3,1.5,1.2,2014-10-14,0436,Aqua,MODIS,26,6.2,311,18.5,D,0
-13.124,132.7981,330.4,1.4,1.2,2014-10-14,0436,Aqua,MODIS,71,6.2,305.8,24.5,D,0
-13.948,135.5602,352.1,1.1,1,2014-10-14,0436,Aqua,MODIS,94,6.2,315.6,49.8,D,0
-13.9388,135.5588,341.5,1.1,1,2014-10-14,0436,Aqua,MODIS,67,6.2,319.3,24.6,D,0
-13.4495,134.3517,394.6,1.2,1.1,2014-10-14,0436,Aqua,MODIS,100,6.2,320.9,248.2,D,0
-13.448,134.3624,336.4,1.2,1.1,2014-10-14,0436,Aqua,MODIS,71,6.2,313.9,17,D,0
-13.4591,134.353,341.6,1.2,1.1,2014-10-14,0436,Aqua,MODIS,83,6.2,316.1,25.8,D,0
-13.4688,134.3543,341.3,1.2,1.1,2014-10-14,0436,Aqua,MODIS,80,6.2,315.8,24.2,D,0
-13.927,135.5077,367.3,1.1,1,2014-10-14,0436,Aqua,MODIS,100,6.2,313.2,98.3,D,0
-12.174,131.0299,336.3,1.9,1.3,2014-10-14,0436,Aqua,MODIS,87,6.2,304.7,61.2,D,0
-13.0141,132.778,326.2,1.4,1.2,2014-10-14,0436,Aqua,MODIS,54,6.2,301.9,17.5,D,0
-13.9112,135.5548,369.1,1.1,1,2014-10-14,0436,Aqua,MODIS,100,6.2,319.7,95.3,D,0
-12.2673,136.7878,328,1,1,2014-10-14,0436,Aqua,MODIS,48,6.2,308.1,9.5,D,0
-13.8873,136.4516,326,1,1,2014-10-14,0436,Aqua,MODIS,27,6.2,305.8,12.6,D,0
-13.9125,135.5451,387.1,1.1,1,2014-10-14,0436,Aqua,MODIS,100,6.2,323.7,173,D,0
-12.3936,135.8986,356.5,1,1,2014-10-14,0436,Aqua,MODIS,97,6.2,314.3,59.8,D,0
-13.9138,135.5354,348.2,1.1,1,2014-10-14,0436,Aqua,MODIS,91,6.2,317.1,39.5,D,0
-12.9756,130.3461,344.8,2.1,1.4,2014-10-14,0436,Aqua,MODIS,90,6.2,297.8,117.6,D,0
-13.0013,130.3494,325,2.1,1.4,2014-10-14,0436,Aqua,MODIS,39,6.2,296.4,30.1,D,0
-12.4528,131.8829,322.1,1.6,1.3,2014-10-14,0436,Aqua,MODIS,27,6.2,299.7,17.7,D,0
-12.4541,131.8778,324.9,1.6,1.3,2014-10-14,0436,Aqua,MODIS,56,6.2,299.8,22.5,D,0
-12.396,131.8851,328.7,1.6,1.2,2014-10-14,0436,Aqua,MODIS,65,6.2,301,29.4,D,0
-13.7818,132.4032,328.6,1.6,1.2,2014-10-14,0436,Aqua,MODIS,48,6.2,298.8,29.9,D,0
-13.78,132.4177,348,1.5,1.2,2014-10-14,0436,Aqua,MODIS,92,6.2,299.3,89.4,D,0
-14.2751,127.1951,324,3.9,1.8,2014-10-14,0436,Aqua,MODIS,57,6.2,296.6,70.3,D,0
-14.2798,127.2007,322.5,3.9,1.8,2014-10-14,0436,Aqua,MODIS,50,6.2,297.7,62,D,0
-13.5271,130.4109,331,2.2,1.4,2014-10-14,0436,Aqua,MODIS,57,6.2,305.3,57.1,D,0
-12.4072,131.8866,327.5,1.6,1.2,2014-10-14,0436,Aqua,MODIS,60,6.2,300.4,26.2,D,0
-14.2835,127.1645,329.5,3.9,1.8,2014-10-14,0436,Aqua,MODIS,75,6.2,296.9,122.5,D,0
-14.279,127.1591,327.3,3.9,1.8,2014-10-14,0436,Aqua,MODIS,71,6.2,296.5,100.1,D,0
-12.9477,130.3626,347.5,2.1,1.4,2014-10-14,0436,Aqua,MODIS,92,6.2,297.7,133.2,D,0
-12.9415,130.7286,328.3,2,1.4,2014-10-14,0436,Aqua,MODIS,55,6.2,298,49.3,D,0
-12.6944,132.6704,345.8,1.4,1.2,2014-10-14,0436,Aqua,MODIS,90,6.2,304,64.7,D,0
-12.5355,141.9486,337.4,1.8,1.3,2014-10-14,0436,Aqua,MODIS,88,6.2,301.1,56.3,D,0
-12.4467,142.1192,329.8,1.8,1.3,2014-10-14,0436,Aqua,MODIS,78,6.2,303.8,29.7,D,0
-12.4366,142.1463,348.6,1.8,1.3,2014-10-14,0436,Aqua,MODIS,82,6.2,297,111.8,D,0
-12.4394,142.1295,369.2,1.8,1.3,2014-10-14,0436,Aqua,MODIS,100,6.2,304.8,241.4,D,0
-12.4439,142.1359,367.1,1.8,1.3,2014-10-14,0436,Aqua,MODIS,94,6.2,303,221.8,D,0
-12.4247,142.1444,341.9,1.8,1.3,2014-10-14,0436,Aqua,MODIS,65,6.2,294.8,83.1,D,0
-12.5145,142.5662,325.2,2,1.4,2014-10-14,0436,Aqua,MODIS,78,6.2,299.1,36.1,D,0
-12.432,142.1338,356.8,1.8,1.3,2014-10-14,0436,Aqua,MODIS,98,6.2,303.5,154,D,0
-12.7405,132.9324,346.8,1.4,1.2,2014-10-14,0436,Aqua,MODIS,91,6.2,308.2,62.7,D,0
-12.4928,142.4705,327.7,1.9,1.4,2014-10-14,0436,Aqua,MODIS,0,6.2,294.1,39.6,D,0
-12.4291,142.1507,333.7,1.8,1.3,2014-10-14,0436,Aqua,MODIS,58,6.2,292.3,48.5,D,0
-12.5249,142.7426,314.2,2,1.4,2014-10-14,0436,Aqua,MODIS,0,6.2,271.9,24,D,0
-12.4275,142.1275,339.9,1.8,1.3,2014-10-14,0436,Aqua,MODIS,85,6.2,301.9,73.3,D,0
-12.6615,135.7605,336.7,1,1,2014-10-14,0436,Aqua,MODIS,68,6.2,313.2,17.1,D,0
-11.7151,130.5485,318.4,2,1.4,2014-10-14,0436,Aqua,MODIS,66,6.2,298.4,18.6,D,0
-13.5223,130.4505,326.2,2.1,1.4,2014-10-14,0436,Aqua,MODIS,40,6.2,297.5,41.8,D,0
-11.5066,130.6323,321.9,1.9,1.4,2014-10-14,0436,Aqua,MODIS,25,6.2,300.4,29.9,D,0
-11.6547,130.6089,326.3,2,1.4,2014-10-14,0436,Aqua,MODIS,66,6.2,301.5,32.6,D,0
-12.9581,130.3838,336.2,2.1,1.4,2014-10-14,0436,Aqua,MODIS,82,6.2,297.6,71.7,D,0
-13.5247,130.4307,332.9,2.2,1.4,2014-10-14,0436,Aqua,MODIS,72,6.2,303,67,D,0
-12.9605,130.3642,368.9,2.1,1.4,2014-10-14,0436,Aqua,MODIS,100,6.2,295.9,300.3,D,0
-12.95,130.3429,334.3,2.1,1.4,2014-10-14,0436,Aqua,MODIS,80,6.2,298,68.4,D,0
-12.9628,130.3445,336.2,2.1,1.4,2014-10-14,0436,Aqua,MODIS,82,6.2,295.9,74.8,D,0
-33.5586,115.7489,328.7,1,1,2014-10-14,0609,Aqua,MODIS,81,6.2,298,23.3,D,0
-33.3586,116.3998,316.7,1,1,2014-10-14,0609,Aqua,MODIS,58,6.2,303.6,7.6,D,0
-33.5418,115.7343,376.7,1,1,2014-10-14,0609,Aqua,MODIS,100,6.2,306.9,140.5,D,0
-33.5403,115.7454,353.6,1,1,2014-10-14,0609,Aqua,MODIS,97,6.2,299.3,66.9,D,0
-33.5509,115.7361,337.4,1,1,2014-10-14,0609,Aqua,MODIS,88,6.2,300.2,34.7,D,0
-32.8289,115.7179,319.4,1,1,2014-10-14,0609,Aqua,MODIS,68,6.2,308.5,11,D,0
-33.3721,116.4358,317,1,1,2014-10-14,0609,Aqua,MODIS,50,6.2,305.6,7,D,0
-34.0282,116.2067,312,1,1,2014-10-14,0609,Aqua,MODIS,52,6.2,298.1,6.6,D,0
-34.0297,116.1957,360.7,1,1,2014-10-14,0609,Aqua,MODIS,100,6.2,301.5,85.7,D,0
-33.5495,115.7471,337.4,1,1,2014-10-14,0609,Aqua,MODIS,88,6.2,297.8,35.1,D,0
-31.6972,116.1259,329.9,1,1,2014-10-14,0609,Aqua,MODIS,74,6.2,306.1,20.5,D,0
-33.3691,116.3908,327.3,1,1,2014-10-14,0609,Aqua,MODIS,78,6.2,300.9,18.6,D,0
-33.5326,115.7325,322.9,1,1,2014-10-14,0609,Aqua,MODIS,74,6.2,299.6,16.4,D,0
-34.0312,116.1847,340.7,1,1,2014-10-14,0609,Aqua,MODIS,90,6.2,303.3,40.8,D,0
-33.5311,115.7436,338.4,1,1,2014-10-14,0609,Aqua,MODIS,88,6.2,299.3,37.5,D,0
-33.5433,115.7231,318.1,1,1,2014-10-14,0609,Aqua,MODIS,45,6.2,299.6,10.9,D,0
-32.6277,116.3047,428.9,1,1,2014-10-14,0609,Aqua,MODIS,100,6.2,315,469.7,D,0
-32.5915,116.2315,381,1,1,2014-10-14,0609,Aqua,MODIS,100,6.2,298,151.6,D,0
-32.593,116.2208,377.5,1,1,2014-10-14,0609,Aqua,MODIS,100,6.2,300.9,138.2,D,0
-32.5945,116.2101,360.3,1,1,2014-10-14,0609,Aqua,MODIS,100,6.2,298.6,82.7,D,0
-32.5818,116.2459,342.8,1,1,2014-10-14,0609,Aqua,MODIS,90,6.2,299.6,43.2,D,0
-32.5833,116.2352,353.4,1,1,2014-10-14,0609,Aqua,MODIS,96,6.2,298.8,65.2,D,0
-32.5848,116.2245,355.2,1,1,2014-10-14,0609,Aqua,MODIS,97,6.2,298.9,69.9,D,0
-32.5863,116.2138,336.2,1,1,2014-10-14,0609,Aqua,MODIS,85,6.2,298.8,33.5,D,0
-32.6005,116.2333,414.2,1,1,2014-10-14,0609,Aqua,MODIS,100,6.2,308.5,344.8,D,0
-32.599,116.244,373.5,1,1,2014-10-14,0609,Aqua,MODIS,100,6.2,298.7,121.8,D,0
-32.5976,116.2547,362.6,1,1,2014-10-14,0609,Aqua,MODIS,100,6.2,299.8,85.9,D,0
-32.5961,116.2654,341.8,1,1,2014-10-14,0609,Aqua,MODIS,90,6.2,298.5,38.9,D,0
-32.6141,116.203,328,1,1,2014-10-14,0609,Aqua,MODIS,52,6.2,294.7,21.9,D,0
-32.6126,116.2137,345.6,1,1,2014-10-14,0609,Aqua,MODIS,92,6.2,295.8,48.1,D,0
-32.6111,116.2244,357.7,1,1,2014-10-14,0609,Aqua,MODIS,98,6.2,297.2,73.9,D,0
-32.6096,116.2351,381.7,1,1,2014-10-14,0609,Aqua,MODIS,100,6.2,301.2,154.8,D,0
-32.6081,116.2458,375.7,1,1,2014-10-14,0609,Aqua,MODIS,100,6.2,297.3,130,D,0
-32.6066,116.2565,387.9,1,1,2014-10-14,0609,Aqua,MODIS,100,6.2,299.9,181.4,D,0
-32.6051,116.2672,384.4,1,1,2014-10-14,0609,Aqua,MODIS,100,6.2,301.4,165.4,D,0
-32.6036,116.278,351.1,1,1,2014-10-14,0609,Aqua,MODIS,95,6.2,297,57.2,D,0
-32.6201,116.2262,324.5,1,1,2014-10-14,0609,Aqua,MODIS,73,6.2,292.2,19.6,D,0
-32.6186,116.2369,367.4,1,1,2014-10-14,0609,Aqua,MODIS,100,6.2,296.8,103.5,D,0
-32.6171,116.2476,397.7,1,1,2014-10-14,0609,Aqua,MODIS,100,6.2,302.2,234.6,D,0
-32.6156,116.2583,424.6,1,1,2014-10-14,0609,Aqua,MODIS,100,6.2,309.4,429.8,D,0
-32.6141,116.269,444.6,1,1,2014-10-14,0609,Aqua,MODIS,100,6.2,315.7,639.8,D,0
-32.6126,116.2797,415,1,1,2014-10-14,0609,Aqua,MODIS,100,6.2,307.3,348.9,D,0
-32.6111,116.2904,383.6,1,1,2014-10-14,0609,Aqua,MODIS,100,6.2,303.4,161.5,D,0
-32.6096,116.3011,350.7,1,1,2014-10-14,0609,Aqua,MODIS,95,6.2,301.2,57.2,D,0
-32.6262,116.2494,338.5,1,1,2014-10-14,0609,Aqua,MODIS,54,6.2,291.6,34.2,D,0
-32.6247,116.2601,365,1,1,2014-10-14,0609,Aqua,MODIS,100,6.2,292.5,94.8,D,0
-32.6232,116.2708,399.8,1,1,2014-10-14,0609,Aqua,MODIS,100,6.2,297.4,246.9,D,0
-32.6217,116.2815,446.4,1,1,2014-10-14,0609,Aqua,MODIS,100,6.2,310.8,662.1,D,0
-32.6202,116.2922,422,1,1,2014-10-14,0609,Aqua,MODIS,100,6.2,315,406.5,D,0
-34.713,117.0213,341.3,1,1,2014-10-14,0609,Aqua,MODIS,91,6.2,303.3,31.9,D,0
-32.59,116.2422,378.5,1,1,2014-10-14,0609,Aqua,MODIS,100,6.2,297.6,141.1,D,0
-32.5885,116.2529,353.4,1,1,2014-10-14,0609,Aqua,MODIS,96,6.2,300.2,63.2,D,0
-32.587,116.2637,321.6,1,1,2014-10-14,0609,Aqua,MODIS,58,6.2,299.4,12.8,D,0
-32.605,116.2012,366.2,1,1,2014-10-14,0609,Aqua,MODIS,100,6.2,300.3,100.2,D,0
-32.6035,116.2119,383.2,1,1,2014-10-14,0609,Aqua,MODIS,100,6.2,302.9,161.6,D,0
-32.602,116.2226,403.8,1,1,2014-10-14,0609,Aqua,MODIS,100,6.2,308,272.8,D,0
-34.7009,117.0413,332.1,1,1,2014-10-14,0609,Aqua,MODIS,84,6.2,304.4,15.3,D,0
-34.6994,117.0523,385.8,1,1,2014-10-14,0609,Aqua,MODIS,100,6.2,313.1,163.8,D,0
-34.6978,117.0632,382,1,1,2014-10-14,0609,Aqua,MODIS,100,6.2,309.9,148,D,0
-34.6963,117.0741,352.6,1,1,2014-10-14,0609,Aqua,MODIS,96,6.2,305.4,55.5,D,0
-34.7115,117.0323,332.4,1,1,2014-10-14,0609,Aqua,MODIS,85,6.2,302.7,17.3,D,0
-34.71,117.0432,354.4,1,1,2014-10-14,0609,Aqua,MODIS,97,6.2,307.8,55.9,D,0
-34.7084,117.0542,481,1,1,2014-10-14,0609,Aqua,MODIS,100,6.2,400.1,1189.5,D,0
-34.7069,117.0651,487.9,1,1,2014-10-14,0609,Aqua,MODIS,100,6.2,400.1,1327.8,D,0
-34.7053,117.076,444.7,1,1,2014-10-14,0609,Aqua,MODIS,100,6.2,321.7,632,D,0
-34.7221,117.0232,351.3,1,1,2014-10-14,0609,Aqua,MODIS,96,6.2,304.4,52.5,D,0
-34.7205,117.0342,333.6,1,1,2014-10-14,0609,Aqua,MODIS,85,6.2,301.8,20.2,D,0
-34.719,117.0451,397.9,1,1,2014-10-14,0609,Aqua,MODIS,100,6.2,314,227,D,0
-34.7174,117.0561,504.3,1,1,2014-10-14,0609,Aqua,MODIS,100,6.2,400.1,1696.4,D,0
-34.7159,117.067,441.2,1,1,2014-10-14,0609,Aqua,MODIS,100,6.2,308.1,590.8,D,0
-34.7143,117.0779,388.1,1,1,2014-10-14,0609,Aqua,MODIS,100,6.2,299.1,176.7,D,0
-34.7295,117.0361,329.6,1,1,2014-10-14,0609,Aqua,MODIS,74,6.2,302.8,16.5,D,0
-34.728,117.047,391,1,1,2014-10-14,0609,Aqua,MODIS,100,6.2,308.9,191,D,0
-34.7265,117.058,447.5,1,1,2014-10-14,0609,Aqua,MODIS,100,6.2,320.1,666.8,D,0
-34.7249,117.0689,447.7,1,1,2014-10-14,0609,Aqua,MODIS,100,6.2,312.2,668.6,D,0
-34.7234,117.0798,427.4,1,1,2014-10-14,0609,Aqua,MODIS,100,6.2,303.7,447.8,D,0
-34.7386,117.038,331.9,1,1,2014-10-14,0609,Aqua,MODIS,82,6.2,302.5,20.7,D,0
-34.737,117.0489,454.1,1,1,2014-10-14,0609,Aqua,MODIS,100,6.2,330,755.3,D,0
-34.7355,117.0599,493.7,1,1,2014-10-14,0609,Aqua,MODIS,100,6.2,329.7,1454.5,D,0
-34.7339,117.0708,421.1,1,1,2014-10-14,0609,Aqua,MODIS,100,6.2,308.8,394.4,D,0
-34.7324,117.0817,449.7,1,1,2014-10-14,0609,Aqua,MODIS,100,6.2,313.3,693.6,D,0
-34.7308,117.0927,347.2,1,1,2014-10-14,0609,Aqua,MODIS,92,6.2,293.4,41.7,D,0
-34.7293,117.1036,326.5,1,1,2014-10-14,0609,Aqua,MODIS,39,6.2,294.5,11,D,0
-34.7476,117.0399,342.7,1,1,2014-10-14,0609,Aqua,MODIS,91,6.2,301.7,37.3,D,0
-34.746,117.0508,439.1,1,1,2014-10-14,0609,Aqua,MODIS,100,6.2,318.3,572.9,D,0
-34.7445,117.0618,457.2,1,1,2014-10-14,0609,Aqua,MODIS,100,6.2,308.7,801.3,D,0
-34.7414,117.0836,416.6,1,1,2014-10-14,0609,Aqua,MODIS,100,6.2,296,358.8,D,0
-34.7398,117.0946,397.8,1,1,2014-10-14,0609,Aqua,MODIS,100,6.2,302.8,231.2,D,0
-34.7383,117.1055,445.1,1,1,2014-10-14,0609,Aqua,MODIS,100,6.2,313.6,636.1,D,0
-34.7367,117.1165,411.5,1,1,2014-10-14,0609,Aqua,MODIS,100,6.2,305.6,316,D,0
-34.7352,117.1274,401.3,1,1,2014-10-14,0609,Aqua,MODIS,100,6.2,303.8,250.9,D,0
-34.7582,117.0308,338.3,1,1,2014-10-14,0609,Aqua,MODIS,89,6.2,303.2,32.8,D,0
-34.7566,117.0418,352.7,1,1,2014-10-14,0609,Aqua,MODIS,96,6.2,299.5,60.5,D,0
-34.7551,117.0527,355.8,1,1,2014-10-14,0609,Aqua,MODIS,98,6.2,298.3,68.7,D,0
-34.7535,117.0637,380.2,1,1,2014-10-14,0609,Aqua,MODIS,100,6.2,293.8,145.8,D,0
-34.752,117.0746,390.7,1,1,2014-10-14,0609,Aqua,MODIS,100,6.2,290.8,195,D,0
-34.7504,117.0855,397.1,1,1,2014-10-14,0609,Aqua,MODIS,100,6.2,295.8,228.4,D,0
-34.7489,117.0965,433,1,1,2014-10-14,0609,Aqua,MODIS,100,6.2,307.8,509.1,D,0
-34.7473,117.1074,396.7,1,1,2014-10-14,0609,Aqua,MODIS,100,6.2,303.6,226.6,D,0
-34.7458,117.1184,426.8,1,1,2014-10-14,0609,Aqua,MODIS,100,6.2,309.1,446.9,D,0
-34.7442,117.1293,391.6,1,1,2014-10-14,0609,Aqua,MODIS,100,6.2,302.5,200.2,D,0
-34.7625,117.0656,343.6,1,1,2014-10-14,0609,Aqua,MODIS,80,6.2,295.5,42.6,D,0
-34.761,117.0765,357.9,1,1,2014-10-14,0609,Aqua,MODIS,99,6.2,291,74.7,D,0
-34.7594,117.0874,344.2,1,1,2014-10-14,0609,Aqua,MODIS,80,6.2,290.3,41.5,D,0
-34.7548,117.1203,337.8,1,1,2014-10-14,0609,Aqua,MODIS,27,6.2,293.6,33.1,D,0
-34.7532,117.1312,352,1,1,2014-10-14,0609,Aqua,MODIS,96,6.2,295.6,61.1,D,0
-34.7687,117.0847,320.4,1,1,2014-10-14,0609,Aqua,MODIS,51,6.2,290.2,14.1,D,0
-32.6172,116.3136,345.6,1,1,2014-10-14,0609,Aqua,MODIS,92,6.2,301.5,46.4,D,0
-32.6082,116.3118,316.5,1,1,2014-10-14,0609,Aqua,MODIS,47,6.2,299.7,7.7,D,0
-32.6563,116.2994,333.3,1,1,2014-10-14,0609,Aqua,MODIS,83,6.2,294,28.6,D,0
-32.6473,116.2976,346.5,1,1,2014-10-14,0609,Aqua,MODIS,93,6.2,293.8,49.1,D,0
-32.6488,116.2869,401.5,1,1,2014-10-14,0609,Aqua,MODIS,100,6.2,303.3,256.2,D,0
-32.6503,116.2762,336.7,1,1,2014-10-14,0609,Aqua,MODIS,81,6.2,293.9,32.8,D,0
-32.6382,116.2958,436,1,1,2014-10-14,0609,Aqua,MODIS,100,6.2,316.2,542.8,D,0
-32.6397,116.2851,425.6,1,1,2014-10-14,0609,Aqua,MODIS,100,6.2,316.4,436.8,D,0
-32.6412,116.2744,380.3,1,1,2014-10-14,0609,Aqua,MODIS,100,6.2,301.8,149.1,D,0
-32.6292,116.294,444.1,1,1,2014-10-14,0609,Aqua,MODIS,100,6.2,323.6,633.7,D,0
-32.6307,116.2833,415.2,1,1,2014-10-14,0609,Aqua,MODIS,100,6.2,311.1,351.2,D,0
-32.6322,116.2726,370,1,1,2014-10-14,0609,Aqua,MODIS,100,6.2,296.4,110.9,D,0
-32.6337,116.2619,320,1,1,2014-10-14,0609,Aqua,MODIS,53,6.2,289.1,13.5,D,0
-32.6548,116.3101,320.7,1,1,2014-10-14,0609,Aqua,MODIS,51,6.2,295,12.5,D,0
-32.6367,116.3065,349.2,1,1,2014-10-14,0609,Aqua,MODIS,94,6.2,296.4,53.4,D,0
-32.6262,116.3154,374.5,1,1,2014-10-14,0609,Aqua,MODIS,100,6.2,302.8,125.7,D,0
-32.6187,116.3029,400.2,1,1,2014-10-14,0609,Aqua,MODIS,100,6.2,313.1,248.1,D,0
-30.8712,121.501,325.8,1.6,1.2,2014-10-14,0609,Aqua,MODIS,64,6.2,313.8,14.5,D,2
-30.8742,121.4849,327.3,1.6,1.2,2014-10-14,0609,Aqua,MODIS,68,6.2,313.1,17.5,D,2
-31.1777,115.712,327.6,1,1,2014-10-14,0610,Aqua,MODIS,43,6.2,310.7,12.2,D,0
-31.1867,115.7137,326.8,1,1,2014-10-14,0610,Aqua,MODIS,35,6.2,312.3,11.5,D,0
-31.1853,115.7243,332.2,1,1,2014-10-14,0610,Aqua,MODIS,75,6.2,314.4,19,D,0
-31.2097,115.6694,330.7,1,1,2014-10-14,0610,Aqua,MODIS,46,6.2,315.5,15.1,D,0
-31.2217,115.6499,345.1,1,1,2014-10-14,0610,Aqua,MODIS,83,6.2,314.9,36.1,D,0
-31.2127,115.6481,360.9,1,1,2014-10-14,0610,Aqua,MODIS,100,6.2,315,74.2,D,0
-31.2141,115.6375,329.5,1,1,2014-10-14,0610,Aqua,MODIS,48,6.2,310.1,14,D,0
-31.3642,116.3395,326,1,1,2014-10-14,0610,Aqua,MODIS,63,6.2,312.5,11.4,D,0
-23.2843,124.1702,346.2,3.5,1.8,2014-10-14,0611,Aqua,MODIS,78,6.2,303.7,255.2,D,0
-23.5058,121.9502,344.2,2.4,1.5,2014-10-14,0611,Aqua,MODIS,68,6.2,314.7,110.1,D,0
-23.4412,124.7451,349,3.8,1.8,2014-10-14,0611,Aqua,MODIS,93,6.2,310.9,278.5,D,0
-23.4657,124.7897,349.4,3.8,1.8,2014-10-14,0611,Aqua,MODIS,93,6.2,308.3,304,D,0
-23.4782,124.7596,334.4,3.8,1.8,2014-10-14,0611,Aqua,MODIS,39,6.2,310.8,113.2,D,0
-23.6382,121.3391,358.1,2.1,1.4,2014-10-14,0611,Aqua,MODIS,93,6.2,314.3,192.1,D,0
-23.6129,121.3333,350.7,2.1,1.4,2014-10-14,0611,Aqua,MODIS,93,6.2,312.7,140,D,0
-23.4703,124.7958,342.6,3.8,1.8,2014-10-14,0611,Aqua,MODIS,88,6.2,308.2,215.2,D,0
-23.9188,124.747,347.1,3.7,1.8,2014-10-14,0611,Aqua,MODIS,77,6.2,305.5,297.3,D,0
-23.5079,121.9701,347.7,2.4,1.5,2014-10-14,0611,Aqua,MODIS,91,6.2,303.6,129.4,D,0
-23.4946,121.9669,358.5,2.4,1.5,2014-10-14,0611,Aqua,MODIS,99,6.2,311.4,220.4,D,0
-23.6675,121.3242,349.7,2.1,1.4,2014-10-14,0611,Aqua,MODIS,70,6.2,302.3,140,D,0
-23.4173,124.7775,351.4,3.8,1.8,2014-10-14,0611,Aqua,MODIS,83,6.2,312.3,333.3,D,0
-23.4334,124.7816,340.5,3.8,1.8,2014-10-14,0611,Aqua,MODIS,54,6.2,309.7,176.8,D,0
-23.4879,121.9701,346.6,2.4,1.5,2014-10-14,0611,Aqua,MODIS,90,6.2,314.8,123.1,D,0
-23.5012,121.9732,360.5,2.4,1.5,2014-10-14,0611,Aqua,MODIS,94,6.2,300.2,241.3,D,0
-23.9183,124.7171,373.1,3.7,1.8,2014-10-14,0611,Aqua,MODIS,87,6.2,305.6,754.3,D,0
-22.4531,117.5075,363.2,1.3,1.1,2014-10-14,0612,Aqua,MODIS,100,6.2,322,96,D,0
-22.469,117.536,357.7,1.3,1.1,2014-10-14,0612,Aqua,MODIS,98,6.2,319.6,82.2,D,0
-22.467,117.5483,342.4,1.3,1.1,2014-10-14,0612,Aqua,MODIS,83,6.2,316,36.4,D,0
-22.4273,117.5478,344.5,1.3,1.1,2014-10-14,0612,Aqua,MODIS,40,6.2,319.9,33.4,D,0
-22.4253,117.5601,343.7,1.3,1.1,2014-10-14,0612,Aqua,MODIS,51,6.2,319.9,33.1,D,0
-22.481,117.5258,340.9,1.3,1.1,2014-10-14,0612,Aqua,MODIS,49,6.2,319.1,29.2,D,0
-22.479,117.538,348.4,1.3,1.1,2014-10-14,0612,Aqua,MODIS,90,6.2,319.7,51.1,D,0
-22.477,117.5503,363.8,1.3,1.1,2014-10-14,0612,Aqua,MODIS,100,6.2,317.6,106.7,D,0
-22.4551,117.4954,345.6,1.3,1.1,2014-10-14,0612,Aqua,MODIS,87,6.2,320.6,40.5,D,0
-22.4354,117.5621,339.2,1.3,1.1,2014-10-14,0612,Aqua,MODIS,28,6.2,319.6,22.1,D,0
-21.0002,123.8151,343.9,3.7,1.8,2014-10-14,0612,Aqua,MODIS,88,6.2,303.8,222.1,D,0
-22.4631,117.5094,363,1.3,1.1,2014-10-14,0612,Aqua,MODIS,100,6.2,320.1,97.5,D,0
-22.4971,117.5541,331.9,1.3,1.1,2014-10-14,0612,Aqua,MODIS,47,6.2,313.7,16.6,D,0
-20.9923,123.8056,344.3,3.7,1.8,2014-10-14,0612,Aqua,MODIS,88,6.2,305.8,224,D,0
-22.4511,117.5197,356.8,1.3,1.1,2014-10-14,0612,Aqua,MODIS,96,6.2,320.3,69.5,D,0
-22.489,117.5401,350.7,1.3,1.1,2014-10-14,0612,Aqua,MODIS,92,6.2,320.3,59.9,D,0
-22.4711,117.5237,347.1,1.3,1.1,2014-10-14,0612,Aqua,MODIS,89,6.2,318.4,46.8,D,0
-22.4611,117.5217,384.5,1.3,1.1,2014-10-14,0612,Aqua,MODIS,100,6.2,321.3,206.1,D,0
-22.487,117.5523,350,1.3,1.1,2014-10-14,0612,Aqua,MODIS,92,6.2,315.3,58.6,D,0
-22.4991,117.542,332.7,1.3,1.1,2014-10-14,0612,Aqua,MODIS,55,6.2,317.2,16.7,D,0
-20.9852,123.8406,334.9,3.7,1.8,2014-10-14,0612,Aqua,MODIS,57,6.2,307.8,124.2,D,0
-22.6473,122.469,345.1,2.7,1.6,2014-10-14,0612,Aqua,MODIS,67,6.2,301.9,174.8,D,0
-20.9842,123.8113,328,3.7,1.8,2014-10-14,0612,Aqua,MODIS,51,6.2,304.2,61.4,D,0
-22.6454,122.4634,349,2.7,1.6,2014-10-14,0612,Aqua,MODIS,0,6.2,302.5,204.8,D,0
-21.4467,117.02,341,1.2,1.1,2014-10-14,0612,Aqua,MODIS,76,6.2,319.1,26.5,D,0
-21.4308,116.9928,336.6,1.2,1.1,2014-10-14,0612,Aqua,MODIS,38,6.2,319.6,15.7,D,0
-21.4353,117.1524,341.5,1.3,1.1,2014-10-14,0612,Aqua,MODIS,82,6.2,320.2,28,D,0
-21.4531,116.3509,341.5,1.1,1.1,2014-10-14,0612,Aqua,MODIS,82,6.2,319.2,26.4,D,0
-21.4548,116.3398,336.4,1.1,1.1,2014-10-14,0612,Aqua,MODIS,73,6.2,319.2,16.2,D,0
-20.9576,122.7453,340.1,3.1,1.7,2014-10-14,0612,Aqua,MODIS,84,6.2,303.6,140.1,D,0
-21.5062,122.6973,344.2,3,1.6,2014-10-14,0612,Aqua,MODIS,59,6.2,303,156.9,D,0
-21.5119,122.6692,411.4,3,1.6,2014-10-14,0612,Aqua,MODIS,75,6.2,314.8,1509.6,D,0
-21.5176,122.6411,356.4,3,1.6,2014-10-14,0612,Aqua,MODIS,85,6.2,310.2,283.6,D,0
-21.4916,122.6939,365.5,3,1.6,2014-10-14,0612,Aqua,MODIS,100,6.2,309.3,398.9,D,0
-21.4973,122.6659,358.1,3,1.6,2014-10-14,0612,Aqua,MODIS,98,6.2,313.8,289.2,D,0
-21.503,122.6377,348.3,3,1.6,2014-10-14,0612,Aqua,MODIS,90,6.2,312.6,168.9,D,0
-21.5078,122.6934,359.8,3,1.6,2014-10-14,0612,Aqua,MODIS,75,6.2,303.8,326.5,D,0
-21.5133,122.6652,413.6,3,1.6,2014-10-14,0612,Aqua,MODIS,75,6.2,315.5,1581.8,D,0
-21.5187,122.6371,353.1,3,1.6,2014-10-14,0612,Aqua,MODIS,83,6.2,309.4,242.5,D,0
-21.4931,122.69,371.3,3,1.6,2014-10-14,0612,Aqua,MODIS,100,6.2,310,490,D,0
-21.4986,122.6619,351.3,3,1.6,2014-10-14,0612,Aqua,MODIS,90,6.2,314,210.2,D,0
-21.5042,122.6336,350.6,3,1.6,2014-10-14,0612,Aqua,MODIS,93,6.2,312.7,192.5,D,0
-21.5351,122.5528,347.3,2.9,1.6,2014-10-14,0612,Aqua,MODIS,90,6.2,313.3,178.8,D,0
-21.5097,122.6052,336.7,2.9,1.6,2014-10-14,0612,Aqua,MODIS,46,6.2,311.4,77.1,D,0
-21.5152,122.5771,365.3,2.9,1.6,2014-10-14,0612,Aqua,MODIS,100,6.2,314.9,385.9,D,0
-21.5207,122.5493,338,2.9,1.6,2014-10-14,0612,Aqua,MODIS,73,6.2,312.6,97,D,0
-21.5187,121.5995,337.1,2.5,1.5,2014-10-14,0612,Aqua,MODIS,44,6.2,295.4,86.2,D,0
-21.4863,122.5702,336,2.9,1.6,2014-10-14,0612,Aqua,MODIS,77,6.2,311.9,80.8,D,0
-21.4807,122.5983,335.7,2.9,1.6,2014-10-14,0612,Aqua,MODIS,20,6.2,313.7,76.1,D,0
-21.5008,122.5736,336.3,2.9,1.6,2014-10-14,0612,Aqua,MODIS,79,6.2,313.1,79.5,D,0
-21.5,122.5778,335.4,2.9,1.6,2014-10-14,0612,Aqua,MODIS,70,6.2,313,68.2,D,0
-21.4916,121.5935,393.2,2.5,1.5,2014-10-14,0612,Aqua,MODIS,94,6.2,310.6,739.6,D,0
-21.3315,119.8968,336.5,1.9,1.3,2014-10-14,0612,Aqua,MODIS,75,6.2,318.5,31.9,D,0
-21.5145,122.5813,360.9,2.9,1.6,2014-10-14,0612,Aqua,MODIS,100,6.2,314.3,323,D,0
-21.5088,122.6094,341.5,2.9,1.6,2014-10-14,0612,Aqua,MODIS,74,6.2,311.3,110.1,D,0
-20.9725,122.7487,345.5,3.1,1.7,2014-10-14,0612,Aqua,MODIS,84,6.2,303.1,193.4,D,0
-21.5233,122.6129,349.2,2.9,1.6,2014-10-14,0612,Aqua,MODIS,79,6.2,306.1,201.5,D,0
-21.529,122.5847,416.7,2.9,1.6,2014-10-14,0612,Aqua,MODIS,100,6.2,318.8,1671.2,D,0
-21.5346,122.557,365.1,2.9,1.6,2014-10-14,0612,Aqua,MODIS,100,6.2,314.3,393.4,D,0
-20.9607,122.7409,346.4,3.1,1.7,2014-10-14,0612,Aqua,MODIS,90,6.2,304.5,197.6,D,0
-21.5201,122.5535,347.5,2.9,1.6,2014-10-14,0612,Aqua,MODIS,91,6.2,312.7,175.9,D,0
-21.5243,122.6087,354.2,2.9,1.6,2014-10-14,0612,Aqua,MODIS,90,6.2,306.2,247.7,D,0
-21.5297,122.5806,420.7,2.9,1.6,2014-10-14,0612,Aqua,MODIS,100,6.2,319.8,1821.9,D,0
-18.0477,124.1752,327.5,4.5,2,2014-10-14,0613,Aqua,MODIS,40,6.2,303.3,81.1,D,0
-18.0492,124.1711,331.1,4.5,2,2014-10-14,0613,Aqua,MODIS,57,6.2,303.5,123.7,D,0
-18.0567,124.1323,328.3,4.5,2,2014-10-14,0613,Aqua,MODIS,58,6.2,306.5,80.7,D,0
-17.2069,124.2454,330.4,4.8,2,2014-10-14,0613,Aqua,MODIS,83,6.2,304.1,119.6,D,0
-17.2161,124.2014,326.9,4.7,2,2014-10-14,0613,Aqua,MODIS,80,6.2,304.3,79.3,D,0
-17.208,124.238,335,4.8,2,2014-10-14,0613,Aqua,MODIS,87,6.2,304.3,176.3,D,0
-17.1138,124.1657,323.8,4.7,2,2014-10-14,0613,Aqua,MODIS,60,6.2,301.3,57.2,D,0
-17.2424,124.2535,328,4.8,2,2014-10-14,0613,Aqua,MODIS,81,6.2,305,87,D,0
-17.2332,124.2978,328.9,4.8,2,2014-10-14,0613,Aqua,MODIS,82,6.2,304.1,96.7,D,0
-17.1227,124.1219,325.7,4.7,2,2014-10-14,0613,Aqua,MODIS,76,6.2,301.3,76.4,D,0
-17.1404,124.1259,325.6,4.7,2,2014-10-14,0613,Aqua,MODIS,59,6.2,302.1,69.6,D,0
-17.1198,124.1264,326.6,4.7,2,2014-10-14,0613,Aqua,MODIS,72,6.2,301.1,83.5,D,0
-17.1375,124.1304,327.3,4.7,2,2014-10-14,0613,Aqua,MODIS,66,6.2,302.1,84.7,D,0
-17.2347,124.2906,331,4.8,2,2014-10-14,0613,Aqua,MODIS,84,6.2,304.3,117.9,D,0
-25.092,148.2699,301.8,2.7,1.6,2014-10-14,1219,Terra,MODIS,45,6.2,285.5,29.4,N,0
-25.1495,149.6291,300.3,2.1,1.4,2014-10-14,1219,Terra,MODIS,20,6.2,287,15.6,N,0
-25.0862,148.2889,304.1,2.7,1.6,2014-10-14,1219,Terra,MODIS,58,6.2,285.4,34,N,0
-21.1122,147.8262,323.8,2.6,1.5,2014-10-14,1220,Terra,MODIS,100,6.2,293.7,87.1,N,0
-22.8961,148.997,303.6,2.2,1.4,2014-10-14,1220,Terra,MODIS,56,6.2,290,20,N,0
-21.9339,149.4059,306.8,2,1.4,2014-10-14,1220,Terra,MODIS,69,6.2,291.4,22.7,N,0
-21.936,149.386,300.4,2,1.4,2014-10-14,1220,Terra,MODIS,26,6.2,289,11.7,N,0
-21.9214,149.4039,304.5,2,1.4,2014-10-14,1220,Terra,MODIS,49,6.2,290.5,18.5,N,0
-22.7635,149.0355,303,2.2,1.4,2014-10-14,1220,Terra,MODIS,44,6.2,291.8,16.5,N,0
-21.1098,147.8507,306.1,2.6,1.5,2014-10-14,1220,Terra,MODIS,67,6.2,292.7,28.3,N,0
-21.0126,148.0551,309.7,2.5,1.5,2014-10-14,1221,Terra,MODIS,32,6.2,292.3,28.8,N,0
-20.9988,148.0545,312.2,2.5,1.5,2014-10-14,1221,Terra,MODIS,58,6.2,293.1,35.7,N,0
-24.4651,123.6467,313.6,2.6,1.5,2014-10-14,1358,Terra,MODIS,88,6.2,295.3,42.1,N,0
-24.4792,123.648,319.8,2.6,1.5,2014-10-14,1358,Terra,MODIS,99,6.2,295.8,64.4,N,0
-24.4721,123.6267,312.3,2.6,1.6,2014-10-14,1358,Terra,MODIS,85,6.2,295,36.4,N,0
-24.4698,123.6525,322.6,2.6,1.5,2014-10-14,1358,Terra,MODIS,100,6.2,295.7,74.1,N,0
-21.7911,127.5972,313.7,1.3,1.1,2014-10-14,1359,Terra,MODIS,88,6.2,293.8,16.2,N,0
-23.1235,123.3573,318.5,2.6,1.6,2014-10-14,1359,Terra,MODIS,97,6.2,292.4,63.6,N,0
-21.7916,127.6035,308.1,1.3,1.1,2014-10-14,1359,Terra,MODIS,74,6.2,293.9,10.4,N,0
-21.7932,127.5911,312.3,1.3,1.1,2014-10-14,1359,Terra,MODIS,85,6.2,293.7,14.8,N,0
-23.9053,124.7439,305.3,2.1,1.4,2014-10-14,1359,Terra,MODIS,38,6.2,294.1,12.3,N,0
-23.4977,123.5829,305.2,2.5,1.5,2014-10-14,1359,Terra,MODIS,47,6.2,292.4,23.6,N,0
-23.4922,123.5756,305.6,2.5,1.5,2014-10-14,1359,Terra,MODIS,65,6.2,292.5,24.7,N,0
-23.1211,123.3828,320.9,2.6,1.6,2014-10-14,1359,Terra,MODIS,100,6.2,293.7,72.9,N,0
-21.8012,127.5987,317.7,1.3,1.1,2014-10-14,1359,Terra,MODIS,95,6.2,294,21,N,0
-20.8429,122.5004,326.7,2.8,1.6,2014-10-14,1359,Terra,MODIS,0,6.2,285.3,96.5,N,0
-20.8139,122.4971,329.8,2.8,1.6,2014-10-14,1359,Terra,MODIS,36,6.2,276.8,121.7,N,0
-20.8403,122.5276,384.5,2.8,1.6,2014-10-14,1359,Terra,MODIS,100,6.2,288.8,761,N,0
-20.8548,122.5293,326.8,2.8,1.6,2014-10-14,1359,Terra,MODIS,56,6.2,290.6,102.2,N,0
-21.4974,121.6156,305.6,3.4,1.7,2014-10-14,1359,Terra,MODIS,26,6.2,294.4,29.1,N,0
-20.8284,122.4988,351.9,2.8,1.6,2014-10-14,1359,Terra,MODIS,66,6.2,282.5,284.3,N,0
-20.8123,122.4916,325.8,2.8,1.6,2014-10-14,1359,Terra,MODIS,55,6.2,273,106.5,N,0
-21.469,121.58,306.9,3.4,1.7,2014-10-14,1359,Terra,MODIS,21,6.2,294.5,32.1,N,0
-20.8258,122.526,371.7,2.8,1.6,2014-10-14,1359,Terra,MODIS,100,6.2,280,531,N,0
-20.8268,122.4933,329.3,2.8,1.6,2014-10-14,1359,Terra,MODIS,0,6.2,278.1,114.5,N,0
-20.824,122.5205,369.4,2.8,1.6,2014-10-14,1359,Terra,MODIS,100,6.2,283.3,503.9,N,0
-21.4748,121.5146,321.9,3.4,1.7,2014-10-14,1359,Terra,MODIS,100,6.2,295,108.1,N,0
-21.4648,121.5088,311.3,3.4,1.7,2014-10-14,1359,Terra,MODIS,71,6.2,294.2,52.1,N,0
-23.9245,124.6826,307.5,2.1,1.4,2014-10-14,1359,Terra,MODIS,14,6.2,295,17.6,N,0
-23.9235,124.6889,309.5,2.1,1.4,2014-10-14,1359,Terra,MODIS,19,6.2,295.1,19.3,N,0
-16.4924,128.7756,312.3,1,1,2014-10-14,1400,Terra,MODIS,79,6.2,295.7,8.8,N,0
-16.9696,123.1729,316.6,2.2,1.4,2014-10-14,1400,Terra,MODIS,93,6.2,286.8,43.1,N,0
-16.9672,123.1937,328.5,2.2,1.4,2014-10-14,1400,Terra,MODIS,100,6.2,290.6,82.9,N,0
-17.1733,130.4598,302.6,1,1,2014-10-14,1400,Terra,MODIS,44,6.2,292.5,3.3,N,0
-17.2579,130.3835,314.4,1,1,2014-10-14,1400,Terra,MODIS,89,6.2,294,11.8,N,0
-18.0617,132.4636,335.3,1.1,1.1,2014-10-14,1400,Terra,MODIS,100,6.2,292.8,42,N,0
-18.063,132.5188,318.8,1.1,1.1,2014-10-14,1400,Terra,MODIS,94,6.2,291.5,19.8,N,0
-18.6786,132.0414,303.8,1.1,1,2014-10-14,1400,Terra,MODIS,57,6.2,289.9,6.8,N,0
-18.677,132.0516,302.9,1.1,1,2014-10-14,1400,Terra,MODIS,52,6.2,290.1,6.4,N,0
-18.0514,132.2775,308.4,1.1,1.1,2014-10-14,1400,Terra,MODIS,60,6.2,292,8.6,N,0
-18.1154,132.7117,304.4,1.2,1.1,2014-10-14,1400,Terra,MODIS,39,6.2,290.9,6.4,N,0
-18.0944,132.7194,303.9,1.2,1.1,2014-10-14,1400,Terra,MODIS,24,6.2,291.4,6.3,N,0
-18.0939,132.3171,328.8,1.1,1.1,2014-10-14,1400,Terra,MODIS,100,6.2,292.8,31.1,N,0
-18.0955,132.3066,309.2,1.1,1.1,2014-10-14,1400,Terra,MODIS,57,6.2,292.1,9.2,N,0
-17.9028,132.4517,300.4,1.1,1.1,2014-10-14,1400,Terra,MODIS,17,6.2,290,4.4,N,0
-17.9045,132.4411,304.6,1.1,1.1,2014-10-14,1400,Terra,MODIS,61,6.2,290.3,7.2,N,0
-17.8999,132.4454,308.3,1.1,1.1,2014-10-14,1400,Terra,MODIS,74,6.2,290.6,10.9,N,0
-18.102,132.3567,309.8,1.1,1.1,2014-10-14,1400,Terra,MODIS,78,6.2,290.7,10.6,N,0
-18.1037,132.3462,305,1.1,1.1,2014-10-14,1400,Terra,MODIS,63,6.2,291.1,6.9,N,0
-18.0646,132.5081,322.7,1.1,1.1,2014-10-14,1400,Terra,MODIS,100,6.2,292.9,24.3,N,0
-18.0387,132.2968,308.4,1.1,1.1,2014-10-14,1400,Terra,MODIS,44,6.2,291.1,8.7,N,0
-18.0452,132.2549,316.1,1.1,1.1,2014-10-14,1400,Terra,MODIS,93,6.2,292.8,14.9,N,0
-18.0712,132.4652,316.2,1.1,1.1,2014-10-14,1400,Terra,MODIS,67,6.2,291.6,17.7,N,0
-18.0567,132.4957,319.6,1.1,1.1,2014-10-14,1400,Terra,MODIS,95,6.2,291.2,19.6,N,0
-18.0584,132.485,354,1.1,1.1,2014-10-14,1400,Terra,MODIS,100,6.2,294.2,84.7,N,0
-18.06,132.4743,323,1.1,1.1,2014-10-14,1400,Terra,MODIS,100,6.2,292,23,N,0
-18.0325,132.2742,328.3,1.1,1.1,2014-10-14,1400,Terra,MODIS,100,6.2,292,29.3,N,0
-18.0633,132.453,365.2,1.1,1.1,2014-10-14,1400,Terra,MODIS,100,6.2,297.5,120.7,N,0
-18.0358,132.2533,424.2,1.1,1.1,2014-10-14,1400,Terra,MODIS,100,6.2,305.7,503.4,N,0
-18.0649,132.4423,329.9,1.1,1.1,2014-10-14,1400,Terra,MODIS,100,6.2,291.8,34.1,N,0
-18.0551,132.5064,344.4,1.1,1.1,2014-10-14,1400,Terra,MODIS,100,6.2,289.8,61.9,N,0
-18.0374,132.2428,348.3,1.1,1.1,2014-10-14,1400,Terra,MODIS,100,6.2,294.1,67.4,N,0
-18.0436,132.2654,364.2,1.1,1.1,2014-10-14,1400,Terra,MODIS,100,6.2,297.2,113.1,N,0
-18.042,132.2758,335.1,1.1,1.1,2014-10-14,1400,Terra,MODIS,100,6.2,294.6,39.9,N,0
-18.0404,132.2863,320.3,1.1,1.1,2014-10-14,1400,Terra,MODIS,100,6.2,292.3,19.7,N,0
-18.0971,132.2961,303.9,1.1,1.1,2014-10-14,1400,Terra,MODIS,46,6.2,292.2,6.1,N,0
-18.0342,132.2637,344.5,1.1,1.1,2014-10-14,1400,Terra,MODIS,100,6.2,294.7,58.4,N,0
-18.0606,132.3438,302.4,1.1,1.1,2014-10-14,1400,Terra,MODIS,12,6.2,290.2,5.3,N,0
-18.7707,128.076,309.2,1.1,1.1,2014-10-14,1400,Terra,MODIS,76,6.2,295.3,8.1,N,0
-18.7721,128.0653,311.9,1.1,1.1,2014-10-14,1400,Terra,MODIS,83,6.2,295.2,10.4,N,0
-18.7735,128.0547,308.1,1.1,1.1,2014-10-14,1400,Terra,MODIS,72,6.2,295,7.4,N,0
-18.7749,128.044,308.8,1.1,1.1,2014-10-14,1400,Terra,MODIS,75,6.2,295.3,8.4,N,0
-18.7763,128.0334,311.9,1.1,1.1,2014-10-14,1400,Terra,MODIS,83,6.2,295.6,10.8,N,0
-18.7777,128.0227,314.8,1.1,1.1,2014-10-14,1400,Terra,MODIS,90,6.2,295.6,13.5,N,0
-18.7791,128.012,312,1.1,1.1,2014-10-14,1400,Terra,MODIS,83,6.2,295.7,11,N,0
-18.7805,128.0013,315.1,1.1,1.1,2014-10-14,1400,Terra,MODIS,90,6.2,296,14.2,N,0
-16.8198,130.6749,311.5,1,1,2014-10-14,1400,Terra,MODIS,83,6.2,294.6,8.6,N,0
-16.8212,130.6653,333.7,1,1,2014-10-14,1400,Terra,MODIS,100,6.2,295.5,32,N,0
-16.8225,130.6559,321.8,1,1,2014-10-14,1400,Terra,MODIS,100,6.2,295.3,17.4,N,0
-16.8121,130.6639,318.9,1,1,2014-10-14,1400,Terra,MODIS,98,6.2,294.6,14.8,N,0
-16.8135,130.6544,335.9,1,1,2014-10-14,1400,Terra,MODIS,100,6.2,295.7,35.9,N,0
-16.7773,130.6521,304.9,1,1,2014-10-14,1400,Terra,MODIS,62,6.2,294.5,4.3,N,0
-17.3007,131.0939,304.2,1,1,2014-10-14,1400,Terra,MODIS,59,6.2,292.6,4.4,N,0
-16.7393,127.1917,370.4,1.2,1.1,2014-10-14,1400,Terra,MODIS,100,6.2,301.3,145.4,N,0
-17.1299,123.2462,309.3,2.2,1.4,2014-10-14,1400,Terra,MODIS,77,6.2,296.2,22.6,N,0
-16.5501,128.2188,309.4,1.1,1,2014-10-14,1400,Terra,MODIS,57,6.2,296,5.7,N,0
-16.5408,128.2174,309.6,1.1,1,2014-10-14,1400,Terra,MODIS,20,6.2,296.2,5.6,N,0
-17.1666,123.2717,306.7,2.2,1.4,2014-10-14,1400,Terra,MODIS,68,6.2,294.4,16.5,N,0
-17.1749,123.3144,313.8,2.2,1.4,2014-10-14,1400,Terra,MODIS,88,6.2,295.8,30.4,N,0
-17.1756,123.3003,309.2,2.2,1.4,2014-10-14,1400,Terra,MODIS,24,6.2,295.2,18.7,N,0
-17.1734,123.3207,315,2.2,1.4,2014-10-14,1400,Terra,MODIS,79,6.2,295.6,31,N,0
-17.0522,128.2279,326,1.1,1,2014-10-14,1400,Terra,MODIS,100,6.2,297.4,22.4,N,0
-17.0535,128.2178,331.2,1.1,1,2014-10-14,1400,Terra,MODIS,100,6.2,297.4,29.8,N,0
-17.0429,128.2265,311.3,1.1,1,2014-10-14,1400,Terra,MODIS,80,6.2,295.9,7.5,N,0
-17.0442,128.2165,311.1,1.1,1,2014-10-14,1400,Terra,MODIS,80,6.2,296.1,7.2,N,0
-16.7105,129.7756,314.4,1,1,2014-10-14,1400,Terra,MODIS,88,6.2,296.6,9.4,N,0
-16.7118,129.7662,334.6,1,1,2014-10-14,1400,Terra,MODIS,100,6.2,298.2,31.6,N,0
-16.7131,129.7569,344.6,1,1,2014-10-14,1400,Terra,MODIS,100,6.2,299.5,47.9,N,0
-16.7144,129.7476,318.1,1,1,2014-10-14,1400,Terra,MODIS,96,6.2,296.9,12.5,N,0
-16.7028,129.7648,315.2,1,1,2014-10-14,1400,Terra,MODIS,90,6.2,296.6,9.9,N,0
-16.7041,129.7555,335,1,1,2014-10-14,1400,Terra,MODIS,100,6.2,298.4,32.1,N,0
-17.2224,130.3106,308,1,1,2014-10-14,1400,Terra,MODIS,69,6.2,292.9,6.1,N,0
-17.2093,130.3373,312.6,1,1,2014-10-14,1400,Terra,MODIS,85,6.2,292.3,10.4,N,0
-17.2107,130.3279,306.3,1,1,2014-10-14,1400,Terra,MODIS,51,6.2,291.5,5.4,N,0
-17.2134,130.3092,312.5,1,1,2014-10-14,1400,Terra,MODIS,82,6.2,292,9.1,N,0
-17.2148,130.2998,360.4,1,1,2014-10-14,1400,Terra,MODIS,100,6.2,295.9,85.8,N,0
-17.2161,130.2904,351.9,1,1,2014-10-14,1400,Terra,MODIS,100,6.2,295.9,64.9,N,0
-17.2031,130.2531,304.4,1,1,2014-10-14,1400,Terra,MODIS,48,6.2,292.1,4.5,N,0
-17.2044,130.2437,303.1,1,1,2014-10-14,1400,Terra,MODIS,50,6.2,292.3,3.8,N,0
-16.7055,129.7462,350.3,1,1,2014-10-14,1400,Terra,MODIS,100,6.2,298.9,59.6,N,0
-16.7379,127.2028,308.5,1.2,1.1,2014-10-14,1400,Terra,MODIS,72,6.2,296.6,6.3,N,0
-16.7407,127.1806,340.9,1.2,1.1,2014-10-14,1400,Terra,MODIS,100,6.2,297.9,52.7,N,0
-16.7421,127.1696,311.6,1.2,1.1,2014-10-14,1400,Terra,MODIS,54,6.2,296.3,9.1,N,0
-16.731,127.1793,311.3,1.2,1.1,2014-10-14,1400,Terra,MODIS,18,6.2,296.5,7.3,N,0
-16.6324,127.0627,306,1.2,1.1,2014-10-14,1400,Terra,MODIS,36,6.2,295.3,5.9,N,0
-16.5341,128.2672,310.8,1.1,1,2014-10-14,1400,Terra,MODIS,75,6.2,297.1,7,N,0
-16.7068,129.7368,348.2,1,1,2014-10-14,1400,Terra,MODIS,100,6.2,297.8,55.9,N,0
-16.6951,129.7541,323,1,1,2014-10-14,1400,Terra,MODIS,100,6.2,296.6,17.8,N,0
-16.943,124.5822,307.1,1.7,1.3,2014-10-14,1400,Terra,MODIS,69,6.2,296.6,9.9,N,0
-16.6965,129.7448,331.4,1,1,2014-10-14,1400,Terra,MODIS,100,6.2,296.3,27.8,N,0
-16.6978,129.7354,316.7,1,1,2014-10-14,1400,Terra,MODIS,93,6.2,295.5,12.2,N,0
-17.3003,124.3736,323,1.8,1.3,2014-10-14,1400,Terra,MODIS,100,6.2,297.8,43.6,N,0
-16.7787,130.6426,313,1,1,2014-10-14,1400,Terra,MODIS,86,6.2,294.7,9.9,N,0
-16.8149,130.645,309,1,1,2014-10-14,1400,Terra,MODIS,76,6.2,294,7,N,0
-17.6007,123.8042,339.7,2,1.4,2014-10-14,1400,Terra,MODIS,100,6.2,298.3,115,N,0
-17.6028,123.785,389,2,1.4,2014-10-14,1400,Terra,MODIS,100,6.2,304.7,543.5,N,0
-17.605,123.7656,322.5,2.1,1.4,2014-10-14,1400,Terra,MODIS,100,6.2,297.8,50.2,N,0
-17.5994,123.7983,359.6,2,1.4,2014-10-14,1400,Terra,MODIS,100,6.2,300.6,233.9,N,0
-17.6017,123.7791,362.9,2,1.4,2014-10-14,1400,Terra,MODIS,100,6.2,301.9,261,N,0
-17.6154,123.7865,335.2,2,1.4,2014-10-14,1400,Terra,MODIS,100,6.2,298.8,95.3,N,0
-17.6175,123.7672,322.1,2.1,1.4,2014-10-14,1400,Terra,MODIS,100,6.2,298.4,49.1,N,0
-17.1615,130.4772,305.9,1,1,2014-10-14,1400,Terra,MODIS,66,6.2,293.5,5.1,N,0
-16.5262,128.2558,310.7,1.1,1,2014-10-14,1400,Terra,MODIS,74,6.2,296.7,6.8,N,0
-16.5248,128.2659,323,1.1,1,2014-10-14,1400,Terra,MODIS,100,6.2,297.6,18.6,N,0
-17.0549,128.2078,307.1,1.1,1,2014-10-14,1400,Terra,MODIS,66,6.2,296.4,4.3,N,0
-17.3588,128.5556,306.5,1.1,1,2014-10-14,1400,Terra,MODIS,58,6.2,295.4,5.5,N,0
-17.3574,128.5655,346,1.1,1,2014-10-14,1400,Terra,MODIS,100,6.2,298.1,56.4,N,0
-17.356,128.5755,323.8,1,1,2014-10-14,1400,Terra,MODIS,100,6.2,296.1,21,N,0
-17.365,128.5625,307.2,1.1,1,2014-10-14,1400,Terra,MODIS,55,6.2,295.8,5.1,N,0
-17.3637,128.5725,328.6,1.1,1,2014-10-14,1400,Terra,MODIS,100,6.2,296.3,26.4,N,0
-17.3023,124.3564,308.4,1.8,1.3,2014-10-14,1400,Terra,MODIS,69,6.2,297.3,13.3,N,0
-17.2924,124.3377,315.2,1.8,1.3,2014-10-14,1400,Terra,MODIS,90,6.2,297.7,24.4,N,0
-17.2944,124.3204,321,1.8,1.3,2014-10-14,1400,Terra,MODIS,100,6.2,297.4,38,N,0
-17.1725,123.3347,307.1,2.2,1.4,2014-10-14,1400,Terra,MODIS,28,6.2,295.5,14.1,N,0
-17.2744,124.2826,312.6,1.9,1.3,2014-10-14,1400,Terra,MODIS,83,6.2,297.2,19.8,N,0
-17.2643,124.2636,312.1,1.9,1.3,2014-10-14,1400,Terra,MODIS,82,6.2,296.9,19.2,N,0
-17.2694,124.2756,316.1,1.9,1.3,2014-10-14,1400,Terra,MODIS,92,6.2,297.3,25.9,N,0
-17.2594,124.2567,308.1,1.9,1.3,2014-10-14,1400,Terra,MODIS,65,6.2,296.7,12.4,N,0
-13.0167,130.25,307.2,1,1,2014-10-14,1401,Terra,MODIS,71,6.2,292.1,7,N,0
-15.5874,125.4359,317.4,1.5,1.2,2014-10-14,1401,Terra,MODIS,92,6.2,296.9,17.6,N,0
-15.9504,126.051,315.2,1.3,1.1,2014-10-14,1401,Terra,MODIS,27,6.2,295.7,18.4,N,0
-12.9354,130.368,324.5,1.1,1,2014-10-14,1401,Terra,MODIS,100,6.2,288.2,23.5,N,0
-12.934,130.3776,330.5,1.1,1,2014-10-14,1401,Terra,MODIS,100,6.2,291.8,30.9,N,0
-15.5783,125.4208,309.9,1.5,1.2,2014-10-14,1401,Terra,MODIS,40,6.2,296.9,8.4,N,0
-15.5799,125.4078,320.1,1.5,1.2,2014-10-14,1401,Terra,MODIS,100,6.2,297.4,22.8,N,0
-15.5891,125.4221,314,1.5,1.2,2014-10-14,1401,Terra,MODIS,63,6.2,296.9,12.5,N,0
-15.5907,125.4092,317.7,1.5,1.2,2014-10-14,1401,Terra,MODIS,95,6.2,297.3,18,N,0
-14.7835,125.7098,307.3,1.4,1.2,2014-10-14,1401,Terra,MODIS,46,6.2,295.2,5.9,N,0
-15.5768,125.4016,310.7,1.5,1.2,2014-10-14,1401,Terra,MODIS,62,6.2,296.6,9.5,N,0
-15.5751,125.4147,315.6,1.5,1.2,2014-10-14,1401,Terra,MODIS,92,6.2,297,16.6,N,0
-15.6163,125.4669,315.6,1.4,1.2,2014-10-14,1401,Terra,MODIS,92,6.2,296.9,15.6,N,0
-15.6056,125.4654,311.6,1.4,1.2,2014-10-14,1401,Terra,MODIS,60,6.2,296.9,10.1,N,0
-15.5965,125.4508,314.3,1.5,1.2,2014-10-14,1401,Terra,MODIS,73,6.2,296.8,13.1,N,0
-15.6014,125.4106,310.9,1.5,1.2,2014-10-14,1401,Terra,MODIS,29,6.2,297.1,8.3,N,0
-15.5923,125.3957,323.3,1.5,1.2,2014-10-14,1401,Terra,MODIS,100,6.2,296.9,27.7,N,0
-15.957,126.0582,314.9,1.3,1.1,2014-10-14,1401,Terra,MODIS,59,6.2,295.8,18.2,N,0
-15.9467,126.0567,310.8,1.3,1.1,2014-10-14,1401,Terra,MODIS,52,6.2,295.6,12.1,N,0
-12.9417,130.3886,306.8,1.1,1,2014-10-14,1401,Terra,MODIS,25,6.2,290.4,7.9,N,0
-12.9446,130.3694,302.8,1.1,1,2014-10-14,1401,Terra,MODIS,8,6.2,287.8,4.7,N,0
-12.9325,130.3872,321,1.1,1,2014-10-14,1401,Terra,MODIS,93,6.2,291.6,19.3,N,0
-13.0012,130.3551,303,1,1,2014-10-14,1401,Terra,MODIS,16,6.2,290.8,4.9,N,0
-12.9736,130.3508,310.7,1,1,2014-10-14,1401,Terra,MODIS,81,6.2,292.2,9.5,N,0
-15.9488,126.0635,311,1.3,1.1,2014-10-14,1401,Terra,MODIS,19,6.2,295.7,12.7,N,0
-14.8222,125.7079,308.3,1.4,1.2,2014-10-14,1401,Terra,MODIS,32,6.2,295.4,7.2,N,0
-14.7923,125.724,308.3,1.4,1.2,2014-10-14,1401,Terra,MODIS,18,6.2,294.7,6.8,N,0
-14.7939,125.7112,311.6,1.4,1.2,2014-10-14,1401,Terra,MODIS,83,6.2,295.1,10,N,0
-14.808,125.8213,310.5,1.3,1.1,2014-10-14,1401,Terra,MODIS,80,6.2,293.9,12,N,0
-15.5265,125.6249,307.9,1.4,1.2,2014-10-14,1401,Terra,MODIS,68,6.2,295.5,8.7,N,0
-15.516,125.6233,310.1,1.4,1.2,2014-10-14,1401,Terra,MODIS,60,6.2,295.6,10.6,N,0
-15.5176,125.6105,335.6,1.4,1.2,2014-10-14,1401,Terra,MODIS,100,6.2,296,55.6,N,0
-15.507,125.609,308.6,1.4,1.2,2014-10-14,1401,Terra,MODIS,75,6.2,294.5,9.1,N,0
-15.4737,125.6174,306,1.4,1.2,2014-10-14,1401,Terra,MODIS,60,6.2,295.3,7.1,N,0
-15.5158,125.9285,309.8,1.3,1.2,2014-10-14,1401,Terra,MODIS,73,6.2,295.5,9.7,N,0
-15.48,125.9053,313.2,1.4,1.2,2014-10-14,1401,Terra,MODIS,87,6.2,295.8,13.1,N,0
-15.4817,125.8927,310.9,1.4,1.2,2014-10-14,1401,Terra,MODIS,81,6.2,295.7,10.2,N,0
-15.4713,125.8914,315.1,1.4,1.2,2014-10-14,1401,Terra,MODIS,91,6.2,295.7,15.5,N,0
-15.4609,125.89,313.4,1.4,1.2,2014-10-14,1401,Terra,MODIS,87,6.2,295.7,13.5,N,0
-15.4473,125.9139,332.1,1.3,1.2,2014-10-14,1401,Terra,MODIS,100,6.2,294.9,44.8,N,0
-15.4489,125.9013,334.8,1.4,1.2,2014-10-14,1401,Terra,MODIS,100,6.2,295.2,50.4,N,0
-15.4505,125.8885,311.2,1.4,1.2,2014-10-14,1401,Terra,MODIS,82,6.2,294.9,11,N,0
-15.679,125.523,314.6,1.4,1.2,2014-10-14,1401,Terra,MODIS,83,6.2,297,13.7,N,0
-15.6684,125.5209,309.5,1.4,1.2,2014-10-14,1401,Terra,MODIS,39,6.2,297.3,7.3,N,0
-15.6717,125.4938,312.9,1.4,1.2,2014-10-14,1401,Terra,MODIS,61,6.2,297.7,10.7,N,0
-15.661,125.4925,313.8,1.4,1.2,2014-10-14,1401,Terra,MODIS,87,6.2,297.5,12.4,N,0
-15.6573,125.4862,311.2,1.4,1.2,2014-10-14,1401,Terra,MODIS,40,6.2,297.1,8.9,N,0
-15.5357,125.8542,307.5,1.4,1.2,2014-10-14,1401,Terra,MODIS,70,6.2,295.1,8,N,0
-15.6914,125.5107,317.5,1.4,1.2,2014-10-14,1401,Terra,MODIS,95,6.2,297.5,17.4,N,0
-15.6932,125.4963,316.4,1.4,1.2,2014-10-14,1401,Terra,MODIS,93,6.2,297.9,15.7,N,0
-16.0497,125.8261,313.3,1.4,1.2,2014-10-14,1401,Terra,MODIS,51,6.2,295.5,14.1,N,0
-15.6281,125.372,322.6,1.5,1.2,2014-10-14,1401,Terra,MODIS,100,6.2,298.3,26.1,N,0
-15.6299,125.3578,326.7,1.5,1.2,2014-10-14,1401,Terra,MODIS,100,6.2,298.2,34.1,N,0
-15.6589,125.3891,327.8,1.5,1.2,2014-10-14,1401,Terra,MODIS,100,6.2,298.3,37.2,N,0
-16.0654,125.8339,314.4,1.4,1.2,2014-10-14,1401,Terra,MODIS,89,6.2,295.1,16.7,N,0
-16.0602,125.8275,316.1,1.4,1.2,2014-10-14,1401,Terra,MODIS,93,6.2,295.6,18.4,N,0
-16.0514,125.8129,313,1.4,1.2,2014-10-14,1401,Terra,MODIS,69,6.2,293.8,14.2,N,0
-15.5286,125.9941,305.1,1.3,1.1,2014-10-14,1401,Terra,MODIS,48,6.2,292.1,6.6,N,0
-16.8591,123.1119,314.6,2.2,1.5,2014-10-14,1401,Terra,MODIS,89,6.2,287.4,41.5,N,0
-14.8738,125.8805,306.8,1.3,1.1,2014-10-14,1401,Terra,MODIS,31,6.2,293.6,7.4,N,0
-16.8592,123.1265,305.2,2.2,1.4,2014-10-14,1401,Terra,MODIS,50,6.2,288.6,18.3,N,0
-16.7721,124.1124,319.3,1.9,1.3,2014-10-14,1401,Terra,MODIS,98,6.2,297.4,35.1,N,0
-12.9403,130.3983,307.3,1.1,1,2014-10-14,1401,Terra,MODIS,33,6.2,288.9,9,N,0
-16.7782,124.0595,333.2,1.9,1.3,2014-10-14,1401,Terra,MODIS,100,6.2,296.8,76.1,N,0
-14.8705,125.8863,308,1.3,1.1,2014-10-14,1401,Terra,MODIS,49,6.2,293.8,8.9,N,0
-14.8095,125.8089,309.6,1.3,1.1,2014-10-14,1401,Terra,MODIS,78,6.2,293.9,10.9,N,0
-16.7741,124.0949,399.8,1.9,1.3,2014-10-14,1401,Terra,MODIS,100,6.2,306.5,629.6,N,0
-16.7761,124.0773,402.7,1.9,1.3,2014-10-14,1401,Terra,MODIS,100,6.2,306.2,677.4,N,0
-16.8616,123.1057,309.3,2.2,1.5,2014-10-14,1401,Terra,MODIS,76,6.2,288.1,27.5,N,0
-16.7862,124.0965,306.8,1.9,1.3,2014-10-14,1401,Terra,MODIS,68,6.2,296.7,11.1,N,0
-16.7883,124.0788,314.1,1.9,1.3,2014-10-14,1401,Terra,MODIS,88,6.2,297.2,23.8,N,0
-16.7903,124.061,381,1.9,1.3,2014-10-14,1401,Terra,MODIS,100,6.2,301.1,393.3,N,0
-16.7924,124.043,325.3,1.9,1.3,2014-10-14,1401,Terra,MODIS,100,6.2,296.9,51.7,N,0
-11.7113,130.5553,305,1.1,1,2014-10-14,1402,Terra,MODIS,62,6.2,294.5,5.3,N,0
-11.6665,130.9206,304.2,1.1,1.1,2014-10-14,1402,Terra,MODIS,32,6.2,293.9,4.9,N,0
-14.1905,143.5208,305.5,2.2,1.4,2014-10-14,1526,Aqua,MODIS,64,6.2,291.7,19.5,N,0
-14.194,143.5412,302.7,2.2,1.4,2014-10-14,1526,Aqua,MODIS,51,6.2,291.7,14.2,N,0
-12.3037,142.7993,306.1,2.8,1.6,2014-10-14,1526,Aqua,MODIS,41,6.2,278.5,37,N,0
-15.2023,145.1973,303.1,1.6,1.2,2014-10-14,1526,Aqua,MODIS,53,6.2,291.9,10.7,N,0
-16.8233,142.495,318.9,2.4,1.5,2014-10-14,1527,Aqua,MODIS,98,6.2,296.5,50.3,N,0
-16.8366,142.4924,314.8,2.4,1.5,2014-10-14,1527,Aqua,MODIS,76,6.2,296,36.1,N,0
-16.8499,142.4897,325.8,2.4,1.5,2014-10-14,1527,Aqua,MODIS,100,6.2,296.7,73.1,N,0
-16.8632,142.4871,316.2,2.4,1.5,2014-10-14,1527,Aqua,MODIS,54,6.2,295.5,38.2,N,0
-19.4886,146.5184,306.1,1.2,1.1,2014-10-14,1527,Aqua,MODIS,67,6.2,289.4,9.9,N,0
-16.9192,142.4456,305.6,2.4,1.5,2014-10-14,1527,Aqua,MODIS,17,6.2,294.1,16.2,N,0
-19.4868,146.5076,300.3,1.2,1.1,2014-10-14,1527,Aqua,MODIS,25,6.2,288.7,6,N,0
-21.2093,148.1018,301.8,1,1,2014-10-14,1528,Aqua,MODIS,12,6.2,288.7,5.2,N,0
-21.0553,148.0553,302.1,1,1,2014-10-14,1528,Aqua,MODIS,47,6.2,288.4,5.8,N,0
-21.1059,147.8382,357.4,1,1,2014-10-14,1528,Aqua,MODIS,100,6.2,297.2,81.3,N,0
-21.1044,147.8285,334.7,1,1,2014-10-14,1528,Aqua,MODIS,100,6.2,292.3,36.2,N,0
-21.1217,147.8287,302.8,1,1,2014-10-14,1528,Aqua,MODIS,52,6.2,289.3,6.2,N,0
-21.1503,147.8338,301.6,1,1,2014-10-14,1528,Aqua,MODIS,43,6.2,288.1,6.2,N,0
-21.1126,147.8303,325.7,1,1,2014-10-14,1528,Aqua,MODIS,100,6.2,292,24.9,N,0
-21.1231,147.8384,300.3,1,1,2014-10-14,1528,Aqua,MODIS,20,6.2,288.6,4.9,N,0
-22.7683,149.0125,301.5,1,1,2014-10-14,1528,Aqua,MODIS,40,6.2,288.1,5.8,N,0
-22.897,149.006,307.8,1,1,2014-10-14,1528,Aqua,MODIS,73,6.2,287.2,9.9,N,0
-22.8984,149.0158,302.5,1,1,2014-10-14,1528,Aqua,MODIS,40,6.2,287.4,6.6,N,0
-21.941,149.399,310.1,1,1,2014-10-14,1528,Aqua,MODIS,35,6.2,289.5,9.5,N,0
-21.9151,149.4133,308.2,1,1,2014-10-14,1528,Aqua,MODIS,15,6.2,289.5,8.7,N,0
-21.9319,149.4004,328.7,1,1,2014-10-14,1528,Aqua,MODIS,94,6.2,292.2,27.2,N,0
-22.9221,149.0523,306.3,1,1,2014-10-14,1528,Aqua,MODIS,68,6.2,286.9,9.6,N,0
-22.7621,149.0337,306.8,1,1,2014-10-14,1528,Aqua,MODIS,69,6.2,288.4,8.9,N,0
-21.9333,149.4103,320.7,1,1,2014-10-14,1528,Aqua,MODIS,79,6.2,292.1,18.3,N,0
-21.0983,147.8494,302.1,1,1,2014-10-14,1528,Aqua,MODIS,46,6.2,289.6,5.7,N,0
-21.1074,147.8479,316.2,1,1,2014-10-14,1528,Aqua,MODIS,66,6.2,291.2,14.6,N,0
-21.0968,147.8397,301.8,1,1,2014-10-14,1528,Aqua,MODIS,44,6.2,290.2,5.6,N,0
-21.1141,147.84,313.6,1,1,2014-10-14,1528,Aqua,MODIS,87,6.2,290.9,13.3,N,0
-25.0344,148.5248,303.3,1,1,2014-10-14,1529,Aqua,MODIS,12,6.2,285.2,7.3,N,0
-25.0044,148.5093,317.7,1,1,2014-10-14,1529,Aqua,MODIS,76,6.2,286.8,17.5,N,0
-25.0134,148.5077,331.8,1,1,2014-10-14,1529,Aqua,MODIS,100,6.2,288.2,33,N,0
-31.5367,147.021,307.8,1,1,2014-10-14,1531,Aqua,MODIS,73,6.2,281.7,11.7,N,0
-32.6455,116.2874,307.1,2.1,1.4,2014-10-14,1534,Terra,MODIS,70,6.2,287.6,26,N,0
-32.6411,116.3091,306.1,2.1,1.4,2014-10-14,1534,Terra,MODIS,67,6.2,286.8,23.6,N,0
-32.6331,116.2838,314.6,2.1,1.4,2014-10-14,1534,Terra,MODIS,32,6.2,288.8,37.4,N,0
-22.4613,117.5265,305,4.3,1.9,2014-10-14,1537,Terra,MODIS,39,6.2,291.8,44.8,N,0
-16.4926,128.7779,310.9,1.4,1.2,2014-10-14,1705,Aqua,MODIS,81,6.2,294.5,12.5,N,0
-14.8739,125.8955,307.2,1,1,2014-10-14,1705,Aqua,MODIS,71,6.2,292.8,6.6,N,0
-16.5262,128.2612,310.7,1.3,1.1,2014-10-14,1705,Aqua,MODIS,66,6.2,296,9.2,N,0
-16.5277,128.2728,309.6,1.3,1.1,2014-10-14,1705,Aqua,MODIS,60,6.2,295.8,8.7,N,0
-16.5293,128.2845,321.7,1.3,1.1,2014-10-14,1705,Aqua,MODIS,100,6.2,295.9,23.9,N,0
-14.7675,125.7286,306.2,1,1,2014-10-14,1705,Aqua,MODIS,65,6.2,293.3,4.6,N,0
-16.5199,128.2142,320.3,1.3,1.1,2014-10-14,1705,Aqua,MODIS,100,6.2,295.8,21.5,N,0
-16.7089,129.7597,310.9,1.6,1.3,2014-10-14,1705,Aqua,MODIS,46,6.2,293.1,14.9,N,0
-16.5114,128.2274,309.8,1.3,1.1,2014-10-14,1705,Aqua,MODIS,78,6.2,295.5,9.4,N,0
-16.6976,129.7611,310.7,1.6,1.3,2014-10-14,1705,Aqua,MODIS,46,6.2,293,14.5,N,0
-15.9133,126.0848,304.6,1,1,2014-10-14,1705,Aqua,MODIS,55,6.2,293.9,4.2,N,0
-15.4381,125.9166,309.9,1,1,2014-10-14,1705,Aqua,MODIS,56,6.2,293.5,7.2,N,0
-16.5176,128.2745,322.4,1.3,1.1,2014-10-14,1705,Aqua,MODIS,100,6.2,296.9,25,N,0
-16.6844,129.7476,312.3,1.6,1.2,2014-10-14,1705,Aqua,MODIS,47,6.2,293,17.5,N,0
-15.5937,125.3991,317,1,1,2014-10-14,1705,Aqua,MODIS,92,6.2,292.2,13.8,N,0
-16.6964,126.8164,303.6,1.1,1,2014-10-14,1705,Aqua,MODIS,32,6.2,293.4,5,N,0
-16.6392,127.0622,306.3,1.1,1.1,2014-10-14,1705,Aqua,MODIS,50,6.2,293.9,6.8,N,0
-15.5799,125.4353,314.8,1,1,2014-10-14,1705,Aqua,MODIS,59,6.2,295.2,9.2,N,0
-16.5098,128.2156,315.9,1.3,1.1,2014-10-14,1705,Aqua,MODIS,92,6.2,295.7,16.4,N,0
-16.5246,128.2497,318.1,1.3,1.1,2014-10-14,1705,Aqua,MODIS,96,6.2,296,17.3,N,0
-14.2466,126.9651,320.9,1.1,1,2014-10-14,1705,Aqua,MODIS,100,6.2,295,19,N,0
-15.4368,125.9072,309.4,1,1,2014-10-14,1705,Aqua,MODIS,53,6.2,293.7,6.6,N,0
-15.4784,125.6188,307.4,1,1,2014-10-14,1705,Aqua,MODIS,71,6.2,295.1,5.4,N,0
-15.5054,125.6146,307,1,1,2014-10-14,1705,Aqua,MODIS,20,6.2,294.6,4.5,N,0
-15.5131,125.604,333.6,1,1,2014-10-14,1705,Aqua,MODIS,100,6.2,295.5,31.2,N,0
-15.5144,125.6133,314.4,1,1,2014-10-14,1705,Aqua,MODIS,85,6.2,295.5,10,N,0
-15.5221,125.6026,308,1,1,2014-10-14,1705,Aqua,MODIS,32,6.2,294.6,6,N,0
-15.5152,125.9376,306.4,1,1,2014-10-14,1705,Aqua,MODIS,68,6.2,295.3,5.1,N,0
-15.6625,125.493,310.3,1,1,2014-10-14,1705,Aqua,MODIS,79,6.2,297.6,5.7,N,0
-15.6666,125.5209,323.1,1,1,2014-10-14,1705,Aqua,MODIS,100,6.2,297.5,16.4,N,0
-15.668,125.5302,317.2,1,1,2014-10-14,1705,Aqua,MODIS,95,6.2,297.5,10.9,N,0
-15.6715,125.4916,309.1,1,1,2014-10-14,1705,Aqua,MODIS,75,6.2,297.6,4.8,N,0
-16.0173,125.8498,342.2,1,1,2014-10-14,1705,Aqua,MODIS,100,6.2,294.3,46.3,N,0
-16.0186,125.8592,305.6,1,1,2014-10-14,1705,Aqua,MODIS,29,6.2,293.5,4.7,N,0
-16.0256,125.8426,305.9,1,1,2014-10-14,1705,Aqua,MODIS,57,6.2,293.7,5.1,N,0
-16.05,125.8196,306.8,1,1,2014-10-14,1705,Aqua,MODIS,60,6.2,293,5.8,N,0
-15.6566,125.3895,308.8,1,1,2014-10-14,1705,Aqua,MODIS,53,6.2,297.9,4.3,N,0
-16.0514,125.829,313.6,1,1,2014-10-14,1705,Aqua,MODIS,87,6.2,295.1,10,N,0
-16.0604,125.8277,311.1,1,1,2014-10-14,1705,Aqua,MODIS,48,6.2,294.5,7.9,N,0
-16.0618,125.8371,320.2,1,1,2014-10-14,1705,Aqua,MODIS,100,6.2,295.4,15.8,N,0
-16.0695,125.8263,306.4,1,1,2014-10-14,1705,Aqua,MODIS,11,6.2,294.2,5.1,N,0
-16.0708,125.8357,324.4,1,1,2014-10-14,1705,Aqua,MODIS,100,6.2,295,20.5,N,0
-15.5065,126.0061,307.6,1,1,2014-10-14,1705,Aqua,MODIS,42,6.2,292.5,6.2,N,0
-15.5156,126.0048,308.1,1,1,2014-10-14,1705,Aqua,MODIS,32,6.2,293.4,6.2,N,0
-16.8068,130.6571,304.3,1.9,1.3,2014-10-14,1705,Aqua,MODIS,34,6.2,291.5,11.5,N,0
-16.8189,130.6556,308.7,1.9,1.3,2014-10-14,1705,Aqua,MODIS,75,6.2,292.3,19,N,0
-16.8211,130.6731,303.5,1.9,1.3,2014-10-14,1705,Aqua,MODIS,52,6.2,291.7,10.7,N,0
-18.7774,128.0471,364,1.3,1.1,2014-10-14,1706,Aqua,MODIS,100,6.2,298,145.3,N,0
-18.779,128.0596,350.1,1.3,1.1,2014-10-14,1706,Aqua,MODIS,100,6.2,297.2,92.7,N,0
-18.7828,128.0081,306.1,1.3,1.1,2014-10-14,1706,Aqua,MODIS,58,6.2,293.7,8.9,N,0
-18.7845,128.0206,328.2,1.3,1.1,2014-10-14,1706,Aqua,MODIS,100,6.2,295.4,37.9,N,0
-18.7861,128.0331,319.4,1.3,1.1,2014-10-14,1706,Aqua,MODIS,99,6.2,293.9,22.6,N,0
-18.7877,128.0457,378.4,1.3,1.1,2014-10-14,1706,Aqua,MODIS,100,6.2,298.4,218.8,N,0
-18.7893,128.0582,320.4,1.3,1.1,2014-10-14,1706,Aqua,MODIS,27,6.2,293.3,24.3,N,0
-18.7915,127.9942,333.7,1.3,1.1,2014-10-14,1706,Aqua,MODIS,100,6.2,294,49.2,N,0
-18.7931,128.0067,375.8,1.3,1.1,2014-10-14,1706,Aqua,MODIS,100,6.2,299.9,203.4,N,0
-18.7947,128.0192,329.3,1.3,1.1,2014-10-14,1706,Aqua,MODIS,100,6.2,294.5,38.9,N,0
-18.7893,128.0005,329.7,1.3,1.1,2014-10-14,1706,Aqua,MODIS,100,6.2,295,40.6,N,0
-18.7908,128.013,346.7,1.3,1.1,2014-10-14,1706,Aqua,MODIS,100,6.2,298.5,81.2,N,0
-18.7924,128.0256,313.6,1.3,1.1,2014-10-14,1706,Aqua,MODIS,87,6.2,294.2,15.8,N,0
-18.7995,127.9991,355.9,1.3,1.1,2014-10-14,1706,Aqua,MODIS,100,6.2,295.7,112.9,N,0
-18.8011,128.0116,327.9,1.3,1.1,2014-10-14,1706,Aqua,MODIS,100,6.2,294.5,38.1,N,0
-18.598,124.9981,312.6,1,1,2014-10-14,1706,Aqua,MODIS,85,6.2,298,8.7,N,0
-18.5994,125.0076,313.4,1,1,2014-10-14,1706,Aqua,MODIS,87,6.2,299.1,9.3,N,0
-18.6084,125.0062,313.5,1,1,2014-10-14,1706,Aqua,MODIS,87,6.2,298.8,9.2,N,0
-19.5552,125.1983,345.1,1,1,2014-10-14,1706,Aqua,MODIS,100,6.2,299.4,52.2,N,0
-19.5566,125.208,401,1,1,2014-10-14,1706,Aqua,MODIS,100,6.2,309.8,265.3,N,0
-19.558,125.2177,381.3,1,1,2014-10-14,1706,Aqua,MODIS,100,6.2,311.6,161.7,N,0
-19.5593,125.2274,336.2,1,1,2014-10-14,1706,Aqua,MODIS,100,6.2,303.1,36,N,0
-19.5607,125.2371,349,1,1,2014-10-14,1706,Aqua,MODIS,100,6.2,301.7,59.5,N,0
-19.5621,125.2468,311.4,1,1,2014-10-14,1706,Aqua,MODIS,66,6.2,297.5,8.3,N,0
-19.5643,125.1969,341.6,1,1,2014-10-14,1706,Aqua,MODIS,100,6.2,299.3,45.6,N,0
-19.5657,125.2066,341.3,1,1,2014-10-14,1706,Aqua,MODIS,100,6.2,303.4,44.9,N,0
-19.5671,125.2163,320.2,1,1,2014-10-14,1706,Aqua,MODIS,100,6.2,301.3,16.2,N,0
-19.5684,125.226,315.4,1,1,2014-10-14,1706,Aqua,MODIS,91,6.2,298.7,11.5,N,0
-16.7645,124.107,314.8,1,1,2014-10-14,1706,Aqua,MODIS,89,6.2,296.4,11.6,N,0
-16.9623,123.1746,349.4,1.1,1,2014-10-14,1706,Aqua,MODIS,100,6.2,297.5,66.3,N,0
-16.9562,123.1961,324.3,1.1,1,2014-10-14,1706,Aqua,MODIS,100,6.2,289.5,22.7,N,0
-16.9546,123.1861,359.5,1.1,1,2014-10-14,1706,Aqua,MODIS,100,6.2,298.3,91.3,N,0
-17.2457,124.2497,327.3,1,1,2014-10-14,1706,Aqua,MODIS,100,6.2,296.8,23.5,N,0
-16.9531,123.1761,341.2,1.1,1,2014-10-14,1706,Aqua,MODIS,100,6.2,296.7,48.7,N,0
-16.7707,124.0866,317.8,1,1,2014-10-14,1706,Aqua,MODIS,95,6.2,296.5,14.5,N,0
-16.9701,123.163,312.6,1.1,1,2014-10-14,1706,Aqua,MODIS,69,6.2,291.9,11.8,N,0
-16.9608,123.1645,321,1.1,1,2014-10-14,1706,Aqua,MODIS,92,6.2,294.9,20,N,0
-16.7631,124.0975,334.3,1,1,2014-10-14,1706,Aqua,MODIS,100,6.2,297.5,33.6,N,0
-16.7721,124.0961,307.2,1,1,2014-10-14,1706,Aqua,MODIS,66,6.2,295.7,5.9,N,0
-16.7616,124.0881,312.2,1,1,2014-10-14,1706,Aqua,MODIS,83,6.2,295.3,9.5,N,0
-18.7243,125.9582,327.2,1.1,1,2014-10-14,1706,Aqua,MODIS,75,6.2,287.4,23.1,N,0
-18.7363,125.9768,321.2,1.1,1,2014-10-14,1706,Aqua,MODIS,0,6.2,293.4,15.4,N,0
-18.7229,125.9483,318.9,1.1,1,2014-10-14,1706,Aqua,MODIS,79,6.2,279.9,15.1,N,0
-18.0165,132.245,312.2,2.6,1.5,2014-10-14,1706,Aqua,MODIS,56,6.2,288,46,N,0
-18.0305,132.2434,306.4,2.6,1.5,2014-10-14,1706,Aqua,MODIS,21,6.2,288.3,30,N,0
-18.0375,132.2599,321.7,2.6,1.5,2014-10-14,1706,Aqua,MODIS,100,6.2,288.9,82.6,N,0
-18.0401,132.2845,307.6,2.6,1.6,2014-10-14,1706,Aqua,MODIS,72,6.2,288.3,36.2,N,0
-18.0332,132.2679,320.2,2.6,1.5,2014-10-14,1706,Aqua,MODIS,100,6.2,289.1,74.6,N,0
-18.021,132.237,317.4,2.6,1.5,2014-10-14,1706,Aqua,MODIS,95,6.2,288.5,65.4,N,0
-17.2996,124.3607,320.7,1,1,2014-10-14,1706,Aqua,MODIS,100,6.2,296.7,16.8,N,0
-17.1709,123.3312,314.6,1.1,1,2014-10-14,1706,Aqua,MODIS,89,6.2,296.2,12,N,0
-17.6008,123.7926,318,1,1,2014-10-14,1706,Aqua,MODIS,96,6.2,296.8,14.5,N,0
-17.6022,123.8022,333.7,1,1,2014-10-14,1706,Aqua,MODIS,100,6.2,297.5,33.7,N,0
-17.6084,123.7816,319.1,1,1,2014-10-14,1706,Aqua,MODIS,98,6.2,296.8,14.9,N,0
-17.6099,123.7911,332.1,1,1,2014-10-14,1706,Aqua,MODIS,100,6.2,297.2,30.4,N,0
-17.6175,123.7801,314.2,1,1,2014-10-14,1706,Aqua,MODIS,89,6.2,296.3,11,N,0
-17.1541,123.2834,307.2,1.1,1,2014-10-14,1706,Aqua,MODIS,71,6.2,289.7,6.6,N,0
-17.1525,123.2734,308.3,1.1,1,2014-10-14,1706,Aqua,MODIS,74,6.2,293.7,7.5,N,0
-17.1217,123.2582,310,1.1,1,2014-10-14,1706,Aqua,MODIS,42,6.2,295.4,8,N,0
-17.1202,123.2483,314.7,1.1,1,2014-10-14,1706,Aqua,MODIS,90,6.2,295.3,12.2,N,0
-17.1125,123.2598,308.6,1.1,1,2014-10-14,1706,Aqua,MODIS,75,6.2,294.8,7.1,N,0
-17.2675,124.2695,306.9,1,1,2014-10-14,1706,Aqua,MODIS,70,6.2,296.3,5.8,N,0
-19.6662,128.3553,302.9,1.4,1.2,2014-10-14,1706,Aqua,MODIS,29,6.2,291.3,8.2,N,0
-19.654,128.3432,304.1,1.4,1.2,2014-10-14,1706,Aqua,MODIS,19,6.2,291,9,N,0
-19.66,128.348,307.7,1.4,1.2,2014-10-14,1706,Aqua,MODIS,55,6.2,291.3,12.8,N,0
-17.1694,123.3214,306.6,1.1,1,2014-10-14,1706,Aqua,MODIS,69,6.2,295.7,6,N,0
-17.2689,124.2789,316.4,1,1,2014-10-14,1706,Aqua,MODIS,93,6.2,296.7,13,N,0
-17.2793,124.2869,311,1,1,2014-10-14,1706,Aqua,MODIS,77,6.2,295.8,8.4,N,0
-17.0662,124.2812,312.6,1,1,2014-10-14,1706,Aqua,MODIS,85,6.2,296,10.1,N,0
-17.3598,128.5713,316.5,1.4,1.2,2014-10-14,1706,Aqua,MODIS,93,6.2,293.9,21.3,N,0
-17.3478,128.5607,305.5,1.4,1.2,2014-10-14,1706,Aqua,MODIS,65,6.2,292.8,8.5,N,0
-17.0752,124.2798,311.5,1,1,2014-10-14,1706,Aqua,MODIS,83,6.2,295.3,9.2,N,0
-17.2926,124.3137,312.4,1,1,2014-10-14,1706,Aqua,MODIS,85,6.2,295,9.4,N,0
-17.294,124.3231,306.4,1,1,2014-10-14,1706,Aqua,MODIS,62,6.2,295.2,5.4,N,0
-17.2954,124.3325,307.6,1,1,2014-10-14,1706,Aqua,MODIS,61,6.2,295.9,5.9,N,0
-17.2968,124.3419,310.5,1,1,2014-10-14,1706,Aqua,MODIS,80,6.2,296.3,8.1,N,0
-17.2982,124.3513,309.7,1,1,2014-10-14,1706,Aqua,MODIS,75,6.2,296.5,7.2,N,0
-17.1617,123.3327,318.2,1.1,1,2014-10-14,1706,Aqua,MODIS,96,6.2,297.8,15.2,N,0
-16.9051,124.5593,307.7,1,1,2014-10-14,1706,Aqua,MODIS,67,6.2,297.1,5.3,N,0
-17.301,124.37,306.5,1,1,2014-10-14,1706,Aqua,MODIS,46,6.2,295.9,5.1,N,0
-22.603,122.4575,322,1,1,2014-10-14,1707,Aqua,MODIS,100,6.2,295.1,18.8,N,0
-23.4972,121.9912,310.6,1,1,2014-10-14,1707,Aqua,MODIS,80,6.2,292.3,10.2,N,0
-23.5045,122.3275,307.6,1,1,2014-10-14,1707,Aqua,MODIS,64,6.2,294.7,7.2,N,0
-22.8556,121.7082,317,1.1,1,2014-10-14,1707,Aqua,MODIS,94,6.2,288.1,16.9,N,0
-23.3917,123.3569,311.4,1,1,2014-10-14,1707,Aqua,MODIS,82,6.2,294.1,9,N,0
-23.174,122.4656,311.3,1,1,2014-10-14,1707,Aqua,MODIS,80,6.2,294.2,10,N,0
-23.1755,122.4756,317.9,1,1,2014-10-14,1707,Aqua,MODIS,96,6.2,294.5,15.5,N,0
-23.1831,122.464,313,1,1,2014-10-14,1707,Aqua,MODIS,86,6.2,294.4,11.2,N,0
-23.1846,122.474,316.2,1,1,2014-10-14,1707,Aqua,MODIS,93,6.2,295,14.1,N,0
-23.5952,122.1446,307.5,1,1,2014-10-14,1707,Aqua,MODIS,53,6.2,293.3,7.3,N,0
-23.586,122.1462,308,1,1,2014-10-14,1707,Aqua,MODIS,73,6.2,293.6,8.1,N,0
-23.1291,123.3897,306.5,1,1,2014-10-14,1707,Aqua,MODIS,68,6.2,295.1,6.1,N,0
-23.9012,124.7478,306.6,1.1,1,2014-10-14,1707,Aqua,MODIS,69,6.2,293.7,6.6,N,0
-23.4855,123.4309,304.9,1,1,2014-10-14,1707,Aqua,MODIS,62,6.2,293.4,5.8,N,0
-20.9787,123.8489,300.8,1,1,2014-10-14,1707,Aqua,MODIS,25,6.2,279.5,5.5,N,0
-22.6577,122.4616,313.3,1,1,2014-10-14,1707,Aqua,MODIS,78,6.2,296.6,9.9,N,0
-23.423,123.3816,312.2,1,1,2014-10-14,1707,Aqua,MODIS,84,6.2,295.1,10.5,N,0
-20.9699,123.8473,316.3,1,1,2014-10-14,1707,Aqua,MODIS,93,6.2,287.4,14.6,N,0
-22.8539,121.6978,330.5,1.1,1,2014-10-14,1707,Aqua,MODIS,100,6.2,290.9,33.1,N,0
-23.3888,123.3374,309.9,1,1,2014-10-14,1707,Aqua,MODIS,79,6.2,293.4,8.2,N,0
-23.3874,123.3277,304.7,1,1,2014-10-14,1707,Aqua,MODIS,61,6.2,294.5,4.8,N,0
-23.1276,123.38,313.5,1,1,2014-10-14,1707,Aqua,MODIS,87,6.2,295.2,11.1,N,0
-23.1186,123.3815,316,1,1,2014-10-14,1707,Aqua,MODIS,92,6.2,295.1,12.7,N,0
-23.4969,122.3391,352.3,1,1,2014-10-14,1707,Aqua,MODIS,100,6.2,299.3,67.4,N,0
-23.3831,123.2985,347.1,1,1,2014-10-14,1707,Aqua,MODIS,100,6.2,300,55.2,N,0
-23.4954,122.3291,331.5,1,1,2014-10-14,1707,Aqua,MODIS,100,6.2,296.6,30.2,N,0
-23.4923,122.3091,313.3,1,1,2014-10-14,1707,Aqua,MODIS,87,6.2,294.8,11.2,N,0
-23.3817,123.2888,370.3,1,1,2014-10-14,1707,Aqua,MODIS,100,6.2,300.9,116.3,N,0
-23.3731,123.296,351.1,1,1,2014-10-14,1707,Aqua,MODIS,100,6.2,301.5,63.1,N,0
-23.3717,123.2862,320.9,1,1,2014-10-14,1707,Aqua,MODIS,100,6.2,296.8,16.9,N,0
-23.3641,123.2975,340.3,1,1,2014-10-14,1707,Aqua,MODIS,100,6.2,297.3,42.5,N,0
-23.3627,123.2878,318.1,1,1,2014-10-14,1707,Aqua,MODIS,96,6.2,295.7,14.5,N,0
-23.3479,123.2504,308.2,1,1,2014-10-14,1707,Aqua,MODIS,74,6.2,294.2,7.5,N,0
-20.9714,123.8568,337.5,1,1,2014-10-14,1707,Aqua,MODIS,100,6.2,295,39.4,N,0
-22.8523,121.6873,309.8,1.1,1,2014-10-14,1707,Aqua,MODIS,78,6.2,287.2,10.6,N,0
-23.1256,123.4866,313.9,1,1,2014-10-14,1707,Aqua,MODIS,88,6.2,295.9,11.1,N,0
-23.4894,122.3507,316.1,1,1,2014-10-14,1707,Aqua,MODIS,57,6.2,295.8,12.4,N,0
-23.4878,122.3407,376.5,1,1,2014-10-14,1707,Aqua,MODIS,100,6.2,302.9,141.6,N,0
-23.4803,122.3523,328.1,1,1,2014-10-14,1707,Aqua,MODIS,100,6.2,297.1,25.4,N,0
-23.4788,122.3423,399,1,1,2014-10-14,1707,Aqua,MODIS,100,6.2,305.8,254,N,0
-23.4712,122.3539,319.7,1,1,2014-10-14,1707,Aqua,MODIS,81,6.2,296.4,15.4,N,0
-23.4697,122.344,366.7,1,1,2014-10-14,1707,Aqua,MODIS,100,6.2,301.4,107,N,0
-23.4515,122.3472,307.1,1,1,2014-10-14,1707,Aqua,MODIS,21,6.2,294.6,5.7,N,0
-22.6638,122.4401,307.2,1,1,2014-10-14,1707,Aqua,MODIS,60,6.2,296.9,5,N,0
-23.4181,122.3122,304,1,1,2014-10-14,1707,Aqua,MODIS,55,6.2,293.5,5.6,N,0
-20.9802,123.8584,307,1,1,2014-10-14,1707,Aqua,MODIS,60,6.2,287.2,8.8,N,0
-22.6562,122.4517,327.6,1,1,2014-10-14,1707,Aqua,MODIS,100,6.2,298.4,23.7,N,0
-23.4817,121.9523,307.6,1,1,2014-10-14,1707,Aqua,MODIS,72,6.2,292.4,8.7,N,0
-23.4741,121.9641,303.4,1,1,2014-10-14,1707,Aqua,MODIS,15,6.2,291.5,5.4,N,0
-22.6653,122.4501,314.9,1,1,2014-10-14,1707,Aqua,MODIS,90,6.2,297.2,11,N,0
-21.7993,127.605,336.9,1.4,1.2,2014-10-14,1707,Aqua,MODIS,100,6.2,292.6,61.3,N,0
-23.0661,124.162,307,1,1,2014-10-14,1707,Aqua,MODIS,70,6.2,294.4,6.8,N,0
-23.506,122.3374,305.8,1,1,2014-10-14,1707,Aqua,MODIS,49,6.2,294.3,5.9,N,0
-22.6091,122.4972,315.1,1,1,2014-10-14,1707,Aqua,MODIS,91,6.2,294.6,12.8,N,0
-22.6106,122.5071,313,1,1,2014-10-14,1707,Aqua,MODIS,86,6.2,294.2,11.2,N,0
-22.6091,122.4498,310.7,1,1,2014-10-14,1707,Aqua,MODIS,10,6.2,295.3,9.2,N,0
-22.6152,122.4282,322.3,1,1,2014-10-14,1707,Aqua,MODIS,92,6.2,296.5,19.1,N,0
-22.6243,122.4266,323.7,1,1,2014-10-14,1707,Aqua,MODIS,100,6.2,297.2,19.5,N,0
-22.6349,122.435,313.7,1,1,2014-10-14,1707,Aqua,MODIS,60,6.2,296.8,9.3,N,0
-22.6365,122.445,317.4,1,1,2014-10-14,1707,Aqua,MODIS,69,6.2,297.4,12.4,N,0
-22.644,122.4334,341.2,1,1,2014-10-14,1707,Aqua,MODIS,100,6.2,298.7,43.6,N,0
-22.6456,122.4433,322.1,1,1,2014-10-14,1707,Aqua,MODIS,100,6.2,298,16.6,N,0
-22.6471,122.4533,316.2,1,1,2014-10-14,1707,Aqua,MODIS,90,6.2,297,11.3,N,0
-22.6547,122.4417,326.5,1,1,2014-10-14,1707,Aqua,MODIS,100,6.2,298.2,22.2,N,0
-23.4216,123.3718,310.9,1,1,2014-10-14,1707,Aqua,MODIS,81,6.2,294.8,9.3,N,0
-22.6045,122.4674,311.5,1,1,2014-10-14,1707,Aqua,MODIS,66,6.2,294.3,9,N,0
-22.4838,117.6045,305.3,1.9,1.3,2014-10-14,1707,Aqua,MODIS,38,6.2,292.3,15.2,N,0
-22.4805,117.5864,309.1,1.9,1.3,2014-10-14,1707,Aqua,MODIS,48,6.2,292.7,20.2,N,0
-23.9275,124.7331,304.6,1.1,1,2014-10-14,1707,Aqua,MODIS,61,6.2,293.8,5.1,N,0
-23.3876,122.2307,310.3,1,1,2014-10-14,1707,Aqua,MODIS,80,6.2,293,10,N,0
-23.9048,124.7052,307.6,1,1,2014-10-14,1707,Aqua,MODIS,36,6.2,293.6,6.3,N,0
-23.3891,122.2407,312.5,1,1,2014-10-14,1707,Aqua,MODIS,85,6.2,293.3,11.7,N,0
-23.9218,124.692,309.2,1,1,2014-10-14,1707,Aqua,MODIS,55,6.2,294,7.5,N,0
-22.7306,123.429,304.8,1,1,2014-10-14,1707,Aqua,MODIS,62,6.2,293.7,5.7,N,0
-22.3833,117.4986,310.4,1.9,1.4,2014-10-14,1707,Aqua,MODIS,80,6.2,289.9,27.8,N,0
-21.47,121.602,378.7,1.1,1.1,2014-10-14,1707,Aqua,MODIS,100,6.2,303.4,173.2,N,0
-21.5224,121.6256,308.2,1.1,1.1,2014-10-14,1707,Aqua,MODIS,71,6.2,296.5,8.1,N,0
-21.4829,121.6217,312.4,1.1,1.1,2014-10-14,1707,Aqua,MODIS,35,6.2,296.4,10.4,N,0
-21.4588,121.593,316.2,1.1,1.1,2014-10-14,1707,Aqua,MODIS,82,6.2,296,15,N,0
-21.4605,121.6037,323.6,1.1,1.1,2014-10-14,1707,Aqua,MODIS,100,6.2,296.8,22.9,N,0
-20.8182,122.4877,330.6,1.1,1,2014-10-14,1707,Aqua,MODIS,100,6.2,285.1,31.2,N,0
-21.5018,121.6183,317.6,1.1,1.1,2014-10-14,1707,Aqua,MODIS,77,6.2,297.1,15.6,N,0
-21.4923,121.62,320.2,1.1,1.1,2014-10-14,1707,Aqua,MODIS,81,6.2,297.1,18.2,N,0
-20.8306,122.5062,304.8,1.1,1,2014-10-14,1707,Aqua,MODIS,11,6.2,285.4,6.9,N,0
-21.4812,121.611,314.7,1.1,1.1,2014-10-14,1707,Aqua,MODIS,88,6.2,296.3,12.9,N,0
-21.4794,121.6003,308.8,1.1,1.1,2014-10-14,1707,Aqua,MODIS,49,6.2,295.6,8.1,N,0
-21.4717,121.6127,308.6,1.1,1.1,2014-10-14,1707,Aqua,MODIS,54,6.2,296.8,8.3,N,0
-21.4682,121.5913,312,1.1,1.1,2014-10-14,1707,Aqua,MODIS,52,6.2,295.7,10.9,N,0
-24.4868,123.7467,305.1,1,1,2014-10-14,1708,Aqua,MODIS,58,6.2,293.7,5.2,N,0
-24.4883,123.7566,314.7,1,1,2014-10-14,1708,Aqua,MODIS,90,6.2,294.7,12.1,N,0
-23.8234,122.3684,317.4,1,1,2014-10-14,1708,Aqua,MODIS,88,6.2,291.7,17.1,N,0
-23.8613,121.9004,373.3,1,1,2014-10-14,1708,Aqua,MODIS,100,6.2,297.9,134,N,0
-23.8629,121.9105,334.9,1,1,2014-10-14,1708,Aqua,MODIS,100,6.2,292.8,36.8,N,0
-23.8704,121.8987,407.3,1,1,2014-10-14,1708,Aqua,MODIS,100,6.2,309.5,317,N,0
-23.878,121.8868,310.8,1,1,2014-10-14,1708,Aqua,MODIS,81,6.2,292.3,10.3,N,0
-23.8597,121.8902,318.4,1,1,2014-10-14,1708,Aqua,MODIS,68,6.2,292.9,15.6,N,0
-23.8688,121.8885,374.4,1,1,2014-10-14,1708,Aqua,MODIS,100,6.2,301.3,139.3,N,0
-24.4727,123.6476,311.1,1,1,2014-10-14,1708,Aqua,MODIS,82,6.2,295.6,8.8,N,0
-24.4713,123.6377,313.1,1,1,2014-10-14,1708,Aqua,MODIS,86,6.2,295.3,10.4,N,0
-24.4637,123.6491,311.9,1,1,2014-10-14,1708,Aqua,MODIS,84,6.2,295.3,9.3,N,0
-24.4786,123.8193,307.9,1,1,2014-10-14,1708,Aqua,MODIS,73,6.2,294.1,7.2,N,0
-24.4792,123.7581,304.6,1,1,2014-10-14,1708,Aqua,MODIS,61,6.2,293.7,5.1,N,0
-24.5656,123.0843,315.6,1,1,2014-10-14,1708,Aqua,MODIS,91,6.2,295.6,12,N,0
-24.5567,123.0858,307.8,1,1,2014-10-14,1708,Aqua,MODIS,73,6.2,294.7,6.7,N,0
-24.5026,123.1523,304.9,1,1,2014-10-14,1708,Aqua,MODIS,62,6.2,294.5,5.1,N,0
-30.8637,121.4894,307.5,1,1,2014-10-14,1709,Aqua,MODIS,72,6.2,287.4,10.1,N,2
-30.8653,121.4998,305.3,1,1,2014-10-14,1709,Aqua,MODIS,64,6.2,287.1,8.7,N,2
-32.6228,116.3187,309.6,1.4,1.2,2014-10-14,1710,Aqua,MODIS,12,6.2,287.1,16.5,N,0
-32.6094,116.3063,317.1,1.4,1.2,2014-10-14,1710,Aqua,MODIS,65,6.2,288.5,26.1,N,0
-32.6411,116.2978,310.5,1.4,1.2,2014-10-14,1710,Aqua,MODIS,53,6.2,286.9,18.7,N,0
-12.0869,142.0578,330.6,1,1,2014-10-15,0051,Terra,MODIS,73,6.2,306.6,15.2,D,0
-12.0547,141.9673,331,1,1,2014-10-15,0051,Terra,MODIS,36,6.2,313.2,16.2,D,0
-12.8154,143.3084,368.3,1,1,2014-10-15,0051,Terra,MODIS,100,6.2,305.1,98.9,D,0
-13.0047,143.0922,331.6,1,1,2014-10-15,0051,Terra,MODIS,74,6.2,304.9,19.5,D,0
-13.0357,143.1157,331.1,1,1,2014-10-15,0051,Terra,MODIS,53,6.2,306.5,14.7,D,0
-12.5387,141.9417,369.3,1,1,2014-10-15,0051,Terra,MODIS,100,6.2,314,99.8,D,0
-12.64,136.5481,328.2,2.1,1.4,2014-10-15,0051,Terra,MODIS,75,6.2,302.4,41.2,D,0
-12.1808,142.012,328.3,1,1,2014-10-15,0051,Terra,MODIS,64,6.2,306.8,11.8,D,0
-12.7611,143.0632,326.2,1,1,2014-10-15,0051,Terra,MODIS,65,6.2,305.8,11.1,D,0
-12.5401,141.951,337.6,1,1,2014-10-15,0051,Terra,MODIS,77,6.2,308.5,23.2,D,0
-13.0294,143.1354,332.7,1,1,2014-10-15,0051,Terra,MODIS,70,6.2,308.3,18.2,D,0
-12.5087,142.7865,327,1,1,2014-10-15,0051,Terra,MODIS,36,6.2,305.3,11.9,D,0
-12.4831,142.7997,329.2,1,1,2014-10-15,0051,Terra,MODIS,56,6.2,306.3,13.4,D,0
-12.4262,142.8515,335.2,1,1,2014-10-15,0051,Terra,MODIS,81,6.2,303.5,23.2,D,0
-12.4351,142.8501,335.1,1,1,2014-10-15,0051,Terra,MODIS,76,6.2,305.2,22.2,D,0
-12.4908,142.7892,338.8,1,1,2014-10-15,0051,Terra,MODIS,84,6.2,306.4,25.3,D,0
-12.4997,142.7879,333.7,1,1,2014-10-15,0051,Terra,MODIS,72,6.2,305.8,18.9,D,0
-12.5177,142.7852,328.6,1,1,2014-10-15,0051,Terra,MODIS,55,6.2,304.4,14.4,D,0
-12.36,142.8399,329.2,1,1,2014-10-15,0051,Terra,MODIS,59,6.2,302.7,14.5,D,0
-13.037,143.1249,333.4,1,1,2014-10-15,0051,Terra,MODIS,53,6.2,310.2,18,D,0
-12.4365,142.8593,328,1,1,2014-10-15,0051,Terra,MODIS,64,6.2,304.3,13.9,D,0
-12.3678,135.8757,322.3,2.4,1.5,2014-10-15,0051,Terra,MODIS,67,6.2,299.4,25.9,D,0
-12.3715,135.8974,320,2.4,1.5,2014-10-15,0051,Terra,MODIS,31,6.2,299,19.3,D,0
-13.006,143.1014,330.1,1,1,2014-10-15,0051,Terra,MODIS,72,6.2,306.2,16.9,D,0
-13.0204,143.1368,349.2,1,1,2014-10-15,0051,Terra,MODIS,93,6.2,307.1,46.9,D,0
-12.7161,141.8351,359.7,1,1,2014-10-15,0051,Terra,MODIS,99,6.2,305.5,71.2,D,0
-13.3049,142.3198,361.7,1,1,2014-10-15,0051,Terra,MODIS,100,6.2,314.7,72.4,D,0
-13.3139,142.3184,339.4,1,1,2014-10-15,0051,Terra,MODIS,84,6.2,314.3,22.2,D,0
-13.3326,142.319,332.3,1,1,2014-10-15,0051,Terra,MODIS,75,6.2,313.3,14.1,D,0
-13.3339,142.3282,327.6,1,1,2014-10-15,0051,Terra,MODIS,62,6.2,312.6,9.1,D,0
-13.3035,142.3106,372.1,1,1,2014-10-15,0051,Terra,MODIS,100,6.2,312.2,103.7,D,0
-13.3941,142.3002,346.4,1,1,2014-10-15,0051,Terra,MODIS,84,6.2,317.8,33.7,D,0
-13.4031,142.2988,348.4,1,1,2014-10-15,0051,Terra,MODIS,92,6.2,312.2,41,D,0
-14.2277,143.5307,335.5,1,1,2014-10-15,0051,Terra,MODIS,50,6.2,312,18.7,D,0
-11.0288,142.4352,355.7,1,1,2014-10-15,0051,Terra,MODIS,98,6.2,302.5,63.4,D,0
-11.047,142.4354,326.3,1,1,2014-10-15,0051,Terra,MODIS,64,6.2,302.7,11,D,0
-11.0378,142.4338,338.4,1,1,2014-10-15,0051,Terra,MODIS,89,6.2,300.8,26.6,D,0
-11.0546,142.4249,327.2,1,1,2014-10-15,0051,Terra,MODIS,47,6.2,304.4,11.4,D,0
-14.19,143.5266,339.7,1,1,2014-10-15,0051,Terra,MODIS,84,6.2,313.9,25.1,D,0
-14.1218,143.5624,353,1,1,2014-10-15,0051,Terra,MODIS,95,6.2,314.3,51.4,D,0
-12.8268,135.8722,329,2.3,1.5,2014-10-15,0051,Terra,MODIS,69,6.2,295.7,53.4,D,0
-12.8528,135.8835,330.6,2.3,1.5,2014-10-15,0051,Terra,MODIS,58,6.2,299.6,54.8,D,0
-12.8358,135.8646,363.2,2.3,1.5,2014-10-15,0051,Terra,MODIS,100,6.2,299.2,281.3,D,0
-14.1913,143.5361,330,1,1,2014-10-15,0051,Terra,MODIS,43,6.2,315.3,11,D,0
-12.8363,135.8484,346.4,2.3,1.5,2014-10-15,0051,Terra,MODIS,92,6.2,296.9,146.8,D,0
-12.8568,135.8887,331.2,2.3,1.5,2014-10-15,0051,Terra,MODIS,74,6.2,298.7,57.6,D,0
-12.84,135.8698,359.5,2.3,1.5,2014-10-15,0051,Terra,MODIS,99,6.2,299.6,246.6,D,0
-12.6324,142.5031,334.1,1,1,2014-10-15,0051,Terra,MODIS,65,6.2,310.3,16.5,D,0
-11.0268,142.36,326.4,1,1,2014-10-15,0051,Terra,MODIS,60,6.2,304.6,8.6,D,0
-12.1705,141.822,341.5,1,1,2014-10-15,0051,Terra,MODIS,87,6.2,305.8,31.1,D,0
-14.2368,143.5293,332.1,1,1,2014-10-15,0051,Terra,MODIS,55,6.2,313.8,14.2,D,0
-13.3105,142.2342,332.3,1,1,2014-10-15,0051,Terra,MODIS,56,6.2,314.3,9.9,D,0
-13.3188,142.227,339,1,1,2014-10-15,0051,Terra,MODIS,83,6.2,314,19.4,D,0
-12.3358,135.6063,324.8,2.5,1.5,2014-10-15,0051,Terra,MODIS,72,6.2,298.6,38.4,D,0
-14.1204,143.5529,369.5,1,1,2014-10-15,0051,Terra,MODIS,100,6.2,314.8,99.5,D,0
-12.3848,135.895,334.3,2.4,1.5,2014-10-15,0051,Terra,MODIS,83,6.2,300,76.8,D,0
-12.3796,135.8888,333.9,2.4,1.5,2014-10-15,0051,Terra,MODIS,82,6.2,299.8,74.5,D,0
-12.602,136.6389,341.8,2.1,1.4,2014-10-15,0051,Terra,MODIS,89,6.2,301,96.8,D,0
-12.5903,136.6349,327.6,2.1,1.4,2014-10-15,0051,Terra,MODIS,29,6.2,299.8,38.7,D,0
-12.6028,136.6327,336.5,2.1,1.4,2014-10-15,0051,Terra,MODIS,79,6.2,300.8,71.1,D,0
-10.6958,142.1818,324.5,1,1,2014-10-15,0051,Terra,MODIS,68,6.2,304.7,9.6,D,0
-13.3928,142.291,354.8,1,1,2014-10-15,0051,Terra,MODIS,97,6.2,315.5,49.7,D,0
-14.7401,144.3761,333.5,1.1,1,2014-10-15,0052,Terra,MODIS,78,6.2,308.2,20.5,D,0
-16.8877,142.4587,337.3,1,1,2014-10-15,0052,Terra,MODIS,38,6.2,314.5,15.5,D,0
-14.6995,144.3984,335,1.1,1,2014-10-15,0052,Terra,MODIS,60,6.2,307.8,19.8,D,0
-16.9177,141.351,359.7,1,1,2014-10-15,0052,Terra,MODIS,99,6.2,317.5,64.8,D,0
-16.9191,141.3604,332.8,1,1,2014-10-15,0052,Terra,MODIS,53,6.2,318.3,10.7,D,0
-16.9073,141.3431,391.7,1,1,2014-10-15,0052,Terra,MODIS,100,6.2,317,187.5,D,0
-16.9087,141.3525,399.9,1,1,2014-10-15,0052,Terra,MODIS,100,6.2,324.6,232.9,D,0
-16.9163,141.3416,339.8,1,1,2014-10-15,0052,Terra,MODIS,83,6.2,314.4,22.6,D,0
-16.1513,134.2138,323.2,2.7,1.6,2014-10-15,0052,Terra,MODIS,61,6.2,302.1,43.7,D,0
-16.84,142.5104,342.5,1,1,2014-10-15,0052,Terra,MODIS,80,6.2,317.7,24.5,D,0
-16.1557,134.2384,338.2,2.7,1.6,2014-10-15,0052,Terra,MODIS,86,6.2,303.9,125.6,D,0
-16.8448,142.4172,345.3,1,1,2014-10-15,0052,Terra,MODIS,89,6.2,310.1,38.3,D,0
-16.8863,142.4493,347.2,1,1,2014-10-15,0052,Terra,MODIS,83,6.2,313.6,32.7,D,0
-16.1451,134.2335,337.4,2.7,1.6,2014-10-15,0052,Terra,MODIS,85,6.2,303.3,123.2,D,0
-15.3748,143.7707,343.7,1.1,1,2014-10-15,0052,Terra,MODIS,72,6.2,310.6,35.9,D,0
-15.3874,143.7428,343.6,1.1,1,2014-10-15,0052,Terra,MODIS,88,6.2,313.3,34.2,D,0
-15.3887,143.7526,363.2,1.1,1,2014-10-15,0052,Terra,MODIS,100,6.2,315,82.7,D,0
-16.8088,142.4863,357,1,1,2014-10-15,0052,Terra,MODIS,97,6.2,318.2,55.2,D,0
-16.8228,142.4554,378.7,1,1,2014-10-15,0052,Terra,MODIS,100,6.2,320.7,121,D,0
-16.9419,142.4536,337.7,1,1,2014-10-15,0052,Terra,MODIS,67,6.2,318.3,17.6,D,0
-16.8214,142.446,339.8,1,1,2014-10-15,0052,Terra,MODIS,56,6.2,313,15.1,D,0
-16.7979,142.4112,352.2,1,1,2014-10-15,0052,Terra,MODIS,88,6.2,310,52.9,D,0
-16.7952,142.3924,337.9,1,1,2014-10-15,0052,Terra,MODIS,81,6.2,305.2,30.1,D,0
-16.7966,142.4018,354.8,1,1,2014-10-15,0052,Terra,MODIS,96,6.2,310.2,62.5,D,0
-16.8701,142.5288,338.3,1,1,2014-10-15,0052,Terra,MODIS,45,6.2,317.2,17.8,D,0
-16.7998,142.4877,355.9,1,1,2014-10-15,0052,Terra,MODIS,97,6.2,317.7,54,D,0
-16.8069,142.4098,346.9,1,1,2014-10-15,0052,Terra,MODIS,74,6.2,312.3,40.7,D,0
-16.8075,142.4769,348.5,1,1,2014-10-15,0052,Terra,MODIS,53,6.2,315.5,33.6,D,0
-16.9446,142.4724,345.1,1,1,2014-10-15,0052,Terra,MODIS,87,6.2,319,30.4,D,0
-16.9406,142.4442,339.3,1,1,2014-10-15,0052,Terra,MODIS,68,6.2,317.7,20.2,D,0
-15.3762,143.7806,351,1.1,1,2014-10-15,0052,Terra,MODIS,94,6.2,314,50.3,D,0
-15.3836,143.7835,332.5,1.1,1,2014-10-15,0052,Terra,MODIS,39,6.2,314.2,15.2,D,0
-15.367,143.7819,359.8,1.1,1,2014-10-15,0052,Terra,MODIS,99,6.2,311.4,75.7,D,0
-16.9035,142.5044,339.6,1,1,2014-10-15,0052,Terra,MODIS,36,6.2,320.3,18.1,D,0
-16.8318,142.454,343.5,1,1,2014-10-15,0052,Terra,MODIS,85,6.2,315.5,20.3,D,0
-16.825,142.407,348.9,1,1,2014-10-15,0052,Terra,MODIS,84,6.2,309,43.8,D,0
-16.1591,134.2307,324.7,2.7,1.6,2014-10-15,0052,Terra,MODIS,69,6.2,302.9,52.8,D,0
-16.8332,142.4634,344.7,1,1,2014-10-15,0052,Terra,MODIS,88,6.2,318.3,22.5,D,0
-16.8241,142.4648,349.8,1,1,2014-10-15,0052,Terra,MODIS,93,6.2,321.4,32.6,D,0
-16.9433,142.463,340.3,1,1,2014-10-15,0052,Terra,MODIS,77,6.2,318.7,21.9,D,0
-16.8655,142.4333,346,1,1,2014-10-15,0052,Terra,MODIS,55,6.2,313.5,33.2,D,0
-16.93,142.433,336.1,1,1,2014-10-15,0052,Terra,MODIS,64,6.2,315,17.1,D,0
-16.7813,142.4233,336.7,1,1,2014-10-15,0052,Terra,MODIS,75,6.2,306.2,25.4,D,0
-16.7957,142.4595,363.9,1,1,2014-10-15,0052,Terra,MODIS,100,6.2,314.4,78.6,D,0
-16.7916,142.4313,342.1,1,1,2014-10-15,0052,Terra,MODIS,73,6.2,309.5,32.6,D,0
-16.7826,142.4327,349,1,1,2014-10-15,0052,Terra,MODIS,92,6.2,309,46.1,D,0
-16.8773,142.4507,340,1,1,2014-10-15,0052,Terra,MODIS,48,6.2,316.7,17.9,D,0
-16.8899,142.4103,354,1,1,2014-10-15,0052,Terra,MODIS,96,6.2,314,54.5,D,0
-16.8552,142.4252,356.5,1,1,2014-10-15,0052,Terra,MODIS,97,6.2,311.6,59.5,D,0
-16.8912,142.4197,373.3,1,1,2014-10-15,0052,Terra,MODIS,100,6.2,319.2,110,D,0
-16.8967,142.4574,340.5,1,1,2014-10-15,0052,Terra,MODIS,84,6.2,312.3,23.8,D,0
-16.8953,142.4479,346.7,1,1,2014-10-15,0052,Terra,MODIS,90,6.2,312.5,33.9,D,0
-16.9079,142.4076,338.7,1,1,2014-10-15,0052,Terra,MODIS,76,6.2,311,22.3,D,0
-16.8926,142.4291,343.4,1,1,2014-10-15,0052,Terra,MODIS,69,6.2,316.9,29.1,D,0
-16.9003,142.4184,337,1,1,2014-10-15,0052,Terra,MODIS,49,6.2,315,19.2,D,0
-16.903,142.4372,332.9,1,1,2014-10-15,0052,Terra,MODIS,37,6.2,314.9,12.1,D,0
-16.8989,142.409,334.2,1,1,2014-10-15,0052,Terra,MODIS,46,6.2,312.9,16,D,0
-16.9093,142.417,350.5,1,1,2014-10-15,0052,Terra,MODIS,93,6.2,312.3,43.7,D,0
-16.8436,142.4714,338.3,1,1,2014-10-15,0052,Terra,MODIS,63,6.2,317.4,11.7,D,0
-14.7009,144.4086,344.6,1.1,1.1,2014-10-15,0052,Terra,MODIS,89,6.2,308,40.5,D,0
-16.8461,142.4266,347.1,1,1,2014-10-15,0052,Terra,MODIS,82,6.2,314.4,38.6,D,0
-16.8759,142.4413,349.6,1,1,2014-10-15,0052,Terra,MODIS,77,6.2,315.1,37.6,D,0
-14.3458,142.3844,340.3,1,1,2014-10-15,0052,Terra,MODIS,63,6.2,316.7,23.2,D,0
-14.3355,142.3766,358.9,1,1,2014-10-15,0052,Terra,MODIS,99,6.2,316.7,60.9,D,0
-15.5627,136.5432,348.5,1.8,1.3,2014-10-15,0052,Terra,MODIS,79,6.2,307.8,104.3,D,0
-18.0426,145.8268,331.3,1.5,1.2,2014-10-15,0052,Terra,MODIS,79,6.2,309.5,29.1,D,0
-14.3202,142.3977,339.3,1,1,2014-10-15,0052,Terra,MODIS,83,6.2,315.5,23.2,D,0
-14.3216,142.4069,326.1,1,1,2014-10-15,0052,Terra,MODIS,24,6.2,313.2,6.3,D,0
-18.0377,145.8194,340.8,1.5,1.2,2014-10-15,0052,Terra,MODIS,88,6.2,310,52.5,D,0
-15.1383,143.4024,349.1,1,1,2014-10-15,0052,Terra,MODIS,92,6.2,318.6,36,D,0
-14.3431,142.366,375,1,1,2014-10-15,0052,Terra,MODIS,100,6.2,316.1,113.1,D,0
-15.5756,141.9223,336.1,1,1,2014-10-15,0052,Terra,MODIS,64,6.2,314,22.5,D,0
-14.3527,142.3675,336.4,1,1,2014-10-15,0052,Terra,MODIS,60,6.2,315.4,17.1,D,0
-15.5865,136.5389,343.4,1.8,1.3,2014-10-15,0052,Terra,MODIS,78,6.2,308.1,77.1,D,0
-15.5571,141.9221,336.4,1,1,2014-10-15,0052,Terra,MODIS,29,6.2,313.8,20.6,D,0
-15.1187,143.3956,357,1,1,2014-10-15,0052,Terra,MODIS,93,6.2,312.1,63.8,D,0
-14.6397,144.3135,336.2,1.1,1,2014-10-15,0052,Terra,MODIS,81,6.2,309.4,21.9,D,0
-15.5657,136.5602,343.4,1.8,1.3,2014-10-15,0052,Terra,MODIS,86,6.2,309.7,81.6,D,0
-15.5894,136.556,367.5,1.8,1.3,2014-10-15,0052,Terra,MODIS,100,6.2,311.5,222.1,D,0
-14.354,142.3767,336.4,1,1,2014-10-15,0052,Terra,MODIS,74,6.2,317.5,19.2,D,0
-15.5746,136.541,354.9,1.8,1.3,2014-10-15,0052,Terra,MODIS,73,6.2,306.5,136.5,D,0
-15.1342,143.3738,388.5,1,1,2014-10-15,0052,Terra,MODIS,100,6.2,318.6,180.9,D,0
-15.1438,144.9584,329.3,1.2,1.1,2014-10-15,0052,Terra,MODIS,65,6.2,304.3,18.8,D,0
-15.1388,143.4708,331.6,1,1,2014-10-15,0052,Terra,MODIS,43,6.2,315.3,10.4,D,0
-15.1201,143.4051,352.6,1,1,2014-10-15,0052,Terra,MODIS,95,6.2,316.9,51.9,D,0
-14.3554,142.3859,334.5,1,1,2014-10-15,0052,Terra,MODIS,70,6.2,316,17.4,D,0
-15.1441,143.386,334.8,1,1,2014-10-15,0052,Terra,MODIS,18,6.2,319.1,15.2,D,0
-15.116,143.3765,372,1,1,2014-10-15,0052,Terra,MODIS,100,6.2,310.8,116.4,D,0
-15.1173,143.386,369.3,1,1,2014-10-15,0052,Terra,MODIS,100,6.2,311.2,105.2,D,0
-15.1251,143.3751,411.9,1,1,2014-10-15,0052,Terra,MODIS,100,6.2,318.8,331.5,D,0
-15.5805,136.575,343.1,1.8,1.3,2014-10-15,0052,Terra,MODIS,77,6.2,310.6,73.9,D,0
-15.5558,141.9128,344.7,1,1,2014-10-15,0052,Terra,MODIS,72,6.2,314,34.8,D,0
-15.1562,143.5271,334.1,1,1,2014-10-15,0052,Terra,MODIS,40,6.2,317.2,10.1,D,0
-15.5776,136.5581,375.6,1.8,1.3,2014-10-15,0052,Terra,MODIS,100,6.2,311.4,289.8,D,0
-15.1265,143.3847,361.4,1,1,2014-10-15,0052,Terra,MODIS,97,6.2,318,75.7,D,0
-15.1356,143.3833,349.1,1,1,2014-10-15,0052,Terra,MODIS,82,6.2,319.8,41.4,D,0
-15.1292,143.4038,360.9,1,1,2014-10-15,0052,Terra,MODIS,99,6.2,318.6,68.5,D,0
-15.1548,143.5175,334.8,1,1,2014-10-15,0052,Terra,MODIS,54,6.2,316.9,11.3,D,0
-15.1514,145.014,327.1,1.2,1.1,2014-10-15,0052,Terra,MODIS,61,6.2,304.7,18.5,D,0
-14.363,142.3754,336.2,1,1,2014-10-15,0052,Terra,MODIS,51,6.2,316.1,17.8,D,0
-14.3341,142.3674,390.7,1,1,2014-10-15,0052,Terra,MODIS,100,6.2,320.1,181.4,D,0
-15.1427,143.3764,351.5,1,1,2014-10-15,0052,Terra,MODIS,94,6.2,317.8,48.6,D,0
-15.1278,143.3942,374.2,1,1,2014-10-15,0052,Terra,MODIS,100,6.2,317,113.3,D,0
-14.3368,142.3858,347.5,1,1,2014-10-15,0052,Terra,MODIS,85,6.2,314.6,34.6,D,0
-13.9081,135.5264,320.7,2.4,1.5,2014-10-15,0052,Terra,MODIS,54,6.2,295.7,32.1,D,0
-15.0093,145.0853,330,1.2,1.1,2014-10-15,0052,Terra,MODIS,75,6.2,297.9,29.3,D,0
-14.2227,136.5758,328.5,1.9,1.4,2014-10-15,0052,Terra,MODIS,77,6.2,302.4,41.6,D,0
-15.0084,145.0912,333.9,1.2,1.1,2014-10-15,0052,Terra,MODIS,81,6.2,297.4,35.5,D,0
-13.8965,135.4613,319.5,2.4,1.5,2014-10-15,0052,Terra,MODIS,47,6.2,293.2,24.8,D,0
-15.0108,145.0966,324.4,1.2,1.1,2014-10-15,0052,Terra,MODIS,60,6.2,296.1,20.7,D,0
-15.0402,135.1625,329,2.4,1.5,2014-10-15,0052,Terra,MODIS,53,6.2,306.9,46.3,D,0
-14.1741,136.585,325.5,1.9,1.4,2014-10-15,0052,Terra,MODIS,73,6.2,303.3,30.2,D,0
-14.1712,136.5925,331.2,1.9,1.4,2014-10-15,0052,Terra,MODIS,80,6.2,303.1,48.5,D,0
-18.6826,132.0304,320.3,3.4,1.7,2014-10-15,0053,Terra,MODIS,26,6.2,301.3,47.2,D,0
-18.1204,132.3655,320.6,3.4,1.7,2014-10-15,0053,Terra,MODIS,0,6.2,290.3,69.1,D,0
-18.1142,132.334,317.5,3.4,1.7,2014-10-15,0053,Terra,MODIS,0,6.2,285,53.8,D,0
-17.8353,138.7666,331.6,1.2,1.1,2014-10-15,0053,Terra,MODIS,75,6.2,312.4,15.1,D,0
-16.8229,130.674,318.3,4.7,2,2014-10-15,0053,Terra,MODIS,56,6.2,298.2,66.1,D,0
-16.8213,130.6687,317.9,4.7,2,2014-10-15,0053,Terra,MODIS,56,6.2,298.2,63.2,D,0
-17.8335,138.7552,337.7,1.2,1.1,2014-10-15,0053,Terra,MODIS,83,6.2,311.8,27,D,0
-17.8533,138.7451,339.2,1.2,1.1,2014-10-15,0053,Terra,MODIS,85,6.2,311.9,30.1,D,0
-17.865,138.7547,340.5,1.2,1.1,2014-10-15,0053,Terra,MODIS,86,6.2,311.3,33.6,D,0
-19.4952,146.5146,323.8,1.7,1.3,2014-10-15,0053,Terra,MODIS,40,6.2,302.3,24.5,D,0
-19.4918,146.5086,325.1,1.7,1.3,2014-10-15,0053,Terra,MODIS,54,6.2,304.2,28.9,D,0
-17.8552,138.7565,360.4,1.2,1.1,2014-10-15,0053,Terra,MODIS,100,6.2,315.7,90.3,D,0
-17.857,138.7678,331.9,1.2,1.1,2014-10-15,0053,Terra,MODIS,72,6.2,314.6,15.2,D,0
-17.8668,138.7661,337,1.2,1.1,2014-10-15,0053,Terra,MODIS,81,6.2,312.4,25.6,D,0
-18.6685,132.2,319.4,3.4,1.7,2014-10-15,0053,Terra,MODIS,44,6.2,302.6,37.1,D,0
-22.9022,148.9991,329.9,2.9,1.6,2014-10-15,0054,Terra,MODIS,83,6.2,306.3,85.8,D,0
-22.903,148.9939,327.9,2.9,1.6,2014-10-15,0054,Terra,MODIS,78,6.2,306.2,71,D,0
-23.3788,146.0638,318.3,1.8,1.3,2014-10-15,0054,Terra,MODIS,57,6.2,307.1,15.7,D,0
-22.9222,149.0533,321.9,2.9,1.6,2014-10-15,0054,Terra,MODIS,41,6.2,304.7,51.8,D,0
-31.6318,146.6407,312.8,2.5,1.5,2014-10-15,0056,Terra,MODIS,37,6.2,292.5,22.3,D,0
-30.3813,148.0573,317.4,3,1.7,2014-10-15,0056,Terra,MODIS,64,6.2,302.9,29.8,D,0
-34.3607,142.1945,314.2,1.4,1.2,2014-10-15,0057,Terra,MODIS,49,6.2,301.3,8.2,D,0
-33.0115,137.5897,316.3,1,1,2014-10-15,0057,Terra,MODIS,0,6.2,302.5,4.9,D,0
-41.2741,144.7627,310.8,2.4,1.5,2014-10-15,0059,Terra,MODIS,59,6.2,277.1,37.7,D,0
-41.276,144.7915,306.2,2.4,1.5,2014-10-15,0059,Terra,MODIS,54,6.2,278.1,27.1,D,0
-41.2384,144.8548,304.2,2.5,1.5,2014-10-15,0059,Terra,MODIS,20,6.2,279.7,21.7,D,0
-14.8332,125.8751,333.5,3,1.6,2014-10-15,0230,Terra,MODIS,82,6.2,301.6,95.1,D,0
-14.833,125.8682,328.5,3,1.6,2014-10-15,0230,Terra,MODIS,74,6.2,301.1,65.6,D,0
-14.8626,125.8653,361.2,3,1.6,2014-10-15,0230,Terra,MODIS,100,6.2,302.2,373,D,0
-15.4373,125.8764,341.4,3,1.7,2014-10-15,0230,Terra,MODIS,88,6.2,303.4,140.8,D,0
-15.4403,125.9034,327.6,3,1.7,2014-10-15,0230,Terra,MODIS,39,6.2,304.4,41.7,D,0
-15.4367,125.8711,339.1,3,1.7,2014-10-15,0230,Terra,MODIS,86,6.2,303.2,123.3,D,0
-15.4395,125.8981,328.5,3,1.7,2014-10-15,0230,Terra,MODIS,60,6.2,304.2,48.1,D,0
-14.8121,125.8222,326.9,2.9,1.6,2014-10-15,0230,Terra,MODIS,29,6.2,302.2,43.7,D,0
-15.4691,125.6175,323,2.9,1.6,2014-10-15,0230,Terra,MODIS,58,6.2,301.9,35,D,0
-15.4837,125.6155,329.8,2.9,1.6,2014-10-15,0230,Terra,MODIS,66,6.2,303.2,65.5,D,0
-15.4983,125.6135,353.8,2.9,1.6,2014-10-15,0230,Terra,MODIS,96,6.2,304.7,260.8,D,0
-15.4845,125.6086,328.9,2.9,1.6,2014-10-15,0230,Terra,MODIS,60,6.2,303.1,60.2,D,0
-15.4991,125.6066,352.3,2.9,1.6,2014-10-15,0230,Terra,MODIS,95,6.2,304.1,248,D,0
-15.502,125.6342,333.6,2.9,1.6,2014-10-15,0230,Terra,MODIS,79,6.2,304.1,85.9,D,0
-15.5283,125.6027,333.8,2.9,1.6,2014-10-15,0230,Terra,MODIS,81,6.2,304.5,97.3,D,0
-15.5313,125.6302,323.6,2.9,1.6,2014-10-15,0230,Terra,MODIS,11,6.2,302.4,33.6,D,0
-15.5429,125.6009,356.3,2.9,1.6,2014-10-15,0230,Terra,MODIS,98,6.2,303.1,300.8,D,0
-15.5244,125.5828,340.9,2.9,1.6,2014-10-15,0230,Terra,MODIS,88,6.2,302.7,142,D,0
-15.5254,125.5759,339.3,2.9,1.6,2014-10-15,0230,Terra,MODIS,86,6.2,301.8,134.9,D,0
-15.54,125.5741,346.4,2.9,1.6,2014-10-15,0230,Terra,MODIS,92,6.2,301.3,197.5,D,0
-15.4522,125.8747,333.1,3,1.7,2014-10-15,0230,Terra,MODIS,79,6.2,301.4,77.3,D,0
-15.4694,125.8949,328.3,3,1.7,2014-10-15,0230,Terra,MODIS,37,6.2,303.2,50.6,D,0
-15.4544,125.8963,327.7,3,1.7,2014-10-15,0230,Terra,MODIS,21,6.2,303.9,42.9,D,0
-15.541,125.8589,321.5,3,1.7,2014-10-15,0230,Terra,MODIS,52,6.2,301.1,31.4,D,0
-15.5401,125.8525,322,3,1.7,2014-10-15,0230,Terra,MODIS,54,6.2,301.3,34.7,D,0
-15.54,125.9956,325.1,3.1,1.7,2014-10-15,0230,Terra,MODIS,47,6.2,301.3,45.6,D,0
-14.8805,125.8857,327.8,3,1.6,2014-10-15,0230,Terra,MODIS,75,6.2,300.2,71.7,D,0
-14.8123,125.8152,329,2.9,1.6,2014-10-15,0230,Terra,MODIS,52,6.2,302.3,57.3,D,0
-14.8805,125.8908,329.4,3,1.6,2014-10-15,0230,Terra,MODIS,78,6.2,300.4,80.1,D,0
-14.8657,125.8926,340.5,3,1.6,2014-10-15,0230,Terra,MODIS,88,6.2,303.3,154.8,D,0
-14.836,125.8956,324.5,3,1.6,2014-10-15,0230,Terra,MODIS,69,6.2,301.9,45.3,D,0
-14.8985,125.774,343.3,2.9,1.6,2014-10-15,0230,Terra,MODIS,90,6.2,301.5,174.5,D,0
-14.8955,125.7471,325.5,2.9,1.6,2014-10-15,0230,Terra,MODIS,71,6.2,301.8,47.8,D,0
-14.8977,125.7795,341.6,2.9,1.6,2014-10-15,0230,Terra,MODIS,89,6.2,301.3,160,D,0
-14.8945,125.7524,338.9,2.9,1.6,2014-10-15,0230,Terra,MODIS,87,6.2,301.9,134.1,D,0
-14.2185,126.964,324.9,3.5,1.8,2014-10-15,0230,Terra,MODIS,64,6.2,288.2,91,D,0
-14.7716,125.7128,330.7,2.9,1.6,2014-10-15,0230,Terra,MODIS,35,6.2,303.4,57.9,D,0
-14.2081,126.9255,321.6,3.5,1.8,2014-10-15,0230,Terra,MODIS,63,6.2,289.8,66.8,D,0
-14.7707,125.7199,331,2.9,1.6,2014-10-15,0230,Terra,MODIS,30,6.2,303.7,64.2,D,0
-14.2558,126.9204,325.4,3.5,1.8,2014-10-15,0230,Terra,MODIS,78,6.2,292.3,99.9,D,0
-14.2593,126.9526,356.1,3.5,1.8,2014-10-15,0230,Terra,MODIS,98,6.2,292.1,437.9,D,0
-14.2116,126.9582,334.1,3.5,1.8,2014-10-15,0230,Terra,MODIS,81,6.2,290,162,D,0
-17.3168,124.2976,331.5,2.4,1.5,2014-10-15,0231,Terra,MODIS,54,6.2,308.2,44.9,D,0
-17.2871,124.278,339.7,2.4,1.5,2014-10-15,0231,Terra,MODIS,85,6.2,311.6,69.2,D,0
-17.2896,124.3008,345.9,2.4,1.5,2014-10-15,0231,Terra,MODIS,90,6.2,312.4,113.4,D,0
-17.3007,124.2764,338.3,2.4,1.5,2014-10-15,0231,Terra,MODIS,54,6.2,309.8,70.4,D,0
-17.3142,124.2748,341.3,2.4,1.5,2014-10-15,0231,Terra,MODIS,81,6.2,308.1,96.5,D,0
-17.1947,123.3365,330.4,2.1,1.4,2014-10-15,0231,Terra,MODIS,31,6.2,307.4,28.9,D,0
-17.1594,123.269,337.4,2,1.4,2014-10-15,0231,Terra,MODIS,79,6.2,309.3,56,D,0
-17.2176,123.3142,349.9,2,1.4,2014-10-15,0231,Terra,MODIS,93,6.2,308.4,123.8,D,0
-15.5916,125.3811,332,2.8,1.6,2014-10-15,0231,Terra,MODIS,79,6.2,300.1,86.8,D,0
-17.1571,123.25,331.9,2,1.4,2014-10-15,0231,Terra,MODIS,59,6.2,309.7,30.8,D,0
-15.6756,125.4488,337.3,2.8,1.6,2014-10-15,0231,Terra,MODIS,84,6.2,301.1,117.4,D,0
-15.6774,125.4422,335.5,2.8,1.6,2014-10-15,0231,Terra,MODIS,83,6.2,301,105.2,D,0
-17.1734,123.2614,328.9,2,1.4,2014-10-15,0231,Terra,MODIS,48,6.2,308.5,20.2,D,0
-15.5947,125.4081,323.2,2.8,1.6,2014-10-15,0231,Terra,MODIS,25,6.2,299.9,41.2,D,0
-15.5943,125.3752,324,2.8,1.6,2014-10-15,0231,Terra,MODIS,42,6.2,299.9,43.4,D,0
-15.5972,125.4018,323,2.8,1.6,2014-10-15,0231,Terra,MODIS,35,6.2,299.9,39.8,D,0
-16.8324,124.0261,340.3,2.3,1.5,2014-10-15,0231,Terra,MODIS,83,6.2,308.2,83.8,D,0
-16.9288,124.5117,338.6,2.5,1.5,2014-10-15,0231,Terra,MODIS,85,6.2,308.8,79.8,D,0
-16.938,124.5287,334.2,2.5,1.5,2014-10-15,0231,Terra,MODIS,72,6.2,309.9,58.5,D,0
-16.9315,124.5349,339.3,2.5,1.5,2014-10-15,0231,Terra,MODIS,85,6.2,310.7,86.9,D,0
-16.9453,124.5336,332.9,2.5,1.5,2014-10-15,0231,Terra,MODIS,64,6.2,310.4,48.1,D,0
-17.2153,123.2949,334.6,2,1.4,2014-10-15,0231,Terra,MODIS,76,6.2,307,45.3,D,0
-17.1609,123.263,341.9,2,1.4,2014-10-15,0231,Terra,MODIS,86,6.2,309.8,76.4,D,0
-15.9129,126.0846,322.5,3.2,1.7,2014-10-15,0231,Terra,MODIS,57,6.2,300.9,46,D,0
-16.9243,124.5303,341.5,2.5,1.5,2014-10-15,0231,Terra,MODIS,87,6.2,311.1,102.3,D,0
-17.1592,124.1462,340.1,2.4,1.5,2014-10-15,0231,Terra,MODIS,80,6.2,311.7,77.3,D,0
-17.2957,124.231,334.4,2.4,1.5,2014-10-15,0231,Terra,MODIS,53,6.2,310.2,55.4,D,0
-17.1998,123.025,339.8,1.9,1.4,2014-10-15,0231,Terra,MODIS,79,6.2,307.2,61.3,D,0
-16.8675,123.1157,340.3,2,1.4,2014-10-15,0231,Terra,MODIS,86,6.2,308.3,72.6,D,0
-16.8698,123.1341,337.1,2,1.4,2014-10-15,0231,Terra,MODIS,57,6.2,305.8,59,D,0
-17.2582,124.2182,337.8,2.4,1.5,2014-10-15,0231,Terra,MODIS,68,6.2,311.4,66.9,D,0
-16.8848,123.1258,327.9,2,1.4,2014-10-15,0231,Terra,MODIS,34,6.2,304.9,22.2,D,0
-16.8725,123.1273,346.1,2,1.4,2014-10-15,0231,Terra,MODIS,79,6.2,306.7,101.1,D,0
-17.1866,123.0517,349.2,2,1.4,2014-10-15,0231,Terra,MODIS,92,6.2,312.1,108.6,D,0
-17.2797,124.2101,331.6,2.4,1.5,2014-10-15,0231,Terra,MODIS,14,6.2,310.2,38.7,D,0
-16.8827,123.1074,363.2,2,1.4,2014-10-15,0231,Terra,MODIS,100,6.2,306.5,204.4,D,0
-17.2448,124.2197,340.5,2.4,1.5,2014-10-15,0231,Terra,MODIS,81,6.2,311.1,83.9,D,0
-16.8704,123.1089,337.7,2,1.4,2014-10-15,0231,Terra,MODIS,83,6.2,308.2,61.4,D,0
-17.1989,123.0502,352.2,2,1.4,2014-10-15,0231,Terra,MODIS,95,6.2,311,123.2,D,0
-16.848,124.0459,338.9,2.3,1.5,2014-10-15,0231,Terra,MODIS,71,6.2,306.5,78.7,D,0
-16.8348,124.0474,381.5,2.3,1.5,2014-10-15,0231,Terra,MODIS,100,6.2,311.9,470.7,D,0
-17.2019,123.0433,341.5,2,1.4,2014-10-15,0231,Terra,MODIS,85,6.2,308.9,66.5,D,0
-16.9654,123.172,328.3,2,1.4,2014-10-15,0231,Terra,MODIS,34,6.2,306.3,32.1,D,0
-17.5759,125.2923,325.9,2.9,1.6,2014-10-15,0231,Terra,MODIS,34,6.2,305.9,34.7,D,0
-17.5731,125.2655,341.3,2.9,1.6,2014-10-15,0231,Terra,MODIS,86,6.2,308.5,140.2,D,0
-17.5696,125.2443,331.4,2.9,1.6,2014-10-15,0231,Terra,MODIS,70,6.2,307.7,64.6,D,0
-17.1967,123.032,380,1.9,1.4,2014-10-15,0231,Terra,MODIS,100,6.2,309.1,353,D,0
-17.5725,125.2709,338.4,2.9,1.6,2014-10-15,0231,Terra,MODIS,83,6.2,308.4,114.7,D,0
-17.1844,123.0334,360.2,1.9,1.4,2014-10-15,0231,Terra,MODIS,100,6.2,311,181.6,D,0
-17.2527,124.2132,336.8,2.4,1.5,2014-10-15,0231,Terra,MODIS,57,6.2,310.8,59.4,D,0
-15.6639,125.4753,321.4,2.8,1.6,2014-10-15,0231,Terra,MODIS,24,6.2,301.4,28,D,0
-16.0614,125.7898,326.3,3,1.7,2014-10-15,0231,Terra,MODIS,65,6.2,301.1,63,D,0
-16.0763,125.7879,326.8,3,1.7,2014-10-15,0231,Terra,MODIS,68,6.2,299.1,67.3,D,0
-16.0751,125.7809,319.8,3,1.7,2014-10-15,0231,Terra,MODIS,23,6.2,299,31.7,D,0
-16.0465,125.7916,322.2,3,1.7,2014-10-15,0231,Terra,MODIS,49,6.2,300.8,38.7,D,0
-16.0496,125.8201,337.2,3.1,1.7,2014-10-15,0231,Terra,MODIS,85,6.2,301.9,136.8,D,0
-16.0482,125.8136,335.6,3.1,1.7,2014-10-15,0231,Terra,MODIS,84,6.2,301.5,119.6,D,0
-15.6523,125.3728,325.6,2.8,1.6,2014-10-15,0231,Terra,MODIS,50,6.2,300.9,51.4,D,0
-15.6546,125.3662,323.9,2.8,1.6,2014-10-15,0231,Terra,MODIS,46,6.2,300.4,45.2,D,0
-16.0646,125.8183,342.8,3.1,1.7,2014-10-15,0231,Terra,MODIS,89,6.2,303.1,183.9,D,0
-16.0677,125.8466,326.3,3.1,1.7,2014-10-15,0231,Terra,MODIS,71,6.2,302,59.6,D,0
-16.0632,125.8117,341.4,3.1,1.7,2014-10-15,0231,Terra,MODIS,88,6.2,302.7,168.6,D,0
-16.0661,125.8399,326.2,3.1,1.7,2014-10-15,0231,Terra,MODIS,45,6.2,302.5,57,D,0
-16.0795,125.8162,351.2,3.1,1.7,2014-10-15,0231,Terra,MODIS,95,6.2,300.3,269.5,D,0
-16.0827,125.845,332.3,3.1,1.7,2014-10-15,0231,Terra,MODIS,80,6.2,300.8,99.2,D,0
-16.0781,125.8097,350.4,3.1,1.7,2014-10-15,0231,Terra,MODIS,94,6.2,300.3,262.5,D,0
-16.0811,125.838,339.5,3.1,1.7,2014-10-15,0231,Terra,MODIS,87,6.2,301,155.6,D,0
-18.6145,125.0018,325.5,2.9,1.6,2014-10-15,0231,Terra,MODIS,29,6.2,307.8,33.5,D,0
-18.6262,124.9727,325.7,2.9,1.6,2014-10-15,0231,Terra,MODIS,28,6.2,305.2,35.3,D,0
-18.6291,124.9998,326.4,2.9,1.6,2014-10-15,0231,Terra,MODIS,35,6.2,306.1,39.3,D,0
-18.616,124.996,325.5,2.9,1.6,2014-10-15,0231,Terra,MODIS,38,6.2,307.4,35.9,D,0
-18.6305,124.9939,327.7,2.9,1.6,2014-10-15,0231,Terra,MODIS,54,6.2,305.6,47.8,D,0
-19.9687,124.2526,346.7,2.6,1.6,2014-10-15,0232,Terra,MODIS,91,6.2,310.1,157,D,0
-19.9734,124.2465,349,2.6,1.6,2014-10-15,0232,Terra,MODIS,92,6.2,309.2,173.3,D,0
-19.5903,125.2593,326.3,3.1,1.7,2014-10-15,0232,Terra,MODIS,36,6.2,308.7,32.9,D,0
-20.0183,123.2785,347.9,2.2,1.4,2014-10-15,0232,Terra,MODIS,91,6.2,306.7,111.6,D,0
-19.9791,123.2833,343.1,2.2,1.4,2014-10-15,0232,Terra,MODIS,87,6.2,302.2,104.6,D,0
-20.0313,123.277,343.6,2.2,1.4,2014-10-15,0232,Terra,MODIS,88,6.2,308.2,84.3,D,0
-20.0075,123.3014,350,2.2,1.4,2014-10-15,0232,Terra,MODIS,93,6.2,310.7,137.7,D,0
-19.9899,123.2605,354.1,2.2,1.4,2014-10-15,0232,Terra,MODIS,96,6.2,306.2,176.3,D,0
-21.0394,123.8361,328.4,2.5,1.5,2014-10-15,0232,Terra,MODIS,61,6.2,307.7,31,D,0
-19.9922,123.2817,344,2.2,1.4,2014-10-15,0232,Terra,MODIS,83,6.2,306.6,105.7,D,0
-19.9793,123.2684,349.5,2.2,1.4,2014-10-15,0232,Terra,MODIS,93,6.2,306.9,150.1,D,0
-20.0206,123.2998,353.5,2.2,1.4,2014-10-15,0232,Terra,MODIS,96,6.2,306.6,154.7,D,0
-20.8686,122.5215,354.3,2,1.4,2014-10-15,0232,Terra,MODIS,96,6.2,308.4,161.4,D,0
-20.8704,122.5158,344.2,2,1.4,2014-10-15,0232,Terra,MODIS,88,6.2,307,102.9,D,0
-20.8104,122.4509,340.3,2,1.4,2014-10-15,0232,Terra,MODIS,84,6.2,309.9,75.5,D,0
-20.8083,122.4319,344.3,2,1.4,2014-10-15,0232,Terra,MODIS,88,6.2,309.2,95.4,D,0
-20.8001,122.4716,327.6,2,1.4,2014-10-15,0232,Terra,MODIS,41,6.2,311.2,25.6,D,0
-20.798,122.4524,334,2,1.4,2014-10-15,0232,Terra,MODIS,74,6.2,310.9,49.6,D,0
-20.7959,122.4595,329.5,2,1.4,2014-10-15,0232,Terra,MODIS,62,6.2,311.2,31,D,0
-21.4666,121.594,335,1.8,1.3,2014-10-15,0232,Terra,MODIS,52,6.2,317.1,27.5,D,0
-21.4686,121.6109,334.4,1.8,1.3,2014-10-15,0232,Terra,MODIS,56,6.2,316.8,27.3,D,0
-21.4706,121.5251,342,1.7,1.3,2014-10-15,0232,Terra,MODIS,74,6.2,316.7,52.1,D,0
-21.4686,121.5084,368.8,1.7,1.3,2014-10-15,0232,Terra,MODIS,100,6.2,313.7,200.9,D,0
-21.4589,121.5266,346.7,1.7,1.3,2014-10-15,0232,Terra,MODIS,89,6.2,315.5,72.3,D,0
-21.457,121.5098,354,1.7,1.3,2014-10-15,0232,Terra,MODIS,96,6.2,314,109.2,D,0
-21.4472,121.5281,336.2,1.7,1.3,2014-10-15,0232,Terra,MODIS,71,6.2,316.6,35.3,D,0
-21.5176,121.622,342.2,1.8,1.3,2014-10-15,0232,Terra,MODIS,85,6.2,318.2,53.5,D,0
-21.5126,121.6168,334.2,1.8,1.3,2014-10-15,0232,Terra,MODIS,71,6.2,318.7,27.1,D,0
-21.5145,121.6339,337.1,1.8,1.3,2014-10-15,0232,Terra,MODIS,79,6.2,316.6,37.7,D,0
-20.8724,122.5351,349.8,2,1.4,2014-10-15,0232,Terra,MODIS,85,6.2,304.8,137.8,D,0
-21.9051,127.4537,331.6,4.8,2,2014-10-15,0232,Terra,MODIS,73,6.2,305.7,156.4,D,0
-20.0421,123.2544,333.7,2.2,1.4,2014-10-15,0232,Terra,MODIS,37,6.2,292.6,39.6,D,0
-21.8815,127.4046,338.7,4.7,2,2014-10-15,0232,Terra,MODIS,83,6.2,310.1,244.8,D,0
-20.105,123.2412,341.1,2.2,1.4,2014-10-15,0232,Terra,MODIS,79,6.2,291.9,98.2,D,0
-20.0444,123.2755,341.6,2.2,1.4,2014-10-15,0232,Terra,MODIS,86,6.2,311.4,78.6,D,0
-21.8689,127.4566,339.1,4.8,2,2014-10-15,0232,Terra,MODIS,84,6.2,310.1,241.1,D,0
-21.8833,127.4094,351.8,4.7,2,2014-10-15,0232,Terra,MODIS,95,6.2,310.8,480,D,0
-20.3145,124.6664,332.9,2.9,1.6,2014-10-15,0232,Terra,MODIS,65,6.2,308,67.3,D,0
-20.3026,124.6954,332.8,2.9,1.6,2014-10-15,0232,Terra,MODIS,75,6.2,310,66.3,D,0
-21.887,127.4552,374.7,4.8,2,2014-10-15,0232,Terra,MODIS,100,6.2,310,1121.4,D,0
-20.2999,124.6679,330.5,2.9,1.6,2014-10-15,0232,Terra,MODIS,58,6.2,312.3,50.4,D,0
-20.3092,124.6119,337.2,2.8,1.6,2014-10-15,0232,Terra,MODIS,81,6.2,309.1,94.5,D,0
-20.3017,124.7025,330,2.9,1.6,2014-10-15,0232,Terra,MODIS,69,6.2,309.8,45.7,D,0
-21.9013,127.4079,345.6,4.7,2,2014-10-15,0232,Terra,MODIS,90,6.2,306.5,365.9,D,0
-21.9031,127.449,340.2,4.8,2,2014-10-15,0232,Terra,MODIS,85,6.2,305.9,280.1,D,0
-20.0421,123.2704,342,2.2,1.4,2014-10-15,0232,Terra,MODIS,78,6.2,308.8,77.7,D,0
-21.8996,127.4031,342.9,4.7,2,2014-10-15,0232,Terra,MODIS,87,6.2,307.1,318.8,D,0
-21.885,127.4505,375.3,4.8,2,2014-10-15,0232,Terra,MODIS,100,6.2,311,1143.5,D,0
-21.8669,127.4519,337,4.8,2,2014-10-15,0232,Terra,MODIS,81,6.2,310.3,213.4,D,0
-24.6862,123.3068,334.4,2.6,1.5,2014-10-15,0233,Terra,MODIS,76,6.2,309.7,66.8,D,0
-24.6979,123.2798,343.8,2.6,1.5,2014-10-15,0233,Terra,MODIS,88,6.2,311.2,131.1,D,0
-24.7002,123.3054,328.6,2.6,1.5,2014-10-15,0233,Terra,MODIS,62,6.2,308.8,41,D,0
-24.7118,123.2784,333.5,2.6,1.5,2014-10-15,0233,Terra,MODIS,74,6.2,309.3,65.4,D,0
-23.1831,122.4534,334.5,2.1,1.4,2014-10-15,0233,Terra,MODIS,75,6.2,315.4,46.7,D,0
-23.1852,122.4743,334.3,2.1,1.4,2014-10-15,0233,Terra,MODIS,74,6.2,315.9,47.4,D,0
-23.1959,122.4519,349.9,2.1,1.4,2014-10-15,0233,Terra,MODIS,93,6.2,313.5,125.9,D,0
-23.4699,121.965,346.8,2,1.4,2014-10-15,0233,Terra,MODIS,90,6.2,313.4,102.8,D,0
-23.4682,121.972,342.1,2,1.4,2014-10-15,0233,Terra,MODIS,85,6.2,313.2,79.8,D,0
-23.1981,122.4728,346,2.1,1.4,2014-10-15,0233,Terra,MODIS,89,6.2,312.8,103.4,D,0
-23.1408,121.9316,343.7,2,1.4,2014-10-15,0233,Terra,MODIS,84,6.2,312.1,77,D,0
-23.1552,121.9492,334.6,2,1.4,2014-10-15,0233,Terra,MODIS,45,6.2,314.7,36.4,D,0
-23.466,121.9526,336.3,2,1.4,2014-10-15,0233,Terra,MODIS,74,6.2,311.6,51.7,D,0
-23.509,122.3479,358.8,2.1,1.4,2014-10-15,0233,Terra,MODIS,99,6.2,315,195.2,D,0
-23.5049,122.3065,337.8,2.1,1.4,2014-10-15,0233,Terra,MODIS,70,6.2,313.1,61.1,D,0
-23.4983,122.3701,333.9,2.1,1.4,2014-10-15,0233,Terra,MODIS,64,6.2,309,46.6,D,0
-23.4855,122.3716,332.8,2.1,1.4,2014-10-15,0233,Terra,MODIS,51,6.2,305.5,39.7,D,0
-22.6768,122.4446,359,2.1,1.4,2014-10-15,0233,Terra,MODIS,99,6.2,307.1,205.6,D,0
-23.4834,122.3508,336.8,2.1,1.4,2014-10-15,0233,Terra,MODIS,67,6.2,311.6,53,D,0
-23.5122,122.3752,340.2,2.1,1.4,2014-10-15,0233,Terra,MODIS,83,6.2,310.7,74.5,D,0
-23.4163,122.1996,340.6,2.1,1.4,2014-10-15,0233,Terra,MODIS,83,6.2,317.1,64,D,0
-23.5099,122.3546,372.9,2.1,1.4,2014-10-15,0233,Terra,MODIS,100,6.2,315.3,320.4,D,0
-23.5055,122.3132,337.4,2.1,1.4,2014-10-15,0233,Terra,MODIS,75,6.2,312.1,55.3,D,0
-23.4971,122.3561,336.7,2.1,1.4,2014-10-15,0233,Terra,MODIS,69,6.2,311.4,53.1,D,0
-23.4843,122.3575,342.4,2.1,1.4,2014-10-15,0233,Terra,MODIS,81,6.2,309.5,79,D,0
-23.4715,122.3588,346.7,2.1,1.4,2014-10-15,0233,Terra,MODIS,90,6.2,311.8,104.6,D,0
-23.4628,122.2764,334.7,2.1,1.4,2014-10-15,0233,Terra,MODIS,62,6.2,312.9,37.2,D,0
-23.4184,122.2198,347,2.1,1.4,2014-10-15,0233,Terra,MODIS,90,6.2,315.4,95.2,D,0
-23.3777,122.2098,352.8,2.1,1.4,2014-10-15,0233,Terra,MODIS,95,6.2,309.9,138.5,D,0
-23.6047,122.1439,332.7,2.1,1.4,2014-10-15,0233,Terra,MODIS,72,6.2,312.7,35.6,D,0
-23.4467,123.4822,370.4,2.6,1.5,2014-10-15,0233,Terra,MODIS,100,6.2,315.2,381.8,D,0
-23.4493,123.5074,330.6,2.6,1.5,2014-10-15,0233,Terra,MODIS,50,6.2,309.7,36.4,D,0
-23.4379,123.4762,336.9,2.6,1.5,2014-10-15,0233,Terra,MODIS,80,6.2,312.9,70.1,D,0
-23.4518,123.4747,382.1,2.6,1.5,2014-10-15,0233,Terra,MODIS,100,6.2,316.5,557.9,D,0
-23.4542,123.4999,363.8,2.6,1.5,2014-10-15,0233,Terra,MODIS,100,6.2,311.8,303.2,D,0
-23.5528,123.5867,430,2.6,1.6,2014-10-15,0233,Terra,MODIS,100,6.2,314.9,1903.1,D,0
-23.5388,123.5881,444,2.6,1.6,2014-10-15,0233,Terra,MODIS,100,6.2,325.1,2514.9,D,0
-23.4657,123.4731,380.7,2.6,1.5,2014-10-15,0233,Terra,MODIS,100,6.2,317.2,535.6,D,0
-23.4681,123.4984,355,2.6,1.5,2014-10-15,0233,Terra,MODIS,96,6.2,311.2,213,D,0
-23.4772,123.4463,360.4,2.5,1.5,2014-10-15,0233,Terra,MODIS,100,6.2,313.4,263.3,D,0
-23.4796,123.4715,414.5,2.6,1.5,2014-10-15,0233,Terra,MODIS,100,6.2,317.7,1305.3,D,0
-23.4821,123.4969,362.4,2.6,1.5,2014-10-15,0233,Terra,MODIS,100,6.2,309.4,291.5,D,0
-23.4911,123.4448,357.4,2.5,1.5,2014-10-15,0233,Terra,MODIS,98,6.2,311.8,235.6,D,0
-23.4935,123.4701,367.5,2.6,1.5,2014-10-15,0233,Terra,MODIS,100,6.2,311.5,349.1,D,0
-24.1508,121.8005,331.7,2,1.4,2014-10-15,0233,Terra,MODIS,63,6.2,316.6,26.8,D,0
-24.1674,121.838,344.2,2,1.4,2014-10-15,0233,Terra,MODIS,87,6.2,316.7,81.1,D,0
-24.1693,121.8309,336.5,2,1.4,2014-10-15,0233,Terra,MODIS,68,6.2,317.2,43.8,D,0
-24.1713,121.8505,333.7,2,1.4,2014-10-15,0233,Terra,MODIS,68,6.2,314.3,35.9,D,0
-22.6808,122.48,354.3,2.1,1.4,2014-10-15,0233,Terra,MODIS,96,6.2,309.3,169.6,D,0
-23.5059,123.5968,416.7,2.6,1.6,2014-10-15,0233,Terra,MODIS,100,6.2,318.7,1417.9,D,0
-22.6788,122.4596,353.8,2.1,1.4,2014-10-15,0233,Terra,MODIS,96,6.2,307.3,166.4,D,0
-23.5025,123.4185,341.9,2.5,1.5,2014-10-15,0233,Terra,MODIS,86,6.2,311.4,106.2,D,0
-23.5247,123.5895,380.5,2.6,1.6,2014-10-15,0233,Terra,MODIS,100,6.2,312.1,552.4,D,0
-23.513,123.6167,359.1,2.6,1.6,2014-10-15,0233,Terra,MODIS,99,6.2,309.5,262.7,D,0
-23.5106,123.5909,390.3,2.6,1.6,2014-10-15,0233,Terra,MODIS,100,6.2,314.5,733.5,D,0
-23.5481,123.5928,435.7,2.6,1.6,2014-10-15,0233,Terra,MODIS,100,6.2,318,2131.1,D,0
-23.534,123.5941,417.7,2.6,1.6,2014-10-15,0233,Terra,MODIS,100,6.2,315.9,1449.4,D,0
-23.52,123.5955,359.3,2.6,1.6,2014-10-15,0233,Terra,MODIS,99,6.2,309.4,260.8,D,0
-22.679,122.465,357.9,2.1,1.4,2014-10-15,0233,Terra,MODIS,98,6.2,308,192.1,D,0
-23.5084,123.6227,347.9,2.6,1.6,2014-10-15,0233,Terra,MODIS,91,6.2,309.6,155.6,D,0
-22.6812,122.4854,352.7,2.1,1.4,2014-10-15,0233,Terra,MODIS,95,6.2,309.1,154.9,D,0
-22.6767,122.4391,353.2,2.1,1.4,2014-10-15,0233,Terra,MODIS,95,6.2,306.1,168.2,D,0
-23.505,123.4434,381.6,2.5,1.5,2014-10-15,0233,Terra,MODIS,100,6.2,313.1,551.5,D,0
-23.5075,123.4687,394.4,2.6,1.5,2014-10-15,0233,Terra,MODIS,100,6.2,313.2,800.1,D,0
-23.5175,123.5698,343.8,2.6,1.6,2014-10-15,0233,Terra,MODIS,88,6.2,310.8,121.6,D,0
-23.5164,123.4171,370.4,2.5,1.5,2014-10-15,0233,Terra,MODIS,100,6.2,314.3,384.6,D,0
-23.5189,123.4421,349.8,2.5,1.5,2014-10-15,0233,Terra,MODIS,93,6.2,309,169.5,D,0
-23.5315,123.5684,411.2,2.6,1.6,2014-10-15,0233,Terra,MODIS,100,6.2,319.1,1243.1,D,0
-23.5303,123.4157,336.2,2.5,1.5,2014-10-15,0233,Terra,MODIS,79,6.2,310.1,76.5,D,0
-23.5456,123.5671,453.5,2.6,1.6,2014-10-15,0233,Terra,MODIS,100,6.2,324.2,2984.4,D,0
-23.4968,123.4387,349.2,2.5,1.5,2014-10-15,0233,Terra,MODIS,92,6.2,312,162.2,D,0
-23.4991,123.464,380.6,2.6,1.5,2014-10-15,0233,Terra,MODIS,100,6.2,316.1,538.6,D,0
-23.5014,123.4893,328.5,2.6,1.5,2014-10-15,0233,Terra,MODIS,58,6.2,308,33.3,D,0
-22.609,122.418,333.7,2.1,1.4,2014-10-15,0233,Terra,MODIS,31,6.2,310.2,46.6,D,0
-23.5084,123.4124,340.8,2.5,1.5,2014-10-15,0233,Terra,MODIS,84,6.2,312.1,100.8,D,0
-23.4919,123.5984,350.6,2.6,1.6,2014-10-15,0233,Terra,MODIS,93,6.2,314.2,180.2,D,0
-23.5107,123.4374,359,2.5,1.5,2014-10-15,0233,Terra,MODIS,99,6.2,310.6,253.5,D,0
-23.513,123.4626,385.8,2.6,1.5,2014-10-15,0233,Terra,MODIS,100,6.2,309.8,631.6,D,0
-23.5223,123.5639,342,2.6,1.6,2014-10-15,0233,Terra,MODIS,86,6.2,310.5,113.9,D,0
-23.5222,123.411,357.2,2.5,1.5,2014-10-15,0233,Terra,MODIS,98,6.2,313.2,238.1,D,0
-23.5246,123.436,353.6,2.5,1.5,2014-10-15,0233,Terra,MODIS,95,6.2,309.8,206.3,D,0
-23.5364,123.5625,400.5,2.6,1.6,2014-10-15,0233,Terra,MODIS,100,6.2,319,960.7,D,0
-23.5504,123.561,411.8,2.6,1.6,2014-10-15,0233,Terra,MODIS,100,6.2,313,1270.2,D,0
-22.6112,122.4383,334.8,2.1,1.4,2014-10-15,0233,Terra,MODIS,41,6.2,312.8,46.6,D,0
-22.6003,122.4536,333.4,2.1,1.4,2014-10-15,0233,Terra,MODIS,23,6.2,311.2,41,D,0
-22.89,121.7464,337.3,1.9,1.3,2014-10-15,0233,Terra,MODIS,46,6.2,313.7,50.7,D,0
-22.8859,121.7535,337.4,1.9,1.3,2014-10-15,0233,Terra,MODIS,39,6.2,314.7,50.4,D,0
-23.1333,123.4838,328.5,2.5,1.5,2014-10-15,0233,Terra,MODIS,39,6.2,309.6,34.3,D,0
-23.7952,122.3603,355.7,2.1,1.4,2014-10-15,0233,Terra,MODIS,97,6.2,318.4,165.6,D,0
-23.5111,122.3686,357.4,2.1,1.4,2014-10-15,0233,Terra,MODIS,98,6.2,311.8,185,D,0
-23.7973,122.3814,345.8,2.2,1.4,2014-10-15,0233,Terra,MODIS,89,6.2,314,103.6,D,0
-23.8081,122.3588,333.5,2.1,1.4,2014-10-15,0233,Terra,MODIS,69,6.2,317.3,40.9,D,0
-23.8102,122.3799,333.5,2.2,1.4,2014-10-15,0233,Terra,MODIS,66,6.2,314.1,44.8,D,0
-23.8231,122.3783,350,2.2,1.4,2014-10-15,0233,Terra,MODIS,93,6.2,315.6,129.5,D,0
-22.611,122.4317,337,2.1,1.4,2014-10-15,0233,Terra,MODIS,68,6.2,312.3,59.2,D,0
-23.5155,122.0391,345.9,2,1.4,2014-10-15,0233,Terra,MODIS,89,6.2,302.4,97.6,D,0
-23.8382,121.896,358.6,2,1.4,2014-10-15,0233,Terra,MODIS,99,6.2,310.2,177.4,D,0
-23.8486,121.8749,355.1,2,1.4,2014-10-15,0233,Terra,MODIS,96,6.2,312.2,146.8,D,0
-23.8507,121.8945,357.7,2,1.4,2014-10-15,0233,Terra,MODIS,98,6.2,312.3,166.2,D,0
-23.861,121.8734,343.5,2,1.4,2014-10-15,0233,Terra,MODIS,87,6.2,314,83.2,D,0
-23.8734,121.872,337.8,2,1.4,2014-10-15,0233,Terra,MODIS,80,6.2,315.1,58.2,D,0
-23.5134,122.0193,362.3,2,1.4,2014-10-15,0233,Terra,MODIS,100,6.2,303.3,200.4,D,0
-23.5113,121.9995,346.2,2,1.4,2014-10-15,0233,Terra,MODIS,85,6.2,310.7,93.3,D,0
-23.501,122.0208,368.3,2,1.4,2014-10-15,0233,Terra,MODIS,100,6.2,306.8,255.6,D,0
-22.6216,122.4099,350.8,2.1,1.4,2014-10-15,0233,Terra,MODIS,93,6.2,308.3,136.1,D,0
-22.6364,122.4287,341.4,2.1,1.4,2014-10-15,0233,Terra,MODIS,76,6.2,308.8,79.7,D,0
-22.664,122.446,335.9,2.1,1.4,2014-10-15,0233,Terra,MODIS,39,6.2,309,60.3,D,0
-23.5219,122.3464,345.6,2.1,1.4,2014-10-15,0233,Terra,MODIS,89,6.2,307.6,107.8,D,0
-23.524,122.3671,336.5,2.1,1.4,2014-10-15,0233,Terra,MODIS,78,6.2,304.7,60.5,D,0
-23.4989,122.001,348.8,2,1.4,2014-10-15,0233,Terra,MODIS,92,6.2,311.2,112.9,D,0
-23.4885,122.0222,331,2,1.4,2014-10-15,0233,Terra,MODIS,16,6.2,300.4,33.8,D,0
-23.4803,121.944,342.3,2,1.4,2014-10-15,0233,Terra,MODIS,86,6.2,314.4,75.3,D,0
-23.8755,121.8915,332.3,2,1.4,2014-10-15,0233,Terra,MODIS,65,6.2,312.7,37.7,D,0
-23.8403,121.9156,347.2,2,1.4,2014-10-15,0233,Terra,MODIS,90,6.2,310.8,109,D,0
-23.8278,121.9171,353.5,2,1.4,2014-10-15,0233,Terra,MODIS,95,6.2,309.6,152,D,0
-23.8261,121.924,336.7,2,1.4,2014-10-15,0233,Terra,MODIS,79,6.2,308.7,65.2,D,0
-23.4783,121.9247,334.8,2,1.4,2014-10-15,0233,Terra,MODIS,75,6.2,313.2,43.5,D,0
-23.824,121.9044,335.2,2,1.4,2014-10-15,0233,Terra,MODIS,74,6.2,306.3,55,D,0
-24.4913,123.6645,328,2.7,1.6,2014-10-15,0233,Terra,MODIS,53,6.2,311.1,33.9,D,0
-22.6662,122.4664,334.6,2.1,1.4,2014-10-15,0233,Terra,MODIS,49,6.2,309.1,49.4,D,0
-23.1097,123.3868,331.6,2.5,1.5,2014-10-15,0233,Terra,MODIS,61,6.2,310.2,48.7,D,0
-24.6675,123.3156,330.6,2.6,1.5,2014-10-15,0233,Terra,MODIS,61,6.2,311.1,45.9,D,0
-24.679,123.2884,337,2.6,1.5,2014-10-15,0233,Terra,MODIS,73,6.2,311.2,75.1,D,0
-24.6815,123.3139,339.9,2.6,1.5,2014-10-15,0233,Terra,MODIS,83,6.2,310.5,96.9,D,0
-24.693,123.287,340.1,2.6,1.5,2014-10-15,0233,Terra,MODIS,84,6.2,310.6,98,D,0
-24.6722,123.3083,343.6,2.6,1.5,2014-10-15,0233,Terra,MODIS,87,6.2,312.6,125.8,D,0
-24.6839,123.2811,332.4,2.6,1.5,2014-10-15,0233,Terra,MODIS,65,6.2,310.4,53,D,0
-24.5841,123.1018,339.5,2.5,1.5,2014-10-15,0233,Terra,MODIS,83,6.2,309.1,94.4,D,0
-22.4152,117.5017,337.8,1.1,1,2014-10-15,0233,Terra,MODIS,77,6.2,319.5,18.1,D,0
-22.3939,117.4841,350.8,1.1,1,2014-10-15,0233,Terra,MODIS,93,6.2,320.2,41.9,D,0
-22.3846,117.4855,335.4,1.1,1,2014-10-15,0233,Terra,MODIS,68,6.2,321.7,12.9,D,0
-22.472,117.5923,345.7,1.1,1,2014-10-15,0233,Terra,MODIS,88,6.2,316.3,34.7,D,0
-22.4734,117.6027,334.1,1.1,1,2014-10-15,0233,Terra,MODIS,34,6.2,314.1,12.7,D,0
-22.4715,117.5186,331.3,1.1,1,2014-10-15,0233,Terra,MODIS,29,6.2,316.5,9.3,D,0
-22.4827,117.6012,354.2,1.1,1,2014-10-15,0233,Terra,MODIS,96,6.2,315.9,55.2,D,0
-22.4934,117.6102,342.4,1.1,1,2014-10-15,0233,Terra,MODIS,84,6.2,317.4,29.6,D,0
-22.5013,117.5984,332.5,1.1,1,2014-10-15,0233,Terra,MODIS,56,6.2,314.1,14.6,D,0
-22.5027,117.6088,338.9,1.1,1,2014-10-15,0233,Terra,MODIS,74,6.2,313.9,24.1,D,0
-24.5704,123.1034,350.8,2.5,1.5,2014-10-15,0233,Terra,MODIS,93,6.2,312.2,174.6,D,0
-24.5866,123.1267,342.2,2.5,1.5,2014-10-15,0233,Terra,MODIS,86,6.2,310.6,112.1,D,0
-22.458,117.4891,333,1.1,1,2014-10-15,0233,Terra,MODIS,67,6.2,319.2,13.8,D,0
-22.4706,117.582,341.2,1.1,1,2014-10-15,0233,Terra,MODIS,82,6.2,316.3,25.4,D,0
-22.4594,117.4994,332.6,1.1,1,2014-10-15,0233,Terra,MODIS,54,6.2,317.5,11.6,D,0
-25.8453,126.6831,326.9,4.6,2,2014-10-15,0233,Terra,MODIS,59,6.2,309.5,77.3,D,0
-22.453,117.5697,341,1.1,1,2014-10-15,0233,Terra,MODIS,82,6.2,317.4,22.7,D,0
-22.4516,117.5593,360.2,1.1,1,2014-10-15,0233,Terra,MODIS,100,6.2,320.2,69,D,0
-22.443,117.4974,334.6,1.1,1,2014-10-15,0233,Terra,MODIS,33,6.2,317.9,12.9,D,0
-22.4523,117.496,355.4,1.1,1,2014-10-15,0233,Terra,MODIS,96,6.2,319.3,56.2,D,0
-24.4919,123.8304,331.5,2.8,1.6,2014-10-15,0233,Terra,MODIS,71,6.2,311.7,53.2,D,0
-22.4623,117.5682,371.4,1.1,1,2014-10-15,0233,Terra,MODIS,100,6.2,317.5,108.2,D,0
-22.4609,117.5579,377.8,1.1,1,2014-10-15,0233,Terra,MODIS,100,6.2,319.7,133.3,D,0
-23.3799,122.2301,398.4,2.1,1.4,2014-10-15,0233,Terra,MODIS,100,6.2,316.6,645.7,D,0
-23.3925,122.2285,350.3,2.1,1.4,2014-10-15,0233,Terra,MODIS,93,6.2,309.9,117,D,0
-23.3947,122.2488,356.9,2.1,1.4,2014-10-15,0233,Terra,MODIS,98,6.2,311.7,164.9,D,0
-24.4774,123.832,329.7,2.8,1.6,2014-10-15,0233,Terra,MODIS,61,6.2,312,40.2,D,0
-23.3804,122.2244,389.8,2.1,1.4,2014-10-15,0233,Terra,MODIS,100,6.2,316.2,510.7,D,0
-24.5631,123.0988,334.4,2.5,1.5,2014-10-15,0233,Terra,MODIS,76,6.2,311.5,66.4,D,0
-23.3824,122.2447,349.2,2.1,1.4,2014-10-15,0233,Terra,MODIS,92,6.2,311.6,113.5,D,0
-23.3951,122.2431,356.4,2.1,1.4,2014-10-15,0233,Terra,MODIS,97,6.2,312.3,158.9,D,0
-24.5728,123.1282,341.8,2.5,1.5,2014-10-15,0233,Terra,MODIS,86,6.2,311.2,107,D,0
-22.7243,123.4296,326.6,2.5,1.5,2014-10-15,0233,Terra,MODIS,52,6.2,309.7,28.5,D,0
-24.5654,123.1236,343.2,2.5,1.5,2014-10-15,0233,Terra,MODIS,87,6.2,311.5,119.8,D,0
-25.844,126.6763,327.3,4.6,2,2014-10-15,0233,Terra,MODIS,62,6.2,309.5,83.8,D,0
-25.8197,126.3224,326.2,4.4,1.9,2014-10-15,0233,Terra,MODIS,56,6.2,309.3,73.7,D,0
-25.8372,126.321,328.4,4.4,1.9,2014-10-15,0233,Terra,MODIS,65,6.2,309,96.9,D,0
-25.8205,126.3154,327.3,4.4,1.9,2014-10-15,0233,Terra,MODIS,61,6.2,309.5,85.2,D,0
-25.838,126.314,326.7,4.4,1.9,2014-10-15,0233,Terra,MODIS,59,6.2,309,79.1,D,0
-24.5791,123.1221,348.6,2.5,1.5,2014-10-15,0233,Terra,MODIS,92,6.2,312.2,160.4,D,0
-23.9103,124.737,330,3.2,1.7,2014-10-15,0233,Terra,MODIS,69,6.2,312.9,57.3,D,0
-24.5566,123.1049,332.5,2.5,1.5,2014-10-15,0233,Terra,MODIS,67,6.2,311.8,53.1,D,0
-24.5679,123.0787,327.3,2.5,1.5,2014-10-15,0233,Terra,MODIS,25,6.2,309.3,28.8,D,0
-24.5768,123.0972,342.5,2.5,1.5,2014-10-15,0233,Terra,MODIS,86,6.2,310.5,116,D,0
-31.8556,115.8908,320.4,1.1,1.1,2014-10-15,0235,Terra,MODIS,37,6.2,305.7,4.6,D,0
-32.6507,116.2952,319,1.2,1.1,2014-10-15,0235,Terra,MODIS,65,6.2,302.7,14.3,D,0
-32.0643,115.9087,321.5,1.1,1.1,2014-10-15,0235,Terra,MODIS,39,6.2,306.5,5.9,D,0
-32.0658,115.9206,322.1,1.1,1.1,2014-10-15,0235,Terra,MODIS,61,6.2,305.5,6.3,D,2
-31.3608,116.3146,322.2,1.1,1.1,2014-10-15,0235,Terra,MODIS,48,6.2,308.9,10.4,D,0
-31.8572,115.9026,320.6,1.1,1.1,2014-10-15,0235,Terra,MODIS,41,6.2,305.4,4.8,D,0
-32.0998,115.8057,322,1.1,1.1,2014-10-15,0235,Terra,MODIS,46,6.2,305.5,7.5,D,0
-32.6522,116.3078,314.5,1.2,1.1,2014-10-15,0235,Terra,MODIS,48,6.2,302.5,9,D,0
-33.9448,116.1748,309.9,1.2,1.1,2014-10-15,0236,Terra,MODIS,55,6.2,297.3,7.5,D,0
-42.5527,147.6527,310.7,2.9,1.6,2014-10-15,0332,Aqua,MODIS,33,6.2,289.9,40.2,D,0
-29.967,152.924,331.9,1.1,1,2014-10-15,0335,Aqua,MODIS,86,6.2,297.1,29.4,D,0
-29.9763,152.9256,320.3,1.1,1,2014-10-15,0335,Aqua,MODIS,63,6.2,292.9,15.2,D,0
-30.6283,152.6906,317.2,1.1,1,2014-10-15,0335,Aqua,MODIS,42,6.2,294,13.6,D,0
-31.8451,147.8233,324.8,2.1,1.4,2014-10-15,0335,Aqua,MODIS,78,6.2,303.2,42.9,D,0
-31.847,147.8005,317.4,2.1,1.4,2014-10-15,0335,Aqua,MODIS,68,6.2,300.6,21.6,D,0
-28.2761,152.3192,314.3,1.1,1,2014-10-15,0336,Aqua,MODIS,46,6.2,297.2,9.7,D,0
-27.6741,151.6801,334,1.1,1.1,2014-10-15,0336,Aqua,MODIS,84,6.2,305.1,28.6,D,0
-27.6777,151.6874,328.9,1.1,1.1,2014-10-15,0336,Aqua,MODIS,79,6.2,304.5,20.4,D,0
-27.6791,151.6759,334.7,1.1,1.1,2014-10-15,0336,Aqua,MODIS,85,6.2,305.4,29.9,D,0
-28.4538,148.6435,320.2,1.7,1.3,2014-10-15,0336,Aqua,MODIS,55,6.2,304,11.2,D,0
-27.3176,152.9831,317.5,1,1,2014-10-15,0336,Aqua,MODIS,53,6.2,304.4,4.2,D,2
-26.9275,151.9816,323.8,1.1,1,2014-10-15,0336,Aqua,MODIS,67,6.2,304.2,14.7,D,0
-27.3191,152.9728,316.6,1,1,2014-10-15,0336,Aqua,MODIS,58,6.2,304,3.1,D,0
-28.6168,152.4443,312.2,1.1,1,2014-10-15,0336,Aqua,MODIS,47,6.2,297.9,7.7,D,0
-28.9279,149.4167,337.7,1.5,1.2,2014-10-15,0336,Aqua,MODIS,86,6.2,307.8,51.5,D,0
-28.9262,149.4325,322.4,1.5,1.2,2014-10-15,0336,Aqua,MODIS,68,6.2,304.9,14.1,D,0
-28.9168,149.4152,321.8,1.5,1.2,2014-10-15,0336,Aqua,MODIS,62,6.2,307.8,13.3,D,0
-28.8753,152.5733,329.1,1.1,1,2014-10-15,0336,Aqua,MODIS,83,6.2,302,22.3,D,0
-25.1742,149.6505,324,1.3,1.1,2014-10-15,0337,Aqua,MODIS,68,6.2,306.3,17.3,D,0
-24.9726,148.2569,317.9,1.6,1.3,2014-10-15,0337,Aqua,MODIS,52,6.2,300.4,21.5,D,0
-23.167,150.6011,329.7,1.1,1.1,2014-10-15,0337,Aqua,MODIS,81,6.2,305.6,24.6,D,0
-24.3892,150.343,320.4,1.2,1.1,2014-10-15,0337,Aqua,MODIS,66,6.2,306.2,10.6,D,0
-24.3906,150.3313,329.3,1.2,1.1,2014-10-15,0337,Aqua,MODIS,80,6.2,307.4,23.9,D,0
-24.3808,150.3298,319,1.2,1.1,2014-10-15,0337,Aqua,MODIS,51,6.2,307.3,9,D,0
-25.0241,148.5102,334,1.6,1.2,2014-10-15,0337,Aqua,MODIS,84,6.2,302.7,47.6,D,0
-23.8389,149.4271,322.1,1.3,1.1,2014-10-15,0337,Aqua,MODIS,42,6.2,303.8,14,D,0
-23.429,150.7048,323.9,1.1,1.1,2014-10-15,0337,Aqua,MODIS,65,6.2,299.8,18.7,D,0
-23.4304,150.6937,322.9,1.1,1.1,2014-10-15,0337,Aqua,MODIS,65,6.2,306,16.5,D,0
-23.8477,149.4415,325.3,1.3,1.1,2014-10-15,0337,Aqua,MODIS,65,6.2,305.6,18.3,D,0
-23.8414,149.4352,327.1,1.3,1.1,2014-10-15,0337,Aqua,MODIS,61,6.2,303.4,21.4,D,0
-25.0347,148.517,325.9,1.6,1.2,2014-10-15,0337,Aqua,MODIS,76,6.2,301.5,26.8,D,0
-25.081,148.5072,314.4,1.6,1.2,2014-10-15,0337,Aqua,MODIS,34,6.2,302.1,10.8,D,0
-25.0792,148.5228,320.4,1.6,1.2,2014-10-15,0337,Aqua,MODIS,67,6.2,302.3,20,D,0
-24.9482,148.2695,322.1,1.6,1.3,2014-10-15,0337,Aqua,MODIS,68,6.2,300.7,29.3,D,0
-25.3791,150.5467,322.7,1.2,1.1,2014-10-15,0337,Aqua,MODIS,67,6.2,311.7,13.3,D,0
-25.0352,148.5118,328,1.6,1.2,2014-10-15,0337,Aqua,MODIS,71,6.2,301.9,30.9,D,0
-26.6019,146.1587,325,2.4,1.5,2014-10-15,0337,Aqua,MODIS,70,6.2,307.7,45.2,D,0
-26.5997,146.1828,332.3,2.4,1.5,2014-10-15,0337,Aqua,MODIS,81,6.2,306.7,76,D,0
-24.5863,149.3665,332.5,1.4,1.2,2014-10-15,0337,Aqua,MODIS,63,6.2,316.8,23.2,D,0
-24.5879,149.353,343.4,1.4,1.2,2014-10-15,0337,Aqua,MODIS,91,6.2,314.7,51.4,D,0
-24.5813,149.3604,332.7,1.4,1.2,2014-10-15,0337,Aqua,MODIS,83,6.2,315.9,25.4,D,0
-24.5829,149.347,327,1.4,1.2,2014-10-15,0337,Aqua,MODIS,64,6.2,312.9,14.3,D,0
-25.1448,149.6329,352.5,1.3,1.1,2014-10-15,0337,Aqua,MODIS,96,6.2,308.5,85.8,D,0
-23.3814,146.0606,323.2,2.2,1.4,2014-10-15,0337,Aqua,MODIS,67,6.2,309,31.8,D,0
-25.1432,149.6461,322.1,1.3,1.1,2014-10-15,0337,Aqua,MODIS,45,6.2,306.6,12.7,D,0
-24.3729,151.1183,320.2,1.1,1,2014-10-15,0337,Aqua,MODIS,62,6.2,299.7,15.1,D,0
-24.3743,151.1075,318.3,1.1,1,2014-10-15,0337,Aqua,MODIS,65,6.2,297.6,12.5,D,0
-25.4547,150.4236,322.1,1.2,1.1,2014-10-15,0337,Aqua,MODIS,32,6.2,309.9,8.4,D,0
-24.2061,146.6013,331.5,2.1,1.4,2014-10-15,0337,Aqua,MODIS,79,6.2,306.8,62.2,D,0
-24.2082,146.5809,337.5,2.1,1.4,2014-10-15,0337,Aqua,MODIS,85,6.2,309.3,88.4,D,0
-24.1955,146.5793,321.8,2.1,1.4,2014-10-15,0337,Aqua,MODIS,61,6.2,305.3,33.6,D,0
-24.7003,151.0887,321.7,1.1,1.1,2014-10-15,0337,Aqua,MODIS,69,6.2,304.9,13.1,D,0
-24.2464,151.0532,317.5,1.1,1,2014-10-15,0337,Aqua,MODIS,64,6.2,303.6,9.2,D,0
-24.2478,151.0422,318.3,1.1,1.1,2014-10-15,0337,Aqua,MODIS,64,6.2,305.4,10.9,D,0
-25.5392,152.2227,343.6,1,1,2014-10-15,0337,Aqua,MODIS,91,6.2,305.3,45.1,D,0
-24.2153,151.5061,318.5,1.1,1,2014-10-15,0337,Aqua,MODIS,68,6.2,305.8,8.9,D,0
-24.2167,151.4957,318.9,1.1,1,2014-10-15,0337,Aqua,MODIS,69,6.2,306.1,8.9,D,0
-24.1781,151.5002,319.9,1.1,1,2014-10-15,0337,Aqua,MODIS,65,6.2,304.7,9.4,D,0
-24.1795,151.4897,319.6,1.1,1,2014-10-15,0337,Aqua,MODIS,68,6.2,306.5,8.8,D,0
-25.0518,151.4237,327.8,1.1,1,2014-10-15,0337,Aqua,MODIS,36,6.2,309.7,17.6,D,0
-25.0572,151.419,327.5,1.1,1,2014-10-15,0337,Aqua,MODIS,38,6.2,310.7,14.5,D,0
-25.0558,151.4299,336.4,1.1,1,2014-10-15,0337,Aqua,MODIS,75,6.2,307.3,29.9,D,0
-22.5438,147.0919,320.5,1.8,1.3,2014-10-15,0338,Aqua,MODIS,37,6.2,294.7,33.6,D,0
-21.0415,148.0704,332.6,1.5,1.2,2014-10-15,0338,Aqua,MODIS,67,6.2,313.4,25.9,D,0
-21.0398,148.0846,331.1,1.5,1.2,2014-10-15,0338,Aqua,MODIS,60,6.2,312.3,22.3,D,0
-21.0274,148.0965,341.2,1.5,1.2,2014-10-15,0338,Aqua,MODIS,88,6.2,314.3,49,D,0
-21.1038,147.8286,334.5,1.5,1.2,2014-10-15,0338,Aqua,MODIS,83,6.2,307.8,41.4,D,0
-22.9066,149.0023,343.6,1.4,1.2,2014-10-15,0338,Aqua,MODIS,92,6.2,310.1,55.4,D,0
-22.9082,148.989,342,1.4,1.2,2014-10-15,0338,Aqua,MODIS,91,6.2,313.1,51.8,D,0
-22.8962,149.0011,333.1,1.4,1.2,2014-10-15,0338,Aqua,MODIS,83,6.2,303.5,29.9,D,0
-22.8977,148.9876,371.3,1.4,1.2,2014-10-15,0338,Aqua,MODIS,100,6.2,310.3,169.2,D,0
-22.8873,148.9861,326.4,1.4,1.2,2014-10-15,0338,Aqua,MODIS,58,6.2,301.9,19.8,D,0
-22.8902,148.9934,331.8,1.4,1.2,2014-10-15,0338,Aqua,MODIS,84,6.2,302.1,32.1,D,0
-22.8918,148.98,336.8,1.4,1.2,2014-10-15,0338,Aqua,MODIS,88,6.2,304.9,43.6,D,0
-22.8993,148.9742,343.5,1.4,1.2,2014-10-15,0338,Aqua,MODIS,92,6.2,307.6,58.8,D,0
-21.1148,147.83,335.3,1.5,1.2,2014-10-15,0338,Aqua,MODIS,84,6.2,309.1,42.9,D,0
-21.1166,147.8152,336.3,1.5,1.2,2014-10-15,0338,Aqua,MODIS,85,6.2,310.9,43.5,D,0
-21.1042,147.8338,341.4,1.5,1.2,2014-10-15,0338,Aqua,MODIS,89,6.2,308.1,61.9,D,0
-21.117,147.8205,346.8,1.5,1.2,2014-10-15,0338,Aqua,MODIS,93,6.2,310.8,77.7,D,0
-21.1153,147.8352,336.9,1.5,1.2,2014-10-15,0338,Aqua,MODIS,85,6.2,309.1,47,D,0
-21.1501,147.8246,340.4,1.5,1.2,2014-10-15,0338,Aqua,MODIS,88,6.2,311.1,55.6,D,0
-20.9936,148.0717,326.9,1.5,1.2,2014-10-15,0338,Aqua,MODIS,61,6.2,312.9,13.8,D,0
-23.064,147.395,323.2,1.8,1.3,2014-10-15,0338,Aqua,MODIS,71,6.2,303.9,25.9,D,0
-23.0566,147.3872,319.2,1.8,1.3,2014-10-15,0338,Aqua,MODIS,64,6.2,304.2,19.3,D,0
-22.5457,147.0744,323.6,1.8,1.3,2014-10-15,0338,Aqua,MODIS,56,6.2,293.8,43.5,D,0
-21.113,147.8448,343,1.5,1.2,2014-10-15,0338,Aqua,MODIS,90,6.2,307.8,68.7,D,0
-21.102,147.8431,342.6,1.5,1.2,2014-10-15,0338,Aqua,MODIS,90,6.2,307.9,67.8,D,0
-21.1136,147.8501,343.7,1.5,1.2,2014-10-15,0338,Aqua,MODIS,91,6.2,307.1,69.5,D,0
-21.1026,147.8483,336.5,1.5,1.2,2014-10-15,0338,Aqua,MODIS,85,6.2,307.2,47.9,D,0
-17.7729,144.4875,342.9,2.4,1.5,2014-10-15,0339,Aqua,MODIS,89,6.2,314.3,114,D,0
-18.3839,145.3845,323.6,2.1,1.4,2014-10-15,0339,Aqua,MODIS,46,6.2,311.5,24.5,D,0
-17.7675,144.4942,351.3,2.4,1.5,2014-10-15,0339,Aqua,MODIS,95,6.2,314.4,175.9,D,0
-17.7699,144.4709,324.6,2.4,1.5,2014-10-15,0339,Aqua,MODIS,56,6.2,312.8,19.7,D,0
-17.7702,144.5108,327,2.4,1.5,2014-10-15,0339,Aqua,MODIS,67,6.2,311.8,29,D,0
-18.7563,145.8852,330.1,2,1.4,2014-10-15,0339,Aqua,MODIS,69,6.2,309.7,53.2,D,0
-18.0356,145.8217,321.4,1.9,1.4,2014-10-15,0339,Aqua,MODIS,55,6.2,309.8,20.6,D,0
-16.8633,142.4223,337.3,3.4,1.7,2014-10-15,0339,Aqua,MODIS,79,6.2,313.3,108,D,0
-19.5276,146.4629,323.8,1.8,1.3,2014-10-15,0339,Aqua,MODIS,37,6.2,307.3,20.7,D,0
-16.8012,142.4988,350.2,3.3,1.7,2014-10-15,0339,Aqua,MODIS,94,6.2,308.5,265.6,D,0
-16.8558,142.3817,346.7,3.4,1.7,2014-10-15,0339,Aqua,MODIS,92,6.2,312.2,216.6,D,0
-19.4818,146.4861,323.5,1.8,1.3,2014-10-15,0339,Aqua,MODIS,49,6.2,309,22,D,0
-16.8525,142.4135,350.4,3.4,1.7,2014-10-15,0339,Aqua,MODIS,94,6.2,312.1,249.3,D,0
-16.9539,142.4642,332.9,3.4,1.7,2014-10-15,0339,Aqua,MODIS,63,6.2,312.9,83.9,D,0
-16.9485,142.4679,335.5,3.4,1.7,2014-10-15,0339,Aqua,MODIS,68,6.2,314.1,105.3,D,0
-16.8682,142.4152,342.2,3.4,1.7,2014-10-15,0339,Aqua,MODIS,88,6.2,314,160.1,D,0
-16.8664,142.3905,363.2,3.4,1.7,2014-10-15,0339,Aqua,MODIS,100,6.2,314.6,447.7,D,0
-16.8715,142.3834,345.8,3.4,1.7,2014-10-15,0339,Aqua,MODIS,91,6.2,313.2,208.6,D,0
-16.8181,142.4416,334.3,3.4,1.7,2014-10-15,0339,Aqua,MODIS,51,6.2,308.8,81.4,D,0
-16.7857,142.4971,373.1,3.3,1.7,2014-10-15,0339,Aqua,MODIS,100,6.2,308.1,649.9,D,0
-16.7807,142.5009,354.5,3.3,1.7,2014-10-15,0339,Aqua,MODIS,97,6.2,304.6,334.5,D,0
-16.905,142.5145,336.5,3.3,1.7,2014-10-15,0339,Aqua,MODIS,48,6.2,311.7,101.5,D,0
-16.7962,142.5026,364.8,3.3,1.7,2014-10-15,0339,Aqua,MODIS,100,6.2,309,476.5,D,0
-19.5336,146.4565,323.6,1.8,1.3,2014-10-15,0339,Aqua,MODIS,61,6.2,307.1,20,D,0
-16.8118,142.5043,345.3,3.3,1.7,2014-10-15,0339,Aqua,MODIS,91,6.2,308.4,202.4,D,0
-16.8428,142.5078,333.7,3.3,1.7,2014-10-15,0339,Aqua,MODIS,29,6.2,310.3,77.5,D,0
-16.8167,142.5005,344,3.3,1.7,2014-10-15,0339,Aqua,MODIS,90,6.2,309.8,184,D,0
-19.5036,146.5063,334.8,1.8,1.3,2014-10-15,0339,Aqua,MODIS,82,6.2,309.8,55.7,D,0
-16.8273,142.506,356.4,3.3,1.7,2014-10-15,0339,Aqua,MODIS,98,6.2,311,331.2,D,0
-16.8916,145.8425,321.3,1.9,1.3,2014-10-15,0339,Aqua,MODIS,0,6.2,298.4,34.8,D,0
-14.3809,144.3976,326.4,2.2,1.4,2014-10-15,0340,Aqua,MODIS,63,6.2,299.1,45.7,D,0
-14.3656,144.416,321.2,2.2,1.4,2014-10-15,0340,Aqua,MODIS,51,6.2,299,33.1,D,0
-15.1988,144.9572,325.9,2,1.4,2014-10-15,0340,Aqua,MODIS,69,6.2,300.5,38.4,D,0
-15.3838,143.7643,340.5,2.5,1.5,2014-10-15,0340,Aqua,MODIS,70,6.2,304.7,116,D,0
-14.184,143.513,322.7,2.5,1.5,2014-10-15,0340,Aqua,MODIS,47,6.2,305.5,21.2,D,0
-13.2667,141.7722,323,3.4,1.7,2014-10-15,0340,Aqua,MODIS,66,6.2,304,44.4,D,0
-13.2703,141.741,331.5,3.4,1.7,2014-10-15,0340,Aqua,MODIS,73,6.2,305.8,107.7,D,0
-13.3196,142.2144,329.6,3.1,1.7,2014-10-15,0340,Aqua,MODIS,66,6.2,308.2,59.2,D,0
-13.3013,142.2414,330.9,3.1,1.7,2014-10-15,0340,Aqua,MODIS,76,6.2,308.5,70.2,D,0
-13.3045,142.2128,333.7,3.1,1.7,2014-10-15,0340,Aqua,MODIS,86,6.2,306.6,91.8,D,0
-13.3212,142.2076,327.7,3.1,1.7,2014-10-15,0340,Aqua,MODIS,57,6.2,308.2,50.3,D,0
-13.3027,142.2347,337.6,3.1,1.7,2014-10-15,0340,Aqua,MODIS,88,6.2,308.3,119.3,D,0
-13.306,142.206,328.6,3.1,1.7,2014-10-15,0340,Aqua,MODIS,59,6.2,306.4,56.6,D,0
-15.411,142.9321,333.9,2.9,1.6,2014-10-15,0340,Aqua,MODIS,66,6.2,315.6,80.3,D,0
-15.1527,143.525,330.8,2.6,1.6,2014-10-15,0340,Aqua,MODIS,44,6.2,312.1,46.9,D,0
-15.1052,143.3878,360.7,2.7,1.6,2014-10-15,0340,Aqua,MODIS,100,6.2,309.2,304.8,D,0
-14.3565,142.3761,329.3,3.1,1.7,2014-10-15,0340,Aqua,MODIS,28,6.2,311.7,58.3,D,0
-15.091,143.3863,348,2.7,1.6,2014-10-15,0340,Aqua,MODIS,93,6.2,297.8,191.7,D,0
-15.1166,143.4143,358.8,2.7,1.6,2014-10-15,0340,Aqua,MODIS,99,6.2,312.1,270.7,D,0
-15.1486,144.9513,323.9,2,1.4,2014-10-15,0340,Aqua,MODIS,53,6.2,299.2,31.8,D,0
-12.7983,143.2972,313.1,2.5,1.5,2014-10-15,0340,Aqua,MODIS,32,6.2,299.1,19.9,D,0
-15.108,143.363,373.1,2.7,1.6,2014-10-15,0340,Aqua,MODIS,100,6.2,313.2,474.1,D,0
-14.3096,142.3933,337,3.1,1.7,2014-10-15,0340,Aqua,MODIS,76,6.2,309.2,122.7,D,0
-15.1546,143.3753,336.4,2.7,1.6,2014-10-15,0340,Aqua,MODIS,57,6.2,313.3,75.3,D,0
-15.1364,143.3663,354.3,2.7,1.6,2014-10-15,0340,Aqua,MODIS,97,6.2,313.8,217.7,D,0
-15.1404,143.3737,334.6,2.7,1.6,2014-10-15,0340,Aqua,MODIS,27,6.2,313.8,64.1,D,0
-15.1307,143.4159,339.6,2.7,1.6,2014-10-15,0340,Aqua,MODIS,68,6.2,313.5,92,D,0
-15.5508,141.9229,339.6,3.5,1.8,2014-10-15,0340,Aqua,MODIS,86,6.2,314.4,147.2,D,0
-15.3971,142.9373,351.8,2.9,1.6,2014-10-15,0340,Aqua,MODIS,90,6.2,312.4,238.1,D,0
-15.4118,142.939,335,2.9,1.6,2014-10-15,0340,Aqua,MODIS,77,6.2,315,92.6,D,0
-12.9069,142.3984,338.9,3,1.6,2014-10-15,0340,Aqua,MODIS,89,6.2,304.1,145.3,D,0
-15.3963,142.9305,343.2,2.9,1.6,2014-10-15,0340,Aqua,MODIS,89,6.2,312,151.4,D,0
-14.3247,142.3951,348.3,3.1,1.7,2014-10-15,0340,Aqua,MODIS,93,6.2,311,222.5,D,0
-14.3583,142.3693,328.1,3.1,1.7,2014-10-15,0340,Aqua,MODIS,13,6.2,312,50.1,D,0
-15.1469,144.9444,322.7,2,1.4,2014-10-15,0340,Aqua,MODIS,60,6.2,299.1,30.1,D,0
-15.1024,143.4127,375.2,2.7,1.6,2014-10-15,0340,Aqua,MODIS,100,6.2,309.5,508.1,D,0
-12.9066,142.3912,335.6,3,1.6,2014-10-15,0340,Aqua,MODIS,87,6.2,304.3,119.7,D,0
-12.815,143.2758,314,2.5,1.5,2014-10-15,0340,Aqua,MODIS,41,6.2,298.7,24.1,D,0
-15.1222,143.3647,351.7,2.7,1.6,2014-10-15,0340,Aqua,MODIS,95,6.2,313.9,198,D,0
-12.7665,143.0488,319.5,2.6,1.6,2014-10-15,0340,Aqua,MODIS,50,6.2,296,37.6,D,0
-15.0883,143.4111,342,2.7,1.6,2014-10-15,0340,Aqua,MODIS,88,6.2,301.6,148.4,D,0
-15.0258,145.0936,319.3,2,1.4,2014-10-15,0340,Aqua,MODIS,16,6.2,296.4,27,D,0
-15.0134,145.0922,321.8,2,1.4,2014-10-15,0340,Aqua,MODIS,55,6.2,295.4,34.6,D,0
-12.8467,143.0144,318.3,2.7,1.6,2014-10-15,0340,Aqua,MODIS,48,6.2,296.3,38.8,D,0
-13.0205,143.1308,314.6,2.6,1.6,2014-10-15,0340,Aqua,MODIS,45,6.2,298.5,26.4,D,0
-13.0232,143.1067,315.5,2.6,1.6,2014-10-15,0340,Aqua,MODIS,43,6.2,296.3,29.6,D,0
-13.0153,143.123,314.1,2.6,1.6,2014-10-15,0340,Aqua,MODIS,39,6.2,297.6,23.9,D,0
-12.3033,142.7621,321.3,2.7,1.6,2014-10-15,0341,Aqua,MODIS,60,6.2,296,42,D,0
-12.3003,142.7872,323.9,2.7,1.6,2014-10-15,0341,Aqua,MODIS,65,6.2,297,52.3,D,0
-11.8342,142.6511,328.9,2.8,1.6,2014-10-15,0341,Aqua,MODIS,75,6.2,295.6,71.9,D,0
-12.4323,142.8406,312.7,2.7,1.6,2014-10-15,0341,Aqua,MODIS,42,6.2,294.9,21.4,D,0
-12.307,142.7693,329.5,2.7,1.6,2014-10-15,0341,Aqua,MODIS,79,6.2,296.3,79,D,0
-12.2134,141.8586,321.9,3.2,1.7,2014-10-15,0341,Aqua,MODIS,66,6.2,294.9,53.1,D,0
-11.8627,142.6842,327.3,2.7,1.6,2014-10-15,0341,Aqua,MODIS,70,6.2,296.4,66.2,D,0
-11.8598,142.6793,324.6,2.7,1.6,2014-10-15,0341,Aqua,MODIS,66,6.2,296.2,55.2,D,0
-12.5134,142.5449,326.1,2.9,1.6,2014-10-15,0341,Aqua,MODIS,66,6.2,299.5,59.7,D,0
-12.2284,141.9857,332.7,3.1,1.7,2014-10-15,0341,Aqua,MODIS,80,6.2,298.3,107.6,D,0
-12.2301,141.9787,334.9,3.1,1.7,2014-10-15,0341,Aqua,MODIS,82,6.2,297.3,124.5,D,0
-12.5084,142.5641,321.1,2.9,1.6,2014-10-15,0341,Aqua,MODIS,44,6.2,298.9,40.1,D,0
-11.7049,142.335,322.7,2.9,1.6,2014-10-15,0341,Aqua,MODIS,76,6.2,296.1,52.1,D,0
-12.5115,142.5379,322.5,2.9,1.6,2014-10-15,0341,Aqua,MODIS,57,6.2,299.7,47.9,D,0
-12.1814,142.002,320.6,3.1,1.7,2014-10-15,0341,Aqua,MODIS,30,6.2,299.7,42.5,D,0
-12.5373,141.9452,328.3,3.2,1.7,2014-10-15,0341,Aqua,MODIS,67,6.2,302.5,61.8,D,0
-34.7426,138.9678,360,2.1,1.4,2014-10-15,0513,Aqua,MODIS,75,6.2,288.1,255.7,D,0
-23.9041,124.7325,337.9,1.3,1.1,2014-10-15,0516,Aqua,MODIS,51,6.2,320,17.3,D,0
-22.6085,124.956,341.8,1.2,1.1,2014-10-15,0516,Aqua,MODIS,82,6.2,322.9,23.6,D,0
-24.5867,123.1234,337.4,1.7,1.3,2014-10-15,0516,Aqua,MODIS,55,6.2,313.8,35.3,D,0
-24.1906,122.6905,341.4,1.8,1.3,2014-10-15,0516,Aqua,MODIS,83,6.2,320.4,57.1,D,0
-25.8458,126.6801,338,1.1,1.1,2014-10-15,0516,Aqua,MODIS,73,6.2,322.9,14.2,D,0
-24.2006,122.7098,331.6,1.8,1.3,2014-10-15,0516,Aqua,MODIS,61,6.2,314.7,23,D,0
-25.8428,126.3236,338.5,1.1,1.1,2014-10-15,0516,Aqua,MODIS,48,6.2,320.6,15.9,D,0
-25.8473,126.6691,338.7,1.1,1.1,2014-10-15,0516,Aqua,MODIS,72,6.2,322.9,15.7,D,0
-24.4958,123.8395,349.5,1.5,1.2,2014-10-15,0516,Aqua,MODIS,86,6.2,284.3,72,D,0
-25.8442,126.3121,340.6,1.1,1.1,2014-10-15,0516,Aqua,MODIS,65,6.2,322,19.9,D,0
-24.1887,122.7083,345.3,1.8,1.3,2014-10-15,0516,Aqua,MODIS,87,6.2,317.2,73.7,D,0
-24.4848,123.8379,351.9,1.5,1.2,2014-10-15,0516,Aqua,MODIS,93,6.2,304.4,77.9,D,0
-24.5148,123.1586,333.5,1.7,1.3,2014-10-15,0516,Aqua,MODIS,55,6.2,316.8,21.7,D,0
-23.8183,121.9287,341,2,1.4,2014-10-15,0516,Aqua,MODIS,65,6.2,314.7,74.9,D,0
-23.8204,121.9088,383.2,2,1.4,2014-10-15,0516,Aqua,MODIS,100,6.2,316.4,416.4,D,0
-24.7138,123.3047,348.7,1.7,1.3,2014-10-15,0516,Aqua,MODIS,86,6.2,309.6,97.4,D,0
-24.4975,123.8244,368.4,1.5,1.2,2014-10-15,0516,Aqua,MODIS,100,6.2,312.5,168.9,D,0
-23.3093,124.2701,341.2,1.4,1.2,2014-10-15,0516,Aqua,MODIS,80,6.2,318.4,28.2,D,0
-23.3198,124.2716,342.7,1.4,1.2,2014-10-15,0516,Aqua,MODIS,84,6.2,318.8,32.6,D,0
-23.438,124.8182,354.3,1.3,1.1,2014-10-15,0516,Aqua,MODIS,95,6.2,320.3,66.7,D,0
-23.4496,124.807,341.8,1.3,1.1,2014-10-15,0516,Aqua,MODIS,82,6.2,320.5,28.9,D,0
-23.4481,124.8197,340.1,1.3,1.1,2014-10-15,0516,Aqua,MODIS,80,6.2,319.3,25.8,D,0
-23.4821,122.4067,394,1.9,1.3,2014-10-15,0516,Aqua,MODIS,100,6.2,313.4,501.4,D,0
-24.4865,123.8229,363.5,1.5,1.2,2014-10-15,0516,Aqua,MODIS,87,6.2,320.1,136.4,D,0
-23.5219,123.487,345.6,1.6,1.2,2014-10-15,0516,Aqua,MODIS,88,6.2,312.9,67.1,D,0
-23.5236,123.4717,344.8,1.6,1.2,2014-10-15,0516,Aqua,MODIS,78,6.2,316.1,62.2,D,0
-23.4751,123.604,354.2,1.5,1.2,2014-10-15,0516,Aqua,MODIS,95,6.2,317.4,91.8,D,0
-23.2819,124.1768,347.3,1.4,1.2,2014-10-15,0516,Aqua,MODIS,89,6.2,321.6,48.2,D,0
-23.2803,124.1905,337.9,1.4,1.2,2014-10-15,0516,Aqua,MODIS,76,6.2,318.8,21.7,D,0
-23.3064,124.1522,347.9,1.4,1.2,2014-10-15,0516,Aqua,MODIS,90,6.2,320.6,49.2,D,0
-23.3048,124.1659,343.5,1.4,1.2,2014-10-15,0516,Aqua,MODIS,79,6.2,317.7,33.6,D,0
-23.5506,123.6292,342.9,1.5,1.2,2014-10-15,0516,Aqua,MODIS,51,6.2,309.6,52.5,D,0
-23.5108,123.4855,365.3,1.6,1.2,2014-10-15,0516,Aqua,MODIS,100,6.2,312.7,159.5,D,0
-23.5125,123.4702,366.3,1.6,1.2,2014-10-15,0516,Aqua,MODIS,100,6.2,311.8,163,D,0
-23.9025,124.7454,338.5,1.3,1.1,2014-10-15,0516,Aqua,MODIS,69,6.2,320.1,20.1,D,0
-23.4451,123.5643,341.7,1.5,1.2,2014-10-15,0516,Aqua,MODIS,75,6.2,314.6,43.5,D,0
-23.4841,122.3887,365.9,1.9,1.3,2014-10-15,0516,Aqua,MODIS,70,6.2,298.7,219.7,D,0
-23.4324,123.5778,337.5,1.5,1.2,2014-10-15,0516,Aqua,MODIS,57,6.2,315.9,29.6,D,0
-23.4341,123.5627,414.6,1.5,1.2,2014-10-15,0516,Aqua,MODIS,100,6.2,324.5,618,D,0
-23.4427,123.4868,346.1,1.6,1.2,2014-10-15,0516,Aqua,MODIS,86,6.2,318.9,54.3,D,0
-23.423,123.5612,386.6,1.5,1.2,2014-10-15,0516,Aqua,MODIS,100,6.2,321.7,297.2,D,0
-24.7271,123.2896,334,1.7,1.3,2014-10-15,0516,Aqua,MODIS,60,6.2,298.9,48.2,D,0
-23.4247,123.5462,338.1,1.5,1.2,2014-10-15,0516,Aqua,MODIS,52,6.2,319.5,29.2,D,0
-23.3038,124.2628,333.6,1.4,1.2,2014-10-15,0516,Aqua,MODIS,63,6.2,317.7,12.5,D,0
-23.316,124.2507,359.5,1.4,1.2,2014-10-15,0516,Aqua,MODIS,99,6.2,325.9,92.6,D,0
-23.3143,124.2642,377.9,1.4,1.2,2014-10-15,0516,Aqua,MODIS,100,6.2,323.2,190,D,0
-23.3108,124.2566,377.8,1.4,1.2,2014-10-15,0516,Aqua,MODIS,100,6.2,324.2,186.8,D,0
-23.3213,124.2581,373.7,1.4,1.2,2014-10-15,0516,Aqua,MODIS,100,6.2,323.2,161.9,D,0
-23.2119,122.5005,337.3,1.8,1.3,2014-10-15,0516,Aqua,MODIS,57,6.2,306.6,55.5,D,0
-23.8648,121.8582,389.4,2.1,1.4,2014-10-15,0516,Aqua,MODIS,100,6.2,318.7,505.3,D,0
-23.8668,121.8381,358.9,2.1,1.4,2014-10-15,0516,Aqua,MODIS,99,6.2,313.2,186.8,D,0
-23.2038,122.4636,341.9,1.8,1.3,2014-10-15,0516,Aqua,MODIS,33,6.2,308,58.2,D,0
-23.2019,122.4813,359.2,1.8,1.3,2014-10-15,0516,Aqua,MODIS,93,6.2,316.8,151.5,D,0
-23.8645,121.8533,385.9,2.1,1.4,2014-10-15,0516,Aqua,MODIS,100,6.2,319.3,455.3,D,0
-24.6891,123.3183,330.7,1.7,1.3,2014-10-15,0516,Aqua,MODIS,29,6.2,306.6,31.8,D,0
-23.8225,121.8888,362.5,2,1.4,2014-10-15,0516,Aqua,MODIS,100,6.2,313,209.2,D,0
-22.8652,121.6318,346.6,2.1,1.4,2014-10-15,0516,Aqua,MODIS,90,6.2,315.2,104,D,0
-23.423,123.3591,333.8,1.6,1.2,2014-10-15,0516,Aqua,MODIS,68,6.2,317.5,18.1,D,0
-23.3759,123.2664,335.3,1.6,1.2,2014-10-15,0516,Aqua,MODIS,54,6.2,319.1,18.1,D,0
-23.2138,122.4828,364.1,1.8,1.3,2014-10-15,0516,Aqua,MODIS,100,6.2,314.1,197.8,D,0
-22.8632,121.652,362.8,2.1,1.4,2014-10-15,0516,Aqua,MODIS,100,6.2,319.5,209.5,D,0
-23.4748,123.5988,349.1,1.5,1.2,2014-10-15,0516,Aqua,MODIS,91,6.2,318.8,73.4,D,0
-23.473,123.6138,337.2,1.5,1.2,2014-10-15,0516,Aqua,MODIS,49,6.2,314.9,32.2,D,0
-23.8774,121.8596,342.1,2.1,1.4,2014-10-15,0516,Aqua,MODIS,81,6.2,311.9,85.4,D,0
-23.4477,122.3424,369.6,1.9,1.3,2014-10-15,0516,Aqua,MODIS,100,6.2,317.8,235.9,D,0
-24.1634,121.852,364.3,2.1,1.4,2014-10-15,0516,Aqua,MODIS,94,6.2,316.9,231.6,D,0
-24.1613,121.8724,351.6,2.1,1.4,2014-10-15,0516,Aqua,MODIS,57,6.2,314.9,141.3,D,0
-23.4457,122.3607,346.8,1.9,1.3,2014-10-15,0516,Aqua,MODIS,90,6.2,314.7,86.1,D,0
-23.4517,122.348,390.3,1.9,1.3,2014-10-15,0516,Aqua,MODIS,87,6.2,317.4,448.9,D,0
-24.6455,123.3057,336.7,1.7,1.3,2014-10-15,0516,Aqua,MODIS,68,6.2,318.1,29,D,0
-24.6781,123.3268,339.7,1.7,1.3,2014-10-15,0516,Aqua,MODIS,69,6.2,312.6,48.7,D,0
-24.7253,123.3062,350.8,1.7,1.3,2014-10-15,0516,Aqua,MODIS,93,6.2,308.2,110,D,0
-24.5085,123.8259,357.8,1.5,1.2,2014-10-15,0516,Aqua,MODIS,92,6.2,305.2,119.5,D,0
-23.472,122.3871,389.6,1.9,1.3,2014-10-15,0516,Aqua,MODIS,94,6.2,307.8,441.3,D,0
-23.5524,123.6142,339.1,1.5,1.2,2014-10-15,0516,Aqua,MODIS,43,6.2,308.3,37.7,D,0
-23.6013,122.1465,365.8,1.9,1.4,2014-10-15,0516,Aqua,MODIS,87,6.2,300.5,230.3,D,0
-23.4955,123.622,341.2,1.5,1.2,2014-10-15,0516,Aqua,MODIS,81,6.2,312.6,39.8,D,0
-23.4972,123.607,350.1,1.5,1.2,2014-10-15,0516,Aqua,MODIS,92,6.2,316.5,71.3,D,0
-20.9806,123.8366,336.7,1.4,1.2,2014-10-15,0517,Aqua,MODIS,16,6.2,319.1,20.2,D,0
-20.3032,124.6919,339.7,1.2,1.1,2014-10-15,0517,Aqua,MODIS,73,6.2,319.6,19.9,D,0
-20.316,124.6703,358.6,1.2,1.1,2014-10-15,0517,Aqua,MODIS,99,6.2,321.5,72.2,D,0
-20.3145,124.6818,358.8,1.2,1.1,2014-10-15,0517,Aqua,MODIS,99,6.2,320,72.3,D,0
-22.8622,121.6449,369.5,2.1,1.4,2014-10-15,0517,Aqua,MODIS,100,6.2,319.1,273.5,D,0
-20.0334,123.2844,358.1,1.4,1.2,2014-10-15,0517,Aqua,MODIS,98,6.2,313.3,101.8,D,0
-20.3121,124.6227,337.8,1.2,1.1,2014-10-15,0517,Aqua,MODIS,73,6.2,318.3,20.4,D,0
-20.0776,123.3098,375.2,1.4,1.2,2014-10-15,0517,Aqua,MODIS,100,6.2,318.4,193.3,D,0
-20.6603,124.3587,335.3,1.3,1.1,2014-10-15,0517,Aqua,MODIS,53,6.2,319.2,13.1,D,0
-20.6523,124.3521,340.3,1.3,1.1,2014-10-15,0517,Aqua,MODIS,80,6.2,320.1,22.2,D,0
-20.3047,124.6805,339.4,1.2,1.1,2014-10-15,0517,Aqua,MODIS,71,6.2,322,19.3,D,0
-20.076,123.3236,339.5,1.4,1.2,2014-10-15,0517,Aqua,MODIS,80,6.2,313.3,36.4,D,0
-20.2934,124.6905,336.8,1.2,1.1,2014-10-15,0517,Aqua,MODIS,58,6.2,320.3,13.4,D,0
-20.0916,123.2837,338.3,1.4,1.2,2014-10-15,0517,Aqua,MODIS,70,6.2,317.3,32.1,D,0
-19.6535,128.332,340.1,1,1,2014-10-15,0517,Aqua,MODIS,58,6.2,322.1,15.1,D,0
-19.6611,128.3432,342.1,1,1,2014-10-15,0517,Aqua,MODIS,33,6.2,321.9,18.1,D,0
-20.0883,123.3113,354.4,1.4,1.2,2014-10-15,0517,Aqua,MODIS,96,6.2,314.2,87.8,D,0
-20.09,123.2975,363.7,1.4,1.2,2014-10-15,0517,Aqua,MODIS,100,6.2,316.2,128.4,D,0
-21.8013,127.6043,336.3,1,1,2014-10-15,0517,Aqua,MODIS,73,6.2,319.3,10.7,D,0
-20.6618,124.3465,356,1.3,1.1,2014-10-15,0517,Aqua,MODIS,97,6.2,319.7,70.6,D,0
-21.7923,127.6028,380.4,1,1,2014-10-15,0517,Aqua,MODIS,100,6.2,323.3,128.4,D,0
-21.7936,127.5931,367.4,1,1,2014-10-15,0517,Aqua,MODIS,100,6.2,323,80.8,D,0
-20.3136,124.6111,340.6,1.2,1.1,2014-10-15,0517,Aqua,MODIS,81,6.2,318,26.9,D,0
-21.7928,127.5337,339.7,1,1,2014-10-15,0517,Aqua,MODIS,79,6.2,322.4,16.9,D,0
-20.0087,123.309,343.1,1.4,1.2,2014-10-15,0517,Aqua,MODIS,80,6.2,319.2,39.9,D,0
-20.007,123.3227,342,1.4,1.2,2014-10-15,0517,Aqua,MODIS,76,6.2,315.4,37.4,D,0
-21.3035,122.6644,351.6,1.7,1.3,2014-10-15,0517,Aqua,MODIS,94,6.2,307.6,105.2,D,0
-21.315,122.6753,343.3,1.7,1.3,2014-10-15,0517,Aqua,MODIS,63,6.2,309,63.2,D,0
-21.2998,122.7056,338.6,1.6,1.3,2014-10-15,0517,Aqua,MODIS,70,6.2,316.1,41.1,D,0
-21.3036,122.6738,353.1,1.7,1.3,2014-10-15,0517,Aqua,MODIS,95,6.2,309.3,106.4,D,0
-21.2884,122.7042,335.8,1.6,1.3,2014-10-15,0517,Aqua,MODIS,56,6.2,315.9,35.7,D,0
-21.2903,122.6882,368.3,1.6,1.3,2014-10-15,0517,Aqua,MODIS,100,6.2,314.2,191.1,D,0
-21.2922,122.6723,393.9,1.7,1.3,2014-10-15,0517,Aqua,MODIS,100,6.2,313.7,421.3,D,0
-18.6845,132.0387,335.6,1.6,1.2,2014-10-15,0517,Aqua,MODIS,36,6.2,318.9,23.2,D,0
-18.6845,132.0318,334.6,1.6,1.2,2014-10-15,0517,Aqua,MODIS,48,6.2,319.2,20.9,D,0
-17.9833,132.3701,333,1.7,1.3,2014-10-15,0517,Aqua,MODIS,49,6.2,301,48.3,D,0
-17.9806,132.3864,331.9,1.7,1.3,2014-10-15,0517,Aqua,MODIS,68,6.2,295.6,46.3,D,0
-18.0003,132.34,341.6,1.7,1.3,2014-10-15,0517,Aqua,MODIS,85,6.2,309.5,70.7,D,0
-17.9976,132.3561,414.4,1.7,1.3,2014-10-15,0517,Aqua,MODIS,100,6.2,327,753.2,D,0
-17.9949,132.3723,464,1.7,1.3,2014-10-15,0517,Aqua,MODIS,100,6.2,400.1,2012.8,D,0
-17.9922,132.3886,426.9,1.7,1.3,2014-10-15,0517,Aqua,MODIS,100,6.2,324,1000.6,D,0
-17.9894,132.4049,338.3,1.7,1.3,2014-10-15,0517,Aqua,MODIS,74,6.2,300.9,67.7,D,0
-17.9955,132.3447,357.9,1.7,1.3,2014-10-15,0517,Aqua,MODIS,98,6.2,306.3,144.2,D,0
-17.9927,132.3607,404.8,1.7,1.3,2014-10-15,0517,Aqua,MODIS,100,6.2,313.4,597.1,D,0
-17.9898,132.377,447.5,1.7,1.3,2014-10-15,0517,Aqua,MODIS,100,6.2,321.8,1492.1,D,0
-17.987,132.3932,391.2,1.7,1.3,2014-10-15,0517,Aqua,MODIS,100,6.2,303.6,431.2,D,0
-18.0099,132.3307,352,1.7,1.3,2014-10-15,0517,Aqua,MODIS,94,6.2,311,110.3,D,0
-18.007,132.3468,420.7,1.7,1.3,2014-10-15,0517,Aqua,MODIS,100,6.2,323.3,853.7,D,0
-18.0042,132.3629,435.3,1.7,1.3,2014-10-15,0517,Aqua,MODIS,100,6.2,332.3,1163.7,D,0
-18.0014,132.3791,458.7,1.7,1.3,2014-10-15,0517,Aqua,MODIS,100,6.2,400.1,1823.6,D,0
-17.9986,132.3954,404.7,1.7,1.3,2014-10-15,0517,Aqua,MODIS,100,6.2,321.6,600.5,D,0
-17.9957,132.4117,388.6,1.7,1.3,2014-10-15,0517,Aqua,MODIS,100,6.2,308.3,402.6,D,0
-18.0186,132.349,354.7,1.7,1.3,2014-10-15,0517,Aqua,MODIS,96,6.2,311.5,119.5,D,0
-18.0158,132.3651,339.1,1.7,1.3,2014-10-15,0517,Aqua,MODIS,60,6.2,311.5,45.6,D,0
-18.013,132.3812,364.6,1.7,1.3,2014-10-15,0517,Aqua,MODIS,100,6.2,315.3,172.5,D,0
-18.0102,132.3976,356.3,1.7,1.3,2014-10-15,0517,Aqua,MODIS,97,6.2,316.2,126.5,D,0
-18.0073,132.414,405.1,1.7,1.3,2014-10-15,0517,Aqua,MODIS,100,6.2,322.2,605,D,0
-18.0045,132.4303,364.1,1.8,1.3,2014-10-15,0517,Aqua,MODIS,100,6.2,305.9,186.5,D,0
-18.0192,132.4841,346.2,1.8,1.3,2014-10-15,0517,Aqua,MODIS,84,6.2,311.6,79.2,D,0
-18.0308,132.4862,364.7,1.8,1.3,2014-10-15,0517,Aqua,MODIS,100,6.2,314.7,176.3,D,0
-18.0542,132.4907,337.6,1.8,1.3,2014-10-15,0517,Aqua,MODIS,38,6.2,315.3,38.6,D,0
-18.0161,132.4325,356.8,1.8,1.3,2014-10-15,0517,Aqua,MODIS,94,6.2,311.3,134,D,0
-18.0132,132.4489,395.6,1.8,1.3,2014-10-15,0517,Aqua,MODIS,100,6.2,309.9,481,D,0
-18.0277,132.4347,340.6,1.8,1.3,2014-10-15,0517,Aqua,MODIS,56,6.2,314.1,50.2,D,0
-18.0249,132.4511,373.2,1.8,1.3,2014-10-15,0517,Aqua,MODIS,100,6.2,316.1,239,D,0
-18.022,132.4675,410.2,1.8,1.3,2014-10-15,0517,Aqua,MODIS,100,6.2,315.4,684.8,D,0
-18.0337,132.4697,386.5,1.8,1.3,2014-10-15,0517,Aqua,MODIS,100,6.2,320.4,360.5,D,0
-18.0509,132.4391,345.9,1.8,1.3,2014-10-15,0517,Aqua,MODIS,89,6.2,311.7,69.7,D,0
-21.4307,122.7505,358.9,1.6,1.3,2014-10-15,0517,Aqua,MODIS,97,6.2,290.6,136.4,D,0
-21.4289,122.7663,359.8,1.6,1.3,2014-10-15,0517,Aqua,MODIS,86,6.2,280.6,142.4,D,0
-20.8143,122.4667,349.6,1.7,1.3,2014-10-15,0517,Aqua,MODIS,92,6.2,314.6,86,D,0
-20.8161,122.4505,342.8,1.7,1.3,2014-10-15,0517,Aqua,MODIS,78,6.2,312.9,63.8,D,0
-18.128,132.3934,335.1,1.7,1.3,2014-10-15,0517,Aqua,MODIS,54,6.2,316.9,29.6,D,0
-18.108,132.44,341.2,1.7,1.3,2014-10-15,0517,Aqua,MODIS,75,6.2,315.3,48.9,D,0
-18.1108,132.4236,341.2,1.7,1.3,2014-10-15,0517,Aqua,MODIS,72,6.2,314.1,47.7,D,0
-20.0909,123.1985,347.8,1.5,1.2,2014-10-15,0517,Aqua,MODIS,77,6.2,315.1,64.1,D,0
-20.0925,123.1844,359.4,1.5,1.2,2014-10-15,0517,Aqua,MODIS,99,6.2,310.4,114.5,D,0
-20.0942,123.1703,351.1,1.5,1.2,2014-10-15,0517,Aqua,MODIS,93,6.2,307.3,83.6,D,0
-20.0801,123.197,355.4,1.5,1.2,2014-10-15,0517,Aqua,MODIS,92,6.2,312.2,96.9,D,0
-20.0817,123.1829,362.7,1.5,1.2,2014-10-15,0517,Aqua,MODIS,100,6.2,310.5,132.2,D,0
-21.3096,122.7137,333,1.6,1.3,2014-10-15,0517,Aqua,MODIS,44,6.2,312.4,23.1,D,0
-18.1192,132.375,346,1.7,1.3,2014-10-15,0517,Aqua,MODIS,89,6.2,316.6,68.6,D,0
-18.1248,132.3428,332.4,1.7,1.3,2014-10-15,0517,Aqua,MODIS,37,6.2,314.3,22.1,D,0
-18.0791,132.4682,332.7,1.8,1.3,2014-10-15,0517,Aqua,MODIS,27,6.2,314.9,19.4,D,0
-18.0587,132.4474,347.3,1.8,1.3,2014-10-15,0517,Aqua,MODIS,82,6.2,313.5,74.2,D,0
-18.0616,132.431,339.1,1.7,1.3,2014-10-15,0517,Aqua,MODIS,57,6.2,310.7,45.9,D,0
-18.0625,132.4412,336.3,1.8,1.3,2014-10-15,0517,Aqua,MODIS,54,6.2,312.8,34.2,D,0
-20.8727,122.5448,338.5,1.7,1.3,2014-10-15,0517,Aqua,MODIS,58,6.2,316.7,31.5,D,0
-20.8896,122.498,344.7,1.7,1.3,2014-10-15,0517,Aqua,MODIS,87,6.2,309.9,76.2,D,0
-18.1665,132.4907,334.5,1.8,1.3,2014-10-15,0517,Aqua,MODIS,71,6.2,317.5,31.5,D,0
-18.1694,132.4743,331,1.8,1.3,2014-10-15,0517,Aqua,MODIS,50,6.2,315.8,20.9,D,0
-21.4571,122.7218,371,1.6,1.3,2014-10-15,0517,Aqua,MODIS,90,6.2,299.3,213.8,D,0
-21.4457,122.7202,357.8,1.6,1.3,2014-10-15,0517,Aqua,MODIS,52,6.2,293.8,130.1,D,0
-21.6134,123.153,360.5,1.6,1.2,2014-10-15,0517,Aqua,MODIS,100,6.2,312.9,130.6,D,0
-21.6107,123.1612,360.1,1.5,1.2,2014-10-15,0517,Aqua,MODIS,100,6.2,309.3,126,D,0
-21.6125,123.1462,351.3,1.6,1.2,2014-10-15,0517,Aqua,MODIS,93,6.2,312.4,88,D,0
-21.5996,123.1597,332.8,1.5,1.2,2014-10-15,0517,Aqua,MODIS,40,6.2,311,23.5,D,0
-21.6723,123.1302,333,1.6,1.2,2014-10-15,0517,Aqua,MODIS,4,6.2,314.6,22.7,D,0
-17.9929,132.1736,349,1.7,1.3,2014-10-15,0517,Aqua,MODIS,92,6.2,310.2,86.9,D,0
-21.1766,123.4611,341.2,1.5,1.2,2014-10-15,0517,Aqua,MODIS,82,6.2,318.6,35.1,D,0
-21.4747,122.7631,336.3,1.6,1.3,2014-10-15,0517,Aqua,MODIS,42,6.2,309.3,37.1,D,0
-21.4553,122.7377,372.3,1.6,1.3,2014-10-15,0517,Aqua,MODIS,79,6.2,304.3,219.1,D,0
-21.4439,122.7362,356,1.6,1.3,2014-10-15,0517,Aqua,MODIS,57,6.2,288.6,119.7,D,0
-17.9895,132.1245,343.3,1.7,1.3,2014-10-15,0517,Aqua,MODIS,86,6.2,314.8,67,D,0
-17.9781,132.1223,358.4,1.7,1.3,2014-10-15,0517,Aqua,MODIS,99,6.2,312.7,141.2,D,0
-17.9808,132.1068,353.8,1.7,1.3,2014-10-15,0517,Aqua,MODIS,95,6.2,313.9,115.5,D,0
-17.9955,132.1579,353.3,1.7,1.3,2014-10-15,0517,Aqua,MODIS,95,6.2,312.3,106.4,D,0
-17.9982,132.1422,336.3,1.7,1.3,2014-10-15,0517,Aqua,MODIS,57,6.2,312.9,36.8,D,0
-17.9842,132.1557,364.9,1.7,1.3,2014-10-15,0517,Aqua,MODIS,100,6.2,309.5,175.5,D,0
-18.6268,132.3056,332.7,1.7,1.3,2014-10-15,0517,Aqua,MODIS,49,6.2,318.2,19.5,D,0
-21.6117,123.1679,328.3,1.5,1.2,2014-10-15,0517,Aqua,MODIS,12,6.2,303.4,11.6,D,0
-17.9868,132.1401,427.1,1.7,1.3,2014-10-15,0517,Aqua,MODIS,100,6.2,324.9,934.5,D,0
-18.0851,132.7122,336.3,1.8,1.3,2014-10-15,0517,Aqua,MODIS,69,6.2,315.8,37.8,D,0
-20.8699,122.4904,345.1,1.7,1.3,2014-10-15,0517,Aqua,MODIS,84,6.2,307.8,76.5,D,0
-20.868,122.5066,362.4,1.7,1.3,2014-10-15,0517,Aqua,MODIS,100,6.2,313.2,153.8,D,0
-20.8661,122.5227,417.2,1.7,1.3,2014-10-15,0517,Aqua,MODIS,100,6.2,322.1,736.6,D,0
-20.8643,122.5387,373,1.7,1.3,2014-10-15,0517,Aqua,MODIS,100,6.2,318.2,207.8,D,0
-20.8814,122.4919,351.3,1.7,1.3,2014-10-15,0517,Aqua,MODIS,90,6.2,311.3,102.6,D,0
-20.8776,122.5241,337.8,1.7,1.3,2014-10-15,0517,Aqua,MODIS,58,6.2,313.3,29.6,D,0
-20.8757,122.5402,337.8,1.7,1.3,2014-10-15,0517,Aqua,MODIS,61,6.2,315.2,26.2,D,0
-20.8666,122.4949,354.2,1.7,1.3,2014-10-15,0517,Aqua,MODIS,95,6.2,308.1,116.3,D,0
-20.8648,122.5111,374.6,1.7,1.3,2014-10-15,0517,Aqua,MODIS,100,6.2,313.3,236.8,D,0
-20.863,122.5272,420.8,1.7,1.3,2014-10-15,0517,Aqua,MODIS,100,6.2,321,798.8,D,0
-20.8612,122.5433,343.1,1.7,1.3,2014-10-15,0517,Aqua,MODIS,85,6.2,317.7,44.7,D,0
-20.8799,122.4803,332.1,1.7,1.3,2014-10-15,0517,Aqua,MODIS,28,6.2,306.6,36.6,D,0
-20.8781,122.4965,346.6,1.7,1.3,2014-10-15,0517,Aqua,MODIS,88,6.2,310.7,83.5,D,0
-20.8745,122.5287,344,1.7,1.3,2014-10-15,0517,Aqua,MODIS,81,6.2,314.6,55.9,D,0
-21.4506,121.4974,337,2,1.4,2014-10-15,0517,Aqua,MODIS,69,6.2,316.7,46.4,D,0
-21.4484,121.5167,362.8,2,1.4,2014-10-15,0517,Aqua,MODIS,100,6.2,316,197.7,D,0
-21.4462,121.5361,334.2,2,1.4,2014-10-15,0517,Aqua,MODIS,65,6.2,304.5,31.2,D,0
-21.4524,121.5046,359,2,1.4,2014-10-15,0517,Aqua,MODIS,99,6.2,317.5,174.6,D,0
-21.4504,121.524,362.4,2,1.4,2014-10-15,0517,Aqua,MODIS,100,6.2,315.6,196.8,D,0
-21.4588,121.5642,396.9,2,1.4,2014-10-15,0517,Aqua,MODIS,100,6.2,321.7,582.9,D,0
-21.4567,121.5834,353.8,2,1.4,2014-10-15,0517,Aqua,MODIS,95,6.2,317.7,130.5,D,0
-21.4795,121.4882,335.6,2,1.4,2014-10-15,0517,Aqua,MODIS,67,6.2,304.6,46.2,D,0
-21.4774,121.5077,354.9,2,1.4,2014-10-15,0517,Aqua,MODIS,96,6.2,317.3,147.2,D,0
-20.9358,122.6017,335.9,1.7,1.3,2014-10-15,0517,Aqua,MODIS,68,6.2,314.6,30.5,D,0
-20.9473,122.6032,331,1.7,1.3,2014-10-15,0517,Aqua,MODIS,57,6.2,313.7,18.4,D,0
-18.0238,132.2505,386,1.7,1.3,2014-10-15,0517,Aqua,MODIS,100,6.2,315.4,343.4,D,0
-18.0266,132.2346,342.3,1.7,1.3,2014-10-15,0517,Aqua,MODIS,75,6.2,313.5,56.5,D,0
-18.0152,132.2325,335.2,1.7,1.3,2014-10-15,0517,Aqua,MODIS,27,6.2,311,33.1,D,0
-18.0165,132.2434,336,1.7,1.3,2014-10-15,0517,Aqua,MODIS,61,6.2,310.9,41.1,D,0
-21.3132,122.6819,338.9,1.7,1.3,2014-10-15,0517,Aqua,MODIS,60,6.2,309.6,48.9,D,0
-21.3149,122.6659,348.6,1.7,1.3,2014-10-15,0517,Aqua,MODIS,91,6.2,307.6,90.6,D,0
-21.3017,122.6804,347.1,1.7,1.3,2014-10-15,0517,Aqua,MODIS,71,6.2,310.1,76.8,D,0
-19.6735,128.1969,337.6,1,1,2014-10-15,0517,Aqua,MODIS,66,6.2,322.1,11.5,D,0
-19.7608,128.0442,337.7,1,1,2014-10-15,0517,Aqua,MODIS,47,6.2,319.6,12.2,D,0
-19.7622,128.0346,390.7,1,1,2014-10-15,0517,Aqua,MODIS,100,6.2,325.2,178.4,D,0
-19.7636,128.025,382,1,1,2014-10-15,0517,Aqua,MODIS,100,6.2,324.6,137.3,D,0
-19.7504,128.0523,343.9,1,1,2014-10-15,0517,Aqua,MODIS,65,6.2,320.7,21,D,0
-19.7518,128.0427,346.5,1,1,2014-10-15,0517,Aqua,MODIS,88,6.2,319.3,27.2,D,0
-19.7532,128.0331,337,1,1,2014-10-15,0517,Aqua,MODIS,71,6.2,319.6,12.4,D,0
-19.7399,128.0603,340.5,1,1,2014-10-15,0517,Aqua,MODIS,76,6.2,323.1,15.7,D,0
-19.7414,128.0508,372.1,1,1,2014-10-15,0517,Aqua,MODIS,100,6.2,325.1,95.4,D,0
-19.7428,128.0412,350.1,1,1,2014-10-15,0517,Aqua,MODIS,92,6.2,322,33.2,D,0
-18.809,128.0701,341.2,1,1,2014-10-15,0517,Aqua,MODIS,77,6.2,319.9,17.1,D,0
-18.8104,128.0605,336.6,1,1,2014-10-15,0517,Aqua,MODIS,57,6.2,319.3,10,D,0
-18.7999,128.0686,341.2,1,1,2014-10-15,0517,Aqua,MODIS,71,6.2,320.8,16.1,D,0
-18.788,128.0863,338.6,1,1,2014-10-15,0517,Aqua,MODIS,63,6.2,322.2,12.3,D,0
-18.767,128.1025,346.1,1,1,2014-10-15,0517,Aqua,MODIS,88,6.2,323.4,24.5,D,0
-18.623,126.7452,335.6,1,1,2014-10-15,0517,Aqua,MODIS,55,6.2,318.5,10.7,D,0
-19.9731,124.2493,333.6,1.3,1.1,2014-10-15,0517,Aqua,MODIS,49,6.2,315.9,14.4,D,0
-19.5784,125.2616,339,1.1,1.1,2014-10-15,0517,Aqua,MODIS,69,6.2,320.6,17.1,D,0
-20.0172,124.1443,362.3,1.3,1.1,2014-10-15,0517,Aqua,MODIS,100,6.2,315.7,104,D,0
-19.9822,124.1767,335,1.3,1.1,2014-10-15,0517,Aqua,MODIS,40,6.2,302.9,13.4,D,0
-19.9676,124.2117,335.7,1.3,1.1,2014-10-15,0517,Aqua,MODIS,39,6.2,318.8,17.6,D,0
-19.9691,124.1996,352.4,1.3,1.1,2014-10-15,0517,Aqua,MODIS,94,6.2,319.2,60.5,D,0
-19.9706,124.1874,352.6,1.3,1.1,2014-10-15,0517,Aqua,MODIS,94,6.2,319.1,59.6,D,0
-19.9721,124.1752,396.2,1.3,1.1,2014-10-15,0517,Aqua,MODIS,100,6.2,316.3,292.8,D,0
-19.9168,128.414,398.2,1,1,2014-10-15,0517,Aqua,MODIS,100,6.2,328.2,219.9,D,0
-19.9182,128.4043,350.4,1,1,2014-10-15,0517,Aqua,MODIS,92,6.2,321.1,34.7,D,0
-19.9072,128.4266,337.4,1,1,2014-10-15,0517,Aqua,MODIS,41,6.2,322.9,10.2,D,0
-19.9086,128.4169,347.6,1,1,2014-10-15,0517,Aqua,MODIS,89,6.2,325.7,29.6,D,0
-19.91,128.4072,342,1,1,2014-10-15,0517,Aqua,MODIS,83,6.2,324.9,17.5,D,0
-15.447,125.8708,335.2,1,1,2014-10-15,0518,Aqua,MODIS,24,6.2,312.8,15.7,D,0
-15.4366,125.8788,344.7,1,1,2014-10-15,0518,Aqua,MODIS,79,6.2,312.3,30.2,D,0
-15.4379,125.8694,341.7,1,1,2014-10-15,0518,Aqua,MODIS,40,6.2,311.7,28.4,D,0
-15.5465,125.6133,353.7,1,1,2014-10-15,0518,Aqua,MODIS,96,6.2,312,56.8,D,0
-15.5478,125.6039,359.8,1,1,2014-10-15,0518,Aqua,MODIS,99,6.2,314.6,70.6,D,0
-15.544,125.5646,342.8,1,1,2014-10-15,0518,Aqua,MODIS,58,6.2,304.5,33.6,D,0
-15.474,125.8749,353.8,1,1,2014-10-15,0518,Aqua,MODIS,96,6.2,310.8,49.8,D,0
-15.4663,125.8642,337,1,1,2014-10-15,0518,Aqua,MODIS,61,6.2,305.5,18.9,D,0
-15.7,125.5071,357.1,1,1,2014-10-15,0518,Aqua,MODIS,98,6.2,309.6,63.8,D,0
-16.0645,125.7864,334.1,1,1,2014-10-15,0518,Aqua,MODIS,26,6.2,312.6,17.2,D,0
-16.0547,125.7984,341.3,1,1,2014-10-15,0518,Aqua,MODIS,71,6.2,313.7,28.3,D,0
-16.043,125.8158,342.9,1,1,2014-10-15,0518,Aqua,MODIS,73,6.2,313.7,27.6,D,0
-16.0443,125.8064,352.7,1,1,2014-10-15,0518,Aqua,MODIS,95,6.2,312.1,49.2,D,0
-16.0222,125.8319,337,1,1,2014-10-15,0518,Aqua,MODIS,61,6.2,313.3,16.7,D,0
-15.9649,126.0438,336.3,1,1,2014-10-15,0518,Aqua,MODIS,80,6.2,311.7,17,D,0
-15.9662,126.0344,340,1,1,2014-10-15,0518,Aqua,MODIS,84,6.2,311.6,22.9,D,0
-16.0864,125.8283,342.1,1,1,2014-10-15,0518,Aqua,MODIS,57,6.2,309.9,23.3,D,0
-16.0877,125.8189,352.9,1,1,2014-10-15,0518,Aqua,MODIS,95,6.2,310.7,45.1,D,0
-16.0786,125.8175,359.9,1,1,2014-10-15,0518,Aqua,MODIS,99,6.2,313.8,60.9,D,0
-16.08,125.808,344.8,1,1,2014-10-15,0518,Aqua,MODIS,79,6.2,310.9,27.8,D,0
-16.8378,130.6652,342.2,1.4,1.2,2014-10-15,0518,Aqua,MODIS,83,6.2,314.8,38.9,D,0
-16.8147,130.6744,333.5,1.4,1.2,2014-10-15,0518,Aqua,MODIS,45,6.2,314.2,16.5,D,0
-16.8064,130.6596,341.5,1.4,1.2,2014-10-15,0518,Aqua,MODIS,81,6.2,312.1,38.5,D,0
-16.8042,130.6726,342.6,1.4,1.2,2014-10-15,0518,Aqua,MODIS,84,6.2,312.4,40.4,D,0
-16.1423,134.1654,334.5,2.6,1.5,2014-10-15,0518,Aqua,MODIS,55,6.2,292.9,92.1,D,0
-18.622,125.0097,336.6,1.1,1.1,2014-10-15,0518,Aqua,MODIS,12,6.2,316.7,14.9,D,0
-18.6112,125.0188,338.4,1.1,1.1,2014-10-15,0518,Aqua,MODIS,49,6.2,317.5,18,D,0
-16.138,134.1889,331.6,2.6,1.5,2014-10-15,0518,Aqua,MODIS,26,6.2,301,74.3,D,0
-17.9465,125.0494,353.6,1.1,1,2014-10-15,0518,Aqua,MODIS,95,6.2,314.8,51,D,0
-17.9479,125.0391,336.9,1.1,1,2014-10-15,0518,Aqua,MODIS,57,6.2,313.9,14.1,D,0
-17.9545,125.0611,341.2,1.1,1,2014-10-15,0518,Aqua,MODIS,76,6.2,318.2,22,D,0
-16.1475,134.2155,354.3,2.6,1.5,2014-10-15,0518,Aqua,MODIS,96,6.2,308,234.5,D,0
-14.4009,133.3193,330.9,2.4,1.5,2014-10-15,0518,Aqua,MODIS,68,6.2,308.3,35.1,D,0
-17.3094,133.9782,325.1,2.3,1.5,2014-10-15,0518,Aqua,MODIS,46,6.2,308.7,32.9,D,0
-17.2961,133.9755,332.7,2.3,1.5,2014-10-15,0518,Aqua,MODIS,75,6.2,306.3,66.8,D,0
-14.4096,133.3285,332.3,2.4,1.5,2014-10-15,0518,Aqua,MODIS,71,6.2,309.8,40.8,D,0
-18.6329,125.0007,377.7,1.1,1.1,2014-10-15,0518,Aqua,MODIS,100,6.2,317.1,140.5,D,0
-18.6343,124.9902,373.6,1.1,1.1,2014-10-15,0518,Aqua,MODIS,100,6.2,316.2,123.4,D,0
-18.6234,124.9992,344.4,1.1,1.1,2014-10-15,0518,Aqua,MODIS,68,6.2,318.5,29.9,D,0
-18.6263,124.9781,331.7,1.1,1.1,2014-10-15,0518,Aqua,MODIS,21,6.2,313.4,11.3,D,0
-18.2942,126.6013,344.2,1,1,2014-10-15,0518,Aqua,MODIS,86,6.2,320.1,26,D,0
-18.2838,126.6094,338.4,1,1,2014-10-15,0518,Aqua,MODIS,57,6.2,321,15.7,D,0
-18.2851,126.5999,345.5,1,1,2014-10-15,0518,Aqua,MODIS,87,6.2,319.9,28.8,D,0
-16.8497,123.0686,331.5,1.4,1.2,2014-10-15,0518,Aqua,MODIS,43,6.2,310.1,17.2,D,0
-16.8453,124.0571,350.7,1.2,1.1,2014-10-15,0518,Aqua,MODIS,80,6.2,311.3,56.9,D,0
-16.8467,124.0459,344.2,1.2,1.1,2014-10-15,0518,Aqua,MODIS,57,6.2,308.9,44.2,D,0
-16.8445,124.0517,347.8,1.2,1.1,2014-10-15,0518,Aqua,MODIS,66,6.2,312.1,48,D,0
-17.2546,124.1851,360.1,1.2,1.1,2014-10-15,0518,Aqua,MODIS,75,6.2,297.6,93.3,D,0
-16.7996,124.0906,353.7,1.2,1.1,2014-10-15,0518,Aqua,MODIS,95,6.2,316,53.6,D,0
-16.801,124.0795,339.9,1.2,1.1,2014-10-15,0518,Aqua,MODIS,76,6.2,314.4,19.5,D,0
-16.8565,124.0473,354,1.2,1.1,2014-10-15,0518,Aqua,MODIS,86,6.2,305.8,74.1,D,0
-16.855,124.0585,346.1,1.2,1.1,2014-10-15,0518,Aqua,MODIS,59,6.2,306.2,46.6,D,0
-16.8663,124.0488,367.2,1.2,1.1,2014-10-15,0518,Aqua,MODIS,94,6.2,302.6,122.5,D,0
-16.8648,124.0599,368,1.2,1.1,2014-10-15,0518,Aqua,MODIS,100,6.2,303.1,120.3,D,0
-16.9683,123.1609,334,1.3,1.1,2014-10-15,0518,Aqua,MODIS,29,6.2,312.3,18.8,D,0
-17.1638,123.0578,330.7,1.4,1.2,2014-10-15,0518,Aqua,MODIS,62,6.2,311,16,D,0
-17.1483,123.0503,334.2,1.4,1.2,2014-10-15,0518,Aqua,MODIS,67,6.2,310.7,25,D,0
-17.1653,123.045,342.4,1.4,1.2,2014-10-15,0518,Aqua,MODIS,85,6.2,310,45,D,0
-17.1533,123.0564,334.4,1.4,1.2,2014-10-15,0518,Aqua,MODIS,72,6.2,311.2,23.8,D,0
-17.1549,123.0436,347.3,1.4,1.2,2014-10-15,0518,Aqua,MODIS,90,6.2,310.4,59.8,D,0
-17.1587,123.0517,347.3,1.4,1.2,2014-10-15,0518,Aqua,MODIS,90,6.2,311.7,59.4,D,0
-17.1604,123.0388,333.6,1.4,1.2,2014-10-15,0518,Aqua,MODIS,65,6.2,309.7,23.8,D,0
-16.8946,123.107,346,1.4,1.2,2014-10-15,0518,Aqua,MODIS,89,6.2,314,47.2,D,0
-16.7981,124.1017,362.5,1.2,1.1,2014-10-15,0518,Aqua,MODIS,100,6.2,317.7,82.2,D,0
-17.1786,130.4702,348.5,1.3,1.1,2014-10-15,0518,Aqua,MODIS,91,6.2,314.8,56.7,D,0
-16.7967,124.1127,356.9,1.2,1.1,2014-10-15,0518,Aqua,MODIS,98,6.2,316.9,61.7,D,0
-15.3127,135.3364,326.4,3.3,1.7,2014-10-15,0518,Aqua,MODIS,47,6.2,309,41.3,D,0
-15.3096,135.3438,329.1,3.3,1.7,2014-10-15,0518,Aqua,MODIS,61,6.2,308.2,53.6,D,0
-17.2271,130.2821,338,1.3,1.1,2014-10-15,0518,Aqua,MODIS,68,6.2,309.7,22,D,0
-17.1999,130.2716,335.6,1.3,1.1,2014-10-15,0518,Aqua,MODIS,63,6.2,309.2,28,D,0
-17.2018,130.2595,336.3,1.3,1.1,2014-10-15,0518,Aqua,MODIS,75,6.2,308.9,31.3,D,0
-17.2648,123.3224,365.8,1.3,1.1,2014-10-15,0518,Aqua,MODIS,100,6.2,315.5,119.7,D,0
-17.253,123.3334,349.5,1.3,1.1,2014-10-15,0518,Aqua,MODIS,88,6.2,313.6,56,D,0
-17.2633,123.3348,336.1,1.3,1.1,2014-10-15,0518,Aqua,MODIS,37,6.2,311.3,22.1,D,0
-17.2434,130.31,341.8,1.3,1.1,2014-10-15,0518,Aqua,MODIS,81,6.2,314,27.3,D,0
-17.2657,130.3014,341,1.3,1.1,2014-10-15,0518,Aqua,MODIS,51,6.2,316.1,26.3,D,0
-17.2676,130.2893,365.4,1.3,1.1,2014-10-15,0518,Aqua,MODIS,100,6.2,316.8,112.2,D,0
-17.2575,130.2875,344.5,1.3,1.1,2014-10-15,0518,Aqua,MODIS,76,6.2,311.2,36.9,D,0
-17.2664,123.3099,365.6,1.3,1.1,2014-10-15,0518,Aqua,MODIS,100,6.2,316.9,121.3,D,0
-17.6726,126.1123,334,1,1,2014-10-15,0518,Aqua,MODIS,65,6.2,311.2,16.3,D,0
-17.6713,126.1217,338.9,1,1,2014-10-15,0518,Aqua,MODIS,78,6.2,312.2,23,D,0
-17.683,126.104,346.3,1,1,2014-10-15,0518,Aqua,MODIS,88,6.2,311.7,38.1,D,0
-17.6816,126.1137,343.4,1,1,2014-10-15,0518,Aqua,MODIS,85,6.2,313.1,31.5,D,0
-17.6803,126.1232,342,1,1,2014-10-15,0518,Aqua,MODIS,83,6.2,313.6,27.6,D,0
-17.679,126.1327,342.5,1,1,2014-10-15,0518,Aqua,MODIS,84,6.2,314.2,28.2,D,0
-17.6907,126.115,332.1,1,1,2014-10-15,0518,Aqua,MODIS,55,6.2,311.1,13,D,0
-17.136,124.3196,353.5,1.2,1.1,2014-10-15,0518,Aqua,MODIS,90,6.2,306.8,72.2,D,0
-17.2356,123.3057,342.8,1.3,1.1,2014-10-15,0518,Aqua,MODIS,62,6.2,316.2,34.2,D,0
-17.2372,130.2839,342,1.3,1.1,2014-10-15,0518,Aqua,MODIS,81,6.2,311.3,30.5,D,0
-17.2081,130.2855,332.6,1.3,1.1,2014-10-15,0518,Aqua,MODIS,39,6.2,312.4,19.3,D,0
-17.2458,123.3072,341.7,1.3,1.1,2014-10-15,0518,Aqua,MODIS,51,6.2,315.6,32.3,D,0
-17.2443,123.3196,337.2,1.3,1.1,2014-10-15,0518,Aqua,MODIS,44,6.2,317.3,20,D,0
-15.9137,126.0772,333.6,1,1,2014-10-15,0518,Aqua,MODIS,56,6.2,314.1,12.2,D,0
-17.3853,128.5412,331.6,1.1,1,2014-10-15,0518,Aqua,MODIS,42,6.2,312.5,10.6,D,0
-17.37,128.5795,345.3,1.1,1,2014-10-15,0518,Aqua,MODIS,87,6.2,315.4,31,D,0
-17.3715,128.5696,352.8,1.1,1,2014-10-15,0518,Aqua,MODIS,94,6.2,315.4,48.7,D,0
-17.373,128.5597,339.4,1.1,1,2014-10-15,0518,Aqua,MODIS,61,6.2,315.5,19.6,D,0
-17.3745,128.5497,352.4,1.1,1,2014-10-15,0518,Aqua,MODIS,94,6.2,314.6,47.8,D,0
-17.376,128.5396,342,1.1,1,2014-10-15,0518,Aqua,MODIS,81,6.2,313.5,27.3,D,0
-17.3775,128.5296,338.1,1.1,1,2014-10-15,0518,Aqua,MODIS,77,6.2,311,21.5,D,0
-17.3529,128.5667,336,1.1,1,2014-10-15,0518,Aqua,MODIS,46,6.2,317.7,13.4,D,0
-17.3559,128.5468,338.9,1.1,1,2014-10-15,0518,Aqua,MODIS,42,6.2,316.7,19.3,D,0
-17.2577,123.2961,352.9,1.3,1.1,2014-10-15,0518,Aqua,MODIS,95,6.2,313.3,71.3,D,0
-17.0376,128.2157,337.3,1,1,2014-10-15,0518,Aqua,MODIS,29,6.2,319,13.7,D,0
-17.268,123.2975,352.4,1.3,1.1,2014-10-15,0518,Aqua,MODIS,94,6.2,312.6,72.5,D,0
-15.9227,126.0786,333.5,1,1,2014-10-15,0518,Aqua,MODIS,26,6.2,315.1,10.8,D,0
-15.9622,126.0625,335,1,1,2014-10-15,0518,Aqua,MODIS,78,6.2,313.1,15.3,D,0
-17.1681,123.2771,337,1.3,1.1,2014-10-15,0518,Aqua,MODIS,75,6.2,312.9,22.9,D,0
-16.8746,124.0614,332.6,1.2,1.1,2014-10-15,0518,Aqua,MODIS,26,6.2,300.2,21.9,D,0
-15.5754,125.4042,368.2,1,1,2014-10-15,0518,Aqua,MODIS,100,6.2,309.2,101.6,D,0
-15.5898,125.3674,344.2,1,1,2014-10-15,0518,Aqua,MODIS,89,6.2,302.7,41.6,D,0
-15.5989,125.3687,338.3,1,1,2014-10-15,0518,Aqua,MODIS,78,6.2,304.9,28.3,D,0
-16.6558,126.8058,335.4,1,1,2014-10-15,0518,Aqua,MODIS,55,6.2,314.9,13.8,D,0
-15.5976,125.3783,346.6,1,1,2014-10-15,0518,Aqua,MODIS,91,6.2,307.5,42.8,D,0
-17.2561,123.3086,372.7,1.3,1.1,2014-10-15,0518,Aqua,MODIS,100,6.2,318.7,152.8,D,0
-17.2546,123.321,360.9,1.3,1.1,2014-10-15,0518,Aqua,MODIS,100,6.2,318.7,94.7,D,0
-15.6729,125.4346,334.4,1,1,2014-10-15,0518,Aqua,MODIS,62,6.2,304.2,21,D,0
-17.2165,124.3254,335,1.2,1.1,2014-10-15,0518,Aqua,MODIS,44,6.2,317.8,17.5,D,0
-17.1985,124.3118,358.2,1.2,1.1,2014-10-15,0518,Aqua,MODIS,87,6.2,316.5,77.3,D,0
-17.2,124.3008,368,1.2,1.1,2014-10-15,0518,Aqua,MODIS,94,6.2,314.1,112.3,D,0
-17.2537,124.3418,341,1.2,1.1,2014-10-15,0518,Aqua,MODIS,76,6.2,313.9,28.5,D,0
-16.5172,128.254,340.1,1.1,1,2014-10-15,0518,Aqua,MODIS,80,6.2,315.3,21.2,D,0
-16.5157,128.2638,332.6,1.1,1,2014-10-15,0518,Aqua,MODIS,45,6.2,313.3,9.5,D,0
-16.6896,129.7462,359.9,1.2,1.1,2014-10-15,0518,Aqua,MODIS,98,6.2,317.7,81.8,D,0
-16.6977,129.7593,345.5,1.2,1.1,2014-10-15,0518,Aqua,MODIS,52,6.2,320.9,34.1,D,0
-15.5806,125.434,333.5,1,1,2014-10-15,0518,Aqua,MODIS,70,6.2,304.8,20.9,D,0
-17.2454,130.2978,350.3,1.3,1.1,2014-10-15,0518,Aqua,MODIS,92,6.2,314.7,51.8,D,0
-17.2412,130.2597,356.3,1.3,1.1,2014-10-15,0518,Aqua,MODIS,97,6.2,313.3,75.8,D,0
-17.2431,130.2476,351.9,1.3,1.1,2014-10-15,0518,Aqua,MODIS,94,6.2,311,61.6,D,0
-17.2291,130.27,366.4,1.3,1.1,2014-10-15,0518,Aqua,MODIS,100,6.2,311.6,116.9,D,0
-17.3868,128.5312,333.8,1.1,1,2014-10-15,0518,Aqua,MODIS,66,6.2,313.7,15.2,D,0
-17.2311,130.2579,359.9,1.3,1.1,2014-10-15,0518,Aqua,MODIS,99,6.2,311.2,89.3,D,0
-17.2303,130.277,343.4,1.3,1.1,2014-10-15,0518,Aqua,MODIS,82,6.2,309.8,38.2,D,0
-17.2322,130.2648,361.9,1.3,1.1,2014-10-15,0518,Aqua,MODIS,100,6.2,313.5,102.1,D,0
-17.2341,130.2527,344.6,1.3,1.1,2014-10-15,0518,Aqua,MODIS,86,6.2,310.7,44.1,D,0
-17.2052,130.1733,334.8,1.3,1.1,2014-10-15,0518,Aqua,MODIS,72,6.2,310.2,25.1,D,0
-17.2071,130.1614,334.1,1.3,1.1,2014-10-15,0518,Aqua,MODIS,70,6.2,309.2,22.5,D,0
-17.236,130.2406,332.7,1.3,1.1,2014-10-15,0518,Aqua,MODIS,12,6.2,309.7,16.9,D,0
-17.2201,130.2752,335.8,1.3,1.1,2014-10-15,0518,Aqua,MODIS,37,6.2,309.9,21.4,D,0
-13.9381,135.4194,333.3,3.5,1.8,2014-10-15,0518,Aqua,MODIS,56,6.2,300.3,122.2,D,0
-13.9479,135.4553,326.5,3.6,1.8,2014-10-15,0518,Aqua,MODIS,12,6.2,299.7,70.5,D,0
-13.9968,135.8256,331.6,3.8,1.8,2014-10-15,0518,Aqua,MODIS,73,6.2,296.8,152.3,D,0
-13.8849,135.442,325.8,3.6,1.8,2014-10-15,0518,Aqua,MODIS,23,6.2,298.8,64.9,D,0
-13.8788,135.4746,326.8,3.6,1.8,2014-10-15,0518,Aqua,MODIS,39,6.2,297,72.5,D,0
-13.9396,135.4585,328.3,3.6,1.8,2014-10-15,0518,Aqua,MODIS,24,6.2,300.3,83.2,D,0
-13.8696,135.465,328.2,3.6,1.8,2014-10-15,0518,Aqua,MODIS,63,6.2,297.9,93.5,D,0
-13.9457,135.426,339.4,3.5,1.8,2014-10-15,0518,Aqua,MODIS,84,6.2,299.8,183.3,D,0
-13.1499,132.4184,328.5,2.2,1.4,2014-10-15,0519,Aqua,MODIS,67,6.2,305.3,33.3,D,0
-12.9946,132.7833,326.6,2.3,1.5,2014-10-15,0519,Aqua,MODIS,69,6.2,302.2,43,D,0
-13.1532,132.3985,356.8,2.2,1.4,2014-10-15,0519,Aqua,MODIS,98,6.2,304.8,190.7,D,0
-13.4546,134.356,325.7,3,1.6,2014-10-15,0519,Aqua,MODIS,39,6.2,298,43.2,D,0
-12.9983,132.7621,328.5,2.3,1.5,2014-10-15,0519,Aqua,MODIS,73,6.2,302.9,51.1,D,0
-12.6507,135.7554,320.3,4,1.9,2014-10-15,0519,Aqua,MODIS,45,6.2,294.9,61,D,0
-12.4893,135.825,320,4.1,1.9,2014-10-15,0519,Aqua,MODIS,50,6.2,291.8,61.5,D,0
-14.8951,125.8741,359.6,1,1,2014-10-15,0519,Aqua,MODIS,99,6.2,303.5,70.1,D,0
-14.8964,125.8648,330.1,1,1,2014-10-15,0519,Aqua,MODIS,43,6.2,299.9,14.7,D,0
-14.8874,125.8634,337.2,1,1,2014-10-15,0519,Aqua,MODIS,40,6.2,303.7,22.7,D,0
-14.8415,125.8592,335.7,1,1,2014-10-15,0519,Aqua,MODIS,60,6.2,304.7,22.9,D,0
-14.8428,125.8499,344.1,1,1,2014-10-15,0519,Aqua,MODIS,80,6.2,301.4,39.4,D,0
-12.582,132.7271,334.5,2.3,1.5,2014-10-15,0519,Aqua,MODIS,79,6.2,302.9,60.7,D,0
-12.9101,134.9841,328.7,3.4,1.7,2014-10-15,0519,Aqua,MODIS,42,6.2,298.3,85.4,D,0
-12.574,132.7203,334.7,2.3,1.5,2014-10-15,0519,Aqua,MODIS,77,6.2,302.1,66.5,D,0
-12.9042,135.0155,332.5,3.4,1.7,2014-10-15,0519,Aqua,MODIS,68,6.2,299.3,112.8,D,0
-11.9192,134.0419,325.4,3,1.7,2014-10-15,0519,Aqua,MODIS,0,6.2,297.6,49.4,D,0
-11.3837,131.0911,327.6,1.9,1.3,2014-10-15,0519,Aqua,MODIS,50,6.2,302.1,24,D,0
-11.3795,131.1478,329,1.9,1.3,2014-10-15,0519,Aqua,MODIS,54,6.2,305.6,27.2,D,0
-11.3207,130.9036,319.3,1.8,1.3,2014-10-15,0519,Aqua,MODIS,0,6.2,299,17.7,D,0
-12.9114,135.0119,338.9,3.4,1.7,2014-10-15,0519,Aqua,MODIS,85,6.2,300.2,174.5,D,0
-14.8362,125.8964,331,1,1,2014-10-15,0519,Aqua,MODIS,39,6.2,305.1,14.7,D,0
-14.7697,125.7859,328.4,1,1,2014-10-15,0519,Aqua,MODIS,39,6.2,304.4,12.4,D,0
-14.8834,125.8913,345.7,1,1,2014-10-15,0519,Aqua,MODIS,77,6.2,305.2,38.4,D,0
-14.9005,125.7703,331.8,1,1,2014-10-15,0519,Aqua,MODIS,68,6.2,307.4,15.7,D,0
-14.7773,125.7926,330.1,1,1,2014-10-15,0519,Aqua,MODIS,51,6.2,303,14.5,D,0
-14.9121,125.7531,342.8,1,1,2014-10-15,0519,Aqua,MODIS,84,6.2,300.6,34.1,D,0
-14.8938,125.8834,377,1,1,2014-10-15,0519,Aqua,MODIS,100,6.2,307,126.6,D,0
-14.2874,127.1527,384.3,1,1,2014-10-15,0519,Aqua,MODIS,100,6.2,315.1,157.2,D,0
-14.2615,127.1389,359.7,1,1,2014-10-15,0519,Aqua,MODIS,99,6.2,309.4,69.5,D,0
-14.2678,127.1592,334.8,1,1,2014-10-15,0519,Aqua,MODIS,27,6.2,313.2,11.7,D,0
-14.2664,127.1687,335.5,1,1,2014-10-15,0519,Aqua,MODIS,38,6.2,313.3,12.5,D,0
-14.342,127.1583,334.9,1,1,2014-10-15,0519,Aqua,MODIS,52,6.2,310.8,15.4,D,0
-12.9362,130.3691,334.1,1.5,1.2,2014-10-15,0519,Aqua,MODIS,68,6.2,304.7,35,D,0
-13.8118,132.5375,356,2.1,1.4,2014-10-15,0519,Aqua,MODIS,97,6.2,306.9,181.7,D,0
-13.7958,132.5548,331.3,2.2,1.4,2014-10-15,0519,Aqua,MODIS,58,6.2,307,48.3,D,0
-12.9339,130.3831,338.1,1.5,1.2,2014-10-15,0519,Aqua,MODIS,81,6.2,304.5,45.8,D,0
-13.7991,132.5352,360.8,2.1,1.4,2014-10-15,0519,Aqua,MODIS,100,6.2,304.4,227.4,D,0
-14.2556,126.9271,334.7,1,1,2014-10-15,0519,Aqua,MODIS,53,6.2,302.6,22,D,0
-14.2764,126.9113,336.3,1,1,2014-10-15,0519,Aqua,MODIS,67,6.2,303.9,24.1,D,0
-14.3281,127.1272,407.7,1,1,2014-10-15,0519,Aqua,MODIS,100,6.2,316.2,293.5,D,0
-14.2978,127.1447,347.2,1,1,2014-10-15,0519,Aqua,MODIS,74,6.2,311.1,41.5,D,0
-14.2992,127.1352,373.3,1,1,2014-10-15,0519,Aqua,MODIS,100,6.2,312.7,117.2,D,0
-14.275,126.9206,360.9,1,1,2014-10-15,0519,Aqua,MODIS,100,6.2,300.6,75,D,0
-14.3399,127.1097,349.6,1,1,2014-10-15,0519,Aqua,MODIS,93,6.2,297.9,47.7,D,0
-14.319,127.1257,336.1,1,1,2014-10-15,0519,Aqua,MODIS,38,6.2,303.3,22,D,0
-13.6329,130.4093,339.4,1.5,1.2,2014-10-15,0519,Aqua,MODIS,71,6.2,305.2,38.3,D,0
-14.4003,127.0137,368.6,1,1,2014-10-15,0519,Aqua,MODIS,100,6.2,311.8,98.3,D,0
-14.3989,127.023,333.1,1,1,2014-10-15,0519,Aqua,MODIS,77,6.2,309.2,17.5,D,0
-14.3006,127.1258,403.9,1,1,2014-10-15,0519,Aqua,MODIS,100,6.2,317.9,271.8,D,0
-14.3019,127.1164,374,1,1,2014-10-15,0519,Aqua,MODIS,100,6.2,311,120.9,D,0
-14.286,127.1621,342.7,1,1,2014-10-15,0519,Aqua,MODIS,45,6.2,313,26.8,D,0
-14.3267,127.1366,373.2,1,1,2014-10-15,0519,Aqua,MODIS,100,6.2,311.6,109.2,D,0
-14.3344,127.1474,348.9,1,1,2014-10-15,0519,Aqua,MODIS,93,6.2,311.8,38.6,D,0
-14.3476,127.1206,344.3,1,1,2014-10-15,0519,Aqua,MODIS,89,6.2,306.7,34.7,D,0
-14.2601,127.1484,357.7,1,1,2014-10-15,0519,Aqua,MODIS,98,6.2,312.4,62.2,D,0
-14.3462,127.13,369.3,1,1,2014-10-15,0519,Aqua,MODIS,100,6.2,305.4,99,D,0
-14.3448,127.1394,349.3,1,1,2014-10-15,0519,Aqua,MODIS,93,6.2,302.2,43.3,D,0
-14.2587,127.1578,345.1,1,1,2014-10-15,0519,Aqua,MODIS,90,6.2,312.1,31.7,D,0
-14.3434,127.1489,334.2,1,1,2014-10-15,0519,Aqua,MODIS,42,6.2,307.8,14.2,D,0
-14.3309,127.1083,394.8,1,1,2014-10-15,0519,Aqua,MODIS,100,6.2,308.6,215.9,D,0
-14.3322,127.0989,362.3,1,1,2014-10-15,0519,Aqua,MODIS,94,6.2,300.2,81.6,D,0
-14.3162,127.1446,344.6,1,1,2014-10-15,0519,Aqua,MODIS,68,6.2,303,28.3,D,0
-14.2797,127.1418,352.2,1,1,2014-10-15,0519,Aqua,MODIS,95,6.2,303.4,51.6,D,0
-14.4017,127.0043,392.9,1,1,2014-10-15,0519,Aqua,MODIS,100,6.2,313.1,203.4,D,0
-14.2783,127.1512,382.7,1,1,2014-10-15,0519,Aqua,MODIS,100,6.2,314,150.2,D,0
-14.2574,127.1673,331.9,1,1,2014-10-15,0519,Aqua,MODIS,64,6.2,310.7,9.3,D,0
-14.2769,127.1607,361.4,1,1,2014-10-15,0519,Aqua,MODIS,100,6.2,314.3,64.9,D,0
-14.3385,127.1192,339.4,1,1,2014-10-15,0519,Aqua,MODIS,85,6.2,298.1,25.2,D,0
-14.272,127.131,334.1,1,1,2014-10-15,0519,Aqua,MODIS,61,6.2,302.1,19.4,D,0
-14.3371,127.1286,351.6,1,1,2014-10-15,0519,Aqua,MODIS,95,6.2,306.8,49.4,D,0
-14.2755,127.1701,336.6,1,1,2014-10-15,0519,Aqua,MODIS,56,6.2,314.9,12,D,0
-14.3253,127.146,340.1,1,1,2014-10-15,0519,Aqua,MODIS,61,6.2,309.6,20,D,0
-13.8083,132.5648,335.1,2.2,1.4,2014-10-15,0519,Aqua,MODIS,66,6.2,309.6,52.8,D,0
-13.5978,130.3966,343.4,1.5,1.2,2014-10-15,0519,Aqua,MODIS,75,6.2,310.7,47.7,D,0
-13.6763,130.4167,330.6,1.5,1.2,2014-10-15,0519,Aqua,MODIS,45,6.2,303.4,21.9,D,0
-14.3295,127.1177,398.9,1,1,2014-10-15,0519,Aqua,MODIS,100,6.2,311.7,238.6,D,0
-14.3218,127.1069,363.2,1,1,2014-10-15,0519,Aqua,MODIS,100,6.2,300,85,D,0
-13.6741,130.4306,349.4,1.5,1.2,2014-10-15,0519,Aqua,MODIS,93,6.2,306.8,80.8,D,0
-14.2887,127.1432,376.1,1,1,2014-10-15,0519,Aqua,MODIS,100,6.2,310.2,126,D,0
-13.0263,130.3757,328,1.5,1.2,2014-10-15,0519,Aqua,MODIS,48,6.2,305.3,22.6,D,0
-13.8117,132.5451,358.1,2.1,1.4,2014-10-15,0519,Aqua,MODIS,98,6.2,308.4,192.3,D,0
-13.7956,132.5624,331.3,2.2,1.4,2014-10-15,0519,Aqua,MODIS,40,6.2,307.8,44.3,D,0
-14.2692,127.1498,343.7,1,1,2014-10-15,0519,Aqua,MODIS,88,6.2,313,30.4,D,0
-14.3358,127.138,374.3,1,1,2014-10-15,0519,Aqua,MODIS,100,6.2,311.6,114.1,D,0
-14.2438,126.9444,357.6,1,1,2014-10-15,0519,Aqua,MODIS,98,6.2,306.7,66.8,D,0
-13.799,132.5428,355.6,2.1,1.4,2014-10-15,0519,Aqua,MODIS,97,6.2,305.6,181.7,D,0
-13.8025,132.5233,344.2,2.1,1.4,2014-10-15,0519,Aqua,MODIS,88,6.2,301,110,D,0
-13.8085,132.5571,348.4,2.2,1.4,2014-10-15,0519,Aqua,MODIS,92,6.2,309.7,129.5,D,0
-31.3552,116.2814,328.2,3.5,1.8,2014-10-15,0652,Aqua,MODIS,73,6.2,306.9,93.2,D,0
-31.3779,116.2933,320.6,3.5,1.8,2014-10-15,0652,Aqua,MODIS,39,6.2,303.4,47.5,D,0
-31.3624,116.288,334.9,3.5,1.8,2014-10-15,0652,Aqua,MODIS,82,6.2,306.5,152,D,0
-31.3694,116.3294,330.2,3.5,1.8,2014-10-15,0652,Aqua,MODIS,76,6.2,306.2,112.4,D,0
-34.4617,150.8821,306.3,1.1,1.1,2014-10-15,1300,Terra,MODIS,68,6.2,283.5,12.5,N,0
-31.5424,147.0124,318.9,1,1,2014-10-15,1301,Terra,MODIS,98,6.2,282.7,19.8,N,0
-31.541,147.0229,321.1,1,1,2014-10-15,1301,Terra,MODIS,100,6.2,282.6,22,N,0
-25.0879,148.2834,305.5,1.2,1.1,2014-10-15,1302,Terra,MODIS,65,6.2,283.9,11.2,N,0
-25.9828,146.607,301.6,1,1,2014-10-15,1302,Terra,MODIS,43,6.2,284.2,7.2,N,0
-26.606,146.1813,318.9,1,1,2014-10-15,1302,Terra,MODIS,98,6.2,287,19,N,0
-26.5956,146.1897,305.5,1,1,2014-10-15,1302,Terra,MODIS,65,6.2,286.6,8.9,N,0
-26.597,146.1797,319.8,1,1,2014-10-15,1302,Terra,MODIS,99,6.2,287.2,20.3,N,0
-25.0185,148.5124,305.5,1.2,1.1,2014-10-15,1302,Terra,MODIS,41,6.2,287.6,11.1,N,0
-25.0166,148.5242,304.1,1.2,1.1,2014-10-15,1302,Terra,MODIS,24,6.2,285.6,10,N,0
-25.0196,148.519,317.2,1.2,1.1,2014-10-15,1302,Terra,MODIS,36,6.2,288.3,19.8,N,0
-25.0293,148.521,307.9,1.2,1.1,2014-10-15,1302,Terra,MODIS,29,6.2,287.9,11.9,N,0
-22.9005,148.9949,303.9,1.3,1.1,2014-10-15,1303,Terra,MODIS,12,6.2,287.1,10.4,N,0
-22.8903,148.9928,300.8,1.3,1.1,2014-10-15,1303,Terra,MODIS,9,6.2,286.8,8,N,0
-22.8881,149.0057,303.1,1.3,1.2,2014-10-15,1303,Terra,MODIS,19,6.2,287.1,9.8,N,0
-21.144,147.8233,305.2,1.2,1.1,2014-10-15,1303,Terra,MODIS,15,6.2,287,10.1,N,0
-22.9227,149.0324,300.9,1.4,1.2,2014-10-15,1303,Terra,MODIS,31,6.2,287.5,9.2,N,0
-24.4012,145.4653,300.2,1,1,2014-10-15,1303,Terra,MODIS,22,6.2,284.6,5.9,N,0
-24.3922,145.4637,305.7,1,1,2014-10-15,1303,Terra,MODIS,65,6.2,285.3,9.2,N,0
-21.9456,149.4092,300.7,1.5,1.2,2014-10-15,1303,Terra,MODIS,29,6.2,288.4,9.7,N,0
-21.1087,147.853,313.3,1.2,1.1,2014-10-15,1303,Terra,MODIS,26,6.2,288.9,16.3,N,0
-17.7848,144.4774,304.1,1,1,2014-10-15,1304,Terra,MODIS,29,6.2,292.9,4.6,N,0
-18.2919,145.9595,304.2,1.1,1,2014-10-15,1304,Terra,MODIS,59,6.2,290.2,7.9,N,0
-15.5922,141.9516,311.4,1.1,1,2014-10-15,1305,Terra,MODIS,83,6.2,292.2,10.3,N,0
-15.5909,141.9615,319.1,1.1,1,2014-10-15,1305,Terra,MODIS,98,6.2,292.8,16.7,N,0
-15.3813,145.2391,317.1,1.1,1,2014-10-15,1305,Terra,MODIS,94,6.2,292.9,17.1,N,0
-14.362,142.3564,308.1,1,1,2014-10-15,1305,Terra,MODIS,74,6.2,296.3,5.7,N,0
-16.637,142.5777,322.3,1,1,2014-10-15,1305,Terra,MODIS,100,6.2,297.3,17.4,N,0
-15.5863,141.9448,314.3,1.1,1,2014-10-15,1305,Terra,MODIS,89,6.2,292.5,12.8,N,0
-15.3968,142.9104,320.2,1,1,2014-10-15,1305,Terra,MODIS,63,6.2,297.2,12.7,N,0
-15.5836,141.9645,302.7,1.1,1,2014-10-15,1305,Terra,MODIS,22,6.2,292.5,4.3,N,0
-15.5896,141.9713,316,1.1,1,2014-10-15,1305,Terra,MODIS,92,6.2,293,14.3,N,0
-15.402,142.873,328.5,1,1,2014-10-15,1305,Terra,MODIS,100,6.2,297.5,24.4,N,0
-15.3307,142.9226,325.9,1,1,2014-10-15,1305,Terra,MODIS,100,6.2,297.2,20.2,N,0
-15.3981,142.901,353.6,1,1,2014-10-15,1305,Terra,MODIS,100,6.2,299.8,66.3,N,0
-16.6252,142.5956,307.5,1,1,2014-10-15,1305,Terra,MODIS,72,6.2,296.1,5.6,N,0
-15.4007,142.8824,349.3,1,1,2014-10-15,1305,Terra,MODIS,100,6.2,298.9,57.5,N,0
-15.119,143.3141,311.5,1,1,2014-10-15,1305,Terra,MODIS,43,6.2,294.2,8.7,N,0
-15.3904,142.8903,313.7,1,1,2014-10-15,1305,Terra,MODIS,5,6.2,297.3,7.4,N,0
-15.3474,142.9346,314.3,1,1,2014-10-15,1305,Terra,MODIS,48,6.2,296.7,8.2,N,0
-15.1517,143.3443,316.4,1,1,2014-10-15,1305,Terra,MODIS,93,6.2,293.7,10.6,N,0
-15.5718,141.9125,302.2,1.1,1,2014-10-15,1305,Terra,MODIS,10,6.2,291.8,3.7,N,0
-15.5797,141.9238,303.1,1.1,1,2014-10-15,1305,Terra,MODIS,52,6.2,292,4.7,N,0
-16.6357,142.5873,341.6,1,1,2014-10-15,1305,Terra,MODIS,100,6.2,299.7,45.4,N,0
-16.6448,142.5887,312.9,1,1,2014-10-15,1305,Terra,MODIS,40,6.2,297,8.5,N,0
-16.6461,142.5791,314.7,1,1,2014-10-15,1305,Terra,MODIS,56,6.2,297.1,9.7,N,0
-16.6265,142.5859,328.8,1,1,2014-10-15,1305,Terra,MODIS,100,6.2,297.7,26.2,N,0
-15.5935,141.9418,303.1,1.1,1,2014-10-15,1305,Terra,MODIS,10,6.2,291.5,4.3,N,0
-15.5882,141.9811,303.8,1.1,1,2014-10-15,1305,Terra,MODIS,24,6.2,291.4,5,N,0
-15.4124,142.865,315.7,1,1,2014-10-15,1305,Terra,MODIS,92,6.2,295.9,11.2,N,0
-15.411,142.8744,353.9,1,1,2014-10-15,1305,Terra,MODIS,100,6.2,299.2,69.1,N,0
-15.4084,142.8931,316.4,1,1,2014-10-15,1305,Terra,MODIS,93,6.2,295.7,11.5,N,0
-15.3878,142.909,314.1,1,1,2014-10-15,1305,Terra,MODIS,30,6.2,297,6.4,N,0
-15.5822,141.9743,328,1.1,1,2014-10-15,1305,Terra,MODIS,100,6.2,294.1,27.8,N,0
-15.5811,141.9139,305.5,1.1,1,2014-10-15,1305,Terra,MODIS,64,6.2,292.3,6.2,N,0
-15.332,142.9132,316.4,1,1,2014-10-15,1305,Terra,MODIS,93,6.2,296.4,11.3,N,0
-14.2883,142.4252,314.4,1,1,2014-10-15,1305,Terra,MODIS,48,6.2,296.2,9,N,0
-15.589,141.9251,312.1,1.1,1,2014-10-15,1305,Terra,MODIS,59,6.2,291.9,10.4,N,0
-15.3696,142.9729,307,1,1,2014-10-15,1305,Terra,MODIS,41,6.2,296.3,3.8,N,0
-15.5876,141.935,329.2,1.1,1,2014-10-15,1305,Terra,MODIS,100,6.2,293.1,28.9,N,0
-15.573,141.973,304.6,1.1,1,2014-10-15,1305,Terra,MODIS,61,6.2,293.2,5.8,N,0
-15.3994,142.8917,371.4,1,1,2014-10-15,1305,Terra,MODIS,100,6.2,301,118.2,N,0
-15.4032,142.9304,308,1,1,2014-10-15,1305,Terra,MODIS,8,6.2,296.3,4.7,N,0
-16.6474,142.5694,312,1,1,2014-10-15,1305,Terra,MODIS,83,6.2,296.8,8,N,0
-15.1607,143.3456,312.2,1,1,2014-10-15,1305,Terra,MODIS,84,6.2,294.1,7.2,N,0
-15.4097,142.8837,346.8,1,1,2014-10-15,1305,Terra,MODIS,100,6.2,298.2,53,N,0
-14.2767,142.3756,317.1,1,1,2014-10-15,1305,Terra,MODIS,84,6.2,296,12.5,N,0
-14.3167,142.4199,310.4,1,1,2014-10-15,1305,Terra,MODIS,16,6.2,296.4,6.3,N,0
-15.5809,141.9841,316.9,1.1,1,2014-10-15,1305,Terra,MODIS,94,6.2,292.7,15.1,N,0
-16.6828,142.5155,317.4,1,1,2014-10-15,1305,Terra,MODIS,95,6.2,296.2,13.1,N,0
-16.8428,142.5518,313.6,1,1,2014-10-15,1305,Terra,MODIS,77,6.2,296.2,9.3,N,0
-16.8376,142.5213,310.2,1,1,2014-10-15,1305,Terra,MODIS,79,6.2,295.1,7.1,N,0
-16.7119,142.4966,331.5,1,1,2014-10-15,1305,Terra,MODIS,100,6.2,298,28.9,N,0
-16.8716,142.5462,311.1,1,1,2014-10-15,1305,Terra,MODIS,81,6.2,295.6,8.2,N,0
-16.6998,142.528,306.7,1,1,2014-10-15,1305,Terra,MODIS,69,6.2,295.8,4.2,N,0
-16.6735,142.5832,315.7,1,1,2014-10-15,1305,Terra,MODIS,47,6.2,296.6,10.6,N,0
-16.9007,142.5271,312.1,1,1,2014-10-15,1305,Terra,MODIS,47,6.2,295.2,8.6,N,0
-14.3923,144.3952,303.9,1,1,2014-10-15,1305,Terra,MODIS,12,6.2,293,3.7,N,0
-14.8969,142.6742,313.2,1,1,2014-10-15,1305,Terra,MODIS,87,6.2,293.4,10,N,0
-16.948,142.4547,306.7,1,1,2014-10-15,1305,Terra,MODIS,69,6.2,294.8,5.5,N,0
-16.7131,142.5561,319,1,1,2014-10-15,1305,Terra,MODIS,81,6.2,297,12.8,N,0
-16.7079,142.5257,317.6,1,1,2014-10-15,1305,Terra,MODIS,68,6.2,296.2,11.2,N,0
-16.721,142.498,327.7,1,1,2014-10-15,1305,Terra,MODIS,100,6.2,297.6,23.1,N,0
-16.7171,142.527,321.5,1,1,2014-10-15,1305,Terra,MODIS,100,6.2,296.3,15.7,N,0
-16.7224,142.4882,314.8,1,1,2014-10-15,1305,Terra,MODIS,50,6.2,296,10.1,N,0
-16.704,142.5547,338.5,1,1,2014-10-15,1305,Terra,MODIS,100,6.2,299,37.6,N,0
-16.6775,142.5542,331.1,1,1,2014-10-15,1305,Terra,MODIS,100,6.2,297.3,28.1,N,0
-14.3502,144.4277,315.9,1,1,2014-10-15,1305,Terra,MODIS,92,6.2,293.2,13.2,N,0
-14.3573,144.3799,309,1,1,2014-10-15,1305,Terra,MODIS,75,6.2,292.9,7.2,N,0
-15.1897,144.9712,302.3,1.1,1,2014-10-15,1305,Terra,MODIS,48,6.2,292.1,4.1,N,0
-17.0243,145.3951,302.4,1.1,1,2014-10-15,1305,Terra,MODIS,49,6.2,287.3,6.9,N,0
-17.0229,145.405,301.5,1.1,1,2014-10-15,1305,Terra,MODIS,42,6.2,286.7,6.2,N,0
-16.9112,142.5188,310.5,1,1,2014-10-15,1305,Terra,MODIS,27,6.2,295,7.4,N,0
-16.8337,142.5504,310.3,1,1,2014-10-15,1305,Terra,MODIS,56,6.2,295.7,6.5,N,0
-16.6971,142.5473,311.8,1,1,2014-10-15,1305,Terra,MODIS,78,6.2,296.3,7.9,N,0
-16.6762,142.5639,380.9,1,1,2014-10-15,1305,Terra,MODIS,100,6.2,306.6,160.9,N,0
-16.6944,142.5666,310.8,1,1,2014-10-15,1305,Terra,MODIS,19,6.2,296.9,7.3,N,0
-16.8625,142.5449,317.7,1,1,2014-10-15,1305,Terra,MODIS,95,6.2,296,13.5,N,0
-16.8468,142.5227,310.6,1,1,2014-10-15,1305,Terra,MODIS,80,6.2,295.3,7.5,N,0
-16.7512,142.4827,311.6,1,1,2014-10-15,1305,Terra,MODIS,41,6.2,295.5,7.8,N,0
-16.8533,142.5435,313.1,1,1,2014-10-15,1305,Terra,MODIS,77,6.2,295.8,9.1,N,0
-16.0916,134.2021,306.8,3.6,1.8,2014-10-15,1305,Terra,MODIS,68,6.2,291.1,39.5,N,0
-16.6958,142.557,326.7,1,1,2014-10-15,1305,Terra,MODIS,100,6.2,297.9,22.5,N,0
-16.8323,142.5601,309.3,1,1,2014-10-15,1305,Terra,MODIS,14,6.2,295.6,6.2,N,0
-16.8729,142.5365,317.1,1,1,2014-10-15,1305,Terra,MODIS,94,6.2,295.4,13.4,N,0
-16.0832,134.1944,302.1,3.6,1.8,2014-10-15,1305,Terra,MODIS,23,6.2,291.7,22,N,0
-16.6566,142.5708,376.7,1,1,2014-10-15,1305,Terra,MODIS,100,6.2,305.6,143.9,N,0
-16.8012,142.3907,311.7,1,1,2014-10-15,1305,Terra,MODIS,47,6.2,295,8.5,N,0
-16.7618,142.4047,312.2,1,1,2014-10-15,1305,Terra,MODIS,74,6.2,295.9,9,N,0
-16.6644,142.5818,317,1,1,2014-10-15,1305,Terra,MODIS,75,6.2,297,12,N,0
-16.6946,142.4975,313.1,1,1,2014-10-15,1305,Terra,MODIS,86,6.2,296.4,9.7,N,0
-16.692,142.5169,315.4,1,1,2014-10-15,1305,Terra,MODIS,91,6.2,296.8,10.8,N,0
-16.6553,142.5804,317,1,1,2014-10-15,1305,Terra,MODIS,94,6.2,297.6,12.6,N,0
-16.6657,142.5722,345.3,1,1,2014-10-15,1305,Terra,MODIS,100,6.2,301.7,51.2,N,0
-16.792,142.3893,307.8,1,1,2014-10-15,1305,Terra,MODIS,20,6.2,294.9,5.7,N,0
-16.667,142.5625,361.5,1,1,2014-10-15,1305,Terra,MODIS,100,6.2,302.6,91.3,N,0
-16.8834,142.5282,305.5,1,1,2014-10-15,1305,Terra,MODIS,65,6.2,294.3,4.9,N,0
-16.8232,142.5587,314.4,1,1,2014-10-15,1305,Terra,MODIS,70,6.2,295.8,9.7,N,0
-16.6866,142.5556,332.7,1,1,2014-10-15,1305,Terra,MODIS,100,6.2,298.6,30.6,N,0
-16.7407,142.491,316,1,1,2014-10-15,1305,Terra,MODIS,92,6.2,296.3,11.4,N,0
-16.7315,142.4896,328.5,1,1,2014-10-15,1305,Terra,MODIS,100,6.2,297.3,25,N,0
-16.6853,142.5653,344.6,1,1,2014-10-15,1305,Terra,MODIS,100,6.2,302.2,50.9,N,0
-16.7025,142.5086,312.1,1,1,2014-10-15,1305,Terra,MODIS,77,6.2,297,8,N,0
-16.7038,142.4989,326.7,1,1,2014-10-15,1305,Terra,MODIS,100,6.2,298.9,23.5,N,0
-16.7603,142.484,313.8,1,1,2014-10-15,1305,Terra,MODIS,60,6.2,295.7,9.4,N,0
-16.6579,142.5611,345.4,1,1,2014-10-15,1305,Terra,MODIS,100,6.2,299.2,52.9,N,0
-16.9414,142.4337,310,1,1,2014-10-15,1305,Terra,MODIS,79,6.2,295.1,7.8,N,0
-16.6933,142.5072,322.2,1,1,2014-10-15,1305,Terra,MODIS,100,6.2,297.3,17.7,N,0
-16.8036,142.5657,312.2,1,1,2014-10-15,1305,Terra,MODIS,29,6.2,296,7.7,N,0
-16.8127,142.567,313,1,1,2014-10-15,1305,Terra,MODIS,17,6.2,295.9,8.3,N,0
-16.7944,142.5643,309.2,1,1,2014-10-15,1305,Terra,MODIS,40,6.2,295.7,5.9,N,0
-16.7695,142.4854,306.6,1,1,2014-10-15,1305,Terra,MODIS,18,6.2,295.3,4.4,N,0
-16.7931,142.574,308.9,1,1,2014-10-15,1305,Terra,MODIS,25,6.2,295.4,6.1,N,0
-16.8104,142.392,310.4,1,1,2014-10-15,1305,Terra,MODIS,53,6.2,294.9,7.7,N,0
-16.8902,142.5355,311,1,1,2014-10-15,1305,Terra,MODIS,81,6.2,295.1,8.3,N,0
-16.8821,142.5379,317.8,1,1,2014-10-15,1305,Terra,MODIS,96,6.2,295.3,14.6,N,0
-16.8915,142.5258,307.5,1,1,2014-10-15,1305,Terra,MODIS,36,6.2,294.8,5.7,N,0
-16.7786,142.4868,308.3,1,1,2014-10-15,1305,Terra,MODIS,74,6.2,295.3,5.8,N,0
-16.826,142.4002,311.4,1,1,2014-10-15,1305,Terra,MODIS,68,6.2,295.5,8.3,N,0
-16.8365,142.3918,313.9,1,1,2014-10-15,1305,Terra,MODIS,88,6.2,295.4,10.3,N,0
-13.2684,142.2253,313.6,1,1,2014-10-15,1306,Terra,MODIS,34,6.2,294.9,8.6,N,0
-13.2697,142.216,317.7,1,1,2014-10-15,1306,Terra,MODIS,78,6.2,295.2,12,N,0
-13.2438,142.2058,305.4,1,1,2014-10-15,1306,Terra,MODIS,23,6.2,294.8,3.6,N,0
-13.2451,142.1965,313.3,1,1,2014-10-15,1306,Terra,MODIS,87,6.2,295,8.9,N,0
-13.2335,142.2138,316.7,1,1,2014-10-15,1306,Terra,MODIS,94,6.2,294.7,12.3,N,0
-13.2348,142.2045,330.4,1,1,2014-10-15,1306,Terra,MODIS,100,6.2,295.2,27.4,N,0
-13.2361,142.1951,309.6,1,1,2014-10-15,1306,Terra,MODIS,78,6.2,294.4,6.5,N,0
-13.2581,142.1699,314.7,1,1,2014-10-15,1306,Terra,MODIS,40,6.2,295,9.1,N,0
-13.2607,142.1513,328.7,1,1,2014-10-15,1306,Terra,MODIS,100,6.2,296.4,23.9,N,0
-13.262,142.1419,365.9,1,1,2014-10-15,1306,Terra,MODIS,100,6.2,300.5,102,N,0
-13.2633,142.1326,323.5,1,1,2014-10-15,1306,Terra,MODIS,100,6.2,294.6,18.1,N,0
-13.2464,142.1872,316.4,1,1,2014-10-15,1306,Terra,MODIS,90,6.2,295.1,11.2,N,0
-13.2477,142.1779,319.2,1,1,2014-10-15,1306,Terra,MODIS,98,6.2,295.3,13.7,N,0
-13.249,142.1685,320.3,1,1,2014-10-15,1306,Terra,MODIS,100,6.2,295.3,14.8,N,0
-13.2503,142.1592,342.3,1,1,2014-10-15,1306,Terra,MODIS,100,6.2,296.9,44.9,N,0
-13.2516,142.1499,357.3,1,1,2014-10-15,1306,Terra,MODIS,100,6.2,298.8,77.8,N,0
-13.2529,142.1406,390.3,1,1,2014-10-15,1306,Terra,MODIS,100,6.2,301.1,201.9,N,0
-13.2542,142.1312,330.6,1,1,2014-10-15,1306,Terra,MODIS,100,6.2,295.1,27,N,0
-13.2426,142.1486,309.3,1,1,2014-10-15,1306,Terra,MODIS,77,6.2,294.7,6.2,N,0
-13.2439,142.1393,313.3,1,1,2014-10-15,1306,Terra,MODIS,87,6.2,294.9,9.1,N,0
-11.5839,142.5022,300.7,1,1,2014-10-15,1306,Terra,MODIS,25,6.2,282.6,4.2,N,0
-11.5826,142.5113,305.5,1,1,2014-10-15,1306,Terra,MODIS,64,6.2,282.6,7.1,N,0
-12.0378,134.7581,319.5,2.9,1.6,2014-10-15,1306,Terra,MODIS,99,6.2,293.9,71.4,N,0
-12.0362,134.7511,320,2.9,1.6,2014-10-15,1306,Terra,MODIS,100,6.2,293.8,73.6,N,0
-12.5367,141.9382,305.7,1,1,2014-10-15,1306,Terra,MODIS,65,6.2,294.2,5,N,0
-13.2994,142.2014,326,1,1,2014-10-15,1306,Terra,MODIS,100,6.2,296,19.8,N,0
-13.3201,142.1855,327.9,1,1,2014-10-15,1306,Terra,MODIS,100,6.2,296.9,23.7,N,0
-13.3214,142.1761,328.1,1,1,2014-10-15,1306,Terra,MODIS,100,6.2,296,24.1,N,0
-13.3098,142.1935,332.3,1,1,2014-10-15,1306,Terra,MODIS,100,6.2,296.9,28.6,N,0
-13.3111,142.1841,364.1,1,1,2014-10-15,1306,Terra,MODIS,100,6.2,297.9,96.8,N,0
-13.3124,142.1748,347.8,1,1,2014-10-15,1306,Terra,MODIS,100,6.2,295.7,56.2,N,0
-13.3007,142.1921,328.6,1,1,2014-10-15,1306,Terra,MODIS,100,6.2,295.7,23.4,N,0
-13.421,142.1872,311.8,1,1,2014-10-15,1306,Terra,MODIS,83,6.2,295.5,7.8,N,0
-13.43,142.1885,310.5,1,1,2014-10-15,1306,Terra,MODIS,80,6.2,295.7,7.1,N,0
-13.2722,142.3302,307.6,1,1,2014-10-15,1306,Terra,MODIS,69,6.2,294.6,5.1,N,0
-13.4325,142.2365,314.7,1,1,2014-10-15,1306,Terra,MODIS,90,6.2,295.7,9.9,N,0
-13.4338,142.2272,313.9,1,1,2014-10-15,1306,Terra,MODIS,88,6.2,295.9,9.4,N,0
-13.4209,142.2538,305.8,1,1,2014-10-15,1306,Terra,MODIS,66,6.2,295.1,4.1,N,0
-13.4222,142.2445,317.2,1,1,2014-10-15,1306,Terra,MODIS,95,6.2,296,12.7,N,0
-13.4235,142.2352,322.8,1,1,2014-10-15,1306,Terra,MODIS,100,6.2,296.1,17.7,N,0
-13.4248,142.2258,322.5,1,1,2014-10-15,1306,Terra,MODIS,100,6.2,295.9,17.6,N,0
-13.4287,142.1978,306.5,1,1,2014-10-15,1306,Terra,MODIS,68,6.2,295.6,4.2,N,0
-13.4118,142.2525,313.1,1,1,2014-10-15,1306,Terra,MODIS,86,6.2,295.2,9,N,0
-13.4131,142.2431,339.6,1,1,2014-10-15,1306,Terra,MODIS,100,6.2,296.4,40.8,N,0
-13.4144,142.2338,322.8,1,1,2014-10-15,1306,Terra,MODIS,100,6.2,295.5,17.8,N,0
-13.4197,142.1965,316.2,1,1,2014-10-15,1306,Terra,MODIS,93,6.2,295.7,11.3,N,0
-13.1822,141.8558,314.4,1,1,2014-10-15,1306,Terra,MODIS,89,6.2,293.8,11.7,N,0
-12.5819,142.0746,304.2,1,1,2014-10-15,1306,Terra,MODIS,59,6.2,293.7,3.6,N,0
-12.1849,141.9568,305.8,1,1,2014-10-15,1306,Terra,MODIS,66,6.2,292.1,5.6,N,0
-12.4915,142.5219,302.8,1,1,2014-10-15,1306,Terra,MODIS,52,6.2,291.1,3.4,N,0
-12.5445,142.732,302.7,1,1,2014-10-15,1306,Terra,MODIS,51,6.2,291,3.3,N,0
-12.5335,142.7431,302.8,1,1,2014-10-15,1306,Terra,MODIS,52,6.2,291.7,3.3,N,0
-12.5806,142.0839,304.7,1,1,2014-10-15,1306,Terra,MODIS,61,6.2,293.9,3.8,N,0
-12.5432,142.7411,305.6,1,1,2014-10-15,1306,Terra,MODIS,51,6.2,292,4.7,N,0
-12.7024,132.6443,301.5,4.3,1.9,2014-10-15,1306,Terra,MODIS,35,6.2,289.9,24.9,N,0
-12.5909,142.0759,333.8,1,1,2014-10-15,1306,Terra,MODIS,100,6.2,294.9,32.3,N,0
-12.5922,142.0667,311.6,1,1,2014-10-15,1306,Terra,MODIS,83,6.2,293.5,8.4,N,0
-12.5458,142.7228,308.1,1,1,2014-10-15,1306,Terra,MODIS,73,6.2,291.7,6.7,N,0
-12.518,142.7875,308.1,1,1,2014-10-15,1306,Terra,MODIS,27,6.2,291.8,5.9,N,0
-13.9528,135.4218,319,2.7,1.6,2014-10-15,1306,Terra,MODIS,98,6.2,291.9,68.5,N,0
-13.9498,135.4465,304.8,2.7,1.6,2014-10-15,1306,Terra,MODIS,19,6.2,290.8,21.7,N,0
-13.9566,135.4289,316.3,2.7,1.6,2014-10-15,1306,Terra,MODIS,93,6.2,291.7,60.5,N,0
-13.9594,135.4038,309.8,2.7,1.6,2014-10-15,1306,Terra,MODIS,78,6.2,291.4,38.9,N,0
-12.5283,142.7797,311.4,1,1,2014-10-15,1306,Terra,MODIS,40,6.2,293,7.8,N,0
-31.3552,116.2857,301.6,1.8,1.3,2014-10-15,1440,Terra,MODIS,19,6.2,285.2,9.1,N,0
-23.8929,124.7435,309.9,1.4,1.2,2014-10-15,1441,Terra,MODIS,79,6.2,295.5,11.6,N,0
-24.5555,123.1645,330.5,1.1,1.1,2014-10-15,1441,Terra,MODIS,100,6.2,296.6,33.4,N,0
-24.5572,123.1535,319.6,1.1,1.1,2014-10-15,1441,Terra,MODIS,50,6.2,287.4,20.2,N,0
-23.8985,124.7389,312.8,1.4,1.2,2014-10-15,1441,Terra,MODIS,86,6.2,295.4,14.2,N,0
-22.4559,117.5776,323.8,1.2,1.1,2014-10-15,1442,Terra,MODIS,100,6.2,295.8,24.7,N,0
-22.7113,123.4118,304.9,1.2,1.1,2014-10-15,1442,Terra,MODIS,62,6.2,294.1,7.4,N,0
-22.4573,117.5661,306,1.2,1.1,2014-10-15,1442,Terra,MODIS,62,6.2,294.7,5.7,N,0
-22.4544,117.5891,315.3,1.2,1.1,2014-10-15,1442,Terra,MODIS,90,6.2,295.1,14.2,N,0
-22.4641,117.5907,307.2,1.2,1.1,2014-10-15,1442,Terra,MODIS,67,6.2,295.5,6.5,N,0
-22.4627,117.6021,340.3,1.2,1.1,2014-10-15,1442,Terra,MODIS,100,6.2,296.6,53.5,N,0
-22.4612,117.6135,339.1,1.2,1.1,2014-10-15,1442,Terra,MODIS,100,6.2,296.1,50.9,N,0
-22.4655,117.5973,326.1,1.2,1.1,2014-10-15,1442,Terra,MODIS,100,6.2,296.1,26.5,N,0
-23.6567,123.5902,313.3,1.2,1.1,2014-10-15,1442,Terra,MODIS,23,6.2,295.7,13,N,0
-23.5836,123.5334,305.6,1.2,1.1,2014-10-15,1442,Terra,MODIS,18,6.2,280.2,12.1,N,0
-23.5855,123.5217,304.9,1.2,1.1,2014-10-15,1442,Terra,MODIS,11,6.2,287.5,11.2,N,0
-22.4641,117.6088,384.1,1.2,1.1,2014-10-15,1442,Terra,MODIS,100,6.2,299.4,213.9,N,0
-22.4627,117.6202,313.5,1.2,1.1,2014-10-15,1442,Terra,MODIS,75,6.2,295.4,11.6,N,0
-22.4738,117.6105,365.3,1.2,1.1,2014-10-15,1442,Terra,MODIS,100,6.2,300.9,125.2,N,0
-22.4724,117.6218,389.2,1.2,1.1,2014-10-15,1442,Terra,MODIS,100,6.2,302.7,244.2,N,0
-22.471,117.633,306,1.2,1.1,2014-10-15,1442,Terra,MODIS,62,6.2,294.9,6,N,0
-22.3884,117.468,303.1,1.2,1.1,2014-10-15,1442,Terra,MODIS,35,6.2,292.4,5.2,N,0
-22.3892,117.4739,305,1.2,1.1,2014-10-15,1442,Terra,MODIS,58,6.2,293,6.6,N,0
-21.6152,123.0334,311.6,1.2,1.1,2014-10-15,1442,Terra,MODIS,83,6.2,296.9,10.3,N,0
-21.6134,123.0449,314.6,1.2,1.1,2014-10-15,1442,Terra,MODIS,90,6.2,296.6,13.2,N,0
-21.6115,123.0564,313.7,1.2,1.1,2014-10-15,1442,Terra,MODIS,88,6.2,296.5,12.9,N,0
-21.5112,121.6524,308.2,1.1,1,2014-10-15,1442,Terra,MODIS,29,6.2,284,6.7,N,0
-21.3174,119.8973,308.3,1,1,2014-10-15,1442,Terra,MODIS,54,6.2,297.6,6.4,N,0
-21.522,121.6439,334.6,1.1,1,2014-10-15,1442,Terra,MODIS,100,6.2,284.5,35.3,N,0
-21.6096,123.0679,307.5,1.2,1.1,2014-10-15,1442,Terra,MODIS,72,6.2,296.2,7.2,N,0
-21.2738,122.6594,313.2,1.2,1.1,2014-10-15,1442,Terra,MODIS,86,6.2,294.1,13.5,N,0
-21.4681,122.4697,371.5,1.1,1.1,2014-10-15,1442,Terra,MODIS,100,6.2,299.3,139.4,N,0
-21.2668,122.704,305.8,1.2,1.1,2014-10-15,1442,Terra,MODIS,50,6.2,294.4,6.6,N,0
-21.2782,122.712,307.2,1.2,1.1,2014-10-15,1442,Terra,MODIS,25,6.2,295,6.9,N,0
-21.316,122.6616,317.8,1.2,1.1,2014-10-15,1442,Terra,MODIS,96,6.2,294.6,17.9,N,0
-21.3142,122.6727,322.2,1.2,1.1,2014-10-15,1442,Terra,MODIS,100,6.2,294.9,23.2,N,0
-21.3125,122.6838,305.3,1.2,1.1,2014-10-15,1442,Terra,MODIS,59,6.2,293.9,6.1,N,0
-21.3107,122.695,306.6,1.2,1.1,2014-10-15,1442,Terra,MODIS,65,6.2,294.1,7,N,0
-21.3089,122.7062,306.1,1.2,1.1,2014-10-15,1442,Terra,MODIS,39,6.2,294,6.4,N,0
-21.6306,123.0008,316.7,1.2,1.1,2014-10-15,1442,Terra,MODIS,93,6.2,296.5,15.6,N,0
-21.6403,123.0027,317.4,1.2,1.1,2014-10-15,1442,Terra,MODIS,69,6.2,299.6,16,N,0
-21.4759,122.4824,323.6,1.1,1.1,2014-10-15,1442,Terra,MODIS,82,6.2,294.8,19.5,N,0
-21.4544,122.5571,326.9,1.1,1.1,2014-10-15,1442,Terra,MODIS,100,6.2,294.5,29.4,N,0
-21.4561,122.5461,306.1,1.1,1.1,2014-10-15,1442,Terra,MODIS,30,6.2,293.7,6.6,N,0
-21.4647,122.4915,357.3,1.1,1.1,2014-10-15,1442,Terra,MODIS,100,6.2,300.2,89.1,N,0
-21.4664,122.4806,423.7,1.1,1.1,2014-10-15,1442,Terra,MODIS,100,6.2,316.4,507.2,N,0
-21.4483,122.5334,313.2,1.1,1.1,2014-10-15,1442,Terra,MODIS,23,6.2,294,11.3,N,0
-21.45,122.5224,317.8,1.1,1.1,2014-10-15,1442,Terra,MODIS,57,6.2,294.7,15.4,N,0
-21.4552,122.4897,316.5,1.1,1.1,2014-10-15,1442,Terra,MODIS,28,6.2,293.5,12.5,N,0
-21.4569,122.4789,315.9,1.1,1.1,2014-10-15,1442,Terra,MODIS,62,6.2,293.5,11.5,N,0
-21.417,122.6068,310.7,1.2,1.1,2014-10-15,1442,Terra,MODIS,81,6.2,294.6,10.8,N,0
-21.4074,122.605,306.3,1.2,1.1,2014-10-15,1442,Terra,MODIS,65,6.2,294.7,7.2,N,0
-21.6385,123.0142,320.4,1.2,1.1,2014-10-15,1442,Terra,MODIS,88,6.2,299.6,19.1,N,0
-21.4092,122.594,314.8,1.1,1.1,2014-10-15,1442,Terra,MODIS,90,6.2,295.8,15.1,N,0
-21.4224,121.5685,319.9,1.1,1,2014-10-15,1442,Terra,MODIS,65,6.2,289.4,17,N,0
-21.5296,121.6557,384.6,1.1,1,2014-10-15,1442,Terra,MODIS,100,6.2,297.5,184.9,N,0
-21.4528,121.4293,304.4,1,1,2014-10-15,1442,Terra,MODIS,28,6.2,293.8,4.1,N,0
-21.4467,121.4077,326.1,1,1,2014-10-15,1442,Terra,MODIS,100,6.2,297.8,22.1,N,0
-21.4482,121.3977,315.2,1,1,2014-10-15,1442,Terra,MODIS,79,6.2,297.6,10.5,N,0
-21.4109,122.583,305.6,1.1,1.1,2014-10-15,1442,Terra,MODIS,65,6.2,294.5,6.8,N,0
-21.5281,121.6659,344.8,1.1,1,2014-10-15,1442,Terra,MODIS,100,6.2,285.9,53.7,N,0
-21.537,121.653,341.5,1.1,1,2014-10-15,1442,Terra,MODIS,100,6.2,289,48.9,N,0
-20.9929,122.7507,306.7,1.2,1.1,2014-10-15,1442,Terra,MODIS,69,6.2,294.6,7.7,N,0
-20.996,122.7461,327.4,1.2,1.1,2014-10-15,1442,Terra,MODIS,100,6.2,295.2,30.5,N,0
-20.9942,122.7575,344.1,1.2,1.1,2014-10-15,1442,Terra,MODIS,100,6.2,296.3,62.6,N,0
-21.0057,122.7479,333.7,1.2,1.1,2014-10-15,1442,Terra,MODIS,100,6.2,296.5,40.9,N,0
-21.0039,122.7592,355.3,1.2,1.1,2014-10-15,1442,Terra,MODIS,100,6.2,298.1,93.1,N,0
-21.439,121.3961,352.5,1,1,2014-10-15,1442,Terra,MODIS,100,6.2,302.5,67.6,N,0
-21.4253,121.4245,333.6,1,1,2014-10-15,1442,Terra,MODIS,100,6.2,297.7,33.2,N,0
-21.4844,122.7625,309.3,1.2,1.1,2014-10-15,1442,Terra,MODIS,54,6.2,294.2,9.3,N,0
-21.5037,122.7661,304.8,1.2,1.1,2014-10-15,1442,Terra,MODIS,37,6.2,294.4,5.8,N,0
-21.6464,123.0275,319.7,1.2,1.1,2014-10-15,1442,Terra,MODIS,99,6.2,297.2,19.8,N,0
-21.6482,123.016,339.3,1.2,1.1,2014-10-15,1442,Terra,MODIS,100,6.2,298.9,52,N,0
-21.6501,123.0045,322.4,1.2,1.1,2014-10-15,1442,Terra,MODIS,100,6.2,296.9,23.3,N,0
-21.6348,123.0371,319.2,1.2,1.1,2014-10-15,1442,Terra,MODIS,98,6.2,297.2,18,N,0
-21.6366,123.0256,339,1.2,1.1,2014-10-15,1442,Terra,MODIS,100,6.2,298.8,49.9,N,0
-21.4268,121.4145,311.2,1,1,2014-10-15,1442,Terra,MODIS,32,6.2,296.7,7.6,N,0
-21.4299,121.3945,318,1,1,2014-10-15,1442,Terra,MODIS,57,6.2,297,12.3,N,0
-21.5355,121.6632,339.3,1.1,1,2014-10-15,1442,Terra,MODIS,100,6.2,291.5,44.7,N,0
-21.6171,123.022,308,1.2,1.1,2014-10-15,1442,Terra,MODIS,45,6.2,296.4,7.2,N,0
-21.4345,121.4261,323.4,1,1,2014-10-15,1442,Terra,MODIS,100,6.2,296.6,19.8,N,0
-21.4375,121.4061,380.8,1,1,2014-10-15,1442,Terra,MODIS,100,6.2,302.4,162.1,N,0
-21.5204,121.6541,384.8,1.1,1,2014-10-15,1442,Terra,MODIS,100,6.2,293.1,186.1,N,0
-22.8548,121.7144,306.8,1,1,2014-10-15,1442,Terra,MODIS,69,6.2,295,6.8,N,0
-22.6272,122.409,303.9,1.1,1,2014-10-15,1442,Terra,MODIS,15,6.2,292.4,4.7,N,0
-23.4177,123.3574,305.4,1.2,1.1,2014-10-15,1442,Terra,MODIS,64,6.2,294.7,7.1,N,0
-21.7858,127.5869,316.1,2.4,1.5,2014-10-15,1442,Terra,MODIS,93,6.2,293,52.4,N,0
-21.7815,127.6097,320,2.4,1.5,2014-10-15,1442,Terra,MODIS,99,6.2,292.7,64.8,N,0
-23.4774,121.9216,306.6,1,1,2014-10-15,1442,Terra,MODIS,40,6.2,293.2,6.8,N,0
-23.6799,121.3683,309.6,1,1,2014-10-15,1442,Terra,MODIS,75,6.2,292.5,8.9,N,0
-23.4758,121.9317,306.3,1,1,2014-10-15,1442,Terra,MODIS,42,6.2,291.6,6.6,N,0
-20.3122,124.6775,308,1.6,1.2,2014-10-15,1442,Terra,MODIS,73,6.2,295.2,13.2,N,0
-23.6814,121.3584,303.6,1,1,2014-10-15,1442,Terra,MODIS,39,6.2,289.6,5.2,N,0
-20.1115,123.2663,306.2,1.3,1.1,2014-10-15,1443,Terra,MODIS,61,6.2,281.8,11.2,N,0
-17.5938,125.3388,318.3,2,1.4,2014-10-15,1443,Terra,MODIS,96,6.2,296.6,35.1,N,0
-17.5512,125.2923,307.9,2,1.4,2014-10-15,1443,Terra,MODIS,62,6.2,295.9,13.3,N,0
-17.597,125.3204,323.6,2,1.4,2014-10-15,1443,Terra,MODIS,100,6.2,297.5,49.5,N,0
-17.5758,125.2968,321.4,2,1.4,2014-10-15,1443,Terra,MODIS,100,6.2,296.8,40.3,N,0
-17.5725,125.3151,321.5,2,1.4,2014-10-15,1443,Terra,MODIS,100,6.2,296.8,41,N,0
-17.6001,125.3023,309.4,2,1.4,2014-10-15,1443,Terra,MODIS,64,6.2,296.3,15.5,N,0
-17.5992,125.3274,322.4,2,1.4,2014-10-15,1443,Terra,MODIS,100,6.2,297.4,45.2,N,0
-17.6025,125.3093,311.2,2,1.4,2014-10-15,1443,Terra,MODIS,40,6.2,296.3,17.7,N,0
-18.6018,125.0208,324.6,1.8,1.3,2014-10-15,1443,Terra,MODIS,100,6.2,297.8,46.4,N,0
-18.5929,125.03,307.7,1.8,1.3,2014-10-15,1443,Terra,MODIS,70,6.2,296.5,13.9,N,0
-18.5958,125.0131,311.7,1.8,1.3,2014-10-15,1443,Terra,MODIS,82,6.2,296.5,19.9,N,0
-18.643,124.9931,311.6,1.8,1.3,2014-10-15,1443,Terra,MODIS,82,6.2,297.3,16.8,N,0
-13.2343,142.216,300.2,1.2,1.1,2014-10-15,1609,Aqua,MODIS,13,6.2,288.3,4.1,N,0
-13.2357,142.2268,300.9,1.2,1.1,2014-10-15,1609,Aqua,MODIS,30,6.2,288.7,4.7,N,0
-13.2649,142.2227,306.2,1.2,1.1,2014-10-15,1609,Aqua,MODIS,60,6.2,287.9,8.5,N,0
-12.8301,135.8934,309.9,1.4,1.2,2014-10-15,1609,Aqua,MODIS,79,6.2,291.5,14.8,N,0
-13.2419,142.1269,309.7,1.2,1.1,2014-10-15,1609,Aqua,MODIS,54,6.2,267.8,12.4,N,0
-13.256,142.1578,319.1,1.2,1.1,2014-10-15,1609,Aqua,MODIS,28,6.2,285.4,19.9,N,0
-13.2575,142.1686,320.4,1.2,1.1,2014-10-15,1609,Aqua,MODIS,93,6.2,284,21.6,N,0
-12.0334,134.7621,302.3,1.7,1.3,2014-10-15,1609,Aqua,MODIS,48,6.2,292.1,9.4,N,0
-13.2948,142.2018,313.9,1.2,1.1,2014-10-15,1609,Aqua,MODIS,73,6.2,286.3,14.7,N,0
-13.3099,142.1666,308,1.2,1.1,2014-10-15,1609,Aqua,MODIS,36,6.2,280.4,9.8,N,0
-13.3114,142.1774,347.3,1.2,1.1,2014-10-15,1609,Aqua,MODIS,100,6.2,287.2,71,N,0
-13.3128,142.1882,318,1.2,1.1,2014-10-15,1609,Aqua,MODIS,71,6.2,288.1,18,N,0
-13.3196,142.1652,362.7,1.2,1.1,2014-10-15,1609,Aqua,MODIS,100,6.2,283.9,118.3,N,0
-13.3211,142.176,321.7,1.2,1.1,2014-10-15,1609,Aqua,MODIS,87,6.2,286.2,23,N,0
-12.5821,136.6392,303.6,1.3,1.1,2014-10-15,1609,Aqua,MODIS,39,6.2,292.4,6.7,N,0
-15.4165,142.8582,307.4,1.4,1.2,2014-10-15,1609,Aqua,MODIS,71,6.2,293.8,9.5,N,0
-15.1401,143.3046,301.3,1.5,1.2,2014-10-15,1609,Aqua,MODIS,29,6.2,289.1,8.9,N,0
-15.4181,142.871,309.3,1.4,1.2,2014-10-15,1609,Aqua,MODIS,77,6.2,294.2,11.5,N,0
-12.5393,142.7294,302.6,1.2,1.1,2014-10-15,1609,Aqua,MODIS,46,6.2,291.5,5.2,N,0
-15.0663,143.3614,305.1,1.5,1.2,2014-10-15,1609,Aqua,MODIS,51,6.2,290.4,12.2,N,0
-15.4015,142.8789,304.1,1.4,1.2,2014-10-15,1609,Aqua,MODIS,7,6.2,294.1,5.4,N,0
-15.578,141.9887,313.1,1.2,1.1,2014-10-15,1609,Aqua,MODIS,64,6.2,290.9,14.7,N,0
-15.0645,143.3478,305.1,1.5,1.2,2014-10-15,1609,Aqua,MODIS,63,6.2,290.9,11.8,N,0
-15.4077,142.8724,317.3,1.4,1.2,2014-10-15,1609,Aqua,MODIS,94,6.2,294.7,20.2,N,0
-12.9219,130.3574,351.6,3.6,1.8,2014-10-15,1609,Aqua,MODIS,100,6.2,291.1,417.4,N,0
-12.906,130.3605,342.2,3.6,1.8,2014-10-15,1609,Aqua,MODIS,100,6.2,290.9,299.5,N,0
-12.8962,130.3671,307.3,3.6,1.8,2014-10-15,1609,Aqua,MODIS,71,6.2,290.3,48.3,N,0
-12.9159,130.3248,349.1,3.6,1.8,2014-10-15,1609,Aqua,MODIS,100,6.2,291.4,383.7,N,0
-12.9286,130.3482,329.5,3.6,1.8,2014-10-15,1609,Aqua,MODIS,100,6.2,290.7,179.7,N,0
-12.2829,142.7885,304.6,1.2,1.1,2014-10-15,1609,Aqua,MODIS,51,6.2,292.2,6.5,N,0
-12.2913,142.7758,306,1.2,1.1,2014-10-15,1609,Aqua,MODIS,66,6.2,292.1,7.8,N,0
-17.7753,144.4991,302.3,1.9,1.4,2014-10-15,1610,Aqua,MODIS,48,6.2,289.9,13.2,N,0
-16.6674,142.5384,336.7,1.4,1.2,2014-10-15,1610,Aqua,MODIS,83,6.2,291.1,54.3,N,0
-16.6898,142.5483,364.2,1.4,1.2,2014-10-15,1610,Aqua,MODIS,100,6.2,294.1,148.6,N,0
-16.6915,142.561,338.2,1.4,1.2,2014-10-15,1610,Aqua,MODIS,100,6.2,290.2,58.9,N,0
-16.6794,142.5497,377.8,1.4,1.2,2014-10-15,1610,Aqua,MODIS,100,6.2,300,217.8,N,0
-16.6778,142.537,358.3,1.4,1.2,2014-10-15,1610,Aqua,MODIS,100,6.2,293.8,122.5,N,0
-16.669,142.5511,371.9,1.4,1.2,2014-10-15,1610,Aqua,MODIS,100,6.2,304.9,183.6,N,0
-16.6706,142.5638,327.9,1.4,1.2,2014-10-15,1610,Aqua,MODIS,50,6.2,292.1,33.4,N,0
-16.6762,142.5244,345.6,1.4,1.2,2014-10-15,1610,Aqua,MODIS,100,6.2,292.1,80.4,N,0
-16.1242,134.1534,305.9,1.6,1.2,2014-10-15,1610,Aqua,MODIS,51,6.2,291.2,12.8,N,0
-16.6586,142.5525,377.1,1.4,1.2,2014-10-15,1610,Aqua,MODIS,100,6.2,296.9,216.3,N,0
-16.8034,142.3982,309.6,1.3,1.1,2014-10-15,1610,Aqua,MODIS,17,6.2,292,11.8,N,0
-16.681,142.5624,316.1,1.4,1.2,2014-10-15,1610,Aqua,MODIS,17,6.2,282.5,13.9,N,0
-16.6882,142.5356,320.4,1.4,1.2,2014-10-15,1610,Aqua,MODIS,100,6.2,282.9,25.3,N,0
-16.1354,134.1459,318.6,1.6,1.2,2014-10-15,1610,Aqua,MODIS,97,6.2,291.5,32.1,N,0
-16.7622,142.4038,308.6,1.3,1.1,2014-10-15,1610,Aqua,MODIS,47,6.2,291.6,15.5,N,0
-16.1242,134.1478,314.6,1.6,1.2,2014-10-15,1610,Aqua,MODIS,90,6.2,291,25.3,N,0
-16.6602,142.5652,323.9,1.4,1.2,2014-10-15,1610,Aqua,MODIS,62,6.2,284.7,27.2,N,0
-16.8226,142.4026,310.3,1.3,1.1,2014-10-15,1610,Aqua,MODIS,44,6.2,292.1,13.9,N,0
-16.94,142.4438,306.7,1.3,1.2,2014-10-15,1610,Aqua,MODIS,24,6.2,292.9,11.9,N,0
-16.1542,134.1886,306.1,1.6,1.2,2014-10-15,1610,Aqua,MODIS,48,6.2,290.8,12.6,N,0
-16.9448,142.4818,301.8,1.4,1.2,2014-10-15,1610,Aqua,MODIS,22,6.2,289.1,6.7,N,0
-16.138,134.1607,319.1,1.6,1.2,2014-10-15,1610,Aqua,MODIS,98,6.2,292.6,32.5,N,0
-19.6808,143.4903,306.3,1.7,1.3,2014-10-15,1611,Aqua,MODIS,68,6.2,288.2,18.7,N,0
-20.735,139.4788,303.6,1.1,1,2014-10-15,1611,Aqua,MODIS,56,6.2,287.2,8.4,N,2
-18.016,132.4919,308.7,2,1.4,2014-10-15,1611,Aqua,MODIS,75,6.2,289.4,28.1,N,0
-18.0128,132.4737,306.7,2,1.4,2014-10-15,1611,Aqua,MODIS,69,6.2,289.1,24.6,N,0
-20.0216,123.3125,318.1,3.8,1.8,2014-10-15,1749,Aqua,MODIS,96,6.2,292.9,105.9,N,0
-20.0051,123.3142,337.6,3.8,1.8,2014-10-15,1749,Aqua,MODIS,100,6.2,293.1,264.4,N,0
-20.025,123.3489,332.2,3.8,1.8,2014-10-15,1749,Aqua,MODIS,100,6.2,293.6,217.1,N,0
-19.9972,123.3442,366.3,3.8,1.8,2014-10-15,1749,Aqua,MODIS,100,6.2,295.2,717.2,N,0
-20.0137,123.3425,372.3,3.8,1.8,2014-10-15,1749,Aqua,MODIS,100,6.2,296.6,857.5,N,0
-19.9688,123.2812,303,3.8,1.8,2014-10-15,1749,Aqua,MODIS,53,6.2,292.7,32.7,N,0
-19.992,123.3522,338,3.8,1.8,2014-10-15,1749,Aqua,MODIS,100,6.2,293.2,274.9,N,0
-19.9886,123.3158,318.1,3.8,1.8,2014-10-15,1749,Aqua,MODIS,96,6.2,292.3,102.6,N,0
-19.9721,123.3175,302.9,3.8,1.8,2014-10-15,1749,Aqua,MODIS,50,6.2,292.7,30.5,N,0
-20.0302,123.3408,318.6,3.8,1.8,2014-10-15,1749,Aqua,MODIS,57,6.2,293.4,100.7,N,0
-20.0085,123.3506,374,3.8,1.8,2014-10-15,1749,Aqua,MODIS,100,6.2,296.8,901.2,N,0
-20.0699,123.3324,371.5,3.8,1.8,2014-10-15,1749,Aqua,MODIS,100,6.2,296.3,842.7,N,0
-20.0832,123.3724,305.4,3.8,1.8,2014-10-15,1749,Aqua,MODIS,33,6.2,291.7,37,N,0
-20.073,123.369,321.2,3.8,1.8,2014-10-15,1749,Aqua,MODIS,100,6.2,292.8,126.9,N,0
-20.0864,123.3308,350.5,3.8,1.8,2014-10-15,1749,Aqua,MODIS,100,6.2,295,435.3,N,0
-20.0896,123.3674,310,3.8,1.8,2014-10-15,1749,Aqua,MODIS,79,6.2,291.9,60.4,N,0
-20.0798,123.3359,363.6,3.8,1.8,2014-10-15,1749,Aqua,MODIS,100,6.2,296.1,666.2,N,0
-20.0633,123.3374,355.4,3.8,1.8,2014-10-15,1749,Aqua,MODIS,100,6.2,295.1,511.6,N,0
-20.0963,123.3341,326.8,3.8,1.8,2014-10-15,1749,Aqua,MODIS,100,6.2,293.7,164.4,N,0
-20.1129,123.2546,302.1,3.8,1.8,2014-10-15,1749,Aqua,MODIS,38,6.2,291.8,27.7,N,0
-20.0534,123.334,312.5,3.8,1.8,2014-10-15,1749,Aqua,MODIS,85,6.2,292.5,74.4,N,0
-23.8321,121.9684,308.4,3.4,1.7,2014-10-15,1750,Aqua,MODIS,74,6.2,291.3,51,N,0
-23.8198,121.9438,306.5,3.4,1.7,2014-10-15,1750,Aqua,MODIS,68,6.2,290.4,43.5,N,0
-23.8294,121.9353,300.5,3.4,1.7,2014-10-15,1750,Aqua,MODIS,28,6.2,289.9,23.2,N,0
-20.968,123.8175,310,4.3,1.9,2014-10-15,1750,Aqua,MODIS,79,6.2,290.1,81.5,N,0
-23.8227,121.977,303.7,3.4,1.7,2014-10-15,1750,Aqua,MODIS,56,6.2,291.6,34,N,0
-20.9668,123.8265,309.8,4.3,1.9,2014-10-15,1750,Aqua,MODIS,78,6.2,290.1,76,N,0
-21.5104,122.8055,313.2,3.6,1.8,2014-10-15,1750,Aqua,MODIS,87,6.2,292,71.7,N,0
-20.8952,120.2806,316.8,2.3,1.5,2014-10-15,1750,Aqua,MODIS,94,6.2,294.1,45.9,N,0
-21.6334,123.005,305.4,3.8,1.8,2014-10-15,1750,Aqua,MODIS,37,6.2,290.1,43.8,N,0
-20.8856,120.287,322.1,2.3,1.5,2014-10-15,1750,Aqua,MODIS,100,6.2,294.2,62.2,N,0
-21.4327,121.6204,308.3,3,1.6,2014-10-15,1750,Aqua,MODIS,74,6.2,287.8,46.4,N,0
-21.4301,121.5916,304.1,3,1.6,2014-10-15,1750,Aqua,MODIS,33,6.2,287.9,33.5,N,0
-21.4337,121.6274,302.8,3,1.6,2014-10-15,1750,Aqua,MODIS,51,6.2,287.1,31.8,N,0
-21.4309,121.5987,310.6,3,1.6,2014-10-15,1750,Aqua,MODIS,80,6.2,288.3,56.9,N,0
-20.8848,122.4973,301.8,3.4,1.7,2014-10-15,1750,Aqua,MODIS,19,6.2,283.6,33.8,N,0
-20.8975,120.3031,312.1,2.3,1.5,2014-10-15,1750,Aqua,MODIS,84,6.2,293.2,33.2,N,0
-21.5074,122.7704,342.7,3.6,1.8,2014-10-15,1750,Aqua,MODIS,100,6.2,293.2,308.2,N,0
-21.4912,122.7719,322.1,3.6,1.8,2014-10-15,1750,Aqua,MODIS,100,6.2,291.7,124.7,N,0
-21.4619,122.8102,312.4,3.6,1.8,2014-10-15,1750,Aqua,MODIS,36,6.2,291.9,64.9,N,0
-21.4589,122.7752,309,3.6,1.8,2014-10-15,1750,Aqua,MODIS,12,6.2,290,50.6,N,0
-21.4457,122.8119,316.8,3.6,1.8,2014-10-15,1750,Aqua,MODIS,80,6.2,291.6,88.6,N,0
-21.4989,122.776,334.3,3.6,1.8,2014-10-15,1750,Aqua,MODIS,100,6.2,293.1,219,N,0
-21.4827,122.7775,327.2,3.6,1.8,2014-10-15,1750,Aqua,MODIS,100,6.2,292.4,157.7,N,0
-21.4698,122.8141,308.9,3.6,1.8,2014-10-15,1750,Aqua,MODIS,58,6.2,291.9,51.8,N,0
-21.4666,122.7791,313.3,3.6,1.8,2014-10-15,1750,Aqua,MODIS,87,6.2,291,73.8,N,0
-21.4536,122.8157,314.6,3.6,1.8,2014-10-15,1750,Aqua,MODIS,90,6.2,291.9,80.3,N,0
-21.4504,122.7807,303.9,3.6,1.8,2014-10-15,1750,Aqua,MODIS,28,6.2,289.8,32.6,N,0
-20.8881,120.3096,303.4,2.3,1.5,2014-10-15,1750,Aqua,MODIS,53,6.2,292.7,12.9,N,0
-22.4541,117.5942,310.5,1.6,1.2,2014-10-15,1750,Aqua,MODIS,80,6.2,292.9,17.8,N,0
-22.4706,117.6385,307.2,1.6,1.2,2014-10-15,1750,Aqua,MODIS,71,6.2,292.9,14.1,N,0
-22.4523,117.5791,304.2,1.6,1.2,2014-10-15,1750,Aqua,MODIS,59,6.2,292,10.7,N,0
-22.4688,117.623,305.5,1.6,1.2,2014-10-15,1750,Aqua,MODIS,65,6.2,293.3,11.9,N,0
-22.4577,117.6246,326.5,1.6,1.2,2014-10-15,1750,Aqua,MODIS,100,6.2,294.5,45.6,N,0
-22.4559,117.6094,314.6,1.6,1.2,2014-10-15,1750,Aqua,MODIS,90,6.2,293.2,22.5,N,0
-22.4595,117.64,311.3,1.6,1.2,2014-10-15,1750,Aqua,MODIS,82,6.2,293.8,18.4,N,0
-22.3847,117.4811,301.9,1.5,1.2,2014-10-15,1750,Aqua,MODIS,45,6.2,289.1,9.9,N,0
-23.6115,123.5312,301.6,4.3,1.9,2014-10-15,1750,Aqua,MODIS,43,6.2,289.8,40.9,N,0
-21.0882,147.8496,322.9,2.2,1.4,2014-10-15,2358,Terra,MODIS,43,6.2,310.3,25.3,D,0
-19.4365,147.142,322.4,2.7,1.6,2014-10-15,2358,Terra,MODIS,0,6.2,301.1,52.2,D,0
-18.7564,145.8781,317.4,3.5,1.8,2014-10-15,2358,Terra,MODIS,49,6.2,300.1,66.4,D,0
-19.4393,147.1343,320.7,2.7,1.6,2014-10-15,2358,Terra,MODIS,44,6.2,300.8,45.1,D,0
-21.0581,148.1157,325.9,2.1,1.4,2014-10-15,2358,Terra,MODIS,69,6.2,309.2,31.9,D,0
-21.1806,148.2068,335.5,2.1,1.4,2014-10-15,2358,Terra,MODIS,69,6.2,308.9,70.7,D,0
-21.177,148.1875,368.2,2.1,1.4,2014-10-15,2358,Terra,MODIS,100,6.2,308.4,293.3,D,0
-21.1607,148.1704,333.3,2.1,1.4,2014-10-15,2358,Terra,MODIS,83,6.2,300.1,69.4,D,0
-20.5987,148.5546,326.2,2,1.4,2014-10-15,2358,Terra,MODIS,73,6.2,309.2,36.1,D,0
-21.1368,147.8321,337.7,2.2,1.4,2014-10-15,2358,Terra,MODIS,86,6.2,308.9,86.6,D,0
-21.947,149.4221,330,1.7,1.3,2014-10-15,2358,Terra,MODIS,78,6.2,305.8,40,D,0
-24.1568,150.648,355.5,1.3,1.1,2014-10-15,2359,Terra,MODIS,97,6.2,305.4,93.5,D,0
-24.9775,151.7098,328.3,1.1,1,2014-10-15,2359,Terra,MODIS,76,6.2,310.9,14.8,D,0
-24.9707,148.2505,313.9,1.7,1.3,2014-10-15,2359,Terra,MODIS,27,6.2,297.8,18.8,D,0
-24.3809,150.3343,321.7,1.3,1.1,2014-10-15,2359,Terra,MODIS,68,6.2,307.1,12.8,D,0
-25.0202,148.5159,317.3,1.7,1.3,2014-10-15,2359,Terra,MODIS,43,6.2,302.2,10.7,D,0
-24.1489,150.6622,324.3,1.3,1.1,2014-10-15,2359,Terra,MODIS,73,6.2,305.2,18.1,D,0
-23.1418,150.2993,324.7,1.4,1.2,2014-10-15,2359,Terra,MODIS,66,6.2,305.6,18.5,D,0
-24.8856,151.7116,319.7,1.1,1.1,2014-10-15,2359,Terra,MODIS,43,6.2,307,4.6,D,0
-22.8946,148.9718,322.3,1.7,1.3,2014-10-15,2359,Terra,MODIS,53,6.2,307.9,15.8,D,0
-22.8976,148.9882,322.1,1.7,1.3,2014-10-15,2359,Terra,MODIS,51,6.2,309.5,14.7,D,0
-24.1589,150.6601,332.5,1.3,1.1,2014-10-15,2359,Terra,MODIS,83,6.2,306.1,31.7,D,0
-27.0145,152.9511,315.1,1,1,2014-10-15,2359,Terra,MODIS,33,6.2,300.4,4.6,D,0
-27.016,152.9612,319.8,1,1,2014-10-15,2359,Terra,MODIS,60,6.2,303.5,9.2,D,0
-25.1656,149.711,322.6,1.4,1.2,2014-10-15,2359,Terra,MODIS,69,6.2,306.3,16.9,D,0
-24.1468,150.65,327.9,1.3,1.1,2014-10-15,2359,Terra,MODIS,78,6.2,303.6,24.9,D,0
-24.6796,151.8195,325.9,1.1,1,2014-10-15,2359,Terra,MODIS,73,6.2,309.8,14.1,D,0
-26.3883,151.4817,323.6,1.1,1,2014-10-15,2359,Terra,MODIS,72,6.2,304.5,12.6,D,0
-25.4167,152.151,321.2,1.1,1,2014-10-15,2359,Terra,MODIS,54,6.2,307.8,10.1,D,0
-24.0189,150.9889,335,1.2,1.1,2014-10-15,2359,Terra,MODIS,84,6.2,307.9,32.7,D,0
-25.5893,152.7267,332,1,1,2014-10-15,2359,Terra,MODIS,81,6.2,304.5,25.6,D,0
-29.8305,149.1653,320.9,1.3,1.1,2014-10-16,0000,Terra,MODIS,36,6.2,308.2,7.4,D,0
-29.4704,151.0737,320,1.1,1,2014-10-16,0000,Terra,MODIS,68,6.2,304.2,8.9,D,0
-30.0538,152.9671,313.3,1,1,2014-10-16,0000,Terra,MODIS,68,6.2,300.6,7.2,D,0
-26.9134,148.3625,328.5,1.6,1.2,2014-10-16,0000,Terra,MODIS,74,6.2,313,19.3,D,0
-30.6964,152.5174,307,1,1,2014-10-16,0000,Terra,MODIS,35,6.2,295.5,5.5,D,0
-30.421,151.3705,309.6,1,1,2014-10-16,0000,Terra,MODIS,38,6.2,297.6,5.1,D,0
-28.6511,149.8419,328,1.2,1.1,2014-10-16,0000,Terra,MODIS,72,6.2,313.6,11.9,D,0
-30.3263,151.8908,313.7,1,1,2014-10-16,0000,Terra,MODIS,50,6.2,300.1,6.9,D,0
-30.3279,151.9012,313.7,1,1,2014-10-16,0000,Terra,MODIS,57,6.2,300.5,7.1,D,0
-26.8996,148.3493,328.8,1.6,1.2,2014-10-16,0000,Terra,MODIS,75,6.2,312.2,21.7,D,0
-26.9106,148.3469,353.5,1.6,1.2,2014-10-16,0000,Terra,MODIS,96,6.2,313.8,103.4,D,0
-26.9019,148.3585,327.5,1.6,1.2,2014-10-16,0000,Terra,MODIS,71,6.2,311.6,17.3,D,0
-26.91,148.3405,340,1.6,1.2,2014-10-16,0000,Terra,MODIS,87,6.2,313.1,51.1,D,0
-26.9129,148.356,343.4,1.6,1.2,2014-10-16,0000,Terra,MODIS,90,6.2,313.3,62.4,D,0
-25.8936,144.8953,324.8,2.8,1.6,2014-10-16,0000,Terra,MODIS,73,6.2,307.1,50.8,D,0
-25.928,144.9158,335,2.8,1.6,2014-10-16,0000,Terra,MODIS,76,6.2,309,100.5,D,0
-25.8877,144.8672,321.9,2.8,1.6,2014-10-16,0000,Terra,MODIS,67,6.2,306.3,36.7,D,0
-25.9138,144.9195,330.7,2.8,1.6,2014-10-16,0000,Terra,MODIS,56,6.2,308.9,77.7,D,0
-25.9338,144.9437,328.1,2.8,1.6,2014-10-16,0000,Terra,MODIS,13,6.2,307.8,65.5,D,0
-25.9353,144.9371,329.6,2.8,1.6,2014-10-16,0000,Terra,MODIS,64,6.2,308.4,76.2,D,0
-25.9293,144.9093,325.6,2.8,1.6,2014-10-16,0000,Terra,MODIS,65,6.2,308.4,49.7,D,0
-26.2183,146.2891,318.5,2.2,1.4,2014-10-16,0000,Terra,MODIS,33,6.2,305.5,21.6,D,0
-27.9342,153.3845,315.5,1,1,2014-10-16,0000,Terra,MODIS,32,6.2,300.8,5.7,D,0
-30.6305,152.6967,310.1,1,1,2014-10-16,0000,Terra,MODIS,30,6.2,295.3,5.8,D,0
-29.9742,152.9288,316.3,1,1,2014-10-16,0000,Terra,MODIS,72,6.2,299.8,9.6,D,0
-29.9727,152.9184,318.4,1,1,2014-10-16,0000,Terra,MODIS,75,6.2,299.4,11.9,D,0
-27.4755,150.5332,327.6,1.2,1.1,2014-10-16,0000,Terra,MODIS,69,6.2,308.9,17.6,D,0
-33.9328,150.8854,311.1,1,1,2014-10-16,0001,Terra,MODIS,71,6.2,297.9,3.2,D,0
-34.4572,150.8805,315.6,1,1,2014-10-16,0002,Terra,MODIS,38,6.2,298.8,9.3,D,2
-41.4541,147.0009,309.4,1.1,1,2014-10-16,0004,Terra,MODIS,68,6.2,286.8,9.3,D,0
-10.6902,142.2014,310.9,4,1.9,2014-10-16,0133,Terra,MODIS,26,6.2,293.3,25.1,D,0
-13.2882,142.2467,361.2,4.4,1.9,2014-10-16,0134,Terra,MODIS,100,6.2,297.6,639.8,D,0
-12.1261,133.5358,345.2,1.1,1,2014-10-16,0134,Terra,MODIS,89,6.2,316.4,32.2,D,0
-12.1248,133.5262,336.1,1.1,1,2014-10-16,0134,Terra,MODIS,47,6.2,316.7,14.7,D,0
-12.8559,135.8993,332.7,1.4,1.2,2014-10-16,0134,Terra,MODIS,41,6.2,312,20,D,0
-12.7943,136.2953,328.9,1.5,1.2,2014-10-16,0134,Terra,MODIS,60,6.2,307.6,23.4,D,0
-12.1886,141.9368,320.1,4,1.9,2014-10-16,0134,Terra,MODIS,63,6.2,300.2,62.7,D,0
-13.3266,135.6737,326.7,1.4,1.2,2014-10-16,0134,Terra,MODIS,49,6.2,307.6,13.8,D,0
-13.2936,142.2798,323.8,4.4,1.9,2014-10-16,0134,Terra,MODIS,48,6.2,298.9,75.9,D,0
-12.4126,136.5333,327.4,1.6,1.2,2014-10-16,0134,Terra,MODIS,68,6.2,309.9,20.3,D,0
-13.3034,135.8219,329.5,1.4,1.2,2014-10-16,0134,Terra,MODIS,66,6.2,306.8,22.2,D,0
-12.1445,133.5332,334.1,1.1,1,2014-10-16,0134,Terra,MODIS,28,6.2,317.7,12.1,D,0
-12.8118,135.8919,335.1,1.4,1.2,2014-10-16,0134,Terra,MODIS,70,6.2,308.7,31.1,D,0
-12.4018,136.6217,323.9,1.6,1.2,2014-10-16,0134,Terra,MODIS,45,6.2,306.5,16.1,D,0
-12.3907,136.6232,339.9,1.6,1.2,2014-10-16,0134,Terra,MODIS,86,6.2,307.2,55.9,D,0
-12.8224,135.8905,333.6,1.4,1.2,2014-10-16,0134,Terra,MODIS,41,6.2,310.5,24.5,D,0
-12.4633,134.2883,328.3,1.1,1.1,2014-10-16,0134,Terra,MODIS,59,6.2,310.2,6.5,D,0
-12.3908,136.8013,326.7,1.6,1.3,2014-10-16,0134,Terra,MODIS,67,6.2,302.9,26.9,D,0
-12.9433,135.868,336.7,1.4,1.2,2014-10-16,0134,Terra,MODIS,76,6.2,307.8,35.4,D,0
-13.2895,142.2397,361.5,4.4,1.9,2014-10-16,0134,Terra,MODIS,100,6.2,297.3,650.8,D,0
-13.3139,142.1633,333.9,4.3,1.9,2014-10-16,0134,Terra,MODIS,60,6.2,297.1,186.5,D,0
-13.3158,142.1561,336,4.3,1.9,2014-10-16,0134,Terra,MODIS,79,6.2,296.9,219.3,D,0
-13.333,142.154,333.1,4.3,1.9,2014-10-16,0134,Terra,MODIS,70,6.2,296.6,171.4,D,0
-11.5663,142.4674,323.7,4.3,1.9,2014-10-16,0134,Terra,MODIS,77,6.2,293.1,124.7,D,0
-11.5707,142.5064,321.4,4.3,1.9,2014-10-16,0134,Terra,MODIS,74,6.2,293.7,105.4,D,0
-11.5728,142.5008,324.2,4.3,1.9,2014-10-16,0134,Terra,MODIS,60,6.2,293.5,120.5,D,0
-13.091,136.0441,325.6,1.5,1.2,2014-10-16,0134,Terra,MODIS,47,6.2,308.7,13.9,D,0
-11.6589,130.9255,344.7,1,1,2014-10-16,0134,Terra,MODIS,89,6.2,310.3,35.5,D,0
-11.3673,131.063,397.5,1,1,2014-10-16,0134,Terra,MODIS,94,6.2,316,234.5,D,0
-11.3688,131.0724,354.3,1,1,2014-10-16,0134,Terra,MODIS,84,6.2,311,55.4,D,0
-11.3702,131.0819,342.3,1,1,2014-10-16,0134,Terra,MODIS,62,6.2,307.1,27.7,D,0
-11.3765,131.0616,384.7,1,1,2014-10-16,0134,Terra,MODIS,100,6.2,311.2,165.6,D,0
-11.3807,131.0899,374.5,1,1,2014-10-16,0134,Terra,MODIS,100,6.2,313.6,113.9,D,0
-11.3822,131.0994,340.1,1,1,2014-10-16,0134,Terra,MODIS,86,6.2,312.9,20.4,D,0
-11.3835,131.0545,341.4,1,1,2014-10-16,0134,Terra,MODIS,61,6.2,307.6,31.4,D,0
-12.4145,136.5474,324.7,1.6,1.2,2014-10-16,0134,Terra,MODIS,50,6.2,307.3,15.1,D,0
-11.6695,130.9337,355.7,1,1,2014-10-16,0134,Terra,MODIS,97,6.2,311.5,60.3,D,0
-11.6709,130.9431,341.7,1,1,2014-10-16,0134,Terra,MODIS,87,6.2,310,29.9,D,0
-12.5692,131.2764,329.1,1,1,2014-10-16,0134,Terra,MODIS,49,6.2,309.8,10.5,D,0
-13.3974,134.3311,337.1,1.2,1.1,2014-10-16,0134,Terra,MODIS,81,6.2,309.2,23.6,D,0
-13.4197,134.3498,344.6,1.2,1.1,2014-10-16,0134,Terra,MODIS,89,6.2,311.2,38.9,D,0
-11.3485,131.1238,336.4,1,1,2014-10-16,0134,Terra,MODIS,73,6.2,308.4,22.7,D,0
-11.709,130.9471,341.6,1,1,2014-10-16,0134,Terra,MODIS,86,6.2,311.9,30.4,D,0
-11.371,131.1493,334.6,1,1,2014-10-16,0134,Terra,MODIS,66,6.2,311.4,14.9,D,0
-11.3724,131.1586,331.1,1,1,2014-10-16,0134,Terra,MODIS,33,6.2,311.3,11,D,0
-13.4232,134.3537,351.5,1.2,1.1,2014-10-16,0134,Terra,MODIS,94,6.2,313.1,55.9,D,0
-11.3154,130.9057,326.8,1.1,1,2014-10-16,0134,Terra,MODIS,0,6.2,305.4,9.8,D,0
-11.3168,130.9152,329,1.1,1,2014-10-16,0134,Terra,MODIS,0,6.2,304.2,12.5,D,0
-13.4344,134.3631,332.3,1.2,1.1,2014-10-16,0134,Terra,MODIS,71,6.2,313.2,14.8,D,0
-12.7961,136.3092,331.3,1.5,1.2,2014-10-16,0134,Terra,MODIS,71,6.2,309.3,28.2,D,0
-11.3849,131.0639,355.6,1,1,2014-10-16,0134,Terra,MODIS,69,6.2,312.8,61.5,D,0
-12.5634,136.6324,324.9,1.6,1.2,2014-10-16,0134,Terra,MODIS,41,6.2,303.5,19.1,D,0
-12.5764,136.6453,332.1,1.6,1.2,2014-10-16,0134,Terra,MODIS,49,6.2,303.8,33,D,0
-12.5876,136.644,344.3,1.6,1.2,2014-10-16,0134,Terra,MODIS,84,6.2,306,68.7,D,0
-12.6007,136.6573,332.6,1.6,1.2,2014-10-16,0134,Terra,MODIS,42,6.2,305.2,34.2,D,0
-12.6118,136.6559,363.9,1.6,1.2,2014-10-16,0134,Terra,MODIS,100,6.2,306.9,163.3,D,0
-12.623,136.6544,331.1,1.6,1.2,2014-10-16,0134,Terra,MODIS,51,6.2,304.7,31.2,D,0
-12.6322,136.6381,327.4,1.6,1.2,2014-10-16,0134,Terra,MODIS,54,6.2,304.5,19.6,D,0
-12.6227,136.648,327.9,1.6,1.2,2014-10-16,0134,Terra,MODIS,31,6.2,305.8,24.1,D,0
-12.6338,136.6464,332.5,1.6,1.2,2014-10-16,0134,Terra,MODIS,69,6.2,304.5,35.8,D,0
-13.0802,136.0455,335.5,1.5,1.2,2014-10-16,0134,Terra,MODIS,79,6.2,310.2,35,D,0
-12.7852,136.3105,326.3,1.5,1.2,2014-10-16,0134,Terra,MODIS,51,6.2,310.6,16.5,D,0
-12.7834,136.2967,336.5,1.5,1.2,2014-10-16,0134,Terra,MODIS,81,6.2,310.6,42.9,D,0
-13.0785,136.0321,346.9,1.5,1.2,2014-10-16,0134,Terra,MODIS,91,6.2,310.2,71.1,D,0
-12.5602,131.2778,328.5,1,1,2014-10-16,0134,Terra,MODIS,46,6.2,308.1,9.9,D,0
-12.5678,131.2671,332.2,1,1,2014-10-16,0134,Terra,MODIS,73,6.2,310.7,13.5,D,0
-12.5588,131.2685,341.5,1,1,2014-10-16,0134,Terra,MODIS,86,6.2,310.8,28.3,D,0
-13.7401,141.5406,319,3.9,1.8,2014-10-16,0134,Terra,MODIS,27,6.2,299.4,50.4,D,0
-12.5819,136.6005,334.7,1.6,1.2,2014-10-16,0134,Terra,MODIS,79,6.2,307.1,39.1,D,0
-11.2183,132.3463,347.1,1,1,2014-10-16,0134,Terra,MODIS,94,6.2,314.7,35.9,D,0
-11.217,132.3372,335.1,1,1,2014-10-16,0134,Terra,MODIS,87,6.2,314.8,13.9,D,0
-13.0869,133.1139,323.7,1,1,2014-10-16,0134,Terra,MODIS,51,6.2,306.5,9.8,D,0
-13.0856,133.1043,329.9,1,1,2014-10-16,0134,Terra,MODIS,72,6.2,306.4,17.2,D,0
-13.4552,134.3712,338.8,1.2,1.1,2014-10-16,0134,Terra,MODIS,83,6.2,312.3,24.3,D,0
-13.4455,134.3725,335.2,1.2,1.1,2014-10-16,0134,Terra,MODIS,61,6.2,312.5,17.5,D,0
-12.2443,136.818,325.2,1.6,1.3,2014-10-16,0134,Terra,MODIS,78,6.2,308.3,18.5,D,0
-12.992,132.7694,330.1,1,1,2014-10-16,0134,Terra,MODIS,71,6.2,310.5,13.7,D,0
-12.1244,136.3498,332.7,1.5,1.2,2014-10-16,0134,Terra,MODIS,85,6.2,311.2,26.5,D,0
-11.7026,130.548,387.4,1.1,1,2014-10-16,0134,Terra,MODIS,87,6.2,312.8,190.6,D,0
-11.6149,130.5777,335.7,1.1,1,2014-10-16,0134,Terra,MODIS,80,6.2,306.7,26.7,D,0
-11.7119,130.5466,388,1.1,1,2014-10-16,0134,Terra,MODIS,100,6.2,309.6,192.1,D,0
-11.655,130.5914,340.5,1.1,1,2014-10-16,0134,Terra,MODIS,85,6.2,305.1,32.2,D,0
-11.6564,130.6012,349.8,1.1,1,2014-10-16,0134,Terra,MODIS,93,6.2,307,49.9,D,0
-11.7134,130.5564,349.7,1.1,1,2014-10-16,0134,Terra,MODIS,88,6.2,309.6,50.8,D,0
-12.6077,136.5389,339.3,1.6,1.2,2014-10-16,0134,Terra,MODIS,84,6.2,306.4,49.4,D,0
-12.7014,132.6694,337.3,1,1,2014-10-16,0134,Terra,MODIS,52,6.2,314.1,18.1,D,0
-12.6096,136.5531,328.1,1.6,1.2,2014-10-16,0134,Terra,MODIS,54,6.2,305.7,19.6,D,0
-12.6099,136.5468,332.4,1.6,1.2,2014-10-16,0134,Terra,MODIS,70,6.2,306.1,28.8,D,0
-12.58,136.586,334.7,1.6,1.2,2014-10-16,0134,Terra,MODIS,79,6.2,304.9,40.4,D,0
-16.1664,136.0373,335.9,1.6,1.3,2014-10-16,0135,Terra,MODIS,81,6.2,316.3,32.4,D,0
-16.1683,136.0524,329.8,1.6,1.3,2014-10-16,0135,Terra,MODIS,69,6.2,319,16.5,D,0
-14.129,135.7505,325.7,1.4,1.2,2014-10-16,0135,Terra,MODIS,61,6.2,305.8,19.1,D,0
-15.5578,136.5691,341.8,1.7,1.3,2014-10-16,0135,Terra,MODIS,86,6.2,312.8,66.6,D,0
-15.6022,142.0098,322.9,4.5,2,2014-10-16,0135,Terra,MODIS,45,6.2,299.6,82.5,D,0
-14.1273,135.7373,330.3,1.4,1.2,2014-10-16,0135,Terra,MODIS,73,6.2,304.7,28.3,D,0
-14.0693,135.6243,326.8,1.4,1.2,2014-10-16,0135,Terra,MODIS,52,6.2,307.1,16.3,D,0
-14.0366,135.5818,328.6,1.4,1.2,2014-10-16,0135,Terra,MODIS,59,6.2,306.8,22.7,D,0
-13.835,132.6212,330.9,1,1,2014-10-16,0135,Terra,MODIS,46,6.2,315.3,12.1,D,0
-13.826,132.6225,336.9,1,1,2014-10-16,0135,Terra,MODIS,56,6.2,312.2,19.7,D,0
-13.8038,132.5935,341.6,1,1,2014-10-16,0135,Terra,MODIS,84,6.2,311,27.3,D,0
-13.8582,136.4817,328.2,1.6,1.2,2014-10-16,0135,Terra,MODIS,62,6.2,305.9,28.5,D,0
-13.8788,136.464,328.5,1.6,1.2,2014-10-16,0135,Terra,MODIS,66,6.2,306.6,27.4,D,0
-13.878,136.4576,325.1,1.6,1.2,2014-10-16,0135,Terra,MODIS,43,6.2,307.7,18.8,D,0
-14.1774,132.0616,332.3,1,1,2014-10-16,0135,Terra,MODIS,61,6.2,314.3,11,D,0
-14.1684,132.063,330.3,1,1,2014-10-16,0135,Terra,MODIS,41,6.2,312.5,8.4,D,0
-14.1484,136.5166,326.5,1.6,1.3,2014-10-16,0135,Terra,MODIS,64,6.2,306.5,25.1,D,0
-14.0816,135.636,324.7,1.4,1.2,2014-10-16,0135,Terra,MODIS,24,6.2,307.4,12.6,D,0
-13.981,135.8507,337.7,1.5,1.2,2014-10-16,0135,Terra,MODIS,82,6.2,305.7,40.9,D,0
-13.9792,135.8373,332.7,1.5,1.2,2014-10-16,0135,Terra,MODIS,70,6.2,307.8,27.7,D,0
-13.9774,135.8239,326.2,1.5,1.2,2014-10-16,0135,Terra,MODIS,21,6.2,307.7,13.6,D,0
-13.9757,135.8105,333.2,1.5,1.2,2014-10-16,0135,Terra,MODIS,76,6.2,306.6,30.3,D,0
-13.9685,135.8387,354.5,1.5,1.2,2014-10-16,0135,Terra,MODIS,96,6.2,306.8,100,D,0
-13.9667,135.8252,381.4,1.5,1.2,2014-10-16,0135,Terra,MODIS,100,6.2,309.2,250.1,D,0
-13.8426,132.3537,329.3,1,1,2014-10-16,0135,Terra,MODIS,53,6.2,311.3,10.1,D,0
-13.9398,135.8699,324.4,1.5,1.2,2014-10-16,0135,Terra,MODIS,38,6.2,304,14.1,D,0
-13.9415,135.8834,330.9,1.5,1.2,2014-10-16,0135,Terra,MODIS,54,6.2,305.2,29.5,D,0
-13.9622,135.4228,328.5,1.4,1.2,2014-10-16,0135,Terra,MODIS,38,6.2,307.7,16.2,D,0
-13.9606,135.4102,329.9,1.4,1.2,2014-10-16,0135,Terra,MODIS,54,6.2,308.6,18.9,D,0
-13.959,135.3977,340,1.4,1.2,2014-10-16,0135,Terra,MODIS,85,6.2,310.1,42.8,D,0
-13.9355,135.5103,333.2,1.4,1.2,2014-10-16,0135,Terra,MODIS,57,6.2,310.8,21.7,D,0
-13.8556,135.4689,335.7,1.4,1.2,2014-10-16,0135,Terra,MODIS,80,6.2,310.6,29,D,0
-13.866,135.4676,361.8,1.4,1.2,2014-10-16,0135,Terra,MODIS,100,6.2,313.2,114.7,D,0
-13.8677,135.4803,335.9,1.4,1.2,2014-10-16,0135,Terra,MODIS,80,6.2,312.3,27.2,D,0
-13.9485,135.399,349.4,1.4,1.2,2014-10-16,0135,Terra,MODIS,93,6.2,312.5,68.2,D,0
-13.9469,135.3865,351.2,1.4,1.2,2014-10-16,0135,Terra,MODIS,94,6.2,311.1,74.5,D,0
-13.9279,135.6955,328.7,1.4,1.2,2014-10-16,0135,Terra,MODIS,54,6.2,309.4,16.3,D,0
-13.9296,135.7086,334,1.4,1.2,2014-10-16,0135,Terra,MODIS,76,6.2,307.4,29.6,D,0
-13.871,135.5058,333.1,1.4,1.2,2014-10-16,0135,Terra,MODIS,66,6.2,309.3,24.5,D,0
-13.8693,135.4931,332.9,1.4,1.2,2014-10-16,0135,Terra,MODIS,68,6.2,311.3,22.2,D,0
-13.8589,135.4944,333.2,1.4,1.2,2014-10-16,0135,Terra,MODIS,73,6.2,310.1,24.7,D,0
-14.9977,135.152,337.6,1.4,1.2,2014-10-16,0135,Terra,MODIS,27,6.2,316.1,28.1,D,0
-15.0469,135.1516,341.2,1.4,1.2,2014-10-16,0135,Terra,MODIS,80,6.2,317.8,40.7,D,0
-15.0485,135.1642,333.3,1.4,1.2,2014-10-16,0135,Terra,MODIS,64,6.2,314.7,24.4,D,0
-14.234,136.5612,330,1.7,1.3,2014-10-16,0135,Terra,MODIS,73,6.2,305.1,36.6,D,0
-14.2226,136.5626,325.7,1.7,1.3,2014-10-16,0135,Terra,MODIS,58,6.2,304.9,24.7,D,0
-15.1908,131.5032,350.4,1,1,2014-10-16,0135,Terra,MODIS,93,6.2,319.1,44.4,D,0
-15.1921,131.5124,335,1,1,2014-10-16,0135,Terra,MODIS,75,6.2,318.3,15.6,D,0
-15.1984,131.4926,351.9,1,1,2014-10-16,0135,Terra,MODIS,94,6.2,315.5,47.2,D,0
-15.1998,131.5018,401.3,1,1,2014-10-16,0135,Terra,MODIS,100,6.2,327.1,240.6,D,0
-15.2011,131.511,377.3,1,1,2014-10-16,0135,Terra,MODIS,100,6.2,326.1,121.2,D,0
-15.2025,131.5203,372.2,1,1,2014-10-16,0135,Terra,MODIS,100,6.2,323.5,102.6,D,0
-14.1464,136.5014,323.4,1.6,1.3,2014-10-16,0135,Terra,MODIS,48,6.2,305.2,18.4,D,0
-15.2101,131.5097,346.2,1,1,2014-10-16,0135,Terra,MODIS,89,6.2,317.8,33.1,D,0
-15.2115,131.5189,348,1,1,2014-10-16,0135,Terra,MODIS,91,6.2,317.5,36.7,D,0
-13.8364,132.6306,331.8,1,1,2014-10-16,0135,Terra,MODIS,59,6.2,312.1,13.7,D,0
-14.0799,135.6229,335,1.4,1.2,2014-10-16,0135,Terra,MODIS,80,6.2,307.9,34.9,D,0
-14.0782,135.6099,332.6,1.4,1.2,2014-10-16,0135,Terra,MODIS,76,6.2,307.3,28.7,D,0
-14.0676,135.6113,324.9,1.4,1.2,2014-10-16,0135,Terra,MODIS,45,6.2,306,13,D,0
-13.0214,130.3645,352.8,1.1,1,2014-10-16,0135,Terra,MODIS,95,6.2,304.6,58.3,D,0
-14.3849,127.0189,327.8,1.6,1.2,2014-10-16,0135,Terra,MODIS,43,6.2,309.8,19.8,D,0
-14.3824,127.0043,340.5,1.6,1.2,2014-10-16,0135,Terra,MODIS,86,6.2,308.2,55,D,0
-14.2262,126.9628,348.6,1.6,1.2,2014-10-16,0135,Terra,MODIS,92,6.2,310.1,80.3,D,0
-14.2287,126.9774,333.9,1.6,1.2,2014-10-16,0135,Terra,MODIS,77,6.2,309,31.4,D,0
-14.2373,126.961,330.4,1.6,1.2,2014-10-16,0135,Terra,MODIS,66,6.2,308.4,19.4,D,0
-14.2398,126.9754,330.4,1.6,1.2,2014-10-16,0135,Terra,MODIS,65,6.2,308.7,20.6,D,0
-14.2987,127.0551,343.9,1.6,1.2,2014-10-16,0135,Terra,MODIS,85,6.2,307.8,58.8,D,0
-14.3074,127.0388,349.1,1.6,1.2,2014-10-16,0135,Terra,MODIS,93,6.2,308.3,83.2,D,0
-14.3098,127.0533,352.1,1.6,1.2,2014-10-16,0135,Terra,MODIS,95,6.2,310.6,91.1,D,0
-14.3208,127.0515,351.4,1.6,1.2,2014-10-16,0135,Terra,MODIS,94,6.2,311.7,87.8,D,0
-14.3429,127.0478,338.7,1.6,1.2,2014-10-16,0135,Terra,MODIS,68,6.2,308.5,46.6,D,0
-14.3545,127.1189,358.9,1.5,1.2,2014-10-16,0135,Terra,MODIS,99,6.2,310,118.8,D,0
-14.3568,127.1331,365.9,1.5,1.2,2014-10-16,0135,Terra,MODIS,100,6.2,312.9,155.5,D,0
-14.3552,127.112,333.1,1.5,1.2,2014-10-16,0135,Terra,MODIS,53,6.2,308.2,27.5,D,0
-14.3576,127.1261,370.9,1.5,1.2,2014-10-16,0135,Terra,MODIS,100,6.2,312.2,189,D,0
-14.7667,129.9124,335.9,1.1,1,2014-10-16,0135,Terra,MODIS,0,6.2,313,25.6,D,0
-14.36,127.1402,340.6,1.5,1.2,2014-10-16,0135,Terra,MODIS,83,6.2,311,49.2,D,0
-14.3638,127.096,331.9,1.5,1.2,2014-10-16,0135,Terra,MODIS,60,6.2,305.2,28.7,D,0
-14.3662,127.1102,340.7,1.5,1.2,2014-10-16,0135,Terra,MODIS,86,6.2,307.7,53.4,D,0
-14.3295,127.0352,333.4,1.6,1.2,2014-10-16,0135,Terra,MODIS,61,6.2,309.3,32,D,0
-14.3184,127.037,375.7,1.6,1.2,2014-10-16,0135,Terra,MODIS,100,6.2,311.7,230.6,D,0
-14.2925,127.0858,333,1.6,1.2,2014-10-16,0135,Terra,MODIS,39,6.2,310.2,19.9,D,0
-14.2901,127.0714,340.6,1.6,1.2,2014-10-16,0135,Terra,MODIS,76,6.2,309.3,44.2,D,0
-14.2415,127.1297,337.5,1.5,1.2,2014-10-16,0135,Terra,MODIS,81,6.2,310.8,37.8,D,0
-14.2485,127.172,332.1,1.5,1.2,2014-10-16,0135,Terra,MODIS,51,6.2,310.7,22.6,D,0
-14.6547,126.7717,331.2,1.6,1.2,2014-10-16,0135,Terra,MODIS,56,6.2,309,25.2,D,0
-14.6435,126.7737,329.1,1.6,1.2,2014-10-16,0135,Terra,MODIS,70,6.2,309.4,22,D,0
-14.6411,126.7589,327.4,1.6,1.3,2014-10-16,0135,Terra,MODIS,55,6.2,308.8,18.5,D,0
-14.3714,127.0063,327.2,1.6,1.2,2014-10-16,0135,Terra,MODIS,53,6.2,307.4,19.5,D,0
-14.3296,127.0283,331,1.6,1.2,2014-10-16,0135,Terra,MODIS,51,6.2,307.4,26.7,D,0
-14.3271,127.0207,327.1,1.6,1.2,2014-10-16,0135,Terra,MODIS,55,6.2,305.8,20.2,D,0
-14.2323,126.9315,350.6,1.6,1.2,2014-10-16,0135,Terra,MODIS,94,6.2,306.2,91.1,D,0
-14.2525,127.1278,343.4,1.5,1.2,2014-10-16,0135,Terra,MODIS,87,6.2,311.2,52.5,D,0
-14.2548,127.1419,359.2,1.5,1.2,2014-10-16,0135,Terra,MODIS,99,6.2,311.9,117.3,D,0
-14.2571,127.156,345.6,1.5,1.2,2014-10-16,0135,Terra,MODIS,90,6.2,311.7,59.4,D,0
-14.2594,127.1701,359.5,1.5,1.2,2014-10-16,0135,Terra,MODIS,99,6.2,313.8,119.4,D,0
-14.2617,127.1841,334,1.5,1.2,2014-10-16,0135,Terra,MODIS,65,6.2,311.4,26.3,D,0
-14.2534,127.1218,346,1.5,1.2,2014-10-16,0135,Terra,MODIS,90,6.2,311.1,60.6,D,0
-14.2558,127.1359,343.1,1.5,1.2,2014-10-16,0135,Terra,MODIS,88,6.2,311.2,47.7,D,0
-14.2582,127.15,348.4,1.5,1.2,2014-10-16,0135,Terra,MODIS,92,6.2,312.2,67.2,D,0
-14.2606,127.1641,342.2,1.5,1.2,2014-10-16,0135,Terra,MODIS,87,6.2,312.9,46.2,D,0
-14.2629,127.1781,340.3,1.5,1.2,2014-10-16,0135,Terra,MODIS,85,6.2,312.9,42.8,D,0
-13.7718,132.4365,358.1,1,1,2014-10-16,0135,Terra,MODIS,98,6.2,311.3,63,D,0
-13.7934,132.5855,337.7,1,1,2014-10-16,0135,Terra,MODIS,75,6.2,312.4,21.7,D,0
-14.2264,126.9686,346.7,1.6,1.2,2014-10-16,0135,Terra,MODIS,91,6.2,309.6,72.3,D,0
-14.2288,126.9831,335.5,1.6,1.2,2014-10-16,0135,Terra,MODIS,79,6.2,308.1,35.5,D,0
-14.2376,126.9667,331.8,1.6,1.2,2014-10-16,0135,Terra,MODIS,70,6.2,308.8,24.9,D,0
-14.2399,126.9812,330,1.6,1.2,2014-10-16,0135,Terra,MODIS,69,6.2,308.4,21.1,D,0
-14.348,127.0695,336.3,1.6,1.2,2014-10-16,0135,Terra,MODIS,64,6.2,308.3,39.6,D,0
-14.3456,127.0552,335.7,1.6,1.2,2014-10-16,0135,Terra,MODIS,64,6.2,308.8,38.8,D,0
-13.0229,130.3742,340.4,1.1,1,2014-10-16,0135,Terra,MODIS,71,6.2,309.3,32.7,D,0
-13.0137,130.3756,332.8,1.1,1,2014-10-16,0135,Terra,MODIS,46,6.2,302,19.2,D,0
-13.6532,130.3403,344.3,1.1,1,2014-10-16,0135,Terra,MODIS,84,6.2,309.6,33,D,0
-14.3452,127.0622,335.4,1.6,1.2,2014-10-16,0135,Terra,MODIS,49,6.2,309.1,34.5,D,0
-14.176,132.0524,331.3,1,1,2014-10-16,0135,Terra,MODIS,49,6.2,315.3,9.6,D,0
-14.2216,126.9392,336.3,1.6,1.2,2014-10-16,0135,Terra,MODIS,79,6.2,306.9,38,D,0
-14.224,126.9539,365.8,1.6,1.2,2014-10-16,0135,Terra,MODIS,100,6.2,310.1,166.8,D,0
-14.2328,126.9373,362.6,1.6,1.2,2014-10-16,0135,Terra,MODIS,100,6.2,307.1,151.1,D,0
-14.2352,126.9522,331.5,1.6,1.2,2014-10-16,0135,Terra,MODIS,69,6.2,307.4,25.8,D,0
-14.2237,126.9482,354.9,1.6,1.2,2014-10-16,0135,Terra,MODIS,97,6.2,308.7,109.6,D,0
-14.2348,126.9464,343.5,1.6,1.2,2014-10-16,0135,Terra,MODIS,88,6.2,307.2,62,D,0
-14.6647,126.7635,325.5,1.6,1.2,2014-10-16,0135,Terra,MODIS,52,6.2,307.2,15.2,D,0
-14.9512,135.1201,340.4,1.3,1.2,2014-10-16,0135,Terra,MODIS,78,6.2,314.7,36.4,D,0
-16.1349,134.1445,380.3,1.2,1.1,2014-10-16,0135,Terra,MODIS,100,6.2,318,180.1,D,0
-14.427,133.3588,336,1.1,1,2014-10-16,0135,Terra,MODIS,64,6.2,317,16.6,D,0
-15.0868,135.1334,337.1,1.4,1.2,2014-10-16,0135,Terra,MODIS,73,6.2,320.5,25,D,0
-16.1333,134.1331,397.8,1.2,1.1,2014-10-16,0135,Terra,MODIS,100,6.2,320.7,299,D,0
-16.125,134.1459,341.1,1.2,1.1,2014-10-16,0135,Terra,MODIS,61,6.2,311.8,36.8,D,0
-14.4575,135.2239,327.1,1.3,1.2,2014-10-16,0135,Terra,MODIS,30,6.2,312.2,11.1,D,0
-14.4638,135.2166,327.8,1.3,1.2,2014-10-16,0135,Terra,MODIS,32,6.2,313.8,14.4,D,0
-14.4987,135.1614,369.8,1.3,1.1,2014-10-16,0135,Terra,MODIS,100,6.2,316,149.6,D,0
-14.5003,135.1737,335.4,1.3,1.1,2014-10-16,0135,Terra,MODIS,61,6.2,313.7,27.2,D,0
-14.5106,135.1723,331.8,1.3,1.1,2014-10-16,0135,Terra,MODIS,62,6.2,314.3,21.3,D,0
-14.5193,135.1586,330.5,1.3,1.1,2014-10-16,0135,Terra,MODIS,52,6.2,312.6,18.6,D,0
-16.1182,134.17,346.7,1.2,1.1,2014-10-16,0135,Terra,MODIS,91,6.2,315.8,47.2,D,0
-16.1166,134.1587,395.5,1.2,1.1,2014-10-16,0135,Terra,MODIS,100,6.2,321,280.4,D,0
-16.1151,134.1473,365.3,1.2,1.1,2014-10-16,0135,Terra,MODIS,100,6.2,313.5,112.7,D,0
-16.1235,134.1346,363.4,1.2,1.1,2014-10-16,0135,Terra,MODIS,100,6.2,311.9,106,D,0
-15.0826,135.1281,342.6,1.4,1.2,2014-10-16,0135,Terra,MODIS,86,6.2,319.8,37.4,D,0
-15.0851,135.1209,345,1.4,1.2,2014-10-16,0135,Terra,MODIS,88,6.2,319.8,44.3,D,0
-15.081,135.1155,336.3,1.4,1.2,2014-10-16,0135,Terra,MODIS,78,6.2,320,20.5,D,0
-14.9632,135.1311,336.8,1.4,1.2,2014-10-16,0135,Terra,MODIS,65,6.2,316.5,27.2,D,0
-16.1653,134.215,335.4,1.2,1.1,2014-10-16,0135,Terra,MODIS,58,6.2,317.3,22.8,D,0
-16.1638,134.2035,335.7,1.2,1.1,2014-10-16,0135,Terra,MODIS,46,6.2,317.7,22.7,D,0
-14.9528,135.1325,346.1,1.4,1.2,2014-10-16,0135,Terra,MODIS,89,6.2,317.4,53.9,D,0
-16.1447,134.1431,340.2,1.2,1.1,2014-10-16,0135,Terra,MODIS,49,6.2,315.1,32.3,D,0
-16.106,134.2298,358,1.2,1.1,2014-10-16,0135,Terra,MODIS,98,6.2,315.9,84.8,D,0
-16.0984,134.1727,339.1,1.2,1.1,2014-10-16,0135,Terra,MODIS,84,6.2,313.9,33.9,D,0
-16.1608,134.1806,340.6,1.2,1.1,2014-10-16,0135,Terra,MODIS,74,6.2,316.7,33.3,D,0
-16.1464,134.1479,337.2,1.2,1.1,2014-10-16,0135,Terra,MODIS,43,6.2,315.5,26.1,D,0
-16.1449,134.1365,336.4,1.2,1.1,2014-10-16,0135,Terra,MODIS,25,6.2,314,25,D,0
-16.1623,134.192,339.3,1.2,1.1,2014-10-16,0135,Terra,MODIS,71,6.2,318.1,30.8,D,0
-16.1044,134.2184,341.5,1.2,1.1,2014-10-16,0135,Terra,MODIS,57,6.2,315.4,34.6,D,0
-16.09,134.1854,345.6,1.2,1.1,2014-10-16,0135,Terra,MODIS,88,6.2,314,46.8,D,0
-16.0702,134.1882,330.9,1.2,1.1,2014-10-16,0135,Terra,MODIS,35,6.2,312.3,18.2,D,0
-14.9648,135.1436,341.4,1.4,1.2,2014-10-16,0135,Terra,MODIS,76,6.2,316.7,40.9,D,0
-14.3963,133.3429,354,1.1,1,2014-10-16,0135,Terra,MODIS,96,6.2,318.5,55.4,D,0
-14.3842,133.3244,340.9,1.1,1,2014-10-16,0135,Terra,MODIS,77,6.2,314,26.5,D,0
-16.1668,134.2266,336.7,1.2,1.1,2014-10-16,0135,Terra,MODIS,59,6.2,317.8,25.5,D,0
-14.3949,133.333,341.4,1.1,1,2014-10-16,0135,Terra,MODIS,81,6.2,316.1,26.4,D,0
-14.2612,127.1116,342.4,1.6,1.2,2014-10-16,0135,Terra,MODIS,78,6.2,312,50.5,D,0
-14.2502,127.1135,337,1.6,1.2,2014-10-16,0135,Terra,MODIS,64,6.2,308.5,33.9,D,0
-16.6403,127.4003,332.1,1.4,1.2,2014-10-16,0136,Terra,MODIS,42,6.2,316.2,16.4,D,0
-17.3428,130.3722,333.1,1,1,2014-10-16,0136,Terra,MODIS,53,6.2,319,9.8,D,0
-16.3811,125.0505,324.3,2,1.4,2014-10-16,0136,Terra,MODIS,38,6.2,306.7,24.3,D,0
-16.6497,122.9552,339.4,2.8,1.6,2014-10-16,0136,Terra,MODIS,80,6.2,300.2,151.7,D,0
-16.6381,127.3875,338.4,1.4,1.2,2014-10-16,0136,Terra,MODIS,81,6.2,316.6,32.4,D,0
-16.6597,123.0072,325.6,2.8,1.6,2014-10-16,0136,Terra,MODIS,44,6.2,299.6,65.6,D,0
-17.2901,130.3902,336.4,1,1,2014-10-16,0136,Terra,MODIS,70,6.2,321.2,15.5,D,0
-17.2977,130.3793,354.5,1,1,2014-10-16,0136,Terra,MODIS,96,6.2,321.6,48.2,D,0
-17.2991,130.3887,377.3,1,1,2014-10-16,0136,Terra,MODIS,100,6.2,322.8,120.8,D,0
-17.1917,130.4702,334.8,1,1,2014-10-16,0136,Terra,MODIS,74,6.2,316.7,16.6,D,0
-17.1903,130.4608,339.9,1,1,2014-10-16,0136,Terra,MODIS,82,6.2,318.8,24.1,D,0
-16.648,122.9613,350.6,2.8,1.6,2014-10-16,0136,Terra,MODIS,94,6.2,301.1,245.2,D,0
-16.6278,127.3894,348.8,1.4,1.2,2014-10-16,0136,Terra,MODIS,92,6.2,316.7,62.5,D,0
-16.6671,122.9846,335.6,2.8,1.6,2014-10-16,0136,Terra,MODIS,80,6.2,299.5,122.8,D,0
-17.1823,130.4681,336,1,1,2014-10-16,0136,Terra,MODIS,73,6.2,319.5,14.9,D,0
-16.6485,127.3856,330,1.4,1.2,2014-10-16,0136,Terra,MODIS,44,6.2,316.2,12.1,D,0
-17.5538,125.3083,330.1,1.8,1.3,2014-10-16,0136,Terra,MODIS,47,6.2,314.1,19.4,D,0
-16.3845,125.0691,327.8,2,1.4,2014-10-16,0136,Terra,MODIS,63,6.2,308,34.5,D,0
-16.6528,122.9874,367.5,2.8,1.6,2014-10-16,0136,Terra,MODIS,100,6.2,302.8,445.8,D,0
-17.0575,122.8467,330,2.8,1.6,2014-10-16,0136,Terra,MODIS,66,6.2,303.7,67.8,D,0
-16.4682,125.1115,331.3,2,1.4,2014-10-16,0136,Terra,MODIS,63,6.2,309.1,35.6,D,0
-16.6424,127.4131,342.3,1.4,1.2,2014-10-16,0136,Terra,MODIS,86,6.2,316.9,41.6,D,0
-16.3794,125.0578,332.8,2,1.4,2014-10-16,0136,Terra,MODIS,75,6.2,307.7,53.5,D,0
-16.4592,125.1321,344.5,2,1.4,2014-10-16,0136,Terra,MODIS,89,6.2,311.1,86.6,D,0
-17.5945,125.2936,333.2,1.8,1.3,2014-10-16,0136,Terra,MODIS,59,6.2,314.7,29.7,D,0
-17.6005,125.3276,330.1,1.8,1.3,2014-10-16,0136,Terra,MODIS,25,6.2,314.6,19.9,D,0
-16.456,125.114,349.4,2,1.4,2014-10-16,0136,Terra,MODIS,93,6.2,310.3,115.4,D,0
-16.4316,125.1191,328.8,2,1.4,2014-10-16,0136,Terra,MODIS,33,6.2,311.5,30.6,D,0
-16.6547,122.9812,377.5,2.8,1.6,2014-10-16,0136,Terra,MODIS,94,6.2,303.3,607.1,D,0
-17.5621,125.3174,331.6,1.8,1.3,2014-10-16,0136,Terra,MODIS,61,6.2,314,24.1,D,0
-17.1056,123.2579,325.1,2.6,1.6,2014-10-16,0136,Terra,MODIS,40,6.2,303.5,41.7,D,0
-17.1473,123.2495,338.9,2.6,1.6,2014-10-16,0136,Terra,MODIS,83,6.2,305.7,107.6,D,0
-17.3899,128.5385,360.3,1.1,1.1,2014-10-16,0136,Terra,MODIS,100,6.2,313,82.6,D,0
-17.1512,123.2418,330.3,2.6,1.6,2014-10-16,0136,Terra,MODIS,65,6.2,305.6,52.1,D,0
-17.1559,123.2662,328,2.6,1.6,2014-10-16,0136,Terra,MODIS,52,6.2,306,40.1,D,0
-17.2716,130.2676,348.6,1,1,2014-10-16,0136,Terra,MODIS,74,6.2,317.9,35.3,D,0
-18.6671,132.1452,336.7,1.1,1,2014-10-16,0136,Terra,MODIS,74,6.2,317.2,18,D,0
-16.6486,127.4503,333,1.3,1.1,2014-10-16,0136,Terra,MODIS,39,6.2,317,17.4,D,0
-18.6684,132.1552,345.1,1.1,1,2014-10-16,0136,Terra,MODIS,89,6.2,317.8,35.1,D,0
-18.6698,132.1652,331.5,1.1,1,2014-10-16,0136,Terra,MODIS,27,6.2,316.8,11.1,D,0
-17.1685,130.4991,330.7,1,1,2014-10-16,0136,Terra,MODIS,60,6.2,315.6,11.3,D,0
-17.1671,130.4897,351,1,1,2014-10-16,0136,Terra,MODIS,93,6.2,319.3,45.2,D,0
-16.9376,124.4884,345.1,2.1,1.4,2014-10-16,0136,Terra,MODIS,89,6.2,310.8,103.3,D,0
-16.9249,124.4911,333.8,2.1,1.4,2014-10-16,0136,Terra,MODIS,56,6.2,309.4,45.3,D,0
-16.9122,124.4939,338.4,2.1,1.4,2014-10-16,0136,Terra,MODIS,70,6.2,307.6,66.6,D,0
-19.645,128.3407,341,1.1,1,2014-10-16,0136,Terra,MODIS,76,6.2,320.6,25.5,D,0
-16.6003,127.2895,331.2,1.4,1.2,2014-10-16,0136,Terra,MODIS,52,6.2,316.8,15.3,D,0
-16.6257,127.3766,347.9,1.4,1.2,2014-10-16,0136,Terra,MODIS,91,6.2,317.3,59.9,D,0
-16.636,127.3748,337.3,1.4,1.2,2014-10-16,0136,Terra,MODIS,79,6.2,316.1,29.3,D,0
-16.6423,126.7969,332.6,1.5,1.2,2014-10-16,0136,Terra,MODIS,35,6.2,317.6,18.1,D,0
-17.2745,130.2865,335.8,1,1,2014-10-16,0136,Terra,MODIS,33,6.2,318.7,13.5,D,0
-17.382,128.5507,357.4,1.1,1.1,2014-10-16,0136,Terra,MODIS,98,6.2,321,69.7,D,0
-17.2093,130.1579,340.9,1,1,2014-10-16,0136,Terra,MODIS,84,6.2,315.5,24.6,D,0
-17.3803,128.5402,393.9,1.1,1.1,2014-10-16,0136,Terra,MODIS,100,6.2,324.9,242.6,D,0
-17.3445,128.5857,334.9,1.1,1.1,2014-10-16,0136,Terra,MODIS,71,6.2,316.4,15.2,D,0
-16.7924,127.5708,332.6,1.3,1.1,2014-10-16,0136,Terra,MODIS,60,6.2,318.1,16.8,D,0
-17.2107,130.1674,328.5,1,1,2014-10-16,0136,Terra,MODIS,44,6.2,316.4,5.7,D,0
-17.2426,130.3174,338.5,1,1,2014-10-16,0136,Terra,MODIS,67,6.2,320.8,15.3,D,0
-17.3428,128.5749,341.4,1.1,1.1,2014-10-16,0136,Terra,MODIS,84,6.2,319.5,27,D,0
-17.3298,128.5549,353,1.1,1.1,2014-10-16,0136,Terra,MODIS,95,6.2,323.4,53.7,D,0
-17.3281,128.5442,376,1.1,1.1,2014-10-16,0136,Terra,MODIS,100,6.2,322.9,137.5,D,0
-17.2321,130.3094,342,1,1,2014-10-16,0136,Terra,MODIS,85,6.2,320.3,22.1,D,0
-17.5391,125.2225,331.9,1.8,1.3,2014-10-16,0136,Terra,MODIS,71,6.2,312.8,27.7,D,0
-17.535,125.2343,332.2,1.8,1.3,2014-10-16,0136,Terra,MODIS,72,6.2,314.1,29.5,D,0
-17.6724,126.0742,359.1,1.6,1.2,2014-10-16,0136,Terra,MODIS,99,6.2,312.9,131.8,D,0
-17.2205,123.3037,338.5,2.6,1.5,2014-10-16,0136,Terra,MODIS,83,6.2,307.4,92.9,D,0
-17.675,126.0894,417.5,1.6,1.2,2014-10-16,0136,Terra,MODIS,100,6.2,321.9,705.9,D,0
-17.6775,126.1046,328.6,1.6,1.2,2014-10-16,0136,Terra,MODIS,44,6.2,314.4,17.8,D,0
-17.1622,130.214,330.2,1,1,2014-10-16,0136,Terra,MODIS,31,6.2,318.5,8.9,D,0
-17.1655,130.1747,356.2,1,1,2014-10-16,0136,Terra,MODIS,97,6.2,318.5,59.3,D,0
-17.1669,130.1841,348.5,1,1,2014-10-16,0136,Terra,MODIS,91,6.2,318.7,40.9,D,0
-17.3376,128.4586,337.7,1.2,1.1,2014-10-16,0136,Terra,MODIS,79,6.2,315.5,26.2,D,0
-17.3393,128.4695,339,1.2,1.1,2014-10-16,0136,Terra,MODIS,77,6.2,317,27.6,D,0
-17.3411,128.4802,335.8,1.2,1.1,2014-10-16,0136,Terra,MODIS,58,6.2,319.9,21,D,0
-17.3472,128.457,349.1,1.2,1.1,2014-10-16,0136,Terra,MODIS,92,6.2,313.5,51.8,D,0
-17.349,128.4678,367.9,1.2,1.1,2014-10-16,0136,Terra,MODIS,100,6.2,317.2,110.3,D,0
-17.3507,128.4786,356.6,1.2,1.1,2014-10-16,0136,Terra,MODIS,97,6.2,319,70.6,D,0
-17.1759,130.1827,338.4,1,1,2014-10-16,0136,Terra,MODIS,80,6.2,314.3,21,D,0
-17.1774,130.1922,347.3,1,1,2014-10-16,0136,Terra,MODIS,90,6.2,317.8,36.5,D,0
-17.1864,130.1907,357.9,1,1,2014-10-16,0136,Terra,MODIS,98,6.2,319.1,60.9,D,0
-16.8192,127.5417,331.5,1.3,1.1,2014-10-16,0136,Terra,MODIS,63,6.2,315.2,13.9,D,0
-16.8178,127.5479,330.1,1.3,1.1,2014-10-16,0136,Terra,MODIS,45,6.2,316.2,13.5,D,0
-17.6741,126.0826,396.9,1.6,1.2,2014-10-16,0136,Terra,MODIS,100,6.2,319.3,428.8,D,0
-17.6768,126.0976,367.3,1.6,1.2,2014-10-16,0136,Terra,MODIS,100,6.2,316.7,175.4,D,0
-17.1879,130.2002,345.4,1,1,2014-10-16,0136,Terra,MODIS,88,6.2,318.8,32.2,D,0
-17.4028,128.558,332.3,1.1,1.1,2014-10-16,0136,Terra,MODIS,28,6.2,316.8,12.9,D,0
-17.3933,128.5597,344.1,1.1,1.1,2014-10-16,0136,Terra,MODIS,88,6.2,319.7,35.2,D,0
-17.216,123.2797,342.2,2.6,1.6,2014-10-16,0136,Terra,MODIS,87,6.2,306,113.7,D,0
-17.2759,130.2959,332.7,1,1,2014-10-16,0136,Terra,MODIS,60,6.2,318.3,10.2,D,0
-16.924,124.4852,331.3,2.1,1.4,2014-10-16,0136,Terra,MODIS,40,6.2,308.6,34.8,D,0
-16.9367,124.4826,343.9,2.1,1.4,2014-10-16,0136,Terra,MODIS,88,6.2,310.3,96.5,D,0
-17.3916,128.5491,347.7,1.1,1.1,2014-10-16,0136,Terra,MODIS,91,6.2,315.2,43.9,D,0
-17.1009,123.2648,325.7,2.6,1.6,2014-10-16,0136,Terra,MODIS,45,6.2,302.8,46.8,D,0
-17.9724,132.2986,331.6,1.1,1,2014-10-16,0136,Terra,MODIS,67,6.2,318.4,14,D,0
-17.971,132.2887,332,1.1,1,2014-10-16,0136,Terra,MODIS,68,6.2,315.1,14.9,D,0
-18.1234,132.7235,335.5,1.1,1,2014-10-16,0136,Terra,MODIS,62,6.2,316.2,18.1,D,0
-18.1166,132.285,335.9,1.1,1,2014-10-16,0136,Terra,MODIS,77,6.2,315.8,18.2,D,0
-18.0008,132.2479,332.2,1.1,1,2014-10-16,0136,Terra,MODIS,68,6.2,316.3,12.4,D,0
-18.0215,132.1944,331.3,1,1,2014-10-16,0136,Terra,MODIS,66,6.2,317.7,12.7,D,0
-18.0307,132.193,327.2,1,1,2014-10-16,0136,Terra,MODIS,10,6.2,315.8,6.8,D,0
-18.0362,132.2325,334,1.1,1,2014-10-16,0136,Terra,MODIS,73,6.2,317,16.4,D,0
-18.0538,132.2906,329.9,1.1,1,2014-10-16,0136,Terra,MODIS,47,6.2,318.5,8.8,D,0
-18.0667,132.2482,328.2,1.1,1,2014-10-16,0136,Terra,MODIS,42,6.2,315.9,9.5,D,0
-18.1138,132.2651,347.7,1.1,1,2014-10-16,0136,Terra,MODIS,91,6.2,318,43.4,D,0
-18.1406,132.322,337.4,1.1,1,2014-10-16,0136,Terra,MODIS,78,6.2,313.6,21.9,D,0
-18.1392,132.3121,335.5,1.1,1,2014-10-16,0136,Terra,MODIS,72,6.2,313.2,18.7,D,0
-18.1124,132.2552,338.9,1.1,1,2014-10-16,0136,Terra,MODIS,81,6.2,316.1,27,D,0
-18.6858,132.0109,343.9,1,1,2014-10-16,0136,Terra,MODIS,88,6.2,317.4,30.1,D,0
-18.6758,132.073,343.5,1.1,1,2014-10-16,0136,Terra,MODIS,87,6.2,317.7,29.2,D,0
-18.1059,132.2764,340.5,1.1,1,2014-10-16,0136,Terra,MODIS,83,6.2,318.6,26.1,D,0
-18.0681,132.258,338.4,1.1,1,2014-10-16,0136,Terra,MODIS,81,6.2,316.8,24.4,D,0
-18.1032,132.2566,396.4,1.1,1,2014-10-16,0136,Terra,MODIS,100,6.2,323.7,231.6,D,0
-18.1046,132.2665,388,1.1,1,2014-10-16,0136,Terra,MODIS,100,6.2,325.8,183.1,D,0
-18.6744,132.0631,352.3,1,1,2014-10-16,0136,Terra,MODIS,95,6.2,318.1,48.5,D,0
-18.1378,132.3021,360.8,1.1,1,2014-10-16,0136,Terra,MODIS,100,6.2,314.7,76.2,D,0
-18.0288,132.3146,341.6,1.1,1,2014-10-16,0136,Terra,MODIS,75,6.2,317.7,25.8,D,0
-18.0275,132.3046,353,1.1,1,2014-10-16,0136,Terra,MODIS,95,6.2,317.6,51,D,0
-18.021,132.3259,334.9,1.1,1,2014-10-16,0136,Terra,MODIS,55,6.2,319.9,16.5,D,0
-18.0196,132.3159,349.6,1.1,1,2014-10-16,0136,Terra,MODIS,92,6.2,320.1,43.9,D,0
-18.0182,132.306,348.2,1.1,1,2014-10-16,0136,Terra,MODIS,91,6.2,316.9,40.8,D,0
-18.6693,132.0942,337.1,1.1,1,2014-10-16,0136,Terra,MODIS,67,6.2,319,17.5,D,0
-18.111,132.2453,343.1,1.1,1,2014-10-16,0136,Terra,MODIS,86,6.2,312.9,37,D,0
-18.661,132.2379,333.5,1.1,1,2014-10-16,0136,Terra,MODIS,56,6.2,316.4,14.6,D,0
-18.6596,132.2279,333,1.1,1,2014-10-16,0136,Terra,MODIS,45,6.2,317.4,13.3,D,0
-18.6281,132.321,332.3,1.1,1,2014-10-16,0136,Terra,MODIS,71,6.2,317.3,14.2,D,0
-18.6267,132.3109,356.7,1.1,1,2014-10-16,0136,Terra,MODIS,97,6.2,320,63.7,D,0
-18.6253,132.3009,370.6,1.1,1,2014-10-16,0136,Terra,MODIS,100,6.2,321.5,106.7,D,0
-18.1097,132.2354,333.1,1.1,1,2014-10-16,0136,Terra,MODIS,71,6.2,310.5,20.3,D,0
-18.6872,132.0208,363.6,1,1,2014-10-16,0136,Terra,MODIS,100,6.2,319.3,79.5,D,0
-18.6886,132.0307,345.3,1,1,2014-10-16,0136,Terra,MODIS,89,6.2,319.2,32.7,D,0
-18.69,132.0406,341.7,1,1,2014-10-16,0136,Terra,MODIS,78,6.2,318.6,26.2,D,0
-18.6922,131.9898,330.8,1,1,2014-10-16,0136,Terra,MODIS,36,6.2,316,10.5,D,0
-18.1258,132.2836,348,1.1,1,2014-10-16,0136,Terra,MODIS,91,6.2,314.7,42,D,0
-18.0746,132.4402,337.4,1.1,1,2014-10-16,0136,Terra,MODIS,80,6.2,317.7,21.2,D,0
-18.0802,132.4805,343.1,1.1,1,2014-10-16,0136,Terra,MODIS,87,6.2,319.4,29,D,0
-18.0881,132.469,329.8,1.1,1,2014-10-16,0136,Terra,MODIS,47,6.2,317.4,6.2,D,0
-18.0174,132.1649,329.4,1,1,2014-10-16,0136,Terra,MODIS,56,6.2,315.4,10,D,0
-18.1661,132.5752,338.8,1.1,1,2014-10-16,0136,Terra,MODIS,82,6.2,318.7,21.4,D,0
-18.6844,132.0011,341.9,1,1,2014-10-16,0136,Terra,MODIS,84,6.2,317.3,25.7,D,0
-18.683,131.9912,339.5,1,1,2014-10-16,0136,Terra,MODIS,83,6.2,316.8,23,D,0
-18.4753,132.36,329.2,1.1,1,2014-10-16,0136,Terra,MODIS,51,6.2,318.4,8.8,D,0
-18.4684,132.3572,333.4,1.1,1,2014-10-16,0136,Terra,MODIS,67,6.2,319.1,14.1,D,0
-18.18,132.4697,353.4,1.1,1,2014-10-16,0136,Terra,MODIS,95,6.2,317.3,54,D,0
-18.1786,132.4596,379,1.1,1,2014-10-16,0136,Terra,MODIS,100,6.2,317.7,141.8,D,0
-18.1772,132.4496,367,1.1,1,2014-10-16,0136,Terra,MODIS,100,6.2,315.9,96.2,D,0
-18.1758,132.4395,326.6,1.1,1,2014-10-16,0136,Terra,MODIS,26,6.2,314.7,6.8,D,0
-18.1735,132.4913,335,1.1,1,2014-10-16,0136,Terra,MODIS,51,6.2,318.8,15.7,D,0
-18.1721,132.4812,332.5,1.1,1,2014-10-16,0136,Terra,MODIS,42,6.2,319.1,12.2,D,0
-18.1707,132.4711,336.8,1.1,1,2014-10-16,0136,Terra,MODIS,75,6.2,321,19.4,D,0
-18.1693,132.461,343.4,1.1,1,2014-10-16,0136,Terra,MODIS,83,6.2,321.2,31.2,D,0
-18.1679,132.4509,354.7,1.1,1,2014-10-16,0136,Terra,MODIS,96,6.2,320.5,58.5,D,0
-18.1665,132.4409,334.5,1.1,1,2014-10-16,0136,Terra,MODIS,75,6.2,316.2,18.1,D,0
-18.1489,132.382,334.7,1.1,1,2014-10-16,0136,Terra,MODIS,42,6.2,316.8,15,D,0
-18.0175,132.4856,336.7,1.1,1,2014-10-16,0136,Terra,MODIS,43,6.2,319.7,18.4,D,0
-18.6808,132.0419,333.6,1,1,2014-10-16,0136,Terra,MODIS,60,6.2,321.3,13.4,D,0
-18.1452,132.4235,340.8,1.1,1,2014-10-16,0136,Terra,MODIS,83,6.2,318.3,26.1,D,0
-18.6822,132.0518,331.6,1,1,2014-10-16,0136,Terra,MODIS,51,6.2,318.8,10.8,D,0
-18.6816,131.9814,334.4,1,1,2014-10-16,0136,Terra,MODIS,64,6.2,316.3,14.9,D,0
-18.1364,132.2922,335.9,1.1,1,2014-10-16,0136,Terra,MODIS,77,6.2,314,19.6,D,0
-18.135,132.2822,336.4,1.1,1,2014-10-16,0136,Terra,MODIS,78,6.2,314.3,20.6,D,0
-18.0224,132.3358,338.7,1.1,1,2014-10-16,0136,Terra,MODIS,81,6.2,320.1,23.4,D,0
-17.9798,132.4195,332.3,1.1,1,2014-10-16,0136,Terra,MODIS,40,6.2,318.2,13.4,D,0
-17.9738,132.3085,329,1.1,1,2014-10-16,0136,Terra,MODIS,36,6.2,317.9,8.9,D,0
-19.6608,128.1969,339.1,1.1,1.1,2014-10-16,0136,Terra,MODIS,81,6.2,321,23.2,D,0
-19.6625,128.2076,332.6,1.1,1.1,2014-10-16,0136,Terra,MODIS,54,6.2,318.9,11.7,D,0
-19.7419,128.0661,337.8,1.1,1.1,2014-10-16,0136,Terra,MODIS,76,6.2,320.8,19.4,D,0
-19.7497,128.0537,340.5,1.1,1.1,2014-10-16,0136,Terra,MODIS,73,6.2,319.5,23.1,D,0
-19.7514,128.0644,344.7,1.1,1.1,2014-10-16,0136,Terra,MODIS,88,6.2,319.6,32.9,D,0
-19.7575,128.0412,332.5,1.1,1.1,2014-10-16,0136,Terra,MODIS,28,6.2,318.9,9.6,D,0
-19.7592,128.052,333.7,1.1,1.1,2014-10-16,0136,Terra,MODIS,40,6.2,318.4,12,D,0
-19.7623,128.0455,329.7,1.1,1.1,2014-10-16,0136,Terra,MODIS,58,6.2,317.5,9.4,D,0
-18.8007,128.0716,358.8,1.2,1.1,2014-10-16,0136,Terra,MODIS,99,6.2,321.4,73.2,D,0
-18.8103,128.0699,338.1,1.2,1.1,2014-10-16,0136,Terra,MODIS,80,6.2,318.2,22.2,D,0
-18.8025,128.0826,369.2,1.2,1.1,2014-10-16,0136,Terra,MODIS,100,6.2,321.9,111.4,D,0
-18.6046,126.7486,329.5,1.4,1.2,2014-10-16,0136,Terra,MODIS,56,6.2,317,12.7,D,0
-16.8325,130.6541,393.4,1,1,2014-10-16,0136,Terra,MODIS,100,6.2,320.1,196.5,D,0
-16.8339,130.6635,341.3,1,1,2014-10-16,0136,Terra,MODIS,60,6.2,317.7,23.2,D,0
-16.8367,130.6822,347.8,1,1,2014-10-16,0136,Terra,MODIS,89,6.2,319.2,35.4,D,0
-16.8443,130.6714,340.3,1,1,2014-10-16,0136,Terra,MODIS,77,6.2,316.8,23.2,D,0
-17.3465,131.0779,329.5,1,1,2014-10-16,0136,Terra,MODIS,48,6.2,317.7,8.5,D,0
-18.5882,125.0321,330.3,1.8,1.3,2014-10-16,0136,Terra,MODIS,64,6.2,313.5,20.7,D,0
-18.5935,125.0242,331,1.8,1.3,2014-10-16,0136,Terra,MODIS,66,6.2,312.7,23.3,D,0
-18.6258,128.0699,336.4,1.2,1.1,2014-10-16,0136,Terra,MODIS,65,6.2,319.3,18,D,0
-18.6276,128.0809,336,1.2,1.1,2014-10-16,0136,Terra,MODIS,68,6.2,316.8,17.4,D,0
-18.6355,128.0682,339.7,1.2,1.1,2014-10-16,0136,Terra,MODIS,53,6.2,319.4,22.5,D,0
-18.2955,126.6198,331.6,1.4,1.2,2014-10-16,0136,Terra,MODIS,68,6.2,318.4,16.6,D,0
-18.2977,126.6329,337.5,1.4,1.2,2014-10-16,0136,Terra,MODIS,79,6.2,319.2,30.8,D,0
-19.5761,125.2695,331.5,1.7,1.3,2014-10-16,0136,Terra,MODIS,52,6.2,317.4,18.3,D,0
-18.589,128.0876,334.1,1.2,1.1,2014-10-16,0136,Terra,MODIS,73,6.2,318.5,16,D,0
-19.9916,124.2422,342.2,1.9,1.4,2014-10-16,0137,Terra,MODIS,86,6.2,312.9,73.7,D,0
-20.0005,124.2214,328.8,2,1.4,2014-10-16,0137,Terra,MODIS,52,6.2,311.3,21,D,0
-20.0038,124.2398,335.2,1.9,1.4,2014-10-16,0137,Terra,MODIS,77,6.2,310.7,46.4,D,0
-19.9971,124.2028,345.7,2,1.4,2014-10-16,0137,Terra,MODIS,89,6.2,314.2,90.4,D,0
-20.0093,124.2003,394.3,2,1.4,2014-10-16,0137,Terra,MODIS,100,6.2,314,538.7,D,0
-20.0126,124.2188,332.7,2,1.4,2014-10-16,0137,Terra,MODIS,68,6.2,310.9,35.9,D,0
-20.0148,124.1604,342.8,2,1.4,2014-10-16,0137,Terra,MODIS,87,6.2,313.7,77.4,D,0
-20.0237,124.1391,328,2,1.4,2014-10-16,0137,Terra,MODIS,54,6.2,311,19.3,D,0
-20.027,124.1579,354.1,2,1.4,2014-10-16,0137,Terra,MODIS,96,6.2,311.9,143,D,0
-20.012,124.1938,354.1,2,1.4,2014-10-16,0137,Terra,MODIS,96,6.2,310.7,137.8,D,0
-20.0154,124.2123,338.7,2,1.4,2014-10-16,0137,Terra,MODIS,82,6.2,310.6,59.2,D,0
-20.0172,124.154,341.1,2,1.4,2014-10-16,0137,Terra,MODIS,85,6.2,313.6,71.3,D,0
-20.0207,124.1727,329.7,2,1.4,2014-10-16,0137,Terra,MODIS,50,6.2,311.4,26.2,D,0
-20.0295,124.1514,349.2,2,1.4,2014-10-16,0137,Terra,MODIS,92,6.2,310.9,114.2,D,0
-20.1149,123.3355,336.9,2.3,1.5,2014-10-16,0137,Terra,MODIS,80,6.2,310.2,62.5,D,0
-20.3131,124.6888,330.2,1.8,1.3,2014-10-16,0137,Terra,MODIS,66,6.2,313.9,23.5,D,0
-22.6703,122.4073,333.9,2.3,1.5,2014-10-16,0137,Terra,MODIS,78,6.2,308.2,62.9,D,0
-22.613,122.5183,328.2,2.3,1.5,2014-10-16,0137,Terra,MODIS,53,6.2,310.5,26.3,D,0
-22.6087,122.4963,333.5,2.3,1.5,2014-10-16,0137,Terra,MODIS,77,6.2,311.1,49.7,D,0
-20.1189,123.3568,329.7,2.2,1.5,2014-10-16,0137,Terra,MODIS,52,6.2,310.8,33.7,D,0
-22.6044,122.4743,347.3,2.3,1.5,2014-10-16,0137,Terra,MODIS,91,6.2,311.2,128.4,D,0
-20.1319,123.3541,331.9,2.2,1.5,2014-10-16,0137,Terra,MODIS,70,6.2,309.2,44.3,D,0
-20.1286,123.3478,335.6,2.2,1.5,2014-10-16,0137,Terra,MODIS,79,6.2,309.5,62.2,D,0
-22.7008,122.4932,325.6,2.3,1.5,2014-10-16,0137,Terra,MODIS,56,6.2,307.2,27.8,D,0
-22.6835,122.4044,349.1,2.3,1.5,2014-10-16,0137,Terra,MODIS,93,6.2,308.2,155.6,D,0
-21.7895,127.5425,331,1.1,1.1,2014-10-16,0137,Terra,MODIS,67,6.2,319.1,11.4,D,0
-21.8815,127.4569,332.3,1.1,1.1,2014-10-16,0137,Terra,MODIS,52,6.2,318.3,13.1,D,0
-22.5958,122.4298,341.5,2.3,1.5,2014-10-16,0137,Terra,MODIS,86,6.2,310,99.7,D,0
-22.6001,122.4521,333.3,2.3,1.5,2014-10-16,0137,Terra,MODIS,76,6.2,310.6,52.4,D,0
-22.701,122.4238,352.4,2.3,1.5,2014-10-16,0137,Terra,MODIS,95,6.2,307.8,178.8,D,0
-22.7095,122.4682,328.5,2.3,1.5,2014-10-16,0137,Terra,MODIS,46,6.2,306.4,38.1,D,0
-22.7138,122.4903,328.8,2.3,1.5,2014-10-16,0137,Terra,MODIS,64,6.2,306.7,40.1,D,0
-22.6967,122.4015,364.8,2.3,1.5,2014-10-16,0137,Terra,MODIS,100,6.2,307.6,291.7,D,0
-22.7171,123.4143,326.5,2,1.4,2014-10-16,0137,Terra,MODIS,57,6.2,311.4,20.8,D,0
-21.2617,122.7046,326,2.4,1.5,2014-10-16,0137,Terra,MODIS,49,6.2,309.3,27.6,D,0
-21.3359,122.6814,355.1,2.4,1.5,2014-10-16,0137,Terra,MODIS,97,6.2,309.4,202.1,D,0
-21.3049,122.735,329.8,2.3,1.5,2014-10-16,0137,Terra,MODIS,58,6.2,309.2,36.8,D,0
-21.3005,122.7125,334.5,2.4,1.5,2014-10-16,0137,Terra,MODIS,78,6.2,311.1,59.1,D,0
-21.4504,122.5072,332.5,2.4,1.5,2014-10-16,0137,Terra,MODIS,74,6.2,309,51.4,D,0
-21.4931,122.5393,336,2.4,1.5,2014-10-16,0137,Terra,MODIS,80,6.2,309.6,65.4,D,0
-21.4147,122.6109,329.8,2.4,1.5,2014-10-16,0137,Terra,MODIS,69,6.2,310.2,44.2,D,0
-21.6162,123.0383,330.6,2.2,1.4,2014-10-16,0137,Terra,MODIS,40,6.2,311.4,34.7,D,0
-21.6615,123.0004,331.5,2.2,1.4,2014-10-16,0137,Terra,MODIS,31,6.2,311.3,35.1,D,0
-21.6696,123.0427,327.3,2.2,1.4,2014-10-16,0137,Terra,MODIS,42,6.2,309.3,21.2,D,0
-21.6743,122.9976,360.2,2.2,1.4,2014-10-16,0137,Terra,MODIS,100,6.2,312.9,212.7,D,0
-21.6824,123.0399,332,2.2,1.4,2014-10-16,0137,Terra,MODIS,66,6.2,309.5,39,D,0
-21.6872,122.9948,351.8,2.2,1.4,2014-10-16,0137,Terra,MODIS,94,6.2,311.1,144.9,D,0
-21.2925,122.7215,331.1,2.4,1.5,2014-10-16,0137,Terra,MODIS,64,6.2,310.6,43.5,D,0
-21.6233,122.4729,340.6,2.4,1.5,2014-10-16,0137,Terra,MODIS,85,6.2,307.1,104.9,D,0
-21.6385,122.5244,337.5,2.4,1.5,2014-10-16,0137,Terra,MODIS,82,6.2,307.5,82.1,D,0
-21.6341,122.5014,370.7,2.4,1.5,2014-10-16,0137,Terra,MODIS,100,6.2,309.3,368.7,D,0
-21.6297,122.4784,327.9,2.4,1.5,2014-10-16,0137,Terra,MODIS,64,6.2,306.3,37.1,D,0
-21.6251,122.5273,336,2.4,1.5,2014-10-16,0137,Terra,MODIS,80,6.2,307.7,72.7,D,0
-21.6207,122.5044,352.5,2.4,1.5,2014-10-16,0137,Terra,MODIS,95,6.2,308.9,184.9,D,0
-21.6164,122.4815,338.6,2.4,1.5,2014-10-16,0137,Terra,MODIS,83,6.2,307.5,90.9,D,0
-21.6118,122.5303,327.8,2.4,1.5,2014-10-16,0137,Terra,MODIS,63,6.2,307.3,32.8,D,0
-21.6074,122.5075,326,2.4,1.5,2014-10-16,0137,Terra,MODIS,56,6.2,307.5,27.8,D,0
-21.7209,123.0314,392.9,2.2,1.4,2014-10-16,0137,Terra,MODIS,100,6.2,312,620.2,D,0
-21.4073,121.3334,350.3,3,1.6,2014-10-16,0137,Terra,MODIS,94,6.2,308.3,219.3,D,0
-21.6912,123.0159,346.8,2.2,1.4,2014-10-16,0137,Terra,MODIS,91,6.2,311.9,109.9,D,0
-21.4274,121.5873,333.9,2.8,1.6,2014-10-16,0137,Terra,MODIS,77,6.2,310.8,74.4,D,0
-21.4327,121.6142,327,2.8,1.6,2014-10-16,0137,Terra,MODIS,59,6.2,308.2,36.2,D,0
-21.6952,123.0371,381.2,2.2,1.4,2014-10-16,0137,Terra,MODIS,100,6.2,313.7,436.2,D,0
-21.7041,123.0131,347.8,2.2,1.4,2014-10-16,0137,Terra,MODIS,92,6.2,311.1,122.9,D,0
-21.7081,123.0342,377.5,2.2,1.4,2014-10-16,0137,Terra,MODIS,100,6.2,312.7,394.3,D,0
-21.7169,123.0103,367,2.2,1.4,2014-10-16,0137,Terra,MODIS,100,6.2,307.9,284.6,D,0
-21.447,121.611,341.8,2.8,1.6,2014-10-16,0137,Terra,MODIS,87,6.2,307.2,128.2,D,0
-21.4482,121.6035,344.2,2.8,1.6,2014-10-16,0137,Terra,MODIS,89,6.2,307.3,146.7,D,0
-21.516,121.6441,342.3,2.8,1.6,2014-10-16,0137,Terra,MODIS,87,6.2,310.3,127.2,D,0
-21.4103,122.588,340,2.4,1.5,2014-10-16,0137,Terra,MODIS,85,6.2,310.2,97.5,D,0
-21.4014,122.6138,331,2.4,1.5,2014-10-16,0137,Terra,MODIS,72,6.2,309.3,49.3,D,0
-21.4929,122.4666,337.1,2.4,1.5,2014-10-16,0137,Terra,MODIS,81,6.2,309.3,77.8,D,0
-21.3057,122.7186,335,2.4,1.5,2014-10-16,0137,Terra,MODIS,79,6.2,310.3,63.7,D,0
-21.5019,122.7786,337.8,2.3,1.5,2014-10-16,0137,Terra,MODIS,82,6.2,310,76.1,D,0
-21.5707,123.504,327,2,1.4,2014-10-16,0137,Terra,MODIS,36,6.2,310.3,18.8,D,0
-21.5715,123.4978,329,2,1.4,2014-10-16,0137,Terra,MODIS,65,6.2,310.9,26.2,D,0
-21.4573,122.4988,331.9,2.4,1.5,2014-10-16,0137,Terra,MODIS,73,6.2,309.7,47,D,0
-21.4618,122.522,336.9,2.4,1.5,2014-10-16,0137,Terra,MODIS,81,6.2,310.5,72.3,D,0
-21.4123,121.3542,350.3,2.9,1.6,2014-10-16,0137,Terra,MODIS,93,6.2,309.5,212.9,D,0
-21.4528,121.4105,338,2.9,1.6,2014-10-16,0137,Terra,MODIS,71,6.2,308.7,91.6,D,0
-21.328,122.6902,334.3,2.4,1.5,2014-10-16,0137,Terra,MODIS,78,6.2,309.1,59.9,D,0
-21.442,121.3548,350.9,2.9,1.6,2014-10-16,0137,Terra,MODIS,94,6.2,306.9,228.4,D,0
-21.4274,121.3581,388.3,2.9,1.6,2014-10-16,0137,Terra,MODIS,100,6.2,312.5,828.4,D,0
-21.4183,121.3892,338.3,2.9,1.6,2014-10-16,0137,Terra,MODIS,83,6.2,309,98.2,D,0
-21.515,122.7757,331.8,2.3,1.5,2014-10-16,0137,Terra,MODIS,73,6.2,308.8,47.4,D,0
-21.4974,122.7728,335,2.3,1.5,2014-10-16,0137,Terra,MODIS,78,6.2,310.7,59.9,D,0
-21.3403,122.704,333.6,2.4,1.5,2014-10-16,0137,Terra,MODIS,76,6.2,308.4,60.1,D,0
-21.407,122.6187,343,2.4,1.5,2014-10-16,0137,Terra,MODIS,88,6.2,310.1,114.4,D,0
-21.4417,121.5841,359.1,2.8,1.6,2014-10-16,0137,Terra,MODIS,99,6.2,309.3,296.8,D,0
-21.4414,121.3477,364.5,2.9,1.6,2014-10-16,0137,Terra,MODIS,100,6.2,307.4,399.1,D,0
-21.4427,121.5766,346,2.8,1.6,2014-10-16,0137,Terra,MODIS,90,6.2,308.8,159.9,D,0
-21.4358,121.3198,356.5,3,1.6,2014-10-16,0137,Terra,MODIS,98,6.2,303.1,300.7,D,0
-21.4212,121.323,387.2,3,1.6,2014-10-16,0137,Terra,MODIS,100,6.2,308.2,818.9,D,0
-21.4128,121.3613,342,2.9,1.6,2014-10-16,0137,Terra,MODIS,87,6.2,308.8,136,D,0
-20.8306,122.4605,349,2.5,1.5,2014-10-16,0137,Terra,MODIS,93,6.2,309.6,153.7,D,0
-21.4527,121.4033,334.4,2.9,1.6,2014-10-16,0137,Terra,MODIS,54,6.2,308.3,74.5,D,0
-21.4269,121.351,404.1,2.9,1.6,2014-10-16,0137,Terra,MODIS,100,6.2,314,1258,D,0
-21.418,121.382,338.1,2.9,1.6,2014-10-16,0137,Terra,MODIS,83,6.2,308.5,96.6,D,0
-21.6703,122.9764,339.8,2.2,1.4,2014-10-16,0137,Terra,MODIS,84,6.2,309.9,75.1,D,0
-21.4058,122.6365,325.2,2.4,1.5,2014-10-16,0137,Terra,MODIS,27,6.2,307.8,24,D,0
-21.4066,121.3263,341.5,3,1.6,2014-10-16,0137,Terra,MODIS,86,6.2,307.3,138.1,D,0
-21.4365,121.3268,371.2,3,1.6,2014-10-16,0137,Terra,MODIS,100,6.2,305.2,504.6,D,0
-21.4219,121.3301,411.5,3,1.6,2014-10-16,0137,Terra,MODIS,100,6.2,311.6,1507.5,D,0
-21.4638,122.5042,328,2.4,1.5,2014-10-16,0137,Terra,MODIS,56,6.2,310.3,29.8,D,0
-21.4549,122.5304,329.5,2.4,1.5,2014-10-16,0137,Terra,MODIS,54,6.2,310.3,37.7,D,0
-21.6144,123.1689,334.8,2.2,1.4,2014-10-16,0137,Terra,MODIS,78,6.2,310,54.7,D,0
-21.6457,122.5158,342.4,2.4,1.5,2014-10-16,0137,Terra,MODIS,87,6.2,306.8,114,D,0
-21.6412,122.4928,343.6,2.4,1.5,2014-10-16,0137,Terra,MODIS,88,6.2,305.7,123.6,D,0
-21.6324,122.5187,347.8,2.4,1.5,2014-10-16,0137,Terra,MODIS,92,6.2,308.8,148.4,D,0
-21.6278,122.4958,354.4,2.4,1.5,2014-10-16,0137,Terra,MODIS,96,6.2,308.7,203,D,0
-21.6641,123.1521,349.1,2.2,1.4,2014-10-16,0137,Terra,MODIS,92,6.2,311,129.8,D,0
-21.6601,123.1314,349,2.2,1.4,2014-10-16,0137,Terra,MODIS,92,6.2,311.1,129.6,D,0
-21.6653,123.1579,340.7,2.2,1.4,2014-10-16,0137,Terra,MODIS,85,6.2,310.3,81.9,D,0
-21.6614,123.1371,359,2.2,1.4,2014-10-16,0137,Terra,MODIS,99,6.2,311.6,201.8,D,0
-21.5287,122.5072,332.4,2.4,1.5,2014-10-16,0137,Terra,MODIS,74,6.2,307.6,52.1,D,0
-21.5105,122.7699,333.3,2.3,1.5,2014-10-16,0137,Terra,MODIS,76,6.2,309.4,54.3,D,0
-23.6357,123.6452,328.9,1.8,1.3,2014-10-16,0138,Terra,MODIS,65,6.2,310.4,22.7,D,0
-23.2334,122.5152,332.4,2.2,1.4,2014-10-16,0138,Terra,MODIS,73,6.2,309,47.5,D,0
-23.8965,124.7561,328.8,1.5,1.2,2014-10-16,0138,Terra,MODIS,55,6.2,313.7,13.3,D,0
-23.5483,122.2886,337.3,2.3,1.5,2014-10-16,0138,Terra,MODIS,72,6.2,309,69.4,D,0
-23.5916,123.6422,331.8,1.8,1.3,2014-10-16,0138,Terra,MODIS,72,6.2,311.8,29.5,D,0
-23.61,122.1464,324.1,2.3,1.5,2014-10-16,0138,Terra,MODIS,38,6.2,306.3,19.7,D,0
-23.5798,123.6446,344.7,1.8,1.3,2014-10-16,0138,Terra,MODIS,89,6.2,312.4,78,D,0
-23.5175,122.4093,327.9,2.2,1.4,2014-10-16,0138,Terra,MODIS,41,6.2,309.7,23.6,D,0
-23.5216,122.4307,334.4,2.2,1.4,2014-10-16,0138,Terra,MODIS,78,6.2,309,53.3,D,0
-23.5223,122.2945,360.5,2.3,1.5,2014-10-16,0138,Terra,MODIS,100,6.2,311,228.2,D,0
-23.5265,122.3165,332.3,2.3,1.5,2014-10-16,0138,Terra,MODIS,49,6.2,310.3,40.7,D,0
-23.6205,123.6301,346.8,1.8,1.3,2014-10-16,0138,Terra,MODIS,91,6.2,312.3,87.5,D,0
-23.2057,121.9778,333.3,2.4,1.5,2014-10-16,0138,Terra,MODIS,77,6.2,308.6,62.2,D,0
-23.2077,121.9598,341,2.4,1.5,2014-10-16,0138,Terra,MODIS,86,6.2,308.1,106,D,0
-23.3583,124.3282,328.4,1.6,1.3,2014-10-16,0138,Terra,MODIS,61,6.2,311.6,18.2,D,0
-23.6121,123.6502,334.5,1.8,1.3,2014-10-16,0138,Terra,MODIS,77,6.2,311.3,37.6,D,0
-23.6087,123.6326,337.8,1.8,1.3,2014-10-16,0138,Terra,MODIS,82,6.2,312.1,49.3,D,0
-23.6271,123.6347,344,1.8,1.3,2014-10-16,0138,Terra,MODIS,88,6.2,311.8,74.4,D,0
-23.5474,122.4249,342.6,2.2,1.4,2014-10-16,0138,Terra,MODIS,87,6.2,310,95.7,D,0
-23.2061,122.5052,329.6,2.2,1.4,2014-10-16,0138,Terra,MODIS,28,6.2,310.9,32.5,D,0
-23.6239,123.6477,341.4,1.8,1.3,2014-10-16,0138,Terra,MODIS,86,6.2,311,64.4,D,0
-23.6323,123.6275,336.8,1.8,1.3,2014-10-16,0138,Terra,MODIS,80,6.2,311.1,48.3,D,0
-23.565,122.3761,341.6,2.2,1.4,2014-10-16,0138,Terra,MODIS,86,6.2,309.1,91,D,0
-23.4305,122.3686,328.2,2.3,1.5,2014-10-16,0138,Terra,MODIS,43,6.2,310,29.8,D,0
-23.3554,124.3122,349.9,1.7,1.3,2014-10-16,0138,Terra,MODIS,93,6.2,314.3,91.3,D,0
-24.469,123.8211,332.3,1.7,1.3,2014-10-16,0138,Terra,MODIS,73,6.2,312.7,26,D,0
-23.4946,122.4213,331.5,2.2,1.4,2014-10-16,0138,Terra,MODIS,72,6.2,310.2,40.2,D,0
-23.2319,122.4993,338.4,2.2,1.4,2014-10-16,0138,Terra,MODIS,83,6.2,308.8,74.3,D,0
-23.4167,123.5633,334.5,1.9,1.3,2014-10-16,0138,Terra,MODIS,77,6.2,312.7,40.9,D,0
-23.4319,123.5787,337,1.9,1.3,2014-10-16,0138,Terra,MODIS,81,6.2,311.9,50.6,D,0
-23.4247,123.5742,331.8,1.9,1.3,2014-10-16,0138,Terra,MODIS,62,6.2,312.4,32.1,D,0
-23.894,124.7414,334.6,1.5,1.2,2014-10-16,0138,Terra,MODIS,76,6.2,314.2,28.5,D,0
-23.1807,122.4432,337.3,2.3,1.5,2014-10-16,0138,Terra,MODIS,82,6.2,310.1,72.1,D,0
-23.5664,122.3244,332.3,2.3,1.5,2014-10-16,0138,Terra,MODIS,70,6.2,307.6,48.6,D,0
-23.5621,122.3025,331.9,2.3,1.5,2014-10-16,0138,Terra,MODIS,72,6.2,307.6,47.8,D,0
-23.5577,122.2805,352.5,2.3,1.5,2014-10-16,0138,Terra,MODIS,95,6.2,308,169.6,D,0
-23.5663,122.3925,333.3,2.2,1.4,2014-10-16,0138,Terra,MODIS,77,6.2,307.9,53,D,0
-23.5399,122.0509,338.7,2.4,1.5,2014-10-16,0138,Terra,MODIS,84,6.2,309.4,86.9,D,0
-23.6455,121.4052,333.8,2.6,1.6,2014-10-16,0138,Terra,MODIS,78,6.2,309.4,68.2,D,0
-23.6416,121.4132,333.5,2.6,1.6,2014-10-16,0138,Terra,MODIS,78,6.2,308.3,66.4,D,0
-23.5046,122.4122,334.8,2.2,1.4,2014-10-16,0138,Terra,MODIS,79,6.2,310.6,53.2,D,0
-23.2292,122.4938,331.7,2.2,1.4,2014-10-16,0138,Terra,MODIS,64,6.2,308.8,43.9,D,0
-23.5002,122.0599,326,2.4,1.5,2014-10-16,0138,Terra,MODIS,54,6.2,308.3,26.4,D,0
-23.5443,122.0736,325.4,2.3,1.5,2014-10-16,0138,Terra,MODIS,56,6.2,308.2,24.4,D,0
-23.5621,122.3708,333.8,2.2,1.4,2014-10-16,0138,Terra,MODIS,77,6.2,309,54.3,D,0
-23.5447,122.2835,330.8,2.3,1.5,2014-10-16,0138,Terra,MODIS,44,6.2,308.7,42,D,0
-23.5317,122.2864,332.3,2.3,1.5,2014-10-16,0138,Terra,MODIS,55,6.2,309,46.7,D,0
-23.5655,122.3075,333.2,2.3,1.5,2014-10-16,0138,Terra,MODIS,56,6.2,307.4,48.8,D,0
-23.5087,122.4335,343.1,2.2,1.4,2014-10-16,0138,Terra,MODIS,88,6.2,309.7,97.6,D,0
-23.5613,122.2856,344.9,2.3,1.5,2014-10-16,0138,Terra,MODIS,89,6.2,307.1,112.7,D,0
-23.1943,121.9629,336.5,2.4,1.5,2014-10-16,0138,Terra,MODIS,81,6.2,309.2,78,D,0
-23.2011,121.9545,343.6,2.4,1.5,2014-10-16,0138,Terra,MODIS,88,6.2,308.9,123.3,D,0
-23.5691,122.3978,327.6,2.2,1.4,2014-10-16,0138,Terra,MODIS,51,6.2,307.3,28.7,D,0
-23.6034,123.6397,344.9,1.8,1.3,2014-10-16,0138,Terra,MODIS,89,6.2,312.4,78.4,D,0
-23.6152,123.6372,362.8,1.8,1.3,2014-10-16,0138,Terra,MODIS,100,6.2,313.4,178.6,D,0
-23.6275,123.5362,332.1,1.8,1.3,2014-10-16,0138,Terra,MODIS,71,6.2,309,33.3,D,0
-23.9022,124.7243,338.3,1.5,1.2,2014-10-16,0138,Terra,MODIS,82,6.2,313.2,36,D,0
-23.897,124.6948,332.3,1.5,1.2,2014-10-16,0138,Terra,MODIS,72,6.2,313.5,22.2,D,0
-24.5668,123.1822,344.3,1.9,1.3,2014-10-16,0138,Terra,MODIS,89,6.2,310.6,83.4,D,0
-25.8474,126.6878,328.6,1.1,1.1,2014-10-16,0138,Terra,MODIS,56,6.2,314.5,9,D,0
-23.6931,123.5891,333,1.8,1.3,2014-10-16,0138,Terra,MODIS,74,6.2,309.4,39.2,D,0
-23.6897,123.5714,338.1,1.8,1.3,2014-10-16,0138,Terra,MODIS,82,6.2,309.8,57.4,D,0
-23.6966,123.5768,345,1.8,1.3,2014-10-16,0138,Terra,MODIS,89,6.2,309.8,85.7,D,0
-23.6848,123.5793,335,1.8,1.3,2014-10-16,0138,Terra,MODIS,78,6.2,310.3,44.9,D,0
-23.673,123.5819,332.4,1.8,1.3,2014-10-16,0138,Terra,MODIS,73,6.2,310,35.2,D,0
-23.6612,123.5845,329.3,1.8,1.3,2014-10-16,0138,Terra,MODIS,61,6.2,309.8,25.7,D,0
-24.5594,123.1719,344.7,1.9,1.3,2014-10-16,0138,Terra,MODIS,89,6.2,310.8,85.9,D,0
-24.5753,123.1612,331.5,1.9,1.3,2014-10-16,0138,Terra,MODIS,73,6.2,309.6,33.1,D,0
-24.5787,123.1795,345.3,1.9,1.3,2014-10-16,0138,Terra,MODIS,90,6.2,311.9,89,D,0
-24.5907,123.1768,339.3,1.9,1.3,2014-10-16,0138,Terra,MODIS,84,6.2,308.8,63.7,D,0
-23.6493,123.5871,338,1.8,1.3,2014-10-16,0138,Terra,MODIS,82,6.2,311.1,53.6,D,0
-24.5941,123.1951,334.9,1.9,1.3,2014-10-16,0138,Terra,MODIS,78,6.2,309.4,46.2,D,0
-23.8978,124.6878,331.6,1.5,1.2,2014-10-16,0138,Terra,MODIS,38,6.2,313.5,18.2,D,0
-23.6241,123.5184,326.6,1.9,1.3,2014-10-16,0138,Terra,MODIS,19,6.2,309.9,17.5,D,0
-23.6156,123.5388,329.4,1.8,1.3,2014-10-16,0138,Terra,MODIS,56,6.2,309.3,23.7,D,0
-23.6122,123.5209,330.1,1.9,1.3,2014-10-16,0138,Terra,MODIS,48,6.2,311.7,27.4,D,0
-23.6076,123.5278,332.7,1.9,1.3,2014-10-16,0138,Terra,MODIS,69,6.2,311.1,34.5,D,0
-23.7016,123.5689,325.2,1.8,1.3,2014-10-16,0138,Terra,MODIS,41,6.2,308.6,17.9,D,0
-24.472,123.8377,330.1,1.7,1.3,2014-10-16,0138,Terra,MODIS,69,6.2,311.8,20.1,D,0
-24.5633,123.164,342.3,1.9,1.3,2014-10-16,0138,Terra,MODIS,87,6.2,310.2,75.1,D,0
-41.3834,146.8004,311.9,1,1,2014-10-16,0416,Aqua,MODIS,72,6.2,287.4,12.3,D,0
-41.5092,146.6881,311.2,1,1,2014-10-16,0416,Aqua,MODIS,71,6.2,289.4,10.5,D,0
-34.4637,150.8793,314.5,1.6,1.3,2014-10-16,0417,Aqua,MODIS,0,6.2,298.7,14.8,D,2
-35.6937,144.5724,334.8,1,1,2014-10-16,0417,Aqua,MODIS,67,6.2,288.2,30.1,D,0
-31.5393,147.0074,321.4,1.1,1.1,2014-10-16,0418,Aqua,MODIS,58,6.2,309.3,10,D,0
-33.9536,142.4672,327,1.1,1.1,2014-10-16,0418,Aqua,MODIS,72,6.2,309.3,14.8,D,0
-33.9521,142.4793,322.4,1.1,1.1,2014-10-16,0418,Aqua,MODIS,61,6.2,309.1,8.8,D,0
-31.8466,147.8124,327.9,1.2,1.1,2014-10-16,0418,Aqua,MODIS,77,6.2,307.9,19.8,D,0
-31.8444,147.8254,325.6,1.2,1.1,2014-10-16,0418,Aqua,MODIS,74,6.2,307.8,16.1,D,0
-29.8636,149.8107,320.3,1.8,1.3,2014-10-16,0418,Aqua,MODIS,48,6.2,307.1,16.8,D,0
-26.914,148.3458,334.5,1.6,1.3,2014-10-16,0419,Aqua,MODIS,81,6.2,317.5,34.9,D,0
-23.4373,150.36,323,2.6,1.6,2014-10-16,0420,Aqua,MODIS,60,6.2,306.3,37.6,D,0
-23.4344,150.3544,320.9,2.6,1.6,2014-10-16,0420,Aqua,MODIS,43,6.2,306.3,30.2,D,0
-25.0275,148.5305,322.1,1.8,1.3,2014-10-16,0420,Aqua,MODIS,59,6.2,303.8,17.5,D,0
-24.7196,148.5541,342.7,1.9,1.3,2014-10-16,0420,Aqua,MODIS,90,6.2,311.7,87,D,0
-23.8566,149.3932,326.6,2.2,1.4,2014-10-16,0420,Aqua,MODIS,64,6.2,305.8,46.2,D,0
-25.9295,144.9233,340.1,1.1,1,2014-10-16,0420,Aqua,MODIS,84,6.2,321.3,23.9,D,0
-25.8885,144.9097,351,1.1,1,2014-10-16,0420,Aqua,MODIS,94,6.2,320.5,48.6,D,0
-25.8791,144.9079,341,1.1,1,2014-10-16,0420,Aqua,MODIS,85,6.2,317.8,27.1,D,0
-24.7162,148.5722,339.2,1.9,1.3,2014-10-16,0420,Aqua,MODIS,87,6.2,308.1,74.4,D,0
-25.1603,149.6982,322.5,2.2,1.4,2014-10-16,0420,Aqua,MODIS,24,6.2,307,29.2,D,0
-23.1487,147.4946,323,1.7,1.3,2014-10-16,0420,Aqua,MODIS,49,6.2,311.1,14.1,D,0
-23.8522,149.416,345.9,2.2,1.4,2014-10-16,0420,Aqua,MODIS,92,6.2,307.3,139.7,D,0
-25.0073,148.5073,322.4,1.8,1.3,2014-10-16,0420,Aqua,MODIS,45,6.2,305.1,17.9,D,0
-25.0309,148.5123,346.4,1.8,1.3,2014-10-16,0420,Aqua,MODIS,92,6.2,307.2,102.1,D,0
-24.9823,151.6989,319.7,3,1.7,2014-10-16,0420,Aqua,MODIS,44,6.2,308.1,39.7,D,0
-24.7103,149.0906,325.8,2,1.4,2014-10-16,0420,Aqua,MODIS,57,6.2,307.6,33.4,D,0
-22.9024,148.9989,330.8,2.2,1.4,2014-10-16,0420,Aqua,MODIS,72,6.2,310.6,43.5,D,0
-22.9064,148.9782,334.3,2.2,1.4,2014-10-16,0420,Aqua,MODIS,80,6.2,312.8,58.8,D,0
-22.8897,148.9959,323.9,2.2,1.4,2014-10-16,0420,Aqua,MODIS,31,6.2,308.8,21.9,D,0
-22.8937,148.9753,329.6,2.2,1.4,2014-10-16,0420,Aqua,MODIS,74,6.2,309,42.9,D,0
-22.9071,148.9713,328.2,2.2,1.4,2014-10-16,0420,Aqua,MODIS,61,6.2,312.7,33.7,D,0
-22.9032,148.9922,334.5,2.2,1.4,2014-10-16,0420,Aqua,MODIS,81,6.2,311.3,60,D,0
-22.8944,148.9684,329.7,2.2,1.4,2014-10-16,0420,Aqua,MODIS,55,6.2,309.4,38.6,D,0
-22.8729,148.9416,326.7,2.2,1.4,2014-10-16,0420,Aqua,MODIS,68,6.2,309.4,30.9,D,0
-24.1606,150.6627,318.1,2.7,1.6,2014-10-16,0420,Aqua,MODIS,15,6.2,305.1,27.6,D,0
-24.1467,150.6589,325.1,2.7,1.6,2014-10-16,0420,Aqua,MODIS,71,6.2,302,57.7,D,0
-24.1522,150.6321,319.7,2.7,1.6,2014-10-16,0420,Aqua,MODIS,49,6.2,302.4,34.6,D,0
-24.1582,150.657,327.7,2.7,1.6,2014-10-16,0420,Aqua,MODIS,75,6.2,304.8,67.1,D,0
-25.8979,144.9116,331.6,1.1,1,2014-10-16,0420,Aqua,MODIS,47,6.2,319.6,11.4,D,0
-25.8902,144.8989,340.6,1.1,1,2014-10-16,0420,Aqua,MODIS,85,6.2,319.9,25,D,0
-25.8809,144.897,351.1,1.1,1,2014-10-16,0420,Aqua,MODIS,94,6.2,318.8,48.8,D,0
-23.8393,149.4132,324.2,2.2,1.4,2014-10-16,0420,Aqua,MODIS,68,6.2,303.4,39.1,D,0
-24.7046,149.103,320.4,2,1.4,2014-10-16,0420,Aqua,MODIS,48,6.2,307.8,16.7,D,0
-25.1633,149.6843,320.5,2.2,1.4,2014-10-16,0420,Aqua,MODIS,49,6.2,306.7,22.8,D,0
-25.1591,149.7057,320.4,2.2,1.4,2014-10-16,0420,Aqua,MODIS,47,6.2,306.5,25.2,D,0
-25.0662,148.5202,320.8,1.8,1.3,2014-10-16,0420,Aqua,MODIS,62,6.2,305.4,16.4,D,0
-24.3795,151.104,317.7,2.8,1.6,2014-10-16,0420,Aqua,MODIS,36,6.2,301.1,39.2,D,0
-25.1718,149.7087,323.9,2.2,1.4,2014-10-16,0420,Aqua,MODIS,59,6.2,307.4,35,D,0
-23.8428,149.4088,327.6,2.2,1.4,2014-10-16,0420,Aqua,MODIS,73,6.2,304.5,50.4,D,0
-24.1633,146.5922,328.7,1.4,1.2,2014-10-16,0420,Aqua,MODIS,67,6.2,309.2,24.8,D,0
-24.1657,146.5784,363.5,1.4,1.2,2014-10-16,0420,Aqua,MODIS,100,6.2,317,138.9,D,0
-24.1681,146.5645,332,1.4,1.2,2014-10-16,0420,Aqua,MODIS,66,6.2,309.3,30.6,D,0
-24.1552,146.5761,373.3,1.4,1.2,2014-10-16,0420,Aqua,MODIS,100,6.2,311.1,190.4,D,0
-24.1576,146.5624,341.9,1.4,1.2,2014-10-16,0420,Aqua,MODIS,86,6.2,308.5,56.1,D,0
-24.1599,146.5861,343.6,1.4,1.2,2014-10-16,0420,Aqua,MODIS,88,6.2,309.9,60.2,D,0
-24.1622,146.5722,370,1.4,1.2,2014-10-16,0420,Aqua,MODIS,100,6.2,318.9,171.6,D,0
-24.1517,146.57,339,1.4,1.2,2014-10-16,0420,Aqua,MODIS,83,6.2,307.7,49.4,D,0
-24.0371,150.9674,322.3,2.8,1.6,2014-10-16,0420,Aqua,MODIS,64,6.2,306,42.7,D,0
-24.7125,148.5659,347.4,1.9,1.3,2014-10-16,0420,Aqua,MODIS,93,6.2,309.1,111.6,D,0
-23.789,150.9807,322.1,2.9,1.6,2014-10-16,0420,Aqua,MODIS,62,6.2,301.7,49.6,D,0
-23.7874,150.9731,321,2.9,1.6,2014-10-16,0420,Aqua,MODIS,58,6.2,302.4,45.5,D,0
-23.0837,147.3964,323.7,1.7,1.3,2014-10-16,0420,Aqua,MODIS,43,6.2,310.6,14.9,D,0
-23.073,147.4052,323,1.7,1.3,2014-10-16,0420,Aqua,MODIS,40,6.2,307.8,17,D,0
-24.7159,148.5479,328.1,1.9,1.3,2014-10-16,0420,Aqua,MODIS,76,6.2,311.3,34.2,D,0
-23.6467,150.313,319.1,2.6,1.5,2014-10-16,0420,Aqua,MODIS,45,6.2,303.5,35.5,D,0
-23.6429,150.3074,319.3,2.6,1.5,2014-10-16,0420,Aqua,MODIS,40,6.2,303.6,36.1,D,0
-24.7084,149.0825,321.4,2,1.4,2014-10-16,0420,Aqua,MODIS,44,6.2,306.8,22.6,D,0
-21.1897,148.1942,344.8,2.1,1.4,2014-10-16,0421,Aqua,MODIS,90,6.2,315.8,107,D,0
-21.1909,148.2019,333,2.1,1.4,2014-10-16,0421,Aqua,MODIS,77,6.2,315.6,51.9,D,0
-21.101,148.1085,333.8,2,1.4,2014-10-16,0421,Aqua,MODIS,78,6.2,316.7,42.3,D,0
-21.101,148.1137,337.2,2,1.4,2014-10-16,0421,Aqua,MODIS,83,6.2,315.5,55.9,D,0
-21.0726,148.1225,332.2,2.1,1.4,2014-10-16,0421,Aqua,MODIS,61,6.2,316.4,37.4,D,0
-21.1784,148.1992,342.3,2.1,1.4,2014-10-16,0421,Aqua,MODIS,87,6.2,312.6,90.4,D,0
-21.1772,148.1915,346.2,2.1,1.4,2014-10-16,0421,Aqua,MODIS,91,6.2,312.8,116.6,D,0
-21.1822,148.1787,342.6,2.1,1.4,2014-10-16,0421,Aqua,MODIS,86,6.2,313.2,94,D,0
-21.1946,148.1818,326.1,2.1,1.4,2014-10-16,0421,Aqua,MODIS,38,6.2,311.7,30.1,D,0
-21.1809,148.1711,326.2,2.1,1.4,2014-10-16,0421,Aqua,MODIS,48,6.2,311.4,30.5,D,0
-20.6756,143.1572,333.4,1.1,1,2014-10-16,0421,Aqua,MODIS,62,6.2,322,8.6,D,0
-20.7449,143.1864,340.7,1.1,1,2014-10-16,0421,Aqua,MODIS,81,6.2,320.8,23,D,0
-20.7433,143.1965,349.3,1.1,1,2014-10-16,0421,Aqua,MODIS,91,6.2,322.8,40.5,D,0
-20.6771,143.1471,344.5,1.1,1,2014-10-16,0421,Aqua,MODIS,86,6.2,322.6,28.4,D,0
-21.1035,147.8136,331.4,1.9,1.4,2014-10-16,0421,Aqua,MODIS,54,6.2,311.4,35.1,D,0
-21.14,147.8215,352,1.9,1.4,2014-10-16,0421,Aqua,MODIS,95,6.2,314.4,128.7,D,0
-21.1521,147.8242,333.1,1.9,1.4,2014-10-16,0421,Aqua,MODIS,73,6.2,314.3,41.9,D,0
-20.5973,148.5514,328.7,2.3,1.5,2014-10-16,0421,Aqua,MODIS,67,6.2,308.3,52.3,D,0
-21.9426,146.2736,330.4,1.5,1.2,2014-10-16,0421,Aqua,MODIS,66,6.2,311.2,24,D,0
-21.9533,146.2757,341.7,1.5,1.2,2014-10-16,0421,Aqua,MODIS,85,6.2,314.3,52.3,D,0
-19.6481,143.5026,331.1,1.1,1.1,2014-10-16,0421,Aqua,MODIS,61,6.2,310.3,18.1,D,0
-19.6861,143.4718,338.4,1.1,1.1,2014-10-16,0421,Aqua,MODIS,31,6.2,317.2,25.1,D,0
-19.6922,143.4945,341.8,1.1,1.1,2014-10-16,0421,Aqua,MODIS,66,6.2,316.9,34.2,D,0
-19.6624,143.4727,347.1,1.1,1.1,2014-10-16,0421,Aqua,MODIS,90,6.2,315.4,44.3,D,0
-19.6669,143.506,338.5,1.1,1.1,2014-10-16,0421,Aqua,MODIS,79,6.2,312,29.1,D,0
-21.1089,147.8535,343.4,2,1.4,2014-10-16,0421,Aqua,MODIS,84,6.2,310.7,84.7,D,0
-19.6718,143.4744,336.9,1.1,1.1,2014-10-16,0421,Aqua,MODIS,70,6.2,315,22.7,D,0
-21.0844,147.8488,359.7,2,1.4,2014-10-16,0421,Aqua,MODIS,99,6.2,315.9,181.7,D,0
-21.0778,147.8597,342.5,2,1.4,2014-10-16,0421,Aqua,MODIS,88,6.2,312.7,82.4,D,0
-19.6829,143.4656,331.8,1.1,1.1,2014-10-16,0421,Aqua,MODIS,48,6.2,315.9,15.3,D,0
-19.6575,143.5043,343.7,1.1,1.1,2014-10-16,0421,Aqua,MODIS,86,6.2,312.4,41.3,D,0
-16.5842,142.58,366.8,1.1,1,2014-10-16,0422,Aqua,MODIS,100,6.2,317.3,95.7,D,0
-16.5748,142.5784,360.6,1.1,1,2014-10-16,0422,Aqua,MODIS,100,6.2,319.3,73.6,D,0
-17.7747,144.5251,337.7,1.3,1.1,2014-10-16,0422,Aqua,MODIS,61,6.2,311.4,29.5,D,0
-17.791,144.4898,339.1,1.3,1.1,2014-10-16,0422,Aqua,MODIS,83,6.2,313.8,34.2,D,0
-16.5654,142.5768,367.8,1.1,1,2014-10-16,0422,Aqua,MODIS,100,6.2,322.2,99.1,D,0
-18.7695,145.8679,326.7,1.6,1.2,2014-10-16,0422,Aqua,MODIS,27,6.2,307.9,30.4,D,0
-16.5669,142.504,341.7,1.1,1,2014-10-16,0422,Aqua,MODIS,53,6.2,321.3,22.5,D,0
-17.7767,144.5126,338.3,1.3,1.1,2014-10-16,0422,Aqua,MODIS,65,6.2,313.1,30.8,D,0
-16.5639,142.5871,386.1,1.1,1,2014-10-16,0422,Aqua,MODIS,100,6.2,316.3,182,D,0
-16.5654,142.5141,339.6,1.1,1,2014-10-16,0422,Aqua,MODIS,42,6.2,320.1,18.4,D,0
-16.7909,142.3675,333.6,1.1,1,2014-10-16,0422,Aqua,MODIS,41,6.2,308.5,19.1,D,0
-16.9651,138.8906,332.2,1.1,1,2014-10-16,0422,Aqua,MODIS,34,6.2,320.6,9.9,D,0
-16.7011,142.5804,334.6,1.1,1,2014-10-16,0422,Aqua,MODIS,54,6.2,313.5,17.5,D,0
-16.9501,142.4064,337.4,1.1,1,2014-10-16,0422,Aqua,MODIS,77,6.2,309.7,28.3,D,0
-16.8109,142.5948,348.2,1.1,1,2014-10-16,0422,Aqua,MODIS,90,6.2,309.4,47.6,D,0
-16.8185,142.3581,353.4,1.1,1,2014-10-16,0422,Aqua,MODIS,95,6.2,312,59.6,D,0
-16.8293,142.3496,330.9,1.1,1,2014-10-16,0422,Aqua,MODIS,37,6.2,310.9,15.3,D,0
-16.7198,142.5835,332.6,1.1,1,2014-10-16,0422,Aqua,MODIS,51,6.2,310,18,D,0
-16.7214,142.5733,335.6,1.1,1,2014-10-16,0422,Aqua,MODIS,72,6.2,313.3,22.2,D,0
-16.8169,142.3681,352.1,1.1,1,2014-10-16,0422,Aqua,MODIS,94,6.2,309.2,57.1,D,0
-16.8233,142.576,357.9,1.1,1,2014-10-16,0422,Aqua,MODIS,98,6.2,317,70.7,D,0
-16.8529,142.5705,348.1,1.1,1,2014-10-16,0422,Aqua,MODIS,90,6.2,311.2,48.1,D,0
-16.8436,142.5689,336.7,1.1,1,2014-10-16,0422,Aqua,MODIS,64,6.2,312,23.5,D,0
-16.8109,142.3606,372,1.1,1,2014-10-16,0422,Aqua,MODIS,100,6.2,314.6,119.3,D,0
-16.6995,142.5906,341.5,1.1,1,2014-10-16,0422,Aqua,MODIS,77,6.2,312.2,31,D,0
-16.8218,142.5862,350.7,1.1,1,2014-10-16,0422,Aqua,MODIS,93,6.2,310.6,53.3,D,0
-16.751,142.5678,356,1.1,1,2014-10-16,0422,Aqua,MODIS,97,6.2,313.3,67.5,D,0
-16.8732,142.5635,379.6,1.1,1,2014-10-16,0422,Aqua,MODIS,100,6.2,320.2,155.1,D,0
-16.9194,142.5459,331.7,1.1,1,2014-10-16,0422,Aqua,MODIS,35,6.2,308.7,19.4,D,0
-16.8716,142.5736,374.6,1.1,1,2014-10-16,0422,Aqua,MODIS,100,6.2,309.7,133.6,D,0
-16.8773,142.5701,371.4,1.1,1,2014-10-16,0422,Aqua,MODIS,100,6.2,312.6,121.6,D,0
-16.8789,142.5599,343.9,1.1,1,2014-10-16,0422,Aqua,MODIS,77,6.2,312.3,39.3,D,0
-16.9007,142.5427,338.6,1.1,1,2014-10-16,0422,Aqua,MODIS,56,6.2,308.5,27.5,D,0
-16.91,142.5443,338.9,1.1,1,2014-10-16,0422,Aqua,MODIS,46,6.2,310,28.6,D,0
-16.8623,142.5721,358.8,1.1,1,2014-10-16,0422,Aqua,MODIS,99,6.2,308,77.5,D,0
-16.8638,142.5619,362.8,1.1,1,2014-10-16,0422,Aqua,MODIS,100,6.2,313.8,89.4,D,0
-16.82,142.3481,330.3,1.1,1,2014-10-16,0422,Aqua,MODIS,26,6.2,311.2,14.4,D,0
-16.7307,142.5749,349.6,1.1,1,2014-10-16,0422,Aqua,MODIS,92,6.2,312.9,51.4,D,0
-16.7416,142.5663,353.4,1.1,1,2014-10-16,0422,Aqua,MODIS,95,6.2,315,59.7,D,0
-16.7401,142.5764,345.9,1.1,1,2014-10-16,0422,Aqua,MODIS,88,6.2,310.3,42.9,D,0
-16.7104,142.5819,335.1,1.1,1,2014-10-16,0422,Aqua,MODIS,54,6.2,312.8,20,D,0
-16.8327,142.5775,341.4,1.1,1,2014-10-16,0422,Aqua,MODIS,81,6.2,313.7,32.8,D,0
-16.8124,142.3506,334.5,1.1,1,2014-10-16,0422,Aqua,MODIS,45,6.2,311.8,20.6,D,0
-16.6979,142.6008,346.3,1.1,1,2014-10-16,0422,Aqua,MODIS,88,6.2,311.1,42.6,D,0
-16.9019,142.3719,328.8,1.1,1,2014-10-16,0422,Aqua,MODIS,15,6.2,310.9,14,D,0
-16.8031,142.583,368.2,1.1,1,2014-10-16,0422,Aqua,MODIS,100,6.2,319.8,105.5,D,0
-16.8124,142.5846,386.8,1.1,1,2014-10-16,0422,Aqua,MODIS,100,6.2,320.7,188.3,D,0
-16.6901,142.589,332.9,1.1,1,2014-10-16,0422,Aqua,MODIS,54,6.2,314.8,15.9,D,0
-16.842,142.5791,333.2,1.1,1,2014-10-16,0422,Aqua,MODIS,42,6.2,310,19.6,D,0
-16.7445,142.3598,335.8,1.1,1,2014-10-16,0422,Aqua,MODIS,73,6.2,316.8,16.9,D,0
-16.7553,142.3513,339.7,1.1,1,2014-10-16,0422,Aqua,MODIS,68,6.2,317.7,23.4,D,0
-16.7723,142.3644,341,1.1,1,2014-10-16,0422,Aqua,MODIS,73,6.2,315.9,28.3,D,0
-16.7924,142.3575,334.7,1.1,1,2014-10-16,0422,Aqua,MODIS,47,6.2,311.6,20.3,D,0
-16.6886,142.5992,344.1,1.1,1,2014-10-16,0422,Aqua,MODIS,86,6.2,312.5,37.6,D,0
-16.6626,142.4848,359.9,1.1,1,2014-10-16,0422,Aqua,MODIS,99,6.2,316.3,70.7,D,0
-16.8015,142.5932,358.5,1.1,1,2014-10-16,0422,Aqua,MODIS,98,6.2,313.4,74.6,D,0
-16.7493,142.4533,330.6,1.1,1,2014-10-16,0422,Aqua,MODIS,24,6.2,315.8,9,D,0
-17.2984,133.9859,327.3,2.3,1.5,2014-10-16,0422,Aqua,MODIS,34,6.2,315.4,35.5,D,0
-16.9068,142.3786,335.5,1.1,1,2014-10-16,0422,Aqua,MODIS,64,6.2,311.7,22.8,D,0
-16.7105,142.4572,340.1,1.1,1,2014-10-16,0422,Aqua,MODIS,52,6.2,317.8,20.6,D,0
-16.7089,142.4672,340.4,1.1,1,2014-10-16,0422,Aqua,MODIS,43,6.2,316.4,21.4,D,0
-16.7045,142.4607,339,1.1,1,2014-10-16,0422,Aqua,MODIS,65,6.2,317.8,20.8,D,0
-16.6642,142.4747,348.1,1.1,1,2014-10-16,0422,Aqua,MODIS,77,6.2,319.9,36.7,D,0
-17.9905,132.4375,413.3,3,1.7,2014-10-16,0422,Aqua,MODIS,100,6.2,324.2,1598.4,D,0
-18.0215,132.2706,349.7,3.1,1.7,2014-10-16,0422,Aqua,MODIS,93,6.2,320.5,217.8,D,0
-18.0064,132.2689,342.4,3.1,1.7,2014-10-16,0422,Aqua,MODIS,86,6.2,313.5,146.3,D,0
-18.0088,132.2645,345.8,3.1,1.7,2014-10-16,0422,Aqua,MODIS,88,6.2,314.8,177.4,D,0
-18.0054,132.4392,345.7,3,1.7,2014-10-16,0422,Aqua,MODIS,57,6.2,323.3,153,D,0
-18.0186,132.2997,375.7,3.1,1.7,2014-10-16,0422,Aqua,MODIS,100,6.2,321.7,592.3,D,0
-17.9622,132.4102,341.9,3,1.7,2014-10-16,0422,Aqua,MODIS,72,6.2,314.6,136.5,D,0
-18.6762,132.0702,334.3,3.3,1.7,2014-10-16,0422,Aqua,MODIS,50,6.2,320.1,58.8,D,0
-18.0985,132.2562,341.2,3.1,1.7,2014-10-16,0422,Aqua,MODIS,75,6.2,316.1,132.7,D,0
-18.1014,132.2265,349.8,3.1,1.7,2014-10-16,0422,Aqua,MODIS,93,6.2,316.8,228.1,D,0
-17.9696,132.3483,350.1,3.1,1.7,2014-10-16,0422,Aqua,MODIS,93,6.2,316.6,217.1,D,0
-17.9666,132.377,439.8,3,1.7,2014-10-16,0422,Aqua,MODIS,100,6.2,328,2881.9,D,0
-17.98,132.3832,402.8,3,1.7,2014-10-16,0422,Aqua,MODIS,100,6.2,331.4,1250.2,D,0
-18.1033,132.2197,344.6,3.1,1.7,2014-10-16,0422,Aqua,MODIS,71,6.2,316.1,168,D,0
-17.9636,132.4057,372.3,3,1.7,2014-10-16,0422,Aqua,MODIS,100,6.2,315.7,529.9,D,0
-17.9935,132.4091,363.6,3,1.7,2014-10-16,0422,Aqua,MODIS,100,6.2,322.3,358.1,D,0
-17.9786,132.4074,404.3,3,1.7,2014-10-16,0422,Aqua,MODIS,100,6.2,322.9,1292.4,D,0
-17.9816,132.3787,377.7,3,1.7,2014-10-16,0422,Aqua,MODIS,100,6.2,326.8,621.2,D,0
-17.9678,132.3526,375,3.1,1.7,2014-10-16,0422,Aqua,MODIS,100,6.2,315.6,568,D,0
-18.0042,132.4438,358.8,3,1.7,2014-10-16,0422,Aqua,MODIS,99,6.2,323.3,307.7,D,0
-17.9893,132.4421,403.5,3,1.7,2014-10-16,0422,Aqua,MODIS,100,6.2,321.5,1262.9,D,0
-18.1002,132.2493,348.2,3.1,1.7,2014-10-16,0422,Aqua,MODIS,86,6.2,317.3,198.2,D,0
-17.9771,132.4119,404.3,3,1.7,2014-10-16,0422,Aqua,MODIS,100,6.2,322.2,1288.6,D,0
-18.0209,132.2953,369.9,3.1,1.7,2014-10-16,0422,Aqua,MODIS,100,6.2,321.9,481.2,D,0
-17.965,132.3815,430.5,3,1.7,2014-10-16,0422,Aqua,MODIS,100,6.2,323,2372.6,D,0
-17.9921,132.4136,379.6,3,1.7,2014-10-16,0422,Aqua,MODIS,100,6.2,322,643.1,D,0
-13.9507,135.7063,329.7,1.5,1.2,2014-10-16,0423,Aqua,MODIS,15,6.2,311.2,19.5,D,0
-15.1876,131.4601,347.6,3.3,1.7,2014-10-16,0423,Aqua,MODIS,91,6.2,314.1,233,D,0
-12.5107,142.7925,326,1.3,1.1,2014-10-16,0423,Aqua,MODIS,31,6.2,300.5,14.1,D,0
-13.9648,135.4197,330.2,1.6,1.2,2014-10-16,0423,Aqua,MODIS,49,6.2,308.9,23.9,D,0
-15.203,131.4619,351.8,3.3,1.7,2014-10-16,0423,Aqua,MODIS,94,6.2,315.1,274.9,D,0
-12.3256,142.8039,327,1.3,1.1,2014-10-16,0423,Aqua,MODIS,61,6.2,299.6,17.4,D,0
-13.9581,135.819,335.3,1.5,1.2,2014-10-16,0423,Aqua,MODIS,78,6.2,308.1,38.3,D,0
-12.5223,142.7895,325.2,1.3,1.1,2014-10-16,0423,Aqua,MODIS,35,6.2,299.5,13.8,D,0
-15.1832,131.4644,377.8,3.3,1.7,2014-10-16,0423,Aqua,MODIS,100,6.2,316.2,727.9,D,0
-15.1986,131.4663,349,3.3,1.7,2014-10-16,0423,Aqua,MODIS,92,6.2,314.5,251.6,D,0
-13.8214,132.6078,337.7,2.6,1.5,2014-10-16,0423,Aqua,MODIS,79,6.2,308.5,83.3,D,0
-13.9803,135.8409,328.9,1.5,1.2,2014-10-16,0423,Aqua,MODIS,46,6.2,308.4,15.2,D,0
-15.1923,131.5267,341,3.2,1.7,2014-10-16,0423,Aqua,MODIS,85,6.2,314.9,155.8,D,0
-15.2108,131.4986,346.1,3.3,1.7,2014-10-16,0423,Aqua,MODIS,90,6.2,319.4,215,D,0
-13.9599,135.8053,329.5,1.5,1.2,2014-10-16,0423,Aqua,MODIS,62,6.2,308.3,25,D,0
-13.9746,135.7986,328.6,1.5,1.2,2014-10-16,0423,Aqua,MODIS,44,6.2,308.1,18.7,D,0
-14.1058,136.5395,346.3,1.3,1.1,2014-10-16,0423,Aqua,MODIS,91,6.2,310.2,62.1,D,0
-14.1074,136.5274,343.6,1.3,1.1,2014-10-16,0423,Aqua,MODIS,89,6.2,310,54.9,D,0
-14.0971,136.5259,326.3,1.3,1.1,2014-10-16,0423,Aqua,MODIS,62,6.2,307.8,17.8,D,0
-13.4562,134.3697,334.8,1.9,1.3,2014-10-16,0423,Aqua,MODIS,61,6.2,313.3,32.3,D,0
-14.0623,131.2601,328.8,3.3,1.7,2014-10-16,0423,Aqua,MODIS,65,6.2,310.7,65.5,D,0
-14.1503,136.5019,354.6,1.3,1.1,2014-10-16,0423,Aqua,MODIS,96,6.2,312.1,90.2,D,0
-14.0658,131.2534,326.3,3.3,1.7,2014-10-16,0423,Aqua,MODIS,36,6.2,309.1,45.8,D,0
-14.1907,136.595,334.2,1.3,1.1,2014-10-16,0423,Aqua,MODIS,79,6.2,306.3,29.3,D,0
-13.9592,135.3744,329.7,1.6,1.2,2014-10-16,0423,Aqua,MODIS,47,6.2,310.4,21.3,D,0
-15.1689,131.4884,361.1,3.3,1.7,2014-10-16,0423,Aqua,MODIS,100,6.2,313.3,419.1,D,0
-13.9573,135.3891,334.2,1.6,1.2,2014-10-16,0423,Aqua,MODIS,71,6.2,312,33,D,0
-13.9211,135.5887,329,1.5,1.2,2014-10-16,0423,Aqua,MODIS,43,6.2,311.9,19.5,D,0
-15.1843,131.4903,372.2,3.3,1.7,2014-10-16,0423,Aqua,MODIS,100,6.2,318.3,599.9,D,0
-14.1432,136.4945,376.2,1.3,1.1,2014-10-16,0423,Aqua,MODIS,100,6.2,313.2,193.8,D,0
-14.1705,132.0583,344.9,2.9,1.6,2014-10-16,0423,Aqua,MODIS,89,6.2,314.1,147.5,D,0
-14.1559,132.0568,331.6,2.9,1.6,2014-10-16,0423,Aqua,MODIS,57,6.2,314,56.1,D,0
-12.326,142.797,325.9,1.3,1.1,2014-10-16,0423,Aqua,MODIS,45,6.2,300.7,15.5,D,0
-14.0613,135.6618,325.7,1.5,1.2,2014-10-16,0423,Aqua,MODIS,42,6.2,309.1,13.8,D,0
-14.0521,135.7107,325.3,1.5,1.2,2014-10-16,0423,Aqua,MODIS,34,6.2,309.3,15.1,D,0
-13.8075,132.6062,360.7,2.6,1.5,2014-10-16,0423,Aqua,MODIS,100,6.2,306.5,276.4,D,0
-14.1399,135.7432,334.1,1.5,1.2,2014-10-16,0423,Aqua,MODIS,76,6.2,309.1,38.8,D,0
-14.1432,135.7348,329.2,1.5,1.2,2014-10-16,0423,Aqua,MODIS,66,6.2,308.8,27.1,D,0
-14.1414,135.7488,326.3,1.5,1.2,2014-10-16,0423,Aqua,MODIS,54,6.2,309.1,20.5,D,0
-13.8023,132.6007,364.7,2.6,1.5,2014-10-16,0423,Aqua,MODIS,100,6.2,306.5,324.8,D,0
-14.2263,136.5625,332.2,1.3,1.1,2014-10-16,0423,Aqua,MODIS,53,6.2,308.3,24.5,D,0
-13.9563,135.8326,330.1,1.5,1.2,2014-10-16,0423,Aqua,MODIS,35,6.2,306.6,24,D,0
-13.9621,135.8108,339.1,1.5,1.2,2014-10-16,0423,Aqua,MODIS,83,6.2,309.1,46.4,D,0
-13.9604,135.8245,335.2,1.5,1.2,2014-10-16,0423,Aqua,MODIS,63,6.2,308.4,34.8,D,0
-14.1804,136.5937,325,1.3,1.1,2014-10-16,0423,Aqua,MODIS,35,6.2,306.7,11.3,D,0
-15.1963,131.5223,349.7,3.2,1.7,2014-10-16,0423,Aqua,MODIS,93,6.2,316.2,236.8,D,0
-15.214,131.4682,341.8,3.3,1.7,2014-10-16,0423,Aqua,MODIS,86,6.2,315.9,172.5,D,0
-15.1722,131.458,349.4,3.3,1.7,2014-10-16,0423,Aqua,MODIS,93,6.2,308.8,266.8,D,0
-13.7884,132.5992,342.6,2.6,1.5,2014-10-16,0423,Aqua,MODIS,87,6.2,303.8,126.6,D,0
-13.7634,132.4499,342.3,2.6,1.6,2014-10-16,0423,Aqua,MODIS,86,6.2,308.6,134.8,D,0
-14.1993,136.6087,338.8,1.3,1.1,2014-10-16,0423,Aqua,MODIS,84,6.2,308.1,41.8,D,0
-15.2117,131.524,327.1,3.2,1.7,2014-10-16,0423,Aqua,MODIS,46,6.2,315.1,41.4,D,0
-15.2151,131.4941,331.3,3.3,1.7,2014-10-16,0423,Aqua,MODIS,71,6.2,317.6,77.6,D,0
-13.7937,132.6047,340.8,2.6,1.5,2014-10-16,0423,Aqua,MODIS,85,6.2,304.3,112.5,D,0
-14.1399,136.5006,339.7,1.3,1.1,2014-10-16,0423,Aqua,MODIS,85,6.2,307.7,44.7,D,0
-15.18,131.4946,378,3.3,1.7,2014-10-16,0423,Aqua,MODIS,100,6.2,317.3,725.2,D,0
-15.1954,131.4966,361.3,3.3,1.7,2014-10-16,0423,Aqua,MODIS,100,6.2,319.1,411.7,D,0
-13.8161,132.6023,337.7,2.6,1.5,2014-10-16,0423,Aqua,MODIS,76,6.2,308.1,83.8,D,0
-15.1997,131.4922,366.3,3.3,1.7,2014-10-16,0423,Aqua,MODIS,100,6.2,320.5,483.9,D,0
-13.9695,135.8394,340.3,1.5,1.2,2014-10-16,0423,Aqua,MODIS,85,6.2,308.4,46.1,D,0
-14.1518,136.4895,363.9,1.3,1.1,2014-10-16,0423,Aqua,MODIS,100,6.2,310.6,127.4,D,0
-15.2077,131.5285,327.3,3.2,1.7,2014-10-16,0423,Aqua,MODIS,60,6.2,315.4,47.8,D,0
-13.8353,132.6094,328,2.6,1.5,2014-10-16,0423,Aqua,MODIS,48,6.2,310.3,33.4,D,0
-14.2009,136.5964,332.4,1.3,1.1,2014-10-16,0423,Aqua,MODIS,65,6.2,309.6,26.2,D,0
-13.9398,135.7048,337.6,1.5,1.2,2014-10-16,0423,Aqua,MODIS,77,6.2,310.3,39.4,D,0
-13.2818,142.2384,339.5,1.1,1.1,2014-10-16,0423,Aqua,MODIS,39,6.2,313,25.4,D,0
-13.2882,142.1965,337.9,1.1,1.1,2014-10-16,0423,Aqua,MODIS,35,6.2,306.2,25.3,D,0
-13.2723,142.2369,353.7,1.1,1.1,2014-10-16,0423,Aqua,MODIS,96,6.2,309.9,62.9,D,0
-13.2739,142.2264,340.1,1.1,1.1,2014-10-16,0423,Aqua,MODIS,60,6.2,306.3,29.2,D,0
-13.2643,142.2249,342.6,1.1,1.1,2014-10-16,0423,Aqua,MODIS,82,6.2,301.7,37.2,D,0
-13.2898,142.186,341,1.1,1.1,2014-10-16,0423,Aqua,MODIS,62,6.2,309.2,31.5,D,0
-13.2914,142.1756,357,1.1,1.1,2014-10-16,0423,Aqua,MODIS,98,6.2,311.8,74,D,0
-13.293,142.1652,373,1.1,1.1,2014-10-16,0423,Aqua,MODIS,100,6.2,310.9,131.6,D,0
-13.2946,142.1548,347.2,1.1,1.1,2014-10-16,0423,Aqua,MODIS,91,6.2,306.1,46.9,D,0
-13.2803,142.1845,338.3,1.1,1.1,2014-10-16,0423,Aqua,MODIS,70,6.2,302.5,27.9,D,0
-13.2819,142.174,355.3,1.1,1.1,2014-10-16,0423,Aqua,MODIS,97,6.2,307.7,71.7,D,0
-13.2644,142.1606,329.4,1.1,1.1,2014-10-16,0423,Aqua,MODIS,45,6.2,304.1,15.3,D,0
-13.266,142.1502,332.4,1.1,1.1,2014-10-16,0423,Aqua,MODIS,72,6.2,303.8,20.8,D,0
-13.2692,142.1294,328.7,1.1,1.1,2014-10-16,0423,Aqua,MODIS,49,6.2,303.6,16.7,D,0
-13.2708,142.119,329.8,1.1,1.1,2014-10-16,0423,Aqua,MODIS,57,6.2,302.7,18.9,D,0
-13.3442,142.3089,338.9,1.2,1.1,2014-10-16,0423,Aqua,MODIS,82,6.2,307.9,26,D,0
-14.1775,143.5193,328.3,1.3,1.1,2014-10-16,0423,Aqua,MODIS,61,6.2,305.2,18,D,0
-12.8789,142.3992,361.5,1.2,1.1,2014-10-16,0423,Aqua,MODIS,94,6.2,304.6,97.8,D,0
-13.3401,135.6724,336,1.5,1.2,2014-10-16,0423,Aqua,MODIS,78,6.2,309.7,34.1,D,0
-14.9048,142.6588,327.2,1.2,1.1,2014-10-16,0423,Aqua,MODIS,47,6.2,305.7,8.1,D,0
-14.3958,144.3828,330.9,1.5,1.2,2014-10-16,0423,Aqua,MODIS,75,6.2,302.2,26.8,D,0
-13.3353,135.6789,332.9,1.5,1.2,2014-10-16,0423,Aqua,MODIS,66,6.2,307,27.5,D,0
-16.0679,134.1846,352.6,2.1,1.4,2014-10-16,0423,Aqua,MODIS,95,6.2,315.5,155.5,D,0
-16.0582,134.1706,358.8,2.1,1.4,2014-10-16,0423,Aqua,MODIS,99,6.2,311.8,204.6,D,0
-14.4122,133.3544,331.8,2.3,1.5,2014-10-16,0423,Aqua,MODIS,47,6.2,316.5,30.3,D,0
-14.4347,133.3622,336.3,2.3,1.5,2014-10-16,0423,Aqua,MODIS,78,6.2,317,50.5,D,0
-14.9016,142.6801,331.8,1.2,1.1,2014-10-16,0423,Aqua,MODIS,70,6.2,309,15,D,0
-14.3487,144.383,333.6,1.5,1.2,2014-10-16,0423,Aqua,MODIS,79,6.2,300.6,36,D,0
-14.3528,144.4266,329.7,1.5,1.2,2014-10-16,0423,Aqua,MODIS,38,6.2,302.7,28,D,0
-15.3601,143.7522,348.4,1.3,1.1,2014-10-16,0423,Aqua,MODIS,92,6.2,308.7,61,D,0
-16.0553,134.1829,353.8,2.1,1.4,2014-10-16,0423,Aqua,MODIS,96,6.2,310.8,163.1,D,0
-16.8455,130.6552,332.4,4,1.9,2014-10-16,0423,Aqua,MODIS,76,6.2,315.4,118.6,D,0
-14.5029,135.1375,347.8,1.7,1.3,2014-10-16,0423,Aqua,MODIS,91,6.2,316.7,83.5,D,0
-15.1997,144.9563,323.9,1.6,1.2,2014-10-16,0423,Aqua,MODIS,48,6.2,299.8,18.6,D,0
-15.199,144.9617,323.8,1.6,1.2,2014-10-16,0423,Aqua,MODIS,42,6.2,301,18.7,D,0
-14.9065,142.6482,329.5,1.2,1.1,2014-10-16,0423,Aqua,MODIS,42,6.2,308.1,11.5,D,0
-14.8922,142.6133,335.8,1.1,1.1,2014-10-16,0423,Aqua,MODIS,74,6.2,306.6,24.2,D,0
-14.9001,142.6254,330.7,1.1,1.1,2014-10-16,0423,Aqua,MODIS,57,6.2,306.9,15.5,D,0
-14.5026,135.1284,341.9,1.7,1.3,2014-10-16,0423,Aqua,MODIS,68,6.2,313.6,57.7,D,0
-14.5141,135.1299,340.6,1.7,1.3,2014-10-16,0423,Aqua,MODIS,79,6.2,313.2,54.1,D,0
-14.4914,135.136,340.1,1.7,1.3,2014-10-16,0423,Aqua,MODIS,84,6.2,314.1,56.5,D,0
-16.0576,134.1633,336.7,2.1,1.4,2014-10-16,0423,Aqua,MODIS,53,6.2,310.5,68.1,D,0
-16.0918,134.2144,344.4,2.1,1.4,2014-10-16,0423,Aqua,MODIS,48,6.2,316,89.1,D,0
-16.1699,134.2093,336,2.1,1.4,2014-10-16,0423,Aqua,MODIS,44,6.2,319.8,49.2,D,0
-15.0717,135.1425,336.3,1.7,1.3,2014-10-16,0423,Aqua,MODIS,51,6.2,315.2,36.6,D,0
-15.0852,135.1282,337.2,1.7,1.3,2014-10-16,0423,Aqua,MODIS,64,6.2,318.2,36.2,D,0
-15.0602,135.141,342.8,1.7,1.3,2014-10-16,0423,Aqua,MODIS,86,6.2,315.9,62.1,D,0
-16.1412,134.1213,356.9,2.1,1.4,2014-10-16,0423,Aqua,MODIS,94,6.2,317.1,169.3,D,0
-13.3358,142.14,378.6,1.1,1.1,2014-10-16,0423,Aqua,MODIS,94,6.2,312,152.6,D,0
-13.3374,142.1297,371.6,1.1,1.1,2014-10-16,0423,Aqua,MODIS,94,6.2,303.5,121.6,D,0
-13.3089,142.1891,333.3,1.1,1.1,2014-10-16,0423,Aqua,MODIS,45,6.2,311.4,11.8,D,0
-13.3121,142.1682,331.4,1.1,1.1,2014-10-16,0423,Aqua,MODIS,46,6.2,310.4,8.5,D,0
-13.3137,142.1578,331.8,1.1,1.1,2014-10-16,0423,Aqua,MODIS,43,6.2,309.1,10,D,0
-13.2994,142.1876,345.6,1.1,1.1,2014-10-16,0423,Aqua,MODIS,83,6.2,311.8,36.9,D,0
-13.3025,142.1667,337.5,1.1,1.1,2014-10-16,0423,Aqua,MODIS,50,6.2,310.5,21.6,D,0
-13.3041,142.1563,346.7,1.1,1.1,2014-10-16,0423,Aqua,MODIS,84,6.2,309.5,42.8,D,0
-13.3057,142.1459,342,1.1,1.1,2014-10-16,0423,Aqua,MODIS,66,6.2,307.9,34.5,D,0
-13.3073,142.1355,348.2,1.1,1.1,2014-10-16,0423,Aqua,MODIS,80,6.2,308.5,50.6,D,0
-13.2962,142.1444,343.5,1.1,1.1,2014-10-16,0423,Aqua,MODIS,85,6.2,305.2,41,D,0
-13.3089,142.1251,352.2,1.1,1.1,2014-10-16,0423,Aqua,MODIS,95,6.2,304.4,62.8,D,0
-13.2978,142.134,359.5,1.1,1.1,2014-10-16,0423,Aqua,MODIS,99,6.2,303.5,84.4,D,0
-13.2994,142.1236,367.8,1.1,1.1,2014-10-16,0423,Aqua,MODIS,100,6.2,303.6,113.9,D,0
-13.4223,134.3481,337.7,1.9,1.3,2014-10-16,0423,Aqua,MODIS,75,6.2,313.4,42.9,D,0
-13.4322,134.3668,332.2,1.9,1.3,2014-10-16,0423,Aqua,MODIS,35,6.2,312.8,26,D,0
-16.0687,134.1917,350,2.1,1.4,2014-10-16,0423,Aqua,MODIS,93,6.2,314.4,134.5,D,0
-16.0985,134.1557,346.5,2.1,1.4,2014-10-16,0423,Aqua,MODIS,25,6.2,314.3,96,D,0
-16.1112,134.1573,355.9,2.1,1.4,2014-10-16,0423,Aqua,MODIS,96,6.2,318,150.9,D,0
-13.5118,134.3663,330.9,1.9,1.3,2014-10-16,0423,Aqua,MODIS,57,6.2,314.6,21.2,D,0
-16.0708,134.1725,340.7,2.1,1.4,2014-10-16,0423,Aqua,MODIS,56,6.2,313.9,82,D,0
-15.0047,141.8093,333.6,1.1,1,2014-10-16,0423,Aqua,MODIS,72,6.2,314.4,9,D,0
-14.4385,133.3577,339,2.3,1.5,2014-10-16,0423,Aqua,MODIS,79,6.2,317.7,62.7,D,0
-13.4103,134.3466,353.1,1.9,1.3,2014-10-16,0423,Aqua,MODIS,95,6.2,312.6,116.6,D,0
-14.5237,135.1469,355.3,1.7,1.3,2014-10-16,0423,Aqua,MODIS,97,6.2,316.4,119.4,D,0
-16.056,134.1902,340.4,2.1,1.4,2014-10-16,0423,Aqua,MODIS,85,6.2,310.1,89.5,D,0
-13.4056,134.3408,343.4,1.9,1.3,2014-10-16,0423,Aqua,MODIS,88,6.2,310.8,72.3,D,0
-13.4034,134.358,330.9,1.9,1.3,2014-10-16,0423,Aqua,MODIS,28,6.2,310.6,26.3,D,0
-14.4479,133.3637,330.9,2.3,1.5,2014-10-16,0423,Aqua,MODIS,24,6.2,317.2,24.7,D,0
-16.7274,137.0175,333.7,1.3,1.1,2014-10-16,0423,Aqua,MODIS,70,6.2,322.9,16.5,D,0
-13.4154,134.3595,334.2,1.9,1.3,2014-10-16,0423,Aqua,MODIS,35,6.2,310.9,33,D,0
-13.3584,135.7023,348.9,1.5,1.2,2014-10-16,0423,Aqua,MODIS,92,6.2,309.8,71.5,D,0
-13.3566,135.7159,334.9,1.5,1.2,2014-10-16,0423,Aqua,MODIS,54,6.2,308,30.8,D,0
-14.5009,135.1529,337.5,1.7,1.3,2014-10-16,0423,Aqua,MODIS,46,6.2,316.8,43.1,D,0
-14.4895,135.1515,332.1,1.7,1.3,2014-10-16,0423,Aqua,MODIS,65,6.2,314.4,30.4,D,0
-14.4892,135.1425,339.7,1.7,1.3,2014-10-16,0423,Aqua,MODIS,77,6.2,314.1,52.6,D,0
-14.5007,135.144,351.6,1.7,1.3,2014-10-16,0423,Aqua,MODIS,94,6.2,317.3,97.9,D,0
-14.5122,135.1454,360.7,1.7,1.3,2014-10-16,0423,Aqua,MODIS,100,6.2,316.1,146.9,D,0
-15.3527,142.8748,347.4,1.2,1.1,2014-10-16,0423,Aqua,MODIS,91,6.2,307.1,50.7,D,0
-15.3559,142.87,366.6,1.2,1.1,2014-10-16,0423,Aqua,MODIS,100,6.2,307.7,111.2,D,0
-15.3689,142.8501,349.4,1.2,1.1,2014-10-16,0423,Aqua,MODIS,92,6.2,305.8,58.6,D,0
-15.4396,142.84,337.3,1.2,1.1,2014-10-16,0423,Aqua,MODIS,80,6.2,312.2,24.5,D,0
-15.596,141.9791,337.4,1.1,1,2014-10-16,0423,Aqua,MODIS,79,6.2,316.1,19.8,D,0
-15.5945,141.9889,331.6,1.1,1,2014-10-16,0423,Aqua,MODIS,37,6.2,316.7,11.5,D,0
-15.3389,142.9783,332.2,1.2,1.1,2014-10-16,0423,Aqua,MODIS,51,6.2,309.4,15.1,D,0
-15.3915,142.8319,333,1.2,1.1,2014-10-16,0423,Aqua,MODIS,68,6.2,306.4,20.9,D,0
-15.3672,142.8609,365.3,1.2,1.1,2014-10-16,0423,Aqua,MODIS,100,6.2,308.4,107.3,D,0
-15.2961,142.9208,349.1,1.2,1.1,2014-10-16,0423,Aqua,MODIS,92,6.2,304.7,55.1,D,0
-15.3656,142.8716,353,1.2,1.1,2014-10-16,0423,Aqua,MODIS,95,6.2,307.8,64.6,D,0
-15.3058,142.9225,339.9,1.2,1.1,2014-10-16,0423,Aqua,MODIS,84,6.2,305.3,31,D,0
-16.1715,136.0371,333.4,1.5,1.2,2014-10-16,0423,Aqua,MODIS,73,6.2,320.2,16.5,D,0
-15.3252,142.9257,328.4,1.2,1.1,2014-10-16,0423,Aqua,MODIS,58,6.2,308.7,9.2,D,0
-12.9032,142.37,337.8,1.2,1.1,2014-10-16,0423,Aqua,MODIS,63,6.2,303.4,31,D,0
-15.0533,143.3601,386.1,1.2,1.1,2014-10-16,0423,Aqua,MODIS,100,6.2,310.6,226.2,D,0
-15.2991,142.966,331.1,1.2,1.1,2014-10-16,0423,Aqua,MODIS,36,6.2,309.9,15.6,D,0
-15.4044,142.8121,344.6,1.2,1.1,2014-10-16,0423,Aqua,MODIS,88,6.2,305.7,42.8,D,0
-15.3785,142.8518,361.2,1.2,1.1,2014-10-16,0423,Aqua,MODIS,100,6.2,307.8,92.2,D,0
-14.5842,134.7466,334.8,1.8,1.3,2014-10-16,0423,Aqua,MODIS,77,6.2,316.9,36.1,D,0
-15.3542,142.8808,340.5,1.2,1.1,2014-10-16,0423,Aqua,MODIS,84,6.2,307.2,32.9,D,0
-15.3802,142.841,360.5,1.2,1.1,2014-10-16,0423,Aqua,MODIS,100,6.2,306.9,90.9,D,0
-15.3836,142.8196,328,1.2,1.1,2014-10-16,0423,Aqua,MODIS,28,6.2,303.3,15.1,D,0
-15.2083,143.352,347,1.2,1.1,2014-10-16,0423,Aqua,MODIS,91,6.2,310.5,49,D,0
-15.3075,142.9116,334,1.2,1.1,2014-10-16,0423,Aqua,MODIS,72,6.2,306.1,20.6,D,0
-15.0551,143.3486,347.3,1.2,1.1,2014-10-16,0423,Aqua,MODIS,91,6.2,306.1,55,D,0
-15.3833,145.2364,339.9,1.6,1.3,2014-10-16,0423,Aqua,MODIS,81,6.2,299.4,74.7,D,0
-15.2978,142.91,338.5,1.2,1.1,2014-10-16,0423,Aqua,MODIS,82,6.2,305.9,31.2,D,0
-15.3932,142.8212,344,1.2,1.1,2014-10-16,0423,Aqua,MODIS,88,6.2,303.5,43.2,D,0
-15.2928,142.9426,339.7,1.2,1.1,2014-10-16,0423,Aqua,MODIS,84,6.2,304.1,32.6,D,0
-12.9129,142.3716,346.1,1.2,1.1,2014-10-16,0423,Aqua,MODIS,86,6.2,307.6,50.2,D,0
-15.4412,142.8293,331.4,1.2,1.1,2014-10-16,0423,Aqua,MODIS,65,6.2,312.4,13.3,D,0
-15.0515,143.3717,333.6,1.3,1.1,2014-10-16,0423,Aqua,MODIS,62,6.2,305.8,23.8,D,0
-14.5822,134.7632,328.7,1.8,1.3,2014-10-16,0423,Aqua,MODIS,42,6.2,315.5,17.2,D,0
-15.0742,143.4234,333.7,1.3,1.1,2014-10-16,0423,Aqua,MODIS,67,6.2,305.9,18.7,D,0
-15.1068,143.4706,334.8,1.3,1.1,2014-10-16,0423,Aqua,MODIS,60,6.2,305.7,24,D,0
-12.929,142.3962,335.3,1.2,1.1,2014-10-16,0423,Aqua,MODIS,65,6.2,306.8,23.9,D,0
-15.066,143.41,330.8,1.3,1.1,2014-10-16,0423,Aqua,MODIS,46,6.2,309.7,15.5,D,0
-15.1168,143.4724,332.2,1.3,1.1,2014-10-16,0423,Aqua,MODIS,38,6.2,307.4,19.1,D,0
-15.6038,141.9904,332,1.1,1,2014-10-16,0423,Aqua,MODIS,54,6.2,314.3,12,D,0
-15.3769,142.8625,326.9,1.2,1.1,2014-10-16,0423,Aqua,MODIS,40,6.2,306.7,10.5,D,0
-12.6005,142.0685,331.8,1.1,1.1,2014-10-16,0423,Aqua,MODIS,37,6.2,306.3,19.4,D,0
-15.0724,143.435,352.7,1.3,1.1,2014-10-16,0423,Aqua,MODIS,95,6.2,309.5,68.9,D,0
-15.3819,142.8303,371.1,1.2,1.1,2014-10-16,0423,Aqua,MODIS,100,6.2,306.7,131.9,D,0
-14.3302,142.4188,328.4,1.1,1.1,2014-10-16,0423,Aqua,MODIS,38,6.2,307.5,10.9,D,0
-14.1589,132.0302,352.2,2.9,1.6,2014-10-16,0423,Aqua,MODIS,95,6.2,314.2,227,D,0
-14.1735,132.0318,384.6,2.9,1.6,2014-10-16,0423,Aqua,MODIS,100,6.2,319.2,712,D,0
-14.1572,132.0229,336,2.9,1.6,2014-10-16,0423,Aqua,MODIS,78,6.2,312.8,85.5,D,0
-17.1576,130.1892,327.1,4.3,1.9,2014-10-16,0423,Aqua,MODIS,38,6.2,312.7,87.5,D,0
-13.7963,132.5808,363,2.6,1.5,2014-10-16,0423,Aqua,MODIS,100,6.2,307.4,310.5,D,0
-17.1586,130.1935,328.7,4.3,1.9,2014-10-16,0423,Aqua,MODIS,54,6.2,312.8,102.2,D,0
-13.8051,132.5769,333.1,2.6,1.5,2014-10-16,0423,Aqua,MODIS,50,6.2,308.4,59.7,D,0
-17.1701,130.483,332,4.1,1.9,2014-10-16,0423,Aqua,MODIS,69,6.2,314.4,119.4,D,0
-17.1663,130.4754,336.5,4.1,1.9,2014-10-16,0423,Aqua,MODIS,82,6.2,314.9,170.9,D,0
-13.7824,132.5792,329,2.6,1.5,2014-10-16,0423,Aqua,MODIS,37,6.2,303.7,49.8,D,0
-13.8102,132.5824,335.8,2.6,1.5,2014-10-16,0423,Aqua,MODIS,61,6.2,308.7,71.8,D,0
-13.7773,132.5737,328.1,2.6,1.5,2014-10-16,0423,Aqua,MODIS,43,6.2,304,48.9,D,0
-13.7912,132.5753,350.7,2.6,1.5,2014-10-16,0423,Aqua,MODIS,93,6.2,306.3,190,D,0
-14.154,132.0494,336.2,2.9,1.6,2014-10-16,0423,Aqua,MODIS,77,6.2,314,86,D,0
-12.9709,130.3398,326.5,3.7,1.8,2014-10-16,0424,Aqua,MODIS,54,6.2,295.4,83.7,D,0
-13.6606,130.3233,326.2,3.8,1.8,2014-10-16,0424,Aqua,MODIS,19,6.2,305.3,54.6,D,0
-12.0284,134.7449,327.1,1.7,1.3,2014-10-16,0424,Aqua,MODIS,31,6.2,309,17.1,D,0
-12.3418,135.608,332.5,1.5,1.2,2014-10-16,0424,Aqua,MODIS,65,6.2,313.2,21.3,D,0
-11.9055,134.0258,332.1,1.9,1.3,2014-10-16,0424,Aqua,MODIS,28,6.2,309.7,29.6,D,0
-13.0732,136.0332,328.1,1.4,1.2,2014-10-16,0424,Aqua,MODIS,46,6.2,311.7,13.1,D,0
-12.5096,131.7729,324,2.8,1.6,2014-10-16,0424,Aqua,MODIS,27,6.2,305.9,35.4,D,0
-11.0121,142.4278,330.2,1.3,1.1,2014-10-16,0424,Aqua,MODIS,69,6.2,300.3,23.1,D,0
-11.022,142.4294,343.9,1.3,1.1,2014-10-16,0424,Aqua,MODIS,92,6.2,303.4,51.9,D,0
-12.7937,136.2877,340.5,1.3,1.1,2014-10-16,0424,Aqua,MODIS,62,6.2,311.6,39.6,D,0
-12.8261,136.4391,325.7,1.3,1.1,2014-10-16,0424,Aqua,MODIS,45,6.2,306.5,16.5,D,0
-12.4063,136.3879,326.2,1.3,1.1,2014-10-16,0424,Aqua,MODIS,53,6.2,309.3,13.5,D,0
-12.1415,133.5321,331.6,2.1,1.4,2014-10-16,0424,Aqua,MODIS,45,6.2,312,28.1,D,0
-12.8431,135.8986,332.7,1.4,1.2,2014-10-16,0424,Aqua,MODIS,51,6.2,313.5,15.6,D,0
-12.4079,136.3761,326,1.3,1.1,2014-10-16,0424,Aqua,MODIS,51,6.2,306.6,14.1,D,0
-12.475,135.7928,357.3,1.4,1.2,2014-10-16,0424,Aqua,MODIS,98,6.2,314.9,98.7,D,0
-13.066,136.006,352.3,1.4,1.2,2014-10-16,0424,Aqua,MODIS,95,6.2,309.9,83.8,D,0
-13.0942,136.036,332.9,1.4,1.2,2014-10-16,0424,Aqua,MODIS,73,6.2,311.5,23.7,D,0
-12.8025,136.3012,332.4,1.3,1.1,2014-10-16,0424,Aqua,MODIS,25,6.2,310.6,20.3,D,0
-12.3345,135.5799,341.3,1.5,1.2,2014-10-16,0424,Aqua,MODIS,86,6.2,312.6,39,D,0
-13.0643,136.0189,358.3,1.4,1.2,2014-10-16,0424,Aqua,MODIS,99,6.2,313.5,106.1,D,0
-13.0748,136.0203,332.6,1.4,1.2,2014-10-16,0424,Aqua,MODIS,51,6.2,311.7,25.4,D,0
-12.8389,135.8925,336.9,1.4,1.2,2014-10-16,0424,Aqua,MODIS,63,6.2,314.5,26,D,0
-12.017,134.7433,327.7,1.7,1.3,2014-10-16,0424,Aqua,MODIS,54,6.2,308.3,20.2,D,0
-12.4052,136.6191,327.7,1.3,1.1,2014-10-16,0424,Aqua,MODIS,50,6.2,308,15.4,D,0
-12.3298,135.5875,353.4,1.5,1.2,2014-10-16,0424,Aqua,MODIS,95,6.2,312.7,82,D,0
-12.3191,135.586,383,1.5,1.2,2014-10-16,0424,Aqua,MODIS,100,6.2,313.8,255.4,D,0
-12.3174,135.5991,333.8,1.5,1.2,2014-10-16,0424,Aqua,MODIS,73,6.2,309.3,28.3,D,0
-12.7959,136.2946,336.1,1.3,1.1,2014-10-16,0424,Aqua,MODIS,33,6.2,312.2,26,D,0
-11.5708,142.5195,326.3,1.2,1.1,2014-10-16,0424,Aqua,MODIS,64,6.2,300.6,19.3,D,0
-12.3316,135.5741,355.9,1.5,1.2,2014-10-16,0424,Aqua,MODIS,97,6.2,313.4,91.8,D,0
-12.8495,135.8939,334,1.4,1.2,2014-10-16,0424,Aqua,MODIS,59,6.2,314.6,18.8,D,0
-11.5807,142.5212,321.5,1.2,1.1,2014-10-16,0424,Aqua,MODIS,62,6.2,300.2,12.4,D,0
-12.4733,135.8058,415.2,1.4,1.2,2014-10-16,0424,Aqua,MODIS,100,6.2,321,559.1,D,0
-12.5147,131.7537,335.2,2.9,1.6,2014-10-16,0424,Aqua,MODIS,79,6.2,306.8,98.5,D,0
-12.4839,135.8072,359.2,1.4,1.2,2014-10-16,0424,Aqua,MODIS,99,6.2,313.9,105.2,D,0
-12.3209,135.5727,445.5,1.5,1.2,2014-10-16,0424,Aqua,MODIS,100,6.2,329.9,1105.7,D,0
-12.0264,134.76,334.8,1.6,1.3,2014-10-16,0424,Aqua,MODIS,73,6.2,309.6,37.4,D,0
-12.3101,135.5712,352.9,1.5,1.2,2014-10-16,0424,Aqua,MODIS,95,6.2,308.9,90.3,D,0
-12.8178,135.8897,339.6,1.4,1.2,2014-10-16,0424,Aqua,MODIS,83,6.2,313.8,39.1,D,0
-12.1479,141.8276,335.8,1.1,1.1,2014-10-16,0424,Aqua,MODIS,84,6.2,300.8,29,D,0
-12.1495,141.8173,322.1,1.1,1.1,2014-10-16,0424,Aqua,MODIS,41,6.2,300.9,8.8,D,0
-12.3952,136.6177,333.9,1.3,1.1,2014-10-16,0424,Aqua,MODIS,73,6.2,309.8,24.7,D,0
-12.7873,136.2811,342.1,1.3,1.1,2014-10-16,0424,Aqua,MODIS,76,6.2,310.8,43.8,D,0
-12.8284,135.8911,343.1,1.4,1.2,2014-10-16,0424,Aqua,MODIS,87,6.2,316,46.9,D,0
-12.4154,136.3825,335.1,1.3,1.1,2014-10-16,0424,Aqua,MODIS,79,6.2,309.3,30.2,D,0
-12.3402,135.6212,338.8,1.4,1.2,2014-10-16,0424,Aqua,MODIS,83,6.2,311.2,38.1,D,0
-12.9434,135.8725,331.5,1.4,1.2,2014-10-16,0424,Aqua,MODIS,47,6.2,309.8,21.7,D,0
-12.4716,135.8186,335.5,1.4,1.2,2014-10-16,0424,Aqua,MODIS,80,6.2,312.6,27.5,D,0
-12.9499,135.8667,336.3,1.4,1.2,2014-10-16,0424,Aqua,MODIS,65,6.2,311.7,32.5,D,0
-12.4643,134.2782,328.8,1.8,1.3,2014-10-16,0424,Aqua,MODIS,50,6.2,310.3,14.5,D,0
-12.4822,135.8201,339.9,1.4,1.2,2014-10-16,0424,Aqua,MODIS,85,6.2,313.2,38,D,0
-12.4525,134.2766,328.4,1.8,1.3,2014-10-16,0424,Aqua,MODIS,33,6.2,310.3,13.4,D,0
-12.3435,135.5947,330.3,1.5,1.2,2014-10-16,0424,Aqua,MODIS,43,6.2,311.6,13.2,D,0
-12.4258,136.5397,324.3,1.3,1.1,2014-10-16,0424,Aqua,MODIS,33,6.2,307.2,12.1,D,0
-11.5859,142.4873,331,1.2,1.1,2014-10-16,0424,Aqua,MODIS,59,6.2,299.2,23,D,0
-11.9349,134.0366,341.1,1.9,1.3,2014-10-16,0424,Aqua,MODIS,72,6.2,308.4,67.8,D,0
-11.5941,142.5002,328.1,1.2,1.1,2014-10-16,0424,Aqua,MODIS,53,6.2,300.5,18.3,D,0
-11.6109,142.4568,326.9,1.2,1.1,2014-10-16,0424,Aqua,MODIS,74,6.2,302.4,17.9,D,0
-11.3782,131.1224,334.5,3.1,1.7,2014-10-16,0424,Aqua,MODIS,81,6.2,307,106.2,D,0
-11.3815,131.0942,365.7,3.1,1.7,2014-10-16,0424,Aqua,MODIS,87,6.2,309.3,453.8,D,0
-11.3632,131.1205,339,3.1,1.7,2014-10-16,0424,Aqua,MODIS,78,6.2,304,147.1,D,0
-11.3641,131.1134,355,3.1,1.7,2014-10-16,0424,Aqua,MODIS,92,6.2,305.6,326.1,D,0
-11.3676,131.0852,401.9,3.1,1.7,2014-10-16,0424,Aqua,MODIS,75,6.2,314,1308.7,D,0
-11.3711,131.0568,343.7,3.1,1.7,2014-10-16,0424,Aqua,MODIS,0,6.2,303.9,200.6,D,0
-11.3491,131.1115,336.4,3.1,1.7,2014-10-16,0424,Aqua,MODIS,88,6.2,302,142.6,D,0
-11.3526,131.0833,381.2,3.1,1.7,2014-10-16,0424,Aqua,MODIS,87,6.2,303.3,764.8,D,0
-11.5959,142.4889,329.6,1.2,1.1,2014-10-16,0424,Aqua,MODIS,58,6.2,303.4,21.1,D,0
-11.6586,130.91,323.5,3.2,1.7,2014-10-16,0424,Aqua,MODIS,76,6.2,303.3,50,D,0
-12.337,135.6154,338.3,1.4,1.2,2014-10-16,0424,Aqua,MODIS,58,6.2,311.9,34.8,D,0
-12.4158,136.5382,325.8,1.3,1.1,2014-10-16,0424,Aqua,MODIS,49,6.2,307,13.4,D,0
-11.1009,142.1792,326.8,1.2,1.1,2014-10-16,0424,Aqua,MODIS,58,6.2,304.6,14,D,0
-11.7016,130.9227,321.9,3.2,1.7,2014-10-16,0424,Aqua,MODIS,36,6.2,303.8,40.4,D,0
-12.3509,135.6226,329.7,1.4,1.2,2014-10-16,0424,Aqua,MODIS,32,6.2,311.6,15.8,D,0
-12.3982,136.5949,326.2,1.3,1.1,2014-10-16,0424,Aqua,MODIS,29,6.2,310.4,11.4,D,0
-11.3482,131.1186,318.8,3.1,1.7,2014-10-16,0424,Aqua,MODIS,51,6.2,302.1,35.4,D,0
-12.3311,135.6065,345.7,1.5,1.2,2014-10-16,0424,Aqua,MODIS,90,6.2,312.2,55.7,D,0
-12.3328,135.5932,338.3,1.5,1.2,2014-10-16,0424,Aqua,MODIS,53,6.2,311.8,29.9,D,0
-12.4478,134.41,329.4,1.8,1.3,2014-10-16,0424,Aqua,MODIS,52,6.2,310.4,14.3,D,0
-11.3749,131.1505,340.5,3.1,1.7,2014-10-16,0424,Aqua,MODIS,90,6.2,305.3,153.6,D,0
-11.5778,142.4744,336.4,1.2,1.1,2014-10-16,0424,Aqua,MODIS,75,6.2,304,33.5,D,0
-11.5877,142.4761,348.2,1.2,1.1,2014-10-16,0424,Aqua,MODIS,93,6.2,302.7,61.8,D,0
-11.5795,142.4633,359.9,1.2,1.1,2014-10-16,0424,Aqua,MODIS,99,6.2,303.1,99.7,D,0
-11.5679,142.4728,336.4,1.2,1.1,2014-10-16,0424,Aqua,MODIS,71,6.2,303.3,33.2,D,0
-11.5696,142.4617,376,1.2,1.1,2014-10-16,0424,Aqua,MODIS,100,6.2,303.2,170.2,D,0
-12.129,133.5306,338.9,2.1,1.4,2014-10-16,0424,Aqua,MODIS,81,6.2,311.5,58.2,D,0
-12.3263,135.6139,340.3,1.4,1.2,2014-10-16,0424,Aqua,MODIS,69,6.2,310.4,41.2,D,0
-11.3848,131.0658,339,3.1,1.7,2014-10-16,0424,Aqua,MODIS,67,6.2,306.6,145.5,D,0
-12.3281,135.6007,343.1,1.5,1.2,2014-10-16,0424,Aqua,MODIS,77,6.2,311.7,48.8,D,0
-12.5127,131.7466,326,2.9,1.6,2014-10-16,0424,Aqua,MODIS,52,6.2,306.6,46.1,D,0
-12.6368,136.6398,328.2,1.3,1.1,2014-10-16,0424,Aqua,MODIS,36,6.2,306.6,14.6,D,0
-12.5767,136.6315,352.2,1.3,1.1,2014-10-16,0424,Aqua,MODIS,95,6.2,307.8,70.9,D,0
-12.5666,136.63,339,1.3,1.1,2014-10-16,0424,Aqua,MODIS,82,6.2,303.6,35.6,D,0
-12.568,136.6245,331,1.3,1.1,2014-10-16,0424,Aqua,MODIS,44,6.2,306.2,21.3,D,0
-12.1149,133.5216,334.3,2.1,1.4,2014-10-16,0424,Aqua,MODIS,75,6.2,308.5,38.8,D,0
-12.1274,133.5233,338.4,2.1,1.4,2014-10-16,0424,Aqua,MODIS,82,6.2,312.1,57.2,D,0
-10.6825,142.1778,348.5,1.2,1.1,2014-10-16,0424,Aqua,MODIS,94,6.2,305.2,62.6,D,0
-10.6923,142.1794,325.6,1.2,1.1,2014-10-16,0424,Aqua,MODIS,44,6.2,305.7,13.8,D,0
-12.288,132.7518,333.6,2.4,1.5,2014-10-16,0424,Aqua,MODIS,76,6.2,307.3,65.7,D,0
-12.238,136.8022,331.4,1.2,1.1,2014-10-16,0424,Aqua,MODIS,59,6.2,310.6,18.2,D,0
-12.3049,134.721,332.5,1.7,1.3,2014-10-16,0424,Aqua,MODIS,68,6.2,311.6,31.8,D,0
-12.3392,134.7258,357.9,1.7,1.3,2014-10-16,0424,Aqua,MODIS,98,6.2,312.4,131.4,D,0
-12.2772,132.7284,342,2.4,1.5,2014-10-16,0424,Aqua,MODIS,86,6.2,308.6,113.4,D,0
-12.3486,134.7342,334.9,1.7,1.3,2014-10-16,0424,Aqua,MODIS,74,6.2,311.8,34.1,D,0
-12.2479,136.8036,330.3,1.2,1.1,2014-10-16,0424,Aqua,MODIS,63,6.2,312.1,17.2,D,0
-12.3014,132.7534,326.7,2.4,1.5,2014-10-16,0424,Aqua,MODIS,48,6.2,305.8,33.6,D,0
-12.3507,134.7273,330.6,1.7,1.3,2014-10-16,0424,Aqua,MODIS,63,6.2,312.7,22.9,D,0
-12.9879,132.7523,351.6,2.4,1.5,2014-10-16,0424,Aqua,MODIS,95,6.2,308.4,184.8,D,0
-12.9905,132.7301,328.3,2.4,1.5,2014-10-16,0424,Aqua,MODIS,68,6.2,306,41.3,D,0
-12.9744,132.7507,377.3,2.4,1.5,2014-10-16,0424,Aqua,MODIS,100,6.2,307.6,465.1,D,0
-12.977,132.7285,341.1,2.4,1.5,2014-10-16,0424,Aqua,MODIS,86,6.2,305.1,109.3,D,0
-12.977,132.7666,338.5,2.4,1.5,2014-10-16,0424,Aqua,MODIS,84,6.2,306.5,93.6,D,0
-12.9797,132.7446,375.5,2.4,1.5,2014-10-16,0424,Aqua,MODIS,100,6.2,309.8,440.5,D,0
-12.2746,132.7501,375.3,2.4,1.5,2014-10-16,0424,Aqua,MODIS,100,6.2,310.6,419,D,0
-11.652,130.5977,324.7,3.4,1.7,2014-10-16,0424,Aqua,MODIS,49,6.2,303.5,54.7,D,0
-11.6677,130.5994,381.9,3.4,1.7,2014-10-16,0424,Aqua,MODIS,87,6.2,306.8,869,D,0
-11.6618,130.6029,372.9,3.4,1.7,2014-10-16,0424,Aqua,MODIS,87,6.2,306.6,662.9,D,0
-11.6775,130.6047,334.4,3.4,1.7,2014-10-16,0424,Aqua,MODIS,65,6.2,303.7,119.9,D,0
-11.6363,130.5961,323.6,3.4,1.7,2014-10-16,0424,Aqua,MODIS,35,6.2,302,54.1,D,0
-11.716,130.5458,321.2,3.4,1.7,2014-10-16,0424,Aqua,MODIS,0,6.2,301.2,48.8,D,0
-12.9642,130.3349,341.2,3.7,1.8,2014-10-16,0424,Aqua,MODIS,82,6.2,295,224.1,D,0
-13.5234,130.3273,330.6,3.8,1.8,2014-10-16,0424,Aqua,MODIS,68,6.2,299.5,98.9,D,0
-11.7066,130.5404,335.6,3.4,1.7,2014-10-16,0424,Aqua,MODIS,0,6.2,301.5,147,D,0
-12.6236,136.5077,350.7,1.3,1.1,2014-10-16,0424,Aqua,MODIS,93,6.2,310.1,65.2,D,0
-12.6049,136.4933,345.5,1.3,1.1,2014-10-16,0424,Aqua,MODIS,89,6.2,307.9,54,D,0
-12.6337,136.5091,340.9,1.3,1.1,2014-10-16,0424,Aqua,MODIS,77,6.2,307.7,39.7,D,0
-12.653,135.7493,338.3,1.4,1.2,2014-10-16,0424,Aqua,MODIS,83,6.2,313.4,37.1,D,0
-12.6407,136.5339,332.2,1.3,1.1,2014-10-16,0424,Aqua,MODIS,27,6.2,310.1,19.4,D,0
-12.6274,136.4,334.1,1.3,1.1,2014-10-16,0424,Aqua,MODIS,76,6.2,310.4,29.4,D,0
-12.6989,132.6523,330.7,2.4,1.5,2014-10-16,0424,Aqua,MODIS,72,6.2,311.7,39,D,0
-12.6258,136.4119,329,1.3,1.1,2014-10-16,0424,Aqua,MODIS,64,6.2,311.8,18.6,D,0
-12.6424,135.7479,329.4,1.4,1.2,2014-10-16,0424,Aqua,MODIS,63,6.2,310.5,16.7,D,0
-12.6321,136.5208,371.6,1.3,1.1,2014-10-16,0424,Aqua,MODIS,100,6.2,313.1,148.1,D,0
-12.6034,136.5051,331.6,1.3,1.1,2014-10-16,0424,Aqua,MODIS,50,6.2,310.3,20,D,0
-12.5827,136.5853,333.6,1.3,1.1,2014-10-16,0424,Aqua,MODIS,75,6.2,308.5,25.3,D,0
-12.6089,136.5414,332.4,1.3,1.1,2014-10-16,0424,Aqua,MODIS,33,6.2,308.6,18.4,D,0
-12.7055,132.6482,331.3,2.4,1.5,2014-10-16,0424,Aqua,MODIS,69,6.2,309.7,41.6,D,0
-12.615,136.4947,343.5,1.3,1.1,2014-10-16,0424,Aqua,MODIS,87,6.2,309.2,47.8,D,0
-12.6135,136.5064,343.5,1.3,1.1,2014-10-16,0424,Aqua,MODIS,87,6.2,310,45.6,D,0
-34.9555,117.1732,327.2,1.2,1.1,2014-10-16,0556,Aqua,MODIS,82,6.2,294.8,28.3,D,0
-34.9571,117.16,332.9,1.2,1.1,2014-10-16,0556,Aqua,MODIS,86,6.2,295.3,38.1,D,0
-34.9472,117.1583,308.7,1.2,1.1,2014-10-16,0556,Aqua,MODIS,46,6.2,293.7,6.5,D,0
-34.911,117.1998,331.1,1.2,1.1,2014-10-16,0556,Aqua,MODIS,84,6.2,297.4,34.3,D,0
-35.0071,116.9909,311.1,1.2,1.1,2014-10-16,0556,Aqua,MODIS,0,6.2,299.3,9.6,D,0
-34.9094,117.2132,333.7,1.2,1.1,2014-10-16,0556,Aqua,MODIS,86,6.2,296.6,38.7,D,0
-31.1772,115.59,339.1,1.3,1.1,2014-10-16,0557,Aqua,MODIS,86,6.2,305,46.2,D,0
-33.2903,122.0474,351.3,1.1,1,2014-10-16,0557,Aqua,MODIS,94,6.2,313.5,55.3,D,0
-31.1756,115.6036,325.1,1.3,1.1,2014-10-16,0557,Aqua,MODIS,61,6.2,302.4,18.8,D,0
-33.2885,122.059,324.8,1.1,1,2014-10-16,0557,Aqua,MODIS,57,6.2,313.7,8,D,0
-33.281,122.0453,365.5,1.1,1,2014-10-16,0557,Aqua,MODIS,100,6.2,319.2,96.2,D,0
-32.0704,115.9069,319.8,1.3,1.1,2014-10-16,0557,Aqua,MODIS,39,6.2,301.6,7.5,D,0
-31.1836,115.5963,345.3,1.3,1.1,2014-10-16,0557,Aqua,MODIS,91,6.2,304.6,62.6,D,0
-31.1685,115.5748,322.8,1.3,1.1,2014-10-16,0557,Aqua,MODIS,60,6.2,305.3,15.1,D,0
-33.2792,122.0568,335.3,1.1,1,2014-10-16,0557,Aqua,MODIS,80,6.2,314.7,22.6,D,0
-34.0169,116.7848,353.1,1.2,1.1,2014-10-16,0557,Aqua,MODIS,97,6.2,305.3,83,D,0
-34.0185,116.7716,315.8,1.2,1.1,2014-10-16,0557,Aqua,MODIS,51,6.2,301.6,8.5,D,0
-25.8367,126.3384,337.4,2.6,1.6,2014-10-16,0558,Aqua,MODIS,69,6.2,314.5,77.7,D,0
-23.6338,123.5321,350.7,1.9,1.3,2014-10-16,0559,Aqua,MODIS,93,6.2,317.1,95.3,D,0
-23.6576,123.5372,336.9,1.9,1.3,2014-10-16,0559,Aqua,MODIS,49,6.2,316.4,33.2,D,0
-23.6609,123.5193,334.3,1.9,1.3,2014-10-16,0559,Aqua,MODIS,42,6.2,316.4,27.8,D,0
-23.6304,123.5501,337.8,1.9,1.3,2014-10-16,0559,Aqua,MODIS,46,6.2,314.1,34.4,D,0
-23.6252,123.542,374.7,1.9,1.3,2014-10-16,0559,Aqua,MODIS,100,6.2,317.1,265.7,D,0
-23.6285,123.5239,347.4,1.9,1.3,2014-10-16,0559,Aqua,MODIS,90,6.2,318,80.1,D,0
-23.6133,123.5395,373.6,1.9,1.3,2014-10-16,0559,Aqua,MODIS,100,6.2,319,258.5,D,0
-23.6166,123.5213,355,1.9,1.3,2014-10-16,0559,Aqua,MODIS,96,6.2,320.9,122.4,D,0
-24.4718,123.8309,333,1.9,1.3,2014-10-16,0559,Aqua,MODIS,69,6.2,316.5,23.4,D,0
-23.7038,123.6231,374.1,1.9,1.3,2014-10-16,0559,Aqua,MODIS,100,6.2,317.9,267.7,D,0
-23.6919,123.6204,341.6,1.9,1.3,2014-10-16,0559,Aqua,MODIS,74,6.2,315.5,57.8,D,0
-23.7105,123.6113,355.8,1.9,1.3,2014-10-16,0559,Aqua,MODIS,97,6.2,315.5,136.6,D,0
-23.6814,123.5425,351.3,1.9,1.3,2014-10-16,0559,Aqua,MODIS,93,6.2,315.6,105.6,D,0
-23.6695,123.5399,360.2,1.9,1.3,2014-10-16,0559,Aqua,MODIS,100,6.2,319.6,153.6,D,0
-23.6728,123.5219,356.4,1.9,1.3,2014-10-16,0559,Aqua,MODIS,97,6.2,318,132.5,D,0
-23.2534,122.5187,371.4,1.6,1.2,2014-10-16,0559,Aqua,MODIS,94,6.2,313.8,208.3,D,0
-23.2506,122.5344,366,1.6,1.3,2014-10-16,0559,Aqua,MODIS,87,6.2,306.6,172.6,D,0
-23.2672,122.5055,355.2,1.6,1.2,2014-10-16,0559,Aqua,MODIS,91,6.2,313.4,112.1,D,0
-23.2645,122.5211,361,1.6,1.2,2014-10-16,0559,Aqua,MODIS,75,6.2,305.7,142.7,D,0
-23.2667,122.5122,369,1.6,1.2,2014-10-16,0559,Aqua,MODIS,94,6.2,313.2,189.6,D,0
-23.2779,122.5145,337.1,1.6,1.2,2014-10-16,0559,Aqua,MODIS,71,6.2,299.8,43.3,D,0
-23.2891,122.5169,344,1.6,1.2,2014-10-16,0559,Aqua,MODIS,82,6.2,307.6,67.2,D,0
-23.7311,123.6103,351,1.9,1.3,2014-10-16,0559,Aqua,MODIS,93,6.2,317.3,105.6,D,0
-23.7258,123.5957,336.2,1.9,1.3,2014-10-16,0559,Aqua,MODIS,67,6.2,315.8,45.3,D,0
-23.7378,123.5984,343.1,1.9,1.3,2014-10-16,0559,Aqua,MODIS,86,6.2,316.1,74.3,D,0
-23.7344,123.6166,352,1.9,1.3,2014-10-16,0559,Aqua,MODIS,94,6.2,316.5,111.4,D,0
-23.7497,123.6008,349.2,1.9,1.3,2014-10-16,0559,Aqua,MODIS,92,6.2,314.5,107.2,D,0
-23.7463,123.6191,391.1,1.9,1.3,2014-10-16,0559,Aqua,MODIS,100,6.2,318.3,461.8,D,0
-23.6508,123.5734,334.3,1.9,1.3,2014-10-16,0559,Aqua,MODIS,29,6.2,315.7,23.9,D,0
-24.5892,123.1891,340.3,1.7,1.3,2014-10-16,0559,Aqua,MODIS,67,6.2,310.3,50,D,0
-23.2411,121.9964,341.6,1.5,1.2,2014-10-16,0559,Aqua,MODIS,68,6.2,312.2,47.6,D,0
-23.4703,123.6163,367.9,1.9,1.3,2014-10-16,0559,Aqua,MODIS,100,6.2,319,218.1,D,0
-23.539,123.6511,395.9,1.9,1.3,2014-10-16,0559,Aqua,MODIS,100,6.2,322.8,525.1,D,0
-23.5212,123.6331,346.3,1.9,1.3,2014-10-16,0559,Aqua,MODIS,89,6.2,317.6,76.1,D,0
-23.5221,121.9685,350.5,1.5,1.2,2014-10-16,0559,Aqua,MODIS,93,6.2,315.2,66.8,D,0
-23.6426,121.3851,359.9,1.3,1.1,2014-10-16,0559,Aqua,MODIS,88,6.2,316.3,100.5,D,0
-23.4823,123.6191,369.6,1.9,1.3,2014-10-16,0559,Aqua,MODIS,100,6.2,317.9,230.7,D,0
-23.6969,121.3626,349,1.3,1.1,2014-10-16,0559,Aqua,MODIS,74,6.2,316.5,57.2,D,0
-23.707,123.6295,368.3,1.9,1.3,2014-10-16,0559,Aqua,MODIS,100,6.2,317.3,220.5,D,0
-23.7036,123.6478,361.9,1.9,1.3,2014-10-16,0559,Aqua,MODIS,100,6.2,315.9,175.8,D,0
-23.7155,123.6505,358.8,1.9,1.3,2014-10-16,0559,Aqua,MODIS,99,6.2,314.9,154.6,D,0
-23.7309,123.6348,340.6,1.9,1.3,2014-10-16,0559,Aqua,MODIS,63,6.2,314.8,56.3,D,0
-23.7275,123.6531,332.7,1.9,1.3,2014-10-16,0559,Aqua,MODIS,23,6.2,313.5,29.6,D,0
-23.7429,123.6374,366.8,1.9,1.3,2014-10-16,0559,Aqua,MODIS,100,6.2,316.3,218.6,D,0
-23.7549,123.6399,353.3,1.9,1.3,2014-10-16,0559,Aqua,MODIS,95,6.2,309.7,129.7,D,0
-23.5855,122.4692,360.1,1.6,1.2,2014-10-16,0559,Aqua,MODIS,0,6.2,282.7,139.6,D,0
-23.5993,122.4562,353.2,1.6,1.2,2014-10-16,0559,Aqua,MODIS,72,6.2,296.1,105.4,D,0
-23.2329,121.9797,333.2,1.5,1.2,2014-10-16,0559,Aqua,MODIS,56,6.2,307.7,23.3,D,0
-23.231,122.514,345.9,1.6,1.2,2014-10-16,0559,Aqua,MODIS,83,6.2,308.6,68,D,0
-23.2059,122.5249,330.9,1.6,1.3,2014-10-16,0559,Aqua,MODIS,61,6.2,305.9,22.5,D,0
-23.2087,122.5092,369.3,1.6,1.2,2014-10-16,0559,Aqua,MODIS,100,6.2,310.5,188.8,D,0
-23.1947,122.5225,332.2,1.6,1.3,2014-10-16,0559,Aqua,MODIS,55,6.2,305.1,25.7,D,0
-23.1975,122.5069,386.2,1.6,1.2,2014-10-16,0559,Aqua,MODIS,100,6.2,314.1,321.9,D,0
-23.2003,122.4913,362.6,1.6,1.2,2014-10-16,0559,Aqua,MODIS,100,6.2,313.5,147.8,D,0
-23.1863,122.5045,340.2,1.6,1.2,2014-10-16,0559,Aqua,MODIS,83,6.2,309.4,48.3,D,0
-23.6378,122.4327,336.9,1.6,1.2,2014-10-16,0559,Aqua,MODIS,41,6.2,301.2,47,D,0
-23.6404,122.4174,342.7,1.6,1.2,2014-10-16,0559,Aqua,MODIS,77,6.2,298.9,65.9,D,0
-23.4331,123.582,345.4,1.9,1.3,2014-10-16,0559,Aqua,MODIS,88,6.2,320,73,D,0
-23.4298,123.6003,336.6,1.9,1.3,2014-10-16,0559,Aqua,MODIS,60,6.2,317,36.1,D,0
-23.4452,123.5845,371.2,1.9,1.3,2014-10-16,0559,Aqua,MODIS,100,6.2,320.2,242.6,D,0
-23.4418,123.603,365,1.9,1.3,2014-10-16,0559,Aqua,MODIS,100,6.2,317.5,193.5,D,0
-23.4377,123.5901,392.7,1.9,1.3,2014-10-16,0559,Aqua,MODIS,100,6.2,322.7,476.9,D,0
-23.4497,123.5926,338.9,1.9,1.3,2014-10-16,0559,Aqua,MODIS,47,6.2,317.3,41.3,D,0
-23.5177,123.6516,338.3,1.9,1.3,2014-10-16,0559,Aqua,MODIS,79,6.2,316.8,42,D,0
-23.6252,123.6438,360.8,1.9,1.3,2014-10-16,0559,Aqua,MODIS,100,6.2,316,168.2,D,0
-23.6293,123.6569,348.9,1.9,1.3,2014-10-16,0559,Aqua,MODIS,91,6.2,314.5,97.5,D,0
-23.6173,123.6543,352.8,1.9,1.3,2014-10-16,0559,Aqua,MODIS,95,6.2,314.2,116.6,D,0
-23.5933,123.6491,343.7,1.9,1.3,2014-10-16,0559,Aqua,MODIS,57,6.2,313.6,67.6,D,0
-23.5332,123.6359,383.9,1.9,1.3,2014-10-16,0559,Aqua,MODIS,100,6.2,321.5,368.6,D,0
-23.1891,122.4889,337.8,1.6,1.2,2014-10-16,0559,Aqua,MODIS,80,6.2,309.6,40.5,D,0
-23.1884,122.4994,343.1,1.6,1.2,2014-10-16,0559,Aqua,MODIS,86,6.2,310.6,60.9,D,0
-22.7555,122.3994,349.7,1.6,1.3,2014-10-16,0559,Aqua,MODIS,92,6.2,309.3,91.1,D,0
-22.7582,122.3838,348.1,1.6,1.2,2014-10-16,0559,Aqua,MODIS,65,6.2,313.5,81.8,D,0
-23.6217,123.6623,352.4,1.9,1.3,2014-10-16,0559,Aqua,MODIS,94,6.2,313.5,116.2,D,0
-22.7114,122.3835,355.1,1.6,1.3,2014-10-16,0559,Aqua,MODIS,96,6.2,315.9,111.1,D,0
-23.38,124.3055,334.9,2.1,1.4,2014-10-16,0559,Aqua,MODIS,67,6.2,316.7,37,D,0
-23.7005,123.6415,351.8,1.9,1.3,2014-10-16,0559,Aqua,MODIS,94,6.2,315.8,109.7,D,0
-23.7125,123.6442,365,1.9,1.3,2014-10-16,0559,Aqua,MODIS,100,6.2,316.2,195.1,D,0
-22.7087,122.3991,343.7,1.6,1.3,2014-10-16,0559,Aqua,MODIS,49,6.2,314.9,59,D,0
-22.7226,122.3858,339.8,1.6,1.3,2014-10-16,0559,Aqua,MODIS,60,6.2,310.8,46.1,D,0
-22.7199,122.4014,355,1.6,1.3,2014-10-16,0559,Aqua,MODIS,96,6.2,315.4,106,D,0
-22.7172,122.417,345.7,1.6,1.3,2014-10-16,0559,Aqua,MODIS,72,6.2,309,71.3,D,0
-23.5297,123.6544,365.5,1.9,1.3,2014-10-16,0559,Aqua,MODIS,100,6.2,317.7,197.9,D,0
-23.5353,121.9565,349,1.5,1.2,2014-10-16,0559,Aqua,MODIS,92,6.2,317.9,66.3,D,0
-24.6322,123.2056,352.7,1.7,1.3,2014-10-16,0559,Aqua,MODIS,94,6.2,315.2,103.4,D,0
-24.6208,123.2031,340.1,1.7,1.3,2014-10-16,0559,Aqua,MODIS,81,6.2,303.6,49.9,D,0
-24.6319,123.2155,337,1.7,1.3,2014-10-16,0559,Aqua,MODIS,68,6.2,315.7,35.4,D,0
-24.6205,123.213,338.3,1.7,1.3,2014-10-16,0559,Aqua,MODIS,41,6.2,309.8,41.4,D,0
-24.6234,123.1964,336.7,1.7,1.3,2014-10-16,0559,Aqua,MODIS,39,6.2,304.5,39.2,D,0
-23.6268,122.4301,335.4,1.6,1.2,2014-10-16,0559,Aqua,MODIS,67,6.2,293.2,42.3,D,0
-23.6294,122.4149,356.6,1.6,1.2,2014-10-16,0559,Aqua,MODIS,97,6.2,299.5,121.3,D,0
-23.6184,122.4125,344.5,1.6,1.2,2014-10-16,0559,Aqua,MODIS,67,6.2,300.1,70.1,D,0
-23.6211,122.3975,364.8,1.6,1.2,2014-10-16,0559,Aqua,MODIS,73,6.2,310.9,162.2,D,0
-23.5329,121.9707,345.7,1.5,1.2,2014-10-16,0559,Aqua,MODIS,89,6.2,315,52,D,0
-23.5452,123.6386,404,1.9,1.3,2014-10-16,0559,Aqua,MODIS,100,6.2,324.5,644.9,D,0
-23.591,122.4385,349.6,1.6,1.2,2014-10-16,0559,Aqua,MODIS,76,6.2,306.5,88.6,D,0
-23.5827,122.4209,328.3,1.6,1.2,2014-10-16,0559,Aqua,MODIS,26,6.2,291.2,19.8,D,0
-23.4125,123.5585,333.3,1.9,1.3,2014-10-16,0559,Aqua,MODIS,27,6.2,317.7,21.6,D,0
-23.4583,123.5118,333.5,1.9,1.3,2014-10-16,0559,Aqua,MODIS,66,6.2,318.2,22.8,D,0
-22.7034,122.4959,332.2,1.6,1.3,2014-10-16,0559,Aqua,MODIS,31,6.2,306.3,32.2,D,0
-22.7338,122.388,351.7,1.6,1.3,2014-10-16,0559,Aqua,MODIS,94,6.2,314.8,93.6,D,0
-22.7311,122.4037,375,1.6,1.3,2014-10-16,0559,Aqua,MODIS,100,6.2,317.8,229.4,D,0
-23.5417,123.6571,382,1.9,1.3,2014-10-16,0559,Aqua,MODIS,100,6.2,319.2,353,D,0
-22.7284,122.4193,377.8,1.6,1.3,2014-10-16,0559,Aqua,MODIS,100,6.2,310,259.8,D,0
-23.5672,122.4439,371.3,1.6,1.2,2014-10-16,0559,Aqua,MODIS,100,6.2,316.5,203.7,D,0
-23.5562,122.4416,346.8,1.6,1.2,2014-10-16,0559,Aqua,MODIS,64,6.2,306.5,74.9,D,0
-22.7423,122.406,348,1.6,1.3,2014-10-16,0559,Aqua,MODIS,80,6.2,311.7,78,D,0
-22.7359,122.3792,341.8,1.6,1.2,2014-10-16,0559,Aqua,MODIS,80,6.2,312.2,54.3,D,0
-23.5423,123.6325,372.5,1.9,1.3,2014-10-16,0559,Aqua,MODIS,100,6.2,322.1,254,D,0
-23.5032,121.9499,337.7,1.5,1.2,2014-10-16,0559,Aqua,MODIS,79,6.2,315.9,28.2,D,0
-23.5139,121.9521,350.4,1.5,1.2,2014-10-16,0559,Aqua,MODIS,93,6.2,318.1,68.5,D,0
-23.5535,122.457,358.4,1.6,1.2,2014-10-16,0559,Aqua,MODIS,99,6.2,311.5,126.1,D,0
-23.5646,122.4593,393.3,1.6,1.2,2014-10-16,0559,Aqua,MODIS,100,6.2,314.2,388.1,D,0
-23.5551,122.4469,361.7,1.6,1.2,2014-10-16,0559,Aqua,MODIS,100,6.2,309.7,141.9,D,0
-23.5661,122.4492,403,1.6,1.2,2014-10-16,0559,Aqua,MODIS,100,6.2,318.7,492.1,D,0
-23.5634,122.4645,376.7,1.6,1.2,2014-10-16,0559,Aqua,MODIS,94,6.2,308.4,239.4,D,0
-23.5772,122.4515,417,1.6,1.2,2014-10-16,0559,Aqua,MODIS,100,6.2,310.9,690,D,0
-22.7331,122.3948,350.2,1.6,1.3,2014-10-16,0559,Aqua,MODIS,84,6.2,315.7,86.8,D,0
-22.7303,122.4103,392.6,1.6,1.3,2014-10-16,0559,Aqua,MODIS,100,6.2,317.5,391.1,D,0
-23.5114,121.9663,337.2,1.5,1.2,2014-10-16,0559,Aqua,MODIS,77,6.2,315.3,23.5,D,0
-23.527,121.9401,349.6,1.5,1.2,2014-10-16,0559,Aqua,MODIS,92,6.2,316,68.9,D,0
-23.5246,121.9543,369.5,1.5,1.2,2014-10-16,0559,Aqua,MODIS,100,6.2,319.6,159.2,D,0
-23.7245,123.6469,346,1.9,1.3,2014-10-16,0559,Aqua,MODIS,86,6.2,314.5,79.9,D,0
-22.7274,122.426,345.8,1.6,1.3,2014-10-16,0559,Aqua,MODIS,80,6.2,305.5,75.9,D,0
-22.6048,122.4699,336.3,1.6,1.3,2014-10-16,0559,Aqua,MODIS,46,6.2,314.5,35,D,0
-23.5572,123.6413,353.8,1.9,1.3,2014-10-16,0559,Aqua,MODIS,95,6.2,316.9,116.5,D,0
-23.5726,123.6254,361.2,1.9,1.3,2014-10-16,0559,Aqua,MODIS,100,6.2,321.5,161.2,D,0
-23.5692,123.6439,457.4,1.9,1.3,2014-10-16,0559,Aqua,MODIS,100,6.2,337.2,2008.2,D,0
-22.7443,122.3971,349.2,1.6,1.3,2014-10-16,0559,Aqua,MODIS,76,6.2,314,85,D,0
-22.5992,122.5018,330.1,1.7,1.3,2014-10-16,0559,Aqua,MODIS,57,6.2,310.8,19,D,0
-23.5436,121.973,343.3,1.5,1.2,2014-10-16,0559,Aqua,MODIS,87,6.2,314.3,46.4,D,0
-23.5882,122.4538,452.5,1.6,1.2,2014-10-16,0559,Aqua,MODIS,94,6.2,322.2,1414.2,D,0
-22.7415,122.4127,347.8,1.6,1.3,2014-10-16,0559,Aqua,MODIS,90,6.2,308.6,80.8,D,0
-23.5156,122.0715,342.7,1.5,1.2,2014-10-16,0559,Aqua,MODIS,78,6.2,316.2,48,D,0
-23.5048,122.0693,336.1,1.5,1.2,2014-10-16,0559,Aqua,MODIS,64,6.2,314.5,28.8,D,0
-23.5812,123.6465,449.2,1.9,1.3,2014-10-16,0559,Aqua,MODIS,100,6.2,329.5,1727.2,D,0
-23.5846,123.628,373.6,1.9,1.3,2014-10-16,0559,Aqua,MODIS,100,6.2,321.3,261.5,D,0
-23.5658,123.6624,343,1.9,1.3,2014-10-16,0559,Aqua,MODIS,85,6.2,315.2,61.5,D,0
-23.5183,123.627,333.4,1.9,1.3,2014-10-16,0559,Aqua,MODIS,69,6.2,316.8,23.3,D,0
-23.515,123.6455,343.7,1.9,1.3,2014-10-16,0559,Aqua,MODIS,86,6.2,317.5,66.7,D,0
-23.5303,123.6298,352.2,1.9,1.3,2014-10-16,0559,Aqua,MODIS,94,6.2,318.7,108,D,0
-23.527,123.6483,363.3,1.9,1.3,2014-10-16,0559,Aqua,MODIS,100,6.2,318.1,182.7,D,0
-23.2422,122.5164,359.3,1.6,1.2,2014-10-16,0559,Aqua,MODIS,99,6.2,314.2,130.1,D,0
-23.2394,122.532,345.2,1.6,1.3,2014-10-16,0559,Aqua,MODIS,80,6.2,311.3,66,D,0
-20.134,123.3048,338.7,2.1,1.4,2014-10-16,0600,Aqua,MODIS,74,6.2,314.5,49.2,D,0
-20.1103,123.3623,339.4,2.1,1.4,2014-10-16,0600,Aqua,MODIS,69,6.2,315.2,54.4,D,0
-20.1303,123.3247,336.7,2.1,1.4,2014-10-16,0600,Aqua,MODIS,67,6.2,316.2,41.1,D,0
-20.1323,123.2427,349.6,2.1,1.4,2014-10-16,0600,Aqua,MODIS,92,6.2,315.9,112.9,D,0
-20.1359,123.223,355.8,2.1,1.4,2014-10-16,0600,Aqua,MODIS,97,6.2,314.7,154.5,D,0
-20.0887,123.337,334.7,2.1,1.4,2014-10-16,0600,Aqua,MODIS,41,6.2,315.8,31.1,D,0
-20.0331,124.1529,340.9,2.4,1.5,2014-10-16,0600,Aqua,MODIS,79,6.2,312.8,79.9,D,0
-20.0408,124.1617,342.2,2.4,1.5,2014-10-16,0600,Aqua,MODIS,75,6.2,313.3,91.8,D,0
-20.123,123.3648,335,2.1,1.4,2014-10-16,0600,Aqua,MODIS,60,6.2,315,36.7,D,0
-20.8706,120.293,336.3,1.3,1.1,2014-10-16,0600,Aqua,MODIS,60,6.2,309.1,22.7,D,0
-21.55,122.4839,342,1.7,1.3,2014-10-16,0600,Aqua,MODIS,72,6.2,306.4,69.8,D,0
-20.9073,120.2562,383.5,1.3,1.1,2014-10-16,0600,Aqua,MODIS,94,6.2,317.1,209.3,D,0
-20.9094,120.2439,347.3,1.3,1.1,2014-10-16,0600,Aqua,MODIS,89,6.2,313,52.7,D,0
-20.9541,122.6155,349.7,1.8,1.3,2014-10-16,0600,Aqua,MODIS,92,6.2,312.5,99.2,D,0
-20.8952,120.2666,351.8,1.3,1.1,2014-10-16,0600,Aqua,MODIS,94,6.2,314.5,61.9,D,0
-21.5923,123.4078,337.5,2,1.4,2014-10-16,0600,Aqua,MODIS,78,6.2,319.4,36.3,D,0
-20.947,122.6196,353.4,1.8,1.3,2014-10-16,0600,Aqua,MODIS,95,6.2,311.2,118.4,D,0
-20.8625,120.2789,338.6,1.3,1.1,2014-10-16,0600,Aqua,MODIS,75,6.2,314.3,26.4,D,0
-20.9588,122.622,346.7,1.8,1.3,2014-10-16,0600,Aqua,MODIS,89,6.2,310.1,86.7,D,0
-20.8511,122.4636,359.1,1.8,1.3,2014-10-16,0600,Aqua,MODIS,99,6.2,317.6,128.3,D,0
-21.507,122.7909,348.7,1.8,1.3,2014-10-16,0600,Aqua,MODIS,91,6.2,315.5,94.7,D,0
-21.5385,122.4816,349.3,1.7,1.3,2014-10-16,0600,Aqua,MODIS,87,6.2,306.7,95.9,D,0
-20.8598,122.483,339.7,1.8,1.3,2014-10-16,0600,Aqua,MODIS,29,6.2,313.5,37.7,D,0
-21.5841,122.7,333.7,1.8,1.3,2014-10-16,0600,Aqua,MODIS,66,6.2,311.5,32,D,0
-21.5694,122.7146,365,1.8,1.3,2014-10-16,0600,Aqua,MODIS,100,6.2,314.4,188.7,D,0
-20.8698,122.4744,354.4,1.8,1.3,2014-10-16,0600,Aqua,MODIS,96,6.2,312.9,113,D,0
-21.3374,122.7069,354.3,1.8,1.3,2014-10-16,0600,Aqua,MODIS,49,6.2,312.3,130.9,D,0
-21.3436,122.6726,346.7,1.8,1.3,2014-10-16,0600,Aqua,MODIS,89,6.2,291.4,96,D,0
-20.8481,122.4806,379.5,1.8,1.3,2014-10-16,0600,Aqua,MODIS,100,6.2,317.7,284.5,D,0
-21.5261,122.4395,339.6,1.7,1.3,2014-10-16,0600,Aqua,MODIS,71,6.2,310.1,51.8,D,0
-21.5607,122.695,332.2,1.8,1.3,2014-10-16,0600,Aqua,MODIS,67,6.2,310.1,31.8,D,0
-21.5214,122.444,344.9,1.7,1.3,2014-10-16,0600,Aqua,MODIS,85,6.2,311.7,74.6,D,0
-21.5746,123.5043,333.7,2,1.4,2014-10-16,0600,Aqua,MODIS,67,6.2,317.8,21.1,D,0
-21.3225,122.7217,362.8,1.8,1.3,2014-10-16,0600,Aqua,MODIS,98,6.2,317.4,177.9,D,0
-21.3194,122.739,355.1,1.8,1.3,2014-10-16,0600,Aqua,MODIS,96,6.2,308.7,128.4,D,0
-21.5792,122.7057,383.5,1.8,1.3,2014-10-16,0600,Aqua,MODIS,100,6.2,315.3,347.5,D,0
-20.8627,122.466,360.7,1.8,1.3,2014-10-16,0600,Aqua,MODIS,100,6.2,316.4,144.8,D,0
-21.5675,122.7032,364.1,1.8,1.3,2014-10-16,0600,Aqua,MODIS,100,6.2,313.5,181.6,D,0
-21.5811,122.7171,333.4,1.8,1.3,2014-10-16,0600,Aqua,MODIS,68,6.2,311.2,30.1,D,0
-20.9511,122.6328,335.6,1.8,1.3,2014-10-16,0600,Aqua,MODIS,58,6.2,300.7,42.3,D,0
-21.5724,122.6975,372.4,1.8,1.3,2014-10-16,0600,Aqua,MODIS,100,6.2,314.4,245.1,D,0
-20.8513,122.3939,337.2,1.8,1.3,2014-10-16,0600,Aqua,MODIS,51,6.2,315.9,35.1,D,0
-20.9174,120.2581,337.1,1.3,1.1,2014-10-16,0600,Aqua,MODIS,44,6.2,291.9,27.9,D,0
-20.8247,122.4759,338.3,1.8,1.3,2014-10-16,0600,Aqua,MODIS,57,6.2,317.7,26.9,D,0
-20.8364,122.4783,340,1.8,1.3,2014-10-16,0600,Aqua,MODIS,43,6.2,316.3,32.8,D,0
-20.8973,120.2543,362.1,1.3,1.1,2014-10-16,0600,Aqua,MODIS,100,6.2,316.8,100.3,D,0
-20.9053,120.2685,346.9,1.3,1.1,2014-10-16,0600,Aqua,MODIS,64,6.2,310.8,51.2,D,0
-19.8213,127.9879,344.6,4.7,2,2014-10-16,0600,Aqua,MODIS,87,6.2,316.3,313.2,D,0
-19.8219,127.9798,340.7,4.7,2,2014-10-16,0600,Aqua,MODIS,82,6.2,316.1,244.3,D,0
-18.5992,126.7044,334.7,4,1.9,2014-10-16,0600,Aqua,MODIS,73,6.2,318.2,111.4,D,0
-18.6035,126.7365,333.2,4.1,1.9,2014-10-16,0600,Aqua,MODIS,70,6.2,318.5,95.8,D,0
-18.6109,126.699,332.8,4,1.9,2014-10-16,0600,Aqua,MODIS,69,6.2,318.7,92,D,0
-18.6152,125.0183,336,3,1.7,2014-10-16,0600,Aqua,MODIS,77,6.2,318,70.6,D,0
-18.6003,125.0157,339.9,3,1.7,2014-10-16,0600,Aqua,MODIS,83,6.2,319,93.9,D,0
-18.6059,124.9869,337.8,3,1.7,2014-10-16,0600,Aqua,MODIS,75,6.2,317,78.9,D,0
-20.0006,124.2252,337.1,2.5,1.5,2014-10-16,0600,Aqua,MODIS,49,6.2,315,49.2,D,0
-19.9825,124.2457,336.3,2.5,1.5,2014-10-16,0600,Aqua,MODIS,50,6.2,317,47.1,D,0
-19.5798,125.2672,335.4,3,1.7,2014-10-16,0600,Aqua,MODIS,73,6.2,319.3,63.5,D,0
-20.023,124.1817,334.1,2.5,1.5,2014-10-16,0600,Aqua,MODIS,26,6.2,314.7,38.4,D,0
-20.0274,124.1588,341.2,2.4,1.5,2014-10-16,0600,Aqua,MODIS,81,6.2,313.4,85.4,D,0
-20.0051,124.2019,351.1,2.5,1.5,2014-10-16,0600,Aqua,MODIS,93,6.2,316.2,144.7,D,0
-20.0068,124.2194,346.9,2.5,1.5,2014-10-16,0600,Aqua,MODIS,89,6.2,315.7,112.9,D,0
-20.0111,124.1961,341.2,2.5,1.5,2014-10-16,0600,Aqua,MODIS,83,6.2,315.2,72.9,D,0
-22.5244,117.4876,370.5,1,1,2014-10-16,0600,Aqua,MODIS,81,6.2,315.2,96.9,D,0
-21.5359,122.43,335.6,1.7,1.3,2014-10-16,0600,Aqua,MODIS,67,6.2,298.8,43.9,D,0
-22.5168,117.4764,378,1,1,2014-10-16,0600,Aqua,MODIS,75,6.2,318,125.8,D,0
-22.508,117.4792,372.5,1,1,2014-10-16,0600,Aqua,MODIS,61,6.2,313.5,109.6,D,0
-22.115,123.3561,348.5,1.9,1.4,2014-10-16,0600,Aqua,MODIS,69,6.2,318.9,93,D,0
-22.5094,117.4695,386,1,1,2014-10-16,0600,Aqua,MODIS,61,6.2,318.8,163,D,0
-19.9618,123.2364,344,2.1,1.4,2014-10-16,0600,Aqua,MODIS,86,6.2,315.5,77.8,D,0
-22.5004,117.468,363.2,1,1,2014-10-16,0600,Aqua,MODIS,82,6.2,299.8,79.6,D,0
-22.5258,117.4779,360.8,1,1,2014-10-16,0600,Aqua,MODIS,95,6.2,313.9,67.2,D,0
-22.4962,117.4971,330.5,1,1,2014-10-16,0600,Aqua,MODIS,42,6.2,273.8,16.8,D,0
-16.6422,122.9592,410.4,2.3,1.5,2014-10-16,0601,Aqua,MODIS,100,6.2,315.2,1059,D,0
-16.6383,122.9812,364,2.3,1.5,2014-10-16,0601,Aqua,MODIS,94,6.2,305.7,285,D,0
-16.6554,122.9617,333.7,2.3,1.5,2014-10-16,0601,Aqua,MODIS,70,6.2,306.5,60.4,D,0
-16.6368,122.9632,382,2.3,1.5,2014-10-16,0601,Aqua,MODIS,87,6.2,310,501.2,D,0
-16.65,122.9658,387.9,2.3,1.5,2014-10-16,0601,Aqua,MODIS,94,6.2,311.2,590.9,D,0
-16.6408,122.9414,337.6,2.3,1.5,2014-10-16,0601,Aqua,MODIS,84,6.2,308,82.4,D,0
-16.6592,122.9399,326.4,2.3,1.5,2014-10-16,0601,Aqua,MODIS,21,6.2,307.8,29.4,D,0
-16.646,122.9373,337.1,2.3,1.5,2014-10-16,0601,Aqua,MODIS,84,6.2,309.2,83,D,0
-16.4256,125.0839,328.7,3.4,1.7,2014-10-16,0601,Aqua,MODIS,63,6.2,310,64.2,D,0
-16.6553,123.012,376.4,2.4,1.5,2014-10-16,0601,Aqua,MODIS,75,6.2,309.8,437.3,D,0
-16.6803,122.9491,345.5,2.3,1.5,2014-10-16,0601,Aqua,MODIS,91,6.2,309.4,132.1,D,0
-17.0573,122.829,330.8,2.2,1.5,2014-10-16,0601,Aqua,MODIS,30,6.2,312.3,35.7,D,0
-16.6672,122.9465,326.9,2.3,1.5,2014-10-16,0601,Aqua,MODIS,67,6.2,306.2,38.9,D,0
-16.6974,122.9301,393.2,2.3,1.5,2014-10-16,0601,Aqua,MODIS,100,6.2,311.7,693.4,D,0
-17.5363,125.2708,332.5,3.3,1.7,2014-10-16,0601,Aqua,MODIS,27,6.2,315.7,55.4,D,0
-16.6592,122.9902,362.1,2.3,1.5,2014-10-16,0601,Aqua,MODIS,100,6.2,311.4,268.9,D,0
-16.6764,122.9709,356.9,2.3,1.5,2014-10-16,0601,Aqua,MODIS,98,6.2,312.6,214.1,D,0
-16.6935,122.9516,431.3,2.3,1.5,2014-10-16,0601,Aqua,MODIS,100,6.2,321.6,1670.8,D,0
-16.6896,122.9734,384.3,2.3,1.5,2014-10-16,0601,Aqua,MODIS,100,6.2,307.5,547.2,D,0
-16.7067,122.9542,345.3,2.3,1.5,2014-10-16,0601,Aqua,MODIS,90,6.2,300.6,144.7,D,0
-16.6725,122.9927,381.7,2.3,1.5,2014-10-16,0601,Aqua,MODIS,100,6.2,310,510.8,D,0
-16.6685,123.0145,341.6,2.4,1.5,2014-10-16,0601,Aqua,MODIS,66,6.2,303.8,116,D,0
-16.6842,122.9275,347.3,2.3,1.5,2014-10-16,0601,Aqua,MODIS,92,6.2,305.4,145.5,D,0
-16.6711,122.9249,323.7,2.3,1.5,2014-10-16,0601,Aqua,MODIS,24,6.2,306,22.7,D,0
-16.7105,122.9327,325.5,2.3,1.5,2014-10-16,0601,Aqua,MODIS,61,6.2,299.2,45.1,D,0
-16.646,122.9877,343.2,2.3,1.5,2014-10-16,0601,Aqua,MODIS,77,6.2,306,114.5,D,0
-16.6478,123.0056,337.5,2.4,1.5,2014-10-16,0601,Aqua,MODIS,63,6.2,307.5,84.6,D,0
-16.4188,125.0879,327.9,3.4,1.7,2014-10-16,0601,Aqua,MODIS,52,6.2,308.8,60,D,0
-16.6539,122.944,357.2,2.3,1.5,2014-10-16,0601,Aqua,MODIS,98,6.2,309.9,216.8,D,0
-17.0535,122.8498,330.8,2.3,1.5,2014-10-16,0601,Aqua,MODIS,43,6.2,311.6,38.6,D,0
-16.6857,122.9952,358.7,2.3,1.5,2014-10-16,0601,Aqua,MODIS,99,6.2,302.9,243.9,D,0
-16.9107,124.4504,344.5,3,1.6,2014-10-16,0601,Aqua,MODIS,76,6.2,313.3,138.1,D,0
-17.2425,123.2809,342,2.4,1.5,2014-10-16,0601,Aqua,MODIS,86,6.2,315.2,82.1,D,0
-17.2385,123.3034,335.2,2.4,1.5,2014-10-16,0601,Aqua,MODIS,58,6.2,315.7,47.6,D,0
-17.6469,126.0362,331.8,3.8,1.8,2014-10-16,0601,Aqua,MODIS,50,6.2,313.5,78.8,D,0
-17.6396,126.0274,333.5,3.8,1.8,2014-10-16,0601,Aqua,MODIS,67,6.2,313.1,94.3,D,0
-17.5423,125.2397,337,3.3,1.7,2014-10-16,0601,Aqua,MODIS,65,6.2,317.9,94,D,0
-17.2376,123.2873,345.2,2.4,1.5,2014-10-16,0601,Aqua,MODIS,89,6.2,316.2,107,D,0
-17.3083,123.2788,336.1,2.4,1.5,2014-10-16,0601,Aqua,MODIS,68,6.2,311.9,58.9,D,0
-17.3019,123.2827,344.3,2.4,1.5,2014-10-16,0601,Aqua,MODIS,0,6.2,312.1,107.8,D,0
-16.9122,124.4457,344.2,3,1.6,2014-10-16,0601,Aqua,MODIS,68,6.2,313.6,145.3,D,0
-17.6725,126.0772,331.4,3.8,1.8,2014-10-16,0601,Aqua,MODIS,46,6.2,315.4,75.8,D,0
-14.9042,125.8713,321,4.2,1.9,2014-10-16,0601,Aqua,MODIS,73,6.2,304.8,59.5,D,0
-14.9119,125.8323,337.3,4.2,1.9,2014-10-16,0601,Aqua,MODIS,88,6.2,303.5,217,D,0
-14.9005,125.863,326.6,4.2,1.9,2014-10-16,0601,Aqua,MODIS,80,6.2,305,107,D,0
-14.9078,125.8245,332,4.2,1.9,2014-10-16,0601,Aqua,MODIS,84,6.2,303,155.7,D,0
-15.9867,125.9729,323.3,4.1,1.9,2014-10-16,0601,Aqua,MODIS,56,6.2,308.1,50.7,D,0
-15.9745,126.0021,328.6,4.1,1.9,2014-10-16,0601,Aqua,MODIS,73,6.2,311.2,100.5,D,0
-24.7874,152.2052,308.5,2.3,1.5,2014-10-16,1207,Terra,MODIS,75,6.2,287.7,35.4,N,0
-24.7784,152.1986,306.7,2.3,1.5,2014-10-16,1207,Terra,MODIS,62,6.2,287.7,29.4,N,0
-23.3838,123.2957,311.6,4.5,1.9,2014-10-16,1346,Terra,MODIS,83,6.2,280.4,120.1,N,0
-23.384,123.2909,309.4,4.5,1.9,2014-10-16,1346,Terra,MODIS,73,6.2,278.1,101.8,N,0
-20.129,123.2478,306.1,4.1,1.9,2014-10-16,1347,Terra,MODIS,67,6.2,294.9,46.3,N,0
-19.6414,128.3465,306.8,1.7,1.3,2014-10-16,1347,Terra,MODIS,52,6.2,291.1,15.3,N,0
-19.6495,128.3534,308.5,1.7,1.3,2014-10-16,1347,Terra,MODIS,75,6.2,291.5,18.1,N,0
-19.9658,123.259,319.9,4.1,1.9,2014-10-16,1347,Terra,MODIS,99,6.2,295.7,127.7,N,0
-19.9622,123.2981,317.7,4.1,1.9,2014-10-16,1347,Terra,MODIS,96,6.2,294.5,111.4,N,0
-19.9523,123.2176,316.9,4.1,1.9,2014-10-16,1347,Terra,MODIS,94,6.2,295.7,108,N,0
-19.9556,123.2232,317.2,4.1,1.9,2014-10-16,1347,Terra,MODIS,95,6.2,295.9,109.1,N,0
-19.9523,123.2629,307,4.1,1.9,2014-10-16,1347,Terra,MODIS,70,6.2,295.5,47.3,N,0
-19.9693,123.2647,320.2,4.1,1.9,2014-10-16,1347,Terra,MODIS,100,6.2,295.5,127.5,N,0
-19.966,123.3038,312.8,4.1,1.9,2014-10-16,1347,Terra,MODIS,86,6.2,294,77.8,N,0
-20.7292,139.4803,301.2,1.8,1.3,2014-10-16,1347,Terra,MODIS,38,6.2,291.1,10.6,N,2
-17.7899,144.4957,301,4.8,2,2014-10-16,1347,Terra,MODIS,34,6.2,289.8,40.7,N,0
-17.7877,144.5,300.5,4.8,2,2014-10-16,1347,Terra,MODIS,18,6.2,289.6,36.6,N,0
-19.6882,143.4908,300.9,3.7,1.8,2014-10-16,1347,Terra,MODIS,35,6.2,290.7,27.4,N,0
-21.5998,123.023,311.8,4.5,1.9,2014-10-16,1347,Terra,MODIS,56,6.2,292.1,82.9,N,0
-21.6384,122.9826,310.2,4.5,2,2014-10-16,1347,Terra,MODIS,25,6.2,284.5,73.7,N,0
-21.5995,123.0182,312.6,4.5,1.9,2014-10-16,1347,Terra,MODIS,16,6.2,291.5,85.9,N,0
-21.6561,122.9909,321,4.5,2,2014-10-16,1347,Terra,MODIS,85,6.2,291.2,161.7,N,0
-20.1325,123.2078,313.2,4.2,1.9,2014-10-16,1347,Terra,MODIS,87,6.2,295.2,86.1,N,0
-20.1354,123.213,315.2,4.2,1.9,2014-10-16,1347,Terra,MODIS,91,6.2,295.3,97.1,N,0
-21.6561,122.9842,317,4.5,2,2014-10-16,1347,Terra,MODIS,57,6.2,290.1,127.1,N,0
-19.6544,128.204,308.2,1.7,1.3,2014-10-16,1347,Terra,MODIS,74,6.2,293.2,18.6,N,0
-19.6589,128.1988,306.6,1.7,1.3,2014-10-16,1347,Terra,MODIS,46,6.2,292.4,14.6,N,0
-19.8193,127.9727,315,1.8,1.3,2014-10-16,1347,Terra,MODIS,90,6.2,294,33.1,N,0
-19.8212,127.9552,317.7,1.8,1.3,2014-10-16,1347,Terra,MODIS,95,6.2,294.2,39.4,N,0
-16.8844,142.5621,308.6,3.6,1.8,2014-10-16,1347,Terra,MODIS,15,6.2,291.3,47.9,N,0
-16.9303,142.5424,303.8,3.6,1.8,2014-10-16,1347,Terra,MODIS,13,6.2,290.9,31.1,N,0
-16.8461,142.5889,318.3,3.6,1.8,2014-10-16,1347,Terra,MODIS,41,6.2,292.6,93.4,N,0
-16.8302,142.5855,313.7,3.6,1.8,2014-10-16,1347,Terra,MODIS,58,6.2,291.7,70.8,N,0
-16.0995,134.102,340.4,1,1,2014-10-16,1348,Terra,MODIS,100,6.2,295.4,45.3,N,0
-14.4673,135.224,303.8,1.2,1.1,2014-10-16,1348,Terra,MODIS,57,6.2,291.4,8.1,N,0
-16.7298,142.6277,302.4,3.7,1.8,2014-10-16,1348,Terra,MODIS,26,6.2,290.9,25.3,N,0
-16.0981,134.1118,328,1,1,2014-10-16,1348,Terra,MODIS,100,6.2,294.1,26.7,N,0
-16.7292,142.587,320.5,3.7,1.8,2014-10-16,1348,Terra,MODIS,100,6.2,292.1,114.3,N,0
-16.7204,142.5903,306,3.7,1.8,2014-10-16,1348,Terra,MODIS,67,6.2,291.3,41.1,N,0
-14.929,142.6475,307.7,4,1.9,2014-10-16,1348,Terra,MODIS,44,6.2,287.1,59.4,N,0
-16.1087,134.1035,310.9,1,1,2014-10-16,1348,Terra,MODIS,68,6.2,291.8,10.6,N,0
-16.8452,130.6893,307.6,1.1,1.1,2014-10-16,1348,Terra,MODIS,68,6.2,294.2,7.8,N,0
-16.8466,130.6787,309.1,1.1,1.1,2014-10-16,1348,Terra,MODIS,63,6.2,295.2,8.8,N,0
-16.8357,130.6879,323.6,1.1,1.1,2014-10-16,1348,Terra,MODIS,100,6.2,295.5,22.9,N,0
-16.8399,130.6561,306.6,1.1,1.1,2014-10-16,1348,Terra,MODIS,59,6.2,294.6,6.6,N,0
-16.8166,130.6851,311.2,1.1,1.1,2014-10-16,1348,Terra,MODIS,67,6.2,296,9.6,N,0
-16.0343,134.1612,305.4,1,1,2014-10-16,1348,Terra,MODIS,64,6.2,293.4,6.8,N,0
-14.9251,142.6398,308.8,4,1.9,2014-10-16,1348,Terra,MODIS,52,6.2,287.7,65.8,N,0
-16.7364,142.5937,322.2,3.7,1.8,2014-10-16,1348,Terra,MODIS,100,6.2,292.4,126.3,N,0
-16.0623,134.2257,302.6,1.1,1,2014-10-16,1348,Terra,MODIS,9,6.2,292.3,5,N,0
-16.0638,134.216,305.3,1.1,1,2014-10-16,1348,Terra,MODIS,41,6.2,291.2,6.4,N,0
-16.0841,134.0797,323.4,1,1,2014-10-16,1348,Terra,MODIS,100,6.2,295.1,21.9,N,0
-16.0826,134.0894,331.8,1,1,2014-10-16,1348,Terra,MODIS,100,6.2,295.7,32.9,N,0
-16.0904,134.1005,332.7,1,1,2014-10-16,1348,Terra,MODIS,100,6.2,296,33.2,N,0
-16.0932,134.0811,318.3,1,1,2014-10-16,1348,Terra,MODIS,97,6.2,293.3,16.2,N,0
-16.1073,134.1132,307.4,1,1,2014-10-16,1348,Terra,MODIS,30,6.2,291.7,7.7,N,0
-18.0911,124.1601,311.9,3.3,1.7,2014-10-16,1348,Terra,MODIS,83,6.2,294.7,53.1,N,0
-18.0958,124.1551,313.5,3.3,1.7,2014-10-16,1348,Terra,MODIS,87,6.2,294.5,60.6,N,0
-16.0918,134.0909,352.9,1,1,2014-10-16,1348,Terra,MODIS,100,6.2,298,71.8,N,0
-16.1412,134.1247,303.2,1,1,2014-10-16,1348,Terra,MODIS,27,6.2,289.7,5.4,N,0
-16.1706,134.1793,300.2,1,1,2014-10-16,1348,Terra,MODIS,12,6.2,288.9,4.6,N,0
-16.7228,142.6211,313.3,3.7,1.8,2014-10-16,1348,Terra,MODIS,87,6.2,291.8,72.6,N,0
-14.53,134.7469,305.5,1.1,1.1,2014-10-16,1348,Terra,MODIS,61,6.2,293.1,6.9,N,0
-14.5364,134.7696,311.6,1.1,1.1,2014-10-16,1348,Terra,MODIS,79,6.2,294.1,11.3,N,0
-16.0715,134.2272,323.1,1.1,1,2014-10-16,1348,Terra,MODIS,100,6.2,293.3,21.9,N,0
-16.0807,134.2287,311.6,1.1,1,2014-10-16,1348,Terra,MODIS,5,6.2,290.6,10.4,N,0
-16.0977,134.2416,305.6,1.1,1,2014-10-16,1348,Terra,MODIS,45,6.2,289.3,7.9,N,0
-16.1406,134.2545,300.3,1.1,1,2014-10-16,1348,Terra,MODIS,9,6.2,288.3,4.8,N,0
-16.5754,142.4769,328.2,3.6,1.8,2014-10-16,1348,Terra,MODIS,100,6.2,291.9,164.7,N,0
-16.5595,142.4735,301.4,3.6,1.8,2014-10-16,1348,Terra,MODIS,32,6.2,290.5,22,N,0
-16.6229,142.6643,314.2,3.7,1.8,2014-10-16,1348,Terra,MODIS,86,6.2,292.2,73.6,N,0
-16.5907,142.6573,327.8,3.7,1.8,2014-10-16,1348,Terra,MODIS,100,6.2,293,166.1,N,0
-16.6427,142.6038,315.5,3.7,1.8,2014-10-16,1348,Terra,MODIS,90,6.2,292.2,79.7,N,0
-16.5689,142.5105,314.1,3.6,1.8,2014-10-16,1348,Terra,MODIS,88,6.2,291.9,72.4,N,0
-15.3628,142.8417,311.2,4.1,1.9,2014-10-16,1348,Terra,MODIS,74,6.2,289.5,70.8,N,0
-16.6039,142.6311,348.5,3.7,1.8,2014-10-16,1348,Terra,MODIS,100,6.2,295,381.7,N,0
-16.6133,142.6263,310.5,3.7,1.8,2014-10-16,1348,Terra,MODIS,67,6.2,292.7,53.5,N,0
-16.6293,142.6298,339.4,3.7,1.8,2014-10-16,1348,Terra,MODIS,100,6.2,295.4,273.2,N,0
-16.8003,142.6075,303.8,3.7,1.8,2014-10-16,1348,Terra,MODIS,25,6.2,291.4,30.8,N,0
-16.5491,142.6125,301.7,3.7,1.8,2014-10-16,1348,Terra,MODIS,39,6.2,290.7,22.4,N,0
-16.5913,142.4803,303.4,3.6,1.8,2014-10-16,1348,Terra,MODIS,31,6.2,291.1,27.5,N,0
-16.5879,142.6277,334.2,3.7,1.8,2014-10-16,1348,Terra,MODIS,100,6.2,293.2,218,N,0
-16.636,142.638,309.8,3.7,1.8,2014-10-16,1348,Terra,MODIS,32,6.2,292.8,50.7,N,0
-16.5529,142.507,303.8,3.6,1.8,2014-10-16,1348,Terra,MODIS,57,6.2,291.4,29.4,N,0
-16.5972,142.6229,353.2,3.7,1.8,2014-10-16,1348,Terra,MODIS,100,6.2,295.6,453.9,N,0
-15.3496,142.844,305.4,4.1,1.9,2014-10-16,1348,Terra,MODIS,21,6.2,289.3,38.6,N,0
-16.5612,142.5037,318.8,3.6,1.8,2014-10-16,1348,Terra,MODIS,97,6.2,292,101.6,N,0
-16.5675,142.47,319.5,3.6,1.8,2014-10-16,1348,Terra,MODIS,99,6.2,291.2,105.7,N,0
-16.62,142.6346,351.5,3.7,1.8,2014-10-16,1348,Terra,MODIS,100,6.2,295.7,421.8,N,0
-17.6927,126.0919,317.2,2.3,1.5,2014-10-16,1348,Terra,MODIS,94,6.2,300.8,40.2,N,0
-17.1277,130.4083,310.1,1.2,1.1,2014-10-16,1348,Terra,MODIS,39,6.2,287.9,11.2,N,0
-17.1194,130.3959,318.3,1.2,1.1,2014-10-16,1348,Terra,MODIS,88,6.2,290.4,19.6,N,0
-17.1208,130.3849,319.7,1.2,1.1,2014-10-16,1348,Terra,MODIS,97,6.2,289.4,22.1,N,0
-16.6107,127.3697,310.1,1.8,1.3,2014-10-16,1348,Terra,MODIS,55,6.2,296.3,18.2,N,0
-16.5849,127.2797,305.8,1.8,1.3,2014-10-16,1348,Terra,MODIS,36,6.2,294.1,13.7,N,0
-16.6127,127.3527,309.7,1.8,1.3,2014-10-16,1348,Terra,MODIS,77,6.2,295.9,18.5,N,0
-16.6048,127.3173,310.8,1.8,1.3,2014-10-16,1348,Terra,MODIS,27,6.2,294.5,19.6,N,0
-16.6484,129.7005,320.3,1.3,1.1,2014-10-16,1348,Terra,MODIS,100,6.2,300.7,21.1,N,0
-16.6368,129.711,326.8,1.3,1.1,2014-10-16,1348,Terra,MODIS,100,6.2,298.9,30.5,N,0
-17.0704,130.3715,352.6,1.2,1.1,2014-10-16,1348,Terra,MODIS,100,6.2,294.7,84.9,N,0
-17.0816,130.3618,302.9,1.2,1.1,2014-10-16,1348,Terra,MODIS,46,6.2,291.9,5.6,N,0
-17.0802,130.3729,333.5,1.2,1.1,2014-10-16,1348,Terra,MODIS,100,6.2,295.8,41.2,N,0
-17.0787,130.3839,325.4,1.2,1.1,2014-10-16,1348,Terra,MODIS,100,6.2,295.8,27.6,N,0
-17.087,130.3963,308.4,1.2,1.1,2014-10-16,1348,Terra,MODIS,36,6.2,295.3,10.2,N,0
-17.0855,130.4072,308,1.2,1.1,2014-10-16,1348,Terra,MODIS,34,6.2,293.6,9.4,N,0
-17.1139,130.3614,311.3,1.2,1.1,2014-10-16,1348,Terra,MODIS,82,6.2,289.5,13.7,N,0
-17.1125,130.3724,328,1.2,1.1,2014-10-16,1348,Terra,MODIS,100,6.2,291.1,34,N,0
-16.674,129.7401,320.4,1.3,1.1,2014-10-16,1348,Terra,MODIS,100,6.2,299.4,22.3,N,0
-16.6397,129.6929,337.2,1.3,1.1,2014-10-16,1348,Terra,MODIS,100,6.2,301.8,50.7,N,0
-16.6383,129.6991,355.1,1.3,1.1,2014-10-16,1348,Terra,MODIS,100,6.2,302.6,99.8,N,0
-16.6398,129.6872,323.5,1.3,1.1,2014-10-16,1348,Terra,MODIS,100,6.2,299.7,25.8,N,0
-16.6366,129.7166,308.4,1.3,1.1,2014-10-16,1348,Terra,MODIS,74,6.2,297.9,8.4,N,0
-16.6382,129.7048,346,1.3,1.1,2014-10-16,1348,Terra,MODIS,100,6.2,301.8,73.1,N,0
-16.6524,129.7493,321.4,1.3,1.1,2014-10-16,1348,Terra,MODIS,100,6.2,299.7,22.9,N,0
-16.664,129.7388,318.5,1.3,1.1,2014-10-16,1348,Terra,MODIS,97,6.2,300,19.1,N,0
-16.6695,129.7755,331,1.3,1.1,2014-10-16,1348,Terra,MODIS,100,6.2,300.8,38.1,N,0
-16.6439,129.7361,312.8,1.3,1.1,2014-10-16,1348,Terra,MODIS,84,6.2,298.1,11.6,N,0
-16.6539,129.7375,319.4,1.3,1.1,2014-10-16,1348,Terra,MODIS,98,6.2,300.2,20,N,0
-18.2416,130.4473,304.2,1.2,1.1,2014-10-16,1348,Terra,MODIS,59,6.2,288,9.6,N,0
-17.1042,130.36,301.4,1.2,1.1,2014-10-16,1348,Terra,MODIS,14,6.2,288.6,5.5,N,0
-17.0719,130.3604,328.8,1.2,1.1,2014-10-16,1348,Terra,MODIS,100,6.2,294.5,33.8,N,0
-16.671,129.7637,311,1.3,1.1,2014-10-16,1348,Terra,MODIS,75,6.2,299.5,10.1,N,0
-16.6454,129.7243,341.7,1.3,1.1,2014-10-16,1348,Terra,MODIS,100,6.2,300.8,60.9,N,0
-16.6584,129.7019,311.7,1.3,1.1,2014-10-16,1348,Terra,MODIS,83,6.2,299.1,11.5,N,0
-16.6725,129.7519,327.1,1.3,1.1,2014-10-16,1348,Terra,MODIS,100,6.2,300,32,N,0
-17.1564,130.4904,308.8,1.2,1.1,2014-10-16,1348,Terra,MODIS,18,6.2,291.3,10,N,0
-17.1288,130.4754,309.1,1.2,1.1,2014-10-16,1348,Terra,MODIS,5,6.2,293.3,9.9,N,0
-16.6469,129.7124,338.2,1.3,1.1,2014-10-16,1348,Terra,MODIS,100,6.2,301.7,52.6,N,0
-16.6795,129.7769,316,1.3,1.1,2014-10-16,1348,Terra,MODIS,92,6.2,299.4,16,N,0
-17.3225,128.5775,306,1.5,1.2,2014-10-16,1348,Terra,MODIS,43,6.2,292.2,12,N,0
-16.678,129.7888,315,1.3,1.1,2014-10-16,1348,Terra,MODIS,90,6.2,299.9,14.6,N,0
-16.661,129.7624,319.9,1.3,1.1,2014-10-16,1348,Terra,MODIS,99,6.2,299.6,20.5,N,0
-16.6625,129.7506,311.3,1.3,1.1,2014-10-16,1348,Terra,MODIS,82,6.2,299.7,10.4,N,0
-17.1123,130.4507,323.2,1.2,1.1,2014-10-16,1348,Terra,MODIS,100,6.2,294.6,24.4,N,0
-17.1539,130.4344,307,1.2,1.1,2014-10-16,1348,Terra,MODIS,64,6.2,287.2,10.5,N,0
-17.1457,130.4221,304.2,1.2,1.1,2014-10-16,1348,Terra,MODIS,14,6.2,289.2,7.9,N,0
-17.1263,130.4193,313.5,1.2,1.1,2014-10-16,1348,Terra,MODIS,66,6.2,290.4,13.8,N,0
-17.4198,128.524,307,1.5,1.2,2014-10-16,1348,Terra,MODIS,19,6.2,296.7,10.5,N,0
-17.4173,128.5326,320,1.5,1.2,2014-10-16,1348,Terra,MODIS,99,6.2,297.1,31.3,N,0
-17.4191,128.518,308.1,1.5,1.2,2014-10-16,1348,Terra,MODIS,74,6.2,296.5,13.1,N,0
-17.4062,128.5313,305.3,1.5,1.2,2014-10-16,1348,Terra,MODIS,64,6.2,294.8,9.5,N,0
-17.655,126.0652,310.5,2.4,1.5,2014-10-16,1348,Terra,MODIS,79,6.2,299.2,21.6,N,0
-17.6879,126.0975,320,2.3,1.5,2014-10-16,1348,Terra,MODIS,100,6.2,300.5,48.8,N,0
-16.6569,129.7139,331.1,1.3,1.1,2014-10-16,1348,Terra,MODIS,100,6.2,301,39.1,N,0
-16.6554,129.7257,313.9,1.3,1.1,2014-10-16,1348,Terra,MODIS,88,6.2,299.7,13.8,N,0
-16.667,129.7151,311.8,1.3,1.1,2014-10-16,1348,Terra,MODIS,83,6.2,299,11.8,N,0
-16.6655,129.7269,324.3,1.3,1.1,2014-10-16,1348,Terra,MODIS,100,6.2,300.4,27.8,N,0
-17.1903,130.4789,308,1.2,1.1,2014-10-16,1348,Terra,MODIS,73,6.2,290.3,10,N,0
-17.1758,130.4931,310.5,1.2,1.1,2014-10-16,1348,Terra,MODIS,72,6.2,290.5,12,N,0
-16.85,123.1183,309.7,3.8,1.8,2014-10-16,1348,Terra,MODIS,77,6.2,294.5,55.3,N,0
-16.6186,127.4053,316.5,1.8,1.3,2014-10-16,1348,Terra,MODIS,93,6.2,297.1,30.9,N,0
-17.1917,130.468,307.2,1.2,1.1,2014-10-16,1348,Terra,MODIS,71,6.2,290.7,9.8,N,0
-16.8393,123.1239,324.3,3.8,1.8,2014-10-16,1348,Terra,MODIS,100,6.2,294.8,145.8,N,0
-16.6087,127.3866,312.7,1.8,1.3,2014-10-16,1348,Terra,MODIS,69,6.2,296.1,22.1,N,0
-17.1793,130.4884,310.7,1.2,1.1,2014-10-16,1348,Terra,MODIS,41,6.2,290.9,11.7,N,0
-15.1906,131.5232,305.8,1,1,2014-10-16,1348,Terra,MODIS,9,6.2,290.4,6.3,N,0
-18.1444,132.3439,315.2,1,1,2014-10-16,1348,Terra,MODIS,91,6.2,291,15.2,N,0
-18.1842,132.4577,310.1,1,1,2014-10-16,1348,Terra,MODIS,79,6.2,292.6,10.8,N,0
-18.1855,132.4481,309.9,1,1,2014-10-16,1348,Terra,MODIS,63,6.2,293,10.5,N,0
-18.1457,132.3343,326.6,1,1,2014-10-16,1348,Terra,MODIS,100,6.2,294.3,26.5,N,0
-15.1723,131.5205,306.5,1,1,2014-10-16,1348,Terra,MODIS,29,6.2,289.8,7,N,0
-18.1765,132.4467,338.9,1,1,2014-10-16,1348,Terra,MODIS,100,6.2,294.1,42.8,N,0
-18.147,132.3247,318.3,1,1,2014-10-16,1348,Terra,MODIS,97,6.2,294.3,17.8,N,0
-18.1186,132.7292,313.3,1,1,2014-10-16,1348,Terra,MODIS,87,6.2,289.4,12.9,N,0
-18.1276,132.7306,304.6,1,1,2014-10-16,1348,Terra,MODIS,56,6.2,288.6,7.2,N,0
-18.1303,132.7117,308.8,1,1,2014-10-16,1348,Terra,MODIS,76,6.2,289.8,10.1,N,0
-18.1791,132.4276,347.5,1,1,2014-10-16,1348,Terra,MODIS,100,6.2,295.5,59.3,N,0
-18.1778,132.4371,412.4,1,1,2014-10-16,1348,Terra,MODIS,100,6.2,309.7,344.2,N,0
-18.1166,132.2154,328.8,1,1,2014-10-16,1348,Terra,MODIS,100,6.2,291.6,29.8,N,0
-18.1075,132.214,309.6,1,1,2014-10-16,1348,Terra,MODIS,78,6.2,287.8,11.1,N,0
-18.129,132.7212,347.8,1,1,2014-10-16,1348,Terra,MODIS,100,6.2,293.7,60,N,0
-18.1199,132.7198,316.6,1,1,2014-10-16,1348,Terra,MODIS,93,6.2,290.2,15.7,N,0
-18.0911,132.4662,300.1,1,1,2014-10-16,1348,Terra,MODIS,13,6.2,289.2,5.3,N,0
-18.1392,132.3137,312.6,1,1,2014-10-16,1348,Terra,MODIS,85,6.2,290.5,12.9,N,0
-18.1789,132.4959,306.4,1,1,2014-10-16,1348,Terra,MODIS,68,6.2,288.6,8.7,N,0
-15.1814,131.5219,307.2,1,1,2014-10-16,1348,Terra,MODIS,21,6.2,289.9,7.1,N,0
-18.1802,132.4863,303.6,1,1,2014-10-16,1348,Terra,MODIS,54,6.2,290.1,6.7,N,0
-18.1815,132.4768,303.1,1,1,2014-10-16,1348,Terra,MODIS,47,6.2,290.2,6.4,N,0
-18.1521,132.3549,311.2,1,1,2014-10-16,1348,Terra,MODIS,82,6.2,291.7,12.3,N,0
-18.1534,132.3453,310.6,1,1,2014-10-16,1348,Terra,MODIS,80,6.2,292.5,11.5,N,0
-18.1829,132.4672,308.5,1,1,2014-10-16,1348,Terra,MODIS,55,6.2,290.8,9.4,N,0
-17.989,132.4738,302.4,1,1,2014-10-16,1348,Terra,MODIS,49,6.2,288.1,6.6,N,0
-13.7372,132.4426,312.6,1,1,2014-10-16,1349,Terra,MODIS,85,6.2,293.7,10.5,N,0
-13.7462,132.444,311.6,1,1,2014-10-16,1349,Terra,MODIS,80,6.2,294.2,9.5,N,0
-12.2746,132.758,303.9,1,1,2014-10-16,1349,Terra,MODIS,38,6.2,293.3,4.6,N,0
-13.0715,133.0989,317.8,1,1,2014-10-16,1349,Terra,MODIS,95,6.2,298.8,12,N,0
-13.4516,134.3793,303.6,1.1,1.1,2014-10-16,1349,Terra,MODIS,56,6.2,292.7,5.3,N,0
-12.2927,132.7608,319.6,1,1,2014-10-16,1349,Terra,MODIS,99,6.2,294.2,16.4,N,0
-13.4532,134.369,304.6,1.1,1.1,2014-10-16,1349,Terra,MODIS,61,6.2,292.9,5.9,N,0
-13.0883,133.1111,329.2,1,1,2014-10-16,1349,Terra,MODIS,100,6.2,300.9,24.3,N,0
-13.0897,133.1017,312.4,1,1,2014-10-16,1349,Terra,MODIS,12,6.2,300.3,6.9,N,0
-13.0792,133.1097,330.4,1,1,2014-10-16,1349,Terra,MODIS,100,6.2,300.7,25.7,N,0
-12.9951,132.7414,339.4,1,1,2014-10-16,1349,Terra,MODIS,100,6.2,297.8,40.6,N,0
-13.0806,133.1003,322.5,1,1,2014-10-16,1349,Terra,MODIS,100,6.2,300.8,16.4,N,0
-12.9861,132.74,326.9,1,1,2014-10-16,1349,Terra,MODIS,100,6.2,296.8,23.2,N,0
-12.9938,132.7507,327.1,1,1,2014-10-16,1349,Terra,MODIS,100,6.2,296.9,22.9,N,0
-13.7758,132.4297,308.5,1,1,2014-10-16,1349,Terra,MODIS,65,6.2,293.9,7.3,N,0
-14.1645,132.0242,306.3,1,1,2014-10-16,1349,Terra,MODIS,55,6.2,294.3,5.4,N,0
-13.0021,130.3979,307.2,1.1,1,2014-10-16,1349,Terra,MODIS,67,6.2,294.4,8,N,0
-14.2475,127.0095,345.2,1.8,1.3,2014-10-16,1349,Terra,MODIS,100,6.2,298.3,118.3,N,0
-14.2613,126.9945,320.7,1.8,1.3,2014-10-16,1349,Terra,MODIS,100,6.2,296.6,36.4,N,0
-13.0115,130.3992,329.6,1.1,1,2014-10-16,1349,Terra,MODIS,100,6.2,295.3,30.6,N,0
-13.7745,132.4389,308.4,1,1,2014-10-16,1349,Terra,MODIS,40,6.2,293.3,7.1,N,0
-14.3777,127.0829,307.4,1.8,1.3,2014-10-16,1349,Terra,MODIS,71,6.2,293.8,15.4,N,0
-14.2731,126.9962,321.7,1.8,1.3,2014-10-16,1349,Terra,MODIS,100,6.2,297.6,38.4,N,0
-14.4233,127.0051,308.6,1.8,1.3,2014-10-16,1349,Terra,MODIS,47,6.2,293.5,15.4,N,0
-14.2751,126.9794,317.1,1.8,1.3,2014-10-16,1349,Terra,MODIS,94,6.2,295.3,29.8,N,0
-14.4254,126.9885,325.9,1.8,1.3,2014-10-16,1349,Terra,MODIS,100,6.2,295.9,53.2,N,0
-14.2988,126.9826,314,1.8,1.3,2014-10-16,1349,Terra,MODIS,69,6.2,295.3,24.2,N,0
-14.2495,126.9929,310.5,1.8,1.3,2014-10-16,1349,Terra,MODIS,58,6.2,295,17.1,N,0
-13.765,132.5691,308.1,1,1,2014-10-16,1349,Terra,MODIS,73,6.2,292,7.9,N,0
-13.0101,130.4091,314.2,1.1,1,2014-10-16,1349,Terra,MODIS,88,6.2,294.6,13,N,0
-14.2869,126.981,349,1.8,1.3,2014-10-16,1349,Terra,MODIS,100,6.2,297,136.7,N,0
-13.7663,132.5599,300.7,1,1,2014-10-16,1349,Terra,MODIS,24,6.2,290.4,3.7,N,0
-14.4217,126.9772,308.9,1.8,1.3,2014-10-16,1349,Terra,MODIS,73,6.2,295.3,17.6,N,0
-14.289,126.9643,328.1,1.8,1.3,2014-10-16,1349,Terra,MODIS,100,6.2,295.8,58.9,N,0
-14.3008,126.9659,326.7,1.8,1.3,2014-10-16,1349,Terra,MODIS,100,6.2,295.8,55.7,N,0
-15.0034,130.0586,310.8,1.2,1.1,2014-10-16,1349,Terra,MODIS,78,6.2,293.5,10.7,N,0
-14.4197,126.9943,328.9,1.8,1.3,2014-10-16,1349,Terra,MODIS,100,6.2,296,62,N,0
-14.402,127.0426,305.1,1.8,1.3,2014-10-16,1349,Terra,MODIS,54,6.2,293.6,12,N,0
-14.2771,126.9628,307.4,1.8,1.3,2014-10-16,1349,Terra,MODIS,70,6.2,294.6,14.1,N,0
-14.2593,127.0113,326.5,1.8,1.3,2014-10-16,1349,Terra,MODIS,100,6.2,299,51.6,N,0
-13.7716,132.5231,301.7,1,1,2014-10-16,1349,Terra,MODIS,44,6.2,288.6,5.1,N,0
-14.1722,132.0348,307.8,1,1,2014-10-16,1349,Terra,MODIS,73,6.2,294.2,6.2,N,0
-14.1735,132.0256,313.1,1,1,2014-10-16,1349,Terra,MODIS,86,6.2,294.7,10.1,N,0
-12.5066,131.7863,309.3,1,1,2014-10-16,1349,Terra,MODIS,70,6.2,295.4,6.8,N,0
-14.6904,126.7631,308.4,1.9,1.3,2014-10-16,1349,Terra,MODIS,73,6.2,296.2,16.4,N,0
-12.1242,133.5353,305.7,1.1,1,2014-10-16,1349,Terra,MODIS,61,6.2,294.7,5.7,N,0
-12.0224,134.7582,312.7,1.2,1.1,2014-10-16,1349,Terra,MODIS,84,6.2,295.5,12.1,N,0
-12.0126,134.7566,308.3,1.2,1.1,2014-10-16,1349,Terra,MODIS,70,6.2,295.4,8.3,N,0
-12.3521,134.1503,319.7,1.1,1.1,2014-10-16,1349,Terra,MODIS,99,6.2,295.9,18.3,N,0
-12.4619,134.2905,306.7,1.1,1.1,2014-10-16,1349,Terra,MODIS,64,6.2,296.3,6.1,N,0
-12.3195,135.6087,305.1,1.4,1.2,2014-10-16,1349,Terra,MODIS,33,6.2,293,7.5,N,0
-12.5079,131.7771,309.9,1,1,2014-10-16,1349,Terra,MODIS,76,6.2,295.5,7.4,N,0
-12.5168,131.7785,307.7,1,1,2014-10-16,1349,Terra,MODIS,28,6.2,296,5.3,N,0
-11.6608,130.9357,308.1,1,1,2014-10-16,1349,Terra,MODIS,28,6.2,294.6,6.3,N,0
-11.3659,131.1383,306.5,1,1,2014-10-16,1349,Terra,MODIS,55,6.2,294.8,5.5,N,0
-11.353,131.0989,317.1,1,1,2014-10-16,1349,Terra,MODIS,48,6.2,296.1,11.8,N,0
-11.3582,131.0621,310,1,1,2014-10-16,1349,Terra,MODIS,54,6.2,295.3,7,N,0
-11.6452,130.9144,305.1,1,1,2014-10-16,1349,Terra,MODIS,10,6.2,294.2,4.5,N,0
-11.6957,130.9503,311.4,1,1,2014-10-16,1349,Terra,MODIS,82,6.2,294.2,9.6,N,0
-11.6685,130.9463,315.9,1,1,2014-10-16,1349,Terra,MODIS,92,6.2,294.4,12.4,N,0
-11.7034,130.9579,306.7,1,1,2014-10-16,1349,Terra,MODIS,67,6.2,294.3,5.9,N,0
-13.4153,134.3627,307.6,1.1,1.1,2014-10-16,1349,Terra,MODIS,33,6.2,293.6,7.1,N,0
-11.9292,134.0309,312.8,1.1,1.1,2014-10-16,1349,Terra,MODIS,84,6.2,296.2,10.8,N,0
-13.5016,130.4502,310.2,1.1,1,2014-10-16,1349,Terra,MODIS,79,6.2,294.9,9.8,N,0
-13.503,130.4402,330.7,1.1,1,2014-10-16,1349,Terra,MODIS,100,6.2,296.1,32.8,N,0
-13.5162,130.4582,312.4,1.1,1,2014-10-16,1349,Terra,MODIS,85,6.2,295.6,11.1,N,0
-13.5176,130.4483,316,1.1,1,2014-10-16,1349,Terra,MODIS,92,6.2,295.1,14.7,N,0
-15.3584,142.8614,307.2,4.1,1.9,2014-10-16,1514,Aqua,MODIS,55,6.2,290.1,50.1,N,0
-15.3491,142.8321,308.8,4.1,1.9,2014-10-16,1514,Aqua,MODIS,15,6.2,290,55.3,N,0
-15.3511,142.8239,308.4,4.1,1.9,2014-10-16,1514,Aqua,MODIS,73,6.2,289.9,56.7,N,0
-15.3678,142.8203,306.2,4.1,1.9,2014-10-16,1514,Aqua,MODIS,16,6.2,290,43.7,N,0
-19.654,143.4699,303.1,3,1.6,2014-10-16,1515,Aqua,MODIS,53,6.2,289.6,28.1,N,0
-16.8585,142.348,306.8,4.1,1.9,2014-10-16,1515,Aqua,MODIS,52,6.2,290.7,51.6,N,0
-16.8997,142.3787,337.5,4.1,1.9,2014-10-16,1515,Aqua,MODIS,100,6.2,294.4,293.7,N,0
-16.9719,142.4803,315.9,4,1.9,2014-10-16,1515,Aqua,MODIS,92,6.2,292,99.4,N,0
-16.9011,142.5801,308.7,3.9,1.8,2014-10-16,1515,Aqua,MODIS,75,6.2,292.5,57.4,N,0
-16.9646,142.443,307.2,4,1.9,2014-10-16,1515,Aqua,MODIS,71,6.2,291,52.7,N,0
-16.8977,142.3866,326.6,4.1,1.9,2014-10-16,1515,Aqua,MODIS,100,6.2,292.6,181.9,N,0
-16.892,142.3407,388,4.1,1.9,2014-10-16,1515,Aqua,MODIS,100,6.2,300,1450.8,N,0
-16.8843,142.3025,312.2,4.1,1.9,2014-10-16,1515,Aqua,MODIS,73,6.2,290.3,79,N,0
-16.8753,142.3443,347.6,4.1,1.9,2014-10-16,1515,Aqua,MODIS,100,6.2,294.1,439.8,N,0
-16.8675,142.3061,308,4.1,1.9,2014-10-16,1515,Aqua,MODIS,69,6.2,289.9,57.5,N,0
-16.9812,142.4393,316.6,4,1.9,2014-10-16,1515,Aqua,MODIS,93,6.2,291.3,107.5,N,0
-16.8903,142.3486,392.7,4.1,1.9,2014-10-16,1515,Aqua,MODIS,100,6.2,301.7,1634.5,N,0
-16.8828,142.3103,344.5,4.1,1.9,2014-10-16,1515,Aqua,MODIS,100,6.2,291.9,392.8,N,0
-16.8569,142.3559,305.1,4.1,1.9,2014-10-16,1515,Aqua,MODIS,63,6.2,290.6,46,N,0
-16.8736,142.3522,313.9,4.1,1.9,2014-10-16,1515,Aqua,MODIS,88,6.2,292.5,91.5,N,0
-16.8661,142.314,304.8,4.1,1.9,2014-10-16,1515,Aqua,MODIS,47,6.2,290.5,42.7,N,0
-16.9777,142.4739,315.8,4,1.9,2014-10-16,1515,Aqua,MODIS,92,6.2,292,101.4,N,0
-16.7631,142.6149,303.7,3.9,1.8,2014-10-16,1515,Aqua,MODIS,48,6.2,292.4,32,N,0
-16.76,142.6233,303.5,3.9,1.8,2014-10-16,1515,Aqua,MODIS,56,6.2,292.3,32.5,N,0
-16.9433,142.5325,313.4,4,1.9,2014-10-16,1515,Aqua,MODIS,87,6.2,292.4,83.5,N,0
-16.9042,142.5719,307.8,3.9,1.8,2014-10-16,1515,Aqua,MODIS,71,6.2,292,51.6,N,0
-16.7034,142.5972,302.2,4,1.9,2014-10-16,1515,Aqua,MODIS,46,6.2,292,27.8,N,0
-16.9701,142.4367,322.6,4,1.9,2014-10-16,1515,Aqua,MODIS,100,6.2,291.5,151.1,N,0
-16.9297,142.528,304.4,4,1.9,2014-10-16,1515,Aqua,MODIS,19,6.2,291.6,35.9,N,0
-24.7817,152.2053,303.1,1,1,2014-10-16,1516,Aqua,MODIS,53,6.2,287.6,7.4,N,0
-24.7725,152.2068,303.2,1,1,2014-10-16,1516,Aqua,MODIS,54,6.2,287.5,7.5,N,0
-21.1311,147.8206,301.1,1.4,1.2,2014-10-16,1516,Aqua,MODIS,23,6.2,288,8.7,N,0
-21.9531,149.4214,308.5,1.1,1,2014-10-16,1516,Aqua,MODIS,75,6.2,290.6,11.1,N,0
-25.0023,148.5141,302.1,1.1,1.1,2014-10-16,1517,Aqua,MODIS,8,6.2,286.9,7.9,N,0
-25.004,148.525,302.3,1.1,1.1,2014-10-16,1517,Aqua,MODIS,15,6.2,285.2,8,N,0
-25.0275,148.5253,305.4,1.1,1.1,2014-10-16,1517,Aqua,MODIS,64,6.2,287.9,11,N,0
-26.4159,153.1011,303.6,1.2,1.1,2014-10-16,1517,Aqua,MODIS,56,6.2,287.1,9.5,N,0
-20.9323,120.2138,314,4.4,1.9,2014-10-16,1525,Terra,MODIS,35,6.2,278.7,130.5,N,0
-20.8546,120.2391,310.3,4.4,1.9,2014-10-16,1525,Terra,MODIS,22,6.2,277.3,93.4,N,0
-20.8453,120.2819,321.3,4.4,1.9,2014-10-16,1525,Terra,MODIS,82,6.2,284.8,181.1,N,0
-20.8626,120.2858,314.8,4.4,1.9,2014-10-16,1525,Terra,MODIS,33,6.2,283.3,125.7,N,0
-20.836,120.3243,309.5,4.5,1.9,2014-10-16,1525,Terra,MODIS,9,6.2,278.4,95.2,N,0
-20.8452,120.2766,320.3,4.4,1.9,2014-10-16,1525,Terra,MODIS,100,6.2,284,179.5,N,0
-20.8542,120.2338,303.7,4.4,1.9,2014-10-16,1525,Terra,MODIS,21,6.2,275.6,66.9,N,0
-20.8362,120.3189,312,4.5,1.9,2014-10-16,1525,Terra,MODIS,41,6.2,278.5,116.6,N,0
-20.8624,120.2807,313,4.4,1.9,2014-10-16,1525,Terra,MODIS,47,6.2,283.4,115.8,N,0
-20.8535,120.3232,314.1,4.5,1.9,2014-10-16,1525,Terra,MODIS,59,6.2,279.7,125.1,N,0
-14.1519,132.0093,303.9,1.3,1.1,2014-10-16,1652,Aqua,MODIS,53,6.2,292.2,8,N,0
-13.8355,132.6394,303.9,1.4,1.2,2014-10-16,1652,Aqua,MODIS,32,6.2,290.8,9,N,0
-13.8462,132.638,302.1,1.4,1.2,2014-10-16,1652,Aqua,MODIS,21,6.2,291.1,7.7,N,0
-13.0718,133.1111,327.8,1.5,1.2,2014-10-16,1652,Aqua,MODIS,100,6.2,298.2,42.9,N,0
-13.7403,132.4477,304.4,1.4,1.2,2014-10-16,1652,Aqua,MODIS,60,6.2,292,11,N,0
-13.0701,133.0975,322,1.5,1.2,2014-10-16,1652,Aqua,MODIS,100,6.2,297.3,30.8,N,0
-13.0736,133.1252,307.3,1.5,1.2,2014-10-16,1652,Aqua,MODIS,70,6.2,296.5,9.5,N,0
-14.1804,132.0672,322.5,1.3,1.1,2014-10-16,1652,Aqua,MODIS,100,6.2,293.3,28.7,N,0
-13.0845,133.1239,313.3,1.5,1.2,2014-10-16,1652,Aqua,MODIS,87,6.2,297.5,16.8,N,0
-13.0703,133.118,311.6,1.5,1.2,2014-10-16,1652,Aqua,MODIS,83,6.2,296.6,14.8,N,0
-13.0684,133.1042,328.9,1.5,1.2,2014-10-16,1652,Aqua,MODIS,100,6.2,298.2,45.6,N,0
-13.0827,133.1098,312,1.5,1.2,2014-10-16,1652,Aqua,MODIS,84,6.2,297.9,15.3,N,0
-12.653,132.8196,304.6,1.4,1.2,2014-10-16,1652,Aqua,MODIS,61,6.2,293.9,8.6,N,0
-11.9197,134.0288,305.9,1.7,1.3,2014-10-16,1652,Aqua,MODIS,66,6.2,293.5,13.4,N,0
-11.6595,130.9467,305.3,1.1,1,2014-10-16,1652,Aqua,MODIS,47,6.2,293,6,N,0
-11.3475,131.1003,310.7,1.1,1,2014-10-16,1652,Aqua,MODIS,32,6.2,294.5,8.9,N,0
-11.6948,130.9551,307.1,1.1,1,2014-10-16,1652,Aqua,MODIS,70,6.2,293.3,7.7,N,0
-14.9614,135.1628,306.4,2.3,1.5,2014-10-16,1652,Aqua,MODIS,68,6.2,289.9,28.4,N,0
-14.9577,135.1562,304.8,2.3,1.5,2014-10-16,1652,Aqua,MODIS,62,6.2,290.1,24.8,N,0
-13.4986,130.4427,317.7,1.1,1,2014-10-16,1652,Aqua,MODIS,96,6.2,293.9,16.8,N,0
-13.5,130.4526,308.2,1.1,1,2014-10-16,1652,Aqua,MODIS,64,6.2,293.7,8.3,N,0
-13.0046,130.3949,307.2,1.1,1,2014-10-16,1652,Aqua,MODIS,71,6.2,293.8,8.2,N,0
-13.006,130.4046,325.7,1.1,1,2014-10-16,1652,Aqua,MODIS,100,6.2,295.2,26.2,N,0
-14.1756,132.0309,326.4,1.3,1.1,2014-10-16,1652,Aqua,MODIS,100,6.2,293.7,35.3,N,0
-14.1535,132.0215,316.6,1.3,1.1,2014-10-16,1652,Aqua,MODIS,94,6.2,293.1,20.9,N,0
-14.1772,132.043,308.1,1.3,1.1,2014-10-16,1652,Aqua,MODIS,68,6.2,292.7,10.8,N,0
-16.6454,129.7025,307.7,1.1,1,2014-10-16,1653,Aqua,MODIS,72,6.2,297.1,6.7,N,0
-16.634,129.7314,326.1,1.1,1,2014-10-16,1653,Aqua,MODIS,100,6.2,298,24.3,N,0
-16.6326,129.7214,326.9,1.1,1,2014-10-16,1653,Aqua,MODIS,100,6.2,297.8,24.6,N,0
-16.6312,129.7114,319.7,1.1,1,2014-10-16,1653,Aqua,MODIS,99,6.2,297.6,15.8,N,0
-16.6298,129.7014,316.5,1.1,1,2014-10-16,1653,Aqua,MODIS,93,6.2,297.7,12.8,N,0
-16.6219,129.7128,312.2,1.1,1,2014-10-16,1653,Aqua,MODIS,50,6.2,297.2,9.4,N,0
-16.6205,129.7028,314.8,1.1,1,2014-10-16,1653,Aqua,MODIS,69,6.2,298.2,11.4,N,0
-16.6191,129.6928,325.9,1.1,1,2014-10-16,1653,Aqua,MODIS,100,6.2,299.9,23.1,N,0
-16.6177,129.6829,332.8,1.1,1,2014-10-16,1653,Aqua,MODIS,100,6.2,301.8,32.8,N,0
-16.6775,126.8198,308.2,1,1,2014-10-16,1653,Aqua,MODIS,47,6.2,293.6,8.2,N,0
-16.6164,129.673,320.9,1.1,1,2014-10-16,1653,Aqua,MODIS,100,6.2,299.1,17.9,N,0
-16.6085,129.6842,317.9,1.1,1,2014-10-16,1653,Aqua,MODIS,96,6.2,299.2,15,N,0
-16.6071,129.6743,351.5,1.1,1,2014-10-16,1653,Aqua,MODIS,100,6.2,301.1,70.1,N,0
-15.5274,126.0532,309.9,1.1,1.1,2014-10-16,1653,Aqua,MODIS,78,6.2,293.5,10.9,N,0
-17.1513,130.4427,302,1.2,1.1,2014-10-16,1653,Aqua,MODIS,39,6.2,284.7,8,N,0
-17.1378,130.4892,306.3,1.2,1.1,2014-10-16,1653,Aqua,MODIS,29,6.2,290.1,9.6,N,0
-14.7579,129.9276,325.1,1.1,1,2014-10-16,1653,Aqua,MODIS,100,6.2,299.3,25,N,0
-17.1165,130.4034,304.5,1.2,1.1,2014-10-16,1653,Aqua,MODIS,35,6.2,284.4,8.9,N,0
-17.1151,130.3925,308.3,1.2,1.1,2014-10-16,1653,Aqua,MODIS,65,6.2,284.3,12.1,N,0
-17.1137,130.3817,311.5,1.2,1.1,2014-10-16,1653,Aqua,MODIS,83,6.2,285.2,15.3,N,0
-17.1122,130.371,301,1.2,1.1,2014-10-16,1653,Aqua,MODIS,26,6.2,283.7,7.1,N,0
-17.0969,130.424,307.1,1.2,1.1,2014-10-16,1653,Aqua,MODIS,34,6.2,291.2,9.4,N,0
-17.0858,130.4145,316.5,1.2,1.1,2014-10-16,1653,Aqua,MODIS,87,6.2,292.7,17.8,N,0
-17.0844,130.4037,311.5,1.2,1.1,2014-10-16,1653,Aqua,MODIS,43,6.2,292,13,N,0
-17.0747,130.4051,309,1.2,1.1,2014-10-16,1653,Aqua,MODIS,28,6.2,291.4,10.8,N,0
-17.0732,130.3942,325.6,1.2,1.1,2014-10-16,1653,Aqua,MODIS,100,6.2,292.9,29.6,N,0
-17.0718,130.3834,337.6,1.2,1.1,2014-10-16,1653,Aqua,MODIS,100,6.2,293,49,N,0
-17.0703,130.3727,322,1.2,1.1,2014-10-16,1653,Aqua,MODIS,100,6.2,288.1,24.8,N,0
-17.0607,130.374,308.6,1.2,1.1,2014-10-16,1653,Aqua,MODIS,75,6.2,288.6,11.2,N,0
-17.1266,130.4796,313.9,1.2,1.1,2014-10-16,1653,Aqua,MODIS,87,6.2,291.3,16.6,N,0
-17.1155,130.4701,319.4,1.2,1.1,2014-10-16,1653,Aqua,MODIS,99,6.2,292.8,22.2,N,0
-17.1141,130.4592,312.5,1.2,1.1,2014-10-16,1653,Aqua,MODIS,85,6.2,290.6,15.9,N,0
-17.1125,130.4661,323.7,1.2,1.1,2014-10-16,1653,Aqua,MODIS,100,6.2,292.9,27.6,N,0
-17.111,130.4552,312.4,1.2,1.1,2014-10-16,1653,Aqua,MODIS,85,6.2,290.4,14.5,N,0
-16.8092,127.5694,305.1,1,1,2014-10-16,1653,Aqua,MODIS,61,6.2,292.3,5.3,N,0
-17.657,126.0578,311.1,1.1,1,2014-10-16,1653,Aqua,MODIS,34,6.2,298.9,7,N,0
-17.6585,126.0677,317.7,1.1,1,2014-10-16,1653,Aqua,MODIS,90,6.2,298.1,13.2,N,0
-17.6663,126.0564,313.6,1.1,1,2014-10-16,1653,Aqua,MODIS,75,6.2,300.5,8.9,N,0
-17.6722,126.0492,315.8,1.1,1,2014-10-16,1653,Aqua,MODIS,92,6.2,302.1,12.2,N,0
-17.6738,126.0594,311.9,1.1,1,2014-10-16,1653,Aqua,MODIS,68,6.2,301.5,8.4,N,0
-17.6815,126.0475,331.7,1.1,1,2014-10-16,1653,Aqua,MODIS,100,6.2,300.7,31.4,N,0
-17.4193,128.5349,311.7,1,1,2014-10-16,1653,Aqua,MODIS,83,6.2,296,10.1,N,0
-17.4179,128.5254,343.9,1,1,2014-10-16,1653,Aqua,MODIS,100,6.2,300.5,50,N,0
-17.6831,126.0576,319,1.1,1,2014-10-16,1653,Aqua,MODIS,98,6.2,298.4,14.9,N,0
-17.6894,126.098,332.1,1.1,1,2014-10-16,1653,Aqua,MODIS,100,6.2,301.4,31,N,0
-17.4166,128.516,333.7,1,1,2014-10-16,1653,Aqua,MODIS,100,6.2,297.2,33.5,N,0
-17.4089,128.5268,317.5,1,1,2014-10-16,1653,Aqua,MODIS,95,6.2,296.7,15.7,N,0
-17.691,126.1081,346.2,1.1,1,2014-10-16,1653,Aqua,MODIS,100,6.2,303.2,57,N,0
-16.7569,127.593,310.5,1,1,2014-10-16,1653,Aqua,MODIS,80,6.2,295.1,8.7,N,0
-16.6164,127.0817,315.1,1,1,2014-10-16,1653,Aqua,MODIS,91,6.2,291.8,14.5,N,0
-16.6698,127.0761,308.4,1,1,2014-10-16,1653,Aqua,MODIS,74,6.2,291.3,8.5,N,0
-16.6789,127.0747,307.5,1,1,2014-10-16,1653,Aqua,MODIS,40,6.2,292.2,7.5,N,0
-14.9981,130.061,311.9,1.1,1,2014-10-16,1653,Aqua,MODIS,80,6.2,292.3,11,N,0
-14.9888,130.0623,334.8,1.1,1,2014-10-16,1653,Aqua,MODIS,100,6.2,296.8,38,N,0
-14.9794,130.0635,326,1.1,1,2014-10-16,1653,Aqua,MODIS,100,6.2,297.2,25.1,N,0
-16.6764,129.7899,316.1,1.1,1,2014-10-16,1653,Aqua,MODIS,90,6.2,297.5,13.3,N,0
-14.2734,127.0104,326.8,1.1,1,2014-10-16,1653,Aqua,MODIS,100,6.2,298,24.8,N,0
-14.2719,127.0005,318.6,1.1,1,2014-10-16,1653,Aqua,MODIS,95,6.2,295.8,15.6,N,0
-14.2549,127.0132,314.4,1.1,1,2014-10-16,1653,Aqua,MODIS,89,6.2,297.3,12.2,N,0
-14.2175,126.9956,324.8,1.1,1,2014-10-16,1653,Aqua,MODIS,100,6.2,295.9,23.9,N,0
-16.6709,129.7499,318.8,1.1,1,2014-10-16,1653,Aqua,MODIS,98,6.2,297.2,16.1,N,0
-16.6695,129.7399,320.8,1.1,1,2014-10-16,1653,Aqua,MODIS,100,6.2,297.5,18.5,N,0
-17.5704,125.3511,317.8,1.2,1.1,2014-10-16,1653,Aqua,MODIS,96,6.2,298.8,16.2,N,0
-14.2848,127.2073,324.8,1,1,2014-10-16,1653,Aqua,MODIS,100,6.2,292.4,24.7,N,0
-14.2939,127.2059,319.8,1,1,2014-10-16,1653,Aqua,MODIS,99,6.2,293.8,19.1,N,0
-14.2925,127.1962,304.4,1,1,2014-10-16,1653,Aqua,MODIS,60,6.2,290.3,6.6,N,0
-16.5936,127.299,310.5,1,1,2014-10-16,1653,Aqua,MODIS,80,6.2,294.9,9.4,N,0
-16.595,127.3084,307.4,1,1,2014-10-16,1653,Aqua,MODIS,63,6.2,295.1,7.1,N,0
-16.6607,126.8324,306.9,1,1,2014-10-16,1653,Aqua,MODIS,15,6.2,294.7,6.7,N,0
-17.6799,126.0375,340.1,1.1,1,2014-10-16,1653,Aqua,MODIS,100,6.2,302.4,45.8,N,0
-16.6447,129.74,312.1,1.1,1,2014-10-16,1653,Aqua,MODIS,84,6.2,296.1,9.1,N,0
-17.6706,126.0391,334.7,1.1,1,2014-10-16,1653,Aqua,MODIS,100,6.2,304.5,36.5,N,0
-17.6631,126.0359,353.2,1.1,1,2014-10-16,1653,Aqua,MODIS,100,6.2,305.4,73.5,N,0
-17.6616,126.0257,331.8,1.1,1,2014-10-16,1653,Aqua,MODIS,100,6.2,300.3,31.1,N,0
-16.5993,127.3367,349.3,1,1,2014-10-16,1653,Aqua,MODIS,100,6.2,298.5,60.8,N,0
-16.6198,126.8093,312.4,1,1,2014-10-16,1653,Aqua,MODIS,85,6.2,290.6,11.9,N,0
-16.6183,126.7997,315.1,1,1,2014-10-16,1653,Aqua,MODIS,90,6.2,290.9,14.6,N,0
-16.6007,127.3461,334.8,1,1,2014-10-16,1653,Aqua,MODIS,100,6.2,299,34.4,N,0
-16.6461,129.75,327.7,1.1,1,2014-10-16,1653,Aqua,MODIS,100,6.2,298.1,25.9,N,0
-16.6475,129.76,322.3,1.1,1,2014-10-16,1653,Aqua,MODIS,100,6.2,298.1,19.1,N,0
-16.6523,129.7525,327.3,1.1,1,2014-10-16,1653,Aqua,MODIS,100,6.2,298.3,25.2,N,0
-16.6536,129.7625,323.4,1.1,1,2014-10-16,1653,Aqua,MODIS,100,6.2,298.5,20.8,N,0
-16.6657,129.7813,318.7,1.1,1,2014-10-16,1653,Aqua,MODIS,97,6.2,298.4,16.1,N,0
-16.6021,127.3555,314.8,1,1,2014-10-16,1653,Aqua,MODIS,90,6.2,296.8,11.7,N,0
-16.6083,127.3353,305.3,1,1,2014-10-16,1653,Aqua,MODIS,56,6.2,295,5.6,N,0
-16.6682,129.7299,314,1.1,1,2014-10-16,1653,Aqua,MODIS,88,6.2,297,11.7,N,0
-16.6575,129.7211,320.1,1.1,1,2014-10-16,1653,Aqua,MODIS,100,6.2,297.2,17.4,N,0
-16.4851,125.1126,304.3,1.2,1.1,2014-10-16,1653,Aqua,MODIS,59,6.2,294.2,6,N,0
-16.4297,125.1457,311.6,1.2,1.1,2014-10-16,1653,Aqua,MODIS,83,6.2,296.9,10.3,N,0
-16.3882,125.0878,307.5,1.2,1.1,2014-10-16,1653,Aqua,MODIS,72,6.2,297.3,6,N,0
-16.6064,127.3837,315.1,1,1,2014-10-16,1653,Aqua,MODIS,91,6.2,296.5,12.4,N,0
-16.6078,127.3931,316.1,1,1,2014-10-16,1653,Aqua,MODIS,93,6.2,297.4,13.2,N,0
-16.6092,127.4025,326.5,1,1,2014-10-16,1653,Aqua,MODIS,100,6.2,298.2,23.5,N,0
-16.6106,127.4119,314.6,1,1,2014-10-16,1653,Aqua,MODIS,90,6.2,296.8,11.4,N,0
-16.6211,127.4199,307.6,1,1,2014-10-16,1653,Aqua,MODIS,72,6.2,295.5,6.9,N,0
-16.6225,127.4293,305.5,1,1,2014-10-16,1653,Aqua,MODIS,65,6.2,295,5.6,N,0
-16.4315,125.1568,312.2,1.2,1.1,2014-10-16,1653,Aqua,MODIS,84,6.2,297.6,10.9,N,0
-18.1693,132.4177,300.7,1.6,1.2,2014-10-16,1653,Aqua,MODIS,32,6.2,286.4,12.2,N,0
-15.1775,131.5282,310.6,1.3,1.1,2014-10-16,1653,Aqua,MODIS,42,6.2,290.7,12.9,N,0
-15.1659,131.5179,304.3,1.3,1.1,2014-10-16,1653,Aqua,MODIS,31,6.2,290.5,7.9,N,0
-15.2161,131.5109,309.5,1.3,1.1,2014-10-16,1653,Aqua,MODIS,57,6.2,291,12.6,N,0
-16.1745,134.2172,308.2,2,1.4,2014-10-16,1653,Aqua,MODIS,74,6.2,287.1,27.5,N,0
-16.1723,134.1984,307.1,2,1.4,2014-10-16,1653,Aqua,MODIS,70,6.2,287.9,25.4,N,0
-15.5147,126.0338,307.1,1.1,1.1,2014-10-16,1653,Aqua,MODIS,48,6.2,294.2,7.9,N,0
-15.5242,126.0323,311.9,1.1,1.1,2014-10-16,1653,Aqua,MODIS,46,6.2,293.9,11.2,N,0
-15.5258,126.0427,343.2,1.1,1.1,2014-10-16,1653,Aqua,MODIS,100,6.2,296.5,57.8,N,0
-16.8083,130.6956,309,1.2,1.1,2014-10-16,1653,Aqua,MODIS,35,6.2,291.5,10.3,N,0
-16.8278,130.6928,309.5,1.2,1.1,2014-10-16,1653,Aqua,MODIS,28,6.2,292.3,11.1,N,0
-16.8376,130.6914,314.2,1.2,1.1,2014-10-16,1653,Aqua,MODIS,81,6.2,290.3,16,N,0
-16.8429,130.6569,301.2,1.2,1.1,2014-10-16,1653,Aqua,MODIS,39,6.2,290.1,6,N,0
-16.7986,130.697,307.7,1.2,1.1,2014-10-16,1653,Aqua,MODIS,58,6.2,293.4,9.7,N,0
-16.1177,134.0811,323.3,2,1.4,2014-10-16,1653,Aqua,MODIS,100,6.2,292.7,58.2,N,0
-16.1222,134.0923,313.3,2,1.4,2014-10-16,1653,Aqua,MODIS,87,6.2,291,34.2,N,0
-16.1199,134.0994,305,2,1.4,2014-10-16,1653,Aqua,MODIS,41,6.2,289.8,17.2,N,0
-16.1201,134.074,317.1,2,1.4,2014-10-16,1653,Aqua,MODIS,94,6.2,291.7,43.1,N,0
-19.6522,128.2018,314.4,1,1,2014-10-16,1654,Aqua,MODIS,89,6.2,290.6,14.6,N,0
-19.6536,128.2114,303.2,1,1,2014-10-16,1654,Aqua,MODIS,54,6.2,290.4,6.7,N,0
-19.8093,127.9483,305.1,1,1,2014-10-16,1654,Aqua,MODIS,63,6.2,290.4,7.8,N,0
-19.8183,127.9469,302.5,1,1,2014-10-16,1654,Aqua,MODIS,26,6.2,287.8,6.1,N,0
-19.8197,127.9565,325.2,1,1,2014-10-16,1654,Aqua,MODIS,100,6.2,289.6,24.5,N,0
-19.821,127.966,362.3,1,1,2014-10-16,1654,Aqua,MODIS,100,6.2,294.5,94.6,N,0
-19.8224,127.9756,328.4,1,1,2014-10-16,1654,Aqua,MODIS,100,6.2,292.4,28.5,N,0
-18.6331,128.086,300.1,1,1,2014-10-16,1654,Aqua,MODIS,18,6.2,288.7,5,N,0
-19.5885,125.2782,303.7,1.1,1,2014-10-16,1654,Aqua,MODIS,57,6.2,292.1,6.8,N,0
-20.005,124.2511,308.1,1.2,1.1,2014-10-16,1654,Aqua,MODIS,74,6.2,292.7,10.8,N,0
-20.0133,124.1776,309.6,1.2,1.1,2014-10-16,1654,Aqua,MODIS,78,6.2,294.8,13.2,N,0
-20.83,122.4494,305.9,1.5,1.2,2014-10-16,1654,Aqua,MODIS,44,6.2,293.5,11,N,0
-20.8225,122.4058,305.2,1.5,1.2,2014-10-16,1654,Aqua,MODIS,25,6.2,294.8,9.2,N,0
-20.1164,123.3922,307.9,1.4,1.2,2014-10-16,1654,Aqua,MODIS,64,6.2,294.9,10.4,N,0
-20.1013,123.4018,332.7,1.4,1.2,2014-10-16,1654,Aqua,MODIS,100,6.2,299.3,47,N,0
-19.6376,128.3584,300.4,1,1,2014-10-16,1654,Aqua,MODIS,10,6.2,289.3,4.4,N,0
-19.6467,128.357,316,1,1,2014-10-16,1654,Aqua,MODIS,92,6.2,290.9,15.2,N,0
-20.1141,123.3793,342.2,1.4,1.2,2014-10-16,1654,Aqua,MODIS,100,6.2,296.6,73,N,0
-19.6754,128.3667,300.2,1,1,2014-10-16,1654,Aqua,MODIS,18,6.2,290,4.8,N,0
-20.0827,123.4186,354.2,1.4,1.2,2014-10-16,1654,Aqua,MODIS,100,6.2,300.5,110,N,0
-20.0956,123.3961,325.9,1.4,1.2,2014-10-16,1654,Aqua,MODIS,100,6.2,299.3,33.1,N,0
-20.0979,123.409,322.5,1.4,1.2,2014-10-16,1654,Aqua,MODIS,100,6.2,300.4,28.5,N,0
-20.1038,123.3812,344.6,1.4,1.2,2014-10-16,1654,Aqua,MODIS,100,6.2,298.4,78.2,N,0
-20.106,123.3942,324.7,1.4,1.2,2014-10-16,1654,Aqua,MODIS,100,6.2,298.1,32.1,N,0
-20.3128,124.7042,306.8,1.2,1.1,2014-10-16,1654,Aqua,MODIS,69,6.2,294.2,8.9,N,0
-20.0991,123.3888,319.4,1.4,1.2,2014-10-16,1654,Aqua,MODIS,99,6.2,298.5,23.1,N,0
-20.0931,123.4166,337.3,1.4,1.2,2014-10-16,1654,Aqua,MODIS,100,6.2,299.2,58,N,0
-20.0806,123.4057,390.6,1.4,1.2,2014-10-16,1654,Aqua,MODIS,100,6.2,308.4,314.2,N,0
-20.0784,123.3927,356.4,1.4,1.2,2014-10-16,1654,Aqua,MODIS,100,6.2,303.2,117.5,N,0
-20.3145,124.6973,308.5,1.2,1.1,2014-10-16,1654,Aqua,MODIS,75,6.2,293.7,11,N,0
-20.0762,123.3796,352.8,1.4,1.2,2014-10-16,1654,Aqua,MODIS,100,6.2,301.3,104.5,N,0
-20.074,123.3666,341.5,1.4,1.2,2014-10-16,1654,Aqua,MODIS,100,6.2,298.5,70.4,N,0
-17.6009,125.3568,308.9,1.2,1.1,2014-10-16,1654,Aqua,MODIS,75,6.2,298.5,8,N,0
-19.6362,128.3487,311.2,1,1,2014-10-16,1654,Aqua,MODIS,82,6.2,290.1,11.7,N,0
-20.0347,123.3874,312.1,1.4,1.2,2014-10-16,1654,Aqua,MODIS,84,6.2,297.2,14.7,N,0
-20.1313,123.2271,306.9,1.4,1.2,2014-10-16,1654,Aqua,MODIS,70,6.2,295.2,11.2,N,0
-19.6481,128.3668,303,1,1,2014-10-16,1654,Aqua,MODIS,22,6.2,290.5,5.6,N,0
-20.0909,123.4037,344.8,1.4,1.2,2014-10-16,1654,Aqua,MODIS,100,6.2,302.4,77.5,N,0
-20.1335,123.2404,315.8,1.4,1.2,2014-10-16,1654,Aqua,MODIS,92,6.2,296.3,21.8,N,0
-19.9655,123.3387,307.5,1.4,1.2,2014-10-16,1654,Aqua,MODIS,26,6.2,296.9,8.6,N,0
-19.9521,123.2596,309.3,1.4,1.2,2014-10-16,1654,Aqua,MODIS,77,6.2,296.2,13.4,N,0
-19.9499,123.2463,325.9,1.4,1.2,2014-10-16,1654,Aqua,MODIS,100,6.2,296.8,38,N,0
-19.9945,123.341,306.4,1.4,1.2,2014-10-16,1654,Aqua,MODIS,60,6.2,295.9,9.2,N,0
-19.9907,123.3609,314.3,1.4,1.2,2014-10-16,1654,Aqua,MODIS,82,6.2,297.2,15.5,N,0
-19.9885,123.3478,321.1,1.4,1.2,2014-10-16,1654,Aqua,MODIS,100,6.2,297.3,25.7,N,0
-20.0324,123.3744,316.9,1.4,1.2,2014-10-16,1654,Aqua,MODIS,94,6.2,297.2,21,N,0
-19.9968,123.3541,308.2,1.4,1.2,2014-10-16,1654,Aqua,MODIS,53,6.2,296.5,9.9,N,0
-21.5735,123.5654,321.6,1.3,1.1,2014-10-16,1655,Aqua,MODIS,100,6.2,297.2,23.9,N,0
-23.7458,123.607,308.9,1.2,1.1,2014-10-16,1655,Aqua,MODIS,76,6.2,294.4,10.9,N,0
-22.1101,123.3369,306.7,1.3,1.1,2014-10-16,1655,Aqua,MODIS,69,6.2,294.3,9.4,N,0
-23.3961,123.6044,317.6,1.2,1.1,2014-10-16,1655,Aqua,MODIS,88,6.2,295.5,17,N,0
-23.5571,123.6614,305.2,1.2,1.1,2014-10-16,1655,Aqua,MODIS,63,6.2,292.8,7.9,N,0
-23.5553,123.6499,317.6,1.2,1.1,2014-10-16,1655,Aqua,MODIS,95,6.2,292.8,19.8,N,0
-23.4077,123.6141,340.8,1.2,1.1,2014-10-16,1655,Aqua,MODIS,100,6.2,300.8,54.7,N,0
-23.4097,123.6257,313.3,1.2,1.1,2014-10-16,1655,Aqua,MODIS,50,6.2,296.2,12.5,N,0
-23.4639,123.6507,316.5,1.2,1.1,2014-10-16,1655,Aqua,MODIS,74,6.2,294.7,16.4,N,0
-23.4642,123.6439,317.5,1.2,1.1,2014-10-16,1655,Aqua,MODIS,77,6.2,294.7,18.1,N,0
-23.4855,123.6516,323.3,1.2,1.1,2014-10-16,1655,Aqua,MODIS,100,6.2,294.8,25.3,N,0
-23.4058,123.6025,317,1.2,1.1,2014-10-16,1655,Aqua,MODIS,94,6.2,295.5,15.8,N,0
-23.4874,123.663,307.4,1.2,1.1,2014-10-16,1655,Aqua,MODIS,21,6.2,294.1,8.4,N,0
-22.6683,122.3973,308.5,1.4,1.2,2014-10-16,1655,Aqua,MODIS,61,6.2,278.9,17.2,N,0
-21.7732,127.5391,302,1,1,2014-10-16,1655,Aqua,MODIS,46,6.2,286.1,7.2,N,0
-23.4194,123.6238,309.4,1.2,1.1,2014-10-16,1655,Aqua,MODIS,53,6.2,296.4,9.4,N,0
-23.398,123.616,349.8,1.2,1.1,2014-10-16,1655,Aqua,MODIS,100,6.2,300.6,77.6,N,0
-23.462,123.6392,308.6,1.2,1.1,2014-10-16,1655,Aqua,MODIS,29,6.2,293.9,8.9,N,0
-23.5592,123.6551,303.4,1.2,1.1,2014-10-16,1655,Aqua,MODIS,55,6.2,292.7,6.5,N,0
-21.2706,119.2265,304.6,2.5,1.5,2014-10-16,1655,Aqua,MODIS,25,6.2,285.2,26.8,N,0
-21.2842,119.2235,310,2.5,1.5,2014-10-16,1655,Aqua,MODIS,64,6.2,288.3,39.2,N,0
-21.2774,119.2198,311.9,2.5,1.5,2014-10-16,1655,Aqua,MODIS,74,6.2,284.9,43.9,N,0
-21.2107,119.1382,323.4,2.6,1.5,2014-10-16,1655,Aqua,MODIS,100,6.2,287.3,87.4,N,0
-21.561,122.7208,313.4,1.4,1.2,2014-10-16,1655,Aqua,MODIS,87,6.2,293.5,20,N,0
-21.5595,123.5431,400.6,1.3,1.1,2014-10-16,1655,Aqua,MODIS,100,6.2,304.9,359.9,N,0
-21.5574,123.5309,340.3,1.3,1.1,2014-10-16,1655,Aqua,MODIS,100,6.2,300.2,57.6,N,0
-21.3652,122.6582,311.5,1.4,1.2,2014-10-16,1655,Aqua,MODIS,83,6.2,294.2,16.7,N,0
-21.5474,123.5328,328.3,1.3,1.1,2014-10-16,1655,Aqua,MODIS,100,6.2,300,35,N,0
-21.5453,123.5206,395.6,1.3,1.1,2014-10-16,1655,Aqua,MODIS,100,6.2,309.6,322.8,N,0
-21.3676,122.672,328.3,1.4,1.2,2014-10-16,1655,Aqua,MODIS,100,6.2,295.3,44.6,N,0
-21.3973,122.7792,310.8,1.4,1.2,2014-10-16,1655,Aqua,MODIS,81,6.2,294.9,15,N,0
-21.6408,122.9942,307,1.4,1.2,2014-10-16,1655,Aqua,MODIS,20,6.2,294.2,9.5,N,0
-21.2546,122.8337,308.4,1.4,1.2,2014-10-16,1655,Aqua,MODIS,56,6.2,296.2,10.5,N,0
-21.6695,123.1622,317,1.3,1.1,2014-10-16,1655,Aqua,MODIS,94,6.2,295,22.8,N,0
-21.2846,122.793,322.1,1.4,1.2,2014-10-16,1655,Aqua,MODIS,100,6.2,296.6,29,N,0
-21.612,123.0133,313.2,1.4,1.2,2014-10-16,1655,Aqua,MODIS,87,6.2,294.9,16.1,N,0
-21.5686,123.0544,313.3,1.4,1.2,2014-10-16,1655,Aqua,MODIS,87,6.2,295.2,15.8,N,0
-21.6007,123.1812,321.5,1.3,1.1,2014-10-16,1655,Aqua,MODIS,100,6.2,294.9,28.9,N,0
-21.6282,122.9831,347.3,1.4,1.2,2014-10-16,1655,Aqua,MODIS,100,6.2,296.2,86.7,N,0
-21.5554,123.5186,348.4,1.3,1.1,2014-10-16,1655,Aqua,MODIS,100,6.2,303.6,79.8,N,0
-21.2605,122.8046,313.1,1.4,1.2,2014-10-16,1655,Aqua,MODIS,6,6.2,295.9,13.5,N,0
-21.5533,123.5064,336.6,1.3,1.1,2014-10-16,1655,Aqua,MODIS,100,6.2,298,51.6,N,0
-21.287,122.8066,366.3,1.4,1.2,2014-10-16,1655,Aqua,MODIS,100,6.2,301.2,170.1,N,0
-21.2894,122.8202,320.2,1.4,1.2,2014-10-16,1655,Aqua,MODIS,100,6.2,296.7,26.8,N,0
-21.2928,122.7775,322.7,1.4,1.2,2014-10-16,1655,Aqua,MODIS,100,6.2,295.3,29.7,N,0
-21.2629,122.8182,311.2,1.4,1.2,2014-10-16,1655,Aqua,MODIS,8,6.2,296.3,11.9,N,0
-21.5789,123.0524,452.4,1.4,1.2,2014-10-16,1655,Aqua,MODIS,100,6.2,324.6,1157.7,N,0
-21.5952,123.0223,392,1.4,1.2,2014-10-16,1655,Aqua,MODIS,100,6.2,302.4,324.9,N,0
-21.5915,123.0635,327,1.4,1.2,2014-10-16,1655,Aqua,MODIS,100,6.2,297.5,35.7,N,0
-21.2816,122.8005,353.7,1.4,1.2,2014-10-16,1655,Aqua,MODIS,100,6.2,298.4,113.8,N,0
-21.5433,123.5083,344.8,1.3,1.1,2014-10-16,1655,Aqua,MODIS,100,6.2,296.2,71.8,N,0
-21.5893,123.0504,328.9,1.4,1.2,2014-10-16,1655,Aqua,MODIS,100,6.2,299.9,38.2,N,0
-21.5871,123.0374,385.6,1.4,1.2,2014-10-16,1655,Aqua,MODIS,100,6.2,307,273.6,N,0
-21.284,122.8141,368.7,1.4,1.2,2014-10-16,1655,Aqua,MODIS,100,6.2,300.3,183.5,N,0
-21.4533,122.8519,303.8,1.4,1.2,2014-10-16,1655,Aqua,MODIS,57,6.2,293.2,8.3,N,0
-21.2394,122.8088,314.6,1.4,1.2,2014-10-16,1655,Aqua,MODIS,60,6.2,296.3,17.2,N,0
-21.6016,123.0153,331.9,1.4,1.2,2014-10-16,1655,Aqua,MODIS,100,6.2,295.2,45.8,N,0
-21.5815,123.5513,317.4,1.3,1.1,2014-10-16,1655,Aqua,MODIS,95,6.2,296.2,19.2,N,0
-21.5795,123.5392,308,1.3,1.1,2014-10-16,1655,Aqua,MODIS,56,6.2,295.7,9.1,N,0
-21.5715,123.5533,362,1.3,1.1,2014-10-16,1655,Aqua,MODIS,100,6.2,305.3,126.2,N,0
-21.6039,123.0283,339.9,1.4,1.2,2014-10-16,1655,Aqua,MODIS,100,6.2,297.8,64.5,N,0
-21.6178,122.9852,326.4,1.4,1.2,2014-10-16,1655,Aqua,MODIS,100,6.2,295.1,35.3,N,0
-21.5974,123.0353,355.8,1.4,1.2,2014-10-16,1655,Aqua,MODIS,100,6.2,299.8,114.2,N,0
-21.6593,122.9771,335.7,1.4,1.2,2014-10-16,1655,Aqua,MODIS,100,6.2,295.7,55.7,N,0
-21.5615,123.5552,384.3,1.3,1.1,2014-10-16,1655,Aqua,MODIS,100,6.2,306.4,239.9,N,0
-21.6259,122.97,309.5,1.4,1.2,2014-10-16,1655,Aqua,MODIS,20,6.2,293.8,11.7,N,0
-21.2899,122.7849,350.8,1.4,1.2,2014-10-16,1655,Aqua,MODIS,100,6.2,297.6,102.7,N,0
-21.5695,123.5411,388,1.3,1.1,2014-10-16,1655,Aqua,MODIS,100,6.2,307.6,263.9,N,0
-21.5674,123.5289,320.2,1.3,1.1,2014-10-16,1655,Aqua,MODIS,93,6.2,296.5,21.6,N,0
-21.6571,122.964,320.9,1.4,1.2,2014-10-16,1655,Aqua,MODIS,100,6.2,294.3,27.4,N,0
-21.2922,122.7985,324.2,1.4,1.2,2014-10-16,1655,Aqua,MODIS,100,6.2,296.7,32.7,N,0
-21.6697,122.975,319.4,1.4,1.2,2014-10-16,1655,Aqua,MODIS,98,6.2,294.4,26.7,N,0
-21.2523,122.8202,321.7,1.4,1.2,2014-10-16,1655,Aqua,MODIS,100,6.2,297.1,28.6,N,0
-21.6034,123.0072,308.3,1.4,1.2,2014-10-16,1655,Aqua,MODIS,47,6.2,294.4,10.8,N,0
-21.6056,123.0202,310.9,1.4,1.2,2014-10-16,1655,Aqua,MODIS,77,6.2,294.6,13.1,N,0
-21.451,122.8385,333.6,1.4,1.2,2014-10-16,1655,Aqua,MODIS,100,6.2,294.9,54.9,N,0
-21.5767,123.0394,385.9,1.4,1.2,2014-10-16,1655,Aqua,MODIS,100,6.2,301,277.3,N,0
-21.5745,123.0263,305.3,1.4,1.2,2014-10-16,1655,Aqua,MODIS,26,6.2,293.9,7.7,N,0
-21.3562,122.765,342.1,1.4,1.2,2014-10-16,1655,Aqua,MODIS,100,6.2,297.3,77.5,N,0
-21.3539,122.7513,304.5,1.4,1.2,2014-10-16,1655,Aqua,MODIS,60,6.2,294.5,7.9,N,0
-21.2952,122.791,337.5,1.4,1.2,2014-10-16,1655,Aqua,MODIS,100,6.2,297,62.1,N,0
-21.5849,123.0243,369.7,1.4,1.2,2014-10-16,1655,Aqua,MODIS,100,6.2,298.4,177.3,N,0
-21.5811,123.0654,354.5,1.4,1.2,2014-10-16,1655,Aqua,MODIS,100,6.2,301.8,109.6,N,0
-21.5654,123.5167,315.1,1.3,1.1,2014-10-16,1655,Aqua,MODIS,52,6.2,297.6,15.5,N,0
-21.5634,123.5045,311.9,1.3,1.1,2014-10-16,1655,Aqua,MODIS,84,6.2,296.6,13.7,N,0
-11.0186,142.4411,339,1.4,1.2,2014-10-17,0038,Terra,MODIS,89,6.2,302,51.7,D,0
-11.0061,142.4301,323.9,1.4,1.2,2014-10-17,0038,Terra,MODIS,63,6.2,296.7,18.4,D,0
-13.3174,142.3375,323,1.3,1.1,2014-10-17,0039,Terra,MODIS,49,6.2,301.3,11.6,D,0
-13.3078,135.6897,326.9,4.1,1.9,2014-10-17,0039,Terra,MODIS,80,6.2,305.8,104.1,D,0
-13.2794,142.1688,330,1.3,1.1,2014-10-17,0039,Terra,MODIS,44,6.2,303.4,17.4,D,0
-14.9388,142.6689,336.8,1.2,1.1,2014-10-17,0039,Terra,MODIS,81,6.2,306.7,28.6,D,0
-13.3245,135.6863,334.2,4.1,1.9,2014-10-17,0039,Terra,MODIS,86,6.2,307.3,177.6,D,0
-14.953,142.6325,334.1,1.2,1.1,2014-10-17,0039,Terra,MODIS,77,6.2,305.9,22.9,D,0
-12.3322,135.6027,323.9,4.3,1.9,2014-10-17,0039,Terra,MODIS,77,6.2,304.4,87.4,D,0
-13.3315,135.7227,320.1,4,1.9,2014-10-17,0039,Terra,MODIS,65,6.2,304.6,50.5,D,0
-14.9131,142.6957,335.5,1.2,1.1,2014-10-17,0039,Terra,MODIS,79,6.2,306.1,26.3,D,0
-14.9468,142.6562,350.5,1.2,1.1,2014-10-17,0039,Terra,MODIS,94,6.2,307.3,60.6,D,0
-14.9638,142.5736,340.4,1.2,1.1,2014-10-17,0039,Terra,MODIS,82,6.2,300.4,41.1,D,0
-13.3272,135.7294,317.7,4,1.9,2014-10-17,0039,Terra,MODIS,40,6.2,304.4,31.9,D,0
-14.9602,142.5513,366.1,1.2,1.1,2014-10-17,0039,Terra,MODIS,100,6.2,304.7,124.1,D,0
-14.962,142.5625,337.5,1.2,1.1,2014-10-17,0039,Terra,MODIS,80,6.2,301.8,37.2,D,0
-14.9013,142.5611,335.9,1.2,1.1,2014-10-17,0039,Terra,MODIS,80,6.2,307.6,25.6,D,0
-14.9113,142.6847,338.6,1.2,1.1,2014-10-17,0039,Terra,MODIS,83,6.2,306.2,31.4,D,0
-14.3403,144.437,332.6,1,1,2014-10-17,0039,Terra,MODIS,80,6.2,303.6,19.8,D,0
-14.3312,144.4385,326.9,1,1,2014-10-17,0039,Terra,MODIS,58,6.2,301.9,12.7,D,0
-14.9557,142.5864,382.1,1.2,1.1,2014-10-17,0039,Terra,MODIS,100,6.2,307.2,193.2,D,0
-14.961,142.6198,327.3,1.2,1.1,2014-10-17,0039,Terra,MODIS,38,6.2,305.5,12.7,D,0
-14.9575,142.5976,381,1.2,1.1,2014-10-17,0039,Terra,MODIS,100,6.2,306.5,186.3,D,0
-14.3297,144.429,336.7,1,1,2014-10-17,0039,Terra,MODIS,84,6.2,304.3,26,D,0
-14.9513,142.6214,340.9,1.2,1.1,2014-10-17,0039,Terra,MODIS,85,6.2,306,35.6,D,0
-12.325,135.5633,334.1,4.3,1.9,2014-10-17,0039,Terra,MODIS,86,6.2,304.7,195.2,D,0
-12.3263,135.5554,328,4.3,1.9,2014-10-17,0039,Terra,MODIS,81,6.2,304.7,127.6,D,0
-14.8962,142.6024,331,1.2,1.1,2014-10-17,0039,Terra,MODIS,64,6.2,308.9,9.2,D,0
-14.8933,142.5739,341.9,1.2,1.1,2014-10-17,0039,Terra,MODIS,86,6.2,308.4,33.9,D,0
-14.9593,142.6087,356.7,1.2,1.1,2014-10-17,0039,Terra,MODIS,98,6.2,304.3,81,D,0
-12.7878,136.2846,319.5,3.8,1.8,2014-10-17,0039,Terra,MODIS,63,6.2,304.2,47.3,D,0
-14.9003,142.6926,347.2,1.2,1.1,2014-10-17,0039,Terra,MODIS,91,6.2,309.5,49.7,D,0
-14.9183,142.604,363.6,1.2,1.1,2014-10-17,0039,Terra,MODIS,100,6.2,311.2,99.6,D,0
-14.9165,142.5929,352.5,1.2,1.1,2014-10-17,0039,Terra,MODIS,95,6.2,309.6,61.1,D,0
-14.8951,142.5851,335.5,1.2,1.1,2014-10-17,0039,Terra,MODIS,79,6.2,308.9,20.2,D,0
-14.9308,142.5563,327.7,1.2,1.1,2014-10-17,0039,Terra,MODIS,42,6.2,301.4,13,D,0
-14.9263,142.5913,340.3,1.2,1.1,2014-10-17,0039,Terra,MODIS,85,6.2,308.1,30.8,D,0
-14.9246,142.5802,339.3,1.2,1.1,2014-10-17,0039,Terra,MODIS,84,6.2,306.7,29.7,D,0
-14.9344,142.5786,327.8,1.2,1.1,2014-10-17,0039,Terra,MODIS,42,6.2,305.8,9.2,D,0
-12.5367,141.9393,323.4,1.4,1.2,2014-10-17,0039,Terra,MODIS,61,6.2,303.4,13.9,D,0
-14.9326,142.5674,355.2,1.2,1.1,2014-10-17,0039,Terra,MODIS,97,6.2,304.7,75.8,D,0
-14.9406,142.5546,333.5,1.2,1.1,2014-10-17,0039,Terra,MODIS,66,6.2,306.1,27.3,D,0
-12.158,141.8093,322.2,1.5,1.2,2014-10-17,0039,Terra,MODIS,66,6.2,298.6,16.3,D,0
-12.4087,136.631,316.5,3.6,1.8,2014-10-17,0039,Terra,MODIS,63,6.2,303.4,34,D,0
-12.4009,136.6267,316.2,3.6,1.8,2014-10-17,0039,Terra,MODIS,61,6.2,303.8,33.2,D,0
-14.9101,142.691,361.7,1.2,1.1,2014-10-17,0039,Terra,MODIS,100,6.2,307.1,94.3,D,0
-12.7781,136.2791,319.9,3.8,1.8,2014-10-17,0039,Terra,MODIS,65,6.2,304.5,51.7,D,0
-14.9495,142.6103,345.7,1.2,1.1,2014-10-17,0039,Terra,MODIS,90,6.2,307,46.9,D,0
-14.9021,142.7036,334.3,1.2,1.1,2014-10-17,0039,Terra,MODIS,78,6.2,307.1,22.4,D,0
-14.954,142.5753,338.7,1.2,1.1,2014-10-17,0039,Terra,MODIS,71,6.2,305.3,34.9,D,0
-14.9308,142.6815,328.1,1.2,1.1,2014-10-17,0039,Terra,MODIS,31,6.2,305.8,13,D,0
-14.929,142.6705,334.6,1.2,1.1,2014-10-17,0039,Terra,MODIS,75,6.2,308.4,23,D,0
-11.5885,142.4784,328.4,1.4,1.2,2014-10-17,0039,Terra,MODIS,81,6.2,299.4,25.4,D,0
-11.5637,142.457,331.3,1.4,1.2,2014-10-17,0039,Terra,MODIS,84,6.2,302.1,32.7,D,0
-13.3204,135.6929,343.7,4.1,1.9,2014-10-17,0039,Terra,MODIS,92,6.2,307.1,292.8,D,0
-11.5617,142.4445,340.5,1.4,1.2,2014-10-17,0039,Terra,MODIS,90,6.2,299.9,55.1,D,0
-15.2699,145.2951,329.5,1,1,2014-10-17,0039,Terra,MODIS,67,6.2,299.3,18.1,D,0
-12.3337,135.5948,328.3,4.3,1.9,2014-10-17,0039,Terra,MODIS,81,6.2,304.7,129.4,D,0
-14.8864,142.604,338.7,1.2,1.1,2014-10-17,0039,Terra,MODIS,83,6.2,310.1,22.8,D,0
-14.9504,142.5529,341.1,1.2,1.1,2014-10-17,0039,Terra,MODIS,86,6.2,308.6,44.6,D,0
-12.594,136.6767,317.6,3.5,1.8,2014-10-17,0039,Terra,MODIS,0,6.2,301.3,24.1,D,0
-12.5794,136.6526,320.9,3.6,1.8,2014-10-17,0039,Terra,MODIS,65,6.2,302.6,48,D,0
-14.8881,142.6151,335.1,1.2,1.1,2014-10-17,0039,Terra,MODIS,79,6.2,310.2,16.2,D,0
-13.8785,136.7337,317.3,3.3,1.7,2014-10-17,0039,Terra,MODIS,53,6.2,304.7,27.3,D,0
-13.8896,136.7256,320.1,3.3,1.7,2014-10-17,0039,Terra,MODIS,72,6.2,304.6,41.4,D,0
-15.0529,143.3874,334.1,1.1,1,2014-10-17,0039,Terra,MODIS,55,6.2,308,18,D,0
-14.2707,142.4659,338,1.3,1.1,2014-10-17,0039,Terra,MODIS,84,6.2,304.2,35.9,D,0
-12.6128,142.1055,331.1,1.4,1.2,2014-10-17,0039,Terra,MODIS,81,6.2,300.7,28.6,D,0
-14.2644,142.4906,326.4,1.2,1.1,2014-10-17,0039,Terra,MODIS,42,6.2,306.5,15.6,D,0
-14.9567,142.5289,350.8,1.2,1.1,2014-10-17,0039,Terra,MODIS,94,6.2,301.4,74.5,D,0
-14.8995,142.5499,331.5,1.2,1.1,2014-10-17,0039,Terra,MODIS,70,6.2,305.3,18.7,D,0
-14.2788,142.4528,370.5,1.3,1.1,2014-10-17,0039,Terra,MODIS,100,6.2,302.3,145,D,0
-15.3406,145.212,324.3,1,1,2014-10-17,0039,Terra,MODIS,67,6.2,295.2,16.1,D,0
-12.8841,142.3788,328.1,1.3,1.1,2014-10-17,0039,Terra,MODIS,64,6.2,301,17,D,0
-15.0952,143.4739,334.1,1.1,1,2014-10-17,0039,Terra,MODIS,68,6.2,308.3,18.1,D,0
-14.2663,142.5021,345.9,1.2,1.1,2014-10-17,0039,Terra,MODIS,91,6.2,305.8,56.9,D,0
-12.6276,136.5024,335,3.6,1.8,2014-10-17,0039,Terra,MODIS,87,6.2,304.7,159.8,D,0
-14.2725,142.4775,339,1.2,1.1,2014-10-17,0039,Terra,MODIS,85,6.2,304.2,37.6,D,0
-14.2744,142.489,363.9,1.2,1.1,2014-10-17,0039,Terra,MODIS,100,6.2,304.6,114.4,D,0
-14.2806,142.4643,332.5,1.3,1.1,2014-10-17,0039,Terra,MODIS,66,6.2,301.8,24.4,D,0
-15.0968,143.484,341.1,1.1,1,2014-10-17,0039,Terra,MODIS,86,6.2,309,30.9,D,0
-12.619,136.4968,329.1,3.6,1.8,2014-10-17,0039,Terra,MODIS,82,6.2,304.7,103.8,D,0
-14.2762,142.5005,336.8,1.2,1.1,2014-10-17,0039,Terra,MODIS,83,6.2,303.3,33.9,D,0
-15.0419,143.3788,334.4,1.1,1,2014-10-17,0039,Terra,MODIS,61,6.2,307.4,20.2,D,0
-12.6077,142.1125,327.5,1.4,1.2,2014-10-17,0039,Terra,MODIS,65,6.2,302.2,19.9,D,0
-14.9954,145.1198,324.9,1,1,2014-10-17,0039,Terra,MODIS,39,6.2,296.5,13.6,D,0
-14.9584,142.5401,350.6,1.2,1.1,2014-10-17,0039,Terra,MODIS,94,6.2,303,72.8,D,0
-14.2769,142.4412,326.7,1.3,1.1,2014-10-17,0039,Terra,MODIS,61,6.2,299.5,15.9,D,0
-12.6252,136.5294,322.9,3.6,1.8,2014-10-17,0039,Terra,MODIS,68,6.2,306.1,55.7,D,0
-15.0699,143.3114,337.1,1.1,1.1,2014-10-17,0039,Terra,MODIS,82,6.2,309.1,23.2,D,0
-14.9486,142.5417,376.6,1.2,1.1,2014-10-17,0039,Terra,MODIS,100,6.2,309.4,172.2,D,0
-15.0667,143.2909,344,1.1,1.1,2014-10-17,0039,Terra,MODIS,89,6.2,307.2,38.1,D,0
-14.2688,142.4544,348.3,1.3,1.1,2014-10-17,0039,Terra,MODIS,93,6.2,302.8,63.3,D,0
-15.0403,143.3687,335.9,1.1,1,2014-10-17,0039,Terra,MODIS,64,6.2,308,21.7,D,0
-15.0449,143.3365,332.6,1.1,1,2014-10-17,0039,Terra,MODIS,68,6.2,308.1,16.7,D,0
-14.2969,142.4379,326.4,1.3,1.1,2014-10-17,0039,Terra,MODIS,49,6.2,304.9,13.8,D,0
-14.9468,142.5306,360.7,1.2,1.1,2014-10-17,0039,Terra,MODIS,100,6.2,304.4,104.6,D,0
-14.9388,142.5434,334.1,1.2,1.1,2014-10-17,0039,Terra,MODIS,77,6.2,304.2,28.7,D,0
-14.2607,142.4676,324.4,1.3,1.1,2014-10-17,0039,Terra,MODIS,54,6.2,303.1,12.8,D,0
-15.0683,143.3012,345.3,1.1,1.1,2014-10-17,0039,Terra,MODIS,90,6.2,308.9,40.4,D,0
-15.0593,143.428,335.4,1.1,1,2014-10-17,0039,Terra,MODIS,69,6.2,307.8,20.2,D,0
-14.976,145.1134,326.7,1,1,2014-10-17,0039,Terra,MODIS,58,6.2,297.2,15.9,D,0
-17.7837,144.5513,342.5,1,1,2014-10-17,0040,Terra,MODIS,88,6.2,313.9,31.2,D,0
-16.5756,142.4605,358.8,1.2,1.1,2014-10-17,0040,Terra,MODIS,99,6.2,311.5,80.9,D,0
-15.1326,143.5297,342.8,1.1,1,2014-10-17,0040,Terra,MODIS,66,6.2,308.5,34.4,D,0
-16.637,142.4547,332.3,1.2,1.1,2014-10-17,0040,Terra,MODIS,50,6.2,310.9,14.9,D,0
-15.379,142.8049,348.3,1.2,1.1,2014-10-17,0040,Terra,MODIS,92,6.2,308.6,45.3,D,0
-15.3439,142.8327,332.3,1.2,1.1,2014-10-17,0040,Terra,MODIS,39,6.2,308.8,15.4,D,0
-15.3597,142.8081,340.4,1.2,1.1,2014-10-17,0040,Terra,MODIS,80,6.2,310,29.1,D,0
-17.7961,144.5109,353.5,1,1,2014-10-17,0040,Terra,MODIS,96,6.2,316.6,50.6,D,0
-15.3869,142.7925,347.1,1.2,1.1,2014-10-17,0040,Terra,MODIS,91,6.2,308.5,45.5,D,0
-16.609,142.4213,354.7,1.2,1.1,2014-10-17,0040,Terra,MODIS,96,6.2,305,75.1,D,0
-15.3756,142.7834,336.3,1.2,1.1,2014-10-17,0040,Terra,MODIS,81,6.2,306.8,25.7,D,0
-15.3501,142.8097,342.5,1.2,1.1,2014-10-17,0040,Terra,MODIS,86,6.2,307.6,34.7,D,0
-18.1536,145.6394,325.2,1,1,2014-10-17,0040,Terra,MODIS,70,6.2,307.3,15,D,0
-15.3693,142.8065,341.4,1.2,1.1,2014-10-17,0040,Terra,MODIS,86,6.2,310.6,30.3,D,0
-16.6161,142.6526,334.1,1.1,1.1,2014-10-17,0040,Terra,MODIS,44,6.2,310.2,15.4,D,0
-15.3501,142.9953,332.5,1.1,1.1,2014-10-17,0040,Terra,MODIS,58,6.2,307.7,15.7,D,0
-17.8112,144.4892,335.9,1,1,2014-10-17,0040,Terra,MODIS,66,6.2,315.8,16.6,D,0
-16.6238,142.4524,345.6,1.2,1.1,2014-10-17,0040,Terra,MODIS,89,6.2,310,39.4,D,0
-15.1949,143.3368,339.5,1.1,1,2014-10-17,0040,Terra,MODIS,85,6.2,309.1,24.3,D,0
-17.7899,144.5311,332.6,1,1,2014-10-17,0040,Terra,MODIS,76,6.2,312.8,15.5,D,0
-16.6239,142.4346,344.8,1.2,1.1,2014-10-17,0040,Terra,MODIS,89,6.2,306.4,45.9,D,0
-15.3773,142.7941,374.4,1.2,1.1,2014-10-17,0040,Terra,MODIS,100,6.2,311.1,138.9,D,0
-17.8098,144.4799,331.6,1,1,2014-10-17,0040,Terra,MODIS,50,6.2,315.3,10.8,D,0
-16.6107,142.4322,376.7,1.2,1.1,2014-10-17,0040,Terra,MODIS,100,6.2,312.2,156.6,D,0
-17.7975,144.5203,334.3,1,1,2014-10-17,0040,Terra,MODIS,37,6.2,312.7,15.6,D,0
-17.774,144.5492,339.3,1,1,2014-10-17,0040,Terra,MODIS,83,6.2,315.7,22.2,D,0
-16.6353,142.4438,347.8,1.2,1.1,2014-10-17,0040,Terra,MODIS,91,6.2,310.3,50.1,D,0
-15.2734,142.9706,330.8,1.1,1.1,2014-10-17,0040,Terra,MODIS,56,6.2,306.5,14,D,0
-16.5852,142.4589,340.9,1.2,1.1,2014-10-17,0040,Terra,MODIS,82,6.2,308.3,30.7,D,0
-17.7726,144.5398,333.2,1,1,2014-10-17,0040,Terra,MODIS,61,6.2,315.3,12,D,0
-15.2875,142.9357,364.3,1.1,1.1,2014-10-17,0040,Terra,MODIS,100,6.2,309.1,97,D,0
-16.832,142.6036,333.3,1.1,1.1,2014-10-17,0040,Terra,MODIS,58,6.2,311.9,13,D,0
-15.283,142.9691,344.6,1.1,1.1,2014-10-17,0040,Terra,MODIS,89,6.2,310,39.2,D,0
-15.2859,142.9251,343.1,1.1,1.1,2014-10-17,0040,Terra,MODIS,88,6.2,305.3,37.6,D,0
-15.3906,142.7963,337.8,1.2,1.1,2014-10-17,0040,Terra,MODIS,73,6.2,309.8,26.1,D,0
-16.6028,142.4447,337.5,1.2,1.1,2014-10-17,0040,Terra,MODIS,49,6.2,310.5,23.4,D,0
-15.3886,142.8033,337,1.2,1.1,2014-10-17,0040,Terra,MODIS,73,6.2,310.3,21.1,D,0
-15.2813,142.9585,337.5,1.1,1.1,2014-10-17,0040,Terra,MODIS,76,6.2,308.7,23.2,D,0
-17.7809,144.5325,341.6,1,1,2014-10-17,0040,Terra,MODIS,88,6.2,313.2,28.6,D,0
-15.3293,142.9879,333.4,1.1,1.1,2014-10-17,0040,Terra,MODIS,74,6.2,308.7,18,D,0
-15.1855,143.3383,337.1,1.1,1,2014-10-17,0040,Terra,MODIS,82,6.2,308.9,18.8,D,0
-16.6432,142.4313,329,1.2,1.1,2014-10-17,0040,Terra,MODIS,61,6.2,306.2,17.1,D,0
-16.6274,142.4563,337.4,1.2,1.1,2014-10-17,0040,Terra,MODIS,80,6.2,310.4,24.3,D,0
-15.278,142.9373,340.4,1.1,1.1,2014-10-17,0040,Terra,MODIS,85,6.2,306.9,31.5,D,0
-17.7823,144.5419,357.9,1,1,2014-10-17,0040,Terra,MODIS,98,6.2,314.8,63.7,D,0
-15.3405,142.9969,328.7,1.1,1.1,2014-10-17,0040,Terra,MODIS,39,6.2,306.6,10.2,D,0
-16.6187,142.4196,328.6,1.2,1.1,2014-10-17,0040,Terra,MODIS,61,6.2,304,18,D,0
-15.358,142.7973,357.4,1.2,1.1,2014-10-17,0040,Terra,MODIS,98,6.2,308.5,75.7,D,0
-16.6011,142.4338,359.8,1.2,1.1,2014-10-17,0040,Terra,MODIS,99,6.2,308.9,86.2,D,0
-16.6256,142.4454,353.7,1.2,1.1,2014-10-17,0040,Terra,MODIS,96,6.2,309.7,66,D,0
-15.3245,142.9839,330.7,1.1,1.1,2014-10-17,0040,Terra,MODIS,45,6.2,307.8,12.2,D,0
-15.3676,142.7957,339.9,1.2,1.1,2014-10-17,0040,Terra,MODIS,85,6.2,309.6,29.7,D,0
-16.6204,142.4306,356.9,1.2,1.1,2014-10-17,0040,Terra,MODIS,98,6.2,306.8,79.5,D,0
-15.3119,135.3747,325.1,3.9,1.8,2014-10-17,0040,Terra,MODIS,74,6.2,312.9,65.4,D,0
-15.1761,143.3399,332.3,1.1,1,2014-10-17,0040,Terra,MODIS,74,6.2,309.7,11.3,D,0
-17.7885,144.5217,335,1,1,2014-10-17,0040,Terra,MODIS,76,6.2,312.8,17.7,D,0
-16.6221,142.4415,354,1.2,1.1,2014-10-17,0040,Terra,MODIS,92,6.2,309.5,65.1,D,0
-16.5738,142.4497,334.1,1.2,1.1,2014-10-17,0040,Terra,MODIS,73,6.2,307.8,20.1,D,0
-14.5584,134.7798,329.7,4.5,1.9,2014-10-17,0040,Terra,MODIS,82,6.2,310.6,129.8,D,0
-14.5582,134.772,328.9,4.5,1.9,2014-10-17,0040,Terra,MODIS,82,6.2,311.1,125.3,D,0
-15.2796,142.9479,335.2,1.1,1.1,2014-10-17,0040,Terra,MODIS,70,6.2,307.1,19.6,D,0
-16.8921,138.5107,329.3,2.1,1.4,2014-10-17,0040,Terra,MODIS,48,6.2,317.4,26.8,D,0
-16.8916,138.5038,329.9,2.1,1.4,2014-10-17,0040,Terra,MODIS,63,6.2,316.5,29.7,D,0
-16.1751,134.2254,322.4,4.5,2,2014-10-17,0040,Terra,MODIS,21,6.2,310.5,74,D,0
-16.1586,134.1466,337,4.6,2,2014-10-17,0040,Terra,MODIS,70,6.2,309.6,212.7,D,0
-17.9072,138.8059,335,1.9,1.4,2014-10-17,0040,Terra,MODIS,80,6.2,312.7,51.4,D,0
-16.1326,134.1079,339,4.6,2,2014-10-17,0040,Terra,MODIS,74,6.2,311.5,255.9,D,0
-16.1502,134.1042,339.3,4.6,2,2014-10-17,0040,Terra,MODIS,74,6.2,305.9,259.9,D,0
-16.8684,142.313,368.7,1.2,1.1,2014-10-17,0040,Terra,MODIS,100,6.2,311.8,116.3,D,0
-16.8604,142.3257,339.1,1.2,1.1,2014-10-17,0040,Terra,MODIS,64,6.2,310.5,25.6,D,0
-16.9831,142.4553,354.5,1.2,1.1,2014-10-17,0040,Terra,MODIS,96,6.2,311.5,63.7,D,0
-16.8666,142.302,354.7,1.2,1.1,2014-10-17,0040,Terra,MODIS,96,6.2,306.8,70.2,D,0
-16.8779,142.294,346.2,1.2,1.1,2014-10-17,0040,Terra,MODIS,90,6.2,308.6,48.2,D,0
-16.8763,142.3004,353,1.2,1.1,2014-10-17,0040,Terra,MODIS,95,6.2,310.4,66.2,D,0
-16.8746,142.2894,339.1,1.2,1.1,2014-10-17,0040,Terra,MODIS,83,6.2,305.3,33.1,D,0
-16.8991,142.3017,333.9,1.2,1.1,2014-10-17,0040,Terra,MODIS,52,6.2,308.1,19.5,D,0
-16.8797,142.305,331.3,1.2,1.1,2014-10-17,0040,Terra,MODIS,18,6.2,310.3,13.8,D,0
-16.9123,142.322,342.2,1.2,1.1,2014-10-17,0040,Terra,MODIS,81,6.2,310.1,34.1,D,0
-16.9009,142.3127,336.3,1.2,1.1,2014-10-17,0040,Terra,MODIS,61,6.2,310.1,22.3,D,0
-17.974,138.903,328.5,1.9,1.3,2014-10-17,0040,Terra,MODIS,55,6.2,313.9,23.6,D,0
-17.9665,138.8984,326.6,1.9,1.3,2014-10-17,0040,Terra,MODIS,57,6.2,314.2,18.8,D,0
-16.9141,142.333,352.2,1.2,1.1,2014-10-17,0040,Terra,MODIS,95,6.2,311.6,58.2,D,0
-16.9489,142.5494,330.6,1.1,1.1,2014-10-17,0040,Terra,MODIS,35,6.2,312.1,11.6,D,0
-16.158,134.1412,334,4.6,2,2014-10-17,0040,Terra,MODIS,51,6.2,309,182.8,D,0
-16.1844,134.1852,328.9,4.6,2,2014-10-17,0040,Terra,MODIS,55,6.2,308.5,136.1,D,0
-16.1229,134.0594,364.4,4.7,2,2014-10-17,0040,Terra,MODIS,100,6.2,309.8,802.9,D,0
-16.7538,142.6059,333.1,1.1,1.1,2014-10-17,0040,Terra,MODIS,72,6.2,311.2,16.2,D,0
-14.5409,134.7757,323,4.5,1.9,2014-10-17,0040,Terra,MODIS,58,6.2,309.2,65.9,D,0
-16.1317,134.1025,344.4,4.6,2,2014-10-17,0040,Terra,MODIS,88,6.2,311.9,343.4,D,0
-16.8041,142.3465,350.3,1.2,1.1,2014-10-17,0040,Terra,MODIS,93,6.2,310.6,54,D,0
-16.7427,142.3522,330.8,1.2,1.1,2014-10-17,0040,Terra,MODIS,28,6.2,309.6,13.2,D,0
-16.1064,134.0686,329,4.7,2,2014-10-17,0040,Terra,MODIS,64,6.2,309.2,157.2,D,0
-16.9334,142.3297,336.3,1.2,1.1,2014-10-17,0040,Terra,MODIS,79,6.2,308.7,25.3,D,0
-16.9718,142.4461,331.5,1.2,1.1,2014-10-17,0040,Terra,MODIS,42,6.2,311.8,11.4,D,0
-16.9317,142.3187,354,1.2,1.1,2014-10-17,0040,Terra,MODIS,96,6.2,310.2,69.3,D,0
-16.7585,142.3269,370.4,1.2,1.1,2014-10-17,0040,Terra,MODIS,100,6.2,308.2,127.6,D,0
-16.7506,142.3396,330.3,1.2,1.1,2014-10-17,0040,Terra,MODIS,49,6.2,308.4,13.4,D,0
-16.8023,142.3356,335.9,1.2,1.1,2014-10-17,0040,Terra,MODIS,65,6.2,307.1,22.2,D,0
-16.7603,142.3379,378.2,1.2,1.1,2014-10-17,0040,Terra,MODIS,100,6.2,312.3,162.6,D,0
-16.9299,142.3077,335.5,1.2,1.1,2014-10-17,0040,Terra,MODIS,78,6.2,307,26.5,D,0
-16.9238,142.3313,339.9,1.2,1.1,2014-10-17,0040,Terra,MODIS,84,6.2,310,30.3,D,0
-16.922,142.3204,350,1.2,1.1,2014-10-17,0040,Terra,MODIS,93,6.2,308.9,55.5,D,0
-16.6853,142.4465,338.9,1.2,1.1,2014-10-17,0040,Terra,MODIS,82,6.2,309,28.5,D,0
-16.1493,134.0988,339,4.6,2,2014-10-17,0040,Terra,MODIS,82,6.2,305.8,268.8,D,0
-16.8428,142.34,334.4,1.2,1.1,2014-10-17,0040,Terra,MODIS,65,6.2,310,16.6,D,0
-16.8217,142.3323,339.5,1.2,1.1,2014-10-17,0040,Terra,MODIS,75,6.2,309.6,29.1,D,0
-16.812,142.3339,343.1,1.2,1.1,2014-10-17,0040,Terra,MODIS,87,6.2,309.5,37.9,D,0
-16.8507,142.3273,342.3,1.2,1.1,2014-10-17,0040,Terra,MODIS,83,6.2,309.3,34.2,D,0
-16.9814,142.4445,347.4,1.2,1.1,2014-10-17,0040,Terra,MODIS,91,6.2,309.6,45.2,D,0
-16.1241,134.0649,369.1,4.7,2,2014-10-17,0040,Terra,MODIS,100,6.2,310.8,938.6,D,0
-16.8525,142.3383,339.3,1.2,1.1,2014-10-17,0040,Terra,MODIS,83,6.2,311.3,25.7,D,0
-16.6546,142.4406,342.5,1.2,1.1,2014-10-17,0040,Terra,MODIS,81,6.2,306,38,D,0
-16.6563,142.4514,367.2,1.2,1.1,2014-10-17,0040,Terra,MODIS,100,6.2,312.2,110.1,D,0
-16.184,134.1797,329,4.6,2,2014-10-17,0040,Terra,MODIS,66,6.2,308.4,146.2,D,0
-16.1052,134.063,328,4.7,2,2014-10-17,0040,Terra,MODIS,51,6.2,308.7,141.2,D,0
-16.666,142.4498,334.2,1.2,1.1,2014-10-17,0040,Terra,MODIS,47,6.2,308.2,18.4,D,0
-16.6836,142.4357,333.6,1.2,1.1,2014-10-17,0040,Terra,MODIS,70,6.2,307.4,20.5,D,0
-16.9735,142.4569,341.7,1.2,1.1,2014-10-17,0040,Terra,MODIS,86,6.2,312.3,30.3,D,0
-13.9751,135.8539,325.8,3.8,1.8,2014-10-17,0040,Terra,MODIS,79,6.2,307,88.7,D,0
-13.9535,135.4375,319.5,4.1,1.9,2014-10-17,0040,Terra,MODIS,37,6.2,307.4,46.1,D,0
-14.1034,136.5445,319.6,3.4,1.7,2014-10-17,0040,Terra,MODIS,70,6.2,305.6,45.5,D,0
-14.1923,136.6157,325.4,3.3,1.7,2014-10-17,0040,Terra,MODIS,78,6.2,304,81.5,D,0
-21.0972,147.8663,339.8,1.4,1.2,2014-10-17,0041,Terra,MODIS,80,6.2,312,39.8,D,0
-19.6949,143.4811,331.9,1,1,2014-10-17,0041,Terra,MODIS,24,6.2,310.8,14,D,0
-19.6829,143.4633,334.3,1,1,2014-10-17,0041,Terra,MODIS,72,6.2,311.5,18.3,D,0
-21.0572,147.8521,342.1,1.4,1.2,2014-10-17,0041,Terra,MODIS,80,6.2,315.2,44.2,D,0
-19.6902,143.5115,335.1,1,1,2014-10-17,0041,Terra,MODIS,55,6.2,312.7,19.7,D,0
-19.6963,143.4907,334.8,1,1,2014-10-17,0041,Terra,MODIS,42,6.2,312.4,18.2,D,0
-21.0588,147.865,378.5,1.4,1.2,2014-10-17,0041,Terra,MODIS,100,6.2,320.1,202,D,0
-19.6993,143.51,335.6,1,1,2014-10-17,0041,Terra,MODIS,72,6.2,311.9,21.3,D,0
-19.6648,143.4664,331.6,1,1,2014-10-17,0041,Terra,MODIS,60,6.2,312.7,13.6,D,0
-19.6978,143.5004,354.1,1,1,2014-10-17,0041,Terra,MODIS,96,6.2,314.3,56.9,D,0
-21.0484,147.8665,344.7,1.4,1.2,2014-10-17,0041,Terra,MODIS,90,6.2,314.5,52.1,D,0
-21.3639,149.1559,320.7,1.7,1.3,2014-10-17,0041,Terra,MODIS,43,6.2,308.8,13.7,D,0
-21.0764,147.8694,334.9,1.4,1.2,2014-10-17,0041,Terra,MODIS,39,6.2,316.4,22.9,D,0
-19.6738,143.4648,344.4,1,1,2014-10-17,0041,Terra,MODIS,88,6.2,311.9,34.2,D,0
-22.6387,150.4789,320.2,2.2,1.4,2014-10-17,0041,Terra,MODIS,54,6.2,297.8,35.1,D,0
-21.0693,148.1208,339.8,1.4,1.2,2014-10-17,0041,Terra,MODIS,86,6.2,312,45.5,D,0
-21.1479,147.8464,333.9,1.4,1.2,2014-10-17,0041,Terra,MODIS,80,6.2,315.3,27.9,D,0
-20.7467,143.1892,347.4,1,1,2014-10-17,0041,Terra,MODIS,89,6.2,321.5,35.6,D,0
-20.7376,143.1908,345.7,1,1,2014-10-17,0041,Terra,MODIS,87,6.2,321.9,32.7,D,0
-20.7361,143.181,356.6,1,1,2014-10-17,0041,Terra,MODIS,97,6.2,320.2,57.4,D,0
-21.9657,149.4337,332.8,1.8,1.3,2014-10-17,0041,Terra,MODIS,79,6.2,305.1,55.1,D,0
-21.9539,149.4353,322.6,1.8,1.3,2014-10-17,0041,Terra,MODIS,48,6.2,306.9,26.2,D,0
-22.7825,149.1,358.9,1.7,1.3,2014-10-17,0041,Terra,MODIS,99,6.2,306.3,159.1,D,0
-22.7844,149.1168,415.4,1.7,1.3,2014-10-17,0041,Terra,MODIS,100,6.2,316.6,781.9,D,0
-22.7864,149.1342,331.2,1.8,1.3,2014-10-17,0041,Terra,MODIS,78,6.2,307.8,40.6,D,0
-22.7798,149.1117,358.8,1.7,1.3,2014-10-17,0041,Terra,MODIS,99,6.2,308.7,160.3,D,0
-22.7817,149.1289,335.7,1.8,1.3,2014-10-17,0041,Terra,MODIS,83,6.2,306.5,56,D,0
-22.7915,149.1102,413.6,1.7,1.3,2014-10-17,0041,Terra,MODIS,100,6.2,314.9,751.9,D,0
-22.7934,149.1275,365.2,1.8,1.3,2014-10-17,0041,Terra,MODIS,100,6.2,310.5,202,D,0
-22.8052,149.1263,323.5,1.8,1.3,2014-10-17,0041,Terra,MODIS,55,6.2,307,20.4,D,0
-25.6127,148.9239,322.3,1.9,1.3,2014-10-17,0042,Terra,MODIS,46,6.2,309.4,22.3,D,0
-26.6072,146.1774,358.7,1.3,1.1,2014-10-17,0042,Terra,MODIS,99,6.2,315,96.7,D,0
-26.6057,146.1647,325.1,1.3,1.1,2014-10-17,0042,Terra,MODIS,59,6.2,312.9,10.5,D,0
-26.6088,146.1902,324.1,1.3,1.1,2014-10-17,0042,Terra,MODIS,55,6.2,312.2,9.4,D,0
-25.0683,148.5225,318.1,1.7,1.3,2014-10-17,0042,Terra,MODIS,30,6.2,304.6,12.2,D,0
-24.1373,146.576,336.5,1.3,1.1,2014-10-17,0042,Terra,MODIS,82,6.2,310,36.4,D,0
-24.1388,146.5883,335.7,1.3,1.1,2014-10-17,0042,Terra,MODIS,82,6.2,310.1,33.4,D,0
-25.072,148.5282,317,1.7,1.3,2014-10-17,0042,Terra,MODIS,40,6.2,305.8,9.8,D,0
-30.1311,149.9848,320.6,2.5,1.5,2014-10-17,0043,Terra,MODIS,54,6.2,302,48.1,D,0
-31.8364,147.8204,317,1.9,1.3,2014-10-17,0044,Terra,MODIS,52,6.2,304.1,13.6,D,0
-37.1506,141.2487,310.6,1,1,2014-10-17,0045,Terra,MODIS,54,6.2,296.9,6.3,D,0
-34.7332,138.5693,313.5,1.1,1,2014-10-17,0045,Terra,MODIS,39,6.2,300.6,4.9,D,0
-37.1522,141.2604,310.4,1,1,2014-10-17,0045,Terra,MODIS,51,6.2,299.1,6.3,D,0
-35.5366,138.3941,346.1,1.1,1,2014-10-17,0045,Terra,MODIS,93,6.2,297.2,55,D,0
-37.7124,144.8621,308.9,1.5,1.2,2014-10-17,0046,Terra,MODIS,45,6.2,295.1,5.4,D,0
-37.921,141.1179,301.8,1,1,2014-10-17,0046,Terra,MODIS,24,6.2,289.2,3.2,D,0
-37.9489,145.0751,309.3,1.5,1.2,2014-10-17,0046,Terra,MODIS,59,6.2,295.3,6.8,D,0
-12.5138,131.773,326.9,4.5,2,2014-10-17,0217,Terra,MODIS,80,6.2,306.6,119.3,D,0
-11.6421,130.9272,331.2,3.8,1.8,2014-10-17,0217,Terra,MODIS,84,6.2,304,131.1,D,0
-11.6584,130.9252,321.5,3.8,1.8,2014-10-17,0217,Terra,MODIS,58,6.2,305,52.7,D,0
-11.6527,130.9556,321.5,3.8,1.8,2014-10-17,0217,Terra,MODIS,52,6.2,303.8,56.4,D,0
-11.356,131.0848,337.3,3.9,1.8,2014-10-17,0217,Terra,MODIS,45,6.2,307.5,171.8,D,0
-11.6326,130.9231,319.5,3.8,1.8,2014-10-17,0217,Terra,MODIS,33,6.2,303.9,41.9,D,0
-11.6489,130.9211,330.9,3.8,1.8,2014-10-17,0217,Terra,MODIS,83,6.2,304.3,128.4,D,0
-11.6625,130.9597,320.6,3.8,1.8,2014-10-17,0217,Terra,MODIS,39,6.2,304.2,49.5,D,0
-11.6911,130.9213,322.3,3.8,1.8,2014-10-17,0217,Terra,MODIS,22,6.2,306.4,55,D,0
-11.6953,130.9559,351.7,3.8,1.8,2014-10-17,0217,Terra,MODIS,96,6.2,305.4,379.2,D,0
-11.6855,130.9517,342.7,3.8,1.8,2014-10-17,0217,Terra,MODIS,91,6.2,304.5,255.9,D,0
-11.7019,130.9496,330.3,3.8,1.8,2014-10-17,0217,Terra,MODIS,83,6.2,305.6,129.3,D,0
-12.4959,131.7802,325.8,4.5,2,2014-10-17,0217,Terra,MODIS,74,6.2,305.2,105.8,D,0
-12.5134,131.778,329.4,4.5,2,2014-10-17,0217,Terra,MODIS,78,6.2,306.6,145.7,D,0
-12.4962,131.7752,326.5,4.5,2,2014-10-17,0217,Terra,MODIS,80,6.2,305.1,114.7,D,0
-11.6387,130.6203,325,3.6,1.8,2014-10-17,0217,Terra,MODIS,60,6.2,302.9,69.2,D,0
-11.6278,130.5833,322.6,3.6,1.8,2014-10-17,0217,Terra,MODIS,51,6.2,300.3,60.8,D,0
-11.6348,130.5879,334.4,3.6,1.8,2014-10-17,0217,Terra,MODIS,81,6.2,301.6,149.8,D,0
-11.6315,130.6158,323.7,3.6,1.8,2014-10-17,0217,Terra,MODIS,35,6.2,302.3,63.5,D,0
-11.4863,130.6446,328.4,3.6,1.8,2014-10-17,0217,Terra,MODIS,72,6.2,300,109.5,D,0
-11.5024,130.643,335.4,3.6,1.8,2014-10-17,0217,Terra,MODIS,77,6.2,303.7,159.3,D,0
-13.0112,130.4016,322.1,3.6,1.8,2014-10-17,0217,Terra,MODIS,22,6.2,298.5,53.5,D,0
-16.6564,129.649,333.5,3.6,1.8,2014-10-17,0218,Terra,MODIS,53,6.2,308.7,112.5,D,0
-16.6596,129.6821,355,3.6,1.8,2014-10-17,0218,Terra,MODIS,97,6.2,315.4,350.1,D,0
-14.2422,127.1654,337.7,2.1,1.4,2014-10-17,0218,Terra,MODIS,65,6.2,318.8,57.8,D,0
-16.5998,127.3504,335.3,2.4,1.5,2014-10-17,0218,Terra,MODIS,46,6.2,316.5,53.3,D,0
-16.6187,126.8153,333.4,2.2,1.4,2014-10-17,0218,Terra,MODIS,60,6.2,319,43.2,D,0
-14.4293,126.9929,331.2,2.1,1.4,2014-10-17,0218,Terra,MODIS,42,6.2,313.1,41.8,D,0
-16.8415,130.6515,326.3,4.3,1.9,2014-10-17,0218,Terra,MODIS,23,6.2,314.2,80.8,D,0
-16.6226,129.7268,333.6,3.6,1.8,2014-10-17,0218,Terra,MODIS,44,6.2,317.6,105,D,0
-16.5812,127.2705,334.1,2.3,1.5,2014-10-17,0218,Terra,MODIS,78,6.2,317,56,D,0
-16.8522,130.6153,326,4.2,1.9,2014-10-17,0218,Terra,MODIS,44,6.2,310.4,79.3,D,0
-15.0076,130.0483,327.5,3.6,1.8,2014-10-17,0218,Terra,MODIS,58,6.2,315.5,61.9,D,0
-14.3235,127.1951,334.5,2.1,1.4,2014-10-17,0218,Terra,MODIS,35,6.2,316.6,40.3,D,0
-13.9155,130.3375,327.6,3.7,1.8,2014-10-17,0218,Terra,MODIS,42,6.2,310.3,62.6,D,0
-14.264,127.0266,336.5,2.1,1.4,2014-10-17,0218,Terra,MODIS,45,6.2,315.2,47.9,D,0
-14.3727,127.0648,343.2,2.1,1.4,2014-10-17,0218,Terra,MODIS,88,6.2,313.5,88.8,D,0
-16.5787,127.2491,343.2,2.3,1.5,2014-10-17,0218,Terra,MODIS,88,6.2,315.6,106.1,D,0
-14.373,127.0582,338.3,2.1,1.4,2014-10-17,0218,Terra,MODIS,84,6.2,313.6,63.1,D,0
-14.297,126.9842,416.9,2.1,1.4,2014-10-17,0218,Terra,MODIS,100,6.2,323.2,994.8,D,0
-14.2993,127.0026,371,2.1,1.4,2014-10-17,0218,Terra,MODIS,100,6.2,316.9,275.8,D,0
-14.3997,126.9592,349,2.1,1.4,2014-10-17,0218,Terra,MODIS,93,6.2,311.5,121.9,D,0
-13.924,130.3417,329.9,3.7,1.8,2014-10-17,0218,Terra,MODIS,77,6.2,309.3,78.1,D,0
-15.0032,130.0769,326.8,3.6,1.8,2014-10-17,0218,Terra,MODIS,55,6.2,315.9,64.8,D,0
-14.3005,126.997,395.7,2.1,1.4,2014-10-17,0218,Terra,MODIS,100,6.2,319.7,595.1,D,0
-16.6513,129.6901,356,3.6,1.8,2014-10-17,0218,Terra,MODIS,97,6.2,316.3,362,D,0
-14.2058,126.9833,335.8,2,1.4,2014-10-17,0218,Terra,MODIS,38,6.2,317,43,D,0
-14.3861,126.9675,334.4,2.1,1.4,2014-10-17,0218,Terra,MODIS,77,6.2,310.9,52.8,D,0
-16.6436,129.684,338.3,3.6,1.8,2014-10-17,0218,Terra,MODIS,61,6.2,313.5,141.1,D,0
-14.3798,127.1228,334.3,2.1,1.4,2014-10-17,0218,Terra,MODIS,70,6.2,314.1,50.6,D,0
-14.3131,126.9958,349.5,2.1,1.4,2014-10-17,0218,Terra,MODIS,93,6.2,316.7,122.7,D,0
-16.6106,129.6999,328.8,3.6,1.8,2014-10-17,0218,Terra,MODIS,42,6.2,314.5,74.6,D,0
-14.3975,126.9403,404,2,1.4,2014-10-17,0218,Terra,MODIS,100,6.2,318.7,746.1,D,0
-15.5764,125.3825,359.9,1.6,1.3,2014-10-17,0218,Terra,MODIS,99,6.2,308.6,153.9,D,0
-14.995,130.0825,325.4,3.6,1.8,2014-10-17,0218,Terra,MODIS,29,6.2,314.8,51.6,D,0
-15.5782,125.3971,325.8,1.6,1.3,2014-10-17,0218,Terra,MODIS,61,6.2,307.5,25.7,D,0
-14.9998,130.0439,327.4,3.6,1.8,2014-10-17,0218,Terra,MODIS,61,6.2,316.8,64.3,D,0
-16.6163,126.795,332.2,2.1,1.4,2014-10-17,0218,Terra,MODIS,48,6.2,320.4,36.5,D,0
-16.6629,129.7157,340,3.6,1.8,2014-10-17,0218,Terra,MODIS,85,6.2,317.2,148.6,D,0
-14.3797,127.1162,331,2.1,1.4,2014-10-17,0218,Terra,MODIS,49,6.2,312.9,38.7,D,0
-14.2852,127.2,338.3,2.1,1.4,2014-10-17,0218,Terra,MODIS,52,6.2,319.9,57.5,D,0
-15.5352,126.0465,343.6,1.8,1.3,2014-10-17,0218,Terra,MODIS,53,6.2,318.2,64.7,D,0
-16.5837,127.2921,329.4,2.3,1.5,2014-10-17,0218,Terra,MODIS,52,6.2,315.6,33.9,D,0
-16.6404,129.6509,337.3,3.6,1.8,2014-10-17,0218,Terra,MODIS,54,6.2,308.4,145.7,D,0
-16.6193,129.6938,332,3.6,1.8,2014-10-17,0218,Terra,MODIS,35,6.2,314.7,94.9,D,0
-16.6286,127.4436,334,2.4,1.5,2014-10-17,0218,Terra,MODIS,40,6.2,316.9,53.2,D,0
-14.2092,126.9954,335.4,2.1,1.4,2014-10-17,0218,Terra,MODIS,66,6.2,316.8,44.8,D,0
-14.3753,127.0775,338.4,2.1,1.4,2014-10-17,0218,Terra,MODIS,75,6.2,312.8,63.8,D,0
-14.3853,127.0633,341.8,2.1,1.4,2014-10-17,0218,Terra,MODIS,87,6.2,311.7,84.7,D,0
-14.3829,127.044,343.4,2.1,1.4,2014-10-17,0218,Terra,MODIS,88,6.2,312.5,92.6,D,0
-16.6673,129.6887,341.4,3.6,1.8,2014-10-17,0218,Terra,MODIS,83,6.2,314.6,175.6,D,0
-14.4145,126.9763,336.5,2.1,1.4,2014-10-17,0218,Terra,MODIS,40,6.2,313.8,57,D,0
-16.5888,127.336,338.4,2.4,1.5,2014-10-17,0218,Terra,MODIS,73,6.2,315.6,73.9,D,0
-14.2399,127.1458,333.1,2.1,1.4,2014-10-17,0218,Terra,MODIS,34,6.2,318.3,37.3,D,0
-14.382,127.1359,328.8,2.1,1.4,2014-10-17,0218,Terra,MODIS,35,6.2,313.5,31.9,D,0
-14.2617,127.0076,354.6,2.1,1.4,2014-10-17,0218,Terra,MODIS,96,6.2,316.1,143.1,D,0
-14.3108,126.9769,364,2.1,1.4,2014-10-17,0218,Terra,MODIS,100,6.2,312.9,227.4,D,0
-14.2879,126.9984,339.7,2.1,1.4,2014-10-17,0218,Terra,MODIS,77,6.2,316.8,58.2,D,0
-14.3952,126.9214,348.7,2,1.4,2014-10-17,0218,Terra,MODIS,93,6.2,311.3,128.2,D,0
-14.2983,126.9784,399.9,2.1,1.4,2014-10-17,0218,Terra,MODIS,100,6.2,319.2,665.3,D,0
-14.3894,126.9797,333.9,2.1,1.4,2014-10-17,0218,Terra,MODIS,58,6.2,311.8,47.1,D,0
-14.3872,126.9608,333.9,2.1,1.4,2014-10-17,0218,Terra,MODIS,69,6.2,310.2,51.4,D,0
-16.8587,130.6497,354.8,4.3,1.9,2014-10-17,0218,Terra,MODIS,96,6.2,311.8,475,D,0
-14.3885,126.9863,330.8,2.1,1.4,2014-10-17,0218,Terra,MODIS,47,6.2,311.5,34.6,D,0
-16.3992,125.1135,331.1,1.6,1.2,2014-10-17,0218,Terra,MODIS,67,6.2,304.9,30.9,D,0
-15.545,126.0282,338.6,1.8,1.3,2014-10-17,0218,Terra,MODIS,66,6.2,315.8,48.6,D,0
-15.551,126.0208,336.4,1.8,1.3,2014-10-17,0218,Terra,MODIS,61,6.2,313,45.8,D,0
-15.553,126.0377,345.4,1.8,1.3,2014-10-17,0218,Terra,MODIS,90,6.2,316.2,82.6,D,0
-15.9764,125.9254,342.4,1.8,1.3,2014-10-17,0218,Terra,MODIS,87,6.2,312.7,75.6,D,0
-15.9785,125.942,385.5,1.8,1.3,2014-10-17,0218,Terra,MODIS,100,6.2,321.2,377.2,D,0
-15.9806,125.959,395.7,1.8,1.3,2014-10-17,0218,Terra,MODIS,100,6.2,324.5,498.6,D,0
-15.9882,125.9238,394.9,1.8,1.3,2014-10-17,0218,Terra,MODIS,100,6.2,315.2,498,D,0
-15.9903,125.9405,396.4,1.8,1.3,2014-10-17,0218,Terra,MODIS,100,6.2,322.5,507.7,D,0
-15.9924,125.9572,357.1,1.8,1.3,2014-10-17,0218,Terra,MODIS,98,6.2,318.9,136.8,D,0
-15.9727,125.937,338.1,1.8,1.3,2014-10-17,0218,Terra,MODIS,33,6.2,314.7,49,D,0
-15.9747,125.9538,350.4,1.8,1.3,2014-10-17,0218,Terra,MODIS,94,6.2,319.8,99.8,D,0
-15.9845,125.9354,397,1.8,1.3,2014-10-17,0218,Terra,MODIS,100,6.2,321.6,519.6,D,0
-15.9865,125.9523,402,1.8,1.3,2014-10-17,0218,Terra,MODIS,100,6.2,325.4,586.1,D,0
-15.9885,125.9689,340.7,1.8,1.3,2014-10-17,0218,Terra,MODIS,49,6.2,318.4,60.5,D,0
-15.9944,125.9171,408.1,1.8,1.3,2014-10-17,0218,Terra,MODIS,100,6.2,316.3,693.5,D,0
-15.9964,125.9338,389.8,1.8,1.3,2014-10-17,0218,Terra,MODIS,100,6.2,318.6,431.6,D,0
-15.9984,125.9504,347.6,1.8,1.3,2014-10-17,0218,Terra,MODIS,92,6.2,315.1,93.2,D,0
-16.0004,125.9673,330.3,1.8,1.3,2014-10-17,0218,Terra,MODIS,45,6.2,313.2,28.1,D,0
-16.0063,125.9156,370.6,1.8,1.3,2014-10-17,0218,Terra,MODIS,100,6.2,308.3,248.5,D,0
-16.0083,125.9323,346,1.8,1.3,2014-10-17,0218,Terra,MODIS,90,6.2,309.4,91.8,D,0
-16.0474,125.859,331.1,1.8,1.3,2014-10-17,0218,Terra,MODIS,61,6.2,312.4,31,D,0
-15.9589,125.9786,340.5,1.8,1.3,2014-10-17,0218,Terra,MODIS,86,6.2,315.6,60.9,D,0
-16.0592,125.8574,338.1,1.8,1.3,2014-10-17,0218,Terra,MODIS,81,6.2,315.3,52,D,0
-16.0538,125.8517,339.8,1.8,1.3,2014-10-17,0218,Terra,MODIS,85,6.2,314.2,56.1,D,0
-15.4955,126.0176,346.7,1.8,1.3,2014-10-17,0218,Terra,MODIS,89,6.2,315.9,79.4,D,0
-15.4975,126.034,342.4,1.8,1.3,2014-10-17,0218,Terra,MODIS,51,6.2,320.5,60.1,D,0
-15.5411,126.0391,334.5,1.8,1.3,2014-10-17,0218,Terra,MODIS,54,6.2,316.5,38.7,D,0
-16.8601,130.6946,350.4,4.3,1.9,2014-10-17,0218,Terra,MODIS,94,6.2,313.9,392.7,D,0
-16.8624,130.6897,355.1,4.3,1.9,2014-10-17,0218,Terra,MODIS,97,6.2,313.5,479.1,D,0
-16.8561,130.6547,363.2,4.3,1.9,2014-10-17,0218,Terra,MODIS,100,6.2,313.3,656.4,D,0
-18.0341,127.7884,346,2.7,1.6,2014-10-17,0219,Terra,MODIS,90,6.2,318.1,156.4,D,0
-18.0456,127.7617,340.8,2.7,1.6,2014-10-17,0219,Terra,MODIS,82,6.2,313.7,112.7,D,0
-18.0483,127.787,331.8,2.7,1.6,2014-10-17,0219,Terra,MODIS,43,6.2,315.9,55.6,D,0
-19.5755,125.2783,335.1,1.8,1.3,2014-10-17,0219,Terra,MODIS,55,6.2,323,29.2,D,0
-19.5874,125.2768,335.9,1.8,1.3,2014-10-17,0219,Terra,MODIS,67,6.2,322.7,32.8,D,0
-18.0271,127.769,333.6,2.7,1.6,2014-10-17,0219,Terra,MODIS,54,6.2,315,70.6,D,0
-18.0199,127.7901,332.4,2.7,1.6,2014-10-17,0219,Terra,MODIS,50,6.2,315.6,65.5,D,0
-18.0299,127.7944,345.8,2.7,1.6,2014-10-17,0219,Terra,MODIS,90,6.2,318.2,154.9,D,0
-19.9698,124.2675,342.9,1.6,1.2,2014-10-17,0219,Terra,MODIS,85,6.2,322.8,49.4,D,0
-19.9701,124.2616,338.5,1.6,1.2,2014-10-17,0219,Terra,MODIS,79,6.2,323.8,34.3,D,0
-19.9718,124.2765,331.4,1.6,1.2,2014-10-17,0219,Terra,MODIS,39,6.2,320.9,14.8,D,0
-16.6638,122.9309,352.6,1.2,1.1,2014-10-17,0219,Terra,MODIS,95,6.2,302.4,64.4,D,0
-16.6555,122.9433,350.1,1.2,1.1,2014-10-17,0219,Terra,MODIS,93,6.2,307.9,56.8,D,0
-16.654,122.9322,334.9,1.2,1.1,2014-10-17,0219,Terra,MODIS,71,6.2,304.2,24.3,D,0
-17.0467,122.8297,341.2,1.2,1.1,2014-10-17,0219,Terra,MODIS,85,6.2,309.6,32.7,D,0
-17.0485,122.8236,338.1,1.2,1.1,2014-10-17,0219,Terra,MODIS,66,6.2,310.3,25.9,D,0
-16.6653,122.9419,349.2,1.2,1.1,2014-10-17,0219,Terra,MODIS,93,6.2,307.6,52.8,D,0
-17.3127,130.3802,330.9,4.1,1.9,2014-10-17,0219,Terra,MODIS,55,6.2,314.4,99.1,D,0
-17.0718,130.4564,342.5,4.1,1.9,2014-10-17,0219,Terra,MODIS,87,6.2,316.2,252,D,0
-17.6458,126.055,337,2,1.4,2014-10-17,0219,Terra,MODIS,77,6.2,316.8,54.8,D,0
-18.0875,130.2087,371.5,4.1,1.9,2014-10-17,0219,Terra,MODIS,100,6.2,311.7,832.7,D,0
-17.6489,126.0482,335.8,2,1.4,2014-10-17,0219,Terra,MODIS,78,6.2,316.4,50.9,D,0
-17.688,126.0628,338.7,2,1.4,2014-10-17,0219,Terra,MODIS,82,6.2,321.2,60.3,D,0
-17.6902,126.081,334.4,2,1.4,2014-10-17,0219,Terra,MODIS,71,6.2,318.2,42,D,0
-17.7003,126.0608,336.8,2,1.4,2014-10-17,0219,Terra,MODIS,63,6.2,315.2,49.7,D,0
-17.7212,126.1318,328.8,2,1.4,2014-10-17,0219,Terra,MODIS,58,6.2,314.3,29.1,D,0
-17.7234,126.1256,330.1,2,1.4,2014-10-17,0219,Terra,MODIS,52,6.2,314.9,32.7,D,0
-18.0612,130.2451,324.6,4.1,1.9,2014-10-17,0219,Terra,MODIS,51,6.2,312.3,73.1,D,0
-18.0744,130.2493,347.4,4.1,1.9,2014-10-17,0219,Terra,MODIS,91,6.2,313.5,329.9,D,0
-17.0813,130.3318,354.2,4.1,1.9,2014-10-17,0219,Terra,MODIS,96,6.2,314.5,430.7,D,0
-17.0777,130.2936,359.1,4,1.9,2014-10-17,0219,Terra,MODIS,99,6.2,313.2,526.6,D,0
-17.0774,130.3391,344.2,4.1,1.9,2014-10-17,0219,Terra,MODIS,89,6.2,313.8,273.6,D,0
-17.0736,130.301,367,4,1.9,2014-10-17,0219,Terra,MODIS,100,6.2,314.5,698,D,0
-18.0746,130.2047,365.6,4.1,1.9,2014-10-17,0219,Terra,MODIS,100,6.2,314,684.7,D,0
-17.2882,130.2598,341.4,4,1.9,2014-10-17,0219,Terra,MODIS,86,6.2,316.2,198.8,D,0
-17.2846,130.222,338.6,4,1.9,2014-10-17,0219,Terra,MODIS,83,6.2,317,165.7,D,0
-17.2841,130.2671,341.1,4,1.9,2014-10-17,0219,Terra,MODIS,86,6.2,315.9,199.9,D,0
-17.2803,130.2293,352.3,4,1.9,2014-10-17,0219,Terra,MODIS,95,6.2,317.2,364.8,D,0
-18.0782,130.2436,357.6,4.1,1.9,2014-10-17,0219,Terra,MODIS,98,6.2,313.9,516.3,D,0
-18.0915,130.2029,349,4.1,1.9,2014-10-17,0219,Terra,MODIS,93,6.2,309.6,364.7,D,0
-17.4462,128.514,378,3,1.6,2014-10-17,0219,Terra,MODIS,100,6.2,309,643.3,D,0
-17.4434,128.486,344.4,3,1.6,2014-10-17,0219,Terra,MODIS,89,6.2,303.2,187.9,D,0
-17.4315,128.5168,358.2,3,1.6,2014-10-17,0219,Terra,MODIS,98,6.2,313.5,320.4,D,0
-17.4286,128.4876,339.4,3,1.6,2014-10-17,0219,Terra,MODIS,59,6.2,304.6,138.4,D,0
-17.4466,128.5209,369.5,3,1.6,2014-10-17,0219,Terra,MODIS,100,6.2,309,482.6,D,0
-17.1057,130.4525,362,4.1,1.9,2014-10-17,0219,Terra,MODIS,100,6.2,316.9,568.8,D,0
-17.0749,130.4491,345.3,4.1,1.9,2014-10-17,0219,Terra,MODIS,90,6.2,315.7,286.3,D,0
-20.0554,124.2204,361.2,1.6,1.2,2014-10-17,0219,Terra,MODIS,100,6.2,320.6,118.3,D,0
-20.0536,124.2056,392.8,1.6,1.2,2014-10-17,0219,Terra,MODIS,100,6.2,323.6,352.5,D,0
-20.0443,124.2218,363.9,1.6,1.2,2014-10-17,0219,Terra,MODIS,100,6.2,323.2,136.6,D,0
-20.0425,124.207,339.5,1.6,1.2,2014-10-17,0219,Terra,MODIS,33,6.2,323.7,30.5,D,0
-20.035,124.2381,352.4,1.6,1.2,2014-10-17,0219,Terra,MODIS,94,6.2,323,81.3,D,0
-20.0332,124.2232,340.6,1.6,1.2,2014-10-17,0219,Terra,MODIS,57,6.2,323.5,34.6,D,0
-17.4288,128.4948,345.9,3,1.6,2014-10-17,0219,Terra,MODIS,81,6.2,306.6,193.4,D,0
-17.4318,128.5235,358.8,3,1.6,2014-10-17,0219,Terra,MODIS,99,6.2,314.3,330.8,D,0
-19.6438,128.3667,328.8,3.1,1.7,2014-10-17,0219,Terra,MODIS,31,6.2,316.6,44.8,D,0
-17.4436,128.4931,360.8,3,1.6,2014-10-17,0219,Terra,MODIS,100,6.2,304.7,359.9,D,0
-18.0706,130.2105,353.5,4.1,1.9,2014-10-17,0219,Terra,MODIS,96,6.2,313.1,430.1,D,0
-18.0913,130.2477,328.3,4.1,1.9,2014-10-17,0219,Terra,MODIS,64,6.2,310.6,102.2,D,0
-17.1089,130.4451,362.5,4.1,1.9,2014-10-17,0219,Terra,MODIS,100,6.2,317.5,582.4,D,0
-17.1126,130.4844,328.8,4.2,1.9,2014-10-17,0219,Terra,MODIS,32,6.2,314.5,79,D,0
-17.068,130.4176,351.3,4.1,1.9,2014-10-17,0219,Terra,MODIS,94,6.2,311.5,384.4,D,0
-17.0714,130.4102,347.9,4.1,1.9,2014-10-17,0219,Terra,MODIS,92,6.2,310.7,323.3,D,0
-17.1392,130.4029,343.9,4.1,1.9,2014-10-17,0219,Terra,MODIS,82,6.2,317.9,234.5,D,0
-17.4139,128.4962,336.3,3,1.6,2014-10-17,0219,Terra,MODIS,55,6.2,307.6,116.1,D,0
-23.4366,123.6044,335.6,1.6,1.2,2014-10-17,0220,Terra,MODIS,73,6.2,315.5,23.8,D,0
-20.0539,124.199,361.3,1.6,1.2,2014-10-17,0220,Terra,MODIS,75,6.2,321.4,132.1,D,0
-20.0848,123.423,346.3,1.4,1.2,2014-10-17,0220,Terra,MODIS,67,6.2,324.5,45.7,D,0
-20.3173,124.7028,334.5,1.7,1.3,2014-10-17,0220,Terra,MODIS,72,6.2,321.7,27.6,D,0
-20.113,123.3924,349.5,1.4,1.2,2014-10-17,0220,Terra,MODIS,91,6.2,324.5,51.4,D,0
-23.4655,123.657,336.2,1.6,1.2,2014-10-17,0220,Terra,MODIS,78,6.2,312.5,34,D,0
-21.9301,127.4159,374.4,2.8,1.6,2014-10-17,0220,Terra,MODIS,100,6.2,319,516,D,0
-20.0647,124.2042,346.1,1.6,1.2,2014-10-17,0220,Terra,MODIS,60,6.2,317.9,51.9,D,0
-23.4638,123.6414,335.8,1.6,1.2,2014-10-17,0220,Terra,MODIS,77,6.2,313.4,30.5,D,0
-23.3721,123.5354,333.5,1.6,1.2,2014-10-17,0220,Terra,MODIS,37,6.2,315.6,19,D,0
-20.0628,124.1894,355.4,1.6,1.2,2014-10-17,0220,Terra,MODIS,73,6.2,317.3,92.1,D,0
-23.3738,123.5506,349.3,1.6,1.2,2014-10-17,0220,Terra,MODIS,92,6.2,319.1,72.5,D,0
-22.575,122.4473,332.8,1.3,1.1,2014-10-17,0220,Terra,MODIS,41,6.2,314.7,14.5,D,0
-23.3849,123.5492,381.5,1.6,1.2,2014-10-17,0220,Terra,MODIS,100,6.2,320.5,258.1,D,0
-22.6035,122.527,337.6,1.3,1.1,2014-10-17,0220,Terra,MODIS,68,6.2,314.7,22.5,D,0
-22.649,122.392,348.1,1.3,1.1,2014-10-17,0220,Terra,MODIS,91,6.2,309.1,58.6,D,0
-21.931,127.4488,360.2,2.8,1.6,2014-10-17,0220,Terra,MODIS,100,6.2,318.3,312.2,D,0
-20.1042,123.4069,342,1.4,1.2,2014-10-17,0220,Terra,MODIS,34,6.2,322.4,29.8,D,0
-23.4138,123.702,348.8,1.6,1.2,2014-10-17,0220,Terra,MODIS,92,6.2,315,76.7,D,0
-23.4236,123.5906,377.8,1.6,1.2,2014-10-17,0220,Terra,MODIS,100,6.2,318.1,229.5,D,0
-20.0556,124.2138,377.3,1.6,1.2,2014-10-17,0220,Terra,MODIS,75,6.2,322.5,232.5,D,0
-22.7077,122.3779,357,1.3,1.1,2014-10-17,0220,Terra,MODIS,98,6.2,306.7,87.1,D,0
-20.1513,123.2225,374.8,1.3,1.1,2014-10-17,0220,Terra,MODIS,100,6.2,324.4,170.6,D,0
-20.1426,123.2367,344,1.3,1.2,2014-10-17,0220,Terra,MODIS,69,6.2,320.2,38.3,D,0
-20.141,123.2239,351.5,1.3,1.1,2014-10-17,0220,Terra,MODIS,93,6.2,323.8,62.9,D,0
-21.9284,127.4214,392.2,2.8,1.6,2014-10-17,0220,Terra,MODIS,100,6.2,320.9,866.6,D,0
-21.9326,127.4433,368.6,2.8,1.6,2014-10-17,0220,Terra,MODIS,100,6.2,319.4,428.4,D,0
-23.3509,124.3369,336.4,1.8,1.3,2014-10-17,0220,Terra,MODIS,78,6.2,317.5,34,D,0
-23.3937,123.6257,332.3,1.6,1.2,2014-10-17,0220,Terra,MODIS,34,6.2,313.4,16.6,D,0
-22.6772,122.3822,367,1.3,1.1,2014-10-17,0220,Terra,MODIS,100,6.2,309.3,127.1,D,0
-22.6608,122.4031,356,1.3,1.1,2014-10-17,0220,Terra,MODIS,97,6.2,305.2,81.5,D,0
-22.6592,122.3905,369.7,1.3,1.1,2014-10-17,0220,Terra,MODIS,100,6.2,310.8,141.4,D,0
-22.6506,122.4045,347,1.3,1.1,2014-10-17,0220,Terra,MODIS,90,6.2,310,52.6,D,0
-23.3734,123.6499,332,1.6,1.2,2014-10-17,0220,Terra,MODIS,63,6.2,313.1,22.6,D,0
-23.3489,124.3197,337.3,1.8,1.3,2014-10-17,0220,Terra,MODIS,79,6.2,320.4,36,D,0
-20.065,124.1976,356.1,1.6,1.2,2014-10-17,0220,Terra,MODIS,97,6.2,317.4,107.2,D,0
-23.4143,123.6074,351.1,1.6,1.2,2014-10-17,0220,Terra,MODIS,94,6.2,318.4,75.5,D,0
-23.4125,123.5921,347.5,1.6,1.2,2014-10-17,0220,Terra,MODIS,91,6.2,317.8,59.3,D,0
-23.3961,123.5477,356.4,1.6,1.2,2014-10-17,0220,Terra,MODIS,97,6.2,316,96.7,D,0
-23.4254,123.6059,363,1.6,1.2,2014-10-17,0220,Terra,MODIS,100,6.2,318.1,134.7,D,0
-23.4498,123.5251,379.2,1.6,1.2,2014-10-17,0220,Terra,MODIS,100,6.2,319.4,237,D,0
-23.4516,123.5403,405.5,1.6,1.2,2014-10-17,0220,Terra,MODIS,100,6.2,320.7,503.2,D,0
-20.1323,123.3764,391.1,1.4,1.2,2014-10-17,0220,Terra,MODIS,100,6.2,315.3,290,D,0
-20.1306,123.3634,385.1,1.4,1.2,2014-10-17,0220,Terra,MODIS,100,6.2,315.6,246.2,D,0
-23.4499,123.5185,336.8,1.6,1.2,2014-10-17,0220,Terra,MODIS,71,6.2,318,26.8,D,0
-20.1235,123.391,355.7,1.4,1.2,2014-10-17,0220,Terra,MODIS,94,6.2,320,77.9,D,0
-20.1218,123.3779,427.1,1.4,1.2,2014-10-17,0220,Terra,MODIS,100,6.2,336.2,688.4,D,0
-23.399,123.6723,333.6,1.6,1.2,2014-10-17,0220,Terra,MODIS,47,6.2,314.6,23,D,0
-23.4516,123.5337,412.3,1.6,1.2,2014-10-17,0220,Terra,MODIS,100,6.2,322.9,598.1,D,0
-22.728,122.3749,329.5,1.3,1.1,2014-10-17,0220,Terra,MODIS,40,6.2,296.8,15.6,D,0
-20.0633,124.1828,338.8,1.6,1.2,2014-10-17,0220,Terra,MODIS,79,6.2,316.6,41.1,D,0
-23.4533,123.5489,351.9,1.6,1.2,2014-10-17,0220,Terra,MODIS,94,6.2,314.7,83.9,D,0
-23.4348,123.5891,341.8,1.6,1.2,2014-10-17,0220,Terra,MODIS,85,6.2,316.4,43.7,D,0
-23.4644,123.648,337.7,1.6,1.2,2014-10-17,0220,Terra,MODIS,78,6.2,313.2,36.7,D,0
-23.412,123.6864,344.6,1.6,1.2,2014-10-17,0220,Terra,MODIS,88,6.2,315.9,58.1,D,0
-21.9165,127.4502,328.7,2.8,1.6,2014-10-17,0220,Terra,MODIS,34,6.2,316.7,34.8,D,0
-23.4663,123.6636,331.1,1.6,1.2,2014-10-17,0220,Terra,MODIS,49,6.2,311.9,20.4,D,0
-20.1202,123.3649,368.3,1.4,1.2,2014-10-17,0220,Terra,MODIS,100,6.2,324,138.8,D,0
-22.544,117.4413,346.8,1.1,1,2014-10-17,0220,Terra,MODIS,91,6.2,313.6,38.9,D,0
-22.5364,117.4531,330.9,1.1,1,2014-10-17,0220,Terra,MODIS,71,6.2,311.1,11.8,D,0
-22.5608,117.4278,328.3,1.1,1,2014-10-17,0220,Terra,MODIS,64,6.2,307.5,10.6,D,0
-22.1352,123.313,336.5,1.4,1.2,2014-10-17,0220,Terra,MODIS,70,6.2,320.3,24.6,D,0
-22.5071,117.4331,342.5,1.1,1,2014-10-17,0220,Terra,MODIS,87,6.2,312,30.8,D,0
-22.5532,117.4396,380.3,1.1,1,2014-10-17,0220,Terra,MODIS,100,6.2,313.7,146.6,D,0
-19.9908,123.4018,353,1.4,1.2,2014-10-17,0220,Terra,MODIS,94,6.2,323.9,71.5,D,0
-19.9476,123.2241,345.4,1.3,1.1,2014-10-17,0220,Terra,MODIS,88,6.2,324.1,38.9,D,0
-22.5087,117.4433,350.3,1.1,1,2014-10-17,0220,Terra,MODIS,93,6.2,312.1,46.1,D,0
-22.5256,117.4447,334,1.1,1,2014-10-17,0220,Terra,MODIS,77,6.2,311,15.8,D,0
-22.5332,117.433,332.5,1.1,1,2014-10-17,0220,Terra,MODIS,69,6.2,310.4,14,D,0
-22.5348,117.443,338,1.1,1,2014-10-17,0220,Terra,MODIS,82,6.2,313.1,22.8,D,0
-22.5516,117.4295,352.3,1.1,1,2014-10-17,0220,Terra,MODIS,95,6.2,310.7,52.9,D,0
-20.0206,123.3845,334.1,1.4,1.2,2014-10-17,0220,Terra,MODIS,49,6.2,322,11.9,D,0
-22.5424,117.4312,384.2,1.1,1,2014-10-17,0220,Terra,MODIS,100,6.2,315.9,164.3,D,0
-22.5408,117.4211,341,1.1,1,2014-10-17,0220,Terra,MODIS,85,6.2,310.4,30.5,D,0
-19.942,123.2638,336.3,1.3,1.1,2014-10-17,0220,Terra,MODIS,36,6.2,322.5,13.3,D,0
-19.9397,123.2188,337.3,1.3,1.1,2014-10-17,0220,Terra,MODIS,58,6.2,321.2,25.6,D,0
-19.9446,123.257,338.9,1.3,1.1,2014-10-17,0220,Terra,MODIS,60,6.2,322.8,27.8,D,0
-20.0013,123.4003,401.7,1.4,1.2,2014-10-17,0220,Terra,MODIS,100,6.2,328.5,379.6,D,0
-19.9996,123.3873,369.9,1.4,1.2,2014-10-17,0220,Terra,MODIS,100,6.2,326.7,141.4,D,0
-22.4995,117.4449,341.7,1.1,1,2014-10-17,0220,Terra,MODIS,86,6.2,311.3,28.7,D,0
-19.9413,123.2315,334,1.3,1.1,2014-10-17,0220,Terra,MODIS,29,6.2,321.4,15.6,D,0
-21.5747,123.5687,337.1,1.5,1.2,2014-10-17,0220,Terra,MODIS,77,6.2,320.7,26.8,D,0
-22.5456,117.4514,340,1.1,1,2014-10-17,0220,Terra,MODIS,84,6.2,311,25.1,D,0
-21.1976,119.7474,335.5,1,1,2014-10-17,0220,Terra,MODIS,78,6.2,311.3,19.1,D,0
-21.2052,119.7363,327.5,1,1,2014-10-17,0220,Terra,MODIS,54,6.2,308.7,9,D,0
-21.2066,119.7459,344,1,1,2014-10-17,0220,Terra,MODIS,88,6.2,310.5,33.9,D,0
-21.4091,122.7933,338.9,1.3,1.1,2014-10-17,0220,Terra,MODIS,78,6.2,321.2,23.8,D,0
-21.4403,122.4805,419.4,1.3,1.1,2014-10-17,0220,Terra,MODIS,100,6.2,321.7,523.9,D,0
-21.4496,122.5536,382.7,1.3,1.1,2014-10-17,0220,Terra,MODIS,100,6.2,320.9,205.3,D,0
-21.5232,120.9517,325.2,1.1,1,2014-10-17,0220,Terra,MODIS,55,6.2,310,8.2,D,0
-21.5218,120.9414,331.9,1.1,1,2014-10-17,0220,Terra,MODIS,75,6.2,310.4,17.1,D,0
-21.3805,122.5692,413.7,1.3,1.1,2014-10-17,0220,Terra,MODIS,100,6.2,319.9,472.9,D,0
-20.8519,120.2235,335.2,1,1,2014-10-17,0220,Terra,MODIS,62,6.2,310.7,16.6,D,0
-20.8415,120.2152,331.3,1,1,2014-10-17,0220,Terra,MODIS,28,6.2,311.3,10.9,D,0
-20.8219,120.2083,330.6,1,1,2014-10-17,0220,Terra,MODIS,28,6.2,311.7,9.8,D,0
-21.3922,122.58,373.9,1.3,1.1,2014-10-17,0220,Terra,MODIS,100,6.2,316.8,161.9,D,0
-21.573,123.5545,352.3,1.5,1.2,2014-10-17,0220,Terra,MODIS,94,6.2,323.3,76,D,0
-20.8147,120.216,332.5,1,1,2014-10-17,0220,Terra,MODIS,9,6.2,312.9,11.6,D,0
-20.8133,120.2063,344.3,1,1,2014-10-17,0220,Terra,MODIS,87,6.2,311.1,31.3,D,0
-20.8119,120.1966,334.8,1,1,2014-10-17,0220,Terra,MODIS,55,6.2,309.5,16,D,0
-20.8042,120.2077,348.4,1,1,2014-10-17,0220,Terra,MODIS,91,6.2,312.8,39.3,D,0
-20.8028,120.198,367.6,1,1,2014-10-17,0220,Terra,MODIS,100,6.2,313.9,91,D,0
-21.5732,122.9808,338.6,1.4,1.2,2014-10-17,0220,Terra,MODIS,51,6.2,322.8,26,D,0
-21.3067,122.7883,339.1,1.3,1.1,2014-10-17,0220,Terra,MODIS,56,6.2,319,24.8,D,0
-21.3223,122.7477,348,1.3,1.1,2014-10-17,0220,Terra,MODIS,91,6.2,320.4,50.9,D,0
-21.3325,122.7463,349.3,1.3,1.1,2014-10-17,0220,Terra,MODIS,92,6.2,318.8,56.4,D,0
-21.1946,122.7081,354.6,1.3,1.1,2014-10-17,0220,Terra,MODIS,96,6.2,321.6,73.9,D,0
-21.2219,122.679,334.5,1.3,1.1,2014-10-17,0220,Terra,MODIS,25,6.2,316.7,18.4,D,0
-21.2305,122.6653,340.5,1.3,1.1,2014-10-17,0220,Terra,MODIS,74,6.2,316.6,33.2,D,0
-21.2321,122.6776,360.5,1.3,1.1,2014-10-17,0220,Terra,MODIS,100,6.2,321.7,94.6,D,0
-21.2423,122.6762,347.1,1.3,1.1,2014-10-17,0220,Terra,MODIS,89,6.2,317.1,49,D,0
-21.2401,122.6707,339.9,1.3,1.1,2014-10-17,0220,Terra,MODIS,69,6.2,316.1,30.5,D,0
-21.2416,122.6831,343.2,1.3,1.1,2014-10-17,0220,Terra,MODIS,77,6.2,318.9,34.8,D,0
-21.3207,122.7352,358.9,1.3,1.1,2014-10-17,0220,Terra,MODIS,99,6.2,319.5,89.2,D,0
-21.3182,122.6346,346,1.3,1.1,2014-10-17,0220,Terra,MODIS,89,6.2,318.5,49.6,D,0
-21.3197,122.6469,335.6,1.3,1.1,2014-10-17,0220,Terra,MODIS,67,6.2,316.9,21.4,D,0
-21.4465,122.5291,401.7,1.3,1.1,2014-10-17,0220,Terra,MODIS,100,6.2,312.8,348,D,0
-21.4434,122.5048,344.2,1.3,1.1,2014-10-17,0220,Terra,MODIS,87,6.2,311.9,45.9,D,0
-21.3309,122.7338,356,1.3,1.1,2014-10-17,0220,Terra,MODIS,97,6.2,315.3,79.5,D,0
-21.3267,122.6208,424.2,1.3,1.1,2014-10-17,0220,Terra,MODIS,100,6.2,322.6,593.3,D,0
-21.3283,122.6331,434.6,1.3,1.1,2014-10-17,0220,Terra,MODIS,100,6.2,330.7,735.7,D,0
-21.3245,122.6145,348.8,1.3,1.1,2014-10-17,0220,Terra,MODIS,92,6.2,312.3,60.6,D,0
-21.326,122.6269,436.8,1.3,1.1,2014-10-17,0220,Terra,MODIS,100,6.2,334.8,771.9,D,0
-21.2893,122.8164,334.1,1.3,1.1,2014-10-17,0220,Terra,MODIS,31,6.2,320.1,14.8,D,0
-21.3275,122.6393,375.1,1.3,1.1,2014-10-17,0220,Terra,MODIS,100,6.2,323.3,161.3,D,0
-21.3361,122.6254,356.4,1.3,1.1,2014-10-17,0220,Terra,MODIS,97,6.2,313.3,85.1,D,0
-21.3377,122.6378,344.2,1.3,1.1,2014-10-17,0220,Terra,MODIS,77,6.2,317.3,44,D,0
-21.3392,122.6502,332.7,1.3,1.1,2014-10-17,0220,Terra,MODIS,32,6.2,318,17.8,D,0
-21.3407,122.6626,332.7,1.3,1.1,2014-10-17,0220,Terra,MODIS,51,6.2,317.5,17.6,D,0
-21.448,122.5413,434.4,1.3,1.1,2014-10-17,0220,Terra,MODIS,100,6.2,323.6,726.2,D,0
-21.6181,123.0013,349.9,1.4,1.2,2014-10-17,0220,Terra,MODIS,84,6.2,319.5,55.4,D,0
-21.4138,120.2983,330,1,1,2014-10-17,0220,Terra,MODIS,72,6.2,310.5,10.7,D,0
-21.6093,123.0158,375.8,1.4,1.2,2014-10-17,0220,Terra,MODIS,100,6.2,323.1,167.5,D,0
-21.4418,122.4926,409.6,1.3,1.1,2014-10-17,0220,Terra,MODIS,100,6.2,322.9,419.7,D,0
-21.3906,122.5678,389,1.3,1.1,2014-10-17,0220,Terra,MODIS,100,6.2,315,256.5,D,0
-21.6077,123.0027,421.7,1.4,1.2,2014-10-17,0220,Terra,MODIS,100,6.2,331.6,599.1,D,0
-21.6936,121.3174,359.5,1.1,1.1,2014-10-17,0220,Terra,MODIS,99,6.2,305.2,82.6,D,0
-21.6921,121.3067,348.2,1.1,1.1,2014-10-17,0220,Terra,MODIS,92,6.2,302.5,55.2,D,0
-21.6855,121.3295,363.6,1.1,1.1,2014-10-17,0220,Terra,MODIS,100,6.2,310.4,92.6,D,0
-21.2465,122.7898,348.4,1.3,1.1,2014-10-17,0220,Terra,MODIS,91,6.2,325.5,44.5,D,0
-21.6841,121.3188,406,1.1,1.1,2014-10-17,0220,Terra,MODIS,100,6.2,318.6,323,D,0
-21.6826,121.3081,384.1,1.1,1.1,2014-10-17,0220,Terra,MODIS,100,6.2,312.9,185.4,D,0
-21.6728,122.9612,354.1,1.4,1.2,2014-10-17,0220,Terra,MODIS,96,6.2,321.6,76.6,D,0
-21.6696,122.935,336.3,1.4,1.2,2014-10-17,0220,Terra,MODIS,78,6.2,314.8,31.1,D,0
-21.6165,122.9881,349.2,1.4,1.2,2014-10-17,0220,Terra,MODIS,73,6.2,316.1,55.9,D,0
-20.1228,123.2198,339,1.3,1.1,2014-10-17,0220,Terra,MODIS,65,6.2,322.8,23.2,D,0
-20.833,120.2864,342.1,1,1,2014-10-17,0220,Terra,MODIS,85,6.2,311.5,25.5,D,0
-21.6061,122.9896,384.5,1.4,1.2,2014-10-17,0220,Terra,MODIS,100,6.2,325.5,229.2,D,0
-21.3821,122.5814,427.1,1.3,1.1,2014-10-17,0220,Terra,MODIS,100,6.2,333.1,630.7,D,0
-21.4075,122.7807,347.4,1.3,1.1,2014-10-17,0220,Terra,MODIS,90,6.2,323.6,47,D,0
-21.5924,122.9649,346.6,1.4,1.2,2014-10-17,0220,Terra,MODIS,46,6.2,316,48.4,D,0
-21.5853,122.9925,362.7,1.4,1.2,2014-10-17,0220,Terra,MODIS,100,6.2,327,99.2,D,0
-21.5836,122.9794,344.1,1.4,1.2,2014-10-17,0220,Terra,MODIS,27,6.2,323,37.3,D,0
-20.8343,120.2962,377.9,1,1,2014-10-17,0220,Terra,MODIS,100,6.2,317.4,126.4,D,0
-20.8057,122.3706,352.2,1.2,1.1,2014-10-17,0220,Terra,MODIS,94,6.2,316.4,66.1,D,0
-21.6651,121.3216,373.8,1.1,1.1,2014-10-17,0220,Terra,MODIS,100,6.2,310.2,132.4,D,0
-21.6637,121.3109,353.6,1.1,1.1,2014-10-17,0220,Terra,MODIS,96,6.2,307.1,66.6,D,0
-21.6381,121.3366,345.9,1.1,1.1,2014-10-17,0220,Terra,MODIS,91,6.2,307.4,45.8,D,0
-21.6367,121.3259,339.3,1.1,1.1,2014-10-17,0220,Terra,MODIS,85,6.2,305.6,34.2,D,0
-21.4043,122.7554,333.6,1.3,1.1,2014-10-17,0220,Terra,MODIS,67,6.2,321.7,12,D,0
-21.6928,121.3834,354.4,1.1,1.1,2014-10-17,0220,Terra,MODIS,96,6.2,310.7,61.6,D,0
-20.8072,122.3823,358,1.2,1.1,2014-10-17,0220,Terra,MODIS,98,6.2,317.4,83.7,D,0
-20.8156,122.3691,371.9,1.2,1.1,2014-10-17,0220,Terra,MODIS,100,6.2,314.3,141.2,D,0
-20.8171,122.3808,358.2,1.2,1.1,2014-10-17,0220,Terra,MODIS,98,6.2,316,83.4,D,0
-20.8187,122.3926,345,1.2,1.1,2014-10-17,0220,Terra,MODIS,87,6.2,317,41.8,D,0
-21.6913,121.3725,378.3,1.1,1.1,2014-10-17,0220,Terra,MODIS,100,6.2,312.8,149.1,D,0
-21.6899,121.3618,378.3,1.1,1.1,2014-10-17,0220,Terra,MODIS,100,6.2,315.1,149.3,D,0
-21.6884,121.351,353.2,1.1,1.1,2014-10-17,0220,Terra,MODIS,96,6.2,308.4,58.9,D,0
-21.6891,121.4281,357.5,1.1,1.1,2014-10-17,0220,Terra,MODIS,98,6.2,314.3,70.3,D,0
-21.5973,123.0042,351.8,1.4,1.2,2014-10-17,0220,Terra,MODIS,88,6.2,327.3,54.4,D,0
-20.1497,123.2096,367.1,1.3,1.1,2014-10-17,0220,Terra,MODIS,100,6.2,324.3,130,D,0
-20.1585,123.1955,336.6,1.3,1.1,2014-10-17,0220,Terra,MODIS,56,6.2,313.6,31.2,D,0
-20.1601,123.2083,364.6,1.3,1.1,2014-10-17,0220,Terra,MODIS,100,6.2,320.5,122.3,D,0
-21.582,122.9663,362.6,1.4,1.2,2014-10-17,0220,Terra,MODIS,100,6.2,321.3,107.1,D,0
-21.6746,121.3202,346.7,1.1,1.1,2014-10-17,0220,Terra,MODIS,90,6.2,309.7,45.9,D,0
-21.6876,121.4173,405.5,1.1,1.1,2014-10-17,0220,Terra,MODIS,100,6.2,320.7,316.6,D,0
-21.6862,121.4065,347.1,1.1,1.1,2014-10-17,0220,Terra,MODIS,92,6.2,315,40.9,D,0
-21.6847,121.3956,383.1,1.1,1.1,2014-10-17,0220,Terra,MODIS,100,6.2,317.6,171.2,D,0
-21.5989,123.0173,360.6,1.4,1.2,2014-10-17,0220,Terra,MODIS,100,6.2,326.9,87.5,D,0
-20.9179,120.237,330.7,1,1,2014-10-17,0220,Terra,MODIS,43,6.2,312.1,9.2,D,0
-20.9092,120.2344,332.8,1,1,2014-10-17,0220,Terra,MODIS,68,6.2,311.7,13.8,D,0
-20.8448,120.3045,337.8,1,1,2014-10-17,0220,Terra,MODIS,79,6.2,313.4,18.3,D,0
-21.6833,121.3848,341,1.1,1.1,2014-10-17,0220,Terra,MODIS,87,6.2,315.6,28.3,D,0
-21.681,121.4404,333.9,1.1,1.1,2014-10-17,0220,Terra,MODIS,79,6.2,313.4,17.2,D,0
-20.8434,120.2947,413.2,1,1,2014-10-17,0220,Terra,MODIS,100,6.2,319.5,329.9,D,0
-20.842,120.285,387.9,1,1,2014-10-17,0220,Terra,MODIS,100,6.2,314.6,171.6,D,0
-20.1617,123.2211,345.2,1.3,1.1,2014-10-17,0220,Terra,MODIS,88,6.2,318.5,48.5,D,0
-20.8357,120.306,347.9,1,1,2014-10-17,0220,Terra,MODIS,91,6.2,315,37.1,D,0
-21.649,121.3459,332.5,1.1,1.1,2014-10-17,0220,Terra,MODIS,56,6.2,308.2,16.4,D,0
-21.411,120.2786,334.6,1,1,2014-10-17,0220,Terra,MODIS,79,6.2,310.4,16.4,D,0
-21.5869,123.0056,352.7,1.4,1.2,2014-10-17,0220,Terra,MODIS,95,6.2,325.1,58.7,D,0
-21.4124,120.2885,348.3,1,1,2014-10-17,0220,Terra,MODIS,92,6.2,312.1,41.7,D,0
-21.6732,121.3095,366.5,1.1,1.1,2014-10-17,0220,Terra,MODIS,100,6.2,308.4,107.4,D,0
-21.5827,120.7165,325.9,1.1,1,2014-10-17,0220,Terra,MODIS,30,6.2,305.3,6.3,D,0
-20.8332,122.4266,337.5,1.2,1.1,2014-10-17,0220,Terra,MODIS,77,6.2,320.1,19.4,D,0
-20.8348,122.4384,343.4,1.2,1.1,2014-10-17,0220,Terra,MODIS,86,6.2,318.4,32.7,D,0
-21.6717,121.2988,349.2,1.1,1.1,2014-10-17,0220,Terra,MODIS,93,6.2,304.4,58.5,D,0
-21.668,121.3431,342,1.1,1.1,2014-10-17,0220,Terra,MODIS,87,6.2,310.1,31.5,D,0
-21.5919,120.715,370.4,1.1,1,2014-10-17,0220,Terra,MODIS,100,6.2,309.3,107,D,0
-21.5933,120.7252,376.8,1.1,1,2014-10-17,0220,Terra,MODIS,100,6.2,314.1,131.6,D,0
-21.4379,122.5428,407.8,1.3,1.1,2014-10-17,0220,Terra,MODIS,100,6.2,326.9,407.4,D,0
-21.4364,122.5306,436.1,1.3,1.1,2014-10-17,0220,Terra,MODIS,100,6.2,328.5,754.6,D,0
-21.5947,120.7354,337.2,1.1,1,2014-10-17,0220,Terra,MODIS,83,6.2,310.6,20.4,D,0
-21.4318,122.4941,334.7,1.3,1.1,2014-10-17,0220,Terra,MODIS,75,6.2,312,26.6,D,0
-23.229,119.5546,341.3,1,1,2014-10-17,0221,Terra,MODIS,76,6.2,295.5,33.9,D,0
-23.2367,119.5432,344.7,1,1,2014-10-17,0221,Terra,MODIS,90,6.2,299.9,40.6,D,0
-29.9856,152.918,315.3,1.5,1.2,2014-10-17,0323,Aqua,MODIS,54,6.2,296.3,14.4,D,0
-25.6072,150.9055,326.5,1.8,1.3,2014-10-17,0324,Aqua,MODIS,70,6.2,312.3,25.4,D,0
-25.9441,150.6355,320.4,1.9,1.3,2014-10-17,0324,Aqua,MODIS,54,6.2,307.6,20.5,D,0
-28.6818,149.8425,327,2.3,1.5,2014-10-17,0324,Aqua,MODIS,69,6.2,313.7,31.6,D,0
-28.6859,149.836,329,2.3,1.5,2014-10-17,0324,Aqua,MODIS,76,6.2,313.9,41,D,0
-26.7099,147.3214,322.5,3.3,1.7,2014-10-17,0324,Aqua,MODIS,53,6.2,311.8,42.4,D,0
-26.422,153.0988,317.9,1.3,1.1,2014-10-17,0324,Aqua,MODIS,0,6.2,302,14.8,D,0
-26.6181,146.1627,328.2,3.9,1.8,2014-10-17,0324,Aqua,MODIS,73,6.2,312.3,111.1,D,0
-27.4825,150.5324,325,2,1.4,2014-10-17,0324,Aqua,MODIS,59,6.2,312.1,30.9,D,0
-28.1628,152.0064,325.3,1.6,1.3,2014-10-17,0324,Aqua,MODIS,52,6.2,309.9,19.9,D,0
-27.7292,152.8407,349,1.4,1.2,2014-10-17,0324,Aqua,MODIS,94,6.2,301.5,89,D,0
-22.6405,150.5017,354.8,1.7,1.3,2014-10-17,0325,Aqua,MODIS,97,6.2,306.4,138.7,D,0
-24.7466,151.7285,318.7,1.5,1.2,2014-10-17,0325,Aqua,MODIS,53,6.2,304,16.1,D,0
-25.4671,150.9643,348.7,1.7,1.3,2014-10-17,0325,Aqua,MODIS,93,6.2,312.7,97.8,D,0
-25.4653,150.9817,348.7,1.7,1.3,2014-10-17,0325,Aqua,MODIS,93,6.2,313.1,98.1,D,0
-25.0347,148.5199,323.6,2.6,1.5,2014-10-17,0325,Aqua,MODIS,68,6.2,306.8,39.4,D,0
-25.1838,149.5685,326.3,2.2,1.4,2014-10-17,0325,Aqua,MODIS,66,6.2,311.9,36.4,D,0
-25.1968,149.57,325,2.2,1.4,2014-10-17,0325,Aqua,MODIS,55,6.2,310.4,32,D,0
-22.6558,150.4692,333.4,1.7,1.3,2014-10-17,0325,Aqua,MODIS,81,6.2,305.9,53.4,D,0
-22.6521,150.5034,326.9,1.7,1.3,2014-10-17,0325,Aqua,MODIS,53,6.2,304.7,35.1,D,0
-22.654,150.4863,332.7,1.7,1.3,2014-10-17,0325,Aqua,MODIS,81,6.2,306.3,50.2,D,0
-24.8114,152.1426,325.3,1.4,1.2,2014-10-17,0325,Aqua,MODIS,70,6.2,305.2,22,D,0
-25.1966,149.553,326.5,2.2,1.4,2014-10-17,0325,Aqua,MODIS,35,6.2,311.2,35,D,0
-24.7941,152.1975,330.7,1.4,1.2,2014-10-17,0325,Aqua,MODIS,74,6.2,302.3,32.3,D,0
-24.7834,152.196,342.9,1.4,1.2,2014-10-17,0325,Aqua,MODIS,85,6.2,303.4,65.3,D,0
-24.8097,152.1567,331.8,1.4,1.2,2014-10-17,0325,Aqua,MODIS,80,6.2,306.3,35.3,D,0
-22.6423,150.4846,338.5,1.7,1.3,2014-10-17,0325,Aqua,MODIS,77,6.2,306,66.5,D,0
-22.6442,150.4952,335.4,1.7,1.3,2014-10-17,0325,Aqua,MODIS,53,6.2,306.8,56.9,D,0
-25.0293,148.5121,323.7,2.6,1.5,2014-10-17,0325,Aqua,MODIS,69,6.2,306.4,40.2,D,0
-24.9645,151.7091,326.6,1.5,1.2,2014-10-17,0325,Aqua,MODIS,49,6.2,309.1,17.9,D,0
-22.6441,150.4677,336.6,1.7,1.3,2014-10-17,0325,Aqua,MODIS,85,6.2,305.5,62.7,D,0
-25.1601,149.6745,337.2,2.1,1.4,2014-10-17,0325,Aqua,MODIS,86,6.2,310,81.7,D,0
-25.158,149.6954,325.4,2.1,1.4,2014-10-17,0325,Aqua,MODIS,72,6.2,309.7,37.3,D,0
-25.027,148.5369,318.7,2.6,1.5,2014-10-17,0325,Aqua,MODIS,40,6.2,306.8,19.9,D,0
-24.9665,151.6991,331.9,1.5,1.2,2014-10-17,0325,Aqua,MODIS,68,6.2,309.8,31,D,0
-22.8994,148.9746,326.7,2.2,1.4,2014-10-17,0325,Aqua,MODIS,45,6.2,311,31.5,D,0
-22.9027,148.9701,327.4,2.2,1.4,2014-10-17,0325,Aqua,MODIS,33,6.2,312,31.9,D,0
-22.8678,148.922,328.1,2.3,1.5,2014-10-17,0325,Aqua,MODIS,74,6.2,309.3,39.8,D,0
-22.6344,150.4768,332.4,1.7,1.3,2014-10-17,0325,Aqua,MODIS,41,6.2,303.6,46.7,D,0
-22.6325,150.4937,343,1.7,1.3,2014-10-17,0325,Aqua,MODIS,86,6.2,303.7,84.3,D,0
-24.1515,150.6379,327.2,1.8,1.3,2014-10-17,0325,Aqua,MODIS,75,6.2,306.6,36.4,D,0
-24.1379,150.6534,333.7,1.8,1.3,2014-10-17,0325,Aqua,MODIS,83,6.2,306.8,53.9,D,0
-24.1398,150.636,332.7,1.8,1.3,2014-10-17,0325,Aqua,MODIS,82,6.2,305,53.1,D,0
-25.186,149.547,323.8,2.2,1.4,2014-10-17,0325,Aqua,MODIS,40,6.2,313.1,28.3,D,0
-24.9363,149.9678,323.5,2,1.4,2014-10-17,0325,Aqua,MODIS,50,6.2,312.1,23.4,D,0
-25.1644,149.6322,319.7,2.1,1.4,2014-10-17,0325,Aqua,MODIS,41,6.2,308.5,15.7,D,0
-24.6911,151.8267,331.3,1.5,1.2,2014-10-17,0325,Aqua,MODIS,66,6.2,308.6,33.5,D,0
-24.6889,151.8196,328.1,1.5,1.2,2014-10-17,0325,Aqua,MODIS,76,6.2,310.1,25.6,D,0
-24.4505,151.225,319.9,1.6,1.3,2014-10-17,0325,Aqua,MODIS,48,6.2,301.9,17.4,D,0
-24.4522,151.2092,325.8,1.6,1.3,2014-10-17,0325,Aqua,MODIS,69,6.2,304.2,32,D,0
-24.4374,151.2388,327.5,1.6,1.3,2014-10-17,0325,Aqua,MODIS,76,6.2,303.7,31.3,D,0
-24.441,151.207,319.5,1.6,1.3,2014-10-17,0325,Aqua,MODIS,41,6.2,301.9,18.8,D,0
-24.3851,151.0942,319.9,1.7,1.3,2014-10-17,0325,Aqua,MODIS,35,6.2,306.5,18.1,D,0
-24.3683,151.1412,318.1,1.6,1.3,2014-10-17,0325,Aqua,MODIS,50,6.2,305.2,11.4,D,0
-22.8069,149.1331,325.2,2.2,1.4,2014-10-17,0325,Aqua,MODIS,45,6.2,307.7,29.2,D,0
-22.809,149.1122,324.4,2.2,1.4,2014-10-17,0325,Aqua,MODIS,41,6.2,306.6,25.8,D,0
-22.796,149.1111,340.4,2.2,1.4,2014-10-17,0325,Aqua,MODIS,87,6.2,307.9,92.9,D,0
-22.783,149.1095,374.9,2.2,1.4,2014-10-17,0325,Aqua,MODIS,100,6.2,312.3,368.1,D,0
-22.7851,149.0878,342.6,2.2,1.4,2014-10-17,0325,Aqua,MODIS,85,6.2,308.7,99,D,0
-22.7951,149.1254,333.3,2.2,1.4,2014-10-17,0325,Aqua,MODIS,50,6.2,307.1,56.6,D,0
-22.7973,149.1044,339.6,2.2,1.4,2014-10-17,0325,Aqua,MODIS,86,6.2,307.6,85.8,D,0
-22.7821,149.1239,344.6,2.2,1.4,2014-10-17,0325,Aqua,MODIS,91,6.2,308.1,114.2,D,0
-22.7843,149.1027,371.8,2.2,1.4,2014-10-17,0325,Aqua,MODIS,100,6.2,312.1,337,D,0
-22.7866,149.0812,323.8,2.2,1.4,2014-10-17,0325,Aqua,MODIS,39,6.2,307.9,22.9,D,0
-22.7692,149.1222,346.1,2.2,1.4,2014-10-17,0325,Aqua,MODIS,92,6.2,307.6,122.6,D,0
-22.7714,149.1008,347.1,2.2,1.4,2014-10-17,0325,Aqua,MODIS,92,6.2,306.3,130.8,D,0
-25.0982,148.2901,336.1,2.7,1.6,2014-10-17,0325,Aqua,MODIS,85,6.2,306,119.6,D,0
-25.1124,148.2916,326.1,2.7,1.6,2014-10-17,0325,Aqua,MODIS,64,6.2,307.3,68.8,D,0
-20.9097,148.9423,325.7,2.1,1.4,2014-10-17,0326,Aqua,MODIS,65,6.2,303.9,46.5,D,0
-20.909,148.947,327.9,2.1,1.4,2014-10-17,0326,Aqua,MODIS,69,6.2,304,55.2,D,0
-21.1678,147.8312,330.2,2.6,1.5,2014-10-17,0326,Aqua,MODIS,64,6.2,311.7,52.9,D,0
-21.959,149.4238,322.1,2,1.4,2014-10-17,0326,Aqua,MODIS,23,6.2,305.2,29.1,D,0
-21.9602,149.4284,320.4,2,1.4,2014-10-17,0326,Aqua,MODIS,31,6.2,305.4,26.8,D,0
-21.0596,147.8616,335,2.5,1.5,2014-10-17,0326,Aqua,MODIS,69,6.2,314.6,69.9,D,0
-21.1012,147.8669,328.9,2.5,1.5,2014-10-17,0326,Aqua,MODIS,43,6.2,312.8,42.9,D,0
-21.0957,147.8483,329,2.6,1.5,2014-10-17,0326,Aqua,MODIS,30,6.2,313.1,47.2,D,0
-21.0458,147.8598,327.9,2.5,1.5,2014-10-17,0326,Aqua,MODIS,38,6.2,313.5,38.4,D,0
-17.7997,144.5007,328,4.1,1.9,2014-10-17,0327,Aqua,MODIS,55,6.2,310.4,86.3,D,0
-17.7922,144.5325,325.1,4.1,1.9,2014-10-17,0327,Aqua,MODIS,45,6.2,309,61.7,D,0
-14.9992,145.1121,312.9,3.4,1.7,2014-10-17,0328,Aqua,MODIS,50,6.2,292.8,37.7,D,0
-14.3172,144.4167,323.8,3.8,1.8,2014-10-17,0328,Aqua,MODIS,69,6.2,297.3,98.2,D,0
-14.3273,144.4143,333.4,3.8,1.8,2014-10-17,0328,Aqua,MODIS,85,6.2,298,182.4,D,0
-14.3335,144.4191,324,3.8,1.8,2014-10-17,0328,Aqua,MODIS,72,6.2,297.8,99.1,D,0
-35.5396,138.3894,328.1,1.3,1.1,2014-10-17,0500,Aqua,MODIS,78,6.2,301.1,29.4,D,0
-35.4498,138.4237,320,1.3,1.1,2014-10-17,0500,Aqua,MODIS,65,6.2,304.2,15.3,D,0
-22.084,123.1185,333,2.6,1.6,2014-10-17,0504,Aqua,MODIS,69,6.2,320.8,42.6,D,0
-23.8949,124.7017,336.3,2.1,1.4,2014-10-17,0504,Aqua,MODIS,65,6.2,323.2,27.7,D,0
-23.3983,123.6287,341.5,2.5,1.5,2014-10-17,0504,Aqua,MODIS,69,6.2,319.2,75.1,D,0
-22.3323,121.882,356.9,3.3,1.7,2014-10-17,0504,Aqua,MODIS,98,6.2,306.4,365,D,0
-23.429,123.6617,342.1,2.5,1.5,2014-10-17,0504,Aqua,MODIS,46,6.2,320.7,75.5,D,0
-23.4404,123.6875,362.7,2.5,1.5,2014-10-17,0504,Aqua,MODIS,100,6.2,319,260.5,D,0
-23.438,123.712,340.6,2.5,1.5,2014-10-17,0504,Aqua,MODIS,72,6.2,317.6,77.2,D,0
-23.459,123.64,361.1,2.5,1.5,2014-10-17,0504,Aqua,MODIS,100,6.2,315.5,266.3,D,0
-23.4566,123.6645,365.1,2.5,1.5,2014-10-17,0504,Aqua,MODIS,100,6.2,316.6,307.1,D,0
-23.4704,123.6661,358,2.5,1.5,2014-10-17,0504,Aqua,MODIS,98,6.2,309.3,237.2,D,0
-23.4515,123.6464,351.9,2.5,1.5,2014-10-17,0504,Aqua,MODIS,94,6.2,316.3,175.4,D,0
-23.4428,123.6631,374.2,2.5,1.5,2014-10-17,0504,Aqua,MODIS,100,6.2,321.5,401.8,D,0
-22.3352,121.8491,340.2,3.3,1.7,2014-10-17,0504,Aqua,MODIS,61,6.2,305.6,173,D,0
-23.4492,123.6709,346.7,2.5,1.5,2014-10-17,0504,Aqua,MODIS,89,6.2,317.8,129.4,D,0
-23.4653,123.6479,378.8,2.5,1.5,2014-10-17,0504,Aqua,MODIS,100,6.2,314.5,501.4,D,0
-23.4243,123.7104,355.5,2.5,1.5,2014-10-17,0504,Aqua,MODIS,96,6.2,319.5,190.3,D,0
-23.4266,123.6861,361.7,2.5,1.5,2014-10-17,0504,Aqua,MODIS,100,6.2,322.6,245.9,D,0
-23.3994,124.362,337.3,2.2,1.4,2014-10-17,0504,Aqua,MODIS,75,6.2,320.9,42.7,D,0
-21.7795,127.5308,336.7,1.3,1.1,2014-10-17,0504,Aqua,MODIS,61,6.2,325.3,17.4,D,0
-24.3751,123.3575,345.8,2.7,1.6,2014-10-17,0504,Aqua,MODIS,89,6.2,308.1,165.9,D,0
-23.3993,124.3469,339.6,2.2,1.4,2014-10-17,0504,Aqua,MODIS,78,6.2,322,57.4,D,0
-22.3168,121.8802,350.8,3.3,1.7,2014-10-17,0504,Aqua,MODIS,93,6.2,308.6,280.1,D,0
-24.3808,123.3379,340.9,2.7,1.6,2014-10-17,0504,Aqua,MODIS,85,6.2,311.5,130.7,D,0
-22.7398,122.3586,348,3.1,1.7,2014-10-17,0504,Aqua,MODIS,63,6.2,305.7,235.6,D,0
-22.6003,122.3967,381.3,3,1.7,2014-10-17,0504,Aqua,MODIS,100,6.2,315.2,705.3,D,0
-22.602,122.3919,388.2,3,1.7,2014-10-17,0504,Aqua,MODIS,100,6.2,315.2,859.7,D,0
-23.4017,124.34,335.3,2.2,1.4,2014-10-17,0504,Aqua,MODIS,54,6.2,321.4,33.3,D,0
-22.6048,122.3623,339.4,3,1.7,2014-10-17,0504,Aqua,MODIS,65,6.2,310.2,130.1,D,0
-22.3197,121.8476,335.2,3.3,1.7,2014-10-17,0504,Aqua,MODIS,61,6.2,302.7,120.4,D,0
-21.8976,127.4766,336.2,1.3,1.1,2014-10-17,0504,Aqua,MODIS,45,6.2,322.9,16.6,D,0
-23.5211,123.5023,372.3,2.6,1.5,2014-10-17,0504,Aqua,MODIS,96,6.2,311.4,429.8,D,0
-23.5187,123.5276,400.4,2.6,1.5,2014-10-17,0504,Aqua,MODIS,94,6.2,306.2,951.8,D,0
-22.6029,122.3671,355.7,3,1.7,2014-10-17,0504,Aqua,MODIS,97,6.2,311.2,297.4,D,0
-21.7881,127.5447,347,1.3,1.1,2014-10-17,0504,Aqua,MODIS,89,6.2,326.5,42.3,D,0
-21.8991,127.4639,350.5,1.3,1.1,2014-10-17,0504,Aqua,MODIS,92,6.2,324.6,52.9,D,0
-24.3785,123.3649,337.6,2.7,1.6,2014-10-17,0504,Aqua,MODIS,81,6.2,306.2,103.6,D,0
-21.9259,127.416,347.3,1.3,1.1,2014-10-17,0504,Aqua,MODIS,39,6.2,325.3,39.7,D,0
-18.6787,132.1719,339.2,1.1,1,2014-10-17,0505,Aqua,MODIS,73,6.2,321.7,17.5,D,0
-17.1112,130.468,348,1,1,2014-10-17,0505,Aqua,MODIS,33,6.2,325.2,26.8,D,0
-17.4527,128.5007,376.5,1.1,1,2014-10-17,0505,Aqua,MODIS,100,6.2,319.8,129,D,0
-17.4514,128.5106,367.9,1.1,1,2014-10-17,0505,Aqua,MODIS,100,6.2,321.6,93.7,D,0
-17.45,128.5204,348.2,1.1,1,2014-10-17,0505,Aqua,MODIS,86,6.2,320.9,37.3,D,0
-18.0907,130.119,350.3,1,1,2014-10-17,0505,Aqua,MODIS,92,6.2,314.3,45.8,D,0
-18.0957,130.1486,341.3,1,1,2014-10-17,0505,Aqua,MODIS,46,6.2,317.3,23,D,0
-17.171,130.5036,347.5,1,1,2014-10-17,0505,Aqua,MODIS,82,6.2,324.4,29.4,D,0
-18.0593,130.2101,368.8,1,1,2014-10-17,0505,Aqua,MODIS,100,6.2,324.6,83.3,D,0
-18.058,130.2195,355.3,1,1,2014-10-17,0505,Aqua,MODIS,96,6.2,324.1,44.9,D,0
-17.1331,130.3177,336.9,1,1,2014-10-17,0505,Aqua,MODIS,41,6.2,318.8,15.7,D,0
-17.1344,130.3083,356.4,1,1,2014-10-17,0505,Aqua,MODIS,97,6.2,320.1,55.5,D,0
-18.0597,130.1429,346.9,1,1,2014-10-17,0505,Aqua,MODIS,89,6.2,316.3,36.3,D,0
-18.0611,130.1335,371.7,1,1,2014-10-17,0505,Aqua,MODIS,100,6.2,315.5,102.7,D,0
-18.097,130.1392,351.6,1,1,2014-10-17,0505,Aqua,MODIS,93,6.2,316.8,46.6,D,0
-18.0984,130.1298,343.9,1,1,2014-10-17,0505,Aqua,MODIS,85,6.2,315.4,31.9,D,0
-18.0624,130.1241,366.5,1,1,2014-10-17,0505,Aqua,MODIS,100,6.2,314.8,89,D,0
-17.1279,130.4804,351.4,1,1,2014-10-17,0505,Aqua,MODIS,76,6.2,324.6,34.6,D,0
-18.0728,130.1161,415.1,1,1,2014-10-17,0505,Aqua,MODIS,100,6.2,325.2,339.8,D,0
-18.0746,130.2317,343.5,1,1,2014-10-17,0505,Aqua,MODIS,33,6.2,321.3,17.1,D,0
-18.0979,130.197,338.3,1,1,2014-10-17,0505,Aqua,MODIS,36,6.2,321.6,13,D,0
-18.0633,130.1819,362,1,1,2014-10-17,0505,Aqua,MODIS,100,6.2,324.5,62.8,D,0
-18.0939,130.2252,352,1,1,2014-10-17,0505,Aqua,MODIS,93,6.2,322.7,37.6,D,0
-17.2071,130.1923,345.8,1,1,2014-10-17,0505,Aqua,MODIS,88,6.2,326,27.4,D,0
-19.0362,129.2119,337.3,1,1,2014-10-17,0505,Aqua,MODIS,36,6.2,325.7,12,D,0
-19.0271,129.2104,345.6,1,1,2014-10-17,0505,Aqua,MODIS,87,6.2,327.3,27.1,D,0
-18.0952,130.2158,355.2,1,1,2014-10-17,0505,Aqua,MODIS,96,6.2,323.8,45.1,D,0
-17.3958,128.5858,350.9,1,1,2014-10-17,0505,Aqua,MODIS,93,6.2,328.7,37.7,D,0
-17.4063,128.5774,351.3,1.1,1,2014-10-17,0505,Aqua,MODIS,93,6.2,329.6,38,D,0
-17.4209,128.5394,347.7,1.1,1,2014-10-17,0505,Aqua,MODIS,89,6.2,324,33.1,D,0
-17.4263,128.5569,350.4,1.1,1,2014-10-17,0505,Aqua,MODIS,79,6.2,325.5,36.8,D,0
-17.425,128.5668,353.6,1.1,1,2014-10-17,0505,Aqua,MODIS,94,6.2,325.7,44,D,0
-18.0503,130.2086,352.9,1,1,2014-10-17,0505,Aqua,MODIS,94,6.2,321.5,41,D,0
-17.7413,126.1257,352.9,1.4,1.2,2014-10-17,0505,Aqua,MODIS,94,6.2,322.5,72.8,D,0
-18.0764,130.1551,348.3,1,1,2014-10-17,0505,Aqua,MODIS,88,6.2,320.5,28.4,D,0
-18.0517,130.1992,356.4,1,1,2014-10-17,0505,Aqua,MODIS,97,6.2,319.2,50.4,D,0
-18.0966,130.2064,343.9,1,1,2014-10-17,0505,Aqua,MODIS,79,6.2,322.9,22.3,D,0
-18.0894,130.1284,336.1,1,1,2014-10-17,0505,Aqua,MODIS,64,6.2,314.7,19,D,0
-17.6936,126.0785,343.3,1.4,1.2,2014-10-17,0505,Aqua,MODIS,85,6.2,324.5,42,D,0
-18.0714,130.1255,458.6,1,1,2014-10-17,0505,Aqua,MODIS,100,6.2,400.1,810.5,D,0
-18.0701,130.1349,387.1,1,1,2014-10-17,0505,Aqua,MODIS,100,6.2,328.3,163,D,0
-18.0818,130.1175,362.3,1,1,2014-10-17,0505,Aqua,MODIS,100,6.2,313,75.4,D,0
-17.7219,126.1097,364.5,1.4,1.2,2014-10-17,0505,Aqua,MODIS,100,6.2,322.4,122.6,D,0
-18.062,130.1913,352.9,1,1,2014-10-17,0505,Aqua,MODIS,88,6.2,327.1,39,D,0
-17.7202,126.1234,336.7,1.4,1.2,2014-10-17,0505,Aqua,MODIS,34,6.2,320.1,23.6,D,0
-18.0777,130.1457,350.2,1,1,2014-10-17,0505,Aqua,MODIS,78,6.2,319.4,39.2,D,0
-17.4382,128.5387,361.1,1.1,1,2014-10-17,0505,Aqua,MODIS,100,6.2,321.6,66.2,D,0
-18.0687,130.1443,353.3,1,1,2014-10-17,0505,Aqua,MODIS,95,6.2,321.1,46.2,D,0
-18.0674,130.1537,349.7,1,1,2014-10-17,0505,Aqua,MODIS,82,6.2,320.8,36,D,0
-18.066,130.1631,384.5,1,1,2014-10-17,0505,Aqua,MODIS,100,6.2,324.3,145.6,D,0
-17.4368,128.5486,348.6,1.1,1,2014-10-17,0505,Aqua,MODIS,86,6.2,322.8,35.6,D,0
-17.4355,128.5583,340.7,1.1,1,2014-10-17,0505,Aqua,MODIS,30,6.2,322.1,19.2,D,0
-18.0804,130.1269,350.7,1,1,2014-10-17,0505,Aqua,MODIS,92,6.2,312.9,44.5,D,0
-18.0647,130.1725,383.7,1,1,2014-10-17,0505,Aqua,MODIS,100,6.2,326.7,140.7,D,0
-17.7482,126.1197,352.9,1.4,1.2,2014-10-17,0505,Aqua,MODIS,94,6.2,322.6,77.6,D,0
-18.6771,132.1822,339.2,1.1,1,2014-10-17,0505,Aqua,MODIS,72,6.2,323.5,17.2,D,0
-18.075,130.1645,340.1,1,1,2014-10-17,0505,Aqua,MODIS,53,6.2,319.7,13.3,D,0
-20.1053,123.421,339.4,2.4,1.5,2014-10-17,0505,Aqua,MODIS,36,6.2,322.6,55.2,D,0
-18.0791,130.1363,342.1,1,1,2014-10-17,0505,Aqua,MODIS,62,6.2,315.7,26.2,D,0
-17.147,130.3487,335.6,1,1,2014-10-17,0505,Aqua,MODIS,10,6.2,320.5,12.5,D,0
-18.0606,130.2007,367.8,1,1,2014-10-17,0505,Aqua,MODIS,100,6.2,325.3,80.4,D,0
-17.1483,130.3393,347.8,1,1,2014-10-17,0505,Aqua,MODIS,83,6.2,320.4,33.3,D,0
-17.1497,130.33,344.1,1,1,2014-10-17,0505,Aqua,MODIS,76,6.2,319.4,27.4,D,0
-18.6867,131.9336,350.4,1.1,1,2014-10-17,0505,Aqua,MODIS,92,6.2,319.8,42.8,D,0
-17.1511,130.3206,337,1,1,2014-10-17,0505,Aqua,MODIS,39,6.2,319.1,16.3,D,0
-18.053,130.1898,396,1,1,2014-10-17,0505,Aqua,MODIS,100,6.2,325.4,203.6,D,0
-19.6498,128.1991,341.3,1.1,1.1,2014-10-17,0505,Aqua,MODIS,77,6.2,325.5,20.8,D,0
-19.6394,128.3499,345.7,1.1,1.1,2014-10-17,0505,Aqua,MODIS,86,6.2,325.3,29.7,D,0
-18.0584,130.1523,335.1,1,1,2014-10-17,0505,Aqua,MODIS,54,6.2,316.9,14,D,0
-18.0544,130.1805,378.3,1,1,2014-10-17,0505,Aqua,MODIS,100,6.2,320.1,120.8,D,0
-17.2861,130.2776,335.2,1,1,2014-10-17,0505,Aqua,MODIS,42,6.2,325.1,7.7,D,0
-17.7466,126.1332,344.8,1.4,1.2,2014-10-17,0505,Aqua,MODIS,86,6.2,319.4,51,D,0
-19.6475,128.3619,339.1,1.1,1.1,2014-10-17,0505,Aqua,MODIS,61,6.2,323.5,18.4,D,0
-17.1464,130.4159,342.2,1,1,2014-10-17,0505,Aqua,MODIS,82,6.2,325.2,20.8,D,0
-17.1478,130.4065,343.6,1,1,2014-10-17,0505,Aqua,MODIS,84,6.2,323.3,23.2,D,0
-17.7308,126.1244,337.6,1.4,1.2,2014-10-17,0505,Aqua,MODIS,47,6.2,320.8,26.7,D,0
-17.4408,128.5189,346.6,1.1,1,2014-10-17,0505,Aqua,MODIS,73,6.2,323.3,31.5,D,0
-21.4145,122.5348,362.7,2.9,1.6,2014-10-17,0505,Aqua,MODIS,100,6.2,321.1,323.6,D,0
-18.1762,132.5718,338.4,1.1,1.1,2014-10-17,0505,Aqua,MODIS,68,6.2,327.3,15.1,D,0
-21.5868,122.9504,355.4,2.7,1.6,2014-10-17,0505,Aqua,MODIS,91,6.2,324.5,211.8,D,0
-21.5727,122.9488,347.7,2.7,1.6,2014-10-17,0505,Aqua,MODIS,90,6.2,324.3,145.2,D,0
-21.638,120.6338,341.3,4,1.9,2014-10-17,0505,Aqua,MODIS,79,6.2,297.7,238.3,D,0
-21.635,120.6722,337.6,3.9,1.8,2014-10-17,0505,Aqua,MODIS,70,6.2,299,185.8,D,0
-21.3826,122.5592,340,2.8,1.6,2014-10-17,0505,Aqua,MODIS,81,6.2,318.4,98.7,D,0
-21.3999,122.5331,344.7,2.9,1.6,2014-10-17,0505,Aqua,MODIS,87,6.2,318.4,137.9,D,0
-21.4117,122.5624,345.4,2.8,1.6,2014-10-17,0505,Aqua,MODIS,88,6.2,319.8,135,D,0
-21.4319,122.5085,344,2.9,1.6,2014-10-17,0505,Aqua,MODIS,79,6.2,313,130.1,D,0
-21.4291,122.5364,371.1,2.9,1.6,2014-10-17,0505,Aqua,MODIS,100,6.2,317.6,452.6,D,0
-18.1486,132.4354,336.6,1.1,1.1,2014-10-17,0505,Aqua,MODIS,73,6.2,324.6,12.4,D,0
-18.1915,132.4102,333.8,1.1,1.1,2014-10-17,0505,Aqua,MODIS,31,6.2,322.8,10.1,D,0
-18.1899,132.4208,357.7,1.1,1.1,2014-10-17,0505,Aqua,MODIS,98,6.2,324,63.4,D,0
-18.1882,132.4314,363,1.1,1.1,2014-10-17,0505,Aqua,MODIS,100,6.2,324.6,78.4,D,0
-18.1994,132.4225,339.3,1.1,1.1,2014-10-17,0505,Aqua,MODIS,71,6.2,321.7,18.8,D,0
-18.1977,132.4331,357,1.1,1.1,2014-10-17,0505,Aqua,MODIS,97,6.2,323,61.3,D,0
-18.1961,132.4436,338.7,1.1,1.1,2014-10-17,0505,Aqua,MODIS,41,6.2,323,15.9,D,0
-18.1945,132.4543,340.8,1.1,1.1,2014-10-17,0505,Aqua,MODIS,74,6.2,325.5,21,D,0
-18.1928,132.4649,340.2,1.1,1.1,2014-10-17,0505,Aqua,MODIS,51,6.2,327.1,18.8,D,0
-18.1879,132.4968,340.2,1.1,1.1,2014-10-17,0505,Aqua,MODIS,68,6.2,325.8,20,D,0
-21.4263,122.564,361.6,2.8,1.6,2014-10-17,0505,Aqua,MODIS,100,6.2,316.7,314.3,D,0
-21.602,120.7343,343.1,3.9,1.8,2014-10-17,0505,Aqua,MODIS,86,6.2,307.6,245.9,D,0
-21.5986,120.7719,333.7,3.9,1.8,2014-10-17,0505,Aqua,MODIS,64,6.2,307,136,D,0
-18.1315,132.7311,346.5,1.2,1.1,2014-10-17,0505,Aqua,MODIS,88,6.2,324.6,35.9,D,0
-21.7221,121.3107,346.5,3.6,1.8,2014-10-17,0505,Aqua,MODIS,90,6.2,309.9,261.9,D,0
-21.6871,121.342,341.6,3.5,1.8,2014-10-17,0505,Aqua,MODIS,73,6.2,313.8,164.6,D,0
-21.7261,121.3381,348.8,3.5,1.8,2014-10-17,0505,Aqua,MODIS,85,6.2,305,263.9,D,0
-21.7293,121.3034,332.6,3.6,1.8,2014-10-17,0505,Aqua,MODIS,49,6.2,305.9,108.6,D,0
-21.6941,121.3349,345.4,3.5,1.8,2014-10-17,0505,Aqua,MODIS,77,6.2,313.6,208,D,0
-17.8931,132.2966,349.2,1.1,1.1,2014-10-17,0505,Aqua,MODIS,89,6.2,325.3,37.7,D,0
-17.8947,132.2861,367.3,1.1,1.1,2014-10-17,0505,Aqua,MODIS,100,6.2,328.2,93.8,D,0
-17.8901,132.2903,359.1,1.1,1.1,2014-10-17,0505,Aqua,MODIS,99,6.2,326.1,69,D,0
-17.8917,132.2797,337.9,1.1,1.1,2014-10-17,0505,Aqua,MODIS,76,6.2,324.8,17.4,D,0
-21.3869,122.5388,338.8,2.9,1.6,2014-10-17,0505,Aqua,MODIS,56,6.2,317.1,86.7,D,0
-21.3843,122.5664,337.2,2.8,1.6,2014-10-17,0505,Aqua,MODIS,40,6.2,319,72.2,D,0
-21.4015,122.5404,348.4,2.9,1.6,2014-10-17,0505,Aqua,MODIS,91,6.2,319.5,164.5,D,0
-21.4187,122.5142,358.9,2.9,1.6,2014-10-17,0505,Aqua,MODIS,99,6.2,316.8,277.6,D,0
-21.4161,122.5421,361.6,2.9,1.6,2014-10-17,0505,Aqua,MODIS,100,6.2,321.8,311.6,D,0
-21.4135,122.5697,345.2,2.8,1.6,2014-10-17,0505,Aqua,MODIS,81,6.2,318.8,134.1,D,0
-21.4385,122.4599,332.9,2.9,1.6,2014-10-17,0505,Aqua,MODIS,55,6.2,315.2,68,D,0
-21.4532,122.4614,369.3,2.9,1.6,2014-10-17,0505,Aqua,MODIS,100,6.2,316.2,455.4,D,0
-21.4333,122.5158,350.8,2.9,1.6,2014-10-17,0505,Aqua,MODIS,93,6.2,312.8,198.7,D,0
-21.4307,122.5436,379,2.9,1.6,2014-10-17,0505,Aqua,MODIS,100,6.2,316.7,590.9,D,0
-21.634,120.6301,343.7,4,1.9,2014-10-17,0505,Aqua,MODIS,75,6.2,296,258.7,D,0
-18.6518,132.2836,383.3,1.1,1,2014-10-17,0505,Aqua,MODIS,100,6.2,327.8,160.3,D,0
-18.6534,132.2733,401.9,1.1,1,2014-10-17,0505,Aqua,MODIS,100,6.2,330,271.2,D,0
-18.6359,132.3235,343.1,1.1,1,2014-10-17,0505,Aqua,MODIS,80,6.2,325.7,24.3,D,0
-18.6376,132.3131,340.5,1.1,1,2014-10-17,0505,Aqua,MODIS,55,6.2,326.2,17.6,D,0
-20.8645,122.3339,334.6,2.9,1.6,2014-10-17,0505,Aqua,MODIS,48,6.2,308.9,92.1,D,0
-20.8636,122.327,353.6,2.9,1.6,2014-10-17,0505,Aqua,MODIS,95,6.2,308.9,264.5,D,0
-20.8435,122.3812,366.2,2.9,1.6,2014-10-17,0505,Aqua,MODIS,100,6.2,321.2,360.7,D,0
-20.8462,122.3534,363.3,2.9,1.6,2014-10-17,0505,Aqua,MODIS,99,6.2,316.6,335.6,D,0
-20.8489,122.3254,431.3,2.9,1.6,2014-10-17,0505,Aqua,MODIS,100,6.2,325.8,2275.4,D,0
-20.8516,122.2972,367.5,2.9,1.6,2014-10-17,0505,Aqua,MODIS,100,6.2,311.9,447.1,D,0
-20.8261,122.4073,338.8,2.9,1.6,2014-10-17,0505,Aqua,MODIS,32,6.2,324.6,66.9,D,0
-20.8288,122.3796,370.2,2.9,1.6,2014-10-17,0505,Aqua,MODIS,100,6.2,325.2,423.3,D,0
-21.5909,120.7405,331.8,3.9,1.8,2014-10-17,0505,Aqua,MODIS,68,6.2,299.2,120.3,D,0
-21.6076,120.7425,345,3.9,1.8,2014-10-17,0505,Aqua,MODIS,88,6.2,308.3,270.6,D,0
-21.6307,120.6681,347.9,3.9,1.8,2014-10-17,0505,Aqua,MODIS,91,6.2,300.5,314.7,D,0
-21.6242,120.744,344.7,3.9,1.8,2014-10-17,0505,Aqua,MODIS,87,6.2,307.5,270,D,0
-21.6409,120.7457,353.1,3.9,1.8,2014-10-17,0505,Aqua,MODIS,95,6.2,301.8,400.7,D,0
-21.6319,120.7104,342.1,3.9,1.8,2014-10-17,0505,Aqua,MODIS,83,6.2,304.7,230.1,D,0
-21.6289,120.7481,346.2,3.9,1.8,2014-10-17,0505,Aqua,MODIS,90,6.2,306.7,293.9,D,0
-21.6486,120.7121,362.5,3.9,1.8,2014-10-17,0505,Aqua,MODIS,94,6.2,300,585,D,0
-21.6456,120.7496,354.8,3.9,1.8,2014-10-17,0505,Aqua,MODIS,96,6.2,299.6,439.3,D,0
-20.8315,122.3517,342.7,2.9,1.6,2014-10-17,0505,Aqua,MODIS,30,6.2,320,108.5,D,0
-20.8342,122.3238,366,2.9,1.6,2014-10-17,0505,Aqua,MODIS,100,6.2,316.4,397,D,0
-20.8369,122.2957,340.1,2.9,1.6,2014-10-17,0505,Aqua,MODIS,82,6.2,311,129.7,D,0
-18.0885,132.7283,338.5,1.2,1.1,2014-10-17,0505,Aqua,MODIS,50,6.2,326.2,18.4,D,0
-18.0789,132.7267,339.1,1.2,1.1,2014-10-17,0505,Aqua,MODIS,57,6.2,323.4,18.8,D,0
-20.8142,122.3779,339.7,2.9,1.6,2014-10-17,0505,Aqua,MODIS,53,6.2,320.7,86,D,0
-18.6928,132.08,347.1,1.1,1,2014-10-17,0505,Aqua,MODIS,89,6.2,325.5,32.9,D,0
-21.4281,122.5713,349.1,2.8,1.6,2014-10-17,0505,Aqua,MODIS,92,6.2,315.6,177.4,D,0
-20.1431,123.1917,339.5,2.5,1.5,2014-10-17,0505,Aqua,MODIS,65,6.2,321.8,73.6,D,0
-20.1593,123.1696,376.4,2.5,1.5,2014-10-17,0505,Aqua,MODIS,100,6.2,321.1,440.2,D,0
-20.152,123.1733,375.7,2.5,1.5,2014-10-17,0505,Aqua,MODIS,100,6.2,323.3,425.1,D,0
-18.1332,132.7202,338.1,1.2,1.1,2014-10-17,0505,Aqua,MODIS,46,6.2,325.2,16.1,D,0
-18.1446,132.711,337.2,1.2,1.1,2014-10-17,0505,Aqua,MODIS,52,6.2,323.6,15.9,D,0
-20.8168,122.35,342.6,2.9,1.6,2014-10-17,0505,Aqua,MODIS,79,6.2,319.9,120.1,D,0
-18.6913,132.0901,336.7,1.1,1,2014-10-17,0505,Aqua,MODIS,73,6.2,325.4,13.4,D,0
-21.7132,121.413,377.8,3.5,1.8,2014-10-17,0505,Aqua,MODIS,100,6.2,311.5,781,D,0
-21.7161,121.3793,407,3.5,1.8,2014-10-17,0505,Aqua,MODIS,100,6.2,317.7,1732.6,D,0
-21.7191,121.3453,364.9,3.5,1.8,2014-10-17,0505,Aqua,MODIS,100,6.2,311.9,529.8,D,0
-18.6897,132.1003,339.2,1.1,1,2014-10-17,0505,Aqua,MODIS,78,6.2,326.2,18.5,D,0
-21.4043,122.7796,335.6,2.7,1.6,2014-10-17,0505,Aqua,MODIS,46,6.2,323.4,45.1,D,0
-21.4506,122.4894,354.8,2.9,1.6,2014-10-17,0505,Aqua,MODIS,96,6.2,314.5,258.7,D,0
-21.6137,123.0099,344,2.7,1.6,2014-10-17,0505,Aqua,MODIS,59,6.2,325.2,83.3,D,0
-17.9782,132.4701,350.1,1.1,1.1,2014-10-17,0505,Aqua,MODIS,91,6.2,325.9,41.4,D,0
-17.9704,132.4578,344.4,1.1,1.1,2014-10-17,0505,Aqua,MODIS,74,6.2,323.5,28.1,D,0
-21.6101,123.0051,344.4,2.7,1.6,2014-10-17,0505,Aqua,MODIS,78,6.2,326.3,90.5,D,0
-18.0322,132.5014,340.3,1.1,1.1,2014-10-17,0505,Aqua,MODIS,44,6.2,324.7,19.2,D,0
-21.6973,121.4114,349.1,3.5,1.8,2014-10-17,0505,Aqua,MODIS,92,6.2,315.4,256.1,D,0
-21.6442,120.7081,353.1,3.9,1.8,2014-10-17,0505,Aqua,MODIS,90,6.2,301.2,396,D,0
-18.1624,132.3121,337.7,1.1,1.1,2014-10-17,0505,Aqua,MODIS,48,6.2,325.3,13.7,D,0
-18.164,132.3016,337.7,1.1,1.1,2014-10-17,0505,Aqua,MODIS,70,6.2,322.8,13.7,D,0
-18.1515,132.2565,341.6,1.1,1.1,2014-10-17,0505,Aqua,MODIS,60,6.2,321,23.3,D,0
-18.6852,131.9437,339.3,1.1,1,2014-10-17,0505,Aqua,MODIS,63,6.2,321.4,19.2,D,0
-18.6945,131.9453,339,1.1,1,2014-10-17,0505,Aqua,MODIS,76,6.2,323.1,19.5,D,0
-18.7053,131.9989,344.8,1.1,1,2014-10-17,0505,Aqua,MODIS,73,6.2,327.5,25.7,D,0
-18.6975,132.0495,335.7,1.1,1,2014-10-17,0505,Aqua,MODIS,55,6.2,325.2,9.9,D,0
-18.713,132.0106,338.8,1.1,1,2014-10-17,0505,Aqua,MODIS,44,6.2,325,14.1,D,0
-18.7114,132.0207,342.7,1.1,1,2014-10-17,0505,Aqua,MODIS,71,6.2,325.3,20.5,D,0
-21.7002,121.3777,344.7,3.5,1.8,2014-10-17,0505,Aqua,MODIS,85,6.2,317.9,198,D,0
-21.7229,121.3722,362.8,3.5,1.8,2014-10-17,0505,Aqua,MODIS,100,6.2,309.2,457.5,D,0
-21.7038,121.4043,403,3.5,1.8,2014-10-17,0505,Aqua,MODIS,100,6.2,318.9,1533.1,D,0
-21.6412,121.2905,327.7,3.6,1.8,2014-10-17,0505,Aqua,MODIS,39,6.2,306.8,74.5,D,0
-21.6379,121.3253,335.6,3.5,1.8,2014-10-17,0505,Aqua,MODIS,76,6.2,307.9,140.9,D,0
-21.6331,121.2937,328.1,3.6,1.8,2014-10-17,0505,Aqua,MODIS,27,6.2,306.8,73.5,D,0
-21.6301,121.3285,332,3.5,1.8,2014-10-17,0505,Aqua,MODIS,45,6.2,306.9,101.7,D,0
-21.7069,121.3707,382.6,3.5,1.8,2014-10-17,0505,Aqua,MODIS,100,6.2,320.8,874.7,D,0
-18.1421,132.2549,359.1,1.1,1.1,2014-10-17,0505,Aqua,MODIS,99,6.2,327.2,66.5,D,0
-18.1326,132.2533,366.1,1.1,1.1,2014-10-17,0505,Aqua,MODIS,100,6.2,325.2,88.6,D,0
-18.1342,132.2429,343.7,1.1,1.1,2014-10-17,0505,Aqua,MODIS,66,6.2,322.1,27.7,D,0
-21.6879,121.4027,333.9,3.5,1.8,2014-10-17,0505,Aqua,MODIS,61,6.2,315.6,89.2,D,0
-19.6579,128.2112,338,1.1,1.1,2014-10-17,0505,Aqua,MODIS,59,6.2,323.6,14.9,D,0
-19.6593,128.2005,338.6,1.1,1.1,2014-10-17,0505,Aqua,MODIS,61,6.2,328,16,D,0
-16.9003,138.4731,344.5,3,1.7,2014-10-17,0505,Aqua,MODIS,88,6.2,311.8,177.1,D,0
-16.9058,138.4449,330.2,3,1.7,2014-10-17,0505,Aqua,MODIS,40,6.2,313.6,62.9,D,0
-16.8954,138.4938,330.7,3.1,1.7,2014-10-17,0505,Aqua,MODIS,67,6.2,310,71.3,D,0
-16.9007,138.4655,341.7,3,1.7,2014-10-17,0505,Aqua,MODIS,85,6.2,312.1,157.8,D,0
-16.9151,138.4761,339.8,3,1.7,2014-10-17,0505,Aqua,MODIS,83,6.2,311.6,128,D,0
-16.9155,138.4685,345.1,3,1.7,2014-10-17,0505,Aqua,MODIS,89,6.2,311.8,183,D,0
-18.0278,127.7652,347.1,1.1,1.1,2014-10-17,0505,Aqua,MODIS,83,6.2,323.9,36.5,D,0
-19.6023,125.282,348.8,1.7,1.3,2014-10-17,0505,Aqua,MODIS,78,6.2,325.9,65.5,D,0
-19.5907,125.2805,382.5,1.7,1.3,2014-10-17,0505,Aqua,MODIS,100,6.2,330,291.8,D,0
-19.5792,125.279,344.5,1.7,1.3,2014-10-17,0505,Aqua,MODIS,76,6.2,328.1,46,D,0
-19.5809,125.2906,349.1,1.7,1.3,2014-10-17,0505,Aqua,MODIS,83,6.2,326.5,65,D,0
-19.5828,125.2744,347.4,1.7,1.3,2014-10-17,0505,Aqua,MODIS,66,6.2,329.9,55.9,D,0
-18.0427,127.8,344,1.1,1.1,2014-10-17,0505,Aqua,MODIS,74,6.2,325.3,26.5,D,0
-18.0292,127.7545,343.4,1.1,1.1,2014-10-17,0505,Aqua,MODIS,77,6.2,321.5,30.2,D,0
-20.0319,124.2212,339.2,2.1,1.4,2014-10-17,0505,Aqua,MODIS,46,6.2,326.9,37.5,D,0
-19.6041,125.2658,350.2,1.7,1.3,2014-10-17,0505,Aqua,MODIS,76,6.2,328,71.1,D,0
-17.3098,130.3678,342.9,1,1,2014-10-17,0505,Aqua,MODIS,76,6.2,327.3,17.2,D,0
-17.2022,130.4797,336.7,1,1,2014-10-17,0505,Aqua,MODIS,28,6.2,323.8,11.6,D,0
-19.9445,123.227,356.2,2.4,1.5,2014-10-17,0505,Aqua,MODIS,97,6.2,325,184.8,D,0
-17.2076,130.442,341.1,1,1,2014-10-17,0505,Aqua,MODIS,54,6.2,328.6,16.8,D,0
-19.942,123.2502,369.6,2.4,1.5,2014-10-17,0505,Aqua,MODIS,100,6.2,326.8,320.4,D,0
-17.18,130.5051,341.1,1,1,2014-10-17,0505,Aqua,MODIS,81,6.2,323.6,19.5,D,0
-17.1904,130.4971,351.1,1,1,2014-10-17,0505,Aqua,MODIS,93,6.2,322.9,38,D,0
-17.3175,130.3786,347.6,1,1,2014-10-17,0505,Aqua,MODIS,89,6.2,326.9,25.8,D,0
-19.9469,123.2037,354.1,2.4,1.5,2014-10-17,0505,Aqua,MODIS,95,6.2,321.9,173,D,0
-17.209,130.4326,345,1,1,2014-10-17,0505,Aqua,MODIS,85,6.2,327.1,23.7,D,0
-17.1918,130.4877,350.9,1,1,2014-10-17,0505,Aqua,MODIS,93,6.2,323,36.7,D,0
-17.2684,130.3996,344.5,1,1,2014-10-17,0505,Aqua,MODIS,54,6.2,328.9,20.4,D,0
-13.4969,130.449,345,1,1,2014-10-17,0506,Aqua,MODIS,72,6.2,314.7,40,D,0
-13.9425,130.368,343.2,1,1,2014-10-17,0506,Aqua,MODIS,84,6.2,323.8,20.1,D,0
-16.5915,127.3843,374.8,1.2,1.1,2014-10-17,0506,Aqua,MODIS,100,6.2,320,136.5,D,0
-16.6012,127.3857,345.3,1.2,1.1,2014-10-17,0506,Aqua,MODIS,85,6.2,320.8,37.4,D,0
-16.5997,127.3965,368.6,1.1,1.1,2014-10-17,0506,Aqua,MODIS,100,6.2,319.9,109,D,0
-13.4983,130.4394,386,1,1,2014-10-17,0506,Aqua,MODIS,87,6.2,324.5,175.3,D,0
-13.5152,130.4519,356.9,1,1,2014-10-17,0506,Aqua,MODIS,83,6.2,313.6,60.4,D,0
-13.5244,130.4534,365.1,1,1,2014-10-17,0506,Aqua,MODIS,96,6.2,316.4,83.9,D,0
-13.9411,130.3775,351.5,1,1,2014-10-17,0506,Aqua,MODIS,93,6.2,323.1,37.6,D,0
-16.4069,125.1246,352.9,1.6,1.2,2014-10-17,0506,Aqua,MODIS,95,6.2,311.7,101.2,D,0
-16.4086,125.1102,340.8,1.6,1.2,2014-10-17,0506,Aqua,MODIS,85,6.2,309.5,53.8,D,0
-16.3993,125.0937,333.6,1.6,1.2,2014-10-17,0506,Aqua,MODIS,75,6.2,307.3,33.9,D,0
-16.4011,125.0783,329.5,1.6,1.2,2014-10-17,0506,Aqua,MODIS,35,6.2,306.5,24.8,D,0
-16.4045,125.1321,336,1.6,1.2,2014-10-17,0506,Aqua,MODIS,61,6.2,311.2,41.3,D,0
-13.5744,130.3048,339.1,1,1,2014-10-17,0506,Aqua,MODIS,69,6.2,322,13.8,D,0
-16.4063,125.1178,348.6,1.6,1.2,2014-10-17,0506,Aqua,MODIS,92,6.2,311.6,82.4,D,0
-16.6715,122.9207,333,2.3,1.5,2014-10-17,0506,Aqua,MODIS,46,6.2,304.5,64.9,D,0
-16.386,125.0996,331,1.6,1.2,2014-10-17,0506,Aqua,MODIS,58,6.2,309.8,28.9,D,0
-16.397,125.1017,328.7,1.6,1.2,2014-10-17,0506,Aqua,MODIS,43,6.2,308.2,20.2,D,0
-16.399,125.0863,335.3,1.6,1.2,2014-10-17,0506,Aqua,MODIS,79,6.2,307.3,38.9,D,0
-16.6724,122.9356,330.4,2.3,1.5,2014-10-17,0506,Aqua,MODIS,51,6.2,306.9,43.5,D,0
-13.8457,132.6331,337.8,1.3,1.1,2014-10-17,0506,Aqua,MODIS,67,6.2,320.1,21.1,D,0
-14.0464,135.6724,332.7,2.1,1.4,2014-10-17,0506,Aqua,MODIS,62,6.2,313.9,43.2,D,0
-15.2492,131.5183,344.7,1.1,1,2014-10-17,0506,Aqua,MODIS,71,6.2,323.7,30.9,D,0
-13.7478,132.4763,381.2,1.3,1.1,2014-10-17,0506,Aqua,MODIS,100,6.2,315.6,205.4,D,0
-13.07,133.1219,338.9,1.5,1.2,2014-10-17,0506,Aqua,MODIS,62,6.2,313.2,38.5,D,0
-13.756,132.4899,345.3,1.3,1.1,2014-10-17,0506,Aqua,MODIS,55,6.2,314.5,49.3,D,0
-13.7762,132.4932,346.3,1.3,1.1,2014-10-17,0506,Aqua,MODIS,78,6.2,311.7,44.1,D,0
-13.7967,132.6124,344,1.3,1.1,2014-10-17,0506,Aqua,MODIS,78,6.2,318,38.9,D,0
-13.7743,132.5051,350.2,1.3,1.1,2014-10-17,0506,Aqua,MODIS,90,6.2,310.3,60.4,D,0
-13.7863,132.4949,359.8,1.3,1.1,2014-10-17,0506,Aqua,MODIS,99,6.2,323.1,86.8,D,0
-13.0116,132.8079,338.4,1.4,1.2,2014-10-17,0506,Aqua,MODIS,79,6.2,318.6,26.5,D,0
-15.0318,135.1578,342.4,1.9,1.3,2014-10-17,0506,Aqua,MODIS,77,6.2,319.4,63.6,D,0
-13.9856,136.4712,336.4,2.5,1.5,2014-10-17,0506,Aqua,MODIS,77,6.2,308.3,98,D,0
-13.7845,132.5068,367.5,1.3,1.1,2014-10-17,0506,Aqua,MODIS,100,6.2,320.4,122.1,D,0
-15.6938,131.9427,337.8,1.1,1.1,2014-10-17,0506,Aqua,MODIS,72,6.2,326.6,13.5,D,0
-13.7946,132.5085,341.7,1.3,1.1,2014-10-17,0506,Aqua,MODIS,82,6.2,318.8,30.6,D,0
-13.79,132.6056,342.1,1.3,1.1,2014-10-17,0506,Aqua,MODIS,55,6.2,317.3,35,D,0
-13.7884,132.5987,341.6,1.3,1.1,2014-10-17,0506,Aqua,MODIS,75,6.2,318.3,30.3,D,0
-15.2236,131.5294,360.7,1.1,1,2014-10-17,0506,Aqua,MODIS,98,6.2,313,70.2,D,0
-15.2392,131.49,342.8,1.1,1,2014-10-17,0506,Aqua,MODIS,77,6.2,319.5,29.5,D,0
-15.2376,131.5002,422.1,1.1,1,2014-10-17,0506,Aqua,MODIS,100,6.2,335.7,448,D,0
-13.0659,133.1142,362.6,1.5,1.2,2014-10-17,0506,Aqua,MODIS,100,6.2,313.4,135.1,D,0
-15.2361,131.5105,373.7,1.1,1,2014-10-17,0506,Aqua,MODIS,100,6.2,324,117.8,D,0
-15.2346,131.5207,353.8,1.1,1,2014-10-17,0506,Aqua,MODIS,47,6.2,325,48.5,D,0
-15.233,131.5309,435.1,1.1,1,2014-10-17,0506,Aqua,MODIS,96,6.2,400.1,591,D,0
-13.0573,133.0993,348,1.4,1.2,2014-10-17,0506,Aqua,MODIS,90,6.2,308.3,75.7,D,0
-14.0498,135.6528,354.3,2.1,1.4,2014-10-17,0506,Aqua,MODIS,96,6.2,317.4,163.2,D,0
-13.0636,133.0937,372.4,1.4,1.2,2014-10-17,0506,Aqua,MODIS,100,6.2,312.1,183.2,D,0
-15.175,131.5319,336,1.1,1,2014-10-17,0506,Aqua,MODIS,60,6.2,317.2,17.8,D,0
-13.0615,133.1066,358,1.4,1.2,2014-10-17,0506,Aqua,MODIS,98,6.2,310.1,109.2,D,0
-15.2315,131.5412,460.3,1.1,1,2014-10-17,0506,Aqua,MODIS,100,6.2,400.1,961.1,D,0
-13.0743,133.0955,347.4,1.4,1.2,2014-10-17,0506,Aqua,MODIS,89,6.2,315.2,64.1,D,0
-13.0722,133.1085,390.1,1.4,1.2,2014-10-17,0506,Aqua,MODIS,100,6.2,320.6,309,D,0
-15.2299,131.5514,392,1.1,1.1,2014-10-17,0506,Aqua,MODIS,100,6.2,325.2,212.8,D,0
-13.7466,132.5492,377.6,1.3,1.1,2014-10-17,0506,Aqua,MODIS,100,6.2,312.9,192.8,D,0
-13.9642,135.7743,338.4,2.2,1.4,2014-10-17,0506,Aqua,MODIS,79,6.2,313.3,77.2,D,0
-13.7414,132.4511,359.9,1.3,1.1,2014-10-17,0506,Aqua,MODIS,99,6.2,314.5,102.3,D,0
-13.7377,132.4746,344.2,1.3,1.1,2014-10-17,0506,Aqua,MODIS,81,6.2,304.5,54.5,D,0
-13.9538,135.8348,340.5,2.2,1.4,2014-10-17,0506,Aqua,MODIS,81,6.2,313,82.1,D,0
-13.8616,136.487,337.7,2.5,1.5,2014-10-17,0506,Aqua,MODIS,78,6.2,306.6,93.6,D,0
-15.2455,131.512,348.3,1.1,1,2014-10-17,0506,Aqua,MODIS,70,6.2,323.6,39.2,D,0
-13.9778,136.4624,331.4,2.5,1.5,2014-10-17,0506,Aqua,MODIS,60,6.2,308.1,65.5,D,0
-15.2283,131.4987,336.1,1.1,1,2014-10-17,0506,Aqua,MODIS,39,6.2,315.4,15.5,D,0
-15.2298,131.4885,336.1,1.1,1,2014-10-17,0506,Aqua,MODIS,67,6.2,317.2,18.2,D,0
-13.8695,136.483,336.7,2.5,1.5,2014-10-17,0506,Aqua,MODIS,77,6.2,307.4,90.4,D,0
-15.2409,131.5427,347,1.1,1,2014-10-17,0506,Aqua,MODIS,71,6.2,322.7,33,D,0
-14.032,135.6846,349.7,2.1,1.4,2014-10-17,0506,Aqua,MODIS,92,6.2,316.6,133.8,D,0
-13.7448,132.5611,338.1,1.3,1.1,2014-10-17,0506,Aqua,MODIS,77,6.2,307.5,38.1,D,0
-13.07,133.088,333.4,1.4,1.2,2014-10-17,0506,Aqua,MODIS,66,6.2,312.4,29.5,D,0
-13.7578,132.478,342.3,1.3,1.1,2014-10-17,0506,Aqua,MODIS,52,6.2,312.7,35.9,D,0
-13.7358,132.4865,335.7,1.3,1.1,2014-10-17,0506,Aqua,MODIS,71,6.2,304.7,36.4,D,0
-14.0288,135.7043,344.8,2.2,1.4,2014-10-17,0506,Aqua,MODIS,87,6.2,314.3,104.9,D,0
-14.0303,135.6897,365.9,2.1,1.4,2014-10-17,0506,Aqua,MODIS,100,6.2,316.5,262.2,D,0
-13.4623,134.38,334.6,1.8,1.3,2014-10-17,0506,Aqua,MODIS,61,6.2,320.7,23.6,D,0
-15.1527,131.4482,353,1.1,1,2014-10-17,0506,Aqua,MODIS,94,6.2,315.7,57.1,D,0
-15.1621,131.4497,334.5,1.1,1,2014-10-17,0506,Aqua,MODIS,48,6.2,314.3,17,D,0
-15.1719,131.4269,352.2,1.1,1,2014-10-17,0506,Aqua,MODIS,94,6.2,314.8,55.3,D,0
-15.1703,131.4371,330.1,1.1,1,2014-10-17,0506,Aqua,MODIS,17,6.2,312.8,11.2,D,0
-15.1812,131.4284,344.1,1.1,1,2014-10-17,0506,Aqua,MODIS,85,6.2,315.5,35.3,D,0
-15.1797,131.4386,335.8,1.1,1,2014-10-17,0506,Aqua,MODIS,57,6.2,315.2,18.8,D,0
-15.2252,131.5191,416.4,1.1,1,2014-10-17,0506,Aqua,MODIS,100,6.2,326.3,390.5,D,0
-13.7459,132.4881,354,1.3,1.1,2014-10-17,0506,Aqua,MODIS,93,6.2,312.8,81.6,D,0
-15.2424,131.5325,346,1.1,1,2014-10-17,0506,Aqua,MODIS,61,6.2,326,31.1,D,0
-13.0679,133.1011,381.6,1.4,1.2,2014-10-17,0506,Aqua,MODIS,100,6.2,319,249,D,0
-13.1041,133.1144,361.6,1.4,1.2,2014-10-17,0506,Aqua,MODIS,100,6.2,316.6,120.4,D,0
-14.0629,136.5086,334.2,2.5,1.5,2014-10-17,0506,Aqua,MODIS,72,6.2,304.1,86,D,0
-14.508,135.3532,339.6,2,1.4,2014-10-17,0506,Aqua,MODIS,80,6.2,315.2,67.7,D,0
-16.0743,133.9809,379.9,1.5,1.2,2014-10-17,0506,Aqua,MODIS,100,6.2,315.8,239.8,D,0
-16.0659,133.9653,340.5,1.5,1.2,2014-10-17,0506,Aqua,MODIS,81,6.2,310.4,51,D,0
-16.0613,133.9927,356,1.5,1.2,2014-10-17,0506,Aqua,MODIS,97,6.2,315.9,98.6,D,0
-14.0457,136.4873,354.1,2.5,1.5,2014-10-17,0506,Aqua,MODIS,96,6.2,304.6,225.4,D,0
-16.0537,134.0128,366.3,1.5,1.2,2014-10-17,0506,Aqua,MODIS,100,6.2,313.7,157.7,D,0
-14.0532,136.4838,339.6,2.5,1.5,2014-10-17,0506,Aqua,MODIS,81,6.2,304.5,120.6,D,0
-12.6405,136.5105,327,2.6,1.6,2014-10-17,0506,Aqua,MODIS,31,6.2,308.7,42.2,D,0
-14.0667,136.4864,344.5,2.5,1.5,2014-10-17,0506,Aqua,MODIS,87,6.2,305.4,149.8,D,0
-16.0551,133.9634,343.2,1.5,1.2,2014-10-17,0506,Aqua,MODIS,85,6.2,309.6,62.7,D,0
-15.2884,135.3503,339.4,1.9,1.4,2014-10-17,0506,Aqua,MODIS,66,6.2,321.1,55.1,D,0
-16.0496,133.9697,354.5,1.5,1.2,2014-10-17,0506,Aqua,MODIS,96,6.2,311.1,102.8,D,0
-14.0397,136.481,353,2.5,1.5,2014-10-17,0506,Aqua,MODIS,95,6.2,302.7,221,D,0
-16.0636,133.979,365.7,1.5,1.2,2014-10-17,0506,Aqua,MODIS,100,6.2,313,149.7,D,0
-16.0559,133.9991,399.3,1.5,1.2,2014-10-17,0506,Aqua,MODIS,100,6.2,325.5,416.2,D,0
-14.0727,136.4924,347.9,2.5,1.5,2014-10-17,0506,Aqua,MODIS,91,6.2,306.3,173.2,D,0
-14.0436,136.4586,328.6,2.5,1.5,2014-10-17,0506,Aqua,MODIS,48,6.2,301.8,65.3,D,0
-14.0592,136.4898,333.5,2.5,1.5,2014-10-17,0506,Aqua,MODIS,71,6.2,304.1,82.8,D,0
-15.0706,135.1471,333.6,1.9,1.3,2014-10-17,0506,Aqua,MODIS,45,6.2,317.4,29.5,D,0
-16.0528,133.9771,388.3,1.5,1.2,2014-10-17,0506,Aqua,MODIS,100,6.2,314.9,310,D,0
-16.0581,133.9853,349.8,1.5,1.2,2014-10-17,0506,Aqua,MODIS,92,6.2,314.4,80.6,D,0
-16.0604,133.9716,367,1.5,1.2,2014-10-17,0506,Aqua,MODIS,100,6.2,313.9,161.4,D,0
-16.059,134.0064,402.4,1.5,1.2,2014-10-17,0506,Aqua,MODIS,100,6.2,322.9,439.9,D,0
-16.0482,134.0045,363.3,1.5,1.2,2014-10-17,0506,Aqua,MODIS,100,6.2,312.6,141.1,D,0
-16.0505,133.9908,380.3,1.5,1.2,2014-10-17,0506,Aqua,MODIS,100,6.2,314.9,246.2,D,0
-14.0498,136.4648,349.6,2.5,1.5,2014-10-17,0506,Aqua,MODIS,92,6.2,303.7,186.4,D,0
-16.0474,133.9834,366.5,1.5,1.2,2014-10-17,0506,Aqua,MODIS,100,6.2,311.7,162.6,D,0
-16.0721,133.9946,337.3,1.5,1.2,2014-10-17,0506,Aqua,MODIS,52,6.2,314.1,33.4,D,0
-13.6411,130.4088,345.5,1,1,2014-10-17,0506,Aqua,MODIS,74,6.2,312.8,31.3,D,0
-14.9884,130.0701,347,1,1,2014-10-17,0506,Aqua,MODIS,89,6.2,324.4,31.5,D,0
-14.9974,130.0716,340.4,1,1,2014-10-17,0506,Aqua,MODIS,61,6.2,329.5,19.7,D,0
-15.0099,130.0515,340.5,1,1,2014-10-17,0506,Aqua,MODIS,75,6.2,325.2,15.3,D,0
-17.5988,125.3589,331.5,1.6,1.2,2014-10-17,0506,Aqua,MODIS,38,6.2,318.8,13.8,D,0
-14.4177,127.0344,328.5,1.1,1.1,2014-10-17,0506,Aqua,MODIS,38,6.2,315.4,9.8,D,0
-14.2815,127.045,365.4,1.1,1.1,2014-10-17,0506,Aqua,MODIS,100,6.2,323.5,92.5,D,0
-14.28,127.0557,351.8,1.1,1.1,2014-10-17,0506,Aqua,MODIS,94,6.2,319.6,50.9,D,0
-14.3245,127.1958,347.9,1.1,1.1,2014-10-17,0506,Aqua,MODIS,81,6.2,323.1,36.4,D,0
-14.291,127.0466,335.1,1.1,1.1,2014-10-17,0506,Aqua,MODIS,75,6.2,317.8,14.3,D,0
-14.2896,127.0571,332.6,1.1,1.1,2014-10-17,0506,Aqua,MODIS,69,6.2,318.3,10.8,D,0
-14.3895,126.9278,327.7,1.1,1.1,2014-10-17,0506,Aqua,MODIS,23,6.2,308.9,12.9,D,0
-15.5761,125.3755,350.5,1.5,1.2,2014-10-17,0506,Aqua,MODIS,94,6.2,308.6,88.9,D,0
-15.5744,125.3895,340.7,1.5,1.2,2014-10-17,0506,Aqua,MODIS,85,6.2,309.2,55,D,0
-15.5868,125.378,343.4,1.5,1.2,2014-10-17,0506,Aqua,MODIS,88,6.2,308.1,64.4,D,0
-15.5851,125.3911,325.9,1.5,1.2,2014-10-17,0506,Aqua,MODIS,55,6.2,308.9,18.5,D,0
-16.6327,126.8305,344.3,1.2,1.1,2014-10-17,0506,Aqua,MODIS,53,6.2,323.6,32.2,D,0
-16.6318,126.7601,382.4,1.2,1.1,2014-10-17,0506,Aqua,MODIS,100,6.2,322.6,187.8,D,0
-16.6334,126.7485,367.4,1.2,1.1,2014-10-17,0506,Aqua,MODIS,100,6.2,318.7,113.2,D,0
-16.6159,126.8047,345.9,1.2,1.1,2014-10-17,0506,Aqua,MODIS,68,6.2,326.8,35.4,D,0
-14.3373,126.9527,342.6,1.1,1.1,2014-10-17,0506,Aqua,MODIS,86,6.2,312.6,38.9,D,0
-14.3387,126.9421,339.7,1.1,1.1,2014-10-17,0506,Aqua,MODIS,77,6.2,310.1,33.9,D,0
-14.3311,126.9666,341,1.1,1.1,2014-10-17,0506,Aqua,MODIS,60,6.2,314.9,25,D,0
-16.6219,126.7587,402.9,1.2,1.1,2014-10-17,0506,Aqua,MODIS,100,6.2,330.6,336.7,D,0
-16.6234,126.7472,398.1,1.2,1.1,2014-10-17,0506,Aqua,MODIS,100,6.2,326.8,297.9,D,0
-16.6059,126.8033,346.2,1.2,1.1,2014-10-17,0506,Aqua,MODIS,66,6.2,323.6,36.6,D,0
-16.6104,126.7689,342.1,1.2,1.1,2014-10-17,0506,Aqua,MODIS,44,6.2,322.2,27.5,D,0
-16.6119,126.7574,354.4,1.2,1.1,2014-10-17,0506,Aqua,MODIS,96,6.2,320.3,65.1,D,0
-14.3325,126.956,343.7,1.1,1.1,2014-10-17,0506,Aqua,MODIS,71,6.2,314.3,33.6,D,0
-14.3186,126.9862,341,1.1,1.1,2014-10-17,0506,Aqua,MODIS,52,6.2,320.6,23.1,D,0
-14.3282,126.9876,337,1.1,1.1,2014-10-17,0506,Aqua,MODIS,45,6.2,317,15.3,D,0
-14.3385,127.0177,335.5,1.1,1.1,2014-10-17,0506,Aqua,MODIS,53,6.2,317.1,16,D,0
-14.3685,127.0114,335.2,1.1,1.1,2014-10-17,0506,Aqua,MODIS,21,6.2,318.6,17.9,D,0
-14.1984,126.985,349.1,1.1,1.1,2014-10-17,0506,Aqua,MODIS,92,6.2,321.4,43.3,D,0
-13.6667,130.4195,336.6,1,1,2014-10-17,0506,Aqua,MODIS,38,6.2,321.1,17.7,D,0
-16.7065,127.5807,337.8,1.1,1.1,2014-10-17,0506,Aqua,MODIS,76,6.2,324.6,16,D,0
-16.7667,127.5947,350.6,1.1,1.1,2014-10-17,0506,Aqua,MODIS,92,6.2,327,46.3,D,0
-14.2362,127.1658,342.6,1.1,1.1,2014-10-17,0506,Aqua,MODIS,53,6.2,320.7,24.5,D,0
-14.2376,127.1555,345,1.1,1.1,2014-10-17,0506,Aqua,MODIS,65,6.2,323.4,28.7,D,0
-14.2309,127.1335,337.9,1.1,1.1,2014-10-17,0506,Aqua,MODIS,70,6.2,321.7,17.7,D,0
-14.2322,127.1231,335.3,1.1,1.1,2014-10-17,0506,Aqua,MODIS,55,6.2,322.1,13.3,D,0
-16.5917,127.3075,337.9,1.2,1.1,2014-10-17,0506,Aqua,MODIS,54,6.2,317.7,21.7,D,0
-16.5903,127.3184,337.6,1.2,1.1,2014-10-17,0506,Aqua,MODIS,57,6.2,319.4,22.7,D,0
-16.6014,127.3089,359.8,1.2,1.1,2014-10-17,0506,Aqua,MODIS,99,6.2,320.8,76.7,D,0
-16.6,127.3198,356,1.2,1.1,2014-10-17,0506,Aqua,MODIS,97,6.2,322.2,64.9,D,0
-16.5972,127.3413,378.2,1.2,1.1,2014-10-17,0506,Aqua,MODIS,100,6.2,324,151.1,D,0
-16.5958,127.3521,420.8,1.2,1.1,2014-10-17,0506,Aqua,MODIS,100,6.2,331.2,468,D,0
-16.5943,127.3629,365.3,1.2,1.1,2014-10-17,0506,Aqua,MODIS,100,6.2,319.1,96.8,D,0
-16.5929,127.3736,397.3,1.2,1.1,2014-10-17,0506,Aqua,MODIS,100,6.2,326,265.1,D,0
-16.6054,127.3534,336.7,1.2,1.1,2014-10-17,0506,Aqua,MODIS,25,6.2,320.7,16.4,D,0
-16.604,127.3643,333.7,1.2,1.1,2014-10-17,0506,Aqua,MODIS,36,6.2,320.9,13.3,D,0
-16.6026,127.3749,338.3,1.2,1.1,2014-10-17,0506,Aqua,MODIS,61,6.2,321,22.2,D,0
-16.6467,127.3376,335,1.2,1.1,2014-10-17,0506,Aqua,MODIS,45,6.2,323.1,11.4,D,0
-16.6453,127.3484,338.3,1.2,1.1,2014-10-17,0506,Aqua,MODIS,77,6.2,322.8,17.6,D,0
-16.6439,127.3592,336,1.2,1.1,2014-10-17,0506,Aqua,MODIS,72,6.2,322.3,12.6,D,0
-14.3339,126.9454,351.1,1.1,1.1,2014-10-17,0506,Aqua,MODIS,84,6.2,312.3,54.7,D,0
-14.3201,126.9757,344.4,1.1,1.1,2014-10-17,0506,Aqua,MODIS,78,6.2,319.9,31.3,D,0
-16.6136,129.6487,397.3,1,1,2014-10-17,0506,Aqua,MODIS,100,6.2,320.4,216.1,D,0
-16.6082,129.686,371.9,1,1,2014-10-17,0506,Aqua,MODIS,100,6.2,322.4,94.2,D,0
-17.6399,126.0391,337.4,1.4,1.2,2014-10-17,0506,Aqua,MODIS,74,6.2,320.2,29.5,D,0
-17.6504,126.041,336.5,1.4,1.2,2014-10-17,0506,Aqua,MODIS,69,6.2,321,26.7,D,0
-16.6069,129.6954,359.2,1,1,2014-10-17,0506,Aqua,MODIS,99,6.2,323.3,56.2,D,0
-16.6239,129.6408,336.3,1,1,2014-10-17,0506,Aqua,MODIS,58,6.2,318.1,18.5,D,0
-16.6225,129.6501,351.4,1,1,2014-10-17,0506,Aqua,MODIS,92,6.2,320.4,43.2,D,0
-16.6212,129.6594,344,1,1,2014-10-17,0506,Aqua,MODIS,72,6.2,315.5,27,D,0
-16.6159,129.6967,349.4,1,1,2014-10-17,0506,Aqua,MODIS,79,6.2,322,32.3,D,0
-16.6316,129.6477,344.1,1,1,2014-10-17,0506,Aqua,MODIS,63,6.2,320.2,26.5,D,0
-16.6302,129.657,343.6,1,1,2014-10-17,0506,Aqua,MODIS,49,6.2,318.1,23.5,D,0
-16.6289,129.6663,343.6,1,1,2014-10-17,0506,Aqua,MODIS,52,6.2,318.1,23.3,D,0
-16.6662,129.6626,341.6,1,1,2014-10-17,0506,Aqua,MODIS,82,6.2,320.1,21.7,D,0
-16.6738,129.6733,351.1,1,1,2014-10-17,0506,Aqua,MODIS,93,6.2,321.3,39.9,D,0
-16.6725,129.6827,349.5,1,1,2014-10-17,0506,Aqua,MODIS,91,6.2,321.9,35.8,D,0
-16.6712,129.692,363.7,1,1,2014-10-17,0506,Aqua,MODIS,100,6.2,323.9,70.9,D,0
-16.6699,129.7013,361.4,1,1,2014-10-17,0506,Aqua,MODIS,100,6.2,323.7,64,D,0
-17.0606,130.3774,353.4,1,1,2014-10-17,0506,Aqua,MODIS,95,6.2,314,51.4,D,0
-17.0593,130.3868,369.2,1,1,2014-10-17,0506,Aqua,MODIS,100,6.2,315.5,94.5,D,0
-17.0579,130.3962,388.3,1,1,2014-10-17,0506,Aqua,MODIS,100,6.2,322,169.5,D,0
-17.0565,130.4056,354.2,1,1,2014-10-17,0506,Aqua,MODIS,95,6.2,318.3,48,D,0
-17.0538,130.4244,346,1,1,2014-10-17,0506,Aqua,MODIS,75,6.2,319.6,26.8,D,0
-17.0683,130.3882,339.1,1,1,2014-10-17,0506,Aqua,MODIS,76,6.2,314.5,22,D,0
-17.0669,130.3976,346.7,1,1,2014-10-17,0506,Aqua,MODIS,76,6.2,316.4,32.4,D,0
-17.0614,130.4353,351.4,1,1,2014-10-17,0506,Aqua,MODIS,84,6.2,327.4,36.9,D,0
-17.0987,130.4275,391,1,1,2014-10-17,0506,Aqua,MODIS,100,6.2,328.2,172.4,D,0
-17.3241,128.5795,342.6,1,1,2014-10-17,0506,Aqua,MODIS,84,6.2,328.9,21.3,D,0
-17.0973,130.4369,380,1,1,2014-10-17,0506,Aqua,MODIS,100,6.2,327.3,120.2,D,0
-17.6488,126.0537,333.8,1.4,1.2,2014-10-17,0506,Aqua,MODIS,29,6.2,321.9,19.5,D,0
-17.0881,130.3105,334,1,1,2014-10-17,0506,Aqua,MODIS,19,6.2,321.6,11.6,D,0
-17.0813,130.3575,337.7,1,1,2014-10-17,0506,Aqua,MODIS,57,6.2,321.5,17.6,D,0
-14.3881,126.9384,358.2,1.1,1.1,2014-10-17,0506,Aqua,MODIS,98,6.2,311.7,80.8,D,0
-16.6576,127.5092,342.2,1.1,1.1,2014-10-17,0506,Aqua,MODIS,83,6.2,324.9,24.8,D,0
-16.659,127.4987,341.6,1.1,1.1,2014-10-17,0506,Aqua,MODIS,81,6.2,326.8,22.9,D,0
-16.6494,127.4973,345.6,1.1,1.1,2014-10-17,0506,Aqua,MODIS,70,6.2,321.7,30.4,D,0
-16.6508,127.4867,351.1,1.1,1.1,2014-10-17,0506,Aqua,MODIS,89,6.2,323.9,43.3,D,0
-16.6392,127.4675,367.7,1.1,1.1,2014-10-17,0506,Aqua,MODIS,100,6.2,321.1,100,D,0
-16.6406,127.4569,376.5,1.1,1.1,2014-10-17,0506,Aqua,MODIS,100,6.2,325.8,137.9,D,0
-17.0652,130.2821,337.4,1,1,2014-10-17,0506,Aqua,MODIS,75,6.2,317.7,19.5,D,0
-17.0639,130.2915,339.3,1,1,2014-10-17,0506,Aqua,MODIS,71,6.2,317.5,21.5,D,0
-17.0625,130.3009,358.6,1,1,2014-10-17,0506,Aqua,MODIS,99,6.2,317.4,61.3,D,0
-17.0701,130.3117,358.8,1,1,2014-10-17,0506,Aqua,MODIS,99,6.2,321.5,61.8,D,0
-17.0688,130.3211,399.8,1,1,2014-10-17,0506,Aqua,MODIS,100,6.2,326.1,231.9,D,0
-17.0674,130.3305,345,1,1,2014-10-17,0506,Aqua,MODIS,80,6.2,318.9,31.7,D,0
-14.2079,126.9864,339.8,1.1,1.1,2014-10-17,0506,Aqua,MODIS,64,6.2,320.6,20.9,D,0
-14.3866,126.949,380.2,1.1,1.1,2014-10-17,0506,Aqua,MODIS,100,6.2,316,167.9,D,0
-14.3852,126.9596,360.5,1.1,1.1,2014-10-17,0506,Aqua,MODIS,100,6.2,315.4,84.8,D,0
-16.5966,129.7033,349.5,1,1,2014-10-17,0506,Aqua,MODIS,59,6.2,323.2,35.4,D,0
-16.5979,129.694,371,1,1,2014-10-17,0506,Aqua,MODIS,100,6.2,325,93.8,D,0
-16.5992,129.6846,368.2,1,1,2014-10-17,0506,Aqua,MODIS,100,6.2,319.9,84.9,D,0
-16.6006,129.6753,350.5,1,1,2014-10-17,0506,Aqua,MODIS,83,6.2,320.8,42.5,D,0
-16.5889,129.6926,342.2,1,1,2014-10-17,0506,Aqua,MODIS,58,6.2,316.5,25.4,D,0
-16.5903,129.6832,342.2,1,1,2014-10-17,0506,Aqua,MODIS,63,6.2,313.1,26.3,D,0
-16.5916,129.6739,346,1,1,2014-10-17,0506,Aqua,MODIS,88,6.2,314.2,36.4,D,0
-14.3838,126.9702,341.7,1.1,1.1,2014-10-17,0506,Aqua,MODIS,68,6.2,314.5,32.9,D,0
-14.392,126.9821,336,1.1,1.1,2014-10-17,0506,Aqua,MODIS,69,6.2,316.8,20.8,D,0
-14.4163,127.0181,347.7,1.1,1.1,2014-10-17,0506,Aqua,MODIS,91,6.2,318.4,45.9,D,0
-14.4149,127.0287,354.2,1.1,1.1,2014-10-17,0506,Aqua,MODIS,96,6.2,317.3,63.7,D,0
-14.4274,126.9603,336.5,1.1,1.1,2014-10-17,0506,Aqua,MODIS,69,6.2,316.9,22,D,0
-14.4261,126.9709,338.7,1.1,1.1,2014-10-17,0506,Aqua,MODIS,80,6.2,318.4,24.3,D,0
-14.4191,127.0239,369.3,1.1,1.1,2014-10-17,0506,Aqua,MODIS,100,6.2,318.9,114.3,D,0
-13.6397,130.4184,355.3,1,1,2014-10-17,0506,Aqua,MODIS,91,6.2,318.4,51.8,D,0
-14.4398,126.9404,382.4,1.1,1.1,2014-10-17,0506,Aqua,MODIS,100,6.2,314.4,179.6,D,0
-14.4384,126.951,402.2,1.1,1.1,2014-10-17,0506,Aqua,MODIS,100,6.2,321.7,303,D,0
-14.437,126.9616,385.3,1.1,1.1,2014-10-17,0506,Aqua,MODIS,100,6.2,322.3,190,D,0
-14.4356,126.9724,356.6,1.1,1.1,2014-10-17,0506,Aqua,MODIS,97,6.2,319.2,68.2,D,0
-14.4342,126.9832,340.9,1.1,1.1,2014-10-17,0506,Aqua,MODIS,71,6.2,319.7,28.3,D,0
-14.3873,127.0887,379.5,1.1,1.1,2014-10-17,0506,Aqua,MODIS,100,6.2,317.6,155.4,D,0
-14.3859,127.0991,377,1.1,1.1,2014-10-17,0506,Aqua,MODIS,100,6.2,321.5,141.4,D,0
-14.3845,127.1095,352.3,1.1,1.1,2014-10-17,0506,Aqua,MODIS,95,6.2,320.6,51.7,D,0
-14.4034,126.8973,327.3,1.2,1.1,2014-10-17,0506,Aqua,MODIS,32,6.2,309.8,13.2,D,0
-14.413,126.8987,326.1,1.2,1.1,2014-10-17,0506,Aqua,MODIS,23,6.2,309.2,12.2,D,0
-17.0601,130.4447,340,1,1,2014-10-17,0506,Aqua,MODIS,41,6.2,326,14.6,D,0
-13.7816,132.5919,345.1,1.3,1.1,2014-10-17,0506,Aqua,MODIS,79,6.2,318.7,42.3,D,0
-13.7891,132.5441,371.3,1.3,1.1,2014-10-17,0506,Aqua,MODIS,100,6.2,322.7,135.9,D,0
-13.7909,132.5322,366.2,1.3,1.1,2014-10-17,0506,Aqua,MODIS,100,6.2,323.4,111.6,D,0
-13.7715,132.5902,363,1.3,1.1,2014-10-17,0506,Aqua,MODIS,100,6.2,318.5,108.3,D,0
-13.7771,132.5544,338.4,1.3,1.1,2014-10-17,0506,Aqua,MODIS,70,6.2,318.5,21.2,D,0
-13.7789,132.5424,380.8,1.3,1.1,2014-10-17,0506,Aqua,MODIS,100,6.2,319.4,191,D,0
-13.7808,132.5305,377.2,1.3,1.1,2014-10-17,0506,Aqua,MODIS,100,6.2,319.4,168.2,D,0
-13.7632,132.5765,381.9,1.3,1.1,2014-10-17,0506,Aqua,MODIS,100,6.2,318.4,206.5,D,0
-13.7651,132.5646,351.3,1.3,1.1,2014-10-17,0506,Aqua,MODIS,73,6.2,317.5,62.5,D,0
-13.7688,132.5407,359.4,1.3,1.1,2014-10-17,0506,Aqua,MODIS,99,6.2,317.8,87.9,D,0
-13.7706,132.5288,376.8,1.3,1.1,2014-10-17,0506,Aqua,MODIS,100,6.2,318.2,171.4,D,0
-16.5716,128.2982,332.1,1.1,1,2014-10-17,0506,Aqua,MODIS,51,6.2,321.7,9.4,D,0
-16.6803,127.0846,338,1.2,1.1,2014-10-17,0506,Aqua,MODIS,67,6.2,325.8,13.9,D,0
-16.6818,127.0734,347,1.2,1.1,2014-10-17,0506,Aqua,MODIS,89,6.2,326.1,34.1,D,0
-13.7772,132.4208,337,1.3,1.1,2014-10-17,0506,Aqua,MODIS,25,6.2,321,21.3,D,0
-13.7671,132.4193,363.3,1.3,1.1,2014-10-17,0506,Aqua,MODIS,100,6.2,319.1,107.4,D,0
-13.7549,132.5628,387.1,1.3,1.1,2014-10-17,0506,Aqua,MODIS,100,6.2,318.4,246.3,D,0
-13.7568,132.5509,359.1,1.3,1.1,2014-10-17,0506,Aqua,MODIS,95,6.2,317.3,97.7,D,0
-14.2889,127.2048,344.9,1.1,1.1,2014-10-17,0506,Aqua,MODIS,68,6.2,324.4,31.7,D,0
-14.2983,127.2062,341.8,1.1,1.1,2014-10-17,0506,Aqua,MODIS,57,6.2,322.3,26.3,D,0
-14.315,127.1945,340.4,1.1,1.1,2014-10-17,0506,Aqua,MODIS,41,6.2,322.1,18.7,D,0
-15.3344,125.3814,352.9,1.5,1.2,2014-10-17,0506,Aqua,MODIS,95,6.2,312.8,94.3,D,0
-15.3327,125.3948,327.5,1.5,1.2,2014-10-17,0506,Aqua,MODIS,60,6.2,312.4,18.9,D,0
-14.3778,127.0873,342.7,1.1,1.1,2014-10-17,0506,Aqua,MODIS,83,6.2,318.5,30.4,D,0
-14.3764,127.0978,348.2,1.1,1.1,2014-10-17,0506,Aqua,MODIS,91,6.2,319.9,42,D,0
-14.375,127.1082,336.3,1.1,1.1,2014-10-17,0506,Aqua,MODIS,46,6.2,319.6,14.9,D,0
-14.3708,127.1393,369.2,1.1,1.1,2014-10-17,0506,Aqua,MODIS,100,6.2,323.3,105,D,0
-14.3694,127.1496,347,1.1,1.1,2014-10-17,0506,Aqua,MODIS,84,6.2,320.7,38,D,0
-14.3817,127.1303,336.8,1.1,1.1,2014-10-17,0506,Aqua,MODIS,51,6.2,321.1,18.1,D,0
-16.8652,130.6385,344.3,1,1,2014-10-17,0506,Aqua,MODIS,77,6.2,324.9,23.8,D,0
-16.8666,130.629,339.7,1,1,2014-10-17,0506,Aqua,MODIS,65,6.2,324.1,17.1,D,0
-16.868,130.6196,337.9,1,1,2014-10-17,0506,Aqua,MODIS,30,6.2,323.1,14.5,D,0
-16.8589,130.6181,365.5,1,1,2014-10-17,0506,Aqua,MODIS,100,6.2,322.1,76.6,D,0
-16.8603,130.6087,358.2,1,1,2014-10-17,0506,Aqua,MODIS,98,6.2,320.4,58.5,D,0
-16.84,130.6288,337.5,1,1,2014-10-17,0506,Aqua,MODIS,75,6.2,322.6,16.6,D,0
-16.8414,130.6194,344.5,1,1,2014-10-17,0506,Aqua,MODIS,86,6.2,321.4,30.2,D,0
-16.8428,130.6099,342,1,1,2014-10-17,0506,Aqua,MODIS,83,6.2,319,25.9,D,0
-16.6273,129.7424,345.3,1,1,2014-10-17,0506,Aqua,MODIS,69,6.2,325.1,24,D,0
-16.6349,129.7531,348.7,1,1,2014-10-17,0506,Aqua,MODIS,90,6.2,324.7,31.6,D,0
-14.7843,125.6866,339.2,1.4,1.2,2014-10-17,0506,Aqua,MODIS,68,6.2,313.7,35.9,D,0
-14.7739,125.6852,336.4,1.4,1.2,2014-10-17,0506,Aqua,MODIS,64,6.2,313.9,29.8,D,0
-14.7772,125.6934,332.1,1.4,1.2,2014-10-17,0506,Aqua,MODIS,51,6.2,315.5,18.4,D,0
-14.7789,125.6804,339.5,1.4,1.2,2014-10-17,0506,Aqua,MODIS,83,6.2,313.7,38.2,D,0
-16.6682,129.7774,345.3,1,1,2014-10-17,0506,Aqua,MODIS,87,6.2,324,24.8,D,0
-16.6938,129.7909,337,1,1,2014-10-17,0506,Aqua,MODIS,42,6.2,324.2,12.7,D,0
-16.6925,129.8002,337.7,1,1,2014-10-17,0506,Aqua,MODIS,63,6.2,322.2,14.3,D,0
-14.9113,125.8264,345.7,1.3,1.1,2014-10-17,0506,Aqua,MODIS,89,6.2,310.1,60.5,D,0
-14.9129,125.814,354,1.3,1.1,2014-10-17,0506,Aqua,MODIS,96,6.2,309.4,87.9,D,0
-13.3194,135.6944,329.1,2.2,1.4,2014-10-17,0506,Aqua,MODIS,22,6.2,311.4,29.9,D,0
-14.9232,125.8154,360.6,1.3,1.1,2014-10-17,0506,Aqua,MODIS,100,6.2,309.2,114.3,D,0
-14.92,125.8404,328.6,1.3,1.1,2014-10-17,0506,Aqua,MODIS,60,6.2,309.5,19.3,D,0
-14.9216,125.8279,347.4,1.3,1.1,2014-10-17,0506,Aqua,MODIS,91,6.2,308.9,66.6,D,0
-12.7972,136.2614,358.5,2.5,1.5,2014-10-17,0506,Aqua,MODIS,99,6.2,311,256.2,D,0
-14.7077,126.7493,335,1.2,1.1,2014-10-17,0506,Aqua,MODIS,50,6.2,317.1,15.4,D,0
-14.7092,126.7383,341.9,1.2,1.1,2014-10-17,0506,Aqua,MODIS,84,6.2,319.7,29.7,D,0
-14.698,126.7478,337.1,1.2,1.1,2014-10-17,0506,Aqua,MODIS,79,6.2,320.3,19.7,D,0
-14.6994,126.7369,334.1,1.2,1.1,2014-10-17,0506,Aqua,MODIS,44,6.2,320.6,14.4,D,0
-15.5534,126.0392,348.3,1.3,1.1,2014-10-17,0506,Aqua,MODIS,87,6.2,318.3,53.7,D,0
-15.5444,126.0441,360.9,1.3,1.1,2014-10-17,0506,Aqua,MODIS,100,6.2,322.6,93.6,D,0
-16.0134,125.9617,346.6,1.4,1.2,2014-10-17,0506,Aqua,MODIS,81,6.2,319.4,52.4,D,0
-16.0151,125.949,338.4,1.4,1.2,2014-10-17,0506,Aqua,MODIS,27,6.2,315.5,29.2,D,0
-16.003,125.9603,343.9,1.4,1.2,2014-10-17,0506,Aqua,MODIS,64,6.2,321.5,42,D,0
-16.0047,125.9476,344.2,1.4,1.2,2014-10-17,0506,Aqua,MODIS,70,6.2,315.8,42.2,D,0
-16.0008,125.8949,332.5,1.4,1.2,2014-10-17,0506,Aqua,MODIS,49,6.2,310.9,24.5,D,0
-15.9806,125.97,351.5,1.4,1.2,2014-10-17,0506,Aqua,MODIS,75,6.2,321,58.9,D,0
-15.9823,125.9571,349.1,1.4,1.2,2014-10-17,0506,Aqua,MODIS,51,6.2,322.5,50.8,D,0
-15.9719,125.9557,351.8,1.4,1.2,2014-10-17,0506,Aqua,MODIS,74,6.2,317.3,62.7,D,0
-15.9751,125.9303,360.5,1.4,1.2,2014-10-17,0506,Aqua,MODIS,100,6.2,317.5,107.8,D,0
-15.9598,125.9672,344.1,1.4,1.2,2014-10-17,0506,Aqua,MODIS,71,6.2,320.1,43,D,0
-15.9495,125.9657,346.3,1.4,1.2,2014-10-17,0506,Aqua,MODIS,84,6.2,318.2,50,D,0
-15.6686,125.5453,340.3,1.4,1.2,2014-10-17,0506,Aqua,MODIS,84,6.2,310.4,49.9,D,0
-15.6703,125.5316,330.8,1.4,1.2,2014-10-17,0506,Aqua,MODIS,70,6.2,311.6,25.1,D,0
-14.4019,133.3607,333.7,1.4,1.2,2014-10-17,0506,Aqua,MODIS,55,6.2,321.4,11.3,D,0
-16.1843,134.2067,338.2,1.5,1.2,2014-10-17,0506,Aqua,MODIS,39,6.2,322.1,27.9,D,0
-16.1819,134.2209,343.2,1.5,1.2,2014-10-17,0506,Aqua,MODIS,60,6.2,323.7,42.6,D,0
-16.1796,134.2352,341.2,1.5,1.2,2014-10-17,0506,Aqua,MODIS,30,6.2,325.4,36.7,D,0
-13.3165,134.1468,333.9,1.7,1.3,2014-10-17,0506,Aqua,MODIS,72,6.2,319.9,21.5,D,0
-12.7917,136.2556,345.1,2.5,1.5,2014-10-17,0506,Aqua,MODIS,88,6.2,309.3,144.5,D,0
-12.8053,136.2581,332.3,2.5,1.5,2014-10-17,0506,Aqua,MODIS,63,6.2,309.9,61.5,D,0
-15.9582,125.9798,340.8,1.4,1.2,2014-10-17,0506,Aqua,MODIS,66,6.2,321.1,32.3,D,0
-16.0525,125.8685,336.4,1.4,1.2,2014-10-17,0506,Aqua,MODIS,75,6.2,315.9,30.6,D,0
-16.0541,125.8558,336.1,1.4,1.2,2014-10-17,0506,Aqua,MODIS,72,6.2,317.3,28.4,D,0
-15.4962,126.0121,351.8,1.3,1.1,2014-10-17,0506,Aqua,MODIS,94,6.2,320.6,64.3,D,0
-15.4978,125.9996,358.2,1.3,1.1,2014-10-17,0506,Aqua,MODIS,98,6.2,318.8,87,D,0
-14.4094,133.3563,335.1,1.4,1.2,2014-10-17,0506,Aqua,MODIS,67,6.2,322.6,14.7,D,0
-16.8303,130.6952,345.3,1,1,2014-10-17,0506,Aqua,MODIS,61,6.2,327.6,23.9,D,0
-16.8212,130.6937,345.1,1,1,2014-10-17,0506,Aqua,MODIS,64,6.2,328.5,22.8,D,0
-16.8108,130.7018,344.1,1,1,2014-10-17,0506,Aqua,MODIS,71,6.2,323.2,22.5,D,0
-16.8122,130.6923,342.4,1,1,2014-10-17,0506,Aqua,MODIS,47,6.2,326.9,18.3,D,0
-16.8582,130.6859,341.5,1,1,2014-10-17,0506,Aqua,MODIS,66,6.2,324.4,18.3,D,0
-16.8596,130.6764,352.7,1,1,2014-10-17,0506,Aqua,MODIS,94,6.2,325.8,40.5,D,0
-16.861,130.667,351.6,1,1,2014-10-17,0506,Aqua,MODIS,93,6.2,326,38.1,D,0
-13.0462,136.0843,328.5,2.4,1.5,2014-10-17,0506,Aqua,MODIS,54,6.2,310.5,37,D,0
-16.14,134.0686,340.9,1.5,1.2,2014-10-17,0506,Aqua,MODIS,43,6.2,320.9,38,D,0
-13.3899,134.3273,341.1,1.7,1.3,2014-10-17,0506,Aqua,MODIS,46,6.2,320,48.8,D,0
-13.3873,134.3433,358.5,1.8,1.3,2014-10-17,0506,Aqua,MODIS,99,6.2,318.3,134.8,D,0
-14.7452,132.8361,334.2,1.3,1.1,2014-10-17,0506,Aqua,MODIS,56,6.2,322.3,14.5,D,0
-14.737,132.8222,359.1,1.3,1.1,2014-10-17,0506,Aqua,MODIS,99,6.2,326.1,88,D,0
-14.7389,132.8101,347.3,1.3,1.1,2014-10-17,0506,Aqua,MODIS,89,6.2,321.7,48.9,D,0
-14.7268,132.8205,375,1.3,1.1,2014-10-17,0506,Aqua,MODIS,100,6.2,322.6,162.5,D,0
-14.7287,132.8084,363.4,1.3,1.1,2014-10-17,0506,Aqua,MODIS,100,6.2,318.9,107.9,D,0
-16.1866,134.1925,338.5,1.5,1.2,2014-10-17,0506,Aqua,MODIS,59,6.2,321.4,30.6,D,0
-16.1301,134.0471,346.6,1.5,1.2,2014-10-17,0506,Aqua,MODIS,25,6.2,319.5,49.4,D,0
-12.9467,135.8798,332.2,2.3,1.5,2014-10-17,0506,Aqua,MODIS,62,6.2,310.9,51.5,D,0
-12.7878,136.2784,338.5,2.5,1.5,2014-10-17,0506,Aqua,MODIS,81,6.2,310.4,99.3,D,0
-12.8067,136.2868,339.4,2.5,1.5,2014-10-17,0506,Aqua,MODIS,82,6.2,311.9,100,D,0
-14.5139,135.0972,349.5,1.9,1.3,2014-10-17,0506,Aqua,MODIS,91,6.2,318.1,102.1,D,0
-14.5109,135.1147,335.4,1.9,1.3,2014-10-17,0506,Aqua,MODIS,65,6.2,319.7,37.3,D,0
-16.059,134.208,335.2,1.5,1.2,2014-10-17,0506,Aqua,MODIS,22,6.2,319.7,20.8,D,0
-14.5203,135.3554,337.2,2,1.4,2014-10-17,0506,Aqua,MODIS,75,6.2,316.3,57.7,D,0
-16.1485,134.0844,351.6,1.5,1.2,2014-10-17,0506,Aqua,MODIS,92,6.2,318,74.8,D,0
-16.0676,134.224,355.4,1.5,1.2,2014-10-17,0506,Aqua,MODIS,96,6.2,321.5,94,D,0
-16.0823,134.0673,366.5,1.5,1.2,2014-10-17,0506,Aqua,MODIS,100,6.2,320,144.3,D,0
-16.1311,134.2558,355.5,1.5,1.2,2014-10-17,0506,Aqua,MODIS,96,6.2,321.4,93.1,D,0
-16.1889,134.1784,338.5,1.5,1.2,2014-10-17,0506,Aqua,MODIS,62,6.2,319.8,32,D,0
-12.8111,136.3067,329.6,2.5,1.5,2014-10-17,0506,Aqua,MODIS,61,6.2,312.2,44.6,D,0
-16.1129,134.0159,339.1,1.5,1.2,2014-10-17,0506,Aqua,MODIS,40,6.2,317.2,35.2,D,0
-16.1062,134.0571,344.1,1.5,1.2,2014-10-17,0506,Aqua,MODIS,73,6.2,319.3,39.2,D,0
-16.1655,134.1162,343.5,1.5,1.2,2014-10-17,0506,Aqua,MODIS,58,6.2,318.7,45.1,D,0
-14.5018,135.095,365.9,1.9,1.3,2014-10-17,0506,Aqua,MODIS,100,6.2,317.3,210,D,0
-14.5201,135.2072,340.5,1.9,1.4,2014-10-17,0506,Aqua,MODIS,81,6.2,319.5,64.4,D,0
-12.8014,136.281,349.9,2.5,1.5,2014-10-17,0506,Aqua,MODIS,93,6.2,312.3,177,D,0
-12.8939,135.0247,328.2,2,1.4,2014-10-17,0506,Aqua,MODIS,17,6.2,314.6,18.3,D,0
-12.897,135.0063,347.5,2,1.4,2014-10-17,0506,Aqua,MODIS,90,6.2,317,103.4,D,0
-12.4111,136.6059,325.2,2.7,1.6,2014-10-17,0506,Aqua,MODIS,28,6.2,306.1,48.9,D,0
-13.3963,134.3613,344.4,1.8,1.3,2014-10-17,0506,Aqua,MODIS,77,6.2,319.5,62.6,D,0
-14.4985,135.0892,348.7,1.9,1.3,2014-10-17,0506,Aqua,MODIS,91,6.2,316,97.4,D,0
-13.5062,134.3769,332.6,1.8,1.3,2014-10-17,0506,Aqua,MODIS,44,6.2,320.7,17.9,D,0
-12.7931,136.2843,343.8,2.5,1.5,2014-10-17,0506,Aqua,MODIS,87,6.2,312.4,131.1,D,0
-12.5869,136.6518,328.5,2.7,1.6,2014-10-17,0506,Aqua,MODIS,51,6.2,305.5,56.4,D,0
-12.5844,136.6463,327.6,2.7,1.6,2014-10-17,0506,Aqua,MODIS,49,6.2,305.7,53,D,0
-16.1102,134.1788,338.1,1.5,1.2,2014-10-17,0506,Aqua,MODIS,77,6.2,320.4,27.4,D,0
-16.174,134.1322,357.7,1.5,1.2,2014-10-17,0506,Aqua,MODIS,98,6.2,321,100.4,D,0
-16.1803,134.1624,348.8,1.5,1.2,2014-10-17,0506,Aqua,MODIS,62,6.2,324.3,60.7,D,0
-16.1074,134.1872,334.5,1.5,1.2,2014-10-17,0506,Aqua,MODIS,70,6.2,322.5,19.4,D,0
-16.1826,134.1483,353.6,1.5,1.2,2014-10-17,0506,Aqua,MODIS,95,6.2,323.6,83.3,D,0
-16.1097,134.1732,334.2,1.5,1.2,2014-10-17,0506,Aqua,MODIS,69,6.2,319.9,18.7,D,0
-12.2136,132.203,335.4,1.3,1.1,2014-10-17,0507,Aqua,MODIS,46,6.2,314.1,25.8,D,0
-12.1501,133.534,347.4,1.6,1.2,2014-10-17,0507,Aqua,MODIS,90,6.2,318.5,62.5,D,0
-12.1622,133.5266,335.7,1.6,1.2,2014-10-17,0507,Aqua,MODIS,71,6.2,320.1,19.3,D,0
-12.1598,133.5414,333,1.6,1.2,2014-10-17,0507,Aqua,MODIS,48,6.2,318.1,13.4,D,0
-12.1351,133.6902,376.4,1.6,1.3,2014-10-17,0507,Aqua,MODIS,100,6.2,318,242.2,D,0
-12.2791,135.5589,334.9,2.3,1.5,2014-10-17,0507,Aqua,MODIS,75,6.2,308.7,68.4,D,0
-12.3421,135.577,336.1,2.3,1.5,2014-10-17,0507,Aqua,MODIS,62,6.2,313.3,53.6,D,0
-12.2955,135.5405,344.8,2.3,1.5,2014-10-17,0507,Aqua,MODIS,88,6.2,310.7,122.4,D,0
-12.2804,135.5453,344.8,2.3,1.5,2014-10-17,0507,Aqua,MODIS,88,6.2,307.7,122.4,D,0
-12.2921,135.561,338.8,2.3,1.5,2014-10-17,0507,Aqua,MODIS,81,6.2,308.5,85.6,D,0
-12.2934,135.5475,359.4,2.3,1.5,2014-10-17,0507,Aqua,MODIS,99,6.2,311.7,227.1,D,0
-11.8959,134.0193,339.5,1.8,1.3,2014-10-17,0507,Aqua,MODIS,76,6.2,313.9,52.9,D,0
-11.9451,134.0112,353,1.8,1.3,2014-10-17,0507,Aqua,MODIS,95,6.2,312.8,115.2,D,0
-11.9425,134.0272,351.2,1.8,1.3,2014-10-17,0507,Aqua,MODIS,93,6.2,313.8,108.6,D,0
-11.8988,134.0306,332.6,1.8,1.3,2014-10-17,0507,Aqua,MODIS,41,6.2,312.4,27,D,0
-12.5065,131.7675,359.5,1.2,1.1,2014-10-17,0507,Aqua,MODIS,99,6.2,320.6,82.5,D,0
-12.5048,131.7787,349.8,1.2,1.1,2014-10-17,0507,Aqua,MODIS,92,6.2,318.7,51.8,D,0
-12.4694,131.8766,331.4,1.2,1.1,2014-10-17,0507,Aqua,MODIS,54,6.2,317.6,15.3,D,0
-12.5031,131.7898,338.3,1.2,1.1,2014-10-17,0507,Aqua,MODIS,55,6.2,316.2,24.1,D,0
-12.4522,134.2859,331.5,1.8,1.3,2014-10-17,0507,Aqua,MODIS,54,6.2,318,12.9,D,0
-12.6698,132.8098,345.5,1.4,1.2,2014-10-17,0507,Aqua,MODIS,88,6.2,324.5,39.1,D,0
-11.6526,130.9433,335.4,1.1,1.1,2014-10-17,0507,Aqua,MODIS,62,6.2,315.3,16.6,D,0
-11.6542,130.933,350.4,1.1,1.1,2014-10-17,0507,Aqua,MODIS,93,6.2,317.5,48.7,D,0
-11.6498,130.9373,337.1,1.1,1.1,2014-10-17,0507,Aqua,MODIS,80,6.2,315.3,22.7,D,0
-11.6513,130.927,338.3,1.1,1.1,2014-10-17,0507,Aqua,MODIS,81,6.2,317.7,25.2,D,0
-11.6418,130.9255,339.6,1.1,1.1,2014-10-17,0507,Aqua,MODIS,83,6.2,318.8,27.1,D,0
-11.3669,131.137,350.2,1.2,1.1,2014-10-17,0507,Aqua,MODIS,93,6.2,320,46.6,D,0
-11.3814,131.0422,349.1,1.2,1.1,2014-10-17,0507,Aqua,MODIS,63,6.2,318.4,46,D,0
-11.3589,131.125,398.6,1.2,1.1,2014-10-17,0507,Aqua,MODIS,100,6.2,323.3,274.8,D,0
-11.359,131.0601,354.2,1.2,1.1,2014-10-17,0507,Aqua,MODIS,73,6.2,321,57,D,0
-11.3606,131.0497,341.2,1.2,1.1,2014-10-17,0507,Aqua,MODIS,41,6.2,315.5,26.7,D,0
-11.3542,131.0636,358.5,1.2,1.1,2014-10-17,0507,Aqua,MODIS,86,6.2,317.9,78.3,D,0
-11.3558,131.0531,340.1,1.2,1.1,2014-10-17,0507,Aqua,MODIS,56,6.2,317.5,30.8,D,0
-11.6434,130.9152,342,1.1,1.1,2014-10-17,0507,Aqua,MODIS,86,6.2,317.9,31.4,D,0
-12.3124,135.5933,343.7,2.3,1.5,2014-10-17,0507,Aqua,MODIS,87,6.2,310.4,104,D,0
-11.6986,130.9611,348.7,1.1,1.1,2014-10-17,0507,Aqua,MODIS,91,6.2,315.9,45.2,D,0
-11.7002,130.9508,346.4,1.1,1.1,2014-10-17,0507,Aqua,MODIS,88,6.2,319.8,38.3,D,0
-11.6891,130.9596,339.5,1.1,1.1,2014-10-17,0507,Aqua,MODIS,36,6.2,314.5,23.8,D,0
-11.6907,130.9493,362.8,1.1,1.1,2014-10-17,0507,Aqua,MODIS,100,6.2,318.6,84.7,D,0
-11.6811,130.9478,347.1,1.1,1.1,2014-10-17,0507,Aqua,MODIS,91,6.2,316.9,39.8,D,0
-11.6716,130.9463,343.7,1.1,1.1,2014-10-17,0507,Aqua,MODIS,83,6.2,317.6,32.7,D,0
-11.6621,130.9448,351.5,1.1,1.1,2014-10-17,0507,Aqua,MODIS,94,6.2,316.9,52.6,D,0
-11.6637,130.9345,332.9,1.1,1.1,2014-10-17,0507,Aqua,MODIS,36,6.2,318.8,12.2,D,0
-12.2257,132.1927,337.9,1.3,1.1,2014-10-17,0507,Aqua,MODIS,76,6.2,312.5,32.3,D,0
-12.1102,133.4974,342.8,1.6,1.2,2014-10-17,0507,Aqua,MODIS,85,6.2,316.2,47.1,D,0
-12.1377,133.685,377.9,1.6,1.3,2014-10-17,0507,Aqua,MODIS,100,6.2,317.6,254,D,0
-11.3556,131.1461,343.2,1.2,1.1,2014-10-17,0507,Aqua,MODIS,74,6.2,315,34.2,D,0
-11.3572,131.1355,402.7,1.2,1.1,2014-10-17,0507,Aqua,MODIS,100,6.2,321.6,309.3,D,0
-12.1353,133.7,341.5,1.7,1.3,2014-10-17,0507,Aqua,MODIS,83,6.2,316.2,48.2,D,0
-11.7081,130.9626,333.7,1.1,1.1,2014-10-17,0507,Aqua,MODIS,65,6.2,314.9,16.7,D,0
-11.7097,130.9523,334,1.1,1.1,2014-10-17,0507,Aqua,MODIS,55,6.2,317.7,16.7,D,0
-11.3733,131.1599,348.2,1.2,1.1,2014-10-17,0507,Aqua,MODIS,80,6.2,320.7,44.9,D,0
-11.3636,131.1583,342.3,1.2,1.1,2014-10-17,0507,Aqua,MODIS,58,6.2,317.1,31.7,D,0
-11.3653,131.1476,361.9,1.2,1.1,2014-10-17,0507,Aqua,MODIS,100,6.2,319.2,83.2,D,0
-12.1376,133.6751,347,1.6,1.3,2014-10-17,0507,Aqua,MODIS,89,6.2,314.4,68.7,D,0
-11.3441,130.8701,333.4,1.1,1.1,2014-10-17,0507,Aqua,MODIS,0,6.2,312.4,26.7,D,0
-11.3267,130.9203,335,1.1,1.1,2014-10-17,0507,Aqua,MODIS,75,6.2,310.4,25.1,D,0
-11.3283,130.9099,371.8,1.1,1.1,2014-10-17,0507,Aqua,MODIS,100,6.2,315.1,130.3,D,0
-11.3299,130.8996,343.5,1.1,1.1,2014-10-17,0507,Aqua,MODIS,84,6.2,313.1,41.6,D,0
-11.3172,130.9188,325.2,1.1,1.1,2014-10-17,0507,Aqua,MODIS,0,6.2,305,12.3,D,0
-11.3188,130.9084,325.1,1.1,1.1,2014-10-17,0507,Aqua,MODIS,31,6.2,310.1,11.7,D,0
-11.4986,130.6509,341.7,1.1,1,2014-10-17,0507,Aqua,MODIS,65,6.2,320.2,32.4,D,0
-11.6354,130.9034,350.7,1.1,1.1,2014-10-17,0507,Aqua,MODIS,93,6.2,317.8,50.5,D,0
-12.3255,135.5955,336.9,2.3,1.5,2014-10-17,0507,Aqua,MODIS,68,6.2,311.7,62.5,D,0
-12.4962,131.8347,338,1.2,1.1,2014-10-17,0507,Aqua,MODIS,73,6.2,317,27.4,D,0
-12.1078,133.5118,339.1,1.6,1.2,2014-10-17,0507,Aqua,MODIS,78,6.2,316.8,35.2,D,0
-12.119,133.5136,350,1.6,1.2,2014-10-17,0507,Aqua,MODIS,92,6.2,317.2,75.9,D,0
-12.1166,133.5282,333.5,1.6,1.2,2014-10-17,0507,Aqua,MODIS,25,6.2,314.8,19,D,0
-12.3386,135.5977,334.1,2.3,1.5,2014-10-17,0507,Aqua,MODIS,47,6.2,313,44.7,D,0
-12.1983,136.2532,326.4,2.6,1.5,2014-10-17,0507,Aqua,MODIS,0,6.2,309.3,43.6,D,0
-12.934,132.7102,336.6,1.4,1.2,2014-10-17,0507,Aqua,MODIS,67,6.2,312.4,32,D,0
-12.7545,132.6808,332.1,1.4,1.2,2014-10-17,0507,Aqua,MODIS,23,6.2,314.7,24.5,D,0
-12.4982,134.2264,345.9,1.8,1.3,2014-10-17,0507,Aqua,MODIS,89,6.2,317.5,75.1,D,0
-12.5503,131.2871,338.3,1.2,1.1,2014-10-17,0507,Aqua,MODIS,63,6.2,317.8,24.8,D,0
-12.4437,131.0976,341,1.1,1.1,2014-10-17,0507,Aqua,MODIS,81,6.2,321.3,24.7,D,0
-12.9527,132.7073,346,1.4,1.2,2014-10-17,0507,Aqua,MODIS,88,6.2,314.8,50.5,D,0
-11.4937,130.6193,359.2,1.1,1,2014-10-17,0507,Aqua,MODIS,99,6.2,319.7,73.3,D,0
-11.4907,130.6393,343.4,1.1,1,2014-10-17,0507,Aqua,MODIS,64,6.2,317.2,33.7,D,0
-11.6738,130.083,408,1.1,1,2014-10-17,0507,Aqua,MODIS,100,6.2,313.9,0,D,0
-11.5031,130.6208,346,1.1,1,2014-10-17,0507,Aqua,MODIS,74,6.2,319,38.8,D,0
-11.5016,130.6308,360.1,1.1,1,2014-10-17,0507,Aqua,MODIS,100,6.2,320.4,75.4,D,0
-11.6433,130.5938,344.7,1.1,1,2014-10-17,0507,Aqua,MODIS,75,6.2,317.2,32.7,D,0
-11.6901,130.6012,362.3,1.1,1,2014-10-17,0507,Aqua,MODIS,75,6.2,321.4,80.5,D,0
-12.9505,130.3456,375.5,1,1,2014-10-17,0507,Aqua,MODIS,87,6.2,315.2,121.3,D,0
-12.9491,130.3552,337.4,1,1,2014-10-17,0507,Aqua,MODIS,77,6.2,312.1,15.5,D,0
-11.722,130.5508,345.1,1.1,1,2014-10-17,0507,Aqua,MODIS,89,6.2,318.1,40.3,D,0
-11.6448,130.5838,342.6,1.1,1,2014-10-17,0507,Aqua,MODIS,70,6.2,318.3,29.4,D,0
-11.6463,130.5738,340,1.1,1,2014-10-17,0507,Aqua,MODIS,67,6.2,317.2,26.2,D,0
-11.6369,130.5724,355.5,1.1,1,2014-10-17,0507,Aqua,MODIS,97,6.2,322,64.4,D,0
-11.6384,130.5625,361.3,1.1,1,2014-10-17,0507,Aqua,MODIS,100,6.2,318,81.9,D,0
-11.7205,130.5608,337.6,1.1,1,2014-10-17,0507,Aqua,MODIS,76,6.2,315.3,24.7,D,0
-11.6291,130.561,338.7,1.1,1,2014-10-17,0507,Aqua,MODIS,76,6.2,313.4,27.1,D,0
-11.6713,130.5983,343.3,1.1,1,2014-10-17,0507,Aqua,MODIS,72,6.2,321.3,28.6,D,0
-11.683,130.0844,404.4,1.1,1,2014-10-17,0507,Aqua,MODIS,100,6.2,324.7,0,D,0
-11.6752,130.0734,388.3,1,1,2014-10-17,0507,Aqua,MODIS,100,6.2,310.3,197.9,D,3
-11.4828,130.6278,347,1.1,1,2014-10-17,0507,Aqua,MODIS,91,6.2,314.4,44,D,0
-11.4843,130.6178,349,1.1,1,2014-10-17,0507,Aqua,MODIS,92,6.2,313.2,49.5,D,0
-11.4858,130.6078,377.2,1.1,1,2014-10-17,0507,Aqua,MODIS,87,6.2,312.8,146.7,D,0
-11.4922,130.6293,355.1,1.1,1,2014-10-17,0507,Aqua,MODIS,97,6.2,320.2,59.8,D,0
-11.4952,130.6093,362.7,1.1,1,2014-10-17,0507,Aqua,MODIS,87,6.2,320.2,87.7,D,0
-11.1872,132.2916,347.7,1.4,1.2,2014-10-17,0507,Aqua,MODIS,79,6.2,312.4,59.8,D,0
-12.2825,135.5382,345.9,2.3,1.5,2014-10-17,0507,Aqua,MODIS,89,6.2,307.6,131.2,D,0
-12.1758,131.0474,330.5,1.1,1.1,2014-10-17,0507,Aqua,MODIS,47,6.2,312.9,13.9,D,0
-12.4445,135.7368,329.6,2.3,1.5,2014-10-17,0507,Aqua,MODIS,66,6.2,311.2,40.8,D,0
-12.9927,132.7917,344.6,1.4,1.2,2014-10-17,0507,Aqua,MODIS,81,6.2,318.4,45.9,D,0
-12.2838,132.7545,340.3,1.4,1.2,2014-10-17,0507,Aqua,MODIS,62,6.2,315.3,38.7,D,0
-12.2875,132.7608,349,1.4,1.2,2014-10-17,0507,Aqua,MODIS,91,6.2,316.5,63.8,D,0
-12.9987,132.7537,339.4,1.4,1.2,2014-10-17,0507,Aqua,MODIS,80,6.2,318.6,32.2,D,0
-12.2829,131.892,333.9,1.2,1.1,2014-10-17,0507,Aqua,MODIS,72,6.2,314.9,22,D,0
-11.221,132.3482,337,1.4,1.2,2014-10-17,0507,Aqua,MODIS,31,6.2,314,27.2,D,0
-13.0026,132.7285,337.9,1.4,1.2,2014-10-17,0507,Aqua,MODIS,77,6.2,316.2,28,D,0
-11.1852,132.3041,346.5,1.4,1.2,2014-10-17,0507,Aqua,MODIS,85,6.2,312.9,57.2,D,0
-12.3512,134.7427,330.9,2,1.4,2014-10-17,0507,Aqua,MODIS,15,6.2,313.5,25.2,D,0
-13.0007,132.7411,336.6,1.4,1.2,2014-10-17,0507,Aqua,MODIS,69,6.2,317.8,23.7,D,0
-12.4477,135.7298,327.5,2.3,1.5,2014-10-17,0507,Aqua,MODIS,55,6.2,310.9,33.7,D,0
-12.6677,132.8226,343.1,1.4,1.2,2014-10-17,0507,Aqua,MODIS,85,6.2,323.2,32.3,D,0
-12.3492,134.7368,333.7,2,1.4,2014-10-17,0507,Aqua,MODIS,38,6.2,314.4,33.6,D,0
-12.4143,132.2973,347.4,1.3,1.1,2014-10-17,0507,Aqua,MODIS,86,6.2,315.8,55.1,D,0
-12.9971,130.412,337.1,1.1,1,2014-10-17,0507,Aqua,MODIS,76,6.2,306.6,21.8,D,0
-12.4264,132.287,338.3,1.3,1.1,2014-10-17,0507,Aqua,MODIS,45,6.2,317.5,30.2,D,0
-13.0148,130.3557,330.1,1,1,2014-10-17,0507,Aqua,MODIS,43,6.2,301.7,12.7,D,0
-13.0077,130.4038,341.5,1.1,1,2014-10-17,0507,Aqua,MODIS,83,6.2,305.1,30.2,D,0
-13.0063,130.4134,338.1,1.1,1,2014-10-17,0507,Aqua,MODIS,73,6.2,304,22.7,D,0
-13.0169,130.4052,340.1,1.1,1,2014-10-17,0507,Aqua,MODIS,74,6.2,303.7,27.9,D,0
-13.0155,130.4149,350.1,1.1,1,2014-10-17,0507,Aqua,MODIS,92,6.2,304.8,46.5,D,0
-13.0226,130.412,349,1.1,1,2014-10-17,0507,Aqua,MODIS,91,6.2,302.4,51.2,D,0
-12.4328,132.3127,332,1.3,1.1,2014-10-17,0507,Aqua,MODIS,51,6.2,317.9,11.8,D,0
-12.4347,132.3007,334.9,1.3,1.1,2014-10-17,0507,Aqua,MODIS,31,6.2,318.7,21.8,D,0
-12.4226,132.311,347.3,1.3,1.1,2014-10-17,0507,Aqua,MODIS,90,6.2,318.8,49.7,D,0
-13.0134,130.3653,351.6,1,1,2014-10-17,0507,Aqua,MODIS,93,6.2,303.4,54,D,0
-12.4245,132.299,374.7,1.3,1.1,2014-10-17,0507,Aqua,MODIS,100,6.2,323.3,166.1,D,0
-13.0119,130.3749,345,1,1,2014-10-17,0507,Aqua,MODIS,87,6.2,301,39.1,D,0
-11.748,130.0815,330.2,1,1,2014-10-17,0507,Aqua,MODIS,18,6.2,310.9,13.3,D,0
-11.7465,130.0911,338,1,1,2014-10-17,0507,Aqua,MODIS,79,6.2,312.4,24.4,D,0
-12.9985,130.4024,358.9,1.1,1,2014-10-17,0507,Aqua,MODIS,99,6.2,307.7,70.6,D,0
-32.0708,116.0971,327.8,2.1,1.4,2014-10-17,0640,Aqua,MODIS,78,6.2,293.5,64.8,D,0
-32.0759,116.083,320.5,2.1,1.4,2014-10-17,0640,Aqua,MODIS,40,6.2,291.7,40.7,D,0
-32.8495,116.1986,320,2,1.4,2014-10-17,0640,Aqua,MODIS,72,6.2,293.4,41.5,D,0
-32.8373,116.1952,318.4,2,1.4,2014-10-17,0640,Aqua,MODIS,69,6.2,295.1,37,D,0
-29.6734,115.0027,318.3,2,1.4,2014-10-17,0641,Aqua,MODIS,47,6.2,284.7,29.7,D,0
-29.6758,115.0105,318.9,2,1.4,2014-10-17,0641,Aqua,MODIS,42,6.2,283.8,29.6,D,0
-30.7065,152.5066,302.6,1.1,1,2014-10-17,1248,Terra,MODIS,50,6.2,284.5,8.5,N,0
-30.3215,152.6892,300.9,1.1,1.1,2014-10-17,1248,Terra,MODIS,35,6.2,280.7,9.1,N,0
-31.5314,147.0133,301.3,1.2,1.1,2014-10-17,1248,Terra,MODIS,39,6.2,284,9.4,N,0
-29.5071,151.9245,304.7,1.1,1,2014-10-17,1249,Terra,MODIS,61,6.2,280.1,11.5,N,0
-28.4695,148.3604,305.1,1,1,2014-10-17,1249,Terra,MODIS,63,6.2,285,9.5,N,0
-27.0045,152.1404,304.3,1.2,1.1,2014-10-17,1249,Terra,MODIS,60,6.2,286.8,10.4,N,0
-24.9718,148.2415,307.1,1,1,2014-10-17,1250,Terra,MODIS,70,6.2,289,8.4,N,0
-25.4589,150.9758,303.8,1.1,1,2014-10-17,1250,Terra,MODIS,57,6.2,289.7,7.6,N,0
-25.4683,150.9776,301.5,1.1,1,2014-10-17,1250,Terra,MODIS,26,6.2,289.4,5.9,N,0
-25.6001,150.9092,306.6,1.1,1,2014-10-17,1250,Terra,MODIS,68,6.2,287.9,9.9,N,0
-26.2282,149.6127,303.7,1,1,2014-10-17,1250,Terra,MODIS,56,6.2,285.7,7.4,N,0
-25.0405,148.4729,312.7,1,1,2014-10-17,1250,Terra,MODIS,85,6.2,290.2,12.9,N,0
-26.2372,149.6143,308.3,1,1,2014-10-17,1250,Terra,MODIS,74,6.2,286.3,10.4,N,0
-24.7448,148.2213,300,1,1,2014-10-17,1250,Terra,MODIS,13,6.2,289.1,3.8,N,0
-25.0391,148.4828,300.9,1,1,2014-10-17,1250,Terra,MODIS,14,6.2,289.8,4.7,N,0
-25.0621,148.5129,302.2,1,1,2014-10-17,1250,Terra,MODIS,15,6.2,290.2,4.9,N,0
-24.9551,148.2285,308.7,1,1,2014-10-17,1250,Terra,MODIS,75,6.2,288.6,9.5,N,0
-24.4428,151.2353,309.5,1.2,1.1,2014-10-17,1250,Terra,MODIS,78,6.2,289.4,13.1,N,0
-24.4446,151.2239,309.8,1.2,1.1,2014-10-17,1250,Terra,MODIS,78,6.2,289.2,12.7,N,0
-24.7864,148.1876,302.4,1,1,2014-10-17,1250,Terra,MODIS,49,6.2,289.1,5.9,N,0
-24.1482,146.5856,310.2,1.1,1,2014-10-17,1250,Terra,MODIS,73,6.2,289.1,12.3,N,0
-24.1388,146.5841,305.7,1.1,1,2014-10-17,1250,Terra,MODIS,65,6.2,286.9,9.4,N,0
-25.0927,148.2947,303.1,1,1,2014-10-17,1250,Terra,MODIS,36,6.2,285.7,6.6,N,0
-23.8585,150.9356,306.1,1.1,1.1,2014-10-17,1250,Terra,MODIS,67,6.2,287.6,10.2,N,0
-23.854,150.9397,304.3,1.1,1.1,2014-10-17,1250,Terra,MODIS,59,6.2,287.5,9.7,N,0
-21.1595,147.8428,302.2,1,1,2014-10-17,1251,Terra,MODIS,33,6.2,289.9,5.3,N,0
-22.6603,150.4755,302.3,1.1,1.1,2014-10-17,1251,Terra,MODIS,41,6.2,289,6.5,N,0
-22.6586,150.4863,303.9,1.1,1.1,2014-10-17,1251,Terra,MODIS,49,6.2,289.9,7.1,N,0
-21.0732,148.1229,302.9,1,1,2014-10-17,1251,Terra,MODIS,52,6.2,291.3,5.3,N,0
-21.0656,148.1118,303.6,1,1,2014-10-17,1251,Terra,MODIS,30,6.2,290.9,5.5,N,0
-21.0746,148.1134,308.2,1,1,2014-10-17,1251,Terra,MODIS,74,6.2,291.3,8.7,N,0
-20.737,143.1813,317.2,1.5,1.2,2014-10-17,1251,Terra,MODIS,95,6.2,294.1,28.1,N,0
-21.1608,147.8332,308.4,1,1,2014-10-17,1251,Terra,MODIS,74,6.2,290.7,8.9,N,0
-21.0885,147.8251,302.5,1,1,2014-10-17,1251,Terra,MODIS,49,6.2,289.9,5.5,N,0
-22.8085,149.0914,317.8,1,1,2014-10-17,1251,Terra,MODIS,96,6.2,290.7,16.1,N,0
-21.092,147.865,310.2,1,1,2014-10-17,1251,Terra,MODIS,20,6.2,291.3,9.6,N,0
-21.0713,147.8812,305.5,1,1,2014-10-17,1251,Terra,MODIS,28,6.2,288.8,6.9,N,0
-21.0817,147.8731,305.9,1,1,2014-10-17,1251,Terra,MODIS,33,6.2,289.7,7.3,N,0
-20.7367,139.4785,302.6,2.8,1.6,2014-10-17,1251,Terra,MODIS,50,6.2,291.8,21.5,N,2
-21.1208,147.856,303.3,1,1,2014-10-17,1251,Terra,MODIS,29,6.2,291.2,5.3,N,0
-21.1613,147.1774,301.6,1,1,2014-10-17,1251,Terra,MODIS,43,6.2,291.3,5,N,0
-17.7864,144.5477,309.2,1.2,1.1,2014-10-17,1252,Terra,MODIS,48,6.2,292.3,9.3,N,0
-19.6984,143.4737,308,1.4,1.2,2014-10-17,1252,Terra,MODIS,30,6.2,294.3,10.4,N,0
-19.6682,143.4563,306.1,1.4,1.2,2014-10-17,1252,Terra,MODIS,67,6.2,294.2,9.7,N,0
-17.8003,144.5161,309,1.2,1.1,2014-10-17,1252,Terra,MODIS,31,6.2,293.4,8.7,N,0
-17.8128,144.4951,306.7,1.2,1.1,2014-10-17,1252,Terra,MODIS,36,6.2,293.6,7.1,N,0
-19.6512,143.5088,302.4,1.4,1.2,2014-10-17,1252,Terra,MODIS,14,6.2,291.5,6.4,N,0
-19.6724,143.5115,312.4,1.4,1.2,2014-10-17,1252,Terra,MODIS,66,6.2,293.2,16.5,N,0
-19.6967,143.4874,313.8,1.4,1.2,2014-10-17,1252,Terra,MODIS,88,6.2,294.6,17.8,N,0
-19.6951,143.5009,308.9,1.4,1.2,2014-10-17,1252,Terra,MODIS,47,6.2,293.3,12,N,0
-17.8114,144.5062,314.2,1.2,1.1,2014-10-17,1252,Terra,MODIS,89,6.2,294.4,14.1,N,0
-18.1601,145.6284,302.6,1.1,1,2014-10-17,1252,Terra,MODIS,50,6.2,287.8,6.6,N,0
-17.7989,144.5271,313.2,1.2,1.1,2014-10-17,1252,Terra,MODIS,68,6.2,293.4,12.7,N,0
-16.7622,145.5083,317.7,1,1,2014-10-17,1252,Terra,MODIS,95,6.2,290.4,18.1,N,0
-16.9356,142.3426,312.2,1.5,1.2,2014-10-17,1252,Terra,MODIS,84,6.2,295.6,17.8,N,0
-16.9373,142.3281,327.7,1.5,1.2,2014-10-17,1252,Terra,MODIS,100,6.2,296.9,46.2,N,0
-16.9245,142.3411,314.6,1.5,1.2,2014-10-17,1252,Terra,MODIS,90,6.2,295.7,21.1,N,0
-16.9228,142.3555,312.7,1.5,1.2,2014-10-17,1252,Terra,MODIS,86,6.2,295.4,18.7,N,0
-14.9523,142.6784,320.9,1.4,1.2,2014-10-17,1253,Terra,MODIS,100,6.2,294,25,N,0
-14.9951,142.593,318.3,1.4,1.2,2014-10-17,1253,Terra,MODIS,43,6.2,294.6,18.1,N,0
-15.0354,143.38,312.4,1.2,1.1,2014-10-17,1253,Terra,MODIS,24,6.2,293.2,12,N,0
-15.0124,142.5879,326.2,1.4,1.2,2014-10-17,1253,Terra,MODIS,100,6.2,294.4,35.1,N,0
-14.9918,142.6187,312.9,1.4,1.2,2014-10-17,1253,Terra,MODIS,41,6.2,293.9,13.4,N,0
-15.0107,142.5556,316.5,1.4,1.2,2014-10-17,1253,Terra,MODIS,61,6.2,294.4,17.7,N,0
-15.014,142.575,328.3,1.4,1.2,2014-10-17,1253,Terra,MODIS,100,6.2,294.3,39.2,N,0
-15.1914,144.9756,306.1,1.1,1,2014-10-17,1253,Terra,MODIS,67,6.2,292.8,6.6,N,0
-14.3119,144.4357,308,1.1,1,2014-10-17,1253,Terra,MODIS,73,6.2,294,7.6,N,0
-14.3133,144.4257,306.3,1.1,1,2014-10-17,1253,Terra,MODIS,68,6.2,293.9,6.1,N,0
-15.1901,144.9854,303.5,1.1,1,2014-10-17,1253,Terra,MODIS,56,6.2,292.5,5,N,0
-15.0073,142.5815,330.2,1.4,1.2,2014-10-17,1253,Terra,MODIS,100,6.2,294.8,40,N,0
-14.3183,144.4327,313,1.1,1,2014-10-17,1253,Terra,MODIS,29,6.2,294.1,9.7,N,0
-14.978,142.643,326.6,1.4,1.2,2014-10-17,1253,Terra,MODIS,100,6.2,294.4,35.1,N,0
-14.9643,142.6671,312.3,1.4,1.2,2014-10-17,1253,Terra,MODIS,45,6.2,293.8,12.9,N,0
-14.308,144.3943,304.3,1.1,1,2014-10-17,1253,Terra,MODIS,60,6.2,293.5,4.8,N,0
-15.0314,143.3322,324.9,1.3,1.1,2014-10-17,1253,Terra,MODIS,100,6.2,293.7,29.9,N,0
-15.0299,143.3438,313.9,1.3,1.1,2014-10-17,1253,Terra,MODIS,88,6.2,293.7,14.8,N,0
-15.0178,142.5829,323.8,1.4,1.2,2014-10-17,1253,Terra,MODIS,99,6.2,294.3,29.2,N,0
-15.0284,143.3555,308.9,1.3,1.1,2014-10-17,1253,Terra,MODIS,76,6.2,293.3,9.6,N,0
-14.966,142.6543,336.5,1.4,1.2,2014-10-17,1253,Terra,MODIS,100,6.2,295.2,56.2,N,0
-14.9741,142.5901,321.1,1.4,1.2,2014-10-17,1253,Terra,MODIS,66,6.2,294.3,22.6,N,0
-15.0001,142.5541,346.9,1.4,1.2,2014-10-17,1253,Terra,MODIS,100,6.2,295.9,83.9,N,0
-14.9758,142.5772,319.6,1.4,1.2,2014-10-17,1253,Terra,MODIS,60,6.2,294,19.8,N,0
-14.9896,142.5527,317.8,1.4,1.2,2014-10-17,1253,Terra,MODIS,23,6.2,293.3,15.5,N,0
-14.9813,142.6174,314.3,1.4,1.2,2014-10-17,1253,Terra,MODIS,54,6.2,293.9,14.2,N,0
-14.9797,142.6302,318.5,1.4,1.2,2014-10-17,1253,Terra,MODIS,97,6.2,293.9,20.3,N,0
-14.9178,142.6995,310.7,1.4,1.2,2014-10-17,1253,Terra,MODIS,52,6.2,293.7,11.3,N,0
-14.9298,142.6883,310.9,1.4,1.2,2014-10-17,1253,Terra,MODIS,33,6.2,293.6,11.2,N,0
-14.8999,142.7036,303.9,1.4,1.2,2014-10-17,1253,Terra,MODIS,21,6.2,293.5,5.2,N,0
-14.9402,142.6897,306.9,1.4,1.2,2014-10-17,1253,Terra,MODIS,22,6.2,293.4,7.5,N,0
-14.9539,142.6657,314,1.4,1.2,2014-10-17,1253,Terra,MODIS,68,6.2,294.1,14.8,N,0
-14.9418,142.677,324.9,1.4,1.2,2014-10-17,1253,Terra,MODIS,100,6.2,294,31.8,N,0
-14.9767,142.4846,322.7,1.4,1.2,2014-10-17,1253,Terra,MODIS,100,6.2,293.7,26.5,N,0
-14.3078,142.4572,321.7,1.4,1.2,2014-10-17,1253,Terra,MODIS,100,6.2,293.8,26,N,0
-14.959,145.0723,302.9,1,1,2014-10-17,1253,Terra,MODIS,52,6.2,292.1,4.8,N,0
-15.3783,143.0081,308.6,1.3,1.1,2014-10-17,1253,Terra,MODIS,60,6.2,294.8,8.7,N,0
-14.3094,142.4443,321.9,1.4,1.2,2014-10-17,1253,Terra,MODIS,100,6.2,293.7,27.7,N,0
-14.9621,142.4291,312.5,1.4,1.2,2014-10-17,1253,Terra,MODIS,60,6.2,293.1,14.2,N,0
-14.9694,142.4569,336.4,1.4,1.2,2014-10-17,1253,Terra,MODIS,100,6.2,294.9,54.5,N,0
-15.0068,142.502,371.5,1.4,1.2,2014-10-17,1253,Terra,MODIS,100,6.2,298.5,195.7,N,0
-15.3839,145.2542,309.2,1,1,2014-10-17,1253,Terra,MODIS,77,6.2,293.3,8.5,N,0
-14.9833,142.4319,340.7,1.4,1.2,2014-10-17,1253,Terra,MODIS,100,6.2,294.8,71.1,N,0
-14.9962,142.5006,327.5,1.4,1.2,2014-10-17,1253,Terra,MODIS,100,6.2,295.6,36,N,0
-14.9439,142.4471,317.6,1.4,1.2,2014-10-17,1253,Terra,MODIS,70,6.2,293.7,19,N,0
-14.9817,142.4452,358.3,1.4,1.2,2014-10-17,1253,Terra,MODIS,100,6.2,296.5,131.4,N,0
-15.3799,142.9958,325.3,1.3,1.1,2014-10-17,1253,Terra,MODIS,100,6.2,295.3,31.2,N,0
-14.9979,142.4875,370.1,1.4,1.2,2014-10-17,1253,Terra,MODIS,100,6.2,297.3,188.1,N,0
-14.3027,142.4508,329.7,1.4,1.2,2014-10-17,1253,Terra,MODIS,100,6.2,294.3,40.7,N,0
-14.9873,142.4861,339.1,1.4,1.2,2014-10-17,1253,Terra,MODIS,100,6.2,294.5,62.7,N,0
-15.0579,143.4414,309.2,1.2,1.1,2014-10-17,1253,Terra,MODIS,77,6.2,293.6,9.9,N,0
-14.2469,142.4695,315.1,1.4,1.2,2014-10-17,1253,Terra,MODIS,90,6.2,292.6,18.1,N,0
-14.9656,145.0796,314.7,1,1,2014-10-17,1253,Terra,MODIS,74,6.2,292.8,12.2,N,0
-14.2453,142.4823,306.2,1.4,1.2,2014-10-17,1253,Terra,MODIS,23,6.2,292.5,7.5,N,0
-14.9727,142.4306,331.2,1.4,1.2,2014-10-17,1253,Terra,MODIS,100,6.2,294.1,46.2,N,0
-14.9923,142.4466,308.4,1.4,1.2,2014-10-17,1253,Terra,MODIS,55,6.2,293.5,9.4,N,0
-14.3011,142.4637,324.1,1.4,1.2,2014-10-17,1253,Terra,MODIS,100,6.2,293.8,29.6,N,0
-16.5562,142.4553,305.3,1.5,1.2,2014-10-17,1253,Terra,MODIS,64,6.2,295,8,N,0
-14.2973,142.4558,318.2,1.4,1.2,2014-10-17,1253,Terra,MODIS,94,6.2,293.2,20.3,N,0
-14.9751,142.4978,315.6,1.4,1.2,2014-10-17,1253,Terra,MODIS,35,6.2,293.7,15.3,N,0
-14.2437,142.4951,303.9,1.4,1.2,2014-10-17,1253,Terra,MODIS,56,6.2,292.4,6.3,N,0
-15.0085,142.489,369.2,1.4,1.2,2014-10-17,1253,Terra,MODIS,100,6.2,297.1,183.8,N,0
-14.2591,142.4579,310,1.4,1.2,2014-10-17,1253,Terra,MODIS,71,6.2,292.6,11.3,N,0
-14.3044,142.4379,310.4,1.4,1.2,2014-10-17,1253,Terra,MODIS,80,6.2,293.2,12.1,N,0
-14.9604,142.4423,314.5,1.4,1.2,2014-10-17,1253,Terra,MODIS,33,6.2,293.6,14.5,N,0
-14.2989,142.4429,313.1,1.4,1.2,2014-10-17,1253,Terra,MODIS,86,6.2,293.1,15,N,0
-15.0663,143.4542,307.9,1.2,1.1,2014-10-17,1253,Terra,MODIS,22,6.2,293.5,8,N,0
-14.9711,142.4438,327.5,1.4,1.2,2014-10-17,1253,Terra,MODIS,100,6.2,294.4,36.1,N,0
-15.5008,145.264,315.2,1,1,2014-10-17,1253,Terra,MODIS,91,6.2,293.7,12.8,N,0
-15.0018,142.5411,328.6,1.4,1.2,2014-10-17,1253,Terra,MODIS,100,6.2,294.1,36.1,N,0
-14.9588,142.4555,328.4,1.4,1.2,2014-10-17,1253,Terra,MODIS,100,6.2,293.8,36.9,N,0
-14.98,142.4583,336.6,1.4,1.2,2014-10-17,1253,Terra,MODIS,100,6.2,294.8,56.2,N,0
-15.2717,142.9627,304.6,1.3,1.1,2014-10-17,1253,Terra,MODIS,27,6.2,293.8,5.4,N,0
-14.9971,145.1231,302.5,1,1,2014-10-17,1253,Terra,MODIS,13,6.2,292.1,4.1,N,0
-15.5021,145.2543,309.8,1,1,2014-10-17,1253,Terra,MODIS,78,6.2,293.7,8.6,N,0
-14.9857,142.4992,326.9,1.4,1.2,2014-10-17,1253,Terra,MODIS,100,6.2,294.6,34.5,N,0
-14.2957,142.4687,321,1.4,1.2,2014-10-17,1253,Terra,MODIS,100,6.2,293.6,24.8,N,0
-14.3321,142.4342,307.1,1.4,1.2,2014-10-17,1253,Terra,MODIS,70,6.2,293.1,8.4,N,0
-15.32,142.9944,308.2,1.3,1.1,2014-10-17,1253,Terra,MODIS,13,6.2,295,7.9,N,0
-14.984,145.0822,305.5,1,1,2014-10-17,1253,Terra,MODIS,13,6.2,292.1,5.7,N,0
-14.2607,142.4451,313.8,1.4,1.2,2014-10-17,1253,Terra,MODIS,88,6.2,292.4,16.8,N,0
-15.5165,145.2168,305.5,1,1,2014-10-17,1253,Terra,MODIS,64,6.2,294.1,5.7,N,0
-14.9498,142.4409,319.7,1.4,1.2,2014-10-17,1253,Terra,MODIS,79,6.2,293.4,22.9,N,0
-15.4123,142.9877,304.5,1.3,1.1,2014-10-17,1253,Terra,MODIS,52,6.2,294.3,5.7,N,0
-16.5471,142.4399,305.8,1.5,1.2,2014-10-17,1253,Terra,MODIS,66,6.2,294,8.4,N,0
-15.1822,143.3468,309.9,1.3,1.1,2014-10-17,1253,Terra,MODIS,79,6.2,293.6,11.1,N,0
-15.0195,145.0969,309.7,1,1,2014-10-17,1253,Terra,MODIS,78,6.2,292.7,9.1,N,0
-11.0056,142.4302,305.9,1.3,1.1,2014-10-17,1254,Terra,MODIS,10,6.2,282.4,8.9,N,0
-12.5394,141.9329,323.2,1.4,1.2,2014-10-17,1254,Terra,MODIS,100,6.2,294,31.9,N,0
-11.564,142.5207,303.8,1.3,1.1,2014-10-17,1254,Terra,MODIS,56,6.2,292.7,6.4,N,0
-11.5625,142.5323,303.1,1.3,1.1,2014-10-17,1254,Terra,MODIS,53,6.2,292.7,5.8,N,0
-12.1594,141.7905,318.1,1.4,1.2,2014-10-17,1254,Terra,MODIS,96,6.2,290.9,27.5,N,0
-11.5919,142.465,303.1,1.3,1.1,2014-10-17,1254,Terra,MODIS,8,6.2,292.9,5,N,0
-11.5747,142.4389,305.4,1.3,1.1,2014-10-17,1254,Terra,MODIS,42,6.2,292.7,6.9,N,0
-11.5732,142.4506,304.1,1.3,1.1,2014-10-17,1254,Terra,MODIS,19,6.2,292.8,5.5,N,0
-11.5646,142.4374,303.4,1.3,1.1,2014-10-17,1254,Terra,MODIS,5,6.2,292.7,5,N,0
-12.5436,141.9391,344.2,1.4,1.2,2014-10-17,1254,Terra,MODIS,100,6.2,294.5,82.4,N,0
-12.5377,141.9459,326.4,1.4,1.2,2014-10-17,1254,Terra,MODIS,100,6.2,293.6,37.8,N,0
-12.2673,142.7485,308.4,1.3,1.1,2014-10-17,1254,Terra,MODIS,74,6.2,293.1,9.8,N,0
-12.4936,135.5438,312.9,4.4,1.9,2014-10-17,1254,Terra,MODIS,80,6.2,293.3,93.6,N,0
-12.8673,142.3569,304.8,1.4,1.2,2014-10-17,1254,Terra,MODIS,62,6.2,292.5,7.6,N,0
-12.4894,135.5836,323.5,4.3,1.9,2014-10-17,1254,Terra,MODIS,100,6.2,293.7,173.5,N,0
-12.8657,142.3694,303.1,1.4,1.2,2014-10-17,1254,Terra,MODIS,53,6.2,292.4,5.9,N,0
-12.4877,135.5765,328.2,4.3,1.9,2014-10-17,1254,Terra,MODIS,100,6.2,294,219.3,N,0
-25.8407,126.3568,318.4,1.1,1,2014-10-17,1429,Terra,MODIS,97,6.2,290.7,19.3,N,0
-25.8424,126.3459,301.8,1.1,1,2014-10-17,1429,Terra,MODIS,45,6.2,290,5.6,N,0
-25.833,126.344,327.4,1.1,1,2014-10-17,1429,Terra,MODIS,100,6.2,291.9,30,N,0
-23.3961,124.3318,307.1,1,1,2014-10-17,1429,Terra,MODIS,70,6.2,291.7,7.9,N,0
-23.3899,123.613,315.7,1,1,2014-10-17,1429,Terra,MODIS,92,6.2,293.6,13.8,N,0
-23.3912,123.6033,306.9,1,1,2014-10-17,1429,Terra,MODIS,69,6.2,294.1,7.2,N,0
-23.51,122.4854,301.3,1,1,2014-10-17,1429,Terra,MODIS,7,6.2,288.1,4.7,N,0
-23.6172,122.5664,305.5,1,1,2014-10-17,1429,Terra,MODIS,64,6.2,294.2,6.1,N,0
-23.3646,123.5324,310.3,1,1,2014-10-17,1429,Terra,MODIS,80,6.2,291.8,10,N,0
-23.3674,123.6427,305.7,1,1,2014-10-17,1429,Terra,MODIS,65,6.2,292.5,7.6,N,0
-23.375,123.5242,309,1,1,2014-10-17,1429,Terra,MODIS,76,6.2,293,9.3,N,0
-23.3736,123.534,321.8,1,1,2014-10-17,1429,Terra,MODIS,100,6.2,293.8,20,N,0
-23.3947,124.3416,318.5,1,1,2014-10-17,1429,Terra,MODIS,97,6.2,292.4,16.5,N,0
-21.7787,127.5429,301.2,1.4,1.2,2014-10-17,1430,Terra,MODIS,38,6.2,288.5,9.3,N,0
-20.162,123.2353,394.9,1,1,2014-10-17,1430,Terra,MODIS,100,6.2,307.1,222.8,N,0
-20.1606,123.2449,339.4,1,1,2014-10-17,1430,Terra,MODIS,100,6.2,298.9,40.7,N,0
-22.617,122.3728,319,1,1,2014-10-17,1430,Terra,MODIS,98,6.2,292.3,15.9,N,0
-20.1633,123.2258,314,1,1,2014-10-17,1430,Terra,MODIS,88,6.2,298.6,10.6,N,0
-19.6462,128.1954,304.3,1.7,1.3,2014-10-17,1430,Terra,MODIS,51,6.2,293.8,12.3,N,0
-22.6722,122.3676,308.8,1,1,2014-10-17,1430,Terra,MODIS,72,6.2,294.2,7.1,N,0
-22.6736,122.3576,403.6,1,1,2014-10-17,1430,Terra,MODIS,100,6.2,301.9,285.2,N,0
-22.7379,122.3533,317,1,1,2014-10-17,1430,Terra,MODIS,90,6.2,295.5,12.8,N,0
-22.7392,122.3433,318,1,1,2014-10-17,1430,Terra,MODIS,81,6.2,295.1,13.6,N,0
-22.7301,122.3418,322.1,1,1,2014-10-17,1430,Terra,MODIS,100,6.2,298.6,17.4,N,0
-22.7314,122.3318,318.3,1,1,2014-10-17,1430,Terra,MODIS,97,6.2,296.7,14,N,0
-22.722,122.345,354.3,1,1,2014-10-17,1430,Terra,MODIS,100,6.2,301.5,74.7,N,0
-22.7233,122.335,376.8,1,1,2014-10-17,1430,Terra,MODIS,100,6.2,306.9,146.8,N,0
-22.7247,122.325,320.2,1,1,2014-10-17,1430,Terra,MODIS,86,6.2,296.5,18.1,N,0
-22.7115,122.3535,348.7,1,1,2014-10-17,1430,Terra,MODIS,100,6.2,299.4,60.4,N,0
-22.7128,122.3435,355.7,1,1,2014-10-17,1430,Terra,MODIS,100,6.2,301.5,76.8,N,0
-22.7142,122.3335,360.6,1,1,2014-10-17,1430,Terra,MODIS,100,6.2,299.4,91,N,0
-22.7023,122.3521,322.4,1,1,2014-10-17,1430,Terra,MODIS,100,6.2,296.5,17.5,N,0
-22.7037,122.3421,337,1,1,2014-10-17,1430,Terra,MODIS,100,6.2,298.3,36.9,N,0
-22.705,122.3321,315.2,1,1,2014-10-17,1430,Terra,MODIS,91,6.2,296.3,11.1,N,0
-22.6814,122.3691,316.4,1,1,2014-10-17,1430,Terra,MODIS,93,6.2,294.2,12.7,N,0
-22.6827,122.3591,391.1,1,1,2014-10-17,1430,Terra,MODIS,100,6.2,306.1,210.1,N,0
-22.6841,122.3491,375,1,1,2014-10-17,1430,Terra,MODIS,100,6.2,302.9,136.5,N,0
-20.3207,124.7063,307.8,1.1,1,2014-10-17,1430,Terra,MODIS,73,6.2,294,8.9,N,0
-20.0647,123.3989,318.2,1,1,2014-10-17,1430,Terra,MODIS,96,6.2,297.8,14.6,N,0
-20.0633,123.4085,345.5,1,1,2014-10-17,1430,Terra,MODIS,100,6.2,299.3,52.2,N,0
-20.0723,123.41,326.3,1,1,2014-10-17,1430,Terra,MODIS,100,6.2,299.2,23,N,0
-20.0875,123.4322,333,1,1,2014-10-17,1430,Terra,MODIS,100,6.2,297.4,31.9,N,0
-20.0861,123.4417,307.4,1,1,2014-10-17,1430,Terra,MODIS,71,6.2,295.5,6.5,N,0
-20.0995,123.4111,305.2,1,1,2014-10-17,1430,Terra,MODIS,63,6.2,295.2,5,N,0
-20.0981,123.4207,314.6,1,1,2014-10-17,1430,Terra,MODIS,90,6.2,296.7,11.4,N,0
-20.0967,123.4303,389.5,1,1,2014-10-17,1430,Terra,MODIS,100,6.2,306.8,195.4,N,0
-20.0953,123.4398,409.2,1,1,2014-10-17,1430,Terra,MODIS,100,6.2,308.5,314,N,0
-20.1099,123.403,311.1,1,1,2014-10-17,1430,Terra,MODIS,81,6.2,295.3,8.5,N,0
-20.1085,123.4126,316.3,1,1,2014-10-17,1430,Terra,MODIS,93,6.2,296.8,12.3,N,0
-20.1071,123.4222,359.4,1,1,2014-10-17,1430,Terra,MODIS,100,6.2,305.9,83.1,N,0
-20.1057,123.4318,460.3,1,1,2014-10-17,1430,Terra,MODIS,100,6.2,327,859.8,N,0
-20.1043,123.4414,385.9,1,1,2014-10-17,1430,Terra,MODIS,100,6.2,304.9,178.1,N,0
-20.1204,123.3949,311,1,1,2014-10-17,1430,Terra,MODIS,76,6.2,295.6,8.2,N,0
-20.119,123.4045,324.8,1,1,2014-10-17,1430,Terra,MODIS,100,6.2,297.7,20.4,N,0
-20.1176,123.4141,336.6,1,1,2014-10-17,1430,Terra,MODIS,100,6.2,302.9,36.3,N,0
-20.1162,123.4237,375.3,1,1,2014-10-17,1430,Terra,MODIS,100,6.2,311.5,133.7,N,0
-20.1148,123.4333,428.4,1,1,2014-10-17,1430,Terra,MODIS,100,6.2,321.9,472,N,0
-20.1134,123.4429,315,1,1,2014-10-17,1430,Terra,MODIS,90,6.2,298.7,10.8,N,0
-20.1308,123.3868,319.7,1,1,2014-10-17,1430,Terra,MODIS,99,6.2,296.5,16,N,0
-20.1294,123.3964,337.5,1,1,2014-10-17,1430,Terra,MODIS,100,6.2,299.7,37.9,N,0
-20.128,123.406,349.6,1,1,2014-10-17,1430,Terra,MODIS,100,6.2,303.1,59.9,N,0
-20.1266,123.4156,318.6,1,1,2014-10-17,1430,Terra,MODIS,97,6.2,301.6,14.2,N,0
-22.6749,122.3476,390.8,1,1,2014-10-17,1430,Terra,MODIS,100,6.2,299.9,208.6,N,0
-22.6486,122.4046,311.7,1,1,2014-10-17,1430,Terra,MODIS,83,6.2,292,10.7,N,0
-22.6499,122.3946,344.4,1,1,2014-10-17,1430,Terra,MODIS,100,6.2,294,52,N,0
-22.6513,122.3846,314.5,1,1,2014-10-17,1430,Terra,MODIS,84,6.2,292.8,11.4,N,0
-22.6422,122.3832,315.7,1,1,2014-10-17,1430,Terra,MODIS,74,6.2,293.2,12.4,N,0
-22.633,122.3817,324,1,1,2014-10-17,1430,Terra,MODIS,85,6.2,293.6,19.9,N,0
-22.6261,122.3742,313,1,1,2014-10-17,1430,Terra,MODIS,51,6.2,293.4,10.5,N,0
-22.6129,122.4027,309.7,1,1,2014-10-17,1430,Terra,MODIS,32,6.2,291.5,8.2,N,0
-20.1252,123.4252,356.1,1,1,2014-10-17,1430,Terra,MODIS,100,6.2,311.4,74,N,0
-20.1238,123.4348,348.1,1,1,2014-10-17,1430,Terra,MODIS,100,6.2,304.8,56.2,N,0
-20.1398,123.3884,326.7,1,1,2014-10-17,1430,Terra,MODIS,100,6.2,297.6,23.5,N,0
-20.1384,123.3979,360,1,1,2014-10-17,1430,Terra,MODIS,100,6.2,301.5,85.5,N,0
-20.1356,123.4171,312.8,1,1,2014-10-17,1430,Terra,MODIS,86,6.2,298.3,9.1,N,0
-20.1342,123.4267,383.9,1,1,2014-10-17,1430,Terra,MODIS,100,6.2,309.3,169,N,0
-20.1328,123.4363,341.4,1,1,2014-10-17,1430,Terra,MODIS,100,6.2,301.3,43.7,N,0
-22.5856,122.3983,318.7,1,1,2014-10-17,1430,Terra,MODIS,97,6.2,291.6,17.3,N,0
-22.5842,122.4082,303.8,1,1,2014-10-17,1430,Terra,MODIS,23,6.2,291.3,5.7,N,0
-22.6184,122.3628,321.1,1,1,2014-10-17,1430,Terra,MODIS,100,6.2,291.6,18.6,N,0
-22.2828,121.8523,357.4,1.1,1,2014-10-17,1430,Terra,MODIS,100,6.2,298.7,83,N,0
-22.2814,121.8625,375,1.1,1,2014-10-17,1430,Terra,MODIS,100,6.2,301.3,141.6,N,0
-22.28,121.8727,351.5,1.1,1,2014-10-17,1430,Terra,MODIS,100,6.2,297.1,67.8,N,0
-22.292,121.8538,383.7,1.1,1,2014-10-17,1430,Terra,MODIS,100,6.2,303.4,177.9,N,0
-22.2906,121.864,373.6,1.1,1,2014-10-17,1430,Terra,MODIS,100,6.2,300.9,135,N,0
-22.2879,121.8844,310.5,1.1,1,2014-10-17,1430,Terra,MODIS,29,6.2,293.7,6.9,N,0
-22.2865,121.8947,316.7,1.1,1,2014-10-17,1430,Terra,MODIS,94,6.2,295.5,12.6,N,0
-22.3012,121.8553,338.7,1.1,1,2014-10-17,1430,Terra,MODIS,90,6.2,296.1,38.8,N,0
-22.2999,121.8655,356,1.1,1,2014-10-17,1430,Terra,MODIS,100,6.2,299.6,77.4,N,0
-22.2958,121.8961,308.6,1.1,1,2014-10-17,1430,Terra,MODIS,57,6.2,295.3,6.3,N,0
-22.3308,121.8976,317.9,1.1,1,2014-10-17,1430,Terra,MODIS,96,6.2,295.5,14.6,N,0
-22.3414,121.8888,372.5,1.1,1,2014-10-17,1430,Terra,MODIS,100,6.2,298.9,132.6,N,0
-20.1544,123.2243,310.3,1,1,2014-10-17,1430,Terra,MODIS,80,6.2,296.5,7.6,N,0
-22.34,121.899,321.2,1.1,1,2014-10-17,1430,Terra,MODIS,100,6.2,295.8,18.3,N,0
-22.3547,121.8594,324.1,1.1,1,2014-10-17,1430,Terra,MODIS,66,6.2,281.5,20.9,N,0
-22.3533,121.8697,355.4,1.1,1,2014-10-17,1430,Terra,MODIS,100,6.2,294.3,78.4,N,0
-22.352,121.8799,348.9,1.1,1,2014-10-17,1430,Terra,MODIS,100,6.2,295.7,62.8,N,0
-20.153,123.2338,355.1,1,1,2014-10-17,1430,Terra,MODIS,100,6.2,299.3,72.3,N,0
-19.9667,123.3767,402.1,1,1,2014-10-17,1430,Terra,MODIS,100,6.2,309.8,265.8,N,0
-19.9882,123.4195,347.3,1,1,2014-10-17,1430,Terra,MODIS,100,6.2,297.4,55.7,N,0
-20.0078,123.409,346.5,1,1,2014-10-17,1430,Terra,MODIS,100,6.2,300.8,54.1,N,0
-20.0064,123.4186,347.5,1,1,2014-10-17,1430,Terra,MODIS,100,6.2,300,56.8,N,0
-19.9619,123.3465,321.3,1,1,2014-10-17,1430,Terra,MODIS,100,6.2,299,16.7,N,0
-19.9605,123.3561,362.6,1,1,2014-10-17,1430,Terra,MODIS,100,6.2,305.6,91.4,N,0
-19.9591,123.3657,366.4,1,1,2014-10-17,1430,Terra,MODIS,100,6.2,303.1,102.6,N,0
-19.9577,123.3752,367.3,1,1,2014-10-17,1430,Terra,MODIS,100,6.2,300.3,105.8,N,0
-19.9681,123.3672,363.1,1,1,2014-10-17,1430,Terra,MODIS,100,6.2,304.4,93.4,N,0
-19.9986,123.4115,367.5,1,1,2014-10-17,1430,Terra,MODIS,100,6.2,308.1,107.2,N,0
-19.9515,123.3546,340.3,1,1,2014-10-17,1430,Terra,MODIS,100,6.2,301.3,41.4,N,0
-19.9467,123.3244,357.9,1,1,2014-10-17,1430,Terra,MODIS,100,6.2,304.5,78.6,N,0
-19.9529,123.345,341.2,1,1,2014-10-17,1430,Terra,MODIS,100,6.2,301.1,43.1,N,0
-19.9543,123.3354,346.6,1,1,2014-10-17,1430,Terra,MODIS,100,6.2,301.9,53.2,N,0
-19.9453,123.334,342.5,1,1,2014-10-17,1430,Terra,MODIS,100,6.2,301.1,45.6,N,0
-22.0837,123.1026,305,1,1,2014-10-17,1430,Terra,MODIS,63,6.2,293.4,6.1,N,0
-22.0669,123.0938,313,1,1,2014-10-17,1430,Terra,MODIS,86,6.2,292.3,12.2,N,0
-19.9896,123.41,361.6,1,1,2014-10-17,1430,Terra,MODIS,100,6.2,300.1,89.8,N,0
-22.1221,123.287,307.6,1,1,2014-10-17,1430,Terra,MODIS,72,6.2,293.5,7.8,N,0
-19.9501,123.3642,322.7,1,1,2014-10-17,1430,Terra,MODIS,100,6.2,299.3,17.6,N,0
-19.9418,123.2942,318.7,1,1,2014-10-17,1430,Terra,MODIS,97,6.2,298.7,14.4,N,0
-19.948,123.3148,327.3,1,1,2014-10-17,1430,Terra,MODIS,100,6.2,301.3,23.2,N,0
-19.9972,123.421,346.2,1,1,2014-10-17,1430,Terra,MODIS,100,6.2,301.3,53.4,N,0
-20,123.4019,327.8,1,1,2014-10-17,1430,Terra,MODIS,100,6.2,297.9,24,N,0
-18.1922,132.3784,330.3,3.8,1.8,2014-10-17,1430,Terra,MODIS,100,6.2,290.4,208.2,N,0
-21.738,121.4089,314.9,1.1,1,2014-10-17,1430,Terra,MODIS,61,6.2,296.1,12.6,N,0
-21.556,120.9573,307.5,1.1,1.1,2014-10-17,1430,Terra,MODIS,61,6.2,297.1,5.3,N,0
-21.5669,120.9479,308.8,1.1,1.1,2014-10-17,1430,Terra,MODIS,76,6.2,296.8,6.6,N,0
-20.1317,123.1263,311,1,1,2014-10-17,1430,Terra,MODIS,81,6.2,295.8,9.5,N,0
-20.7454,120.2097,359,1.2,1.1,2014-10-17,1430,Terra,MODIS,100,6.2,299.5,104.5,N,0
-20.7468,120.1982,320,1.2,1.1,2014-10-17,1430,Terra,MODIS,100,6.2,296.3,18.7,N,0
-18.191,132.4222,310.8,3.8,1.8,2014-10-17,1430,Terra,MODIS,81,6.2,288.5,81.1,N,0
-18.1981,132.3867,342.4,3.8,1.8,2014-10-17,1430,Terra,MODIS,100,6.2,292.6,339.4,N,0
-18.2015,132.4178,305.3,3.8,1.8,2014-10-17,1430,Terra,MODIS,64,6.2,288.7,57.3,N,0
-18.1853,132.414,316.7,3.8,1.8,2014-10-17,1430,Terra,MODIS,94,6.2,288.1,109,N,0
-21.5401,120.748,341.7,1.1,1.1,2014-10-17,1430,Terra,MODIS,100,6.2,298.9,53.2,N,0
-21.6131,121.298,327.1,1.1,1,2014-10-17,1430,Terra,MODIS,100,6.2,296.9,25.2,N,0
-21.7684,121.3662,306.9,1.1,1,2014-10-17,1430,Terra,MODIS,70,6.2,293.8,7.2,N,0
-21.5851,120.806,356.4,1.1,1.1,2014-10-17,1430,Terra,MODIS,100,6.2,299.6,89.4,N,0
-21.601,121.3176,311.2,1.1,1,2014-10-17,1430,Terra,MODIS,52,6.2,296.2,8.6,N,0
-21.6024,121.3071,371.8,1.1,1,2014-10-17,1430,Terra,MODIS,100,6.2,300.8,135.4,N,0
-21.6038,121.2966,327.9,1.1,1,2014-10-17,1430,Terra,MODIS,100,6.2,296.7,26.7,N,0
-21.7259,121.4283,309.4,1.1,1,2014-10-17,1430,Terra,MODIS,25,6.2,295.8,7.8,N,0
-21.6951,121.4448,307.4,1.1,1,2014-10-17,1430,Terra,MODIS,27,6.2,296,6.5,N,0
-21.8133,121.1678,306.8,1.1,1,2014-10-17,1430,Terra,MODIS,69,6.2,295.4,5.8,N,0
-21.7501,121.3895,305.8,1.1,1,2014-10-17,1430,Terra,MODIS,66,6.2,294.8,6.4,N,0
-21.3982,122.4897,315.3,1,1,2014-10-17,1430,Terra,MODIS,91,6.2,291.3,13.2,N,0
-21.7487,121.4,317.9,1.1,1,2014-10-17,1430,Terra,MODIS,96,6.2,295.4,16.2,N,0
-20.1304,123.1358,311,1,1,2014-10-17,1430,Terra,MODIS,81,6.2,296.2,9,N,0
-18.2083,132.3823,304.3,3.8,1.8,2014-10-17,1430,Terra,MODIS,60,6.2,288.6,53,N,0
-21.5416,120.7369,312.8,1.1,1.1,2014-10-17,1430,Terra,MODIS,50,6.2,295.9,10.3,N,0
-21.5291,120.7576,335.5,1.1,1.1,2014-10-17,1430,Terra,MODIS,100,6.2,296.9,41.5,N,0
-21.5305,120.7465,345.5,1.1,1.1,2014-10-17,1430,Terra,MODIS,100,6.2,297.2,62.1,N,0
-21.7563,121.3857,318.1,1.1,1,2014-10-17,1430,Terra,MODIS,96,6.2,295.3,16.2,N,0
-21.7673,121.1875,314.6,1.1,1,2014-10-17,1430,Terra,MODIS,90,6.2,296.1,12.7,N,0
-21.7687,121.1768,346.3,1.1,1,2014-10-17,1430,Terra,MODIS,100,6.2,297.9,60.9,N,0
-20.8035,122.3378,312.3,1,1,2014-10-17,1430,Terra,MODIS,74,6.2,295.9,10.2,N,0
-21.3995,122.48,302.8,1,1,2014-10-17,1430,Terra,MODIS,51,6.2,291.5,5.2,N,0
-20.8323,122.263,305.6,1,1,2014-10-17,1430,Terra,MODIS,65,6.2,295,6.4,N,0
-21.767,121.3767,305.5,1.1,1,2014-10-17,1430,Terra,MODIS,28,6.2,294.4,5.8,N,0
-21.6521,121.2932,320.4,1.1,1,2014-10-17,1430,Terra,MODIS,100,6.2,295.4,18.3,N,0
-20.8226,122.4002,308.6,1,1,2014-10-17,1430,Terra,MODIS,75,6.2,295.8,7.5,N,0
-20.129,123.1453,327.5,1,1,2014-10-17,1430,Terra,MODIS,100,6.2,297.1,25.2,N,0
-20.8648,122.2285,305.2,1,1,2014-10-17,1430,Terra,MODIS,63,6.2,295.2,5.9,N,0
-20.8551,122.3658,324.6,1,1,2014-10-17,1430,Terra,MODIS,100,6.2,296,21.6,N,0
-20.8537,122.3755,318.3,1,1,2014-10-17,1430,Terra,MODIS,97,6.2,298.1,15.2,N,0
-20.8524,122.3852,308.2,1,1,2014-10-17,1430,Terra,MODIS,74,6.2,296.8,7.1,N,0
-20.8655,122.3576,314.9,1,1,2014-10-17,1430,Terra,MODIS,90,6.2,295.4,12.7,N,0
-21.6281,120.6999,314.8,1.2,1.1,2014-10-17,1430,Terra,MODIS,90,6.2,295.3,13.4,N,0
-21.5903,121.3267,323.5,1.1,1,2014-10-17,1430,Terra,MODIS,100,6.2,296.4,21.7,N,0
-21.5118,120.9662,355.6,1.1,1.1,2014-10-17,1430,Terra,MODIS,100,6.2,298.5,85.6,N,0
-21.5104,120.977,338.4,1.1,1.1,2014-10-17,1430,Terra,MODIS,100,6.2,297.6,44.8,N,0
-21.5294,120.9799,307.9,1.1,1.1,2014-10-17,1430,Terra,MODIS,73,6.2,296.4,6,N,0
-21.5917,121.3162,315.4,1.1,1,2014-10-17,1430,Terra,MODIS,91,6.2,296.4,12.8,N,0
-21.1878,122.681,302.6,1,1,2014-10-17,1430,Terra,MODIS,50,6.2,292.2,4.9,N,0
-20.9831,120.3438,324,1.2,1.1,2014-10-17,1430,Terra,MODIS,100,6.2,297.1,23.8,N,0
-20.9748,120.3312,312.5,1.2,1.1,2014-10-17,1430,Terra,MODIS,85,6.2,296.3,10.3,N,0
-20.9762,120.3197,310.1,1.2,1.1,2014-10-17,1430,Terra,MODIS,78,6.2,296.1,7.9,N,0
-21.4099,122.4717,312.2,1,1,2014-10-17,1430,Terra,MODIS,84,6.2,293.1,11.1,N,0
-21.4009,122.4702,305.3,1,1,2014-10-17,1430,Terra,MODIS,64,6.2,291.5,6.8,N,0
-21.6296,120.6887,306.5,1.2,1.1,2014-10-17,1430,Terra,MODIS,49,6.2,294.2,6.2,N,0
-21.6213,120.676,304.3,1.2,1.1,2014-10-17,1430,Terra,MODIS,22,6.2,293.3,4.4,N,0
-21.5865,120.7951,349.1,1.1,1.1,2014-10-17,1430,Terra,MODIS,100,6.2,298.9,69.1,N,0
-20.7384,120.1852,307.6,1.2,1.1,2014-10-17,1430,Terra,MODIS,62,6.2,294.9,7.2,N,0
-21.5797,120.7715,307,1.1,1.1,2014-10-17,1430,Terra,MODIS,43,6.2,296.1,5.4,N,0
-21.5842,123.062,310.1,1,1,2014-10-17,1430,Terra,MODIS,79,6.2,294.9,8.3,N,0
-21.5752,123.0605,304.4,1,1,2014-10-17,1430,Terra,MODIS,59,6.2,294.1,4.7,N,0
-21.552,122.899,317.2,1,1,2014-10-17,1430,Terra,MODIS,95,6.2,293.3,15.2,N,0
-21.593,121.3057,308.1,1.1,1,2014-10-17,1430,Terra,MODIS,66,6.2,296.1,6.6,N,0
-20.8916,122.3023,308.2,1,1,2014-10-17,1430,Terra,MODIS,74,6.2,295.1,8.3,N,0
-20.9005,122.2996,324.4,1,1,2014-10-17,1430,Terra,MODIS,75,6.2,297.7,20.3,N,0
-20.8991,122.3093,313.6,1,1,2014-10-17,1430,Terra,MODIS,20,6.2,297.7,10.4,N,0
-20.9136,122.2719,315.8,1,1,2014-10-17,1430,Terra,MODIS,65,6.2,296.4,12.6,N,0
-20.9095,122.301,328.5,1,1,2014-10-17,1430,Terra,MODIS,89,6.2,298.3,23.9,N,0
-20.9082,122.3107,332.9,1,1,2014-10-17,1430,Terra,MODIS,100,6.2,298.7,30.2,N,0
-20.9069,122.3204,364.5,1,1,2014-10-17,1430,Terra,MODIS,100,6.2,301,98.9,N,0
-20.924,122.2636,306.6,1,1,2014-10-17,1430,Terra,MODIS,26,6.2,295.6,6.1,N,0
-20.9226,122.2733,361.1,1,1,2014-10-17,1430,Terra,MODIS,100,6.2,301.1,89.4,N,0
-20.9213,122.283,359.3,1,1,2014-10-17,1430,Terra,MODIS,100,6.2,301.4,83.6,N,0
-20.9199,122.2928,315.9,1,1,2014-10-17,1430,Terra,MODIS,58,6.2,297.5,12,N,0
-21.2578,122.8362,302.8,1,1,2014-10-17,1430,Terra,MODIS,51,6.2,292.1,4.9,N,0
-21.3734,122.5353,327.9,1,1,2014-10-17,1430,Terra,MODIS,100,6.2,297.4,26.3,N,0
-21.7593,121.1754,328.8,1.1,1,2014-10-17,1430,Terra,MODIS,100,6.2,296.2,29.2,N,0
-21.6535,121.2827,317.2,1.1,1,2014-10-17,1430,Terra,MODIS,95,6.2,295.4,15.3,N,0
-21.7579,121.1861,313.1,1.1,1,2014-10-17,1430,Terra,MODIS,86,6.2,296.5,11.2,N,0
-20.9735,120.3252,315.3,1.2,1.1,2014-10-17,1430,Terra,MODIS,91,6.2,296.3,14.3,N,0
-21.5506,122.9086,312.6,1,1,2014-10-17,1430,Terra,MODIS,85,6.2,292.7,11.3,N,0
-21.5863,123.5617,303.4,1,1,2014-10-17,1430,Terra,MODIS,55,6.2,292.6,5.4,N,0
-21.7701,121.1662,317.5,1.1,1,2014-10-17,1430,Terra,MODIS,95,6.2,296,15.3,N,0
-21.6427,121.2917,323.4,1.1,1,2014-10-17,1430,Terra,MODIS,100,6.2,295.4,21.5,N,0
-21.6333,121.2903,321.9,1.1,1,2014-10-17,1430,Terra,MODIS,100,6.2,296.3,19.9,N,0
-20.7537,120.2225,316.6,1.2,1.1,2014-10-17,1430,Terra,MODIS,93,6.2,296.5,15,N,0
-21.6347,121.2797,325.9,1.1,1,2014-10-17,1430,Terra,MODIS,100,6.2,295.9,24.7,N,0
-20.7439,120.221,309.6,1.2,1.1,2014-10-17,1430,Terra,MODIS,67,6.2,296.1,8,N,0
-21.6239,121.2889,331,1.1,1,2014-10-17,1430,Terra,MODIS,100,6.2,296.5,31.4,N,0
-21.6253,121.2783,327.5,1.1,1,2014-10-17,1430,Terra,MODIS,100,6.2,295.8,26.5,N,0
-21.6118,121.3086,333.3,1.1,1,2014-10-17,1430,Terra,MODIS,100,6.2,297.2,34.4,N,0
-21.3747,122.5256,331,1,1,2014-10-17,1430,Terra,MODIS,100,6.2,298.3,30,N,0
-21.5647,120.7355,313.1,1.1,1.1,2014-10-17,1430,Terra,MODIS,77,6.2,295.9,10.7,N,0
-21.5498,120.7494,308,1.1,1.1,2014-10-17,1430,Terra,MODIS,18,6.2,296.4,6.5,N,0
-21.5512,120.7384,319.5,1.1,1.1,2014-10-17,1430,Terra,MODIS,99,6.2,297.1,18.1,N,0
-21.5387,120.759,307.1,1.1,1.1,2014-10-17,1430,Terra,MODIS,70,6.2,296.4,6.1,N,0
-19.655,128.2142,307.4,1.7,1.3,2014-10-17,1430,Terra,MODIS,60,6.2,293.4,17.4,N,0
-23.3676,118.4845,313.8,1.6,1.3,2014-10-17,1430,Terra,MODIS,88,6.2,290.2,26.4,N,0
-21.2715,119.2475,309.9,1.4,1.2,2014-10-17,1430,Terra,MODIS,78,6.2,296.8,11.5,N,0
-21.2731,119.2344,312.7,1.4,1.2,2014-10-17,1430,Terra,MODIS,85,6.2,296.2,14.4,N,0
-21.2611,119.2459,315.5,1.4,1.2,2014-10-17,1430,Terra,MODIS,91,6.2,294.7,17.7,N,0
-21.2627,119.2328,312.6,1.4,1.2,2014-10-17,1430,Terra,MODIS,85,6.2,295.5,13.8,N,0
-21.2659,119.2064,307.9,1.4,1.2,2014-10-17,1430,Terra,MODIS,73,6.2,295.6,9.9,N,0
-21.3007,119.7511,305.6,1.3,1.1,2014-10-17,1430,Terra,MODIS,64,6.2,293.8,6.5,N,0
-19.596,125.285,311,1.2,1.1,2014-10-17,1430,Terra,MODIS,81,6.2,293.7,12.6,N,0
-20.0313,124.2481,307.3,1,1,2014-10-17,1430,Terra,MODIS,71,6.2,293.3,8.2,N,0
-21.6104,118.0062,311.7,1.7,1.3,2014-10-17,1430,Terra,MODIS,57,6.2,295.7,15.4,N,0
-21.6134,118.0011,311.6,1.7,1.3,2014-10-17,1430,Terra,MODIS,79,6.2,295.8,15.8,N,0
-21.6019,117.9999,305.8,1.7,1.3,2014-10-17,1430,Terra,MODIS,23,6.2,295.4,7.9,N,0
-16.0352,125.9652,309.4,1.4,1.2,2014-10-17,1431,Terra,MODIS,77,6.2,295.6,10.8,N,0
-16.0246,125.9631,312.5,1.4,1.2,2014-10-17,1431,Terra,MODIS,68,6.2,295.8,13.7,N,0
-15.673,125.5549,321.4,1.4,1.2,2014-10-17,1431,Terra,MODIS,100,6.2,297.9,24.7,N,0
-15.6627,125.5528,309.6,1.4,1.2,2014-10-17,1431,Terra,MODIS,78,6.2,297.4,9.8,N,0
-16.3715,131.2974,303.9,3.4,1.7,2014-10-17,1431,Terra,MODIS,58,6.2,292.4,32.1,N,0
-16.3776,131.2919,303.3,3.4,1.7,2014-10-17,1431,Terra,MODIS,55,6.2,292.2,30.1,N,0
-16.1411,125.7505,308.2,1.4,1.2,2014-10-17,1431,Terra,MODIS,61,6.2,296.1,8.9,N,0
-16.1335,125.7564,308.3,1.4,1.2,2014-10-17,1431,Terra,MODIS,40,6.2,296,8.7,N,0
-15.9887,126.0188,316.1,1.4,1.2,2014-10-17,1431,Terra,MODIS,92,6.2,297,20.3,N,0
-16.8354,123.143,306.2,1,1,2014-10-17,1431,Terra,MODIS,64,6.2,294.8,5.2,N,0
-16.6064,127.4311,304.9,1.8,1.3,2014-10-17,1431,Terra,MODIS,19,6.2,293.5,11,N,0
-16.429,125.1781,309.9,1.3,1.1,2014-10-17,1431,Terra,MODIS,77,6.2,299,8.6,N,0
-16.3875,125.1172,312.9,1.2,1.1,2014-10-17,1431,Terra,MODIS,58,6.2,298.8,9.8,N,0
-16.3856,125.129,320.7,1.2,1.1,2014-10-17,1431,Terra,MODIS,100,6.2,299.5,19.1,N,0
-16.6557,122.9294,306.8,1,1,2014-10-17,1431,Terra,MODIS,64,6.2,293.8,6.3,N,0
-16.8368,123.1335,304.8,1,1,2014-10-17,1431,Terra,MODIS,57,6.2,294.4,4.2,N,0
-15.5332,126.0796,312.3,1.5,1.2,2014-10-17,1431,Terra,MODIS,49,6.2,294.7,15.3,N,0
-17.9966,127.7383,306.7,1.7,1.3,2014-10-17,1431,Terra,MODIS,69,6.2,291.3,15.9,N,0
-17.5972,125.3673,316.8,1.2,1.1,2014-10-17,1431,Terra,MODIS,93,6.2,299.8,15.6,N,0
-17.5954,125.3788,315,1.2,1.1,2014-10-17,1431,Terra,MODIS,90,6.2,300,12.9,N,0
-17.5873,125.3656,311.4,1.2,1.1,2014-10-17,1431,Terra,MODIS,81,6.2,298.8,9.3,N,0
-16.5754,127.3531,306.7,1.7,1.3,2014-10-17,1431,Terra,MODIS,51,6.2,292.3,15,N,0
-17.5661,125.3675,336.7,1.2,1.1,2014-10-17,1431,Terra,MODIS,100,6.2,302.6,47,N,0
-17.5855,125.3771,319.7,1.2,1.1,2014-10-17,1431,Terra,MODIS,99,6.2,300.8,18.5,N,0
-17.4368,128.5486,308.1,2,1.4,2014-10-17,1431,Terra,MODIS,72,6.2,294.2,22.4,N,0
-17.6071,125.3691,316.2,1.2,1.1,2014-10-17,1431,Terra,MODIS,92,6.2,299.8,15.7,N,0
-17.4331,128.4823,307.6,2,1.4,2014-10-17,1431,Terra,MODIS,72,6.2,293.3,19.8,N,0
-16.6078,126.8138,302.7,1.6,1.2,2014-10-17,1431,Terra,MODIS,8,6.2,290,9.2,N,0
-16.6165,126.8308,312,1.6,1.2,2014-10-17,1431,Terra,MODIS,49,6.2,289.9,20,N,0
-16.6075,126.8202,308.8,1.6,1.2,2014-10-17,1431,Terra,MODIS,14,6.2,290.8,15.3,N,0
-16.6186,126.8224,314.7,1.6,1.2,2014-10-17,1431,Terra,MODIS,40,6.2,289.4,23.1,N,0
-17.4401,128.5301,304.2,2,1.4,2014-10-17,1431,Terra,MODIS,41,6.2,293,13.5,N,0
-18.0488,130.0496,302.8,2.6,1.5,2014-10-17,1431,Terra,MODIS,29,6.2,290.2,21.7,N,0
-15.567,125.3784,309.1,1.3,1.1,2014-10-17,1431,Terra,MODIS,76,6.2,297,9,N,0
-16.9721,124.5095,307.2,1.1,1.1,2014-10-17,1431,Terra,MODIS,66,6.2,296.3,6.3,N,0
-15.5439,126.0816,319.5,1.5,1.2,2014-10-17,1431,Terra,MODIS,99,6.2,295.4,27.1,N,0
-17.5761,125.3691,322.5,1.2,1.1,2014-10-17,1431,Terra,MODIS,100,6.2,301,22.1,N,0
-15.539,126.0889,311.6,1.5,1.2,2014-10-17,1431,Terra,MODIS,45,6.2,294.7,14.9,N,0
-15.9672,126.0841,324.4,1.4,1.2,2014-10-17,1431,Terra,MODIS,100,6.2,297.5,34.4,N,0
-17.5742,125.3806,371.2,1.2,1.1,2014-10-17,1431,Terra,MODIS,100,6.2,305,159.7,N,0
-17.5724,125.3922,346.6,1.2,1.1,2014-10-17,1431,Terra,MODIS,100,6.2,301.5,71.7,N,0
-17.5859,125.371,321.9,1.2,1.1,2014-10-17,1431,Terra,MODIS,100,6.2,300.1,21.3,N,0
-17.5842,125.3825,314.9,1.2,1.1,2014-10-17,1431,Terra,MODIS,90,6.2,301.3,12.8,N,0
-17.4594,128.4937,319.5,2,1.4,2014-10-17,1431,Terra,MODIS,99,6.2,296,44.6,N,0
-17.4561,128.5127,325.8,2,1.4,2014-10-17,1431,Terra,MODIS,100,6.2,296.2,61.9,N,0
-17.7302,126.1409,310.4,1.4,1.2,2014-10-17,1431,Terra,MODIS,35,6.2,299,10.6,N,0
-17.7072,126.0851,309.4,1.4,1.2,2014-10-17,1431,Terra,MODIS,76,6.2,299,10.2,N,0
-16.5651,127.2043,317.7,1.7,1.3,2014-10-17,1431,Terra,MODIS,96,6.2,294.4,32.3,N,0
-16.8841,124.5712,316.1,1.1,1.1,2014-10-17,1431,Terra,MODIS,92,6.2,296.8,13,N,0
-17.3643,124.2257,308.9,1.1,1,2014-10-17,1431,Terra,MODIS,74,6.2,296.3,7.8,N,0
-18.0444,130.0738,308.2,2.6,1.5,2014-10-17,1431,Terra,MODIS,73,6.2,290.6,34.8,N,0
-16.6775,129.681,315.3,2.6,1.5,2014-10-17,1431,Terra,MODIS,91,6.2,294.6,50.2,N,0
-16.6817,129.7001,310.7,2.6,1.5,2014-10-17,1431,Terra,MODIS,81,6.2,294.1,36.1,N,0
-16.6722,129.6733,311.7,2.6,1.5,2014-10-17,1431,Terra,MODIS,83,6.2,295.4,38.5,N,0
-16.673,129.7051,308.2,2.6,1.5,2014-10-17,1431,Terra,MODIS,74,6.2,294.7,28.4,N,0
-16.9303,124.5901,313,1.2,1.1,2014-10-17,1431,Terra,MODIS,54,6.2,297.7,9.5,N,0
-16.8999,124.5958,310.3,1.2,1.1,2014-10-17,1431,Terra,MODIS,39,6.2,297.2,7.3,N,0
-16.892,124.5835,312.9,1.2,1.1,2014-10-17,1431,Terra,MODIS,84,6.2,297.7,9.8,N,0
-17.5643,125.3791,324.6,1.2,1.1,2014-10-17,1431,Terra,MODIS,100,6.2,300.8,25.7,N,0
-16.6384,126.841,314.2,1.6,1.2,2014-10-17,1431,Terra,MODIS,81,6.2,292.3,23.2,N,0
-16.9366,124.6132,351.7,1.2,1.1,2014-10-17,1431,Terra,MODIS,100,6.2,300.8,77.4,N,0
-16.9382,124.6025,329.4,1.2,1.1,2014-10-17,1431,Terra,MODIS,100,6.2,298.9,30.2,N,0
-16.9287,124.6007,319.8,1.2,1.1,2014-10-17,1431,Terra,MODIS,99,6.2,298.7,16.8,N,0
-17.4526,128.5323,312.2,2,1.4,2014-10-17,1431,Terra,MODIS,64,6.2,294.7,27.7,N,0
-17.0849,130.446,304.6,2.9,1.6,2014-10-17,1431,Terra,MODIS,61,6.2,291,31.4,N,0
-17.7378,126.1354,310,1.4,1.2,2014-10-17,1431,Terra,MODIS,55,6.2,299.8,10,N,0
-17.0859,130.4528,300.7,2.9,1.6,2014-10-17,1431,Terra,MODIS,28,6.2,290.4,21.1,N,0
-16.9445,124.6255,310.4,1.2,1.1,2014-10-17,1431,Terra,MODIS,78,6.2,298.6,8.5,N,0
-15.9651,126.0974,321.7,1.5,1.2,2014-10-17,1431,Terra,MODIS,100,6.2,297.7,30,N,0
-17.558,125.3542,328.8,1.2,1.1,2014-10-17,1431,Terra,MODIS,100,6.2,300.5,32,N,0
-15.5412,126.0754,316.6,1.5,1.2,2014-10-17,1431,Terra,MODIS,87,6.2,295,21.4,N,0
-17.5562,125.3658,325.5,1.2,1.1,2014-10-17,1431,Terra,MODIS,100,6.2,299.9,27.1,N,0
-18.0082,127.7405,303.1,1.7,1.3,2014-10-17,1431,Terra,MODIS,47,6.2,291.9,10.9,N,0
-14.4557,126.9524,308.9,1.8,1.3,2014-10-17,1432,Terra,MODIS,49,6.2,295.9,17.2,N,0
-14.38,126.9731,312.9,1.8,1.3,2014-10-17,1432,Terra,MODIS,21,6.2,294,21.7,N,0
-14.3446,126.994,310.9,1.8,1.3,2014-10-17,1432,Terra,MODIS,81,6.2,294.2,19.9,N,0
-14.2965,127.2092,310.2,1.9,1.3,2014-10-17,1432,Terra,MODIS,78,6.2,293.2,24,N,0
-14.359,126.9796,314.7,1.8,1.3,2014-10-17,1432,Terra,MODIS,44,6.2,294.6,24.5,N,0
-14.3711,126.9547,315.5,1.8,1.3,2014-10-17,1432,Terra,MODIS,91,6.2,293.2,28.8,N,0
-14.3825,126.9839,319.8,1.8,1.3,2014-10-17,1432,Terra,MODIS,92,6.2,294.9,35.9,N,0
-14.3708,126.9818,319.7,1.8,1.3,2014-10-17,1432,Terra,MODIS,84,6.2,295.8,34.8,N,0
-14.3655,126.9873,321.6,1.8,1.3,2014-10-17,1432,Terra,MODIS,94,6.2,296.4,39.5,N,0
-14.3734,126.9654,311.3,1.8,1.3,2014-10-17,1432,Terra,MODIS,82,6.2,293.6,21.7,N,0
-14.3682,126.9977,310.7,1.8,1.3,2014-10-17,1432,Terra,MODIS,13,6.2,297.2,18.8,N,0
-14.389,126.9913,306.8,1.8,1.3,2014-10-17,1432,Terra,MODIS,31,6.2,295.1,13.9,N,0
-14.3761,126.9491,307.7,1.8,1.3,2014-10-17,1432,Terra,MODIS,72,6.2,292.9,17,N,0
-14.4817,126.9406,308.5,1.8,1.3,2014-10-17,1432,Terra,MODIS,32,6.2,295.1,15.8,N,0
-14.3772,126.9893,322.2,1.8,1.3,2014-10-17,1432,Terra,MODIS,85,6.2,296.7,41.2,N,0
-14.3419,127.0101,306.5,1.8,1.3,2014-10-17,1432,Terra,MODIS,25,6.2,296.5,13.1,N,0
-14.3563,126.996,328.3,1.8,1.3,2014-10-17,1432,Terra,MODIS,100,6.2,296.3,58.7,N,0
-14.4911,126.9316,313.5,1.8,1.3,2014-10-17,1432,Terra,MODIS,87,6.2,294.5,24.4,N,0
-13.5145,130.4492,318.6,3.4,1.7,2014-10-17,1432,Terra,MODIS,97,6.2,295.1,96.3,N,0
-13.52,130.4449,306.6,3.4,1.7,2014-10-17,1432,Terra,MODIS,65,6.2,294.2,39.5,N,0
-11.0068,142.4444,308.2,1,1,2014-10-17,1556,Aqua,MODIS,59,6.2,292.8,7,N,0
-11.0055,142.4352,309.4,1,1,2014-10-17,1556,Aqua,MODIS,66,6.2,293,7.9,N,0
-12.9169,143.0333,303,1,1,2014-10-17,1556,Aqua,MODIS,53,6.2,292.7,4.3,N,0
-12.5334,141.9388,305.9,1,1,2014-10-17,1556,Aqua,MODIS,66,6.2,293.6,6.1,N,0
-12.1274,141.8152,304.9,1,1,2014-10-17,1556,Aqua,MODIS,62,6.2,292.2,5.8,N,0
-12.1519,141.7922,306.2,1,1,2014-10-17,1556,Aqua,MODIS,64,6.2,290.4,6.1,N,0
-12.161,141.7908,309,1,1,2014-10-17,1556,Aqua,MODIS,76,6.2,292.6,8.2,N,0
-12.9182,143.0425,309,1,1,2014-10-17,1556,Aqua,MODIS,76,6.2,293,8,N,0
-12.5424,141.9374,319,1,1,2014-10-17,1556,Aqua,MODIS,98,6.2,292.9,15.8,N,0
-12.5438,141.9467,325,1,1,2014-10-17,1556,Aqua,MODIS,100,6.2,292.7,22.1,N,0
-12.5348,141.9481,306,1,1,2014-10-17,1556,Aqua,MODIS,67,6.2,292.7,6.2,N,0
-12.2743,142.7933,303.3,1,1,2014-10-17,1556,Aqua,MODIS,54,6.2,293,3.9,N,0
-14.9642,142.563,321.8,1,1,2014-10-17,1557,Aqua,MODIS,100,6.2,294,16.8,N,0
-15.0118,142.569,385.6,1,1,2014-10-17,1557,Aqua,MODIS,100,6.2,304.1,174.6,N,0
-15.0055,142.5889,308.6,1,1,2014-10-17,1557,Aqua,MODIS,56,6.2,293.7,6.8,N,0
-14.9822,142.5603,326.4,1,1,2014-10-17,1557,Aqua,MODIS,100,6.2,294.8,19.7,N,0
-14.3128,144.4429,305.2,1.1,1,2014-10-17,1557,Aqua,MODIS,18,6.2,294,5.1,N,0
-15.0221,142.5769,319.5,1,1,2014-10-17,1557,Aqua,MODIS,82,6.2,294.7,14.4,N,0
-15.0208,142.5676,370.7,1,1,2014-10-17,1557,Aqua,MODIS,100,6.2,299.6,115.5,N,0
-15.0194,142.5584,322.5,1,1,2014-10-17,1557,Aqua,MODIS,100,6.2,294.7,17.5,N,0
-15.0041,142.5796,324.2,1,1,2014-10-17,1557,Aqua,MODIS,100,6.2,295.6,19.4,N,0
-15.0145,142.5875,308.9,1,1,2014-10-17,1557,Aqua,MODIS,52,6.2,293.7,6.8,N,0
-15.0131,142.5783,321.1,1,1,2014-10-17,1557,Aqua,MODIS,100,6.2,296,16.5,N,0
-14.3317,144.4402,304.3,1.1,1,2014-10-17,1557,Aqua,MODIS,4,6.2,293.4,4.5,N,0
-14.3331,144.4503,308,1.1,1,2014-10-17,1557,Aqua,MODIS,56,6.2,293.7,7.4,N,0
-14.3152,144.3907,310.8,1.1,1,2014-10-17,1557,Aqua,MODIS,81,6.2,293.8,10.2,N,0
-14.3223,144.4415,310.8,1.1,1,2014-10-17,1557,Aqua,MODIS,26,6.2,294,8.9,N,0
-12.8085,136.2866,310.7,2.2,1.4,2014-10-17,1557,Aqua,MODIS,81,6.2,291.6,33.3,N,0
-12.8078,136.2737,322.9,2.2,1.4,2014-10-17,1557,Aqua,MODIS,100,6.2,292.4,66.4,N,0
-12.8051,136.2668,316.7,2.2,1.4,2014-10-17,1557,Aqua,MODIS,94,6.2,292.1,48.5,N,0
-15.0028,142.5704,333,1,1,2014-10-17,1557,Aqua,MODIS,98,6.2,296.2,29.2,N,0
-14.9683,142.5908,313.3,1,1,2014-10-17,1557,Aqua,MODIS,87,6.2,293.8,9.4,N,0
-14.9265,142.6823,304.2,1,1,2014-10-17,1557,Aqua,MODIS,13,6.2,293.1,4.1,N,0
-14.9203,142.6994,305,1,1,2014-10-17,1557,Aqua,MODIS,10,6.2,292.8,4.3,N,0
-14.9189,142.6902,305.6,1,1,2014-10-17,1557,Aqua,MODIS,18,6.2,293.2,4.7,N,0
-14.9278,142.6915,311,1,1,2014-10-17,1557,Aqua,MODIS,81,6.2,293.7,8.8,N,0
-14.9732,142.5617,343.9,1,1,2014-10-17,1557,Aqua,MODIS,100,6.2,295.6,46.7,N,0
-15.0244,143.3663,302.9,1,1,2014-10-17,1557,Aqua,MODIS,31,6.2,291.4,4.5,N,0
-14.9809,142.5511,342.1,1,1,2014-10-17,1557,Aqua,MODIS,100,6.2,295.5,43,N,0
-15.0231,143.3568,302.2,1,1,2014-10-17,1557,Aqua,MODIS,37,6.2,291.5,4.2,N,0
-14.9656,142.5723,314.8,1,1,2014-10-17,1557,Aqua,MODIS,90,6.2,293.9,10.5,N,0
-16.682,142.6042,306.2,1,1,2014-10-17,1557,Aqua,MODIS,67,6.2,295.8,5,N,0
-15.0104,142.5598,369.3,1,1,2014-10-17,1557,Aqua,MODIS,100,6.2,298.7,112,N,0
-15.0091,142.5505,309.8,1,1,2014-10-17,1557,Aqua,MODIS,56,6.2,293.9,7.1,N,0
-14.9719,142.5524,318.4,1,1,2014-10-17,1557,Aqua,MODIS,97,6.2,293.8,12.8,N,0
-14.9751,142.6371,317.9,1,1,2014-10-17,1557,Aqua,MODIS,96,6.2,294,13.2,N,0
-14.2428,142.4773,327.6,1,1,2014-10-17,1557,Aqua,MODIS,100,6.2,294.1,24.3,N,0
-15.019,142.4923,314.4,1,1,2014-10-17,1557,Aqua,MODIS,88,6.2,294.2,10.3,N,0
-14.9798,142.4133,324.4,1,1,2014-10-17,1557,Aqua,MODIS,100,6.2,293.9,20.5,N,0
-14.93,142.4549,316.5,1,1,2014-10-17,1557,Aqua,MODIS,72,6.2,293.4,11.4,N,0
-15.0163,142.4738,333.9,1,1,2014-10-17,1557,Aqua,MODIS,100,6.2,294.9,32.2,N,0
-15.0059,142.4659,332.3,1,1,2014-10-17,1557,Aqua,MODIS,100,6.2,293.8,30.1,N,0
-14.9543,142.4323,328.7,1,1,2014-10-17,1557,Aqua,MODIS,100,6.2,294.8,23.5,N,0
-14.9893,142.4779,336.1,1,1,2014-10-17,1557,Aqua,MODIS,100,6.2,294.5,35,N,0
-14.9633,142.4309,345.8,1,1,2014-10-17,1557,Aqua,MODIS,100,6.2,295.9,50.3,N,0
-15.0073,142.4752,384.7,1,1,2014-10-17,1557,Aqua,MODIS,100,6.2,301.3,171.5,N,0
-16.5471,142.4383,309.5,1,1,2014-10-17,1557,Aqua,MODIS,77,6.2,294.8,7.4,N,0
-14.9619,142.4217,334.1,1,1,2014-10-17,1557,Aqua,MODIS,100,6.2,294.6,31.3,N,0
-15.0176,142.483,327,1,1,2014-10-17,1557,Aqua,MODIS,100,6.2,294.9,22.6,N,0
-15.0086,142.4844,325.2,1,1,2014-10-17,1557,Aqua,MODIS,100,6.2,295.7,20.2,N,0
-14.2415,142.4681,346.8,1,1,2014-10-17,1557,Aqua,MODIS,100,6.2,295.6,54.3,N,0
-14.2505,142.4609,340.1,1,1,2014-10-17,1557,Aqua,MODIS,100,6.2,296.7,42.5,N,0
-14.9723,142.4296,318.6,1,1,2014-10-17,1557,Aqua,MODIS,73,6.2,294,12.9,N,0
-15.1794,143.3475,304.4,1,1,2014-10-17,1557,Aqua,MODIS,60,6.2,291.7,6,N,0
-14.9804,142.485,327.4,1,1,2014-10-17,1557,Aqua,MODIS,100,6.2,294.4,22.8,N,0
-14.9902,142.4211,358,1,1,2014-10-17,1557,Aqua,MODIS,100,6.2,296.7,79.4,N,0
-15.4964,145.2707,303.6,1.2,1.1,2014-10-17,1557,Aqua,MODIS,56,6.2,291.8,6.2,N,0
-14.9983,142.4765,341.2,1,1,2014-10-17,1557,Aqua,MODIS,100,6.2,295,43.3,N,0
-14.2401,142.4589,315.7,1,1,2014-10-17,1557,Aqua,MODIS,92,6.2,292.4,12.8,N,0
-15.2935,142.9898,304.8,1,1,2014-10-17,1557,Aqua,MODIS,25,6.2,293,4.7,N,0
-15.3233,143.0045,305.4,1,1,2014-10-17,1557,Aqua,MODIS,46,6.2,293.1,5.1,N,0
-14.9134,142.4669,307.1,1,1,2014-10-17,1557,Aqua,MODIS,63,6.2,292.8,6,N,0
-14.9888,142.4119,319.7,1,1,2014-10-17,1557,Aqua,MODIS,99,6.2,293.5,15.8,N,0
-14.9453,142.4337,337.8,1,1,2014-10-17,1557,Aqua,MODIS,100,6.2,295.9,37,N,0
-14.9996,142.4858,337.8,1,1,2014-10-17,1557,Aqua,MODIS,100,6.2,296.4,37.1,N,0
-14.9377,142.4443,336.5,1,1,2014-10-17,1557,Aqua,MODIS,100,6.2,294.9,34.5,N,0
-14.9817,142.4942,316.9,1,1,2014-10-17,1557,Aqua,MODIS,94,6.2,293.9,11.8,N,0
-14.9906,142.4872,346.4,1,1,2014-10-17,1557,Aqua,MODIS,100,6.2,297.6,52.1,N,0
-14.9273,142.4364,312.3,1,1,2014-10-17,1557,Aqua,MODIS,41,6.2,290.8,8.7,N,0
-14.9812,142.4225,332.4,1,1,2014-10-17,1557,Aqua,MODIS,100,6.2,297,30.5,N,0
-14.9714,142.4864,306.7,1,1,2014-10-17,1557,Aqua,MODIS,62,6.2,293.2,4.8,N,0
-14.2954,142.4541,304.2,1,1,2014-10-17,1557,Aqua,MODIS,24,6.2,292.8,4,N,0
-14.9529,142.4231,315.9,1,1,2014-10-17,1557,Aqua,MODIS,29,6.2,293.7,11.1,N,0
-14.9363,142.435,354,1,1,2014-10-17,1557,Aqua,MODIS,100,6.2,296.3,68.4,N,0
-14.2455,142.4957,305.5,1,1,2014-10-17,1557,Aqua,MODIS,65,6.2,292.4,5.3,N,0
-15.0376,143.3936,303.6,1,1,2014-10-17,1557,Aqua,MODIS,43,6.2,291.3,5.1,N,0
-14.2828,142.4936,307.8,1,1,2014-10-17,1557,Aqua,MODIS,30,6.2,292.7,5.9,N,0
-14.9612,145.081,306,1.2,1.1,2014-10-17,1557,Aqua,MODIS,66,6.2,292.3,8.4,N,0
-15.2623,142.9657,307.5,1,1,2014-10-17,1557,Aqua,MODIS,72,6.2,292.8,7.2,N,0
-14.9224,142.4655,311.9,1,1,2014-10-17,1557,Aqua,MODIS,74,6.2,293.2,8.7,N,0
-15.1807,143.3571,301.7,1,1,2014-10-17,1557,Aqua,MODIS,44,6.2,291.5,4.4,N,0
-14.9287,142.4456,335.7,1,1,2014-10-17,1557,Aqua,MODIS,100,6.2,293.7,33.6,N,0
-14.2491,142.4517,340.8,1,1,2014-10-17,1557,Aqua,MODIS,100,6.2,294.1,43.7,N,0
-14.9839,142.441,319.9,1,1,2014-10-17,1557,Aqua,MODIS,99,6.2,294.5,16,N,0
-14.9825,142.4317,308.1,1,1,2014-10-17,1557,Aqua,MODIS,44,6.2,294.2,6.3,N,0
-14.2442,142.4865,309.3,1,1,2014-10-17,1557,Aqua,MODIS,77,6.2,292.8,7.6,N,0
-17.8015,144.5297,311.4,1.2,1.1,2014-10-17,1558,Aqua,MODIS,71,6.2,291.4,13.1,N,0
-17.8001,144.5184,305.1,1.2,1.1,2014-10-17,1558,Aqua,MODIS,14,6.2,291.1,7.5,N,0
-16.0335,134.0094,337.8,2.8,1.6,2014-10-17,1558,Aqua,MODIS,100,6.2,289.1,186.6,N,0
-17.8084,144.506,312.6,1.2,1.1,2014-10-17,1558,Aqua,MODIS,85,6.2,291.7,14.6,N,0
-19.697,143.4721,302.1,1.1,1.1,2014-10-17,1558,Aqua,MODIS,24,6.2,292,4.7,N,0
-19.6985,143.4828,320.3,1.1,1.1,2014-10-17,1558,Aqua,MODIS,100,6.2,292.5,20.2,N,0
-16.0192,134.0121,311,2.8,1.6,2014-10-17,1558,Aqua,MODIS,81,6.2,287,54.6,N,0
-19.6999,143.4934,310.6,1.1,1.1,2014-10-17,1558,Aqua,MODIS,38,6.2,292.4,10.4,N,0
-19.6875,143.4733,314.4,1.1,1.1,2014-10-17,1558,Aqua,MODIS,89,6.2,293.6,14.3,N,0
-18.1908,132.4263,305,3.3,1.7,2014-10-17,1558,Aqua,MODIS,31,6.2,286.9,43.7,N,0
-18.1846,132.4196,308.1,3.3,1.7,2014-10-17,1558,Aqua,MODIS,74,6.2,286.6,59.4,N,0
-18.1784,132.3887,300.3,3.3,1.7,2014-10-17,1558,Aqua,MODIS,24,6.2,285.9,33.2,N,0
-18.1849,132.3954,310.7,3.3,1.7,2014-10-17,1558,Aqua,MODIS,74,6.2,287.6,65.7,N,0
-16.1662,133.9713,310.2,2.8,1.6,2014-10-17,1558,Aqua,MODIS,21,6.2,291.4,40.7,N,0
-16.9536,142.3225,306.3,1,1,2014-10-17,1558,Aqua,MODIS,67,6.2,295.4,6,N,0
-16.9997,142.4499,325.2,1,1,2014-10-17,1558,Aqua,MODIS,100,6.2,297.3,21.2,N,0
-17.0082,142.4429,333.2,1,1,2014-10-17,1558,Aqua,MODIS,100,6.2,298.3,32.2,N,0
-16.3764,131.3076,306.9,4.4,1.9,2014-10-17,1558,Aqua,MODIS,70,6.2,291.7,68.3,N,0
-16.3791,131.3027,303.1,4.4,1.9,2014-10-17,1558,Aqua,MODIS,53,6.2,291.7,47.2,N,0
-16.9631,142.3882,332.8,1,1,2014-10-17,1558,Aqua,MODIS,100,6.2,297.3,31.8,N,0
-16.9618,142.3788,320.4,1,1,2014-10-17,1558,Aqua,MODIS,100,6.2,295.3,17,N,0
-16.9858,142.481,308.7,1,1,2014-10-17,1558,Aqua,MODIS,75,6.2,296.1,6.5,N,0
-16.9984,142.4405,311.2,1,1,2014-10-17,1558,Aqua,MODIS,82,6.2,296.3,8.5,N,0
-17.0025,142.4688,338.8,1,1,2014-10-17,1558,Aqua,MODIS,100,6.2,298.6,39.5,N,0
-16.1805,133.9684,316.5,2.8,1.6,2014-10-17,1558,Aqua,MODIS,93,6.2,291,66.4,N,0
-16.9934,142.4702,314.9,1,1,2014-10-17,1558,Aqua,MODIS,90,6.2,297.3,10.9,N,0
-16.2186,134.0142,322.1,2.8,1.6,2014-10-17,1558,Aqua,MODIS,61,6.2,292.4,85,N,0
-16.2044,134.017,324.3,2.8,1.6,2014-10-17,1558,Aqua,MODIS,65,6.2,292.6,90.7,N,0
-16.0383,134.0355,323.7,2.8,1.6,2014-10-17,1558,Aqua,MODIS,100,6.2,289.2,102.1,N,0
-17.0011,142.4594,348.1,1,1,2014-10-17,1558,Aqua,MODIS,100,6.2,298.7,56.1,N,0
-16.1771,133.9741,325.6,2.8,1.6,2014-10-17,1558,Aqua,MODIS,100,6.2,293,102.8,N,0
-16.9641,142.5228,308.4,1,1,2014-10-17,1558,Aqua,MODIS,75,6.2,295.7,6.6,N,0
-16.1951,134.1243,305.7,2.7,1.6,2014-10-17,1558,Aqua,MODIS,19,6.2,290.7,28.4,N,0
-17.0069,142.4334,309.3,1,1,2014-10-17,1558,Aqua,MODIS,77,6.2,295.5,7.6,N,0
-16.1343,133.9827,303.1,2.8,1.6,2014-10-17,1558,Aqua,MODIS,14,6.2,290.7,23.3,N,0
-16.9446,142.3239,310.2,1,1,2014-10-17,1558,Aqua,MODIS,67,6.2,296,7.9,N,0
-16.1906,134.1302,305.3,2.7,1.6,2014-10-17,1558,Aqua,MODIS,17,6.2,290.7,27.2,N,0
-16.946,142.3332,330.8,1,1,2014-10-17,1558,Aqua,MODIS,100,6.2,297.2,28.4,N,0
-20.7295,143.1812,303.2,1.1,1.1,2014-10-17,1559,Aqua,MODIS,54,6.2,290.4,7.2,N,0
-20.7404,143.1905,301.9,1.1,1.1,2014-10-17,1559,Aqua,MODIS,40,6.2,289.4,6.4,N,0
-20.7347,139.4786,301.3,1.1,1,2014-10-17,1559,Aqua,MODIS,40,6.2,290.8,5.4,N,2
-16.5669,127.3495,311.1,4.1,1.9,2014-10-17,1736,Aqua,MODIS,82,6.2,290.2,82.9,N,0
-17.747,126.1501,310.7,3.4,1.7,2014-10-17,1736,Aqua,MODIS,77,6.2,297.4,50.1,N,0
-16.5738,127.3792,308.9,4.1,1.9,2014-10-17,1736,Aqua,MODIS,76,6.2,290.8,72.6,N,0
-16.9184,124.6192,319,2.5,1.5,2014-10-17,1736,Aqua,MODIS,98,6.2,296,57.6,N,0
-16.5708,127.3879,303.2,4.1,1.9,2014-10-17,1736,Aqua,MODIS,54,6.2,290.3,43.8,N,0
-17.5794,125.3888,306.5,3,1.6,2014-10-17,1736,Aqua,MODIS,53,6.2,296.2,26.2,N,0
-17.5824,125.4174,312.5,3,1.6,2014-10-17,1736,Aqua,MODIS,85,6.2,297.1,46.7,N,0
-17.6083,125.3794,307.4,3,1.6,2014-10-17,1736,Aqua,MODIS,71,6.2,295.9,31.6,N,0
-16.9111,124.6148,307.4,2.5,1.5,2014-10-17,1736,Aqua,MODIS,71,6.2,295.4,24,N,0
-16.9136,124.6385,314.2,2.5,1.5,2014-10-17,1736,Aqua,MODIS,89,6.2,294.9,43.4,N,0
-16.9275,124.6369,312.9,2.5,1.5,2014-10-17,1736,Aqua,MODIS,86,6.2,295.7,39.6,N,0
-17.5647,125.3912,310.3,3,1.6,2014-10-17,1736,Aqua,MODIS,80,6.2,296.1,39.6,N,0
-17.7313,126.1526,318.3,3.4,1.7,2014-10-17,1736,Aqua,MODIS,97,6.2,297.8,85.6,N,0
-16.9211,124.6431,317.5,2.5,1.5,2014-10-17,1736,Aqua,MODIS,95,6.2,295.2,52.7,N,0
-16.5701,127.3409,306,4.1,1.9,2014-10-17,1736,Aqua,MODIS,67,6.2,289.7,59,N,0
-20.0547,124.2432,369.4,2.6,1.6,2014-10-17,1737,Aqua,MODIS,100,6.2,297.5,470.4,N,0
-20.1421,123.4592,304.9,2.3,1.5,2014-10-17,1737,Aqua,MODIS,46,6.2,294.4,17.9,N,0
-20.1289,123.4607,309.7,2.3,1.5,2014-10-17,1737,Aqua,MODIS,78,6.2,295,28.4,N,0
-20.1335,123.4675,315.5,2.3,1.5,2014-10-17,1737,Aqua,MODIS,91,6.2,295.4,43.1,N,0
-20.0522,124.2181,305.1,2.6,1.6,2014-10-17,1737,Aqua,MODIS,20,6.2,290.3,27,N,0
-20.0369,124.2527,307.8,2.6,1.6,2014-10-17,1737,Aqua,MODIS,47,6.2,292,34.4,N,0
-20.0483,124.2261,336.1,2.6,1.6,2014-10-17,1737,Aqua,MODIS,100,6.2,292.7,151.1,N,0
-20.1334,123.5048,316.1,2.3,1.5,2014-10-17,1737,Aqua,MODIS,92,6.2,294.8,45.4,N,0
-20.1311,123.4827,328.9,2.3,1.5,2014-10-17,1737,Aqua,MODIS,100,6.2,295.3,90.7,N,0
-20.1359,123.4894,336.7,2.3,1.5,2014-10-17,1737,Aqua,MODIS,100,6.2,296,126.7,N,0
-20.0509,124.2512,358.4,2.6,1.6,2014-10-17,1737,Aqua,MODIS,100,6.2,297,334.9,N,0
-20.0406,124.2447,337.2,2.6,1.6,2014-10-17,1737,Aqua,MODIS,100,6.2,294,160.8,N,0
-21.3168,122.7909,302.9,2.1,1.4,2014-10-17,1737,Aqua,MODIS,52,6.2,291.4,18.8,N,0
-21.4012,122.4843,304.2,2,1.4,2014-10-17,1737,Aqua,MODIS,59,6.2,290.7,20,N,0
-21.4091,122.8096,313.9,2.1,1.4,2014-10-17,1737,Aqua,MODIS,88,6.2,290.6,39.5,N,0
-20.9658,120.3348,310.5,1.4,1.2,2014-10-17,1737,Aqua,MODIS,80,6.2,294.4,14.5,N,0
-20.8941,122.3684,309.7,2,1.4,2014-10-17,1737,Aqua,MODIS,66,6.2,294.7,22.3,N,0
-20.892,122.3497,323.1,2,1.4,2014-10-17,1737,Aqua,MODIS,100,6.2,295.5,52.8,N,0
-20.7961,122.3099,311.1,1.9,1.4,2014-10-17,1737,Aqua,MODIS,82,6.2,294.1,25.7,N,0
-20.8551,122.3541,303.9,2,1.4,2014-10-17,1737,Aqua,MODIS,16,6.2,292.7,12.9,N,0
-20.788,122.3487,381.7,1.9,1.4,2014-10-17,1737,Aqua,MODIS,100,6.2,301.7,423.7,N,0
-21.257,122.84,301.2,2.1,1.4,2014-10-17,1737,Aqua,MODIS,38,6.2,290.7,15.1,N,0
-21.2442,122.8416,305.4,2.1,1.4,2014-10-17,1737,Aqua,MODIS,64,6.2,290.5,22.8,N,0
-20.8571,122.3729,324.3,2,1.4,2014-10-17,1737,Aqua,MODIS,100,6.2,295.4,57.7,N,0
-20.7901,122.3675,340.9,2,1.4,2014-10-17,1737,Aqua,MODIS,100,6.2,297.7,117.8,N,0
-20.8855,122.1817,306.9,1.9,1.3,2014-10-17,1737,Aqua,MODIS,70,6.2,293.7,19,N,0
-21.2575,122.8449,302.8,2.1,1.4,2014-10-17,1737,Aqua,MODIS,22,6.2,291.2,16.6,N,0
-21.2446,122.8464,308.1,2.1,1.4,2014-10-17,1737,Aqua,MODIS,73,6.2,290.5,27.2,N,0
-21.4096,122.8145,306.6,2.1,1.4,2014-10-17,1737,Aqua,MODIS,69,6.2,290.4,26.1,N,0
-20.8448,122.3744,317.9,2,1.4,2014-10-17,1737,Aqua,MODIS,96,6.2,294.1,41.6,N,0
-20.7417,120.2195,316.6,1.4,1.2,2014-10-17,1737,Aqua,MODIS,93,6.2,294.9,21.3,N,0
-20.7433,120.2328,323,1.4,1.2,2014-10-17,1737,Aqua,MODIS,100,6.2,294.4,31.6,N,0
-21.3994,122.4896,305.1,2,1.4,2014-10-17,1737,Aqua,MODIS,63,6.2,290.3,20,N,0
-21.3174,122.8043,302.7,2.1,1.4,2014-10-17,1737,Aqua,MODIS,47,6.2,291.9,17.2,N,0
-20.8003,122.3472,314.1,1.9,1.4,2014-10-17,1737,Aqua,MODIS,88,6.2,293.8,31.6,N,0
-20.8024,122.366,315,2,1.4,2014-10-17,1737,Aqua,MODIS,90,6.2,293.5,33.9,N,0
-21.4073,122.7939,305.6,2.1,1.4,2014-10-17,1737,Aqua,MODIS,65,6.2,289.3,24,N,0
-20.7982,122.3285,310.9,1.9,1.4,2014-10-17,1737,Aqua,MODIS,81,6.2,293.8,25.1,N,0
-21.366,122.5332,319.2,2,1.4,2014-10-17,1737,Aqua,MODIS,98,6.2,291.1,52.7,N,0
-20.8468,122.3933,304.5,2,1.4,2014-10-17,1737,Aqua,MODIS,58,6.2,294.2,15.1,N,0
-20.9001,122.3108,303.9,1.9,1.4,2014-10-17,1737,Aqua,MODIS,56,6.2,293.1,14.3,N,0
-21.5079,120.9798,308.7,1.6,1.2,2014-10-17,1738,Aqua,MODIS,75,6.2,293.7,14.7,N,0
-21.5791,123.5514,343.5,2.4,1.5,2014-10-17,1738,Aqua,MODIS,100,6.2,290.3,184.7,N,0
-21.5927,123.5499,304.8,2.4,1.5,2014-10-17,1738,Aqua,MODIS,62,6.2,288.7,26.8,N,0
-21.5837,121.3384,317.6,1.7,1.3,2014-10-17,1738,Aqua,MODIS,69,6.2,293.6,30,N,0
-21.5818,121.3222,318.4,1.7,1.3,2014-10-17,1738,Aqua,MODIS,93,6.2,294,31.1,N,0
-21.5258,120.7473,307.5,1.5,1.2,2014-10-17,1738,Aqua,MODIS,71,6.2,285.5,15.1,N,0
-21.5061,120.9645,308.7,1.6,1.2,2014-10-17,1738,Aqua,MODIS,75,6.2,293.6,14.8,N,0
-21.6029,121.3031,309.5,1.7,1.3,2014-10-17,1738,Aqua,MODIS,21,6.2,293.8,15.5,N,0
-21.5914,121.3046,310,1.7,1.3,2014-10-17,1738,Aqua,MODIS,58,6.2,294.5,16.9,N,0
-21.5368,120.7458,317.4,1.5,1.2,2014-10-17,1738,Aqua,MODIS,95,6.2,284.1,29.2,N,0
-21.5491,122.9135,301.8,2.2,1.4,2014-10-17,1738,Aqua,MODIS,44,6.2,289.3,19,N,0
-21.5621,120.9567,306.7,1.6,1.2,2014-10-17,1738,Aqua,MODIS,69,6.2,294.1,11.5,N,0
-21.7215,121.4329,302.5,1.7,1.3,2014-10-17,1738,Aqua,MODIS,44,6.2,292.3,10.4,N,0
-21.6467,121.2924,304.7,1.7,1.3,2014-10-17,1738,Aqua,MODIS,22,6.2,293.1,10.7,N,0
-21.7403,119.0355,300.5,1.2,1.1,2014-10-17,1738,Aqua,MODIS,29,6.2,290.3,5.3,N,0
-21.2674,119.2369,307.8,1.2,1.1,2014-10-17,1738,Aqua,MODIS,73,6.2,294.2,9.5,N,0
-21.269,119.2489,308.3,1.2,1.1,2014-10-17,1738,Aqua,MODIS,74,6.2,294.7,10,N,0
-21.2186,119.7344,306.9,1.3,1.1,2014-10-17,1738,Aqua,MODIS,70,6.2,295,9,N,0
-21.5477,117.9783,308.2,1.1,1,2014-10-17,1738,Aqua,MODIS,35,6.2,291.9,7.7,N,0
-21.576,118.0002,324.1,1.1,1,2014-10-17,1738,Aqua,MODIS,90,6.2,291.9,23.5,N,0
-21.5962,118.008,321.5,1.1,1,2014-10-17,1738,Aqua,MODIS,100,6.2,283.7,19.4,N,0
-21.5952,123.5737,305.4,2.5,1.5,2014-10-17,1738,Aqua,MODIS,64,6.2,287.8,28.5,N,0
-21.5878,123.5672,346,2.5,1.5,2014-10-17,1738,Aqua,MODIS,100,6.2,291.5,204.5,N,0
-21.5764,123.5924,309.7,2.5,1.5,2014-10-17,1738,Aqua,MODIS,78,6.2,289.5,37.4,N,0
-21.5741,123.5686,363.7,2.5,1.5,2014-10-17,1738,Aqua,MODIS,100,6.2,292.6,361.6,N,0
-21.5815,123.5751,376.2,2.5,1.5,2014-10-17,1738,Aqua,MODIS,100,6.2,294.5,515.5,N,0
-22.0766,123.1101,326.5,2.3,1.5,2014-10-17,1738,Aqua,MODIS,100,6.2,291.6,85.7,N,0
-22.072,123.1035,303.5,2.3,1.5,2014-10-17,1738,Aqua,MODIS,26,6.2,290.4,17.5,N,0
-22.0852,123.102,313.8,2.3,1.5,2014-10-17,1738,Aqua,MODIS,88,6.2,291.4,41.6,N,0
-22.0874,123.1243,308.5,2.3,1.5,2014-10-17,1738,Aqua,MODIS,75,6.2,291.3,29,N,0
-22.7202,122.3337,307.7,2.1,1.4,2014-10-17,1738,Aqua,MODIS,44,6.2,292.8,19.8,N,0
-22.6374,122.4177,307.9,2.1,1.4,2014-10-17,1738,Aqua,MODIS,54,6.2,292.7,21.4,N,0
-22.6381,122.4127,314.2,2.1,1.4,2014-10-17,1738,Aqua,MODIS,83,6.2,293.3,33.8,N,0
-22.7205,122.341,311.3,2.1,1.4,2014-10-17,1738,Aqua,MODIS,61,6.2,292.8,26.8,N,0
-22.7078,122.3424,325.7,2.1,1.4,2014-10-17,1738,Aqua,MODIS,100,6.2,293.7,64.7,N,0
-22.3015,121.8344,303.7,1.9,1.3,2014-10-17,1738,Aqua,MODIS,17,6.2,292.3,10.8,N,0
-22.2914,121.8539,313.8,1.9,1.3,2014-10-17,1738,Aqua,MODIS,66,6.2,294,27.3,N,0
-22.2793,121.8556,332.9,1.9,1.3,2014-10-17,1738,Aqua,MODIS,100,6.2,295,79.7,N,0
-22.3136,121.833,307.7,1.9,1.3,2014-10-17,1738,Aqua,MODIS,52,6.2,292.5,17.1,N,0
-22.3052,121.8269,307.9,1.9,1.3,2014-10-17,1738,Aqua,MODIS,55,6.2,292.9,17.4,N,0
-22.672,122.3674,328.1,2.1,1.4,2014-10-17,1738,Aqua,MODIS,100,6.2,294.3,73.5,N,0
-22.6352,122.3973,325.1,2.1,1.4,2014-10-17,1738,Aqua,MODIS,100,6.2,293.7,63.7,N,0
-22.6247,122.4191,343,2.1,1.4,2014-10-17,1738,Aqua,MODIS,100,6.2,295.2,140.2,N,0
-22.6573,122.3488,312.6,2.1,1.4,2014-10-17,1738,Aqua,MODIS,85,6.2,293.4,30.8,N,0
-22.6225,122.3988,348.6,2.1,1.4,2014-10-17,1738,Aqua,MODIS,100,6.2,295.2,170.4,N,0
-22.6699,122.3472,346.2,2.1,1.4,2014-10-17,1738,Aqua,MODIS,100,6.2,295.1,154.4,N,0
-22.6952,122.3441,306.1,2.1,1.4,2014-10-17,1738,Aqua,MODIS,41,6.2,293.1,16.8,N,0
-22.6593,122.369,304.7,2.1,1.4,2014-10-17,1738,Aqua,MODIS,58,6.2,292.9,15.3,N,0
-22.7349,122.3523,304.3,2.1,1.4,2014-10-17,1738,Aqua,MODIS,22,6.2,292.3,15,N,0
-22.636,122.3923,317.4,2.1,1.4,2014-10-17,1738,Aqua,MODIS,95,6.2,293.1,40.9,N,0
-22.6562,122.3539,305,2.1,1.4,2014-10-17,1738,Aqua,MODIS,47,6.2,293.4,15.4,N,0
-22.6557,150.4741,314.6,2.2,1.4,2014-10-17,2346,Terra,MODIS,41,6.2,299.5,21.7,D,0
-29.093,152.6842,311,1.2,1.1,2014-10-17,2348,Terra,MODIS,0,6.2,293.3,9.1,D,0
-29.9864,152.9239,324.9,1.2,1.1,2014-10-17,2348,Terra,MODIS,74,6.2,292.4,22.3,D,0
-27.8354,150.3575,325.1,1.8,1.3,2014-10-17,2348,Terra,MODIS,46,6.2,302.9,29.3,D,0
-34.4597,150.8865,317.2,1.2,1.1,2014-10-17,2349,Terra,MODIS,0,6.2,298.2,12.5,D,2
-42.8583,147.6242,313.6,1.3,1.1,2014-10-17,2352,Terra,MODIS,0,6.2,295,13.2,D,0
-42.8612,147.6397,307.3,1.3,1.1,2014-10-17,2352,Terra,MODIS,0,6.2,294.3,6.9,D,0
-11.0102,142.4355,324.9,2.4,1.5,2014-10-18,0121,Terra,MODIS,59,6.2,300,50.1,D,0
-10.9266,142.386,316.5,2.4,1.5,2014-10-18,0121,Terra,MODIS,66,6.2,299.4,22.8,D,0
-11.5683,142.5336,318.6,2.5,1.5,2014-10-18,0121,Terra,MODIS,58,6.2,300.4,28.6,D,0
-11.5546,142.5353,342.8,2.5,1.5,2014-10-18,0121,Terra,MODIS,91,6.2,301.2,150.9,D,0
-11.5518,142.5124,358,2.5,1.5,2014-10-18,0121,Terra,MODIS,99,6.2,302,268.1,D,0
-11.0948,142.1946,323.8,2.3,1.5,2014-10-18,0121,Terra,MODIS,75,6.2,302,35.8,D,0
-11.0922,142.1736,346.7,2.3,1.5,2014-10-18,0121,Terra,MODIS,71,6.2,302.1,148.6,D,0
-11.0959,142.1797,344.9,2.3,1.5,2014-10-18,0121,Terra,MODIS,70,6.2,302.8,137.4,D,0
-11.0827,142.1814,323.7,2.3,1.5,2014-10-18,0121,Terra,MODIS,65,6.2,302,36.8,D,0
-11.6037,142.4837,328.9,2.5,1.5,2014-10-18,0121,Terra,MODIS,80,6.2,301.2,62.9,D,0
-11.5708,142.4418,338.6,2.5,1.5,2014-10-18,0121,Terra,MODIS,89,6.2,302.8,111.8,D,0
-11.5973,142.4791,321.2,2.5,1.5,2014-10-18,0121,Terra,MODIS,51,6.2,301.3,33.1,D,0
-11.6009,142.4612,326.7,2.5,1.5,2014-10-18,0121,Terra,MODIS,60,6.2,300.7,51.3,D,0
-11.5647,142.4373,334.8,2.5,1.5,2014-10-18,0121,Terra,MODIS,72,6.2,303.4,87.2,D,0
-11.611,142.4776,326,2.5,1.5,2014-10-18,0121,Terra,MODIS,77,6.2,300.8,53.8,D,0
-13.2639,142.2075,327.1,2.5,1.5,2014-10-18,0122,Terra,MODIS,45,6.2,306,28,D,0
-13.4397,135.7744,327.6,1,1,2014-10-18,0122,Terra,MODIS,27,6.2,306.4,10.1,D,0
-13.2546,142.1919,333.8,2.5,1.5,2014-10-18,0122,Terra,MODIS,81,6.2,305.7,65.6,D,0
-13.2613,142.1845,331,2.5,1.5,2014-10-18,0122,Terra,MODIS,81,6.2,307,44.3,D,0
-11.5358,133.3994,311.8,1.1,1,2014-10-18,0122,Terra,MODIS,18,6.2,301.4,6.6,D,3
-12.4988,132.3002,341,1.2,1.1,2014-10-18,0122,Terra,MODIS,85,6.2,313.2,34,D,0
-12.3416,135.6267,329,1,1,2014-10-18,0122,Terra,MODIS,61,6.2,306,10.2,D,0
-12.3222,135.6202,329.7,1,1,2014-10-18,0122,Terra,MODIS,61,6.2,302.9,11.8,D,0
-13.4307,135.7757,346.2,1,1,2014-10-18,0122,Terra,MODIS,89,6.2,308.2,39.5,D,0
-13.3181,134.1408,334.4,1,1,2014-10-18,0122,Terra,MODIS,68,6.2,320,11.6,D,0
-13.4085,134.3736,341.8,1,1,2014-10-18,0122,Terra,MODIS,63,6.2,319.9,18.8,D,0
-13.3271,134.1394,339.5,1,1,2014-10-18,0122,Terra,MODIS,81,6.2,318.5,19.7,D,0
-12.158,133.5385,332.5,1.1,1,2014-10-18,0122,Terra,MODIS,49,6.2,315.2,9.7,D,0
-14.465,135.1049,334.5,1,1,2014-10-18,0122,Terra,MODIS,62,6.2,315.7,14.2,D,0
-14.5204,135.1061,332.2,1,1,2014-10-18,0122,Terra,MODIS,38,6.2,314.3,9.9,D,0
-15.0182,143.3586,324.9,3.3,1.7,2014-10-18,0122,Terra,MODIS,55,6.2,303.7,60.3,D,0
-14.4867,135.0639,336.2,1,1,2014-10-18,0122,Terra,MODIS,70,6.2,316.9,16.8,D,0
-12.8183,136.4499,329,1.1,1,2014-10-18,0122,Terra,MODIS,67,6.2,304.5,16.5,D,0
-14.3273,144.3818,327.5,3.8,1.8,2014-10-18,0122,Terra,MODIS,69,6.2,298.3,115.5,D,0
-13.3877,134.3578,339.9,1,1,2014-10-18,0122,Terra,MODIS,52,6.2,321.7,17.6,D,0
-14.4943,135.0533,346,1,1,2014-10-18,0122,Terra,MODIS,88,6.2,316,32,D,0
-13.3891,134.3671,343.4,1,1,2014-10-18,0122,Terra,MODIS,78,6.2,319.6,24.1,D,0
-12.8071,136.305,332.3,1,1,2014-10-18,0122,Terra,MODIS,69,6.2,307.4,14.2,D,0
-13.319,135.7034,330.6,1,1,2014-10-18,0122,Terra,MODIS,50,6.2,310.2,10,D,0
-12.1289,141.8099,332.4,2.2,1.5,2014-10-18,0122,Terra,MODIS,80,6.2,304.7,60.6,D,0
-12.1315,141.8304,324.6,2.3,1.5,2014-10-18,0122,Terra,MODIS,67,6.2,303,30.3,D,0
-12.9057,136.3524,335.3,1,1,2014-10-18,0122,Terra,MODIS,78,6.2,306.7,23.4,D,0
-12.8753,136.3243,332.5,1,1,2014-10-18,0122,Terra,MODIS,75,6.2,308.1,16,D,0
-12.8662,136.3257,333.4,1,1,2014-10-18,0122,Terra,MODIS,76,6.2,307.9,17.1,D,0
-12.142,141.8083,341,2.2,1.5,2014-10-18,0122,Terra,MODIS,90,6.2,303.8,98.5,D,0
-12.1526,141.8003,323.9,2.2,1.5,2014-10-18,0122,Terra,MODIS,57,6.2,302,29,D,0
-12.1632,141.7783,333.5,2.2,1.4,2014-10-18,0122,Terra,MODIS,65,6.2,300.4,68.5,D,0
-12.1656,141.7987,332.6,2.2,1.5,2014-10-18,0122,Terra,MODIS,85,6.2,302.3,64.4,D,0
-12.9149,136.3511,328.9,1,1,2014-10-18,0122,Terra,MODIS,54,6.2,305.2,15,D,0
-14.493,135.0441,390.9,1,1,2014-10-18,0122,Terra,MODIS,100,6.2,317.4,183.5,D,0
-13.3099,135.7047,330,1,1,2014-10-18,0122,Terra,MODIS,50,6.2,308.6,9.7,D,0
-15.1941,144.9575,321.7,4.3,1.9,2014-10-18,0122,Terra,MODIS,61,6.2,299.9,103.3,D,0
-14.321,144.3884,331.6,3.8,1.8,2014-10-18,0122,Terra,MODIS,77,6.2,299,156,D,0
-13.5202,134.3817,339.3,1,1,2014-10-18,0122,Terra,MODIS,80,6.2,317.3,19.3,D,0
-13.5136,134.3987,350.9,1,1,2014-10-18,0122,Terra,MODIS,93,6.2,318,39.1,D,0
-13.5122,134.3894,365.8,1,1,2014-10-18,0122,Terra,MODIS,100,6.2,321.5,78.2,D,0
-15.1925,144.9643,323.2,4.3,1.9,2014-10-18,0122,Terra,MODIS,65,6.2,299.8,115.3,D,0
-14.4916,135.0348,351.4,1,1,2014-10-18,0122,Terra,MODIS,93,6.2,309.6,47.6,D,0
-14.4826,135.0362,338.2,1,1,2014-10-18,0122,Terra,MODIS,77,6.2,311.8,22.3,D,0
-14.484,135.0454,352.3,1,1,2014-10-18,0122,Terra,MODIS,94,6.2,316.9,47.2,D,0
-14.4853,135.0547,336.6,1,1,2014-10-18,0122,Terra,MODIS,70,6.2,316.4,17,D,0
-14.7031,144.4312,317.5,3.9,1.8,2014-10-18,0122,Terra,MODIS,19,6.2,301.7,42.2,D,0
-13.2879,142.3523,325.1,2.6,1.5,2014-10-18,0122,Terra,MODIS,25,6.2,303.8,40.7,D,0
-15.022,143.3647,328.8,3.3,1.7,2014-10-18,0122,Terra,MODIS,71,6.2,304.4,85.5,D,0
-11.6182,130.9072,326.6,1.5,1.2,2014-10-18,0122,Terra,MODIS,22,6.2,310,14.2,D,0
-11.6314,130.9193,330,1.5,1.2,2014-10-18,0122,Terra,MODIS,60,6.2,310.5,20.3,D,0
-11.6818,130.9538,354.5,1.5,1.2,2014-10-18,0122,Terra,MODIS,96,6.2,310.1,98.6,D,0
-11.684,130.9677,335.3,1.5,1.2,2014-10-18,0122,Terra,MODIS,71,6.2,307.8,33.6,D,0
-11.6949,130.9659,329.6,1.5,1.2,2014-10-18,0122,Terra,MODIS,47,6.2,308.6,19.4,D,0
-11.6833,130.9469,337.9,1.5,1.2,2014-10-18,0122,Terra,MODIS,84,6.2,309.8,39,D,0
-11.6856,130.9607,345.9,1.5,1.2,2014-10-18,0122,Terra,MODIS,91,6.2,309.3,66.8,D,0
-11.6965,130.9589,330.5,1.5,1.2,2014-10-18,0122,Terra,MODIS,67,6.2,310.3,23.2,D,0
-13.3995,134.375,342.5,1,1,2014-10-18,0122,Terra,MODIS,59,6.2,320.1,21.5,D,0
-12.9394,136.5244,349.8,1.1,1,2014-10-18,0122,Terra,MODIS,93,6.2,306.2,50.9,D,0
-14.5014,135.3556,331.1,1,1,2014-10-18,0122,Terra,MODIS,47,6.2,311.8,11.4,D,0
-14.6992,144.3953,320.2,3.9,1.8,2014-10-18,0122,Terra,MODIS,51,6.2,304.1,59.3,D,0
-12.7667,136.0217,329.7,1,1,2014-10-18,0122,Terra,MODIS,63,6.2,301.5,13.7,D,0
-12.7576,136.0231,330.4,1,1,2014-10-18,0122,Terra,MODIS,61,6.2,308.2,16.5,D,0
-12.1086,133.5262,337.9,1.1,1,2014-10-18,0122,Terra,MODIS,73,6.2,315.6,18.3,D,0
-12.5466,141.9393,339.2,2.3,1.5,2014-10-18,0122,Terra,MODIS,78,6.2,304.7,99,D,0
-13.8038,132.6385,344,1.1,1.1,2014-10-18,0122,Terra,MODIS,85,6.2,317.5,33.9,D,0
-13.048,133.1075,337.5,1.1,1,2014-10-18,0122,Terra,MODIS,78,6.2,313.5,24.6,D,0
-13.0416,133.1044,337.4,1.1,1,2014-10-18,0122,Terra,MODIS,79,6.2,312.4,26.4,D,0
-13.9284,131.8871,340.8,1.2,1.1,2014-10-18,0122,Terra,MODIS,82,6.2,319.6,24.6,D,0
-12.3012,134.7298,335.9,1,1,2014-10-18,0122,Terra,MODIS,67,6.2,311.3,18.5,D,0
-13.8524,135.5113,330.9,1,1,2014-10-18,0122,Terra,MODIS,24,6.2,313,7.9,D,0
-14.1111,136.4957,339.9,1.1,1,2014-10-18,0122,Terra,MODIS,84,6.2,305.8,30.6,D,0
-13.9379,135.5302,347.2,1,1,2014-10-18,0122,Terra,MODIS,90,6.2,311,36.1,D,0
-13.9533,135.5089,336.8,1,1,2014-10-18,0122,Terra,MODIS,67,6.2,310.8,19,D,0
-12.2621,142.7679,321.7,2.7,1.6,2014-10-18,0122,Terra,MODIS,21,6.2,298.5,37.8,D,0
-12.2662,142.7607,321.4,2.7,1.6,2014-10-18,0122,Terra,MODIS,43,6.2,298.8,36.5,D,0
-13.0123,132.7574,338.3,1.1,1.1,2014-10-18,0122,Terra,MODIS,80,6.2,313.4,24.9,D,0
-13.0106,132.7471,338.3,1.1,1.1,2014-10-18,0122,Terra,MODIS,80,6.2,313.6,25,D,0
-13.7426,132.462,337.3,1.2,1.1,2014-10-18,0122,Terra,MODIS,59,6.2,316.3,23.6,D,0
-13.7296,132.4422,330,1.2,1.1,2014-10-18,0122,Terra,MODIS,36,6.2,311.9,14.6,D,0
-13.9804,135.6958,358.1,1,1,2014-10-18,0122,Terra,MODIS,98,6.2,310.7,65.4,D,0
-13.979,135.6864,333,1,1,2014-10-18,0122,Terra,MODIS,70,6.2,309,13.9,D,0
-13.964,135.775,334.5,1,1,2014-10-18,0122,Terra,MODIS,70,6.2,309.6,16.5,D,0
-12.1254,136.3566,326.9,1,1,2014-10-18,0122,Terra,MODIS,45,6.2,304.8,9.6,D,0
-13.9627,135.7656,333.6,1,1,2014-10-18,0122,Terra,MODIS,67,6.2,307.9,15.4,D,0
-13.9522,135.7575,337.7,1,1,2014-10-18,0122,Terra,MODIS,69,6.2,309.8,21.1,D,0
-13.9509,135.7481,342.4,1,1,2014-10-18,0122,Terra,MODIS,85,6.2,308.3,29.3,D,0
-13.9327,135.7508,331.3,1,1,2014-10-18,0122,Terra,MODIS,37,6.2,311.7,10.9,D,0
-14.1125,136.5055,363.1,1.1,1,2014-10-18,0122,Terra,MODIS,100,6.2,307.5,87.8,D,0
-12.3045,132.7599,332.8,1.2,1.1,2014-10-18,0122,Terra,MODIS,55,6.2,311,17.5,D,0
-13.8486,132.3622,342.5,1.2,1.1,2014-10-18,0122,Terra,MODIS,84,6.2,320.1,30,D,0
-13.8528,132.3663,335.2,1.2,1.1,2014-10-18,0122,Terra,MODIS,37,6.2,320.4,14.8,D,0
-13.8624,132.3647,337.2,1.2,1.1,2014-10-18,0122,Terra,MODIS,70,6.2,321.2,18.8,D,0
-13.8022,132.6282,339.9,1.1,1.1,2014-10-18,0122,Terra,MODIS,80,6.2,316.9,25,D,0
-14.901,141.6284,324.4,2.4,1.5,2014-10-18,0122,Terra,MODIS,0,6.2,303.5,27.8,D,0
-13.9545,135.4552,334.1,1,1,2014-10-18,0122,Terra,MODIS,51,6.2,313.8,15.1,D,0
-13.7861,132.616,352.4,1.1,1.1,2014-10-18,0122,Terra,MODIS,94,6.2,320.3,51.7,D,0
-13.8511,132.3556,342.8,1.2,1.1,2014-10-18,0122,Terra,MODIS,83,6.2,319.5,31.4,D,0
-13.8607,132.3541,381.8,1.2,1.1,2014-10-18,0122,Terra,MODIS,100,6.2,325.1,172.2,D,0
-13.7655,132.6087,342,1.1,1.1,2014-10-18,0122,Terra,MODIS,47,6.2,319.5,26.8,D,0
-13.277,131.138,337.3,1.4,1.2,2014-10-18,0122,Terra,MODIS,69,6.2,317.2,23.7,D,0
-12.2922,134.7311,346.6,1,1,2014-10-18,0122,Terra,MODIS,90,6.2,310.1,37.5,D,0
-12.2936,134.7403,328.9,1,1,2014-10-18,0122,Terra,MODIS,45,6.2,307.4,10.1,D,0
-13.279,131.1507,350.7,1.4,1.2,2014-10-18,0122,Terra,MODIS,93,6.2,318.5,62.7,D,0
-13.2895,131.149,347.9,1.4,1.2,2014-10-18,0122,Terra,MODIS,90,6.2,317.3,52.8,D,0
-13.7902,132.491,357.7,1.1,1.1,2014-10-18,0122,Terra,MODIS,98,6.2,320.6,68,D,0
-13.784,132.5136,336.3,1.1,1.1,2014-10-18,0122,Terra,MODIS,72,6.2,317.3,19.3,D,0
-13.7806,132.4926,371.9,1.1,1.1,2014-10-18,0122,Terra,MODIS,100,6.2,322.5,120.8,D,0
-13.7811,132.5205,347.9,1.1,1.1,2014-10-18,0122,Terra,MODIS,90,6.2,316.1,40.8,D,0
-13.7762,132.489,340.9,1.1,1.1,2014-10-18,0122,Terra,MODIS,80,6.2,317.7,26.6,D,0
-13.9736,135.3955,334.1,1,1,2014-10-18,0122,Terra,MODIS,41,6.2,311.8,14.7,D,0
-13.859,132.3435,340.6,1.2,1.1,2014-10-18,0122,Terra,MODIS,80,6.2,317,26.1,D,0
-13.7988,132.6352,342.9,1.1,1.1,2014-10-18,0122,Terra,MODIS,84,6.2,316.7,31.2,D,0
-13.0496,133.1175,341.9,1.1,1,2014-10-18,0122,Terra,MODIS,85,6.2,314.3,31.5,D,0
-13.8133,132.6369,340.7,1.1,1.1,2014-10-18,0122,Terra,MODIS,81,6.2,317.4,26.1,D,0
-13.815,132.6473,339.6,1.1,1.1,2014-10-18,0122,Terra,MODIS,79,6.2,316.2,24,D,0
-12.3206,134.7362,330.5,1,1,2014-10-18,0122,Terra,MODIS,39,6.2,310.6,9.4,D,0
-13.2915,131.1617,333.6,1.4,1.2,2014-10-18,0122,Terra,MODIS,38,6.2,318,12.8,D,0
-13.2842,131.1437,350.5,1.4,1.2,2014-10-18,0122,Terra,MODIS,93,6.2,317.9,60.8,D,0
-13.4942,134.3922,337.7,1,1,2014-10-18,0122,Terra,MODIS,68,6.2,318.4,14.6,D,0
-14.1087,136.5468,325.6,1.1,1,2014-10-18,0122,Terra,MODIS,38,6.2,308,9.1,D,0
-14.0899,135.6288,361.2,1,1,2014-10-18,0122,Terra,MODIS,100,6.2,313.1,73.4,D,0
-13.2863,131.1563,343.1,1.4,1.2,2014-10-18,0122,Terra,MODIS,85,6.2,318.1,36.4,D,0
-13.0713,133.1342,332.1,1.1,1,2014-10-18,0122,Terra,MODIS,61,6.2,311.7,15.8,D,0
-13.0698,133.1243,337,1.1,1,2014-10-18,0122,Terra,MODIS,78,6.2,315.5,23.5,D,0
-13.0605,133.1259,367.5,1.1,1,2014-10-18,0122,Terra,MODIS,100,6.2,316.4,102.8,D,0
-13.9314,135.7414,338.4,1,1,2014-10-18,0122,Terra,MODIS,80,6.2,308.9,20.6,D,0
-13.9183,135.7145,332.7,1,1,2014-10-18,0122,Terra,MODIS,57,6.2,311.4,11.8,D,0
-13.0978,133.1198,332.6,1.1,1,2014-10-18,0122,Terra,MODIS,70,6.2,313,15.9,D,0
-13.0963,133.1098,327.9,1.1,1,2014-10-18,0122,Terra,MODIS,29,6.2,313,9.3,D,0
-13.0791,133.1227,340.7,1.1,1,2014-10-18,0122,Terra,MODIS,83,6.2,315.1,28.9,D,0
-13.0589,133.116,355.1,1.1,1,2014-10-18,0122,Terra,MODIS,96,6.2,315.1,62,D,0
-13.0557,133.0957,329.7,1.1,1,2014-10-18,0122,Terra,MODIS,43,6.2,310.4,13.2,D,0
-12.8655,142.3858,335.2,2.5,1.5,2014-10-18,0122,Terra,MODIS,87,6.2,303.3,90.1,D,0
-15.0223,142.4316,324.8,2.8,1.6,2014-10-18,0122,Terra,MODIS,26,6.2,302.1,45.9,D,0
-14.945,142.4216,326.2,2.8,1.6,2014-10-18,0122,Terra,MODIS,40,6.2,307,42,D,0
-14.3689,142.3974,324.8,2.7,1.6,2014-10-18,0122,Terra,MODIS,58,6.2,304.6,36,D,0
-12.4929,134.2286,332.7,1,1,2014-10-18,0122,Terra,MODIS,68,6.2,316.9,10.7,D,0
-15.0108,142.4275,349.7,2.8,1.6,2014-10-18,0122,Terra,MODIS,94,6.2,304.2,216.7,D,0
-15.0051,142.4078,350,2.8,1.6,2014-10-18,0122,Terra,MODIS,94,6.2,301.1,218.3,D,0
-12.8688,142.3564,324.5,2.5,1.5,2014-10-18,0122,Terra,MODIS,62,6.2,302.9,36.9,D,0
-14.9479,142.4144,329.3,2.8,1.6,2014-10-18,0122,Terra,MODIS,60,6.2,307.1,61.1,D,0
-12.4991,142.4784,322.8,2.6,1.5,2014-10-18,0122,Terra,MODIS,68,6.2,301.4,36.5,D,0
-15.0368,143.3874,326.3,3.3,1.7,2014-10-18,0122,Terra,MODIS,42,6.2,304.7,59.8,D,0
-12.6153,136.5664,334.6,1.1,1,2014-10-18,0122,Terra,MODIS,78,6.2,306.8,19.1,D,0
-15.0053,142.5381,337,2.8,1.6,2014-10-18,0122,Terra,MODIS,83,6.2,307.1,99.4,D,0
-14.2395,142.4746,331.1,2.7,1.6,2014-10-18,0122,Terra,MODIS,69,6.2,301.6,84.2,D,0
-12.8626,142.3626,333.3,2.5,1.5,2014-10-18,0122,Terra,MODIS,85,6.2,302.2,78.7,D,0
-12.7526,132.6783,326.6,1.2,1.1,2014-10-18,0122,Terra,MODIS,13,6.2,311.5,13.7,D,0
-14.2429,142.4675,347.5,2.7,1.6,2014-10-18,0122,Terra,MODIS,93,6.2,302.8,194.9,D,0
-12.5334,131.2989,330.9,1.4,1.2,2014-10-18,0122,Terra,MODIS,56,6.2,312.9,20.7,D,0
-12.8715,142.3796,341.8,2.5,1.5,2014-10-18,0122,Terra,MODIS,89,6.2,304.5,133.3,D,0
-15.1961,145.1728,320.4,4.5,2,2014-10-18,0122,Terra,MODIS,53,6.2,294.6,107,D,0
-12.4992,134.2086,375.1,1,1,2014-10-18,0122,Terra,MODIS,100,6.2,313.4,115.8,D,0
-12.4901,134.21,361.6,1,1,2014-10-18,0122,Terra,MODIS,100,6.2,317.6,71.5,D,0
-14.3753,142.4151,325.8,2.7,1.6,2014-10-18,0122,Terra,MODIS,48,6.2,304.3,41.7,D,0
-14.2543,142.4412,342.2,2.7,1.6,2014-10-18,0122,Terra,MODIS,89,6.2,302.5,151,D,0
-15.0632,143.4538,326.8,3.3,1.7,2014-10-18,0122,Terra,MODIS,25,6.2,305,61.8,D,0
-15.008,142.4333,371.2,2.8,1.6,2014-10-18,0122,Terra,MODIS,100,6.2,305.2,468.6,D,0
-12.9874,143.1241,331.8,2.9,1.6,2014-10-18,0122,Terra,MODIS,81,6.2,295.2,113.3,D,0
-14.2424,142.4995,325,2.7,1.6,2014-10-18,0122,Terra,MODIS,72,6.2,301.8,57.6,D,0
-14.2457,142.4924,327.7,2.7,1.6,2014-10-18,0122,Terra,MODIS,55,6.2,302.6,66.8,D,0
-14.9937,142.435,352.4,2.8,1.6,2014-10-18,0122,Terra,MODIS,96,6.2,304,231.5,D,0
-15.0168,142.5105,338,2.8,1.6,2014-10-18,0122,Terra,MODIS,85,6.2,305.6,109,D,0
-14.2365,142.4498,362,2.7,1.6,2014-10-18,0122,Terra,MODIS,100,6.2,302,346.8,D,0
-12.5007,135.5814,330.1,1,1,2014-10-18,0122,Terra,MODIS,69,6.2,307.6,15,D,0
-12.9296,142.3962,321.8,2.6,1.5,2014-10-18,0122,Terra,MODIS,57,6.2,303.8,23.2,D,0
-12.5079,142.4954,319.4,2.6,1.5,2014-10-18,0122,Terra,MODIS,54,6.2,301.5,23.8,D,0
-14.3718,142.4222,323.7,2.7,1.6,2014-10-18,0122,Terra,MODIS,33,6.2,303.9,34,D,0
-12.9352,142.3887,322,2.6,1.5,2014-10-18,0122,Terra,MODIS,58,6.2,303.5,23.9,D,0
-12.5006,134.2179,372.2,1,1,2014-10-18,0122,Terra,MODIS,100,6.2,317.8,105.2,D,0
-12.5375,141.947,332.3,2.3,1.5,2014-10-18,0122,Terra,MODIS,82,6.2,305.8,60.1,D,0
-12.4915,134.2193,362.2,1,1,2014-10-18,0122,Terra,MODIS,100,6.2,320,73.3,D,0
-14.2401,142.4426,368,2.7,1.6,2014-10-18,0122,Terra,MODIS,100,6.2,302.7,423.7,D,0
-12.9867,130.4016,344.4,1.6,1.2,2014-10-18,0122,Terra,MODIS,87,6.2,311.8,60.1,D,0
-12.9842,130.3931,339.6,1.6,1.2,2014-10-18,0122,Terra,MODIS,41,6.2,313.1,35.2,D,0
-13.7527,132.5895,353.4,1.1,1.1,2014-10-18,0122,Terra,MODIS,95,6.2,321.4,57,D,0
-13.7511,132.579,369.1,1.1,1.1,2014-10-18,0122,Terra,MODIS,100,6.2,321.2,109.3,D,0
-12.4296,132.3181,337.3,1.2,1.1,2014-10-18,0122,Terra,MODIS,80,6.2,317.3,21.3,D,0
-13.7748,132.543,333.6,1.1,1.1,2014-10-18,0122,Terra,MODIS,41,6.2,317.5,12.5,D,0
-12.4377,132.3054,339.2,1.2,1.1,2014-10-18,0122,Terra,MODIS,68,6.2,317.8,27.3,D,0
-13.7856,132.524,340.4,1.1,1.1,2014-10-18,0122,Terra,MODIS,81,6.2,316.1,26.5,D,0
-13.7631,132.4041,335.5,1.2,1.1,2014-10-18,0122,Terra,MODIS,71,6.2,313.6,21.4,D,0
-13.7764,132.5535,337.8,1.1,1.1,2014-10-18,0122,Terra,MODIS,76,6.2,317.8,20.3,D,0
-12.9866,130.4075,341.3,1.6,1.2,2014-10-18,0122,Terra,MODIS,69,6.2,312.2,46.4,D,0
-12.9891,130.416,330.7,1.6,1.2,2014-10-18,0122,Terra,MODIS,29,6.2,311.6,21.3,D,0
-11.7222,130.5602,324.2,1.6,1.3,2014-10-18,0122,Terra,MODIS,48,6.2,305.8,19.1,D,0
-11.7199,130.5455,322.7,1.6,1.3,2014-10-18,0122,Terra,MODIS,60,6.2,303.7,16.1,D,0
-11.6266,130.5373,345.9,1.6,1.3,2014-10-18,0122,Terra,MODIS,86,6.2,305,81.9,D,0
-11.7215,130.5544,328.2,1.6,1.3,2014-10-18,0122,Terra,MODIS,77,6.2,306.1,28.7,D,0
-11.6276,130.5456,352.9,1.6,1.3,2014-10-18,0122,Terra,MODIS,84,6.2,306.4,107.4,D,0
-11.6389,130.5439,332.8,1.6,1.3,2014-10-18,0122,Terra,MODIS,59,6.2,309.5,36,D,0
-11.7327,130.5526,320,1.6,1.3,2014-10-18,0122,Terra,MODIS,50,6.2,302.5,11.5,D,0
-11.629,130.5522,345.1,1.6,1.3,2014-10-18,0122,Terra,MODIS,85,6.2,308.1,76.5,D,0
-17.1894,130.5109,340.4,1.3,1.1,2014-10-18,0123,Terra,MODIS,81,6.2,319,31.6,D,0
-17.1976,130.4968,349.3,1.3,1.1,2014-10-18,0123,Terra,MODIS,91,6.2,320.1,57.5,D,0
-17.2658,130.4148,335.6,1.3,1.1,2014-10-18,0123,Terra,MODIS,51,6.2,320.2,20.1,D,0
-16.2144,134.1071,337.4,1,1,2014-10-18,0123,Terra,MODIS,43,6.2,316.9,16.1,D,0
-16.2061,134.1749,344.5,1,1,2014-10-18,0123,Terra,MODIS,85,6.2,316.9,30.3,D,0
-16.6367,142.4007,333.7,2.9,1.6,2014-10-18,0123,Terra,MODIS,51,6.2,312.4,73.2,D,0
-16.5861,142.3573,329.2,2.9,1.6,2014-10-18,0123,Terra,MODIS,48,6.2,309.9,50.1,D,0
-16.2047,134.1656,378.8,1,1,2014-10-18,0123,Terra,MODIS,100,6.2,319.4,127.9,D,0
-16.5478,142.4161,356.2,2.9,1.6,2014-10-18,0123,Terra,MODIS,98,6.2,310.6,285.2,D,0
-17.793,144.5634,322.9,4.4,1.9,2014-10-18,0123,Terra,MODIS,31,6.2,306,66.8,D,0
-16.5471,142.4229,361,2.9,1.6,2014-10-18,0123,Terra,MODIS,100,6.2,311.3,345.1,D,0
-17.7943,144.5573,323.9,4.4,1.9,2014-10-18,0123,Terra,MODIS,52,6.2,306.2,80.6,D,0
-16.6357,142.4063,331.6,2.9,1.6,2014-10-18,0123,Terra,MODIS,52,6.2,312.5,57.5,D,0
-17.808,144.516,320.6,4.3,1.9,2014-10-18,0123,Terra,MODIS,19,6.2,306.6,50.2,D,0
-16.2068,134.1178,344,1,1,2014-10-18,0123,Terra,MODIS,82,6.2,319.1,26.1,D,0
-16.5506,142.4432,330.9,2.9,1.6,2014-10-18,0123,Terra,MODIS,69,6.2,311.2,62.5,D,0
-16.2033,134.1563,364.4,1,1,2014-10-18,0123,Terra,MODIS,100,6.2,316.4,77.4,D,0
-16.237,134.0113,340.6,1,1,2014-10-18,0123,Terra,MODIS,71,6.2,313.3,26.3,D,0
-16.9644,142.3726,326.2,2.9,1.6,2014-10-18,0123,Terra,MODIS,42,6.2,308.9,42.4,D,0
-16.9819,142.5384,330.7,3,1.6,2014-10-18,0123,Terra,MODIS,57,6.2,310.5,61.7,D,0
-14.7199,126.7625,323.7,2.7,1.6,2014-10-18,0123,Terra,MODIS,45,6.2,311.5,23.6,D,0
-14.4547,133.3693,344.9,1,1,2014-10-18,0123,Terra,MODIS,86,6.2,322.9,27.4,D,0
-15.9593,125.9095,336.2,3,1.6,2014-10-18,0123,Terra,MODIS,57,6.2,310.3,112.4,D,0
-15.9739,125.9064,360.7,3,1.6,2014-10-18,0123,Terra,MODIS,100,6.2,313.1,360.8,D,0
-15.9886,125.9035,335.9,3,1.6,2014-10-18,0123,Terra,MODIS,58,6.2,313.4,105.6,D,0
-15.9582,125.9027,338.3,3,1.6,2014-10-18,0123,Terra,MODIS,65,6.2,310.2,129.9,D,0
-15.9728,125.8996,368.2,3,1.6,2014-10-18,0123,Terra,MODIS,100,6.2,312.9,475.2,D,0
-15.9875,125.8967,346,3,1.6,2014-10-18,0123,Terra,MODIS,91,6.2,313,194.4,D,0
-14.5578,135.2996,364.2,1,1,2014-10-18,0123,Terra,MODIS,100,6.2,314.4,79.3,D,0
-16.5978,142.3289,359,2.9,1.6,2014-10-18,0123,Terra,MODIS,99,6.2,311.6,310.8,D,0
-16.1977,134.2427,339.9,1,1,2014-10-18,0123,Terra,MODIS,43,6.2,320.2,19.8,D,0
-16.2012,134.2042,334.1,1,1,2014-10-18,0123,Terra,MODIS,44,6.2,317.9,13,D,0
-16.634,142.3737,343.4,2.9,1.6,2014-10-18,0123,Terra,MODIS,86,6.2,308.8,150.2,D,0
-16.1922,134.2056,353.5,1,1,2014-10-18,0123,Terra,MODIS,95,6.2,321.5,45,D,0
-14.4165,133.3655,338,1,1,2014-10-18,0123,Terra,MODIS,56,6.2,323.2,14.2,D,0
-16.6328,142.3793,345.3,2.9,1.6,2014-10-18,0123,Terra,MODIS,91,6.2,310.4,163.9,D,0
-16.6006,142.3556,340.4,2.9,1.6,2014-10-18,0123,Terra,MODIS,79,6.2,313.2,121.1,D,0
-16.6123,142.3273,331.5,2.9,1.6,2014-10-18,0123,Terra,MODIS,43,6.2,307.6,73.3,D,0
-16.1964,134.2334,350.7,1,1,2014-10-18,0123,Terra,MODIS,90,6.2,320.2,39.3,D,0
-16.1936,134.2148,360.6,1,1,2014-10-18,0123,Terra,MODIS,100,6.2,321.2,62.9,D,0
-16.9676,142.547,329.8,3,1.6,2014-10-18,0123,Terra,MODIS,28,6.2,311.6,51.2,D,0
-16.1238,133.9939,339.3,1,1,2014-10-18,0123,Terra,MODIS,76,6.2,320.2,17.2,D,0
-16.1735,133.8943,386.9,1,1,2014-10-18,0123,Terra,MODIS,100,6.2,328.2,167.7,D,0
-16.1901,133.8822,440,1,1,2014-10-18,0123,Terra,MODIS,100,6.2,319.6,580.8,D,0
-16.1984,133.9381,445.9,1,1,2014-10-18,0123,Terra,MODIS,100,6.2,341.3,640.1,D,0
-16.3776,131.3111,336.2,1.2,1.1,2014-10-18,0123,Terra,MODIS,44,6.2,322.4,17.7,D,0
-16.3794,131.3225,334.3,1.2,1.1,2014-10-18,0123,Terra,MODIS,29,6.2,320.4,13.8,D,0
-16.3837,131.2867,370.6,1.2,1.1,2014-10-18,0123,Terra,MODIS,100,6.2,323.2,126.6,D,0
-16.3856,131.2981,391.6,1.2,1.1,2014-10-18,0123,Terra,MODIS,100,6.2,328.3,245.8,D,0
-16.3874,131.3094,339.1,1.2,1.1,2014-10-18,0123,Terra,MODIS,59,6.2,321.4,23.3,D,0
-16.3936,131.285,364.2,1.2,1.1,2014-10-18,0123,Terra,MODIS,100,6.2,319.8,100.1,D,0
-16.3955,131.2964,365,1.2,1.1,2014-10-18,0123,Terra,MODIS,100,6.2,322.6,102.6,D,0
-16.1284,125.7468,335.6,3.1,1.7,2014-10-18,0123,Terra,MODIS,81,6.2,308,124.9,D,0
-16.1267,125.7401,335.5,3.1,1.7,2014-10-18,0123,Terra,MODIS,80,6.2,307.3,125.2,D,0
-14.5592,135.3089,360.3,1,1,2014-10-18,0123,Terra,MODIS,100,6.2,318.2,68,D,0
-17.3042,133.0267,376.1,1,1,2014-10-18,0123,Terra,MODIS,100,6.2,316.3,122.6,D,0
-17.3057,133.0363,403.4,1,1,2014-10-18,0123,Terra,MODIS,100,6.2,328.2,265.5,D,0
-17.3072,133.0459,352.1,1,1,2014-10-18,0123,Terra,MODIS,94,6.2,319.6,49.6,D,0
-17.3086,133.0555,338,1,1,2014-10-18,0123,Terra,MODIS,77,6.2,317.5,22.3,D,0
-17.3133,133.0253,357.5,1,1,2014-10-18,0123,Terra,MODIS,98,6.2,312.9,60.8,D,0
-17.3148,133.0348,396.3,1,1,2014-10-18,0123,Terra,MODIS,100,6.2,319.6,220.2,D,0
-17.3163,133.0444,371.7,1,1,2014-10-18,0123,Terra,MODIS,100,6.2,320.8,106.4,D,0
-17.3177,133.054,356.9,1,1,2014-10-18,0123,Terra,MODIS,97,6.2,320.4,62,D,0
-15.4769,126.0369,353.8,3,1.6,2014-10-18,0123,Terra,MODIS,96,6.2,312.2,276.7,D,0
-15.4916,126.0339,336.1,3,1.6,2014-10-18,0123,Terra,MODIS,81,6.2,310,106.9,D,0
-16.2197,133.9569,340.1,1,1,2014-10-18,0123,Terra,MODIS,60,6.2,307.9,26.9,D,0
-16.8133,130.7094,339.2,1.3,1.1,2014-10-18,0123,Terra,MODIS,66,6.2,320.1,26.9,D,0
-16.8306,130.6999,338.1,1.3,1.1,2014-10-18,0123,Terra,MODIS,17,6.2,323.1,22.1,D,0
-16.0589,134.2386,334.9,1,1,2014-10-18,0123,Terra,MODIS,44,6.2,319.3,13.1,D,0
-17.346,131.0873,342.3,1.2,1.1,2014-10-18,0123,Terra,MODIS,84,6.2,323.1,32.9,D,0
-17.3558,131.0855,342.1,1.2,1.1,2014-10-18,0123,Terra,MODIS,80,6.2,320.4,31.7,D,0
-16.8591,130.6823,355.8,1.3,1.1,2014-10-18,0123,Terra,MODIS,97,6.2,321,75.4,D,0
-16.8611,130.6945,361.6,1.3,1.1,2014-10-18,0123,Terra,MODIS,100,6.2,321.8,99.3,D,0
-16.8693,130.6805,341.6,1.3,1.1,2014-10-18,0123,Terra,MODIS,84,6.2,318.5,33.5,D,0
-14.4074,133.3669,339.5,1,1,2014-10-18,0123,Terra,MODIS,77,6.2,323.2,17.8,D,0
-16.8673,130.6683,345.7,1.3,1.1,2014-10-18,0123,Terra,MODIS,88,6.2,317.9,43.5,D,0
-16.8755,130.6544,355.7,1.3,1.1,2014-10-18,0123,Terra,MODIS,97,6.2,319.9,79.4,D,0
-16.8774,130.6666,332.4,1.3,1.1,2014-10-18,0123,Terra,MODIS,36,6.2,318.2,13.8,D,0
-17.9728,138.9299,336.4,1.7,1.3,2014-10-18,0123,Terra,MODIS,78,6.2,318.9,32.5,D,0
-17.9842,138.9284,333,1.7,1.3,2014-10-18,0123,Terra,MODIS,56,6.2,320.4,20.8,D,0
-17.3441,131.0759,333.9,1.2,1.1,2014-10-18,0123,Terra,MODIS,44,6.2,322.3,15.1,D,0
-16.7158,142.3102,335.5,2.9,1.6,2014-10-18,0123,Terra,MODIS,82,6.2,308.7,96.6,D,0
-16.7187,142.3369,332.4,2.9,1.6,2014-10-18,0123,Terra,MODIS,79,6.2,310.9,75.7,D,0
-16.7172,142.3036,324.7,2.9,1.6,2014-10-18,0123,Terra,MODIS,56,6.2,307.9,34,D,0
-16.1307,134.0405,336,1,1,2014-10-18,0123,Terra,MODIS,38,6.2,320.5,9.6,D,0
-16.7199,142.3303,334.8,2.9,1.6,2014-10-18,0123,Terra,MODIS,81,6.2,311.2,91.8,D,0
-16.0286,134.0342,343.5,1,1,2014-10-18,0123,Terra,MODIS,87,6.2,317.9,27.2,D,0
-16.0368,134.2135,340.6,1,1,2014-10-18,0123,Terra,MODIS,83,6.2,319.9,24.1,D,0
-16.0196,134.1592,332,1,1,2014-10-18,0123,Terra,MODIS,68,6.2,318.3,11.2,D,0
-16.0354,134.2043,332.8,1,1,2014-10-18,0123,Terra,MODIS,50,6.2,318.6,12.1,D,0
-16.9645,142.519,329.8,3,1.6,2014-10-18,0123,Terra,MODIS,62,6.2,310.7,46.4,D,0
-16.0472,134.2215,346,1,1,2014-10-18,0123,Terra,MODIS,81,6.2,319.7,30.5,D,0
-16.213,133.974,360.8,1,1,2014-10-18,0123,Terra,MODIS,85,6.2,320.4,67.7,D,0
-16.7837,138.543,331,1.5,1.2,2014-10-18,0123,Terra,MODIS,0,6.2,310.1,23.5,D,0
-16.0471,134.0345,336.5,1,1,2014-10-18,0123,Terra,MODIS,77,6.2,319.1,15.7,D,0
-16.1721,133.885,446.8,1,1,2014-10-18,0123,Terra,MODIS,100,6.2,338.4,657.9,D,0
-16.1915,133.8915,500,1,1,2014-10-18,0123,Terra,MODIS,100,6.2,356.7,1601.8,D,0
-16.1957,133.9195,460.1,1,1,2014-10-18,0123,Terra,MODIS,100,6.2,348.9,834,D,0
-16.1943,133.9102,453,1,1,2014-10-18,0123,Terra,MODIS,100,6.2,347,737.1,D,0
-16.1998,133.9474,409.3,1,1,2014-10-18,0123,Terra,MODIS,100,6.2,330,291.3,D,0
-16.0444,134.2029,350.1,1,1,2014-10-18,0123,Terra,MODIS,93,6.2,319.9,39.9,D,0
-14.4089,133.3765,334.8,1,1,2014-10-18,0123,Terra,MODIS,42,6.2,322.5,10.4,D,0
-16.221,133.9662,377.4,1,1,2014-10-18,0123,Terra,MODIS,100,6.2,314.9,126,D,0
-16.2116,133.9647,396.5,1,1,2014-10-18,0123,Terra,MODIS,100,6.2,323.5,217.7,D,0
-16.2102,133.9554,386.4,1,1,2014-10-18,0123,Terra,MODIS,100,6.2,316.2,165.6,D,0
-16.1707,133.8757,379.7,1,1,2014-10-18,0123,Terra,MODIS,100,6.2,312.9,138.1,D,0
-16.1673,133.9144,352.9,1,1,2014-10-18,0123,Terra,MODIS,89,6.2,321.5,47.5,D,0
-16.7725,142.2704,335.8,2.8,1.6,2014-10-18,0123,Terra,MODIS,81,6.2,311.9,90.6,D,0
-14.9711,135.1684,338.7,1,1,2014-10-18,0123,Terra,MODIS,63,6.2,314.5,21.1,D,0
-16.0037,133.9905,331.6,1,1,2014-10-18,0123,Terra,MODIS,67,6.2,317.9,11.7,D,0
-16.0051,133.9998,341.1,1,1,2014-10-18,0123,Terra,MODIS,84,6.2,318.5,25.1,D,0
-16.0064,134.0091,343.5,1,1,2014-10-18,0123,Terra,MODIS,87,6.2,318.5,28.9,D,0
-16.0099,133.9705,445.6,1,1,2014-10-18,0123,Terra,MODIS,100,6.2,335.4,639.3,D,0
-16.0113,133.9798,417.7,1,1,2014-10-18,0123,Terra,MODIS,100,6.2,331.9,356.5,D,0
-16.0127,133.9891,348.2,1,1,2014-10-18,0123,Terra,MODIS,91,6.2,324.3,36,D,0
-16.1929,133.9008,446.3,1,1,2014-10-18,0123,Terra,MODIS,100,6.2,343,654.7,D,0
-16.0458,134.2122,369.5,1,1,2014-10-18,0123,Terra,MODIS,100,6.2,322.8,91.9,D,0
-16.139,134.0332,360.6,1,1,2014-10-18,0123,Terra,MODIS,100,6.2,321.5,60.1,D,0
-16.1998,134.1949,337.8,1,1,2014-10-18,0123,Terra,MODIS,64,6.2,318.8,18,D,0
-16.023,133.997,344.1,1,1,2014-10-18,0123,Terra,MODIS,87,6.2,323.3,26.1,D,0
-16.0175,133.9597,384.2,1,1,2014-10-18,0123,Terra,MODIS,100,6.2,316,154.1,D,0
-16.1611,133.9344,348.4,1,1,2014-10-18,0123,Terra,MODIS,42,6.2,320,32.9,D,0
-16.1335,133.9959,338.3,1,1,2014-10-18,0123,Terra,MODIS,69,6.2,318.8,16.1,D,0
-16.1321,133.9866,343.9,1,1,2014-10-18,0123,Terra,MODIS,87,6.2,319.5,26.4,D,0
-16.1971,133.9288,467.8,1,1,2014-10-18,0123,Terra,MODIS,100,6.2,348.1,953.9,D,0
-16.1383,133.9666,355.3,1,1,2014-10-18,0123,Terra,MODIS,96,6.2,320.1,50.1,D,0
-16.1749,133.9037,371.9,1,1,2014-10-18,0123,Terra,MODIS,100,6.2,326.4,105,D,0
-16.2012,133.9568,374.2,1,1,2014-10-18,0123,Terra,MODIS,100,6.2,322.7,105.2,D,0
-16.1376,134.0238,383.4,1,1,2014-10-18,0123,Terra,MODIS,100,6.2,323.5,141.4,D,0
-16.1881,133.9302,360.1,1,1,2014-10-18,0123,Terra,MODIS,90,6.2,324.5,62.4,D,0
-16.1362,134.0146,341.5,1,1,2014-10-18,0123,Terra,MODIS,57,6.2,318.4,19.4,D,0
-16.1874,133.9875,342.6,1,1,2014-10-18,0123,Terra,MODIS,68,6.2,319.9,20.8,D,0
-16.1791,133.9316,346.9,1,1,2014-10-18,0123,Terra,MODIS,57,6.2,322.5,29.4,D,0
-16.1369,133.9573,370.6,1,1,2014-10-18,0123,Terra,MODIS,100,6.2,325.2,95.8,D,0
-16.1355,133.948,378.3,1,1,2014-10-18,0123,Terra,MODIS,100,6.2,325.8,125.7,D,0
-16.1459,133.9559,411,1,1,2014-10-18,0123,Terra,MODIS,100,6.2,323.5,302.6,D,0
-16.1466,134.0225,340.4,1,1,2014-10-18,0123,Terra,MODIS,61,6.2,320,17,D,0
-16.1445,133.9466,453,1,1,2014-10-18,0123,Terra,MODIS,100,6.2,330,730.8,D,0
-16.1797,133.8743,371.5,1,1,2014-10-18,0123,Terra,MODIS,100,6.2,311.5,107.5,D,0
-16.1763,133.913,360.9,1,1,2014-10-18,0123,Terra,MODIS,95,6.2,325,65.1,D,0
-16.1645,133.8958,404.3,1,1,2014-10-18,0123,Terra,MODIS,100,6.2,325.9,264.6,D,0
-16.1659,133.9051,411.6,1,1,2014-10-18,0123,Terra,MODIS,100,6.2,329.3,313.6,D,0
-16.1777,133.9223,355,1,1,2014-10-18,0123,Terra,MODIS,80,6.2,324,47.6,D,0
-16.1811,133.8836,500,1,1,2014-10-18,0123,Terra,MODIS,100,6.2,352.5,1600.1,D,0
-16.1839,133.9023,389.1,1,1,2014-10-18,0123,Terra,MODIS,100,6.2,331.1,178.7,D,0
-16.1825,133.8929,447.2,1,1,2014-10-18,0123,Terra,MODIS,100,6.2,348.4,664.4,D,0
-16.2019,133.8994,359.7,1,1,2014-10-18,0123,Terra,MODIS,99,6.2,308.6,72.7,D,0
-16.1867,133.9209,367.1,1,1,2014-10-18,0123,Terra,MODIS,96,6.2,325.9,83.9,D,0
-16.2005,133.8901,356.9,1,1,2014-10-18,0123,Terra,MODIS,98,6.2,307.3,66.4,D,0
-16.2026,133.9661,353.4,1,1,2014-10-18,0123,Terra,MODIS,70,6.2,319.7,44.2,D,0
-16.9497,142.3742,332,2.9,1.6,2014-10-18,0123,Terra,MODIS,72,6.2,308.8,72.3,D,0
-16.0692,134.0596,339.8,1,1,2014-10-18,0123,Terra,MODIS,82,6.2,320.3,18.6,D,0
-16.1404,134.0425,341.1,1,1,2014-10-18,0123,Terra,MODIS,64,6.2,320.9,18.6,D,0
-16.1294,134.0312,339.3,1,1,2014-10-18,0123,Terra,MODIS,66,6.2,322.4,15.8,D,0
-16.148,134.0318,341,1,1,2014-10-18,0123,Terra,MODIS,78,6.2,319.8,17.8,D,0
-16.9641,142.5121,328.9,3,1.6,2014-10-18,0123,Terra,MODIS,58,6.2,310.1,43.5,D,0
-16.213,134.0977,337.6,1,1,2014-10-18,0123,Terra,MODIS,55,6.2,318.4,16.2,D,0
-16.0154,134.0077,343.8,1,1,2014-10-18,0123,Terra,MODIS,87,6.2,322.7,27.5,D,0
-16.0485,134.0438,339.7,1,1,2014-10-18,0123,Terra,MODIS,51,6.2,318.5,18.8,D,0
-16.2342,133.9927,363.7,1,1,2014-10-18,0123,Terra,MODIS,100,6.2,311.1,78.5,D,0
-16.014,133.9984,348.8,1,1,2014-10-18,0123,Terra,MODIS,92,6.2,324.5,36.8,D,0
-16.0216,133.9877,379,1,1,2014-10-18,0123,Terra,MODIS,100,6.2,327.9,125.6,D,0
-16.0189,133.9691,500,1,1,2014-10-18,0123,Terra,MODIS,100,6.2,369.1,1593.5,D,0
-16.979,142.5105,331.2,3,1.6,2014-10-18,0123,Terra,MODIS,64,6.2,310.8,59.7,D,0
-16.0203,133.9784,446.7,1,1,2014-10-18,0123,Terra,MODIS,100,6.2,343.6,649.9,D,0
-14.5682,135.3076,334.3,1,1,2014-10-18,0123,Terra,MODIS,53,6.2,312.3,14.1,D,0
-16.2006,134.1377,340.3,1,1,2014-10-18,0123,Terra,MODIS,68,6.2,318.5,20.3,D,0
-14.5605,135.3183,338.8,1,1,2014-10-18,0123,Terra,MODIS,79,6.2,315.7,22,D,0
-16.1985,134.1856,340.3,1,1,2014-10-18,0123,Terra,MODIS,69,6.2,318.7,21.2,D,0
-16.1631,133.8864,380.9,1,1,2014-10-18,0123,Terra,MODIS,100,6.2,317.8,141.7,D,0
-16.0705,133.9451,328.6,1,1,2014-10-18,0123,Terra,MODIS,29,6.2,316.5,8.7,D,0
-16.0279,133.9677,353.9,1,1,2014-10-18,0123,Terra,MODIS,96,6.2,315,51.7,D,0
-16.2061,133.9274,328.2,1,1,2014-10-18,0123,Terra,MODIS,51,6.2,310.7,12.6,D,0
-16.2033,133.9088,389.6,1,1,2014-10-18,0123,Terra,MODIS,100,6.2,312.7,183.2,D,0
-16.2224,133.9755,414.1,1,1,2014-10-18,0123,Terra,MODIS,100,6.2,327.1,331.2,D,0
-16.2047,133.9181,363.3,1,1,2014-10-18,0123,Terra,MODIS,100,6.2,312.7,81.4,D,0
-16.0272,134.0249,341.8,1,1,2014-10-18,0123,Terra,MODIS,74,6.2,321.1,23.6,D,0
-16.1936,133.9675,342.6,1,1,2014-10-18,0123,Terra,MODIS,65,6.2,319.9,20.2,D,0
-16.1895,133.9395,348.3,1,1,2014-10-18,0123,Terra,MODIS,52,6.2,322.1,27.6,D,0
-16.2252,133.9941,402.9,1,1,2014-10-18,0123,Terra,MODIS,100,6.2,329.4,252.4,D,0
-16.2238,133.9848,379.6,1,1,2014-10-18,0123,Terra,MODIS,100,6.2,319.4,134.1,D,0
-14.9891,135.1657,335.3,1,1,2014-10-18,0123,Terra,MODIS,46,6.2,315.7,14.8,D,0
-16.1853,133.9116,371,1,1,2014-10-18,0123,Terra,MODIS,100,6.2,326.4,98.8,D,0
-14.9607,135.1604,337.3,1,1,2014-10-18,0123,Terra,MODIS,58,6.2,315.8,19.1,D,0
-16.0691,133.9357,340.4,1,1,2014-10-18,0123,Terra,MODIS,83,6.2,314.7,27.1,D,0
-16.967,142.5401,332.5,3,1.6,2014-10-18,0123,Terra,MODIS,67,6.2,311.9,72.8,D,0
-16.1964,133.9861,341.7,1,1,2014-10-18,0123,Terra,MODIS,40,6.2,317,18.1,D,0
-16.1494,134.0411,337.8,1,1,2014-10-18,0123,Terra,MODIS,57,6.2,320.5,13.2,D,0
-16.0293,133.977,358.8,1,1,2014-10-18,0123,Terra,MODIS,99,6.2,319,62.3,D,0
-17.9234,138.9046,330.4,1.6,1.3,2014-10-18,0123,Terra,MODIS,66,6.2,317.4,20.1,D,0
-16.2192,134.0778,364,1,1,2014-10-18,0123,Terra,MODIS,100,6.2,320,74.1,D,0
-16.2178,134.0685,383.1,1,1,2014-10-18,0123,Terra,MODIS,100,6.2,321.1,142.6,D,0
-16.1978,133.9954,347.1,1,1,2014-10-18,0123,Terra,MODIS,82,6.2,316.6,28,D,0
-16.2206,134.0871,344.6,1,1,2014-10-18,0123,Terra,MODIS,78,6.2,317.6,29.2,D,0
-16.2266,134.0034,363.5,1,1,2014-10-18,0123,Terra,MODIS,100,6.2,319.2,76.9,D,0
-14.9982,135.1643,340.7,1,1,2014-10-18,0123,Terra,MODIS,64,6.2,316.4,21.7,D,0
-15.0072,135.163,337,1,1,2014-10-18,0123,Terra,MODIS,38,6.2,316,14.4,D,0
-16.6842,129.7001,337,1.5,1.2,2014-10-18,0123,Terra,MODIS,79,6.2,319.2,32.5,D,0
-16.6636,129.6454,350.5,1.5,1.2,2014-10-18,0123,Terra,MODIS,93,6.2,321.6,78.5,D,0
-16.6612,129.631,368.5,1.5,1.2,2014-10-18,0123,Terra,MODIS,100,6.2,322,170,D,0
-16.6587,129.6165,375.1,1.5,1.2,2014-10-18,0123,Terra,MODIS,100,6.2,323.6,213.9,D,0
-16.5804,127.3781,344,2.3,1.5,2014-10-18,0123,Terra,MODIS,89,6.2,317.1,104.2,D,0
-16.6562,129.602,358.5,1.6,1.2,2014-10-18,0123,Terra,MODIS,99,6.2,321.2,119,D,0
-16.5707,127.2484,342.2,2.3,1.5,2014-10-18,0123,Terra,MODIS,85,6.2,313.7,94.6,D,0
-16.7119,127.5992,328.4,2.2,1.4,2014-10-18,0123,Terra,MODIS,47,6.2,316.3,24.5,D,0
-17.1645,130.361,340.4,1.4,1.2,2014-10-18,0123,Terra,MODIS,82,6.2,319.2,32.1,D,0
-16.6538,129.5876,335.9,1.6,1.2,2014-10-18,0123,Terra,MODIS,77,6.2,317.2,35,D,0
-16.725,129.8093,329.1,1.5,1.2,2014-10-18,0123,Terra,MODIS,47,6.2,317.5,14.1,D,0
-16.6117,129.7493,337.9,1.5,1.2,2014-10-18,0123,Terra,MODIS,62,6.2,318.7,33.6,D,0
-16.6094,129.7352,335.9,1.5,1.2,2014-10-18,0123,Terra,MODIS,51,6.2,320.4,25.4,D,0
-14.3536,127.0129,334.1,2.7,1.6,2014-10-18,0123,Terra,MODIS,79,6.2,313.6,64.8,D,0
-16.6389,127.4888,328.4,2.2,1.4,2014-10-18,0123,Terra,MODIS,45,6.2,316.5,24.9,D,0
-17.0508,130.2962,342.2,1.4,1.2,2014-10-18,0123,Terra,MODIS,85,6.2,320.8,41.4,D,0
-14.4939,126.8772,333.4,2.7,1.6,2014-10-18,0123,Terra,MODIS,70,6.2,311.9,73,D,0
-16.5664,127.2423,345.6,2.3,1.5,2014-10-18,0123,Terra,MODIS,90,6.2,314,109.5,D,0
-14.4969,126.8697,330.7,2.7,1.6,2014-10-18,0123,Terra,MODIS,64,6.2,310.6,60.6,D,0
-14.3498,127.0207,329.7,2.7,1.6,2014-10-18,0123,Terra,MODIS,72,6.2,313.1,40.9,D,0
-16.5931,126.8167,333.4,2.5,1.5,2014-10-18,0123,Terra,MODIS,59,6.2,315.6,55.5,D,0
-16.5822,126.8013,339.3,2.5,1.5,2014-10-18,0123,Terra,MODIS,84,6.2,314.5,91,D,0
-16.5864,126.8242,329.7,2.5,1.5,2014-10-18,0123,Terra,MODIS,38,6.2,314.2,39.8,D,0
-16.5704,127.264,339.4,2.3,1.5,2014-10-18,0123,Terra,MODIS,48,6.2,314.6,70.5,D,0
-15.9458,126.0815,323.4,2.9,1.6,2014-10-18,0123,Terra,MODIS,40,6.2,308.7,34.4,D,0
-17.148,130.4993,338.2,1.3,1.1,2014-10-18,0123,Terra,MODIS,54,6.2,321.2,24.7,D,0
-16.8674,130.605,337.3,1.3,1.1,2014-10-18,0123,Terra,MODIS,78,6.2,317.3,26.8,D,0
-16.5761,127.2023,334.4,2.3,1.5,2014-10-18,0123,Terra,MODIS,51,6.2,313.9,54.7,D,0
-16.5847,127.1938,335.7,2.3,1.5,2014-10-18,0123,Terra,MODIS,80,6.2,312.3,68,D,0
-14.3453,126.9951,326.8,2.7,1.6,2014-10-18,0123,Terra,MODIS,51,6.2,313.1,30.1,D,0
-14.2507,127.1887,334.8,2.6,1.5,2014-10-18,0123,Terra,MODIS,74,6.2,313.6,71.2,D,0
-14.2414,127.172,338.7,2.6,1.6,2014-10-18,0123,Terra,MODIS,89,6.2,313.6,96.8,D,0
-16.8694,130.6175,368.1,1.3,1.1,2014-10-18,0123,Terra,MODIS,100,6.2,319.5,131.5,D,0
-14.2275,127.1747,341.1,2.6,1.6,2014-10-18,0123,Terra,MODIS,90,6.2,312.9,117.1,D,0
-14.2233,127.1508,346,2.6,1.6,2014-10-18,0123,Terra,MODIS,93,6.2,312.8,153.2,D,0
-14.1782,126.9811,330.3,2.7,1.6,2014-10-18,0123,Terra,MODIS,83,6.2,310.7,59.3,D,0
-17.1706,130.3339,347.9,1.4,1.2,2014-10-18,0123,Terra,MODIS,90,6.2,316.7,57.1,D,0
-17.1685,130.3212,368.5,1.4,1.2,2014-10-18,0123,Terra,MODIS,100,6.2,318.8,141.1,D,0
-16.5577,127.2515,330,2.3,1.5,2014-10-18,0123,Terra,MODIS,30,6.2,313.5,34.4,D,0
-17.1664,130.3085,420.2,1.4,1.2,2014-10-18,0123,Terra,MODIS,100,6.2,327.2,596.2,D,0
-17.1643,130.2958,382.1,1.4,1.2,2014-10-18,0123,Terra,MODIS,100,6.2,314.9,228.4,D,0
-17.1624,130.3484,336.1,1.4,1.2,2014-10-18,0123,Terra,MODIS,70,6.2,320.7,23,D,0
-17.1603,130.3358,334.4,1.4,1.2,2014-10-18,0123,Terra,MODIS,61,6.2,321.3,20.8,D,0
-17.1727,130.3466,344.8,1.4,1.2,2014-10-18,0123,Terra,MODIS,81,6.2,315,45.9,D,0
-17.1581,130.323,348.9,1.4,1.2,2014-10-18,0123,Terra,MODIS,91,6.2,321.3,58.9,D,0
-17.156,130.3104,366.9,1.4,1.2,2014-10-18,0123,Terra,MODIS,100,6.2,322.6,136.6,D,0
-17.1539,130.2977,335.1,1.4,1.2,2014-10-18,0123,Terra,MODIS,60,6.2,316.8,28,D,0
-14.4657,126.8824,327,2.7,1.6,2014-10-18,0123,Terra,MODIS,50,6.2,312.4,40.8,D,0
-16.5888,126.7939,333.6,2.5,1.5,2014-10-18,0123,Terra,MODIS,69,6.2,313,54.6,D,0
-14.2456,127.1958,333.6,2.6,1.5,2014-10-18,0123,Terra,MODIS,67,6.2,312.2,66.1,D,0
-14.3103,127.2024,332.7,2.6,1.5,2014-10-18,0123,Terra,MODIS,60,6.2,314.4,55.8,D,0
-16.8715,130.6299,337.2,1.3,1.1,2014-10-18,0123,Terra,MODIS,75,6.2,316.8,24.4,D,0
-16.5984,129.737,339.3,1.5,1.2,2014-10-18,0123,Terra,MODIS,58,6.2,317.8,36.4,D,0
-16.5887,129.6799,339.3,1.5,1.2,2014-10-18,0123,Terra,MODIS,69,6.2,320.1,35.5,D,0
-16.8735,130.6422,337.2,1.3,1.1,2014-10-18,0123,Terra,MODIS,66,6.2,317.7,23,D,0
-16.8797,130.6157,334.1,1.3,1.1,2014-10-18,0123,Terra,MODIS,64,6.2,315.7,20,D,0
-15.9823,125.8689,340.8,3,1.7,2014-10-18,0123,Terra,MODIS,86,6.2,307.3,157,D,0
-15.9836,125.8756,347.1,3,1.7,2014-10-18,0123,Terra,MODIS,90,6.2,309,213,D,0
-15.9689,125.8788,364.3,3,1.7,2014-10-18,0123,Terra,MODIS,100,6.2,308.2,424.1,D,0
-17.3801,124.1914,324.6,3.8,1.8,2014-10-18,0124,Terra,MODIS,42,6.2,308.4,47.8,D,0
-19.0455,129.1459,346.8,1.5,1.2,2014-10-18,0124,Terra,MODIS,90,6.2,317.6,60.9,D,0
-19.0395,129.1764,341.8,1.5,1.2,2014-10-18,0124,Terra,MODIS,73,6.2,318.8,45.5,D,0
-19.0371,129.1622,355.7,1.5,1.2,2014-10-18,0124,Terra,MODIS,97,6.2,319.2,97.5,D,0
-16.8951,124.62,328.5,3.6,1.8,2014-10-18,0124,Terra,MODIS,68,6.2,306.6,79.9,D,0
-20.0858,124.224,363.8,3.3,1.7,2014-10-18,0124,Terra,MODIS,100,6.2,314.3,446.7,D,0
-20.0795,124.1929,333.6,3.3,1.7,2014-10-18,0124,Terra,MODIS,75,6.2,311.9,93.8,D,0
-20.0705,124.2273,338,3.3,1.7,2014-10-18,0124,Terra,MODIS,82,6.2,315.2,126.8,D,0
-20.0902,124.2301,346.6,3.3,1.7,2014-10-18,0124,Terra,MODIS,91,6.2,312.9,214.5,D,0
-20.0841,124.199,341.9,3.3,1.7,2014-10-18,0124,Terra,MODIS,87,6.2,311.4,165.9,D,0
-20.075,124.2334,348.4,3.3,1.7,2014-10-18,0124,Terra,MODIS,92,6.2,315.4,228.8,D,0
-20.0689,124.2024,334.3,3.3,1.7,2014-10-18,0124,Terra,MODIS,75,6.2,314.1,91.4,D,0
-20.0598,124.2369,330.4,3.3,1.7,2014-10-18,0124,Terra,MODIS,62,6.2,315.7,65.6,D,0
-17.4242,128.5706,366.3,1.8,1.3,2014-10-18,0124,Terra,MODIS,100,6.2,321.8,188.8,D,0
-17.4271,128.5869,331.7,1.8,1.3,2014-10-18,0124,Terra,MODIS,48,6.2,317.8,19.2,D,0
-19.6441,128.205,332,1.7,1.3,2014-10-18,0124,Terra,MODIS,71,6.2,319.5,24.2,D,0
-19.6499,128.3691,337.1,1.7,1.3,2014-10-18,0124,Terra,MODIS,60,6.2,320.4,34.8,D,0
-19.6357,128.3555,336.3,1.7,1.3,2014-10-18,0124,Terra,MODIS,64,6.2,320.2,32.4,D,0
-19.6382,128.3609,342,1.7,1.3,2014-10-18,0124,Terra,MODIS,81,6.2,319.7,51.6,D,0
-18.0026,127.7393,342,2,1.4,2014-10-18,0124,Terra,MODIS,87,6.2,315.6,84.2,D,0
-18.1063,130.1559,415.2,1.4,1.2,2014-10-18,0124,Terra,MODIS,100,6.2,328.1,518.1,D,0
-18.096,130.2223,335.2,1.3,1.1,2014-10-18,0124,Terra,MODIS,64,6.2,319.7,19.8,D,0
-18.1042,130.1432,356.6,1.4,1.2,2014-10-18,0124,Terra,MODIS,97,6.2,322.4,81.2,D,0
-18.0563,130.0467,333.2,1.4,1.2,2014-10-18,0124,Terra,MODIS,67,6.2,315.8,19.7,D,0
-18.0584,130.0595,343.7,1.4,1.2,2014-10-18,0124,Terra,MODIS,87,6.2,319.5,44.6,D,0
-17.7575,126.1455,334.2,2.6,1.6,2014-10-18,0124,Terra,MODIS,78,6.2,311.3,77.9,D,0
-17.7485,126.1737,323.6,2.6,1.6,2014-10-18,0124,Terra,MODIS,32,6.2,311.2,23.8,D,0
-17.7438,126.1491,339.5,2.6,1.6,2014-10-18,0124,Terra,MODIS,85,6.2,313,110.4,D,0
-17.7535,126.1535,349,2.6,1.6,2014-10-18,0124,Terra,MODIS,93,6.2,312.3,184.2,D,0
-17.7396,126.1565,324,2.6,1.6,2014-10-18,0124,Terra,MODIS,34,6.2,311.4,24,D,0
-17.387,124.2262,323,3.7,1.8,2014-10-18,0124,Terra,MODIS,21,6.2,307.1,35.9,D,0
-17.3937,124.219,328,3.7,1.8,2014-10-18,0124,Terra,MODIS,67,6.2,307.1,75.2,D,0
-18.0899,130.2492,348,1.3,1.1,2014-10-18,0124,Terra,MODIS,91,6.2,321.7,53.1,D,0
-18.0919,130.2616,340.4,1.3,1.1,2014-10-18,0124,Terra,MODIS,77,6.2,318.5,33.7,D,0
-18.1185,130.1216,346.9,1.4,1.2,2014-10-18,0124,Terra,MODIS,90,6.2,313.6,56.1,D,0
-18.1163,130.1089,352,1.4,1.2,2014-10-18,0124,Terra,MODIS,94,6.2,315.3,73.3,D,0
-18.1146,130.1614,369.5,1.3,1.2,2014-10-18,0124,Terra,MODIS,100,6.2,314.5,149.5,D,0
-18.0383,130.1939,335.4,1.3,1.1,2014-10-18,0124,Terra,MODIS,74,6.2,319.1,23.8,D,0
-18.0359,130.1161,333.1,1.4,1.2,2014-10-18,0124,Terra,MODIS,25,6.2,317.2,18.6,D,0
-18.006,127.7579,327.2,2,1.4,2014-10-18,0124,Terra,MODIS,48,6.2,314.9,23.3,D,0
-18.0606,130.0723,340.4,1.4,1.2,2014-10-18,0124,Terra,MODIS,83,6.2,319.5,33.6,D,0
-18.1124,130.1488,393.1,1.4,1.2,2014-10-18,0124,Terra,MODIS,100,6.2,320,302.9,D,0
-18.1082,130.1235,360.4,1.4,1.2,2014-10-18,0124,Terra,MODIS,100,6.2,322,103.7,D,0
-18.106,130.1108,336.8,1.4,1.2,2014-10-18,0124,Terra,MODIS,64,6.2,320.2,27.2,D,0
-18.096,130.1578,333.3,1.4,1.2,2014-10-18,0124,Terra,MODIS,31,6.2,319.5,13.6,D,0
-18.0981,130.2349,348.4,1.3,1.1,2014-10-18,0124,Terra,MODIS,91,6.2,318.6,54.8,D,0
-18.1001,130.2474,343.1,1.3,1.1,2014-10-18,0124,Terra,MODIS,81,6.2,317.6,41.1,D,0
-18.1022,130.1955,422.1,1.3,1.1,2014-10-18,0124,Terra,MODIS,100,6.2,326.5,600.5,D,0
-18.1042,130.208,370.4,1.3,1.1,2014-10-18,0124,Terra,MODIS,100,6.2,320.8,143.9,D,0
-17.4514,128.5435,339.6,1.8,1.3,2014-10-18,0124,Terra,MODIS,80,6.2,314.9,48.5,D,0
-17.4449,128.5507,340.1,1.8,1.3,2014-10-18,0124,Terra,MODIS,84,6.2,315.9,49.7,D,0
-18.1103,130.1362,374.8,1.4,1.2,2014-10-18,0124,Terra,MODIS,100,6.2,321,173.3,D,0
-18.1063,130.2205,346.6,1.3,1.1,2014-10-18,0124,Terra,MODIS,85,6.2,317.2,48.6,D,0
-18.1107,130.2009,374.9,1.3,1.1,2014-10-18,0124,Terra,MODIS,100,6.2,320.2,176,D,0
-17.46,128.5241,364.6,1.8,1.3,2014-10-18,0124,Terra,MODIS,100,6.2,317.4,183.9,D,0
-17.4572,128.5082,335.9,1.8,1.3,2014-10-18,0124,Terra,MODIS,43,6.2,315.6,39.9,D,0
-17.3867,124.1842,323.7,3.8,1.8,2014-10-18,0124,Terra,MODIS,39,6.2,308.2,42.7,D,0
-18.1084,130.1685,364,1.3,1.2,2014-10-18,0124,Terra,MODIS,100,6.2,316.6,114.4,D,0
-18.1125,130.1936,345.5,1.3,1.1,2014-10-18,0124,Terra,MODIS,81,6.2,316,46.7,D,0
-18.094,130.2098,335.2,1.3,1.1,2014-10-18,0124,Terra,MODIS,60,6.2,319.9,19.2,D,0
-18.1021,130.1507,357.1,1.4,1.2,2014-10-18,0124,Terra,MODIS,98,6.2,323.1,88.1,D,0
-17.4626,128.5129,362.7,1.8,1.3,2014-10-18,0124,Terra,MODIS,100,6.2,316.4,173.1,D,0
-17.4654,128.5292,355,1.8,1.3,2014-10-18,0124,Terra,MODIS,97,6.2,316.9,122.1,D,0
-17.4689,128.5059,345.3,1.8,1.3,2014-10-18,0124,Terra,MODIS,89,6.2,314,81.5,D,0
-17.4718,128.522,334.6,1.8,1.3,2014-10-18,0124,Terra,MODIS,78,6.2,315.1,37.1,D,0
-17.4775,128.486,326.3,1.8,1.3,2014-10-18,0124,Terra,MODIS,28,6.2,311.5,15.4,D,0
-17.4806,128.5037,328,1.8,1.3,2014-10-18,0124,Terra,MODIS,31,6.2,315.1,19,D,0
-18.1043,130.1633,371.7,1.3,1.2,2014-10-18,0124,Terra,MODIS,100,6.2,322.9,156.5,D,0
-18.1086,130.1884,381.2,1.3,1.1,2014-10-18,0124,Terra,MODIS,100,6.2,317.4,215.5,D,0
-18.0735,130.2778,330.1,1.3,1.1,2014-10-18,0124,Terra,MODIS,44,6.2,317.6,13,D,0
-19.0496,129.1539,332.5,1.5,1.2,2014-10-18,0124,Terra,MODIS,68,6.2,315.7,23.5,D,0
-19.0471,129.1396,335.1,1.5,1.2,2014-10-18,0124,Terra,MODIS,63,6.2,317.1,28.8,D,0
-16.9109,124.6167,332.2,3.6,1.8,2014-10-18,0124,Terra,MODIS,75,6.2,307.4,103.3,D,0
-16.9033,124.6122,342.7,3.6,1.8,2014-10-18,0124,Terra,MODIS,88,6.2,306.9,208.6,D,0
-19.0412,129.1701,340.9,1.5,1.2,2014-10-18,0124,Terra,MODIS,75,6.2,318.7,43.8,D,0
-19.0387,129.1559,346.1,1.5,1.2,2014-10-18,0124,Terra,MODIS,90,6.2,317.8,59.9,D,0
-19.6585,128.219,331.3,1.7,1.3,2014-10-18,0124,Terra,MODIS,63,6.2,319.1,21.3,D,0
-19.5225,126.9604,328.1,2.1,1.4,2014-10-18,0124,Terra,MODIS,56,6.2,317,22.4,D,0
-19.5352,126.9579,328.1,2.1,1.4,2014-10-18,0124,Terra,MODIS,52,6.2,315.7,20.8,D,0
-19.8083,127.9555,329.3,1.8,1.3,2014-10-18,0124,Terra,MODIS,62,6.2,318.5,19.6,D,0
-19.852,127.9294,338.7,1.8,1.3,2014-10-18,0124,Terra,MODIS,82,6.2,318.7,48.2,D,0
-19.8549,127.9462,330.7,1.8,1.3,2014-10-18,0124,Terra,MODIS,53,6.2,317.4,21.1,D,0
-19.8496,127.9404,339.7,1.8,1.3,2014-10-18,0124,Terra,MODIS,83,6.2,317.9,50.8,D,0
-19.8582,127.9213,369.3,1.8,1.3,2014-10-18,0124,Terra,MODIS,100,6.2,320.8,218.6,D,0
-19.8613,127.9381,335.4,1.8,1.3,2014-10-18,0124,Terra,MODIS,77,6.2,318.1,37.6,D,0
-19.8699,127.9191,333.1,1.8,1.3,2014-10-18,0124,Terra,MODIS,73,6.2,316.8,30.4,D,0
-19.5922,125.3044,327.7,2.8,1.6,2014-10-18,0124,Terra,MODIS,60,6.2,316.2,36.5,D,0
-19.6995,134.153,383.9,1,1,2014-10-18,0124,Terra,MODIS,100,6.2,322.5,151.5,D,0
-19.7009,134.1626,406.4,1,1,2014-10-18,0124,Terra,MODIS,100,6.2,329.7,275.9,D,0
-19.7023,134.1722,381.4,1,1,2014-10-18,0124,Terra,MODIS,100,6.2,325.6,139.5,D,0
-19.6523,128.3745,339.3,1.7,1.3,2014-10-18,0124,Terra,MODIS,78,6.2,319.7,42.9,D,0
-16.6713,122.9381,342.3,4.8,2,2014-10-18,0124,Terra,MODIS,88,6.2,299.8,364.7,D,0
-16.6561,122.9489,325.9,4.8,2,2014-10-18,0124,Terra,MODIS,61,6.2,299.4,135.6,D,0
-16.6534,122.9418,325.3,4.8,2,2014-10-18,0124,Terra,MODIS,46,6.2,299,121.4,D,0
-16.662,122.8934,322.9,4.8,2,2014-10-18,0124,Terra,MODIS,40,6.2,296.7,104.5,D,0
-16.665,122.9004,332.7,4.8,2,2014-10-18,0124,Terra,MODIS,77,6.2,297.1,213.1,D,0
-16.674,122.9451,337,4.8,2,2014-10-18,0124,Terra,MODIS,82,6.2,300.1,276.8,D,0
-19.6509,143.5069,326.1,3.8,1.8,2014-10-18,0124,Terra,MODIS,57,6.2,309.4,93.3,D,0
-18.1903,132.4904,337.8,1,1,2014-10-18,0124,Terra,MODIS,58,6.2,319.6,17,D,0
-18.037,132.5218,336.8,1,1,2014-10-18,0124,Terra,MODIS,57,6.2,316.7,16.5,D,0
-18.0447,132.5105,336.1,1,1,2014-10-18,0124,Terra,MODIS,54,6.2,318.4,13.1,D,0
-17.9666,132.4795,340.4,1.1,1,2014-10-18,0124,Terra,MODIS,70,6.2,319,21.9,D,0
-18.1763,132.5831,331.2,1,1,2014-10-18,0124,Terra,MODIS,45,6.2,318.1,7.8,D,0
-18.0355,132.512,337.6,1,1,2014-10-18,0124,Terra,MODIS,53,6.2,320.1,17.1,D,0
-18.1613,132.3636,331.8,1.1,1,2014-10-18,0124,Terra,MODIS,37,6.2,316.8,9.5,D,0
-18.6502,132.3152,335.5,1.1,1,2014-10-18,0124,Terra,MODIS,74,6.2,318.4,16.3,D,0
-18.1964,132.4222,340.3,1.1,1,2014-10-18,0124,Terra,MODIS,74,6.2,318.8,21.5,D,0
-18.6747,132.2296,334.8,1.1,1,2014-10-18,0124,Terra,MODIS,73,6.2,317.8,15.9,D,0
-18.2102,132.3895,339.7,1.1,1,2014-10-18,0124,Terra,MODIS,80,6.2,317,23.8,D,0
-18.1417,132.7146,340.7,1,1,2014-10-18,0124,Terra,MODIS,70,6.2,318.9,21.4,D,0
-18.1403,132.7049,342.8,1,1,2014-10-18,0124,Terra,MODIS,80,6.2,320.4,24.8,D,0
-18.2056,132.4207,336.9,1.1,1,2014-10-18,0124,Terra,MODIS,67,6.2,315.9,17.1,D,0
-18.198,132.4321,361.4,1.1,1,2014-10-18,0124,Terra,MODIS,100,6.2,320.9,71.8,D,0
-18.1412,132.6588,335.9,1,1,2014-10-18,0124,Terra,MODIS,61,6.2,317.2,16.7,D,0
-18.0779,132.7251,342,1,1,2014-10-18,0124,Terra,MODIS,84,6.2,321.2,24.2,D,0
-18.1995,132.4419,339.9,1,1,2014-10-18,0124,Terra,MODIS,76,6.2,316.6,21.9,D,0
-18.1762,132.2935,331.4,1.1,1,2014-10-18,0124,Terra,MODIS,48,6.2,315.7,11.7,D,0
-18.0794,132.7348,336.7,1,1,2014-10-18,0124,Terra,MODIS,65,6.2,319.5,16.4,D,0
-18.7014,132.0542,336.3,1.1,1,2014-10-18,0124,Terra,MODIS,76,6.2,320.7,16.7,D,0
-18.1427,132.6686,336,1,1,2014-10-18,0124,Terra,MODIS,69,6.2,318.1,17.1,D,0
-18.1747,132.2835,336.6,1.1,1,2014-10-18,0124,Terra,MODIS,74,6.2,316.4,19.9,D,0
-18.1731,132.2735,345.8,1.1,1,2014-10-18,0124,Terra,MODIS,88,6.2,317.2,36.7,D,0
-18.1715,132.2636,342.4,1.1,1,2014-10-18,0124,Terra,MODIS,84,6.2,316.3,30.7,D,0
-18.1444,132.4374,337.3,1.1,1,2014-10-18,0124,Terra,MODIS,76,6.2,320,16.5,D,0
-18.1749,132.5131,337.9,1,1,2014-10-18,0124,Terra,MODIS,50,6.2,318.1,16.5,D,0
-18.17,132.2536,341.3,1.1,1,2014-10-18,0124,Terra,MODIS,82,6.2,316.7,28.5,D,0
-18.1684,132.2436,335.8,1.1,1,2014-10-18,0124,Terra,MODIS,73,6.2,314.9,18.5,D,0
-18.1721,132.3109,390.5,1.1,1,2014-10-18,0124,Terra,MODIS,100,6.2,319.7,193.9,D,0
-18.1705,132.3009,347.9,1.1,1,2014-10-18,0124,Terra,MODIS,90,6.2,317.1,37,D,0
-18.0094,132.5128,344,1,1,2014-10-18,0124,Terra,MODIS,64,6.2,318.7,26.6,D,0
-18.1341,132.7258,337.7,1,1,2014-10-18,0124,Terra,MODIS,67,6.2,319.6,16.9,D,0
-18.09,132.743,331.9,1,1,2014-10-18,0124,Terra,MODIS,48,6.2,317,9.9,D,0
-18.4632,132.3591,334.3,1.1,1,2014-10-18,0124,Terra,MODIS,70,6.2,320.6,13.4,D,0
-18.641,132.3168,353.9,1.1,1,2014-10-18,0124,Terra,MODIS,95,6.2,321.8,51.6,D,0
-18.6426,132.3266,345.4,1.1,1,2014-10-18,0124,Terra,MODIS,88,6.2,319.5,32.9,D,0
-18.1934,132.4495,349.3,1,1,2014-10-18,0124,Terra,MODIS,91,6.2,318.1,39.4,D,0
-18.1949,132.4593,409,1,1,2014-10-18,0124,Terra,MODIS,100,6.2,325.7,307.7,D,0
-18.1964,132.4692,350.1,1,1,2014-10-18,0124,Terra,MODIS,92,6.2,319.1,40.9,D,0
-18.1979,132.479,362.8,1,1,2014-10-18,0124,Terra,MODIS,100,6.2,318.8,74.4,D,0
-18.1994,132.4888,340.9,1,1,2014-10-18,0124,Terra,MODIS,63,6.2,316.8,22.4,D,0
-18.6487,132.3053,334.3,1.1,1,2014-10-18,0124,Terra,MODIS,72,6.2,318.7,14,D,0
-20.8016,122.3506,331.1,4.3,1.9,2014-10-18,0125,Terra,MODIS,57,6.2,309.1,129.3,D,0
-20.138,123.1357,334.9,3.9,1.8,2014-10-18,0125,Terra,MODIS,79,6.2,307.5,157.1,D,0
-20.7919,122.3176,354.2,4.3,1.9,2014-10-18,0125,Terra,MODIS,96,6.2,305.5,479.1,D,0
-20.133,123.1425,323.7,3.9,1.8,2014-10-18,0125,Terra,MODIS,33,6.2,307.2,51.4,D,0
-20.1418,123.1014,334.9,3.9,1.8,2014-10-18,0125,Terra,MODIS,79,6.2,304.4,156.9,D,0
-20.1494,123.1386,329.8,3.9,1.8,2014-10-18,0125,Terra,MODIS,70,6.2,306,101.5,D,0
-20.1303,123.0986,327.5,3.9,1.8,2014-10-18,0125,Terra,MODIS,65,6.2,304.7,91.5,D,0
-20.8612,122.379,331.2,4.3,1.9,2014-10-18,0125,Terra,MODIS,68,6.2,309.1,114.9,D,0
-20.8631,122.3728,330.9,4.3,1.9,2014-10-18,0125,Terra,MODIS,67,6.2,308.9,112.2,D,0
-20.7846,122.3547,331.9,4.3,1.9,2014-10-18,0125,Terra,MODIS,68,6.2,306.1,151.4,D,0
-20.7749,122.3217,331.1,4.3,1.9,2014-10-18,0125,Terra,MODIS,73,6.2,303,149,D,0
-20.9035,122.326,333.6,4.3,1.9,2014-10-18,0125,Terra,MODIS,73,6.2,307.2,149.5,D,0
-20.8882,122.3241,328.5,4.3,1.9,2014-10-18,0125,Terra,MODIS,51,6.2,307.4,94.1,D,0
-20.9052,122.32,326.9,4.3,1.9,2014-10-18,0125,Terra,MODIS,54,6.2,307.1,88.6,D,0
-20.8779,122.2031,336.8,4.4,1.9,2014-10-18,0125,Terra,MODIS,82,6.2,307.8,198.2,D,0
-20.8005,122.3584,329.1,4.3,1.9,2014-10-18,0125,Terra,MODIS,35,6.2,308.7,105.7,D,0
-20.8788,122.1972,338.5,4.4,1.9,2014-10-18,0125,Terra,MODIS,84,6.2,307.8,228.8,D,0
-22.0696,123.0953,324.8,3.6,1.8,2014-10-18,0125,Terra,MODIS,39,6.2,313.6,48.8,D,0
-21.5869,123.5705,328,3.4,1.7,2014-10-18,0125,Terra,MODIS,65,6.2,315.1,55,D,0
-23.3734,122.3069,323.6,3.8,1.8,2014-10-18,0125,Terra,MODIS,41,6.2,306.5,67.6,D,0
-23.3866,122.3345,325,3.8,1.8,2014-10-18,0125,Terra,MODIS,54,6.2,307.3,74.5,D,0
-20.3524,124.7055,363.4,3,1.6,2014-10-18,0125,Terra,MODIS,100,6.2,314.4,386.3,D,0
-20.3467,124.6775,342.2,3,1.6,2014-10-18,0125,Terra,MODIS,87,6.2,313.3,150.6,D,0
-20.3377,124.7089,363.1,3,1.6,2014-10-18,0125,Terra,MODIS,100,6.2,316.9,380.7,D,0
-22.7424,122.3503,365.6,3.9,1.8,2014-10-18,0125,Terra,MODIS,100,6.2,311.5,639.1,D,0
-22.6346,122.3897,332.4,3.9,1.8,2014-10-18,0125,Terra,MODIS,54,6.2,311,122,D,0
-22.6147,122.3478,336.5,3.9,1.8,2014-10-18,0125,Terra,MODIS,81,6.2,308,183.4,D,0
-23.3655,123.5346,341.8,3.1,1.7,2014-10-18,0125,Terra,MODIS,86,6.2,316,153.8,D,0
-23.3592,123.5046,333.7,3.1,1.7,2014-10-18,0125,Terra,MODIS,76,6.2,314.9,89.5,D,0
-22.7344,122.3135,336.8,3.9,1.8,2014-10-18,0125,Terra,MODIS,81,6.2,306.9,188.8,D,0
-22.718,122.3174,328.2,3.9,1.8,2014-10-18,0125,Terra,MODIS,53,6.2,307.4,102.2,D,0
-23.3841,123.6237,366.1,3,1.7,2014-10-18,0125,Terra,MODIS,100,6.2,316.1,430.3,D,0
-23.3754,123.6562,329.4,3,1.7,2014-10-18,0125,Terra,MODIS,50,6.2,315.8,53.1,D,0
-23.3693,123.6271,364.1,3,1.7,2014-10-18,0125,Terra,MODIS,100,6.2,317.9,407.3,D,0
-23.3631,123.5976,333.5,3.1,1.7,2014-10-18,0125,Terra,MODIS,64,6.2,313.2,82.1,D,0
-23.3545,123.6304,326.3,3,1.7,2014-10-18,0125,Terra,MODIS,24,6.2,314.6,40.7,D,0
-23.3854,123.629,363.3,3,1.7,2014-10-18,0125,Terra,MODIS,100,6.2,316.3,389.3,D,0
-23.3706,123.6325,368.1,3,1.7,2014-10-18,0125,Terra,MODIS,100,6.2,318,467.4,D,0
-23.3646,123.603,347.7,3.1,1.7,2014-10-18,0125,Terra,MODIS,91,6.2,313.8,203.2,D,0
-23.3558,123.6359,326.7,3,1.7,2014-10-18,0125,Terra,MODIS,37,6.2,314.7,44.7,D,0
-22.6392,122.3811,335.4,3.9,1.8,2014-10-18,0125,Terra,MODIS,79,6.2,310.1,160.6,D,0
-23.389,123.4977,338.6,3.1,1.7,2014-10-18,0125,Terra,MODIS,83,6.2,314,115.8,D,0
-22.3113,121.825,361.2,4.3,1.9,2014-10-18,0125,Terra,MODIS,100,6.2,307.3,637.9,D,0
-22.2951,121.8213,332.2,4.3,1.9,2014-10-18,0125,Terra,MODIS,76,6.2,306.1,157.4,D,0
-22.3121,121.8172,362.6,4.3,1.9,2014-10-18,0125,Terra,MODIS,100,6.2,306.6,669.3,D,0
-21.9601,127.4114,333.4,1.8,1.3,2014-10-18,0125,Terra,MODIS,66,6.2,315.2,32.3,D,0
-23.3803,123.5311,393.6,3.1,1.7,2014-10-18,0125,Terra,MODIS,100,6.2,322.4,1028.2,D,0
-23.3741,123.5011,385.9,3.1,1.7,2014-10-18,0125,Terra,MODIS,100,6.2,321.3,837.4,D,0
-21.9653,127.4173,332.3,1.8,1.3,2014-10-18,0125,Terra,MODIS,50,6.2,315.4,28.1,D,0
-21.9536,127.4197,332.2,1.8,1.3,2014-10-18,0125,Terra,MODIS,36,6.2,315.8,26.1,D,0
-21.9335,127.4414,354.9,1.8,1.3,2014-10-18,0125,Terra,MODIS,96,6.2,318.3,115.9,D,0
-23.3948,124.3605,328.6,2.7,1.6,2014-10-18,0125,Terra,MODIS,54,6.2,317.2,36.6,D,0
-23.4228,124.3538,327.4,2.7,1.6,2014-10-18,0125,Terra,MODIS,20,6.2,315.5,32,D,0
-23.4255,124.3462,330.2,2.7,1.6,2014-10-18,0125,Terra,MODIS,69,6.2,317.3,51.9,D,0
-21.9249,127.4607,344.9,1.7,1.3,2014-10-18,0125,Terra,MODIS,86,6.2,316.9,67.3,D,0
-21.9133,127.4631,335.1,1.7,1.3,2014-10-18,0125,Terra,MODIS,29,6.2,317,31.2,D,0
-21.9018,127.4655,335.6,1.7,1.3,2014-10-18,0125,Terra,MODIS,60,6.2,318,34.3,D,0
-21.8932,127.4845,343,1.7,1.3,2014-10-18,0125,Terra,MODIS,87,6.2,317.6,61.7,D,0
-21.8902,127.4679,354.6,1.7,1.3,2014-10-18,0125,Terra,MODIS,96,6.2,320.6,114.7,D,0
-21.8948,127.4728,364.7,1.7,1.3,2014-10-18,0125,Terra,MODIS,100,6.2,319.8,177.4,D,0
-22.7535,122.3534,340.7,3.9,1.8,2014-10-18,0125,Terra,MODIS,86,6.2,308.4,230.3,D,0
-22.6509,122.3857,332.9,3.9,1.8,2014-10-18,0125,Terra,MODIS,40,6.2,309.6,122.2,D,0
-22.7017,122.3213,334.1,3.9,1.8,2014-10-18,0125,Terra,MODIS,72,6.2,308.8,154.8,D,0
-22.7372,122.3573,352.1,3.9,1.8,2014-10-18,0125,Terra,MODIS,95,6.2,311.7,380.6,D,0
-22.7294,122.3204,343.2,3.9,1.8,2014-10-18,0125,Terra,MODIS,88,6.2,308,259.6,D,0
-23.3674,123.5399,341.3,3.1,1.7,2014-10-18,0125,Terra,MODIS,86,6.2,315.8,143.4,D,0
-20.3531,124.7127,353.9,3,1.6,2014-10-18,0125,Terra,MODIS,96,6.2,313.8,266.5,D,0
-20.3476,124.6846,356.3,3,1.6,2014-10-18,0125,Terra,MODIS,97,6.2,313.7,295.7,D,0
-20.3385,124.716,355.3,3,1.6,2014-10-18,0125,Terra,MODIS,97,6.2,315.9,280.7,D,0
-20.333,124.6878,344.2,3,1.6,2014-10-18,0125,Terra,MODIS,89,6.2,315.8,165.6,D,0
-22.713,122.3243,333.7,3.9,1.8,2014-10-18,0125,Terra,MODIS,70,6.2,308.9,152.6,D,0
-22.6966,122.3283,334.5,3.9,1.8,2014-10-18,0125,Terra,MODIS,60,6.2,308.5,154.2,D,0
-22.6802,122.332,330,3.9,1.8,2014-10-18,0125,Terra,MODIS,39,6.2,306.6,107.8,D,0
-23.3613,123.5098,344.6,3.1,1.7,2014-10-18,0125,Terra,MODIS,89,6.2,316.3,180,D,0
-22.6103,122.3564,325.4,3.9,1.8,2014-10-18,0125,Terra,MODIS,35,6.2,308.4,78.6,D,0
-23.3952,123.5276,337.7,3.1,1.7,2014-10-18,0125,Terra,MODIS,82,6.2,316.1,108.7,D,0
-22.6229,122.385,334.6,3.9,1.8,2014-10-18,0125,Terra,MODIS,75,6.2,311.3,153.4,D,0
-22.2943,121.8294,323.7,4.3,1.9,2014-10-18,0125,Terra,MODIS,49,6.2,305.3,84.8,D,0
-22.3023,121.7833,338.1,4.3,1.9,2014-10-18,0125,Terra,MODIS,83,6.2,303.9,233.8,D,0
-22.6267,122.3524,333.5,3.9,1.8,2014-10-18,0125,Terra,MODIS,57,6.2,307.5,141.2,D,0
-24.7227,121.2759,333.6,4.1,1.9,2014-10-18,0126,Terra,MODIS,80,6.2,296.8,199.5,D,0
-24.6921,121.2782,325.3,4.1,1.9,2014-10-18,0126,Terra,MODIS,66,6.2,298.8,115.8,D,0
-24.7089,121.274,333.8,4.1,1.9,2014-10-18,0126,Terra,MODIS,80,6.2,298.2,200,D,0
-24.7256,121.2697,331,4.1,1.9,2014-10-18,0126,Terra,MODIS,77,6.2,296.9,173.7,D,0
-24.6997,121.2336,336.7,4.2,1.9,2014-10-18,0126,Terra,MODIS,84,6.2,297.4,235.7,D,0
-24.7137,121.2354,326.5,4.2,1.9,2014-10-18,0126,Terra,MODIS,69,6.2,296.3,131.2,D,0
-24.697,121.2399,342.1,4.2,1.9,2014-10-18,0126,Terra,MODIS,88,6.2,298.4,305.2,D,0
-24.7059,121.2803,335.1,4.1,1.9,2014-10-18,0126,Terra,MODIS,82,6.2,298.5,215.2,D,0
-25.838,126.3594,335.7,1.7,1.3,2014-10-18,0126,Terra,MODIS,75,6.2,318.7,34.3,D,0
-25.8282,126.3506,334.5,1.7,1.3,2014-10-18,0126,Terra,MODIS,74,6.2,318.4,30.4,D,0
-25.8102,126.3187,330,1.8,1.3,2014-10-18,0126,Terra,MODIS,23,6.2,318.1,17.5,D,0
-21.5871,118.9489,326.3,4.2,1.9,2014-10-18,0303,Terra,MODIS,66,6.2,303.8,78.2,D,0
-21.7401,119.0457,331.1,4.3,1.9,2014-10-18,0303,Terra,MODIS,75,6.2,303,129.6,D,0
-21.7573,119.0442,348.2,4.3,1.9,2014-10-18,0303,Terra,MODIS,92,6.2,302.2,362.4,D,0
-21.7608,119.085,337.8,4.3,1.9,2014-10-18,0303,Terra,MODIS,84,6.2,303.8,220.2,D,0
-21.7422,119.0406,329.9,4.3,1.9,2014-10-18,0303,Terra,MODIS,73,6.2,303.1,115.7,D,0
-21.7453,119.0814,323.9,4.3,1.9,2014-10-18,0303,Terra,MODIS,44,6.2,302.5,64,D,0
-21.7594,119.039,340.4,4.3,1.9,2014-10-18,0303,Terra,MODIS,86,6.2,301.7,244.7,D,0
-21.7626,119.0799,340.8,4.3,1.9,2014-10-18,0303,Terra,MODIS,86,6.2,303.7,258.6,D,0
-21.5579,117.9743,328.6,3.5,1.8,2014-10-18,0303,Terra,MODIS,71,6.2,304.6,80.5,D,0
-21.561,118.0089,327.5,3.6,1.8,2014-10-18,0303,Terra,MODIS,69,6.2,303.8,73.8,D,0
-21.5738,117.9724,331.4,3.5,1.8,2014-10-18,0303,Terra,MODIS,76,6.2,305.8,103,D,0
-21.5665,117.9665,325.8,3.5,1.8,2014-10-18,0303,Terra,MODIS,59,6.2,305.2,60.4,D,0
-21.5824,117.9647,331.2,3.5,1.8,2014-10-18,0303,Terra,MODIS,75,6.2,305,101.8,D,0
-34.4675,150.8855,324,1.1,1.1,2014-10-18,0405,Aqua,MODIS,68,6.2,300.8,16.7,D,2
-36.4376,144.6843,312,1.3,1.1,2014-10-18,0405,Aqua,MODIS,29,6.2,300.6,9.1,D,0
-37.1369,144.2141,319.8,1.4,1.2,2014-10-18,0405,Aqua,MODIS,77,6.2,298.8,19.4,D,0
-36.7875,144.1802,333.1,1.4,1.2,2014-10-18,0405,Aqua,MODIS,85,6.2,304.6,38.6,D,0
-36.7753,144.1942,401,1.4,1.2,2014-10-18,0405,Aqua,MODIS,100,6.2,315.7,400.5,D,0
-36.7896,144.2022,325.8,1.4,1.2,2014-10-18,0405,Aqua,MODIS,79,6.2,302.2,25.1,D,0
-36.7859,144.196,350.7,1.4,1.2,2014-10-18,0405,Aqua,MODIS,95,6.2,306.1,88.9,D,0
-36.777,144.1786,348.3,1.4,1.2,2014-10-18,0405,Aqua,MODIS,94,6.2,306.8,79.3,D,0
-36.7913,144.1864,326.4,1.4,1.2,2014-10-18,0405,Aqua,MODIS,80,6.2,302.5,26.5,D,0
-36.7736,144.2097,350,1.4,1.2,2014-10-18,0405,Aqua,MODIS,95,6.2,304.7,84.3,D,0
-36.7842,144.2115,319.8,1.4,1.2,2014-10-18,0405,Aqua,MODIS,71,6.2,302.4,14.3,D,0
-36.4248,144.7994,322.1,1.3,1.1,2014-10-18,0405,Aqua,MODIS,60,6.2,303,19.3,D,0
-35.8603,146.0781,314.1,1.1,1.1,2014-10-18,0405,Aqua,MODIS,64,6.2,300.9,9.7,D,0
-34.6025,146.4268,319.8,1.1,1,2014-10-18,0405,Aqua,MODIS,40,6.2,306.8,6.4,D,0
-29.9886,152.9259,311.1,1.8,1.3,2014-10-18,0406,Aqua,MODIS,32,6.2,286.4,15.4,D,0
-30.9727,152.8217,339.6,1.6,1.3,2014-10-18,0406,Aqua,MODIS,90,6.2,296.6,78.8,D,0
-30.9615,152.8185,348.2,1.6,1.3,2014-10-18,0406,Aqua,MODIS,94,6.2,293.5,112.3,D,0
-25.9125,150.6751,332.9,1.5,1.2,2014-10-18,0407,Aqua,MODIS,63,6.2,305.6,41.9,D,0
-27.8184,153.1095,320.9,2,1.4,2014-10-18,0407,Aqua,MODIS,66,6.2,299.3,31.9,D,0
-27.8384,150.3564,332.1,1.3,1.1,2014-10-18,0407,Aqua,MODIS,68,6.2,307.8,27,D,0
-27.8459,150.3497,345.4,1.3,1.1,2014-10-18,0407,Aqua,MODIS,90,6.2,313,58.7,D,0
-27.8407,150.3429,334.9,1.3,1.1,2014-10-18,0407,Aqua,MODIS,76,6.2,312.2,30.6,D,0
-24.9648,148.2468,324.7,1.2,1.1,2014-10-18,0408,Aqua,MODIS,22,6.2,304.4,13.4,D,0
-22.3691,146.6131,328.9,1.1,1,2014-10-18,0408,Aqua,MODIS,59,6.2,315.4,9.8,D,0
-24.9713,148.2314,360.1,1.1,1.1,2014-10-18,0408,Aqua,MODIS,100,6.2,304.8,94.1,D,0
-25.8909,144.9155,334,1,1,2014-10-18,0408,Aqua,MODIS,72,6.2,321.6,10.8,D,0
-24.9695,148.2428,355,1.1,1.1,2014-10-18,0408,Aqua,MODIS,97,6.2,305.1,77.1,D,0
-24.1776,147.5514,328.2,1.1,1,2014-10-18,0408,Aqua,MODIS,69,6.2,309.6,15.1,D,0
-24.1793,147.5406,323.3,1.1,1,2014-10-18,0408,Aqua,MODIS,48,6.2,309.3,8.5,D,0
-23.8593,149.4139,327.4,1.4,1.2,2014-10-18,0408,Aqua,MODIS,35,6.2,308.4,21.6,D,0
-24.7851,148.2416,320,1.2,1.1,2014-10-18,0408,Aqua,MODIS,38,6.2,306.1,8.1,D,0
-25.0873,148.5095,321.1,1.2,1.1,2014-10-18,0408,Aqua,MODIS,38,6.2,306.1,7.6,D,0
-25.0855,148.521,340.7,1.2,1.1,2014-10-18,0408,Aqua,MODIS,88,6.2,308.1,40,D,0
-24.9666,148.235,357.5,1.1,1.1,2014-10-18,0408,Aqua,MODIS,98,6.2,305.3,85.1,D,0
-24.9589,148.2219,320,1.1,1.1,2014-10-18,0408,Aqua,MODIS,13,6.2,301.9,11.8,D,0
-24.6865,151.8239,332.5,1.9,1.3,2014-10-18,0408,Aqua,MODIS,71,6.2,301.1,61.5,D,0
-24.7896,148.1885,320.2,1.1,1.1,2014-10-18,0408,Aqua,MODIS,40,6.2,304.8,11.5,D,0
-24.7944,148.1847,321.7,1.1,1.1,2014-10-18,0408,Aqua,MODIS,31,6.2,304.1,11.9,D,0
-24.7914,148.1771,319.8,1.1,1.1,2014-10-18,0408,Aqua,MODIS,29,6.2,303.2,10.6,D,0
-22.813,149.1138,333.9,1.4,1.2,2014-10-18,0408,Aqua,MODIS,41,6.2,303.4,26.5,D,0
-22.8176,149.087,352.4,1.4,1.2,2014-10-18,0408,Aqua,MODIS,95,6.2,309.1,81.2,D,0
-22.8199,149.0738,333.9,1.4,1.2,2014-10-18,0408,Aqua,MODIS,80,6.2,309.1,29.2,D,0
-22.8095,149.0716,334.8,1.4,1.2,2014-10-18,0408,Aqua,MODIS,59,6.2,307.3,31.4,D,0
-22.8034,149.0635,327,1.4,1.2,2014-10-18,0408,Aqua,MODIS,24,6.2,307.2,19.4,D,0
-22.7738,149.1125,337.1,1.4,1.2,2014-10-18,0408,Aqua,MODIS,61,6.2,311.1,32.2,D,0
-22.776,149.0994,357.4,1.4,1.2,2014-10-18,0408,Aqua,MODIS,98,6.2,311.9,97.5,D,0
-24.1432,146.5829,330.4,1,1,2014-10-18,0408,Aqua,MODIS,46,6.2,314.8,13.4,D,0
-25.0446,148.465,325.8,1.2,1.1,2014-10-18,0408,Aqua,MODIS,70,6.2,308.5,11.8,D,0
-23.0522,147.3915,324.1,1.1,1.1,2014-10-18,0408,Aqua,MODIS,46,6.2,311.4,8.4,D,0
-22.3707,146.6029,331.4,1.1,1,2014-10-18,0408,Aqua,MODIS,68,6.2,315.9,13.5,D,0
-24.1511,150.634,326.3,1.6,1.3,2014-10-18,0408,Aqua,MODIS,59,6.2,303.1,28.7,D,0
-20.7414,143.1762,335,1.1,1,2014-10-18,0409,Aqua,MODIS,65,6.2,322,12.7,D,0
-20.74,143.1863,334,1.1,1,2014-10-18,0409,Aqua,MODIS,63,6.2,321.7,10.8,D,0
-20.7069,143.2223,359.2,1,1,2014-10-18,0409,Aqua,MODIS,99,6.2,320,64.4,D,0
-20.6964,143.2309,363.1,1,1,2014-10-18,0409,Aqua,MODIS,100,6.2,321.8,75.4,D,0
-20.7148,143.2338,352.2,1,1,2014-10-18,0409,Aqua,MODIS,94,6.2,321.8,45.5,D,0
-20.7161,143.2237,357.6,1,1,2014-10-18,0409,Aqua,MODIS,98,6.2,322.7,60,D,0
-20.7056,143.2323,387.8,1,1,2014-10-18,0409,Aqua,MODIS,100,6.2,325.3,175.4,D,0
-19.7031,143.5092,338.7,1,1,2014-10-18,0409,Aqua,MODIS,74,6.2,314.8,23.6,D,0
-19.6753,143.519,337.1,1,1,2014-10-18,0409,Aqua,MODIS,42,6.2,314.3,17.7,D,0
-19.6653,143.458,334.7,1,1,2014-10-18,0409,Aqua,MODIS,71,6.2,317.1,15.7,D,0
-19.6572,143.5162,335,1,1,2014-10-18,0409,Aqua,MODIS,52,6.2,317.5,15.3,D,0
-19.6639,143.4677,331.7,1,1,2014-10-18,0409,Aqua,MODIS,63,6.2,318.5,10.8,D,0
-19.6993,143.4689,332.2,1,1,2014-10-18,0409,Aqua,MODIS,43,6.2,316.6,11.8,D,0
-19.6767,143.5093,340.5,1,1,2014-10-18,0409,Aqua,MODIS,63,6.2,315.8,22.8,D,0
-19.6558,143.5259,331.7,1,1,2014-10-18,0409,Aqua,MODIS,17,6.2,315.9,10.9,D,0
-19.2142,146.6626,330.8,1.1,1.1,2014-10-18,0409,Aqua,MODIS,72,6.2,312,17.6,D,0
-19.3279,146.8623,326.6,1.2,1.1,2014-10-18,0409,Aqua,MODIS,56,6.2,310.4,12.5,D,0
-19.7044,143.4995,336.9,1,1,2014-10-18,0409,Aqua,MODIS,45,6.2,316.8,19.3,D,0
-19.7058,143.4898,342,1,1,2014-10-18,0409,Aqua,MODIS,77,6.2,316.5,27.6,D,0
-14.9668,145.0852,330.8,1.1,1,2014-10-18,0410,Aqua,MODIS,64,6.2,297.8,22.6,D,0
-18.2699,145.957,334.9,1.1,1,2014-10-18,0410,Aqua,MODIS,81,6.2,316.7,25.1,D,0
-17.8136,144.5181,337.6,1,1,2014-10-18,0410,Aqua,MODIS,77,6.2,318.9,17.2,D,0
-17.8108,144.5369,335.7,1,1,2014-10-18,0410,Aqua,MODIS,50,6.2,315.3,13.8,D,0
-16.5849,142.2762,369.9,1.1,1,2014-10-18,0410,Aqua,MODIS,100,6.2,314.7,100.3,D,0
-15.3443,145.213,341.7,1.1,1,2014-10-18,0410,Aqua,MODIS,87,6.2,305.2,41.9,D,0
-16.2259,134.1444,336.3,3.6,1.8,2014-10-18,0410,Aqua,MODIS,38,6.2,311.3,114.9,D,0
-15.0832,143.4889,369.5,1,1,2014-10-18,0410,Aqua,MODIS,100,6.2,319.7,91.6,D,0
-16.7794,145.4041,342.4,1.1,1,2014-10-18,0410,Aqua,MODIS,71,6.2,315.9,33.3,D,0
-16.2098,134.1428,331,3.6,1.8,2014-10-18,0410,Aqua,MODIS,60,6.2,313.1,60.4,D,0
-17.7209,145.2679,342.5,1,1,2014-10-18,0410,Aqua,MODIS,88,6.2,310.1,37.4,D,0
-15.1516,144.9692,328.2,1.1,1,2014-10-18,0410,Aqua,MODIS,66,6.2,311.6,15.4,D,0
-16.2295,134.1104,335.2,3.7,1.8,2014-10-18,0410,Aqua,MODIS,18,6.2,312.8,100.8,D,0
-16.2028,134.2103,333.9,3.6,1.8,2014-10-18,0410,Aqua,MODIS,47,6.2,313,97.3,D,0
-18.1754,145.6169,344.1,1.1,1,2014-10-18,0410,Aqua,MODIS,90,6.2,310,41,D,0
-15.0819,143.4982,348,1,1,2014-10-18,0410,Aqua,MODIS,91,6.2,313,37.5,D,0
-16.5644,142.6298,338.3,1,1,2014-10-18,0410,Aqua,MODIS,70,6.2,322.8,17.1,D,0
-16.5584,142.402,362.4,1,1,2014-10-18,0410,Aqua,MODIS,100,6.2,321.5,69.9,D,0
-16.563,142.6394,332.2,1,1,2014-10-18,0410,Aqua,MODIS,44,6.2,320.2,8.1,D,0
-15.1929,145.1862,357.2,1.1,1,2014-10-18,0410,Aqua,MODIS,98,6.2,307.1,74.5,D,0
-17.8122,144.5275,344.2,1,1,2014-10-18,0410,Aqua,MODIS,89,6.2,316.4,28.8,D,0
-18.1539,145.6338,336.1,1.1,1,2014-10-18,0410,Aqua,MODIS,47,6.2,312,26.2,D,0
-18.259,145.9657,359.2,1.1,1,2014-10-18,0410,Aqua,MODIS,99,6.2,311.9,77.5,D,0
-15.3098,142.9964,346.3,1,1,2014-10-18,0410,Aqua,MODIS,89,6.2,317.7,29.7,D,0
-14.9777,145.0766,355.1,1.1,1,2014-10-18,0410,Aqua,MODIS,97,6.2,303.2,72.1,D,0
-15.2667,142.9072,400.7,1,1,2014-10-18,0410,Aqua,MODIS,100,6.2,329.1,240.5,D,0
-17.8018,144.5355,341.2,1,1,2014-10-18,0410,Aqua,MODIS,85,6.2,319.1,21.8,D,0
-17.7991,144.5543,364,1,1,2014-10-18,0410,Aqua,MODIS,100,6.2,319.4,75.1,D,0
-15.2753,142.915,347.8,1,1,2014-10-18,0410,Aqua,MODIS,90,6.2,319.5,35.2,D,0
-18.1646,145.6253,330.4,1.1,1,2014-10-18,0410,Aqua,MODIS,35,6.2,311.9,18.2,D,0
-18.1661,145.6154,344.6,1.1,1,2014-10-18,0410,Aqua,MODIS,90,6.2,309.1,42.2,D,0
-15.3188,142.9978,341.9,1,1,2014-10-18,0410,Aqua,MODIS,76,6.2,318.7,21,D,0
-16.5312,142.412,401.2,1,1,2014-10-18,0410,Aqua,MODIS,100,6.2,330.5,253.4,D,0
-15.1944,145.1762,349.5,1.1,1,2014-10-18,0410,Aqua,MODIS,93,6.2,309.8,52.8,D,0
-15.2037,145.1778,338,1.1,1,2014-10-18,0410,Aqua,MODIS,83,6.2,310.9,29.2,D,0
-18.1709,145.6468,342.7,1.1,1,2014-10-18,0410,Aqua,MODIS,88,6.2,310.3,38.5,D,0
-16.5754,142.4145,340,1,1,2014-10-18,0410,Aqua,MODIS,63,6.2,320.5,17.6,D,0
-15.3568,142.7938,338,1,1,2014-10-18,0410,Aqua,MODIS,71,6.2,321.2,13.8,D,0
-16.5374,142.4187,360.1,1,1,2014-10-18,0410,Aqua,MODIS,100,6.2,322.6,65.7,D,0
-15.0742,143.4875,355.6,1,1,2014-10-18,0410,Aqua,MODIS,97,6.2,309.5,54.6,D,0
-15.0896,143.5088,335,1,1,2014-10-18,0410,Aqua,MODIS,57,6.2,311.7,14.3,D,0
-16.6436,142.658,341,1,1,2014-10-18,0410,Aqua,MODIS,30,6.2,323.8,17.2,D,0
-14.9683,145.0752,350.4,1.1,1,2014-10-18,0410,Aqua,MODIS,94,6.2,300.8,61.2,D,0
-16.5299,142.4217,344,1,1,2014-10-18,0410,Aqua,MODIS,86,6.2,317.8,29.5,D,0
-16.6402,142.4107,338.5,1,1,2014-10-18,0410,Aqua,MODIS,42,6.2,321.2,14,D,0
-16.648,142.4218,345.1,1,1,2014-10-18,0410,Aqua,MODIS,74,6.2,322.6,25.6,D,0
-17.8004,144.5449,408.5,1,1,2014-10-18,0410,Aqua,MODIS,100,6.2,325.9,287.4,D,0
-15.1841,143.3589,337.5,1,1,2014-10-18,0410,Aqua,MODIS,75,6.2,320.4,11.2,D,0
-15.2828,142.9923,338.9,1,1,2014-10-18,0410,Aqua,MODIS,66,6.2,317.4,18.5,D,0
-15.0846,143.4797,366.8,1,1,2014-10-18,0410,Aqua,MODIS,100,6.2,318,82,D,0
-18.1724,145.6368,368.1,1.1,1,2014-10-18,0410,Aqua,MODIS,100,6.2,311.8,105.5,D,0
-15.0909,143.4996,342.7,1,1,2014-10-18,0410,Aqua,MODIS,80,6.2,318.4,26.3,D,0
-15.1881,145.1547,323.7,1.1,1,2014-10-18,0410,Aqua,MODIS,26,6.2,307,10.6,D,0
-15.2022,145.1878,367.3,1.1,1,2014-10-18,0410,Aqua,MODIS,94,6.2,309.8,106.5,D,0
-16.5387,142.409,353.1,1,1,2014-10-18,0410,Aqua,MODIS,92,6.2,323.4,47.6,D,0
-15.274,142.9243,350.7,1,1,2014-10-18,0410,Aqua,MODIS,93,6.2,320.3,40.7,D,0
-18.2683,145.9672,399.3,1.1,1,2014-10-18,0410,Aqua,MODIS,100,6.2,317.8,265.8,D,0
-18.1554,145.6238,347.9,1.1,1,2014-10-18,0410,Aqua,MODIS,92,6.2,311.8,48.2,D,0
-16.5941,142.2776,381.3,1.1,1,2014-10-18,0410,Aqua,MODIS,100,6.2,325.7,144,D,0
-16.5465,142.4201,350.8,1,1,2014-10-18,0410,Aqua,MODIS,93,6.2,322.6,39.6,D,0
-16.5834,142.356,369.1,1,1,2014-10-18,0410,Aqua,MODIS,100,6.2,322.8,93.4,D,0
-15.2115,145.1893,324.1,1.1,1,2014-10-18,0410,Aqua,MODIS,39,6.2,304.6,11.1,D,0
-16.5927,142.2874,351.5,1.1,1,2014-10-18,0410,Aqua,MODIS,51,6.2,320.9,38.3,D,0
-15.2654,142.9165,421.5,1,1,2014-10-18,0410,Aqua,MODIS,100,6.2,331.6,392,D,0
-15.2751,142.9816,337,1,1,2014-10-18,0410,Aqua,MODIS,65,6.2,315.1,15.8,D,0
-16.5769,142.3351,353.6,1,1,2014-10-18,0410,Aqua,MODIS,79,6.2,320.4,47.4,D,0
-16.574,142.4242,341.8,1,1,2014-10-18,0410,Aqua,MODIS,78,6.2,322.2,20.9,D,0
-15.0592,143.4001,335.1,1,1,2014-10-18,0410,Aqua,MODIS,38,6.2,316.1,11.7,D,0
-15.3355,143.0098,336.1,1,1,2014-10-18,0410,Aqua,MODIS,49,6.2,316.9,12.6,D,0
-15.3175,143.0071,338.9,1,1,2014-10-18,0410,Aqua,MODIS,53,6.2,316.1,17,D,0
-15.2918,142.9936,340.2,1,1,2014-10-18,0410,Aqua,MODIS,64,6.2,318.8,19.4,D,0
-16.6045,142.6717,350.1,1,1,2014-10-18,0410,Aqua,MODIS,92,6.2,321.1,36,D,0
-15.1531,144.9593,325.5,1.1,1,2014-10-18,0410,Aqua,MODIS,55,6.2,312,11.7,D,0
-16.5967,142.6607,346.8,1,1,2014-10-18,0410,Aqua,MODIS,89,6.2,320.8,29.6,D,0
-15.0859,143.4704,339.3,1,1,2014-10-18,0410,Aqua,MODIS,71,6.2,319.5,17.4,D,0
-16.5326,142.4023,359.3,1,1,2014-10-18,0410,Aqua,MODIS,99,6.2,322.8,66.8,D,0
-15.3265,143.0084,343.4,1,1,2014-10-18,0410,Aqua,MODIS,80,6.2,318.4,24.9,D,0
-16.5926,142.3574,338.6,1,1,2014-10-18,0410,Aqua,MODIS,66,6.2,321.9,15.3,D,0
-16.557,142.4117,346.8,1,1,2014-10-18,0410,Aqua,MODIS,58,6.2,323,28.4,D,0
-17.8322,144.4536,332.3,1,1,2014-10-18,0410,Aqua,MODIS,65,6.2,318.9,9,D,0
-16.6058,142.6621,353,1,1,2014-10-18,0410,Aqua,MODIS,94,6.2,324.6,41.6,D,0
-15.0756,143.4783,342.5,1,1,2014-10-18,0410,Aqua,MODIS,56,6.2,311.6,25.1,D,0
-14.9761,145.0866,342.5,1.1,1,2014-10-18,0410,Aqua,MODIS,88,6.2,304.1,41.9,D,0
-14.9916,145.1104,331.9,1.1,1,2014-10-18,0410,Aqua,MODIS,50,6.2,302.7,19.9,D,0
-15.0087,145.1235,332.9,1.1,1,2014-10-18,0410,Aqua,MODIS,75,6.2,303.1,21.9,D,0
-15.0938,145.102,337.4,1.1,1,2014-10-18,0410,Aqua,MODIS,83,6.2,304.1,34.3,D,0
-15.1046,145.0936,364.7,1.1,1,2014-10-18,0410,Aqua,MODIS,100,6.2,307.7,100.8,D,0
-15.0102,145.1135,331.7,1.1,1,2014-10-18,0410,Aqua,MODIS,61,6.2,305.3,19.2,D,0
-15.1031,145.1035,344.8,1.1,1,2014-10-18,0410,Aqua,MODIS,90,6.2,305.2,47.6,D,0
-15.0676,145.1489,356.3,1.1,1,2014-10-18,0410,Aqua,MODIS,97,6.2,306,72.1,D,0
-15.2676,145.2969,326.3,1.1,1,2014-10-18,0410,Aqua,MODIS,47,6.2,307.5,14.2,D,0
-16.2665,133.9784,348,3.8,1.8,2014-10-18,0410,Aqua,MODIS,84,6.2,305.5,297.3,D,0
-16.24,134.0813,381.3,3.7,1.8,2014-10-18,0410,Aqua,MODIS,100,6.2,313.4,926.5,D,0
-16.9572,142.3761,341.5,1.1,1,2014-10-18,0410,Aqua,MODIS,30,6.2,322.8,20.4,D,0
-16.7219,142.2931,392.6,1.1,1,2014-10-18,0410,Aqua,MODIS,100,6.2,323.6,203.6,D,0
-15.0032,143.3377,327,1,1,2014-10-18,0410,Aqua,MODIS,39,6.2,303.9,12.4,D,0
-15.0171,143.3682,374,1,1,2014-10-18,0410,Aqua,MODIS,100,6.2,314.4,110.7,D,0
-17.0443,139.1346,327.1,1.6,1.2,2014-10-18,0410,Aqua,MODIS,0,6.2,308.8,22,D,0
-15.0148,143.3206,386.3,1,1,2014-10-18,0410,Aqua,MODIS,100,6.2,322,161.3,D,0
-15.0135,143.3299,368.5,1,1,2014-10-18,0410,Aqua,MODIS,100,6.2,321.3,91.4,D,0
-15.0161,143.3114,365.7,1,1,2014-10-18,0410,Aqua,MODIS,100,6.2,313.1,82.7,D,0
-15.0058,143.3193,431.2,1,1,2014-10-18,0410,Aqua,MODIS,100,6.2,327.2,483.4,D,0
-15.0045,143.3285,401.6,1,1,2014-10-18,0410,Aqua,MODIS,100,6.2,314.3,249.8,D,0
-15.2086,144.9549,335.3,1.1,1,2014-10-18,0410,Aqua,MODIS,58,6.2,310,21.6,D,0
-15.0071,143.31,412.5,1,1,2014-10-18,0410,Aqua,MODIS,100,6.2,323.2,320.9,D,0
-16.9637,142.3972,339,1,1,2014-10-18,0410,Aqua,MODIS,40,6.2,322.3,15.2,D,0
-16.1994,134.2437,334.9,3.6,1.8,2014-10-18,0410,Aqua,MODIS,64,6.2,311.7,114.9,D,0
-16.2434,134.0467,378.4,3.7,1.8,2014-10-18,0410,Aqua,MODIS,100,6.2,311.9,857.4,D,0
-16.233,134.0761,350.4,3.7,1.8,2014-10-18,0410,Aqua,MODIS,94,6.2,312.5,282.9,D,0
-16.6033,142.279,346.8,1.1,1,2014-10-18,0410,Aqua,MODIS,58,6.2,321,32,D,0
-16.9624,142.407,342.3,1,1,2014-10-18,0410,Aqua,MODIS,83,6.2,323.1,21.5,D,0
-16.2562,134.0831,339.8,3.7,1.8,2014-10-18,0410,Aqua,MODIS,80,6.2,309.3,189.4,D,0
-15.0336,143.3867,343.7,1,1,2014-10-18,0410,Aqua,MODIS,68,6.2,312.3,28.2,D,0
-16.9595,142.4964,366,1,1,2014-10-18,0410,Aqua,MODIS,100,6.2,322.4,80,D,0
-16.257,133.9059,354.7,3.8,1.8,2014-10-18,0410,Aqua,MODIS,97,6.2,309.2,387.7,D,0
-16.2529,134.0432,395.9,3.7,1.8,2014-10-18,0410,Aqua,MODIS,100,6.2,313.3,1421.2,D,0
-17.3273,133.0154,327.9,4.6,2,2014-10-18,0410,Aqua,MODIS,29,6.2,316.2,96.3,D,0
-17.3096,133.0136,347.1,4.6,2,2014-10-18,0410,Aqua,MODIS,91,6.2,315.9,362.9,D,0
-17.3233,133.0507,325.9,4.5,2,2014-10-18,0410,Aqua,MODIS,37,6.2,313.2,87.5,D,0
-17.3056,133.0489,332.5,4.5,2,2014-10-18,0410,Aqua,MODIS,65,6.2,312.2,151.6,D,0
-15.0238,143.322,369.3,1,1,2014-10-18,0410,Aqua,MODIS,100,6.2,316.9,90.2,D,0
-15.1836,145.1846,380.7,1.1,1,2014-10-18,0410,Aqua,MODIS,100,6.2,305.4,163.6,D,0
-15.7914,145.2343,321.9,1.1,1,2014-10-18,0410,Aqua,MODIS,31,6.2,303.7,14.4,D,0
-17.3096,133.0062,342.5,4.6,2,2014-10-18,0410,Aqua,MODIS,87,6.2,316.2,287.3,D,0
-16.2631,134.0135,358,3.7,1.8,2014-10-18,0410,Aqua,MODIS,98,6.2,305.5,445.6,D,0
-16.7735,145.5054,348.7,1.1,1,2014-10-18,0410,Aqua,MODIS,93,6.2,303.8,57.8,D,0
-16.772,145.5156,352.6,1.1,1,2014-10-18,0410,Aqua,MODIS,95,6.2,304.3,67.7,D,0
-16.7627,145.5141,323.1,1.1,1,2014-10-18,0410,Aqua,MODIS,39,6.2,304,16.3,D,0
-15.1851,145.1745,413.4,1.1,1,2014-10-18,0410,Aqua,MODIS,100,6.2,316.1,372.4,D,0
-15.1758,145.173,347.6,1.1,1,2014-10-18,0410,Aqua,MODIS,92,6.2,302.6,52.6,D,0
-16.2596,134.0484,379.6,3.7,1.8,2014-10-18,0410,Aqua,MODIS,100,6.2,311.1,914.7,D,0
-15.2057,144.9745,367.4,1.1,1,2014-10-18,0410,Aqua,MODIS,100,6.2,312.7,101,D,0
-16.2511,133.9009,345.4,3.8,1.8,2014-10-18,0410,Aqua,MODIS,83,6.2,309.1,243.8,D,0
-15.0121,143.3391,385.5,1,1,2014-10-18,0410,Aqua,MODIS,100,6.2,321,157.4,D,0
-17.9825,138.9298,336.2,1.7,1.3,2014-10-18,0410,Aqua,MODIS,75,6.2,322.6,26.1,D,0
-17.971,138.9284,334.8,1.7,1.3,2014-10-18,0410,Aqua,MODIS,58,6.2,320.4,23.8,D,0
-16.907,142.2826,334.4,1.1,1,2014-10-18,0410,Aqua,MODIS,68,6.2,321.4,13.7,D,0
-16.5954,142.2678,332.4,1.1,1,2014-10-18,0410,Aqua,MODIS,15,6.2,318.6,12.1,D,0
-16.2366,134.0416,337.6,3.7,1.8,2014-10-18,0410,Aqua,MODIS,77,6.2,311,132.3,D,0
-16.7022,142.3002,367.7,1.1,1,2014-10-18,0410,Aqua,MODIS,100,6.2,320.3,97.6,D,0
-15.0095,143.3576,383.8,1,1,2014-10-18,0410,Aqua,MODIS,100,6.2,310.1,151.4,D,0
-16.7192,142.3127,347.5,1.1,1,2014-10-18,0410,Aqua,MODIS,61,6.2,320.5,29.7,D,0
-16.7206,142.3029,367.7,1.1,1,2014-10-18,0410,Aqua,MODIS,100,6.2,319.5,89,D,0
-16.7008,142.31,347.2,1.1,1,2014-10-18,0410,Aqua,MODIS,81,6.2,316.5,38.1,D,0
-16.7087,142.3212,355.3,1.1,1,2014-10-18,0410,Aqua,MODIS,89,6.2,320.6,51.5,D,0
-16.71,142.3114,358.1,1.1,1,2014-10-18,0410,Aqua,MODIS,87,6.2,322.3,58.4,D,0
-16.7554,142.2332,350.6,1.1,1,2014-10-18,0410,Aqua,MODIS,82,6.2,316.8,45.9,D,0
-16.7035,142.2903,336,1.1,1,2014-10-18,0410,Aqua,MODIS,68,6.2,312.6,22.7,D,0
-16.2238,134.0795,335.5,3.7,1.8,2014-10-18,0410,Aqua,MODIS,55,6.2,313.3,101.3,D,0
-16.7581,142.2135,351,1.1,1,2014-10-18,0410,Aqua,MODIS,93,6.2,316.4,48.6,D,0
-16.7541,142.2431,372.7,1.1,1,2014-10-18,0410,Aqua,MODIS,100,6.2,316.5,112.9,D,0
-16.9581,142.5061,339.1,1,1,2014-10-18,0410,Aqua,MODIS,75,6.2,320.9,14.2,D,0
-15.0108,143.3484,416.8,1,1,2014-10-18,0410,Aqua,MODIS,100,6.2,321.9,350.4,D,0
-16.9876,142.4873,339.1,1,1,2014-10-18,0410,Aqua,MODIS,31,6.2,321.9,14.3,D,0
-16.9809,142.536,342.7,1,1,2014-10-18,0410,Aqua,MODIS,73,6.2,321.9,21.2,D,0
-16.9673,142.5075,336.6,1,1,2014-10-18,0410,Aqua,MODIS,61,6.2,320.6,10.8,D,0
-16.9862,142.497,339.5,1,1,2014-10-18,0410,Aqua,MODIS,47,6.2,321.7,15.5,D,0
-16.2382,133.8637,355.5,3.8,1.8,2014-10-18,0410,Aqua,MODIS,87,6.2,309.5,392.9,D,0
-16.7389,142.629,343.7,1,1,2014-10-18,0410,Aqua,MODIS,51,6.2,318.8,22.3,D,0
-16.7402,142.6194,383.7,1,1,2014-10-18,0410,Aqua,MODIS,100,6.2,327.2,145.9,D,0
-16.7493,142.6208,342.8,1,1,2014-10-18,0410,Aqua,MODIS,63,6.2,323.9,20.9,D,0
-16.2547,133.8652,368.6,3.8,1.8,2014-10-18,0410,Aqua,MODIS,100,6.2,310.3,683.5,D,0
-16.2675,133.9026,364.2,3.8,1.8,2014-10-18,0410,Aqua,MODIS,100,6.2,307.9,585.7,D,0
-16.2602,133.9733,340.1,3.8,1.8,2014-10-18,0410,Aqua,MODIS,64,6.2,306.5,193.3,D,0
-16.2765,133.975,335.1,3.8,1.8,2014-10-18,0410,Aqua,MODIS,72,6.2,303.9,164.6,D,0
-16.7699,142.2657,353.2,1.1,1,2014-10-18,0410,Aqua,MODIS,90,6.2,319.2,48.5,D,0
-16.2802,133.9398,337.7,3.8,1.8,2014-10-18,0410,Aqua,MODIS,84,6.2,306.1,198.3,D,0
-17.9016,138.8224,339.6,1.7,1.3,2014-10-18,0410,Aqua,MODIS,78,6.2,319.6,42.6,D,0
-17.9054,138.818,336.4,1.7,1.3,2014-10-18,0410,Aqua,MODIS,71,6.2,320.1,32.6,D,0
-16.2699,133.9431,341.3,3.8,1.8,2014-10-18,0410,Aqua,MODIS,64,6.2,306.8,219.4,D,0
-16.2604,133.8701,397.2,3.8,1.8,2014-10-18,0410,Aqua,MODIS,100,6.2,313.5,1555.1,D,0
-16.2152,133.8545,348.5,3.8,1.8,2014-10-18,0410,Aqua,MODIS,80,6.2,310.6,266.9,D,0
-16.2769,133.8719,376.4,3.8,1.8,2014-10-18,0410,Aqua,MODIS,100,6.2,308.1,894.2,D,0
-16.2639,133.8342,352.8,3.8,1.8,2014-10-18,0410,Aqua,MODIS,95,6.2,304.2,411.6,D,0
-16.2217,133.8621,342.5,3.8,1.8,2014-10-18,0410,Aqua,MODIS,58,6.2,310.2,190.3,D,0
-16.2691,134.045,323.7,3.7,1.8,2014-10-18,0410,Aqua,MODIS,16,6.2,305.6,62.4,D,0
-16.7298,142.3043,340.8,1.1,1,2014-10-18,0410,Aqua,MODIS,38,6.2,320.8,20.4,D,0
-16.1547,133.9559,339.6,3.8,1.8,2014-10-18,0410,Aqua,MODIS,44,6.2,313.1,136,D,0
-16.1475,134.0257,334,3.7,1.8,2014-10-18,0410,Aqua,MODIS,77,6.2,315.6,77.3,D,0
-15.2101,144.945,350.2,1.1,1,2014-10-18,0410,Aqua,MODIS,93,6.2,311.6,52.6,D,0
-16.2346,133.8993,340.7,3.8,1.8,2014-10-18,0410,Aqua,MODIS,84,6.2,309.4,155,D,0
-16.755,142.4436,336.6,1,1,2014-10-18,0410,Aqua,MODIS,71,6.2,321.6,13.4,D,0
-16.8325,142.6201,340.7,1,1,2014-10-18,0410,Aqua,MODIS,49,6.2,321.3,17.5,D,0
-16.7973,142.605,338.9,1,1,2014-10-18,0410,Aqua,MODIS,78,6.2,320,16.8,D,0
-17.3716,145.9961,322,1.1,1.1,2014-10-18,0410,Aqua,MODIS,61,6.2,304.4,15.3,D,0
-16.7674,142.2148,342,1.1,1,2014-10-18,0410,Aqua,MODIS,65,6.2,318.7,27.2,D,0
-16.766,142.2247,348.1,1.1,1,2014-10-18,0410,Aqua,MODIS,83,6.2,320.3,38.9,D,0
-15.0185,143.359,421.9,1,1,2014-10-18,0410,Aqua,MODIS,100,6.2,334.4,391.6,D,0
-15.0224,143.3313,370.2,1,1,2014-10-18,0410,Aqua,MODIS,100,6.2,318.9,97.5,D,0
-15.0198,143.3497,364.2,1,1,2014-10-18,0410,Aqua,MODIS,96,6.2,324.8,76.1,D,0
-16.7634,142.2445,368.7,1.1,1,2014-10-18,0410,Aqua,MODIS,100,6.2,323.4,95.1,D,0
-15.026,143.3761,341.2,1,1,2014-10-18,0410,Aqua,MODIS,57,6.2,313.3,24.2,D,0
-16.6789,142.6044,337.7,1,1,2014-10-18,0410,Aqua,MODIS,66,6.2,323.6,13.8,D,0
-16.688,142.6058,334.5,1,1,2014-10-18,0410,Aqua,MODIS,34,6.2,321.5,8.9,D,0
-15.1916,144.9422,361.9,1.1,1,2014-10-18,0410,Aqua,MODIS,100,6.2,313.8,81.8,D,0
-16.7751,142.2966,356.6,1.1,1,2014-10-18,0410,Aqua,MODIS,97,6.2,321.2,56.4,D,0
-16.6776,142.614,345.2,1,1,2014-10-18,0410,Aqua,MODIS,87,6.2,322.2,27.8,D,0
-16.2492,134.0778,388.4,3.7,1.8,2014-10-18,0410,Aqua,MODIS,100,6.2,313.1,1149.7,D,0
-15.1994,144.9535,335.1,1.1,1,2014-10-18,0410,Aqua,MODIS,62,6.2,313.2,19.8,D,0
-15.2116,144.9352,325.8,1.1,1,2014-10-18,0410,Aqua,MODIS,57,6.2,309.3,10.9,D,0
-15.2024,144.9337,353.1,1.1,1,2014-10-18,0410,Aqua,MODIS,95,6.2,311,59.6,D,0
-16.2749,133.8311,336.7,3.8,1.8,2014-10-18,0410,Aqua,MODIS,83,6.2,302.8,201.2,D,0
-16.2712,133.8669,409.2,3.8,1.8,2014-10-18,0410,Aqua,MODIS,100,6.2,313.9,2102.9,D,0
-15.2009,144.9436,382.6,1.1,1,2014-10-18,0410,Aqua,MODIS,100,6.2,318.1,161.9,D,0
-16.7537,142.4533,343.5,1,1,2014-10-18,0410,Aqua,MODIS,85,6.2,322.2,24.5,D,0
-16.2254,133.826,365.5,3.8,1.8,2014-10-18,0410,Aqua,MODIS,100,6.2,308.1,613,D,0
-16.2439,133.8685,370.8,3.8,1.8,2014-10-18,0410,Aqua,MODIS,100,6.2,310.3,712.6,D,0
-15.1931,144.9323,340.1,1.1,1,2014-10-18,0410,Aqua,MODIS,85,6.2,308.3,31.2,D,0
-16.8899,142.595,339.6,1,1,2014-10-18,0410,Aqua,MODIS,56,6.2,322.8,16,D,0
-16.7778,142.2769,344.3,1.1,1,2014-10-18,0410,Aqua,MODIS,77,6.2,320.5,27.5,D,0
-16.7686,142.2755,355.3,1.1,1,2014-10-18,0410,Aqua,MODIS,95,6.2,318.2,53.9,D,0
-16.7765,142.2868,345.1,1.1,1,2014-10-18,0410,Aqua,MODIS,82,6.2,321.4,29.1,D,0
-16.2565,134.0083,354.8,3.7,1.8,2014-10-18,0410,Aqua,MODIS,97,6.2,306,382.9,D,0
-16.219,133.8184,353.9,3.8,1.8,2014-10-18,0410,Aqua,MODIS,84,6.2,307.8,390.3,D,0
-16.7284,142.3141,343.8,1.1,1,2014-10-18,0410,Aqua,MODIS,21,6.2,321,22.7,D,0
-16.7672,142.2854,350.8,1.1,1,2014-10-18,0410,Aqua,MODIS,91,6.2,319.3,43.2,D,0
-16.9258,142.2607,343.9,1.1,1,2014-10-18,0410,Aqua,MODIS,85,6.2,317.9,29.7,D,0
-16.943,142.2733,341.2,1.1,1,2014-10-18,0410,Aqua,MODIS,67,6.2,320,22.7,D,0
-19.7215,134.154,350.9,4,1.9,2014-10-18,0410,Aqua,MODIS,70,6.2,319.1,360.3,D,0
-19.7248,134.115,400.5,4.1,1.9,2014-10-18,0410,Aqua,MODIS,75,6.2,321.9,1818.9,D,0
-19.728,134.076,392.3,4.1,1.9,2014-10-18,0410,Aqua,MODIS,75,6.2,317,1492.5,D,0
-19.717,134.1459,361.9,4,1.9,2014-10-18,0410,Aqua,MODIS,100,6.2,320.8,558,D,0
-19.7205,134.107,411.7,4.1,1.9,2014-10-18,0410,Aqua,MODIS,100,6.2,325.2,2378.5,D,0
-19.724,134.0679,381.4,4.1,1.9,2014-10-18,0410,Aqua,MODIS,100,6.2,316.8,1098.1,D,0
-19.7001,134.1444,331.3,4,1.9,2014-10-18,0410,Aqua,MODIS,64,6.2,319.2,105.4,D,0
-19.7035,134.1055,349.1,4.1,1.9,2014-10-18,0410,Aqua,MODIS,92,6.2,316.4,335.9,D,0
-16.92,142.5797,342.7,1,1,2014-10-18,0410,Aqua,MODIS,51,6.2,320.7,20.9,D,0
-16.9213,142.57,342.4,1,1,2014-10-18,0410,Aqua,MODIS,22,6.2,322,19.4,D,0
-19.707,134.0664,339.4,4.1,1.9,2014-10-18,0410,Aqua,MODIS,81,6.2,310.8,204.6,D,0
-19.7002,134.1006,335.3,4.1,1.9,2014-10-18,0410,Aqua,MODIS,73,6.2,315.2,144.1,D,0
-16.9323,142.3523,389.9,1.1,1,2014-10-18,0410,Aqua,MODIS,100,6.2,320.1,186.4,D,0
-16.9485,145.9102,324,1.1,1.1,2014-10-18,0410,Aqua,MODIS,45,6.2,301.5,19.2,D,0
-16.9796,142.5457,351.9,1,1,2014-10-18,0410,Aqua,MODIS,93,6.2,321.9,40.8,D,0
-16.9309,142.3622,363.6,1.1,1,2014-10-18,0410,Aqua,MODIS,100,6.2,315.7,77.5,D,0
-16.2405,133.9042,341.1,3.8,1.8,2014-10-18,0410,Aqua,MODIS,87,6.2,309,169.4,D,0
-16.9137,145.9199,327.3,1.1,1.1,2014-10-18,0410,Aqua,MODIS,56,6.2,302.7,21.6,D,0
-13.2604,142.205,334.3,1,1,2014-10-18,0411,Aqua,MODIS,66,6.2,311.6,12.5,D,0
-13.3436,142.3377,331.9,1,1,2014-10-18,0411,Aqua,MODIS,62,6.2,305.8,15.1,D,0
-14.4549,135.0633,338.4,2.9,1.6,2014-10-18,0411,Aqua,MODIS,83,6.2,308.8,116.3,D,0
-13.2825,142.113,336.2,1,1,2014-10-18,0411,Aqua,MODIS,63,6.2,309,19.3,D,0
-13.3565,142.3112,338.2,1,1,2014-10-18,0411,Aqua,MODIS,85,6.2,305.5,25.4,D,0
-14.3276,144.3759,325.1,1,1,2014-10-18,0411,Aqua,MODIS,58,6.2,307.5,9.9,D,0
-11.6079,142.4499,322.1,1,1,2014-10-18,0411,Aqua,MODIS,43,6.2,304.8,7.3,D,0
-14.4696,135.0648,372.6,2.9,1.6,2014-10-18,0411,Aqua,MODIS,100,6.2,312.4,518,D,0
-14.4666,135.0918,331.2,2.9,1.6,2014-10-18,0411,Aqua,MODIS,73,6.2,310,61.9,D,0
-14.6909,144.4094,343.7,1,1,2014-10-18,0411,Aqua,MODIS,86,6.2,314.3,31.5,D,0
-14.6833,144.4017,344.7,1,1,2014-10-18,0411,Aqua,MODIS,89,6.2,313.2,36.1,D,0
-11.6066,142.459,344.8,1,1,2014-10-18,0411,Aqua,MODIS,91,6.2,304.6,39,D,0
-11.5963,142.4667,329.2,1,1,2014-10-18,0411,Aqua,MODIS,77,6.2,304.6,13,D,0
-14.7091,144.4123,336,1,1,2014-10-18,0411,Aqua,MODIS,34,6.2,314.2,18.9,D,0
-11.604,142.4772,330.1,1,1,2014-10-18,0411,Aqua,MODIS,78,6.2,303.4,15.9,D,0
-13.3337,134.128,331.5,3.3,1.7,2014-10-18,0411,Aqua,MODIS,76,6.2,308.7,83.8,D,0
-11.6053,142.4681,338.8,1,1,2014-10-18,0411,Aqua,MODIS,87,6.2,303.9,27.9,D,0
-14.3999,144.3289,324,1,1,2014-10-18,0411,Aqua,MODIS,33,6.2,307.7,6.2,D,0
-14.334,144.3961,352.4,1,1,2014-10-18,0411,Aqua,MODIS,95,6.2,306.4,54.5,D,0
-14.3445,144.3881,325.9,1,1,2014-10-18,0411,Aqua,MODIS,51,6.2,304.6,9.6,D,0
-14.3354,144.3866,337.7,1,1,2014-10-18,0411,Aqua,MODIS,83,6.2,304.9,25.8,D,0
-14.3431,144.3976,351.6,1,1,2014-10-18,0411,Aqua,MODIS,95,6.2,306,53.2,D,0
-14.3522,144.3992,325.3,1,1,2014-10-18,0411,Aqua,MODIS,61,6.2,305.3,8.9,D,0
-14.6923,144.3999,332.4,1,1,2014-10-18,0411,Aqua,MODIS,36,6.2,315.3,11.1,D,0
-13.3387,134.124,327.5,3.3,1.7,2014-10-18,0411,Aqua,MODIS,68,6.2,308.1,56.2,D,0
-12.8032,136.2415,336.3,2.2,1.5,2014-10-18,0411,Aqua,MODIS,77,6.2,301.8,76.1,D,0
-14.3248,144.3949,332,1,1,2014-10-18,0411,Aqua,MODIS,72,6.2,307.9,16.2,D,0
-11.5758,142.4172,328.9,1,1,2014-10-18,0411,Aqua,MODIS,60,6.2,302.2,14.8,D,0
-14.9966,142.6096,338.4,1,1,2014-10-18,0411,Aqua,MODIS,66,6.2,317.3,18.5,D,0
-14.9953,142.619,350.5,1,1,2014-10-18,0411,Aqua,MODIS,93,6.2,317.3,42.3,D,0
-11.5345,142.4517,336,1,1,2014-10-18,0411,Aqua,MODIS,85,6.2,303.9,23.5,D,0
-12.8187,136.2225,328.6,2.3,1.5,2014-10-18,0411,Aqua,MODIS,48,6.2,299.3,45.4,D,0
-12.8162,136.2431,339.3,2.2,1.5,2014-10-18,0411,Aqua,MODIS,83,6.2,301.9,89.6,D,0
-12.8056,136.221,330.1,2.3,1.5,2014-10-18,0411,Aqua,MODIS,63,6.2,298.1,53.5,D,0
-11.8512,142.6819,331.1,1,1,2014-10-18,0411,Aqua,MODIS,78,6.2,306.3,17.5,D,0
-14.4539,135.0561,331.4,2.9,1.6,2014-10-18,0411,Aqua,MODIS,74,6.2,308.7,71.3,D,0
-14.2977,144.3935,340.6,1,1,2014-10-18,0411,Aqua,MODIS,83,6.2,303.5,32.8,D,0
-14.3262,144.3854,333.1,1,1,2014-10-18,0411,Aqua,MODIS,78,6.2,308.8,19.4,D,0
-12.7519,132.9583,328.1,4,1.9,2014-10-18,0411,Aqua,MODIS,76,6.2,307.6,101.5,D,0
-12.7479,132.9533,333.1,4,1.9,2014-10-18,0411,Aqua,MODIS,81,6.2,307.8,146.2,D,0
-14.3831,144.3165,343.9,1,1,2014-10-18,0411,Aqua,MODIS,89,6.2,308.8,37.1,D,0
-11.546,142.4999,343.3,1,1,2014-10-18,0411,Aqua,MODIS,90,6.2,303.2,37.5,D,0
-11.5976,142.4576,373.6,1,1,2014-10-18,0411,Aqua,MODIS,100,6.2,308.9,114.1,D,0
-14.4578,135.0362,329.1,2.9,1.6,2014-10-18,0411,Aqua,MODIS,62,6.2,307.6,58.3,D,0
-11.5745,142.4263,384.6,1,1,2014-10-18,0411,Aqua,MODIS,100,6.2,309.1,159.1,D,0
-13.0665,136.1018,326.7,2.3,1.5,2014-10-18,0411,Aqua,MODIS,36,6.2,301.4,42.4,D,0
-11.8499,142.691,334.7,1,1,2014-10-18,0411,Aqua,MODIS,82,6.2,304.9,23.6,D,0
-11.5448,142.4439,359.6,1,1,2014-10-18,0411,Aqua,MODIS,99,6.2,309.6,69.9,D,0
-15.029,142.5762,345,1,1,2014-10-18,0411,Aqua,MODIS,81,6.2,318.1,30.2,D,0
-14.994,142.6284,339.3,1,1,2014-10-18,0411,Aqua,MODIS,72,6.2,315.8,21.8,D,0
-13.0621,136.0508,326.3,2.3,1.5,2014-10-18,0411,Aqua,MODIS,42,6.2,290.8,45.9,D,0
-11.5588,142.4739,331.8,1,1,2014-10-18,0411,Aqua,MODIS,75,6.2,307.8,18.3,D,0
-11.5435,142.453,360.9,1,1,2014-10-18,0411,Aqua,MODIS,100,6.2,310.1,72.7,D,0
-15.0277,142.5856,336.8,1,1,2014-10-18,0411,Aqua,MODIS,35,6.2,316,16.8,D,0
-14.2948,144.4131,350.6,1,1,2014-10-18,0411,Aqua,MODIS,82,6.2,305.8,52.5,D,0
-11.5989,142.4485,378.4,1,1,2014-10-18,0411,Aqua,MODIS,100,6.2,309.1,132.9,D,0
-11.5732,142.4354,358,1,1,2014-10-18,0411,Aqua,MODIS,99,6.2,309.2,64.5,D,0
-11.5549,142.5012,337.8,1,1,2014-10-18,0411,Aqua,MODIS,86,6.2,305.7,27.5,D,0
-11.5536,142.5103,343.4,1,1,2014-10-18,0411,Aqua,MODIS,90,6.2,309.4,37.6,D,0
-12.9,136.1976,330.2,2.3,1.5,2014-10-18,0411,Aqua,MODIS,77,6.2,301.6,53.3,D,0
-12.8975,136.2185,320.9,2.3,1.5,2014-10-18,0411,Aqua,MODIS,30,6.2,301.2,16.7,D,0
-11.5562,142.4921,328,1,1,2014-10-18,0411,Aqua,MODIS,65,6.2,305.3,13,D,0
-12.1311,141.807,336.7,1,1,2014-10-18,0411,Aqua,MODIS,71,6.2,314.5,19.7,D,0
-12.122,141.8056,337.9,1,1,2014-10-18,0411,Aqua,MODIS,73,6.2,311.6,21.7,D,0
-12.1233,141.7963,341.5,1,1,2014-10-18,0411,Aqua,MODIS,80,6.2,308.6,28.6,D,0
-11.5523,142.5194,336.1,1,1,2014-10-18,0411,Aqua,MODIS,85,6.2,306.1,26.3,D,0
-11.5616,142.5174,334.1,1,1,2014-10-18,0411,Aqua,MODIS,83,6.2,308.5,22.1,D,0
-14.3542,144.4487,326.3,1,1,2014-10-18,0411,Aqua,MODIS,47,6.2,306,12.5,D,0
-12.17,141.7936,336.4,1,1,2014-10-18,0411,Aqua,MODIS,84,6.2,309.2,22.1,D,0
-12.1713,141.7843,357,1,1,2014-10-18,0411,Aqua,MODIS,98,6.2,310.4,65,D,0
-14.3556,144.4391,330.8,1,1,2014-10-18,0411,Aqua,MODIS,67,6.2,307.1,17.4,D,0
-12.1726,141.7749,336.7,1,1,2014-10-18,0411,Aqua,MODIS,84,6.2,307.5,24.7,D,0
-12.1596,141.8016,330.4,1,1,2014-10-18,0411,Aqua,MODIS,78,6.2,309.5,11.9,D,0
-12.1609,141.7923,349.2,1,1,2014-10-18,0411,Aqua,MODIS,94,6.2,311.3,45.1,D,0
-12.1622,141.7829,346.3,1,1,2014-10-18,0411,Aqua,MODIS,92,6.2,312.2,39.4,D,0
-12.1635,141.7736,361.8,1,1,2014-10-18,0411,Aqua,MODIS,94,6.2,312.4,77.9,D,0
-12.1518,141.791,361.8,1,1,2014-10-18,0411,Aqua,MODIS,100,6.2,311.4,76.3,D,0
-12.1531,141.7816,347.5,1,1,2014-10-18,0411,Aqua,MODIS,87,6.2,308.9,40.7,D,0
-12.1544,141.7723,337.5,1,1,2014-10-18,0411,Aqua,MODIS,64,6.2,307.8,23.4,D,0
-12.1362,141.8363,332.3,1,1,2014-10-18,0411,Aqua,MODIS,74,6.2,308.9,12.9,D,0
-12.1375,141.827,329.7,1,1,2014-10-18,0411,Aqua,MODIS,53,6.2,310.1,9.4,D,0
-12.1388,141.8176,332.7,1,1,2014-10-18,0411,Aqua,MODIS,66,6.2,310.5,12.2,D,0
-12.1402,141.8083,349.6,1,1,2014-10-18,0411,Aqua,MODIS,94,6.2,313,42,D,0
-12.1415,141.799,351.4,1,1,2014-10-18,0411,Aqua,MODIS,95,6.2,313.1,47.6,D,0
-13.185,141.8271,328.4,1,1,2014-10-18,0411,Aqua,MODIS,51,6.2,310.9,9.8,D,0
-11.5603,142.5265,336.1,1,1,2014-10-18,0411,Aqua,MODIS,84,6.2,304.8,25.5,D,0
-12.8721,136.3193,325.4,2.2,1.4,2014-10-18,0411,Aqua,MODIS,68,6.2,304.3,27.5,D,0
-13.0568,136.0936,335.9,2.3,1.5,2014-10-18,0411,Aqua,MODIS,82,6.2,301.2,79.9,D,0
-14.6819,144.4112,338.6,1,1,2014-10-18,0411,Aqua,MODIS,83,6.2,310.4,25.4,D,0
-11.5512,142.4635,338.7,1,1,2014-10-18,0411,Aqua,MODIS,87,6.2,309.8,28.5,D,0
-11.5499,142.4726,324.3,1,1,2014-10-18,0411,Aqua,MODIS,65,6.2,306.7,10,D,0
-15.007,142.6016,340.5,1,1,2014-10-18,0411,Aqua,MODIS,58,6.2,313.4,21.8,D,0
-11.5525,142.4544,336.7,1,1,2014-10-18,0411,Aqua,MODIS,8,6.2,309.9,22.9,D,0
-11.5422,142.4621,333.3,1,1,2014-10-18,0411,Aqua,MODIS,73,6.2,306.4,19.2,D,0
-11.5371,142.4335,335.6,1,1,2014-10-18,0411,Aqua,MODIS,84,6.2,303.1,25.4,D,0
-14.4726,135.0379,356.4,2.9,1.6,2014-10-18,0411,Aqua,MODIS,97,6.2,306.4,297,D,0
-13.2951,142.3525,334.8,1,1,2014-10-18,0411,Aqua,MODIS,64,6.2,309.2,18.5,D,0
-13.0542,136.1147,339.1,2.3,1.5,2014-10-18,0411,Aqua,MODIS,86,6.2,302.3,96.1,D,0
-13.0533,136.1001,343.1,2.3,1.5,2014-10-18,0411,Aqua,MODIS,89,6.2,301.6,126.5,D,0
-15.0303,142.5668,339.9,1,1,2014-10-18,0411,Aqua,MODIS,56,6.2,317.7,20.9,D,0
-15.0186,142.5842,334.8,1,1,2014-10-18,0411,Aqua,MODIS,48,6.2,315.9,12.7,D,0
-14.3451,144.4472,332.8,1,1,2014-10-18,0411,Aqua,MODIS,77,6.2,307.1,21.1,D,0
-14.6046,144.3153,328.8,1,1,2014-10-18,0411,Aqua,MODIS,52,6.2,310.4,11.3,D,0
-14.6032,144.3248,328.3,1,1,2014-10-18,0411,Aqua,MODIS,48,6.2,312.8,9.3,D,0
-13.0582,136.0574,330,2.3,1.5,2014-10-18,0411,Aqua,MODIS,73,6.2,293.2,63.8,D,0
-12.9201,142.4041,332.2,1,1,2014-10-18,0411,Aqua,MODIS,78,6.2,311.4,12.3,D,0
-14.2963,144.4033,350.6,1,1,2014-10-18,0411,Aqua,MODIS,89,6.2,306.9,52.9,D,0
-14.972,142.6538,334.3,1,1,2014-10-18,0411,Aqua,MODIS,31,6.2,315.1,12.6,D,0
-16.0943,133.8361,323.9,3.8,1.8,2014-10-18,0411,Aqua,MODIS,40,6.2,309.1,64.3,D,0
-16.0834,133.8401,326.2,3.8,1.8,2014-10-18,0411,Aqua,MODIS,53,6.2,309.6,82,D,0
-14.4843,135.0665,333.9,2.9,1.6,2014-10-18,0411,Aqua,MODIS,78,6.2,309.7,79.5,D,0
-14.9092,142.7048,335.9,1,1,2014-10-18,0411,Aqua,MODIS,77,6.2,314.4,16.1,D,0
-14.9286,142.6982,336.7,1,1,2014-10-18,0411,Aqua,MODIS,78,6.2,314.3,17.3,D,0
-14.5657,135.3031,328.2,2.8,1.6,2014-10-18,0411,Aqua,MODIS,66,6.2,307.7,52.2,D,0
-14.5019,135.0459,330.4,2.9,1.6,2014-10-18,0411,Aqua,MODIS,52,6.2,310.5,60.3,D,0
-13.2513,142.3365,333.8,1,1,2014-10-18,0411,Aqua,MODIS,47,6.2,311.4,14.8,D,0
-13.2526,142.3272,331.3,1,1,2014-10-18,0411,Aqua,MODIS,43,6.2,311.9,10.4,D,0
-13.2435,142.3258,349.6,1,1,2014-10-18,0411,Aqua,MODIS,94,6.2,312,40.6,D,0
-13.2448,142.3166,353.7,1,1,2014-10-18,0411,Aqua,MODIS,96,6.2,312.7,50.1,D,0
-14.9182,142.7061,340.7,1,1,2014-10-18,0411,Aqua,MODIS,83,6.2,315.1,23.7,D,0
-11.6027,142.4863,334.2,1,1,2014-10-18,0411,Aqua,MODIS,83,6.2,305.8,21.3,D,0
-14.4873,135.0394,338.3,2.9,1.6,2014-10-18,0411,Aqua,MODIS,82,6.2,308.5,119.7,D,0
-13.5227,134.3699,330.8,3.2,1.7,2014-10-18,0411,Aqua,MODIS,72,6.2,312.7,66.7,D,0
-13.5193,134.3995,327.1,3.2,1.7,2014-10-18,0411,Aqua,MODIS,44,6.2,310.9,41.6,D,0
-16.0413,133.8663,334.5,3.8,1.8,2014-10-18,0411,Aqua,MODIS,53,6.2,310.9,125.4,D,0
-13.5192,134.374,328.6,3.2,1.7,2014-10-18,0411,Aqua,MODIS,57,6.2,313,50,D,0
-11.8345,142.6701,327.9,1,1,2014-10-18,0411,Aqua,MODIS,71,6.2,304,13.8,D,0
-11.8332,142.6792,322.4,1,1,2014-10-18,0411,Aqua,MODIS,37,6.2,303.3,8.7,D,0
-11.8422,142.6805,339.3,1,1,2014-10-18,0411,Aqua,MODIS,86,6.2,305.5,30.1,D,0
-11.8435,142.6714,329.1,1,1,2014-10-18,0411,Aqua,MODIS,75,6.2,305.8,14.6,D,0
-12.9381,142.4068,333.9,1,1,2014-10-18,0411,Aqua,MODIS,81,6.2,310.2,15.1,D,0
-12.9291,142.4055,332,1,1,2014-10-18,0411,Aqua,MODIS,78,6.2,311.6,12.2,D,0
-11.5358,142.4426,386.7,1,1,2014-10-18,0411,Aqua,MODIS,100,6.2,308.5,171.1,D,0
-12.939,136.5157,353.2,2.1,1.4,2014-10-18,0411,Aqua,MODIS,96,6.2,302.1,175.8,D,0
-14.5021,135.0411,332.1,2.9,1.6,2014-10-18,0411,Aqua,MODIS,59,6.2,310.2,73.6,D,0
-14.95,142.6791,335.1,1,1,2014-10-18,0411,Aqua,MODIS,69,6.2,314.4,15,D,0
-14.9603,142.6711,338.8,1,1,2014-10-18,0411,Aqua,MODIS,58,6.2,316.8,21,D,0
-14.959,142.6805,341.2,1,1,2014-10-18,0411,Aqua,MODIS,84,6.2,315,26.9,D,0
-14.9383,142.6965,344,1,1,2014-10-18,0411,Aqua,MODIS,87,6.2,312.4,30,D,0
-14.3536,144.3897,332.8,1,1,2014-10-18,0411,Aqua,MODIS,77,6.2,307.1,19.5,D,0
-11.6014,142.4954,333.1,1,1,2014-10-18,0411,Aqua,MODIS,82,6.2,305.6,20.5,D,0
-12.9542,136.4976,327.6,2.2,1.4,2014-10-18,0411,Aqua,MODIS,69,6.2,299.7,40.3,D,0
-12.9518,136.5173,351.5,2.1,1.4,2014-10-18,0411,Aqua,MODIS,90,6.2,301.9,164.4,D,0
-12.9413,136.496,348.9,2.2,1.4,2014-10-18,0411,Aqua,MODIS,93,6.2,301.6,146.1,D,0
-12.5699,136.6607,323.3,2.1,1.4,2014-10-18,0411,Aqua,MODIS,54,6.2,299.7,25.8,D,0
-11.6001,142.5045,323.6,1,1,2014-10-18,0411,Aqua,MODIS,65,6.2,302.1,9.3,D,0
-13.1836,141.8366,382.3,1,1,2014-10-18,0411,Aqua,MODIS,100,6.2,314.8,153,D,0
-12.5463,141.9306,350.2,1,1,2014-10-18,0411,Aqua,MODIS,71,6.2,312.5,46.6,D,0
-14.2857,142.5018,338,1,1,2014-10-18,0411,Aqua,MODIS,66,6.2,310.9,23.1,D,0
-15.0009,142.3793,331.9,1,1,2014-10-18,0411,Aqua,MODIS,66,6.2,305.7,13.7,D,0
-14.5121,135.3376,330,2.8,1.6,2014-10-18,0411,Aqua,MODIS,71,6.2,307.5,66,D,0
-14.6203,144.3236,337.6,1,1,2014-10-18,0411,Aqua,MODIS,81,6.2,312.9,20.5,D,0
-12.9163,142.3659,349.1,1,1,2014-10-18,0411,Aqua,MODIS,93,6.2,308.5,42.4,D,0
-12.7784,143.0756,326.7,1,1,2014-10-18,0411,Aqua,MODIS,60,6.2,300.1,14.2,D,0
-12.2553,142.7486,365.4,1,1,2014-10-18,0411,Aqua,MODIS,100,6.2,303.2,89.8,D,0
-12.507,135.564,322.7,2.5,1.5,2014-10-18,0411,Aqua,MODIS,61,6.2,296.6,34.3,D,0
-15.0345,142.4712,336.8,1,1,2014-10-18,0411,Aqua,MODIS,75,6.2,314.2,18.1,D,0
-16.0602,133.9088,349.2,3.8,1.8,2014-10-18,0411,Aqua,MODIS,89,6.2,312.6,269.4,D,0
-15.0294,142.4415,342.2,1,1,2014-10-18,0411,Aqua,MODIS,80,6.2,315.6,27.7,D,0
-12.8687,142.3776,355.2,1,1,2014-10-18,0411,Aqua,MODIS,97,6.2,311.9,53.9,D,0
-12.976,143.1085,346.8,1,1,2014-10-18,0411,Aqua,MODIS,92,6.2,304.1,46.8,D,0
-12.8636,142.3523,343,1,1,2014-10-18,0411,Aqua,MODIS,89,6.2,311,29.2,D,0
-14.9983,142.3982,357.7,1,1,2014-10-18,0411,Aqua,MODIS,98,6.2,310.2,61.5,D,0
-12.514,134.1925,350.2,3.2,1.7,2014-10-18,0411,Aqua,MODIS,94,6.2,296.2,277.9,D,0
-11.6978,142.3393,325.2,1,1,2014-10-18,0411,Aqua,MODIS,69,6.2,306.8,10.1,D,0
-12.5132,134.215,328.8,3.2,1.7,2014-10-18,0411,Aqua,MODIS,76,6.2,295.3,76.2,D,0
-12.4979,134.2132,325.2,3.2,1.7,2014-10-18,0411,Aqua,MODIS,70,6.2,298.5,50.2,D,0
-16.0214,133.8996,350.7,3.8,1.8,2014-10-18,0411,Aqua,MODIS,89,6.2,313.6,308.8,D,0
-12.8674,142.3868,341.9,1,1,2014-10-18,0411,Aqua,MODIS,86,6.2,309.7,27.1,D,0
-15.042,142.5493,339.7,1,1,2014-10-18,0411,Aqua,MODIS,81,6.2,317,21.5,D,0
-15.0087,142.3901,363.9,1,1,2014-10-18,0411,Aqua,MODIS,100,6.2,312.1,80.8,D,0
-14.2432,142.4764,332.3,1,1,2014-10-18,0411,Aqua,MODIS,34,6.2,312.7,13,D,0
-12.8559,142.3417,361.8,1,1,2014-10-18,0411,Aqua,MODIS,100,6.2,310.7,74,D,0
-14.2419,142.4857,336.1,1,1,2014-10-18,0411,Aqua,MODIS,49,6.2,310.9,18.4,D,0
-14.2871,142.4925,335.3,1,1,2014-10-18,0411,Aqua,MODIS,38,6.2,309.5,17.5,D,0
-16.027,133.9286,356.4,3.8,1.8,2014-10-18,0411,Aqua,MODIS,83,6.2,319.3,366.4,D,0
-14.2207,142.4379,337.6,1,1,2014-10-18,0411,Aqua,MODIS,51,6.2,297,26,D,0
-16.0906,133.8714,348.5,3.8,1.8,2014-10-18,0411,Aqua,MODIS,93,6.2,313.7,308.5,D,0
-12.7865,143.2738,351.2,1,1,2014-10-18,0411,Aqua,MODIS,95,6.2,301.4,58.5,D,0
-16.0378,133.9014,377,3.8,1.8,2014-10-18,0411,Aqua,MODIS,100,6.2,317,837.6,D,0
-15.0407,142.5587,337.8,1,1,2014-10-18,0411,Aqua,MODIS,67,6.2,317,18.7,D,0
-16.0179,133.9346,358.5,3.8,1.8,2014-10-18,0411,Aqua,MODIS,99,6.2,317.8,423.9,D,0
-14.2354,142.4657,366.1,1,1,2014-10-18,0411,Aqua,MODIS,100,6.2,316.2,85.8,D,0
-16.08,133.8753,345.7,3.8,1.8,2014-10-18,0411,Aqua,MODIS,83,6.2,313,260.1,D,0
-14.2341,142.4751,357.4,1,1,2014-10-18,0411,Aqua,MODIS,96,6.2,311.7,63.3,D,0
-14.6126,144.3126,336.1,1,1,2014-10-18,0411,Aqua,MODIS,63,6.2,312.2,19,D,0
-14.3078,142.4765,340.3,1,1,2014-10-18,0411,Aqua,MODIS,75,6.2,311.2,27,D,0
-15.0369,142.5197,338.1,1,1,2014-10-18,0411,Aqua,MODIS,74,6.2,313.6,19.2,D,0
-14.2337,142.4111,352.6,1,1,2014-10-18,0411,Aqua,MODIS,87,6.2,312.1,53,D,0
-15.028,142.451,339.6,1,1,2014-10-18,0411,Aqua,MODIS,75,6.2,314.9,22.8,D,0
-15.0074,142.3996,358.2,1,1,2014-10-18,0411,Aqua,MODIS,98,6.2,312.5,64.1,D,0
-12.5449,141.9399,405.9,1,1,2014-10-18,0411,Aqua,MODIS,87,6.2,317.2,281.5,D,0
-15.0214,142.4982,360.2,1,1,2014-10-18,0411,Aqua,MODIS,100,6.2,311.6,66.7,D,0
-12.5078,142.4588,376.3,1,1,2014-10-18,0411,Aqua,MODIS,100,6.2,311.4,123.4,D,0
-15.0201,142.5076,349,1,1,2014-10-18,0411,Aqua,MODIS,92,6.2,311,38.9,D,0
-12.7603,143.0765,321.7,1,1,2014-10-18,0411,Aqua,MODIS,52,6.2,305.3,9.8,D,0
-12.985,143.1099,343.5,1,1,2014-10-18,0411,Aqua,MODIS,88,6.2,306.2,37.9,D,0
-12.8764,142.3882,338.4,1,1,2014-10-18,0411,Aqua,MODIS,82,6.2,311.7,21.1,D,0
-12.2646,142.7462,367.5,1,1,2014-10-18,0411,Aqua,MODIS,100,6.2,309.7,93.4,D,0
-16.0308,133.8936,366.3,3.8,1.8,2014-10-18,0411,Aqua,MODIS,100,6.2,315.9,577.1,D,0
-14.3221,142.4405,335,1,1,2014-10-18,0411,Aqua,MODIS,67,6.2,315.4,14.9,D,0
-15.0229,142.4213,362.1,1,1,2014-10-18,0411,Aqua,MODIS,100,6.2,316.7,73,D,0
-12.5165,134.1861,343.4,3.2,1.7,2014-10-18,0411,Aqua,MODIS,90,6.2,294.9,199.1,D,0
-14.2297,142.4392,379.3,1,1,2014-10-18,0411,Aqua,MODIS,100,6.2,319.1,136.9,D,0
-12.7852,143.283,331.4,1,1,2014-10-18,0411,Aqua,MODIS,78,6.2,298.1,23.4,D,0
-14.2311,142.4299,384,1,1,2014-10-18,0411,Aqua,MODIS,100,6.2,319.2,156.1,D,0
-12.5013,134.1842,329.8,3.2,1.7,2014-10-18,0411,Aqua,MODIS,77,6.2,298.3,84.7,D,0
-14.3707,142.4153,340.3,1,1,2014-10-18,0411,Aqua,MODIS,80,6.2,312.4,23.1,D,0
-14.9996,142.3888,428.3,1,1,2014-10-18,0411,Aqua,MODIS,100,6.2,322.9,465.5,D,0
-12.4949,142.4849,332.4,1,1,2014-10-18,0411,Aqua,MODIS,78,6.2,309.1,15.4,D,0
-12.9823,143.1282,332.5,1,1,2014-10-18,0411,Aqua,MODIS,62,6.2,301.6,21.4,D,0
-12.9394,142.3976,346.2,1,1,2014-10-18,0411,Aqua,MODIS,91,6.2,310.3,35.2,D,0
-16.0964,133.8772,335,3.8,1.8,2014-10-18,0411,Aqua,MODIS,57,6.2,311.6,142.3,D,0
-14.2367,142.4564,342.2,1,1,2014-10-18,0411,Aqua,MODIS,36,6.2,315.5,25.9,D,0
-12.4884,142.5307,324.6,1,1,2014-10-18,0411,Aqua,MODIS,48,6.2,306.4,8.3,D,0
-12.5919,136.5865,319.5,2.1,1.4,2014-10-18,0411,Aqua,MODIS,27,6.2,298.7,11,D,0
-14.1228,135.7241,336.9,2.6,1.5,2014-10-18,0411,Aqua,MODIS,82,6.2,302,104.5,D,0
-12.5091,142.4496,327.9,1,1,2014-10-18,0411,Aqua,MODIS,62,6.2,307.1,11.3,D,0
-12.8546,142.351,394.1,1,1,2014-10-18,0411,Aqua,MODIS,100,6.2,314.8,202.6,D,0
-12.5065,142.4679,346.3,1,1,2014-10-18,0411,Aqua,MODIS,91,6.2,310.9,38.2,D,0
-12.4962,142.4758,327.4,1,1,2014-10-18,0411,Aqua,MODIS,64,6.2,309,8.4,D,0
-12.491,142.5124,331.4,1,1,2014-10-18,0411,Aqua,MODIS,76,6.2,307.3,15.6,D,0
-12.5039,142.4863,337.7,1,1,2014-10-18,0411,Aqua,MODIS,84,6.2,309.5,23.5,D,0
-15.0151,142.4104,349.8,1,1,2014-10-18,0411,Aqua,MODIS,92,6.2,313.2,41.6,D,0
-14.5429,135.3462,331.8,2.8,1.6,2014-10-18,0411,Aqua,MODIS,55,6.2,306,70.5,D,0
-12.6114,142.1167,332.5,1,1,2014-10-18,0411,Aqua,MODIS,21,6.2,310.9,12.7,D,0
-15.0356,142.5292,334.8,1,1,2014-10-18,0411,Aqua,MODIS,40,6.2,313.7,13.5,D,0
-14.5169,135.3168,342.5,2.8,1.6,2014-10-18,0411,Aqua,MODIS,76,6.2,308.3,153.3,D,0
-16.0706,133.9049,347.8,3.8,1.8,2014-10-18,0411,Aqua,MODIS,78,6.2,313.5,257.8,D,0
-14.5458,135.3201,341.7,2.8,1.6,2014-10-18,0411,Aqua,MODIS,75,6.2,306.7,136.2,D,0
-14.5141,135.3428,327.1,2.8,1.6,2014-10-18,0411,Aqua,MODIS,60,6.2,307.4,53.6,D,0
-12.9407,142.3884,331,1,1,2014-10-18,0411,Aqua,MODIS,22,6.2,309.4,10.8,D,0
-14.2328,142.4844,341.1,1,1,2014-10-18,0411,Aqua,MODIS,57,6.2,308.5,29.1,D,0
-12.861,142.3708,345,1,1,2014-10-18,0411,Aqua,MODIS,91,6.2,310.6,33.6,D,0
-12.4897,142.5216,328.3,1,1,2014-10-18,0411,Aqua,MODIS,70,6.2,307.1,12.5,D,0
-12.5052,142.4771,343.5,1,1,2014-10-18,0411,Aqua,MODIS,89,6.2,311.5,32.5,D,0
-14.5152,135.3115,332.9,2.8,1.6,2014-10-18,0411,Aqua,MODIS,76,6.2,307.8,81,D,0
-15.0165,142.401,339.7,1,1,2014-10-18,0411,Aqua,MODIS,74,6.2,311.9,23.9,D,0
-12.9253,142.3672,345.8,1,1,2014-10-18,0411,Aqua,MODIS,91,6.2,309.5,36.5,D,0
-14.6112,144.3221,368.8,1,1,2014-10-18,0411,Aqua,MODIS,100,6.2,315.2,97,D,0
-14.2754,142.5098,339.2,1,1,2014-10-18,0411,Aqua,MODIS,76,6.2,311.9,25.6,D,0
-12.9747,143.1177,329.6,1,1,2014-10-18,0411,Aqua,MODIS,62,6.2,300.1,19,D,0
-14.2271,142.4579,372.7,1,1,2014-10-18,0411,Aqua,MODIS,100,6.2,309.8,116.5,D,0
-12.8533,142.3602,345.8,1,1,2014-10-18,0411,Aqua,MODIS,91,6.2,310.7,35,D,0
-12.8623,142.3615,339.7,1,1,2014-10-18,0411,Aqua,MODIS,87,6.2,310.3,23.5,D,0
-12.9836,143.1191,347.7,1,1,2014-10-18,0411,Aqua,MODIS,92,6.2,307,45.8,D,0
-14.2324,142.4205,408.4,1,1,2014-10-18,0411,Aqua,MODIS,100,6.2,323.5,296.5,D,0
-15.0433,142.5399,336.8,1,1,2014-10-18,0411,Aqua,MODIS,64,6.2,315.9,17.2,D,0
-14.2284,142.4486,368.4,1,1,2014-10-18,0411,Aqua,MODIS,100,6.2,314.7,99.8,D,0
-14.3811,142.4072,333.7,1,1,2014-10-18,0411,Aqua,MODIS,42,6.2,311.9,11.6,D,0
-12.87,142.3684,330.3,1,1,2014-10-18,0411,Aqua,MODIS,43,6.2,310.5,8.1,D,0
-15.0331,142.4807,332.7,1,1,2014-10-18,0411,Aqua,MODIS,31,6.2,312.8,11.4,D,0
-12.8649,142.3431,350.8,1,1,2014-10-18,0411,Aqua,MODIS,95,6.2,311.4,46.8,D,0
-12.9176,142.3567,346.1,1,1,2014-10-18,0411,Aqua,MODIS,91,6.2,306.4,37.8,D,0
-12.9863,143.1007,326.8,1,1,2014-10-18,0411,Aqua,MODIS,27,6.2,302.7,14.4,D,0
-14.222,142.4285,343.5,1,1,2014-10-18,0411,Aqua,MODIS,70,6.2,304.1,35.4,D,0
-13.7477,132.5368,331.7,4.5,1.9,2014-10-18,0411,Aqua,MODIS,35,6.2,307.3,131,D,0
-12.5044,142.804,331.6,1,1,2014-10-18,0411,Aqua,MODIS,70,6.2,305.4,17,D,0
-12.4955,142.8027,333,1,1,2014-10-18,0411,Aqua,MODIS,78,6.2,307.3,17.9,D,0
-12.4749,142.8183,331.3,1,1,2014-10-18,0411,Aqua,MODIS,72,6.2,306.4,16,D,0
-12.5134,142.8054,336.6,1,1,2014-10-18,0411,Aqua,MODIS,83,6.2,306,24.6,D,0
-13.7744,132.4629,345.2,4.5,2,2014-10-18,0411,Aqua,MODIS,90,6.2,309.8,318.1,D,0
-13.774,132.455,338.9,4.5,2,2014-10-18,0411,Aqua,MODIS,85,6.2,309.3,219.6,D,0
-13.7388,132.4509,363.1,4.5,2,2014-10-18,0411,Aqua,MODIS,100,6.2,308.7,731.5,D,0
-13.7391,132.447,361.9,4.5,2,2014-10-18,0411,Aqua,MODIS,100,6.2,308.8,693.4,D,0
-12.2749,142.6116,335.3,1,1,2014-10-18,0411,Aqua,MODIS,82,6.2,307.7,20.5,D,0
-12.2736,142.6208,337.3,1,1,2014-10-18,0411,Aqua,MODIS,84,6.2,308.6,23.1,D,0
-12.3285,142.8118,333.6,1,1,2014-10-18,0411,Aqua,MODIS,79,6.2,305.5,19,D,0
-13.045,143.1444,328.6,1,1,2014-10-18,0411,Aqua,MODIS,71,6.2,302.8,18.6,D,0
-13.0437,143.1536,327,1,1,2014-10-18,0411,Aqua,MODIS,64,6.2,304.2,16.7,D,0
-12.9953,143.1021,334.7,1,1,2014-10-18,0411,Aqua,MODIS,81,6.2,301.8,23.9,D,0
-12.9939,143.1113,346.1,1,1,2014-10-18,0411,Aqua,MODIS,91,6.2,305.8,41.3,D,0
-13.0246,143.1534,327.9,1,1,2014-10-18,0411,Aqua,MODIS,63,6.2,300.2,17.3,D,0
-12.5237,142.7976,327.5,1,1,2014-10-18,0411,Aqua,MODIS,70,6.2,306.6,11.2,D,0
-12.5224,142.8067,333.7,1,1,2014-10-18,0411,Aqua,MODIS,79,6.2,305.6,20.4,D,0
-12.5339,142.7964,328.5,1,1,2014-10-18,0411,Aqua,MODIS,69,6.2,306.7,12.6,D,0
-12.5326,142.8056,326.4,1,1,2014-10-18,0411,Aqua,MODIS,66,6.2,305.4,11,D,0
-12.5468,142.7703,325.1,1,1,2014-10-18,0411,Aqua,MODIS,38,6.2,306.9,9.5,D,0
-12.5455,142.7795,336.4,1,1,2014-10-18,0411,Aqua,MODIS,83,6.2,307.7,24.1,D,0
-12.9523,142.3713,327.8,1,1,2014-10-18,0411,Aqua,MODIS,43,6.2,309.2,9.3,D,0
-12.951,142.3805,328.2,1,1,2014-10-18,0411,Aqua,MODIS,39,6.2,309.4,9.2,D,0
-12.2633,142.7554,389.2,1,1,2014-10-18,0411,Aqua,MODIS,100,6.2,309.5,180.5,D,0
-12.2786,142.7763,329.8,1,1,2014-10-18,0411,Aqua,MODIS,49,6.2,300.9,14.2,D,0
-12.2837,142.8051,340.1,1,1,2014-10-18,0411,Aqua,MODIS,86,6.2,303.2,30.5,D,0
-14.6349,144.4135,365.2,1,1,2014-10-18,0411,Aqua,MODIS,100,6.2,314.8,87,D,0
-14.6363,144.4039,376.1,1,1,2014-10-18,0411,Aqua,MODIS,100,6.2,318.6,124.5,D,0
-14.6258,144.412,330.8,1,1,2014-10-18,0411,Aqua,MODIS,60,6.2,310.8,12,D,0
-14.6272,144.4025,354.9,1,1,2014-10-18,0411,Aqua,MODIS,96,6.2,312.3,56.8,D,0
-14.5738,144.398,327,1,1,2014-10-18,0411,Aqua,MODIS,44,6.2,309.7,6.9,D,0
-14.5752,144.3885,327.9,1,1,2014-10-18,0411,Aqua,MODIS,47,6.2,312.2,8.2,D,0
-12.3921,136.8591,318.2,2,1.4,2014-10-18,0411,Aqua,MODIS,36,6.2,298.6,18.5,D,0
-12.2715,136.0126,327.4,2.3,1.5,2014-10-18,0411,Aqua,MODIS,0,6.2,298.4,52,D,0
-13.9535,135.7403,330.2,2.5,1.5,2014-10-18,0411,Aqua,MODIS,57,6.2,300,63.7,D,0
-13.9396,135.7386,326.1,2.5,1.5,2014-10-18,0411,Aqua,MODIS,25,6.2,297,48.1,D,0
-12.5147,142.7963,329.4,1,1,2014-10-18,0411,Aqua,MODIS,73,6.2,307.3,13.2,D,0
-12.3014,132.7564,323.4,4.1,1.9,2014-10-18,0412,Aqua,MODIS,62,6.2,300.3,73.2,D,0
-12.3044,134.7211,322.9,2.9,1.6,2014-10-18,0412,Aqua,MODIS,60,6.2,296,48,D,0
-10.9248,142.4011,326.7,1,1,2014-10-18,0412,Aqua,MODIS,54,6.2,305.2,11.6,D,0
-11.0043,142.4288,336.2,1,1,2014-10-18,0412,Aqua,MODIS,87,6.2,304.3,26.9,D,0
-11.0481,142.441,331.1,1,1,2014-10-18,0412,Aqua,MODIS,71,6.2,303.7,16.4,D,0
-11.0289,142.4474,337.1,1,1,2014-10-18,0412,Aqua,MODIS,80,6.2,304.9,25.9,D,0
-11.0494,142.4319,327.1,1,1,2014-10-18,0412,Aqua,MODIS,33,6.2,306.7,10.5,D,0
-11.003,142.4379,327.7,1,1,2014-10-18,0412,Aqua,MODIS,77,6.2,301.8,16,D,0
-11.0199,142.4461,332.6,1,1,2014-10-18,0412,Aqua,MODIS,63,6.2,304.2,18.7,D,0
-11.0132,142.4301,322.2,1,1,2014-10-18,0412,Aqua,MODIS,67,6.2,306.4,9.4,D,0
-11.0106,142.4483,325,1,1,2014-10-18,0412,Aqua,MODIS,72,6.2,301.3,12.9,D,0
-10.9184,142.3816,338.5,1,1,2014-10-18,0412,Aqua,MODIS,89,6.2,305.1,26.7,D,0
-11.0119,142.4392,340.2,1,1,2014-10-18,0412,Aqua,MODIS,90,6.2,306.1,33.4,D,0
-10.9364,142.3908,321.7,1,1,2014-10-18,0412,Aqua,MODIS,31,6.2,304.5,7.7,D,0
-11.087,142.1681,335.2,1,1,2014-10-18,0412,Aqua,MODIS,71,6.2,307.4,20,D,0
-11.0947,142.1785,344.8,1,1,2014-10-18,0412,Aqua,MODIS,93,6.2,313.3,36.8,D,0
-10.9095,142.3802,340,1,1,2014-10-18,0412,Aqua,MODIS,90,6.2,306.2,30.6,D,0
-11.1037,142.1798,337.3,1,1,2014-10-18,0412,Aqua,MODIS,88,6.2,309.9,23.7,D,0
-10.6863,142.1436,327.4,1,1,2014-10-18,0412,Aqua,MODIS,61,6.2,303.5,14.4,D,0
-11.0857,142.1772,334.9,1,1,2014-10-18,0412,Aqua,MODIS,87,6.2,310.8,19.5,D,0
-12.3029,134.7141,321.3,2.9,1.6,2014-10-18,0412,Aqua,MODIS,48,6.2,296.2,38.6,D,0
-10.685,142.1527,337.8,1,1,2014-10-18,0412,Aqua,MODIS,67,6.2,304.4,28.7,D,0
-10.6837,142.1618,338.3,1,1,2014-10-18,0412,Aqua,MODIS,67,6.2,304.4,30.1,D,0
-10.9018,142.3698,325.1,1,1,2014-10-18,0412,Aqua,MODIS,72,6.2,303.4,12,D,0
-10.6942,142.1505,321.1,1,1,2014-10-18,0412,Aqua,MODIS,56,6.2,304,6.5,D,0
-10.6929,142.1596,348.1,1,1,2014-10-18,0412,Aqua,MODIS,94,6.2,307,45.6,D,0
-10.6916,142.1686,327,1,1,2014-10-18,0412,Aqua,MODIS,73,6.2,305.9,12.2,D,0
-10.9287,142.3738,326.7,1,1,2014-10-18,0412,Aqua,MODIS,46,6.2,304.7,11.1,D,0
-10.9108,142.3712,360.7,1,1,2014-10-18,0412,Aqua,MODIS,100,6.2,307,76.2,D,0
-10.9197,142.3725,354.1,1,1,2014-10-18,0412,Aqua,MODIS,97,6.2,307.1,58,D,0
-10.9121,142.3621,321.6,1,1,2014-10-18,0412,Aqua,MODIS,61,6.2,301.8,8.3,D,0
-25.8027,126.3105,337.7,1.6,1.2,2014-10-18,0546,Aqua,MODIS,76,6.2,323.7,27.3,D,0
-24.8794,129.0647,331.2,2.6,1.5,2014-10-18,0546,Aqua,MODIS,37,6.2,320.2,42.5,D,0
-24.8849,129.0372,332.2,2.6,1.5,2014-10-18,0546,Aqua,MODIS,56,6.2,317.8,48.3,D,0
-23.3519,123.611,341.9,1.2,1.1,2014-10-18,0547,Aqua,MODIS,63,6.2,326.6,21.2,D,0
-21.7726,127.5347,342.6,2.4,1.5,2014-10-18,0547,Aqua,MODIS,84,6.2,324.4,81.6,D,0
-23.3986,124.3809,342.7,1.3,1.1,2014-10-18,0547,Aqua,MODIS,42,6.2,326.2,24.7,D,0
-23.4075,124.376,346.1,1.3,1.1,2014-10-18,0547,Aqua,MODIS,45,6.2,326.6,33.6,D,0
-23.4324,124.3542,355.7,1.3,1.1,2014-10-18,0547,Aqua,MODIS,95,6.2,327.9,67.7,D,0
-23.4302,124.3672,344.1,1.3,1.1,2014-10-18,0547,Aqua,MODIS,50,6.2,323.5,31,D,0
-23.1705,122.4505,336.7,1.1,1,2014-10-18,0547,Aqua,MODIS,66,6.2,316.4,18,D,0
-22.752,122.2984,403.2,1.1,1,2014-10-18,0547,Aqua,MODIS,100,6.2,328.6,278.8,D,0
-22.7504,122.3089,406.6,1.1,1,2014-10-18,0547,Aqua,MODIS,100,6.2,330.2,301.6,D,0
-22.7487,122.3194,364.8,1.1,1,2014-10-18,0547,Aqua,MODIS,100,6.2,323.6,84.4,D,0
-22.7613,122.3001,380.3,1.1,1,2014-10-18,0547,Aqua,MODIS,100,6.2,320.7,151.2,D,0
-22.7597,122.3106,402.3,1.1,1,2014-10-18,0547,Aqua,MODIS,100,6.2,321.5,277.5,D,0
-22.758,122.3211,385.2,1.1,1,2014-10-18,0547,Aqua,MODIS,100,6.2,324.7,173.9,D,0
-22.7564,122.3316,346.9,1.1,1,2014-10-18,0547,Aqua,MODIS,86,6.2,319.1,38.1,D,0
-22.7548,122.3422,345.4,1.1,1,2014-10-18,0547,Aqua,MODIS,84,6.2,317.2,35.5,D,0
-22.7674,122.3228,360.3,1.1,1,2014-10-18,0547,Aqua,MODIS,100,6.2,314.2,77.6,D,0
-22.7657,122.3333,394.5,1.1,1,2014-10-18,0547,Aqua,MODIS,100,6.2,323.3,229.4,D,0
-22.7641,122.3439,382.7,1.1,1,2014-10-18,0547,Aqua,MODIS,100,6.2,321.5,164.8,D,0
-22.7734,122.3456,346,1.1,1,2014-10-18,0547,Aqua,MODIS,88,6.2,312.8,43.6,D,0
-23.1792,122.1661,415.2,1.1,1,2014-10-18,0547,Aqua,MODIS,100,6.2,319.5,371.4,D,0
-23.17,122.1644,437.4,1.1,1,2014-10-18,0547,Aqua,MODIS,100,6.2,328.9,592.5,D,0
-23.1607,122.1628,458.7,1.1,1,2014-10-18,0547,Aqua,MODIS,100,6.2,334.9,884.2,D,0
-23.1515,122.1611,369.8,1.1,1,2014-10-18,0547,Aqua,MODIS,100,6.2,319.8,101.1,D,0
-23.3684,123.4983,342.1,1.2,1.1,2014-10-18,0547,Aqua,MODIS,83,6.2,327.9,23.6,D,0
-23.3646,123.5217,337.8,1.2,1.1,2014-10-18,0547,Aqua,MODIS,58,6.2,326.7,14.6,D,0
-23.3714,123.4936,348,1.2,1.1,2014-10-18,0547,Aqua,MODIS,90,6.2,327.5,35.1,D,0
-22.6694,122.3644,357.5,1.1,1,2014-10-18,0547,Aqua,MODIS,98,6.2,319,61.5,D,0
-22.6711,122.3539,358.7,1.1,1,2014-10-18,0547,Aqua,MODIS,97,6.2,322.2,62.5,D,0
-22.6507,122.361,341.8,1.1,1,2014-10-18,0547,Aqua,MODIS,79,6.2,318.1,23.8,D,0
-22.6413,122.3593,335.1,1.1,1,2014-10-18,0547,Aqua,MODIS,30,6.2,319.6,12.9,D,0
-22.632,122.3576,344.2,1.1,1,2014-10-18,0547,Aqua,MODIS,86,6.2,321.6,30,D,0
-23.1722,122.44,369.4,1.1,1,2014-10-18,0547,Aqua,MODIS,100,6.2,320.9,105.2,D,0
-22.6337,122.347,355.4,1.1,1,2014-10-18,0547,Aqua,MODIS,96,6.2,321.6,57.7,D,0
-22.6253,122.3604,342.9,1.1,1,2014-10-18,0547,Aqua,MODIS,71,6.2,321.7,26.3,D,0
-22.627,122.3499,345.5,1.1,1,2014-10-18,0547,Aqua,MODIS,87,6.2,321.9,34.3,D,0
-22.6143,122.3693,349.1,1.1,1,2014-10-18,0547,Aqua,MODIS,79,6.2,322,37.9,D,0
-22.616,122.3587,353.7,1.1,1,2014-10-18,0547,Aqua,MODIS,95,6.2,322.3,50.7,D,0
-22.605,122.3676,354.1,1.1,1,2014-10-18,0547,Aqua,MODIS,95,6.2,324.2,51.7,D,0
-22.594,122.3764,339.3,1.1,1,2014-10-18,0547,Aqua,MODIS,49,6.2,321.4,17.8,D,0
-23.5753,121.1235,351.1,1,1,2014-10-18,0547,Aqua,MODIS,88,6.2,312.2,45.9,D,0
-23.5768,121.1136,359.6,1,1,2014-10-18,0547,Aqua,MODIS,99,6.2,320.2,65.5,D,0
-23.1653,122.4429,368.4,1.1,1,2014-10-18,0547,Aqua,MODIS,100,6.2,322.7,101.1,D,0
-23.1669,122.4324,341.4,1.1,1,2014-10-18,0547,Aqua,MODIS,82,6.2,321.6,28,D,0
-23.156,122.4412,356.6,1.1,1,2014-10-18,0547,Aqua,MODIS,97,6.2,322.2,63,D,0
-23.1466,122.4395,332,1.1,1,2014-10-18,0547,Aqua,MODIS,26,6.2,319.2,11.2,D,0
-22.61,121.7991,361.6,1,1,2014-10-18,0547,Aqua,MODIS,100,6.2,319,71.1,D,0
-22.6116,121.789,400.9,1,1,2014-10-18,0547,Aqua,MODIS,100,6.2,331.9,248.5,D,0
-22.6131,121.7789,349.5,1,1,2014-10-18,0547,Aqua,MODIS,58,6.2,320.7,35.7,D,0
-22.6024,121.7873,359.4,1,1,2014-10-18,0547,Aqua,MODIS,91,6.2,330.6,61.6,D,0
-22.6039,121.7772,376.5,1,1,2014-10-18,0547,Aqua,MODIS,100,6.2,329.5,117.7,D,0
-22.6054,121.7671,345.5,1,1,2014-10-18,0547,Aqua,MODIS,60,6.2,323.3,25.9,D,0
-22.5947,121.7756,347.8,1,1,2014-10-18,0547,Aqua,MODIS,65,6.2,324.1,34.8,D,0
-22.0203,127.3989,368.9,2.3,1.5,2014-10-18,0547,Aqua,MODIS,100,6.2,321.9,305.7,D,0
-22.0245,127.3772,334.3,2.3,1.5,2014-10-18,0547,Aqua,MODIS,59,6.2,320.8,45.4,D,0
-22.0248,127.395,361.6,2.3,1.5,2014-10-18,0547,Aqua,MODIS,100,6.2,319.5,229.9,D,0
-22.0076,127.414,333.2,2.3,1.5,2014-10-18,0547,Aqua,MODIS,49,6.2,320.4,36.5,D,0
-22.0117,127.3922,344.1,2.3,1.5,2014-10-18,0547,Aqua,MODIS,85,6.2,322.2,93.2,D,0
-24.7729,121.2322,340.4,1,1,2014-10-18,0547,Aqua,MODIS,65,6.2,314.1,25.5,D,0
-24.7639,121.2306,342.1,1,1,2014-10-18,0547,Aqua,MODIS,58,6.2,316.2,26.5,D,0
-24.7506,121.2587,370.9,1,1,2014-10-18,0547,Aqua,MODIS,100,6.2,318.1,96.3,D,0
-24.7521,121.2488,363.5,1,1,2014-10-18,0547,Aqua,MODIS,100,6.2,319.5,74.4,D,0
-24.7416,121.2571,346.5,1,1,2014-10-18,0547,Aqua,MODIS,91,6.2,314.4,29.9,D,0
-24.7431,121.2472,349,1,1,2014-10-18,0547,Aqua,MODIS,93,6.2,314.9,36.1,D,0
-24.7326,121.2555,339.9,1,1,2014-10-18,0547,Aqua,MODIS,42,6.2,310.1,19.7,D,0
-22.3972,121.9263,354,1.1,1,2014-10-18,0547,Aqua,MODIS,90,6.2,306.1,60.3,D,0
-22.3987,121.9161,334.1,1.1,1,2014-10-18,0547,Aqua,MODIS,36,6.2,298.3,21.2,D,0
-22.3879,121.9246,413.4,1.1,1,2014-10-18,0547,Aqua,MODIS,100,6.2,319.4,355,D,0
-22.3895,121.9144,395.5,1.1,1,2014-10-18,0547,Aqua,MODIS,100,6.2,319.4,229.5,D,0
-22.3787,121.9229,377.2,1.1,1,2014-10-18,0547,Aqua,MODIS,100,6.2,317.3,135.1,D,0
-22.3896,121.8516,419.9,1.1,1,2014-10-18,0547,Aqua,MODIS,100,6.2,308.2,406.9,D,0
-22.3788,121.8601,358,1.1,1,2014-10-18,0547,Aqua,MODIS,78,6.2,291.5,65.6,D,0
-22.3804,121.8499,399.3,1.1,1,2014-10-18,0547,Aqua,MODIS,100,6.2,319.1,247.3,D,0
-22.382,121.8398,377.1,1.1,1,2014-10-18,0547,Aqua,MODIS,100,6.2,317.6,131,D,0
-21.9774,127.4302,343.4,2.3,1.5,2014-10-18,0547,Aqua,MODIS,79,6.2,320.7,83.2,D,0
-23.3579,123.6366,341.9,1.2,1.1,2014-10-18,0547,Aqua,MODIS,68,6.2,326.7,22.9,D,0
-21.9339,127.4434,346.3,2.3,1.5,2014-10-18,0547,Aqua,MODIS,75,6.2,324.2,94.9,D,0
-21.9165,127.4624,345.8,2.3,1.5,2014-10-18,0547,Aqua,MODIS,63,6.2,321.6,90.8,D,0
-21.9331,127.4586,360.4,2.3,1.5,2014-10-18,0547,Aqua,MODIS,100,6.2,319.8,204.7,D,0
-21.9028,127.4749,341.6,2.3,1.5,2014-10-18,0547,Aqua,MODIS,61,6.2,322.6,68.5,D,0
-23.8873,122.5399,339.4,1.1,1,2014-10-18,0547,Aqua,MODIS,79,6.2,322.8,19.9,D,0
-23.8687,122.5364,333.2,1.1,1,2014-10-18,0547,Aqua,MODIS,25,6.2,321.5,8.9,D,0
-22.6788,122.3661,338.7,1.1,1,2014-10-18,0547,Aqua,MODIS,66,6.2,317.1,19.8,D,0
-22.6914,122.3467,347.8,1.1,1,2014-10-18,0547,Aqua,MODIS,43,6.2,321.9,34.5,D,0
-22.7024,122.3379,346,1.1,1,2014-10-18,0547,Aqua,MODIS,51,6.2,321.1,30.6,D,0
-22.7334,122.295,353.6,1.1,1,2014-10-18,0547,Aqua,MODIS,79,6.2,323.2,47.8,D,0
-24.8592,121.8939,343,1,1,2014-10-18,0547,Aqua,MODIS,64,6.2,322.1,19.6,D,0
-22.3695,121.9212,398.6,1.1,1,2014-10-18,0547,Aqua,MODIS,100,6.2,320.3,243.5,D,0
-22.371,121.911,365.7,1.1,1,2014-10-18,0547,Aqua,MODIS,100,6.2,321.3,87.8,D,0
-22.3603,121.9195,363.2,1.1,1,2014-10-18,0547,Aqua,MODIS,100,6.2,317.4,78.7,D,0
-22.3618,121.9093,355.4,1.1,1,2014-10-18,0547,Aqua,MODIS,95,6.2,320.5,54.4,D,0
-22.3727,121.8381,339.1,1.1,1,2014-10-18,0547,Aqua,MODIS,70,6.2,312.7,21.9,D,0
-22.351,121.9178,359.7,1.1,1,2014-10-18,0547,Aqua,MODIS,99,6.2,316.7,68.2,D,0
-22.3526,121.9076,379.6,1.1,1,2014-10-18,0547,Aqua,MODIS,100,6.2,322.3,138.5,D,0
-22.362,121.8465,363.4,1.1,1,2014-10-18,0547,Aqua,MODIS,100,6.2,310.7,78.8,D,0
-22.3636,121.8364,423,1.1,1,2014-10-18,0547,Aqua,MODIS,100,6.2,328.3,431.2,D,0
-22.3434,121.906,341.2,1.1,1,2014-10-18,0547,Aqua,MODIS,75,6.2,318.2,22.2,D,0
-22.3543,121.8347,373.8,1.1,1,2014-10-18,0547,Aqua,MODIS,100,6.2,308,112.8,D,0
-22.3559,121.8246,358.3,1.1,1,2014-10-18,0547,Aqua,MODIS,98,6.2,318.1,59.2,D,0
-22.3451,121.8331,365.3,1.1,1,2014-10-18,0547,Aqua,MODIS,100,6.2,309.7,79.5,D,0
-22.3467,121.823,364.5,1.1,1,2014-10-18,0547,Aqua,MODIS,97,6.2,321.2,72.8,D,0
-22.3279,121.834,363.4,1.1,1,2014-10-18,0547,Aqua,MODIS,100,6.2,321.1,69.5,D,0
-24.8698,121.8855,344,1,1,2014-10-18,0547,Aqua,MODIS,32,6.2,319.8,18.6,D,0
-22.7284,122.3265,351.1,1.1,1,2014-10-18,0547,Aqua,MODIS,87,6.2,321.1,40.9,D,0
-22.7443,122.2862,343.2,1.1,1,2014-10-18,0547,Aqua,MODIS,57,6.2,318,26.2,D,0
-22.7427,122.2967,397.1,1.1,1,2014-10-18,0547,Aqua,MODIS,100,6.2,327.3,234.8,D,0
-22.741,122.3072,356,1.1,1,2014-10-18,0547,Aqua,MODIS,93,6.2,322.4,51.2,D,0
-22.3294,121.8239,357.4,1.1,1,2014-10-18,0547,Aqua,MODIS,98,6.2,320.2,51.8,D,0
-22.3355,121.7833,356.4,1.1,1,2014-10-18,0547,Aqua,MODIS,97,6.2,320.7,53,D,0
-22.2879,121.8478,343.5,1.1,1,2014-10-18,0547,Aqua,MODIS,85,6.2,321.1,25.3,D,0
-22.2941,121.8071,342.4,1.1,1,2014-10-18,0547,Aqua,MODIS,40,6.2,321.6,19.6,D,0
-22.2957,121.797,342.7,1.1,1,2014-10-18,0547,Aqua,MODIS,42,6.2,322.6,20.4,D,0
-22.2865,121.7953,341.2,1.1,1,2014-10-18,0547,Aqua,MODIS,71,6.2,321,20.5,D,0
-24.8683,121.8956,345.4,1,1,2014-10-18,0547,Aqua,MODIS,76,6.2,320.3,22.9,D,0
-24.8637,121.9258,344,1,1,2014-10-18,0547,Aqua,MODIS,77,6.2,320.9,25.6,D,0
-24.8622,121.9358,334.1,1,1,2014-10-18,0547,Aqua,MODIS,41,6.2,317.4,11.4,D,0
-24.8804,121.8771,348.4,1,1,2014-10-18,0547,Aqua,MODIS,69,6.2,320.8,28.8,D,0
-24.8789,121.8872,347.4,1,1,2014-10-18,0547,Aqua,MODIS,58,6.2,317.6,26.9,D,0
-24.8939,121.8486,349.2,1,1,2014-10-18,0547,Aqua,MODIS,32,6.2,320.5,27.1,D,0
-24.8924,121.8586,364.6,1,1,2014-10-18,0547,Aqua,MODIS,100,6.2,315.4,65.5,D,0
-24.8909,121.8687,357.5,1,1,2014-10-18,0547,Aqua,MODIS,86,6.2,317.5,50.8,D,0
-24.9045,121.8402,366.7,1,1,2014-10-18,0547,Aqua,MODIS,100,6.2,321,83.5,D,0
-24.9,121.8703,396.9,1,1,2014-10-18,0547,Aqua,MODIS,100,6.2,323.8,217.7,D,0
-24.8985,121.8804,346.5,1,1,2014-10-18,0547,Aqua,MODIS,84,6.2,316.2,33.2,D,0
-24.9151,121.8318,354.6,1,1,2014-10-18,0547,Aqua,MODIS,96,6.2,317.5,51.1,D,0
-24.9136,121.8419,383.1,1,1,2014-10-18,0547,Aqua,MODIS,100,6.2,319.6,147.8,D,0
-24.9091,121.872,396.3,1,1,2014-10-18,0547,Aqua,MODIS,100,6.2,320,216.2,D,0
-22.7394,122.3177,344,1.1,1,2014-10-18,0547,Aqua,MODIS,29,6.2,322,20.9,D,0
-22.7377,122.3282,356.4,1.1,1,2014-10-18,0547,Aqua,MODIS,97,6.2,322.2,54.6,D,0
-24.7719,121.303,371.1,1,1,2014-10-18,0547,Aqua,MODIS,100,6.2,307.9,105.3,D,0
-24.7733,121.2932,405,1,1,2014-10-18,0547,Aqua,MODIS,94,6.2,324.2,269.5,D,0
-24.7629,121.3014,370.2,1,1,2014-10-18,0547,Aqua,MODIS,95,6.2,317.8,99.9,D,0
-24.7643,121.2915,371.4,1,1,2014-10-18,0547,Aqua,MODIS,94,6.2,314.3,104,D,0
-24.7524,121.3097,377.2,1,1,2014-10-18,0547,Aqua,MODIS,100,6.2,304,124.3,D,0
-24.7539,121.2998,457.4,1,1,2014-10-18,0547,Aqua,MODIS,100,6.2,334.6,796,D,0
-24.7553,121.2899,382.3,1,1,2014-10-18,0547,Aqua,MODIS,94,6.2,324.5,144.9,D,0
-24.7434,121.3081,419,1,1,2014-10-18,0547,Aqua,MODIS,100,6.2,321.4,367.2,D,0
-24.7448,121.2982,422.7,1,1,2014-10-18,0547,Aqua,MODIS,100,6.2,331.7,398.3,D,0
-24.7463,121.2883,384.2,1,1,2014-10-18,0547,Aqua,MODIS,100,6.2,321.8,150.2,D,0
-24.7329,121.3164,358.3,1,1,2014-10-18,0547,Aqua,MODIS,99,6.2,313.2,59.3,D,0
-24.7344,121.3065,454.1,1,1,2014-10-18,0547,Aqua,MODIS,100,6.2,335.6,746.2,D,0
-24.7358,121.2966,366.3,1,1,2014-10-18,0547,Aqua,MODIS,100,6.2,324.1,82,D,0
-24.7373,121.2867,375.8,1,1,2014-10-18,0547,Aqua,MODIS,100,6.2,321.3,112.2,D,0
-24.7239,121.3148,388.7,1,1,2014-10-18,0547,Aqua,MODIS,100,6.2,318.4,168.1,D,0
-24.7254,121.3049,499.3,1,1,2014-10-18,0547,Aqua,MODIS,100,6.2,400.1,1572.9,D,0
-24.7268,121.295,356.1,1,1,2014-10-18,0547,Aqua,MODIS,97,6.2,325.8,48.5,D,0
-24.7283,121.2851,345,1,1,2014-10-18,0547,Aqua,MODIS,89,6.2,318.5,27.3,D,0
-24.7168,121.308,430.8,1,1,2014-10-18,0547,Aqua,MODIS,75,6.2,334.1,469.6,D,0
-24.7182,121.2981,405.6,1,1,2014-10-18,0547,Aqua,MODIS,75,6.2,339,261.2,D,0
-24.7078,121.3064,376.7,1,1,2014-10-18,0547,Aqua,MODIS,100,6.2,321.3,115.1,D,0
-24.7092,121.2965,367.3,1,1,2014-10-18,0547,Aqua,MODIS,100,6.2,324.6,79.6,D,0
-24.6941,121.2735,336,1,1,2014-10-18,0547,Aqua,MODIS,15,6.2,317.8,12.3,D,0
-23.6317,122.5669,407.6,1.1,1,2014-10-18,0547,Aqua,MODIS,100,6.2,332.5,309.2,D,0
-23.63,122.5775,338.3,1.1,1,2014-10-18,0547,Aqua,MODIS,33,6.2,322.7,14.3,D,0
-24.7578,122.744,348,1.1,1,2014-10-18,0547,Aqua,MODIS,77,6.2,324.2,37.8,D,0
-24.7688,122.7352,346.7,1.1,1,2014-10-18,0547,Aqua,MODIS,88,6.2,325.5,35.1,D,0
-24.7671,122.7458,390,1.1,1,2014-10-18,0547,Aqua,MODIS,100,6.2,327.3,195.1,D,0
-24.7781,122.737,336.8,1.1,1,2014-10-18,0547,Aqua,MODIS,26,6.2,321.8,16.8,D,0
-24.7764,122.7476,353.6,1.1,1,2014-10-18,0547,Aqua,MODIS,95,6.2,322.6,52.8,D,0
-23.6614,122.5615,336.9,1.1,1,2014-10-18,0547,Aqua,MODIS,45,6.2,322.1,14.5,D,0
-23.6224,122.5652,342,1.1,1,2014-10-18,0547,Aqua,MODIS,56,6.2,325.1,22.1,D,0
-23.6334,122.5563,348.2,1.1,1,2014-10-18,0547,Aqua,MODIS,62,6.2,324.2,32.6,D,0
-23.6444,122.5475,412,1.1,1,2014-10-18,0547,Aqua,MODIS,100,6.2,341,341.3,D,0
-23.6427,122.5581,408.1,1.1,1,2014-10-18,0547,Aqua,MODIS,100,6.2,332,309.3,D,0
-23.6553,122.5386,405.9,1.1,1,2014-10-18,0547,Aqua,MODIS,100,6.2,339,295.4,D,0
-23.6537,122.5492,499.5,1.1,1,2014-10-18,0547,Aqua,MODIS,100,6.2,400.1,1767.5,D,0
-23.652,122.5598,413.4,1.1,1,2014-10-18,0547,Aqua,MODIS,100,6.2,328.9,354.5,D,0
-23.6647,122.5404,356.7,1.1,1,2014-10-18,0547,Aqua,MODIS,97,6.2,321.4,58.7,D,0
-23.663,122.551,371.9,1.1,1,2014-10-18,0547,Aqua,MODIS,100,6.2,321.5,109.4,D,0
-23.4157,122.3675,344.7,1.1,1,2014-10-18,0547,Aqua,MODIS,86,6.2,314.9,35.3,D,0
-23.4174,122.3571,346,1.1,1,2014-10-18,0547,Aqua,MODIS,88,6.2,317.8,37.6,D,0
-22.9219,127.8029,335.6,2.3,1.5,2014-10-18,0547,Aqua,MODIS,71,6.2,321.6,51.5,D,0
-21.8164,121.3757,372.4,1,1,2014-10-18,0547,Aqua,MODIS,94,6.2,313.2,110,D,0
-21.6099,121.3374,335.6,1,1,2014-10-18,0547,Aqua,MODIS,40,6.2,314.6,16,D,0
-21.619,121.339,354.3,1,1,2014-10-18,0547,Aqua,MODIS,96,6.2,314.8,54,D,0
-21.6507,121.2531,341.8,1,1,2014-10-18,0547,Aqua,MODIS,68,6.2,313.3,25.6,D,0
-21.6598,121.2547,339.6,1,1,2014-10-18,0547,Aqua,MODIS,70,6.2,305.9,21.3,D,0
-21.6689,121.2562,356,1,1,2014-10-18,0547,Aqua,MODIS,97,6.2,306.9,57.6,D,0
-21.6674,121.2661,338.2,1,1,2014-10-18,0547,Aqua,MODIS,72,6.2,306.1,18.6,D,0
-21.6765,121.2677,360.5,1,1,2014-10-18,0547,Aqua,MODIS,100,6.2,314.9,69.2,D,0
-21.675,121.2776,341.8,1,1,2014-10-18,0547,Aqua,MODIS,80,6.2,315.8,24.8,D,0
-21.8058,121.384,395.7,1,1,2014-10-18,0547,Aqua,MODIS,100,6.2,319.3,217.8,D,0
-21.8042,121.394,355.8,1,1,2014-10-18,0547,Aqua,MODIS,97,6.2,311.6,60,D,0
-21.7391,121.4689,338.7,1,1,2014-10-18,0547,Aqua,MODIS,65,6.2,306.3,28.4,D,0
-21.7677,121.3876,338.7,1,1,2014-10-18,0547,Aqua,MODIS,51,6.2,320.3,15,D,0
-21.7647,121.4075,393.7,1,1,2014-10-18,0547,Aqua,MODIS,100,6.2,328.2,199.4,D,0
-21.7602,121.4374,357.8,1,1,2014-10-18,0547,Aqua,MODIS,76,6.2,307.5,64.5,D,0
-21.6175,121.349,389.2,1,1,2014-10-18,0547,Aqua,MODIS,100,6.2,320.4,182.5,D,0
-21.6054,121.3673,376.5,1,1,2014-10-18,0547,Aqua,MODIS,100,6.2,313.7,126.1,D,0
-21.612,122.8865,345.7,1.2,1.1,2014-10-18,0547,Aqua,MODIS,73,6.2,321.7,35.1,D,0
-21.5908,123.0832,352.9,1.2,1.1,2014-10-18,0547,Aqua,MODIS,92,6.2,319.8,56.4,D,0
-21.5937,123.0785,352.9,1.2,1.1,2014-10-18,0547,Aqua,MODIS,57,6.2,325,55.4,D,0
-21.6236,122.8954,346.1,1.2,1.1,2014-10-18,0547,Aqua,MODIS,88,6.2,320.7,37.6,D,0
-21.7617,121.4275,401.4,1,1,2014-10-18,0547,Aqua,MODIS,100,6.2,318.5,252.6,D,0
-21.6199,122.9181,386.4,1.2,1.1,2014-10-18,0547,Aqua,MODIS,100,6.2,321.6,201.6,D,0
-21.6217,122.9067,421.5,1.2,1.1,2014-10-18,0547,Aqua,MODIS,100,6.2,335.5,490.4,D,0
-21.6181,122.911,419.5,1.2,1.1,2014-10-18,0547,Aqua,MODIS,100,6.2,335,470.3,D,0
-21.6199,122.8997,367.4,1.2,1.1,2014-10-18,0547,Aqua,MODIS,100,6.2,328.4,106.4,D,0
-21.5973,123.5585,344.5,1.3,1.1,2014-10-18,0547,Aqua,MODIS,82,6.2,328.1,27.8,D,0
-21.6073,123.5605,370.8,1.3,1.1,2014-10-18,0547,Aqua,MODIS,100,6.2,332.1,127.5,D,0
-21.616,121.3589,397,1,1,2014-10-18,0547,Aqua,MODIS,100,6.2,330.1,225.3,D,0
-21.6145,121.3689,468.6,1,1,2014-10-18,0547,Aqua,MODIS,100,6.2,337.2,1014.3,D,0
-21.6069,121.3573,379.2,1,1,2014-10-18,0547,Aqua,MODIS,100,6.2,322.9,135.8,D,0
-21.6084,122.9092,377.7,1.2,1.1,2014-10-18,0547,Aqua,MODIS,100,6.2,324.7,151.1,D,0
-21.7632,121.4175,424.2,1,1,2014-10-18,0547,Aqua,MODIS,100,6.2,331.3,428.7,D,0
-21.6102,122.8978,351.7,1.2,1.1,2014-10-18,0547,Aqua,MODIS,79,6.2,323.1,50.3,D,0
-21.5969,122.9188,363.2,1.2,1.1,2014-10-18,0547,Aqua,MODIS,100,6.2,319.6,85.7,D,0
-21.7406,121.4589,347.5,1,1,2014-10-18,0547,Aqua,MODIS,58,6.2,310.2,44.6,D,0
-21.5987,122.9074,411.8,1.2,1.1,2014-10-18,0547,Aqua,MODIS,100,6.2,326.1,388.3,D,0
-21.589,122.9055,354.7,1.2,1.1,2014-10-18,0547,Aqua,MODIS,81,6.2,318.4,58.6,D,0
-21.7769,121.3892,398.8,1,1,2014-10-18,0547,Aqua,MODIS,100,6.2,323.4,229.8,D,0
-21.7754,121.3992,390.6,1,1,2014-10-18,0547,Aqua,MODIS,100,6.2,324.2,182.3,D,0
-21.7738,121.4091,435,1,1,2014-10-18,0547,Aqua,MODIS,100,6.2,331.3,535.6,D,0
-21.7875,121.3808,347.5,1,1,2014-10-18,0547,Aqua,MODIS,61,6.2,316.1,33.9,D,0
-21.6842,121.2792,335.6,1,1,2014-10-18,0547,Aqua,MODIS,52,6.2,314.9,14.6,D,0
-21.786,121.3908,471.1,1,1,2014-10-18,0547,Aqua,MODIS,100,6.2,400.1,1051,D,0
-21.7845,121.4008,407.1,1,1,2014-10-18,0547,Aqua,MODIS,100,6.2,319.1,288,D,0
-21.7966,121.3824,415.7,1,1,2014-10-18,0547,Aqua,MODIS,100,6.2,328.1,354.7,D,0
-21.7951,121.3924,479.9,1,1,2014-10-18,0547,Aqua,MODIS,100,6.2,400.1,1221.6,D,0
-21.8073,121.3741,374.1,1,1,2014-10-18,0547,Aqua,MODIS,96,6.2,322.7,114.7,D,0
-21.6252,121.3605,350.6,1,1,2014-10-18,0547,Aqua,MODIS,87,6.2,316.4,44.5,D,0
-21.6237,121.3705,378,1,1,2014-10-18,0547,Aqua,MODIS,94,6.2,315.4,129.8,D,0
-23.4081,122.3554,379.9,1.1,1,2014-10-18,0547,Aqua,MODIS,100,6.2,322,145.5,D,0
-23.3988,122.3537,340.8,1.1,1,2014-10-18,0547,Aqua,MODIS,78,6.2,318.9,26.1,D,0
-23.4053,122.312,337.2,1.1,1,2014-10-18,0547,Aqua,MODIS,75,6.2,318.7,19.3,D,0
-23.4069,122.3016,339.7,1.1,1,2014-10-18,0547,Aqua,MODIS,79,6.2,318.5,24.4,D,0
-23.3895,122.352,330.4,1.1,1,2014-10-18,0547,Aqua,MODIS,9,6.2,317.3,11.1,D,0
-23.3976,122.2999,352.8,1.1,1,2014-10-18,0547,Aqua,MODIS,94,6.2,318.2,52.7,D,0
-23.3835,122.3293,348,1.1,1,2014-10-18,0547,Aqua,MODIS,90,6.2,316.7,41.7,D,0
-22.6033,125.2018,341.6,1.6,1.2,2014-10-18,0547,Aqua,MODIS,82,6.2,329.2,27.6,D,0
-22.5027,124.8555,345,1.5,1.2,2014-10-18,0547,Aqua,MODIS,87,6.2,327.7,37.8,D,0
-23.3992,122.2895,338.8,1.1,1,2014-10-18,0547,Aqua,MODIS,78,6.2,316.4,22.8,D,0
-22.6754,125.053,340.1,1.5,1.2,2014-10-18,0547,Aqua,MODIS,80,6.2,326.7,26.2,D,0
-22.6479,125.017,349.2,1.5,1.2,2014-10-18,0547,Aqua,MODIS,88,6.2,325.1,56,D,0
-22.6473,125.0114,347.2,1.5,1.2,2014-10-18,0547,Aqua,MODIS,65,6.2,325.5,46,D,0
-22.6364,125.0092,348,1.5,1.2,2014-10-18,0547,Aqua,MODIS,27,6.2,330.7,46.1,D,0
-22.6198,124.9757,365.9,1.5,1.2,2014-10-18,0547,Aqua,MODIS,100,6.2,332.7,123.8,D,0
-21.6146,123.5674,338.4,1.3,1.1,2014-10-18,0547,Aqua,MODIS,77,6.2,324.5,19.8,D,0
-23.1731,122.1438,425.5,1.1,1,2014-10-18,0547,Aqua,MODIS,100,6.2,334,456.4,D,0
-23.1716,122.1541,417.1,1.1,1,2014-10-18,0547,Aqua,MODIS,100,6.2,337.1,382.6,D,0
-23.184,122.1352,336.1,1.1,1,2014-10-18,0547,Aqua,MODIS,62,6.2,313.1,18.5,D,0
-21.6025,123.5777,380.4,1.3,1.1,2014-10-18,0547,Aqua,MODIS,100,6.2,326.3,182.3,D,0
-21.6046,123.5655,424.3,1.3,1.1,2014-10-18,0547,Aqua,MODIS,100,6.2,338,579.5,D,0
-21.6053,123.5728,402.1,1.3,1.1,2014-10-18,0547,Aqua,MODIS,100,6.2,331.3,340.5,D,0
-21.5953,123.5708,352,1.3,1.1,2014-10-18,0547,Aqua,MODIS,93,6.2,325.3,51.2,D,0
-21.5832,123.5812,355.5,1.3,1.1,2014-10-18,0547,Aqua,MODIS,96,6.2,326.7,60.9,D,0
-21.5852,123.5689,383.2,1.3,1.1,2014-10-18,0547,Aqua,MODIS,100,6.2,331.5,193.4,D,0
-21.5751,123.5669,340.1,1.3,1.1,2014-10-18,0547,Aqua,MODIS,64,6.2,327.9,15.8,D,0
-22.4919,124.7741,339.9,1.5,1.2,2014-10-18,0547,Aqua,MODIS,70,6.2,327.5,20,D,0
-22.5026,124.7763,350.2,1.5,1.2,2014-10-18,0547,Aqua,MODIS,72,6.2,327.9,49.5,D,0
-22.511,124.7926,350.6,1.5,1.2,2014-10-18,0547,Aqua,MODIS,42,6.2,328.2,49.4,D,0
-22.5086,124.8069,351,1.5,1.2,2014-10-18,0547,Aqua,MODIS,52,6.2,327.6,50.9,D,0
-22.5014,124.8497,340.3,1.5,1.2,2014-10-18,0547,Aqua,MODIS,26,6.2,327.5,22.1,D,0
-22.5127,124.7985,362,1.5,1.2,2014-10-18,0547,Aqua,MODIS,97,6.2,327.3,100.7,D,0
-22.5306,125.1489,339.1,1.6,1.2,2014-10-18,0547,Aqua,MODIS,54,6.2,326,19.9,D,0
-23.1824,122.1455,385.3,1.1,1,2014-10-18,0547,Aqua,MODIS,100,6.2,318.6,170,D,0
-22.5332,125.134,341.5,1.5,1.2,2014-10-18,0547,Aqua,MODIS,66,6.2,328.3,27.7,D,0
-22.5197,125.1466,343.5,1.6,1.2,2014-10-18,0547,Aqua,MODIS,78,6.2,327.7,33.2,D,0
-22.5222,125.1317,356.4,1.5,1.2,2014-10-18,0547,Aqua,MODIS,97,6.2,330.2,85.4,D,0
-22.555,124.9407,348.2,1.5,1.2,2014-10-18,0547,Aqua,MODIS,90,6.2,329,46.8,D,0
-23.1808,122.1558,421.8,1.1,1,2014-10-18,0547,Aqua,MODIS,100,6.2,329.7,429.1,D,0
-23.4064,122.3658,379.5,1.1,1,2014-10-18,0547,Aqua,MODIS,100,6.2,318.4,145.2,D,0
-23.3972,122.3641,347.7,1.1,1,2014-10-18,0547,Aqua,MODIS,90,6.2,317.4,41.7,D,0
-23.1206,122.0756,337.4,1.1,1,2014-10-18,0547,Aqua,MODIS,76,6.2,321.3,17.9,D,0
-23.1204,122.1391,358.6,1.1,1,2014-10-18,0547,Aqua,MODIS,99,6.2,324.4,65.7,D,0
-23.1188,122.1495,336.9,1.1,1,2014-10-18,0547,Aqua,MODIS,46,6.2,318.3,18.2,D,0
-23.127,122.1353,391.7,1.1,1,2014-10-18,0547,Aqua,MODIS,100,6.2,326.6,194.9,D,0
-23.1253,122.1457,437.9,1.1,1,2014-10-18,0547,Aqua,MODIS,100,6.2,331.4,591.3,D,0
-23.1394,122.1164,338.5,1.1,1,2014-10-18,0547,Aqua,MODIS,52,6.2,320.5,16.2,D,0
-23.1346,122.1474,418.1,1.1,1,2014-10-18,0547,Aqua,MODIS,100,6.2,326.6,385.4,D,0
-23.1438,122.149,349.6,1.1,1,2014-10-18,0547,Aqua,MODIS,88,6.2,319.7,39.7,D,0
-23.1531,122.1507,370.2,1.1,1,2014-10-18,0547,Aqua,MODIS,100,6.2,325.7,101,D,0
-22.6064,124.988,347.8,1.5,1.2,2014-10-18,0547,Aqua,MODIS,68,6.2,329.3,43.9,D,0
-23.1655,122.1318,350.9,1.1,1,2014-10-18,0547,Aqua,MODIS,87,6.2,320.2,40.3,D,0
-23.1639,122.1421,354.6,1.1,1,2014-10-18,0547,Aqua,MODIS,91,6.2,322.9,46.6,D,0
-23.1623,122.1524,430.1,1.1,1,2014-10-18,0547,Aqua,MODIS,100,6.2,338.3,504.3,D,0
-23.1763,122.1231,336.9,1.1,1,2014-10-18,0547,Aqua,MODIS,49,6.2,317.4,18.1,D,0
-23.1747,122.1335,407.8,1.1,1,2014-10-18,0547,Aqua,MODIS,100,6.2,327.7,305.9,D,0
-19.9622,123.4068,342.4,1.3,1.1,2014-10-18,0548,Aqua,MODIS,70,6.2,318.9,31.3,D,0
-19.9642,123.3942,346.9,1.3,1.1,2014-10-18,0548,Aqua,MODIS,85,6.2,323.6,41.9,D,0
-17.6275,125.3305,334.4,2,1.4,2014-10-18,0548,Aqua,MODIS,22,6.2,314.9,30.9,D,0
-19.954,123.3923,345.2,1.3,1.1,2014-10-18,0548,Aqua,MODIS,87,6.2,321.1,38.7,D,0
-19.543,126.9633,379.4,2.4,1.5,2014-10-18,0548,Aqua,MODIS,100,6.2,327.8,440,D,0
-19.5452,126.9821,344.8,2.4,1.5,2014-10-18,0548,Aqua,MODIS,86,6.2,323.6,86.8,D,0
-19.5493,126.9596,362.2,2.4,1.5,2014-10-18,0548,Aqua,MODIS,100,6.2,326.2,227.7,D,0
-19.536,126.9568,337.1,2.4,1.5,2014-10-18,0548,Aqua,MODIS,70,6.2,325.2,41.5,D,0
-20.6259,119.1759,357,1,1,2014-10-18,0548,Aqua,MODIS,97,6.2,318.6,53.1,D,0
-21.7727,119.0509,331.7,1,1,2014-10-18,0548,Aqua,MODIS,50,6.2,301.1,13.6,D,0
-21.7636,119.0495,344,1,1,2014-10-18,0548,Aqua,MODIS,83,6.2,312.8,32.2,D,0
-21.7517,119.0679,351.7,1,1,2014-10-18,0548,Aqua,MODIS,94,6.2,314.2,46.4,D,0
-21.7531,119.058,371.2,1,1,2014-10-18,0548,Aqua,MODIS,100,6.2,313.9,102.9,D,0
-21.744,119.0565,341.8,1,1,2014-10-18,0548,Aqua,MODIS,75,6.2,314.5,24.7,D,0
-21.7362,119.0451,341.3,1,1,2014-10-18,0548,Aqua,MODIS,86,6.2,315,24.7,D,0
-20.0142,124.2916,363.3,1.5,1.2,2014-10-18,0548,Aqua,MODIS,100,6.2,316.5,133,D,0
-20.0166,124.2773,421.6,1.5,1.2,2014-10-18,0548,Aqua,MODIS,100,6.2,332.8,699.1,D,0
-20.0191,124.2631,356.3,1.5,1.2,2014-10-18,0548,Aqua,MODIS,82,6.2,323.6,88.1,D,0
-20.0033,124.2895,344.8,1.5,1.2,2014-10-18,0548,Aqua,MODIS,63,6.2,323,47.3,D,0
-20.0058,124.2753,370.9,1.5,1.2,2014-10-18,0548,Aqua,MODIS,100,6.2,330.5,167.7,D,0
-20.0133,124.2857,389.4,1.5,1.2,2014-10-18,0548,Aqua,MODIS,100,6.2,322.4,312.2,D,0
-20.0157,124.2714,400,1.5,1.2,2014-10-18,0548,Aqua,MODIS,100,6.2,334.1,412.5,D,0
-20.0025,124.2836,354.4,1.5,1.2,2014-10-18,0548,Aqua,MODIS,95,6.2,325.8,79.6,D,0
-20.0049,124.2693,358.8,1.5,1.2,2014-10-18,0548,Aqua,MODIS,99,6.2,328.8,96,D,0
-19.9916,124.2815,347.3,1.5,1.2,2014-10-18,0548,Aqua,MODIS,89,6.2,326.8,48.7,D,0
-18.2586,126.5808,340.5,2.4,1.5,2014-10-18,0548,Aqua,MODIS,81,6.2,319.5,81.1,D,0
-21.3164,119.17,332.2,1,1,2014-10-18,0548,Aqua,MODIS,67,6.2,314.3,11.9,D,0
-20.6349,119.1774,337.4,1,1,2014-10-18,0548,Aqua,MODIS,67,6.2,315.6,13.1,D,0
-21.6229,117.97,338.3,1.1,1.1,2014-10-18,0548,Aqua,MODIS,81,6.2,313.1,23,D,0
-21.6243,117.9593,331.6,1.1,1.1,2014-10-18,0548,Aqua,MODIS,55,6.2,311.8,11.9,D,0
-21.6134,117.9687,333.8,1.1,1.1,2014-10-18,0548,Aqua,MODIS,39,6.2,313.9,14.2,D,0
-21.6148,117.958,352.7,1.1,1.1,2014-10-18,0548,Aqua,MODIS,95,6.2,315.3,54.9,D,0
-21.6053,117.9566,377.2,1.1,1.1,2014-10-18,0548,Aqua,MODIS,100,6.2,317.1,141.7,D,0
-21.5832,118.0118,338.6,1.1,1,2014-10-18,0548,Aqua,MODIS,81,6.2,313.9,25,D,0
-21.5903,117.9584,336.7,1.1,1.1,2014-10-18,0548,Aqua,MODIS,45,6.2,312.7,21.3,D,0
-21.5917,117.9476,339.2,1.1,1.1,2014-10-18,0548,Aqua,MODIS,64,6.2,311.6,26.7,D,0
-21.5713,117.9556,352.2,1.1,1.1,2014-10-18,0548,Aqua,MODIS,94,6.2,315.5,54.3,D,0
-21.5576,117.9863,330.4,1.1,1.1,2014-10-18,0548,Aqua,MODIS,46,6.2,314.3,10,D,0
-21.5604,117.9648,336.9,1.1,1.1,2014-10-18,0548,Aqua,MODIS,59,6.2,315.2,19.5,D,0
-21.5618,117.9541,333.1,1.1,1.1,2014-10-18,0548,Aqua,MODIS,46,6.2,313.5,14.8,D,0
-21.5482,117.9847,335.6,1.1,1.1,2014-10-18,0548,Aqua,MODIS,76,6.2,314.5,18.8,D,0
-17.9978,127.7176,343.2,2.9,1.6,2014-10-18,0548,Aqua,MODIS,85,6.2,318.3,140.3,D,0
-17.1669,130.215,334.2,4.6,2,2014-10-18,0548,Aqua,MODIS,73,6.2,313.4,166.8,D,0
-20.3717,124.6888,348.9,1.6,1.2,2014-10-18,0548,Aqua,MODIS,51,6.2,328.1,55.1,D,0
-16.6764,129.6316,337.3,4.3,1.9,2014-10-18,0548,Aqua,MODIS,54,6.2,321.3,144.1,D,0
-16.6872,129.6001,338.5,4.3,1.9,2014-10-18,0548,Aqua,MODIS,50,6.2,318.4,172.6,D,0
-20.3632,124.6714,353,1.6,1.2,2014-10-18,0548,Aqua,MODIS,74,6.2,327.1,68.5,D,0
-20.3307,124.7272,351.4,1.6,1.2,2014-10-18,0548,Aqua,MODIS,90,6.2,326.5,68.4,D,0
-20.3385,124.6821,348,1.6,1.2,2014-10-18,0548,Aqua,MODIS,40,6.2,327.5,47.4,D,0
-20.3333,124.7122,349.2,1.6,1.2,2014-10-18,0548,Aqua,MODIS,68,6.2,329.3,56.9,D,0
-17.9989,127.7257,343.7,2.9,1.6,2014-10-18,0548,Aqua,MODIS,85,6.2,318.9,143.9,D,0
-17.4155,124.2483,338,1.7,1.3,2014-10-18,0548,Aqua,MODIS,69,6.2,311.5,41.6,D,0
-17.7277,126.0941,339.8,2.2,1.5,2014-10-18,0548,Aqua,MODIS,80,6.2,321.1,67.1,D,0
-17.4181,124.2327,346.6,1.7,1.3,2014-10-18,0548,Aqua,MODIS,86,6.2,314.5,69.7,D,0
-17.4042,124.2461,413.7,1.7,1.3,2014-10-18,0548,Aqua,MODIS,100,6.2,320.6,681.9,D,0
-17.6106,125.341,337.5,2,1.4,2014-10-18,0548,Aqua,MODIS,75,6.2,317.1,43.9,D,0
-17.564,125.3893,335,2,1.4,2014-10-18,0548,Aqua,MODIS,43,6.2,319.3,31.3,D,0
-17.4068,124.2306,376.4,1.7,1.3,2014-10-18,0548,Aqua,MODIS,100,6.2,319.9,241.2,D,0
-20.1454,123.4793,333.2,1.3,1.1,2014-10-18,0548,Aqua,MODIS,38,6.2,315.6,12.2,D,0
-17.3845,128.5847,332.3,3.5,1.8,2014-10-18,0548,Aqua,MODIS,41,6.2,321.9,53.6,D,0
-17.6242,125.3491,346.2,2,1.4,2014-10-18,0548,Aqua,MODIS,88,6.2,316.5,84.2,D,0
-18.1194,130.2291,335,4.4,1.9,2014-10-18,0548,Aqua,MODIS,62,6.2,315.1,140.3,D,0
-17.0614,130.2742,330,4.7,2,2014-10-18,0548,Aqua,MODIS,60,6.2,314.6,108.9,D,0
-18.1278,130.1879,353.4,4.4,1.9,2014-10-18,0548,Aqua,MODIS,95,6.2,317.1,432.2,D,0
-18.1275,130.1925,355.3,4.4,1.9,2014-10-18,0548,Aqua,MODIS,96,6.2,317.2,468.5,D,0
-17.6365,125.3513,334,2,1.4,2014-10-18,0548,Aqua,MODIS,22,6.2,315.7,30.6,D,0
-17.4874,128.4725,339.4,3.4,1.7,2014-10-18,0548,Aqua,MODIS,73,6.2,314.7,143.2,D,0
-20.1383,124.1765,337.6,1.5,1.2,2014-10-18,0548,Aqua,MODIS,46,6.2,320.9,24.7,D,0
-20.113,124.2588,346.8,1.5,1.2,2014-10-18,0548,Aqua,MODIS,75,6.2,312.6,61.9,D,0
-20.1155,124.2446,371.5,1.5,1.2,2014-10-18,0548,Aqua,MODIS,100,6.2,318.9,174.6,D,0
-17.4146,124.1843,364.9,1.6,1.3,2014-10-18,0548,Aqua,MODIS,100,6.2,318.5,156,D,0
-17.4534,128.5653,358.5,3.5,1.8,2014-10-18,0548,Aqua,MODIS,99,6.2,316.9,365.7,D,0
-20.3879,124.661,344,1.6,1.2,2014-10-18,0548,Aqua,MODIS,75,6.2,322.6,48,D,0
-17.555,125.3682,332.8,2,1.4,2014-10-18,0548,Aqua,MODIS,37,6.2,318.7,20.6,D,0
-17.4545,128.5387,341.5,3.4,1.7,2014-10-18,0548,Aqua,MODIS,33,6.2,316,136.2,D,0
-17.4478,128.572,362.2,3.5,1.8,2014-10-18,0548,Aqua,MODIS,100,6.2,319,425.5,D,0
-17.4825,128.479,340.6,3.4,1.7,2014-10-18,0548,Aqua,MODIS,76,6.2,315.1,153.6,D,0
-17.158,130.2584,341.6,4.7,2,2014-10-18,0548,Aqua,MODIS,84,6.2,314.8,265.8,D,0
-17.1583,130.2506,343.1,4.7,2,2014-10-18,0548,Aqua,MODIS,86,6.2,314.4,289.5,D,0
-17.429,124.2243,341,1.7,1.3,2014-10-18,0548,Aqua,MODIS,61,6.2,313.9,48.2,D,0
-20.3658,124.6565,348.9,1.6,1.2,2014-10-18,0548,Aqua,MODIS,87,6.2,325.8,56.8,D,0
-20.3768,124.6588,359.9,1.6,1.2,2014-10-18,0548,Aqua,MODIS,99,6.2,325.5,110.1,D,0
-20.1022,124.2567,413.6,1.5,1.2,2014-10-18,0548,Aqua,MODIS,100,6.2,327.4,578.6,D,0
-20.1047,124.2425,408.1,1.5,1.2,2014-10-18,0548,Aqua,MODIS,100,6.2,334.5,498.8,D,0
-20.1104,124.2515,389.4,1.5,1.2,2014-10-18,0548,Aqua,MODIS,100,6.2,322.1,310.4,D,0
-20.1127,124.2373,358,1.5,1.2,2014-10-18,0548,Aqua,MODIS,88,6.2,322.2,96.3,D,0
-20.0972,124.2636,392.3,1.5,1.2,2014-10-18,0548,Aqua,MODIS,100,6.2,317.9,340,D,0
-17.6119,125.3467,335.6,2,1.4,2014-10-18,0548,Aqua,MODIS,41,6.2,316.7,34.4,D,0
-20.3904,124.6461,342.1,1.6,1.2,2014-10-18,0548,Aqua,MODIS,73,6.2,324.3,39.6,D,0
-20.0996,124.2494,441.2,1.5,1.2,2014-10-18,0548,Aqua,MODIS,100,6.2,339.5,1042.2,D,0
-20.1656,123.4628,342.6,1.3,1.1,2014-10-18,0548,Aqua,MODIS,62,6.2,313.8,35.7,D,0
-20.1677,123.4502,352.9,1.3,1.1,2014-10-18,0548,Aqua,MODIS,94,6.2,316.2,68.2,D,0
-20.1596,123.4358,353.7,1.3,1.1,2014-10-18,0548,Aqua,MODIS,95,6.2,317.6,68.7,D,0
-20.1638,123.4107,334.9,1.3,1.1,2014-10-18,0548,Aqua,MODIS,39,6.2,313,16.7,D,0
-20.0864,124.2615,384.5,1.5,1.2,2014-10-18,0548,Aqua,MODIS,100,6.2,320.2,268.6,D,0
-20.1659,123.3981,351.7,1.3,1.1,2014-10-18,0548,Aqua,MODIS,93,6.2,316.9,64.2,D,0
-20.1494,123.4339,336,1.3,1.1,2014-10-18,0548,Aqua,MODIS,66,6.2,316.6,19.6,D,0
-20.1557,123.3962,338.3,1.3,1.1,2014-10-18,0548,Aqua,MODIS,77,6.2,306.6,25.1,D,0
-20.0888,124.2474,383.8,1.5,1.2,2014-10-18,0548,Aqua,MODIS,100,6.2,328.5,253.6,D,0
-20.1515,123.4416,339.2,1.3,1.1,2014-10-18,0548,Aqua,MODIS,52,6.2,317.1,24,D,0
-20.1596,123.3913,330.4,1.3,1.1,2014-10-18,0548,Aqua,MODIS,18,6.2,314.9,6.8,D,0
-20.0756,124.2594,372.6,1.5,1.2,2014-10-18,0548,Aqua,MODIS,100,6.2,320,179.5,D,0
-17.6229,125.3433,347.4,2,1.4,2014-10-18,0548,Aqua,MODIS,89,6.2,316.8,90.5,D,0
-20.0851,124.203,355,1.5,1.2,2014-10-18,0548,Aqua,MODIS,96,6.2,325.9,72.2,D,0
-17.167,130.2072,328.5,4.6,2,2014-10-18,0548,Aqua,MODIS,33,6.2,313.5,94.3,D,0
-20.0648,124.2574,349.1,1.5,1.2,2014-10-18,0548,Aqua,MODIS,68,6.2,318.6,62.8,D,0
-16.5918,129.6926,332.8,4.4,1.9,2014-10-18,0548,Aqua,MODIS,51,6.2,320.4,95.2,D,0
-19.0363,129.1698,332.6,3.6,1.8,2014-10-18,0548,Aqua,MODIS,17,6.2,321.1,61.2,D,0
-20.3802,124.706,367.1,1.6,1.2,2014-10-18,0548,Aqua,MODIS,100,6.2,323.6,155,D,0
-20.3828,124.691,370.1,1.6,1.2,2014-10-18,0548,Aqua,MODIS,100,6.2,324.8,173.9,D,0
-20.3691,124.7038,371.9,1.6,1.2,2014-10-18,0548,Aqua,MODIS,100,6.2,326.6,178.3,D,0
-19.027,129.1601,333.2,3.6,1.8,2014-10-18,0548,Aqua,MODIS,48,6.2,319.4,59.8,D,0
-21.2006,122.7157,353.2,1.2,1.1,2014-10-18,0548,Aqua,MODIS,95,6.2,321.9,52.1,D,0
-20.8742,120.3409,405,1,1,2014-10-18,0548,Aqua,MODIS,100,6.2,322.6,262.4,D,0
-20.8728,120.3505,359.2,1,1,2014-10-18,0548,Aqua,MODIS,99,6.2,313.6,62.9,D,0
-21.1767,122.7289,338.5,1.2,1.1,2014-10-18,0548,Aqua,MODIS,71,6.2,318.5,18.9,D,0
-21.1784,122.7177,374.1,1.2,1.1,2014-10-18,0548,Aqua,MODIS,100,6.2,326.3,129.7,D,0
-21.1802,122.7064,363.5,1.2,1.1,2014-10-18,0548,Aqua,MODIS,100,6.2,330.6,85.5,D,0
-21.1723,122.6935,339,1.2,1.1,2014-10-18,0548,Aqua,MODIS,77,6.2,321,18.9,D,0
-21.5383,120.7693,342.6,1,1,2014-10-18,0548,Aqua,MODIS,51,6.2,313.2,28.3,D,0
-21.5473,120.7708,373.4,1,1,2014-10-18,0548,Aqua,MODIS,100,6.2,316.7,108.8,D,0
-21.041,119.953,341.4,1,1,2014-10-18,0548,Aqua,MODIS,56,6.2,315.4,26.2,D,0
-20.7609,120.2378,333.7,1,1,2014-10-18,0548,Aqua,MODIS,37,6.2,311.9,14.1,D,0
-20.8047,122.3743,439.4,1.1,1.1,2014-10-18,0548,Aqua,MODIS,100,6.2,332.2,680.4,D,0
-20.8064,122.3634,388.7,1.1,1.1,2014-10-18,0548,Aqua,MODIS,94,6.2,324,205,D,0
-20.7969,122.3616,338.9,1.1,1.1,2014-10-18,0548,Aqua,MODIS,33,6.2,304.7,24.7,D,0
-21.0424,119.9435,359.8,1,1,2014-10-18,0548,Aqua,MODIS,99,6.2,317.8,66.1,D,0
-21.5459,120.7805,342.7,1,1,2014-10-18,0548,Aqua,MODIS,86,6.2,314.5,28.1,D,0
-21.0451,119.9243,351.4,1,1,2014-10-18,0548,Aqua,MODIS,93,6.2,319.4,42.8,D,0
-20.7761,122.34,357.8,1.1,1.1,2014-10-18,0548,Aqua,MODIS,56,6.2,315,74.3,D,0
-21.2637,122.8386,346.4,1.2,1.1,2014-10-18,0548,Aqua,MODIS,82,6.2,320.7,34.6,D,0
-21.0347,119.9324,359.6,1,1,2014-10-18,0548,Aqua,MODIS,99,6.2,318.5,62.1,D,0
-21.0361,119.9228,346.8,1,1,2014-10-18,0548,Aqua,MODIS,89,6.2,319.1,30.8,D,0
-21.3991,122.486,347.3,1.1,1.1,2014-10-18,0548,Aqua,MODIS,89,6.2,323.8,32.6,D,0
-20.8125,122.3869,341.2,1.1,1.1,2014-10-18,0548,Aqua,MODIS,46,6.2,305.9,24.8,D,0
-20.7935,120.204,378.8,1,1,2014-10-18,0548,Aqua,MODIS,100,6.2,312.3,129.4,D,0
-20.8754,122.3814,340.5,1.1,1.1,2014-10-18,0548,Aqua,MODIS,76,6.2,302.1,29.5,D,0
-21.2831,122.8422,399.1,1.2,1.1,2014-10-18,0548,Aqua,MODIS,100,6.2,327.8,287.4,D,0
-21.2813,122.8536,375.8,1.2,1.1,2014-10-18,0548,Aqua,MODIS,100,6.2,322.5,144.7,D,0
-20.8737,122.3923,359.2,1.1,1.1,2014-10-18,0548,Aqua,MODIS,95,6.2,315.5,77.6,D,0
-20.8832,122.394,454.9,1.1,1.1,2014-10-18,0548,Aqua,MODIS,100,6.2,337.5,919.1,D,0
-21.1899,122.7082,362.2,1.2,1.1,2014-10-18,0548,Aqua,MODIS,92,6.2,336.1,79,D,0
-20.8665,120.3298,342.6,1,1,2014-10-18,0548,Aqua,MODIS,85,6.2,317,23.6,D,0
-20.7948,120.1944,344,1,1,2014-10-18,0548,Aqua,MODIS,81,6.2,311.2,29.9,D,0
-20.8815,122.405,389.2,1.1,1.1,2014-10-18,0548,Aqua,MODIS,100,6.2,316.1,212.3,D,0
-20.8928,122.3958,341.3,1.1,1.1,2014-10-18,0548,Aqua,MODIS,79,6.2,313.4,30.7,D,0
-20.917,122.3666,363.7,1.1,1.1,2014-10-18,0548,Aqua,MODIS,100,6.2,321,92.7,D,0
-20.9153,122.3774,353,1.1,1.1,2014-10-18,0548,Aqua,MODIS,94,6.2,314.9,58.3,D,0
-20.9249,122.3792,350,1.1,1.1,2014-10-18,0548,Aqua,MODIS,64,6.2,316.8,50.7,D,0
-20.9344,122.3809,370.4,1.1,1.1,2014-10-18,0548,Aqua,MODIS,87,6.2,311.9,121.1,D,0
-20.7845,120.2025,344.5,1,1,2014-10-18,0548,Aqua,MODIS,77,6.2,311.7,29.4,D,0
-21.1988,122.7269,358.3,1.2,1.1,2014-10-18,0548,Aqua,MODIS,93,6.2,316,68.7,D,0
-20.7713,120.2297,339.7,1,1,2014-10-18,0548,Aqua,MODIS,81,6.2,312.9,23,D,0
-20.7485,120.1965,350.7,1,1,2014-10-18,0548,Aqua,MODIS,93,6.2,316.9,37.4,D,0
-20.7443,120.2252,336,1,1,2014-10-18,0548,Aqua,MODIS,70,6.2,310.1,13.5,D,0
-20.7623,120.2282,362.9,1,1,2014-10-18,0548,Aqua,MODIS,100,6.2,316.3,74.1,D,0
-20.7768,120.1914,333.3,1,1,2014-10-18,0548,Aqua,MODIS,38,6.2,315.5,10.3,D,0
-20.731,120.187,340.1,1,1,2014-10-18,0548,Aqua,MODIS,48,6.2,315.5,23.8,D,0
-21.5978,121.3557,363.9,1,1,2014-10-18,0548,Aqua,MODIS,100,6.2,316.1,80.9,D,0
-21.6358,120.6733,337.1,1,1,2014-10-18,0548,Aqua,MODIS,57,6.2,314,16.8,D,0
-20.8652,120.3394,364.7,1,1,2014-10-18,0548,Aqua,MODIS,100,6.2,319.7,76.8,D,0
-20.7858,120.1929,348.8,1,1,2014-10-18,0548,Aqua,MODIS,91,6.2,314.1,37.7,D,0
-21.4008,122.475,341.9,1.1,1.1,2014-10-18,0548,Aqua,MODIS,83,6.2,325.6,20.6,D,0
-21.1891,122.7252,501.6,1.2,1.1,2014-10-18,0548,Aqua,MODIS,100,6.2,400.1,2042.4,D,0
-21.2716,122.8518,343.7,1.2,1.1,2014-10-18,0548,Aqua,MODIS,49,6.2,322.5,27.2,D,0
-21.2734,122.8404,371.2,1.2,1.1,2014-10-18,0548,Aqua,MODIS,100,6.2,324.2,118.8,D,0
-21.1909,122.714,475.6,1.2,1.1,2014-10-18,0548,Aqua,MODIS,100,6.2,400.1,1353.8,D,0
-21.1863,122.7307,397.5,1.2,1.1,2014-10-18,0548,Aqua,MODIS,100,6.2,316,267.3,D,0
-21.1881,122.7195,476.3,1.2,1.1,2014-10-18,0548,Aqua,MODIS,100,6.2,400.1,1373.6,D,0
-14.9361,125.8242,325.9,2.4,1.5,2014-10-18,0549,Aqua,MODIS,42,6.2,313.2,28.6,D,0
-14.7292,126.7434,338.7,2.9,1.6,2014-10-18,0549,Aqua,MODIS,83,6.2,318.4,92.4,D,0
-15.5701,126.0341,337.9,2.5,1.5,2014-10-18,0549,Aqua,MODIS,71,6.2,312.8,73.4,D,0
-15.5262,125.5282,334.7,2.3,1.5,2014-10-18,0549,Aqua,MODIS,60,6.2,312.1,60.7,D,0
-15.5095,125.5466,331,2.3,1.5,2014-10-18,0549,Aqua,MODIS,51,6.2,312.2,43.7,D,0
-15.5132,125.5256,327.3,2.3,1.5,2014-10-18,0549,Aqua,MODIS,9,6.2,311.5,32.3,D,0
-15.6668,125.5473,329.2,2.2,1.5,2014-10-18,0549,Aqua,MODIS,66,6.2,313.5,36.5,D,0
-16.125,125.7059,333,2.3,1.5,2014-10-18,0549,Aqua,MODIS,47,6.2,309.1,52.4,D,0
-15.5648,125.3728,346.8,2.2,1.4,2014-10-18,0549,Aqua,MODIS,91,6.2,307.3,132,D,0
-15.5779,126.0434,350.3,2.5,1.5,2014-10-18,0549,Aqua,MODIS,93,6.2,314.2,164,D,0
-16.1542,125.7624,342.1,2.3,1.5,2014-10-18,0549,Aqua,MODIS,78,6.2,314.6,90.8,D,0
-16.158,125.7412,337.6,2.3,1.5,2014-10-18,0549,Aqua,MODIS,65,6.2,312.6,69.6,D,0
-16.1567,125.7554,344.6,2.3,1.5,2014-10-18,0549,Aqua,MODIS,88,6.2,314.6,109.3,D,0
-16.1604,125.7345,333.9,2.3,1.5,2014-10-18,0549,Aqua,MODIS,61,6.2,311.3,53.7,D,0
-16.1214,125.7263,337.8,2.3,1.5,2014-10-18,0549,Aqua,MODIS,80,6.2,311.5,75.4,D,0
-15.9781,126.0986,335.6,2.4,1.5,2014-10-18,0549,Aqua,MODIS,72,6.2,312.5,67,D,0
-15.9822,126.0755,337.3,2.4,1.5,2014-10-18,0549,Aqua,MODIS,80,6.2,311.4,75.7,D,0
-15.9647,126.0959,330.6,2.4,1.5,2014-10-18,0549,Aqua,MODIS,68,6.2,313.3,45.3,D,0
-15.9687,126.0734,330.1,2.4,1.5,2014-10-18,0549,Aqua,MODIS,65,6.2,313.1,43.1,D,0
-15.5562,126.0862,330.4,2.5,1.5,2014-10-18,0549,Aqua,MODIS,55,6.2,316.5,36.8,D,0
-15.5427,126.0834,338.3,2.5,1.5,2014-10-18,0549,Aqua,MODIS,82,6.2,318.1,76,D,0
-15.5292,126.0806,350.4,2.5,1.5,2014-10-18,0549,Aqua,MODIS,93,6.2,315.8,157.7,D,0
-15.5312,126.0967,341.8,2.5,1.5,2014-10-18,0549,Aqua,MODIS,77,6.2,315.9,91.7,D,0
-15.5352,126.0742,342.9,2.5,1.5,2014-10-18,0549,Aqua,MODIS,81,6.2,316.5,97.3,D,0
-15.9447,125.9762,328.9,2.4,1.5,2014-10-18,0549,Aqua,MODIS,33,6.2,313.7,28.6,D,0
-16.3767,125.0922,330.3,2,1.4,2014-10-18,0549,Aqua,MODIS,40,6.2,311.6,26.9,D,0
-16.3651,125.096,336.2,2,1.4,2014-10-18,0549,Aqua,MODIS,77,6.2,311.6,52.2,D,0
-16.361,123.9977,326.6,1.7,1.3,2014-10-18,0549,Aqua,MODIS,0,6.2,312.5,21.3,D,0
-16.8407,123.1301,343.3,1.4,1.2,2014-10-18,0549,Aqua,MODIS,86,6.2,313.3,52.4,D,0
-16.8279,123.1416,336.8,1.4,1.2,2014-10-18,0549,Aqua,MODIS,58,6.2,313.2,37.1,D,0
-16.3991,125.1207,329.7,2,1.4,2014-10-18,0549,Aqua,MODIS,46,6.2,313.2,20.5,D,0
-16.3775,125.0977,328.9,2,1.4,2014-10-18,0549,Aqua,MODIS,45,6.2,311.6,22.2,D,0
-16.5977,127.4101,332.1,3,1.6,2014-10-18,0549,Aqua,MODIS,50,6.2,316.8,55.4,D,0
-16.5984,127.4177,337.5,3,1.6,2014-10-18,0549,Aqua,MODIS,78,6.2,316.9,93.8,D,0
-16.6811,122.9132,334.5,1.4,1.2,2014-10-18,0549,Aqua,MODIS,52,6.2,306.7,28.8,D,0
-16.658,122.9224,334.3,1.4,1.2,2014-10-18,0549,Aqua,MODIS,55,6.2,311.6,24.3,D,0
-16.664,123.0178,333.5,1.4,1.2,2014-10-18,0549,Aqua,MODIS,44,6.2,313.8,19.1,D,0
-17.4033,124.1821,335.4,1.6,1.3,2014-10-18,0549,Aqua,MODIS,61,6.2,316.5,24.9,D,0
-14.3075,127.2105,332.1,3.2,1.7,2014-10-18,0549,Aqua,MODIS,58,6.2,313.3,69.9,D,0
-15.3292,125.3722,328.1,2.2,1.4,2014-10-18,0549,Aqua,MODIS,63,6.2,312.9,34.7,D,0
-16.8945,124.6009,334.5,1.8,1.3,2014-10-18,0549,Aqua,MODIS,72,6.2,313.2,36.4,D,0
-16.5888,127.2126,337.5,2.9,1.6,2014-10-18,0549,Aqua,MODIS,78,6.2,315.8,93.5,D,0
-16.5927,127.4372,331,3,1.6,2014-10-18,0549,Aqua,MODIS,50,6.2,315.8,49.2,D,0
-16.8799,124.615,358.8,1.8,1.3,2014-10-18,0549,Aqua,MODIS,99,6.2,312.9,150.7,D,0
-16.5937,127.1859,339.4,2.9,1.6,2014-10-18,0549,Aqua,MODIS,81,6.2,316,108.8,D,0
-16.8916,124.6177,328.5,1.8,1.3,2014-10-18,0549,Aqua,MODIS,29,6.2,312.8,16.9,D,0
-14.4948,126.9367,332.5,3,1.7,2014-10-18,0549,Aqua,MODIS,56,6.2,315.3,68.9,D,0
-14.4104,127.0568,328.9,3.1,1.7,2014-10-18,0549,Aqua,MODIS,55,6.2,310.8,49.1,D,0
-15.5672,125.3682,343.3,2.2,1.4,2014-10-18,0549,Aqua,MODIS,88,6.2,307.1,113.4,D,0
-15.5836,125.35,331.5,2.2,1.4,2014-10-18,0549,Aqua,MODIS,72,6.2,307.4,54.7,D,0
-14.66,126.7772,337.4,2.9,1.6,2014-10-18,0549,Aqua,MODIS,81,6.2,319.7,84.7,D,0
-14.6614,126.7853,334.6,2.9,1.6,2014-10-18,0549,Aqua,MODIS,70,6.2,318.5,61.2,D,0
-16.8827,124.5985,359.7,1.8,1.3,2014-10-18,0549,Aqua,MODIS,99,6.2,314.9,156.6,D,0
-16.951,124.6015,330.9,1.8,1.3,2014-10-18,0549,Aqua,MODIS,49,6.2,314.1,22.1,D,0
-15.5638,125.3884,332.2,2.2,1.4,2014-10-18,0549,Aqua,MODIS,74,6.2,308.5,58.4,D,0
-16.6319,127.482,334.7,3,1.6,2014-10-18,0549,Aqua,MODIS,68,6.2,317.3,64.5,D,0
-14.3744,127.169,336.9,3.2,1.7,2014-10-18,0549,Aqua,MODIS,81,6.2,312.7,109.9,D,0
-14.376,126.9927,328.7,3.1,1.7,2014-10-18,0549,Aqua,MODIS,68,6.2,315,40.5,D,0
-15.5813,125.3548,332.5,2.2,1.4,2014-10-18,0549,Aqua,MODIS,74,6.2,307.4,56,D,0
-15.5777,125.375,325.1,2.2,1.4,2014-10-18,0549,Aqua,MODIS,17,6.2,309.1,27.3,D,0
-16.6415,127.5127,332.1,3,1.7,2014-10-18,0549,Aqua,MODIS,43,6.2,319.3,45.7,D,0
-14.4156,127.0285,329,3.1,1.7,2014-10-18,0549,Aqua,MODIS,59,6.2,312,50.8,D,0
-14.3784,126.9879,328.8,3.1,1.7,2014-10-18,0549,Aqua,MODIS,67,6.2,315.2,42.7,D,0
-16.5639,127.3465,329.9,2.9,1.6,2014-10-18,0549,Aqua,MODIS,45,6.2,316.4,40.3,D,0
-16.587,126.8075,333.2,2.7,1.6,2014-10-18,0549,Aqua,MODIS,56,6.2,321.3,41.7,D,0
-17.3674,124.2553,342.5,1.7,1.3,2014-10-18,0549,Aqua,MODIS,83,6.2,316.1,51.5,D,0
-17.3928,124.244,336.1,1.7,1.3,2014-10-18,0549,Aqua,MODIS,51,6.2,314.1,28.7,D,0
-22.0375,127.3432,304.8,3.7,1.8,2014-10-18,1334,Terra,MODIS,43,6.2,292,40.4,N,0
-22.0271,127.3728,303,3.7,1.8,2014-10-18,1334,Terra,MODIS,24,6.2,291.3,34.3,N,0
-24.8654,129.0296,309.7,3,1.6,2014-10-18,1334,Terra,MODIS,78,6.2,290,49.3,N,0
-24.8645,129.036,311,3,1.6,2014-10-18,1334,Terra,MODIS,81,6.2,289,55.2,N,0
-22.0184,127.3771,302.6,3.7,1.8,2014-10-18,1334,Terra,MODIS,10,6.2,291.1,31.2,N,0
-22.0434,127.3745,303.8,3.7,1.8,2014-10-18,1334,Terra,MODIS,43,6.2,291.8,38.5,N,0
-22.0465,127.3389,303.1,3.7,1.8,2014-10-18,1334,Terra,MODIS,28,6.2,292.9,35.8,N,0
-20.6894,143.2442,309.9,2,1.4,2014-10-18,1334,Terra,MODIS,79,6.2,294.1,23.6,N,0
-20.7052,143.2279,309.7,2,1.4,2014-10-18,1334,Terra,MODIS,78,6.2,293.7,23,N,0
-20.7395,139.4764,303.7,1.2,1.1,2014-10-18,1334,Terra,MODIS,56,6.2,293.3,6.5,N,2
-20.7299,139.4746,314.8,1.2,1.1,2014-10-18,1334,Terra,MODIS,90,6.2,293.9,15.5,N,2
-19.7001,143.4593,304.6,2.2,1.4,2014-10-18,1334,Terra,MODIS,61,6.2,293.7,15.5,N,0
-19.6984,143.4644,307,2.2,1.4,2014-10-18,1334,Terra,MODIS,58,6.2,293.7,18.7,N,0
-16.5008,142.2652,413.6,2.1,1.4,2014-10-18,1335,Terra,MODIS,100,6.2,311.6,978.3,N,0
-16.4817,142.3011,317.1,2.1,1.4,2014-10-18,1335,Terra,MODIS,94,6.2,296.9,27.9,N,0
-16.4316,142.2914,339.4,2.1,1.4,2014-10-18,1335,Terra,MODIS,100,6.2,297.9,112.5,N,0
-16.5128,142.3539,317.8,2.1,1.4,2014-10-18,1335,Terra,MODIS,93,6.2,296.6,31,N,0
-16.4792,142.2413,329,2.1,1.4,2014-10-18,1335,Terra,MODIS,100,6.2,297.3,67,N,0
-16.4312,142.2858,347.7,2.1,1.4,2014-10-18,1335,Terra,MODIS,100,6.2,298.8,156.5,N,0
-16.4667,142.2389,360.3,2.1,1.4,2014-10-18,1335,Terra,MODIS,100,6.2,302.3,237.1,N,0
-17.8163,144.5276,301.2,2.9,1.6,2014-10-18,1335,Terra,MODIS,39,6.2,290.1,20.9,N,0
-16.5345,142.3782,309.1,2.1,1.4,2014-10-18,1335,Terra,MODIS,22,6.2,296.1,15.2,N,0
-16.5163,142.3346,333.8,2.1,1.4,2014-10-18,1335,Terra,MODIS,100,6.2,298.2,83.9,N,0
-16.5015,142.2722,408.1,2.1,1.4,2014-10-18,1335,Terra,MODIS,100,6.2,308.9,866,N,0
-16.5067,142.3059,339.4,2.1,1.4,2014-10-18,1335,Terra,MODIS,100,6.2,299.3,107.5,N,0
-16.5265,142.2771,327.3,2.1,1.4,2014-10-18,1335,Terra,MODIS,100,6.2,296.4,65.6,N,0
-16.4946,142.3105,354.9,2.1,1.4,2014-10-18,1335,Terra,MODIS,100,6.2,299.6,197.2,N,0
-16.514,142.2746,324.8,2.1,1.4,2014-10-18,1335,Terra,MODIS,100,6.2,297.2,56,N,0
-16.4475,142.2746,322.9,2.1,1.4,2014-10-18,1335,Terra,MODIS,85,6.2,298.3,46.5,N,0
-16.4909,142.3228,333.3,2.1,1.4,2014-10-18,1335,Terra,MODIS,100,6.2,297.8,80.7,N,0
-16.5127,142.347,325.3,2.1,1.4,2014-10-18,1335,Terra,MODIS,100,6.2,297.3,52.4,N,0
-16.516,142.3277,335.3,2.1,1.4,2014-10-18,1335,Terra,MODIS,100,6.2,298.3,90.9,N,0
-16.51,142.2867,350.1,2.1,1.4,2014-10-18,1335,Terra,MODIS,100,6.2,299.4,167.8,N,0
-16.5231,142.2962,375.3,2.1,1.4,2014-10-18,1335,Terra,MODIS,100,6.2,300.5,380,N,0
-16.485,142.2819,325.3,2.1,1.4,2014-10-18,1335,Terra,MODIS,100,6.2,297.4,51.7,N,0
-16.539,142.2795,318.4,2.1,1.4,2014-10-18,1335,Terra,MODIS,97,6.2,296.2,39.1,N,0
-16.5356,142.2986,353.1,2.1,1.4,2014-10-18,1335,Terra,MODIS,100,6.2,300.6,191.2,N,0
-16.435,142.2722,356.9,2.1,1.4,2014-10-18,1335,Terra,MODIS,100,6.2,299.3,217.5,N,0
-16.4344,142.2666,335.7,2.1,1.4,2014-10-18,1335,Terra,MODIS,100,6.2,297.7,96.8,N,0
-16.4576,142.2175,307.6,2,1.4,2014-10-18,1335,Terra,MODIS,61,6.2,295.6,13.3,N,0
-16.4758,142.2603,355.6,2.1,1.4,2014-10-18,1335,Terra,MODIS,100,6.2,299.7,202.9,N,0
-16.5037,142.3322,326.8,2.1,1.4,2014-10-18,1335,Terra,MODIS,100,6.2,297.6,58.5,N,0
-16.4981,142.2914,388.9,2.1,1.4,2014-10-18,1335,Terra,MODIS,100,6.2,304.4,543.8,N,0
-16.4384,142.2531,309,2.1,1.4,2014-10-18,1335,Terra,MODIS,76,6.2,295.9,17,N,0
-16.46,142.277,317.7,2.1,1.4,2014-10-18,1335,Terra,MODIS,54,6.2,297.5,31.4,N,0
-16.4912,142.3298,328.9,2.1,1.4,2014-10-18,1335,Terra,MODIS,100,6.2,297.3,63.6,N,0
-16.5049,142.2532,405.3,2.1,1.4,2014-10-18,1335,Terra,MODIS,100,6.2,308.9,807.4,N,0
-16.5322,142.3178,313.7,2.1,1.4,2014-10-18,1335,Terra,MODIS,74,6.2,297.6,26.6,N,0
-16.4509,142.2555,345.7,2.1,1.4,2014-10-18,1335,Terra,MODIS,100,6.2,299.7,143,N,0
-16.5192,142.3084,347.6,2.1,1.4,2014-10-18,1335,Terra,MODIS,100,6.2,299.2,152.4,N,0
-16.5001,142.3446,310.1,2.1,1.4,2014-10-18,1335,Terra,MODIS,11,6.2,296.2,12.5,N,0
-16.5041,142.2461,393.5,2.1,1.4,2014-10-18,1335,Terra,MODIS,100,6.2,305,609,N,0
-16.5034,142.3252,337,2.1,1.4,2014-10-18,1335,Terra,MODIS,100,6.2,298.5,97.9,N,0
-16.4783,142.3203,315.5,2.1,1.4,2014-10-18,1335,Terra,MODIS,91,6.2,296.4,23.8,N,0
-16.4942,142.3035,364.7,2.1,1.4,2014-10-18,1335,Terra,MODIS,100,6.2,300.9,273.8,N,0
-16.4279,142.305,313.4,2.1,1.4,2014-10-18,1335,Terra,MODIS,87,6.2,296.3,26.2,N,0
-16.4883,142.2628,337.9,2.1,1.4,2014-10-18,1335,Terra,MODIS,100,6.2,297.7,102.8,N,0
-16.5225,142.2892,348.8,2.1,1.4,2014-10-18,1335,Terra,MODIS,100,6.2,299.1,160.7,N,0
-16.4916,142.2437,339.9,2.1,1.4,2014-10-18,1335,Terra,MODIS,100,6.2,297.3,112.9,N,0
-16.4542,142.2365,357.7,2.1,1.4,2014-10-18,1335,Terra,MODIS,100,6.2,299,220.3,N,0
-16.4975,142.2843,394.1,2.1,1.4,2014-10-18,1335,Terra,MODIS,100,6.2,306.1,621.1,N,0
-16.5219,142.3758,315.5,2.1,1.4,2014-10-18,1335,Terra,MODIS,77,6.2,296,26.6,N,0
-16.4725,142.2795,313.8,2.1,1.4,2014-10-18,1335,Terra,MODIS,14,6.2,297,19.3,N,0
-16.47,142.2199,327.9,2,1.4,2014-10-18,1335,Terra,MODIS,100,6.2,296.4,64.4,N,0
-16.5083,142.2342,315.8,2,1.4,2014-10-18,1335,Terra,MODIS,92,6.2,296.6,29.6,N,0
-16.5072,142.3129,342.4,2.1,1.4,2014-10-18,1335,Terra,MODIS,100,6.2,298.8,124.2,N,0
-16.4634,142.2579,319.3,2.1,1.4,2014-10-18,1335,Terra,MODIS,94,6.2,298.8,37.7,N,0
-16.5197,142.3154,338.4,2.1,1.4,2014-10-18,1335,Terra,MODIS,100,6.2,298.4,105.9,N,0
-16.4282,142.3106,311.5,2.1,1.4,2014-10-18,1335,Terra,MODIS,52,6.2,296.1,21.1,N,0
-16.5106,142.2938,356.8,2.1,1.4,2014-10-18,1335,Terra,MODIS,100,6.2,300,213.1,N,0
-16.9486,142.2654,310.8,2,1.4,2014-10-18,1335,Terra,MODIS,71,6.2,296.6,20.1,N,0
-16.7631,142.1981,307.3,2,1.4,2014-10-18,1335,Terra,MODIS,49,6.2,296.1,13.5,N,0
-16.7232,142.4268,308.7,2.1,1.4,2014-10-18,1335,Terra,MODIS,75,6.2,296,18.4,N,0
-16.6139,142.294,315.6,2.1,1.4,2014-10-18,1335,Terra,MODIS,92,6.2,296.2,30.3,N,0
-16.6145,142.2995,312.4,2.1,1.4,2014-10-18,1335,Terra,MODIS,85,6.2,296.1,23.8,N,0
-16.6179,142.2804,323.3,2.1,1.4,2014-10-18,1335,Terra,MODIS,100,6.2,296.7,52.8,N,0
-16.6602,142.4146,309.8,2.1,1.4,2014-10-18,1335,Terra,MODIS,78,6.2,295.9,20.2,N,0
-16.7127,142.2661,317.2,2,1.4,2014-10-18,1335,Terra,MODIS,95,6.2,296.4,32.9,N,0
-16.7251,142.2685,310.2,2,1.4,2014-10-18,1335,Terra,MODIS,41,6.2,295.9,17.9,N,0
-16.6912,142.2424,320.7,2,1.4,2014-10-18,1335,Terra,MODIS,79,6.2,296.4,40.3,N,0
-16.6776,142.2333,316.8,2,1.4,2014-10-18,1335,Terra,MODIS,48,6.2,296.5,31.3,N,0
-16.6213,142.2614,308.1,2,1.4,2014-10-18,1335,Terra,MODIS,70,6.2,295.4,16,N,0
-16.7116,142.2594,317,2,1.4,2014-10-18,1335,Terra,MODIS,64,6.2,296.4,30.5,N,0
-16.6171,142.2749,316.2,2.1,1.4,2014-10-18,1335,Terra,MODIS,93,6.2,296.2,31.7,N,0
-16.9195,142.5845,307.4,2.1,1.4,2014-10-18,1335,Terra,MODIS,71,6.2,295.8,16.5,N,0
-16.6603,142.4081,315.6,2.1,1.4,2014-10-18,1335,Terra,MODIS,91,6.2,296.2,34.3,N,0
-16.698,142.4219,316.9,2.1,1.4,2014-10-18,1335,Terra,MODIS,94,6.2,296.3,36.3,N,0
-16.6637,142.3952,311.6,2.1,1.4,2014-10-18,1335,Terra,MODIS,83,6.2,295.9,23.9,N,0
-16.961,142.5722,307,2.1,1.4,2014-10-18,1335,Terra,MODIS,70,6.2,295.7,16.2,N,0
-16.9168,142.5986,306.1,2.1,1.4,2014-10-18,1335,Terra,MODIS,67,6.2,295.7,14.2,N,0
-16.9909,142.4768,307.4,2.1,1.4,2014-10-18,1335,Terra,MODIS,71,6.2,296,15.9,N,0
-17.0035,142.4793,316.2,2.1,1.4,2014-10-18,1335,Terra,MODIS,93,6.2,296.6,35,N,0
-16.8325,142.2558,315,2,1.4,2014-10-18,1335,Terra,MODIS,90,6.2,296.1,30.4,N,0
-16.8201,142.2534,306.8,2,1.4,2014-10-18,1335,Terra,MODIS,69,6.2,296.1,13.9,N,0
-16.9645,142.5525,312.2,2.1,1.4,2014-10-18,1335,Terra,MODIS,84,6.2,295.7,26.7,N,0
-16.7483,142.4317,314.2,2.1,1.4,2014-10-18,1335,Terra,MODIS,89,6.2,296,30.9,N,0
-16.6945,142.4413,308.5,2.1,1.4,2014-10-18,1335,Terra,MODIS,60,6.2,295.9,17.6,N,0
-16.9875,142.4963,322.4,2.1,1.4,2014-10-18,1335,Terra,MODIS,100,6.2,296.9,52.5,N,0
-16.7342,142.2898,309.4,2,1.4,2014-10-18,1335,Terra,MODIS,77,6.2,295.9,18.2,N,0
-16.7485,142.4372,311.7,2.1,1.4,2014-10-18,1335,Terra,MODIS,83,6.2,295.9,25.9,N,0
-16.984,142.5158,315,2.1,1.4,2014-10-18,1335,Terra,MODIS,90,6.2,296.5,32,N,0
-16.9806,142.5354,326.2,2.1,1.4,2014-10-18,1335,Terra,MODIS,100,6.2,297,64.7,N,0
-16.9771,142.555,316.9,2.1,1.4,2014-10-18,1335,Terra,MODIS,94,6.2,296.6,37.7,N,0
-19.7129,134.1624,302.4,1.2,1.1,2014-10-18,1335,Terra,MODIS,49,6.2,290.7,6.4,N,0
-16.9238,142.2606,306.9,2,1.4,2014-10-18,1335,Terra,MODIS,30,6.2,296.5,12.7,N,0
-18.0194,132.5159,304.1,1.4,1.2,2014-10-18,1335,Terra,MODIS,34,6.2,293.4,7.7,N,0
-18.1967,132.2982,305.6,1.4,1.2,2014-10-18,1335,Terra,MODIS,53,6.2,292.2,10.5,N,0
-18.1918,132.3383,334.3,1.4,1.2,2014-10-18,1335,Terra,MODIS,100,6.2,294.6,56.5,N,0
-18.2089,132.2862,302.1,1.4,1.2,2014-10-18,1335,Terra,MODIS,21,6.2,291.3,7.4,N,0
-18.1762,132.6407,311.2,1.4,1.2,2014-10-18,1335,Terra,MODIS,82,6.2,296,14.6,N,0
-18.1778,132.6279,308.4,1.4,1.2,2014-10-18,1335,Terra,MODIS,74,6.2,295.5,12.2,N,0
-18.2024,132.3397,308.9,1.4,1.2,2014-10-18,1335,Terra,MODIS,76,6.2,293.4,14.4,N,0
-18.1934,132.3249,355.8,1.4,1.2,2014-10-18,1335,Terra,MODIS,100,6.2,298.1,124.5,N,0
-18.1746,132.6534,315.6,1.3,1.2,2014-10-18,1335,Terra,MODIS,92,6.2,295.5,20,N,0
-18.1793,132.6151,309,1.4,1.2,2014-10-18,1335,Terra,MODIS,76,6.2,295.1,13.2,N,0
-18.1951,132.3116,311.3,1.4,1.2,2014-10-18,1335,Terra,MODIS,43,6.2,293.7,15.8,N,0
-18.1983,132.2848,301.9,1.4,1.2,2014-10-18,1335,Terra,MODIS,39,6.2,291.9,7.6,N,0
-18.0298,132.5173,309.3,1.4,1.2,2014-10-18,1335,Terra,MODIS,77,6.2,293.3,13.1,N,0
-13.9399,131.889,308.3,1.3,1.1,2014-10-18,1336,Terra,MODIS,53,6.2,297.9,8.8,N,0
-13.87,132.3556,305.4,1.2,1.1,2014-10-18,1336,Terra,MODIS,50,6.2,294.8,6.8,N,0
-13.821,132.646,306,1.2,1.1,2014-10-18,1336,Terra,MODIS,59,6.2,294.6,6.8,N,0
-16.2869,133.8775,308.5,1.1,1,2014-10-18,1336,Terra,MODIS,9,6.2,295,6.7,N,0
-16.2794,134.1464,307.8,1.1,1,2014-10-18,1336,Terra,MODIS,37,6.2,296.6,5.9,N,0
-14.9231,143.3443,313.9,2.7,1.6,2014-10-18,1336,Terra,MODIS,88,6.2,292,46.6,N,0
-14.9514,143.3193,322.5,2.7,1.6,2014-10-18,1336,Terra,MODIS,72,6.2,292.4,70.6,N,0
-16.0013,134.026,317.9,1.1,1,2014-10-18,1336,Terra,MODIS,96,6.2,296.2,15.2,N,0
-14.9688,143.2528,313.1,2.6,1.6,2014-10-18,1336,Terra,MODIS,81,6.2,292,42.7,N,0
-16.2598,133.9365,312.6,1.1,1,2014-10-18,1336,Terra,MODIS,85,6.2,295.9,11.2,N,0
-14.9192,143.3381,312.6,2.7,1.6,2014-10-18,1336,Terra,MODIS,85,6.2,291.8,44.9,N,0
-14.1377,142.5501,330.2,2.4,1.5,2014-10-18,1336,Terra,MODIS,100,6.2,293.6,99.2,N,0
-15.9476,126.1079,306.2,3.8,1.8,2014-10-18,1336,Terra,MODIS,38,6.2,294.4,39.8,N,0
-15.9413,126.1009,306.9,3.8,1.8,2014-10-18,1336,Terra,MODIS,32,6.2,294.6,40.7,N,0
-14.9738,143.2734,311.8,2.6,1.6,2014-10-18,1336,Terra,MODIS,26,6.2,292.7,36.5,N,0
-14.978,143.2491,310.7,2.6,1.6,2014-10-18,1336,Terra,MODIS,67,6.2,292.3,35.3,N,0
-15.6741,125.5675,309.7,4.2,1.9,2014-10-18,1336,Terra,MODIS,76,6.2,296.5,54.4,N,0
-15.671,125.5588,308.8,4.2,1.9,2014-10-18,1336,Terra,MODIS,47,6.2,296.6,46.9,N,0
-15.0066,143.4707,311.3,2.7,1.6,2014-10-18,1336,Terra,MODIS,67,6.2,292.1,39.8,N,0
-14.199,142.5674,308.7,2.4,1.5,2014-10-18,1336,Terra,MODIS,29,6.2,292.5,24.8,N,0
-14.1644,142.5553,321.6,2.4,1.5,2014-10-18,1336,Terra,MODIS,100,6.2,293.3,64.9,N,0
-16.278,134.1565,309.7,1.1,1,2014-10-18,1336,Terra,MODIS,49,6.2,297.4,7.3,N,0
-14.1856,142.5648,314.7,2.4,1.5,2014-10-18,1336,Terra,MODIS,30,6.2,293.2,38.9,N,0
-14.1339,142.5723,312.5,2.4,1.5,2014-10-18,1336,Terra,MODIS,60,6.2,292.8,35.4,N,0
-16.4115,131.2919,310,1.6,1.2,2014-10-18,1336,Terra,MODIS,46,6.2,297.9,13,N,0
-16.3969,131.3194,308.6,1.6,1.2,2014-10-18,1336,Terra,MODIS,50,6.2,295.9,11.5,N,0
-16.3987,131.3049,311.6,1.6,1.2,2014-10-18,1336,Terra,MODIS,79,6.2,297.1,15.4,N,0
-15.688,125.5612,307.8,4.2,1.9,2014-10-18,1336,Terra,MODIS,40,6.2,296.9,41.2,N,0
-17.3839,133.0411,309,1.3,1.1,2014-10-18,1336,Terra,MODIS,44,6.2,297,7.8,N,0
-17.3854,133.0293,321.8,1.3,1.1,2014-10-18,1336,Terra,MODIS,100,6.2,298.2,23.8,N,0
-14.9555,143.3254,328.4,2.7,1.6,2014-10-18,1336,Terra,MODIS,100,6.2,293.3,99.4,N,0
-15.997,126.1128,320.3,3.8,1.8,2014-10-18,1336,Terra,MODIS,100,6.2,295.7,116.1,N,0
-16.0005,126.078,323.9,3.8,1.8,2014-10-18,1336,Terra,MODIS,100,6.2,297.5,140.6,N,0
-15.984,126.0766,316.5,3.8,1.8,2014-10-18,1336,Terra,MODIS,93,6.2,297.4,88.1,N,0
-15.9907,126.1058,326.9,3.8,1.8,2014-10-18,1336,Terra,MODIS,100,6.2,296.9,164,N,0
-15.9943,126.0712,320.5,3.8,1.8,2014-10-18,1336,Terra,MODIS,100,6.2,297.2,113.7,N,0
-16.2612,133.9262,313.9,1.1,1,2014-10-18,1336,Terra,MODIS,88,6.2,295.6,12.3,N,0
-17.3493,132.9941,313.4,1.3,1.1,2014-10-18,1336,Terra,MODIS,71,6.2,297.2,13.2,N,0
-17.3393,132.9927,319.7,1.3,1.1,2014-10-18,1336,Terra,MODIS,99,6.2,297.9,21.6,N,0
-17.3408,132.9809,312,1.3,1.1,2014-10-18,1336,Terra,MODIS,69,6.2,297.5,12.6,N,0
-17.4487,133.0917,327.2,1.2,1.1,2014-10-18,1336,Terra,MODIS,100,6.2,297.1,33.8,N,0
-17.4501,133.08,305,1.2,1.1,2014-10-18,1336,Terra,MODIS,12,6.2,294.3,6.7,N,0
-17.4387,133.0903,319.8,1.2,1.1,2014-10-18,1336,Terra,MODIS,99,6.2,295,22.2,N,0
-17.4401,133.0786,322.3,1.2,1.1,2014-10-18,1336,Terra,MODIS,100,6.2,296.4,25.4,N,0
-17.4393,133.0846,328,1.2,1.1,2014-10-18,1336,Terra,MODIS,100,6.2,297.1,34.7,N,0
-17.4309,133.0715,314.2,1.2,1.1,2014-10-18,1336,Terra,MODIS,70,6.2,296.8,15.1,N,0
-17.4209,133.0701,310.9,1.2,1.1,2014-10-18,1336,Terra,MODIS,13,6.2,296.4,11.2,N,0
-17.4124,133.057,335.2,1.2,1.1,2014-10-18,1336,Terra,MODIS,100,6.2,298.2,46,N,0
-17.4139,133.0453,319,1.3,1.1,2014-10-18,1336,Terra,MODIS,90,6.2,296,20.2,N,0
-17.4024,133.0556,311.6,1.2,1.1,2014-10-18,1336,Terra,MODIS,13,6.2,296.3,9.3,N,0
-17.4039,133.0439,347.6,1.3,1.1,2014-10-18,1336,Terra,MODIS,100,6.2,299.7,75.1,N,0
-17.4054,133.0322,314.1,1.3,1.1,2014-10-18,1336,Terra,MODIS,59,6.2,295.6,14.4,N,0
-17.3939,133.0425,338.6,1.3,1.1,2014-10-18,1336,Terra,MODIS,100,6.2,299.5,52,N,0
-17.3954,133.0307,358.7,1.3,1.1,2014-10-18,1336,Terra,MODIS,100,6.2,302.3,112,N,0
-14.1205,142.5696,307.6,2.4,1.5,2014-10-18,1336,Terra,MODIS,24,6.2,292.4,23.6,N,0
-17.2677,132.9946,320.9,1.3,1.1,2014-10-18,1336,Terra,MODIS,78,6.2,297.1,22.3,N,0
-17.2571,132.9993,337.1,1.3,1.1,2014-10-18,1336,Terra,MODIS,100,6.2,297,48.7,N,0
-17.2586,132.9875,391.6,1.3,1.1,2014-10-18,1336,Terra,MODIS,100,6.2,306.6,282.9,N,0
-17.2602,132.9758,379.4,1.3,1.1,2014-10-18,1336,Terra,MODIS,100,6.2,304,206.2,N,0
-17.2486,132.9862,338.9,1.3,1.1,2014-10-18,1336,Terra,MODIS,100,6.2,299.1,52.8,N,0
-17.2501,132.9744,416.8,1.3,1.1,2014-10-18,1336,Terra,MODIS,100,6.2,314.4,511.1,N,0
-17.2516,132.9626,372,1.3,1.1,2014-10-18,1336,Terra,MODIS,100,6.2,302.7,167.6,N,0
-17.2386,132.9848,337.5,1.3,1.1,2014-10-18,1336,Terra,MODIS,100,6.2,298.8,49.5,N,0
-17.2401,132.973,358.6,1.3,1.1,2014-10-18,1336,Terra,MODIS,100,6.2,303.2,109.2,N,0
-17.2416,132.9613,412.6,1.3,1.1,2014-10-18,1336,Terra,MODIS,100,6.2,315,466,N,0
-17.2431,132.9495,426.2,1.3,1.1,2014-10-18,1336,Terra,MODIS,100,6.2,319.3,626.5,N,0
-17.2446,132.9377,334.6,1.3,1.1,2014-10-18,1336,Terra,MODIS,100,6.2,299.9,44.4,N,0
-17.2286,132.9834,309.4,1.3,1.1,2014-10-18,1336,Terra,MODIS,23,6.2,294.2,8.7,N,0
-17.2301,132.9717,344,1.3,1.1,2014-10-18,1336,Terra,MODIS,100,6.2,299.1,66,N,0
-17.2316,132.9599,364.4,1.3,1.1,2014-10-18,1336,Terra,MODIS,100,6.2,304.4,132.9,N,0
-17.2331,132.9481,454.5,1.3,1.1,2014-10-18,1336,Terra,MODIS,100,6.2,330.4,1078.7,N,0
-17.2346,132.9363,478.4,1.3,1.1,2014-10-18,1336,Terra,MODIS,100,6.2,342.2,1622.9,N,0
-17.2361,132.9244,351.2,1.3,1.1,2014-10-18,1336,Terra,MODIS,100,6.2,302.7,85.1,N,0
-17.2376,132.9125,312.8,1.3,1.1,2014-10-18,1336,Terra,MODIS,29,6.2,296.4,11.8,N,0
-17.2391,132.9006,308.6,1.3,1.1,2014-10-18,1336,Terra,MODIS,21,6.2,294.7,8.6,N,0
-17.2215,132.9585,312.3,1.3,1.1,2014-10-18,1336,Terra,MODIS,52,6.2,296.4,12.2,N,0
-17.2231,132.9467,344.6,1.3,1.1,2014-10-18,1336,Terra,MODIS,100,6.2,301.4,68.1,N,0
-17.2246,132.9348,400.3,1.3,1.1,2014-10-18,1336,Terra,MODIS,100,6.2,316.5,354,N,0
-17.2261,132.923,402.1,1.3,1.1,2014-10-18,1336,Terra,MODIS,100,6.2,316.2,369.4,N,0
-17.2276,132.9111,346.9,1.3,1.1,2014-10-18,1336,Terra,MODIS,100,6.2,301.9,74.4,N,0
-17.213,132.9453,312.6,1.3,1.1,2014-10-18,1336,Terra,MODIS,85,6.2,296.9,13.1,N,0
-17.2145,132.9334,336.6,1.3,1.1,2014-10-18,1336,Terra,MODIS,100,6.2,301.3,50.6,N,0
-17.216,132.9216,360.7,1.3,1.1,2014-10-18,1336,Terra,MODIS,100,6.2,304.5,120.3,N,0
-17.2175,132.9097,358.8,1.3,1.1,2014-10-18,1336,Terra,MODIS,100,6.2,300.2,113.8,N,0
-14.1589,142.5598,316.6,2.4,1.5,2014-10-18,1336,Terra,MODIS,94,6.2,293.2,47.6,N,0
-14.1778,142.5578,322.5,2.4,1.5,2014-10-18,1336,Terra,MODIS,100,6.2,293.2,67.6,N,0
-16.4133,131.2772,310.1,1.6,1.2,2014-10-18,1336,Terra,MODIS,79,6.2,297.9,13.4,N,0
-16.3742,131.2209,315.6,1.6,1.2,2014-10-18,1336,Terra,MODIS,91,6.2,297.4,23.2,N,0
-16.376,131.2061,332,1.6,1.2,2014-10-18,1336,Terra,MODIS,100,6.2,299.8,58.5,N,0
-16.3779,131.1912,314.7,1.6,1.2,2014-10-18,1336,Terra,MODIS,90,6.2,297.2,22.8,N,0
-14.1455,142.5573,342.5,2.4,1.5,2014-10-18,1336,Terra,MODIS,100,6.2,295,166.4,N,0
-16.2646,134.1852,312.1,1.1,1,2014-10-18,1336,Terra,MODIS,39,6.2,297.2,8.4,N,0
-16.2465,133.819,321.3,1.1,1.1,2014-10-18,1336,Terra,MODIS,100,6.2,295.6,19.1,N,0
-17.3286,131.0544,316.9,1.7,1.3,2014-10-18,1336,Terra,MODIS,94,6.2,295.9,29.3,N,0
-17.3225,131.0053,309.2,1.7,1.3,2014-10-18,1336,Terra,MODIS,33,6.2,293.6,15,N,0
-17.3295,131.065,306.3,1.7,1.3,2014-10-18,1336,Terra,MODIS,68,6.2,295.5,11,N,0
-17.3314,131.0491,316,1.7,1.3,2014-10-18,1336,Terra,MODIS,92,6.2,295.2,26.2,N,0
-17.3103,131.0303,311.9,1.7,1.3,2014-10-18,1336,Terra,MODIS,44,6.2,295.1,17.6,N,0
-17.3122,131.0145,308.5,1.7,1.3,2014-10-18,1336,Terra,MODIS,73,6.2,293.7,14,N,0
-17.3007,131.013,319.5,1.7,1.3,2014-10-18,1336,Terra,MODIS,99,6.2,296.7,31.7,N,0
-17.3026,130.997,313,1.7,1.3,2014-10-18,1336,Terra,MODIS,56,6.2,296.5,20.4,N,0
-17.2835,131.059,343.4,1.7,1.3,2014-10-18,1336,Terra,MODIS,100,6.2,297.5,100.9,N,0
-17.2854,131.0432,328.2,1.7,1.3,2014-10-18,1336,Terra,MODIS,100,6.2,296.1,51.8,N,0
-16,134.0361,352,1.1,1,2014-10-18,1336,Terra,MODIS,100,6.2,298.3,72.9,N,0
-15.0216,142.5999,305.3,2.3,1.5,2014-10-18,1336,Terra,MODIS,17,6.2,293.4,15.4,N,0
-14.9619,135.1697,305.7,1,1,2014-10-18,1336,Terra,MODIS,60,6.2,294.6,5.5,N,0
-14.9471,143.3437,316.6,2.7,1.6,2014-10-18,1336,Terra,MODIS,30,6.2,292.4,49.7,N,0
-16.1526,134.2647,324.8,1.1,1,2014-10-18,1336,Terra,MODIS,100,6.2,296.5,22.9,N,0
-16.0107,134.0273,355.3,1.1,1,2014-10-18,1336,Terra,MODIS,100,6.2,299.2,80.8,N,0
-16.1437,133.9764,308,1.1,1,2014-10-18,1336,Terra,MODIS,72,6.2,296.2,7.2,N,0
-16.0991,133.8381,309.7,1.1,1,2014-10-18,1336,Terra,MODIS,77,6.2,295.4,8.1,N,0
-16.0093,134.0374,340.6,1.1,1,2014-10-18,1336,Terra,MODIS,100,6.2,297.8,47.3,N,0
-16.6382,129.5637,310,2.1,1.4,2014-10-18,1336,Terra,MODIS,31,6.2,295.8,21.9,N,0
-16.6427,129.5242,307.7,2.1,1.4,2014-10-18,1336,Terra,MODIS,20,6.2,296.9,17.8,N,0
-16.2933,133.9727,307.2,1.1,1,2014-10-18,1336,Terra,MODIS,69,6.2,296.1,6.9,N,0
-16.5871,129.5574,307.2,2.1,1.4,2014-10-18,1336,Terra,MODIS,19,6.2,295.8,18,N,0
-16.5851,129.5715,305,2.1,1.4,2014-10-18,1336,Terra,MODIS,9,6.2,294.2,15.1,N,0
-16.0099,133.8195,310.7,1.1,1,2014-10-18,1336,Terra,MODIS,80,6.2,296.2,8.7,N,0
-16.0085,133.8298,308.2,1.1,1,2014-10-18,1336,Terra,MODIS,72,6.2,296.4,6.7,N,0
-16.0207,133.8106,312.3,1.1,1,2014-10-18,1336,Terra,MODIS,84,6.2,296.9,10,N,0
-16.0193,133.8209,312.3,1.1,1,2014-10-18,1336,Terra,MODIS,84,6.2,297,9.9,N,0
-16.2855,133.8878,305.2,1.1,1,2014-10-18,1336,Terra,MODIS,32,6.2,294.9,5,N,0
-15.0034,143.4632,312.4,2.7,1.6,2014-10-18,1336,Terra,MODIS,85,6.2,292.2,44,N,0
-15.9986,134.0461,305.9,1.1,1,2014-10-18,1336,Terra,MODIS,54,6.2,295.6,5.6,N,0
-14.1511,142.5528,328.8,2.4,1.5,2014-10-18,1336,Terra,MODIS,100,6.2,293.9,93.7,N,0
-14.2124,142.5699,306.1,2.4,1.5,2014-10-18,1336,Terra,MODIS,67,6.2,292.7,21,N,0
-14.9926,143.4678,306.1,2.7,1.6,2014-10-18,1336,Terra,MODIS,34,6.2,291.6,24.6,N,0
-12.5491,141.9246,311.2,2.3,1.5,2014-10-18,1336,Terra,MODIS,74,6.2,292.4,31.7,N,0
-12.8452,142.3389,302.3,2.5,1.5,2014-10-18,1336,Terra,MODIS,29,6.2,291.7,13.9,N,0
-15.0259,142.3554,358.4,2.2,1.4,2014-10-18,1336,Terra,MODIS,100,6.2,298,251.1,N,0
-16.2274,134.1797,313.2,1.1,1,2014-10-18,1336,Terra,MODIS,83,6.2,295.5,9.8,N,0
-14.2163,142.5476,303.9,2.4,1.5,2014-10-18,1336,Terra,MODIS,28,6.2,292.6,15.4,N,0
-16.2353,134.1911,325.5,1.1,1,2014-10-18,1336,Terra,MODIS,100,6.2,297,22,N,0
-16.2313,134.2211,351.2,1.1,1,2014-10-18,1336,Terra,MODIS,100,6.2,299.4,68.4,N,0
-16.2326,134.2111,314.9,1.1,1,2014-10-18,1336,Terra,MODIS,29,6.2,296.6,10.2,N,0
-15.0094,142.3736,340.3,2.2,1.5,2014-10-18,1336,Terra,MODIS,100,6.2,295.3,132.9,N,0
-15.0059,142.3943,320.9,2.3,1.5,2014-10-18,1336,Terra,MODIS,98,6.2,294,51.6,N,0
-12.8491,142.3165,328.9,2.4,1.5,2014-10-18,1336,Terra,MODIS,100,6.2,292.7,98,N,0
-15.013,142.3529,341.6,2.2,1.4,2014-10-18,1336,Terra,MODIS,100,6.2,296.6,141,N,0
-15.0294,142.3348,332.6,2.2,1.4,2014-10-18,1336,Terra,MODIS,100,6.2,295.4,93.3,N,0
-14.1495,142.5352,313.3,2.4,1.5,2014-10-18,1336,Terra,MODIS,84,6.2,292.8,36.3,N,0
-14.1628,142.5379,304.6,2.4,1.5,2014-10-18,1336,Terra,MODIS,5,6.2,292.5,15.6,N,0
-12.853,142.2943,315.8,2.4,1.5,2014-10-18,1336,Terra,MODIS,92,6.2,292.3,47.8,N,0
-15.0165,142.3324,324.2,2.2,1.4,2014-10-18,1336,Terra,MODIS,100,6.2,294.9,64.2,N,0
-14.2368,142.3515,315.6,2.3,1.5,2014-10-18,1336,Terra,MODIS,84,6.2,292.8,41.4,N,0
-16.2419,134.2125,321,1.1,1,2014-10-18,1336,Terra,MODIS,71,6.2,297.1,16.7,N,0
-15.0399,142.3436,354.6,2.2,1.4,2014-10-18,1336,Terra,MODIS,100,6.2,297.5,226,N,0
-15,142.3505,312.8,2.2,1.4,2014-10-18,1336,Terra,MODIS,86,6.2,294,31.9,N,0
-15.0701,142.4778,331.9,2.3,1.5,2014-10-18,1336,Terra,MODIS,100,6.2,296.2,93.4,N,0
-15.055,142.4103,326.8,2.3,1.5,2014-10-18,1336,Terra,MODIS,72,6.2,295.6,69.2,N,0
-15.0224,142.376,326.2,2.2,1.5,2014-10-18,1336,Terra,MODIS,98,6.2,295.8,63.6,N,0
-15.0363,142.3641,344.6,2.2,1.4,2014-10-18,1336,Terra,MODIS,100,6.2,297.6,152,N,0
-14.2499,142.354,324.3,2.3,1.5,2014-10-18,1336,Terra,MODIS,100,6.2,293.9,70.9,N,0
-12.5454,141.9457,319.3,2.3,1.5,2014-10-18,1336,Terra,MODIS,98,6.2,292.6,55.3,N,0
-15.027,142.341,350.4,2.2,1.4,2014-10-18,1336,Terra,MODIS,100,6.2,296.6,194,N,0
-15.0798,142.4854,307,2.3,1.5,2014-10-18,1336,Terra,MODIS,46,6.2,294.4,18.2,N,0
-15.0643,142.4335,320.9,2.3,1.5,2014-10-18,1336,Terra,MODIS,98,6.2,295.1,52.2,N,0
-14.0934,142.5128,305.3,2.4,1.5,2014-10-18,1336,Terra,MODIS,36,6.2,292.2,19.7,N,0
-15.0658,142.3485,320.4,2.2,1.4,2014-10-18,1336,Terra,MODIS,100,6.2,294.6,51.5,N,0
-14.1895,142.5428,355.4,2.4,1.5,2014-10-18,1336,Terra,MODIS,100,6.2,295.8,259.5,N,0
-15.068,142.4128,306,2.3,1.5,2014-10-18,1336,Terra,MODIS,43,6.2,293.9,16.2,N,0
-15.2971,142.8126,313.6,2.4,1.5,2014-10-18,1336,Terra,MODIS,28,6.2,294.3,34,N,0
-14.1815,142.5359,324.9,2.4,1.5,2014-10-18,1336,Terra,MODIS,100,6.2,293.3,76.3,N,0
-14.2029,142.5451,320,2.4,1.5,2014-10-18,1336,Terra,MODIS,99,6.2,293,57.2,N,0
-15.0492,142.3665,366.4,2.2,1.4,2014-10-18,1336,Terra,MODIS,100,6.2,299.6,326,N,0
-15.0141,142.3387,337.1,2.2,1.4,2014-10-18,1336,Terra,MODIS,100,6.2,295.9,115.9,N,0
-16.21,134.2383,318.9,1.1,1,2014-10-18,1336,Terra,MODIS,82,6.2,296,15.3,N,0
-15.0513,142.431,326.2,2.3,1.5,2014-10-18,1336,Terra,MODIS,60,6.2,295.6,65.4,N,0
-16.1003,133.9011,309.9,1.1,1,2014-10-18,1336,Terra,MODIS,77,6.2,296.2,8.6,N,0
-14.2199,142.3702,312.6,2.3,1.5,2014-10-18,1336,Terra,MODIS,58,6.2,292.3,33.6,N,0
-15.0436,142.3231,305.2,2.2,1.4,2014-10-18,1336,Terra,MODIS,63,6.2,294,14.5,N,0
-15.2891,142.8046,320.4,2.4,1.5,2014-10-18,1336,Terra,MODIS,74,6.2,294.5,54.6,N,0
-15.0234,142.3616,351.8,2.2,1.4,2014-10-18,1336,Terra,MODIS,100,6.2,296.9,197.7,N,0
-15.057,142.4753,316.7,2.3,1.5,2014-10-18,1336,Terra,MODIS,48,6.2,295,36.1,N,0
-14.2293,142.3941,304.3,2.3,1.5,2014-10-18,1336,Terra,MODIS,14,6.2,292.7,14.4,N,0
-14.2162,142.3916,328.9,2.3,1.5,2014-10-18,1336,Terra,MODIS,100,6.2,293.2,90.2,N,0
-14.2331,142.3728,322,2.3,1.5,2014-10-18,1336,Terra,MODIS,100,6.2,293.6,61.5,N,0
-15.0424,142.3374,339,2.2,1.4,2014-10-18,1336,Terra,MODIS,100,6.2,296.6,123.6,N,0
-15.0197,142.3821,335.9,2.2,1.5,2014-10-18,1336,Terra,MODIS,100,6.2,295.7,110.4,N,0
-15.0622,142.369,359.6,2.2,1.4,2014-10-18,1336,Terra,MODIS,100,6.2,299.2,266.8,N,0
-15.0067,142.3798,334,2.2,1.5,2014-10-18,1336,Terra,MODIS,100,6.2,294.5,98.2,N,0
-14.2536,142.333,305.9,2.3,1.5,2014-10-18,1336,Terra,MODIS,61,6.2,292.6,18.9,N,0
-12.8418,142.3091,315.6,2.4,1.5,2014-10-18,1336,Terra,MODIS,92,6.2,291.8,48.7,N,0
-15.0389,142.3579,350,2.2,1.4,2014-10-18,1336,Terra,MODIS,100,6.2,299,186.6,N,0
-15.0628,142.52,321.3,2.3,1.5,2014-10-18,1336,Terra,MODIS,68,6.2,294.7,52.4,N,0
-15.0104,142.3592,333.8,2.2,1.4,2014-10-18,1336,Terra,MODIS,100,6.2,295.7,95.4,N,0
-15.0586,142.3896,329.4,2.2,1.5,2014-10-18,1336,Terra,MODIS,100,6.2,296.1,81.3,N,0
-15.0529,142.346,360.9,2.2,1.4,2014-10-18,1336,Terra,MODIS,100,6.2,299,278.3,N,0
-16.2367,134.1811,308.6,1.1,1,2014-10-18,1336,Terra,MODIS,25,6.2,296,5.4,N,0
-16.2207,134.2297,328.6,1.1,1,2014-10-18,1336,Terra,MODIS,100,6.2,297.2,26.9,N,0
-15.0383,142.4285,325.8,2.3,1.5,2014-10-18,1336,Terra,MODIS,70,6.2,294.9,64.1,N,0
-17.1415,130.5122,307.1,1.8,1.3,2014-10-18,1336,Terra,MODIS,17,6.2,295.5,12.9,N,0
-16.6846,129.6096,307.1,2.1,1.4,2014-10-18,1336,Terra,MODIS,46,6.2,296.9,16.7,N,0
-16.6867,129.5963,308.3,2.1,1.4,2014-10-18,1336,Terra,MODIS,74,6.2,297.4,21.4,N,0
-16.5611,127.3613,306.6,3.1,1.7,2014-10-18,1336,Terra,MODIS,69,6.2,293.2,33.4,N,0
-16.569,129.7084,308.5,2.1,1.4,2014-10-18,1336,Terra,MODIS,25,6.2,297.5,15.9,N,0
-16.8545,130.5265,312.5,1.8,1.3,2014-10-18,1336,Terra,MODIS,85,6.2,296.5,23.6,N,0
-17.1296,130.5106,307.8,1.8,1.3,2014-10-18,1336,Terra,MODIS,30,6.2,296.9,13.7,N,0
-17.4557,128.4775,309.6,2.6,1.6,2014-10-18,1336,Terra,MODIS,78,6.2,295.3,33.5,N,0
-17.1122,130.5019,308,1.8,1.3,2014-10-18,1336,Terra,MODIS,27,6.2,296.9,14.1,N,0
-16.5824,129.7156,308.9,2.1,1.4,2014-10-18,1336,Terra,MODIS,21,6.2,297.2,16.3,N,0
-17.036,130.2741,311.7,1.9,1.3,2014-10-18,1336,Terra,MODIS,55,6.2,295,22.5,N,0
-17.0239,130.2727,308,1.9,1.3,2014-10-18,1336,Terra,MODIS,48,6.2,295.4,16.5,N,0
-14.6626,126.8037,304,3.2,1.7,2014-10-18,1336,Terra,MODIS,58,6.2,294,25.8,N,0
-17.4455,128.575,304.3,2.6,1.5,2014-10-18,1336,Terra,MODIS,15,6.2,293,18.9,N,0
-16.8486,130.5201,313.2,1.8,1.3,2014-10-18,1336,Terra,MODIS,87,6.2,296.6,24.6,N,0
-17.1241,130.5034,312.3,1.8,1.3,2014-10-18,1336,Terra,MODIS,10,6.2,296.8,19.5,N,0
-16.5631,127.355,305.2,3.1,1.7,2014-10-18,1336,Terra,MODIS,64,6.2,293,29.8,N,0
-17.4512,128.4719,306.4,2.6,1.6,2014-10-18,1336,Terra,MODIS,67,6.2,295.4,23.7,N,0
-17.429,128.597,305.5,2.6,1.5,2014-10-18,1336,Terra,MODIS,55,6.2,291.5,23.8,N,0
-16.8565,130.5095,308.1,1.8,1.3,2014-10-18,1336,Terra,MODIS,73,6.2,295.9,16.3,N,0
-17.4377,128.5929,304.2,2.6,1.5,2014-10-18,1336,Terra,MODIS,21,6.2,292.1,19.5,N,0
-17.1966,130.5073,307,1.8,1.3,2014-10-18,1336,Terra,MODIS,39,6.2,294.8,15.8,N,0
-17.2033,130.5025,308.7,1.8,1.3,2014-10-18,1336,Terra,MODIS,75,6.2,295.3,19.2,N,0
-17.2106,130.4915,305,1.8,1.3,2014-10-18,1336,Terra,MODIS,54,6.2,293.9,12.7,N,0
-17.0301,130.2191,310.3,1.9,1.4,2014-10-18,1336,Terra,MODIS,80,6.2,296,20.1,N,0
-17.028,130.237,307,1.9,1.4,2014-10-18,1336,Terra,MODIS,36,6.2,296.1,13.8,N,0
-12.9183,130.5445,303.2,1.6,1.2,2014-10-18,1337,Terra,MODIS,13,6.2,292.9,8.7,N,0
-12.9072,130.543,305.3,1.6,1.2,2014-10-18,1337,Terra,MODIS,58,6.2,292.8,11.6,N,0
-12.9089,130.5347,306.8,1.6,1.2,2014-10-18,1337,Terra,MODIS,53,6.2,292.9,13.1,N,0
-13.5011,130.453,307.8,1.6,1.3,2014-10-18,1337,Terra,MODIS,62,6.2,295.2,13.5,N,0
-12.683,132.3161,340.6,1.2,1.1,2014-10-18,1337,Terra,MODIS,100,6.2,298.1,56,N,0
-12.7624,132.9392,350.2,1.1,1.1,2014-10-18,1337,Terra,MODIS,100,6.2,301.7,70,N,0
-12.6845,132.3051,307.6,1.2,1.1,2014-10-18,1337,Terra,MODIS,69,6.2,296.3,7.3,N,0
-12.6852,132.3115,335.4,1.2,1.1,2014-10-18,1337,Terra,MODIS,100,6.2,297.4,44.7,N,0
-12.6951,132.3129,317.8,1.2,1.1,2014-10-18,1337,Terra,MODIS,95,6.2,296.8,17.9,N,0
-12.7529,132.9377,314.1,1.1,1.1,2014-10-18,1337,Terra,MODIS,88,6.2,298.7,10,N,0
-12.7515,132.9481,325.1,1.1,1.1,2014-10-18,1337,Terra,MODIS,100,6.2,298.8,22.9,N,0
-12.6732,132.3147,312,1.2,1.1,2014-10-18,1337,Terra,MODIS,82,6.2,295.7,11.7,N,0
-12.7638,132.9288,327.7,1.1,1.1,2014-10-18,1337,Terra,MODIS,100,6.2,298.6,26.2,N,0
-12.6838,132.3226,323,1.2,1.1,2014-10-18,1337,Terra,MODIS,100,6.2,296.6,24.1,N,0
-12.7719,132.9405,312.4,1.1,1.1,2014-10-18,1337,Terra,MODIS,84,6.2,298.9,8.9,N,0
-12.6936,132.324,307.2,1.2,1.1,2014-10-18,1337,Terra,MODIS,67,6.2,296,7.2,N,0
-13.0959,133.1155,309.5,1.1,1.1,2014-10-18,1337,Terra,MODIS,76,6.2,298.6,5.2,N,0
-13.0472,133.1194,317.3,1.1,1.1,2014-10-18,1337,Terra,MODIS,94,6.2,298.1,12.2,N,0
-13.0486,133.1092,310.2,1.1,1.1,2014-10-18,1337,Terra,MODIS,39,6.2,297.5,5.5,N,0
-13.1054,133.1169,327.6,1.1,1.1,2014-10-18,1337,Terra,MODIS,100,6.2,299.6,24.9,N,0
-12.3483,135.569,303.9,1,1,2014-10-18,1337,Terra,MODIS,58,6.2,293.4,3.5,N,0
-13.775,132.6173,305.8,1.2,1.1,2014-10-18,1337,Terra,MODIS,21,6.2,295.1,5.7,N,0
-13.0648,133.1321,309.2,1.1,1.1,2014-10-18,1337,Terra,MODIS,55,6.2,298.2,5,N,0
-13.8113,132.6447,310.8,1.2,1.1,2014-10-18,1337,Terra,MODIS,77,6.2,294.6,10.4,N,0
-13.0945,133.1259,310.6,1.1,1.1,2014-10-18,1337,Terra,MODIS,79,6.2,298.7,6.1,N,0
-13.1068,133.1064,324,1.1,1.1,2014-10-18,1337,Terra,MODIS,100,6.2,299,20,N,0
-13.3342,134.1256,306.7,1,1,2014-10-18,1337,Terra,MODIS,58,6.2,294,5.2,N,0
-13.3355,134.1162,324.1,1,1,2014-10-18,1337,Terra,MODIS,100,6.2,295.6,20.6,N,0
-12.761,132.9495,325.5,1.1,1.1,2014-10-18,1337,Terra,MODIS,100,6.2,298.6,23.2,N,0
-11.576,142.403,308.1,2.6,1.6,2014-10-18,1337,Terra,MODIS,59,6.2,291.6,29.4,N,0
-12.4154,136.6222,306.3,1.1,1,2014-10-18,1337,Terra,MODIS,51,6.2,294.2,5.8,N,0
-12.1772,141.7898,305.3,2.3,1.5,2014-10-18,1337,Terra,MODIS,12,6.2,292.7,15.7,N,0
-12.1677,141.7816,306.4,2.3,1.5,2014-10-18,1337,Terra,MODIS,45,6.2,292.6,18.8,N,0
-12.151,141.8002,310.2,2.3,1.5,2014-10-18,1337,Terra,MODIS,70,6.2,292.7,25.7,N,0
-11.6996,130.965,306.5,1.4,1.2,2014-10-18,1337,Terra,MODIS,67,6.2,294.1,9.8,N,0
-12.4197,136.5931,310.5,1.1,1,2014-10-18,1337,Terra,MODIS,79,6.2,294.5,8.9,N,0
-12.4635,132.8989,317.8,1.1,1.1,2014-10-18,1337,Terra,MODIS,96,6.2,295.9,15.6,N,0
-12.1738,136.2614,307.8,1,1,2014-10-18,1337,Terra,MODIS,73,6.2,294.7,6.1,N,0
-25.0845,148.5196,301.9,1.7,1.3,2014-10-18,1504,Aqua,MODIS,45,6.2,288.6,13,N,0
-24.4264,151.2243,310.5,1.2,1.1,2014-10-18,1504,Aqua,MODIS,80,6.2,287.9,14.6,N,0
-24.2238,150.5766,303.5,1.3,1.1,2014-10-18,1504,Aqua,MODIS,55,6.2,287.6,10,N,0
-22.7638,149.1153,301.5,1.7,1.3,2014-10-18,1504,Aqua,MODIS,42,6.2,288.9,11.4,N,0
-27.4655,152.3372,316,1,1,2014-10-18,1505,Aqua,MODIS,92,6.2,284.8,17.3,N,0
-34.4586,150.8843,311,1,1,2014-10-18,1507,Aqua,MODIS,81,6.2,285.9,12.7,N,2
-23.1534,122.1727,353.3,3.2,1.7,2014-10-18,1512,Terra,MODIS,100,6.2,280,373.5,N,0
-23.1493,122.177,338.3,3.2,1.7,2014-10-18,1512,Terra,MODIS,100,6.2,281,217.2,N,0
-23.1837,122.1803,316,3.2,1.7,2014-10-18,1512,Terra,MODIS,52,6.2,291.6,68.2,N,0
-23.1882,122.2198,309.1,3.3,1.7,2014-10-18,1512,Terra,MODIS,60,6.2,292.7,42.2,N,0
-23.1426,122.2085,327.6,3.3,1.7,2014-10-18,1512,Terra,MODIS,100,6.2,291.5,133.3,N,0
-23.1947,122.1883,332.4,3.2,1.7,2014-10-18,1512,Terra,MODIS,100,6.2,291.8,171.6,N,0
-23.1231,122.1652,304.4,3.2,1.7,2014-10-18,1512,Terra,MODIS,15,6.2,292.3,24.8,N,0
-23.1383,122.169,317.7,3.2,1.7,2014-10-18,1512,Terra,MODIS,80,6.2,290.6,77.9,N,0
-23.147,122.2042,365.8,3.3,1.7,2014-10-18,1512,Terra,MODIS,100,6.2,291.7,559.6,N,0
-23.1341,122.1733,316.5,3.2,1.7,2014-10-18,1512,Terra,MODIS,78,6.2,291.3,73.4,N,0
-23.1644,122.1807,327.1,3.2,1.7,2014-10-18,1512,Terra,MODIS,100,6.2,286.3,130.1,N,0
-23.1578,122.2122,317.1,3.3,1.7,2014-10-18,1512,Terra,MODIS,86,6.2,292.1,71.3,N,0
-21.664,120.8529,319.5,2.8,1.6,2014-10-18,1513,Terra,MODIS,99,6.2,295.5,66.1,N,0
-21.2346,122.8092,306.1,4,1.9,2014-10-18,1513,Terra,MODIS,67,6.2,292.7,44.3,N,0
-21.2385,122.8174,305.2,4,1.9,2014-10-18,1513,Terra,MODIS,63,6.2,292.6,37.3,N,0
-20.9605,120.3314,312,2.7,1.6,2014-10-18,1513,Terra,MODIS,84,6.2,294.4,40,N,0
-21.4569,122.8769,314,4,1.9,2014-10-18,1513,Terra,MODIS,88,6.2,292.2,84.6,N,0
-21.4526,122.8428,303.7,3.9,1.8,2014-10-18,1513,Terra,MODIS,57,6.2,292.2,31.7,N,0
-21.4609,122.8849,313.5,4,1.9,2014-10-18,1513,Terra,MODIS,87,6.2,292.1,80,N,0
-21.6497,120.8495,357.3,2.8,1.6,2014-10-18,1513,Terra,MODIS,100,6.2,297.4,344.2,N,0
-21.6552,120.8224,314,2.8,1.6,2014-10-18,1513,Terra,MODIS,37,6.2,294.1,41,N,0
-21.6821,120.8221,307.6,2.8,1.6,2014-10-18,1513,Terra,MODIS,15,6.2,294.4,24.2,N,0
-21.6573,120.8731,320.5,2.8,1.6,2014-10-18,1513,Terra,MODIS,100,6.2,295.5,70.9,N,0
-21.6626,120.846,326.4,2.8,1.6,2014-10-18,1513,Terra,MODIS,100,6.2,295.5,99.6,N,0
-21.643,120.8698,313.2,2.8,1.6,2014-10-18,1513,Terra,MODIS,78,6.2,295.2,42.6,N,0
-20.8859,122.4664,306.5,3.8,1.8,2014-10-18,1513,Terra,MODIS,66,6.2,292.3,40.5,N,0
-20.8935,122.4302,319.9,3.8,1.8,2014-10-18,1513,Terra,MODIS,99,6.2,292.8,113.2,N,0
-20.8965,122.4638,311.5,3.8,1.8,2014-10-18,1513,Terra,MODIS,83,6.2,292.7,64.7,N,0
-20.9038,122.4274,307.5,3.8,1.8,2014-10-18,1513,Terra,MODIS,72,6.2,292.6,45.4,N,0
-20.8876,122.4236,311.1,3.8,1.8,2014-10-18,1513,Terra,MODIS,82,6.2,292.5,62.4,N,0
-21.6483,120.8425,359.6,2.8,1.6,2014-10-18,1513,Terra,MODIS,100,6.2,297.2,373.9,N,0
-21.6341,120.8391,325.5,2.8,1.6,2014-10-18,1513,Terra,MODIS,100,6.2,294.8,96.6,N,0
-20.9637,120.3379,316.7,2.7,1.6,2014-10-18,1513,Terra,MODIS,94,6.2,294.5,56.1,N,0
-21.1722,122.7496,303.9,3.9,1.8,2014-10-18,1513,Terra,MODIS,58,6.2,292.5,34.4,N,0
-21.18,122.7121,303.5,3.9,1.8,2014-10-18,1513,Terra,MODIS,56,6.2,292.1,32.7,N,0
-20.7162,120.1864,308,2.6,1.6,2014-10-18,1513,Terra,MODIS,70,6.2,294.1,27.8,N,0
-21.1847,122.7182,303.7,3.9,1.8,2014-10-18,1513,Terra,MODIS,56,6.2,292.1,31.9,N,0
-20.7075,120.2042,311.9,2.7,1.6,2014-10-18,1513,Terra,MODIS,72,6.2,294.4,38.4,N,0
-20.7113,120.2115,311.1,2.7,1.6,2014-10-18,1513,Terra,MODIS,82,6.2,294.4,36.5,N,0
-20.7253,120.2144,328.2,2.7,1.6,2014-10-18,1513,Terra,MODIS,100,6.2,295.2,102,N,0
-20.7392,120.2175,321.2,2.7,1.6,2014-10-18,1513,Terra,MODIS,100,6.2,294.4,67.4,N,0
-20.752,120.2523,309.4,2.7,1.6,2014-10-18,1513,Terra,MODIS,77,6.2,294.3,29.9,N,0
-20.7483,120.2459,309.1,2.7,1.6,2014-10-18,1513,Terra,MODIS,66,6.2,294.2,28.6,N,0
-20.7343,120.2429,358.4,2.7,1.6,2014-10-18,1513,Terra,MODIS,100,6.2,297.1,332.1,N,0
-21.0205,119.9344,312.6,2.5,1.5,2014-10-18,1513,Terra,MODIS,85,6.2,293.9,38,N,0
-21.0309,119.9179,303.8,2.5,1.5,2014-10-18,1513,Terra,MODIS,57,6.2,293.5,17.4,N,0
-21.0263,119.9415,312,2.5,1.5,2014-10-18,1513,Terra,MODIS,84,6.2,293.8,38.2,N,0
-22.7461,117.5839,303.6,1.6,1.2,2014-10-18,1513,Terra,MODIS,54,6.2,286.3,9.2,N,0
-19.9481,123.4964,315.2,4.7,2,2014-10-18,1513,Terra,MODIS,31,6.2,274,160.7,N,0
-19.9386,123.5418,320.7,4.8,2,2014-10-18,1513,Terra,MODIS,21,6.2,281.6,205.4,N,0
-19.9458,123.5007,317.2,4.7,2,2014-10-18,1513,Terra,MODIS,69,6.2,275.7,182,N,0
-19.936,123.546,312.6,4.8,2,2014-10-18,1513,Terra,MODIS,18,6.2,280.5,144.2,N,0
-19.9635,123.505,302.4,4.7,2,2014-10-18,1513,Terra,MODIS,24,6.2,278.2,86.7,N,0
-19.9538,123.5501,302.6,4.8,2,2014-10-18,1513,Terra,MODIS,26,6.2,279.6,88.1,N,0
-22.7795,117.5893,300.4,1.6,1.2,2014-10-18,1513,Terra,MODIS,11,6.2,290.1,5.5,N,0
-22.7466,117.5783,305,1.6,1.2,2014-10-18,1513,Terra,MODIS,58,6.2,284.8,10.4,N,0
-21.6833,117.9755,305.3,1.8,1.3,2014-10-18,1513,Terra,MODIS,38,6.2,294.3,9.7,N,0
-21.6862,117.9588,305.9,1.7,1.3,2014-10-18,1513,Terra,MODIS,53,6.2,294,10.3,N,0
-21.6747,117.9563,304.9,1.7,1.3,2014-10-18,1513,Terra,MODIS,14,6.2,293.8,8.9,N,0
-21.5953,117.9504,309.6,1.8,1.3,2014-10-18,1513,Terra,MODIS,78,6.2,293.6,16.6,N,0
-21.5448,117.9868,305.4,1.8,1.3,2014-10-18,1513,Terra,MODIS,64,6.2,293.6,11.4,N,0
-12.4146,136.5952,305.8,1.6,1.2,2014-10-18,1639,Aqua,MODIS,66,6.2,292.8,12.1,N,0
-12.7631,132.9565,309.5,1,1,2014-10-18,1640,Aqua,MODIS,74,6.2,296.2,6.2,N,0
-12.7541,132.9579,319.3,1,1,2014-10-18,1640,Aqua,MODIS,98,6.2,296.4,14.3,N,0
-12.5338,131.8225,316.1,1,1,2014-10-18,1640,Aqua,MODIS,93,6.2,295,12.7,N,0
-12.4619,132.9055,306,1,1,2014-10-18,1640,Aqua,MODIS,66,6.2,295.1,4.8,N,0
-12.4605,132.8962,310,1,1,2014-10-18,1640,Aqua,MODIS,79,6.2,294.8,7.7,N,0
-13.7825,132.6269,304.6,1,1,2014-10-18,1640,Aqua,MODIS,43,6.2,294.2,4,N,0
-13.0442,133.1189,307.3,1,1,2014-10-18,1640,Aqua,MODIS,61,6.2,296,4.3,N,0
-13.0913,133.1219,309.5,1,1,2014-10-18,1640,Aqua,MODIS,64,6.2,297.3,5.4,N,0
-13.0927,133.1314,310.4,1,1,2014-10-18,1640,Aqua,MODIS,78,6.2,297.1,6.2,N,0
-13.0989,133.1238,309.7,1,1,2014-10-18,1640,Aqua,MODIS,78,6.2,297.3,6.3,N,0
-13.1067,133.1131,311.1,1,1,2014-10-18,1640,Aqua,MODIS,82,6.2,297.2,7,N,0
-13.8137,132.6511,305.9,1,1,2014-10-18,1640,Aqua,MODIS,66,6.2,294.4,5,N,0
-13.1081,133.1226,320.6,1,1,2014-10-18,1640,Aqua,MODIS,100,6.2,297.8,15.5,N,0
-14.2554,127.0261,312.6,1.6,1.2,2014-10-18,1640,Aqua,MODIS,85,6.2,296,19.3,N,0
-14.2467,127.0424,312.2,1.6,1.2,2014-10-18,1640,Aqua,MODIS,84,6.2,295,18.9,N,0
-14.2443,127.0278,309.3,1.6,1.2,2014-10-18,1640,Aqua,MODIS,77,6.2,294.9,15.6,N,0
-14.2578,127.0403,312,1.6,1.2,2014-10-18,1640,Aqua,MODIS,84,6.2,295.1,17.6,N,0
-12.7527,132.9484,324.3,1,1,2014-10-18,1640,Aqua,MODIS,100,6.2,297.4,19.3,N,0
-12.745,132.9593,316.9,1,1,2014-10-18,1640,Aqua,MODIS,94,6.2,296.8,12.5,N,0
-12.7604,132.9377,319.1,1,1,2014-10-18,1640,Aqua,MODIS,98,6.2,297.6,13.5,N,0
-16.5227,142.2237,307.2,4.8,2,2014-10-18,1640,Aqua,MODIS,52,6.2,292.2,68.3,N,0
-16.4546,142.2424,325.5,4.8,2,2014-10-18,1640,Aqua,MODIS,100,6.2,293.4,213.5,N,0
-16.4353,142.2402,320.8,4.8,2,2014-10-18,1640,Aqua,MODIS,96,6.2,292.2,165.7,N,0
-12.7618,132.9471,335.9,1,1,2014-10-18,1640,Aqua,MODIS,100,6.2,298.2,34.7,N,0
-16.4365,142.2441,327.7,4.8,2,2014-10-18,1640,Aqua,MODIS,100,6.2,292.7,239.6,N,0
-12.7695,132.9364,337,1,1,2014-10-18,1640,Aqua,MODIS,100,6.2,297,36.3,N,0
-16.4393,142.2852,313.7,4.8,2,2014-10-18,1640,Aqua,MODIS,29,6.2,292.9,99.7,N,0
-16.4534,142.2385,329.5,4.8,2,2014-10-18,1640,Aqua,MODIS,100,6.2,293.5,255,N,0
-12.7709,132.9458,319.7,1,1,2014-10-18,1640,Aqua,MODIS,99,6.2,296.8,14.4,N,0
-16.1009,133.9015,311.1,1.2,1.1,2014-10-18,1641,Aqua,MODIS,82,6.2,292.3,13,N,0
-17.0829,130.4627,303.6,1,1,2014-10-18,1641,Aqua,MODIS,56,6.2,292.8,5.7,N,0
-16.8562,130.613,308.4,1,1,2014-10-18,1641,Aqua,MODIS,74,6.2,293.7,7.2,N,0
-15.6127,130.5455,313.5,1,1,2014-10-18,1641,Aqua,MODIS,87,6.2,296.1,11.3,N,0
-17.0275,130.2785,307.6,1,1,2014-10-18,1641,Aqua,MODIS,72,6.2,293.7,7.5,N,0
-16.8458,130.605,315.8,1,1,2014-10-18,1641,Aqua,MODIS,92,6.2,294.7,13.2,N,0
-16.8444,130.5957,308.1,1,1,2014-10-18,1641,Aqua,MODIS,73,6.2,294.6,7.5,N,0
-17.4495,128.4744,346.4,1.2,1.1,2014-10-18,1641,Aqua,MODIS,100,6.2,296.9,66.8,N,0
-17.1465,130.5228,303.8,1,1,2014-10-18,1641,Aqua,MODIS,53,6.2,290.9,5.8,N,0
-17.5963,125.4421,319.8,1.8,1.3,2014-10-18,1641,Aqua,MODIS,99,6.2,298.3,33,N,0
-16.5755,126.831,304.4,1.5,1.2,2014-10-18,1641,Aqua,MODIS,60,6.2,294,10.1,N,0
-16.6794,129.8136,311.9,1,1,2014-10-18,1641,Aqua,MODIS,84,6.2,299.1,8.8,N,0
-16.5974,129.7537,316.4,1,1,2014-10-18,1641,Aqua,MODIS,93,6.2,299.4,12.7,N,0
-16.5959,129.744,316.1,1,1,2014-10-18,1641,Aqua,MODIS,93,6.2,298.9,12.6,N,0
-17.1361,130.5148,302.2,1,1,2014-10-18,1641,Aqua,MODIS,25,6.2,291.8,4.7,N,0
-16.5745,129.7274,320.9,1.1,1,2014-10-18,1641,Aqua,MODIS,100,6.2,299.7,17,N,0
-17.4918,128.5273,302.8,1.1,1.1,2014-10-18,1641,Aqua,MODIS,31,6.2,290.9,5.9,N,0
-16.5778,126.8447,305.6,1.5,1.2,2014-10-18,1641,Aqua,MODIS,65,6.2,294.5,10.9,N,0
-16.5885,126.8427,323,1.5,1.2,2014-10-18,1641,Aqua,MODIS,100,6.2,295.6,35.1,N,0
-16.5908,126.8563,317,1.5,1.2,2014-10-18,1641,Aqua,MODIS,94,6.2,294.2,24.9,N,0
-16.5993,126.8408,321,1.5,1.2,2014-10-18,1641,Aqua,MODIS,100,6.2,295.5,31.7,N,0
-16.6016,126.8544,356,1.5,1.2,2014-10-18,1641,Aqua,MODIS,100,6.2,300.3,133.2,N,0
-16.6038,126.868,322.4,1.5,1.2,2014-10-18,1641,Aqua,MODIS,100,6.2,294.2,34.8,N,0
-16.6123,126.8525,315.7,1.5,1.2,2014-10-18,1641,Aqua,MODIS,92,6.2,295.8,24.3,N,0
-16.6146,126.8662,313.3,1.5,1.2,2014-10-18,1641,Aqua,MODIS,87,6.2,295.7,21,N,0
-17.5846,125.4442,323.5,1.8,1.3,2014-10-18,1641,Aqua,MODIS,100,6.2,299,43.5,N,0
-17.608,125.4398,312.3,1.8,1.3,2014-10-18,1641,Aqua,MODIS,52,6.2,297.8,18.5,N,0
-17.593,125.4525,312.1,1.8,1.3,2014-10-18,1641,Aqua,MODIS,42,6.2,298.4,17.9,N,0
-17.6017,125.4339,317.7,1.8,1.3,2014-10-18,1641,Aqua,MODIS,95,6.2,297.7,29.5,N,0
-17.4823,128.529,314.8,1.1,1.1,2014-10-18,1641,Aqua,MODIS,90,6.2,292.9,15.3,N,0
-17.4806,128.5185,327.1,1.1,1.1,2014-10-18,1641,Aqua,MODIS,100,6.2,297.1,29.9,N,0
-17.4529,128.4961,306.3,1.2,1.1,2014-10-18,1641,Aqua,MODIS,68,6.2,295.6,7.7,N,0
-17.59,125.4361,316.3,1.8,1.3,2014-10-18,1641,Aqua,MODIS,92,6.2,298.2,26.1,N,0
-16.6116,127.4655,333.9,1.3,1.1,2014-10-18,1641,Aqua,MODIS,100,6.2,296.4,51.9,N,0
-16.6013,127.4672,326.7,1.3,1.1,2014-10-18,1641,Aqua,MODIS,100,6.2,297.6,36.6,N,0
-16.5992,127.4548,379.6,1.3,1.2,2014-10-18,1641,Aqua,MODIS,100,6.2,305.6,233.3,N,0
-16.5972,127.4423,347.2,1.4,1.2,2014-10-18,1641,Aqua,MODIS,100,6.2,297.8,84.8,N,0
-16.5868,127.4441,364.7,1.4,1.2,2014-10-18,1641,Aqua,MODIS,100,6.2,301.1,152.2,N,0
-17.57,125.4296,320.4,1.8,1.3,2014-10-18,1641,Aqua,MODIS,100,6.2,297.9,37.8,N,0
-17.7692,126.1893,313.7,1.6,1.2,2014-10-18,1641,Aqua,MODIS,88,6.2,297.3,20.7,N,0
-17.4512,128.485,371,1.2,1.1,2014-10-18,1641,Aqua,MODIS,100,6.2,300.4,146.6,N,0
-16.5867,129.7455,315.7,1,1,2014-10-18,1641,Aqua,MODIS,92,6.2,299.9,11.7,N,0
-17.4299,128.5981,302.4,1.1,1.1,2014-10-18,1641,Aqua,MODIS,36,6.2,290.5,6.1,N,0
-17.4473,128.5844,301.2,1.1,1.1,2014-10-18,1641,Aqua,MODIS,25,6.2,290.4,5,N,0
-17.4709,128.5477,312.4,1.1,1.1,2014-10-18,1641,Aqua,MODIS,85,6.2,294.8,12.9,N,0
-17.4726,128.5582,315.5,1.1,1.1,2014-10-18,1641,Aqua,MODIS,91,6.2,292.6,16.4,N,0
-17.4762,128.552,310.3,1.1,1.1,2014-10-18,1641,Aqua,MODIS,80,6.2,293,12,N,0
-17.7667,126.1747,337,1.6,1.2,2014-10-18,1641,Aqua,MODIS,100,6.2,299.2,71.9,N,0
-17.6221,125.4126,308.2,1.8,1.3,2014-10-18,1641,Aqua,MODIS,60,6.2,296,15.3,N,0
-16.5556,127.3843,305.3,1.4,1.2,2014-10-18,1641,Aqua,MODIS,14,6.2,293.3,7.9,N,0
-16.5723,127.4205,309.7,1.4,1.2,2014-10-18,1641,Aqua,MODIS,78,6.2,295.1,13.6,N,0
-16.5826,127.4187,325.6,1.4,1.2,2014-10-18,1641,Aqua,MODIS,100,6.2,294.8,34.8,N,0
-16.5847,127.4314,358.9,1.4,1.2,2014-10-18,1641,Aqua,MODIS,100,6.2,299,127.3,N,0
-17.1451,130.5134,311.8,1,1,2014-10-18,1641,Aqua,MODIS,83,6.2,291.3,11,N,0
-16.5535,127.3718,306.3,1.4,1.2,2014-10-18,1641,Aqua,MODIS,63,6.2,294.7,9.3,N,0
-16.5514,127.3592,308.5,1.4,1.2,2014-10-18,1641,Aqua,MODIS,75,6.2,294.9,11.4,N,0
-16.5852,129.7357,326.3,1,1,2014-10-18,1641,Aqua,MODIS,100,6.2,300.2,23,N,0
-16.6779,129.8039,313.6,1,1,2014-10-18,1641,Aqua,MODIS,87,6.2,299.1,10.4,N,0
-16.8806,124.6537,309.4,2.1,1.4,2014-10-18,1641,Aqua,MODIS,77,6.2,296.1,21.2,N,0
-17.6104,125.4149,310.1,1.8,1.3,2014-10-18,1641,Aqua,MODIS,61,6.2,296.2,16.9,N,0
-16.576,129.7372,316.9,1,1,2014-10-18,1641,Aqua,MODIS,94,6.2,299.8,12.4,N,0
-18.0775,130.2826,301.5,1,1,2014-10-18,1641,Aqua,MODIS,25,6.2,291.1,4.1,N,0
-16.5623,129.7093,314.5,1.1,1,2014-10-18,1641,Aqua,MODIS,89,6.2,299.2,11.3,N,0
-16.5608,129.6995,317.6,1.1,1,2014-10-18,1641,Aqua,MODIS,95,6.2,298.8,14.6,N,0
-15.9448,126.1043,312.4,1.7,1.3,2014-10-18,1641,Aqua,MODIS,85,6.2,295.1,22.9,N,0
-15.6811,125.5653,308.7,1.9,1.3,2014-10-18,1641,Aqua,MODIS,75,6.2,297.5,16.1,N,0
-16.1556,125.7121,309.5,1.8,1.3,2014-10-18,1641,Aqua,MODIS,76,6.2,295.4,17.1,N,0
-16.3893,131.315,303.9,1,1,2014-10-18,1641,Aqua,MODIS,26,6.2,293.4,3.7,N,0
-16.3983,131.3136,311.1,1,1,2014-10-18,1641,Aqua,MODIS,41,6.2,296.2,7.9,N,0
-16.4122,131.2829,309.4,1,1,2014-10-18,1641,Aqua,MODIS,48,6.2,297,6.5,N,0
-16.4136,131.2922,308.6,1,1,2014-10-18,1641,Aqua,MODIS,54,6.2,296.7,6.2,N,0
-16.1694,125.7542,307.9,1.8,1.3,2014-10-18,1641,Aqua,MODIS,33,6.2,296.8,13.5,N,0
-15.6863,125.5586,308.7,1.9,1.3,2014-10-18,1641,Aqua,MODIS,46,6.2,297.2,14.7,N,0
-15.9909,126.106,305.8,1.7,1.3,2014-10-18,1641,Aqua,MODIS,35,6.2,295.4,11.5,N,0
-15.529,126.1072,321.7,1.7,1.3,2014-10-18,1641,Aqua,MODIS,100,6.2,294.3,42.7,N,0
-15.5405,126.1048,318.5,1.7,1.3,2014-10-18,1641,Aqua,MODIS,97,6.2,293.9,35.8,N,0
-15.5433,126.121,304.8,1.7,1.3,2014-10-18,1641,Aqua,MODIS,61,6.2,294,12.4,N,0
-17.2148,132.8577,306.6,1.1,1,2014-10-18,1641,Aqua,MODIS,69,6.2,292.9,8.3,N,0
-17.4376,133.0761,314.7,1.1,1.1,2014-10-18,1641,Aqua,MODIS,36,6.2,295.1,12.3,N,0
-17.4457,133.0643,318.7,1.1,1.1,2014-10-18,1641,Aqua,MODIS,66,6.2,296.9,16.6,N,0
-17.4471,133.0748,334.1,1.1,1.1,2014-10-18,1641,Aqua,MODIS,100,6.2,299.3,37.5,N,0
-17.4485,133.0852,333,1.1,1.1,2014-10-18,1641,Aqua,MODIS,100,6.2,298.7,35.9,N,0
-17.4499,133.0957,336.1,1.1,1.1,2014-10-18,1641,Aqua,MODIS,100,6.2,297.7,42.9,N,0
-17.4551,133.0629,337.3,1.1,1.1,2014-10-18,1641,Aqua,MODIS,100,6.2,298.1,45,N,0
-17.4566,133.0734,350.1,1.1,1.1,2014-10-18,1641,Aqua,MODIS,100,6.2,299.7,72.1,N,0
-17.458,133.0838,314.6,1.1,1.1,2014-10-18,1641,Aqua,MODIS,42,6.2,295.5,13.4,N,0
-17.4594,133.0943,312.7,1.1,1.1,2014-10-18,1641,Aqua,MODIS,56,6.2,294.8,12.6,N,0
-17.2301,132.9703,319.2,1.1,1,2014-10-18,1641,Aqua,MODIS,36,6.2,295.9,16.4,N,0
-17.2315,132.9806,316.2,1.1,1,2014-10-18,1641,Aqua,MODIS,51,6.2,295,14.5,N,0
-17.2367,132.9483,314.5,1.1,1,2014-10-18,1641,Aqua,MODIS,22,6.2,295.9,11.3,N,0
-17.2381,132.9586,318.3,1.1,1,2014-10-18,1641,Aqua,MODIS,15,6.2,296.2,14.1,N,0
-17.2476,132.9573,327.2,1.1,1,2014-10-18,1641,Aqua,MODIS,64,6.2,297,26.2,N,0
-17.2612,132.9869,317,1.1,1,2014-10-18,1641,Aqua,MODIS,87,6.2,293.1,15.9,N,0
-16.8432,130.7109,309.8,1,1,2014-10-18,1641,Aqua,MODIS,45,6.2,295.9,7.5,N,0
-16.8688,130.6973,306,1,1,2014-10-18,1641,Aqua,MODIS,34,6.2,295.3,5.2,N,0
-16.373,131.2034,315.6,1,1,2014-10-18,1641,Aqua,MODIS,91,6.2,297.4,12.3,N,0
-16.3743,131.2127,316.5,1,1,2014-10-18,1641,Aqua,MODIS,93,6.2,297.3,12.9,N,0
-16.3757,131.222,304.3,1,1,2014-10-18,1641,Aqua,MODIS,59,6.2,293.6,4.3,N,0
-16.3806,131.1927,306.5,1,1,2014-10-18,1641,Aqua,MODIS,68,6.2,295.4,6.3,N,0
-16.3819,131.202,347.1,1,1,2014-10-18,1641,Aqua,MODIS,100,6.2,299.1,54.9,N,0
-16.3833,131.2113,335.5,1,1,2014-10-18,1641,Aqua,MODIS,100,6.2,296.7,34.6,N,0
-16.4197,131.2664,313.6,1,1,2014-10-18,1641,Aqua,MODIS,87,6.2,297.8,10.5,N,0
-16.4211,131.2757,311.9,1,1,2014-10-18,1641,Aqua,MODIS,84,6.2,297.5,9.2,N,0
-17.3023,131.0096,307.1,1,1,2014-10-18,1641,Aqua,MODIS,70,6.2,294.1,7,N,0
-17.305,131.0283,304.2,1,1,2014-10-18,1641,Aqua,MODIS,40,6.2,294.1,4.8,N,0
-17.3271,131.0536,305.3,1,1,2014-10-18,1641,Aqua,MODIS,64,6.2,294.3,5.8,N,0
-16.2651,133.8322,308.2,1.2,1.1,2014-10-18,1641,Aqua,MODIS,68,6.2,291.9,9.2,N,0
-16.289,133.8625,308.2,1.2,1.1,2014-10-18,1641,Aqua,MODIS,45,6.2,293.2,9,N,0
-16.2771,134.1497,316.7,1.2,1.1,2014-10-18,1641,Aqua,MODIS,94,6.2,293.2,19.2,N,0
-16.2756,134.1383,308.8,1.2,1.1,2014-10-18,1641,Aqua,MODIS,76,6.2,292.4,10.7,N,0
-16.604,129.5512,319,1.1,1,2014-10-18,1641,Aqua,MODIS,98,6.2,299.5,15.1,N,0
-16.6055,129.5611,331.4,1.1,1,2014-10-18,1641,Aqua,MODIS,100,6.2,300.1,30.1,N,0
-16.6148,129.5597,328.8,1.1,1,2014-10-18,1641,Aqua,MODIS,100,6.2,299.4,25.6,N,0
-16.6168,129.5323,323.1,1.1,1,2014-10-18,1641,Aqua,MODIS,98,6.2,296.5,21,N,0
-16.6184,129.5423,328.6,1.1,1,2014-10-18,1641,Aqua,MODIS,100,6.2,299.7,27.3,N,0
-16.6214,129.562,318.2,1.1,1,2014-10-18,1641,Aqua,MODIS,76,6.2,298.3,15.2,N,0
-16.6245,129.5816,326.3,1.1,1,2014-10-18,1641,Aqua,MODIS,100,6.2,296.4,25.2,N,0
-16.6276,129.5407,346.9,1.1,1,2014-10-18,1641,Aqua,MODIS,100,6.2,299.2,59.1,N,0
-16.6291,129.5507,318.5,1.1,1,2014-10-18,1641,Aqua,MODIS,58,6.2,297.8,14.9,N,0
-16.6322,129.5703,306.8,1.1,1,2014-10-18,1641,Aqua,MODIS,36,6.2,296.2,6.5,N,0
-16.643,129.5179,310.9,1.1,1,2014-10-18,1641,Aqua,MODIS,61,6.2,295.3,9.6,N,0
-16.5886,129.5739,311.9,1.1,1,2014-10-18,1641,Aqua,MODIS,83,6.2,293.5,11,N,0
-16.5963,129.5626,316.4,1.1,1,2014-10-18,1641,Aqua,MODIS,93,6.2,296.7,13.5,N,0
-16.0075,133.8195,313.1,1.2,1.1,2014-10-18,1641,Aqua,MODIS,86,6.2,294.3,13.8,N,0
-18.1734,132.6277,302.5,1.1,1,2014-10-18,1641,Aqua,MODIS,8,6.2,291.7,5,N,0
-18.0237,132.5273,306.7,1.1,1,2014-10-18,1641,Aqua,MODIS,69,6.2,291.5,8.3,N,0
-18.1775,132.6584,308.2,1.1,1,2014-10-18,1641,Aqua,MODIS,74,6.2,292,9.7,N,0
-17.4689,133.093,302.9,1.1,1.1,2014-10-18,1641,Aqua,MODIS,24,6.2,292.3,5.8,N,0
-16.3638,131.3285,305.5,1,1,2014-10-18,1641,Aqua,MODIS,65,6.2,295.3,5.3,N,0
-18.1762,132.6482,304.6,1.1,1,2014-10-18,1641,Aqua,MODIS,61,6.2,292.1,6.6,N,0
-18.1719,132.6555,311.1,1.1,1,2014-10-18,1641,Aqua,MODIS,40,6.2,292.4,11.3,N,0
-17.1916,130.5156,311.2,1,1,2014-10-18,1641,Aqua,MODIS,65,6.2,293.6,9.8,N,0
-17.2082,130.5033,307.2,1,1,2014-10-18,1641,Aqua,MODIS,71,6.2,292.6,7.3,N,0
-19.9418,123.584,313.3,2.2,1.4,2014-10-18,1642,Aqua,MODIS,87,6.2,294.6,31.5,N,0
-19.9422,123.5889,320.2,2.2,1.4,2014-10-18,1642,Aqua,MODIS,100,6.2,295,50.8,N,0
-19.9635,123.5582,305.8,2.2,1.4,2014-10-18,1642,Aqua,MODIS,24,6.2,294,14.2,N,0
-19.9457,123.6047,319.9,2.2,1.4,2014-10-18,1642,Aqua,MODIS,99,6.2,295.1,49.5,N,0
-19.946,123.6095,313.3,2.2,1.4,2014-10-18,1642,Aqua,MODIS,87,6.2,294.7,32.4,N,0
-19.9359,123.4116,313.4,2.2,1.5,2014-10-18,1642,Aqua,MODIS,87,6.2,293.7,35.1,N,0
-19.9389,123.4985,308.3,2.2,1.4,2014-10-18,1642,Aqua,MODIS,31,6.2,294.2,18.9,N,0
-19.7991,127.9623,302.9,1.1,1.1,2014-10-18,1642,Aqua,MODIS,52,6.2,289.6,8.1,N,0
-22.0555,127.3506,301.2,1.2,1.1,2014-10-18,1642,Aqua,MODIS,39,6.2,289.8,6.6,N,0
-20.3456,124.7427,341.8,1.8,1.3,2014-10-18,1642,Aqua,MODIS,100,6.2,296.6,105.7,N,0
-19.6357,128.2132,305.4,1.1,1.1,2014-10-18,1642,Aqua,MODIS,46,6.2,290.3,8.5,N,0
-20.0471,124.3094,308.7,1.9,1.4,2014-10-18,1642,Aqua,MODIS,75,6.2,293.7,21.8,N,0
-19.6469,128.2221,308.3,1.1,1.1,2014-10-18,1642,Aqua,MODIS,74,6.2,290.6,10.9,N,0
-20.3446,124.7547,336.8,1.8,1.3,2014-10-18,1642,Aqua,MODIS,100,6.2,296.6,86.4,N,0
-19.6247,128.3618,305.3,1.1,1,2014-10-18,1642,Aqua,MODIS,54,6.2,290.2,8.3,N,0
-20.3485,124.7593,324.6,1.8,1.3,2014-10-18,1642,Aqua,MODIS,100,6.2,294.7,49.7,N,0
-22.0435,127.3983,302.9,1.1,1.1,2014-10-18,1642,Aqua,MODIS,52,6.2,289.5,7.9,N,0
-20.334,124.745,307.6,1.8,1.3,2014-10-18,1642,Aqua,MODIS,72,6.2,293.6,18.4,N,0
-20.0504,124.3276,316.8,1.9,1.4,2014-10-18,1642,Aqua,MODIS,94,6.2,294,38.6,N,0
-20.3415,124.7381,333.3,1.8,1.3,2014-10-18,1642,Aqua,MODIS,100,6.2,294.6,75.5,N,0
-21.4519,122.9121,318.7,2.3,1.5,2014-10-18,1642,Aqua,MODIS,97,6.2,293.6,49.2,N,0
-20.7189,120.2171,312.2,3.7,1.8,2014-10-18,1642,Aqua,MODIS,84,6.2,292.8,69.5,N,0
-20.7261,120.2519,314.4,3.7,1.8,2014-10-18,1642,Aqua,MODIS,89,6.2,293.1,79.6,N,0
-21.4711,122.9477,358,2.3,1.5,2014-10-18,1642,Aqua,MODIS,100,6.2,298.4,259.6,N,0
-21.4669,122.9263,375.2,2.3,1.5,2014-10-18,1642,Aqua,MODIS,100,6.2,299.2,434.8,N,0
-21.4627,122.9049,315.1,2.3,1.5,2014-10-18,1642,Aqua,MODIS,91,6.2,294.8,37.4,N,0
-21.4729,122.9521,340.5,2.3,1.5,2014-10-18,1642,Aqua,MODIS,100,6.2,295.3,139.9,N,0
-21.4689,122.9307,377.5,2.3,1.5,2014-10-18,1642,Aqua,MODIS,100,6.2,298.5,465.8,N,0
-20.7348,120.2455,308.2,3.7,1.8,2014-10-18,1642,Aqua,MODIS,74,6.2,292.7,48.6,N,0
-21.4649,122.9093,312.1,2.3,1.5,2014-10-18,1642,Aqua,MODIS,81,6.2,295,30.3,N,0
-21.46,122.955,320.4,2.3,1.5,2014-10-18,1642,Aqua,MODIS,100,6.2,293.5,55,N,0
-20.8894,122.4529,307.1,2.5,1.5,2014-10-18,1642,Aqua,MODIS,70,6.2,293.2,26.2,N,0
-20.9121,122.423,312.6,2.5,1.5,2014-10-18,1642,Aqua,MODIS,85,6.2,292.6,39.8,N,0
-20.9211,122.4383,306.4,2.5,1.5,2014-10-18,1642,Aqua,MODIS,68,6.2,292.4,25.1,N,0
-21.4799,122.9235,303.8,2.3,1.5,2014-10-18,1642,Aqua,MODIS,31,6.2,292.1,12,N,0
-20.9164,122.4143,307.5,2.5,1.5,2014-10-18,1642,Aqua,MODIS,72,6.2,292.2,28,N,0
-21.4559,122.9336,366.7,2.3,1.5,2014-10-18,1642,Aqua,MODIS,100,6.2,297.3,342.5,N,0
-21.6519,120.8612,316,3.2,1.7,2014-10-18,1643,Aqua,MODIS,92,6.2,293.8,69.7,N,0
-21.6581,120.8912,307.5,3.1,1.7,2014-10-18,1643,Aqua,MODIS,72,6.2,293.7,35.5,N,0
-21.6534,120.8656,317.6,3.2,1.7,2014-10-18,1643,Aqua,MODIS,95,6.2,293.9,75,N,0
-22.6031,124.9816,300.2,1.5,1.2,2014-10-18,1643,Aqua,MODIS,22,6.2,289.9,7.8,N,0
-25.797,126.3149,301.5,1.2,1.1,2014-10-18,1643,Aqua,MODIS,42,6.2,287.6,7.5,N,0
-22.6044,124.9755,301,1.5,1.2,2014-10-18,1643,Aqua,MODIS,37,6.2,290.6,8.7,N,0
-23.8525,122.5389,310.7,2.1,1.4,2014-10-18,1643,Aqua,MODIS,81,6.2,291.5,29.4,N,0
-23.8692,122.5568,329.6,2.1,1.4,2014-10-18,1643,Aqua,MODIS,100,6.2,292.6,86,N,0
-23.8565,122.5597,327.6,2.1,1.4,2014-10-18,1643,Aqua,MODIS,100,6.2,292.7,78.1,N,0
-24.8712,129.0449,350.3,1,1,2014-10-18,1643,Aqua,MODIS,100,6.2,295.2,64.6,N,0
-23.8652,122.536,310.2,2.1,1.4,2014-10-18,1643,Aqua,MODIS,79,6.2,291.3,28.7,N,0
-24.8698,129.035,331.4,1,1,2014-10-18,1643,Aqua,MODIS,100,6.2,293.2,32.1,N,0
-11.0219,142.4601,314.9,2.4,1.5,2014-10-19,0026,Terra,MODIS,37,6.2,295.8,24.3,D,0
-11.5919,142.4262,319.5,2.3,1.5,2014-10-19,0026,Terra,MODIS,71,6.2,295.8,35.5,D,0
-14.9607,143.3866,332.3,1.7,1.3,2014-10-19,0027,Terra,MODIS,51,6.2,309.2,32.3,D,0
-13.3507,142.3287,341,2.2,1.4,2014-10-19,0027,Terra,MODIS,89,6.2,307.5,95.9,D,0
-13.3541,142.3484,331.1,2.2,1.4,2014-10-19,0027,Terra,MODIS,75,6.2,305.5,52.6,D,0
-14.9613,143.3772,338.8,1.7,1.3,2014-10-19,0027,Terra,MODIS,86,6.2,309.6,51.4,D,0
-14.9667,143.3533,328.7,1.7,1.3,2014-10-19,0027,Terra,MODIS,25,6.2,309.8,21.1,D,0
-14.9727,143.3197,332.3,1.7,1.3,2014-10-19,0027,Terra,MODIS,75,6.2,309.9,34.8,D,0
-14.9694,143.3688,333.3,1.7,1.3,2014-10-19,0027,Terra,MODIS,57,6.2,308.4,35.2,D,0
-14.9897,143.3492,336.6,1.7,1.3,2014-10-19,0027,Terra,MODIS,84,6.2,308.7,45.4,D,0
-15.0205,143.3917,332.6,1.7,1.3,2014-10-19,0027,Terra,MODIS,63,6.2,309.4,34.9,D,0
-14.97,143.3038,327.9,1.7,1.3,2014-10-19,0027,Terra,MODIS,62,6.2,308.5,25.1,D,0
-14.9618,143.2561,343.3,1.7,1.3,2014-10-19,0027,Terra,MODIS,89,6.2,306.9,79.2,D,0
-14.7103,144.4247,330.8,1.4,1.2,2014-10-19,0027,Terra,MODIS,35,6.2,310.4,23.2,D,0
-14.959,143.2401,355.6,1.7,1.3,2014-10-19,0027,Terra,MODIS,97,6.2,307.1,138.2,D,0
-14.9562,143.2241,324,1.7,1.3,2014-10-19,0027,Terra,MODIS,51,6.2,306.3,19.3,D,0
-15.0082,143.4574,329.2,1.7,1.3,2014-10-19,0027,Terra,MODIS,43,6.2,308.3,25.3,D,0
-12.3995,141.9123,359.7,2.4,1.5,2014-10-19,0027,Terra,MODIS,94,6.2,302.5,276.7,D,0
-12.3934,141.9074,328.8,2.4,1.5,2014-10-19,0027,Terra,MODIS,79,6.2,301.4,64.1,D,0
-12.3974,141.9297,342.1,2.4,1.5,2014-10-19,0027,Terra,MODIS,90,6.2,302.4,133.7,D,0
-15.0135,143.4881,332.7,1.7,1.3,2014-10-19,0027,Terra,MODIS,79,6.2,309.3,37.3,D,0
-14.2186,142.5511,326.2,2,1.4,2014-10-19,0027,Terra,MODIS,67,6.2,303.9,36.3,D,0
-15.0345,143.4052,332.6,1.7,1.3,2014-10-19,0027,Terra,MODIS,68,6.2,310.1,34.6,D,0
-14.9645,143.272,337,1.7,1.3,2014-10-19,0027,Terra,MODIS,84,6.2,306.3,55,D,0
-14.2035,142.6102,344.1,2,1.4,2014-10-19,0027,Terra,MODIS,90,6.2,307.3,105.7,D,0
-14.2003,142.5919,335.8,2,1.4,2014-10-19,0027,Terra,MODIS,84,6.2,305.6,64.4,D,0
-14.1982,142.5981,347.1,2,1.4,2014-10-19,0027,Terra,MODIS,92,6.2,307.3,118.3,D,0
-14.1944,142.6306,327.3,2,1.4,2014-10-19,0027,Terra,MODIS,73,6.2,306.9,37.7,D,0
-14.1921,142.6369,321.4,2,1.4,2014-10-19,0027,Terra,MODIS,50,6.2,306.1,20,D,0
-14.2013,142.6163,341.2,2,1.4,2014-10-19,0027,Terra,MODIS,88,6.2,307.6,90.5,D,0
-14.1302,142.5727,321.6,2,1.4,2014-10-19,0027,Terra,MODIS,45,6.2,305.6,17.1,D,0
-14.127,142.5542,341.4,2,1.4,2014-10-19,0027,Terra,MODIS,89,6.2,307.7,88.8,D,0
-14.9706,143.2381,336.4,1.7,1.3,2014-10-19,0027,Terra,MODIS,83,6.2,307.2,52.7,D,0
-14.1146,142.5564,339.5,2,1.4,2014-10-19,0027,Terra,MODIS,87,6.2,306.3,81.5,D,0
-14.5669,144.407,328.1,1.5,1.2,2014-10-19,0027,Terra,MODIS,74,6.2,309.6,18.8,D,0
-14.366,144.4404,333.1,1.5,1.2,2014-10-19,0027,Terra,MODIS,81,6.2,306.1,34.7,D,0
-14.9962,142.638,326.2,1.9,1.4,2014-10-19,0027,Terra,MODIS,37,6.2,307.1,26.7,D,0
-12.4033,141.9347,343.6,2.4,1.5,2014-10-19,0027,Terra,MODIS,91,6.2,302.2,143.6,D,0
-15.0056,143.4421,345.6,1.7,1.3,2014-10-19,0027,Terra,MODIS,91,6.2,310.1,80.1,D,0
-12.4069,141.9051,334.1,2.4,1.5,2014-10-19,0027,Terra,MODIS,84,6.2,300.3,89.5,D,0
-15.0029,143.4266,345.1,1.7,1.3,2014-10-19,0027,Terra,MODIS,91,6.2,307.3,80.2,D,0
-12.1415,141.8081,321.6,2.5,1.5,2014-10-19,0027,Terra,MODIS,58,6.2,303.6,31.1,D,0
-12.1552,141.8057,326,2.5,1.5,2014-10-19,0027,Terra,MODIS,52,6.2,301.6,44.6,D,0
-12.1785,141.7779,317.2,2.5,1.5,2014-10-19,0027,Terra,MODIS,38,6.2,300.1,20.2,D,0
-12.1825,141.8008,318.4,2.5,1.5,2014-10-19,0027,Terra,MODIS,63,6.2,300.8,24.1,D,0
-12.4109,141.9274,335,2.4,1.5,2014-10-19,0027,Terra,MODIS,85,6.2,302.3,91.4,D,0
-14.9048,142.715,324.6,1.9,1.3,2014-10-19,0027,Terra,MODIS,41,6.2,308.2,20.6,D,0
-14.1815,142.5575,338.8,2,1.4,2014-10-19,0027,Terra,MODIS,86,6.2,304.3,76.8,D,0
-15.0108,143.4728,327.1,1.7,1.3,2014-10-19,0027,Terra,MODIS,35,6.2,309.6,20.8,D,0
-14.1691,142.5598,322.1,2,1.4,2014-10-19,0027,Terra,MODIS,22,6.2,304.9,18.2,D,0
-14.1797,142.5637,329.1,2,1.4,2014-10-19,0027,Terra,MODIS,62,6.2,303.9,39,D,0
-14.9871,142.6579,326.7,1.9,1.4,2014-10-19,0027,Terra,MODIS,35,6.2,305.7,28.5,D,0
-14.945,142.7018,324.6,1.9,1.3,2014-10-19,0027,Terra,MODIS,28,6.2,306.6,22.7,D,0
-15.1824,144.9845,335.9,1.3,1.1,2014-10-19,0027,Terra,MODIS,83,6.2,301.6,38.2,D,0
-14.9525,143.3949,325.8,1.7,1.3,2014-10-19,0027,Terra,MODIS,27,6.2,309.1,17.3,D,0
-14.1394,142.5519,334.6,2,1.4,2014-10-19,0027,Terra,MODIS,67,6.2,307.5,56.7,D,0
-15.0619,142.3381,356,2,1.4,2014-10-19,0027,Terra,MODIS,97,6.2,304.9,174.9,D,0
-12.8359,142.3137,333.9,2.2,1.4,2014-10-19,0027,Terra,MODIS,83,6.2,304.9,66.9,D,0
-14.3002,142.4906,326.1,2,1.4,2014-10-19,0027,Terra,MODIS,34,6.2,306.2,31.5,D,0
-15.0687,142.5255,328,2,1.4,2014-10-19,0027,Terra,MODIS,28,6.2,309.3,29.8,D,0
-15.0447,142.2968,325.6,2,1.4,2014-10-19,0027,Terra,MODIS,20,6.2,304.5,32.1,D,0
-15.0481,142.3155,335.5,2,1.4,2014-10-19,0027,Terra,MODIS,74,6.2,304.8,64.9,D,0
-14.2327,142.3268,381.9,2.1,1.4,2014-10-19,0027,Terra,MODIS,100,6.2,310.2,435.1,D,0
-12.8428,142.2854,326,2.2,1.5,2014-10-19,0027,Terra,MODIS,51,6.2,303,36.9,D,0
-14.2292,142.3075,404.4,2.1,1.4,2014-10-19,0027,Terra,MODIS,100,6.2,310.4,797.3,D,0
-15.0416,142.586,328.3,1.9,1.4,2014-10-19,0027,Terra,MODIS,64,6.2,306.9,31.7,D,0
-14.1658,142.5412,341.1,2,1.4,2014-10-19,0027,Terra,MODIS,88,6.2,307.8,92.2,D,0
-14.1113,142.5377,335.9,2,1.4,2014-10-19,0027,Terra,MODIS,84,6.2,304.9,69.2,D,0
-12.7789,143.0658,317.3,2,1.4,2014-10-19,0027,Terra,MODIS,53,6.2,298.4,20.4,D,0
-14.2154,142.5325,332.6,2,1.4,2014-10-19,0027,Terra,MODIS,66,6.2,303.9,56.7,D,0
-14.1782,142.5389,343.6,2,1.4,2014-10-19,0027,Terra,MODIS,90,6.2,304.8,102.7,D,0
-15.2817,142.8337,328.8,1.8,1.3,2014-10-19,0027,Terra,MODIS,30,6.2,312.7,22.9,D,0
-12.8626,142.3924,328,2.2,1.4,2014-10-19,0027,Terra,MODIS,70,6.2,305.3,40.1,D,0
-15.0475,142.548,331.3,1.9,1.4,2014-10-19,0027,Terra,MODIS,61,6.2,308.7,37,D,0
-15.046,143.4031,330.8,1.7,1.3,2014-10-19,0027,Terra,MODIS,77,6.2,310.6,28.1,D,0
-12.9018,142.317,357.9,2.2,1.4,2014-10-19,0027,Terra,MODIS,99,6.2,305.5,216.7,D,0
-12.9053,142.3372,334.4,2.2,1.4,2014-10-19,0027,Terra,MODIS,77,6.2,304.3,63.2,D,0
-12.8335,142.3081,325.5,2.2,1.4,2014-10-19,0027,Terra,MODIS,53,6.2,304.5,32.7,D,0
-15.0563,143.4646,347.6,1.7,1.3,2014-10-19,0027,Terra,MODIS,92,6.2,310.9,88.4,D,0
-15.0506,142.566,333.8,1.9,1.4,2014-10-19,0027,Terra,MODIS,73,6.2,307.8,48.3,D,0
-14.2578,142.3222,323.9,2.1,1.4,2014-10-19,0027,Terra,MODIS,47,6.2,305,25.2,D,0
-15.0711,142.3171,340.4,2,1.4,2014-10-19,0027,Terra,MODIS,86,6.2,302.1,90.8,D,0
-12.5101,142.412,319.4,2.2,1.4,2014-10-19,0027,Terra,MODIS,41,6.2,300.6,17.8,D,0
-14.1858,142.5242,338.2,2,1.4,2014-10-19,0027,Terra,MODIS,86,6.2,305.7,76.9,D,0
-15.0714,142.3937,340.4,2,1.4,2014-10-19,0027,Terra,MODIS,86,6.2,303.5,84.9,D,0
-15.0679,142.4263,351.5,2,1.4,2014-10-19,0027,Terra,MODIS,95,6.2,307.8,139.5,D,0
-12.5137,142.4323,329.2,2.2,1.4,2014-10-19,0027,Terra,MODIS,79,6.2,301.6,53.1,D,0
-15.0638,142.3318,368.5,2,1.4,2014-10-19,0027,Terra,MODIS,100,6.2,306,279.5,D,0
-12.8759,142.3215,329.1,2.2,1.4,2014-10-19,0027,Terra,MODIS,51,6.2,304.1,42.5,D,0
-14.3435,142.4439,328.6,2,1.4,2014-10-19,0027,Terra,MODIS,69,6.2,305.5,39.6,D,0
-14.6206,144.3074,337.1,1.5,1.2,2014-10-19,0027,Terra,MODIS,85,6.2,309,41,D,0
-12.9088,142.3575,339.1,2.2,1.4,2014-10-19,0027,Terra,MODIS,87,6.2,305.6,85.8,D,0
-15.0654,142.4326,354.3,2,1.4,2014-10-19,0027,Terra,MODIS,96,6.2,308.6,155,D,0
-12.5172,142.4524,328.7,2.2,1.4,2014-10-19,0027,Terra,MODIS,79,6.2,301.1,51.4,D,0
-14.1546,142.4914,344.2,2,1.4,2014-10-19,0027,Terra,MODIS,91,6.2,301.5,121.4,D,0
-15.1935,142.8566,338.2,1.8,1.3,2014-10-19,0027,Terra,MODIS,85,6.2,310.2,61.3,D,0
-14.1625,142.5226,366.7,2,1.4,2014-10-19,0027,Terra,MODIS,100,6.2,309.5,260.5,D,0
-12.8591,142.3723,336.3,2.2,1.4,2014-10-19,0027,Terra,MODIS,85,6.2,306.1,73.7,D,0
-14.2201,142.3291,363.6,2.1,1.4,2014-10-19,0027,Terra,MODIS,100,6.2,304.9,256.5,D,0
-14.1329,142.5148,385.1,2,1.4,2014-10-19,0027,Terra,MODIS,100,6.2,308.9,469.3,D,0
-15.2112,142.8883,330.4,1.8,1.3,2014-10-19,0027,Terra,MODIS,37,6.2,309.1,30.7,D,0
-15.0562,142.4532,357.2,2,1.4,2014-10-19,0027,Terra,MODIS,98,6.2,309.1,166.4,D,0
-14.2235,142.3484,358.9,2.1,1.4,2014-10-19,0027,Terra,MODIS,99,6.2,305.6,196.5,D,0
-12.8608,142.3867,333,2.2,1.4,2014-10-19,0027,Terra,MODIS,80,6.2,305.7,58.4,D,0
-15.0588,143.4799,342.7,1.7,1.3,2014-10-19,0027,Terra,MODIS,89,6.2,310.6,68.4,D,0
-12.8572,142.3666,330,2.2,1.4,2014-10-19,0027,Terra,MODIS,62,6.2,306.1,43.3,D,0
-12.5469,141.9414,328.8,2.4,1.5,2014-10-19,0027,Terra,MODIS,64,6.2,303,59.5,D,0
-14.1362,142.5335,347.8,2,1.4,2014-10-19,0027,Terra,MODIS,93,6.2,307.1,119.8,D,0
-12.8983,142.2966,327.7,2.2,1.4,2014-10-19,0027,Terra,MODIS,66,6.2,302.6,43.8,D,0
-14.242,142.3122,341.8,2.1,1.4,2014-10-19,0027,Terra,MODIS,74,6.2,303.8,97.3,D,0
-15.0671,142.3504,333,2,1.4,2014-10-19,0027,Terra,MODIS,75,6.2,304.6,57.4,D,0
-15.0776,142.4304,332.3,2,1.4,2014-10-19,0027,Terra,MODIS,59,6.2,304.2,50.1,D,0
-15.0587,142.3195,334.7,2,1.4,2014-10-19,0027,Terra,MODIS,67,6.2,302.7,61.9,D,0
-14.2201,142.3362,346.5,2.1,1.4,2014-10-19,0027,Terra,MODIS,83,6.2,303.4,129.4,D,0
-14.1998,142.5161,374.8,2,1.4,2014-10-19,0027,Terra,MODIS,100,6.2,305.9,341.2,D,0
-14.2418,142.3052,336.7,2.1,1.4,2014-10-19,0027,Terra,MODIS,78,6.2,303,77.3,D,0
-15.0737,142.3873,327.8,2,1.4,2014-10-19,0027,Terra,MODIS,57,6.2,302.3,37.9,D,0
-15.0742,142.3358,350.5,2,1.4,2014-10-19,0027,Terra,MODIS,94,6.2,304.5,144.8,D,0
-14.1641,142.5473,334.8,2,1.4,2014-10-19,0027,Terra,MODIS,83,6.2,307.3,61,D,0
-14.2453,142.3245,339.1,2.1,1.4,2014-10-19,0027,Terra,MODIS,86,6.2,305.5,84.3,D,0
-15.2491,142.9264,342.7,1.8,1.3,2014-10-19,0027,Terra,MODIS,89,6.2,310.1,73,D,0
-14.1873,142.5181,341.1,2,1.4,2014-10-19,0027,Terra,MODIS,88,6.2,306.6,95,D,0
-14.227,142.3675,364.3,2.1,1.4,2014-10-19,0027,Terra,MODIS,100,6.2,308.8,234.6,D,0
-14.1965,142.4973,345.7,2,1.4,2014-10-19,0027,Terra,MODIS,92,6.2,300.7,121.4,D,0
-12.5157,142.4379,335,2.2,1.4,2014-10-19,0027,Terra,MODIS,85,6.2,301.4,77,D,0
-14.1238,142.5358,346,2,1.4,2014-10-19,0027,Terra,MODIS,92,6.2,305.7,112.2,D,0
-14.2166,142.3099,368,2.1,1.4,2014-10-19,0027,Terra,MODIS,100,6.2,304.9,302.5,D,0
-14.2327,142.3338,361.4,2.1,1.4,2014-10-19,0027,Terra,MODIS,100,6.2,308.2,230.7,D,0
-14.2235,142.3555,377.6,2.1,1.4,2014-10-19,0027,Terra,MODIS,100,6.2,307.7,379.8,D,0
-12.8324,142.2932,326.5,2.2,1.5,2014-10-19,0027,Terra,MODIS,60,6.2,303.7,38.6,D,0
-15.0752,143.5084,333,1.7,1.3,2014-10-19,0027,Terra,MODIS,66,6.2,309.8,34.5,D,0
-15.2434,142.9343,334.9,1.8,1.3,2014-10-19,0027,Terra,MODIS,77,6.2,308.1,46,D,0
-15.2406,142.9176,338.2,1.8,1.3,2014-10-19,0027,Terra,MODIS,85,6.2,308.8,56.3,D,0
-14.184,142.4994,342,2,1.4,2014-10-19,0027,Terra,MODIS,89,6.2,305.6,109.3,D,0
-14.1297,142.4959,337.6,2,1.4,2014-10-19,0027,Terra,MODIS,84,6.2,299.5,89.6,D,0
-14.2663,142.5161,323.7,2,1.4,2014-10-19,0027,Terra,MODIS,44,6.2,305,26.9,D,0
-15.2787,142.8167,332.5,1.8,1.3,2014-10-19,0027,Terra,MODIS,62,6.2,310.3,38.4,D,0
-12.8523,142.3317,338.4,2.2,1.4,2014-10-19,0027,Terra,MODIS,87,6.2,304.8,83,D,0
-15.0761,142.3295,333.6,2,1.4,2014-10-19,0027,Terra,MODIS,79,6.2,303.3,65.3,D,0
-15.0594,142.4713,342.5,2,1.4,2014-10-19,0027,Terra,MODIS,88,6.2,310,82.7,D,0
-15.0463,142.3218,338.4,2,1.4,2014-10-19,0027,Terra,MODIS,85,6.2,305.4,75.7,D,0
-12.8536,142.3463,330.6,2.2,1.4,2014-10-19,0027,Terra,MODIS,52,6.2,305.6,41.6,D,0
-12.7848,143.077,326.1,2,1.4,2014-10-19,0027,Terra,MODIS,75,6.2,299.5,42.9,D,0
-14.161,142.5287,355.7,2,1.4,2014-10-19,0027,Terra,MODIS,97,6.2,309,172.8,D,0
-14.1826,142.5055,342.1,2,1.4,2014-10-19,0027,Terra,MODIS,89,6.2,305.4,107.2,D,0
-12.9123,142.3777,324.3,2.2,1.4,2014-10-19,0027,Terra,MODIS,36,6.2,306,22.7,D,0
-14.1765,142.5451,358.4,2,1.4,2014-10-19,0027,Terra,MODIS,99,6.2,306.2,195.8,D,0
-15.077,142.4057,336.4,2,1.4,2014-10-19,0027,Terra,MODIS,83,6.2,303,71.1,D,0
-14.3448,142.4378,327.3,2,1.4,2014-10-19,0027,Terra,MODIS,66,6.2,306.2,34.8,D,0
-15.0431,142.3031,326.1,2,1.4,2014-10-19,0027,Terra,MODIS,32,6.2,305.4,32.1,D,0
-14.2267,142.3746,355.1,2.1,1.4,2014-10-19,0027,Terra,MODIS,97,6.2,307.9,169,D,0
-14.1486,142.5312,372.8,2,1.4,2014-10-19,0027,Terra,MODIS,100,6.2,311,313.4,D,0
-14.1932,142.4784,328.2,2,1.4,2014-10-19,0027,Terra,MODIS,52,6.2,298.3,46.6,D,0
-15.0712,142.4445,344.2,2,1.4,2014-10-19,0027,Terra,MODIS,90,6.2,306.8,96.2,D,0
-14.1592,142.504,389.8,2,1.4,2014-10-19,0027,Terra,MODIS,100,6.2,309.8,534.3,D,0
-14.2142,142.3769,359.9,2.1,1.4,2014-10-19,0027,Terra,MODIS,94,6.2,305.1,215.1,D,0
-14.2294,142.3146,417.2,2.1,1.4,2014-10-19,0027,Terra,MODIS,100,6.2,313.6,1072.2,D,0
-12.8454,142.2909,327.8,2.2,1.5,2014-10-19,0027,Terra,MODIS,75,6.2,303.7,44,D,0
-14.1889,142.5429,329.1,2,1.4,2014-10-19,0027,Terra,MODIS,55,6.2,304.3,40.4,D,0
-15.0685,142.4509,338.6,2,1.4,2014-10-19,0027,Terra,MODIS,82,6.2,306.9,67.5,D,0
-14.1578,142.5101,409.5,2,1.4,2014-10-19,0027,Terra,MODIS,100,6.2,313.7,864.1,D,0
-14.203,142.5348,383.1,2,1.4,2014-10-19,0027,Terra,MODIS,100,6.2,311.3,435.2,D,0
-14.2261,142.2951,350.3,2.1,1.4,2014-10-19,0027,Terra,MODIS,94,6.2,301,164,D,0
-14.1454,142.5125,420.4,2,1.4,2014-10-19,0027,Terra,MODIS,100,6.2,313.8,1104.1,D,0
-15.2083,142.8714,336.8,1.8,1.3,2014-10-19,0027,Terra,MODIS,82,6.2,311.1,51.4,D,0
-14.2787,142.5138,326.5,2,1.4,2014-10-19,0027,Terra,MODIS,39,6.2,305,33.8,D,0
-14.2168,142.3169,379.4,2.1,1.4,2014-10-19,0027,Terra,MODIS,100,6.2,305.8,420.4,D,0
-14.108,142.519,323.6,2,1.4,2014-10-19,0027,Terra,MODIS,53,6.2,303.3,30.5,D,0
-14.1906,142.5368,335.8,2,1.4,2014-10-19,0027,Terra,MODIS,84,6.2,305.7,68.2,D,0
-15.2663,142.9983,328.1,1.8,1.3,2014-10-19,0027,Terra,MODIS,58,6.2,309.5,23.2,D,0
-12.9735,143.1287,324.2,1.9,1.4,2014-10-19,0027,Terra,MODIS,54,6.2,302.2,33.2,D,0
-15.0614,143.4952,330.1,1.7,1.3,2014-10-19,0027,Terra,MODIS,59,6.2,308.4,28.2,D,0
-12.7818,143.0831,323.4,2,1.4,2014-10-19,0027,Terra,MODIS,71,6.2,298.4,37.2,D,0
-15.0745,142.4121,337.7,2,1.4,2014-10-19,0027,Terra,MODIS,84,6.2,303.7,75.1,D,0
-15.0732,143.5027,329.4,1.7,1.3,2014-10-19,0027,Terra,MODIS,53,6.2,309.6,23.3,D,0
-12.2826,142.6159,328.6,2.2,1.4,2014-10-19,0027,Terra,MODIS,79,6.2,297.2,53.4,D,0
-12.4143,142.8455,337.6,2.1,1.4,2014-10-19,0027,Terra,MODIS,87,6.2,296.7,91,D,0
-14.5935,144.4096,326.2,1.5,1.2,2014-10-19,0027,Terra,MODIS,35,6.2,309,15,D,0
-14.5957,144.4231,324.8,1.5,1.2,2014-10-19,0027,Terra,MODIS,40,6.2,307.7,14,D,0
-12.4111,142.8266,326.8,2.1,1.4,2014-10-19,0027,Terra,MODIS,77,6.2,294.6,47.4,D,0
-16.4595,142.3559,332,1.9,1.3,2014-10-19,0028,Terra,MODIS,51,6.2,311.7,29.1,D,0
-16.4289,142.1776,340,2,1.4,2014-10-19,0028,Terra,MODIS,63,6.2,309.6,73,D,0
-16.5068,142.0749,324.3,2,1.4,2014-10-19,0028,Terra,MODIS,46,6.2,303.5,26.3,D,0
-16.4405,142.1499,351.1,2,1.4,2014-10-19,0028,Terra,MODIS,94,6.2,307,132,D,0
-16.5142,142.1861,334.8,1.9,1.4,2014-10-19,0028,Terra,MODIS,57,6.2,308.9,46.6,D,0
-16.5047,142.1566,369.2,2,1.4,2014-10-19,0028,Terra,MODIS,100,6.2,310.1,254.1,D,0
-16.5043,142.0813,338.7,2,1.4,2014-10-19,0028,Terra,MODIS,84,6.2,305.1,74.6,D,0
-16.4437,142.1681,360.9,2,1.4,2014-10-19,0028,Terra,MODIS,100,6.2,310.6,183.7,D,0
-17.8064,144.5457,322.8,1.3,1.1,2014-10-19,0028,Terra,MODIS,23,6.2,302.8,9.3,D,0
-16.4108,142.2183,347.2,1.9,1.4,2014-10-19,0028,Terra,MODIS,92,6.2,307.4,102.7,D,0
-16.514,142.2107,333.3,1.9,1.4,2014-10-19,0028,Terra,MODIS,69,6.2,309.1,40.1,D,0
-16.4283,142.1522,339.1,2,1.4,2014-10-19,0028,Terra,MODIS,63,6.2,308,72.4,D,0
-16.5611,142.3784,328.4,1.9,1.3,2014-10-19,0028,Terra,MODIS,47,6.2,309,20.7,D,0
-16.5016,142.1385,345.7,2,1.4,2014-10-19,0028,Terra,MODIS,90,6.2,307.9,97.2,D,0
-16.4293,142.3252,332,1.9,1.3,2014-10-19,0028,Terra,MODIS,63,6.2,311.8,34.3,D,0
-16.5077,142.1501,366.7,2,1.4,2014-10-19,0028,Terra,MODIS,100,6.2,310.4,235.3,D,0
-16.4265,142.2824,370.9,1.9,1.4,2014-10-19,0028,Terra,MODIS,100,6.2,313.3,257.3,D,0
-16.4169,142.2289,380.5,1.9,1.4,2014-10-19,0028,Terra,MODIS,100,6.2,311.7,358.4,D,0
-16.4198,142.198,346,1.9,1.4,2014-10-19,0028,Terra,MODIS,87,6.2,307.8,97,D,0
-16.4263,142.3076,352.8,1.9,1.3,2014-10-19,0028,Terra,MODIS,95,6.2,312.3,127.7,D,0
-16.4232,142.2898,380.3,1.9,1.4,2014-10-19,0028,Terra,MODIS,100,6.2,313.7,352,D,0
-16.5075,142.0997,341.7,2,1.4,2014-10-19,0028,Terra,MODIS,87,6.2,307.8,85,D,0
-16.4201,142.2468,375.6,1.9,1.4,2014-10-19,0028,Terra,MODIS,100,6.2,311.4,303.3,D,0
-16.5078,142.1747,333,1.9,1.4,2014-10-19,0028,Terra,MODIS,53,6.2,308.4,37.8,D,0
-16.5146,142.4289,329.9,1.9,1.3,2014-10-19,0028,Terra,MODIS,34,6.2,311.4,26.2,D,0
-16.5535,142.3678,327,1.9,1.3,2014-10-19,0028,Terra,MODIS,21,6.2,307.9,17.2,D,0
-16.4226,142.1907,353.5,1.9,1.4,2014-10-19,0028,Terra,MODIS,96,6.2,308.8,142.6,D,0
-16.5491,142.3806,328,1.9,1.3,2014-10-19,0028,Terra,MODIS,53,6.2,309.4,19.9,D,0
-16.4297,142.3002,342.7,1.9,1.3,2014-10-19,0028,Terra,MODIS,88,6.2,312.2,71,D,0
-16.5109,142.1927,342,1.9,1.4,2014-10-19,0028,Terra,MODIS,87,6.2,308.8,75.1,D,0
-16.4664,142.366,335.9,1.9,1.3,2014-10-19,0028,Terra,MODIS,79,6.2,311.5,43.8,D,0
-16.417,142.2542,372.8,1.9,1.4,2014-10-19,0028,Terra,MODIS,100,6.2,310.9,281,D,0
-16.5256,142.1091,335.3,2,1.4,2014-10-19,0028,Terra,MODIS,60,6.2,306.4,56.7,D,0
-17.8145,144.5319,333.2,1.3,1.1,2014-10-19,0028,Terra,MODIS,80,6.2,306.3,28,D,0
-16.5174,142.2041,334.4,1.9,1.4,2014-10-19,0028,Terra,MODIS,65,6.2,309,45.3,D,0
-16.511,142.1681,340.1,1.9,1.4,2014-10-19,0028,Terra,MODIS,77,6.2,309.5,68.7,D,0
-16.4201,142.272,382.1,1.9,1.4,2014-10-19,0028,Terra,MODIS,100,6.2,312.9,373.8,D,0
-16.4233,142.2646,366.4,1.9,1.4,2014-10-19,0028,Terra,MODIS,100,6.2,311.6,221.9,D,0
-16.4139,142.2362,397.1,1.9,1.4,2014-10-19,0028,Terra,MODIS,100,6.2,314.2,572.9,D,0
-16.5101,142.0932,347.9,2,1.4,2014-10-19,0028,Terra,MODIS,92,6.2,307.6,122,D,0
-16.4681,142.1635,349.7,2,1.4,2014-10-19,0028,Terra,MODIS,93,6.2,308.9,116.9,D,0
-16.5565,142.3852,336.4,1.9,1.3,2014-10-19,0028,Terra,MODIS,82,6.2,309.5,48.2,D,0
-16.4167,142.1799,333.9,2,1.4,2014-10-19,0028,Terra,MODIS,51,6.2,305.6,48.3,D,0
-16.5224,142.0909,336.8,2,1.4,2014-10-19,0028,Terra,MODIS,82,6.2,305,66.7,D,0
-16.776,142.1726,324.9,1.9,1.4,2014-10-19,0028,Terra,MODIS,51,6.2,309.8,19.4,D,0
-16.7522,142.2756,329.8,1.9,1.3,2014-10-19,0028,Terra,MODIS,63,6.2,309.7,24.2,D,0
-16.7402,142.2779,365.7,1.9,1.3,2014-10-19,0028,Terra,MODIS,100,6.2,315.1,213.2,D,0
-16.7433,142.2954,328.5,1.9,1.3,2014-10-19,0028,Terra,MODIS,67,6.2,310.9,20.4,D,0
-16.7281,142.2801,345.5,1.9,1.3,2014-10-19,0028,Terra,MODIS,90,6.2,311.8,87,D,0
-16.7698,142.1623,330.4,1.9,1.4,2014-10-19,0028,Terra,MODIS,74,6.2,310,36.5,D,0
-16.8549,142.1946,332.8,1.9,1.3,2014-10-19,0028,Terra,MODIS,68,6.2,308.8,44,D,0
-16.741,142.4212,332.3,1.8,1.3,2014-10-19,0028,Terra,MODIS,77,6.2,310.8,35.6,D,0
-16.6209,142.2949,328.5,1.9,1.3,2014-10-19,0028,Terra,MODIS,31,6.2,311.7,21.8,D,0
-16.718,142.3959,339.1,1.9,1.3,2014-10-19,0028,Terra,MODIS,78,6.2,309.9,61.1,D,0
-16.721,142.4131,352.8,1.9,1.3,2014-10-19,0028,Terra,MODIS,95,6.2,313,125.1,D,0
-16.7477,142.4259,335.6,1.8,1.3,2014-10-19,0028,Terra,MODIS,81,6.2,311.2,45.9,D,0
-16.726,142.4062,332.2,1.9,1.3,2014-10-19,0028,Terra,MODIS,76,6.2,311.1,37,D,0
-16.6728,142.2783,328.4,1.9,1.3,2014-10-19,0028,Terra,MODIS,32,6.2,311.2,24.5,D,0
-16.6272,142.232,330.8,1.9,1.4,2014-10-19,0028,Terra,MODIS,47,6.2,310.7,34,D,0
-16.624,142.2142,339.3,1.9,1.4,2014-10-19,0028,Terra,MODIS,85,6.2,310.1,71.4,D,0
-16.7179,142.2516,344,1.9,1.3,2014-10-19,0028,Terra,MODIS,89,6.2,310.2,82.3,D,0
-16.6666,142.2429,345.4,1.9,1.3,2014-10-19,0028,Terra,MODIS,90,6.2,310.1,87.8,D,0
-16.6393,142.2297,339.5,1.9,1.4,2014-10-19,0028,Terra,MODIS,85,6.2,312.4,67.9,D,0
-16.6361,142.2119,353,1.9,1.4,2014-10-19,0028,Terra,MODIS,96,6.2,313.4,141,D,0
-16.6634,142.2252,353.6,1.9,1.4,2014-10-19,0028,Terra,MODIS,96,6.2,310.2,137.3,D,0
-16.6482,142.2096,360,1.9,1.4,2014-10-19,0028,Terra,MODIS,99,6.2,308.9,184,D,0
-16.6603,142.2074,338.9,1.9,1.4,2014-10-19,0028,Terra,MODIS,72,6.2,306.6,67.7,D,0
-16.6514,142.2274,345.7,1.9,1.4,2014-10-19,0028,Terra,MODIS,90,6.2,309.8,90.5,D,0
-16.7118,142.216,335.6,1.9,1.4,2014-10-19,0028,Terra,MODIS,67,6.2,306,56.9,D,0
-16.7149,142.2338,350.6,1.9,1.3,2014-10-19,0028,Terra,MODIS,94,6.2,308.9,121.6,D,0
-16.7098,142.2471,345.9,1.9,1.3,2014-10-19,0028,Terra,MODIS,91,6.2,312.6,92.6,D,0
-16.7066,142.2294,344.8,1.9,1.3,2014-10-19,0028,Terra,MODIS,89,6.2,310.7,92.5,D,0
-16.6972,142.4176,341.7,1.9,1.3,2014-10-19,0028,Terra,MODIS,87,6.2,311.3,69.7,D,0
-16.6759,142.2959,328.7,1.9,1.3,2014-10-19,0028,Terra,MODIS,62,6.2,310.2,29,D,0
-16.6852,142.4198,335.6,1.9,1.3,2014-10-19,0028,Terra,MODIS,76,6.2,311.1,45.6,D,0
-16.7339,142.2426,339.1,1.9,1.3,2014-10-19,0028,Terra,MODIS,82,6.2,305.8,63.7,D,0
-16.737,142.2603,388.2,1.9,1.3,2014-10-19,0028,Terra,MODIS,100,6.2,315.9,438.6,D,0
-16.9349,142.2648,335,1.9,1.3,2014-10-19,0028,Terra,MODIS,81,6.2,310.9,50.5,D,0
-16.9318,142.2473,339.1,1.9,1.3,2014-10-19,0028,Terra,MODIS,85,6.2,309.2,68,D,0
-16.9198,142.2495,328.2,1.9,1.3,2014-10-19,0028,Terra,MODIS,66,6.2,309,29.7,D,0
-16.7491,142.258,333.9,1.9,1.3,2014-10-19,0028,Terra,MODIS,76,6.2,308.7,40.1,D,0
-16.825,142.2368,328.8,1.9,1.3,2014-10-19,0028,Terra,MODIS,63,6.2,309.6,28.8,D,0
-16.8731,142.2277,328.9,1.9,1.3,2014-10-19,0028,Terra,MODIS,63,6.2,311.5,29,D,0
-16.6329,142.194,361.6,1.9,1.4,2014-10-19,0028,Terra,MODIS,100,6.2,309.4,203.3,D,0
-16.8701,142.21,327.6,1.9,1.3,2014-10-19,0028,Terra,MODIS,58,6.2,310.7,26.8,D,0
-22.8759,148.9573,321.5,1.1,1.1,2014-10-19,0029,Terra,MODIS,37,6.2,304.7,8.4,D,0
-21.6542,149.0242,378.9,1.1,1,2014-10-19,0029,Terra,MODIS,94,6.2,303.1,164.5,D,0
-21.6556,149.0347,340.3,1.1,1,2014-10-19,0029,Terra,MODIS,83,6.2,296.6,43.8,D,0
-20.6895,143.2718,330.5,1.4,1.2,2014-10-19,0029,Terra,MODIS,68,6.2,312.7,18,D,0
-20.7035,143.2284,340.2,1.4,1.2,2014-10-19,0029,Terra,MODIS,84,6.2,314.2,40.4,D,0
-24.1419,150.6364,320,1.4,1.2,2014-10-19,0029,Terra,MODIS,46,6.2,303.5,17.1,D,0
-22.8386,145.506,347.4,1,1,2014-10-19,0029,Terra,MODIS,92,6.2,311.6,44.3,D,0
-22.8462,145.4943,333.6,1,1,2014-10-19,0029,Terra,MODIS,78,6.2,307.7,18.8,D,0
-22.8477,145.5043,360,1,1,2014-10-19,0029,Terra,MODIS,99,6.2,311.4,74.4,D,0
-22.8402,145.516,336.9,1,1,2014-10-19,0029,Terra,MODIS,82,6.2,309.2,24.8,D,0
-24.7799,148.3288,319.7,1.1,1,2014-10-19,0030,Terra,MODIS,51,6.2,302.9,9.5,D,0
-25.5192,150.8401,324.9,1.5,1.2,2014-10-19,0030,Terra,MODIS,71,6.2,302.9,25.6,D,0
-25.0898,148.5213,319.3,1.1,1.1,2014-10-19,0030,Terra,MODIS,54,6.2,302.9,8.5,D,0
-24.9694,148.2304,320.2,1.1,1,2014-10-19,0030,Terra,MODIS,55,6.2,298.1,13.6,D,0
-24.96,148.2318,325.3,1.1,1,2014-10-19,0030,Terra,MODIS,73,6.2,299.8,19.4,D,0
-30.9539,152.8346,319.5,2.5,1.5,2014-10-19,0031,Terra,MODIS,72,6.2,293.9,51.4,D,0
-30.9602,152.8285,316.7,2.5,1.5,2014-10-19,0031,Terra,MODIS,67,6.2,293.8,38,D,0
-30.8758,146.1786,322.9,1,1,2014-10-19,0031,Terra,MODIS,44,6.2,309.7,7.3,D,0
-37.9008,145.2429,308.2,1.1,1.1,2014-10-19,0033,Terra,MODIS,48,6.2,291,3.2,D,0
-12.4672,131.0151,321.7,2.3,1.5,2014-10-19,0205,Terra,MODIS,62,6.2,294.6,32.5,D,0
-12.7776,132.9575,323.6,3.3,1.7,2014-10-19,0205,Terra,MODIS,61,6.2,302.8,54.1,D,0
-12.4678,132.8938,325.5,3.2,1.7,2014-10-19,0205,Terra,MODIS,0,6.2,302.5,54.2,D,0
-12.5246,131.8265,319,2.6,1.6,2014-10-19,0205,Terra,MODIS,23,6.2,294.8,25.5,D,0
-12.774,132.9518,327.6,3.3,1.7,2014-10-19,0205,Terra,MODIS,73,6.2,302.7,77.9,D,0
-12.5386,131.8248,325.4,2.6,1.6,2014-10-19,0205,Terra,MODIS,66,6.2,297.9,46.9,D,0
-13.0572,130.3113,342.5,2.1,1.4,2014-10-19,0205,Terra,MODIS,88,6.2,305.6,93.7,D,0
-13.0216,132.8522,331.2,3.2,1.7,2014-10-19,0205,Terra,MODIS,78,6.2,305.2,96.8,D,0
-13.7786,132.6171,328.3,3.2,1.7,2014-10-19,0205,Terra,MODIS,50,6.2,312.5,47.5,D,0
-13.7814,132.6236,330.5,3.2,1.7,2014-10-19,0205,Terra,MODIS,59,6.2,312.1,58.1,D,0
-12.9024,130.537,327.1,2.1,1.4,2014-10-19,0205,Terra,MODIS,67,6.2,301.1,41.7,D,0
-11.732,130.5497,330,2,1.4,2014-10-19,0205,Terra,MODIS,79,6.2,298.3,52.7,D,0
-17.1822,130.3625,334,2.4,1.5,2014-10-19,0206,Terra,MODIS,64,6.2,316,38,D,0
-16.8321,123.1196,345.4,1,1,2014-10-19,0206,Terra,MODIS,68,6.2,309.3,33.6,D,0
-16.655,122.9208,356.9,1,1,2014-10-19,0206,Terra,MODIS,98,6.2,313.3,59.5,D,0
-16.6717,122.9086,333,1,1,2014-10-19,0206,Terra,MODIS,52,6.2,309.1,14.1,D,0
-16.8252,123.1363,340,1,1,2014-10-19,0206,Terra,MODIS,67,6.2,310.6,27.9,D,0
-16.8335,123.1289,338.6,1,1,2014-10-19,0206,Terra,MODIS,56,6.2,312.6,20.7,D,0
-17.0401,130.2353,337.2,2.3,1.5,2014-10-19,0206,Terra,MODIS,78,6.2,313.9,65.6,D,0
-17.0362,130.2301,330.6,2.3,1.5,2014-10-19,0206,Terra,MODIS,43,6.2,313.3,38.5,D,0
-17.0495,130.2285,357.4,2.3,1.5,2014-10-19,0206,Terra,MODIS,98,6.2,314,207.6,D,0
-17.2,130.5211,333.1,2.4,1.5,2014-10-19,0206,Terra,MODIS,73,6.2,311.7,52.6,D,0
-16.664,122.9194,348.3,1,1,2014-10-19,0206,Terra,MODIS,91,6.2,313.9,38.8,D,0
-16.8411,123.1182,357.7,1,1,2014-10-19,0206,Terra,MODIS,98,6.2,311.2,59.9,D,0
-16.8425,123.1275,346.2,1,1,2014-10-19,0206,Terra,MODIS,90,6.2,314,33.5,D,0
-16.6821,122.9165,336.6,1,1,2014-10-19,0206,Terra,MODIS,66,6.2,313.5,19.5,D,0
-17.3194,130.409,332.7,2.4,1.5,2014-10-19,0206,Terra,MODIS,60,6.2,314.6,45.5,D,0
-16.6731,122.9179,348.7,1,1,2014-10-19,0206,Terra,MODIS,92,6.2,314.7,39.9,D,0
-16.3524,123.9906,327.7,1,1,2014-10-19,0206,Terra,MODIS,49,6.2,309.3,11.7,D,0
-15.8777,128.3879,332.1,1.6,1.3,2014-10-19,0206,Terra,MODIS,60,6.2,318.1,19.8,D,0
-17.1957,130.3609,332.4,2.4,1.5,2014-10-19,0206,Terra,MODIS,47,6.2,314,29.6,D,0
-16.4252,128.2021,338.5,1.6,1.2,2014-10-19,0206,Terra,MODIS,38,6.2,315.2,40.7,D,0
-17.1698,130.252,333.3,2.3,1.5,2014-10-19,0206,Terra,MODIS,74,6.2,313.7,46.3,D,0
-17.2177,130.353,333,2.4,1.5,2014-10-19,0206,Terra,MODIS,59,6.2,315.3,34,D,0
-17.2153,130.3307,331.4,2.4,1.5,2014-10-19,0206,Terra,MODIS,53,6.2,312.5,29.2,D,0
-17.2043,130.3545,346.1,2.4,1.5,2014-10-19,0206,Terra,MODIS,90,6.2,314.1,104.6,D,0
-16.944,124.6499,339.4,1,1,2014-10-19,0206,Terra,MODIS,82,6.2,312.6,22.2,D,0
-16.9426,124.6401,333.9,1,1,2014-10-19,0206,Terra,MODIS,73,6.2,312.2,12.4,D,0
-17.2019,130.3322,354.4,2.4,1.5,2014-10-19,0206,Terra,MODIS,96,6.2,312.9,170.6,D,0
-17.1931,130.3386,348.6,2.4,1.5,2014-10-19,0206,Terra,MODIS,92,6.2,313.5,129,D,0
-14.254,127.0249,333.6,1.3,1.1,2014-10-19,0206,Terra,MODIS,63,6.2,312.5,15.1,D,0
-14.4011,127.1346,337.3,1.3,1.1,2014-10-19,0206,Terra,MODIS,77,6.2,315.2,25.5,D,0
-14.4112,127.1332,355.5,1.3,1.1,2014-10-19,0206,Terra,MODIS,97,6.2,315.6,77.4,D,0
-14.4096,127.1214,342.5,1.3,1.1,2014-10-19,0206,Terra,MODIS,86,6.2,312.9,38.1,D,0
-16.8542,124.5997,349.3,1,1,2014-10-19,0206,Terra,MODIS,92,6.2,316.3,42.7,D,0
-16.8597,124.6386,365.6,1,1,2014-10-19,0206,Terra,MODIS,100,6.2,317.9,84.8,D,0
-16.9275,130.6419,380.5,2.5,1.5,2014-10-19,0206,Terra,MODIS,100,6.2,310.9,495.2,D,0
-16.9224,130.5959,373.4,2.5,1.5,2014-10-19,0206,Terra,MODIS,100,6.2,301.4,413.3,D,0
-16.9138,130.6435,382.2,2.5,1.5,2014-10-19,0206,Terra,MODIS,100,6.2,311.5,513.5,D,0
-16.8611,124.6483,376.8,1,1,2014-10-19,0206,Terra,MODIS,100,6.2,318.6,126.7,D,0
-16.8625,124.6581,332.6,1,1,2014-10-19,0206,Terra,MODIS,22,6.2,313.8,11.7,D,0
-16.8678,124.6413,350.5,1,1,2014-10-19,0206,Terra,MODIS,93,6.2,318.3,42.8,D,0
-16.8692,124.651,353.5,1,1,2014-10-19,0206,Terra,MODIS,95,6.2,318.5,51.3,D,0
-15.5411,125.3975,345.5,1.1,1,2014-10-19,0206,Terra,MODIS,89,6.2,308,44.1,D,0
-16.9088,130.5976,344.3,2.5,1.5,2014-10-19,0206,Terra,MODIS,63,6.2,310.6,117.4,D,0
-16.9002,130.6453,342.8,2.5,1.5,2014-10-19,0206,Terra,MODIS,87,6.2,311.1,86.8,D,0
-16.8816,130.6012,335.7,2.5,1.5,2014-10-19,0206,Terra,MODIS,60,6.2,314,53.4,D,0
-16.9068,130.65,370.3,2.5,1.5,2014-10-19,0206,Terra,MODIS,100,6.2,312.1,339.1,D,0
-15.5491,125.3863,342.1,1.1,1,2014-10-19,0206,Terra,MODIS,68,6.2,311,34.9,D,0
-15.5505,125.3965,358.5,1.1,1,2014-10-19,0206,Terra,MODIS,99,6.2,314.6,75.1,D,0
-15.5519,125.4063,328.9,1.1,1,2014-10-19,0206,Terra,MODIS,32,6.2,309.8,14.2,D,0
-15.5598,125.395,333.2,1.1,1,2014-10-19,0206,Terra,MODIS,57,6.2,311.9,18.4,D,0
-14.4218,127.06,327.4,1.3,1.1,2014-10-19,0206,Terra,MODIS,18,6.2,310.9,11.8,D,0
-14.4203,127.0483,356.1,1.3,1.1,2014-10-19,0206,Terra,MODIS,97,6.2,313.5,81.5,D,0
-17.4413,128.4779,346.8,1.7,1.3,2014-10-19,0206,Terra,MODIS,90,6.2,314.8,81.3,D,0
-17.4433,128.4943,331.6,1.7,1.3,2014-10-19,0206,Terra,MODIS,47,6.2,314.8,22.4,D,0
-17.4549,128.4924,353,1.7,1.3,2014-10-19,0206,Terra,MODIS,95,6.2,316.7,107.4,D,0
-17.4489,128.4704,344.1,1.7,1.3,2014-10-19,0206,Terra,MODIS,87,6.2,313.9,67,D,0
-17.4509,128.487,356.4,1.7,1.3,2014-10-19,0206,Terra,MODIS,97,6.2,316.9,125.3,D,0
-17.0026,130.6267,329,2.5,1.5,2014-10-19,0206,Terra,MODIS,62,6.2,311.5,44.9,D,0
-17.0001,130.6034,327,2.5,1.5,2014-10-19,0206,Terra,MODIS,48,6.2,309.6,40.8,D,0
-14.2609,127.2265,334.8,1.3,1.1,2014-10-19,0206,Terra,MODIS,43,6.2,314.2,20.9,D,0
-14.3113,127.2258,347.1,1.3,1.1,2014-10-19,0206,Terra,MODIS,90,6.2,312.5,51.4,D,0
-14.244,127.0264,344.5,1.3,1.1,2014-10-19,0206,Terra,MODIS,88,6.2,313.2,40.1,D,0
-16.8702,124.5914,342,1,1,2014-10-19,0206,Terra,MODIS,85,6.2,317.1,26,D,0
-16.861,124.5927,344,1,1,2014-10-19,0206,Terra,MODIS,87,6.2,316.7,30.6,D,0
-16.8528,124.5901,339,1,1,2014-10-19,0206,Terra,MODIS,76,6.2,312.9,23.5,D,0
-16.5707,126.8344,354.7,1.3,1.1,2014-10-19,0206,Terra,MODIS,96,6.2,322.7,68.6,D,0
-16.6164,126.8655,339,1.3,1.1,2014-10-19,0206,Terra,MODIS,39,6.2,321.2,22.8,D,0
-16.6223,126.8466,341.6,1.3,1.1,2014-10-19,0206,Terra,MODIS,75,6.2,320.3,27.9,D,0
-16.6238,126.8587,337.7,1.3,1.1,2014-10-19,0206,Terra,MODIS,38,6.2,320.4,19.7,D,0
-16.558,127.2764,340.5,1.4,1.2,2014-10-19,0206,Terra,MODIS,47,6.2,313.8,34.2,D,0
-16.5563,127.2634,353,1.4,1.2,2014-10-19,0206,Terra,MODIS,95,6.2,311.6,78.2,D,0
-17.4223,128.6151,335.4,1.8,1.3,2014-10-19,0206,Terra,MODIS,62,6.2,318.4,30.1,D,0
-16.5546,127.2505,342.6,1.4,1.2,2014-10-19,0206,Terra,MODIS,86,6.2,310,48.9,D,0
-16.5508,127.3038,338.3,1.4,1.2,2014-10-19,0206,Terra,MODIS,28,6.2,318.3,26.1,D,0
-14.7422,126.792,332.3,1.2,1.1,2014-10-19,0206,Terra,MODIS,53,6.2,317.2,14.8,D,0
-16.6254,126.8709,347.9,1.3,1.1,2014-10-19,0206,Terra,MODIS,90,6.2,318.4,46.9,D,0
-16.5492,127.2907,372.4,1.4,1.2,2014-10-19,0206,Terra,MODIS,100,6.2,320.6,163.5,D,0
-16.5475,127.2777,360.5,1.4,1.2,2014-10-19,0206,Terra,MODIS,100,6.2,318.5,103.3,D,0
-16.5458,127.2648,342.2,1.4,1.2,2014-10-19,0206,Terra,MODIS,83,6.2,315.5,41.6,D,0
-16.5441,127.2521,340.9,1.4,1.2,2014-10-19,0206,Terra,MODIS,84,6.2,315,41.8,D,0
-16.5488,127.3708,334.7,1.4,1.2,2014-10-19,0206,Terra,MODIS,69,6.2,317.5,22.1,D,0
-16.5437,127.3313,337.8,1.4,1.2,2014-10-19,0206,Terra,MODIS,53,6.2,317.5,26.5,D,0
-16.5386,127.2921,339.3,1.4,1.2,2014-10-19,0206,Terra,MODIS,49,6.2,320.3,30.9,D,0
-16.5365,127.3589,339.1,1.4,1.2,2014-10-19,0206,Terra,MODIS,57,6.2,319,30.4,D,0
-16.5348,127.3459,356.7,1.4,1.2,2014-10-19,0206,Terra,MODIS,97,6.2,319.4,90.5,D,0
-16.5691,126.8221,361.7,1.3,1.1,2014-10-19,0206,Terra,MODIS,100,6.2,320.3,97.5,D,0
-16.3712,128.2254,332.3,1.6,1.2,2014-10-19,0206,Terra,MODIS,59,6.2,318.6,25.2,D,0
-16.4286,128.2274,346.5,1.6,1.2,2014-10-19,0206,Terra,MODIS,90,6.2,318,70.9,D,0
-14.3953,126.8647,329.8,1.2,1.1,2014-10-19,0206,Terra,MODIS,56,6.2,311.7,13.3,D,0
-15.6224,130.548,336.3,2.3,1.5,2014-10-19,0206,Terra,MODIS,81,6.2,308.3,73.6,D,0
-15.6184,130.5429,330.5,2.3,1.5,2014-10-19,0206,Terra,MODIS,72,6.2,309,48.9,D,0
-15.6208,130.5646,326.1,2.3,1.5,2014-10-19,0206,Terra,MODIS,60,6.2,307.9,31.6,D,0
-15.9796,125.8435,333,1.1,1.1,2014-10-19,0206,Terra,MODIS,66,6.2,314.3,18.9,D,0
-15.9781,125.8329,335.1,1.1,1.1,2014-10-19,0206,Terra,MODIS,76,6.2,311.8,23.8,D,0
-15.9715,125.8555,336.5,1.1,1.1,2014-10-19,0206,Terra,MODIS,61,6.2,316,22.8,D,0
-16.9753,130.6298,349,2.5,1.5,2014-10-19,0206,Terra,MODIS,92,6.2,307.1,160.5,D,0
-16.9728,130.6066,403.8,2.5,1.5,2014-10-19,0206,Terra,MODIS,100,6.2,310.6,974.7,D,0
-16.9616,130.6313,331,2.5,1.5,2014-10-19,0206,Terra,MODIS,39,6.2,310.6,49,D,0
-15.97,125.8449,358.7,1.1,1.1,2014-10-19,0206,Terra,MODIS,99,6.2,314,79,D,0
-15.9686,125.8343,345,1.1,1.1,2014-10-19,0206,Terra,MODIS,88,6.2,310.1,43.7,D,0
-16.5572,127.4368,344,1.4,1.2,2014-10-19,0206,Terra,MODIS,50,6.2,318.9,44.1,D,0
-16.6032,127.4575,336.2,1.4,1.2,2014-10-19,0206,Terra,MODIS,57,6.2,318.8,23.8,D,0
-16.5981,127.4654,334.9,1.4,1.2,2014-10-19,0206,Terra,MODIS,44,6.2,318.3,21.2,D,0
-16.6088,127.4639,334.2,1.4,1.2,2014-10-19,0206,Terra,MODIS,56,6.2,318.2,19.4,D,0
-14.3097,127.2138,347.5,1.3,1.1,2014-10-19,0206,Terra,MODIS,91,6.2,315.1,50.7,D,0
-16.7067,129.6087,340.6,2.1,1.4,2014-10-19,0206,Terra,MODIS,78,6.2,311.6,73.6,D,0
-16.7045,129.5897,359.1,2,1.4,2014-10-19,0206,Terra,MODIS,99,6.2,313,185.1,D,0
-16.692,129.5911,340.1,2,1.4,2014-10-19,0206,Terra,MODIS,82,6.2,314.4,65.4,D,0
-16.6882,129.67,344.7,2.1,1.4,2014-10-19,0206,Terra,MODIS,89,6.2,314.5,86.9,D,0
-16.686,129.6505,354.8,2.1,1.4,2014-10-19,0206,Terra,MODIS,96,6.2,316.1,145.3,D,0
-16.6854,129.6573,364.5,2.1,1.4,2014-10-19,0206,Terra,MODIS,100,6.2,317.1,218.3,D,0
-16.9592,130.6082,367.5,2.5,1.5,2014-10-19,0206,Terra,MODIS,100,6.2,310.7,349,D,0
-16.9932,130.6111,333.1,2.5,1.5,2014-10-19,0206,Terra,MODIS,38,6.2,309.5,63.5,D,0
-16.9795,130.6127,359.7,2.5,1.5,2014-10-19,0206,Terra,MODIS,99,6.2,305.7,262.5,D,0
-16.9659,130.6142,401,2.5,1.5,2014-10-19,0206,Terra,MODIS,100,6.2,314.7,911.9,D,0
-16.9522,130.6157,349.4,2.5,1.5,2014-10-19,0206,Terra,MODIS,93,6.2,306.7,171.1,D,0
-16.9411,130.6403,347.6,2.5,1.5,2014-10-19,0206,Terra,MODIS,91,6.2,303.3,136.9,D,0
-16.9386,130.6173,344.2,2.5,1.5,2014-10-19,0206,Terra,MODIS,77,6.2,295.7,127.4,D,0
-16.5943,127.0967,339,1.4,1.2,2014-10-19,0206,Terra,MODIS,79,6.2,318,34.3,D,0
-16.5839,127.0979,328.3,1.4,1.2,2014-10-19,0206,Terra,MODIS,16,6.2,316,11.9,D,0
-16.6073,127.198,332.3,1.4,1.2,2014-10-19,0206,Terra,MODIS,69,6.2,316.1,21.2,D,0
-16.6057,127.1853,363.7,1.4,1.2,2014-10-19,0206,Terra,MODIS,100,6.2,316.9,124.7,D,0
-16.9633,130.5913,359,2.5,1.5,2014-10-19,0206,Terra,MODIS,99,6.2,304.1,258.9,D,0
-16.936,130.5945,347.4,2.5,1.5,2014-10-19,0206,Terra,MODIS,83,6.2,297.8,156.1,D,0
-16.8791,130.578,336.9,2.4,1.5,2014-10-19,0206,Terra,MODIS,72,6.2,312.9,65.1,D,0
-16.8852,130.5829,349.8,2.4,1.5,2014-10-19,0206,Terra,MODIS,93,6.2,312.9,150,D,0
-17.132,130.5287,346.4,2.4,1.5,2014-10-19,0206,Terra,MODIS,90,6.2,311.9,134.1,D,0
-14.4332,126.9932,339.3,1.3,1.1,2014-10-19,0206,Terra,MODIS,78,6.2,314.8,30.6,D,0
-14.434,126.999,339.3,1.3,1.1,2014-10-19,0206,Terra,MODIS,70,6.2,316,26.7,D,0
-14.4155,127.0134,335.9,1.3,1.1,2014-10-19,0206,Terra,MODIS,71,6.2,318.6,20.1,D,0
-17.0652,130.2488,330.4,2.3,1.5,2014-10-19,0206,Terra,MODIS,31,6.2,310.1,39.3,D,0
-17.0519,130.2503,348.8,2.3,1.5,2014-10-19,0206,Terra,MODIS,92,6.2,314.2,138.6,D,0
-14.2533,127.0191,330.9,1.3,1.1,2014-10-19,0206,Terra,MODIS,46,6.2,310.8,10.9,D,0
-14.2424,127.0148,336.8,1.3,1.1,2014-10-19,0206,Terra,MODIS,72,6.2,311,20.5,D,0
-14.5185,126.9463,340.7,1.3,1.1,2014-10-19,0206,Terra,MODIS,84,6.2,309.6,37.1,D,0
-14.5178,126.9401,342,1.3,1.1,2014-10-19,0206,Terra,MODIS,86,6.2,310.2,41.6,D,0
-17.1296,130.5059,352.2,2.4,1.5,2014-10-19,0206,Terra,MODIS,95,6.2,314,173.2,D,0
-17.1383,130.5346,330.5,2.4,1.5,2014-10-19,0206,Terra,MODIS,63,6.2,311,40,D,0
-17.1357,130.5118,356,2.4,1.5,2014-10-19,0206,Terra,MODIS,97,6.2,314.3,205.7,D,0
-17.1247,130.5363,333.3,2.4,1.5,2014-10-19,0206,Terra,MODIS,66,6.2,311.4,48.3,D,0
-17.5325,128.4776,381,1.7,1.3,2014-10-19,0206,Terra,MODIS,100,6.2,318.5,307.9,D,0
-17.5305,128.4613,397.6,1.7,1.3,2014-10-19,0206,Terra,MODIS,100,6.2,319.9,491,D,0
-17.5285,128.4449,371.1,1.7,1.3,2014-10-19,0206,Terra,MODIS,100,6.2,315.8,227.7,D,0
-14.6615,126.798,332.7,1.2,1.1,2014-10-19,0206,Terra,MODIS,56,6.2,317.1,14.8,D,0
-17.5228,128.4952,335.8,1.7,1.3,2014-10-19,0206,Terra,MODIS,77,6.2,316.3,37.3,D,0
-17.5208,128.4789,377,1.7,1.3,2014-10-19,0206,Terra,MODIS,100,6.2,324,273.1,D,0
-17.5189,128.4626,385.9,1.7,1.3,2014-10-19,0206,Terra,MODIS,100,6.2,323.5,357,D,0
-17.5112,128.4966,358.6,1.7,1.3,2014-10-19,0206,Terra,MODIS,99,6.2,319,132.9,D,0
-17.5092,128.4801,365,1.7,1.3,2014-10-19,0206,Terra,MODIS,100,6.2,322,174.9,D,0
-17.5072,128.4636,354.6,1.7,1.3,2014-10-19,0206,Terra,MODIS,96,6.2,316.9,114.7,D,0
-17.1222,130.5134,340.4,2.4,1.5,2014-10-19,0206,Terra,MODIS,84,6.2,313.3,84.2,D,0
-17.1112,130.5381,346.2,2.4,1.5,2014-10-19,0206,Terra,MODIS,90,6.2,313.7,128.7,D,0
-17.0976,130.5397,329.4,2.4,1.5,2014-10-19,0206,Terra,MODIS,50,6.2,312.7,37.4,D,0
-17.5034,128.5308,338.9,1.8,1.3,2014-10-19,0206,Terra,MODIS,73,6.2,318.3,44.1,D,0
-17.5014,128.5141,348.3,1.7,1.3,2014-10-19,0206,Terra,MODIS,91,6.2,315.9,81.1,D,0
-17.4995,128.498,367.1,1.7,1.3,2014-10-19,0206,Terra,MODIS,100,6.2,321.7,189.6,D,0
-17.4975,128.4814,338.1,1.7,1.3,2014-10-19,0206,Terra,MODIS,64,6.2,317.4,41.8,D,0
-16.5755,129.7155,334,2.1,1.4,2014-10-19,0206,Terra,MODIS,49,6.2,315.5,38.3,D,0
-16.438,128.2106,353.5,1.6,1.2,2014-10-19,0206,Terra,MODIS,95,6.2,315.8,103,D,0
-16.4267,128.212,364.2,1.6,1.2,2014-10-19,0206,Terra,MODIS,100,6.2,321.1,157.3,D,0
-16.4273,128.2182,371.2,1.6,1.2,2014-10-19,0206,Terra,MODIS,100,6.2,321.7,199.8,D,0
-15.9993,133.8935,334.1,4.3,1.9,2014-10-19,0206,Terra,MODIS,61,6.2,309.3,143.4,D,0
-16.0018,133.8882,334.7,4.3,1.9,2014-10-19,0206,Terra,MODIS,64,6.2,309.8,150.5,D,0
-16.2863,134.0428,324.4,4.4,1.9,2014-10-19,0206,Terra,MODIS,33,6.2,305.9,74.7,D,0
-14.929,125.8284,330,1.1,1.1,2014-10-19,0206,Terra,MODIS,64,6.2,311.8,14.7,D,0
-16.012,134.174,329.7,4.5,1.9,2014-10-19,0206,Terra,MODIS,71,6.2,310.1,124.5,D,0
-14.6911,126.7873,340.4,1.2,1.1,2014-10-19,0206,Terra,MODIS,84,6.2,316.8,30.4,D,0
-15.9239,126.1087,342.8,1.2,1.1,2014-10-19,0206,Terra,MODIS,36,6.2,316.9,28.9,D,0
-15.5643,126.02,346.4,1.1,1.1,2014-10-19,0206,Terra,MODIS,90,6.2,319.9,41.7,D,0
-15.6851,125.5662,330.9,1.1,1,2014-10-19,0206,Terra,MODIS,68,6.2,310.9,16,D,0
-15.9904,133.9753,333,4.3,1.9,2014-10-19,0206,Terra,MODIS,55,6.2,311.6,132,D,0
-15.9389,125.9033,345.1,1.1,1.1,2014-10-19,0206,Terra,MODIS,88,6.2,314.7,40.1,D,0
-15.9403,125.914,341.5,1.1,1.1,2014-10-19,0206,Terra,MODIS,79,6.2,316.6,30.5,D,0
-15.9485,125.9019,359.2,1.1,1.1,2014-10-19,0206,Terra,MODIS,99,6.2,318.4,76.9,D,0
-15.9499,125.9126,340.7,1.1,1.1,2014-10-19,0206,Terra,MODIS,68,6.2,318,26.7,D,0
-15.4967,125.533,339.3,1.1,1,2014-10-19,0206,Terra,MODIS,35,6.2,314.9,24.3,D,0
-15.4859,125.5242,331.5,1.1,1,2014-10-19,0206,Terra,MODIS,59,6.2,312.7,16,D,0
-15.4953,125.5228,354.4,1.1,1,2014-10-19,0206,Terra,MODIS,96,6.2,315.9,60.1,D,0
-15.5032,125.5113,345.8,1.1,1,2014-10-19,0206,Terra,MODIS,80,6.2,311.8,39.6,D,0
-15.5046,125.5215,348.4,1.1,1,2014-10-19,0206,Terra,MODIS,84,6.2,314.2,43.6,D,0
-15.5126,125.51,348.5,1.1,1,2014-10-19,0206,Terra,MODIS,92,6.2,317.7,47.2,D,0
-15.514,125.5202,336.1,1.1,1,2014-10-19,0206,Terra,MODIS,60,6.2,317.9,20,D,0
-15.6446,125.5508,340,1.1,1,2014-10-19,0206,Terra,MODIS,83,6.2,310.6,32.4,D,0
-15.646,125.5608,375.2,1.1,1,2014-10-19,0206,Terra,MODIS,100,6.2,315.9,136.7,D,0
-15.6474,125.5709,344.1,1.1,1,2014-10-19,0206,Terra,MODIS,88,6.2,313.6,39.5,D,0
-15.6554,125.5597,327.8,1.1,1,2014-10-19,0206,Terra,MODIS,55,6.2,313.3,11.9,D,0
-15.6568,125.5697,339.6,1.1,1,2014-10-19,0206,Terra,MODIS,83,6.2,312.7,30.8,D,0
-15.4796,126.0708,354.7,1.2,1.1,2014-10-19,0206,Terra,MODIS,96,6.2,320.6,59,D,0
-15.9254,126.1196,342.4,1.2,1.1,2014-10-19,0206,Terra,MODIS,50,6.2,320,30.8,D,0
-16.1232,125.693,332.9,1.1,1.1,2014-10-19,0206,Terra,MODIS,54,6.2,310.1,18.5,D,0
-16.1246,125.7033,340.1,1.1,1.1,2014-10-19,0206,Terra,MODIS,72,6.2,313,30.1,D,0
-16.1327,125.6916,350,1.1,1.1,2014-10-19,0206,Terra,MODIS,93,6.2,312,51.5,D,0
-16.1341,125.7019,340.8,1.1,1.1,2014-10-19,0206,Terra,MODIS,75,6.2,314.4,29,D,0
-16.1422,125.6902,347.5,1.1,1.1,2014-10-19,0206,Terra,MODIS,91,6.2,315.1,45.9,D,0
-16.1517,125.6889,344.3,1.1,1.1,2014-10-19,0206,Terra,MODIS,88,6.2,316.2,39.1,D,0
-15.5477,125.3762,339,1.1,1,2014-10-19,0206,Terra,MODIS,68,6.2,307.9,30.7,D,0
-15.5635,125.3534,328.2,1.1,1,2014-10-19,0206,Terra,MODIS,57,6.2,308.9,15.3,D,0
-15.5649,125.3635,327.9,1.1,1,2014-10-19,0206,Terra,MODIS,45,6.2,310.7,14,D,0
-15.5879,126.0493,344,1.2,1.1,2014-10-19,0206,Terra,MODIS,77,6.2,319,32.9,D,0
-15.5922,126.0536,336.7,1.2,1.1,2014-10-19,0206,Terra,MODIS,79,6.2,318.6,20.3,D,0
-16.4354,131.2825,340.7,2.7,1.6,2014-10-19,0206,Terra,MODIS,81,6.2,311.9,100,D,0
-16.4383,131.3076,333.2,2.7,1.6,2014-10-19,0206,Terra,MODIS,39,6.2,311.4,52.9,D,0
-16.4414,131.3019,334.9,2.7,1.6,2014-10-19,0206,Terra,MODIS,64,6.2,311.3,66.2,D,0
-16.1031,125.7593,350.9,1.1,1.1,2014-10-19,0206,Terra,MODIS,93,6.2,312.5,54.3,D,0
-16.1084,125.7267,355.5,1.1,1.1,2014-10-19,0206,Terra,MODIS,97,6.2,315.3,67.6,D,0
-16.1126,125.7581,341.9,1.1,1.1,2014-10-19,0206,Terra,MODIS,73,6.2,313,31.1,D,0
-16.125,125.778,352.7,1.1,1.1,2014-10-19,0206,Terra,MODIS,95,6.2,315.2,57,D,0
-16.1331,125.7662,332.2,1.1,1.1,2014-10-19,0206,Terra,MODIS,34,6.2,317.3,12.8,D,0
-16.1346,125.7767,334.4,1.1,1.1,2014-10-19,0206,Terra,MODIS,62,6.2,315.8,17.3,D,0
-15.6823,125.5459,335.8,1.1,1,2014-10-19,0206,Terra,MODIS,78,6.2,312.7,22.5,D,0
-15.6837,125.5561,330.4,1.1,1,2014-10-19,0206,Terra,MODIS,66,6.2,312.2,15,D,0
-15.6916,125.5443,335.8,1.1,1,2014-10-19,0206,Terra,MODIS,78,6.2,312.6,21.3,D,0
-15.693,125.5543,335.6,1.1,1,2014-10-19,0206,Terra,MODIS,77,6.2,314.1,22.5,D,0
-15.5724,126.008,343.4,1.1,1.1,2014-10-19,0206,Terra,MODIS,87,6.2,314.1,37.1,D,0
-15.5739,126.0187,374.2,1.1,1.1,2014-10-19,0206,Terra,MODIS,100,6.2,319,135.7,D,0
-16.0966,125.7449,359.3,1.1,1.1,2014-10-19,0206,Terra,MODIS,99,6.2,313,79.6,D,0
-16.098,125.7553,359.4,1.1,1.1,2014-10-19,0206,Terra,MODIS,99,6.2,312.8,79,D,0
-16.1003,125.7384,339.8,1.1,1.1,2014-10-19,0206,Terra,MODIS,77,6.2,311.6,29.4,D,0
-16.1017,125.7489,353.8,1.1,1.1,2014-10-19,0206,Terra,MODIS,96,6.2,314.7,60.8,D,0
-17.2596,133.0304,359.8,3.8,1.8,2014-10-19,0206,Terra,MODIS,99,6.2,312.5,455.5,D,0
-17.2494,133.0247,352.5,3.8,1.8,2014-10-19,0206,Terra,MODIS,95,6.2,312.3,340.5,D,0
-17.2529,133.0607,334.2,3.8,1.8,2014-10-19,0206,Terra,MODIS,54,6.2,309.9,124.4,D,0
-17.2659,133.023,341.3,3.8,1.8,2014-10-19,0206,Terra,MODIS,67,6.2,312.7,181.6,D,0
-15.9856,126.1052,353.6,1.2,1.1,2014-10-19,0206,Terra,MODIS,95,6.2,320,56.9,D,0
-15.9909,126.071,336.3,1.2,1.1,2014-10-19,0206,Terra,MODIS,56,6.2,312,23.5,D,0
-15.9923,126.0819,383.6,1.2,1.1,2014-10-19,0206,Terra,MODIS,100,6.2,324,184.5,D,0
-15.9938,126.0928,343.5,1.2,1.1,2014-10-19,0206,Terra,MODIS,58,6.2,320.9,32.2,D,0
-16.0005,126.0696,336.7,1.2,1.1,2014-10-19,0206,Terra,MODIS,71,6.2,310.4,25.1,D,0
-16.002,126.0805,379,1.2,1.1,2014-10-19,0206,Terra,MODIS,100,6.2,320.4,161.5,D,0
-16.0035,126.0915,342.5,1.2,1.1,2014-10-19,0206,Terra,MODIS,54,6.2,320.8,30.5,D,0
-16.0014,126.0032,333,1.2,1.1,2014-10-19,0206,Terra,MODIS,60,6.2,313,16.8,D,0
-16.0095,125.991,347.1,1.2,1.1,2014-10-19,0206,Terra,MODIS,90,6.2,313.4,44.6,D,0
-16.011,126.0019,355.9,1.2,1.1,2014-10-19,0206,Terra,MODIS,97,6.2,315.2,69.9,D,0
-15.467,126.0508,333.6,1.1,1.1,2014-10-19,0206,Terra,MODIS,31,6.2,319.3,12.5,D,0
-15.5153,126.092,338.3,1.2,1.1,2014-10-19,0206,Terra,MODIS,68,6.2,316.4,20.2,D,0
-15.5196,126.1241,338.4,1.2,1.1,2014-10-19,0206,Terra,MODIS,35,6.2,320.2,22.3,D,0
-15.5249,126.0907,346.8,1.2,1.1,2014-10-19,0206,Terra,MODIS,90,6.2,319.1,37.5,D,0
-17.2162,132.851,334.8,3.7,1.8,2014-10-19,0206,Terra,MODIS,56,6.2,313.2,92.6,D,0
-15.9226,125.9551,347.6,1.1,1.1,2014-10-19,0206,Terra,MODIS,91,6.2,314.6,46.1,D,0
-15.924,125.9657,334.1,1.2,1.1,2014-10-19,0206,Terra,MODIS,61,6.2,315.9,18.1,D,0
-16.1613,133.8586,327.2,4.3,1.9,2014-10-19,0206,Terra,MODIS,41,6.2,307.2,84.8,D,0
-16.1575,133.8191,324.5,4.2,1.9,2014-10-19,0206,Terra,MODIS,29,6.2,305.6,69.5,D,0
-16.1587,133.8643,327.4,4.3,1.9,2014-10-19,0206,Terra,MODIS,32,6.2,307.3,84.7,D,0
-17.4238,133.0378,335.3,3.8,1.8,2014-10-19,0206,Terra,MODIS,59,6.2,311.6,112.6,D,0
-17.4403,133.0362,354,3.8,1.8,2014-10-19,0206,Terra,MODIS,96,6.2,310.8,361.7,D,0
-17.4298,133.03,339.8,3.8,1.8,2014-10-19,0206,Terra,MODIS,77,6.2,310.6,165.2,D,0
-17.4463,133.0284,362.5,3.8,1.8,2014-10-19,0206,Terra,MODIS,100,6.2,309.4,521.8,D,0
-17.4628,133.0267,336.4,3.8,1.8,2014-10-19,0206,Terra,MODIS,54,6.2,306.4,147.4,D,0
-17.2286,132.8912,356,3.7,1.8,2014-10-19,0206,Terra,MODIS,97,6.2,311.8,361.5,D,0
-17.2322,132.9258,340.6,3.7,1.8,2014-10-19,0206,Terra,MODIS,67,6.2,314.5,157.9,D,0
-17.2358,132.8839,346.1,3.7,1.8,2014-10-19,0206,Terra,MODIS,90,6.2,310.6,222.5,D,0
-17.2391,132.9185,341.1,3.7,1.8,2014-10-19,0206,Terra,MODIS,79,6.2,314.4,167.6,D,0
-16.8436,130.7047,336.3,2.5,1.5,2014-10-19,0206,Terra,MODIS,69,6.2,315,64,D,0
-16.0113,134.1792,333.6,4.5,1.9,2014-10-19,0206,Terra,MODIS,78,6.2,309.9,169.5,D,0
-16.8821,130.6766,335.9,2.5,1.5,2014-10-19,0206,Terra,MODIS,41,6.2,314.5,54.5,D,0
-16.8848,130.6999,334,2.5,1.5,2014-10-19,0206,Terra,MODIS,19,6.2,314.4,49.6,D,0
-16.9095,130.6731,346.8,2.5,1.5,2014-10-19,0206,Terra,MODIS,81,6.2,313.8,120.3,D,0
-16.8915,130.6934,337.1,2.5,1.5,2014-10-19,0206,Terra,MODIS,53,6.2,314.1,65.2,D,0
-16.3814,131.1868,347.7,2.7,1.6,2014-10-19,0206,Terra,MODIS,92,6.2,311.8,157.4,D,0
-16.3928,131.1603,337.1,2.7,1.6,2014-10-19,0206,Terra,MODIS,82,6.2,309.9,83.1,D,0
-16.3955,131.1849,357.7,2.7,1.6,2014-10-19,0206,Terra,MODIS,98,6.2,312,249.7,D,0
-16.3984,131.2103,335,2.7,1.6,2014-10-19,0206,Terra,MODIS,53,6.2,312.3,56.2,D,0
-16.4097,131.1836,341.9,2.7,1.6,2014-10-19,0206,Terra,MODIS,87,6.2,311.6,111.9,D,0
-16.421,131.1572,337.5,2.7,1.6,2014-10-19,0206,Terra,MODIS,82,6.2,306.9,94.6,D,0
-16.4239,131.1822,348.3,2.7,1.6,2014-10-19,0206,Terra,MODIS,92,6.2,309.3,170.9,D,0
-16.3854,131.1808,342.6,2.7,1.6,2014-10-19,0206,Terra,MODIS,87,6.2,310.8,112.9,D,0
-16.388,131.206,336.3,2.7,1.6,2014-10-19,0206,Terra,MODIS,52,6.2,313.6,63.7,D,0
-16.3995,131.1791,363.7,2.7,1.6,2014-10-19,0206,Terra,MODIS,100,6.2,312,319.4,D,0
-16.4137,131.1778,347.5,2.7,1.6,2014-10-19,0206,Terra,MODIS,91,6.2,311.6,164.2,D,0
-16.4278,131.1763,337.5,2.7,1.6,2014-10-19,0206,Terra,MODIS,82,6.2,306.3,93.4,D,0
-16.4387,131.2767,338.1,2.7,1.6,2014-10-19,0206,Terra,MODIS,75,6.2,310.8,85.3,D,0
-16.9027,130.6684,341.6,2.5,1.5,2014-10-19,0206,Terra,MODIS,86,6.2,313.9,88.2,D,0
-16.9164,130.6667,368.4,2.5,1.5,2014-10-19,0206,Terra,MODIS,100,6.2,313,335.1,D,0
-16.93,130.6652,374.9,2.5,1.5,2014-10-19,0206,Terra,MODIS,100,6.2,314.8,425.8,D,0
-16.2563,133.7699,343.7,4.2,1.9,2014-10-19,0206,Terra,MODIS,88,6.2,304.5,293.4,D,0
-17.3008,131.0461,363.7,2.7,1.6,2014-10-19,0206,Terra,MODIS,100,6.2,314.9,325.4,D,0
-17.3036,131.0713,334.1,2.7,1.6,2014-10-19,0206,Terra,MODIS,75,6.2,316.4,64.4,D,0
-17.3121,131.0193,342.4,2.7,1.6,2014-10-19,0206,Terra,MODIS,86,6.2,312.5,115.5,D,0
-17.315,131.0445,377.8,2.7,1.6,2014-10-19,0206,Terra,MODIS,100,6.2,313.5,520.3,D,0
-17.3178,131.0697,332,2.7,1.6,2014-10-19,0206,Terra,MODIS,44,6.2,311.3,42.7,D,0
-17.3048,131.0402,358.5,2.7,1.6,2014-10-19,0206,Terra,MODIS,99,6.2,315,263.4,D,0
-17.3075,131.0654,339.6,2.7,1.6,2014-10-19,0206,Terra,MODIS,83,6.2,316.5,96.3,D,0
-17.319,131.0386,372.1,2.7,1.6,2014-10-19,0206,Terra,MODIS,100,6.2,311.8,431.8,D,0
-17.3217,131.0638,336.5,2.7,1.6,2014-10-19,0206,Terra,MODIS,69,6.2,309.1,68.6,D,0
-16.2604,133.8091,354.8,4.2,1.9,2014-10-19,0206,Terra,MODIS,96,6.2,307.6,473,D,0
-16.259,133.7627,333.7,4.2,1.9,2014-10-19,0206,Terra,MODIS,66,6.2,303.4,166.8,D,0
-16.2629,133.8019,362.2,4.2,1.9,2014-10-19,0206,Terra,MODIS,100,6.2,308.2,628,D,0
-16.2943,134.1257,336.3,4.5,1.9,2014-10-19,0206,Terra,MODIS,80,6.2,308.6,209.2,D,0
-16.2903,134.084,331.2,4.4,1.9,2014-10-19,0206,Terra,MODIS,67,6.2,307.2,142,D,0
-16.2721,134.0928,328.5,4.4,1.9,2014-10-19,0206,Terra,MODIS,36,6.2,308.8,84.3,D,0
-16.2768,134.1275,330.5,4.5,1.9,2014-10-19,0206,Terra,MODIS,48,6.2,308.5,125.8,D,0
-16.2896,134.0911,336.3,4.4,1.9,2014-10-19,0206,Terra,MODIS,69,6.2,307.7,185.1,D,0
-16.2939,134.1327,335.4,4.5,1.9,2014-10-19,0206,Terra,MODIS,50,6.2,308.7,181.1,D,0
-16.1111,133.9097,336,4.3,1.9,2014-10-19,0206,Terra,MODIS,78,6.2,308.1,174.4,D,0
-16.0161,134.216,323.1,4.5,2,2014-10-19,0206,Terra,MODIS,33,6.2,308.9,63.6,D,0
-16.6113,129.5694,340.9,2,1.4,2014-10-19,0206,Terra,MODIS,85,6.2,313.8,70.8,D,0
-16.6715,129.5425,342,2,1.4,2014-10-19,0206,Terra,MODIS,86,6.2,312.2,74.3,D,0
-16.6738,129.5614,342.4,2,1.4,2014-10-19,0206,Terra,MODIS,86,6.2,314.3,71.5,D,0
-16.6841,129.5413,337.5,2,1.4,2014-10-19,0206,Terra,MODIS,64,6.2,311.5,55.3,D,0
-16.6864,129.5602,347.9,2,1.4,2014-10-19,0206,Terra,MODIS,91,6.2,312,101.9,D,0
-16.6886,129.5789,335.4,2,1.4,2014-10-19,0206,Terra,MODIS,26,6.2,313.1,35.2,D,0
-16.673,129.5357,341.2,2,1.4,2014-10-19,0206,Terra,MODIS,85,6.2,311.3,73,D,0
-16.6751,129.5547,344.3,2,1.4,2014-10-19,0206,Terra,MODIS,88,6.2,314.3,85.5,D,0
-16.6773,129.5738,335.7,2,1.4,2014-10-19,0206,Terra,MODIS,69,6.2,313,39.4,D,0
-16.6877,129.5534,345.5,2,1.4,2014-10-19,0206,Terra,MODIS,89,6.2,311.4,97.6,D,0
-16.6898,129.5722,336,2,1.4,2014-10-19,0206,Terra,MODIS,49,6.2,312.4,43.9,D,0
-16.7024,129.5708,365.2,2,1.4,2014-10-19,0206,Terra,MODIS,100,6.2,315.3,233.2,D,0
-16.7127,129.5506,333.9,2,1.4,2014-10-19,0206,Terra,MODIS,75,6.2,310.3,52.7,D,0
-16.7149,129.5695,355.5,2,1.4,2014-10-19,0206,Terra,MODIS,97,6.2,311.8,164,D,0
-16.5972,129.577,335.1,2,1.4,2014-10-19,0206,Terra,MODIS,77,6.2,313.8,47.1,D,0
-16.5988,129.5712,339,2,1.4,2014-10-19,0206,Terra,MODIS,83,6.2,314.8,64.1,D,0
-16.1134,133.9041,332.1,4.3,1.9,2014-10-19,0206,Terra,MODIS,63,6.2,307.5,127.6,D,0
-18.231,132.2748,383.4,3.4,1.7,2014-10-19,0206,Terra,MODIS,100,6.2,314.9,900.7,D,0
-18.1827,132.6907,338.6,3.7,1.8,2014-10-19,0206,Terra,MODIS,67,6.2,313.4,147.5,D,0
-17.4793,133.0251,332.2,3.8,1.8,2014-10-19,0206,Terra,MODIS,60,6.2,304.5,130,D,0
-17.4829,133.0611,365.5,3.8,1.8,2014-10-19,0206,Terra,MODIS,100,6.2,308.4,619,D,0
-18.2185,132.3089,333.3,3.4,1.7,2014-10-19,0206,Terra,MODIS,70,6.2,311.1,84.6,D,0
-18.2153,132.2763,328.8,3.4,1.7,2014-10-19,0206,Terra,MODIS,23,6.2,309.6,53.4,D,0
-18.1374,132.7303,333.3,3.7,1.8,2014-10-19,0206,Terra,MODIS,39,6.2,315.5,92.2,D,0
-18.2027,132.3105,335.8,3.4,1.7,2014-10-19,0206,Terra,MODIS,78,6.2,313.1,104.4,D,0
-17.4865,133.0974,375.4,3.9,1.8,2014-10-19,0206,Terra,MODIS,100,6.2,312.9,861,D,0
-17.4692,133.0209,335.7,3.8,1.8,2014-10-19,0206,Terra,MODIS,67,6.2,305.7,158.3,D,0
-17.4725,133.057,342.4,3.8,1.8,2014-10-19,0206,Terra,MODIS,86,6.2,310.1,237.1,D,0
-17.4758,133.0933,338.6,3.9,1.8,2014-10-19,0206,Terra,MODIS,80,6.2,310.8,191.8,D,0
-17.4924,133.0916,381.2,3.9,1.8,2014-10-19,0206,Terra,MODIS,100,6.2,311,1033.4,D,0
-18.1537,132.7287,372,3.7,1.8,2014-10-19,0206,Terra,MODIS,100,6.2,315,692.1,D,0
-18.1665,132.6923,339.7,3.7,1.8,2014-10-19,0206,Terra,MODIS,72,6.2,313.8,149.7,D,0
-18.1793,132.656,339.8,3.7,1.8,2014-10-19,0206,Terra,MODIS,68,6.2,315.7,151.6,D,0
-18.241,132.373,331.9,3.5,1.8,2014-10-19,0206,Terra,MODIS,47,6.2,310.7,94.2,D,0
-18.2438,132.2992,343.6,3.4,1.7,2014-10-19,0206,Terra,MODIS,87,6.2,310.4,196.4,D,0
-18.2565,132.2651,346.8,3.4,1.7,2014-10-19,0206,Terra,MODIS,90,6.2,308.3,245.9,D,0
-18.1955,132.6543,355.6,3.7,1.8,2014-10-19,0206,Terra,MODIS,97,6.2,313.3,373.6,D,0
-18.199,132.6889,345.8,3.7,1.8,2014-10-19,0206,Terra,MODIS,89,6.2,312.3,239.9,D,0
-17.5708,133.1509,325.4,3.9,1.8,2014-10-19,0206,Terra,MODIS,34,6.2,309.5,66.1,D,0
-17.5674,133.1141,330.3,3.9,1.8,2014-10-19,0206,Terra,MODIS,68,6.2,308.5,113.9,D,0
-17.5788,133.1197,335.4,3.9,1.8,2014-10-19,0206,Terra,MODIS,78,6.2,309.7,162.8,D,0
-18.1904,132.6851,348.4,3.7,1.8,2014-10-19,0206,Terra,MODIS,88,6.2,313.9,261.9,D,0
-17.5622,133.1214,334.8,3.9,1.8,2014-10-19,0206,Terra,MODIS,77,6.2,309.4,155.8,D,0
-18.1871,132.6504,342.8,3.7,1.8,2014-10-19,0206,Terra,MODIS,68,6.2,315,188.4,D,0
-18.2117,132.6528,326.8,3.7,1.8,2014-10-19,0206,Terra,MODIS,37,6.2,307.5,64.2,D,0
-18.1611,132.7233,341.6,3.7,1.8,2014-10-19,0206,Terra,MODIS,66,6.2,311.2,174.3,D,0
-18.1742,132.6869,348.2,3.7,1.8,2014-10-19,0206,Terra,MODIS,88,6.2,314.1,254.3,D,0
-18.2434,132.2408,357.1,3.4,1.7,2014-10-19,0206,Terra,MODIS,98,6.2,309.8,375.7,D,0
-18.2468,132.2733,402.9,3.4,1.7,2014-10-19,0206,Terra,MODIS,100,6.2,315.4,1523.6,D,0
-18.2407,132.2666,403.2,3.4,1.7,2014-10-19,0206,Terra,MODIS,100,6.2,316.9,1541.5,D,0
-17.5456,133.1231,333.6,3.9,1.8,2014-10-19,0206,Terra,MODIS,75,6.2,309.1,145.1,D,0
-17.5399,133.129,332.5,3.9,1.8,2014-10-19,0206,Terra,MODIS,72,6.2,309,133.8,D,0
-17.4958,133.1281,331.4,3.9,1.8,2014-10-19,0206,Terra,MODIS,70,6.2,307.8,122.9,D,0
-17.584,133.1124,336.9,3.9,1.8,2014-10-19,0206,Terra,MODIS,80,6.2,309,180,D,0
-18.2033,132.6488,339.3,3.7,1.8,2014-10-19,0206,Terra,MODIS,73,6.2,309.5,168.3,D,0
-18.1503,132.6939,344,3.7,1.8,2014-10-19,0206,Terra,MODIS,88,6.2,316.5,194.1,D,0
-17.503,133.0957,342.2,3.9,1.8,2014-10-19,0206,Terra,MODIS,86,6.2,303.5,244.3,D,0
-18.228,132.3009,365,3.4,1.7,2014-10-19,0206,Terra,MODIS,100,6.2,313.5,498.6,D,0
-18.2249,132.2682,366.1,3.4,1.7,2014-10-19,0206,Terra,MODIS,100,6.2,312.4,523.6,D,0
-18.2343,132.3073,347.1,3.4,1.7,2014-10-19,0206,Terra,MODIS,90,6.2,311.4,228.9,D,0
-18.6647,132.2645,342.8,3.5,1.8,2014-10-19,0207,Terra,MODIS,85,6.2,318.4,152.3,D,0
-18.6712,132.3304,338.7,3.5,1.8,2014-10-19,0207,Terra,MODIS,56,6.2,315.6,124.6,D,0
-18.6613,132.2929,357,3.5,1.8,2014-10-19,0207,Terra,MODIS,98,6.2,322,346,D,0
-18.6644,132.3259,339.4,3.5,1.8,2014-10-19,0207,Terra,MODIS,65,6.2,316.7,132.8,D,0
-18.6772,132.2913,404.2,3.5,1.8,2014-10-19,0207,Terra,MODIS,100,6.2,315.8,1592.6,D,0
-18.6803,132.3244,348.5,3.5,1.8,2014-10-19,0207,Terra,MODIS,92,6.2,314.6,250.9,D,0
-21.3177,131.4215,339.9,3.2,1.7,2014-10-19,0207,Terra,MODIS,83,6.2,317.4,140.2,D,0
-20.7717,122.3097,337.1,1,1,2014-10-19,0207,Terra,MODIS,67,6.2,317.1,15,D,0
-20.1184,123.1258,354.2,1,1,2014-10-19,0207,Terra,MODIS,95,6.2,317.4,48.4,D,0
-20.1198,123.1354,346.2,1,1,2014-10-19,0207,Terra,MODIS,67,6.2,314.4,30.1,D,0
-20.1247,123.1052,370.3,1,1,2014-10-19,0207,Terra,MODIS,100,6.2,316.1,94.1,D,0
-20.1261,123.1148,366.1,1,1,2014-10-19,0207,Terra,MODIS,100,6.2,317.2,80.7,D,0
-20.1337,123.1038,358.1,1,1,2014-10-19,0207,Terra,MODIS,98,6.2,317.5,57.5,D,0
-20.1351,123.1134,353.7,1,1,2014-10-19,0207,Terra,MODIS,95,6.2,320.6,45.6,D,0
-21.3322,131.4462,329.5,3.3,1.7,2014-10-19,0207,Terra,MODIS,63,6.2,315.7,57.9,D,0
-21.3208,131.453,326.9,3.3,1.7,2014-10-19,0207,Terra,MODIS,43,6.2,316.4,38.2,D,0
-18.7572,132.0153,333.6,3.3,1.7,2014-10-19,0207,Terra,MODIS,75,6.2,313.8,95.1,D,0
-18.7542,131.9837,344.4,3.3,1.7,2014-10-19,0207,Terra,MODIS,88,6.2,313.4,190.4,D,0
-18.7387,131.9854,336.8,3.3,1.7,2014-10-19,0207,Terra,MODIS,78,6.2,316,110.8,D,0
-18.7465,132.0236,328.5,3.3,1.7,2014-10-19,0207,Terra,MODIS,52,6.2,314.5,56.5,D,0
-18.7433,131.9922,361.4,3.3,1.7,2014-10-19,0207,Terra,MODIS,100,6.2,316.3,413.5,D,0
-21.3294,131.415,342.2,3.2,1.7,2014-10-19,0207,Terra,MODIS,86,6.2,317,163.2,D,0
-21.3331,131.42,340.5,3.2,1.7,2014-10-19,0207,Terra,MODIS,84,6.2,316.4,145.1,D,0
-18.6679,132.2973,417.2,3.5,1.8,2014-10-19,0207,Terra,MODIS,100,6.2,324.1,2146.7,D,0
-19.9352,123.4523,346.5,1,1,2014-10-19,0207,Terra,MODIS,88,6.2,313.3,34.7,D,0
-19.9184,123.4648,331.3,1,1,2014-10-19,0207,Terra,MODIS,40,6.2,310.4,10.7,D,0
-19.9234,123.4344,353.6,1,1,2014-10-19,0207,Terra,MODIS,95,6.2,313,50.4,D,0
-19.9247,123.444,392.3,1,1,2014-10-19,0207,Terra,MODIS,100,6.2,317,194.7,D,0
-19.9498,123.4895,342,1,1,2014-10-19,0207,Terra,MODIS,82,6.2,317.7,21.8,D,0
-19.9558,123.5976,374.8,1,1,2014-10-19,0207,Terra,MODIS,100,6.2,318.2,114,D,0
-19.933,123.502,345.3,1,1,2014-10-19,0207,Terra,MODIS,81,6.2,315.8,28.8,D,0
-19.9239,123.5035,353.5,1,1,2014-10-19,0207,Terra,MODIS,95,6.2,315.2,47.6,D,0
-19.9225,123.4938,349.2,1,1,2014-10-19,0207,Terra,MODIS,91,6.2,315.2,39.4,D,0
-19.9544,123.5879,347.5,1,1,2014-10-19,0207,Terra,MODIS,89,6.2,318.5,34.9,D,0
-19.9316,123.4924,339.8,1,1,2014-10-19,0207,Terra,MODIS,73,6.2,316.7,21,D,0
-19.9525,123.5089,383,1,1,2014-10-19,0207,Terra,MODIS,100,6.2,321.7,144.3,D,0
-19.9407,123.4909,339,1,1,2014-10-19,0207,Terra,MODIS,59,6.2,318.8,18.2,D,0
-19.9511,123.4992,342.4,1,1,2014-10-19,0207,Terra,MODIS,83,6.2,318.8,20.9,D,0
-19.9797,123.5046,341.5,1,1,2014-10-19,0207,Terra,MODIS,78,6.2,320.1,22,D,0
-19.9811,123.5143,367.4,1,1,2014-10-19,0207,Terra,MODIS,100,6.2,319.3,86.3,D,0
-19.9437,123.382,376.6,1,1,2014-10-19,0207,Terra,MODIS,100,6.2,321.7,115.4,D,0
-19.9434,123.5103,361,1,1,2014-10-19,0207,Terra,MODIS,100,6.2,321.2,66.9,D,0
-19.9423,123.3723,362.6,1,1,2014-10-19,0207,Terra,MODIS,100,6.2,320.4,68.4,D,0
-19.936,123.393,347.3,1,1,2014-10-19,0207,Terra,MODIS,89,6.2,317.1,31.9,D,0
-19.9346,123.3834,336.9,1,1,2014-10-19,0207,Terra,MODIS,36,6.2,319.6,14,D,0
-19.9332,123.3738,352.6,1,1,2014-10-19,0207,Terra,MODIS,94,6.2,318.9,45.4,D,0
-19.9171,123.4551,339.1,1,1,2014-10-19,0207,Terra,MODIS,79,6.2,310.3,24.3,D,0
-19.9338,123.4426,354.2,1,1,2014-10-19,0207,Terra,MODIS,95,6.2,314.5,51.4,D,0
-19.9324,123.433,349.7,1,1,2014-10-19,0207,Terra,MODIS,92,6.2,315.6,41.3,D,0
-19.9269,123.3944,342,1,1,2014-10-19,0207,Terra,MODIS,64,6.2,316.2,23.5,D,0
-19.9256,123.3848,338.4,1,1,2014-10-19,0207,Terra,MODIS,50,6.2,317.9,17.8,D,0
-19.9275,123.4634,351,1,1,2014-10-19,0207,Terra,MODIS,93,6.2,311.8,43.7,D,0
-19.9261,123.4537,365.2,1,1,2014-10-19,0207,Terra,MODIS,100,6.2,315.2,83.2,D,0
-19.9902,123.5129,331.9,1,1,2014-10-19,0207,Terra,MODIS,41,6.2,315.7,8.9,D,0
-19.635,128.3729,337,1.8,1.3,2014-10-19,0207,Terra,MODIS,30,6.2,320.7,32.2,D,0
-19.6412,128.2155,333.3,1.8,1.3,2014-10-19,0207,Terra,MODIS,68,6.2,322.1,24.4,D,0
-20.1634,123.503,337.2,1,1,2014-10-19,0207,Terra,MODIS,40,6.2,317.4,13.7,D,0
-20.3761,124.6491,351.1,1.1,1.1,2014-10-19,0207,Terra,MODIS,93,6.2,317.8,46.6,D,0
-17.6159,125.4449,336.5,1.1,1.1,2014-10-19,0207,Terra,MODIS,52,6.2,316.5,17.3,D,0
-17.6093,125.4675,334.6,1.1,1.1,2014-10-19,0207,Terra,MODIS,35,6.2,316.3,17.1,D,0
-17.6078,125.4569,334.1,1.1,1.1,2014-10-19,0207,Terra,MODIS,66,6.2,315.3,14.8,D,0
-17.6012,125.4795,351.5,1.1,1.1,2014-10-19,0207,Terra,MODIS,94,6.2,312.7,54,D,0
-17.5998,125.4689,365.6,1.1,1.1,2014-10-19,0207,Terra,MODIS,100,6.2,316,96.6,D,0
-17.5902,125.4703,343.8,1.1,1.1,2014-10-19,0207,Terra,MODIS,73,6.2,309,36.3,D,0
-17.5807,125.4716,349.2,1.1,1.1,2014-10-19,0207,Terra,MODIS,92,6.2,301.4,55,D,0
-17.5792,125.461,366.3,1.1,1.1,2014-10-19,0207,Terra,MODIS,100,6.2,303.5,106.2,D,0
-17.5778,125.4504,339.2,1.1,1.1,2014-10-19,0207,Terra,MODIS,65,6.2,303.4,29.7,D,0
-17.5697,125.4624,334.9,1.1,1.1,2014-10-19,0207,Terra,MODIS,70,6.2,289.3,26.2,D,0
-18.1446,130.1604,332.8,2.4,1.5,2014-10-19,0207,Terra,MODIS,63,6.2,317.7,40.4,D,0
-19.6589,128.3698,362.2,1.8,1.3,2014-10-19,0207,Terra,MODIS,100,6.2,324.4,161.5,D,0
-20.1385,124.1804,344.7,1.1,1,2014-10-19,0207,Terra,MODIS,86,6.2,319.1,30.4,D,0
-17.5682,125.4518,332.7,1.1,1.1,2014-10-19,0207,Terra,MODIS,51,6.2,292.3,22,D,0
-17.9867,127.7226,338.4,1.6,1.2,2014-10-19,0207,Terra,MODIS,81,6.2,317.5,44.5,D,0
-17.7906,126.2039,328,1.2,1.1,2014-10-19,0207,Terra,MODIS,36,6.2,312.7,11.4,D,0
-20.0928,124.1729,363.8,1.1,1,2014-10-19,0207,Terra,MODIS,100,6.2,312.2,82.4,D,0
-20.102,124.1715,383.3,1.1,1,2014-10-19,0207,Terra,MODIS,100,6.2,318.7,158.8,D,0
-20.1034,124.1816,358.4,1.1,1,2014-10-19,0207,Terra,MODIS,98,6.2,318.5,64,D,0
-20.1093,124.1745,364.2,1.1,1,2014-10-19,0207,Terra,MODIS,100,6.2,319.4,79.7,D,0
-20.1278,124.1717,340.5,1.1,1,2014-10-19,0207,Terra,MODIS,69,6.2,315.7,22.4,D,0
-17.7991,126.1915,340,1.2,1.1,2014-10-19,0207,Terra,MODIS,83,6.2,314,33.6,D,0
-20.1371,124.1703,344.2,1.1,1,2014-10-19,0207,Terra,MODIS,86,6.2,316.2,30.7,D,0
-18.1274,130.2537,338,2.4,1.5,2014-10-19,0207,Terra,MODIS,48,6.2,314.7,69.3,D,0
-18.1139,130.2553,368.2,2.4,1.5,2014-10-19,0207,Terra,MODIS,100,6.2,318,318.7,D,0
-18.1194,130.2601,354.4,2.4,1.5,2014-10-19,0207,Terra,MODIS,96,6.2,315.7,179.9,D,0
-18.1169,130.2374,347.1,2.4,1.5,2014-10-19,0207,Terra,MODIS,90,6.2,315.9,115.8,D,0
-20.1292,124.1818,344,1.1,1,2014-10-19,0207,Terra,MODIS,79,6.2,320.3,27.2,D,0
-19.9005,128.1992,338,1.8,1.3,2014-10-19,0207,Terra,MODIS,79,6.2,321.7,44,D,0
-19.8942,128.2057,338.7,1.8,1.3,2014-10-19,0207,Terra,MODIS,75,6.2,321.9,43.5,D,0
-17.8007,126.2031,328.2,1.2,1.1,2014-10-19,0207,Terra,MODIS,36,6.2,312.3,11.2,D,0
-20.3842,124.6372,333.8,1.1,1,2014-10-19,0207,Terra,MODIS,50,6.2,317.1,11.7,D,0
-20.3487,124.7677,335,1.1,1.1,2014-10-19,0207,Terra,MODIS,24,6.2,318.3,12.3,D,0
-20.3856,124.6477,357.2,1.1,1.1,2014-10-19,0207,Terra,MODIS,98,6.2,320.5,63.6,D,0
-20.3378,124.7584,349.2,1.1,1.1,2014-10-19,0207,Terra,MODIS,85,6.2,319.7,40.6,D,0
-20.0455,128.0826,343.8,1.8,1.3,2014-10-19,0207,Terra,MODIS,86,6.2,320.2,66.8,D,0
-20.0484,128.0711,342.6,1.8,1.3,2014-10-19,0207,Terra,MODIS,85,6.2,318.9,61.5,D,0
-20.3363,124.7477,350.5,1.1,1.1,2014-10-19,0207,Terra,MODIS,83,6.2,316.9,43.6,D,0
-19.0827,129.1339,334,2,1.4,2014-10-19,0207,Terra,MODIS,74,6.2,318.9,35.9,D,0
-18.1059,130.2617,352,2.4,1.5,2014-10-19,0207,Terra,MODIS,94,6.2,318.2,160.8,D,0
-18.1034,130.239,335.9,2.4,1.5,2014-10-19,0207,Terra,MODIS,48,6.2,318.9,46.5,D,0
-20.0504,128.0879,342.8,1.8,1.3,2014-10-19,0207,Terra,MODIS,85,6.2,320.5,62.6,D,0
-19.6276,128.3629,336.9,1.8,1.3,2014-10-19,0207,Terra,MODIS,35,6.2,321.3,33.1,D,0
-18.147,130.1826,330.2,2.4,1.5,2014-10-19,0207,Terra,MODIS,37,6.2,315.9,30.2,D,0
-19.0815,129.1397,340.7,2,1.4,2014-10-19,0207,Terra,MODIS,84,6.2,319.2,65.9,D,0
-19.5485,126.9726,335,1.5,1.2,2014-10-19,0207,Terra,MODIS,71,6.2,320.2,21.9,D,0
-19.8621,127.9392,346.7,1.7,1.3,2014-10-19,0207,Terra,MODIS,89,6.2,322.5,68.4,D,0
-19.8604,127.9502,335.7,1.7,1.3,2014-10-19,0207,Terra,MODIS,73,6.2,321.1,29.8,D,0
-19.8701,127.9324,364.8,1.7,1.3,2014-10-19,0207,Terra,MODIS,100,6.2,325.6,167,D,0
-19.872,127.9487,344.5,1.7,1.3,2014-10-19,0207,Terra,MODIS,87,6.2,320.5,60.1,D,0
-19.8798,127.9146,342.9,1.7,1.3,2014-10-19,0207,Terra,MODIS,85,6.2,320.7,55.3,D,0
-19.8817,127.9309,404.3,1.7,1.3,2014-10-19,0207,Terra,MODIS,100,6.2,328.4,564.8,D,0
-19.8836,127.9472,342.5,1.7,1.3,2014-10-19,0207,Terra,MODIS,85,6.2,318.8,53.3,D,0
-19.8914,127.9131,392.1,1.7,1.3,2014-10-19,0207,Terra,MODIS,100,6.2,321.3,414.5,D,0
-19.8933,127.9294,402.3,1.7,1.3,2014-10-19,0207,Terra,MODIS,100,6.2,321.3,543.8,D,0
-18.7641,126.256,334.4,1.3,1.1,2014-10-19,0207,Terra,MODIS,69,6.2,323.5,15,D,0
-19.9844,124.2574,335.2,1.1,1,2014-10-19,0207,Terra,MODIS,51,6.2,310.7,14.3,D,0
-19.9928,124.3184,349.7,1.1,1,2014-10-19,0207,Terra,MODIS,91,6.2,319,38.9,D,0
-19.9937,124.2561,372.4,1.1,1,2014-10-19,0207,Terra,MODIS,100,6.2,315.7,110.9,D,0
-19.9951,124.2662,342.9,1.1,1,2014-10-19,0207,Terra,MODIS,69,6.2,317.3,25.1,D,0
-20.0021,124.317,338.9,1.1,1,2014-10-19,0207,Terra,MODIS,53,6.2,319.7,16.8,D,0
-20.0043,124.2648,349.6,1.1,1,2014-10-19,0207,Terra,MODIS,91,6.2,320.2,38,D,0
-20.0122,124.2533,348,1.1,1,2014-10-19,0207,Terra,MODIS,89,6.2,317.2,35.8,D,0
-20.0136,124.2634,344.9,1.1,1,2014-10-19,0207,Terra,MODIS,80,6.2,321.4,27,D,0
-20.0193,124.304,339.9,1.1,1,2014-10-19,0207,Terra,MODIS,47,6.2,319.4,15.1,D,0
-19.9942,124.3286,346.8,1.1,1,2014-10-19,0207,Terra,MODIS,80,6.2,319.1,32.9,D,0
-20.0035,124.3272,337.3,1.1,1,2014-10-19,0207,Terra,MODIS,42,6.2,318.8,15,D,0
-19.7068,134.0183,339,4.8,2,2014-10-19,0207,Terra,MODIS,83,6.2,315.6,269.2,D,0
-19.7249,134.0168,346.6,4.8,2,2014-10-19,0207,Terra,MODIS,90,6.2,309.9,396.8,D,0
-18.259,126.6007,336.9,1.3,1.1,2014-10-19,0207,Terra,MODIS,78,6.2,321,30.2,D,0
-19.7044,134.0137,333.9,4.8,2,2014-10-19,0207,Terra,MODIS,66,6.2,315.1,182.5,D,0
-19.7226,134.0122,352.4,4.8,2,2014-10-19,0207,Terra,MODIS,95,6.2,310.7,502.2,D,0
-19.6489,128.3888,335,1.8,1.3,2014-10-19,0207,Terra,MODIS,48,6.2,320.9,30.1,D,0
-19.6609,128.3873,361.6,1.8,1.3,2014-10-19,0207,Terra,MODIS,100,6.2,321.7,161.8,D,0
-21.541,118.0162,328,1.4,1.2,2014-10-19,0208,Terra,MODIS,66,6.2,308,17.9,D,0
-21.2058,119.7221,327.6,1.2,1.1,2014-10-19,0208,Terra,MODIS,42,6.2,311.8,9.1,D,0
-21.6365,117.9974,327.4,1.4,1.2,2014-10-19,0208,Terra,MODIS,30,6.2,310.5,13.4,D,0
-21.6325,117.9489,326.6,1.4,1.2,2014-10-19,0208,Terra,MODIS,42,6.2,310.3,12.4,D,0
-21.5351,118.0093,339.2,1.4,1.2,2014-10-19,0208,Terra,MODIS,84,6.2,310,46.1,D,0
-21.5386,118.0025,327.6,1.4,1.2,2014-10-19,0208,Terra,MODIS,65,6.2,309.9,17.7,D,0
-21.5419,117.9591,325.9,1.4,1.2,2014-10-19,0208,Terra,MODIS,52,6.2,308,14.1,D,0
-21.5444,117.9731,355.8,1.4,1.2,2014-10-19,0208,Terra,MODIS,97,6.2,309.4,101.8,D,0
-21.5526,117.9571,331.8,1.4,1.2,2014-10-19,0208,Terra,MODIS,72,6.2,308.7,24.9,D,0
-21.5551,117.971,342.1,1.4,1.2,2014-10-19,0208,Terra,MODIS,87,6.2,309.4,50.6,D,0
-21.5633,117.9552,331.7,1.4,1.2,2014-10-19,0208,Terra,MODIS,67,6.2,309.7,24.5,D,0
-21.9608,122.012,350.1,1,1,2014-10-19,0208,Terra,MODIS,93,6.2,316.3,40.3,D,0
-21.9594,122.0024,351.2,1,1,2014-10-19,0208,Terra,MODIS,94,6.2,318.1,43,D,0
-22.4757,124.8327,340.3,1.2,1.1,2014-10-19,0208,Terra,MODIS,82,6.2,315.1,25.9,D,0
-22.5974,124.9859,342.9,1.2,1.1,2014-10-19,0208,Terra,MODIS,85,6.2,318.2,30,D,0
-22.5977,124.98,338.1,1.2,1.1,2014-10-19,0208,Terra,MODIS,74,6.2,317.7,18.2,D,0
-22.6169,125.2135,334.2,1.2,1.1,2014-10-19,0208,Terra,MODIS,71,6.2,317.9,13.2,D,0
-22.6185,125.2256,331.8,1.2,1.1,2014-10-19,0208,Terra,MODIS,63,6.2,316.1,8.6,D,0
-22.6333,125.0227,337.3,1.2,1.1,2014-10-19,0208,Terra,MODIS,78,6.2,317.8,19.8,D,0
-21.9653,121.4895,340.1,1,1,2014-10-19,0208,Terra,MODIS,84,6.2,314.6,23.6,D,0
-21.4788,122.994,342.5,1,1,2014-10-19,0208,Terra,MODIS,83,6.2,313.9,24.4,D,0
-21.6275,122.8783,334.1,1,1,2014-10-19,0208,Terra,MODIS,46,6.2,316.2,10.2,D,0
-21.4481,122.9096,372.3,1,1,2014-10-19,0208,Terra,MODIS,100,6.2,318,101.4,D,0
-20.7995,120.2695,336.9,1.1,1.1,2014-10-19,0208,Terra,MODIS,73,6.2,313.8,21.5,D,0
-20.8012,120.2801,407.9,1.1,1.1,2014-10-19,0208,Terra,MODIS,100,6.2,318.5,331.9,D,0
-21.6435,122.9254,335,1,1,2014-10-19,0208,Terra,MODIS,62,6.2,314.9,12.1,D,0
-21.0227,119.9336,352.9,1.1,1.1,2014-10-19,0208,Terra,MODIS,95,6.2,314.7,58.9,D,0
-21.0244,119.9445,349.3,1.1,1.1,2014-10-19,0208,Terra,MODIS,92,6.2,313.5,49.5,D,0
-20.9149,122.4071,334.9,1,1,2014-10-19,0208,Terra,MODIS,46,6.2,318,12.1,D,0
-21.0262,119.9555,376,1.1,1.1,2014-10-19,0208,Terra,MODIS,100,6.2,312.7,143.7,D,0
-20.8029,120.2907,411.1,1.1,1.1,2014-10-19,0208,Terra,MODIS,100,6.2,315.9,358.6,D,0
-21.4467,122.8999,341.8,1,1,2014-10-19,0208,Terra,MODIS,78,6.2,315.2,22.3,D,0
-21.4502,122.9887,398.2,1,1,2014-10-19,0208,Terra,MODIS,100,6.2,316,220.9,D,0
-21.4488,122.979,363.6,1,1,2014-10-19,0208,Terra,MODIS,100,6.2,315.7,72.7,D,0
-21.4467,123.029,336.2,1,1,2014-10-19,0208,Terra,MODIS,60,6.2,309.9,17.4,D,0
-21.4453,123.0193,347.6,1,1,2014-10-19,0208,Terra,MODIS,89,6.2,313.5,36.5,D,0
-21.444,123.0095,341.5,1,1,2014-10-19,0208,Terra,MODIS,82,6.2,313.2,23.8,D,0
-21.4426,122.9998,433.3,1,1,2014-10-19,0208,Terra,MODIS,100,6.2,322.6,503.4,D,0
-20.8073,120.2573,334.3,1.1,1.1,2014-10-19,0208,Terra,MODIS,61,6.2,312.2,17.7,D,0
-20.8128,120.2612,329.2,1.1,1.1,2014-10-19,0208,Terra,MODIS,40,6.2,312.1,11.6,D,0
-20.8531,120.3303,327.1,1.1,1,2014-10-19,0208,Terra,MODIS,28,6.2,312.3,6.3,D,0
-21.4363,123.0207,338.4,1,1,2014-10-19,0208,Terra,MODIS,75,6.2,312.1,20.4,D,0
-21.4516,122.8694,344.5,1,1,2014-10-19,0208,Terra,MODIS,86,6.2,315.9,26.9,D,0
-20.9655,120.3363,330,1.1,1,2014-10-19,0208,Terra,MODIS,64,6.2,314.2,11.2,D,0
-21.1656,122.7365,339.5,1,1,2014-10-19,0208,Terra,MODIS,71,6.2,315.8,19.1,D,0
-21.4551,122.9581,340.2,1,1,2014-10-19,0208,Terra,MODIS,80,6.2,313.4,20.6,D,0
-20.7917,120.2818,348.3,1.1,1.1,2014-10-19,0208,Terra,MODIS,91,6.2,313.6,46.7,D,0
-20.7934,120.2924,338.6,1.1,1.1,2014-10-19,0208,Terra,MODIS,81,6.2,312.2,26.8,D,0
-21.0149,119.9463,362.4,1.1,1.1,2014-10-19,0208,Terra,MODIS,100,6.2,314.9,90.6,D,0
-21.6342,121.2537,337.8,1,1,2014-10-19,0208,Terra,MODIS,81,6.2,312.4,23.5,D,0
-21.6357,121.2636,357.9,1,1,2014-10-19,0208,Terra,MODIS,98,6.2,314.1,65.8,D,0
-21.6372,121.2734,327.8,1,1,2014-10-19,0208,Terra,MODIS,47,6.2,312.7,9.3,D,0
-21.0166,119.9572,368.6,1.1,1.1,2014-10-19,0208,Terra,MODIS,100,6.2,313.8,113.9,D,0
-21.0209,119.9226,333.4,1.1,1.1,2014-10-19,0208,Terra,MODIS,68,6.2,313.3,15.7,D,0
-21.4509,122.929,346.4,1,1,2014-10-19,0208,Terra,MODIS,88,6.2,312,31.8,D,0
-20.7377,120.2476,340.5,1.1,1.1,2014-10-19,0208,Terra,MODIS,77,6.2,312.5,31.5,D,0
-20.7359,120.2369,335.4,1.1,1.1,2014-10-19,0208,Terra,MODIS,59,6.2,314.5,20.8,D,0
-21.4516,122.9984,339.8,1,1,2014-10-19,0208,Terra,MODIS,80,6.2,310.9,18.2,D,0
-21.4753,123.0344,333.9,1,1,2014-10-19,0208,Terra,MODIS,48,6.2,313,13.2,D,0
-21.4495,122.9193,351,1,1,2014-10-19,0208,Terra,MODIS,93,6.2,312.7,41.4,D,0
-20.7153,120.2296,352,1.1,1.1,2014-10-19,0208,Terra,MODIS,94,6.2,314.4,54.3,D,0
-20.7119,120.2369,335.7,1.1,1.1,2014-10-19,0208,Terra,MODIS,73,6.2,309.8,21.9,D,0
-21.4774,122.9843,360.4,1,1,2014-10-19,0208,Terra,MODIS,100,6.2,316.2,64.8,D,0
-21.0279,119.9664,362.5,1.1,1.1,2014-10-19,0208,Terra,MODIS,100,6.2,308.5,90.7,D,0
-20.7102,120.226,356,1.1,1.1,2014-10-19,0208,Terra,MODIS,97,6.2,315.8,67.6,D,0
-21.483,123.0232,350.6,1,1,2014-10-19,0208,Terra,MODIS,92,6.2,315.2,42.1,D,0
-21.46,122.9275,334.4,1,1,2014-10-19,0208,Terra,MODIS,37,6.2,315.3,11.1,D,0
-21.4586,122.9178,338.1,1,1,2014-10-19,0208,Terra,MODIS,55,6.2,314.8,15.8,D,0
-21.4572,122.9081,341.3,1,1,2014-10-19,0208,Terra,MODIS,61,6.2,316.9,20,D,0
-21.6421,122.9157,333.9,1,1,2014-10-19,0208,Terra,MODIS,32,6.2,316.6,9.2,D,0
-21.6462,120.8585,326.4,1,1,2014-10-19,0208,Terra,MODIS,30,6.2,311.9,7.1,D,0
-21.6447,120.8484,342.8,1,1,2014-10-19,0208,Terra,MODIS,87,6.2,314.3,32.2,D,0
-21.6383,120.8556,338.2,1,1,2014-10-19,0208,Terra,MODIS,82,6.2,311.7,22.6,D,0
-21.6368,120.8455,350.1,1,1,2014-10-19,0208,Terra,MODIS,93,6.2,314.4,45.6,D,0
-21.557,120.8181,328.2,1,1,2014-10-19,0208,Terra,MODIS,62,6.2,312.2,9.7,D,0
-21.4558,122.8984,344,1,1,2014-10-19,0208,Terra,MODIS,79,6.2,317.3,24.7,D,0
-21.4579,122.9775,336.3,1,1,2014-10-19,0208,Terra,MODIS,58,6.2,314.5,12.5,D,0
-21.4843,123.033,350.2,1,1,2014-10-19,0208,Terra,MODIS,92,6.2,313,41.5,D,0
-20.9163,122.4166,339.9,1,1,2014-10-19,0208,Terra,MODIS,78,6.2,317.4,20.3,D,0
-20.7471,120.2459,355.1,1.1,1.1,2014-10-19,0208,Terra,MODIS,96,6.2,314.2,64.6,D,0
-20.7901,120.2712,353,1.1,1.1,2014-10-19,0208,Terra,MODIS,95,6.2,314.2,58.5,D,0
-20.8705,122.1695,334.6,1,1,2014-10-19,0208,Terra,MODIS,70,6.2,316.3,12.8,D,0
-20.8672,122.2092,338.7,1,1,2014-10-19,0208,Terra,MODIS,72,6.2,316.7,17.6,D,0
-20.7135,120.2189,338.4,1.1,1.1,2014-10-19,0208,Terra,MODIS,74,6.2,315.6,24,D,0
-20.723,120.2172,336.4,1.1,1.1,2014-10-19,0208,Terra,MODIS,71,6.2,316.4,19.9,D,0
-20.7247,120.2279,338,1.1,1.1,2014-10-19,0208,Terra,MODIS,69,6.2,314.6,23.6,D,0
-21.4565,122.9678,336.3,1,1,2014-10-19,0208,Terra,MODIS,62,6.2,314.9,13.4,D,0
-21.4412,122.9901,451,1,1,2014-10-19,0208,Terra,MODIS,100,6.2,333.6,712.2,D,0
-21.4802,123.0038,334.4,1,1,2014-10-19,0208,Terra,MODIS,58,6.2,313.4,12,D,0
-21.4398,122.9804,339.9,1,1,2014-10-19,0208,Terra,MODIS,80,6.2,314.1,20.2,D,0
-21.4377,123.0304,373.1,1,1,2014-10-19,0208,Terra,MODIS,100,6.2,313.2,109.5,D,0
-22.7977,122.3222,361.5,1,1,2014-10-19,0208,Terra,MODIS,100,6.2,309.2,72.5,D,0
-23.7243,122.6263,354.9,1,1,2014-10-19,0208,Terra,MODIS,96,6.2,312.2,53.1,D,0
-23.7229,122.6163,337.7,1,1,2014-10-19,0208,Terra,MODIS,43,6.2,312.8,17.1,D,0
-22.7991,122.3319,346,1,1,2014-10-19,0208,Terra,MODIS,90,6.2,308.1,37.5,D,0
-22.8005,122.3416,349.6,1,1,2014-10-19,0208,Terra,MODIS,93,6.2,309.5,46.3,D,0
-22.802,122.3513,326.3,1,1,2014-10-19,0208,Terra,MODIS,24,6.2,298.2,10.4,D,0
-23.119,122.19,358.1,1,1,2014-10-19,0208,Terra,MODIS,98,6.2,314.9,60.6,D,0
-23.1204,122.1998,394.8,1,1,2014-10-19,0208,Terra,MODIS,100,6.2,317.3,204.8,D,0
-21.9129,127.4808,333.8,1.7,1.3,2014-10-19,0208,Terra,MODIS,38,6.2,320.5,22.6,D,0
-23.1266,122.1788,338.4,1,1,2014-10-19,0208,Terra,MODIS,82,6.2,314.8,18.7,D,0
-23.128,122.1885,346.7,1,1,2014-10-19,0208,Terra,MODIS,90,6.2,316.4,34.2,D,0
-23.1294,122.1983,389.4,1,1,2014-10-19,0208,Terra,MODIS,100,6.2,316.8,176.5,D,0
-23.572,121.0886,332.9,1,1,2014-10-19,0208,Terra,MODIS,74,6.2,313.6,12.9,D,0
-23.4753,123.0131,349.1,1,1,2014-10-19,0208,Terra,MODIS,92,6.2,308.5,50.6,D,0
-23.1308,122.208,353.9,1,1,2014-10-19,0208,Terra,MODIS,96,6.2,310.1,52.3,D,0
-23.1374,122.191,363.7,1,1,2014-10-19,0208,Terra,MODIS,75,6.2,315.1,77.4,D,0
-23.1388,122.2008,388,1,1,2014-10-19,0208,Terra,MODIS,75,6.2,315.1,171.3,D,0
-23.1403,122.2105,344,1,1,2014-10-19,0208,Terra,MODIS,67,6.2,308.3,34.5,D,0
-21.9244,127.4793,334,1.7,1.3,2014-10-19,0208,Terra,MODIS,45,6.2,319.8,23,D,0
-21.9457,127.46,370.3,1.7,1.3,2014-10-19,0208,Terra,MODIS,100,6.2,323,200.9,D,0
-23.7005,122.5895,341.2,1,1,2014-10-19,0208,Terra,MODIS,85,6.2,316,20.9,D,0
-23.581,121.0871,330.9,1,1,2014-10-19,0208,Terra,MODIS,69,6.2,314.3,9.7,D,0
-23.8799,122.5579,361.5,1,1,2014-10-19,0208,Terra,MODIS,100,6.2,313.4,69.9,D,0
-23.8784,122.5479,373.4,1,1,2014-10-19,0208,Terra,MODIS,100,6.2,315.2,108.3,D,0
-23.8708,122.5593,340,1,1,2014-10-19,0208,Terra,MODIS,84,6.2,314,21.8,D,0
-23.8694,122.5494,348.6,1,1,2014-10-19,0208,Terra,MODIS,92,6.2,316.5,37.9,D,0
-23.6844,122.5414,364.8,1,1,2014-10-19,0208,Terra,MODIS,100,6.2,316.3,77.9,D,0
-23.6394,122.5451,337.2,1,1,2014-10-19,0208,Terra,MODIS,80,6.2,316.6,15.7,D,0
-22.0782,127.3318,351.3,1.7,1.3,2014-10-19,0208,Terra,MODIS,93,6.2,317.8,93,D,0
-22.0764,127.3158,337.5,1.7,1.3,2014-10-19,0208,Terra,MODIS,78,6.2,319.1,37.1,D,0
-22.0668,127.3333,344,1.7,1.3,2014-10-19,0208,Terra,MODIS,87,6.2,319,59.1,D,0
-22.065,127.3173,333.6,1.7,1.3,2014-10-19,0208,Terra,MODIS,45,6.2,319.3,22.8,D,0
-22.0553,127.3348,342.8,1.7,1.3,2014-10-19,0208,Terra,MODIS,71,6.2,319.5,49.4,D,0
-22.0676,127.3234,343.7,1.7,1.3,2014-10-19,0208,Terra,MODIS,74,6.2,320,53.4,D,0
-22.0561,127.3248,343,1.7,1.3,2014-10-19,0208,Terra,MODIS,37,6.2,319,48.3,D,0
-22.0466,127.3424,347.5,1.7,1.3,2014-10-19,0208,Terra,MODIS,75,6.2,319.7,66.7,D,0
-21.9476,127.4764,345,1.7,1.3,2014-10-19,0208,Terra,MODIS,88,6.2,319.2,62,D,0
-23.7167,122.6377,398.6,1,1,2014-10-19,0208,Terra,MODIS,100,6.2,316.7,229.1,D,0
-23.7153,122.6278,379.7,1,1,2014-10-19,0208,Terra,MODIS,100,6.2,318.2,132.6,D,0
-23.7076,122.6392,396.4,1,1,2014-10-19,0208,Terra,MODIS,100,6.2,319.8,214.8,D,0
-22.01,127.4296,338,1.7,1.3,2014-10-19,0208,Terra,MODIS,67,6.2,317.4,38.8,D,0
-22.0311,127.4101,335.1,1.7,1.3,2014-10-19,0208,Terra,MODIS,52,6.2,316.5,29,D,0
-22.0427,127.4087,351.8,1.7,1.3,2014-10-19,0208,Terra,MODIS,94,6.2,317.4,94.7,D,0
-22.0542,127.4072,345.5,1.7,1.3,2014-10-19,0208,Terra,MODIS,75,6.2,315.6,64,D,0
-22.0638,127.3895,377.8,1.7,1.3,2014-10-19,0208,Terra,MODIS,100,6.2,320.5,256,D,0
-22.0657,127.4057,358.9,1.7,1.3,2014-10-19,0208,Terra,MODIS,99,6.2,315.8,131,D,0
-23.7062,122.6293,375.2,1,1,2014-10-19,0208,Terra,MODIS,100,6.2,321.1,112.9,D,0
-23.702,122.5994,334.8,1,1,2014-10-19,0208,Terra,MODIS,24,6.2,316.2,10.3,D,0
-22.0753,127.388,366.2,1.7,1.3,2014-10-19,0208,Terra,MODIS,100,6.2,319.7,175.7,D,0
-22.0607,127.3834,347.9,1.7,1.3,2014-10-19,0208,Terra,MODIS,91,6.2,319.4,76.5,D,0
-22.0625,127.3997,366.9,1.7,1.3,2014-10-19,0208,Terra,MODIS,100,6.2,318.5,185.3,D,0
-22.0722,127.3819,358.4,1.7,1.3,2014-10-19,0208,Terra,MODIS,98,6.2,319.2,133,D,0
-22.074,127.3982,358,1.7,1.3,2014-10-19,0208,Terra,MODIS,98,6.2,316.8,133.7,D,0
-22.0837,127.3804,339,1.7,1.3,2014-10-19,0208,Terra,MODIS,81,6.2,314.7,50.7,D,0
-22.0855,127.3967,329.7,1.7,1.3,2014-10-19,0208,Terra,MODIS,57,6.2,314.7,24.1,D,0
-21.9553,127.4422,353.3,1.7,1.3,2014-10-19,0208,Terra,MODIS,95,6.2,323,96.6,D,0
-21.9572,127.4585,370.7,1.7,1.3,2014-10-19,0208,Terra,MODIS,100,6.2,322.8,204.6,D,0
-21.9668,127.4408,419,1.7,1.3,2014-10-19,0208,Terra,MODIS,100,6.2,330.9,784.3,D,0
-21.9688,127.4571,426.4,1.7,1.3,2014-10-19,0208,Terra,MODIS,100,6.2,329.8,928.8,D,0
-23.6824,122.5925,333.2,1,1,2014-10-19,0208,Terra,MODIS,21,6.2,314.4,8.3,D,0
-23.688,122.6322,335.8,1,1,2014-10-19,0208,Terra,MODIS,63,6.2,313.9,14.6,D,0
-22.3746,121.8224,333.4,1,1,2014-10-19,0208,Terra,MODIS,64,6.2,313.1,13.5,D,0
-22.7845,122.2945,335.8,1,1,2014-10-19,0208,Terra,MODIS,74,6.2,311.9,18.1,D,0
-22.7859,122.3042,342.3,1,1,2014-10-19,0208,Terra,MODIS,87,6.2,312.3,29,D,0
-22.3731,121.8128,388,1,1,2014-10-19,0208,Terra,MODIS,100,6.2,318.3,169.1,D,0
-22.3717,121.8031,363.9,1,1,2014-10-19,0208,Terra,MODIS,100,6.2,315.4,76,D,0
-21.9784,127.4393,354.5,1.7,1.3,2014-10-19,0208,Terra,MODIS,96,6.2,319,106.8,D,0
-21.9803,127.4556,339.6,1.7,1.3,2014-10-19,0208,Terra,MODIS,81,6.2,317.5,43.3,D,0
-21.9754,127.4339,351.8,1.7,1.3,2014-10-19,0208,Terra,MODIS,94,6.2,320.8,92.7,D,0
-21.9772,127.4503,359.7,1.7,1.3,2014-10-19,0208,Terra,MODIS,99,6.2,319.6,134.9,D,0
-21.9985,127.431,336.3,1.7,1.3,2014-10-19,0208,Terra,MODIS,76,6.2,318.5,35.5,D,0
-22.3702,121.7934,342.6,1,1,2014-10-19,0208,Terra,MODIS,86,6.2,313.9,25.4,D,0
-24.8884,129.0735,328.7,2.4,1.5,2014-10-19,0208,Terra,MODIS,44,6.2,317.4,35.7,D,0
-24.8861,129.0487,337.9,2.4,1.5,2014-10-19,0208,Terra,MODIS,81,6.2,315.9,85.1,D,0
-22.3627,121.8046,333,1,1,2014-10-19,0208,Terra,MODIS,72,6.2,313.7,11.9,D,0
-22.3582,121.9601,346.4,1,1,2014-10-19,0208,Terra,MODIS,90,6.2,311.3,37.1,D,0
-24.8786,129.0555,341.5,2.4,1.5,2014-10-19,0208,Terra,MODIS,85,6.2,318.8,104,D,0
-22.3568,121.9504,328.7,1,1,2014-10-19,0208,Terra,MODIS,49,6.2,310.7,9.2,D,0
-22.6015,122.3631,332,1,1,2014-10-19,0208,Terra,MODIS,69,6.2,310.2,14.2,D,0
-22.6,122.3534,333.7,1,1,2014-10-19,0208,Terra,MODIS,74,6.2,309.6,17.1,D,0
-22.7873,122.3139,370.6,1,1,2014-10-19,0208,Terra,MODIS,100,6.2,316.2,100.4,D,0
-22.7887,122.3236,378,1,1,2014-10-19,0208,Terra,MODIS,100,6.2,317.7,126.8,D,0
-22.7901,122.3334,340.1,1,1,2014-10-19,0208,Terra,MODIS,85,6.2,314.9,27.3,D,0
-22.7963,122.3124,338.4,1,1,2014-10-19,0208,Terra,MODIS,83,6.2,310,22.8,D,0
-23.7258,122.6362,338.7,1,1,2014-10-19,0208,Terra,MODIS,81,6.2,310.3,21.6,D,0
-24.9296,121.8651,371.4,1,1,2014-10-19,0209,Terra,MODIS,100,6.2,316.8,103.6,D,0
-24.8154,121.274,336.6,1,1,2014-10-19,0209,Terra,MODIS,83,6.2,309,20.4,D,0
-24.8078,121.2854,354.7,1,1,2014-10-19,0209,Terra,MODIS,97,6.2,310.7,52.3,D,0
-24.8064,121.2756,348.1,1,1,2014-10-19,0209,Terra,MODIS,93,6.2,311.5,39.3,D,0
-24.7989,121.287,342.7,1,1,2014-10-19,0209,Terra,MODIS,89,6.2,311.3,26.1,D,0
-24.7984,121.4083,326.1,1,1,2014-10-19,0209,Terra,MODIS,55,6.2,308.3,6.7,D,0
-24.7432,121.2831,337.5,1,1,2014-10-19,0209,Terra,MODIS,84,6.2,313,17.2,D,0
-24.7969,121.3985,328.7,1,1,2014-10-19,0209,Terra,MODIS,63,6.2,310.6,9.3,D,0
-24.7398,121.3847,331.8,1,1,2014-10-19,0209,Terra,MODIS,66,6.2,311.8,11.9,D,0
-24.7509,121.2752,327.1,1,1,2014-10-19,0209,Terra,MODIS,53,6.2,309.8,6.3,D,0
-24.7417,121.2732,334.6,1,1,2014-10-19,0209,Terra,MODIS,76,6.2,313.4,13.2,D,0
-24.7488,121.3831,363.7,1,1,2014-10-19,0209,Terra,MODIS,100,6.2,315.6,76.4,D,0
-24.7578,121.3815,350.6,1,1,2014-10-19,0209,Terra,MODIS,94,6.2,310.9,44.1,D,0
-24.7564,121.3717,351.3,1,1,2014-10-19,0209,Terra,MODIS,94,6.2,311.4,43.6,D,0
-24.7549,121.3618,345,1,1,2014-10-19,0209,Terra,MODIS,90,6.2,311.2,29.3,D,0
-24.7459,121.3634,342.8,1,1,2014-10-19,0209,Terra,MODIS,88,6.2,315.1,24.6,D,0
-24.9386,121.8636,333.8,1,1,2014-10-19,0209,Terra,MODIS,69,6.2,311.3,16.3,D,0
-24.8635,121.3506,328.5,1,1,2014-10-19,0209,Terra,MODIS,51,6.2,310.4,9.9,D,0
-24.7474,121.3733,348.5,1,1,2014-10-19,0209,Terra,MODIS,93,6.2,316.1,37.3,D,0
-24.9281,121.8552,339.7,1,1,2014-10-19,0209,Terra,MODIS,85,6.2,311.5,25.6,D,0
-24.7384,121.3748,335.4,1,1,2014-10-19,0209,Terra,MODIS,75,6.2,315.5,15.4,D,0
-25.8009,126.3294,331.7,1.6,1.2,2014-10-19,0209,Terra,MODIS,67,6.2,317.6,22.5,D,0
-25.7991,126.3135,335.2,1.6,1.2,2014-10-19,0209,Terra,MODIS,75,6.2,317.9,33.1,D,0
-25.8252,126.3423,332.2,1.6,1.2,2014-10-19,0209,Terra,MODIS,45,6.2,317.2,21.6,D,0
-26.7284,123.7315,333.9,1.2,1.1,2014-10-19,0209,Terra,MODIS,68,6.2,295.3,26,D,0
-26.1885,123.2577,331.1,1.1,1,2014-10-19,0209,Terra,MODIS,77,6.2,312,13.5,D,0
-26.1979,123.2562,341.6,1.1,1,2014-10-19,0209,Terra,MODIS,88,6.2,312.4,31.2,D,0
-26.7008,123.7477,332.7,1.2,1.1,2014-10-19,0209,Terra,MODIS,81,6.2,301,21.7,D,0
-30.9613,152.8254,351.1,2.5,1.5,2014-10-19,0311,Aqua,MODIS,96,6.2,296.5,230.7,D,0
-30.9633,152.7988,312.8,2.5,1.5,2014-10-19,0311,Aqua,MODIS,57,6.2,295.5,29.2,D,0
-30.9529,152.8438,316,2.5,1.5,2014-10-19,0311,Aqua,MODIS,65,6.2,294.5,40.7,D,0
-30.955,152.8176,346.7,2.5,1.5,2014-10-19,0311,Aqua,MODIS,94,6.2,296.2,199.1,D,0
-23.2997,150.3829,315.3,3,1.6,2014-10-19,0313,Aqua,MODIS,54,6.2,295.6,39.5,D,0
-22.8353,145.4998,328.7,4.3,1.9,2014-10-19,0451,Aqua,MODIS,62,6.2,304.7,117.9,D,0
-22.8442,145.459,326.9,4.3,1.9,2014-10-19,0451,Aqua,MODIS,52,6.2,304.9,95.6,D,0
-22.8463,145.4678,332.7,4.3,1.9,2014-10-19,0451,Aqua,MODIS,73,6.2,305.4,160.1,D,0
-19.7604,134.0874,334.5,1,1,2014-10-19,0452,Aqua,MODIS,68,6.2,316.3,14.4,D,0
-22.6396,128.4039,340.2,1.9,1.3,2014-10-19,0452,Aqua,MODIS,76,6.2,322.5,48.9,D,0
-22.6315,128.3661,336.4,1.9,1.3,2014-10-19,0452,Aqua,MODIS,65,6.2,324.5,33.6,D,0
-20.5895,135.6192,345.8,1.1,1,2014-10-19,0452,Aqua,MODIS,88,6.2,329.9,23.2,D,0
-20.5911,135.6089,342.3,1.1,1,2014-10-19,0452,Aqua,MODIS,65,6.2,327.6,15.4,D,0
-20.5802,135.6176,353.5,1.1,1,2014-10-19,0452,Aqua,MODIS,95,6.2,330.3,40.9,D,0
-20.5818,135.6073,347.4,1.1,1,2014-10-19,0452,Aqua,MODIS,81,6.2,328.8,26.1,D,0
-20.7077,143.2345,327.6,3.4,1.7,2014-10-19,0452,Aqua,MODIS,48,6.2,311.1,49,D,0
-19.743,134.1432,361.3,1,1,2014-10-19,0452,Aqua,MODIS,100,6.2,324.5,58.2,D,0
-19.7444,134.1337,346.8,1,1,2014-10-19,0452,Aqua,MODIS,61,6.2,325,25,D,0
-19.7458,134.1241,359.1,1,1,2014-10-19,0452,Aqua,MODIS,99,6.2,327.6,56.2,D,0
-19.7472,134.1146,389.6,1,1,2014-10-19,0452,Aqua,MODIS,100,6.2,328.9,172,D,0
-19.7486,134.105,375.4,1,1,2014-10-19,0452,Aqua,MODIS,100,6.2,321.1,112.3,D,0
-19.7514,134.0859,340.8,1,1,2014-10-19,0452,Aqua,MODIS,81,6.2,315.8,23.7,D,0
-19.7361,134.1256,340.5,1,1,2014-10-19,0452,Aqua,MODIS,67,6.2,326.5,11.5,D,0
-22.6475,125.0198,339.9,3.3,1.7,2014-10-19,0452,Aqua,MODIS,82,6.2,301.5,160.5,D,0
-22.6435,125.0271,352.1,3.3,1.7,2014-10-19,0452,Aqua,MODIS,94,6.2,301,296.4,D,0
-22.632,125.0183,332,3.3,1.7,2014-10-19,0452,Aqua,MODIS,56,6.2,292,96.8,D,0
-22.1245,127.3987,364.9,2.2,1.4,2014-10-19,0452,Aqua,MODIS,100,6.2,314.7,255.5,D,0
-22.1265,127.3778,417,2.2,1.4,2014-10-19,0452,Aqua,MODIS,100,6.2,326.3,1092.7,D,0
-22.1374,127.4003,351.8,2.2,1.4,2014-10-19,0452,Aqua,MODIS,94,6.2,312.3,157.9,D,0
-22.1027,127.3701,380.2,2.2,1.4,2014-10-19,0452,Aqua,MODIS,100,6.2,320.1,393.4,D,0
-21.9224,127.4838,336.3,2.1,1.4,2014-10-19,0452,Aqua,MODIS,48,6.2,322.6,33,D,0
-21.963,127.4678,337.7,2.1,1.4,2014-10-19,0452,Aqua,MODIS,53,6.2,322.6,37.3,D,0
-21.949,127.471,337.5,2.1,1.4,2014-10-19,0452,Aqua,MODIS,60,6.2,324,37.5,D,0
-21.9619,127.4725,343.2,2.1,1.4,2014-10-19,0452,Aqua,MODIS,76,6.2,322,63.6,D,0
-22.1049,127.3491,349.1,2.2,1.4,2014-10-19,0452,Aqua,MODIS,88,6.2,320.7,103.6,D,0
-22.0552,127.3215,350.4,2.2,1.4,2014-10-19,0452,Aqua,MODIS,92,6.2,324.4,111.6,D,0
-22.0697,127.316,351.6,2.2,1.4,2014-10-19,0452,Aqua,MODIS,93,6.2,325.9,115.1,D,0
-22.0175,127.4372,354.3,2.1,1.4,2014-10-19,0452,Aqua,MODIS,86,6.2,320.8,135.5,D,0
-22.0544,127.3358,343.3,2.2,1.4,2014-10-19,0452,Aqua,MODIS,63,6.2,325.3,61.8,D,0
-22.0468,127.4058,358,2.2,1.4,2014-10-19,0452,Aqua,MODIS,98,6.2,324.2,167,D,0
-22.0318,127.425,344.3,2.1,1.4,2014-10-19,0452,Aqua,MODIS,32,6.2,319.6,75.6,D,0
-22.0339,127.4042,353.2,2.2,1.4,2014-10-19,0452,Aqua,MODIS,90,6.2,324,124.6,D,0
-23.3792,123.6712,329.8,4.2,1.9,2014-10-19,0452,Aqua,MODIS,56,6.2,295.5,114.2,D,0
-22.0325,127.4181,352.4,2.1,1.4,2014-10-19,0452,Aqua,MODIS,85,6.2,321.2,123.4,D,0
-22.0898,127.3685,340.9,2.2,1.4,2014-10-19,0452,Aqua,MODIS,69,6.2,318.5,52,D,0
-23.3739,123.7081,375.9,4.2,1.9,2014-10-19,0452,Aqua,MODIS,100,6.2,305.6,951.2,D,0
-23.3568,123.7067,367.8,4.2,1.9,2014-10-19,0452,Aqua,MODIS,100,6.2,306,726.7,D,0
-23.3589,123.7109,364.7,4.2,1.9,2014-10-19,0452,Aqua,MODIS,100,6.2,305.8,660.4,D,0
-22.0454,127.4196,371.3,2.1,1.4,2014-10-19,0452,Aqua,MODIS,100,6.2,319.9,287.9,D,0
-23.3418,123.7095,332.2,4.2,1.9,2014-10-19,0452,Aqua,MODIS,32,6.2,305.1,121.8,D,0
-23.3761,123.7123,370.6,4.2,1.9,2014-10-19,0452,Aqua,MODIS,100,6.2,304.4,811.6,D,0
-22.1395,127.3793,365.4,2.2,1.4,2014-10-19,0452,Aqua,MODIS,100,6.2,315.1,267.1,D,0
-23.362,123.6697,331.4,4.2,1.9,2014-10-19,0452,Aqua,MODIS,52,6.2,295.5,127.8,D,0
-22.0983,127.4119,369.4,2.2,1.4,2014-10-19,0452,Aqua,MODIS,100,6.2,316.8,288.3,D,0
-22.0833,127.4312,374.2,2.1,1.4,2014-10-19,0452,Aqua,MODIS,100,6.2,316.9,334.5,D,0
-22.0854,127.4104,392.2,2.2,1.4,2014-10-19,0452,Aqua,MODIS,100,6.2,326.8,574.9,D,0
-22.0682,127.323,359.9,2.2,1.4,2014-10-19,0452,Aqua,MODIS,99,6.2,326.2,182,D,0
-22.1392,127.3958,357.7,2.2,1.4,2014-10-19,0452,Aqua,MODIS,98,6.2,312.1,196,D,0
-22.0704,127.4296,393.1,2.1,1.4,2014-10-19,0452,Aqua,MODIS,100,6.2,321.4,586.1,D,0
-22.0725,127.4089,384.2,2.2,1.4,2014-10-19,0452,Aqua,MODIS,100,6.2,326.4,451.4,D,0
-22.1156,127.3717,362.2,2.2,1.4,2014-10-19,0452,Aqua,MODIS,100,6.2,320.3,214,D,0
-22.1134,127.3927,360.7,2.2,1.4,2014-10-19,0452,Aqua,MODIS,93,6.2,316.1,202.3,D,0
-22.0596,127.4074,342,2.2,1.4,2014-10-19,0452,Aqua,MODIS,35,6.2,320.9,67.9,D,0
-22.0567,127.3145,347.5,2.2,1.4,2014-10-19,0452,Aqua,MODIS,89,6.2,324.4,90.7,D,0
-22.1285,127.3733,412.6,2.2,1.4,2014-10-19,0452,Aqua,MODIS,100,6.2,326.6,989.8,D,0
-22.1263,127.3942,384.1,2.2,1.4,2014-10-19,0452,Aqua,MODIS,100,6.2,317.1,470.3,D,0
-22.1415,127.3748,343.7,2.2,1.4,2014-10-19,0452,Aqua,MODIS,86,6.2,311.3,100.4,D,0
-22.1286,127.3565,348.8,2.2,1.4,2014-10-19,0452,Aqua,MODIS,91,6.2,315.8,126,D,0
-22.0447,127.4266,357.6,2.1,1.4,2014-10-19,0452,Aqua,MODIS,97,6.2,317.5,170.1,D,0
-21.4825,122.9856,363.2,4.5,1.9,2014-10-19,0452,Aqua,MODIS,100,6.2,310.7,663.1,D,0
-21.5001,122.9872,335.7,4.5,1.9,2014-10-19,0452,Aqua,MODIS,56,6.2,292.7,171.9,D,0
-21.4435,123.0296,327.8,4.4,1.9,2014-10-19,0452,Aqua,MODIS,41,6.2,303.9,87.2,D,0
-21.4645,122.9879,339.2,4.5,1.9,2014-10-19,0452,Aqua,MODIS,81,6.2,303,209.6,D,0
-21.489,122.9027,355.4,4.5,2,2014-10-19,0452,Aqua,MODIS,97,6.2,312,502.5,D,0
-21.4856,122.9461,337.5,4.5,2,2014-10-19,0452,Aqua,MODIS,46,6.2,311,187.3,D,0
-21.4821,122.9896,357,4.5,1.9,2014-10-19,0452,Aqua,MODIS,98,6.2,310.6,544.8,D,0
-20.9182,122.4488,341.2,4.8,2,2014-10-19,0452,Aqua,MODIS,84,6.2,304.3,279.5,D,0
-21.4862,122.9422,335.9,4.5,2,2014-10-19,0452,Aqua,MODIS,35,6.2,310.8,133.9,D,0
-21.5067,122.9044,334.8,4.5,2,2014-10-19,0452,Aqua,MODIS,59,6.2,305.7,177.8,D,0
-21.4611,123.0312,328.4,4.4,1.9,2014-10-19,0452,Aqua,MODIS,39,6.2,302,90.6,D,0
-21.4612,123.0272,328.8,4.4,1.9,2014-10-19,0452,Aqua,MODIS,32,6.2,302,88.4,D,0
-21.3352,131.4313,342.7,1.2,1.1,2014-10-19,0452,Aqua,MODIS,79,6.2,326.2,25.2,D,0
-21.3463,131.4215,367,1.2,1.1,2014-10-19,0452,Aqua,MODIS,100,6.2,329.6,97.1,D,0
-21.3449,131.4327,382.8,1.2,1.1,2014-10-19,0452,Aqua,MODIS,100,6.2,328.1,169,D,0
-21.3574,131.4117,368.6,1.2,1.1,2014-10-19,0452,Aqua,MODIS,100,6.2,326.1,105.1,D,0
-21.356,131.4229,380.7,1.2,1.1,2014-10-19,0452,Aqua,MODIS,100,6.2,326.8,160.2,D,0
-21.4898,122.8988,363.7,4.5,2,2014-10-19,0452,Aqua,MODIS,100,6.2,312.1,673.1,D,0
-21.4648,122.984,339.7,4.5,1.9,2014-10-19,0452,Aqua,MODIS,82,6.2,303.3,214.3,D,0
-17.5971,133.0811,334.2,1,1,2014-10-19,0453,Aqua,MODIS,60,6.2,318.7,12.3,D,0
-17.5957,133.0905,355.5,1,1,2014-10-19,0453,Aqua,MODIS,96,6.2,321.7,50.9,D,0
-17.647,133.1178,393.4,1,1,2014-10-19,0453,Aqua,MODIS,100,6.2,328.4,190.6,D,0
-17.6456,133.1271,396.9,1,1,2014-10-19,0453,Aqua,MODIS,100,6.2,329.7,208,D,0
-17.6443,133.1365,362.5,1,1,2014-10-19,0453,Aqua,MODIS,100,6.2,325,65,D,0
-17.6429,133.1459,352.1,1,1,2014-10-19,0453,Aqua,MODIS,94,6.2,324.7,40.4,D,0
-17.6416,133.1553,335.1,1,1,2014-10-19,0453,Aqua,MODIS,67,6.2,321.8,9.4,D,0
-17.6573,133.1098,347.8,1,1,2014-10-19,0453,Aqua,MODIS,90,6.2,319.2,33.3,D,0
-17.656,133.1192,439.3,1,1,2014-10-19,0453,Aqua,MODIS,100,6.2,340.9,557.2,D,0
-17.6546,133.1286,372.4,1,1,2014-10-19,0453,Aqua,MODIS,100,6.2,329.3,97.5,D,0
-17.6533,133.1379,348.5,1,1,2014-10-19,0453,Aqua,MODIS,90,6.2,325.7,32,D,0
-17.6519,133.1473,338.9,1,1,2014-10-19,0453,Aqua,MODIS,78,6.2,323.9,15.3,D,0
-17.6649,133.1206,337.3,1,1,2014-10-19,0453,Aqua,MODIS,75,6.2,318.1,14.7,D,0
-17.5854,133.1024,358.2,1,1,2014-10-19,0453,Aqua,MODIS,77,6.2,323.7,50.8,D,0
-17.4679,133.0197,360,1,1,2014-10-19,0453,Aqua,MODIS,83,6.2,323,58.7,D,0
-17.4769,133.0211,361.2,1,1,2014-10-19,0453,Aqua,MODIS,100,6.2,323.2,66.2,D,0
-17.4859,133.0225,350.8,1,1,2014-10-19,0453,Aqua,MODIS,81,6.2,319.5,42.1,D,0
-17.4845,133.0318,359,1,1,2014-10-19,0453,Aqua,MODIS,75,6.2,321,55.5,D,0
-17.4832,133.0412,356.9,1,1,2014-10-19,0453,Aqua,MODIS,53,6.2,321.3,44.8,D,0
-17.4765,133.0881,355.7,1,1,2014-10-19,0453,Aqua,MODIS,84,6.2,325,37.2,D,0
-17.4922,133.0426,354.2,1,1,2014-10-19,0453,Aqua,MODIS,62,6.2,319.5,44,D,0
-17.4908,133.052,355.3,1,1,2014-10-19,0453,Aqua,MODIS,45,6.2,321.8,42.6,D,0
-17.4962,133.0145,331.1,1,1,2014-10-19,0453,Aqua,MODIS,51,6.2,313.6,12.9,D,0
-17.4872,133.0131,341.9,1,1,2014-10-19,0453,Aqua,MODIS,83,6.2,317.3,28.7,D,0
-18.7448,131.9711,347,1,1,2014-10-19,0453,Aqua,MODIS,68,6.2,323.5,29.5,D,0
-18.7567,131.9527,363.5,1.1,1,2014-10-19,0453,Aqua,MODIS,100,6.2,323.9,77.4,D,0
-18.7553,131.9626,351.8,1.1,1,2014-10-19,0453,Aqua,MODIS,93,6.2,324.3,42.6,D,0
-18.754,131.9725,361.7,1,1,2014-10-19,0453,Aqua,MODIS,100,6.2,325.7,68.1,D,0
-18.7647,131.9502,342.9,1.1,1,2014-10-19,0453,Aqua,MODIS,69,6.2,319.5,25.7,D,0
-18.7753,131.9417,334.5,1.1,1,2014-10-19,0453,Aqua,MODIS,50,6.2,316.7,14.8,D,0
-16.3639,131.3287,334.6,1.1,1,2014-10-19,0453,Aqua,MODIS,68,6.2,320.7,9.9,D,0
-17.4782,133.0117,356.6,1,1,2014-10-19,0453,Aqua,MODIS,97,6.2,319.4,58.4,D,0
-18.6819,132.2921,346.9,1,1,2014-10-19,0453,Aqua,MODIS,77,6.2,324.8,26,D,0
-18.6937,132.2741,343,1,1,2014-10-19,0453,Aqua,MODIS,48,6.2,325.5,19.5,D,0
-18.7082,132.2365,343.6,1,1,2014-10-19,0453,Aqua,MODIS,36,6.2,323.6,19.6,D,0
-17.4855,133.0895,355,1,1,2014-10-19,0453,Aqua,MODIS,91,6.2,325.5,33.8,D,0
-18.1973,132.3453,346.9,1,1,2014-10-19,0453,Aqua,MODIS,89,6.2,324.5,25.6,D,0
-18.2024,132.3755,340.3,1,1,2014-10-19,0453,Aqua,MODIS,71,6.2,323.9,12.8,D,0
-17.5112,133.0427,389.9,1,1,2014-10-19,0453,Aqua,MODIS,100,6.2,320.6,179,D,0
-17.5099,133.0521,382.8,1,1,2014-10-19,0453,Aqua,MODIS,100,6.2,322.1,144.5,D,0
-17.5085,133.0615,365.8,1,1,2014-10-19,0453,Aqua,MODIS,96,6.2,321.1,77.6,D,0
-17.5175,133.0629,344.3,1,1,2014-10-19,0453,Aqua,MODIS,84,6.2,314.4,29.5,D,0
-18.2447,132.2048,334.1,1,1,2014-10-19,0453,Aqua,MODIS,64,6.2,313.3,15.7,D,0
-18.2404,132.3028,346.4,1,1,2014-10-19,0453,Aqua,MODIS,71,6.2,319.9,30.4,D,0
-18.2642,132.2529,351.4,1,1,2014-10-19,0453,Aqua,MODIS,93,6.2,322.5,42.6,D,0
-18.2629,132.2626,360.9,1,1,2014-10-19,0453,Aqua,MODIS,100,6.2,322.5,66.1,D,0
-18.2615,132.2723,337.8,1,1,2014-10-19,0453,Aqua,MODIS,51,6.2,319.3,15.6,D,0
-18.7069,132.2463,393.2,1,1,2014-10-19,0453,Aqua,MODIS,100,6.2,330.2,192.7,D,0
-18.7055,132.256,371.1,1,1,2014-10-19,0453,Aqua,MODIS,100,6.2,324.8,92.8,D,0
-18.276,132.235,338,1,1,2014-10-19,0453,Aqua,MODIS,76,6.2,314.9,19.9,D,0
-18.2746,132.2447,340.1,1,1,2014-10-19,0453,Aqua,MODIS,80,6.2,316.4,22.3,D,0
-18.2133,132.2297,369.2,1,1,2014-10-19,0453,Aqua,MODIS,100,6.2,322,88.1,D,0
-18.212,132.2393,376,1,1,2014-10-19,0453,Aqua,MODIS,100,6.2,324.7,111,D,0
-18.2107,132.249,342.7,1,1,2014-10-19,0453,Aqua,MODIS,84,6.2,325.5,14.8,D,0
-18.0261,132.5215,340.3,1,1,2014-10-19,0453,Aqua,MODIS,50,6.2,323.4,13.9,D,0
-18.0527,132.5215,340,1,1,2014-10-19,0453,Aqua,MODIS,53,6.2,324.2,12.8,D,0
-18.1144,132.7414,339.3,1,1,2014-10-19,0453,Aqua,MODIS,59,6.2,324,12.4,D,0
-18.2224,132.2311,386.9,1,1,2014-10-19,0453,Aqua,MODIS,100,6.2,323.2,162.5,D,0
-18.2211,132.2407,412.8,1,1,2014-10-19,0453,Aqua,MODIS,100,6.2,334.3,321.4,D,0
-18.2198,132.2504,386.9,1,1,2014-10-19,0453,Aqua,MODIS,100,6.2,327.2,156.8,D,0
-18.2171,132.2697,357.3,1,1,2014-10-19,0453,Aqua,MODIS,98,6.2,322.4,46,D,0
-18.2158,132.2793,368.7,1,1,2014-10-19,0453,Aqua,MODIS,100,6.2,324,80.8,D,0
-18.2342,132.2131,365.6,1,1,2014-10-19,0453,Aqua,MODIS,100,6.2,315,85.2,D,0
-18.2329,132.2228,368.3,1,1,2014-10-19,0453,Aqua,MODIS,100,6.2,313.5,92.5,D,0
-18.2293,132.639,377.1,1,1,2014-10-19,0453,Aqua,MODIS,100,6.2,324.7,115.8,D,0
-18.2306,132.6295,435.4,1,1,2014-10-19,0453,Aqua,MODIS,100,6.2,332.1,521.3,D,0
-18.232,132.62,374.9,1,1,2014-10-19,0453,Aqua,MODIS,100,6.2,319.5,110.5,D,0
-18.2176,132.6566,343.2,1,1,2014-10-19,0453,Aqua,MODIS,23,6.2,322.3,18.8,D,0
-18.2189,132.6471,350.5,1,1,2014-10-19,0453,Aqua,MODIS,92,6.2,323.7,34.1,D,0
-18.2203,132.6376,341.3,1,1,2014-10-19,0453,Aqua,MODIS,74,6.2,322.8,18.6,D,0
-18.2216,132.6281,339.8,1,1,2014-10-19,0453,Aqua,MODIS,73,6.2,320.9,17.7,D,0
-18.2059,132.6742,342.6,1,1,2014-10-19,0453,Aqua,MODIS,49,6.2,323.2,18.1,D,0
-18.2073,132.6647,343.1,1,1,2014-10-19,0453,Aqua,MODIS,62,6.2,324.4,19.1,D,0
-18.1973,132.6769,344.5,1,1,2014-10-19,0453,Aqua,MODIS,74,6.2,325.6,22,D,0
-18.1752,132.7025,345,1,1,2014-10-19,0453,Aqua,MODIS,53,6.2,324.5,20.6,D,0
-18.2315,132.2325,409.3,1,1,2014-10-19,0453,Aqua,MODIS,100,6.2,322.1,300.6,D,0
-17.4752,133.0974,360.9,1,1,2014-10-19,0453,Aqua,MODIS,82,6.2,324.4,55.1,D,0
-17.4841,133.0988,355.4,1,1,2014-10-19,0453,Aqua,MODIS,62,6.2,324.9,39.6,D,0
-17.5018,133.1083,349,1,1,2014-10-19,0453,Aqua,MODIS,53,6.2,323.5,31.6,D,0
-17.5404,133.0953,342.1,1,1,2014-10-19,0453,Aqua,MODIS,29,6.2,319.6,21.6,D,0
-17.5391,133.1046,351,1,1,2014-10-19,0453,Aqua,MODIS,77,6.2,323,36.9,D,0
-18.2302,132.2421,446.7,1,1,2014-10-19,0453,Aqua,MODIS,100,6.2,333.5,667.9,D,0
-18.2289,132.2518,388.7,1,1,2014-10-19,0453,Aqua,MODIS,100,6.2,321.7,168.6,D,0
-18.2262,132.2711,361.7,1,1,2014-10-19,0453,Aqua,MODIS,100,6.2,319.9,59.7,D,0
-18.2249,132.2807,381.6,1,1,2014-10-19,0453,Aqua,MODIS,100,6.2,327.6,132.3,D,0
-17.4692,133.0103,343.4,1,1,2014-10-19,0453,Aqua,MODIS,50,6.2,317.6,27,D,0
-18.2355,132.2034,330.3,1,1,2014-10-19,0453,Aqua,MODIS,25,6.2,311.9,10,D,0
-18.246,132.1951,335.8,1,1,2014-10-19,0453,Aqua,MODIS,68,6.2,312,19.1,D,0
-18.7187,132.2281,362.9,1,1,2014-10-19,0453,Aqua,MODIS,100,6.2,319.8,66.1,D,0
-18.7174,132.2379,347.7,1,1,2014-10-19,0453,Aqua,MODIS,65,6.2,316.4,27.5,D,0
-18.2324,132.4837,350,1,1,2014-10-19,0453,Aqua,MODIS,92,6.2,319,38,D,0
-18.243,132.407,342.6,1,1,2014-10-19,0453,Aqua,MODIS,76,6.2,319.9,25.3,D,0
-18.2347,132.4099,362.3,1,1,2014-10-19,0453,Aqua,MODIS,100,6.2,324,68,D,0
-18.2243,132.4181,358.3,1,1,2014-10-19,0453,Aqua,MODIS,98,6.2,323.3,53.7,D,0
-18.2705,132.3425,335.9,1,1,2014-10-19,0453,Aqua,MODIS,41,6.2,316.4,14.8,D,0
-18.2614,132.3411,337.7,1,1,2014-10-19,0453,Aqua,MODIS,52,6.2,318,16.4,D,0
-18.2443,132.3974,336.8,1,1,2014-10-19,0453,Aqua,MODIS,49,6.2,318.1,15.8,D,0
-17.9668,132.4831,352.9,1,1,2014-10-19,0453,Aqua,MODIS,94,6.2,325.8,40.3,D,0
-17.9654,132.4926,341.3,1,1,2014-10-19,0453,Aqua,MODIS,69,6.2,322.3,17.7,D,0
-17.9745,132.494,343.1,1,1,2014-10-19,0453,Aqua,MODIS,69,6.2,322.5,20,D,0
-18.0003,132.5078,340.3,1,1,2014-10-19,0453,Aqua,MODIS,47,6.2,323.5,14.6,D,0
-17.5764,133.1009,356.3,1,1,2014-10-19,0453,Aqua,MODIS,80,6.2,323.8,48.1,D,0
-17.5867,133.093,350.8,1,1,2014-10-19,0453,Aqua,MODIS,57,6.2,320.9,36.8,D,0
-17.2527,130.4228,342.8,1.2,1.1,2014-10-19,0453,Aqua,MODIS,83,6.2,319.9,25.6,D,0
-17.0734,130.2382,338,1.2,1.1,2014-10-19,0453,Aqua,MODIS,63,6.2,313.4,27.3,D,0
-17.2248,130.4857,338.9,1.2,1.1,2014-10-19,0453,Aqua,MODIS,77,6.2,317.7,22,D,0
-18.4196,130.364,345.2,1.2,1.1,2014-10-19,0453,Aqua,MODIS,71,6.2,324.5,35.5,D,0
-17.2624,130.4242,351.9,1.2,1.1,2014-10-19,0453,Aqua,MODIS,93,6.2,320.4,49,D,0
-17.6266,125.3085,345.1,2.7,1.6,2014-10-19,0453,Aqua,MODIS,88,6.2,316.9,129.6,D,0
-17.2077,130.5221,337.2,1.2,1.1,2014-10-19,0453,Aqua,MODIS,70,6.2,319,15.4,D,0
-17.6234,125.3032,338,2.7,1.6,2014-10-19,0453,Aqua,MODIS,77,6.2,316.3,77.7,D,0
-17.3027,130.4187,337.1,1.2,1.1,2014-10-19,0453,Aqua,MODIS,36,6.2,321.4,13.5,D,0
-17.261,130.4352,342,1.2,1.1,2014-10-19,0453,Aqua,MODIS,40,6.2,320.9,24.6,D,0
-17.2091,130.5113,334.7,1.2,1.1,2014-10-19,0453,Aqua,MODIS,47,6.2,319.7,11.1,D,0
-18.4216,130.3594,354.3,1.2,1.1,2014-10-19,0453,Aqua,MODIS,95,6.2,323,63.3,D,0
-18.4202,130.3709,346.5,1.2,1.1,2014-10-19,0453,Aqua,MODIS,65,6.2,325.5,37.6,D,0
-18.4315,130.3608,348.6,1.2,1.1,2014-10-19,0453,Aqua,MODIS,86,6.2,322.1,46.8,D,0
-18.4181,130.3755,338.7,1.2,1.1,2014-10-19,0453,Aqua,MODIS,47,6.2,324.5,19,D,0
-16.4177,142.321,378,3.6,1.8,2014-10-19,0453,Aqua,MODIS,100,6.2,311.6,806.2,D,0
-16.4678,142.3741,343.7,3.6,1.8,2014-10-19,0453,Aqua,MODIS,89,6.2,308.6,199.7,D,0
-16.5902,142.164,339.4,3.4,1.7,2014-10-19,0453,Aqua,MODIS,85,6.2,302.7,188.9,D,0
-15.0702,142.2905,351.7,3.8,1.8,2014-10-19,0453,Aqua,MODIS,96,6.2,307.5,360.2,D,0
-15.0585,142.2245,327.7,3.7,1.8,2014-10-19,0453,Aqua,MODIS,67,6.2,304.2,83.9,D,0
-16.4165,142.2822,359.2,3.5,1.8,2014-10-19,0453,Aqua,MODIS,99,6.2,311.5,413.8,D,0
-16.3991,142.2492,333.3,3.5,1.8,2014-10-19,0453,Aqua,MODIS,52,6.2,307.6,103.7,D,0
-15.0776,142.3,333.5,3.8,1.8,2014-10-19,0453,Aqua,MODIS,85,6.2,307.8,142.4,D,0
-15.9962,133.9079,336.4,1,1,2014-10-19,0453,Aqua,MODIS,30,6.2,321.4,12.9,D,0
-16.2537,134.2121,335.4,1,1,2014-10-19,0453,Aqua,MODIS,43,6.2,318.7,12.7,D,0
-16.4999,142.407,359.5,3.6,1.8,2014-10-19,0453,Aqua,MODIS,99,6.2,312.4,429,D,0
-16.2324,134.2286,342.5,1.1,1,2014-10-19,0453,Aqua,MODIS,69,6.2,316.8,23.8,D,0
-15.99,133.8872,340.3,1,1,2014-10-19,0453,Aqua,MODIS,49,6.2,321.1,17.9,D,0
-16.3913,142.2431,328.1,3.5,1.8,2014-10-19,0453,Aqua,MODIS,38,6.2,305.7,78,D,0
-15.054,142.2871,339.8,3.8,1.8,2014-10-19,0453,Aqua,MODIS,90,6.2,304.4,200.6,D,0
-16.4241,142.2883,359.2,3.5,1.8,2014-10-19,0453,Aqua,MODIS,99,6.2,312.8,413.7,D,0
-15.0379,142.2838,325.1,3.8,1.8,2014-10-19,0453,Aqua,MODIS,54,6.2,305.2,72,D,0
-15.0424,142.2213,334,3.7,1.8,2014-10-19,0453,Aqua,MODIS,83,6.2,302.3,138.9,D,0
-15.0519,142.2588,368.1,3.8,1.8,2014-10-19,0453,Aqua,MODIS,100,6.2,305.2,660,D,0
-15.0766,142.256,333.7,3.8,1.8,2014-10-19,0453,Aqua,MODIS,86,6.2,307.1,131.8,D,0
-16.3974,142.2107,332.6,3.5,1.8,2014-10-19,0453,Aqua,MODIS,68,6.2,306.3,115.6,D,0
-15.0452,142.2933,323.2,3.8,1.8,2014-10-19,0453,Aqua,MODIS,61,6.2,304.7,55,D,0
-16.4937,142.4403,335,3.6,1.8,2014-10-19,0453,Aqua,MODIS,74,6.2,309.2,120.6,D,0
-15.0841,142.2654,333.5,3.8,1.8,2014-10-19,0453,Aqua,MODIS,85,6.2,308.7,136.9,D,0
-16.4588,142.3638,342.9,3.6,1.8,2014-10-19,0453,Aqua,MODIS,89,6.2,309.5,195.1,D,0
-16.2226,134.2403,337.5,1.1,1,2014-10-19,0453,Aqua,MODIS,34,6.2,315.1,16.9,D,0
-16.5926,142.2021,367.6,3.4,1.7,2014-10-19,0453,Aqua,MODIS,100,6.2,306.5,579.4,D,0
-16.5842,142.1958,336.8,3.4,1.7,2014-10-19,0453,Aqua,MODIS,82,6.2,302.8,164.2,D,0
-15.0614,142.2966,345.7,3.8,1.8,2014-10-19,0453,Aqua,MODIS,93,6.2,305.1,275.3,D,0
-16.1043,133.9179,355.4,1,1,2014-10-19,0453,Aqua,MODIS,96,6.2,319.2,49.4,D,0
-16.407,142.2463,331.4,3.5,1.8,2014-10-19,0453,Aqua,MODIS,61,6.2,308.7,97.1,D,0
-15.0604,142.2527,346.2,3.8,1.8,2014-10-19,0453,Aqua,MODIS,93,6.2,303.2,273.6,D,0
-16.4103,142.3149,370.6,3.6,1.8,2014-10-19,0453,Aqua,MODIS,100,6.2,309.4,638,D,0
-16.4587,142.0582,340.8,3.4,1.7,2014-10-19,0453,Aqua,MODIS,87,6.2,303.1,194,D,0
-16.6435,142.6692,326.9,3.7,1.8,2014-10-19,0453,Aqua,MODIS,48,6.2,312,49.7,D,0
-15.0357,142.2555,347.8,3.8,1.8,2014-10-19,0453,Aqua,MODIS,94,6.2,304.3,300.8,D,0
-16.5868,142.0977,392.4,3.4,1.7,2014-10-19,0453,Aqua,MODIS,100,6.2,306.5,1182.7,D,0
-15.068,142.2621,347,3.8,1.8,2014-10-19,0453,Aqua,MODIS,94,6.2,304.6,288.3,D,0
-16.212,134.2486,339.1,1.1,1,2014-10-19,0453,Aqua,MODIS,62,6.2,313.8,19.5,D,0
-16.4084,142.285,341.6,3.5,1.8,2014-10-19,0453,Aqua,MODIS,87,6.2,307.1,181.2,D,0
-15.0443,142.2493,362.8,3.8,1.8,2014-10-19,0453,Aqua,MODIS,100,6.2,305.2,555.1,D,0
-16.5088,142.4171,339.7,3.6,1.8,2014-10-19,0453,Aqua,MODIS,85,6.2,311.5,161.3,D,0
-16.4199,142.3512,327.5,3.6,1.8,2014-10-19,0453,Aqua,MODIS,28,6.2,308.9,61.2,D,0
-16.4261,142.3183,360.5,3.6,1.8,2014-10-19,0453,Aqua,MODIS,100,6.2,311.2,443.7,D,0
-16.4892,142.0365,328.5,3.4,1.7,2014-10-19,0453,Aqua,MODIS,23,6.2,301.9,89.9,D,0
-16.4522,142.0614,341.4,3.4,1.7,2014-10-19,0453,Aqua,MODIS,87,6.2,302.8,196.7,D,0
-15.2763,142.8155,326.4,4.1,1.9,2014-10-19,0453,Aqua,MODIS,59,6.2,307.1,76.4,D,0
-15.0879,142.4526,325.9,3.9,1.8,2014-10-19,0453,Aqua,MODIS,47,6.2,305,76.2,D,0
-16.4746,142.3672,327.3,3.6,1.8,2014-10-19,0453,Aqua,MODIS,39,6.2,309,48.6,D,0
-15.0282,142.246,345.8,3.8,1.8,2014-10-19,0453,Aqua,MODIS,93,6.2,302.6,286.9,D,0
-16.5808,142.1291,373.1,3.4,1.7,2014-10-19,0453,Aqua,MODIS,100,6.2,302.5,693.6,D,0
-15.0346,142.2117,323.8,3.7,1.8,2014-10-19,0453,Aqua,MODIS,51,6.2,301,67.5,D,0
-16.4335,142.3242,333.7,3.6,1.8,2014-10-19,0453,Aqua,MODIS,73,6.2,310,99.5,D,0
-16.4054,142.2169,336,3.5,1.8,2014-10-19,0453,Aqua,MODIS,74,6.2,307.2,129.1,D,0
-16.4929,142.4138,356.7,3.6,1.8,2014-10-19,0453,Aqua,MODIS,98,6.2,310,386.4,D,0
-16.9144,142.2238,344.2,3.4,1.7,2014-10-19,0453,Aqua,MODIS,89,6.2,311.6,195.3,D,0
-16.3008,133.8347,344.6,1,1,2014-10-19,0453,Aqua,MODIS,82,6.2,314.7,27.6,D,0
-16.6178,142.1042,342.1,3.4,1.7,2014-10-19,0453,Aqua,MODIS,87,6.2,304.5,203,D,0
-16.9299,142.227,331,3.4,1.7,2014-10-19,0453,Aqua,MODIS,62,6.2,311.5,75.7,D,0
-16.3147,133.8662,345.8,1,1,2014-10-19,0453,Aqua,MODIS,88,6.2,316.6,32.3,D,0
-16.9082,142.2555,334,3.4,1.7,2014-10-19,0453,Aqua,MODIS,67,6.2,312.5,92.2,D,0
-16.7434,142.4101,332.1,3.6,1.8,2014-10-19,0453,Aqua,MODIS,75,6.2,311.2,79.8,D,0
-16.8019,142.1877,335.5,3.4,1.7,2014-10-19,0453,Aqua,MODIS,67,6.2,309.4,117.4,D,0
-16.8013,142.1598,361,3.4,1.7,2014-10-19,0453,Aqua,MODIS,100,6.2,307.9,428.8,D,0
-16.7796,142.188,337.5,3.4,1.7,2014-10-19,0453,Aqua,MODIS,79,6.2,308,136.4,D,0
-16.7276,142.4067,331,3.6,1.8,2014-10-19,0453,Aqua,MODIS,73,6.2,310.6,70.8,D,0
-16.9132,142.2491,335.7,3.4,1.7,2014-10-19,0453,Aqua,MODIS,70,6.2,312.5,106.9,D,0
-16.8355,142.2327,337.9,3.4,1.7,2014-10-19,0453,Aqua,MODIS,74,6.2,312.3,122,D,0
-16.7497,142.3773,331.4,3.5,1.8,2014-10-19,0453,Aqua,MODIS,73,6.2,311,74,D,0
-16.7414,142.3805,337.5,3.5,1.8,2014-10-19,0453,Aqua,MODIS,82,6.2,310.4,127.5,D,0
-16.7339,142.3739,328.2,3.5,1.8,2014-10-19,0453,Aqua,MODIS,63,6.2,309.7,48.6,D,0
-16.8078,142.1562,336.2,3.4,1.7,2014-10-19,0453,Aqua,MODIS,72,6.2,306.8,128.9,D,0
-16.7951,142.1913,338.4,3.4,1.7,2014-10-19,0453,Aqua,MODIS,67,6.2,309.6,137.8,D,0
-16.0325,134.2171,339.2,1.1,1,2014-10-19,0453,Aqua,MODIS,62,6.2,317.8,21,D,0
-16.6519,142.6633,327.6,3.7,1.8,2014-10-19,0453,Aqua,MODIS,38,6.2,311.8,48.5,D,0
-16.7349,142.4133,332,3.6,1.8,2014-10-19,0453,Aqua,MODIS,75,6.2,311,76.9,D,0
-14.9751,143.3902,336.9,4.6,2,2014-10-19,0453,Aqua,MODIS,88,6.2,297.9,252.1,D,0
-16.017,134.1946,339.4,1.1,1,2014-10-19,0453,Aqua,MODIS,69,6.2,316,19.9,D,0
-16.7864,142.1845,349.9,3.4,1.7,2014-10-19,0453,Aqua,MODIS,93,6.2,308.6,271.2,D,0
-16.6118,142.1356,364.7,3.4,1.7,2014-10-19,0453,Aqua,MODIS,100,6.2,309.6,508.4,D,0
-19.8845,127.9453,343.4,1.8,1.3,2014-10-19,0453,Aqua,MODIS,77,6.2,324.5,50.2,D,0
-16.2908,133.9016,333.7,1,1,2014-10-19,0453,Aqua,MODIS,51,6.2,315.5,12.1,D,0
-16.3176,133.8471,350.4,1,1,2014-10-19,0453,Aqua,MODIS,91,6.2,317.8,41.2,D,0
-16.319,133.8376,344.2,1,1,2014-10-19,0453,Aqua,MODIS,78,6.2,318.2,30.6,D,0
-16.0185,134.1848,336.5,1.1,1,2014-10-19,0453,Aqua,MODIS,60,6.2,318.8,14.5,D,0
-16.6058,142.1673,356.2,3.4,1.7,2014-10-19,0453,Aqua,MODIS,97,6.2,308.3,371.5,D,0
-16.6213,142.1706,346.8,3.4,1.7,2014-10-19,0453,Aqua,MODIS,91,6.2,309.8,235.5,D,0
-16.0122,134.1637,343.5,1.1,1,2014-10-19,0453,Aqua,MODIS,87,6.2,318,26.1,D,0
-16.2917,133.8332,341.4,1,1,2014-10-19,0453,Aqua,MODIS,56,6.2,317.9,20.9,D,0
-16.6113,142.1073,354.6,3.4,1.7,2014-10-19,0453,Aqua,MODIS,96,6.2,306.7,360.5,D,0
-16.6871,142.1966,334.8,3.4,1.7,2014-10-19,0453,Aqua,MODIS,55,6.2,309.6,90.4,D,0
-16.6051,142.1387,373,3.4,1.7,2014-10-19,0453,Aqua,MODIS,100,6.2,310.5,677.7,D,0
-16.2923,133.7681,341.4,1,1,2014-10-19,0453,Aqua,MODIS,81,6.2,313.6,27.6,D,0
-16.0108,134.1735,339.4,1.1,1,2014-10-19,0453,Aqua,MODIS,72,6.2,317.4,19,D,0
-16.0083,133.7629,344.2,1,1,2014-10-19,0453,Aqua,MODIS,83,6.2,317.6,31.2,D,0
-16.0055,133.782,386.3,1,1,2014-10-19,0453,Aqua,MODIS,100,6.2,324.9,162.2,D,0
-16.2013,134.2569,338.5,1.1,1,2014-10-19,0453,Aqua,MODIS,58,6.2,317.3,18.5,D,0
-17.2003,140.9713,327.8,2.7,1.6,2014-10-19,0453,Aqua,MODIS,45,6.2,311.8,28.6,D,0
-17.1934,140.9906,326.5,2.7,1.6,2014-10-19,0453,Aqua,MODIS,49,6.2,311.9,25.7,D,0
-16.064,134.2487,336.3,1.1,1,2014-10-19,0453,Aqua,MODIS,54,6.2,316.3,14.1,D,0
-16.6552,142.3837,335.4,3.6,1.8,2014-10-19,0453,Aqua,MODIS,78,6.2,309.7,121.6,D,0
-16.1626,133.8391,341.3,1,1,2014-10-19,0453,Aqua,MODIS,68,6.2,315.2,20.6,D,0
-16.3161,133.8567,355.7,1,1,2014-10-19,0453,Aqua,MODIS,97,6.2,318,54.1,D,0
-16.4594,131.298,376.1,1.1,1,2014-10-19,0453,Aqua,MODIS,100,6.2,322.4,118.3,D,0
-16.4608,131.288,353.3,1.1,1,2014-10-19,0453,Aqua,MODIS,70,6.2,321.2,41.7,D,0
-16.4488,131.3065,351.1,1.1,1,2014-10-19,0453,Aqua,MODIS,72,6.2,320.7,37.7,D,0
-16.4502,131.2966,358.8,1.1,1,2014-10-19,0453,Aqua,MODIS,92,6.2,324.2,55.8,D,0
-16.4515,131.2867,354.8,1.1,1,2014-10-19,0453,Aqua,MODIS,81,6.2,323.2,43.9,D,0
-17.2548,133.0312,355.5,1,1,2014-10-19,0453,Aqua,MODIS,70,6.2,325.1,43.4,D,0
-17.2561,133.0219,355.9,1,1,2014-10-19,0453,Aqua,MODIS,82,6.2,328.6,41.8,D,0
-17.2458,133.0298,350,1,1,2014-10-19,0453,Aqua,MODIS,41,6.2,324,32.1,D,0
-17.2471,133.0205,362,1,1,2014-10-19,0453,Aqua,MODIS,96,6.2,329.7,58.3,D,0
-17.2485,133.0111,358,1,1,2014-10-19,0453,Aqua,MODIS,88,6.2,330.4,44.8,D,0
-17.2368,133.0284,347.1,1,1,2014-10-19,0453,Aqua,MODIS,53,6.2,323.7,28.3,D,0
-17.2381,133.019,366.8,1,1,2014-10-19,0453,Aqua,MODIS,100,6.2,330.2,74.6,D,0
-17.2395,133.0097,367.1,1,1,2014-10-19,0453,Aqua,MODIS,100,6.2,331.6,77,D,0
-17.2291,133.0215,356.1,1,1,2014-10-19,0453,Aqua,MODIS,97,6.2,328.2,47,D,0
-17.2304,133.0122,361.2,1,1,2014-10-19,0453,Aqua,MODIS,100,6.2,330.7,57.6,D,0
-16.6488,142.3902,328.5,3.6,1.8,2014-10-19,0453,Aqua,MODIS,40,6.2,310.3,57.3,D,0
-17.2621,132.8506,362.8,1,1,2014-10-19,0453,Aqua,MODIS,100,6.2,320.8,71.6,D,0
-17.2635,132.8412,342.5,1,1,2014-10-19,0453,Aqua,MODIS,83,6.2,317.2,26.7,D,0
-16.2697,134.1051,344.7,1,1,2014-10-19,0453,Aqua,MODIS,69,6.2,318.5,25.7,D,0
-16.1668,133.8105,339.2,1,1,2014-10-19,0453,Aqua,MODIS,71,6.2,316.7,20.8,D,0
-16.1682,133.8009,344.7,1,1,2014-10-19,0453,Aqua,MODIS,87,6.2,315.5,31.5,D,0
-17.4562,133.037,344.1,1,1,2014-10-19,0453,Aqua,MODIS,16,6.2,323.6,11,D,0
-17.4576,133.0276,350.6,1,1,2014-10-19,0453,Aqua,MODIS,80,6.2,322.4,22.8,D,0
-17.4589,133.0182,359.8,1,1,2014-10-19,0453,Aqua,MODIS,91,6.2,322.7,55.2,D,0
-17.4473,133.0356,345.9,1,1,2014-10-19,0453,Aqua,MODIS,51,6.2,325.4,15.2,D,0
-17.4486,133.0262,351.9,1,1,2014-10-19,0453,Aqua,MODIS,68,6.2,325.8,27.3,D,0
-17.4383,133.0341,348.3,1,1,2014-10-19,0453,Aqua,MODIS,79,6.2,326.8,22.6,D,0
-17.4396,133.0248,349,1,1,2014-10-19,0453,Aqua,MODIS,25,6.2,325.9,24.7,D,0
-17.2498,133.0018,352.7,1,1,2014-10-19,0453,Aqua,MODIS,89,6.2,326.9,36.3,D,0
-17.2408,133.0003,368.7,1,1,2014-10-19,0453,Aqua,MODIS,100,6.2,329.6,81.7,D,0
-17.2421,132.991,341.4,1,1,2014-10-19,0453,Aqua,MODIS,45,6.2,320.8,17.1,D,0
-17.2318,133.0028,366.7,1,1,2014-10-19,0453,Aqua,MODIS,100,6.2,331.8,74.1,D,0
-17.2331,132.9935,385.5,1,1,2014-10-19,0453,Aqua,MODIS,100,6.2,335.3,147.6,D,0
-17.2344,132.9841,362.4,1,1,2014-10-19,0453,Aqua,MODIS,100,6.2,324,64,D,0
-17.2228,133.0014,382.2,1,1,2014-10-19,0453,Aqua,MODIS,100,6.2,328.9,132.3,D,0
-17.2241,132.9921,419.3,1,1,2014-10-19,0453,Aqua,MODIS,100,6.2,333.1,361.2,D,0
-17.2255,132.9827,401.5,1,1,2014-10-19,0453,Aqua,MODIS,100,6.2,324,234.9,D,0
-17.2268,132.9734,343.2,1,1,2014-10-19,0453,Aqua,MODIS,80,6.2,313.9,22.9,D,0
-17.4603,133.0089,359,1,1,2014-10-19,0453,Aqua,MODIS,99,6.2,321.2,58.5,D,0
-17.4499,133.0168,351.4,1,1,2014-10-19,0453,Aqua,MODIS,72,6.2,324.6,34.2,D,0
-17.4513,133.0074,341.1,1,1,2014-10-19,0453,Aqua,MODIS,41,6.2,321.7,18.4,D,0
-17.2168,132.9144,339.2,1,1,2014-10-19,0453,Aqua,MODIS,39,6.2,317.6,15.7,D,0
-17.2065,132.9224,337.2,1,1,2014-10-19,0453,Aqua,MODIS,52,6.2,318.4,14.4,D,0
-17.2079,132.913,336.9,1,1,2014-10-19,0453,Aqua,MODIS,22,6.2,318.9,13.4,D,0
-16.6023,142.1009,397,3.4,1.7,2014-10-19,0453,Aqua,MODIS,100,6.2,312.4,1327,D,0
-16.8289,130.7104,337,1.1,1.1,2014-10-19,0453,Aqua,MODIS,42,6.2,319.9,18,D,0
-17.2214,133.0108,354.5,1,1,2014-10-19,0453,Aqua,MODIS,95,6.2,324.7,42.5,D,0
-16.5963,142.1324,387.3,3.4,1.7,2014-10-19,0453,Aqua,MODIS,100,6.2,310.3,1038.8,D,0
-16.5989,142.1703,358.2,3.4,1.7,2014-10-19,0453,Aqua,MODIS,98,6.2,306.8,410.6,D,0
-16.8999,130.6885,339.3,1.1,1.1,2014-10-19,0453,Aqua,MODIS,71,6.2,317,20,D,0
-16.8889,130.6976,338.3,1.1,1.1,2014-10-19,0453,Aqua,MODIS,67,6.2,318.8,19.4,D,0
-16.878,130.7068,338.8,1.1,1.1,2014-10-19,0453,Aqua,MODIS,52,6.2,316.7,19.7,D,0
-16.8684,130.7054,345.9,1.1,1.1,2014-10-19,0453,Aqua,MODIS,88,6.2,318.4,34.8,D,0
-16.848,130.7132,344.9,1.1,1.1,2014-10-19,0453,Aqua,MODIS,79,6.2,316.4,32.1,D,0
-16.6644,142.2504,336.2,3.5,1.8,2014-10-19,0453,Aqua,MODIS,76,6.2,309.8,123.6,D,0
-17.8801,141.1828,337.7,2.7,1.6,2014-10-19,0453,Aqua,MODIS,81,6.2,313,97.1,D,0
-17.866,141.1798,334.5,2.7,1.6,2014-10-19,0453,Aqua,MODIS,77,6.2,310.5,76.2,D,0
-16.6238,142.2086,335.1,3.4,1.7,2014-10-19,0453,Aqua,MODIS,52,6.2,308.6,119.2,D,0
-17.8707,141.1545,333.7,2.7,1.6,2014-10-19,0453,Aqua,MODIS,75,6.2,312.4,70.9,D,0
-16.4357,131.264,342,1.1,1,2014-10-19,0453,Aqua,MODIS,40,6.2,322.5,16.7,D,0
-16.4371,131.2541,351.5,1.1,1,2014-10-19,0453,Aqua,MODIS,87,6.2,321.6,39.1,D,0
-16.4294,131.1715,340.7,1.1,1,2014-10-19,0453,Aqua,MODIS,23,6.2,319.2,20.6,D,0
-16.4214,131.1601,351.3,1.1,1,2014-10-19,0453,Aqua,MODIS,83,6.2,317.2,44.5,D,0
-16.4014,131.1675,351.5,1.1,1,2014-10-19,0453,Aqua,MODIS,87,6.2,318.1,39.6,D,0
-16.4028,131.1574,401.8,1.1,1,2014-10-19,0453,Aqua,MODIS,100,6.2,322.2,264,D,0
-16.3922,131.1661,343.1,1.1,1,2014-10-19,0453,Aqua,MODIS,61,6.2,319.3,22.7,D,0
-16.3935,131.156,356.7,1.1,1,2014-10-19,0453,Aqua,MODIS,97,6.2,319.1,57.9,D,0
-16.383,131.1898,348.9,1.1,1,2014-10-19,0453,Aqua,MODIS,91,6.2,322.9,39.4,D,0
-16.3843,131.1798,343.2,1.1,1,2014-10-19,0453,Aqua,MODIS,52,6.2,319.5,24.9,D,0
-16.3857,131.1698,347.3,1.1,1,2014-10-19,0453,Aqua,MODIS,89,6.2,320.4,36.2,D,0
-16.3871,131.1598,338.4,1.1,1,2014-10-19,0453,Aqua,MODIS,77,6.2,319.3,18.6,D,0
-16.3723,131.1983,336.5,1.1,1,2014-10-19,0453,Aqua,MODIS,66,6.2,318.3,15.4,D,0
-16.3737,131.1884,385.6,1.1,1,2014-10-19,0453,Aqua,MODIS,100,6.2,323,169.3,D,0
-16.3751,131.1784,343.7,1.1,1,2014-10-19,0453,Aqua,MODIS,73,6.2,319.6,26.6,D,0
-16.7026,142.1999,331.6,3.4,1.7,2014-10-19,0453,Aqua,MODIS,11,6.2,309.9,66.9,D,0
-16.6153,142.2024,349.5,3.4,1.7,2014-10-19,0453,Aqua,MODIS,93,6.2,308.8,275.5,D,0
-16.6082,142.2053,343.4,3.4,1.7,2014-10-19,0453,Aqua,MODIS,88,6.2,307.4,216.5,D,0
-17.404,131.0332,336.8,1.1,1,2014-10-19,0453,Aqua,MODIS,62,6.2,320.6,14.1,D,0
-17.2936,131.0324,346.6,1.1,1,2014-10-19,0453,Aqua,MODIS,88,6.2,322.8,31.2,D,0
-17.295,131.022,357.5,1.1,1,2014-10-19,0453,Aqua,MODIS,98,6.2,321.7,60.3,D,0
-16.4041,131.1473,348,1.1,1,2014-10-19,0453,Aqua,MODIS,75,6.2,313.9,38.3,D,0
-16.5998,142.1991,366.2,3.4,1.7,2014-10-19,0453,Aqua,MODIS,100,6.2,307.8,544.7,D,0
-16.6268,142.1105,327.5,3.4,1.7,2014-10-19,0453,Aqua,MODIS,39,6.2,303.6,77.9,D,0
-16.0069,133.7724,350.7,1,1,2014-10-19,0453,Aqua,MODIS,93,6.2,318.3,42.5,D,0
-16.059,133.7865,338.2,1,1,2014-10-19,0453,Aqua,MODIS,75,6.2,320.6,17.2,D,0
-16.0006,133.7519,346,1,1,2014-10-19,0453,Aqua,MODIS,89,6.2,315.7,38.3,D,0
-16.1492,133.8663,337.7,1,1,2014-10-19,0453,Aqua,MODIS,38,6.2,317.4,17.1,D,0
-16.1696,133.7914,373.2,1,1,2014-10-19,0453,Aqua,MODIS,100,6.2,317,112,D,0
-16.171,133.7818,335.6,1,1,2014-10-19,0453,Aqua,MODIS,74,6.2,311.9,19.4,D,0
-16.2474,133.9467,356.2,1,1,2014-10-19,0453,Aqua,MODIS,97,6.2,317.6,56.8,D,0
-16.6867,142.364,329.3,3.5,1.8,2014-10-19,0453,Aqua,MODIS,48,6.2,308.7,56.1,D,0
-16.246,133.9563,345.4,1,1,2014-10-19,0453,Aqua,MODIS,88,6.2,314.3,32,D,0
-16.2946,133.8141,348.5,1,1,2014-10-19,0453,Aqua,MODIS,74,6.2,315.7,37.8,D,0
-16.1605,133.7899,379.2,1,1,2014-10-19,0453,Aqua,MODIS,100,6.2,318.7,134.6,D,0
-16.3006,134.1499,337.7,1,1,2014-10-19,0453,Aqua,MODIS,55,6.2,315.4,17.4,D,0
-16.2774,134.1163,339.7,1,1,2014-10-19,0453,Aqua,MODIS,39,6.2,315.1,17.1,D,0
-16.2837,134.1372,370.8,1,1,2014-10-19,0453,Aqua,MODIS,100,6.2,321,98.4,D,0
-16.2923,133.892,332.3,1,1,2014-10-19,0453,Aqua,MODIS,35,6.2,317,9.8,D,0
-16.2789,134.1066,369.4,1,1,2014-10-19,0453,Aqua,MODIS,100,6.2,316.9,92.6,D,0
-16.2683,134.1148,344.7,1,1,2014-10-19,0453,Aqua,MODIS,85,6.2,315.7,26.5,D,0
-16.0877,133.7813,334.3,1,1,2014-10-19,0453,Aqua,MODIS,64,6.2,318.4,13.2,D,0
-15.9859,133.7886,340.5,1,1,2014-10-19,0453,Aqua,MODIS,35,6.2,317.9,19.7,D,0
-16.7431,142.2415,336.7,3.4,1.7,2014-10-19,0453,Aqua,MODIS,81,6.2,311.7,115.5,D,0
-16.317,133.7885,339.2,1,1,2014-10-19,0453,Aqua,MODIS,80,6.2,311.1,26.1,D,0
-16.0022,134.0428,338.6,1,1,2014-10-19,0453,Aqua,MODIS,72,6.2,320.1,15.5,D,0
-16.3184,133.779,354.6,1,1,2014-10-19,0453,Aqua,MODIS,96,6.2,313.6,59.1,D,0
-16.1438,133.7774,330.8,1,1,2014-10-19,0453,Aqua,MODIS,24,6.2,315.8,10.8,D,0
-16.1619,133.7804,339.9,1,1,2014-10-19,0453,Aqua,MODIS,81,6.2,312.6,25.2,D,0
-16.1563,133.8185,357.8,1,1,2014-10-19,0453,Aqua,MODIS,98,6.2,320.1,59.2,D,0
-16.1109,133.8112,333.2,1,1,2014-10-19,0453,Aqua,MODIS,55,6.2,315.2,13.7,D,0
-16.0113,134.0443,335.7,1,1,2014-10-19,0453,Aqua,MODIS,48,6.2,318.9,9.8,D,0
-15.9992,133.7615,383.2,1,1,2014-10-19,0453,Aqua,MODIS,100,6.2,322.8,152.5,D,0
-15.9964,133.7805,336.1,1,1,2014-10-19,0453,Aqua,MODIS,17,6.2,317.3,15,D,0
-16.1577,133.809,348.1,1,1,2014-10-19,0453,Aqua,MODIS,90,6.2,317.6,37.2,D,0
-16.1458,133.8266,345,1,1,2014-10-19,0453,Aqua,MODIS,57,6.2,318.1,31.3,D,0
-16.7088,142.1682,344.6,3.4,1.7,2014-10-19,0453,Aqua,MODIS,89,6.2,309.2,206,D,0
-16.6206,142.142,348.3,3.4,1.7,2014-10-19,0453,Aqua,MODIS,92,6.2,308.1,266.3,D,0
-16.7221,129.5664,346.5,1.3,1.1,2014-10-19,0453,Aqua,MODIS,70,6.2,314.7,45.9,D,0
-16.7064,129.5272,342.4,1.3,1.1,2014-10-19,0453,Aqua,MODIS,44,6.2,312.6,40,D,0
-16.6917,129.5622,350.1,1.3,1.1,2014-10-19,0453,Aqua,MODIS,92,6.2,317.9,44.5,D,0
-16.6947,129.5379,348.6,1.3,1.1,2014-10-19,0453,Aqua,MODIS,47,6.2,319.1,49.5,D,0
-16.6962,129.5258,395.7,1.3,1.1,2014-10-19,0453,Aqua,MODIS,100,6.2,320.5,305.6,D,0
-16.6918,129.568,342.1,1.3,1.1,2014-10-19,0453,Aqua,MODIS,67,6.2,318.1,22.1,D,0
-16.6934,129.5558,342.5,1.3,1.1,2014-10-19,0453,Aqua,MODIS,81,6.2,317.6,21.6,D,0
-16.6966,129.5316,368.2,1.3,1.1,2014-10-19,0453,Aqua,MODIS,100,6.2,320,121.3,D,0
-16.6982,129.5195,349.3,1.3,1.1,2014-10-19,0453,Aqua,MODIS,62,6.2,315.4,54.8,D,0
-16.6801,129.5786,346.5,1.3,1.1,2014-10-19,0453,Aqua,MODIS,88,6.2,319.5,36.7,D,0
-16.6817,129.5666,356.5,1.3,1.1,2014-10-19,0453,Aqua,MODIS,97,6.2,319.1,67.4,D,0
-16.6864,129.5302,371,1.3,1.1,2014-10-19,0453,Aqua,MODIS,100,6.2,320.9,132.9,D,0
-16.688,129.5181,360.7,1.3,1.1,2014-10-19,0453,Aqua,MODIS,93,6.2,315.9,91.9,D,0
-16.67,129.5772,339.5,1.3,1.1,2014-10-19,0453,Aqua,MODIS,78,6.2,318.4,20.6,D,0
-16.6762,129.5289,369.4,1.3,1.1,2014-10-19,0453,Aqua,MODIS,100,6.2,320.7,126,D,0
-16.6778,129.5167,380.4,1.3,1.1,2014-10-19,0453,Aqua,MODIS,100,6.2,321.1,190.7,D,0
-16.6279,129.5834,342.7,1.3,1.1,2014-10-19,0453,Aqua,MODIS,84,6.2,317.7,32.5,D,0
-16.6193,129.5701,340.7,1.3,1.1,2014-10-19,0453,Aqua,MODIS,81,6.2,318.7,26.5,D,0
-16.6091,129.5687,343.1,1.3,1.1,2014-10-19,0453,Aqua,MODIS,85,6.2,319.2,32.6,D,0
-16.6933,142.165,339.6,3.4,1.7,2014-10-19,0453,Aqua,MODIS,72,6.2,307.3,147.9,D,0
-16.0041,133.7915,351.4,1,1,2014-10-19,0453,Aqua,MODIS,94,6.2,319.8,41,D,0
-16.1282,133.8825,365.8,1,1,2014-10-19,0453,Aqua,MODIS,100,6.2,320.7,81.8,D,0
-15.9956,133.8488,344.5,1,1,2014-10-19,0453,Aqua,MODIS,38,6.2,324.1,21.9,D,0
-15.9851,133.8569,356.7,1,1,2014-10-19,0453,Aqua,MODIS,92,6.2,322.8,51.1,D,0
-15.9865,133.8473,355,1,1,2014-10-19,0453,Aqua,MODIS,84,6.2,323.4,45.8,D,0
-16.3042,133.8743,344.7,1,1,2014-10-19,0453,Aqua,MODIS,87,6.2,319.2,30.9,D,0
-15.9816,133.8172,345.2,1,1,2014-10-19,0453,Aqua,MODIS,42,6.2,319.8,24.9,D,0
-15.9802,133.8267,345.5,1,1,2014-10-19,0453,Aqua,MODIS,44,6.2,320.1,26.3,D,0
-16.1591,133.7994,378.9,1,1,2014-10-19,0453,Aqua,MODIS,100,6.2,320.3,131.6,D,0
-16.8416,142.201,340.9,3.4,1.7,2014-10-19,0453,Aqua,MODIS,80,6.2,310.6,160.1,D,0
-16.6982,142.1582,341.4,3.4,1.7,2014-10-19,0453,Aqua,MODIS,73,6.2,308,172.8,D,0
-16.63,142.1768,336.1,3.4,1.7,2014-10-19,0453,Aqua,MODIS,45,6.2,309.4,121.4,D,0
-16.1472,133.817,342,1,1,2014-10-19,0453,Aqua,MODIS,61,6.2,315.4,25.8,D,0
-16.6144,142.1736,349.2,3.4,1.7,2014-10-19,0453,Aqua,MODIS,93,6.2,309.1,273,D,0
-16.0388,134.0487,336.5,1,1,2014-10-19,0453,Aqua,MODIS,55,6.2,318.3,11.5,D,0
-16.2643,134.2038,340.1,1,1,2014-10-19,0453,Aqua,MODIS,62,6.2,317,21,D,0
-14.9926,142.6535,322.6,4,1.9,2014-10-19,0453,Aqua,MODIS,35,6.2,305.2,55,D,0
-18.2584,126.5891,336.5,2.2,1.4,2014-10-19,0453,Aqua,MODIS,78,6.2,320.7,54.2,D,0
-15.9978,133.771,356.3,1,1,2014-10-19,0453,Aqua,MODIS,97,6.2,317.3,57.8,D,0
-16.0479,134.0501,337.2,1,1,2014-10-19,0453,Aqua,MODIS,70,6.2,317.4,13.1,D,0
-17.9278,138.8688,327.6,1.8,1.3,2014-10-19,0453,Aqua,MODIS,37,6.2,312.2,14.3,D,0
-16.1296,133.8729,350.8,1,1,2014-10-19,0453,Aqua,MODIS,81,6.2,317.2,42.5,D,0
-16.9817,130.6202,332.1,1.1,1.1,2014-10-19,0453,Aqua,MODIS,16,6.2,312.5,11.5,D,0
-16.9928,130.6109,344.8,1.1,1.1,2014-10-19,0453,Aqua,MODIS,87,6.2,313.1,34.2,D,0
-17.0023,130.6123,337.2,1.1,1.1,2014-10-19,0453,Aqua,MODIS,59,6.2,314.7,18.5,D,0
-17.0009,130.623,342.6,1.1,1.1,2014-10-19,0453,Aqua,MODIS,81,6.2,315.1,29.5,D,0
-17.4481,128.4935,345,1.6,1.2,2014-10-19,0453,Aqua,MODIS,87,6.2,319.7,53.5,D,0
-17.45,128.4787,341.2,1.6,1.2,2014-10-19,0453,Aqua,MODIS,82,6.2,318.3,41.7,D,0
-17.4517,128.4645,341.7,1.6,1.2,2014-10-19,0453,Aqua,MODIS,84,6.2,317.3,46.3,D,0
-17.4406,128.4633,335.1,1.6,1.2,2014-10-19,0453,Aqua,MODIS,65,6.2,316.9,26.7,D,0
-17.6265,125.4056,328.3,2.6,1.6,2014-10-19,0453,Aqua,MODIS,27,6.2,312.3,29.4,D,0
-17.6238,125.4307,333.5,2.6,1.6,2014-10-19,0453,Aqua,MODIS,73,6.2,313,59.9,D,0
-17.6279,125.436,334.8,2.6,1.6,2014-10-19,0453,Aqua,MODIS,75,6.2,312.5,65,D,0
-17.022,130.5385,343,1.2,1.1,2014-10-19,0453,Aqua,MODIS,64,6.2,311.8,37.6,D,0
-17.0255,130.5335,343.2,1.2,1.1,2014-10-19,0453,Aqua,MODIS,85,6.2,309.4,44.2,D,0
-17.0241,130.5443,361.9,1.2,1.1,2014-10-19,0453,Aqua,MODIS,100,6.2,314,96,D,0
-17.0227,130.5551,351.2,1.2,1.1,2014-10-19,0453,Aqua,MODIS,93,6.2,314,58,D,0
-17.0213,130.5659,348.2,1.2,1.1,2014-10-19,0453,Aqua,MODIS,90,6.2,312.9,47.6,D,0
-17.0337,130.5457,361.6,1.2,1.1,2014-10-19,0453,Aqua,MODIS,100,6.2,311.5,94.4,D,0
-17.0323,130.5565,359,1.2,1.1,2014-10-19,0453,Aqua,MODIS,99,6.2,312.3,82.1,D,0
-17.0309,130.5673,349.1,1.2,1.1,2014-10-19,0453,Aqua,MODIS,91,6.2,312,52.3,D,0
-17.0905,130.4877,336.6,1.2,1.1,2014-10-19,0453,Aqua,MODIS,74,6.2,312.3,24.1,D,0
-17.089,130.4986,368.7,1.2,1.1,2014-10-19,0453,Aqua,MODIS,100,6.2,315.4,113.4,D,0
-17.0876,130.5094,372.1,1.2,1.1,2014-10-19,0453,Aqua,MODIS,100,6.2,315.7,128.1,D,0
-17.1001,130.4891,337.3,1.2,1.1,2014-10-19,0453,Aqua,MODIS,75,6.2,314.3,23.2,D,0
-17.0987,130.5,360.2,1.2,1.1,2014-10-19,0453,Aqua,MODIS,100,6.2,317.8,79.3,D,0
-17.0972,130.5108,352.9,1.2,1.1,2014-10-19,0453,Aqua,MODIS,94,6.2,317.9,56.5,D,0
-17.1069,130.5122,339.9,1.2,1.1,2014-10-19,0453,Aqua,MODIS,24,6.2,316.8,20,D,0
-17.129,130.522,334.9,1.2,1.1,2014-10-19,0453,Aqua,MODIS,62,6.2,319.7,13.4,D,0
-17.1276,130.5328,333.8,1.2,1.1,2014-10-19,0453,Aqua,MODIS,47,6.2,319.2,11.4,D,0
-17.1533,130.238,335.1,1.2,1.1,2014-10-19,0453,Aqua,MODIS,71,6.2,316.6,19.6,D,0
-17.1562,130.2335,331.7,1.2,1.1,2014-10-19,0453,Aqua,MODIS,48,6.2,315.6,11.8,D,0
-17.1547,130.2447,336.3,1.2,1.1,2014-10-19,0453,Aqua,MODIS,73,6.2,316.3,19.8,D,0
-17.195,130.3188,337.5,1.2,1.1,2014-10-19,0453,Aqua,MODIS,42,6.2,317.6,18.4,D,0
-16.5626,129.7021,337.1,1.3,1.1,2014-10-19,0453,Aqua,MODIS,25,6.2,320.8,17.3,D,0
-16.5796,129.7286,339.3,1.3,1.1,2014-10-19,0453,Aqua,MODIS,23,6.2,319,21.5,D,0
-16.5781,129.7339,343.6,1.3,1.1,2014-10-19,0453,Aqua,MODIS,65,6.2,318.5,30.7,D,0
-17.4103,128.619,338.2,1.5,1.2,2014-10-19,0453,Aqua,MODIS,40,6.2,321.4,24.6,D,0
-17.5148,128.5069,341.1,1.6,1.2,2014-10-19,0453,Aqua,MODIS,35,6.2,317.8,35.7,D,0
-17.5166,128.4923,357.7,1.6,1.2,2014-10-19,0453,Aqua,MODIS,98,6.2,321.7,103,D,0
-17.5002,128.5345,333.7,1.5,1.2,2014-10-19,0453,Aqua,MODIS,62,6.2,320.7,20.5,D,0
-17.5019,128.5202,335.8,1.5,1.2,2014-10-19,0453,Aqua,MODIS,63,6.2,319.8,24.2,D,0
-17.5037,128.5056,358.7,1.6,1.2,2014-10-19,0453,Aqua,MODIS,99,6.2,320.6,108.7,D,0
-17.4979,128.4606,342.5,1.6,1.2,2014-10-19,0453,Aqua,MODIS,72,6.2,315.8,45.3,D,0
-18.1756,130.1281,330.9,1.2,1.1,2014-10-19,0453,Aqua,MODIS,45,6.2,317.8,10.4,D,0
-18.1439,130.1421,339.5,1.2,1.1,2014-10-19,0453,Aqua,MODIS,79,6.2,320,22.3,D,0
-20.092,124.198,329.4,3.5,1.8,2014-10-19,0453,Aqua,MODIS,43,6.2,300.7,90.9,D,0
-16.5966,129.7485,337.7,1.3,1.1,2014-10-19,0453,Aqua,MODIS,55,6.2,319,18.8,D,0
-17.0209,130.248,330.8,1.2,1.1,2014-10-19,0453,Aqua,MODIS,42,6.2,314.3,13,D,0
-19.6473,128.2143,335.4,1.7,1.3,2014-10-19,0453,Aqua,MODIS,55,6.2,324.7,21,D,0
-19.6302,128.3618,341.1,1.7,1.3,2014-10-19,0453,Aqua,MODIS,68,6.2,324.8,36.4,D,0
-17.0389,128.1975,352.8,1.6,1.2,2014-10-19,0453,Aqua,MODIS,95,6.2,320.8,92.2,D,0
-17.0403,128.1899,345,1.6,1.2,2014-10-19,0453,Aqua,MODIS,88,6.2,318.3,59.8,D,0
-17.0386,128.2041,346.3,1.6,1.2,2014-10-19,0453,Aqua,MODIS,89,6.2,320.8,62.6,D,0
-16.8936,130.5898,354.2,1.1,1.1,2014-10-19,0453,Aqua,MODIS,95,6.2,318,57.3,D,0
-16.884,130.5884,337.2,1.1,1.1,2014-10-19,0453,Aqua,MODIS,50,6.2,316.7,16.3,D,0
-16.8854,130.5777,345.9,1.1,1.1,2014-10-19,0453,Aqua,MODIS,88,6.2,317.3,36.6,D,0
-16.8868,130.567,334.8,1.1,1.1,2014-10-19,0453,Aqua,MODIS,36,6.2,315.1,14.7,D,0
-16.847,130.5722,347.6,1.1,1.1,2014-10-19,0453,Aqua,MODIS,89,6.2,318.6,41.6,D,0
-16.8484,130.5615,361.2,1.1,1.1,2014-10-19,0453,Aqua,MODIS,100,6.2,318.1,81.1,D,0
-16.9682,130.5746,357.1,1.1,1.1,2014-10-19,0453,Aqua,MODIS,98,6.2,313.8,67.5,D,0
-16.9696,130.5639,356.5,1.1,1.1,2014-10-19,0453,Aqua,MODIS,97,6.2,312.9,67.1,D,0
-16.9725,130.5424,331.4,1.2,1.1,2014-10-19,0453,Aqua,MODIS,35,6.2,307.1,19,D,0
-16.9739,130.5316,359.7,1.2,1.1,2014-10-19,0453,Aqua,MODIS,99,6.2,307.9,89.7,D,0
-16.9614,130.5518,346,1.2,1.1,2014-10-19,0453,Aqua,MODIS,75,6.2,311.9,42.7,D,0
-16.9628,130.541,350.6,1.2,1.1,2014-10-19,0453,Aqua,MODIS,92,6.2,311.8,58.4,D,0
-16.9643,130.5302,409.7,1.2,1.1,2014-10-19,0453,Aqua,MODIS,100,6.2,321.7,373.5,D,0
-16.9657,130.5194,400.7,1.2,1.1,2014-10-19,0453,Aqua,MODIS,87,6.2,314,302.6,D,0
-16.9532,130.5396,355.6,1.2,1.1,2014-10-19,0453,Aqua,MODIS,96,6.2,309.2,73,D,0
-16.9546,130.5288,374.1,1.2,1.1,2014-10-19,0453,Aqua,MODIS,100,6.2,309.9,142.5,D,0
-16.956,130.518,336,1.2,1.1,2014-10-19,0453,Aqua,MODIS,62,6.2,303.2,28.3,D,0
-16.9394,130.5704,333,1.1,1.1,2014-10-19,0453,Aqua,MODIS,26,6.2,311.8,11.8,D,0
-16.9422,130.549,345.9,1.2,1.1,2014-10-19,0453,Aqua,MODIS,88,6.2,314.2,43.2,D,0
-16.9436,130.5382,357.4,1.2,1.1,2014-10-19,0453,Aqua,MODIS,98,6.2,314.6,77.8,D,0
-16.945,130.5274,334.8,1.2,1.1,2014-10-19,0453,Aqua,MODIS,70,6.2,307.5,25.4,D,0
-16.9284,130.5797,336,1.1,1.1,2014-10-19,0453,Aqua,MODIS,71,6.2,315,18.1,D,0
-16.9298,130.569,337.2,1.1,1.1,2014-10-19,0453,Aqua,MODIS,70,6.2,315,21.8,D,0
-16.9312,130.5583,387,1.1,1.1,2014-10-19,0453,Aqua,MODIS,100,6.2,317.5,203.1,D,0
-16.9326,130.5475,396.7,1.2,1.1,2014-10-19,0453,Aqua,MODIS,100,6.2,316.9,267.2,D,0
-16.9252,130.5726,338,1.1,1.1,2014-10-19,0453,Aqua,MODIS,75,6.2,314.4,22.5,D,0
-16.9266,130.5618,375.2,1.1,1.1,2014-10-19,0453,Aqua,MODIS,100,6.2,317.2,140,D,0
-16.9281,130.5511,395.1,1.1,1.1,2014-10-19,0453,Aqua,MODIS,100,6.2,317.8,253.7,D,0
-16.9295,130.5404,334,1.2,1.1,2014-10-19,0453,Aqua,MODIS,63,6.2,310.3,20.3,D,0
-16.7013,129.6491,339.4,1.3,1.1,2014-10-19,0453,Aqua,MODIS,47,6.2,319.5,22.6,D,0
-16.7089,129.5892,354.4,1.3,1.1,2014-10-19,0453,Aqua,MODIS,95,6.2,317.7,65.4,D,0
-16.9792,130.5652,341.8,1.1,1.1,2014-10-19,0453,Aqua,MODIS,50,6.2,312.5,29,D,0
-16.9778,130.576,339,1.1,1.1,2014-10-19,0453,Aqua,MODIS,50,6.2,313.1,21.1,D,0
-17.0095,130.5587,360.6,1.2,1.1,2014-10-19,0453,Aqua,MODIS,100,6.2,311.7,81.8,D,0
-17.0206,130.5493,343.5,1.2,1.1,2014-10-19,0453,Aqua,MODIS,69,6.2,313,35,D,0
-17.0148,130.5923,336.7,1.1,1.1,2014-10-19,0453,Aqua,MODIS,50,6.2,314.6,16.6,D,0
-17.0199,130.5767,345.6,1.1,1.1,2014-10-19,0453,Aqua,MODIS,87,6.2,314.3,41,D,0
-17.0185,130.5874,343.5,1.1,1.1,2014-10-19,0453,Aqua,MODIS,85,6.2,314.9,34.7,D,0
-20.3581,124.7657,347.2,3.2,1.7,2014-10-19,0453,Aqua,MODIS,74,6.2,309.3,215.3,D,0
-20.3458,124.7571,344.4,3.2,1.7,2014-10-19,0453,Aqua,MODIS,75,6.2,314.9,162.7,D,0
-17.7341,126.0716,358.5,2.4,1.5,2014-10-19,0453,Aqua,MODIS,99,6.2,321.9,210.3,D,0
-17.7315,126.0942,338.4,2.3,1.5,2014-10-19,0453,Aqua,MODIS,62,6.2,321.6,64.6,D,0
-17.7288,126.0759,342.1,2.4,1.5,2014-10-19,0453,Aqua,MODIS,57,6.2,321.1,81.5,D,0
-17.7422,126.0774,355,2.4,1.5,2014-10-19,0453,Aqua,MODIS,96,6.2,321.6,180.8,D,0
-17.9858,127.7185,333.7,1.8,1.3,2014-10-19,0453,Aqua,MODIS,56,6.2,321,28.1,D,0
-20.0524,128.067,334.5,1.8,1.3,2014-10-19,0453,Aqua,MODIS,68,6.2,321.3,27.9,D,0
-18.0343,130.1201,341,1.2,1.1,2014-10-19,0453,Aqua,MODIS,78,6.2,321.6,27.6,D,0
-17.8088,126.1825,333.9,2.3,1.5,2014-10-19,0453,Aqua,MODIS,59,6.2,318.8,51.5,D,0
-17.8101,126.1982,330.6,2.3,1.5,2014-10-19,0453,Aqua,MODIS,54,6.2,317.1,36,D,0
-17.423,128.6063,340.8,1.5,1.2,2014-10-19,0453,Aqua,MODIS,63,6.2,323.4,30.7,D,0
-17.4213,128.6205,347.1,1.5,1.2,2014-10-19,0453,Aqua,MODIS,87,6.2,320.6,54.3,D,0
-19.9171,127.9189,341.2,1.8,1.3,2014-10-19,0453,Aqua,MODIS,44,6.2,323.9,45.5,D,0
-19.9152,127.9364,349.9,1.8,1.3,2014-10-19,0453,Aqua,MODIS,92,6.2,321.4,85.1,D,0
-19.9291,127.9204,354.1,1.8,1.3,2014-10-19,0453,Aqua,MODIS,95,6.2,322.8,114.3,D,0
-17.621,125.4555,335.5,2.6,1.6,2014-10-19,0453,Aqua,MODIS,77,6.2,313.9,72.5,D,0
-17.6253,125.4609,332.7,2.6,1.6,2014-10-19,0453,Aqua,MODIS,71,6.2,313.5,53.6,D,0
-18.7058,132.1863,411.2,1,1,2014-10-19,0453,Aqua,MODIS,100,6.2,331.5,306.9,D,0
-18.6967,132.1849,406.3,1,1,2014-10-19,0453,Aqua,MODIS,100,6.2,329.2,272,D,0
-18.698,132.1751,381.3,1,1,2014-10-19,0453,Aqua,MODIS,100,6.2,325.9,131.4,D,0
-18.7085,132.1667,347.7,1,1,2014-10-19,0453,Aqua,MODIS,81,6.2,317.5,31.7,D,0
-18.7072,132.1765,450,1,1,2014-10-19,0453,Aqua,MODIS,100,6.2,341.3,713.4,D,0
-18.719,132.1583,408.9,1,1,2014-10-19,0453,Aqua,MODIS,100,6.2,327.9,305.5,D,0
-18.7177,132.1681,414,1,1,2014-10-19,0453,Aqua,MODIS,100,6.2,330.7,342.1,D,0
-18.7163,132.1779,362.3,1,1,2014-10-19,0453,Aqua,MODIS,100,6.2,322.2,68,D,0
-18.715,132.1877,347.5,1,1,2014-10-19,0453,Aqua,MODIS,52,6.2,318.5,28.4,D,0
-18.7282,132.1597,446.8,1,1,2014-10-19,0453,Aqua,MODIS,100,6.2,341.7,686,D,0
-18.7268,132.1695,399.5,1,1,2014-10-19,0453,Aqua,MODIS,100,6.2,326.9,240.3,D,0
-18.7255,132.1793,376.3,1,1,2014-10-19,0453,Aqua,MODIS,100,6.2,321.2,118.1,D,0
-18.7241,132.1891,410.6,1,1,2014-10-19,0453,Aqua,MODIS,100,6.2,329.5,309.1,D,0
-18.7228,132.1989,397.1,1,1,2014-10-19,0453,Aqua,MODIS,100,6.2,326,216.4,D,0
-18.7214,132.2086,384.7,1,1,2014-10-19,0453,Aqua,MODIS,100,6.2,326.1,149.6,D,0
-18.7201,132.2184,393.9,1,1,2014-10-19,0453,Aqua,MODIS,100,6.2,327.5,195.6,D,0
-18.7314,132.1967,341.8,1,1,2014-10-19,0453,Aqua,MODIS,61,6.2,316,29.5,D,0
-18.1639,130.2215,373.2,1.2,1.1,2014-10-19,0453,Aqua,MODIS,100,6.2,321.8,133.5,D,0
-18.1654,130.2099,341.8,1.2,1.1,2014-10-19,0453,Aqua,MODIS,23,6.2,317.5,25.2,D,0
-18.1668,130.1983,345.6,1.2,1.1,2014-10-19,0453,Aqua,MODIS,64,6.2,317.4,38.2,D,0
-18.1632,130.2278,349.8,1.2,1.1,2014-10-19,0453,Aqua,MODIS,81,6.2,321,42,D,0
-18.1647,130.2162,356.9,1.2,1.1,2014-10-19,0453,Aqua,MODIS,97,6.2,319.7,64,D,0
-18.1517,130.238,341.5,1.2,1.1,2014-10-19,0453,Aqua,MODIS,28,6.2,319,21,D,0
-18.1532,130.2264,391.1,1.2,1.1,2014-10-19,0453,Aqua,MODIS,100,6.2,323.3,235.7,D,0
-18.1547,130.2149,361.7,1.2,1.1,2014-10-19,0453,Aqua,MODIS,100,6.2,321.5,79.6,D,0
-18.1563,130.2033,343.7,1.2,1.1,2014-10-19,0453,Aqua,MODIS,36,6.2,317.9,24.8,D,0
-18.1638,130.1449,354.9,1.2,1.1,2014-10-19,0453,Aqua,MODIS,96,6.2,320.4,65.1,D,0
-18.1418,130.2366,341.7,1.2,1.1,2014-10-19,0453,Aqua,MODIS,40,6.2,322.6,22.4,D,0
-16.9502,130.6375,338.9,1.1,1.1,2014-10-19,0453,Aqua,MODIS,75,6.2,316.5,22.4,D,0
-16.9488,130.6482,340.9,1.1,1.1,2014-10-19,0453,Aqua,MODIS,81,6.2,316.5,26.3,D,0
-16.9612,130.6282,335.3,1.1,1.1,2014-10-19,0453,Aqua,MODIS,65,6.2,313.7,17.5,D,0
-16.9722,130.6189,336.1,1.1,1.1,2014-10-19,0453,Aqua,MODIS,52,6.2,314.5,18.7,D,0
-16.9832,130.6095,344.9,1.1,1.1,2014-10-19,0453,Aqua,MODIS,87,6.2,314.9,35.3,D,0
-16.9942,130.6002,350.8,1.1,1.1,2014-10-19,0453,Aqua,MODIS,93,6.2,313.6,47.3,D,0
-14.3309,127.2181,347.4,1.7,1.3,2014-10-19,0454,Aqua,MODIS,91,6.2,310.6,81.3,D,0
-16.5409,127.3019,362.2,1.8,1.3,2014-10-19,0454,Aqua,MODIS,100,6.2,319.1,168.6,D,0
-13.0451,130.3353,328.5,1.1,1,2014-10-19,0454,Aqua,MODIS,26,6.2,303.6,9.6,D,0
-12.9802,130.3508,334,1.1,1,2014-10-19,0454,Aqua,MODIS,60,6.2,309,12.7,D,0
-14.4359,127.106,364.7,1.8,1.3,2014-10-19,0454,Aqua,MODIS,100,6.2,309.6,188.3,D,0
-14.3329,127.2023,336.6,1.7,1.3,2014-10-19,0454,Aqua,MODIS,74,6.2,311.4,38.3,D,0
-14.3193,127.2167,334.8,1.7,1.3,2014-10-19,0454,Aqua,MODIS,73,6.2,312.5,33.8,D,0
-13.0144,130.3511,342.2,1.1,1,2014-10-19,0454,Aqua,MODIS,85,6.2,303.5,30.7,D,0
-13.6354,130.3959,369.8,1.1,1,2014-10-19,0454,Aqua,MODIS,100,6.2,313.9,105.5,D,0
-13.0585,130.3068,336.7,1.1,1,2014-10-19,0454,Aqua,MODIS,72,6.2,303.4,24.6,D,0
-13.0491,130.3055,331.2,1.1,1,2014-10-19,0454,Aqua,MODIS,42,6.2,301.6,17.1,D,0
-14.2825,127.2283,345.3,1.7,1.3,2014-10-19,0454,Aqua,MODIS,89,6.2,310.5,70.7,D,0
-14.3402,127.2085,331.4,1.7,1.3,2014-10-19,0454,Aqua,MODIS,32,6.2,309,26.9,D,0
-14.3538,127.1941,332.3,1.7,1.3,2014-10-19,0454,Aqua,MODIS,50,6.2,307.3,31.4,D,0
-13.7703,132.3845,337.5,1,1,2014-10-19,0454,Aqua,MODIS,75,6.2,320.1,15.5,D,0
-16.5389,127.319,367.1,1.8,1.3,2014-10-19,0454,Aqua,MODIS,100,6.2,319.9,204.6,D,0
-15.991,125.8638,330.2,2.3,1.5,2014-10-19,0454,Aqua,MODIS,26,6.2,314.6,34.1,D,0
-14.6754,126.7957,330.4,1.9,1.3,2014-10-19,0454,Aqua,MODIS,52,6.2,314.2,20.8,D,0
-14.3286,127.207,348.5,1.7,1.3,2014-10-19,0454,Aqua,MODIS,92,6.2,312.7,87.7,D,0
-13.6368,130.3858,356.4,1.1,1,2014-10-19,0454,Aqua,MODIS,97,6.2,311.4,65.5,D,0
-15.5486,125.3962,337.4,2.5,1.5,2014-10-19,0454,Aqua,MODIS,80,6.2,305.8,100.9,D,0
-15.5623,125.3977,355.4,2.5,1.5,2014-10-19,0454,Aqua,MODIS,97,6.2,306.3,234.5,D,0
-16.5626,127.4245,334.4,1.8,1.3,2014-10-19,0454,Aqua,MODIS,35,6.2,315.7,27.7,D,0
-16.547,127.25,334.1,1.9,1.3,2014-10-19,0454,Aqua,MODIS,70,6.2,316.9,32.4,D,0
-16.5509,127.3204,333.7,1.8,1.3,2014-10-19,0454,Aqua,MODIS,45,6.2,316.7,25.8,D,0
-13.7927,132.5477,336.9,1,1,2014-10-19,0454,Aqua,MODIS,47,6.2,322.4,9.1,D,0
-14.4412,127.0302,330.6,1.8,1.3,2014-10-19,0454,Aqua,MODIS,47,6.2,306.1,35.2,D,0
-13.7501,132.5882,338.4,1,1,2014-10-19,0454,Aqua,MODIS,43,6.2,320.7,14.3,D,0
-16.5646,127.4076,346.7,1.8,1.3,2014-10-19,0454,Aqua,MODIS,90,6.2,314,76.5,D,0
-14.2845,127.2122,344,1.7,1.3,2014-10-19,0454,Aqua,MODIS,88,6.2,312.5,63.3,D,0
-15.6458,125.4587,330.1,2.5,1.5,2014-10-19,0454,Aqua,MODIS,65,6.2,311.2,52.1,D,0
-16.6008,127.4706,333.1,1.8,1.3,2014-10-19,0454,Aqua,MODIS,62,6.2,314.6,26.1,D,0
-16.6027,127.4542,334.8,1.8,1.3,2014-10-19,0454,Aqua,MODIS,77,6.2,315.8,31.4,D,0
-14.6584,126.7865,335.3,1.9,1.3,2014-10-19,0454,Aqua,MODIS,75,6.2,313.7,37.7,D,0
-16.5605,127.4417,338.4,1.8,1.3,2014-10-19,0454,Aqua,MODIS,65,6.2,318.6,43.9,D,0
-14.4296,127.1285,340.9,1.8,1.3,2014-10-19,0454,Aqua,MODIS,86,6.2,311.4,59.9,D,0
-13.6274,130.3845,343,1.1,1,2014-10-19,0454,Aqua,MODIS,49,6.2,314.3,30.3,D,0
-14.6633,126.794,334.8,1.9,1.3,2014-10-19,0454,Aqua,MODIS,75,6.2,313.4,36.7,D,0
-15.5674,125.3514,327.7,2.5,1.5,2014-10-19,0454,Aqua,MODIS,55,6.2,305.4,53.4,D,0
-15.5688,125.3908,335.2,2.5,1.5,2014-10-19,0454,Aqua,MODIS,69,6.2,305.7,83.8,D,0
-15.6155,130.5454,333,1.1,1.1,2014-10-19,0454,Aqua,MODIS,26,6.2,316.6,11.2,D,0
-14.4201,127.137,329.8,1.8,1.3,2014-10-19,0454,Aqua,MODIS,32,6.2,310.7,20.7,D,0
-14.4221,127.1208,351.8,1.8,1.3,2014-10-19,0454,Aqua,MODIS,94,6.2,312.2,107.5,D,0
-14.4316,127.1123,381.8,1.8,1.3,2014-10-19,0454,Aqua,MODIS,100,6.2,313.3,330.6,D,0
-16.5491,127.2321,342.4,1.9,1.3,2014-10-19,0454,Aqua,MODIS,86,6.2,316.8,65,D,0
-14.4241,127.1046,358.7,1.8,1.3,2014-10-19,0454,Aqua,MODIS,99,6.2,311.4,148.1,D,0
-14.4471,126.9805,333.6,1.8,1.3,2014-10-19,0454,Aqua,MODIS,56,6.2,308.2,40.4,D,0
-14.4084,127.1355,339.3,1.8,1.3,2014-10-19,0454,Aqua,MODIS,84,6.2,310.2,51.7,D,0
-14.4532,126.8706,331.4,1.8,1.3,2014-10-19,0454,Aqua,MODIS,52,6.2,310.2,26.7,D,0
-14.4335,127.0959,340.6,1.8,1.3,2014-10-19,0454,Aqua,MODIS,85,6.2,307.1,68.6,D,0
-14.4338,127.1223,345.2,1.8,1.3,2014-10-19,0454,Aqua,MODIS,90,6.2,311,76.5,D,0
-14.3267,127.2229,338.7,1.7,1.3,2014-10-19,0454,Aqua,MODIS,83,6.2,311.2,49.5,D,0
-15.9895,129.4892,338.9,1.3,1.1,2014-10-19,0454,Aqua,MODIS,78,6.2,318.1,24.7,D,0
-16.5369,127.3359,340.1,1.8,1.3,2014-10-19,0454,Aqua,MODIS,81,6.2,320.3,51,D,0
-13.5672,130.4064,347.4,1.1,1,2014-10-19,0454,Aqua,MODIS,82,6.2,320.7,28.6,D,0
-13.6261,130.3945,353.6,1.1,1,2014-10-19,0454,Aqua,MODIS,82,6.2,317.9,50.9,D,0
-15.5551,125.3892,333.3,2.5,1.5,2014-10-19,0454,Aqua,MODIS,61,6.2,305.9,74.8,D,0
-12.4262,132.3214,347.1,1,1,2014-10-19,0454,Aqua,MODIS,91,6.2,317.8,32.6,D,0
-12.5242,142.4147,315.6,4.3,1.9,2014-10-19,0454,Aqua,MODIS,46,6.2,298,32.2,D,0
-14.1984,142.2766,355.8,3.9,1.8,2014-10-19,0454,Aqua,MODIS,98,6.2,304.6,466.3,D,0
-14.1713,142.4215,331.4,4,1.9,2014-10-19,0454,Aqua,MODIS,46,6.2,297.9,138,D,0
-12.8652,142.2666,335.2,4.2,1.9,2014-10-19,0454,Aqua,MODIS,54,6.2,301,182.2,D,0
-12.4739,131.0173,330.4,1,1,2014-10-19,0454,Aqua,MODIS,48,6.2,306.3,13.5,D,0
-12.6661,130.6935,331.3,1,1,2014-10-19,0454,Aqua,MODIS,59,6.2,306.4,16.7,D,0
-14.1193,142.4799,337.8,4.1,1.9,2014-10-19,0454,Aqua,MODIS,88,6.2,301.3,235.3,D,0
-14.2093,142.2467,339.6,3.9,1.8,2014-10-19,0454,Aqua,MODIS,88,6.2,304.5,220.3,D,0
-14.227,142.5137,323.7,4.1,1.9,2014-10-19,0454,Aqua,MODIS,62,6.2,298.3,76.6,D,0
-12.4787,136.8113,322.6,1.6,1.3,2014-10-19,0454,Aqua,MODIS,0,6.2,302.3,20.1,D,0
-14.1002,142.5225,320,4.1,1.9,2014-10-19,0454,Aqua,MODIS,27,6.2,301,57,D,0
-12.7715,132.9249,333.5,1,1,2014-10-19,0454,Aqua,MODIS,66,6.2,311.2,16.2,D,0
-12.7819,132.917,374.8,1,1,2014-10-19,0454,Aqua,MODIS,100,6.2,316.8,119.3,D,0
-12.7792,132.9357,349.2,1,1,2014-10-19,0454,Aqua,MODIS,92,6.2,315,41.8,D,0
-14.1744,142.4268,334.2,4,1.9,2014-10-19,0454,Aqua,MODIS,63,6.2,299.1,167.9,D,0
-14.1917,142.3124,354.6,3.9,1.8,2014-10-19,0454,Aqua,MODIS,97,6.2,301.8,452.1,D,0
-12.7729,132.9156,337.8,1,1,2014-10-19,0454,Aqua,MODIS,78,6.2,311.2,23.4,D,0
-12.7035,132.317,362.7,1,1,2014-10-19,0454,Aqua,MODIS,100,6.2,319.8,66.8,D,0
-12.7688,132.9436,340.8,1,1,2014-10-19,0454,Aqua,MODIS,74,6.2,315.9,24.1,D,0
-14.1124,142.5173,339.4,4.1,1.9,2014-10-19,0454,Aqua,MODIS,89,6.2,302.6,249.8,D,0
-12.7442,132.6674,337.4,1,1,2014-10-19,0454,Aqua,MODIS,58,6.2,312.6,22.4,D,0
-14.2614,142.3315,320.5,3.9,1.8,2014-10-19,0454,Aqua,MODIS,58,6.2,302.3,34.5,D,0
-14.2671,142.3406,320,3.9,1.8,2014-10-19,0454,Aqua,MODIS,35,6.2,302.1,29.3,D,0
-12.9157,142.2766,336,4.2,1.9,2014-10-19,0454,Aqua,MODIS,83,6.2,300.4,186.6,D,0
-14.1928,142.2435,334.8,3.9,1.8,2014-10-19,0454,Aqua,MODIS,75,6.2,300.2,185.2,D,0
-12.631,142.117,322.8,4.1,1.9,2014-10-19,0454,Aqua,MODIS,52,6.2,300.9,72.1,D,0
-12.9794,143.1021,322.2,4.8,2,2014-10-19,0454,Aqua,MODIS,75,6.2,296.1,122.2,D,0
-12.6376,142.0799,321,4.1,1.9,2014-10-19,0454,Aqua,MODIS,36,6.2,301.2,60,D,0
-14.205,142.2411,344.6,3.9,1.8,2014-10-19,0454,Aqua,MODIS,89,6.2,303.9,293.1,D,0
-12.4864,134.2111,341,1.1,1.1,2014-10-19,0454,Aqua,MODIS,61,6.2,315.1,28.8,D,0
-12.6334,142.1221,319.3,4.1,1.9,2014-10-19,0454,Aqua,MODIS,59,6.2,300.8,52.5,D,0
-12.6402,142.085,323.4,4.1,1.9,2014-10-19,0454,Aqua,MODIS,76,6.2,301.3,86.1,D,0
-12.9177,142.2812,332.4,4.2,1.9,2014-10-19,0454,Aqua,MODIS,59,6.2,300.7,145.4,D,0
-12.7778,132.945,352,1,1,2014-10-19,0454,Aqua,MODIS,94,6.2,315.4,47.9,D,0
-14.1241,142.4883,345.2,4.1,1.9,2014-10-19,0454,Aqua,MODIS,93,6.2,302.7,316.3,D,0
-14.2144,142.4683,338.2,4.1,1.9,2014-10-19,0454,Aqua,MODIS,89,6.2,300.9,199,D,0
-12.6753,130.6949,337.6,1,1,2014-10-19,0454,Aqua,MODIS,83,6.2,304.2,26,D,0
-14.1261,142.4429,328.3,4.1,1.9,2014-10-19,0454,Aqua,MODIS,68,6.2,298.5,148.4,D,0
-14.1311,142.4513,336.8,4.1,1.9,2014-10-19,0454,Aqua,MODIS,60,6.2,300.7,218,D,0
-14.2024,142.2822,352.8,3.9,1.8,2014-10-19,0454,Aqua,MODIS,96,6.2,305.4,405.8,D,0
-12.7806,132.9264,370.8,1,1,2014-10-19,0454,Aqua,MODIS,100,6.2,316.2,103.4,D,0
-14.2173,142.4734,343.6,4.1,1.9,2014-10-19,0454,Aqua,MODIS,92,6.2,300.8,273,D,0
-14.0677,135.756,327.6,1.3,1.1,2014-10-19,0454,Aqua,MODIS,57,6.2,307.6,13.1,D,0
-12.8781,142.2608,332,4.2,1.9,2014-10-19,0454,Aqua,MODIS,36,6.2,298.9,140.5,D,0
-14.117,142.5255,339.3,4.1,1.9,2014-10-19,0454,Aqua,MODIS,87,6.2,303.3,231.7,D,0
-14.1955,142.3179,352.1,3.9,1.8,2014-10-19,0454,Aqua,MODIS,96,6.2,303.2,402.5,D,0
-14.0481,136.5172,324,1.5,1.2,2014-10-19,0454,Aqua,MODIS,20,6.2,301.8,16.9,D,0
-14.0988,135.6265,331.9,1.3,1.1,2014-10-19,0454,Aqua,MODIS,73,6.2,309.2,18.5,D,0
-13.023,132.8431,347,1,1,2014-10-19,0454,Aqua,MODIS,77,6.2,318.1,32.4,D,0
-13.014,132.8417,363.2,1,1,2014-10-19,0454,Aqua,MODIS,100,6.2,322.3,71,D,0
-13.0153,132.8324,356.5,1,1,2014-10-19,0454,Aqua,MODIS,97,6.2,319.5,53.2,D,0
-13.1114,133.1174,346.8,1,1,2014-10-19,0454,Aqua,MODIS,89,6.2,315.7,37.9,D,0
-13.1128,133.1081,329.6,1,1,2014-10-19,0454,Aqua,MODIS,47,6.2,315,10,D,0
-13.0554,133.121,336.6,1,1,2014-10-19,0454,Aqua,MODIS,56,6.2,316.3,17.8,D,0
-13.04,133.0994,345.6,1,1,2014-10-19,0454,Aqua,MODIS,88,6.2,314.7,34.9,D,0
-13.054,133.1305,334.2,1,1,2014-10-19,0454,Aqua,MODIS,52,6.2,312.7,15.2,D,0
-14.223,135.6911,327.4,1.3,1.1,2014-10-19,0454,Aqua,MODIS,60,6.2,309.5,12.9,D,0
-13.8141,132.6507,333.7,1,1,2014-10-19,0454,Aqua,MODIS,45,6.2,319.5,8.5,D,0
-13.8051,132.6494,336,1,1,2014-10-19,0454,Aqua,MODIS,52,6.2,318.5,12,D,0
-14.0591,135.7614,327.8,1.3,1.1,2014-10-19,0454,Aqua,MODIS,55,6.2,308.6,14,D,0
-13.0049,132.8403,344,1,1,2014-10-19,0454,Aqua,MODIS,55,6.2,319.8,22.8,D,0
-13.0063,132.831,371.3,1,1,2014-10-19,0454,Aqua,MODIS,100,6.2,322.8,96.9,D,0
-13.0076,132.8217,388.8,1,1,2014-10-19,0454,Aqua,MODIS,100,6.2,318.7,174,D,0
-12.9986,132.8203,337.3,1,1,2014-10-19,0454,Aqua,MODIS,60,6.2,311.4,20.4,D,0
-12.5249,142.7989,314.1,4.6,2,2014-10-19,0454,Aqua,MODIS,47,6.2,297.5,53.2,D,0
-12.525,142.8072,314.3,4.6,2,2014-10-19,0454,Aqua,MODIS,37,6.2,297.4,53.2,D,0
-14.1788,136.6149,325.2,1.5,1.2,2014-10-19,0454,Aqua,MODIS,56,6.2,302.8,18.4,D,0
-14.0656,131.2689,339.2,1,1,2014-10-19,0454,Aqua,MODIS,73,6.2,322.4,18.8,D,0
-13.7821,132.6214,341.7,1,1,2014-10-19,0454,Aqua,MODIS,66,6.2,322.6,20,D,0
-13.7731,132.62,342.2,1,1,2014-10-19,0454,Aqua,MODIS,40,6.2,322,20.1,D,0
-13.7312,132.5288,343.2,1,1,2014-10-19,0454,Aqua,MODIS,50,6.2,317.6,29,D,0
-13.7272,132.5564,387.5,1,1,2014-10-19,0454,Aqua,MODIS,100,6.2,315.3,166.6,D,0
-13.7258,132.5656,425.7,1,1,2014-10-19,0454,Aqua,MODIS,100,6.2,321.2,424.1,D,0
-13.7245,132.5748,339.6,1,1,2014-10-19,0454,Aqua,MODIS,61,6.2,312.5,20.4,D,0
-13.7388,132.5394,341.2,1,1,2014-10-19,0454,Aqua,MODIS,52,6.2,317.5,22.5,D,0
-13.7361,132.5578,428.1,1,1,2014-10-19,0454,Aqua,MODIS,100,6.2,335.9,445.5,D,0
-13.7348,132.567,432.5,1,1,2014-10-19,0454,Aqua,MODIS,100,6.2,342.2,485.7,D,0
-13.7335,132.5762,412.2,1,1,2014-10-19,0454,Aqua,MODIS,100,6.2,326.8,309.6,D,0
-13.7451,132.5592,337.8,1,1,2014-10-19,0454,Aqua,MODIS,52,6.2,319.7,12.8,D,0
-13.7438,132.5684,341.6,1,1,2014-10-19,0454,Aqua,MODIS,23,6.2,320.5,18,D,0
-13.7425,132.5776,342.7,1,1,2014-10-19,0454,Aqua,MODIS,28,6.2,320.1,19.6,D,0
-13.7411,132.5868,351.1,1,1,2014-10-19,0454,Aqua,MODIS,93,6.2,318.6,38.6,D,0
-12.3047,134.7336,335.8,1.2,1.1,2014-10-19,0454,Aqua,MODIS,80,6.2,305.9,26.4,D,0
-12.2932,134.7431,333.8,1.2,1.1,2014-10-19,0454,Aqua,MODIS,62,6.2,305.5,24.1,D,0
-12.2949,134.7321,331.3,1.2,1.1,2014-10-19,0454,Aqua,MODIS,48,6.2,306.9,18.2,D,0
-12.2688,135.544,333,1.4,1.2,2014-10-19,0454,Aqua,MODIS,77,6.2,306.4,21.7,D,0
-13.7661,132.4778,367.9,1,1,2014-10-19,0454,Aqua,MODIS,100,6.2,325.6,79.5,D,0
-13.7674,132.4686,364.3,1,1,2014-10-19,0454,Aqua,MODIS,100,6.2,326.9,69.2,D,0
-13.7571,132.4764,345.9,1,1,2014-10-19,0454,Aqua,MODIS,88,6.2,323.2,25.6,D,0
-13.7584,132.4672,347.9,1,1,2014-10-19,0454,Aqua,MODIS,90,6.2,320.6,29.5,D,0
-12.2708,135.5316,328.9,1.3,1.2,2014-10-19,0454,Aqua,MODIS,63,6.2,305.4,13.7,D,0
-12.3064,132.765,333,1,1,2014-10-19,0454,Aqua,MODIS,54,6.2,310.3,14.3,D,0
-13.968,135.4838,339.4,1.3,1.1,2014-10-19,0454,Aqua,MODIS,75,6.2,308.1,41.4,D,0
-13.742,132.3896,341.8,1,1,2014-10-19,0454,Aqua,MODIS,75,6.2,318.5,25,D,0
-13.7265,132.4276,349.3,1,1,2014-10-19,0454,Aqua,MODIS,64,6.2,315.7,39.8,D,0
-13.7279,132.4184,372.1,1,1,2014-10-19,0454,Aqua,MODIS,100,6.2,320.9,102.6,D,0
-13.7292,132.4093,348.7,1,1,2014-10-19,0454,Aqua,MODIS,73,6.2,315.3,39.3,D,0
-13.7318,132.3909,335,1,1,2014-10-19,0454,Aqua,MODIS,49,6.2,314.3,17,D,0
-13.7331,132.3817,334.2,1,1,2014-10-19,0454,Aqua,MODIS,59,6.2,314.1,16.3,D,0
-13.7189,132.4171,373.4,1,1,2014-10-19,0454,Aqua,MODIS,100,6.2,316.2,109.7,D,0
-13.7202,132.4079,374.4,1,1,2014-10-19,0454,Aqua,MODIS,100,6.2,316.4,113.4,D,0
-13.7325,132.5196,367.7,1,1,2014-10-19,0454,Aqua,MODIS,100,6.2,319.5,90.2,D,0
-13.7338,132.5104,339.8,1,1,2014-10-19,0454,Aqua,MODIS,44,6.2,312.7,23.4,D,0
-13.7235,132.5182,365.5,1,1,2014-10-19,0454,Aqua,MODIS,100,6.2,314.9,86,D,0
-13.7248,132.509,336.6,1,1,2014-10-19,0454,Aqua,MODIS,50,6.2,308.8,21.3,D,0
-13.7315,132.4631,342.6,1,1,2014-10-19,0454,Aqua,MODIS,67,6.2,319.2,27.2,D,0
-13.7328,132.4539,337.2,1,1,2014-10-19,0454,Aqua,MODIS,50,6.2,319.3,17.6,D,0
-13.8606,135.5202,338.1,1.3,1.1,2014-10-19,0454,Aqua,MODIS,82,6.2,305,34.6,D,0
-15.0008,135.1715,336.1,1.2,1.1,2014-10-19,0454,Aqua,MODIS,53,6.2,311.7,21.2,D,0
-12.9175,130.5321,370.4,1.1,1,2014-10-19,0454,Aqua,MODIS,100,6.2,309.6,112.4,D,0
-14.8962,125.7855,331.4,2.3,1.5,2014-10-19,0454,Aqua,MODIS,59,6.2,310.7,39.5,D,0
-12.9241,130.5529,332.3,1.1,1,2014-10-19,0454,Aqua,MODIS,57,6.2,308,18.3,D,0
-12.9254,130.5432,334.7,1.1,1,2014-10-19,0454,Aqua,MODIS,72,6.2,309.2,22,D,0
-12.9148,130.5516,333.1,1.1,1,2014-10-19,0454,Aqua,MODIS,61,6.2,306.2,20.1,D,0
-12.9161,130.5418,361.8,1.1,1,2014-10-19,0454,Aqua,MODIS,100,6.2,312.2,83.6,D,0
-14.9093,125.7872,334.9,2.3,1.5,2014-10-19,0454,Aqua,MODIS,76,6.2,309.4,58.5,D,0
-12.9069,130.5405,357.2,1.1,1,2014-10-19,0454,Aqua,MODIS,98,6.2,310.6,72,D,0
-12.9082,130.5307,360.6,1.1,1,2014-10-19,0454,Aqua,MODIS,100,6.2,310.5,82.3,D,0
-14.239,133.3927,347.7,1,1,2014-10-19,0454,Aqua,MODIS,89,6.2,316.1,37.4,D,0
-14.2404,133.3832,332.6,1,1,2014-10-19,0454,Aqua,MODIS,40,6.2,310.6,11.2,D,0
-11.541,142.494,325.7,4.6,2,2014-10-19,0454,Aqua,MODIS,78,6.2,295.9,148.8,D,0
-14.4545,135.0657,343.3,1.2,1.1,2014-10-19,0454,Aqua,MODIS,87,6.2,313.3,36.2,D,0
-14.9911,135.1699,333.7,1.2,1.1,2014-10-19,0454,Aqua,MODIS,40,6.2,311.9,17.3,D,0
-12.7959,136.2163,328.1,1.5,1.2,2014-10-19,0454,Aqua,MODIS,67,6.2,304.1,20.9,D,0
-13.0414,136.1072,332.8,1.4,1.2,2014-10-19,0454,Aqua,MODIS,61,6.2,305.9,22.8,D,0
-12.9703,130.9473,341.3,1,1,2014-10-19,0454,Aqua,MODIS,79,6.2,309.7,27.1,D,0
-15.9234,126.1113,336.2,2.2,1.4,2014-10-19,0454,Aqua,MODIS,69,6.2,315.9,52.6,D,0
-15.9258,126.1066,336.9,2.2,1.4,2014-10-19,0454,Aqua,MODIS,58,6.2,316.2,55.9,D,0
-15.5674,126.0594,347.4,2.2,1.4,2014-10-19,0454,Aqua,MODIS,91,6.2,314.6,112.4,D,0
-15.698,125.5652,353.4,2.4,1.5,2014-10-19,0454,Aqua,MODIS,95,6.2,312,189.6,D,0
-14.5858,135.3383,331.7,1.2,1.1,2014-10-19,0454,Aqua,MODIS,64,6.2,308,15.6,D,0
-15.9442,125.9232,367.6,2.3,1.5,2014-10-19,0454,Aqua,MODIS,100,6.2,319,289.5,D,0
-15.9465,125.9021,342.3,2.3,1.5,2014-10-19,0454,Aqua,MODIS,78,6.2,315,91.3,D,0
-15.948,125.9188,364.6,2.3,1.5,2014-10-19,0454,Aqua,MODIS,100,6.2,318.4,261.4,D,0
-15.9298,125.9597,333,2.3,1.5,2014-10-19,0454,Aqua,MODIS,58,6.2,312.8,44.6,D,0
-15.9323,125.9383,343.7,2.3,1.5,2014-10-19,0454,Aqua,MODIS,87,6.2,315.7,97.8,D,0
-15.9348,125.9173,338.4,2.3,1.5,2014-10-19,0454,Aqua,MODIS,61,6.2,315.8,69.8,D,0
-16.1912,125.6991,330.2,2.4,1.5,2014-10-19,0454,Aqua,MODIS,40,6.2,312,41.2,D,0
-15.5525,125.5286,343.7,2.4,1.5,2014-10-19,0454,Aqua,MODIS,75,6.2,314,105.2,D,0
-15.6627,125.5535,331.1,2.4,1.5,2014-10-19,0454,Aqua,MODIS,58,6.2,311,47.1,D,0
-15.6492,125.5524,327.4,2.4,1.5,2014-10-19,0454,Aqua,MODIS,47,6.2,311.4,35,D,0
-15.5002,126.0725,333,2.2,1.4,2014-10-19,0454,Aqua,MODIS,34,6.2,317.3,29.8,D,0
-12.4653,132.8819,351.2,1,1,2014-10-19,0454,Aqua,MODIS,71,6.2,315.2,46.3,D,0
-14.2199,142.551,323.3,4.1,1.9,2014-10-19,0454,Aqua,MODIS,68,6.2,298.4,76.7,D,0
-11.5822,142.4639,315.8,4.6,2,2014-10-19,0454,Aqua,MODIS,22,6.2,297.2,50.9,D,0
-14.2126,142.5894,330.4,4.1,1.9,2014-10-19,0454,Aqua,MODIS,78,6.2,302.6,144.9,D,0
-12.7937,136.2298,324,1.5,1.2,2014-10-19,0454,Aqua,MODIS,21,6.2,303.8,11.2,D,0
-13.4279,135.7931,331.5,1.3,1.1,2014-10-19,0454,Aqua,MODIS,50,6.2,307.1,19.7,D,0
-16.1135,125.7082,328.5,2.4,1.5,2014-10-19,0454,Aqua,MODIS,36,6.2,306.9,40.6,D,0
-13.3394,134.1211,338.5,1.1,1,2014-10-19,0454,Aqua,MODIS,72,6.2,313.5,22.3,D,0
-15.5661,125.4138,338.5,2.5,1.5,2014-10-19,0454,Aqua,MODIS,81,6.2,304.6,102.1,D,0
-13.3058,135.8422,327.6,1.4,1.2,2014-10-19,0454,Aqua,MODIS,38,6.2,307.4,11.2,D,0
-16.1194,125.7765,328.3,2.4,1.5,2014-10-19,0454,Aqua,MODIS,28,6.2,310.3,35.8,D,0
-16.1219,125.7544,350.6,2.4,1.5,2014-10-19,0454,Aqua,MODIS,93,6.2,311.8,163.8,D,0
-11.5312,142.4493,314.5,4.6,2,2014-10-19,0454,Aqua,MODIS,38,6.2,296.2,55,D,0
-15.7005,125.5422,330.6,2.4,1.5,2014-10-19,0454,Aqua,MODIS,66,6.2,310.2,46.6,D,0
-15.7032,125.5589,336.7,2.4,1.5,2014-10-19,0454,Aqua,MODIS,79,6.2,310.3,74.4,D,0
-15.6898,125.5568,347.2,2.4,1.5,2014-10-19,0454,Aqua,MODIS,90,6.2,311.4,142.3,D,0
-13.3409,134.1109,345,1.1,1,2014-10-19,0454,Aqua,MODIS,88,6.2,313.5,35.9,D,0
-13.3424,134.1008,342.6,1.1,1,2014-10-19,0454,Aqua,MODIS,84,6.2,310.2,33.6,D,0
-15.5721,126.0025,327.4,2.2,1.4,2014-10-19,0454,Aqua,MODIS,33,6.2,312,27.9,D,0
-15.5748,125.9979,328.3,2.2,1.4,2014-10-19,0454,Aqua,MODIS,43,6.2,311.6,30.2,D,0
-16.0975,125.7296,330.4,2.4,1.5,2014-10-19,0454,Aqua,MODIS,36,6.2,309.3,47.9,D,0
-13.3305,135.8208,328.2,1.4,1.2,2014-10-19,0454,Aqua,MODIS,56,6.2,306.5,15.2,D,0
-14.5939,135.3512,328.4,1.2,1.1,2014-10-19,0454,Aqua,MODIS,43,6.2,309.5,11,D,0
-16.0043,125.8656,343.2,2.3,1.5,2014-10-19,0454,Aqua,MODIS,86,6.2,313.6,104,D,0
-16.0067,125.844,344.3,2.3,1.5,2014-10-19,0454,Aqua,MODIS,88,6.2,310.3,115.6,D,0
-15.9931,126.0782,346.9,2.2,1.4,2014-10-19,0454,Aqua,MODIS,85,6.2,312.1,116.9,D,0
-15.9494,126.1145,360.5,2.2,1.4,2014-10-19,0454,Aqua,MODIS,100,6.2,316.6,210.7,D,0
-16.0159,125.997,333.1,2.3,1.5,2014-10-19,0454,Aqua,MODIS,58,6.2,303.1,67.5,D,0
-15.5758,126.0863,338,2.2,1.4,2014-10-19,0454,Aqua,MODIS,78,6.2,312.5,66.9,D,0
-15.5606,126.1051,334.3,2.2,1.4,2014-10-19,0454,Aqua,MODIS,43,6.2,313.8,42.6,D,0
-15.5629,126.0846,339.4,2.2,1.4,2014-10-19,0454,Aqua,MODIS,79,6.2,315.2,67.4,D,0
-15.5652,126.064,352,2.2,1.4,2014-10-19,0454,Aqua,MODIS,94,6.2,315.2,146.1,D,0
-15.5626,126.1003,336.2,2.2,1.4,2014-10-19,0454,Aqua,MODIS,42,6.2,313.7,48.1,D,0
-15.565,126.0799,350.4,2.2,1.4,2014-10-19,0454,Aqua,MODIS,93,6.2,315.5,129.7,D,0
-15.5342,126.1181,335,2.2,1.4,2014-10-19,0454,Aqua,MODIS,56,6.2,315,42.1,D,0
-15.9287,125.9428,344.4,2.3,1.5,2014-10-19,0454,Aqua,MODIS,88,6.2,314.8,99.8,D,0
-14.2446,136.5775,333.4,1.5,1.2,2014-10-19,0454,Aqua,MODIS,50,6.2,303.1,36.2,D,0
-12.9717,130.9378,341.9,1,1,2014-10-19,0454,Aqua,MODIS,65,6.2,314.1,28.5,D,0
-12.9638,130.9269,340.4,1,1,2014-10-19,0454,Aqua,MODIS,62,6.2,312.2,26.2,D,0
-11.59,142.4229,326.7,4.5,2,2014-10-19,0454,Aqua,MODIS,80,6.2,298.6,147.9,D,0
-13.0712,136.1257,330.9,1.4,1.2,2014-10-19,0454,Aqua,MODIS,35,6.2,308,21.7,D,0
-14.2495,133.3847,333.6,1,1,2014-10-19,0454,Aqua,MODIS,50,6.2,314.7,13.2,D,0
-13.3763,134.3521,353.7,1.1,1.1,2014-10-19,0454,Aqua,MODIS,95,6.2,313,59,D,0
-14.2481,133.3941,340.6,1,1,2014-10-19,0454,Aqua,MODIS,81,6.2,316.1,24.2,D,0
-13.3937,134.3654,335.3,1.1,1.1,2014-10-19,0454,Aqua,MODIS,41,6.2,309.6,18.7,D,0
-13.3198,135.7119,333.4,1.3,1.1,2014-10-19,0454,Aqua,MODIS,53,6.2,309,18.1,D,0
-13.3095,135.7101,333.7,1.3,1.1,2014-10-19,0454,Aqua,MODIS,75,6.2,311.2,19.1,D,0
-14.584,135.4776,330.4,1.2,1.1,2014-10-19,0454,Aqua,MODIS,62,6.2,305.8,19.2,D,0
-12.1268,141.7967,318.7,4,1.9,2014-10-19,0454,Aqua,MODIS,0,6.2,300.8,48.9,D,0
-14.4881,132.3174,334.9,1,1,2014-10-19,0454,Aqua,MODIS,69,6.2,321.1,11.4,D,0
-12.1889,141.7789,316.9,3.9,1.8,2014-10-19,0454,Aqua,MODIS,38,6.2,300.1,33.5,D,0
-12.4169,136.6284,324.1,1.6,1.2,2014-10-19,0454,Aqua,MODIS,46,6.2,298,19.9,D,0
-12.4303,136.6156,326.8,1.6,1.2,2014-10-19,0454,Aqua,MODIS,46,6.2,300.5,25.5,D,0
-11.5911,142.4187,327.8,4.5,2,2014-10-19,0454,Aqua,MODIS,81,6.2,298.5,163.4,D,0
-11.5977,142.3825,328.7,4.5,2,2014-10-19,0454,Aqua,MODIS,82,6.2,297.3,167.7,D,0
-11.5986,142.3782,325.9,4.5,2,2014-10-19,0454,Aqua,MODIS,79,6.2,297.3,141.3,D,0
-11.5404,142.4857,323.1,4.6,2,2014-10-19,0454,Aqua,MODIS,75,6.2,296.1,124,D,0
-12.4326,136.6013,332.7,1.6,1.2,2014-10-19,0454,Aqua,MODIS,74,6.2,303.5,39.2,D,0
-13.0688,136.0715,331.1,1.4,1.2,2014-10-19,0454,Aqua,MODIS,66,6.2,303.4,21.8,D,0
-12.3732,136.7569,334.9,1.6,1.3,2014-10-19,0454,Aqua,MODIS,81,6.2,299.1,52,D,0
-12.9032,136.1854,332.7,1.5,1.2,2014-10-19,0454,Aqua,MODIS,73,6.2,306.9,30.4,D,0
-13.0753,136.0995,333.8,1.4,1.2,2014-10-19,0454,Aqua,MODIS,57,6.2,304.9,28.4,D,0
-13.0732,136.1126,344.2,1.4,1.2,2014-10-19,0454,Aqua,MODIS,89,6.2,306.5,56,D,0
-11.5836,142.4598,316.8,4.6,2,2014-10-19,0454,Aqua,MODIS,50,6.2,297.2,62.1,D,0
-12.7583,132.9515,347.9,1,1,2014-10-19,0454,Aqua,MODIS,90,6.2,315.4,35,D,0
-12.4238,136.585,332.5,1.6,1.2,2014-10-19,0454,Aqua,MODIS,78,6.2,302,40.2,D,0
-12.7674,132.9529,339.3,1,1,2014-10-19,0454,Aqua,MODIS,73,6.2,313.3,19.8,D,0
-14.9679,135.1705,335.4,1.2,1.1,2014-10-19,0454,Aqua,MODIS,68,6.2,311.5,22.7,D,0
-12.6766,130.6853,343.8,1,1,2014-10-19,0454,Aqua,MODIS,89,6.2,302.2,38.6,D,0
-14.5768,135.3185,331.4,1.2,1.1,2014-10-19,0454,Aqua,MODIS,58,6.2,309.3,13.7,D,0
-12.39,141.8674,330.3,4,1.9,2014-10-19,0454,Aqua,MODIS,83,6.2,301.6,137.5,D,0
-12.3842,141.8586,323.9,4,1.9,2014-10-19,0454,Aqua,MODIS,66,6.2,298.9,81.9,D,0
-14.9582,135.1689,333.5,1.2,1.1,2014-10-19,0454,Aqua,MODIS,60,6.2,310.7,19,D,0
-11.6483,130.936,332.6,1,1,2014-10-19,0455,Aqua,MODIS,77,6.2,313,11,D,0
-11.3455,131.0653,334.3,1,1,2014-10-19,0455,Aqua,MODIS,52,6.2,305.5,21.3,D,0
-11.3468,131.0561,327,1,1,2014-10-19,0455,Aqua,MODIS,32,6.2,306.5,11.3,D,0
-11.6988,130.9719,333.3,1,1,2014-10-19,0455,Aqua,MODIS,71,6.2,308.7,15.1,D,0
-11.6716,130.9679,330.8,1,1,2014-10-19,0455,Aqua,MODIS,75,6.2,310.8,12,D,0
-11.6729,130.9586,336.4,1,1,2014-10-19,0455,Aqua,MODIS,83,6.2,314.6,19.4,D,0
-11.7078,130.9733,328.9,1,1,2014-10-19,0455,Aqua,MODIS,53,6.2,309,9.7,D,0
-11.3939,131.0508,331.4,1,1,2014-10-19,0455,Aqua,MODIS,39,6.2,304.9,15.1,D,0
-11.3952,131.0416,340.6,1,1,2014-10-19,0455,Aqua,MODIS,65,6.2,305.7,31.2,D,0
-11.2265,132.3506,330.7,1,1,2014-10-19,0455,Aqua,MODIS,59,6.2,308,12.7,D,0
-11.7385,130.3511,324.6,1.1,1,2014-10-19,0455,Aqua,MODIS,62,6.2,304.1,9.8,D,0
-11.4839,130.6076,334.5,1,1,2014-10-19,0455,Aqua,MODIS,51,6.2,303.7,20.5,D,0
-11.7383,130.5561,327.4,1,1,2014-10-19,0455,Aqua,MODIS,26,6.2,302.6,15.8,D,0
-11.4826,130.6171,330.9,1,1,2014-10-19,0455,Aqua,MODIS,30,6.2,303.4,15.6,D,0
-11.6495,130.6052,344,1,1,2014-10-19,0455,Aqua,MODIS,90,6.2,305.5,38.4,D,0
-11.7396,130.5466,329.8,1,1,2014-10-19,0455,Aqua,MODIS,71,6.2,300.7,17.4,D,0
-24.8528,121.4697,347.5,4.3,1.9,2014-10-19,0629,Aqua,MODIS,88,6.2,298.1,385.2,D,0
-24.8624,121.4319,328.6,4.3,1.9,2014-10-19,0629,Aqua,MODIS,55,6.2,296.9,125.4,D,0
-24.8358,121.465,326.4,4.3,1.9,2014-10-19,0629,Aqua,MODIS,61,6.2,297.1,116.6,D,0
-24.8527,121.474,343.4,4.3,1.9,2014-10-19,0629,Aqua,MODIS,69,6.2,297.9,318.4,D,0
-24.8114,121.4136,335,4.3,1.9,2014-10-19,0629,Aqua,MODIS,80,6.2,297.9,197.7,D,0
-24.8188,121.4604,330.2,4.3,1.9,2014-10-19,0629,Aqua,MODIS,76,6.2,280.8,145.3,D,0
-24.8623,121.4275,326.2,4.3,1.9,2014-10-19,0629,Aqua,MODIS,40,6.2,296.5,104.4,D,0
-23.1525,120.8006,341.3,4.3,1.9,2014-10-19,0630,Aqua,MODIS,88,6.2,302.1,284.5,D,0
-23.1521,120.7958,341,4.3,1.9,2014-10-19,0630,Aqua,MODIS,87,6.2,301.5,274.4,D,0
-21.0202,119.9721,325,4.2,1.9,2014-10-19,0630,Aqua,MODIS,35,6.2,308.8,55.3,D,0
-21.6456,120.8406,335.7,4.7,2,2014-10-19,0630,Aqua,MODIS,81,6.2,309,202,D,0
-21.6282,120.8356,323.4,4.7,2,2014-10-19,0630,Aqua,MODIS,44,6.2,307.2,59.2,D,0
-21.0285,119.9328,335.1,4.2,1.9,2014-10-19,0630,Aqua,MODIS,79,6.2,309.8,157.9,D,0
-21.636,120.8858,332,4.7,2,2014-10-19,0630,Aqua,MODIS,76,6.2,307.4,154.8,D,0
-21.6447,120.8495,345.4,4.7,2,2014-10-19,0630,Aqua,MODIS,90,6.2,309,362.7,D,0
-21.6273,120.8447,322.9,4.7,2,2014-10-19,0630,Aqua,MODIS,42,6.2,307.1,57.3,D,0
-21.7597,119.08,346,3.5,1.8,2014-10-19,0630,Aqua,MODIS,90,6.2,307.1,237.8,D,0
-21.7441,119.0763,327,3.5,1.8,2014-10-19,0630,Aqua,MODIS,64,6.2,307,61.3,D,0
-21.6939,117.9656,327.1,2.9,1.6,2014-10-19,0630,Aqua,MODIS,61,6.2,308.5,47.4,D,0
-21.6649,117.9587,328.7,2.9,1.6,2014-10-19,0630,Aqua,MODIS,48,6.2,307.5,49.5,D,0
-21.6783,117.9546,327.3,2.9,1.6,2014-10-19,0630,Aqua,MODIS,20,6.2,307.8,42.3,D,0
-21.6204,117.941,329.5,2.9,1.6,2014-10-19,0630,Aqua,MODIS,57,6.2,309.5,51.4,D,0
-21.5569,117.9552,328.8,2.9,1.6,2014-10-19,0630,Aqua,MODIS,35,6.2,308.4,46.6,D,0
-21.5308,118.0086,327.9,3,1.6,2014-10-19,0630,Aqua,MODIS,54,6.2,307.1,43.7,D,0
-21.5366,117.9799,325.9,2.9,1.6,2014-10-19,0630,Aqua,MODIS,27,6.2,306.8,32.1,D,0
-21.5578,117.9502,326.6,2.9,1.6,2014-10-19,0630,Aqua,MODIS,36,6.2,308.4,36.9,D,0
-21.5321,118.0036,328.4,3,1.6,2014-10-19,0630,Aqua,MODIS,58,6.2,307.1,48.4,D,0
-21.5378,117.975,325.6,2.9,1.6,2014-10-19,0630,Aqua,MODIS,15,6.2,307,31.8,D,0
-20.7443,120.2319,325.6,4.4,1.9,2014-10-19,0631,Aqua,MODIS,27,6.2,309.2,59.1,D,0
-20.7435,120.2365,325.5,4.4,1.9,2014-10-19,0631,Aqua,MODIS,29,6.2,309,60.5,D,0
-20.7271,120.2276,346.7,4.4,1.9,2014-10-19,0631,Aqua,MODIS,91,6.2,310.6,333.4,D,0
-20.7262,120.2324,347.4,4.4,1.9,2014-10-19,0631,Aqua,MODIS,91,6.2,310.3,345.4,D,0
-25.0902,148.5226,302.7,1.3,1.1,2014-10-19,1238,Terra,MODIS,44,6.2,290.1,8.2,N,0
-25.0902,148.5157,301.8,1.3,1.1,2014-10-19,1238,Terra,MODIS,42,6.2,289.8,7.2,N,0
-22.8841,148.9368,304.9,1.1,1.1,2014-10-19,1238,Terra,MODIS,62,6.2,290.2,8.2,N,0
-25.9953,146.6157,312.2,1.7,1.3,2014-10-19,1238,Terra,MODIS,84,6.2,290.4,26.3,N,0
-23.8691,149.412,318.1,1.1,1.1,2014-10-19,1238,Terra,MODIS,96,6.2,290.8,19.5,N,0
-24.9636,148.2156,302.1,1.3,1.1,2014-10-19,1238,Terra,MODIS,47,6.2,288.5,8.2,N,0
-24.3697,151.3363,303.8,1,1,2014-10-19,1238,Terra,MODIS,57,6.2,288.4,6.8,N,0
-24.3607,151.3348,304.7,1,1,2014-10-19,1238,Terra,MODIS,61,6.2,288.6,7.2,N,0
-22.7726,149.0927,301.5,1.1,1.1,2014-10-19,1238,Terra,MODIS,42,6.2,290,6.1,N,0
-24.2168,149.5562,302.5,1.1,1,2014-10-19,1238,Terra,MODIS,21,6.2,289.5,5.7,N,0
-24.206,149.5656,334.2,1.1,1,2014-10-19,1238,Terra,MODIS,100,6.2,291,40.2,N,0
-21.6531,149.0247,300.9,1.1,1,2014-10-19,1239,Terra,MODIS,35,6.2,287.2,5.7,N,0
-20.6927,143.2448,308.6,2.5,1.5,2014-10-19,1239,Terra,MODIS,75,6.2,294.5,30.3,N,0
-20.6865,143.2374,307.4,2.5,1.5,2014-10-19,1239,Terra,MODIS,71,6.2,294.5,25.8,N,0
-16.9486,142.2678,319.7,2.7,1.6,2014-10-19,1240,Terra,MODIS,99,6.2,296.1,58.7,N,0
-16.634,142.0479,323.2,2.7,1.6,2014-10-19,1240,Terra,MODIS,100,6.2,296.8,76.4,N,0
-16.8007,142.0856,308.7,2.7,1.6,2014-10-19,1240,Terra,MODIS,75,6.2,296.2,22.8,N,0
-16.7226,142.3719,307.2,2.6,1.5,2014-10-19,1240,Terra,MODIS,71,6.2,295.5,18.1,N,0
-16.798,142.1111,326.8,2.7,1.6,2014-10-19,1240,Terra,MODIS,100,6.2,296.9,91.7,N,0
-16.8149,142.0873,311.8,2.7,1.6,2014-10-19,1240,Terra,MODIS,83,6.2,296.5,31.3,N,0
-16.9584,142.2622,314.3,2.7,1.6,2014-10-19,1240,Terra,MODIS,89,6.2,296.1,39.1,N,0
-16.8087,142.1057,335.9,2.7,1.6,2014-10-19,1240,Terra,MODIS,100,6.2,297.9,142.4,N,0
-16.8059,142.1311,317.5,2.7,1.6,2014-10-19,1240,Terra,MODIS,95,6.2,296.6,47.6,N,0
-16.7945,142.1041,308.4,2.7,1.6,2014-10-19,1240,Terra,MODIS,53,6.2,296.2,21,N,0
-16.6576,142.6454,305.6,2.5,1.5,2014-10-19,1240,Terra,MODIS,43,6.2,295.1,13.9,N,0
-16.6311,142.0733,327.5,2.7,1.6,2014-10-19,1240,Terra,MODIS,100,6.2,297.2,93.4,N,0
-16.6283,142.0986,317.6,2.7,1.6,2014-10-19,1240,Terra,MODIS,95,6.2,296.6,50.1,N,0
-16.8116,142.0803,306.5,2.7,1.6,2014-10-19,1240,Terra,MODIS,29,6.2,296.4,15.8,N,0
-16.6257,142.0279,321.7,2.7,1.6,2014-10-19,1240,Terra,MODIS,100,6.2,296.6,67.9,N,0
-16.6169,142.0717,314.9,2.7,1.6,2014-10-19,1240,Terra,MODIS,76,6.2,296.2,37,N,0
-16.6531,142.3094,309.8,2.6,1.6,2014-10-19,1240,Terra,MODIS,78,6.2,295.6,22.9,N,0
-16.6417,142.2833,310.6,2.6,1.6,2014-10-19,1240,Terra,MODIS,78,6.2,295.5,25.4,N,0
-16.7727,145.5127,301.3,1.5,1.2,2014-10-19,1240,Terra,MODIS,40,6.2,288.9,8.9,N,0
-16.6255,142.1239,307.5,2.7,1.6,2014-10-19,1240,Terra,MODIS,43,6.2,295.8,17,N,0
-16.6003,142.2219,306,2.6,1.6,2014-10-19,1240,Terra,MODIS,24,6.2,295.2,14.9,N,0
-16.632,142.1059,314.7,2.7,1.6,2014-10-19,1240,Terra,MODIS,72,6.2,296.2,38.2,N,0
-16.6225,142.0207,311.8,2.7,1.6,2014-10-19,1240,Terra,MODIS,35,6.2,296,31.4,N,0
-16.6973,142.3444,312.5,2.6,1.5,2014-10-19,1240,Terra,MODIS,85,6.2,295.8,31.5,N,0
-16.6197,142.0463,323.3,2.7,1.6,2014-10-19,1240,Terra,MODIS,100,6.2,296.7,73.6,N,0
-16.9738,142.5651,305.6,2.5,1.5,2014-10-19,1240,Terra,MODIS,37,6.2,295.1,13.6,N,0
-16.9901,142.543,305.7,2.5,1.5,2014-10-19,1240,Terra,MODIS,34,6.2,295.3,13.8,N,0
-16.6557,142.2849,311.7,2.6,1.6,2014-10-19,1240,Terra,MODIS,83,6.2,295.8,29,N,0
-16.6923,142.3385,308.6,2.6,1.5,2014-10-19,1240,Terra,MODIS,75,6.2,295.6,20.9,N,0
-16.655,142.6683,313.7,2.4,1.5,2014-10-19,1240,Terra,MODIS,88,6.2,295.3,35,N,0
-16.8123,142.1127,324.1,2.7,1.6,2014-10-19,1240,Terra,MODIS,100,6.2,297.4,77.1,N,0
-16.623,142.0535,337.6,2.7,1.6,2014-10-19,1240,Terra,MODIS,100,6.2,297.4,152.2,N,0
-16.651,142.6499,305.5,2.5,1.5,2014-10-19,1240,Terra,MODIS,59,6.2,294.9,13.8,N,0
-16.8096,142.1381,311.1,2.7,1.6,2014-10-19,1240,Terra,MODIS,69,6.2,296.2,26.2,N,0
-16.6204,142.0789,317,2.7,1.6,2014-10-19,1240,Terra,MODIS,88,6.2,296.4,44.2,N,0
-16.6373,142.0551,309.8,2.7,1.6,2014-10-19,1240,Terra,MODIS,26,6.2,296.3,25,N,0
-16.6346,142.0806,319.3,2.7,1.6,2014-10-19,1240,Terra,MODIS,98,6.2,296.8,56.6,N,0
-16.953,145.8956,328.6,1.4,1.2,2014-10-19,1240,Terra,MODIS,100,6.2,285.5,48.4,N,0
-16.9513,145.9091,308.9,1.4,1.2,2014-10-19,1240,Terra,MODIS,34,6.2,288,16.7,N,0
-16.9637,145.8971,305,1.4,1.2,2014-10-19,1240,Terra,MODIS,13,6.2,288.1,10.7,N,0
-16.4179,142.1453,313.7,2.7,1.6,2014-10-19,1240,Terra,MODIS,87,6.2,291.5,37.8,N,0
-16.5392,141.9538,310.9,2.8,1.6,2014-10-19,1240,Terra,MODIS,42,6.2,284.7,31.5,N,0
-17.8145,144.5891,311,1.8,1.3,2014-10-19,1240,Terra,MODIS,81,6.2,290.7,24.1,N,0
-16.5507,142.11,312.2,2.7,1.6,2014-10-19,1240,Terra,MODIS,54,6.2,295.2,29.1,N,0
-16.4907,142.0004,321.3,2.7,1.6,2014-10-19,1240,Terra,MODIS,98,6.2,293.8,67.7,N,0
-16.4226,142.1895,312.3,2.6,1.6,2014-10-19,1240,Terra,MODIS,84,6.2,295,31.6,N,0
-16.3732,142.3802,309.5,2.5,1.5,2014-10-19,1240,Terra,MODIS,39,6.2,294.7,20.8,N,0
-16.3785,142.3323,368.5,2.6,1.5,2014-10-19,1240,Terra,MODIS,100,6.2,298.5,424.4,N,0
-16.3758,142.3563,320.5,2.6,1.5,2014-10-19,1240,Terra,MODIS,100,6.2,295,56.7,N,0
-17.8087,144.5818,318.7,1.8,1.3,2014-10-19,1240,Terra,MODIS,97,6.2,290.7,37.8,N,0
-16.4295,142.1718,311,2.7,1.6,2014-10-19,1240,Terra,MODIS,64,6.2,294.8,27.3,N,0
-17.8223,144.5199,306.6,1.8,1.3,2014-10-19,1240,Terra,MODIS,68,6.2,290.9,17.8,N,0
-16.5797,142.0158,317.6,2.7,1.6,2014-10-19,1240,Terra,MODIS,85,6.2,295.6,48.5,N,0
-16.395,142.3099,317.8,2.6,1.5,2014-10-19,1240,Terra,MODIS,96,6.2,295.5,45.5,N,0
-16.5546,142.1157,309.2,2.7,1.6,2014-10-19,1240,Terra,MODIS,58,6.2,295,20.9,N,0
-16.5769,142.0414,328.5,2.7,1.6,2014-10-19,1240,Terra,MODIS,100,6.2,296.5,95.8,N,0
-16.4879,142.0259,349.2,2.7,1.6,2014-10-19,1240,Terra,MODIS,100,6.2,295.6,246.8,N,0
-16.4128,142.1949,309,2.6,1.6,2014-10-19,1240,Terra,MODIS,61,6.2,294.9,20.8,N,0
-16.5022,142.0276,325.3,2.7,1.6,2014-10-19,1240,Terra,MODIS,100,6.2,294.7,86.6,N,0
-16.4852,142.0513,318.7,2.7,1.6,2014-10-19,1240,Terra,MODIS,97,6.2,293.9,56.5,N,0
-16.6486,142.6729,312.3,2.4,1.5,2014-10-19,1240,Terra,MODIS,85,6.2,295.2,31.1,N,0
-16.4154,142.1702,330.4,2.7,1.6,2014-10-19,1240,Terra,MODIS,100,6.2,294.7,107.5,N,0
-16.4254,142.1647,330.2,2.7,1.6,2014-10-19,1240,Terra,MODIS,100,6.2,295,107.9,N,0
-17.8164,144.5719,307.5,1.8,1.3,2014-10-19,1240,Terra,MODIS,63,6.2,290.3,18.1,N,0
-16.5421,141.9594,312.1,2.8,1.6,2014-10-19,1240,Terra,MODIS,43,6.2,285.5,35,N,0
-16.4113,142.1631,310.8,2.7,1.6,2014-10-19,1240,Terra,MODIS,76,6.2,293.5,30.6,N,0
-16.3811,142.3082,356.8,2.6,1.5,2014-10-19,1240,Terra,MODIS,100,6.2,297.3,295.4,N,0
-17.8171,144.5123,305.1,1.8,1.3,2014-10-19,1240,Terra,MODIS,28,6.2,290.7,14.2,N,0
-16.3706,142.4039,317,2.5,1.5,2014-10-19,1240,Terra,MODIS,94,6.2,295.3,46.3,N,0
-15.1136,142.4058,319.2,2.4,1.5,2014-10-19,1241,Terra,MODIS,51,6.2,294.8,47.1,N,0
-15.1071,142.2188,319,2.5,1.5,2014-10-19,1241,Terra,MODIS,70,6.2,294.3,47.1,N,0
-15.3133,143.0354,304.3,2.2,1.4,2014-10-19,1241,Terra,MODIS,59,6.2,293.3,12.7,N,0
-15.1315,142.1261,333,2.6,1.5,2014-10-19,1241,Terra,MODIS,100,6.2,295.6,114.7,N,0
-15.1262,142.1734,334.9,2.5,1.5,2014-10-19,1241,Terra,MODIS,100,6.2,295.5,122.1,N,0
-14.2403,142.537,309.9,2.3,1.5,2014-10-19,1241,Terra,MODIS,12,6.2,294.1,21.5,N,0
-15.0714,142.5365,306.3,2.4,1.5,2014-10-19,1241,Terra,MODIS,9,6.2,293.8,15.4,N,0
-15.1241,142.3147,320.8,2.5,1.5,2014-10-19,1241,Terra,MODIS,100,6.2,294.7,58,N,0
-14.1629,142.339,307.7,2.4,1.5,2014-10-19,1241,Terra,MODIS,21,6.2,293.6,20.3,N,0
-15.1104,142.3131,333,2.5,1.5,2014-10-19,1241,Terra,MODIS,100,6.2,295.6,107.3,N,0
-12.7857,143.0863,308.7,2,1.4,2014-10-19,1241,Terra,MODIS,75,6.2,292.7,23.8,N,0
-15.1188,142.3604,315.8,2.5,1.5,2014-10-19,1241,Terra,MODIS,23,6.2,294.5,38.1,N,0
-15.1019,142.2652,316.1,2.5,1.5,2014-10-19,1241,Terra,MODIS,34,6.2,294.3,36.9,N,0
-15.1124,142.1718,317.2,2.5,1.5,2014-10-19,1241,Terra,MODIS,60,6.2,294.1,37.9,N,0
-12.7878,143.0687,306.7,2,1.4,2014-10-19,1241,Terra,MODIS,69,6.2,290.7,20.4,N,0
-14.1282,142.4015,324.7,2.4,1.5,2014-10-19,1241,Terra,MODIS,100,6.2,294.1,69.8,N,0
-15.2737,141.8324,306.7,2.7,1.6,2014-10-19,1241,Terra,MODIS,69,6.2,292.2,27.3,N,0
-14.1212,142.4283,311.2,2.3,1.5,2014-10-19,1241,Terra,MODIS,55,6.2,293.7,22.9,N,0
-15.1427,142.1515,305.7,2.5,1.5,2014-10-19,1241,Terra,MODIS,65,6.2,294,17,N,0
-15.1289,142.1498,342,2.5,1.5,2014-10-19,1241,Terra,MODIS,100,6.2,295.5,168.6,N,0
-15.0942,142.3344,376.7,2.5,1.5,2014-10-19,1241,Terra,MODIS,100,6.2,299.6,503.2,N,0
-15.1237,142.3907,320.7,2.4,1.5,2014-10-19,1241,Terra,MODIS,100,6.2,294.8,59.1,N,0
-15.1311,142.3222,308.8,2.5,1.5,2014-10-19,1241,Terra,MODIS,76,6.2,294.2,25.1,N,0
-12.7833,143.0804,307.9,2,1.4,2014-10-19,1241,Terra,MODIS,73,6.2,292.5,20.9,N,0
-14.1711,142.3457,329.7,2.4,1.5,2014-10-19,1241,Terra,MODIS,100,6.2,294.9,88.7,N,0
-15.0967,142.3115,354.4,2.5,1.5,2014-10-19,1241,Terra,MODIS,100,6.2,296.9,253.7,N,0
-15.0372,142.5992,309.6,2.3,1.5,2014-10-19,1241,Terra,MODIS,34,6.2,293.6,22.4,N,0
-14.2017,142.5476,321.3,2.3,1.5,2014-10-19,1241,Terra,MODIS,100,6.2,294.1,54.2,N,0
-14.1871,142.3253,304.7,2.4,1.5,2014-10-19,1241,Terra,MODIS,31,6.2,293.9,12.8,N,0
-15.0882,142.2636,312.5,2.5,1.5,2014-10-19,1241,Terra,MODIS,10,6.2,294.5,24.2,N,0
-14.1929,142.393,322.4,2.4,1.5,2014-10-19,1241,Terra,MODIS,100,6.2,294.5,59.5,N,0
-15.1261,142.368,312.4,2.5,1.5,2014-10-19,1241,Terra,MODIS,73,6.2,294.2,31.1,N,0
-15.0924,142.4715,310.9,2.4,1.5,2014-10-19,1241,Terra,MODIS,46,6.2,294,25.5,N,0
-12.7957,143.0824,301.9,2,1.4,2014-10-19,1241,Terra,MODIS,11,6.2,291.5,11.5,N,0
-15.0916,142.3573,334.5,2.5,1.5,2014-10-19,1241,Terra,MODIS,100,6.2,295.6,112.1,N,0
-14.1602,142.3612,338,2.4,1.5,2014-10-19,1241,Terra,MODIS,100,6.2,295.2,133.2,N,0
-15.1162,142.3832,336.6,2.4,1.5,2014-10-19,1241,Terra,MODIS,100,6.2,295.8,125.9,N,0
-15.1286,142.3451,309.7,2.5,1.5,2014-10-19,1241,Terra,MODIS,78,6.2,294.2,27,N,0
-15.3219,142.8471,309.1,2.3,1.5,2014-10-19,1241,Terra,MODIS,76,6.2,293.4,23.8,N,0
-15.1214,142.3376,322,2.5,1.5,2014-10-19,1241,Terra,MODIS,72,6.2,295,59.9,N,0
-15.1045,142.2421,316.5,2.5,1.5,2014-10-19,1241,Terra,MODIS,32,6.2,294.5,38.2,N,0
-14.1256,142.4234,313.1,2.3,1.5,2014-10-19,1241,Terra,MODIS,46,6.2,293.9,30.1,N,0
-15.1212,142.4133,309.8,2.4,1.5,2014-10-19,1241,Terra,MODIS,78,6.2,294.2,26.6,N,0
-12.8256,142.3092,307.8,2.3,1.5,2014-10-19,1241,Terra,MODIS,66,6.2,293.3,21.3,N,0
-14.182,142.3695,315.5,2.4,1.5,2014-10-19,1241,Terra,MODIS,91,6.2,294.5,35.9,N,0
-14.1661,142.3898,313.4,2.4,1.5,2014-10-19,1241,Terra,MODIS,46,6.2,294.2,26.8,N,0
-15.0908,142.2404,313.2,2.5,1.5,2014-10-19,1241,Terra,MODIS,35,6.2,294.4,25.7,N,0
-15.2845,141.8285,303,2.7,1.6,2014-10-19,1241,Terra,MODIS,52,6.2,292.1,18.3,N,0
-14.1904,142.4147,321,2.4,1.5,2014-10-19,1241,Terra,MODIS,100,6.2,294.3,54.7,N,0
-14.1236,142.4064,320.4,2.4,1.5,2014-10-19,1241,Terra,MODIS,100,6.2,293.8,52.6,N,0
-15.2364,142.9153,304,2.2,1.4,2014-10-19,1241,Terra,MODIS,40,6.2,293.1,11.8,N,0
-14.1072,142.465,308.4,2.3,1.5,2014-10-19,1241,Terra,MODIS,31,6.2,294,19.9,N,0
-14.1369,142.4081,311.5,2.4,1.5,2014-10-19,1241,Terra,MODIS,55,6.2,294,25.4,N,0
-14.1046,142.4865,308.8,2.3,1.5,2014-10-19,1241,Terra,MODIS,34,6.2,294,20.8,N,0
-14.1552,142.3661,314.6,2.4,1.5,2014-10-19,1241,Terra,MODIS,19,6.2,293.7,33.8,N,0
-14.1686,142.3679,344.3,2.4,1.5,2014-10-19,1241,Terra,MODIS,100,6.2,296,166.2,N,0
-13.3692,142.3264,305.5,2.3,1.5,2014-10-19,1241,Terra,MODIS,64,6.2,294.2,17.8,N,0
-14.1967,142.5894,307.6,2.3,1.5,2014-10-19,1241,Terra,MODIS,16,6.2,293.9,17.9,N,0
-14.1982,142.5535,330.5,2.3,1.5,2014-10-19,1241,Terra,MODIS,100,6.2,294.6,86.5,N,0
-14.1958,142.5745,323.9,2.3,1.5,2014-10-19,1241,Terra,MODIS,100,6.2,294.3,60.5,N,0
-14.1992,142.5685,328.4,2.3,1.5,2014-10-19,1241,Terra,MODIS,100,6.2,294.6,81.3,N,0
-15.0981,142.1169,333.2,2.6,1.5,2014-10-19,1241,Terra,MODIS,100,6.2,295.9,114.7,N,0
-15.1203,142.1007,326.9,2.6,1.5,2014-10-19,1241,Terra,MODIS,100,6.2,295.2,84.8,N,0
-15.1177,142.1245,380.5,2.6,1.5,2014-10-19,1241,Terra,MODIS,100,6.2,300,594,N,0
-15.0953,142.1405,320.2,2.5,1.5,2014-10-19,1241,Terra,MODIS,81,6.2,295.1,52.2,N,0
-15.115,142.1482,326.1,2.5,1.5,2014-10-19,1241,Terra,MODIS,100,6.2,295.4,73.7,N,0
-15.0925,142.0974,305.8,2.6,1.5,2014-10-19,1241,Terra,MODIS,15,6.2,293.9,15.3,N,0
-15.1038,142.1228,338.6,2.6,1.5,2014-10-19,1241,Terra,MODIS,100,6.2,296.2,146.9,N,0
-15.1064,142.099,363,2.6,1.5,2014-10-19,1241,Terra,MODIS,100,6.2,297.3,362.1,N,0
-15.0874,142.1449,324.4,2.5,1.5,2014-10-19,1241,Terra,MODIS,100,6.2,294.7,71.1,N,0
-15.0899,142.1212,334.5,2.6,1.5,2014-10-19,1241,Terra,MODIS,100,6.2,294.9,124.2,N,0
-15.0814,142.1389,320.1,2.5,1.5,2014-10-19,1241,Terra,MODIS,91,6.2,294,54.6,N,0
-15.1008,142.0931,324.9,2.6,1.5,2014-10-19,1241,Terra,MODIS,100,6.2,294.7,77.9,N,0
-14.9347,142.7273,307.4,2.3,1.5,2014-10-19,1241,Terra,MODIS,43,6.2,293.2,18.8,N,0
-14.9626,142.6942,309.7,2.3,1.5,2014-10-19,1241,Terra,MODIS,33,6.2,293.4,22.6,N,0
-12.2963,142.6039,302.8,2.1,1.4,2014-10-19,1241,Terra,MODIS,51,6.2,292.6,11.7,N,0
-22.5797,122.3365,338.4,1.4,1.2,2014-10-19,1417,Terra,MODIS,100,6.2,302.3,58,N,0
-23.497,123.0173,312,1.3,1.1,2014-10-19,1417,Terra,MODIS,76,6.2,295.9,12.7,N,0
-22.6026,122.3255,325.4,1.4,1.2,2014-10-19,1417,Terra,MODIS,100,6.2,298.6,32.6,N,0
-23.4954,123.0303,324.5,1.3,1.1,2014-10-19,1417,Terra,MODIS,100,6.2,296.8,29.4,N,0
-23.4922,123.0564,319.3,1.3,1.1,2014-10-19,1417,Terra,MODIS,98,6.2,295.9,21.7,N,0
-23.4906,123.0694,320.9,1.3,1.1,2014-10-19,1417,Terra,MODIS,100,6.2,297,24.8,N,0
-24.8755,129.0389,306.4,1.1,1,2014-10-19,1417,Terra,MODIS,38,6.2,293.9,7.7,N,0
-23.4929,123.0233,322.8,1.3,1.1,2014-10-19,1417,Terra,MODIS,100,6.2,296.6,27.6,N,0
-22.6735,122.3134,307.8,1.4,1.2,2014-10-19,1417,Terra,MODIS,73,6.2,297.4,8.3,N,0
-22.5935,122.3101,313.4,1.4,1.2,2014-10-19,1417,Terra,MODIS,26,6.2,298.2,13.1,N,0
-22.567,122.3149,350.7,1.4,1.2,2014-10-19,1417,Terra,MODIS,100,6.2,304.2,98.2,N,0
-22.5563,122.3135,403.8,1.4,1.2,2014-10-19,1417,Terra,MODIS,100,6.2,312.4,459.3,N,0
-22.5579,122.2996,360.3,1.4,1.2,2014-10-19,1417,Terra,MODIS,100,6.2,304.9,137.8,N,0
-22.5456,122.312,336.8,1.4,1.2,2014-10-19,1417,Terra,MODIS,100,6.2,301.3,55.5,N,0
-22.5472,122.2981,374.7,1.4,1.2,2014-10-19,1417,Terra,MODIS,100,6.2,305.4,214.5,N,0
-22.5489,122.2842,363,1.4,1.2,2014-10-19,1417,Terra,MODIS,100,6.2,304.9,151.4,N,0
-22.5349,122.3106,343.9,1.4,1.2,2014-10-19,1417,Terra,MODIS,100,6.2,304,77.1,N,0
-22.5366,122.2967,337.9,1.4,1.2,2014-10-19,1417,Terra,MODIS,100,6.2,301.4,57.6,N,0
-22.5382,122.2827,338.3,1.4,1.2,2014-10-19,1417,Terra,MODIS,100,6.2,300.7,60,N,0
-22.5242,122.3091,319.8,1.4,1.2,2014-10-19,1417,Terra,MODIS,99,6.2,300.6,23,N,0
-22.5259,122.2952,328.9,1.4,1.2,2014-10-19,1417,Terra,MODIS,100,6.2,301.5,37.6,N,0
-22.5275,122.2814,328.6,1.4,1.2,2014-10-19,1417,Terra,MODIS,100,6.2,300.4,37.3,N,0
-23.4883,123.0625,316,1.3,1.1,2014-10-19,1417,Terra,MODIS,87,6.2,296.8,16.4,N,0
-23.5578,121.1025,307.4,1.8,1.3,2014-10-19,1417,Terra,MODIS,71,6.2,291.3,18.8,N,0
-22.5151,122.2938,383.6,1.4,1.2,2014-10-19,1417,Terra,MODIS,100,6.2,306.5,279.2,N,0
-22.5167,122.2801,363.1,1.4,1.2,2014-10-19,1417,Terra,MODIS,100,6.2,303.7,154,N,0
-22.5044,122.2925,342.9,1.4,1.2,2014-10-19,1417,Terra,MODIS,100,6.2,300,75.8,N,0
-22.506,122.2787,360.2,1.4,1.2,2014-10-19,1417,Terra,MODIS,100,6.2,302.8,141.3,N,0
-22.8485,122.378,308.3,1.4,1.2,2014-10-19,1417,Terra,MODIS,22,6.2,296.8,9.7,N,0
-22.8592,122.3794,331.7,1.4,1.2,2014-10-19,1417,Terra,MODIS,100,6.2,298.3,49.1,N,0
-22.8682,122.3948,312.6,1.4,1.2,2014-10-19,1417,Terra,MODIS,71,6.2,297.3,15.4,N,0
-22.5871,122.3657,334.1,1.4,1.2,2014-10-19,1417,Terra,MODIS,100,6.2,302.9,52.2,N,0
-22.5317,122.3382,358.2,1.4,1.2,2014-10-19,1417,Terra,MODIS,100,6.2,302.2,131,N,0
-24.8537,121.4391,311.9,1.8,1.3,2014-10-19,1417,Terra,MODIS,84,6.2,290.1,25.9,N,0
-24.8486,121.4442,307.2,1.8,1.3,2014-10-19,1417,Terra,MODIS,71,6.2,289.7,18,N,0
-22.5855,122.3794,347,1.4,1.2,2014-10-19,1417,Terra,MODIS,100,6.2,301.4,88.3,N,0
-22.368,121.7923,306.6,1.5,1.2,2014-10-19,1417,Terra,MODIS,69,6.2,294.6,12,N,0
-22.3674,121.7858,304.7,1.5,1.2,2014-10-19,1417,Terra,MODIS,47,6.2,293.9,8.9,N,0
-22.5769,122.2651,316.2,1.4,1.2,2014-10-19,1417,Terra,MODIS,86,6.2,297.6,18.1,N,0
-22.5513,122.355,363.7,1.4,1.2,2014-10-19,1417,Terra,MODIS,100,6.2,304.4,155.7,N,0
-22.553,122.3411,347.3,1.4,1.2,2014-10-19,1417,Terra,MODIS,100,6.2,303.5,87.4,N,0
-23.4123,122.4198,310.3,1.4,1.2,2014-10-19,1417,Terra,MODIS,80,6.2,296.8,14.9,N,0
-22.6858,122.3009,311.8,1.4,1.2,2014-10-19,1417,Terra,MODIS,83,6.2,297.6,12.9,N,0
-23.3944,123.7602,306.8,1.2,1.1,2014-10-19,1417,Terra,MODIS,69,6.2,293.8,8.1,N,0
-22.5546,122.3273,353.9,1.4,1.2,2014-10-19,1417,Terra,MODIS,100,6.2,302.2,111.3,N,0
-22.5407,122.3536,364.7,1.4,1.2,2014-10-19,1417,Terra,MODIS,100,6.2,303.6,160.5,N,0
-22.5737,122.2589,314.6,1.4,1.2,2014-10-19,1417,Terra,MODIS,81,6.2,297.3,15.5,N,0
-23.3929,123.7721,339.2,1.2,1.1,2014-10-19,1417,Terra,MODIS,100,6.2,296.8,54.1,N,0
-23.4494,123.8108,322.9,1.2,1.1,2014-10-19,1417,Terra,MODIS,100,6.2,294.3,26.4,N,0
-23.5368,123.0957,337.3,1.3,1.1,2014-10-19,1417,Terra,MODIS,100,6.2,298.5,54.1,N,0
-23.5059,123.0914,346.2,1.3,1.1,2014-10-19,1417,Terra,MODIS,100,6.2,299.3,77.7,N,0
-23.5074,123.0783,352.7,1.3,1.1,2014-10-19,1417,Terra,MODIS,100,6.2,299.8,98.3,N,0
-23.4971,123.0769,321.5,1.3,1.1,2014-10-19,1417,Terra,MODIS,100,6.2,297.2,24.8,N,0
-22.5423,122.3397,389.4,1.4,1.2,2014-10-19,1417,Terra,MODIS,100,6.2,312.5,322.6,N,0
-22.544,122.3259,339.3,1.4,1.2,2014-10-19,1417,Terra,MODIS,100,6.2,304.1,63.6,N,0
-22.5754,122.2449,315.3,1.4,1.2,2014-10-19,1417,Terra,MODIS,81,6.2,296.6,17.2,N,0
-23.3845,123.7588,313.7,1.2,1.1,2014-10-19,1417,Terra,MODIS,88,6.2,294.5,14.5,N,0
-22.5674,122.3488,394.5,1.4,1.2,2014-10-19,1417,Terra,MODIS,100,6.2,306.9,363.9,N,0
-22.569,122.335,420.6,1.4,1.2,2014-10-19,1417,Terra,MODIS,100,6.2,316.7,665.2,N,0
-22.5706,122.3211,361,1.4,1.2,2014-10-19,1417,Terra,MODIS,100,6.2,304.9,140.1,N,0
-22.5785,122.251,311.7,1.4,1.2,2014-10-19,1417,Terra,MODIS,75,6.2,296.7,13.2,N,0
-22.8501,122.364,315.8,1.4,1.2,2014-10-19,1417,Terra,MODIS,92,6.2,296.2,20,N,0
-22.8161,122.3387,311.2,1.4,1.2,2014-10-19,1417,Terra,MODIS,42,6.2,297,12.7,N,0
-22.5226,122.3229,308.8,1.4,1.2,2014-10-19,1417,Terra,MODIS,76,6.2,298.8,9.3,N,0
-22.807,122.3232,322.6,1.4,1.2,2014-10-19,1417,Terra,MODIS,100,6.2,297.3,28.5,N,0
-22.5333,122.3244,398.3,1.4,1.2,2014-10-19,1417,Terra,MODIS,100,6.2,312.4,404.3,N,0
-23.5032,123.0247,307.4,1.3,1.1,2014-10-19,1417,Terra,MODIS,35,6.2,296.1,8.6,N,0
-22.4926,122.2057,319.8,1.5,1.2,2014-10-19,1417,Terra,MODIS,84,6.2,298.4,22.4,N,0
-22.5033,122.2071,319.1,1.5,1.2,2014-10-19,1417,Terra,MODIS,88,6.2,298.3,21.1,N,0
-22.6117,122.3408,312.4,1.4,1.2,2014-10-19,1417,Terra,MODIS,45,6.2,297.3,12.7,N,0
-22.4969,122.2634,313.6,1.4,1.2,2014-10-19,1417,Terra,MODIS,58,6.2,297.8,13.9,N,0
-22.5158,122.1941,313.1,1.5,1.2,2014-10-19,1417,Terra,MODIS,30,6.2,297.8,13,N,0
-22.5076,122.2648,328.8,1.4,1.2,2014-10-19,1417,Terra,MODIS,100,6.2,299,39,N,0
-22.5324,122.2395,321.2,1.4,1.2,2014-10-19,1417,Terra,MODIS,100,6.2,299,23.2,N,0
-22.5765,122.3642,350.1,1.4,1.2,2014-10-19,1417,Terra,MODIS,100,6.2,301.5,98.1,N,0
-22.5781,122.3504,396.3,1.4,1.2,2014-10-19,1417,Terra,MODIS,100,6.2,311,381.7,N,0
-22.6101,122.3547,310.9,1.4,1.2,2014-10-19,1417,Terra,MODIS,53,6.2,297.2,11.4,N,0
-22.5398,122.2688,327.3,1.4,1.2,2014-10-19,1417,Terra,MODIS,100,6.2,300.2,33.9,N,0
-22.5555,122.2281,316.3,1.5,1.2,2014-10-19,1417,Terra,MODIS,85,6.2,297.9,19.2,N,0
-22.5646,122.2435,310.1,1.4,1.2,2014-10-19,1417,Terra,MODIS,24,6.2,297.4,9.9,N,0
-23.4987,123.0639,323.1,1.3,1.1,2014-10-19,1417,Terra,MODIS,100,6.2,296.3,26.1,N,0
-23.7428,122.7164,310.9,1.4,1.2,2014-10-19,1417,Terra,MODIS,81,6.2,295.2,15.8,N,0
-22.1002,127.374,304.3,1,1,2014-10-19,1417,Terra,MODIS,59,6.2,293.8,6,N,0
-23.383,123.7706,313.7,1.2,1.1,2014-10-19,1417,Terra,MODIS,88,6.2,295,14.2,N,0
-22.0207,127.4149,303.8,1,1,2014-10-19,1417,Terra,MODIS,57,6.2,293.1,5.9,N,0
-23.7323,122.7149,310.8,1.4,1.2,2014-10-19,1417,Terra,MODIS,81,6.2,295.2,15.4,N,0
-23.7339,122.7012,328.5,1.4,1.2,2014-10-19,1417,Terra,MODIS,100,6.2,295.5,43.8,N,0
-22.5743,122.3441,408.7,1.4,1.2,2014-10-19,1417,Terra,MODIS,100,6.2,317.8,510.7,N,0
-22.5726,122.358,364.1,1.4,1.2,2014-10-19,1417,Terra,MODIS,100,6.2,304.2,157,N,0
-23.5596,121.0849,307.1,1.8,1.3,2014-10-19,1417,Terra,MODIS,70,6.2,291.1,18.4,N,0
-22.0535,127.3197,306.3,1,1,2014-10-19,1417,Terra,MODIS,67,6.2,294.7,7.3,N,0
-23.3746,123.7574,311.7,1.2,1.1,2014-10-19,1417,Terra,MODIS,83,6.2,294.7,12.9,N,0
-22.5653,122.3288,409.4,1.4,1.2,2014-10-19,1417,Terra,MODIS,100,6.2,314.1,521.9,N,0
-22.576,122.3303,329.2,1.4,1.2,2014-10-19,1417,Terra,MODIS,100,6.2,303,38,N,0
-23.692,122.6469,315,1.4,1.2,2014-10-19,1417,Terra,MODIS,90,6.2,295,21.1,N,0
-22.5637,122.3426,377.6,1.4,1.2,2014-10-19,1417,Terra,MODIS,100,6.2,304.6,234.5,N,0
-22.0435,127.4494,309.3,1,1,2014-10-19,1417,Terra,MODIS,74,6.2,292.2,8.8,N,0
-22.4805,122.1832,309.5,1.5,1.2,2014-10-19,1417,Terra,MODIS,32,6.2,297.4,10.8,N,0
-22.4895,122.1989,328.9,1.5,1.2,2014-10-19,1417,Terra,MODIS,100,6.2,298.8,41,N,0
-22.4986,122.2145,319.6,1.5,1.2,2014-10-19,1417,Terra,MODIS,76,6.2,298.6,22.3,N,0
-22.601,122.3394,314.4,1.4,1.2,2014-10-19,1417,Terra,MODIS,12,6.2,299.1,14.2,N,0
-23.4032,122.4042,313,1.5,1.2,2014-10-19,1417,Terra,MODIS,86,6.2,296.2,17.7,N,0
-22.7675,117.5881,303.4,3.1,1.7,2014-10-19,1417,Terra,MODIS,55,6.2,291.4,31.6,N,0
-23.4016,122.4183,331,1.4,1.2,2014-10-19,1417,Terra,MODIS,100,6.2,297.7,49.6,N,0
-22.6164,125.2194,305.9,1,1,2014-10-19,1417,Terra,MODIS,66,6.2,294.3,5.8,N,0
-22.765,117.5945,302.2,3.1,1.7,2014-10-19,1417,Terra,MODIS,47,6.2,291.6,26.2,N,0
-18.4599,130.2916,313.1,1.6,1.2,2014-10-19,1418,Terra,MODIS,86,6.2,292.5,22.8,N,0
-17.5962,128.4245,313.8,1.2,1.1,2014-10-19,1418,Terra,MODIS,87,6.2,294.7,14.1,N,0
-17.5865,128.4164,307.8,1.2,1.1,2014-10-19,1418,Terra,MODIS,35,6.2,294.1,7.8,N,0
-19.9176,123.4359,309.7,1.2,1.1,2014-10-19,1418,Terra,MODIS,77,6.2,297.9,9.3,N,0
-17.5964,128.4181,329.7,1.2,1.1,2014-10-19,1418,Terra,MODIS,100,6.2,295.7,35.8,N,0
-17.598,128.4129,334.9,1.2,1.1,2014-10-19,1418,Terra,MODIS,100,6.2,296.1,45,N,0
-17.5884,128.4048,311.9,1.2,1.1,2014-10-19,1418,Terra,MODIS,57,6.2,295.4,11,N,0
-17.5982,128.4065,318.9,1.2,1.1,2014-10-19,1418,Terra,MODIS,97,6.2,295.4,18.9,N,0
-21.968,122.886,310.5,1.3,1.1,2014-10-19,1418,Terra,MODIS,21,6.2,295.9,10.5,N,0
-19.9789,123.5959,309.7,1.1,1.1,2014-10-19,1418,Terra,MODIS,77,6.2,298.1,8.8,N,0
-20.0286,123.5146,310.4,1.1,1.1,2014-10-19,1418,Terra,MODIS,54,6.2,297.5,8.8,N,0
-20.7215,120.2739,327.5,1.9,1.3,2014-10-19,1418,Terra,MODIS,100,6.2,297.8,56.1,N,0
-20.1335,123.1016,309.2,1.2,1.1,2014-10-19,1418,Terra,MODIS,76,6.2,297.3,8.9,N,0
-18.2219,132.6413,304.5,2.3,1.5,2014-10-19,1418,Terra,MODIS,43,6.2,293.7,16.7,N,0
-21.6321,121.2489,307.2,1.6,1.3,2014-10-19,1418,Terra,MODIS,71,6.2,295.4,13.2,N,0
-20.7158,120.2616,335.6,1.9,1.3,2014-10-19,1418,Terra,MODIS,100,6.2,298,83.3,N,0
-20.726,120.2808,322.2,1.9,1.3,2014-10-19,1418,Terra,MODIS,100,6.2,297.1,42.1,N,0
-20.7743,120.2869,306.7,1.9,1.3,2014-10-19,1418,Terra,MODIS,69,6.2,296.5,13.3,N,0
-21.683,120.7887,318.9,1.8,1.3,2014-10-19,1418,Terra,MODIS,98,6.2,295.5,35.1,N,0
-17.6274,132.9836,349.1,2.5,1.5,2014-10-19,1418,Terra,MODIS,100,6.2,297.9,228.6,N,0
-17.6219,132.9769,347.3,2.5,1.5,2014-10-19,1418,Terra,MODIS,100,6.2,299.2,211.7,N,0
-17.5902,132.995,309.2,2.5,1.5,2014-10-19,1418,Terra,MODIS,30,6.2,294.7,26.6,N,0
-17.5166,133.0477,303.8,2.6,1.5,2014-10-19,1418,Terra,MODIS,28,6.2,293.4,16.7,N,0
-17.521,133.0238,313.6,2.6,1.5,2014-10-19,1418,Terra,MODIS,88,6.2,292.9,43.9,N,0
-17.5072,133.0209,310.9,2.6,1.5,2014-10-19,1418,Terra,MODIS,81,6.2,293.2,35.2,N,0
-18.0094,132.5119,310.8,2.3,1.5,2014-10-19,1418,Terra,MODIS,81,6.2,294.9,29.8,N,0
-17.9923,132.5149,318,2.3,1.5,2014-10-19,1418,Terra,MODIS,96,6.2,295.1,49.6,N,0
-21.6811,120.8058,315.3,1.8,1.3,2014-10-19,1418,Terra,MODIS,91,6.2,295.9,27.6,N,0
-18.0055,132.5176,328.6,2.3,1.5,2014-10-19,1418,Terra,MODIS,100,6.2,295.9,86.8,N,0
-21.6929,120.8074,336.2,1.8,1.3,2014-10-19,1418,Terra,MODIS,100,6.2,297.4,82.5,N,0
-20.1236,123.1002,313.1,1.2,1.1,2014-10-19,1418,Terra,MODIS,86,6.2,297.5,12.3,N,0
-17.9384,132.4697,307.7,2.3,1.5,2014-10-19,1418,Terra,MODIS,72,6.2,295,21.9,N,0
-20.8593,120.3397,308.7,1.9,1.3,2014-10-19,1418,Terra,MODIS,75,6.2,296.8,17,N,0
-20.7675,122.3206,311,1.4,1.2,2014-10-19,1418,Terra,MODIS,81,6.2,295.9,13.8,N,0
-20.7113,120.2551,322,1.9,1.3,2014-10-19,1418,Terra,MODIS,100,6.2,297.4,43,N,0
-17.6176,133.0007,336.9,2.5,1.5,2014-10-19,1418,Terra,MODIS,100,6.2,297.6,141.7,N,0
-17.9963,132.5092,328.3,2.3,1.5,2014-10-19,1418,Terra,MODIS,100,6.2,295.7,87.1,N,0
-17.6229,133.0074,324.9,2.5,1.5,2014-10-19,1418,Terra,MODIS,100,6.2,295.9,82.2,N,0
-21.6947,120.7903,317.8,1.8,1.3,2014-10-19,1418,Terra,MODIS,96,6.2,295.4,32.6,N,0
-19.5367,126.9766,310,1,1,2014-10-19,1418,Terra,MODIS,79,6.2,294.2,9.6,N,0
-21.526,118.0158,310.4,2.8,1.6,2014-10-19,1418,Terra,MODIS,80,6.2,295,36.2,N,0
-19.98,124.3582,332.3,1.1,1,2014-10-19,1418,Terra,MODIS,100,6.2,299.9,32.1,N,0
-19.9814,124.3481,313.3,1.1,1,2014-10-19,1418,Terra,MODIS,75,6.2,298,10,N,0
-19.9721,124.3467,310.6,1.1,1,2014-10-19,1418,Terra,MODIS,80,6.2,298.3,8,N,0
-19.9734,124.3366,307.9,1.1,1,2014-10-19,1418,Terra,MODIS,72,6.2,297.8,6.1,N,0
-20.0249,123.6905,309.8,1.1,1.1,2014-10-19,1418,Terra,MODIS,77,6.2,298.4,8.3,N,0
-20.0264,123.6798,308.7,1.1,1.1,2014-10-19,1418,Terra,MODIS,74,6.2,298.1,7.2,N,0
-19.6401,128.3914,304.8,1.2,1.1,2014-10-19,1418,Terra,MODIS,28,6.2,294.7,5.4,N,0
-19.6419,128.3805,311.8,1.2,1.1,2014-10-19,1418,Terra,MODIS,83,6.2,295.2,11.5,N,0
-19.6323,128.3788,305.9,1.2,1.1,2014-10-19,1418,Terra,MODIS,61,6.2,294.2,6.7,N,0
-21.5285,117.9892,312.3,2.8,1.6,2014-10-19,1418,Terra,MODIS,84,6.2,295,41.4,N,0
-19.9576,127.912,306.3,1.1,1,2014-10-19,1418,Terra,MODIS,46,6.2,294.4,6.8,N,0
-18.4074,130.2664,328.6,1.6,1.2,2014-10-19,1418,Terra,MODIS,100,6.2,296.3,51.3,N,0
-18.4022,130.2892,336.1,1.6,1.2,2014-10-19,1418,Terra,MODIS,100,6.2,296.2,71.4,N,0
-18.4071,130.2598,319,1.6,1.2,2014-10-19,1418,Terra,MODIS,98,6.2,295.8,31.8,N,0
-18.4046,130.2745,337.3,1.6,1.2,2014-10-19,1418,Terra,MODIS,100,6.2,297.3,74.1,N,0
-20.0599,123.6027,308.8,1.1,1.1,2014-10-19,1418,Terra,MODIS,74,6.2,297.4,7.8,N,0
-17.6073,128.3555,307.9,1.2,1.1,2014-10-19,1418,Terra,MODIS,25,6.2,296.2,7.3,N,0
-20.0613,123.5919,310.7,1.1,1.1,2014-10-19,1418,Terra,MODIS,80,6.2,297.2,9.4,N,0
-18.3998,130.304,304.6,1.6,1.2,2014-10-19,1418,Terra,MODIS,61,6.2,292.5,10.9,N,0
-20.3326,124.7435,307.5,1,1,2014-10-19,1418,Terra,MODIS,72,6.2,296.4,7.3,N,0
-17.6072,128.349,317,1.2,1.1,2014-10-19,1418,Terra,MODIS,86,6.2,295.6,16.7,N,0
-20.0928,123.5744,307.4,1.1,1.1,2014-10-19,1418,Terra,MODIS,70,6.2,297.4,6.8,N,0
-19.9153,127.9367,307.4,1.1,1,2014-10-19,1418,Terra,MODIS,37,6.2,293.2,7.9,N,0
-20.0914,123.5852,320.6,1.1,1.1,2014-10-19,1418,Terra,MODIS,100,6.2,298,19.9,N,0
-19.6439,128.2183,307.2,1.1,1.1,2014-10-19,1418,Terra,MODIS,50,6.2,296.7,7.1,N,0
-18.4149,130.2227,310.1,1.5,1.2,2014-10-19,1418,Terra,MODIS,79,6.2,293.2,17.2,N,0
-17.5955,128.3588,318.1,1.2,1.1,2014-10-19,1418,Terra,MODIS,73,6.2,294.8,17.7,N,0
-17.6091,128.3441,309.4,1.2,1.1,2014-10-19,1418,Terra,MODIS,69,6.2,295.5,9.3,N,0
-17.6054,128.3605,320.3,1.2,1.1,2014-10-19,1418,Terra,MODIS,83,6.2,296.5,20,N,0
-18.4048,130.2811,350.4,1.6,1.2,2014-10-19,1418,Terra,MODIS,100,6.2,297.8,120.7,N,0
-20.0382,123.516,308.7,1.1,1.1,2014-10-19,1418,Terra,MODIS,74,6.2,297.4,7.7,N,0
-20.1163,124.1665,309,1.1,1,2014-10-19,1418,Terra,MODIS,75,6.2,297.2,7.6,N,0
-18.4099,130.2518,333.9,1.6,1.2,2014-10-19,1418,Terra,MODIS,100,6.2,296.5,64.1,N,0
-20.0883,124.1622,307.5,1.1,1,2014-10-19,1418,Terra,MODIS,71,6.2,297.5,6.2,N,0
-20.3404,124.8116,329.8,1,1,2014-10-19,1418,Terra,MODIS,100,6.2,297.6,28.8,N,0
-18.4119,130.2306,324.5,1.6,1.2,2014-10-19,1418,Terra,MODIS,100,6.2,294,41.4,N,0
-18.4095,130.2452,332.1,1.6,1.2,2014-10-19,1418,Terra,MODIS,100,6.2,296.3,59.7,N,0
-20.3391,124.8215,322.6,1,1,2014-10-19,1418,Terra,MODIS,100,6.2,298,19.8,N,0
-18.4023,130.2958,322.2,1.6,1.2,2014-10-19,1418,Terra,MODIS,100,6.2,294.5,37.9,N,0
-20.3496,124.8131,310.3,1,1,2014-10-19,1418,Terra,MODIS,80,6.2,296.6,8.8,N,0
-18.4124,130.2373,334.6,1.6,1.2,2014-10-19,1418,Terra,MODIS,100,6.2,295.6,65.6,N,0
-16.8808,124.6645,316.8,1,1,2014-10-19,1419,Terra,MODIS,93,6.2,298.5,10.8,N,0
-17.4353,124.1747,312.3,1,1,2014-10-19,1419,Terra,MODIS,82,6.2,298.9,8.8,N,0
-14.6615,126.8203,359.4,1.1,1.1,2014-10-19,1419,Terra,MODIS,100,6.2,299.9,96.4,N,0
-17.574,125.4832,317.3,1,1,2014-10-19,1419,Terra,MODIS,93,6.2,300.8,11.9,N,0
-17.5727,125.4925,326.1,1,1,2014-10-19,1419,Terra,MODIS,100,6.2,302.2,21.2,N,0
-17.5835,125.4809,309.1,1,1,2014-10-19,1419,Terra,MODIS,70,6.2,299,5,N,0
-17.6105,125.4852,310.2,1,1,2014-10-19,1419,Terra,MODIS,74,6.2,299.9,5.7,N,0
-17.6195,125.4867,314.8,1,1,2014-10-19,1419,Terra,MODIS,84,6.2,301.9,8.8,N,0
-17.6181,125.496,313.9,1,1,2014-10-19,1419,Terra,MODIS,86,6.2,301.3,8.2,N,0
-17.6338,125.4506,309.8,1,1,2014-10-19,1419,Terra,MODIS,71,6.2,299.7,6.1,N,0
-17.6311,125.4693,317.5,1,1,2014-10-19,1419,Terra,MODIS,94,6.2,301,11.6,N,0
-17.4091,128.632,306.3,1.3,1.1,2014-10-19,1419,Terra,MODIS,64,6.2,295.3,7.8,N,0
-17.7228,126.0452,347.1,1,1,2014-10-19,1419,Terra,MODIS,100,6.2,302.8,54,N,0
-16.8293,124.5731,310.8,1,1,2014-10-19,1419,Terra,MODIS,72,6.2,297.6,6.5,N,0
-17.0135,130.2615,305.5,1.6,1.3,2014-10-19,1419,Terra,MODIS,59,6.2,294.8,10.6,N,0
-17.4849,128.5415,307,1.3,1.1,2014-10-19,1419,Terra,MODIS,67,6.2,295.5,8.2,N,0
-17.4842,128.5477,310.1,1.3,1.1,2014-10-19,1419,Terra,MODIS,68,6.2,295.6,10.5,N,0
-17.4172,128.6456,306.1,1.3,1.1,2014-10-19,1419,Terra,MODIS,64,6.2,295.1,7.5,N,0
-17.4191,128.6337,311.9,1.3,1.1,2014-10-19,1419,Terra,MODIS,82,6.2,295.8,13.2,N,0
-14.7457,126.8091,335.3,1.1,1.1,2014-10-19,1419,Terra,MODIS,100,6.2,297.6,38.7,N,0
-14.6819,126.8132,312.4,1.1,1.1,2014-10-19,1419,Terra,MODIS,83,6.2,296.6,10.4,N,0
-17.7667,126.1847,331.3,1,1,2014-10-19,1419,Terra,MODIS,100,6.2,301.5,27,N,0
-17.7653,126.1942,325.2,1,1,2014-10-19,1419,Terra,MODIS,100,6.2,301.9,19.6,N,0
-17.8327,126.1762,315.9,1,1,2014-10-19,1419,Terra,MODIS,91,6.2,298.1,11.8,N,0
-15.5676,125.4287,314.2,1,1,2014-10-19,1419,Terra,MODIS,88,6.2,295.4,9.9,N,0
-16.9559,124.5892,309.9,1,1,2014-10-19,1419,Terra,MODIS,73,6.2,298,6.8,N,0
-14.6631,126.8101,316.9,1.1,1.1,2014-10-19,1419,Terra,MODIS,93,6.2,297.1,14.5,N,0
-16.1294,125.6786,307,1,1,2014-10-19,1419,Terra,MODIS,38,6.2,294.8,5.1,N,0
-16.9466,124.6553,315,1,1,2014-10-19,1419,Terra,MODIS,88,6.2,299.9,9.8,N,0
-14.2591,127.2367,327.6,1.2,1.1,2014-10-19,1419,Terra,MODIS,100,6.2,296.7,30.5,N,0
-14.6804,126.8235,318.5,1.1,1.1,2014-10-19,1419,Terra,MODIS,97,6.2,297.2,16.5,N,0
-14.7133,126.7972,316.4,1.1,1.1,2014-10-19,1419,Terra,MODIS,92,6.2,297.7,14.2,N,0
-14.719,126.794,318.6,1.1,1,2014-10-19,1419,Terra,MODIS,97,6.2,298.7,15.7,N,0
-14.7378,126.7974,341.4,1.1,1,2014-10-19,1419,Terra,MODIS,100,6.2,297.4,49.6,N,0
-14.7363,126.8075,312.5,1.1,1.1,2014-10-19,1419,Terra,MODIS,60,6.2,297.1,9.3,N,0
-16.6231,126.8886,347.8,1.1,1,2014-10-19,1419,Terra,MODIS,100,6.2,300.4,62.2,N,0
-16.6246,126.8786,325.3,1.1,1,2014-10-19,1419,Terra,MODIS,100,6.2,298.2,23.6,N,0
-16.6123,126.8971,369,1.1,1,2014-10-19,1419,Terra,MODIS,100,6.2,302,123.4,N,0
-16.6138,126.8871,387,1.1,1,2014-10-19,1419,Terra,MODIS,100,6.2,305.8,201.7,N,0
-16.6153,126.877,317.6,1.1,1,2014-10-19,1419,Terra,MODIS,95,6.2,297.5,14.9,N,0
-16.603,126.8956,335.5,1.1,1,2014-10-19,1419,Terra,MODIS,100,6.2,297.9,37.2,N,0
-16.6045,126.8855,347.8,1.1,1,2014-10-19,1419,Terra,MODIS,100,6.2,300.3,60.5,N,0
-17.0484,130.5336,301.3,1.7,1.3,2014-10-19,1419,Terra,MODIS,22,6.2,291.1,8.3,N,0
-17.0287,130.5798,310.8,1.7,1.3,2014-10-19,1419,Terra,MODIS,80,6.2,293,20.5,N,0
-16.9172,130.5535,308.2,1.7,1.3,2014-10-19,1419,Terra,MODIS,71,6.2,294.8,15.5,N,0
-16.9567,130.6503,305.6,1.8,1.3,2014-10-19,1419,Terra,MODIS,16,6.2,293.1,11.1,N,0
-16.5922,126.904,309.4,1.1,1,2014-10-19,1419,Terra,MODIS,14,6.2,295.2,7.7,N,0
-16.5937,126.894,364.9,1.1,1,2014-10-19,1419,Terra,MODIS,100,6.2,302.3,108.4,N,0
-16.5953,126.8839,318,1.1,1,2014-10-19,1419,Terra,MODIS,49,6.2,299,13.3,N,0
-17.7033,126.0517,340.1,1,1,2014-10-19,1419,Terra,MODIS,100,6.2,303.4,40.8,N,0
-16.9596,130.634,304,1.8,1.3,2014-10-19,1419,Terra,MODIS,5,6.2,291.9,9.4,N,0
-16.5829,126.9025,360,1.1,1,2014-10-19,1419,Terra,MODIS,100,6.2,298.6,93.7,N,0
-16.5845,126.8924,378.9,1.1,1,2014-10-19,1419,Terra,MODIS,100,6.2,305.4,162.8,N,0
-16.5752,126.8909,338.9,1.1,1,2014-10-19,1419,Terra,MODIS,100,6.2,298.9,43.3,N,0
-16.5659,126.8894,353.1,1.1,1,2014-10-19,1419,Terra,MODIS,100,6.2,298.2,74.2,N,0
-16.5674,126.8793,318.5,1.1,1,2014-10-19,1419,Terra,MODIS,95,6.2,295.4,15,N,0
-15.5353,125.3986,311.4,1,1,2014-10-19,1419,Terra,MODIS,81,6.2,295.6,7.4,N,0
-15.5519,125.4108,313.5,1,1,2014-10-19,1419,Terra,MODIS,87,6.2,295.3,9,N,0
-15.5596,125.4216,311,1,1,2014-10-19,1419,Terra,MODIS,80,6.2,295.7,7.4,N,0
-17.702,126.0611,317.2,1,1,2014-10-19,1419,Terra,MODIS,94,6.2,301.1,11.9,N,0
-17.0315,130.5637,313.8,1.7,1.3,2014-10-19,1419,Terra,MODIS,87,6.2,293.2,25.6,N,0
-17.0342,130.5475,311.5,1.7,1.3,2014-10-19,1419,Terra,MODIS,82,6.2,292.4,21.6,N,0
-17.0369,130.5314,312.1,1.7,1.3,2014-10-19,1419,Terra,MODIS,83,6.2,292,22.9,N,0
-17.4871,128.4637,305.2,1.2,1.1,2014-10-19,1419,Terra,MODIS,36,6.2,292.9,6.6,N,0
-14.6694,126.8322,317.3,1.1,1.1,2014-10-19,1419,Terra,MODIS,94,6.2,297.3,15,N,0
-14.6709,126.8219,350,1.1,1.1,2014-10-19,1419,Terra,MODIS,100,6.2,299.7,70,N,0
-16.8073,124.5987,309,1,1,2014-10-19,1419,Terra,MODIS,70,6.2,297.1,6.1,N,0
-16.8341,124.6702,307.6,1,1,2014-10-19,1419,Terra,MODIS,48,6.2,297,4.9,N,0
-14.6599,126.8306,316.3,1.1,1.1,2014-10-19,1419,Terra,MODIS,92,6.2,296.9,14.5,N,0
-17.7124,126.0531,328.8,1,1,2014-10-19,1419,Terra,MODIS,100,6.2,301.6,24,N,0
-16.6942,129.6198,307.7,1.5,1.2,2014-10-19,1419,Terra,MODIS,67,6.2,297.1,8.4,N,0
-16.6297,129.5877,318.1,1.5,1.2,2014-10-19,1419,Terra,MODIS,96,6.2,295.9,24.3,N,0
-16.6189,129.5857,308.1,1.5,1.2,2014-10-19,1419,Terra,MODIS,69,6.2,295.2,10.1,N,0
-14.7472,126.799,331,1.1,1,2014-10-19,1419,Terra,MODIS,100,6.2,297.1,31.6,N,0
-17.8313,126.1857,322.7,1,1,2014-10-19,1419,Terra,MODIS,100,6.2,296,18.4,N,0
-17.8299,126.1952,304.8,1,1,2014-10-19,1419,Terra,MODIS,51,6.2,294.5,3.9,N,0
-16.8625,124.6649,307.7,1,1,2014-10-19,1419,Terra,MODIS,39,6.2,297.6,4.5,N,0
-16.8718,124.663,315,1,1,2014-10-19,1419,Terra,MODIS,88,6.2,297.7,9.4,N,0
-16.9963,130.4906,341.5,1.7,1.3,2014-10-19,1419,Terra,MODIS,100,6.2,294.9,94.6,N,0
-16.9936,130.5067,318.4,1.7,1.3,2014-10-19,1419,Terra,MODIS,30,6.2,292.3,28.7,N,0
-17.0051,130.5089,326.8,1.7,1.3,2014-10-19,1419,Terra,MODIS,87,6.2,294.5,49.2,N,0
-17.0023,130.5249,324.1,1.7,1.3,2014-10-19,1419,Terra,MODIS,80,6.2,293.8,43.2,N,0
-17.7241,126.0357,307.7,1,1,2014-10-19,1419,Terra,MODIS,51,6.2,297.1,5.1,N,0
-13.6102,130.0957,310,1.9,1.3,2014-10-19,1419,Terra,MODIS,77,6.2,293.5,21.5,N,0
-14.6725,126.8117,313.7,1.1,1.1,2014-10-19,1419,Terra,MODIS,86,6.2,297,11.1,N,0
-17.7596,126.1093,318.1,1,1,2014-10-19,1419,Terra,MODIS,96,6.2,300.7,13.1,N,0
-17.761,126.0999,312.8,1,1,2014-10-19,1419,Terra,MODIS,75,6.2,298.2,8.6,N,0
-17.738,126.067,306.8,1,1,2014-10-19,1419,Terra,MODIS,50,6.2,296.1,4.4,N,0
-17.7137,126.0437,327.9,1,1,2014-10-19,1419,Terra,MODIS,100,6.2,300,23.1,N,0
-17.7318,126.0466,312.5,1,1,2014-10-19,1419,Terra,MODIS,51,6.2,299,8.3,N,0
-16.8898,124.6659,311.7,1,1,2014-10-19,1419,Terra,MODIS,79,6.2,299.6,6.7,N,0
-16.8911,124.6564,312,1,1,2014-10-19,1419,Terra,MODIS,80,6.2,299,7.1,N,0
-13.7369,132.5011,354.5,2.8,1.6,2014-10-19,1419,Terra,MODIS,100,6.2,294.7,316.2,N,0
-13.7323,132.5267,358.4,2.8,1.6,2014-10-19,1419,Terra,MODIS,100,6.2,295.2,361.4,N,0
-13.7466,132.5294,313.7,2.8,1.6,2014-10-19,1419,Terra,MODIS,87,6.2,294.4,46.4,N,0
-13.7512,132.5038,309.5,2.8,1.6,2014-10-19,1419,Terra,MODIS,77,6.2,293.7,33.2,N,0
-16.9991,130.4747,323.7,1.7,1.3,2014-10-19,1419,Terra,MODIS,95,6.2,294.2,41.7,N,0
-17.5272,128.4058,319.9,1.2,1.1,2014-10-19,1419,Terra,MODIS,99,6.2,296.3,22.3,N,0
-17.5291,128.3943,306.2,1.2,1.1,2014-10-19,1419,Terra,MODIS,63,6.2,294.5,8,N,0
-17.0106,130.4769,308.8,1.7,1.3,2014-10-19,1419,Terra,MODIS,14,6.2,294,15.3,N,0
-17.5254,128.4173,317.9,1.2,1.1,2014-10-19,1419,Terra,MODIS,96,6.2,296.8,19.2,N,0
-14.9272,125.784,305,1,1,2014-10-19,1419,Terra,MODIS,57,6.2,294.6,5,N,0
-14.7206,126.784,308.6,1.1,1,2014-10-19,1419,Terra,MODIS,59,6.2,297.4,6.5,N,0
-14.7148,126.7871,330,1.1,1,2014-10-19,1419,Terra,MODIS,100,6.2,298.2,31,N,0
-15.653,125.6013,311.3,1,1,2014-10-19,1419,Terra,MODIS,71,6.2,294.9,7.9,N,0
-15.6543,125.5919,310.3,1,1,2014-10-19,1419,Terra,MODIS,63,6.2,295,7.1,N,0
-15.6453,125.5905,307.9,1,1,2014-10-19,1419,Terra,MODIS,54,6.2,293.7,5.8,N,0
-15.6841,125.5776,311,1,1,2014-10-19,1419,Terra,MODIS,79,6.2,294.8,7.6,N,0
-16.179,125.7794,308.8,1,1,2014-10-19,1419,Terra,MODIS,71,6.2,295.8,5.7,N,0
-16.1804,125.77,307.5,1,1,2014-10-19,1419,Terra,MODIS,60,6.2,296.2,5,N,0
-15.9545,125.8696,304.1,1,1,2014-10-19,1419,Terra,MODIS,50,6.2,286,5.5,N,0
-15.5474,125.5055,313.2,1,1,2014-10-19,1419,Terra,MODIS,83,6.2,292.4,9.5,N,0
-15.5384,125.5041,308.2,1,1,2014-10-19,1419,Terra,MODIS,67,6.2,291.7,6.4,N,0
-16.0343,126.0112,346.1,1,1,2014-10-19,1419,Terra,MODIS,100,6.2,298.5,53.2,N,0
-15.6751,125.5761,312.2,1,1,2014-10-19,1419,Terra,MODIS,83,6.2,293.6,8.6,N,0
-15.4873,126.1013,311.3,1,1,2014-10-19,1419,Terra,MODIS,78,6.2,294.3,8.7,N,0
-15.4887,126.0918,308.5,1,1,2014-10-19,1419,Terra,MODIS,53,6.2,293.6,6.5,N,0
-15.9773,126.1525,313.4,1,1,2014-10-19,1419,Terra,MODIS,52,6.2,295.9,9.2,N,0
-15.9787,126.1429,338.7,1,1,2014-10-19,1419,Terra,MODIS,100,6.2,297.5,39.6,N,0
-15.9696,126.1415,323.5,1,1,2014-10-19,1419,Terra,MODIS,100,6.2,296.5,17.9,N,0
-15.95,126.1481,323.7,1,1,2014-10-19,1419,Terra,MODIS,100,6.2,296.5,19.1,N,0
-15.9514,126.1385,335.7,1,1,2014-10-19,1419,Terra,MODIS,100,6.2,298.5,34.6,N,0
-15.9408,126.1466,312.7,1,1,2014-10-19,1419,Terra,MODIS,41,6.2,295.4,9.1,N,0
-15.9423,126.137,328.1,1,1,2014-10-19,1419,Terra,MODIS,100,6.2,296.9,24.7,N,0
-15.9437,126.1274,309.3,1,1,2014-10-19,1419,Terra,MODIS,10,6.2,295.1,6.1,N,0
-15.9332,126.1356,312.3,1,1,2014-10-19,1419,Terra,MODIS,79,6.2,295.2,9.2,N,0
-16.1733,125.692,306.3,1,1,2014-10-19,1419,Terra,MODIS,29,6.2,295.8,4.1,N,0
-15.5379,125.3801,309.9,1,1,2014-10-19,1419,Terra,MODIS,77,6.2,296.3,6.4,N,0
-15.6059,126.0485,312.9,1,1,2014-10-19,1419,Terra,MODIS,55,6.2,295.3,9.1,N,0
-16.4576,131.3018,306.9,2,1.4,2014-10-19,1419,Terra,MODIS,45,6.2,295.6,14.5,N,0
-16.17,125.778,307.5,1,1,2014-10-19,1419,Terra,MODIS,25,6.2,295.5,4.5,N,0
-16.14,125.7957,308.7,1,1,2014-10-19,1419,Terra,MODIS,61,6.2,296,6,N,0
-16.1414,125.7863,316.5,1,1,2014-10-19,1419,Terra,MODIS,92,6.2,296.8,12.2,N,0
-16.131,125.7942,312.8,1,1,2014-10-19,1419,Terra,MODIS,78,6.2,295.7,8.9,N,0
-15.7076,125.543,318.1,1,1,2014-10-19,1419,Terra,MODIS,96,6.2,291.2,13.5,N,0
-15.6985,125.5416,310.3,1,1,2014-10-19,1419,Terra,MODIS,77,6.2,292.6,7.1,N,0
-15.6073,126.0389,320.7,1,1,2014-10-19,1419,Terra,MODIS,100,6.2,295.6,15.9,N,0
-16.09,125.7586,307.2,1,1,2014-10-19,1419,Terra,MODIS,61,6.2,294.3,5.6,N,0
-16.0955,125.7212,311.3,1,1,2014-10-19,1419,Terra,MODIS,80,6.2,295.8,8.6,N,0
-16.0116,126.1091,309.3,1,1,2014-10-19,1419,Terra,MODIS,74,6.2,297.6,6.6,N,0
-16.0025,126.1076,315.5,1,1,2014-10-19,1419,Terra,MODIS,91,6.2,297.1,11.1,N,0
-16.0329,126.0207,318.4,1,1,2014-10-19,1419,Terra,MODIS,97,6.2,297,13.6,N,0
-16.0256,126.0136,315.5,1,1,2014-10-19,1419,Terra,MODIS,90,6.2,297.4,10.8,N,0
-16.0179,126.0026,307.2,1,1,2014-10-19,1419,Terra,MODIS,34,6.2,295.7,4.5,N,0
-15.9984,126.0092,310.3,1,1,2014-10-19,1419,Terra,MODIS,76,6.2,296.7,6.9,N,0
-15.662,125.6028,312.2,1,1,2014-10-19,1419,Terra,MODIS,83,6.2,292.9,8.8,N,0
-15.6634,125.5934,313,1,1,2014-10-19,1419,Terra,MODIS,85,6.2,294.2,9.3,N,0
-15.577,125.5543,317.4,1,1,2014-10-19,1419,Terra,MODIS,78,6.2,293.6,12.6,N,0
-15.568,125.5529,308.8,1,1,2014-10-19,1419,Terra,MODIS,18,6.2,293,6.5,N,0
-15.572,126.1508,306.2,1,1,2014-10-19,1419,Terra,MODIS,60,6.2,293.7,5.1,N,0
-15.5258,126.1567,336.2,1,1,2014-10-19,1419,Terra,MODIS,100,6.2,292.2,37.7,N,0
-15.5988,126.0963,313.9,1,1,2014-10-19,1419,Terra,MODIS,69,6.2,297,10.3,N,0
-15.6002,126.0867,329.5,1,1,2014-10-19,1419,Terra,MODIS,100,6.2,297.3,26.8,N,0
-15.6016,126.0772,312.2,1,1,2014-10-19,1419,Terra,MODIS,49,6.2,295.2,8.8,N,0
-15.5911,126.0852,310.9,1,1,2014-10-19,1419,Terra,MODIS,39,6.2,296.1,7.6,N,0
-15.5734,126.1412,320.7,1,1,2014-10-19,1419,Terra,MODIS,100,6.2,296.1,16.9,N,0
-15.5791,126.1029,310.4,1,1,2014-10-19,1419,Terra,MODIS,30,6.2,295.4,6.8,N,0
-15.5806,126.0933,322.9,1,1,2014-10-19,1419,Terra,MODIS,100,6.2,296.2,18.3,N,0
-15.5643,126.1397,340.5,1,1,2014-10-19,1419,Terra,MODIS,100,6.2,297.3,43.6,N,0
-15.5552,126.1382,327.3,1,1,2014-10-19,1419,Terra,MODIS,100,6.2,295.7,23.7,N,0
-15.5566,126.1286,313.8,1,1,2014-10-19,1419,Terra,MODIS,75,6.2,295.5,9.5,N,0
-15.5497,126.1213,304.8,1,1,2014-10-19,1419,Terra,MODIS,56,6.2,294.5,4.4,N,0
-15.5658,126.1301,318.1,1,1,2014-10-19,1419,Terra,MODIS,96,6.2,295.2,13.3,N,0
-15.5181,126.1456,309,1,1,2014-10-19,1419,Terra,MODIS,74,6.2,292,7.8,N,0
-15.5272,126.1471,312.5,1,1,2014-10-19,1419,Terra,MODIS,84,6.2,292.2,9.7,N,0
-15.5041,126.1139,308.5,1,1,2014-10-19,1419,Terra,MODIS,62,6.2,294.3,6.6,N,0
-15.9163,125.9411,308.5,1,1,2014-10-19,1419,Terra,MODIS,72,6.2,292.8,7.5,N,0
-16.443,131.1661,305,2,1.4,2014-10-19,1419,Terra,MODIS,14,6.2,293.1,10.4,N,0
-16.4307,131.1638,306.2,2,1.4,2014-10-19,1419,Terra,MODIS,23,6.2,293.6,11.9,N,0
-16.4037,131.1024,320.1,1.9,1.4,2014-10-19,1419,Terra,MODIS,100,6.2,293.3,43,N,0
-16.4069,131.0845,305.6,1.9,1.4,2014-10-19,1419,Terra,MODIS,38,6.2,292.9,13.5,N,0
-16.4008,131.0955,318.7,1.9,1.4,2014-10-19,1419,Terra,MODIS,97,6.2,293.4,40,N,0
-16.413,131.0978,306.3,1.9,1.4,2014-10-19,1419,Terra,MODIS,42,6.2,293.4,13.9,N,0
-12.9572,130.9351,303,2.2,1.4,2014-10-19,1420,Terra,MODIS,44,6.2,292.9,11.9,N,0
-12.919,130.5359,305.7,2.1,1.4,2014-10-19,1420,Terra,MODIS,65,6.2,293.2,16.1,N,0
-12.8248,142.3364,308,1.3,1.1,2014-10-19,1544,Aqua,MODIS,15,6.2,293.6,9.6,N,0
-12.7875,143.0746,305.6,1.2,1.1,2014-10-19,1544,Aqua,MODIS,65,6.2,293.1,7.3,N,0
-12.6176,136.0816,308.5,3.9,1.8,2014-10-19,1544,Aqua,MODIS,61,6.2,292,64.5,N,0
-12.6109,136.0459,308.8,3.9,1.8,2014-10-19,1544,Aqua,MODIS,63,6.2,292.2,65.9,N,0
-12.8171,142.2874,306.7,1.3,1.1,2014-10-19,1544,Aqua,MODIS,69,6.2,294,8.9,N,0
-12.6044,136.0519,312.4,3.9,1.8,2014-10-19,1544,Aqua,MODIS,78,6.2,292.6,79.1,N,0
-12.819,142.2997,308.6,1.3,1.1,2014-10-19,1544,Aqua,MODIS,75,6.2,293.9,11,N,0
-12.8229,142.3242,318.1,1.3,1.1,2014-10-19,1544,Aqua,MODIS,96,6.2,294.1,21.3,N,0
-12.7892,143.0855,305.3,1.2,1.1,2014-10-19,1544,Aqua,MODIS,43,6.2,293.3,7.2,N,0
-12.2944,142.6101,303.7,1.3,1.1,2014-10-19,1544,Aqua,MODIS,57,6.2,292.6,7.1,N,0
-12.4032,142.8496,306.1,1.3,1.1,2014-10-19,1544,Aqua,MODIS,67,6.2,292.6,9.2,N,0
-16.9516,142.2727,306.6,1.2,1.1,2014-10-19,1545,Aqua,MODIS,69,6.2,295.3,6.7,N,0
-14.1905,142.5595,327.8,1.2,1.1,2014-10-19,1545,Aqua,MODIS,100,6.2,293.8,33.4,N,0
-16.6369,142.0933,309.3,1.2,1.1,2014-10-19,1545,Aqua,MODIS,77,6.2,294.4,9,N,0
-16.6866,141.9602,304.6,1.2,1.1,2014-10-19,1545,Aqua,MODIS,61,6.2,294.5,6.1,N,0
-14.1942,142.5821,307.7,1.2,1.1,2014-10-19,1545,Aqua,MODIS,50,6.2,293,8,N,0
-14.1923,142.5708,323.6,1.2,1.1,2014-10-19,1545,Aqua,MODIS,100,6.2,293.9,26.7,N,0
-14.9429,143.2254,306.9,1.1,1.1,2014-10-19,1545,Aqua,MODIS,70,6.2,292.8,8.5,N,0
-16.6307,142.1176,318.4,1.2,1.1,2014-10-19,1545,Aqua,MODIS,97,6.2,294.6,18.9,N,0
-16.6325,142.1289,305.9,1.2,1.1,2014-10-19,1545,Aqua,MODIS,66,6.2,294.2,6.6,N,0
-14.3746,144.4384,310.4,1,1,2014-10-19,1545,Aqua,MODIS,80,6.2,293.8,9.3,N,0
-15.0933,142.1187,314.2,1.3,1.1,2014-10-19,1545,Aqua,MODIS,89,6.2,294.1,14.5,N,0
-15.0914,142.1069,328.3,1.3,1.1,2014-10-19,1545,Aqua,MODIS,100,6.2,294.9,35.1,N,0
-15.0895,142.095,315.8,1.3,1.1,2014-10-19,1545,Aqua,MODIS,92,6.2,294.1,17.1,N,0
-15.0832,142.1204,304.3,1.3,1.1,2014-10-19,1545,Aqua,MODIS,47,6.2,293.6,5.6,N,0
-16.6296,142.0477,305.4,1.2,1.1,2014-10-19,1545,Aqua,MODIS,26,6.2,294.6,5.2,N,0
-16.6351,142.0819,314.2,1.2,1.1,2014-10-19,1545,Aqua,MODIS,89,6.2,294.7,14.1,N,0
-16.6142,142.0151,308.2,1.2,1.1,2014-10-19,1545,Aqua,MODIS,54,6.2,295,7.6,N,0
-16.6271,142.095,310.1,1.2,1.1,2014-10-19,1545,Aqua,MODIS,79,6.2,294.8,9.6,N,0
-16.7132,142.3711,306.5,1.2,1.1,2014-10-19,1545,Aqua,MODIS,68,6.2,294.7,6.7,N,0
-14.9356,142.7288,305.6,1.2,1.1,2014-10-19,1545,Aqua,MODIS,42,6.2,293,6.7,N,0
-15.0049,142.6437,305,1.2,1.1,2014-10-19,1545,Aqua,MODIS,27,6.2,292.9,6.2,N,0
-16.938,145.9044,305.2,1,1,2014-10-19,1545,Aqua,MODIS,33,6.2,288.3,8,N,0
-16.9366,145.8949,319.4,1,1,2014-10-19,1545,Aqua,MODIS,99,6.2,290.5,19.6,N,0
-14.1758,142.2757,323,1.3,1.1,2014-10-19,1545,Aqua,MODIS,100,6.2,293.4,27.9,N,0
-14.1121,142.4497,328.8,1.3,1.1,2014-10-19,1545,Aqua,MODIS,100,6.2,293.7,34.7,N,0
-15.2366,142.9368,303.7,1.1,1.1,2014-10-19,1545,Aqua,MODIS,56,6.2,292.9,5.2,N,0
-15.0868,142.3345,326.1,1.2,1.1,2014-10-19,1545,Aqua,MODIS,100,6.2,294.7,28.4,N,0
-15.0707,142.3608,305,1.2,1.1,2014-10-19,1545,Aqua,MODIS,44,6.2,293.1,6.2,N,0
-14.1589,142.3633,327.2,1.3,1.1,2014-10-19,1545,Aqua,MODIS,80,6.2,294.2,31.5,N,0
-16.493,142.0298,308.6,1.2,1.1,2014-10-19,1545,Aqua,MODIS,69,6.2,294.9,8.3,N,0
-16.5925,142.0071,321,1.2,1.1,2014-10-19,1545,Aqua,MODIS,76,6.2,295.7,20,N,0
-14.1247,142.3997,307.5,1.3,1.1,2014-10-19,1545,Aqua,MODIS,51,6.2,292.9,8.9,N,0
-14.1789,142.3599,315.1,1.3,1.1,2014-10-19,1545,Aqua,MODIS,12,6.2,293.4,13.5,N,0
-15.103,142.3083,336.9,1.2,1.1,2014-10-19,1545,Aqua,MODIS,100,6.2,295.6,49,N,0
-16.4373,141.9989,309.4,1.2,1.1,2014-10-19,1545,Aqua,MODIS,51,6.2,295.1,8.7,N,0
-16.3484,142.4087,313.7,1.2,1.1,2014-10-19,1545,Aqua,MODIS,75,6.2,295.3,12.5,N,0
-16.5882,142.0431,308,1.2,1.1,2014-10-19,1545,Aqua,MODIS,51,6.2,295.1,7,N,0
-16.371,142.3529,306.8,1.2,1.1,2014-10-19,1545,Aqua,MODIS,18,6.2,295,6.1,N,0
-15.1012,142.2968,319.6,1.2,1.1,2014-10-19,1545,Aqua,MODIS,78,6.2,294.3,18.1,N,0
-15.1114,142.4239,306.3,1.2,1.1,2014-10-19,1545,Aqua,MODIS,14,6.2,293.6,6.3,N,0
-14.1058,142.4744,310.3,1.3,1.1,2014-10-19,1545,Aqua,MODIS,80,6.2,292.7,10.3,N,0
-15.1229,142.3049,334.4,1.2,1.1,2014-10-19,1545,Aqua,MODIS,100,6.2,295.7,44.6,N,0
-15.0931,142.3099,321.9,1.2,1.1,2014-10-19,1545,Aqua,MODIS,100,6.2,294.3,22.4,N,0
-15.1067,142.3312,317.9,1.2,1.1,2014-10-19,1545,Aqua,MODIS,96,6.2,294,16.7,N,0
-16.5864,142.0317,308.9,1.2,1.1,2014-10-19,1545,Aqua,MODIS,56,6.2,295.4,7.6,N,0
-16.5356,142.1046,308.3,1.2,1.1,2014-10-19,1545,Aqua,MODIS,74,6.2,294.5,8.1,N,0
-16.364,142.4333,309.7,1.2,1.1,2014-10-19,1545,Aqua,MODIS,78,6.2,295,9.3,N,0
-15.1148,142.3181,313.3,1.2,1.1,2014-10-19,1545,Aqua,MODIS,28,6.2,294.3,11.1,N,0
-15.085,142.3231,326.8,1.2,1.1,2014-10-19,1545,Aqua,MODIS,100,6.2,294.7,29.7,N,0
-14.1859,142.274,305.3,1.3,1.1,2014-10-19,1545,Aqua,MODIS,64,6.2,292.8,7.5,N,0
-15.1192,142.2819,316.1,1.2,1.1,2014-10-19,1545,Aqua,MODIS,93,6.2,294.1,16.4,N,0
-15.1211,142.2934,326.4,1.2,1.1,2014-10-19,1545,Aqua,MODIS,100,6.2,294.6,30.5,N,0
-15.0806,142.3591,313.3,1.2,1.1,2014-10-19,1545,Aqua,MODIS,64,6.2,294.1,12.3,N,0
-14.1266,142.4114,316,1.3,1.1,2014-10-19,1545,Aqua,MODIS,92,6.2,293,16.9,N,0
-15.1041,142.3786,309.5,1.2,1.1,2014-10-19,1545,Aqua,MODIS,41,6.2,293.7,7.7,N,0
-17.8236,144.5281,302.4,1,1,2014-10-19,1545,Aqua,MODIS,49,6.2,289.6,5.2,N,0
-17.8222,144.5187,300.3,1,1,2014-10-19,1545,Aqua,MODIS,24,6.2,288.6,4,N,0
-16.4379,141.9392,362.7,1.3,1.1,2014-10-19,1545,Aqua,MODIS,100,6.2,298.3,127.1,N,0
-14.1103,142.438,316.5,1.3,1.1,2014-10-19,1545,Aqua,MODIS,63,6.2,293,16.6,N,0
-14.1166,142.4131,338.3,1.3,1.1,2014-10-19,1545,Aqua,MODIS,100,6.2,294.4,54.4,N,0
-14.1184,142.4247,346,1.3,1.1,2014-10-19,1545,Aqua,MODIS,100,6.2,295.3,73.3,N,0
-16.5153,141.9786,309.2,1.2,1.1,2014-10-19,1545,Aqua,MODIS,49,6.2,294.6,8,N,0
-15.0847,142.5094,304.3,1.2,1.1,2014-10-19,1545,Aqua,MODIS,29,6.2,293.3,5.4,N,0
-15.1221,142.3638,318.4,1.2,1.1,2014-10-19,1545,Aqua,MODIS,97,6.2,293.9,18.6,N,0
-14.1569,142.3515,316.9,1.3,1.1,2014-10-19,1545,Aqua,MODIS,26,6.2,293.3,17.3,N,0
-15.0831,142.3116,315.9,1.2,1.1,2014-10-19,1545,Aqua,MODIS,73,6.2,293.9,15.2,N,0
-15.0689,142.3493,303.9,1.2,1.1,2014-10-19,1545,Aqua,MODIS,33,6.2,293,5.3,N,0
-15.0887,142.346,320.3,1.2,1.1,2014-10-19,1545,Aqua,MODIS,100,6.2,294.2,19.9,N,0
-16.4472,141.9971,315.4,1.2,1.1,2014-10-19,1545,Aqua,MODIS,77,6.2,295.1,14.3,N,0
-15.2299,142.9219,303.9,1.2,1.1,2014-10-19,1545,Aqua,MODIS,8,6.2,291.7,4.8,N,0
-15.2349,142.9263,303.5,1.2,1.1,2014-10-19,1545,Aqua,MODIS,56,6.2,292.4,5.2,N,0
-15.1345,142.1181,332,1.3,1.1,2014-10-19,1545,Aqua,MODIS,100,6.2,295.3,41.5,N,0
-15.2315,142.9325,307.8,1.2,1.1,2014-10-19,1545,Aqua,MODIS,57,6.2,293.1,7.9,N,0
-14.1777,142.2876,326.1,1.3,1.1,2014-10-19,1545,Aqua,MODIS,100,6.2,293.7,32.3,N,0
-14.1507,142.3766,315.6,1.3,1.1,2014-10-19,1545,Aqua,MODIS,20,6.2,293.1,15.1,N,0
-16.4435,141.974,334.8,1.2,1.1,2014-10-19,1545,Aqua,MODIS,100,6.2,297.3,44,N,0
-14.1203,142.4364,309.2,1.3,1.1,2014-10-19,1545,Aqua,MODIS,11,6.2,292.7,8.4,N,0
-16.5338,142.0933,306.4,1.2,1.1,2014-10-19,1545,Aqua,MODIS,55,6.2,294.3,6.4,N,0
-16.4516,141.9607,329,1.2,1.1,2014-10-19,1545,Aqua,MODIS,100,6.2,296.1,33.4,N,0
-14.104,142.4629,309.7,1.3,1.1,2014-10-19,1545,Aqua,MODIS,21,6.2,292.7,9.5,N,0
-16.5944,142.0185,331.2,1.2,1.1,2014-10-19,1545,Aqua,MODIS,100,6.2,296.5,35.4,N,0
-14.114,142.4613,308.6,1.3,1.1,2014-10-19,1545,Aqua,MODIS,4,6.2,292.8,8,N,0
-15.3123,143.0434,303.9,1.1,1.1,2014-10-19,1545,Aqua,MODIS,35,6.2,293.2,5.2,N,0
-16.4855,141.9838,308.8,1.2,1.1,2014-10-19,1545,Aqua,MODIS,76,6.2,295.2,8.6,N,0
-16.4298,141.9525,306.5,1.3,1.1,2014-10-19,1545,Aqua,MODIS,23,6.2,295.1,6.6,N,0
-15.0949,142.3214,318.2,1.2,1.1,2014-10-19,1545,Aqua,MODIS,93,6.2,294.5,16.4,N,0
-15.1158,142.3882,310.3,1.2,1.1,2014-10-19,1545,Aqua,MODIS,33,6.2,293.8,9.3,N,0
-15.1111,142.2951,322,1.2,1.1,2014-10-19,1545,Aqua,MODIS,97,6.2,294.7,22.2,N,0
-15.1247,142.3164,317.4,1.2,1.1,2014-10-19,1545,Aqua,MODIS,95,6.2,294.5,17.7,N,0
-16.4354,141.9873,309.2,1.2,1.1,2014-10-19,1545,Aqua,MODIS,73,6.2,295.2,8.9,N,0
-15.1977,142.9053,310.4,1.2,1.1,2014-10-19,1545,Aqua,MODIS,80,6.2,293.3,10.6,N,0
-14.1815,142.3112,309,1.3,1.1,2014-10-19,1545,Aqua,MODIS,76,6.2,292.9,10,N,0
-15.1961,142.8946,305.2,1.2,1.1,2014-10-19,1545,Aqua,MODIS,63,6.2,292.4,6.5,N,0
-15.1093,142.2836,320.5,1.2,1.1,2014-10-19,1545,Aqua,MODIS,96,6.2,294.3,20.4,N,0
-15.0993,142.2852,312.4,1.2,1.1,2014-10-19,1545,Aqua,MODIS,31,6.2,294,10.5,N,0
-16.3702,142.4097,317.6,1.2,1.1,2014-10-19,1545,Aqua,MODIS,61,6.2,295.2,15.5,N,0
-15.1059,142.3899,313.2,1.2,1.1,2014-10-19,1545,Aqua,MODIS,87,6.2,294,11.8,N,0
-16.5011,142.0166,314.2,1.2,1.1,2014-10-19,1545,Aqua,MODIS,84,6.2,295.2,13.4,N,0
-16.4317,141.9641,311.3,1.2,1.1,2014-10-19,1545,Aqua,MODIS,51,6.2,295.1,10.7,N,0
-16.5808,141.9973,309.6,1.2,1.1,2014-10-19,1545,Aqua,MODIS,75,6.2,295.2,9,N,0
-16.5296,141.9404,328.6,1.2,1.1,2014-10-19,1545,Aqua,MODIS,100,6.2,296.3,32.7,N,0
-16.4912,142.0183,313.5,1.2,1.1,2014-10-19,1545,Aqua,MODIS,87,6.2,295.4,12.7,N,0
-14.2623,142.3641,303.7,1.3,1.1,2014-10-19,1545,Aqua,MODIS,49,6.2,292.8,5.9,N,0
-16.5345,142.0345,304.5,1.2,1.1,2014-10-19,1545,Aqua,MODIS,61,6.2,294.2,5.3,N,0
-16.3507,142.413,323.1,1.2,1.1,2014-10-19,1545,Aqua,MODIS,57,6.2,295.9,21.6,N,0
-16.3605,142.4113,336.4,1.2,1.1,2014-10-19,1545,Aqua,MODIS,100,6.2,296.1,44.6,N,0
-16.5029,142.0281,308.7,1.2,1.1,2014-10-19,1545,Aqua,MODIS,43,6.2,294.9,8.2,N,0
-15.1383,142.1416,314.7,1.3,1.1,2014-10-19,1545,Aqua,MODIS,90,6.2,294.6,14.8,N,0
-14.1833,142.323,310.1,1.3,1.1,2014-10-19,1545,Aqua,MODIS,52,6.2,293,10.5,N,0
-15.1364,142.1299,329.7,1.3,1.1,2014-10-19,1545,Aqua,MODIS,100,6.2,295.7,36.9,N,0
-15.3107,143.0329,304.4,1.1,1.1,2014-10-19,1545,Aqua,MODIS,41,6.2,293.3,5.5,N,0
-15.0912,142.2984,309.2,1.2,1.1,2014-10-19,1545,Aqua,MODIS,19,6.2,293.9,8.2,N,0
-15.0788,142.3477,321.7,1.2,1.1,2014-10-19,1545,Aqua,MODIS,100,6.2,294.2,23.1,N,0
-16.4416,141.9624,344.8,1.2,1.1,2014-10-19,1545,Aqua,MODIS,100,6.2,299.5,67.2,N,0
-16.4497,141.9491,360,1.3,1.1,2014-10-19,1545,Aqua,MODIS,100,6.2,298.2,116.2,N,0
-15.1239,142.3752,318.8,1.2,1.1,2014-10-19,1545,Aqua,MODIS,79,6.2,294.2,19,N,0
-16.5451,141.9735,311.1,1.2,1.1,2014-10-19,1545,Aqua,MODIS,82,6.2,295.3,10.2,N,0
-16.4453,141.9856,315.3,1.2,1.1,2014-10-19,1545,Aqua,MODIS,51,6.2,295.7,13.8,N,0
-15.114,142.3769,315.6,1.2,1.1,2014-10-19,1545,Aqua,MODIS,84,6.2,294.2,14.5,N,0
-15.324,142.8497,303.9,1.2,1.1,2014-10-19,1545,Aqua,MODIS,58,6.2,293.3,5.7,N,0
-14.2945,142.5011,305.6,1.2,1.1,2014-10-19,1545,Aqua,MODIS,65,6.2,292.5,7.5,N,0
-16.4397,141.9508,400.6,1.3,1.1,2014-10-19,1545,Aqua,MODIS,100,6.2,307.6,352.7,N,0
-16.3587,142.4003,309.9,1.2,1.1,2014-10-19,1545,Aqua,MODIS,31,6.2,294.9,8.3,N,0
-16.3622,142.4223,309.5,1.2,1.1,2014-10-19,1545,Aqua,MODIS,23,6.2,294.9,8.1,N,0
-16.4874,141.9953,321,1.2,1.1,2014-10-19,1545,Aqua,MODIS,100,6.2,295.6,22.1,N,0
-16.4893,142.0068,320.6,1.2,1.1,2014-10-19,1545,Aqua,MODIS,94,6.2,295.9,20.4,N,0
-15.113,142.3066,330,1.2,1.1,2014-10-19,1545,Aqua,MODIS,100,6.2,295.1,34.3,N,0
-16.4367,142.3698,306.1,1.2,1.1,2014-10-19,1545,Aqua,MODIS,67,6.2,294.6,6.3,N,0
-16.349,142.402,316.9,1.2,1.1,2014-10-19,1545,Aqua,MODIS,41,6.2,295,14.5,N,0
-18.2722,145.916,305.2,1,1,2014-10-19,1546,Aqua,MODIS,25,6.2,282.1,8.5,N,0
-18.2617,145.9078,324.4,1,1,2014-10-19,1546,Aqua,MODIS,95,6.2,283.8,24.5,N,0
-18.2559,145.9247,365.1,1,1,2014-10-19,1546,Aqua,MODIS,100,6.2,295.9,105.9,N,0
-18.2631,145.9176,319.9,1,1,2014-10-19,1546,Aqua,MODIS,84,6.2,286.5,19.6,N,0
-18.2545,145.9149,338.7,1,1,2014-10-19,1546,Aqua,MODIS,100,6.2,291.6,43.4,N,0
-18.2444,145.9765,303.3,1,1,2014-10-19,1546,Aqua,MODIS,51,6.2,290.4,6.3,N,0
-17.8292,141.1799,307.2,1.3,1.1,2014-10-19,1546,Aqua,MODIS,23,6.2,296.6,7,N,0
-17.8373,141.1657,309.8,1.3,1.1,2014-10-19,1546,Aqua,MODIS,37,6.2,296.8,9.4,N,0
-17.8394,141.1781,314.9,1.3,1.1,2014-10-19,1546,Aqua,MODIS,90,6.2,297.3,15.3,N,0
-17.8864,141.2078,309.6,1.3,1.1,2014-10-19,1546,Aqua,MODIS,78,6.2,296.6,10.4,N,0
-20.6894,143.2475,313.3,1,1,2014-10-19,1546,Aqua,MODIS,87,6.2,293.8,12.1,N,0
-24.2029,149.5731,301.9,2,1.4,2014-10-19,1547,Aqua,MODIS,45,6.2,286.2,17.2,N,0
-24.2058,149.5674,300.6,2,1.4,2014-10-19,1547,Aqua,MODIS,31,6.2,286.1,16.3,N,0
-25.9941,146.6171,302.3,1.3,1.1,2014-10-19,1548,Aqua,MODIS,48,6.2,287.6,10,N,0
-14.704,126.8094,310.6,2,1.4,2014-10-19,1723,Aqua,MODIS,68,6.2,295,22,N,0
-14.6665,126.8389,311.9,2,1.4,2014-10-19,1723,Aqua,MODIS,84,6.2,295,26.6,N,0
-14.679,126.8373,326.9,2,1.4,2014-10-19,1723,Aqua,MODIS,100,6.2,295.6,65.2,N,0
-14.6994,126.7971,306.8,2,1.4,2014-10-19,1723,Aqua,MODIS,51,6.2,294.8,15.7,N,0
-16.8482,124.6143,307.8,1.5,1.2,2014-10-19,1724,Aqua,MODIS,68,6.2,295.7,10.2,N,0
-17.0582,130.5991,308.4,4.2,1.9,2014-10-19,1724,Aqua,MODIS,16,6.2,292,55.6,N,0
-17.0219,130.5546,314.2,4.2,1.9,2014-10-19,1724,Aqua,MODIS,88,6.2,291.6,79.5,N,0
-17.0256,130.5943,363.4,4.2,1.9,2014-10-19,1724,Aqua,MODIS,100,6.2,295.3,755.3,N,0
-17.039,130.5527,391.8,4.2,1.9,2014-10-19,1724,Aqua,MODIS,100,6.2,299.9,1631.6,N,0
-17.0427,130.5925,381.9,4.2,1.9,2014-10-19,1724,Aqua,MODIS,100,6.2,299.2,1278.9,N,0
-17.0524,130.5116,365.7,4.2,1.9,2014-10-19,1724,Aqua,MODIS,100,6.2,297.9,791.3,N,0
-17.0733,130.5493,349.2,4.2,1.9,2014-10-19,1724,Aqua,MODIS,100,6.2,296.1,472.9,N,0
-16.9691,130.6129,314.4,4.2,1.9,2014-10-19,1724,Aqua,MODIS,53,6.2,293.6,80.8,N,0
-16.9416,130.6506,304.2,4.3,1.9,2014-10-19,1724,Aqua,MODIS,12,6.2,293.8,30.5,N,0
-16.9589,130.6491,365.1,4.3,1.9,2014-10-19,1724,Aqua,MODIS,100,6.2,296.7,798.9,N,0
-17.739,126.0771,306.4,2,1.4,2014-10-19,1724,Aqua,MODIS,47,6.2,296.1,11.6,N,0
-16.9761,130.6475,334.3,4.3,1.9,2014-10-19,1724,Aqua,MODIS,100,6.2,295.2,264.9,N,0
-17.7678,126.1098,317.2,2,1.4,2014-10-19,1724,Aqua,MODIS,70,6.2,299.2,31.4,N,0
-17.7927,126.1076,320.6,2,1.4,2014-10-19,1724,Aqua,MODIS,100,6.2,298.5,43.4,N,0
-17.7947,126.1256,309.5,2,1.4,2014-10-19,1724,Aqua,MODIS,56,6.2,298.3,17.1,N,0
-17.7802,126.1086,317.1,2,1.4,2014-10-19,1724,Aqua,MODIS,90,6.2,299.5,32.5,N,0
-17.6201,125.5255,309,1.8,1.3,2014-10-19,1724,Aqua,MODIS,76,6.2,297.8,13.3,N,0
-17.0697,130.4663,303.5,4.1,1.9,2014-10-19,1724,Aqua,MODIS,56,6.2,293.4,36,N,0
-17.0732,130.5051,354.9,4.2,1.9,2014-10-19,1724,Aqua,MODIS,100,6.2,298.2,571.9,N,0
-17.0768,130.5446,326.4,4.2,1.9,2014-10-19,1724,Aqua,MODIS,100,6.2,295.5,188.1,N,0
-16.8213,124.5755,308.5,1.5,1.2,2014-10-19,1724,Aqua,MODIS,75,6.2,295.5,11.7,N,0
-17.7661,126.2052,308.4,2,1.4,2014-10-19,1724,Aqua,MODIS,65,6.2,297.2,17.6,N,0
-17.8284,126.1979,322.1,2,1.4,2014-10-19,1724,Aqua,MODIS,100,6.2,296.3,46.2,N,0
-17.0542,130.5593,400.9,4.2,1.9,2014-10-19,1724,Aqua,MODIS,100,6.2,303.2,2040.2,N,0
-17.8409,126.1963,309,2,1.4,2014-10-19,1724,Aqua,MODIS,20,6.2,297.4,16.5,N,0
-17.8296,126.1906,321.4,2,1.4,2014-10-19,1724,Aqua,MODIS,100,6.2,297.4,45.2,N,0
-17.8317,126.2096,314.3,2,1.4,2014-10-19,1724,Aqua,MODIS,86,6.2,296.3,27.2,N,0
-16.558,129.7199,307,3.6,1.8,2014-10-19,1724,Aqua,MODIS,67,6.2,295.7,38.2,N,0
-17.5691,125.4978,314.3,1.8,1.3,2014-10-19,1724,Aqua,MODIS,89,6.2,298.1,24,N,0
-17.5808,125.4962,312.6,1.8,1.3,2014-10-19,1724,Aqua,MODIS,85,6.2,298,20.8,N,0
-17.6181,125.5085,339.5,1.8,1.3,2014-10-19,1724,Aqua,MODIS,100,6.2,299.6,91.8,N,0
-17.6279,125.4906,315.3,1.8,1.3,2014-10-19,1724,Aqua,MODIS,91,6.2,298.4,23.2,N,0
-17.6299,125.5071,321.1,1.8,1.3,2014-10-19,1724,Aqua,MODIS,100,6.2,299,35.4,N,0
-17.6336,125.439,308.6,1.8,1.3,2014-10-19,1724,Aqua,MODIS,75,6.2,297.3,14.4,N,0
-17.6356,125.4555,310.3,1.8,1.3,2014-10-19,1724,Aqua,MODIS,80,6.2,298.3,15.9,N,0
-17.6376,125.4722,317.7,1.8,1.3,2014-10-19,1724,Aqua,MODIS,96,6.2,299,28.2,N,0
-17.6397,125.4891,319,1.8,1.3,2014-10-19,1724,Aqua,MODIS,98,6.2,298.9,30.8,N,0
-16.8281,124.6312,306.3,1.5,1.2,2014-10-19,1724,Aqua,MODIS,31,6.2,295.5,8.5,N,0
-16.839,124.6298,311.4,1.5,1.2,2014-10-19,1724,Aqua,MODIS,73,6.2,295.8,14.7,N,0
-17.0561,130.5509,403,4.2,1.9,2014-10-19,1724,Aqua,MODIS,100,6.2,304.7,2138.6,N,0
-17.0502,130.5199,365.6,4.2,1.9,2014-10-19,1724,Aqua,MODIS,100,6.2,299.6,784.8,N,0
-17.6474,125.4543,317.5,1.8,1.3,2014-10-19,1724,Aqua,MODIS,95,6.2,297.3,28.9,N,0
-17.041,130.6008,368.7,4.2,1.9,2014-10-19,1724,Aqua,MODIS,100,6.2,296.3,881.8,N,0
-17.0293,130.6344,305.1,4.3,1.9,2014-10-19,1724,Aqua,MODIS,40,6.2,292,43.7,N,0
-17.0694,130.5097,381.4,4.2,1.9,2014-10-19,1724,Aqua,MODIS,100,6.2,300.9,1242.7,N,0
-17.6494,125.4708,327.2,1.8,1.3,2014-10-19,1724,Aqua,MODIS,100,6.2,298.2,51.2,N,0
-17.6515,125.4876,318.5,1.8,1.3,2014-10-19,1724,Aqua,MODIS,97,6.2,298.4,30.9,N,0
-17.0599,130.5908,317.3,4.2,1.9,2014-10-19,1724,Aqua,MODIS,65,6.2,293.1,108.5,N,0
-17.0657,130.4709,311.3,4.1,1.9,2014-10-19,1724,Aqua,MODIS,82,6.2,293.8,71.8,N,0
-17.0371,130.561,393.7,4.2,1.9,2014-10-19,1724,Aqua,MODIS,100,6.2,301,1708.4,N,0
-17.6471,125.483,322.3,1.8,1.3,2014-10-19,1724,Aqua,MODIS,100,6.2,299.5,40.2,N,0
-17.6433,125.4496,313.6,1.8,1.3,2014-10-19,1724,Aqua,MODIS,87,6.2,297.6,22.3,N,0
-16.5732,126.9121,337.4,2.2,1.4,2014-10-19,1724,Aqua,MODIS,100,6.2,294.5,120.9,N,0
-17.0182,130.5151,307.4,4.2,1.9,2014-10-19,1724,Aqua,MODIS,20,6.2,293.3,44.4,N,0
-17.0012,130.5168,328.1,4.2,1.9,2014-10-19,1724,Aqua,MODIS,100,6.2,295,188.7,N,0
-16.9877,130.5583,329.6,4.2,1.9,2014-10-19,1724,Aqua,MODIS,100,6.2,294.8,197.4,N,0
-16.9841,130.5186,350.1,4.2,1.9,2014-10-19,1724,Aqua,MODIS,100,6.2,296.5,471.8,N,0
-17.0199,130.5627,316.4,4.2,1.9,2014-10-19,1724,Aqua,MODIS,79,6.2,291.9,92.9,N,0
-17.0121,130.4841,316,4.1,1.9,2014-10-19,1724,Aqua,MODIS,92,6.2,295.3,95.7,N,0
-16.9989,130.5251,324.7,4.2,1.9,2014-10-19,1724,Aqua,MODIS,100,6.2,294.6,153.2,N,0
-16.9857,130.5664,326.4,4.2,1.9,2014-10-19,1724,Aqua,MODIS,100,6.2,293.8,171.3,N,0
-16.9951,130.4858,318.7,4.1,1.9,2014-10-19,1724,Aqua,MODIS,78,6.2,295.3,110.5,N,0
-16.9819,130.5267,367.6,4.2,1.9,2014-10-19,1724,Aqua,MODIS,100,6.2,297.4,833.2,N,0
-17.6452,125.4662,327.4,1.8,1.3,2014-10-19,1724,Aqua,MODIS,100,6.2,299.2,52,N,0
-17.0239,130.6025,349.8,4.2,1.9,2014-10-19,1724,Aqua,MODIS,100,6.2,294.3,480.1,N,0
-15.6339,125.5983,305.4,1.7,1.3,2014-10-19,1724,Aqua,MODIS,58,6.2,293.3,10.7,N,0
-15.4903,126.1097,305,1.8,1.3,2014-10-19,1724,Aqua,MODIS,63,6.2,291.7,14.5,N,0
-15.9389,126.1469,305.4,1.9,1.3,2014-10-19,1724,Aqua,MODIS,16,6.2,293.2,12.9,N,0
-15.9409,126.1644,317.8,1.9,1.3,2014-10-19,1724,Aqua,MODIS,96,6.2,295,37.2,N,0
-15.9509,126.1453,315.3,1.9,1.3,2014-10-19,1724,Aqua,MODIS,91,6.2,293.2,28.8,N,0
-15.953,126.1628,363.4,1.9,1.3,2014-10-19,1724,Aqua,MODIS,100,6.2,297.9,237,N,0
-15.9551,126.1804,315.2,1.9,1.3,2014-10-19,1724,Aqua,MODIS,76,6.2,294.9,29.7,N,0
-15.9651,126.1613,311.3,1.9,1.3,2014-10-19,1724,Aqua,MODIS,78,6.2,294.1,22.1,N,0
-15.6968,125.5538,307.7,1.7,1.3,2014-10-19,1724,Aqua,MODIS,71,6.2,295.8,11.7,N,0
-16.0128,126.0069,306.2,1.8,1.3,2014-10-19,1724,Aqua,MODIS,67,6.2,294,13.9,N,0
-16.0149,126.0243,306.1,1.8,1.3,2014-10-19,1724,Aqua,MODIS,67,6.2,294.1,13.6,N,0
-16.0269,126.023,316.9,1.8,1.3,2014-10-19,1724,Aqua,MODIS,94,6.2,294.8,32.9,N,0
-15.6589,125.6118,304.9,1.7,1.3,2014-10-19,1724,Aqua,MODIS,24,6.2,294,9.8,N,0
-15.6566,125.607,307.3,1.7,1.3,2014-10-19,1724,Aqua,MODIS,17,6.2,294.6,12.1,N,0
-15.6776,125.5876,309.5,1.7,1.3,2014-10-19,1724,Aqua,MODIS,77,6.2,295.9,14.6,N,0
-15.6319,125.5823,302.2,1.7,1.3,2014-10-19,1724,Aqua,MODIS,18,6.2,291.9,6.2,N,0
-15.5205,126.1582,306.6,1.9,1.3,2014-10-19,1724,Aqua,MODIS,69,6.2,292.2,16.5,N,0
-15.5226,126.1757,307.9,1.9,1.3,2014-10-19,1724,Aqua,MODIS,73,6.2,292.7,19.4,N,0
-15.5623,126.1478,306.9,1.9,1.3,2014-10-19,1724,Aqua,MODIS,70,6.2,294.7,15.4,N,0
-15.5941,126.1093,304.4,1.8,1.3,2014-10-19,1724,Aqua,MODIS,50,6.2,293,11.7,N,0
-16.9626,130.6894,313.8,4.3,1.9,2014-10-19,1724,Aqua,MODIS,84,6.2,295.4,84.8,N,0
-16.9559,130.6542,354.8,4.3,1.9,2014-10-19,1724,Aqua,MODIS,100,6.2,296.3,575.2,N,0
-16.9731,130.6527,349.2,4.3,1.9,2014-10-19,1724,Aqua,MODIS,100,6.2,295.9,472.5,N,0
-16.9976,130.4776,312.2,4.1,1.9,2014-10-19,1724,Aqua,MODIS,13,6.2,295.2,69.1,N,0
-17.0146,130.4759,312.2,4.1,1.9,2014-10-19,1724,Aqua,MODIS,81,6.2,295.1,73.8,N,0
-17.5747,125.5041,319.2,1.8,1.3,2014-10-19,1724,Aqua,MODIS,98,6.2,298.7,33.9,N,0
-17.571,125.5147,312.1,1.8,1.3,2014-10-19,1724,Aqua,MODIS,84,6.2,298.4,19.9,N,0
-20.0242,123.5235,306,1.4,1.2,2014-10-19,1725,Aqua,MODIS,66,6.2,293.8,10.2,N,0
-21.9655,122.8806,304.5,1.4,1.2,2014-10-19,1725,Aqua,MODIS,60,6.2,294.1,8.4,N,0
-21.5383,117.974,333.2,1,1,2014-10-19,1725,Aqua,MODIS,100,6.2,295.6,33.2,N,0
-21.5535,117.9509,306,1,1,2014-10-19,1725,Aqua,MODIS,66,6.2,293.8,5.9,N,0
-21.5626,117.9494,304.3,1,1,2014-10-19,1725,Aqua,MODIS,59,6.2,293.2,5,N,0
-21.5989,117.9475,307.7,1,1,2014-10-19,1725,Aqua,MODIS,72,6.2,292.7,7.8,N,0
-19.8977,127.9555,301,2.9,1.6,2014-10-19,1725,Aqua,MODIS,36,6.2,289.4,23.8,N,0
-19.8988,127.9501,305.3,2.9,1.6,2014-10-19,1725,Aqua,MODIS,64,6.2,289.4,33.5,N,0
-21.5079,118.0198,372.6,1,1,2014-10-19,1725,Aqua,MODIS,100,6.2,303.5,129.2,N,0
-21.5094,118.0297,331.1,1,1,2014-10-19,1725,Aqua,MODIS,100,6.2,298.1,29.8,N,0
-21.517,118.0183,369.6,1,1,2014-10-19,1725,Aqua,MODIS,100,6.2,304.3,118.6,N,0
-21.5186,118.0281,337.7,1,1,2014-10-19,1725,Aqua,MODIS,100,6.2,297.6,40.1,N,0
-21.5064,118.01,370.2,1,1,2014-10-19,1725,Aqua,MODIS,100,6.2,301.4,120.8,N,0
-21.514,117.9985,351.3,1,1,2014-10-19,1725,Aqua,MODIS,100,6.2,297.1,66.5,N,0
-21.5155,118.0084,397.7,1,1,2014-10-19,1725,Aqua,MODIS,100,6.2,307.3,249.6,N,0
-21.5231,117.9969,314.5,1,1,2014-10-19,1725,Aqua,MODIS,89,6.2,295.1,11.6,N,0
-21.5292,117.9756,314.1,1,1,2014-10-19,1725,Aqua,MODIS,89,6.2,295.3,11.6,N,0
-21.6964,120.8215,306.5,1.1,1,2014-10-19,1725,Aqua,MODIS,46,6.2,294.1,6.5,N,0
-20.7106,120.2717,325.5,1,1,2014-10-19,1725,Aqua,MODIS,100,6.2,296.1,22.7,N,0
-21.0077,119.9715,308.7,1,1,2014-10-19,1725,Aqua,MODIS,75,6.2,294.4,8.2,N,0
-21.6843,120.8024,309.3,1.1,1,2014-10-19,1725,Aqua,MODIS,77,6.2,294.4,8.7,N,0
-20.7445,120.2598,311.8,1,1,2014-10-19,1725,Aqua,MODIS,83,6.2,294.9,10.1,N,0
-21.695,120.8112,319,1.1,1,2014-10-19,1725,Aqua,MODIS,98,6.2,294.9,17,N,0
-20.7078,120.2521,314.6,1,1,2014-10-19,1725,Aqua,MODIS,90,6.2,295.7,12.2,N,0
-20.7092,120.2619,322.8,1,1,2014-10-19,1725,Aqua,MODIS,100,6.2,296.5,19.5,N,0
-20.7581,122.3345,310.9,1.2,1.1,2014-10-19,1725,Aqua,MODIS,77,6.2,293.4,12.8,N,0
-20.765,122.3098,303.3,1.2,1.1,2014-10-19,1725,Aqua,MODIS,41,6.2,292.7,6.5,N,0
-20.7679,122.333,309.3,1.2,1.1,2014-10-19,1725,Aqua,MODIS,77,6.2,293.5,11.9,N,0
-20.7064,120.2424,305.8,1,1,2014-10-19,1725,Aqua,MODIS,66,6.2,295.2,6.1,N,0
-21.0112,119.9313,308.1,1,1,2014-10-19,1725,Aqua,MODIS,74,6.2,294.5,7.9,N,0
-20.7197,120.2703,307.3,1,1,2014-10-19,1725,Aqua,MODIS,69,6.2,294.3,6.6,N,0
-19.9695,127.914,302.9,2.9,1.6,2014-10-19,1725,Aqua,MODIS,49,6.2,291.7,25.4,N,0
-19.9124,127.954,339.6,2.9,1.6,2014-10-19,1725,Aqua,MODIS,100,6.2,291.2,206.6,N,0
-19.9096,127.9261,314,2.9,1.6,2014-10-19,1725,Aqua,MODIS,88,6.2,289.1,61.4,N,0
-20.0348,123.522,304.2,1.4,1.2,2014-10-19,1725,Aqua,MODIS,59,6.2,293.9,8.3,N,0
-20.092,124.1702,303.9,1.5,1.2,2014-10-19,1725,Aqua,MODIS,43,6.2,293.3,9.6,N,0
-20.0909,123.5896,311.5,1.4,1.2,2014-10-19,1725,Aqua,MODIS,83,6.2,294.8,16.9,N,0
-19.9135,127.9485,345.1,2.9,1.6,2014-10-19,1725,Aqua,MODIS,100,6.2,291.5,250.8,N,0
-22.8452,122.3752,305.5,1.3,1.1,2014-10-19,1726,Aqua,MODIS,38,6.2,293,9.1,N,0
-23.3736,123.7915,329.7,1.6,1.3,2014-10-19,1726,Aqua,MODIS,100,6.2,298.6,54.5,N,0
-23.4452,123.8147,307.2,1.6,1.3,2014-10-19,1726,Aqua,MODIS,71,6.2,291.3,17.3,N,0
-23.385,123.79,338.4,1.6,1.3,2014-10-19,1726,Aqua,MODIS,100,6.2,297.2,79.5,N,0
-23.3754,123.8072,305.9,1.6,1.3,2014-10-19,1726,Aqua,MODIS,26,6.2,294.8,11.8,N,0
-22.5609,122.364,359.2,1.3,1.1,2014-10-19,1726,Aqua,MODIS,100,6.2,301.9,115.3,N,0
-23.3832,123.7743,326,1.6,1.2,2014-10-19,1726,Aqua,MODIS,98,6.2,294.4,45.7,N,0
-22.5593,122.3515,335.2,1.3,1.1,2014-10-19,1726,Aqua,MODIS,100,6.2,298.7,46.6,N,0
-22.5561,122.3267,310.3,1.3,1.1,2014-10-19,1726,Aqua,MODIS,32,6.2,297.2,9.7,N,0
-22.5577,122.3391,324.8,1.3,1.1,2014-10-19,1726,Aqua,MODIS,100,6.2,298.1,27.4,N,0
-23.558,121.0992,344.5,1.1,1.1,2014-10-19,1726,Aqua,MODIS,100,6.2,291.6,63.1,N,0
-23.5661,121.0867,300.6,1.1,1.1,2014-10-19,1726,Aqua,MODIS,30,6.2,288.6,6,N,0
-22.574,122.3944,327.2,1.3,1.1,2014-10-19,1726,Aqua,MODIS,100,6.2,297.7,33.8,N,0
-22.5725,122.3819,326.5,1.3,1.1,2014-10-19,1726,Aqua,MODIS,100,6.2,297.6,32.3,N,0
-22.579,122.2674,304.4,1.3,1.1,2014-10-19,1726,Aqua,MODIS,60,6.2,294.2,6.6,N,0
-22.3658,121.7896,309.2,1.2,1.1,2014-10-19,1726,Aqua,MODIS,77,6.2,292.7,11.6,N,0
-22.5536,122.2267,307.4,1.3,1.1,2014-10-19,1726,Aqua,MODIS,13,6.2,295.8,8,N,0
-22.5258,122.331,332,1.3,1.1,2014-10-19,1726,Aqua,MODIS,100,6.2,298.1,41.3,N,0
-22.5476,122.3405,362.7,1.3,1.1,2014-10-19,1726,Aqua,MODIS,100,6.2,304.6,128.4,N,0
-22.5492,122.353,342.7,1.3,1.1,2014-10-19,1726,Aqua,MODIS,100,6.2,300,63.8,N,0
-22.542,122.2159,319.1,1.3,1.1,2014-10-19,1726,Aqua,MODIS,80,6.2,295.4,19.7,N,0
-22.5281,122.2676,319.5,1.3,1.1,2014-10-19,1726,Aqua,MODIS,95,6.2,297.7,19.5,N,0
-22.4786,122.1998,305.7,1.3,1.1,2014-10-19,1726,Aqua,MODIS,65,6.2,294.8,7.5,N,0
-22.6751,122.31,307.4,1.3,1.1,2014-10-19,1726,Aqua,MODIS,71,6.2,296.1,8.4,N,0
-22.5429,122.3033,382.2,1.3,1.1,2014-10-19,1726,Aqua,MODIS,100,6.2,304.7,226.2,N,0
-22.5413,122.291,353.4,1.3,1.1,2014-10-19,1726,Aqua,MODIS,100,6.2,300.4,94.6,N,0
-22.5397,122.2786,317.6,1.3,1.1,2014-10-19,1726,Aqua,MODIS,95,6.2,297.2,17.9,N,0
-22.5328,122.3048,332.1,1.3,1.1,2014-10-19,1726,Aqua,MODIS,100,6.2,298.5,39.5,N,0
-22.5312,122.2924,340.2,1.3,1.1,2014-10-19,1726,Aqua,MODIS,100,6.2,299.5,56.2,N,0
-22.5508,122.3654,331.7,1.3,1.1,2014-10-19,1726,Aqua,MODIS,100,6.2,298.7,39.5,N,0
-22.5742,122.3875,339.7,1.3,1.1,2014-10-19,1726,Aqua,MODIS,100,6.2,298.3,58.8,N,0
-22.61,122.3512,307.7,1.3,1.1,2014-10-19,1726,Aqua,MODIS,37,6.2,294.2,8.8,N,0
-22.4994,122.2841,324,1.3,1.1,2014-10-19,1726,Aqua,MODIS,100,6.2,297.5,26.9,N,0
-22.5343,122.3172,309.2,1.3,1.1,2014-10-19,1726,Aqua,MODIS,15,6.2,297.3,7.4,N,0
-22.5009,122.2966,315.9,1.3,1.1,2014-10-19,1726,Aqua,MODIS,44,6.2,297.5,15.9,N,0
-22.5296,122.28,329.9,1.3,1.1,2014-10-19,1726,Aqua,MODIS,100,6.2,298.6,35.3,N,0
-22.5983,122.3402,308.1,1.3,1.1,2014-10-19,1726,Aqua,MODIS,61,6.2,295.3,9.3,N,0
-23.372,123.7668,338.2,1.6,1.2,2014-10-19,1726,Aqua,MODIS,100,6.2,294.8,81.6,N,0
-22.7983,122.3119,314,1.3,1.1,2014-10-19,1726,Aqua,MODIS,88,6.2,293.5,15.5,N,0
-22.7998,122.3243,379,1.3,1.1,2014-10-19,1726,Aqua,MODIS,100,6.2,302.4,212.7,N,0
-22.8014,122.3368,327.2,1.3,1.1,2014-10-19,1726,Aqua,MODIS,100,6.2,296.2,34.6,N,0
-22.8115,122.3354,320.3,1.3,1.1,2014-10-19,1726,Aqua,MODIS,100,6.2,295,24.9,N,0
-22.835,122.3576,320.1,1.3,1.1,2014-10-19,1726,Aqua,MODIS,100,6.2,293.4,24.7,N,0
-22.8366,122.3702,304.5,1.3,1.1,2014-10-19,1726,Aqua,MODIS,36,6.2,293.5,7.6,N,0
-22.5391,122.3544,311.3,1.3,1.1,2014-10-19,1726,Aqua,MODIS,78,6.2,296.6,12,N,0
-22.5242,122.3186,324.1,1.3,1.1,2014-10-19,1726,Aqua,MODIS,100,6.2,298.1,26.4,N,0
-22.5445,122.3157,371.3,1.3,1.1,2014-10-19,1726,Aqua,MODIS,100,6.2,304.3,167,N,0
-23.4867,123.0789,310,1.5,1.2,2014-10-19,1726,Aqua,MODIS,79,6.2,294.3,15,N,0
-22.5523,122.3779,322.2,1.3,1.1,2014-10-19,1726,Aqua,MODIS,100,6.2,297.7,24.7,N,0
-22.5967,122.3277,308.6,1.3,1.1,2014-10-19,1726,Aqua,MODIS,75,6.2,294.9,9.9,N,0
-23.5565,121.0881,321.1,1.1,1.1,2014-10-19,1726,Aqua,MODIS,100,6.2,289.6,23.8,N,0
-22.546,122.3281,387.8,1.3,1.1,2014-10-19,1726,Aqua,MODIS,100,6.2,308.5,263.7,N,0
-23.3739,123.7825,348.1,1.6,1.2,2014-10-19,1726,Aqua,MODIS,100,6.2,299.5,116.4,N,0
-23.3757,123.7982,327.9,1.6,1.3,2014-10-19,1726,Aqua,MODIS,100,6.2,297.7,51.6,N,0
-22.5625,122.3765,335.9,1.3,1.1,2014-10-19,1726,Aqua,MODIS,100,6.2,299.5,48.2,N,0
-23.3852,123.7811,335.8,1.6,1.2,2014-10-19,1726,Aqua,MODIS,100,6.2,295.5,72.8,N,0
-23.387,123.7968,323.3,1.6,1.3,2014-10-19,1726,Aqua,MODIS,100,6.2,294.3,40.3,N,0
-23.3702,123.76,308.2,1.6,1.2,2014-10-19,1726,Aqua,MODIS,64,6.2,291.7,16.8,N,0
-23.3719,123.7757,340.3,1.6,1.2,2014-10-19,1726,Aqua,MODIS,100,6.2,297,86.3,N,0
-23.3981,122.4161,303.6,1.3,1.1,2014-10-19,1726,Aqua,MODIS,56,6.2,292.2,9.3,N,0
-30.8665,121.5015,328.5,1.4,1.2,2014-10-19,1728,Aqua,MODIS,100,6.2,283.8,51.1,N,2
-30.8648,121.4863,327.8,1.4,1.2,2014-10-19,1728,Aqua,MODIS,100,6.2,283.8,49.8,N,2
-30.8591,121.4968,329.9,1.4,1.2,2014-10-19,1728,Aqua,MODIS,100,6.2,283.8,54.2,N,2
-24.7957,151.6973,316.7,2.7,1.6,2014-10-19,2334,Terra,MODIS,40,6.2,298.9,33.9,D,0
-24.7817,151.7011,326.8,2.7,1.6,2014-10-19,2334,Terra,MODIS,79,6.2,298,81.3,D,0
-23.8619,149.4183,312.1,4.1,1.9,2014-10-19,2334,Terra,MODIS,54,6.2,298,47.5,D,0
-23.8651,149.4126,309.7,4.1,1.9,2014-10-19,2334,Terra,MODIS,27,6.2,297.4,33.7,D,0
-27.0826,153.0539,320.7,1.9,1.4,2014-10-19,2335,Terra,MODIS,65,6.2,298.6,34.5,D,0
-27.0801,153.0603,320,1.9,1.4,2014-10-19,2335,Terra,MODIS,63,6.2,299.2,30.2,D,0
-12.5293,141.9123,324.8,1.4,1.2,2014-10-20,0109,Terra,MODIS,62,6.2,294.5,17.9,D,0
-12.1888,141.7945,332.2,1.3,1.1,2014-10-20,0109,Terra,MODIS,85,6.2,300.3,30.4,D,0
-11.5246,142.4604,322.3,1.4,1.2,2014-10-20,0109,Terra,MODIS,71,6.2,291.9,28.3,D,0
-12.5414,141.9234,341.8,1.4,1.2,2014-10-20,0109,Terra,MODIS,79,6.2,297.8,55,D,0
-11.2095,132.3496,323.6,2.1,1.4,2014-10-20,0109,Terra,MODIS,36,6.2,307.4,18.3,D,0
-11.2134,132.3612,323.3,2.1,1.4,2014-10-20,0109,Terra,MODIS,19,6.2,306.1,13.5,D,0
-12.8072,142.2982,324.2,1.5,1.2,2014-10-20,0109,Terra,MODIS,77,6.2,292.4,25.5,D,0
-12.0576,141.9692,319.7,1.4,1.2,2014-10-20,0109,Terra,MODIS,23,6.2,300.9,15,D,0
-16.3839,142.3683,333.6,1.7,1.3,2014-10-20,0110,Terra,MODIS,32,6.2,312.2,28.1,D,0
-15.1493,142.0956,342.7,1.5,1.2,2014-10-20,0110,Terra,MODIS,88,6.2,312.2,57.4,D,0
-14.1053,142.422,393.1,1.6,1.2,2014-10-20,0110,Terra,MODIS,100,6.2,312.6,386.4,D,0
-15.1153,142.4559,324.9,1.6,1.3,2014-10-20,0110,Terra,MODIS,33,6.2,307.2,16.5,D,0
-12.5988,131.0221,323.8,2.5,1.5,2014-10-20,0110,Terra,MODIS,37,6.2,302.2,34.4,D,0
-14.1759,142.2626,365.3,1.5,1.2,2014-10-20,0110,Terra,MODIS,100,6.2,308.2,165,D,0
-15.038,142.2919,331.5,1.6,1.2,2014-10-20,0110,Terra,MODIS,51,6.2,312.3,21.4,D,0
-15.1073,142.4787,333.4,1.6,1.3,2014-10-20,0110,Terra,MODIS,68,6.2,311,34.6,D,0
-12.6431,136.0668,340.6,1.1,1.1,2014-10-20,0110,Terra,MODIS,85,6.2,308.7,33.4,D,0
-15.1066,142.2914,332.8,1.6,1.2,2014-10-20,0110,Terra,MODIS,77,6.2,308.2,31.4,D,0
-15.1475,142.0815,334.3,1.5,1.2,2014-10-20,0110,Terra,MODIS,80,6.2,309.7,34.2,D,0
-14.1741,142.3345,348.5,1.5,1.2,2014-10-20,0110,Terra,MODIS,93,6.2,309.2,81.3,D,0
-15.1758,142.8591,327.6,1.7,1.3,2014-10-20,0110,Terra,MODIS,41,6.2,312.3,18.1,D,0
-16.4307,142.0181,332.9,1.6,1.2,2014-10-20,0110,Terra,MODIS,68,6.2,313.8,26.3,D,0
-12.64,136.0463,335.7,1.1,1.1,2014-10-20,0110,Terra,MODIS,80,6.2,307.5,23.8,D,0
-14.1668,142.2782,338.7,1.5,1.2,2014-10-20,0110,Terra,MODIS,73,6.2,301.1,53.7,D,0
-15.1512,142.1098,332.9,1.5,1.2,2014-10-20,0110,Terra,MODIS,78,6.2,312.8,27.1,D,0
-14.3489,142.4455,328.4,1.6,1.2,2014-10-20,0110,Terra,MODIS,39,6.2,309.9,18.5,D,0
-12.5769,136.0773,402.3,1.1,1.1,2014-10-20,0110,Terra,MODIS,100,6.2,315.9,294.5,D,0
-16.3783,142.4165,355,1.7,1.3,2014-10-20,0110,Terra,MODIS,97,6.2,312.1,114.8,D,0
-15.1383,142.1841,334.3,1.6,1.2,2014-10-20,0110,Terra,MODIS,78,6.2,312.2,31.4,D,0
-15.0269,142.2934,331.1,1.6,1.2,2014-10-20,0110,Terra,MODIS,44,6.2,312.6,20.8,D,0
-14.2465,142.5389,325.5,1.6,1.2,2014-10-20,0110,Terra,MODIS,46,6.2,306.2,18.6,D,0
-14.1077,142.4305,373.4,1.6,1.2,2014-10-20,0110,Terra,MODIS,100,6.2,312.3,214.6,D,0
-15.0885,142.5118,347.5,1.6,1.3,2014-10-20,0110,Terra,MODIS,92,6.2,309.8,77.8,D,0
-12.6242,136.0698,338.7,1.1,1.1,2014-10-20,0110,Terra,MODIS,71,6.2,309.4,26.2,D,0
-16.48,142.4231,332.2,1.7,1.3,2014-10-20,0110,Terra,MODIS,39,6.2,313.5,23,D,0
-16.3858,142.3838,335.7,1.7,1.3,2014-10-20,0110,Terra,MODIS,70,6.2,312.3,36.4,D,0
-12.5864,136.0758,352.9,1.1,1.1,2014-10-20,0110,Terra,MODIS,95,6.2,311.2,58.4,D,0
-15.0157,142.2949,334.7,1.6,1.2,2014-10-20,0110,Terra,MODIS,38,6.2,313.4,29.4,D,0
-15.1325,142.3178,325.7,1.6,1.2,2014-10-20,0110,Terra,MODIS,51,6.2,307.9,19,D,0
-15.1053,142.4637,333.6,1.6,1.3,2014-10-20,0110,Terra,MODIS,76,6.2,310.6,35.3,D,0
-15.18,142.8651,331.6,1.7,1.3,2014-10-20,0110,Terra,MODIS,65,6.2,311.7,29.6,D,0
-14.1557,142.3658,345.9,1.6,1.2,2014-10-20,0110,Terra,MODIS,91,6.2,309.2,72.3,D,0
-12.6132,136.0611,350.3,1.1,1.1,2014-10-20,0110,Terra,MODIS,93,6.2,310.6,52.3,D,0
-16.3935,142.083,329.3,1.6,1.2,2014-10-20,0110,Terra,MODIS,73,6.2,312.2,21.2,D,0
-14.1447,142.3674,335,1.6,1.2,2014-10-20,0110,Terra,MODIS,74,6.2,307.7,40.8,D,0
-12.588,136.086,347.5,1.1,1.1,2014-10-20,0110,Terra,MODIS,91,6.2,310.4,46.1,D,0
-15.1913,142.8899,336.8,1.8,1.3,2014-10-20,0110,Terra,MODIS,73,6.2,310.9,44.2,D,0
-14.1723,142.3204,367.6,1.5,1.2,2014-10-20,0110,Terra,MODIS,100,6.2,310.4,173.3,D,0
-14.1869,142.2612,336.6,1.5,1.2,2014-10-20,0110,Terra,MODIS,42,6.2,309.1,44.3,D,0
-14.1036,142.4955,327.5,1.6,1.2,2014-10-20,0110,Terra,MODIS,29,6.2,309.2,18.9,D,0
-12.7792,132.9376,366.3,1.7,1.3,2014-10-20,0110,Terra,MODIS,100,6.2,312.5,202.9,D,0
-12.5753,136.0671,388.2,1.1,1.1,2014-10-20,0110,Terra,MODIS,100,6.2,309.7,205.2,D,0
-16.3917,142.0682,328.9,1.6,1.2,2014-10-20,0110,Terra,MODIS,72,6.2,312.3,20.7,D,0
-15.0904,142.5269,337.1,1.6,1.3,2014-10-20,0110,Terra,MODIS,67,6.2,308.8,41.6,D,0
-14.07,135.759,333.6,1.1,1.1,2014-10-20,0110,Terra,MODIS,76,6.2,307,21.2,D,0
-16.4233,141.9597,343.6,1.6,1.2,2014-10-20,0110,Terra,MODIS,89,6.2,313.3,57.4,D,0
-16.4828,142.4285,334.5,1.7,1.3,2014-10-20,0110,Terra,MODIS,63,6.2,313,31.2,D,0
-15.1048,142.2768,338.1,1.6,1.2,2014-10-20,0110,Terra,MODIS,84,6.2,308,46.4,D,0
-15.1252,142.2593,350.4,1.6,1.2,2014-10-20,0110,Terra,MODIS,94,6.2,307.8,91.9,D,0
-12.5974,136.0845,341.4,1.1,1.1,2014-10-20,0110,Terra,MODIS,86,6.2,312,32.1,D,0
-12.5832,136.0553,354.9,1.1,1.1,2014-10-20,0110,Terra,MODIS,97,6.2,308,68.2,D,0
-15.2662,143.0136,330.3,1.8,1.3,2014-10-20,0110,Terra,MODIS,48,6.2,313.8,21,D,0
-12.6416,136.0566,351,1.1,1.1,2014-10-20,0110,Terra,MODIS,94,6.2,308.2,57,D,0
-14.0906,142.4825,336.1,1.6,1.2,2014-10-20,0110,Terra,MODIS,74,6.2,307.7,43.2,D,0
-12.6321,136.0581,336,1.1,1.1,2014-10-20,0110,Terra,MODIS,80,6.2,311.9,23.1,D,0
-16.4309,142.0123,334.8,1.6,1.2,2014-10-20,0110,Terra,MODIS,67,6.2,314.2,29.4,D,0
-12.6037,136.0626,340.8,1.1,1.1,2014-10-20,0110,Terra,MODIS,84,6.2,305.9,31.4,D,0
-12.6305,136.0478,366.6,1.1,1.1,2014-10-20,0110,Terra,MODIS,100,6.2,312.7,103.9,D,0
-15.1305,142.3932,341.9,1.6,1.2,2014-10-20,0110,Terra,MODIS,88,6.2,310.7,60.6,D,0
-14.0998,142.4666,341.3,1.6,1.2,2014-10-20,0110,Terra,MODIS,83,6.2,306.5,57.5,D,0
-15.0979,142.4953,334.2,1.6,1.3,2014-10-20,0110,Terra,MODIS,77,6.2,313,35.2,D,0
-14.1814,142.3048,338,1.5,1.2,2014-10-20,0110,Terra,MODIS,67,6.2,311.4,42.6,D,0
-14.179,142.2701,338.6,1.5,1.2,2014-10-20,0110,Terra,MODIS,53,6.2,308.4,45.9,D,0
-15.1287,142.3783,338,1.6,1.2,2014-10-20,0110,Terra,MODIS,81,6.2,310.8,46.8,D,0
-12.6116,136.0508,339,1.1,1.1,2014-10-20,0110,Terra,MODIS,50,6.2,308.9,28.2,D,0
-14.1686,142.2922,369.6,1.5,1.2,2014-10-20,0110,Terra,MODIS,100,6.2,307,189.3,D,0
-14.1059,142.4161,371.9,1.6,1.2,2014-10-20,0110,Terra,MODIS,100,6.2,310,210.3,D,0
-12.7863,132.9294,345.5,1.7,1.3,2014-10-20,0110,Terra,MODIS,90,6.2,309.9,86.7,D,0
-14.1704,142.3063,401.8,1.5,1.2,2014-10-20,0110,Terra,MODIS,100,6.2,313.6,466.1,D,0
-16.4571,141.9494,334.8,1.6,1.2,2014-10-20,0110,Terra,MODIS,77,6.2,315.5,27.8,D,0
-14.109,142.4506,336.4,1.6,1.2,2014-10-20,0110,Terra,MODIS,71,6.2,309.8,39.9,D,0
-16.4589,141.964,339.9,1.6,1.2,2014-10-20,0110,Terra,MODIS,86,6.2,314,41.3,D,0
-15.1141,142.2608,332.4,1.6,1.2,2014-10-20,0110,Terra,MODIS,78,6.2,307.3,32.4,D,0
-16.4539,142.3844,335.2,1.7,1.3,2014-10-20,0110,Terra,MODIS,58,6.2,312.7,30.6,D,0
-12.7766,132.9218,337.1,1.8,1.3,2014-10-20,0110,Terra,MODIS,83,6.2,309.5,54.4,D,0
-14.1094,142.4448,332.3,1.6,1.2,2014-10-20,0110,Terra,MODIS,76,6.2,309.8,26,D,0
-12.6123,131.0197,328.2,2.5,1.5,2014-10-20,0110,Terra,MODIS,59,6.2,302.7,50.3,D,0
-15.3272,142.8669,328.8,1.8,1.3,2014-10-20,0110,Terra,MODIS,54,6.2,313,13.8,D,0
-16.3852,142.3932,334.9,1.7,1.3,2014-10-20,0110,Terra,MODIS,81,6.2,311.6,38.4,D,0
-15.0137,142.2861,341.9,1.6,1.2,2014-10-20,0110,Terra,MODIS,87,6.2,313.7,53.2,D,0
-15.041,142.5953,333.7,1.7,1.3,2014-10-20,0110,Terra,MODIS,32,6.2,311.7,30,D,0
-15.0287,142.308,331.6,1.6,1.2,2014-10-20,0110,Terra,MODIS,52,6.2,311.4,23.2,D,0
-14.2558,142.5228,328.1,1.6,1.2,2014-10-20,0110,Terra,MODIS,15,6.2,306.4,21.5,D,0
-16.4553,141.9349,332.4,1.6,1.2,2014-10-20,0110,Terra,MODIS,54,6.2,314.7,22.9,D,0
-12.5958,136.0744,355.8,1.1,1.1,2014-10-20,0110,Terra,MODIS,97,6.2,312.7,65.6,D,0
-15.041,142.5855,333.9,1.7,1.3,2014-10-20,0110,Terra,MODIS,57,6.2,311.7,29.9,D,0
-14.1539,142.3517,363.5,1.5,1.2,2014-10-20,0110,Terra,MODIS,100,6.2,309.6,153.6,D,0
-14.1741,142.2487,337.8,1.5,1.2,2014-10-20,0110,Terra,MODIS,85,6.2,304,55.3,D,0
-12.5785,136.0875,329.1,1.1,1.1,2014-10-20,0110,Terra,MODIS,46,6.2,307.2,12.1,D,0
-14.1017,142.481,355,1.6,1.2,2014-10-20,0110,Terra,MODIS,97,6.2,309.6,112.7,D,0
-12.5896,136.0962,327.1,1.1,1.1,2014-10-20,0110,Terra,MODIS,17,6.2,307.3,9.4,D,0
-15.0382,143.4801,328.9,1.9,1.4,2014-10-20,0110,Terra,MODIS,59,6.2,301.8,37,D,0
-12.828,142.3445,315.5,1.5,1.2,2014-10-20,0110,Terra,MODIS,57,6.2,290.6,14,D,0
-15.1159,142.2753,326.6,1.6,1.2,2014-10-20,0110,Terra,MODIS,53,6.2,307.2,18.8,D,0
-14.1772,142.2561,361.1,1.5,1.2,2014-10-20,0110,Terra,MODIS,100,6.2,308.2,139.5,D,0
-15.3155,142.8683,334.8,1.8,1.3,2014-10-20,0110,Terra,MODIS,75,6.2,312.9,30.7,D,0
-12.5848,136.0656,357,1.1,1.1,2014-10-20,0110,Terra,MODIS,98,6.2,310.2,73.2,D,0
-12.5737,136.0568,373.5,1.1,1.1,2014-10-20,0110,Terra,MODIS,100,6.2,306.5,134.2,D,0
-12.5942,136.0641,386.9,1.1,1.1,2014-10-20,0110,Terra,MODIS,100,6.2,311.9,196.4,D,0
-12.6337,136.0683,335.8,1.1,1.1,2014-10-20,0110,Terra,MODIS,80,6.2,311.3,23.5,D,0
-14.1034,142.4077,342.7,1.6,1.2,2014-10-20,0110,Terra,MODIS,84,6.2,304.7,68.7,D,0
-12.7889,132.9448,327.8,1.7,1.3,2014-10-20,0110,Terra,MODIS,67,6.2,309.6,24.4,D,0
-15.1048,142.2833,342,1.6,1.2,2014-10-20,0110,Terra,MODIS,88,6.2,308.5,58.8,D,0
-12.6053,136.0728,364.2,1.1,1.1,2014-10-20,0110,Terra,MODIS,100,6.2,308.8,92.2,D,0
-12.6069,136.083,346.4,1.1,1.1,2014-10-20,0110,Terra,MODIS,91,6.2,309,42.6,D,0
-14.1429,142.3532,337.7,1.5,1.2,2014-10-20,0110,Terra,MODIS,83,6.2,306.3,50.4,D,0
-15.0139,142.2803,338,1.6,1.2,2014-10-20,0110,Terra,MODIS,76,6.2,313.4,38.5,D,0
-16.3914,142.3358,332.7,1.7,1.3,2014-10-20,0110,Terra,MODIS,15,6.2,312.3,22.3,D,0
-16.4251,141.9742,342.3,1.6,1.2,2014-10-20,0110,Terra,MODIS,88,6.2,312.5,52,D,0
-14.1072,142.4363,374.5,1.6,1.2,2014-10-20,0110,Terra,MODIS,100,6.2,311.4,223.2,D,0
-16.4255,141.9684,343.1,1.6,1.2,2014-10-20,0110,Terra,MODIS,88,6.2,313.5,53.8,D,0
-12.6289,136.0376,370.8,1.1,1.1,2014-10-20,0110,Terra,MODIS,100,6.2,309.2,120.7,D,0
-15.1269,142.3635,330.3,1.6,1.2,2014-10-20,0110,Terra,MODIS,63,6.2,307.7,26.4,D,0
-14.098,142.4521,382.4,1.6,1.2,2014-10-20,0110,Terra,MODIS,100,6.2,307.6,286.9,D,0
-16.3833,142.3776,335.1,1.7,1.3,2014-10-20,0110,Terra,MODIS,24,6.2,312.7,33.4,D,0
-15.043,142.6008,337.9,1.7,1.3,2014-10-20,0110,Terra,MODIS,71,6.2,310.9,43.1,D,0
-12.7029,132.3268,333.4,1.9,1.4,2014-10-20,0110,Terra,MODIS,78,6.2,309,37.5,D,0
-15.0506,142.5785,335,1.7,1.3,2014-10-20,0110,Terra,MODIS,38,6.2,311.7,32.5,D,0
-15.1307,142.3031,336,1.6,1.2,2014-10-20,0110,Terra,MODIS,82,6.2,307.7,44.9,D,0
-14.0961,142.4378,381.9,1.6,1.2,2014-10-20,0110,Terra,MODIS,100,6.2,305.2,283.1,D,0
-16.3763,142.4009,338,1.7,1.3,2014-10-20,0110,Terra,MODIS,62,6.2,311.8,41.6,D,0
-15.3251,142.8507,328.9,1.7,1.3,2014-10-20,0110,Terra,MODIS,53,6.2,313.3,13.8,D,0
-15.153,142.124,330.3,1.5,1.2,2014-10-20,0110,Terra,MODIS,68,6.2,312.9,19.5,D,0
-14.1968,142.5971,332.5,1.6,1.2,2014-10-20,0110,Terra,MODIS,53,6.2,312.2,28.2,D,0
-14.2212,142.6091,337.1,1.6,1.3,2014-10-20,0110,Terra,MODIS,68,6.2,310.5,42.8,D,0
-14.428,133.3719,331.7,1.5,1.2,2014-10-20,0110,Terra,MODIS,71,6.2,314.4,20.2,D,0
-14.9931,143.4135,335.2,1.9,1.3,2014-10-20,0110,Terra,MODIS,77,6.2,300.8,48.1,D,0
-14.1949,142.5822,344.3,1.6,1.2,2014-10-20,0110,Terra,MODIS,90,6.2,312,66.8,D,0
-14.9909,143.3959,337.6,1.9,1.3,2014-10-20,0110,Terra,MODIS,84,6.2,300.7,56.6,D,0
-13.3347,134.0841,327.9,1.4,1.2,2014-10-20,0110,Terra,MODIS,29,6.2,310.6,13.9,D,0
-14.9385,143.2154,334.4,1.8,1.3,2014-10-20,0110,Terra,MODIS,81,6.2,306.3,51.2,D,0
-13.3494,134.108,356,1.4,1.2,2014-10-20,0110,Terra,MODIS,97,6.2,311.1,96.3,D,0
-13.3473,134.0951,351.1,1.4,1.2,2014-10-20,0110,Terra,MODIS,94,6.2,309.2,78.3,D,0
-13.3368,134.0972,337.2,1.4,1.2,2014-10-20,0110,Terra,MODIS,81,6.2,312.4,34,D,0
-13.3388,134.1099,335.4,1.4,1.2,2014-10-20,0110,Terra,MODIS,79,6.2,311.9,28.2,D,0
-11.9825,135.879,312.1,1.2,1.1,2014-10-20,0110,Terra,MODIS,52,6.2,301.3,9,D,3
-14.2202,142.6028,331.1,1.6,1.3,2014-10-20,0110,Terra,MODIS,46,6.2,311.3,27.7,D,0
-12.3435,134.156,325.7,1.5,1.2,2014-10-20,0110,Terra,MODIS,50,6.2,309.7,11.9,D,0
-14.2296,142.5864,334.1,1.6,1.2,2014-10-20,0110,Terra,MODIS,60,6.2,310.5,35.4,D,0
-14.239,142.57,332,1.6,1.2,2014-10-20,0110,Terra,MODIS,61,6.2,306.4,31.9,D,0
-14.2408,142.585,329.7,1.6,1.2,2014-10-20,0110,Terra,MODIS,43,6.2,307.9,25.9,D,0
-15.0195,143.4283,330.1,1.9,1.3,2014-10-20,0110,Terra,MODIS,64,6.2,306.6,34.3,D,0
-13.3167,135.7184,331.8,1.1,1.1,2014-10-20,0110,Terra,MODIS,69,6.2,310.5,13.2,D,0
-12.4233,136.6213,327.9,1.1,1,2014-10-20,0110,Terra,MODIS,46,6.2,307.5,11.1,D,0
-12.7088,132.3371,328.7,1.9,1.4,2014-10-20,0110,Terra,MODIS,62,6.2,307.4,23.2,D,0
-13.3136,134.0878,328.7,1.4,1.2,2014-10-20,0110,Terra,MODIS,56,6.2,310.6,14.9,D,0
-12.4722,134.2168,346.2,1.4,1.2,2014-10-20,0110,Terra,MODIS,90,6.2,308.9,62.3,D,0
-14.3611,144.4489,320.4,2.2,1.4,2014-10-20,0110,Terra,MODIS,42,6.2,299.8,27.6,D,0
-12.9607,132.7758,332,1.8,1.3,2014-10-20,0110,Terra,MODIS,70,6.2,313.7,30.6,D,0
-12.3758,136.8523,322.1,1.1,1,2014-10-20,0110,Terra,MODIS,39,6.2,302.6,9.2,D,0
-12.431,136.6101,336.4,1.1,1,2014-10-20,0110,Terra,MODIS,82,6.2,307.4,24.9,D,0
-13.2769,142.365,327.3,1.5,1.2,2014-10-20,0110,Terra,MODIS,30,6.2,302.8,22.2,D,0
-12.4295,136.6003,350.5,1.1,1,2014-10-20,0110,Terra,MODIS,94,6.2,308.8,54,D,0
-14.9788,143.3973,341.7,1.9,1.3,2014-10-20,0110,Terra,MODIS,88,6.2,305.9,77,D,0
-13.0757,136.0713,329.8,1.1,1,2014-10-20,0110,Terra,MODIS,52,6.2,311.2,9.7,D,0
-13.4968,134.4072,330.5,1.3,1.1,2014-10-20,0110,Terra,MODIS,52,6.2,312.6,13.1,D,0
-12.5489,136.6548,339.8,1.1,1,2014-10-20,0110,Terra,MODIS,85,6.2,305.8,32.1,D,0
-12.4403,136.6086,327,1.1,1,2014-10-20,0110,Terra,MODIS,66,6.2,306.2,11.8,D,0
-15.0032,142.6527,330.1,1.7,1.3,2014-10-20,0110,Terra,MODIS,45,6.2,309.5,26.7,D,0
-12.7586,132.9572,341.2,1.7,1.3,2014-10-20,0110,Terra,MODIS,87,6.2,310.8,65.3,D,0
-14.2907,144.3992,328.4,2.2,1.4,2014-10-20,0110,Terra,MODIS,57,6.2,300,55.2,D,0
-15.2041,144.9871,324.1,2.5,1.5,2014-10-20,0110,Terra,MODIS,64,6.2,298.8,55.5,D,0
-12.4388,136.5988,357.2,1.1,1,2014-10-20,0110,Terra,MODIS,98,6.2,307.5,72.1,D,0
-12.1484,133.6553,343.7,1.6,1.2,2014-10-20,0110,Terra,MODIS,88,6.2,312,57.7,D,0
-12.4325,136.6199,332.7,1.1,1,2014-10-20,0110,Terra,MODIS,77,6.2,305.3,19.8,D,0
-12.1508,133.6696,333.3,1.6,1.2,2014-10-20,0110,Terra,MODIS,76,6.2,313,24.4,D,0
-12.9091,130.5327,336.3,2.6,1.6,2014-10-20,0110,Terra,MODIS,81,6.2,301.6,108.8,D,0
-12.9178,130.5488,325.5,2.6,1.6,2014-10-20,0110,Terra,MODIS,57,6.2,300,50.5,D,0
-12.9134,130.5248,332.4,2.6,1.6,2014-10-20,0110,Terra,MODIS,75,6.2,299.7,83.1,D,0
-13.9547,135.5219,334.3,1.1,1.1,2014-10-20,0110,Terra,MODIS,77,6.2,308.1,23.1,D,0
-13.7121,132.3835,333.3,1.8,1.3,2014-10-20,0110,Terra,MODIS,43,6.2,308.6,35.8,D,0
-13.7264,132.3574,335.1,1.9,1.3,2014-10-20,0110,Terra,MODIS,77,6.2,310.2,40.3,D,0
-13.7206,132.4343,339.9,1.8,1.3,2014-10-20,0110,Terra,MODIS,83,6.2,311,61.5,D,0
-13.7056,132.3786,335.9,1.8,1.3,2014-10-20,0110,Terra,MODIS,64,6.2,308.3,39.9,D,0
-13.7145,132.4295,381.9,1.8,1.3,2014-10-20,0110,Terra,MODIS,100,6.2,314,343,D,0
-13.0238,133.1016,329,1.7,1.3,2014-10-20,0110,Terra,MODIS,54,6.2,309.4,28,D,0
-14.0606,135.7606,327.1,1.1,1.1,2014-10-20,0110,Terra,MODIS,60,6.2,308,12.3,D,0
-14.1035,135.6312,325,1.1,1.1,2014-10-20,0110,Terra,MODIS,36,6.2,307.5,7.7,D,0
-14.1051,135.6416,330.2,1.1,1.1,2014-10-20,0110,Terra,MODIS,70,6.2,307.5,15,D,0
-13.9505,135.5185,334.1,1.1,1.1,2014-10-20,0110,Terra,MODIS,68,6.2,310.5,19.1,D,0
-13.953,135.5114,338.7,1.1,1.1,2014-10-20,0110,Terra,MODIS,83,6.2,310,30.6,D,0
-12.3026,134.7423,331.9,1.3,1.1,2014-10-20,0110,Terra,MODIS,64,6.2,308.5,22.9,D,0
-13.7116,132.4536,328,1.8,1.3,2014-10-20,0110,Terra,MODIS,39,6.2,309.3,26.3,D,0
-12.3284,136.5419,323.8,1.1,1,2014-10-20,0110,Terra,MODIS,51,6.2,306.3,8.3,D,0
-13.7036,132.3322,333.9,1.9,1.3,2014-10-20,0110,Terra,MODIS,77,6.2,308.7,40.7,D,0
-13.7064,132.3493,340.3,1.9,1.3,2014-10-20,0110,Terra,MODIS,85,6.2,309.7,64.7,D,0
-13.7867,132.6378,328.8,1.8,1.3,2014-10-20,0110,Terra,MODIS,50,6.2,310.3,19.7,D,0
-13.7338,132.5864,329,1.8,1.3,2014-10-20,0110,Terra,MODIS,51,6.2,310.7,26,D,0
-13.7184,132.3473,339.7,1.9,1.3,2014-10-20,0110,Terra,MODIS,84,6.2,309.5,60.5,D,0
-13.7026,132.3615,347.3,1.9,1.3,2014-10-20,0110,Terra,MODIS,91,6.2,308.8,92,D,0
-14.0495,136.531,330,1,1,2014-10-20,0110,Terra,MODIS,70,6.2,308.5,14.9,D,0
-13.7116,132.3425,333.3,1.9,1.3,2014-10-20,0110,Terra,MODIS,75,6.2,309.1,36.1,D,0
-13.7235,132.3404,326.9,1.9,1.3,2014-10-20,0110,Terra,MODIS,29,6.2,309.1,15.3,D,0
-12.3773,136.8619,336.2,1.1,1,2014-10-20,0110,Terra,MODIS,82,6.2,303.3,28.5,D,0
-14.048,136.5213,326.9,1,1,2014-10-20,0110,Terra,MODIS,32,6.2,310.3,9.6,D,0
-14.0388,136.5228,338.7,1,1,2014-10-20,0110,Terra,MODIS,83,6.2,311.2,27.1,D,0
-14.0373,136.5131,340.7,1,1,2014-10-20,0110,Terra,MODIS,86,6.2,310.7,29.4,D,0
-13.9951,135.3406,352.8,1.2,1.1,2014-10-20,0110,Terra,MODIS,95,6.2,311.8,64.2,D,0
-12.2996,132.7472,325.7,1.8,1.3,2014-10-20,0110,Terra,MODIS,25,6.2,305.5,24.6,D,0
-13.0517,133.1278,329.1,1.7,1.3,2014-10-20,0110,Terra,MODIS,45,6.2,310.2,26.2,D,0
-13.0301,132.8572,339.9,1.8,1.3,2014-10-20,0110,Terra,MODIS,84,6.2,311.2,59.7,D,0
-13.1062,133.1116,328,1.7,1.3,2014-10-20,0110,Terra,MODIS,66,6.2,310.7,28.1,D,0
-12.9671,132.7678,334.8,1.8,1.3,2014-10-20,0110,Terra,MODIS,79,6.2,314.4,38.4,D,0
-13.1035,133.0961,341.1,1.7,1.3,2014-10-20,0110,Terra,MODIS,86,6.2,311.9,68.6,D,0
-13.7723,132.6237,329.9,1.8,1.3,2014-10-20,0110,Terra,MODIS,42,6.2,313.7,25,D,0
-13.1058,133.1015,346.5,1.7,1.3,2014-10-20,0110,Terra,MODIS,91,6.2,312.3,87,D,0
-13.0491,133.1128,334.2,1.7,1.3,2014-10-20,0110,Terra,MODIS,76,6.2,312.6,40.3,D,0
-14.0803,136.4866,328,1.1,1,2014-10-20,0110,Terra,MODIS,48,6.2,307.8,10.2,D,0
-13.0417,132.855,336.8,1.8,1.3,2014-10-20,0110,Terra,MODIS,82,6.2,311.1,49.1,D,0
-12.2878,132.7492,328.2,1.8,1.3,2014-10-20,0110,Terra,MODIS,55,6.2,307.9,30.5,D,0
-12.2777,136.0233,322.9,1.1,1.1,2014-10-20,0110,Terra,MODIS,0,6.2,304,5.9,D,0
-13.7031,132.4028,331.5,1.8,1.3,2014-10-20,0110,Terra,MODIS,54,6.2,307.8,34.6,D,0
-13.706,132.4197,350.2,1.8,1.3,2014-10-20,0110,Terra,MODIS,93,6.2,308,112.3,D,0
-13.7088,132.4367,394.5,1.8,1.3,2014-10-20,0110,Terra,MODIS,100,6.2,314.9,498.5,D,0
-13.7174,132.4465,347.7,1.8,1.3,2014-10-20,0110,Terra,MODIS,91,6.2,311.5,93.5,D,0
-13.7093,132.3663,358.1,1.9,1.3,2014-10-20,0110,Terra,MODIS,98,6.2,310.2,154.8,D,0
-17.5507,133.0052,349.2,1.4,1.2,2014-10-20,0111,Terra,MODIS,92,6.2,316.5,72.4,D,0
-18.2754,132.5768,372.9,1.5,1.2,2014-10-20,0111,Terra,MODIS,100,6.2,310.5,194.5,D,0
-18.2837,132.5609,354.1,1.5,1.2,2014-10-20,0111,Terra,MODIS,96,6.2,307.1,95.6,D,0
-18.2861,132.5748,358,1.5,1.2,2014-10-20,0111,Terra,MODIS,98,6.2,310.8,110.3,D,0
-18.2311,132.6631,338.8,1.5,1.2,2014-10-20,0111,Terra,MODIS,80,6.2,311.5,29.4,D,0
-18.2945,132.5589,398.8,1.5,1.2,2014-10-20,0111,Terra,MODIS,100,6.2,313.9,407.5,D,0
-18.2969,132.5728,390.4,1.5,1.2,2014-10-20,0111,Terra,MODIS,100,6.2,313.7,320.9,D,0
-18.7159,132.2596,337.8,1.5,1.2,2014-10-20,0111,Terra,MODIS,59,6.2,313,27.7,D,0
-18.7184,132.274,339.5,1.5,1.2,2014-10-20,0111,Terra,MODIS,59,6.2,315.5,35.8,D,0
-17.6352,133.0243,364.2,1.4,1.2,2014-10-20,0111,Terra,MODIS,100,6.2,317,124.4,D,0
-18.3053,132.5569,366.7,1.5,1.2,2014-10-20,0111,Terra,MODIS,100,6.2,309.6,155.9,D,0
-18.3077,132.5708,354.8,1.5,1.2,2014-10-20,0111,Terra,MODIS,96,6.2,311,92,D,0
-18.346,132.535,414.1,1.5,1.2,2014-10-20,0111,Terra,MODIS,100,6.2,313.2,597.5,D,0
-18.2731,132.5841,376.2,1.5,1.2,2014-10-20,0111,Terra,MODIS,100,6.2,311.3,212.5,D,0
-18.2802,132.6045,334.7,1.5,1.2,2014-10-20,0111,Terra,MODIS,55,6.2,310.4,26.6,D,0
-18.3399,132.5648,336.8,1.5,1.2,2014-10-20,0111,Terra,MODIS,60,6.2,312,30.6,D,0
-18.3137,132.541,382.5,1.5,1.2,2014-10-20,0111,Terra,MODIS,100,6.2,308.1,263.7,D,0
-18.6868,132.3007,331.9,1.5,1.2,2014-10-20,0111,Terra,MODIS,34,6.2,312.8,17.1,D,0
-18.659,132.3355,337.9,1.5,1.2,2014-10-20,0111,Terra,MODIS,80,6.2,312.7,37.2,D,0
-18.7269,132.2575,359.8,1.5,1.2,2014-10-20,0111,Terra,MODIS,99,6.2,315.5,113.4,D,0
-17.5484,132.9919,340.6,1.4,1.2,2014-10-20,0111,Terra,MODIS,83,6.2,312.3,45.1,D,0
-18.2909,132.6026,350.3,1.5,1.2,2014-10-20,0111,Terra,MODIS,93,6.2,309.7,72.2,D,0
-18.7219,132.2286,333.7,1.5,1.2,2014-10-20,0111,Terra,MODIS,54,6.2,312.5,22.3,D,0
-17.5401,133.0071,348.2,1.4,1.2,2014-10-20,0111,Terra,MODIS,89,6.2,316.6,65.9,D,0
-18.2441,132.6749,359.2,1.5,1.2,2014-10-20,0111,Terra,MODIS,99,6.2,314.2,111,D,0
-18.2455,132.6179,344.1,1.5,1.2,2014-10-20,0111,Terra,MODIS,87,6.2,307.4,53.2,D,0
-18.2479,132.6317,374.1,1.5,1.2,2014-10-20,0111,Terra,MODIS,100,6.2,310.4,194.7,D,0
-18.7244,132.2431,343.9,1.5,1.2,2014-10-20,0111,Terra,MODIS,85,6.2,311.7,48,D,0
-17.5295,133.009,346.3,1.4,1.2,2014-10-20,0111,Terra,MODIS,67,6.2,315.1,56.2,D,0
-18.3376,132.5509,413.5,1.5,1.2,2014-10-20,0111,Terra,MODIS,100,6.2,322.1,579.1,D,0
-18.3353,132.537,454.8,1.5,1.2,2014-10-20,0111,Terra,MODIS,100,6.2,326.5,1359.9,D,0
-18.2993,132.5867,379.7,1.5,1.2,2014-10-20,0111,Terra,MODIS,100,6.2,311.6,227.3,D,0
-17.5131,133.0727,337.8,1.4,1.2,2014-10-20,0111,Terra,MODIS,61,6.2,315.3,29.1,D,0
-17.9444,132.4746,340.3,1.5,1.2,2014-10-20,0111,Terra,MODIS,83,6.2,313.3,41.4,D,0
-18.3268,132.5529,449.8,1.5,1.2,2014-10-20,0111,Terra,MODIS,100,6.2,328.4,1229,D,0
-18.2375,132.5043,350.9,1.5,1.2,2014-10-20,0111,Terra,MODIS,93,6.2,311.8,82.8,D,0
-18.3245,132.539,436.4,1.5,1.2,2014-10-20,0111,Terra,MODIS,100,6.2,318.6,959.3,D,0
-18.3161,132.5549,431.3,1.5,1.2,2014-10-20,0111,Terra,MODIS,100,6.2,322.1,855.2,D,0
-18.2201,132.324,331.7,1.5,1.2,2014-10-20,0111,Terra,MODIS,21,6.2,314.6,13.4,D,0
-18.3531,132.5564,345.6,1.5,1.2,2014-10-20,0111,Terra,MODIS,89,6.2,309.7,62.1,D,0
-18.2334,132.6768,344.8,1.5,1.2,2014-10-20,0111,Terra,MODIS,88,6.2,312.5,51.9,D,0
-18.19,132.7052,338.1,1.5,1.2,2014-10-20,0111,Terra,MODIS,44,6.2,315,28.7,D,0
-18.2351,132.4902,354.2,1.5,1.2,2014-10-20,0111,Terra,MODIS,96,6.2,310.5,96.2,D,0
-18.2267,132.5063,402,1.5,1.2,2014-10-20,0111,Terra,MODIS,100,6.2,318.5,444.1,D,0
-18.2243,132.4922,395.9,1.5,1.2,2014-10-20,0111,Terra,MODIS,100,6.2,317.2,380.6,D,0
-18.2158,132.5083,347.6,1.5,1.2,2014-10-20,0111,Terra,MODIS,90,6.2,312.1,65.4,D,0
-18.2358,132.6906,331.2,1.5,1.2,2014-10-20,0111,Terra,MODIS,33,6.2,312,17.5,D,0
-18.228,132.3145,332.3,1.5,1.2,2014-10-20,0111,Terra,MODIS,54,6.2,314.7,14.7,D,0
-18.2372,132.6337,422.1,1.5,1.2,2014-10-20,0111,Terra,MODIS,100,6.2,320.6,689.6,D,0
-18.2418,132.6611,402.3,1.5,1.2,2014-10-20,0111,Terra,MODIS,100,6.2,320.2,430,D,0
-18.2074,132.5244,340.4,1.5,1.2,2014-10-20,0111,Terra,MODIS,83,6.2,311.4,42.7,D,0
-18.0583,132.5356,341.8,1.5,1.2,2014-10-20,0111,Terra,MODIS,85,6.2,312.1,44,D,0
-18.2395,132.6474,370.3,1.5,1.2,2014-10-20,0111,Terra,MODIS,100,6.2,314.1,168.2,D,0
-18.3484,132.5489,405.9,1.5,1.2,2014-10-20,0111,Terra,MODIS,100,6.2,314.7,485.9,D,0
-17.5149,133.0176,345.6,1.4,1.2,2014-10-20,0111,Terra,MODIS,79,6.2,315,53.9,D,0
-18.7353,132.241,373.2,1.5,1.2,2014-10-20,0111,Terra,MODIS,100,6.2,314.4,193,D,0
-18.7328,132.2266,404.7,1.5,1.2,2014-10-20,0111,Terra,MODIS,100,6.2,317.9,488.8,D,0
-18.2624,132.5861,370.3,1.5,1.2,2014-10-20,0111,Terra,MODIS,100,6.2,309.8,174.5,D,0
-18.2516,132.5882,352.4,1.5,1.2,2014-10-20,0111,Terra,MODIS,94,6.2,307.2,86.4,D,0
-18.2548,132.6729,342.3,1.5,1.2,2014-10-20,0111,Terra,MODIS,85,6.2,312.1,48.8,D,0
-18.2525,132.6592,442.6,1.5,1.2,2014-10-20,0111,Terra,MODIS,100,6.2,321,1052,D,0
-18.2502,132.6454,356.2,1.5,1.2,2014-10-20,0111,Terra,MODIS,97,6.2,310,100.8,D,0
-18.0559,132.5214,332.8,1.5,1.2,2014-10-20,0111,Terra,MODIS,63,6.2,314,17.3,D,0
-18.2204,132.6651,367,1.5,1.2,2014-10-20,0111,Terra,MODIS,100,6.2,314.4,142,D,0
-17.5197,133.0791,328.3,1.4,1.2,2014-10-20,0111,Terra,MODIS,36,6.2,313.4,14.3,D,0
-18.2228,132.6788,348.6,1.5,1.2,2014-10-20,0111,Terra,MODIS,91,6.2,315.2,62.2,D,0
-18.2193,132.5941,330.7,1.5,1.2,2014-10-20,0111,Terra,MODIS,38,6.2,310.2,15.5,D,0
-18.7293,132.2719,342.3,1.5,1.2,2014-10-20,0111,Terra,MODIS,73,6.2,317.5,45.1,D,0
-18.2288,132.6495,341.9,1.5,1.2,2014-10-20,0111,Terra,MODIS,85,6.2,312.8,38.6,D,0
-17.6375,133.0375,376.3,1.4,1.2,2014-10-20,0111,Terra,MODIS,100,6.2,318.8,192.9,D,0
-17.5212,133.0242,335.3,1.4,1.2,2014-10-20,0111,Terra,MODIS,38,6.2,316.2,26.4,D,0
-17.9553,132.4726,330.6,1.5,1.2,2014-10-20,0111,Terra,MODIS,47,6.2,313.7,14.1,D,0
-18.26,132.5722,354.9,1.5,1.2,2014-10-20,0111,Terra,MODIS,96,6.2,305.2,98.2,D,0
-18.205,132.5103,339.9,1.5,1.2,2014-10-20,0111,Terra,MODIS,82,6.2,312.6,38.7,D,0
-18.1966,132.5264,333.3,1.5,1.2,2014-10-20,0111,Terra,MODIS,56,6.2,311.6,21.8,D,0
-18.175,132.5304,336.8,1.5,1.2,2014-10-20,0111,Terra,MODIS,78,6.2,310.6,29.7,D,0
-18.6966,132.2781,332.1,1.5,1.2,2014-10-20,0111,Terra,MODIS,43,6.2,313.2,16.8,D,0
-18.2708,132.5701,372.6,1.5,1.2,2014-10-20,0111,Terra,MODIS,100,6.2,308.1,190.9,D,0
-18.2646,132.5788,380.7,1.5,1.2,2014-10-20,0111,Terra,MODIS,100,6.2,311.7,245.3,D,0
-18.3507,132.5628,345.3,1.5,1.2,2014-10-20,0111,Terra,MODIS,88,6.2,310.1,59.1,D,0
-18.3483,132.5286,343.7,1.5,1.2,2014-10-20,0111,Terra,MODIS,87,6.2,306.2,65,D,0
-18.3507,132.5425,385.6,1.5,1.2,2014-10-20,0111,Terra,MODIS,100,6.2,311.2,287.3,D,0
-16.3291,133.8555,372.5,1.3,1.1,2014-10-20,0111,Terra,MODIS,100,6.2,317.7,155.5,D,0
-16.3209,133.8695,332.3,1.3,1.1,2014-10-20,0111,Terra,MODIS,29,6.2,316.7,16.1,D,0
-16.9505,142.2521,335.9,1.7,1.3,2014-10-20,0111,Terra,MODIS,78,6.2,312.5,39.2,D,0
-16.9486,142.2365,333.4,1.7,1.3,2014-10-20,0111,Terra,MODIS,62,6.2,309.6,31.2,D,0
-16.6109,141.9915,334.8,1.6,1.2,2014-10-20,0111,Terra,MODIS,72,6.2,311.3,32.2,D,0
-16.9619,142.2506,348.3,1.7,1.3,2014-10-20,0111,Terra,MODIS,93,6.2,312.5,86,D,0
-16.9542,142.2833,332.5,1.7,1.3,2014-10-20,0111,Terra,MODIS,59,6.2,311.6,27.3,D,0
-16.9524,142.2677,331.3,1.7,1.3,2014-10-20,0111,Terra,MODIS,56,6.2,313.6,24.4,D,0
-16.7874,142.1293,332.3,1.6,1.3,2014-10-20,0111,Terra,MODIS,61,6.2,314.4,22,D,0
-16.6677,142.6376,339.3,1.8,1.3,2014-10-20,0111,Terra,MODIS,86,6.2,310,53.6,D,0
-16.66,142.672,334.1,1.8,1.3,2014-10-20,0111,Terra,MODIS,67,6.2,311.5,35.4,D,0
-16.658,142.6555,333.6,1.8,1.3,2014-10-20,0111,Terra,MODIS,68,6.2,310.9,32.4,D,0
-16.7855,142.1142,335,1.6,1.3,2014-10-20,0111,Terra,MODIS,75,6.2,313.6,31.2,D,0
-16.71,142.4296,332.3,1.7,1.3,2014-10-20,0111,Terra,MODIS,78,6.2,312.4,23.4,D,0
-16.6472,142.2841,332.8,1.7,1.3,2014-10-20,0111,Terra,MODIS,67,6.2,310.3,20.5,D,0
-16.793,142.0826,348.2,1.6,1.2,2014-10-20,0111,Terra,MODIS,92,6.2,313.8,82.5,D,0
-16.7949,142.0976,337.4,1.6,1.3,2014-10-20,0111,Terra,MODIS,80,6.2,313.4,40.6,D,0
-16.3189,133.8573,334.4,1.3,1.1,2014-10-20,0111,Terra,MODIS,65,6.2,316,19.3,D,0
-17.8331,141.17,350.5,1.4,1.2,2014-10-20,0111,Terra,MODIS,93,6.2,315.9,75.3,D,0
-17.8348,141.1836,344.8,1.4,1.2,2014-10-20,0111,Terra,MODIS,89,6.2,314.5,55.6,D,0
-16.0013,134.1722,332.4,1.3,1.1,2014-10-20,0111,Terra,MODIS,65,6.2,316.2,16.6,D,0
-16.6354,142.0999,338.8,1.6,1.2,2014-10-20,0111,Terra,MODIS,85,6.2,312.6,38.6,D,0
-16.6127,142.0063,346.5,1.6,1.2,2014-10-20,0111,Terra,MODIS,91,6.2,311.6,69.8,D,0
-16.609,141.9826,334.1,1.6,1.2,2014-10-20,0111,Terra,MODIS,53,6.2,311.5,29.3,D,0
-15.9559,126.2101,332.8,4.8,2,2014-10-20,0111,Terra,MODIS,77,6.2,304.5,197.9,D,0
-15.9737,126.2063,325.3,4.8,2,2014-10-20,0111,Terra,MODIS,61,6.2,304,108.3,D,0
-15.9529,126.2028,334.3,4.8,2,2014-10-20,0111,Terra,MODIS,79,6.2,304.3,217.3,D,0
-15.9707,126.199,333.3,4.8,2,2014-10-20,0111,Terra,MODIS,78,6.2,304.1,204.9,D,0
-16.4624,131.2969,340.1,2,1.4,2014-10-20,0111,Terra,MODIS,85,6.2,312.5,65.1,D,0
-16.4656,131.3153,345.8,2,1.4,2014-10-20,0111,Terra,MODIS,90,6.2,312.5,92.8,D,0
-16.4684,131.3087,350.1,2,1.4,2014-10-20,0111,Terra,MODIS,93,6.2,312.2,119.5,D,0
-16.0536,134.2422,334.1,1.3,1.1,2014-10-20,0111,Terra,MODIS,58,6.2,317.4,16.9,D,0
-16.0547,134.248,336.8,1.3,1.1,2014-10-20,0111,Terra,MODIS,72,6.2,317.2,23.4,D,0
-16.5997,141.9987,343.3,1.6,1.2,2014-10-20,0111,Terra,MODIS,89,6.2,310.8,53.8,D,0
-17.2805,132.8493,333.6,1.5,1.2,2014-10-20,0111,Terra,MODIS,49,6.2,316.4,20.7,D,0
-17.2913,132.8474,336.4,1.5,1.2,2014-10-20,0111,Terra,MODIS,70,6.2,314.4,27,D,0
-16.6512,142.3151,336.9,1.7,1.3,2014-10-20,0111,Terra,MODIS,83,6.2,312.4,34.7,D,0
-16.6279,142.1314,352.8,1.6,1.3,2014-10-20,0111,Terra,MODIS,95,6.2,313.4,91.4,D,0
-16.6401,142.1394,346.1,1.6,1.3,2014-10-20,0111,Terra,MODIS,91,6.2,314,69.4,D,0
-16.6299,142.1465,350.1,1.6,1.3,2014-10-20,0111,Terra,MODIS,94,6.2,313.4,81.2,D,0
-16.6373,142.1149,329.6,1.6,1.2,2014-10-20,0111,Terra,MODIS,34,6.2,311.5,12.8,D,0
-16.8981,130.7035,359.1,2.1,1.4,2014-10-20,0111,Terra,MODIS,99,6.2,312.2,197.4,D,0
-16.6411,142.1451,336.1,1.6,1.3,2014-10-20,0111,Terra,MODIS,77,6.2,313.3,31.6,D,0
-16.9611,130.6855,328.4,2.1,1.4,2014-10-20,0111,Terra,MODIS,34,6.2,309.3,26.3,D,0
-16.4521,131.1646,355.2,2,1.4,2014-10-20,0111,Terra,MODIS,97,6.2,312.9,153.2,D,0
-16.4554,131.1833,333.6,2,1.4,2014-10-20,0111,Terra,MODIS,71,6.2,310.3,40.8,D,0
-16.4645,131.1624,339.8,2,1.4,2014-10-20,0111,Terra,MODIS,84,6.2,309.4,69.6,D,0
-16.4539,131.1584,349.3,2,1.4,2014-10-20,0111,Terra,MODIS,93,6.2,312.5,117.3,D,0
-16.4573,131.177,344.6,2,1.4,2014-10-20,0111,Terra,MODIS,89,6.2,310.8,91.9,D,0
-16.4663,131.1561,330.2,2,1.4,2014-10-20,0111,Terra,MODIS,63,6.2,308.8,31.8,D,0
-16.9575,130.6656,369.1,2.1,1.4,2014-10-20,0111,Terra,MODIS,100,6.2,312.4,290.5,D,0
-16.6365,142.1092,333.5,1.6,1.2,2014-10-20,0111,Terra,MODIS,63,6.2,311.6,27.8,D,0
-16.6288,142.1409,344.6,1.6,1.3,2014-10-20,0111,Terra,MODIS,90,6.2,313.7,61,D,0
-16.627,142.1258,341.4,1.6,1.3,2014-10-20,0111,Terra,MODIS,87,6.2,313.1,47.4,D,0
-16.6492,142.2996,333.1,1.7,1.3,2014-10-20,0111,Terra,MODIS,56,6.2,310.9,22.5,D,0
-16.6489,142.3096,333.6,1.7,1.3,2014-10-20,0111,Terra,MODIS,71,6.2,312.2,26.2,D,0
-16.6444,141.9871,335,1.6,1.2,2014-10-20,0111,Terra,MODIS,80,6.2,312,35.9,D,0
-16.6592,142.0152,333.5,1.6,1.2,2014-10-20,0111,Terra,MODIS,79,6.2,312,30.9,D,0
-15.9274,133.7849,332.3,1.4,1.2,2014-10-20,0111,Terra,MODIS,71,6.2,314.4,20.3,D,0
-15.9171,133.7866,329.2,1.4,1.2,2014-10-20,0111,Terra,MODIS,62,6.2,314.2,13.9,D,0
-16.7138,142.3649,334.2,1.7,1.3,2014-10-20,0111,Terra,MODIS,80,6.2,313.4,26.6,D,0
-16.6548,142.2617,329.5,1.7,1.3,2014-10-20,0111,Terra,MODIS,47,6.2,311.7,15.1,D,0
-16.9772,142.5738,331.1,1.8,1.3,2014-10-20,0111,Terra,MODIS,40,6.2,312.7,23.7,D,0
-16.7119,142.3492,349.9,1.7,1.3,2014-10-20,0111,Terra,MODIS,94,6.2,313.8,87.1,D,0
-15.981,133.7885,338.3,1.3,1.2,2014-10-20,0111,Terra,MODIS,74,6.2,316.6,30.2,D,0
-16.687,142.3364,340.1,1.7,1.3,2014-10-20,0111,Terra,MODIS,86,6.2,312.9,49.9,D,0
-16.6147,142.0269,348.4,1.6,1.2,2014-10-20,0111,Terra,MODIS,93,6.2,312.5,75,D,0
-16.9372,142.238,331.8,1.7,1.3,2014-10-20,0111,Terra,MODIS,52,6.2,311,26.1,D,0
-15.9771,133.7832,337.9,1.3,1.2,2014-10-20,0111,Terra,MODIS,67,6.2,314.5,25.7,D,0
-16.3311,133.8678,333.7,1.3,1.1,2014-10-20,0111,Terra,MODIS,33,6.2,316.7,19.3,D,0
-16.6335,142.0849,333.3,1.6,1.2,2014-10-20,0111,Terra,MODIS,71,6.2,312.2,20.7,D,0
-16.6347,142.0942,337,1.6,1.2,2014-10-20,0111,Terra,MODIS,77,6.2,312.7,37.1,D,0
-16.6459,142.0927,331.6,1.6,1.2,2014-10-20,0111,Terra,MODIS,51,6.2,309.9,24.3,D,0
-16.6145,142.0211,352,1.6,1.2,2014-10-20,0111,Terra,MODIS,95,6.2,312.9,92.1,D,0
-16.7911,142.0675,346.6,1.6,1.2,2014-10-20,0111,Terra,MODIS,91,6.2,310.4,77.6,D,0
-15.9811,133.7437,330.4,1.4,1.2,2014-10-20,0111,Terra,MODIS,47,6.2,313.5,14.4,D,0
-15.9792,133.7957,345.6,1.3,1.1,2014-10-20,0111,Terra,MODIS,89,6.2,316.6,45.6,D,0
-15.9725,133.8666,373.5,1.3,1.1,2014-10-20,0111,Terra,MODIS,100,6.2,317.2,164.1,D,0
-15.9812,133.8082,334.8,1.3,1.1,2014-10-20,0111,Terra,MODIS,75,6.2,317.2,15.2,D,0
-16.1252,133.8656,350.6,1.3,1.1,2014-10-20,0111,Terra,MODIS,93,6.2,318.6,64.2,D,0
-16.1232,133.8533,337,1.3,1.1,2014-10-20,0111,Terra,MODIS,65,6.2,314.6,25.9,D,0
-16.6109,141.9973,333.1,1.6,1.2,2014-10-20,0111,Terra,MODIS,41,6.2,311.2,24.9,D,0
-16.1314,133.8392,343,1.3,1.1,2014-10-20,0111,Terra,MODIS,85,6.2,317.9,41.4,D,0
-16.6035,142.0283,335.1,1.6,1.2,2014-10-20,0111,Terra,MODIS,78,6.2,310.8,27.4,D,0
-16.8994,142.2022,332.4,1.6,1.3,2014-10-20,0111,Terra,MODIS,57,6.2,312.1,28.7,D,0
-16.6128,142.0121,359.2,1.6,1.2,2014-10-20,0111,Terra,MODIS,99,6.2,312.5,126.7,D,0
-16.6016,142.0135,341.7,1.6,1.2,2014-10-20,0111,Terra,MODIS,87,6.2,311.4,49.2,D,0
-15.9705,133.8543,357.9,1.3,1.1,2014-10-20,0111,Terra,MODIS,98,6.2,314.4,90.7,D,0
-15.9728,133.8028,347.1,1.3,1.1,2014-10-20,0111,Terra,MODIS,90,6.2,315.1,53.8,D,0
-15.9831,133.801,333.4,1.3,1.1,2014-10-20,0111,Terra,MODIS,19,6.2,317.5,16.9,D,0
-17.8924,138.5631,328.6,1.1,1,2014-10-20,0111,Terra,MODIS,52,6.2,308.8,12.3,D,0
-16.5349,142.0287,370.7,1.6,1.2,2014-10-20,0111,Terra,MODIS,100,6.2,312.2,197.8,D,0
-17.8087,144.5712,327.9,2.6,1.5,2014-10-20,0111,Terra,MODIS,17,6.2,307.6,46.8,D,0
-16.5458,142.0208,348.9,1.6,1.2,2014-10-20,0111,Terra,MODIS,93,6.2,312.9,82.2,D,0
-16.5261,141.8604,338.1,1.5,1.2,2014-10-20,0111,Terra,MODIS,70,6.2,309.5,44.5,D,0
-16.5318,141.8159,346,1.5,1.2,2014-10-20,0111,Terra,MODIS,91,6.2,308.8,74.6,D,0
-16.5476,142.0356,330.5,1.6,1.2,2014-10-20,0111,Terra,MODIS,51,6.2,313.8,20.5,D,0
-17.8029,144.5774,326.2,2.6,1.5,2014-10-20,0111,Terra,MODIS,58,6.2,307.5,41.6,D,0
-16.5774,142.0017,339.4,1.6,1.2,2014-10-20,0111,Terra,MODIS,85,6.2,313.1,42.1,D,0
-16.5364,142.037,347,1.6,1.2,2014-10-20,0111,Terra,MODIS,92,6.2,310.5,73.5,D,0
-17.8168,144.576,327.5,2.6,1.5,2014-10-20,0111,Terra,MODIS,49,6.2,306.3,47.8,D,0
-16.5658,142.1855,345.8,1.6,1.3,2014-10-20,0111,Terra,MODIS,91,6.2,313.2,68.1,D,0
-16.5482,141.8575,332.4,1.5,1.2,2014-10-20,0111,Terra,MODIS,45,6.2,308.2,29.1,D,0
-16.5443,141.9168,331.7,1.6,1.2,2014-10-20,0111,Terra,MODIS,20,6.2,313.3,26.1,D,0
-16.5217,141.9262,338.9,1.6,1.2,2014-10-20,0111,Terra,MODIS,57,6.2,311.3,44,D,0
-16.4996,141.9291,339,1.6,1.2,2014-10-20,0111,Terra,MODIS,79,6.2,309.9,47.4,D,0
-16.5336,141.8302,336.7,1.5,1.2,2014-10-20,0111,Terra,MODIS,82,6.2,309.5,44.6,D,0
-16.5622,142.1552,334,1.6,1.3,2014-10-20,0111,Terra,MODIS,74,6.2,312.9,26.5,D,0
-16.5719,141.9576,348.6,1.6,1.2,2014-10-20,0111,Terra,MODIS,93,6.2,312.2,79.2,D,0
-16.5014,142.0331,331,1.6,1.2,2014-10-20,0111,Terra,MODIS,28,6.2,313,19.8,D,0
-16.5368,142.0435,331.6,1.6,1.2,2014-10-20,0111,Terra,MODIS,51,6.2,310.4,22.6,D,0
-16.564,142.1704,346.4,1.6,1.3,2014-10-20,0111,Terra,MODIS,91,6.2,313.3,69.9,D,0
-17.829,144.4978,324,2.5,1.5,2014-10-20,0111,Terra,MODIS,37,6.2,304.5,31.2,D,0
-17.8253,144.5267,332.9,2.5,1.5,2014-10-20,0111,Terra,MODIS,66,6.2,306.1,69.9,D,0
-16.5128,141.9357,341.9,1.6,1.2,2014-10-20,0111,Terra,MODIS,85,6.2,311.4,52,D,0
-16.5738,141.9723,337.2,1.6,1.2,2014-10-20,0111,Terra,MODIS,69,6.2,312.7,39.2,D,0
-16.5125,141.9422,342.7,1.6,1.2,2014-10-20,0111,Terra,MODIS,88,6.2,311.6,56.4,D,0
-17.8315,144.5209,332.6,2.5,1.5,2014-10-20,0111,Terra,MODIS,79,6.2,304.6,73.2,D,0
-16.5107,141.9277,343.7,1.6,1.2,2014-10-20,0111,Terra,MODIS,89,6.2,310.4,62.6,D,0
-16.5942,142.0446,336.7,1.6,1.2,2014-10-20,0111,Terra,MODIS,83,6.2,312.9,31.3,D,0
-16.4903,141.9451,384,1.6,1.2,2014-10-20,0111,Terra,MODIS,100,6.2,317.2,291.3,D,0
-16.5014,141.9437,359.3,1.6,1.2,2014-10-20,0111,Terra,MODIS,99,6.2,314.3,127.4,D,0
-16.533,142.014,345.4,1.6,1.2,2014-10-20,0111,Terra,MODIS,90,6.2,308.6,68.1,D,0
-16.5208,141.8174,326.3,1.5,1.2,2014-10-20,0111,Terra,MODIS,63,6.2,306.3,20.6,D,0
-16.583,141.9562,339.1,1.6,1.2,2014-10-20,0111,Terra,MODIS,74,6.2,310,48.1,D,0
-15.9745,133.8788,334.1,1.3,1.1,2014-10-20,0111,Terra,MODIS,44,6.2,315.5,20.8,D,0
-16.5226,141.8317,339.8,1.5,1.2,2014-10-20,0111,Terra,MODIS,85,6.2,308.3,55.1,D,0
-16.5332,141.9182,340.4,1.6,1.2,2014-10-20,0111,Terra,MODIS,59,6.2,313.2,46.4,D,0
-16.4885,141.9306,375.5,1.6,1.2,2014-10-20,0111,Terra,MODIS,100,6.2,312.1,226.9,D,0
-16.5346,142.0222,371.9,1.6,1.2,2014-10-20,0111,Terra,MODIS,100,6.2,311.9,205,D,0
-18.7413,132.2101,341,1.5,1.2,2014-10-20,0111,Terra,MODIS,84,6.2,307.9,48.2,D,0
-16.5524,127.4564,324.3,3.8,1.8,2014-10-20,0111,Terra,MODIS,43,6.2,306.3,56.2,D,0
-18.4059,130.2937,331.7,2.1,1.4,2014-10-20,0111,Terra,MODIS,31,6.2,314,30.1,D,0
-18.4021,130.2738,337.5,2.1,1.4,2014-10-20,0111,Terra,MODIS,71,6.2,312,58.1,D,0
-18.4034,130.2804,340,2.1,1.4,2014-10-20,0111,Terra,MODIS,81,6.2,312.9,75.5,D,0
-17.5279,128.5334,325.5,3,1.7,2014-10-20,0111,Terra,MODIS,29,6.2,309.4,35.7,D,0
-17.5268,128.5265,327.9,3,1.7,2014-10-20,0111,Terra,MODIS,49,6.2,309.8,49.1,D,0
-18.1528,130.2805,330.7,2.2,1.4,2014-10-20,0111,Terra,MODIS,44,6.2,311.2,30.9,D,0
-18.1247,130.271,333.3,2.2,1.4,2014-10-20,0111,Terra,MODIS,54,6.2,313.7,40.7,D,0
-14.2735,127.2657,331.7,4.4,1.9,2014-10-20,0111,Terra,MODIS,79,6.2,296.5,171,D,0
-16.6399,129.5947,328,2.6,1.6,2014-10-20,0111,Terra,MODIS,54,6.2,307.9,28.2,D,0
-16.6356,129.6026,328.8,2.6,1.6,2014-10-20,0111,Terra,MODIS,68,6.2,307.4,31.8,D,0
-14.275,127.26,330.5,4.4,1.9,2014-10-20,0111,Terra,MODIS,78,6.2,296.4,156.6,D,0
-17.5226,128.5053,330.5,3,1.7,2014-10-20,0111,Terra,MODIS,65,6.2,311.2,61.7,D,0
-18.1503,130.2659,333.6,2.2,1.4,2014-10-20,0111,Terra,MODIS,26,6.2,311.1,40.1,D,0
-16.5787,127.0962,329.2,4,1.9,2014-10-20,0111,Terra,MODIS,70,6.2,306.6,96.2,D,0
-14.2659,127.2255,320.4,4.4,1.9,2014-10-20,0111,Terra,MODIS,30,6.2,297.2,58.1,D,0
-16.6205,127.5069,327,3.8,1.8,2014-10-20,0111,Terra,MODIS,38,6.2,307,63,D,0
-18.1284,130.2912,330.8,2.2,1.4,2014-10-20,0111,Terra,MODIS,27,6.2,311.4,31.5,D,0
-17.0141,130.6133,329,2.2,1.4,2014-10-20,0111,Terra,MODIS,50,6.2,309.7,28.5,D,0
-17.0176,130.6332,331.8,2.2,1.4,2014-10-20,0111,Terra,MODIS,69,6.2,310.5,41.2,D,0
-16.9943,130.6514,328,2.1,1.4,2014-10-20,0111,Terra,MODIS,39,6.2,310.1,27.5,D,0
-17.0161,130.6266,335.6,2.2,1.4,2014-10-20,0111,Terra,MODIS,78,6.2,310.6,57.8,D,0
-16.8362,130.5067,334,2.2,1.4,2014-10-20,0111,Terra,MODIS,77,6.2,312,55.3,D,0
-16.5202,126.9172,351.8,4.2,1.9,2014-10-20,0111,Terra,MODIS,95,6.2,307.5,397.2,D,0
-16.5178,126.9249,349.2,4.2,1.9,2014-10-20,0111,Terra,MODIS,93,6.2,307.4,354.7,D,0
-16.5104,126.8867,325.6,4.2,1.9,2014-10-20,0111,Terra,MODIS,49,6.2,303.6,65,D,0
-16.5315,127.3497,327.5,3.9,1.8,2014-10-20,0111,Terra,MODIS,64,6.2,306,76.1,D,0
-16.5244,127.3136,323.3,3.9,1.8,2014-10-20,0111,Terra,MODIS,39,6.2,305.2,41.2,D,0
-16.5151,127.3528,352.3,3.9,1.8,2014-10-20,0111,Terra,MODIS,95,6.2,306.4,377.2,D,0
-18.7714,132.2423,337,1.5,1.2,2014-10-20,0111,Terra,MODIS,46,6.2,312.2,31.6,D,0
-18.7613,132.1846,359.2,1.5,1.2,2014-10-20,0111,Terra,MODIS,99,6.2,307.9,124.9,D,0
-18.7588,132.1701,396.6,1.5,1.2,2014-10-20,0111,Terra,MODIS,100,6.2,311.1,410.8,D,0
-16.5746,127.1028,332.5,4,1.9,2014-10-20,0111,Terra,MODIS,76,6.2,306.1,127.9,D,0
-18.763,132.2587,338,1.5,1.2,2014-10-20,0111,Terra,MODIS,55,6.2,313.4,35,D,0
-18.7605,132.2443,346.1,1.5,1.2,2014-10-20,0111,Terra,MODIS,90,6.2,315.6,59.4,D,0
-18.758,132.23,357.1,1.5,1.2,2014-10-20,0111,Terra,MODIS,98,6.2,315.1,102.8,D,0
-18.7554,132.2156,350.3,1.5,1.2,2014-10-20,0111,Terra,MODIS,93,6.2,310.1,75.7,D,0
-18.7705,132.2492,341.2,1.5,1.2,2014-10-20,0111,Terra,MODIS,64,6.2,312.3,41.8,D,0
-18.7583,132.1769,400.4,1.5,1.2,2014-10-20,0111,Terra,MODIS,100,6.2,312.4,453.6,D,0
-18.7559,132.1624,356.9,1.6,1.2,2014-10-20,0111,Terra,MODIS,98,6.2,306.7,118.6,D,0
-18.7596,132.2513,351.1,1.5,1.2,2014-10-20,0111,Terra,MODIS,94,6.2,316.1,75.7,D,0
-16.5081,127.3173,337.6,3.9,1.8,2014-10-20,0111,Terra,MODIS,83,6.2,303.2,177.4,D,0
-16.5094,127.3596,330,3.9,1.8,2014-10-20,0111,Terra,MODIS,73,6.2,305.2,108,D,0
-18.7572,132.2369,346,1.5,1.2,2014-10-20,0111,Terra,MODIS,78,6.2,314.6,55.7,D,0
-18.7547,132.2225,379.2,1.5,1.2,2014-10-20,0111,Terra,MODIS,100,6.2,314.3,239.6,D,0
-18.7474,132.179,326.6,1.5,1.2,2014-10-20,0111,Terra,MODIS,41,6.2,307.4,16.2,D,0
-18.7462,132.2389,370.5,1.5,1.2,2014-10-20,0111,Terra,MODIS,100,6.2,316.3,176.2,D,0
-17.6012,128.3569,326.4,3.1,1.7,2014-10-20,0111,Terra,MODIS,60,6.2,309.2,46.8,D,0
-18.7438,132.2245,450.9,1.5,1.2,2014-10-20,0111,Terra,MODIS,100,6.2,327.9,1316.2,D,0
-17.4692,128.5466,328.3,3,1.7,2014-10-20,0111,Terra,MODIS,66,6.2,310.5,44.4,D,0
-17.6031,128.3625,324.3,3.1,1.7,2014-10-20,0111,Terra,MODIS,40,6.2,309.1,32.7,D,0
-17.097,130.5638,327.2,2.2,1.4,2014-10-20,0111,Terra,MODIS,39,6.2,308.5,26.3,D,0
-17.0842,130.5662,327.1,2.2,1.4,2014-10-20,0111,Terra,MODIS,12,6.2,307.8,22.5,D,0
-17.0752,130.5887,350.2,2.2,1.4,2014-10-20,0111,Terra,MODIS,93,6.2,310.1,135.2,D,0
-17.0715,130.5686,359.2,2.2,1.4,2014-10-20,0111,Terra,MODIS,99,6.2,310.1,200.5,D,0
-16.6661,127.5684,326.1,3.7,1.8,2014-10-20,0111,Terra,MODIS,48,6.2,307.2,56,D,0
-17.0763,130.5945,340.3,2.2,1.4,2014-10-20,0111,Terra,MODIS,84,6.2,309.7,77.5,D,0
-17.0727,130.5743,372.5,2.2,1.4,2014-10-20,0111,Terra,MODIS,100,6.2,310.6,328.4,D,0
-17.0635,130.5969,364.2,2.2,1.4,2014-10-20,0111,Terra,MODIS,100,6.2,311,245.9,D,0
-17.0599,130.5769,369.3,2.2,1.4,2014-10-20,0111,Terra,MODIS,100,6.2,311.3,294.8,D,0
-17.0508,130.5993,335.2,2.2,1.4,2014-10-20,0111,Terra,MODIS,78,6.2,308.9,55.1,D,0
-17.0472,130.5794,332.8,2.2,1.4,2014-10-20,0111,Terra,MODIS,74,6.2,309.7,42.8,D,0
-15.7064,127.8336,327.3,3.7,1.8,2014-10-20,0111,Terra,MODIS,68,6.2,300.8,84.2,D,0
-15.7129,127.8251,324,3.7,1.8,2014-10-20,0111,Terra,MODIS,57,6.2,301.1,60.2,D,0
-15.6903,127.8368,326.9,3.7,1.8,2014-10-20,0111,Terra,MODIS,67,6.2,301.9,82.2,D,0
-17.2838,130.4311,327,2.2,1.4,2014-10-20,0111,Terra,MODIS,22,6.2,309.1,26,D,0
-18.8096,132.0698,337.4,1.6,1.2,2014-10-20,0112,Terra,MODIS,80,6.2,308,43.4,D,0
-18.7909,132.0275,363.8,1.6,1.2,2014-10-20,0112,Terra,MODIS,100,6.2,309.7,158.3,D,0
-18.8292,132.0509,328.3,1.6,1.2,2014-10-20,0112,Terra,MODIS,58,6.2,308.4,20.7,D,0
-18.8011,132.0867,351.6,1.6,1.2,2014-10-20,0112,Terra,MODIS,94,6.2,310.5,97.4,D,0
-18.8317,132.0597,328.5,1.6,1.2,2014-10-20,0112,Terra,MODIS,61,6.2,307.9,22.3,D,0
-18.835,132.0132,334.6,1.6,1.2,2014-10-20,0112,Terra,MODIS,76,6.2,306.7,38.8,D,0
-18.8376,132.028,330.9,1.6,1.2,2014-10-20,0112,Terra,MODIS,68,6.2,308.2,28.2,D,0
-18.7901,132.0888,333.2,1.6,1.2,2014-10-20,0112,Terra,MODIS,73,6.2,308.1,33,D,0
-18.8597,132.0239,333.3,1.6,1.2,2014-10-20,0112,Terra,MODIS,67,6.2,309.7,32.1,D,0
-18.7798,132.0295,355.5,1.6,1.2,2014-10-20,0112,Terra,MODIS,97,6.2,309.1,114.7,D,0
-21.3225,131.4462,332.9,1.6,1.2,2014-10-20,0112,Terra,MODIS,69,6.2,319,22.8,D,0
-18.8955,132.0324,331.7,1.6,1.2,2014-10-20,0112,Terra,MODIS,64,6.2,310.9,29,D,0
-18.779,132.0909,343.1,1.6,1.2,2014-10-20,0112,Terra,MODIS,87,6.2,308.9,64,D,0
-18.8623,132.0387,331.9,1.6,1.2,2014-10-20,0112,Terra,MODIS,57,6.2,310.6,27.8,D,0
-18.8844,132.0345,335.3,1.6,1.2,2014-10-20,0112,Terra,MODIS,77,6.2,312,38.4,D,0
-18.9063,132.0236,332.1,1.6,1.2,2014-10-20,0112,Terra,MODIS,71,6.2,307.9,33.7,D,0
-18.9066,132.0303,340.4,1.6,1.2,2014-10-20,0112,Terra,MODIS,84,6.2,309.4,56.6,D,0
-18.7773,132.0146,344.5,1.6,1.2,2014-10-20,0112,Terra,MODIS,88,6.2,309.3,68.7,D,0
-18.9089,132.0383,327.8,1.6,1.2,2014-10-20,0112,Terra,MODIS,56,6.2,309.6,21.8,D,0
-18.7884,132.0125,348.5,1.6,1.2,2014-10-20,0112,Terra,MODIS,92,6.2,308.3,84.9,D,0
-20.6881,143.2402,328.5,2.2,1.4,2014-10-20,0112,Terra,MODIS,66,6.2,313.2,31.8,D,0
-19.8869,128.6695,326.7,2.6,1.6,2014-10-20,0112,Terra,MODIS,59,6.2,312,37.9,D,0
-19.8913,128.6625,333.7,2.6,1.6,2014-10-20,0112,Terra,MODIS,76,6.2,312.9,75.6,D,0
-19.9052,128.6595,338.9,2.6,1.6,2014-10-20,0112,Terra,MODIS,83,6.2,312.1,108,D,0
-20.6907,143.2466,333.8,2.2,1.4,2014-10-20,0112,Terra,MODIS,77,6.2,313.1,51.2,D,0
-20.6903,143.2615,326.4,2.2,1.4,2014-10-20,0112,Terra,MODIS,59,6.2,313,24.3,D,0
-19.635,128.39,326.8,2.8,1.6,2014-10-20,0112,Terra,MODIS,55,6.2,312.6,36,D,0
-19.6373,128.3838,328.2,2.8,1.6,2014-10-20,0112,Terra,MODIS,49,6.2,313.7,41.2,D,0
-21.8255,131.4211,338.7,1.5,1.2,2014-10-20,0112,Terra,MODIS,81,6.2,318.3,38.6,D,0
-21.8145,131.4232,333.4,1.5,1.2,2014-10-20,0112,Terra,MODIS,72,6.2,319.7,24.7,D,0
-19.975,127.9165,329.5,3,1.6,2014-10-20,0112,Terra,MODIS,50,6.2,309.9,55.3,D,0
-17.7743,126.1232,331.5,4.5,1.9,2014-10-20,0112,Terra,MODIS,74,6.2,306.3,141.7,D,0
-17.7742,126.1159,330.6,4.5,1.9,2014-10-20,0112,Terra,MODIS,60,6.2,306.4,131.9,D,0
-18.7992,132.2074,351.8,1.5,1.2,2014-10-20,0112,Terra,MODIS,94,6.2,317,88.2,D,0
-19.9167,127.935,333.8,3,1.6,2014-10-20,0112,Terra,MODIS,73,6.2,312.9,76.5,D,0
-18.4821,130.2787,332.1,2.1,1.4,2014-10-20,0112,Terra,MODIS,73,6.2,312.2,42.3,D,0
-18.7883,132.2095,334,1.5,1.2,2014-10-20,0112,Terra,MODIS,17,6.2,310.9,26,D,0
-19.9604,127.9198,358.4,3,1.6,2014-10-20,0112,Terra,MODIS,99,6.2,312.5,312.3,D,0
-18.8101,132.2053,399.4,1.5,1.2,2014-10-20,0112,Terra,MODIS,100,6.2,321.1,434.4,D,0
-18.8077,132.1909,404.2,1.5,1.2,2014-10-20,0112,Terra,MODIS,100,6.2,316.3,495.4,D,0
-18.4784,130.2588,341.4,2.1,1.4,2014-10-20,0112,Terra,MODIS,86,6.2,311.6,82.9,D,0
-18.8017,132.2218,347.7,1.5,1.2,2014-10-20,0112,Terra,MODIS,91,6.2,315.1,68.6,D,0
-18.8121,132.0846,367.8,1.6,1.2,2014-10-20,0112,Terra,MODIS,100,6.2,311.6,180.2,D,0
-19.9742,127.9094,328.2,3,1.6,2014-10-20,0112,Terra,MODIS,53,6.2,310.1,49.8,D,0
-19.0672,129.1792,326.5,2.5,1.5,2014-10-20,0112,Terra,MODIS,49,6.2,311.9,29.4,D,0
-17.7047,126.0496,328.1,4.5,2,2014-10-20,0112,Terra,MODIS,69,6.2,306.1,114.1,D,0
-17.7051,126.0553,328,4.5,2,2014-10-20,0112,Terra,MODIS,69,6.2,306.3,114.7,D,0
-24.286,125.9361,333.8,3.3,1.7,2014-10-20,0113,Terra,MODIS,77,6.2,310.3,95,D,0
-22.0093,127.5386,372.9,2.9,1.6,2014-10-20,0113,Terra,MODIS,100,6.2,313.2,504.8,D,0
-22.0712,127.461,333.4,2.9,1.6,2014-10-20,0113,Terra,MODIS,61,6.2,311.2,75,D,0
-22.0857,127.4578,332.4,2.9,1.6,2014-10-20,0113,Terra,MODIS,55,6.2,311.1,67.7,D,0
-23.7425,132.0644,368.8,1.3,1.1,2014-10-20,0113,Terra,MODIS,100,6.2,320.6,135.8,D,0
-22.0038,127.5114,356,2.9,1.6,2014-10-20,0113,Terra,MODIS,97,6.2,312.4,270.4,D,0
-21.9949,127.542,339.1,2.9,1.6,2014-10-20,0113,Terra,MODIS,83,6.2,312.9,112.9,D,0
-22.1581,127.4341,331,2.9,1.6,2014-10-20,0113,Terra,MODIS,71,6.2,311.6,66.9,D,0
-22.0657,127.4336,336.2,2.9,1.6,2014-10-20,0113,Terra,MODIS,80,6.2,314.2,88.4,D,0
-22.2069,127.4516,327.6,2.9,1.6,2014-10-20,0113,Terra,MODIS,62,6.2,309.3,53.1,D,0
-22.2078,127.4453,328.8,2.9,1.6,2014-10-20,0113,Terra,MODIS,66,6.2,309.4,58.9,D,0
-22.1001,127.4544,331.5,2.9,1.6,2014-10-20,0113,Terra,MODIS,46,6.2,311.2,61.5,D,0
-24.2812,125.9314,332.2,3.3,1.7,2014-10-20,0113,Terra,MODIS,74,6.2,310.5,80.1,D,0
-21.9894,127.5147,343.6,2.9,1.6,2014-10-20,0113,Terra,MODIS,88,6.2,313.9,145.4,D,0
-22.5957,124.9533,332.2,4.2,1.9,2014-10-20,0113,Terra,MODIS,75,6.2,309.5,127.5,D,0
-22.5788,124.9575,331,4.2,1.9,2014-10-20,0113,Terra,MODIS,73,6.2,308.9,111.5,D,0
-22.5876,124.998,325,4.2,1.9,2014-10-20,0113,Terra,MODIS,45,6.2,307.3,51.9,D,0
-22.6045,124.9939,327.3,4.2,1.9,2014-10-20,0113,Terra,MODIS,64,6.2,308.9,74.1,D,0
-22.581,124.9512,334,4.2,1.9,2014-10-20,0113,Terra,MODIS,78,6.2,309.3,143.7,D,0
-22.5901,124.9917,329.3,4.2,1.9,2014-10-20,0113,Terra,MODIS,67,6.2,307.8,90.9,D,0
-16.6643,122.924,324.1,4.2,1.9,2014-10-20,0249,Terra,MODIS,47,6.2,304.9,77.4,D,0
-20.7737,122.3268,334.1,4.3,1.9,2014-10-20,0250,Terra,MODIS,61,6.2,315.9,134,D,0
-20.6992,120.2262,345,3,1.6,2014-10-20,0250,Terra,MODIS,88,6.2,313.7,154.4,D,0
-20.7443,122.4197,332.7,4.3,1.9,2014-10-20,0250,Terra,MODIS,67,6.2,311.4,123.3,D,0
-20.7408,122.3782,376.4,4.3,1.9,2014-10-20,0250,Terra,MODIS,100,6.2,318.9,1005.5,D,0
-20.7389,122.3837,377.2,4.3,1.9,2014-10-20,0250,Terra,MODIS,100,6.2,317.4,1028.9,D,0
-20.7353,122.3425,338,4.3,1.9,2014-10-20,0250,Terra,MODIS,81,6.2,315.9,176.2,D,0
-20.8497,122.196,371,4.2,1.9,2014-10-20,0250,Terra,MODIS,100,6.2,315.9,800.5,D,0
-20.8526,122.1904,362,4.2,1.9,2014-10-20,0250,Terra,MODIS,100,6.2,315.8,576.1,D,0
-20.7526,122.3408,386.3,4.3,1.9,2014-10-20,0250,Terra,MODIS,100,6.2,323.4,1324.7,D,0
-20.7563,122.3822,420,4.3,1.9,2014-10-20,0250,Terra,MODIS,100,6.2,322,3118,D,0
-20.7547,122.3352,394.7,4.3,1.9,2014-10-20,0250,Terra,MODIS,100,6.2,322.7,1674.8,D,0
-20.7582,122.3766,421.6,4.3,1.9,2014-10-20,0250,Terra,MODIS,100,6.2,324,3233.9,D,0
-20.772,122.3335,357.5,4.3,1.9,2014-10-20,0250,Terra,MODIS,98,6.2,315.7,505.4,D,0
-20.7617,122.4181,342.4,4.3,1.9,2014-10-20,0250,Terra,MODIS,86,6.2,308.7,250.3,D,0
-20.9057,122.4403,329.8,4.4,1.9,2014-10-20,0250,Terra,MODIS,61,6.2,310.4,110.4,D,0
-20.907,122.4348,333.1,4.4,1.9,2014-10-20,0250,Terra,MODIS,71,6.2,310.4,145.3,D,0
-20.9501,120.3336,365.5,3.1,1.7,2014-10-20,0250,Terra,MODIS,100,6.2,313.2,425.2,D,0
-20.9472,120.3041,352.8,3,1.7,2014-10-20,0250,Terra,MODIS,95,6.2,314.8,247.2,D,0
-20.9036,122.3929,345.8,4.3,1.9,2014-10-20,0250,Terra,MODIS,89,6.2,312,312.1,D,0
-20.902,122.3984,352.1,4.3,1.9,2014-10-20,0250,Terra,MODIS,94,6.2,311.7,421.5,D,0
-20.6994,120.2315,354.7,3,1.6,2014-10-20,0250,Terra,MODIS,96,6.2,313.6,253.4,D,0
-20.7808,120.2982,334,3,1.7,2014-10-20,0250,Terra,MODIS,70,6.2,313.9,70.2,D,0
-20.782,120.3048,331.4,3,1.7,2014-10-20,0250,Terra,MODIS,50,6.2,313.5,52.6,D,0
-21.613,120.8499,355,3.4,1.7,2014-10-20,0251,Terra,MODIS,97,6.2,311.1,338.1,D,0
-21.6001,120.8246,333.1,3.4,1.7,2014-10-20,0251,Terra,MODIS,56,6.2,311.3,90.7,D,0
-21.5373,120.8312,327.4,3.4,1.7,2014-10-20,0251,Terra,MODIS,47,6.2,310.4,58.4,D,0
-21.6331,121.2624,329,3.7,1.8,2014-10-20,0251,Terra,MODIS,56,6.2,315.1,62.8,D,0
-21.6258,121.2698,327.8,3.7,1.8,2014-10-20,0251,Terra,MODIS,42,6.2,313.8,53.2,D,0
-20.9999,119.9195,348.2,2.9,1.6,2014-10-20,0251,Terra,MODIS,91,6.2,312.2,182.5,D,0
-21.649,120.7742,328.1,3.4,1.7,2014-10-20,0251,Terra,MODIS,41,6.2,312.5,40.9,D,0
-21.6541,120.7791,330.1,3.4,1.7,2014-10-20,0251,Terra,MODIS,48,6.2,312,54.5,D,0
-21.5343,120.7985,338.8,3.4,1.7,2014-10-20,0251,Terra,MODIS,83,6.2,312.6,147.6,D,0
-21.6519,120.8071,330.9,3.4,1.7,2014-10-20,0251,Terra,MODIS,49,6.2,313.9,67.9,D,0
-21.6033,120.8576,344.1,3.4,1.7,2014-10-20,0251,Terra,MODIS,88,6.2,309.3,202.8,D,0
-21.8978,121.4802,328.5,3.8,1.8,2014-10-20,0251,Terra,MODIS,54,6.2,314,65.9,D,0
-21.9038,121.4743,328,3.8,1.8,2014-10-20,0251,Terra,MODIS,51,6.2,313.8,61,D,0
-22.7512,117.5695,327,2,1.4,2014-10-20,0251,Terra,MODIS,59,6.2,316.7,27.2,D,0
-22.2511,121.81,336.8,4.1,1.9,2014-10-20,0251,Terra,MODIS,81,6.2,310.8,177.9,D,0
-22.5533,122.2239,325.4,4.4,1.9,2014-10-20,0251,Terra,MODIS,21,6.2,309.8,59.7,D,0
-22.3184,121.9593,328,4.2,1.9,2014-10-20,0251,Terra,MODIS,59,6.2,306,103.1,D,0
-22.2748,121.8423,344,4.1,1.9,2014-10-20,0251,Terra,MODIS,88,6.2,308.2,271.4,D,0
-22.4893,122.3221,330,4.5,1.9,2014-10-20,0251,Terra,MODIS,49,6.2,305.4,132,D,0
-22.5282,122.3634,354,4.5,2,2014-10-20,0251,Terra,MODIS,96,6.2,307.4,484.5,D,0
-22.4896,122.3168,333.3,4.5,1.9,2014-10-20,0251,Terra,MODIS,70,6.2,306,173.1,D,0
-22.2717,121.8025,352.9,4.1,1.9,2014-10-20,0251,Terra,MODIS,95,6.2,311.6,397.5,D,0
-22.6835,122.2929,336.8,4.5,1.9,2014-10-20,0251,Terra,MODIS,80,6.2,309.8,199.4,D,0
-22.6838,122.2874,336.1,4.5,1.9,2014-10-20,0251,Terra,MODIS,80,6.2,309.7,191.8,D,0
-22.2578,121.8437,328.2,4.1,1.9,2014-10-20,0251,Terra,MODIS,39,6.2,307.2,96.9,D,0
-22.2548,121.8041,337.2,4.1,1.9,2014-10-20,0251,Terra,MODIS,80,6.2,311.2,177.2,D,0
-22.5283,122.3581,343.9,4.5,2,2014-10-20,0251,Terra,MODIS,88,6.2,307.4,300.8,D,0
-22.3329,121.9639,332.7,4.2,1.9,2014-10-20,0251,Terra,MODIS,73,6.2,306.4,142.5,D,0
-22.285,121.8068,333,4.1,1.9,2014-10-20,0251,Terra,MODIS,76,6.2,312.5,120.4,D,0
-22.2714,121.8482,337.9,4.1,1.9,2014-10-20,0251,Terra,MODIS,81,6.2,307.4,194.3,D,0
-23.7025,122.5492,338.4,4.8,2,2014-10-20,0251,Terra,MODIS,84,6.2,312.3,230.7,D,0
-23.7049,122.556,336.2,4.8,2,2014-10-20,0251,Terra,MODIS,82,6.2,312.2,190.2,D,0
-22.5316,122.4023,358.7,4.5,2,2014-10-20,0251,Terra,MODIS,99,6.2,306.3,594.3,D,0
-22.5319,122.4077,357.9,4.5,2,2014-10-20,0251,Terra,MODIS,98,6.2,305.8,571.9,D,0
-22.4858,122.2777,331,4.4,1.9,2014-10-20,0251,Terra,MODIS,52,6.2,307.3,135.8,D,0
-22.268,121.8083,358.3,4.1,1.9,2014-10-20,0251,Terra,MODIS,99,6.2,311.1,502.6,D,0
-21.5227,117.9656,335,2.1,1.4,2014-10-20,0251,Terra,MODIS,44,6.2,313.1,47.7,D,0
-21.5459,117.9431,333.1,2.1,1.4,2014-10-20,0251,Terra,MODIS,44,6.2,313.7,39.8,D,0
-21.5481,117.9632,332.1,2.1,1.4,2014-10-20,0251,Terra,MODIS,30,6.2,314.9,36.7,D,0
-21.5865,117.9523,331.6,2.1,1.4,2014-10-20,0251,Terra,MODIS,36,6.2,316.3,34.8,D,0
-21.6097,117.9295,335.8,2.1,1.4,2014-10-20,0251,Terra,MODIS,39,6.2,313.7,48.5,D,0
-21.6118,117.9492,336.6,2.1,1.4,2014-10-20,0251,Terra,MODIS,38,6.2,316.1,49.5,D,0
-21.6245,117.9482,335.8,2.1,1.4,2014-10-20,0251,Terra,MODIS,72,6.2,316.6,50.4,D,0
-21.4893,118.0179,343.1,2.1,1.4,2014-10-20,0251,Terra,MODIS,87,6.2,313,94.2,D,0
-21.4912,118.0318,328.1,2.1,1.4,2014-10-20,0251,Terra,MODIS,20,6.2,312.2,27.6,D,0
-21.5039,118.0305,348.2,2.1,1.4,2014-10-20,0251,Terra,MODIS,92,6.2,313.6,119.4,D,0
-21.6499,117.9455,344.8,2.1,1.4,2014-10-20,0251,Terra,MODIS,55,6.2,316.9,86.9,D,0
-21.6521,117.9655,354.5,2.1,1.4,2014-10-20,0251,Terra,MODIS,93,6.2,316.6,148.7,D,0
-21.6626,117.9439,341.7,2.1,1.4,2014-10-20,0251,Terra,MODIS,63,6.2,315.5,75.6,D,0
-21.6523,117.959,359.1,2.1,1.4,2014-10-20,0251,Terra,MODIS,99,6.2,317.2,183.7,D,0
-21.6628,117.9373,332.9,2.1,1.4,2014-10-20,0251,Terra,MODIS,16,6.2,314.4,39.1,D,0
-21.6649,117.9573,335.7,2.1,1.4,2014-10-20,0251,Terra,MODIS,34,6.2,316.4,52.1,D,0
-21.487,117.9973,328.1,2.1,1.4,2014-10-20,0251,Terra,MODIS,22,6.2,313.2,29,D,0
-21.489,118.0111,341.9,2.1,1.4,2014-10-20,0251,Terra,MODIS,86,6.2,313.2,88.6,D,0
-21.5018,118.0098,339.1,2.1,1.4,2014-10-20,0251,Terra,MODIS,67,6.2,313.5,70.6,D,0
-41.1405,147.0388,321.5,1.6,1.2,2014-10-20,0351,Aqua,MODIS,81,6.2,287.9,40.5,D,0
-41.4,146.1474,308.7,1.8,1.3,2014-10-20,0351,Aqua,MODIS,64,6.2,288.2,23,D,0
-41.4047,146.1554,327.9,1.8,1.3,2014-10-20,0351,Aqua,MODIS,80,6.2,289.4,65.4,D,0
-41.1519,147.0404,329.6,1.6,1.2,2014-10-20,0351,Aqua,MODIS,86,6.2,287,57.2,D,0
-42.4205,147.2554,304.7,1.6,1.3,2014-10-20,0351,Aqua,MODIS,42,6.2,293.1,7.6,D,0
-41.1516,147.0273,315.5,1.6,1.3,2014-10-20,0351,Aqua,MODIS,73,6.2,288,26.5,D,0
-41.1499,147.0472,326.9,1.6,1.2,2014-10-20,0351,Aqua,MODIS,85,6.2,287.4,49.8,D,0
-41.412,146.1497,309.3,1.8,1.3,2014-10-20,0351,Aqua,MODIS,59,6.2,286.8,23.7,D,0
-41.2221,147.3742,301.9,1.6,1.2,2014-10-20,0351,Aqua,MODIS,49,6.2,290.4,11.5,D,0
-37.9089,145.2291,307.5,1.9,1.3,2014-10-20,0352,Aqua,MODIS,30,6.2,295.5,6.7,D,0
-37.947,146.6885,333,1.5,1.2,2014-10-20,0352,Aqua,MODIS,88,6.2,294.9,56.9,D,0
-37.9453,146.706,315.3,1.5,1.2,2014-10-20,0352,Aqua,MODIS,76,6.2,295.6,19.8,D,0
-38.5328,146.7239,312.3,1.6,1.2,2014-10-20,0352,Aqua,MODIS,54,6.2,287.4,21.4,D,0
-36.8189,144.2114,324.5,2.1,1.4,2014-10-20,0352,Aqua,MODIS,56,6.2,300.5,43.3,D,0
-36.7929,144.2274,320.6,2.1,1.4,2014-10-20,0352,Aqua,MODIS,55,6.2,301.8,30.7,D,0
-36.8077,144.2053,327.7,2.1,1.4,2014-10-20,0352,Aqua,MODIS,45,6.2,299.9,49.4,D,0
-36.8061,144.2098,322,2.1,1.4,2014-10-20,0352,Aqua,MODIS,43,6.2,299.2,34,D,0
-28.0139,151.0756,325.2,1.1,1,2014-10-20,0354,Aqua,MODIS,45,6.2,310.3,10.3,D,0
-27.7293,152.2923,326.8,1.2,1.1,2014-10-20,0354,Aqua,MODIS,64,6.2,310.1,14.7,D,0
-30.7152,152.5367,313.3,1.1,1,2014-10-20,0354,Aqua,MODIS,48,6.2,296.1,9,D,0
-30.717,152.5255,314.6,1.1,1,2014-10-20,0354,Aqua,MODIS,46,6.2,297.2,8.9,D,0
-28.2667,152.3318,323,1.2,1.1,2014-10-20,0354,Aqua,MODIS,57,6.2,304.5,15.8,D,0
-30.4196,151.3681,342.5,1,1,2014-10-20,0354,Aqua,MODIS,91,6.2,308.2,37.5,D,0
-27.7859,151.943,328.2,1.1,1.1,2014-10-20,0354,Aqua,MODIS,67,6.2,312.4,10.4,D,0
-30.3538,151.732,317.5,1.1,1,2014-10-20,0354,Aqua,MODIS,59,6.2,304,6,D,0
-27.7176,152.2415,337.3,1.2,1.1,2014-10-20,0354,Aqua,MODIS,82,6.2,309.7,30.7,D,0
-27.7157,152.2535,324.5,1.2,1.1,2014-10-20,0354,Aqua,MODIS,55,6.2,309.9,9.6,D,0
-30.5018,152.3269,317.3,1.1,1,2014-10-20,0354,Aqua,MODIS,63,6.2,298,12.7,D,0
-30.5035,152.3159,330.7,1.1,1,2014-10-20,0354,Aqua,MODIS,82,6.2,297.5,29.7,D,0
-30.161,151.1865,330.2,1,1,2014-10-20,0354,Aqua,MODIS,81,6.2,309.3,15.1,D,0
-30.1519,151.1847,322.9,1,1,2014-10-20,0354,Aqua,MODIS,72,6.2,309.9,6.1,D,0
-29.9965,152.9215,316.5,1.2,1.1,2014-10-20,0354,Aqua,MODIS,37,6.2,301.2,7.4,D,0
-29.9909,152.8952,320.8,1.2,1.1,2014-10-20,0354,Aqua,MODIS,64,6.2,298.9,14.6,D,0
-29.9985,152.9093,334.1,1.2,1.1,2014-10-20,0354,Aqua,MODIS,85,6.2,301.5,33.5,D,0
-30.0297,152.8418,312.4,1.2,1.1,2014-10-20,0354,Aqua,MODIS,28,6.2,299.3,6.6,D,0
-29.9889,152.9073,366.6,1.2,1.1,2014-10-20,0354,Aqua,MODIS,100,6.2,303.1,123.4,D,0
-30.0006,152.8972,340.8,1.2,1.1,2014-10-20,0354,Aqua,MODIS,90,6.2,300,47,D,0
-25.6061,150.904,331.2,1.1,1,2014-10-20,0355,Aqua,MODIS,71,6.2,314.1,16.2,D,0
-25.3804,148.3418,339.1,1,1,2014-10-20,0355,Aqua,MODIS,85,6.2,313.9,25.7,D,0
-24.8958,151.75,334.3,1.2,1.1,2014-10-20,0355,Aqua,MODIS,80,6.2,311.3,24.3,D,0
-26.1353,151.1787,322.3,1.1,1,2014-10-20,0355,Aqua,MODIS,24,6.2,307.5,9.6,D,0
-26.1259,151.1769,348.7,1.1,1,2014-10-20,0355,Aqua,MODIS,93,6.2,309.4,54.7,D,0
-25.3818,148.3318,351.2,1,1,2014-10-20,0355,Aqua,MODIS,94,6.2,314.2,48.3,D,0
-25.3714,148.3403,333.7,1,1,2014-10-20,0355,Aqua,MODIS,78,6.2,313.2,18.5,D,0
-25.3728,148.3303,345.1,1,1,2014-10-20,0355,Aqua,MODIS,90,6.2,312.4,36.4,D,0
-24.7931,148.3365,322.9,1,1,2014-10-20,0355,Aqua,MODIS,40,6.2,305.2,8,D,0
-27.6766,151.6799,328.8,1.1,1,2014-10-20,0355,Aqua,MODIS,69,6.2,313.2,9.8,D,0
-24.7945,148.3265,323.1,1,1,2014-10-20,0355,Aqua,MODIS,47,6.2,307.7,8.8,D,0
-25.5343,150.84,327.3,1.1,1,2014-10-20,0355,Aqua,MODIS,41,6.2,312.1,10.3,D,0
-24.784,148.3349,331.7,1,1,2014-10-20,0355,Aqua,MODIS,74,6.2,306.2,17.7,D,0
-24.7798,151.7022,368.1,1.2,1.1,2014-10-20,0355,Aqua,MODIS,100,6.2,309.8,128.3,D,0
-24.77,151.7001,342.2,1.2,1.1,2014-10-20,0355,Aqua,MODIS,88,6.2,303.8,48.1,D,0
-26.9016,148.3562,334.3,1,1,2014-10-20,0355,Aqua,MODIS,73,6.2,317.8,10.7,D,0
-26.903,148.346,335.7,1,1,2014-10-20,0355,Aqua,MODIS,75,6.2,317.9,12.8,D,0
-25.9614,150.5867,326.7,1.1,1,2014-10-20,0355,Aqua,MODIS,54,6.2,310.8,10.3,D,0
-24.7817,151.6903,385.7,1.2,1.1,2014-10-20,0355,Aqua,MODIS,100,6.2,312.7,218.5,D,0
-24.7854,148.3249,334.5,1,1,2014-10-20,0355,Aqua,MODIS,80,6.2,308.2,22.5,D,0
-27.0059,152.1398,324.2,1.2,1.1,2014-10-20,0355,Aqua,MODIS,48,6.2,307.5,9.5,D,0
-25.1474,149.6972,328.7,1,1,2014-10-20,0355,Aqua,MODIS,54,6.2,312,9.7,D,0
-24.253,150.9656,328.7,1.1,1.1,2014-10-20,0355,Aqua,MODIS,73,6.2,306.9,19.9,D,0
-24.2548,150.9544,333.7,1.1,1.1,2014-10-20,0355,Aqua,MODIS,80,6.2,305.7,28.1,D,0
-27.4648,153.1327,324.6,1.3,1.1,2014-10-20,0355,Aqua,MODIS,57,6.2,304.4,16.3,D,0
-26.1277,151.1658,328.8,1.1,1,2014-10-20,0355,Aqua,MODIS,72,6.2,306.8,18.9,D,0
-24.7882,148.1734,331,1,1,2014-10-20,0355,Aqua,MODIS,76,6.2,306.8,19.6,D,0
-25.1685,149.6804,330.1,1,1,2014-10-20,0355,Aqua,MODIS,68,6.2,314,12.6,D,0
-27.4671,153.1196,331.7,1.3,1.1,2014-10-20,0355,Aqua,MODIS,75,6.2,304,29.1,D,0
-24.8012,151.6944,333,1.2,1.1,2014-10-20,0355,Aqua,MODIS,63,6.2,307.5,24.1,D,0
-24.7915,151.6924,338,1.2,1.1,2014-10-20,0355,Aqua,MODIS,82,6.2,309.6,35.1,D,0
-25.2082,147.9931,322.9,1,1,2014-10-20,0355,Aqua,MODIS,22,6.2,308.3,6.7,D,0
-24.4263,151.2371,327.9,1.2,1.1,2014-10-20,0355,Aqua,MODIS,72,6.2,308.9,15.5,D,0
-24.4167,151.2353,325.7,1.2,1.1,2014-10-20,0355,Aqua,MODIS,53,6.2,308.1,12.8,D,0
-24.4152,151.2296,321.7,1.2,1.1,2014-10-20,0355,Aqua,MODIS,44,6.2,307.8,10.7,D,0
-24.4684,151.2217,323.8,1.2,1.1,2014-10-20,0355,Aqua,MODIS,45,6.2,308.3,11.1,D,0
-24.975,148.2174,339.1,1,1,2014-10-20,0355,Aqua,MODIS,85,6.2,302.8,34.6,D,0
-24.9764,148.2075,331.4,1,1,2014-10-20,0355,Aqua,MODIS,76,6.2,301.3,24.4,D,0
-24.966,148.2159,321.9,1,1,2014-10-20,0355,Aqua,MODIS,42,6.2,303.7,12.7,D,0
-24.3513,151.1353,329.9,1.1,1.1,2014-10-20,0355,Aqua,MODIS,76,6.2,310.8,18.9,D,0
-24.3531,151.1242,331.4,1.1,1.1,2014-10-20,0355,Aqua,MODIS,78,6.2,310.8,22.1,D,0
-24.8978,151.7382,340.1,1.2,1.1,2014-10-20,0355,Aqua,MODIS,86,6.2,311.4,35.8,D,0
-24.8864,151.7426,324.1,1.2,1.1,2014-10-20,0355,Aqua,MODIS,53,6.2,309.8,7.8,D,0
-24.3681,151.338,341.5,1.2,1.1,2014-10-20,0355,Aqua,MODIS,88,6.2,308.4,42.7,D,0
-24.2649,151.5263,322.1,1.2,1.1,2014-10-20,0355,Aqua,MODIS,62,6.2,306.5,11.8,D,0
-24.772,151.6882,362.3,1.2,1.1,2014-10-20,0355,Aqua,MODIS,100,6.2,303.2,108.8,D,0
-25.1991,147.9915,337,1,1,2014-10-20,0355,Aqua,MODIS,83,6.2,310.5,25.7,D,0
-24.7836,151.6785,357.6,1.2,1.1,2014-10-20,0355,Aqua,MODIS,98,6.2,306.5,89.9,D,0
-24.9673,148.206,325.8,1,1,2014-10-20,0355,Aqua,MODIS,66,6.2,300.8,18.3,D,0
-24.7896,148.1635,325,1,1,2014-10-20,0355,Aqua,MODIS,63,6.2,304.7,12.4,D,0
-25.0978,148.5183,343.9,1,1,2014-10-20,0355,Aqua,MODIS,89,6.2,308.8,36,D,0
-25.0964,148.5282,328.4,1,1,2014-10-20,0355,Aqua,MODIS,71,6.2,308.6,12.2,D,0
-24.2808,151.0574,322.1,1.1,1.1,2014-10-20,0355,Aqua,MODIS,43,6.2,308.1,9,D,0
-24.2713,151.0553,322,1.1,1.1,2014-10-20,0355,Aqua,MODIS,46,6.2,304.7,9.1,D,0
-21.6563,149.0272,330.8,1,1,2014-10-20,0356,Aqua,MODIS,73,6.2,311.2,19.6,D,0
-23.0119,146.5912,341.3,1.1,1,2014-10-20,0356,Aqua,MODIS,86,6.2,314.7,29.8,D,0
-23.0105,146.6015,375,1.1,1,2014-10-20,0356,Aqua,MODIS,100,6.2,321,126.6,D,0
-22.992,146.5986,335.2,1.1,1,2014-10-20,0356,Aqua,MODIS,78,6.2,315.8,19.6,D,0
-23.0012,146.6001,366.3,1.1,1,2014-10-20,0356,Aqua,MODIS,100,6.2,318.8,93.8,D,0
-23.0026,146.5897,337,1.1,1,2014-10-20,0356,Aqua,MODIS,81,6.2,313.8,21.8,D,0
-24.1555,150.6258,328.8,1.1,1,2014-10-20,0356,Aqua,MODIS,30,6.2,308.8,14,D,0
-24.1425,150.6178,326.6,1.1,1,2014-10-20,0356,Aqua,MODIS,57,6.2,310.5,16.4,D,0
-24.1764,147.5519,357.8,1,1,2014-10-20,0356,Aqua,MODIS,98,6.2,311.2,69.9,D,0
-24.1778,147.5418,330.8,1,1,2014-10-20,0356,Aqua,MODIS,73,6.2,309.6,17.3,D,0
-23.5673,148.2325,328.8,1,1,2014-10-20,0356,Aqua,MODIS,61,6.2,313.8,11.1,D,0
-22.8855,148.9388,345,1,1,2014-10-20,0356,Aqua,MODIS,90,6.2,314.7,33.3,D,0
-22.896,148.9306,331.7,1,1,2014-10-20,0356,Aqua,MODIS,39,6.2,314.3,11.5,D,0
-22.8869,148.929,332.5,1,1,2014-10-20,0356,Aqua,MODIS,18,6.2,315.2,12.6,D,0
-22.875,148.9471,339.6,1,1,2014-10-20,0356,Aqua,MODIS,85,6.2,315.1,23.1,D,0
-22.8765,148.9373,334.8,1,1,2014-10-20,0356,Aqua,MODIS,58,6.2,315.6,15.8,D,0
-21.6473,149.0256,343.5,1,1,2014-10-20,0356,Aqua,MODIS,89,6.2,312.8,39.3,D,0
-23.8719,149.4208,325.5,1,1,2014-10-20,0356,Aqua,MODIS,58,6.2,311.1,9.6,D,0
-24.1649,150.6277,327.4,1.1,1,2014-10-20,0356,Aqua,MODIS,41,6.2,307.9,12.7,D,0
-21.0984,147.8117,334.7,1,1,2014-10-20,0356,Aqua,MODIS,53,6.2,311.5,17.9,D,0
-22.8245,149.0997,333.5,1,1,2014-10-20,0356,Aqua,MODIS,77,6.2,313.1,15.1,D,0
-22.826,149.0898,332.1,1,1,2014-10-20,0356,Aqua,MODIS,76,6.2,313.3,13.5,D,0
-22.8125,149.1178,332.9,1,1,2014-10-20,0356,Aqua,MODIS,77,6.2,313.6,15.5,D,0
-22.814,149.1079,327.3,1,1,2014-10-20,0356,Aqua,MODIS,34,6.2,313.4,8.1,D,0
-22.8155,149.0981,338.8,1,1,2014-10-20,0356,Aqua,MODIS,84,6.2,313.2,24,D,0
-22.8003,149.1395,328.4,1,1,2014-10-20,0356,Aqua,MODIS,57,6.2,313.2,10,D,0
-22.7913,149.1378,327.1,1,1,2014-10-20,0356,Aqua,MODIS,34,6.2,313.7,8.1,D,0
-22.7685,149.1034,328.8,1,1,2014-10-20,0356,Aqua,MODIS,64,6.2,315.1,8.2,D,0
-24.1509,146.5849,324.9,1.1,1,2014-10-20,0356,Aqua,MODIS,37,6.2,309.9,9.5,D,0
-24.2315,149.5411,329.9,1,1,2014-10-20,0356,Aqua,MODIS,28,6.2,313.6,11.7,D,0
-24.2194,149.5595,338,1,1,2014-10-20,0356,Aqua,MODIS,64,6.2,312.9,21.9,D,0
-24.2209,149.5495,335,1,1,2014-10-20,0356,Aqua,MODIS,73,6.2,312,18.2,D,0
-24.2224,149.5395,331.8,1,1,2014-10-20,0356,Aqua,MODIS,45,6.2,313.6,14.5,D,0
-24.2088,149.5715,326.3,1,1,2014-10-20,0356,Aqua,MODIS,41,6.2,313.1,10,D,0
-24.2103,149.5614,352.9,1,1,2014-10-20,0356,Aqua,MODIS,95,6.2,315.2,55,D,0
-24.2133,149.5414,325.2,1,1,2014-10-20,0356,Aqua,MODIS,51,6.2,311.5,7.5,D,0
-22.6783,148.464,347.2,1,1,2014-10-20,0356,Aqua,MODIS,91,6.2,315.9,39.1,D,0
-22.6797,148.4543,330.8,1,1,2014-10-20,0356,Aqua,MODIS,55,6.2,314,12.4,D,0
-22.6679,148.4722,332,1,1,2014-10-20,0356,Aqua,MODIS,61,6.2,315.9,12.7,D,0
-22.6693,148.4624,341.5,1,1,2014-10-20,0356,Aqua,MODIS,86,6.2,315.6,28,D,0
-23.6355,150.321,326.6,1.1,1,2014-10-20,0356,Aqua,MODIS,67,6.2,310.5,14.6,D,0
-20.6954,143.2462,337.4,1.5,1.2,2014-10-20,0357,Aqua,MODIS,78,6.2,320.3,29.6,D,0
-20.6845,143.2447,334,1.5,1.2,2014-10-20,0357,Aqua,MODIS,71,6.2,321,19.3,D,0
-18.2505,145.9729,322,1,1,2014-10-20,0357,Aqua,MODIS,15,6.2,305.5,8.2,D,0
-18.2742,145.9369,343.5,1,1,2014-10-20,0357,Aqua,MODIS,77,6.2,301.7,37.7,D,0
-18.261,145.9646,328.9,1,1,2014-10-20,0357,Aqua,MODIS,74,6.2,308,15.9,D,0
-19.6791,143.5226,327,1.4,1.2,2014-10-20,0357,Aqua,MODIS,24,6.2,311.7,14.2,D,0
-18.2859,145.9193,348.8,1,1,2014-10-20,0357,Aqua,MODIS,60,6.2,295.6,53.4,D,0
-18.2846,145.9291,434.1,1,1,2014-10-20,0357,Aqua,MODIS,100,6.2,318.8,546.6,D,0
-18.2755,145.9272,371.6,1,1,2014-10-20,0357,Aqua,MODIS,100,6.2,303.7,114.9,D,0
-17.8321,144.5294,340.9,1.2,1.1,2014-10-20,0357,Aqua,MODIS,66,6.2,311.3,38.4,D,0
-18.2832,145.9388,383.1,1,1,2014-10-20,0357,Aqua,MODIS,100,6.2,300.3,164.3,D,0
-18.2768,145.9174,345.9,1,1,2014-10-20,0357,Aqua,MODIS,63,6.2,298.7,43.7,D,0
-16.5655,141.9191,350.3,1.6,1.3,2014-10-20,0358,Aqua,MODIS,93,6.2,308.6,94.3,D,0
-16.4063,142.0086,389.1,1.6,1.2,2014-10-20,0358,Aqua,MODIS,100,6.2,315.9,344.5,D,0
-16.4823,141.8565,353.1,1.6,1.3,2014-10-20,0358,Aqua,MODIS,95,6.2,305,116.8,D,0
-15.0666,142.565,331.2,1.4,1.2,2014-10-20,0358,Aqua,MODIS,71,6.2,308,23.8,D,0
-16.5852,142.685,339.2,1.4,1.2,2014-10-20,0358,Aqua,MODIS,60,6.2,316.5,28.8,D,0
-16.4904,142.1614,330.2,1.6,1.2,2014-10-20,0358,Aqua,MODIS,48,6.2,313.7,10.5,D,0
-16.5226,141.9904,350.3,1.6,1.2,2014-10-20,0358,Aqua,MODIS,93,6.2,309.1,90.4,D,0
-15.0643,143.5146,329.2,1.2,1.1,2014-10-20,0358,Aqua,MODIS,46,6.2,306.2,18.6,D,0
-15.0735,142.5594,332.4,1.4,1.2,2014-10-20,0358,Aqua,MODIS,67,6.2,308.9,26.3,D,0
-16.5637,141.9343,338.5,1.6,1.3,2014-10-20,0358,Aqua,MODIS,81,6.2,308.1,44.8,D,0
-14.1848,142.2252,327.3,1.4,1.2,2014-10-20,0358,Aqua,MODIS,58,6.2,303.2,27.1,D,0
-16.4898,141.7948,335.1,1.7,1.3,2014-10-20,0358,Aqua,MODIS,58,6.2,305.4,46.7,D,0
-16.4156,142.0249,357.9,1.6,1.2,2014-10-20,0358,Aqua,MODIS,98,6.2,313.3,106.6,D,0
-14.1954,142.2266,340.5,1.4,1.2,2014-10-20,0358,Aqua,MODIS,87,6.2,303.3,56.9,D,0
-15.1625,142.1044,334.6,1.5,1.2,2014-10-20,0358,Aqua,MODIS,54,6.2,316.8,22.7,D,0
-16.5959,142.6864,336,1.4,1.2,2014-10-20,0358,Aqua,MODIS,58,6.2,316.7,21.6,D,0
-16.4212,141.9801,345.3,1.6,1.2,2014-10-20,0358,Aqua,MODIS,81,6.2,312.4,65.8,D,0
-16.5494,142.1448,344.3,1.6,1.2,2014-10-20,0358,Aqua,MODIS,88,6.2,313.7,53.3,D,0
-16.5258,141.8777,330.2,1.6,1.3,2014-10-20,0358,Aqua,MODIS,59,6.2,308,21.3,D,0
-16.4975,141.9205,331.7,1.6,1.3,2014-10-20,0358,Aqua,MODIS,54,6.2,308.1,22.7,D,0
-15.3327,142.8464,332.5,1.4,1.2,2014-10-20,0358,Aqua,MODIS,62,6.2,315.4,14.1,D,0
-15.1311,142.269,331.6,1.5,1.2,2014-10-20,0358,Aqua,MODIS,56,6.2,308.9,24.4,D,0
-15.1183,142.4586,347.4,1.4,1.2,2014-10-20,0358,Aqua,MODIS,91,6.2,309.7,69,D,0
-16.228,135.824,320.4,4.6,2,2014-10-20,0358,Aqua,MODIS,34,6.2,294.3,62.5,D,0
-16.4323,142.3579,345.3,1.5,1.2,2014-10-20,0358,Aqua,MODIS,89,6.2,316.5,50.6,D,0
-16.4156,142.0318,346.6,1.6,1.2,2014-10-20,0358,Aqua,MODIS,83,6.2,313.8,56.1,D,0
-15.1167,142.4719,331.1,1.4,1.2,2014-10-20,0358,Aqua,MODIS,61,6.2,309,24.3,D,0
-16.5538,142.3794,331.1,1.5,1.2,2014-10-20,0358,Aqua,MODIS,63,6.2,314.5,13.8,D,0
-15.122,142.2538,332.9,1.5,1.2,2014-10-20,0358,Aqua,MODIS,54,6.2,310.6,24.7,D,0
-16.3886,142.3521,335.5,1.5,1.2,2014-10-20,0358,Aqua,MODIS,44,6.2,315.7,22.1,D,0
-16.4842,141.8411,343.1,1.6,1.3,2014-10-20,0358,Aqua,MODIS,75,6.2,298.8,72,D,0
-16.3449,142.4108,335.8,1.5,1.2,2014-10-20,0358,Aqua,MODIS,63,6.2,315,24.8,D,0
-16.5415,142.0233,355.7,1.6,1.2,2014-10-20,0358,Aqua,MODIS,97,6.2,312.5,111.1,D,0
-16.3951,142.0071,336.4,1.6,1.2,2014-10-20,0358,Aqua,MODIS,52,6.2,308.2,40.8,D,0
-16.4994,141.9053,356.9,1.6,1.3,2014-10-20,0358,Aqua,MODIS,98,6.2,308.7,118.3,D,0
-15.1028,142.4968,333,1.4,1.2,2014-10-20,0358,Aqua,MODIS,75,6.2,310.3,28.3,D,0
-16.2275,135.8316,318.7,4.6,2,2014-10-20,0358,Aqua,MODIS,35,6.2,294.2,53.5,D,0
-15.1862,142.8907,335.1,1.3,1.1,2014-10-20,0358,Aqua,MODIS,72,6.2,304,28.8,D,0
-16.5807,141.9827,337.7,1.6,1.2,2014-10-20,0358,Aqua,MODIS,80,6.2,311.9,37.3,D,0
-16.5433,142.0083,350.6,1.6,1.2,2014-10-20,0358,Aqua,MODIS,93,6.2,312.7,87.7,D,0
-16.4138,142.0398,337.4,1.6,1.2,2014-10-20,0358,Aqua,MODIS,37,6.2,314.8,23.8,D,0
-15.0889,142.5217,339.1,1.4,1.2,2014-10-20,0358,Aqua,MODIS,83,6.2,308.2,44.2,D,0
-16.4956,141.8426,357.6,1.6,1.3,2014-10-20,0358,Aqua,MODIS,98,6.2,303.8,129.8,D,0
-14.1937,142.2398,376.6,1.4,1.2,2014-10-20,0358,Aqua,MODIS,100,6.2,310.3,215.7,D,0
-16.506,142.0338,330.8,1.6,1.2,2014-10-20,0358,Aqua,MODIS,44,6.2,311.4,20.5,D,0
-16.507,142.0287,330.2,1.6,1.2,2014-10-20,0358,Aqua,MODIS,53,6.2,311.6,19.7,D,0
-15.0527,142.5895,326.2,1.4,1.2,2014-10-20,0358,Aqua,MODIS,51,6.2,306.1,12.2,D,0
-16.5238,141.8826,329.6,1.6,1.3,2014-10-20,0358,Aqua,MODIS,49,6.2,307.7,20.2,D,0
-16.5013,141.89,366.1,1.6,1.3,2014-10-20,0358,Aqua,MODIS,100,6.2,310.4,171.9,D,0
-16.5164,141.8609,333.1,1.6,1.3,2014-10-20,0358,Aqua,MODIS,67,6.2,308.2,28.1,D,0
-16.5145,141.8762,362.7,1.6,1.3,2014-10-20,0358,Aqua,MODIS,100,6.2,309.6,153.2,D,0
-15.0389,142.614,355.2,1.4,1.2,2014-10-20,0358,Aqua,MODIS,97,6.2,308.7,93.2,D,0
-16.5031,141.7808,350.5,1.7,1.3,2014-10-20,0358,Aqua,MODIS,93,6.2,309,98.4,D,0
-16.5875,142.216,334.9,1.6,1.2,2014-10-20,0358,Aqua,MODIS,70,6.2,316.1,19.5,D,0
-15.1368,142.3112,331.1,1.5,1.2,2014-10-20,0358,Aqua,MODIS,70,6.2,309.9,27.2,D,0
-16.5012,141.7963,354.1,1.7,1.3,2014-10-20,0358,Aqua,MODIS,96,6.2,308.6,112.9,D,0
-16.522,141.8979,331.5,1.6,1.3,2014-10-20,0358,Aqua,MODIS,29,6.2,308.1,22,D,0
-16.575,141.9358,335.8,1.6,1.3,2014-10-20,0358,Aqua,MODIS,62,6.2,310,36.5,D,0
-16.5296,141.94,333.9,1.6,1.3,2014-10-20,0358,Aqua,MODIS,53,6.2,309.8,30.9,D,0
-15.117,142.2602,332.3,1.5,1.2,2014-10-20,0358,Aqua,MODIS,55,6.2,311.6,22.4,D,0
-16.5239,141.9853,334.8,1.6,1.2,2014-10-20,0358,Aqua,MODIS,68,6.2,308.5,34.7,D,0
-16.4615,142.3904,337.6,1.5,1.2,2014-10-20,0358,Aqua,MODIS,51,6.2,316.8,25.9,D,0
-15.0405,142.601,325.5,1.4,1.2,2014-10-20,0358,Aqua,MODIS,38,6.2,308.2,11.2,D,0
-16.4226,141.972,333.6,1.6,1.2,2014-10-20,0358,Aqua,MODIS,23,6.2,311.2,25.4,D,0
-16.577,142.0128,339.3,1.6,1.2,2014-10-20,0358,Aqua,MODIS,82,6.2,312.2,40.4,D,0
-16.4044,142.0235,372.5,1.6,1.2,2014-10-20,0358,Aqua,MODIS,100,6.2,315.9,202.2,D,0
-16.2288,136.0044,323.4,4.5,2,2014-10-20,0358,Aqua,MODIS,53,6.2,299.9,80.7,D,0
-14.1831,142.2384,343.8,1.4,1.2,2014-10-20,0358,Aqua,MODIS,90,6.2,305.9,66.6,D,0
-15.1391,142.3801,332.3,1.4,1.2,2014-10-20,0358,Aqua,MODIS,64,6.2,311.1,25.9,D,0
-16.5768,141.9206,352,1.6,1.3,2014-10-20,0358,Aqua,MODIS,94,6.2,311.3,102.3,D,0
-15.0544,142.5766,330.1,1.4,1.2,2014-10-20,0358,Aqua,MODIS,69,6.2,307.3,19.8,D,0
-15.1533,142.0889,334.7,1.5,1.2,2014-10-20,0358,Aqua,MODIS,50,6.2,315.7,23.9,D,0
-16.5397,142.0383,332.6,1.6,1.2,2014-10-20,0358,Aqua,MODIS,60,6.2,310.8,24.7,D,0
-16.5089,141.922,331.3,1.6,1.3,2014-10-20,0358,Aqua,MODIS,22,6.2,308.6,18,D,0
-16.5569,142.1755,335.4,1.6,1.2,2014-10-20,0358,Aqua,MODIS,52,6.2,314.8,23.4,D,0
-15.1413,142.1865,334.4,1.5,1.2,2014-10-20,0358,Aqua,MODIS,77,6.2,315.4,27,D,0
-16.5338,141.9918,369.8,1.6,1.2,2014-10-20,0358,Aqua,MODIS,100,6.2,312.5,194.5,D,0
-16.532,142.0069,359.9,1.6,1.2,2014-10-20,0358,Aqua,MODIS,99,6.2,313.3,132,D,0
-14.357,142.4402,337.7,1.4,1.2,2014-10-20,0358,Aqua,MODIS,83,6.2,310.1,38,D,0
-15.1094,142.4439,326.1,1.4,1.2,2014-10-20,0358,Aqua,MODIS,39,6.2,311.8,13.5,D,0
-15.1965,142.8921,345.9,1.3,1.1,2014-10-20,0358,Aqua,MODIS,82,6.2,309.2,57.1,D,0
-16.5587,142.1609,334.3,1.6,1.2,2014-10-20,0358,Aqua,MODIS,31,6.2,314.7,20.9,D,0
-15.12,142.4454,337.8,1.4,1.2,2014-10-20,0358,Aqua,MODIS,82,6.2,308.8,40.8,D,0
-16.49,141.8885,332.5,1.6,1.3,2014-10-20,0358,Aqua,MODIS,53,6.2,306,32.8,D,0
-16.528,141.945,344.6,1.6,1.3,2014-10-20,0358,Aqua,MODIS,88,6.2,309.9,67.6,D,0
-16.4916,141.7793,353.5,1.7,1.3,2014-10-20,0358,Aqua,MODIS,95,6.2,305.4,119.4,D,0
-15.0751,142.5464,342.3,1.4,1.2,2014-10-20,0358,Aqua,MODIS,87,6.2,310,52.5,D,0
-15.0806,142.5404,330.9,1.4,1.2,2014-10-20,0358,Aqua,MODIS,61,6.2,308.8,22.2,D,0
-16.5126,141.8915,360,1.6,1.3,2014-10-20,0358,Aqua,MODIS,100,6.2,309.8,134.1,D,0
-16.5458,142.1741,332.6,1.6,1.2,2014-10-20,0358,Aqua,MODIS,40,6.2,313,16.3,D,0
-15.143,142.1727,334.4,1.5,1.2,2014-10-20,0358,Aqua,MODIS,75,6.2,315.7,25.4,D,0
-16.5476,142.1594,385.2,1.6,1.2,2014-10-20,0358,Aqua,MODIS,100,6.2,317.7,293.9,D,0
-15.0789,142.5534,337,1.4,1.2,2014-10-20,0358,Aqua,MODIS,81,6.2,309.6,36.1,D,0
-15.0348,142.3045,333.2,1.5,1.2,2014-10-20,0358,Aqua,MODIS,48,6.2,315.7,18.9,D,0
-16.463,142.396,341.7,1.5,1.2,2014-10-20,0358,Aqua,MODIS,85,6.2,316.6,38,D,0
-15.1374,142.3934,334.4,1.4,1.2,2014-10-20,0358,Aqua,MODIS,73,6.2,311.6,31.2,D,0
-16.4175,142.01,343.4,1.6,1.2,2014-10-20,0358,Aqua,MODIS,75,6.2,311.7,49.4,D,0
-15.0372,142.6268,337.2,1.4,1.2,2014-10-20,0358,Aqua,MODIS,75,6.2,308.7,35.5,D,0
-15.1351,142.3248,326.6,1.5,1.2,2014-10-20,0358,Aqua,MODIS,16,6.2,310.7,15.9,D,0
-15.1608,142.1184,336.9,1.5,1.2,2014-10-20,0358,Aqua,MODIS,72,6.2,317.9,28,D,0
-16.4209,141.987,344,1.6,1.2,2014-10-20,0358,Aqua,MODIS,88,6.2,313.3,57,D,0
-16.5107,141.9068,336.9,1.6,1.3,2014-10-20,0358,Aqua,MODIS,79,6.2,308.6,34.2,D,0
-16.5731,141.951,333.3,1.6,1.3,2014-10-20,0358,Aqua,MODIS,51,6.2,309.7,27.8,D,0
-15.3502,143.0384,341.2,1.3,1.1,2014-10-20,0358,Aqua,MODIS,80,6.2,314.6,35.5,D,0
-16.5788,141.9977,336.4,1.6,1.2,2014-10-20,0358,Aqua,MODIS,75,6.2,312.1,31.7,D,0
-16.6066,142.6879,337.8,1.4,1.2,2014-10-20,0358,Aqua,MODIS,56,6.2,316.8,25.7,D,0
-15.2161,144.947,328.2,1.1,1,2014-10-20,0358,Aqua,MODIS,55,6.2,304.2,17.1,D,0
-16.4974,141.8272,369.2,1.6,1.3,2014-10-20,0358,Aqua,MODIS,100,6.2,308.6,198,D,0
-16.505,141.8594,336.7,1.6,1.3,2014-10-20,0358,Aqua,MODIS,76,6.2,305.4,38.6,D,0
-16.4731,141.9327,331.2,1.6,1.3,2014-10-20,0358,Aqua,MODIS,43,6.2,308.5,22.1,D,0
-16.4722,142.4115,337,1.5,1.2,2014-10-20,0358,Aqua,MODIS,54,6.2,315.8,25.6,D,0
-15.155,142.0749,334.1,1.5,1.2,2014-10-20,0358,Aqua,MODIS,65,6.2,313.2,24.2,D,0
-16.5069,141.8441,348,1.6,1.3,2014-10-20,0358,Aqua,MODIS,91,6.2,308.2,77.1,D,0
-15.127,142.2126,329.1,1.5,1.2,2014-10-20,0358,Aqua,MODIS,28,6.2,311,15.6,D,0
-16.522,142.0003,343.4,1.6,1.2,2014-10-20,0358,Aqua,MODIS,87,6.2,311.3,62.2,D,0
-16.5618,141.9495,335.6,1.6,1.3,2014-10-20,0358,Aqua,MODIS,76,6.2,308.7,34.4,D,0
-16.3818,142.4082,335.5,1.5,1.2,2014-10-20,0358,Aqua,MODIS,29,6.2,316.1,22.2,D,0
-15.3375,142.8085,329.5,1.4,1.2,2014-10-20,0358,Aqua,MODIS,34,6.2,313.1,10.5,D,0
-16.4173,142.0169,350.5,1.6,1.2,2014-10-20,0358,Aqua,MODIS,93,6.2,312.4,76.1,D,0
-16.492,142.1521,331.5,1.6,1.2,2014-10-20,0358,Aqua,MODIS,35,6.2,314.6,12.5,D,0
-16.4414,142.3734,335.7,1.5,1.2,2014-10-20,0358,Aqua,MODIS,43,6.2,316.3,22.2,D,0
-15.0312,145.0726,318.2,1,1,2014-10-20,0358,Aqua,MODIS,45,6.2,296,12.6,D,0
-14.3819,144.4452,327.4,1.1,1,2014-10-20,0358,Aqua,MODIS,77,6.2,304.2,15.1,D,0
-14.3725,144.4438,331.8,1.1,1,2014-10-20,0358,Aqua,MODIS,84,6.2,304.6,20.9,D,0
-16.7773,142.058,330.1,1.6,1.2,2014-10-20,0358,Aqua,MODIS,60,6.2,309,22.6,D,0
-14.9615,142.7204,338.1,1.4,1.2,2014-10-20,0358,Aqua,MODIS,51,6.2,311,34.7,D,0
-14.9804,143.3811,334.6,1.2,1.1,2014-10-20,0358,Aqua,MODIS,48,6.2,305,27.1,D,0
-16.7193,142.4279,334.3,1.5,1.2,2014-10-20,0358,Aqua,MODIS,73,6.2,317.4,16.6,D,0
-16.7776,142.0512,329.2,1.6,1.2,2014-10-20,0358,Aqua,MODIS,50,6.2,309,19.3,D,0
-16.9567,142.2743,336.4,1.6,1.2,2014-10-20,0358,Aqua,MODIS,55,6.2,314.9,27.6,D,0
-16.6626,142.618,335.9,1.5,1.2,2014-10-20,0358,Aqua,MODIS,77,6.2,313.6,23.2,D,0
-14.9683,142.703,340.1,1.4,1.2,2014-10-20,0358,Aqua,MODIS,27,6.2,313.8,35.9,D,0
-16.6733,142.6194,339.6,1.5,1.2,2014-10-20,0358,Aqua,MODIS,82,6.2,313.9,32.2,D,0
-16.719,142.3412,340.2,1.5,1.2,2014-10-20,0358,Aqua,MODIS,63,6.2,316.2,32.3,D,0
-16.7944,142.1059,343.5,1.6,1.2,2014-10-20,0358,Aqua,MODIS,85,6.2,317.2,52.8,D,0
-16.6699,142.6467,342,1.5,1.2,2014-10-20,0358,Aqua,MODIS,85,6.2,314.9,39.1,D,0
-16.6716,142.6331,338.4,1.5,1.2,2014-10-20,0358,Aqua,MODIS,75,6.2,313.9,28.8,D,0
-16.6682,142.6603,336.7,1.5,1.2,2014-10-20,0358,Aqua,MODIS,54,6.2,315.5,25.3,D,0
-14.3574,144.4462,332.9,1.1,1,2014-10-20,0358,Aqua,MODIS,85,6.2,306.2,21.9,D,0
-16.7066,142.4406,332.9,1.5,1.2,2014-10-20,0358,Aqua,MODIS,59,6.2,315.6,12.3,D,0
-18.0373,138.6266,364,3,1.7,2014-10-20,0358,Aqua,MODIS,100,6.2,308.9,397.7,D,0
-18.0017,138.6802,338.3,3,1.6,2014-10-20,0358,Aqua,MODIS,82,6.2,310.3,97.3,D,0
-18.0046,138.652,337.9,3,1.6,2014-10-20,0358,Aqua,MODIS,76,6.2,309.1,97.4,D,0
-18.0026,138.6751,340.8,3,1.6,2014-10-20,0358,Aqua,MODIS,85,6.2,310.6,118.3,D,0
-18.0057,138.6469,335.8,3,1.6,2014-10-20,0358,Aqua,MODIS,71,6.2,309.3,82.6,D,0
-14.9767,142.6837,381,1.4,1.2,2014-10-20,0358,Aqua,MODIS,100,6.2,312.5,221.7,D,0
-14.9751,142.6965,427.3,1.4,1.2,2014-10-20,0358,Aqua,MODIS,100,6.2,325,702.5,D,0
-16.787,142.0677,331.1,1.6,1.2,2014-10-20,0358,Aqua,MODIS,27,6.2,312.4,22,D,0
-16.5973,142.0376,330.9,1.6,1.2,2014-10-20,0358,Aqua,MODIS,39,6.2,312.8,15.1,D,0
-16.5957,142.0456,331.1,1.6,1.2,2014-10-20,0358,Aqua,MODIS,46,6.2,313.7,15.7,D,0
-16.6498,142.0748,348.1,1.6,1.2,2014-10-20,0358,Aqua,MODIS,91,6.2,313.3,74.2,D,0
-16.6477,141.9984,335.4,1.6,1.2,2014-10-20,0358,Aqua,MODIS,57,6.2,312.4,29.1,D,0
-16.6459,142.0135,331.9,1.6,1.2,2014-10-20,0358,Aqua,MODIS,43,6.2,311.1,20.2,D,0
-16.6386,142.0733,331.2,1.6,1.2,2014-10-20,0358,Aqua,MODIS,27,6.2,312.6,18.1,D,0
-14.9319,143.2013,328.9,1.3,1.1,2014-10-20,0358,Aqua,MODIS,57,6.2,305.1,23.2,D,0
-18.0402,138.5981,377.4,3,1.7,2014-10-20,0358,Aqua,MODIS,100,6.2,306.2,637.5,D,0
-18.0224,138.625,347.4,3,1.7,2014-10-20,0358,Aqua,MODIS,91,6.2,311.5,194.7,D,0
-18.0253,138.5965,387.7,3,1.7,2014-10-20,0358,Aqua,MODIS,100,6.2,309.8,860.4,D,0
-18.0074,138.6236,371.4,3,1.7,2014-10-20,0358,Aqua,MODIS,100,6.2,310.5,508.2,D,0
-18.0103,138.595,388.5,3,1.7,2014-10-20,0358,Aqua,MODIS,100,6.2,308.7,882.3,D,0
-18.0087,138.6185,374.9,3,1.7,2014-10-20,0358,Aqua,MODIS,100,6.2,311.7,576.4,D,0
-16.7962,142.091,336.1,1.6,1.2,2014-10-20,0358,Aqua,MODIS,40,6.2,316,30.3,D,0
-15.8195,145.2283,316.2,1.1,1,2014-10-20,0358,Aqua,MODIS,39,6.2,295.1,11.6,D,0
-16.785,142.0895,337.8,1.6,1.2,2014-10-20,0358,Aqua,MODIS,69,6.2,313.4,36.5,D,0
-14.2411,142.5813,344.4,1.4,1.2,2014-10-20,0358,Aqua,MODIS,90,6.2,306.4,58.3,D,0
-16.8871,142.1836,333,1.6,1.2,2014-10-20,0358,Aqua,MODIS,56,6.2,311,25.7,D,0
-16.8983,142.1851,342.7,1.6,1.2,2014-10-20,0358,Aqua,MODIS,86,6.2,313.8,56.9,D,0
-14.2481,142.5751,352.2,1.4,1.2,2014-10-20,0358,Aqua,MODIS,95,6.2,305.9,87.7,D,0
-14.3833,144.4351,327.3,1.1,1,2014-10-20,0358,Aqua,MODIS,80,6.2,305,13.8,D,0
-14.5559,143.431,323.9,1.2,1.1,2014-10-20,0358,Aqua,MODIS,18,6.2,301.8,14,D,0
-16.7754,142.626,342.2,1.5,1.2,2014-10-20,0358,Aqua,MODIS,82,6.2,317.3,40,D,0
-16.7771,142.6123,344.7,1.5,1.2,2014-10-20,0358,Aqua,MODIS,88,6.2,316.5,47.4,D,0
-14.2427,142.5688,348.9,1.4,1.2,2014-10-20,0358,Aqua,MODIS,93,6.2,306.6,73.6,D,0
-16.7832,142.1044,334.2,1.6,1.2,2014-10-20,0358,Aqua,MODIS,48,6.2,314.9,24.9,D,0
-14.546,143.4296,326.9,1.2,1.1,2014-10-20,0358,Aqua,MODIS,27,6.2,303,17.6,D,0
-16.7089,142.148,332.2,1.6,1.2,2014-10-20,0358,Aqua,MODIS,52,6.2,314.7,17.7,D,0
-14.1978,142.5882,337.1,1.4,1.2,2014-10-20,0358,Aqua,MODIS,44,6.2,312.8,35.3,D,0
-16.6382,141.9818,335.9,1.6,1.3,2014-10-20,0358,Aqua,MODIS,68,6.2,312.1,31.9,D,0
-16.6599,142.275,341.6,1.5,1.2,2014-10-20,0358,Aqua,MODIS,85,6.2,310.8,47.1,D,0
-14.189,142.5743,332.6,1.4,1.2,2014-10-20,0358,Aqua,MODIS,65,6.2,308.7,26.1,D,0
-16.6966,141.9638,328.9,1.6,1.3,2014-10-20,0358,Aqua,MODIS,43,6.2,314,16.4,D,0
-16.6984,141.9589,330.1,1.6,1.3,2014-10-20,0358,Aqua,MODIS,62,6.2,313.7,20.9,D,0
-16.696,142.1613,333.1,1.6,1.2,2014-10-20,0358,Aqua,MODIS,63,6.2,315.3,19,D,0
-16.6978,142.1465,338,1.6,1.2,2014-10-20,0358,Aqua,MODIS,80,6.2,314.1,34.4,D,0
-16.635,142.103,333,1.6,1.2,2014-10-20,0358,Aqua,MODIS,46,6.2,313.5,20.4,D,0
-14.9736,142.7091,368.9,1.4,1.2,2014-10-20,0358,Aqua,MODIS,100,6.2,314.9,151.8,D,0
-14.97,142.6904,341.5,1.4,1.2,2014-10-20,0358,Aqua,MODIS,79,6.2,312.6,40,D,0
-16.8999,142.6202,336.2,1.5,1.2,2014-10-20,0358,Aqua,MODIS,43,6.2,314.7,23.7,D,0
-16.6577,142.2841,350.3,1.5,1.2,2014-10-20,0358,Aqua,MODIS,93,6.2,314.1,74.7,D,0
-14.366,144.3133,322.3,1.1,1,2014-10-20,0358,Aqua,MODIS,53,6.2,305.2,9.9,D,0
-14.7656,144.936,327.9,1.1,1,2014-10-20,0358,Aqua,MODIS,76,6.2,303.2,15.3,D,0
-17.0086,142.505,335.1,1.5,1.2,2014-10-20,0358,Aqua,MODIS,77,6.2,315.8,23.4,D,0
-16.7879,142.6138,336.1,1.5,1.2,2014-10-20,0358,Aqua,MODIS,67,6.2,316,24.4,D,0
-15.0009,142.6611,334.8,1.4,1.2,2014-10-20,0358,Aqua,MODIS,72,6.2,308.5,30.5,D,0
-16.6582,142.2894,353.1,1.5,1.2,2014-10-20,0358,Aqua,MODIS,95,6.2,315,85.9,D,0
-16.6565,142.3038,342.2,1.5,1.2,2014-10-20,0358,Aqua,MODIS,72,6.2,314.9,41.3,D,0
-16.6559,142.2985,345.8,1.5,1.2,2014-10-20,0358,Aqua,MODIS,89,6.2,315.1,55.3,D,0
-16.9058,142.2161,340.6,1.6,1.2,2014-10-20,0358,Aqua,MODIS,84,6.2,315.8,42.3,D,0
-16.904,142.2308,335.4,1.6,1.2,2014-10-20,0358,Aqua,MODIS,75,6.2,316.2,24.6,D,0
-16.648,142.0897,336.7,1.6,1.2,2014-10-20,0358,Aqua,MODIS,65,6.2,312.8,34.4,D,0
-16.6684,142.0164,339.2,1.6,1.2,2014-10-20,0358,Aqua,MODIS,81,6.2,314.5,42.3,D,0
-16.8891,142.6187,360.6,1.5,1.2,2014-10-20,0358,Aqua,MODIS,100,6.2,317.9,110.2,D,0
-14.984,142.7106,327.6,1.4,1.2,2014-10-20,0358,Aqua,MODIS,53,6.2,309.2,15.1,D,0
-16.8939,142.612,352.2,1.5,1.2,2014-10-20,0358,Aqua,MODIS,94,6.2,318.6,74.1,D,0
-16.7867,142.0745,340.5,1.6,1.2,2014-10-20,0358,Aqua,MODIS,79,6.2,312.8,47.7,D,0
-16.8965,142.1999,338.5,1.6,1.2,2014-10-20,0358,Aqua,MODIS,62,6.2,314.2,37.7,D,0
-16.7062,142.3541,339,1.5,1.2,2014-10-20,0358,Aqua,MODIS,37,6.2,315.3,25.2,D,0
-14.9425,142.7381,339.1,1.4,1.2,2014-10-20,0358,Aqua,MODIS,68,6.2,314.8,34.7,D,0
-16.708,142.3398,339,1.5,1.2,2014-10-20,0358,Aqua,MODIS,24,6.2,315.3,27.7,D,0
-16.6988,142.324,343.2,1.5,1.2,2014-10-20,0358,Aqua,MODIS,79,6.2,312.5,45.3,D,0
-16.6643,142.6043,331.6,1.5,1.2,2014-10-20,0358,Aqua,MODIS,48,6.2,312.6,12.5,D,0
-16.7074,142.6101,332.6,1.5,1.2,2014-10-20,0358,Aqua,MODIS,48,6.2,316.1,13.3,D,0
-14.9856,142.6979,339.3,1.4,1.2,2014-10-20,0358,Aqua,MODIS,84,6.2,307.3,39.8,D,0
-14.3468,144.3834,319.3,1.1,1,2014-10-20,0358,Aqua,MODIS,47,6.2,303.4,4.9,D,0
-16.7851,142.0826,335.9,1.6,1.2,2014-10-20,0358,Aqua,MODIS,52,6.2,313,31.1,D,0
-16.8923,142.6258,345.8,1.5,1.2,2014-10-20,0358,Aqua,MODIS,89,6.2,315,52.4,D,0
-16.9047,142.6135,341.1,1.5,1.2,2014-10-20,0358,Aqua,MODIS,81,6.2,315.9,37.7,D,0
-16.9016,142.6064,335.7,1.5,1.2,2014-10-20,0358,Aqua,MODIS,40,6.2,318,20.2,D,0
-18.0118,138.59,368.2,3,1.7,2014-10-20,0358,Aqua,MODIS,100,6.2,307.7,481,D,0
-13.1514,136.1905,319,4,1.9,2014-10-20,0359,Aqua,MODIS,0,6.2,296.9,60.9,D,0
-13.5319,141.6139,328.1,1.6,1.2,2014-10-20,0359,Aqua,MODIS,73,6.2,304.7,31.9,D,0
-13.53,141.6281,327.8,1.5,1.2,2014-10-20,0359,Aqua,MODIS,72,6.2,305.5,31,D,0
-13.519,141.6267,338.7,1.5,1.2,2014-10-20,0359,Aqua,MODIS,87,6.2,302.5,59.9,D,0
-12.768,136.088,323.4,4,1.9,2014-10-20,0359,Aqua,MODIS,74,6.2,299,82.1,D,0
-12.763,136.0798,320.9,4,1.9,2014-10-20,0359,Aqua,MODIS,62,6.2,299,62,D,0
-12.7383,136.0478,357.9,4,1.9,2014-10-20,0359,Aqua,MODIS,99,6.2,299.5,529.2,D,0
-13.1558,136.1955,318.1,4,1.9,2014-10-20,0359,Aqua,MODIS,0,6.2,297.2,49,D,0
-12.7335,136.0395,340.2,4,1.9,2014-10-20,0359,Aqua,MODIS,90,6.2,298.5,251.1,D,0
-13.3611,142.3548,328.2,1.4,1.2,2014-10-20,0359,Aqua,MODIS,43,6.2,307.1,19.4,D,0
-13.3108,142.3683,333,1.4,1.2,2014-10-20,0359,Aqua,MODIS,65,6.2,307.8,30,D,0
-13.3124,142.3559,354.2,1.4,1.2,2014-10-20,0359,Aqua,MODIS,97,6.2,309.8,89.5,D,0
-13.3004,142.3669,328.1,1.4,1.2,2014-10-20,0359,Aqua,MODIS,55,6.2,307.3,19.8,D,0
-12.7503,136.0413,348.9,4,1.9,2014-10-20,0359,Aqua,MODIS,95,6.2,298.2,371.7,D,0
-12.3809,136.8521,313.7,3.4,1.7,2014-10-20,0359,Aqua,MODIS,48,6.2,293.8,37.9,D,0
-12.7422,136.0109,328,4.1,1.9,2014-10-20,0359,Aqua,MODIS,81,6.2,297.2,125.2,D,0
-13.2811,142.3516,331,1.4,1.2,2014-10-20,0359,Aqua,MODIS,81,6.2,307.4,24.2,D,0
-13.2707,142.3503,332.1,1.4,1.2,2014-10-20,0359,Aqua,MODIS,73,6.2,303,28.2,D,0
-13.2732,142.3569,336.7,1.4,1.2,2014-10-20,0359,Aqua,MODIS,88,6.2,305.5,41.5,D,0
-13.2749,142.3443,325.7,1.4,1.2,2014-10-20,0359,Aqua,MODIS,46,6.2,305.6,16.1,D,0
-12.4295,136.625,313.7,3.6,1.8,2014-10-20,0359,Aqua,MODIS,43,6.2,292.9,41.3,D,0
-12.4411,136.5974,315.7,3.6,1.8,2014-10-20,0359,Aqua,MODIS,64,6.2,294.9,56.5,D,0
-12.4333,136.592,314.1,3.6,1.8,2014-10-20,0359,Aqua,MODIS,41,6.2,293.4,43.3,D,0
-13.1855,141.834,324.2,1.5,1.2,2014-10-20,0359,Aqua,MODIS,48,6.2,301,21.3,D,0
-13.1873,141.8203,326.2,1.5,1.2,2014-10-20,0359,Aqua,MODIS,50,6.2,303.7,24.9,D,0
-12.5903,136.011,331.5,4,1.9,2014-10-20,0359,Aqua,MODIS,46,6.2,291.1,145.8,D,0
-12.8164,142.3208,334.4,1.4,1.2,2014-10-20,0359,Aqua,MODIS,83,6.2,305.6,32.7,D,0
-12.8053,142.2756,328.6,1.4,1.2,2014-10-20,0359,Aqua,MODIS,71,6.2,303.5,22.8,D,0
-12.814,142.2896,329.8,1.4,1.2,2014-10-20,0359,Aqua,MODIS,73,6.2,304.5,22.7,D,0
-12.8124,142.302,356.8,1.4,1.2,2014-10-20,0359,Aqua,MODIS,98,6.2,306.5,101,D,0
-12.8086,142.2505,332.3,1.4,1.2,2014-10-20,0359,Aqua,MODIS,79,6.2,300,35.6,D,0
-12.5744,136.0541,356.2,4,1.9,2014-10-20,0359,Aqua,MODIS,92,6.2,299.4,497,D,0
-12.8107,142.3145,332.5,1.4,1.2,2014-10-20,0359,Aqua,MODIS,81,6.2,305.3,30.9,D,0
-12.8211,142.3159,332.7,1.4,1.2,2014-10-20,0359,Aqua,MODIS,62,6.2,305.6,29.3,D,0
-12.818,142.3084,351.1,1.4,1.2,2014-10-20,0359,Aqua,MODIS,96,6.2,306.1,77.5,D,0
-12.8112,143.0653,328.8,1.2,1.1,2014-10-20,0359,Aqua,MODIS,82,6.2,294.1,32.6,D,0
-12.5693,136.0461,349.6,4,1.9,2014-10-20,0359,Aqua,MODIS,95,6.2,297.8,388.9,D,0
-12.8194,142.3283,330.4,1.4,1.2,2014-10-20,0359,Aqua,MODIS,64,6.2,302.7,25.7,D,0
-12.5912,136.0561,324.4,4,1.9,2014-10-20,0359,Aqua,MODIS,47,6.2,293.7,93,D,0
-12.5861,136.0481,338.1,4,1.9,2014-10-20,0359,Aqua,MODIS,74,6.2,296.2,222,D,0
-12.8196,142.2959,326.5,1.4,1.2,2014-10-20,0359,Aqua,MODIS,80,6.2,302.8,13.9,D,0
-12.9365,142.2672,334.5,1.4,1.2,2014-10-20,0359,Aqua,MODIS,85,6.2,304.7,36.8,D,0
-12.5784,136.0169,333.5,4,1.9,2014-10-20,0359,Aqua,MODIS,64,6.2,292.9,173,D,0
-14.024,136.4566,331.1,3.9,1.8,2014-10-20,0359,Aqua,MODIS,63,6.2,298.7,160.5,D,0
-12.5952,136.0189,329.2,4,1.9,2014-10-20,0359,Aqua,MODIS,76,6.2,290.8,133,D,0
-14.0292,136.4607,332.8,3.9,1.8,2014-10-20,0359,Aqua,MODIS,64,6.2,298.5,177.5,D,0
-12.8411,142.3748,329.7,1.3,1.2,2014-10-20,0359,Aqua,MODIS,51,6.2,301.5,28.4,D,0
-12.93,142.3176,329.1,1.4,1.2,2014-10-20,0359,Aqua,MODIS,82,6.2,302.3,25.8,D,0
-12.6314,142.1241,338,1.4,1.2,2014-10-20,0359,Aqua,MODIS,89,6.2,301.3,45.6,D,0
-12.8157,142.277,327.5,1.4,1.2,2014-10-20,0359,Aqua,MODIS,54,6.2,303,19.1,D,0
-12.8069,142.2631,340.8,1.4,1.2,2014-10-20,0359,Aqua,MODIS,90,6.2,302.2,53.6,D,0
-12.8036,142.2881,328.9,1.4,1.2,2014-10-20,0359,Aqua,MODIS,81,6.2,302.7,22.8,D,0
-13.9981,135.3218,320.2,4.7,2,2014-10-20,0359,Aqua,MODIS,55,6.2,294.4,94.2,D,0
-12.3007,142.6196,318.8,1.3,1.1,2014-10-20,0359,Aqua,MODIS,53,6.2,292.5,13.8,D,0
-13.9631,135.4933,313.6,4.6,2,2014-10-20,0359,Aqua,MODIS,41,6.2,293.3,58.4,D,0
-14.0025,135.2778,320.1,4.8,2,2014-10-20,0359,Aqua,MODIS,47,6.2,294.8,91.6,D,0
-14.0003,135.3182,320.3,4.7,2,2014-10-20,0359,Aqua,MODIS,61,6.2,293.7,95.1,D,0
-30.8733,121.4815,325,1.3,1.1,2014-10-20,0533,Aqua,MODIS,79,6.2,301.3,24.4,D,2
-30.8717,121.4956,335.1,1.3,1.1,2014-10-20,0533,Aqua,MODIS,87,6.2,302,43.8,D,2
-27.6193,125.8112,352.6,1,1,2014-10-20,0533,Aqua,MODIS,95,6.2,320.2,51,D,0
-27.6209,125.8009,340.9,1,1,2014-10-20,0533,Aqua,MODIS,86,6.2,318,27,D,0
-27.6281,125.8087,344.2,1,1,2014-10-20,0533,Aqua,MODIS,89,6.2,318.2,33,D,0
-27.6265,125.8191,345.6,1,1,2014-10-20,0533,Aqua,MODIS,90,6.2,317.1,36.1,D,0
-27.6178,125.8216,337.9,1,1,2014-10-20,0533,Aqua,MODIS,83,6.2,314.8,22.6,D,0
-27.541,127.4318,330.7,1.2,1.1,2014-10-20,0533,Aqua,MODIS,70,6.2,311.4,14.5,D,0
-27.5429,127.4201,337.3,1.2,1.1,2014-10-20,0533,Aqua,MODIS,81,6.2,312.5,26.2,D,0
-24.8925,121.4385,350,1.2,1.1,2014-10-20,0534,Aqua,MODIS,92,6.2,322.6,45.4,D,0
-24.8607,121.4568,335.2,1.1,1.1,2014-10-20,0534,Aqua,MODIS,68,6.2,322.1,14,D,0
-24.8525,121.4439,346,1.2,1.1,2014-10-20,0534,Aqua,MODIS,89,6.2,322.7,35,D,0
-24.79,121.4518,354.3,1.1,1.1,2014-10-20,0534,Aqua,MODIS,96,6.2,321.7,58.9,D,0
-24.8097,122.0788,355.5,1.1,1,2014-10-20,0534,Aqua,MODIS,96,6.2,320.7,60.8,D,0
-24.7832,121.4276,337.1,1.2,1.1,2014-10-20,0534,Aqua,MODIS,53,6.2,322.4,15.6,D,0
-26.6336,126.173,333.6,1.1,1,2014-10-20,0534,Aqua,MODIS,56,6.2,315.9,16.8,D,0
-24.3249,125.9588,358,1.1,1,2014-10-20,0534,Aqua,MODIS,95,6.2,323.9,59.9,D,0
-24.8849,129.0193,331,1.6,1.2,2014-10-20,0534,Aqua,MODIS,25,6.2,316.2,17.1,D,0
-24.8112,122.0681,335.6,1.1,1,2014-10-20,0534,Aqua,MODIS,72,6.2,320,18,D,0
-24.9022,121.44,333,1.2,1.1,2014-10-20,0534,Aqua,MODIS,51,6.2,320.6,10.7,D,0
-26.6488,126.1827,353.7,1.1,1,2014-10-20,0534,Aqua,MODIS,95,6.2,317.2,56.8,D,0
-24.8511,121.4553,348.5,1.1,1.1,2014-10-20,0534,Aqua,MODIS,91,6.2,324.7,42,D,0
-26.6413,126.1854,359.1,1.1,1,2014-10-20,0534,Aqua,MODIS,99,6.2,318.3,68.9,D,0
-26.6429,126.1748,364.9,1.1,1,2014-10-20,0534,Aqua,MODIS,100,6.2,322.3,88.2,D,0
-23.5003,123.0801,340.3,1,1,2014-10-20,0535,Aqua,MODIS,67,6.2,323.4,16.8,D,0
-22.1348,127.4947,360.4,1.4,1.2,2014-10-20,0535,Aqua,MODIS,100,6.2,310.9,108.6,D,0
-22.0425,127.4988,377.8,1.4,1.2,2014-10-20,0535,Aqua,MODIS,100,6.2,323.9,197.8,D,0
-22.1476,127.4833,357,1.4,1.2,2014-10-20,0535,Aqua,MODIS,91,6.2,313.8,92.3,D,0
-22.44,122.178,367.4,1,1,2014-10-20,0535,Aqua,MODIS,100,6.2,317.5,91.6,D,0
-22.1604,127.4718,341.3,1.4,1.2,2014-10-20,0535,Aqua,MODIS,48,6.2,316,36.5,D,0
-22.2015,127.4587,344.1,1.4,1.2,2014-10-20,0535,Aqua,MODIS,45,6.2,316.7,40.1,D,0
-22.212,127.4607,348.9,1.4,1.2,2014-10-20,0535,Aqua,MODIS,75,6.2,316.1,56.2,D,0
-22.2225,127.4628,379.1,1.4,1.2,2014-10-20,0535,Aqua,MODIS,100,6.2,321.2,203.3,D,0
-22.2202,127.4763,355.8,1.4,1.2,2014-10-20,0535,Aqua,MODIS,92,6.2,313.8,87.1,D,0
-22.233,127.4649,365.1,1.4,1.2,2014-10-20,0535,Aqua,MODIS,100,6.2,317.3,125.2,D,0
-22.2307,127.4784,349.9,1.4,1.2,2014-10-20,0535,Aqua,MODIS,69,6.2,312.1,65.6,D,0
-22.2434,127.467,373.3,1.4,1.2,2014-10-20,0535,Aqua,MODIS,100,6.2,316.7,171.2,D,0
-22.2517,127.4826,398.8,1.4,1.2,2014-10-20,0535,Aqua,MODIS,100,6.2,316.1,369.4,D,0
-22.4969,122.1628,346.6,1,1,2014-10-20,0535,Aqua,MODIS,88,6.2,318.4,36.2,D,0
-22.4924,122.2648,346.3,1,1,2014-10-20,0535,Aqua,MODIS,88,6.2,316,34.3,D,0
-22.4911,122.2747,336,1,1,2014-10-20,0535,Aqua,MODIS,43,6.2,314.9,15.1,D,0
-22.5231,122.1773,330.6,1,1,2014-10-20,0535,Aqua,MODIS,45,6.2,316.6,9.3,D,0
-22.5217,122.1873,332.1,1,1,2014-10-20,0535,Aqua,MODIS,58,6.2,316.1,11.5,D,0
-22.5308,122.1888,345.1,1,1,2014-10-20,0535,Aqua,MODIS,87,6.2,317.1,32.6,D,0
-22.5295,122.1988,339.7,1,1,2014-10-20,0535,Aqua,MODIS,79,6.2,315.9,22.8,D,0
-22.5369,122.1954,350.6,1,1,2014-10-20,0535,Aqua,MODIS,92,6.2,316.4,42.8,D,0
-22.5315,122.2357,330.7,1,1,2014-10-20,0535,Aqua,MODIS,47,6.2,316.3,9.8,D,0
-23.6872,122.5837,355.2,1,1,2014-10-20,0535,Aqua,MODIS,96,6.2,325.4,46.8,D,0
-23.6885,122.5736,336.5,1,1,2014-10-20,0535,Aqua,MODIS,63,6.2,323.1,9.2,D,0
-22.5301,122.2457,357.8,1,1,2014-10-20,0535,Aqua,MODIS,98,6.2,317.1,63.5,D,0
-22.5461,122.1968,334.4,1,1,2014-10-20,0535,Aqua,MODIS,68,6.2,316.9,14,D,0
-22.5393,122.2471,341,1,1,2014-10-20,0535,Aqua,MODIS,81,6.2,316.1,25.3,D,0
-22.5617,122.2199,338.3,1,1,2014-10-20,0535,Aqua,MODIS,53,6.2,316.6,17.5,D,0
-22.5786,122.2328,335.4,1,1,2014-10-20,0535,Aqua,MODIS,53,6.2,318.1,14.3,D,0
-22.5773,122.2429,338,1,1,2014-10-20,0535,Aqua,MODIS,76,6.2,317.3,18.5,D,0
-22.5864,122.2444,336.1,1,1,2014-10-20,0535,Aqua,MODIS,68,6.2,316.2,16.1,D,0
-22.5851,122.2544,365.6,1,1,2014-10-20,0535,Aqua,MODIS,100,6.2,316.9,84.2,D,0
-22.5837,122.2644,361.6,1,1,2014-10-20,0535,Aqua,MODIS,100,6.2,316.3,73,D,0
-22.5823,122.2744,399.4,1,1,2014-10-20,0535,Aqua,MODIS,100,6.2,319.2,241.5,D,0
-22.5928,122.2659,341.2,1,1,2014-10-20,0535,Aqua,MODIS,82,6.2,314.3,26.2,D,0
-22.5915,122.2759,345.7,1,1,2014-10-20,0535,Aqua,MODIS,87,6.2,313.2,35.9,D,0
-22.0215,127.4946,353.9,1.4,1.2,2014-10-20,0535,Aqua,MODIS,95,6.2,320.7,72.1,D,0
-22.0191,127.5082,382.4,1.4,1.2,2014-10-20,0535,Aqua,MODIS,100,6.2,318.3,225.7,D,0
-22.0086,127.5061,346.7,1.4,1.2,2014-10-20,0535,Aqua,MODIS,88,6.2,314.3,44.2,D,0
-22.5842,122.3972,334,1,1,2014-10-20,0535,Aqua,MODIS,49,6.2,315.2,15.1,D,0
-21.9466,127.5152,343.2,1.4,1.2,2014-10-20,0535,Aqua,MODIS,72,6.2,322.7,35.4,D,0
-22.2572,121.8261,361.9,1.1,1,2014-10-20,0535,Aqua,MODIS,100,6.2,327.6,70.1,D,0
-22.2558,121.8364,362.1,1.1,1,2014-10-20,0535,Aqua,MODIS,100,6.2,323.3,72,D,0
-22.2705,121.7968,342.9,1.1,1,2014-10-20,0535,Aqua,MODIS,55,6.2,322.7,21.5,D,0
-20.3825,124.6382,344.2,1.1,1,2014-10-20,0535,Aqua,MODIS,38,6.2,318.2,23.5,D,0
-20.3732,124.6366,362.5,1.1,1,2014-10-20,0535,Aqua,MODIS,100,6.2,317.8,71.5,D,0
-22.2798,121.7983,337.4,1.1,1,2014-10-20,0535,Aqua,MODIS,59,6.2,321.2,12.5,D,0
-22.3377,121.772,338.6,1.1,1,2014-10-20,0535,Aqua,MODIS,76,6.2,322.8,15.3,D,0
-20.3775,124.7952,338.9,1.1,1,2014-10-20,0535,Aqua,MODIS,69,6.2,323.3,13.4,D,0
-20.3541,124.8229,345.6,1.1,1,2014-10-20,0535,Aqua,MODIS,79,6.2,324.1,27.6,D,0
-22.347,121.7734,350.7,1.1,1,2014-10-20,0535,Aqua,MODIS,92,6.2,323.5,37.1,D,0
-22.3642,121.7866,341.3,1.1,1,2014-10-20,0535,Aqua,MODIS,56,6.2,323.7,17.6,D,0
-22.3748,121.7778,342.2,1.1,1,2014-10-20,0535,Aqua,MODIS,70,6.2,325.3,18.3,D,0
-22.3734,121.7881,341.6,1.1,1,2014-10-20,0535,Aqua,MODIS,67,6.2,323.9,18.2,D,0
-22.35,121.9621,346.8,1,1,2014-10-20,0535,Aqua,MODIS,84,6.2,320.9,32.4,D,0
-22.3487,121.9722,379,1,1,2014-10-20,0535,Aqua,MODIS,100,6.2,325.8,135.1,D,0
-22.3473,121.9823,366.1,1,1,2014-10-20,0535,Aqua,MODIS,100,6.2,318.8,88.8,D,0
-22.3579,121.9736,387,1,1,2014-10-20,0535,Aqua,MODIS,100,6.2,326.6,172.8,D,0
-22.3565,121.9837,398.7,1,1,2014-10-20,0535,Aqua,MODIS,100,6.2,322.5,240.4,D,0
-20.3264,124.7544,343.9,1.1,1,2014-10-20,0535,Aqua,MODIS,36,6.2,322.6,24.8,D,0
-22.6705,122.3053,335.7,1,1,2014-10-20,0535,Aqua,MODIS,34,6.2,319.1,13.3,D,0
-22.6718,122.2953,345.7,1,1,2014-10-20,0535,Aqua,MODIS,86,6.2,318.8,30.6,D,0
-22.6732,122.2853,366.9,1,1,2014-10-20,0535,Aqua,MODIS,100,6.2,319.6,85.3,D,0
-22.4897,122.2847,341,1,1,2014-10-20,0535,Aqua,MODIS,74,6.2,316.4,23.1,D,0
-22.4806,122.2832,335.4,1,1,2014-10-20,0535,Aqua,MODIS,59,6.2,315.9,15.7,D,0
-22.0297,127.5103,369.1,1.4,1.2,2014-10-20,0535,Aqua,MODIS,100,6.2,321.6,143.4,D,0
-22.032,127.4967,364.9,1.4,1.2,2014-10-20,0535,Aqua,MODIS,100,6.2,322.5,121.2,D,0
-19.933,128.2061,335,1.7,1.3,2014-10-20,0535,Aqua,MODIS,64,6.2,319.3,20,D,0
-19.9235,128.2155,336.7,1.7,1.3,2014-10-20,0535,Aqua,MODIS,74,6.2,320.9,26.8,D,0
-23.3899,123.7925,351.1,1,1,2014-10-20,0535,Aqua,MODIS,93,6.2,324.4,33.4,D,0
-23.3933,123.833,357.1,1,1,2014-10-20,0535,Aqua,MODIS,91,6.2,326.8,46.5,D,0
-22.8211,122.3417,363.2,1,1,2014-10-20,0535,Aqua,MODIS,100,6.2,323,70,D,0
-22.8224,122.3316,339.6,1,1,2014-10-20,0535,Aqua,MODIS,26,6.2,322.4,14,D,0
-22.8133,122.3302,346.5,1,1,2014-10-20,0535,Aqua,MODIS,88,6.2,322.9,26.9,D,0
-22.8041,122.3287,354,1,1,2014-10-20,0535,Aqua,MODIS,95,6.2,322,42.8,D,0
-23.4107,123.7761,339.6,1,1,2014-10-20,0535,Aqua,MODIS,76,6.2,325.5,14.4,D,0
-23.4079,123.7956,360.7,1,1,2014-10-20,0535,Aqua,MODIS,100,6.2,326.7,57.5,D,0
-23.4153,123.8024,373.4,1,1,2014-10-20,0535,Aqua,MODIS,100,6.2,326.6,96.4,D,0
-23.4139,123.8122,367,1,1,2014-10-20,0535,Aqua,MODIS,100,6.2,327.1,73.9,D,0
-23.4111,123.8317,368.2,1,1,2014-10-20,0535,Aqua,MODIS,100,6.2,327.7,73.8,D,0
-23.4229,123.8137,347.6,1,1,2014-10-20,0535,Aqua,MODIS,45,6.2,322.9,25.3,D,0
-23.4215,123.8235,364.6,1,1,2014-10-20,0535,Aqua,MODIS,100,6.2,326.1,66.9,D,0
-23.4201,123.8332,384.9,1,1,2014-10-20,0535,Aqua,MODIS,100,6.2,333.3,140.1,D,0
-23.4575,123.8297,358.6,1,1,2014-10-20,0535,Aqua,MODIS,99,6.2,328.7,53,D,0
-22.8004,122.287,341.4,1,1,2014-10-20,0535,Aqua,MODIS,70,6.2,323.4,18.7,D,0
-22.8265,122.3014,345.9,1,1,2014-10-20,0535,Aqua,MODIS,73,6.2,324.8,25,D,0
-22.0286,127.3498,337,1.4,1.2,2014-10-20,0535,Aqua,MODIS,55,6.2,322.9,17.8,D,0
-22.0364,127.3443,338.4,1.4,1.2,2014-10-20,0535,Aqua,MODIS,67,6.2,322.1,20.5,D,0
-23.4636,123.8507,340.7,1,1,2014-10-20,0535,Aqua,MODIS,63,6.2,320.7,17.3,D,0
-23.465,123.841,351.6,1,1,2014-10-20,0535,Aqua,MODIS,93,6.2,321.2,37.2,D,0
-23.4546,123.8492,428.6,1,1,2014-10-20,0535,Aqua,MODIS,100,6.2,326.6,444.8,D,0
-23.456,123.8394,484.9,1,1,2014-10-20,0535,Aqua,MODIS,100,6.2,400.1,1250.1,D,0
-23.4456,123.8476,339.4,1,1,2014-10-20,0535,Aqua,MODIS,57,6.2,320.9,14.2,D,0
-23.4471,123.8379,346.7,1,1,2014-10-20,0535,Aqua,MODIS,88,6.2,322.5,26.8,D,0
-23.4248,123.864,344.2,1,1,2014-10-20,0535,Aqua,MODIS,48,6.2,311.6,25.1,D,0
-23.4262,123.8543,358.4,1,1,2014-10-20,0535,Aqua,MODIS,98,6.2,316,54.4,D,0
-23.413,123.882,360.9,1,1,2014-10-20,0535,Aqua,MODIS,0,6.2,310.5,12.6,D,0
-23.4158,123.8625,443.7,1,1,2014-10-20,0535,Aqua,MODIS,78,6.2,329,547,D,0
-23.4172,123.8527,501.3,1,1,2014-10-20,0535,Aqua,MODIS,100,6.2,400.1,1575.3,D,0
-23.4187,123.843,436.3,1,1,2014-10-20,0535,Aqua,MODIS,100,6.2,400.1,514.9,D,0
-23.404,123.8804,504.2,1,1,2014-10-20,0535,Aqua,MODIS,100,6.2,400.1,1631,D,0
-23.4054,123.8707,504.3,1,1,2014-10-20,0535,Aqua,MODIS,100,6.2,400.1,1610.1,D,0
-23.4068,123.8609,384,1,1,2014-10-20,0535,Aqua,MODIS,0,6.2,327.3,67.5,D,0
-22.6745,122.2753,340.7,1,1,2014-10-20,0535,Aqua,MODIS,46,6.2,319,21.5,D,0
-23.5254,123.09,336.6,1,1,2014-10-20,0535,Aqua,MODIS,51,6.2,323,10.1,D,0
-23.4082,123.8512,375.5,1,1,2014-10-20,0535,Aqua,MODIS,0,6.2,326.1,60.7,D,0
-23.5232,123.0392,341.9,1,1,2014-10-20,0535,Aqua,MODIS,83,6.2,324.6,20.5,D,0
-23.4989,123.09,339.7,1,1,2014-10-20,0535,Aqua,MODIS,33,6.2,322.8,14.5,D,0
-22.8526,122.3159,341.6,1,1,2014-10-20,0535,Aqua,MODIS,82,6.2,324.9,18.9,D,0
-23.4097,123.8414,373.1,1,1,2014-10-20,0535,Aqua,MODIS,100,6.2,326.7,86.1,D,0
-22.5372,122.3998,351.5,1,1,2014-10-20,0535,Aqua,MODIS,49,6.2,308.1,52.6,D,0
-22.5281,122.3984,447.2,1,1,2014-10-20,0535,Aqua,MODIS,100,6.2,327.8,683.7,D,0
-22.5295,122.3884,424.8,1,1,2014-10-20,0535,Aqua,MODIS,100,6.2,327,436.1,D,0
-22.519,122.3969,370.8,1,1,2014-10-20,0535,Aqua,MODIS,95,6.2,313.4,104.4,D,0
-22.5204,122.387,418.7,1,1,2014-10-20,0535,Aqua,MODIS,100,6.2,326.6,380.5,D,0
-23.3981,123.8639,418.1,1,1,2014-10-20,0535,Aqua,MODIS,0,6.2,400.1,347.7,D,0
-23.3995,123.8541,408.5,1,1,2014-10-20,0535,Aqua,MODIS,100,6.2,340,261.7,D,0
-23.4753,123.1263,364.1,1,1,2014-10-20,0535,Aqua,MODIS,100,6.2,322.7,71.4,D,0
-23.474,123.1362,342.7,1,1,2014-10-20,0535,Aqua,MODIS,56,6.2,320.3,22,D,0
-23.4844,123.1278,410.8,1,1,2014-10-20,0535,Aqua,MODIS,100,6.2,337.9,297.8,D,0
-23.483,123.1376,438.4,1,1,2014-10-20,0535,Aqua,MODIS,100,6.2,334.4,549,D,0
-23.492,123.1392,341.8,1,1,2014-10-20,0535,Aqua,MODIS,27,6.2,319.8,18.4,D,0
-23.5038,123.121,347.7,1,1,2014-10-20,0535,Aqua,MODIS,49,6.2,322.6,25.7,D,0
-23.6953,122.5231,337.8,1,1,2014-10-20,0535,Aqua,MODIS,47,6.2,323.4,12.1,D,0
-23.694,122.5332,382.7,1,1,2014-10-20,0535,Aqua,MODIS,100,6.2,328.9,143.4,D,0
-23.6926,122.5433,341.9,1,1,2014-10-20,0535,Aqua,MODIS,83,6.2,325.3,18.4,D,0
-22.5075,122.3589,393.9,1,1,2014-10-20,0535,Aqua,MODIS,100,6.2,323.3,204.5,D,0
-22.5089,122.3489,381.7,1,1,2014-10-20,0535,Aqua,MODIS,100,6.2,328.1,142.6,D,0
-22.5103,122.3389,353.2,1,1,2014-10-20,0535,Aqua,MODIS,94,6.2,318.5,47.3,D,0
-22.4984,122.3574,335.6,1,1,2014-10-20,0535,Aqua,MODIS,56,6.2,314.2,16,D,0
-22.4998,122.3474,347.7,1,1,2014-10-20,0535,Aqua,MODIS,89,6.2,319.9,37.9,D,0
-22.5011,122.3375,341,1,1,2014-10-20,0535,Aqua,MODIS,73,6.2,321.1,25.4,D,0
-22.492,122.336,393.2,1,1,2014-10-20,0535,Aqua,MODIS,100,6.2,317.9,200.2,D,0
-22.4934,122.326,382.4,1,1,2014-10-20,0535,Aqua,MODIS,100,6.2,321,146.1,D,0
-22.4947,122.3161,338.8,1,1,2014-10-20,0535,Aqua,MODIS,56,6.2,316.7,18.3,D,0
-22.843,122.3862,333.5,1,1,2014-10-20,0535,Aqua,MODIS,62,6.2,321,8.4,D,0
-22.0402,127.5125,354.7,1.4,1.2,2014-10-20,0535,Aqua,MODIS,96,6.2,320.5,79.8,D,0
-22.0531,127.5009,349.2,1.4,1.2,2014-10-20,0535,Aqua,MODIS,91,6.2,319.5,61.1,D,0
-22.0508,127.5146,334.6,1.4,1.2,2014-10-20,0535,Aqua,MODIS,62,6.2,317,20,D,0
-22.0705,127.4622,343.2,1.4,1.2,2014-10-20,0535,Aqua,MODIS,84,6.2,321.1,34.7,D,0
-22.0833,127.4507,347,1.4,1.2,2014-10-20,0535,Aqua,MODIS,84,6.2,324,42.1,D,0
-22.081,127.4643,382.2,1.4,1.2,2014-10-20,0535,Aqua,MODIS,100,6.2,330.2,220.3,D,0
-22.0787,127.4779,372.7,1.4,1.2,2014-10-20,0535,Aqua,MODIS,100,6.2,321.7,163.7,D,0
-22.0915,127.4664,387.8,1.4,1.2,2014-10-20,0535,Aqua,MODIS,100,6.2,328.2,262.2,D,0
-22.0892,127.48,403.6,1.4,1.2,2014-10-20,0535,Aqua,MODIS,100,6.2,323.9,411.9,D,0
-22.095,127.4728,362,1.4,1.2,2014-10-20,0535,Aqua,MODIS,100,6.2,322,106.8,D,0
-22.1102,127.4478,342.9,1.4,1.2,2014-10-20,0535,Aqua,MODIS,44,6.2,321.5,28.4,D,0
-22.1184,127.4634,354.2,1.4,1.2,2014-10-20,0535,Aqua,MODIS,90,6.2,323.5,67.9,D,0
-22.1161,127.477,365,1.4,1.2,2014-10-20,0535,Aqua,MODIS,100,6.2,320.8,119,D,0
-23.6858,122.5938,347.9,1,1,2014-10-20,0535,Aqua,MODIS,90,6.2,325.2,30.5,D,0
-23.6844,122.6038,340.8,1,1,2014-10-20,0535,Aqua,MODIS,81,6.2,323.1,17.6,D,0
-22.1266,127.4791,382.6,1.4,1.2,2014-10-20,0535,Aqua,MODIS,100,6.2,329.3,229.9,D,0
-22.4414,122.1679,384.5,1,1,2014-10-20,0535,Aqua,MODIS,100,6.2,326.9,160.6,D,0
-22.1371,127.4812,428.9,1.4,1.2,2014-10-20,0535,Aqua,MODIS,100,6.2,331.6,742.5,D,0
-21.8856,121.4644,334.2,1.1,1,2014-10-20,0535,Aqua,MODIS,50,6.2,320.6,9.6,D,0
-21.9007,121.4617,335.3,1.1,1,2014-10-20,0535,Aqua,MODIS,43,6.2,320.4,11.9,D,0
-22.2493,121.8144,341.8,1.1,1,2014-10-20,0535,Aqua,MODIS,74,6.2,323.1,22.8,D,0
-22.2963,118.7559,332.6,1.5,1.2,2014-10-20,0535,Aqua,MODIS,66,6.2,321.8,12.3,D,0
-22.0156,121.5071,334.6,1.1,1,2014-10-20,0535,Aqua,MODIS,58,6.2,321.9,11.8,D,0
-21.9761,122.8736,359.2,1,1,2014-10-20,0535,Aqua,MODIS,93,6.2,327.6,53.6,D,0
-22.2331,119.0128,337,1.5,1.2,2014-10-20,0535,Aqua,MODIS,77,6.2,322,28.5,D,0
-22.2315,119.027,336.7,1.5,1.2,2014-10-20,0535,Aqua,MODIS,76,6.2,321.6,27.1,D,0
-21.8994,121.4722,334.3,1.1,1,2014-10-20,0535,Aqua,MODIS,27,6.2,320.8,9.7,D,0
-22.009,121.4848,336.5,1.1,1,2014-10-20,0535,Aqua,MODIS,73,6.2,322.7,13.5,D,0
-22.0076,121.4952,366.7,1.1,1,2014-10-20,0535,Aqua,MODIS,100,6.2,326.2,89.8,D,0
-22.7911,117.6024,327.9,1.9,1.3,2014-10-20,0535,Aqua,MODIS,32,6.2,317.4,23.2,D,0
-21.8949,121.4658,335.6,1.1,1,2014-10-20,0535,Aqua,MODIS,68,6.2,320.9,11.8,D,0
-20.7696,122.3054,344.9,1,1,2014-10-20,0535,Aqua,MODIS,80,6.2,329.9,20.3,D,0
-20.7547,122.4118,341.8,1,1,2014-10-20,0535,Aqua,MODIS,80,6.2,325.9,20.1,D,0
-18.9383,131.963,364.5,3.4,1.7,2014-10-20,0535,Aqua,MODIS,100,6.2,308.5,492.8,D,0
-18.9431,131.956,368.3,3.4,1.7,2014-10-20,0535,Aqua,MODIS,100,6.2,308.7,557.8,D,0
-21.6067,120.8753,353.6,1.1,1.1,2014-10-20,0535,Aqua,MODIS,95,6.2,320,58.2,D,0
-20.7981,122.3661,346.7,1,1,2014-10-20,0535,Aqua,MODIS,88,6.2,327,24.3,D,0
-20.8031,122.3966,352.4,1,1,2014-10-20,0535,Aqua,MODIS,94,6.2,324.6,38.9,D,0
-21.0179,119.9194,343.5,1.2,1.1,2014-10-20,0535,Aqua,MODIS,85,6.2,321.6,31.5,D,0
-20.8017,122.4063,346.8,1,1,2014-10-20,0535,Aqua,MODIS,82,6.2,324,27.9,D,0
-20.8545,122.2263,346,1,1,2014-10-20,0535,Aqua,MODIS,88,6.2,325.7,25.5,D,0
-20.8636,122.2278,368.8,1,1,2014-10-20,0535,Aqua,MODIS,100,6.2,329.2,85,D,0
-20.8622,122.2375,352.6,1,1,2014-10-20,0535,Aqua,MODIS,94,6.2,322.7,39.8,D,0
-21.6107,120.8703,374.6,1.1,1.1,2014-10-20,0535,Aqua,MODIS,100,6.2,322.2,127.1,D,0
-21.002,119.9657,339.2,1.2,1.1,2014-10-20,0535,Aqua,MODIS,69,6.2,320,23.9,D,0
-20.907,122.4387,349.6,1,1,2014-10-20,0535,Aqua,MODIS,91,6.2,320.1,35.9,D,0
-21.6093,120.8811,374,1.1,1.1,2014-10-20,0535,Aqua,MODIS,100,6.2,321,125.7,D,0
-21.6029,120.8301,337,1.1,1.1,2014-10-20,0535,Aqua,MODIS,51,6.2,321.7,17.4,D,0
-20.9083,122.4291,360.5,1,1,2014-10-20,0535,Aqua,MODIS,100,6.2,324.9,61.3,D,0
-21.0034,119.9539,346.4,1.2,1.1,2014-10-20,0535,Aqua,MODIS,85,6.2,321.5,39.2,D,0
-21.0064,119.93,400.3,1.2,1.1,2014-10-20,0535,Aqua,MODIS,100,6.2,326,315.7,D,0
-21.0079,119.9179,366.9,1.2,1.1,2014-10-20,0535,Aqua,MODIS,100,6.2,323.3,110.4,D,0
-20.8993,122.4276,343.1,1,1,2014-10-20,0535,Aqua,MODIS,76,6.2,322,22.1,D,0
-20.9006,122.4179,340.5,1,1,2014-10-20,0535,Aqua,MODIS,46,6.2,324.1,17.1,D,0
-20.7769,122.4516,354.6,1,1,2014-10-20,0535,Aqua,MODIS,96,6.2,323.6,43.9,D,0
-21.4313,123.0895,401.5,1,1,2014-10-20,0535,Aqua,MODIS,100,6.2,326.4,238.2,D,0
-21.5454,120.8214,358.7,1.1,1.1,2014-10-20,0535,Aqua,MODIS,99,6.2,323.5,67.6,D,0
-20.9465,120.3197,346.8,1.2,1.1,2014-10-20,0535,Aqua,MODIS,89,6.2,323,38,D,0
-21.6014,120.841,356,1.1,1.1,2014-10-20,0535,Aqua,MODIS,97,6.2,323.4,63.4,D,0
-20.7783,122.442,347.7,1,1,2014-10-20,0535,Aqua,MODIS,83,6.2,326.1,27.7,D,0
-21.4455,122.9244,335.4,1,1,2014-10-20,0535,Aqua,MODIS,64,6.2,321.6,10.6,D,0
-20.7316,122.3785,339.6,1,1,2014-10-20,0535,Aqua,MODIS,64,6.2,324.9,11.6,D,0
-18.9309,131.8545,328,3.3,1.7,2014-10-20,0535,Aqua,MODIS,35,6.2,299.4,81.4,D,0
-21.5276,120.8077,366.6,1.1,1.1,2014-10-20,0535,Aqua,MODIS,100,6.2,322.5,96.4,D,0
-21.4327,123.0799,351.6,1,1,2014-10-20,0535,Aqua,MODIS,93,6.2,324,39.9,D,0
-21.4223,123.088,380.5,1,1,2014-10-20,0535,Aqua,MODIS,100,6.2,320.6,129.8,D,0
-18.9247,131.8859,351.4,3.4,1.7,2014-10-20,0535,Aqua,MODIS,88,6.2,299.9,299.3,D,0
-18.9339,131.9208,331.7,3.4,1.7,2014-10-20,0535,Aqua,MODIS,30,6.2,305.1,88.2,D,0
-18.9493,131.9242,330.1,3.4,1.7,2014-10-20,0535,Aqua,MODIS,56,6.2,304.9,81.4,D,0
-20.945,120.331,337,1.2,1.1,2014-10-20,0535,Aqua,MODIS,68,6.2,319.1,16.1,D,0
-20.9473,120.3252,346.8,1.2,1.1,2014-10-20,0535,Aqua,MODIS,81,6.2,321.6,34.3,D,0
-21.7054,120.8174,341,1.1,1.1,2014-10-20,0535,Aqua,MODIS,38,6.2,322.2,24,D,0
-21.71,120.8134,372.9,1.1,1.1,2014-10-20,0535,Aqua,MODIS,100,6.2,324.2,121.9,D,0
-20.7533,122.4215,338,1,1,2014-10-20,0535,Aqua,MODIS,51,6.2,323.7,14,D,0
-21.7086,120.8244,356.9,1.1,1.1,2014-10-20,0535,Aqua,MODIS,96,6.2,321.2,63.4,D,0
-20.737,122.3398,342.5,1,1,2014-10-20,0535,Aqua,MODIS,35,6.2,324.8,14.9,D,0
-21.6425,120.7742,348.3,1.1,1.1,2014-10-20,0535,Aqua,MODIS,90,6.2,322.2,40,D,0
-21.4237,123.0784,370.6,1,1,2014-10-20,0535,Aqua,MODIS,100,6.2,326.2,93.1,D,0
-21.425,123.0688,343.4,1,1,2014-10-20,0535,Aqua,MODIS,85,6.2,324,23.3,D,0
-21.6521,120.7757,339.4,1.1,1.1,2014-10-20,0535,Aqua,MODIS,79,6.2,320,22.2,D,0
-21.7182,120.8259,361.5,1.1,1.1,2014-10-20,0535,Aqua,MODIS,100,6.2,319.1,80.9,D,0
-18.9448,131.9312,349.9,3.4,1.7,2014-10-20,0535,Aqua,MODIS,93,6.2,306.3,278.3,D,0
-21.5262,120.8187,346.3,1.1,1.1,2014-10-20,0535,Aqua,MODIS,88,6.2,320.4,35.1,D,0
-21.7196,120.8149,336.6,1.1,1.1,2014-10-20,0535,Aqua,MODIS,38,6.2,318.9,16.3,D,0
-20.7343,122.3591,343.1,1,1,2014-10-20,0535,Aqua,MODIS,64,6.2,326.9,16.4,D,0
-21.6,120.852,345.4,1.1,1.1,2014-10-20,0535,Aqua,MODIS,81,6.2,320,35.2,D,0
-21.6096,120.8535,340.3,1.1,1.1,2014-10-20,0535,Aqua,MODIS,80,6.2,322.4,25.5,D,0
-21.544,120.8324,349.1,1.1,1.1,2014-10-20,0535,Aqua,MODIS,90,6.2,319.5,43.3,D,0
-20.8536,122.1664,340.7,1,1,2014-10-20,0535,Aqua,MODIS,78,6.2,326.6,13.6,D,0
-20.8431,122.1747,339.8,1,1,2014-10-20,0535,Aqua,MODIS,52,6.2,326,12,D,0
-20.7357,122.3495,344.2,1,1,2014-10-20,0535,Aqua,MODIS,74,6.2,326.5,18.4,D,0
-20.916,122.4402,339.5,1,1,2014-10-20,0535,Aqua,MODIS,73,6.2,320.4,18.6,D,0
-21.0219,119.9687,343.9,1.2,1.1,2014-10-20,0535,Aqua,MODIS,80,6.2,318.1,35.1,D,0
-21.0119,119.9672,336.1,1.2,1.1,2014-10-20,0535,Aqua,MODIS,47,6.2,318.9,18.2,D,0
-21.0134,119.9553,360,1.2,1.1,2014-10-20,0535,Aqua,MODIS,100,6.2,321.3,82.6,D,0
-21.0149,119.9434,406,1.2,1.1,2014-10-20,0535,Aqua,MODIS,100,6.2,328.3,363.2,D,0
-21.0164,119.9314,338.9,1.2,1.1,2014-10-20,0535,Aqua,MODIS,73,6.2,320.1,21.4,D,0
-20.9047,122.3889,339,1,1,2014-10-20,0535,Aqua,MODIS,71,6.2,323.6,14.2,D,0
-20.7461,122.3413,350.6,1,1,2014-10-20,0535,Aqua,MODIS,83,6.2,328.5,29.4,D,0
-20.7474,122.3316,344.6,1,1,2014-10-20,0535,Aqua,MODIS,44,6.2,326.9,17.4,D,0
-21.6081,120.8644,365.4,1.1,1.1,2014-10-20,0535,Aqua,MODIS,100,6.2,323.1,96.2,D,0
-21.5536,120.8338,334.8,1.1,1.1,2014-10-20,0535,Aqua,MODIS,45,6.2,317,15,D,0
-21.5709,117.9434,336.2,1.7,1.3,2014-10-20,0535,Aqua,MODIS,52,6.2,319.6,31.4,D,0
-21.546,117.9563,340.5,1.7,1.3,2014-10-20,0535,Aqua,MODIS,64,6.2,318.9,44.4,D,0
-21.5478,117.9401,335.5,1.7,1.3,2014-10-20,0535,Aqua,MODIS,43,6.2,317.5,29.6,D,0
-19.9464,128.6091,342.6,1.8,1.3,2014-10-20,0535,Aqua,MODIS,81,6.2,316.2,63.3,D,0
-19.9252,128.6593,357.6,1.9,1.3,2014-10-20,0535,Aqua,MODIS,98,6.2,315.7,136.4,D,0
-19.9283,128.6417,368.2,1.9,1.3,2014-10-20,0535,Aqua,MODIS,100,6.2,319.9,210.7,D,0
-19.9314,128.6242,345,1.8,1.3,2014-10-20,0535,Aqua,MODIS,84,6.2,319,70.5,D,0
-19.9407,128.5718,331.1,1.8,1.3,2014-10-20,0535,Aqua,MODIS,26,6.2,312.9,22.6,D,0
-19.9102,128.6745,336,1.9,1.3,2014-10-20,0535,Aqua,MODIS,32,6.2,318,30,D,0
-19.9133,128.6569,357.4,1.9,1.3,2014-10-20,0535,Aqua,MODIS,98,6.2,321.1,134.5,D,0
-19.8927,128.6344,336,1.9,1.3,2014-10-20,0535,Aqua,MODIS,26,6.2,317.3,30.5,D,0
-19.8958,128.6169,343.9,1.8,1.3,2014-10-20,0535,Aqua,MODIS,85,6.2,315.5,65.9,D,0
-22.2786,127.4797,413.8,1.4,1.2,2014-10-20,0535,Aqua,MODIS,100,6.2,321.9,536,D,0
-22.281,127.4662,366.2,1.4,1.2,2014-10-20,0535,Aqua,MODIS,100,6.2,316.4,137.4,D,0
-22.2831,127.4889,355.2,1.4,1.2,2014-10-20,0535,Aqua,MODIS,91,6.2,307.3,91.8,D,0
-22.2854,127.4753,383,1.4,1.2,2014-10-20,0535,Aqua,MODIS,100,6.2,317.7,241.4,D,0
-22.2726,127.4868,346.2,1.4,1.2,2014-10-20,0535,Aqua,MODIS,83,6.2,310.3,57.1,D,0
-22.2749,127.4733,397.2,1.4,1.2,2014-10-20,0535,Aqua,MODIS,100,6.2,324.4,354.1,D,0
-22.2621,127.4847,370.7,1.4,1.2,2014-10-20,0535,Aqua,MODIS,100,6.2,312.5,161,D,0
-22.2644,127.4712,406.9,1.4,1.2,2014-10-20,0535,Aqua,MODIS,100,6.2,326.9,452,D,0
-22.2539,127.4691,408.5,1.4,1.2,2014-10-20,0535,Aqua,MODIS,100,6.2,327.8,467.9,D,0
-21.7047,117.9555,340.3,1.7,1.3,2014-10-20,0535,Aqua,MODIS,81,6.2,320,52.6,D,0
-21.6383,117.94,338.4,1.7,1.3,2014-10-20,0535,Aqua,MODIS,77,6.2,321.9,38.9,D,0
-21.4855,117.9911,337.9,1.7,1.3,2014-10-20,0535,Aqua,MODIS,72,6.2,317.9,39.3,D,0
-19.6834,128.3964,332.8,1.8,1.3,2014-10-20,0535,Aqua,MODIS,46,6.2,319.6,16.7,D,0
-19.6297,128.3788,338,1.8,1.3,2014-10-20,0535,Aqua,MODIS,52,6.2,320.6,29.3,D,0
-19.5354,126.9785,350.9,1.4,1.2,2014-10-20,0536,Aqua,MODIS,93,6.2,322.1,61.1,D,0
-19.5377,126.9649,358.1,1.4,1.2,2014-10-20,0536,Aqua,MODIS,98,6.2,325.2,89.8,D,0
-17.1832,132.8755,341.5,4.3,1.9,2014-10-20,0536,Aqua,MODIS,84,6.2,316.5,217,D,0
-17.1914,132.8358,341.2,4.3,1.9,2014-10-20,0536,Aqua,MODIS,84,6.2,317.3,204.8,D,0
-17.1828,132.8705,348.5,4.3,1.9,2014-10-20,0536,Aqua,MODIS,91,6.2,316.9,334.4,D,0
-17.1908,132.8307,341.9,4.3,1.9,2014-10-20,0536,Aqua,MODIS,84,6.2,317.2,223.1,D,0
-17.1658,132.8667,381.7,4.3,1.9,2014-10-20,0536,Aqua,MODIS,100,6.2,315.4,1186.8,D,0
-17.1738,132.8269,374.4,4.3,1.9,2014-10-20,0536,Aqua,MODIS,100,6.2,315,930.7,D,0
-17.1632,132.8582,376.9,4.3,1.9,2014-10-20,0536,Aqua,MODIS,100,6.2,314.2,1037.7,D,0
-17.1709,132.8184,346.5,4.3,1.9,2014-10-20,0536,Aqua,MODIS,89,6.2,311.5,312.3,D,0
-16.4796,131.1209,331.9,3.3,1.7,2014-10-20,0536,Aqua,MODIS,53,6.2,302.5,93.8,D,0
-16.4643,131.1176,345,3.3,1.7,2014-10-20,0536,Aqua,MODIS,89,6.2,305,207.1,D,0
-16.4489,131.1147,344,3.3,1.7,2014-10-20,0536,Aqua,MODIS,88,6.2,304.9,190.4,D,0
-16.4642,131.145,335.9,3.3,1.7,2014-10-20,0536,Aqua,MODIS,72,6.2,301.9,112.3,D,0
-16.4699,131.114,339.1,3.3,1.7,2014-10-20,0536,Aqua,MODIS,82,6.2,304.1,150,D,0
-16.4488,131.1419,332.2,3.3,1.7,2014-10-20,0536,Aqua,MODIS,52,6.2,306.3,79.5,D,0
-16.4545,131.111,354.3,3.3,1.7,2014-10-20,0536,Aqua,MODIS,96,6.2,305.8,319.3,D,0
-16.5081,131.2234,338,3.4,1.7,2014-10-20,0536,Aqua,MODIS,51,6.2,309.5,116.6,D,0
-16.4713,131.2477,340,3.4,1.7,2014-10-20,0536,Aqua,MODIS,53,6.2,311.4,121.3,D,0
-16.4623,131.2414,337.8,3.4,1.7,2014-10-20,0536,Aqua,MODIS,68,6.2,309.1,107.3,D,0
-16.4738,131.1793,330.7,3.4,1.7,2014-10-20,0536,Aqua,MODIS,45,6.2,297.4,68.6,D,0
-16.6128,129.5818,355.7,2.5,1.5,2014-10-20,0536,Aqua,MODIS,97,6.2,309.3,221.1,D,0
-20.0275,124.3651,352,1.1,1,2014-10-20,0536,Aqua,MODIS,93,6.2,321.2,42.1,D,0
-20.029,124.3551,372.2,1.1,1,2014-10-20,0536,Aqua,MODIS,100,6.2,324.1,103,D,0
-19.9791,124.3305,344.7,1.1,1,2014-10-20,0536,Aqua,MODIS,49,6.2,323.9,19.2,D,0
-20.0278,123.6943,346.3,1,1,2014-10-20,0536,Aqua,MODIS,52,6.2,318.1,33,D,0
-20.0293,123.6847,363.5,1,1,2014-10-20,0536,Aqua,MODIS,100,6.2,320.9,76.3,D,0
-20.0228,123.6668,351.3,1,1,2014-10-20,0536,Aqua,MODIS,93,6.2,317.6,46.8,D,0
-18.2658,126.6194,331,1.4,1.2,2014-10-20,0536,Aqua,MODIS,35,6.2,316.7,11.7,D,0
-18.2446,126.615,364.3,1.4,1.2,2014-10-20,0536,Aqua,MODIS,100,6.2,315.5,131.4,D,0
-18.2468,126.6014,364.7,1.4,1.2,2014-10-20,0536,Aqua,MODIS,100,6.2,319.1,132.4,D,0
-18.3765,132.5033,347.2,3.8,1.8,2014-10-20,0536,Aqua,MODIS,90,6.2,312.3,263.1,D,0
-18.3512,132.4604,337,3.8,1.8,2014-10-20,0536,Aqua,MODIS,59,6.2,313.5,137.5,D,0
-18.3583,132.425,364.6,3.8,1.8,2014-10-20,0536,Aqua,MODIS,100,6.2,311.4,573,D,0
-18.3096,132.3697,327.6,3.8,1.8,2014-10-20,0536,Aqua,MODIS,39,6.2,302.6,99.7,D,0
-18.9155,131.8792,352.6,3.4,1.7,2014-10-20,0536,Aqua,MODIS,72,6.2,292,313.7,D,0
-18.8631,131.8726,347.1,3.4,1.7,2014-10-20,0536,Aqua,MODIS,68,6.2,291.8,259.4,D,0
-18.8242,132.0641,344.8,3.5,1.8,2014-10-20,0536,Aqua,MODIS,88,6.2,308.3,205.3,D,0
-18.6369,132.3228,332.4,3.7,1.8,2014-10-20,0536,Aqua,MODIS,46,6.2,317.8,70.7,D,0
-18.3442,132.451,344.2,3.8,1.8,2014-10-20,0536,Aqua,MODIS,78,6.2,311.3,217.5,D,0
-18.0404,132.5154,331,3.9,1.8,2014-10-20,0536,Aqua,MODIS,31,6.2,312.9,67.6,D,0
-18.3025,132.4498,342.7,3.8,1.8,2014-10-20,0536,Aqua,MODIS,83,6.2,310.9,206.3,D,0
-18.2936,132.4109,331.2,3.8,1.8,2014-10-20,0536,Aqua,MODIS,20,6.2,306.2,118.4,D,0
-18.2886,132.4758,338.2,3.8,1.8,2014-10-20,0536,Aqua,MODIS,68,6.2,309.7,155.1,D,0
-18.2956,132.4402,337.5,3.8,1.8,2014-10-20,0536,Aqua,MODIS,64,6.2,308.4,160.2,D,0
-18.3026,132.4049,348,3.8,1.8,2014-10-20,0536,Aqua,MODIS,91,6.2,306.5,306.6,D,0
-20.7028,120.2488,367,1.2,1.1,2014-10-20,0536,Aqua,MODIS,100,6.2,322.7,99,D,0
-18.3008,132.3758,333.4,3.8,1.8,2014-10-20,0536,Aqua,MODIS,68,6.2,303.9,156.6,D,0
-18.8318,132.061,356.6,3.5,1.8,2014-10-20,0536,Aqua,MODIS,97,6.2,308.7,364.1,D,0
-18.8289,131.9929,341,3.4,1.7,2014-10-20,0536,Aqua,MODIS,73,6.2,306.1,172.6,D,0
-18.3511,132.4155,359.6,3.8,1.8,2014-10-20,0536,Aqua,MODIS,99,6.2,309.2,474.7,D,0
-20.7278,120.2869,351,1.2,1.1,2014-10-20,0536,Aqua,MODIS,93,6.2,322.7,47.1,D,0
-20.7803,120.2769,337,1.2,1.1,2014-10-20,0536,Aqua,MODIS,56,6.2,322.5,13.9,D,0
-20.7789,120.2882,352.7,1.2,1.1,2014-10-20,0536,Aqua,MODIS,94,6.2,325.2,52.4,D,0
-20.7774,120.2996,338,1.2,1.1,2014-10-20,0536,Aqua,MODIS,46,6.2,324,16.7,D,0
-18.8134,131.9895,347.2,3.4,1.7,2014-10-20,0536,Aqua,MODIS,80,6.2,303.1,242.6,D,0
-17.5126,132.9698,333,4.3,1.9,2014-10-20,0536,Aqua,MODIS,37,6.2,309,121.4,D,0
-20.7886,120.2897,343.7,1.2,1.1,2014-10-20,0536,Aqua,MODIS,75,6.2,322.2,28.4,D,0
-17.5467,132.9774,332.8,4.3,1.9,2014-10-20,0536,Aqua,MODIS,39,6.2,312.6,116.2,D,0
-17.53,132.9786,347.4,4.3,1.9,2014-10-20,0536,Aqua,MODIS,86,6.2,313.7,303.9,D,0
-20.7872,120.301,369.6,1.2,1.1,2014-10-20,0536,Aqua,MODIS,100,6.2,324.1,113.2,D,0
-17.5021,133.0019,337.9,4.3,1.9,2014-10-20,0536,Aqua,MODIS,75,6.2,311.4,179.9,D,0
-17.9913,132.5046,333.4,3.9,1.8,2014-10-20,0536,Aqua,MODIS,56,6.2,314.1,88,D,0
-17.5044,133.0101,340.5,4.3,1.9,2014-10-20,0536,Aqua,MODIS,80,6.2,311.8,212.7,D,0
-17.9953,132.5108,333.2,3.9,1.8,2014-10-20,0536,Aqua,MODIS,45,6.2,314,82.3,D,0
-18.7941,132.0865,337.7,3.5,1.8,2014-10-20,0536,Aqua,MODIS,73,6.2,307.1,125.2,D,0
-18.3421,132.4214,351.1,3.8,1.8,2014-10-20,0536,Aqua,MODIS,90,6.2,304.2,335.8,D,0
-20.7858,120.3124,378.9,1.2,1.1,2014-10-20,0536,Aqua,MODIS,100,6.2,322.7,158.9,D,0
-17.5305,133.0583,331.7,4.4,1.9,2014-10-20,0536,Aqua,MODIS,38,6.2,310.7,114.2,D,0
-16.3573,131.2853,334.5,3.4,1.7,2014-10-20,0536,Aqua,MODIS,67,6.2,309.6,85.4,D,0
-16.3622,131.279,330.5,3.4,1.7,2014-10-20,0536,Aqua,MODIS,51,6.2,310.6,56.7,D,0
-16.3467,131.2757,329.4,3.4,1.7,2014-10-20,0536,Aqua,MODIS,32,6.2,308.9,50.2,D,0
-17.9432,132.4487,334.8,3.9,1.8,2014-10-20,0536,Aqua,MODIS,67,6.2,313.9,108.2,D,0
-17.9495,132.4577,338.8,3.9,1.8,2014-10-20,0536,Aqua,MODIS,80,6.2,315,151.4,D,0
-18.3649,132.5054,348.4,3.8,1.8,2014-10-20,0536,Aqua,MODIS,91,6.2,313.6,278.2,D,0
-16.8558,124.5535,342.1,1.1,1.1,2014-10-20,0536,Aqua,MODIS,80,6.2,318.8,21.2,D,0
-16.8654,124.5552,345.4,1.1,1.1,2014-10-20,0536,Aqua,MODIS,87,6.2,319.1,28.3,D,0
-16.8637,124.5658,343.8,1.1,1.1,2014-10-20,0536,Aqua,MODIS,85,6.2,319.6,24.6,D,0
-16.8733,124.5675,339.6,1.1,1.1,2014-10-20,0536,Aqua,MODIS,79,6.2,319.7,16.2,D,0
-16.9548,124.5773,336.5,1.1,1.1,2014-10-20,0536,Aqua,MODIS,62,6.2,319.7,10.5,D,0
-17.0934,130.5594,334.8,2.9,1.6,2014-10-20,0536,Aqua,MODIS,72,6.2,314,58.5,D,0
-17.0928,130.5641,335,2.9,1.6,2014-10-20,0536,Aqua,MODIS,75,6.2,313.9,61.5,D,0
-17.6486,125.4884,339.5,1.3,1.1,2014-10-20,0536,Aqua,MODIS,78,6.2,320.7,19.4,D,0
-17.605,125.511,357.7,1.3,1.1,2014-10-20,0536,Aqua,MODIS,98,6.2,317.8,73.7,D,0
-17.8274,126.2226,333,1.4,1.2,2014-10-20,0536,Aqua,MODIS,30,6.2,314,18.9,D,0
-20.1083,123.5891,352,1,1,2014-10-20,0536,Aqua,MODIS,94,6.2,317.5,42.3,D,0
-20.0992,123.5876,356.4,1,1,2014-10-20,0536,Aqua,MODIS,97,6.2,319.1,53.5,D,0
-16.7608,124.5758,351.5,1.2,1.1,2014-10-20,0536,Aqua,MODIS,93,6.2,312.5,58.1,D,0
-17.8736,126.2367,335.3,1.4,1.2,2014-10-20,0536,Aqua,MODIS,62,6.2,318,18.6,D,0
-18.8254,132.0936,348.1,3.5,1.8,2014-10-20,0536,Aqua,MODIS,91,6.2,311.2,246.1,D,0
-18.8332,132.1001,339.1,3.5,1.8,2014-10-20,0536,Aqua,MODIS,70,6.2,310.3,137.1,D,0
-16.8313,124.5658,342.2,1.2,1.1,2014-10-20,0536,Aqua,MODIS,49,6.2,320.1,20.4,D,0
-18.3871,130.265,356.9,2.6,1.6,2014-10-20,0536,Aqua,MODIS,97,6.2,309.6,234.2,D,0
-18.4155,130.2274,335.7,2.6,1.5,2014-10-20,0536,Aqua,MODIS,58,6.2,311.4,57.1,D,0
-18.411,130.2517,356.9,2.6,1.6,2014-10-20,0536,Aqua,MODIS,97,6.2,314.5,222.3,D,0
-18.4747,130.245,332.7,2.6,1.5,2014-10-20,0536,Aqua,MODIS,60,6.2,317,34.2,D,0
-20.0704,124.3314,338.6,1.1,1,2014-10-20,0536,Aqua,MODIS,39,6.2,323.3,10.9,D,0
-20.0719,124.3214,347.1,1.1,1,2014-10-20,0536,Aqua,MODIS,89,6.2,324.9,28.2,D,0
-16.833,124.5551,347.5,1.1,1.1,2014-10-20,0536,Aqua,MODIS,90,6.2,320.1,35.4,D,0
-16.8234,124.5534,352.8,1.1,1.1,2014-10-20,0536,Aqua,MODIS,94,6.2,318,50.7,D,0
-16.8138,124.5517,341,1.1,1.1,2014-10-20,0536,Aqua,MODIS,52,6.2,316.3,22.3,D,0
-16.7992,124.5823,350.8,1.2,1.1,2014-10-20,0536,Aqua,MODIS,73,6.2,321.5,41.5,D,0
-16.8042,124.5501,356,1.1,1.1,2014-10-20,0536,Aqua,MODIS,97,6.2,316.3,61.1,D,0
-16.793,124.5592,356.8,1.2,1.1,2014-10-20,0536,Aqua,MODIS,93,6.2,316.1,61.6,D,0
-16.7947,124.5485,360.9,1.1,1.1,2014-10-20,0536,Aqua,MODIS,100,6.2,315.6,79.5,D,0
-17.7797,126.076,338.7,1.4,1.2,2014-10-20,0536,Aqua,MODIS,78,6.2,313.4,29.4,D,0
-17.7425,126.1083,341.5,1.4,1.2,2014-10-20,0536,Aqua,MODIS,82,6.2,317.3,36.2,D,0
-17.7466,126.0832,332.7,1.4,1.2,2014-10-20,0536,Aqua,MODIS,51,6.2,316.4,15.1,D,0
-17.7487,126.0705,331.5,1.4,1.2,2014-10-20,0536,Aqua,MODIS,36,6.2,315.2,12.5,D,0
-17.8692,126.2625,343.5,1.4,1.2,2014-10-20,0536,Aqua,MODIS,85,6.2,315.1,41.3,D,0
-17.8714,126.2497,356.6,1.4,1.2,2014-10-20,0536,Aqua,MODIS,97,6.2,316.5,85.9,D,0
-17.8649,126.2561,358.1,1.4,1.2,2014-10-20,0536,Aqua,MODIS,98,6.2,315.6,93.4,D,0
-17.8544,126.2541,332.2,1.4,1.2,2014-10-20,0536,Aqua,MODIS,28,6.2,313.1,16.3,D,0
-16.8118,124.6286,350.8,1.2,1.1,2014-10-20,0536,Aqua,MODIS,93,6.2,318.7,48.1,D,0
-16.7755,124.5452,335.2,1.1,1.1,2014-10-20,0536,Aqua,MODIS,68,6.2,310,20.9,D,0
-18.4064,130.2762,336.7,2.6,1.6,2014-10-20,0536,Aqua,MODIS,63,6.2,312.5,60.4,D,0
-18.3879,130.298,333.6,2.6,1.6,2014-10-20,0536,Aqua,MODIS,37,6.2,309.8,48.1,D,0
-18.3925,130.2734,415.5,2.6,1.6,2014-10-20,0536,Aqua,MODIS,100,6.2,316.3,1370.1,D,0
-16.8021,124.627,352.3,1.2,1.1,2014-10-20,0536,Aqua,MODIS,94,6.2,315.3,54,D,0
-16.7976,124.593,384.2,1.2,1.1,2014-10-20,0536,Aqua,MODIS,100,6.2,320,177.2,D,0
-18.3972,130.2489,396.5,2.6,1.6,2014-10-20,0536,Aqua,MODIS,100,6.2,316.2,855.7,D,0
-16.8365,124.4682,336.3,1.1,1.1,2014-10-20,0536,Aqua,MODIS,51,6.2,318.3,14.9,D,0
-16.8445,130.4882,336.8,2.9,1.6,2014-10-20,0536,Aqua,MODIS,78,6.2,313.1,91.7,D,0
-16.788,124.5914,349.8,1.2,1.1,2014-10-20,0536,Aqua,MODIS,85,6.2,318.2,43.7,D,0
-16.8457,130.496,332,2.9,1.6,2014-10-20,0536,Aqua,MODIS,59,6.2,313.2,58.4,D,0
-16.8312,130.4928,355.2,2.9,1.6,2014-10-20,0536,Aqua,MODIS,96,6.2,312.4,259.3,D,0
-16.78,124.579,344.7,1.2,1.1,2014-10-20,0536,Aqua,MODIS,80,6.2,318.3,34.1,D,0
-16.7817,124.5682,343.4,1.2,1.1,2014-10-20,0536,Aqua,MODIS,23,6.2,315.7,29.7,D,0
-16.7834,124.5575,384.9,1.2,1.1,2014-10-20,0536,Aqua,MODIS,100,6.2,320,186.4,D,0
-16.7851,124.5468,354.2,1.1,1.1,2014-10-20,0536,Aqua,MODIS,95,6.2,313.6,62.4,D,0
-20.0792,123.5349,337.5,1,1,2014-10-20,0536,Aqua,MODIS,69,6.2,320.3,13.3,D,0
-16.8363,130.4662,336.5,2.9,1.6,2014-10-20,0536,Aqua,MODIS,72,6.2,309.9,87.7,D,0
-16.825,130.5122,334.3,2.9,1.6,2014-10-20,0536,Aqua,MODIS,70,6.2,311.2,66.8,D,0
-16.83,130.485,352.4,2.9,1.6,2014-10-20,0536,Aqua,MODIS,94,6.2,312.1,229.2,D,0
-17.8151,126.1672,332.3,1.4,1.2,2014-10-20,0536,Aqua,MODIS,43,6.2,313.9,14.9,D,0
-17.8172,126.1543,343.1,1.4,1.2,2014-10-20,0536,Aqua,MODIS,84,6.2,314.6,43.7,D,0
-17.8131,126.1148,334.2,1.4,1.2,2014-10-20,0536,Aqua,MODIS,67,6.2,314.6,21.4,D,0
-17.8152,126.1021,330.9,1.4,1.2,2014-10-20,0536,Aqua,MODIS,49,6.2,315.7,14.7,D,0
-18.8356,132.1693,332.3,3.5,1.8,2014-10-20,0536,Aqua,MODIS,46,6.2,313.3,73.8,D,0
-16.9682,124.4921,341.9,1.1,1.1,2014-10-20,0536,Aqua,MODIS,83,6.2,321.7,23.3,D,0
-18.4017,130.2245,330.3,2.6,1.5,2014-10-20,0536,Aqua,MODIS,33,6.2,310.6,33.9,D,0
-18.3827,130.2896,337.6,2.6,1.6,2014-10-20,0536,Aqua,MODIS,77,6.2,307.6,79,D,0
-16.7704,124.5774,371,1.2,1.1,2014-10-20,0536,Aqua,MODIS,100,6.2,318.2,120.4,D,0
-16.7721,124.5666,360,1.2,1.1,2014-10-20,0536,Aqua,MODIS,100,6.2,313.7,79.7,D,0
-16.5026,127.3288,351.7,1.7,1.3,2014-10-20,0536,Aqua,MODIS,94,6.2,316.7,98.8,D,0
-16.5052,127.3127,353.2,1.7,1.3,2014-10-20,0536,Aqua,MODIS,95,6.2,314.1,109.4,D,0
-16.491,127.3266,342.7,1.7,1.3,2014-10-20,0536,Aqua,MODIS,84,6.2,312.6,63.4,D,0
-16.7738,124.5559,382.8,1.2,1.1,2014-10-20,0536,Aqua,MODIS,100,6.2,313.6,178.9,D,0
-18.4201,130.2031,338,2.6,1.5,2014-10-20,0536,Aqua,MODIS,78,6.2,311.2,75.2,D,0
-18.4246,130.1789,332.2,2.6,1.5,2014-10-20,0536,Aqua,MODIS,51,6.2,312.9,42.6,D,0
-16.4999,127.3451,358.3,1.7,1.3,2014-10-20,0536,Aqua,MODIS,98,6.2,315.5,132.1,D,0
-18.7559,132.1391,336,3.5,1.8,2014-10-20,0536,Aqua,MODIS,59,6.2,316.3,85.7,D,0
-18.7495,132.1723,348.4,3.6,1.8,2014-10-20,0536,Aqua,MODIS,91,6.2,315.4,215.3,D,0
-18.7496,132.1454,345.4,3.5,1.8,2014-10-20,0536,Aqua,MODIS,89,6.2,316.2,187,D,0
-18.7429,132.1786,342.3,3.6,1.8,2014-10-20,0536,Aqua,MODIS,86,6.2,314.5,145.3,D,0
-18.7876,132.1193,389.6,3.5,1.8,2014-10-20,0536,Aqua,MODIS,100,6.2,310.8,1081.9,D,0
-18.781,132.1524,360.2,3.5,1.8,2014-10-20,0536,Aqua,MODIS,100,6.2,312.4,394.1,D,0
-18.8033,132.1228,344.4,3.5,1.8,2014-10-20,0536,Aqua,MODIS,85,6.2,313.5,180.3,D,0
-18.7968,132.1559,339.5,3.5,1.8,2014-10-20,0536,Aqua,MODIS,83,6.2,315.8,118.5,D,0
-16.5048,127.3035,346.4,1.7,1.3,2014-10-20,0536,Aqua,MODIS,83,6.2,309.8,80.1,D,0
-16.5021,127.3192,370.7,1.7,1.3,2014-10-20,0536,Aqua,MODIS,100,6.2,315.8,217.6,D,0
-16.4992,127.3355,362.5,1.7,1.3,2014-10-20,0536,Aqua,MODIS,100,6.2,316.3,158.4,D,0
-16.4964,127.3517,348.8,1.7,1.3,2014-10-20,0536,Aqua,MODIS,92,6.2,313.2,81.6,D,0
-20.0017,123.4955,395.6,1,1,2014-10-20,0536,Aqua,MODIS,100,6.2,324.9,203.7,D,0
-16.7704,122.8813,377,1,1,2014-10-20,0536,Aqua,MODIS,100,6.2,312.7,123.2,D,0
-19.9056,123.4641,355,1,1,2014-10-20,0536,Aqua,MODIS,75,6.2,318.4,49.2,D,0
-16.7628,122.8703,381.1,1,1,2014-10-20,0536,Aqua,MODIS,100,6.2,314.1,142.3,D,0
-16.7642,122.8609,350.8,1,1,2014-10-20,0536,Aqua,MODIS,88,6.2,312.9,45,D,0
-16.8543,123.0668,340.2,1,1,2014-10-20,0536,Aqua,MODIS,81,6.2,316.1,23.2,D,0
-19.9203,123.4272,344.5,1,1,2014-10-20,0536,Aqua,MODIS,86,6.2,323.6,21.3,D,0
-19.9147,123.4656,358.2,1,1,2014-10-20,0536,Aqua,MODIS,93,6.2,314.1,56.6,D,0
-16.8582,122.5964,328.9,1,1,2014-10-20,0536,Aqua,MODIS,51,6.2,308.4,11.6,D,0
-20.0003,123.5051,342.1,1,1,2014-10-20,0536,Aqua,MODIS,81,6.2,320.9,18.9,D,0
-20.0107,123.497,354.2,1,1,2014-10-20,0536,Aqua,MODIS,95,6.2,320.2,45.6,D,0
-16.8486,123.1049,336.7,1,1,2014-10-20,0536,Aqua,MODIS,58,6.2,314.9,15.3,D,0
-16.7551,122.8594,333,1,1,2014-10-20,0536,Aqua,MODIS,67,6.2,309.3,15,D,0
-16.7565,122.85,335.1,1,1,2014-10-20,0536,Aqua,MODIS,63,6.2,310.2,17.1,D,0
-16.8557,123.0572,338.3,1,1,2014-10-20,0536,Aqua,MODIS,78,6.2,316.3,18.9,D,0
-20.0093,123.5066,352.8,1,1,2014-10-20,0536,Aqua,MODIS,94,6.2,319.6,41.1,D,0
-16.8508,130.4693,342.1,2.9,1.6,2014-10-20,0536,Aqua,MODIS,85,6.2,310.7,135.4,D,0
-16.8639,130.4646,333.8,2.9,1.6,2014-10-20,0536,Aqua,MODIS,63,6.2,308.3,71.7,D,0
-16.9575,130.4624,331,2.9,1.6,2014-10-20,0536,Aqua,MODIS,35,6.2,311.2,54,D,0
-16.7718,122.8718,360.1,1,1,2014-10-20,0536,Aqua,MODIS,100,6.2,313.9,67.2,D,0
-19.9183,123.3779,340.8,1,1,2014-10-20,0536,Aqua,MODIS,70,6.2,325.1,15,D,0
-19.9197,123.3683,338.1,1,1,2014-10-20,0536,Aqua,MODIS,55,6.2,323,10.5,D,0
-16.7656,122.8514,372.6,1,1,2014-10-20,0536,Aqua,MODIS,75,6.2,312.9,107.2,D,0
-16.7614,122.8798,351.1,1,1,2014-10-20,0536,Aqua,MODIS,93,6.2,309.6,47,D,0
-16.6841,122.9101,333.4,1,1,2014-10-20,0537,Aqua,MODIS,47,6.2,312.2,13.8,D,0
-12.9121,130.5468,316.7,3.6,1.8,2014-10-20,0537,Aqua,MODIS,25,6.2,290.6,33.1,D,0
-12.918,130.5146,318.7,3.5,1.8,2014-10-20,0537,Aqua,MODIS,33,6.2,292.1,40.2,D,0
-16.6555,122.9152,334.5,1,1,2014-10-20,0537,Aqua,MODIS,59,6.2,312.2,14.5,D,0
-11.7374,130.5499,325,3.8,1.8,2014-10-20,0537,Aqua,MODIS,68,6.2,297.8,91.5,D,0
-16.3467,123.9959,328.1,1.1,1,2014-10-20,0537,Aqua,MODIS,48,6.2,311.5,10.1,D,0
-11.7436,130.5156,321.3,3.7,1.8,2014-10-20,0537,Aqua,MODIS,74,6.2,295.6,67.7,D,0
-16.666,122.9072,331.7,1,1,2014-10-20,0537,Aqua,MODIS,41,6.2,310.4,10.9,D,0
-12.9337,130.5177,318.5,3.5,1.8,2014-10-20,0537,Aqua,MODIS,17,6.2,291.5,37.9,D,0
-16.675,122.9086,333,1,1,2014-10-20,0537,Aqua,MODIS,35,6.2,312.1,12.3,D,0
-15.3443,125.4257,328.3,1.3,1.1,2014-10-20,0537,Aqua,MODIS,46,6.2,305.6,15.3,D,0
-13.6082,130.0927,326,3.2,1.7,2014-10-20,0537,Aqua,MODIS,53,6.2,292.8,77.8,D,0
-15.5337,125.3948,357.7,1.3,1.1,2014-10-20,0537,Aqua,MODIS,98,6.2,308.1,99.8,D,0
-15.3648,125.4293,374.8,1.3,1.1,2014-10-20,0537,Aqua,MODIS,100,6.2,308.1,182.1,D,0
-15.3372,125.4177,324.9,1.3,1.1,2014-10-20,0537,Aqua,MODIS,50,6.2,304.6,10.2,D,0
-14.4653,127.1084,330.3,1.8,1.3,2014-10-20,0537,Aqua,MODIS,73,6.2,296.2,40.6,D,0
-13.645,130.3816,329.9,3.3,1.7,2014-10-20,0537,Aqua,MODIS,60,6.2,298.9,82.3,D,0
-13.6101,130.0855,328.6,3.2,1.7,2014-10-20,0537,Aqua,MODIS,55,6.2,294.5,95.9,D,0
-15.5439,125.3967,332.7,1.3,1.1,2014-10-20,0537,Aqua,MODIS,50,6.2,307.2,25.4,D,0
-14.4454,126.8697,335.7,1.7,1.3,2014-10-20,0537,Aqua,MODIS,77,6.2,305.6,44,D,0
-15.5317,125.4069,341.8,1.3,1.1,2014-10-20,0537,Aqua,MODIS,82,6.2,304.3,50,D,0
-13.6046,130.369,340.7,3.3,1.7,2014-10-20,0537,Aqua,MODIS,83,6.2,299.2,165.8,D,0
-14.4505,126.8653,328.6,1.7,1.3,2014-10-20,0537,Aqua,MODIS,44,6.2,303.7,26.3,D,0
-15.3463,125.4133,332.5,1.3,1.1,2014-10-20,0537,Aqua,MODIS,75,6.2,306.8,22.9,D,0
-15.3628,125.4418,355.4,1.3,1.1,2014-10-20,0537,Aqua,MODIS,97,6.2,304.4,92.8,D,0
-15.3566,125.4151,327.2,1.3,1.1,2014-10-20,0537,Aqua,MODIS,63,6.2,306.5,13.9,D,0
-11.7983,130.1215,318.1,3.5,1.8,2014-10-20,0537,Aqua,MODIS,35,6.2,295.3,46.9,D,0
-11.8039,130.0904,317.7,3.4,1.7,2014-10-20,0537,Aqua,MODIS,16,6.2,294.4,43.8,D,0
-16.1562,125.6605,362.8,1.4,1.2,2014-10-20,0537,Aqua,MODIS,75,6.2,311.3,118.2,D,0
-15.3545,125.4275,355.8,1.3,1.1,2014-10-20,0537,Aqua,MODIS,97,6.2,308.4,92.2,D,0
-15.3525,125.44,327.3,1.3,1.1,2014-10-20,0537,Aqua,MODIS,63,6.2,304.3,16.3,D,0
-15.3668,125.4168,327.5,1.3,1.1,2014-10-20,0537,Aqua,MODIS,64,6.2,305.5,15.8,D,0
-15.9045,126.1394,340.9,1.5,1.2,2014-10-20,0537,Aqua,MODIS,74,6.2,312,50.5,D,0
-15.5459,125.3844,341.2,1.3,1.1,2014-10-20,0537,Aqua,MODIS,86,6.2,307.9,44.4,D,0
-15.5479,125.3719,335.7,1.3,1.1,2014-10-20,0537,Aqua,MODIS,76,6.2,306,31.2,D,0
-15.5357,125.3828,330.9,1.3,1.1,2014-10-20,0537,Aqua,MODIS,58,6.2,306.7,22.3,D,0
-15.6204,126.0572,339.2,1.5,1.2,2014-10-20,0537,Aqua,MODIS,79,6.2,298.9,44.2,D,0
-15.6226,126.0436,334.8,1.5,1.2,2014-10-20,0537,Aqua,MODIS,74,6.2,304.3,33.9,D,0
-15.593,126.0596,334,1.5,1.2,2014-10-20,0537,Aqua,MODIS,44,6.2,303.2,32.5,D,0
-15.7053,125.5387,333.1,1.3,1.2,2014-10-20,0537,Aqua,MODIS,60,6.2,304.7,27.2,D,0
-15.608,125.9995,342,1.4,1.2,2014-10-20,0537,Aqua,MODIS,60,6.2,305.8,53.4,D,0
-15.6038,125.9921,331.8,1.4,1.2,2014-10-20,0537,Aqua,MODIS,61,6.2,304,27.6,D,0
-15.5923,126.0938,337.2,1.5,1.2,2014-10-20,0537,Aqua,MODIS,55,6.2,306.5,35.6,D,0
-15.5967,126.0669,375.9,1.5,1.2,2014-10-20,0537,Aqua,MODIS,94,6.2,307.6,213.2,D,0
-15.6016,126.075,345.9,1.5,1.2,2014-10-20,0537,Aqua,MODIS,90,6.2,307.7,65.5,D,0
-15.5909,126.073,334,1.5,1.2,2014-10-20,0537,Aqua,MODIS,63,6.2,297.1,33,D,0
-15.6137,126.0977,344.5,1.5,1.2,2014-10-20,0537,Aqua,MODIS,89,6.2,310.4,55.5,D,0
-15.6159,126.0843,339.5,1.5,1.2,2014-10-20,0537,Aqua,MODIS,73,6.2,311.4,42,D,0
-13.707,132.3618,330.9,4.7,2,2014-10-20,0537,Aqua,MODIS,47,6.2,306,122.4,D,0
-13.7281,132.5345,333.9,4.8,2,2014-10-20,0537,Aqua,MODIS,80,6.2,305.3,191.7,D,0
-13.7268,132.5423,331.4,4.8,2,2014-10-20,0537,Aqua,MODIS,68,6.2,305.3,155.6,D,0
-11.6432,130.5195,328.7,3.8,1.8,2014-10-20,0538,Aqua,MODIS,44,6.2,300.5,102.6,D,0
-11.8036,130.1149,328.4,3.5,1.8,2014-10-20,0538,Aqua,MODIS,59,6.2,295.8,106.6,D,0
-41.5691,146.8919,305.5,1,1,2014-10-20,1316,Terra,MODIS,65,6.2,276,11.7,N,0
-25.6689,146.5827,302.7,1.7,1.3,2014-10-20,1320,Terra,MODIS,51,6.2,290.6,12,N,0
-24.7668,151.6731,301.3,3.9,1.8,2014-10-20,1320,Terra,MODIS,25,6.2,286.7,40.6,N,0
-24.6787,151.8089,300.8,4,1.9,2014-10-20,1320,Terra,MODIS,34,6.2,285.8,45.9,N,0
-24.7829,151.6781,300.2,3.9,1.8,2014-10-20,1320,Terra,MODIS,12,6.2,287,37.6,N,0
-24.7784,151.6715,302.8,3.9,1.8,2014-10-20,1320,Terra,MODIS,50,6.2,287.2,48.8,N,0
-24.9668,148.2125,304.5,2.2,1.4,2014-10-20,1321,Terra,MODIS,60,6.2,281.7,25,N,0
-24.9713,148.1893,300.3,2.2,1.4,2014-10-20,1321,Terra,MODIS,23,6.2,281,17.5,N,0
-20.6879,143.2515,325.8,1.3,1.1,2014-10-20,1322,Terra,MODIS,100,6.2,296.1,32.5,N,0
-20.7323,139.4767,315.2,1,1,2014-10-20,1322,Terra,MODIS,91,6.2,297.1,11.8,N,2
-19.6789,143.5201,308.6,1.3,1.1,2014-10-20,1322,Terra,MODIS,75,6.2,294.9,11.1,N,0
-18.2779,145.9351,309.5,2.1,1.4,2014-10-20,1322,Terra,MODIS,78,6.2,288.6,36,N,0
-15.1647,142.251,335,1.3,1.1,2014-10-20,1323,Terra,MODIS,100,6.2,296.3,46.4,N,0
-15.3878,143.0272,308.3,1.5,1.2,2014-10-20,1323,Terra,MODIS,67,6.2,293.1,11.8,N,0
-15.1792,142.0926,346.8,1.3,1.1,2014-10-20,1323,Terra,MODIS,100,6.2,296,76.5,N,0
-15.1863,142.18,327.7,1.3,1.1,2014-10-20,1323,Terra,MODIS,100,6.2,295.6,31.1,N,0
-15.1685,142.2267,320.1,1.3,1.1,2014-10-20,1323,Terra,MODIS,97,6.2,295.7,17.6,N,0
-16.5072,141.7821,315.2,1.2,1.1,2014-10-20,1323,Terra,MODIS,91,6.2,295,14.8,N,0
-15.1818,142.1422,322.4,1.3,1.1,2014-10-20,1323,Terra,MODIS,100,6.2,290.9,25,N,0
-15.1704,142.2146,326.4,1.3,1.1,2014-10-20,1323,Terra,MODIS,100,6.2,296.7,27.3,N,0
-15.1761,142.1783,363.7,1.3,1.1,2014-10-20,1323,Terra,MODIS,100,6.2,298.2,134.7,N,0
-16.4112,142.3922,314.6,1.3,1.1,2014-10-20,1323,Terra,MODIS,45,6.2,295.4,12.8,N,0
-15.1874,142.1063,364.7,1.3,1.1,2014-10-20,1323,Terra,MODIS,100,6.2,297.5,140.8,N,0
-15.1823,142.3233,315,1.3,1.1,2014-10-20,1323,Terra,MODIS,90,6.2,294.3,16.4,N,0
-16.5043,142.452,308.7,1.3,1.1,2014-10-20,1323,Terra,MODIS,70,6.2,295.2,7.5,N,0
-15.1957,142.12,313.3,1.3,1.1,2014-10-20,1323,Terra,MODIS,87,6.2,288.3,14.4,N,0
-15.1296,142.474,309.3,1.4,1.2,2014-10-20,1323,Terra,MODIS,63,6.2,293.6,10,N,0
-16.3852,142.4247,310.4,1.3,1.1,2014-10-20,1323,Terra,MODIS,29,6.2,295.1,8.8,N,0
-16.533,141.8094,347.2,1.2,1.1,2014-10-20,1323,Terra,MODIS,100,6.2,296.5,70.7,N,0
-15.174,142.3092,315.4,1.3,1.1,2014-10-20,1323,Terra,MODIS,91,6.2,294.4,16.1,N,0
-15.1292,142.4095,308,1.4,1.2,2014-10-20,1323,Terra,MODIS,7,6.2,293.8,7.6,N,0
-15.1622,142.2007,325.2,1.3,1.1,2014-10-20,1323,Terra,MODIS,100,6.2,295.4,26.3,N,0
-15.1673,142.3017,314.4,1.3,1.1,2014-10-20,1323,Terra,MODIS,52,6.2,294.5,12.4,N,0
-15.2733,143.0292,303.9,1.5,1.2,2014-10-20,1323,Terra,MODIS,57,6.2,292.9,7.1,N,0
-15.1749,142.2528,335.9,1.3,1.1,2014-10-20,1323,Terra,MODIS,100,6.2,296.4,49.9,N,0
-15.1737,142.3281,315.3,1.3,1.1,2014-10-20,1323,Terra,MODIS,91,6.2,294.4,15,N,0
-15.1844,142.1921,395.6,1.3,1.1,2014-10-20,1323,Terra,MODIS,100,6.2,305.1,330.4,N,0
-15.1723,142.2024,390.5,1.3,1.1,2014-10-20,1323,Terra,MODIS,100,6.2,301.5,290,N,0
-15.1748,142.8668,312.2,1.4,1.2,2014-10-20,1323,Terra,MODIS,84,6.2,293.3,15.5,N,0
-15.1551,142.3122,321.3,1.3,1.1,2014-10-20,1323,Terra,MODIS,100,6.2,294.8,22.6,N,0
-15.1773,142.1045,372.5,1.3,1.1,2014-10-20,1323,Terra,MODIS,100,6.2,298.9,176.1,N,0
-16.3833,142.4367,310.5,1.3,1.1,2014-10-20,1323,Terra,MODIS,76,6.2,295.3,9.8,N,0
-16.4665,141.7865,306.5,1.2,1.1,2014-10-20,1323,Terra,MODIS,67,6.2,294.5,7.2,N,0
-15.166,142.1765,350.3,1.3,1.1,2014-10-20,1323,Terra,MODIS,100,6.2,295.6,85.7,N,0
-15.1893,142.0943,319.5,1.3,1.1,2014-10-20,1323,Terra,MODIS,84,6.2,295,22.4,N,0
-15.1742,142.1903,406,1.3,1.1,2014-10-20,1323,Terra,MODIS,100,6.2,303.9,422.3,N,0
-15.1545,142.2493,328.6,1.3,1.1,2014-10-20,1323,Terra,MODIS,100,6.2,295.3,33.6,N,0
-15.1641,142.1886,327.1,1.3,1.1,2014-10-20,1323,Terra,MODIS,100,6.2,296.3,29.6,N,0
-15.1829,142.0688,331,1.3,1.1,2014-10-20,1323,Terra,MODIS,94,6.2,296.7,42.6,N,0
-15.1917,142.8972,304.7,1.4,1.2,2014-10-20,1323,Terra,MODIS,20,6.2,293.1,6.8,N,0
-15.1721,142.3215,321.1,1.3,1.1,2014-10-20,1323,Terra,MODIS,100,6.2,294.9,24,N,0
-15.1212,142.4595,309.8,1.4,1.2,2014-10-20,1323,Terra,MODIS,61,6.2,293.3,10.1,N,0
-15.1653,142.314,313.7,1.3,1.1,2014-10-20,1323,Terra,MODIS,55,6.2,294.8,11.3,N,0
-15.1395,142.4113,313.1,1.4,1.2,2014-10-20,1323,Terra,MODIS,76,6.2,294.2,13.1,N,0
-15.182,142.2604,310.6,1.3,1.1,2014-10-20,1323,Terra,MODIS,30,6.2,294.6,9.6,N,0
-16.6075,142.6964,309.3,1.3,1.1,2014-10-20,1323,Terra,MODIS,39,6.2,295.7,8.5,N,0
-15.1666,142.2388,357.9,1.3,1.1,2014-10-20,1323,Terra,MODIS,100,6.2,298.3,112.7,N,0
-15.1756,142.3158,317.1,1.3,1.1,2014-10-20,1323,Terra,MODIS,80,6.2,294.5,16.3,N,0
-15.1603,142.2128,337.7,1.3,1.1,2014-10-20,1323,Terra,MODIS,100,6.2,296.3,50.9,N,0
-15.1679,142.1645,331.5,1.3,1.1,2014-10-20,1323,Terra,MODIS,100,6.2,295,39,N,0
-15.1609,142.2754,314,1.3,1.1,2014-10-20,1323,Terra,MODIS,69,6.2,294.1,12.3,N,0
-15.1311,142.3971,314.4,1.3,1.2,2014-10-20,1323,Terra,MODIS,89,6.2,293.4,15.3,N,0
-15.158,142.408,311.7,1.3,1.2,2014-10-20,1323,Terra,MODIS,83,6.2,293.9,12.9,N,0
-15.1799,142.1542,329.2,1.3,1.1,2014-10-20,1323,Terra,MODIS,100,6.2,293.8,35.4,N,0
-16.4683,141.7754,321.3,1.2,1.1,2014-10-20,1323,Terra,MODIS,100,6.2,294.8,22.6,N,0
-15.1564,142.2371,352.5,1.3,1.1,2014-10-20,1323,Terra,MODIS,100,6.2,295.1,93.6,N,0
-15.1559,142.4205,307,1.4,1.2,2014-10-20,1323,Terra,MODIS,46,6.2,293.9,7.7,N,0
-15.1839,142.2482,310.8,1.3,1.1,2014-10-20,1323,Terra,MODIS,26,6.2,294.4,9.6,N,0
-15.1754,142.1165,356.6,1.3,1.1,2014-10-20,1323,Terra,MODIS,100,6.2,295.3,107.3,N,0
-15.1713,142.8603,312,1.4,1.2,2014-10-20,1323,Terra,MODIS,84,6.2,293.3,15.7,N,0
-15.3034,143.0484,304.7,1.5,1.2,2014-10-20,1323,Terra,MODIS,23,6.2,292.8,7.4,N,0
-15.1634,142.3263,312.5,1.3,1.1,2014-10-20,1323,Terra,MODIS,50,6.2,294.7,11,N,0
-15.1895,142.9106,306.6,1.5,1.2,2014-10-20,1323,Terra,MODIS,53,6.2,293.3,8.8,N,0
-15.1698,142.1524,335.8,1.3,1.1,2014-10-20,1323,Terra,MODIS,100,6.2,296,48.1,N,0
-15.1518,142.4006,315.7,1.3,1.2,2014-10-20,1323,Terra,MODIS,53,6.2,293.7,15.4,N,0
-15.3748,143.0388,311,1.5,1.2,2014-10-20,1323,Terra,MODIS,47,6.2,293.3,13.4,N,0
-15.1498,142.4131,342.9,1.4,1.2,2014-10-20,1323,Terra,MODIS,100,6.2,296,69.4,N,0
-16.5347,141.7983,348.6,1.2,1.1,2014-10-20,1323,Terra,MODIS,100,6.2,296.9,74.1,N,0
-15.1855,142.1182,363.1,1.3,1.1,2014-10-20,1323,Terra,MODIS,100,6.2,294.4,134.1,N,0
-15.1918,142.1998,311.7,1.3,1.1,2014-10-20,1323,Terra,MODIS,77,6.2,295.7,10.3,N,0
-15.1316,142.4614,314.6,1.4,1.2,2014-10-20,1323,Terra,MODIS,90,6.2,294,16.1,N,0
-15.1848,142.0569,343.4,1.3,1.1,2014-10-20,1323,Terra,MODIS,100,6.2,295.7,72.8,N,0
-15.1975,142.108,307.7,1.3,1.1,2014-10-20,1323,Terra,MODIS,31,6.2,290.5,8.8,N,0
-16.525,141.7966,312.5,1.2,1.1,2014-10-20,1323,Terra,MODIS,84,6.2,294.4,12.2,N,0
-15.1429,142.3227,310.3,1.3,1.1,2014-10-20,1323,Terra,MODIS,52,6.2,294.2,10,N,0
-15.1735,142.1284,317.4,1.3,1.1,2014-10-20,1323,Terra,MODIS,52,6.2,293.2,16.2,N,0
-15.178,142.1662,315.3,1.3,1.1,2014-10-20,1323,Terra,MODIS,48,6.2,292.8,13.6,N,0
-16.3973,142.4144,313,1.3,1.1,2014-10-20,1323,Terra,MODIS,72,6.2,295.6,11.6,N,0
-16.4992,141.7694,319.7,1.2,1.1,2014-10-20,1323,Terra,MODIS,99,6.2,295.2,20.1,N,0
-15.1927,142.206,308.6,1.3,1.1,2014-10-20,1323,Terra,MODIS,12,6.2,295.4,6.9,N,0
-15.1192,142.4721,310.2,1.4,1.2,2014-10-20,1323,Terra,MODIS,79,6.2,293.3,11,N,0
-15.1825,142.2042,328.2,1.3,1.1,2014-10-20,1323,Terra,MODIS,100,6.2,298.2,32.1,N,0
-17.8353,144.5261,302.3,1.7,1.3,2014-10-20,1323,Terra,MODIS,48,6.2,290.8,10.8,N,0
-15.1415,142.3988,309.9,1.3,1.2,2014-10-20,1323,Terra,MODIS,39,6.2,293.6,9.6,N,0
-16.5869,142.6928,309.8,1.3,1.1,2014-10-20,1323,Terra,MODIS,4,6.2,295.9,8.7,N,0
-15.1717,142.1404,330.1,1.3,1.1,2014-10-20,1323,Terra,MODIS,100,6.2,294.7,37,N,0
-16.4975,141.7805,310.2,1.2,1.1,2014-10-20,1323,Terra,MODIS,79,6.2,294.7,9.9,N,0
-16.5267,141.7855,307.8,1.2,1.1,2014-10-20,1323,Terra,MODIS,72,6.2,294.8,7.9,N,0
-18.8542,131.8183,304.2,2.6,1.6,2014-10-20,1323,Terra,MODIS,59,6.2,292.9,23.7,N,0
-18.3197,132.4002,305.5,2.3,1.5,2014-10-20,1323,Terra,MODIS,65,6.2,292.6,21.4,N,0
-18.3126,132.5982,310.6,2.3,1.5,2014-10-20,1323,Terra,MODIS,80,6.2,295.5,29.5,N,0
-18.3158,132.5919,314.4,2.3,1.5,2014-10-20,1323,Terra,MODIS,89,6.2,295.7,39.4,N,0
-18.3486,132.4196,309,2.3,1.5,2014-10-20,1323,Terra,MODIS,76,6.2,292.9,28.9,N,0
-18.3575,132.4272,321.4,2.3,1.5,2014-10-20,1323,Terra,MODIS,100,6.2,294.4,65.8,N,0
-18.3412,132.5796,304.1,2.3,1.5,2014-10-20,1323,Terra,MODIS,56,6.2,294,17.3,N,0
-16.8853,142.6243,311.9,1.3,1.1,2014-10-20,1323,Terra,MODIS,68,6.2,296.6,10.6,N,0
-16.9642,142.5883,308.5,1.3,1.1,2014-10-20,1323,Terra,MODIS,12,6.2,296.8,6.8,N,0
-16.9838,142.5857,310.1,1.3,1.1,2014-10-20,1323,Terra,MODIS,73,6.2,297,8.7,N,0
-16.8915,142.2048,313.8,1.2,1.1,2014-10-20,1323,Terra,MODIS,87,6.2,297.4,11.9,N,0
-16.9685,142.2359,309.1,1.2,1.1,2014-10-20,1323,Terra,MODIS,75,6.2,297.4,6.8,N,0
-16.6667,142.656,313.8,1.3,1.1,2014-10-20,1323,Terra,MODIS,88,6.2,295.9,13.5,N,0
-16.6789,142.6454,306.9,1.3,1.1,2014-10-20,1323,Terra,MODIS,69,6.2,296.1,6.7,N,0
-16.6647,142.6683,312.2,1.3,1.1,2014-10-20,1323,Terra,MODIS,65,6.2,296,11.5,N,0
-16.6706,142.6313,310.2,1.3,1.1,2014-10-20,1323,Terra,MODIS,44,6.2,295.7,9.2,N,0
-16.6628,142.6807,311.3,1.3,1.1,2014-10-20,1323,Terra,MODIS,82,6.2,296.2,10.9,N,0
-16.6808,142.6331,309.9,1.3,1.1,2014-10-20,1323,Terra,MODIS,79,6.2,296.1,9.6,N,0
-16.6686,142.6436,319.4,1.3,1.1,2014-10-20,1323,Terra,MODIS,98,6.2,295.9,20.6,N,0
-14.9909,143.4161,304.7,1.6,1.2,2014-10-20,1323,Terra,MODIS,53,6.2,292.1,9.1,N,0
-16.6711,142.0417,325.2,1.2,1.1,2014-10-20,1323,Terra,MODIS,100,6.2,296.6,29.2,N,0
-17.1055,132.8509,307.2,2.1,1.4,2014-10-20,1323,Terra,MODIS,41,6.2,293.3,17.6,N,0
-17.0928,132.8494,306,2.1,1.4,2014-10-20,1323,Terra,MODIS,30,6.2,293.5,15.4,N,0
-17.105,132.8456,310.2,2.1,1.4,2014-10-20,1323,Terra,MODIS,78,6.2,294,25.1,N,0
-17.0923,132.844,308.7,2.1,1.4,2014-10-20,1323,Terra,MODIS,73,6.2,294.2,22.9,N,0
-16.8443,130.7307,316.4,3,1.6,2014-10-20,1323,Terra,MODIS,92,6.2,299,55.1,N,0
-16.9979,142.5633,313.4,1.3,1.1,2014-10-20,1323,Terra,MODIS,87,6.2,297.2,12.4,N,0
-16.9998,142.5512,307.1,1.3,1.1,2014-10-20,1323,Terra,MODIS,48,6.2,296.9,5.9,N,0
-17.0076,142.5032,308.6,1.3,1.1,2014-10-20,1323,Terra,MODIS,74,6.2,296.6,7.5,N,0
-16.9959,142.5754,312.4,1.3,1.1,2014-10-20,1323,Terra,MODIS,84,6.2,297.2,11.1,N,0
-16.9076,142.6157,308.6,1.3,1.1,2014-10-20,1323,Terra,MODIS,38,6.2,296.7,7.2,N,0
-14.9912,143.4097,304.3,1.6,1.2,2014-10-20,1323,Terra,MODIS,59,6.2,292,9.4,N,0
-16.6729,142.0303,321.5,1.2,1.1,2014-10-20,1323,Terra,MODIS,100,6.2,296.8,22.6,N,0
-16.8897,142.2163,308.6,1.2,1.1,2014-10-20,1323,Terra,MODIS,74,6.2,297.1,6.8,N,0
-16.6505,142.6913,306.8,1.3,1.1,2014-10-20,1323,Terra,MODIS,37,6.2,295.9,6.5,N,0
-16.8436,142.6362,307.3,1.3,1.1,2014-10-20,1323,Terra,MODIS,49,6.2,296.1,6.4,N,0
-13.3827,142.32,303.3,1.4,1.2,2014-10-20,1324,Terra,MODIS,41,6.2,293.2,6.2,N,0
-13.368,142.3442,305.2,1.4,1.2,2014-10-20,1324,Terra,MODIS,60,6.2,293.5,7.7,N,0
-13.5068,141.5963,322.8,1.3,1.1,2014-10-20,1324,Terra,MODIS,96,6.2,294.8,24.9,N,0
-12.4182,136.6364,305.6,1.1,1,2014-10-20,1324,Terra,MODIS,65,6.2,294.1,6.1,N,0
-13.2773,142.0927,305,1.4,1.2,2014-10-20,1324,Terra,MODIS,63,6.2,293,7.5,N,0
-13.515,141.6096,313.8,1.3,1.1,2014-10-20,1324,Terra,MODIS,71,6.2,294.3,13.2,N,0
-13.5251,141.6113,337.6,1.3,1.1,2014-10-20,1324,Terra,MODIS,100,6.2,296,52.3,N,0
-14.9154,143.1689,304.1,1.5,1.2,2014-10-20,1324,Terra,MODIS,51,6.2,291.5,8.3,N,0
-14.9177,143.1549,303.8,1.5,1.2,2014-10-20,1324,Terra,MODIS,40,6.2,291.8,7.8,N,0
-16.5127,131.2938,311,2.7,1.6,2014-10-20,1324,Terra,MODIS,63,6.2,298.7,25.7,N,0
-13.5269,141.5996,332.5,1.3,1.1,2014-10-20,1324,Terra,MODIS,100,6.2,295,41.8,N,0
-14.9264,143.1709,311.7,1.5,1.2,2014-10-20,1324,Terra,MODIS,83,6.2,292.4,17.8,N,0
-13.5957,141.6169,308,1.3,1.1,2014-10-20,1324,Terra,MODIS,52,6.2,293.8,8.7,N,0
-14.9241,143.185,307.6,1.5,1.2,2014-10-20,1324,Terra,MODIS,67,6.2,292.3,12.2,N,0
-16.5154,131.2684,318.8,2.7,1.6,2014-10-20,1324,Terra,MODIS,97,6.2,298.4,53.5,N,0
-16.5182,131.2428,308.4,2.7,1.6,2014-10-20,1324,Terra,MODIS,55,6.2,297.8,18.5,N,0
-16.4952,131.1884,312.3,2.7,1.6,2014-10-20,1324,Terra,MODIS,13,6.2,297.6,27.7,N,0
-16.4979,131.1628,312,2.8,1.6,2014-10-20,1324,Terra,MODIS,14,6.2,298.3,29.2,N,0
-16.4836,131.1611,309.4,2.8,1.6,2014-10-20,1324,Terra,MODIS,25,6.2,298.2,21.6,N,0
-16.4497,131.2089,318.6,2.7,1.6,2014-10-20,1324,Terra,MODIS,96,6.2,298.5,52.5,N,0
-16.4466,131.2019,314.5,2.7,1.6,2014-10-20,1324,Terra,MODIS,86,6.2,298.4,39.4,N,0
-16.4922,131.1813,319.8,2.7,1.6,2014-10-20,1324,Terra,MODIS,99,6.2,298.3,57.2,N,0
-14.2508,142.5837,309.3,1.4,1.2,2014-10-20,1324,Terra,MODIS,50,6.2,293.7,11.4,N,0
-14.2529,142.5705,308.9,1.4,1.2,2014-10-20,1324,Terra,MODIS,58,6.2,293.6,11,N,0
-12.5359,141.919,311.4,1.4,1.2,2014-10-20,1324,Terra,MODIS,82,6.2,293.7,14.6,N,0
-12.0938,141.8018,308.3,1.4,1.2,2014-10-20,1324,Terra,MODIS,74,6.2,292,10.2,N,0
-12.1988,141.7872,305.1,1.4,1.2,2014-10-20,1324,Terra,MODIS,63,6.2,293.3,7.1,N,0
-12.1884,141.7855,304,1.4,1.2,2014-10-20,1324,Terra,MODIS,27,6.2,293.2,5.7,N,0
-12.2007,141.7747,305.7,1.4,1.2,2014-10-20,1324,Terra,MODIS,65,6.2,293.1,7.6,N,0
-12.4255,136.6335,311.3,1.1,1,2014-10-20,1324,Terra,MODIS,23,6.2,294,9.2,N,0
-15.0211,142.646,303.2,1.4,1.2,2014-10-20,1324,Terra,MODIS,19,6.2,288.7,6.4,N,0
-13.495,141.6063,313,1.3,1.1,2014-10-20,1324,Terra,MODIS,41,6.2,294.4,12.9,N,0
-13.4931,141.618,316.3,1.3,1.1,2014-10-20,1324,Terra,MODIS,52,6.2,294.2,16.5,N,0
-13.4913,141.6297,317.8,1.3,1.1,2014-10-20,1324,Terra,MODIS,96,6.2,294,19.7,N,0
-13.5032,141.6197,320.5,1.3,1.1,2014-10-20,1324,Terra,MODIS,82,6.2,294.2,20.7,N,0
-13.4895,141.6414,305.2,1.3,1.1,2014-10-20,1324,Terra,MODIS,21,6.2,293.4,6.3,N,0
-13.5014,141.6314,310.8,1.3,1.1,2014-10-20,1324,Terra,MODIS,15,6.2,293.9,10.4,N,0
-14.9665,142.7169,306.2,1.4,1.2,2014-10-20,1324,Terra,MODIS,27,6.2,288.9,9.5,N,0
-12.7596,132.9518,311.5,1.8,1.3,2014-10-20,1324,Terra,MODIS,81,6.2,296.4,17.2,N,0
-12.4374,136.6156,305.8,1.1,1,2014-10-20,1324,Terra,MODIS,25,6.2,294.1,5.8,N,0
-14.9957,141.7611,303.9,1.2,1.1,2014-10-20,1324,Terra,MODIS,57,6.2,293.8,5.9,N,0
-14.2934,131.3028,307.2,2.5,1.5,2014-10-20,1324,Terra,MODIS,66,6.2,296.6,22.3,N,0
-15.1728,142.067,335.8,1.3,1.1,2014-10-20,1324,Terra,MODIS,100,6.2,296.1,50.4,N,0
-12.5518,136.0522,312.7,1.1,1.1,2014-10-20,1324,Terra,MODIS,85,6.2,295.2,11.1,N,0
-12.7913,132.8895,321,1.8,1.3,2014-10-20,1324,Terra,MODIS,100,6.2,296.4,35,N,0
-15.1634,142.1267,308.7,1.3,1.1,2014-10-20,1324,Terra,MODIS,47,6.2,292.6,7.7,N,0
-15.1596,142.1507,314.5,1.3,1.1,2014-10-20,1324,Terra,MODIS,18,6.2,295.3,12.9,N,0
-12.7678,132.8859,308.2,1.8,1.3,2014-10-20,1324,Terra,MODIS,70,6.2,295.9,12.3,N,0
-15.1627,142.0653,312.7,1.3,1.1,2014-10-20,1324,Terra,MODIS,85,6.2,293.7,13.7,N,0
-12.9457,143.0356,303.7,1.6,1.3,2014-10-20,1324,Terra,MODIS,56,6.2,292.8,8.8,N,0
-12.6126,136.0672,307.9,1.1,1.1,2014-10-20,1324,Terra,MODIS,58,6.2,294.8,7,N,0
-12.797,132.9394,310.6,1.8,1.3,2014-10-20,1324,Terra,MODIS,78,6.2,296.8,14.7,N,0
-15.1709,142.0789,312.1,1.3,1.1,2014-10-20,1324,Terra,MODIS,77,6.2,294.8,11.1,N,0
-12.5761,136.087,317.5,1.1,1.1,2014-10-20,1324,Terra,MODIS,95,6.2,295.2,16.6,N,0
-12.9444,143.0446,307.1,1.6,1.3,2014-10-20,1324,Terra,MODIS,70,6.2,292.7,12.4,N,0
-12.8058,132.9306,306.8,1.8,1.3,2014-10-20,1324,Terra,MODIS,65,6.2,296.7,9.6,N,0
-12.799,132.9235,337.8,1.8,1.3,2014-10-20,1324,Terra,MODIS,100,6.2,298.3,85,N,0
-16.2171,134.2522,313,1.6,1.2,2014-10-20,1324,Terra,MODIS,85,6.2,296.4,18.9,N,0
-15.1672,142.1028,342.4,1.3,1.1,2014-10-20,1324,Terra,MODIS,100,6.2,294.4,63.6,N,0
-15.1577,142.1627,315.3,1.3,1.1,2014-10-20,1324,Terra,MODIS,91,6.2,295.2,14.6,N,0
-12.5613,136.0536,308.9,1.1,1.1,2014-10-20,1324,Terra,MODIS,68,6.2,295.3,7.7,N,0
-15.1653,142.1147,324.6,1.3,1.1,2014-10-20,1324,Terra,MODIS,100,6.2,293.7,27.8,N,0
-12.9433,143.0501,303.5,1.6,1.3,2014-10-20,1324,Terra,MODIS,56,6.2,292.4,8.7,N,0
-12.7852,132.9384,312.3,1.8,1.3,2014-10-20,1324,Terra,MODIS,82,6.2,297.1,17,N,0
-12.5599,136.0638,319.1,1.1,1.1,2014-10-20,1324,Terra,MODIS,98,6.2,296,17.5,N,0
-12.6221,136.0685,309.6,1.1,1.1,2014-10-20,1324,Terra,MODIS,36,6.2,294.6,8,N,0
-15.1482,142.2231,310.2,1.3,1.1,2014-10-20,1324,Terra,MODIS,80,6.2,294.6,8.6,N,0
-12.8018,142.2923,303.6,1.4,1.2,2014-10-20,1324,Terra,MODIS,7,6.2,292.8,6.8,N,0
-14.354,142.4473,304.2,1.4,1.2,2014-10-20,1324,Terra,MODIS,58,6.2,293.4,6.6,N,0
-15.1691,142.0908,316.1,1.3,1.1,2014-10-20,1324,Terra,MODIS,92,6.2,293.6,15.6,N,0
-15.1558,142.1747,308.2,1.3,1.1,2014-10-20,1324,Terra,MODIS,74,6.2,294.8,7.1,N,0
-12.8036,143.0602,305.8,1.6,1.3,2014-10-20,1324,Terra,MODIS,66,6.2,292.3,11.6,N,0
-12.568,136.0754,313.7,1.1,1.1,2014-10-20,1324,Terra,MODIS,67,6.2,295.5,11.7,N,0
-15.1747,142.0552,338.9,1.3,1.1,2014-10-20,1324,Terra,MODIS,100,6.2,295,59.4,N,0
-12.7795,132.8877,310.7,1.8,1.3,2014-10-20,1324,Terra,MODIS,67,6.2,295.7,15,N,0
-15.152,142.1989,311.3,1.3,1.1,2014-10-20,1324,Terra,MODIS,74,6.2,294.8,9.6,N,0
-16.2296,134.2443,318.2,1.6,1.2,2014-10-20,1324,Terra,MODIS,96,6.2,296.5,27.4,N,0
-14.2593,142.5312,305.3,1.4,1.2,2014-10-20,1324,Terra,MODIS,25,6.2,293.3,7.1,N,0
-12.7934,132.873,315.6,1.8,1.3,2014-10-20,1324,Terra,MODIS,91,6.2,296,24.3,N,0
-12.7872,132.9221,314.4,1.8,1.3,2014-10-20,1324,Terra,MODIS,79,6.2,296.8,20.2,N,0
-15.1615,142.1387,313.4,1.3,1.1,2014-10-20,1324,Terra,MODIS,87,6.2,293.6,12.9,N,0
-16.2184,134.2428,310.6,1.6,1.2,2014-10-20,1324,Terra,MODIS,78,6.2,296,15.4,N,0
-14.2823,131.2777,380.7,2.5,1.5,2014-10-20,1324,Terra,MODIS,100,6.2,298.5,589.6,N,0
-13.0362,133.1207,307.6,1.7,1.3,2014-10-20,1324,Terra,MODIS,69,6.2,296.7,9.4,N,0
-13.705,132.4449,305.4,2,1.4,2014-10-20,1324,Terra,MODIS,23,6.2,295.3,10.8,N,0
-14.2986,131.2563,311.3,2.5,1.5,2014-10-20,1324,Terra,MODIS,80,6.2,293.7,31.5,N,0
-14.2867,131.2955,346.8,2.5,1.5,2014-10-20,1324,Terra,MODIS,100,6.2,298.1,204,N,0
-13.5287,141.588,316.7,1.3,1.1,2014-10-20,1324,Terra,MODIS,94,6.2,293.9,18.2,N,0
-14.296,131.2795,359.2,2.5,1.5,2014-10-20,1324,Terra,MODIS,100,6.2,298.8,314.7,N,0
-13.7307,132.3586,312.1,2,1.4,2014-10-20,1324,Terra,MODIS,82,6.2,296.5,23.3,N,0
-14.2848,131.2546,330,2.5,1.5,2014-10-20,1324,Terra,MODIS,100,6.2,294.7,101.6,N,0
-13.7892,132.6337,306.7,1.9,1.4,2014-10-20,1324,Terra,MODIS,63,6.2,296.5,11.7,N,0
-14.2894,131.2722,389.6,2.5,1.5,2014-10-20,1324,Terra,MODIS,100,6.2,301.5,742.7,N,0
-12.9253,130.5233,304.9,2.7,1.6,2014-10-20,1325,Terra,MODIS,56,6.2,293.3,23.1,N,0
-12.6105,131.0524,304.5,2.5,1.5,2014-10-20,1325,Terra,MODIS,56,6.2,294,16.3,N,0
-12.6033,131.0463,307.7,2.5,1.5,2014-10-20,1325,Terra,MODIS,53,6.2,293.9,21.8,N,0
-12.6131,131.0298,307.9,2.5,1.5,2014-10-20,1325,Terra,MODIS,71,6.2,294.5,24.5,N,0
-24.6729,151.8298,311.9,1.6,1.3,2014-10-20,1452,Aqua,MODIS,84,6.2,286.2,26.9,N,0
-24.6841,151.8273,301.4,1.6,1.3,2014-10-20,1452,Aqua,MODIS,41,6.2,285.4,13.6,N,0
-24.9689,148.2216,300.7,2.9,1.6,2014-10-20,1452,Aqua,MODIS,28,6.2,284,26.9,N,0
-24.794,151.6738,311.3,1.7,1.3,2014-10-20,1452,Aqua,MODIS,70,6.2,287.9,25.9,N,0
-24.7929,151.6627,311.6,1.7,1.3,2014-10-20,1452,Aqua,MODIS,42,6.2,286.7,24.9,N,0
-24.9682,148.2144,302,2.9,1.6,2014-10-20,1452,Aqua,MODIS,46,6.2,283.2,32.4,N,0
-28.9138,151.4055,300.2,1.4,1.2,2014-10-20,1453,Aqua,MODIS,20,6.2,286.6,9.1,N,0
-30.8616,121.4925,329.6,1.3,1.1,2014-10-20,1458,Terra,MODIS,100,6.2,286.5,43.5,N,2
-30.8638,121.4792,303.2,1.3,1.1,2014-10-20,1458,Terra,MODIS,54,6.2,285.7,10.4,N,0
-32.4415,116.0968,306.3,1.1,1,2014-10-20,1458,Terra,MODIS,67,6.2,282.3,11.7,N,0
-26.5929,126.2028,339.7,3.1,1.7,2014-10-20,1459,Terra,MODIS,100,6.2,294.1,226.5,N,0
-26.605,126.2128,342.1,3.1,1.7,2014-10-20,1459,Terra,MODIS,100,6.2,294.4,245.2,N,0
-26.6117,126.1818,372.8,3.1,1.7,2014-10-20,1459,Terra,MODIS,100,6.2,298.1,657.5,N,0
-26.5994,126.1717,326.9,3.1,1.7,2014-10-20,1459,Terra,MODIS,100,6.2,292.9,130.1,N,0
-26.5968,126.1776,334,3.1,1.7,2014-10-20,1459,Terra,MODIS,100,6.2,293,175.8,N,0
-26.5901,126.2086,322.8,3.1,1.7,2014-10-20,1459,Terra,MODIS,100,6.2,292.9,105,N,0
-26.6266,126.1856,337.5,3.1,1.7,2014-10-20,1459,Terra,MODIS,100,6.2,294.9,205.8,N,0
-26.6332,126.1547,303.5,3.1,1.7,2014-10-20,1459,Terra,MODIS,37,6.2,292.1,24.8,N,0
-22.493,122.3755,311.2,2.1,1.4,2014-10-20,1500,Terra,MODIS,82,6.2,294.5,28.8,N,0
-23.6824,122.5215,310.3,2,1.4,2014-10-20,1500,Terra,MODIS,80,6.2,295.2,24.8,N,0
-22.8384,122.435,308,2.1,1.4,2014-10-20,1500,Terra,MODIS,73,6.2,293.2,22.7,N,0
-22.8422,122.4149,305.1,2.1,1.4,2014-10-20,1500,Terra,MODIS,63,6.2,292.7,17.5,N,0
-22.6082,122.3303,310.2,2.1,1.4,2014-10-20,1500,Terra,MODIS,79,6.2,293.5,24,N,0
-22.6078,122.3249,315.6,2.1,1.4,2014-10-20,1500,Terra,MODIS,92,6.2,293.7,36.7,N,0
-22.8259,122.4321,313.4,2.1,1.4,2014-10-20,1500,Terra,MODIS,87,6.2,293.6,32.6,N,0
-22.8297,122.4121,308.2,2.1,1.4,2014-10-20,1500,Terra,MODIS,74,6.2,292.9,21.6,N,0
-22.5053,122.385,305.5,2.1,1.4,2014-10-20,1500,Terra,MODIS,64,6.2,295.2,17,N,0
-22.5429,122.3938,308.8,2.1,1.4,2014-10-20,1500,Terra,MODIS,76,6.2,291.5,24.8,N,0
-23.4615,123.1958,304.3,2.3,1.5,2014-10-20,1500,Terra,MODIS,59,6.2,293.3,18.7,N,0
-23.6813,122.5157,306.6,2,1.4,2014-10-20,1500,Terra,MODIS,69,6.2,295.1,18.8,N,0
-23.4578,123.2017,304.5,2.3,1.5,2014-10-20,1500,Terra,MODIS,21,6.2,293.2,16.4,N,0
-22.5938,122.2599,306,2,1.4,2014-10-20,1500,Terra,MODIS,60,6.2,295.1,15,N,0
-22.6114,122.305,304.5,2.1,1.4,2014-10-20,1500,Terra,MODIS,44,6.2,292.6,12,N,0
-22.612,122.3104,311.2,2.1,1.4,2014-10-20,1500,Terra,MODIS,82,6.2,293,24.6,N,0
-22.2668,121.9617,309,2,1.4,2014-10-20,1500,Terra,MODIS,35,6.2,296.5,16.4,N,0
-22.2703,121.9427,321,2,1.4,2014-10-20,1500,Terra,MODIS,100,6.2,297.5,43.2,N,0
-22.5055,122.3784,317.2,2.1,1.4,2014-10-20,1500,Terra,MODIS,95,6.2,295.4,42.3,N,0
-22.743,117.5649,304,1.1,1,2014-10-20,1500,Terra,MODIS,18,6.2,292,5.6,N,0
-22.2431,121.9306,313.7,2,1.4,2014-10-20,1500,Terra,MODIS,48,6.2,296.8,24.3,N,0
-22.7446,117.5545,314.2,1.1,1,2014-10-20,1500,Terra,MODIS,89,6.2,292.6,13.3,N,0
-22.2389,121.8389,326.6,1.9,1.4,2014-10-20,1500,Terra,MODIS,100,6.2,296.5,62.3,N,0
-22.7539,117.556,316.2,1.1,1,2014-10-20,1500,Terra,MODIS,92,6.2,294.8,14.8,N,0
-22.2458,121.9376,331.9,2,1.4,2014-10-20,1500,Terra,MODIS,100,6.2,297.8,75.2,N,0
-22.2406,121.8972,311.6,2,1.4,2014-10-20,1500,Terra,MODIS,25,6.2,296.8,20.4,N,0
-22.2441,121.8786,311.6,1.9,1.4,2014-10-20,1500,Terra,MODIS,45,6.2,297.5,21.9,N,0
-22.2354,121.8575,322,1.9,1.4,2014-10-20,1500,Terra,MODIS,100,6.2,296.4,47.9,N,0
-22.7414,117.5753,303.6,1.1,1,2014-10-20,1500,Terra,MODIS,51,6.2,292,5.9,N,0
-22.241,121.8717,313.6,1.9,1.4,2014-10-20,1500,Terra,MODIS,54,6.2,297.3,26,N,0
-22.2322,121.8504,322.6,1.9,1.4,2014-10-20,1500,Terra,MODIS,100,6.2,295.8,49.6,N,0
-22.2356,121.832,313.4,1.9,1.4,2014-10-20,1500,Terra,MODIS,87,6.2,294.5,28.9,N,0
-21.4069,123.0932,315.8,2.5,1.5,2014-10-20,1500,Terra,MODIS,92,6.2,295.1,49.5,N,0
-21.4114,123.1435,310.8,2.5,1.5,2014-10-20,1500,Terra,MODIS,81,6.2,294.5,34.3,N,0
-21.4114,123.0698,313.3,2.5,1.5,2014-10-20,1500,Terra,MODIS,87,6.2,293.9,43,N,0
-21.4249,123.1466,303.6,2.5,1.5,2014-10-20,1500,Terra,MODIS,52,6.2,293,17.7,N,0
-21.5482,120.8901,339.8,1.7,1.3,2014-10-20,1501,Terra,MODIS,100,6.2,299.8,86.2,N,0
-21.5961,120.8717,313.8,1.7,1.3,2014-10-20,1501,Terra,MODIS,88,6.2,297.3,21,N,0
-20.9977,119.9349,313.6,1.5,1.2,2014-10-20,1501,Terra,MODIS,87,6.2,297,19.5,N,0
-21.599,120.8553,306.1,1.7,1.3,2014-10-20,1501,Terra,MODIS,59,6.2,296.1,8.8,N,0
-21.597,120.8832,311.9,1.7,1.3,2014-10-20,1501,Terra,MODIS,68,6.2,297.6,16.5,N,0
-21.5884,120.8644,310.1,1.7,1.3,2014-10-20,1501,Terra,MODIS,5,6.2,296.4,13.3,N,0
-21.5683,120.9115,318.9,1.7,1.3,2014-10-20,1501,Terra,MODIS,98,6.2,298.6,30.1,N,0
-21.5217,121.04,321,1.8,1.3,2014-10-20,1501,Terra,MODIS,100,6.2,295.8,37.1,N,0
-21.5304,121.059,309.9,1.8,1.3,2014-10-20,1501,Terra,MODIS,75,6.2,296,15.2,N,0
-21.5623,121.0834,311.9,1.8,1.3,2014-10-20,1501,Terra,MODIS,78,6.2,296.2,18.9,N,0
-20.7779,120.2788,308.6,1.6,1.2,2014-10-20,1501,Terra,MODIS,66,6.2,297.5,12.3,N,0
-21.5539,120.9257,320.1,1.7,1.3,2014-10-20,1501,Terra,MODIS,100,6.2,299,31.7,N,0
-21.5568,120.909,334.2,1.7,1.3,2014-10-20,1501,Terra,MODIS,100,6.2,301.3,69,N,0
-21.5453,120.9065,369.4,1.7,1.3,2014-10-20,1501,Terra,MODIS,100,6.2,301.6,245,N,0
-21.557,121.0881,314.4,1.8,1.3,2014-10-20,1501,Terra,MODIS,89,6.2,296.1,23.7,N,0
-21.5396,120.8713,313.9,1.7,1.3,2014-10-20,1501,Terra,MODIS,88,6.2,297.8,20.6,N,0
-21.5425,120.8549,308.2,1.7,1.3,2014-10-20,1501,Terra,MODIS,42,6.2,296.8,11.3,N,0
-17.593,125.4992,306.7,4.5,1.9,2014-10-20,1501,Terra,MODIS,68,6.2,296.6,42,N,0
-21.5396,117.9402,309.4,1.1,1.1,2014-10-20,1501,Terra,MODIS,77,6.2,296.3,8.9,N,0
-20.3307,118.8221,307.6,1.3,1.1,2014-10-20,1501,Terra,MODIS,72,6.2,293.5,11.5,N,0
-21.8383,116.3605,303,1,1,2014-10-20,1501,Terra,MODIS,53,6.2,290.8,6.1,N,0
-21.6335,117.9303,303.1,1.1,1.1,2014-10-20,1501,Terra,MODIS,49,6.2,291.8,5.7,N,0
-21.5093,117.9852,305,1.1,1.1,2014-10-20,1501,Terra,MODIS,63,6.2,295,5.8,N,0
-13.5667,141.6448,306.8,2.3,1.5,2014-10-20,1627,Aqua,MODIS,69,6.2,291,24.8,N,0
-13.5642,141.6238,305.9,2.3,1.5,2014-10-20,1627,Aqua,MODIS,66,6.2,290.7,22.9,N,0
-13.526,141.6141,307.1,2.3,1.5,2014-10-20,1627,Aqua,MODIS,40,6.2,291.1,22.2,N,0
-12.7584,132.9595,310.6,1.1,1.1,2014-10-20,1627,Aqua,MODIS,80,6.2,296.9,8.8,N,0
-13.5549,141.6318,310.5,2.3,1.5,2014-10-20,1627,Aqua,MODIS,46,6.2,290.4,29.1,N,0
-13.4891,141.6398,325.3,2.3,1.5,2014-10-20,1627,Aqua,MODIS,100,6.2,291.4,75,N,0
-13.4758,141.6255,311.7,2.3,1.5,2014-10-20,1627,Aqua,MODIS,83,6.2,290.7,35.8,N,0
-13.4784,141.6465,310.1,2.3,1.5,2014-10-20,1627,Aqua,MODIS,79,6.2,290.5,32,N,0
-13.4866,141.6189,310.6,2.3,1.5,2014-10-20,1627,Aqua,MODIS,72,6.2,291.1,29.5,N,0
-13.4998,141.6173,324.5,2.3,1.5,2014-10-20,1627,Aqua,MODIS,100,6.2,292.1,70.2,N,0
-12.4207,136.6321,306.8,1.1,1,2014-10-20,1627,Aqua,MODIS,43,6.2,293.7,6.9,N,0
-12.43,136.6307,305.7,1.1,1,2014-10-20,1627,Aqua,MODIS,45,6.2,293.2,6.5,N,0
-12.4286,136.621,305.3,1.1,1,2014-10-20,1627,Aqua,MODIS,39,6.2,293.8,6.1,N,0
-13.0117,133.0939,307,1.1,1,2014-10-20,1627,Aqua,MODIS,70,6.2,296.8,5.5,N,0
-12.7914,132.9229,324,1.1,1.1,2014-10-20,1627,Aqua,MODIS,100,6.2,297.8,21.5,N,0
-12.561,136.0698,304.9,1,1,2014-10-20,1627,Aqua,MODIS,47,6.2,294.2,5.3,N,0
-12.7867,132.8921,307.4,1.1,1.1,2014-10-20,1627,Aqua,MODIS,63,6.2,296.3,5.3,N,0
-12.7851,132.9448,310,1.1,1.1,2014-10-20,1627,Aqua,MODIS,71,6.2,297.3,7.7,N,0
-12.793,132.9331,323.8,1.1,1.1,2014-10-20,1627,Aqua,MODIS,100,6.2,297.6,21.7,N,0
-12.6169,136.0712,305.6,1,1,2014-10-20,1627,Aqua,MODIS,65,6.2,293.4,5.9,N,0
-16.5163,142.0604,306.7,2.7,1.6,2014-10-20,1628,Aqua,MODIS,69,6.2,293.3,26,N,0
-15.1702,142.3065,300.9,2.7,1.6,2014-10-20,1628,Aqua,MODIS,13,6.2,288.3,14.9,N,0
-16.3891,142.4309,302.8,2.9,1.6,2014-10-20,1628,Aqua,MODIS,20,6.2,292.8,16.1,N,0
-15.173,142.3317,301.6,2.7,1.6,2014-10-20,1628,Aqua,MODIS,35,6.2,289.9,20,N,0
-16.5291,141.7834,303.1,2.6,1.5,2014-10-20,1628,Aqua,MODIS,24,6.2,291.2,21.1,N,0
-16.5136,142.0676,304,2.7,1.6,2014-10-20,1628,Aqua,MODIS,58,6.2,293.2,19.1,N,0
-15.1462,142.3916,315.2,2.8,1.6,2014-10-20,1628,Aqua,MODIS,91,6.2,288.7,61.1,N,0
-15.1662,142.3124,302.7,2.7,1.6,2014-10-20,1628,Aqua,MODIS,38,6.2,289.7,20,N,0
-15.1491,142.4171,305,2.8,1.6,2014-10-20,1628,Aqua,MODIS,54,6.2,288.7,31.6,N,0
-15.1648,142.2563,303.7,2.7,1.6,2014-10-20,1628,Aqua,MODIS,24,6.2,289.4,21,N,0
-15.5354,126.2036,306.9,2.9,1.6,2014-10-20,1628,Aqua,MODIS,21,6.2,292.2,28.8,N,0
-15.5403,126.2303,306.3,2.9,1.6,2014-10-20,1628,Aqua,MODIS,15,6.2,292,26.5,N,0
-15.5547,126.2273,306.8,2.9,1.6,2014-10-20,1628,Aqua,MODIS,29,6.2,291.7,28.2,N,0
-15.5424,126.2249,313.5,2.9,1.6,2014-10-20,1628,Aqua,MODIS,87,6.2,292.3,51.9,N,0
-16.4555,131.3323,307.8,1.2,1.1,2014-10-20,1628,Aqua,MODIS,72,6.2,297.1,7.6,N,0
-15.5065,126.2098,306.9,2.9,1.6,2014-10-20,1628,Aqua,MODIS,51,6.2,291.7,30.7,N,0
-15.6145,126.1267,306.1,2.9,1.6,2014-10-20,1628,Aqua,MODIS,66,6.2,292.5,29,N,0
-15.6133,126.1193,305.6,2.9,1.6,2014-10-20,1628,Aqua,MODIS,64,6.2,292.3,27.3,N,0
-16.4753,131.1403,325.4,1.2,1.1,2014-10-20,1628,Aqua,MODIS,100,6.2,298.4,27.4,N,0
-16.4468,131.2164,309.2,1.2,1.1,2014-10-20,1628,Aqua,MODIS,76,6.2,297.2,8.2,N,0
-16.461,131.1783,314,1.2,1.1,2014-10-20,1628,Aqua,MODIS,88,6.2,297,12.3,N,0
-16.4629,131.1899,316.6,1.2,1.1,2014-10-20,1628,Aqua,MODIS,93,6.2,297.2,14.9,N,0
-16.4672,131.1536,318.5,1.2,1.1,2014-10-20,1628,Aqua,MODIS,97,6.2,298.1,17.8,N,0
-16.4691,131.1651,316.3,1.2,1.1,2014-10-20,1628,Aqua,MODIS,67,6.2,298.2,13.9,N,0
-16.4772,131.1519,326.5,1.2,1.1,2014-10-20,1628,Aqua,MODIS,100,6.2,298.3,28.1,N,0
-16.4809,131.175,318.2,1.2,1.1,2014-10-20,1628,Aqua,MODIS,72,6.2,298.9,15.4,N,0
-16.4827,131.1865,315.1,1.2,1.1,2014-10-20,1628,Aqua,MODIS,45,6.2,298.3,12.1,N,0
-16.4908,131.1733,331.2,1.2,1.1,2014-10-20,1628,Aqua,MODIS,100,6.2,300.3,35.2,N,0
-14.9135,143.1516,310.2,3.1,1.7,2014-10-20,1628,Aqua,MODIS,79,6.2,289.9,52.7,N,0
-14.9181,143.1855,305.4,3.1,1.7,2014-10-20,1628,Aqua,MODIS,64,6.2,289.7,36.3,N,0
-14.9148,143.1565,314,3.1,1.7,2014-10-20,1628,Aqua,MODIS,88,6.2,290,67.9,N,0
-14.9165,143.1806,309.7,3.1,1.7,2014-10-20,1628,Aqua,MODIS,78,6.2,289.9,51.6,N,0
-14.9823,135.1909,311.2,1,1,2014-10-20,1628,Aqua,MODIS,82,6.2,293.1,10,N,0
-12.9051,130.5741,305,1.5,1.2,2014-10-20,1628,Aqua,MODIS,62,6.2,293,10.6,N,0
-15.6859,127.8489,306.5,2.2,1.4,2014-10-20,1628,Aqua,MODIS,66,6.2,295.2,15.6,N,0
-12.9027,130.5669,308.3,1.5,1.2,2014-10-20,1628,Aqua,MODIS,73,6.2,293.2,13.7,N,0
-14.6288,126.8412,311,2.7,1.6,2014-10-20,1628,Aqua,MODIS,81,6.2,293.9,36.4,N,0
-14.3049,131.2901,306.5,1.3,1.1,2014-10-20,1628,Aqua,MODIS,36,6.2,295.5,7.3,N,0
-14.6409,126.8465,304.3,2.7,1.6,2014-10-20,1628,Aqua,MODIS,39,6.2,294,18.3,N,0
-14.2966,131.286,307.4,1.3,1.1,2014-10-20,1628,Aqua,MODIS,39,6.2,295.5,8.1,N,0
-14.6268,126.849,304.2,2.7,1.6,2014-10-20,1628,Aqua,MODIS,31,6.2,293.6,17.7,N,0
-13.7942,132.6348,324.7,1.1,1.1,2014-10-20,1628,Aqua,MODIS,100,6.2,294.4,25.6,N,0
-13.7863,132.6467,345.7,1.1,1.1,2014-10-20,1628,Aqua,MODIS,100,6.2,298.5,61.9,N,0
-15.009,135.1811,303.4,1,1,2014-10-20,1628,Aqua,MODIS,55,6.2,292.9,5,N,0
-13.7819,132.6434,336,1.1,1.1,2014-10-20,1628,Aqua,MODIS,100,6.2,296.4,42.6,N,0
-13.7847,132.6364,331.1,1.1,1.1,2014-10-20,1628,Aqua,MODIS,100,6.2,295.2,34.6,N,0
-13.7958,132.6451,335.2,1.1,1.1,2014-10-20,1628,Aqua,MODIS,100,6.2,296.4,41,N,0
-17.535,132.9749,307.9,1,1,2014-10-20,1629,Aqua,MODIS,73,6.2,292.8,8.2,N,0
-17.5219,133.0623,320.4,1,1,2014-10-20,1629,Aqua,MODIS,100,6.2,294.3,18,N,0
-17.5205,133.0527,334.3,1,1,2014-10-20,1629,Aqua,MODIS,100,6.2,296.2,35.2,N,0
-18.0828,132.7587,302.7,1,1,2014-10-20,1629,Aqua,MODIS,51,6.2,291.4,6,N,0
-18.2853,132.6331,306.2,1,1,2014-10-20,1629,Aqua,MODIS,67,6.2,292.3,8,N,0
-18.348,132.4363,303.7,1,1,2014-10-20,1629,Aqua,MODIS,57,6.2,291.1,6.6,N,0
-18.3339,132.5894,307,1,1,2014-10-20,1629,Aqua,MODIS,70,6.2,291.1,8.5,N,0
-18.2533,132.6683,306.7,1,1,2014-10-20,1629,Aqua,MODIS,69,6.2,292.5,7.9,N,0
-18.3143,132.4014,304.3,1.1,1,2014-10-20,1629,Aqua,MODIS,60,6.2,290.9,7.5,N,0
-17.1116,132.8483,330.7,1,1,2014-10-20,1629,Aqua,MODIS,100,6.2,294.2,31.1,N,0
-17.1845,132.8496,312.1,1,1,2014-10-20,1629,Aqua,MODIS,84,6.2,293.6,11.3,N,0
-17.186,132.8593,304.2,1,1,2014-10-20,1629,Aqua,MODIS,47,6.2,293.6,5.7,N,0
-17.1937,132.8481,341.3,1,1,2014-10-20,1629,Aqua,MODIS,100,6.2,297.1,47.8,N,0
-17.1952,132.8577,311.8,1,1,2014-10-20,1629,Aqua,MODIS,79,6.2,294.5,10.8,N,0
-17.2028,132.8465,306.6,1,1,2014-10-20,1629,Aqua,MODIS,69,6.2,293.4,7.6,N,0
-17.0933,132.8513,315.3,1,1,2014-10-20,1629,Aqua,MODIS,91,6.2,293.6,14,N,0
-17.1009,132.8401,306.7,1,1,2014-10-20,1629,Aqua,MODIS,69,6.2,293.7,7.4,N,0
-17.1024,132.8498,350.4,1,1,2014-10-20,1629,Aqua,MODIS,100,6.2,298,67,N,0
-16.8378,130.7288,317.1,1.3,1.1,2014-10-20,1629,Aqua,MODIS,94,6.2,298.9,17.6,N,0
-16.8398,130.7409,316.4,1.3,1.1,2014-10-20,1629,Aqua,MODIS,93,6.2,299.5,16.3,N,0
-16.85,130.7391,308.3,1.3,1.1,2014-10-20,1629,Aqua,MODIS,67,6.2,298,8,N,0
-17.062,130.596,303.5,1.3,1.1,2014-10-20,1629,Aqua,MODIS,55,6.2,293.4,6.9,N,0
-17.6449,125.5043,310.1,3,1.6,2014-10-20,1629,Aqua,MODIS,8,6.2,292.5,34.5,N,0
-17.6606,125.4963,316.8,3,1.6,2014-10-20,1629,Aqua,MODIS,66,6.2,296.3,59.3,N,0
-16.6151,129.6007,308.9,1.6,1.2,2014-10-20,1629,Aqua,MODIS,75,6.2,296.2,12.3,N,0
-17.6459,125.4991,309.1,3,1.6,2014-10-20,1629,Aqua,MODIS,16,6.2,294,32.7,N,0
-17.6512,125.5266,305.9,3,1.6,2014-10-20,1629,Aqua,MODIS,8,6.2,291.3,24.4,N,0
-18.8495,131.8228,311.9,1.1,1,2014-10-20,1629,Aqua,MODIS,84,6.2,291.7,12.9,N,0
-18.8698,131.8299,301.4,1.1,1,2014-10-20,1629,Aqua,MODIS,41,6.2,291,5.3,N,0
-16.5739,129.7622,311.8,1.5,1.2,2014-10-20,1629,Aqua,MODIS,83,6.2,299.7,13.9,N,0
-21.7532,127.4974,303.6,1.8,1.3,2014-10-20,1630,Aqua,MODIS,35,6.2,292.6,11.7,N,0
-22.2159,127.5066,316.4,1.7,1.3,2014-10-20,1630,Aqua,MODIS,93,6.2,274.7,40.1,N,0
-21.7562,127.5142,315.1,1.7,1.3,2014-10-20,1630,Aqua,MODIS,90,6.2,294.6,29.8,N,0
-21.7476,127.5332,307.8,1.7,1.3,2014-10-20,1630,Aqua,MODIS,72,6.2,293,18.1,N,0
-22.0709,127.4752,304.7,1.7,1.3,2014-10-20,1630,Aqua,MODIS,45,6.2,288.1,17.8,N,0
-21.412,123.1734,303,3.6,1.8,2014-10-20,1630,Aqua,MODIS,27,6.2,291.8,29.3,N,0
-21.4049,123.1386,303.3,3.7,1.8,2014-10-20,1630,Aqua,MODIS,39,6.2,292.5,31.7,N,0
-22.2484,121.9415,305.1,4.3,1.9,2014-10-20,1630,Aqua,MODIS,63,6.2,294.4,45.1,N,0
-22.2451,121.9474,304.6,4.3,1.9,2014-10-20,1630,Aqua,MODIS,56,6.2,294.2,41.7,N,0
-22.2302,121.8594,316.6,4.3,1.9,2014-10-20,1630,Aqua,MODIS,93,6.2,293.7,119.7,N,0
-22.2274,121.8652,317.8,4.3,1.9,2014-10-20,1630,Aqua,MODIS,96,6.2,293.9,127.5,N,0
-22.2364,121.9071,306.9,4.3,1.9,2014-10-20,1630,Aqua,MODIS,62,6.2,294.7,55.7,N,0
-22.2395,121.9011,309.6,4.3,1.9,2014-10-20,1630,Aqua,MODIS,78,6.2,295,71.2,N,0
-22.8259,122.4196,312.3,3.8,1.8,2014-10-20,1631,Aqua,MODIS,85,6.2,291.3,83.8,N,0
-25.5776,129.9354,307.6,1.1,1,2014-10-20,1631,Aqua,MODIS,72,6.2,291.5,9.4,N,0
-22.6082,122.3222,304.4,3.9,1.8,2014-10-20,1631,Aqua,MODIS,60,6.2,291.5,41.3,N,0
-23.4541,123.2252,308.1,3.2,1.7,2014-10-20,1631,Aqua,MODIS,74,6.2,292,46.7,N,0
-22.8376,122.4469,304.8,3.8,1.8,2014-10-20,1631,Aqua,MODIS,62,6.2,290.5,46.9,N,0
-23.4516,123.2213,307.7,3.2,1.7,2014-10-20,1631,Aqua,MODIS,72,6.2,292.1,45.2,N,0
-26.624,126.1981,310,1.7,1.3,2014-10-20,1631,Aqua,MODIS,43,6.2,292.2,20.1,N,0
-22.6053,122.3307,306.1,3.9,1.8,2014-10-20,1631,Aqua,MODIS,67,6.2,291.6,49.5,N,0
-22.4847,122.367,307.9,3.9,1.8,2014-10-20,1631,Aqua,MODIS,73,6.2,293,56,N,0
-24.3096,125.9592,321.3,2,1.4,2014-10-20,1631,Aqua,MODIS,100,6.2,293.7,50.8,N,0
-24.2813,125.9454,313.5,2,1.4,2014-10-20,1631,Aqua,MODIS,87,6.2,293.6,31.1,N,0
-24.2775,125.926,322.8,2,1.4,2014-10-20,1631,Aqua,MODIS,100,6.2,294.1,55.2,N,0
-24.2773,125.9335,334.3,2,1.4,2014-10-20,1631,Aqua,MODIS,100,6.2,294.7,94.7,N,0
-26.5896,126.1941,310.1,1.7,1.3,2014-10-20,1631,Aqua,MODIS,79,6.2,292.6,22,N,0
-22.8297,122.4105,303.8,3.8,1.8,2014-10-20,1631,Aqua,MODIS,57,6.2,290.3,43.5,N,0
-26.6207,126.181,326.8,1.7,1.3,2014-10-20,1631,Aqua,MODIS,100,6.2,293.2,55.3,N,0
-22.8335,122.4561,304.5,3.8,1.8,2014-10-20,1631,Aqua,MODIS,61,6.2,290.7,46.1,N,0
-26.6241,126.1861,323.6,1.7,1.3,2014-10-20,1631,Aqua,MODIS,100,6.2,292.9,48.6,N,0
-26.6126,126.1887,310.2,1.7,1.3,2014-10-20,1631,Aqua,MODIS,40,6.2,292.9,20.7,N,0
-22.4909,122.3603,303.9,3.9,1.8,2014-10-20,1631,Aqua,MODIS,12,6.2,292.2,33.7,N,0
-25.5681,129.9372,339.5,1.1,1,2014-10-20,1631,Aqua,MODIS,100,6.2,294.4,49.3,N,0
-25.5699,129.9482,317.5,1.1,1,2014-10-20,1631,Aqua,MODIS,89,6.2,293.1,18,N,0
-22.499,122.3972,322.5,3.9,1.8,2014-10-20,1631,Aqua,MODIS,100,6.2,294.2,141.7,N,0
-22.4926,122.404,318.1,3.9,1.8,2014-10-20,1631,Aqua,MODIS,96,6.2,294.2,115,N,0
-26.6209,126.1689,309.1,1.7,1.3,2014-10-20,1631,Aqua,MODIS,73,6.2,290.6,20.3,N,0
-30.8665,121.4953,302.8,2.8,1.6,2014-10-20,1633,Aqua,MODIS,51,6.2,284.4,36.6,N,2
-12.6638,142.1658,316.6,4,1.9,2014-10-21,0014,Terra,MODIS,55,6.2,298.3,42.2,D,0
-12.7875,142.2463,321.7,3.9,1.8,2014-10-21,0014,Terra,MODIS,66,6.2,296.9,65.9,D,0
-12.7826,142.2545,321.1,3.9,1.8,2014-10-21,0014,Terra,MODIS,43,6.2,296.7,60,D,0
-11.7158,142.304,313.3,4.1,1.9,2014-10-21,0014,Terra,MODIS,58,6.2,290.9,44.3,D,0
-15.1472,142.4388,330.3,3.4,1.7,2014-10-21,0015,Terra,MODIS,80,6.2,302.3,106.5,D,0
-15.0882,142.5917,328.1,3.3,1.7,2014-10-21,0015,Terra,MODIS,76,6.2,303.5,87.4,D,0
-15.1761,142.3098,320.9,3.4,1.7,2014-10-21,0015,Terra,MODIS,61,6.2,302.9,48.7,D,0
-14.1553,142.2459,316.3,3.7,1.8,2014-10-21,0015,Terra,MODIS,39,6.2,298.1,47.3,D,0
-14.169,142.272,334.4,3.6,1.8,2014-10-21,0015,Terra,MODIS,84,6.2,301,173.5,D,0
-15.0826,142.5612,330.4,3.3,1.7,2014-10-21,0015,Terra,MODIS,79,6.2,304.9,100.4,D,0
-15.0481,142.6312,321.5,3.3,1.7,2014-10-21,0015,Terra,MODIS,49,6.2,304.3,44.7,D,0
-15.2199,142.0862,326.4,3.6,1.8,2014-10-21,0015,Terra,MODIS,68,6.2,304.5,76.5,D,0
-15.1731,142.8814,322.5,3.1,1.7,2014-10-21,0015,Terra,MODIS,55,6.2,305.2,41.4,D,0
-15.0781,142.5559,323.2,3.3,1.7,2014-10-21,0015,Terra,MODIS,57,6.2,305.5,54,D,0
-15.1912,142.3324,318,3.4,1.7,2014-10-21,0015,Terra,MODIS,55,6.2,302.8,37.1,D,0
-15.171,142.8757,322.8,3.1,1.7,2014-10-21,0015,Terra,MODIS,59,6.2,305.4,43.8,D,0
-15.1887,142.2336,324.4,3.5,1.8,2014-10-21,0015,Terra,MODIS,48,6.2,302.3,62.8,D,0
-14.1614,142.2793,324.1,3.6,1.8,2014-10-21,0015,Terra,MODIS,69,6.2,300.3,92.6,D,0
-16.3202,142.537,325.1,3.1,1.7,2014-10-21,0015,Terra,MODIS,52,6.2,307.6,51.4,D,0
-15.084,142.5864,328.1,3.3,1.7,2014-10-21,0015,Terra,MODIS,76,6.2,304.4,88.5,D,0
-15.1852,142.3007,332.8,3.4,1.7,2014-10-21,0015,Terra,MODIS,82,6.2,302.2,131.1,D,0
-16.3176,142.5305,325,3.1,1.7,2014-10-21,0015,Terra,MODIS,64,6.2,307.9,52.9,D,0
-16.3365,142.4659,328.1,3.2,1.7,2014-10-21,0015,Terra,MODIS,48,6.2,307.7,67.1,D,0
-15.1533,142.4698,327.3,3.4,1.7,2014-10-21,0015,Terra,MODIS,70,6.2,302.3,86.4,D,0
-15.1374,142.4482,339.8,3.4,1.7,2014-10-21,0015,Terra,MODIS,88,6.2,304.2,184.7,D,0
-16.5266,141.7605,323.8,3.6,1.8,2014-10-21,0015,Terra,MODIS,50,6.2,307.1,54.3,D,0
-15.2114,142.0937,323.2,3.6,1.8,2014-10-21,0015,Terra,MODIS,23,6.2,304.9,54.9,D,0
-15.1432,142.4791,322.2,3.4,1.7,2014-10-21,0015,Terra,MODIS,57,6.2,302.6,52.2,D,0
-14.7364,144.4261,326.7,2.4,1.5,2014-10-21,0015,Terra,MODIS,73,6.2,302.8,46.9,D,0
-15.2738,145.2961,317.3,2,1.4,2014-10-21,0015,Terra,MODIS,0,6.2,301.1,19.8,D,0
-13.5542,141.6567,325.5,4.2,1.9,2014-10-21,0015,Terra,MODIS,66,6.2,299.1,104.2,D,0
-16.6681,142.6774,328.4,3,1.7,2014-10-21,0015,Terra,MODIS,76,6.2,309.1,57.3,D,0
-14.2552,142.5844,316.9,3.4,1.7,2014-10-21,0015,Terra,MODIS,32,6.2,301.1,31.2,D,0
-16.6669,142.6704,327.9,3,1.7,2014-10-21,0015,Terra,MODIS,60,6.2,309.8,52.7,D,0
-13.5153,141.6171,324,4.2,1.9,2014-10-21,0015,Terra,MODIS,50,6.2,301,95.9,D,0
-15.0081,142.6704,319.1,3.3,1.7,2014-10-21,0015,Terra,MODIS,21,6.2,303.4,30.8,D,0
-14.9214,143.1781,323.9,3,1.6,2014-10-21,0015,Terra,MODIS,50,6.2,305.6,47.4,D,0
-14.9223,143.1851,320.8,3,1.6,2014-10-21,0015,Terra,MODIS,49,6.2,305.4,34.7,D,0
-15.0122,142.6767,320.7,3.3,1.7,2014-10-21,0015,Terra,MODIS,53,6.2,302.9,40.4,D,0
-15.0796,145.1666,322,2.1,1.4,2014-10-21,0015,Terra,MODIS,59,6.2,298.5,33.1,D,0
-14.9172,143.1574,320.6,3,1.7,2014-10-21,0015,Terra,MODIS,58,6.2,304.8,33.4,D,0
-13.5565,141.6488,328,4.2,1.9,2014-10-21,0015,Terra,MODIS,81,6.2,299.2,130.7,D,0
-13.5059,141.5866,327.4,4.2,1.9,2014-10-21,0015,Terra,MODIS,44,6.2,299.6,117.2,D,0
-14.3723,144.4503,315.7,2.5,1.5,2014-10-21,0015,Terra,MODIS,22,6.2,299.8,18,D,0
-15.0763,145.1472,318.2,2.1,1.4,2014-10-21,0015,Terra,MODIS,45,6.2,301,23.2,D,0
-16.9634,142.2921,322.1,3.2,1.7,2014-10-21,0016,Terra,MODIS,32,6.2,306.9,33.2,D,0
-16.9602,142.2857,323.4,3.2,1.7,2014-10-21,0016,Terra,MODIS,48,6.2,307.5,41.9,D,0
-16.8137,142.6348,324.9,3,1.7,2014-10-21,0016,Terra,MODIS,58,6.2,309.6,39.2,D,0
-20.3477,147.2572,333.8,1.2,1.1,2014-10-21,0016,Terra,MODIS,82,6.2,305,30.6,D,0
-16.7563,142.0256,340.2,3.4,1.7,2014-10-21,0016,Terra,MODIS,88,6.2,307.9,185.3,D,0
-16.7619,142.0316,341.6,3.4,1.7,2014-10-21,0016,Terra,MODIS,89,6.2,307.9,196.6,D,0
-16.7624,142.0567,322.9,3.3,1.7,2014-10-21,0016,Terra,MODIS,66,6.2,307.4,48.3,D,0
-24.801,151.684,333.5,1.1,1.1,2014-10-21,0017,Terra,MODIS,83,6.2,306.6,23.7,D,0
-24.7708,151.6771,338,1.1,1.1,2014-10-21,0017,Terra,MODIS,87,6.2,305.1,30.4,D,0
-24.8038,151.677,338.3,1.1,1.1,2014-10-21,0017,Terra,MODIS,87,6.2,305.6,34.2,D,0
-24.7693,151.6659,362.1,1.1,1.1,2014-10-21,0017,Terra,MODIS,100,6.2,306.5,92.1,D,0
-24.8067,151.6994,333.5,1.1,1.1,2014-10-21,0017,Terra,MODIS,82,6.2,305.9,26,D,0
-24.7679,151.6548,328,1.1,1.1,2014-10-21,0017,Terra,MODIS,43,6.2,302,17.5,D,0
-23.9403,150.8272,321.3,1,1,2014-10-21,0017,Terra,MODIS,41,6.2,304.4,12.9,D,0
-24.7546,151.7024,364.2,1.1,1.1,2014-10-21,0017,Terra,MODIS,100,6.2,305.6,105.2,D,0
-24.8053,151.6882,343.6,1.1,1.1,2014-10-21,0017,Terra,MODIS,90,6.2,306.9,45,D,0
-22.891,148.9357,323.3,1,1,2014-10-21,0017,Terra,MODIS,60,6.2,308.1,6.5,D,0
-24.9708,148.1998,331.6,1,1,2014-10-21,0017,Terra,MODIS,42,6.2,300.1,25.3,D,0
-24.7642,151.7009,349.9,1.1,1.1,2014-10-21,0017,Terra,MODIS,94,6.2,306,60.5,D,0
-24.9692,148.1896,334,1,1,2014-10-21,0017,Terra,MODIS,59,6.2,297.9,30,D,0
-24.7561,151.7137,332.7,1.1,1.1,2014-10-21,0017,Terra,MODIS,82,6.2,305.4,26.7,D,0
-24.7627,151.6895,378.3,1.1,1.1,2014-10-21,0017,Terra,MODIS,100,6.2,307.9,159.6,D,0
-24.8907,151.7438,355.5,1.1,1.1,2014-10-21,0017,Terra,MODIS,97,6.2,306.7,75.7,D,0
-24.2093,149.5609,327.2,1,1,2014-10-21,0017,Terra,MODIS,65,6.2,308.4,12.6,D,0
-24.8025,151.6952,355.5,1.1,1.1,2014-10-21,0017,Terra,MODIS,97,6.2,307.5,73.7,D,0
-24.7664,151.6438,324.6,1.1,1.1,2014-10-21,0017,Terra,MODIS,43,6.2,301.5,14.6,D,0
-24.7598,151.6673,370.7,1.1,1.1,2014-10-21,0017,Terra,MODIS,100,6.2,306.5,127.1,D,0
-24.7569,151.6452,346.2,1.1,1.1,2014-10-21,0017,Terra,MODIS,92,6.2,302.5,54,D,0
-24.7502,151.6687,324.1,1.1,1.1,2014-10-21,0017,Terra,MODIS,29,6.2,298,15.6,D,0
-24.7516,151.6795,329.7,1.1,1.1,2014-10-21,0017,Terra,MODIS,69,6.2,297.5,23.2,D,0
-24.7612,151.6784,381.1,1.1,1.1,2014-10-21,0017,Terra,MODIS,100,6.2,307.5,173.9,D,0
-24.7583,151.6563,360.9,1.1,1.1,2014-10-21,0017,Terra,MODIS,100,6.2,305.5,93.6,D,0
-26.2343,148.0867,324.7,1,1,2014-10-21,0018,Terra,MODIS,34,6.2,309.4,7.6,D,0
-26.2418,148.0749,326.4,1,1,2014-10-21,0018,Terra,MODIS,60,6.2,309,9.3,D,0
-26.2434,148.085,323.4,1,1,2014-10-21,0018,Terra,MODIS,33,6.2,309,6.2,D,0
-31.9274,145.8629,325.2,1.1,1,2014-10-21,0019,Terra,MODIS,66,6.2,310.9,9.9,D,0
-30.281,151.5329,327.1,1.3,1.1,2014-10-21,0019,Terra,MODIS,77,6.2,301.1,26.6,D,0
-30.2911,151.5314,318.9,1.3,1.1,2014-10-21,0019,Terra,MODIS,63,6.2,300.1,14.8,D,0
-31.9257,145.8518,325.3,1.1,1,2014-10-21,0019,Terra,MODIS,66,6.2,309.4,10.1,D,0
-30.396,148.1475,325.4,1,1,2014-10-21,0019,Terra,MODIS,64,6.2,310.1,7.6,D,0
-30.3975,148.1579,333.5,1,1,2014-10-21,0019,Terra,MODIS,79,6.2,309.6,17.6,D,0
-29.454,149.887,330.6,1.1,1,2014-10-21,0019,Terra,MODIS,74,6.2,311.5,12.9,D,0
-33.2821,149.1064,309.8,1.1,1,2014-10-21,0020,Terra,MODIS,20,6.2,295.9,4.8,D,0
-38.5325,146.7277,306.7,1,1,2014-10-21,0021,Terra,MODIS,62,6.2,294.6,5.5,D,0
-36.843,144.2616,311.5,1.1,1,2014-10-21,0021,Terra,MODIS,45,6.2,297.7,5.4,D,0
-36.3886,145.4755,319.2,1,1,2014-10-21,0021,Terra,MODIS,72,6.2,300.3,11.4,D,0
-37.9402,146.7022,323.1,1,1,2014-10-21,0021,Terra,MODIS,81,6.2,298.6,16.6,D,0
-37.9386,146.6906,318.8,1,1,2014-10-21,0021,Terra,MODIS,77,6.2,298.4,12.9,D,0
-37.9493,146.7002,345.7,1,1,2014-10-21,0021,Terra,MODIS,94,6.2,300.5,48.7,D,0
-36.2782,146.7171,309,1,1,2014-10-21,0021,Terra,MODIS,60,6.2,298.5,5.5,D,0
-37.9935,145.1132,313.8,1,1,2014-10-21,0021,Terra,MODIS,29,6.2,300.8,4.4,D,0
-37.8438,145.28,313.6,1,1,2014-10-21,0021,Terra,MODIS,67,6.2,300.2,4.9,D,0
-37.9477,146.6886,361.6,1,1,2014-10-21,0021,Terra,MODIS,100,6.2,299.7,87.2,D,0
-40.8527,145.3846,300.6,1,1,2014-10-21,0022,Terra,MODIS,30,6.2,289,4.4,D,0
-11.6713,130.9727,332.7,1.3,1.1,2014-10-21,0152,Terra,MODIS,61,6.2,311.9,21.9,D,0
-11.7207,130.9538,331.1,1.3,1.1,2014-10-21,0152,Terra,MODIS,58,6.2,309.5,17,D,0
-11.7335,130.5326,342.7,1.2,1.1,2014-10-21,0152,Terra,MODIS,88,6.2,306.2,46.4,D,0
-11.7351,130.544,382.9,1.2,1.1,2014-10-21,0152,Terra,MODIS,100,6.2,312,207.8,D,0
-11.7367,130.5553,328.6,1.2,1.1,2014-10-21,0152,Terra,MODIS,61,6.2,309.5,16.6,D,0
-11.2149,132.363,330.1,1.6,1.2,2014-10-21,0152,Terra,MODIS,50,6.2,307.8,21.2,D,0
-12.3179,132.748,327.8,1.8,1.3,2014-10-21,0153,Terra,MODIS,58,6.2,307.6,25.8,D,0
-14.0049,135.3319,332.7,3,1.6,2014-10-21,0153,Terra,MODIS,62,6.2,304.7,87.5,D,0
-14.2767,131.2832,330.7,1.5,1.2,2014-10-21,0153,Terra,MODIS,48,6.2,310,23.3,D,0
-13.6942,132.4544,335,1.8,1.3,2014-10-21,0153,Terra,MODIS,77,6.2,306.2,47.4,D,0
-12.3128,132.742,328.7,1.8,1.3,2014-10-21,0153,Terra,MODIS,63,6.2,308.7,30.1,D,0
-14.3346,131.3033,337.6,1.5,1.2,2014-10-21,0153,Terra,MODIS,60,6.2,302.1,46.9,D,0
-13.7059,132.4529,336.3,1.8,1.3,2014-10-21,0153,Terra,MODIS,72,6.2,310,49.1,D,0
-14.2893,131.2954,330.2,1.5,1.2,2014-10-21,0153,Terra,MODIS,31,6.2,307,21.8,D,0
-13.7039,132.4368,335.3,1.8,1.3,2014-10-21,0153,Terra,MODIS,69,6.2,311.2,43.7,D,0
-13.7786,132.6456,331.4,1.8,1.3,2014-10-21,0153,Terra,MODIS,55,6.2,311,27.8,D,0
-13.7859,132.6554,328.9,1.8,1.3,2014-10-21,0153,Terra,MODIS,51,6.2,311.2,21.5,D,0
-13.073,135.9032,360.1,3.2,1.7,2014-10-21,0153,Terra,MODIS,100,6.2,303,404.6,D,0
-12.4892,133.3644,328.8,2,1.4,2014-10-21,0153,Terra,MODIS,71,6.2,310.2,31.1,D,0
-12.74,136.0245,329.9,3.2,1.7,2014-10-21,0153,Terra,MODIS,73,6.2,296.8,106.7,D,0
-14.4954,133.1445,356.8,2.1,1.4,2014-10-21,0153,Terra,MODIS,98,6.2,311.8,166.9,D,0
-14.4977,133.1633,339.1,2.1,1.4,2014-10-21,0153,Terra,MODIS,84,6.2,311.7,64.7,D,0
-12.7334,132.3413,329.9,1.7,1.3,2014-10-21,0153,Terra,MODIS,47,6.2,310.1,19.7,D,0
-12.7435,136.0312,330.6,3.2,1.7,2014-10-21,0153,Terra,MODIS,65,6.2,296.3,106.7,D,0
-12.9489,132.7746,332,1.8,1.3,2014-10-21,0153,Terra,MODIS,58,6.2,308.1,31.6,D,0
-12.5858,131.0359,332.3,1.4,1.2,2014-10-21,0153,Terra,MODIS,48,6.2,310.3,20.1,D,0
-12.4657,134.2145,330.3,2.3,1.5,2014-10-21,0153,Terra,MODIS,74,6.2,313.5,36.8,D,0
-13.076,135.9096,362.1,3.2,1.7,2014-10-21,0153,Terra,MODIS,100,6.2,301.7,435.3,D,0
-12.4917,133.3835,325.5,2,1.4,2014-10-21,0153,Terra,MODIS,59,6.2,311.2,23,D,0
-12.4939,133.3773,328.5,2,1.4,2014-10-21,0153,Terra,MODIS,70,6.2,311.4,32.8,D,0
-12.7308,132.3357,334.1,1.7,1.3,2014-10-21,0153,Terra,MODIS,78,6.2,311.5,34.8,D,0
-14.0293,136.4745,329.2,3.7,1.8,2014-10-21,0153,Terra,MODIS,69,6.2,300.7,118.2,D,0
-12.7908,132.9201,339.5,1.9,1.3,2014-10-21,0153,Terra,MODIS,84,6.2,309.5,67.7,D,0
-16.1488,136.877,323.2,4.2,1.9,2014-10-21,0153,Terra,MODIS,38,6.2,300.6,74.7,D,0
-14.0372,136.4672,327.8,3.7,1.8,2014-10-21,0153,Terra,MODIS,57,6.2,300.5,108,D,0
-12.7978,132.925,340.6,1.9,1.3,2014-10-21,0153,Terra,MODIS,86,6.2,308.8,72.5,D,0
-12.7929,132.9374,328.6,1.9,1.3,2014-10-21,0153,Terra,MODIS,63,6.2,308.3,29.8,D,0
-12.6549,136.0717,325.6,3.3,1.7,2014-10-21,0153,Terra,MODIS,64,6.2,298.4,87.9,D,0
-12.7313,132.3259,332.4,1.7,1.3,2014-10-21,0153,Terra,MODIS,60,6.2,312.8,24.9,D,0
-12.7858,132.9263,325.4,1.9,1.3,2014-10-21,0153,Terra,MODIS,35,6.2,308.4,20.1,D,0
-14.2568,127.2685,330.6,1,1,2014-10-21,0153,Terra,MODIS,33,6.2,308.1,12.3,D,0
-11.73,130.3627,343,1.2,1.1,2014-10-21,0153,Terra,MODIS,89,6.2,307.3,46.8,D,0
-11.7284,130.3517,344,1.2,1.1,2014-10-21,0153,Terra,MODIS,89,6.2,307.1,49.1,D,0
-14.6563,126.8564,331,1,1,2014-10-21,0153,Terra,MODIS,34,6.2,312.5,8.3,D,0
-14.2595,127.287,329.9,1,1,2014-10-21,0153,Terra,MODIS,43,6.2,308.2,13.7,D,0
-14.7249,126.8211,339.8,1,1,2014-10-21,0153,Terra,MODIS,70,6.2,312.4,21.6,D,0
-14.3044,127.2802,333.3,1,1,2014-10-21,0153,Terra,MODIS,67,6.2,307.5,17.1,D,0
-14.3057,127.2894,333.5,1,1,2014-10-21,0153,Terra,MODIS,69,6.2,308.3,18.1,D,0
-14.2698,127.2949,338.6,1,1,2014-10-21,0153,Terra,MODIS,82,6.2,307.4,27.3,D,0
-14.312,127.2696,335.4,1,1,2014-10-21,0153,Terra,MODIS,75,6.2,307.4,17.7,D,0
-14.3237,127.2867,328.7,1,1,2014-10-21,0153,Terra,MODIS,52,6.2,305.6,11.4,D,0
-14.5124,127.0039,331.3,1,1,2014-10-21,0153,Terra,MODIS,53,6.2,311.9,9.7,D,0
-14.2671,127.2764,337,1,1,2014-10-21,0153,Terra,MODIS,80,6.2,308.5,23.1,D,0
-14.637,126.8499,342.2,1,1,2014-10-21,0153,Terra,MODIS,66,6.2,313.3,23.9,D,0
-14.6474,126.8578,338.3,1,1,2014-10-21,0153,Terra,MODIS,81,6.2,314.1,19.4,D,0
-14.5137,127.0131,332.4,1,1,2014-10-21,0153,Terra,MODIS,59,6.2,310,11.4,D,0
-13.6522,130.3982,334.7,1.3,1.1,2014-10-21,0153,Terra,MODIS,78,6.2,302.6,34.7,D,0
-14.6405,126.8117,334,1,1,2014-10-21,0153,Terra,MODIS,28,6.2,314,11.1,D,0
-11.7309,130.3566,349.4,1.2,1.1,2014-10-21,0153,Terra,MODIS,95,6.2,308.2,63.8,D,0
-14.3237,131.3047,336.1,1.5,1.2,2014-10-21,0153,Terra,MODIS,55,6.2,307.5,41.8,D,0
-12.9943,130.2843,335.1,1.2,1.1,2014-10-21,0153,Terra,MODIS,32,6.2,313.2,24.7,D,0
-14.475,127.063,343,1,1,2014-10-21,0153,Terra,MODIS,87,6.2,309.1,30.9,D,0
-14.6522,126.8287,342.3,1,1,2014-10-21,0153,Terra,MODIS,84,6.2,314.1,22.1,D,0
-12.9114,130.5728,329.1,1.3,1.1,2014-10-21,0153,Terra,MODIS,37,6.2,306.1,18.9,D,0
-11.7466,130.5538,337.6,1.2,1.1,2014-10-21,0153,Terra,MODIS,83,6.2,308.9,33,D,0
-12.9167,130.5362,331.3,1.3,1.1,2014-10-21,0153,Terra,MODIS,59,6.2,310,20.3,D,0
-12.8997,130.5624,333.2,1.3,1.1,2014-10-21,0153,Terra,MODIS,56,6.2,305.8,27.7,D,0
-12.9252,130.5231,352.7,1.3,1.1,2014-10-21,0153,Terra,MODIS,95,6.2,308.6,73.5,D,0
-12.9268,130.5349,352.1,1.3,1.1,2014-10-21,0153,Terra,MODIS,94,6.2,309.6,70,D,0
-12.9098,130.5611,338.5,1.3,1.1,2014-10-21,0153,Terra,MODIS,74,6.2,309.6,37.7,D,0
-11.745,130.5426,340.2,1.2,1.1,2014-10-21,0153,Terra,MODIS,86,6.2,307.9,39.8,D,0
-16.7697,124.5308,335.5,1.1,1,2014-10-21,0154,Terra,MODIS,58,6.2,313.9,17.9,D,0
-16.8165,124.5229,341.7,1.1,1,2014-10-21,0154,Terra,MODIS,77,6.2,314.4,25.6,D,0
-16.7445,122.8616,337.1,1.3,1.1,2014-10-21,0154,Terra,MODIS,50,6.2,312.6,28.3,D,0
-16.8245,123.1043,350.5,1.3,1.1,2014-10-21,0154,Terra,MODIS,92,6.2,312.7,66.3,D,0
-15.6489,127.8637,339.7,1,1,2014-10-21,0154,Terra,MODIS,57,6.2,314.3,22.7,D,0
-17.2697,130.4542,337,1.4,1.2,2014-10-21,0154,Terra,MODIS,43,6.2,318,25.6,D,0
-16.6598,122.9082,342,1.3,1.1,2014-10-21,0154,Terra,MODIS,84,6.2,312.2,41.4,D,0
-16.3438,123.9915,328.7,1.2,1.1,2014-10-21,0154,Terra,MODIS,55,6.2,310.3,14.5,D,0
-17.0807,130.2364,335.8,1.4,1.2,2014-10-21,0154,Terra,MODIS,68,6.2,318.5,24.8,D,0
-16.8447,123.1009,343.1,1.3,1.1,2014-10-21,0154,Terra,MODIS,83,6.2,314.8,37.2,D,0
-16.8346,123.1026,346.5,1.3,1.1,2014-10-21,0154,Terra,MODIS,82,6.2,315,51,D,0
-16.8326,123.0906,352.6,1.3,1.1,2014-10-21,0154,Terra,MODIS,94,6.2,310.7,69.7,D,0
-17.6567,125.4305,336.8,1,1,2014-10-21,0154,Terra,MODIS,74,6.2,318.3,12.3,D,0
-17.2894,130.4378,338.5,1.4,1.2,2014-10-21,0154,Terra,MODIS,38,6.2,319.3,28.2,D,0
-18.922,131.8615,335.3,1.9,1.3,2014-10-21,0154,Terra,MODIS,75,6.2,313.2,44.3,D,0
-18.2607,132.6692,346.4,2.1,1.4,2014-10-21,0154,Terra,MODIS,89,6.2,315.8,101.7,D,0
-18.25,132.6909,343.1,2.2,1.4,2014-10-21,0154,Terra,MODIS,81,6.2,315.2,84.6,D,0
-18.2478,132.6707,340.2,2.1,1.4,2014-10-21,0154,Terra,MODIS,82,6.2,317.8,65.4,D,0
-18.2509,132.6963,338,2.2,1.4,2014-10-21,0154,Terra,MODIS,68,6.2,314.2,59.3,D,0
-18.2485,132.6761,346.2,2.1,1.4,2014-10-21,0154,Terra,MODIS,89,6.2,317.2,98.9,D,0
-18.9642,131.9796,363.9,2,1.4,2014-10-21,0154,Terra,MODIS,100,6.2,309.3,206.4,D,0
-18.9622,131.9611,344.3,1.9,1.4,2014-10-21,0154,Terra,MODIS,87,6.2,308.4,84.5,D,0
-18.9613,131.9866,379.7,2,1.4,2014-10-21,0154,Terra,MODIS,100,6.2,313.9,349.2,D,0
-18.9591,131.9681,376.6,1.9,1.4,2014-10-21,0154,Terra,MODIS,100,6.2,310.7,316.7,D,0
-18.9512,132.0066,343.9,2,1.4,2014-10-21,0154,Terra,MODIS,84,6.2,320.1,75.9,D,0
-18.949,131.9881,393.8,2,1.4,2014-10-21,0154,Terra,MODIS,100,6.2,325.2,522.6,D,0
-18.9469,131.9696,381.7,1.9,1.4,2014-10-21,0154,Terra,MODIS,100,6.2,315.2,369.5,D,0
-18.9388,132.0081,339.3,2,1.4,2014-10-21,0154,Terra,MODIS,82,6.2,319.5,56.2,D,0
-16.337,131.3141,331.6,1.6,1.2,2014-10-21,0154,Terra,MODIS,55,6.2,313.6,16.9,D,0
-18.9367,131.9895,350.2,2,1.4,2014-10-21,0154,Terra,MODIS,93,6.2,315.4,111.1,D,0
-18.906,132.0499,337.9,2,1.4,2014-10-21,0154,Terra,MODIS,69,6.2,312.1,51.8,D,0
-18.8958,132.0701,340.2,2,1.4,2014-10-21,0154,Terra,MODIS,42,6.2,315.7,55.9,D,0
-18.8937,132.0514,398.7,2,1.4,2014-10-21,0154,Terra,MODIS,100,6.2,326.2,602.7,D,0
-18.8916,132.0327,385.2,2,1.4,2014-10-21,0154,Terra,MODIS,100,6.2,315.2,417.1,D,0
-18.8813,132.0529,351.1,2,1.4,2014-10-21,0154,Terra,MODIS,84,6.2,320.7,111.8,D,0
-18.8793,132.0343,341.4,2,1.4,2014-10-21,0154,Terra,MODIS,77,6.2,313,67.9,D,0
-17.5372,133.0393,334.5,2.2,1.4,2014-10-21,0154,Terra,MODIS,61,6.2,310.4,51.6,D,0
-17.5265,133.0619,332.3,2.2,1.5,2014-10-21,0154,Terra,MODIS,56,6.2,310.9,41.7,D,0
-18.194,132.5408,336.3,2.1,1.4,2014-10-21,0154,Terra,MODIS,77,6.2,310.8,54.2,D,0
-18.9034,132.0559,358.6,2,1.4,2014-10-21,0154,Terra,MODIS,99,6.2,313.8,167.1,D,0
-18.9012,132.0373,375.5,2,1.4,2014-10-21,0154,Terra,MODIS,100,6.2,311.9,313.3,D,0
-18.8911,132.0574,369.5,2,1.4,2014-10-21,0154,Terra,MODIS,100,6.2,322.4,249.8,D,0
-18.8889,132.0388,398.6,2,1.4,2014-10-21,0154,Terra,MODIS,100,6.2,322.3,606.8,D,0
-18.8787,132.0589,346.4,2,1.4,2014-10-21,0154,Terra,MODIS,67,6.2,319.9,85.2,D,0
-17.5276,132.9559,341.5,2.2,1.4,2014-10-21,0154,Terra,MODIS,85,6.2,314,87,D,0
-17.53,132.9767,332.9,2.2,1.4,2014-10-21,0154,Terra,MODIS,52,6.2,314.8,42.9,D,0
-17.5405,132.9544,363.6,2.2,1.4,2014-10-21,0154,Terra,MODIS,100,6.2,310.1,246,D,0
-17.543,132.9752,342.9,2.2,1.4,2014-10-21,0154,Terra,MODIS,84,6.2,312.3,91.3,D,0
-17.5388,132.9491,352.7,2.2,1.4,2014-10-21,0154,Terra,MODIS,95,6.2,311.1,153.3,D,0
-17.5411,132.9698,354,2.2,1.4,2014-10-21,0154,Terra,MODIS,96,6.2,313.4,159.9,D,0
-18.8765,132.0403,348.2,2,1.4,2014-10-21,0154,Terra,MODIS,91,6.2,315.5,102.8,D,0
-18.8664,132.0604,347.7,2,1.4,2014-10-21,0154,Terra,MODIS,81,6.2,314.3,88.7,D,0
-19.0071,131.9183,397.7,1.9,1.4,2014-10-21,0154,Terra,MODIS,100,6.2,322.6,577.4,D,0
-19.005,131.9,369.8,1.9,1.4,2014-10-21,0154,Terra,MODIS,100,6.2,310,255.1,D,0
-18.997,131.9382,341.1,1.9,1.4,2014-10-21,0154,Terra,MODIS,84,6.2,322.5,66.4,D,0
-18.9949,131.9198,417.1,1.9,1.4,2014-10-21,0154,Terra,MODIS,100,6.2,328.8,924.5,D,0
-18.9928,131.9015,373.5,1.9,1.4,2014-10-21,0154,Terra,MODIS,100,6.2,312,287.8,D,0
-18.9847,131.9397,360.2,1.9,1.4,2014-10-21,0154,Terra,MODIS,100,6.2,322.3,170.7,D,0
-18.9826,131.9213,374.2,1.9,1.4,2014-10-21,0154,Terra,MODIS,100,6.2,317.4,288.6,D,0
-18.9724,131.9412,343.3,1.9,1.4,2014-10-21,0154,Terra,MODIS,70,6.2,315.3,74.3,D,0
-18.9815,131.9468,345.1,1.9,1.4,2014-10-21,0154,Terra,MODIS,82,6.2,320.2,82.8,D,0
-18.9793,131.9284,372,1.9,1.4,2014-10-21,0154,Terra,MODIS,100,6.2,319,270.5,D,0
-18.9693,131.9482,339.8,1.9,1.4,2014-10-21,0154,Terra,MODIS,82,6.2,312.9,66.3,D,0
-18.9479,131.7675,346.5,1.9,1.3,2014-10-21,0154,Terra,MODIS,89,6.2,312.9,98.2,D,0
-18.9463,131.8585,337,1.9,1.3,2014-10-21,0154,Terra,MODIS,78,6.2,310,57.9,D,0
-18.9362,131.8781,340.7,1.9,1.4,2014-10-21,0154,Terra,MODIS,83,6.2,313.3,69,D,0
-18.9341,131.86,380,1.9,1.3,2014-10-21,0154,Terra,MODIS,100,6.2,316.5,348.7,D,0
-18.9241,131.8797,329.3,1.9,1.4,2014-10-21,0154,Terra,MODIS,53,6.2,313.9,23.7,D,0
-18.284,132.646,340.2,2.1,1.4,2014-10-21,0154,Terra,MODIS,82,6.2,315.9,69.8,D,0
-18.2863,132.6662,340.5,2.1,1.4,2014-10-21,0154,Terra,MODIS,79,6.2,313.8,73.4,D,0
-18.363,132.4288,328.6,2.1,1.4,2014-10-21,0154,Terra,MODIS,46,6.2,309.8,31.2,D,0
-18.323,132.414,328.2,2.1,1.4,2014-10-21,0154,Terra,MODIS,46,6.2,312.6,26.6,D,0
-17.6549,133.0413,335.9,2.2,1.5,2014-10-21,0154,Terra,MODIS,47,6.2,313.2,43.2,D,0
-18.3074,132.6228,361.2,2.1,1.4,2014-10-21,0154,Terra,MODIS,100,6.2,316.9,202.2,D,0
-18.3097,132.643,352.3,2.1,1.4,2014-10-21,0154,Terra,MODIS,94,6.2,315,138.4,D,0
-18.3066,132.616,347.7,2.1,1.4,2014-10-21,0154,Terra,MODIS,90,6.2,315.8,105.8,D,0
-18.3088,132.6363,359.3,2.1,1.4,2014-10-21,0154,Terra,MODIS,99,6.2,316.5,189.5,D,0
-18.345,132.6116,339.1,2.1,1.4,2014-10-21,0154,Terra,MODIS,21,6.2,316.2,55.6,D,0
-18.3556,132.59,355,2.1,1.4,2014-10-21,0154,Terra,MODIS,96,6.2,317.8,150.1,D,0
-18.3683,132.5885,354.4,2.1,1.4,2014-10-21,0154,Terra,MODIS,96,6.2,314.3,149.3,D,0
-17.6524,133.0202,348.3,2.2,1.4,2014-10-21,0154,Terra,MODIS,91,6.2,317,113.2,D,0
-17.6498,133.0138,337.1,2.2,1.4,2014-10-21,0154,Terra,MODIS,61,6.2,317.7,54.4,D,0
-17.6521,133.0348,342.5,2.2,1.5,2014-10-21,0154,Terra,MODIS,86,6.2,314.2,83.5,D,0
-17.6628,133.0122,359.1,2.2,1.4,2014-10-21,0154,Terra,MODIS,99,6.2,316.6,203,D,0
-17.6652,133.0333,340.9,2.2,1.5,2014-10-21,0154,Terra,MODIS,78,6.2,314.6,76.8,D,0
-17.6759,133.0107,343.4,2.2,1.4,2014-10-21,0154,Terra,MODIS,86,6.2,311,92.1,D,0
-18.3511,132.5501,337.8,2.1,1.4,2014-10-21,0154,Terra,MODIS,51,6.2,313.3,51.2,D,0
-18.3533,132.57,366.5,2.1,1.4,2014-10-21,0154,Terra,MODIS,100,6.2,320,240.7,D,0
-18.3616,132.5287,341.8,2.1,1.4,2014-10-21,0154,Terra,MODIS,84,6.2,311,83.3,D,0
-18.3638,132.5486,379.4,2.1,1.4,2014-10-21,0154,Terra,MODIS,100,6.2,315.7,387.3,D,0
-18.3661,132.5685,387.6,2.1,1.4,2014-10-21,0154,Terra,MODIS,100,6.2,316.3,492.9,D,0
-18.372,132.5074,345.1,2.1,1.4,2014-10-21,0154,Terra,MODIS,88,6.2,307.6,107.2,D,0
-18.3743,132.5272,370,2.1,1.4,2014-10-21,0154,Terra,MODIS,100,6.2,310.2,293.5,D,0
-18.3766,132.5471,379.2,2.1,1.4,2014-10-21,0154,Terra,MODIS,100,6.2,311,395.9,D,0
-18.3788,132.567,327.9,2.1,1.4,2014-10-21,0154,Terra,MODIS,24,6.2,311.8,22,D,0
-18.9303,131.6733,338.3,1.9,1.3,2014-10-21,0154,Terra,MODIS,55,6.2,315.6,49.8,D,0
-18.9373,131.6791,360.8,1.9,1.3,2014-10-21,0154,Terra,MODIS,100,6.2,317.9,168.1,D,0
-18.9352,131.6615,360.1,1.8,1.3,2014-10-21,0154,Terra,MODIS,100,6.2,315.6,161.5,D,0
-18.9253,131.6805,337.5,1.9,1.3,2014-10-21,0154,Terra,MODIS,79,6.2,316.2,49.2,D,0
-15.9484,133.7994,334.1,2.4,1.5,2014-10-21,0154,Terra,MODIS,70,6.2,311.9,56.6,D,0
-14.9801,125.8225,328.9,1,1,2014-10-21,0154,Terra,MODIS,58,6.2,308.1,10.8,D,0
-16.0556,125.989,328.4,1,1,2014-10-21,0154,Terra,MODIS,33,6.2,309,7.4,D,0
-15.5658,125.6174,332.6,1,1,2014-10-21,0154,Terra,MODIS,68,6.2,309.4,13.7,D,0
-15.584,125.6145,334.2,1,1,2014-10-21,0154,Terra,MODIS,60,6.2,314.1,14.6,D,0
-16.212,125.6851,344.7,1,1,2014-10-21,0154,Terra,MODIS,88,6.2,311.5,32.6,D,0
-16.2135,125.6946,351.3,1,1,2014-10-21,0154,Terra,MODIS,94,6.2,313.3,45.9,D,0
-16.2269,125.7215,334.3,1,1,2014-10-21,0154,Terra,MODIS,63,6.2,313.7,14,D,0
-15.5629,125.5984,357.1,1,1,2014-10-21,0154,Terra,MODIS,98,6.2,312.2,59.8,D,0
-15.5643,125.6079,334.4,1,1,2014-10-21,0154,Terra,MODIS,63,6.2,309.7,14.2,D,0
-16.0342,126.0306,331.7,1,1,2014-10-21,0154,Terra,MODIS,64,6.2,311.3,10.3,D,0
-16.0356,126.04,338,1,1,2014-10-21,0154,Terra,MODIS,80,6.2,313.3,20,D,0
-16.057,125.9983,338.7,1,1,2014-10-21,0154,Terra,MODIS,81,6.2,310.1,22,D,0
-15.486,126.1828,335.1,1,1,2014-10-21,0154,Terra,MODIS,72,6.2,313.8,13.6,D,0
-15.4936,126.1721,333.7,1,1,2014-10-21,0154,Terra,MODIS,74,6.2,314.2,12,D,0
-15.5186,126.2159,331.4,1,1,2014-10-21,0154,Terra,MODIS,39,6.2,312,9.3,D,0
-15.529,126.2238,335.7,1,1,2014-10-21,0154,Terra,MODIS,55,6.2,312.2,15,D,0
-15.5304,126.2331,338,1,1,2014-10-21,0154,Terra,MODIS,68,6.2,312.7,18.7,D,0
-15.5318,126.2424,335.1,1,1,2014-10-21,0154,Terra,MODIS,74,6.2,314,15.8,D,0
-15.5408,126.241,334.9,1,1,2014-10-21,0154,Terra,MODIS,66,6.2,314.1,14.8,D,0
-15.5442,126.2023,346.7,1,1,2014-10-21,0154,Terra,MODIS,90,6.2,315.9,34.7,D,0
-15.5484,126.2303,340.5,1,1,2014-10-21,0154,Terra,MODIS,84,6.2,315.7,20.4,D,0
-15.5498,126.2396,345,1,1,2014-10-21,0154,Terra,MODIS,88,6.2,315.3,29.6,D,0
-15.5537,126.2043,415.7,1,1,2014-10-21,0154,Terra,MODIS,100,6.2,324.2,345,D,0
-15.5551,126.2136,416.9,1,1,2014-10-21,0154,Terra,MODIS,100,6.2,331.1,353.7,D,0
-15.5565,126.2229,365.8,1,1,2014-10-21,0154,Terra,MODIS,100,6.2,320.4,83.3,D,0
-15.5579,126.2322,349.1,1,1,2014-10-21,0154,Terra,MODIS,92,6.2,315.8,41.1,D,0
-15.5593,126.2415,328.9,1,1,2014-10-21,0154,Terra,MODIS,49,6.2,312.7,7.4,D,0
-15.5627,126.2029,358.9,1,1,2014-10-21,0154,Terra,MODIS,99,6.2,306.3,64.8,D,0
-15.5641,126.2122,412.7,1,1,2014-10-21,0154,Terra,MODIS,100,6.2,313.8,321.6,D,0
-15.5655,126.2215,364.6,1,1,2014-10-21,0154,Terra,MODIS,100,6.2,311.8,80,D,0
-15.9288,126.1873,338.9,1,1,2014-10-21,0154,Terra,MODIS,81,6.2,315.3,18.9,D,0
-15.9302,126.1966,333,1,1,2014-10-21,0154,Terra,MODIS,61,6.2,315.1,10.5,D,0
-15.8839,126.1337,335.9,1,1,2014-10-21,0154,Terra,MODIS,77,6.2,312.1,17.6,D,0
-15.8853,126.143,342.3,1,1,2014-10-21,0154,Terra,MODIS,85,6.2,315.9,27.2,D,0
-15.8915,126.1229,360.8,1,1,2014-10-21,0154,Terra,MODIS,100,6.2,310.3,70.6,D,0
-15.8929,126.1323,339.3,1,1,2014-10-21,0154,Terra,MODIS,82,6.2,310.7,23.2,D,0
-15.8999,126.1789,339.7,1,1,2014-10-21,0154,Terra,MODIS,82,6.2,313.8,21.5,D,0
-16.075,125.6903,360.7,1,1,2014-10-21,0154,Terra,MODIS,100,6.2,315.8,69.5,D,0
-16.084,125.6889,333.6,1,1,2014-10-21,0154,Terra,MODIS,72,6.2,312.1,12.8,D,0
-15.5624,125.3519,328.4,1,1,2014-10-21,0154,Terra,MODIS,61,6.2,308.5,14.6,D,0
-15.641,126.0504,340.7,1,1,2014-10-21,0154,Terra,MODIS,84,6.2,309.3,28.4,D,0
-15.6424,126.0597,356.5,1,1,2014-10-21,0154,Terra,MODIS,97,6.2,308.7,61.6,D,0
-16.4319,131.341,341,1.6,1.2,2014-10-21,0154,Terra,MODIS,81,6.2,313,44.5,D,0
-16.4311,131.3353,334.8,1.6,1.2,2014-10-21,0154,Terra,MODIS,37,6.2,313.9,24.3,D,0
-16.4648,131.3307,334.1,1.6,1.2,2014-10-21,0154,Terra,MODIS,51,6.2,313,24.4,D,0
-16.4855,131.3128,335.1,1.6,1.2,2014-10-21,0154,Terra,MODIS,67,6.2,311.6,26.8,D,0
-16.4967,131.3113,339.6,1.6,1.2,2014-10-21,0154,Terra,MODIS,82,6.2,312.4,41.3,D,0
-15.5859,125.9887,338.6,1,1,2014-10-21,0154,Terra,MODIS,76,6.2,313.5,18.7,D,0
-15.613,125.9876,336.2,1,1,2014-10-21,0154,Terra,MODIS,67,6.2,315.9,15.2,D,0
-15.6206,125.9768,357.8,1,1,2014-10-21,0154,Terra,MODIS,98,6.2,314.7,60.1,D,0
-15.6221,125.9862,353.1,1,1,2014-10-21,0154,Terra,MODIS,95,6.2,315.9,48.1,D,0
-15.6263,126.0143,337.1,1,1,2014-10-21,0154,Terra,MODIS,72,6.2,311.3,18.4,D,0
-15.6297,125.9754,387.6,1,1,2014-10-21,0154,Terra,MODIS,100,6.2,312.9,171.6,D,0
-15.6311,125.9848,441,1,1,2014-10-21,0154,Terra,MODIS,100,6.2,332.4,593.3,D,0
-15.6325,125.9942,354.2,1,1,2014-10-21,0154,Terra,MODIS,96,6.2,314.7,52.6,D,0
-15.6401,125.9834,397.7,1,1,2014-10-21,0154,Terra,MODIS,100,6.2,311.7,226.7,D,0
-15.6415,125.9928,380.3,1,1,2014-10-21,0154,Terra,MODIS,100,6.2,312.9,140.2,D,0
-15.9981,126.0364,331,1,1,2014-10-21,0154,Terra,MODIS,61,6.2,310.3,11.1,D,0
-15.4677,126.0614,337,1,1,2014-10-21,0154,Terra,MODIS,79,6.2,316.8,13.8,D,0
-15.5428,126.193,334.2,1,1,2014-10-21,0154,Terra,MODIS,42,6.2,311.9,14,D,0
-15.5523,126.195,362.8,1,1,2014-10-21,0154,Terra,MODIS,100,6.2,309.1,75.8,D,0
-15.5779,126.1814,342.5,1,1,2014-10-21,0154,Terra,MODIS,86,6.2,305.6,30.5,D,0
-15.5793,126.1908,342.4,1,1,2014-10-21,0154,Terra,MODIS,77,6.2,308.2,29,D,0
-15.5855,126.1707,337.5,1,1,2014-10-21,0154,Terra,MODIS,80,6.2,305.7,23.1,D,0
-15.5869,126.1801,338.9,1,1,2014-10-21,0154,Terra,MODIS,80,6.2,307.1,23.9,D,0
-15.598,126.1306,334.3,1,1,2014-10-21,0154,Terra,MODIS,74,6.2,307.1,19,D,0
-15.8964,125.9725,337.8,1,1,2014-10-21,0154,Terra,MODIS,80,6.2,313.2,18.9,D,0
-15.8969,125.9147,367.9,1,1,2014-10-21,0154,Terra,MODIS,100,6.2,312.9,92.2,D,0
-15.8983,125.9241,370.7,1,1,2014-10-21,0154,Terra,MODIS,100,6.2,313.4,102.1,D,0
-15.9122,125.8931,326.9,1,1,2014-10-21,0154,Terra,MODIS,24,6.2,308,7.5,D,0
-15.8874,125.9739,354,1,1,2014-10-21,0154,Terra,MODIS,96,6.2,313.1,51.4,D,0
-15.8888,125.9833,388.9,1,1,2014-10-21,0154,Terra,MODIS,100,6.2,322.2,174.8,D,0
-15.8902,125.9926,359.2,1,1,2014-10-21,0154,Terra,MODIS,99,6.2,316.8,64.1,D,0
-15.8978,125.9818,351.1,1,1,2014-10-21,0154,Terra,MODIS,93,6.2,316.1,44.4,D,0
-15.8993,125.9912,331.9,1,1,2014-10-21,0154,Terra,MODIS,48,6.2,314,10.9,D,0
-16.0735,125.6809,334.6,1,1,2014-10-21,0154,Terra,MODIS,74,6.2,313,15,D,0
-18.24,126.5662,363.5,1,1,2014-10-21,0154,Terra,MODIS,100,6.2,317.7,75.4,D,0
-15.6314,126.1092,327.9,1,1,2014-10-21,0154,Terra,MODIS,25,6.2,310.6,7.1,D,0
-15.6328,126.1186,333.9,1,1,2014-10-21,0154,Terra,MODIS,74,6.2,310.4,15.7,D,0
-15.6342,126.1279,327.8,1,1,2014-10-21,0154,Terra,MODIS,47,6.2,310.9,7.5,D,0
-15.6404,126.1078,334,1,1,2014-10-21,0154,Terra,MODIS,71,6.2,310.8,15.1,D,0
-17.0991,132.8462,338.6,2.1,1.4,2014-10-21,0154,Terra,MODIS,72,6.2,315.1,60.2,D,0
-16.9859,130.6696,340.8,1.5,1.2,2014-10-21,0154,Terra,MODIS,83,6.2,316.4,38,D,0
-16.8587,130.7346,338.5,1.5,1.2,2014-10-21,0154,Terra,MODIS,64,6.2,318.3,32.5,D,0
-16.8695,130.7332,340.4,1.5,1.2,2014-10-21,0154,Terra,MODIS,77,6.2,317,36.4,D,0
-16.8912,130.7303,334.5,1.5,1.2,2014-10-21,0154,Terra,MODIS,59,6.2,316.9,21.5,D,0
-16.9246,130.7059,332.9,1.5,1.2,2014-10-21,0154,Terra,MODIS,62,6.2,316.9,18.2,D,0
-16.9661,130.6862,336.8,1.5,1.2,2014-10-21,0154,Terra,MODIS,78,6.2,318.4,28.1,D,0
-16.9751,130.6711,346.8,1.5,1.2,2014-10-21,0154,Terra,MODIS,90,6.2,318.2,56.5,D,0
-16.9769,130.6848,354.6,1.5,1.2,2014-10-21,0154,Terra,MODIS,96,6.2,317.2,88.1,D,0
-16.443,131.1534,334.6,1.6,1.2,2014-10-21,0154,Terra,MODIS,60,6.2,315,17.1,D,0
-16.452,131.2267,331.9,1.6,1.2,2014-10-21,0154,Terra,MODIS,32,6.2,312.6,15.6,D,0
-16.4781,131.1636,341.6,1.6,1.2,2014-10-21,0154,Terra,MODIS,85,6.2,314.6,41.2,D,0
-16.48,131.1783,352.5,1.6,1.2,2014-10-21,0154,Terra,MODIS,95,6.2,316.5,82.2,D,0
-16.5352,131.2545,342.8,1.6,1.2,2014-10-21,0154,Terra,MODIS,87,6.2,314.2,50.5,D,0
-16.5371,131.2694,341.5,1.6,1.2,2014-10-21,0154,Terra,MODIS,85,6.2,314.1,46.4,D,0
-17.4121,131.0548,335.7,1.6,1.2,2014-10-21,0154,Terra,MODIS,23,6.2,316.9,26.8,D,0
-17.4117,131.0484,335.9,1.6,1.2,2014-10-21,0154,Terra,MODIS,54,6.2,317.6,29.7,D,0
-17.4229,131.0469,332.3,1.6,1.2,2014-10-21,0154,Terra,MODIS,34,6.2,316.5,20.8,D,0
-18.231,126.5676,344.4,1,1,2014-10-21,0154,Terra,MODIS,86,6.2,315.8,28.9,D,0
-15.9535,133.8447,344.4,2.4,1.5,2014-10-21,0154,Terra,MODIS,89,6.2,312.8,118.4,D,0
-18.2476,126.5554,373.1,1,1,2014-10-21,0154,Terra,MODIS,100,6.2,314.4,108.1,D,0
-18.2206,126.5596,332,1,1,2014-10-21,0154,Terra,MODIS,62,6.2,315.5,10.9,D,0
-18.2296,126.5582,344.1,1,1,2014-10-21,0154,Terra,MODIS,86,6.2,316.2,28.9,D,0
-15.9509,133.8219,333.4,2.4,1.5,2014-10-21,0154,Terra,MODIS,64,6.2,311.9,52,D,0
-18.2143,126.5798,332.1,1,1,2014-10-21,0154,Terra,MODIS,49,6.2,315.5,11,D,0
-18.2212,126.6271,329.8,1,1,2014-10-21,0154,Terra,MODIS,38,6.2,314.9,8.4,D,0
-18.2386,126.5568,377.1,1,1,2014-10-21,0154,Terra,MODIS,100,6.2,320.4,121.9,D,0
-16.0929,134.2789,327.8,2.7,1.6,2014-10-21,0154,Terra,MODIS,36,6.2,311.6,33.3,D,0
-16.0901,134.2541,341.6,2.6,1.6,2014-10-21,0154,Terra,MODIS,87,6.2,314,113,D,0
-18.249,126.5648,360.2,1,1,2014-10-21,0154,Terra,MODIS,100,6.2,314.2,67.6,D,0
-18.26,126.6405,331.3,1,1,2014-10-21,0154,Terra,MODIS,60,6.2,316.5,9.5,D,0
-18.2676,126.6297,349,1,1,2014-10-21,0154,Terra,MODIS,91,6.2,315.8,37.9,D,0
-18.269,126.6391,362.7,1,1,2014-10-21,0154,Terra,MODIS,100,6.2,316.2,72.2,D,0
-18.3801,130.3011,338.6,1.5,1.2,2014-10-21,0154,Terra,MODIS,73,6.2,317.8,35.3,D,0
-18.4906,130.2799,335.9,1.5,1.2,2014-10-21,0154,Terra,MODIS,64,6.2,318,26.6,D,0
-17.7173,126.0163,333.8,1,1,2014-10-21,0154,Terra,MODIS,41,6.2,316.1,9.3,D,0
-17.7187,126.0256,345.6,1,1,2014-10-21,0154,Terra,MODIS,88,6.2,317.9,29,D,0
-17.6849,125.4941,349.3,1,1,2014-10-21,0154,Terra,MODIS,77,6.2,320.6,33.7,D,0
-17.6907,125.532,354.8,1,1,2014-10-21,0154,Terra,MODIS,88,6.2,317.4,48,D,0
-17.694,125.4926,362.5,1,1,2014-10-21,0154,Terra,MODIS,100,6.2,318.1,68,D,0
-17.6954,125.5021,364.3,1,1,2014-10-21,0154,Terra,MODIS,100,6.2,318.7,72.5,D,0
-17.6997,125.5306,358.7,1,1,2014-10-21,0154,Terra,MODIS,99,6.2,316.3,58.6,D,0
-17.6611,125.459,338.2,1,1,2014-10-21,0154,Terra,MODIS,75,6.2,318.5,14.1,D,0
-17.673,125.4766,340,1,1,2014-10-21,0154,Terra,MODIS,71,6.2,315.4,16.9,D,0
-16.765,124.5375,336.2,1.1,1,2014-10-21,0154,Terra,MODIS,35,6.2,316,15.5,D,0
-16.8444,124.4552,346.4,1.1,1,2014-10-21,0154,Terra,MODIS,89,6.2,315.5,35.7,D,0
-16.8487,124.448,337.3,1.1,1,2014-10-21,0154,Terra,MODIS,63,6.2,313.8,19.9,D,0
-16.8503,124.4582,339.3,1.1,1,2014-10-21,0154,Terra,MODIS,73,6.2,316.3,23.5,D,0
-16.8597,124.4566,330.6,1.1,1,2014-10-21,0154,Terra,MODIS,33,6.2,314.6,10.2,D,0
-17.8976,126.1768,334.5,1,1,2014-10-21,0154,Terra,MODIS,55,6.2,311.4,14,D,0
-17.8962,126.1674,431.7,1,1,2014-10-21,0154,Terra,MODIS,100,6.2,315.9,482.8,D,0
-17.8948,126.158,395.5,1,1,2014-10-21,0154,Terra,MODIS,100,6.2,312.8,211.2,D,0
-17.9107,126.3282,334.1,1,1,2014-10-21,0154,Terra,MODIS,61,6.2,314.3,12,D,0
-17.9038,126.2813,342.4,1,1,2014-10-21,0154,Terra,MODIS,80,6.2,314.8,24.8,D,0
-17.8886,126.1782,384.5,1,1,2014-10-21,0154,Terra,MODIS,100,6.2,318.8,150.5,D,0
-17.8872,126.1688,454.4,1,1,2014-10-21,0154,Terra,MODIS,100,6.2,340.8,748.2,D,0
-17.8858,126.1594,444,1,1,2014-10-21,0154,Terra,MODIS,100,6.2,332,616.5,D,0
-17.9003,126.3203,342.4,1,1,2014-10-21,0154,Terra,MODIS,83,6.2,315.1,24.2,D,0
-17.8989,126.3109,340.2,1,1,2014-10-21,0154,Terra,MODIS,60,6.2,316.5,20.4,D,0
-17.8934,126.2734,333.3,1,1,2014-10-21,0154,Terra,MODIS,37,6.2,316.3,10.3,D,0
-17.892,126.264,336.9,1,1,2014-10-21,0154,Terra,MODIS,74,6.2,314.5,15.2,D,0
-17.89,126.3123,334.1,1,1,2014-10-21,0154,Terra,MODIS,41,6.2,314.9,10.9,D,0
-17.881,126.189,339.1,1,1,2014-10-21,0154,Terra,MODIS,79,6.2,315.3,18.7,D,0
-17.8796,126.1796,397.7,1,1,2014-10-21,0154,Terra,MODIS,100,6.2,324.1,214.6,D,0
-17.872,126.1904,338.7,1,1,2014-10-21,0154,Terra,MODIS,79,6.2,316,17.2,D,0
-17.8706,126.181,344.7,1,1,2014-10-21,0154,Terra,MODIS,87,6.2,318.1,25.8,D,0
-17.8616,126.1824,343.1,1,1,2014-10-21,0154,Terra,MODIS,80,6.2,317,24.8,D,0
-17.8425,126.2398,339.3,1,1,2014-10-21,0154,Terra,MODIS,80,6.2,317.5,17.5,D,0
-17.8411,126.2304,346.8,1,1,2014-10-21,0154,Terra,MODIS,89,6.2,317.9,30.2,D,0
-17.8335,126.2412,339.4,1,1,2014-10-21,0154,Terra,MODIS,80,6.2,318.2,19.5,D,0
-17.6182,125.5401,336.2,1,1,2014-10-21,0154,Terra,MODIS,51,6.2,315.7,11.8,D,0
-17.6197,125.5496,348.3,1,1,2014-10-21,0154,Terra,MODIS,90,6.2,315.1,34.4,D,0
-17.6211,125.5591,345.1,1,1,2014-10-21,0154,Terra,MODIS,79,6.2,315.9,29.3,D,0
-17.6225,125.5686,342.5,1,1,2014-10-21,0154,Terra,MODIS,74,6.2,313.8,25.3,D,0
-17.6454,125.5357,339.1,1,1,2014-10-21,0154,Terra,MODIS,63,6.2,317.4,18.8,D,0
-17.8831,126.2654,346.7,1,1,2014-10-21,0154,Terra,MODIS,89,6.2,317.8,31,D,0
-17.8782,126.295,343.5,1,1,2014-10-21,0154,Terra,MODIS,85,6.2,317.7,24.1,D,0
-17.8452,126.2586,337.5,1,1,2014-10-21,0154,Terra,MODIS,77,6.2,316.5,16.1,D,0
-17.9024,126.1472,347,1,1,2014-10-21,0154,Terra,MODIS,84,6.2,301.3,40.9,D,0
-17.8782,126.1702,373.6,1,1,2014-10-21,0154,Terra,MODIS,100,6.2,323.9,103.6,D,0
-17.8768,126.1609,368.2,1,1,2014-10-21,0154,Terra,MODIS,100,6.2,321,85.4,D,0
-17.8754,126.1515,393.3,1,1,2014-10-21,0154,Terra,MODIS,100,6.2,322.2,192.5,D,0
-17.8741,126.1421,454.1,1,1,2014-10-21,0154,Terra,MODIS,94,6.2,336,745,D,0
-17.8692,126.1716,342.7,1,1,2014-10-21,0154,Terra,MODIS,75,6.2,318.4,18.9,D,0
-17.8678,126.1623,342,1,1,2014-10-21,0154,Terra,MODIS,49,6.2,318.8,21.5,D,0
-17.8665,126.1529,355,1,1,2014-10-21,0154,Terra,MODIS,92,6.2,320.6,49.6,D,0
-17.8651,126.1435,411.7,1,1,2014-10-21,0154,Terra,MODIS,100,6.2,330.8,308.7,D,0
-17.8637,126.1341,467,1,1,2014-10-21,0154,Terra,MODIS,100,6.2,337.2,935.9,D,0
-17.8623,126.1248,353.3,1,1,2014-10-21,0154,Terra,MODIS,95,6.2,310.9,48.9,D,0
-17.8561,126.1449,353.1,1,1,2014-10-21,0154,Terra,MODIS,87,6.2,320.7,43.8,D,0
-17.8547,126.1356,413.7,1,1,2014-10-21,0154,Terra,MODIS,100,6.2,329.8,322.1,D,0
-17.8533,126.1262,398.3,1,1,2014-10-21,0154,Terra,MODIS,100,6.2,318.9,222,D,0
-17.8519,126.1168,377.3,1,1,2014-10-21,0154,Terra,MODIS,100,6.2,314.8,122.4,D,0
-17.8513,126.1745,338.7,1,1,2014-10-21,0154,Terra,MODIS,25,6.2,316.6,16.6,D,0
-17.8457,126.137,376.7,1,1,2014-10-21,0154,Terra,MODIS,100,6.2,322.6,117.4,D,0
-17.8443,126.1276,373.5,1,1,2014-10-21,0154,Terra,MODIS,100,6.2,319.6,106.4,D,0
-17.8429,126.1182,380.6,1,1,2014-10-21,0154,Terra,MODIS,100,6.2,318.9,134.2,D,0
-17.8415,126.1088,352.9,1,1,2014-10-21,0154,Terra,MODIS,94,6.2,316.9,47.1,D,0
-17.8402,126.0995,336.2,1,1,2014-10-21,0154,Terra,MODIS,74,6.2,314.6,15.7,D,0
-17.8334,126.1165,340,1,1,2014-10-21,0154,Terra,MODIS,53,6.2,316.8,16.6,D,0
-17.8321,126.1072,343.7,1,1,2014-10-21,0154,Terra,MODIS,43,6.2,318.1,23,D,0
-17.8307,126.0978,357,1,1,2014-10-21,0154,Terra,MODIS,97,6.2,316.7,53.9,D,0
-17.8217,126.0992,373.5,1,1,2014-10-21,0154,Terra,MODIS,100,6.2,318.8,103.9,D,0
-17.8203,126.0898,353.3,1,1,2014-10-21,0154,Terra,MODIS,95,6.2,315.3,45.7,D,0
-17.8127,126.1006,340,1,1,2014-10-21,0154,Terra,MODIS,75,6.2,317.8,19.2,D,0
-17.7788,126.058,347.9,1,1,2014-10-21,0154,Terra,MODIS,90,6.2,316.6,34.5,D,0
-17.7608,126.0608,332.9,1,1,2014-10-21,0154,Terra,MODIS,26,6.2,315.8,7.8,D,0
-17.7594,126.0515,336.1,1,1,2014-10-21,0154,Terra,MODIS,63,6.2,315.3,13.4,D,0
-17.7518,126.0622,349.7,1,1,2014-10-21,0154,Terra,MODIS,92,6.2,317.2,38,D,0
-15.5491,128.7376,327.3,1.1,1,2014-10-21,0154,Terra,MODIS,39,6.2,309.2,7.9,D,0
-15.6102,130.5669,333.6,1.4,1.2,2014-10-21,0154,Terra,MODIS,65,6.2,312.1,22.9,D,0
-15.3431,125.4293,334.6,1,1,2014-10-21,0154,Terra,MODIS,43,6.2,314,15.7,D,0
-18.7616,132.2719,343.3,2,1.4,2014-10-21,0154,Terra,MODIS,87,6.2,315.5,79.9,D,0
-15.3446,125.4389,338.2,1,1,2014-10-21,0154,Terra,MODIS,61,6.2,312.3,21.3,D,0
-18.8685,132.0791,360.9,2,1.4,2014-10-21,0154,Terra,MODIS,100,6.2,319.6,171.2,D,0
-18.8562,132.0807,367.2,2,1.4,2014-10-21,0154,Terra,MODIS,100,6.2,318.6,219.6,D,0
-18.9422,131.7797,331.2,1.9,1.3,2014-10-21,0154,Terra,MODIS,65,6.2,313,35.8,D,0
-18.9379,131.7868,327.3,1.9,1.3,2014-10-21,0154,Terra,MODIS,32,6.2,312,22.2,D,0
-18.9358,131.7691,354.3,1.9,1.3,2014-10-21,0154,Terra,MODIS,96,6.2,315.2,139,D,0
-18.9258,131.7883,335.8,1.9,1.3,2014-10-21,0154,Terra,MODIS,76,6.2,312.7,45.4,D,0
-18.9237,131.7706,362.3,1.9,1.3,2014-10-21,0154,Terra,MODIS,100,6.2,314.7,185.7,D,0
-18.8673,131.8138,335.2,1.9,1.3,2014-10-21,0154,Terra,MODIS,67,6.2,314.9,39.1,D,0
-18.8653,131.796,341.6,1.9,1.3,2014-10-21,0154,Terra,MODIS,84,6.2,313,67.4,D,0
-18.8551,131.8153,332.7,1.9,1.3,2014-10-21,0154,Terra,MODIS,50,6.2,316.4,29.1,D,0
-18.8532,131.7975,371.7,1.9,1.3,2014-10-21,0154,Terra,MODIS,100,6.2,317.9,259.4,D,0
-18.8512,131.7797,344.6,1.9,1.3,2014-10-21,0154,Terra,MODIS,88,6.2,313.7,81.5,D,0
-18.8609,131.8023,359.1,1.9,1.3,2014-10-21,0154,Terra,MODIS,99,6.2,315.2,162.6,D,0
-18.8588,131.7845,336.2,1.9,1.3,2014-10-21,0154,Terra,MODIS,67,6.2,312.7,46.7,D,0
-18.8488,131.8038,363.6,1.9,1.3,2014-10-21,0154,Terra,MODIS,100,6.2,317.4,192.7,D,0
-18.8467,131.786,358.8,1.9,1.3,2014-10-21,0154,Terra,MODIS,99,6.2,315.3,159.9,D,0
-18.8367,131.8053,331.3,1.9,1.3,2014-10-21,0154,Terra,MODIS,46,6.2,314.4,26.8,D,0
-18.8834,131.7396,328.9,1.9,1.3,2014-10-21,0154,Terra,MODIS,39,6.2,313.5,22.9,D,0
-17.6378,125.3064,337.4,1,1,2014-10-21,0154,Terra,MODIS,69,6.2,317.9,14.7,D,0
-17.6392,125.316,347.8,1,1,2014-10-21,0154,Terra,MODIS,90,6.2,318.9,33.1,D,0
-16.5941,129.7779,335.6,1.3,1.1,2014-10-21,0154,Terra,MODIS,71,6.2,312.5,22.2,D,0
-16.5925,129.7661,333,1.3,1.1,2014-10-21,0154,Terra,MODIS,45,6.2,312.4,16,D,0
-16.5824,129.7676,331.2,1.3,1.1,2014-10-21,0154,Terra,MODIS,59,6.2,311.6,14.7,D,0
-17.0157,130.2774,333.1,1.4,1.2,2014-10-21,0154,Terra,MODIS,70,6.2,319,18.2,D,0
-17.0823,130.2494,335.6,1.4,1.2,2014-10-21,0154,Terra,MODIS,70,6.2,318.9,23.3,D,0
-17.3506,128.5938,339.4,1.1,1.1,2014-10-21,0154,Terra,MODIS,81,6.2,321.3,21.3,D,0
-18.9543,131.6703,334,1.9,1.3,2014-10-21,0154,Terra,MODIS,73,6.2,316.4,40.9,D,0
-18.9523,131.6527,331.7,1.8,1.3,2014-10-21,0154,Terra,MODIS,67,6.2,313.4,32.2,D,0
-18.9523,131.7604,343.3,1.9,1.3,2014-10-21,0154,Terra,MODIS,86,6.2,311.7,81.2,D,0
-18.9423,131.6719,374.9,1.9,1.3,2014-10-21,0154,Terra,MODIS,100,6.2,319.7,281.2,D,0
-18.9403,131.6543,344.6,1.8,1.3,2014-10-21,0154,Terra,MODIS,88,6.2,314,77.6,D,0
-18.9402,131.7619,346.8,1.9,1.3,2014-10-21,0154,Terra,MODIS,90,6.2,314.1,98.7,D,0
-18.9493,131.6776,339.9,1.9,1.3,2014-10-21,0154,Terra,MODIS,82,6.2,316.6,58.9,D,0
-18.9472,131.66,354.8,1.8,1.3,2014-10-21,0154,Terra,MODIS,96,6.2,316.3,131.2,D,0
-18.9458,131.7498,333,1.9,1.3,2014-10-21,0154,Terra,MODIS,71,6.2,311.3,40.4,D,0
-16.4784,127.298,335.1,1,1,2014-10-21,0154,Terra,MODIS,72,6.2,315.6,12.9,D,0
-16.4797,127.3074,331.6,1,1,2014-10-21,0154,Terra,MODIS,61,6.2,316.3,8.5,D,0
-16.5314,127.4741,332.2,1,1,2014-10-21,0154,Terra,MODIS,58,6.2,316.5,10.3,D,0
-16.5673,127.4721,335,1,1,2014-10-21,0154,Terra,MODIS,71,6.2,317.2,13.8,D,0
-16.5687,127.4816,335.5,1,1,2014-10-21,0154,Terra,MODIS,72,6.2,317.5,15.2,D,0
-15.3337,125.4174,335.9,1,1,2014-10-21,0154,Terra,MODIS,72,6.2,310.7,18.2,D,0
-15.605,130.5617,329.3,1.4,1.2,2014-10-21,0154,Terra,MODIS,32,6.2,311.5,13.8,D,0
-16.2016,125.6734,327.3,1,1,2014-10-21,0154,Terra,MODIS,18,6.2,310.7,6.4,D,0
-16.1925,125.6748,334.8,1,1,2014-10-21,0154,Terra,MODIS,70,6.2,312.8,15.4,D,0
-16.1352,125.6645,350.9,1,1,2014-10-21,0154,Terra,MODIS,93,6.2,314.3,45.4,D,0
-15.559,125.4514,352.5,1,1,2014-10-21,0154,Terra,MODIS,95,6.2,307.4,56.4,D,0
-15.5575,125.4419,354.3,1,1,2014-10-21,0154,Terra,MODIS,96,6.2,307.9,60.8,D,0
-15.556,125.4322,326.5,1,1,2014-10-21,0154,Terra,MODIS,18,6.2,308.2,9,D,0
-15.5377,125.4353,330.3,1,1,2014-10-21,0154,Terra,MODIS,51,6.2,307.1,14.4,D,0
-15.5362,125.4255,336.9,1,1,2014-10-21,0154,Terra,MODIS,80,6.2,306.4,24.4,D,0
-15.5347,125.4158,326.7,1,1,2014-10-21,0154,Terra,MODIS,39,6.2,306.8,9.6,D,0
-18.3784,130.2874,338,1.5,1.2,2014-10-21,0154,Terra,MODIS,70,6.2,318.7,32.9,D,0
-19.6383,128.2337,334.4,1.1,1.1,2014-10-21,0155,Terra,MODIS,61,6.2,320.9,12.8,D,0
-19.6397,128.2445,330.7,1.1,1.1,2014-10-21,0155,Terra,MODIS,28,6.2,318.1,7.9,D,0
-22.0035,127.5523,333.9,1.1,1.1,2014-10-21,0155,Terra,MODIS,66,6.2,318.6,12.3,D,0
-21.9481,127.5332,349.1,1.1,1.1,2014-10-21,0155,Terra,MODIS,91,6.2,318.6,42.6,D,0
-20.0476,123.5025,340,1.1,1.1,2014-10-21,0155,Terra,MODIS,75,6.2,317.9,24.3,D,0
-19.9054,127.9565,343.7,1.1,1.1,2014-10-21,0155,Terra,MODIS,68,6.2,321.8,25.7,D,0
-20.0381,123.5042,348.9,1.1,1.1,2014-10-21,0155,Terra,MODIS,91,6.2,321.8,42.3,D,0
-20.0224,127.8944,333.5,1.1,1.1,2014-10-21,0155,Terra,MODIS,56,6.2,317,12.7,D,0
-19.9389,127.9561,334.6,1.1,1.1,2014-10-21,0155,Terra,MODIS,63,6.2,319.5,12.7,D,0
-20.0493,123.5131,341.8,1.1,1.1,2014-10-21,0155,Terra,MODIS,83,6.2,320,25.7,D,0
-20.3643,124.8163,334.8,1,1,2014-10-21,0155,Terra,MODIS,50,6.2,320.5,8.7,D,0
-20.3567,124.8275,344.6,1,1,2014-10-21,0155,Terra,MODIS,86,6.2,321.9,25.2,D,0
-20.3552,124.8178,336.2,1,1,2014-10-21,0155,Terra,MODIS,65,6.2,320.6,10.4,D,0
-19.947,127.944,349.1,1.1,1.1,2014-10-21,0155,Terra,MODIS,91,6.2,321.2,40.7,D,0
-19.9484,127.9547,348.2,1.1,1.1,2014-10-21,0155,Terra,MODIS,90,6.2,320.9,39.5,D,0
-22.1395,127.448,333.9,1.1,1.1,2014-10-21,0155,Terra,MODIS,55,6.2,319.5,9.7,D,0
-22.149,127.4466,342.1,1.1,1.1,2014-10-21,0155,Terra,MODIS,83,6.2,320.7,24.6,D,0
-22.1585,127.4451,343.2,1.1,1.1,2014-10-21,0155,Terra,MODIS,84,6.2,319.7,26.4,D,0
-22.1599,127.456,339.5,1.1,1.1,2014-10-21,0155,Terra,MODIS,78,6.2,318.9,19.5,D,0
-22.1636,127.4494,332.7,1.1,1.1,2014-10-21,0155,Terra,MODIS,61,6.2,318.8,8.5,D,0
-22.1883,127.49,336.1,1.1,1.1,2014-10-21,0155,Terra,MODIS,72,6.2,319.8,15.8,D,0
-22.1898,127.5009,343,1.1,1.1,2014-10-21,0155,Terra,MODIS,84,6.2,318.8,29.8,D,0
-20.0587,123.5114,351.1,1.1,1.1,2014-10-21,0155,Terra,MODIS,93,6.2,319.3,49.5,D,0
-19.966,127.9412,345.1,1.1,1.1,2014-10-21,0155,Terra,MODIS,87,6.2,319.3,30.9,D,0
-19.9741,127.9291,378.9,1.1,1.1,2014-10-21,0155,Terra,MODIS,100,6.2,326.8,143.2,D,0
-19.9755,127.9398,381.4,1.1,1.1,2014-10-21,0155,Terra,MODIS,100,6.2,324.6,156.1,D,0
-20.3809,124.6277,341.8,1,1,2014-10-21,0155,Terra,MODIS,82,6.2,322.3,20.5,D,0
-20.0604,123.522,333.9,1.1,1.1,2014-10-21,0155,Terra,MODIS,52,6.2,319,11.6,D,0
-22.1993,127.4995,351,1.1,1.1,2014-10-21,0155,Terra,MODIS,93,6.2,318.7,46.8,D,0
-22.2183,127.4966,339.4,1.1,1.1,2014-10-21,0155,Terra,MODIS,79,6.2,319.2,21,D,0
-22.2198,127.5075,335.6,1.1,1.1,2014-10-21,0155,Terra,MODIS,64,6.2,317.6,14.7,D,0
-20.0364,123.4935,336.5,1.1,1.1,2014-10-21,0155,Terra,MODIS,56,6.2,315.9,20.2,D,0
-20.0699,123.5204,340.6,1.1,1.1,2014-10-21,0155,Terra,MODIS,77,6.2,317.9,24,D,0
-20.0716,123.531,346.1,1.1,1.1,2014-10-21,0155,Terra,MODIS,88,6.2,319.6,34.8,D,0
-22.2279,127.4952,397.7,1.1,1.1,2014-10-21,0155,Terra,MODIS,100,6.2,325.8,254,D,0
-22.2293,127.5061,411.7,1.1,1.1,2014-10-21,0155,Terra,MODIS,100,6.2,326.2,363.4,D,0
-22.2374,127.4938,349,1.1,1.1,2014-10-21,0155,Terra,MODIS,91,6.2,319.8,40.1,D,0
-22.2389,127.5047,364.5,1.1,1.1,2014-10-21,0155,Terra,MODIS,100,6.2,319.6,87.6,D,0
-19.9244,127.9537,340.8,1.1,1.1,2014-10-21,0155,Terra,MODIS,34,6.2,321.5,19.1,D,0
-22.2396,127.438,340.6,1.1,1.1,2014-10-21,0155,Terra,MODIS,81,6.2,319.8,23.9,D,0
-22.2411,127.4488,371.9,1.1,1.1,2014-10-21,0155,Terra,MODIS,100,6.2,322.5,116.3,D,0
-22.2425,127.4597,335.2,1.1,1.1,2014-10-21,0155,Terra,MODIS,70,6.2,320.6,12.9,D,0
-21.823,131.4139,335.5,1.9,1.4,2014-10-21,0155,Terra,MODIS,75,6.2,319.5,41.6,D,0
-20.3794,124.618,335.5,1,1,2014-10-21,0155,Terra,MODIS,65,6.2,320.6,10.4,D,0
-20.3724,124.6257,347.9,1,1,2014-10-21,0155,Terra,MODIS,85,6.2,322.5,31,D,0
-20.3709,124.6159,340.8,1,1,2014-10-21,0155,Terra,MODIS,68,6.2,319.8,18.5,D,0
-20.081,123.5293,354.1,1.1,1.1,2014-10-21,0155,Terra,MODIS,95,6.2,318.4,55.4,D,0
-20.3521,124.858,347.1,1,1,2014-10-21,0155,Terra,MODIS,89,6.2,321.2,31.5,D,0
-20.3506,124.8484,348.2,1,1,2014-10-21,0155,Terra,MODIS,90,6.2,322.6,33.4,D,0
-20.3633,124.6272,352.6,1,1,2014-10-21,0155,Terra,MODIS,94,6.2,322.7,41.6,D,0
-22.2484,127.5033,335.7,1.1,1.1,2014-10-21,0155,Terra,MODIS,63,6.2,316.5,15,D,0
-22.2491,127.4366,337.8,1.1,1.1,2014-10-21,0155,Terra,MODIS,76,6.2,317.6,19.1,D,0
-20.3619,124.6175,379.8,1,1,2014-10-21,0155,Terra,MODIS,100,6.2,322.3,130.7,D,0
-22.2506,127.4474,370.9,1.1,1.1,2014-10-21,0155,Terra,MODIS,100,6.2,321.2,112.7,D,0
-20.0827,123.5399,358.2,1.1,1.1,2014-10-21,0155,Terra,MODIS,98,6.2,321.2,66.8,D,0
-19.9551,127.9319,351.6,1.1,1.1,2014-10-21,0155,Terra,MODIS,93,6.2,319.4,45.5,D,0
-20.0633,124.1217,375,1.1,1,2014-10-21,0155,Terra,MODIS,100,6.2,319.8,119,D,0
-21.7561,127.5413,342,1.1,1.1,2014-10-21,0155,Terra,MODIS,83,6.2,320.1,26.5,D,0
-21.7599,127.4968,333.6,1.1,1.1,2014-10-21,0155,Terra,MODIS,59,6.2,318,12,D,0
-19.9565,127.9426,373.6,1.1,1.1,2014-10-21,0155,Terra,MODIS,100,6.2,322.3,121.5,D,0
-20.0649,124.1318,362.6,1.1,1,2014-10-21,0155,Terra,MODIS,100,6.2,324.9,72.4,D,0
-20.0725,124.1201,336.5,1.1,1,2014-10-21,0155,Terra,MODIS,66,6.2,317.6,14.7,D,0
-20.0741,124.1302,371.6,1.1,1,2014-10-21,0155,Terra,MODIS,100,6.2,324.4,104.8,D,0
-20.0833,124.1286,342.2,1.1,1,2014-10-21,0155,Terra,MODIS,34,6.2,319.7,21.5,D,0
-19.9646,127.9305,342,1.1,1.1,2014-10-21,0155,Terra,MODIS,83,6.2,320,23.6,D,0
-20.0849,124.1387,377.6,1.1,1,2014-10-21,0155,Terra,MODIS,100,6.2,323.8,126.9,D,0
-20.0865,124.1488,341.1,1.1,1,2014-10-21,0155,Terra,MODIS,72,6.2,322.8,20,D,0
-21.4328,122.9988,338.8,1.1,1.1,2014-10-21,0155,Terra,MODIS,78,6.2,319.6,19.9,D,0
-20.7173,120.3109,338.3,1.7,1.3,2014-10-21,0155,Terra,MODIS,62,6.2,321.2,31.4,D,0
-20.7517,122.2934,334.2,1.3,1.1,2014-10-21,0155,Terra,MODIS,68,6.2,318.6,15.5,D,0
-21.3928,123.0796,336,1.1,1.1,2014-10-21,0155,Terra,MODIS,70,6.2,317,17.8,D,0
-21.3946,123.0904,335.8,1.1,1.1,2014-10-21,0155,Terra,MODIS,70,6.2,318.2,16.8,D,0
-21.4239,123.1517,336.5,1.1,1.1,2014-10-21,0155,Terra,MODIS,45,6.2,320,16,D,0
-21.4256,123.1624,336.9,1.1,1.1,2014-10-21,0155,Terra,MODIS,64,6.2,319.2,17.2,D,0
-20.721,122.3549,333.4,1.2,1.1,2014-10-21,0155,Terra,MODIS,47,6.2,320.6,12.9,D,0
-20.7191,122.343,335.8,1.3,1.1,2014-10-21,0155,Terra,MODIS,68,6.2,319.7,18.3,D,0
-21.4265,123.1069,338.4,1.1,1.1,2014-10-21,0155,Terra,MODIS,62,6.2,318.5,18.5,D,0
-21.4282,123.1177,343.5,1.1,1.1,2014-10-21,0155,Terra,MODIS,85,6.2,319.1,29.1,D,0
-21.4233,123.0006,343.2,1.1,1.1,2014-10-21,0155,Terra,MODIS,84,6.2,319.1,29.5,D,0
-20.975,119.9343,400.5,1.8,1.3,2014-10-21,0155,Terra,MODIS,100,6.2,319.4,543,D,0
-20.978,119.9512,359.1,1.8,1.3,2014-10-21,0155,Terra,MODIS,99,6.2,314.9,146.7,D,0
-20.9867,119.9319,338.9,1.8,1.3,2014-10-21,0155,Terra,MODIS,79,6.2,311.8,50.4,D,0
-21.425,123.0114,346.4,1.1,1.1,2014-10-21,0155,Terra,MODIS,88,6.2,321.5,36.3,D,0
-20.9897,119.9488,346,1.8,1.3,2014-10-21,0155,Terra,MODIS,88,6.2,312.6,79.2,D,0
-20.97,119.9292,356.9,1.8,1.3,2014-10-21,0155,Terra,MODIS,97,6.2,315.3,134.9,D,0
-20.9731,119.9461,353,1.8,1.3,2014-10-21,0155,Terra,MODIS,95,6.2,316.3,112.8,D,0
-21.4314,123.1105,333.4,1.1,1.1,2014-10-21,0155,Terra,MODIS,64,6.2,317.3,13.4,D,0
-21.4332,123.1213,332.2,1.1,1.1,2014-10-21,0155,Terra,MODIS,59,6.2,317.2,11.8,D,0
-20.9816,119.9269,355.3,1.8,1.3,2014-10-21,0155,Terra,MODIS,96,6.2,313.8,125.6,D,0
-20.1231,123.0926,335.9,1.2,1.1,2014-10-21,0155,Terra,MODIS,71,6.2,320.5,16,D,0
-20.9847,119.9437,374.8,1.8,1.3,2014-10-21,0155,Terra,MODIS,100,6.2,314.6,260.5,D,0
-21.0018,119.9051,338.3,1.8,1.3,2014-10-21,0155,Terra,MODIS,79,6.2,315.3,46.7,D,0
-21.0049,119.9221,345.8,1.8,1.3,2014-10-21,0155,Terra,MODIS,88,6.2,313.3,76.3,D,0
-21.437,122.9644,334.6,1.1,1.1,2014-10-21,0155,Terra,MODIS,53,6.2,320.4,11.3,D,0
-21.4352,122.9534,365,1.1,1.1,2014-10-21,0155,Terra,MODIS,100,6.2,321.7,91.2,D,0
-21.4299,122.9206,364.7,1.1,1.1,2014-10-21,0155,Terra,MODIS,100,6.2,322.3,91.7,D,0
-21.4281,122.9097,349.6,1.1,1.1,2014-10-21,0155,Terra,MODIS,91,6.2,319.4,46.2,D,0
-21.4346,123.0097,349.6,1.1,1.1,2014-10-21,0155,Terra,MODIS,91,6.2,320,43.3,D,0
-20.1214,123.0815,340.8,1.2,1.1,2014-10-21,0155,Terra,MODIS,81,6.2,318.4,26.5,D,0
-20.89,122.3845,342.3,1.2,1.1,2014-10-21,0155,Terra,MODIS,83,6.2,319.7,31.1,D,0
-20.9,122.3827,342.1,1.2,1.1,2014-10-21,0155,Terra,MODIS,83,6.2,320.4,30,D,0
-20.9019,122.3945,334.7,1.2,1.1,2014-10-21,0155,Terra,MODIS,69,6.2,320.9,13.5,D,0
-19.8337,123.3206,333.9,1.1,1.1,2014-10-21,0155,Terra,MODIS,67,6.2,297.4,24,D,0
-19.8389,123.3531,352.1,1.1,1.1,2014-10-21,0155,Terra,MODIS,94,6.2,313.3,53.1,D,0
-19.8832,123.323,383.7,1.1,1.1,2014-10-21,0155,Terra,MODIS,100,6.2,311.6,178.4,D,0
-19.8754,123.3356,414.3,1.1,1.1,2014-10-21,0155,Terra,MODIS,100,6.2,325.9,392.5,D,0
-19.8737,123.3247,411.4,1.1,1.1,2014-10-21,0155,Terra,MODIS,100,6.2,316.6,372.2,D,0
-19.8407,123.364,377.6,1.1,1.1,2014-10-21,0155,Terra,MODIS,100,6.2,315.5,147.3,D,0
-19.8241,123.3223,334.3,1.1,1.1,2014-10-21,0155,Terra,MODIS,68,6.2,298.3,25.1,D,0
-19.845,123.3298,408.6,1.1,1.1,2014-10-21,0155,Terra,MODIS,100,6.2,310.7,352.5,D,0
-20.0287,123.5058,345.2,1.1,1.1,2014-10-21,0155,Terra,MODIS,87,6.2,323.6,35.1,D,0
-20.0269,123.4952,364.3,1.1,1.1,2014-10-21,0155,Terra,MODIS,100,6.2,322.1,91.9,D,0
-20.0175,123.4968,372.3,1.1,1.1,2014-10-21,0155,Terra,MODIS,100,6.2,325.9,123.1,D,0
-20.0158,123.4862,354.2,1.1,1.1,2014-10-21,0155,Terra,MODIS,95,6.2,311.4,63,D,0
-19.8259,123.3331,415.3,1.1,1.1,2014-10-21,0155,Terra,MODIS,100,6.2,311.7,416.1,D,0
-19.8659,123.3373,414.7,1.1,1.1,2014-10-21,0155,Terra,MODIS,100,6.2,326.1,395.4,D,0
-19.8641,123.3264,419.3,1.1,1.1,2014-10-21,0155,Terra,MODIS,100,6.2,319.3,446.8,D,0
-19.8615,123.3714,349.8,1.1,1.1,2014-10-21,0155,Terra,MODIS,76,6.2,317.2,43.5,D,0
-19.852,123.3731,363.3,1.1,1.1,2014-10-21,0155,Terra,MODIS,100,6.2,316.9,85.5,D,0
-19.8276,123.344,412.1,1.1,1.1,2014-10-21,0155,Terra,MODIS,100,6.2,319.8,382.5,D,0
-19.8181,123.3457,438.6,1.1,1.1,2014-10-21,0155,Terra,MODIS,100,6.2,325.2,676.4,D,0
-19.9082,123.4186,336,1.1,1.1,2014-10-21,0155,Terra,MODIS,72,6.2,317.3,16.9,D,0
-19.9004,123.431,338,1.1,1.1,2014-10-21,0155,Terra,MODIS,72,6.2,317.4,19.6,D,0
-19.8987,123.4203,391,1.1,1.1,2014-10-21,0155,Terra,MODIS,100,6.2,322.7,216.7,D,0
-19.897,123.4095,388,1.1,1.1,2014-10-21,0155,Terra,MODIS,100,6.2,319.6,199.5,D,0
-19.8892,123.4219,348.6,1.1,1.1,2014-10-21,0155,Terra,MODIS,90,6.2,317.9,44.2,D,0
-19.8875,123.4112,376.4,1.1,1.1,2014-10-21,0155,Terra,MODIS,100,6.2,319.3,140.9,D,0
-20.0123,123.4934,395,1.1,1.1,2014-10-21,0155,Terra,MODIS,100,6.2,322.8,243.1,D,0
-20.0028,123.495,352.1,1.1,1.1,2014-10-21,0155,Terra,MODIS,86,6.2,314.8,54.9,D,0
-19.9045,123.5182,337.7,1.1,1.1,2014-10-21,0155,Terra,MODIS,71,6.2,318.1,19.4,D,0
-19.8294,123.3548,366.3,1.1,1.1,2014-10-21,0155,Terra,MODIS,100,6.2,314.5,100.6,D,0
-19.885,123.3339,415.5,1.1,1.1,2014-10-21,0155,Terra,MODIS,100,6.2,323.9,405.4,D,0
-19.8546,123.3281,368.9,1.1,1.1,2014-10-21,0155,Terra,MODIS,100,6.2,305.7,111.1,D,0
-19.9028,123.5075,358.8,1.1,1.1,2014-10-21,0155,Terra,MODIS,99,6.2,317.5,71.1,D,0
-19.8934,123.5092,373.2,1.1,1.1,2014-10-21,0155,Terra,MODIS,100,6.2,320.9,121.9,D,0
-19.8917,123.4985,379.1,1.1,1.1,2014-10-21,0155,Terra,MODIS,100,6.2,316.3,149.5,D,0
-19.8839,123.5109,342.5,1.1,1.1,2014-10-21,0155,Terra,MODIS,72,6.2,319.1,27,D,0
-19.8822,123.5002,436.2,1.1,1.1,2014-10-21,0155,Terra,MODIS,100,6.2,331.7,623,D,0
-19.8502,123.3623,355.4,1.1,1.1,2014-10-21,0155,Terra,MODIS,96,6.2,315.4,58.4,D,0
-19.8805,123.4895,374.6,1.1,1.1,2014-10-21,0155,Terra,MODIS,100,6.2,314.7,133.4,D,0
-19.8727,123.5019,380.2,1.1,1.1,2014-10-21,0155,Terra,MODIS,100,6.2,319.4,156.1,D,0
-19.871,123.4912,387.5,1.1,1.1,2014-10-21,0155,Terra,MODIS,100,6.2,316.3,197.3,D,0
-19.8615,123.4929,348.8,1.1,1.1,2014-10-21,0155,Terra,MODIS,91,6.2,316.1,47.8,D,0
-19.939,123.3406,357.1,1.1,1.1,2014-10-21,0155,Terra,MODIS,98,6.2,317.6,65.6,D,0
-19.852,123.4945,355.5,1.1,1.1,2014-10-21,0155,Terra,MODIS,96,6.2,318,65.3,D,0
-19.8354,123.3315,399,1.1,1.1,2014-10-21,0155,Terra,MODIS,100,6.2,308.2,279.2,D,0
-19.8503,123.4838,359.4,1.1,1.1,2014-10-21,0155,Terra,MODIS,99,6.2,314.3,79.1,D,0
-19.8425,123.4962,365.5,1.1,1.1,2014-10-21,0155,Terra,MODIS,100,6.2,316.8,98.2,D,0
-19.8163,123.3348,396.7,1.1,1.1,2014-10-21,0155,Terra,MODIS,100,6.2,308.1,264.9,D,0
-19.8408,123.4855,422.1,1.1,1.1,2014-10-21,0155,Terra,MODIS,100,6.2,324.9,470.6,D,0
-19.9408,123.3514,361.6,1.1,1.1,2014-10-21,0155,Terra,MODIS,100,6.2,320.8,79.1,D,0
-19.8563,123.3389,372.4,1.1,1.1,2014-10-21,0155,Terra,MODIS,100,6.2,311.9,116.7,D,0
-19.8372,123.3423,384.2,1.1,1.1,2014-10-21,0155,Terra,MODIS,100,6.2,313.1,181.9,D,0
-19.8467,123.3406,398.8,1.1,1.1,2014-10-21,0155,Terra,MODIS,100,6.2,315.5,270.5,D,0
-19.8991,123.3365,341.8,1.1,1.1,2014-10-21,0155,Terra,MODIS,60,6.2,317.6,28.6,D,0
-19.8945,123.3322,348.1,1.1,1.1,2014-10-21,0155,Terra,MODIS,61,6.2,315.5,40.6,D,0
-19.8198,123.3565,353.7,1.1,1.1,2014-10-21,0155,Terra,MODIS,95,6.2,310.7,61.3,D,0
-19.9836,127.9277,442.1,1.1,1.1,2014-10-21,0155,Terra,MODIS,100,6.2,331.7,694.1,D,0
-19.985,127.9384,398.2,1.1,1.1,2014-10-21,0155,Terra,MODIS,100,6.2,323.2,255.1,D,0
-19.8897,128.6759,335.7,1.2,1.1,2014-10-21,0155,Terra,MODIS,60,6.2,321.6,17.2,D,0
-22.254,127.4405,356,1.1,1.1,2014-10-21,0155,Terra,MODIS,97,6.2,318.3,62.9,D,0
-22.2554,127.4513,348,1.1,1.1,2014-10-21,0155,Terra,MODIS,90,6.2,318.3,41.7,D,0
-22.2626,127.5059,334.1,1.1,1.1,2014-10-21,0155,Terra,MODIS,61,6.2,315.8,13.3,D,0
-22.2721,127.5044,344.3,1.1,1.1,2014-10-21,0155,Terra,MODIS,86,6.2,317.6,33.6,D,0
-20.3226,118.8026,332.5,2.2,1.4,2014-10-21,0155,Terra,MODIS,64,6.2,310.8,55,D,0
-20.3333,118.7935,343.2,2.2,1.4,2014-10-21,0155,Terra,MODIS,85,6.2,309.8,105.3,D,0
-20.3372,118.8142,345.4,2.2,1.4,2014-10-21,0155,Terra,MODIS,87,6.2,311.6,116,D,0
-20.0201,123.6654,335.2,1.1,1,2014-10-21,0155,Terra,MODIS,32,6.2,319.9,12.6,D,0
-20.0295,123.6638,336.1,1.1,1,2014-10-21,0155,Terra,MODIS,66,6.2,318.7,15.4,D,0
-20.0312,123.6742,337.5,1.1,1,2014-10-21,0155,Terra,MODIS,74,6.2,320.3,17.5,D,0
-19.6504,128.3999,345.7,1.2,1.1,2014-10-21,0155,Terra,MODIS,85,6.2,322.1,33.3,D,0
-21.5833,117.9343,330.4,2.4,1.5,2014-10-21,0156,Terra,MODIS,15,6.2,315.7,33.3,D,0
-21.5966,117.931,331.6,2.4,1.5,2014-10-21,0156,Terra,MODIS,49,6.2,314.7,40.1,D,0
-21.8475,116.3843,330.2,3,1.7,2014-10-21,0156,Terra,MODIS,67,6.2,316,57.5,D,0
-21.8457,116.3776,332.3,3,1.7,2014-10-21,0156,Terra,MODIS,72,6.2,315.9,70,D,0
-21.8416,116.355,328.6,3.1,1.7,2014-10-21,0156,Terra,MODIS,58,6.2,314.9,50.7,D,0
-21.6793,117.9532,336.4,2.4,1.5,2014-10-21,0156,Terra,MODIS,77,6.2,319.3,68.8,D,0
-21.6926,117.9501,353.1,2.4,1.5,2014-10-21,0156,Terra,MODIS,95,6.2,313.6,180.2,D,0
-21.4866,117.9845,329.7,2.4,1.5,2014-10-21,0156,Terra,MODIS,42,6.2,315.7,34.3,D,0
-21.5,117.9821,362.7,2.4,1.5,2014-10-21,0156,Terra,MODIS,100,6.2,315.7,264.2,D,0
-21.5133,117.9794,331,2.4,1.5,2014-10-21,0156,Terra,MODIS,62,6.2,313.6,37.9,D,0
-21.5935,120.8965,347.6,1.5,1.2,2014-10-21,0156,Terra,MODIS,90,6.2,316.1,62.7,D,0
-21.5021,120.7722,355.1,1.5,1.2,2014-10-21,0156,Terra,MODIS,96,6.2,313.9,102.5,D,0
-21.6885,120.7828,333.3,1.5,1.2,2014-10-21,0156,Terra,MODIS,69,6.2,315.7,22.5,D,0
-21.597,120.8519,342.3,1.5,1.2,2014-10-21,0156,Terra,MODIS,77,6.2,317.7,43,D,0
-21.5046,120.7868,332,1.5,1.2,2014-10-21,0156,Terra,MODIS,64,6.2,313.2,25.4,D,0
-21.5035,120.7659,343.2,1.5,1.2,2014-10-21,0156,Terra,MODIS,86,6.2,314.4,55.2,D,0
-21.5061,120.7804,353.7,1.5,1.2,2014-10-21,0156,Terra,MODIS,95,6.2,314.4,94.7,D,0
-21.5412,120.7887,339.8,1.5,1.2,2014-10-21,0156,Terra,MODIS,81,6.2,315.8,39.2,D,0
-21.5827,120.8986,344.1,1.5,1.2,2014-10-21,0156,Terra,MODIS,87,6.2,315.3,49.6,D,0
-21.6402,120.7626,337,1.5,1.2,2014-10-21,0156,Terra,MODIS,64,6.2,320.3,22.8,D,0
-21.6427,120.7771,347.4,1.5,1.2,2014-10-21,0156,Terra,MODIS,90,6.2,319.2,58,D,0
-21.5437,120.8031,337.3,1.5,1.2,2014-10-21,0156,Terra,MODIS,76,6.2,316.1,33.4,D,0
-21.6929,120.791,331.1,1.5,1.2,2014-10-21,0156,Terra,MODIS,63,6.2,317.1,19.5,D,0
-23.4238,123.1492,357.1,1.1,1,2014-10-21,0156,Terra,MODIS,98,6.2,319.2,65.6,D,0
-23.5086,123.2233,330.6,1.1,1,2014-10-21,0156,Terra,MODIS,53,6.2,318.3,8.6,D,0
-22.4952,122.2239,330.3,1.2,1.1,2014-10-21,0156,Terra,MODIS,41,6.2,316.3,12.4,D,0
-22.5168,122.1716,335.6,1.2,1.1,2014-10-21,0156,Terra,MODIS,42,6.2,312.4,22.5,D,0
-22.5383,122.1795,355.2,1.2,1.1,2014-10-21,0156,Terra,MODIS,96,6.2,311.1,75.4,D,0
-22.5932,122.2579,336.7,1.2,1.1,2014-10-21,0156,Terra,MODIS,56,6.2,313.7,23.8,D,0
-22.3123,121.9305,357,1.3,1.1,2014-10-21,0156,Terra,MODIS,98,6.2,311.9,85.9,D,0
-22.3202,121.9163,332.5,1.3,1.1,2014-10-21,0156,Terra,MODIS,66,6.2,312.3,21.3,D,0
-22.3222,121.9286,342.5,1.3,1.1,2014-10-21,0156,Terra,MODIS,85,6.2,313.8,42.5,D,0
-22.3282,121.9645,336,1.2,1.1,2014-10-21,0156,Terra,MODIS,40,6.2,312.7,23.9,D,0
-22.3302,121.9762,359.2,1.2,1.1,2014-10-21,0156,Terra,MODIS,99,6.2,315.3,88.3,D,0
-22.3321,121.9881,354.3,1.2,1.1,2014-10-21,0156,Terra,MODIS,96,6.2,315.8,70.8,D,0
-22.3401,121.9743,335.6,1.2,1.1,2014-10-21,0156,Terra,MODIS,61,6.2,317.8,21.9,D,0
-22.3139,121.7536,336.7,1.3,1.1,2014-10-21,0156,Terra,MODIS,76,6.2,313.8,25.8,D,0
-22.3103,121.9184,370.9,1.3,1.1,2014-10-21,0156,Terra,MODIS,100,6.2,311.7,142.4,D,0
-22.3023,121.9325,338.4,1.3,1.1,2014-10-21,0156,Terra,MODIS,69,6.2,309.5,32.4,D,0
-24.8233,122.1004,341.1,1.1,1.1,2014-10-21,0156,Terra,MODIS,83,6.2,319.9,28.6,D,0
-22.3339,121.7559,328.9,1.3,1.1,2014-10-21,0156,Terra,MODIS,34,6.2,316.2,8.1,D,0
-22.336,121.7682,339.8,1.3,1.1,2014-10-21,0156,Terra,MODIS,81,6.2,316.5,30.8,D,0
-23.5159,123.0287,339.9,1.1,1,2014-10-21,0156,Terra,MODIS,81,6.2,320.2,22,D,0
-25.5575,129.9054,338,1.7,1.3,2014-10-21,0156,Terra,MODIS,68,6.2,317.7,38.6,D,0
-24.757,121.4558,342,1.2,1.1,2014-10-21,0156,Terra,MODIS,85,6.2,316.5,34.6,D,0
-23.4675,123.8387,334.3,1,1,2014-10-21,0156,Terra,MODIS,68,6.2,318.6,12,D,0
-22.4727,122.2815,371,1.2,1.1,2014-10-21,0156,Terra,MODIS,100,6.2,312,132.7,D,0
-25.5497,129.9121,335.7,1.7,1.3,2014-10-21,0156,Terra,MODIS,71,6.2,319.1,33,D,0
-25.5478,129.895,344.1,1.7,1.3,2014-10-21,0156,Terra,MODIS,86,6.2,316.7,63.6,D,0
-24.8963,121.4276,335.7,1.2,1.1,2014-10-21,0156,Terra,MODIS,67,6.2,318.6,17.1,D,0
-24.3181,125.9342,338.7,1,1,2014-10-21,0156,Terra,MODIS,78,6.2,321,15.5,D,0
-24.7687,121.4597,336,1.2,1.1,2014-10-21,0156,Terra,MODIS,61,6.2,318.4,18.9,D,0
-23.4265,123.8152,342,1,1,2014-10-21,0156,Terra,MODIS,83,6.2,319.5,22.9,D,0
-23.4249,123.8052,358.6,1,1,2014-10-21,0156,Terra,MODIS,99,6.2,319.7,60.2,D,0
-23.4234,123.7952,341.6,1,1,2014-10-21,0156,Terra,MODIS,83,6.2,317.7,22.3,D,0
-23.4143,123.7969,342.5,1,1,2014-10-21,0156,Terra,MODIS,84,6.2,319.6,24.8,D,0
-23.3104,120.8631,347.9,1.4,1.2,2014-10-21,0156,Terra,MODIS,91,6.2,319.2,57.2,D,0
-23.3208,120.861,333.3,1.4,1.2,2014-10-21,0156,Terra,MODIS,70,6.2,318,17.2,D,0
-22.6592,122.2928,338,1.2,1.1,2014-10-21,0156,Terra,MODIS,77,6.2,314.1,29.2,D,0
-22.2883,121.9101,353.4,1.3,1.1,2014-10-21,0156,Terra,MODIS,95,6.2,309.8,75,D,0
-22.3003,121.9204,361.7,1.3,1.1,2014-10-21,0156,Terra,MODIS,100,6.2,311,101.7,D,0
-22.6573,122.2813,332.1,1.2,1.1,2014-10-21,0156,Terra,MODIS,55,6.2,311.2,19.2,D,0
-22.484,122.3503,361.3,1.2,1.1,2014-10-21,0156,Terra,MODIS,100,6.2,311.7,88.7,D,0
-22.4821,122.3389,343.2,1.2,1.1,2014-10-21,0156,Terra,MODIS,85,6.2,307.4,37.1,D,0
-22.4724,122.3407,334.4,1.2,1.1,2014-10-21,0156,Terra,MODIS,59,6.2,309.8,21.2,D,0
-22.4705,122.3292,332.3,1.2,1.1,2014-10-21,0156,Terra,MODIS,24,6.2,307.1,18.2,D,0
-24.7588,121.4617,341,1.2,1.1,2014-10-21,0156,Terra,MODIS,84,6.2,317.9,31,D,0
-24.759,121.4678,333.5,1.2,1.1,2014-10-21,0156,Terra,MODIS,73,6.2,317.2,16.8,D,0
-24.7774,121.27,343.7,1.3,1.1,2014-10-21,0156,Terra,MODIS,87,6.2,318.2,36.7,D,0
-23.4127,123.7868,342.3,1,1,2014-10-21,0156,Terra,MODIS,84,6.2,318.1,25,D,0
-24.7823,121.4197,334,1.2,1.1,2014-10-21,0156,Terra,MODIS,38,6.2,321.5,14.3,D,0
-22.6495,122.2947,338.3,1.2,1.1,2014-10-21,0156,Terra,MODIS,78,6.2,312.6,31.1,D,0
-23.4522,123.2082,365.6,1.1,1,2014-10-21,0156,Terra,MODIS,100,6.2,321.8,85.1,D,0
-23.4505,123.1978,366,1.1,1,2014-10-21,0156,Terra,MODIS,100,6.2,319.6,86.1,D,0
-23.4473,123.177,374.9,1.1,1,2014-10-21,0156,Terra,MODIS,100,6.2,319.4,119.5,D,0
-23.4456,123.1666,390.7,1.1,1,2014-10-21,0156,Terra,MODIS,100,6.2,317.7,198.2,D,0
-22.8224,122.2846,334.6,1.2,1.1,2014-10-21,0156,Terra,MODIS,50,6.2,317.9,16.2,D,0
-23.4221,123.1388,367.1,1.1,1,2014-10-21,0156,Terra,MODIS,100,6.2,314.5,97.6,D,0
-22.5529,122.3897,333.3,1.2,1.1,2014-10-21,0156,Terra,MODIS,60,6.2,319.3,11.6,D,0
-23.444,123.1562,344,1.1,1,2014-10-21,0156,Terra,MODIS,79,6.2,311.5,32.8,D,0
-23.4287,123.1804,339.7,1.1,1,2014-10-21,0156,Terra,MODIS,47,6.2,318.3,19.9,D,0
-23.4314,123.137,348.8,1.1,1,2014-10-21,0156,Terra,MODIS,86,6.2,307.6,45.9,D,0
-23.4331,123.1475,429.7,1.1,1,2014-10-21,0156,Terra,MODIS,100,6.2,325.2,512.9,D,0
-23.4347,123.1579,393.3,1.1,1,2014-10-21,0156,Terra,MODIS,100,6.2,325.6,214.8,D,0
-23.4364,123.1683,349.1,1.1,1,2014-10-21,0156,Terra,MODIS,91,6.2,320.4,41.2,D,0
-22.8277,122.3773,332.3,1.2,1.1,2014-10-21,0156,Terra,MODIS,63,6.2,319.6,10.9,D,0
-22.6125,122.3132,335.6,1.2,1.1,2014-10-21,0156,Terra,MODIS,56,6.2,316.7,20.2,D,0
-24.7753,121.2577,344.2,1.3,1.1,2014-10-21,0156,Terra,MODIS,88,6.2,315.9,39.5,D,0
-24.7653,121.2597,336.4,1.3,1.1,2014-10-21,0156,Terra,MODIS,76,6.2,317.2,21.4,D,0
-22.4708,122.2701,335.1,1.2,1.1,2014-10-21,0156,Terra,MODIS,38,6.2,310.2,24.2,D,0
-22.469,122.2586,345.6,1.2,1.1,2014-10-21,0156,Terra,MODIS,88,6.2,310.6,47.4,D,0
-22.5011,122.394,331,1.2,1.1,2014-10-21,0156,Terra,MODIS,43,6.2,313.5,13.7,D,0
-22.5163,122.426,337.9,1.2,1.1,2014-10-21,0156,Terra,MODIS,72,6.2,316.5,23.6,D,0
-22.5179,122.4196,333.9,1.2,1.1,2014-10-21,0156,Terra,MODIS,68,6.2,316.1,15.2,D,0
-22.5198,122.4309,330.4,1.2,1.1,2014-10-21,0156,Terra,MODIS,53,6.2,316.9,10.2,D,0
-22.4825,122.2798,355.7,1.2,1.1,2014-10-21,0156,Terra,MODIS,97,6.2,314.3,72.4,D,0
-22.5548,122.401,340.1,1.2,1.1,2014-10-21,0156,Terra,MODIS,81,6.2,319.3,25.3,D,0
-22.7688,117.5847,330.6,2.4,1.5,2014-10-21,0156,Terra,MODIS,72,6.2,314.9,48.3,D,0
-22.2175,121.8542,347.8,1.3,1.1,2014-10-21,0156,Terra,MODIS,90,6.2,310.9,58.2,D,0
-22.2054,121.8438,342.8,1.3,1.1,2014-10-21,0156,Terra,MODIS,85,6.2,306.6,45.2,D,0
-22.1993,121.807,334.7,1.3,1.1,2014-10-21,0156,Terra,MODIS,44,6.2,309.4,25.7,D,0
-22.7649,117.5406,367.8,2.4,1.5,2014-10-21,0156,Terra,MODIS,100,6.2,316.4,326.8,D,0
-22.2195,121.8664,330,1.3,1.1,2014-10-21,0156,Terra,MODIS,35,6.2,309.7,18.6,D,0
-22.1892,121.809,340.1,1.3,1.1,2014-10-21,0156,Terra,MODIS,71,6.2,312.2,37.1,D,0
-22.1792,121.8109,330,1.3,1.1,2014-10-21,0156,Terra,MODIS,39,6.2,311.8,17.9,D,0
-22.7518,117.5447,352.7,2.4,1.5,2014-10-21,0156,Terra,MODIS,95,6.2,317.8,184.1,D,0
-22.764,117.5605,383.6,2.4,1.5,2014-10-21,0156,Terra,MODIS,100,6.2,319.6,545,D,0
-22.2316,121.8767,336.7,1.3,1.1,2014-10-21,0156,Terra,MODIS,77,6.2,309,30.4,D,0
-22.7592,117.5362,361,2.4,1.5,2014-10-21,0156,Terra,MODIS,100,6.2,317.5,258.9,D,0
-22.7696,117.565,376.8,2.4,1.5,2014-10-21,0156,Terra,MODIS,100,6.2,316.2,439.3,D,0
-22.7563,117.5684,333.5,2.4,1.5,2014-10-21,0156,Terra,MODIS,77,6.2,317,58.1,D,0
-22.2154,121.842,335.5,1.3,1.1,2014-10-21,0156,Terra,MODIS,74,6.2,307.5,28.8,D,0
-22.2075,121.8561,360.8,1.3,1.1,2014-10-21,0156,Terra,MODIS,100,6.2,311.8,102.9,D,0
-27.5383,127.4267,337.8,1.3,1.1,2014-10-21,0157,Terra,MODIS,80,6.2,318.4,29.9,D,0
-27.5367,127.4138,338.2,1.3,1.1,2014-10-21,0157,Terra,MODIS,80,6.2,316,30.1,D,0
-29.4161,130.4472,330.9,2.1,1.4,2014-10-21,0157,Terra,MODIS,70,6.2,313.3,30.4,D,0
-28.7479,128.2782,330.2,1.5,1.2,2014-10-21,0157,Terra,MODIS,66,6.2,315.1,17.6,D,0
-26.6473,126.1903,337.2,1.1,1,2014-10-21,0157,Terra,MODIS,53,6.2,318.8,16.8,D,0
-26.6255,126.1714,339.5,1.1,1,2014-10-21,0157,Terra,MODIS,40,6.2,321.8,18.9,D,0
-26.6241,126.1605,340.5,1.1,1,2014-10-21,0157,Terra,MODIS,72,6.2,318.1,22.8,D,0
-32.4639,116.0375,307.2,1.9,1.3,2014-10-21,0159,Terra,MODIS,54,6.2,289.7,14.1,D,0
-32.4717,116.0413,312.2,1.9,1.3,2014-10-21,0159,Terra,MODIS,67,6.2,292.3,23.5,D,0
-32.8313,116.4707,306.1,1.7,1.3,2014-10-21,0159,Terra,MODIS,41,6.2,290,8.3,D,0
-23.9282,151.2627,311.6,4.4,1.9,2014-10-21,0300,Aqua,MODIS,46,6.2,295.6,49.4,D,0
-23.9281,151.2592,310.7,4.4,1.9,2014-10-21,0300,Aqua,MODIS,39,6.2,295.6,44.7,D,0
-24.7578,151.6474,327.9,4.2,1.9,2014-10-21,0300,Aqua,MODIS,81,6.2,293.8,162.4,D,0
-24.7519,151.683,328,4.2,1.9,2014-10-21,0300,Aqua,MODIS,81,6.2,290.5,164.1,D,0
-24.7751,151.6488,312.2,4.2,1.9,2014-10-21,0300,Aqua,MODIS,27,6.2,289.7,40.4,D,0
-24.7547,151.6901,332,4.2,1.9,2014-10-21,0300,Aqua,MODIS,84,6.2,289.6,202.6,D,0
-24.7553,151.6395,322.2,4.2,1.9,2014-10-21,0300,Aqua,MODIS,60,6.2,293,111.6,D,0
-24.772,151.6909,316,4.2,1.9,2014-10-21,0300,Aqua,MODIS,58,6.2,290.4,66.5,D,0
-42.6893,147.8611,301.7,1.3,1.1,2014-10-21,0433,Aqua,MODIS,45,6.2,290.3,7.2,D,0
-41.4254,145.81,303,1.2,1.1,2014-10-21,0434,Aqua,MODIS,54,6.2,287.5,7,D,0
-40.8945,145.4829,311,1.1,1.1,2014-10-21,0434,Aqua,MODIS,31,6.2,291.2,10,D,0
-41.5471,145.6369,307.6,1.1,1.1,2014-10-21,0434,Aqua,MODIS,66,6.2,289.8,10.7,D,0
-42.6484,147.3489,306.2,1.3,1.1,2014-10-21,0434,Aqua,MODIS,54,6.2,295.2,4.8,D,0
-40.8923,145.4961,312.5,1.1,1.1,2014-10-21,0434,Aqua,MODIS,32,6.2,293.5,11.2,D,0
-41.4197,147.1628,309.7,1.3,1.1,2014-10-21,0434,Aqua,MODIS,56,6.2,296.1,8.2,D,0
-41.4582,145.6183,301,1.1,1.1,2014-10-21,0434,Aqua,MODIS,41,6.2,289.3,5.2,D,0
-41.4871,147.0755,312.3,1.3,1.1,2014-10-21,0434,Aqua,MODIS,72,6.2,293.3,12.4,D,0
-41.4761,145.7584,302.5,1.2,1.1,2014-10-21,0434,Aqua,MODIS,53,6.2,288.3,6.8,D,0
-37.0173,144.0654,327.7,1.1,1.1,2014-10-21,0435,Aqua,MODIS,81,6.2,301.6,22,D,0
-37.5048,144.2119,312.6,1.1,1.1,2014-10-21,0435,Aqua,MODIS,66,6.2,294.6,10.7,D,0
-37.4925,144.3444,309.1,1.2,1.1,2014-10-21,0435,Aqua,MODIS,58,6.2,293.4,7.8,D,0
-37.4755,144.3261,335.3,1.2,1.1,2014-10-21,0435,Aqua,MODIS,88,6.2,297.1,40.6,D,0
-37.466,144.3233,307,1.2,1.1,2014-10-21,0435,Aqua,MODIS,49,6.2,295.6,6.3,D,0
-37.5143,144.2146,310.8,1.1,1.1,2014-10-21,0435,Aqua,MODIS,61,6.2,293.9,8.6,D,0
-37.4851,144.3287,338.3,1.2,1.1,2014-10-21,0435,Aqua,MODIS,90,6.2,297.6,46.2,D,0
-37.0195,144.0526,330.6,1.1,1.1,2014-10-21,0435,Aqua,MODIS,83,6.2,301.8,25.2,D,0
-37.4829,144.3417,340.1,1.2,1.1,2014-10-21,0435,Aqua,MODIS,91,6.2,296.3,49.9,D,0
-37.5027,144.2247,306.3,1.1,1.1,2014-10-21,0435,Aqua,MODIS,39,6.2,294.2,5.5,D,0
-37.451,144.4695,327.1,1.2,1.1,2014-10-21,0435,Aqua,MODIS,83,6.2,295.7,28.4,D,0
-37.4533,144.4562,322.8,1.2,1.1,2014-10-21,0435,Aqua,MODIS,79,6.2,295.1,22.5,D,0
-37.4153,144.5009,317,1.2,1.1,2014-10-21,0435,Aqua,MODIS,73,6.2,294.4,15.3,D,0
-37.4176,144.4877,324.3,1.2,1.1,2014-10-21,0435,Aqua,MODIS,80,6.2,295.5,24.5,D,0
-37.4733,144.3389,327.5,1.2,1.1,2014-10-21,0435,Aqua,MODIS,83,6.2,295.8,27.8,D,0
-38.4908,143.7287,322.3,1.1,1,2014-10-21,0435,Aqua,MODIS,80,6.2,298.5,18.6,D,0
-38.4928,143.7164,307.1,1.1,1,2014-10-21,0435,Aqua,MODIS,56,6.2,296.6,4.8,D,0
-37.9472,146.6791,329.7,1.5,1.2,2014-10-21,0435,Aqua,MODIS,85,6.2,299.4,42.4,D,0
-36.8654,144.2825,318.5,1.2,1.1,2014-10-21,0435,Aqua,MODIS,59,6.2,298.8,12.9,D,0
-38.5312,146.7247,319.6,1.4,1.2,2014-10-21,0435,Aqua,MODIS,79,6.2,294.9,25.9,D,0
-36.8631,144.2957,332,1.2,1.1,2014-10-21,0435,Aqua,MODIS,84,6.2,300.9,31.9,D,0
-36.8341,144.288,335.6,1.2,1.1,2014-10-21,0435,Aqua,MODIS,86,6.2,298.4,38.8,D,0
-31.4516,133.0107,346.1,1.9,1.3,2014-10-21,0437,Aqua,MODIS,91,6.2,308.4,100.7,D,0
-31.1741,132.8145,391.9,2,1.4,2014-10-21,0437,Aqua,MODIS,100,6.2,317.5,509.2,D,0
-31.1761,132.7937,362.7,2,1.4,2014-10-21,0437,Aqua,MODIS,100,6.2,318.1,204.3,D,0
-31.5992,133.1023,334,1.9,1.3,2014-10-21,0437,Aqua,MODIS,80,6.2,311.4,46,D,0
-31.4535,132.9903,387.8,1.9,1.4,2014-10-21,0437,Aqua,MODIS,100,6.2,319.4,446.2,D,0
-29.4057,130.4833,350.5,2.7,1.6,2014-10-21,0438,Aqua,MODIS,93,6.2,313.3,176.7,D,0
-29.408,130.4552,338,2.7,1.6,2014-10-21,0438,Aqua,MODIS,80,6.2,314.6,77.1,D,0
-29.4391,130.4632,345,2.7,1.6,2014-10-21,0438,Aqua,MODIS,88,6.2,315.7,125.8,D,0
-29.4248,130.4617,354.4,2.7,1.6,2014-10-21,0438,Aqua,MODIS,96,6.2,315.7,208.6,D,0
-29.4366,130.4584,357.1,2.7,1.6,2014-10-21,0438,Aqua,MODIS,98,6.2,316.5,238.8,D,0
-29.42,130.4848,328.8,2.7,1.6,2014-10-21,0438,Aqua,MODIS,43,6.2,312.5,25.6,D,0
-29.4223,130.4568,350.1,2.7,1.6,2014-10-21,0438,Aqua,MODIS,93,6.2,315.7,173.3,D,0
-26.2475,148.0886,335.2,3.3,1.7,2014-10-21,0438,Aqua,MODIS,80,6.2,306.3,140.5,D,0
-26.2545,148.0561,329.3,3.3,1.7,2014-10-21,0438,Aqua,MODIS,69,6.2,307.3,89.8,D,0
-26.09,146.7963,326.1,2.7,1.6,2014-10-21,0438,Aqua,MODIS,58,6.2,307.3,43.7,D,0
-26.0957,146.7692,323.7,2.7,1.6,2014-10-21,0438,Aqua,MODIS,35,6.2,307.2,34.6,D,0
-26.1009,146.7917,324,2.7,1.6,2014-10-21,0438,Aqua,MODIS,33,6.2,308.6,32.6,D,0
-26.0868,146.788,325.3,2.7,1.6,2014-10-21,0438,Aqua,MODIS,48,6.2,307.2,37.3,D,0
-25.6108,147.3043,323.5,3,1.7,2014-10-21,0438,Aqua,MODIS,53,6.2,306.2,47.9,D,0
-29.4556,130.4367,332.4,2.7,1.6,2014-10-21,0438,Aqua,MODIS,69,6.2,316.3,44.6,D,0
-27.5363,127.4227,329.6,4.2,1.9,2014-10-21,0438,Aqua,MODIS,53,6.2,314,87.8,D,0
-29.4269,130.4335,336.4,2.7,1.6,2014-10-21,0438,Aqua,MODIS,69,6.2,316.1,60.1,D,0
-29.4413,130.4351,359.8,2.7,1.6,2014-10-21,0438,Aqua,MODIS,99,6.2,319.1,267.7,D,0
-29.4532,130.4318,344.8,2.7,1.6,2014-10-21,0438,Aqua,MODIS,88,6.2,317,126.4,D,0
-29.4389,130.4302,347.3,2.7,1.6,2014-10-21,0438,Aqua,MODIS,90,6.2,318.7,145,D,0
-25.5775,129.9399,332.5,2.6,1.6,2014-10-21,0439,Aqua,MODIS,49,6.2,317.5,44.4,D,0
-18.9771,131.7561,375.2,1.6,1.2,2014-10-21,0440,Aqua,MODIS,100,6.2,315.4,221.6,D,0
-18.9883,131.7576,379.6,1.6,1.2,2014-10-21,0440,Aqua,MODIS,100,6.2,316.8,257,D,0
-18.9779,131.751,340.8,1.6,1.2,2014-10-21,0440,Aqua,MODIS,44,6.2,311.4,44.6,D,0
-18.9649,131.7645,341.1,1.6,1.2,2014-10-21,0440,Aqua,MODIS,70,6.2,314.8,43.1,D,0
-18.9667,131.7495,358.5,1.6,1.2,2014-10-21,0440,Aqua,MODIS,98,6.2,313.7,118.8,D,0
-18.9537,131.763,344.8,1.6,1.2,2014-10-21,0440,Aqua,MODIS,87,6.2,312.6,55.6,D,0
-18.9609,131.7029,333.1,1.6,1.2,2014-10-21,0440,Aqua,MODIS,36,6.2,310.5,29.2,D,0
-18.9627,131.6878,335.2,1.6,1.2,2014-10-21,0440,Aqua,MODIS,52,6.2,309.5,36.9,D,0
-18.9461,131.7315,331.7,1.6,1.2,2014-10-21,0440,Aqua,MODIS,49,6.2,310.3,16.7,D,0
-18.9479,131.7164,359.3,1.6,1.2,2014-10-21,0440,Aqua,MODIS,99,6.2,313,123,D,0
-18.9497,131.7014,391.9,1.6,1.2,2014-10-21,0440,Aqua,MODIS,100,6.2,318,371.5,D,0
-18.9515,131.6863,381.1,1.6,1.2,2014-10-21,0440,Aqua,MODIS,100,6.2,313.9,277.3,D,0
-18.9533,131.6712,341,1.6,1.2,2014-10-21,0440,Aqua,MODIS,82,6.2,308.4,57.4,D,0
-18.9385,131.6999,444.4,1.6,1.2,2014-10-21,0440,Aqua,MODIS,100,6.2,334.8,1233.1,D,0
-18.9403,131.6848,383.5,1.6,1.2,2014-10-21,0440,Aqua,MODIS,100,6.2,316.9,297.5,D,0
-18.9421,131.6697,332.3,1.6,1.2,2014-10-21,0440,Aqua,MODIS,45,6.2,306,30.7,D,0
-18.8436,131.7267,379.1,1.6,1.2,2014-10-21,0440,Aqua,MODIS,100,6.2,319,251.1,D,0
-18.8418,131.7416,433.3,1.6,1.2,2014-10-21,0440,Aqua,MODIS,100,6.2,330,971.8,D,0
-22.3702,132.3563,333.9,1.6,1.2,2014-10-21,0440,Aqua,MODIS,46,6.2,321.7,17.3,D,0
-18.8383,131.7715,397.9,1.6,1.2,2014-10-21,0440,Aqua,MODIS,100,6.2,322.9,428.1,D,0
-18.84,131.7566,431.4,1.6,1.2,2014-10-21,0440,Aqua,MODIS,100,6.2,329.4,931.3,D,0
-18.853,131.7431,340.3,1.6,1.2,2014-10-21,0440,Aqua,MODIS,81,6.2,311.8,41.3,D,0
-18.8512,131.7581,338.4,1.6,1.2,2014-10-21,0440,Aqua,MODIS,76,6.2,312.8,37,D,0
-18.9125,131.727,427.2,1.6,1.2,2014-10-21,0440,Aqua,MODIS,100,6.2,317.8,864.5,D,0
-18.9108,131.7421,352.8,1.6,1.2,2014-10-21,0440,Aqua,MODIS,94,6.2,309.5,94.4,D,0
-18.9237,131.7285,435.4,1.6,1.2,2014-10-21,0440,Aqua,MODIS,100,6.2,331.6,1021.6,D,0
-18.8365,131.7864,352.2,1.6,1.2,2014-10-21,0440,Aqua,MODIS,94,6.2,314.6,90.3,D,0
-18.9184,131.7735,347.6,1.6,1.2,2014-10-21,0440,Aqua,MODIS,90,6.2,311.3,71.2,D,0
-18.8787,132.108,339.8,1.5,1.2,2014-10-21,0440,Aqua,MODIS,59,6.2,320.7,28.9,D,0
-21.8038,131.4269,335.8,1.8,1.3,2014-10-21,0440,Aqua,MODIS,69,6.2,322.7,25.3,D,0
-18.939,131.7915,345.8,1.6,1.2,2014-10-21,0440,Aqua,MODIS,88,6.2,315.8,59.3,D,0
-18.9167,131.7885,354.5,1.6,1.2,2014-10-21,0440,Aqua,MODIS,96,6.2,312.7,100,D,0
-18.922,131.7435,403.3,1.6,1.2,2014-10-21,0440,Aqua,MODIS,100,6.2,319.7,494.1,D,0
-18.9202,131.7586,374.2,1.6,1.2,2014-10-21,0440,Aqua,MODIS,100,6.2,314.5,215.7,D,0
-18.9349,131.73,347.1,1.6,1.2,2014-10-21,0440,Aqua,MODIS,89,6.2,311.6,67,D,0
-18.9331,131.745,335.2,1.6,1.2,2014-10-21,0440,Aqua,MODIS,68,6.2,309.8,25.4,D,0
-18.9278,131.79,349.7,1.6,1.2,2014-10-21,0440,Aqua,MODIS,92,6.2,317.4,76.3,D,0
-18.926,131.8049,345,1.6,1.2,2014-10-21,0440,Aqua,MODIS,87,6.2,317.3,56.7,D,0
-18.9243,131.8198,339,1.6,1.2,2014-10-21,0440,Aqua,MODIS,70,6.2,315.4,34.5,D,0
-18.9225,131.8347,342,1.6,1.2,2014-10-21,0440,Aqua,MODIS,83,6.2,316.4,42.9,D,0
-21.9452,127.5278,344.4,3.6,1.8,2014-10-21,0440,Aqua,MODIS,82,6.2,309.1,216.8,D,0
-18.9249,131.6209,362.7,1.6,1.3,2014-10-21,0440,Aqua,MODIS,100,6.2,300,157.5,D,0
-18.8899,131.6253,351.9,1.6,1.2,2014-10-21,0440,Aqua,MODIS,94,6.2,305.5,103,D,0
-18.9136,131.6194,331.2,1.6,1.3,2014-10-21,0440,Aqua,MODIS,38,6.2,301.5,29.8,D,0
-18.9012,131.6268,374.9,1.6,1.2,2014-10-21,0440,Aqua,MODIS,100,6.2,309.5,239.4,D,0
-18.8956,131.6725,336.3,1.6,1.2,2014-10-21,0440,Aqua,MODIS,66,6.2,307.9,35,D,0
-18.8938,131.6875,348.2,1.6,1.2,2014-10-21,0440,Aqua,MODIS,90,6.2,310.2,72.5,D,0
-18.892,131.7026,344.6,1.6,1.2,2014-10-21,0440,Aqua,MODIS,86,6.2,308.5,59.2,D,0
-18.9125,131.6283,341.2,1.6,1.2,2014-10-21,0440,Aqua,MODIS,82,6.2,303.1,60.3,D,0
-18.9106,131.6435,422.2,1.6,1.2,2014-10-21,0440,Aqua,MODIS,100,6.2,324.5,797.8,D,0
-18.9087,131.6588,393,1.6,1.2,2014-10-21,0440,Aqua,MODIS,100,6.2,316.3,389.3,D,0
-18.9069,131.6739,337.9,1.6,1.2,2014-10-21,0440,Aqua,MODIS,77,6.2,307.2,38.1,D,0
-18.905,131.689,331.7,1.6,1.2,2014-10-21,0440,Aqua,MODIS,58,6.2,306.7,19.3,D,0
-18.9006,131.6332,431.9,1.6,1.2,2014-10-21,0440,Aqua,MODIS,100,6.2,321.7,984.7,D,0
-18.9872,131.7674,404.4,1.6,1.2,2014-10-21,0440,Aqua,MODIS,100,6.2,330.3,501.2,D,0
-18.9854,131.7824,345.2,1.6,1.2,2014-10-21,0440,Aqua,MODIS,81,6.2,321.5,49.7,D,0
-18.9865,131.7726,408.6,1.6,1.2,2014-10-21,0440,Aqua,MODIS,100,6.2,330.3,557.7,D,0
-19.0259,131.8235,342.3,1.6,1.2,2014-10-21,0440,Aqua,MODIS,50,6.2,323.1,36.9,D,0
-19.0334,131.8547,352.1,1.6,1.2,2014-10-21,0440,Aqua,MODIS,89,6.2,321.7,75.7,D,0
-18.8988,131.6485,427.2,1.6,1.2,2014-10-21,0440,Aqua,MODIS,100,6.2,325.7,888.6,D,0
-18.8971,131.6638,340.5,1.6,1.2,2014-10-21,0440,Aqua,MODIS,80,6.2,308.1,50.9,D,0
-18.9207,131.8495,333.4,1.6,1.2,2014-10-21,0440,Aqua,MODIS,22,6.2,317.2,15.9,D,0
-18.9519,131.778,340.9,1.6,1.2,2014-10-21,0440,Aqua,MODIS,77,6.2,313.9,40.2,D,0
-18.9487,131.898,345.2,1.5,1.2,2014-10-21,0440,Aqua,MODIS,87,6.2,321.6,44.6,D,0
-18.9469,131.9127,363,1.5,1.2,2014-10-21,0440,Aqua,MODIS,100,6.2,321.6,122.9,D,0
-18.9451,131.9272,342.5,1.5,1.2,2014-10-21,0440,Aqua,MODIS,84,6.2,322,34.3,D,0
-18.976,131.766,406.5,1.6,1.2,2014-10-21,0440,Aqua,MODIS,100,6.2,326.1,527.8,D,0
-18.9742,131.781,341.4,1.6,1.2,2014-10-21,0440,Aqua,MODIS,72,6.2,317.3,38.5,D,0
-18.9754,131.7711,391.4,1.6,1.2,2014-10-21,0440,Aqua,MODIS,100,6.2,323.5,355,D,0
-18.9101,131.65,445.1,1.6,1.2,2014-10-21,0440,Aqua,MODIS,100,6.2,326.5,1266.6,D,0
-18.8953,131.6789,337.1,1.6,1.2,2014-10-21,0440,Aqua,MODIS,69,6.2,308.8,36.2,D,0
-18.9083,131.6652,367.1,1.6,1.2,2014-10-21,0440,Aqua,MODIS,100,6.2,309.7,177.1,D,0
-18.9118,131.6347,390.7,1.6,1.2,2014-10-21,0440,Aqua,MODIS,100,6.2,309.4,374.5,D,0
-18.9213,131.6515,397.6,1.6,1.2,2014-10-21,0440,Aqua,MODIS,100,6.2,309.9,445.1,D,0
-18.9196,131.6668,415,1.6,1.2,2014-10-21,0440,Aqua,MODIS,100,6.2,317.6,675,D,0
-18.9178,131.6819,369.3,1.6,1.2,2014-10-21,0440,Aqua,MODIS,100,6.2,307.9,188.4,D,0
-18.916,131.6969,365.2,1.6,1.2,2014-10-21,0440,Aqua,MODIS,100,6.2,308.5,160.4,D,0
-18.8919,131.709,331.3,1.6,1.2,2014-10-21,0440,Aqua,MODIS,52,6.2,308.1,19,D,0
-18.8936,131.694,353.5,1.6,1.2,2014-10-21,0440,Aqua,MODIS,95,6.2,310.2,97.3,D,0
-18.9367,131.715,363,1.6,1.2,2014-10-21,0440,Aqua,MODIS,100,6.2,314.7,145.2,D,0
-18.8975,131.6573,362.1,1.6,1.2,2014-10-21,0440,Aqua,MODIS,100,6.2,310.4,147.8,D,0
-18.8993,131.642,457.5,1.6,1.2,2014-10-21,0440,Aqua,MODIS,100,6.2,333.3,1597.7,D,0
-18.9143,131.712,422.9,1.6,1.2,2014-10-21,0440,Aqua,MODIS,100,6.2,318.6,791.6,D,0
-18.9344,131.6378,353.9,1.6,1.2,2014-10-21,0440,Aqua,MODIS,95,6.2,303.6,107.9,D,0
-18.8844,131.671,341.8,1.6,1.2,2014-10-21,0440,Aqua,MODIS,83,6.2,309.3,50.7,D,0
-18.9255,131.7135,446.6,1.6,1.2,2014-10-21,0440,Aqua,MODIS,100,6.2,336.9,1279.3,D,0
-18.9273,131.6984,456,1.6,1.2,2014-10-21,0440,Aqua,MODIS,100,6.2,337.8,1531.5,D,0
-18.929,131.6834,366.7,1.6,1.2,2014-10-21,0440,Aqua,MODIS,100,6.2,310.6,173.3,D,0
-18.9308,131.6682,347.8,1.6,1.2,2014-10-21,0440,Aqua,MODIS,90,6.2,306.5,80.7,D,0
-18.9326,131.653,361,1.6,1.2,2014-10-21,0440,Aqua,MODIS,100,6.2,308.3,146.3,D,0
-18.9066,131.6804,336.7,1.6,1.2,2014-10-21,0440,Aqua,MODIS,74,6.2,306.9,35.9,D,0
-18.8862,131.6558,430.6,1.6,1.2,2014-10-21,0440,Aqua,MODIS,100,6.2,324.9,944.8,D,0
-18.8881,131.6405,462.8,1.6,1.2,2014-10-21,0440,Aqua,MODIS,100,6.2,336.6,1759.5,D,0
-18.8714,131.6846,333.3,1.6,1.2,2014-10-21,0440,Aqua,MODIS,61,6.2,307,24.2,D,0
-18.8732,131.6695,363,1.6,1.2,2014-10-21,0440,Aqua,MODIS,100,6.2,310.3,148.9,D,0
-18.875,131.6544,435.9,1.6,1.2,2014-10-21,0440,Aqua,MODIS,100,6.2,326.5,1056.4,D,0
-18.8768,131.6391,364,1.6,1.2,2014-10-21,0440,Aqua,MODIS,100,6.2,307.5,161.8,D,0
-18.8601,131.6832,362,1.6,1.2,2014-10-21,0440,Aqua,MODIS,100,6.2,312.1,144,D,0
-18.8619,131.6681,409.9,1.6,1.2,2014-10-21,0440,Aqua,MODIS,100,6.2,317.5,597.8,D,0
-18.8637,131.6529,365.3,1.6,1.2,2014-10-21,0440,Aqua,MODIS,100,6.2,307.5,170.6,D,0
-18.8454,131.7117,339.8,1.6,1.2,2014-10-21,0440,Aqua,MODIS,80,6.2,312.6,43,D,0
-18.8471,131.6967,334.3,1.6,1.2,2014-10-21,0440,Aqua,MODIS,57,6.2,310.4,28.8,D,0
-18.9048,131.6955,331.2,1.6,1.2,2014-10-21,0440,Aqua,MODIS,47,6.2,306.7,18.9,D,0
-18.8489,131.6817,397.9,1.6,1.2,2014-10-21,0440,Aqua,MODIS,100,6.2,317.3,440.7,D,0
-18.8507,131.6666,435,1.6,1.2,2014-10-21,0440,Aqua,MODIS,100,6.2,324.4,1034.1,D,0
-18.8525,131.6514,331.7,1.6,1.2,2014-10-21,0440,Aqua,MODIS,58,6.2,303.4,31.4,D,0
-18.9362,131.6225,359.8,1.6,1.3,2014-10-21,0440,Aqua,MODIS,99,6.2,304.5,141.6,D,0
-20.1075,127.9702,340.3,3.1,1.7,2014-10-21,0440,Aqua,MODIS,82,6.2,318.8,104,D,0
-20.1073,127.996,331.1,3.1,1.7,2014-10-21,0440,Aqua,MODIS,49,6.2,317.2,31.2,D,0
-20.1103,127.9659,336.4,3.1,1.7,2014-10-21,0440,Aqua,MODIS,75,6.2,318.7,72,D,0
-18.0605,138.519,343.8,1.1,1.1,2014-10-21,0440,Aqua,MODIS,76,6.2,313.7,32.5,D,0
-18.0369,138.5202,339.3,1.1,1.1,2014-10-21,0440,Aqua,MODIS,45,6.2,315.2,21.3,D,0
-18.0385,138.5096,348.5,1.1,1.1,2014-10-21,0440,Aqua,MODIS,90,6.2,313.8,44.9,D,0
-18.0402,138.4991,343.9,1.1,1.1,2014-10-21,0440,Aqua,MODIS,85,6.2,311.1,36.4,D,0
-18.0954,138.4819,337.6,1.1,1.1,2014-10-21,0440,Aqua,MODIS,70,6.2,313.6,20.6,D,0
-18.086,138.4803,334.1,1.1,1.1,2014-10-21,0440,Aqua,MODIS,30,6.2,312.3,17.1,D,0
-18.0765,138.4787,339.1,1.1,1.1,2014-10-21,0440,Aqua,MODIS,61,6.2,310.2,27.2,D,0
-17.9456,138.5739,353.2,1.1,1.1,2014-10-21,0440,Aqua,MODIS,95,6.2,316,51.4,D,0
-17.9472,138.5633,391.3,1.1,1.1,2014-10-21,0440,Aqua,MODIS,100,6.2,316.2,213.6,D,0
-17.8664,144.5072,327.2,2.8,1.6,2014-10-21,0440,Aqua,MODIS,42,6.2,309,44.9,D,0
-17.8472,144.5301,326.5,2.9,1.6,2014-10-21,0440,Aqua,MODIS,40,6.2,309.1,40,D,0
-17.8543,144.5121,331.3,2.8,1.6,2014-10-21,0440,Aqua,MODIS,71,6.2,310.1,68.3,D,0
-16.4743,142.4393,330.7,2.1,1.4,2014-10-21,0441,Aqua,MODIS,52,6.2,314.3,27.2,D,0
-15.2091,142.1518,335.6,2.1,1.4,2014-10-21,0441,Aqua,MODIS,61,6.2,317.1,38.1,D,0
-15.2624,142.8203,336.8,2.4,1.5,2014-10-21,0441,Aqua,MODIS,83,6.2,309.6,78.3,D,0
-16.473,141.7609,338.1,1.9,1.3,2014-10-21,0441,Aqua,MODIS,67,6.2,314.9,45.8,D,0
-15.3791,143.0405,327.5,2.5,1.5,2014-10-21,0441,Aqua,MODIS,40,6.2,310.7,24.8,D,0
-16.4489,141.7564,361.7,1.9,1.3,2014-10-21,0441,Aqua,MODIS,100,6.2,315.1,187.2,D,0
-15.1635,142.4138,328.3,2.2,1.5,2014-10-21,0441,Aqua,MODIS,70,6.2,310,34.9,D,0
-16.5139,141.7756,335.4,1.9,1.3,2014-10-21,0441,Aqua,MODIS,55,6.2,319.1,26.5,D,0
-15.1617,142.8623,333.1,2.4,1.5,2014-10-21,0441,Aqua,MODIS,78,6.2,305.5,63.4,D,0
-15.1846,142.8899,326.6,2.4,1.5,2014-10-21,0441,Aqua,MODIS,60,6.2,307.9,31.6,D,0
-16.4908,142.0494,334.2,2,1.4,2014-10-21,0441,Aqua,MODIS,78,6.2,318.3,27.3,D,0
-15.2159,142.1126,337.2,2.1,1.4,2014-10-21,0441,Aqua,MODIS,83,6.2,315.2,45.6,D,0
-16.3462,142.4895,335.1,2.2,1.4,2014-10-21,0441,Aqua,MODIS,73,6.2,314.1,46.5,D,0
-15.0947,142.5738,332.2,2.3,1.5,2014-10-21,0441,Aqua,MODIS,77,6.2,306.2,59.3,D,0
-15.1599,142.4345,327.5,2.3,1.5,2014-10-21,0441,Aqua,MODIS,68,6.2,310.5,31.9,D,0
-15.2125,142.1322,336.3,2.1,1.4,2014-10-21,0441,Aqua,MODIS,82,6.2,317.3,41.7,D,0
-16.1654,136.8812,330.4,1,1,2014-10-21,0441,Aqua,MODIS,37,6.2,309,8.8,D,0
-16.3427,142.5094,356.5,2.2,1.4,2014-10-21,0441,Aqua,MODIS,98,6.2,315.2,176.9,D,0
-16.4306,142.3904,339.6,2.1,1.4,2014-10-21,0441,Aqua,MODIS,80,6.2,315.1,59.2,D,0
-16.4609,141.7587,348.2,1.9,1.3,2014-10-21,0441,Aqua,MODIS,92,6.2,314.2,99.3,D,0
-15.2193,142.0931,336.6,2.1,1.4,2014-10-21,0441,Aqua,MODIS,82,6.2,315.4,43.3,D,0
-15.0607,142.6115,327.6,2.3,1.5,2014-10-21,0441,Aqua,MODIS,48,6.2,306.9,39,D,0
-16.2043,134.268,343.3,1.1,1,2014-10-21,0441,Aqua,MODIS,60,6.2,322.8,23,D,0
-15.0642,142.6048,325.8,2.3,1.5,2014-10-21,0441,Aqua,MODIS,43,6.2,306.9,33.1,D,0
-15.0979,142.5671,328.8,2.3,1.5,2014-10-21,0441,Aqua,MODIS,43,6.2,305.9,40.9,D,0
-18.3942,132.5097,343.8,1.4,1.2,2014-10-21,0441,Aqua,MODIS,84,6.2,312,45.1,D,0
-18.3805,132.5343,340.8,1.4,1.2,2014-10-21,0441,Aqua,MODIS,61,6.2,319.3,30.6,D,0
-18.2846,132.66,346.1,1.4,1.2,2014-10-21,0441,Aqua,MODIS,74,6.2,321.3,41.3,D,0
-17.9706,132.5012,353.8,1.4,1.2,2014-10-21,0441,Aqua,MODIS,95,6.2,320.7,70.8,D,0
-15.0048,135.1767,341.5,1,1,2014-10-21,0441,Aqua,MODIS,80,6.2,316.6,21.7,D,0
-18.3153,132.4132,336.4,1.4,1.2,2014-10-21,0441,Aqua,MODIS,65,6.2,315.9,26.9,D,0
-17.5571,132.9499,347.7,1.3,1.1,2014-10-21,0441,Aqua,MODIS,64,6.2,319.9,43.6,D,0
-17.6603,133.0128,340.1,1.3,1.1,2014-10-21,0441,Aqua,MODIS,31,6.2,322.7,16.2,D,0
-18.0055,132.5247,373.9,1.4,1.2,2014-10-21,0441,Aqua,MODIS,100,6.2,323.4,161.1,D,0
-18.0263,132.5276,342.3,1.4,1.2,2014-10-21,0441,Aqua,MODIS,56,6.2,318.2,26.8,D,0
-18.317,132.3999,335.4,1.4,1.2,2014-10-21,0441,Aqua,MODIS,51,6.2,313.1,27.8,D,0
-18.0456,132.5434,343.7,1.4,1.2,2014-10-21,0441,Aqua,MODIS,77,6.2,319.4,34.9,D,0
-15.0138,135.178,364.4,1,1,2014-10-21,0441,Aqua,MODIS,100,6.2,317,76.9,D,0
-17.5432,133.0499,348.7,1.3,1.1,2014-10-21,0441,Aqua,MODIS,91,6.2,318.8,53.1,D,0
-18.3621,132.5977,339.7,1.4,1.2,2014-10-21,0441,Aqua,MODIS,17,6.2,321.9,22.6,D,0
-18.3757,132.5733,345.2,1.4,1.2,2014-10-21,0441,Aqua,MODIS,66,6.2,320,37.8,D,0
-18.8342,131.7102,384.1,1.6,1.2,2014-10-21,0441,Aqua,MODIS,100,6.2,313.1,302,D,0
-18.8359,131.6952,345.2,1.6,1.2,2014-10-21,0441,Aqua,MODIS,87,6.2,309.6,71.3,D,0
-18.2196,132.6964,338.6,1.3,1.1,2014-10-21,0441,Aqua,MODIS,51,6.2,322.1,20.5,D,0
-18.2384,132.6925,340.5,1.3,1.1,2014-10-21,0441,Aqua,MODIS,68,6.2,320.3,26.8,D,0
-18.2487,132.6939,342,1.3,1.1,2014-10-21,0441,Aqua,MODIS,70,6.2,320.8,31.5,D,0
-18.8377,131.6802,389.2,1.6,1.2,2014-10-21,0441,Aqua,MODIS,100,6.2,314.1,354.4,D,0
-17.5432,133.0564,338,1.3,1.1,2014-10-21,0441,Aqua,MODIS,46,6.2,316.6,22.6,D,0
-15.0228,135.1794,340.7,1,1,2014-10-21,0441,Aqua,MODIS,76,6.2,315.5,23.2,D,0
-18.391,132.5358,350.6,1.4,1.2,2014-10-21,0441,Aqua,MODIS,93,6.2,318.2,61.2,D,0
-18.8395,131.6651,362.6,1.6,1.2,2014-10-21,0441,Aqua,MODIS,100,6.2,308.7,157,D,0
-17.5447,133.0381,346,1.3,1.1,2014-10-21,0441,Aqua,MODIS,88,6.2,317.3,43.8,D,0
-18.3837,132.5082,347.3,1.4,1.2,2014-10-21,0441,Aqua,MODIS,89,6.2,314.6,59,D,0
-18.295,132.6614,349.4,1.4,1.2,2014-10-21,0441,Aqua,MODIS,83,6.2,319.2,53.8,D,0
-18.2966,132.6486,358.6,1.4,1.2,2014-10-21,0441,Aqua,MODIS,99,6.2,321.4,85.9,D,0
-18.3926,132.5228,355.9,1.4,1.2,2014-10-21,0441,Aqua,MODIS,97,6.2,316.4,83.7,D,0
-18.3773,132.5603,356.3,1.4,1.2,2014-10-21,0441,Aqua,MODIS,97,6.2,320.8,77.7,D,0
-18.3243,132.4278,343.5,1.4,1.2,2014-10-21,0441,Aqua,MODIS,85,6.2,317.6,44.7,D,0
-17.5566,132.943,341.4,1.3,1.1,2014-10-21,0441,Aqua,MODIS,29,6.2,319.2,29.7,D,0
-17.5347,133.0433,347.6,1.3,1.1,2014-10-21,0441,Aqua,MODIS,89,6.2,319.4,42.7,D,0
-18.3854,132.4952,366.9,1.4,1.2,2014-10-21,0441,Aqua,MODIS,100,6.2,311.8,139.9,D,0
-18.387,132.4821,385.8,1.4,1.2,2014-10-21,0441,Aqua,MODIS,100,6.2,313.2,261.8,D,0
-17.5332,133.055,362.5,1.3,1.1,2014-10-21,0441,Aqua,MODIS,100,6.2,321.9,93,D,0
-18.3684,132.5459,340,1.4,1.2,2014-10-21,0441,Aqua,MODIS,80,6.2,322,26.7,D,0
-17.9773,132.4946,349.2,1.4,1.2,2014-10-21,0441,Aqua,MODIS,91,6.2,323.4,49.5,D,0
-17.5551,132.955,345.7,1.3,1.1,2014-10-21,0441,Aqua,MODIS,67,6.2,319.3,42.3,D,0
-17.5455,132.9604,339.7,1.3,1.1,2014-10-21,0441,Aqua,MODIS,53,6.2,320.5,22.1,D,0
-17.5447,133.0447,345.8,1.3,1.1,2014-10-21,0441,Aqua,MODIS,88,6.2,318.8,41.6,D,0
-17.547,132.9485,339.7,1.3,1.1,2014-10-21,0441,Aqua,MODIS,49,6.2,321.5,23,D,0
-17.5354,132.959,340.5,1.3,1.1,2014-10-21,0441,Aqua,MODIS,42,6.2,321,24.2,D,0
-18.3789,132.5473,373.9,1.4,1.2,2014-10-21,0441,Aqua,MODIS,100,6.2,324.6,164.7,D,0
-17.5667,132.9444,346.6,1.3,1.1,2014-10-21,0441,Aqua,MODIS,84,6.2,317.2,46.5,D,0
-16.9332,130.4634,380.4,1.8,1.3,2014-10-21,0441,Aqua,MODIS,100,6.2,320.1,323.1,D,0
-16.9452,130.4651,332.8,1.8,1.3,2014-10-21,0441,Aqua,MODIS,37,6.2,317.7,22.8,D,0
-16.9421,130.4346,356,1.8,1.3,2014-10-21,0441,Aqua,MODIS,97,6.2,315.3,137.9,D,0
-16.9401,130.452,364.7,1.8,1.3,2014-10-21,0441,Aqua,MODIS,100,6.2,320.9,188.4,D,0
-17.0939,130.2288,334.3,1.9,1.4,2014-10-21,0441,Aqua,MODIS,73,6.2,317.3,33.4,D,0
-16.9353,130.446,389.8,1.8,1.3,2014-10-21,0441,Aqua,MODIS,100,6.2,321.5,430.3,D,0
-17.2757,130.4432,334.7,1.9,1.3,2014-10-21,0441,Aqua,MODIS,34,6.2,318.2,27.1,D,0
-17.3201,130.4187,337.9,1.9,1.3,2014-10-21,0441,Aqua,MODIS,64,6.2,321.1,40.2,D,0
-16.2306,125.68,329.2,4.1,1.9,2014-10-21,0441,Aqua,MODIS,66,6.2,297.6,136.5,D,0
-16.9382,130.4694,338.6,1.8,1.3,2014-10-21,0441,Aqua,MODIS,75,6.2,318.5,43.6,D,0
-18.8289,131.7551,379.5,1.6,1.2,2014-10-21,0441,Aqua,MODIS,100,6.2,313.9,257.4,D,0
-18.8306,131.7401,424.8,1.6,1.2,2014-10-21,0441,Aqua,MODIS,100,6.2,320.6,816.1,D,0
-18.8324,131.7252,422,1.6,1.2,2014-10-21,0441,Aqua,MODIS,100,6.2,317.9,773.2,D,0
-17.73,126.0114,349.1,4.1,1.9,2014-10-21,0441,Aqua,MODIS,92,6.2,311.8,315.1,D,0
-17.6296,125.5512,337.8,4.4,1.9,2014-10-21,0441,Aqua,MODIS,81,6.2,308.6,177.2,D,0
-17.721,125.5174,326.7,4.4,1.9,2014-10-21,0441,Aqua,MODIS,4,6.2,305,76.3,D,0
-18.1395,130.3014,334.5,2,1.4,2014-10-21,0441,Aqua,MODIS,58,6.2,319,29,D,0
-17.6467,125.5487,340.5,4.4,1.9,2014-10-21,0441,Aqua,MODIS,84,6.2,306.3,213.9,D,0
-17.8481,126.0674,379,4.1,1.9,2014-10-21,0441,Aqua,MODIS,100,6.2,307.8,1004.7,D,0
-16.2203,125.6433,344.8,4.2,1.9,2014-10-21,0441,Aqua,MODIS,90,6.2,300.7,320.9,D,0
-18.3753,130.267,343.6,2,1.4,2014-10-21,0441,Aqua,MODIS,74,6.2,320.5,70.4,D,0
-17.7258,125.4825,327.2,4.5,1.9,2014-10-21,0441,Aqua,MODIS,26,6.2,302.3,96.9,D,0
-17.6291,125.5472,339.4,4.4,1.9,2014-10-21,0441,Aqua,MODIS,83,6.2,308.8,198,D,0
-17.3452,128.594,330.4,2.6,1.5,2014-10-21,0441,Aqua,MODIS,45,6.2,315.7,26.5,D,0
-18.3774,130.2482,387.6,2,1.4,2014-10-21,0441,Aqua,MODIS,100,6.2,322.9,446.6,D,0
-18.3795,130.2294,370.4,2,1.4,2014-10-21,0441,Aqua,MODIS,100,6.2,319,260.4,D,0
-16.2177,125.6389,341.5,4.2,1.9,2014-10-21,0441,Aqua,MODIS,85,6.2,300.9,274.3,D,0
-16.3633,128.2462,338.4,2.7,1.6,2014-10-21,0441,Aqua,MODIS,84,6.2,311.3,87.4,D,0
-18.7566,132.2697,337.3,1.5,1.2,2014-10-21,0441,Aqua,MODIS,52,6.2,323.1,21.7,D,0
-16.3559,128.2634,336.4,2.6,1.6,2014-10-21,0441,Aqua,MODIS,82,6.2,310.6,70.6,D,0
-16.3586,128.2393,330.7,2.7,1.6,2014-10-21,0441,Aqua,MODIS,53,6.2,310.2,38.9,D,0
-17.0612,130.2543,332.1,1.9,1.3,2014-10-21,0441,Aqua,MODIS,63,6.2,317.5,20.5,D,0
-17.0104,130.2661,348.2,1.9,1.3,2014-10-21,0441,Aqua,MODIS,91,6.2,316.6,93.1,D,0
-17.7259,126.0037,349.3,4.1,1.9,2014-10-21,0441,Aqua,MODIS,92,6.2,312,315.7,D,0
-17.7131,126.0097,335.9,4.1,1.9,2014-10-21,0441,Aqua,MODIS,78,6.2,310,135.3,D,0
-18.5055,130.2499,338.2,2,1.4,2014-10-21,0441,Aqua,MODIS,60,6.2,322.3,42.9,D,0
-17.8312,126.0657,375.7,4.1,1.9,2014-10-21,0441,Aqua,MODIS,100,6.2,310.2,897.4,D,0
-16.3608,128.2703,331.6,2.6,1.6,2014-10-21,0441,Aqua,MODIS,67,6.2,311.4,45.3,D,0
-17.8693,126.0772,332.3,4.1,1.9,2014-10-21,0441,Aqua,MODIS,36,6.2,301.4,126.1,D,0
-17.8524,126.0755,365.7,4.1,1.9,2014-10-21,0441,Aqua,MODIS,100,6.2,306.9,656.1,D,0
-17.8355,126.0739,391.1,4.1,1.9,2014-10-21,0441,Aqua,MODIS,100,6.2,310.7,1413.5,D,0
-17.6471,125.5529,341.2,4.4,1.9,2014-10-21,0441,Aqua,MODIS,85,6.2,306.3,228.3,D,0
-15.4081,134.0445,335.6,1.1,1,2014-10-21,0441,Aqua,MODIS,19,6.2,319.9,13.5,D,0
-15.3927,133.9758,421.8,1.1,1,2014-10-21,0441,Aqua,MODIS,100,6.2,330.2,439.1,D,0
-16.9762,142.2179,343.7,2,1.4,2014-10-21,0441,Aqua,MODIS,88,6.2,318,77.4,D,0
-16.9322,142.6062,353.5,2.1,1.4,2014-10-21,0441,Aqua,MODIS,96,6.2,318.1,144.9,D,0
-15.394,133.9658,443.8,1.1,1,2014-10-21,0441,Aqua,MODIS,100,6.2,333.4,691.5,D,0
-16.9793,142.2498,332.1,2,1.4,2014-10-21,0441,Aqua,MODIS,35,6.2,317.3,27,D,0
-17.0047,142.5645,333.9,2.1,1.4,2014-10-21,0441,Aqua,MODIS,31,6.2,317.8,33.2,D,0
-16.9728,142.2365,335.9,2,1.4,2014-10-21,0441,Aqua,MODIS,53,6.2,319.2,40.5,D,0
-16.9579,142.2264,333.6,2,1.4,2014-10-21,0441,Aqua,MODIS,30,6.2,317.9,31.2,D,0
-16.9702,142.2288,340.5,2,1.4,2014-10-21,0441,Aqua,MODIS,74,6.2,319.3,60.2,D,0
-16.9825,142.2312,331.7,2,1.4,2014-10-21,0441,Aqua,MODIS,30,6.2,317.2,26.3,D,0
-16.5059,141.7131,339.7,1.9,1.3,2014-10-21,0441,Aqua,MODIS,57,6.2,317.8,49.1,D,0
-16.4939,141.7108,350.2,1.9,1.3,2014-10-21,0441,Aqua,MODIS,94,6.2,319.6,97.9,D,0
-15.8973,126.1128,338.5,3.8,1.8,2014-10-21,0441,Aqua,MODIS,85,6.2,303.1,188.4,D,0
-16.9611,142.2079,346.3,2,1.4,2014-10-21,0441,Aqua,MODIS,90,6.2,314.4,92.6,D,0
-16.2335,125.6845,330.7,4.1,1.9,2014-10-21,0441,Aqua,MODIS,66,6.2,298.2,153.1,D,0
-15.9329,125.8307,346.3,4,1.9,2014-10-21,0441,Aqua,MODIS,91,6.2,293.8,322,D,0
-15.9447,125.8251,322.9,4,1.9,2014-10-21,0441,Aqua,MODIS,12,6.2,294.7,68.5,D,0
-15.3951,134.0269,369.9,1.1,1,2014-10-21,0441,Aqua,MODIS,100,6.2,322.5,103,D,0
-15.8768,133.7867,335.3,1.1,1,2014-10-21,0441,Aqua,MODIS,52,6.2,320.3,12.8,D,0
-15.9006,126.1557,327.1,3.8,1.8,2014-10-21,0441,Aqua,MODIS,34,6.2,307.5,62.2,D,0
-15.8878,126.1185,337.7,3.8,1.8,2014-10-21,0441,Aqua,MODIS,84,6.2,303.8,176.2,D,0
-15.8936,126.1478,328.4,3.8,1.8,2014-10-21,0441,Aqua,MODIS,66,6.2,306.1,80.9,D,0
-16.4626,131.326,338.1,1.6,1.2,2014-10-21,0441,Aqua,MODIS,59,6.2,318.5,27.2,D,0
-16.4497,131.3391,340.1,1.6,1.2,2014-10-21,0441,Aqua,MODIS,47,6.2,317.7,34.3,D,0
-16.4386,131.3375,340.5,1.6,1.2,2014-10-21,0441,Aqua,MODIS,47,6.2,316.5,35.9,D,0
-16.5104,131.3076,345.3,1.6,1.2,2014-10-21,0441,Aqua,MODIS,87,6.2,318.8,54.2,D,0
-16.5122,131.2931,344.6,1.6,1.2,2014-10-21,0441,Aqua,MODIS,84,6.2,319.8,48.6,D,0
-17.1416,132.8555,347,1.3,1.1,2014-10-21,0441,Aqua,MODIS,51,6.2,321.5,37.6,D,0
-17.133,132.8422,344.9,1.3,1.1,2014-10-21,0441,Aqua,MODIS,49,6.2,322.6,32.7,D,0
-17.1214,132.8527,337.4,1.3,1.1,2014-10-21,0441,Aqua,MODIS,37,6.2,318.2,19.5,D,0
-17.1113,132.8513,354.2,1.3,1.1,2014-10-21,0441,Aqua,MODIS,95,6.2,321,65.6,D,0
-17.111,132.8567,343.7,1.3,1.1,2014-10-21,0441,Aqua,MODIS,57,6.2,318.5,33.6,D,0
-17.2015,132.8572,343.4,1.3,1.1,2014-10-21,0441,Aqua,MODIS,78,6.2,322.2,23.9,D,0
-15.4033,133.9672,341.7,1.1,1,2014-10-21,0441,Aqua,MODIS,80,6.2,312.6,31.7,D,0
-15.3979,134.0071,351,1.1,1,2014-10-21,0441,Aqua,MODIS,93,6.2,319.4,46.9,D,0
-17.1009,132.8553,363.6,1.3,1.1,2014-10-21,0441,Aqua,MODIS,100,6.2,319.2,100.2,D,0
-17.1024,132.8434,345.5,1.3,1.1,2014-10-21,0441,Aqua,MODIS,85,6.2,319.3,38.8,D,0
-17.0923,132.842,337,1.3,1.1,2014-10-21,0441,Aqua,MODIS,60,6.2,318.4,19.7,D,0
-16.8892,130.7299,335.6,1.8,1.3,2014-10-21,0441,Aqua,MODIS,11,6.2,317.7,23.8,D,0
-16.8872,142.1937,335.6,2,1.4,2014-10-21,0441,Aqua,MODIS,45,6.2,316.9,36.3,D,0
-16.8861,142.1882,336.7,2,1.4,2014-10-21,0441,Aqua,MODIS,51,6.2,316.5,43,D,0
-16.5006,131.2005,335.3,1.6,1.2,2014-10-21,0441,Aqua,MODIS,54,6.2,316,21.4,D,0
-16.5016,131.1956,334.6,1.6,1.2,2014-10-21,0441,Aqua,MODIS,31,6.2,312.7,16.9,D,0
-16.4829,131.1627,343.9,1.6,1.2,2014-10-21,0441,Aqua,MODIS,87,6.2,316.8,49.4,D,0
-16.4624,131.236,337,1.6,1.2,2014-10-21,0441,Aqua,MODIS,75,6.2,316.3,22.9,D,0
-16.4513,131.2344,364.3,1.6,1.2,2014-10-21,0441,Aqua,MODIS,100,6.2,318,143,D,0
-16.4531,131.2195,336.4,1.6,1.2,2014-10-21,0441,Aqua,MODIS,73,6.2,315.5,23.2,D,0
-15.9419,133.845,373.2,1.1,1,2014-10-21,0441,Aqua,MODIS,100,6.2,321.8,118.7,D,0
-16.6876,142.6428,332.5,2.2,1.4,2014-10-21,0441,Aqua,MODIS,55,6.2,315.1,27,D,0
-16.6531,142.247,329.9,2,1.4,2014-10-21,0441,Aqua,MODIS,55,6.2,314.9,18.5,D,0
-15.9206,133.7894,347,1.1,1,2014-10-21,0441,Aqua,MODIS,89,6.2,320.3,37.6,D,0
-16.6523,142.3255,333,2.1,1.4,2014-10-21,0441,Aqua,MODIS,57,6.2,317.1,25.8,D,0
-17.4214,131.0479,334.5,1.7,1.3,2014-10-21,0441,Aqua,MODIS,49,6.2,319.6,22.3,D,0
-16.684,142.6631,346.6,2.2,1.4,2014-10-21,0441,Aqua,MODIS,90,6.2,315.8,99.7,D,0
-16.6975,142.1395,338.9,2,1.4,2014-10-21,0441,Aqua,MODIS,83,6.2,317.4,54.1,D,0
-15.9405,133.8552,341.9,1.1,1,2014-10-21,0441,Aqua,MODIS,68,6.2,318.2,26.6,D,0
-16.9287,142.619,334.2,2.1,1.4,2014-10-21,0441,Aqua,MODIS,57,6.2,316.2,38.7,D,0
-16.9322,142.5991,352.4,2.1,1.4,2014-10-21,0441,Aqua,MODIS,95,6.2,318.9,135.5,D,0
-16.6648,142.3279,336,2.1,1.4,2014-10-21,0441,Aqua,MODIS,79,6.2,316.4,39,D,0
-16.1233,133.789,336.1,1.1,1.1,2014-10-21,0441,Aqua,MODIS,21,6.2,321.6,15.7,D,0
-16.6676,142.6809,333.4,2.2,1.4,2014-10-21,0441,Aqua,MODIS,52,6.2,315.3,32.6,D,0
-14.9106,143.1577,326.2,2.6,1.5,2014-10-21,0441,Aqua,MODIS,63,6.2,307.1,37.5,D,0
-15.4068,133.9834,348.9,1.1,1,2014-10-21,0441,Aqua,MODIS,91,6.2,317.9,42.2,D,0
-15.3965,134.017,375.3,1.1,1,2014-10-21,0441,Aqua,MODIS,100,6.2,325.2,124.7,D,0
-16.7409,142.034,334.8,2,1.4,2014-10-21,0441,Aqua,MODIS,70,6.2,313.4,41.6,D,0
-14.9932,135.1939,337.8,1,1,2014-10-21,0441,Aqua,MODIS,31,6.2,314,18.3,D,0
-14.9945,135.1846,343.4,1,1,2014-10-21,0441,Aqua,MODIS,72,6.2,317.1,26.2,D,0
-15.9861,133.9089,345.5,1.1,1,2014-10-21,0441,Aqua,MODIS,79,6.2,320.7,31.4,D,0
-15.9875,133.8987,340.4,1.1,1,2014-10-21,0441,Aqua,MODIS,60,6.2,322.9,19.3,D,0
-14.9064,143.1518,324.5,2.6,1.5,2014-10-21,0441,Aqua,MODIS,37,6.2,305.8,28.2,D,0
-15.3992,133.9971,349.6,1.1,1,2014-10-21,0441,Aqua,MODIS,91,6.2,320.1,44.3,D,0
-16.7106,141.9908,330.7,1.9,1.4,2014-10-21,0441,Aqua,MODIS,43,6.2,311.6,28.5,D,0
-15.4094,134.0346,337.6,1.1,1,2014-10-21,0441,Aqua,MODIS,56,6.2,320,16.6,D,0
-15.3913,133.9858,372.3,1.1,1,2014-10-21,0441,Aqua,MODIS,100,6.2,315.5,116.6,D,0
-15.4006,133.9871,343.6,1.1,1,2014-10-21,0441,Aqua,MODIS,84,6.2,318.7,32,D,0
-15.402,133.9772,357.9,1.1,1,2014-10-21,0441,Aqua,MODIS,98,6.2,320.1,68.9,D,0
-15.7112,133.7678,383.8,1.1,1,2014-10-21,0441,Aqua,MODIS,100,6.2,326.1,168,D,0
-15.7098,133.7781,348.7,1.1,1,2014-10-21,0441,Aqua,MODIS,91,6.2,321.6,40.4,D,0
-15.7664,133.7862,338.3,1.1,1,2014-10-21,0441,Aqua,MODIS,36,6.2,320.8,16.8,D,0
-15.705,133.7708,342.5,1.1,1,2014-10-21,0441,Aqua,MODIS,83,6.2,321.1,29.1,D,0
-15.3899,133.9958,360.8,1.1,1,2014-10-21,0441,Aqua,MODIS,100,6.2,315.3,75.5,D,0
-15.9514,133.8463,410.5,1.1,1,2014-10-21,0441,Aqua,MODIS,100,6.2,328,341.8,D,0
-15.7125,133.7575,367.2,1.1,1,2014-10-21,0441,Aqua,MODIS,100,6.2,324.1,96.6,D,0
-15.958,133.8682,340.9,1.1,1,2014-10-21,0441,Aqua,MODIS,58,6.2,318.5,21.4,D,0
-15.95,133.8566,367,1.1,1,2014-10-21,0441,Aqua,MODIS,100,6.2,322.4,94.4,D,0
-16.6511,142.6988,343.6,2.2,1.4,2014-10-21,0441,Aqua,MODIS,88,6.2,315.9,83.5,D,0
-16.9357,142.5864,341.2,2.1,1.4,2014-10-21,0441,Aqua,MODIS,85,6.2,319.3,66,D,0
-15.7064,133.7605,388.9,1.1,1,2014-10-21,0441,Aqua,MODIS,100,6.2,328.2,198.4,D,0
-15.7078,133.7502,351.8,1.1,1,2014-10-21,0441,Aqua,MODIS,93,6.2,321.5,51.1,D,0
-16.1219,133.7993,354.5,1.1,1.1,2014-10-21,0441,Aqua,MODIS,96,6.2,320.9,56.2,D,0
-15.9503,133.7832,338.9,1.1,1.1,2014-10-21,0441,Aqua,MODIS,46,6.2,320.4,18.5,D,0
-15.8673,133.7854,352.2,1.1,1,2014-10-21,0441,Aqua,MODIS,94,6.2,321.3,49,D,0
-15.8579,133.784,345.5,1.1,1,2014-10-21,0441,Aqua,MODIS,88,6.2,321,32.7,D,0
-16.9734,142.2102,338.7,2,1.4,2014-10-21,0441,Aqua,MODIS,73,6.2,316.7,54,D,0
-16.6681,142.3088,334.6,2.1,1.4,2014-10-21,0441,Aqua,MODIS,76,6.2,314.5,33.3,D,0
-16.1569,134.285,345.6,1.1,1,2014-10-21,0441,Aqua,MODIS,68,6.2,318.8,28.8,D,0
-16.1676,134.2764,348.2,1.1,1,2014-10-21,0441,Aqua,MODIS,76,6.2,323.4,33.6,D,0
-14.2632,142.5825,338,2.4,1.5,2014-10-21,0441,Aqua,MODIS,84,6.2,305.3,97.2,D,0
-14.2697,142.5788,338,2.4,1.5,2014-10-21,0441,Aqua,MODIS,85,6.2,305.2,95.8,D,0
-15.8484,133.7826,336.1,1.1,1,2014-10-21,0441,Aqua,MODIS,66,6.2,320.1,14.8,D,0
-16.1583,134.2751,345.6,1.1,1,2014-10-21,0441,Aqua,MODIS,61,6.2,324.3,27.3,D,0
-18.2834,126.6302,332.7,3.7,1.8,2014-10-21,0441,Aqua,MODIS,69,6.2,309.6,107.3,D,0
-18.277,126.6255,340.8,3.7,1.8,2014-10-21,0441,Aqua,MODIS,84,6.2,309.9,191.1,D,0
-16.1212,134.2696,338.7,1.1,1,2014-10-21,0441,Aqua,MODIS,37,6.2,321.1,14.2,D,0
-14.9842,135.1925,345,1,1,2014-10-21,0441,Aqua,MODIS,85,6.2,315.8,31.6,D,0
-14.9765,135.1819,340.1,1,1,2014-10-21,0441,Aqua,MODIS,65,6.2,316.9,20.8,D,0
-12.2957,135.5922,328.9,1,1,2014-10-21,0442,Aqua,MODIS,58,6.2,310.6,7.8,D,0
-12.4397,136.6262,349,1.1,1,2014-10-21,0442,Aqua,MODIS,93,6.2,307.4,48.9,D,0
-13.3373,135.7693,330.2,1,1,2014-10-21,0442,Aqua,MODIS,36,6.2,311.6,9.7,D,0
-12.9589,135.0806,346.3,1,1,2014-10-21,0442,Aqua,MODIS,89,6.2,319.4,31.3,D,0
-13.5684,141.6685,327.2,2.1,1.4,2014-10-21,0442,Aqua,MODIS,25,6.2,299.5,41.8,D,0
-12.8237,136.4547,331.2,1,1,2014-10-21,0442,Aqua,MODIS,69,6.2,306.4,18.2,D,0
-12.7679,132.9601,335.7,1.1,1.1,2014-10-21,0442,Aqua,MODIS,75,6.2,314.3,19.2,D,0
-13.0149,136.0908,331.6,1,1,2014-10-21,0442,Aqua,MODIS,59,6.2,311.2,13.9,D,0
-13.5842,141.6515,346.2,2.1,1.4,2014-10-21,0442,Aqua,MODIS,92,6.2,303.2,124.1,D,0
-15.5994,125.9597,332.9,3.9,1.8,2014-10-21,0442,Aqua,MODIS,72,6.2,301.5,141.2,D,0
-13.1351,136.2111,329,1,1,2014-10-21,0442,Aqua,MODIS,23,6.2,309.5,10.8,D,0
-13.2145,135.7286,332.6,1,1,2014-10-21,0442,Aqua,MODIS,67,6.2,310.1,13.6,D,0
-13.5815,141.6784,343,2.1,1.4,2014-10-21,0442,Aqua,MODIS,90,6.2,300.3,109.2,D,0
-13.5849,141.659,367.8,2.1,1.4,2014-10-21,0442,Aqua,MODIS,100,6.2,304.2,286.9,D,0
-12.465,134.2106,359.6,1,1,2014-10-21,0442,Aqua,MODIS,99,6.2,325.7,59.8,D,0
-13.5431,141.664,347.4,2.1,1.4,2014-10-21,0442,Aqua,MODIS,93,6.2,299.8,134.9,D,0
-13.3072,135.8497,331.8,1,1,2014-10-21,0442,Aqua,MODIS,42,6.2,311.8,9.8,D,0
-12.4425,136.6068,347.5,1.1,1,2014-10-21,0442,Aqua,MODIS,92,6.2,308.7,44.9,D,0
-13.3383,135.8261,340.5,1,1,2014-10-21,0442,Aqua,MODIS,70,6.2,313.8,24.7,D,0
-13.467,135.7676,346.5,1,1,2014-10-21,0442,Aqua,MODIS,88,6.2,315.8,35.9,D,0
-12.4411,136.6165,351.1,1.1,1,2014-10-21,0442,Aqua,MODIS,94,6.2,308.3,53.6,D,0
-15.5685,126.2023,327.4,3.7,1.8,2014-10-21,0442,Aqua,MODIS,20,6.2,304.6,70.8,D,0
-12.4912,133.3606,345.4,1.1,1,2014-10-21,0442,Aqua,MODIS,88,6.2,317.9,35.6,D,0
-13.072,135.8902,345.3,1,1,2014-10-21,0442,Aqua,MODIS,86,6.2,311.3,29.6,D,0
-15.5904,125.9912,332.1,3.8,1.8,2014-10-21,0442,Aqua,MODIS,61,6.2,303.9,130.9,D,0
-12.4898,133.3704,356.2,1.1,1,2014-10-21,0442,Aqua,MODIS,97,6.2,318.9,61.6,D,0
-13.3396,135.8169,330.1,1,1,2014-10-21,0442,Aqua,MODIS,38,6.2,312.5,10,D,0
-13.4063,135.8054,335.3,1,1,2014-10-21,0442,Aqua,MODIS,43,6.2,316.4,14,D,0
-12.2426,134.2889,332.9,1,1,2014-10-21,0442,Aqua,MODIS,44,6.2,312.4,12.8,D,0
-12.162,133.5427,338.6,1.1,1,2014-10-21,0442,Aqua,MODIS,79,6.2,320.4,14,D,0
-13.3561,134.09,341.8,1,1,2014-10-21,0442,Aqua,MODIS,80,6.2,320.2,22.7,D,0
-13.3548,134.0995,335.2,1,1,2014-10-21,0442,Aqua,MODIS,41,6.2,321.4,11.7,D,0
-13.3314,134.0669,345.1,1,1,2014-10-21,0442,Aqua,MODIS,87,6.2,323,28.5,D,0
-12.7541,136.108,337.3,1,1,2014-10-21,0442,Aqua,MODIS,80,6.2,310.7,23.4,D,0
-14.5893,135.4483,343.6,1,1,2014-10-21,0442,Aqua,MODIS,85,6.2,315.9,30,D,0
-14.5906,135.439,341.1,1,1,2014-10-21,0442,Aqua,MODIS,82,6.2,316,25.5,D,0
-12.4637,134.2199,346.1,1,1,2014-10-21,0442,Aqua,MODIS,82,6.2,320.2,28.3,D,0
-13.3327,134.0574,344.2,1,1,2014-10-21,0442,Aqua,MODIS,86,6.2,320.4,28.5,D,0
-13.5062,141.652,331.5,2.1,1.4,2014-10-21,0442,Aqua,MODIS,55,6.2,298.9,60.2,D,0
-14.5803,135.4469,332.3,1,1,2014-10-21,0442,Aqua,MODIS,62,6.2,313.1,12.9,D,0
-14.5919,135.4298,347.7,1,1,2014-10-21,0442,Aqua,MODIS,90,6.2,315,39.8,D,0
-12.0655,141.8475,321.1,2.3,1.5,2014-10-21,0442,Aqua,MODIS,47,6.2,292.2,34.2,D,0
-14.5932,135.4206,338.2,1,1,2014-10-21,0442,Aqua,MODIS,77,6.2,309.3,24.6,D,0
-13.4683,141.6452,334.2,2.1,1.4,2014-10-21,0442,Aqua,MODIS,79,6.2,298.7,75.2,D,0
-12.1456,133.5446,340.6,1.1,1,2014-10-21,0442,Aqua,MODIS,57,6.2,320.3,17.7,D,0
-14.4949,133.1505,336,1.1,1.1,2014-10-21,0442,Aqua,MODIS,42,6.2,316.7,17.4,D,0
-12.1087,141.8334,362.1,2.3,1.5,2014-10-21,0442,Aqua,MODIS,94,6.2,293.9,279.9,D,0
-12.1123,141.8124,326.8,2.3,1.5,2014-10-21,0442,Aqua,MODIS,45,6.2,292.1,46.5,D,0
-13.0734,135.8809,356,1,1,2014-10-21,0442,Aqua,MODIS,97,6.2,313.1,56,D,0
-13.3104,134.0834,343.6,1,1,2014-10-21,0442,Aqua,MODIS,82,6.2,323.3,23.3,D,0
-12.2104,141.7703,324.5,2.3,1.5,2014-10-21,0442,Aqua,MODIS,58,6.2,296.1,42,D,0
-13.5304,141.6617,370.9,2.1,1.4,2014-10-21,0442,Aqua,MODIS,100,6.2,301.1,324.3,D,0
-13.5051,141.6571,347,2.1,1.4,2014-10-21,0442,Aqua,MODIS,93,6.2,299.3,135.5,D,0
-13.503,141.6714,333.7,2.1,1.4,2014-10-21,0442,Aqua,MODIS,67,6.2,298.4,69.9,D,0
-14.5842,135.4192,341.7,1,1,2014-10-21,0442,Aqua,MODIS,83,6.2,311.6,30.5,D,0
-13.6041,141.623,334,2.1,1.4,2014-10-21,0442,Aqua,MODIS,80,6.2,304.2,61.2,D,0
-13.6008,141.6421,341.1,2.1,1.4,2014-10-21,0442,Aqua,MODIS,89,6.2,302.2,93.7,D,0
-12.9475,132.7735,348.9,1.2,1.1,2014-10-21,0442,Aqua,MODIS,86,6.2,320.3,42.7,D,0
-14.5816,135.4377,359.9,1,1,2014-10-21,0442,Aqua,MODIS,99,6.2,314.6,67.5,D,0
-14.5829,135.4284,355.6,1,1,2014-10-21,0442,Aqua,MODIS,96,6.2,315.5,57.6,D,0
-13.34,135.7508,395.6,1,1,2014-10-21,0442,Aqua,MODIS,100,6.2,314,210.3,D,0
-12.8933,136.1611,367.1,1,1,2014-10-21,0442,Aqua,MODIS,100,6.2,311.9,92.4,D,0
-12.8864,136.1544,385.3,1,1,2014-10-21,0442,Aqua,MODIS,100,6.2,309.9,167.9,D,0
-12.3573,136.7334,346.6,1.1,1,2014-10-21,0442,Aqua,MODIS,92,6.2,303.9,46.8,D,0
-12.456,134.2093,364.3,1,1,2014-10-21,0442,Aqua,MODIS,100,6.2,317.6,74.4,D,0
-12.3558,136.7431,326.6,1.1,1,2014-10-21,0442,Aqua,MODIS,56,6.2,303.4,12.1,D,0
-12.4197,136.6331,332.1,1.1,1,2014-10-21,0442,Aqua,MODIS,47,6.2,307.5,16,D,0
-12.429,136.6346,339.2,1.1,1,2014-10-21,0442,Aqua,MODIS,85,6.2,306.4,28.8,D,0
-13.5039,134.4129,336.9,1,1,2014-10-21,0442,Aqua,MODIS,74,6.2,320.8,12.5,D,0
-11.676,130.9728,335.2,1.4,1.2,2014-10-21,0442,Aqua,MODIS,58,6.2,311.8,26.6,D,0
-11.6712,130.9655,331.8,1.4,1.2,2014-10-21,0442,Aqua,MODIS,59,6.2,313.1,22.1,D,0
-12.8947,136.1517,364.3,1,1,2014-10-21,0442,Aqua,MODIS,94,6.2,305.7,85.1,D,0
-13.3013,134.082,338.8,1,1,2014-10-21,0442,Aqua,MODIS,78,6.2,320.7,16.6,D,0
-12.1009,133.5283,336,1.1,1,2014-10-21,0442,Aqua,MODIS,65,6.2,318.9,10.5,D,0
-13.3387,135.76,344.5,1,1,2014-10-21,0442,Aqua,MODIS,86,6.2,311.7,31.5,D,0
-12.4382,136.636,327.4,1.1,1,2014-10-21,0442,Aqua,MODIS,52,6.2,305.5,11.4,D,0
-11.7218,130.9527,330.2,1.4,1.2,2014-10-21,0442,Aqua,MODIS,42,6.2,312,19.4,D,0
-13.3026,134.0725,338.5,1,1,2014-10-21,0442,Aqua,MODIS,77,6.2,322.1,16.7,D,0
-11.6972,130.9756,335.7,1.4,1.2,2014-10-21,0442,Aqua,MODIS,71,6.2,311.6,31.3,D,0
-11.6866,130.9742,333.8,1.4,1.2,2014-10-21,0442,Aqua,MODIS,62,6.2,312.6,25.5,D,0
-13.6,141.6346,337.9,2.1,1.4,2014-10-21,0442,Aqua,MODIS,82,6.2,303.4,78.1,D,0
-13.581,141.6709,362.6,2.1,1.4,2014-10-21,0442,Aqua,MODIS,100,6.2,302.4,244.2,D,0
-13.3477,135.7614,334.1,1,1,2014-10-21,0442,Aqua,MODIS,44,6.2,312.2,13.9,D,0
-12.5574,136.6272,325.9,1.1,1,2014-10-21,0442,Aqua,MODIS,55,6.2,306.4,8.4,D,0
-14.5733,135.2977,332,1,1,2014-10-21,0442,Aqua,MODIS,51,6.2,317,10.1,D,0
-12.6444,136.6568,325.2,1.1,1,2014-10-21,0442,Aqua,MODIS,19,6.2,305.8,8.3,D,0
-12.6906,136.6641,329,1.1,1,2014-10-21,0442,Aqua,MODIS,48,6.2,307.2,15.6,D,0
-12.1101,133.5297,344,1.1,1,2014-10-21,0442,Aqua,MODIS,86,6.2,319.3,23.3,D,0
-13.3247,135.7296,346.5,1,1,2014-10-21,0442,Aqua,MODIS,88,6.2,310.3,34.7,D,0
-13.3463,135.7706,335.5,1,1,2014-10-21,0442,Aqua,MODIS,71,6.2,312.9,16.3,D,0
-12.118,133.5407,345.9,1.1,1,2014-10-21,0442,Aqua,MODIS,88,6.2,322.1,28,D,0
-12.1414,133.642,340.7,1,1,2014-10-21,0442,Aqua,MODIS,81,6.2,322,18.4,D,0
-13.4948,134.4116,343.2,1,1,2014-10-21,0442,Aqua,MODIS,84,6.2,322.6,23.2,D,0
-12.1088,133.5393,346.2,1.1,1,2014-10-21,0442,Aqua,MODIS,88,6.2,318.9,28,D,0
-13.345,135.7799,345.1,1,1,2014-10-21,0442,Aqua,MODIS,87,6.2,313.9,32.9,D,0
-13.5969,141.6538,337.9,2.1,1.4,2014-10-21,0442,Aqua,MODIS,86,6.2,300.6,83.1,D,0
-13.3423,135.7984,342.7,1,1,2014-10-21,0442,Aqua,MODIS,84,6.2,313.2,28.7,D,0
-13.39,135.7868,335.6,1,1,2014-10-21,0442,Aqua,MODIS,63,6.2,313.3,16.3,D,0
-13.3887,135.7961,352.2,1,1,2014-10-21,0442,Aqua,MODIS,94,6.2,314.6,47.8,D,0
-13.341,135.8076,330.1,1,1,2014-10-21,0442,Aqua,MODIS,37,6.2,312.9,10.1,D,0
-13.3436,135.7891,335.2,1,1,2014-10-21,0442,Aqua,MODIS,60,6.2,312.8,15.7,D,0
-14.9487,125.7678,332.3,3.9,1.8,2014-10-21,0442,Aqua,MODIS,78,6.2,297.8,145,D,0
-14.9654,125.7695,353.4,3.9,1.8,2014-10-21,0442,Aqua,MODIS,96,6.2,295.4,419.3,D,0
-11.743,130.5301,333.5,1.5,1.2,2014-10-21,0442,Aqua,MODIS,85,6.2,309.6,34.4,D,0
-11.7303,130.5425,344.5,1.5,1.2,2014-10-21,0442,Aqua,MODIS,92,6.2,311.1,67.6,D,0
-11.7393,130.5371,343.8,1.5,1.2,2014-10-21,0442,Aqua,MODIS,89,6.2,312.7,64.7,D,0
-11.7522,130.5456,334.8,1.5,1.2,2014-10-21,0442,Aqua,MODIS,86,6.2,310.2,38.5,D,0
-14.9615,125.8069,328,3.9,1.8,2014-10-21,0442,Aqua,MODIS,60,6.2,298.3,98.9,D,0
-11.7413,130.5439,344.4,1.5,1.2,2014-10-21,0442,Aqua,MODIS,92,6.2,312.6,67.2,D,0
-14.9565,125.8017,335.7,3.9,1.8,2014-10-21,0442,Aqua,MODIS,82,6.2,298.9,170.3,D,0
-11.7321,130.5287,331,1.5,1.2,2014-10-21,0442,Aqua,MODIS,74,6.2,307.2,27.7,D,0
-14.9606,125.7644,347.1,3.9,1.8,2014-10-21,0442,Aqua,MODIS,92,6.2,297.2,319,D,0
-11.7374,130.551,336.6,1.5,1.2,2014-10-21,0442,Aqua,MODIS,82,6.2,312,41.8,D,0
-12.7926,132.9215,331.5,1.1,1.1,2014-10-21,0442,Aqua,MODIS,47,6.2,315.5,10.4,D,0
-12.4439,136.5971,331.9,1.1,1,2014-10-21,0442,Aqua,MODIS,77,6.2,308,17,D,0
-12.7103,132.3355,337.7,1.2,1.1,2014-10-21,0442,Aqua,MODIS,73,6.2,315.4,19.6,D,0
-12.9359,143.0492,317.3,2.8,1.6,2014-10-21,0442,Aqua,MODIS,33,6.2,294.9,28.8,D,0
-11.7059,142.2835,332,2.6,1.5,2014-10-21,0442,Aqua,MODIS,84,6.2,295.7,86.9,D,0
-12.4662,136.8069,331.5,1.1,1,2014-10-21,0442,Aqua,MODIS,0,6.2,307.5,16.9,D,0
-12.764,132.9176,336.3,1.1,1.1,2014-10-21,0442,Aqua,MODIS,74,6.2,312.8,20.5,D,0
-12.797,132.917,333,1.1,1.1,2014-10-21,0442,Aqua,MODIS,39,6.2,316.9,14.7,D,0
-12.7958,142.2751,323.2,2.4,1.5,2014-10-21,0442,Aqua,MODIS,39,6.2,296.5,35.9,D,0
-12.7956,132.9273,331.2,1.1,1.1,2014-10-21,0442,Aqua,MODIS,37,6.2,315.6,11.5,D,0
-11.7105,142.2898,323.8,2.6,1.5,2014-10-21,0442,Aqua,MODIS,59,6.2,296.7,46.9,D,0
-12.4454,136.5874,336.4,1.1,1,2014-10-21,0442,Aqua,MODIS,83,6.2,307.7,24.8,D,0
-13.7102,132.5557,343.5,1.2,1.1,2014-10-21,0442,Aqua,MODIS,80,6.2,315.1,38.2,D,0
-11.9169,135.7932,319.8,1,1,2014-10-21,0442,Aqua,MODIS,68,6.2,305.2,6.4,D,0
-13.9626,135.5161,361.6,1,1,2014-10-21,0442,Aqua,MODIS,100,6.2,318.1,68.1,D,0
-12.3055,132.7677,333,1.1,1.1,2014-10-21,0442,Aqua,MODIS,55,6.2,313.7,13.9,D,0
-12.3192,132.7379,339.4,1.1,1.1,2014-10-21,0442,Aqua,MODIS,74,6.2,317.8,28.1,D,0
-13.7117,132.5445,374.1,1.2,1.1,2014-10-21,0442,Aqua,MODIS,100,6.2,323.7,144,D,0
-13.7131,132.5334,359.3,1.2,1.1,2014-10-21,0442,Aqua,MODIS,99,6.2,322,82.1,D,0
-13.7018,132.5432,394.4,1.2,1.1,2014-10-21,0442,Aqua,MODIS,100,6.2,316.1,267.7,D,0
-13.9613,135.5253,353.4,1,1,2014-10-21,0442,Aqua,MODIS,95,6.2,316.1,47.6,D,0
-14.1802,136.6138,330.1,1,1,2014-10-21,0442,Aqua,MODIS,69,6.2,311.5,12.7,D,0
-14.1788,136.6233,329.7,1,1,2014-10-21,0442,Aqua,MODIS,68,6.2,310.1,12.9,D,0
-14.1893,136.6153,334,1,1,2014-10-21,0442,Aqua,MODIS,54,6.2,310.9,16.3,D,0
-14.1879,136.6248,330.3,1,1,2014-10-21,0442,Aqua,MODIS,12,6.2,309.8,11.7,D,0
-14.007,135.3348,344.9,1,1,2014-10-21,0442,Aqua,MODIS,88,6.2,317.3,30.1,D,0
-14.0083,135.3256,342.8,1,1,2014-10-21,0442,Aqua,MODIS,85,6.2,318.1,25.7,D,0
-14.0096,135.3164,354.6,1,1,2014-10-21,0442,Aqua,MODIS,96,6.2,316.7,51.9,D,0
-13.7067,132.4293,348.7,1.2,1.1,2014-10-21,0442,Aqua,MODIS,81,6.2,319.8,43.6,D,0
-13.7052,132.4406,348,1.2,1.1,2014-10-21,0442,Aqua,MODIS,77,6.2,318.9,45.4,D,0
-13.0319,133.1099,339.2,1.1,1.1,2014-10-21,0442,Aqua,MODIS,81,6.2,315.4,28.3,D,0
-13.04,133.1214,335.7,1.1,1.1,2014-10-21,0442,Aqua,MODIS,71,6.2,315,21.2,D,0
-13.7409,132.3992,339.6,1.2,1.1,2014-10-21,0442,Aqua,MODIS,83,6.2,316.9,25.9,D,0
-13.6968,132.4279,468.7,1.2,1.1,2014-10-21,0442,Aqua,MODIS,100,6.2,342.4,1293.7,D,0
-13.6869,132.4265,371.5,1.2,1.1,2014-10-21,0442,Aqua,MODIS,100,6.2,310.3,132.1,D,0
-13.6796,132.3956,375.9,1.2,1.1,2014-10-21,0442,Aqua,MODIS,100,6.2,313.5,160.4,D,0
-14.0118,135.6903,334.3,1,1,2014-10-21,0442,Aqua,MODIS,57,6.2,315.6,12.3,D,0
-13.7033,132.532,407.6,1.2,1.1,2014-10-21,0442,Aqua,MODIS,100,6.2,319,374.4,D,0
-13.0469,132.8578,344.2,1.1,1.1,2014-10-21,0442,Aqua,MODIS,87,6.2,314.1,35.8,D,0
-13.6811,132.3843,369.2,1.2,1.1,2014-10-21,0442,Aqua,MODIS,100,6.2,315.5,125.6,D,0
-13.7136,132.4534,340.5,1.2,1.1,2014-10-21,0442,Aqua,MODIS,72,6.2,316.5,30.1,D,0
-13.7062,132.5096,359.6,1.2,1.1,2014-10-21,0442,Aqua,MODIS,99,6.2,320,89.4,D,0
-13.4684,135.7584,378.1,1,1,2014-10-21,0442,Aqua,MODIS,100,6.2,319.3,127.1,D,0
-13.4697,135.7491,339.2,1,1,2014-10-21,0442,Aqua,MODIS,78,6.2,314.1,22.6,D,0
-12.409,136.6414,333.7,1.1,1,2014-10-21,0442,Aqua,MODIS,55,6.2,306.6,18.9,D,0
-13.7048,132.5208,357.4,1.2,1.1,2014-10-21,0442,Aqua,MODIS,98,6.2,315.2,80.7,D,0
-13.7235,132.4548,343.8,1.2,1.1,2014-10-21,0442,Aqua,MODIS,84,6.2,320.7,35,D,0
-12.279,136.0234,333.5,1,1,2014-10-21,0442,Aqua,MODIS,0,6.2,306.6,19.8,D,0
-13.7887,132.651,341.4,1.2,1.1,2014-10-21,0442,Aqua,MODIS,84,6.2,317.4,28.6,D,0
-13.722,132.4661,337,1.2,1.1,2014-10-21,0442,Aqua,MODIS,45,6.2,315.8,21.5,D,0
-13.7985,132.6523,336.9,1.2,1.1,2014-10-21,0442,Aqua,MODIS,77,6.2,316.6,19.1,D,0
-13.7259,132.5123,349.4,1.2,1.1,2014-10-21,0442,Aqua,MODIS,92,6.2,317.8,49,D,0
-13.994,135.3611,333.5,1,1,2014-10-21,0442,Aqua,MODIS,42,6.2,316,11.5,D,0
-13.115,133.1068,329.6,1.1,1.1,2014-10-21,0442,Aqua,MODIS,41,6.2,316,12.8,D,0
-13.9745,135.4333,331.8,1,1,2014-10-21,0442,Aqua,MODIS,49,6.2,311.6,12.9,D,0
-14.0742,136.5231,334.7,1,1,2014-10-21,0442,Aqua,MODIS,62,6.2,308.1,18.5,D,0
-14.1253,136.4924,328.5,1,1,2014-10-21,0442,Aqua,MODIS,29,6.2,310.1,9.7,D,0
-12.3433,134.752,341.7,1,1,2014-10-21,0442,Aqua,MODIS,85,6.2,304.9,32.5,D,0
-12.3446,134.7429,379.8,1,1,2014-10-21,0442,Aqua,MODIS,100,6.2,306.3,137.2,D,0
-14.1162,136.491,338.5,1,1,2014-10-21,0442,Aqua,MODIS,82,6.2,311.5,24.3,D,0
-13.6826,132.373,397.6,1.2,1.1,2014-10-21,0442,Aqua,MODIS,100,6.2,320.2,293,D,0
-13.6842,132.3616,359,1.2,1.1,2014-10-21,0442,Aqua,MODIS,99,6.2,321.8,79.7,D,0
-13.6742,132.3602,368.9,1.2,1.1,2014-10-21,0442,Aqua,MODIS,99,6.2,313.8,125.1,D,0
-13.9758,135.4241,335.4,1,1,2014-10-21,0442,Aqua,MODIS,75,6.2,313.2,17.3,D,0
-14.1176,136.4815,334.6,1,1,2014-10-21,0442,Aqua,MODIS,57,6.2,311.3,18.1,D,0
-13.6979,132.4971,349.9,1.2,1.1,2014-10-21,0442,Aqua,MODIS,93,6.2,311.8,61.2,D,0
-13.6964,132.5083,354,1.2,1.1,2014-10-21,0442,Aqua,MODIS,96,6.2,311.3,73.6,D,0
-13.6757,132.3488,368.4,1.2,1.1,2014-10-21,0442,Aqua,MODIS,100,6.2,318.5,121.7,D,0
-14.275,131.2763,336.5,1.5,1.2,2014-10-21,0442,Aqua,MODIS,49,6.2,306.7,48.4,D,0
-13.7352,132.593,344.4,1.2,1.1,2014-10-21,0442,Aqua,MODIS,86,6.2,315.1,38.7,D,0
-12.3459,134.7337,334.8,1,1,2014-10-21,0442,Aqua,MODIS,54,6.2,301.9,19.6,D,0
-12.3343,134.7507,370.3,1,1,2014-10-21,0442,Aqua,MODIS,100,6.2,307.3,103.9,D,0
-12.3356,134.7415,364.9,1,1,2014-10-21,0442,Aqua,MODIS,100,6.2,311.2,85.4,D,0
-12.3767,136.8577,326.8,1.1,1,2014-10-21,0442,Aqua,MODIS,69,6.2,304.5,13.8,D,0
-14.1697,136.6219,332.9,1,1,2014-10-21,0442,Aqua,MODIS,74,6.2,309.9,16.6,D,0
-13.9268,135.7649,335.1,1,1,2014-10-21,0442,Aqua,MODIS,51,6.2,314.5,12.8,D,0
-13.6504,132.3103,342.3,1.2,1.1,2014-10-21,0442,Aqua,MODIS,81,6.2,312,40,D,0
-14.1078,136.5479,341.2,1,1,2014-10-21,0442,Aqua,MODIS,85,6.2,312.9,27.8,D,0
-14.1064,136.5574,341.5,1,1,2014-10-21,0442,Aqua,MODIS,86,6.2,310.3,29.3,D,0
-14.1155,136.5589,333.5,1,1,2014-10-21,0442,Aqua,MODIS,70,6.2,312,16.5,D,0
-13.6589,132.3231,342,1.2,1.1,2014-10-21,0442,Aqua,MODIS,70,6.2,313.3,39.1,D,0
-13.7367,132.582,336.1,1.2,1.1,2014-10-21,0442,Aqua,MODIS,56,6.2,316.9,18.4,D,0
-13.9523,135.5239,334.8,1,1,2014-10-21,0442,Aqua,MODIS,28,6.2,317,12.3,D,0
-13.6854,132.438,373.5,1.2,1.1,2014-10-21,0442,Aqua,MODIS,100,6.2,313,144.8,D,0
-13.6954,132.4392,446.3,1.2,1.1,2014-10-21,0442,Aqua,MODIS,100,6.2,333.1,863.1,D,0
-14.1382,136.5197,340.6,1,1,2014-10-21,0442,Aqua,MODIS,85,6.2,311.1,26.4,D,0
-13.7269,132.5806,341,1.2,1.1,2014-10-21,0442,Aqua,MODIS,76,6.2,315.5,30.2,D,0
-13.0158,133.0869,341.4,1.1,1.1,2014-10-21,0442,Aqua,MODIS,84,6.2,314.5,32.8,D,0
-13.8631,136.5164,325.7,1,1,2014-10-21,0442,Aqua,MODIS,32,6.2,304.7,14.2,D,0
-14.0756,136.5137,371.7,1,1,2014-10-21,0442,Aqua,MODIS,100,6.2,310,110.2,D,0
-14.1283,136.586,328.4,1,1,2014-10-21,0442,Aqua,MODIS,59,6.2,311.5,11,D,0
-14.111,135.6358,337.1,1,1,2014-10-21,0442,Aqua,MODIS,79,6.2,315.7,17.5,D,0
-13.8521,135.5217,348.7,1,1,2014-10-21,0442,Aqua,MODIS,91,6.2,318.1,36.1,D,0
-13.8534,135.5125,354.3,1,1,2014-10-21,0442,Aqua,MODIS,96,6.2,320.1,48.1,D,0
-13.0144,133.097,342.8,1.1,1.1,2014-10-21,0442,Aqua,MODIS,85,6.2,314.2,36.2,D,0
-14.1297,136.5765,335.9,1,1,2014-10-21,0442,Aqua,MODIS,79,6.2,311.4,20,D,0
-13.1178,133.0865,329,1.1,1.1,2014-10-21,0442,Aqua,MODIS,36,6.2,315.3,11.9,D,0
-14.1124,135.6266,339,1,1,2014-10-21,0442,Aqua,MODIS,81,6.2,316.7,21,D,0
-13.6712,132.3829,351.2,1.2,1.1,2014-10-21,0442,Aqua,MODIS,87,6.2,306.2,65.1,D,0
-13.7038,132.452,343.2,1.2,1.1,2014-10-21,0442,Aqua,MODIS,75,6.2,313.2,38.1,D,0
-13.7622,132.6248,338.8,1.2,1.1,2014-10-21,0442,Aqua,MODIS,67,6.2,315.9,24.8,D,0
-13.7248,136.2699,328.5,1,1,2014-10-21,0442,Aqua,MODIS,40,6.2,308.5,14.5,D,0
-14.221,135.7065,328.6,1,1,2014-10-21,0442,Aqua,MODIS,41,6.2,311.1,8.1,D,0
-13.7077,132.4984,359.1,1.2,1.1,2014-10-21,0442,Aqua,MODIS,99,6.2,316.5,87.8,D,0
-11.7956,130.1107,343.3,1.6,1.3,2014-10-21,0442,Aqua,MODIS,92,6.2,308,78.4,D,0
-14.5176,127.0104,327.8,3.1,1.7,2014-10-21,0442,Aqua,MODIS,41,6.2,299.2,72.3,D,0
-11.8089,130.0972,334.4,1.6,1.3,2014-10-21,0442,Aqua,MODIS,45,6.2,308.3,45.8,D,0
-11.807,130.1122,333,1.6,1.3,2014-10-21,0442,Aqua,MODIS,64,6.2,311.4,44.1,D,0
-11.8051,130.1273,325.6,1.6,1.3,2014-10-21,0442,Aqua,MODIS,47,6.2,308.1,23.1,D,0
-14.5038,127.0021,327.4,3.1,1.7,2014-10-21,0442,Aqua,MODIS,57,6.2,299.3,69.4,D,0
-11.7285,130.3636,325.3,1.6,1.2,2014-10-21,0442,Aqua,MODIS,54,6.2,309.4,17.2,D,0
-14.3213,127.2804,343.3,2.9,1.6,2014-10-21,0442,Aqua,MODIS,90,6.2,299.6,181.9,D,0
-14.336,127.2822,327,2.9,1.6,2014-10-21,0442,Aqua,MODIS,57,6.2,296.8,65.1,D,0
-14.322,127.2875,341.8,2.9,1.6,2014-10-21,0442,Aqua,MODIS,89,6.2,300.1,169.3,D,0
-14.5509,126.9852,323.9,3.1,1.7,2014-10-21,0442,Aqua,MODIS,61,6.2,300.1,48.8,D,0
-14.5559,126.9486,322.5,3.1,1.7,2014-10-21,0442,Aqua,MODIS,43,6.2,297.7,38.9,D,0
-14.5525,126.9784,328.1,3.1,1.7,2014-10-21,0442,Aqua,MODIS,75,6.2,299.8,74.2,D,0
-11.7938,130.1257,323.9,1.6,1.3,2014-10-21,0442,Aqua,MODIS,72,6.2,306.4,20.1,D,0
-14.554,126.9558,327,3.1,1.7,2014-10-21,0442,Aqua,MODIS,73,6.2,298.4,66,D,0
-11.7975,130.0957,328.7,1.6,1.3,2014-10-21,0442,Aqua,MODIS,68,6.2,305.6,31.9,D,0
-11.742,130.0816,328.3,1.6,1.3,2014-10-21,0442,Aqua,MODIS,46,6.2,304.3,27.8,D,0
-11.7947,130.1192,335.6,1.6,1.3,2014-10-21,0442,Aqua,MODIS,80,6.2,307.6,49.1,D,0
-11.7967,130.1042,337.1,1.6,1.3,2014-10-21,0442,Aqua,MODIS,82,6.2,308.3,55.7,D,0
-14.4887,127.0005,339.1,3.1,1.7,2014-10-21,0442,Aqua,MODIS,82,6.2,298.3,158.7,D,0
-14.2419,127.1877,327.6,3,1.6,2014-10-21,0442,Aqua,MODIS,31,6.2,301.9,51,D,0
-13.656,130.3986,326,1.7,1.3,2014-10-21,0442,Aqua,MODIS,38,6.2,301.3,27.6,D,0
-14.7505,126.8096,325.6,3.2,1.7,2014-10-21,0442,Aqua,MODIS,39,6.2,299.4,51.4,D,0
-14.7318,126.8394,323.4,3.2,1.7,2014-10-21,0442,Aqua,MODIS,33,6.2,299.9,46.3,D,0
-14.7351,126.8082,327,3.2,1.7,2014-10-21,0442,Aqua,MODIS,53,6.2,301.1,65.6,D,0
-14.7347,126.8324,330.8,3.2,1.7,2014-10-21,0442,Aqua,MODIS,72,6.2,299.8,94.3,D,0
-11.7303,130.3492,355.8,1.6,1.2,2014-10-21,0442,Aqua,MODIS,97,6.2,310.2,119.8,D,0
-13.6579,130.3833,324.4,1.7,1.3,2014-10-21,0442,Aqua,MODIS,43,6.2,299.4,26.7,D,0
-14.3368,127.2891,326,2.9,1.6,2014-10-21,0442,Aqua,MODIS,31,6.2,297.3,61.2,D,0
-14.299,131.2849,341.8,1.5,1.2,2014-10-21,0442,Aqua,MODIS,74,6.2,306.7,57.5,D,0
-14.3098,131.2864,345.4,1.5,1.2,2014-10-21,0442,Aqua,MODIS,66,6.2,313.2,66.6,D,0
-14.3081,131.3,354.7,1.5,1.2,2014-10-21,0442,Aqua,MODIS,97,6.2,307.6,100.7,D,0
-14.3188,131.3015,356,1.5,1.2,2014-10-21,0442,Aqua,MODIS,97,6.2,312.3,106.2,D,0
-32.4446,116.0973,313.1,1,1,2014-10-21,0615,Aqua,MODIS,48,6.2,300.2,7.5,D,0
-32.4816,116.0383,319.2,1,1,2014-10-21,0615,Aqua,MODIS,68,6.2,300.8,11.7,D,0
-32.48,116.0491,314.1,1,1,2014-10-21,0615,Aqua,MODIS,43,6.2,302,7.2,D,0
-32.4726,116.0364,317.7,1,1,2014-10-21,0615,Aqua,MODIS,63,6.2,302,10,D,0
-32.8524,116.44,321,1,1,2014-10-21,0615,Aqua,MODIS,74,6.2,296.4,14,D,0
-32.8291,116.4689,314.4,1,1,2014-10-21,0615,Aqua,MODIS,60,6.2,295.9,7.4,D,0
-33.7091,115.8896,312.4,1,1,2014-10-21,0615,Aqua,MODIS,63,6.2,296.9,8.6,D,0
-32.8308,116.4579,318.6,1,1,2014-10-21,0615,Aqua,MODIS,67,6.2,298.9,10.8,D,0
-31.68,115.7916,323.1,1,1,2014-10-21,0616,Aqua,MODIS,70,6.2,302.9,13.2,D,0
-29.6899,115.0083,331.5,1,1,2014-10-21,0616,Aqua,MODIS,71,6.2,306.7,22.8,D,0
-29.6793,115.0169,330.2,1,1,2014-10-21,0616,Aqua,MODIS,68,6.2,305.9,20.1,D,0
-31.6858,115.8149,335.2,1,1,2014-10-21,0616,Aqua,MODIS,85,6.2,304,26.4,D,0
-29.6778,115.0273,341.5,1,1,2014-10-21,0616,Aqua,MODIS,86,6.2,306.6,36.2,D,0
-29.6868,115.0291,366.1,1,1,2014-10-21,0616,Aqua,MODIS,100,6.2,311,94.9,D,0
-31.6842,115.8256,383.6,1,1,2014-10-21,0616,Aqua,MODIS,100,6.2,308.8,163.2,D,0
-29.6884,115.0187,330.4,1,1,2014-10-21,0616,Aqua,MODIS,69,6.2,308.6,19.9,D,0
-24.7978,121.2353,332.1,2.6,1.5,2014-10-21,0617,Aqua,MODIS,57,6.2,317.7,36.1,D,0
-23.5312,123.0066,333.9,3.6,1.8,2014-10-21,0617,Aqua,MODIS,61,6.2,318.2,85.2,D,0
-24.8372,122.1099,331.4,2.9,1.6,2014-10-21,0617,Aqua,MODIS,36,6.2,316.5,49.9,D,0
-23.5316,123.036,338.6,3.7,1.8,2014-10-21,0617,Aqua,MODIS,79,6.2,316.5,133.8,D,0
-24.9103,121.431,343.9,2.6,1.6,2014-10-21,0617,Aqua,MODIS,86,6.2,316.3,123.8,D,0
-23.4075,123.1117,336.7,3.7,1.8,2014-10-21,0617,Aqua,MODIS,65,6.2,315.7,137.1,D,0
-23.3998,123.1478,350.7,3.8,1.8,2014-10-21,0617,Aqua,MODIS,70,6.2,314,310.9,D,0
-23.4159,123.1519,351.2,3.8,1.8,2014-10-21,0617,Aqua,MODIS,81,6.2,312.3,325.2,D,0
-23.4127,123.1184,354.3,3.7,1.8,2014-10-21,0617,Aqua,MODIS,83,6.2,316.7,366.4,D,0
-23.4048,123.1545,359.5,3.8,1.8,2014-10-21,0617,Aqua,MODIS,94,6.2,313.6,454,D,0
-24.807,121.4793,343.2,2.7,1.6,2014-10-21,0617,Aqua,MODIS,85,6.2,315.6,115.7,D,0
-24.8122,121.4533,350.8,2.7,1.6,2014-10-21,0617,Aqua,MODIS,93,6.2,319.3,175.4,D,0
-24.7653,121.4686,341.1,2.7,1.6,2014-10-21,0617,Aqua,MODIS,83,6.2,318.7,94.5,D,0
-24.9134,121.4364,334.7,2.6,1.6,2014-10-21,0617,Aqua,MODIS,68,6.2,314.7,63.3,D,0
-24.8996,121.433,339.7,2.6,1.6,2014-10-21,0617,Aqua,MODIS,81,6.2,318.6,93.6,D,0
-24.8027,121.4588,340.7,2.7,1.6,2014-10-21,0617,Aqua,MODIS,80,6.2,319,92.4,D,0
-24.8432,122.0813,331.7,2.9,1.6,2014-10-21,0617,Aqua,MODIS,37,6.2,317.3,50.2,D,0
-24.8166,121.4622,348.4,2.7,1.6,2014-10-21,0617,Aqua,MODIS,91,6.2,316.8,155.6,D,0
-24.8367,122.1019,333.6,2.9,1.6,2014-10-21,0617,Aqua,MODIS,67,6.2,317.1,66,D,0
-24.7928,121.2604,346.2,2.6,1.5,2014-10-21,0617,Aqua,MODIS,89,6.2,320.1,124.6,D,0
-24.8512,122.1056,329.6,2.9,1.6,2014-10-21,0617,Aqua,MODIS,35,6.2,313.3,40.7,D,0
-23.5236,123.0416,337,3.7,1.8,2014-10-21,0617,Aqua,MODIS,77,6.2,318.8,116.3,D,0
-22.6419,122.2787,350.3,3.4,1.7,2014-10-21,0618,Aqua,MODIS,92,6.2,310.5,288.5,D,0
-22.635,122.3118,334.3,3.4,1.7,2014-10-21,0618,Aqua,MODIS,71,6.2,306.6,119,D,0
-22.4721,122.3633,346.4,3.5,1.8,2014-10-21,0618,Aqua,MODIS,89,6.2,317.1,226.2,D,0
-22.4877,122.367,364.2,3.5,1.8,2014-10-21,0618,Aqua,MODIS,100,6.2,317.3,492.5,D,0
-22.48,122.3698,379.2,3.5,1.8,2014-10-21,0618,Aqua,MODIS,100,6.2,320.1,803.2,D,0
-22.4956,122.3737,352.5,3.5,1.8,2014-10-21,0618,Aqua,MODIS,94,6.2,312.7,307.6,D,0
-20.0354,123.4263,334,4.7,2,2014-10-21,0618,Aqua,MODIS,67,6.2,309.3,152.1,D,0
-22.4652,122.3971,370.8,3.5,1.8,2014-10-21,0618,Aqua,MODIS,100,6.2,318,620.9,D,0
-22.4808,122.4008,412.6,3.5,1.8,2014-10-21,0618,Aqua,MODIS,100,6.2,320.4,1964.3,D,0
-22.4728,122.4037,401.8,3.5,1.8,2014-10-21,0618,Aqua,MODIS,100,6.2,320.8,1511.7,D,0
-22.4885,122.4074,370.6,3.5,1.8,2014-10-21,0618,Aqua,MODIS,100,6.2,311.9,620,D,0
-22.5676,122.1851,332.6,3.4,1.7,2014-10-21,0618,Aqua,MODIS,66,6.2,310.8,97.7,D,0
-22.5609,122.2172,329.9,3.4,1.7,2014-10-21,0618,Aqua,MODIS,54,6.2,312.2,75.2,D,0
-22.6159,122.2646,335.6,3.4,1.7,2014-10-21,0618,Aqua,MODIS,74,6.2,310,134.3,D,0
-22.6109,122.2717,337.1,3.4,1.7,2014-10-21,0618,Aqua,MODIS,77,6.2,309.6,146.1,D,0
-22.3209,121.7403,331.1,3.2,1.7,2014-10-21,0618,Aqua,MODIS,31,6.2,318.8,43.1,D,0
-22.2774,121.9547,348.8,3.3,1.7,2014-10-21,0618,Aqua,MODIS,91,6.2,308,265.4,D,0
-22.3359,121.7439,331.7,3.2,1.7,2014-10-21,0618,Aqua,MODIS,58,6.2,319.6,51.8,D,0
-22.3298,121.774,333.5,3.2,1.7,2014-10-21,0618,Aqua,MODIS,67,6.2,317.9,68.1,D,0
-22.299,121.9267,337.5,3.3,1.7,2014-10-21,0618,Aqua,MODIS,77,6.2,307.8,140.2,D,0
-22.2927,121.9581,341.5,3.3,1.7,2014-10-21,0618,Aqua,MODIS,83,6.2,306.8,184.9,D,0
-22.3338,121.7509,336.2,3.2,1.7,2014-10-21,0618,Aqua,MODIS,74,6.2,319.5,83.7,D,0
-22.3276,121.781,330.6,3.2,1.7,2014-10-21,0618,Aqua,MODIS,22,6.2,317.4,44.7,D,0
-22.2958,121.9334,352,3.3,1.7,2014-10-21,0618,Aqua,MODIS,94,6.2,308.6,288.1,D,0
-22.2892,121.9649,347.6,3.3,1.7,2014-10-21,0618,Aqua,MODIS,90,6.2,307.6,243.2,D,0
-19.8216,123.3968,343.1,4.7,2,2014-10-21,0618,Aqua,MODIS,85,6.2,307.1,298.2,D,0
-19.9943,123.4503,352.5,4.7,2,2014-10-21,0618,Aqua,MODIS,94,6.2,309.3,478.8,D,0
-20.0028,123.414,330.6,4.7,2,2014-10-21,0618,Aqua,MODIS,48,6.2,309.9,109.7,D,0
-22.7636,117.5355,333.3,1.6,1.2,2014-10-21,0618,Aqua,MODIS,38,6.2,321,16.4,D,0
-19.8017,123.4934,343.8,4.8,2,2014-10-21,0618,Aqua,MODIS,85,6.2,309.2,321.6,D,0
-19.8031,123.4861,344.7,4.8,2,2014-10-21,0618,Aqua,MODIS,87,6.2,309.3,333,D,0
-22.8226,117.6004,359.2,1.6,1.2,2014-10-21,0618,Aqua,MODIS,99,6.2,322.4,122,D,0
-19.9935,123.4578,356.3,4.7,2,2014-10-21,0618,Aqua,MODIS,97,6.2,308.9,559,D,0
-19.8113,123.4487,354,4.7,2,2014-10-21,0618,Aqua,MODIS,95,6.2,309,526.5,D,0
-19.7936,123.4445,334.3,4.7,2,2014-10-21,0618,Aqua,MODIS,68,6.2,304.3,196.7,D,0
-19.7759,123.4402,336.7,4.7,2,2014-10-21,0618,Aqua,MODIS,74,6.2,302.5,246,D,0
-19.8123,123.4414,347.1,4.7,2,2014-10-21,0618,Aqua,MODIS,89,6.2,308.7,385.6,D,0
-21.8619,116.3604,348.3,1.4,1.2,2014-10-21,0618,Aqua,MODIS,90,6.2,323.6,49.6,D,0
-21.8558,116.3524,343.2,1.4,1.2,2014-10-21,0618,Aqua,MODIS,66,6.2,322.7,32.9,D,0
-20.0111,123.462,345.5,4.7,2,2014-10-21,0618,Aqua,MODIS,87,6.2,307.6,337.3,D,0
-20.0288,123.4663,373.6,4.7,2,2014-10-21,0618,Aqua,MODIS,100,6.2,310.2,1044.8,D,0
-20.0082,123.4658,339.5,4.7,2,2014-10-21,0618,Aqua,MODIS,79,6.2,307.5,238.9,D,0
-20.0259,123.4701,374.2,4.7,2,2014-10-21,0618,Aqua,MODIS,100,6.2,309.9,1064.5,D,0
-19.8039,123.3925,337.6,4.7,2,2014-10-21,0618,Aqua,MODIS,70,6.2,304.4,233.2,D,0
-19.8031,123.4,341.4,4.7,2,2014-10-21,0618,Aqua,MODIS,82,6.2,304.6,292,D,0
-19.8208,123.4042,357.1,4.7,2,2014-10-21,0618,Aqua,MODIS,98,6.2,307.7,579.2,D,0
-19.7946,123.4371,340.4,4.7,2,2014-10-21,0618,Aqua,MODIS,81,6.2,304.5,293.6,D,0
-22.8116,117.598,343.9,1.6,1.2,2014-10-21,0618,Aqua,MODIS,77,6.2,321.7,54.3,D,0
-22.7921,117.5788,359.2,1.6,1.2,2014-10-21,0618,Aqua,MODIS,99,6.2,322.2,112,D,0
-22.7947,117.5641,350,1.6,1.2,2014-10-21,0618,Aqua,MODIS,90,6.2,320.5,69.1,D,0
-19.8662,123.2773,334.1,4.6,2,2014-10-21,0618,Aqua,MODIS,42,6.2,307.9,160.5,D,0
-19.857,123.3207,339.9,4.6,2,2014-10-21,0618,Aqua,MODIS,77,6.2,308.3,242.4,D,0
-19.8478,123.3642,331.9,4.7,2,2014-10-21,0618,Aqua,MODIS,28,6.2,306.3,121.2,D,0
-19.8638,123.2822,338.3,4.6,2,2014-10-21,0618,Aqua,MODIS,71,6.2,307.9,219.9,D,0
-19.8544,123.3255,336.7,4.6,2,2014-10-21,0618,Aqua,MODIS,67,6.2,308.2,196.2,D,0
-19.8449,123.3689,330.8,4.7,2,2014-10-21,0618,Aqua,MODIS,30,6.2,305.9,104.2,D,0
-21.4858,118.0275,366.5,1.8,1.3,2014-10-21,0618,Aqua,MODIS,100,6.2,319,184.3,D,0
-21.4922,118.0232,369.4,1.8,1.3,2014-10-21,0618,Aqua,MODIS,100,6.2,319.7,206.3,D,0
-21.4806,118.0204,349,1.8,1.3,2014-10-21,0618,Aqua,MODIS,91,6.2,318.8,79.7,D,0
-21.8411,116.3766,367,1.4,1.2,2014-10-21,0618,Aqua,MODIS,100,6.2,325.6,122.5,D,0
-21.8329,116.3615,339.2,1.4,1.2,2014-10-21,0618,Aqua,MODIS,44,6.2,322.5,23.7,D,0
-21.8536,116.3655,340.4,1.4,1.2,2014-10-21,0618,Aqua,MODIS,46,6.2,324,25.5,D,0
-21.8493,116.3918,368.5,1.4,1.2,2014-10-21,0618,Aqua,MODIS,100,6.2,323.6,133.7,D,0
-21.8389,116.3897,353.3,1.4,1.2,2014-10-21,0618,Aqua,MODIS,95,6.2,322.8,64.7,D,0
-21.8432,116.3635,353.1,1.4,1.2,2014-10-21,0618,Aqua,MODIS,94,6.2,324,63.9,D,0
-21.7211,117.9481,333.9,1.7,1.3,2014-10-21,0618,Aqua,MODIS,39,6.2,319.4,25.1,D,0
-21.5098,117.962,336.4,1.8,1.3,2014-10-21,0618,Aqua,MODIS,73,6.2,318,30.2,D,0
-21.489,118.0099,379.5,1.8,1.3,2014-10-21,0618,Aqua,MODIS,100,6.2,322.7,291.5,D,0
-21.4951,117.9762,341.7,1.8,1.3,2014-10-21,0618,Aqua,MODIS,58,6.2,319.8,46.6,D,0
-21.4982,117.9593,355.1,1.8,1.3,2014-10-21,0618,Aqua,MODIS,96,6.2,318.9,109.4,D,0
-21.4952,118.0057,343.7,1.8,1.3,2014-10-21,0618,Aqua,MODIS,85,6.2,320.6,55.4,D,0
-21.5011,117.9719,342.8,1.8,1.3,2014-10-21,0618,Aqua,MODIS,58,6.2,318.5,51,D,0
-21.4836,118.0031,342,1.8,1.3,2014-10-21,0618,Aqua,MODIS,83,6.2,319.5,50.4,D,0
-21.4895,117.9694,340.5,1.8,1.3,2014-10-21,0618,Aqua,MODIS,76,6.2,319.8,45.8,D,0
-20.9677,119.9447,398.4,2.5,1.5,2014-10-21,0618,Aqua,MODIS,100,6.2,323.3,838.6,D,0
-21.5763,121.0832,339.1,2.9,1.6,2014-10-21,0618,Aqua,MODIS,79,6.2,312.5,126.2,D,0
-21.5864,120.8829,333.1,2.8,1.6,2014-10-21,0618,Aqua,MODIS,62,6.2,315.9,59.9,D,0
-20.9858,119.924,340.7,2.5,1.5,2014-10-21,0618,Aqua,MODIS,81,6.2,320.2,79.2,D,0
-20.9813,119.9476,336.3,2.5,1.5,2014-10-21,0618,Aqua,MODIS,65,6.2,319.2,57.6,D,0
-20.9903,119.9747,339.4,2.5,1.5,2014-10-21,0618,Aqua,MODIS,65,6.2,314,86,D,0
-20.9767,119.9716,339.8,2.5,1.5,2014-10-21,0618,Aqua,MODIS,77,6.2,315.3,87.2,D,0
-20.9721,119.9954,351.5,2.5,1.5,2014-10-21,0618,Aqua,MODIS,93,6.2,314,173.8,D,0
-20.7322,122.292,336.3,3.8,1.8,2014-10-21,0618,Aqua,MODIS,74,6.2,315.4,114.3,D,0
-21.5756,121.0754,343,2.9,1.6,2014-10-21,0618,Aqua,MODIS,85,6.2,313.1,158.2,D,0
-21.582,121.0552,336.3,2.9,1.6,2014-10-21,0618,Aqua,MODIS,74,6.2,313.2,105.8,D,0
-21.5073,120.8853,329.7,2.9,1.6,2014-10-21,0618,Aqua,MODIS,26,6.2,317,35.8,D,0
-20.9858,119.9985,360.7,2.5,1.5,2014-10-21,0618,Aqua,MODIS,100,6.2,314.2,269.2,D,0
-21.4363,122.9063,332.4,4,1.9,2014-10-21,0618,Aqua,MODIS,48,6.2,315.9,73.8,D,0
-21.4282,122.9449,332.8,4,1.9,2014-10-21,0618,Aqua,MODIS,44,6.2,315,80.4,D,0
-21.4391,122.912,333.8,4,1.9,2014-10-21,0618,Aqua,MODIS,62,6.2,316.1,86.4,D,0
-21.6561,120.7579,347.4,2.8,1.6,2014-10-21,0618,Aqua,MODIS,89,6.2,322.3,143,D,0
-21.5808,120.9104,347.1,2.9,1.6,2014-10-21,0618,Aqua,MODIS,89,6.2,316.4,175,D,0
-21.5791,120.9022,350.4,2.9,1.6,2014-10-21,0618,Aqua,MODIS,92,6.2,316.3,204.4,D,0
-20.9994,119.927,347.2,2.5,1.5,2014-10-21,0618,Aqua,MODIS,89,6.2,317.3,120.4,D,0
-21.0039,119.9035,348.2,2.5,1.5,2014-10-21,0618,Aqua,MODIS,90,6.2,320.8,124.6,D,0
-20.9723,119.9209,359.9,2.5,1.5,2014-10-21,0618,Aqua,MODIS,99,6.2,321.8,233.7,D,0
-20.3374,118.8113,332.4,2.1,1.4,2014-10-21,0619,Aqua,MODIS,43,6.2,316.5,36.5,D,0
-20.3247,118.8086,357.8,2.1,1.4,2014-10-21,0619,Aqua,MODIS,98,6.2,315.7,187.4,D,0
-20.3283,118.7884,334,2.1,1.4,2014-10-21,0619,Aqua,MODIS,54,6.2,316.2,46,D,0
-20.3282,118.7959,349.8,2.1,1.4,2014-10-21,0619,Aqua,MODIS,92,6.2,317,128.3,D,0
-20.3408,118.7986,338.5,2.1,1.4,2014-10-21,0619,Aqua,MODIS,79,6.2,318,63.6,D,0
-20.3244,118.8162,346.4,2.1,1.4,2014-10-21,0619,Aqua,MODIS,89,6.2,314.7,109,D,0
-28.9592,147.7455,301.9,2.5,1.5,2014-10-21,1224,Terra,MODIS,46,6.2,291.3,20.1,N,0
-24.7441,151.6585,307.2,1.2,1.1,2014-10-21,1225,Terra,MODIS,24,6.2,287.8,11.7,N,0
-24.751,151.685,309.5,1.2,1.1,2014-10-21,1225,Terra,MODIS,22,6.2,288.8,12.9,N,0
-24.159,150.6165,301.1,1.4,1.2,2014-10-21,1226,Terra,MODIS,6,6.2,288.4,8.6,N,0
-24.1607,150.6023,301,1.4,1.2,2014-10-21,1226,Terra,MODIS,12,6.2,288.7,7.9,N,0
-23.9079,151.2734,304.2,1.3,1.1,2014-10-21,1226,Terra,MODIS,59,6.2,290.4,8.7,N,0
-24.1713,150.6033,302.9,1.4,1.2,2014-10-21,1226,Terra,MODIS,28,6.2,288.7,9.4,N,0
-16.9895,142.2913,313.7,4.5,2,2014-10-21,1228,Terra,MODIS,88,6.2,295,90,N,0
-17.0111,142.2503,312.9,4.6,2,2014-10-21,1228,Terra,MODIS,86,6.2,294.3,90.5,N,0
-17.0072,142.2931,305.1,4.5,2,2014-10-21,1228,Terra,MODIS,63,6.2,294.4,38.9,N,0
-16.9934,142.2433,309.6,4.6,2,2014-10-21,1228,Terra,MODIS,64,6.2,294.4,63.9,N,0
-16.9893,142.2861,317.3,4.5,2,2014-10-21,1228,Terra,MODIS,95,6.2,295.1,115.3,N,0
-16.9933,142.2485,313.3,4.6,2,2014-10-21,1228,Terra,MODIS,87,6.2,294.6,91.7,N,0
-17.0069,142.2878,307.4,4.5,2,2014-10-21,1228,Terra,MODIS,71,6.2,294.5,50.3,N,0
-17.0111,142.2451,309.9,4.6,2,2014-10-21,1228,Terra,MODIS,79,6.2,294.2,68.8,N,0
-16.1029,144.3365,302.8,3.1,1.7,2014-10-21,1228,Terra,MODIS,51,6.2,291.1,24.8,N,0
-16.3427,142.4715,302.5,4.3,1.9,2014-10-21,1228,Terra,MODIS,49,6.2,291.8,27.3,N,0
-15.1959,142.2825,303.8,4.3,1.9,2014-10-21,1228,Terra,MODIS,15,6.2,292,27.3,N,0
-15.2116,142.1198,305.5,4.4,1.9,2014-10-21,1228,Terra,MODIS,65,6.2,291.7,42.9,N,0
-15.2132,142.2843,312.3,4.3,1.9,2014-10-21,1228,Terra,MODIS,85,6.2,292.1,72.2,N,0
-15.1981,142.2371,308,4.3,1.9,2014-10-21,1228,Terra,MODIS,73,6.2,292,51.6,N,0
-15.1817,142.3963,330.5,4.2,1.9,2014-10-21,1228,Terra,MODIS,100,6.2,293.1,216.3,N,0
-16.3445,142.4785,303,4.3,1.9,2014-10-21,1228,Terra,MODIS,53,6.2,292.1,29.2,N,0
-15.2282,142.1165,343.3,4.4,1.9,2014-10-21,1228,Terra,MODIS,100,6.2,293.5,408.8,N,0
-15.2113,142.279,319.7,4.3,1.9,2014-10-21,1228,Terra,MODIS,99,6.2,292.5,119.9,N,0
-15.2425,142.1645,316.3,4.4,1.9,2014-10-21,1228,Terra,MODIS,93,6.2,292.6,104.4,N,0
-15.2239,142.1576,356.8,4.4,1.9,2014-10-21,1228,Terra,MODIS,100,6.2,294.6,640.3,N,0
-15.2155,142.2388,333.3,4.3,1.9,2014-10-21,1228,Terra,MODIS,100,6.2,292.9,255.6,N,0
-15.1686,142.3551,308.1,4.3,1.9,2014-10-21,1228,Terra,MODIS,29,6.2,291.9,46.8,N,0
-15.2291,142.1216,344.5,4.4,1.9,2014-10-21,1228,Terra,MODIS,100,6.2,293.7,426.3,N,0
-15.1844,142.4015,328.9,4.2,1.9,2014-10-21,1228,Terra,MODIS,100,6.2,292.9,204,N,0
-15.1858,142.3569,312.1,4.3,1.9,2014-10-21,1228,Terra,MODIS,27,6.2,292.3,65.5,N,0
-15.2385,142.2053,312,4.4,1.9,2014-10-21,1228,Terra,MODIS,44,6.2,292.1,71.6,N,0
-15.0977,142.5441,309.4,4.1,1.9,2014-10-21,1228,Terra,MODIS,45,6.2,292.7,51.7,N,0
-15.2371,142.2001,323.3,4.4,1.9,2014-10-21,1228,Terra,MODIS,100,6.2,292.7,154.2,N,0
-15.1109,142.5386,312.5,4.1,1.9,2014-10-21,1228,Terra,MODIS,67,6.2,292.8,68.8,N,0
-15.1427,142.476,307.9,4.2,1.9,2014-10-21,1228,Terra,MODIS,44,6.2,291.7,45.8,N,0
-15.1882,142.3622,312.8,4.3,1.9,2014-10-21,1228,Terra,MODIS,86,6.2,292.3,75.6,N,0
-15.2251,142.1627,359.9,4.4,1.9,2014-10-21,1228,Terra,MODIS,100,6.2,294.7,713.6,N,0
-15.1672,142.3998,311.2,4.2,1.9,2014-10-21,1228,Terra,MODIS,49,6.2,292.2,62.6,N,0
-15.2325,142.0752,307.1,4.5,1.9,2014-10-21,1228,Terra,MODIS,70,6.2,291.3,53.5,N,0
-15.2414,142.1593,322.5,4.4,1.9,2014-10-21,1228,Terra,MODIS,100,6.2,292.7,148.4,N,0
-15.2076,142.1609,303.3,4.4,1.9,2014-10-21,1228,Terra,MODIS,39,6.2,292.1,29.6,N,0
-15.171,142.3604,314,4.3,1.9,2014-10-21,1228,Terra,MODIS,88,6.2,292.2,83.2,N,0
-15.2211,142.2035,342.8,4.4,1.9,2014-10-21,1228,Terra,MODIS,100,6.2,293.7,385.4,N,0
-15.2171,142.244,333.5,4.3,1.9,2014-10-21,1228,Terra,MODIS,100,6.2,292.8,259.7,N,0
-15.2197,142.1983,343.7,4.4,1.9,2014-10-21,1228,Terra,MODIS,100,6.2,293.8,395.5,N,0
-15.1998,142.2423,312.3,4.3,1.9,2014-10-21,1228,Terra,MODIS,84,6.2,292.2,75.1,N,0
-15.2331,142.0802,312.7,4.5,1.9,2014-10-21,1228,Terra,MODIS,86,6.2,291.4,86.7,N,0
-13.9711,142.5052,314.7,4,1.9,2014-10-21,1229,Terra,MODIS,81,6.2,290,92.1,N,0
-14.08,142.4838,311.1,4,1.9,2014-10-21,1229,Terra,MODIS,73,6.2,290.8,69.3,N,0
-13.9998,142.5009,311.7,4,1.9,2014-10-21,1229,Terra,MODIS,46,6.2,287.2,75.5,N,0
-13.9366,142.4573,336.8,4,1.9,2014-10-21,1229,Terra,MODIS,100,6.2,288.2,280.8,N,0
-13.983,142.4994,325,4,1.9,2014-10-21,1229,Terra,MODIS,100,6.2,288.9,166,N,0
-13.8984,142.4484,305.3,4,1.9,2014-10-21,1229,Terra,MODIS,27,6.2,285.3,50.9,N,0
-13.9361,142.4143,325.7,4.1,1.9,2014-10-21,1229,Terra,MODIS,100,6.2,290.7,171.4,N,0
-13.9068,142.4158,309.2,4.1,1.9,2014-10-21,1229,Terra,MODIS,65,6.2,286.4,65.7,N,0
-13.9198,142.4554,344.2,4,1.9,2014-10-21,1229,Terra,MODIS,100,6.2,287.5,376.3,N,0
-13.9405,142.4194,325.7,4.1,1.9,2014-10-21,1229,Terra,MODIS,100,6.2,290.6,170.7,N,0
-13.903,142.4536,318.3,4,1.9,2014-10-21,1229,Terra,MODIS,96,6.2,287.2,122.4,N,0
-13.9193,142.4125,327,4.1,1.9,2014-10-21,1229,Terra,MODIS,100,6.2,289.3,185.2,N,0
-14.0756,142.4786,314.4,4,1.9,2014-10-21,1229,Terra,MODIS,85,6.2,290.7,92.1,N,0
-13.9236,142.4177,337.4,4.1,1.9,2014-10-21,1229,Terra,MODIS,100,6.2,290.3,291.7,N,0
-12.5503,141.9398,305.9,4.2,1.9,2014-10-21,1229,Terra,MODIS,39,6.2,291.2,45.5,N,0
-14.0214,142.5103,308.7,4,1.9,2014-10-21,1229,Terra,MODIS,35,6.2,288.2,64.1,N,0
-14.0166,142.5024,307.3,4,1.9,2014-10-21,1229,Terra,MODIS,43,6.2,286.9,59.3,N,0
-13.9879,142.5069,321.9,4,1.9,2014-10-21,1229,Terra,MODIS,100,6.2,289.6,141,N,0
-13.9152,142.4501,348.2,4,1.9,2014-10-21,1229,Terra,MODIS,100,6.2,288.6,436.6,N,0
-13.932,142.452,349.4,4,1.9,2014-10-21,1229,Terra,MODIS,100,6.2,288.7,451.5,N,0
-14.0632,142.482,309.7,4,1.9,2014-10-21,1229,Terra,MODIS,67,6.2,290.4,64.7,N,0
-13.6073,141.6341,312.6,4.6,2,2014-10-21,1229,Terra,MODIS,79,6.2,289.8,96.5,N,0
-12.5544,141.9011,308.1,4.3,1.9,2014-10-21,1229,Terra,MODIS,59,6.2,291.2,57.8,N,0
-12.5519,141.8955,306.5,4.3,1.9,2014-10-21,1229,Terra,MODIS,46,6.2,291.2,50.9,N,0
-12.5476,141.9343,310.3,4.2,1.9,2014-10-21,1229,Terra,MODIS,70,6.2,291.4,71.2,N,0
-27.5163,127.4728,315.4,1.3,1.1,2014-10-21,1404,Terra,MODIS,91,6.2,294.6,17.9,N,0
-27.5147,127.4855,304.2,1.2,1.1,2014-10-21,1404,Terra,MODIS,26,6.2,293.5,7,N,0
-24.8014,121.2411,314.9,3,1.7,2014-10-21,1404,Terra,MODIS,90,6.2,292.3,68.5,N,0
-27.5164,127.4662,305.8,1.3,1.1,2014-10-21,1404,Terra,MODIS,42,6.2,294.1,7.7,N,0
-24.7989,121.271,311.3,3,1.7,2014-10-21,1404,Terra,MODIS,82,6.2,291.9,53.4,N,0
-27.5149,127.4789,314.2,1.3,1.1,2014-10-21,1404,Terra,MODIS,89,6.2,294.3,16.3,N,0
-26.5643,126.175,324,1.4,1.2,2014-10-21,1404,Terra,MODIS,100,6.2,295.9,33.9,N,0
-26.5686,126.2698,322.1,1.4,1.2,2014-10-21,1404,Terra,MODIS,100,6.2,295.5,29.5,N,0
-26.5579,126.2684,337.7,1.4,1.2,2014-10-21,1404,Terra,MODIS,100,6.2,296.8,62.4,N,0
-26.5543,126.2616,324.5,1.4,1.2,2014-10-21,1404,Terra,MODIS,100,6.2,295.9,33.9,N,0
-26.565,126.263,329,1.4,1.2,2014-10-21,1404,Terra,MODIS,100,6.2,296.1,41.4,N,0
-26.5633,126.2773,314.2,1.4,1.2,2014-10-21,1404,Terra,MODIS,64,6.2,295.3,17.5,N,0
-22.1486,121.8292,307.6,2.5,1.5,2014-10-21,1405,Terra,MODIS,46,6.2,297.2,23.7,N,0
-22.1625,121.8306,323,2.5,1.5,2014-10-21,1405,Terra,MODIS,97,6.2,298.2,72,N,0
-22.1853,121.8832,307,2.5,1.5,2014-10-21,1405,Terra,MODIS,47,6.2,296.7,21.9,N,0
-22.1991,121.8847,311.9,2.5,1.5,2014-10-21,1405,Terra,MODIS,84,6.2,296.4,34.6,N,0
-22.2051,121.8906,310.9,2.5,1.5,2014-10-21,1405,Terra,MODIS,81,6.2,295.6,31.9,N,0
-22.1601,121.8554,327.4,2.5,1.5,2014-10-21,1405,Terra,MODIS,100,6.2,299.8,88.8,N,0
-22.1878,121.8583,315.8,2.5,1.5,2014-10-21,1405,Terra,MODIS,92,6.2,294.8,48.1,N,0
-22.6181,122.3034,328,2.4,1.5,2014-10-21,1405,Terra,MODIS,100,6.2,296.6,86.5,N,0
-22.6212,122.3207,314.1,2.4,1.5,2014-10-21,1405,Terra,MODIS,82,6.2,295.2,37.9,N,0
-23.4041,123.1346,321.1,2.1,1.4,2014-10-21,1405,Terra,MODIS,100,6.2,296.4,51.9,N,0
-22.6159,122.3265,308,2.4,1.5,2014-10-21,1405,Terra,MODIS,63,6.2,293.6,23.3,N,0
-22.2824,121.881,303.7,2.5,1.5,2014-10-21,1405,Terra,MODIS,27,6.2,293,15.9,N,0
-22.6068,122.2788,320.5,2.4,1.5,2014-10-21,1405,Terra,MODIS,100,6.2,295.2,53.9,N,0
-21.745,127.5107,305.4,1.1,1,2014-10-21,1405,Terra,MODIS,64,6.2,295.3,6.9,N,0
-22.6225,122.2577,316,2.4,1.5,2014-10-21,1405,Terra,MODIS,92,6.2,297.9,40.9,N,0
-24.8027,121.2357,306.7,3,1.7,2014-10-21,1405,Terra,MODIS,69,6.2,291.9,37.8,N,0
-22.6124,122.2732,338.4,2.4,1.5,2014-10-21,1405,Terra,MODIS,100,6.2,297.7,137,N,0
-22.6338,122.2823,328.2,2.4,1.5,2014-10-21,1405,Terra,MODIS,100,6.2,298.2,86.7,N,0
-23.3913,123.133,339,2.1,1.4,2014-10-21,1405,Terra,MODIS,100,6.2,298.9,120.7,N,0
-22.1775,127.4882,305.3,1.1,1,2014-10-21,1405,Terra,MODIS,64,6.2,294.4,6.6,N,0
-22.6101,122.2961,315,2.4,1.5,2014-10-21,1405,Terra,MODIS,90,6.2,294.2,40.2,N,0
-23.4062,123.1138,308.4,2.1,1.4,2014-10-21,1405,Terra,MODIS,52,6.2,294.3,20.9,N,0
-24.8001,121.2657,316.9,3,1.7,2014-10-21,1405,Terra,MODIS,94,6.2,292.2,75.8,N,0
-22.8161,122.2674,305,2.4,1.5,2014-10-21,1405,Terra,MODIS,62,6.2,293.2,22.1,N,0
-22.609,122.2558,324.8,2.4,1.5,2014-10-21,1405,Terra,MODIS,100,6.2,297.3,71.2,N,0
-22.6259,122.275,352.5,2.4,1.5,2014-10-21,1405,Terra,MODIS,100,6.2,300.4,231,N,0
-23.5209,123.006,305.4,2.2,1.4,2014-10-21,1405,Terra,MODIS,64,6.2,293.8,18.4,N,0
-23.5187,123.0273,309.5,2.2,1.4,2014-10-21,1405,Terra,MODIS,77,6.2,294.2,26.3,N,0
-21.7436,127.5212,305.8,1.1,1,2014-10-21,1405,Terra,MODIS,66,6.2,295.2,7.2,N,0
-22.6147,122.2502,312.6,2.4,1.5,2014-10-21,1405,Terra,MODIS,85,6.2,297.4,32.2,N,0
-22.2561,121.796,303.5,2.6,1.5,2014-10-21,1405,Terra,MODIS,56,6.2,293.2,18.9,N,0
-22.2741,121.8987,306.4,2.5,1.5,2014-10-21,1405,Terra,MODIS,68,6.2,295.3,22.6,N,0
-22.6203,122.2805,363.2,2.4,1.5,2014-10-21,1405,Terra,MODIS,100,6.2,300.6,328.2,N,0
-22.6235,122.2977,338.7,2.4,1.5,2014-10-21,1405,Terra,MODIS,100,6.2,298.8,137.7,N,0
-21.468,118.0541,309.6,4.7,2,2014-10-21,1405,Terra,MODIS,77,6.2,297.7,58.4,N,0
-21.4698,118.0128,327.1,4.7,2,2014-10-21,1405,Terra,MODIS,100,6.2,298.5,210.7,N,0
-21.4717,118.0083,327.3,4.7,2,2014-10-21,1405,Terra,MODIS,100,6.2,298.4,214.8,N,0
-21.4953,120.9391,315,2.9,1.6,2014-10-21,1405,Terra,MODIS,90,6.2,296.6,54.9,N,0
-21.4919,120.96,308,2.9,1.6,2014-10-21,1405,Terra,MODIS,68,6.2,294.9,30.6,N,0
-21.4946,120.9325,312.2,2.9,1.6,2014-10-21,1405,Terra,MODIS,84,6.2,297.1,45,N,0
-21.48,120.9308,319.9,2.9,1.6,2014-10-21,1405,Terra,MODIS,99,6.2,298.1,75.1,N,0
-21.4337,123.1549,310.1,2,1.4,2014-10-21,1405,Terra,MODIS,79,6.2,296.3,19.9,N,0
-21.4806,120.9375,320.4,2.9,1.6,2014-10-21,1405,Terra,MODIS,100,6.2,298,77.7,N,0
-21.4831,120.91,308.6,2.9,1.6,2014-10-21,1405,Terra,MODIS,74,6.2,297.2,30.9,N,0
-21.4316,123.1479,307.1,2,1.4,2014-10-21,1405,Terra,MODIS,70,6.2,296,16.2,N,0
-21.7563,131.401,305.5,1.1,1,2014-10-21,1405,Terra,MODIS,64,6.2,293.1,7.6,N,0
-20.9755,120.0568,307.4,3.3,1.7,2014-10-21,1406,Terra,MODIS,25,6.2,295.1,31.9,N,0
-18.3897,132.5238,306.8,1.4,1.2,2014-10-21,1406,Terra,MODIS,55,6.2,293.5,10.2,N,0
-20.9772,119.921,320,3.4,1.7,2014-10-21,1406,Terra,MODIS,100,6.2,297.7,85.7,N,0
-20.9558,119.9241,343.4,3.4,1.7,2014-10-21,1406,Terra,MODIS,100,6.2,298.2,273.4,N,0
-20.9648,120.0501,315.8,3.3,1.7,2014-10-21,1406,Terra,MODIS,89,6.2,296.4,65,N,0
-20.9615,119.9193,345,3.4,1.7,2014-10-21,1406,Terra,MODIS,100,6.2,299.4,291,N,0
-20.9628,120.0231,315.5,3.3,1.7,2014-10-21,1406,Terra,MODIS,91,6.2,296.4,65.1,N,0
-20.96,120.0551,308.6,3.3,1.7,2014-10-21,1406,Terra,MODIS,33,6.2,296.3,35,N,0
-20.9872,119.9274,314.2,3.4,1.7,2014-10-21,1406,Terra,MODIS,88,6.2,296.6,58.9,N,0
-20.9715,119.9259,329.8,3.4,1.7,2014-10-21,1406,Terra,MODIS,100,6.2,298.7,151.7,N,0
-18.4023,132.4467,310.6,1.4,1.2,2014-10-21,1406,Terra,MODIS,80,6.2,296.4,14.4,N,0
-18.7869,131.5853,303.1,1.2,1.1,2014-10-21,1406,Terra,MODIS,53,6.2,292.7,6.6,N,0
-20.9472,120.0214,309.1,3.3,1.7,2014-10-21,1406,Terra,MODIS,23,6.2,297.2,34.5,N,0
-20.9501,119.9892,317.3,3.4,1.7,2014-10-21,1406,Terra,MODIS,95,6.2,298.1,70.2,N,0
-20.953,119.9566,351.9,3.4,1.7,2014-10-21,1406,Terra,MODIS,100,6.2,299.2,368.9,N,0
-20.9679,120.0181,308.7,3.3,1.7,2014-10-21,1406,Terra,MODIS,13,6.2,295.6,31.4,N,0
-20.9523,120.0165,316,3.3,1.7,2014-10-21,1406,Terra,MODIS,89,6.2,297.6,62.8,N,0
-18.3939,132.4979,303.3,1.4,1.2,2014-10-21,1406,Terra,MODIS,27,6.2,293.2,6.8,N,0
-20.9686,119.9584,317.2,3.4,1.7,2014-10-21,1406,Terra,MODIS,94,6.2,297.8,71.1,N,0
-18.3876,132.5367,313.2,1.4,1.2,2014-10-21,1406,Terra,MODIS,87,6.2,293.8,17.7,N,0
-18.4044,132.434,314.1,1.4,1.2,2014-10-21,1406,Terra,MODIS,88,6.2,296.4,18.6,N,0
-18.7949,131.5984,306.5,1.2,1.1,2014-10-21,1406,Terra,MODIS,63,6.2,292.9,9,N,0
-18.2988,132.6484,308.6,1.4,1.2,2014-10-21,1406,Terra,MODIS,67,6.2,295.7,11.6,N,0
-18.7851,131.5966,307.8,1.2,1.1,2014-10-21,1406,Terra,MODIS,72,6.2,292.5,10.3,N,0
-20.9584,119.9518,363.4,3.4,1.7,2014-10-21,1406,Terra,MODIS,100,6.2,301,541.1,N,0
-20.9554,119.9843,319,3.4,1.7,2014-10-21,1406,Terra,MODIS,98,6.2,298.4,77.1,N,0
-20.0372,123.4776,308.1,1.8,1.3,2014-10-21,1406,Terra,MODIS,67,6.2,295.3,14.9,N,0
-17.5845,125.2286,321,1.3,1.1,2014-10-21,1406,Terra,MODIS,100,6.2,300.6,19.3,N,0
-17.6405,125.2665,314.2,1.3,1.1,2014-10-21,1406,Terra,MODIS,83,6.2,299.5,10.5,N,0
-17.8603,126.0904,322.4,1.2,1.1,2014-10-21,1406,Terra,MODIS,100,6.2,298.8,20.8,N,0
-17.8714,126.0809,316.6,1.2,1.1,2014-10-21,1406,Terra,MODIS,93,6.2,298,14.3,N,0
-17.9109,126.1035,309.6,1.2,1.1,2014-10-21,1406,Terra,MODIS,73,6.2,297,8.6,N,0
-17.8274,126.0413,311.4,1.2,1.1,2014-10-21,1406,Terra,MODIS,32,6.2,299,7.2,N,0
-17.8441,125.9879,328.9,1.2,1.1,2014-10-21,1406,Terra,MODIS,100,6.2,302.7,28,N,0
-17.8427,125.9989,327.2,1.2,1.1,2014-10-21,1406,Terra,MODIS,100,6.2,302.5,24.6,N,0
-17.8413,126.0099,320.4,1.2,1.1,2014-10-21,1406,Terra,MODIS,100,6.2,301.4,15.7,N,0
-17.8566,125.9673,323.2,1.2,1.1,2014-10-21,1406,Terra,MODIS,100,6.2,302.5,20.5,N,0
-17.8552,125.9784,337.5,1.2,1.1,2014-10-21,1406,Terra,MODIS,100,6.2,304.6,43.3,N,0
-17.9092,126.2678,317.8,1.1,1.1,2014-10-21,1406,Terra,MODIS,95,6.2,301.3,14.6,N,0
-17.9231,126.1605,310,1.1,1.1,2014-10-21,1406,Terra,MODIS,75,6.2,298.2,8,N,0
-17.8538,125.9894,330,1.2,1.1,2014-10-21,1406,Terra,MODIS,100,6.2,304.1,29.5,N,0
-17.8524,126.0003,316.9,1.2,1.1,2014-10-21,1406,Terra,MODIS,93,6.2,302.2,12.7,N,0
-17.8663,125.9687,327.1,1.2,1.1,2014-10-21,1406,Terra,MODIS,100,6.2,303.1,26.9,N,0
-17.8649,125.9797,356.2,1.2,1.1,2014-10-21,1406,Terra,MODIS,100,6.2,306.5,90.9,N,0
-17.8646,126.0578,334.1,1.2,1.1,2014-10-21,1406,Terra,MODIS,100,6.2,301.5,38.8,N,0
-17.8635,125.9907,322.2,1.2,1.1,2014-10-21,1406,Terra,MODIS,100,6.2,303.5,19.4,N,0
-17.862,126.0017,322.9,1.2,1.1,2014-10-21,1406,Terra,MODIS,100,6.2,302.4,20,N,0
-17.8606,126.0127,323.9,1.2,1.1,2014-10-21,1406,Terra,MODIS,100,6.2,302.1,21.2,N,0
-17.8592,126.0236,315.2,1.2,1.1,2014-10-21,1406,Terra,MODIS,74,6.2,301.5,11.2,N,0
-17.8578,126.0346,313.5,1.2,1.1,2014-10-21,1406,Terra,MODIS,72,6.2,300.6,9.6,N,0
-17.8563,126.0455,329.6,1.2,1.1,2014-10-21,1406,Terra,MODIS,100,6.2,300.5,29.9,N,0
-17.8674,126.036,326.9,1.2,1.1,2014-10-21,1406,Terra,MODIS,100,6.2,302.3,26.6,N,0
-17.8689,126.025,318.1,1.2,1.1,2014-10-21,1406,Terra,MODIS,96,6.2,301.6,15.3,N,0
-17.8717,126.0031,313.7,1.2,1.1,2014-10-21,1406,Terra,MODIS,86,6.2,301.6,10.9,N,0
-17.8703,126.0141,322.1,1.2,1.1,2014-10-21,1406,Terra,MODIS,100,6.2,301.6,20.2,N,0
-17.875,126.3063,313.4,1.1,1.1,2014-10-21,1406,Terra,MODIS,85,6.2,298.8,9.9,N,0
-17.8717,126.3,312.3,1.1,1.1,2014-10-21,1406,Terra,MODIS,82,6.2,299.2,9.3,N,0
-18.1315,130.3079,309.1,1.1,1,2014-10-21,1406,Terra,MODIS,77,6.2,296.4,7.8,N,0
-17.6451,125.5528,322.1,1.2,1.1,2014-10-21,1406,Terra,MODIS,100,6.2,300,21.9,N,0
-17.8632,126.0687,309,1.2,1.1,2014-10-21,1406,Terra,MODIS,71,6.2,298.3,6.9,N,0
-17.5931,125.2421,319,1.3,1.1,2014-10-21,1406,Terra,MODIS,97,6.2,301.7,15.5,N,0
-17.6046,125.2317,319.1,1.3,1.1,2014-10-21,1406,Terra,MODIS,98,6.2,301,16,N,0
-17.639,125.2784,311,1.3,1.1,2014-10-21,1406,Terra,MODIS,44,6.2,297.7,7.1,N,0
-17.8617,126.0796,316.6,1.2,1.1,2014-10-21,1406,Terra,MODIS,93,6.2,298.4,14.4,N,0
-18.511,130.2324,304.9,1.1,1,2014-10-21,1406,Terra,MODIS,54,6.2,292.7,6.4,N,0
-17.8668,126.1904,314.9,1.1,1.1,2014-10-21,1406,Terra,MODIS,89,6.2,299.8,11.6,N,0
-17.583,125.2405,311.5,1.3,1.1,2014-10-21,1406,Terra,MODIS,26,6.2,300.1,7.1,N,0
-18.1369,130.3151,307.5,1.1,1,2014-10-21,1406,Terra,MODIS,33,6.2,295.8,5.7,N,0
-18.13,130.318,307,1.1,1,2014-10-21,1406,Terra,MODIS,55,6.2,296.9,6.1,N,0
-17.5946,125.2302,345.3,1.3,1.1,2014-10-21,1406,Terra,MODIS,100,6.2,302.4,67.6,N,0
-17.6404,125.2729,327,1.3,1.1,2014-10-21,1406,Terra,MODIS,100,6.2,299,28.9,N,0
-17.8073,126.0209,317.2,1.2,1.1,2014-10-21,1406,Terra,MODIS,84,6.2,301.4,13.4,N,0
-17.7976,126.0195,320.1,1.2,1.1,2014-10-21,1406,Terra,MODIS,100,6.2,300.7,15.2,N,0
-17.799,126.0085,331.9,1.2,1.1,2014-10-21,1406,Terra,MODIS,100,6.2,303.6,31.5,N,0
-19.9129,127.9582,307.1,1,1,2014-10-21,1406,Terra,MODIS,60,6.2,296.5,5.6,N,0
-19.9416,127.9527,307.5,1,1,2014-10-21,1406,Terra,MODIS,67,6.2,294.8,6.5,N,0
-17.8005,125.9976,326.1,1.2,1.1,2014-10-21,1406,Terra,MODIS,100,6.2,303.6,23.8,N,0
-17.7865,126.029,315.9,1.2,1.1,2014-10-21,1406,Terra,MODIS,91,6.2,300.9,11.4,N,0
-17.7894,126.0071,321.7,1.2,1.1,2014-10-21,1406,Terra,MODIS,100,6.2,302.3,18,N,0
-17.7908,125.9961,314.3,1.2,1.1,2014-10-21,1406,Terra,MODIS,70,6.2,301.8,10.3,N,0
-17.7272,126.0315,311.9,1.2,1.1,2014-10-21,1406,Terra,MODIS,68,6.2,300.6,7.4,N,0
-16.6134,129.6162,309.3,1,1,2014-10-21,1406,Terra,MODIS,72,6.2,298.9,6.2,N,0
-17.8549,126.0565,314.1,1.2,1.1,2014-10-21,1406,Terra,MODIS,87,6.2,298.7,10.9,N,0
-17.866,126.0469,340.4,1.2,1.1,2014-10-21,1406,Terra,MODIS,100,6.2,303.3,50.2,N,0
-16.6149,129.6064,318.8,1,1,2014-10-21,1406,Terra,MODIS,97,6.2,299.2,14.5,N,0
-17.8102,125.9989,328.7,1.2,1.1,2014-10-21,1406,Terra,MODIS,100,6.2,303.8,29.1,N,0
-17.8198,126.0004,314.5,1.2,1.1,2014-10-21,1406,Terra,MODIS,63,6.2,302,11,N,0
-17.8184,126.0113,319.1,1.2,1.1,2014-10-21,1406,Terra,MODIS,34,6.2,302.3,14.6,N,0
-17.8169,126.0223,313.3,1.2,1.1,2014-10-21,1406,Terra,MODIS,37,6.2,301.5,9.6,N,0
-17.8155,126.0332,316.7,1.2,1.1,2014-10-21,1406,Terra,MODIS,89,6.2,300.6,12.7,N,0
-17.814,126.0441,312.9,1.2,1.1,2014-10-21,1406,Terra,MODIS,29,6.2,299.3,8.5,N,0
-17.8191,126.029,313.1,1.2,1.1,2014-10-21,1406,Terra,MODIS,46,6.2,300.7,8,N,0
-17.8302,126.0194,322.4,1.2,1.1,2014-10-21,1406,Terra,MODIS,100,6.2,301.8,17.6,N,0
-17.8288,126.0304,313.7,1.2,1.1,2014-10-21,1406,Terra,MODIS,50,6.2,300.2,8.5,N,0
-17.8455,125.977,319.9,1.2,1.1,2014-10-21,1406,Terra,MODIS,99,6.2,301.5,16.4,N,0
-19.8452,123.2939,307.6,1.8,1.3,2014-10-21,1406,Terra,MODIS,19,6.2,295.6,14.6,N,0
-17.6491,125.2797,317.6,1.3,1.1,2014-10-21,1406,Terra,MODIS,94,6.2,295.4,15.2,N,0
-17.6591,125.2811,309.5,1.3,1.1,2014-10-21,1406,Terra,MODIS,38,6.2,298.7,6.5,N,0
-17.6506,125.2678,314.9,1.3,1.1,2014-10-21,1406,Terra,MODIS,88,6.2,297.1,11.7,N,0
-17.6823,125.26,314.9,1.3,1.1,2014-10-21,1406,Terra,MODIS,88,6.2,298.1,12.2,N,0
-17.2885,130.4397,309.6,1.1,1,2014-10-21,1406,Terra,MODIS,34,6.2,297,7,N,0
-17.6202,125.2702,314.1,1.3,1.1,2014-10-21,1406,Terra,MODIS,58,6.2,300.5,9.3,N,0
-20.0312,123.471,307.9,1.8,1.3,2014-10-21,1406,Terra,MODIS,55,6.2,295.1,14.7,N,0
-19.7503,123.4335,319.1,1.8,1.3,2014-10-21,1406,Terra,MODIS,98,6.2,296.6,34.2,N,0
-19.7522,123.4164,310.7,1.8,1.3,2014-10-21,1406,Terra,MODIS,81,6.2,295,18.8,N,0
-17.6863,125.3091,310.6,1.3,1.1,2014-10-21,1406,Terra,MODIS,37,6.2,297.9,9.1,N,0
-17.6808,125.2719,316.7,1.3,1.1,2014-10-21,1406,Terra,MODIS,92,6.2,297.9,13.8,N,0
-17.5916,125.2539,313.1,1.3,1.1,2014-10-21,1406,Terra,MODIS,59,6.2,300.9,8.7,N,0
-17.6031,125.2435,352,1.3,1.1,2014-10-21,1406,Terra,MODIS,100,6.2,303.5,86.3,N,0
-17.6132,125.245,329.8,1.3,1.1,2014-10-21,1406,Terra,MODIS,100,6.2,301.9,31.9,N,0
-17.6117,125.2569,330,1.3,1.1,2014-10-21,1406,Terra,MODIS,100,6.2,302.5,32.3,N,0
-17.6072,125.2923,318.9,1.3,1.1,2014-10-21,1406,Terra,MODIS,97,6.2,300.3,16.2,N,0
-17.6233,125.2464,321.1,1.3,1.1,2014-10-21,1406,Terra,MODIS,100,6.2,300.7,18.4,N,0
-17.6218,125.2583,320.7,1.3,1.1,2014-10-21,1406,Terra,MODIS,100,6.2,301.2,17.6,N,0
-19.8471,123.2763,309.4,1.8,1.3,2014-10-21,1406,Terra,MODIS,77,6.2,296.5,18,N,0
-19.8491,123.2586,306.8,1.9,1.3,2014-10-21,1406,Terra,MODIS,22,6.2,295.2,12.7,N,0
-19.8351,123.2747,353.8,1.8,1.3,2014-10-21,1406,Terra,MODIS,100,6.2,301.9,167,N,0
-19.8371,123.2571,328.3,1.9,1.3,2014-10-21,1406,Terra,MODIS,100,6.2,297.3,58.9,N,0
-19.8231,123.2732,350.8,1.8,1.3,2014-10-21,1406,Terra,MODIS,100,6.2,301.3,150,N,0
-19.8251,123.2555,324.5,1.9,1.3,2014-10-21,1406,Terra,MODIS,89,6.2,296.5,47.5,N,0
-19.7853,123.2862,307.9,1.8,1.3,2014-10-21,1406,Terra,MODIS,21,6.2,295.9,15.2,N,0
-19.7872,123.2686,307,1.8,1.3,2014-10-21,1406,Terra,MODIS,8,6.2,296.1,13.7,N,0
-19.804,123.2821,309.6,1.8,1.3,2014-10-21,1406,Terra,MODIS,51,6.2,296.6,18.4,N,0
-19.792,123.2806,310.7,1.8,1.3,2014-10-21,1406,Terra,MODIS,43,6.2,296.5,20,N,0
-17.2309,130.4664,310.4,1.1,1,2014-10-21,1406,Terra,MODIS,77,6.2,296.9,8.6,N,0
-19.77,123.4706,310,1.8,1.3,2014-10-21,1406,Terra,MODIS,51,6.2,296.2,17,N,0
-15.738,133.7221,313.7,1.9,1.3,2014-10-21,1406,Terra,MODIS,41,6.2,297.8,18.5,N,0
-18.0884,138.5066,311.6,3.8,1.8,2014-10-21,1406,Terra,MODIS,83,6.2,293.2,67.7,N,0
-18.0752,138.5351,309.6,3.8,1.8,2014-10-21,1406,Terra,MODIS,78,6.2,293.6,57.5,N,0
-15.7578,133.7149,336,1.8,1.3,2014-10-21,1406,Terra,MODIS,100,6.2,300.2,82.5,N,0
-15.74,133.6765,323.6,1.8,1.3,2014-10-21,1406,Terra,MODIS,99,6.2,298.5,42.1,N,0
-17.1022,132.8605,305.8,1.5,1.2,2014-10-21,1406,Terra,MODIS,56,6.2,294.2,10.1,N,0
-16.8316,130.7304,317,1.1,1.1,2014-10-21,1406,Terra,MODIS,94,6.2,300.8,13.3,N,0
-18.0813,138.5418,312.4,3.8,1.8,2014-10-21,1406,Terra,MODIS,85,6.2,293.6,72.4,N,0
-18.0913,138.5388,305.5,3.8,1.8,2014-10-21,1406,Terra,MODIS,42,6.2,294.2,36.6,N,0
-16.4279,131.2216,321.7,1.2,1.1,2014-10-21,1406,Terra,MODIS,100,6.2,297.5,22.3,N,0
-16.4263,131.2272,312.8,1.2,1.1,2014-10-21,1406,Terra,MODIS,85,6.2,296.4,11.6,N,0
-16.428,131.2157,314,1.2,1.1,2014-10-21,1406,Terra,MODIS,88,6.2,298,13,N,0
-17.3955,131.0593,307.8,1.2,1.1,2014-10-21,1406,Terra,MODIS,16,6.2,296,6.3,N,0
-15.7351,133.7392,319.9,1.9,1.3,2014-10-21,1406,Terra,MODIS,99,6.2,298,33.5,N,0
-15.7527,133.7073,329.3,1.8,1.3,2014-10-21,1406,Terra,MODIS,100,6.2,299.5,55,N,0
-15.7499,133.7243,323.5,1.9,1.3,2014-10-21,1406,Terra,MODIS,91,6.2,299.3,41.9,N,0
-15.734,133.7104,326.7,1.8,1.3,2014-10-21,1406,Terra,MODIS,100,6.2,298.9,45.2,N,0
-15.7408,133.7051,330.8,1.8,1.3,2014-10-21,1406,Terra,MODIS,100,6.2,299.3,59.9,N,0
-15.7436,133.6881,335.9,1.8,1.3,2014-10-21,1406,Terra,MODIS,100,6.2,299.8,80.2,N,0
-15.737,133.6935,341.1,1.8,1.3,2014-10-21,1406,Terra,MODIS,100,6.2,300,97.3,N,0
-15.7459,133.7127,319.5,1.8,1.3,2014-10-21,1406,Terra,MODIS,49,6.2,298.4,30.6,N,0
-15.743,133.7297,322.5,1.9,1.3,2014-10-21,1406,Terra,MODIS,66,6.2,298.8,39.3,N,0
-15.7607,133.6979,325.7,1.8,1.3,2014-10-21,1406,Terra,MODIS,100,6.2,298.6,49.5,N,0
-15.7489,133.6957,323.3,1.8,1.3,2014-10-21,1406,Terra,MODIS,100,6.2,298.9,41.1,N,0
-15.8787,126.1108,307,1.1,1,2014-10-21,1407,Terra,MODIS,62,6.2,294.9,6.1,N,0
-15.5872,125.9453,306.1,1.1,1.1,2014-10-21,1407,Terra,MODIS,58,6.2,295.2,5.7,N,0
-15.889,125.8909,304.4,1.1,1.1,2014-10-21,1407,Terra,MODIS,45,6.2,293.7,5,N,0
-15.6734,126.0586,312.4,1.1,1,2014-10-21,1407,Terra,MODIS,50,6.2,295.6,8.8,N,0
-15.6747,126.0485,329.9,1.1,1,2014-10-21,1407,Terra,MODIS,100,6.2,296.4,28.9,N,0
-15.6761,126.0382,318.7,1.1,1,2014-10-21,1407,Terra,MODIS,97,6.2,295.7,15,N,0
-13.3519,134.0818,307,2.2,1.4,2014-10-21,1407,Terra,MODIS,69,6.2,295.8,17.5,N,0
-15.7203,133.7542,307.8,1.9,1.3,2014-10-21,1407,Terra,MODIS,33,6.2,296.8,10,N,0
-12.3257,136.4797,304.2,3.5,1.8,2014-10-21,1407,Terra,MODIS,56,6.2,292.6,33.4,N,0
-12.3191,136.4852,304.4,3.5,1.8,2014-10-21,1407,Terra,MODIS,58,6.2,292.6,34.5,N,0
-15.5874,126.2732,318.6,1.1,1,2014-10-21,1407,Terra,MODIS,97,6.2,296.7,14.9,N,0
-15.5887,126.2632,315.7,1.1,1,2014-10-21,1407,Terra,MODIS,90,6.2,295.9,12,N,0
-15.5821,126.2662,322.3,1.1,1,2014-10-21,1407,Terra,MODIS,100,6.2,296.6,18.5,N,0
-15.5742,126.2548,314.6,1.1,1,2014-10-21,1407,Terra,MODIS,67,6.2,296.2,10.4,N,0
-15.5435,126.2709,307.6,1.1,1,2014-10-21,1407,Terra,MODIS,20,6.2,295.7,5.3,N,0
-15.9113,126.1942,308.3,1.1,1,2014-10-21,1407,Terra,MODIS,46,6.2,295.5,6.2,N,0
-15.8759,126.1313,308,1.1,1,2014-10-21,1407,Terra,MODIS,67,6.2,294.9,6.7,N,0
-15.8773,126.1211,308.4,1.1,1,2014-10-21,1407,Terra,MODIS,68,6.2,295.2,7.2,N,0
-15.672,126.0688,322.4,1.1,1,2014-10-21,1407,Terra,MODIS,100,6.2,296.4,19.5,N,0
-15.6492,126.0237,311.7,1.1,1,2014-10-21,1407,Terra,MODIS,48,6.2,295.1,8.4,N,0
-15.8876,125.9014,308.1,1.1,1.1,2014-10-21,1407,Terra,MODIS,67,6.2,293.7,7.9,N,0
-15.8739,125.9313,307.3,1.1,1.1,2014-10-21,1407,Terra,MODIS,64,6.2,293.4,7.1,N,0
-16.0946,125.6506,306.3,1.2,1.1,2014-10-21,1407,Terra,MODIS,59,6.2,295.4,5.5,N,0
-15.6626,126.0674,307.7,1.1,1,2014-10-21,1407,Terra,MODIS,33,6.2,295.4,5.5,N,0
-15.6437,126.1373,309.2,1.1,1,2014-10-21,1407,Terra,MODIS,19,6.2,295.4,6.6,N,0
-15.717,133.7007,321.8,1.8,1.3,2014-10-21,1407,Terra,MODIS,100,6.2,298.1,36.4,N,0
-15.7346,133.6689,308.9,1.8,1.3,2014-10-21,1407,Terra,MODIS,40,6.2,297.2,13.3,N,0
-15.7318,133.6859,319.4,1.8,1.3,2014-10-21,1407,Terra,MODIS,98,6.2,298.3,32.8,N,0
-15.7289,133.7029,328,1.8,1.3,2014-10-21,1407,Terra,MODIS,100,6.2,299.2,53.1,N,0
-15.7141,133.7177,319.3,1.9,1.3,2014-10-21,1407,Terra,MODIS,98,6.2,298,30.2,N,0
-15.726,133.7199,317.7,1.9,1.3,2014-10-21,1407,Terra,MODIS,95,6.2,298,27,N,0
-15.4233,133.9543,309.1,2,1.4,2014-10-21,1407,Terra,MODIS,43,6.2,297.5,14.9,N,0
-15.4292,133.9423,311.5,1.9,1.4,2014-10-21,1407,Terra,MODIS,23,6.2,297.7,17.9,N,0
-15.4385,133.9384,312.6,1.9,1.4,2014-10-21,1407,Terra,MODIS,1,6.2,297.4,19.1,N,0
-14.2877,127.3181,310.5,1,1,2014-10-21,1407,Terra,MODIS,76,6.2,295.2,7.3,N,0
-14.2968,131.3036,330.5,1.3,1.1,2014-10-21,1407,Terra,MODIS,100,6.2,298.2,41.1,N,0
-14.2987,131.2914,317,1.3,1.1,2014-10-21,1407,Terra,MODIS,94,6.2,295.8,18.4,N,0
-14.2998,131.2163,324.7,1.3,1.1,2014-10-21,1407,Terra,MODIS,100,6.2,297,27.6,N,0
-16.1674,125.6445,313.3,1.2,1.1,2014-10-21,1407,Terra,MODIS,84,6.2,295.7,10.9,N,0
-14.271,127.3061,314.8,1,1,2014-10-21,1407,Terra,MODIS,83,6.2,295.4,9.7,N,0
-16.1771,125.6458,311.4,1.2,1.1,2014-10-21,1407,Terra,MODIS,79,6.2,295.2,9.1,N,0
-14.2774,127.326,306.3,1,1,2014-10-21,1407,Terra,MODIS,21,6.2,295.2,4.1,N,0
-14.3148,127.2559,305.7,1,1,2014-10-21,1407,Terra,MODIS,54,6.2,294.1,4.9,N,0
-14.5634,126.9913,313.9,1,1,2014-10-21,1407,Terra,MODIS,86,6.2,295.5,9.8,N,0
-14.2697,127.3153,310.4,1,1,2014-10-21,1407,Terra,MODIS,33,6.2,295.5,6.4,N,0
-15.5267,125.4112,308.6,1.2,1.1,2014-10-21,1407,Terra,MODIS,70,6.2,295.4,7.6,N,0
-16.8597,124.4393,307.9,1.4,1.2,2014-10-21,1407,Terra,MODIS,65,6.2,296.2,8,N,0
-14.262,127.3047,326.3,1,1,2014-10-21,1407,Terra,MODIS,100,6.2,295.8,21.5,N,0
-14.2839,127.2797,309.8,1,1,2014-10-21,1407,Terra,MODIS,74,6.2,294.4,7.3,N,0
-14.2877,131.2268,331.4,1.3,1.1,2014-10-21,1407,Terra,MODIS,100,6.2,296.6,42.2,N,0
-14.2858,131.2391,321.2,1.3,1.1,2014-10-21,1407,Terra,MODIS,100,6.2,295.6,24.4,N,0
-14.2979,131.2285,335.5,1.3,1.1,2014-10-21,1407,Terra,MODIS,100,6.2,298,48.9,N,0
-14.296,131.2408,353.8,1.3,1.1,2014-10-21,1407,Terra,MODIS,100,6.2,299,101.1,N,0
-14.3051,131.2361,309.8,1.3,1.1,2014-10-21,1407,Terra,MODIS,47,6.2,295.9,7.9,N,0
-16.1591,125.6322,305.8,1.2,1.1,2014-10-21,1407,Terra,MODIS,56,6.2,295,4.9,N,0
-15.8698,125.9626,304.2,1.1,1.1,2014-10-21,1407,Terra,MODIS,42,6.2,293.6,4.5,N,0
-14.3241,131.3145,339.8,1.3,1.1,2014-10-21,1407,Terra,MODIS,100,6.2,297.6,62.7,N,0
-14.2633,127.2955,317,1,1,2014-10-21,1407,Terra,MODIS,93,6.2,295.4,11.4,N,0
-13.0713,130.3648,305,1.2,1.1,2014-10-21,1407,Terra,MODIS,57,6.2,293.4,6.8,N,0
-14.326,131.3023,334.3,1.3,1.1,2014-10-21,1407,Terra,MODIS,100,6.2,297.2,49,N,0
-14.3138,131.3128,314.5,1.3,1.1,2014-10-21,1407,Terra,MODIS,88,6.2,296.2,15.7,N,0
-14.3158,131.3006,319.5,1.3,1.1,2014-10-21,1407,Terra,MODIS,99,6.2,296.1,21.9,N,0
-14.2787,127.3167,327.9,1,1,2014-10-21,1407,Terra,MODIS,100,6.2,296.1,23.7,N,0
-14.6451,126.8655,314.6,1,1,2014-10-21,1407,Terra,MODIS,88,6.2,296.9,10.8,N,0
-14.3035,131.3111,318.3,1.3,1.1,2014-10-21,1407,Terra,MODIS,96,6.2,296.6,21,N,0
-15.8684,125.973,308.1,1.1,1.1,2014-10-21,1407,Terra,MODIS,67,6.2,293.6,7.4,N,0
-14.5647,126.9819,310.2,1,1,2014-10-21,1407,Terra,MODIS,70,6.2,294.9,6.8,N,0
-14.3055,131.2989,333.5,1.3,1.1,2014-10-21,1407,Terra,MODIS,100,6.2,297.1,47,N,0
-14.2933,131.3093,308,1.3,1.1,2014-10-21,1407,Terra,MODIS,70,6.2,296.7,9.3,N,0
-14.636,126.8641,318.3,1,1,2014-10-21,1407,Terra,MODIS,96,6.2,296.1,14,N,0
-14.2896,131.2146,313.1,1.3,1.1,2014-10-21,1407,Terra,MODIS,43,6.2,296.9,12.8,N,0
-14.2952,131.2971,335.6,1.3,1.1,2014-10-21,1407,Terra,MODIS,100,6.2,298.1,52.3,N,0
-12.7937,132.8665,306.5,1.8,1.3,2014-10-21,1407,Terra,MODIS,64,6.2,296.3,10.7,N,0
-14.2794,131.213,310.7,1.3,1.1,2014-10-21,1407,Terra,MODIS,41,6.2,295.4,11.4,N,0
-14.3357,131.2412,317.1,1.3,1.1,2014-10-21,1407,Terra,MODIS,94,6.2,297.2,17.9,N,0
-13.5519,131.67,315.7,1.4,1.2,2014-10-21,1407,Terra,MODIS,91,6.2,296.3,19,N,0
-14.3343,131.3164,366.1,1.3,1.1,2014-10-21,1407,Terra,MODIS,100,6.2,298.9,155.4,N,0
-13.6458,132.3735,310.5,1.6,1.2,2014-10-21,1407,Terra,MODIS,13,6.2,296.6,12.4,N,0
-13.6592,132.3611,317.4,1.6,1.2,2014-10-21,1407,Terra,MODIS,95,6.2,297,22,N,0
-14.2884,131.2897,318.9,1.3,1.1,2014-10-21,1407,Terra,MODIS,98,6.2,296.1,20.5,N,0
-13.6569,132.3757,319.3,1.6,1.2,2014-10-21,1407,Terra,MODIS,98,6.2,297,26.1,N,0
-14.2865,131.3018,335.1,1.3,1.1,2014-10-21,1407,Terra,MODIS,100,6.2,298.5,50.6,N,0
-13.7954,132.6598,306.1,1.7,1.3,2014-10-21,1407,Terra,MODIS,64,6.2,295.9,10.7,N,0
-13.6393,132.3425,314.4,1.6,1.2,2014-10-21,1407,Terra,MODIS,88,6.2,296.7,19.3,N,0
-13.7953,132.6495,305.7,1.7,1.3,2014-10-21,1407,Terra,MODIS,60,6.2,295.1,9.7,N,0
-14.344,131.2552,306.2,1.3,1.1,2014-10-21,1407,Terra,MODIS,54,6.2,295.4,6.5,N,0
-13.6584,132.3667,323.4,1.6,1.2,2014-10-21,1407,Terra,MODIS,100,6.2,297.3,33.6,N,0
-14.3338,131.2535,313.7,1.3,1.1,2014-10-21,1407,Terra,MODIS,87,6.2,296,13.5,N,0
-14.3011,131.2606,325.5,1.3,1.1,2014-10-21,1407,Terra,MODIS,100,6.2,295.9,30.4,N,0
-14.3031,131.2484,330.9,1.3,1.1,2014-10-21,1407,Terra,MODIS,100,6.2,296.9,39.8,N,0
-14.3044,131.2547,327.5,1.3,1.1,2014-10-21,1407,Terra,MODIS,100,6.2,296.4,34.5,N,0
-13.6999,132.4649,303.2,1.6,1.3,2014-10-21,1407,Terra,MODIS,10,6.2,292.6,8.3,N,0
-14.2941,131.253,317.2,1.3,1.1,2014-10-21,1407,Terra,MODIS,76,6.2,295.7,18.1,N,0
-14.2718,131.2618,307.1,1.3,1.1,2014-10-21,1407,Terra,MODIS,56,6.2,294.2,8.3,N,0
-14.3504,131.2813,329.5,1.3,1.1,2014-10-21,1407,Terra,MODIS,100,6.2,296.8,38.6,N,0
-14.3485,131.2934,380.8,1.3,1.1,2014-10-21,1407,Terra,MODIS,100,6.2,303.5,234.3,N,0
-14.3465,131.3058,379.1,1.3,1.1,2014-10-21,1407,Terra,MODIS,100,6.2,303.2,225.1,N,0
-14.3446,131.3181,318.3,1.3,1.1,2014-10-21,1407,Terra,MODIS,96,6.2,294.9,22.2,N,0
-14.3606,131.283,319.5,1.3,1.1,2014-10-21,1407,Terra,MODIS,99,6.2,296.3,22.4,N,0
-14.3587,131.2952,316.4,1.3,1.1,2014-10-21,1407,Terra,MODIS,93,6.2,297.2,19.2,N,0
-14.2813,131.2008,318,1.3,1.1,2014-10-21,1407,Terra,MODIS,96,6.2,296.4,20.2,N,0
-13.6481,132.3592,312.3,1.6,1.2,2014-10-21,1407,Terra,MODIS,47,6.2,296.3,14.6,N,0
-13.7023,132.4501,304.3,1.6,1.3,2014-10-21,1407,Terra,MODIS,14,6.2,293.5,8.8,N,0
-14.3363,131.304,369.5,1.3,1.1,2014-10-21,1407,Terra,MODIS,100,6.2,300.8,171.4,N,0
-13.0054,133.0703,313.4,1.9,1.3,2014-10-21,1407,Terra,MODIS,34,6.2,297.1,20,N,0
-12.9984,133.0743,312.6,1.9,1.3,2014-10-21,1407,Terra,MODIS,46,6.2,297,19.3,N,0
-13.1131,133.0863,317.8,1.9,1.3,2014-10-21,1407,Terra,MODIS,95,6.2,297.3,29.3,N,0
-13.1074,133.1199,309.9,1.9,1.3,2014-10-21,1407,Terra,MODIS,77,6.2,297.8,13.9,N,0
-12.9232,130.5254,306.4,1.3,1.1,2014-10-21,1407,Terra,MODIS,65,6.2,294.1,7.9,N,0
-12.9162,130.5714,308,1.3,1.1,2014-10-21,1407,Terra,MODIS,71,6.2,293.7,9.2,N,0
-12.9062,130.5698,310.9,1.3,1.1,2014-10-21,1407,Terra,MODIS,80,6.2,294.2,11.7,N,0
-14.9765,125.7829,305,1.1,1.1,2014-10-21,1407,Terra,MODIS,53,6.2,293.9,5.6,N,0
-11.327,131.1156,305.4,1.4,1.2,2014-10-21,1408,Terra,MODIS,63,6.2,294.8,8.5,N,0
-13.5497,141.5921,303,2.5,1.5,2014-10-21,1532,Aqua,MODIS,37,6.2,292.3,14.9,N,0
-13.544,141.6006,304.4,2.5,1.5,2014-10-21,1532,Aqua,MODIS,30,6.2,292.4,16.5,N,0
-12.5451,141.9206,313.1,2.4,1.5,2014-10-21,1532,Aqua,MODIS,86,6.2,292,41.2,N,0
-14.064,142.4967,310.3,2.1,1.4,2014-10-21,1532,Aqua,MODIS,58,6.2,291.5,26.7,N,0
-13.9684,142.481,367.3,2.1,1.4,2014-10-21,1532,Aqua,MODIS,100,6.2,295.5,301.1,N,0
-13.9434,142.4857,320.3,2.1,1.4,2014-10-21,1532,Aqua,MODIS,78,6.2,290.4,41.7,N,0
-13.986,142.4919,315.6,2.1,1.4,2014-10-21,1532,Aqua,MODIS,19,6.2,293.4,29.5,N,0
-14.0608,142.4776,305.8,2.1,1.4,2014-10-21,1532,Aqua,MODIS,25,6.2,290.7,17.4,N,0
-14.0077,142.4684,324.1,2.1,1.4,2014-10-21,1532,Aqua,MODIS,100,6.2,292.7,60.1,N,0
-13.9715,142.4997,328.8,2.1,1.4,2014-10-21,1532,Aqua,MODIS,99,6.2,291.4,72.1,N,0
-14.0513,142.4913,306.3,2.1,1.4,2014-10-21,1532,Aqua,MODIS,61,6.2,291,19.5,N,0
-13.9652,142.4619,342.5,2.1,1.4,2014-10-21,1532,Aqua,MODIS,100,6.2,292,130.2,N,0
-13.9702,142.4754,370.1,2.1,1.4,2014-10-21,1532,Aqua,MODIS,100,6.2,295.8,326.4,N,0
-14.073,142.4682,304,2.1,1.4,2014-10-21,1532,Aqua,MODIS,24,6.2,290.1,15.4,N,0
-13.9794,142.454,352.4,2.1,1.4,2014-10-21,1532,Aqua,MODIS,100,6.2,293,190.6,N,0
-13.9768,142.5127,325.7,2.1,1.4,2014-10-21,1532,Aqua,MODIS,78,6.2,291.5,61.6,N,0
-13.9669,142.4563,328.7,2.1,1.4,2014-10-21,1532,Aqua,MODIS,92,6.2,290.9,70.4,N,0
-13.9952,142.4707,410.2,2.1,1.4,2014-10-21,1532,Aqua,MODIS,100,6.2,302.4,917.3,N,0
-13.9466,142.5044,332.7,2.1,1.4,2014-10-21,1532,Aqua,MODIS,100,6.2,291.3,86.2,N,0
-13.9985,142.4895,363.6,2.1,1.4,2014-10-21,1532,Aqua,MODIS,100,6.2,296.8,270.1,N,0
-13.9827,142.4731,360.6,2.1,1.4,2014-10-21,1532,Aqua,MODIS,100,6.2,296.2,244.2,N,0
-12.5489,141.9426,305,2.4,1.5,2014-10-21,1532,Aqua,MODIS,63,6.2,291.7,20.6,N,0
-13.9919,142.4516,348.1,2.1,1.4,2014-10-21,1532,Aqua,MODIS,100,6.2,292,166.2,N,0
-13.9341,142.5067,320.4,2.1,1.4,2014-10-21,1532,Aqua,MODIS,93,6.2,290.6,46.8,N,0
-13.9735,142.4942,338.6,2.1,1.4,2014-10-21,1532,Aqua,MODIS,100,6.2,293.4,108.5,N,0
-14.0638,142.4892,311.8,2.1,1.4,2014-10-21,1532,Aqua,MODIS,81,6.2,291.3,30.1,N,0
-14.0044,142.4493,302.4,2.1,1.4,2014-10-21,1532,Aqua,MODIS,18,6.2,291.5,11.4,N,0
-15.1438,142.4814,301.1,2,1.4,2014-10-21,1533,Aqua,MODIS,12,6.2,290.9,7.9,N,0
-15.3197,143.0669,301.7,1.8,1.3,2014-10-21,1533,Aqua,MODIS,30,6.2,291.4,7.8,N,0
-15.1117,142.5313,306.6,1.9,1.4,2014-10-21,1533,Aqua,MODIS,66,6.2,292.5,15.6,N,0
-16.466,141.7719,302.7,2.1,1.4,2014-10-21,1533,Aqua,MODIS,51,6.2,292.6,12.2,N,0
-15.0996,142.5335,311.6,1.9,1.4,2014-10-21,1533,Aqua,MODIS,83,6.2,292,24.9,N,0
-16.3455,142.4858,304.2,1.9,1.3,2014-10-21,1533,Aqua,MODIS,45,6.2,294,9.4,N,0
-15.2599,142.1012,307.3,2.1,1.4,2014-10-21,1533,Aqua,MODIS,71,6.2,292.8,17.9,N,0
-15.2634,142.1203,319.8,2.1,1.4,2014-10-21,1533,Aqua,MODIS,99,6.2,293.8,46.9,N,0
-15.2608,142.1083,318.2,2.1,1.4,2014-10-21,1533,Aqua,MODIS,96,6.2,293.4,41.3,N,0
-16.4625,141.7525,311,2.1,1.4,2014-10-21,1533,Aqua,MODIS,81,6.2,293.1,27.8,N,0
-15.1891,142.3791,318.9,2,1.4,2014-10-21,1533,Aqua,MODIS,98,6.2,293.2,39.5,N,0
-15.139,142.4705,303.6,2,1.4,2014-10-21,1533,Aqua,MODIS,56,6.2,291.2,12.1,N,0
-16.4751,141.7501,313,2.1,1.4,2014-10-21,1533,Aqua,MODIS,86,6.2,293.3,30.7,N,0
-15.1982,142.3584,324.8,2,1.4,2014-10-21,1533,Aqua,MODIS,100,6.2,293.5,57.9,N,0
-15.1859,142.3607,324.8,2,1.4,2014-10-21,1533,Aqua,MODIS,100,6.2,293.3,56.5,N,0
-15.1027,142.5515,305.1,1.9,1.4,2014-10-21,1533,Aqua,MODIS,37,6.2,292.3,12.8,N,0
-15.2014,142.3767,307,2,1.4,2014-10-21,1533,Aqua,MODIS,25,6.2,292.7,15.5,N,0
-15.2641,142.1274,312.6,2.1,1.4,2014-10-21,1533,Aqua,MODIS,85,6.2,293.3,27.8,N,0
-15.1086,142.5133,312.6,2,1.4,2014-10-21,1533,Aqua,MODIS,85,6.2,291.7,27.1,N,0
-16.9917,142.2834,308.1,1.9,1.3,2014-10-21,1533,Aqua,MODIS,50,6.2,295.3,14.3,N,0
-16.9798,142.2857,308.7,1.9,1.3,2014-10-21,1533,Aqua,MODIS,49,6.2,295.2,15.4,N,0
-16.4934,141.7062,309.6,2.1,1.4,2014-10-21,1533,Aqua,MODIS,78,6.2,293.7,24,N,0
-16.4921,141.6995,309.1,2.1,1.4,2014-10-21,1533,Aqua,MODIS,76,6.2,293.6,22.5,N,0
-14.8962,143.1689,308,1.8,1.3,2014-10-21,1533,Aqua,MODIS,23,6.2,292.1,15.2,N,0
-14.8903,143.1769,303,1.8,1.3,2014-10-21,1533,Aqua,MODIS,50,6.2,291.9,10,N,0
-14.8934,143.1526,310.7,1.8,1.3,2014-10-21,1533,Aqua,MODIS,54,6.2,292.1,19.4,N,0
-14.8876,143.1606,309.3,1.8,1.3,2014-10-21,1533,Aqua,MODIS,77,6.2,292.1,19.4,N,0
-16.0954,144.3329,308.9,1.4,1.2,2014-10-21,1533,Aqua,MODIS,76,6.2,292,14.7,N,0
-14.8849,143.1443,303.4,1.8,1.3,2014-10-21,1533,Aqua,MODIS,55,6.2,291.9,10.5,N,0
-26.2322,148.0806,301.4,1.1,1.1,2014-10-21,1535,Aqua,MODIS,41,6.2,290,6,N,0
-24.9727,148.1851,301.7,1.1,1,2014-10-21,1535,Aqua,MODIS,43,6.2,285.3,7.3,N,0
-28.9597,147.7469,307.7,1.1,1.1,2014-10-21,1536,Aqua,MODIS,72,6.2,292,10.6,N,0
-13.1207,133.0908,311.9,3.4,1.7,2014-10-21,1710,Aqua,MODIS,84,6.2,294.9,52.2,N,0
-13.1197,133.1183,305.5,3.4,1.7,2014-10-21,1710,Aqua,MODIS,65,6.2,295,26.8,N,0
-13.1164,133.0873,312.3,3.4,1.7,2014-10-21,1710,Aqua,MODIS,84,6.2,294.8,53.6,N,0
-14.3711,131.3117,324.4,2.6,1.5,2014-10-21,1711,Aqua,MODIS,100,6.2,294.8,79.5,N,0
-14.3816,131.3401,309.2,2.6,1.5,2014-10-21,1711,Aqua,MODIS,71,6.2,294.4,29.5,N,0
-14.3788,131.3162,308.9,2.6,1.5,2014-10-21,1711,Aqua,MODIS,36,6.2,294.5,27,N,0
-14.3738,131.3356,340.4,2.6,1.5,2014-10-21,1711,Aqua,MODIS,100,6.2,295.9,168.3,N,0
-14.2765,131.281,313,2.5,1.5,2014-10-21,1711,Aqua,MODIS,86,6.2,294.3,40.1,N,0
-14.3428,131.2487,312.1,2.5,1.5,2014-10-21,1711,Aqua,MODIS,84,6.2,294.7,37.3,N,0
-14.2739,131.2576,312,2.5,1.5,2014-10-21,1711,Aqua,MODIS,84,6.2,293.9,36.5,N,0
-14.2798,131.1858,308.8,2.5,1.5,2014-10-21,1711,Aqua,MODIS,76,6.2,293.6,29.6,N,0
-14.3649,131.3179,336.1,2.6,1.5,2014-10-21,1711,Aqua,MODIS,100,6.2,295.9,135.4,N,0
-14.2822,131.2633,316.3,2.5,1.5,2014-10-21,1711,Aqua,MODIS,93,6.2,294.1,49.1,N,0
-14.3677,131.3419,328.7,2.6,1.5,2014-10-21,1711,Aqua,MODIS,98,6.2,295,97.3,N,0
-14.3372,131.3213,309,2.6,1.5,2014-10-21,1711,Aqua,MODIS,36,6.2,294.3,26.4,N,0
-15.6633,126.0282,313.1,1.2,1.1,2014-10-21,1711,Aqua,MODIS,35,6.2,294.8,10.8,N,0
-15.6744,126.0375,308.2,1.2,1.1,2014-10-21,1711,Aqua,MODIS,52,6.2,295.1,7.4,N,0
-15.6758,126.0482,306.3,1.2,1.1,2014-10-21,1711,Aqua,MODIS,51,6.2,295.3,6.2,N,0
-15.6773,126.0591,311,1.2,1.1,2014-10-21,1711,Aqua,MODIS,81,6.2,295.2,10.1,N,0
-15.6811,126.0148,308.5,1.2,1.1,2014-10-21,1711,Aqua,MODIS,40,6.2,294.9,7.7,N,0
-15.5432,126.2783,321.2,1.2,1.1,2014-10-21,1711,Aqua,MODIS,100,6.2,295.8,21.8,N,0
-15.5447,126.2893,309.2,1.2,1.1,2014-10-21,1711,Aqua,MODIS,47,6.2,295.4,9,N,0
-15.5544,126.2879,315,1.2,1.1,2014-10-21,1711,Aqua,MODIS,73,6.2,295.3,14.2,N,0
-15.5597,126.2538,304.8,1.2,1.1,2014-10-21,1711,Aqua,MODIS,6,6.2,294.2,5,N,0
-15.8704,126.1298,306,1.2,1.1,2014-10-21,1711,Aqua,MODIS,66,6.2,293.5,7.6,N,0
-15.8718,126.1407,303.5,1.2,1.1,2014-10-21,1711,Aqua,MODIS,54,6.2,293.3,5.8,N,0
-15.6441,126.0311,307.8,1.2,1.1,2014-10-21,1711,Aqua,MODIS,72,6.2,294.8,7.9,N,0
-15.6427,126.0204,312.3,1.2,1.1,2014-10-21,1711,Aqua,MODIS,84,6.2,295.2,11.9,N,0
-15.7537,133.7064,305.3,4.1,1.9,2014-10-21,1711,Aqua,MODIS,52,6.2,293.4,39.1,N,0
-14.5616,127.0075,305.9,1.3,1.1,2014-10-21,1711,Aqua,MODIS,66,6.2,295.2,7.5,N,0
-14.56,126.996,311,1.3,1.1,2014-10-21,1711,Aqua,MODIS,81,6.2,295,12.4,N,0
-14.2961,131.207,313.7,2.5,1.5,2014-10-21,1711,Aqua,MODIS,88,6.2,294.2,40.4,N,0
-14.2934,131.1839,335.3,2.5,1.5,2014-10-21,1711,Aqua,MODIS,100,6.2,294.9,132.3,N,0
-14.2875,131.1916,321.6,2.5,1.5,2014-10-21,1711,Aqua,MODIS,100,6.2,294.7,69.4,N,0
-14.2505,127.2741,312.5,1.3,1.1,2014-10-21,1711,Aqua,MODIS,84,6.2,293.9,14.9,N,0
-14.2552,127.3102,307.9,1.3,1.1,2014-10-21,1711,Aqua,MODIS,51,6.2,293.6,11.2,N,0
-14.6227,126.853,306.3,1.2,1.1,2014-10-21,1711,Aqua,MODIS,67,6.2,295.5,7.2,N,0
-14.6461,126.8779,307.8,1.2,1.1,2014-10-21,1711,Aqua,MODIS,70,6.2,296.2,8.4,N,0
-17.5931,125.2296,310.5,1.1,1,2014-10-21,1712,Aqua,MODIS,29,6.2,299.3,6.5,N,0
-17.9219,126.1652,385.5,1.2,1.1,2014-10-21,1712,Aqua,MODIS,100,6.2,303.2,239.2,N,0
-17.9319,126.1638,370,1.2,1.1,2014-10-21,1712,Aqua,MODIS,100,6.2,303.3,155.6,N,0
-17.9235,126.1768,341,1.2,1.1,2014-10-21,1712,Aqua,MODIS,100,6.2,299,58.5,N,0
-17.8799,126.0768,341.7,1.2,1.1,2014-10-21,1712,Aqua,MODIS,100,6.2,301.9,55.5,N,0
-17.8784,126.0652,431.2,1.2,1.1,2014-10-21,1712,Aqua,MODIS,100,6.2,314.7,661.9,N,0
-17.8769,126.0538,376.6,1.2,1.1,2014-10-21,1712,Aqua,MODIS,100,6.2,304.8,180.9,N,0
-17.8745,126.1128,321.7,1.2,1.1,2014-10-21,1712,Aqua,MODIS,100,6.2,299.1,21.6,N,0
-17.873,126.1012,432.2,1.2,1.1,2014-10-21,1712,Aqua,MODIS,100,6.2,317.8,680.7,N,0
-16.9307,124.6968,308.1,1,1,2014-10-21,1712,Aqua,MODIS,70,6.2,297.7,5.9,N,0
-17.8715,126.0897,350.2,1.2,1.1,2014-10-21,1712,Aqua,MODIS,100,6.2,301.3,78.3,N,0
-17.9043,126.1087,306.9,1.2,1.1,2014-10-21,1712,Aqua,MODIS,38,6.2,296.7,5.9,N,0
-17.9143,126.1073,346.6,1.2,1.1,2014-10-21,1712,Aqua,MODIS,100,6.2,300.4,71.5,N,0
-17.87,126.0782,352.5,1.2,1.1,2014-10-21,1712,Aqua,MODIS,100,6.2,303,84.1,N,0
-17.8685,126.0666,410.8,1.2,1.1,2014-10-21,1712,Aqua,MODIS,100,6.2,317.1,429.1,N,0
-17.867,126.0552,349.2,1.2,1.1,2014-10-21,1712,Aqua,MODIS,100,6.2,307.6,74.6,N,0
-17.8631,126.1026,360.3,1.2,1.1,2014-10-21,1712,Aqua,MODIS,100,6.2,304.1,112.6,N,0
-17.8616,126.0911,336.3,1.2,1.1,2014-10-21,1712,Aqua,MODIS,100,6.2,300.6,45.5,N,0
-17.8586,126.068,313.4,1.2,1.1,2014-10-21,1712,Aqua,MODIS,85,6.2,299.1,11.1,N,0
-17.8705,126.3106,309.4,1.3,1.1,2014-10-21,1712,Aqua,MODIS,74,6.2,297.3,9.1,N,0
-17.9134,126.334,318.7,1.3,1.1,2014-10-21,1712,Aqua,MODIS,97,6.2,298.7,20.4,N,0
-17.9158,126.1189,318.3,1.2,1.1,2014-10-21,1712,Aqua,MODIS,96,6.2,297.7,18.5,N,0
-17.9304,126.1522,358.5,1.2,1.1,2014-10-21,1712,Aqua,MODIS,100,6.2,301.7,108.8,N,0
-17.7336,126.0514,315.6,1.2,1.1,2014-10-21,1712,Aqua,MODIS,91,6.2,300,13.4,N,0
-17.8549,126.1929,311.6,1.2,1.1,2014-10-21,1712,Aqua,MODIS,80,6.2,299.5,10.5,N,0
-17.6322,125.5907,313.9,1.1,1.1,2014-10-21,1712,Aqua,MODIS,81,6.2,299.7,10,N,0
-17.6404,125.5784,314.4,1.1,1.1,2014-10-21,1712,Aqua,MODIS,87,6.2,299.6,10.5,N,0
-17.8551,126.1979,308.7,1.2,1.1,2014-10-21,1712,Aqua,MODIS,55,6.2,298.6,7.4,N,0
-17.8651,126.1968,323.8,1.2,1.1,2014-10-21,1712,Aqua,MODIS,100,6.2,300.1,24.8,N,0
-17.6485,125.5663,330.4,1.1,1.1,2014-10-21,1712,Aqua,MODIS,100,6.2,300,31,N,0
-17.7321,126.04,310.8,1.2,1.1,2014-10-21,1712,Aqua,MODIS,78,6.2,299.8,8.4,N,0
-17.7794,126.0047,316.2,1.2,1.1,2014-10-21,1712,Aqua,MODIS,83,6.2,298.7,14.4,N,0
-17.9042,126.2631,328.1,1.3,1.1,2014-10-21,1712,Aqua,MODIS,100,6.2,300.8,33,N,0
-17.9058,126.2749,348.9,1.3,1.1,2014-10-21,1712,Aqua,MODIS,100,6.2,303.9,80,N,0
-17.65,125.577,363.4,1.1,1.1,2014-10-21,1712,Aqua,MODIS,100,6.2,303.5,112.2,N,0
-17.6514,125.588,311,1.1,1.1,2014-10-21,1712,Aqua,MODIS,75,6.2,300.4,7.6,N,0
-16.5275,127.486,331.7,1.4,1.2,2014-10-21,1712,Aqua,MODIS,100,6.2,298.2,49.8,N,0
-17.812,126.0232,347.1,1.2,1.1,2014-10-21,1712,Aqua,MODIS,100,6.2,303.6,67.8,N,0
-17.8135,126.0346,314.9,1.2,1.1,2014-10-21,1712,Aqua,MODIS,79,6.2,300.3,11.4,N,0
-17.9143,126.2618,342.6,1.3,1.1,2014-10-21,1712,Aqua,MODIS,100,6.2,299.8,63,N,0
-17.8204,126.0105,335.9,1.2,1.1,2014-10-21,1712,Aqua,MODIS,100,6.2,301.8,43,N,0
-17.8219,126.0218,340.5,1.2,1.1,2014-10-21,1712,Aqua,MODIS,100,6.2,302.3,51.8,N,0
-17.8234,126.0332,323.1,1.2,1.1,2014-10-21,1712,Aqua,MODIS,100,6.2,300.1,21.5,N,0
-17.8302,126.009,311.6,1.2,1.1,2014-10-21,1712,Aqua,MODIS,49,6.2,299.7,8.9,N,0
-17.83,126.0023,312.2,1.2,1.1,2014-10-21,1712,Aqua,MODIS,61,6.2,299,8.7,N,0
-17.9158,126.2736,358.5,1.3,1.1,2014-10-21,1712,Aqua,MODIS,100,6.2,302,111,N,0
-17.8384,125.9895,317.5,1.2,1.1,2014-10-21,1712,Aqua,MODIS,88,6.2,299.4,13.9,N,0
-17.8398,126.0009,313.7,1.2,1.1,2014-10-21,1712,Aqua,MODIS,42,6.2,300.3,9.4,N,0
-17.864,126.0323,313.8,1.2,1.1,2014-10-21,1712,Aqua,MODIS,72,6.2,300.2,10,N,0
-17.8655,126.0437,321.9,1.2,1.1,2014-10-21,1712,Aqua,MODIS,100,6.2,302.7,19.5,N,0
-17.8694,125.9967,321,1.2,1.1,2014-10-21,1712,Aqua,MODIS,100,6.2,300.1,19,N,0
-17.8709,126.0081,331.1,1.2,1.1,2014-10-21,1712,Aqua,MODIS,100,6.2,301.5,33.9,N,0
-17.8724,126.0195,335.7,1.2,1.1,2014-10-21,1712,Aqua,MODIS,100,6.2,302.5,43.3,N,0
-17.8754,126.0424,312.7,1.2,1.1,2014-10-21,1712,Aqua,MODIS,33,6.2,300,8.9,N,0
-17.6039,125.2386,322.3,1.1,1,2014-10-21,1712,Aqua,MODIS,100,6.2,300.3,18.2,N,0
-17.6648,125.5421,315.9,1.1,1.1,2014-10-21,1712,Aqua,MODIS,91,6.2,299.9,12.5,N,0
-17.7287,125.5496,314.6,1.1,1.1,2014-10-21,1712,Aqua,MODIS,88,6.2,298.2,11.7,N,0
-17.6999,125.5537,310.5,1.1,1.1,2014-10-21,1712,Aqua,MODIS,25,6.2,298.9,7,N,0
-17.6793,125.5456,317.4,1.1,1.1,2014-10-21,1712,Aqua,MODIS,94,6.2,300,14.8,N,0
-17.7302,125.5604,343.9,1.1,1.1,2014-10-21,1712,Aqua,MODIS,100,6.2,301.1,57.4,N,0
-17.6758,125.5514,315,1.1,1.1,2014-10-21,1712,Aqua,MODIS,89,6.2,300.1,11,N,0
-17.6744,125.5407,316.4,1.1,1.1,2014-10-21,1712,Aqua,MODIS,92,6.2,299.9,12.9,N,0
-17.7317,125.5712,316.2,1.1,1.1,2014-10-21,1712,Aqua,MODIS,92,6.2,299.7,13.2,N,0
-19.7817,123.4048,310.3,1,1,2014-10-21,1713,Aqua,MODIS,47,6.2,298.3,7.8,N,0
-19.7984,123.3923,308.5,1,1,2014-10-21,1713,Aqua,MODIS,27,6.2,297.7,5.3,N,0
-22.1586,121.8515,304.6,1,1,2014-10-21,1713,Aqua,MODIS,50,6.2,294.2,4.7,N,0
-19.7998,123.4019,313.7,1,1,2014-10-21,1713,Aqua,MODIS,67,6.2,297.8,9,N,0
-19.791,123.2757,314.3,1,1,2014-10-21,1713,Aqua,MODIS,83,6.2,293,11.3,N,0
-19.8181,123.2714,315,1,1,2014-10-21,1713,Aqua,MODIS,40,6.2,297,10.5,N,0
-22.1928,121.8953,305.5,1,1,2014-10-21,1713,Aqua,MODIS,63,6.2,295.4,5,N,0
-22.1942,121.905,313.1,1,1,2014-10-21,1713,Aqua,MODIS,86,6.2,296.2,10.3,N,0
-19.8257,123.2604,338.3,1,1,2014-10-21,1713,Aqua,MODIS,100,6.2,298,39.6,N,0
-19.8271,123.27,333.7,1,1,2014-10-21,1713,Aqua,MODIS,100,6.2,298.5,31.8,N,0
-19.8348,123.259,318.5,1,1,2014-10-21,1713,Aqua,MODIS,87,6.2,296,14.8,N,0
-19.8362,123.2686,350.4,1,1,2014-10-21,1713,Aqua,MODIS,100,6.2,299.6,61.1,N,0
-19.8403,123.2973,311.5,1,1,2014-10-21,1713,Aqua,MODIS,28,6.2,295.4,8.2,N,0
-19.7373,123.4176,318.3,1,1,2014-10-21,1713,Aqua,MODIS,97,6.2,297.6,14.8,N,0
-19.7464,123.4162,317,1,1,2014-10-21,1713,Aqua,MODIS,94,6.2,297.6,13.1,N,0
-19.7478,123.4258,314.4,1,1,2014-10-21,1713,Aqua,MODIS,89,6.2,297,10.5,N,0
-19.7491,123.4354,323.6,1,1,2014-10-21,1713,Aqua,MODIS,100,6.2,298.2,19.4,N,0
-19.7505,123.4451,331.7,1,1,2014-10-21,1713,Aqua,MODIS,100,6.2,299.2,29.6,N,0
-19.8311,123.4266,316.1,1,1,2014-10-21,1713,Aqua,MODIS,81,6.2,297.9,11.3,N,0
-19.8325,123.4362,310.1,1,1,2014-10-21,1713,Aqua,MODIS,43,6.2,296.3,7,N,0
-19.8415,123.4348,308.1,1,1,2014-10-21,1713,Aqua,MODIS,49,6.2,297.7,5.8,N,0
-19.8433,123.2609,322.5,1,1,2014-10-21,1713,Aqua,MODIS,100,6.2,295.5,19.1,N,0
-19.852,123.443,313.9,1,1,2014-10-21,1713,Aqua,MODIS,88,6.2,298.2,9.9,N,0
-19.8624,123.4513,310.2,1,1,2014-10-21,1713,Aqua,MODIS,25,6.2,298,6.9,N,0
-19.8447,123.2705,318.8,1,1,2014-10-21,1713,Aqua,MODIS,78,6.2,296.6,14.9,N,0
-19.8537,123.2691,307.6,1,1,2014-10-21,1713,Aqua,MODIS,18,6.2,295.2,6.5,N,0
-19.8701,123.3844,317.5,1,1,2014-10-21,1713,Aqua,MODIS,95,6.2,297.6,13.3,N,0
-19.8715,123.394,321.8,1,1,2014-10-21,1713,Aqua,MODIS,100,6.2,298.1,17.3,N,0
-22.25,121.7897,324.1,1,1,2014-10-21,1713,Aqua,MODIS,100,6.2,294.5,21.8,N,0
-22.241,121.7913,317.9,1,1,2014-10-21,1713,Aqua,MODIS,96,6.2,294.6,15.7,N,0
-22.1978,121.8053,301.7,1,1,2014-10-21,1713,Aqua,MODIS,44,6.2,291.5,4.8,N,0
-20.032,123.4814,311.1,1,1,2014-10-21,1713,Aqua,MODIS,82,6.2,295.7,8.8,N,0
-20.0111,123.4649,344.9,1,1,2014-10-21,1713,Aqua,MODIS,100,6.2,298.7,51.7,N,0
-20.0125,123.4746,314.6,1,1,2014-10-21,1713,Aqua,MODIS,90,6.2,296.1,11.4,N,0
-20.0202,123.4635,324.3,1,1,2014-10-21,1713,Aqua,MODIS,100,6.2,295.7,20.4,N,0
-20.0216,123.4731,325.8,1,1,2014-10-21,1713,Aqua,MODIS,100,6.2,296.7,22.1,N,0
-20.0307,123.4717,309.4,1,1,2014-10-21,1713,Aqua,MODIS,77,6.2,295,7.5,N,0
-19.7803,123.3952,316.7,1,1,2014-10-21,1713,Aqua,MODIS,88,6.2,298.6,12.7,N,0
-19.7894,123.3937,315.6,1,1,2014-10-21,1713,Aqua,MODIS,92,6.2,298.3,10.8,N,0
-22.8195,122.2789,304.6,1,1,2014-10-21,1713,Aqua,MODIS,58,6.2,290.8,6.3,N,0
-22.6269,122.2835,310.9,1,1,2014-10-21,1713,Aqua,MODIS,55,6.2,297.6,7.5,N,0
-22.6194,122.2947,315.5,1,1,2014-10-21,1713,Aqua,MODIS,91,6.2,298.2,11.3,N,0
-22.6179,122.285,330.3,1,1,2014-10-21,1713,Aqua,MODIS,100,6.2,299.8,26.6,N,0
-22.6165,122.2753,323.4,1,1,2014-10-21,1713,Aqua,MODIS,100,6.2,298.5,18.7,N,0
-22.6103,122.2962,313.5,1,1,2014-10-21,1713,Aqua,MODIS,87,6.2,295.4,10.4,N,0
-22.6089,122.2865,350.9,1,1,2014-10-21,1713,Aqua,MODIS,100,6.2,300,62.4,N,0
-20.0411,123.48,306.1,1,1,2014-10-21,1713,Aqua,MODIS,59,6.2,295.7,5.4,N,0
-22.4581,122.3238,303.7,1,1,2014-10-21,1713,Aqua,MODIS,46,6.2,293,5,N,0
-22.6075,122.2768,337,1,1,2014-10-21,1713,Aqua,MODIS,100,6.2,298.3,36.9,N,0
-20.0881,124.1484,304.7,1.1,1,2014-10-21,1713,Aqua,MODIS,60,6.2,287,9.9,N,0
-22.8015,122.2819,304.7,1,1,2014-10-21,1713,Aqua,MODIS,32,6.2,292.2,5.8,N,0
-22.6061,122.2671,310.4,1,1,2014-10-21,1713,Aqua,MODIS,80,6.2,297.1,7.9,N,0
-22.4499,122.3947,315.1,1,1,2014-10-21,1713,Aqua,MODIS,91,6.2,294.1,13.1,N,0
-22.4485,122.385,309.3,1,1,2014-10-21,1713,Aqua,MODIS,77,6.2,292,8.6,N,0
-22.5749,122.2425,303.1,1,1,2014-10-21,1713,Aqua,MODIS,53,6.2,292.6,4.2,N,0
-22.563,122.2246,314.1,1,1,2014-10-21,1713,Aqua,MODIS,89,6.2,293.5,11.7,N,0
-22.6236,122.3238,321.5,1,1,2014-10-21,1713,Aqua,MODIS,100,6.2,295.9,17.5,N,0
-22.3247,122.0446,302.9,1,1,2014-10-21,1713,Aqua,MODIS,44,6.2,292.4,4.7,N,0
-22.6146,122.3253,318.4,1,1,2014-10-21,1713,Aqua,MODIS,94,6.2,294.6,14.6,N,0
-22.2668,121.9653,342.9,1,1,2014-10-21,1713,Aqua,MODIS,100,6.2,298.2,47.1,N,0
-22.2683,121.9749,319.6,1,1,2014-10-21,1713,Aqua,MODIS,99,6.2,296.8,15.9,N,0
-22.2957,121.9109,307.3,1,1,2014-10-21,1713,Aqua,MODIS,71,6.2,294.6,7,N,0
-22.3125,121.7734,312.9,1,1,2014-10-21,1713,Aqua,MODIS,86,6.2,293.6,11.3,N,0
-22.5645,122.2343,316.3,1,1,2014-10-21,1713,Aqua,MODIS,93,6.2,294.1,13.2,N,0
-22.8181,122.2692,305.6,1,1,2014-10-21,1713,Aqua,MODIS,65,6.2,290.4,7,N,0
-21.5583,117.927,309.1,1.5,1.2,2014-10-21,1713,Aqua,MODIS,76,6.2,297.8,11.1,N,0
-21.5796,117.9228,327.5,1.5,1.2,2014-10-21,1713,Aqua,MODIS,100,6.2,296.8,40.1,N,0
-21.5815,117.9154,317,1.5,1.2,2014-10-21,1713,Aqua,MODIS,94,6.2,295.8,22,N,0
-21.584,117.9295,325.1,1.5,1.2,2014-10-21,1713,Aqua,MODIS,100,6.2,296.4,36.1,N,0
-21.2023,118.3845,312.3,1.4,1.2,2014-10-21,1713,Aqua,MODIS,84,6.2,296.6,16,N,0
-21.2105,118.3693,315.8,1.4,1.2,2014-10-21,1713,Aqua,MODIS,92,6.2,296.5,19.8,N,0
-21.2127,118.3825,327.9,1.4,1.2,2014-10-21,1713,Aqua,MODIS,100,6.2,296.3,40.2,N,0
-21.2209,118.3673,312.9,1.4,1.2,2014-10-21,1713,Aqua,MODIS,86,6.2,295.7,16.2,N,0
-21.4596,118.0229,322.7,1.4,1.2,2014-10-21,1713,Aqua,MODIS,100,6.2,298.4,29.8,N,0
-21.4726,118.0347,318.1,1.4,1.2,2014-10-21,1713,Aqua,MODIS,96,6.2,298.6,23,N,0
-21.6887,117.9316,306.8,1.4,1.2,2014-10-21,1713,Aqua,MODIS,68,6.2,296.6,8.5,N,0
-21.6993,117.9295,318,1.4,1.2,2014-10-21,1713,Aqua,MODIS,96,6.2,297.8,23.1,N,0
-21.7017,117.9432,325.1,1.4,1.2,2014-10-21,1713,Aqua,MODIS,100,6.2,297.6,35.5,N,0
-21.4572,118.0091,343.4,1.4,1.2,2014-10-21,1713,Aqua,MODIS,100,6.2,299.4,79.5,N,0
-21.4679,118.0072,314.2,1.4,1.2,2014-10-21,1713,Aqua,MODIS,89,6.2,297.9,16.4,N,0
-21.4822,117.9619,315.2,1.5,1.2,2014-10-21,1713,Aqua,MODIS,91,6.2,297.3,17.4,N,0
-21.4885,117.9694,317.4,1.4,1.2,2014-10-21,1713,Aqua,MODIS,95,6.2,297.5,20.9,N,0
-21.4991,117.9671,307.8,1.4,1.2,2014-10-21,1713,Aqua,MODIS,50,6.2,297.2,8.9,N,0
-21.5098,117.965,311.2,1.4,1.2,2014-10-21,1713,Aqua,MODIS,82,6.2,297.6,13,N,0
-21.4279,123.1524,305.6,1,1,2014-10-21,1713,Aqua,MODIS,62,6.2,289.1,5.3,N,0
-21.4907,120.9082,314,1,1,2014-10-21,1713,Aqua,MODIS,88,6.2,299,10.9,N,0
-21.5152,121.0677,321.8,1,1,2014-10-21,1713,Aqua,MODIS,100,6.2,296.8,18.5,N,0
-21.547,121.0453,341.6,1,1,2014-10-21,1713,Aqua,MODIS,100,6.2,296.1,47.2,N,0
-21.5668,121.0521,307.6,1,1,2014-10-21,1713,Aqua,MODIS,21,6.2,293.6,6.1,N,0
-21.4891,120.8982,313.6,1,1,2014-10-21,1713,Aqua,MODIS,87,6.2,298.8,10.5,N,0
-21.4846,120.9297,310.2,1,1,2014-10-21,1713,Aqua,MODIS,79,6.2,298.7,7.4,N,0
-21.5137,121.0577,373.5,1,1,2014-10-21,1713,Aqua,MODIS,100,6.2,303.2,133.5,N,0
-20.97,120.066,314.5,1.1,1.1,2014-10-21,1713,Aqua,MODIS,89,6.2,294.3,14.2,N,0
-21.5031,121.0494,317.4,1,1,2014-10-21,1713,Aqua,MODIS,95,6.2,296.3,14.4,N,0
-20.9663,119.921,381.7,1.1,1.1,2014-10-21,1713,Aqua,MODIS,100,6.2,303.2,193.1,N,0
-20.9681,119.9319,378.1,1.1,1.1,2014-10-21,1713,Aqua,MODIS,100,6.2,302.9,174.4,N,0
-21.483,120.9198,326.8,1,1,2014-10-21,1713,Aqua,MODIS,100,6.2,299.6,23.5,N,0
-20.9393,119.9371,347.7,1.1,1.1,2014-10-21,1713,Aqua,MODIS,100,6.2,301.4,66.7,N,0
-21.4815,120.9098,310.7,1,1,2014-10-21,1713,Aqua,MODIS,81,6.2,298.4,8,N,0
-21.4754,120.9313,324.5,1,1,2014-10-21,1713,Aqua,MODIS,100,6.2,299.4,21.3,N,0
-21.4678,120.9429,317.5,1,1,2014-10-21,1713,Aqua,MODIS,95,6.2,297.5,13.9,N,0
-21.4662,120.9329,323.6,1,1,2014-10-21,1713,Aqua,MODIS,100,6.2,298,19.9,N,0
-20.7413,122.2858,313.5,1,1,2014-10-21,1713,Aqua,MODIS,87,6.2,295.3,10,N,0
-20.7262,122.3079,308.4,1,1,2014-10-21,1713,Aqua,MODIS,74,6.2,294.9,7.1,N,0
-20.9471,119.9244,312.9,1.1,1.1,2014-10-21,1713,Aqua,MODIS,86,6.2,298.6,10.8,N,0
-20.9489,119.9354,363.7,1.1,1.1,2014-10-21,1713,Aqua,MODIS,100,6.2,304.1,114.2,N,0
-20.9411,119.948,329.9,1.1,1.1,2014-10-21,1713,Aqua,MODIS,100,6.2,300.4,31.9,N,0
-20.9567,119.9227,370.7,1.1,1.1,2014-10-21,1713,Aqua,MODIS,100,6.2,302.5,141.7,N,0
-21.6757,120.7911,307.3,1,1,2014-10-21,1713,Aqua,MODIS,71,6.2,295.5,6.7,N,0
-21.4956,120.7766,305,1.1,1,2014-10-21,1713,Aqua,MODIS,45,6.2,293,5.7,N,0
-20.9585,119.9337,376.5,1.1,1.1,2014-10-21,1713,Aqua,MODIS,100,6.2,304.9,166.8,N,0
-20.9429,119.959,308.2,1.1,1.1,2014-10-21,1713,Aqua,MODIS,68,6.2,297.6,6.7,N,0
-20.9507,119.9463,324.6,1.1,1.1,2014-10-21,1713,Aqua,MODIS,100,6.2,300.4,23.8,N,0
-20.9604,120.0677,314.1,1.1,1.1,2014-10-21,1713,Aqua,MODIS,89,6.2,294.9,13.6,N,0
-20.9759,119.9193,318,1.1,1.1,2014-10-21,1713,Aqua,MODIS,96,6.2,297.5,16,N,0
-20.9587,120.0569,330.3,1.1,1.1,2014-10-21,1713,Aqua,MODIS,100,6.2,295,33,N,0
-20.9776,119.9302,306.6,1.1,1.1,2014-10-21,1713,Aqua,MODIS,28,6.2,296.2,5.5,N,0
-21.5122,121.0478,327.2,1,1,2014-10-21,1713,Aqua,MODIS,100,6.2,295.3,25.4,N,0
-21.5061,121.0693,345.8,1,1,2014-10-21,1713,Aqua,MODIS,100,6.2,300.1,54.4,N,0
-20.9855,119.9175,313.2,1.1,1.1,2014-10-21,1713,Aqua,MODIS,87,6.2,294.7,11.5,N,0
-21.7026,120.8003,314.3,1,1,2014-10-21,1713,Aqua,MODIS,89,6.2,295.8,12.2,N,0
-21.5046,121.0593,402.8,1,1,2014-10-21,1713,Aqua,MODIS,100,6.2,307.5,282.4,N,0
-21.4292,123.1621,311.6,1,1,2014-10-21,1713,Aqua,MODIS,83,6.2,292.2,10.2,N,0
-22.8196,117.5968,303.5,1.5,1.2,2014-10-21,1714,Aqua,MODIS,55,6.2,291.9,9.7,N,0
-26.5559,126.2952,302.9,1.6,1.3,2014-10-21,1714,Aqua,MODIS,36,6.2,292.6,9.6,N,0
-22.8459,117.6205,318.5,1.4,1.2,2014-10-21,1714,Aqua,MODIS,97,6.2,291,27.2,N,0
-22.8354,117.6237,329,1.4,1.2,2014-10-21,1714,Aqua,MODIS,100,6.2,294,46.3,N,0
-22.8327,117.6086,315.8,1.4,1.2,2014-10-21,1714,Aqua,MODIS,92,6.2,292.7,23.1,N,0
-23.5121,123.0219,323.4,1,1,2014-10-21,1714,Aqua,MODIS,100,6.2,294.8,22,N,0
-23.3792,123.1177,378.6,1,1,2014-10-21,1714,Aqua,MODIS,100,6.2,308.5,154.1,N,0
-23.3778,123.1076,355.4,1,1,2014-10-21,1714,Aqua,MODIS,100,6.2,301.2,77.1,N,0
-23.3976,123.1148,350,1,1,2014-10-21,1714,Aqua,MODIS,100,6.2,298.8,64,N,0
-23.5135,123.032,303.6,1,1,2014-10-21,1714,Aqua,MODIS,33,6.2,293.1,5.1,N,0
-23.3898,123.1264,346,1,1,2014-10-21,1714,Aqua,MODIS,100,6.2,301.9,55.8,N,0
-23.4405,123.1644,304.9,1,1,2014-10-21,1714,Aqua,MODIS,53,6.2,294.4,5.6,N,0
-23.4391,123.1543,328.2,1,1,2014-10-21,1714,Aqua,MODIS,100,6.2,296.4,27.4,N,0
-23.4074,123.1282,328.1,1,1,2014-10-21,1714,Aqua,MODIS,100,6.2,297.4,27.1,N,0
-23.4004,123.1351,321.7,1,1,2014-10-21,1714,Aqua,MODIS,100,6.2,296.7,18.6,N,0
-23.5212,123.0204,304.2,1,1,2014-10-21,1714,Aqua,MODIS,59,6.2,292.6,5.6,N,0
-23.3884,123.1162,421.2,1,1,2014-10-21,1714,Aqua,MODIS,100,6.2,314.3,426.4,N,0
-23.399,123.1249,343.5,1,1,2014-10-21,1714,Aqua,MODIS,100,6.2,300.2,49.7,N,0
-26.5906,126.1916,302.1,1.6,1.2,2014-10-21,1714,Aqua,MODIS,40,6.2,291.2,8.8,N,0
-24.7836,121.2488,301.5,1,1,2014-10-21,1714,Aqua,MODIS,42,6.2,289.7,5.6,N,0
-26.5888,126.1755,324.4,1.6,1.2,2014-10-21,1714,Aqua,MODIS,100,6.2,293.6,43.8,N,0
-23.4681,123.8366,303,1.1,1,2014-10-21,1714,Aqua,MODIS,52,6.2,291.5,6.3,N,0
-23.387,123.1061,347.3,1,1,2014-10-21,1714,Aqua,MODIS,100,6.2,297.7,57.9,N,0
-26.587,126.1594,338.3,1.6,1.2,2014-10-21,1714,Aqua,MODIS,100,6.2,294.1,80.3,N,0
-23.3807,123.1278,317.6,1,1,2014-10-21,1714,Aqua,MODIS,92,6.2,298.8,14.4,N,0
-30.8667,121.5013,305.7,1,1,2014-10-21,1716,Aqua,MODIS,65,6.2,286.6,9.4,N,2
-30.8652,121.4903,300.5,1,1,2014-10-21,1716,Aqua,MODIS,30,6.2,286.8,6.2,N,2
-30.2912,151.5317,316,3.4,1.7,2014-10-21,2324,Terra,MODIS,69,6.2,297.1,62.7,D,0
-30.2853,151.5264,316,3.4,1.7,2014-10-21,2324,Terra,MODIS,69,6.2,296.1,63.5,D,0
-29.9904,152.9022,311.1,2.8,1.6,2014-10-21,2324,Terra,MODIS,45,6.2,292.3,34.9,D,0
-35.3137,149.3418,318,3.4,1.7,2014-10-21,2325,Terra,MODIS,78,6.2,287.6,92.5,D,0
-35.3048,149.3046,347.8,3.4,1.7,2014-10-21,2325,Terra,MODIS,95,6.2,289.8,344,D,0
-35.298,149.3017,340.2,3.4,1.7,2014-10-21,2325,Terra,MODIS,92,6.2,289.6,259.9,D,0
-35.3071,149.3386,325.9,3.4,1.7,2014-10-21,2325,Terra,MODIS,84,6.2,287.7,140.1,D,0
-13.5636,141.5877,330.8,1,1,2014-10-22,0057,Terra,MODIS,67,6.2,308.1,14.6,D,0
-12.3339,136.4858,341,1.6,1.3,2014-10-22,0057,Terra,MODIS,87,6.2,303,63.6,D,0
-13.5393,141.6102,334.2,1,1,2014-10-22,0057,Terra,MODIS,70,6.2,313,11.5,D,0
-13.5573,141.6075,337.1,1,1,2014-10-22,0057,Terra,MODIS,64,6.2,310.4,19.1,D,0
-13.5559,141.5983,339.3,1,1,2014-10-22,0057,Terra,MODIS,81,6.2,310.3,24.5,D,0
-12.3358,136.4922,345.3,1.6,1.3,2014-10-22,0057,Terra,MODIS,91,6.2,306.3,78.2,D,0
-13.2883,142.0996,328,1,1,2014-10-22,0057,Terra,MODIS,52,6.2,307.8,8.7,D,0
-13.2947,142.0795,348.6,1,1,2014-10-22,0057,Terra,MODIS,93,6.2,312.6,42.2,D,0
-13.296,142.0889,348.5,1,1,2014-10-22,0057,Terra,MODIS,93,6.2,310.5,42.4,D,0
-13.3023,142.0724,338.3,1,1,2014-10-22,0057,Terra,MODIS,85,6.2,311.7,25,D,0
-13.3036,142.0818,341.5,1,1,2014-10-22,0057,Terra,MODIS,88,6.2,309.8,30.3,D,0
-12.3196,136.4642,340.7,1.7,1.3,2014-10-22,0057,Terra,MODIS,85,6.2,304.6,65.5,D,0
-12.3108,136.481,332.4,1.6,1.3,2014-10-22,0057,Terra,MODIS,59,6.2,309.6,34.2,D,0
-13.5496,141.6181,342.2,1,1,2014-10-22,0057,Terra,MODIS,87,6.2,310.7,25.9,D,0
-11.0219,142.4618,337.8,1,1,2014-10-22,0057,Terra,MODIS,88,6.2,299.2,29.6,D,0
-12.4483,136.6189,335.9,1.6,1.2,2014-10-22,0057,Terra,MODIS,83,6.2,308.8,44.1,D,0
-12.4395,136.6354,339.5,1.6,1.2,2014-10-22,0057,Terra,MODIS,86,6.2,309.1,53.9,D,0
-13.5509,141.6273,336.1,1,1,2014-10-22,0057,Terra,MODIS,80,6.2,311.3,15.5,D,0
-12.4478,136.6131,333.6,1.6,1.2,2014-10-22,0057,Terra,MODIS,79,6.2,308.7,37.7,D,0
-11.04,142.4592,326.5,1,1,2014-10-22,0057,Terra,MODIS,36,6.2,296.9,12.3,D,0
-11.031,142.4605,332.6,1,1,2014-10-22,0057,Terra,MODIS,70,6.2,298.1,20.1,D,0
-13.5937,141.6682,341.6,1,1,2014-10-22,0057,Terra,MODIS,79,6.2,310.7,27.7,D,0
-12.7476,136.1217,324.6,1.7,1.3,2014-10-22,0057,Terra,MODIS,29,6.2,308.2,16.2,D,0
-12.745,136.106,349.2,1.7,1.3,2014-10-22,0057,Terra,MODIS,93,6.2,311,101.2,D,0
-12.7414,136.1007,337.2,1.7,1.3,2014-10-22,0057,Terra,MODIS,80,6.2,309.3,51.7,D,0
-12.0585,141.8694,327.7,1,1,2014-10-22,0057,Terra,MODIS,75,6.2,306.3,11.6,D,0
-12.7441,136.1164,335.4,1.7,1.3,2014-10-22,0057,Terra,MODIS,81,6.2,308.7,47,D,0
-12.7592,136.0652,329.5,1.7,1.3,2014-10-22,0057,Terra,MODIS,68,6.2,311.5,21.7,D,0
-12.7565,136.0494,333.2,1.7,1.3,2014-10-22,0057,Terra,MODIS,78,6.2,309.6,33,D,0
-12.0897,141.8304,330.5,1,1,2014-10-22,0057,Terra,MODIS,50,6.2,305.9,13.5,D,0
-12.2096,141.7693,340,1,1,2014-10-22,0057,Terra,MODIS,76,6.2,304.3,28,D,0
-12.3593,136.847,320.5,1.6,1.2,2014-10-22,0057,Terra,MODIS,54,6.2,305.6,11,D,0
-13.511,141.668,338.9,1,1,2014-10-22,0057,Terra,MODIS,83,6.2,308.4,21.9,D,0
-13.3278,142.3738,339.3,1,1,2014-10-22,0057,Terra,MODIS,64,6.2,310.8,26.8,D,0
-12.7538,136.0336,326.9,1.7,1.3,2014-10-22,0057,Terra,MODIS,43,6.2,308.4,14.1,D,0
-13.4501,141.6298,340.7,1,1,2014-10-22,0057,Terra,MODIS,76,6.2,313.4,23.6,D,0
-12.4283,136.6371,335.4,1.6,1.2,2014-10-22,0057,Terra,MODIS,74,6.2,310,38,D,0
-13.4578,141.6192,339.6,1,1,2014-10-22,0057,Terra,MODIS,60,6.2,312.8,23.4,D,0
-12.5172,142.8214,324.7,1.1,1,2014-10-22,0057,Terra,MODIS,38,6.2,298.4,14.5,D,0
-10.9436,142.3662,320.4,1,1,2014-10-22,0057,Terra,MODIS,45,6.2,298.2,8.5,D,0
-10.945,142.3754,333.3,1,1,2014-10-22,0057,Terra,MODIS,85,6.2,295.7,24,D,0
-12.3803,136.6964,332.3,1.6,1.2,2014-10-22,0057,Terra,MODIS,85,6.2,309.7,30.9,D,0
-12.3389,136.5157,392.3,1.6,1.3,2014-10-22,0057,Terra,MODIS,100,6.2,315.7,401.1,D,0
-12.3364,136.5007,352,1.6,1.3,2014-10-22,0057,Terra,MODIS,95,6.2,308.8,105.4,D,0
-12.3798,136.6898,334.5,1.6,1.2,2014-10-22,0057,Terra,MODIS,81,6.2,311.2,38.6,D,0
-12.3431,136.5373,338,1.6,1.3,2014-10-22,0057,Terra,MODIS,85,6.2,308.7,51.9,D,0
-12.3407,136.5222,401,1.6,1.3,2014-10-22,0057,Terra,MODIS,100,6.2,315.3,501.3,D,0
-12.5378,142.4509,333.1,1,1,2014-10-22,0057,Terra,MODIS,76,6.2,304.1,20.9,D,0
-12.3383,136.5072,383.4,1.6,1.3,2014-10-22,0057,Terra,MODIS,100,6.2,311.4,313.4,D,0
-13.5325,141.564,345.5,1,1,2014-10-22,0057,Terra,MODIS,76,6.2,308.6,34.8,D,0
-12.406,136.6409,330.1,1.6,1.2,2014-10-22,0057,Terra,MODIS,73,6.2,310.6,25,D,0
-12.4172,136.639,330.4,1.6,1.2,2014-10-22,0057,Terra,MODIS,43,6.2,310.3,23.9,D,0
-13.4046,141.6331,332,1,1,2014-10-22,0057,Terra,MODIS,39,6.2,314.7,12.9,D,0
-12.3254,142.8317,330.6,1.1,1,2014-10-22,0057,Terra,MODIS,67,6.2,300.4,20.8,D,0
-12.378,136.682,327.8,1.6,1.2,2014-10-22,0057,Terra,MODIS,79,6.2,311.1,19.1,D,0
-13.027,143.1811,325,1.1,1,2014-10-22,0057,Terra,MODIS,30,6.2,300,17.4,D,0
-13.0364,143.1798,323.9,1.1,1,2014-10-22,0057,Terra,MODIS,29,6.2,298.9,15.3,D,0
-12.3415,136.5307,359,1.6,1.3,2014-10-22,0057,Terra,MODIS,99,6.2,311.5,141.3,D,0
-12.6517,142.1505,334.8,1,1,2014-10-22,0057,Terra,MODIS,82,6.2,302.6,18.9,D,0
-12.7817,142.2912,332.6,1,1,2014-10-22,0057,Terra,MODIS,55,6.2,306.3,18.9,D,0
-12.653,142.1599,326.1,1,1,2014-10-22,0057,Terra,MODIS,26,6.2,306.9,8.1,D,0
-12.6426,142.1518,344.9,1,1,2014-10-22,0057,Terra,MODIS,91,6.2,307.1,36.5,D,0
-12.6562,136.0726,330,1.7,1.3,2014-10-22,0057,Terra,MODIS,32,6.2,308.2,26.2,D,0
-12.6413,142.1425,365.3,1,1,2014-10-22,0057,Terra,MODIS,100,6.2,307.9,88.2,D,0
-12.5301,142.4616,327.8,1,1,2014-10-22,0057,Terra,MODIS,61,6.2,305.9,14.1,D,0
-12.5244,142.4786,335.3,1,1,2014-10-22,0057,Terra,MODIS,69,6.2,304.4,25.8,D,0
-12.9349,142.3297,330.9,1,1,2014-10-22,0057,Terra,MODIS,53,6.2,309.2,12.9,D,0
-12.4459,136.6042,326.2,1.6,1.2,2014-10-22,0057,Terra,MODIS,65,6.2,307.6,20.2,D,0
-12.6651,136.0547,338.1,1.7,1.3,2014-10-22,0057,Terra,MODIS,84,6.2,307.5,54.2,D,0
-12.6503,142.1412,343.3,1,1,2014-10-22,0057,Terra,MODIS,89,6.2,304.9,33.9,D,0
-12.6257,136.0843,334,1.7,1.3,2014-10-22,0057,Terra,MODIS,70,6.2,310,36.1,D,0
-12.633,136.0764,328.7,1.7,1.3,2014-10-22,0057,Terra,MODIS,45,6.2,309,21.6,D,0
-12.6291,142.0589,328,1,1,2014-10-22,0057,Terra,MODIS,62,6.2,306,11.2,D,0
-12.84,142.2443,332.8,1,1,2014-10-22,0057,Terra,MODIS,37,6.2,311.6,13.2,D,0
-12.7922,142.2992,337.1,1,1,2014-10-22,0057,Terra,MODIS,76,6.2,307.5,24.2,D,0
-12.5793,136.0924,334.1,1.7,1.3,2014-10-22,0057,Terra,MODIS,67,6.2,307.7,38.7,D,0
-12.2808,142.8342,323.3,1.1,1,2014-10-22,0057,Terra,MODIS,43,6.2,299.7,12.2,D,0
-12.6624,136.0387,328.7,1.8,1.3,2014-10-22,0057,Terra,MODIS,45,6.2,306,24.5,D,0
-12.7634,142.2231,325.4,1,1,2014-10-22,0057,Terra,MODIS,64,6.2,303.3,10.1,D,0
-12.5651,136.0784,334.9,1.7,1.3,2014-10-22,0057,Terra,MODIS,69,6.2,308.9,42.3,D,0
-12.6489,136.0806,329.6,1.7,1.3,2014-10-22,0057,Terra,MODIS,55,6.2,307.6,23.9,D,0
-14.5402,135.3402,334.9,1.8,1.3,2014-10-22,0058,Terra,MODIS,78,6.2,311.2,42,D,0
-12.4414,131.82,320.5,3.7,1.8,2014-10-22,0058,Terra,MODIS,45,6.2,297.3,59,D,0
-15.1763,142.9267,347.2,1.1,1.1,2014-10-22,0058,Terra,MODIS,91,6.2,314.6,46.5,D,0
-14.0076,142.5109,336.6,1.1,1,2014-10-22,0058,Terra,MODIS,83,6.2,309.9,25.5,D,0
-15.1451,142.8739,332.4,1.1,1.1,2014-10-22,0058,Terra,MODIS,52,6.2,311.8,14.3,D,0
-15.1138,142.5395,332.6,1.1,1,2014-10-22,0058,Terra,MODIS,74,6.2,310.7,16.8,D,0
-14.0127,142.4803,338.3,1.1,1,2014-10-22,0058,Terra,MODIS,85,6.2,306.1,28.2,D,0
-15.1008,142.5579,333.2,1.1,1,2014-10-22,0058,Terra,MODIS,75,6.2,310.5,16.3,D,0
-13.9458,142.4566,347.5,1.1,1,2014-10-22,0058,Terra,MODIS,83,6.2,307.3,45,D,0
-15.346,143.0684,336.9,1.1,1.1,2014-10-22,0058,Terra,MODIS,66,6.2,311.6,22.7,D,0
-15.0863,142.5907,336.8,1.1,1,2014-10-22,0058,Terra,MODIS,81,6.2,311.2,24,D,0
-13.9684,142.483,344.8,1.1,1,2014-10-22,0058,Terra,MODIS,90,6.2,305.2,35.9,D,0
-16.4506,142.4254,344.5,1.1,1,2014-10-22,0058,Terra,MODIS,88,6.2,316.2,34.1,D,0
-16.5611,142.7009,337,1.1,1.1,2014-10-22,0058,Terra,MODIS,71,6.2,316.2,20.7,D,0
-15.3157,143.0618,333.2,1.1,1.1,2014-10-22,0058,Terra,MODIS,45,6.2,312.2,14.8,D,0
-14.0732,142.4419,327.1,1.1,1,2014-10-22,0058,Terra,MODIS,58,6.2,306.7,13.7,D,0
-15.1858,142.9253,338.7,1.1,1.1,2014-10-22,0058,Terra,MODIS,75,6.2,311.2,28.2,D,0
-15.1204,142.5181,334.8,1.1,1,2014-10-22,0058,Terra,MODIS,77,6.2,310.2,19.9,D,0
-14.3442,142.4739,334.5,1.1,1,2014-10-22,0058,Terra,MODIS,79,6.2,310.1,19.1,D,0
-15.0385,142.6594,347.4,1.1,1,2014-10-22,0058,Terra,MODIS,91,6.2,312.6,44.5,D,0
-15.1546,142.8725,333.5,1.1,1.1,2014-10-22,0058,Terra,MODIS,77,6.2,313.6,18.8,D,0
-14.0801,142.4905,334.6,1.1,1,2014-10-22,0058,Terra,MODIS,71,6.2,311.9,16.4,D,0
-16.3564,142.4769,360.3,1.1,1,2014-10-22,0058,Terra,MODIS,100,6.2,316.9,73.6,D,0
-14.1524,142.2862,329.1,1,1,2014-10-22,0058,Terra,MODIS,32,6.2,310,11.6,D,0
-14.0681,142.4724,338,1.1,1,2014-10-22,0058,Terra,MODIS,80,6.2,311.5,22.8,D,0
-15.2048,142.3275,331.9,1.1,1,2014-10-22,0058,Terra,MODIS,61,6.2,308.1,15.1,D,0
-16.4615,142.4343,351.8,1.1,1,2014-10-22,0058,Terra,MODIS,94,6.2,317.2,49,D,0
-15.0943,142.5793,330,1.1,1,2014-10-22,0058,Terra,MODIS,66,6.2,309.7,14,D,0
-15.1087,142.5465,344,1.1,1,2014-10-22,0058,Terra,MODIS,88,6.2,311.2,35.9,D,0
-16.5484,142.4683,335.7,1.1,1,2014-10-22,0058,Terra,MODIS,57,6.2,315.3,15.7,D,0
-14.3034,142.5197,384,1.1,1,2014-10-22,0058,Terra,MODIS,100,6.2,311.6,171.3,D,0
-14.2942,142.5211,335.8,1.1,1,2014-10-22,0058,Terra,MODIS,80,6.2,312.7,22.7,D,0
-16.4629,142.4446,346.3,1.1,1,2014-10-22,0058,Terra,MODIS,89,6.2,316.6,36.7,D,0
-14.5365,135.3512,343.3,1.8,1.3,2014-10-22,0058,Terra,MODIS,88,6.2,311.5,76.8,D,0
-16.3351,142.5325,338.6,1.1,1.1,2014-10-22,0058,Terra,MODIS,80,6.2,316.6,23.3,D,0
-15.2061,142.3374,344.7,1.1,1,2014-10-22,0058,Terra,MODIS,89,6.2,310.5,37,D,0
-16.3507,142.4359,341.8,1.1,1,2014-10-22,0058,Terra,MODIS,85,6.2,314.9,27.7,D,0
-14.0852,142.46,331.9,1.1,1,2014-10-22,0058,Terra,MODIS,50,6.2,309.1,12.9,D,0
-15.1022,142.5679,336.8,1.1,1,2014-10-22,0058,Terra,MODIS,81,6.2,309.1,22.8,D,0
-14.3192,142.4974,342.9,1.1,1,2014-10-22,0058,Terra,MODIS,88,6.2,312.8,35.8,D,0
-13.9605,142.4941,348.4,1.1,1,2014-10-22,0058,Terra,MODIS,93,6.2,307.6,43.5,D,0
-14.2969,142.5408,338,1.1,1,2014-10-22,0058,Terra,MODIS,79,6.2,310.9,26.3,D,0
-14.0141,142.4901,336.3,1.1,1,2014-10-22,0058,Terra,MODIS,83,6.2,306.7,24.4,D,0
-14.3048,142.5296,354.8,1.1,1,2014-10-22,0058,Terra,MODIS,97,6.2,308.7,63.4,D,0
-16.3432,142.5208,358.7,1.1,1.1,2014-10-22,0058,Terra,MODIS,99,6.2,317.4,70.2,D,0
-16.3578,142.4872,347.4,1.1,1,2014-10-22,0058,Terra,MODIS,91,6.2,316.5,40.8,D,0
-16.3549,142.4666,337.2,1.1,1,2014-10-22,0058,Terra,MODIS,73,6.2,315.2,17.9,D,0
-15.1744,142.4289,338.8,1.1,1,2014-10-22,0058,Terra,MODIS,82,6.2,313.6,24.5,D,0
-15.0624,142.625,337.6,1.1,1,2014-10-22,0058,Terra,MODIS,71,6.2,312.4,23.7,D,0
-15.1824,142.3711,329.8,1.1,1,2014-10-22,0058,Terra,MODIS,52,6.2,311.6,9.1,D,0
-15.2218,144.9589,324.5,1.5,1.2,2014-10-22,0058,Terra,MODIS,70,6.2,301.8,21.8,D,0
-13.9698,142.4928,346.2,1.1,1,2014-10-22,0058,Terra,MODIS,91,6.2,305.5,38.8,D,0
-15.0704,142.6136,338.4,1.1,1,2014-10-22,0058,Terra,MODIS,80,6.2,313.7,24.7,D,0
-15.0413,143.5233,326.7,1.2,1.1,2014-10-22,0058,Terra,MODIS,39,6.2,304.8,10.3,D,0
-14.3521,142.4627,333.6,1.1,1,2014-10-22,0058,Terra,MODIS,78,6.2,311.2,17.4,D,0
-14.3271,142.4863,325.6,1.1,1,2014-10-22,0058,Terra,MODIS,30,6.2,308.8,7.4,D,0
-14.0824,142.4406,327.5,1.1,1,2014-10-22,0058,Terra,MODIS,34,6.2,307.1,12.6,D,0
-15.1101,142.5566,346.2,1.1,1,2014-10-22,0058,Terra,MODIS,90,6.2,310,40.9,D,0
-14.01,142.4608,346.9,1.1,1,2014-10-22,0058,Terra,MODIS,92,6.2,305.4,45.8,D,0
-14.0838,142.4503,338.4,1.1,1,2014-10-22,0058,Terra,MODIS,81,6.2,308.6,26.3,D,0
-16.3601,142.4345,377.6,1.1,1,2014-10-22,0058,Terra,MODIS,100,6.2,313.5,137.5,D,0
-14.3113,142.5086,333.6,1.1,1,2014-10-22,0058,Terra,MODIS,78,6.2,309.3,19.5,D,0
-14.2876,142.5421,332.2,1.1,1,2014-10-22,0058,Terra,MODIS,63,6.2,311.8,17.3,D,0
-16.3615,142.4448,358.6,1.1,1,2014-10-22,0058,Terra,MODIS,99,6.2,314.2,66.9,D,0
-15.119,142.5081,331.1,1.1,1,2014-10-22,0058,Terra,MODIS,48,6.2,309.2,12.8,D,0
-14.2955,142.5309,352.3,1.1,1,2014-10-22,0058,Terra,MODIS,95,6.2,313.6,56.1,D,0
-16.3446,142.5312,352.2,1.1,1.1,2014-10-22,0058,Terra,MODIS,94,6.2,314.9,53.3,D,0
-15.1823,142.4176,339.6,1.1,1,2014-10-22,0058,Terra,MODIS,83,6.2,312,25.9,D,0
-16.3535,142.4564,333.4,1.1,1,2014-10-22,0058,Terra,MODIS,52,6.2,315.4,11.7,D,0
-15.1597,142.876,333.1,1.1,1.1,2014-10-22,0058,Terra,MODIS,76,6.2,310.4,17.2,D,0
-13.3277,135.756,347,1.8,1.3,2014-10-22,0058,Terra,MODIS,91,6.2,316.7,82.7,D,0
-16.7985,142.6373,334,1.1,1.1,2014-10-22,0058,Terra,MODIS,70,6.2,317.3,13.8,D,0
-16.9945,142.5861,341.5,1.1,1.1,2014-10-22,0058,Terra,MODIS,84,6.2,317.2,25.5,D,0
-16.4587,141.6417,338.1,1,1,2014-10-22,0058,Terra,MODIS,70,6.2,313.5,21.5,D,0
-16.4601,141.6513,335.6,1,1,2014-10-22,0058,Terra,MODIS,62,6.2,316.1,17.6,D,0
-16.4652,141.621,342.8,1,1,2014-10-22,0058,Terra,MODIS,85,6.2,312,33.6,D,0
-13.3249,135.7398,364,1.8,1.3,2014-10-22,0058,Terra,MODIS,100,6.2,316.5,179.4,D,0
-13.3511,135.752,337.1,1.8,1.3,2014-10-22,0058,Terra,MODIS,82,6.2,314.8,43.4,D,0
-15.0097,142.7005,332.9,1.1,1,2014-10-22,0058,Terra,MODIS,34,6.2,309.5,17.1,D,0
-13.3305,135.7456,370,1.8,1.3,2014-10-22,0058,Terra,MODIS,100,6.2,318.5,223.2,D,0
-13.3278,135.7293,340,1.8,1.3,2014-10-22,0058,Terra,MODIS,86,6.2,315,51.1,D,0
-16.9973,142.2568,356.7,1.1,1,2014-10-22,0058,Terra,MODIS,98,6.2,314.3,66,D,0
-16.9988,142.267,377.3,1.1,1,2014-10-22,0058,Terra,MODIS,100,6.2,319.5,140,D,0
-16.4944,141.6957,333.8,1,1,2014-10-22,0058,Terra,MODIS,43,6.2,317.2,13.9,D,0
-14.3746,144.3252,322.3,1.3,1.1,2014-10-22,0058,Terra,MODIS,49,6.2,302.8,12.2,D,0
-14.9963,135.2024,338.1,1.8,1.3,2014-10-22,0058,Terra,MODIS,82,6.2,309.7,56.9,D,0
-14.3644,144.3265,321.7,1.3,1.1,2014-10-22,0058,Terra,MODIS,58,6.2,303.1,11.5,D,0
-13.503,134.4244,326.6,2.2,1.4,2014-10-22,0058,Terra,MODIS,62,6.2,309.9,23.9,D,0
-15.3914,133.8705,332.3,2.3,1.5,2014-10-22,0058,Terra,MODIS,47,6.2,310.9,41.2,D,0
-15.3947,133.8768,333.7,2.3,1.5,2014-10-22,0058,Terra,MODIS,67,6.2,311.6,49.3,D,0
-15.4545,133.923,345.2,2.2,1.4,2014-10-22,0058,Terra,MODIS,90,6.2,311.9,113.3,D,0
-14.7349,144.4391,321.2,1.3,1.2,2014-10-22,0058,Terra,MODIS,53,6.2,298.2,17,D,0
-15.7505,133.6682,334,2.3,1.5,2014-10-22,0058,Terra,MODIS,70,6.2,307.9,61.3,D,0
-16.8601,142.6609,342.3,1.1,1.1,2014-10-22,0058,Terra,MODIS,80,6.2,317.9,29.7,D,0
-13.3656,134.0868,326.6,2.4,1.5,2014-10-22,0058,Terra,MODIS,67,6.2,307.5,32.1,D,0
-14.2609,142.6024,334.4,1.1,1,2014-10-22,0058,Terra,MODIS,62,6.2,312.1,17.9,D,0
-16.7971,142.6268,338.3,1.1,1.1,2014-10-22,0058,Terra,MODIS,81,6.2,317.8,20.9,D,0
-15.4711,133.9409,372,2.2,1.4,2014-10-22,0058,Terra,MODIS,100,6.2,311.2,344.3,D,0
-16.7475,142.651,334.5,1.1,1.1,2014-10-22,0058,Terra,MODIS,55,6.2,317,15.1,D,0
-15.3817,133.8792,330.3,2.3,1.5,2014-10-22,0058,Terra,MODIS,61,6.2,311.6,38.4,D,0
-15.4675,133.9204,363.3,2.2,1.4,2014-10-22,0058,Terra,MODIS,100,6.2,307.1,257.1,D,0
-14.5717,135.4135,340.5,1.8,1.3,2014-10-22,0058,Terra,MODIS,85,6.2,311.1,68.1,D,0
-14.5746,135.4299,326.5,1.8,1.3,2014-10-22,0058,Terra,MODIS,51,6.2,310.8,21,D,0
-15.3797,133.9438,330.3,2.2,1.4,2014-10-22,0058,Terra,MODIS,31,6.2,312.6,33.4,D,0
-16.697,142.6367,359.5,1.1,1.1,2014-10-22,0058,Terra,MODIS,99,6.2,315.9,74,D,0
-16.6789,142.6776,347.3,1.1,1.1,2014-10-22,0058,Terra,MODIS,90,6.2,317.9,39.3,D,0
-16.6803,142.6882,336.2,1.1,1.1,2014-10-22,0058,Terra,MODIS,68,6.2,315.2,17.1,D,0
-16.0934,144.3289,328,1.4,1.2,2014-10-22,0058,Terra,MODIS,74,6.2,311.4,17.5,D,0
-15.4582,133.9434,356,2.2,1.4,2014-10-22,0058,Terra,MODIS,97,6.2,314.1,190.9,D,0
-16.1038,144.3274,330.1,1.4,1.2,2014-10-22,0058,Terra,MODIS,74,6.2,309.2,21.6,D,0
-16.6708,142.6896,334.1,1.1,1.1,2014-10-22,0058,Terra,MODIS,64,6.2,318.2,13.6,D,0
-15.7414,133.6769,330.3,2.3,1.5,2014-10-22,0058,Terra,MODIS,48,6.2,309.8,37.3,D,0
-15.7432,133.7642,333.2,2.3,1.5,2014-10-22,0058,Terra,MODIS,45,6.2,309.7,40.3,D,0
-13.3477,135.8026,327.4,1.8,1.3,2014-10-22,0058,Terra,MODIS,47,6.2,313.7,17.8,D,0
-15.7674,133.687,333.6,2.3,1.5,2014-10-22,0058,Terra,MODIS,59,6.2,306.9,59.1,D,0
-16.9001,142.6384,344.3,1.1,1.1,2014-10-22,0058,Terra,MODIS,88,6.2,316.5,34.5,D,0
-15.7302,133.7666,352.3,2.3,1.5,2014-10-22,0058,Terra,MODIS,95,6.2,311.8,155.2,D,0
-15.4305,133.8633,331.3,2.3,1.5,2014-10-22,0058,Terra,MODIS,61,6.2,309.8,45.3,D,0
-15.4472,133.8819,334.1,2.3,1.5,2014-10-22,0058,Terra,MODIS,65,6.2,308.7,59.9,D,0
-15.4304,134.0114,337.7,2.2,1.4,2014-10-22,0058,Terra,MODIS,83,6.2,311.3,67.5,D,0
-15.7713,133.7082,332.9,2.3,1.5,2014-10-22,0058,Terra,MODIS,47,6.2,307.7,54.2,D,0
-12.9126,135.4437,338.6,1.9,1.4,2014-10-22,0058,Terra,MODIS,85,6.2,309.9,62.5,D,0
-12.9191,135.4537,347.8,1.9,1.4,2014-10-22,0058,Terra,MODIS,92,6.2,312.8,103.6,D,0
-12.907,135.4557,337.6,1.9,1.4,2014-10-22,0058,Terra,MODIS,84,6.2,312.4,56,D,0
-12.9155,135.4611,352.1,1.9,1.4,2014-10-22,0058,Terra,MODIS,95,6.2,315.1,126.4,D,0
-16.8396,142.653,337,1.1,1.1,2014-10-22,0058,Terra,MODIS,25,6.2,316.2,16.6,D,0
-15.4326,134.0179,331.5,2.2,1.4,2014-10-22,0058,Terra,MODIS,53,6.2,310.3,38.3,D,0
-15.374,133.9874,332.8,2.2,1.4,2014-10-22,0058,Terra,MODIS,45,6.2,311.1,44.3,D,0
-15.0761,145.1613,321.3,1.5,1.2,2014-10-22,0058,Terra,MODIS,67,6.2,298.4,21.5,D,0
-16.83,142.6544,336.1,1.1,1.1,2014-10-22,0058,Terra,MODIS,68,6.2,318.1,17.8,D,0
-15.4291,133.9975,336.5,2.2,1.4,2014-10-22,0058,Terra,MODIS,79,6.2,311.3,58.2,D,0
-15.7636,133.6657,330.6,2.3,1.5,2014-10-22,0058,Terra,MODIS,54,6.2,306.2,47.9,D,0
-14.8903,143.1633,346.9,1.1,1.1,2014-10-22,0058,Terra,MODIS,92,6.2,311.5,47.6,D,0
-14.8888,143.1527,335.5,1.1,1.1,2014-10-22,0058,Terra,MODIS,78,6.2,310.3,23.4,D,0
-14.5952,144.6108,321.8,1.4,1.2,2014-10-22,0058,Terra,MODIS,65,6.2,299.7,21.7,D,0
-14.543,135.357,343.6,1.8,1.3,2014-10-22,0058,Terra,MODIS,88,6.2,311.8,76.8,D,0
-15.9209,133.8037,331.3,2.2,1.4,2014-10-22,0058,Terra,MODIS,39,6.2,311.8,39.2,D,0
-12.8775,136.1509,328,1.7,1.3,2014-10-22,0058,Terra,MODIS,65,6.2,310.4,23.4,D,0
-15.7171,133.7692,337,2.3,1.5,2014-10-22,0058,Terra,MODIS,73,6.2,313.8,61.6,D,0
-15.0285,143.5024,350.4,1.2,1.1,2014-10-22,0058,Terra,MODIS,94,6.2,311.4,59.1,D,0
-14.3546,144.4707,321.6,1.3,1.1,2014-10-22,0058,Terra,MODIS,63,6.2,300.6,14.2,D,0
-15.03,143.5135,340.5,1.2,1.1,2014-10-22,0058,Terra,MODIS,87,6.2,310.9,35.4,D,0
-14.8859,143.1316,324.8,1.1,1.1,2014-10-22,0058,Terra,MODIS,33,6.2,307.7,8.2,D,0
-15.0257,142.6776,339.6,1.1,1,2014-10-22,0058,Terra,MODIS,84,6.2,310.7,29.6,D,0
-15.0337,142.6661,334,1.1,1,2014-10-22,0058,Terra,MODIS,65,6.2,310.1,19.7,D,0
-16.4665,141.6307,360.8,1,1,2014-10-22,0058,Terra,MODIS,100,6.2,317.5,74.3,D,0
-16.4679,141.6403,344.6,1,1,2014-10-22,0058,Terra,MODIS,87,6.2,316.3,33.9,D,0
-14.2688,142.5912,337.4,1.1,1,2014-10-22,0058,Terra,MODIS,83,6.2,312,22.7,D,0
-15.4509,133.9025,336.7,2.2,1.5,2014-10-22,0058,Terra,MODIS,61,6.2,309.4,68.5,D,0
-15.6835,133.7319,330.7,2.3,1.5,2014-10-22,0058,Terra,MODIS,70,6.2,310.6,36.6,D,0
-15.7398,133.7578,339,2.3,1.5,2014-10-22,0058,Terra,MODIS,84,6.2,309.9,72.3,D,0
-15.7306,133.7812,338,2.3,1.5,2014-10-22,0058,Terra,MODIS,66,6.2,312.2,66.3,D,0
-15.7267,133.7603,347.8,2.3,1.5,2014-10-22,0058,Terra,MODIS,92,6.2,312.4,121.1,D,0
-14.2739,142.5602,342.6,1.1,1,2014-10-22,0058,Terra,MODIS,88,6.2,309.1,32.2,D,0
-14.2753,142.5701,356.5,1.1,1,2014-10-22,0058,Terra,MODIS,98,6.2,311.8,64.9,D,0
-15.7395,133.7431,335.5,2.3,1.5,2014-10-22,0058,Terra,MODIS,72,6.2,309.6,50.3,D,0
-14.9934,135.1855,338.7,1.8,1.3,2014-10-22,0058,Terra,MODIS,83,6.2,312.5,56.8,D,0
-14.2832,142.5589,333.3,1.1,1,2014-10-22,0058,Terra,MODIS,72,6.2,307,17.6,D,0
-14.8844,143.121,328.3,1.1,1.1,2014-10-22,0058,Terra,MODIS,70,6.2,309,13.1,D,0
-14.988,135.1926,331.6,1.8,1.3,2014-10-22,0058,Terra,MODIS,58,6.2,312.8,32.2,D,0
-14.3086,131.3217,328.1,3.7,1.8,2014-10-22,0058,Terra,MODIS,21,6.2,300.2,87,D,0
-14.3906,144.4472,322.1,1.3,1.1,2014-10-22,0058,Terra,MODIS,63,6.2,301.6,12.7,D,0
-13.1288,133.101,323.3,2.9,1.6,2014-10-22,0058,Terra,MODIS,55,6.2,302.7,44.1,D,0
-13.1242,133.075,346.1,2.9,1.6,2014-10-22,0058,Terra,MODIS,91,6.2,302.7,202.6,D,0
-14.3541,131.3414,324.4,3.7,1.8,2014-10-22,0058,Terra,MODIS,25,6.2,301.3,61.9,D,0
-14.3931,131.3268,334.3,3.7,1.8,2014-10-22,0058,Terra,MODIS,76,6.2,300.2,148.3,D,0
-14.2769,131.2862,331.1,3.7,1.8,2014-10-22,0058,Terra,MODIS,70,6.2,301.9,122.8,D,0
-14.3922,144.4595,325.8,1.3,1.1,2014-10-22,0058,Terra,MODIS,71,6.2,301.3,19.5,D,0
-14.3862,131.3356,334.7,3.7,1.8,2014-10-22,0058,Terra,MODIS,80,6.2,301,148.8,D,0
-13.9682,135.5149,339.7,1.8,1.3,2014-10-22,0058,Terra,MODIS,85,6.2,310.8,61.1,D,0
-14.38,131.3019,333.4,3.7,1.8,2014-10-22,0058,Terra,MODIS,73,6.2,300.7,133.8,D,0
-14.27,131.2935,333.9,3.7,1.8,2014-10-22,0058,Terra,MODIS,76,6.2,301.6,147.3,D,0
-14.3639,131.3051,327,3.7,1.8,2014-10-22,0058,Terra,MODIS,28,6.2,301.8,74.2,D,0
-14.1667,136.6282,328.1,1.5,1.2,2014-10-22,0058,Terra,MODIS,65,6.2,309.1,21.2,D,0
-13.1301,133.0948,326.7,2.9,1.6,2014-10-22,0058,Terra,MODIS,67,6.2,302.6,60.7,D,0
-14.3819,144.4608,332.1,1.3,1.1,2014-10-22,0058,Terra,MODIS,80,6.2,302.5,31.5,D,0
-13.7453,136.2412,341.7,1.6,1.3,2014-10-22,0058,Terra,MODIS,66,6.2,307.7,67.8,D,0
-13.1253,133.0689,337.4,2.9,1.6,2014-10-22,0058,Terra,MODIS,83,6.2,302.2,130.6,D,0
-19,131.9878,346.7,2.6,1.6,2014-10-22,0059,Terra,MODIS,90,6.2,311.1,156.5,D,0
-18.2861,132.6874,331.7,2.4,1.5,2014-10-22,0059,Terra,MODIS,72,6.2,314.2,48.5,D,0
-18.1928,132.5634,328.5,2.5,1.5,2014-10-22,0059,Terra,MODIS,62,6.2,313.4,22.1,D,0
-18.2119,132.7086,339.2,2.4,1.5,2014-10-22,0059,Terra,MODIS,80,6.2,316.3,77.3,D,0
-18.2253,132.7058,354.5,2.4,1.5,2014-10-22,0059,Terra,MODIS,96,6.2,316.1,188.8,D,0
-18.3222,132.6563,358.8,2.4,1.5,2014-10-22,0059,Terra,MODIS,99,6.2,314.5,236.7,D,0
-18.3158,132.6505,338.4,2.4,1.5,2014-10-22,0059,Terra,MODIS,72,6.2,313,75.3,D,0
-18.3201,132.6732,340.2,2.4,1.5,2014-10-22,0059,Terra,MODIS,74,6.2,313.9,87.7,D,0
-18.3292,132.6477,341.1,2.4,1.5,2014-10-22,0059,Terra,MODIS,85,6.2,312.7,95.8,D,0
-18.3335,132.6704,342.6,2.4,1.5,2014-10-22,0059,Terra,MODIS,87,6.2,313.9,106.3,D,0
-18.3788,132.6139,348.2,2.4,1.5,2014-10-22,0059,Terra,MODIS,92,6.2,309.9,154.2,D,0
-17.6739,133.0175,330.5,2.4,1.5,2014-10-22,0059,Terra,MODIS,39,6.2,315.4,31.1,D,0
-18.383,132.6368,328.5,2.4,1.5,2014-10-22,0059,Terra,MODIS,48,6.2,311.2,38.8,D,0
-18.2387,132.703,340,2.4,1.5,2014-10-22,0059,Terra,MODIS,78,6.2,314.4,82.9,D,0
-18.0495,132.5571,329.1,2.5,1.5,2014-10-22,0059,Terra,MODIS,42,6.2,314.1,30,D,0
-18.9903,131.984,358.4,2.6,1.6,2014-10-22,0059,Terra,MODIS,99,6.2,313.7,263.5,D,0
-18.2933,132.6787,331.8,2.4,1.5,2014-10-22,0059,Terra,MODIS,36,6.2,314.2,45,D,0
-18.9861,131.9907,352.6,2.6,1.6,2014-10-22,0059,Terra,MODIS,95,6.2,313.4,203.4,D,0
-18.9722,131.9937,330.5,2.6,1.6,2014-10-22,0059,Terra,MODIS,48,6.2,312.7,44,D,0
-18.963,132.0213,355.5,2.6,1.6,2014-10-22,0059,Terra,MODIS,97,6.2,312.6,231.5,D,0
-18.9491,132.0242,336.2,2.6,1.6,2014-10-22,0059,Terra,MODIS,70,6.2,314,78.5,D,0
-18.2191,132.7013,337.3,2.4,1.5,2014-10-22,0059,Terra,MODIS,59,6.2,315.9,65.4,D,0
-18.8709,132.13,339.2,2.6,1.5,2014-10-22,0059,Terra,MODIS,83,6.2,314.1,94.5,D,0
-18.8759,132.123,341.4,2.6,1.5,2014-10-22,0059,Terra,MODIS,86,6.2,314.6,108,D,0
-18.8897,132.1201,347.8,2.6,1.5,2014-10-22,0059,Terra,MODIS,91,6.2,313.6,157.8,D,0
-18.9035,132.1173,341.5,2.6,1.5,2014-10-22,0059,Terra,MODIS,86,6.2,311.9,118.5,D,0
-18.409,132.5062,336,2.5,1.5,2014-10-22,0059,Terra,MODIS,71,6.2,311.4,78.3,D,0
-18.4046,132.4829,330.2,2.5,1.5,2014-10-22,0059,Terra,MODIS,48,6.2,312,47.9,D,0
-18.3931,132.5393,335.1,2.5,1.5,2014-10-22,0059,Terra,MODIS,53,6.2,312.5,59.2,D,0
-18.3838,132.5651,345.3,2.5,1.5,2014-10-22,0059,Terra,MODIS,89,6.2,312.5,127.2,D,0
-18.2325,132.6985,349.3,2.4,1.5,2014-10-22,0059,Terra,MODIS,93,6.2,315.6,146.3,D,0
-18.2368,132.7211,335.9,2.4,1.5,2014-10-22,0059,Terra,MODIS,46,6.2,314,63.9,D,0
-18.2593,132.6929,342.2,2.4,1.5,2014-10-22,0059,Terra,MODIS,86,6.2,313.1,102.6,D,0
-18.1822,132.5473,338.2,2.5,1.5,2014-10-22,0059,Terra,MODIS,82,6.2,315.2,71.2,D,0
-18.1958,132.5445,334.4,2.5,1.5,2014-10-22,0059,Terra,MODIS,77,6.2,314.4,51.7,D,0
-18.2996,132.6846,336.9,2.4,1.5,2014-10-22,0059,Terra,MODIS,80,6.2,313.5,73.1,D,0
-18.1884,132.5403,338.8,2.5,1.5,2014-10-22,0059,Terra,MODIS,83,6.2,315.4,77.3,D,0
-18.0631,132.5544,343.1,2.5,1.5,2014-10-22,0059,Terra,MODIS,88,6.2,314,108.8,D,0
-18.0587,132.5309,341,2.5,1.5,2014-10-22,0059,Terra,MODIS,85,6.2,315.4,94.2,D,0
-18.0779,138.528,330.8,1.1,1,2014-10-22,0059,Terra,MODIS,45,6.2,312.8,9.8,D,0
-17.1201,132.8633,334.3,2.5,1.5,2014-10-22,0059,Terra,MODIS,69,6.2,312.4,58.8,D,0
-17.2634,132.869,336.3,2.5,1.5,2014-10-22,0059,Terra,MODIS,80,6.2,314.2,60.1,D,0
-17.2905,132.8637,333.9,2.5,1.5,2014-10-22,0059,Terra,MODIS,62,6.2,314.5,51.4,D,0
-17.2947,132.8867,343.4,2.5,1.5,2014-10-22,0059,Terra,MODIS,88,6.2,311.7,109.6,D,0
-17.2812,132.8893,331.6,2.5,1.5,2014-10-22,0059,Terra,MODIS,34,6.2,311.5,36.6,D,0
-17.1065,132.866,333.5,2.5,1.5,2014-10-22,0059,Terra,MODIS,66,6.2,312.7,58.6,D,0
-16.9189,130.7325,346.8,3.6,1.8,2014-10-22,0059,Terra,MODIS,91,6.2,313.8,248.5,D,0
-16.9109,130.7284,329.6,3.6,1.8,2014-10-22,0059,Terra,MODIS,59,6.2,313.8,71.2,D,0
-16.9268,130.7253,342.8,3.6,1.8,2014-10-22,0059,Terra,MODIS,88,6.2,312.8,198.3,D,0
-20.3298,147.246,330.6,2.6,1.5,2014-10-22,0059,Terra,MODIS,79,6.2,303.8,75.3,D,0
-20.3355,147.2397,334.5,2.6,1.5,2014-10-22,0059,Terra,MODIS,82,6.2,303.8,99.2,D,0
-17.9476,138.5867,333.8,1.1,1,2014-10-22,0059,Terra,MODIS,71,6.2,314.1,12.3,D,0
-19.693,143.5279,327,1.4,1.2,2014-10-22,0059,Terra,MODIS,53,6.2,308.6,19.1,D,0
-19.6914,143.515,325.9,1.4,1.2,2014-10-22,0059,Terra,MODIS,45,6.2,309.3,16.3,D,0
-17.865,144.5224,318,1.5,1.2,2014-10-22,0059,Terra,MODIS,22,6.2,294.5,15.3,D,0
-19.0299,131.6578,330.3,2.8,1.6,2014-10-22,0059,Terra,MODIS,48,6.2,313,50.7,D,0
-18.885,132.0957,336.6,2.6,1.6,2014-10-22,0059,Terra,MODIS,74,6.2,314.6,74.9,D,0
-21.7505,127.5435,326.2,4.8,2,2014-10-22,0100,Terra,MODIS,53,6.2,312.7,73.9,D,0
-19.9237,128.6514,335.9,4.4,1.9,2014-10-22,0100,Terra,MODIS,80,6.2,314.2,173.4,D,0
-19.9239,128.6437,334.9,4.4,1.9,2014-10-22,0100,Terra,MODIS,78,6.2,314.4,171.9,D,0
-19.941,128.6397,359.8,4.4,1.9,2014-10-22,0100,Terra,MODIS,99,6.2,311.3,599.5,D,0
-19.9155,128.6888,325,4.4,1.9,2014-10-22,0100,Terra,MODIS,38,6.2,312.1,63.1,D,0
-19.9408,128.6473,367.7,4.4,1.9,2014-10-22,0100,Terra,MODIS,100,6.2,311.8,792.9,D,0
-19.9493,128.6886,326.8,4.4,1.9,2014-10-22,0100,Terra,MODIS,48,6.2,310.2,74,D,0
-19.9326,128.6848,326.5,4.4,1.9,2014-10-22,0100,Terra,MODIS,51,6.2,311.6,74.9,D,0
-19.9498,128.6809,335.6,4.4,1.9,2014-10-22,0100,Terra,MODIS,79,6.2,310.3,175.3,D,0
-26.58,126.1514,336.6,4.6,2,2014-10-22,0102,Terra,MODIS,84,6.2,305,233.6,D,0
-26.5973,126.146,331.1,4.6,2,2014-10-22,0102,Terra,MODIS,73,6.2,304.8,156,D,0
-26.5783,126.144,334.9,4.6,2,2014-10-22,0102,Terra,MODIS,82,6.2,304.9,213.8,D,0
-26.5956,126.1387,330.9,4.6,2,2014-10-22,0102,Terra,MODIS,77,6.2,304.4,159.8,D,0
-27.5223,127.478,324.2,3.5,1.8,2014-10-22,0102,Terra,MODIS,66,6.2,305,66.2,D,0
-27.5142,127.4861,321.5,3.5,1.8,2014-10-22,0102,Terra,MODIS,57,6.2,305,48.1,D,0
-27.5064,127.4509,320,3.6,1.8,2014-10-22,0102,Terra,MODIS,47,6.2,304.2,39.7,D,0
-26.5696,126.1062,323.7,4.6,2,2014-10-22,0102,Terra,MODIS,58,6.2,302.8,90.3,D,0
-36.7064,144.2513,317,2.5,1.5,2014-10-22,0104,Terra,MODIS,63,6.2,299.6,26.6,D,0
-37.4964,140.0953,309.3,1.4,1.2,2014-10-22,0104,Terra,MODIS,25,6.2,297.5,9.4,D,0
-14.6674,126.8568,326,4.6,2,2014-10-22,0236,Terra,MODIS,41,6.2,297.8,95.3,D,0
-14.5732,126.9961,337.6,4.7,2,2014-10-22,0236,Terra,MODIS,88,6.2,297.4,258.6,D,0
-14.5691,126.9533,326.9,4.7,2,2014-10-22,0236,Terra,MODIS,80,6.2,297.3,124.1,D,0
-14.57,126.9585,334.8,4.7,2,2014-10-22,0236,Terra,MODIS,86,6.2,297.3,217.3,D,0
-14.5743,127.001,339.7,4.7,2,2014-10-22,0236,Terra,MODIS,90,6.2,297.1,288.4,D,0
-14.5911,126.9948,317.4,4.7,2,2014-10-22,0236,Terra,MODIS,57,6.2,294.6,37.5,D,0
-14.9964,125.7987,324.1,3.9,1.8,2014-10-22,0236,Terra,MODIS,68,6.2,298.5,69.4,D,0
-14.9641,125.7776,330.7,3.8,1.8,2014-10-22,0236,Terra,MODIS,83,6.2,300.2,117.4,D,0
-14.9902,125.8038,332.4,3.9,1.8,2014-10-22,0236,Terra,MODIS,85,6.2,299.3,138.5,D,0
-14.97,125.7703,324.3,3.8,1.8,2014-10-22,0236,Terra,MODIS,77,6.2,299.8,69.3,D,0
-17.7593,125.5971,334.8,4.1,1.9,2014-10-22,0237,Terra,MODIS,76,6.2,308.3,137.2,D,0
-17.7556,125.5584,335.5,4,1.9,2014-10-22,0237,Terra,MODIS,77,6.2,307.8,144.8,D,0
-17.763,125.5897,332.5,4.1,1.9,2014-10-22,0237,Terra,MODIS,70,6.2,307.2,116.8,D,0
-17.6121,125.2506,330.6,3.8,1.8,2014-10-22,0237,Terra,MODIS,34,6.2,310.9,65.8,D,0
-17.6182,125.2429,334.4,3.8,1.8,2014-10-22,0237,Terra,MODIS,65,6.2,310.5,107.1,D,0
-17.7388,125.5604,332.5,4,1.9,2014-10-22,0237,Terra,MODIS,68,6.2,309.9,107,D,0
-16.8394,124.5081,332.5,3.3,1.7,2014-10-22,0237,Terra,MODIS,67,6.2,309.5,61.7,D,0
-17.9298,126.2635,363.8,4.6,2,2014-10-22,0237,Terra,MODIS,100,6.2,308,705.1,D,0
-17.9298,126.2685,369.2,4.6,2,2014-10-22,0237,Terra,MODIS,100,6.2,307.6,857.9,D,0
-17.8964,126.1008,345.5,4.4,1.9,2014-10-22,0237,Terra,MODIS,89,6.2,308.3,287.3,D,0
-17.8925,126.0591,354.9,4.4,1.9,2014-10-22,0237,Terra,MODIS,96,6.2,300.9,456.9,D,0
-17.8751,126.0607,335.9,4.4,1.9,2014-10-22,0237,Terra,MODIS,78,6.2,309.1,129.9,D,0
-17.8849,125.9774,350.3,4.3,1.9,2014-10-22,0237,Terra,MODIS,93,6.2,307.4,386.9,D,0
-17.8887,126.0181,371.3,4.4,1.9,2014-10-22,0237,Terra,MODIS,100,6.2,307.8,869.2,D,0
-17.6346,125.2413,340.8,3.8,1.8,2014-10-22,0237,Terra,MODIS,84,6.2,309,179.2,D,0
-17.9023,125.9757,344.9,4.3,1.9,2014-10-22,0237,Terra,MODIS,84,6.2,302.9,323.4,D,0
-17.9061,126.0166,343.5,4.4,1.9,2014-10-22,0237,Terra,MODIS,78,6.2,292.6,301.5,D,0
-17.8867,125.9721,347.6,4.3,1.9,2014-10-22,0237,Terra,MODIS,91,6.2,307,352.3,D,0
-17.8903,126.0129,366.9,4.4,1.9,2014-10-22,0237,Terra,MODIS,100,6.2,307.1,759.3,D,0
-16.1699,125.6668,325.8,3.9,1.8,2014-10-22,0237,Terra,MODIS,40,6.2,304.7,58,D,0
-17.9041,125.9703,333.4,4.3,1.9,2014-10-22,0237,Terra,MODIS,60,6.2,301.7,168.3,D,0
-17.9077,126.0113,342.9,4.4,1.9,2014-10-22,0237,Terra,MODIS,81,6.2,292.4,296.2,D,0
-15.8711,125.9464,356,4.1,1.9,2014-10-22,0237,Terra,MODIS,98,6.2,306.6,473.1,D,0
-15.8675,125.9535,367.5,4.1,1.9,2014-10-22,0237,Terra,MODIS,100,6.2,307.4,714.5,D,0
-17.6085,125.2149,331.9,3.8,1.8,2014-10-22,0237,Terra,MODIS,56,6.2,309.1,85.1,D,0
-15.3473,125.4589,321,3.7,1.8,2014-10-22,0237,Terra,MODIS,66,6.2,301.8,50.3,D,0
-15.355,125.4522,320.1,3.7,1.8,2014-10-22,0237,Terra,MODIS,64,6.2,302.1,45.4,D,0
-17.8743,126.068,332,4.4,1.9,2014-10-22,0237,Terra,MODIS,64,6.2,309.3,76.2,D,0
-17.8663,125.9862,330.5,4.3,1.9,2014-10-22,0237,Terra,MODIS,32,6.2,307.8,83.3,D,0
-17.8938,126.0538,353.7,4.4,1.9,2014-10-22,0237,Terra,MODIS,95,6.2,300.6,438.3,D,0
-17.8703,126.027,335,4.4,1.9,2014-10-22,0237,Terra,MODIS,72,6.2,308.8,119,D,0
-17.8975,126.0956,339.7,4.4,1.9,2014-10-22,0237,Terra,MODIS,83,6.2,306.2,199.1,D,0
-17.8675,125.9789,332.8,4.3,1.9,2014-10-22,0237,Terra,MODIS,47,6.2,307.7,113.7,D,0
-16.1663,125.6301,327.5,3.9,1.8,2014-10-22,0237,Terra,MODIS,54,6.2,305,70.8,D,0
-16.1775,125.6358,327.8,3.9,1.8,2014-10-22,0237,Terra,MODIS,55,6.2,304.2,73.4,D,0
-17.8713,126.0197,337.5,4.4,1.9,2014-10-22,0237,Terra,MODIS,76,6.2,308.4,161.2,D,0
-15.8542,125.9481,334.6,4.1,1.9,2014-10-22,0237,Terra,MODIS,86,6.2,305.3,163.8,D,0
-17.7794,125.9947,325.9,4.3,1.9,2014-10-22,0237,Terra,MODIS,14,6.2,308.1,46.5,D,0
-16.0555,125.9918,322.9,4.1,1.9,2014-10-22,0237,Terra,MODIS,69,6.2,305.9,55.7,D,0
-15.5857,125.9584,325.5,4.1,1.9,2014-10-22,0237,Terra,MODIS,68,6.2,304.2,76.5,D,0
-15.6738,125.9859,330.2,4.1,1.9,2014-10-22,0237,Terra,MODIS,73,6.2,302,119.6,D,0
-15.6907,125.9838,348.5,4.1,1.9,2014-10-22,0237,Terra,MODIS,94,6.2,300.4,358.6,D,0
-15.6946,126.0213,327.6,4.1,1.9,2014-10-22,0237,Terra,MODIS,72,6.2,301.1,105.2,D,0
-15.6773,125.9783,332.3,4.1,1.9,2014-10-22,0237,Terra,MODIS,80,6.2,301,143.3,D,0
-15.681,126.0159,325.4,4.1,1.9,2014-10-22,0237,Terra,MODIS,21,6.2,302,74.6,D,0
-15.6848,126.0551,331.2,4.1,1.9,2014-10-22,0237,Terra,MODIS,65,6.2,301.7,127.4,D,0
-15.6942,125.9764,333.7,4.1,1.9,2014-10-22,0237,Terra,MODIS,86,6.2,298.4,167.5,D,0
-15.6979,126.0141,329.2,4.1,1.9,2014-10-22,0237,Terra,MODIS,82,6.2,300.6,121.8,D,0
-15.5617,126.2781,324.9,4.3,1.9,2014-10-22,0237,Terra,MODIS,37,6.2,301.2,72.4,D,0
-15.8707,126.1498,325.2,4.2,1.9,2014-10-22,0237,Terra,MODIS,50,6.2,306.5,77.5,D,0
-15.8747,126.1892,324.7,4.3,1.9,2014-10-22,0237,Terra,MODIS,53,6.2,304.7,71.3,D,0
-15.8768,126.1822,325.4,4.3,1.9,2014-10-22,0237,Terra,MODIS,65,6.2,305,79.1,D,0
-15.5813,125.9641,323.9,4.1,1.9,2014-10-22,0237,Terra,MODIS,37,6.2,304.3,63.2,D,0
-15.6569,125.9879,338.9,4.1,1.9,2014-10-22,0237,Terra,MODIS,89,6.2,305.2,203.7,D,0
-15.653,125.9498,326,4.1,1.9,2014-10-22,0237,Terra,MODIS,65,6.2,303,71.7,D,0
-15.8714,125.9914,354.4,4.1,1.9,2014-10-22,0237,Terra,MODIS,97,6.2,308.2,439.3,D,0
-15.8579,125.9859,336,4.1,1.9,2014-10-22,0237,Terra,MODIS,87,6.2,305.4,181.1,D,0
-15.8748,125.9844,347.8,4.1,1.9,2014-10-22,0237,Terra,MODIS,94,6.2,307.9,335.8,D,0
-16.0888,125.6494,333,3.9,1.8,2014-10-22,0237,Terra,MODIS,85,6.2,304.5,133.4,D,0
-16.1054,125.648,334.5,3.9,1.8,2014-10-22,0237,Terra,MODIS,86,6.2,302.2,147.8,D,0
-16.0945,125.6436,342.6,3.9,1.8,2014-10-22,0237,Terra,MODIS,91,6.2,304.4,241.7,D,0
-21.5529,117.9305,373.3,1.3,1.1,2014-10-22,0238,Terra,MODIS,100,6.2,319.8,151.3,D,0
-21.5545,117.9428,349,1.3,1.1,2014-10-22,0238,Terra,MODIS,93,6.2,317.3,53.1,D,0
-21.563,117.9289,350,1.3,1.1,2014-10-22,0238,Terra,MODIS,93,6.2,316.4,57.1,D,0
-21.5646,117.9412,334.6,1.3,1.1,2014-10-22,0238,Terra,MODIS,34,6.2,316.3,15.7,D,0
-21.5716,117.9153,346.8,1.3,1.1,2014-10-22,0238,Terra,MODIS,91,6.2,317.1,47,D,0
-21.5732,117.9275,335.6,1.3,1.1,2014-10-22,0238,Terra,MODIS,26,6.2,317.1,18.8,D,0
-21.6032,117.9301,337.7,1.3,1.1,2014-10-22,0238,Terra,MODIS,72,6.2,319.2,23.6,D,0
-21.2135,118.389,346.3,1.3,1.2,2014-10-22,0238,Terra,MODIS,89,6.2,322.3,48.2,D,0
-21.4756,117.9606,337.5,1.3,1.1,2014-10-22,0238,Terra,MODIS,65,6.2,318.5,25.5,D,0
-20.0933,123.5084,349.4,3,1.7,2014-10-22,0238,Terra,MODIS,92,6.2,313.7,191.7,D,0
-20.0906,123.4797,341.9,3,1.7,2014-10-22,0238,Terra,MODIS,84,6.2,313.7,117.2,D,0
-20.1122,123.5425,335,3,1.7,2014-10-22,0238,Terra,MODIS,50,6.2,310.9,75.2,D,0
-20.0943,123.515,347.9,3,1.7,2014-10-22,0238,Terra,MODIS,91,6.2,313.8,176.3,D,0
-20.0915,123.4864,342.1,3,1.7,2014-10-22,0238,Terra,MODIS,85,6.2,313.8,118.7,D,0
-20.0822,123.5457,333,3,1.7,2014-10-22,0238,Terra,MODIS,52,6.2,316.1,54,D,0
-20.0972,123.5441,403.1,3,1.7,2014-10-22,0238,Terra,MODIS,100,6.2,319.7,1266,D,0
-20.106,124.0722,404.6,3.3,1.7,2014-10-22,0238,Terra,MODIS,100,6.2,323.3,1483.7,D,0
-20.1092,124.1041,408.8,3.4,1.7,2014-10-22,0238,Terra,MODIS,100,6.2,321.4,1650.8,D,0
-20.1124,124.1362,344.6,3.4,1.7,2014-10-22,0238,Terra,MODIS,88,6.2,314.5,136.9,D,0
-20.1157,124.1689,340.9,3.4,1.7,2014-10-22,0238,Terra,MODIS,77,6.2,316.8,111.9,D,0
-20.1293,124.0314,398.9,3.3,1.7,2014-10-22,0238,Terra,MODIS,100,6.2,318.1,1297.4,D,0
-20.0456,123.6388,362.6,3.1,1.7,2014-10-22,0238,Terra,MODIS,100,6.2,316.5,368.8,D,0
-20.0428,123.6091,377,3.1,1.7,2014-10-22,0238,Terra,MODIS,100,6.2,317.2,604.5,D,0
-20.0474,123.6445,357.4,3.1,1.7,2014-10-22,0238,Terra,MODIS,98,6.2,315.4,295.4,D,0
-20.1168,124.0652,414.9,3.3,1.7,2014-10-22,0238,Terra,MODIS,100,6.2,322.6,1900.2,D,0
-20.1138,124.0331,367.4,3.3,1.7,2014-10-22,0238,Terra,MODIS,100,6.2,317.2,494.7,D,0
-20.0873,124.0418,337.3,3.3,1.7,2014-10-22,0238,Terra,MODIS,29,6.2,314.7,90.6,D,0
-20.1,124.1705,335.3,3.4,1.7,2014-10-22,0238,Terra,MODIS,69,6.2,316.8,67.9,D,0
-20.0936,124.1057,402.4,3.4,1.7,2014-10-22,0238,Terra,MODIS,100,6.2,321.7,1389.7,D,0
-20.0904,124.0739,372.1,3.3,1.7,2014-10-22,0238,Terra,MODIS,100,6.2,319.3,568.2,D,0
-20.073,124.1022,343.1,3.4,1.7,2014-10-22,0238,Terra,MODIS,29,6.2,318.7,127.1,D,0
-20.0886,124.1005,380.5,3.4,1.7,2014-10-22,0238,Terra,MODIS,100,6.2,320.6,745.1,D,0
-20.1042,124.0988,419.4,3.4,1.7,2014-10-22,0238,Terra,MODIS,100,6.2,324.3,2098.9,D,0
-20.1072,124.1309,340.9,3.4,1.7,2014-10-22,0238,Terra,MODIS,63,6.2,314.4,104.1,D,0
-20.1102,124.1636,342.9,3.4,1.7,2014-10-22,0238,Terra,MODIS,77,6.2,316.6,134.6,D,0
-20.1198,124.0972,419,3.4,1.7,2014-10-22,0238,Terra,MODIS,100,6.2,318.1,2109.2,D,0
-20.1354,124.0955,355.1,3.4,1.7,2014-10-22,0238,Terra,MODIS,96,6.2,305.3,304.1,D,0
-20.078,124.1074,350.8,3.4,1.7,2014-10-22,0238,Terra,MODIS,93,6.2,318.4,225.5,D,0
-20.1028,124.0402,380.2,3.3,1.7,2014-10-22,0238,Terra,MODIS,100,6.2,317.5,756,D,0
-20.0857,124.0685,345.3,3.3,1.7,2014-10-22,0238,Terra,MODIS,62,6.2,317.6,161.3,D,0
-20.0983,124.0348,361,3.3,1.7,2014-10-22,0238,Terra,MODIS,100,6.2,315.7,379.5,D,0
-20.1012,124.0668,386.7,3.3,1.7,2014-10-22,0238,Terra,MODIS,100,6.2,319.9,904.4,D,0
-20.0444,123.6147,386.1,3.1,1.7,2014-10-22,0238,Terra,MODIS,100,6.2,317.8,802.1,D,0
-20.1511,124.0938,344.5,3.4,1.7,2014-10-22,0238,Terra,MODIS,61,6.2,296.5,193.9,D,0
-20.0593,124.077,335.7,3.3,1.7,2014-10-22,0238,Terra,MODIS,64,6.2,317.9,85.1,D,0
-20.1459,124.0877,363.4,3.4,1.7,2014-10-22,0238,Terra,MODIS,94,6.2,302,460.6,D,0
-20.1001,123.5734,346.2,3.1,1.7,2014-10-22,0238,Terra,MODIS,89,6.2,312.9,171.9,D,0
-20.0987,123.5668,362.9,3.1,1.7,2014-10-22,0238,Terra,MODIS,100,6.2,314.3,376,D,0
-20.148,124.0618,406.4,3.3,1.7,2014-10-22,0238,Terra,MODIS,94,6.2,308,1592.1,D,0
-20.1324,124.0635,418.1,3.3,1.7,2014-10-22,0238,Terra,MODIS,100,6.2,320.1,2070.7,D,0
-20.1449,124.0297,353.6,3.3,1.7,2014-10-22,0238,Terra,MODIS,95,6.2,308.6,302.7,D,0
-20.1431,124.0556,405.4,3.3,1.7,2014-10-22,0238,Terra,MODIS,100,6.2,314.5,1560.8,D,0
-20.1109,123.5359,340.5,3,1.7,2014-10-22,0238,Terra,MODIS,83,6.2,311.3,129.5,D,0
-20.0959,123.5375,385.1,3,1.7,2014-10-22,0238,Terra,MODIS,100,6.2,318.8,775.7,D,0
-19.7519,123.3982,336.5,2.9,1.6,2014-10-22,0238,Terra,MODIS,77,6.2,313.6,81.8,D,0
-19.8567,123.2418,347.9,2.9,1.6,2014-10-22,0238,Terra,MODIS,91,6.2,312.1,171.1,D,0
-19.8594,123.2692,343.6,2.9,1.6,2014-10-22,0238,Terra,MODIS,82,6.2,315.2,126.8,D,0
-19.8887,123.266,337.3,2.9,1.6,2014-10-22,0238,Terra,MODIS,56,6.2,314.9,82.1,D,0
-19.8915,123.2935,336.5,2.9,1.6,2014-10-22,0238,Terra,MODIS,52,6.2,315.8,69.5,D,0
-19.8894,123.2591,335.8,2.9,1.6,2014-10-22,0238,Terra,MODIS,45,6.2,313.9,74.4,D,0
-20.0305,123.6404,338.6,3.1,1.7,2014-10-22,0238,Terra,MODIS,81,6.2,315.9,94.3,D,0
-20.0278,123.6107,338.8,3.1,1.7,2014-10-22,0238,Terra,MODIS,81,6.2,314.6,86.9,D,0
-20.0323,123.646,337.6,3.1,1.7,2014-10-22,0238,Terra,MODIS,79,6.2,315.8,89.3,D,0
-20.0293,123.6163,346.4,3.1,1.7,2014-10-22,0238,Terra,MODIS,89,6.2,315.3,159.8,D,0
-19.842,123.2434,338,2.9,1.6,2014-10-22,0238,Terra,MODIS,69,6.2,312.8,89.2,D,0
-19.892,123.2866,338.7,2.9,1.6,2014-10-22,0238,Terra,MODIS,66,6.2,315.7,89.1,D,0
-19.8787,123.4644,332.1,3,1.6,2014-10-22,0238,Terra,MODIS,55,6.2,315.4,38.3,D,0
-19.785,123.2826,336.8,2.9,1.6,2014-10-22,0238,Terra,MODIS,69,6.2,315.6,80.9,D,0
-19.7518,123.4048,336.3,2.9,1.6,2014-10-22,0238,Terra,MODIS,78,6.2,314.2,82.3,D,0
-19.7969,123.2537,332,2.9,1.6,2014-10-22,0238,Terra,MODIS,36,6.2,313,50.2,D,0
-21.4636,120.8851,344.5,2,1.4,2014-10-22,0238,Terra,MODIS,88,6.2,317.5,78.6,D,0
-21.5011,120.7636,347.4,2,1.4,2014-10-22,0238,Terra,MODIS,90,6.2,318.8,100.6,D,0
-21.46,120.8727,334.7,2,1.4,2014-10-22,0238,Terra,MODIS,24,6.2,315.8,36.1,D,0
-21.429,123.1673,337.6,3,1.6,2014-10-22,0238,Terra,MODIS,80,6.2,318.3,83.5,D,0
-21.1873,119.9772,332.2,1.7,1.3,2014-10-22,0238,Terra,MODIS,67,6.2,317.4,25.8,D,0
-21.4497,120.8936,336.7,2,1.4,2014-10-22,0238,Terra,MODIS,43,6.2,317.7,47.3,D,0
-21.4782,120.903,331.8,2,1.4,2014-10-22,0238,Terra,MODIS,57,6.2,318.1,23.6,D,0
-21.4923,121.0487,352.3,2.1,1.4,2014-10-22,0238,Terra,MODIS,94,6.2,314.3,138.7,D,0
-21.4725,120.8711,336.5,2,1.4,2014-10-22,0238,Terra,MODIS,55,6.2,317.3,43.1,D,0
-20.9474,119.9872,330.9,1.7,1.3,2014-10-22,0238,Terra,MODIS,60,6.2,318,18.3,D,0
-20.9399,119.9221,333.8,1.7,1.3,2014-10-22,0238,Terra,MODIS,60,6.2,317.8,29.5,D,0
-20.9592,119.8868,337.1,1.7,1.3,2014-10-22,0238,Terra,MODIS,36,6.2,314.4,36.8,D,0
-20.986,119.9161,344.7,1.7,1.3,2014-10-22,0238,Terra,MODIS,87,6.2,319,60.3,D,0
-21.441,123.1373,359.5,3,1.6,2014-10-22,0238,Terra,MODIS,99,6.2,318.7,286.8,D,0
-21.4761,120.8835,352.6,2,1.4,2014-10-22,0238,Terra,MODIS,95,6.2,318.6,128.2,D,0
-21.4587,123.1641,340.5,3,1.6,2014-10-22,0238,Terra,MODIS,69,6.2,313.2,103.6,D,0
-21.1854,119.9608,333,1.7,1.3,2014-10-22,0238,Terra,MODIS,69,6.2,316.2,27.3,D,0
-21.4621,120.892,338,2,1.4,2014-10-22,0238,Terra,MODIS,47,6.2,317.7,49.3,D,0
-21.4558,123.1356,364.7,3,1.6,2014-10-22,0238,Terra,MODIS,100,6.2,314.8,364.2,D,0
-21.4467,123.1944,342.2,3,1.6,2014-10-22,0238,Terra,MODIS,83,6.2,315.8,117.6,D,0
-20.9975,119.9147,337.8,1.7,1.3,2014-10-22,0238,Terra,MODIS,74,6.2,319.6,37.5,D,0
-20.9956,119.8986,348.5,1.7,1.3,2014-10-22,0238,Terra,MODIS,91,6.2,317.2,80.5,D,0
-21.4901,121.0288,342.9,2.1,1.4,2014-10-22,0238,Terra,MODIS,86,6.2,314.2,81.4,D,0
-21.505,121.0472,333.6,2.1,1.4,2014-10-22,0238,Terra,MODIS,72,6.2,314.8,43.5,D,0
-21.4289,123.1617,335.8,3,1.6,2014-10-22,0238,Terra,MODIS,71,6.2,318.8,69.1,D,0
-21.6975,120.785,329,2,1.4,2014-10-22,0238,Terra,MODIS,62,6.2,314.5,23.9,D,0
-20.7087,120.2905,339.8,1.8,1.3,2014-10-22,0238,Terra,MODIS,81,6.2,320.6,43.4,D,0
-20.9943,119.9086,347.8,1.7,1.3,2014-10-22,0238,Terra,MODIS,90,6.2,319.5,76.8,D,0
-21.4746,120.8905,355.6,2,1.4,2014-10-22,0238,Terra,MODIS,97,6.2,318.8,145.3,D,0
-20.9707,119.8852,335.3,1.7,1.3,2014-10-22,0238,Terra,MODIS,41,6.2,314.8,32.1,D,0
-21.4411,123.1316,350.1,3,1.6,2014-10-22,0238,Terra,MODIS,93,6.2,317.8,184.7,D,0
-21.4437,123.16,394,3,1.6,2014-10-22,0238,Terra,MODIS,100,6.2,322.1,956.7,D,0
-21.4475,120.8742,363.2,2,1.4,2014-10-22,0238,Terra,MODIS,100,6.2,318.1,206.4,D,0
-21.5054,121.0403,332.5,2.1,1.4,2014-10-22,0238,Terra,MODIS,67,6.2,315.2,37.9,D,0
-21.4585,123.1584,349.1,3,1.6,2014-10-22,0238,Terra,MODIS,92,6.2,313.2,188.7,D,0
-21.4559,123.1299,357.3,3,1.6,2014-10-22,0238,Terra,MODIS,98,6.2,314.7,272.6,D,0
-21.5712,121.0472,330.6,2.1,1.4,2014-10-22,0238,Terra,MODIS,46,6.2,316.9,27.3,D,0
-21.4438,123.1657,405.6,3,1.6,2014-10-22,0238,Terra,MODIS,100,6.2,322.3,1286.9,D,0
-21.4927,121.0418,357.8,2.1,1.4,2014-10-22,0238,Terra,MODIS,98,6.2,315.1,179.2,D,0
-20.9265,119.9073,335.4,1.7,1.3,2014-10-22,0238,Terra,MODIS,57,6.2,313.7,35.7,D,0
-20.9284,119.9236,339.5,1.7,1.3,2014-10-22,0238,Terra,MODIS,77,6.2,316.1,47.7,D,0
-21.5709,121.0528,331.1,2.1,1.4,2014-10-22,0238,Terra,MODIS,47,6.2,317.4,28.9,D,0
-21.4315,123.1903,330.2,3,1.6,2014-10-22,0238,Terra,MODIS,29,6.2,315.6,34.7,D,0
-21.5433,121.0359,332.2,2.1,1.4,2014-10-22,0238,Terra,MODIS,62,6.2,317.2,30,D,0
-20.9841,119.8998,341.9,1.7,1.3,2014-10-22,0238,Terra,MODIS,77,6.2,316.5,51.9,D,0
-20.938,119.906,333.2,1.7,1.3,2014-10-22,0238,Terra,MODIS,54,6.2,315.3,30.6,D,0
-20.9925,119.8925,339.6,1.7,1.3,2014-10-22,0238,Terra,MODIS,74,6.2,315.4,45.6,D,0
-21.4464,123.1887,358.6,3,1.6,2014-10-22,0238,Terra,MODIS,99,6.2,316.6,297.6,D,0
-21.1834,119.9713,331.7,1.7,1.3,2014-10-22,0238,Terra,MODIS,29,6.2,317.8,21.6,D,0
-23.5215,123.2328,344.4,3.2,1.7,2014-10-22,0239,Terra,MODIS,61,6.2,305.7,208.8,D,0
-23.4189,123.0684,363.1,3.1,1.7,2014-10-22,0239,Terra,MODIS,82,6.2,308.5,407.2,D,0
-23.417,123.063,361.8,3.1,1.7,2014-10-22,0239,Terra,MODIS,91,6.2,308.2,383.4,D,0
-22.7968,122.2383,353.9,2.6,1.6,2014-10-22,0239,Terra,MODIS,85,6.2,305.9,245.2,D,0
-32.1023,115.8077,317.9,1.3,1.1,2014-10-22,0241,Terra,MODIS,38,6.2,300.4,6.6,D,0
-31.8593,115.8918,317.9,1.3,1.1,2014-10-22,0241,Terra,MODIS,67,6.2,300.4,6.5,D,0
-31.7933,115.838,317.7,1.3,1.1,2014-10-22,0241,Terra,MODIS,52,6.2,300.5,6.9,D,0
-31.7917,115.8242,317.5,1.3,1.1,2014-10-22,0241,Terra,MODIS,39,6.2,301.8,6.7,D,0
-31.6893,115.8179,340.2,1.3,1.1,2014-10-22,0241,Terra,MODIS,89,6.2,306.4,48.1,D,0
-31.6909,115.8316,329,1.3,1.1,2014-10-22,0241,Terra,MODIS,81,6.2,306.5,25.1,D,0
-31.9888,115.9516,319.3,1.3,1.1,2014-10-22,0241,Terra,MODIS,43,6.2,301,7,D,0
-32.0657,115.9187,319.2,1.3,1.1,2014-10-22,0241,Terra,MODIS,69,6.2,300.6,8.1,D,2
-31.9026,115.8148,318.6,1.3,1.1,2014-10-22,0241,Terra,MODIS,48,6.2,301.6,8.6,D,0
-31.6759,115.7921,319.5,1.3,1.1,2014-10-22,0241,Terra,MODIS,61,6.2,304,12.4,D,0
-32.8232,116.4752,325.1,1.5,1.2,2014-10-22,0242,Terra,MODIS,80,6.2,301,28.4,D,0
-32.8191,116.4664,326.1,1.4,1.2,2014-10-22,0242,Terra,MODIS,81,6.2,300.9,29.1,D,0
-32.8215,116.4593,323.4,1.4,1.2,2014-10-22,0242,Terra,MODIS,79,6.2,300.7,25.2,D,0
-41.0728,147.9978,316.9,2.1,1.4,2014-10-22,0339,Aqua,MODIS,63,6.2,294.6,34.7,D,0
-41.0832,148.0044,342.1,2.1,1.4,2014-10-22,0339,Aqua,MODIS,93,6.2,296.4,126.7,D,0
-41.0708,148.0238,316.6,2.1,1.4,2014-10-22,0339,Aqua,MODIS,63,6.2,295.8,34.4,D,0
-41.0838,148.0257,376.4,2.1,1.4,2014-10-22,0339,Aqua,MODIS,100,6.2,299.4,401.5,D,0
-41.0857,148.0006,329,2.1,1.4,2014-10-22,0339,Aqua,MODIS,38,6.2,295,66.1,D,0
-41.0819,148.0506,343.2,2.1,1.4,2014-10-22,0339,Aqua,MODIS,87,6.2,295.3,130,D,0
-41.0925,148.0566,307.5,2.1,1.4,2014-10-22,0339,Aqua,MODIS,49,6.2,293.4,16.6,D,0
-41.0814,148.0297,379,2.1,1.4,2014-10-22,0339,Aqua,MODIS,100,6.2,300.3,434.1,D,0
-41.0796,148.0547,325.7,2.1,1.4,2014-10-22,0339,Aqua,MODIS,41,6.2,295.3,56,D,0
-41.0943,148.0314,325,2.1,1.4,2014-10-22,0339,Aqua,MODIS,83,6.2,294,61.8,D,0
-35.3041,149.3347,308.9,1.5,1.2,2014-10-22,0340,Aqua,MODIS,49,6.2,295.1,8.8,D,0
-35.3058,149.3176,316.1,1.5,1.2,2014-10-22,0340,Aqua,MODIS,69,6.2,296.1,19.2,D,0
-35.3075,149.301,327.3,1.5,1.2,2014-10-22,0340,Aqua,MODIS,82,6.2,297.6,40.2,D,0
-30.8544,151.3271,317.7,1.1,1,2014-10-22,0341,Aqua,MODIS,53,6.2,305.6,6.3,D,0
-30.848,151.3309,321.4,1.1,1,2014-10-22,0341,Aqua,MODIS,69,6.2,306.2,11.7,D,0
-33.8215,150.7895,315,1.2,1.1,2014-10-22,0341,Aqua,MODIS,40,6.2,300.4,7.3,D,0
-31.3567,152.7985,337.1,1,1,2014-10-22,0341,Aqua,MODIS,89,6.2,300.2,31.9,D,0
-31.3581,152.7879,442.6,1,1,2014-10-22,0341,Aqua,MODIS,100,6.2,316.3,620.5,D,0
-31.3285,147.7007,332.8,1.7,1.3,2014-10-22,0341,Aqua,MODIS,81,6.2,303.2,45.5,D,0
-31.3267,147.7186,321.5,1.7,1.3,2014-10-22,0341,Aqua,MODIS,63,6.2,302.5,16.5,D,0
-30.288,151.534,317.7,1.1,1,2014-10-22,0342,Aqua,MODIS,62,6.2,304.3,7.6,D,0
-30.2895,151.5231,317.7,1.1,1,2014-10-22,0342,Aqua,MODIS,51,6.2,305,8,D,0
-30.1975,152.0853,328.8,1,1,2014-10-22,0342,Aqua,MODIS,81,6.2,301.9,20.2,D,0
-30.199,152.0747,313.7,1,1,2014-10-22,0342,Aqua,MODIS,53,6.2,302.3,5,D,0
-30.54,151.9192,325.8,1,1,2014-10-22,0342,Aqua,MODIS,77,6.2,309.6,13,D,0
-25.3686,148.3454,323.2,1.3,1.1,2014-10-22,0343,Aqua,MODIS,40,6.2,307.4,10.4,D,0
-24.1611,150.5958,330,1,1,2014-10-22,0343,Aqua,MODIS,77,6.2,305.9,20.5,D,0
-25.669,150.4973,329.8,1.1,1,2014-10-22,0343,Aqua,MODIS,54,6.2,308,17,D,0
-24.1583,150.6162,331.7,1,1,2014-10-22,0343,Aqua,MODIS,59,6.2,307.6,22.8,D,0
-24.1492,150.6147,334.7,1,1,2014-10-22,0343,Aqua,MODIS,83,6.2,305.3,27.3,D,0
-24.1596,150.6061,342.7,1,1,2014-10-22,0343,Aqua,MODIS,90,6.2,307.3,39.8,D,0
-24.1506,150.6044,334.7,1,1,2014-10-22,0343,Aqua,MODIS,81,6.2,306.3,27.2,D,0
-24.3913,151.3812,322.7,1,1,2014-10-22,0343,Aqua,MODIS,59,6.2,295.7,14.8,D,0
-24.3927,151.3714,322.4,1,1,2014-10-22,0343,Aqua,MODIS,56,6.2,295.2,14.3,D,0
-24.2781,151.0767,323.5,1,1,2014-10-22,0343,Aqua,MODIS,63,6.2,305.2,11,D,0
-24.269,151.0752,327.1,1,1,2014-10-22,0343,Aqua,MODIS,74,6.2,306.5,14.8,D,0
-24.2704,151.0653,319.9,1,1,2014-10-22,0343,Aqua,MODIS,25,6.2,304.8,7.6,D,0
-23.055,150.6258,315.3,1,1,2014-10-22,0344,Aqua,MODIS,47,6.2,299.1,6,D,0
-20.3578,147.2318,332.7,1.3,1.1,2014-10-22,0344,Aqua,MODIS,58,6.2,310.5,25.6,D,0
-20.3343,147.2529,351.4,1.3,1.1,2014-10-22,0344,Aqua,MODIS,94,6.2,316.5,65.4,D,0
-20.3359,147.2405,365.4,1.3,1.1,2014-10-22,0344,Aqua,MODIS,100,6.2,315.7,120.5,D,0
-20.3374,147.2284,337.4,1.3,1.1,2014-10-22,0344,Aqua,MODIS,47,6.2,311.5,33.2,D,0
-20.3389,147.2163,339.3,1.3,1.1,2014-10-22,0344,Aqua,MODIS,80,6.2,307.7,42.6,D,0
-20.3257,147.2392,332.8,1.3,1.1,2014-10-22,0344,Aqua,MODIS,61,6.2,312.7,21.7,D,0
-20.3272,147.227,336.2,1.3,1.1,2014-10-22,0344,Aqua,MODIS,61,6.2,309.6,32.2,D,0
-20.3286,147.215,339,1.3,1.1,2014-10-22,0344,Aqua,MODIS,82,6.2,306.7,42.6,D,0
-17.0089,142.5807,329.6,2.5,1.5,2014-10-22,0345,Aqua,MODIS,41,6.2,314.3,31.7,D,0
-16.9932,142.2801,328.3,2.6,1.6,2014-10-22,0345,Aqua,MODIS,62,6.2,314.1,40.7,D,0
-16.9958,142.2552,339.7,2.7,1.6,2014-10-22,0345,Aqua,MODIS,85,6.2,314.2,110.5,D,0
-19.6968,143.5183,334,2.3,1.5,2014-10-22,0345,Aqua,MODIS,81,6.2,307.7,77.3,D,0
-15.0624,142.6288,338.8,2.3,1.5,2014-10-22,0346,Aqua,MODIS,86,6.2,309,85.8,D,0
-14.9682,145.1023,346.5,1.5,1.2,2014-10-22,0346,Aqua,MODIS,92,6.2,303.3,86.7,D,0
-15.2609,142.111,345.3,2.6,1.5,2014-10-22,0346,Aqua,MODIS,91,6.2,312,125.1,D,0
-15.1266,142.5101,326.6,2.4,1.5,2014-10-22,0346,Aqua,MODIS,45,6.2,307.1,35.3,D,0
-15.1611,142.4464,339.5,2.4,1.5,2014-10-22,0346,Aqua,MODIS,86,6.2,306.5,95.9,D,0
-15.1637,142.4239,336.7,2.4,1.5,2014-10-22,0346,Aqua,MODIS,84,6.2,309.1,79.4,D,0
-16.6202,142.6981,330.7,2.4,1.5,2014-10-22,0346,Aqua,MODIS,35,6.2,314.7,26.2,D,0
-14.1532,142.2809,331.1,2.4,1.5,2014-10-22,0346,Aqua,MODIS,78,6.2,303.8,72.5,D,0
-16.3669,142.457,396.9,2.5,1.5,2014-10-22,0346,Aqua,MODIS,100,6.2,319.4,818.2,D,0
-16.3806,142.4586,341.2,2.5,1.5,2014-10-22,0346,Aqua,MODIS,87,6.2,312.5,96.4,D,0
-14.3087,142.5117,322.7,2.3,1.5,2014-10-22,0346,Aqua,MODIS,13,6.2,300.5,33.2,D,0
-16.3695,142.4335,355,2.5,1.5,2014-10-22,0346,Aqua,MODIS,97,6.2,314.9,199.6,D,0
-15.3233,145.1862,331,1.5,1.2,2014-10-22,0346,Aqua,MODIS,79,6.2,297.1,42.6,D,0
-16.4503,142.4022,339.6,2.5,1.5,2014-10-22,0346,Aqua,MODIS,86,6.2,313.2,83.3,D,0
-16.3453,142.5253,331.2,2.5,1.5,2014-10-22,0346,Aqua,MODIS,68,6.2,313.8,44,D,0
-16.5197,142.4631,338.9,2.5,1.5,2014-10-22,0346,Aqua,MODIS,79,6.2,314,76.8,D,0
-16.3737,142.4649,391.9,2.5,1.5,2014-10-22,0346,Aqua,MODIS,100,6.2,317.5,718.8,D,0
-15.1717,142.9114,337.4,2.2,1.4,2014-10-22,0346,Aqua,MODIS,73,6.2,308.4,70.5,D,0
-15.1719,142.9272,333.5,2.2,1.4,2014-10-22,0346,Aqua,MODIS,50,6.2,308.6,49.4,D,0
-15.1772,142.4254,327.2,2.4,1.5,2014-10-22,0346,Aqua,MODIS,61,6.2,308.6,35.7,D,0
-16.3761,142.4414,362.8,2.5,1.5,2014-10-22,0346,Aqua,MODIS,100,6.2,315.3,276.9,D,0
-14.1592,142.2765,326.4,2.4,1.5,2014-10-22,0346,Aqua,MODIS,64,6.2,302.9,54,D,0
-15.09,142.595,329.5,2.3,1.5,2014-10-22,0346,Aqua,MODIS,47,6.2,305.7,47.2,D,0
-16.378,142.482,338.5,2.5,1.5,2014-10-22,0346,Aqua,MODIS,78,6.2,312.1,80.9,D,0
-15.1533,142.8619,325,2.2,1.5,2014-10-22,0346,Aqua,MODIS,31,6.2,307.4,23.4,D,0
-16.3643,142.4804,355.6,2.5,1.5,2014-10-22,0346,Aqua,MODIS,97,6.2,316.2,204.3,D,0
-16.3712,142.4883,347.6,2.5,1.5,2014-10-22,0346,Aqua,MODIS,92,6.2,313.5,148.1,D,0
-15.256,142.1053,344.6,2.6,1.5,2014-10-22,0346,Aqua,MODIS,90,6.2,311.5,115.7,D,0
-15.0941,142.5886,326.8,2.3,1.5,2014-10-22,0346,Aqua,MODIS,15,6.2,306,35.5,D,0
-16.4615,142.4275,338.9,2.5,1.5,2014-10-22,0346,Aqua,MODIS,79,6.2,315,79.3,D,0
-14.9667,145.1149,338.6,1.5,1.2,2014-10-22,0346,Aqua,MODIS,86,6.2,303,60,D,0
-15.2327,142.9469,331.7,2.2,1.4,2014-10-22,0346,Aqua,MODIS,48,6.2,308.1,43.8,D,0
-15.0384,143.5048,331.4,2,1.4,2014-10-22,0346,Aqua,MODIS,70,6.2,306.3,49.5,D,0
-15.2282,144.9511,322.1,1.6,1.2,2014-10-22,0346,Aqua,MODIS,26,6.2,304.1,15.5,D,0
-16.5334,142.4647,333,2.5,1.5,2014-10-22,0346,Aqua,MODIS,55,6.2,315.4,45.3,D,0
-15.0304,145.073,341,1.5,1.2,2014-10-22,0346,Aqua,MODIS,88,6.2,298.6,71.1,D,0
-14.4008,144.4461,336.7,1.7,1.3,2014-10-22,0346,Aqua,MODIS,85,6.2,301.3,56.1,D,0
-15.0152,142.6886,325.2,2.3,1.5,2014-10-22,0346,Aqua,MODIS,25,6.2,307.7,24.6,D,0
-14.9996,142.7084,330.7,2.3,1.5,2014-10-22,0346,Aqua,MODIS,37,6.2,309.9,44.9,D,0
-16.4601,141.6304,331.4,2.9,1.6,2014-10-22,0346,Aqua,MODIS,42,6.2,310.7,57.4,D,0
-16.4591,141.6231,330.7,2.9,1.6,2014-10-22,0346,Aqua,MODIS,50,6.2,310,55.9,D,0
-16.9817,142.2536,346.6,2.7,1.6,2014-10-22,0346,Aqua,MODIS,91,6.2,314.4,157.7,D,0
-16.9791,142.2785,349.7,2.6,1.6,2014-10-22,0346,Aqua,MODIS,93,6.2,313.7,179.1,D,0
-16.9743,142.271,345.1,2.6,1.6,2014-10-22,0346,Aqua,MODIS,89,6.2,313.9,141.1,D,0
-16.9771,142.2461,329.4,2.7,1.6,2014-10-22,0346,Aqua,MODIS,51,6.2,312,44.2,D,0
-16.9472,142.1733,326.2,2.7,1.6,2014-10-22,0346,Aqua,MODIS,55,6.2,308.5,38.9,D,0
-16.9431,142.166,327.2,2.7,1.6,2014-10-22,0346,Aqua,MODIS,62,6.2,308.1,45.2,D,0
-14.5905,143.4376,325.3,2,1.4,2014-10-22,0346,Aqua,MODIS,66,6.2,296.7,46.4,D,0
-14.888,143.1258,328.5,2.1,1.4,2014-10-22,0346,Aqua,MODIS,68,6.2,306.1,39,D,0
-15.1798,145.1623,322.9,1.5,1.2,2014-10-22,0346,Aqua,MODIS,55,6.2,297.5,24,D,0
-13.5592,141.6175,331.4,2.7,1.6,2014-10-22,0346,Aqua,MODIS,82,6.2,294.9,85.2,D,0
-14.4027,144.4308,323,1.7,1.3,2014-10-22,0346,Aqua,MODIS,35,6.2,301.7,17.9,D,0
-16.4562,141.6503,332.6,2.9,1.6,2014-10-22,0346,Aqua,MODIS,56,6.2,310.7,66,D,0
-14.9754,145.0461,357.3,1.5,1.2,2014-10-22,0346,Aqua,MODIS,98,6.2,296.1,136.4,D,0
-13.564,141.625,325.7,2.7,1.6,2014-10-22,0346,Aqua,MODIS,67,6.2,296.9,57.9,D,0
-13.6035,141.6546,328,2.6,1.6,2014-10-22,0346,Aqua,MODIS,70,6.2,298.1,72,D,0
-14.3721,144.3004,320.7,1.7,1.3,2014-10-22,0346,Aqua,MODIS,50,6.2,301.4,17.9,D,0
-14.5976,144.5983,322.7,1.6,1.3,2014-10-22,0346,Aqua,MODIS,39,6.2,300.2,23.3,D,0
-14.8857,143.1455,344,2.1,1.4,2014-10-22,0346,Aqua,MODIS,90,6.2,304.7,109.2,D,0
-16.8432,142.124,331.1,2.7,1.6,2014-10-22,0346,Aqua,MODIS,50,6.2,312.5,55.5,D,0
-15.0309,142.6688,334.8,2.3,1.5,2014-10-22,0346,Aqua,MODIS,81,6.2,309.2,64.2,D,0
-13.5222,143.2301,323.5,2,1.4,2014-10-22,0346,Aqua,MODIS,74,6.2,298.9,35.7,D,0
-14.9736,145.0605,354.8,1.5,1.2,2014-10-22,0346,Aqua,MODIS,97,6.2,298.5,124.9,D,0
-15.1896,144.9898,322.2,1.6,1.2,2014-10-22,0346,Aqua,MODIS,47,6.2,304,12.9,D,0
-14.2941,144.3788,319.2,1.7,1.3,2014-10-22,0346,Aqua,MODIS,0,6.2,300.3,12.6,D,0
-15.1888,144.983,322.2,1.6,1.2,2014-10-22,0346,Aqua,MODIS,31,6.2,305.6,11.7,D,0
-16.4738,141.6247,328.9,2.9,1.6,2014-10-22,0346,Aqua,MODIS,56,6.2,313.6,48.3,D,0
-14.2789,142.5678,360.3,2.3,1.5,2014-10-22,0346,Aqua,MODIS,94,6.2,297,253.7,D,0
-14.2726,142.5934,332.6,2.3,1.5,2014-10-22,0346,Aqua,MODIS,79,6.2,299,66.7,D,0
-14.2905,142.5528,353.1,2.3,1.5,2014-10-22,0346,Aqua,MODIS,91,6.2,303.6,195.1,D,0
-14.2882,142.5739,357,2.3,1.5,2014-10-22,0346,Aqua,MODIS,93,6.2,295.2,224.7,D,0
-15.0362,143.5233,346.7,2,1.4,2014-10-22,0346,Aqua,MODIS,92,6.2,307,117.7,D,0
-11.5293,142.4964,324.6,2.1,1.4,2014-10-22,0347,Aqua,MODIS,78,6.2,287.3,52.7,D,0
-11.5269,142.5157,311.8,2.1,1.4,2014-10-22,0347,Aqua,MODIS,34,6.2,285.6,17.6,D,0
-12.5472,141.9087,323.5,2.4,1.5,2014-10-22,0347,Aqua,MODIS,53,6.2,301.4,49.5,D,0
-12.5536,141.9044,323.7,2.4,1.5,2014-10-22,0347,Aqua,MODIS,40,6.2,303.5,45.9,D,0
-11.6978,142.2883,316.6,2.2,1.4,2014-10-22,0347,Aqua,MODIS,66,6.2,290.6,24.1,D,0
-11.6992,142.2815,316.7,2.2,1.4,2014-10-22,0347,Aqua,MODIS,51,6.2,290.6,22.5,D,0
-12.7683,142.2422,327.1,2.3,1.5,2014-10-22,0347,Aqua,MODIS,45,6.2,293.7,52.6,D,0
-12.7717,142.2356,328.5,2.3,1.5,2014-10-22,0347,Aqua,MODIS,0,6.2,294.4,59,D,0
-12.2705,142.8118,312.5,2.1,1.4,2014-10-22,0347,Aqua,MODIS,32,6.2,292.2,14.7,D,0
-12.6511,142.1506,323.8,2.3,1.5,2014-10-22,0347,Aqua,MODIS,61,6.2,300.1,44.2,D,0
-12.2712,142.8172,312.5,2.1,1.4,2014-10-22,0347,Aqua,MODIS,33,6.2,291.2,14.5,D,0
-13.0358,143.1775,318.8,2,1.4,2014-10-22,0347,Aqua,MODIS,56,6.2,295.2,28.7,D,0
-12.5347,142.4669,319.2,2.2,1.4,2014-10-22,0347,Aqua,MODIS,51,6.2,298.1,19.9,D,0
-12.5616,142.6786,332,2.1,1.4,2014-10-22,0347,Aqua,MODIS,84,6.2,300,56.9,D,0
-12.5614,142.6718,325.9,2.1,1.4,2014-10-22,0347,Aqua,MODIS,73,6.2,300.7,34.2,D,0
-12.6126,142.685,327.7,2.1,1.4,2014-10-22,0347,Aqua,MODIS,74,6.2,298.5,42.1,D,0
-31.1761,132.8293,345.1,1.3,1.1,2014-10-22,0520,Aqua,MODIS,89,6.2,317,48.7,D,0
-31.1863,132.8318,332.7,1.3,1.1,2014-10-22,0520,Aqua,MODIS,69,6.2,314.7,18.7,D,0
-32.8291,116.4553,311,4.7,2,2014-10-22,0520,Aqua,MODIS,49,6.2,295.8,44.2,D,0
-32.8256,116.4581,310.8,4.7,2,2014-10-22,0520,Aqua,MODIS,51,6.2,295.6,44.6,D,0
-27.5402,127.3997,341,1,1,2014-10-22,0521,Aqua,MODIS,86,6.2,300.1,31.2,D,0
-27.5464,127.4216,327.5,1,1,2014-10-22,0521,Aqua,MODIS,64,6.2,303,11,D,0
-27.5493,127.4014,372,1,1,2014-10-22,0521,Aqua,MODIS,100,6.2,301,109.3,D,0
-27.5478,127.4115,341.6,1,1,2014-10-22,0521,Aqua,MODIS,86,6.2,302.9,31,D,0
-27.5417,127.3896,324.3,1,1,2014-10-22,0521,Aqua,MODIS,40,6.2,294.8,8.3,D,0
-27.5227,127.4589,377.9,1,1,2014-10-22,0521,Aqua,MODIS,100,6.2,309.5,127.4,D,0
-27.5212,127.469,334.1,1,1,2014-10-22,0521,Aqua,MODIS,78,6.2,308.4,15.3,D,0
-27.5198,127.4792,332.4,1,1,2014-10-22,0521,Aqua,MODIS,75,6.2,310.6,12.6,D,0
-30.8766,121.4786,326.4,2.1,1.4,2014-10-22,0521,Aqua,MODIS,75,6.2,306.4,35.7,D,0
-26.595,126.1222,349.3,1,1,2014-10-22,0522,Aqua,MODIS,92,6.2,319.1,34.3,D,0
-26.5816,126.1521,424.7,1,1,2014-10-22,0522,Aqua,MODIS,100,6.2,331.4,431.1,D,0
-26.583,126.1416,370.3,1,1,2014-10-22,0522,Aqua,MODIS,100,6.2,323.1,90.8,D,0
-26.5735,126.1549,372.4,1,1,2014-10-22,0522,Aqua,MODIS,100,6.2,321.4,105.7,D,0
-26.575,126.1445,394.6,1,1,2014-10-22,0522,Aqua,MODIS,100,6.2,325.8,209.8,D,0
-23.4872,123.8415,363.2,1.2,1.1,2014-10-22,0522,Aqua,MODIS,85,6.2,331.7,89.4,D,0
-26.5764,126.134,337.5,1,1,2014-10-22,0522,Aqua,MODIS,34,6.2,317.1,15.1,D,0
-23.5468,123.2032,361.2,1.3,1.1,2014-10-22,0522,Aqua,MODIS,100,6.2,313.3,102.3,D,0
-23.5484,123.1904,384.5,1.3,1.1,2014-10-22,0522,Aqua,MODIS,100,6.2,317.3,226.2,D,0
-23.5499,123.1777,348.5,1.3,1.1,2014-10-22,0522,Aqua,MODIS,91,6.2,311.4,59.4,D,0
-23.5366,123.2017,364.5,1.3,1.1,2014-10-22,0522,Aqua,MODIS,100,6.2,328.5,111,D,0
-23.5382,123.189,351.1,1.3,1.1,2014-10-22,0522,Aqua,MODIS,88,6.2,324.4,64.9,D,0
-23.5264,123.2002,350.1,1.3,1.1,2014-10-22,0522,Aqua,MODIS,93,6.2,321.6,50.9,D,0
-23.5279,123.1875,369.1,1.3,1.1,2014-10-22,0522,Aqua,MODIS,100,6.2,323.5,132.1,D,0
-23.535,123.2145,399.6,1.3,1.1,2014-10-22,0522,Aqua,MODIS,100,6.2,332.4,333.6,D,0
-23.5154,123.8634,346.9,1.2,1.1,2014-10-22,0522,Aqua,MODIS,42,6.2,305.9,47.5,D,0
-23.5055,123.8619,431.4,1.2,1.1,2014-10-22,0522,Aqua,MODIS,94,6.2,331.3,619.5,D,0
-23.5335,123.2272,368.1,1.3,1.1,2014-10-22,0522,Aqua,MODIS,98,6.2,312.4,129.9,D,0
-23.5452,123.216,366.7,1.3,1.1,2014-10-22,0522,Aqua,MODIS,93,6.2,319.2,127.1,D,0
-23.507,123.8502,423.1,1.2,1.1,2014-10-22,0522,Aqua,MODIS,0,6.2,400.1,516.5,D,0
-26.646,126.1629,337.4,1,1,2014-10-22,0522,Aqua,MODIS,58,6.2,317.9,14,D,0
-26.6474,126.1524,343.9,1,1,2014-10-22,0522,Aqua,MODIS,87,6.2,317,26.1,D,0
-23.3829,123.0504,353.3,1.3,1.1,2014-10-22,0522,Aqua,MODIS,95,6.2,323.3,61.3,D,0
-23.4957,123.8605,367.5,1.2,1.1,2014-10-22,0522,Aqua,MODIS,87,6.2,321.8,108.7,D,0
-23.4972,123.8487,377.7,1.2,1.1,2014-10-22,0522,Aqua,MODIS,53,6.2,334.9,148.4,D,0
-23.4873,123.8472,376.9,1.2,1.1,2014-10-22,0522,Aqua,MODIS,100,6.2,330,144.5,D,0
-23.4888,123.8355,355.2,1.2,1.1,2014-10-22,0522,Aqua,MODIS,75,6.2,328.2,56,D,0
-23.4452,123.0251,350.8,1.3,1.1,2014-10-22,0522,Aqua,MODIS,69,6.2,297.6,68.8,D,0
-26.6502,126.1315,337.7,1,1,2014-10-22,0522,Aqua,MODIS,79,6.2,315.5,17.1,D,0
-26.6488,126.1419,352.4,1,1,2014-10-22,0522,Aqua,MODIS,94,6.2,317.5,45.1,D,0
-26.6284,126.2239,341.9,1,1,2014-10-22,0522,Aqua,MODIS,65,6.2,316.8,19.6,D,0
-26.6396,126.1404,342.4,1,1,2014-10-22,0522,Aqua,MODIS,82,6.2,318.3,22.6,D,0
-26.641,126.1299,340.4,1,1,2014-10-22,0522,Aqua,MODIS,83,6.2,316.2,20.8,D,0
-26.5908,126.1536,341,1,1,2014-10-22,0522,Aqua,MODIS,66,6.2,322.1,16.9,D,0
-26.5714,126.1011,338.6,1,1,2014-10-22,0522,Aqua,MODIS,61,6.2,317,18,D,0
-26.5792,126.1131,336,1,1,2014-10-22,0522,Aqua,MODIS,70,6.2,317.4,14.7,D,0
-26.6058,126.252,340,1,1,2014-10-22,0522,Aqua,MODIS,70,6.2,319.1,16.3,D,0
-26.6044,126.2624,342.9,1,1,2014-10-22,0522,Aqua,MODIS,85,6.2,317.9,22.5,D,0
-26.5872,126.1102,384.1,1,1,2014-10-22,0522,Aqua,MODIS,100,6.2,320.9,154.1,D,0
-19.8461,123.2164,374.3,1.2,1.1,2014-10-22,0523,Aqua,MODIS,100,6.2,315.4,138.3,D,0
-19.8965,123.4557,350.1,1.1,1.1,2014-10-22,0523,Aqua,MODIS,92,6.2,321.2,42.8,D,0
-22.8467,117.6131,327.8,3.1,1.7,2014-10-22,0523,Aqua,MODIS,0,6.2,284.2,116.5,D,0
-22.8589,117.6196,331.4,3.1,1.7,2014-10-22,0523,Aqua,MODIS,72,6.2,288.6,140.9,D,0
-19.9012,123.2643,365.1,1.2,1.1,2014-10-22,0523,Aqua,MODIS,100,6.2,321.1,84.3,D,0
-19.9041,123.2418,377.8,1.2,1.1,2014-10-22,0523,Aqua,MODIS,100,6.2,321.2,151.2,D,0
-19.9055,123.2306,350.9,1.2,1.1,2014-10-22,0523,Aqua,MODIS,81,6.2,316.3,51.7,D,0
-19.8971,123.281,345.5,1.2,1.1,2014-10-22,0523,Aqua,MODIS,87,6.2,322.9,27,D,0
-19.7529,123.3774,355.6,1.2,1.1,2014-10-22,0523,Aqua,MODIS,96,6.2,323.8,59.2,D,0
-19.764,123.3678,384.6,1.2,1.1,2014-10-22,0523,Aqua,MODIS,100,6.2,327.8,180.2,D,0
-19.7626,123.3788,359.9,1.2,1.1,2014-10-22,0523,Aqua,MODIS,99,6.2,324.6,71.8,D,0
-19.814,123.2346,380.1,1.2,1.1,2014-10-22,0523,Aqua,MODIS,100,6.2,325.4,159,D,0
-19.8126,123.2458,361.6,1.2,1.1,2014-10-22,0523,Aqua,MODIS,100,6.2,322.4,76.1,D,0
-19.8252,123.2248,346.7,1.2,1.1,2014-10-22,0523,Aqua,MODIS,76,6.2,321.8,35.4,D,0
-19.8237,123.236,349.3,1.2,1.1,2014-10-22,0523,Aqua,MODIS,91,6.2,320.5,39.6,D,0
-19.7896,123.2471,405.5,1.2,1.1,2014-10-22,0523,Aqua,MODIS,100,6.2,330.6,323.3,D,0
-19.7882,123.2583,404.8,1.2,1.1,2014-10-22,0523,Aqua,MODIS,100,6.2,330.1,315.8,D,0
-19.7867,123.2694,380.4,1.2,1.1,2014-10-22,0523,Aqua,MODIS,100,6.2,327.7,153.6,D,0
-19.9993,123.5997,336.7,1.1,1.1,2014-10-22,0523,Aqua,MODIS,73,6.2,318.7,13.7,D,0
-19.7737,123.3692,379,1.2,1.1,2014-10-22,0523,Aqua,MODIS,100,6.2,321.6,150.6,D,0
-19.8023,123.2261,345.2,1.2,1.1,2014-10-22,0523,Aqua,MODIS,87,6.2,322,32.4,D,0
-19.8008,123.2373,453.5,1.2,1.1,2014-10-22,0523,Aqua,MODIS,100,6.2,337.3,920.2,D,0
-19.7993,123.2485,391.8,1.2,1.1,2014-10-22,0523,Aqua,MODIS,100,6.2,324.8,220.9,D,0
-19.812,123.2275,359.9,1.2,1.1,2014-10-22,0523,Aqua,MODIS,99,6.2,323.9,73.7,D,0
-19.8105,123.2387,407.4,1.2,1.1,2014-10-22,0523,Aqua,MODIS,100,6.2,329.5,341.5,D,0
-19.8091,123.2499,351.9,1.2,1.1,2014-10-22,0523,Aqua,MODIS,93,6.2,320.8,43.4,D,0
-20.0221,123.4247,357,1.2,1.1,2014-10-22,0523,Aqua,MODIS,97,6.2,319.5,64,D,0
-20.0125,123.4233,354.8,1.2,1.1,2014-10-22,0523,Aqua,MODIS,96,6.2,320.7,56.9,D,0
-19.9358,123.3035,339.8,1.2,1.1,2014-10-22,0523,Aqua,MODIS,48,6.2,322.8,16.8,D,0
-19.8154,123.2234,344,1.2,1.1,2014-10-22,0523,Aqua,MODIS,85,6.2,321.2,29.1,D,0
-19.9372,123.2924,345.2,1.2,1.1,2014-10-22,0523,Aqua,MODIS,79,6.2,322,29.8,D,0
-19.9304,123.2686,343,1.2,1.1,2014-10-22,0523,Aqua,MODIS,48,6.2,318.2,26.1,D,0
-19.8363,123.215,374.2,1.2,1.1,2014-10-22,0523,Aqua,MODIS,100,6.2,323.6,137.2,D,0
-19.9138,123.2433,371.5,1.2,1.1,2014-10-22,0523,Aqua,MODIS,100,6.2,321.6,124,D,0
-19.8349,123.2262,381.9,1.2,1.1,2014-10-22,0523,Aqua,MODIS,100,6.2,327.4,170.7,D,0
-19.8446,123.2277,371,1.2,1.1,2014-10-22,0523,Aqua,MODIS,100,6.2,317,117.7,D,0
-19.8544,123.2291,383.2,1.2,1.1,2014-10-22,0523,Aqua,MODIS,100,6.2,319.7,180.1,D,0
-19.8529,123.2403,352.3,1.2,1.1,2014-10-22,0523,Aqua,MODIS,74,6.2,320.3,40.6,D,0
-19.85,123.2627,342.9,1.2,1.1,2014-10-22,0523,Aqua,MODIS,48,6.2,323.3,20.6,D,0
-19.8655,123.2193,371.5,1.2,1.1,2014-10-22,0523,Aqua,MODIS,100,6.2,315.3,130.2,D,0
-19.9152,123.232,360,1.2,1.1,2014-10-22,0523,Aqua,MODIS,100,6.2,318.6,80.6,D,0
-19.8641,123.2305,363.6,1.2,1.1,2014-10-22,0523,Aqua,MODIS,87,6.2,317.1,91.2,D,0
-19.8612,123.2529,354.3,1.2,1.1,2014-10-22,0523,Aqua,MODIS,92,6.2,322.8,47.2,D,0
-19.8597,123.2641,359.6,1.2,1.1,2014-10-22,0523,Aqua,MODIS,99,6.2,323.9,64.7,D,0
-19.8753,123.2207,362.3,1.2,1.1,2014-10-22,0523,Aqua,MODIS,100,6.2,314.9,91.2,D,0
-19.8738,123.2319,375.5,1.2,1.1,2014-10-22,0523,Aqua,MODIS,100,6.2,319.9,139.4,D,0
-19.885,123.2221,357.5,1.2,1.1,2014-10-22,0523,Aqua,MODIS,98,6.2,316.4,74.9,D,0
-19.8821,123.2446,346.9,1.2,1.1,2014-10-22,0523,Aqua,MODIS,67,6.2,319,31.3,D,0
-19.903,123.2362,358.6,1.2,1.1,2014-10-22,0523,Aqua,MODIS,99,6.2,319.1,72.6,D,0
-19.9016,123.2474,345.3,1.2,1.1,2014-10-22,0523,Aqua,MODIS,69,6.2,319.4,30,D,0
-19.8986,123.2698,350.3,1.2,1.1,2014-10-22,0523,Aqua,MODIS,92,6.2,323.5,39.7,D,0
-19.7722,123.3802,363.2,1.2,1.1,2014-10-22,0523,Aqua,MODIS,100,6.2,320.9,83.5,D,0
-21.7362,127.5202,340.6,1,1,2014-10-22,0523,Aqua,MODIS,79,6.2,325.4,15.5,D,0
-21.7454,127.5218,424.8,1,1,2014-10-22,0523,Aqua,MODIS,100,6.2,337.4,424.2,D,0
-22.3049,121.7646,341.5,1.5,1.2,2014-10-22,0523,Aqua,MODIS,86,6.2,290.3,66.8,D,0
-22.3067,121.7495,327.9,1.5,1.2,2014-10-22,0523,Aqua,MODIS,38,6.2,290.9,29.7,D,0
-21.7439,127.5317,393.5,1,1,2014-10-22,0523,Aqua,MODIS,100,6.2,330.2,192.5,D,0
-21.7424,127.5416,363.6,1,1,2014-10-22,0523,Aqua,MODIS,100,6.2,327,66.1,D,0
-21.7545,127.5233,376,1,1,2014-10-22,0523,Aqua,MODIS,100,6.2,329.4,109.5,D,0
-20.1036,123.4984,352.3,1.1,1.1,2014-10-22,0523,Aqua,MODIS,94,6.2,316.3,54.5,D,0
-20.1199,123.5232,344,1.1,1.1,2014-10-22,0523,Aqua,MODIS,85,6.2,316.9,30.5,D,0
-21.753,127.5333,370.6,1,1,2014-10-22,0523,Aqua,MODIS,100,6.2,330.4,87.7,D,0
-21.7515,127.5433,364.5,1,1,2014-10-22,0523,Aqua,MODIS,100,6.2,329.7,68,D,0
-20.0381,127.8485,361.4,1.1,1,2014-10-22,0523,Aqua,MODIS,100,6.2,326.7,64.9,D,0
-20.0349,127.8691,344.7,1.1,1,2014-10-22,0523,Aqua,MODIS,86,6.2,325.3,24.8,D,0
-20.0474,127.8501,439,1.1,1,2014-10-22,0523,Aqua,MODIS,100,6.2,342.8,617.3,D,0
-20.0458,127.8604,378.9,1.1,1,2014-10-22,0523,Aqua,MODIS,100,6.2,329.3,130.6,D,0
-20.0583,127.8414,335.4,1.1,1,2014-10-22,0523,Aqua,MODIS,49,6.2,317.4,9.6,D,0
-20.0568,127.8517,369.4,1.1,1,2014-10-22,0523,Aqua,MODIS,100,6.2,324.9,94.3,D,0
-20.0552,127.8621,349.1,1.1,1,2014-10-22,0523,Aqua,MODIS,72,6.2,326.6,31.5,D,0
-22.6176,122.2161,350.2,1.5,1.2,2014-10-22,0523,Aqua,MODIS,0,6.2,293.1,76.5,D,0
-22.6084,122.2002,338.9,1.5,1.2,2014-10-22,0523,Aqua,MODIS,64,6.2,297.4,41.5,D,0
-22.5853,122.2112,361.8,1.5,1.2,2014-10-22,0523,Aqua,MODIS,100,6.2,311.1,126,D,0
-22.5869,122.197,336.8,1.5,1.2,2014-10-22,0523,Aqua,MODIS,60,6.2,301.9,37.7,D,0
-22.5935,122.2071,337.3,1.5,1.2,2014-10-22,0523,Aqua,MODIS,62,6.2,306.9,36,D,0
-22.5828,122.2056,361.2,1.5,1.2,2014-10-22,0523,Aqua,MODIS,100,6.2,311.5,128.4,D,0
-22.4098,122.247,356.4,1.4,1.2,2014-10-22,0523,Aqua,MODIS,90,6.2,312.1,102.1,D,0
-22.4114,122.2329,346.8,1.4,1.2,2014-10-22,0523,Aqua,MODIS,79,6.2,309.5,69.9,D,0
-22.399,122.2456,383.7,1.4,1.2,2014-10-22,0523,Aqua,MODIS,100,6.2,312.6,259.6,D,0
-20.3305,124.6214,348.1,1,1,2014-10-22,0523,Aqua,MODIS,90,6.2,324.8,28.3,D,0
-20.3397,124.6228,344.1,1,1,2014-10-22,0523,Aqua,MODIS,85,6.2,324.9,19.4,D,0
-20.3383,124.6328,343.5,1,1,2014-10-22,0523,Aqua,MODIS,76,6.2,323.3,20.1,D,0
-20.3571,124.564,347.5,1.1,1,2014-10-22,0523,Aqua,MODIS,89,6.2,324.9,29.7,D,0
-20.3677,124.5554,338.4,1.1,1,2014-10-22,0523,Aqua,MODIS,67,6.2,322.8,14.7,D,0
-20.3664,124.5654,378,1.1,1,2014-10-22,0523,Aqua,MODIS,100,6.2,329.6,125.2,D,0
-20.365,124.5754,345.3,1.1,1,2014-10-22,0523,Aqua,MODIS,87,6.2,323.6,24.3,D,0
-22.4006,122.2316,380.4,1.4,1.2,2014-10-22,0523,Aqua,MODIS,100,6.2,310.8,239.8,D,0
-22.4051,122.2551,339.5,1.4,1.2,2014-10-22,0523,Aqua,MODIS,62,6.2,311.2,40.4,D,0
-22.4068,122.2412,391.5,1.4,1.2,2014-10-22,0523,Aqua,MODIS,100,6.2,316.6,323,D,0
-22.4085,122.227,348.7,1.4,1.2,2014-10-22,0523,Aqua,MODIS,84,6.2,309.1,76.3,D,0
-19.0527,131.581,345.8,1.9,1.3,2014-10-22,0523,Aqua,MODIS,50,6.2,318.5,66.4,D,0
-19.9698,127.948,335.6,1.1,1,2014-10-22,0523,Aqua,MODIS,71,6.2,321.6,12.3,D,0
-19.9752,127.944,340.1,1.1,1,2014-10-22,0523,Aqua,MODIS,76,6.2,323.3,17.8,D,0
-20.0837,123.6506,360.1,1.1,1.1,2014-10-22,0523,Aqua,MODIS,100,6.2,317.7,78.4,D,0
-19.0161,131.6476,365.6,1.9,1.3,2014-10-22,0523,Aqua,MODIS,100,6.2,321.2,190.4,D,0
-18.9535,131.5559,348.1,1.9,1.3,2014-10-22,0523,Aqua,MODIS,71,6.2,316,99.6,D,0
-19.0288,131.5763,353,1.9,1.3,2014-10-22,0523,Aqua,MODIS,52,6.2,320.7,104.3,D,0
-19.0008,131.6631,335.8,1.9,1.3,2014-10-22,0523,Aqua,MODIS,24,6.2,317.9,24.4,D,0
-19.004,131.6451,428,1.9,1.3,2014-10-22,0523,Aqua,MODIS,100,6.2,332.2,1125,D,0
-19.0072,131.6272,452.7,1.9,1.3,2014-10-22,0523,Aqua,MODIS,100,6.2,400.1,1828.8,D,0
-19.0105,131.6093,413.2,1.9,1.3,2014-10-22,0523,Aqua,MODIS,100,6.2,328.5,793.3,D,0
-19.0136,131.5915,399.6,1.9,1.3,2014-10-22,0523,Aqua,MODIS,100,6.2,323.6,568,D,0
-19.0168,131.5739,446.1,1.9,1.3,2014-10-22,0523,Aqua,MODIS,100,6.2,340.5,1604.7,D,0
-18.992,131.6426,366.6,1.9,1.3,2014-10-22,0523,Aqua,MODIS,100,6.2,317.8,202.1,D,0
-20.0998,124.1541,340.6,1.1,1,2014-10-22,0523,Aqua,MODIS,56,6.2,325.3,13.5,D,0
-20.1119,124.1349,355.6,1.1,1,2014-10-22,0523,Aqua,MODIS,96,6.2,326,48.4,D,0
-20.1105,124.1452,349.8,1.1,1,2014-10-22,0523,Aqua,MODIS,92,6.2,326.5,33.3,D,0
-20.1092,124.1555,340.2,1.1,1,2014-10-22,0523,Aqua,MODIS,47,6.2,324,12,D,0
-20.1226,124.126,356.5,1.1,1,2014-10-22,0523,Aqua,MODIS,97,6.2,321.1,54.9,D,0
-20.1064,123.4764,342.1,1.2,1.1,2014-10-22,0523,Aqua,MODIS,83,6.2,316.8,31.7,D,0
-22.3961,122.2398,336.5,1.4,1.2,2014-10-22,0523,Aqua,MODIS,77,6.2,310.6,35.7,D,0
-18.9952,131.6247,393,1.9,1.3,2014-10-22,0523,Aqua,MODIS,100,6.2,318.7,478.7,D,0
-18.998,131.6571,351.3,1.9,1.3,2014-10-22,0523,Aqua,MODIS,93,6.2,317.9,98.1,D,0
-19.0011,131.6391,429.5,1.9,1.3,2014-10-22,0523,Aqua,MODIS,100,6.2,337.5,1165.3,D,0
-19.0042,131.6212,427.2,1.9,1.3,2014-10-22,0523,Aqua,MODIS,100,6.2,340.5,1103.4,D,0
-19.0073,131.6033,383.8,1.9,1.3,2014-10-22,0523,Aqua,MODIS,100,6.2,321.8,362.5,D,0
-19.0103,131.5855,398.4,1.9,1.3,2014-10-22,0523,Aqua,MODIS,100,6.2,323.4,553.2,D,0
-18.9891,131.6367,339.1,1.9,1.3,2014-10-22,0523,Aqua,MODIS,76,6.2,315.2,40.6,D,0
-18.9922,131.6187,336.5,1.9,1.3,2014-10-22,0523,Aqua,MODIS,61,6.2,313.1,29.9,D,0
-18.9529,131.6294,342.5,1.9,1.3,2014-10-22,0523,Aqua,MODIS,83,6.2,318.1,58,D,0
-18.9561,131.6116,351.8,1.9,1.3,2014-10-22,0523,Aqua,MODIS,93,6.2,319.3,107.8,D,0
-18.9624,131.576,359.5,1.9,1.3,2014-10-22,0523,Aqua,MODIS,98,6.2,319.8,161.7,D,0
-18.944,131.6092,367.5,1.9,1.3,2014-10-22,0523,Aqua,MODIS,100,6.2,316.9,217.5,D,0
-18.9472,131.5914,386.3,1.9,1.3,2014-10-22,0523,Aqua,MODIS,100,6.2,319.5,404,D,0
-18.9504,131.5736,428.2,1.9,1.3,2014-10-22,0523,Aqua,MODIS,100,6.2,331.3,1133.6,D,0
-20.0574,124.0672,373.4,1.1,1,2014-10-22,0523,Aqua,MODIS,100,6.2,324.3,110.4,D,0
-19.0193,131.6296,408.3,1.9,1.3,2014-10-22,0523,Aqua,MODIS,100,6.2,329.8,702.5,D,0
-20.0588,124.0569,471.9,1.1,1,2014-10-22,0523,Aqua,MODIS,100,6.2,341.5,1141.6,D,0
-20.0602,124.0465,405.6,1.1,1,2014-10-22,0523,Aqua,MODIS,100,6.2,327.3,296.7,D,0
-20.048,124.0658,377.2,1.1,1,2014-10-22,0523,Aqua,MODIS,100,6.2,323.9,124.1,D,0
-20.0494,124.0555,371,1.1,1,2014-10-22,0523,Aqua,MODIS,100,6.2,325.4,99.2,D,0
-19.0075,131.5303,338.5,1.9,1.3,2014-10-22,0523,Aqua,MODIS,53,6.2,302.9,58.5,D,0
-19.0044,131.5479,345.8,1.9,1.3,2014-10-22,0523,Aqua,MODIS,87,6.2,298.7,87.7,D,0
-19.0014,131.5655,340,1.9,1.3,2014-10-22,0523,Aqua,MODIS,74,6.2,300.3,56,D,0
-19.0194,131.5327,425.2,1.9,1.3,2014-10-22,0523,Aqua,MODIS,100,6.2,335.4,1053.8,D,0
-19.0164,131.5503,444.2,1.9,1.3,2014-10-22,0523,Aqua,MODIS,100,6.2,400.1,1550.5,D,0
-19.0134,131.5679,430.8,1.9,1.3,2014-10-22,0523,Aqua,MODIS,100,6.2,338.1,1182.9,D,0
-19.0111,131.5365,368.2,1.9,1.3,2014-10-22,0523,Aqua,MODIS,100,6.2,308,228.7,D,0
-19.008,131.554,386.9,1.9,1.3,2014-10-22,0523,Aqua,MODIS,100,6.2,310.6,411.8,D,0
-19.0048,131.5715,368.5,1.9,1.3,2014-10-22,0523,Aqua,MODIS,100,6.2,310.2,227.1,D,0
-19.0262,131.5212,381.3,1.9,1.3,2014-10-22,0523,Aqua,MODIS,100,6.2,315.4,346.7,D,0
-19.0231,131.5388,480.8,1.9,1.3,2014-10-22,0523,Aqua,MODIS,100,6.2,400.1,2943.3,D,0
-19.02,131.5564,444.3,1.9,1.3,2014-10-22,0523,Aqua,MODIS,96,6.2,400.1,1547.7,D,0
-22.4263,122.2915,345.8,1.4,1.2,2014-10-22,0523,Aqua,MODIS,66,6.2,314.3,57.6,D,0
-19.0382,131.5236,391.9,1.9,1.3,2014-10-22,0523,Aqua,MODIS,100,6.2,320.9,464,D,0
-19.0351,131.5411,439.9,1.9,1.3,2014-10-22,0523,Aqua,MODIS,100,6.2,338.4,1414.3,D,0
-19.0319,131.5587,355,1.9,1.3,2014-10-22,0523,Aqua,MODIS,63,6.2,322.8,121.6,D,0
-19.047,131.5434,383.7,1.9,1.3,2014-10-22,0523,Aqua,MODIS,100,6.2,322.1,362.6,D,0
-20.0303,127.8365,341.3,1.1,1,2014-10-22,0523,Aqua,MODIS,82,6.2,324.4,18.8,D,0
-20.0413,127.8278,388.9,1.1,1,2014-10-22,0523,Aqua,MODIS,100,6.2,327.8,185.2,D,0
-20.0397,127.8381,449.2,1.1,1,2014-10-22,0523,Aqua,MODIS,100,6.2,400.1,758.1,D,0
-20.0506,127.8294,351.2,1.1,1,2014-10-22,0523,Aqua,MODIS,93,6.2,319.7,40.9,D,0
-20.049,127.8398,425.9,1.1,1,2014-10-22,0523,Aqua,MODIS,100,6.2,337.5,471,D,0
-19.0439,131.5611,362.2,1.9,1.3,2014-10-22,0523,Aqua,MODIS,100,6.2,321.3,157.1,D,0
-19.0559,131.5634,373.3,1.9,1.3,2014-10-22,0523,Aqua,MODIS,100,6.2,320,252.6,D,0
-20.0618,123.6693,380.5,1.1,1.1,2014-10-22,0523,Aqua,MODIS,100,6.2,324.1,150.4,D,0
-20.0632,123.6586,417.5,1.1,1.1,2014-10-22,0523,Aqua,MODIS,100,6.2,332.5,409.5,D,0
-20.0646,123.6478,343.2,1.1,1.1,2014-10-22,0523,Aqua,MODIS,47,6.2,318.8,22.9,D,0
-20.0523,123.6679,416,1.1,1.1,2014-10-22,0523,Aqua,MODIS,100,6.2,329.3,397.1,D,0
-20.0537,123.6572,419,1.1,1.1,2014-10-22,0523,Aqua,MODIS,100,6.2,328.4,423.4,D,0
-20.0427,123.6665,344,1.1,1.1,2014-10-22,0523,Aqua,MODIS,68,6.2,319.8,24.1,D,0
-21.7407,127.4904,356.6,1,1,2014-10-22,0523,Aqua,MODIS,97,6.2,325.4,51.6,D,0
-21.7392,127.5003,357.4,1,1,2014-10-22,0523,Aqua,MODIS,98,6.2,326.7,52.6,D,0
-21.7377,127.5102,338.8,1,1,2014-10-22,0523,Aqua,MODIS,64,6.2,325.2,12.5,D,0
-18.8083,131.1949,330.9,1.8,1.3,2014-10-22,0523,Aqua,MODIS,49,6.2,317.1,22.8,D,0
-19.9944,128.5954,368.7,1.2,1.1,2014-10-22,0523,Aqua,MODIS,100,6.2,327.5,99.9,D,0
-19.9962,128.5842,351.5,1.2,1.1,2014-10-22,0523,Aqua,MODIS,93,6.2,325.1,41.5,D,0
-19.9997,128.562,341.5,1.2,1.1,2014-10-22,0523,Aqua,MODIS,57,6.2,323.1,21.2,D,0
-20.0015,128.5509,362,1.2,1.1,2014-10-22,0523,Aqua,MODIS,100,6.2,322.1,79.2,D,0
-20.0032,128.5398,363.9,1.2,1.1,2014-10-22,0523,Aqua,MODIS,100,6.2,321.3,87.1,D,0
-20.005,128.5287,370.3,1.2,1.1,2014-10-22,0523,Aqua,MODIS,100,6.2,320.3,115.3,D,0
-19.9829,128.6047,371.8,1.2,1.1,2014-10-22,0523,Aqua,MODIS,100,6.2,329.3,110.7,D,0
-19.9847,128.5936,396.7,1.2,1.1,2014-10-22,0523,Aqua,MODIS,100,6.2,333,251.7,D,0
-19.9865,128.5825,351.6,1.2,1.1,2014-10-22,0523,Aqua,MODIS,93,6.2,328.7,39.8,D,0
-19.9936,128.538,382.8,1.2,1.1,2014-10-22,0523,Aqua,MODIS,100,6.2,325.6,170.4,D,0
-19.9954,128.527,423.5,1.2,1.1,2014-10-22,0523,Aqua,MODIS,100,6.2,332.7,498.3,D,0
-19.9971,128.5159,345.7,1.2,1.1,2014-10-22,0523,Aqua,MODIS,81,6.2,318.4,36.3,D,0
-19.9989,128.5049,355.2,1.2,1.1,2014-10-22,0523,Aqua,MODIS,96,6.2,318.1,64,D,0
-20.0059,128.461,337.3,1.2,1.1,2014-10-22,0523,Aqua,MODIS,75,6.2,296.4,26.7,D,0
-19.9857,128.5252,336.1,1.2,1.1,2014-10-22,0523,Aqua,MODIS,51,6.2,318.3,12.5,D,0
-19.9875,128.5142,365,1.2,1.1,2014-10-22,0523,Aqua,MODIS,100,6.2,320.1,93.1,D,0
-19.9893,128.5031,399.4,1.2,1.1,2014-10-22,0523,Aqua,MODIS,100,6.2,325.4,278.8,D,0
-19.991,128.4922,347.6,1.2,1.1,2014-10-22,0523,Aqua,MODIS,75,6.2,317.8,42.7,D,0
-19.9963,128.4593,395.9,1.2,1.1,2014-10-22,0523,Aqua,MODIS,100,6.2,310.1,260,D,0
-19.9582,128.6348,344.7,1.2,1.1,2014-10-22,0523,Aqua,MODIS,52,6.2,326.8,22.2,D,0
-19.9796,128.5014,376,1.2,1.1,2014-10-22,0523,Aqua,MODIS,100,6.2,319.5,136.2,D,0
-19.9814,128.4904,376.6,1.2,1.1,2014-10-22,0523,Aqua,MODIS,100,6.2,318.4,141.7,D,0
-19.9544,128.6389,340,1.2,1.1,2014-10-22,0523,Aqua,MODIS,54,6.2,326.3,13.6,D,0
-19.9691,128.4816,338.5,1.2,1.1,2014-10-22,0523,Aqua,MODIS,69,6.2,312.7,20.4,D,0
-19.9508,128.5351,342,1.2,1.1,2014-10-22,0523,Aqua,MODIS,72,6.2,323.3,22.6,D,0
-19.9577,128.4908,383.2,1.2,1.1,2014-10-22,0523,Aqua,MODIS,100,6.2,319.7,176.7,D,0
-19.9594,128.4799,437.4,1.2,1.1,2014-10-22,0523,Aqua,MODIS,100,6.2,335.2,669.2,D,0
-19.9612,128.4689,357,1.2,1.1,2014-10-22,0523,Aqua,MODIS,97,6.2,313.5,70.4,D,0
-19.9411,128.5333,344.2,1.2,1.1,2014-10-22,0523,Aqua,MODIS,57,6.2,320.7,26.8,D,0
-19.9429,128.5223,353.4,1.2,1.1,2014-10-22,0523,Aqua,MODIS,95,6.2,320.9,53.9,D,0
-19.9481,128.4891,372.9,1.2,1.1,2014-10-22,0523,Aqua,MODIS,100,6.2,316.3,129,D,0
-19.9498,128.4781,410.5,1.2,1.1,2014-10-22,0523,Aqua,MODIS,100,6.2,322.6,374.5,D,0
-19.9867,128.4576,360.1,1.2,1.1,2014-10-22,0523,Aqua,MODIS,100,6.2,314.4,79.1,D,0
-19.9884,128.4466,424.3,1.2,1.1,2014-10-22,0523,Aqua,MODIS,100,6.2,325.9,511.4,D,0
-19.9902,128.4357,334.8,1.2,1.1,2014-10-22,0523,Aqua,MODIS,69,6.2,304.8,21.4,D,0
-19.9821,128.4614,340.9,1.2,1.1,2014-10-22,0523,Aqua,MODIS,57,6.2,315.8,28,D,0
-19.9838,128.4504,396.1,1.2,1.1,2014-10-22,0523,Aqua,MODIS,100,6.2,324.9,258.6,D,0
-19.9855,128.4395,365.7,1.2,1.1,2014-10-22,0523,Aqua,MODIS,100,6.2,314.5,102.9,D,0
-19.9725,128.4596,347.9,1.2,1.1,2014-10-22,0523,Aqua,MODIS,90,6.2,314,45.8,D,0
-19.9742,128.4487,360.7,1.2,1.1,2014-10-22,0523,Aqua,MODIS,100,6.2,313.9,84.5,D,0
-19.9629,128.4579,349.8,1.2,1.1,2014-10-22,0523,Aqua,MODIS,92,6.2,313.5,52.2,D,0
-19.9646,128.4469,364.7,1.2,1.1,2014-10-22,0523,Aqua,MODIS,100,6.2,314.5,100.1,D,0
-19.6266,128.4026,344,1.2,1.1,2014-10-22,0523,Aqua,MODIS,73,6.2,328.3,20.1,D,0
-21.7509,131.3977,367.6,1.6,1.3,2014-10-22,0523,Aqua,MODIS,100,6.2,323.7,162.9,D,0
-18.8067,131.6253,335.2,1.9,1.4,2014-10-22,0523,Aqua,MODIS,70,6.2,319.9,30.7,D,0
-18.8201,131.1281,338,1.8,1.3,2014-10-22,0523,Aqua,MODIS,76,6.2,317.6,44.2,D,0
-18.7983,131.531,331.7,1.9,1.3,2014-10-22,0523,Aqua,MODIS,46,6.2,316.5,25.4,D,0
-20.7126,120.2764,369,1.9,1.3,2014-10-22,0523,Aqua,MODIS,100,6.2,326.3,206.1,D,0
-20.9909,119.8972,338,2,1.4,2014-10-22,0523,Aqua,MODIS,64,6.2,321.3,34.2,D,0
-21.484,123.1259,336.4,1.2,1.1,2014-10-22,0523,Aqua,MODIS,35,6.2,312.5,26.1,D,0
-21.4855,123.1139,403.7,1.2,1.1,2014-10-22,0523,Aqua,MODIS,100,6.2,321.6,356.9,D,0
-21.4755,123.1124,351.1,1.2,1.1,2014-10-22,0523,Aqua,MODIS,85,6.2,315.3,64.7,D,0
-18.4157,132.5696,353,2.3,1.5,2014-10-22,0523,Aqua,MODIS,95,6.2,317.7,149.8,D,0
-18.4026,132.567,361.4,2.3,1.5,2014-10-22,0523,Aqua,MODIS,100,6.2,311.4,217.8,D,0
-18.4065,132.5456,371.2,2.3,1.5,2014-10-22,0523,Aqua,MODIS,100,6.2,311.5,320.8,D,0
-21.4744,123.118,340.7,1.2,1.1,2014-10-22,0523,Aqua,MODIS,43,6.2,315.8,33.6,D,0
-20.9098,119.9192,334.7,2,1.4,2014-10-22,0523,Aqua,MODIS,59,6.2,320.2,32.5,D,0
-20.939,119.9102,335.9,2,1.4,2014-10-22,0523,Aqua,MODIS,62,6.2,319.6,35.6,D,0
-18.7894,131.511,349.5,1.9,1.3,2014-10-22,0523,Aqua,MODIS,91,6.2,316.4,103,D,0
-20.9406,119.981,339.8,2,1.4,2014-10-22,0523,Aqua,MODIS,79,6.2,313.3,50.2,D,0
-20.9384,119.9999,339.6,2,1.4,2014-10-22,0523,Aqua,MODIS,73,6.2,322.1,48.7,D,0
-20.9433,119.9884,358.1,2,1.4,2014-10-22,0523,Aqua,MODIS,98,6.2,320.7,151.8,D,0
-20.7055,120.2826,365.3,1.9,1.3,2014-10-22,0523,Aqua,MODIS,100,6.2,323.7,176.4,D,0
-20.7074,120.2649,345.8,1.9,1.3,2014-10-22,0523,Aqua,MODIS,87,6.2,323.5,58,D,0
-21.4061,120.8592,358,1.7,1.3,2014-10-22,0523,Aqua,MODIS,98,6.2,315.5,134.7,D,0
-21.1917,119.9537,352.7,2,1.4,2014-10-22,0523,Aqua,MODIS,94,6.2,321,120.4,D,0
-21.193,119.9592,355.6,2,1.4,2014-10-22,0523,Aqua,MODIS,97,6.2,321.4,136.2,D,0
-21.4412,120.8637,335.2,1.7,1.3,2014-10-22,0523,Aqua,MODIS,26,6.2,318.6,25.1,D,0
-21.4276,120.8787,348.8,1.7,1.3,2014-10-22,0523,Aqua,MODIS,92,6.2,317.5,76.4,D,0
-18.823,131.1115,339.5,1.8,1.3,2014-10-22,0523,Aqua,MODIS,79,6.2,316.3,48.5,D,0
-21.4178,120.8607,385.5,1.7,1.3,2014-10-22,0523,Aqua,MODIS,100,6.2,320.9,344.9,D,0
-20.7326,122.3118,336.4,1.4,1.2,2014-10-22,0523,Aqua,MODIS,31,6.2,318.4,21.2,D,0
-21.5079,120.7574,340.4,1.8,1.3,2014-10-22,0523,Aqua,MODIS,84,6.2,318.3,53.2,D,0
-21.4961,120.7558,357.9,1.8,1.3,2014-10-22,0523,Aqua,MODIS,98,6.2,317.1,139.3,D,0
-21.498,120.7388,389.3,1.8,1.3,2014-10-22,0523,Aqua,MODIS,100,6.2,319.3,405.1,D,0
-21.4899,120.7499,364.2,1.8,1.3,2014-10-22,0523,Aqua,MODIS,100,6.2,317.1,180.9,D,0
-21.4919,120.7328,358,1.8,1.3,2014-10-22,0523,Aqua,MODIS,98,6.2,317,142.9,D,0
-18.7863,131.5286,340.7,1.9,1.3,2014-10-22,0523,Aqua,MODIS,81,6.2,316.1,60.5,D,0
-18.8347,131.1137,343.1,1.8,1.3,2014-10-22,0523,Aqua,MODIS,84,6.2,316.9,64,D,0
-18.7831,131.5464,380,1.9,1.3,2014-10-22,0523,Aqua,MODIS,100,6.2,317.8,335.3,D,0
-18.1606,132.7308,347.6,2.4,1.5,2014-10-22,0523,Aqua,MODIS,90,6.2,318.3,110.7,D,0
-18.1738,132.7336,355.6,2.4,1.5,2014-10-22,0523,Aqua,MODIS,97,6.2,319.9,175.6,D,0
-21.5695,121.0262,338.3,1.7,1.3,2014-10-22,0523,Aqua,MODIS,82,6.2,319.5,34,D,0
-21.5677,121.0424,344.5,1.7,1.3,2014-10-22,0523,Aqua,MODIS,88,6.2,322.1,56.4,D,0
-21.5792,121.0441,345.5,1.7,1.3,2014-10-22,0523,Aqua,MODIS,89,6.2,320.7,61.2,D,0
-21.7536,131.3822,339,1.6,1.3,2014-10-22,0523,Aqua,MODIS,46,6.2,322,27.6,D,0
-21.4295,120.8621,359.4,1.7,1.3,2014-10-22,0523,Aqua,MODIS,99,6.2,318.6,133.4,D,0
-18.794,131.6468,336.4,1.9,1.4,2014-10-22,0523,Aqua,MODIS,72,6.2,319.2,37,D,0
-21.7594,131.4155,336.4,1.6,1.3,2014-10-22,0523,Aqua,MODIS,47,6.2,321.9,19.7,D,0
-21.7621,131.3999,342.8,1.6,1.3,2014-10-22,0523,Aqua,MODIS,84,6.2,324,41.6,D,0
-18.7915,131.6409,352.6,1.9,1.4,2014-10-22,0523,Aqua,MODIS,94,6.2,319.4,115.4,D,0
-18.7946,131.6229,400.6,1.9,1.4,2014-10-22,0523,Aqua,MODIS,100,6.2,324.1,601.6,D,0
-18.7889,131.5846,347,1.9,1.3,2014-10-22,0523,Aqua,MODIS,89,6.2,315.1,84.3,D,0
-18.792,131.5667,351.5,1.9,1.3,2014-10-22,0523,Aqua,MODIS,93,6.2,317.4,108.7,D,0
-18.7951,131.5488,353.9,1.9,1.3,2014-10-22,0523,Aqua,MODIS,95,6.2,320,124.6,D,0
-21.4393,120.8802,337.2,1.7,1.3,2014-10-22,0523,Aqua,MODIS,58,6.2,320,32.3,D,0
-18.78,131.5643,337.3,1.9,1.3,2014-10-22,0523,Aqua,MODIS,75,6.2,314.8,43.6,D,0
-18.7973,131.6288,402.8,1.9,1.4,2014-10-22,0523,Aqua,MODIS,100,6.2,325.4,636.7,D,0
-21.416,120.8773,356.1,1.7,1.3,2014-10-22,0523,Aqua,MODIS,97,6.2,317.8,115.5,D,0
-18.8005,131.6109,351.5,1.9,1.3,2014-10-22,0523,Aqua,MODIS,93,6.2,317.6,103.6,D,0
-18.165,132.7242,355.9,2.4,1.5,2014-10-22,0523,Aqua,MODIS,97,6.2,320.4,177.9,D,0
-18.1647,132.7087,340.8,2.4,1.5,2014-10-22,0523,Aqua,MODIS,74,6.2,320.8,59.8,D,0
-20.7105,120.2943,342.1,1.9,1.3,2014-10-22,0523,Aqua,MODIS,74,6.2,323.4,42.8,D,0
-21.6995,120.7773,338.2,1.8,1.3,2014-10-22,0523,Aqua,MODIS,82,6.2,318.8,38.1,D,0
-21.0034,119.8986,343.6,2,1.4,2014-10-22,0523,Aqua,MODIS,85,6.2,324,60.7,D,0
-18.0678,132.7277,337.1,2.4,1.5,2014-10-22,0524,Aqua,MODIS,56,6.2,319.1,49.2,D,0
-18.1911,132.3506,333.2,2.2,1.4,2014-10-22,0524,Aqua,MODIS,50,6.2,319.4,21.7,D,0
-16.3336,131.3173,337,2,1.4,2014-10-22,0524,Aqua,MODIS,63,6.2,317.5,37.6,D,0
-15.7735,133.6654,333.9,3.1,1.7,2014-10-22,0524,Aqua,MODIS,54,6.2,309.1,85.7,D,0
-15.9285,133.8223,348.4,3.2,1.7,2014-10-22,0524,Aqua,MODIS,91,6.2,313.8,210.4,D,0
-15.7885,133.6685,335.2,3.1,1.7,2014-10-22,0524,Aqua,MODIS,70,6.2,309.6,102.9,D,0
-15.5607,125.5993,367.6,1,1,2014-10-22,0524,Aqua,MODIS,100,6.2,312.3,86.5,D,0
-15.5819,125.957,334.3,1,1,2014-10-22,0524,Aqua,MODIS,48,6.2,304.2,23.1,D,0
-15.5656,125.6289,334.1,1,1,2014-10-22,0524,Aqua,MODIS,34,6.2,313.5,14.7,D,0
-15.5642,125.6383,332.7,1,1,2014-10-22,0524,Aqua,MODIS,42,6.2,307.9,13.5,D,0
-15.562,125.5899,338.3,1,1,2014-10-22,0524,Aqua,MODIS,83,6.2,310.8,17.9,D,0
-15.6983,126.0396,345.7,1,1,2014-10-22,0524,Aqua,MODIS,54,6.2,306.1,33.5,D,0
-15.7026,126.011,334.6,1,1,2014-10-22,0524,Aqua,MODIS,49,6.2,308.3,18.4,D,0
-15.7068,125.9824,341,1,1,2014-10-22,0524,Aqua,MODIS,31,6.2,309.4,29.7,D,0
-15.6892,126.0381,347.8,1,1,2014-10-22,0524,Aqua,MODIS,91,6.2,313.8,34.4,D,0
-15.6907,126.0285,364.8,1,1,2014-10-22,0524,Aqua,MODIS,100,6.2,311.7,80.1,D,0
-15.6921,126.019,347.6,1,1,2014-10-22,0524,Aqua,MODIS,88,6.2,309.9,37.7,D,0
-15.6963,125.9905,344.6,1,1,2014-10-22,0524,Aqua,MODIS,70,6.2,310.1,34.9,D,0
-15.6977,125.981,369.5,1,1,2014-10-22,0524,Aqua,MODIS,100,6.2,311.3,102.1,D,0
-15.6991,125.9715,396.6,1,1,2014-10-22,0524,Aqua,MODIS,100,6.2,317,227.6,D,0
-15.6801,126.0367,339.8,1,1,2014-10-22,0524,Aqua,MODIS,72,6.2,315.3,18.4,D,0
-15.6815,126.0271,334.8,1,1,2014-10-22,0524,Aqua,MODIS,64,6.2,312.8,10.8,D,0
-15.69,125.97,338.9,1,1,2014-10-22,0524,Aqua,MODIS,46,6.2,305.5,26.4,D,0
-15.6914,125.9605,361.2,1,1,2014-10-22,0524,Aqua,MODIS,100,6.2,310.5,78.7,D,0
-15.6809,125.9686,360.9,1,1,2014-10-22,0524,Aqua,MODIS,100,6.2,306.7,73.9,D,0
-15.6824,125.959,366.2,1,1,2014-10-22,0524,Aqua,MODIS,94,6.2,309.6,92,D,0
-15.6932,133.7623,338.2,3.2,1.7,2014-10-22,0524,Aqua,MODIS,74,6.2,313.3,101.1,D,0
-15.6001,126.2742,342.3,1,1,2014-10-22,0524,Aqua,MODIS,57,6.2,314.9,30.4,D,0
-15.6849,126.0669,341.3,1,1,2014-10-22,0524,Aqua,MODIS,51,6.2,317.1,22.9,D,0
-16.4759,131.3373,343.9,2,1.4,2014-10-22,0524,Aqua,MODIS,78,6.2,319.5,64,D,0
-17.3109,132.8754,332.6,2.5,1.5,2014-10-22,0524,Aqua,MODIS,36,6.2,317.1,25.3,D,0
-15.8953,126.0153,345.7,1,1,2014-10-22,0524,Aqua,MODIS,89,6.2,314.7,34.6,D,0
-15.8709,125.9919,350.8,1,1,2014-10-22,0524,Aqua,MODIS,93,6.2,314.5,44.2,D,0
-15.8632,125.9809,340.4,1,1,2014-10-22,0524,Aqua,MODIS,60,6.2,310.8,23.3,D,0
-17.3019,132.8787,334.4,2.5,1.5,2014-10-22,0524,Aqua,MODIS,50,6.2,317.9,34.7,D,0
-16.0892,125.6336,354,1,1,2014-10-22,0524,Aqua,MODIS,88,6.2,311.7,55.2,D,0
-16.066,125.6722,335.8,1,1,2014-10-22,0524,Aqua,MODIS,45,6.2,313.7,16.4,D,0
-16.0674,125.6628,354.8,1,1,2014-10-22,0524,Aqua,MODIS,96,6.2,315.9,53.6,D,0
-15.4269,133.9733,332.1,3.4,1.7,2014-10-22,0524,Aqua,MODIS,28,6.2,314.4,54,D,0
-15.4575,133.9522,336,3.3,1.7,2014-10-22,0524,Aqua,MODIS,43,6.2,313.3,83.3,D,0
-15.8227,133.7354,363.8,3.2,1.7,2014-10-22,0524,Aqua,MODIS,100,6.2,313.7,412.2,D,0
-15.8356,133.6531,335.3,3.1,1.7,2014-10-22,0524,Aqua,MODIS,76,6.2,308.4,103.9,D,0
-15.4423,133.9764,335.4,3.4,1.7,2014-10-22,0524,Aqua,MODIS,46,6.2,313.2,77.3,D,0
-15.3654,133.9601,334.2,3.4,1.7,2014-10-22,0524,Aqua,MODIS,48,6.2,310.2,83.1,D,0
-15.8035,133.6713,342.8,3.1,1.7,2014-10-22,0524,Aqua,MODIS,86,6.2,306.8,165.2,D,0
-15.6384,126.1421,346,1,1,2014-10-22,0524,Aqua,MODIS,90,6.2,316,33.8,D,0
-15.6398,126.1325,342.3,1,1,2014-10-22,0524,Aqua,MODIS,87,6.2,316.9,25.9,D,0
-15.683,133.6643,343.4,3.1,1.7,2014-10-22,0524,Aqua,MODIS,81,6.2,309.6,165.7,D,0
-17.0902,132.8423,351.4,2.5,1.5,2014-10-22,0524,Aqua,MODIS,93,6.2,317.7,162.8,D,0
-16.829,130.7225,338,1.8,1.3,2014-10-22,0524,Aqua,MODIS,62,6.2,318.7,32.9,D,0
-17.0078,130.683,338.5,1.8,1.3,2014-10-22,0524,Aqua,MODIS,53,6.2,318.8,33.5,D,0
-15.3828,133.8683,343.8,3.3,1.7,2014-10-22,0524,Aqua,MODIS,85,6.2,311.9,186.1,D,0
-15.698,133.6674,355.2,3.1,1.7,2014-10-22,0524,Aqua,MODIS,96,6.2,312.9,286.3,D,0
-15.4747,133.8862,334.8,3.3,1.7,2014-10-22,0524,Aqua,MODIS,30,6.2,309.9,77.2,D,0
-15.4902,133.8632,333.4,3.3,1.7,2014-10-22,0524,Aqua,MODIS,58,6.2,310.1,77.4,D,0
-15.8323,133.7677,331.4,3.2,1.7,2014-10-22,0524,Aqua,MODIS,61,6.2,314.2,63.2,D,0
-15.4846,133.8935,342.8,3.3,1.7,2014-10-22,0524,Aqua,MODIS,86,6.2,311.2,159.1,D,0
-15.3862,133.8614,335.2,3.3,1.7,2014-10-22,0524,Aqua,MODIS,43,6.2,312.4,105.2,D,0
-15.8281,133.7061,349.6,3.1,1.7,2014-10-22,0524,Aqua,MODIS,92,6.2,311.3,225.5,D,0
-15.3712,133.9295,334.2,3.3,1.7,2014-10-22,0524,Aqua,MODIS,32,6.2,310.4,83.2,D,0
-15.6875,133.7254,341.4,3.2,1.7,2014-10-22,0524,Aqua,MODIS,85,6.2,313.7,128.3,D,0
-15.4692,133.8904,335.6,3.3,1.7,2014-10-22,0524,Aqua,MODIS,57,6.2,310.2,90.4,D,0
-15.7939,133.6397,355.4,3.1,1.7,2014-10-22,0524,Aqua,MODIS,97,6.2,308.1,309.1,D,0
-15.6999,133.6432,344.5,3.1,1.7,2014-10-22,0524,Aqua,MODIS,82,6.2,309.2,175.6,D,0
-15.6927,133.6963,356,3.2,1.7,2014-10-22,0524,Aqua,MODIS,97,6.2,313.3,284.3,D,0
-15.6945,133.6721,371.4,3.1,1.7,2014-10-22,0524,Aqua,MODIS,100,6.2,313.6,533.5,D,0
-15.4517,133.9832,333.9,3.4,1.7,2014-10-22,0524,Aqua,MODIS,38,6.2,311.6,71.1,D,0
-15.8088,133.6426,373.3,3.1,1.7,2014-10-22,0524,Aqua,MODIS,100,6.2,308.1,584.8,D,0
-15.7299,133.6492,339.9,3.1,1.7,2014-10-22,0524,Aqua,MODIS,64,6.2,310.4,131,D,0
-15.6891,133.7009,360.8,3.2,1.7,2014-10-22,0524,Aqua,MODIS,100,6.2,313.1,353.9,D,0
-15.8387,133.6487,334.2,3.1,1.7,2014-10-22,0524,Aqua,MODIS,74,6.2,309,98.2,D,0
-15.819,133.7397,357.5,3.2,1.7,2014-10-22,0524,Aqua,MODIS,98,6.2,312.1,317.9,D,0
-15.6836,133.73,332.6,3.2,1.7,2014-10-22,0524,Aqua,MODIS,39,6.2,313.8,55.9,D,0
-15.6822,133.7547,335.5,3.2,1.7,2014-10-22,0524,Aqua,MODIS,68,6.2,313.5,85.3,D,0
-15.9232,133.8517,340.9,3.2,1.7,2014-10-22,0524,Aqua,MODIS,75,6.2,310.3,135.4,D,0
-15.6987,133.733,334.8,3.2,1.7,2014-10-22,0524,Aqua,MODIS,39,6.2,314.3,66,D,0
-15.9436,133.8253,332.2,3.2,1.7,2014-10-22,0524,Aqua,MODIS,25,6.2,316.4,63.1,D,0
-15.9383,133.8547,333,3.2,1.7,2014-10-22,0524,Aqua,MODIS,42,6.2,313.4,70.8,D,0
-15.8284,133.7719,332.1,3.2,1.7,2014-10-22,0524,Aqua,MODIS,39,6.2,313.6,62.2,D,0
-15.9415,133.8325,342.6,3.2,1.7,2014-10-22,0524,Aqua,MODIS,84,6.2,316.1,144.2,D,0
-15.9264,133.8295,345.4,3.2,1.7,2014-10-22,0524,Aqua,MODIS,88,6.2,312.7,181.9,D,0
-15.834,133.7427,336.3,3.2,1.7,2014-10-22,0524,Aqua,MODIS,77,6.2,314.9,93.8,D,0
-18.2074,126.6219,336.7,1,1,2014-10-22,0524,Aqua,MODIS,61,6.2,322.8,11,D,0
-18.2012,126.6009,355.5,1,1,2014-10-22,0524,Aqua,MODIS,96,6.2,324.6,49,D,0
-18.2027,126.5912,355.1,1,1,2014-10-22,0524,Aqua,MODIS,96,6.2,324.8,48.7,D,0
-18.2041,126.5816,355.1,1,1,2014-10-22,0524,Aqua,MODIS,96,6.2,323.3,49.6,D,0
-15.7949,133.6327,344.5,3.1,1.7,2014-10-22,0524,Aqua,MODIS,88,6.2,307.7,184.5,D,0
-15.8302,133.6816,347.7,3.1,1.7,2014-10-22,0524,Aqua,MODIS,91,6.2,309.5,211.2,D,0
-15.8246,133.7105,352.1,3.1,1.7,2014-10-22,0524,Aqua,MODIS,94,6.2,310.2,251.2,D,0
-15.8334,133.6773,346.6,3.1,1.7,2014-10-22,0524,Aqua,MODIS,90,6.2,310.7,201.9,D,0
-15.7897,133.6615,339.7,3.1,1.7,2014-10-22,0524,Aqua,MODIS,79,6.2,309.5,134.2,D,0
-17.7697,125.5899,337.1,1,1,2014-10-22,0524,Aqua,MODIS,51,6.2,319.1,11.7,D,0
-16.8503,123.0763,337.1,1.1,1.1,2014-10-22,0524,Aqua,MODIS,72,6.2,316.3,18.5,D,0
-17.7109,125.5557,342.8,1,1,2014-10-22,0524,Aqua,MODIS,65,6.2,322.6,17.5,D,0
-17.7095,125.5651,351.4,1,1,2014-10-22,0524,Aqua,MODIS,93,6.2,322,34.3,D,0
-17.6759,125.2173,339.6,1,1,2014-10-22,0524,Aqua,MODIS,75,6.2,317,22,D,0
-17.7005,125.5637,340.5,1,1,2014-10-22,0524,Aqua,MODIS,47,6.2,322,14.5,D,0
-17.6915,125.5622,343.9,1,1,2014-10-22,0524,Aqua,MODIS,26,6.2,320.8,19.2,D,0
-17.7814,125.5725,348.4,1,1,2014-10-22,0524,Aqua,MODIS,70,6.2,319.6,27.7,D,0
-17.6659,125.5485,373.4,1,1,2014-10-22,0524,Aqua,MODIS,100,6.2,325.2,99.3,D,0
-17.3305,130.4148,340.3,1.7,1.3,2014-10-22,0524,Aqua,MODIS,51,6.2,323.9,31.6,D,0
-16.3413,123.9858,329.5,1,1,2014-10-22,0524,Aqua,MODIS,0,6.2,309.9,13.8,D,0
-17.6476,125.2225,344.6,1,1,2014-10-22,0524,Aqua,MODIS,53,6.2,319.9,24.6,D,0
-17.6539,125.2427,349.2,1,1,2014-10-22,0524,Aqua,MODIS,47,6.2,320.6,33.2,D,0
-17.6708,125.5781,366.6,1,1,2014-10-22,0524,Aqua,MODIS,100,6.2,324.9,76.4,D,0
-17.6736,125.5593,351.8,1,1,2014-10-22,0524,Aqua,MODIS,89,6.2,322.7,38,D,0
-16.6887,122.9121,336,1.1,1.1,2014-10-22,0524,Aqua,MODIS,61,6.2,315.3,20.9,D,0
-17.6746,125.2267,339.3,1,1,2014-10-22,0524,Aqua,MODIS,68,6.2,318.5,19.4,D,0
-18.3676,130.2721,350.4,1.6,1.2,2014-10-22,0524,Aqua,MODIS,92,6.2,327.1,64.4,D,0
-18.3652,130.2868,423.6,1.6,1.2,2014-10-22,0524,Aqua,MODIS,100,6.2,334,770.3,D,0
-18.3627,130.3015,350.4,1.6,1.2,2014-10-22,0524,Aqua,MODIS,92,6.2,322,70.2,D,0
-18.3762,130.289,339.4,1.6,1.2,2014-10-22,0524,Aqua,MODIS,65,6.2,324.7,26.7,D,0
-18.1179,130.3195,338.5,1.6,1.2,2014-10-22,0524,Aqua,MODIS,76,6.2,321.6,25.8,D,0
-18.1193,130.314,337.7,1.6,1.2,2014-10-22,0524,Aqua,MODIS,61,6.2,322.4,22.2,D,0
-18.2712,130.3707,370.7,1.6,1.2,2014-10-22,0524,Aqua,MODIS,100,6.2,317.2,190.2,D,0
-18.2687,130.3857,428.6,1.6,1.2,2014-10-22,0524,Aqua,MODIS,100,6.2,325.3,890.2,D,0
-18.2824,130.3728,381.3,1.6,1.2,2014-10-22,0524,Aqua,MODIS,100,6.2,324.3,269.2,D,0
-18.2799,130.3878,414.4,1.6,1.2,2014-10-22,0524,Aqua,MODIS,100,6.2,336.2,646.8,D,0
-16.8494,124.4308,337,1,1,2014-10-22,0524,Aqua,MODIS,61,6.2,317.9,10.9,D,0
-18.2809,130.3783,419.5,1.6,1.2,2014-10-22,0524,Aqua,MODIS,100,6.2,333.3,730.2,D,0
-18.3591,130.2553,374,1.6,1.2,2014-10-22,0524,Aqua,MODIS,100,6.2,326.5,193,D,0
-16.516,127.4615,345.4,1.1,1.1,2014-10-22,0524,Aqua,MODIS,63,6.2,318.1,32.2,D,0
-16.5144,127.4721,343.7,1.1,1.1,2014-10-22,0524,Aqua,MODIS,74,6.2,320.8,29.2,D,0
-16.5414,127.4875,337.9,1.1,1.1,2014-10-22,0524,Aqua,MODIS,41,6.2,319.4,15.9,D,0
-17.8846,126.1905,345.6,1,1,2014-10-22,0524,Aqua,MODIS,87,6.2,324.6,25.8,D,0
-17.9322,126.2441,338.2,1,1,2014-10-22,0524,Aqua,MODIS,48,6.2,322.6,13.9,D,0
-17.9252,126.2918,343.4,1,1,2014-10-22,0524,Aqua,MODIS,60,6.2,322.3,19.4,D,0
-17.9413,126.2456,347.9,1,1,2014-10-22,0524,Aqua,MODIS,86,6.2,322.3,29.6,D,0
-17.9399,126.2552,350.9,1,1,2014-10-22,0524,Aqua,MODIS,93,6.2,324.9,33.8,D,0
-17.9503,126.2471,372.4,1,1,2014-10-22,0524,Aqua,MODIS,100,6.2,323.7,97.2,D,0
-17.9489,126.2566,355.6,1,1,2014-10-22,0524,Aqua,MODIS,96,6.2,324.2,44.1,D,0
-17.9241,125.9834,378.4,1,1,2014-10-22,0524,Aqua,MODIS,100,6.2,316.9,124.8,D,0
-17.9228,125.9929,401.7,1,1,2014-10-22,0524,Aqua,MODIS,100,6.2,322.7,241.9,D,0
-17.6246,125.1901,353.5,1,1,2014-10-22,0524,Aqua,MODIS,85,6.2,312,50,D,0
-17.6171,125.1832,343.2,1,1,2014-10-22,0524,Aqua,MODIS,64,6.2,311.1,27.8,D,0
-17.6081,125.1817,362.7,1,1,2014-10-22,0524,Aqua,MODIS,100,6.2,314.9,73.7,D,0
-17.5991,125.1803,405.8,1,1,2014-10-22,0524,Aqua,MODIS,94,6.2,323,267.8,D,0
-17.6004,125.1709,405.3,1,1,2014-10-22,0524,Aqua,MODIS,0,6.2,315.7,266.5,D,0
-17.5861,125.2071,378.8,1,1,2014-10-22,0524,Aqua,MODIS,100,6.2,323.4,122.6,D,0
-17.5874,125.1977,361.7,1,1,2014-10-22,0524,Aqua,MODIS,100,6.2,319,65.3,D,0
-17.5887,125.1883,353.9,1,1,2014-10-22,0524,Aqua,MODIS,92,6.2,316.3,46.7,D,0
-17.5901,125.1789,363.3,1,1,2014-10-22,0524,Aqua,MODIS,94,6.2,314.5,72.5,D,0
-17.5771,125.2057,343.4,1,1,2014-10-22,0524,Aqua,MODIS,52,6.2,317.5,23.3,D,0
-17.6586,125.5312,361.3,1,1,2014-10-22,0524,Aqua,MODIS,100,6.2,324.8,61.3,D,0
-18.2842,130.4255,342.3,1.6,1.2,2014-10-22,0524,Aqua,MODIS,64,6.2,321.4,38.6,D,0
-18.2868,130.4104,345.3,1.6,1.2,2014-10-22,0524,Aqua,MODIS,71,6.2,321.8,49.4,D,0
-18.2894,130.3953,345.8,1.6,1.2,2014-10-22,0524,Aqua,MODIS,87,6.2,321.1,58.5,D,0
-18.273,130.4234,355.1,1.6,1.2,2014-10-22,0524,Aqua,MODIS,96,6.2,325.8,88.6,D,0
-18.2757,130.4083,372.3,1.6,1.2,2014-10-22,0524,Aqua,MODIS,100,6.2,329.5,187.8,D,0
-18.2783,130.3932,401.3,1.6,1.2,2014-10-22,0524,Aqua,MODIS,100,6.2,337.4,469.4,D,0
-18.2749,130.4179,357.2,1.6,1.2,2014-10-22,0524,Aqua,MODIS,87,6.2,326.5,98.6,D,0
-18.2774,130.4028,369.6,1.6,1.2,2014-10-22,0524,Aqua,MODIS,100,6.2,330.8,168,D,0
-18.2662,130.4007,388.6,1.6,1.2,2014-10-22,0524,Aqua,MODIS,100,6.2,320.5,326.3,D,0
-17.8398,125.9353,353.7,1,1,2014-10-22,0524,Aqua,MODIS,95,6.2,314.5,49.9,D,0
-17.8721,126.0234,339.6,1,1,2014-10-22,0524,Aqua,MODIS,58,6.2,322.2,12.4,D,0
-17.8908,125.9587,371.9,1,1,2014-10-22,0524,Aqua,MODIS,100,6.2,323.7,97.7,D,0
-17.8895,125.9681,351.8,1,1,2014-10-22,0524,Aqua,MODIS,73,6.2,323.3,39.3,D,0
-17.9012,125.9507,346.8,1,1,2014-10-22,0524,Aqua,MODIS,84,6.2,318.5,29.5,D,0
-17.8999,125.9601,349.6,1,1,2014-10-22,0524,Aqua,MODIS,80,6.2,321.2,32.6,D,0
-17.8985,125.9696,347.8,1,1,2014-10-22,0524,Aqua,MODIS,83,6.2,323.4,29.8,D,0
-17.9124,126.0009,353,1,1,2014-10-22,0524,Aqua,MODIS,86,6.2,319.8,41.1,D,0
-17.911,126.0103,353,1,1,2014-10-22,0524,Aqua,MODIS,76,6.2,321,42.4,D,0
-17.9082,126.0292,348.9,1,1,2014-10-22,0524,Aqua,MODIS,56,6.2,315.3,35.2,D,0
-17.64,125.2117,362.5,1,1,2014-10-22,0524,Aqua,MODIS,100,6.2,319.7,69.8,D,0
-17.6463,125.2319,361.3,1,1,2014-10-22,0524,Aqua,MODIS,100,6.2,322.6,60.9,D,0
-17.5757,125.215,373.2,1,1,2014-10-22,0524,Aqua,MODIS,100,6.2,303.3,100.8,D,0
-17.5847,125.2165,389.8,1,1,2014-10-22,0524,Aqua,MODIS,100,6.2,324.8,171.3,D,0
-17.5834,125.2258,358,1,1,2014-10-22,0524,Aqua,MODIS,80,6.2,321.7,55.5,D,0
-16.3499,128.2649,347.7,1.3,1.1,2014-10-22,0524,Aqua,MODIS,89,6.2,319.4,40.2,D,0
-16.348,128.2769,339.4,1.3,1.1,2014-10-22,0524,Aqua,MODIS,78,6.2,318.9,20.5,D,0
-17.7396,125.4835,337.8,1,1,2014-10-22,0524,Aqua,MODIS,60,6.2,319.9,16.2,D,0
-17.75,125.4755,346.1,1,1,2014-10-22,0524,Aqua,MODIS,79,6.2,318,33.1,D,0
-16.3945,128.1774,360.1,1.2,1.1,2014-10-22,0524,Aqua,MODIS,100,6.2,322.4,82.9,D,0
-17.7486,125.4849,407.4,1,1,2014-10-22,0524,Aqua,MODIS,100,6.2,330.4,276.8,D,0
-17.7576,125.4863,367.3,1,1,2014-10-22,0524,Aqua,MODIS,100,6.2,317.5,84.8,D,0
-17.7666,125.4838,341.9,1,1,2014-10-22,0524,Aqua,MODIS,51,6.2,311,28.5,D,0
-17.7769,125.4758,356.8,1,1,2014-10-22,0524,Aqua,MODIS,97,6.2,311.1,60.6,D,0
-17.7756,125.4852,451.8,1,1,2014-10-22,0524,Aqua,MODIS,100,6.2,336.5,714.3,D,0
-17.7859,125.4772,358.9,1,1,2014-10-22,0524,Aqua,MODIS,86,6.2,308.1,67.3,D,0
-17.7845,125.4866,450.4,1,1,2014-10-22,0524,Aqua,MODIS,94,6.2,338.4,697.6,D,0
-17.66,125.5218,341.4,1,1,2014-10-22,0524,Aqua,MODIS,70,6.2,321.5,16.6,D,0
-17.6673,125.5391,355.8,1,1,2014-10-22,0524,Aqua,MODIS,94,6.2,322.4,48.6,D,0
-17.7473,125.4943,368.9,1,1,2014-10-22,0524,Aqua,MODIS,100,6.2,323.9,87.6,D,0
-17.7536,125.5145,353.8,1,1,2014-10-22,0524,Aqua,MODIS,95,6.2,324.4,43.1,D,0
-17.7522,125.5239,365.6,1,1,2014-10-22,0524,Aqua,MODIS,100,6.2,327,74.2,D,0
-17.7652,125.4931,358.6,1,1,2014-10-22,0524,Aqua,MODIS,93,6.2,315.6,57.6,D,0
-17.7639,125.5025,360.1,1,1,2014-10-22,0524,Aqua,MODIS,99,6.2,319.5,56.1,D,0
-17.7625,125.5119,344.6,1,1,2014-10-22,0524,Aqua,MODIS,35,6.2,321.1,17.8,D,0
-17.7742,125.4946,383,1,1,2014-10-22,0524,Aqua,MODIS,100,6.2,324.2,142.3,D,0
-17.7832,125.496,388.6,1,1,2014-10-22,0524,Aqua,MODIS,100,6.2,321.7,169.6,D,0
-17.7819,125.5054,360,1,1,2014-10-22,0524,Aqua,MODIS,81,6.2,317.3,57.9,D,0
-17.7908,125.5068,392.6,1,1,2014-10-22,0524,Aqua,MODIS,94,6.2,318.1,186.5,D,0
-17.7895,125.5162,383.9,1,1,2014-10-22,0524,Aqua,MODIS,100,6.2,324.5,140.3,D,0
-17.7998,125.5082,382.4,1,1,2014-10-22,0524,Aqua,MODIS,87,6.2,308.9,146.2,D,0
-17.7985,125.5176,453.2,1,1,2014-10-22,0524,Aqua,MODIS,100,6.2,329.1,731.9,D,0
-17.7971,125.527,385,1,1,2014-10-22,0524,Aqua,MODIS,100,6.2,320.5,149,D,0
-17.7851,125.9942,337.4,1,1,2014-10-22,0524,Aqua,MODIS,74,6.2,318.8,11.3,D,0
-17.0074,130.271,342.1,1.7,1.3,2014-10-22,0524,Aqua,MODIS,83,6.2,320.5,40.7,D,0
-17.0078,130.2816,336.8,1.7,1.3,2014-10-22,0524,Aqua,MODIS,61,6.2,319.4,26.4,D,0
-16.999,130.2641,336.1,1.7,1.3,2014-10-22,0524,Aqua,MODIS,67,6.2,319.3,22.6,D,0
-16.3964,128.1656,358.2,1.2,1.1,2014-10-22,0524,Aqua,MODIS,98,6.2,322.3,76,D,0
-16.3847,128.1753,337.5,1.2,1.1,2014-10-22,0524,Aqua,MODIS,75,6.2,318.5,20.3,D,0
-16.3865,128.1639,338.1,1.2,1.1,2014-10-22,0524,Aqua,MODIS,77,6.2,318.4,21.3,D,0
-17.0804,130.253,334.6,1.6,1.3,2014-10-22,0524,Aqua,MODIS,62,6.2,320.2,16.5,D,0
-17.9436,126.1029,384.4,1,1,2014-10-22,0524,Aqua,MODIS,94,6.2,327.4,150.7,D,0
-17.9423,126.1124,378.3,1,1,2014-10-22,0524,Aqua,MODIS,100,6.2,324.7,122.9,D,0
-17.9533,126.1016,366.9,1,1,2014-10-22,0524,Aqua,MODIS,100,6.2,317.2,86.1,D,0
-17.9519,126.1111,375.2,1,1,2014-10-22,0524,Aqua,MODIS,100,6.2,320.9,110.5,D,0
-17.9505,126.1206,363.3,1,1,2014-10-22,0524,Aqua,MODIS,99,6.2,321.6,67.4,D,0
-17.9491,126.13,352.9,1,1,2014-10-22,0524,Aqua,MODIS,76,6.2,321.8,40.1,D,0
-15.8598,125.9415,370.9,1,1,2014-10-22,0524,Aqua,MODIS,0,6.2,297.8,107,D,0
-15.8584,125.951,379.7,1,1,2014-10-22,0524,Aqua,MODIS,94,6.2,312,139,D,0
-15.857,125.9604,349.7,1,1,2014-10-22,0524,Aqua,MODIS,93,6.2,311.6,44,D,0
-15.8646,125.9714,340.7,1,1,2014-10-22,0524,Aqua,MODIS,84,6.2,310.4,25,D,0
-16.1878,125.6559,352.7,1,1,2014-10-22,0524,Aqua,MODIS,86,6.2,316.9,48.5,D,0
-18.3566,130.27,362.5,1.6,1.2,2014-10-22,0524,Aqua,MODIS,100,6.2,325,124.4,D,0
-18.3541,130.2847,356.4,1.6,1.2,2014-10-22,0524,Aqua,MODIS,97,6.2,324.4,95.9,D,0
-14.2692,131.2339,380.2,2.2,1.4,2014-10-22,0525,Aqua,MODIS,94,6.2,306.4,433.5,D,0
-14.2821,131.2362,355.9,2.2,1.4,2014-10-22,0525,Aqua,MODIS,97,6.2,313.9,185.7,D,0
-14.3093,127.3083,349.7,1.2,1.1,2014-10-22,0525,Aqua,MODIS,0,6.2,299.3,59.6,D,0
-15.3312,125.4112,332.3,1,1,2014-10-22,0525,Aqua,MODIS,66,6.2,308.4,11.2,D,0
-14.2717,131.2292,387.8,2.2,1.4,2014-10-22,0525,Aqua,MODIS,94,6.2,309.4,540.4,D,0
-11.7994,130.1288,325.9,2,1.4,2014-10-22,0525,Aqua,MODIS,51,6.2,301.3,32.1,D,0
-14.2846,131.2315,346.2,2.2,1.4,2014-10-22,0525,Aqua,MODIS,77,6.2,312.2,111.4,D,0
-14.2962,127.3286,353.8,1.2,1.1,2014-10-22,0525,Aqua,MODIS,90,6.2,306.2,64.7,D,0
-11.7958,130.0982,321.3,2,1.4,2014-10-22,0525,Aqua,MODIS,21,6.2,300.9,22.9,D,0
-14.6616,126.8734,337.8,1.1,1.1,2014-10-22,0525,Aqua,MODIS,78,6.2,312.1,20.3,D,0
-14.4646,127.0859,336.6,1.2,1.1,2014-10-22,0525,Aqua,MODIS,37,6.2,309.8,25.1,D,0
-11.7927,130.1164,333.4,2,1.4,2014-10-22,0525,Aqua,MODIS,85,6.2,301.2,63.7,D,0
-14.5479,127.0196,340.5,1.1,1.1,2014-10-22,0525,Aqua,MODIS,59,6.2,309.2,33.5,D,0
-14.5447,127.0407,331.8,1.1,1.1,2014-10-22,0525,Aqua,MODIS,28,6.2,298.1,20,D,0
-14.2886,131.1292,353.7,2.2,1.4,2014-10-22,0525,Aqua,MODIS,96,6.2,303.3,175.1,D,0
-11.738,130.3487,320.9,2.1,1.4,2014-10-22,0525,Aqua,MODIS,50,6.2,300.4,20.7,D,0
-14.288,131.2112,335.1,2.2,1.4,2014-10-22,0525,Aqua,MODIS,39,6.2,308,52,D,0
-14.2316,127.2106,337.9,1.2,1.1,2014-10-22,0525,Aqua,MODIS,65,6.2,309.3,26.4,D,0
-14.2868,131.134,371.9,2.2,1.4,2014-10-22,0525,Aqua,MODIS,100,6.2,305.6,333.1,D,0
-14.5543,127.0422,359,1.1,1.1,2014-10-22,0525,Aqua,MODIS,93,6.2,300.6,82.6,D,0
-15.3438,125.4514,333.5,1,1,2014-10-22,0525,Aqua,MODIS,69,6.2,308.2,13.5,D,0
-15.3514,125.4622,337.1,1,1,2014-10-22,0525,Aqua,MODIS,82,6.2,308.5,20.6,D,0
-13.661,130.4045,332.2,2,1.4,2014-10-22,0525,Aqua,MODIS,44,6.2,308.5,36.3,D,0
-14.6411,126.8809,336.4,1.1,1.1,2014-10-22,0525,Aqua,MODIS,56,6.2,313,18.2,D,0
-14.6285,126.8365,335.2,1.1,1.1,2014-10-22,0525,Aqua,MODIS,56,6.2,312.6,16.1,D,0
-14.6506,126.8823,342.7,1.1,1.1,2014-10-22,0525,Aqua,MODIS,82,6.2,314,30.9,D,0
-15.3285,125.4299,337.5,1,1,2014-10-22,0525,Aqua,MODIS,82,6.2,308.4,19.6,D,0
-15.3208,125.4192,330,1,1,2014-10-22,0525,Aqua,MODIS,56,6.2,308.7,10.1,D,0
-15.3298,125.4206,340.8,1,1,2014-10-22,0525,Aqua,MODIS,86,6.2,310.5,24.5,D,0
-14.7291,126.8487,347.4,1.1,1.1,2014-10-22,0525,Aqua,MODIS,91,6.2,311.8,43.4,D,0
-15.5278,125.3877,330.2,1,1,2014-10-22,0525,Aqua,MODIS,62,6.2,295.2,19.5,D,0
-14.2979,127.3177,363.6,1.2,1.1,2014-10-22,0525,Aqua,MODIS,94,6.2,311.5,99.4,D,0
-11.79,130.1086,320.8,2,1.4,2014-10-22,0525,Aqua,MODIS,38,6.2,300.4,21.7,D,0
-14.9728,125.7776,341.5,1,1,2014-10-22,0525,Aqua,MODIS,86,6.2,307.9,31.5,D,0
-14.9833,125.7696,333.8,1,1,2014-10-22,0525,Aqua,MODIS,62,6.2,306,20,D,0
-14.9819,125.7791,338.6,1,1,2014-10-22,0525,Aqua,MODIS,76,6.2,306.1,26.3,D,0
-14.9742,125.7681,331.5,1,1,2014-10-22,0525,Aqua,MODIS,49,6.2,303.4,16.1,D,0
-11.7344,130.5356,323.8,2.2,1.4,2014-10-22,0525,Aqua,MODIS,72,6.2,303.1,28.3,D,0
-14.9882,125.7994,335.2,1,1,2014-10-22,0525,Aqua,MODIS,48,6.2,305.4,17.9,D,0
-11.7215,130.5335,328.5,2.2,1.4,2014-10-22,0525,Aqua,MODIS,80,6.2,301.5,44.2,D,0
-14.3805,131.2817,333.6,2.2,1.4,2014-10-22,0525,Aqua,MODIS,53,6.2,298.6,50.7,D,0
-14.2853,131.149,361.7,2.2,1.4,2014-10-22,0525,Aqua,MODIS,100,6.2,308.5,233.7,D,0
-14.2725,131.1466,394.3,2.2,1.4,2014-10-22,0525,Aqua,MODIS,94,6.2,309.1,638.6,D,0
-14.2759,131.1269,356,2.2,1.4,2014-10-22,0525,Aqua,MODIS,92,6.2,302.2,195.7,D,0
-14.397,131.2631,349.4,2.2,1.4,2014-10-22,0525,Aqua,MODIS,82,6.2,307.7,144.1,D,0
-14.362,131.2359,337.4,2.2,1.4,2014-10-22,0525,Aqua,MODIS,66,6.2,302.6,74.5,D,0
-12.9759,132.801,340.4,3.1,1.7,2014-10-22,0525,Aqua,MODIS,86,6.2,309.5,128.1,D,0
-14.2834,131.1537,354.7,2.2,1.4,2014-10-22,0525,Aqua,MODIS,96,6.2,310.2,177.1,D,0
-13.0108,133.104,330.2,3.2,1.7,2014-10-22,0525,Aqua,MODIS,55,6.2,308.2,67.4,D,0
-13.0259,133.1073,337.9,3.2,1.7,2014-10-22,0525,Aqua,MODIS,83,6.2,310.3,129.3,D,0
-14.2683,131.2495,366.9,2.2,1.4,2014-10-22,0525,Aqua,MODIS,94,6.2,305.5,283.5,D,0
-13.7009,132.5007,339.2,2.8,1.6,2014-10-22,0525,Aqua,MODIS,68,6.2,310,105.1,D,0
-13.7065,132.4806,342.1,2.8,1.6,2014-10-22,0525,Aqua,MODIS,87,6.2,309,124.4,D,0
-13.1249,133.0749,328.7,3.2,1.7,2014-10-22,0525,Aqua,MODIS,69,6.2,310,65.1,D,0
-14.3534,131.2064,344.2,2.2,1.4,2014-10-22,0525,Aqua,MODIS,81,6.2,301.9,115.5,D,0
-13.6916,132.4001,332.1,2.8,1.6,2014-10-22,0525,Aqua,MODIS,45,6.2,310.4,49.8,D,0
-13.127,133.0671,332.4,3.2,1.7,2014-10-22,0525,Aqua,MODIS,76,6.2,309.8,91.1,D,0
-14.2706,131.1514,381.6,2.2,1.4,2014-10-22,0525,Aqua,MODIS,100,6.2,306.1,450.8,D,0
-12.9762,132.7934,339.7,3.1,1.7,2014-10-22,0525,Aqua,MODIS,85,6.2,309.9,122.3,D,0
-14.3697,131.3434,344.9,2.2,1.4,2014-10-22,0525,Aqua,MODIS,86,6.2,308.3,112.4,D,0
-14.2741,131.1318,377.9,2.2,1.4,2014-10-22,0525,Aqua,MODIS,100,6.2,302.7,403.6,D,0
-14.2273,133.3986,328.9,3.2,1.7,2014-10-22,0525,Aqua,MODIS,48,6.2,312.2,51.5,D,0
-13.7019,132.5059,334.7,2.8,1.6,2014-10-22,0525,Aqua,MODIS,64,6.2,310,78,D,0
-13.0152,133.1002,331.8,3.2,1.7,2014-10-22,0525,Aqua,MODIS,61,6.2,309,79.5,D,0
-13.0302,133.1036,330.8,3.2,1.7,2014-10-22,0525,Aqua,MODIS,73,6.2,310.2,75.5,D,0
-13.6822,132.5234,326.3,2.8,1.6,2014-10-22,0525,Aqua,MODIS,25,6.2,307.4,38,D,0
-14.3528,131.2136,354.7,2.2,1.4,2014-10-22,0525,Aqua,MODIS,96,6.2,301.7,183.9,D,0
-14.35,131.2265,337.1,2.2,1.4,2014-10-22,0525,Aqua,MODIS,53,6.2,301.1,75.6,D,0
-14.2691,131.1664,334,2.2,1.4,2014-10-22,0525,Aqua,MODIS,55,6.2,306.7,60.6,D,0
-13.7053,132.4754,334,2.8,1.6,2014-10-22,0525,Aqua,MODIS,26,6.2,308.3,61.5,D,0
-14.2656,131.2542,353,2.2,1.4,2014-10-22,0525,Aqua,MODIS,90,6.2,300.3,161.7,D,0
-14.2752,131.209,347.8,2.2,1.4,2014-10-22,0525,Aqua,MODIS,91,6.2,298.9,130.5,D,0
-14.2728,131.2137,361.4,2.2,1.4,2014-10-22,0525,Aqua,MODIS,100,6.2,298.3,229.1,D,0
-14.2856,131.2159,352,2.2,1.4,2014-10-22,0525,Aqua,MODIS,95,6.2,308.8,155,D,0
-12.4906,133.3533,337.1,3.4,1.7,2014-10-22,0525,Aqua,MODIS,83,6.2,307.6,129.1,D,0
-12.4955,133.3472,335,3.4,1.7,2014-10-22,0525,Aqua,MODIS,81,6.2,308.9,114,D,0
-13.3512,134.3178,337.6,3.9,1.8,2014-10-22,0525,Aqua,MODIS,79,6.2,309.3,166.4,D,0
-12.9249,135.4057,333.9,4.8,2,2014-10-22,0525,Aqua,MODIS,78,6.2,298.3,224.1,D,0
-13.361,134.3561,327.4,3.9,1.8,2014-10-22,0525,Aqua,MODIS,42,6.2,310.3,67.7,D,0
-13.3636,134.3156,331.2,3.9,1.8,2014-10-22,0525,Aqua,MODIS,57,6.2,311.5,97.3,D,0
-13.3572,134.3506,328.2,3.9,1.8,2014-10-22,0525,Aqua,MODIS,42,6.2,310,74.3,D,0
-12.3675,133.6913,328.7,3.7,1.8,2014-10-22,0525,Aqua,MODIS,68,6.2,304.2,87.1,D,0
-12.3613,133.6849,327.5,3.7,1.8,2014-10-22,0525,Aqua,MODIS,60,6.2,303.8,81.1,D,0
-13.3759,134.0628,332.4,3.8,1.8,2014-10-22,0525,Aqua,MODIS,74,6.2,310.5,105.3,D,0
-12.4961,133.3236,330.9,3.4,1.7,2014-10-22,0525,Aqua,MODIS,75,6.2,309.7,73.3,D,0
-13.3471,134.3123,334.4,3.9,1.8,2014-10-22,0525,Aqua,MODIS,64,6.2,308.3,129.6,D,0
-13.3815,134.0685,330.6,3.8,1.8,2014-10-22,0525,Aqua,MODIS,70,6.2,310.5,85.9,D,0
-11.7306,130.9555,323.4,2.3,1.5,2014-10-22,0525,Aqua,MODIS,57,6.2,304.9,26.1,D,0
-11.4095,131.0573,330.7,2.4,1.5,2014-10-22,0525,Aqua,MODIS,63,6.2,292.1,71.4,D,0
-12.4401,131.8148,338.6,2.6,1.6,2014-10-22,0525,Aqua,MODIS,0,6.2,290.3,120.7,D,0
-12.8064,132.892,329.4,3.1,1.7,2014-10-22,0525,Aqua,MODIS,72,6.2,308.6,57.9,D,0
-12.8014,132.9208,334.7,3.2,1.7,2014-10-22,0525,Aqua,MODIS,80,6.2,309.5,99.2,D,0
-12.4496,131.799,384.9,2.6,1.6,2014-10-22,0525,Aqua,MODIS,89,6.2,302.2,659.5,D,0
-12.805,132.8993,340.2,3.1,1.7,2014-10-22,0525,Aqua,MODIS,86,6.2,309.4,145.2,D,0
-37.3659,144.2263,316.5,1.2,1.1,2014-10-22,1305,Terra,MODIS,93,6.2,288,19.7,N,0
-37.3654,144.2198,305.8,1.2,1.1,2014-10-22,1305,Terra,MODIS,65,6.2,287.6,10.4,N,0
-37.3638,144.2331,317.8,1.2,1.1,2014-10-22,1305,Terra,MODIS,96,6.2,288.2,22.2,N,0
-37.3644,144.2397,311.7,1.2,1.1,2014-10-22,1305,Terra,MODIS,70,6.2,287.8,14.5,N,0
-34.4591,150.8774,301.9,1.3,1.1,2014-10-22,1306,Terra,MODIS,45,6.2,287.9,9.5,N,0
-31.354,152.7819,310.5,2,1.4,2014-10-22,1306,Terra,MODIS,80,6.2,286.8,34.7,N,0
-28.0115,151.0743,301.3,1.8,1.3,2014-10-22,1307,Terra,MODIS,29,6.2,287.9,12.8,N,0
-27.9962,151.0897,306.7,1.8,1.3,2014-10-22,1307,Terra,MODIS,69,6.2,287.4,21.3,N,0
-28.0007,151.0973,301.7,1.8,1.3,2014-10-22,1307,Terra,MODIS,26,6.2,287.4,13.2,N,0
-28.0043,151.0788,316.2,1.8,1.3,2014-10-22,1307,Terra,MODIS,93,6.2,288.2,37.5,N,0
-24.9771,148.1949,303.7,1.4,1.2,2014-10-22,1308,Terra,MODIS,56,6.2,287.6,10.9,N,0
-24.3849,151.3673,310.6,2.3,1.5,2014-10-22,1308,Terra,MODIS,80,6.2,288,38,N,0
-24.1619,150.6014,316.5,2.1,1.4,2014-10-22,1308,Terra,MODIS,93,6.2,288.8,45.7,N,0
-20.3325,147.2086,301.3,1.4,1.2,2014-10-22,1310,Terra,MODIS,40,6.2,290.5,6.9,N,0
-20.3727,147.23,301.5,1.4,1.2,2014-10-22,1310,Terra,MODIS,41,6.2,290.7,6.9,N,0
-20.7355,139.4733,317.6,1.3,1.1,2014-10-22,1310,Terra,MODIS,95,6.2,295.1,22.2,N,2
-19.6954,143.5179,305.7,1,1,2014-10-22,1310,Terra,MODIS,41,6.2,293.7,5.3,N,0
-16.3526,142.5298,330.5,1,1,2014-10-22,1311,Terra,MODIS,100,6.2,298.3,25.7,N,0
-15.3332,145.1994,306.8,1.3,1.1,2014-10-22,1311,Terra,MODIS,69,6.2,293.9,8.8,N,0
-15.1869,142.4474,323.4,1,1,2014-10-22,1311,Terra,MODIS,100,6.2,295.3,18.5,N,0
-15.2278,142.2919,308.2,1,1,2014-10-22,1311,Terra,MODIS,74,6.2,294.4,5.9,N,0
-16.3436,142.5284,313.9,1,1,2014-10-22,1311,Terra,MODIS,87,6.2,296.8,8.5,N,0
-15.1883,142.4381,331.3,1,1,2014-10-22,1311,Terra,MODIS,100,6.2,296.1,27.7,N,0
-16.3773,142.486,310.4,1,1,2014-10-22,1311,Terra,MODIS,42,6.2,297.4,5.3,N,0
-16.424,142.417,312.2,1,1,2014-10-22,1311,Terra,MODIS,83,6.2,297.6,7.9,N,0
-16.3553,142.5111,378.3,1,1,2014-10-22,1311,Terra,MODIS,100,6.2,302.9,143.1,N,0
-15.1573,142.9051,311.7,1,1,2014-10-22,1311,Terra,MODIS,81,6.2,294.3,9,N,0
-15.1432,142.8736,305.1,1,1,2014-10-22,1311,Terra,MODIS,19,6.2,293.9,4.5,N,0
-16.5338,142.4847,313.2,1,1,2014-10-22,1311,Terra,MODIS,85,6.2,297.8,8.1,N,0
-15.2238,142.3198,313.8,1,1,2014-10-22,1311,Terra,MODIS,87,6.2,294.7,9.1,N,0
-16.4321,142.4242,312.5,1,1,2014-10-22,1311,Terra,MODIS,84,6.2,297.7,7.1,N,0
-16.3786,142.4766,319.9,1,1,2014-10-22,1311,Terra,MODIS,99,6.2,297.6,13.2,N,0
-15.1496,142.8941,321,1,1,2014-10-22,1311,Terra,MODIS,100,6.2,294.3,16.8,N,0
-15.3131,145.196,307.8,1.3,1.1,2014-10-22,1311,Terra,MODIS,73,6.2,293.8,9.8,N,0
-16.3422,142.5378,324.2,1,1,2014-10-22,1311,Terra,MODIS,100,6.2,297.6,18.5,N,0
-16.38,142.4673,364.2,1,1,2014-10-22,1311,Terra,MODIS,100,6.2,300.8,94.4,N,0
-16.4731,142.4593,309.8,1,1,2014-10-22,1311,Terra,MODIS,39,6.2,297.8,5.4,N,0
-15.1419,142.8831,308.1,1,1,2014-10-22,1311,Terra,MODIS,32,6.2,294.3,6.2,N,0
-16.4987,142.4729,311.5,1,1,2014-10-22,1311,Terra,MODIS,81,6.2,297.4,7.2,N,0
-15.1358,142.5445,309.8,1,1,2014-10-22,1311,Terra,MODIS,28,6.2,294.4,6.2,N,0
-15.1509,142.8846,310.8,1,1,2014-10-22,1311,Terra,MODIS,14,6.2,294.3,7.7,N,0
-15.2057,142.9485,311.3,1,1,2014-10-22,1311,Terra,MODIS,23,6.2,294.2,7.9,N,0
-16.3643,142.5126,354.5,1,1,2014-10-22,1311,Terra,MODIS,100,6.2,301.8,68.8,N,0
-14.345,144.3171,307.5,1.2,1.1,2014-10-22,1311,Terra,MODIS,72,6.2,293.2,7.9,N,0
-15.0665,142.6428,309.1,1,1,2014-10-22,1311,Terra,MODIS,76,6.2,294.2,7,N,0
-16.3813,142.4579,343.2,1,1,2014-10-22,1311,Terra,MODIS,100,6.2,298,45.2,N,0
-16.358,142.4924,311.1,1,1,2014-10-22,1311,Terra,MODIS,80,6.2,297.4,6.1,N,0
-15.3528,143.0724,314.7,1,1,2014-10-22,1311,Terra,MODIS,51,6.2,294.3,10.6,N,0
-15.325,145.1859,311.4,1.3,1.1,2014-10-22,1311,Terra,MODIS,82,6.2,294.6,13,N,0
-16.3656,142.5032,398.9,1,1,2014-10-22,1311,Terra,MODIS,100,6.2,308,243.9,N,0
-16.3683,142.4845,326.3,1,1,2014-10-22,1311,Terra,MODIS,100,6.2,298,20,N,0
-15.1896,142.4287,314.3,1,1,2014-10-22,1311,Terra,MODIS,89,6.2,295.1,10.2,N,0
-16.3319,142.5457,311.5,1,1,2014-10-22,1311,Terra,MODIS,82,6.2,297.1,7.3,N,0
-15.1476,142.5272,319.7,1,1,2014-10-22,1311,Terra,MODIS,76,6.2,295.3,14.1,N,0
-15.2187,144.9501,302.8,1.2,1.1,2014-10-22,1311,Terra,MODIS,52,6.2,292.7,5.8,N,0
-16.5248,142.4833,315.8,1,1,2014-10-22,1311,Terra,MODIS,91,6.2,298,10.1,N,0
-16.3512,142.5392,315.7,1,1,2014-10-22,1311,Terra,MODIS,91,6.2,297.4,10.2,N,0
-15.1342,142.8722,306.2,1,1,2014-10-22,1311,Terra,MODIS,34,6.2,293.9,5.2,N,0
-16.367,142.4939,389.5,1,1,2014-10-22,1311,Terra,MODIS,100,6.2,306.1,192.5,N,0
-15.0547,142.6602,320.2,1,1,2014-10-22,1311,Terra,MODIS,100,6.2,294.6,15.2,N,0
-15.0651,142.6522,310.3,1,1,2014-10-22,1311,Terra,MODIS,80,6.2,294.4,7.5,N,0
-15.1659,142.9031,305.6,1,1,2014-10-22,1311,Terra,MODIS,65,6.2,293.9,4.8,N,0
-15.3346,143.0694,306.6,1,1,2014-10-22,1311,Terra,MODIS,48,6.2,294,5.4,N,0
-16.5159,142.4819,310.9,1,1,2014-10-22,1311,Terra,MODIS,79,6.2,297.6,6.4,N,0
-16.5428,142.4862,312.8,1,1,2014-10-22,1311,Terra,MODIS,84,6.2,297.7,8,N,0
-15.0561,142.6508,317.2,1,1,2014-10-22,1311,Terra,MODIS,95,6.2,294.6,12.7,N,0
-16.6304,142.7072,313.8,1,1,2014-10-22,1311,Terra,MODIS,59,6.2,297.5,8.7,N,0
-15.1889,142.936,316.9,1,1,2014-10-22,1311,Terra,MODIS,84,6.2,294.5,12.5,N,0
-15.3351,145.1876,320.9,1.3,1.1,2014-10-22,1311,Terra,MODIS,100,6.2,294.7,25.3,N,0
-15.2188,142.2905,320,1,1,2014-10-22,1311,Terra,MODIS,100,6.2,295.1,15.3,N,0
-15.0575,142.6414,313.5,1,1,2014-10-22,1311,Terra,MODIS,87,6.2,294.3,9.9,N,0
-14.9519,145.0841,312.9,1.3,1.1,2014-10-22,1311,Terra,MODIS,53,6.2,292.3,15.3,N,0
-15.191,142.4194,307.9,1,1,2014-10-22,1311,Terra,MODIS,73,6.2,294.5,5.6,N,0
-15.1779,142.446,335.5,1,1,2014-10-22,1311,Terra,MODIS,100,6.2,296,33.8,N,0
-15.2225,142.3291,313.7,1,1,2014-10-22,1311,Terra,MODIS,88,6.2,294.9,9.5,N,0
-15.3149,145.1841,312.4,1.3,1.1,2014-10-22,1311,Terra,MODIS,85,6.2,294.1,14.5,N,0
-15.3231,145.1977,310.3,1.3,1.1,2014-10-22,1311,Terra,MODIS,80,6.2,294.5,11.8,N,0
-16.5077,142.4743,315.5,1,1,2014-10-22,1311,Terra,MODIS,91,6.2,297.8,10.5,N,0
-15.2315,142.3305,308.2,1,1,2014-10-22,1311,Terra,MODIS,74,6.2,294.6,5.8,N,0
-16.4807,142.4701,310.1,1,1,2014-10-22,1311,Terra,MODIS,24,6.2,297.7,5.4,N,0
-15.0429,142.6776,309.3,1,1,2014-10-22,1311,Terra,MODIS,50,6.2,294.3,6.5,N,0
-15.1792,142.4367,350.4,1,1,2014-10-22,1311,Terra,MODIS,100,6.2,296.6,60.6,N,0
-16.5442,142.4768,315.1,1,1,2014-10-22,1311,Terra,MODIS,90,6.2,297.8,9.9,N,0
-16.3539,142.5205,361,1,1,2014-10-22,1311,Terra,MODIS,100,6.2,300.9,85.7,N,0
-16.3566,142.5018,340.9,1,1,2014-10-22,1311,Terra,MODIS,100,6.2,299.4,41.1,N,0
-15.0443,142.6682,307.1,1,1,2014-10-22,1311,Terra,MODIS,68,6.2,294.2,5.2,N,0
-15.1136,142.5734,305.6,1,1,2014-10-22,1311,Terra,MODIS,45,6.2,294.2,4.2,N,0
-15.1586,142.8956,315.4,1,1,2014-10-22,1311,Terra,MODIS,85,6.2,294.6,11.7,N,0
-16.7487,145.5049,303.2,1.3,1.1,2014-10-22,1311,Terra,MODIS,51,6.2,287.7,9,N,0
-15.8029,133.5791,312.7,3,1.7,2014-10-22,1311,Terra,MODIS,84,6.2,297,41.9,N,0
-15.3416,133.9404,308.5,2.8,1.6,2014-10-22,1311,Terra,MODIS,71,6.2,297.2,25.1,N,0
-16.984,142.6153,309.8,1,1,2014-10-22,1311,Terra,MODIS,31,6.2,297,5.6,N,0
-17.0061,142.5901,307.8,1,1,2014-10-22,1311,Terra,MODIS,20,6.2,297.3,4.3,N,0
-16.9935,142.2285,313.2,1,1,2014-10-22,1311,Terra,MODIS,56,6.2,291.1,8.2,N,0
-14.3599,144.2852,303.4,1.2,1.1,2014-10-22,1311,Terra,MODIS,55,6.2,292.6,5.4,N,0
-16.9782,142.207,315.7,1,1,2014-10-22,1311,Terra,MODIS,91,6.2,293.3,11.4,N,0
-15.8116,133.6367,311.2,3,1.6,2014-10-22,1311,Terra,MODIS,72,6.2,296.9,30.5,N,0
-14.5886,143.4485,305.4,1.1,1,2014-10-22,1311,Terra,MODIS,64,6.2,292.2,6.6,N,0
-15.4988,133.8914,313.4,2.8,1.6,2014-10-22,1311,Terra,MODIS,56,6.2,297.9,39.1,N,0
-15.4592,133.9607,314.4,2.8,1.6,2014-10-22,1311,Terra,MODIS,88,6.2,297.2,45.7,N,0
-14.9463,142.7718,307.1,1,1,2014-10-22,1311,Terra,MODIS,70,6.2,294.1,5.9,N,0
-15.4644,133.9401,310.7,2.8,1.6,2014-10-22,1311,Terra,MODIS,21,6.2,296.9,28.5,N,0
-16.7607,145.4942,301.6,1.3,1.1,2014-10-22,1311,Terra,MODIS,40,6.2,289.3,7.1,N,0
-16.7034,142.6483,321.4,1,1,2014-10-22,1311,Terra,MODIS,100,6.2,298.2,15.8,N,0
-15.7998,133.6071,312.4,3,1.7,2014-10-22,1311,Terra,MODIS,74,6.2,296.9,38.1,N,0
-15.7905,133.6906,309.8,3,1.6,2014-10-22,1311,Terra,MODIS,76,6.2,296.6,28.4,N,0
-15.4765,133.9364,310.6,2.8,1.6,2014-10-22,1311,Terra,MODIS,56,6.2,297.3,30.5,N,0
-15.7992,133.6138,306.9,3,1.7,2014-10-22,1311,Terra,MODIS,11,6.2,296.6,19.1,N,0
-15.8021,133.5858,317.1,3,1.7,2014-10-22,1311,Terra,MODIS,94,6.2,297.2,60,N,0
-16.7588,145.5064,326.2,1.3,1.1,2014-10-22,1311,Terra,MODIS,100,6.2,290.9,36.4,N,0
-15.176,145.1597,315.3,1.3,1.1,2014-10-22,1311,Terra,MODIS,91,6.2,293.4,18.3,N,0
-15.1742,145.1714,312.7,1.3,1.1,2014-10-22,1311,Terra,MODIS,85,6.2,293.2,15.3,N,0
-14.3582,144.2964,311.3,1.2,1.1,2014-10-22,1311,Terra,MODIS,82,6.2,293.6,11.2,N,0
-16.8387,142.6663,309.7,1,1,2014-10-22,1311,Terra,MODIS,76,6.2,297.1,6.1,N,0
-16.6763,142.1316,311.4,1,1,2014-10-22,1311,Terra,MODIS,81,6.2,298.3,6.8,N,0
-16.679,142.1129,329.8,1,1,2014-10-22,1311,Terra,MODIS,100,6.2,299.6,25,N,0
-16.6777,142.1222,332.2,1,1,2014-10-22,1311,Terra,MODIS,100,6.2,300.1,28,N,0
-14.3547,144.3187,305.1,1.2,1.1,2014-10-22,1311,Terra,MODIS,59,6.2,293.6,6,N,0
-15.4968,133.8862,309.3,2.8,1.6,2014-10-22,1311,Terra,MODIS,59,6.2,297.6,26.4,N,0
-15.4939,133.912,317.6,2.8,1.6,2014-10-22,1311,Terra,MODIS,95,6.2,298.1,55.6,N,0
-15.4815,133.9157,308.3,2.8,1.6,2014-10-22,1311,Terra,MODIS,47,6.2,297.1,23.4,N,0
-15.8112,133.6435,312.7,3,1.6,2014-10-22,1311,Terra,MODIS,73,6.2,296.9,37.9,N,0
-14.9677,145.0499,309.9,1.3,1.1,2014-10-22,1311,Terra,MODIS,31,6.2,291.6,11.6,N,0
-14.9777,145.0516,321.3,1.3,1.1,2014-10-22,1311,Terra,MODIS,82,6.2,292,25.6,N,0
-14.3425,144.4632,306.4,1.2,1.1,2014-10-22,1311,Terra,MODIS,68,6.2,293,7.7,N,0
-16.6785,142.6924,309,1,1,2014-10-22,1311,Terra,MODIS,74,6.2,297.1,5.8,N,0
-16.6843,142.0756,309.1,1,1,2014-10-22,1311,Terra,MODIS,74,6.2,297.5,5.7,N,0
-16.693,142.6563,308.4,1,1,2014-10-22,1311,Terra,MODIS,72,6.2,297.2,5.3,N,0
-16.7047,142.639,318,1,1,2014-10-22,1311,Terra,MODIS,96,6.2,297.8,12.6,N,0
-15.0835,145.163,305.3,1.3,1.1,2014-10-22,1311,Terra,MODIS,51,6.2,291.3,10,N,0
-14.9672,142.7558,311,1,1,2014-10-22,1311,Terra,MODIS,54,6.2,294.3,7.9,N,0
-14.979,142.7383,306.5,1,1,2014-10-22,1311,Terra,MODIS,61,6.2,294.1,5.1,N,0
-14.9985,142.7318,316.2,1,1,2014-10-22,1311,Terra,MODIS,93,6.2,295,12,N,0
-14.5222,144.1708,306.4,1.2,1.1,2014-10-22,1311,Terra,MODIS,68,6.2,292.5,8.6,N,0
-14.9776,142.7478,313.8,1,1,2014-10-22,1311,Terra,MODIS,88,6.2,294.4,10.5,N,0
-14.9895,142.7303,321.5,1,1,2014-10-22,1311,Terra,MODIS,100,6.2,294.8,17.4,N,0
-14.9881,142.7398,314.9,1,1,2014-10-22,1311,Terra,MODIS,90,6.2,294.8,11.2,N,0
-16.8297,142.1524,305.6,1,1,2014-10-22,1311,Terra,MODIS,61,6.2,287.8,4.4,N,0
-15.0088,142.7204,310.5,1,1,2014-10-22,1311,Terra,MODIS,80,6.2,295,7.6,N,0
-15.022,142.6935,308.8,1,1,2014-10-22,1311,Terra,MODIS,34,6.2,294.4,6.1,N,0
-15.0206,142.7029,311.5,1,1,2014-10-22,1311,Terra,MODIS,83,6.2,294.6,8.5,N,0
-15.0325,142.6855,312.3,1,1,2014-10-22,1311,Terra,MODIS,40,6.2,294.5,8.2,N,0
-14.9999,142.7223,315.6,1,1,2014-10-22,1311,Terra,MODIS,91,6.2,294.7,11.8,N,0
-15.0102,142.7109,312,1,1,2014-10-22,1311,Terra,MODIS,80,6.2,294.7,8.6,N,0
-15.0311,142.695,312.5,1,1,2014-10-22,1311,Terra,MODIS,42,6.2,294.8,8.5,N,0
-14.9567,142.7638,311,1,1,2014-10-22,1311,Terra,MODIS,68,6.2,294.3,8.1,N,0
-16.8283,142.1617,305.5,1,1,2014-10-22,1311,Terra,MODIS,60,6.2,290.6,4.1,N,0
-15.7372,133.7683,313.5,2.9,1.6,2014-10-22,1311,Terra,MODIS,86,6.2,297.1,44,N,0
-15.7553,133.7493,312,2.9,1.6,2014-10-22,1311,Terra,MODIS,83,6.2,297.5,35.9,N,0
-15.7549,133.7426,310.6,2.9,1.6,2014-10-22,1311,Terra,MODIS,65,6.2,297.3,30.8,N,0
-14.2714,142.6063,305.1,1,1,2014-10-22,1311,Terra,MODIS,59,6.2,294.2,4.6,N,0
-16.687,142.3145,317.4,1,1,2014-10-22,1311,Terra,MODIS,95,6.2,298.3,12.1,N,0
-16.9476,142.6133,307.7,1,1,2014-10-22,1311,Terra,MODIS,51,6.2,297.1,4.6,N,0
-14.2819,142.5983,311.2,1,1,2014-10-22,1311,Terra,MODIS,82,6.2,294.4,8.5,N,0
-14.2921,142.587,317,1,1,2014-10-22,1311,Terra,MODIS,94,6.2,294.4,12.6,N,0
-16.9076,142.6356,309.6,1,1,2014-10-22,1311,Terra,MODIS,75,6.2,297.1,5.8,N,0
-16.9062,142.645,309.2,1,1,2014-10-22,1311,Terra,MODIS,59,6.2,297.2,5.4,N,0
-15.4617,133.9661,311.7,2.8,1.6,2014-10-22,1311,Terra,MODIS,57,6.2,297.4,33.6,N,0
-15.4788,133.9418,308.1,2.8,1.6,2014-10-22,1311,Terra,MODIS,62,6.2,297.4,24,N,0
-15.7905,133.6974,307.6,3,1.6,2014-10-22,1311,Terra,MODIS,69,6.2,296.7,21.2,N,0
-14.3842,144.465,307.7,1.2,1.1,2014-10-22,1311,Terra,MODIS,45,6.2,293,8.2,N,0
-14.3744,144.4634,305.8,1.2,1.1,2014-10-22,1311,Terra,MODIS,10,6.2,292.7,6.2,N,0
-15.0242,145.0792,301,1.3,1.1,2014-10-22,1311,Terra,MODIS,25,6.2,290.9,7.6,N,0
-14.2334,131.2563,311.7,4.3,1.9,2014-10-22,1312,Terra,MODIS,82,6.2,294.3,74.9,N,0
-13.1293,133.0653,310.9,3,1.7,2014-10-22,1312,Terra,MODIS,81,6.2,295.7,35.1,N,0
-14.2309,131.3035,306.8,4.3,1.9,2014-10-22,1312,Terra,MODIS,63,6.2,294,48.4,N,0
-14.2292,131.2962,312,4.3,1.9,2014-10-22,1312,Terra,MODIS,83,6.2,294.2,78.7,N,0
-14.2349,131.2635,316.5,4.3,1.9,2014-10-22,1312,Terra,MODIS,93,6.2,294.5,107.3,N,0
-13.0342,143.1854,302.9,1.1,1,2014-10-22,1312,Terra,MODIS,51,6.2,292,5.2,N,0
-13.0247,133.0541,305.3,3,1.7,2014-10-22,1312,Terra,MODIS,59,6.2,294.8,16.7,N,0
-13.1283,133.0719,311.5,3,1.7,2014-10-22,1312,Terra,MODIS,83,6.2,295.8,36.4,N,0
-12.5366,136.0513,312.7,1.8,1.3,2014-10-22,1312,Terra,MODIS,85,6.2,294.8,23.4,N,0
-13.8742,142.299,333,1,1,2014-10-22,1312,Terra,MODIS,100,6.2,295,28.1,N,0
-13.9428,142.2716,330.4,1,1,2014-10-22,1312,Terra,MODIS,100,6.2,294.4,27.1,N,0
-13.8434,142.2596,408.9,1,1,2014-10-22,1312,Terra,MODIS,100,6.2,307.3,312.7,N,0
-13.8909,142.3111,361.6,1,1,2014-10-22,1312,Terra,MODIS,100,6.2,297.5,86.2,N,0
-13.8715,142.3176,323,1,1,2014-10-22,1312,Terra,MODIS,100,6.2,294.7,13.8,N,0
-13.9688,142.2819,314.8,1,1,2014-10-22,1312,Terra,MODIS,59,6.2,294.2,10.9,N,0
-14.0532,142.3965,311.8,1,1,2014-10-22,1312,Terra,MODIS,49,6.2,293.6,8.9,N,0
-13.8524,142.2611,362.8,1,1,2014-10-22,1312,Terra,MODIS,100,6.2,299.8,91.3,N,0
-12.9433,143.1146,304.4,1.1,1,2014-10-22,1312,Terra,MODIS,51,6.2,292.4,5.2,N,0
-13.9622,142.4528,308.6,1,1,2014-10-22,1312,Terra,MODIS,45,6.2,292.8,6.6,N,0
-13.833,142.2675,315.1,1,1,2014-10-22,1312,Terra,MODIS,64,6.2,294.6,10.8,N,0
-13.8628,142.2532,349.9,1,1,2014-10-22,1312,Terra,MODIS,100,6.2,298.9,59.2,N,0
-13.9518,142.273,377.1,1,1,2014-10-22,1312,Terra,MODIS,100,6.2,300.2,142,N,0
-14.0304,142.4887,307.3,1,1,2014-10-22,1312,Terra,MODIS,20,6.2,293.6,5.5,N,0
-13.9551,142.3752,325.5,1,1,2014-10-22,1312,Terra,MODIS,90,6.2,293.5,19.2,N,0
-13.9415,142.2809,360.5,1,1,2014-10-22,1312,Terra,MODIS,100,6.2,297.8,84.9,N,0
-13.8343,142.2582,318.1,1,1,2014-10-22,1312,Terra,MODIS,96,6.2,294.6,14.1,N,0
-13.8705,142.2639,351.8,1,1,2014-10-22,1312,Terra,MODIS,100,6.2,297.9,62.1,N,0
-12.5656,136.1039,310.2,1.7,1.3,2014-10-22,1312,Terra,MODIS,79,6.2,294.3,18.3,N,0
-12.8014,142.3359,304.8,1,1,2014-10-22,1312,Terra,MODIS,62,6.2,293,5.6,N,0
-13.8447,142.2503,389.8,1,1,2014-10-22,1312,Terra,MODIS,100,6.2,300.9,198.4,N,0
-13.9715,142.2633,307.9,1,1,2014-10-22,1312,Terra,MODIS,73,6.2,293.8,6.4,N,0
-13.9356,142.3849,318.8,1,1,2014-10-22,1312,Terra,MODIS,88,6.2,293.2,12.4,N,0
-14.0234,142.4146,383.4,1,1,2014-10-22,1312,Terra,MODIS,100,6.2,300.5,169.5,N,0
-13.9759,142.3593,314.2,1,1,2014-10-22,1312,Terra,MODIS,27,6.2,293.6,10.2,N,0
-13.9397,142.3569,315.5,1,1,2014-10-22,1312,Terra,MODIS,38,6.2,294.3,9.7,N,0
-14.0867,142.4209,310,1,1,2014-10-22,1312,Terra,MODIS,59,6.2,293.4,7.7,N,0
-13.8922,142.3018,327.9,1,1,2014-10-22,1312,Terra,MODIS,91,6.2,294,21.6,N,0
-13.8538,142.2518,410.7,1,1,2014-10-22,1312,Terra,MODIS,100,6.2,306.4,325.5,N,0
-12.761,142.2374,303.8,1,1,2014-10-22,1312,Terra,MODIS,57,6.2,292.5,4.8,N,0
-14.013,142.4225,323.4,1,1,2014-10-22,1312,Terra,MODIS,100,6.2,292.6,19.2,N,0
-13.8728,142.3083,332.6,1,1,2014-10-22,1312,Terra,MODIS,100,6.2,295.5,26.4,N,0
-13.8479,142.3557,318.1,1,1,2014-10-22,1312,Terra,MODIS,50,6.2,294,12.7,N,0
-12.6302,142.0584,311.6,1,1,2014-10-22,1312,Terra,MODIS,83,6.2,293.4,9.3,N,0
-13.8805,142.319,334.3,1,1,2014-10-22,1312,Terra,MODIS,100,6.2,294.1,27.8,N,0
-13.9568,142.3024,323.6,1,1,2014-10-22,1312,Terra,MODIS,13,6.2,295.1,17.1,N,0
-13.9609,142.2744,341,1,1,2014-10-22,1312,Terra,MODIS,100,6.2,297.9,43.5,N,0
-13.8357,142.2489,310.7,1,1,2014-10-22,1312,Terra,MODIS,81,6.2,293.5,8,N,0
-13.9954,142.3528,308.6,1,1,2014-10-22,1312,Terra,MODIS,57,6.2,293.2,7.1,N,0
-12.5676,136.0881,305.4,1.7,1.3,2014-10-22,1312,Terra,MODIS,27,6.2,294.7,11.1,N,0
-13.9913,142.3808,328.6,1,1,2014-10-22,1312,Terra,MODIS,100,6.2,295.4,25.4,N,0
-13.9926,142.3715,331.7,1,1,2014-10-22,1312,Terra,MODIS,100,6.2,294.6,29.4,N,0
-13.9877,142.3421,354.5,1,1,2014-10-22,1312,Terra,MODIS,100,6.2,295.7,72.5,N,0
-13.8474,142.2317,341.2,1,1,2014-10-22,1312,Terra,MODIS,100,6.2,293.2,43.9,N,0
-14.0351,142.3973,367.3,1,1,2014-10-22,1312,Terra,MODIS,100,6.2,298.8,108.2,N,0
-13.9822,142.3794,343.8,1,1,2014-10-22,1312,Terra,MODIS,100,6.2,295.2,47.3,N,0
-13.842,142.269,333.9,1,1,2014-10-22,1312,Terra,MODIS,100,6.2,296.8,30.2,N,0
-13.9555,142.3117,321.5,1,1,2014-10-22,1312,Terra,MODIS,0,6.2,295.1,14.5,N,0
-13.9732,142.378,316.5,1,1,2014-10-22,1312,Terra,MODIS,35,6.2,294.1,10.2,N,0
-13.837,142.2396,334.6,1,1,2014-10-22,1312,Terra,MODIS,100,6.2,293.8,33.4,N,0
-14.0318,142.4793,308.4,1,1,2014-10-22,1312,Terra,MODIS,10,6.2,293.6,5.6,N,0
-13.8384,142.2303,350.3,1,1,2014-10-22,1312,Terra,MODIS,100,6.2,294,62,N,0
-13.9622,142.2651,376.7,1,1,2014-10-22,1312,Terra,MODIS,100,6.2,301.7,141.2,N,0
-12.4539,136.8047,312.6,1.5,1.2,2014-10-22,1312,Terra,MODIS,85,6.2,294.3,20.6,N,0
-13.9701,142.2726,321.1,1,1,2014-10-22,1312,Terra,MODIS,100,6.2,295,17.5,N,0
-13.985,142.3607,316.7,1,1,2014-10-22,1312,Terra,MODIS,27,6.2,294.6,12.1,N,0
-12.5463,136.0689,310.4,1.8,1.3,2014-10-22,1312,Terra,MODIS,80,6.2,294.8,18.9,N,0
-13.9863,142.3514,351.8,1,1,2014-10-22,1312,Terra,MODIS,100,6.2,297,65.3,N,0
-13.9768,142.4168,313.9,1,1,2014-10-22,1312,Terra,MODIS,8,6.2,293.4,9.1,N,0
-13.8641,142.2439,355.7,1,1,2014-10-22,1312,Terra,MODIS,100,6.2,296.7,73.2,N,0
-13.9967,142.3435,310.1,1,1,2014-10-22,1312,Terra,MODIS,79,6.2,293.1,8.7,N,0
-13.9636,142.4434,312.5,1,1,2014-10-22,1312,Terra,MODIS,85,6.2,293.1,9.4,N,0
-13.8614,142.2625,344.4,1,1,2014-10-22,1312,Terra,MODIS,100,6.2,296.1,46.2,N,0
-13.8551,142.2424,378.1,1,1,2014-10-22,1312,Terra,MODIS,100,6.2,297.6,146,N,0
-13.9013,142.3032,321,1,1,2014-10-22,1312,Terra,MODIS,45,6.2,294.8,13.7,N,0
-13.8587,142.2811,323.9,1,1,2014-10-22,1312,Terra,MODIS,100,6.2,295.5,14.9,N,0
-13.8651,142.3011,326.8,1,1,2014-10-22,1312,Terra,MODIS,100,6.2,294.8,17.2,N,0
-13.9505,142.2823,324.2,1,1,2014-10-22,1312,Terra,MODIS,100,6.2,295.8,19.9,N,0
-13.9234,142.2781,319.3,1,1,2014-10-22,1312,Terra,MODIS,98,6.2,294,14.6,N,0
-13.9773,142.35,321,1,1,2014-10-22,1312,Terra,MODIS,97,6.2,292.9,16.8,N,0
-13.8764,142.347,318.2,1,1,2014-10-22,1312,Terra,MODIS,96,6.2,294.3,8.5,N,0
-13.8882,142.3298,316.8,1,1,2014-10-22,1312,Terra,MODIS,94,6.2,295,7.4,N,0
-13.8895,142.3204,349,1,1,2014-10-22,1312,Terra,MODIS,100,6.2,297,54.1,N,0
-12.5386,136.0352,322.3,1.8,1.3,2014-10-22,1312,Terra,MODIS,100,6.2,295.6,43.6,N,0
-12.5483,136.053,311.8,1.8,1.3,2014-10-22,1312,Terra,MODIS,83,6.2,295.1,21.1,N,0
-14.0636,142.3885,310.3,1,1,2014-10-22,1312,Terra,MODIS,80,6.2,292.9,8.6,N,0
-13.8664,142.2918,316.9,1,1,2014-10-22,1312,Terra,MODIS,94,6.2,294.9,7.1,N,0
-13.9674,142.2912,310.7,1,1,2014-10-22,1312,Terra,MODIS,37,6.2,293.8,8.1,N,0
-12.4175,142.874,308.5,1.1,1,2014-10-22,1312,Terra,MODIS,46,6.2,293,7.5,N,0
-14.0261,142.3958,342.2,1,1,2014-10-22,1312,Terra,MODIS,100,6.2,293.9,46.7,N,0
-14.022,142.4239,350.9,1,1,2014-10-22,1312,Terra,MODIS,100,6.2,296.1,63.3,N,0
-12.5772,136.1055,305.3,1.7,1.3,2014-10-22,1312,Terra,MODIS,17,6.2,294.5,10.7,N,0
-13.8783,142.2711,314.3,1,1,2014-10-22,1312,Terra,MODIS,58,6.2,294.1,10.3,N,0
-13.8778,142.3377,334,1,1,2014-10-22,1312,Terra,MODIS,100,6.2,295,27.1,N,0
-13.8601,142.2718,365.9,1,1,2014-10-22,1312,Terra,MODIS,100,6.2,298.2,98.1,N,0
-13.8701,142.3269,323.2,1,1,2014-10-22,1312,Terra,MODIS,100,6.2,294.4,13.8,N,0
-13.8691,142.2732,335.9,1,1,2014-10-22,1312,Terra,MODIS,100,6.2,296.9,31.3,N,0
-13.8461,142.241,359.8,1,1,2014-10-22,1312,Terra,MODIS,100,6.2,296.9,84.4,N,0
-13.8791,142.3284,359.4,1,1,2014-10-22,1312,Terra,MODIS,100,6.2,296,79,N,0
-13.9221,142.2874,334.4,1,1,2014-10-22,1312,Terra,MODIS,100,6.2,296,31.3,N,0
-13.9026,142.2939,328,1,1,2014-10-22,1312,Terra,MODIS,93,6.2,294.4,22.6,N,0
-13.9532,142.2637,356.6,1,1,2014-10-22,1312,Terra,MODIS,100,6.2,296.4,77.2,N,0
-13.8398,142.221,324.3,1,1,2014-10-22,1312,Terra,MODIS,100,6.2,292.6,20.6,N,0
-14.0247,142.4052,393,1,1,2014-10-22,1312,Terra,MODIS,100,6.2,299.9,217.3,N,0
-14.0338,142.4066,365.6,1,1,2014-10-22,1312,Terra,MODIS,100,6.2,300.8,102.6,N,0
-14.2562,131.2254,305.9,4.4,1.9,2014-10-22,1312,Terra,MODIS,21,6.2,294.5,38.2,N,0
-14.3177,131.1561,308.6,4.4,1.9,2014-10-22,1312,Terra,MODIS,73,6.2,294.3,57,N,0
-14.3167,131.151,308.2,4.4,1.9,2014-10-22,1312,Terra,MODIS,72,6.2,294,56,N,0
-13.3888,142.349,304.7,1,1,2014-10-22,1312,Terra,MODIS,61,6.2,292.9,5,N,0
-13.6096,141.648,304.5,1,1,2014-10-22,1312,Terra,MODIS,12,6.2,293.8,3.6,N,0
-13.5732,141.5803,304.4,1,1,2014-10-22,1312,Terra,MODIS,60,6.2,294,4.3,N,0
-13.6069,141.6664,306.1,1,1,2014-10-22,1312,Terra,MODIS,62,6.2,293.9,4.7,N,0
-13.6083,141.6572,306.2,1,1,2014-10-22,1312,Terra,MODIS,45,6.2,293.9,4.7,N,0
-11.045,142.4525,310.3,1.1,1,2014-10-22,1312,Terra,MODIS,27,6.2,293.2,7.9,N,0
-12.4421,136.6292,308.1,1.6,1.2,2014-10-22,1312,Terra,MODIS,73,6.2,294.8,13.9,N,0
-11.0343,142.4607,309.9,1.1,1,2014-10-22,1312,Terra,MODIS,64,6.2,293.3,7.9,N,0
-12.4404,136.6378,308.5,1.6,1.2,2014-10-22,1312,Terra,MODIS,35,6.2,294.6,13,N,0
-11.0251,142.4593,306.6,1.1,1,2014-10-22,1312,Terra,MODIS,40,6.2,293.2,5.7,N,0
-11.0236,142.4689,306.5,1.1,1,2014-10-22,1312,Terra,MODIS,41,6.2,293.2,5.6,N,0
-13.3652,134.0839,308,2.6,1.5,2014-10-22,1312,Terra,MODIS,46,6.2,295.8,24,N,0
-11.511,142.4764,302.8,1.1,1,2014-10-22,1312,Terra,MODIS,50,6.2,291.7,4.9,N,0
-13.6199,141.6402,304.6,1,1,2014-10-22,1312,Terra,MODIS,32,6.2,294,3.8,N,0
-12.3475,142.6131,304.1,1.1,1,2014-10-22,1312,Terra,MODIS,59,6.2,292.4,5.1,N,0
-13.3733,134.0786,312.9,2.6,1.5,2014-10-22,1312,Terra,MODIS,86,6.2,296.4,40,N,0
-13.3817,134.0619,307,2.6,1.5,2014-10-22,1312,Terra,MODIS,47,6.2,295.8,21.9,N,0
-12.5483,141.9263,302.8,1,1,2014-10-22,1312,Terra,MODIS,51,6.2,292.6,3.3,N,0
-12.5496,141.917,303.8,1,1,2014-10-22,1312,Terra,MODIS,57,6.2,292.9,3.8,N,0
-12.5403,141.9187,302.9,1,1,2014-10-22,1312,Terra,MODIS,52,6.2,292.7,3.8,N,0
-31.3506,152.78,304.1,1.6,1.3,2014-10-22,1442,Aqua,MODIS,58,6.2,285.7,17.6,N,0
-31.3539,152.797,300.2,1.6,1.3,2014-10-22,1442,Aqua,MODIS,22,6.2,286.1,13.3,N,0
-30.8661,121.49,305.5,1,1,2014-10-22,1446,Terra,MODIS,64,6.2,283.2,6.9,N,2
-21.6239,117.9172,313,1,1,2014-10-22,1448,Terra,MODIS,55,6.2,293.6,9,N,0
-21.5698,117.9126,307.1,1,1,2014-10-22,1448,Terra,MODIS,7,6.2,281.3,6.1,N,0
-21.5504,117.9193,317.4,1,1,2014-10-22,1448,Terra,MODIS,15,6.2,291.5,12.7,N,0
-21.54,117.9276,322.7,1,1,2014-10-22,1448,Terra,MODIS,100,6.2,295.4,16.6,N,0
-21.5413,117.9179,349.1,1,1,2014-10-22,1448,Terra,MODIS,100,6.2,292.8,57.6,N,0
-21.5296,117.9359,315.6,1,1,2014-10-22,1448,Terra,MODIS,91,6.2,299.8,9.3,N,0
-21.5309,117.9261,330.5,1,1,2014-10-22,1448,Terra,MODIS,100,6.2,299.7,25.4,N,0
-21.6795,117.9163,303.2,1,1,2014-10-22,1448,Terra,MODIS,17,6.2,285.5,4.8,N,0
-21.6601,117.9231,311.5,1,1,2014-10-22,1448,Terra,MODIS,75,6.2,290.7,9.3,N,0
-21.6316,117.9284,309.9,1,1,2014-10-22,1448,Terra,MODIS,78,6.2,294.7,7,N,0
-21.6329,117.9187,307.9,1,1,2014-10-22,1448,Terra,MODIS,53,6.2,294.3,5.7,N,0
-21.4998,117.9509,326.9,1,1,2014-10-22,1448,Terra,MODIS,100,6.2,299.6,20.4,N,0
-21.4908,117.953,324.8,1,1,2014-10-22,1448,Terra,MODIS,100,6.2,300.5,18,N,0
-21.4921,117.9432,321.4,1,1,2014-10-22,1448,Terra,MODIS,100,6.2,300.8,14.4,N,0
-21.4817,117.9515,314.4,1,1,2014-10-22,1448,Terra,MODIS,88,6.2,300.3,8.1,N,0
-21.3529,120.8633,319.8,1.1,1.1,2014-10-22,1448,Terra,MODIS,54,6.2,283.1,16.6,N,0
-21.3875,120.8919,334.8,1.1,1.1,2014-10-22,1448,Terra,MODIS,66,6.2,293.6,39.6,N,0
-21.5108,120.7548,310.1,1.1,1.1,2014-10-22,1448,Terra,MODIS,62,6.2,294.3,9.4,N,0
-21.5092,120.7655,310.9,1.1,1.1,2014-10-22,1448,Terra,MODIS,81,6.2,295.1,9.3,N,0
-20.7976,122.2632,311.4,1.4,1.2,2014-10-22,1448,Terra,MODIS,78,6.2,280.2,18.8,N,0
-21.1918,119.9542,309.7,1.1,1,2014-10-22,1448,Terra,MODIS,49,6.2,291.6,9.3,N,0
-21.1902,119.9642,313.3,1.1,1,2014-10-22,1448,Terra,MODIS,56,6.2,292.4,12.8,N,0
-21.3892,120.881,332.4,1.1,1.1,2014-10-22,1448,Terra,MODIS,90,6.2,291.3,33.5,N,0
-21.3434,120.8616,323.3,1.1,1.1,2014-10-22,1448,Terra,MODIS,87,6.2,279.9,21.2,N,0
-20.3346,124.6269,308.5,2,1.4,2014-10-22,1448,Terra,MODIS,75,6.2,295.4,21.2,N,0
-20.3362,124.6328,311.7,2,1.4,2014-10-22,1448,Terra,MODIS,83,6.2,295.7,27.5,N,0
-17.9136,126.2894,389.8,3,1.6,2014-10-22,1449,Terra,MODIS,100,6.2,304.5,950.3,N,0
-17.9837,125.9881,326.7,2.8,1.6,2014-10-22,1449,Terra,MODIS,100,6.2,299.4,96.6,N,0
-17.9788,126.0145,333.6,2.8,1.6,2014-10-22,1449,Terra,MODIS,100,6.2,299.9,136.2,N,0
-17.9164,126.0288,321.8,2.9,1.6,2014-10-22,1449,Terra,MODIS,100,6.2,300,72.7,N,0
-20.1133,123.5754,370.8,1.7,1.3,2014-10-22,1449,Terra,MODIS,100,6.2,300.4,253.9,N,0
-17.9801,126.0215,319.6,2.8,1.6,2014-10-22,1449,Terra,MODIS,99,6.2,299.5,61.6,N,0
-17.9851,125.995,341,2.8,1.6,2014-10-22,1449,Terra,MODIS,100,6.2,300,188.6,N,0
-20.0674,123.4995,312.6,1.7,1.3,2014-10-22,1449,Terra,MODIS,38,6.2,295.6,20.2,N,0
-20.0932,123.5546,318.2,1.7,1.3,2014-10-22,1449,Terra,MODIS,27,6.2,290.8,29.6,N,0
-20.1047,123.5569,404.3,1.7,1.3,2014-10-22,1449,Terra,MODIS,100,6.2,303.1,603.1,N,0
-20.1162,123.5591,357.1,1.7,1.3,2014-10-22,1449,Terra,MODIS,100,6.2,298.5,165.4,N,0
-17.9282,126.2928,373.9,3,1.6,2014-10-22,1449,Terra,MODIS,100,6.2,304.2,616.8,N,0
-17.9267,126.0655,311.3,2.9,1.6,2014-10-22,1449,Terra,MODIS,81,6.2,299.8,30.4,N,0
-17.9258,126.0585,320.2,2.9,1.6,2014-10-22,1449,Terra,MODIS,100,6.2,300.2,65.6,N,0
-17.9289,126.2863,352.4,3,1.6,2014-10-22,1449,Terra,MODIS,100,6.2,302.4,310.6,N,0
-17.9229,126.3206,359,3,1.6,2014-10-22,1449,Terra,MODIS,100,6.2,302.2,392.6,N,0
-17.9114,126.0553,310.8,2.9,1.6,2014-10-22,1449,Terra,MODIS,79,6.2,300.2,29.6,N,0
-20.1018,123.5731,419.1,1.7,1.3,2014-10-22,1449,Terra,MODIS,100,6.2,308.5,838.5,N,0
-17.9237,126.3142,367.2,3,1.6,2014-10-22,1449,Terra,MODIS,100,6.2,304.3,509.5,N,0
-17.7663,126.0192,311.6,2.9,1.6,2014-10-22,1449,Terra,MODIS,81,6.2,299.4,29.9,N,0
-17.7652,126.0127,311.9,2.9,1.6,2014-10-22,1449,Terra,MODIS,81,6.2,299.5,32.1,N,0
-17.9564,125.9891,324.6,2.8,1.6,2014-10-22,1449,Terra,MODIS,100,6.2,299.1,84.4,N,0
-17.9513,126.0155,313.2,2.8,1.6,2014-10-22,1449,Terra,MODIS,86,6.2,299.2,34.5,N,0
-17.9318,126.0389,317.9,2.9,1.6,2014-10-22,1449,Terra,MODIS,96,6.2,299.7,52.7,N,0
-17.9308,126.032,319.2,2.9,1.6,2014-10-22,1449,Terra,MODIS,98,6.2,299.6,58.4,N,0
-17.9092,126.31,375.1,3,1.6,2014-10-22,1449,Terra,MODIS,100,6.2,302.9,644.3,N,0
-17.9142,126.283,374.4,3,1.6,2014-10-22,1449,Terra,MODIS,100,6.2,302.8,624.7,N,0
-17.9501,126.0085,314.8,2.8,1.6,2014-10-22,1449,Terra,MODIS,76,6.2,299.1,39.9,N,0
-17.9189,126.262,309.7,3,1.6,2014-10-22,1449,Terra,MODIS,76,6.2,299.4,23.7,N,0
-16.5174,127.4489,306.9,3.9,1.8,2014-10-22,1449,Terra,MODIS,64,6.2,295.1,37.3,N,0
-17.955,125.9821,315.8,2.8,1.6,2014-10-22,1449,Terra,MODIS,91,6.2,298.6,45.1,N,0
-20.0593,123.4912,335.3,1.7,1.3,2014-10-22,1449,Terra,MODIS,100,6.2,297.4,74.2,N,0
-20.0734,123.4775,321.7,1.7,1.3,2014-10-22,1449,Terra,MODIS,100,6.2,297.9,36.8,N,0
-20.0424,124.0497,311.3,1.9,1.3,2014-10-22,1449,Terra,MODIS,82,6.2,295.7,23.5,N,0
-20.0904,123.5708,316.7,1.7,1.3,2014-10-22,1449,Terra,MODIS,31,6.2,290.5,24.7,N,0
-17.9693,125.985,309.8,2.8,1.6,2014-10-22,1449,Terra,MODIS,76,6.2,298.5,27.1,N,0
-20.062,123.4752,343.2,1.7,1.3,2014-10-22,1449,Terra,MODIS,100,6.2,298.8,100.9,N,0
-20.0707,123.4935,325.8,1.7,1.3,2014-10-22,1449,Terra,MODIS,100,6.2,296.7,47.7,N,0
-20.0703,123.4835,359.2,1.7,1.3,2014-10-22,1449,Terra,MODIS,100,6.2,299.6,175.7,N,0
-20.1439,124.1006,305.9,1.9,1.3,2014-10-22,1449,Terra,MODIS,22,6.2,295.5,12.6,N,0
-20.1471,124.0831,313,1.9,1.3,2014-10-22,1449,Terra,MODIS,86,6.2,295.4,25,N,0
-20.1394,124.093,309.5,1.9,1.3,2014-10-22,1449,Terra,MODIS,61,6.2,295,18.6,N,0
-20.1005,124.1034,305.7,1.9,1.3,2014-10-22,1449,Terra,MODIS,14,6.2,295.5,12.6,N,0
-20.0854,124.1187,315,1.9,1.3,2014-10-22,1449,Terra,MODIS,90,6.2,296.3,29,N,0
-20.0886,124.101,308.4,1.9,1.3,2014-10-22,1449,Terra,MODIS,47,6.2,295.6,17.2,N,0
-17.9084,126.3164,357.6,3,1.6,2014-10-22,1449,Terra,MODIS,100,6.2,301.4,374.7,N,0
-17.9645,126.0115,312.7,2.8,1.6,2014-10-22,1449,Terra,MODIS,84,6.2,299.4,35.1,N,0
-20.841,116.9954,309.1,1,1,2014-10-22,1449,Terra,MODIS,76,6.2,298.1,5.8,N,0
-20.5954,116.7744,307.8,1.1,1,2014-10-22,1449,Terra,MODIS,57,6.2,297.1,5.8,N,0
-19.7792,123.2393,313.3,1.6,1.3,2014-10-22,1449,Terra,MODIS,86,6.2,297.1,19,N,0
-19.7765,123.2548,316.1,1.6,1.3,2014-10-22,1449,Terra,MODIS,92,6.2,297.6,24.4,N,0
-19.7931,123.226,314,1.6,1.3,2014-10-22,1449,Terra,MODIS,88,6.2,296.9,19.7,N,0
-17.9263,125.9759,311.7,2.8,1.6,2014-10-22,1449,Terra,MODIS,82,6.2,298.4,33.5,N,0
-19.8104,123.2615,333.7,1.6,1.3,2014-10-22,1449,Terra,MODIS,100,6.2,299.8,65.1,N,0
-17.9313,125.9497,308.1,2.8,1.6,2014-10-22,1449,Terra,MODIS,70,6.2,297.9,22.6,N,0
-17.7855,125.587,305.5,2.7,1.6,2014-10-22,1449,Terra,MODIS,53,6.2,295,13.2,N,0
-15.5747,126.3136,312,3.4,1.7,2014-10-22,1450,Terra,MODIS,21,6.2,294.5,44.8,N,0
-15.5798,126.3092,309,3.4,1.7,2014-10-22,1450,Terra,MODIS,51,6.2,294.3,36.6,N,0
-15.5088,126.262,318.1,3.3,1.7,2014-10-22,1450,Terra,MODIS,96,6.2,294,84.6,N,0
-15.5135,126.2564,322.3,3.3,1.7,2014-10-22,1450,Terra,MODIS,100,6.2,294.2,108.5,N,0
-15.8721,126.2042,309.1,3.2,1.7,2014-10-22,1450,Terra,MODIS,37,6.2,293.9,37.1,N,0
-15.8758,126.1983,309.5,3.2,1.7,2014-10-22,1450,Terra,MODIS,76,6.2,293.9,41.9,N,0
-15.8662,126.1654,307.5,3.2,1.7,2014-10-22,1450,Terra,MODIS,69,6.2,293.6,33.8,N,0
-15.4733,126.2157,303.6,3.3,1.7,2014-10-22,1450,Terra,MODIS,52,6.2,293.4,24.4,N,0
-14.634,126.897,304.4,3.9,1.8,2014-10-22,1450,Terra,MODIS,58,6.2,292.4,28.5,N,0
-14.6285,126.8887,304.8,3.9,1.8,2014-10-22,1450,Terra,MODIS,59,6.2,292.5,32.3,N,0
-14.7391,126.88,304.9,3.8,1.8,2014-10-22,1450,Terra,MODIS,60,6.2,294,33,N,0
-12.4472,136.637,306.3,1.1,1,2014-10-22,1615,Aqua,MODIS,32,6.2,293.4,6.8,N,0
-12.4457,136.6273,308.2,1.1,1,2014-10-22,1615,Aqua,MODIS,54,6.2,293.9,8.2,N,0
-13.3776,134.0742,315,1.4,1.2,2014-10-22,1615,Aqua,MODIS,90,6.2,295.2,21.2,N,0
-14.0013,142.3716,406.3,1.5,1.2,2014-10-22,1615,Aqua,MODIS,100,6.2,304,546.6,N,0
-13.9814,142.3222,366.8,1.5,1.2,2014-10-22,1615,Aqua,MODIS,100,6.2,296.7,192,N,0
-13.985,142.3304,327.4,1.5,1.2,2014-10-22,1615,Aqua,MODIS,100,6.2,294.4,43.5,N,0
-13.9576,142.3111,326,1.5,1.2,2014-10-22,1615,Aqua,MODIS,100,6.2,293.4,35.7,N,0
-14.075,142.4203,305.3,1.6,1.2,2014-10-22,1615,Aqua,MODIS,17,6.2,291.5,9.5,N,0
-14.0074,142.4347,317.4,1.6,1.2,2014-10-22,1615,Aqua,MODIS,95,6.2,292.3,25.1,N,0
-13.9999,142.3775,399.9,1.5,1.2,2014-10-22,1615,Aqua,MODIS,100,6.2,302.8,469.2,N,0
-13.8436,142.2191,315.8,1.5,1.2,2014-10-22,1615,Aqua,MODIS,59,6.2,292.7,21.5,N,0
-13.9539,142.369,362.8,1.5,1.2,2014-10-22,1615,Aqua,MODIS,100,6.2,296.1,168.5,N,0
-14.0123,142.3701,372.9,1.5,1.2,2014-10-22,1615,Aqua,MODIS,100,6.2,300.3,235,N,0
-14.0036,142.4059,375.4,1.6,1.2,2014-10-22,1615,Aqua,MODIS,100,6.2,298.9,251.5,N,0
-13.9484,142.3265,314.1,1.5,1.2,2014-10-22,1615,Aqua,MODIS,88,6.2,291.7,13.4,N,0
-13.89,142.3057,316,1.5,1.2,2014-10-22,1615,Aqua,MODIS,62,6.2,292.5,18.1,N,0
-14.0066,142.4144,368.9,1.6,1.2,2014-10-22,1615,Aqua,MODIS,100,6.2,297.9,209.2,N,0
-13.987,142.3647,315.2,1.5,1.2,2014-10-22,1615,Aqua,MODIS,27,6.2,292.2,15.8,N,0
-13.998,142.3634,371.1,1.5,1.2,2014-10-22,1615,Aqua,MODIS,100,6.2,296.8,218.4,N,0
-14.0106,142.356,352.7,1.5,1.2,2014-10-22,1615,Aqua,MODIS,100,6.2,293.9,127.8,N,0
-13.9502,142.3406,367.3,1.5,1.2,2014-10-22,1615,Aqua,MODIS,100,6.2,295.7,191.6,N,0
-13.8891,142.3123,323.7,1.5,1.2,2014-10-22,1615,Aqua,MODIS,100,6.2,293,32,N,0
-13.9903,142.3731,324.7,1.5,1.2,2014-10-22,1615,Aqua,MODIS,100,6.2,292.4,32.9,N,0
-14.0769,142.4348,310,1.6,1.2,2014-10-22,1615,Aqua,MODIS,79,6.2,291.9,16.2,N,0
-12.4537,136.8041,309.3,1.1,1,2014-10-22,1615,Aqua,MODIS,77,6.2,293.3,9.9,N,0
-13.9211,142.2874,320.4,1.5,1.2,2014-10-22,1615,Aqua,MODIS,47,6.2,293.2,25.7,N,0
-13.9722,142.3377,319.2,1.5,1.2,2014-10-22,1615,Aqua,MODIS,27,6.2,294.4,23.4,N,0
-14.0861,142.4189,303.1,1.6,1.2,2014-10-22,1615,Aqua,MODIS,24,6.2,291.8,7.9,N,0
-13.84,142.1916,308.2,1.5,1.2,2014-10-22,1615,Aqua,MODIS,69,6.2,292.4,12.7,N,0
-14.0234,142.3687,322.6,1.5,1.2,2014-10-22,1615,Aqua,MODIS,100,6.2,292.5,35.4,N,0
-13.9631,142.3533,333.8,1.5,1.2,2014-10-22,1615,Aqua,MODIS,100,6.2,295.4,51.6,N,0
-14.0084,142.4288,333.1,1.6,1.2,2014-10-22,1615,Aqua,MODIS,100,6.2,294.1,58.3,N,0
-14.0141,142.3843,315.9,1.6,1.2,2014-10-22,1615,Aqua,MODIS,55,6.2,294.2,20.6,N,0
-13.9594,142.3251,367.2,1.5,1.2,2014-10-22,1615,Aqua,MODIS,100,6.2,297.5,190.4,N,0
-13.992,142.3873,312.8,1.6,1.2,2014-10-22,1615,Aqua,MODIS,42,6.2,291.8,12.7,N,0
-13.9522,142.2691,318.5,1.5,1.2,2014-10-22,1615,Aqua,MODIS,11,6.2,293.4,24.5,N,0
-13.9832,142.3363,317.9,1.5,1.2,2014-10-22,1615,Aqua,MODIS,37,6.2,293.4,22.6,N,0
-13.9649,142.3675,339.3,1.5,1.2,2014-10-22,1615,Aqua,MODIS,100,6.2,294.2,69,N,0
-13.9888,142.379,319.3,1.5,1.2,2014-10-22,1615,Aqua,MODIS,97,6.2,292.2,23.2,N,0
-13.8653,142.3013,307.4,1.5,1.2,2014-10-22,1615,Aqua,MODIS,40,6.2,292.6,7.5,N,0
-13.9704,142.3237,395.7,1.5,1.2,2014-10-22,1615,Aqua,MODIS,100,6.2,302.3,419.3,N,0
-13.9557,142.3833,331.5,1.5,1.2,2014-10-22,1615,Aqua,MODIS,100,6.2,293.8,50.3,N,0
-13.9612,142.3392,374.4,1.5,1.2,2014-10-22,1615,Aqua,MODIS,100,6.2,299.8,235.2,N,0
-14.0049,142.4001,376,1.6,1.2,2014-10-22,1615,Aqua,MODIS,100,6.2,299.3,255,N,0
-13.9686,142.3097,336.8,1.5,1.2,2014-10-22,1615,Aqua,MODIS,100,6.2,293.4,64.3,N,0
-13.9428,142.3704,309.7,1.5,1.2,2014-10-22,1615,Aqua,MODIS,41,6.2,291.8,10.3,N,0
-13.8781,142.3138,310.7,1.5,1.2,2014-10-22,1615,Aqua,MODIS,39,6.2,292.5,10.7,N,0
-14.0055,142.4202,359.5,1.6,1.2,2014-10-22,1615,Aqua,MODIS,100,6.2,296.4,157.2,N,0
-13.9244,142.4018,317.5,1.6,1.2,2014-10-22,1615,Aqua,MODIS,95,6.2,292.4,24.6,N,0
-13.9613,142.2537,312.5,1.5,1.2,2014-10-22,1615,Aqua,MODIS,42,6.2,291.9,17.6,N,0
-13.8418,142.2054,309,1.5,1.2,2014-10-22,1615,Aqua,MODIS,38,6.2,292.3,13.1,N,0
-14.0017,142.3917,384.3,1.6,1.2,2014-10-22,1615,Aqua,MODIS,100,6.2,300.2,317.5,N,0
-13.8454,142.233,339.1,1.5,1.2,2014-10-22,1615,Aqua,MODIS,100,6.2,294.5,72.7,N,0
-14.0252,142.3829,315.5,1.6,1.2,2014-10-22,1615,Aqua,MODIS,56,6.2,292.8,21.5,N,0
-13.952,142.3547,359.2,1.5,1.2,2014-10-22,1615,Aqua,MODIS,100,6.2,295.5,148,N,0
-13.9796,142.3082,328.7,1.5,1.2,2014-10-22,1615,Aqua,MODIS,100,6.2,292.4,45.8,N,0
-13.8274,142.1794,307.1,1.5,1.2,2014-10-22,1615,Aqua,MODIS,35,6.2,292.3,11.1,N,0
-14.0031,142.3857,388.1,1.6,1.2,2014-10-22,1615,Aqua,MODIS,100,6.2,301.7,350.8,N,0
-13.9102,142.2889,328.5,1.5,1.2,2014-10-22,1615,Aqua,MODIS,90,6.2,293.4,43.6,N,0
-13.9995,142.3574,355,1.5,1.2,2014-10-22,1615,Aqua,MODIS,100,6.2,293.6,134.4,N,0
-13.9832,142.3163,339.2,1.5,1.2,2014-10-22,1615,Aqua,MODIS,100,6.2,294.2,75.1,N,0
-13.1298,133.0669,306.9,1.7,1.3,2014-10-22,1615,Aqua,MODIS,42,6.2,296.4,9.4,N,0
-13.1323,133.082,316.9,1.7,1.3,2014-10-22,1615,Aqua,MODIS,94,6.2,296.6,25.5,N,0
-14.3333,131.1708,305.5,2.2,1.4,2014-10-22,1616,Aqua,MODIS,50,6.2,294.3,15.2,N,0
-14.3462,131.1684,309.9,2.2,1.4,2014-10-22,1616,Aqua,MODIS,76,6.2,294.5,24.2,N,0
-14.2589,131.126,308.1,2.2,1.4,2014-10-22,1616,Aqua,MODIS,73,6.2,294,22.4,N,0
-14.2718,131.1237,318.5,2.2,1.4,2014-10-22,1616,Aqua,MODIS,97,6.2,294.4,47.1,N,0
-14.3499,131.1892,311.6,2.2,1.4,2014-10-22,1616,Aqua,MODIS,79,6.2,294.8,26.8,N,0
-14.337,131.1915,308.8,2.2,1.4,2014-10-22,1616,Aqua,MODIS,75,6.2,294.5,20.9,N,0
-14.3342,131.1761,310.4,2.2,1.4,2014-10-22,1616,Aqua,MODIS,33,6.2,294.7,23.6,N,0
-14.4066,131.3619,304.5,2.1,1.4,2014-10-22,1616,Aqua,MODIS,60,6.2,294.5,13.7,N,0
-15.7881,133.5956,304.6,1.4,1.2,2014-10-22,1616,Aqua,MODIS,38,6.2,294.2,7.7,N,0
-15.5019,133.9048,307.7,1.3,1.1,2014-10-22,1616,Aqua,MODIS,72,6.2,296,8.9,N,0
-15.874,126.2307,303.3,4.8,2,2014-10-22,1616,Aqua,MODIS,52,6.2,292.6,48.9,N,0
-15.8696,126.2229,306.5,4.8,2,2014-10-22,1616,Aqua,MODIS,68,6.2,292.8,67.5,N,0
-15.3419,133.9392,308.3,1.3,1.1,2014-10-22,1616,Aqua,MODIS,63,6.2,295.5,9.7,N,0
-16.8104,130.7322,308.8,2.1,1.4,2014-10-22,1616,Aqua,MODIS,50,6.2,298.3,16.4,N,0
-16.8141,130.752,308.8,2.1,1.4,2014-10-22,1616,Aqua,MODIS,56,6.2,298.1,15.8,N,0
-16.9396,142.6244,304.2,1.8,1.3,2014-10-22,1616,Aqua,MODIS,50,6.2,293.7,10.2,N,0
-14.2552,131.1055,307.4,2.2,1.5,2014-10-22,1616,Aqua,MODIS,71,6.2,293.9,22,N,0
-14.2682,131.1032,327,2.2,1.5,2014-10-22,1616,Aqua,MODIS,100,6.2,294.5,77.2,N,0
-16.4056,142.4338,317.7,1.7,1.3,2014-10-22,1616,Aqua,MODIS,81,6.2,295,28.2,N,0
-15.2203,142.2644,310.6,1.6,1.2,2014-10-22,1616,Aqua,MODIS,80,6.2,291.9,20.1,N,0
-16.4287,142.4308,307.2,1.7,1.3,2014-10-22,1616,Aqua,MODIS,42,6.2,294.3,11.9,N,0
-15.2221,142.279,301.1,1.6,1.2,2014-10-22,1616,Aqua,MODIS,11,6.2,290.6,8.5,N,0
-15.2314,142.2629,322.8,1.6,1.2,2014-10-22,1616,Aqua,MODIS,100,6.2,290.7,41.2,N,0
-16.5384,142.4901,307.2,1.7,1.3,2014-10-22,1616,Aqua,MODIS,40,6.2,293.9,13,N,0
-20.7307,139.4836,307.2,1.2,1.1,2014-10-22,1617,Aqua,MODIS,71,6.2,294.3,9.5,N,2
-18.1853,132.7448,306.6,1.4,1.2,2014-10-22,1617,Aqua,MODIS,69,6.2,294.9,11.2,N,0
-18.7396,131.1777,320.3,1.8,1.3,2014-10-22,1617,Aqua,MODIS,100,6.2,291.7,44.1,N,0
-18.9498,131.5055,304.8,1.7,1.3,2014-10-22,1617,Aqua,MODIS,62,6.2,294,13.7,N,0
-18.7418,131.1652,304.9,1.8,1.3,2014-10-22,1617,Aqua,MODIS,62,6.2,291,16.4,N,0
-18.1806,132.7385,305.6,1.4,1.2,2014-10-22,1617,Aqua,MODIS,65,6.2,294.7,10.7,N,0
-18.9067,131.3966,308.1,1.7,1.3,2014-10-22,1617,Aqua,MODIS,73,6.2,291.8,20,N,0
-18.4136,132.5483,305.2,1.5,1.2,2014-10-22,1617,Aqua,MODIS,63,6.2,294,11.3,N,0
-18.7447,131.1822,316.2,1.8,1.3,2014-10-22,1617,Aqua,MODIS,93,6.2,291.3,36.1,N,0
-17.9322,125.978,323.6,4.5,2,2014-10-22,1617,Aqua,MODIS,100,6.2,296.9,166.5,N,0
-17.9334,125.9729,321.4,4.5,2,2014-10-22,1617,Aqua,MODIS,100,6.2,296.7,146.6,N,0
-17.9309,126.3233,310,4.3,1.9,2014-10-22,1617,Aqua,MODIS,79,6.2,297.7,57.6,N,0
-17.9423,126.0152,307.8,4.5,2,2014-10-22,1617,Aqua,MODIS,22,6.2,296.4,46.3,N,0
-17.931,126.3315,309.2,4.3,1.9,2014-10-22,1617,Aqua,MODIS,77,6.2,297.7,52.6,N,0
-17.9142,126.3282,309.5,4.3,1.9,2014-10-22,1617,Aqua,MODIS,78,6.2,297.9,54.4,N,0
-17.9166,126.0653,311.2,4.5,1.9,2014-10-22,1617,Aqua,MODIS,31,6.2,297.5,62.3,N,0
-17.932,126.0663,311,4.5,1.9,2014-10-22,1617,Aqua,MODIS,69,6.2,297.2,64.5,N,0
-17.9234,126.0244,307.9,4.5,2,2014-10-22,1617,Aqua,MODIS,35,6.2,296.4,45.7,N,0
-17.9597,126.0113,306.6,4.5,2,2014-10-22,1617,Aqua,MODIS,8,6.2,296.5,41.4,N,0
-21.7471,127.4647,304.6,2.9,1.6,2014-10-22,1618,Aqua,MODIS,60,6.2,293.8,25.2,N,0
-22.8452,117.6086,301.3,2,1.4,2014-10-22,1756,Aqua,MODIS,23,6.2,281.8,14,N,0
-15.0275,145.0998,312.2,3.7,1.8,2014-10-23,0003,Terra,MODIS,44,6.2,294.2,35,D,0
-14.7511,144.4231,319.5,4.2,1.9,2014-10-23,0003,Terra,MODIS,52,6.2,301.3,64.8,D,0
-14.7542,144.4167,319.6,4.2,1.9,2014-10-23,0003,Terra,MODIS,71,6.2,301.3,70.6,D,0
-14.361,144.2826,319.9,4.3,1.9,2014-10-23,0003,Terra,MODIS,68,6.2,298,92.8,D,0
-14.3593,144.2876,322.6,4.3,1.9,2014-10-23,0003,Terra,MODIS,73,6.2,297.9,109,D,0
-15.5135,145.2415,314.3,3.5,1.8,2014-10-23,0003,Terra,MODIS,43,6.2,296,41.4,D,0
-20.3251,147.2048,332.7,2,1.4,2014-10-23,0004,Terra,MODIS,78,6.2,304.8,57.6,D,0
-20.3282,147.2219,328.5,2,1.4,2014-10-23,0004,Terra,MODIS,57,6.2,307.9,38.4,D,0
-20.3302,147.2153,331.4,2,1.4,2014-10-23,0004,Terra,MODIS,69,6.2,307.3,49.4,D,0
-24.7496,152.3519,324.2,1,1,2014-10-23,0005,Terra,MODIS,50,6.2,305.3,12.7,D,0
-24.9814,148.1902,317.8,1.4,1.2,2014-10-23,0005,Terra,MODIS,34,6.2,297.6,19.1,D,0
-24.7586,152.3503,334.1,1,1,2014-10-23,0005,Terra,MODIS,84,6.2,305.8,24.4,D,0
-25.5263,150.8575,342.8,1,1,2014-10-23,0005,Terra,MODIS,88,6.2,306.4,37.3,D,0
-24.1652,150.5979,333,1.1,1,2014-10-23,0005,Terra,MODIS,81,6.2,307.8,21.1,D,0
-24.7421,151.6877,320.3,1,1,2014-10-23,0005,Terra,MODIS,38,6.2,303.8,6.5,D,0
-25.9224,150.5047,322.5,1.1,1,2014-10-23,0005,Terra,MODIS,30,6.2,307.9,6.4,D,0
-25.9316,150.5031,327.1,1.1,1,2014-10-23,0005,Terra,MODIS,57,6.2,305.8,12.7,D,0
-25.9392,150.4907,331.5,1.1,1,2014-10-23,0005,Terra,MODIS,75,6.2,306.5,20.7,D,0
-25.9408,150.5013,331,1.1,1,2014-10-23,0005,Terra,MODIS,75,6.2,305.5,20.1,D,0
-24.3607,149.2376,345.7,1.2,1.1,2014-10-23,0005,Terra,MODIS,91,6.2,303.9,60.1,D,0
-24.3627,149.2498,330.4,1.2,1.1,2014-10-23,0005,Terra,MODIS,75,6.2,305.1,26,D,0
-24.8896,151.7508,328.7,1,1,2014-10-23,0005,Terra,MODIS,75,6.2,310.5,12.3,D,0
-24.8971,151.7393,333,1,1,2014-10-23,0005,Terra,MODIS,80,6.2,308.9,17.5,D,0
-24.8986,151.7492,335,1,1,2014-10-23,0005,Terra,MODIS,82,6.2,310.1,20.2,D,0
-24.3566,151.343,321.9,1,1,2014-10-23,0005,Terra,MODIS,36,6.2,302.8,9.5,D,0
-24.3582,151.3532,335.6,1,1,2014-10-23,0005,Terra,MODIS,84,6.2,303.7,28.4,D,0
-24.3795,151.3701,329.7,1,1,2014-10-23,0005,Terra,MODIS,52,6.2,302.7,19.7,D,0
-24.0315,150.916,326.6,1.1,1,2014-10-23,0005,Terra,MODIS,72,6.2,310.2,10.1,D,0
-25.2236,147.9889,323.9,1.4,1.2,2014-10-23,0005,Terra,MODIS,64,6.2,307,16.5,D,0
-22.6569,148.4525,348,1.5,1.2,2014-10-23,0005,Terra,MODIS,92,6.2,310.1,76.4,D,0
-22.6593,148.4666,337.9,1.5,1.2,2014-10-23,0005,Terra,MODIS,84,6.2,311,43.5,D,0
-22.6594,148.4461,325.7,1.5,1.2,2014-10-23,0005,Terra,MODIS,62,6.2,307.2,16.8,D,0
-22.6619,148.4602,343.7,1.5,1.2,2014-10-23,0005,Terra,MODIS,89,6.2,311.7,62.4,D,0
-27.3129,152.9807,321.4,1,1,2014-10-23,0006,Terra,MODIS,48,6.2,304.6,5.8,D,2
-27.0846,153.0637,326.6,1,1,2014-10-23,0006,Terra,MODIS,57,6.2,302.7,18.4,D,0
-27.0831,153.0533,330.6,1,1,2014-10-23,0006,Terra,MODIS,60,6.2,302.3,23.5,D,0
-30.4937,151.8836,326,1,1,2014-10-23,0006,Terra,MODIS,76,6.2,306.7,11.1,D,0
-30.4952,151.8941,326.3,1,1,2014-10-23,0006,Terra,MODIS,77,6.2,307.4,11.6,D,0
-30.5021,151.8864,324,1,1,2014-10-23,0006,Terra,MODIS,73,6.2,306,10.1,D,0
-27.6838,153.0753,320,1,1,2014-10-23,0006,Terra,MODIS,36,6.2,303.2,6.6,D,0
-28.0031,151.0846,328.5,1,1,2014-10-23,0006,Terra,MODIS,70,6.2,303.8,14.9,D,0
-28.0137,151.0931,322,1,1,2014-10-23,0006,Terra,MODIS,42,6.2,305.6,8.7,D,0
-28.0121,151.0829,320.7,1,1,2014-10-23,0006,Terra,MODIS,43,6.2,303.9,7.9,D,0
-31.3509,152.7812,314.7,1.1,1,2014-10-23,0007,Terra,MODIS,59,6.2,299.6,8.3,D,0
-31.3566,152.7855,314.5,1.1,1,2014-10-23,0007,Terra,MODIS,66,6.2,301.4,10.5,D,0
-34.4593,150.8834,319.1,1,1,2014-10-23,0008,Terra,MODIS,48,6.2,303.9,6.6,D,2
-42.2871,147.2843,308.4,1,1,2014-10-23,0010,Terra,MODIS,46,6.2,297.2,4.5,D,0
-41.2956,147.6813,302.3,1,1,2014-10-23,0010,Terra,MODIS,35,6.2,290.1,4.5,D,0
-12.3383,132.7245,332,1.1,1.1,2014-10-23,0140,Terra,MODIS,66,6.2,315.3,13.4,D,0
-13.0148,133.1165,327.4,1.2,1.1,2014-10-23,0140,Terra,MODIS,32,6.2,314.4,11.8,D,0
-12.9796,133.0938,344.5,1.2,1.1,2014-10-23,0140,Terra,MODIS,88,6.2,312.1,45.8,D,0
-12.963,132.8065,331.9,1.2,1.1,2014-10-23,0140,Terra,MODIS,44,6.2,312.9,13.3,D,0
-13.0162,133.1275,333.3,1.2,1.1,2014-10-23,0140,Terra,MODIS,64,6.2,312.5,22.8,D,0
-12.3397,132.7348,333.3,1.1,1.1,2014-10-23,0140,Terra,MODIS,71,6.2,313.1,16.9,D,0
-12.352,136.5197,325.3,2,1.4,2014-10-23,0140,Terra,MODIS,21,6.2,302.9,34.8,D,0
-12.3542,136.5379,323.9,2,1.4,2014-10-23,0140,Terra,MODIS,44,6.2,298.5,31.7,D,0
-12.3527,136.8519,320.8,2.1,1.4,2014-10-23,0140,Terra,MODIS,50,6.2,296.2,32.1,D,0
-12.3503,136.8323,344.3,2.1,1.4,2014-10-23,0140,Terra,MODIS,90,6.2,299.4,129,D,0
-12.3309,136.4487,356.4,2,1.4,2014-10-23,0140,Terra,MODIS,98,6.2,301.1,179.7,D,0
-13.3207,135.7441,330,1.8,1.3,2014-10-23,0140,Terra,MODIS,67,6.2,310.8,21.9,D,0
-12.5843,131.2151,334.8,1,1,2014-10-23,0140,Terra,MODIS,76,6.2,313.2,17.8,D,0
-12.4544,136.6134,324.9,2.1,1.4,2014-10-23,0140,Terra,MODIS,55,6.2,297.4,39.1,D,0
-12.367,133.6807,338.8,1.3,1.1,2014-10-23,0140,Terra,MODIS,76,6.2,317.4,29.9,D,0
-12.3585,133.6937,335.3,1.3,1.1,2014-10-23,0140,Terra,MODIS,48,6.2,319.4,20.2,D,0
-12.3569,133.682,372.6,1.3,1.1,2014-10-23,0140,Terra,MODIS,100,6.2,320.4,148.5,D,0
-12.3654,133.669,336.8,1.3,1.1,2014-10-23,0140,Terra,MODIS,69,6.2,313.7,27.7,D,0
-12.7037,132.5022,339.2,1.1,1.1,2014-10-23,0140,Terra,MODIS,77,6.2,319.7,25.4,D,0
-12.7131,132.5009,357.4,1.1,1.1,2014-10-23,0140,Terra,MODIS,98,6.2,316.2,67.4,D,0
-12.3281,136.4546,343.6,2,1.4,2014-10-23,0140,Terra,MODIS,76,6.2,301.7,100,D,0
-12.3135,136.4382,339.4,2,1.4,2014-10-23,0140,Terra,MODIS,77,6.2,298.9,80.6,D,0
-13.4303,135.7926,330.1,1.8,1.3,2014-10-23,0140,Terra,MODIS,53,6.2,308.8,31,D,0
-12.4533,136.6201,324.3,2.1,1.4,2014-10-23,0140,Terra,MODIS,58,6.2,295.9,35,D,0
-12.9592,135.0655,335.6,1.6,1.2,2014-10-23,0140,Terra,MODIS,80,6.2,311.7,37.9,D,0
-13.4325,135.8093,336.6,1.8,1.3,2014-10-23,0140,Terra,MODIS,76,6.2,307.6,55.6,D,0
-12.35,133.7068,341.1,1.3,1.1,2014-10-23,0140,Terra,MODIS,71,6.2,318.2,33.7,D,0
-12.9243,135.4115,334.8,1.7,1.3,2014-10-23,0140,Terra,MODIS,77,6.2,307.8,40.6,D,0
-12.9149,135.4286,336.5,1.7,1.3,2014-10-23,0140,Terra,MODIS,75,6.2,310.9,42.7,D,0
-12.3554,133.6703,348.3,1.3,1.1,2014-10-23,0140,Terra,MODIS,92,6.2,315.1,57.2,D,0
-12.3463,133.6776,384.3,1.3,1.1,2014-10-23,0140,Terra,MODIS,100,6.2,315.8,219,D,0
-12.3469,133.6834,390.1,1.3,1.1,2014-10-23,0140,Terra,MODIS,100,6.2,319.9,253.3,D,0
-12.3484,133.6951,357.2,1.3,1.1,2014-10-23,0140,Terra,MODIS,98,6.2,319.5,80.6,D,0
-12.7169,132.3501,333,1.1,1,2014-10-23,0140,Terra,MODIS,44,6.2,316.3,13,D,0
-12.9264,135.4272,329.5,1.7,1.3,2014-10-23,0140,Terra,MODIS,54,6.2,307.8,24.4,D,0
-12.4775,131.8184,350.8,1,1,2014-10-23,0140,Terra,MODIS,82,6.2,317,40.4,D,0
-12.6025,131.6581,341,1,1,2014-10-23,0140,Terra,MODIS,67,6.2,326.2,25.5,D,0
-12.3512,133.7126,333.4,1.3,1.1,2014-10-23,0140,Terra,MODIS,39,6.2,317.4,19.2,D,0
-11.3281,131.1209,343,1,1,2014-10-23,0140,Terra,MODIS,77,6.2,312.2,34,D,0
-11.3384,131.1287,330.6,1,1,2014-10-23,0140,Terra,MODIS,54,6.2,312.5,12.3,D,0
-12.4823,133.3354,334.6,1.2,1.1,2014-10-23,0140,Terra,MODIS,53,6.2,319.1,20.2,D,0
-11.4132,131.0739,336.1,1,1,2014-10-23,0140,Terra,MODIS,50,6.2,310.8,18.3,D,0
-12.3496,133.7009,354.8,1.3,1.1,2014-10-23,0140,Terra,MODIS,96,6.2,319.9,75.7,D,0
-12.8835,136.0897,338.6,1.9,1.3,2014-10-23,0140,Terra,MODIS,83,6.2,307.5,66.9,D,0
-12.4683,131.8198,351.9,1,1,2014-10-23,0140,Terra,MODIS,94,6.2,316.8,44.4,D,0
-12.4761,131.8089,414.7,1,1,2014-10-23,0140,Terra,MODIS,100,6.2,329,352.5,D,0
-12.3479,133.6892,390.5,1.3,1.1,2014-10-23,0140,Terra,MODIS,100,6.2,320.5,258.2,D,0
-12.3259,136.4367,347.4,2,1.4,2014-10-23,0140,Terra,MODIS,80,6.2,298.4,122.3,D,0
-12.3622,136.524,331,2,1.4,2014-10-23,0140,Terra,MODIS,61,6.2,298.4,53.8,D,0
-12.9235,136.4117,328,2,1.4,2014-10-23,0140,Terra,MODIS,64,6.2,305,39.6,D,0
-11.4734,130.6064,340.8,1,1,2014-10-23,0140,Terra,MODIS,71,6.2,309.6,27.6,D,0
-11.4658,130.6169,339.6,1,1,2014-10-23,0140,Terra,MODIS,77,6.2,308.9,27.1,D,0
-12.5892,134.1084,326.6,1.4,1.2,2014-10-23,0140,Terra,MODIS,56,6.2,311.7,12,D,0
-12.467,131.8102,345.8,1,1,2014-10-23,0140,Terra,MODIS,73,6.2,315.3,33.7,D,0
-12.6926,136.0209,333.2,1.9,1.3,2014-10-23,0140,Terra,MODIS,73,6.2,303.2,44.9,D,0
-12.5939,134.0893,344.7,1.4,1.2,2014-10-23,0140,Terra,MODIS,89,6.2,312.1,52.6,D,0
-12.5998,136.1086,339.1,1.9,1.3,2014-10-23,0140,Terra,MODIS,81,6.2,308.3,71,D,0
-12.6728,136.0582,340.1,1.9,1.3,2014-10-23,0140,Terra,MODIS,74,6.2,303.2,70.5,D,0
-12.4704,134.2197,331.7,1.4,1.2,2014-10-23,0140,Terra,MODIS,64,6.2,313.9,15.3,D,0
-12.4564,131.802,341.5,1,1,2014-10-23,0140,Terra,MODIS,70,6.2,314.1,27.4,D,0
-12.6339,136.0867,332.5,1.9,1.3,2014-10-23,0140,Terra,MODIS,71,6.2,308.8,39.8,D,0
-12.6707,136.0412,340.9,1.9,1.3,2014-10-23,0140,Terra,MODIS,83,6.2,307.7,72.3,D,0
-12.6361,136.104,330.8,1.9,1.3,2014-10-23,0140,Terra,MODIS,59,6.2,305.8,38.5,D,0
-12.624,136.1056,328.7,1.9,1.3,2014-10-23,0140,Terra,MODIS,32,6.2,305.3,30.9,D,0
-12.5955,134.1017,361.2,1.4,1.2,2014-10-23,0140,Terra,MODIS,100,6.2,315.4,112.2,D,0
-12.6904,136.004,327.3,1.9,1.3,2014-10-23,0140,Terra,MODIS,40,6.2,305.2,26.8,D,0
-12.6628,136.077,331.4,1.9,1.3,2014-10-23,0140,Terra,MODIS,36,6.2,306.4,42.2,D,0
-12.4721,134.2324,341.8,1.4,1.2,2014-10-23,0140,Terra,MODIS,86,6.2,312.8,39.9,D,0
-12.5875,134.096,334.8,1.4,1.2,2014-10-23,0140,Terra,MODIS,78,6.2,313.3,28.7,D,0
-11.7334,130.3722,339.6,1,1,2014-10-23,0140,Terra,MODIS,85,6.2,307.3,28.4,D,0
-14.7368,126.8822,337.7,1.3,1.1,2014-10-23,0141,Terra,MODIS,80,6.2,308.9,28.8,D,0
-14.3338,127.2487,337.7,1.2,1.1,2014-10-23,0141,Terra,MODIS,73,6.2,309.4,23.3,D,0
-14.4965,127.0471,332.4,1.2,1.1,2014-10-23,0141,Terra,MODIS,44,6.2,309.8,15.2,D,0
-14.7268,126.8839,329.2,1.3,1.1,2014-10-23,0141,Terra,MODIS,46,6.2,309.1,13.1,D,0
-14.2282,127.2267,339.7,1.2,1.1,2014-10-23,0141,Terra,MODIS,84,6.2,306.2,30.8,D,0
-14.3755,127.2473,328.8,1.2,1.1,2014-10-23,0141,Terra,MODIS,61,6.2,307.7,12,D,0
-14.6731,126.8691,341.1,1.3,1.1,2014-10-23,0141,Terra,MODIS,80,6.2,309.9,35.5,D,0
-14.3737,127.2361,334.2,1.2,1.1,2014-10-23,0141,Terra,MODIS,76,6.2,307.6,21.2,D,0
-14.725,126.8724,336.6,1.3,1.1,2014-10-23,0141,Terra,MODIS,75,6.2,311.4,26.5,D,0
-14.2299,127.2379,350.7,1.2,1.1,2014-10-23,0141,Terra,MODIS,94,6.2,307.6,60.4,D,0
-14.6378,126.9043,330.4,1.3,1.1,2014-10-23,0141,Terra,MODIS,32,6.2,311.4,13.4,D,0
-14.6223,126.8712,334,1.3,1.1,2014-10-23,0141,Terra,MODIS,68,6.2,311.9,15.6,D,0
-14.6241,126.8828,333.1,1.3,1.1,2014-10-23,0141,Terra,MODIS,52,6.2,310.9,14.1,D,0
-14.324,127.2503,340.6,1.2,1.1,2014-10-23,0141,Terra,MODIS,85,6.2,310.8,29.2,D,0
-15.3387,125.4738,333.7,1.5,1.2,2014-10-23,0141,Terra,MODIS,65,6.2,306,30.9,D,0
-14.3638,127.2376,331,1.2,1.1,2014-10-23,0141,Terra,MODIS,62,6.2,309.8,15,D,0
-14.2795,131.1022,337,1,1,2014-10-23,0141,Terra,MODIS,77,6.2,313.1,19.8,D,0
-14.5665,126.9707,335.4,1.2,1.1,2014-10-23,0141,Terra,MODIS,54,6.2,312.7,19.9,D,0
-14.3222,127.2391,333.4,1.2,1.1,2014-10-23,0141,Terra,MODIS,59,6.2,311.3,13.3,D,0
-14.2398,127.2362,328.6,1.2,1.1,2014-10-23,0141,Terra,MODIS,57,6.2,303.6,10.5,D,0
-14.9859,125.7717,328,1.5,1.2,2014-10-23,0141,Terra,MODIS,44,6.2,306.8,14.5,D,0
-14.2462,131.194,354.7,1,1,2014-10-23,0141,Terra,MODIS,96,6.2,314.1,52.9,D,0
-14.254,131.1832,341.2,1,1,2014-10-23,0141,Terra,MODIS,79,6.2,313.5,23.6,D,0
-14.2554,131.1927,334.8,1,1,2014-10-23,0141,Terra,MODIS,48,6.2,314.8,12.5,D,0
-14.3508,131.1527,340.1,1,1,2014-10-23,0141,Terra,MODIS,85,6.2,310.5,27.9,D,0
-13.7617,132.6332,339.5,1.2,1.1,2014-10-23,0141,Terra,MODIS,73,6.2,314.9,27.8,D,0
-14.1051,135.6408,344.4,1.8,1.3,2014-10-23,0141,Terra,MODIS,89,6.2,311.4,86,D,0
-13.7001,132.4707,336.2,1.1,1.1,2014-10-23,0141,Terra,MODIS,74,6.2,312.4,21.4,D,0
-13.1168,133.1193,339.4,1.2,1.1,2014-10-23,0141,Terra,MODIS,82,6.2,312.9,35.2,D,0
-13.1274,133.0504,355.3,1.2,1.1,2014-10-23,0141,Terra,MODIS,97,6.2,312.5,74.1,D,0
-13.1371,133.0489,326.9,1.2,1.1,2014-10-23,0141,Terra,MODIS,17,6.2,309.9,12.3,D,0
-13.6286,132.3398,331.7,1.1,1.1,2014-10-23,0141,Terra,MODIS,33,6.2,314.4,11.6,D,0
-14.3722,131.2368,344.6,1,1,2014-10-23,0141,Terra,MODIS,89,6.2,315.6,30.2,D,0
-14.3708,131.2273,350.3,1,1,2014-10-23,0141,Terra,MODIS,94,6.2,314.6,43.2,D,0
-14.3522,131.1622,357.2,1,1,2014-10-23,0141,Terra,MODIS,98,6.2,314.3,64.4,D,0
-14.3535,131.1716,335.1,1,1,2014-10-23,0141,Terra,MODIS,61,6.2,311.5,19.2,D,0
-14.3603,131.2191,356.3,1,1,2014-10-23,0141,Terra,MODIS,97,6.2,316.9,57.8,D,0
-16.3251,131.3281,336.5,1.1,1,2014-10-23,0141,Terra,MODIS,77,6.2,316.3,16.9,D,0
-14.352,131.3571,348.2,1,1,2014-10-23,0141,Terra,MODIS,92,6.2,314.6,38.2,D,0
-13.7096,132.4694,370.7,1.1,1.1,2014-10-23,0141,Terra,MODIS,100,6.2,319.1,117.6,D,0
-13.6891,132.4616,339.7,1.1,1.1,2014-10-23,0141,Terra,MODIS,81,6.2,313.3,28.2,D,0
-13.7111,132.4798,339.5,1.1,1.1,2014-10-23,0141,Terra,MODIS,81,6.2,317.2,26.4,D,0
-14.3458,131.1824,345.2,1,1,2014-10-23,0141,Terra,MODIS,88,6.2,314.2,33.9,D,0
-13.9523,135.5304,334.1,1.8,1.3,2014-10-23,0141,Terra,MODIS,76,6.2,299.1,51.4,D,0
-14.4071,131.2941,359.7,1,1,2014-10-23,0141,Terra,MODIS,99,6.2,317,68.6,D,0
-13.1288,133.0611,335.8,1.2,1.1,2014-10-23,0141,Terra,MODIS,31,6.2,314.1,24.8,D,0
-13.6782,132.4526,333.3,1.1,1.1,2014-10-23,0141,Terra,MODIS,66,6.2,312.4,16.7,D,0
-14.3612,131.3557,337.2,1,1,2014-10-23,0141,Terra,MODIS,81,6.2,317.5,17,D,0
-14.3978,131.3503,346.6,1,1,2014-10-23,0141,Terra,MODIS,91,6.2,315.2,33.9,D,0
-14.4094,131.245,338.5,1,1,2014-10-23,0141,Terra,MODIS,44,6.2,313.2,22.8,D,0
-14.3506,131.3475,336.6,1,1,2014-10-23,0141,Terra,MODIS,58,6.2,316.4,15.4,D,0
-16.2682,134.2268,370,1.6,1.2,2014-10-23,0141,Terra,MODIS,100,6.2,314.6,179.2,D,0
-15.9056,133.8004,336,1.4,1.2,2014-10-23,0141,Terra,MODIS,30,6.2,315.2,23.5,D,0
-17.0059,139.0104,325.9,3.6,1.8,2014-10-23,0141,Terra,MODIS,0,6.2,301.4,70.8,D,0
-15.3472,133.9803,339.7,1.4,1.2,2014-10-23,0141,Terra,MODIS,79,6.2,313.5,37.4,D,0
-16.8228,139.1459,312.6,3.7,1.8,2014-10-23,0141,Terra,MODIS,55,6.2,301.7,56.3,D,3
-16.8357,139.1096,310.7,3.7,1.8,2014-10-23,0141,Terra,MODIS,31,6.2,300.1,44,D,3
-16.9942,138.9827,340.7,3.6,1.8,2014-10-23,0141,Terra,MODIS,76,6.2,302.7,202.9,D,0
-16.9864,138.9781,322.7,3.6,1.8,2014-10-23,0141,Terra,MODIS,29,6.2,302.8,47.4,D,0
-17.0025,138.9763,327.2,3.6,1.8,2014-10-23,0141,Terra,MODIS,65,6.2,301.5,84.1,D,0
-15.7857,133.5832,340.8,1.4,1.2,2014-10-23,0141,Terra,MODIS,80,6.2,311.2,39.4,D,0
-15.7246,125.9719,332.9,1.4,1.2,2014-10-23,0141,Terra,MODIS,71,6.2,309.1,24.6,D,0
-15.6965,126.0358,333.1,1.4,1.2,2014-10-23,0141,Terra,MODIS,60,6.2,310.5,21.6,D,0
-15.709,125.9811,332.8,1.4,1.2,2014-10-23,0141,Terra,MODIS,47,6.2,310.2,17.6,D,0
-15.712,125.9609,335.7,1.4,1.2,2014-10-23,0141,Terra,MODIS,74,6.2,310.7,29,D,0
-15.7142,125.9736,335.7,1.4,1.2,2014-10-23,0141,Terra,MODIS,71,6.2,310.2,29.6,D,0
-15.7163,125.9865,337.7,1.4,1.2,2014-10-23,0141,Terra,MODIS,80,6.2,306.5,36.1,D,0
-15.7185,125.9993,328,1.4,1.2,2014-10-23,0141,Terra,MODIS,53,6.2,306.7,15.8,D,0
-15.7715,133.6376,341.4,1.4,1.2,2014-10-23,0141,Terra,MODIS,79,6.2,315.1,37.9,D,0
-15.497,133.9264,356,1.4,1.2,2014-10-23,0141,Terra,MODIS,97,6.2,312.7,96.4,D,0
-15.4684,133.9576,336.8,1.4,1.2,2014-10-23,0141,Terra,MODIS,55,6.2,313.6,25.5,D,0
-15.4917,133.935,358.6,1.4,1.2,2014-10-23,0141,Terra,MODIS,99,6.2,315.6,107,D,0
-15.7786,133.6103,351.1,1.4,1.2,2014-10-23,0141,Terra,MODIS,94,6.2,314.2,68.3,D,0
-15.4901,133.9216,376.4,1.4,1.2,2014-10-23,0141,Terra,MODIS,100,6.2,317,203.9,D,0
-15.4863,133.9279,381.8,1.4,1.2,2014-10-23,0141,Terra,MODIS,100,6.2,319,239,D,0
-15.4952,133.913,335.7,1.4,1.2,2014-10-23,0141,Terra,MODIS,63,6.2,310.4,27,D,0
-16.0826,134.2928,339.1,1.6,1.2,2014-10-23,0141,Terra,MODIS,78,6.2,315,39.4,D,0
-16.0833,134.2867,337.7,1.6,1.2,2014-10-23,0141,Terra,MODIS,69,6.2,316.2,33.4,D,0
-16.2591,134.2427,338.2,1.6,1.2,2014-10-23,0141,Terra,MODIS,60,6.2,314.5,31.8,D,0
-16.2609,134.2572,336.5,1.6,1.2,2014-10-23,0141,Terra,MODIS,27,6.2,314.1,28.7,D,0
-15.5084,126.2727,339.6,1.3,1.1,2014-10-23,0141,Terra,MODIS,82,6.2,314.3,30.9,D,0
-15.5554,126.3024,334.1,1.3,1.1,2014-10-23,0141,Terra,MODIS,71,6.2,311.8,17.6,D,0
-15.5573,126.3146,352.2,1.3,1.1,2014-10-23,0141,Terra,MODIS,94,6.2,313.7,67.9,D,0
-15.5675,126.3129,337.8,1.3,1.1,2014-10-23,0141,Terra,MODIS,80,6.2,311.1,26.8,D,0
-15.5695,126.325,337.8,1.3,1.1,2014-10-23,0141,Terra,MODIS,80,6.2,312.4,27.7,D,0
-15.6756,126.1674,329.9,1.3,1.1,2014-10-23,0141,Terra,MODIS,53,6.2,311.2,14.4,D,0
-16.4653,131.3562,349.8,1.1,1,2014-10-23,0141,Terra,MODIS,92,6.2,316.2,42.5,D,0
-14.4305,135.226,332.1,1.7,1.3,2014-10-23,0141,Terra,MODIS,68,6.2,311.2,31.9,D,0
-14.5694,135.4153,340.1,1.8,1.3,2014-10-23,0141,Terra,MODIS,82,6.2,310.8,67.3,D,0
-14.4285,135.2101,327.5,1.7,1.3,2014-10-23,0141,Terra,MODIS,35,6.2,310,17.4,D,0
-15.3421,133.9402,340.6,1.4,1.2,2014-10-23,0141,Terra,MODIS,78,6.2,315,39.7,D,0
-15.6132,126.2858,335.6,1.3,1.1,2014-10-23,0141,Terra,MODIS,72,6.2,314.1,19.4,D,0
-15.6212,126.3345,334.7,1.3,1.1,2014-10-23,0141,Terra,MODIS,53,6.2,314.9,17.6,D,0
-15.6314,126.3327,333.1,1.3,1.1,2014-10-23,0141,Terra,MODIS,25,6.2,314.6,14.1,D,0
-15.6674,126.1817,329.3,1.3,1.1,2014-10-23,0141,Terra,MODIS,44,6.2,309.2,14.6,D,0
-15.4691,126.2094,333.4,1.3,1.1,2014-10-23,0141,Terra,MODIS,50,6.2,313.7,14.4,D,0
-15.4731,126.2343,332.9,1.3,1.1,2014-10-23,0141,Terra,MODIS,34,6.2,313.9,15.4,D,0
-15.4798,126.2271,344.4,1.3,1.1,2014-10-23,0141,Terra,MODIS,88,6.2,315.9,42.8,D,0
-15.4818,126.2394,334.2,1.3,1.1,2014-10-23,0141,Terra,MODIS,36,6.2,313.7,17.5,D,0
-15.5064,126.2605,347.7,1.3,1.1,2014-10-23,0141,Terra,MODIS,91,6.2,313.7,52.7,D,0
-15.8009,133.6997,335,1.4,1.2,2014-10-23,0141,Terra,MODIS,73,6.2,314.1,19.7,D,0
-15.6283,133.6169,337.2,1.4,1.2,2014-10-23,0141,Terra,MODIS,79,6.2,313.1,30.7,D,0
-15.3404,133.9269,339.5,1.4,1.2,2014-10-23,0141,Terra,MODIS,80,6.2,315.6,38.1,D,0
-15.7992,133.6866,336.9,1.4,1.2,2014-10-23,0141,Terra,MODIS,79,6.2,313.6,23.5,D,0
-15.4881,133.9413,347.9,1.4,1.2,2014-10-23,0141,Terra,MODIS,91,6.2,314.7,62.3,D,0
-15.7874,133.596,347.2,1.4,1.2,2014-10-23,0141,Terra,MODIS,90,6.2,313,55.2,D,0
-13.4379,135.8021,339.1,1.8,1.3,2014-10-23,0141,Terra,MODIS,82,6.2,307,68.8,D,0
-15.6322,126.1428,333.1,1.4,1.2,2014-10-23,0141,Terra,MODIS,66,6.2,312,16.1,D,0
-15.6342,126.1553,331.7,1.3,1.2,2014-10-23,0141,Terra,MODIS,59,6.2,311.4,15.4,D,0
-15.6405,126.0837,332.4,1.4,1.2,2014-10-23,0141,Terra,MODIS,69,6.2,312.1,12.7,D,0
-13.3602,134.1018,335.9,1.4,1.2,2014-10-23,0141,Terra,MODIS,58,6.2,314.9,26.3,D,0
-15.8098,133.6852,345.8,1.4,1.2,2014-10-23,0141,Terra,MODIS,89,6.2,314.4,49.3,D,0
-16.0257,133.7316,332,1.4,1.2,2014-10-23,0141,Terra,MODIS,69,6.2,314.2,18.2,D,0
-15.5046,133.8652,331.6,1.4,1.2,2014-10-23,0141,Terra,MODIS,64,6.2,312.9,20.8,D,0
-16.2701,134.2412,348.6,1.6,1.2,2014-10-23,0141,Terra,MODIS,92,6.2,312.9,71.9,D,0
-16.2598,134.2367,337.4,1.6,1.2,2014-10-23,0141,Terra,MODIS,52,6.2,314.5,32.5,D,0
-16.2616,134.2512,334,1.6,1.2,2014-10-23,0141,Terra,MODIS,20,6.2,314.3,25.5,D,0
-15.9073,133.8138,345.3,1.4,1.2,2014-10-23,0141,Terra,MODIS,88,6.2,316.9,48.1,D,0
-15.8081,133.6722,332.5,1.4,1.2,2014-10-23,0141,Terra,MODIS,62,6.2,312.3,13.1,D,0
-15.8118,133.619,333.8,1.4,1.2,2014-10-23,0141,Terra,MODIS,30,6.2,314.4,16.1,D,0
-16.2709,134.2353,364.4,1.6,1.2,2014-10-23,0141,Terra,MODIS,100,6.2,314.7,149.5,D,0
-15.8206,133.6047,342.1,1.4,1.2,2014-10-23,0141,Terra,MODIS,82,6.2,312.4,39,D,0
-13.3548,134.346,340.8,1.4,1.2,2014-10-23,0141,Terra,MODIS,70,6.2,317.7,36.5,D,0
-13.3424,134.3343,338.3,1.4,1.2,2014-10-23,0141,Terra,MODIS,45,6.2,315.6,30,D,0
-13.3407,134.3214,339.7,1.4,1.2,2014-10-23,0141,Terra,MODIS,62,6.2,318.2,34.2,D,0
-15.6564,133.6203,338.9,1.4,1.2,2014-10-23,0141,Terra,MODIS,67,6.2,313.9,33.1,D,0
-15.6597,133.646,351.7,1.4,1.2,2014-10-23,0141,Terra,MODIS,94,6.2,315.6,70.6,D,0
-15.6581,133.6332,363.2,1.4,1.2,2014-10-23,0141,Terra,MODIS,100,6.2,315.1,117.6,D,0
-13.3431,134.3017,336,1.4,1.2,2014-10-23,0141,Terra,MODIS,43,6.2,318.3,25.2,D,0
-16.2987,134.1876,326.7,1.5,1.2,2014-10-23,0141,Terra,MODIS,26,6.2,310.7,14.8,D,0
-13.3372,134.2951,344.7,1.4,1.2,2014-10-23,0141,Terra,MODIS,89,6.2,315.9,51.4,D,0
-13.3414,134.2886,335,1.4,1.2,2014-10-23,0141,Terra,MODIS,66,6.2,314.7,24.4,D,0
-13.3478,134.2937,354.8,1.4,1.2,2014-10-23,0141,Terra,MODIS,96,6.2,316.5,87.9,D,0
-13.3389,134.3083,343.5,1.4,1.2,2014-10-23,0141,Terra,MODIS,87,6.2,318.3,46.6,D,0
-13.3521,134.2872,333.6,1.4,1.2,2014-10-23,0141,Terra,MODIS,54,6.2,314.1,20.4,D,0
-15.6388,133.6154,341.1,1.4,1.2,2014-10-23,0141,Terra,MODIS,84,6.2,313.1,41.4,D,0
-13.3538,134.3004,335.9,1.4,1.2,2014-10-23,0141,Terra,MODIS,37,6.2,315.8,24,D,0
-13.4423,135.7911,327.2,1.8,1.3,2014-10-23,0141,Terra,MODIS,26,6.2,305.2,23.9,D,0
-16.1054,134.2837,333.7,1.6,1.2,2014-10-23,0141,Terra,MODIS,50,6.2,315.7,22,D,0
-16.2691,134.2208,349,1.6,1.2,2014-10-23,0141,Terra,MODIS,92,6.2,313,75,D,0
-14.5952,135.429,333.9,1.8,1.3,2014-10-23,0141,Terra,MODIS,67,6.2,308.5,40.2,D,0
-15.7698,133.6247,337.8,1.4,1.2,2014-10-23,0141,Terra,MODIS,62,6.2,314.3,29.3,D,0
-14.5973,135.4456,348.6,1.8,1.3,2014-10-23,0141,Terra,MODIS,91,6.2,309.6,100.3,D,0
-15.7156,133.6647,331,1.4,1.2,2014-10-23,0141,Terra,MODIS,36,6.2,314.3,10.6,D,0
-14.5918,135.4404,331.1,1.8,1.3,2014-10-23,0141,Terra,MODIS,64,6.2,310.4,31.7,D,0
-15.6339,133.6103,331.9,1.4,1.2,2014-10-23,0141,Terra,MODIS,68,6.2,313.3,20.2,D,0
-14.6036,135.4389,341.2,1.8,1.3,2014-10-23,0141,Terra,MODIS,84,6.2,308.8,69.6,D,0
-13.3777,134.0733,339.8,1.4,1.2,2014-10-23,0141,Terra,MODIS,80,6.2,316,36,D,0
-13.3689,134.0874,335,1.4,1.2,2014-10-23,0141,Terra,MODIS,45,6.2,315.3,23.9,D,0
-15.8077,133.7521,335.8,1.4,1.2,2014-10-23,0141,Terra,MODIS,59,6.2,314.8,23.9,D,0
-15.6443,133.6088,338.7,1.4,1.2,2014-10-23,0141,Terra,MODIS,78,6.2,313.2,34.4,D,0
-15.8171,133.6124,333.6,1.4,1.2,2014-10-23,0141,Terra,MODIS,58,6.2,313.7,20.8,D,0
-15.4845,133.9144,342,1.4,1.2,2014-10-23,0141,Terra,MODIS,85,6.2,315.2,42.3,D,0
-15.7547,133.7591,336.2,1.4,1.2,2014-10-23,0141,Terra,MODIS,39,6.2,314.1,24,D,0
-15.8154,133.5995,334.9,1.4,1.2,2014-10-23,0141,Terra,MODIS,62,6.2,313,24.2,D,0
-15.7505,133.7662,337.3,1.4,1.2,2014-10-23,0141,Terra,MODIS,47,6.2,314.6,23.9,D,0
-15.7916,133.7945,336.3,1.4,1.2,2014-10-23,0141,Terra,MODIS,57,6.2,315.4,26.2,D,0
-13.3481,134.3409,339.8,1.4,1.2,2014-10-23,0141,Terra,MODIS,62,6.2,316.2,33.3,D,0
-16.0808,134.2783,337.2,1.6,1.2,2014-10-23,0141,Terra,MODIS,70,6.2,316.3,32,D,0
-15.4774,133.9427,339.9,1.4,1.2,2014-10-23,0141,Terra,MODIS,75,6.2,314.4,33.2,D,0
-14.9869,135.1995,339.8,1.7,1.3,2014-10-23,0141,Terra,MODIS,82,6.2,315.3,54.1,D,0
-14.9752,135.201,349.4,1.7,1.3,2014-10-23,0141,Terra,MODIS,92,6.2,314.3,96.6,D,0
-16.0676,125.985,342.5,1.4,1.2,2014-10-23,0142,Terra,MODIS,86,6.2,307.1,42.5,D,0
-16.1112,125.5904,332.9,1.4,1.2,2014-10-23,0142,Terra,MODIS,68,6.2,311.4,20.2,D,0
-16.0634,126.0243,333.2,1.4,1.2,2014-10-23,0142,Terra,MODIS,68,6.2,308,20.1,D,0
-16.0654,126.0366,344.5,1.4,1.2,2014-10-23,0142,Terra,MODIS,88,6.2,310.6,50.2,D,0
-16.0696,125.9975,387.3,1.4,1.2,2014-10-23,0142,Terra,MODIS,100,6.2,315.2,259.6,D,0
-16.0737,126.0223,335.8,1.4,1.2,2014-10-23,0142,Terra,MODIS,77,6.2,311,28.1,D,0
-16.0799,125.9956,351.4,1.4,1.2,2014-10-23,0142,Terra,MODIS,94,6.2,309.5,71.7,D,0
-16.082,126.008,339.5,1.4,1.2,2014-10-23,0142,Terra,MODIS,82,6.2,311.3,37.3,D,0
-16.0776,126.0022,367.8,1.4,1.2,2014-10-23,0142,Terra,MODIS,100,6.2,313.2,141.5,D,0
-16.0796,126.0146,334.3,1.4,1.2,2014-10-23,0142,Terra,MODIS,74,6.2,311.3,25.1,D,0
-15.8591,126.1613,348.6,1.3,1.1,2014-10-23,0142,Terra,MODIS,91,6.2,309.7,63,D,0
-15.8611,126.1736,334.2,1.3,1.1,2014-10-23,0142,Terra,MODIS,52,6.2,310.1,23.7,D,0
-16.0862,125.6009,336.8,1.4,1.2,2014-10-23,0142,Terra,MODIS,78,6.2,310.3,31.1,D,0
-16.0884,125.6144,339.4,1.4,1.2,2014-10-23,0142,Terra,MODIS,82,6.2,311.1,37.4,D,0
-16.1074,125.5972,331.9,1.4,1.2,2014-10-23,0142,Terra,MODIS,58,6.2,311.4,17.4,D,0
-16.0755,125.9897,371.3,1.4,1.2,2014-10-23,0142,Terra,MODIS,100,6.2,309.2,159.5,D,0
-17.1265,132.8702,338.9,1.3,1.1,2014-10-23,0142,Terra,MODIS,54,6.2,319.2,23.2,D,0
-17.1163,132.8716,341.4,1.3,1.1,2014-10-23,0142,Terra,MODIS,50,6.2,318.1,28.9,D,0
-15.8799,126.0299,363.9,1.4,1.2,2014-10-23,0142,Terra,MODIS,100,6.2,309.8,123.7,D,0
-15.882,126.0427,337.7,1.4,1.2,2014-10-23,0142,Terra,MODIS,80,6.2,308.1,34.1,D,0
-17.3025,132.896,339.5,1.3,1.1,2014-10-23,0142,Terra,MODIS,66,6.2,315.7,25.3,D,0
-17.3127,132.8947,340.6,1.3,1.1,2014-10-23,0142,Terra,MODIS,79,6.2,314.4,28.5,D,0
-16.08,125.6297,330.6,1.4,1.2,2014-10-23,0142,Terra,MODIS,58,6.2,310.5,15.8,D,0
-16.8171,130.7211,337.3,1,1,2014-10-23,0142,Terra,MODIS,66,6.2,315.1,15.8,D,0
-16.8185,130.7307,361.9,1,1,2014-10-23,0142,Terra,MODIS,100,6.2,317.5,73.1,D,0
-16.8198,130.7404,333.1,1,1,2014-10-23,0142,Terra,MODIS,59,6.2,315.3,12.6,D,0
-16.9822,130.7102,333.7,1,1,2014-10-23,0142,Terra,MODIS,47,6.2,315.9,10.7,D,0
-16.9223,130.7488,335,1,1,2014-10-23,0142,Terra,MODIS,44,6.2,316.3,13,D,0
-16.9731,130.7116,340.5,1,1,2014-10-23,0142,Terra,MODIS,81,6.2,317.8,21.5,D,0
-16.9744,130.7213,333.3,1,1,2014-10-23,0142,Terra,MODIS,33,6.2,315.9,10.8,D,0
-18.1921,126.6432,329.7,1.2,1.1,2014-10-23,0142,Terra,MODIS,36,6.2,311,10.3,D,0
-18.2,126.6303,341.7,1.2,1.1,2014-10-23,0142,Terra,MODIS,83,6.2,316.2,30.7,D,0
-18.2017,126.6413,349,1.2,1.1,2014-10-23,0142,Terra,MODIS,91,6.2,314.7,49,D,0
-19.6711,128.3951,345.4,1,1,2014-10-23,0142,Terra,MODIS,87,6.2,323.2,24.1,D,0
-19.6725,128.4047,348.1,1,1,2014-10-23,0142,Terra,MODIS,90,6.2,321.4,30.5,D,0
-18.352,132.6781,344.8,1.3,1.1,2014-10-23,0142,Terra,MODIS,84,6.2,320,41.1,D,0
-18.9804,132.025,382.6,1.2,1.1,2014-10-23,0142,Terra,MODIS,100,6.2,323.1,188.6,D,0
-18.9788,132.0135,369.5,1.2,1.1,2014-10-23,0142,Terra,MODIS,100,6.2,322.2,118.9,D,0
-18.9421,131.2044,337.5,1.1,1.1,2014-10-23,0142,Terra,MODIS,59,6.2,319.3,18.6,D,0
-18.1973,132.7366,338.6,1.3,1.1,2014-10-23,0142,Terra,MODIS,53,6.2,318.5,24.6,D,0
-18.1871,132.738,335.7,1.3,1.1,2014-10-23,0142,Terra,MODIS,23,6.2,319.3,18.3,D,0
-19.0282,132,366.7,1.2,1.1,2014-10-23,0142,Terra,MODIS,100,6.2,323.7,108.8,D,0
-19.0298,132.0115,344.7,1.2,1.1,2014-10-23,0142,Terra,MODIS,69,6.2,319.3,36.7,D,0
-18.9705,132.0264,375.9,1.2,1.1,2014-10-23,0142,Terra,MODIS,100,6.2,323.4,151,D,0
-18.9689,132.0149,353.8,1.2,1.1,2014-10-23,0142,Terra,MODIS,95,6.2,321.5,58.4,D,0
-18.9606,132.0278,349.1,1.2,1.1,2014-10-23,0142,Terra,MODIS,91,6.2,319.3,48.6,D,0
-18.9522,132.0408,334.7,1.2,1.1,2014-10-23,0142,Terra,MODIS,58,6.2,316.5,17.7,D,0
-19.0381,131.9986,390.7,1.2,1.1,2014-10-23,0142,Terra,MODIS,100,6.2,324.6,239.6,D,0
-19.0366,131.987,403.5,1.2,1.1,2014-10-23,0142,Terra,MODIS,100,6.2,319.1,337.2,D,0
-18.9507,132.0292,341.5,1.2,1.1,2014-10-23,0142,Terra,MODIS,82,6.2,319.4,30.2,D,0
-18.4289,132.5616,334.6,1.3,1.1,2014-10-23,0142,Terra,MODIS,35,6.2,315.9,19.2,D,0
-17.6862,133.0348,341.6,1.4,1.2,2014-10-23,0142,Terra,MODIS,82,6.2,318.4,35,D,0
-18.0213,132.5502,334.4,1.3,1.1,2014-10-23,0142,Terra,MODIS,49,6.2,320.2,15.8,D,0
-18.0229,132.5622,332.9,1.3,1.1,2014-10-23,0142,Terra,MODIS,52,6.2,317.6,14.5,D,0
-19.0002,132.0222,342.9,1.2,1.1,2014-10-23,0142,Terra,MODIS,57,6.2,318.7,31.2,D,0
-18.9048,131.3898,334.1,1.1,1.1,2014-10-23,0142,Terra,MODIS,51,6.2,320,13.2,D,0
-18.7184,131.4402,338.1,1.1,1.1,2014-10-23,0142,Terra,MODIS,57,6.2,318.4,21,D,0
-19.0001,132.0157,337,1.2,1.1,2014-10-23,0142,Terra,MODIS,32,6.2,318.3,20.3,D,0
-19.0085,132.0028,350.8,1.2,1.1,2014-10-23,0142,Terra,MODIS,93,6.2,316.2,51.8,D,0
-18.2661,132.7213,332.6,1.3,1.1,2014-10-23,0142,Terra,MODIS,32,6.2,315.1,15,D,0
-18.2645,132.709,337.3,1.3,1.1,2014-10-23,0142,Terra,MODIS,68,6.2,317.7,23.7,D,0
-19.0184,132.0014,365.7,1.2,1.1,2014-10-23,0142,Terra,MODIS,100,6.2,317.2,103.3,D,0
-19.0267,131.9884,355.3,1.2,1.1,2014-10-23,0142,Terra,MODIS,96,6.2,316.1,68.4,D,0
-18.2674,132.7145,339.5,1.3,1.1,2014-10-23,0142,Terra,MODIS,59,6.2,316.1,26.5,D,0
-18.2571,132.7159,342.9,1.3,1.1,2014-10-23,0142,Terra,MODIS,67,6.2,318.6,34.5,D,0
-18.3623,132.6767,335.5,1.3,1.1,2014-10-23,0142,Terra,MODIS,65,6.2,317.2,20.7,D,0
-18.3536,132.6904,350.6,1.3,1.1,2014-10-23,0142,Terra,MODIS,92,6.2,317.6,59.6,D,0
-18.7088,131.4416,344.8,1.1,1.1,2014-10-23,0142,Terra,MODIS,73,6.2,318.4,32.7,D,0
-18.355,132.6841,352.9,1.3,1.1,2014-10-23,0142,Terra,MODIS,94,6.2,318.8,64.7,D,0
-18.9903,132.0236,340.3,1.2,1.1,2014-10-23,0142,Terra,MODIS,51,6.2,319.1,25,D,0
-18.3448,132.6855,348.9,1.3,1.1,2014-10-23,0142,Terra,MODIS,91,6.2,320.2,52,D,0
-18.8576,131.1162,404.6,1.1,1,2014-10-23,0142,Terra,MODIS,100,6.2,324.9,296.5,D,0
-18.8396,131.0552,354.4,1.1,1,2014-10-23,0142,Terra,MODIS,95,6.2,322.6,52.4,D,0
-18.8671,131.1148,358.8,1.1,1,2014-10-23,0142,Terra,MODIS,99,6.2,319.8,68.1,D,0
-18.875,131.103,345.1,1.1,1,2014-10-23,0142,Terra,MODIS,61,6.2,318.9,32.1,D,0
-18.8765,131.1134,374.4,1.1,1,2014-10-23,0142,Terra,MODIS,100,6.2,321.6,124.4,D,0
-18.8806,131.1064,369.6,1.1,1,2014-10-23,0142,Terra,MODIS,100,6.2,321.3,107.9,D,0
-18.9032,131.5221,337,1.2,1.1,2014-10-23,0142,Terra,MODIS,59,6.2,321.3,14.1,D,0
-18.8901,131.105,347.5,1.1,1,2014-10-23,0142,Terra,MODIS,89,6.2,316.1,43,D,0
-18.8915,131.1154,334.4,1.1,1,2014-10-23,0142,Terra,MODIS,68,6.2,314.9,16.1,D,0
-18.8995,131.1036,337.3,1.1,1,2014-10-23,0142,Terra,MODIS,74,6.2,313.9,22.2,D,0
-18.8208,131.0579,340,1.1,1,2014-10-23,0142,Terra,MODIS,37,6.2,322.1,20.1,D,0
-18.9887,132.0121,342.2,1.2,1.1,2014-10-23,0142,Terra,MODIS,77,6.2,319.2,27.1,D,0
-18.837,131.2477,369.5,1.1,1.1,2014-10-23,0142,Terra,MODIS,100,6.2,323.1,104.6,D,0
-18.8356,131.2372,343,1.1,1.1,2014-10-23,0142,Terra,MODIS,53,6.2,319.7,27.3,D,0
-18.8166,131.24,376.4,1.1,1.1,2014-10-23,0142,Terra,MODIS,100,6.2,320.1,134.7,D,0
-18.8071,131.2413,381.7,1.1,1.1,2014-10-23,0142,Terra,MODIS,100,6.2,326.6,158.8,D,0
-18.3398,130.3074,346.6,1,1,2014-10-23,0142,Terra,MODIS,77,6.2,318.1,30.2,D,0
-18.8032,131.2478,348.9,1.1,1.1,2014-10-23,0142,Terra,MODIS,29,6.2,322,36.3,D,0
-16.5169,127.4954,334.8,1.1,1.1,2014-10-23,0142,Terra,MODIS,53,6.2,313.3,15.9,D,0
-16.5152,127.4852,335.9,1.1,1.1,2014-10-23,0142,Terra,MODIS,66,6.2,317.3,16.8,D,0
-16.5058,127.4867,352.3,1.1,1.1,2014-10-23,0142,Terra,MODIS,94,6.2,318.4,51.5,D,0
-16.5041,127.4763,348.7,1.1,1.1,2014-10-23,0142,Terra,MODIS,91,6.2,314.9,40.8,D,0
-17.9299,126.0326,335.1,1.3,1.1,2014-10-23,0142,Terra,MODIS,65,6.2,314,16.9,D,0
-17.8156,125.9603,340.8,1.3,1.1,2014-10-23,0142,Terra,MODIS,83,6.2,314.1,29.5,D,0
-16.3881,128.1947,330.9,1.1,1,2014-10-23,0142,Terra,MODIS,29,6.2,313.3,8.5,D,0
-18.7169,131.4295,351.1,1.1,1.1,2014-10-23,0142,Terra,MODIS,93,6.2,320.5,49.7,D,0
-18.7074,131.4309,344.9,1.1,1.1,2014-10-23,0142,Terra,MODIS,71,6.2,320.1,32,D,0
-17.8236,125.9529,334.7,1.3,1.1,2014-10-23,0142,Terra,MODIS,58,6.2,315.4,15.9,D,0
-18.2912,130.3505,340,1,1,2014-10-23,0142,Terra,MODIS,37,6.2,323.4,13.3,D,0
-18.2962,130.32,357.6,1,1,2014-10-23,0142,Terra,MODIS,98,6.2,324.6,50.3,D,0
-17.0149,130.2978,338.6,1,1,2014-10-23,0142,Terra,MODIS,47,6.2,318.6,15.9,D,0
-17.0135,130.2883,337.8,1,1,2014-10-23,0142,Terra,MODIS,28,6.2,319.6,13.8,D,0
-16.3866,128.1849,368.1,1.1,1,2014-10-23,0142,Terra,MODIS,100,6.2,316.2,96.4,D,0
-18.2976,130.3297,363.9,1,1,2014-10-23,0142,Terra,MODIS,100,6.2,325.2,68.5,D,0
-18.3053,130.3186,363.5,1,1,2014-10-23,0142,Terra,MODIS,100,6.2,323.7,66.5,D,0
-18.3067,130.3283,365.4,1,1,2014-10-23,0142,Terra,MODIS,100,6.2,324.2,71.9,D,0
-18.3136,130.3769,374.6,1,1,2014-10-23,0142,Terra,MODIS,100,6.2,322.4,105.4,D,0
-18.3206,130.3698,349,1,1,2014-10-23,0142,Terra,MODIS,91,6.2,319,37.2,D,0
-18.322,130.3796,349.8,1,1,2014-10-23,0142,Terra,MODIS,92,6.2,323.3,40,D,0
-18.3234,130.3893,337.8,1,1,2014-10-23,0142,Terra,MODIS,58,6.2,321.4,15.6,D,0
-17.8843,126.3232,331.6,1.2,1.1,2014-10-23,0142,Terra,MODIS,52,6.2,314.6,11.8,D,0
-18.3257,130.3393,337.7,1,1,2014-10-23,0142,Terra,MODIS,45,6.2,318,16.5,D,0
-17.9858,126.1254,332.3,1.3,1.1,2014-10-23,0142,Terra,MODIS,66,6.2,315,12.8,D,0
-18.327,130.349,338.9,1,1,2014-10-23,0142,Terra,MODIS,72,6.2,317.8,19.6,D,0
-19.045,131.9741,347,1.2,1.1,2014-10-23,0142,Terra,MODIS,89,6.2,310.2,50.7,D,0
-19.0465,131.9856,434.2,1.2,1.1,2014-10-23,0142,Terra,MODIS,100,6.2,334.6,677.2,D,0
-19.048,131.9972,353.9,1.2,1.1,2014-10-23,0142,Terra,MODIS,95,6.2,324.3,63.8,D,0
-19.0549,131.9727,352,1.2,1.1,2014-10-23,0142,Terra,MODIS,94,6.2,309.7,64.8,D,0
-19.0564,131.9842,476.8,1.2,1.1,2014-10-23,0142,Terra,MODIS,100,6.2,346.3,1476.1,D,0
-19.0579,131.9958,405.4,1.2,1.1,2014-10-23,0142,Terra,MODIS,100,6.2,329.4,354.5,D,0
-17.9441,126.06,330.1,1.3,1.1,2014-10-23,0142,Terra,MODIS,46,6.2,312.4,9.7,D,0
-16.954,124.7217,327.3,1.6,1.2,2014-10-23,0142,Terra,MODIS,18,6.2,307.5,14,D,0
-17.9422,126.0482,335.6,1.3,1.1,2014-10-23,0142,Terra,MODIS,74,6.2,311.6,20.1,D,0
-18.3188,130.2908,345.7,1,1,2014-10-23,0142,Terra,MODIS,74,6.2,320.4,29.3,D,0
-17.9341,126.0618,333.2,1.3,1.1,2014-10-23,0142,Terra,MODIS,59,6.2,311.7,15.1,D,0
-17.9322,126.05,336.3,1.3,1.1,2014-10-23,0142,Terra,MODIS,76,6.2,313.6,21.8,D,0
-17.9337,126.0564,346.2,1.3,1.1,2014-10-23,0142,Terra,MODIS,89,6.2,312.6,45.2,D,0
-18.8536,132.1434,339.5,1.2,1.1,2014-10-23,0142,Terra,MODIS,74,6.2,319.5,24.7,D,0
-18.3274,130.4186,334.6,1,1,2014-10-23,0142,Terra,MODIS,68,6.2,318,11.4,D,0
-18.3261,130.4089,386.7,1,1,2014-10-23,0142,Terra,MODIS,100,6.2,321.4,165.8,D,0
-18.3247,130.3991,340.3,1,1,2014-10-23,0142,Terra,MODIS,79,6.2,318.2,19.3,D,0
-18.3192,130.4159,420.3,1,1,2014-10-23,0142,Terra,MODIS,100,6.2,327.7,389.3,D,0
-18.3178,130.4062,397.5,1,1,2014-10-23,0142,Terra,MODIS,100,6.2,326.5,218.9,D,0
-17.0833,130.262,335.8,1,1,2014-10-23,0142,Terra,MODIS,72,6.2,319.9,12.8,D,0
-18.7265,131.4281,400,1.1,1.1,2014-10-23,0142,Terra,MODIS,100,6.2,325.5,278.5,D,0
-18.31,130.4173,378.3,1,1,2014-10-23,0142,Terra,MODIS,100,6.2,323.3,121.9,D,0
-17.751,126.0089,371.9,1.3,1.1,2014-10-23,0142,Terra,MODIS,100,6.2,314.4,142.7,D,0
-17.753,126.0209,413.7,1.3,1.1,2014-10-23,0142,Terra,MODIS,100,6.2,320.4,460.4,D,0
-18.3086,130.4075,352.8,1,1,2014-10-23,0142,Terra,MODIS,84,6.2,321,36.7,D,0
-17.755,126.0328,364.9,1.3,1.1,2014-10-23,0142,Terra,MODIS,100,6.2,314.6,107.3,D,0
-17.7611,126.0071,333.3,1.3,1.1,2014-10-23,0142,Terra,MODIS,48,6.2,315.6,12.9,D,0
-17.767,126.043,333.9,1.3,1.1,2014-10-23,0142,Terra,MODIS,68,6.2,315.7,12.7,D,0
-18.3072,130.3978,351.3,1,1,2014-10-23,0142,Terra,MODIS,81,6.2,320.6,34.4,D,0
-18.2981,130.3992,346.8,1,1,2014-10-23,0142,Terra,MODIS,45,6.2,320.6,24.4,D,0
-18.2917,130.42,349,1,1,2014-10-23,0142,Terra,MODIS,91,6.2,321.7,31.1,D,0
-15.832,125.9336,348.3,1.4,1.2,2014-10-23,0142,Terra,MODIS,91,6.2,309.8,65.7,D,0
-18.3475,130.2963,346.3,1,1,2014-10-23,0142,Terra,MODIS,77,6.2,320.6,32,D,0
-15.8342,125.9466,337.5,1.4,1.2,2014-10-23,0142,Terra,MODIS,80,6.2,307.8,33.9,D,0
-15.8363,125.9594,333.3,1.4,1.2,2014-10-23,0142,Terra,MODIS,71,6.2,307.8,25.2,D,0
-15.8404,125.919,342.1,1.4,1.2,2014-10-23,0142,Terra,MODIS,85,6.2,308,46.8,D,0
-15.8425,125.9318,337.6,1.4,1.2,2014-10-23,0142,Terra,MODIS,80,6.2,310.3,34.8,D,0
-17.8312,125.4915,331.7,1.4,1.2,2014-10-23,0142,Terra,MODIS,56,6.2,313.5,13.5,D,0
-17.9984,126.0138,334.1,1.3,1.1,2014-10-23,0142,Terra,MODIS,71,6.2,314.6,16.6,D,0
-18.358,130.3046,335.3,1,1,2014-10-23,0142,Terra,MODIS,51,6.2,315.9,15.4,D,0
-15.8446,125.9449,333.2,1.4,1.2,2014-10-23,0142,Terra,MODIS,71,6.2,307.9,23.3,D,0
-15.8467,125.9578,346.9,1.4,1.2,2014-10-23,0142,Terra,MODIS,90,6.2,309,59.9,D,0
-18.1315,130.3316,335.9,1,1,2014-10-23,0142,Terra,MODIS,57,6.2,320.8,13.5,D,0
-18.3412,130.3171,374.7,1,1,2014-10-23,0142,Terra,MODIS,100,6.2,320.6,111.2,D,0
-18.3503,130.3157,359.7,1,1,2014-10-23,0142,Terra,MODIS,99,6.2,316.5,65.8,D,0
-18.3567,130.2949,355.7,1,1,2014-10-23,0142,Terra,MODIS,96,6.2,319.3,56.1,D,0
-16.4844,127.4434,339.2,1.1,1.1,2014-10-23,0142,Terra,MODIS,80,6.2,314.9,21.5,D,0
-16.4828,127.4329,339.8,1.1,1.1,2014-10-23,0142,Terra,MODIS,81,6.2,312.9,23,D,0
-16.475,127.4449,342.9,1.1,1.1,2014-10-23,0142,Terra,MODIS,85,6.2,315.8,29.7,D,0
-16.4733,127.4345,344,1.1,1.1,2014-10-23,0142,Terra,MODIS,86,6.2,316.2,31.6,D,0
-18.3489,130.306,368.8,1,1,2014-10-23,0142,Terra,MODIS,100,6.2,319.9,92.4,D,0
-18.7828,131.2401,349.6,1.1,1.1,2014-10-23,0142,Terra,MODIS,84,6.2,322.9,37.1,D,0
-18.7813,131.2296,345.4,1.1,1.1,2014-10-23,0142,Terra,MODIS,69,6.2,319.5,27,D,0
-18.8067,131.1664,338.1,1.1,1,2014-10-23,0142,Terra,MODIS,70,6.2,320.3,20.7,D,0
-18.7973,131.1678,339.3,1.1,1,2014-10-23,0142,Terra,MODIS,61,6.2,320.5,21.8,D,0
-18.7916,131.1639,361.9,1.1,1,2014-10-23,0142,Terra,MODIS,100,6.2,321.2,74.8,D,0
-18.736,131.4267,412.9,1.1,1.1,2014-10-23,0142,Terra,MODIS,100,6.2,320,382,D,0
-18.8931,131.3044,332.6,1.1,1.1,2014-10-23,0142,Terra,MODIS,47,6.2,320.2,10.1,D,0
-18.8559,131.245,362.1,1.1,1.1,2014-10-23,0142,Terra,MODIS,100,6.2,318.8,83.9,D,0
-18.8545,131.2344,435.7,1.1,1.1,2014-10-23,0142,Terra,MODIS,100,6.2,330.1,615.8,D,0
-18.8465,131.2464,366.1,1.1,1.1,2014-10-23,0142,Terra,MODIS,100,6.2,321.7,94.7,D,0
-18.845,131.2358,383,1.1,1.1,2014-10-23,0142,Terra,MODIS,100,6.2,329.1,168.7,D,0
-17.9583,126.0209,331.3,1.3,1.1,2014-10-23,0142,Terra,MODIS,61,6.2,313.2,11.4,D,0
-17.9563,126.009,348,1.3,1.1,2014-10-23,0142,Terra,MODIS,91,6.2,314.3,50.7,D,0
-17.9302,126.0381,336.9,1.3,1.1,2014-10-23,0142,Terra,MODIS,77,6.2,314.5,22.1,D,0
-16.5004,127.4835,362.9,1.1,1.1,2014-10-23,0142,Terra,MODIS,100,6.2,317.3,82.8,D,0
-16.502,127.4939,333.4,1.1,1.1,2014-10-23,0142,Terra,MODIS,56,6.2,311.1,11.7,D,0
-18.2948,130.3103,345.7,1,1,2014-10-23,0142,Terra,MODIS,67,6.2,322.8,25.5,D,0
-17.3035,130.4501,338.7,1,1,2014-10-23,0142,Terra,MODIS,68,6.2,317,17.1,D,0
-16.901,130.4672,337.7,1,1,2014-10-23,0142,Terra,MODIS,76,6.2,316.3,18.8,D,0
-17.7696,125.6134,336.1,1.4,1.2,2014-10-23,0142,Terra,MODIS,75,6.2,314.2,21.7,D,0
-16.9114,130.4754,333.9,1,1,2014-10-23,0142,Terra,MODIS,67,6.2,314.3,13.5,D,0
-16.9023,130.4768,349,1,1,2014-10-23,0142,Terra,MODIS,91,6.2,319,39.9,D,0
-16.2667,128.3102,332.9,1,1,2014-10-23,0142,Terra,MODIS,48,6.2,314.4,8,D,0
-16.8933,130.4781,340.2,1,1,2014-10-23,0142,Terra,MODIS,80,6.2,317.3,21.9,D,0
-17.3288,130.4397,342.2,1,1,2014-10-23,0142,Terra,MODIS,83,6.2,318.4,25.8,D,0
-19.7753,123.2458,336.9,1.8,1.3,2014-10-23,0143,Terra,MODIS,75,6.2,312.9,41.9,D,0
-19.7958,123.2242,343.8,1.8,1.3,2014-10-23,0143,Terra,MODIS,88,6.2,312,69.3,D,0
-19.7871,123.2435,342.5,1.8,1.3,2014-10-23,0143,Terra,MODIS,86,6.2,314.7,61.4,D,0
-19.784,123.2265,331.8,1.8,1.3,2014-10-23,0143,Terra,MODIS,36,6.2,311.6,24.9,D,0
-19.9718,127.9465,338.9,1,1,2014-10-23,0143,Terra,MODIS,78,6.2,323.5,13.5,D,0
-20.101,124.1596,339.7,1.5,1.2,2014-10-23,0143,Terra,MODIS,80,6.2,319.4,26.4,D,0
-20.1451,123.6287,328.9,1.7,1.3,2014-10-23,0143,Terra,MODIS,48,6.2,312.7,14.6,D,0
-22.6106,122.168,338.9,1.9,1.3,2014-10-23,0143,Terra,MODIS,83,6.2,288.5,87.9,D,0
-20.1423,123.6129,336,1.7,1.3,2014-10-23,0143,Terra,MODIS,78,6.2,312.2,34.1,D,0
-22.3817,122.2668,343.2,1.9,1.3,2014-10-23,0143,Terra,MODIS,66,6.2,276,110.6,D,0
-20.359,124.5393,331.4,1.4,1.2,2014-10-23,0143,Terra,MODIS,64,6.2,315.7,14.3,D,0
-22.423,122.2208,315.8,1.9,1.3,2014-10-23,0143,Terra,MODIS,21,6.2,274,24.8,D,0
-19.9732,127.9561,349.3,1,1,2014-10-23,0143,Terra,MODIS,91,6.2,323,34.2,D,0
-21.7253,127.4837,338.1,1,1,2014-10-23,0143,Terra,MODIS,61,6.2,311.2,22.9,D,0
-21.784,127.4474,344.6,1,1,2014-10-23,0143,Terra,MODIS,90,6.2,310.9,35,D,0
-22.6177,122.1784,352.7,1.9,1.3,2014-10-23,0143,Terra,MODIS,96,6.2,298.4,150.9,D,0
-20.1337,123.6309,345,1.7,1.3,2014-10-23,0143,Terra,MODIS,89,6.2,314.6,65.7,D,0
-21.7825,127.4376,334.1,1,1,2014-10-23,0143,Terra,MODIS,80,6.2,310.3,16.3,D,0
-22.0699,127.5098,338.5,1,1,2014-10-23,0143,Terra,MODIS,85,6.2,298.2,28.7,D,0
-19.9682,128.3506,338,1,1,2014-10-23,0143,Terra,MODIS,63,6.2,321,12.1,D,0
-21.7749,127.4489,362.1,1,1,2014-10-23,0143,Terra,MODIS,100,6.2,312.6,77,D,0
-22.3937,122.2645,344.9,1.9,1.3,2014-10-23,0143,Terra,MODIS,82,6.2,276.4,115.4,D,0
-20.1,124.1658,336.1,1.5,1.2,2014-10-23,0143,Terra,MODIS,49,6.2,319.6,16.8,D,0
-20.1109,124.1637,337.8,1.5,1.2,2014-10-23,0143,Terra,MODIS,68,6.2,317.7,20.2,D,0
-21.7734,127.4391,366.5,1,1,2014-10-23,0143,Terra,MODIS,100,6.2,312.5,89.4,D,0
-20.1309,123.6151,360,1.7,1.3,2014-10-23,0143,Terra,MODIS,100,6.2,317.7,137,D,0
-21.7643,127.4407,339,1,1,2014-10-23,0143,Terra,MODIS,85,6.2,311,24.3,D,0
-21.5751,117.9046,338.1,4,1.9,2014-10-23,0143,Terra,MODIS,85,6.2,305.5,194.3,D,0
-21.6161,117.9349,340.3,4,1.9,2014-10-23,0143,Terra,MODIS,87,6.2,308.5,207.9,D,0
-21.5787,117.8961,335.1,4,1.9,2014-10-23,0143,Terra,MODIS,82,6.2,304.5,158,D,0
-21.6199,117.9264,347.4,4,1.9,2014-10-23,0143,Terra,MODIS,92,6.2,308.3,299.5,D,0
-20.0003,127.9554,339.2,1,1,2014-10-23,0143,Terra,MODIS,78,6.2,322.4,17,D,0
-19.9292,128.5198,336.9,1,1,2014-10-23,0143,Terra,MODIS,32,6.2,322.5,11,D,0
-19.9306,128.5293,337.1,1,1,2014-10-23,0143,Terra,MODIS,43,6.2,321.5,11.2,D,0
-19.9476,128.6434,340.3,1,1,2014-10-23,0143,Terra,MODIS,51,6.2,323.8,14.8,D,0
-19.9566,128.6419,402.9,1,1,2014-10-23,0143,Terra,MODIS,100,6.2,331,240.8,D,0
-19.9641,128.6309,362.3,1,1,2014-10-23,0143,Terra,MODIS,100,6.2,323.8,62.1,D,0
-19.9655,128.6404,403.9,1,1,2014-10-23,0143,Terra,MODIS,100,6.2,329.7,248.8,D,0
-19.9745,128.639,376.7,1,1,2014-10-23,0143,Terra,MODIS,100,6.2,318.3,115.9,D,0
-21.6363,117.922,337.5,4,1.9,2014-10-23,0143,Terra,MODIS,84,6.2,307.8,167,D,0
-21.6528,117.9181,333.8,4,1.9,2014-10-23,0143,Terra,MODIS,80,6.2,308.7,128.3,D,0
-21.6694,117.9146,344.7,4,1.9,2014-10-23,0143,Terra,MODIS,90,6.2,308.1,257,D,0
-21.6405,117.9152,338.6,4,1.9,2014-10-23,0143,Terra,MODIS,85,6.2,307.5,180.9,D,0
-21.6737,117.9081,342.7,4,1.9,2014-10-23,0143,Terra,MODIS,89,6.2,307.5,231.2,D,0
-21.7147,117.9378,326.2,3.9,1.8,2014-10-23,0143,Terra,MODIS,66,6.2,309.1,70.2,D,0
-21.7312,117.934,331.1,3.9,1.8,2014-10-23,0143,Terra,MODIS,77,6.2,308,114.9,D,0
-21.7351,117.9255,324.6,3.9,1.8,2014-10-23,0143,Terra,MODIS,40,6.2,307.2,59.1,D,0
-21.7431,117.9624,326.2,3.9,1.8,2014-10-23,0143,Terra,MODIS,52,6.2,307.9,70.4,D,0
-21.4717,117.9351,328.1,4,1.9,2014-10-23,0143,Terra,MODIS,58,6.2,306.4,78,D,0
-21.4758,117.9282,328.8,4,1.9,2014-10-23,0143,Terra,MODIS,74,6.2,306.2,87.9,D,0
-21.4842,117.9667,326.1,4,1.9,2014-10-23,0143,Terra,MODIS,59,6.2,308.1,63,D,0
-21.5006,117.9626,328,4,1.9,2014-10-23,0143,Terra,MODIS,73,6.2,308.1,82.1,D,0
-21.6322,117.8774,342.8,4,1.9,2014-10-23,0143,Terra,MODIS,89,6.2,306,234.8,D,0
-19.958,128.6514,353.8,1,1,2014-10-23,0143,Terra,MODIS,92,6.2,322.2,41.9,D,0
-19.967,128.6499,354.1,1,1,2014-10-23,0143,Terra,MODIS,92,6.2,322.1,44.3,D,0
-20.7676,122.25,333,2,1.4,2014-10-23,0143,Terra,MODIS,64,6.2,314.7,37.1,D,0
-20.7639,122.2308,342.4,2,1.4,2014-10-23,0143,Terra,MODIS,85,6.2,311.6,82.7,D,0
-20.763,122.238,347.2,2,1.4,2014-10-23,0143,Terra,MODIS,88,6.2,312.4,111.6,D,0
-21.4499,123.1059,334,1.7,1.3,2014-10-23,0143,Terra,MODIS,52,6.2,308,36.4,D,0
-21.4528,123.1223,331.5,1.7,1.3,2014-10-23,0143,Terra,MODIS,44,6.2,310.3,25.5,D,0
-21.7499,131.414,331.3,1.2,1.1,2014-10-23,0143,Terra,MODIS,17,6.2,318.4,10.1,D,0
-22.6331,122.1941,337.1,1.9,1.3,2014-10-23,0144,Terra,MODIS,74,6.2,296.3,71.5,D,0
-22.6296,122.1759,341.7,1.9,1.3,2014-10-23,0144,Terra,MODIS,78,6.2,301.5,91.1,D,0
-42.4547,147.6841,349.8,1,1,2014-10-23,0421,Aqua,MODIS,96,6.2,294.8,61.8,D,0
-42.4567,147.6714,330.4,1,1,2014-10-23,0421,Aqua,MODIS,86,6.2,293,28,D,0
-42.5962,147.6124,311.3,1,1,2014-10-23,0421,Aqua,MODIS,70,6.2,297.4,7.4,D,0
-42.5947,147.033,305.9,1,1,2014-10-23,0421,Aqua,MODIS,54,6.2,293.6,5.5,D,0
-42.4598,147.7121,351.2,1,1,2014-10-23,0421,Aqua,MODIS,96,6.2,294.5,66.5,D,0
-42.4618,147.6995,326.7,1,1,2014-10-23,0421,Aqua,MODIS,69,6.2,292.9,22.4,D,0
-42.4638,147.6868,344.1,1,1,2014-10-23,0421,Aqua,MODIS,93,6.2,292.9,51.2,D,0
-42.4689,147.7147,312.4,1,1,2014-10-23,0421,Aqua,MODIS,71,6.2,291.7,11.2,D,0
-42.471,147.7021,315.6,1,1,2014-10-23,0421,Aqua,MODIS,59,6.2,293.2,12.5,D,0
-42.4658,147.6741,322.4,1,1,2014-10-23,0421,Aqua,MODIS,81,6.2,290.2,19.1,D,0
-41.6448,146.176,304.4,1,1,2014-10-23,0422,Aqua,MODIS,51,6.2,291.9,5.6,D,0
-41.643,146.188,304.1,1,1,2014-10-23,0422,Aqua,MODIS,50,6.2,292.9,5.6,D,0
-41.6511,146.183,309.1,1,1,2014-10-23,0422,Aqua,MODIS,63,6.2,293.6,7.8,D,0
-41.0105,147.5755,356.5,1.1,1,2014-10-23,0422,Aqua,MODIS,98,6.2,299.7,81.4,D,0
-41.3305,147.3685,308.7,1,1,2014-10-23,0422,Aqua,MODIS,68,6.2,294.4,7.5,D,0
-41.0084,147.5881,328.7,1.1,1,2014-10-23,0422,Aqua,MODIS,86,6.2,298.7,26.7,D,0
-41.5001,147.8602,311.5,1.1,1,2014-10-23,0422,Aqua,MODIS,71,6.2,294,10.1,D,0
-38.5051,143.7202,331.8,1,1,2014-10-23,0423,Aqua,MODIS,84,6.2,290.8,30.4,D,0
-37.4609,144.0365,309.8,1,1,2014-10-23,0423,Aqua,MODIS,49,6.2,295.5,5.8,D,0
-37.3597,144.2288,320,1,1,2014-10-23,0423,Aqua,MODIS,73,6.2,296.8,13.5,D,0
-37.3676,143.7223,313.3,1,1,2014-10-23,0423,Aqua,MODIS,66,6.2,296.3,7.1,D,0
-37.3692,143.711,314.6,1,1,2014-10-23,0423,Aqua,MODIS,68,6.2,297.4,8.3,D,0
-37.4411,144.0488,309.9,1,1,2014-10-23,0423,Aqua,MODIS,41,6.2,295.7,4.8,D,0
-37.3671,144.2421,312.5,1,1,2014-10-23,0423,Aqua,MODIS,55,6.2,295.8,7.9,D,0
-37.4593,144.0478,340.2,1,1,2014-10-23,0423,Aqua,MODIS,91,6.2,295.8,40.6,D,0
-37.3766,143.7243,334.8,1,1,2014-10-23,0423,Aqua,MODIS,87,6.2,296.7,30.1,D,0
-37.3782,143.713,351.8,1,1,2014-10-23,0423,Aqua,MODIS,96,6.2,298.5,61.4,D,0
-37.3687,144.2308,324.3,1,1,2014-10-23,0423,Aqua,MODIS,80,6.2,297.1,18.7,D,0
-25.0546,148.4617,323.2,2.3,1.5,2014-10-23,0426,Aqua,MODIS,62,6.2,306.1,25.1,D,0
-25.2272,147.9837,326.7,2.1,1.4,2014-10-23,0426,Aqua,MODIS,71,6.2,307.1,38.7,D,0
-25.3032,149.9662,324.7,2.9,1.6,2014-10-23,0426,Aqua,MODIS,66,6.2,306.6,51.7,D,0
-25.0581,148.4549,323.9,2.3,1.5,2014-10-23,0426,Aqua,MODIS,56,6.2,306.5,24.7,D,0
-24.2827,150.2642,321.5,3.2,1.7,2014-10-23,0426,Aqua,MODIS,52,6.2,305.7,41.2,D,0
-25.2287,147.9794,323.9,2.1,1.4,2014-10-23,0426,Aqua,MODIS,51,6.2,307,29.4,D,0
-24.2865,150.2401,325.8,3.2,1.7,2014-10-23,0426,Aqua,MODIS,72,6.2,306.5,59.6,D,0
-24.1698,150.6013,325.3,3.4,1.7,2014-10-23,0426,Aqua,MODIS,68,6.2,304.1,70.2,D,0
-24.1629,150.6035,321.1,3.4,1.7,2014-10-23,0426,Aqua,MODIS,52,6.2,302.6,51.1,D,0
-25.9134,150.5143,322.7,3.1,1.7,2014-10-23,0426,Aqua,MODIS,52,6.2,305.5,34.9,D,0
-25.92,150.4838,330.8,3,1.7,2014-10-23,0426,Aqua,MODIS,77,6.2,304.5,83.1,D,0
-25.9146,150.5065,328,3.1,1.7,2014-10-23,0426,Aqua,MODIS,71,6.2,305.5,65.4,D,0
-25.921,150.4758,325.9,3,1.7,2014-10-23,0426,Aqua,MODIS,64,6.2,304.4,53.9,D,0
-24.3677,149.2556,338.1,2.7,1.6,2014-10-23,0426,Aqua,MODIS,85,6.2,307.1,122.2,D,0
-24.3731,149.2292,325.2,2.7,1.6,2014-10-23,0426,Aqua,MODIS,52,6.2,305.5,49.1,D,0
-24.3483,149.2787,324.9,2.7,1.6,2014-10-23,0426,Aqua,MODIS,54,6.2,306.2,46.3,D,0
-24.3536,149.2523,341.9,2.7,1.6,2014-10-23,0426,Aqua,MODIS,89,6.2,305.2,152.6,D,0
-24.3449,149.2699,327.2,2.7,1.6,2014-10-23,0426,Aqua,MODIS,46,6.2,306.6,57,D,0
-25.302,149.9586,325.2,2.9,1.6,2014-10-23,0426,Aqua,MODIS,69,6.2,306,54.6,D,0
-20.342,147.2157,332.8,2.4,1.5,2014-10-23,0427,Aqua,MODIS,52,6.2,312.6,58.5,D,0
-20.3894,147.2291,333.4,2.4,1.5,2014-10-23,0427,Aqua,MODIS,76,6.2,311.6,64.1,D,0
-20.3762,147.2259,337.8,2.4,1.5,2014-10-23,0427,Aqua,MODIS,82,6.2,310.1,86.9,D,0
-20.3822,147.2222,341.3,2.4,1.5,2014-10-23,0427,Aqua,MODIS,86,6.2,311.5,104,D,0
-20.6494,143.2864,333.4,1.3,1.1,2014-10-23,0427,Aqua,MODIS,65,6.2,319.1,13.5,D,0
-16.9978,142.6168,340.7,1.3,1.1,2014-10-23,0428,Aqua,MODIS,54,6.2,320.3,25.4,D,0
-17.0239,142.5839,339.8,1.3,1.1,2014-10-23,0428,Aqua,MODIS,66,6.2,320.1,23.5,D,0
-16.7946,142.0318,350.4,1.2,1.1,2014-10-23,0428,Aqua,MODIS,92,6.2,309.7,59.7,D,0
-16.836,142.0914,342.4,1.2,1.1,2014-10-23,0428,Aqua,MODIS,68,6.2,320.2,27.5,D,0
-16.8179,142.1415,340.2,1.2,1.1,2014-10-23,0428,Aqua,MODIS,63,6.2,321.9,21.2,D,0
-17.0048,142.2514,348.5,1.2,1.1,2014-10-23,0428,Aqua,MODIS,90,6.2,317.3,46.8,D,0
-17.0148,142.2532,351.2,1.2,1.1,2014-10-23,0428,Aqua,MODIS,93,6.2,319.6,55.9,D,0
-16.9881,142.231,334.7,1.2,1.1,2014-10-23,0428,Aqua,MODIS,40,6.2,316.8,11.8,D,0
-20.0125,128.5729,408.1,4.7,2,2014-10-23,0428,Aqua,MODIS,100,6.2,320.6,2719.6,D,0
-20.0161,128.5273,379.9,4.8,2,2014-10-23,0428,Aqua,MODIS,100,6.2,308.6,1278.1,D,0
-19.991,128.6164,367.5,4.7,2,2014-10-23,0428,Aqua,MODIS,100,6.2,313,823.6,D,0
-19.9945,128.5712,389.4,4.7,2,2014-10-23,0428,Aqua,MODIS,100,6.2,318.9,1641.7,D,0
-20.0101,128.6108,345.5,4.7,2,2014-10-23,0428,Aqua,MODIS,82,6.2,311.9,309.6,D,0
-20.014,128.5654,414.1,4.7,2,2014-10-23,0428,Aqua,MODIS,100,6.2,320.8,3099.8,D,0
-20.0179,128.5199,372,4.8,2,2014-10-23,0428,Aqua,MODIS,100,6.2,307.7,957.9,D,0
-19.9921,128.6091,382.1,4.7,2,2014-10-23,0428,Aqua,MODIS,100,6.2,314.6,1313.2,D,0
-19.9959,128.5639,383.2,4.7,2,2014-10-23,0428,Aqua,MODIS,100,6.2,318.4,1363.7,D,0
-16.9737,142.1928,332.3,1.2,1.1,2014-10-23,0428,Aqua,MODIS,41,6.2,313.2,12.9,D,0
-16.9818,142.2061,341.9,1.2,1.1,2014-10-23,0428,Aqua,MODIS,77,6.2,317,30.5,D,0
-16.8125,142.0466,372.1,1.2,1.1,2014-10-23,0428,Aqua,MODIS,100,6.2,318.1,132.5,D,0
-16.8107,142.0579,352.2,1.2,1.1,2014-10-23,0428,Aqua,MODIS,93,6.2,317.4,54.1,D,0
-16.8008,142.0562,348.5,1.2,1.1,2014-10-23,0428,Aqua,MODIS,79,6.2,312.2,45.9,D,0
-16.7536,142.6622,342,1.3,1.1,2014-10-23,0428,Aqua,MODIS,50,6.2,319.3,28,D,0
-16.8197,142.13,361.2,1.2,1.1,2014-10-23,0428,Aqua,MODIS,100,6.2,321.2,84.3,D,0
-16.9103,142.6587,337.4,1.3,1.1,2014-10-23,0428,Aqua,MODIS,55,6.2,317.5,21,D,0
-16.8068,142.6589,339.5,1.3,1.1,2014-10-23,0428,Aqua,MODIS,67,6.2,319.2,23.5,D,0
-16.9,142.6569,342.3,1.3,1.1,2014-10-23,0428,Aqua,MODIS,56,6.2,319.8,29.6,D,0
-16.7965,142.6571,339.9,1.3,1.1,2014-10-23,0428,Aqua,MODIS,55,6.2,319,23.8,D,0
-16.8142,142.0352,332,1.2,1.1,2014-10-23,0428,Aqua,MODIS,32,6.2,313.8,13.2,D,0
-16.6883,142.696,340.2,1.3,1.1,2014-10-23,0428,Aqua,MODIS,81,6.2,320.1,25.4,D,0
-16.8026,142.0448,370.1,1.2,1.1,2014-10-23,0428,Aqua,MODIS,100,6.2,317.4,126.2,D,0
-16.7928,142.0431,376.1,1.2,1.1,2014-10-23,0428,Aqua,MODIS,100,6.2,312,157.4,D,0
-16.8152,142.0939,339.3,1.2,1.1,2014-10-23,0428,Aqua,MODIS,26,6.2,317.6,19.7,D,0
-16.844,142.1045,335.6,1.2,1.1,2014-10-23,0428,Aqua,MODIS,29,6.2,320.4,15.1,D,0
-16.7985,142.6448,352.8,1.3,1.1,2014-10-23,0428,Aqua,MODIS,94,6.2,318.8,61,D,0
-16.825,142.0956,347.3,1.2,1.1,2014-10-23,0428,Aqua,MODIS,80,6.2,318.7,37.8,D,0
-16.8268,142.0842,352.5,1.2,1.1,2014-10-23,0428,Aqua,MODIS,94,6.2,319.3,52,D,0
-16.9122,142.6464,339.9,1.3,1.1,2014-10-23,0428,Aqua,MODIS,59,6.2,319.6,24.5,D,0
-16.6875,142.3158,335.5,1.3,1.1,2014-10-23,0428,Aqua,MODIS,56,6.2,319.6,11.7,D,0
-16.8044,142.0335,338.5,1.2,1.1,2014-10-23,0428,Aqua,MODIS,69,6.2,312.5,27.5,D,0
-20.0486,128.576,377.7,4.7,2,2014-10-23,0428,Aqua,MODIS,100,6.2,309.1,1208.1,D,0
-20.0306,128.5744,384,4.7,2,2014-10-23,0428,Aqua,MODIS,100,6.2,318.2,1455.3,D,0
-20.0501,128.5684,394.1,4.7,2,2014-10-23,0428,Aqua,MODIS,100,6.2,308.6,1928.6,D,0
-20.032,128.5669,402.6,4.7,2,2014-10-23,0428,Aqua,MODIS,100,6.2,320.5,2391.6,D,0
-20.0523,128.5303,411.5,4.8,2,2014-10-23,0428,Aqua,MODIS,100,6.2,310.9,2990.1,D,0
-20.0342,128.5288,421.2,4.8,2,2014-10-23,0428,Aqua,MODIS,100,6.2,321.1,3717,D,0
-20.0541,128.5229,395.2,4.8,2,2014-10-23,0428,Aqua,MODIS,100,6.2,307.7,1999.2,D,0
-20.036,128.5213,410.4,4.8,2,2014-10-23,0428,Aqua,MODIS,100,6.2,318.4,2893.2,D,0
-19.6177,128.4084,327.4,4.8,2,2014-10-23,0428,Aqua,MODIS,55,6.2,313.9,74.6,D,0
-18.9635,131.1408,355.3,3,1.6,2014-10-23,0428,Aqua,MODIS,96,6.2,312.5,277.7,D,0
-18.4358,132.5706,331.3,2.3,1.5,2014-10-23,0428,Aqua,MODIS,34,6.2,311.7,29.8,D,0
-18.7895,131.0774,335,3,1.6,2014-10-23,0428,Aqua,MODIS,48,6.2,310.2,92.5,D,0
-18.8044,131.079,387.9,3,1.6,2014-10-23,0428,Aqua,MODIS,100,6.2,314.9,850.7,D,0
-18.7886,131.0818,342.5,3,1.6,2014-10-23,0428,Aqua,MODIS,85,6.2,311.1,158.6,D,0
-18.8035,131.0835,401.6,3,1.6,2014-10-23,0428,Aqua,MODIS,100,6.2,317.3,1224.6,D,0
-18.8658,131.0619,359.8,3,1.6,2014-10-23,0428,Aqua,MODIS,99,6.2,309.6,357.5,D,0
-18.3632,132.6415,336.9,2.2,1.5,2014-10-23,0428,Aqua,MODIS,32,6.2,317.3,42.1,D,0
-18.8629,131.0905,336,3,1.6,2014-10-23,0428,Aqua,MODIS,76,6.2,307.8,109.9,D,0
-18.8836,131.0347,372.4,3,1.7,2014-10-23,0428,Aqua,MODIS,100,6.2,310.4,546.9,D,0
-18.8807,131.0637,372.7,3,1.6,2014-10-23,0428,Aqua,MODIS,100,6.2,314.2,542.2,D,0
-18.3608,132.6627,340,2.2,1.4,2014-10-23,0428,Aqua,MODIS,68,6.2,318,60.7,D,0
-18.3739,132.6642,343.3,2.2,1.4,2014-10-23,0428,Aqua,MODIS,81,6.2,316.8,81.9,D,0
-18.3609,132.648,343.4,2.2,1.5,2014-10-23,0428,Aqua,MODIS,80,6.2,317.7,76.3,D,0
-18.3717,132.6708,346.1,2.2,1.4,2014-10-23,0428,Aqua,MODIS,87,6.2,317,101.7,D,0
-18.4334,132.592,338.8,2.3,1.5,2014-10-23,0428,Aqua,MODIS,81,6.2,315.7,66,D,0
-18.8778,131.092,343.6,3,1.6,2014-10-23,0428,Aqua,MODIS,87,6.2,309.6,160.8,D,0
-18.8986,131.0364,381.4,3,1.7,2014-10-23,0428,Aqua,MODIS,100,6.2,312.4,712.7,D,0
-18.8956,131.0654,334.1,3,1.6,2014-10-23,0428,Aqua,MODIS,33,6.2,310.8,86.1,D,0
-18.9314,131.011,380.2,3,1.7,2014-10-23,0428,Aqua,MODIS,100,6.2,315.5,696.6,D,0
-18.9284,131.0399,380.6,3,1.7,2014-10-23,0428,Aqua,MODIS,100,6.2,314.8,698.5,D,0
-18.8832,131.0421,381.4,3,1.7,2014-10-23,0428,Aqua,MODIS,100,6.2,312,712.8,D,0
-18.8804,131.0711,362.4,3,1.6,2014-10-23,0428,Aqua,MODIS,100,6.2,313.7,373.8,D,0
-18.8778,131.0992,335.2,3,1.6,2014-10-23,0428,Aqua,MODIS,64,6.2,308.4,89.5,D,0
-18.9009,131.0148,347.1,3,1.7,2014-10-23,0428,Aqua,MODIS,90,6.2,306.6,205.8,D,0
-18.8981,131.0438,376,3,1.7,2014-10-23,0428,Aqua,MODIS,100,6.2,313.1,607.4,D,0
-18.9288,131.1895,340.8,2.9,1.6,2014-10-23,0428,Aqua,MODIS,83,6.2,311.7,130,D,0
-19.0874,131.9607,339.9,2.6,1.5,2014-10-23,0428,Aqua,MODIS,47,6.2,319.1,72.1,D,0
-18.9308,131.0184,408.2,3,1.7,2014-10-23,0428,Aqua,MODIS,100,6.2,318.6,1459.8,D,0
-18.928,131.0472,371.5,3,1.7,2014-10-23,0428,Aqua,MODIS,100,6.2,312.5,529.6,D,0
-18.8249,131.1707,345.1,2.9,1.6,2014-10-23,0428,Aqua,MODIS,69,6.2,317.4,128.3,D,0
-18.8425,131.1445,396.9,3,1.6,2014-10-23,0428,Aqua,MODIS,100,6.2,320.2,1042.8,D,0
-18.8397,131.1724,366.6,2.9,1.6,2014-10-23,0428,Aqua,MODIS,100,6.2,318.3,400.4,D,0
-18.8573,131.1461,378.5,3,1.6,2014-10-23,0428,Aqua,MODIS,100,6.2,312.9,623.2,D,0
-18.8544,131.174,374,2.9,1.6,2014-10-23,0428,Aqua,MODIS,100,6.2,314.6,527.6,D,0
-18.9641,131.1366,354.6,3,1.6,2014-10-23,0428,Aqua,MODIS,96,6.2,312.8,274.1,D,0
-18.9613,131.1648,353.3,3,1.6,2014-10-23,0428,Aqua,MODIS,95,6.2,313.6,250.8,D,0
-18.979,131.1382,390.7,3,1.6,2014-10-23,0428,Aqua,MODIS,100,6.2,317,902,D,0
-18.9608,131.169,348.3,3,1.6,2014-10-23,0428,Aqua,MODIS,91,6.2,313.3,195.1,D,0
-18.9783,131.1425,382.1,3,1.6,2014-10-23,0428,Aqua,MODIS,100,6.2,316.7,701.2,D,0
-19.0367,131.9051,374.2,2.6,1.6,2014-10-23,0428,Aqua,MODIS,100,6.2,313.7,421.8,D,0
-19.0392,131.8804,404.9,2.6,1.6,2014-10-23,0428,Aqua,MODIS,100,6.2,314.1,1060.7,D,0
-19.0176,131.9528,339.6,2.6,1.5,2014-10-23,0428,Aqua,MODIS,82,6.2,318,61.8,D,0
-18.0589,132.6945,359.1,2.2,1.4,2014-10-23,0428,Aqua,MODIS,99,6.2,319.7,181.2,D,0
-18.0566,132.7151,382.6,2.2,1.4,2014-10-23,0428,Aqua,MODIS,100,6.2,320.9,437.4,D,0
-18.7867,131.1053,355.8,3,1.6,2014-10-23,0428,Aqua,MODIS,89,6.2,316.5,264.3,D,0
-18.8015,131.1069,402.4,3,1.6,2014-10-23,0428,Aqua,MODIS,100,6.2,319.2,1212.3,D,0
-18.786,131.1097,352.8,3,1.6,2014-10-23,0428,Aqua,MODIS,80,6.2,316.7,232.8,D,0
-18.8008,131.1115,392.2,3,1.6,2014-10-23,0428,Aqua,MODIS,100,6.2,318.2,933.5,D,0
-18.8453,131.1166,337.8,3,1.6,2014-10-23,0428,Aqua,MODIS,79,6.2,308.2,115.2,D,0
-18.967,131.1084,327,3,1.6,2014-10-23,0428,Aqua,MODIS,12,6.2,307.9,51,D,0
-18.9819,131.11,383.8,3,1.6,2014-10-23,0428,Aqua,MODIS,100,6.2,313,756.6,D,0
-18.9997,131.0832,328.7,3,1.6,2014-10-23,0428,Aqua,MODIS,21,6.2,307.6,69,D,0
-18.9968,131.1116,386.5,3,1.6,2014-10-23,0428,Aqua,MODIS,100,6.2,316.4,812.3,D,0
-18.9938,131.1399,343.7,3,1.6,2014-10-23,0428,Aqua,MODIS,87,6.2,314,154.3,D,0
-19.0116,131.1132,356.6,3,1.6,2014-10-23,0428,Aqua,MODIS,97,6.2,310.7,303.8,D,0
-19.0086,131.1415,353,3,1.6,2014-10-23,0428,Aqua,MODIS,95,6.2,311.2,251.3,D,0
-18.981,131.1142,395,3,1.6,2014-10-23,0428,Aqua,MODIS,100,6.2,314.8,1022,D,0
-18.9986,131.0874,338.6,3,1.6,2014-10-23,0428,Aqua,MODIS,81,6.2,308.3,137.3,D,0
-18.9959,131.1158,378.3,3,1.6,2014-10-23,0428,Aqua,MODIS,100,6.2,315.5,641.7,D,0
-18.9931,131.1442,338.3,3,1.6,2014-10-23,0428,Aqua,MODIS,81,6.2,313.7,114.1,D,0
-18.2522,132.7086,338.1,2.2,1.4,2014-10-23,0428,Aqua,MODIS,48,6.2,318.6,50.4,D,0
-19.0107,131.1175,375.4,3,1.6,2014-10-23,0428,Aqua,MODIS,100,6.2,312.4,590.3,D,0
-19.008,131.1458,349.5,3,1.6,2014-10-23,0428,Aqua,MODIS,92,6.2,311.6,217.7,D,0
-18.3149,130.2608,338.9,3.4,1.7,2014-10-23,0428,Aqua,MODIS,79,6.2,314.9,116.3,D,0
-18.7238,131.4302,337.8,2.8,1.6,2014-10-23,0428,Aqua,MODIS,16,6.2,318.1,69.9,D,0
-18.337,130.1982,355.8,3.4,1.7,2014-10-23,0428,Aqua,MODIS,97,6.2,311.2,343.8,D,0
-18.3338,130.2304,371,3.4,1.7,2014-10-23,0428,Aqua,MODIS,100,6.2,315.4,594.5,D,0
-19.0765,131.8386,389.1,2.6,1.6,2014-10-23,0428,Aqua,MODIS,100,6.2,313.9,726,D,0
-19.074,131.8637,430.8,2.6,1.6,2014-10-23,0428,Aqua,MODIS,100,6.2,330.6,1926.9,D,0
-18.3463,130.2038,356,3.4,1.7,2014-10-23,0428,Aqua,MODIS,97,6.2,311,345.5,D,0
-18.3495,130.2322,342.5,3.4,1.7,2014-10-23,0428,Aqua,MODIS,84,6.2,312.3,164.8,D,0
-18.7438,131.3783,351.6,2.8,1.6,2014-10-23,0428,Aqua,MODIS,94,6.2,317.3,195.6,D,0
-18.3276,130.2343,347.2,3.4,1.7,2014-10-23,0428,Aqua,MODIS,89,6.2,314.7,219.2,D,0
-19.0996,131.8917,349.2,2.6,1.6,2014-10-23,0428,Aqua,MODIS,70,6.2,319,146.5,D,0
-19.0906,131.8402,367.1,2.6,1.6,2014-10-23,0428,Aqua,MODIS,100,6.2,311.4,366.7,D,0
-19.1095,131.8883,362.3,2.6,1.6,2014-10-23,0428,Aqua,MODIS,100,6.2,319.5,289.5,D,0
-19.1136,131.8934,339.2,2.6,1.6,2014-10-23,0428,Aqua,MODIS,49,6.2,316.9,84.3,D,0
-18.7595,131.3847,368.2,2.8,1.6,2014-10-23,0428,Aqua,MODIS,100,6.2,318.7,405,D,0
-19.0559,131.8572,423.3,2.6,1.6,2014-10-23,0428,Aqua,MODIS,100,6.2,324,1655.1,D,0
-19.0954,131.8867,362.7,2.6,1.6,2014-10-23,0428,Aqua,MODIS,100,6.2,318.4,274.5,D,0
-18.712,131.4019,358.6,2.8,1.6,2014-10-23,0428,Aqua,MODIS,99,6.2,318,264.8,D,0
-18.7093,131.4285,352.9,2.8,1.6,2014-10-23,0428,Aqua,MODIS,95,6.2,318.2,201.6,D,0
-18.7265,131.4035,365.2,2.8,1.6,2014-10-23,0428,Aqua,MODIS,100,6.2,319.1,348.1,D,0
-18.8884,131.297,334,2.9,1.6,2014-10-23,0428,Aqua,MODIS,73,6.2,314.7,66.9,D,0
-18.3433,130.2361,361.8,3.4,1.7,2014-10-23,0428,Aqua,MODIS,100,6.2,313.4,422,D,0
-19.0533,131.882,438.9,2.6,1.6,2014-10-23,0428,Aqua,MODIS,100,6.2,330.5,2252.9,D,0
-19.0507,131.9067,349.5,2.6,1.6,2014-10-23,0428,Aqua,MODIS,83,6.2,317.3,133.9,D,0
-19.0981,131.8617,418.2,2.6,1.6,2014-10-23,0428,Aqua,MODIS,100,6.2,323.5,1471.2,D,0
-18.8516,131.2018,347.1,2.9,1.6,2014-10-23,0428,Aqua,MODIS,90,6.2,316.3,167.2,D,0
-18.8488,131.2294,356.4,2.9,1.6,2014-10-23,0428,Aqua,MODIS,97,6.2,318.2,265.3,D,0
-18.8871,131.2895,331.7,2.9,1.6,2014-10-23,0428,Aqua,MODIS,66,6.2,314.7,51.6,D,0
-19.0726,131.8337,342.1,2.6,1.6,2014-10-23,0428,Aqua,MODIS,85,6.2,309.2,134.7,D,0
-19.0699,131.8588,444.1,2.6,1.6,2014-10-23,0428,Aqua,MODIS,100,6.2,332.6,2529.3,D,0
-19.0673,131.8836,365.2,2.6,1.6,2014-10-23,0428,Aqua,MODIS,100,6.2,317.9,305.4,D,0
-19.0647,131.9083,335.2,2.6,1.6,2014-10-23,0428,Aqua,MODIS,26,6.2,317.2,23.9,D,0
-19.084,131.8603,423.4,2.6,1.6,2014-10-23,0428,Aqua,MODIS,100,6.2,325.6,1650.1,D,0
-19.1122,131.8632,380.2,2.6,1.6,2014-10-23,0428,Aqua,MODIS,100,6.2,318.1,551.8,D,0
-18.2992,130.2592,362.1,3.4,1.7,2014-10-23,0428,Aqua,MODIS,100,6.2,314.6,409,D,0
-18.2868,130.3858,335.5,3.3,1.7,2014-10-23,0428,Aqua,MODIS,52,6.2,318.4,68.2,D,0
-18.7069,131.4214,346.7,2.8,1.6,2014-10-23,0428,Aqua,MODIS,90,6.2,318.9,145,D,0
-19.0867,131.8352,353.3,2.6,1.6,2014-10-23,0428,Aqua,MODIS,95,6.2,310.3,226.2,D,0
-18.3306,130.202,345.7,3.4,1.7,2014-10-23,0428,Aqua,MODIS,88,6.2,310,213,D,0
-19.1162,131.8682,373.9,2.6,1.6,2014-10-23,0428,Aqua,MODIS,100,6.2,315.6,452.5,D,0
-18.6804,131.4252,332.7,2.8,1.6,2014-10-23,0428,Aqua,MODIS,60,6.2,316.7,51,D,0
-18.7621,131.3578,355.8,2.8,1.6,2014-10-23,0428,Aqua,MODIS,97,6.2,314,260.8,D,0
-18.741,131.4051,344.1,2.8,1.6,2014-10-23,0428,Aqua,MODIS,73,6.2,319,121.2,D,0
-18.7583,131.3799,373.9,2.8,1.6,2014-10-23,0428,Aqua,MODIS,100,6.2,319.2,491.3,D,0
-19.1021,131.8667,419.6,2.6,1.6,2014-10-23,0428,Aqua,MODIS,100,6.2,324.7,1518.3,D,0
-19.0881,131.8652,415.3,2.6,1.6,2014-10-23,0428,Aqua,MODIS,100,6.2,323.8,1371.4,D,0
-18.7611,131.353,341.3,2.8,1.6,2014-10-23,0428,Aqua,MODIS,84,6.2,313,122.1,D,0
-18.2961,130.2912,363.7,3.4,1.7,2014-10-23,0428,Aqua,MODIS,100,6.2,316.7,422.4,D,0
-17.8551,144.5472,335.7,1.7,1.3,2014-10-23,0428,Aqua,MODIS,76,6.2,312.5,37.8,D,0
-19.6975,143.5299,333.8,1.4,1.2,2014-10-23,0428,Aqua,MODIS,66,6.2,315.4,23.7,D,0
-20.7384,139.4736,334.9,1,1,2014-10-23,0428,Aqua,MODIS,60,6.2,320.3,10.9,D,2
-18.0736,145.9227,322.8,2.1,1.4,2014-10-23,0428,Aqua,MODIS,54,6.2,306,27.5,D,0
-19.6996,143.5173,337.6,1.3,1.2,2014-10-23,0428,Aqua,MODIS,78,6.2,317,32.1,D,0
-14.023,142.2792,327.5,1.4,1.2,2014-10-23,0429,Aqua,MODIS,50,6.2,301,28.4,D,0
-14.0528,142.3289,353.5,1.4,1.2,2014-10-23,0429,Aqua,MODIS,96,6.2,306.5,92.4,D,0
-16.3213,142.5557,338.5,1.3,1.1,2014-10-23,0429,Aqua,MODIS,68,6.2,316.2,25.4,D,0
-16.3438,142.5469,354.6,1.3,1.1,2014-10-23,0429,Aqua,MODIS,96,6.2,321.7,68.2,D,0
-14.0548,142.3161,411.7,1.4,1.2,2014-10-23,0429,Aqua,MODIS,100,6.2,315.7,518.3,D,0
-13.9087,142.279,347,1.4,1.2,2014-10-23,0429,Aqua,MODIS,92,6.2,313.2,55.8,D,0
-14.0653,142.3179,367.9,1.4,1.2,2014-10-23,0429,Aqua,MODIS,100,6.2,307.2,160.2,D,0
-16.5591,142.4841,336.9,1.3,1.1,2014-10-23,0429,Aqua,MODIS,71,6.2,317.8,15.9,D,0
-16.3418,142.5592,341.3,1.3,1.1,2014-10-23,0429,Aqua,MODIS,58,6.2,317.6,29.6,D,0
-14.0001,142.2883,373.8,1.4,1.2,2014-10-23,0429,Aqua,MODIS,100,6.2,306,191.1,D,0
-13.8879,142.2754,333.6,1.4,1.2,2014-10-23,0429,Aqua,MODIS,75,6.2,311.6,17.9,D,0
-14.0737,142.3325,357.1,1.4,1.2,2014-10-23,0429,Aqua,MODIS,98,6.2,309.3,106,D,0
-14.0571,142.4355,359.2,1.4,1.2,2014-10-23,0429,Aqua,MODIS,99,6.2,315.3,104.1,D,0
-14.9583,145.0732,329.3,2.1,1.4,2014-10-23,0429,Aqua,MODIS,60,6.2,300.8,55.9,D,0
-14.3721,142.4691,332.3,1.4,1.2,2014-10-23,0429,Aqua,MODIS,57,6.2,313.6,18.8,D,0
-13.892,142.2499,366.5,1.4,1.2,2014-10-23,0429,Aqua,MODIS,100,6.2,306.3,145.3,D,0
-14.053,142.4614,337.1,1.4,1.2,2014-10-23,0429,Aqua,MODIS,83,6.2,313.1,26.3,D,0
-16.3822,142.5033,340.4,1.3,1.1,2014-10-23,0429,Aqua,MODIS,70,6.2,319.3,25.9,D,0
-14.0092,142.435,340.1,1.4,1.2,2014-10-23,0429,Aqua,MODIS,86,6.2,312,38.7,D,0
-13.8963,142.29,334.8,1.4,1.2,2014-10-23,0429,Aqua,MODIS,79,6.2,314.2,20.5,D,0
-15.1044,142.5981,336.5,1.4,1.2,2014-10-23,0429,Aqua,MODIS,30,6.2,313.9,26.9,D,0
-15.0982,142.6046,332,1.4,1.2,2014-10-23,0429,Aqua,MODIS,52,6.2,314.2,18.7,D,0
-15.0836,142.6285,337.2,1.4,1.2,2014-10-23,0429,Aqua,MODIS,70,6.2,311.9,28.2,D,0
-13.9356,142.2445,370.5,1.4,1.2,2014-10-23,0429,Aqua,MODIS,100,6.2,310.5,166.7,D,0
-14.0445,142.4466,332.1,1.4,1.2,2014-10-23,0429,Aqua,MODIS,30,6.2,313.9,15.4,D,0
-14.3323,142.5155,331.2,1.4,1.2,2014-10-23,0429,Aqua,MODIS,59,6.2,312.9,21.2,D,0
-14.1013,142.4298,332.4,1.4,1.2,2014-10-23,0429,Aqua,MODIS,50,6.2,314.9,14.9,D,0
-15.206,142.9477,333.6,1.5,1.2,2014-10-23,0429,Aqua,MODIS,40,6.2,314.2,20.1,D,0
-13.9439,142.3706,330.9,1.4,1.2,2014-10-23,0429,Aqua,MODIS,53,6.2,309.1,19.6,D,0
-14.0569,142.3034,325.6,1.4,1.2,2014-10-23,0429,Aqua,MODIS,61,6.2,299.9,24.8,D,0
-14.0275,142.3191,340.4,1.4,1.2,2014-10-23,0429,Aqua,MODIS,54,6.2,305.6,45.7,D,0
-14.019,142.3046,341.9,1.4,1.2,2014-10-23,0429,Aqua,MODIS,40,6.2,307.1,51,D,0
-14.021,142.2919,387.9,1.4,1.2,2014-10-23,0429,Aqua,MODIS,100,6.2,310.6,285.7,D,0
-13.8292,142.2728,373.9,1.4,1.2,2014-10-23,0429,Aqua,MODIS,100,6.2,312.6,181.7,D,0
-14.0126,142.2774,333.3,1.4,1.2,2014-10-23,0429,Aqua,MODIS,71,6.2,301.8,39.8,D,0
-13.8251,142.2983,339.9,1.4,1.2,2014-10-23,0429,Aqua,MODIS,72,6.2,311.2,38.3,D,0
-13.8376,142.2872,343.9,1.4,1.2,2014-10-23,0429,Aqua,MODIS,77,6.2,314.4,46.7,D,0
-13.8396,142.2745,362.8,1.4,1.2,2014-10-23,0429,Aqua,MODIS,100,6.2,314.4,120.5,D,0
-16.3681,142.526,358.4,1.3,1.1,2014-10-23,0429,Aqua,MODIS,98,6.2,319.5,81.8,D,0
-14.0382,142.4856,341.1,1.4,1.2,2014-10-23,0429,Aqua,MODIS,87,6.2,313.4,40.9,D,0
-16.3701,142.5137,343.2,1.3,1.1,2014-10-23,0429,Aqua,MODIS,81,6.2,320.6,30.8,D,0
-16.5368,142.4927,348.7,1.3,1.1,2014-10-23,0429,Aqua,MODIS,89,6.2,319.8,47.2,D,0
-14.3344,142.5024,335.2,1.4,1.2,2014-10-23,0429,Aqua,MODIS,62,6.2,314.3,29.1,D,0
-14.1033,142.4169,339.1,1.4,1.2,2014-10-23,0429,Aqua,MODIS,85,6.2,314.7,32.8,D,0
-13.8272,142.2854,379.8,1.4,1.2,2014-10-23,0429,Aqua,MODIS,100,6.2,315.2,216.4,D,0
-14.0487,142.4206,364.2,1.4,1.2,2014-10-23,0429,Aqua,MODIS,100,6.2,311.4,128.5,D,0
-14.0106,142.2901,360,1.4,1.2,2014-10-23,0429,Aqua,MODIS,99,6.2,308.2,120.9,D,0
-13.8899,142.2626,373,1.4,1.2,2014-10-23,0429,Aqua,MODIS,100,6.2,311.8,172.1,D,0
-14.3197,142.5266,329.6,1.4,1.2,2014-10-23,0429,Aqua,MODIS,56,6.2,310.4,18,D,0
-14.0613,142.4094,361.4,1.4,1.2,2014-10-23,0429,Aqua,MODIS,100,6.2,310.8,116.2,D,0
-14.0718,142.4112,332.4,1.4,1.2,2014-10-23,0429,Aqua,MODIS,43,6.2,312.1,17.6,D,0
-13.8983,142.2772,338.4,1.4,1.2,2014-10-23,0429,Aqua,MODIS,85,6.2,313,29.7,D,0
-15.069,142.6526,338.9,1.4,1.2,2014-10-23,0429,Aqua,MODIS,78,6.2,313.5,33.3,D,0
-13.9024,142.2517,356.9,1.4,1.2,2014-10-23,0429,Aqua,MODIS,97,6.2,305.6,102.6,D,0
-14.055,142.3819,343.6,1.4,1.2,2014-10-23,0429,Aqua,MODIS,88,6.2,306.1,54.2,D,0
-15.1023,142.611,335.2,1.4,1.2,2014-10-23,0429,Aqua,MODIS,36,6.2,313.6,24.8,D,0
-15.0897,142.622,335.6,1.4,1.2,2014-10-23,0429,Aqua,MODIS,62,6.2,311.7,25.5,D,0
-15.1846,142.944,347.7,1.5,1.2,2014-10-23,0429,Aqua,MODIS,91,6.2,314.6,60.2,D,0
-15.1739,142.9421,334,1.5,1.2,2014-10-23,0429,Aqua,MODIS,72,6.2,315.8,20.6,D,0
-15.1934,142.4441,333.4,1.4,1.2,2014-10-23,0429,Aqua,MODIS,58,6.2,315.9,17.2,D,0
-14.3176,142.5397,333,1.4,1.2,2014-10-23,0429,Aqua,MODIS,69,6.2,310.5,24.9,D,0
-16.356,142.5364,340.1,1.3,1.1,2014-10-23,0429,Aqua,MODIS,54,6.2,320,24.2,D,0
-14.015,142.4281,330.9,1.4,1.2,2014-10-23,0429,Aqua,MODIS,41,6.2,311.6,19,D,0
-14.3596,142.4802,332.5,1.4,1.2,2014-10-23,0429,Aqua,MODIS,72,6.2,313,19.5,D,0
-13.9003,142.2645,368.3,1.4,1.2,2014-10-23,0429,Aqua,MODIS,100,6.2,314.5,147.1,D,0
-14.0592,142.4225,342.5,1.4,1.2,2014-10-23,0429,Aqua,MODIS,76,6.2,309.3,43.3,D,0
-14.3616,142.4673,330.7,1.4,1.2,2014-10-23,0429,Aqua,MODIS,57,6.2,314.2,15.6,D,0
-13.9772,142.2974,336.4,1.4,1.2,2014-10-23,0429,Aqua,MODIS,83,6.2,305.7,38.3,D,0
-14.0885,142.3745,341,1.4,1.2,2014-10-23,0429,Aqua,MODIS,74,6.2,311.2,45.9,D,0
-15.2444,142.1874,351,1.3,1.1,2014-10-23,0429,Aqua,MODIS,93,6.2,317.8,54.8,D,0
-14.0025,142.3411,337.4,1.4,1.2,2014-10-23,0429,Aqua,MODIS,70,6.2,307.7,37.5,D,0
-14.0696,142.358,344.2,1.4,1.2,2014-10-23,0429,Aqua,MODIS,88,6.2,310,54.6,D,0
-16.4412,142.4443,355.1,1.3,1.1,2014-10-23,0429,Aqua,MODIS,96,6.2,317.9,70.8,D,0
-14.078,142.3727,336,1.4,1.2,2014-10-23,0429,Aqua,MODIS,56,6.2,309.1,31.7,D,0
-14.0632,142.3307,370.4,1.4,1.2,2014-10-23,0429,Aqua,MODIS,100,6.2,310.4,171.4,D,0
-16.4209,142.4408,343.9,1.3,1.1,2014-10-23,0429,Aqua,MODIS,72,6.2,318.5,33.5,D,0
-15.2425,142.1995,345.6,1.3,1.1,2014-10-23,0429,Aqua,MODIS,88,6.2,319.9,39,D,0
-16.4514,142.4461,337.8,1.3,1.1,2014-10-23,0429,Aqua,MODIS,56,6.2,316.2,21.1,D,0
-16.4697,142.4618,335,1.3,1.1,2014-10-23,0429,Aqua,MODIS,24,6.2,316.5,15.1,D,0
-13.9793,142.2847,328.3,1.4,1.2,2014-10-23,0429,Aqua,MODIS,39,6.2,304.2,22.4,D,0
-12.9565,143.1226,327.4,1.6,1.3,2014-10-23,0429,Aqua,MODIS,58,6.2,301.9,33.5,D,0
-16.547,142.4945,339.1,1.3,1.1,2014-10-23,0429,Aqua,MODIS,56,6.2,319,21.8,D,0
-13.9735,142.4555,372.5,1.4,1.2,2014-10-23,0429,Aqua,MODIS,100,6.2,314.8,174.9,D,0
-13.9902,142.4183,325.5,1.4,1.2,2014-10-23,0429,Aqua,MODIS,32,6.2,301.8,15.5,D,0
-13.8231,142.3112,334.8,1.4,1.2,2014-10-23,0429,Aqua,MODIS,58,6.2,310.1,25.5,D,0
-13.9923,142.4054,327.1,1.4,1.2,2014-10-23,0429,Aqua,MODIS,62,6.2,298.1,20,D,0
-15.2406,142.2116,339.4,1.3,1.1,2014-10-23,0429,Aqua,MODIS,68,6.2,320.9,22.7,D,0
-16.419,142.4529,343.9,1.3,1.1,2014-10-23,0429,Aqua,MODIS,62,6.2,317.8,33.8,D,0
-14.0509,142.4744,335.1,1.4,1.2,2014-10-23,0429,Aqua,MODIS,65,6.2,311.3,21.3,D,0
-13.9629,142.4536,327.8,1.4,1.2,2014-10-23,0429,Aqua,MODIS,47,6.2,309.5,9.8,D,0
-13.9861,142.4443,344.7,1.4,1.2,2014-10-23,0429,Aqua,MODIS,88,6.2,312.7,53.4,D,0
-14.0716,142.3452,366.4,1.4,1.2,2014-10-23,0429,Aqua,MODIS,100,6.2,311.9,145.5,D,0
-14.0466,142.3672,332.2,1.4,1.2,2014-10-23,0429,Aqua,MODIS,58,6.2,305.6,26.1,D,0
-15.0417,142.688,343.5,1.4,1.2,2014-10-23,0429,Aqua,MODIS,86,6.2,316.9,44.9,D,0
-16.4229,142.4287,335.9,1.3,1.1,2014-10-23,0429,Aqua,MODIS,58,6.2,316.7,15.7,D,0
-15.2505,142.2075,340.2,1.3,1.1,2014-10-23,0429,Aqua,MODIS,76,6.2,318.8,29.6,D,0
-13.9987,142.4331,392.2,1.4,1.2,2014-10-23,0429,Aqua,MODIS,100,6.2,313.8,317.1,D,0
-16.4311,142.4426,342.6,1.3,1.1,2014-10-23,0429,Aqua,MODIS,56,6.2,315.3,29.4,D,0
-14.055,142.4485,334.4,1.4,1.2,2014-10-23,0429,Aqua,MODIS,59,6.2,315.4,20,D,0
-14.0045,142.3282,341.9,1.4,1.2,2014-10-23,0429,Aqua,MODIS,88,6.2,308.3,50.3,D,0
-13.9756,142.4424,353.5,1.4,1.2,2014-10-23,0429,Aqua,MODIS,96,6.2,312,84.6,D,0
-13.9108,142.2663,363.5,1.4,1.2,2014-10-23,0429,Aqua,MODIS,100,6.2,312.1,124.2,D,0
-13.9966,142.4461,349.2,1.4,1.2,2014-10-23,0429,Aqua,MODIS,93,6.2,313,66,D,0
-14.0028,142.4072,329.9,1.4,1.2,2014-10-23,0429,Aqua,MODIS,43,6.2,304.6,22.8,D,0
-14.1419,142.2861,332.3,1.4,1.2,2014-10-23,0429,Aqua,MODIS,56,6.2,314.1,20.9,D,0
-16.433,142.4305,355.2,1.3,1.1,2014-10-23,0429,Aqua,MODIS,96,6.2,318.2,69.5,D,0
-15.1913,145.1788,322.2,2.1,1.4,2014-10-23,0429,Aqua,MODIS,26,6.2,297.4,37.7,D,0
-14.0319,142.3253,340.3,1.4,1.2,2014-10-23,0429,Aqua,MODIS,70,6.2,304.5,49.4,D,0
-14.0466,142.4336,374.9,1.4,1.2,2014-10-23,0429,Aqua,MODIS,100,6.2,317.7,187.4,D,0
-14.1523,142.2878,333.6,1.4,1.2,2014-10-23,0429,Aqua,MODIS,54,6.2,316.1,22.5,D,0
-14.0507,142.3417,332.9,1.4,1.2,2014-10-23,0429,Aqua,MODIS,48,6.2,305.1,27.3,D,0
-14.013,135.351,334.4,1.3,1.1,2014-10-23,0429,Aqua,MODIS,40,6.2,311.1,26.9,D,0
-14.3704,144.4453,339.6,1.9,1.4,2014-10-23,0429,Aqua,MODIS,85,6.2,302.4,78.5,D,0
-14.1698,136.6266,330.3,1.1,1,2014-10-23,0429,Aqua,MODIS,71,6.2,309.2,15.4,D,0
-14.3674,144.4632,365.5,1.9,1.4,2014-10-23,0429,Aqua,MODIS,100,6.2,305.5,237,D,0
-14.3796,144.4652,326.2,1.9,1.4,2014-10-23,0429,Aqua,MODIS,41,6.2,302.5,33,D,0
-14.0037,136.4975,325,1.1,1,2014-10-23,0429,Aqua,MODIS,43,6.2,305.3,10.8,D,0
-14.3918,144.4673,323,1.9,1.4,2014-10-23,0429,Aqua,MODIS,27,6.2,302.6,26,D,0
-14.0146,135.3394,335.5,1.3,1.1,2014-10-23,0429,Aqua,MODIS,62,6.2,307.1,28.7,D,0
-14.1632,136.6051,335.4,1.1,1,2014-10-23,0429,Aqua,MODIS,79,6.2,309.3,22.4,D,0
-17.5368,133.0643,332.4,2,1.4,2014-10-23,0429,Aqua,MODIS,39,6.2,314.3,30.5,D,0
-15.0229,135.18,334.8,1.3,1.1,2014-10-23,0429,Aqua,MODIS,56,6.2,314.1,24,D,0
-14.1618,136.6152,346.3,1.1,1,2014-10-23,0429,Aqua,MODIS,90,6.2,311.5,44.5,D,0
-14.0013,135.6801,330.9,1.2,1.1,2014-10-23,0429,Aqua,MODIS,56,6.2,310,12.1,D,0
-13.9998,135.6912,332,1.2,1.1,2014-10-23,0429,Aqua,MODIS,58,6.2,309.6,15.8,D,0
-14.1994,136.6205,341.9,1.1,1,2014-10-23,0429,Aqua,MODIS,87,6.2,309.5,36,D,0
-14.198,136.6306,324.5,1.1,1,2014-10-23,0429,Aqua,MODIS,28,6.2,308,8.4,D,0
-14.4282,135.2104,335.1,1.3,1.1,2014-10-23,0429,Aqua,MODIS,41,6.2,315.9,19.2,D,0
-15.9043,133.7954,343.6,1.7,1.3,2014-10-23,0429,Aqua,MODIS,87,6.2,315.5,57.8,D,0
-16.1532,134.2797,359.9,1.6,1.2,2014-10-23,0429,Aqua,MODIS,99,6.2,322.6,118.2,D,0
-14.3308,144.4566,337.3,1.9,1.4,2014-10-23,0429,Aqua,MODIS,82,6.2,303.2,76.1,D,0
-16.4584,141.5736,354.8,1.2,1.1,2014-10-23,0429,Aqua,MODIS,90,6.2,318.1,63.8,D,0
-16.4601,141.5628,332.4,1.2,1.1,2014-10-23,0429,Aqua,MODIS,43,6.2,315.8,12.3,D,0
-14.2985,142.5904,337.5,1.4,1.2,2014-10-23,0429,Aqua,MODIS,78,6.2,314.4,31.5,D,0
-14.9713,135.1914,333.3,1.3,1.1,2014-10-23,0429,Aqua,MODIS,55,6.2,312.1,23.8,D,0
-17.0007,139.0014,343.7,1,1,2014-10-23,0429,Aqua,MODIS,28,6.2,318,24,D,0
-16.9957,138.9719,361.7,1,1,2014-10-23,0429,Aqua,MODIS,100,6.2,317.4,66.7,D,0
-16.997,138.9626,343.6,1,1,2014-10-23,0429,Aqua,MODIS,87,6.2,315.7,27.2,D,0
-17.011,138.9934,342.4,1,1,2014-10-23,0429,Aqua,MODIS,54,6.2,313.6,23.7,D,0
-17.0137,138.9747,340.7,1,1,2014-10-23,0429,Aqua,MODIS,76,6.2,312.7,23,D,0
-17.015,138.9654,355.4,1,1,2014-10-23,0429,Aqua,MODIS,97,6.2,311.8,54.7,D,0
-17.0047,138.9733,351.7,1,1,2014-10-23,0429,Aqua,MODIS,92,6.2,317.2,41.8,D,0
-17.006,138.964,338.7,1,1,2014-10-23,0429,Aqua,MODIS,78,6.2,314.4,19.8,D,0
-16.4668,141.7096,335.6,1.2,1.1,2014-10-23,0429,Aqua,MODIS,67,6.2,319,15.3,D,0
-15.4966,133.8698,345.1,1.7,1.3,2014-10-23,0429,Aqua,MODIS,88,6.2,318.7,54.6,D,0
-15.3474,133.9684,368.4,1.6,1.3,2014-10-23,0429,Aqua,MODIS,100,6.2,321.1,168,D,0
-15.4738,133.9593,339.7,1.6,1.3,2014-10-23,0429,Aqua,MODIS,42,6.2,317.6,33.6,D,0
-15.4931,133.8918,343.1,1.6,1.3,2014-10-23,0429,Aqua,MODIS,79,6.2,317.4,46.6,D,0
-15.4946,133.8851,362.8,1.6,1.3,2014-10-23,0429,Aqua,MODIS,100,6.2,320.1,137.9,D,0
-15.7109,133.7906,344.4,1.7,1.3,2014-10-23,0429,Aqua,MODIS,82,6.2,319.8,55.5,D,0
-15.495,133.8764,352.4,1.7,1.3,2014-10-23,0429,Aqua,MODIS,95,6.2,320,87.9,D,0
-15.489,133.8373,336.5,1.7,1.3,2014-10-23,0429,Aqua,MODIS,71,6.2,313,32.4,D,0
-15.9025,133.8112,339.9,1.7,1.3,2014-10-23,0429,Aqua,MODIS,78,6.2,315.2,42.2,D,0
-14.4195,135.1969,338.4,1.3,1.1,2014-10-23,0429,Aqua,MODIS,63,6.2,314,26,D,0
-16.1513,134.2943,348.8,1.6,1.2,2014-10-23,0429,Aqua,MODIS,90,6.2,317.9,68.3,D,0
-16.4359,131.351,337.2,2.6,1.6,2014-10-23,0429,Aqua,MODIS,79,6.2,312.9,65.8,D,0
-16.482,131.3619,330.7,2.6,1.6,2014-10-23,0429,Aqua,MODIS,43,6.2,313.5,33.7,D,0
-14.7025,144.4397,331.5,1.9,1.3,2014-10-23,0429,Aqua,MODIS,50,6.2,306.2,42,D,0
-15.0269,142.7123,334.7,1.4,1.2,2014-10-23,0429,Aqua,MODIS,62,6.2,315.6,23.1,D,0
-15.9121,133.8286,372.9,1.7,1.3,2014-10-23,0429,Aqua,MODIS,100,6.2,319.3,218.3,D,0
-15.9102,133.8443,342.8,1.7,1.3,2014-10-23,0429,Aqua,MODIS,75,6.2,314.6,53.5,D,0
-15.0142,142.7236,343.8,1.4,1.2,2014-10-23,0429,Aqua,MODIS,76,6.2,315.5,45.3,D,0
-15.029,142.6992,336.7,1.4,1.2,2014-10-23,0429,Aqua,MODIS,43,6.2,315.9,25.9,D,0
-17.3107,132.8827,334.6,2.1,1.4,2014-10-23,0429,Aqua,MODIS,40,6.2,317.5,25.3,D,0
-15.914,133.8128,341.4,1.7,1.3,2014-10-23,0429,Aqua,MODIS,77,6.2,317.9,44.9,D,0
-15.652,133.6136,350.6,1.7,1.3,2014-10-23,0429,Aqua,MODIS,93,6.2,313.9,96.7,D,0
-15.7824,133.5882,344,1.8,1.3,2014-10-23,0429,Aqua,MODIS,88,6.2,317,70.3,D,0
-15.6617,133.6312,338.5,1.7,1.3,2014-10-23,0429,Aqua,MODIS,63,6.2,316.5,40.6,D,0
-14.343,144.4588,346.2,1.9,1.4,2014-10-23,0429,Aqua,MODIS,91,6.2,305.2,118.4,D,0
-14.9744,145.055,334.1,2.1,1.4,2014-10-23,0429,Aqua,MODIS,78,6.2,300.3,74.1,D,0
-16.8226,130.7282,339.1,3,1.6,2014-10-23,0429,Aqua,MODIS,83,6.2,307.7,117.9,D,0
-15.709,133.8063,341.1,1.7,1.3,2014-10-23,0429,Aqua,MODIS,71,6.2,316.6,46.3,D,0
-15.9216,133.8459,342.2,1.7,1.3,2014-10-23,0429,Aqua,MODIS,56,6.2,316,47.1,D,0
-15.6404,133.6121,336.3,1.7,1.3,2014-10-23,0429,Aqua,MODIS,57,6.2,310.3,40.2,D,0
-13.6165,141.6652,373.9,1.3,1.1,2014-10-23,0429,Aqua,MODIS,100,6.2,298.3,168.5,D,0
-16.4557,141.5664,338.2,1.2,1.1,2014-10-23,0429,Aqua,MODIS,73,6.2,316.2,25.2,D,0
-15.9427,133.8646,337.1,1.7,1.3,2014-10-23,0429,Aqua,MODIS,43,6.2,317.6,29.9,D,0
-16.0297,133.7032,351.2,1.7,1.3,2014-10-23,0429,Aqua,MODIS,94,6.2,313.3,98.3,D,0
-16.0413,133.7047,331.7,1.7,1.3,2014-10-23,0429,Aqua,MODIS,68,6.2,312.5,24.3,D,0
-14.982,142.7519,333.7,1.4,1.2,2014-10-23,0429,Aqua,MODIS,58,6.2,312.7,18.7,D,0
-14.9693,142.7633,335.2,1.4,1.2,2014-10-23,0429,Aqua,MODIS,67,6.2,313.7,22.3,D,0
-14.9759,142.7575,338.8,1.4,1.2,2014-10-23,0429,Aqua,MODIS,81,6.2,312.8,33,D,0
-16.142,134.2782,389,1.6,1.2,2014-10-23,0429,Aqua,MODIS,100,6.2,320.9,329.2,D,0
-16.1438,134.2635,340.3,1.6,1.2,2014-10-23,0429,Aqua,MODIS,83,6.2,319.7,33.2,D,0
-16.0756,134.2642,344.7,1.6,1.2,2014-10-23,0429,Aqua,MODIS,88,6.2,319.4,50.9,D,0
-16.0738,134.2788,357.7,1.6,1.2,2014-10-23,0429,Aqua,MODIS,98,6.2,318.9,108.2,D,0
-16.0719,134.2934,351.1,1.6,1.2,2014-10-23,0429,Aqua,MODIS,93,6.2,317.2,79.2,D,0
-16.0831,134.2949,336.9,1.6,1.2,2014-10-23,0429,Aqua,MODIS,73,6.2,317.8,29.1,D,0
-16.454,141.5773,342.1,1.2,1.1,2014-10-23,0429,Aqua,MODIS,73,6.2,313.8,32.4,D,0
-16.2863,134.2187,340.2,1.6,1.2,2014-10-23,0429,Aqua,MODIS,16,6.2,316.2,42.4,D,0
-16.1067,134.2886,337.7,1.6,1.2,2014-10-23,0429,Aqua,MODIS,59,6.2,317.6,28.3,D,0
-15.3493,133.9534,343.9,1.6,1.3,2014-10-23,0429,Aqua,MODIS,62,6.2,319.5,42.7,D,0
-13.6046,141.6753,357.1,1.3,1.1,2014-10-23,0429,Aqua,MODIS,98,6.2,302,97.4,D,0
-13.6147,141.677,360.9,1.3,1.1,2014-10-23,0429,Aqua,MODIS,100,6.2,303.8,110.4,D,0
-15.3681,133.9865,337.5,1.6,1.3,2014-10-23,0429,Aqua,MODIS,58,6.2,318.9,28.1,D,0
-15.3568,133.985,344.7,1.6,1.3,2014-10-23,0429,Aqua,MODIS,71,6.2,317.1,50.2,D,0
-15.3663,134.0012,335.9,1.6,1.2,2014-10-23,0429,Aqua,MODIS,47,6.2,316.3,25.6,D,0
-16.6827,142.0878,342,1.2,1.1,2014-10-23,0429,Aqua,MODIS,62,6.2,320.2,29.2,D,0
-15.3509,133.8454,334.8,1.7,1.3,2014-10-23,0429,Aqua,MODIS,69,6.2,314.3,34,D,0
-14.3155,142.5528,343.3,1.4,1.2,2014-10-23,0429,Aqua,MODIS,87,6.2,310.5,51.6,D,0
-15.3285,133.9352,337.5,1.6,1.3,2014-10-23,0429,Aqua,MODIS,41,6.2,310.7,34,D,0
-15.3304,133.9199,348.1,1.6,1.3,2014-10-23,0429,Aqua,MODIS,91,6.2,312.6,77,D,0
-15.338,133.9518,366.8,1.6,1.3,2014-10-23,0429,Aqua,MODIS,100,6.2,315.7,164.4,D,0
-16.6728,142.0861,360.1,1.2,1.1,2014-10-23,0429,Aqua,MODIS,100,6.2,321,81.3,D,0
-14.6054,135.4164,344.3,1.3,1.1,2014-10-23,0429,Aqua,MODIS,87,6.2,312.1,47,D,0
-16.6746,142.0746,372.7,1.2,1.1,2014-10-23,0429,Aqua,MODIS,100,6.2,318.7,136.9,D,0
-14.97,135.1853,330.8,1.3,1.1,2014-10-23,0429,Aqua,MODIS,42,6.2,312,14.3,D,0
-15.506,133.8866,347,1.6,1.3,2014-10-23,0429,Aqua,MODIS,90,6.2,316.5,61.2,D,0
-15.5045,133.8932,349.2,1.6,1.3,2014-10-23,0429,Aqua,MODIS,92,6.2,316.7,75,D,0
-16.6845,142.0764,344.7,1.2,1.1,2014-10-23,0429,Aqua,MODIS,86,6.2,321.7,38.1,D,0
-16.6709,142.0976,351.8,1.2,1.1,2014-10-23,0429,Aqua,MODIS,93,6.2,319.9,52.8,D,0
-13.4691,141.6283,340.4,1.3,1.1,2014-10-23,0429,Aqua,MODIS,87,6.2,308.2,39.9,D,0
-15.0015,142.7348,338.8,1.4,1.2,2014-10-23,0429,Aqua,MODIS,63,6.2,315.9,32.1,D,0
-13.4673,141.64,343,1.3,1.1,2014-10-23,0429,Aqua,MODIS,89,6.2,306.9,47.1,D,0
-15.8014,133.7913,338.5,1.7,1.3,2014-10-23,0429,Aqua,MODIS,58,6.2,318.7,35.9,D,0
-14.6039,135.4281,333.8,1.3,1.1,2014-10-23,0429,Aqua,MODIS,71,6.2,313.4,21.2,D,0
-15.9408,133.88,346.3,1.7,1.3,2014-10-23,0429,Aqua,MODIS,90,6.2,316.5,68.1,D,0
-14.6104,144.5787,324.3,2,1.4,2014-10-23,0429,Aqua,MODIS,44,6.2,298.1,32.9,D,0
-14.6155,135.4178,336.1,1.3,1.1,2014-10-23,0429,Aqua,MODIS,76,6.2,310.4,28,D,0
-14.614,135.4295,330.4,1.3,1.1,2014-10-23,0429,Aqua,MODIS,58,6.2,310.2,15.7,D,0
-14.6024,135.4398,335.8,1.3,1.1,2014-10-23,0429,Aqua,MODIS,75,6.2,312.6,25.1,D,0
-14.3269,144.449,339.7,1.9,1.4,2014-10-23,0429,Aqua,MODIS,85,6.2,303.3,87.6,D,0
-14.3391,144.4513,331.1,1.9,1.4,2014-10-23,0429,Aqua,MODIS,48,6.2,305,50.2,D,0
-15.3435,133.9064,344.6,1.6,1.3,2014-10-23,0429,Aqua,MODIS,71,6.2,313.6,60.1,D,0
-14.6737,144.4275,327.4,1.9,1.3,2014-10-23,0429,Aqua,MODIS,35,6.2,303.3,34,D,0
-14.607,135.4046,333.5,1.3,1.1,2014-10-23,0429,Aqua,MODIS,68,6.2,309.4,22.4,D,0
-14.9993,142.748,332.2,1.4,1.2,2014-10-23,0429,Aqua,MODIS,34,6.2,313.5,16.9,D,0
-14.3299,144.4312,324.7,1.9,1.4,2014-10-23,0429,Aqua,MODIS,39,6.2,303,31.8,D,0
-14.9684,135.1975,333.3,1.3,1.1,2014-10-23,0429,Aqua,MODIS,55,6.2,310.3,22,D,0
-16.4833,141.6673,337.4,1.2,1.1,2014-10-23,0429,Aqua,MODIS,75,6.2,319.7,16.9,D,0
-14.5923,135.4384,335.6,1.3,1.1,2014-10-23,0429,Aqua,MODIS,75,6.2,313.4,24.5,D,0
-15.012,142.7367,335.5,1.4,1.2,2014-10-23,0429,Aqua,MODIS,31,6.2,314.4,24,D,0
-14.3339,144.4389,337.3,1.9,1.4,2014-10-23,0429,Aqua,MODIS,82,6.2,304,74.7,D,0
-15.6808,133.7635,333.5,1.7,1.3,2014-10-23,0429,Aqua,MODIS,43,6.2,316.1,18.3,D,0
-14.5939,135.4267,353.9,1.3,1.1,2014-10-23,0429,Aqua,MODIS,95,6.2,313.9,73.8,D,0
-14.5737,135.424,336.5,1.3,1.1,2014-10-23,0429,Aqua,MODIS,65,6.2,312.2,26.1,D,0
-14.5731,135.4293,328.7,1.3,1.1,2014-10-23,0429,Aqua,MODIS,43,6.2,310.3,13.4,D,0
-14.3134,142.5659,368.5,1.4,1.2,2014-10-23,0429,Aqua,MODIS,100,6.2,315.7,155.7,D,0
-14.3362,144.469,329,2,1.4,2014-10-23,0429,Aqua,MODIS,34,6.2,302.4,44.5,D,0
-14.5646,135.4163,329.8,1.3,1.1,2014-10-23,0429,Aqua,MODIS,41,6.2,309.8,14.9,D,0
-14.5662,135.4046,337.3,1.3,1.1,2014-10-23,0429,Aqua,MODIS,78,6.2,311.7,29.8,D,0
-15.3417,133.9214,342.7,1.6,1.3,2014-10-23,0429,Aqua,MODIS,53,6.2,317.1,51.3,D,0
-15.3623,133.847,343.6,1.7,1.3,2014-10-23,0429,Aqua,MODIS,87,6.2,318.8,60.8,D,0
-14.9787,135.1989,333.8,1.3,1.1,2014-10-23,0429,Aqua,MODIS,46,6.2,312.4,21.4,D,0
-15.3398,133.9367,389.5,1.6,1.3,2014-10-23,0429,Aqua,MODIS,100,6.2,318.3,348.6,D,0
-15.5064,133.8779,357.9,1.7,1.3,2014-10-23,0429,Aqua,MODIS,98,6.2,317.4,118.6,D,0
-14.989,135.2004,334.9,1.3,1.1,2014-10-23,0429,Aqua,MODIS,58,6.2,312.6,24.9,D,0
-14.3113,142.579,347.5,1.4,1.2,2014-10-23,0429,Aqua,MODIS,91,6.2,313,62.6,D,0
-17.0025,130.2892,327.2,3.2,1.7,2014-10-23,0429,Aqua,MODIS,40,6.2,310.6,39.1,D,0
-18.1438,130.3266,332.8,3.3,1.7,2014-10-23,0429,Aqua,MODIS,54,6.2,314.5,63.6,D,0
-17.0056,130.2588,328,3.3,1.7,2014-10-23,0429,Aqua,MODIS,53,6.2,311.6,41.9,D,0
-14.2508,131.2216,349.2,2.5,1.5,2014-10-23,0430,Aqua,MODIS,92,6.2,307.4,159.3,D,0
-13.6596,130.4005,327.7,2.9,1.6,2014-10-23,0430,Aqua,MODIS,58,6.2,295,73.7,D,0
-14.2952,131.321,333.1,2.5,1.5,2014-10-23,0430,Aqua,MODIS,54,6.2,310.6,57.7,D,0
-11.7276,130.3487,335.8,2.7,1.6,2014-10-23,0430,Aqua,MODIS,82,6.2,307.3,108.5,D,0
-13.6586,130.3954,324.4,2.9,1.6,2014-10-23,0430,Aqua,MODIS,22,6.2,293.3,55.7,D,0
-11.7318,130.3559,328.7,2.7,1.6,2014-10-23,0430,Aqua,MODIS,82,6.2,308.2,65.7,D,0
-12.3502,132.7151,342.6,1.8,1.3,2014-10-23,0430,Aqua,MODIS,87,6.2,317.6,66.9,D,0
-11.7176,130.3539,323.8,2.7,1.6,2014-10-23,0430,Aqua,MODIS,77,6.2,306.1,42.8,D,0
-14.3362,131.3258,348.2,2.5,1.5,2014-10-23,0430,Aqua,MODIS,91,6.2,310.9,149.7,D,0
-12.9992,132.8236,331.9,1.8,1.3,2014-10-23,0430,Aqua,MODIS,63,6.2,315.6,22.4,D,0
-14.2568,131.2928,340,2.5,1.5,2014-10-23,0430,Aqua,MODIS,74,6.2,307.3,92.8,D,0
-14.3335,131.3485,335.2,2.5,1.5,2014-10-23,0430,Aqua,MODIS,72,6.2,308.6,67.3,D,0
-12.3438,132.7074,353.8,1.8,1.3,2014-10-23,0430,Aqua,MODIS,96,6.2,316.5,125,D,0
-12.3417,132.724,345.7,1.8,1.3,2014-10-23,0430,Aqua,MODIS,90,6.2,314.7,83,D,0
-12.3494,136.8498,322.6,1,1,2014-10-23,0430,Aqua,MODIS,56,6.2,301.8,9.5,D,0
-12.3507,136.8403,355,1,1,2014-10-23,0430,Aqua,MODIS,97,6.2,305,65.1,D,0
-12.352,136.8307,352.6,1,1,2014-10-23,0430,Aqua,MODIS,96,6.2,306.2,59.2,D,0
-12.3138,132.7538,331.2,1.8,1.3,2014-10-23,0430,Aqua,MODIS,60,6.2,311.4,27.6,D,0
-13.6729,132.533,332.9,2,1.4,2014-10-23,0430,Aqua,MODIS,31,6.2,313.1,37.7,D,0
-13.6852,132.5345,349.1,2,1.4,2014-10-23,0430,Aqua,MODIS,91,6.2,316.6,106.9,D,0
-13.6975,132.536,333.4,2,1.4,2014-10-23,0430,Aqua,MODIS,33,6.2,317.4,33.2,D,0
-14.2449,131.2162,351,2.5,1.5,2014-10-23,0430,Aqua,MODIS,94,6.2,303.8,182,D,0
-11.2034,132.3461,327.1,1.9,1.3,2014-10-23,0430,Aqua,MODIS,25,6.2,308.4,20,D,0
-14.3472,131.35,332.4,2.5,1.5,2014-10-23,0430,Aqua,MODIS,51,6.2,312,49.7,D,0
-14.2586,131.2179,334.4,2.5,1.5,2014-10-23,0430,Aqua,MODIS,31,6.2,308.9,59.2,D,0
-14.2533,131.1984,353.9,2.5,1.5,2014-10-23,0430,Aqua,MODIS,96,6.2,305,202.2,D,0
-14.3608,131.3517,336.4,2.5,1.5,2014-10-23,0430,Aqua,MODIS,67,6.2,314.5,64.7,D,0
-14.3436,131.3336,342.1,2.5,1.5,2014-10-23,0430,Aqua,MODIS,85,6.2,312.1,98.6,D,0
-13.8815,135.5027,347.6,1.2,1.1,2014-10-23,0430,Aqua,MODIS,91,6.2,310.3,49.4,D,0
-13.8686,135.5238,341.6,1.2,1.1,2014-10-23,0430,Aqua,MODIS,83,6.2,312,35.2,D,0
-13.8701,135.5125,341.1,1.2,1.1,2014-10-23,0430,Aqua,MODIS,84,6.2,314.3,33.2,D,0
-14.3547,131.3579,335.6,2.5,1.5,2014-10-23,0430,Aqua,MODIS,63,6.2,312.9,63.4,D,0
-14.2365,131.1679,354.9,2.5,1.5,2014-10-23,0430,Aqua,MODIS,96,6.2,304.1,230.7,D,0
-14.2503,131.1697,342.1,2.5,1.5,2014-10-23,0430,Aqua,MODIS,84,6.2,301.7,118.9,D,0
-12.3553,136.5361,327.4,1.1,1,2014-10-23,0430,Aqua,MODIS,42,6.2,301.9,12.5,D,0
-12.3566,136.5263,326.6,1.1,1,2014-10-23,0430,Aqua,MODIS,49,6.2,302.9,10.9,D,0
-13.7041,132.4812,337.5,2,1.4,2014-10-23,0430,Aqua,MODIS,69,6.2,314,47,D,0
-13.7063,132.4627,346.6,2,1.4,2014-10-23,0430,Aqua,MODIS,90,6.2,314.8,91.1,D,0
-14.253,131.1462,341.8,2.5,1.5,2014-10-23,0430,Aqua,MODIS,86,6.2,302.1,120.6,D,0
-13.1347,133.0495,337.8,1.8,1.3,2014-10-23,0430,Aqua,MODIS,55,6.2,314.2,48,D,0
-14.3299,131.3321,339.4,2.5,1.5,2014-10-23,0430,Aqua,MODIS,77,6.2,308.1,87.8,D,0
-13.1299,133.0539,332.8,1.8,1.3,2014-10-23,0430,Aqua,MODIS,30,6.2,313.5,32.8,D,0
-12.3121,142.832,320.6,1.6,1.2,2014-10-23,0430,Aqua,MODIS,40,6.2,296.8,17.8,D,0
-13.6178,132.3321,343.7,2,1.4,2014-10-23,0430,Aqua,MODIS,87,6.2,311.4,90.8,D,0
-14.4253,131.2272,351,2.5,1.5,2014-10-23,0430,Aqua,MODIS,94,6.2,308.8,193,D,0
-12.3658,136.8586,343.9,1,1,2014-10-23,0430,Aqua,MODIS,90,6.2,302.6,40,D,0
-13.1443,133.0675,336.8,1.8,1.3,2014-10-23,0430,Aqua,MODIS,58,6.2,314.4,44.5,D,0
-13.1415,133.0559,343.6,1.8,1.3,2014-10-23,0430,Aqua,MODIS,81,6.2,314.9,71.4,D,0
-13.694,132.4612,370.5,2,1.4,2014-10-23,0430,Aqua,MODIS,100,6.2,315,267.5,D,0
-14.4061,131.2725,335.6,2.5,1.5,2014-10-23,0430,Aqua,MODIS,62,6.2,310.6,73.3,D,0
-14.4088,131.249,338.6,2.5,1.5,2014-10-23,0430,Aqua,MODIS,82,6.2,307.8,96.4,D,0
-14.3442,131.1384,328.2,2.6,1.5,2014-10-23,0430,Aqua,MODIS,51,6.2,298.4,56.2,D,0
-12.9894,132.8053,348.2,1.8,1.3,2014-10-23,0430,Aqua,MODIS,92,6.2,315.7,85.8,D,0
-13.7176,132.5753,348.4,1.9,1.4,2014-10-23,0430,Aqua,MODIS,92,6.2,316.4,101.7,D,0
-12.9874,132.8221,351.3,1.8,1.3,2014-10-23,0430,Aqua,MODIS,94,6.2,313.8,102,D,0
-13.0013,132.8068,332.3,1.8,1.3,2014-10-23,0430,Aqua,MODIS,66,6.2,315.6,21.5,D,0
-14.3581,131.1402,353.5,2.6,1.5,2014-10-23,0430,Aqua,MODIS,95,6.2,304,228.3,D,0
-14.3503,131.1461,348,2.6,1.5,2014-10-23,0430,Aqua,MODIS,91,6.2,302.7,177.5,D,0
-14.2584,131.1517,334.7,2.5,1.5,2014-10-23,0430,Aqua,MODIS,67,6.2,305,69.4,D,0
-12.9938,132.8175,359.4,1.8,1.3,2014-10-23,0430,Aqua,MODIS,99,6.2,316.3,148.9,D,0
-14.2368,131.2854,351.3,2.5,1.5,2014-10-23,0430,Aqua,MODIS,94,6.2,308.4,186.2,D,0
-14.2504,131.2871,373.1,2.5,1.5,2014-10-23,0430,Aqua,MODIS,100,6.2,311.7,412.6,D,0
-14.3727,131.1977,328.7,2.5,1.5,2014-10-23,0430,Aqua,MODIS,38,6.2,301.5,50,D,0
-13.6787,132.4526,350.7,2,1.4,2014-10-23,0430,Aqua,MODIS,93,6.2,310.5,127.5,D,0
-13.6838,132.4413,345.3,2,1.4,2014-10-23,0430,Aqua,MODIS,83,6.2,312.9,90.3,D,0
-13.6816,132.4599,349.2,2,1.4,2014-10-23,0430,Aqua,MODIS,91,6.2,310.2,113.6,D,0
-13.7164,132.4828,341,2,1.4,2014-10-23,0430,Aqua,MODIS,85,6.2,316.4,59.2,D,0
-14.431,131.2327,350.4,2.5,1.5,2014-10-23,0430,Aqua,MODIS,71,6.2,309.9,183.5,D,0
-14.4198,131.2744,332.4,2.5,1.5,2014-10-23,0430,Aqua,MODIS,63,6.2,310.4,55.2,D,0
-13.0528,133.1364,334,1.7,1.3,2014-10-23,0430,Aqua,MODIS,75,6.2,311.1,38.1,D,0
-13.6895,132.4981,340.8,2,1.4,2014-10-23,0430,Aqua,MODIS,30,6.2,313.2,64.7,D,0
-13.675,132.5149,334.6,2,1.4,2014-10-23,0430,Aqua,MODIS,46,6.2,311.3,45.5,D,0
-12.3593,136.5068,331.7,1.1,1,2014-10-23,0430,Aqua,MODIS,77,6.2,305.6,18,D,0
-13.0212,133.1262,334.5,1.7,1.3,2014-10-23,0430,Aqua,MODIS,77,6.2,313.3,40.7,D,0
-13.6303,132.3331,336.2,2,1.4,2014-10-23,0430,Aqua,MODIS,78,6.2,314,51.8,D,0
-14.2431,131.291,383,2.5,1.5,2014-10-23,0430,Aqua,MODIS,100,6.2,310.2,561.6,D,0
-13.7187,132.4644,343.1,2,1.4,2014-10-23,0430,Aqua,MODIS,87,6.2,317.4,71.1,D,0
-12.97,132.8144,335.7,1.8,1.3,2014-10-23,0430,Aqua,MODIS,67,6.2,314.4,34.5,D,0
-13.0116,133.109,331.7,1.7,1.3,2014-10-23,0430,Aqua,MODIS,71,6.2,312.5,31.8,D,0
-12.9787,133.0887,332.9,1.7,1.3,2014-10-23,0430,Aqua,MODIS,74,6.2,312.7,35.4,D,0
-14.4225,131.2505,345.9,2.5,1.5,2014-10-23,0430,Aqua,MODIS,89,6.2,310.1,145.4,D,0
-14.2476,131.193,347.9,2.5,1.5,2014-10-23,0430,Aqua,MODIS,91,6.2,300.9,160.1,D,0
-14.2611,131.1279,327.1,2.6,1.5,2014-10-23,0430,Aqua,MODIS,28,6.2,299.9,36,D,0
-12.4808,134.221,340,1.4,1.2,2014-10-23,0430,Aqua,MODIS,84,6.2,317.4,33.7,D,0
-12.5627,136.0797,353.4,1.1,1.1,2014-10-23,0430,Aqua,MODIS,72,6.2,300.7,73.1,D,0
-12.4103,142.8705,327.7,1.6,1.2,2014-10-23,0430,Aqua,MODIS,46,6.2,298.5,31,D,0
-12.6205,142.0668,332.6,1.4,1.2,2014-10-23,0430,Aqua,MODIS,50,6.2,307.3,31.4,D,0
-12.5999,134.0964,327.9,1.5,1.2,2014-10-23,0430,Aqua,MODIS,45,6.2,312.2,11.6,D,0
-12.5641,142.6948,324.4,1.6,1.2,2014-10-23,0430,Aqua,MODIS,23,6.2,303.2,15.5,D,0
-12.8068,132.9053,351,1.8,1.3,2014-10-23,0430,Aqua,MODIS,94,6.2,314.6,109.7,D,0
-12.6796,136.0402,336.3,1.1,1.1,2014-10-23,0430,Aqua,MODIS,64,6.2,314.3,20.3,D,0
-12.6933,136.0107,338.1,1.1,1.1,2014-10-23,0430,Aqua,MODIS,78,6.2,313.3,26.2,D,0
-12.6493,136.0816,331.1,1.1,1.1,2014-10-23,0430,Aqua,MODIS,47,6.2,311.8,11.1,D,0
-12.4582,136.5972,327.9,1.1,1,2014-10-23,0430,Aqua,MODIS,66,6.2,306.6,12,D,0
-12.7591,143.0619,326.5,1.6,1.3,2014-10-23,0430,Aqua,MODIS,62,6.2,301.4,32.6,D,0
-12.6479,136.0918,339.7,1.1,1.1,2014-10-23,0430,Aqua,MODIS,85,6.2,311.1,27.4,D,0
-12.637,136.1006,337.5,1.1,1.1,2014-10-23,0430,Aqua,MODIS,74,6.2,310,23.5,D,0
-12.7814,142.2802,334.3,1.4,1.2,2014-10-23,0430,Aqua,MODIS,47,6.2,307.8,30.9,D,0
-12.6384,136.0904,333.1,1.1,1.1,2014-10-23,0430,Aqua,MODIS,37,6.2,312.3,15.6,D,0
-12.4792,134.2338,338.8,1.4,1.2,2014-10-23,0430,Aqua,MODIS,82,6.2,315.4,30,D,0
-12.6919,136.021,334.3,1.1,1.1,2014-10-23,0430,Aqua,MODIS,29,6.2,313.5,17.5,D,0
-12.4503,136.5861,333.3,1.1,1,2014-10-23,0430,Aqua,MODIS,79,6.2,304.2,20.4,D,0
-12.6262,136.1094,336.2,1.1,1.1,2014-10-23,0430,Aqua,MODIS,74,6.2,309.7,22,D,0
-12.6905,136.0313,334.3,1.1,1.1,2014-10-23,0430,Aqua,MODIS,39,6.2,312.5,17.7,D,0
-12.6646,136.0799,333.3,1.1,1.1,2014-10-23,0430,Aqua,MODIS,37,6.2,312.1,15.9,D,0
-12.4489,136.5959,341.1,1.1,1,2014-10-23,0430,Aqua,MODIS,87,6.2,306.6,32.8,D,0
-12.72,132.3233,330.9,2,1.4,2014-10-23,0430,Aqua,MODIS,52,6.2,312.2,25.8,D,0
-12.6276,136.0993,345.1,1.1,1.1,2014-10-23,0430,Aqua,MODIS,90,6.2,312.7,38.1,D,0
-12.9581,132.8129,332.9,1.8,1.3,2014-10-23,0430,Aqua,MODIS,54,6.2,314.4,27.6,D,0
-12.2076,141.7733,330.8,1.4,1.2,2014-10-23,0430,Aqua,MODIS,66,6.2,300.4,28.9,D,0
-11.5164,142.4938,332.3,1.6,1.2,2014-10-23,0430,Aqua,MODIS,66,6.2,300.9,39,D,0
-13.3402,134.3179,349.1,1.4,1.2,2014-10-23,0430,Aqua,MODIS,88,6.2,311.7,64.4,D,0
-13.3107,134.0906,337.2,1.5,1.2,2014-10-23,0430,Aqua,MODIS,79,6.2,315.8,30.2,D,0
-13.382,135.8063,340.8,1.2,1.1,2014-10-23,0430,Aqua,MODIS,81,6.2,312.5,32.6,D,0
-12.9501,135.0719,342.6,1.3,1.1,2014-10-23,0430,Aqua,MODIS,86,6.2,311.7,40.3,D,0
-13.3834,135.7955,333.2,1.2,1.1,2014-10-23,0430,Aqua,MODIS,53,6.2,313.8,16.6,D,0
-12.3593,133.656,364.8,1.5,1.2,2014-10-23,0430,Aqua,MODIS,100,6.2,317.8,154.3,D,0
-13.3267,135.7601,333.4,1.2,1.1,2014-10-23,0430,Aqua,MODIS,72,6.2,311.9,17.1,D,0
-13.3184,135.748,333.3,1.2,1.1,2014-10-23,0430,Aqua,MODIS,72,6.2,311.9,16.1,D,0
-12.9339,136.4042,346.6,1.1,1,2014-10-23,0430,Aqua,MODIS,90,6.2,306.9,47.7,D,0
-12.9326,136.4142,331.7,1.1,1,2014-10-23,0430,Aqua,MODIS,72,6.2,303.6,19.5,D,0
-12.4528,136.636,348.2,1.1,1,2014-10-23,0430,Aqua,MODIS,93,6.2,307.3,47.8,D,0
-12.3337,133.6815,336.6,1.5,1.2,2014-10-23,0430,Aqua,MODIS,74,6.2,313.1,38.8,D,0
-12.3557,133.6843,340.7,1.5,1.2,2014-10-23,0430,Aqua,MODIS,64,6.2,317.8,41.1,D,0
-12.3539,133.6983,341.5,1.5,1.2,2014-10-23,0430,Aqua,MODIS,78,6.2,318.3,44.3,D,0
-11.5362,142.5116,330,1.6,1.2,2014-10-23,0430,Aqua,MODIS,71,6.2,301.1,35.9,D,0
-12.9602,132.7961,352.6,1.8,1.3,2014-10-23,0430,Aqua,MODIS,95,6.2,314.3,113.9,D,0
-12.3599,136.8416,335.5,1,1,2014-10-23,0430,Aqua,MODIS,62,6.2,307.3,25.2,D,0
-12.3703,133.6577,343.9,1.5,1.2,2014-10-23,0430,Aqua,MODIS,85,6.2,316.1,58.8,D,0
-11.0367,142.4655,328.6,1.6,1.2,2014-10-23,0430,Aqua,MODIS,67,6.2,299,31.1,D,0
-12.7126,132.4846,330.5,1.9,1.3,2014-10-23,0430,Aqua,MODIS,62,6.2,312.4,27.2,D,0
-12.7104,132.502,331.6,1.9,1.3,2014-10-23,0430,Aqua,MODIS,71,6.2,316.9,31.2,D,0
-12.2917,135.58,330,1.2,1.1,2014-10-23,0430,Aqua,MODIS,58,6.2,310.2,11.6,D,0
-12.3575,133.6703,351.5,1.5,1.2,2014-10-23,0430,Aqua,MODIS,93,6.2,318.4,83.3,D,0
-12.9618,135.0616,360.3,1.3,1.1,2014-10-23,0430,Aqua,MODIS,100,6.2,318.1,96.3,D,0
-11.0501,142.4528,332.9,1.6,1.2,2014-10-23,0430,Aqua,MODIS,82,6.2,301.5,41.8,D,0
-13.4246,135.8081,331.5,1.2,1.1,2014-10-23,0430,Aqua,MODIS,26,6.2,310.2,14.8,D,0
-12.3585,136.8511,350,1,1,2014-10-23,0430,Aqua,MODIS,71,6.2,302.1,53.5,D,0
-12.9533,135.0485,424.1,1.3,1.1,2014-10-23,0430,Aqua,MODIS,100,6.2,324.1,587.5,D,0
-13.3492,134.3329,343.7,1.4,1.2,2014-10-23,0430,Aqua,MODIS,68,6.2,315.2,40.6,D,0
-12.3465,133.6688,368.5,1.5,1.2,2014-10-23,0430,Aqua,MODIS,100,6.2,315.9,173.2,D,0
-12.3429,133.6968,351.2,1.5,1.2,2014-10-23,0430,Aqua,MODIS,94,6.2,314.7,80.9,D,0
-12.3447,133.6829,371.7,1.5,1.2,2014-10-23,0430,Aqua,MODIS,100,6.2,319.5,190.2,D,0
-13.3649,134.0978,341.2,1.5,1.2,2014-10-23,0430,Aqua,MODIS,84,6.2,314.2,43,D,0
-12.362,136.4872,330.6,1.1,1,2014-10-23,0430,Aqua,MODIS,77,6.2,305.7,18.5,D,0
-12.4541,136.6263,344.9,1.1,1,2014-10-23,0430,Aqua,MODIS,90,6.2,308.4,39.5,D,0
-12.9517,135.0602,375.4,1.3,1.1,2014-10-23,0430,Aqua,MODIS,100,6.2,317.9,164.3,D,0
-12.4422,136.6444,335.4,1.1,1,2014-10-23,0430,Aqua,MODIS,67,6.2,304.9,23.5,D,0
-12.4568,136.6069,352,1.1,1,2014-10-23,0430,Aqua,MODIS,95,6.2,309.8,55.7,D,0
-12.4555,136.6166,344.1,1.1,1,2014-10-23,0430,Aqua,MODIS,90,6.2,309.1,37.9,D,0
-12.7257,136.0572,338.7,1.1,1.1,2014-10-23,0430,Aqua,MODIS,71,6.2,313.7,23,D,0
-12.7271,136.047,347.3,1.1,1.1,2014-10-23,0430,Aqua,MODIS,91,6.2,312.5,41.1,D,0
-11.5153,142.4869,333.8,1.6,1.2,2014-10-23,0430,Aqua,MODIS,78,6.2,302.2,43.4,D,0
-12.7243,136.0675,363.5,1.1,1.1,2014-10-23,0430,Aqua,MODIS,100,6.2,315.1,88.3,D,0
-12.7366,136.0483,332.7,1.1,1.1,2014-10-23,0430,Aqua,MODIS,41,6.2,312.9,13,D,0
-11.5065,142.4709,355.4,1.6,1.2,2014-10-23,0430,Aqua,MODIS,98,6.2,301.4,121.1,D,0
-12.8986,136.1357,368.2,1.1,1.1,2014-10-23,0430,Aqua,MODIS,100,6.2,310.3,106.5,D,0
-13.3475,134.3461,356,1.4,1.2,2014-10-23,0430,Aqua,MODIS,97,6.2,317.8,86.9,D,0
-12.8975,136.0728,333.5,1.1,1.1,2014-10-23,0430,Aqua,MODIS,62,6.2,308.9,16.8,D,0
-12.9225,135.4274,337,1.2,1.1,2014-10-23,0430,Aqua,MODIS,53,6.2,314.8,20.1,D,0
-11.5914,142.5213,319.7,1.6,1.2,2014-10-23,0430,Aqua,MODIS,36,6.2,300,13.6,D,0
-13.0536,135.8121,330.2,1.2,1.1,2014-10-23,0430,Aqua,MODIS,67,6.2,309.2,16.9,D,0
-12.7178,132.3412,338.8,2,1.4,2014-10-23,0430,Aqua,MODIS,82,6.2,313.3,56.3,D,0
-12.4699,131.8108,331.8,2.1,1.4,2014-10-23,0430,Aqua,MODIS,65,6.2,304.5,46.9,D,0
-12.8452,136.3859,330.9,1.1,1,2014-10-23,0430,Aqua,MODIS,70,6.2,309.1,13.6,D,0
-12.8894,136.0611,338.2,1.1,1.1,2014-10-23,0430,Aqua,MODIS,82,6.2,310.4,26.8,D,0
-12.7301,132.3429,333.1,2,1.4,2014-10-23,0430,Aqua,MODIS,57,6.2,311.2,36.3,D,0
-12.888,136.0714,337.2,1.1,1.1,2014-10-23,0430,Aqua,MODIS,81,6.2,311.2,24.4,D,0
-11.5187,142.4797,334.8,1.6,1.2,2014-10-23,0430,Aqua,MODIS,85,6.2,304.3,45,D,0
-12.9279,135.4009,337.7,1.2,1.1,2014-10-23,0430,Aqua,MODIS,70,6.2,312.6,30.8,D,0
-12.2095,141.7608,334.3,1.4,1.2,2014-10-23,0430,Aqua,MODIS,0,6.2,299.9,38.1,D,0
-13.0581,136.1706,326.2,1.1,1.1,2014-10-23,0430,Aqua,MODIS,28,6.2,309.2,11.9,D,0
-12.8212,136.0972,340,1.1,1.1,2014-10-23,0430,Aqua,MODIS,84,6.2,311.6,29.6,D,0
-13.0661,135.8204,327.3,1.2,1.1,2014-10-23,0430,Aqua,MODIS,22,6.2,310.4,10.4,D,0
-12.5416,136.6546,330.1,1.1,1,2014-10-23,0430,Aqua,MODIS,72,6.2,306.9,15.9,D,0
-13.3439,134.3402,348.6,1.4,1.2,2014-10-23,0430,Aqua,MODIS,90,6.2,316.1,62.1,D,0
-13.3403,134.2856,333.5,1.4,1.2,2014-10-23,0430,Aqua,MODIS,43,6.2,307.7,22,D,0
-11.5087,142.4566,336.5,1.6,1.2,2014-10-23,0430,Aqua,MODIS,88,6.2,302.1,50.8,D,0
-13.351,134.287,337,1.4,1.2,2014-10-23,0430,Aqua,MODIS,69,6.2,315.1,29.3,D,0
-12.8785,136.0701,362.4,1.1,1.1,2014-10-23,0430,Aqua,MODIS,100,6.2,311.9,89.1,D,0
-12.1125,133.5328,335.1,1.6,1.2,2014-10-23,0430,Aqua,MODIS,57,6.2,315.7,23.4,D,0
-13.4454,135.8001,336,1.2,1.1,2014-10-23,0430,Aqua,MODIS,66,6.2,308.4,25.4,D,0
-13.4469,135.7892,332.3,1.2,1.1,2014-10-23,0430,Aqua,MODIS,52,6.2,308.4,17.6,D,0
-12.8197,136.1074,328.6,1.1,1.1,2014-10-23,0430,Aqua,MODIS,33,6.2,310.4,10.7,D,0
-12.1328,133.5498,335.2,1.6,1.2,2014-10-23,0430,Aqua,MODIS,44,6.2,313,23.3,D,0
-12.3894,136.6302,338.9,1.1,1,2014-10-23,0430,Aqua,MODIS,86,6.2,306.3,31,D,0
-13.3419,134.3047,338.3,1.4,1.2,2014-10-23,0430,Aqua,MODIS,60,6.2,313.2,31.3,D,0
-13.3542,134.2929,337.2,1.4,1.2,2014-10-23,0430,Aqua,MODIS,78,6.2,315.5,27.5,D,0
-13.3368,134.312,351.2,1.4,1.2,2014-10-23,0430,Aqua,MODIS,94,6.2,312,75.7,D,0
-12.3672,136.5179,331.7,1.1,1,2014-10-23,0430,Aqua,MODIS,78,6.2,305.7,17.7,D,0
-12.3355,133.6673,333.2,1.5,1.2,2014-10-23,0430,Aqua,MODIS,61,6.2,309.9,32.6,D,0
-12.333,133.676,328.9,1.5,1.2,2014-10-23,0430,Aqua,MODIS,39,6.2,312.9,20.4,D,0
-13.392,134.079,341.2,1.5,1.2,2014-10-23,0430,Aqua,MODIS,84,6.2,315,43.1,D,0
-13.3775,134.0857,353,1.5,1.2,2014-10-23,0430,Aqua,MODIS,95,6.2,316.7,84.6,D,0
-13.3795,134.0913,345,1.5,1.2,2014-10-23,0430,Aqua,MODIS,88,6.2,314.7,54,D,0
-13.3938,134.0651,337,1.5,1.2,2014-10-23,0430,Aqua,MODIS,78,6.2,314.3,31.7,D,0
-13.3703,134.0761,333.6,1.5,1.2,2014-10-23,0430,Aqua,MODIS,59,6.2,315.1,21.4,D,0
-13.3812,134.0777,342.6,1.5,1.2,2014-10-23,0430,Aqua,MODIS,85,6.2,316.9,47.1,D,0
-13.4526,135.7459,338.5,1.2,1.1,2014-10-23,0430,Aqua,MODIS,80,6.2,312.1,29.5,D,0
-13.4429,135.7445,334.2,1.2,1.1,2014-10-23,0430,Aqua,MODIS,71,6.2,310.2,21.2,D,0
-13.454,135.735,331.2,1.2,1.1,2014-10-23,0430,Aqua,MODIS,59,6.2,310.7,16.2,D,0
-12.8799,136.0597,356.4,1.1,1.1,2014-10-23,0430,Aqua,MODIS,97,6.2,310.8,71.2,D,0
-12.9066,136.1473,337.1,1.1,1.1,2014-10-23,0430,Aqua,MODIS,75,6.2,308.7,24.6,D,0
-12.3659,136.5277,325.3,1.1,1,2014-10-23,0430,Aqua,MODIS,31,6.2,305.4,9.5,D,0
-12.7285,136.0367,345.5,1.1,1.1,2014-10-23,0430,Aqua,MODIS,90,6.2,311.4,37.9,D,0
-12.8972,136.1459,379.8,1.1,1.1,2014-10-23,0430,Aqua,MODIS,100,6.2,314,155.2,D,0
-12.7712,136.0377,334,1.1,1.1,2014-10-23,0430,Aqua,MODIS,76,6.2,314.5,14.7,D,0
-33.3407,115.6445,314.1,1.2,1.1,2014-10-23,0603,Aqua,MODIS,29,6.2,298.5,5.1,D,0
-31.8659,115.9027,317.1,1.1,1,2014-10-23,0603,Aqua,MODIS,64,6.2,297.8,6.2,D,0
-31.9075,115.8029,315.5,1.1,1,2014-10-23,0603,Aqua,MODIS,36,6.2,297.7,7,D,0
-22.3159,122.2404,356.8,2.1,1.4,2014-10-23,0606,Aqua,MODIS,85,6.2,306.7,176.9,D,0
-22.3196,122.2204,341.2,2.1,1.4,2014-10-23,0606,Aqua,MODIS,63,6.2,305.6,87.4,D,0
-22.7175,117.5737,361,1.1,1,2014-10-23,0606,Aqua,MODIS,100,6.2,322.9,70.7,D,0
-22.7158,117.5841,359,1.1,1,2014-10-23,0606,Aqua,MODIS,99,6.2,320.3,65,D,0
-22.5931,115.7534,334.8,1,1,2014-10-23,0606,Aqua,MODIS,66,6.2,320.2,9.5,D,0
-22.2509,122.0166,348.2,2,1.4,2014-10-23,0606,Aqua,MODIS,86,6.2,307.7,125.5,D,0
-22.8669,117.6132,341.8,1.1,1,2014-10-23,0606,Aqua,MODIS,72,6.2,318.1,24.3,D,0
-22.7364,117.5131,364.9,1.1,1,2014-10-23,0606,Aqua,MODIS,100,6.2,321.5,83.3,D,0
-22.738,117.5027,333.9,1.1,1,2014-10-23,0606,Aqua,MODIS,57,6.2,319.4,10.2,D,0
-22.7268,117.5754,340.8,1.1,1,2014-10-23,0606,Aqua,MODIS,81,6.2,319.7,21,D,0
-22.7252,117.5858,334.7,1.1,1,2014-10-23,0606,Aqua,MODIS,63,6.2,319.4,10.9,D,0
-21.2091,119.9603,332.7,1.5,1.2,2014-10-23,0606,Aqua,MODIS,50,6.2,315.6,15.4,D,0
-21.6722,120.7496,331.1,1.7,1.3,2014-10-23,0606,Aqua,MODIS,61,6.2,312.6,20.8,D,0
-21.1899,119.9418,340.2,1.5,1.2,2014-10-23,0606,Aqua,MODIS,74,6.2,314,38.7,D,0
-20.9445,119.949,335,1.5,1.2,2014-10-23,0606,Aqua,MODIS,31,6.2,318.3,18.7,D,0
-21.1983,119.9582,337.4,1.5,1.2,2014-10-23,0606,Aqua,MODIS,73,6.2,313.9,29.1,D,0
-21.2008,119.9439,336.1,1.5,1.2,2014-10-23,0606,Aqua,MODIS,59,6.2,315.5,24.1,D,0
-21.5903,117.8972,341.3,1.1,1.1,2014-10-23,0606,Aqua,MODIS,71,6.2,320.4,21,D,0
-21.5808,117.8954,368.7,1.1,1.1,2014-10-23,0606,Aqua,MODIS,100,6.2,322,102.2,D,0
-21.5825,117.8846,343.5,1.1,1.1,2014-10-23,0606,Aqua,MODIS,85,6.2,320.9,26.1,D,0
-21.5712,117.8938,362,1.1,1.1,2014-10-23,0606,Aqua,MODIS,100,6.2,322.7,79.9,D,0
-21.5729,117.8828,336.4,1.1,1.1,2014-10-23,0606,Aqua,MODIS,64,6.2,320.4,13.5,D,0
-21.5599,117.903,348.6,1.1,1.1,2014-10-23,0606,Aqua,MODIS,90,6.2,317.9,41.1,D,0
-21.5617,117.8921,349.1,1.1,1.1,2014-10-23,0606,Aqua,MODIS,79,6.2,320.5,41.3,D,0
-21.7546,117.9621,351.5,1.1,1.1,2014-10-23,0606,Aqua,MODIS,93,6.2,319,51,D,0
-21.7312,117.9239,348.5,1.1,1.1,2014-10-23,0606,Aqua,MODIS,82,6.2,320.6,39.7,D,0
-21.7329,117.913,340.1,1.1,1.1,2014-10-23,0606,Aqua,MODIS,42,6.2,318,22.2,D,0
-21.6896,117.9097,363.3,1.1,1.1,2014-10-23,0606,Aqua,MODIS,100,6.2,319,82.2,D,0
-21.6462,117.9356,347,1.1,1.1,2014-10-23,0606,Aqua,MODIS,89,6.2,319.6,34.4,D,0
-21.648,117.9246,346.2,1.1,1.1,2014-10-23,0606,Aqua,MODIS,88,6.2,321.7,30.6,D,0
-21.6497,117.9137,354.6,1.1,1.1,2014-10-23,0606,Aqua,MODIS,96,6.2,323,52.7,D,0
-21.6367,117.9339,343.5,1.1,1.1,2014-10-23,0606,Aqua,MODIS,85,6.2,320.5,27.1,D,0
-21.6384,117.9229,343,1.1,1.1,2014-10-23,0606,Aqua,MODIS,84,6.2,322.3,24.2,D,0
-21.5099,117.9436,335.5,1.1,1.1,2014-10-23,0606,Aqua,MODIS,18,6.2,319.6,9.2,D,0
-21.4907,117.9401,338.2,1.1,1.1,2014-10-23,0606,Aqua,MODIS,57,6.2,319.6,15.4,D,0
-21.4812,117.9381,341.6,1.1,1.1,2014-10-23,0606,Aqua,MODIS,80,6.2,319.1,23.1,D,0
-17.9566,126.047,328.9,4.8,2,2014-10-23,0607,Aqua,MODIS,35,6.2,301,127.6,D,0
-17.9582,126.0393,328.7,4.8,2,2014-10-23,0607,Aqua,MODIS,47,6.2,301.5,123.9,D,0
-25.9129,150.4887,304,2.5,1.5,2014-10-23,1213,Terra,MODIS,58,6.2,289.6,22.5,N,0
-24.3575,149.247,301.7,2.9,1.6,2014-10-23,1213,Terra,MODIS,44,6.2,290.5,21.3,N,0
-24.3571,149.2417,300.4,2.9,1.6,2014-10-23,1213,Terra,MODIS,20,6.2,290.3,17,N,0
-24.3669,151.36,300.2,2,1.4,2014-10-23,1213,Terra,MODIS,19,6.2,288.4,13.7,N,0
-20.351,147.1662,305.5,3.7,1.8,2014-10-23,1215,Terra,MODIS,15,6.2,291.4,38.3,N,0
-20.3407,147.1956,309.2,3.7,1.8,2014-10-23,1215,Terra,MODIS,61,6.2,291.4,57.3,N,0
-20.3438,147.1608,311.7,3.7,1.8,2014-10-23,1215,Terra,MODIS,76,6.2,291.2,69.4,N,0
-20.0873,128.4632,318.4,1.3,1.1,2014-10-23,1353,Terra,MODIS,97,6.2,286.6,24.7,N,0
-20.0888,128.4504,309.8,1.3,1.1,2014-10-23,1353,Terra,MODIS,78,6.2,283.2,14,N,0
-20.0608,128.4204,309.8,1.3,1.2,2014-10-23,1353,Terra,MODIS,54,6.2,286.7,13.9,N,0
-20.0547,128.4131,305.9,1.3,1.2,2014-10-23,1353,Terra,MODIS,41,6.2,282,10,N,0
-22.2743,121.7705,317,4.3,1.9,2014-10-23,1353,Terra,MODIS,94,6.2,289.4,120.6,N,0
-19.0698,131.7411,305.7,1,1,2014-10-23,1353,Terra,MODIS,65,6.2,294.5,6.1,N,0
-22.273,121.7655,315.3,4.3,1.9,2014-10-23,1353,Terra,MODIS,91,6.2,290.8,109.2,N,0
-19.0401,131.7557,322.4,1,1,2014-10-23,1353,Terra,MODIS,100,6.2,294.9,19.8,N,0
-19.0388,131.7652,306,1,1,2014-10-23,1353,Terra,MODIS,66,6.2,293.9,6.5,N,0
-22.5687,122.1518,302.1,4.1,1.9,2014-10-23,1353,Terra,MODIS,36,6.2,289.7,25.5,N,0
-22.2553,122.0194,305.1,4.2,1.9,2014-10-23,1353,Terra,MODIS,34,6.2,292.4,39.8,N,0
-21.5988,121.0323,348.6,4.8,2,2014-10-23,1353,Terra,MODIS,100,6.2,296.9,551.2,N,0
-21.5952,121.0782,311.6,4.8,2,2014-10-23,1353,Terra,MODIS,83,6.2,294.1,82.6,N,0
-21.6169,121.034,344.1,4.8,2,2014-10-23,1353,Terra,MODIS,100,6.2,296.6,466.9,N,0
-21.5783,121.0349,317.2,4.8,2,2014-10-23,1353,Terra,MODIS,95,6.2,293.9,123.7,N,0
-21.5964,121.0369,345.6,4.8,2,2014-10-23,1353,Terra,MODIS,100,6.2,296.4,492.9,N,0
-21.6146,121.0387,352.9,4.8,2,2014-10-23,1353,Terra,MODIS,100,6.2,297.3,640.6,N,0
-21.6132,121.08,315,4.8,2,2014-10-23,1353,Terra,MODIS,90,6.2,294.5,108,N,0
-21.6112,121.0848,310.2,4.8,2,2014-10-23,1353,Terra,MODIS,79,6.2,294.2,70.9,N,0
-21.5807,121.0305,323.8,4.8,2,2014-10-23,1353,Terra,MODIS,100,6.2,294.5,190.2,N,0
-22.2524,122.0141,307,4.2,1.9,2014-10-23,1353,Terra,MODIS,57,6.2,291.4,49.2,N,0
-22.2382,122.0175,316.4,4.2,1.9,2014-10-23,1353,Terra,MODIS,93,6.2,289.9,104.1,N,0
-22.232,122.0523,306.7,4.1,1.9,2014-10-23,1353,Terra,MODIS,49,6.2,289,49.8,N,0
-22.2353,122.0125,313.2,4.2,1.9,2014-10-23,1353,Terra,MODIS,85,6.2,289.4,85.6,N,0
-18.7908,128.6003,309.7,1.3,1.1,2014-10-23,1354,Terra,MODIS,76,6.2,297.1,9.8,N,0
-18.2952,132.7054,312,1,1,2014-10-23,1354,Terra,MODIS,84,6.2,297.3,8.7,N,0
-18.1891,132.7447,307.2,1,1,2014-10-23,1354,Terra,MODIS,70,6.2,295.4,7.1,N,0
-18.7658,131.6164,319.9,1,1,2014-10-23,1354,Terra,MODIS,99,6.2,295.4,17,N,0
-18.267,132.7147,311.3,1,1,2014-10-23,1354,Terra,MODIS,82,6.2,296.6,8.7,N,0
-18.2866,132.7081,310.2,1,1,2014-10-23,1354,Terra,MODIS,43,6.2,297,7.8,N,0
-18.2656,132.7243,307.8,1,1,2014-10-23,1354,Terra,MODIS,52,6.2,295.9,6.2,N,0
-18.3735,132.679,305.7,1,1,2014-10-23,1354,Terra,MODIS,65,6.2,294.6,6.3,N,0
-18.2264,132.7375,307.2,1,1,2014-10-23,1354,Terra,MODIS,71,6.2,294.5,6.3,N,0
-16.9895,139.0165,303.6,2.5,1.5,2014-10-23,1354,Terra,MODIS,56,6.2,292.8,18.7,N,0
-15.5212,133.8944,315.5,1.2,1.1,2014-10-23,1354,Terra,MODIS,62,6.2,298,12.6,N,0
-16.1164,125.9946,309.5,1.7,1.3,2014-10-23,1354,Terra,MODIS,29,6.2,286.2,21.4,N,0
-16.814,142.0565,304.6,4.3,1.9,2014-10-23,1354,Terra,MODIS,61,6.2,294.1,33.4,N,0
-15.9171,126.0383,307.1,1.7,1.3,2014-10-23,1354,Terra,MODIS,66,6.2,293.6,11.1,N,0
-15.919,126.0225,307.7,1.7,1.3,2014-10-23,1354,Terra,MODIS,69,6.2,293.3,12.1,N,0
-16.8939,130.746,309.1,1,1,2014-10-23,1354,Terra,MODIS,30,6.2,283.6,11.8,N,0
-16.8953,130.7366,312,1,1,2014-10-23,1354,Terra,MODIS,27,6.2,285.5,12.6,N,0
-16.9625,130.7141,303.5,1,1,2014-10-23,1354,Terra,MODIS,28,6.2,288.5,6.2,N,0
-16.0225,133.7135,307.1,1.2,1.1,2014-10-23,1354,Terra,MODIS,36,6.2,296.9,4.8,N,0
-15.4832,133.9453,308.9,1.2,1.1,2014-10-23,1354,Terra,MODIS,53,6.2,296.8,7.6,N,0
-15.3364,133.9717,312.6,1.2,1.1,2014-10-23,1354,Terra,MODIS,83,6.2,298.2,10.6,N,0
-15.3344,133.9772,310.8,1.2,1.1,2014-10-23,1354,Terra,MODIS,77,6.2,298.3,9.1,N,0
-15.8921,133.8123,306.6,1.2,1.1,2014-10-23,1354,Terra,MODIS,40,6.2,296.6,5.5,N,0
-15.5229,133.8833,322.8,1.2,1.1,2014-10-23,1354,Terra,MODIS,100,6.2,298.3,22,N,0
-15.528,133.8502,313.2,1.2,1.1,2014-10-23,1354,Terra,MODIS,84,6.2,298,11.3,N,0
-15.5131,133.8816,312.4,1.2,1.1,2014-10-23,1354,Terra,MODIS,82,6.2,298.1,9.8,N,0
-15.5097,133.9039,315.8,1.2,1.1,2014-10-23,1354,Terra,MODIS,91,6.2,297.9,13.7,N,0
-15.6262,133.6159,310.8,1.2,1.1,2014-10-23,1354,Terra,MODIS,59,6.2,296.8,8.5,N,0
-15.6342,133.6283,307.3,1.2,1.1,2014-10-23,1354,Terra,MODIS,52,6.2,297.2,5.7,N,0
-15.7452,133.7811,307.2,1.2,1.1,2014-10-23,1354,Terra,MODIS,47,6.2,296.7,5.7,N,0
-15.7469,133.7702,308.2,1.2,1.1,2014-10-23,1354,Terra,MODIS,70,6.2,296.8,7.2,N,0
-17.0022,130.2908,313.5,1,1,2014-10-23,1354,Terra,MODIS,86,6.2,295.9,10.4,N,0
-17.0009,130.3005,313.3,1,1,2014-10-23,1354,Terra,MODIS,86,6.2,296.2,10.7,N,0
-16.5131,127.4898,306.8,1.4,1.2,2014-10-23,1354,Terra,MODIS,68,6.2,295.6,5.9,N,0
-16.5183,127.4966,308.2,1.4,1.2,2014-10-23,1354,Terra,MODIS,73,6.2,295.9,7.2,N,0
-18.7941,131.3497,305.6,1,1,2014-10-23,1354,Terra,MODIS,65,6.2,293.5,5.9,N,0
-18.7701,131.1936,303.4,1,1,2014-10-23,1354,Terra,MODIS,55,6.2,293.1,5.2,N,0
-16.9931,130.2894,320.3,1,1,2014-10-23,1354,Terra,MODIS,100,6.2,296.1,17,N,0
-16.5114,127.5025,308.2,1.4,1.2,2014-10-23,1354,Terra,MODIS,73,6.2,295.9,7.3,N,0
-18.8531,131.125,317.2,1,1,2014-10-23,1354,Terra,MODIS,95,6.2,295.2,14.9,N,0
-15.2832,142.1899,308.3,4.7,2,2014-10-23,1354,Terra,MODIS,60,6.2,291.1,70.2,N,0
-16.4274,142.4292,309.7,4.7,2,2014-10-23,1354,Terra,MODIS,65,6.2,292.4,66.1,N,0
-16.4186,142.4726,322,4.7,2,2014-10-23,1354,Terra,MODIS,100,6.2,292.6,164.6,N,0
-16.4203,142.468,321.8,4.7,2,2014-10-23,1354,Terra,MODIS,100,6.2,292.7,162.3,N,0
-16.4026,142.464,309,4.7,2,2014-10-23,1354,Terra,MODIS,52,6.2,292.2,62.7,N,0
-16.4009,142.4686,307.3,4.7,2,2014-10-23,1354,Terra,MODIS,18,6.2,292.3,50.4,N,0
-15.2851,142.1833,308.7,4.7,2,2014-10-23,1354,Terra,MODIS,62,6.2,291.1,73.3,N,0
-12.7588,132.9035,307.9,1.2,1.1,2014-10-23,1355,Terra,MODIS,63,6.2,297.8,5.8,N,0
-12.7709,132.3445,305.4,1.1,1,2014-10-23,1355,Terra,MODIS,35,6.2,295.1,4.6,N,0
-12.9575,132.809,305.6,1.1,1.1,2014-10-23,1355,Terra,MODIS,15,6.2,295.1,4.8,N,0
-12.588,131.2146,309.5,1,1,2014-10-23,1355,Terra,MODIS,77,6.2,295.2,6.5,N,0
-13.0574,131.2133,307.3,1,1,2014-10-23,1355,Terra,MODIS,67,6.2,295.2,6.3,N,0
-12.3477,133.7062,305.4,1.3,1.1,2014-10-23,1355,Terra,MODIS,21,6.2,295.4,5.4,N,0
-15.6947,126.0777,307.2,1.7,1.3,2014-10-23,1355,Terra,MODIS,5,6.2,293,10.1,N,0
-15.714,126.1121,306.3,1.7,1.3,2014-10-23,1355,Terra,MODIS,60,6.2,293,10.3,N,0
-15.7158,126.0966,324.5,1.7,1.3,2014-10-23,1355,Terra,MODIS,100,6.2,293.4,43.2,N,0
-15.7043,126.0951,313.4,1.7,1.3,2014-10-23,1355,Terra,MODIS,85,6.2,293,20.1,N,0
-15.7062,126.0793,311.1,1.7,1.3,2014-10-23,1355,Terra,MODIS,52,6.2,292.7,15.8,N,0
-12.5867,131.2239,305.9,1,1,2014-10-23,1355,Terra,MODIS,56,6.2,295.1,4.4,N,0
-15.4798,126.2573,309.4,1.6,1.3,2014-10-23,1355,Terra,MODIS,72,6.2,293.4,13.5,N,0
-15.4811,126.2519,306.7,1.6,1.3,2014-10-23,1355,Terra,MODIS,61,6.2,293.4,10.6,N,0
-15.6782,126.2176,316.7,1.7,1.3,2014-10-23,1355,Terra,MODIS,93,6.2,293.2,24.9,N,0
-15.6668,126.2162,309.9,1.7,1.3,2014-10-23,1355,Terra,MODIS,64,6.2,292.7,14,N,0
-15.6686,126.2008,309.4,1.7,1.3,2014-10-23,1355,Terra,MODIS,54,6.2,293,13.2,N,0
-15.6689,126.2108,323,1.7,1.3,2014-10-23,1355,Terra,MODIS,100,6.2,293.2,37.7,N,0
-15.6613,126.1785,305.4,1.7,1.3,2014-10-23,1355,Terra,MODIS,41,6.2,292.6,8.9,N,0
-13.3613,134.1011,309.8,1.3,1.1,2014-10-23,1355,Terra,MODIS,77,6.2,296.9,10.1,N,0
-14.5808,133.0982,350,1.1,1.1,2014-10-23,1355,Terra,MODIS,100,6.2,299.6,71.3,N,0
-14.5824,133.0878,314.2,1.1,1.1,2014-10-23,1355,Terra,MODIS,87,6.2,297.1,11.8,N,0
-12.7492,132.3615,345.4,1.1,1,2014-10-23,1355,Terra,MODIS,100,6.2,296.7,56.4,N,0
-12.7508,132.3515,326.2,1.1,1,2014-10-23,1355,Terra,MODIS,100,6.2,296,23.5,N,0
-12.7256,132.3513,307.2,1.1,1,2014-10-23,1355,Terra,MODIS,64,6.2,294.8,6.5,N,0
-12.4787,131.8337,304.7,1.1,1,2014-10-23,1355,Terra,MODIS,43,6.2,294.7,4.2,N,0
-12.7306,132.3585,315.2,1.1,1,2014-10-23,1355,Terra,MODIS,86,6.2,295.3,12.1,N,0
-12.7241,132.3613,310.4,1.1,1,2014-10-23,1355,Terra,MODIS,76,6.2,294.7,9,N,0
-12.7321,132.3486,309.7,1.1,1,2014-10-23,1355,Terra,MODIS,22,6.2,295.3,7.2,N,0
-12.7812,132.9504,309.4,1.2,1.1,2014-10-23,1355,Terra,MODIS,73,6.2,297.5,7,N,0
-13.3845,134.0739,311.2,1.3,1.1,2014-10-23,1355,Terra,MODIS,80,6.2,296.9,11.3,N,0
-13.3826,134.086,310.1,1.3,1.1,2014-10-23,1355,Terra,MODIS,60,6.2,297.2,9.7,N,0
-12.7586,132.363,318.7,1.1,1,2014-10-23,1355,Terra,MODIS,94,6.2,296,15.4,N,0
-13.3873,134.0682,311.6,1.3,1.1,2014-10-23,1355,Terra,MODIS,82,6.2,296.9,11.4,N,0
-13.3855,134.0801,312.3,1.3,1.1,2014-10-23,1355,Terra,MODIS,65,6.2,297.3,11.4,N,0
-13.3734,134.0905,312.3,1.3,1.1,2014-10-23,1355,Terra,MODIS,83,6.2,297.1,12.4,N,0
-12.7694,132.3545,314.7,1.1,1,2014-10-23,1355,Terra,MODIS,88,6.2,295.6,12.2,N,0
-12.7601,132.353,337.1,1.1,1,2014-10-23,1355,Terra,MODIS,100,6.2,297.4,41.1,N,0
-12.328,135.8992,305.2,1.8,1.3,2014-10-23,1355,Terra,MODIS,61,6.2,294.2,12.2,N,0
-14.1761,131.1099,409.7,1,1,2014-10-23,1355,Terra,MODIS,100,6.2,307.4,313,N,0
-13.7009,132.4723,305.1,1.1,1,2014-10-23,1355,Terra,MODIS,50,6.2,294.7,5.4,N,0
-14.2113,131.1217,347.3,1,1,2014-10-23,1355,Terra,MODIS,100,6.2,299.7,50.8,N,0
-14.2189,131.1323,314.5,1,1,2014-10-23,1355,Terra,MODIS,48,6.2,297.9,7.7,N,0
-14.2176,131.1415,312.1,1,1,2014-10-23,1355,Terra,MODIS,8,6.2,297.9,6,N,0
-14.2253,131.1521,312.9,1,1,2014-10-23,1355,Terra,MODIS,50,6.2,298,7.5,N,0
-14.4315,131.2529,309.1,1,1,2014-10-23,1355,Terra,MODIS,14,6.2,289.6,8.2,N,0
-14.4212,131.2607,327.3,1,1,2014-10-23,1355,Terra,MODIS,78,6.2,291.4,24.6,N,0
-14.4225,131.2515,345,1,1,2014-10-23,1355,Terra,MODIS,100,6.2,295.7,52.3,N,0
-14.2575,131.1194,357.2,1,1,2014-10-23,1355,Terra,MODIS,100,6.2,299.7,76.3,N,0
-14.2562,131.1286,323.2,1,1,2014-10-23,1355,Terra,MODIS,100,6.2,297.1,18,N,0
-13.1514,133.0671,311.6,1.2,1.1,2014-10-23,1355,Terra,MODIS,42,6.2,298.4,7.4,N,0
-13.153,133.0564,338.2,1.2,1.1,2014-10-23,1355,Terra,MODIS,100,6.2,299.9,45,N,0
-13.1402,133.0764,314.4,1.2,1.1,2014-10-23,1355,Terra,MODIS,88,6.2,298,9.8,N,0
-13.137,133.0324,325,1.2,1.1,2014-10-23,1355,Terra,MODIS,100,6.2,298.9,22.9,N,0
-14.2239,131.1614,322.6,1,1,2014-10-23,1355,Terra,MODIS,100,6.2,299.1,16.5,N,0
-13.7582,132.641,314.6,1.1,1,2014-10-23,1355,Terra,MODIS,88,6.2,295.6,11.9,N,0
-13.7597,132.6308,317.4,1.1,1,2014-10-23,1355,Terra,MODIS,94,6.2,296.5,14.6,N,0
-13.7503,132.6294,312.9,1.1,1,2014-10-23,1355,Terra,MODIS,83,6.2,295.9,10.5,N,0
-13.1354,133.0431,312.8,1.2,1.1,2014-10-23,1355,Terra,MODIS,81,6.2,298.1,8.6,N,0
-13.1466,133.0339,315.3,1.2,1.1,2014-10-23,1355,Terra,MODIS,82,6.2,297.9,10.9,N,0
-13.145,133.0444,344.4,1.2,1.1,2014-10-23,1355,Terra,MODIS,100,6.2,300.1,57.5,N,0
-13.1418,133.0657,317.6,1.2,1.1,2014-10-23,1355,Terra,MODIS,95,6.2,297.9,12.7,N,0
-13.1434,133.055,337.6,1.2,1.1,2014-10-23,1355,Terra,MODIS,100,6.2,299.1,42.7,N,0
-13.1546,133.0459,340.5,1.2,1.1,2014-10-23,1355,Terra,MODIS,100,6.2,300.1,50.2,N,0
-14.206,131.1586,314.8,1,1,2014-10-23,1355,Terra,MODIS,27,6.2,297.9,9,N,0
-14.2073,131.1494,343,1,1,2014-10-23,1355,Terra,MODIS,100,6.2,300.4,43.8,N,0
-14.1697,131.0901,316,1,1,2014-10-23,1355,Terra,MODIS,92,6.2,296.2,11,N,0
-12.9886,133.0781,324.6,1.2,1.1,2014-10-23,1355,Terra,MODIS,100,6.2,297.9,23.7,N,0
-12.9903,133.0676,316.9,1.2,1.1,2014-10-23,1355,Terra,MODIS,93,6.2,297.1,14.4,N,0
-12.9849,133.082,309,1.2,1.1,2014-10-23,1355,Terra,MODIS,63,6.2,297.2,6.7,N,0
-12.9865,133.0714,327.7,1.2,1.1,2014-10-23,1355,Terra,MODIS,100,6.2,297.7,28.9,N,0
-12.972,133.1018,307.7,1.2,1.1,2014-10-23,1355,Terra,MODIS,64,6.2,296.9,5.3,N,0
-12.9736,133.0914,311.6,1.2,1.1,2014-10-23,1355,Terra,MODIS,80,6.2,297.5,9,N,0
-14.1787,131.0914,312.8,1,1,2014-10-23,1355,Terra,MODIS,42,6.2,296.9,7.9,N,0
-13.7269,132.5944,309.6,1.1,1,2014-10-23,1355,Terra,MODIS,73,6.2,295.1,7.7,N,0
-13.6824,132.4692,315.6,1.1,1,2014-10-23,1355,Terra,MODIS,90,6.2,293.8,12.9,N,0
-13.6916,132.4707,312.1,1.1,1,2014-10-23,1355,Terra,MODIS,81,6.2,294.6,10.1,N,0
-14.3569,131.1312,300.8,1,1,2014-10-23,1355,Terra,MODIS,19,6.2,289.5,3.8,N,0
-14.2646,131.3249,314.6,1,1,2014-10-23,1355,Terra,MODIS,39,6.2,283.1,10.8,N,0
-14.2736,131.3263,341.2,1,1,2014-10-23,1355,Terra,MODIS,100,6.2,288.4,42.4,N,0
-14.2723,131.3356,321.9,1,1,2014-10-23,1355,Terra,MODIS,40,6.2,286.4,16.1,N,0
-14.3556,131.1405,308,1,1,2014-10-23,1355,Terra,MODIS,71,6.2,291.1,8,N,0
-13.6813,132.5403,305.7,1.1,1,2014-10-23,1355,Terra,MODIS,47,6.2,294.4,5.2,N,0
-13.1272,133.0964,308.6,1.2,1.1,2014-10-23,1355,Terra,MODIS,66,6.2,298.4,5.2,N,0
-14.0617,131.2659,310.9,1,1,2014-10-23,1355,Terra,MODIS,78,6.2,296.6,7.9,N,0
-13.1386,133.0217,319.1,1.2,1.1,2014-10-23,1355,Terra,MODIS,98,6.2,298.3,15.8,N,0
-12.3398,135.9013,307.6,1.8,1.3,2014-10-23,1355,Terra,MODIS,71,6.2,294.6,16,N,0
-13.011,133.1259,309.4,1.2,1.1,2014-10-23,1355,Terra,MODIS,70,6.2,297.6,6.6,N,0
-13.0206,133.1276,313.4,1.2,1.1,2014-10-23,1355,Terra,MODIS,85,6.2,298.1,9.7,N,0
-14.1684,131.0993,321.7,1,1,2014-10-23,1355,Terra,MODIS,100,6.2,296.6,16.4,N,0
-13.019,133.1383,317.6,1.2,1.1,2014-10-23,1355,Terra,MODIS,95,6.2,298.1,14.4,N,0
-13.0496,133.1327,310.6,1.2,1.1,2014-10-23,1355,Terra,MODIS,77,6.2,298,7.3,N,0
-14.2299,131.2474,311.5,1,1,2014-10-23,1355,Terra,MODIS,56,6.2,294.5,8.4,N,0
-14.1774,131.1007,409,1,1,2014-10-23,1355,Terra,MODIS,100,6.2,307.1,308,N,0
-13.6838,132.4594,318.3,1.1,1,2014-10-23,1355,Terra,MODIS,96,6.2,295.2,15.4,N,0
-13.6745,132.4579,305.7,1.1,1,2014-10-23,1355,Terra,MODIS,55,6.2,294.5,5.3,N,0
-14.1851,131.1113,320.8,1,1,2014-10-23,1355,Terra,MODIS,100,6.2,298.4,14.6,N,0
-14.1901,131.1404,358.2,1,1,2014-10-23,1355,Terra,MODIS,100,6.2,300.8,79.4,N,0
-14.316,131.3519,303,1,1,2014-10-23,1355,Terra,MODIS,22,6.2,278.6,5.4,N,0
-14.3187,131.3333,313.3,1,1,2014-10-23,1355,Terra,MODIS,63,6.2,282.8,11.1,N,0
-14.307,131.3505,319.8,1,1,2014-10-23,1355,Terra,MODIS,70,6.2,283,17,N,0
-14.3083,131.3412,327,1,1,2014-10-23,1355,Terra,MODIS,100,6.2,285,23.4,N,0
-14.3097,131.3319,322.8,1,1,2014-10-23,1355,Terra,MODIS,77,6.2,287.3,18.2,N,0
-14.2993,131.3398,330.5,1,1,2014-10-23,1355,Terra,MODIS,100,6.2,285.9,26.2,N,0
-14.3007,131.3305,320.1,1,1,2014-10-23,1355,Terra,MODIS,0,6.2,288.2,13.8,N,0
-14.2499,131.1088,314.2,1,1,2014-10-23,1355,Terra,MODIS,88,6.2,297,8.8,N,0
-14.2512,131.0995,353.4,1,1,2014-10-23,1355,Terra,MODIS,100,6.2,298.9,66.9,N,0
-14.1914,131.1311,359.2,1,1,2014-10-23,1355,Terra,MODIS,100,6.2,301.5,81.6,N,0
-14.2525,131.0903,309,1,1,2014-10-23,1355,Terra,MODIS,74,6.2,296.9,6.2,N,0
-14.1811,131.139,354.5,1,1,2014-10-23,1355,Terra,MODIS,100,6.2,298.5,70.2,N,0
-14.1824,131.1297,368.7,1,1,2014-10-23,1355,Terra,MODIS,100,6.2,300.2,109.3,N,0
-14.1837,131.1205,318.9,1,1,2014-10-23,1355,Terra,MODIS,64,6.2,298.1,12.6,N,0
-14.2249,127.2445,310.8,1.3,1.1,2014-10-23,1355,Terra,MODIS,77,6.2,295.7,11.9,N,0
-14.1748,131.1191,346.2,1,1,2014-10-23,1355,Terra,MODIS,100,6.2,298.2,50.5,N,0
-14.2589,131.1102,350.1,1,1,2014-10-23,1355,Terra,MODIS,100,6.2,299.2,59.4,N,0
-13.9362,131.3063,308.2,1,1,2014-10-23,1355,Terra,MODIS,68,6.2,296.2,5.7,N,0
-14.2602,131.1009,336.3,1,1,2014-10-23,1355,Terra,MODIS,100,6.2,299,34.6,N,0
-14.2409,131.1074,311.4,1,1,2014-10-23,1355,Terra,MODIS,37,6.2,297.3,6,N,0
-14.2422,131.0981,314.4,1,1,2014-10-23,1355,Terra,MODIS,71,6.2,297.6,9,N,0
-14.2319,131.106,317.4,1,1,2014-10-23,1355,Terra,MODIS,95,6.2,296.7,10.9,N,0
-14.2332,131.0968,315.1,1,1,2014-10-23,1355,Terra,MODIS,73,6.2,297.1,9.6,N,0
-14.2126,131.1124,329.8,1,1,2014-10-23,1355,Terra,MODIS,100,6.2,298.1,23.2,N,0
-14.2565,127.3239,306.1,1.3,1.1,2014-10-23,1355,Terra,MODIS,53,6.2,295.5,6.2,N,0
-15.8259,125.9392,303,1.7,1.3,2014-10-23,1355,Terra,MODIS,31,6.2,291.8,6.9,N,0
-14.5021,127.0563,345.2,1.4,1.2,2014-10-23,1355,Terra,MODIS,100,6.2,296.8,82.5,N,0
-14.5005,127.0691,317.1,1.4,1.2,2014-10-23,1355,Terra,MODIS,94,6.2,294.6,20.8,N,0
-14.5231,127.0591,305.8,1.4,1.2,2014-10-23,1355,Terra,MODIS,26,6.2,294.5,7.2,N,0
-14.5215,127.0719,310.9,1.4,1.2,2014-10-23,1355,Terra,MODIS,78,6.2,295.1,12.9,N,0
-14.532,127.0734,317.5,1.4,1.2,2014-10-23,1355,Terra,MODIS,95,6.2,295,21.6,N,0
-14.625,126.8927,304.8,1.4,1.2,2014-10-23,1355,Terra,MODIS,50,6.2,294.6,7,N,0
-14.6976,126.8685,315.9,1.4,1.2,2014-10-23,1355,Terra,MODIS,79,6.2,296.1,16.7,N,0
-14.71,126.8567,310,1.4,1.2,2014-10-23,1355,Terra,MODIS,8,6.2,295.5,9.6,N,0
-14.7387,126.8873,308.4,1.4,1.2,2014-10-23,1355,Terra,MODIS,34,6.2,296,8.2,N,0
-11.4131,131.0681,305.3,1,1,2014-10-23,1356,Terra,MODIS,62,6.2,294.7,5.1,N,0
-15.1651,142.4887,320.3,3.3,1.7,2014-10-23,1520,Aqua,MODIS,100,6.2,292.2,98.3,N,0
-14.1085,142.1978,313.2,3.7,1.8,2014-10-23,1520,Aqua,MODIS,30,6.2,291,70,N,0
-14.1374,142.2617,308.7,3.6,1.8,2014-10-23,1520,Aqua,MODIS,59,6.2,291.1,52.1,N,0
-15.1708,142.5194,321.6,3.3,1.7,2014-10-23,1520,Aqua,MODIS,100,6.2,292.6,104.2,N,0
-14.0996,142.204,322.9,3.7,1.8,2014-10-23,1520,Aqua,MODIS,100,6.2,291.5,134,N,0
-14.106,142.2379,310,3.7,1.8,2014-10-23,1520,Aqua,MODIS,71,6.2,291.4,57.4,N,0
-14.0334,142.1551,308.5,3.7,1.8,2014-10-23,1520,Aqua,MODIS,44,6.2,291.4,52.4,N,0
-14.1282,142.2682,304,3.6,1.8,2014-10-23,1520,Aqua,MODIS,27,6.2,290.8,33,N,0
-15.1765,142.5498,313.1,3.3,1.7,2014-10-23,1520,Aqua,MODIS,86,6.2,292,61,N,0
-15.2862,142.157,308.2,3.5,1.8,2014-10-23,1521,Aqua,MODIS,65,6.2,291.7,44.8,N,0
-15.2998,142.18,324.7,3.5,1.8,2014-10-23,1521,Aqua,MODIS,100,6.2,292.6,132.2,N,0
-15.2084,142.4084,325.1,3.4,1.7,2014-10-23,1521,Aqua,MODIS,100,6.2,292.1,126.7,N,0
-15.2602,142.1674,309.4,3.5,1.8,2014-10-23,1521,Aqua,MODIS,56,6.2,291.4,48.3,N,0
-15.1805,142.4856,329.2,3.3,1.7,2014-10-23,1521,Aqua,MODIS,100,6.2,292.6,153.9,N,0
-15.193,142.4115,302.9,3.4,1.7,2014-10-23,1521,Aqua,MODIS,52,6.2,291.4,26.1,N,0
-15.186,142.5404,305.3,3.3,1.7,2014-10-23,1521,Aqua,MODIS,64,6.2,291.7,33.7,N,0
-15.2705,142.1601,316.7,3.5,1.8,2014-10-23,1521,Aqua,MODIS,71,6.2,291.4,79.5,N,0
-15.2152,142.4144,343.4,3.4,1.7,2014-10-23,1521,Aqua,MODIS,100,6.2,293.3,283.8,N,0
-15.2609,142.1955,311.2,3.5,1.8,2014-10-23,1521,Aqua,MODIS,46,6.2,291.7,53.9,N,0
-15.2505,142.2029,309.2,3.5,1.8,2014-10-23,1521,Aqua,MODIS,77,6.2,291.3,48.9,N,0
-16.4305,142.4529,306.7,3.2,1.7,2014-10-23,1521,Aqua,MODIS,69,6.2,294.1,32.2,N,0
-15.1801,142.5101,331,3.3,1.7,2014-10-23,1521,Aqua,MODIS,100,6.2,293.7,167.2,N,0
-15.3079,142.1859,305.1,3.5,1.8,2014-10-23,1521,Aqua,MODIS,44,6.2,291.5,32.9,N,0
-16.4211,142.4851,310.2,3.1,1.7,2014-10-23,1521,Aqua,MODIS,79,6.2,293.7,42.5,N,0
-15.2935,142.1478,314.7,3.5,1.8,2014-10-23,1521,Aqua,MODIS,90,6.2,291.8,73.6,N,0
-15.2453,142.1987,309.7,3.5,1.8,2014-10-23,1521,Aqua,MODIS,78,6.2,291.1,54.2,N,0
-15.2766,142.1924,333.2,3.5,1.8,2014-10-23,1521,Aqua,MODIS,100,6.2,292.8,191.5,N,0
-15.3019,142.1537,317.1,3.5,1.8,2014-10-23,1521,Aqua,MODIS,94,6.2,292,88.3,N,0
-15.1998,142.4175,310.1,3.4,1.7,2014-10-23,1521,Aqua,MODIS,79,6.2,292,49.6,N,0
-15.2662,142.1997,319,3.5,1.8,2014-10-23,1521,Aqua,MODIS,98,6.2,292.1,95.3,N,0
-15.2298,142.4364,312.9,3.4,1.7,2014-10-23,1521,Aqua,MODIS,85,6.2,292.1,60.3,N,0
-15.1862,142.5163,328.2,3.3,1.7,2014-10-23,1521,Aqua,MODIS,100,6.2,292.5,145.9,N,0
-15.1741,142.4795,324.7,3.3,1.7,2014-10-23,1521,Aqua,MODIS,100,6.2,292.3,122,N,0
-15.2923,142.1892,324.5,3.5,1.8,2014-10-23,1521,Aqua,MODIS,100,6.2,292.5,131.8,N,0
-15.2239,142.4053,356.5,3.4,1.7,2014-10-23,1521,Aqua,MODIS,100,6.2,294.1,445.1,N,0
-16.4221,142.4896,307.9,3.1,1.7,2014-10-23,1521,Aqua,MODIS,47,6.2,293.4,33.7,N,0
-15.1989,142.4424,303.9,3.4,1.7,2014-10-23,1521,Aqua,MODIS,57,6.2,291.8,28.8,N,0
-16.4071,142.4927,314.6,3.1,1.7,2014-10-23,1521,Aqua,MODIS,84,6.2,294.1,59,N,0
-15.2209,142.4454,305.9,3.4,1.7,2014-10-23,1521,Aqua,MODIS,44,6.2,291.5,32.5,N,0
-16.4061,142.4882,313.5,3.1,1.7,2014-10-23,1521,Aqua,MODIS,87,6.2,294.1,55,N,0
-15.2144,142.4394,315.8,3.4,1.7,2014-10-23,1521,Aqua,MODIS,92,6.2,292,73.1,N,0
-15.2394,142.4022,330.7,3.4,1.7,2014-10-23,1521,Aqua,MODIS,100,6.2,292.3,171,N,0
-23.0353,147.4037,306.2,1.1,1.1,2014-10-23,1522,Aqua,MODIS,67,6.2,290.5,9.2,N,0
-20.3415,147.1765,314.2,1.2,1.1,2014-10-23,1522,Aqua,MODIS,38,6.2,291.1,16,N,0
-20.385,147.2473,306.2,1.2,1.1,2014-10-23,1522,Aqua,MODIS,17,6.2,290.6,8.8,N,0
-25.9104,150.4974,304.5,1,1,2014-10-23,1523,Aqua,MODIS,60,6.2,288.8,7.5,N,0
-24.3579,151.3659,304.4,1.1,1,2014-10-23,1523,Aqua,MODIS,56,6.2,287.1,8.1,N,0
-24.4064,151.3694,300.4,1.1,1,2014-10-23,1523,Aqua,MODIS,7,6.2,287.4,5.5,N,0
-42.4557,147.684,305.7,1.2,1.1,2014-10-23,1528,Aqua,MODIS,65,6.2,279,13.8,N,0
-21.7186,117.9079,307.4,3.7,1.8,2014-10-23,1531,Terra,MODIS,71,6.2,295.7,35,N,0
-12.5779,131.239,311.5,1.4,1.2,2014-10-23,1658,Aqua,MODIS,79,6.2,294.3,14,N,0
-12.5763,131.2261,314.1,1.4,1.2,2014-10-23,1658,Aqua,MODIS,88,6.2,294.3,17,N,0
-12.5709,131.2324,326.3,1.4,1.2,2014-10-23,1658,Aqua,MODIS,100,6.2,294.8,37.5,N,0
-12.5814,131.231,308.8,1.4,1.2,2014-10-23,1658,Aqua,MODIS,76,6.2,294.2,11.3,N,0
-12.5868,131.2246,304.5,1.4,1.2,2014-10-23,1658,Aqua,MODIS,42,6.2,294.1,6.7,N,0
-13.1361,133.0373,314.7,1.9,1.4,2014-10-23,1658,Aqua,MODIS,90,6.2,296.6,27,N,0
-13.1338,133.0193,310.9,1.9,1.4,2014-10-23,1658,Aqua,MODIS,81,6.2,296.4,19.6,N,0
-13.1226,133.1301,312.1,2,1.4,2014-10-23,1658,Aqua,MODIS,84,6.2,296.3,22.6,N,0
-13.1504,133.0528,310.9,1.9,1.4,2014-10-23,1658,Aqua,MODIS,81,6.2,296.4,19.6,N,0
-14.4375,131.2181,308.7,1.5,1.2,2014-10-23,1659,Aqua,MODIS,75,6.2,295.1,11.1,N,0
-14.3555,131.1243,305.8,1.5,1.2,2014-10-23,1659,Aqua,MODIS,5,6.2,294.4,8.4,N,0
-14.359,131.1516,314.3,1.5,1.2,2014-10-23,1659,Aqua,MODIS,12,6.2,293.3,17.4,N,0
-14.4241,131.3764,310.9,1.5,1.2,2014-10-23,1659,Aqua,MODIS,81,6.2,294.6,15.1,N,0
-14.2826,131.3506,306.8,1.5,1.2,2014-10-23,1659,Aqua,MODIS,32,6.2,293.6,9.2,N,0
-14.384,131.1755,316.2,1.5,1.2,2014-10-23,1659,Aqua,MODIS,67,6.2,292.5,20.8,N,0
-14.2808,131.3366,311.8,1.5,1.2,2014-10-23,1659,Aqua,MODIS,79,6.2,293.8,15.9,N,0
-16.2983,131.3032,309.6,1.6,1.2,2014-10-23,1659,Aqua,MODIS,39,6.2,296.8,12.9,N,0
-14.4358,131.2045,312.6,1.5,1.2,2014-10-23,1659,Aqua,MODIS,85,6.2,295,16.4,N,0
-16.3002,131.318,320.4,1.6,1.2,2014-10-23,1659,Aqua,MODIS,100,6.2,298.5,31.1,N,0
-14.4203,131.3683,312.5,1.5,1.2,2014-10-23,1659,Aqua,MODIS,85,6.2,294.7,17,N,0
-14.4224,131.3623,311.9,1.5,1.2,2014-10-23,1659,Aqua,MODIS,84,6.2,294.3,16.5,N,0
-16.3114,131.3167,306.3,1.6,1.2,2014-10-23,1659,Aqua,MODIS,20,6.2,295,9,N,0
-14.236,131.2444,304.9,1.5,1.2,2014-10-23,1659,Aqua,MODIS,41,6.2,294.3,8.1,N,0
-14.7107,126.8559,324.4,1,1,2014-10-23,1659,Aqua,MODIS,100,6.2,296.4,19.5,N,0
-15.3245,125.4773,317.7,1,1,2014-10-23,1659,Aqua,MODIS,95,6.2,292.9,14.9,N,0
-14.7121,126.8651,325.6,1,1,2014-10-23,1659,Aqua,MODIS,100,6.2,296.2,20.3,N,0
-14.2555,127.3241,313.8,1,1,2014-10-23,1659,Aqua,MODIS,87,6.2,294.7,11.2,N,0
-14.2568,127.3333,308,1,1,2014-10-23,1659,Aqua,MODIS,70,6.2,295.8,6.9,N,0
-16.5073,127.5067,307.5,1,1,2014-10-23,1659,Aqua,MODIS,71,6.2,295.5,5.6,N,0
-14.4313,131.3669,312.6,1.5,1.2,2014-10-23,1659,Aqua,MODIS,85,6.2,294.5,17.6,N,0
-14.7058,126.8849,307.5,1,1,2014-10-23,1659,Aqua,MODIS,25,6.2,296.4,4,N,0
-15.326,125.487,305.7,1,1,2014-10-23,1659,Aqua,MODIS,63,6.2,292.9,5.2,N,0
-14.2125,127.2233,308.2,1,1,2014-10-23,1659,Aqua,MODIS,71,6.2,295.2,6.8,N,0
-14.5119,127.0683,318,1,1,2014-10-23,1659,Aqua,MODIS,96,6.2,294.6,13.8,N,0
-15.5698,125.9419,305.2,1,1,2014-10-23,1659,Aqua,MODIS,61,6.2,293.3,4.9,N,0
-15.6925,126.0885,304.9,1,1,2014-10-23,1659,Aqua,MODIS,46,6.2,293.8,4.3,N,0
-15.6642,126.2075,305.4,1,1,2014-10-23,1659,Aqua,MODIS,59,6.2,293.5,4.9,N,0
-15.6656,126.2168,304.5,1,1,2014-10-23,1659,Aqua,MODIS,59,6.2,293.6,4.5,N,0
-15.66,126.1795,303.9,1,1,2014-10-23,1659,Aqua,MODIS,56,6.2,293,4.3,N,0
-16.7971,130.7324,305.8,1.5,1.2,2014-10-23,1659,Aqua,MODIS,63,6.2,290.7,10.3,N,0
-18.1721,126.6781,307.4,1,1,2014-10-23,1700,Aqua,MODIS,38,6.2,292.7,4.8,N,0
-18.1986,126.6682,309.6,1,1,2014-10-23,1700,Aqua,MODIS,36,6.2,296.4,6.2,N,0
-18.2,126.6777,307.4,1,1,2014-10-23,1700,Aqua,MODIS,49,6.2,292.5,4.9,N,0
-18.2013,126.6872,304.4,1,1,2014-10-23,1700,Aqua,MODIS,10,6.2,289.1,3.1,N,0
-18.7618,131.6208,319.6,1.8,1.3,2014-10-23,1700,Aqua,MODIS,99,6.2,293.1,43.8,N,0
-18.7888,128.6114,305.4,1.2,1.1,2014-10-23,1700,Aqua,MODIS,64,6.2,293.5,7.8,N,0
-17.9874,126.0399,306.7,1,1,2014-10-23,1700,Aqua,MODIS,67,6.2,295.4,5.4,N,0
-17.8915,126.3296,305.9,1,1,2014-10-23,1700,Aqua,MODIS,62,6.2,295.9,3.8,N,0
-17.9364,126.3226,307.4,1,1,2014-10-23,1700,Aqua,MODIS,68,6.2,297.2,4.6,N,0
-17.9529,126.055,307.4,1,1,2014-10-23,1700,Aqua,MODIS,69,6.2,296,5.4,N,0
-17.8928,126.339,315.9,1,1,2014-10-23,1700,Aqua,MODIS,91,6.2,296.2,11.1,N,0
-17.9805,126.1179,306.3,1,1,2014-10-23,1700,Aqua,MODIS,65,6.2,295.6,5.2,N,0
-17.9543,126.0644,312.1,1,1,2014-10-23,1700,Aqua,MODIS,83,6.2,296,8.9,N,0
-22.4317,122.2194,351,1.2,1.1,2014-10-23,1701,Aqua,MODIS,100,6.2,301.2,81.8,N,0
-22.4298,122.2079,333,1.2,1.1,2014-10-23,1701,Aqua,MODIS,100,6.2,297.4,40.2,N,0
-23.3098,122.9593,349.6,1.1,1,2014-10-23,1701,Aqua,MODIS,100,6.2,298.1,67.9,N,0
-22.42,122.2098,309.6,1.2,1.1,2014-10-23,1701,Aqua,MODIS,78,6.2,296.4,9.8,N,0
-22.4219,122.2212,318.2,1.2,1.1,2014-10-23,1701,Aqua,MODIS,96,6.2,296.1,18.8,N,0
-22.5661,122.1642,315.4,1.2,1.1,2014-10-23,1701,Aqua,MODIS,91,6.2,294.8,16.7,N,0
-22.3419,121.2,341.6,1.4,1.2,2014-10-23,1701,Aqua,MODIS,100,6.2,298.4,67.4,N,0
-22.3396,121.1868,372.7,1.4,1.2,2014-10-23,1701,Aqua,MODIS,100,6.2,301.9,195.5,N,0
-23.3975,122.9263,303.6,1.1,1,2014-10-23,1701,Aqua,MODIS,56,6.2,293.3,6.1,N,0
-22.3373,121.1735,328.7,1.4,1.2,2014-10-23,1701,Aqua,MODIS,100,6.2,295,39.6,N,0
-22.3361,121.2286,345.9,1.4,1.2,2014-10-23,1701,Aqua,MODIS,100,6.2,297,80.6,N,0
-23.3508,122.935,315.6,1.1,1,2014-10-23,1701,Aqua,MODIS,92,6.2,295.2,14.5,N,0
-22.3554,122.312,305,1.2,1.1,2014-10-23,1701,Aqua,MODIS,40,6.2,293.6,6.1,N,0
-22.3338,121.2153,337.9,1.4,1.2,2014-10-23,1701,Aqua,MODIS,100,6.2,296.1,57.2,N,0
-23.3414,122.9367,307.4,1.1,1,2014-10-23,1701,Aqua,MODIS,49,6.2,294.2,7.3,N,0
-23.3396,122.9647,313.2,1.1,1,2014-10-23,1701,Aqua,MODIS,84,6.2,295.4,11.3,N,0
-22.3535,122.3005,337.7,1.2,1.1,2014-10-23,1701,Aqua,MODIS,100,6.2,297.4,49.9,N,0
-23.3369,123.0087,318.5,1.1,1,2014-10-23,1701,Aqua,MODIS,97,6.2,296,17.4,N,0
-22.5677,122.1689,320.9,1.2,1.1,2014-10-23,1701,Aqua,MODIS,100,6.2,295.5,22.8,N,0
-22.568,122.1758,308.3,1.2,1.1,2014-10-23,1701,Aqua,MODIS,74,6.2,294.5,9.6,N,0
-22.2734,122.0632,306.3,1.2,1.1,2014-10-23,1701,Aqua,MODIS,64,6.2,293.5,9,N,0
-22.2665,121.779,312,1.3,1.1,2014-10-23,1701,Aqua,MODIS,84,6.2,295.2,14.2,N,0
-23.2801,122.9539,358.6,1.1,1,2014-10-23,1701,Aqua,MODIS,100,6.2,296.3,91.9,N,0
-23.2818,122.9645,353.7,1.1,1,2014-10-23,1701,Aqua,MODIS,100,6.2,297,77.8,N,0
-23.2895,122.9522,324.2,1.1,1,2014-10-23,1701,Aqua,MODIS,100,6.2,295.6,23.1,N,0
-23.2911,122.9628,331.4,1.1,1,2014-10-23,1701,Aqua,MODIS,100,6.2,297,32.6,N,0
-23.2988,122.9505,308.8,1.1,1,2014-10-23,1701,Aqua,MODIS,75,6.2,294.8,8.4,N,0
-23.3005,122.9611,314.9,1.1,1,2014-10-23,1701,Aqua,MODIS,90,6.2,296.7,13.3,N,0
-23.3022,122.9716,335.5,1.1,1,2014-10-23,1701,Aqua,MODIS,100,6.2,296.5,39.1,N,0
-23.3082,122.9487,323.7,1.1,1,2014-10-23,1701,Aqua,MODIS,100,6.2,295.9,22.7,N,0
-22.4336,122.2309,306.2,1.2,1.1,2014-10-23,1701,Aqua,MODIS,42,6.2,296,6.5,N,0
-22.3315,121.2021,318,1.4,1.2,2014-10-23,1701,Aqua,MODIS,50,6.2,296.1,18.8,N,0
-22.3235,121.2174,392.6,1.4,1.2,2014-10-23,1701,Aqua,MODIS,100,6.2,305.6,331.1,N,0
-22.3211,121.2041,359.5,1.4,1.2,2014-10-23,1701,Aqua,MODIS,100,6.2,297.6,129.3,N,0
-23.3525,122.9456,307,1.1,1,2014-10-23,1701,Aqua,MODIS,39,6.2,295,7.3,N,0
-21.2025,119.9862,321,1.7,1.3,2014-10-23,1701,Aqua,MODIS,100,6.2,296,38.3,N,0
-21.3534,120.8312,307.3,1.5,1.2,2014-10-23,1701,Aqua,MODIS,71,6.2,295.2,11.1,N,0
-21.3559,120.8456,318.8,1.5,1.2,2014-10-23,1701,Aqua,MODIS,97,6.2,296.1,27.8,N,0
-21.2111,119.9674,309.7,1.7,1.3,2014-10-23,1701,Aqua,MODIS,53,6.2,295,18.8,N,0
-21.4031,120.9245,312.1,1.5,1.2,2014-10-23,1701,Aqua,MODIS,80,6.2,288.7,20.1,N,0
-21.5874,121.0493,317.8,1.4,1.2,2014-10-23,1701,Aqua,MODIS,96,6.2,295,23.2,N,0
-21.585,121.0356,321.6,1.4,1.2,2014-10-23,1701,Aqua,MODIS,100,6.2,289.9,29.1,N,0
-21.5826,121.0218,326.7,1.4,1.2,2014-10-23,1701,Aqua,MODIS,100,6.2,285.3,38.8,N,0
-21.2141,119.9838,328.9,1.7,1.3,2014-10-23,1701,Aqua,MODIS,100,6.2,296.6,58.8,N,0
-21.1996,119.9698,306.4,1.7,1.3,2014-10-23,1701,Aqua,MODIS,34,6.2,294.8,12.4,N,0
-21.3841,120.9428,324.4,1.5,1.2,2014-10-23,1701,Aqua,MODIS,100,6.2,294.2,38.8,N,0
-21.3865,120.9568,315,1.5,1.2,2014-10-23,1701,Aqua,MODIS,87,6.2,289.4,22.2,N,0
-21.3733,120.9449,335,1.5,1.2,2014-10-23,1701,Aqua,MODIS,100,6.2,296.8,62.6,N,0
-21.3708,120.9308,319.5,1.5,1.2,2014-10-23,1701,Aqua,MODIS,99,6.2,281.6,30.3,N,0
-21.5811,117.9141,308.2,2.4,1.5,2014-10-23,1701,Aqua,MODIS,53,6.2,294.7,19.5,N,0
-21.6034,117.8855,312.7,2.4,1.5,2014-10-23,1701,Aqua,MODIS,54,6.2,296.2,30.8,N,0
-21.6142,117.8995,310.7,2.4,1.5,2014-10-23,1701,Aqua,MODIS,57,6.2,295.5,26.9,N,0
-21.6983,117.9047,311.1,2.4,1.5,2014-10-23,1701,Aqua,MODIS,75,6.2,296.9,26.5,N,0
-21.716,117.925,307,2.4,1.5,2014-10-23,1701,Aqua,MODIS,48,6.2,296.4,16.7,N,0
-21.712,117.9209,309.3,2.4,1.5,2014-10-23,1701,Aqua,MODIS,27,6.2,296.7,21.2,N,0
-22.2018,122.0091,323.7,1.2,1.1,2014-10-23,1701,Aqua,MODIS,100,6.2,293.3,28,N,0
-22.1998,121.9972,314.1,1.2,1.1,2014-10-23,1701,Aqua,MODIS,89,6.2,294.2,15.2,N,0
-22.2157,122.0309,312.8,1.2,1.1,2014-10-23,1701,Aqua,MODIS,86,6.2,292.8,14,N,0
-22.2038,122.021,306.1,1.2,1.1,2014-10-23,1701,Aqua,MODIS,65,6.2,292.5,8.3,N,0
-22.2375,122.0391,341.9,1.2,1.1,2014-10-23,1701,Aqua,MODIS,100,6.2,296.7,62,N,0
-22.2276,122.0409,314.2,1.2,1.1,2014-10-23,1701,Aqua,MODIS,89,6.2,293.2,15.2,N,0
-22.2256,122.0291,327.7,1.2,1.1,2014-10-23,1701,Aqua,MODIS,100,6.2,293.9,33,N,0
-26.5689,126.3122,314,1.1,1,2014-10-23,1702,Aqua,MODIS,88,6.2,292.2,14.4,N,0
-26.698,126.2677,302.5,1.1,1,2014-10-23,1702,Aqua,MODIS,46,6.2,291.5,5.5,N,0
-26.5674,126.3011,304.7,1.1,1,2014-10-23,1702,Aqua,MODIS,27,6.2,291,6.6,N,0
-24.2905,121.2487,307.4,1.3,1.1,2014-10-23,1702,Aqua,MODIS,71,6.2,290.7,11.8,N,0
-24.2927,121.2611,312.3,1.3,1.1,2014-10-23,1702,Aqua,MODIS,84,6.2,291.2,16.8,N,0
-10.9997,142.4514,353.5,1.1,1.1,2014-10-24,0044,Terra,MODIS,97,6.2,304.1,73.3,D,0
-11.0044,142.4548,358.1,1.1,1.1,2014-10-24,0044,Terra,MODIS,99,6.2,304.6,84.3,D,0
-11.0027,142.4444,326.6,1.1,1.1,2014-10-24,0044,Terra,MODIS,56,6.2,301.7,16.2,D,0
-11.0267,142.4725,333,1.1,1.1,2014-10-24,0044,Terra,MODIS,74,6.2,302.2,25.1,D,0
-11.0537,142.4578,333.5,1.1,1.1,2014-10-24,0044,Terra,MODIS,72,6.2,304.1,23.6,D,0
-11.0171,142.4739,328.6,1.1,1.1,2014-10-24,0044,Terra,MODIS,54,6.2,301.8,18.7,D,0
-10.9503,142.3848,324.5,1.2,1.1,2014-10-24,0044,Terra,MODIS,70,6.2,303.3,12,D,0
-11.0616,142.446,337.3,1.1,1.1,2014-10-24,0044,Terra,MODIS,88,6.2,304.9,29.5,D,0
-11.068,142.4238,357.3,1.1,1.1,2014-10-24,0044,Terra,MODIS,98,6.2,306.1,78.8,D,0
-10.9582,142.3727,332.6,1.2,1.1,2014-10-24,0044,Terra,MODIS,85,6.2,304.4,24.7,D,0
-12.3023,136.4629,318.1,2.8,1.6,2014-10-24,0045,Terra,MODIS,50,6.2,296.1,29.4,D,0
-11.6117,142.4276,348.3,1.1,1.1,2014-10-24,0045,Terra,MODIS,93,6.2,306.8,53.4,D,0
-12.3041,136.4566,316,2.8,1.6,2014-10-24,0045,Terra,MODIS,41,6.2,295.4,21.8,D,0
-14.0574,142.1514,345.7,1.1,1,2014-10-24,0045,Terra,MODIS,91,6.2,309.1,43.6,D,0
-13.6162,141.6855,332.2,1.2,1.1,2014-10-24,0045,Terra,MODIS,54,6.2,312.4,16.9,D,0
-13.6321,141.661,336.6,1.2,1.1,2014-10-24,0045,Terra,MODIS,56,6.2,312,21.6,D,0
-13.6241,141.6732,335.7,1.2,1.1,2014-10-24,0045,Terra,MODIS,65,6.2,312.4,21.4,D,0
-14.3392,142.5527,339.9,1.1,1,2014-10-24,0045,Terra,MODIS,86,6.2,310.7,28,D,0
-14.7543,144.4598,332.4,1,1,2014-10-24,0045,Terra,MODIS,60,6.2,308.8,17.6,D,0
-14.3253,142.5715,333.6,1.1,1,2014-10-24,0045,Terra,MODIS,72,6.2,310.6,14.5,D,0
-13.6421,141.6418,327.8,1.2,1.1,2014-10-24,0045,Terra,MODIS,53,6.2,310.6,12.4,D,0
-12.9288,135.4238,325.5,3.3,1.7,2014-10-24,0045,Terra,MODIS,72,6.2,302.4,68,D,0
-14.3176,142.5826,336.8,1.1,1,2014-10-24,0045,Terra,MODIS,83,6.2,311.2,19.6,D,0
-13.3014,142.0936,326.9,1.1,1.1,2014-10-24,0045,Terra,MODIS,35,6.2,309.3,7.1,D,0
-12.9357,136.4076,319.5,2.8,1.6,2014-10-24,0045,Terra,MODIS,56,6.2,301.1,38.1,D,0
-14.7615,144.3828,335.7,1,1,2014-10-24,0045,Terra,MODIS,74,6.2,310.5,23.2,D,0
-14.7588,144.3643,363.2,1,1,2014-10-24,0045,Terra,MODIS,100,6.2,307.4,84.7,D,0
-14.7602,144.3736,342.1,1,1,2014-10-24,0045,Terra,MODIS,89,6.2,306.4,34.7,D,0
-14.7575,144.355,355.7,1,1,2014-10-24,0045,Terra,MODIS,97,6.2,309.2,64.9,D,0
-13.4406,135.8013,333.8,3,1.7,2014-10-24,0045,Terra,MODIS,82,6.2,304.2,108.8,D,0
-14.0324,142.114,386.6,1.1,1,2014-10-24,0045,Terra,MODIS,100,6.2,310.3,199.4,D,0
-14.0559,142.1413,373.8,1.1,1,2014-10-24,0045,Terra,MODIS,100,6.2,311.4,130.9,D,0
-14.0184,142.1473,363.8,1.1,1,2014-10-24,0045,Terra,MODIS,100,6.2,309.1,93.1,D,0
-14.0262,142.1357,338.3,1.1,1,2014-10-24,0045,Terra,MODIS,60,6.2,307.9,29.9,D,0
-14.0246,142.1256,333.9,1.1,1,2014-10-24,0045,Terra,MODIS,78,6.2,306.3,25.8,D,0
-14.0543,142.1312,405.6,1.1,1,2014-10-24,0045,Terra,MODIS,100,6.2,311.7,315.3,D,0
-14.034,142.1241,399.9,1.1,1,2014-10-24,0045,Terra,MODIS,100,6.2,317.5,277.4,D,0
-14.0418,142.1125,354.9,1.1,1,2014-10-24,0045,Terra,MODIS,97,6.2,303.9,73.9,D,0
-12.0513,141.8898,333.3,1.2,1.1,2014-10-24,0045,Terra,MODIS,79,6.2,308.6,21.9,D,0
-12.0594,141.8774,327.4,1.2,1.1,2014-10-24,0045,Terra,MODIS,65,6.2,308.1,12.3,D,0
-12.457,136.6315,320.1,2.7,1.6,2014-10-24,0045,Terra,MODIS,47,6.2,296.5,36.7,D,0
-12.0611,141.8882,330.1,1.2,1.1,2014-10-24,0045,Terra,MODIS,74,6.2,308,16.1,D,0
-14.0527,142.1211,360.2,1.1,1,2014-10-24,0045,Terra,MODIS,100,6.2,302.7,86.2,D,0
-14.0449,142.1327,334.8,1.1,1,2014-10-24,0045,Terra,MODIS,49,6.2,309.9,24.1,D,0
-14.0434,142.1226,392.9,1.1,1,2014-10-24,0045,Terra,MODIS,100,6.2,313.2,232,D,0
-12.8023,136.0799,321.7,3,1.6,2014-10-24,0045,Terra,MODIS,63,6.2,303.1,38.1,D,0
-12.2155,141.7621,340,1.2,1.1,2014-10-24,0045,Terra,MODIS,0,6.2,310.6,37.2,D,0
-12.8072,136.1067,322.3,3,1.6,2014-10-24,0045,Terra,MODIS,65,6.2,303,44.4,D,0
-12.3174,142.6345,335.2,1.1,1,2014-10-24,0045,Terra,MODIS,80,6.2,310.8,18.7,D,0
-12.3224,142.6273,345.6,1.1,1,2014-10-24,0045,Terra,MODIS,90,6.2,311.5,38,D,0
-12.3239,142.6371,330.8,1.1,1,2014-10-24,0045,Terra,MODIS,43,6.2,310.3,11.7,D,0
-12.3317,142.6258,334.1,1.1,1,2014-10-24,0045,Terra,MODIS,79,6.2,311.1,16.9,D,0
-12.3333,142.6357,327.6,1.1,1,2014-10-24,0045,Terra,MODIS,30,6.2,309.1,7.4,D,0
-12.3411,142.6243,335.7,1.1,1,2014-10-24,0045,Terra,MODIS,81,6.2,311.1,19.7,D,0
-12.9425,136.4253,321.5,2.8,1.6,2014-10-24,0045,Terra,MODIS,63,6.2,300.4,45.7,D,0
-12.9241,135.4174,322,3.3,1.7,2014-10-24,0045,Terra,MODIS,50,6.2,303.6,44.8,D,0
-11.6133,142.4379,334.8,1.1,1.1,2014-10-24,0045,Terra,MODIS,83,6.2,305.3,24.7,D,0
-12.8472,142.3842,334.4,1.1,1,2014-10-24,0045,Terra,MODIS,67,6.2,313.9,15.9,D,0
-14.6061,144.5797,318.5,1,1,2014-10-24,0045,Terra,MODIS,43,6.2,296.5,9.1,D,0
-13.6304,141.6503,346,1.2,1.1,2014-10-24,0045,Terra,MODIS,91,6.2,314.4,43.7,D,0
-12.8023,136.0858,324,3,1.6,2014-10-24,0045,Terra,MODIS,69,6.2,303.2,49.3,D,0
-13.303,142.1038,328.7,1.1,1.1,2014-10-24,0045,Terra,MODIS,67,6.2,307.5,9.8,D,0
-13.6401,141.6487,332.5,1.2,1.1,2014-10-24,0045,Terra,MODIS,58,6.2,311.5,18.6,D,0
-13.4546,135.7927,328.4,3,1.7,2014-10-24,0045,Terra,MODIS,75,6.2,302.6,80.8,D,0
-13.4554,135.7986,327.8,3,1.7,2014-10-24,0045,Terra,MODIS,75,6.2,302.3,74.1,D,0
-15.087,145.1707,336.8,1,1,2014-10-24,0045,Terra,MODIS,85,6.2,302.1,31.9,D,0
-11.6149,142.4482,326.7,1.1,1.1,2014-10-24,0045,Terra,MODIS,45,6.2,304.8,13.3,D,0
-12.3426,142.6342,328.8,1.1,1,2014-10-24,0045,Terra,MODIS,51,6.2,309.4,8.6,D,0
-12.9401,136.4327,319,2.8,1.6,2014-10-24,0045,Terra,MODIS,54,6.2,300.6,35.2,D,0
-12.3597,142.6214,335.1,1.1,1,2014-10-24,0045,Terra,MODIS,80,6.2,310.5,19.1,D,0
-12.3504,142.6228,341,1.1,1,2014-10-24,0045,Terra,MODIS,87,6.2,310.9,29.1,D,0
-14.7529,144.4505,342.6,1,1,2014-10-24,0045,Terra,MODIS,90,6.2,310.1,32.8,D,0
-12.9262,143.1268,338.6,1,1,2014-10-24,0045,Terra,MODIS,75,6.2,305.6,30.8,D,0
-12.9247,143.1173,350.3,1,1,2014-10-24,0045,Terra,MODIS,94,6.2,307.5,53.8,D,0
-13.3391,134.3463,325.7,3.9,1.8,2014-10-24,0045,Terra,MODIS,71,6.2,306.2,81.2,D,0
-13.3344,134.3546,322.6,3.9,1.8,2014-10-24,0045,Terra,MODIS,42,6.2,305.2,53,D,0
-14.6116,144.4273,369.3,1,1,2014-10-24,0045,Terra,MODIS,100,6.2,309.5,99.9,D,0
-12.3473,142.8311,327.4,1.1,1,2014-10-24,0045,Terra,MODIS,30,6.2,307.4,10.7,D,0
-13.9154,142.2008,343.3,1.1,1,2014-10-24,0045,Terra,MODIS,89,6.2,314.8,43,D,0
-13.9325,142.1878,348.6,1.1,1,2014-10-24,0045,Terra,MODIS,93,6.2,306.6,53.2,D,0
-13.8215,142.2901,333.3,1.1,1,2014-10-24,0045,Terra,MODIS,78,6.2,310.7,15.5,D,0
-13.9185,142.2209,339.3,1.1,1,2014-10-24,0045,Terra,MODIS,23,6.2,313.1,25.3,D,0
-13.9122,142.2182,344.4,1.1,1,2014-10-24,0045,Terra,MODIS,90,6.2,312.4,28.6,D,0
-14.1199,142.2682,368,1.1,1,2014-10-24,0045,Terra,MODIS,100,6.2,312.4,99.8,D,0
-13.9138,142.1908,350.5,1.1,1,2014-10-24,0045,Terra,MODIS,94,6.2,313.5,61.7,D,0
-13.9419,142.1863,326.2,1.1,1,2014-10-24,0045,Terra,MODIS,37,6.2,305.8,12.5,D,0
-13.9575,142.2249,337.8,1.1,1,2014-10-24,0045,Terra,MODIS,82,6.2,312,21.3,D,0
-12.4282,142.882,331.7,1.1,1,2014-10-24,0045,Terra,MODIS,72,6.2,307.3,19.5,D,0
-12.9768,143.161,327.6,1,1,2014-10-24,0045,Terra,MODIS,51,6.2,309.1,12.9,D,0
-12.5762,142.7063,339.1,1.1,1,2014-10-24,0045,Terra,MODIS,77,6.2,311.1,25,D,0
-13.8152,142.3114,342.4,1.1,1,2014-10-24,0045,Terra,MODIS,88,6.2,314.1,33.1,D,0
-14.0434,142.2461,344.7,1.1,1,2014-10-24,0045,Terra,MODIS,90,6.2,306.4,36.3,D,0
-13.9279,142.2194,344.4,1.1,1,2014-10-24,0045,Terra,MODIS,67,6.2,311.8,33.1,D,0
-14.1323,142.2866,339.1,1.1,1,2014-10-24,0045,Terra,MODIS,39,6.2,311.8,24.6,D,0
-13.7857,142.2444,349.4,1.1,1,2014-10-24,0045,Terra,MODIS,93,6.2,311.7,51.4,D,0
-14.3423,142.5124,328.2,1.1,1,2014-10-24,0045,Terra,MODIS,64,6.2,307,10.5,D,0
-14.0902,142.177,358.4,1.1,1,2014-10-24,0045,Terra,MODIS,99,6.2,308,78.4,D,0
-12.5395,136.0697,325.1,3,1.7,2014-10-24,0045,Terra,MODIS,22,6.2,302.8,58.9,D,0
-12.7817,142.3079,335.3,1.1,1.1,2014-10-24,0045,Terra,MODIS,49,6.2,314.3,14.9,D,0
-13.7981,142.2629,353.5,1.1,1,2014-10-24,0045,Terra,MODIS,96,6.2,312.9,59.1,D,0
-12.4083,142.8751,338,1.1,1,2014-10-24,0045,Terra,MODIS,83,6.2,309.3,28.2,D,0
-12.4098,142.8849,332.4,1.1,1,2014-10-24,0045,Terra,MODIS,75,6.2,307.5,20.8,D,0
-14.3194,142.5326,333.6,1.1,1,2014-10-24,0045,Terra,MODIS,79,6.2,311.7,16.4,D,0
-12.9367,143.1349,337.5,1,1,2014-10-24,0045,Terra,MODIS,77,6.2,308.3,29.7,D,0
-14.0652,142.2016,327,1.1,1,2014-10-24,0045,Terra,MODIS,51,6.2,308.5,13,D,0
-14.1401,142.2138,344,1.1,1,2014-10-24,0045,Terra,MODIS,79,6.2,312.4,37.1,D,0
-14.1276,142.1953,371.5,1.1,1,2014-10-24,0045,Terra,MODIS,100,6.2,309,120,D,0
-12.7581,142.2804,342.6,1.1,1.1,2014-10-24,0045,Terra,MODIS,88,6.2,311.6,31.3,D,0
-14.1261,142.1853,344.3,1.1,1,2014-10-24,0045,Terra,MODIS,81,6.2,304.4,42.2,D,0
-14.123,142.2269,354.9,1.1,1,2014-10-24,0045,Terra,MODIS,97,6.2,310.6,58.9,D,0
-14.1246,142.2368,339.3,1.1,1,2014-10-24,0045,Terra,MODIS,78,6.2,309,23.2,D,0
-14.1152,142.2383,333.8,1.1,1,2014-10-24,0045,Terra,MODIS,65,6.2,307.4,13.8,D,0
-14.0965,142.1797,353.5,1.1,1,2014-10-24,0045,Terra,MODIS,96,6.2,308.8,56.1,D,0
-14.1292,142.2053,407.5,1.1,1,2014-10-24,0045,Terra,MODIS,100,6.2,316.7,320.9,D,0
-12.2918,142.8398,341.7,1.1,1,2014-10-24,0045,Terra,MODIS,87,6.2,306.7,37,D,0
-14.0933,142.1596,339.8,1.1,1,2014-10-24,0045,Terra,MODIS,40,6.2,306.1,32.2,D,0
-14.1308,142.2153,353.1,1.1,1,2014-10-24,0045,Terra,MODIS,96,6.2,310.6,54.7,D,0
-14.1432,142.295,339.3,1.1,1,2014-10-24,0045,Terra,MODIS,76,6.2,311.6,26.3,D,0
-13.8262,142.2585,338.3,1.1,1,2014-10-24,0045,Terra,MODIS,77,6.2,309.6,26.3,D,0
-14.0932,142.1971,330,1.1,1,2014-10-24,0045,Terra,MODIS,21,6.2,307.2,15.5,D,0
-14.1245,142.1752,349.2,1.1,1,2014-10-24,0045,Terra,MODIS,92,6.2,304.2,54.9,D,0
-14.0949,142.1697,351.4,1.1,1,2014-10-24,0045,Terra,MODIS,84,6.2,308.3,54.1,D,0
-12.5669,142.7077,334.2,1.1,1,2014-10-24,0045,Terra,MODIS,51,6.2,310,18,D,0
-14.1183,142.1968,333.9,1.1,1,2014-10-24,0045,Terra,MODIS,47,6.2,306.9,18.4,D,0
-14.1199,142.2068,374,1.1,1,2014-10-24,0045,Terra,MODIS,100,6.2,312.8,125.3,D,0
-14.0899,142.3,336.9,1.1,1,2014-10-24,0045,Terra,MODIS,62,6.2,308.8,20.3,D,0
-14.1214,142.2168,377.7,1.1,1,2014-10-24,0045,Terra,MODIS,100,6.2,312.9,139.4,D,0
-14.3266,144.3031,337.8,1,1,2014-10-24,0045,Terra,MODIS,64,6.2,308.6,27.4,D,0
-13.7544,142.1667,346,1.1,1,2014-10-24,0045,Terra,MODIS,91,6.2,309.7,45.9,D,0
-13.7872,142.2543,368.1,1.1,1,2014-10-24,0045,Terra,MODIS,100,6.2,316.3,105.7,D,0
-13.9356,142.2079,373.8,1.1,1,2014-10-24,0045,Terra,MODIS,100,6.2,315.2,122.2,D,0
-14.1494,142.2736,353.9,1.1,1,2014-10-24,0045,Terra,MODIS,96,6.2,312.2,55.2,D,0
-12.6956,136.0002,322.4,3,1.7,2014-10-24,0045,Terra,MODIS,64,6.2,302,40.3,D,0
-13.8373,142.1683,331.6,1.1,1,2014-10-24,0045,Terra,MODIS,73,6.2,308.8,19.9,D,0
-14.031,142.289,333.9,1.1,1,2014-10-24,0045,Terra,MODIS,67,6.2,313.5,12.2,D,0
-12.399,142.8766,330.4,1.1,1,2014-10-24,0045,Terra,MODIS,61,6.2,307.8,17.6,D,0
-12.7455,142.2615,342.2,1.1,1.1,2014-10-24,0045,Terra,MODIS,88,6.2,310.2,32.6,D,0
-14.1308,142.2767,369.7,1.1,1,2014-10-24,0045,Terra,MODIS,100,6.2,315.1,106,D,0
-13.8168,142.2599,357,1.1,1,2014-10-24,0045,Terra,MODIS,98,6.2,310.1,69.4,D,0
-14.059,142.1615,329.5,1.1,1,2014-10-24,0045,Terra,MODIS,36,6.2,306.9,14.4,D,0
-14.0372,142.2676,339.3,1.1,1,2014-10-24,0045,Terra,MODIS,86,6.2,313.5,21.7,D,0
-12.7487,142.2819,342.3,1.1,1.1,2014-10-24,0045,Terra,MODIS,88,6.2,311.4,32.5,D,0
-13.8167,142.3214,333.6,1.1,1,2014-10-24,0045,Terra,MODIS,80,6.2,311.6,17.5,D,0
-13.9933,142.2089,348.7,1.1,1,2014-10-24,0045,Terra,MODIS,93,6.2,311,42.9,D,0
-13.8389,142.1784,329.7,1.1,1,2014-10-24,0045,Terra,MODIS,54,6.2,309.3,16.5,D,0
-14.0106,142.1589,388,1.1,1,2014-10-24,0045,Terra,MODIS,100,6.2,314.1,196.2,D,0
-14.3432,144.291,331.4,1,1,2014-10-24,0045,Terra,MODIS,54,6.2,306,17.4,D,0
-14.0559,142.2031,333.3,1.1,1,2014-10-24,0045,Terra,MODIS,79,6.2,308.6,21.1,D,0
-12.7927,142.3165,334.8,1.1,1.1,2014-10-24,0045,Terra,MODIS,72,6.2,314.9,14.6,D,0
-12.9382,143.1444,328.5,1,1,2014-10-24,0045,Terra,MODIS,25,6.2,306.7,17,D,0
-14.0465,142.2661,354.8,1.1,1,2014-10-24,0045,Terra,MODIS,97,6.2,313.4,57.6,D,0
-14.045,142.2561,387.6,1.1,1,2014-10-24,0045,Terra,MODIS,100,6.2,313.9,187.2,D,0
-13.984,142.2104,348.2,1.1,1,2014-10-24,0045,Terra,MODIS,93,6.2,312.5,43.2,D,0
-14.1292,142.2667,401.5,1.1,1,2014-10-24,0045,Terra,MODIS,100,6.2,317.6,271.6,D,0
-13.7903,142.2744,350.2,1.1,1,2014-10-24,0045,Terra,MODIS,94,6.2,316.4,52.1,D,0
-13.795,142.2429,382.7,1.1,1,2014-10-24,0045,Terra,MODIS,100,6.2,311.9,171.1,D,0
-14.1184,142.2583,336.3,1.1,1,2014-10-24,0045,Terra,MODIS,69,6.2,307.6,17.2,D,0
-14.0525,142.4877,329.6,1.1,1,2014-10-24,0045,Terra,MODIS,60,6.2,312.4,9.6,D,0
-14.1168,142.2483,333.3,1.1,1,2014-10-24,0045,Terra,MODIS,62,6.2,306,12.2,D,0
-13.8153,142.2499,333,1.1,1,2014-10-24,0045,Terra,MODIS,68,6.2,306.1,20.1,D,0
-13.9653,142.2133,339,1.1,1,2014-10-24,0045,Terra,MODIS,63,6.2,310.3,24.8,D,0
-13.8405,142.2502,358.7,1.1,1,2014-10-24,0045,Terra,MODIS,99,6.2,316.2,72.9,D,0
-13.839,142.2402,366.9,1.1,1,2014-10-24,0045,Terra,MODIS,100,6.2,313.9,100.6,D,0
-13.8312,142.2517,340.9,1.1,1,2014-10-24,0045,Terra,MODIS,79,6.2,311.3,30.8,D,0
-13.8184,142.27,352.1,1.1,1,2014-10-24,0045,Terra,MODIS,95,6.2,309.3,55,D,0
-13.756,142.1769,334,1.1,1,2014-10-24,0045,Terra,MODIS,80,6.2,307.4,22,D,0
-13.9918,142.1988,373.5,1.1,1,2014-10-24,0045,Terra,MODIS,100,6.2,310.1,124,D,0
-13.7466,142.1783,328.2,1.1,1,2014-10-24,0045,Terra,MODIS,72,6.2,308.1,12.4,D,0
-13.9231,142.1893,352.1,1.1,1,2014-10-24,0045,Terra,MODIS,95,6.2,304.7,64.2,D,0
-12.9504,142.3309,331.3,1.1,1,2014-10-24,0045,Terra,MODIS,68,6.2,313.2,10.4,D,0
-12.3011,142.8384,326,1.1,1,2014-10-24,0045,Terra,MODIS,30,6.2,306.9,12.8,D,0
-14.1261,142.2468,382.1,1.1,1,2014-10-24,0045,Terra,MODIS,100,6.2,312.7,157.1,D,0
-14.0543,142.2546,335.4,1.1,1,2014-10-24,0045,Terra,MODIS,64,6.2,310.7,17.5,D,0
-14.0294,142.279,347.6,1.1,1,2014-10-24,0045,Terra,MODIS,92,6.2,313.1,38.6,D,0
-14.0837,142.3213,333.6,1.1,1,2014-10-24,0045,Terra,MODIS,57,6.2,310.4,13.7,D,0
-13.7638,142.1652,329.1,1.1,1,2014-10-24,0045,Terra,MODIS,73,6.2,306.3,16.3,D,0
-14.1168,142.3094,336.2,1.1,1,2014-10-24,0045,Terra,MODIS,77,6.2,309.8,23,D,0
-14.1153,142.2995,339.1,1.1,1,2014-10-24,0045,Terra,MODIS,82,6.2,308.4,27.6,D,0
-13.9963,142.2904,345.1,1.1,1,2014-10-24,0045,Terra,MODIS,90,6.2,311.7,34.6,D,0
-14.0917,142.1871,340.2,1.1,1,2014-10-24,0045,Terra,MODIS,85,6.2,307.3,32.5,D,0
-12.3026,142.8481,330.7,1.1,1,2014-10-24,0045,Terra,MODIS,73,6.2,305.7,20.1,D,0
-14.0944,142.3905,331.2,1.1,1,2014-10-24,0045,Terra,MODIS,32,6.2,310.4,11.5,D,0
-14.0637,142.1916,337.8,1.1,1,2014-10-24,0045,Terra,MODIS,84,6.2,309.1,29.8,D,0
-13.826,142.32,353.9,1.1,1,2014-10-24,0045,Terra,MODIS,96,6.2,312.5,58,D,0
-14.0822,142.3114,339,1.1,1,2014-10-24,0045,Terra,MODIS,84,6.2,311.6,22.8,D,0
-13.987,142.2919,344.2,1.1,1,2014-10-24,0045,Terra,MODIS,90,6.2,312,33,D,0
-13.9263,142.2094,388.9,1.1,1,2014-10-24,0045,Terra,MODIS,100,6.2,315.6,197.9,D,0
-14.137,142.1938,435.6,1.1,1,2014-10-24,0045,Terra,MODIS,100,6.2,320.6,601.4,D,0
-13.7888,142.2644,354.6,1.1,1,2014-10-24,0045,Terra,MODIS,97,6.2,316.5,62.4,D,0
-14.1385,142.2038,411.3,1.1,1,2014-10-24,0045,Terra,MODIS,100,6.2,322,353.9,D,0
-12.3975,142.8668,328.7,1.1,1,2014-10-24,0045,Terra,MODIS,41,6.2,308.7,14.4,D,0
-14.0574,142.2132,330.1,1.1,1,2014-10-24,0045,Terra,MODIS,55,6.2,307.8,16,D,0
-14.096,142.3396,336.1,1.1,1,2014-10-24,0045,Terra,MODIS,51,6.2,311,17.5,D,0
-14.0976,142.3495,339.7,1.1,1,2014-10-24,0045,Terra,MODIS,78,6.2,309.8,23.5,D,0
-14.1084,142.3579,336.1,1.1,1,2014-10-24,0045,Terra,MODIS,35,6.2,310.1,20.4,D,0
-13.945,142.2063,363.5,1.1,1,2014-10-24,0045,Terra,MODIS,100,6.2,312.3,87.4,D,0
-13.9855,142.2204,338.5,1.1,1,2014-10-24,0045,Terra,MODIS,85,6.2,313.1,21.3,D,0
-14.0356,142.2576,335.1,1.1,1,2014-10-24,0045,Terra,MODIS,76,6.2,312.8,14.9,D,0
-13.9372,142.2178,336.2,1.1,1,2014-10-24,0045,Terra,MODIS,40,6.2,313.6,16.5,D,0
-13.9076,142.188,347.1,1.1,1,2014-10-24,0045,Terra,MODIS,74,6.2,314.2,43.4,D,0
-14.0621,142.1815,337.3,1.1,1,2014-10-24,0045,Terra,MODIS,84,6.2,307.3,27.5,D,0
-14.1099,142.3678,341.2,1.1,1,2014-10-24,0045,Terra,MODIS,66,6.2,309.9,29.9,D,0
-14.02,142.1574,356.3,1.1,1,2014-10-24,0045,Terra,MODIS,98,6.2,311.3,67.6,D,0
-14.3522,144.2897,324,1,1,2014-10-24,0045,Terra,MODIS,45,6.2,306.3,9.9,D,0
-12.7549,142.26,356.7,1.1,1.1,2014-10-24,0045,Terra,MODIS,98,6.2,313.6,66.9,D,0
-14.1479,142.2023,349.3,1.1,1,2014-10-24,0045,Terra,MODIS,93,6.2,306.9,52.6,D,0
-14.1277,142.2568,415,1.1,1,2014-10-24,0045,Terra,MODIS,100,6.2,320.1,375,D,0
-14.051,142.4779,338.1,1.1,1,2014-10-24,0045,Terra,MODIS,84,6.2,313,22.5,D,0
-14.1021,142.3792,342.9,1.1,1,2014-10-24,0045,Terra,MODIS,84,6.2,311.1,32.6,D,0
-13.9122,142.1807,323.6,1.1,1,2014-10-24,0045,Terra,MODIS,58,6.2,307.2,14,D,0
-14.3377,142.5431,338.4,1.1,1,2014-10-24,0045,Terra,MODIS,84,6.2,310,25,D,0
-13.8277,142.2685,337.5,1.1,1,2014-10-24,0045,Terra,MODIS,80,6.2,311.1,22.7,D,0
-14.0122,142.1689,363.4,1.1,1,2014-10-24,0045,Terra,MODIS,100,6.2,313.2,87.5,D,0
-13.9341,142.1978,415.2,1.1,1,2014-10-24,0045,Terra,MODIS,100,6.2,319.7,389.3,D,0
-12.7833,142.318,357.6,1.1,1.1,2014-10-24,0045,Terra,MODIS,98,6.2,314.3,67,D,0
-14.0527,142.183,340,1.1,1,2014-10-24,0045,Terra,MODIS,86,6.2,308.3,31.7,D,0
-14.0512,142.173,328.1,1.1,1,2014-10-24,0045,Terra,MODIS,46,6.2,307.3,11.6,D,0
-12.9459,143.1335,335.7,1,1,2014-10-24,0045,Terra,MODIS,77,6.2,306.7,24.7,D,0
-12.7565,142.2702,349,1.1,1.1,2014-10-24,0045,Terra,MODIS,93,6.2,312.4,44.8,D,0
-13.9247,142.1993,384.8,1.1,1,2014-10-24,0045,Terra,MODIS,100,6.2,313.6,183.4,D,0
-13.9434,142.1963,404.1,1.1,1,2014-10-24,0045,Terra,MODIS,100,6.2,315.8,300.3,D,0
-12.5239,142.4911,329.4,1.1,1,2014-10-24,0045,Terra,MODIS,67,6.2,310.7,12.3,D,0
-13.8291,142.3399,335.9,1.1,1,2014-10-24,0045,Terra,MODIS,76,6.2,309.9,21,D,0
-13.7966,142.2529,358.5,1.1,1,2014-10-24,0045,Terra,MODIS,99,6.2,312.9,74.9,D,0
-13.9137,142.2282,363.5,1.1,1,2014-10-24,0045,Terra,MODIS,100,6.2,313.7,80.4,D,0
-14.1215,142.2782,337.7,1.1,1,2014-10-24,0045,Terra,MODIS,62,6.2,310,21,D,0
-13.9885,142.3018,328.8,1.1,1,2014-10-24,0045,Terra,MODIS,44,6.2,310.7,6.5,D,0
-13.8276,142.33,343.9,1.1,1,2014-10-24,0045,Terra,MODIS,90,6.2,311.6,34.8,D,0
-15.2493,142.2946,351.5,1.1,1,2014-10-24,0046,Terra,MODIS,94,6.2,313.3,53.4,D,0
-15.2646,142.3322,371.1,1.1,1,2014-10-24,0046,Terra,MODIS,100,6.2,312,110.1,D,0
-15.209,142.4472,331.2,1,1,2014-10-24,0046,Terra,MODIS,50,6.2,312,12.5,D,0
-16.413,142.4879,338.9,1,1,2014-10-24,0046,Terra,MODIS,48,6.2,315.9,17.9,D,0
-16.3658,142.5443,332,1,1,2014-10-24,0046,Terra,MODIS,17,6.2,315.3,11,D,0
-15.265,142.151,332.7,1.1,1,2014-10-24,0046,Terra,MODIS,68,6.2,309.6,15.3,D,0
-15.3524,143.0894,333.8,1,1,2014-10-24,0046,Terra,MODIS,50,6.2,313.1,14.9,D,0
-17.8654,144.5499,358.2,1,1,2014-10-24,0046,Terra,MODIS,99,6.2,315.3,68.8,D,0
-15.2558,142.1525,336.7,1.1,1,2014-10-24,0046,Terra,MODIS,79,6.2,309.5,22.4,D,0
-15.2354,142.3269,358.9,1.1,1,2014-10-24,0046,Terra,MODIS,99,6.2,313.3,66.6,D,0
-15.3062,142.1889,331.6,1.1,1,2014-10-24,0046,Terra,MODIS,72,6.2,313.9,12.6,D,0
-15.3186,142.1465,336.6,1.1,1,2014-10-24,0046,Terra,MODIS,44,6.2,315.8,17.8,D,0
-16.6238,142.7239,336.8,1,1,2014-10-24,0046,Terra,MODIS,68,6.2,317.5,13.5,D,0
-15.2573,142.1624,327.9,1.1,1,2014-10-24,0046,Terra,MODIS,43,6.2,308.7,8.8,D,0
-16.5065,142.4962,338.5,1,1,2014-10-24,0046,Terra,MODIS,52,6.2,316.4,16.1,D,0
-16.5171,142.5043,336.3,1,1,2014-10-24,0046,Terra,MODIS,55,6.2,316.4,14.7,D,0
-15.1998,142.4486,332.9,1,1,2014-10-24,0046,Terra,MODIS,69,6.2,310.8,14.2,D,0
-15.2601,142.3029,397.7,1.1,1,2014-10-24,0046,Terra,MODIS,100,6.2,309.5,242.5,D,0
-15.237,142.3367,353.8,1.1,1,2014-10-24,0046,Terra,MODIS,96,6.2,314.6,52.7,D,0
-15.1733,142.5813,333.1,1,1,2014-10-24,0046,Terra,MODIS,74,6.2,312.6,14.5,D,0
-15.1573,142.5899,339.1,1,1,2014-10-24,0046,Terra,MODIS,66,6.2,314.9,21,D,0
-15.2044,142.9619,335.3,1,1,2014-10-24,0046,Terra,MODIS,75,6.2,312.7,17.9,D,0
-15.2616,142.3127,400.5,1.1,1,2014-10-24,0046,Terra,MODIS,100,6.2,309.4,258.7,D,0
-15.2584,142.3532,349.9,1.1,1,2014-10-24,0046,Terra,MODIS,93,6.2,313,46.1,D,0
-15.257,142.2834,339.5,1.1,1,2014-10-24,0046,Terra,MODIS,83,6.2,304.5,30.6,D,0
-15.1099,142.6465,336,1,1,2014-10-24,0046,Terra,MODIS,69,6.2,312.2,17.9,D,0
-15.2661,142.342,365.6,1.1,1,2014-10-24,0046,Terra,MODIS,100,6.2,310.3,91.3,D,0
-15.2631,142.3225,416.8,1.1,1,2014-10-24,0046,Terra,MODIS,100,6.2,318.1,380.2,D,0
-17.8575,144.5609,328.9,1,1,2014-10-24,0046,Terra,MODIS,66,6.2,311.1,12.2,D,0
-15.2676,142.3517,343.3,1.1,1,2014-10-24,0046,Terra,MODIS,87,6.2,310.4,34.3,D,0
-16.4552,142.4653,335.5,1,1,2014-10-24,0046,Terra,MODIS,52,6.2,316.2,11.8,D,0
-15.1953,142.9633,336,1,1,2014-10-24,0046,Terra,MODIS,55,6.2,312.2,18.4,D,0
-15.1981,142.4984,328.9,1,1,2014-10-24,0046,Terra,MODIS,47,6.2,308.5,10.2,D,0
-15.2435,142.9785,332.3,1,1,2014-10-24,0046,Terra,MODIS,58,6.2,311.7,14.1,D,0
-16.381,142.5224,341.5,1,1,2014-10-24,0046,Terra,MODIS,46,6.2,316.7,21.4,D,0
-15.233,142.9706,335.7,1,1,2014-10-24,0046,Terra,MODIS,79,6.2,312.9,17.6,D,0
-15.1966,142.4888,326.7,1,1,2014-10-24,0046,Terra,MODIS,22,6.2,307.9,7.6,D,0
-15.2508,142.3044,347.2,1.1,1,2014-10-24,0046,Terra,MODIS,90,6.2,313.5,42.9,D,0
-15.2278,142.3381,337.6,1.1,1,2014-10-24,0046,Terra,MODIS,81,6.2,311.5,18.7,D,0
-15.2058,142.9713,330.8,1,1,2014-10-24,0046,Terra,MODIS,40,6.2,310.8,12.6,D,0
-15.0877,142.6761,346.3,1,1,2014-10-24,0046,Terra,MODIS,90,6.2,312.3,35.9,D,0
-16.4658,142.4734,340.5,1,1,2014-10-24,0046,Terra,MODIS,51,6.2,317.5,19.9,D,0
-15.1948,142.5384,329.3,1,1,2014-10-24,0046,Terra,MODIS,41,6.2,311.3,9.6,D,0
-15.2339,142.3171,349.1,1.1,1,2014-10-24,0046,Terra,MODIS,92,6.2,311.5,42.8,D,0
-17.8562,144.5512,331.5,1,1,2014-10-24,0046,Terra,MODIS,76,6.2,314.5,15.3,D,0
-15.1872,142.5495,353.6,1,1,2014-10-24,0046,Terra,MODIS,96,6.2,314.2,53.7,D,0
-15.2588,142.1723,333.9,1.1,1,2014-10-24,0046,Terra,MODIS,75,6.2,309.2,16.9,D,0
-15.2149,142.9699,339.4,1,1,2014-10-24,0046,Terra,MODIS,84,6.2,311.5,24.1,D,0
-16.3496,142.5535,342.6,1,1,2014-10-24,0046,Terra,MODIS,71,6.2,317,23.9,D,0
-15.2665,142.1609,328.2,1.1,1,2014-10-24,0046,Terra,MODIS,43,6.2,309.3,8.5,D,0
-15.1933,142.5288,333.9,1,1,2014-10-24,0046,Terra,MODIS,75,6.2,312.7,15.9,D,0
-15.0388,142.723,339.6,1,1,2014-10-24,0046,Terra,MODIS,51,6.2,313.7,24.4,D,0
-15.2324,142.3074,341.6,1.1,1,2014-10-24,0046,Terra,MODIS,85,6.2,309.2,28.1,D,0
-15.2522,142.3741,333.3,1.1,1,2014-10-24,0046,Terra,MODIS,57,6.2,311.7,12.4,D,0
-15.1629,142.5139,341.6,1,1,2014-10-24,0046,Terra,MODIS,85,6.2,313.6,26.6,D,0
-15.2614,142.3727,335.5,1.1,1,2014-10-24,0046,Terra,MODIS,73,6.2,311.5,19,D,0
-15.246,142.395,333.1,1.1,1,2014-10-24,0046,Terra,MODIS,36,6.2,312.8,13,D,0
-15.181,142.5702,367.1,1,1,2014-10-24,0046,Terra,MODIS,100,6.2,313.3,92.9,D,0
-15.2569,142.3435,332.9,1.1,1,2014-10-24,0046,Terra,MODIS,50,6.2,310.7,13.8,D,0
-16.4283,142.4658,339.8,1,1,2014-10-24,0046,Terra,MODIS,69,6.2,317.3,18.6,D,0
-15.3614,143.088,335.2,1,1,2014-10-24,0046,Terra,MODIS,64,6.2,312.6,16.6,D,0
-16.5591,142.4813,330.5,1,1,2014-10-24,0046,Terra,MODIS,50,6.2,313.9,6,D,0
-15.1548,142.5114,350.1,1,1,2014-10-24,0046,Terra,MODIS,93,6.2,315,43,D,0
-15.2478,142.2849,338.4,1.1,1,2014-10-24,0046,Terra,MODIS,81,6.2,310.1,28.3,D,0
-15.331,142.1039,338.5,1.1,1,2014-10-24,0046,Terra,MODIS,66,6.2,312.2,21.1,D,0
-15.2539,142.324,344.5,1.1,1,2014-10-24,0046,Terra,MODIS,78,6.2,309.4,33.8,D,0
-15.2475,142.4047,343,1.1,1,2014-10-24,0046,Terra,MODIS,87,6.2,311.6,30.7,D,0
-15.2523,142.3142,359.1,1.1,1,2014-10-24,0046,Terra,MODIS,99,6.2,313.6,71.1,D,0
-15.0556,142.7106,333.8,1,1,2014-10-24,0046,Terra,MODIS,24,6.2,313.2,14.6,D,0
-15.2599,142.3629,338.4,1.1,1,2014-10-24,0046,Terra,MODIS,81,6.2,311.9,23.1,D,0
-15.1704,142.5621,339.8,1,1,2014-10-24,0046,Terra,MODIS,84,6.2,315.6,23.1,D,0
-16.5786,142.7311,334.9,1,1,2014-10-24,0046,Terra,MODIS,62,6.2,316.7,11.6,D,0
-15.1614,142.5043,339.1,1,1,2014-10-24,0046,Terra,MODIS,83,6.2,314.4,22.2,D,0
-15.201,142.5177,332.6,1,1,2014-10-24,0046,Terra,MODIS,61,6.2,311.3,14.4,D,0
-15.2985,142.2003,336.7,1.1,1,2014-10-24,0046,Terra,MODIS,80,6.2,313.5,20.4,D,0
-16.6253,142.7334,335.5,1,1,2014-10-24,0046,Terra,MODIS,51,6.2,316.7,12.2,D,0
-15.2537,142.3839,337.9,1.1,1,2014-10-24,0046,Terra,MODIS,79,6.2,310.8,21.1,D,0
-15.165,142.5788,343.3,1,1,2014-10-24,0046,Terra,MODIS,87,6.2,315.3,29,D,0
-15.1718,142.5717,369.5,1,1,2014-10-24,0046,Terra,MODIS,100,6.2,318.9,100.2,D,0
-15.3078,142.1381,336.7,1.1,1,2014-10-24,0046,Terra,MODIS,41,6.2,313.3,15.8,D,0
-15.2293,142.3479,336.1,1.1,1,2014-10-24,0046,Terra,MODIS,79,6.2,313.5,17,D,0
-18.2926,145.9114,324.2,1.2,1.1,2014-10-24,0046,Terra,MODIS,65,6.2,299.7,22.3,D,0
-16.5682,142.7198,340.9,1,1,2014-10-24,0046,Terra,MODIS,54,6.2,317.5,20.1,D,0
-16.4207,142.4769,337.7,1,1,2014-10-24,0046,Terra,MODIS,30,6.2,317.2,15.6,D,0
-15.2585,142.2932,363.6,1.1,1,2014-10-24,0046,Terra,MODIS,100,6.2,305.4,87.5,D,0
-15.1995,142.5081,343.3,1,1,2014-10-24,0046,Terra,MODIS,87,6.2,309.8,32.7,D,0
-15.1886,142.5591,336.7,1,1,2014-10-24,0046,Terra,MODIS,79,6.2,312.4,19.8,D,0
-16.4869,142.4896,341.6,1,1,2014-10-24,0046,Terra,MODIS,77,6.2,317.5,22.7,D,0
-15.1795,142.5606,349.4,1,1,2014-10-24,0046,Terra,MODIS,93,6.2,312.6,42.5,D,0
-15.2344,142.9799,336.2,1,1,2014-10-24,0046,Terra,MODIS,78,6.2,311.9,19.7,D,0
-15.2911,142.1974,332.1,1.1,1,2014-10-24,0046,Terra,MODIS,41,6.2,312.8,11.6,D,0
-16.5772,142.7217,335.6,1,1,2014-10-24,0046,Terra,MODIS,69,6.2,317.9,12.2,D,0
-13.9283,135.783,319.9,3,1.6,2014-10-24,0046,Terra,MODIS,44,6.2,304.8,23.1,D,0
-14.0176,135.3516,329,3.2,1.7,2014-10-24,0046,Terra,MODIS,76,6.2,305.6,84.4,D,0
-14.0143,135.345,327,3.2,1.7,2014-10-24,0046,Terra,MODIS,73,6.2,306.3,74.5,D,0
-17.0227,139.014,327.9,1.5,1.2,2014-10-24,0046,Terra,MODIS,59,6.2,305.5,17.3,D,0
-16.7544,142.3096,332.6,1,1,2014-10-24,0046,Terra,MODIS,68,6.2,317.6,8.4,D,0
-16.9423,142.6382,336.9,1,1,2014-10-24,0046,Terra,MODIS,62,6.2,317.6,15.7,D,0
-16.9243,142.6379,339.6,1,1,2014-10-24,0046,Terra,MODIS,72,6.2,317.3,18.1,D,0
-16.9835,142.2439,336.6,1,1,2014-10-24,0046,Terra,MODIS,78,6.2,318.1,15,D,0
-16.982,142.2343,332.3,1,1,2014-10-24,0046,Terra,MODIS,64,6.2,317.2,9.2,D,0
-17.0397,138.9822,324.4,1.5,1.2,2014-10-24,0046,Terra,MODIS,49,6.2,303.3,17.4,D,0
-17.0481,138.9662,325.3,1.5,1.2,2014-10-24,0046,Terra,MODIS,49,6.2,301.2,19.7,D,0
-17.0505,138.9803,337,1.5,1.2,2014-10-24,0046,Terra,MODIS,84,6.2,302.4,46.8,D,0
-16.9684,142.2068,331,1,1,2014-10-24,0046,Terra,MODIS,39,6.2,315.9,9.1,D,0
-15.54,133.8527,332.6,3.8,1.8,2014-10-24,0046,Terra,MODIS,78,6.2,305.1,133.3,D,0
-15.5307,133.8919,328.5,3.8,1.8,2014-10-24,0046,Terra,MODIS,72,6.2,305.6,91.9,D,0
-15.5408,133.8955,324,3.8,1.8,2014-10-24,0046,Terra,MODIS,34,6.2,304.9,53.3,D,0
-15.534,133.8598,333.3,3.8,1.8,2014-10-24,0046,Terra,MODIS,79,6.2,305.3,135.5,D,0
-14.9905,142.7661,332.2,1,1,2014-10-24,0046,Terra,MODIS,66,6.2,309.8,13.7,D,0
-14.9828,142.777,332.3,1,1,2014-10-24,0046,Terra,MODIS,74,6.2,310.8,15.3,D,0
-14.9814,142.7675,347.9,1,1,2014-10-24,0046,Terra,MODIS,92,6.2,310.6,42,D,0
-15.5538,133.9235,323.2,3.8,1.8,2014-10-24,0046,Terra,MODIS,57,6.2,304.7,55.3,D,0
-15.0072,142.7537,339.4,1,1,2014-10-24,0046,Terra,MODIS,84,6.2,311.9,26,D,0
-16.8667,142.6859,331.8,1,1,2014-10-24,0046,Terra,MODIS,49,6.2,316.4,9.7,D,0
-14.989,142.7566,338.8,1,1,2014-10-24,0046,Terra,MODIS,83,6.2,309.1,23.6,D,0
-14.9981,142.7551,341.2,1,1,2014-10-24,0046,Terra,MODIS,86,6.2,312,28,D,0
-16.7372,142.6804,333.6,1,1,2014-10-24,0046,Terra,MODIS,36,6.2,316.4,12,D,0
-16.4374,141.6978,340.4,1.1,1,2014-10-24,0046,Terra,MODIS,81,6.2,314.2,26.8,D,0
-15.022,142.7354,334.9,1,1,2014-10-24,0046,Terra,MODIS,54,6.2,310.2,19.4,D,0
-16.7449,142.6695,339.8,1,1,2014-10-24,0046,Terra,MODIS,64,6.2,317.5,19.4,D,0
-15.3271,133.9144,324,3.8,1.8,2014-10-24,0046,Terra,MODIS,42,6.2,307,54.8,D,0
-16.6574,142.0933,330.8,1,1,2014-10-24,0046,Terra,MODIS,46,6.2,314.6,8.1,D,0
-16.2772,134.2515,332.4,3.5,1.8,2014-10-24,0046,Terra,MODIS,77,6.2,308.2,109.3,D,0
-16.2868,134.2436,322.7,3.5,1.8,2014-10-24,0046,Terra,MODIS,50,6.2,306.8,47.5,D,0
-16.9229,142.6284,335.7,1,1,2014-10-24,0046,Terra,MODIS,56,6.2,317.5,11.6,D,0
-16.4996,141.6668,339.9,1.1,1,2014-10-24,0046,Terra,MODIS,81,6.2,314.3,24,D,0
-16.5011,141.6769,352,1.1,1,2014-10-24,0046,Terra,MODIS,94,6.2,317.4,50.6,D,0
-16.5062,141.6701,349.5,1.1,1,2014-10-24,0046,Terra,MODIS,92,6.2,314.5,47.8,D,0
-16.5078,141.6802,335.7,1.1,1,2014-10-24,0046,Terra,MODIS,73,6.2,314.4,20.7,D,0
-15.4728,133.9814,325.3,3.8,1.8,2014-10-24,0046,Terra,MODIS,57,6.2,306.3,54.6,D,0
-17.0322,142.5011,337.4,1,1,2014-10-24,0046,Terra,MODIS,80,6.2,317.8,17.9,D,0
-20.3313,147.1673,327.1,1.5,1.2,2014-10-24,0047,Terra,MODIS,62,6.2,307.9,23.9,D,0
-20.3331,147.1819,330.2,1.5,1.2,2014-10-24,0047,Terra,MODIS,56,6.2,309.4,29.4,D,0
-20.3406,147.1519,345.5,1.5,1.2,2014-10-24,0047,Terra,MODIS,90,6.2,309.4,73.3,D,0
-20.3423,147.166,335.7,1.5,1.2,2014-10-24,0047,Terra,MODIS,75,6.2,310.3,41.6,D,0
-20.3441,147.1806,334.7,1.5,1.2,2014-10-24,0047,Terra,MODIS,65,6.2,310.2,37.2,D,0
-20.3515,147.1505,339.2,1.5,1.2,2014-10-24,0047,Terra,MODIS,85,6.2,308.7,52.6,D,0
-20.3533,147.1647,342.4,1.5,1.2,2014-10-24,0047,Terra,MODIS,88,6.2,310,60.9,D,0
-20.3568,147.1936,340,1.5,1.2,2014-10-24,0047,Terra,MODIS,77,6.2,310,47.3,D,0
-20.3586,147.2089,334.7,1.5,1.2,2014-10-24,0047,Terra,MODIS,80,6.2,307.5,32.5,D,0
-20.3695,147.2068,327.8,1.5,1.2,2014-10-24,0047,Terra,MODIS,39,6.2,307.3,16.3,D,0
-20.375,147.2517,328.5,1.5,1.2,2014-10-24,0047,Terra,MODIS,36,6.2,309,20.5,D,0
-20.3787,147.1907,349,1.5,1.2,2014-10-24,0047,Terra,MODIS,93,6.2,310.5,85.4,D,0
-20.377,147.1766,345.2,1.5,1.2,2014-10-24,0047,Terra,MODIS,90,6.2,307.7,71.2,D,0
-20.3805,147.205,330.2,1.5,1.2,2014-10-24,0047,Terra,MODIS,73,6.2,310.8,26.3,D,0
-20.386,147.2499,328.9,1.5,1.2,2014-10-24,0047,Terra,MODIS,42,6.2,309.8,23.7,D,0
-18.9626,132.0381,327.5,4.4,1.9,2014-10-24,0047,Terra,MODIS,41,6.2,308,88.1,D,0
-19.1097,131.9554,342.1,4.4,1.9,2014-10-24,0047,Terra,MODIS,87,6.2,307.2,259.8,D,0
-18.9798,132.0342,334.6,4.4,1.9,2014-10-24,0047,Terra,MODIS,72,6.2,307.6,163.8,D,0
-19.1098,131.9476,338.3,4.4,1.9,2014-10-24,0047,Terra,MODIS,79,6.2,307.3,214,D,0
-19.1276,131.9379,330.2,4.4,1.9,2014-10-24,0047,Terra,MODIS,61,6.2,305.4,134.3,D,0
-19.1182,131.9968,330.5,4.4,1.9,2014-10-24,0047,Terra,MODIS,48,6.2,306.2,119.2,D,0
-19.1271,131.9438,335.9,4.4,1.9,2014-10-24,0047,Terra,MODIS,73,6.2,305.6,196.3,D,0
-18.3797,132.6745,324.2,4.1,1.9,2014-10-24,0047,Terra,MODIS,22,6.2,305.9,56.8,D,0
-18.9634,132.0325,328.4,4.4,1.9,2014-10-24,0047,Terra,MODIS,39,6.2,308.6,93.7,D,0
-18.9806,132.0286,329.5,4.4,1.9,2014-10-24,0047,Terra,MODIS,36,6.2,308,98.4,D,0
-19.1185,131.989,337.7,4.4,1.9,2014-10-24,0047,Terra,MODIS,79,6.2,306.6,214.2,D,0
-19.6982,143.535,328.8,1,1,2014-10-24,0047,Terra,MODIS,52,6.2,311.4,12,D,0
-19.6711,143.5392,333.4,1,1,2014-10-24,0047,Terra,MODIS,73,6.2,313.2,17.3,D,0
-19.6968,143.5254,342.3,1,1,2014-10-24,0047,Terra,MODIS,86,6.2,314.7,32.2,D,0
-19.6892,143.5364,344.9,1,1,2014-10-24,0047,Terra,MODIS,88,6.2,316.8,36.7,D,0
-19.0669,132.0009,344.5,4.4,1.9,2014-10-24,0047,Terra,MODIS,89,6.2,307.7,302.9,D,0
-18.8593,132.1555,327.6,4.3,1.9,2014-10-24,0047,Terra,MODIS,45,6.2,307.3,85.2,D,0
-19.0494,132.0128,339.6,4.4,1.9,2014-10-24,0047,Terra,MODIS,84,6.2,308.3,229.1,D,0
-19.0666,132.0088,343.6,4.4,1.9,2014-10-24,0047,Terra,MODIS,88,6.2,307.4,287.8,D,0
-19.0497,132.0048,338.6,4.4,1.9,2014-10-24,0047,Terra,MODIS,83,6.2,308.8,218,D,0
-23.0357,147.3945,321.4,1.7,1.3,2014-10-24,0048,Terra,MODIS,28,6.2,307.9,16,D,0
-23.0473,147.3932,321.9,1.7,1.3,2014-10-24,0048,Terra,MODIS,43,6.2,307.6,16.2,D,0
-31.1789,132.7976,328.9,2.1,1.4,2014-10-24,0050,Terra,MODIS,73,6.2,309.8,30.2,D,0
-15.3157,125.4908,326.5,2.1,1.4,2014-10-24,0224,Terra,MODIS,57,6.2,302.4,34.6,D,0
-15.314,125.3711,325.4,2.1,1.4,2014-10-24,0224,Terra,MODIS,54,6.2,304.1,31.5,D,0
-16.4951,127.4748,337.2,3.2,1.7,2014-10-24,0224,Terra,MODIS,83,6.2,308.2,120.2,D,0
-15.8139,125.9696,324.9,2.4,1.5,2014-10-24,0224,Terra,MODIS,47,6.2,295.9,34.4,D,0
-14.2411,127.2605,323.5,2.8,1.6,2014-10-24,0224,Terra,MODIS,50,6.2,297.4,51.7,D,0
-14.2394,127.2674,321.9,2.8,1.6,2014-10-24,0224,Terra,MODIS,56,6.2,298.1,50.8,D,0
-15.3278,125.4825,343.1,2.1,1.4,2014-10-24,0224,Terra,MODIS,89,6.2,306.6,100.9,D,0
-15.3255,125.4627,331,2.1,1.4,2014-10-24,0224,Terra,MODIS,59,6.2,305.5,37.9,D,0
-15.315,125.4841,326.9,2.1,1.4,2014-10-24,0224,Terra,MODIS,43,6.2,303,32.4,D,0
-15.326,125.4694,338.7,2.1,1.4,2014-10-24,0224,Terra,MODIS,81,6.2,306.3,75.9,D,0
-15.3164,125.3905,333.5,2.1,1.4,2014-10-24,0224,Terra,MODIS,76,6.2,304.5,57.4,D,0
-15.8422,126.1429,339,2.4,1.5,2014-10-24,0224,Terra,MODIS,62,6.2,305.2,88.3,D,0
-15.4911,125.436,323,2.1,1.4,2014-10-24,0224,Terra,MODIS,56,6.2,302.9,26.3,D,0
-15.3165,125.3839,338.1,2.1,1.4,2014-10-24,0224,Terra,MODIS,85,6.2,305.1,77.2,D,0
-16.0292,125.9087,346.8,2.4,1.5,2014-10-24,0224,Terra,MODIS,92,6.2,306.4,126.4,D,0
-16.0379,125.9017,340.7,2.4,1.5,2014-10-24,0224,Terra,MODIS,87,6.2,305.7,91.5,D,0
-16.0404,125.924,329.7,2.4,1.5,2014-10-24,0224,Terra,MODIS,49,6.2,307.6,35.3,D,0
-16.0246,125.9036,334.1,2.4,1.5,2014-10-24,0224,Terra,MODIS,80,6.2,306.1,51.9,D,0
-15.553,125.9542,333.8,2.3,1.5,2014-10-24,0224,Terra,MODIS,80,6.2,303.9,66.8,D,0
-15.5769,125.929,326.5,2.3,1.5,2014-10-24,0224,Terra,MODIS,50,6.2,303.8,29.7,D,0
-15.5619,125.9463,328.4,2.3,1.5,2014-10-24,0224,Terra,MODIS,55,6.2,304.9,38.8,D,0
-16.08,126.0331,327.9,2.4,1.5,2014-10-24,0224,Terra,MODIS,46,6.2,302.8,39,D,0
-16.1069,126.0291,328.8,2.4,1.5,2014-10-24,0224,Terra,MODIS,42,6.2,303.3,44.1,D,0
-15.5401,126.3186,330.4,2.5,1.5,2014-10-24,0224,Terra,MODIS,73,6.2,310.5,41,D,0
-15.8483,126.1476,346.4,2.4,1.5,2014-10-24,0224,Terra,MODIS,91,6.2,309.2,141.6,D,0
-15.8592,126.1232,342.5,2.4,1.5,2014-10-24,0224,Terra,MODIS,83,6.2,303,115.1,D,0
-15.8619,126.146,350.7,2.4,1.5,2014-10-24,0224,Terra,MODIS,94,6.2,309.1,169.5,D,0
-15.8558,126.1413,359.3,2.4,1.5,2014-10-24,0224,Terra,MODIS,99,6.2,309.3,242.7,D,0
-15.676,126.1115,324.2,2.4,1.5,2014-10-24,0224,Terra,MODIS,48,6.2,303,27.2,D,0
-15.6922,126.1321,336.9,2.4,1.5,2014-10-24,0224,Terra,MODIS,79,6.2,301.9,85.5,D,0
-15.684,126.1049,345.5,2.4,1.5,2014-10-24,0224,Terra,MODIS,91,6.2,302.2,143.8,D,0
-15.6865,126.1273,348.6,2.4,1.5,2014-10-24,0224,Terra,MODIS,93,6.2,302,165.3,D,0
-15.5875,126.054,328.2,2.4,1.5,2014-10-24,0224,Terra,MODIS,57,6.2,307.7,33.8,D,0
-16.1152,125.983,333.4,2.4,1.5,2014-10-24,0224,Terra,MODIS,77,6.2,302.2,62,D,0
-15.659,126.3217,352.7,2.5,1.5,2014-10-24,0224,Terra,MODIS,95,6.2,307.5,187.3,D,0
-15.684,126.1792,349.2,2.4,1.5,2014-10-24,0224,Terra,MODIS,93,6.2,304.7,162.7,D,0
-15.6915,126.173,328.1,2.4,1.5,2014-10-24,0224,Terra,MODIS,71,6.2,298.2,40.8,D,0
-15.6941,126.1957,364.6,2.5,1.5,2014-10-24,0224,Terra,MODIS,100,6.2,305.1,310,D,0
-15.924,126.0182,328.7,2.4,1.5,2014-10-24,0224,Terra,MODIS,63,6.2,305.7,33.5,D,0
-15.4679,126.2388,337.7,2.5,1.5,2014-10-24,0224,Terra,MODIS,84,6.2,303.9,93.3,D,0
-15.4706,126.2621,346.3,2.5,1.5,2014-10-24,0224,Terra,MODIS,91,6.2,308,150.9,D,0
-16.0483,125.6416,337,2.3,1.5,2014-10-24,0224,Terra,MODIS,83,6.2,302.3,71.1,D,0
-16.0589,125.6191,332,2.2,1.5,2014-10-24,0224,Terra,MODIS,64,6.2,305.8,47.4,D,0
-16.0613,125.6398,351.1,2.3,1.5,2014-10-24,0224,Terra,MODIS,94,6.2,307.3,152.7,D,0
-16.0638,125.6606,337,2.3,1.5,2014-10-24,0224,Terra,MODIS,81,6.2,307.7,66.2,D,0
-16.0587,125.6336,348.9,2.3,1.5,2014-10-24,0224,Terra,MODIS,93,6.2,306.1,136.7,D,0
-16.061,125.6544,343.7,2.3,1.5,2014-10-24,0224,Terra,MODIS,89,6.2,306.6,100.3,D,0
-16.0717,125.6318,328.6,2.3,1.5,2014-10-24,0224,Terra,MODIS,55,6.2,307.3,28,D,0
-15.6867,126.2019,354.2,2.5,1.5,2014-10-24,0224,Terra,MODIS,96,6.2,305.4,203.9,D,0
-15.7003,126.2005,333.1,2.5,1.5,2014-10-24,0224,Terra,MODIS,79,6.2,302.9,63.9,D,0
-15.3284,125.4891,339.8,2.1,1.4,2014-10-24,0224,Terra,MODIS,86,6.2,305.4,85.1,D,0
-14.9712,125.7621,327.9,2.2,1.4,2014-10-24,0224,Terra,MODIS,52,6.2,305.2,34.7,D,0
-18.8012,128.5949,346.5,4.1,1.9,2014-10-24,0225,Terra,MODIS,90,6.2,316.8,253.9,D,0
-17.7465,125.6345,338.9,2.4,1.5,2014-10-24,0225,Terra,MODIS,83,6.2,309.7,77,D,0
-19.346,122.4432,336.2,1.5,1.2,2014-10-24,0225,Terra,MODIS,46,6.2,315.6,27.7,D,0
-18.8047,128.5891,339.6,4.1,1.9,2014-10-24,0225,Terra,MODIS,82,6.2,316.1,153,D,0
-17.744,125.6121,330.7,2.4,1.5,2014-10-24,0225,Terra,MODIS,57,6.2,310.6,32.4,D,0
-18.7878,128.5909,334.1,4.1,1.9,2014-10-24,0225,Terra,MODIS,71,6.2,317.2,92.5,D,0
-19.9171,128.4554,332.6,4.1,1.9,2014-10-24,0225,Terra,MODIS,47,6.2,313.1,77.7,D,0
-19.9203,128.4497,332,4.1,1.9,2014-10-24,0225,Terra,MODIS,46,6.2,313.6,84.2,D,0
-18.1753,126.6896,331.6,2.9,1.6,2014-10-24,0225,Terra,MODIS,73,6.2,308.2,68,D,0
-18.176,126.6825,330,2.9,1.6,2014-10-24,0225,Terra,MODIS,68,6.2,308.4,57.7,D,0
-20.0537,128.5514,346.8,4.2,1.9,2014-10-24,0225,Terra,MODIS,89,6.2,317.8,273.4,D,0
-20.0573,128.5917,337.8,4.3,1.9,2014-10-24,0225,Terra,MODIS,64,6.2,315.4,152.6,D,0
-20.0709,128.5499,344.4,4.2,1.9,2014-10-24,0225,Terra,MODIS,87,6.2,312.7,246.2,D,0
-20.0561,128.5458,348.5,4.2,1.9,2014-10-24,0225,Terra,MODIS,91,6.2,317.1,297.8,D,0
-20.0595,128.5863,341.6,4.3,1.9,2014-10-24,0225,Terra,MODIS,74,6.2,315.2,202.8,D,0
-20.1178,128.4599,344.2,4.2,1.9,2014-10-24,0225,Terra,MODIS,86,6.2,311.7,253,D,0
-20.1209,128.453,339.3,4.2,1.9,2014-10-24,0225,Terra,MODIS,80,6.2,310.7,187.3,D,0
-20.0564,128.391,343.1,4.1,1.9,2014-10-24,0225,Terra,MODIS,85,6.2,313.9,220.8,D,0
-20.0598,128.3853,344.1,4.1,1.9,2014-10-24,0225,Terra,MODIS,86,6.2,313.1,233.4,D,0
-17.2705,124.5363,353.8,1.9,1.4,2014-10-24,0225,Terra,MODIS,96,6.2,307.8,137.5,D,0
-17.2727,124.5544,333.1,1.9,1.4,2014-10-24,0225,Terra,MODIS,66,6.2,303.3,42.6,D,0
-17.2785,124.4988,341.7,1.9,1.4,2014-10-24,0225,Terra,MODIS,87,6.2,305.9,76.4,D,0
-17.2946,124.4911,338,1.9,1.4,2014-10-24,0225,Terra,MODIS,82,6.2,303,61.7,D,0
-17.2886,124.4794,349.2,1.9,1.4,2014-10-24,0225,Terra,MODIS,93,6.2,304.8,112.6,D,0
-17.2764,124.4809,337.2,1.9,1.4,2014-10-24,0225,Terra,MODIS,82,6.2,306.2,56.6,D,0
-17.2828,124.5348,369.7,1.9,1.4,2014-10-24,0225,Terra,MODIS,100,6.2,305.3,258.5,D,0
-17.9011,126.36,329.4,2.7,1.6,2014-10-24,0225,Terra,MODIS,55,6.2,308.2,40.2,D,0
-17.9153,126.3585,330,2.7,1.6,2014-10-24,0225,Terra,MODIS,61,6.2,308.4,42.4,D,0
-20.0529,128.352,336.7,4.1,1.9,2014-10-24,0225,Terra,MODIS,76,6.2,312.4,134.2,D,0
-17.2849,124.5529,342.2,1.9,1.4,2014-10-24,0225,Terra,MODIS,87,6.2,302.7,82.7,D,0
-17.2907,124.4973,354.9,1.9,1.4,2014-10-24,0225,Terra,MODIS,97,6.2,303.6,148.2,D,0
-20.0565,128.3463,331.6,4.1,1.9,2014-10-24,0225,Terra,MODIS,62,6.2,312,79.1,D,0
-17.2329,124.5658,375.5,1.9,1.4,2014-10-24,0225,Terra,MODIS,100,6.2,308.6,310.7,D,0
-17.2351,124.584,349.7,1.9,1.4,2014-10-24,0225,Terra,MODIS,93,6.2,304,121.7,D,0
-17.2237,124.5604,333,1.9,1.4,2014-10-24,0225,Terra,MODIS,55,6.2,306.1,40,D,0
-17.2257,124.5786,333.9,1.9,1.4,2014-10-24,0225,Terra,MODIS,72,6.2,304.1,49.3,D,0
-17.2359,124.5588,360.4,1.9,1.4,2014-10-24,0225,Terra,MODIS,100,6.2,307.9,182.9,D,0
-17.2503,124.5755,379.8,1.9,1.4,2014-10-24,0225,Terra,MODIS,100,6.2,304.8,360.1,D,0
-17.2482,124.5573,372.8,1.9,1.4,2014-10-24,0225,Terra,MODIS,100,6.2,308.9,282.4,D,0
-17.238,124.577,397.4,1.9,1.4,2014-10-24,0225,Terra,MODIS,100,6.2,308.2,588.1,D,0
-22.5832,122.1439,335,1.6,1.2,2014-10-24,0226,Terra,MODIS,68,6.2,314.5,25.2,D,0
-22.6456,122.1967,334,1.6,1.2,2014-10-24,0226,Terra,MODIS,69,6.2,315.6,24.5,D,0
-22.3616,122.2995,337.1,1.6,1.2,2014-10-24,0226,Terra,MODIS,71,6.2,316.3,33.8,D,0
-22.3127,122.1678,336.8,1.5,1.2,2014-10-24,0226,Terra,MODIS,75,6.2,316.4,36.5,D,0
-22.311,122.1528,329,1.5,1.2,2014-10-24,0226,Terra,MODIS,24,6.2,313.5,16.1,D,0
-22.3119,122.1739,338,1.5,1.2,2014-10-24,0226,Terra,MODIS,78,6.2,315.2,40.3,D,0
-22.3101,122.159,345.5,1.5,1.2,2014-10-24,0226,Terra,MODIS,88,6.2,316.5,64.9,D,0
-22.3008,122.1753,357.9,1.5,1.2,2014-10-24,0226,Terra,MODIS,98,6.2,318,117.6,D,0
-22.299,122.1604,366.4,1.5,1.2,2014-10-24,0226,Terra,MODIS,100,6.2,317.3,161.8,D,0
-23.4015,122.9195,337.2,1.8,1.3,2014-10-24,0226,Terra,MODIS,0,6.2,316.3,36.1,D,0
-22.3233,121.2129,339.5,1.3,1.1,2014-10-24,0226,Terra,MODIS,75,6.2,315.9,31.9,D,0
-22.3289,121.1727,339.9,1.3,1.1,2014-10-24,0226,Terra,MODIS,81,6.2,317.2,31.6,D,0
-22.3305,121.1856,345.5,1.3,1.1,2014-10-24,0226,Terra,MODIS,88,6.2,317.5,46.2,D,0
-22.3321,121.1985,345.7,1.3,1.1,2014-10-24,0226,Terra,MODIS,88,6.2,317.6,45.8,D,0
-22.3352,121.2244,332.3,1.3,1.1,2014-10-24,0226,Terra,MODIS,18,6.2,316.3,15.7,D,0
-22.3392,121.1713,341.8,1.3,1.1,2014-10-24,0226,Terra,MODIS,83,6.2,317.2,36.7,D,0
-22.3495,121.1698,340.9,1.3,1.1,2014-10-24,0226,Terra,MODIS,82,6.2,315.4,36.2,D,0
-22.3511,121.1827,350.2,1.3,1.1,2014-10-24,0226,Terra,MODIS,92,6.2,318,60.5,D,0
-22.3527,121.1956,351.2,1.3,1.1,2014-10-24,0226,Terra,MODIS,93,6.2,318,63,D,0
-22.3598,121.1684,395.3,1.3,1.1,2014-10-24,0226,Terra,MODIS,100,6.2,319.7,315.8,D,0
-22.3615,121.1813,397.2,1.3,1.1,2014-10-24,0226,Terra,MODIS,100,6.2,319.2,330.7,D,0
-22.3631,121.1942,352.1,1.3,1.1,2014-10-24,0226,Terra,MODIS,94,6.2,315.5,69.4,D,0
-23.3226,123.1343,330.8,1.9,1.3,2014-10-24,0226,Terra,MODIS,0,6.2,315.7,17.2,D,0
-22.4222,122.332,341.3,1.6,1.2,2014-10-24,0226,Terra,MODIS,83,6.2,315.8,45.8,D,0
-22.423,122.3383,341.7,1.6,1.2,2014-10-24,0226,Terra,MODIS,83,6.2,315.1,48.8,D,0
-22.4211,122.3229,335,1.6,1.2,2014-10-24,0226,Terra,MODIS,70,6.2,315.9,26.2,D,0
-22.0772,127.5317,331.6,3.8,1.8,2014-10-24,0226,Terra,MODIS,47,6.2,315.1,61.6,D,0
-22.4417,122.205,346.9,1.6,1.2,2014-10-24,0226,Terra,MODIS,89,6.2,315.2,65.4,D,0
-22.4434,122.2201,340.3,1.6,1.2,2014-10-24,0226,Terra,MODIS,81,6.2,314.6,43.2,D,0
-22.4528,122.2035,350.5,1.6,1.2,2014-10-24,0226,Terra,MODIS,92,6.2,314.9,81.4,D,0
-22.4545,122.2186,331.1,1.6,1.2,2014-10-24,0226,Terra,MODIS,43,6.2,313.5,18.2,D,0
-20.0453,124.0236,337.4,1.9,1.4,2014-10-24,0226,Terra,MODIS,28,6.2,317.2,36.3,D,0
-20.0554,124.0036,340.8,1.9,1.4,2014-10-24,0226,Terra,MODIS,77,6.2,316.4,53.5,D,0
-22.5718,122.1518,344.5,1.6,1.2,2014-10-24,0226,Terra,MODIS,87,6.2,315.9,57.1,D,0
-22.5829,122.1503,341.5,1.6,1.2,2014-10-24,0226,Terra,MODIS,83,6.2,315.6,46.8,D,0
-22.5847,122.1653,331.6,1.6,1.2,2014-10-24,0226,Terra,MODIS,53,6.2,315.9,16.5,D,0
-22.6164,122.1395,330.9,1.6,1.2,2014-10-24,0226,Terra,MODIS,57,6.2,315.4,16.8,D,0
-22.3582,121.1555,335.2,1.3,1.1,2014-10-24,0226,Terra,MODIS,68,6.2,311.8,26,D,0
-22.3376,121.1584,338.4,1.3,1.1,2014-10-24,0226,Terra,MODIS,79,6.2,314.7,29.2,D,0
-21.72,127.4731,332.8,3.7,1.8,2014-10-24,0226,Terra,MODIS,54,6.2,318,72.8,D,0
-22.2577,122.0011,334.8,1.5,1.2,2014-10-24,0226,Terra,MODIS,66,6.2,311.1,27.4,D,0
-21.5825,117.8833,371.7,1,1,2014-10-24,0226,Terra,MODIS,100,6.2,319.8,96.7,D,0
-21.5839,117.8929,347.3,1,1,2014-10-24,0226,Terra,MODIS,81,6.2,319.5,29,D,0
-21.5915,117.8818,343.7,1,1,2014-10-24,0226,Terra,MODIS,79,6.2,320.6,26.1,D,0
-20.996,116.9763,335.6,1,1,2014-10-24,0226,Terra,MODIS,71,6.2,320.2,12.1,D,0
-21.6936,117.8881,336.3,1,1,2014-10-24,0226,Terra,MODIS,73,6.2,312.4,17.4,D,0
-21.695,117.8978,347.2,1,1,2014-10-24,0226,Terra,MODIS,89,6.2,315.6,36.2,D,0
-21.704,117.8963,343.6,1,1,2014-10-24,0226,Terra,MODIS,85,6.2,314.5,29.8,D,0
-21.713,117.8948,339.1,1,1,2014-10-24,0226,Terra,MODIS,78,6.2,315.7,21.4,D,0
-21.7352,117.9208,342.1,1,1,2014-10-24,0226,Terra,MODIS,83,6.2,315.5,24.5,D,0
-21.7366,117.9305,337.6,1,1,2014-10-24,0226,Terra,MODIS,75,6.2,316.4,16.4,D,0
-21.7456,117.929,333,1,1,2014-10-24,0226,Terra,MODIS,62,6.2,316.2,10.7,D,0
-21.7471,117.9387,350.4,1,1,2014-10-24,0226,Terra,MODIS,92,6.2,317.3,40.7,D,0
-21.7485,117.9483,340,1,1,2014-10-24,0226,Terra,MODIS,80,6.2,316.4,20.3,D,0
-21.7589,117.9565,339.4,1,1,2014-10-24,0226,Terra,MODIS,79,6.2,317.6,20.8,D,0
-21.7603,117.9661,341.5,1,1,2014-10-24,0226,Terra,MODIS,82,6.2,317.8,24.7,D,0
-21.4873,117.9244,335.5,1,1,2014-10-24,0226,Terra,MODIS,49,6.2,319.3,9.9,D,0
-21.4887,117.9341,336.9,1,1,2014-10-24,0226,Terra,MODIS,70,6.2,319,12.5,D,0
-21.5901,117.8722,341.1,1,1,2014-10-24,0226,Terra,MODIS,50,6.2,317.4,22.9,D,0
-21.5991,117.8707,344.1,1,1,2014-10-24,0226,Terra,MODIS,40,6.2,318.5,26.6,D,0
-21.6171,117.8678,348.7,1,1,2014-10-24,0226,Terra,MODIS,91,6.2,315.6,36.3,D,0
-21.6275,117.8759,337.2,1,1,2014-10-24,0226,Terra,MODIS,34,6.2,316.2,14.4,D,0
-22.2393,122.0335,335.3,1.5,1.2,2014-10-24,0226,Terra,MODIS,51,6.2,317.1,24,D,0
-22.245,121.988,338,1.5,1.2,2014-10-24,0226,Terra,MODIS,78,6.2,312.8,37.4,D,0
-22.2468,122.0027,383.3,1.5,1.2,2014-10-24,0226,Terra,MODIS,100,6.2,317.5,265.1,D,0
-23.2101,124.4982,334.4,2.3,1.5,2014-10-24,0226,Terra,MODIS,66,6.2,317.5,41.7,D,0
-22.241,122.0482,344.3,1.5,1.2,2014-10-24,0226,Terra,MODIS,87,6.2,316.2,52,D,0
-22.2301,122.0497,340,1.5,1.2,2014-10-24,0226,Terra,MODIS,76,6.2,317.1,38,D,0
-21.4015,120.908,342.7,1.3,1.1,2014-10-24,0226,Terra,MODIS,84,6.2,317.5,33.4,D,0
-20.3558,121.6478,344.3,1.3,1.1,2014-10-24,0226,Terra,MODIS,81,6.2,316,40.3,D,0
-22.5763,115.753,341.6,1.1,1,2014-10-24,0227,Terra,MODIS,84,6.2,318,26.2,D,0
-22.8562,117.596,336,1,1,2014-10-24,0227,Terra,MODIS,73,6.2,315.4,16.6,D,0
-26.5474,126.1328,355,3.4,1.7,2014-10-24,0227,Terra,MODIS,96,6.2,310.2,319.7,D,0
-26.5344,126.1684,329.4,3.4,1.7,2014-10-24,0227,Terra,MODIS,44,6.2,311.4,58.5,D,0
-26.5318,126.1343,345.6,3.4,1.7,2014-10-24,0227,Terra,MODIS,89,6.2,311.1,206.2,D,0
-26.5371,126.1388,358.8,3.4,1.7,2014-10-24,0227,Terra,MODIS,99,6.2,312,371.6,D,0
-26.6904,126.2813,333.7,3.4,1.7,2014-10-24,0227,Terra,MODIS,61,6.2,312.8,80.4,D,0
-26.6812,126.2872,331.2,3.4,1.7,2014-10-24,0227,Terra,MODIS,47,6.2,311.2,62.7,D,0
-26.586,126.2959,337.5,3.4,1.7,2014-10-24,0227,Terra,MODIS,79,6.2,304.9,119.2,D,0
-26.5767,126.304,344.4,3.4,1.7,2014-10-24,0227,Terra,MODIS,87,6.2,311.5,191.5,D,0
-22.5871,115.7616,335.5,1.1,1,2014-10-24,0227,Terra,MODIS,68,6.2,320.8,14.4,D,0
-22.5855,115.7513,344.6,1.1,1,2014-10-24,0227,Terra,MODIS,87,6.2,318.2,31.5,D,0
-22.5779,115.7633,345.9,1.1,1,2014-10-24,0227,Terra,MODIS,89,6.2,316.2,34.1,D,0
-24.2993,121.2495,340.4,1.4,1.2,2014-10-24,0227,Terra,MODIS,81,6.2,317.5,41.5,D,0
-23.6153,123.2795,396.7,1.9,1.4,2014-10-24,0227,Terra,MODIS,100,6.2,328.2,551,D,0
-24.3083,121.2341,342.8,1.4,1.2,2014-10-24,0227,Terra,MODIS,84,6.2,314,48.5,D,0
-24.31,121.2481,356.8,1.4,1.2,2014-10-24,0227,Terra,MODIS,97,6.2,316.9,99.2,D,0
-24.3013,121.2285,339.1,1.4,1.2,2014-10-24,0227,Terra,MODIS,79,6.2,314.5,37.5,D,0
-24.8616,121.2804,339.7,1.5,1.2,2014-10-24,0227,Terra,MODIS,79,6.2,317,33.7,D,0
-24.8599,121.266,342.9,1.5,1.2,2014-10-24,0227,Terra,MODIS,85,6.2,317.8,41.7,D,0
-23.6275,123.2779,407.9,1.9,1.4,2014-10-24,0227,Terra,MODIS,100,6.2,318.1,743.8,D,0
-23.6256,123.2592,376.5,1.9,1.4,2014-10-24,0227,Terra,MODIS,100,6.2,312.1,315.9,D,0
-24.2976,121.2355,344.5,1.4,1.2,2014-10-24,0227,Terra,MODIS,86,6.2,316,53.6,D,0
-24.8643,121.2735,356.1,1.5,1.2,2014-10-24,0227,Terra,MODIS,97,6.2,317.7,93.5,D,0
-23.6366,123.2834,361.5,1.9,1.4,2014-10-24,0227,Terra,MODIS,94,6.2,298,192.2,D,0
-23.6345,123.2647,376.1,1.9,1.4,2014-10-24,0227,Terra,MODIS,100,6.2,308.3,314.4,D,0
-23.5876,123.2895,342.5,1.9,1.4,2014-10-24,0227,Terra,MODIS,84,6.2,319.7,52.7,D,0
-23.6264,123.3037,343.2,1.9,1.4,2014-10-24,0227,Terra,MODIS,68,6.2,300.4,73.5,D,0
-23.6243,123.2849,388.8,1.9,1.4,2014-10-24,0227,Terra,MODIS,94,6.2,318.7,446.3,D,0
-24.3029,121.2426,351.4,1.4,1.2,2014-10-24,0227,Terra,MODIS,93,6.2,317.8,77.8,D,0
-24.3136,121.2411,354.1,1.4,1.2,2014-10-24,0227,Terra,MODIS,95,6.2,315,88.5,D,0
-23.6223,123.2662,404.5,1.9,1.4,2014-10-24,0227,Terra,MODIS,100,6.2,320.8,671.5,D,0
-23.6134,123.2608,372,1.9,1.4,2014-10-24,0227,Terra,MODIS,100,6.2,318.7,260.8,D,0
-23.5978,123.269,339.9,1.9,1.4,2014-10-24,0227,Terra,MODIS,75,6.2,316.1,39.6,D,0
-24.3152,121.2552,336.8,1.4,1.2,2014-10-24,0227,Terra,MODIS,75,6.2,314.6,33.4,D,0
-23.5999,123.2878,351.8,1.9,1.4,2014-10-24,0227,Terra,MODIS,94,6.2,321,104.7,D,0
-23.61,123.2677,393.1,1.9,1.4,2014-10-24,0227,Terra,MODIS,100,6.2,323.5,488.8,D,0
-23.6121,123.2864,384.1,1.9,1.4,2014-10-24,0227,Terra,MODIS,100,6.2,325.5,380.8,D,0
-32.578,115.963,311.8,1,1,2014-10-24,0229,Terra,MODIS,56,6.2,296.8,6.6,D,0
-32.0969,115.8076,319.4,1,1,2014-10-24,0229,Terra,MODIS,32,6.2,299.4,6.4,D,0
-31.9045,115.8128,318.8,1,1,2014-10-24,0229,Terra,MODIS,39,6.2,299.1,6.5,D,0
-31.9871,115.9452,320.6,1,1,2014-10-24,0229,Terra,MODIS,30,6.2,298.3,5.4,D,0
-31.8606,115.8979,319.5,1,1,2014-10-24,0229,Terra,MODIS,68,6.2,298.9,6.2,D,0
-31.8621,115.9087,319.2,1,1,2014-10-24,0229,Terra,MODIS,64,6.2,299.6,5.7,D,0
-31.7978,115.8395,318.4,1,1,2014-10-24,0229,Terra,MODIS,48,6.2,299.2,5.5,D,0
-33.5926,115.8078,315,1,1,2014-10-24,0229,Terra,MODIS,72,6.2,294.7,10.5,D,0
-33.6017,115.806,347,1,1,2014-10-24,0229,Terra,MODIS,89,6.2,295.2,54,D,0
-31.8591,115.8872,318.1,1,1,2014-10-24,0229,Terra,MODIS,43,6.2,299.9,4.7,D,0
-33.5911,115.7968,323.4,1,1,2014-10-24,0229,Terra,MODIS,81,6.2,295.9,19,D,0
-31.9658,115.9934,315.2,1,1,2014-10-24,0229,Terra,MODIS,30,6.2,298.6,3.6,D,0
-23.1284,147.3617,325.2,2.3,1.5,2014-10-24,0331,Aqua,MODIS,61,6.2,308.7,29.9,D,0
-23.1324,147.3571,326.7,2.3,1.5,2014-10-24,0331,Aqua,MODIS,66,6.2,309,34.1,D,0
-24.7402,151.6705,319.9,1.2,1.1,2014-10-24,0331,Aqua,MODIS,36,6.2,302.3,13,D,0
-24.2791,150.2357,345.6,1.5,1.2,2014-10-24,0331,Aqua,MODIS,91,6.2,307.8,72.2,D,0
-25.5273,150.8575,327,1.4,1.2,2014-10-24,0331,Aqua,MODIS,46,6.2,309.5,14.4,D,0
-25.202,147.9886,320.4,2.2,1.4,2014-10-24,0331,Aqua,MODIS,24,6.2,302.5,18.7,D,0
-25.0024,148.1716,328.8,2.1,1.4,2014-10-24,0331,Aqua,MODIS,73,6.2,297.2,65.8,D,0
-25.9223,150.4962,328.4,1.5,1.2,2014-10-24,0331,Aqua,MODIS,46,6.2,310.7,18.2,D,0
-25.924,150.4812,329.9,1.5,1.2,2014-10-24,0331,Aqua,MODIS,58,6.2,310.2,21.9,D,0
-25.4097,146.9088,329.3,2.6,1.6,2014-10-24,0331,Aqua,MODIS,74,6.2,307.5,56.4,D,0
-25.3932,146.9333,322.5,2.6,1.6,2014-10-24,0331,Aqua,MODIS,29,6.2,307.1,23.1,D,0
-25.4073,146.9347,326,2.6,1.6,2014-10-24,0331,Aqua,MODIS,63,6.2,306.3,38.6,D,0
-25.4004,146.9149,328.8,2.6,1.6,2014-10-24,0331,Aqua,MODIS,73,6.2,307.2,52.9,D,0
-25.4145,146.9163,330,2.6,1.6,2014-10-24,0331,Aqua,MODIS,75,6.2,307.6,59.5,D,0
-24.9896,148.1709,325.3,2.1,1.4,2014-10-24,0331,Aqua,MODIS,65,6.2,297.4,53.8,D,0
-24.3993,151.3817,322.3,1.3,1.1,2014-10-24,0331,Aqua,MODIS,28,6.2,292.5,17.8,D,0
-26.0816,151.2179,326.5,1.4,1.2,2014-10-24,0331,Aqua,MODIS,65,6.2,308.9,16.1,D,0
-23.0489,147.3914,324.8,2.3,1.5,2014-10-24,0332,Aqua,MODIS,60,6.2,308.3,34.2,D,0
-23.0357,147.39,330.1,2.3,1.5,2014-10-24,0332,Aqua,MODIS,73,6.2,308.4,54.9,D,0
-23.0384,147.3835,326.7,2.3,1.5,2014-10-24,0332,Aqua,MODIS,64,6.2,308.7,40.7,D,0
-20.354,147.1543,340.5,2.2,1.4,2014-10-24,0332,Aqua,MODIS,52,6.2,311.4,85.9,D,0
-20.32,147.2309,341.9,2.1,1.4,2014-10-24,0332,Aqua,MODIS,88,6.2,314.9,88.1,D,0
-20.3411,147.1527,340,2.2,1.4,2014-10-24,0332,Aqua,MODIS,71,6.2,310.9,88.2,D,0
-20.32,147.2242,345.9,2.1,1.4,2014-10-24,0332,Aqua,MODIS,91,6.2,314.3,111.3,D,0
-20.3266,147.1652,337.3,2.1,1.4,2014-10-24,0332,Aqua,MODIS,72,6.2,308.7,72.6,D,0
-22.8867,148.9471,323.7,1.7,1.3,2014-10-24,0332,Aqua,MODIS,56,6.2,308.4,11,D,0
-20.3956,147.2467,331.8,2.1,1.4,2014-10-24,0332,Aqua,MODIS,40,6.2,310.9,45.6,D,0
-20.3965,147.2421,331.5,2.1,1.4,2014-10-24,0332,Aqua,MODIS,29,6.2,311.3,42.1,D,0
-20.3775,147.1779,345.3,2.1,1.4,2014-10-24,0332,Aqua,MODIS,89,6.2,312.5,105.7,D,0
-20.3625,147.1971,336.2,2.1,1.4,2014-10-24,0332,Aqua,MODIS,60,6.2,310,51.1,D,0
-20.3647,147.1764,351.6,2.1,1.4,2014-10-24,0332,Aqua,MODIS,95,6.2,312.6,141.3,D,0
-20.3669,147.1553,340.5,2.2,1.4,2014-10-24,0332,Aqua,MODIS,56,6.2,309.2,82.4,D,0
-22.208,149.4179,330,1.6,1.2,2014-10-24,0332,Aqua,MODIS,74,6.2,305.1,41.2,D,0
-22.2192,149.4192,328.9,1.6,1.2,2014-10-24,0332,Aqua,MODIS,72,6.2,304.8,37.8,D,0
-17.0299,142.5834,328.7,4.3,1.9,2014-10-24,0333,Aqua,MODIS,55,6.2,312.5,83.1,D,0
-17.0323,142.5909,326.5,4.3,1.9,2014-10-24,0333,Aqua,MODIS,61,6.2,311.9,70.1,D,0
-16.669,142.0649,324.6,4.6,2,2014-10-24,0333,Aqua,MODIS,50,6.2,310,55.4,D,0
-16.8441,142.6808,330.9,4.2,1.9,2014-10-24,0333,Aqua,MODIS,62,6.2,311.9,97.5,D,0
-16.8409,142.6731,331.7,4.2,1.9,2014-10-24,0333,Aqua,MODIS,58,6.2,312.7,101,D,0
-17.8605,144.5524,324.4,3.1,1.7,2014-10-24,0333,Aqua,MODIS,56,6.2,311.2,39.2,D,0
-18.0745,145.9431,318.2,2.5,1.5,2014-10-24,0333,Aqua,MODIS,30,6.2,303.4,30.1,D,0
-16.3043,142.5102,326.7,4.3,1.9,2014-10-24,0333,Aqua,MODIS,46,6.2,308,75.6,D,0
-19.696,143.5154,322.2,3.9,1.8,2014-10-24,0333,Aqua,MODIS,54,6.2,309.5,57.5,D,0
-16.4824,142.4919,330.2,4.3,1.9,2014-10-24,0333,Aqua,MODIS,62,6.2,310.8,99.8,D,0
-13.8316,142.1966,379,4.2,1.9,2014-10-24,0334,Aqua,MODIS,100,6.2,303.7,1090.9,D,0
-15.2454,142.282,329.5,4.3,1.9,2014-10-24,0334,Aqua,MODIS,39,6.2,305.4,103.1,D,0
-13.7934,142.2306,332.7,4.1,1.9,2014-10-24,0334,Aqua,MODIS,85,6.2,301,169.8,D,0
-15.3379,142.0933,326.5,4.4,1.9,2014-10-24,0334,Aqua,MODIS,66,6.2,306.8,80.4,D,0
-14.0715,142.1628,325.3,4.2,1.9,2014-10-24,0334,Aqua,MODIS,26,6.2,298.3,92.2,D,0
-13.8231,142.273,340.5,4.1,1.9,2014-10-24,0334,Aqua,MODIS,90,6.2,302.9,232.1,D,0
-13.8142,142.2406,369.8,4.1,1.9,2014-10-24,0334,Aqua,MODIS,100,6.2,303.2,797.2,D,0
-13.8104,142.2329,368.4,4.1,1.9,2014-10-24,0334,Aqua,MODIS,100,6.2,302.5,764.4,D,0
-15.3382,142.098,326.6,4.4,1.9,2014-10-24,0334,Aqua,MODIS,66,6.2,306.6,81.4,D,0
-13.8312,142.2427,351.8,4.1,1.9,2014-10-24,0334,Aqua,MODIS,96,6.2,303.2,412.9,D,0
-12.9722,143.114,315.9,3.4,1.7,2014-10-24,0334,Aqua,MODIS,41,6.2,298.9,39.6,D,0
-12.7951,143.0819,317.7,3.4,1.7,2014-10-24,0334,Aqua,MODIS,58,6.2,301.4,56.1,D,0
-15.1869,142.5584,329.7,4.1,1.9,2014-10-24,0334,Aqua,MODIS,77,6.2,304.6,119.7,D,0
-15.2281,142.2802,324.7,4.3,1.9,2014-10-24,0334,Aqua,MODIS,44,6.2,305.2,67.6,D,0
-12.7895,143.0888,315,3.4,1.7,2014-10-24,0334,Aqua,MODIS,31,6.2,301.1,41.9,D,0
-13.8231,142.3189,320.5,4.1,1.9,2014-10-24,0334,Aqua,MODIS,38,6.2,301.9,46.1,D,0
-15.0665,142.6905,333,4,1.9,2014-10-24,0334,Aqua,MODIS,82,6.2,305.7,132.8,D,0
-13.771,142.1572,326,4.2,1.9,2014-10-24,0334,Aqua,MODIS,51,6.2,300.1,125.9,D,0
-14.0887,142.1647,332.7,4.2,1.9,2014-10-24,0334,Aqua,MODIS,60,6.2,299.1,162.2,D,0
-13.8146,142.1948,327.4,4.2,1.9,2014-10-24,0334,Aqua,MODIS,48,6.2,295.5,129,D,0
-13.8271,142.2811,335.5,4.1,1.9,2014-10-24,0334,Aqua,MODIS,87,6.2,302.5,181.7,D,0
-13.8189,142.3107,324.6,4.1,1.9,2014-10-24,0334,Aqua,MODIS,31,6.2,303,74.1,D,0
-12.8071,142.926,316.4,3.6,1.8,2014-10-24,0334,Aqua,MODIS,66,6.2,302,44.4,D,0
-13.7972,142.2384,334.4,4.1,1.9,2014-10-24,0334,Aqua,MODIS,62,6.2,301.3,176.3,D,0
-12.7632,142.2793,331.4,4,1.9,2014-10-24,0334,Aqua,MODIS,82,6.2,306.5,129.5,D,0
-13.8393,142.1655,361.4,4.2,1.9,2014-10-24,0334,Aqua,MODIS,100,6.2,300.4,644.6,D,0
-14.7636,144.3354,331.3,2.9,1.6,2014-10-24,0334,Aqua,MODIS,26,6.2,305.9,78,D,0
-14.7635,144.3406,337.4,2.9,1.6,2014-10-24,0334,Aqua,MODIS,85,6.2,306.3,124.6,D,0
-12.7505,142.241,322.7,4,1.9,2014-10-24,0334,Aqua,MODIS,59,6.2,304.6,63.6,D,0
-15.2651,142.2912,324.5,4.3,1.9,2014-10-24,0334,Aqua,MODIS,41,6.2,303.9,71.2,D,0
-15.2306,142.2875,328.5,4.3,1.9,2014-10-24,0334,Aqua,MODIS,71,6.2,305.4,102,D,0
-13.836,142.1575,339.1,4.2,1.9,2014-10-24,0334,Aqua,MODIS,88,6.2,298.4,267.4,D,0
-15.2479,142.2893,328.8,4.3,1.9,2014-10-24,0334,Aqua,MODIS,63,6.2,305.6,102.8,D,0
-13.8352,142.2046,391.3,4.2,1.9,2014-10-24,0334,Aqua,MODIS,100,6.2,305.1,1526.9,D,0
-12.7465,142.2774,320.5,4,1.9,2014-10-24,0334,Aqua,MODIS,40,6.2,305.6,45.6,D,0
-13.8062,142.2705,363.7,4.1,1.9,2014-10-24,0334,Aqua,MODIS,100,6.2,305.2,642.9,D,0
-13.8011,142.2005,329.4,4.2,1.9,2014-10-24,0334,Aqua,MODIS,27,6.2,296.2,131.3,D,0
-15.0622,142.6859,330.3,4,1.9,2014-10-24,0334,Aqua,MODIS,73,6.2,306,102.6,D,0
-12.9686,143.1455,326.2,3.4,1.7,2014-10-24,0334,Aqua,MODIS,79,6.2,298.3,105.7,D,0
-13.8181,142.2027,333,4.2,1.9,2014-10-24,0334,Aqua,MODIS,64,6.2,297.1,172.1,D,0
-12.7979,142.9174,313.2,3.6,1.8,2014-10-24,0334,Aqua,MODIS,57,6.2,301.6,27.9,D,0
-13.7976,142.1926,324.3,4.2,1.9,2014-10-24,0334,Aqua,MODIS,54,6.2,296.5,102.2,D,0
-13.8103,142.2785,359.2,4.1,1.9,2014-10-24,0334,Aqua,MODIS,99,6.2,305.6,545.3,D,0
-13.8273,142.2349,351.4,4.1,1.9,2014-10-24,0334,Aqua,MODIS,96,6.2,303,395,D,0
-15.1826,142.5511,327.5,4.1,1.9,2014-10-24,0334,Aqua,MODIS,60,6.2,305.4,92.8,D,0
-15.0584,142.7227,325.3,3.9,1.8,2014-10-24,0334,Aqua,MODIS,39,6.2,305.1,59.9,D,0
-13.9909,142.2724,317.3,4.1,1.9,2014-10-24,0334,Aqua,MODIS,61,6.2,300.4,26.7,D,0
-12.7676,142.2842,333.7,4,1.9,2014-10-24,0334,Aqua,MODIS,86,6.2,306.8,149.1,D,0
-12.979,143.1542,319.6,3.4,1.7,2014-10-24,0334,Aqua,MODIS,43,6.2,299.1,65,D,0
-12.6472,141.8764,335.2,4.3,1.9,2014-10-24,0334,Aqua,MODIS,0,6.2,302.8,207.8,D,0
-13.7677,142.1494,334,4.2,1.9,2014-10-24,0334,Aqua,MODIS,86,6.2,300.4,212.5,D,0
-14.093,142.1255,335.1,4.3,1.9,2014-10-24,0334,Aqua,MODIS,55,6.2,298.7,205.2,D,0
-13.6467,141.5911,320.9,4.6,2,2014-10-24,0334,Aqua,MODIS,64,6.2,299.6,98.5,D,0
-13.6467,141.5985,326.3,4.6,2,2014-10-24,0334,Aqua,MODIS,79,6.2,299.9,144,D,0
-14.0472,142.0844,344.1,4.3,1.9,2014-10-24,0334,Aqua,MODIS,92,6.2,299.9,340.3,D,0
-14.0283,142.0784,325.1,4.3,1.9,2014-10-24,0334,Aqua,MODIS,62,6.2,300.2,118.2,D,0
-14.0605,142.1259,324.3,4.3,1.9,2014-10-24,0334,Aqua,MODIS,41,6.2,297.2,100.1,D,0
-14.7605,144.3678,335.5,2.9,1.6,2014-10-24,0334,Aqua,MODIS,73,6.2,307.2,106.3,D,0
-14.7458,144.366,345.3,2.9,1.6,2014-10-24,0334,Aqua,MODIS,91,6.2,304.3,181.5,D,0
-14.7458,144.3607,350.7,2.9,1.6,2014-10-24,0334,Aqua,MODIS,95,6.2,303.9,233,D,0
-14.7605,144.3625,338.3,2.9,1.6,2014-10-24,0334,Aqua,MODIS,81,6.2,307,121.9,D,0
-13.6425,141.6408,328.4,4.6,2,2014-10-24,0334,Aqua,MODIS,81,6.2,301.6,167.6,D,0
-15.1759,145.1498,321.4,2.6,1.5,2014-10-24,0334,Aqua,MODIS,65,6.2,295,59.6,D,0
-14.0455,142.0804,349.1,4.3,1.9,2014-10-24,0334,Aqua,MODIS,95,6.2,300.2,428.5,D,0
-13.6423,141.6334,331.4,4.6,2,2014-10-24,0334,Aqua,MODIS,79,6.2,301.7,207,D,0
-14.0949,142.1297,339.1,4.3,1.9,2014-10-24,0334,Aqua,MODIS,62,6.2,299.4,251.8,D,0
-13.7749,142.1186,320.3,4.2,1.9,2014-10-24,0334,Aqua,MODIS,47,6.2,297.6,91.2,D,0
-14.9989,142.7462,322.2,3.9,1.8,2014-10-24,0334,Aqua,MODIS,40,6.2,305,40.2,D,0
-12.9285,143.0768,321.1,3.5,1.8,2014-10-24,0334,Aqua,MODIS,73,6.2,299.4,70.7,D,0
-12.9251,143.1074,326.9,3.4,1.7,2014-10-24,0334,Aqua,MODIS,80,6.2,300.3,114.1,D,0
-12.9157,143.102,326.8,3.4,1.7,2014-10-24,0334,Aqua,MODIS,80,6.2,298.6,115.7,D,0
-12.9194,143.0709,319.6,3.5,1.8,2014-10-24,0334,Aqua,MODIS,61,6.2,299.4,64.1,D,0
-12.6452,141.8723,336.2,4.3,1.9,2014-10-24,0335,Aqua,MODIS,0,6.2,302.7,223.2,D,0
-11.6219,142.4287,316.2,3.7,1.8,2014-10-24,0335,Aqua,MODIS,49,6.2,292.2,48.3,D,0
-11.6295,142.4369,314.9,3.7,1.8,2014-10-24,0335,Aqua,MODIS,58,6.2,292.5,46.1,D,0
-11.071,142.4386,310.7,3.7,1.8,2014-10-24,0335,Aqua,MODIS,32,6.2,292.9,32.7,D,0
-37.4432,144.0618,316.6,3,1.6,2014-10-24,0506,Aqua,MODIS,72,6.2,295.3,52.4,D,0
-37.4459,144.058,320.6,3,1.6,2014-10-24,0506,Aqua,MODIS,77,6.2,295.3,71.7,D,0
-31.1809,132.8183,341.5,1,1,2014-10-24,0508,Aqua,MODIS,82,6.2,317.3,23.1,D,0
-31.1767,132.7843,342.6,1,1,2014-10-24,0508,Aqua,MODIS,84,6.2,318.2,24.9,D,0
-31.1751,132.795,343.9,1,1,2014-10-24,0508,Aqua,MODIS,86,6.2,319.3,27.1,D,0
-31.1826,132.8076,347.8,1,1,2014-10-24,0508,Aqua,MODIS,90,6.2,319.8,35.5,D,0
-31.1842,132.7969,337.3,1,1,2014-10-24,0508,Aqua,MODIS,76,6.2,318.6,16.5,D,0
-24.894,121.2773,378.5,3,1.6,2014-10-24,0510,Aqua,MODIS,94,6.2,317.4,640.2,D,0
-23.618,123.2891,343.9,2.1,1.4,2014-10-24,0510,Aqua,MODIS,43,6.2,317.8,71.5,D,0
-23.6285,123.311,352,2.1,1.4,2014-10-24,0510,Aqua,MODIS,83,6.2,313.1,130.5,D,0
-23.5927,123.286,348.8,2.1,1.4,2014-10-24,0510,Aqua,MODIS,92,6.2,322.2,97.9,D,0
-23.6455,123.2718,334.9,2.1,1.4,2014-10-24,0510,Aqua,MODIS,46,6.2,310.6,54.5,D,0
-23.6452,123.2767,332,2.1,1.4,2014-10-24,0510,Aqua,MODIS,38,6.2,310.6,46.9,D,0
-24.3118,121.2423,344.3,3,1.6,2014-10-24,0510,Aqua,MODIS,87,6.2,315.8,165.1,D,0
-24.9051,121.3129,334.4,3,1.6,2014-10-24,0510,Aqua,MODIS,66,6.2,297.7,93.9,D,0
-24.3267,121.2371,358.6,3,1.6,2014-10-24,0510,Aqua,MODIS,99,6.2,315.2,313.8,D,0
-24.9063,121.3086,338.6,3,1.6,2014-10-24,0510,Aqua,MODIS,74,6.2,300.5,127.9,D,0
-24.9075,121.2832,357.2,3,1.6,2014-10-24,0510,Aqua,MODIS,92,6.2,312.1,309.4,D,0
-24.9089,121.279,348,3,1.6,2014-10-24,0510,Aqua,MODIS,71,6.2,310.5,207.2,D,0
-21.8422,131.4257,338.3,1.1,1,2014-10-24,0510,Aqua,MODIS,51,6.2,321.3,12.8,D,0
-24.3092,121.2648,337.3,3,1.6,2014-10-24,0510,Aqua,MODIS,79,6.2,313.2,102.2,D,0
-24.324,121.2663,369,3,1.6,2014-10-24,0510,Aqua,MODIS,100,6.2,315.5,457.7,D,0
-21.8758,131.4265,333.1,1.1,1,2014-10-24,0510,Aqua,MODIS,39,6.2,317.1,8,D,0
-24.879,121.2759,342.7,3,1.6,2014-10-24,0510,Aqua,MODIS,75,6.2,306.4,143.7,D,0
-23.6159,123.3093,380.8,2.1,1.4,2014-10-24,0510,Aqua,MODIS,100,6.2,320.4,378.8,D,0
-24.3119,121.2354,339.2,3,1.6,2014-10-24,0510,Aqua,MODIS,78,6.2,315.6,121.7,D,0
-24.3267,121.244,380,3,1.6,2014-10-24,0510,Aqua,MODIS,100,6.2,316.8,661.4,D,0
-24.8914,121.3071,358,3,1.6,2014-10-24,0510,Aqua,MODIS,86,6.2,294.4,317.4,D,0
-24.3241,121.2733,361.3,3,1.6,2014-10-24,0510,Aqua,MODIS,100,6.2,314.1,348.6,D,0
-19.1365,130.9858,399.6,1.1,1.1,2014-10-24,0511,Aqua,MODIS,100,6.2,323.7,263.6,D,0
-19.1639,131.8538,352.6,1.2,1.1,2014-10-24,0511,Aqua,MODIS,77,6.2,319,58.9,D,0
-19.1737,131.8556,341.5,1.2,1.1,2014-10-24,0511,Aqua,MODIS,43,6.2,318.1,31.8,D,0
-18.9162,130.9675,336.5,1.1,1.1,2014-10-24,0511,Aqua,MODIS,73,6.2,321.4,11.7,D,0
-18.7803,131.3018,363.2,1.2,1.1,2014-10-24,0511,Aqua,MODIS,100,6.2,321.1,86.6,D,0
-20.0575,128.3556,347.8,1,1,2014-10-24,0511,Aqua,MODIS,90,6.2,322.7,28.8,D,0
-20.0458,128.3735,341.2,1,1,2014-10-24,0511,Aqua,MODIS,64,6.2,322.8,18.5,D,0
-20.0471,128.3638,342.9,1,1,2014-10-24,0511,Aqua,MODIS,84,6.2,323,22.8,D,0
-20.0588,128.346,368.7,1,1,2014-10-24,0511,Aqua,MODIS,100,6.2,323.3,84.3,D,0
-19.1836,131.8573,342,1.2,1.1,2014-10-24,0511,Aqua,MODIS,58,6.2,312.3,32.7,D,0
-19.1348,130.9963,359,1.1,1.1,2014-10-24,0511,Aqua,MODIS,99,6.2,315,65.9,D,0
-19.1332,131.0069,435.8,1.1,1.1,2014-10-24,0511,Aqua,MODIS,100,6.2,330.2,607.4,D,0
-19.1316,131.0175,438.6,1.1,1.1,2014-10-24,0511,Aqua,MODIS,100,6.2,330.3,645.4,D,0
-19.1299,131.0281,364.9,1.1,1.1,2014-10-24,0511,Aqua,MODIS,100,6.2,319.5,82.8,D,0
-19.1427,131.0085,338.3,1.1,1.1,2014-10-24,0511,Aqua,MODIS,77,6.2,314.5,17.6,D,0
-18.7982,131.1264,334.8,1.1,1.1,2014-10-24,0511,Aqua,MODIS,69,6.2,320.6,9.9,D,0
-18.7899,131.3035,335.2,1.2,1.1,2014-10-24,0511,Aqua,MODIS,70,6.2,318.5,13.7,D,0
-19.141,131.0191,339.5,1.1,1.1,2014-10-24,0511,Aqua,MODIS,79,6.2,314.8,19.6,D,0
-18.7072,131.3738,342,1.2,1.1,2014-10-24,0511,Aqua,MODIS,67,6.2,318,24.9,D,0
-18.7055,131.3849,345.6,1.2,1.1,2014-10-24,0511,Aqua,MODIS,86,6.2,320,31.7,D,0
-18.7037,131.396,340.2,1.2,1.1,2014-10-24,0511,Aqua,MODIS,66,6.2,320.3,17.4,D,0
-18.7786,131.3128,359.1,1.2,1.1,2014-10-24,0511,Aqua,MODIS,99,6.2,321.1,71.9,D,0
-19.1302,131.8649,342.1,1.2,1.1,2014-10-24,0511,Aqua,MODIS,63,6.2,318.2,19.9,D,0
-22.3107,122.161,354.9,2.4,1.5,2014-10-24,0511,Aqua,MODIS,96,6.2,319.5,190,D,0
-22.3082,122.1847,375.6,2.4,1.5,2014-10-24,0511,Aqua,MODIS,100,6.2,317.4,407.6,D,0
-22.2591,121.9884,349.6,2.5,1.5,2014-10-24,0511,Aqua,MODIS,92,6.2,301,163.1,D,0
-22.3242,122.1627,355.8,2.4,1.5,2014-10-24,0511,Aqua,MODIS,97,6.2,310.4,200.3,D,0
-22.3218,122.1862,368,2.4,1.5,2014-10-24,0511,Aqua,MODIS,100,6.2,310.7,316.2,D,0
-22.3045,122.1652,336.9,2.4,1.5,2014-10-24,0511,Aqua,MODIS,58,6.2,316.4,62.9,D,0
-22.318,122.167,387.4,2.4,1.5,2014-10-24,0511,Aqua,MODIS,100,6.2,319.4,596.4,D,0
-22.3157,122.1906,381.2,2.4,1.5,2014-10-24,0511,Aqua,MODIS,100,6.2,316.5,489.3,D,0
-18.636,130.2867,336.6,1.1,1,2014-10-24,0511,Aqua,MODIS,47,6.2,320.5,11.9,D,0
-20.0719,128.3185,372,1,1,2014-10-24,0511,Aqua,MODIS,100,6.2,322.3,100.3,D,0
-20.0732,128.3089,390.1,1,1,2014-10-24,0511,Aqua,MODIS,100,6.2,322.2,180.1,D,0
-20.0628,128.3171,366.8,1,1,2014-10-24,0511,Aqua,MODIS,100,6.2,327,82.9,D,0
-18.6375,130.2766,361.1,1.1,1,2014-10-24,0511,Aqua,MODIS,100,6.2,324.3,67.5,D,0
-18.639,130.2666,392.2,1.1,1,2014-10-24,0511,Aqua,MODIS,100,6.2,328.5,199.2,D,0
-20.0642,128.3074,369.3,1,1,2014-10-24,0511,Aqua,MODIS,100,6.2,324.3,92.1,D,0
-18.6405,130.2566,396.2,1.1,1,2014-10-24,0511,Aqua,MODIS,100,6.2,325.8,223.5,D,0
-19.1313,131.7936,384.3,1.2,1.1,2014-10-24,0511,Aqua,MODIS,100,6.2,309.3,202.5,D,0
-18.6283,130.275,346,1.1,1,2014-10-24,0511,Aqua,MODIS,86,6.2,321.9,28.1,D,0
-18.6298,130.265,349.4,1.1,1,2014-10-24,0511,Aqua,MODIS,91,6.2,321.5,36.6,D,0
-18.6313,130.255,336.7,1.1,1,2014-10-24,0511,Aqua,MODIS,61,6.2,319.6,12.5,D,0
-19.1283,131.8765,345.3,1.2,1.1,2014-10-24,0511,Aqua,MODIS,34,6.2,322.6,30.4,D,0
-19.9746,127.9636,337.9,1,1,2014-10-24,0511,Aqua,MODIS,43,6.2,321.6,13.1,D,0
-18.7768,131.3238,339.6,1.2,1.1,2014-10-24,0511,Aqua,MODIS,79,6.2,319.4,19.3,D,0
-19.1305,131.8716,355,1.2,1.1,2014-10-24,0511,Aqua,MODIS,96,6.2,321.5,57.5,D,0
-19.1411,131.7954,350.9,1.2,1.1,2014-10-24,0511,Aqua,MODIS,81,6.2,308.9,62.9,D,0
-19.1441,131.8502,354,1.2,1.1,2014-10-24,0511,Aqua,MODIS,92,6.2,316.3,63.6,D,0
-22.3777,121.1954,336.8,2.8,1.6,2014-10-24,0511,Aqua,MODIS,72,6.2,308.9,85.2,D,0
-22.3631,121.1939,335.2,2.8,1.6,2014-10-24,0511,Aqua,MODIS,53,6.2,312.4,75.6,D,0
-22.334,121.1907,338.3,2.8,1.6,2014-10-24,0511,Aqua,MODIS,63,6.2,311.2,91.9,D,0
-22.3321,121.1834,340.1,2.8,1.6,2014-10-24,0511,Aqua,MODIS,83,6.2,311.8,107.1,D,0
-20.0497,124.0007,340.4,1.6,1.3,2014-10-24,0511,Aqua,MODIS,68,6.2,320.2,30.9,D,0
-20.0479,124.0163,346.3,1.6,1.3,2014-10-24,0511,Aqua,MODIS,85,6.2,322.5,51.2,D,0
-19.1241,130.9404,456,1.1,1.1,2014-10-24,0511,Aqua,MODIS,100,6.2,338.7,903.6,D,0
-19.1225,130.9509,419.9,1.1,1.1,2014-10-24,0511,Aqua,MODIS,100,6.2,326.8,432.7,D,0
-19.1208,130.9614,378.8,1.1,1.1,2014-10-24,0511,Aqua,MODIS,100,6.2,323.4,138.6,D,0
-19.1192,130.9719,362.1,1.1,1.1,2014-10-24,0511,Aqua,MODIS,100,6.2,323.2,73.4,D,0
-19.127,130.9841,346.9,1.1,1.1,2014-10-24,0511,Aqua,MODIS,65,6.2,321.6,29.8,D,0
-19.1254,130.9947,352.8,1.1,1.1,2014-10-24,0511,Aqua,MODIS,89,6.2,323.4,41.7,D,0
-19.1237,131.0052,473.6,1.1,1.1,2014-10-24,0511,Aqua,MODIS,100,6.2,400.1,1219.8,D,0
-19.1221,131.0158,428.4,1.1,1.1,2014-10-24,0511,Aqua,MODIS,100,6.2,336.6,516.3,D,0
-19.1204,131.0264,402.2,1.1,1.1,2014-10-24,0511,Aqua,MODIS,100,6.2,327.6,275,D,0
-19.1397,130.9648,339.6,1.1,1.1,2014-10-24,0511,Aqua,MODIS,59,6.2,314.6,21.4,D,0
-19.1381,130.9753,408.7,1.1,1.1,2014-10-24,0511,Aqua,MODIS,100,6.2,327.8,333.3,D,0
-19.0529,131.0516,340.1,1.1,1.1,2014-10-24,0511,Aqua,MODIS,57,6.2,321.4,17.7,D,0
-18.9174,131.2095,335.1,1.1,1.1,2014-10-24,0511,Aqua,MODIS,63,6.2,320.4,10,D,0
-20.3746,121.6166,337.1,2.5,1.5,2014-10-24,0511,Aqua,MODIS,56,6.2,314.7,57.6,D,0
-20.3808,121.6221,348.6,2.5,1.5,2014-10-24,0511,Aqua,MODIS,90,6.2,314.9,136,D,0
-18.3772,132.6441,345.6,1.4,1.2,2014-10-24,0511,Aqua,MODIS,46,6.2,321.5,36.3,D,0
-18.4108,132.6367,353.3,1.4,1.2,2014-10-24,0511,Aqua,MODIS,90,6.2,321.1,68.5,D,0
-18.4087,132.6499,362,1.4,1.2,2014-10-24,0511,Aqua,MODIS,100,6.2,323.1,104.5,D,0
-18.4235,132.6255,340.5,1.4,1.2,2014-10-24,0511,Aqua,MODIS,64,6.2,316.7,29.6,D,0
-18.767,131.5742,349.8,1.2,1.1,2014-10-24,0511,Aqua,MODIS,92,6.2,314.1,49.5,D,0
-18.7652,131.5856,382.7,1.2,1.1,2014-10-24,0511,Aqua,MODIS,100,6.2,320.8,184.3,D,0
-18.7634,131.5969,357.2,1.2,1.1,2014-10-24,0511,Aqua,MODIS,98,6.2,319.8,72.8,D,0
-18.7768,131.576,359.3,1.2,1.1,2014-10-24,0511,Aqua,MODIS,99,6.2,316.2,76.8,D,0
-18.775,131.5873,367.8,1.2,1.1,2014-10-24,0511,Aqua,MODIS,100,6.2,319.2,109.8,D,0
-18.7241,131.1409,340.7,1.1,1.1,2014-10-24,0511,Aqua,MODIS,72,6.2,323.9,20,D,0
-18.7258,131.1301,345.3,1.1,1.1,2014-10-24,0511,Aqua,MODIS,87,6.2,324.6,29.7,D,0
-18.7064,131.4423,352.9,1.2,1.1,2014-10-24,0511,Aqua,MODIS,92,6.2,321,50.3,D,0
-18.2415,132.7436,341.3,1.4,1.2,2014-10-24,0511,Aqua,MODIS,67,6.2,318.5,31.9,D,0
-18.2309,132.7417,344.8,1.4,1.2,2014-10-24,0511,Aqua,MODIS,61,6.2,319.8,42.5,D,0
-19.1143,131.0036,351.6,1.1,1.1,2014-10-24,0511,Aqua,MODIS,93,6.2,322.2,37,D,0
-19.1159,130.993,348.6,1.1,1.1,2014-10-24,0511,Aqua,MODIS,90,6.2,321.2,31,D,0
-19.0546,131.041,346.2,1.1,1.1,2014-10-24,0511,Aqua,MODIS,82,6.2,320.5,31.1,D,0
-19.1526,131.9236,334.3,1.2,1.1,2014-10-24,0511,Aqua,MODIS,33,6.2,317.6,11.2,D,0
-18.1695,132.3609,341.2,1.4,1.2,2014-10-24,0511,Aqua,MODIS,82,6.2,322.4,20.4,D,0
-18.1962,132.5576,339.1,1.4,1.2,2014-10-24,0511,Aqua,MODIS,75,6.2,322.3,17.7,D,0
-20.3721,121.6403,341.4,2.5,1.5,2014-10-24,0511,Aqua,MODIS,76,6.2,317.2,80.2,D,0
-20.3858,121.6419,338.8,2.5,1.5,2014-10-24,0511,Aqua,MODIS,62,6.2,313.9,67.7,D,0
-20.3785,121.6457,342.1,2.5,1.5,2014-10-24,0511,Aqua,MODIS,74,6.2,315.9,86.2,D,0
-17.5562,133.068,339.1,1.5,1.2,2014-10-24,0511,Aqua,MODIS,47,6.2,318.1,29.1,D,0
-17.5452,133.0659,337.7,1.5,1.2,2014-10-24,0511,Aqua,MODIS,43,6.2,319.5,25.4,D,0
-17.5563,133.0623,336.5,1.5,1.2,2014-10-24,0511,Aqua,MODIS,44,6.2,318.2,22.8,D,0
-21.2396,121.2638,331.8,2.7,1.6,2014-10-24,0511,Aqua,MODIS,45,6.2,308,56.9,D,0
-21.2538,121.2654,346.7,2.7,1.6,2014-10-24,0511,Aqua,MODIS,90,6.2,304.3,168.5,D,0
-21.2512,121.2913,340.1,2.7,1.6,2014-10-24,0511,Aqua,MODIS,81,6.2,296.9,113.7,D,0
-21.2434,121.2712,345.3,2.7,1.6,2014-10-24,0511,Aqua,MODIS,88,6.2,309.6,155.5,D,0
-18.8275,131.0653,337.2,1.1,1.1,2014-10-24,0511,Aqua,MODIS,67,6.2,321.5,13.3,D,0
-18.7421,131.0887,406.7,1.1,1.1,2014-10-24,0511,Aqua,MODIS,100,6.2,319.5,328.4,D,0
-18.8029,131.0115,362.5,1.1,1.1,2014-10-24,0511,Aqua,MODIS,100,6.2,322.2,79.8,D,0
-18.8013,131.0222,350.8,1.1,1.1,2014-10-24,0511,Aqua,MODIS,92,6.2,323.6,43.8,D,0
-18.7997,131.0328,350.1,1.1,1.1,2014-10-24,0511,Aqua,MODIS,92,6.2,322.7,42.3,D,0
-18.8073,131.0071,342.2,1.1,1.1,2014-10-24,0511,Aqua,MODIS,83,6.2,318.1,26.2,D,0
-18.8056,131.0177,349.9,1.1,1.1,2014-10-24,0511,Aqua,MODIS,92,6.2,321.7,42.3,D,0
-18.8039,131.0284,353.5,1.1,1.1,2014-10-24,0511,Aqua,MODIS,95,6.2,322.1,50,D,0
-18.8023,131.039,337.1,1.1,1.1,2014-10-24,0511,Aqua,MODIS,49,6.2,321.8,11.6,D,0
-19.0657,131.1263,341.1,1.1,1.1,2014-10-24,0511,Aqua,MODIS,81,6.2,321.4,21,D,0
-18.75,131.1012,335.1,1.1,1.1,2014-10-24,0511,Aqua,MODIS,48,6.2,319.3,13.1,D,0
-18.737,131.121,358.9,1.1,1.1,2014-10-24,0511,Aqua,MODIS,99,6.2,324,65.3,D,0
-18.7387,131.1102,363.2,1.1,1.1,2014-10-24,0511,Aqua,MODIS,100,6.2,322.5,82.3,D,0
-18.7404,131.0995,378.9,1.1,1.1,2014-10-24,0511,Aqua,MODIS,100,6.2,321.7,149.6,D,0
-18.7275,131.1193,362.4,1.1,1.1,2014-10-24,0511,Aqua,MODIS,100,6.2,323.9,77.7,D,0
-18.7292,131.1086,353,1.1,1.1,2014-10-24,0511,Aqua,MODIS,94,6.2,320.7,50.8,D,0
-19.0833,130.9807,337.6,1.1,1.1,2014-10-24,0511,Aqua,MODIS,64,6.2,317.9,21.4,D,0
-19.0817,130.9912,341.7,1.1,1.1,2014-10-24,0511,Aqua,MODIS,82,6.2,321,28.2,D,0
-19.08,131.0018,358.4,1.1,1.1,2014-10-24,0511,Aqua,MODIS,98,6.2,320.7,67.6,D,0
-19.0784,131.0125,337.8,1.1,1.1,2014-10-24,0511,Aqua,MODIS,71,6.2,317.4,17.7,D,0
-18.0517,132.7103,339.7,1.4,1.2,2014-10-24,0511,Aqua,MODIS,60,6.2,323.7,22.2,D,0
-19.0975,130.925,411,1.1,1.1,2014-10-24,0511,Aqua,MODIS,0,6.2,307.4,363.3,D,0
-19.0958,130.9355,442.7,1.1,1.1,2014-10-24,0511,Aqua,MODIS,94,6.2,326.4,703.2,D,0
-19.0942,130.946,350.4,1.1,1.1,2014-10-24,0511,Aqua,MODIS,78,6.2,313.1,48.4,D,0
-19.1053,130.9371,455.8,1.1,1.1,2014-10-24,0511,Aqua,MODIS,100,6.2,400.1,898,D,0
-19.1036,130.9476,358.4,1.1,1.1,2014-10-24,0511,Aqua,MODIS,93,6.2,319.5,68.4,D,0
-19.1147,130.9388,444.8,1.1,1.1,2014-10-24,0511,Aqua,MODIS,100,6.2,339.3,731.1,D,0
-19.113,130.9493,380.5,1.1,1.1,2014-10-24,0511,Aqua,MODIS,100,6.2,321.1,153.7,D,0
-19.1114,130.9598,347.3,1.1,1.1,2014-10-24,0511,Aqua,MODIS,49,6.2,319.8,36.5,D,0
-19.1126,131.0142,345.9,1.1,1.1,2014-10-24,0511,Aqua,MODIS,88,6.2,322.8,24.5,D,0
-18.8921,132.139,339.2,1.3,1.1,2014-10-24,0511,Aqua,MODIS,63,6.2,322.1,19.7,D,0
-18.8023,131.3509,336,1.2,1.1,2014-10-24,0511,Aqua,MODIS,72,6.2,319.7,13.5,D,0
-18.9145,130.9781,340.5,1.1,1.1,2014-10-24,0511,Aqua,MODIS,81,6.2,320.3,18.6,D,0
-22.2409,122.0339,341.9,2.4,1.5,2014-10-24,0511,Aqua,MODIS,69,6.2,315,93.2,D,0
-19.3385,122.4425,354.1,2.1,1.4,2014-10-24,0511,Aqua,MODIS,95,6.2,317.2,136.2,D,0
-19.3363,122.4622,345.9,2.1,1.4,2014-10-24,0511,Aqua,MODIS,88,6.2,314.4,91.6,D,0
-22.2386,122.0575,339.6,2.4,1.5,2014-10-24,0511,Aqua,MODIS,79,6.2,312.6,75.9,D,0
-19.4041,122.4306,335.1,2.1,1.4,2014-10-24,0511,Aqua,MODIS,70,6.2,307,56.4,D,0
-22.2519,121.9808,375.1,2.5,1.5,2014-10-24,0511,Aqua,MODIS,100,6.2,312,423.3,D,0
-22.2454,121.9868,356.4,2.5,1.5,2014-10-24,0511,Aqua,MODIS,97,6.2,313.5,215.4,D,0
-22.2446,122.0514,345.4,2.4,1.5,2014-10-24,0511,Aqua,MODIS,89,6.2,311.1,114,D,0
-19.814,123.1834,336.4,1.9,1.3,2014-10-24,0511,Aqua,MODIS,48,6.2,316.2,25.9,D,0
-19.7999,123.1997,342.7,1.9,1.3,2014-10-24,0511,Aqua,MODIS,80,6.2,317.6,47.7,D,0
-22.2382,121.9793,339.4,2.5,1.5,2014-10-24,0511,Aqua,MODIS,46,6.2,311.3,78.7,D,0
-19.952,128.6458,346.9,1,1,2014-10-24,0511,Aqua,MODIS,59,6.2,326.1,26.4,D,0
-19.8811,128.6969,353,1,1,2014-10-24,0511,Aqua,MODIS,94,6.2,325.9,41,D,0
-19.9221,128.4651,334.1,1,1,2014-10-24,0511,Aqua,MODIS,61,6.2,318.8,10.6,D,0
-21.6926,117.9037,331.5,4.8,2,2014-10-24,0511,Aqua,MODIS,59,6.2,309.9,128.3,D,0
-19.9052,128.7163,348.9,1,1,2014-10-24,0511,Aqua,MODIS,60,6.2,326.5,25.2,D,0
-19.9065,128.7068,352.1,1,1,2014-10-24,0511,Aqua,MODIS,84,6.2,327.6,33.6,D,0
-19.8872,128.7134,348.5,1,1,2014-10-24,0511,Aqua,MODIS,65,6.2,329.8,24,D,0
-19.8885,128.7039,358.3,1,1,2014-10-24,0511,Aqua,MODIS,94,6.2,328.8,49.4,D,0
-19.8784,128.7159,343,1,1,2014-10-24,0511,Aqua,MODIS,84,6.2,327,19,D,0
-19.8797,128.7064,352.6,1,1,2014-10-24,0511,Aqua,MODIS,94,6.2,329.2,38.5,D,0
-20.1316,128.4125,373.2,1,1,2014-10-24,0511,Aqua,MODIS,100,6.2,327.5,96.2,D,0
-20.1329,128.4029,374.6,1,1,2014-10-24,0511,Aqua,MODIS,100,6.2,327.2,101.2,D,0
-20.0888,128.5276,343.1,1,1,2014-10-24,0511,Aqua,MODIS,84,6.2,324.1,19,D,0
-20.0901,128.518,349.5,1,1,2014-10-24,0511,Aqua,MODIS,91,6.2,323.3,32.1,D,0
-20.0404,128.4119,344.7,1,1,2014-10-24,0511,Aqua,MODIS,86,6.2,324.7,22.4,D,0
-20.0417,128.4023,352.9,1,1,2014-10-24,0511,Aqua,MODIS,94,6.2,323.9,41.2,D,0
-20.1343,128.3932,363.4,1,1,2014-10-24,0511,Aqua,MODIS,100,6.2,324.7,65.7,D,0
-20.1356,128.3836,344,1,1,2014-10-24,0511,Aqua,MODIS,73,6.2,320.1,22.5,D,0
-20.1175,128.3807,375.1,1,1,2014-10-24,0511,Aqua,MODIS,100,6.2,323.2,111.4,D,0
-20.0431,128.3927,340.4,1,1,2014-10-24,0511,Aqua,MODIS,63,6.2,320.6,15.9,D,0
-20.0444,128.3831,354.2,1,1,2014-10-24,0511,Aqua,MODIS,95,6.2,322.6,44.5,D,0
-19.9596,128.6568,340.3,1,1,2014-10-24,0511,Aqua,MODIS,57,6.2,323.4,15.8,D,0
-19.9506,128.6554,358.4,1,1,2014-10-24,0511,Aqua,MODIS,98,6.2,325,54.5,D,0
-19.9261,128.4364,333.4,1,1,2014-10-24,0511,Aqua,MODIS,64,6.2,320.1,8.7,D,0
-15.5596,133.8722,337,1.9,1.4,2014-10-24,0512,Aqua,MODIS,20,6.2,315.6,36.2,D,0
-15.5564,133.8901,341,1.9,1.4,2014-10-24,0512,Aqua,MODIS,79,6.2,317.2,54.9,D,0
-15.5533,133.9079,336.3,1.9,1.4,2014-10-24,0512,Aqua,MODIS,40,6.2,318.8,36.9,D,0
-15.5631,133.9039,337.8,1.9,1.4,2014-10-24,0512,Aqua,MODIS,79,6.2,318.3,46.4,D,0
-16.1303,125.9718,369.7,1.1,1.1,2014-10-24,0512,Aqua,MODIS,94,6.2,308.4,124.6,D,0
-17.0621,132.8506,345.4,1.5,1.2,2014-10-24,0512,Aqua,MODIS,85,6.2,319.5,47.1,D,0
-17.0645,132.8364,339,1.5,1.2,2014-10-24,0512,Aqua,MODIS,56,6.2,322.2,24,D,0
-17.2935,132.9059,347,1.5,1.2,2014-10-24,0512,Aqua,MODIS,89,6.2,325.8,44.2,D,0
-17.2958,132.8917,345.7,1.5,1.2,2014-10-24,0512,Aqua,MODIS,87,6.2,325.8,37.6,D,0
-16.0234,133.6796,338.2,1.8,1.3,2014-10-24,0512,Aqua,MODIS,71,6.2,316.4,44,D,0
-15.3502,133.8523,334.1,1.9,1.4,2014-10-24,0512,Aqua,MODIS,43,6.2,317.7,29.8,D,0
-16.0206,133.6965,335.9,1.8,1.3,2014-10-24,0512,Aqua,MODIS,51,6.2,319,32.2,D,0
-16.8087,130.7399,336.6,1.2,1.1,2014-10-24,0512,Aqua,MODIS,36,6.2,313.2,17.9,D,0
-16.9978,130.7078,339.7,1.1,1.1,2014-10-24,0512,Aqua,MODIS,77,6.2,319.7,20,D,0
-16.9994,130.6971,350.5,1.1,1.1,2014-10-24,0512,Aqua,MODIS,92,6.2,320.2,46.1,D,0
-15.5418,133.8816,354.1,1.9,1.4,2014-10-24,0512,Aqua,MODIS,96,6.2,317.6,113.7,D,0
-15.5327,133.8616,347.7,1.9,1.4,2014-10-24,0512,Aqua,MODIS,90,6.2,316.5,82.9,D,0
-15.8948,133.827,343.2,1.9,1.3,2014-10-24,0512,Aqua,MODIS,61,6.2,319.1,55.3,D,0
-15.6742,133.7846,377.5,1.9,1.3,2014-10-24,0512,Aqua,MODIS,100,6.2,320,302.4,D,0
-15.6862,133.7868,347.3,1.9,1.3,2014-10-24,0512,Aqua,MODIS,90,6.2,319.5,82.1,D,0
-15.6771,133.7672,360.7,1.9,1.3,2014-10-24,0512,Aqua,MODIS,100,6.2,320.2,159.7,D,0
-15.6733,133.7556,337.2,1.9,1.3,2014-10-24,0512,Aqua,MODIS,78,6.2,317.2,31.9,D,0
-15.6792,133.7924,360.5,1.9,1.3,2014-10-24,0512,Aqua,MODIS,100,6.2,319,159.1,D,0
-15.6702,133.7729,341.5,1.9,1.3,2014-10-24,0512,Aqua,MODIS,84,6.2,317.1,52.2,D,0
-15.6822,133.7751,380.7,1.9,1.3,2014-10-24,0512,Aqua,MODIS,100,6.2,323.2,328.6,D,0
-15.5509,133.9017,339.9,1.9,1.4,2014-10-24,0512,Aqua,MODIS,45,6.2,318.8,48.3,D,0
-15.5539,133.8839,343.6,1.9,1.4,2014-10-24,0512,Aqua,MODIS,73,6.2,316.6,63.3,D,0
-15.5388,133.8993,370.1,1.9,1.4,2014-10-24,0512,Aqua,MODIS,100,6.2,320.1,232.1,D,0
-15.6651,133.765,338.5,1.9,1.3,2014-10-24,0512,Aqua,MODIS,80,6.2,317.9,41.3,D,0
-15.3288,133.9041,332.2,2,1.4,2014-10-24,0512,Aqua,MODIS,34,6.2,315.7,24.3,D,0
-15.3103,133.9379,339.5,2,1.4,2014-10-24,0512,Aqua,MODIS,78,6.2,313.5,54.1,D,0
-15.3134,133.9198,339.8,2,1.4,2014-10-24,0512,Aqua,MODIS,74,6.2,313.8,54.3,D,0
-16.1147,134.2949,336.4,2,1.4,2014-10-24,0512,Aqua,MODIS,53,6.2,317.4,36.3,D,0
-16.0177,133.7135,339.5,1.8,1.3,2014-10-24,0512,Aqua,MODIS,81,6.2,318.6,42.6,D,0
-15.3225,133.9401,353,2,1.4,2014-10-24,0512,Aqua,MODIS,95,6.2,312.1,118.5,D,0
-15.6942,133.7773,336.4,1.9,1.3,2014-10-24,0512,Aqua,MODIS,37,6.2,319.9,27.4,D,0
-15.3194,133.9584,337.9,2,1.4,2014-10-24,0512,Aqua,MODIS,78,6.2,314.4,43.8,D,0
-15.6912,133.7946,346,1.9,1.3,2014-10-24,0512,Aqua,MODIS,89,6.2,317.3,72.4,D,0
-15.6288,133.6172,335.1,1.8,1.3,2014-10-24,0512,Aqua,MODIS,57,6.2,317.9,29.2,D,0
-15.3317,133.9605,355,2,1.4,2014-10-24,0512,Aqua,MODIS,96,6.2,316.3,133.4,D,0
-15.3012,133.9176,334.8,2,1.4,2014-10-24,0512,Aqua,MODIS,37,6.2,312.6,36.4,D,0
-15.3165,133.9021,340.4,2,1.4,2014-10-24,0512,Aqua,MODIS,76,6.2,315.2,60.3,D,0
-15.2976,133.9101,331.7,2,1.4,2014-10-24,0512,Aqua,MODIS,52,6.2,312,29.4,D,0
-15.3043,133.8999,350.5,2,1.4,2014-10-24,0512,Aqua,MODIS,93,6.2,313.5,113.8,D,0
-15.7032,133.7968,340.7,1.9,1.3,2014-10-24,0512,Aqua,MODIS,51,6.2,319.1,44.4,D,0
-16.298,134.2273,335.2,2,1.4,2014-10-24,0512,Aqua,MODIS,38,6.2,314.9,39.3,D,0
-15.3006,133.892,332.9,2,1.4,2014-10-24,0512,Aqua,MODIS,62,6.2,311.3,36.3,D,0
-15.8498,133.8008,338.2,1.9,1.3,2014-10-24,0512,Aqua,MODIS,18,6.2,317.6,40.1,D,0
-16.0087,133.6943,342.2,1.8,1.3,2014-10-24,0512,Aqua,MODIS,81,6.2,315.7,57.4,D,0
-15.3531,125.5075,341.2,1.2,1.1,2014-10-24,0512,Aqua,MODIS,87,6.2,301.3,40.2,D,0
-15.3545,125.4969,338.2,1.2,1.1,2014-10-24,0512,Aqua,MODIS,85,6.2,301.8,34,D,0
-15.3449,125.4955,320.2,1.2,1.1,2014-10-24,0512,Aqua,MODIS,10,6.2,299.9,7.7,D,0
-15.8565,133.7951,337.3,1.9,1.3,2014-10-24,0512,Aqua,MODIS,55,6.2,318.2,38.4,D,0
-14.5585,135.391,330.7,2.6,1.6,2014-10-24,0512,Aqua,MODIS,64,6.2,304.7,63.5,D,0
-18.2121,126.6793,356.5,1.1,1,2014-10-24,0512,Aqua,MODIS,97,6.2,312.3,66.8,D,0
-14.5665,135.3729,333.5,2.6,1.6,2014-10-24,0512,Aqua,MODIS,71,6.2,305.1,80.1,D,0
-14.5622,135.3967,328.3,2.6,1.6,2014-10-24,0512,Aqua,MODIS,50,6.2,304.1,55.3,D,0
-17.7778,125.656,349.1,1.2,1.1,2014-10-24,0512,Aqua,MODIS,92,6.2,318,40.2,D,0
-17.7763,125.6673,352.6,1.2,1.1,2014-10-24,0512,Aqua,MODIS,94,6.2,317.7,51.9,D,0
-16.9217,130.4714,348.1,1.1,1.1,2014-10-24,0512,Aqua,MODIS,89,6.2,317.3,39.8,D,0
-15.003,125.7711,350,1.1,1.1,2014-10-24,0512,Aqua,MODIS,88,6.2,302.7,52.7,D,0
-15.0044,125.7607,344.5,1.1,1.1,2014-10-24,0512,Aqua,MODIS,90,6.2,304.4,41.8,D,0
-14.9935,125.7697,339.6,1.1,1.1,2014-10-24,0512,Aqua,MODIS,81,6.2,303.2,29.9,D,0
-17.768,125.6546,363.1,1.2,1.1,2014-10-24,0512,Aqua,MODIS,100,6.2,322.6,86.5,D,0
-17.7694,125.6433,345.3,1.2,1.1,2014-10-24,0512,Aqua,MODIS,88,6.2,321.9,29.5,D,0
-17.7709,125.6319,340.8,1.2,1.1,2014-10-24,0512,Aqua,MODIS,76,6.2,321.5,18.1,D,0
-14.9949,125.7594,370.2,1.1,1.1,2014-10-24,0512,Aqua,MODIS,100,6.2,307.8,117,D,0
-14.9963,125.749,339.3,1.1,1.1,2014-10-24,0512,Aqua,MODIS,85,6.2,304.4,29.5,D,0
-17.348,130.447,338.3,1.1,1,2014-10-24,0512,Aqua,MODIS,48,6.2,318.7,16.2,D,0
-17.2825,124.5212,342.7,1.4,1.2,2014-10-24,0512,Aqua,MODIS,86,6.2,307.3,46.6,D,0
-17.243,124.5818,377.9,1.4,1.2,2014-10-24,0512,Aqua,MODIS,100,6.2,307.9,207.3,D,0
-17.2357,124.5546,334.5,1.4,1.2,2014-10-24,0512,Aqua,MODIS,42,6.2,297.4,25.2,D,0
-17.222,124.5789,370,1.4,1.2,2014-10-24,0512,Aqua,MODIS,100,6.2,304.1,164.3,D,0
-17.2266,124.573,370.6,1.4,1.2,2014-10-24,0512,Aqua,MODIS,94,6.2,305.6,168.4,D,0
-17.2607,124.6103,329.5,1.4,1.2,2014-10-24,0512,Aqua,MODIS,61,6.2,301.4,22.6,D,0
-17.2598,124.5314,333.8,1.4,1.2,2014-10-24,0512,Aqua,MODIS,73,6.2,307.5,18.9,D,0
-17.2752,124.4936,337.6,1.4,1.2,2014-10-24,0512,Aqua,MODIS,76,6.2,308.8,33.4,D,0
-17.2582,124.5444,335.8,1.4,1.2,2014-10-24,0512,Aqua,MODIS,69,6.2,305.8,27.4,D,0
-17.2736,124.5067,342.4,1.4,1.2,2014-10-24,0512,Aqua,MODIS,86,6.2,306.6,44,D,0
-17.2704,124.5328,331.4,1.4,1.2,2014-10-24,0512,Aqua,MODIS,62,6.2,308.8,14.1,D,0
-17.2687,124.5458,374.7,1.4,1.2,2014-10-24,0512,Aqua,MODIS,100,6.2,309.6,181.2,D,0
-17.2671,124.5588,367.5,1.4,1.2,2014-10-24,0512,Aqua,MODIS,100,6.2,304.5,144.5,D,0
-17.2639,124.5847,328.3,1.4,1.2,2014-10-24,0512,Aqua,MODIS,46,6.2,301.8,17.4,D,0
-17.2623,124.5975,332.2,1.4,1.2,2014-10-24,0512,Aqua,MODIS,70,6.2,303.3,28,D,0
-17.2841,124.5081,338.2,1.4,1.2,2014-10-24,0512,Aqua,MODIS,81,6.2,309.3,33.4,D,0
-17.2809,124.5342,345.2,1.4,1.2,2014-10-24,0512,Aqua,MODIS,88,6.2,304.5,54.8,D,0
-17.2914,124.5356,334.9,1.4,1.2,2014-10-24,0512,Aqua,MODIS,50,6.2,307.5,30.6,D,0
-17.3052,124.5109,339.4,1.4,1.2,2014-10-24,0512,Aqua,MODIS,82,6.2,307.2,40.8,D,0
-17.3035,124.524,337.8,1.4,1.2,2014-10-24,0512,Aqua,MODIS,69,6.2,306.4,37.9,D,0
-17.3019,124.537,346.6,1.4,1.2,2014-10-24,0512,Aqua,MODIS,85,6.2,306.7,65.9,D,0
-17.3002,124.55,398,1.4,1.2,2014-10-24,0512,Aqua,MODIS,94,6.2,312.4,366.8,D,0
-17.2986,124.563,389.1,1.4,1.2,2014-10-24,0512,Aqua,MODIS,100,6.2,305.8,289.8,D,0
-14.2261,131.2223,358.8,1.3,1.1,2014-10-24,0512,Aqua,MODIS,82,6.2,315,92.1,D,0
-14.3676,131.0969,343.6,1.3,1.1,2014-10-24,0512,Aqua,MODIS,49,6.2,306.7,51.3,D,0
-14.3696,131.0848,342.5,1.3,1.1,2014-10-24,0512,Aqua,MODIS,53,6.2,307.1,48.2,D,0
-14.3586,131.102,333.6,1.3,1.1,2014-10-24,0512,Aqua,MODIS,47,6.2,300.1,25,D,0
-14.3635,131.3844,336.4,1.4,1.2,2014-10-24,0512,Aqua,MODIS,36,6.2,316.6,21.9,D,0
-14.3605,131.09,361.3,1.3,1.1,2014-10-24,0512,Aqua,MODIS,100,6.2,307.5,108.7,D,0
-17.9136,126.3516,334.3,1.1,1.1,2014-10-24,0512,Aqua,MODIS,58,6.2,310.8,16.6,D,0
-17.0225,130.2935,379.6,1.1,1,2014-10-24,0512,Aqua,MODIS,100,6.2,323.1,143.9,D,0
-17.024,130.2833,343,1.1,1,2014-10-24,0512,Aqua,MODIS,82,6.2,319.7,24.9,D,0
-16.9201,130.4818,339.6,1.1,1.1,2014-10-24,0512,Aqua,MODIS,77,6.2,318.2,20.3,D,0
-16.3861,128.1894,333.9,1,1,2014-10-24,0512,Aqua,MODIS,69,6.2,316.5,12,D,0
-17.2518,124.5961,331.6,1.4,1.2,2014-10-24,0512,Aqua,MODIS,68,6.2,302.2,27.2,D,0
-14.3948,131.1877,356.9,1.3,1.1,2014-10-24,0512,Aqua,MODIS,97,6.2,307.2,90.4,D,0
-14.3929,131.1997,370.8,1.3,1.1,2014-10-24,0512,Aqua,MODIS,87,6.2,303.8,153.2,D,0
-14.4031,131.2015,359.5,1.3,1.1,2014-10-24,0512,Aqua,MODIS,94,6.2,307,100.1,D,0
-14.4011,131.2137,363.8,1.3,1.1,2014-10-24,0512,Aqua,MODIS,87,6.2,305.6,119.4,D,0
-14.3992,131.2258,342.9,1.3,1.1,2014-10-24,0512,Aqua,MODIS,74,6.2,299.9,46.8,D,0
-16.3078,131.3302,376.1,1.3,1.1,2014-10-24,0512,Aqua,MODIS,100,6.2,321.3,157.1,D,0
-14.4164,131.317,349.7,1.3,1.1,2014-10-24,0512,Aqua,MODIS,69,6.2,319.2,47.3,D,0
-14.4291,131.1689,377.7,1.3,1.1,2014-10-24,0512,Aqua,MODIS,100,6.2,313.9,182.6,D,0
-16.2898,131.315,344.5,1.3,1.1,2014-10-24,0512,Aqua,MODIS,86,6.2,315.2,40.2,D,0
-14.4069,131.1775,351.1,1.3,1.1,2014-10-24,0512,Aqua,MODIS,73,6.2,306.8,67.5,D,0
-14.4272,131.1809,361.4,1.3,1.1,2014-10-24,0512,Aqua,MODIS,87,6.2,295.3,102.1,D,0
-16.2916,131.3035,352.7,1.3,1.1,2014-10-24,0512,Aqua,MODIS,88,6.2,322,66.2,D,0
-16.326,131.3453,337.2,1.3,1.1,2014-10-24,0512,Aqua,MODIS,34,6.2,320.2,17.2,D,0
-16.316,131.3436,342.7,1.3,1.1,2014-10-24,0512,Aqua,MODIS,76,6.2,319.7,29.7,D,0
-16.306,131.3417,345.1,1.3,1.1,2014-10-24,0512,Aqua,MODIS,83,6.2,316.9,36.5,D,0
-16.2997,131.3168,393.7,1.3,1.1,2014-10-24,0512,Aqua,MODIS,94,6.2,321.6,269.3,D,0
-16.2816,131.3018,351.8,1.3,1.1,2014-10-24,0512,Aqua,MODIS,93,6.2,318.8,63.6,D,0
-14.3744,131.1843,332,1.3,1.1,2014-10-24,0512,Aqua,MODIS,41,6.2,297.1,24.6,D,0
-14.2031,131.1684,438.6,1.3,1.1,2014-10-24,0512,Aqua,MODIS,94,6.2,318.9,827.9,D,0
-14.2012,131.1805,453,1.3,1.1,2014-10-24,0512,Aqua,MODIS,94,6.2,323.9,1095.9,D,0
-14.1993,131.1927,339.3,1.3,1.1,2014-10-24,0512,Aqua,MODIS,49,6.2,308.8,34.4,D,0
-14.2095,131.1944,385.8,1.3,1.1,2014-10-24,0512,Aqua,MODIS,100,6.2,317.2,234.4,D,0
-14.2299,131.1978,352.6,1.3,1.1,2014-10-24,0512,Aqua,MODIS,88,6.2,312.9,67.5,D,0
-14.2178,131.2083,354.5,1.3,1.1,2014-10-24,0512,Aqua,MODIS,71,6.2,315,77.5,D,0
-14.2248,131.2976,357.8,1.3,1.1,2014-10-24,0512,Aqua,MODIS,98,6.2,315.3,93.4,D,0
-14.2075,131.2066,365.7,1.3,1.1,2014-10-24,0512,Aqua,MODIS,100,6.2,311.3,125.2,D,0
-14.2197,131.1961,359.1,1.3,1.1,2014-10-24,0512,Aqua,MODIS,93,6.2,316.1,90,D,0
-14.228,131.21,378.5,1.3,1.1,2014-10-24,0512,Aqua,MODIS,100,6.2,316.5,188.5,D,0
-16.2835,131.2901,349.1,1.3,1.1,2014-10-24,0512,Aqua,MODIS,91,6.2,315.5,55,D,0
-14.3967,131.1758,367.2,1.3,1.1,2014-10-24,0512,Aqua,MODIS,100,6.2,310.6,133.2,D,0
-14.2216,131.184,348.8,1.3,1.1,2014-10-24,0512,Aqua,MODIS,32,6.2,317.4,50,D,0
-14.2114,131.1823,364.4,1.3,1.1,2014-10-24,0512,Aqua,MODIS,100,6.2,317.8,109,D,0
-14.2133,131.1701,349.7,1.3,1.1,2014-10-24,0512,Aqua,MODIS,85,6.2,314.5,54.5,D,0
-16.2979,131.3283,342.9,1.3,1.1,2014-10-24,0512,Aqua,MODIS,77,6.2,317.7,34.9,D,0
-14.3725,131.1962,331.6,1.3,1.1,2014-10-24,0512,Aqua,MODIS,56,6.2,293.2,20.9,D,0
-14.3865,131.174,335.9,1.3,1.1,2014-10-24,0512,Aqua,MODIS,52,6.2,297.4,30,D,0
-13.9884,135.4979,328.8,2.7,1.6,2014-10-24,0512,Aqua,MODIS,52,6.2,301.2,63.8,D,0
-12.5422,136.0606,329.3,3.2,1.7,2014-10-24,0513,Aqua,MODIS,48,6.2,303.3,85.7,D,0
-12.5446,136.0532,326.3,3.2,1.7,2014-10-24,0513,Aqua,MODIS,32,6.2,304.4,73,D,0
-12.6866,134.3618,331.5,2.4,1.5,2014-10-24,0513,Aqua,MODIS,72,6.2,309.6,52.7,D,0
-12.7837,132.9402,334.2,1.8,1.3,2014-10-24,0513,Aqua,MODIS,69,6.2,312.3,34.4,D,0
-12.7032,136.0127,323.9,3.2,1.7,2014-10-24,0513,Aqua,MODIS,22,6.2,308.5,30.5,D,0
-12.4605,131.8347,339.1,1.6,1.2,2014-10-24,0513,Aqua,MODIS,84,6.2,305.7,45.7,D,0
-12.4627,131.8205,333.5,1.6,1.2,2014-10-24,0513,Aqua,MODIS,75,6.2,307.7,27.3,D,0
-12.5521,136.0929,333.1,3.2,1.7,2014-10-24,0513,Aqua,MODIS,74,6.2,305,105.1,D,0
-14.2878,127.2963,325,1,1,2014-10-24,0513,Aqua,MODIS,11,6.2,305.3,13,D,0
-13.0538,130.3417,335.4,1.2,1.1,2014-10-24,0513,Aqua,MODIS,75,6.2,302.7,27.4,D,0
-13.0521,130.3529,337,1.2,1.1,2014-10-24,0513,Aqua,MODIS,73,6.2,301,32.6,D,0
-14.3827,127.2794,351.1,1,1,2014-10-24,0513,Aqua,MODIS,94,6.2,307.5,50.3,D,0
-14.6203,126.8981,330.7,1,1,2014-10-24,0513,Aqua,MODIS,54,6.2,308.9,11.5,D,0
-14.6468,126.8981,340.1,1,1,2014-10-24,0513,Aqua,MODIS,74,6.2,308,26.5,D,0
-13.669,130.4069,379.5,1.2,1.1,2014-10-24,0513,Aqua,MODIS,87,6.2,308.1,173.1,D,0
-13.6707,130.3958,401.3,1.2,1.1,2014-10-24,0513,Aqua,MODIS,100,6.2,316.6,316.7,D,0
-11.7217,130.3527,333,1.3,1.1,2014-10-24,0513,Aqua,MODIS,25,6.2,308.2,24.1,D,0
-13.6592,130.4053,355.6,1.2,1.1,2014-10-24,0513,Aqua,MODIS,83,6.2,308.5,72.9,D,0
-13.0411,130.2939,328.8,1.2,1.1,2014-10-24,0513,Aqua,MODIS,40,6.2,300.8,13.4,D,0
-14.55,127.0698,352.8,1,1,2014-10-24,0513,Aqua,MODIS,95,6.2,308.7,54.7,D,0
-11.8124,130.0988,335.2,1.2,1.1,2014-10-24,0513,Aqua,MODIS,44,6.2,307.1,30.3,D,0
-14.4135,127.2519,342.7,1,1,2014-10-24,0513,Aqua,MODIS,83,6.2,304.4,35.6,D,0
-13.6609,130.3942,393.6,1.2,1.1,2014-10-24,0513,Aqua,MODIS,87,6.2,310.1,258.3,D,0
-12.4366,131.7728,327.7,1.5,1.2,2014-10-24,0513,Aqua,MODIS,49,6.2,306.4,16.6,D,0
-14.4912,127.0925,334.3,1,1,2014-10-24,0513,Aqua,MODIS,51,6.2,306.1,20.3,D,0
-14.5487,127.0791,332.5,1,1,2014-10-24,0513,Aqua,MODIS,58,6.2,309.8,17.3,D,0
-12.9777,135.0549,330.9,2.7,1.6,2014-10-24,0513,Aqua,MODIS,70,6.2,308.9,52.1,D,0
-12.476,133.3551,329.8,2,1.4,2014-10-24,0513,Aqua,MODIS,52,6.2,310.7,25.8,D,0
-12.1879,134.4213,329.8,2.5,1.5,2014-10-24,0513,Aqua,MODIS,68,6.2,302.5,59.8,D,0
-12.7498,132.9646,350.1,1.9,1.3,2014-10-24,0513,Aqua,MODIS,93,6.2,316.5,98.2,D,0
-12.3521,133.6164,342.4,2.1,1.4,2014-10-24,0513,Aqua,MODIS,87,6.2,313.1,90.8,D,0
-12.9594,132.8088,335.6,1.8,1.3,2014-10-24,0513,Aqua,MODIS,61,6.2,313.8,30.8,D,0
-12.9811,135.0602,326.4,2.7,1.6,2014-10-24,0513,Aqua,MODIS,41,6.2,308.5,27.8,D,0
-12.7883,132.9541,331.8,1.9,1.3,2014-10-24,0513,Aqua,MODIS,48,6.2,313.1,26.1,D,0
-12.9367,135.3802,338.5,2.8,1.6,2014-10-24,0513,Aqua,MODIS,83,6.2,307.1,115.8,D,0
-12.9475,135.4137,326.2,2.8,1.6,2014-10-24,0513,Aqua,MODIS,34,6.2,307.5,41.4,D,0
-12.9859,135.0069,333.1,2.6,1.6,2014-10-24,0513,Aqua,MODIS,74,6.2,308.3,60.6,D,0
-12.9853,135.0362,337.7,2.6,1.6,2014-10-24,0513,Aqua,MODIS,81,6.2,309.9,89.8,D,0
-12.9818,135.0309,343.6,2.6,1.6,2014-10-24,0513,Aqua,MODIS,88,6.2,310.8,132.1,D,0
-12.9714,135.0336,329.5,2.6,1.6,2014-10-24,0513,Aqua,MODIS,66,6.2,310.5,42.7,D,0
-12.1532,133.5504,332.8,2.1,1.4,2014-10-24,0513,Aqua,MODIS,68,6.2,305.4,47.1,D,0
-12.9186,136.0964,338.1,3.2,1.7,2014-10-24,0513,Aqua,MODIS,82,6.2,309.2,132.8,D,0
-12.3394,133.6145,351.7,2.1,1.4,2014-10-24,0513,Aqua,MODIS,94,6.2,312.1,148.7,D,0
-12.9896,135.0123,332.3,2.6,1.6,2014-10-24,0513,Aqua,MODIS,73,6.2,308.8,54.7,D,0
-12.7807,132.9582,335.6,1.9,1.3,2014-10-24,0513,Aqua,MODIS,77,6.2,313.6,40,D,0
-12.9322,135.4062,337.6,2.8,1.6,2014-10-24,0513,Aqua,MODIS,82,6.2,310.5,105.6,D,0
-12.9378,135.3851,352.2,2.8,1.6,2014-10-24,0513,Aqua,MODIS,95,6.2,308,234.6,D,0
-12.9757,135.0097,328.7,2.6,1.6,2014-10-24,0513,Aqua,MODIS,64,6.2,306.9,35.9,D,0
-12.9332,135.411,334.2,2.8,1.6,2014-10-24,0513,Aqua,MODIS,74,6.2,310.3,83.6,D,0
-12.3297,133.672,343.5,2.1,1.4,2014-10-24,0513,Aqua,MODIS,80,6.2,311.4,88,D,0
-12.3489,133.6356,349.4,2.1,1.4,2014-10-24,0513,Aqua,MODIS,93,6.2,316,127.5,D,0
-12.3456,133.6548,347.4,2.1,1.4,2014-10-24,0513,Aqua,MODIS,81,6.2,312.9,108.6,D,0
-11.3285,131.1239,328.6,1.4,1.2,2014-10-24,0513,Aqua,MODIS,66,6.2,304.2,23.8,D,0
-12.3747,133.6473,335,2.1,1.4,2014-10-24,0513,Aqua,MODIS,60,6.2,314.7,47.4,D,0
-12.3391,133.6939,339.4,2.1,1.4,2014-10-24,0513,Aqua,MODIS,68,6.2,312.9,62.8,D,0
-12.3614,133.6382,333.6,2.1,1.4,2014-10-24,0513,Aqua,MODIS,51,6.2,312.8,42.6,D,0
-12.3741,133.6403,334.6,2.1,1.4,2014-10-24,0513,Aqua,MODIS,55,6.2,313.3,45.3,D,0
-13.3743,134.0978,329.6,2.2,1.4,2014-10-24,0513,Aqua,MODIS,38,6.2,311.4,26.8,D,0
-13.3906,134.08,335.8,2.2,1.4,2014-10-24,0513,Aqua,MODIS,76,6.2,314.1,53.5,D,0
-12.7681,134.3366,325.1,2.4,1.5,2014-10-24,0513,Aqua,MODIS,39,6.2,309.1,25.9,D,0
-13.3557,134.2853,336.1,2.3,1.5,2014-10-24,0513,Aqua,MODIS,70,6.2,314.3,51.9,D,0
-14.5087,126.382,331.4,1.1,1,2014-10-24,0513,Aqua,MODIS,41,6.2,301.4,18.9,D,0
-14.51,126.3723,329,1.1,1,2014-10-24,0513,Aqua,MODIS,52,6.2,301.2,14.8,D,0
-14.4995,126.3806,333.2,1.1,1,2014-10-24,0513,Aqua,MODIS,71,6.2,303,20.7,D,0
-14.5008,126.3709,331.4,1.1,1,2014-10-24,0513,Aqua,MODIS,74,6.2,302.1,18.3,D,0
-12.9386,132.7884,357.7,1.8,1.3,2014-10-24,0513,Aqua,MODIS,98,6.2,312.7,136.5,D,0
-12.3362,133.6333,349.9,2.1,1.4,2014-10-24,0513,Aqua,MODIS,93,6.2,311.7,134.7,D,0
-12.9504,132.7905,343.2,1.8,1.3,2014-10-24,0513,Aqua,MODIS,86,6.2,314.3,63.8,D,0
-12.9477,132.8067,331.9,1.8,1.3,2014-10-24,0513,Aqua,MODIS,54,6.2,314.6,21.4,D,0
-12.8985,130.5552,348.9,1.3,1.1,2014-10-24,0513,Aqua,MODIS,92,6.2,309.4,61.6,D,0
-11.7345,130.5355,331.4,1.3,1.1,2014-10-24,0513,Aqua,MODIS,23,6.2,311.4,15.7,D,0
-11.7364,130.5235,332.5,1.3,1.1,2014-10-24,0513,Aqua,MODIS,73,6.2,309.4,19.5,D,0
-11.7262,130.5219,330.6,1.3,1.1,2014-10-24,0513,Aqua,MODIS,59,6.2,308.4,16.9,D,0
-11.7243,130.5339,338.4,1.3,1.1,2014-10-24,0513,Aqua,MODIS,80,6.2,308.9,32.7,D,0
-11.7289,130.5715,339.8,1.3,1.1,2014-10-24,0513,Aqua,MODIS,70,6.2,309.8,33.8,D,0
-12.8885,130.5536,349.1,1.3,1.1,2014-10-24,0513,Aqua,MODIS,78,6.2,309.9,63.6,D,0
-11.7308,130.5595,342.2,1.3,1.1,2014-10-24,0513,Aqua,MODIS,79,6.2,311.4,39.6,D,0
-12.9257,130.5125,340.1,1.3,1.1,2014-10-24,0513,Aqua,MODIS,73,6.2,307.6,40.7,D,0
-11.4703,130.5977,339.8,1.3,1.1,2014-10-24,0513,Aqua,MODIS,61,6.2,306.7,41.2,D,0
-11.4685,130.6097,333.9,1.3,1.1,2014-10-24,0513,Aqua,MODIS,52,6.2,306.4,28,D,0
-11.7391,130.573,335.9,1.3,1.1,2014-10-24,0513,Aqua,MODIS,67,6.2,312.6,24.6,D,0
-13.6708,132.5351,333.2,1.7,1.3,2014-10-24,0513,Aqua,MODIS,60,6.2,311.2,26.8,D,0
-13.6832,132.5285,344.8,1.7,1.3,2014-10-24,0513,Aqua,MODIS,87,6.2,315.6,59.8,D,0
-13.6719,132.5265,336.2,1.7,1.3,2014-10-24,0513,Aqua,MODIS,75,6.2,312.5,31.7,D,0
-13.6732,132.5199,334.3,1.7,1.3,2014-10-24,0513,Aqua,MODIS,72,6.2,313.3,27.9,D,0
-13.6757,132.5048,335.6,1.7,1.3,2014-10-24,0513,Aqua,MODIS,47,6.2,312.8,29.7,D,0
-13.6619,132.5178,343.2,1.7,1.3,2014-10-24,0513,Aqua,MODIS,86,6.2,314.4,60.9,D,0
-13.6644,132.5027,395.5,1.7,1.3,2014-10-24,0513,Aqua,MODIS,100,6.2,320.3,432.5,D,0
-13.6531,132.5007,375.8,1.7,1.3,2014-10-24,0513,Aqua,MODIS,100,6.2,318.8,248.6,D,0
-13.6555,132.4857,366.2,1.6,1.3,2014-10-24,0513,Aqua,MODIS,100,6.2,314.7,178.7,D,0
-13.0392,132.8774,332.6,1.8,1.3,2014-10-24,0513,Aqua,MODIS,70,6.2,310.3,34.6,D,0
-13.1312,133.1081,335.6,1.9,1.3,2014-10-24,0513,Aqua,MODIS,76,6.2,309.6,43.8,D,0
-13.759,132.637,342.1,1.7,1.3,2014-10-24,0513,Aqua,MODIS,84,6.2,315.5,53.7,D,0
-13.7554,132.6422,342.1,1.7,1.3,2014-10-24,0513,Aqua,MODIS,84,6.2,315.1,52.3,D,0
-12.3442,135.8831,324.8,3.2,1.7,2014-10-24,0513,Aqua,MODIS,56,6.2,304.8,56.9,D,0
-12.9802,132.8293,331.6,1.8,1.3,2014-10-24,0513,Aqua,MODIS,52,6.2,314,19.2,D,0
-12.9767,132.8173,343.4,1.8,1.3,2014-10-24,0513,Aqua,MODIS,87,6.2,314.5,64.1,D,0
-13.123,133.1124,338.8,1.9,1.3,2014-10-24,0513,Aqua,MODIS,81,6.2,310.7,56.6,D,0
-13.1284,133.1253,336.9,1.9,1.3,2014-10-24,0513,Aqua,MODIS,79,6.2,310.4,49.7,D,0
-13.7034,132.5477,339.5,1.7,1.3,2014-10-24,0513,Aqua,MODIS,76,6.2,316.6,37.8,D,0
-13.7008,132.5629,388.8,1.7,1.3,2014-10-24,0513,Aqua,MODIS,100,6.2,322,358.4,D,0
-13.7122,132.5648,344,1.7,1.3,2014-10-24,0513,Aqua,MODIS,86,6.2,316.7,55.6,D,0
-13.7097,132.5801,362.7,1.7,1.3,2014-10-24,0513,Aqua,MODIS,100,6.2,315.5,150.5,D,0
-13.758,132.6263,338.8,1.7,1.3,2014-10-24,0513,Aqua,MODIS,69,6.2,316.5,38.1,D,0
-12.3479,135.8616,327.5,3.1,1.7,2014-10-24,0513,Aqua,MODIS,57,6.2,303.5,66.4,D,0
-13.6933,132.4685,337.1,1.6,1.3,2014-10-24,0513,Aqua,MODIS,39,6.2,315.7,27.7,D,0
-13.1408,133.0798,329.8,1.9,1.3,2014-10-24,0513,Aqua,MODIS,49,6.2,310.5,23.3,D,0
-13.135,133.1139,333.1,1.9,1.3,2014-10-24,0513,Aqua,MODIS,71,6.2,309.9,36.1,D,0
-13.1557,133.0641,345.1,1.9,1.3,2014-10-24,0513,Aqua,MODIS,88,6.2,313.7,78.4,D,0
-13.0301,132.8594,328.8,1.8,1.3,2014-10-24,0513,Aqua,MODIS,39,6.2,310.7,20.7,D,0
-13.682,132.4664,343.4,1.6,1.3,2014-10-24,0513,Aqua,MODIS,85,6.2,313.2,51.2,D,0
-13.1585,133.0474,341,1.9,1.3,2014-10-24,0513,Aqua,MODIS,82,6.2,314.6,59.3,D,0
-13.1404,133.0098,333.6,1.8,1.3,2014-10-24,0513,Aqua,MODIS,63,6.2,310.5,38.1,D,0
-13.1331,133.0208,331.3,1.8,1.3,2014-10-24,0513,Aqua,MODIS,34,6.2,309,30.5,D,0
-13.6983,132.5781,353.6,1.7,1.3,2014-10-24,0513,Aqua,MODIS,95,6.2,312.1,103,D,0
-13.6895,132.5609,434.8,1.7,1.3,2014-10-24,0513,Aqua,MODIS,100,6.2,322,1083.1,D,0
-13.692,132.5457,435.6,1.7,1.3,2014-10-24,0513,Aqua,MODIS,100,6.2,332,1093.5,D,0
-13.6807,132.5437,376.8,1.7,1.3,2014-10-24,0513,Aqua,MODIS,100,6.2,312.9,248,D,0
-13.6797,132.5524,354.4,1.7,1.3,2014-10-24,0513,Aqua,MODIS,96,6.2,308.6,109.1,D,0
-13.6821,132.5371,367.2,1.7,1.3,2014-10-24,0513,Aqua,MODIS,100,6.2,316.6,181.3,D,0
-13.0275,132.8752,348.1,1.8,1.3,2014-10-24,0513,Aqua,MODIS,91,6.2,311.8,97.3,D,0
-13.0419,132.8613,331.1,1.8,1.3,2014-10-24,0513,Aqua,MODIS,52,6.2,310.9,26.8,D,0
-11.2154,132.3671,325.5,1.8,1.3,2014-10-24,0513,Aqua,MODIS,24,6.2,303.9,14.1,D,0
-12.9711,132.8109,334.8,1.8,1.3,2014-10-24,0513,Aqua,MODIS,63,6.2,313.4,28.3,D,0
-13.6829,132.4599,340.7,1.6,1.3,2014-10-24,0513,Aqua,MODIS,82,6.2,313.9,47.7,D,0
-12.9685,132.8272,334.1,1.8,1.3,2014-10-24,0513,Aqua,MODIS,62,6.2,313,25.2,D,0
-13.6668,132.4877,355.6,1.6,1.3,2014-10-24,0513,Aqua,MODIS,97,6.2,312.4,112.3,D,0
-13.0098,133.1312,329.3,1.9,1.3,2014-10-24,0513,Aqua,MODIS,44,6.2,310.2,24.1,D,0
-31.8891,116.086,315.7,2.6,1.6,2014-10-24,0646,Aqua,MODIS,47,6.2,297.1,32.9,D,0
-21.7216,116.3692,420.5,4.8,2,2014-10-24,0649,Aqua,MODIS,100,6.2,325.3,3639.5,D,0
-21.7393,116.3739,343.1,4.8,2,2014-10-24,0649,Aqua,MODIS,92,6.2,311.3,283.8,D,0
-21.7115,116.4145,430,4.8,2,2014-10-24,0649,Aqua,MODIS,100,6.2,317.2,4504.3,D,0
-21.6936,116.4105,357.3,4.8,2,2014-10-24,0649,Aqua,MODIS,98,6.2,311.4,574.8,D,0
-21.7311,116.4117,328.4,4.8,2,2014-10-24,0649,Aqua,MODIS,70,6.2,307,70.7,D,0
-21.7133,116.4071,442.8,4.8,2,2014-10-24,0649,Aqua,MODIS,100,6.2,320.3,5825.2,D,0
-21.6954,116.403,368.9,4.8,2,2014-10-24,0649,Aqua,MODIS,100,6.2,312.5,905.4,D,0
-21.723,116.3619,400.8,4.8,2,2014-10-24,0649,Aqua,MODIS,100,6.2,322.5,2278.8,D,0
-21.7038,116.3647,356.5,4.8,2,2014-10-24,0649,Aqua,MODIS,98,6.2,313.3,553.2,D,0
-21.7407,116.3666,332.3,4.8,2,2014-10-24,0649,Aqua,MODIS,85,6.2,311.3,118.2,D,0
-21.7053,116.3572,350,4.8,2,2014-10-24,0649,Aqua,MODIS,95,6.2,313.5,413.7,D,0
-25.0016,148.1649,307,1,1,2014-10-24,1256,Terra,MODIS,41,6.2,269.7,9.2,N,0
-23.2315,150.7465,309.2,1.4,1.2,2014-10-24,1256,Terra,MODIS,77,6.2,290,15.8,N,0
-25.4106,146.9212,306.1,1,1,2014-10-24,1256,Terra,MODIS,63,6.2,285.9,7.4,N,0
-25.0102,148.162,308.4,1,1,2014-10-24,1256,Terra,MODIS,41,6.2,267.3,10,N,0
-24.369,151.3691,310.4,1.4,1.2,2014-10-24,1256,Terra,MODIS,80,6.2,289.2,17.4,N,0
-24.3584,151.3669,304.2,1.4,1.2,2014-10-24,1256,Terra,MODIS,59,6.2,288.5,11.2,N,0
-24.9925,148.1631,301.5,1,1,2014-10-24,1256,Terra,MODIS,19,6.2,267.6,6.1,N,0
-23.1223,147.3643,307.2,1,1,2014-10-24,1257,Terra,MODIS,71,6.2,292.5,7.7,N,0
-23.3765,147.1999,303.4,1,1,2014-10-24,1257,Terra,MODIS,55,6.2,292.9,4.7,N,0
-20.4026,147.2116,303.5,1,1,2014-10-24,1257,Terra,MODIS,54,6.2,291.1,5.2,N,0
-20.3636,147.169,311.4,1,1,2014-10-24,1257,Terra,MODIS,44,6.2,291.8,8.9,N,0
-16.9558,142.6355,309.8,1.2,1.1,2014-10-24,1258,Terra,MODIS,27,6.2,298.1,7.1,N,0
-17.0427,142.5795,312,1.2,1.1,2014-10-24,1258,Terra,MODIS,77,6.2,298.5,9.5,N,0
-16.9359,142.1481,316.3,1.3,1.1,2014-10-24,1258,Terra,MODIS,92,6.2,298.7,15.7,N,0
-16.9418,142.6503,310.5,1.2,1.1,2014-10-24,1258,Terra,MODIS,11,6.2,298,7.6,N,0
-16.953,142.6406,308.7,1.2,1.1,2014-10-24,1258,Terra,MODIS,32,6.2,298,6.6,N,0
-16.8453,142.6866,309.8,1.2,1.1,2014-10-24,1258,Terra,MODIS,77,6.2,297.7,7.9,N,0
-16.879,142.6752,308.1,1.2,1.1,2014-10-24,1258,Terra,MODIS,48,6.2,297.8,6.1,N,0
-16.8776,142.6863,308,1.2,1.1,2014-10-24,1258,Terra,MODIS,41,6.2,297.9,5.9,N,0
-17.0344,142.5669,311.9,1.2,1.1,2014-10-24,1258,Terra,MODIS,83,6.2,298.3,9.6,N,0
-17.0442,142.5683,312.1,1.2,1.1,2014-10-24,1258,Terra,MODIS,63,6.2,298.7,9.6,N,0
-18.2926,145.9133,305.2,1,1,2014-10-24,1258,Terra,MODIS,48,6.2,289.5,7.4,N,0
-19.6884,143.5453,306.2,1.1,1.1,2014-10-24,1258,Terra,MODIS,53,6.2,293.4,6.6,N,0
-19.7008,143.5246,305.3,1.1,1.1,2014-10-24,1258,Terra,MODIS,34,6.2,294.5,6,N,0
-17.8693,144.5467,309.5,1,1,2014-10-24,1258,Terra,MODIS,78,6.2,291.6,8.9,N,0
-19.6898,143.5343,306.6,1.1,1.1,2014-10-24,1258,Terra,MODIS,52,6.2,293.4,6.8,N,0
-17.8679,144.5564,310.4,1,1,2014-10-24,1258,Terra,MODIS,80,6.2,291.7,9.6,N,0
-19.6664,143.5357,314.5,1.1,1.1,2014-10-24,1258,Terra,MODIS,89,6.2,295.2,14.8,N,0
-19.6994,143.5356,307.2,1.1,1.1,2014-10-24,1258,Terra,MODIS,52,6.2,294.3,7.5,N,0
-17.8706,144.5371,301.6,1,1,2014-10-24,1258,Terra,MODIS,29,6.2,291.5,4.2,N,0
-16.3927,141.7854,308.4,1.3,1.1,2014-10-24,1259,Terra,MODIS,23,6.2,295.7,8.9,N,0
-13.8075,142.1596,327.6,1.2,1.1,2014-10-24,1259,Terra,MODIS,93,6.2,295.6,27.5,N,0
-14.7289,144.334,306.4,1,1,2014-10-24,1259,Terra,MODIS,28,6.2,292.8,5.6,N,0
-15.2977,142.2289,336.6,1.2,1.1,2014-10-24,1259,Terra,MODIS,100,6.2,298.5,42.9,N,0
-13.7739,142.2632,312,1.1,1.1,2014-10-24,1259,Terra,MODIS,50,6.2,295.3,9.9,N,0
-13.7905,142.315,324.2,1.1,1.1,2014-10-24,1259,Terra,MODIS,100,6.2,295.2,20.6,N,0
-15.2623,142.4252,331.2,1.2,1.1,2014-10-24,1259,Terra,MODIS,100,6.2,298.5,35,N,0
-14.1974,142.1574,334.6,1.2,1.1,2014-10-24,1259,Terra,MODIS,100,6.2,296.8,42.8,N,0
-13.8125,142.2212,315.8,1.2,1.1,2014-10-24,1259,Terra,MODIS,45,6.2,294.9,9.8,N,0
-14.1716,142.1806,319.2,1.2,1.1,2014-10-24,1259,Terra,MODIS,97,6.2,295.7,17.2,N,0
-15.2948,142.2511,315.7,1.2,1.1,2014-10-24,1259,Terra,MODIS,18,6.2,297,10.7,N,0
-15.333,142.1885,314.1,1.2,1.1,2014-10-24,1259,Terra,MODIS,87,6.2,296.4,12,N,0
-13.7682,142.3055,347,1.1,1.1,2014-10-24,1259,Terra,MODIS,100,6.2,298.3,63.5,N,0
-16.4249,142.4896,323.7,1.2,1.1,2014-10-24,1259,Terra,MODIS,100,6.2,298.2,23.5,N,0
-15.3615,142.1239,356.2,1.2,1.1,2014-10-24,1259,Terra,MODIS,100,6.2,300.3,97.8,N,0
-13.9555,142.2036,305.2,1.2,1.1,2014-10-24,1259,Terra,MODIS,34,6.2,294.3,5.3,N,0
-13.7767,142.2421,309.4,1.2,1.1,2014-10-24,1259,Terra,MODIS,42,6.2,295,7.6,N,0
-15.1946,142.5407,326.2,1.2,1.1,2014-10-24,1259,Terra,MODIS,100,6.2,296.9,27.6,N,0
-15.2694,142.3707,306.7,1.2,1.1,2014-10-24,1259,Terra,MODIS,69,6.2,296.6,5.8,N,0
-16.5239,142.5099,311.2,1.2,1.1,2014-10-24,1259,Terra,MODIS,55,6.2,297.9,8.4,N,0
-13.77,142.2194,319.8,1.2,1.1,2014-10-24,1259,Terra,MODIS,83,6.2,295,17.8,N,0
-15.309,142.2192,353.9,1.2,1.1,2014-10-24,1259,Terra,MODIS,100,6.2,299.8,87.6,N,0
-13.7689,142.154,316.4,1.2,1.1,2014-10-24,1259,Terra,MODIS,70,6.2,294.8,11.6,N,0
-15.3433,142.1099,333.6,1.2,1.1,2014-10-24,1259,Terra,MODIS,100,6.2,297.6,41.1,N,0
-16.5562,142.4917,311.3,1.2,1.1,2014-10-24,1259,Terra,MODIS,81,6.2,297.9,9.7,N,0
-15.2515,142.2612,320.7,1.2,1.1,2014-10-24,1259,Terra,MODIS,100,6.2,296.7,20,N,0
-15.3443,142.1787,315.9,1.2,1.1,2014-10-24,1259,Terra,MODIS,92,6.2,297,14.5,N,0
-16.5141,142.5085,310.6,1.2,1.1,2014-10-24,1259,Terra,MODIS,19,6.2,297.9,7.7,N,0
-15.2526,142.4238,374.9,1.2,1.1,2014-10-24,1259,Terra,MODIS,100,6.2,302.4,164.4,N,0
-13.7845,142.3292,328.7,1.1,1.1,2014-10-24,1259,Terra,MODIS,100,6.2,296.4,29.5,N,0
-13.7714,142.2088,313.3,1.2,1.1,2014-10-24,1259,Terra,MODIS,36,6.2,294.6,11,N,0
-15.3217,142.1983,309.9,1.2,1.1,2014-10-24,1259,Terra,MODIS,78,6.2,296.3,8.4,N,0
-13.7817,142.3501,320.4,1.1,1.1,2014-10-24,1259,Terra,MODIS,100,6.2,294.9,19.2,N,0
-15.3061,142.2414,321.8,1.2,1.1,2014-10-24,1259,Terra,MODIS,88,6.2,297.3,19.9,N,0
-16.4111,142.5045,313.4,1.2,1.1,2014-10-24,1259,Terra,MODIS,54,6.2,298.1,10.4,N,0
-15.3472,142.1563,338.4,1.2,1.1,2014-10-24,1259,Terra,MODIS,100,6.2,298.4,50.3,N,0
-13.7778,142.3069,332,1.1,1.1,2014-10-24,1259,Terra,MODIS,100,6.2,297,34.4,N,0
-15.3684,142.1478,311.5,1.2,1.1,2014-10-24,1259,Terra,MODIS,82,6.2,296.4,10.6,N,0
-16.3439,142.5626,307.7,1.2,1.1,2014-10-24,1259,Terra,MODIS,67,6.2,297.5,5.9,N,0
-16.3887,142.5239,318.2,1.2,1.1,2014-10-24,1259,Terra,MODIS,96,6.2,298.1,16,N,0
-16.5115,142.5132,309.9,1.2,1.1,2014-10-24,1259,Terra,MODIS,37,6.2,298.2,7.7,N,0
-14.1169,142.3687,312.7,1.1,1.1,2014-10-24,1259,Terra,MODIS,76,6.2,295,11,N,0
-16.4263,142.4784,312.8,1.2,1.1,2014-10-24,1259,Terra,MODIS,85,6.2,297.4,10.3,N,0
-14.738,144.2689,305.9,1,1,2014-10-24,1259,Terra,MODIS,39,6.2,292.1,5.6,N,0
-15.3578,143.0914,310,1.1,1,2014-10-24,1259,Terra,MODIS,79,6.2,295.3,8.7,N,0
-15.3586,142.1464,321.3,1.2,1.1,2014-10-24,1259,Terra,MODIS,100,6.2,297.4,21.6,N,0
-13.7821,142.2751,314.5,1.1,1.1,2014-10-24,1259,Terra,MODIS,65,6.2,295,12.4,N,0
-14.1308,142.3383,322.8,1.1,1.1,2014-10-24,1259,Terra,MODIS,100,6.2,295.7,22.1,N,0
-13.8,142.3163,339.1,1.1,1.1,2014-10-24,1259,Terra,MODIS,100,6.2,297.2,45.9,N,0
-16.4224,142.4947,319.1,1.2,1.1,2014-10-24,1259,Terra,MODIS,98,6.2,298.2,16.6,N,0
-15.3532,142.1113,354.1,1.2,1.1,2014-10-24,1259,Terra,MODIS,100,6.2,299.7,91,N,0
-14.1746,142.159,321.7,1.2,1.1,2014-10-24,1259,Terra,MODIS,52,6.2,295.6,19.5,N,0
-13.7668,142.3159,331.1,1.1,1.1,2014-10-24,1259,Terra,MODIS,100,6.2,296.6,32.2,N,0
-15.2637,142.4143,312.2,1.2,1.1,2014-10-24,1259,Terra,MODIS,84,6.2,297.2,10.4,N,0
-15.3477,142.0759,308.7,1.2,1.1,2014-10-24,1259,Terra,MODIS,74,6.2,295.9,8.4,N,0
-16.3648,142.5543,313.8,1.2,1.1,2014-10-24,1259,Terra,MODIS,87,6.2,298.3,11.1,N,0
-15.2916,142.3516,326.6,1.2,1.1,2014-10-24,1259,Terra,MODIS,100,6.2,298.8,26.6,N,0
-15.2805,142.3612,334.7,1.2,1.1,2014-10-24,1259,Terra,MODIS,100,6.2,297.9,39.8,N,0
-16.3551,142.5529,315.4,1.2,1.1,2014-10-24,1259,Terra,MODIS,91,6.2,297.9,12.7,N,0
-15.2791,142.3721,346.4,1.2,1.1,2014-10-24,1259,Terra,MODIS,100,6.2,298.3,65.4,N,0
-15.2988,142.2967,330,1.2,1.1,2014-10-24,1259,Terra,MODIS,100,6.2,298,28.9,N,0
-15.2945,142.3297,357.2,1.2,1.1,2014-10-24,1259,Terra,MODIS,100,6.2,299.6,94.3,N,0
-15.2657,142.2294,308.6,1.2,1.1,2014-10-24,1259,Terra,MODIS,45,6.2,295.8,7.2,N,0
-15.2393,142.4266,331.1,1.2,1.1,2014-10-24,1259,Terra,MODIS,100,6.2,298.6,34.1,N,0
-15.2379,142.4374,324.9,1.2,1.1,2014-10-24,1259,Terra,MODIS,100,6.2,298.1,24.4,N,0
-15.2651,142.4034,314.5,1.2,1.1,2014-10-24,1259,Terra,MODIS,89,6.2,297.4,12.3,N,0
-15.0596,142.72,314.4,1.1,1.1,2014-10-24,1259,Terra,MODIS,18,6.2,296.6,11.3,N,0
-15.3463,142.0873,318.8,1.2,1.1,2014-10-24,1259,Terra,MODIS,97,6.2,296.8,19,N,0
-16.3774,142.5336,313.3,1.2,1.1,2014-10-24,1259,Terra,MODIS,86,6.2,298,11.1,N,0
-15.2963,142.2401,342,1.2,1.1,2014-10-24,1259,Terra,MODIS,100,6.2,298.4,54.1,N,0
-14.1945,142.1791,312.1,1.2,1.1,2014-10-24,1259,Terra,MODIS,84,6.2,295.4,11.4,N,0
-15.3198,142.2885,318.7,1.2,1.1,2014-10-24,1259,Terra,MODIS,62,6.2,296.6,16.1,N,0
-15.2665,142.3925,313,1.2,1.1,2014-10-24,1259,Terra,MODIS,86,6.2,297,10.8,N,0
-16.4375,142.4686,315.7,1.2,1.1,2014-10-24,1259,Terra,MODIS,91,6.2,298.1,13.4,N,0
-14.1751,142.1764,324.6,1.2,1.1,2014-10-24,1259,Terra,MODIS,100,6.2,296.2,23.6,N,0
-15.36,142.1352,356.7,1.2,1.1,2014-10-24,1259,Terra,MODIS,100,6.2,300.2,99.4,N,0
-15.3571,142.1577,316.1,1.2,1.1,2014-10-24,1259,Terra,MODIS,92,6.2,296.7,15.5,N,0
-13.7771,142.1661,325.1,1.2,1.1,2014-10-24,1259,Terra,MODIS,100,6.2,295.1,22.9,N,0
-16.4126,142.4934,311.1,1.2,1.1,2014-10-24,1259,Terra,MODIS,35,6.2,297.6,8.2,N,0
-14.1766,142.1655,329.1,1.2,1.1,2014-10-24,1259,Terra,MODIS,100,6.2,296.2,30.5,N,0
-13.8014,142.3058,323.7,1.1,1.1,2014-10-24,1259,Terra,MODIS,100,6.2,295.5,21.5,N,0
-15.3075,142.2303,331.5,1.2,1.1,2014-10-24,1259,Terra,MODIS,100,6.2,297.9,34.9,N,0
-16.3537,142.5639,314.4,1.2,1.1,2014-10-24,1259,Terra,MODIS,88,6.2,298.1,11.7,N,0
-14.3516,144.2716,303.2,1,1,2014-10-24,1259,Terra,MODIS,9,6.2,293.1,4,N,0
-16.3651,141.7567,339.1,1.3,1.1,2014-10-24,1259,Terra,MODIS,100,6.2,297.1,58.4,N,0
-15.3133,142.1857,311.4,1.2,1.1,2014-10-24,1259,Terra,MODIS,23,6.2,296.1,8.9,N,0
-15.3714,142.1253,330.5,1.2,1.1,2014-10-24,1259,Terra,MODIS,100,6.2,296.9,35,N,0
-13.7757,142.1768,318.9,1.2,1.1,2014-10-24,1259,Terra,MODIS,51,6.2,295.1,14.9,N,0
-15.2848,142.3283,316.5,1.2,1.1,2014-10-24,1259,Terra,MODIS,51,6.2,296.8,12.9,N,0
-15.3517,142.1225,349.7,1.2,1.1,2014-10-24,1259,Terra,MODIS,100,6.2,299.5,78.1,N,0
-15.3502,142.1338,327,1.2,1.1,2014-10-24,1259,Terra,MODIS,100,6.2,297.5,29.4,N,0
-16.3872,142.535,314.9,1.2,1.1,2014-10-24,1259,Terra,MODIS,89,6.2,298.1,12.4,N,0
-15.2819,142.3503,321.7,1.2,1.1,2014-10-24,1259,Terra,MODIS,100,6.2,297.9,20.3,N,0
-15.2512,142.4346,372.7,1.2,1.1,2014-10-24,1259,Terra,MODIS,100,6.2,302.6,153.6,N,0
-15.0719,142.7004,310,1.1,1.1,2014-10-24,1259,Terra,MODIS,74,6.2,296.4,8.5,N,0
-15.2931,142.3407,315.1,1.2,1.1,2014-10-24,1259,Terra,MODIS,33,6.2,297.7,11.4,N,0
-13.815,142.3507,314.6,1.1,1.1,2014-10-24,1259,Terra,MODIS,34,6.2,294.8,10.3,N,0
-14.182,142.1993,312.5,1.2,1.1,2014-10-24,1259,Terra,MODIS,20,6.2,295.2,10.5,N,0
-15.2196,142.5007,320.4,1.2,1.1,2014-10-24,1259,Terra,MODIS,100,6.2,297,18.2,N,0
-13.7932,142.2939,314.5,1.1,1.1,2014-10-24,1259,Terra,MODIS,89,6.2,294.9,10.8,N,0
-16.5032,142.5007,309.2,1.2,1.1,2014-10-24,1259,Terra,MODIS,41,6.2,297.8,7.1,N,0
-14.1634,142.1684,307.9,1.2,1.1,2014-10-24,1259,Terra,MODIS,37,6.2,295,6.7,N,0
-15.2776,142.383,310.5,1.2,1.1,2014-10-24,1259,Terra,MODIS,44,6.2,297,8,N,0
-13.806,142.1703,326.8,1.2,1.1,2014-10-24,1259,Terra,MODIS,90,6.2,295.6,25.7,N,0
-15.3448,142.0986,319.2,1.2,1.1,2014-10-24,1259,Terra,MODIS,98,6.2,296.7,18.5,N,0
-15.3485,145.2163,316.7,1,1,2014-10-24,1259,Terra,MODIS,94,6.2,294.2,14,N,0
-13.7749,142.3278,316.8,1.1,1.1,2014-10-24,1259,Terra,MODIS,74,6.2,295.6,14.7,N,0
-14.3477,144.2994,303.5,1,1,2014-10-24,1259,Terra,MODIS,24,6.2,293.3,4.1,N,0
-14.1215,142.2611,308.8,1.2,1.1,2014-10-24,1259,Terra,MODIS,44,6.2,294.6,7.4,N,0
-13.7686,142.2301,312.8,1.2,1.1,2014-10-24,1259,Terra,MODIS,38,6.2,294.8,10.8,N,0
-15.3418,142.1212,310.5,1.2,1.1,2014-10-24,1259,Terra,MODIS,80,6.2,296.7,9.2,N,0
-14.1737,142.1872,328.3,1.2,1.1,2014-10-24,1259,Terra,MODIS,100,6.2,295.9,27.6,N,0
-15.3672,143.0928,309.1,1.1,1,2014-10-24,1259,Terra,MODIS,63,6.2,295.5,8,N,0
-14.0627,142.236,307.2,1.2,1.1,2014-10-24,1259,Terra,MODIS,9,6.2,294.5,6.2,N,0
-14.1702,142.1914,326.5,1.2,1.1,2014-10-24,1259,Terra,MODIS,100,6.2,296,27,N,0
-13.7572,142.3145,328.9,1.1,1.1,2014-10-24,1259,Terra,MODIS,100,6.2,296.1,29.8,N,0
-15.3487,142.1451,319.3,1.2,1.1,2014-10-24,1259,Terra,MODIS,98,6.2,297,18.7,N,0
-15.2888,142.3735,345.1,1.2,1.1,2014-10-24,1259,Terra,MODIS,100,6.2,299.8,62.8,N,0
-15.3032,142.2636,325.1,1.2,1.1,2014-10-24,1259,Terra,MODIS,81,6.2,298.2,22.7,N,0
-15.3003,142.2857,319.4,1.2,1.1,2014-10-24,1259,Terra,MODIS,67,6.2,297.2,14,N,0
-15.2902,142.3626,355.2,1.2,1.1,2014-10-24,1259,Terra,MODIS,100,6.2,301,89.7,N,0
-16.4361,142.4798,312.7,1.2,1.1,2014-10-24,1259,Terra,MODIS,58,6.2,298.1,9.7,N,0
-15.363,142.1126,320.4,1.2,1.1,2014-10-24,1259,Terra,MODIS,100,6.2,297.1,20,N,0
-16.4934,142.4993,315.5,1.2,1.1,2014-10-24,1259,Terra,MODIS,64,6.2,297.9,12.3,N,0
-15.2992,142.2178,334.4,1.2,1.1,2014-10-24,1259,Terra,MODIS,100,6.2,297.8,39.2,N,0
-15.2679,142.3816,307,1.2,1.1,2014-10-24,1259,Terra,MODIS,68,6.2,296.7,5.7,N,0
-15.2708,142.3598,342.5,1.2,1.1,2014-10-24,1259,Terra,MODIS,100,6.2,298.9,56.4,N,0
-13.7743,142.1874,313.8,1.2,1.1,2014-10-24,1259,Terra,MODIS,13,6.2,294.8,10.6,N,0
-16.4473,142.47,308.8,1.2,1.1,2014-10-24,1259,Terra,MODIS,28,6.2,297.5,6.5,N,0
-15.2833,142.3393,308.8,1.2,1.1,2014-10-24,1259,Terra,MODIS,28,6.2,296.7,6.5,N,0
-15.254,142.4129,315,1.2,1.1,2014-10-24,1259,Terra,MODIS,90,6.2,297.2,13.3,N,0
-15.2321,142.4806,323.4,1.2,1.1,2014-10-24,1259,Terra,MODIS,100,6.2,297.4,21.4,N,0
-15.3028,142.3421,343.2,1.2,1.1,2014-10-24,1259,Terra,MODIS,100,6.2,299,58.6,N,0
-15.2359,142.4765,326.2,1.2,1.1,2014-10-24,1259,Terra,MODIS,100,6.2,297.8,24.6,N,0
-16.4238,142.4836,317.5,1.2,1.1,2014-10-24,1259,Terra,MODIS,95,6.2,297.5,15.2,N,0
-15.2796,142.2151,320.6,1.2,1.1,2014-10-24,1259,Terra,MODIS,70,6.2,296.8,18,N,0
-13.7891,142.3255,331.3,1.1,1.1,2014-10-24,1259,Terra,MODIS,100,6.2,296.4,30.9,N,0
-14.1293,142.3489,312.1,1.1,1.1,2014-10-24,1259,Terra,MODIS,53,6.2,294.9,10.6,N,0
-15.2594,142.4468,336.1,1.2,1.1,2014-10-24,1259,Terra,MODIS,100,6.2,298.7,42.7,N,0
-14.1183,142.3582,312.7,1.1,1.1,2014-10-24,1259,Terra,MODIS,59,6.2,295,10.7,N,0
-16.4076,141.7501,332.3,1.3,1.1,2014-10-24,1259,Terra,MODIS,100,6.2,296.7,44.5,N,0
-15.3374,142.1549,345.5,1.2,1.1,2014-10-24,1259,Terra,MODIS,100,6.2,298.2,66,N,0
-15.2085,142.51,309,1.2,1.1,2014-10-24,1259,Terra,MODIS,41,6.2,296.2,7.3,N,0
-15.3556,142.1689,311,1.2,1.1,2014-10-24,1259,Terra,MODIS,81,6.2,296.6,10.2,N,0
-15.2415,142.4332,342.8,1.2,1.1,2014-10-24,1259,Terra,MODIS,100,6.2,299.5,55.5,N,0
-13.7601,142.2935,324.4,1.1,1.1,2014-10-24,1259,Terra,MODIS,100,6.2,295.8,23.9,N,0
-13.7753,142.2527,312.4,1.2,1.1,2014-10-24,1259,Terra,MODIS,54,6.2,295.3,10,N,0
-15.2498,142.4454,352.3,1.2,1.1,2014-10-24,1259,Terra,MODIS,100,6.2,299.9,79.1,N,0
-14.1518,142.2544,306,1.2,1.1,2014-10-24,1259,Terra,MODIS,60,6.2,294.8,6,N,0
-14.1863,142.1669,332.6,1.2,1.1,2014-10-24,1259,Terra,MODIS,100,6.2,296.5,37.4,N,0
-15.2762,142.3939,317.3,1.2,1.1,2014-10-24,1259,Terra,MODIS,95,6.2,297.1,15.2,N,0
-15.3457,142.1675,353.5,1.2,1.1,2014-10-24,1259,Terra,MODIS,100,6.2,300.7,89,N,0
-15.3718,142.1311,319.4,1.2,1.1,2014-10-24,1259,Terra,MODIS,98,6.2,296.1,19,N,0
-14.7041,144.3148,323.4,1,1,2014-10-24,1259,Terra,MODIS,100,6.2,294.4,20.8,N,0
-14.1723,142.198,320.2,1.2,1.1,2014-10-24,1259,Terra,MODIS,67,6.2,295.7,16.9,N,0
-16.4092,141.7378,348.2,1.3,1.1,2014-10-24,1259,Terra,MODIS,100,6.2,297.3,84,N,0
-15.3389,142.1437,311.9,1.2,1.1,2014-10-24,1259,Terra,MODIS,83,6.2,296.5,10,N,0
-16.5551,142.7274,308.6,1.2,1.1,2014-10-24,1259,Terra,MODIS,67,6.2,297.4,6.9,N,0
-13.7675,142.1647,324.9,1.2,1.1,2014-10-24,1259,Terra,MODIS,100,6.2,295.2,23.1,N,0
-15.3119,142.1969,324.8,1.2,1.1,2014-10-24,1259,Terra,MODIS,100,6.2,296.8,24.9,N,0
-15.2046,142.4657,315.1,1.2,1.1,2014-10-24,1259,Terra,MODIS,82,6.2,296.3,12.4,N,0
-14.7135,144.3127,316.8,1,1,2014-10-24,1259,Terra,MODIS,88,6.2,294.1,12.9,N,0
-15.3729,142.114,326.4,1.2,1.1,2014-10-24,1259,Terra,MODIS,100,6.2,296.9,28.2,N,0
-16.3666,141.7445,328.4,1.3,1.1,2014-10-24,1259,Terra,MODIS,100,6.2,296.6,36,N,0
-15.3732,142.1198,339,1.2,1.1,2014-10-24,1259,Terra,MODIS,100,6.2,297.3,52.3,N,0
-13.7863,142.3465,326.1,1.1,1.1,2014-10-24,1259,Terra,MODIS,100,6.2,295.5,24.5,N,0
-15.3104,142.2081,316.4,1.2,1.1,2014-10-24,1259,Terra,MODIS,84,6.2,296.4,14.2,N,0
-15.3561,142.0887,322.4,1.2,1.1,2014-10-24,1259,Terra,MODIS,100,6.2,296.6,23,N,0
-15.3071,142.3091,332.6,1.2,1.1,2014-10-24,1259,Terra,MODIS,100,6.2,298.5,34.4,N,0
-15.3043,142.3311,351.4,1.2,1.1,2014-10-24,1259,Terra,MODIS,100,6.2,300.6,78.1,N,0
-13.7986,142.3269,320.1,1.1,1.1,2014-10-24,1259,Terra,MODIS,96,6.2,295.6,16.1,N,0
-14.115,142.1615,309.4,1.2,1.1,2014-10-24,1259,Terra,MODIS,76,6.2,294.5,7.6,N,0
-13.7831,142.3397,322.9,1.1,1.1,2014-10-24,1259,Terra,MODIS,100,6.2,295.6,21.8,N,0
-13.7586,142.304,343.8,1.1,1.1,2014-10-24,1259,Terra,MODIS,100,6.2,297.5,57.6,N,0
-15.3359,142.1661,368.8,1.2,1.1,2014-10-24,1259,Terra,MODIS,100,6.2,301.1,143.9,N,0
-15.3057,142.3201,373.3,1.2,1.1,2014-10-24,1259,Terra,MODIS,100,6.2,303.5,157,N,0
-14.1629,142.2451,309.3,1.2,1.1,2014-10-24,1259,Terra,MODIS,25,6.2,294.9,8,N,0
-15.2781,142.2262,320.6,1.2,1.1,2014-10-24,1259,Terra,MODIS,86,6.2,297.3,17.7,N,0
-15.3703,142.1424,332,1.2,1.1,2014-10-24,1259,Terra,MODIS,100,6.2,297.3,38.6,N,0
-13.7696,142.295,324.6,1.1,1.1,2014-10-24,1259,Terra,MODIS,70,6.2,295.5,22.7,N,0
-14.098,142.2904,311.4,1.2,1.1,2014-10-24,1259,Terra,MODIS,21,6.2,294.5,8.9,N,0
-15.3144,142.2539,309.9,1.2,1.1,2014-10-24,1259,Terra,MODIS,78,6.2,297.2,8.6,N,0
-13.8113,142.1556,319.5,1.2,1.1,2014-10-24,1259,Terra,MODIS,76,6.2,295.4,14.6,N,0
-14.1045,142.3885,312.7,1.1,1.1,2014-10-24,1259,Terra,MODIS,85,6.2,294.7,11.6,N,0
-15.296,142.3187,340.9,1.2,1.1,2014-10-24,1259,Terra,MODIS,100,6.2,298.1,50,N,0
-15.3699,142.1366,333.3,1.2,1.1,2014-10-24,1259,Terra,MODIS,100,6.2,297.3,40.7,N,0
-15.3344,142.1773,325.5,1.2,1.1,2014-10-24,1259,Terra,MODIS,100,6.2,297.2,25.9,N,0
-15.0705,142.7109,308.9,1.1,1.1,2014-10-24,1259,Terra,MODIS,51,6.2,296.3,7.5,N,0
-13.8164,142.3402,317.1,1.1,1.1,2014-10-24,1259,Terra,MODIS,46,6.2,295.1,12.4,N,0
-15.3546,142.1,333.6,1.2,1.1,2014-10-24,1259,Terra,MODIS,100,6.2,298.3,40.5,N,0
-16.2951,142.538,314,1.2,1.1,2014-10-24,1259,Terra,MODIS,88,6.2,298.3,10.5,N,0
-15.3275,142.1535,313.6,1.2,1.1,2014-10-24,1259,Terra,MODIS,87,6.2,296.4,12,N,0
-14.1201,142.2718,309.7,1.2,1.1,2014-10-24,1259,Terra,MODIS,27,6.2,294.6,7.7,N,0
-14.1322,142.3277,320.1,1.2,1.1,2014-10-24,1259,Terra,MODIS,90,6.2,295.4,18.3,N,0
-14.0842,142.3209,305.7,1.2,1.1,2014-10-24,1259,Terra,MODIS,28,6.2,294.5,5.4,N,0
-14.1877,142.156,316,1.2,1.1,2014-10-24,1259,Terra,MODIS,92,6.2,295,15,N,0
-15.2879,142.2275,328.2,1.2,1.1,2014-10-24,1259,Terra,MODIS,100,6.2,297.6,28.3,N,0
-16.3663,142.5433,312.5,1.2,1.1,2014-10-24,1259,Terra,MODIS,84,6.2,297.8,10.1,N,0
-13.7764,142.3173,340.7,1.1,1.1,2014-10-24,1259,Terra,MODIS,100,6.2,296.7,50.1,N,0
-14.1731,142.1698,330,1.2,1.1,2014-10-24,1259,Terra,MODIS,100,6.2,297,32,N,0
-14.1644,142.2344,311.7,1.2,1.1,2014-10-24,1259,Terra,MODIS,67,6.2,295,10,N,0
-14.1059,142.3779,311.6,1.1,1.1,2014-10-24,1259,Terra,MODIS,83,6.2,294.6,10.4,N,0
-16.4836,142.4979,315.5,1.2,1.1,2014-10-24,1259,Terra,MODIS,52,6.2,298.3,12.4,N,0
-14.1104,142.2704,310.1,1.2,1.1,2014-10-24,1259,Terra,MODIS,10,6.2,294.6,7.7,N,0
-14.7122,144.322,341.2,1,1,2014-10-24,1259,Terra,MODIS,100,6.2,295.6,43.9,N,0
-15.2429,142.4224,324,1.2,1.1,2014-10-24,1259,Terra,MODIS,100,6.2,297.5,23.4,N,0
-15.3231,142.1871,325.9,1.2,1.1,2014-10-24,1259,Terra,MODIS,100,6.2,297.1,27.4,N,0
-15.2609,142.436,340.3,1.2,1.1,2014-10-24,1259,Terra,MODIS,100,6.2,299.6,52,N,0
-13.7918,142.3044,318,1.1,1.1,2014-10-24,1259,Terra,MODIS,96,6.2,294.9,13.7,N,0
-15.3261,142.1647,316.8,1.2,1.1,2014-10-24,1259,Terra,MODIS,94,6.2,296.7,15.4,N,0
-15.3246,142.1759,311.9,1.2,1.1,2014-10-24,1259,Terra,MODIS,46,6.2,296.4,9.5,N,0
-13.7792,142.2964,332,1.1,1.1,2014-10-24,1259,Terra,MODIS,100,6.2,296.3,35,N,0
-14.0992,142.3554,310.6,1.1,1.1,2014-10-24,1259,Terra,MODIS,43,6.2,294.7,8.6,N,0
-15.2894,142.2164,337.6,1.2,1.1,2014-10-24,1259,Terra,MODIS,100,6.2,297.7,45.8,N,0
-14.0966,142.301,311.3,1.2,1.1,2014-10-24,1259,Terra,MODIS,27,6.2,294.7,8.9,N,0
-15.3403,142.1324,312.9,1.2,1.1,2014-10-24,1259,Terra,MODIS,86,6.2,296.7,11.4,N,0
-16.3942,141.7732,314.2,1.3,1.1,2014-10-24,1259,Terra,MODIS,58,6.2,296.1,14.7,N,0
-14.1848,142.1777,336.2,1.2,1.1,2014-10-24,1259,Terra,MODIS,100,6.2,297,44.2,N,0
-13.7882,142.1568,334.1,1.2,1.1,2014-10-24,1259,Terra,MODIS,100,6.2,296.6,37.7,N,0
-14.196,142.1682,332.8,1.2,1.1,2014-10-24,1259,Terra,MODIS,100,6.2,297.3,38.5,N,0
-13.7877,142.3361,329.8,1.1,1.1,2014-10-24,1259,Terra,MODIS,100,6.2,296.4,29.2,N,0
-14.7055,144.3055,327,1,1,2014-10-24,1259,Terra,MODIS,100,6.2,294.7,24.5,N,0
-13.7859,142.3187,321.1,1.1,1.1,2014-10-24,1259,Terra,MODIS,36,6.2,295.5,18.4,N,0
-14.1552,142.1562,312.4,1.2,1.1,2014-10-24,1259,Terra,MODIS,30,6.2,294.6,9.2,N,0
-15.2722,142.3489,317.9,1.2,1.1,2014-10-24,1259,Terra,MODIS,96,6.2,296.7,15.9,N,0
-14.0664,142.0603,304.3,1.2,1.1,2014-10-24,1259,Terra,MODIS,59,6.2,294.1,6.5,N,0
-13.6208,141.5803,323.4,1.2,1.1,2014-10-24,1259,Terra,MODIS,100,6.2,295.1,26.7,N,0
-14.1775,142.1373,328.2,1.2,1.1,2014-10-24,1259,Terra,MODIS,100,6.2,296.9,30.1,N,0
-13.6547,141.6315,311.7,1.2,1.1,2014-10-24,1259,Terra,MODIS,83,6.2,294.4,12.6,N,0
-13.6194,141.5918,328.5,1.2,1.1,2014-10-24,1259,Terra,MODIS,100,6.2,296.2,34.4,N,0
-13.7496,142.1512,309.2,1.2,1.1,2014-10-24,1259,Terra,MODIS,6,6.2,294.4,7.9,N,0
-14.6785,144.2349,315.2,1,1,2014-10-24,1259,Terra,MODIS,74,6.2,293.9,11.1,N,0
-15.0109,142.7598,311.3,1.1,1.1,2014-10-24,1259,Terra,MODIS,82,6.2,295.9,9.8,N,0
-13.6293,141.5932,319.4,1.2,1.1,2014-10-24,1259,Terra,MODIS,99,6.2,294.5,21.1,N,0
-13.8349,142.1261,321.5,1.2,1.1,2014-10-24,1259,Terra,MODIS,100,6.2,295.1,21.9,N,0
-13.6308,141.5817,311.9,1.2,1.1,2014-10-24,1259,Terra,MODIS,84,6.2,294,12.7,N,0
-14.6721,144.2149,331,1,1,2014-10-24,1259,Terra,MODIS,100,6.2,294.6,28.6,N,0
-14.0606,142.1039,314.3,1.2,1.1,2014-10-24,1259,Terra,MODIS,85,6.2,294.2,13.3,N,0
-14.0635,142.0821,333.6,1.2,1.1,2014-10-24,1259,Terra,MODIS,100,6.2,295.9,41.2,N,0
-14.3174,144.4496,303,1,1,2014-10-24,1259,Terra,MODIS,33,6.2,292.9,4,N,0
-13.6418,141.6529,323.2,1.2,1.1,2014-10-24,1259,Terra,MODIS,100,6.2,294.4,26.3,N,0
-13.6289,141.6741,304.2,1.2,1.1,2014-10-24,1259,Terra,MODIS,59,6.2,293.5,5.7,N,0
-13.6403,141.6642,320.8,1.2,1.1,2014-10-24,1259,Terra,MODIS,100,6.2,294.3,22.5,N,0
-13.6462,141.6188,340.3,1.2,1.1,2014-10-24,1259,Terra,MODIS,100,6.2,295.3,58.1,N,0
-13.6448,141.6302,328.1,1.2,1.1,2014-10-24,1259,Terra,MODIS,100,6.2,294.7,33.9,N,0
-13.6433,141.6415,310.5,1.2,1.1,2014-10-24,1259,Terra,MODIS,80,6.2,293.7,11.2,N,0
-14.9688,145.0416,311.9,1,1,2014-10-24,1259,Terra,MODIS,79,6.2,292.1,9.7,N,0
-14.6759,144.2535,324,1,1,2014-10-24,1259,Terra,MODIS,96,6.2,294,19.5,N,0
-13.7911,142.1354,327.5,1.2,1.1,2014-10-24,1259,Terra,MODIS,58,6.2,295.8,26.5,N,0
-14.9593,142.7841,307.2,1.1,1.1,2014-10-24,1259,Terra,MODIS,70,6.2,295.2,7.2,N,0
-15,142.7688,317.2,1.1,1.1,2014-10-24,1259,Terra,MODIS,95,6.2,296.3,15.8,N,0
-14.0513,142.0247,310.7,1.2,1.1,2014-10-24,1259,Terra,MODIS,24,6.2,294.6,9.9,N,0
-14.3084,144.4483,304.5,1,1,2014-10-24,1259,Terra,MODIS,34,6.2,293,4.7,N,0
-13.6477,141.6074,310.7,1.2,1.1,2014-10-24,1259,Terra,MODIS,81,6.2,293.6,11.5,N,0
-14.6798,144.2256,319.3,1,1,2014-10-24,1259,Terra,MODIS,98,6.2,294.3,15.1,N,0
-14.6708,144.2242,326.9,1,1,2014-10-24,1259,Terra,MODIS,100,6.2,294.2,23.3,N,0
-14.0386,142.0453,318.6,1.2,1.1,2014-10-24,1259,Terra,MODIS,35,6.2,295,17.4,N,0
-14.1207,142.1182,323.1,1.2,1.1,2014-10-24,1259,Terra,MODIS,100,6.2,295,22.5,N,0
-14.0538,142.0807,317.3,1.2,1.1,2014-10-24,1259,Terra,MODIS,43,6.2,294.9,15.3,N,0
-14.0552,142.0698,321.5,1.2,1.1,2014-10-24,1259,Terra,MODIS,57,6.2,295.3,20.7,N,0
-14.0527,142.0137,308.5,1.2,1.1,2014-10-24,1259,Terra,MODIS,55,6.2,293.9,8.7,N,0
-16.3862,141.6719,306,1.3,1.1,2014-10-24,1259,Terra,MODIS,46,6.2,294.3,7.5,N,0
-14.0621,142.093,316,1.2,1.1,2014-10-24,1259,Terra,MODIS,92,6.2,294.7,16.3,N,0
-13.6562,141.6202,314.7,1.2,1.1,2014-10-24,1259,Terra,MODIS,90,6.2,294.5,15.9,N,0
-13.8007,142.1368,342.8,1.2,1.1,2014-10-24,1259,Terra,MODIS,100,6.2,296.9,57.1,N,0
-14.0689,142.1161,312,1.2,1.1,2014-10-24,1259,Terra,MODIS,44,6.2,294.5,10.6,N,0
-14.0704,142.1052,314.5,1.2,1.1,2014-10-24,1259,Terra,MODIS,63,6.2,294.1,13.6,N,0
-15.164,145.1563,310.1,1,1,2014-10-24,1259,Terra,MODIS,79,6.2,293.7,8.4,N,0
-14.6811,144.2163,305.8,1,1,2014-10-24,1259,Terra,MODIS,26,6.2,293.1,4.9,N,0
-14.6978,144.2949,319.4,1,1,2014-10-24,1259,Terra,MODIS,98,6.2,293.4,16,N,0
-13.7775,142.0896,327.6,1.2,1.1,2014-10-24,1259,Terra,MODIS,100,6.2,295.9,28.9,N,0
-14.6836,144.2642,318.1,1,1,2014-10-24,1259,Terra,MODIS,51,6.2,294.2,13.6,N,0
-14.6823,144.2735,326.3,1,1,2014-10-24,1259,Terra,MODIS,80,6.2,293.9,21.8,N,0
-14.6631,144.2135,312.4,1,1,2014-10-24,1259,Terra,MODIS,85,6.2,293.7,10,N,0
-14.047,142.0576,333.3,1.2,1.1,2014-10-24,1259,Terra,MODIS,100,6.2,295.9,36.2,N,0
-14.061,142.0261,331.9,1.2,1.1,2014-10-24,1259,Terra,MODIS,100,6.2,296.3,38.3,N,0
-16.3847,141.6843,308.7,1.3,1.1,2014-10-24,1259,Terra,MODIS,14,6.2,295.3,9.3,N,0
-13.7814,142.134,346.8,1.2,1.1,2014-10-24,1259,Terra,MODIS,100,6.2,298.1,63.2,N,0
-14.1794,142.1438,325.2,1.2,1.1,2014-10-24,1259,Terra,MODIS,100,6.2,296.1,26.3,N,0
-16.4226,141.7146,321.4,1.3,1.1,2014-10-24,1259,Terra,MODIS,100,6.2,295.7,26.4,N,0
-13.8334,142.1369,313,1.2,1.1,2014-10-24,1259,Terra,MODIS,27,6.2,294.4,11.5,N,0
-15.0161,142.7562,310.3,1.1,1.1,2014-10-24,1259,Terra,MODIS,18,6.2,295.9,8.1,N,0
-16.3831,141.6967,330.8,1.3,1.1,2014-10-24,1259,Terra,MODIS,100,6.2,296.4,40.6,N,0
-14.0581,142.048,324.2,1.2,1.1,2014-10-24,1259,Terra,MODIS,100,6.2,295.3,25.4,N,0
-14.0567,142.0589,332.1,1.2,1.1,2014-10-24,1259,Terra,MODIS,100,6.2,295.9,37.1,N,0
-13.7886,142.0802,341.2,1.2,1.1,2014-10-24,1259,Terra,MODIS,100,6.2,297.8,55.5,N,0
-16.8496,142.1056,311.9,1.3,1.1,2014-10-24,1259,Terra,MODIS,83,6.2,298.6,10.9,N,0
-14.1808,142.1329,322.6,1.2,1.1,2014-10-24,1259,Terra,MODIS,100,6.2,295.7,23.2,N,0
-16.421,141.7269,306.5,1.3,1.1,2014-10-24,1259,Terra,MODIS,64,6.2,295.2,8.2,N,0
-14.176,142.1481,319.2,1.2,1.1,2014-10-24,1259,Terra,MODIS,28,6.2,295.8,16.1,N,0
-15.0269,142.7472,308.9,1.1,1.1,2014-10-24,1259,Terra,MODIS,30,6.2,295.8,7.2,N,0
-16.4107,141.7255,313.9,1.3,1.1,2014-10-24,1259,Terra,MODIS,87,6.2,295.6,14.7,N,0
-16.7449,142.6776,310.5,1.2,1.1,2014-10-24,1259,Terra,MODIS,73,6.2,297.8,8.1,N,0
-14.1663,142.1468,341,1.2,1.1,2014-10-24,1259,Terra,MODIS,100,6.2,297.2,52.4,N,0
-14.065,142.0712,332.9,1.2,1.1,2014-10-24,1259,Terra,MODIS,100,6.2,295.7,41.1,N,0
-14.7018,144.2003,310.3,1,1,2014-10-24,1259,Terra,MODIS,37,6.2,292.7,8.5,N,0
-13.79,142.0694,325.6,1.2,1.1,2014-10-24,1259,Terra,MODIS,100,6.2,295.5,28.1,N,0
-16.3815,141.709,327.5,1.3,1.1,2014-10-24,1259,Terra,MODIS,100,6.2,296.7,34.2,N,0
-14.1581,142.1345,309,1.2,1.1,2014-10-24,1259,Terra,MODIS,29,6.2,294.9,7.8,N,0
-14.1678,142.1359,340.2,1.2,1.1,2014-10-24,1259,Terra,MODIS,100,6.2,297,51.7,N,0
-14.0596,142.037,336,1.2,1.1,2014-10-24,1259,Terra,MODIS,100,6.2,296.1,44.6,N,0
-13.2198,142.3608,307.9,1.1,1.1,2014-10-24,1259,Terra,MODIS,73,6.2,294.7,8,N,0
-16.3697,141.7199,332.3,1.3,1.1,2014-10-24,1259,Terra,MODIS,100,6.2,296.7,43.8,N,0
-16.3682,141.7322,333.9,1.3,1.1,2014-10-24,1259,Terra,MODIS,100,6.2,297,46.4,N,0
-14.3161,144.4589,305.8,1,1,2014-10-24,1259,Terra,MODIS,58,6.2,293.1,6,N,0
-13.7829,142.1232,352.8,1.2,1.1,2014-10-24,1259,Terra,MODIS,100,6.2,297.8,80.9,N,0
-14.0484,142.0466,329.3,1.2,1.1,2014-10-24,1259,Terra,MODIS,98,6.2,295.8,31,N,0
-14.0592,142.1147,313.8,1.2,1.1,2014-10-24,1259,Terra,MODIS,88,6.2,294.4,12.8,N,0
-13.8104,142.1382,314,1.2,1.1,2014-10-24,1259,Terra,MODIS,84,6.2,294.4,12.9,N,0
-14.6044,144.6309,307,1,1,2014-10-24,1259,Terra,MODIS,70,6.2,293.5,6.1,N,0
-13.8363,142.1153,307.9,1.2,1.1,2014-10-24,1259,Terra,MODIS,73,6.2,294,8.2,N,0
-14.6109,144.5847,319.6,1,1,2014-10-24,1259,Terra,MODIS,99,6.2,293.6,15.5,N,0
-15.1968,144.9911,305.1,1,1,2014-10-24,1259,Terra,MODIS,63,6.2,292.5,5.8,N,0
-13.751,142.1405,312.7,1.2,1.1,2014-10-24,1259,Terra,MODIS,65,6.2,294.7,11.2,N,0
-13.7703,142.1433,322.1,1.2,1.1,2014-10-24,1259,Terra,MODIS,100,6.2,295.5,18.1,N,0
-13.7993,142.1474,320.9,1.2,1.1,2014-10-24,1259,Terra,MODIS,72,6.2,295.4,19.4,N,0
-13.8127,142.1449,327.2,1.2,1.1,2014-10-24,1259,Terra,MODIS,100,6.2,295.4,26.9,N,0
-14.6186,144.5953,309.9,1,1,2014-10-24,1259,Terra,MODIS,53,6.2,293.2,7.8,N,0
-13.7804,142.0679,304.8,1.2,1.1,2014-10-24,1259,Terra,MODIS,62,6.2,294.1,6.1,N,0
-13.78,142.1447,325.7,1.2,1.1,2014-10-24,1259,Terra,MODIS,99,6.2,295.8,23.5,N,0
-14.5954,144.6295,304.3,1,1,2014-10-24,1259,Terra,MODIS,30,6.2,293.5,4.3,N,0
-13.7789,142.0788,334.7,1.2,1.1,2014-10-24,1259,Terra,MODIS,100,6.2,295.4,42.7,N,0
-14.0455,142.0685,334.2,1.2,1.1,2014-10-24,1259,Terra,MODIS,100,6.2,295.8,37.2,N,0
-13.7732,142.1219,315.2,1.2,1.1,2014-10-24,1259,Terra,MODIS,23,6.2,295.1,11.3,N,0
-13.809,142.1489,325.5,1.2,1.1,2014-10-24,1259,Terra,MODIS,100,6.2,295.6,26.3,N,0
-14.0625,142.0151,309.9,1.2,1.1,2014-10-24,1259,Terra,MODIS,79,6.2,294.8,10.2,N,0
-14.0577,142.1256,309.4,1.2,1.1,2014-10-24,1259,Terra,MODIS,64,6.2,294.1,8.3,N,0
-14.1289,142.1304,314.9,1.2,1.1,2014-10-24,1259,Terra,MODIS,66,6.2,294.6,12.3,N,0
-14.6046,144.5648,306.5,1,1,2014-10-24,1259,Terra,MODIS,40,6.2,293.2,5.8,N,0
-13.7896,142.1461,328.9,1.2,1.1,2014-10-24,1259,Terra,MODIS,100,6.2,296.2,29.1,N,0
-14.6122,144.5755,308,1,1,2014-10-24,1259,Terra,MODIS,17,6.2,292.8,6.3,N,0
-14.9771,145.0488,315.8,1,1,2014-10-24,1259,Terra,MODIS,55,6.2,291.8,12,N,0
-13.7718,142.1326,342.3,1.2,1.1,2014-10-24,1259,Terra,MODIS,100,6.2,297,52.3,N,0
-14.5693,144.5532,326.9,1,1,2014-10-24,1259,Terra,MODIS,100,6.2,293.6,24.6,N,0
-15.0373,145.0771,310.6,1,1,2014-10-24,1259,Terra,MODIS,80,6.2,293.4,8.9,N,0
-13.6274,141.6854,307.9,1.2,1.1,2014-10-24,1259,Terra,MODIS,73,6.2,293.7,8.9,N,0
-12.3708,142.8507,304.8,1.1,1,2014-10-24,1300,Terra,MODIS,62,6.2,293,5.5,N,0
-12.337,142.84,309.6,1.1,1,2014-10-24,1300,Terra,MODIS,78,6.2,293.5,8.8,N,0
-12.4298,142.8854,306.3,1.1,1,2014-10-24,1300,Terra,MODIS,18,6.2,293.3,6.2,N,0
-12.4129,142.8866,314.9,1.1,1,2014-10-24,1300,Terra,MODIS,53,6.2,293.7,12.2,N,0
-12.7438,142.2732,306.2,1.1,1.1,2014-10-24,1300,Terra,MODIS,67,6.2,293.7,6.6,N,0
-12.5825,142.7146,308,1.1,1,2014-10-24,1300,Terra,MODIS,73,6.2,293.9,7.7,N,0
-12.4051,142.8755,307.9,1.1,1,2014-10-24,1300,Terra,MODIS,42,6.2,293.5,7,N,0
-12.4037,142.8852,308.4,1.1,1,2014-10-24,1300,Terra,MODIS,49,6.2,293.5,7.5,N,0
-12.2711,142.8403,304.9,1.1,1,2014-10-24,1300,Terra,MODIS,21,6.2,293.8,4.7,N,0
-12.2895,142.843,305.7,1.1,1,2014-10-24,1300,Terra,MODIS,29,6.2,293.8,5.1,N,0
-12.7357,142.2615,304.8,1.1,1.1,2014-10-24,1300,Terra,MODIS,61,6.2,293.2,5.8,N,0
-11.0455,142.4696,307.5,1.1,1,2014-10-24,1300,Terra,MODIS,9,6.2,293.5,6.1,N,0
-11.0104,142.4682,312.9,1.1,1,2014-10-24,1300,Terra,MODIS,36,6.2,293.9,10.1,N,0
-12.043,141.8815,306.2,1.2,1.1,2014-10-24,1300,Terra,MODIS,60,6.2,294.5,6.4,N,0
-12.0608,141.8947,307.1,1.2,1.1,2014-10-24,1300,Terra,MODIS,29,6.2,294.3,6.5,N,0
-11.0025,142.4571,308.8,1.1,1,2014-10-24,1300,Terra,MODIS,24,6.2,293.8,7.1,N,0
-12.5361,141.9166,354.6,1.2,1.1,2014-10-24,1300,Terra,MODIS,100,6.2,297.4,88.8,N,0
-12.5376,141.9059,327.5,1.2,1.1,2014-10-24,1300,Terra,MODIS,100,6.2,295.7,30.3,N,0
-12.5265,141.9152,314.5,1.2,1.1,2014-10-24,1300,Terra,MODIS,89,6.2,294.6,14.3,N,0
-12.5279,141.9046,316.4,1.2,1.1,2014-10-24,1300,Terra,MODIS,93,6.2,294.6,16.3,N,0
-10.9562,142.3812,313.5,1.1,1,2014-10-24,1300,Terra,MODIS,82,6.2,293.9,11.6,N,0
-12.3374,142.6312,304.9,1.1,1,2014-10-24,1300,Terra,MODIS,24,6.2,293.9,4.8,N,0
-12.8395,142.3866,306.8,1.1,1.1,2014-10-24,1300,Terra,MODIS,69,6.2,293.8,7.4,N,0
-12.3574,142.624,306.4,1.1,1,2014-10-24,1300,Terra,MODIS,53,6.2,294.1,6.2,N,0
-12.8314,142.375,304,1.1,1.1,2014-10-24,1300,Terra,MODIS,58,6.2,293.8,5.3,N,0
-12.9074,143.0932,309.8,1,1,2014-10-24,1300,Terra,MODIS,78,6.2,293.8,8.4,N,0
-12.9218,143.1247,305.1,1,1,2014-10-24,1300,Terra,MODIS,33,6.2,292.9,5.2,N,0
-10.9575,142.3714,308.7,1.1,1,2014-10-24,1300,Terra,MODIS,62,6.2,293.6,7.7,N,0
-30.8663,121.4877,306.5,1.1,1.1,2014-10-24,1433,Terra,MODIS,68,6.2,292.2,8.9,N,2
-27.2604,127.3587,309.5,1.4,1.2,2014-10-24,1434,Terra,MODIS,78,6.2,293.2,13.3,N,0
-27.258,127.3727,311.5,1.4,1.2,2014-10-24,1434,Terra,MODIS,83,6.2,294.9,15.4,N,0
-27.4052,128.3703,349.8,1.6,1.2,2014-10-24,1434,Terra,MODIS,100,6.2,290.4,124.3,N,0
-27.4023,128.3865,316.6,1.6,1.2,2014-10-24,1434,Terra,MODIS,76,6.2,287.5,28.7,N,0
-27.3941,128.3677,305.9,1.6,1.2,2014-10-24,1434,Terra,MODIS,39,6.2,284.7,15.7,N,0
-23.4843,121.3924,319.9,1,1,2014-10-24,1435,Terra,MODIS,99,6.2,298.4,15.4,N,0
-24.3564,121.2497,312.1,1,1,2014-10-24,1435,Terra,MODIS,84,6.2,295,9.9,N,0
-23.2739,124.5506,320.1,1.1,1.1,2014-10-24,1435,Terra,MODIS,100,6.2,296.8,19.8,N,0
-23.4635,121.4092,307.6,1,1,2014-10-24,1435,Terra,MODIS,2,6.2,293.8,5.6,N,0
-23.4662,121.3895,316.1,1,1,2014-10-24,1435,Terra,MODIS,52,6.2,298.1,11.1,N,0
-23.4739,121.4008,327.3,1,1,2014-10-24,1435,Terra,MODIS,100,6.2,298.3,23,N,0
-24.8824,121.3042,307.9,1,1,2014-10-24,1435,Terra,MODIS,36,6.2,293.3,8.2,N,0
-24.3628,121.2714,328.8,1,1,2014-10-24,1435,Terra,MODIS,100,6.2,296.6,26.3,N,0
-23.4753,121.3909,333,1,1,2014-10-24,1435,Terra,MODIS,100,6.2,298.3,29.9,N,0
-24.6549,121.7543,319.8,1,1,2014-10-24,1435,Terra,MODIS,68,6.2,278.2,19.8,N,0
-24.6535,121.7643,336.3,1,1,2014-10-24,1435,Terra,MODIS,100,6.2,273.7,42,N,0
-24.3614,121.2815,319.5,1,1,2014-10-24,1435,Terra,MODIS,99,6.2,296,15.8,N,0
-23.2236,124.5353,310.8,1.1,1.1,2014-10-24,1435,Terra,MODIS,81,6.2,295.2,9.9,N,0
-23.2262,124.5415,307.4,1.1,1.1,2014-10-24,1435,Terra,MODIS,71,6.2,295.1,7.3,N,0
-23.208,124.5095,305.1,1.1,1.1,2014-10-24,1435,Terra,MODIS,51,6.2,294.4,6.2,N,0
-19.8005,123.1878,312.5,1.1,1,2014-10-24,1436,Terra,MODIS,80,6.2,297.7,8.9,N,0
-19.7911,123.1861,324.5,1.1,1,2014-10-24,1436,Terra,MODIS,100,6.2,297.9,21.4,N,0
-19.7895,123.1965,307.8,1.1,1,2014-10-24,1436,Terra,MODIS,27,6.2,297.1,5.2,N,0
-23.1368,120.2161,322.7,1.1,1,2014-10-24,1436,Terra,MODIS,30,6.2,297.9,17.8,N,0
-23.1354,120.2267,340.1,1.1,1,2014-10-24,1436,Terra,MODIS,100,6.2,298.9,44.5,N,0
-23.1475,120.2071,330.4,1.1,1,2014-10-24,1436,Terra,MODIS,100,6.2,293.6,27.4,N,0
-23.1461,120.2176,384.5,1.1,1,2014-10-24,1436,Terra,MODIS,100,6.2,305,188.1,N,0
-23.1448,120.2281,341.7,1.1,1,2014-10-24,1436,Terra,MODIS,100,6.2,297.2,47.8,N,0
-22.1793,120.9362,320.3,1,1,2014-10-24,1436,Terra,MODIS,35,6.2,295.8,15.3,N,0
-22.1884,120.9377,324,1,1,2014-10-24,1436,Terra,MODIS,54,6.2,292.3,19,N,0
-22.1984,120.9255,312.8,1,1,2014-10-24,1436,Terra,MODIS,86,6.2,296.5,7,N,0
-22.197,120.9354,328.6,1,1,2014-10-24,1436,Terra,MODIS,99,6.2,296.5,22.8,N,0
-23.1662,120.21,313.4,1.1,1,2014-10-24,1436,Terra,MODIS,39,6.2,276.4,10.3,N,0
-23.1676,120.1994,340.5,1.1,1,2014-10-24,1436,Terra,MODIS,100,6.2,273.6,47.3,N,0
-23.1569,120.2085,329,1.1,1,2014-10-24,1436,Terra,MODIS,97,6.2,282.1,26.2,N,0
-22.2048,120.9467,324.9,1,1,2014-10-24,1436,Terra,MODIS,45,6.2,294.5,19.9,N,0
-22.1943,120.9551,401.9,1,1,2014-10-24,1436,Terra,MODIS,100,6.2,293.5,268.1,N,0
-22.1957,120.9452,407.8,1,1,2014-10-24,1436,Terra,MODIS,100,6.2,311.5,306.7,N,0
-22.1857,120.9574,319.4,1,1,2014-10-24,1436,Terra,MODIS,40,6.2,285.7,15.1,N,0
-22.187,120.9475,339.1,1,1,2014-10-24,1436,Terra,MODIS,84,6.2,288.4,40.1,N,0
-23.0787,121.4018,354.9,1,1,2014-10-24,1436,Terra,MODIS,100,6.2,272.5,0,N,0
-20.5126,123.2875,309.9,1.1,1,2014-10-24,1436,Terra,MODIS,78,6.2,297.9,6.8,N,0
-20.5142,123.2771,307.6,1.1,1,2014-10-24,1436,Terra,MODIS,14,6.2,297.5,4.7,N,0
-20.5173,123.2565,313.2,1.1,1,2014-10-24,1436,Terra,MODIS,81,6.2,297.7,9.7,N,0
-19.1845,131.8653,308.1,4.3,1.9,2014-10-24,1436,Terra,MODIS,73,6.2,291.1,71.6,N,0
-19.1862,131.8727,306.1,4.3,1.9,2014-10-24,1436,Terra,MODIS,67,6.2,291.4,60.6,N,0
-20.5654,123.3564,331.3,1.1,1,2014-10-24,1436,Terra,MODIS,100,6.2,299.5,30.8,N,0
-20.556,123.3548,311.7,1.1,1,2014-10-24,1436,Terra,MODIS,83,6.2,298.5,8,N,0
-23.0877,121.4033,349.2,1,1,2014-10-24,1436,Terra,MODIS,100,6.2,283.3,0,N,0
-23.0864,121.4131,362.9,1,1,2014-10-24,1436,Terra,MODIS,100,6.2,280.6,0,N,0
-23.0773,121.4116,357.9,1,1,2014-10-24,1436,Terra,MODIS,100,6.2,277.4,0,N,0
-20.5638,123.3668,347.7,1.1,1,2014-10-24,1436,Terra,MODIS,100,6.2,299.9,61.6,N,0
-23.0029,121.3528,329,1,1,2014-10-24,1436,Terra,MODIS,97,6.2,288.9,27.1,N,0
-20.5266,123.2582,309.7,1.1,1,2014-10-24,1436,Terra,MODIS,35,6.2,297.4,6.7,N,0
-23.0683,121.4101,321.2,1,1,2014-10-24,1436,Terra,MODIS,91,6.2,278.8,0,N,0
-23.0015,121.3627,331.6,1,1,2014-10-24,1436,Terra,MODIS,100,6.2,287.6,30.9,N,0
-19.8629,128.6412,307.7,2.4,1.5,2014-10-24,1436,Terra,MODIS,72,6.2,293.5,27,N,0
-21.7043,116.3571,310.7,1.7,1.3,2014-10-24,1436,Terra,MODIS,77,6.2,298.2,14.6,N,0
-21.6793,116.3705,311.6,1.7,1.3,2014-10-24,1436,Terra,MODIS,80,6.2,296.8,16.6,N,0
-21.6909,116.3721,323.8,1.7,1.3,2014-10-24,1436,Terra,MODIS,100,6.2,298.4,40.8,N,0
-21.689,116.3887,311.5,1.7,1.3,2014-10-24,1436,Terra,MODIS,79,6.2,298.1,15.3,N,0
-21.6774,116.3871,318.7,1.7,1.3,2014-10-24,1436,Terra,MODIS,97,6.2,297.8,28.8,N,0
-21.2863,118.9359,313.6,1.2,1.1,2014-10-24,1436,Terra,MODIS,84,6.2,296.9,12,N,0
-21.7888,117.9884,316.2,1.3,1.1,2014-10-24,1436,Terra,MODIS,91,6.2,299.5,15.8,N,0
-21.7784,117.9868,327.4,1.3,1.1,2014-10-24,1436,Terra,MODIS,100,6.2,301,32.1,N,0
-21.78,117.9737,310.4,1.3,1.1,2014-10-24,1436,Terra,MODIS,34,6.2,299.5,7,N,0
-21.765,118.0112,317.8,1.3,1.1,2014-10-24,1436,Terra,MODIS,95,6.2,300.7,16.9,N,0
-21.7665,117.9983,339.7,1.3,1.1,2014-10-24,1436,Terra,MODIS,100,6.2,303.9,58.5,N,0
-21.7681,117.9852,326.8,1.3,1.1,2014-10-24,1436,Terra,MODIS,100,6.2,301.1,30.6,N,0
-21.7696,117.9721,313,1.3,1.1,2014-10-24,1436,Terra,MODIS,77,6.2,299.4,9.5,N,0
-21.7593,117.9706,313.2,1.3,1.1,2014-10-24,1436,Terra,MODIS,83,6.2,300.1,9.6,N,0
-21.7623,117.9445,313.1,1.4,1.2,2014-10-24,1436,Terra,MODIS,22,6.2,299.1,8.9,N,0
-21.7639,117.9313,317.3,1.4,1.2,2014-10-24,1436,Terra,MODIS,90,6.2,298.9,15.3,N,0
-21.752,117.9428,321.9,1.4,1.2,2014-10-24,1436,Terra,MODIS,100,6.2,298.9,21.2,N,0
-21.7565,117.9377,312.2,1.4,1.2,2014-10-24,1436,Terra,MODIS,27,6.2,298.7,8.8,N,0
-21.7445,117.9493,310.4,1.3,1.2,2014-10-24,1436,Terra,MODIS,35,6.2,298.3,7.5,N,0
-21.7404,117.896,309.1,1.4,1.2,2014-10-24,1436,Terra,MODIS,18,6.2,298.8,6.9,N,0
-21.6988,117.8901,309.5,1.4,1.2,2014-10-24,1436,Terra,MODIS,14,6.2,299.1,6.5,N,0
-21.2729,121.3108,308.3,1,1,2014-10-24,1436,Terra,MODIS,73,6.2,296.8,5.5,N,0
-21.2612,121.3285,322.9,1,1,2014-10-24,1436,Terra,MODIS,100,6.2,296.2,17.7,N,0
-21.2626,121.3189,335.3,1,1,2014-10-24,1436,Terra,MODIS,100,6.2,298.3,32.4,N,0
-21.2639,121.3093,387.3,1,1,2014-10-24,1436,Terra,MODIS,100,6.2,301.4,182.6,N,0
-21.2653,121.2997,413.6,1,1,2014-10-24,1436,Terra,MODIS,100,6.2,307.8,342,N,0
-21.2666,121.2901,348.2,1,1,2014-10-24,1436,Terra,MODIS,100,6.2,298,55.2,N,0
-21.2522,121.3271,316.4,1,1,2014-10-24,1436,Terra,MODIS,93,6.2,294.1,11.3,N,0
-21.2536,121.3175,372.6,1,1,2014-10-24,1436,Terra,MODIS,100,6.2,298.7,121.7,N,0
-21.2549,121.3078,330,1,1,2014-10-24,1436,Terra,MODIS,100,6.2,296.8,25.4,N,0
-21.2576,121.2886,315.7,1,1,2014-10-24,1436,Terra,MODIS,77,6.2,295.3,10.3,N,0
-21.2437,121.2568,314.7,1,1,2014-10-24,1436,Terra,MODIS,72,6.2,294.4,10.4,N,0
-21.2292,121.2938,310.7,1,1,2014-10-24,1436,Terra,MODIS,80,6.2,296.2,7.3,N,0
-21.2306,121.2842,312.1,1,1,2014-10-24,1436,Terra,MODIS,68,6.2,295.7,8,N,0
-21.2333,121.2649,309.7,1,1,2014-10-24,1436,Terra,MODIS,77,6.2,293.8,7.1,N,0
-20.1547,122.7374,313.9,1,1,2014-10-24,1436,Terra,MODIS,32,6.2,272.8,12.2,N,0
-20.3968,122.8383,318.4,1,1,2014-10-24,1436,Terra,MODIS,92,6.2,295.2,17.3,N,0
-18.7086,131.1162,302.3,3.8,1.8,2014-10-24,1436,Terra,MODIS,48,6.2,291.7,32.9,N,0
-21.3928,120.9107,333.6,1,1,2014-10-24,1436,Terra,MODIS,100,6.2,298.9,30.8,N,0
-20.989,120.175,322.1,1,1,2014-10-24,1436,Terra,MODIS,100,6.2,296.7,18.5,N,0
-20.9798,120.1736,319.4,1,1,2014-10-24,1436,Terra,MODIS,98,6.2,296.3,15.7,N,0
-14.4668,131.2303,304.2,4.8,2,2014-10-24,1437,Terra,MODIS,31,6.2,291.8,41.2,N,0
-14.449,131.2264,302.2,4.8,2,2014-10-24,1437,Terra,MODIS,8,6.2,290.6,27.9,N,0
-14.4643,131.2348,309.2,4.8,2,2014-10-24,1437,Terra,MODIS,77,6.2,291.8,71.5,N,0
-14.3698,131.0648,303.1,4.7,2,2014-10-24,1437,Terra,MODIS,53,6.2,291.5,35.6,N,0
-15.6892,126.1415,303.1,1.9,1.3,2014-10-24,1437,Terra,MODIS,53,6.2,291.6,8.9,N,0
-15.7429,125.9727,303.6,1.8,1.3,2014-10-24,1437,Terra,MODIS,56,6.2,292.1,9.2,N,0
-17.7476,125.7029,324.1,1.6,1.3,2014-10-24,1437,Terra,MODIS,97,6.2,298.2,36.7,N,0
-17.7501,125.6878,341.6,1.6,1.2,2014-10-24,1437,Terra,MODIS,90,6.2,296.6,88.8,N,0
-19.3333,122.5006,385.5,1,1,2014-10-24,1437,Terra,MODIS,100,6.2,288.4,189.2,N,0
-19.3425,122.5022,320.5,1,1,2014-10-24,1437,Terra,MODIS,74,6.2,290,19.4,N,0
-19.3239,122.4384,304.7,1,1,2014-10-24,1437,Terra,MODIS,4,6.2,279.4,9.1,N,0
-19.3318,122.5105,367.8,1,1,2014-10-24,1437,Terra,MODIS,100,6.2,286.3,116.6,N,0
-17.2701,124.6203,306.6,1.4,1.2,2014-10-24,1437,Terra,MODIS,68,6.2,295.4,7.2,N,0
-17.321,124.6088,317.6,1.4,1.2,2014-10-24,1437,Terra,MODIS,83,6.2,296.4,18.1,N,0
-17.316,124.5355,311.6,1.4,1.2,2014-10-24,1437,Terra,MODIS,83,6.2,296,11.5,N,0
-17.2763,124.6484,307.6,1.4,1.2,2014-10-24,1437,Terra,MODIS,72,6.2,295.6,8,N,0
-17.2785,124.6353,311.9,1.4,1.2,2014-10-24,1437,Terra,MODIS,83,6.2,295.6,12.8,N,0
-17.3212,124.5424,316.6,1.4,1.2,2014-10-24,1437,Terra,MODIS,93,6.2,296.2,17.9,N,0
-17.312,124.628,311,1.4,1.2,2014-10-24,1437,Terra,MODIS,44,6.2,295.8,10.4,N,0
-17.3231,124.5958,311.7,1.4,1.2,2014-10-24,1437,Terra,MODIS,43,6.2,296,10.8,N,0
-17.3223,124.5631,314.9,1.4,1.2,2014-10-24,1437,Terra,MODIS,90,6.2,296.1,15.1,N,0
-17.3191,124.5552,322.7,1.4,1.2,2014-10-24,1437,Terra,MODIS,100,6.2,296.2,27.3,N,0
-14.3683,131.0717,303.2,4.7,2,2014-10-24,1437,Terra,MODIS,44,6.2,291.4,33.4,N,0
-17.3161,124.602,315.5,1.4,1.2,2014-10-24,1437,Terra,MODIS,91,6.2,296,15.4,N,0
-17.314,124.5483,317.2,1.4,1.2,2014-10-24,1437,Terra,MODIS,95,6.2,295.9,18.9,N,0
-14.9721,126.5478,314.1,2.1,1.4,2014-10-24,1438,Terra,MODIS,89,6.2,290.7,33.1,N,0
-14.9595,126.5508,303.8,2.1,1.4,2014-10-24,1438,Terra,MODIS,57,6.2,290.9,13.2,N,0
-14.9721,126.5531,314.8,2.1,1.4,2014-10-24,1438,Terra,MODIS,90,6.2,291.1,35.4,N,0
-14.9629,126.5316,302.7,2.1,1.4,2014-10-24,1438,Terra,MODIS,51,6.2,290.9,12,N,0
-14.9595,126.5454,305.4,2.1,1.4,2014-10-24,1438,Terra,MODIS,64,6.2,290.7,16.2,N,0
-10.9475,142.3825,310,1,1,2014-10-24,1602,Aqua,MODIS,69,6.2,293.1,8.6,N,0
-10.9565,142.3812,310.5,1,1,2014-10-24,1602,Aqua,MODIS,71,6.2,292.9,9.3,N,0
-13.7926,142.1473,330.1,1,1,2014-10-24,1603,Aqua,MODIS,83,6.2,295.6,25.1,N,0
-14.3158,144.4601,302.3,1.3,1.1,2014-10-24,1603,Aqua,MODIS,17,6.2,292,5.9,N,0
-13.7456,142.1445,309.1,1,1,2014-10-24,1603,Aqua,MODIS,27,6.2,293.4,7.2,N,0
-14.1393,142.1302,312.8,1,1,2014-10-24,1603,Aqua,MODIS,44,6.2,293.6,9.7,N,0
-14.1078,142.1056,305.2,1,1,2014-10-24,1603,Aqua,MODIS,29,6.2,293.1,5.7,N,0
-13.8018,142.1459,353.7,1,1,2014-10-24,1603,Aqua,MODIS,100,6.2,297.3,71.2,N,0
-14.0412,142.0828,325.1,1,1,2014-10-24,1603,Aqua,MODIS,100,6.2,294.3,20.7,N,0
-13.8094,142.139,310.3,1,1,2014-10-24,1603,Aqua,MODIS,55,6.2,293.4,8.6,N,0
-13.7913,142.1378,329.8,1,1,2014-10-24,1603,Aqua,MODIS,71,6.2,295.5,25.8,N,0
-14.0422,142.0245,335.5,1,1,2014-10-24,1603,Aqua,MODIS,100,6.2,295.8,36.3,N,0
-14.0398,142.0733,311.9,1,1,2014-10-24,1603,Aqua,MODIS,22,6.2,293.6,7.2,N,0
-14.0344,142.0353,323.3,1,1,2014-10-24,1603,Aqua,MODIS,47,6.2,293.9,19.3,N,0
-13.6524,141.6224,304.7,1,1,2014-10-24,1603,Aqua,MODIS,36,6.2,293,5.6,N,0
-13.64,141.6592,305.9,1,1,2014-10-24,1603,Aqua,MODIS,56,6.2,292.6,6.2,N,0
-14.3071,144.4545,306.7,1.3,1.1,2014-10-24,1603,Aqua,MODIS,69,6.2,292,9.8,N,0
-13.8107,142.1485,318.4,1,1,2014-10-24,1603,Aqua,MODIS,97,6.2,294.6,15.2,N,0
-14.682,144.2983,330.8,1.3,1.1,2014-10-24,1603,Aqua,MODIS,100,6.2,292.9,44,N,0
-14.6686,144.2753,315,1.3,1.1,2014-10-24,1603,Aqua,MODIS,90,6.2,292,18.7,N,0
-14.667,144.2632,304.8,1.3,1.1,2014-10-24,1603,Aqua,MODIS,39,6.2,292.1,8.2,N,0
-14.0513,142.0232,314.1,1,1,2014-10-24,1603,Aqua,MODIS,33,6.2,294.2,11.2,N,0
-14.6622,144.2267,310,1.3,1.1,2014-10-24,1603,Aqua,MODIS,79,6.2,292.1,14.1,N,0
-14.0499,142.0137,310.4,1,1,2014-10-24,1603,Aqua,MODIS,28,6.2,294.1,8.9,N,0
-14.049,142.072,326.8,1,1,2014-10-24,1603,Aqua,MODIS,89,6.2,294.7,22.5,N,0
-12.5284,141.9263,306.5,1,1,2014-10-24,1603,Aqua,MODIS,59,6.2,294.6,6,N,0
-12.5374,141.925,308.4,1,1,2014-10-24,1603,Aqua,MODIS,74,6.2,294.5,7.2,N,0
-12.5361,141.9158,346.7,1,1,2014-10-24,1603,Aqua,MODIS,100,6.2,296.8,55.4,N,0
-12.5271,141.9171,326.8,1,1,2014-10-24,1603,Aqua,MODIS,100,6.2,295.3,24.2,N,0
-14.1768,142.1382,317.1,1,1,2014-10-24,1603,Aqua,MODIS,94,6.2,295,14.2,N,0
-14.059,142.0124,321,1,1,2014-10-24,1603,Aqua,MODIS,100,6.2,293.5,18.9,N,0
-14.1755,142.1287,320.1,1,1,2014-10-24,1603,Aqua,MODIS,100,6.2,294.4,17.4,N,0
-14.0567,142.0611,315.1,1,1,2014-10-24,1603,Aqua,MODIS,38,6.2,293.6,12.6,N,0
-14.0781,142.1455,306.2,1,1,2014-10-24,1603,Aqua,MODIS,29,6.2,293.1,5.5,N,0
-15.0253,142.7519,304.3,1.1,1,2014-10-24,1603,Aqua,MODIS,14,6.2,293,5.5,N,0
-12.8237,142.3766,306.8,1,1,2014-10-24,1603,Aqua,MODIS,69,6.2,292.8,7.8,N,0
-13.7831,142.0809,322.4,1,1,2014-10-24,1603,Aqua,MODIS,100,6.2,295.3,18.9,N,0
-13.7817,142.0714,326.4,1,1,2014-10-24,1603,Aqua,MODIS,100,6.2,295.1,24,N,0
-15.1929,144.9977,302.4,1.5,1.2,2014-10-24,1603,Aqua,MODIS,49,6.2,291.5,8.9,N,0
-13.0432,132.896,305.8,3,1.6,2014-10-24,1603,Aqua,MODIS,57,6.2,294.5,24.6,N,0
-13.6902,132.5879,302.5,3,1.7,2014-10-24,1603,Aqua,MODIS,49,6.2,292,20.2,N,0
-12.375,142.8535,302.5,1.1,1,2014-10-24,1603,Aqua,MODIS,50,6.2,292.5,5.1,N,0
-13.1545,133.0885,305.8,2.9,1.6,2014-10-24,1603,Aqua,MODIS,37,6.2,295,19,N,0
-14.1298,142.3278,324.9,1.1,1,2014-10-24,1603,Aqua,MODIS,100,6.2,294.8,22.5,N,0
-13.7581,142.2985,320.3,1,1,2014-10-24,1603,Aqua,MODIS,49,6.2,295,15.6,N,0
-13.787,142.3041,330.4,1,1,2014-10-24,1603,Aqua,MODIS,100,6.2,295.1,28.2,N,0
-15.2419,142.2612,305.5,1.1,1,2014-10-24,1603,Aqua,MODIS,64,6.2,293.5,6.4,N,0
-14.0822,142.1742,305.6,1,1,2014-10-24,1603,Aqua,MODIS,38,6.2,293.2,5.1,N,0
-15.2215,142.9871,304.5,1.1,1.1,2014-10-24,1603,Aqua,MODIS,36,6.2,293.2,6.4,N,0
-13.7819,142.3342,311.2,1,1,2014-10-24,1603,Aqua,MODIS,40,6.2,293.6,8.4,N,0
-13.7554,142.2794,341.5,1,1,2014-10-24,1603,Aqua,MODIS,100,6.2,296,46.5,N,0
-15.3265,142.2733,306.4,1.1,1,2014-10-24,1603,Aqua,MODIS,21,6.2,293.8,6,N,0
-12.4268,142.8857,306.6,1.1,1,2014-10-24,1603,Aqua,MODIS,11,6.2,292.7,7,N,0
-14.1168,142.3692,308.9,1.1,1,2014-10-24,1603,Aqua,MODIS,68,6.2,293.5,8.2,N,0
-15.242,142.9949,304.6,1.1,1.1,2014-10-24,1603,Aqua,MODIS,50,6.2,292.8,6.7,N,0
-13.7911,142.3329,308,1,1,2014-10-24,1603,Aqua,MODIS,47,6.2,293.1,6.4,N,0
-14.1736,142.174,325.7,1,1,2014-10-24,1603,Aqua,MODIS,100,6.2,295.8,20.7,N,0
-13.7897,142.3233,322.5,1,1,2014-10-24,1603,Aqua,MODIS,100,6.2,294.4,19.3,N,0
-14.1046,142.2822,306.5,1,1,2014-10-24,1603,Aqua,MODIS,18,6.2,293.4,5.7,N,0
-14.1722,142.1644,340,1,1,2014-10-24,1603,Aqua,MODIS,100,6.2,296.3,41.8,N,0
-12.4175,142.887,308.3,1.1,1,2014-10-24,1603,Aqua,MODIS,3,6.2,293.1,7.7,N,0
-15.256,142.4313,305.5,1.1,1,2014-10-24,1603,Aqua,MODIS,44,6.2,293.1,6.2,N,0
-15.3169,142.2043,308.2,1.1,1,2014-10-24,1603,Aqua,MODIS,41,6.2,294.7,6.9,N,0
-15.3159,142.2648,309.5,1.1,1,2014-10-24,1603,Aqua,MODIS,52,6.2,295.3,7.9,N,0
-14.1809,142.167,320.9,1,1,2014-10-24,1603,Aqua,MODIS,100,6.2,295.2,17.4,N,0
-14.1795,142.1574,309.4,1,1,2014-10-24,1603,Aqua,MODIS,10,6.2,294,7.1,N,0
-12.5565,136.1204,302.9,1.7,1.3,2014-10-24,1603,Aqua,MODIS,52,6.2,291.6,11.5,N,0
-12.7332,142.2645,322,1,1,2014-10-24,1603,Aqua,MODIS,100,6.2,293.7,20.4,N,0
-13.7757,142.1595,324.7,1,1,2014-10-24,1603,Aqua,MODIS,100,6.2,294.8,17.8,N,0
-13.7693,142.1799,328,1,1,2014-10-24,1603,Aqua,MODIS,100,6.2,295.3,24.2,N,0
-13.7696,142.2479,311.4,1,1,2014-10-24,1603,Aqua,MODIS,82,6.2,294.2,9.4,N,0
-12.4083,142.8883,308.4,1.1,1,2014-10-24,1603,Aqua,MODIS,23,6.2,293.1,7.8,N,0
-13.7883,142.3137,322.2,1,1,2014-10-24,1603,Aqua,MODIS,100,6.2,294.5,18.5,N,0
-12.3299,142.8469,302.9,1.1,1,2014-10-24,1603,Aqua,MODIS,52,6.2,292.9,4.8,N,0
-13.7954,142.1663,329.8,1,1,2014-10-24,1603,Aqua,MODIS,100,6.2,295.2,24.5,N,0
-13.7805,142.3247,338.6,1,1,2014-10-24,1603,Aqua,MODIS,100,6.2,295.5,40.4,N,0
-13.7503,142.3095,333.4,1,1,2014-10-24,1603,Aqua,MODIS,100,6.2,294.9,33.2,N,0
-13.8045,142.1649,327.3,1,1,2014-10-24,1603,Aqua,MODIS,100,6.2,295.3,22.3,N,0
-13.7489,142.2999,326.3,1,1,2014-10-24,1603,Aqua,MODIS,85,6.2,294.2,23.1,N,0
-13.7792,142.315,321,1,1,2014-10-24,1603,Aqua,MODIS,68,6.2,293.6,15.7,N,0
-13.7856,142.2944,313.7,1,1,2014-10-24,1603,Aqua,MODIS,55,6.2,293.8,10.4,N,0
-14.1033,142.3875,311.6,1.1,1,2014-10-24,1603,Aqua,MODIS,50,6.2,293.4,9.6,N,0
-14.1887,142.1561,330.6,1,1,2014-10-24,1603,Aqua,MODIS,100,6.2,295.7,29.4,N,0
-13.794,142.1568,320.4,1,1,2014-10-24,1603,Aqua,MODIS,74,6.2,295.5,12.8,N,0
-13.768,142.1703,324.6,1,1,2014-10-24,1603,Aqua,MODIS,92,6.2,294.9,19,N,0
-14.0809,142.1646,306.2,1,1,2014-10-24,1603,Aqua,MODIS,29,6.2,293.2,5.3,N,0
-13.7683,142.2384,310.7,1,1,2014-10-24,1603,Aqua,MODIS,79,6.2,294.1,8.8,N,0
-14.6939,144.3091,310.4,1.3,1.1,2014-10-24,1603,Aqua,MODIS,60,6.2,292,13.7,N,0
-14.9437,145.0851,303,1.5,1.2,2014-10-24,1603,Aqua,MODIS,36,6.2,291.9,8.4,N,0
-14.1124,142.2712,310.4,1,1,2014-10-24,1603,Aqua,MODIS,76,6.2,293.6,8.7,N,0
-13.7707,142.1894,330.8,1,1,2014-10-24,1603,Aqua,MODIS,100,6.2,295.9,28.1,N,0
-13.8031,142.1554,372.8,1,1,2014-10-24,1603,Aqua,MODIS,100,6.2,300.6,128.3,N,0
-13.7567,142.2889,340.7,1,1,2014-10-24,1603,Aqua,MODIS,100,6.2,296.6,44.4,N,0
-13.8213,142.3481,307.3,1,1,2014-10-24,1603,Aqua,MODIS,37,6.2,292.9,6.3,N,0
-13.771,142.2575,309.1,1,1,2014-10-24,1603,Aqua,MODIS,76,6.2,294.1,7.9,N,0
-13.7669,142.2289,320.9,1,1,2014-10-24,1603,Aqua,MODIS,100,6.2,294.4,18.2,N,0
-13.7967,142.1758,316.8,1,1,2014-10-24,1603,Aqua,MODIS,94,6.2,294.4,10.7,N,0
-15.3251,142.2634,314.2,1.1,1,2014-10-24,1603,Aqua,MODIS,84,6.2,294.2,12.2,N,0
-15.0508,142.7274,303.9,1.1,1,2014-10-24,1603,Aqua,MODIS,12,6.2,293.3,5.3,N,0
-13.7862,142.1676,313.1,1,1,2014-10-24,1603,Aqua,MODIS,12,6.2,294.2,6.7,N,0
-12.7345,142.2739,317.4,1,1,2014-10-24,1603,Aqua,MODIS,95,6.2,293.3,15.8,N,0
-13.7608,142.3177,315.8,1,1,2014-10-24,1603,Aqua,MODIS,45,6.2,293.8,11.9,N,0
-13.772,142.1989,314.2,1,1,2014-10-24,1603,Aqua,MODIS,58,6.2,294.1,10.5,N,0
-13.747,142.154,313.1,1,1,2014-10-24,1603,Aqua,MODIS,62,6.2,293.6,10.3,N,0
-15.2882,142.2544,307,1.1,1,2014-10-24,1603,Aqua,MODIS,63,6.2,294.2,6.1,N,0
-13.7656,142.2193,318.4,1,1,2014-10-24,1603,Aqua,MODIS,97,6.2,294.1,16,N,0
-16.4205,141.7612,309.8,1,1,2014-10-24,1604,Aqua,MODIS,78,6.2,296,8.4,N,0
-16.3977,141.7814,320.4,1,1,2014-10-24,1604,Aqua,MODIS,93,6.2,296.4,16,N,0
-16.3562,142.5625,305.7,1.1,1.1,2014-10-24,1604,Aqua,MODIS,50,6.2,294.4,6.5,N,0
-16.4281,142.483,304.5,1.1,1.1,2014-10-24,1604,Aqua,MODIS,14,6.2,294.5,5.2,N,0
-16.4178,141.7417,327.1,1,1,2014-10-24,1604,Aqua,MODIS,100,6.2,297,24,N,0
-16.3885,141.7827,311.7,1,1,2014-10-24,1604,Aqua,MODIS,83,6.2,295.2,9,N,0
-16.3899,141.7925,306.6,1,1,2014-10-24,1604,Aqua,MODIS,27,6.2,295.3,5.3,N,0
-16.4232,141.7807,310.5,1,1,2014-10-24,1604,Aqua,MODIS,80,6.2,296.1,8.5,N,0
-16.3541,141.7381,313.4,1,1,2014-10-24,1604,Aqua,MODIS,26,6.2,295.8,9.4,N,0
-16.427,141.7404,332.3,1,1,2014-10-24,1604,Aqua,MODIS,100,6.2,297.5,31.4,N,0
-16.5493,142.4904,305.6,1.1,1.1,2014-10-24,1604,Aqua,MODIS,65,6.2,294.9,6.6,N,0
-16.3926,141.6137,305.7,1,1,2014-10-24,1604,Aqua,MODIS,35,6.2,295,5,N,0
-16.4368,141.6102,315.1,1,1,2014-10-24,1604,Aqua,MODIS,91,6.2,296.6,11.7,N,0
-17.0324,142.5942,308.4,1.1,1.1,2014-10-24,1604,Aqua,MODIS,74,6.2,295.5,8.2,N,0
-16.4276,141.6116,308.5,1,1,2014-10-24,1604,Aqua,MODIS,46,6.2,295.9,6.4,N,0
-16.4381,141.6199,312.8,1,1,2014-10-24,1604,Aqua,MODIS,86,6.2,296.6,9.6,N,0
-16.3798,141.6551,339.5,1,1,2014-10-24,1604,Aqua,MODIS,100,6.2,298.1,41.7,N,0
-16.4164,141.732,314,1,1,2014-10-24,1604,Aqua,MODIS,64,6.2,295.7,10.3,N,0
-16.3784,141.6454,310,1,1,2014-10-24,1604,Aqua,MODIS,6,6.2,295.2,7.1,N,0
-16.4002,141.6156,343.5,1,1,2014-10-24,1604,Aqua,MODIS,100,6.2,298,50.2,N,0
-16.3748,141.6855,315.8,1,1,2014-10-24,1604,Aqua,MODIS,77,6.2,295.8,11.4,N,0
-16.372,141.6661,315.5,1,1,2014-10-24,1604,Aqua,MODIS,71,6.2,295.6,11.6,N,0
-16.4015,141.6253,322.7,1,1,2014-10-24,1604,Aqua,MODIS,100,6.2,297.2,19.5,N,0
-16.394,141.6234,330.2,1,1,2014-10-24,1604,Aqua,MODIS,100,6.2,297.2,28.3,N,0
-16.3876,141.644,323.9,1,1,2014-10-24,1604,Aqua,MODIS,100,6.2,296.3,19.6,N,0
-16.3848,141.6247,317.5,1,1,2014-10-24,1604,Aqua,MODIS,95,6.2,295.5,14.1,N,0
-16.4321,141.7098,305.9,1,1,2014-10-24,1604,Aqua,MODIS,57,6.2,295,5.2,N,0
-16.4256,141.7306,339.3,1,1,2014-10-24,1604,Aqua,MODIS,100,6.2,297.3,42.6,N,0
-16.4134,141.6433,319.1,1,1,2014-10-24,1604,Aqua,MODIS,68,6.2,296.3,14.2,N,0
-16.4225,141.6419,319.4,1,1,2014-10-24,1604,Aqua,MODIS,53,6.2,296.3,13.3,N,0
-16.429,141.6212,319.9,1,1,2014-10-24,1604,Aqua,MODIS,99,6.2,297.1,15.5,N,0
-14.3749,131.4129,304.7,3.6,1.8,2014-10-24,1604,Aqua,MODIS,38,6.2,292,27.2,N,0
-14.3846,131.3767,305.9,3.6,1.8,2014-10-24,1604,Aqua,MODIS,55,6.2,291.7,32.1,N,0
-14.3908,131.4097,327.2,3.6,1.8,2014-10-24,1604,Aqua,MODIS,100,6.2,292.6,152.7,N,0
-14.1229,131.2293,302.9,3.8,1.8,2014-10-24,1604,Aqua,MODIS,52,6.2,291.4,27.6,N,0
-14.1181,131.238,304.7,3.8,1.8,2014-10-24,1604,Aqua,MODIS,61,6.2,291.5,34.8,N,0
-14.4544,131.3965,304.4,3.6,1.8,2014-10-24,1604,Aqua,MODIS,9,6.2,292.1,23.6,N,0
-16.2957,131.3544,306.9,3.3,1.7,2014-10-24,1604,Aqua,MODIS,70,6.2,295,29.8,N,0
-14.4068,131.4066,316.5,3.6,1.8,2014-10-24,1604,Aqua,MODIS,93,6.2,292.2,79.2,N,0
-14.4226,131.4033,314.2,3.6,1.8,2014-10-24,1604,Aqua,MODIS,89,6.2,292.3,66.8,N,0
-14.4385,131.3998,305.6,3.6,1.8,2014-10-24,1604,Aqua,MODIS,26,6.2,292.3,28.7,N,0
-14.4001,131.4027,321,3.6,1.8,2014-10-24,1604,Aqua,MODIS,100,6.2,292.3,104.1,N,0
-14.4161,131.3996,308.9,3.6,1.8,2014-10-24,1604,Aqua,MODIS,27,6.2,292.1,40.2,N,0
-14.4319,131.3961,309.1,3.6,1.8,2014-10-24,1604,Aqua,MODIS,43,6.2,292.2,41.8,N,0
-14.165,131.1853,305.2,3.8,1.8,2014-10-24,1604,Aqua,MODIS,58,6.2,290.4,36.5,N,0
-14.1793,131.213,307,3.8,1.8,2014-10-24,1604,Aqua,MODIS,36,6.2,290.6,39.6,N,0
-14.1715,131.2197,304.2,3.8,1.8,2014-10-24,1604,Aqua,MODIS,49,6.2,290.6,31.1,N,0
-14.4734,131.3534,304.6,3.6,1.8,2014-10-24,1604,Aqua,MODIS,30,6.2,291.9,28.8,N,0
-18.2049,132.7499,307.6,2.4,1.5,2014-10-24,1605,Aqua,MODIS,35,6.2,294.4,24.3,N,0
-18.412,132.6479,305.9,2.4,1.5,2014-10-24,1605,Aqua,MODIS,66,6.2,292.5,26.3,N,0
-18.1958,132.7749,304.6,2.4,1.5,2014-10-24,1605,Aqua,MODIS,28,6.2,293.5,18.9,N,0
-18.1916,132.7527,303.9,2.4,1.5,2014-10-24,1605,Aqua,MODIS,18,6.2,293.9,17.2,N,0
-18.196,132.7571,318.9,2.4,1.5,2014-10-24,1605,Aqua,MODIS,98,6.2,294.5,55.9,N,0
-19.6811,143.5464,303.2,1.4,1.2,2014-10-24,1605,Aqua,MODIS,33,6.2,291.5,7.5,N,0
-19.687,143.54,303.5,1.4,1.2,2014-10-24,1605,Aqua,MODIS,56,6.2,291.4,8,N,0
-20.7368,139.4788,314.7,1,1,2014-10-24,1605,Aqua,MODIS,90,6.2,296,11.5,N,2
-27.4755,127.6209,313.8,3.4,1.7,2014-10-24,1607,Aqua,MODIS,88,6.2,292.5,73.6,N,0
-27.4623,127.5831,302.7,3.5,1.8,2014-10-24,1607,Aqua,MODIS,32,6.2,291.5,29.6,N,0
-27.4833,127.5817,302.7,3.5,1.8,2014-10-24,1607,Aqua,MODIS,51,6.2,291.6,32.9,N,0
-27.4678,127.5862,317.5,3.5,1.8,2014-10-24,1607,Aqua,MODIS,95,6.2,292.4,94.2,N,0
-27.4857,127.6133,308.1,3.4,1.7,2014-10-24,1607,Aqua,MODIS,73,6.2,292.1,49.9,N,0
-27.4778,127.5787,312,3.5,1.8,2014-10-24,1607,Aqua,MODIS,84,6.2,291.8,69.2,N,0
-27.4702,127.6177,311.6,3.4,1.7,2014-10-24,1607,Aqua,MODIS,83,6.2,292.4,62.8,N,0
-20.535,123.2665,307.7,3,1.6,2014-10-24,1743,Aqua,MODIS,36,6.2,292.2,33.1,N,0
-17.3245,124.5913,302.7,3.4,1.7,2014-10-24,1743,Aqua,MODIS,43,6.2,291.7,19.3,N,0
-20.521,123.2751,308,3,1.6,2014-10-24,1743,Aqua,MODIS,73,6.2,292.6,34.7,N,0
-20.5358,123.2734,309.5,3,1.6,2014-10-24,1743,Aqua,MODIS,77,6.2,292.5,39.5,N,0
-20.1635,122.741,304.1,2.7,1.6,2014-10-24,1743,Aqua,MODIS,42,6.2,292.2,18.9,N,0
-20.1693,122.7591,347.7,2.7,1.6,2014-10-24,1743,Aqua,MODIS,100,6.2,294.2,238.5,N,0
-20.1718,122.7849,323,2.7,1.6,2014-10-24,1743,Aqua,MODIS,100,6.2,293.5,83.8,N,0
-20.1663,122.7667,353.1,2.7,1.6,2014-10-24,1743,Aqua,MODIS,100,6.2,294.5,287.1,N,0
-20.169,122.7925,303.1,2.7,1.6,2014-10-24,1743,Aqua,MODIS,22,6.2,292.8,16,N,0
-17.7617,125.7053,307,4.1,1.9,2014-10-24,1743,Aqua,MODIS,70,6.2,293.4,39.4,N,0
-23.155,120.2163,306,1.9,1.3,2014-10-24,1744,Aqua,MODIS,66,6.2,293.5,15.2,N,0
-21.9568,120.9983,340.1,2.1,1.4,2014-10-24,1744,Aqua,MODIS,100,6.2,293.1,124.1,N,0
-21.959,121.0186,327.4,2.1,1.4,2014-10-24,1744,Aqua,MODIS,76,6.2,295.5,68.3,N,0
-21.956,120.9914,327.6,2.1,1.4,2014-10-24,1744,Aqua,MODIS,89,6.2,289.7,70.7,N,0
-21.9581,121.0114,340.9,2.1,1.4,2014-10-24,1744,Aqua,MODIS,100,6.2,295.8,125.3,N,0
-21.9815,120.9886,321.1,2.1,1.4,2014-10-24,1744,Aqua,MODIS,100,6.2,291.1,53.8,N,0
-23.1457,120.2103,304.4,1.9,1.3,2014-10-24,1744,Aqua,MODIS,60,6.2,293.3,13.1,N,0
-23.1477,120.229,305.2,1.9,1.4,2014-10-24,1744,Aqua,MODIS,63,6.2,293.8,14.8,N,0
-21.9836,121.0089,323.6,2.1,1.4,2014-10-24,1744,Aqua,MODIS,97,6.2,294.5,59.6,N,0
-22.3029,123.2049,314.5,3.1,1.7,2014-10-24,1744,Aqua,MODIS,89,6.2,283.3,68.3,N,0
-22.3002,123.1751,336.2,3.1,1.7,2014-10-24,1744,Aqua,MODIS,100,6.2,288,194.5,N,0
-22.2851,123.1767,313.8,3.1,1.7,2014-10-24,1744,Aqua,MODIS,88,6.2,280.4,67.1,N,0
-22.2861,123.1818,308.6,3.1,1.7,2014-10-24,1744,Aqua,MODIS,47,6.2,282.2,45.7,N,0
-22.2832,123.1522,310.3,3,1.7,2014-10-24,1744,Aqua,MODIS,77,6.2,271.6,48.9,N,0
-22.202,120.9914,308.5,2.1,1.4,2014-10-24,1744,Aqua,MODIS,42,6.2,293,20.7,N,0
-22.1999,120.9709,332.1,2.1,1.4,2014-10-24,1744,Aqua,MODIS,100,6.2,295.9,88.1,N,0
-22.1977,120.9504,340.5,2.1,1.4,2014-10-24,1744,Aqua,MODIS,100,6.2,295,123.4,N,0
-21.2764,121.3088,346,2.2,1.4,2014-10-24,1744,Aqua,MODIS,100,6.2,294.1,164.4,N,0
-21.2785,121.3297,347,2.2,1.4,2014-10-24,1744,Aqua,MODIS,100,6.2,295.4,171.6,N,0
-21.2784,121.316,362.8,2.2,1.4,2014-10-24,1744,Aqua,MODIS,100,6.2,296.2,287.3,N,0
-21.2808,121.3369,327.8,2.2,1.4,2014-10-24,1744,Aqua,MODIS,100,6.2,294.3,77.5,N,0
-21.8424,121.2692,315.1,2.2,1.4,2014-10-24,1744,Aqua,MODIS,91,6.2,295,36.6,N,0
-21.6942,116.4375,306.4,1.1,1,2014-10-24,1744,Aqua,MODIS,67,6.2,295.5,6.2,N,0
-21.2767,118.9438,304.4,1.5,1.2,2014-10-24,1744,Aqua,MODIS,60,6.2,294,8.7,N,0
-21.6677,117.8915,325.3,1.3,1.1,2014-10-24,1744,Aqua,MODIS,100,6.2,299,29.8,N,0
-21.6778,117.8899,351.7,1.3,1.1,2014-10-24,1744,Aqua,MODIS,100,6.2,301.6,91.3,N,0
-21.6794,117.9023,308.2,1.3,1.1,2014-10-24,1744,Aqua,MODIS,72,6.2,297.2,8,N,0
-21.6879,117.8885,341.5,1.3,1.1,2014-10-24,1744,Aqua,MODIS,100,6.2,300,61.2,N,0
-21.6864,117.883,339.6,1.3,1.1,2014-10-24,1744,Aqua,MODIS,100,6.2,300.3,56.4,N,0
-21.6879,117.8953,313.4,1.3,1.1,2014-10-24,1744,Aqua,MODIS,63,6.2,297.9,12,N,0
-21.6965,117.8813,308.7,1.3,1.1,2014-10-24,1744,Aqua,MODIS,74,6.2,297.6,8.3,N,0
-21.7402,117.9004,310.8,1.3,1.1,2014-10-24,1744,Aqua,MODIS,76,6.2,296.3,10.5,N,0
-21.7496,117.9755,310.4,1.3,1.1,2014-10-24,1744,Aqua,MODIS,47,6.2,298.8,8.5,N,0
-21.7528,118.0006,323.3,1.3,1.1,2014-10-24,1744,Aqua,MODIS,100,6.2,300.3,25.4,N,0
-21.7551,117.9367,310.1,1.3,1.1,2014-10-24,1744,Aqua,MODIS,70,6.2,297.2,8.7,N,0
-21.763,117.9989,313.4,1.3,1.1,2014-10-24,1744,Aqua,MODIS,46,6.2,299,11.4,N,0
-21.7653,117.9352,320.5,1.3,1.1,2014-10-24,1744,Aqua,MODIS,100,6.2,297.6,20.8,N,0
-21.7668,117.9475,320.6,1.3,1.1,2014-10-24,1744,Aqua,MODIS,100,6.2,297.8,20.4,N,0
-21.7732,117.9974,326.2,1.3,1.1,2014-10-24,1744,Aqua,MODIS,100,6.2,299.9,29.6,N,0
-21.7754,117.9337,324.9,1.3,1.1,2014-10-24,1744,Aqua,MODIS,100,6.2,297.8,27.3,N,0
-21.777,117.946,331.6,1.3,1.1,2014-10-24,1744,Aqua,MODIS,100,6.2,298.4,39.2,N,0
-21.7818,117.9834,311.1,1.3,1.1,2014-10-24,1744,Aqua,MODIS,32,6.2,297.6,8.6,N,0
-21.7834,117.996,332.3,1.3,1.1,2014-10-24,1744,Aqua,MODIS,100,6.2,299.2,41.4,N,0
-21.7841,117.9384,312.6,1.3,1.1,2014-10-24,1744,Aqua,MODIS,70,6.2,297.2,11.6,N,0
-21.7958,117.9492,307.6,1.3,1.1,2014-10-24,1744,Aqua,MODIS,51,6.2,296.6,7.1,N,0
-21.6762,117.8776,315.9,1.3,1.1,2014-10-24,1744,Aqua,MODIS,92,6.2,297.7,15.8,N,0
-21.6863,117.8761,324.8,1.3,1.1,2014-10-24,1744,Aqua,MODIS,100,6.2,298.1,27.4,N,0
-21.6937,116.3626,312.7,1.1,1,2014-10-24,1744,Aqua,MODIS,85,6.2,296,11.1,N,0
-21.6951,116.373,310.2,1.1,1,2014-10-24,1744,Aqua,MODIS,79,6.2,295.9,8.7,N,0
-23.2348,120.3088,334.6,1.9,1.4,2014-10-24,1744,Aqua,MODIS,100,6.2,296,91.3,N,0
-23.2328,120.2898,321.9,1.9,1.4,2014-10-24,1744,Aqua,MODIS,100,6.2,292.8,51.4,N,0
-22.8238,121.1095,309,2.2,1.4,2014-10-24,1744,Aqua,MODIS,76,6.2,277.6,36.1,N,0
-22.2879,121.1874,306.9,2.2,1.4,2014-10-24,1744,Aqua,MODIS,70,6.2,272.7,28.5,N,0
-23.225,120.144,304.3,1.9,1.3,2014-10-24,1744,Aqua,MODIS,8,6.2,292.9,11.5,N,0
-22.3008,121.1859,330.2,2.2,1.4,2014-10-24,1744,Aqua,MODIS,100,6.2,277.5,91.6,N,0
-22.303,121.2069,321.7,2.2,1.4,2014-10-24,1744,Aqua,MODIS,91,6.2,273.5,59.8,N,0
-23.219,120.3158,324.1,1.9,1.4,2014-10-24,1744,Aqua,MODIS,100,6.2,293.2,58.1,N,0
-23.2437,120.1553,310.6,1.9,1.3,2014-10-24,1744,Aqua,MODIS,80,6.2,293.2,22.1,N,0
-23.2293,120.2953,349.4,1.9,1.4,2014-10-24,1744,Aqua,MODIS,100,6.2,294.9,160.6,N,0
-23.2313,120.3143,341.5,1.9,1.4,2014-10-24,1744,Aqua,MODIS,100,6.2,295.8,121.2,N,0
-22.333,121.1323,323.4,2.2,1.4,2014-10-24,1744,Aqua,MODIS,64,6.2,280.1,59.8,N,0
-23.2371,120.1425,303.5,1.9,1.3,2014-10-24,1744,Aqua,MODIS,21,6.2,292.3,10.1,N,0
-23.2315,120.1568,303.1,1.9,1.3,2014-10-24,1744,Aqua,MODIS,17,6.2,292.8,9.6,N,0
-23.217,120.2968,341.7,1.9,1.4,2014-10-24,1744,Aqua,MODIS,100,6.2,293,121.9,N,0
-23.2174,120.1398,305.7,1.9,1.3,2014-10-24,1744,Aqua,MODIS,65,6.2,293.2,14.4,N,0
-23.2392,120.161,305.3,1.9,1.3,2014-10-24,1744,Aqua,MODIS,40,6.2,293.1,12.8,N,0
-23.6806,121.1307,306.6,2.3,1.5,2014-10-24,1744,Aqua,MODIS,44,6.2,288.1,29.5,N,0
-22.3138,121.1844,322.8,2.2,1.4,2014-10-24,1744,Aqua,MODIS,100,6.2,284,63.7,N,0
-22.346,121.1306,305.1,2.2,1.4,2014-10-24,1744,Aqua,MODIS,19,6.2,276.8,17.6,N,0
-25.0716,122.4298,317.9,2.9,1.6,2014-10-24,1745,Aqua,MODIS,96,6.2,293,75.1,N,0
-25.0711,122.435,314.6,2.9,1.6,2014-10-24,1745,Aqua,MODIS,90,6.2,291.9,64.3,N,0
-25.0685,122.4058,305.1,2.9,1.6,2014-10-24,1745,Aqua,MODIS,34,6.2,289.1,30.4,N,0
-20.307,147.2206,318.7,3.3,1.7,2014-10-24,2352,Terra,MODIS,42,6.2,303.2,32.6,D,0
-24.3565,151.3745,321.1,1.4,1.2,2014-10-24,2353,Terra,MODIS,33,6.2,297.7,17.6,D,0
-25.0775,151.456,324.5,1.4,1.2,2014-10-24,2353,Terra,MODIS,71,6.2,302.7,20.6,D,0
-29.6234,152.2824,318.4,1.1,1,2014-10-24,2354,Terra,MODIS,57,6.2,300.4,11.2,D,0
-34.2195,150.5682,317.9,1.1,1.1,2014-10-24,2355,Terra,MODIS,65,6.2,303.6,8.4,D,0
-42.5024,147.4328,308.8,1.1,1.1,2014-10-24,2358,Terra,MODIS,55,6.2,294.9,7.8,D,0
-11.6216,142.4545,316.4,3.3,1.7,2014-10-25,0127,Terra,MODIS,66,6.2,292.1,51.9,D,0
-14.1794,142.1153,341,3.3,1.7,2014-10-25,0128,Terra,MODIS,87,6.2,299.3,203,D,0
-14.194,142.1394,340.9,3.4,1.7,2014-10-25,0128,Terra,MODIS,90,6.2,300.1,207.2,D,0
-14.1285,142.1155,328.6,3.3,1.7,2014-10-25,0128,Terra,MODIS,77,6.2,299.1,104.7,D,0
-12.4542,133.3505,353.2,1,1,2014-10-25,0128,Terra,MODIS,95,6.2,316.1,53.2,D,0
-13.6201,141.5861,331.3,3,1.6,2014-10-25,0128,Terra,MODIS,84,6.2,294.7,103,D,0
-13.6202,141.5927,326.7,3,1.6,2014-10-25,0128,Terra,MODIS,56,6.2,294.2,73.4,D,0
-13.644,141.6674,324.8,3,1.7,2014-10-25,0128,Terra,MODIS,55,6.2,296.6,73.5,D,0
-12.9338,132.7983,335.6,1,1,2014-10-25,0128,Terra,MODIS,76,6.2,315.2,15.2,D,0
-15.0227,142.7649,336.5,3.8,1.8,2014-10-25,0128,Terra,MODIS,88,6.2,302.3,173.9,D,0
-15.0169,142.7723,333.8,3.8,1.8,2014-10-25,0128,Terra,MODIS,86,6.2,301.9,148.1,D,0
-14.0581,141.9826,327.8,3.2,1.7,2014-10-25,0128,Terra,MODIS,81,6.2,296.9,103.4,D,0
-14.0674,142.0968,330.8,3.3,1.7,2014-10-25,0128,Terra,MODIS,64,6.2,297.7,103.1,D,0
-13.6447,141.6739,322.3,3,1.7,2014-10-25,0128,Terra,MODIS,60,6.2,296,61.8,D,0
-14.1328,142.1204,328.1,3.3,1.7,2014-10-25,0128,Terra,MODIS,53,6.2,299.4,95.6,D,0
-14.0862,142.1255,339,3.3,1.7,2014-10-25,0128,Terra,MODIS,83,6.2,301,171.2,D,0
-14.091,142.132,328.3,3.3,1.7,2014-10-25,0128,Terra,MODIS,26,6.2,300.4,83.5,D,0
-14.0755,142.1338,334.1,3.3,1.7,2014-10-25,0128,Terra,MODIS,86,6.2,300.6,128.9,D,0
-12.7672,132.978,345.7,1,1,2014-10-25,0128,Terra,MODIS,88,6.2,317.1,31.2,D,0
-14.1138,142.0915,337.8,3.3,1.7,2014-10-25,0128,Terra,MODIS,84,6.2,297.5,175.3,D,0
-12.3334,133.7169,364.4,1,1,2014-10-25,0128,Terra,MODIS,100,6.2,318.2,77.6,D,0
-12.7864,132.2544,393.1,1,1,2014-10-25,0128,Terra,MODIS,100,6.2,321.2,201.2,D,0
-13.6531,141.6168,332.4,3,1.6,2014-10-25,0128,Terra,MODIS,62,6.2,296.8,110.9,D,0
-12.785,132.2449,379,1,1,2014-10-25,0128,Terra,MODIS,100,6.2,315,133.7,D,0
-12.7758,132.2463,344.5,1,1,2014-10-25,0128,Terra,MODIS,88,6.2,313.1,29.4,D,0
-13.0566,131.2439,337.2,1.1,1.1,2014-10-25,0128,Terra,MODIS,62,6.2,311,18,D,0
-12.439,133.3715,352.2,1,1,2014-10-25,0128,Terra,MODIS,94,6.2,313.2,48,D,0
-13.4644,135.798,333.7,1.2,1.1,2014-10-25,0128,Terra,MODIS,86,6.2,310,23.9,D,0
-12.4313,133.382,349.1,1,1,2014-10-25,0128,Terra,MODIS,92,6.2,316.5,40.3,D,0
-12.4652,136.6324,334.3,1.2,1.1,2014-10-25,0128,Terra,MODIS,86,6.2,303.1,30.6,D,0
-14.1758,142.0848,349.2,3.3,1.7,2014-10-25,0128,Terra,MODIS,95,6.2,297.7,306,D,0
-12.4568,136.6451,327.7,1.2,1.1,2014-10-25,0128,Terra,MODIS,37,6.2,304.5,18.5,D,0
-13.055,131.2335,339.8,1.1,1.1,2014-10-25,0128,Terra,MODIS,78,6.2,310.9,22.6,D,0
-13.4056,135.8234,341.4,1.2,1.1,2014-10-25,0128,Terra,MODIS,91,6.2,311.7,34.2,D,0
-14.1638,142.1169,352.6,3.3,1.7,2014-10-25,0128,Terra,MODIS,96,6.2,298.8,339.5,D,0
-14.1673,142.1476,328.4,3.4,1.7,2014-10-25,0128,Terra,MODIS,81,6.2,300.9,88,D,0
-12.4403,133.3806,346.7,1,1,2014-10-25,0128,Terra,MODIS,90,6.2,317.6,34.9,D,0
-13.0534,131.2231,341.5,1.1,1.1,2014-10-25,0128,Terra,MODIS,80,6.2,311.5,26.1,D,0
-14.1483,142.1187,340.4,3.3,1.7,2014-10-25,0128,Terra,MODIS,90,6.2,299.1,202.4,D,0
-12.3671,133.6313,338.6,1,1,2014-10-25,0128,Terra,MODIS,75,6.2,311,22.8,D,0
-14.0188,142.0477,341.4,3.3,1.7,2014-10-25,0128,Terra,MODIS,91,6.2,300.9,200.8,D,0
-14.0221,142.078,327.4,3.3,1.7,2014-10-25,0128,Terra,MODIS,76,6.2,302,85.6,D,0
-14.0544,141.9761,314.7,3.2,1.7,2014-10-25,0128,Terra,MODIS,38,6.2,297.4,31.9,D,0
-14.0616,142.0126,344.7,3.3,1.7,2014-10-25,0128,Terra,MODIS,92,6.2,297.5,240.8,D,0
-14.072,142.1032,338.6,3.3,1.7,2014-10-25,0128,Terra,MODIS,89,6.2,297.9,167.3,D,0
-12.4327,133.3911,337.9,1,1,2014-10-25,0128,Terra,MODIS,80,6.2,316.8,18.5,D,0
-13.3644,134.2864,333,1,1,2014-10-25,0128,Terra,MODIS,64,6.2,312.6,11.3,D,0
-12.9271,136.428,325.3,1.2,1.1,2014-10-25,0128,Terra,MODIS,27,6.2,306.3,11.1,D,0
-12.9794,135.0605,331.8,1.1,1,2014-10-25,0128,Terra,MODIS,56,6.2,310.2,12.9,D,0
-12.3663,136.8039,321.1,1.3,1.1,2014-10-25,0128,Terra,MODIS,73,6.2,302,11.9,D,0
-13.4604,135.7942,333.3,1.2,1.1,2014-10-25,0128,Terra,MODIS,70,6.2,310.9,17.8,D,0
-14.0609,142.0361,334.3,3.3,1.7,2014-10-25,0128,Terra,MODIS,77,6.2,296.7,142.1,D,0
-14.1829,142.146,331,3.4,1.7,2014-10-25,0128,Terra,MODIS,74,6.2,299.4,102.6,D,0
-14.1718,142.0798,338.3,3.3,1.7,2014-10-25,0128,Terra,MODIS,89,6.2,296.4,192.6,D,0
-14.0576,142.0061,348.4,3.3,1.7,2014-10-25,0128,Terra,MODIS,94,6.2,298.6,282.1,D,0
-11.3289,131.1204,331.6,1.2,1.1,2014-10-25,0128,Terra,MODIS,34,6.2,310.5,19.8,D,0
-13.6527,141.6102,332,3,1.6,2014-10-25,0128,Terra,MODIS,69,6.2,296.7,109.7,D,0
-13.7919,142.0541,321.3,3.3,1.7,2014-10-25,0128,Terra,MODIS,53,6.2,291.7,66.9,D,0
-13.3751,134.104,332,1,1,2014-10-25,0128,Terra,MODIS,55,6.2,313.4,10.6,D,0
-12.931,132.7797,347.9,1,1,2014-10-25,0128,Terra,MODIS,91,6.2,313.2,38.1,D,0
-12.792,132.9587,347.1,1,1,2014-10-25,0128,Terra,MODIS,90,6.2,317,35.6,D,0
-12.7762,132.9766,339.8,1,1,2014-10-25,0128,Terra,MODIS,69,6.2,316.7,22.2,D,0
-14.1785,142.1411,325.3,3.4,1.7,2014-10-25,0128,Terra,MODIS,32,6.2,299.5,73.6,D,0
-14.1907,142.1086,321.1,3.3,1.7,2014-10-25,0128,Terra,MODIS,47,6.2,297,61.7,D,0
-12.4493,133.3793,346.7,1,1,2014-10-25,0128,Terra,MODIS,90,6.2,318.4,34.3,D,0
-12.4479,133.3701,361.5,1,1,2014-10-25,0128,Terra,MODIS,100,6.2,315.6,70.4,D,0
-12.3191,133.6818,348.6,1,1,2014-10-25,0128,Terra,MODIS,91,6.2,315.7,40.8,D,0
-13.3481,134.3616,334.7,1,1,2014-10-25,0128,Terra,MODIS,65,6.2,315.6,13.3,D,0
-13.3376,134.3536,340.8,1,1,2014-10-25,0128,Terra,MODIS,84,6.2,316,22.3,D,0
-13.3285,134.3549,342.2,1,1,2014-10-25,0128,Terra,MODIS,86,6.2,313.7,26.1,D,0
-13.3141,134.3189,331.3,1,1,2014-10-25,0128,Terra,MODIS,64,6.2,314.1,10.3,D,0
-14.1441,142.1138,331.3,3.3,1.7,2014-10-25,0128,Terra,MODIS,80,6.2,298.8,126.7,D,0
-12.4529,133.3413,342.6,1,1,2014-10-25,0128,Terra,MODIS,86,6.2,313.7,31.7,D,0
-12.9324,132.789,332.6,1,1,2014-10-25,0128,Terra,MODIS,68,6.2,313.3,11.4,D,0
-13.3554,134.2877,335.4,1,1,2014-10-25,0128,Terra,MODIS,77,6.2,315.7,15.8,D,0
-14.1751,142.1103,347.8,3.3,1.7,2014-10-25,0128,Terra,MODIS,94,6.2,300.1,282.2,D,0
-14.1596,142.112,343.8,3.3,1.7,2014-10-25,0128,Terra,MODIS,92,6.2,296.6,231.3,D,0
-14.1629,142.1427,332.6,3.4,1.7,2014-10-25,0128,Terra,MODIS,68,6.2,301,119.5,D,0
-12.9563,132.8267,336.6,1,1,2014-10-25,0128,Terra,MODIS,61,6.2,315.8,16.1,D,0
-12.9549,132.8174,336.2,1,1,2014-10-25,0128,Terra,MODIS,60,6.2,313.9,16.4,D,0
-12.3204,133.6909,334.7,1,1,2014-10-25,0128,Terra,MODIS,69,6.2,314.1,15.2,D,0
-12.3321,133.7078,354,1,1,2014-10-25,0128,Terra,MODIS,96,6.2,316.2,48.8,D,0
-13.6669,132.4679,339.6,1,1,2014-10-25,0128,Terra,MODIS,80,6.2,314.2,23.7,D,0
-11.2182,132.368,331.3,1.1,1,2014-10-25,0128,Terra,MODIS,0,6.2,312.8,7.8,D,0
-13.9415,135.7875,333.6,1.2,1.1,2014-10-25,0128,Terra,MODIS,54,6.2,312,20.1,D,0
-13.7019,132.5771,335.5,1,1,2014-10-25,0128,Terra,MODIS,41,6.2,318.4,13.1,D,0
-13.1672,133.0651,340.3,1,1,2014-10-25,0128,Terra,MODIS,83,6.2,313.5,26.5,D,0
-13.1685,133.0742,331.3,1,1,2014-10-25,0128,Terra,MODIS,60,6.2,312.9,12.4,D,0
-13.7373,132.6285,346.2,1,1,2014-10-25,0128,Terra,MODIS,88,6.2,315.4,35.9,D,0
-13.6454,132.5095,363.4,1,1,2014-10-25,0128,Terra,MODIS,100,6.2,314.6,77.6,D,0
-14.0301,135.3412,343.4,1.1,1.1,2014-10-25,0128,Terra,MODIS,87,6.2,314.9,34.6,D,0
-13.6929,132.5784,351.5,1,1,2014-10-25,0128,Terra,MODIS,93,6.2,318,43,D,0
-13.6915,132.5692,363.1,1,1,2014-10-25,0128,Terra,MODIS,100,6.2,319,72.7,D,0
-13.6824,132.5705,357.1,1,1,2014-10-25,0128,Terra,MODIS,98,6.2,316.7,57.9,D,0
-13.6692,132.544,345.6,1,1,2014-10-25,0128,Terra,MODIS,87,6.2,313.3,33,D,0
-12.9653,132.8253,392.4,1,1,2014-10-25,0128,Terra,MODIS,100,6.2,322.1,189.6,D,0
-12.9667,132.8345,396.9,1,1,2014-10-25,0128,Terra,MODIS,100,6.2,326,213.4,D,0
-12.9758,132.8331,336.4,1,1,2014-10-25,0128,Terra,MODIS,77,6.2,318.4,13.6,D,0
-12.9771,132.8424,338.9,1,1,2014-10-25,0128,Terra,MODIS,81,6.2,318.5,17.6,D,0
-12.9862,132.841,334.8,1,1,2014-10-25,0128,Terra,MODIS,63,6.2,317.9,11,D,0
-13.0098,132.8754,369.3,1,1,2014-10-25,0128,Terra,MODIS,100,6.2,314.5,93.8,D,0
-13.6678,132.5347,337.1,1,1,2014-10-25,0128,Terra,MODIS,56,6.2,313.7,17,D,0
-12.3525,136.8535,322.5,1.3,1.1,2014-10-25,0128,Terra,MODIS,62,6.2,300.8,15.5,D,0
-12.3424,136.8548,321.1,1.3,1.1,2014-10-25,0128,Terra,MODIS,56,6.2,296.6,13.1,D,0
-14.0395,135.3398,337.1,1.1,1.1,2014-10-25,0128,Terra,MODIS,75,6.2,310.8,24,D,0
-13.956,135.5373,332.8,1.1,1.1,2014-10-25,0128,Terra,MODIS,51,6.2,313.2,15,D,0
-13.6426,132.4908,335.1,1,1,2014-10-25,0128,Terra,MODIS,65,6.2,310.4,17.9,D,0
-12.3226,135.8894,343.3,1.1,1.1,2014-10-25,0128,Terra,MODIS,89,6.2,310,36.7,D,0
-14.2076,135.7205,329.3,1.2,1.1,2014-10-25,0128,Terra,MODIS,68,6.2,309.8,14.3,D,0
-13.0475,132.8821,341.7,1,1,2014-10-25,0128,Terra,MODIS,84,6.2,313,28.7,D,0
-13.9656,135.5359,361,1.1,1.1,2014-10-25,0128,Terra,MODIS,100,6.2,313,82.6,D,0
-12.3131,135.8907,343.8,1.1,1.1,2014-10-25,0128,Terra,MODIS,89,6.2,310.8,39.4,D,0
-13.002,133.1308,341.4,1,1,2014-10-25,0128,Terra,MODIS,84,6.2,313.9,26.3,D,0
-13.644,132.5002,377.3,1,1,2014-10-25,0128,Terra,MODIS,100,6.2,316,126.4,D,0
-12.9916,133.123,334.2,1,1,2014-10-25,0128,Terra,MODIS,73,6.2,313.1,16.1,D,0
-12.3145,135.9011,331.1,1.1,1.1,2014-10-25,0128,Terra,MODIS,44,6.2,308.8,14.9,D,0
-13.6864,132.4744,333,1,1,2014-10-25,0128,Terra,MODIS,58,6.2,316.2,11.5,D,0
-13.0006,133.1216,345.4,1,1,2014-10-25,0128,Terra,MODIS,88,6.2,315.3,33.8,D,0
-13.0112,132.8847,363,1,1,2014-10-25,0128,Terra,MODIS,100,6.2,317.9,76,D,0
-13.6774,132.4758,336,1,1,2014-10-25,0128,Terra,MODIS,58,6.2,314,15.8,D,0
-13.676,132.4665,346.1,1,1,2014-10-25,0128,Terra,MODIS,88,6.2,316.3,34.4,D,0
-14.2062,135.7098,337.9,1.2,1.1,2014-10-25,0128,Terra,MODIS,83,6.2,309.9,29.5,D,0
-13.1422,133.0842,342.4,1,1,2014-10-25,0128,Terra,MODIS,85,6.2,314.2,30,D,0
-14.0221,135.3528,342.7,1.1,1.1,2014-10-25,0128,Terra,MODIS,87,6.2,314.3,32.6,D,0
-13.0202,132.8833,336.1,1,1,2014-10-25,0128,Terra,MODIS,63,6.2,317.3,18,D,0
-13.0215,132.8925,331.7,1,1,2014-10-25,0128,Terra,MODIS,38,6.2,313.9,11.5,D,0
-13.0306,132.8911,338.2,1,1,2014-10-25,0128,Terra,MODIS,71,6.2,314.8,20.1,D,0
-13.6621,130.3985,332.6,1.2,1.1,2014-10-25,0128,Terra,MODIS,40,6.2,310,21.3,D,0
-11.4638,130.6135,338.9,1.3,1.1,2014-10-25,0128,Terra,MODIS,80,6.2,308.5,37.6,D,0
-15.2689,142.4463,323.3,3.7,1.8,2014-10-25,0128,Terra,MODIS,26,6.2,303.2,55.2,D,0
-15.0977,142.6855,343,3.8,1.8,2014-10-25,0128,Terra,MODIS,92,6.2,302.8,246.9,D,0
-13.6171,141.5588,333.3,3,1.6,2014-10-25,0128,Terra,MODIS,85,6.2,293.4,114.2,D,0
-15.0813,142.6873,324.2,3.8,1.8,2014-10-25,0128,Terra,MODIS,77,6.2,304.1,62,D,0
-12.4306,131.802,332.2,1.1,1,2014-10-25,0128,Terra,MODIS,40,6.2,313.6,10.3,D,0
-12.4647,131.8372,339.1,1.1,1,2014-10-25,0128,Terra,MODIS,81,6.2,313.8,20.7,D,0
-14.1221,142.3109,332,3.4,1.7,2014-10-25,0128,Terra,MODIS,84,6.2,294.2,127.7,D,0
-15.2605,142.4416,324.6,3.7,1.8,2014-10-25,0128,Terra,MODIS,40,6.2,303.4,62.6,D,0
-12.6346,134.3291,339.8,1,1,2014-10-25,0128,Terra,MODIS,84,6.2,314,23.9,D,0
-12.797,132.2625,351.4,1,1,2014-10-25,0128,Terra,MODIS,94,6.2,317.5,40.7,D,0
-12.6775,134.3702,341.6,1,1,2014-10-25,0128,Terra,MODIS,86,6.2,316.6,29,D,0
-12.7956,132.253,342.2,1,1,2014-10-25,0128,Terra,MODIS,68,6.2,314,23.1,D,0
-15.0912,142.7169,323.4,3.8,1.8,2014-10-25,0128,Terra,MODIS,64,6.2,302.7,62.2,D,0
-12.636,134.3384,341.4,1,1,2014-10-25,0128,Terra,MODIS,86,6.2,315.9,27,D,0
-12.4438,142.8822,311,3.6,1.8,2014-10-25,0128,Terra,MODIS,28,6.2,291.9,38.2,D,0
-15.0877,142.6817,340.7,3.8,1.8,2014-10-25,0128,Terra,MODIS,90,6.2,304.7,218.5,D,0
-12.9598,133.0963,338,1,1,2014-10-25,0128,Terra,MODIS,80,6.2,313.7,22.6,D,0
-12.6475,136.1045,330.1,1.2,1.1,2014-10-25,0128,Terra,MODIS,49,6.2,308.6,18.9,D,0
-15.2652,142.4125,324.6,3.6,1.8,2014-10-25,0128,Terra,MODIS,50,6.2,303.2,59.8,D,0
-13.9784,135.5277,349.1,1.1,1.1,2014-10-25,0128,Terra,MODIS,92,6.2,312.4,52.9,D,0
-13.9865,135.5159,366.2,1.1,1.1,2014-10-25,0128,Terra,MODIS,100,6.2,312.3,106.2,D,0
-12.436,142.8772,312.3,3.6,1.8,2014-10-25,0128,Terra,MODIS,40,6.2,291,47.6,D,0
-13.6171,141.5654,338.4,3,1.6,2014-10-25,0128,Terra,MODIS,89,6.2,293.7,151.1,D,0
-15.3394,142.2644,327.7,3.6,1.8,2014-10-25,0129,Terra,MODIS,75,6.2,305.2,78.1,D,0
-15.3323,142.199,323.9,3.5,1.8,2014-10-25,0129,Terra,MODIS,76,6.2,304.3,51.2,D,0
-15.3359,142.2316,320.6,3.5,1.8,2014-10-25,0129,Terra,MODIS,49,6.2,303.6,29.5,D,0
-15.3322,142.2583,329.7,3.6,1.8,2014-10-25,0129,Terra,MODIS,82,6.2,305.6,93.6,D,0
-15.3256,142.1929,322.7,3.5,1.8,2014-10-25,0129,Terra,MODIS,69,6.2,306.3,43.3,D,0
-15.3289,142.2255,323.1,3.5,1.8,2014-10-25,0129,Terra,MODIS,68,6.2,304.6,44.1,D,0
-15.2985,142.3357,328.5,3.6,1.8,2014-10-25,0129,Terra,MODIS,81,6.2,305.3,87.7,D,0
-15.302,142.3691,335.2,3.6,1.8,2014-10-25,0129,Terra,MODIS,87,6.2,304.5,150.9,D,0
-15.8289,125.9371,330.7,2.3,1.5,2014-10-25,0129,Terra,MODIS,54,6.2,309.2,38.4,D,0
-14.4839,131.2496,346.1,1.1,1,2014-10-25,0129,Terra,MODIS,90,6.2,307.9,45,D,0
-14.4746,131.2511,344.3,1.1,1,2014-10-25,0129,Terra,MODIS,88,6.2,307.8,40.4,D,0
-14.4668,131.2626,353.5,1.1,1,2014-10-25,0129,Terra,MODIS,95,6.2,306,59.3,D,0
-14.4652,131.2526,328.2,1.1,1,2014-10-25,0129,Terra,MODIS,35,6.2,304.9,10,D,0
-14.4574,131.2642,329.6,1.1,1,2014-10-25,0129,Terra,MODIS,63,6.2,304.8,11.8,D,0
-14.4149,127.2579,323.9,2,1.4,2014-10-25,0129,Terra,MODIS,49,6.2,301.9,21.7,D,0
-14.7202,127.3241,326.7,1.9,1.3,2014-10-25,0129,Terra,MODIS,54,6.2,300.5,24.7,D,0
-14.3874,131.4049,343.7,1.1,1,2014-10-25,0129,Terra,MODIS,69,6.2,314.2,29.7,D,0
-14.389,131.4149,358.7,1.1,1,2014-10-25,0129,Terra,MODIS,99,6.2,314.5,68.1,D,0
-14.392,131.3736,359.1,1.1,1,2014-10-25,0129,Terra,MODIS,99,6.2,310.1,75.5,D,0
-16.9863,130.285,335.6,1.1,1.1,2014-10-25,0129,Terra,MODIS,68,6.2,315.2,17.4,D,0
-14.9754,126.5421,327.3,2.2,1.4,2014-10-25,0129,Terra,MODIS,53,6.2,301.3,35.2,D,0
-14.7353,127.3391,323.2,1.9,1.3,2014-10-25,0129,Terra,MODIS,34,6.2,300.2,15.5,D,0
-14.9604,126.5312,324.6,2.2,1.4,2014-10-25,0129,Terra,MODIS,37,6.2,300.6,26.1,D,0
-15.3169,125.4569,331.1,2.6,1.5,2014-10-25,0129,Terra,MODIS,71,6.2,302.6,66.1,D,0
-15.3118,125.465,324.6,2.6,1.5,2014-10-25,0129,Terra,MODIS,28,6.2,301.1,35.2,D,0
-14.3604,131.3948,355.4,1.1,1,2014-10-25,0129,Terra,MODIS,97,6.2,313.6,57.2,D,0
-14.3713,131.4033,342.8,1.1,1,2014-10-25,0129,Terra,MODIS,86,6.2,314,27.8,D,0
-14.3728,131.4133,342.4,1.1,1,2014-10-25,0129,Terra,MODIS,86,6.2,313,28.8,D,0
-14.3821,131.4118,346.7,1.1,1,2014-10-25,0129,Terra,MODIS,90,6.2,313,35.8,D,0
-14.3827,131.3751,340.6,1.1,1,2014-10-25,0129,Terra,MODIS,84,6.2,308.7,32.7,D,0
-14.3843,131.385,387.7,1.1,1,2014-10-25,0129,Terra,MODIS,100,6.2,320.2,190.4,D,0
-14.3858,131.395,344.6,1.1,1,2014-10-25,0129,Terra,MODIS,84,6.2,315.4,33.9,D,0
-15.8366,126.1296,332.5,2.2,1.4,2014-10-25,0129,Terra,MODIS,56,6.2,310.4,46.4,D,0
-14.3743,131.0762,356.7,1.1,1.1,2014-10-25,0129,Terra,MODIS,98,6.2,310,68,D,0
-14.3837,131.0747,369.8,1.1,1.1,2014-10-25,0129,Terra,MODIS,100,6.2,307.1,116.4,D,0
-14.3885,131.1053,354.3,1.1,1.1,2014-10-25,0129,Terra,MODIS,96,6.2,311.7,58.3,D,0
-14.3932,131.0732,353.5,1.1,1.1,2014-10-25,0129,Terra,MODIS,95,6.2,301.8,65.2,D,0
-14.3979,131.1039,398.6,1.1,1.1,2014-10-25,0129,Terra,MODIS,100,6.2,314.5,262.5,D,0
-14.4074,131.1024,340.7,1.1,1.1,2014-10-25,0129,Terra,MODIS,69,6.2,305.8,30.7,D,0
-14.4168,131.1008,337.3,1.1,1.1,2014-10-25,0129,Terra,MODIS,80,6.2,305.4,27.5,D,0
-16.9181,130.4958,331.4,1.1,1.1,2014-10-25,0129,Terra,MODIS,47,6.2,312.4,8.8,D,0
-16.9275,130.4942,338.6,1.1,1.1,2014-10-25,0129,Terra,MODIS,78,6.2,314.2,20.6,D,0
-16.4943,127.4891,336.8,1.7,1.3,2014-10-25,0129,Terra,MODIS,79,6.2,311,37.6,D,0
-16.497,127.5049,333.6,1.7,1.3,2014-10-25,0129,Terra,MODIS,70,6.2,311,28.4,D,0
-14.9846,126.5196,322,2.2,1.4,2014-10-25,0129,Terra,MODIS,18,6.2,298.4,19.1,D,0
-14.9882,126.5397,323.2,2.2,1.4,2014-10-25,0129,Terra,MODIS,42,6.2,299.8,23.1,D,0
-14.9932,135.21,338.1,1.1,1.1,2014-10-25,0129,Terra,MODIS,66,6.2,311.2,25.7,D,0
-14.9871,135.3065,341.5,1.1,1.1,2014-10-25,0129,Terra,MODIS,84,6.2,311.9,33.9,D,0
-14.9823,135.2009,331.5,1.1,1.1,2014-10-25,0129,Terra,MODIS,32,6.2,314.8,13.4,D,0
-17.0372,142.6078,327,4,1.9,2014-10-25,0129,Terra,MODIS,60,6.2,309.8,78.8,D,0
-14.9837,135.2113,332.2,1.1,1.1,2014-10-25,0129,Terra,MODIS,50,6.2,311.9,15.9,D,0
-16.9633,138.989,332.7,2.1,1.4,2014-10-25,0129,Terra,MODIS,68,6.2,309.1,46.5,D,0
-16.976,138.9875,326.4,2.1,1.4,2014-10-25,0129,Terra,MODIS,41,6.2,308.8,23,D,0
-16.9632,138.9825,328.1,2.1,1.4,2014-10-25,0129,Terra,MODIS,47,6.2,308.9,27.9,D,0
-16.9654,139.0022,328.4,2.1,1.4,2014-10-25,0129,Terra,MODIS,29,6.2,309.5,27.1,D,0
-17.08,138.9824,322.7,2.1,1.4,2014-10-25,0129,Terra,MODIS,34,6.2,307.8,18.6,D,0
-16.3846,141.5004,337.6,3.2,1.7,2014-10-25,0129,Terra,MODIS,63,6.2,307.4,139.6,D,0
-15.5441,125.966,336.2,2.3,1.5,2014-10-25,0129,Terra,MODIS,80,6.2,308,66.2,D,0
-15.548,125.9876,328.2,2.3,1.5,2014-10-25,0129,Terra,MODIS,51,6.2,307.3,24.3,D,0
-16.0868,126.049,329.3,2.2,1.4,2014-10-25,0129,Terra,MODIS,63,6.2,306.4,34.8,D,0
-16.0973,126.0407,329,2.2,1.4,2014-10-25,0129,Terra,MODIS,45,6.2,306.8,31.5,D,0
-16.1233,126.0364,333.3,2.2,1.4,2014-10-25,0129,Terra,MODIS,75,6.2,308.5,49,D,0
-16.1362,126.0337,330.2,2.2,1.4,2014-10-25,0129,Terra,MODIS,67,6.2,308.4,36.9,D,0
-15.5208,133.8665,331.3,1,1,2014-10-25,0129,Terra,MODIS,53,6.2,317.2,5.8,D,0
-15.6827,126.15,327.9,2.2,1.4,2014-10-25,0129,Terra,MODIS,41,6.2,306.5,25.3,D,0
-15.7215,126.1429,334.6,2.2,1.4,2014-10-25,0129,Terra,MODIS,77,6.2,308.1,47.7,D,0
-15.7251,126.1635,345.3,2.2,1.4,2014-10-25,0129,Terra,MODIS,89,6.2,309.7,107.8,D,0
-15.7229,126.1579,341,2.2,1.4,2014-10-25,0129,Terra,MODIS,85,6.2,309.1,84,D,0
-15.7358,126.1555,332,2.2,1.4,2014-10-25,0129,Terra,MODIS,64,6.2,310.2,40.1,D,0
-15.7636,126.0866,332.3,2.3,1.5,2014-10-25,0129,Terra,MODIS,67,6.2,308.4,43.4,D,0
-16.3695,131.3367,360.4,1.1,1,2014-10-25,0129,Terra,MODIS,100,6.2,313.8,67.6,D,0
-16.371,131.3465,342.8,1,1,2014-10-25,0129,Terra,MODIS,85,6.2,314.1,26.9,D,0
-15.6816,126.3662,327.5,2.2,1.4,2014-10-25,0129,Terra,MODIS,34,6.2,307.3,22.8,D,0
-15.684,126.3792,329.8,2.1,1.4,2014-10-25,0129,Terra,MODIS,67,6.2,307.3,33.3,D,0
-15.6896,126.3371,329.9,2.2,1.4,2014-10-25,0129,Terra,MODIS,37,6.2,309.8,25,D,0
-15.6931,126.357,337.1,2.2,1.4,2014-10-25,0129,Terra,MODIS,81,6.2,309,59.4,D,0
-15.7266,126.1782,333.7,2.2,1.4,2014-10-25,0129,Terra,MODIS,49,6.2,308.9,48.7,D,0
-15.7395,126.1759,328.9,2.2,1.4,2014-10-25,0129,Terra,MODIS,32,6.2,308.5,29.6,D,0
-15.685,126.3859,326,2.1,1.4,2014-10-25,0129,Terra,MODIS,43,6.2,307.1,20.2,D,0
-15.6936,126.2115,334.1,2.2,1.4,2014-10-25,0129,Terra,MODIS,76,6.2,308.9,49.8,D,0
-15.7785,126.0188,360.7,2.3,1.5,2014-10-25,0129,Terra,MODIS,100,6.2,309.3,237.9,D,0
-15.7916,126.0165,343.9,2.3,1.5,2014-10-25,0129,Terra,MODIS,88,6.2,309.8,110.6,D,0
-15.8009,125.9929,337.6,2.3,1.5,2014-10-25,0129,Terra,MODIS,72,6.2,309.2,75.6,D,0
-15.7749,126.0128,348,2.3,1.5,2014-10-25,0129,Terra,MODIS,92,6.2,306.8,141.1,D,0
-15.7788,126.0337,336.5,2.3,1.5,2014-10-25,0129,Terra,MODIS,80,6.2,309.3,70.9,D,0
-15.788,126.0104,342.3,2.3,1.5,2014-10-25,0129,Terra,MODIS,87,6.2,308.7,101.9,D,0
-15.7919,126.0314,332.1,2.3,1.5,2014-10-25,0129,Terra,MODIS,63,6.2,309.5,47.5,D,0
-15.7972,125.9868,335.3,2.3,1.5,2014-10-25,0129,Terra,MODIS,58,6.2,308,64.3,D,0
-15.8011,126.008,330.3,2.3,1.5,2014-10-25,0129,Terra,MODIS,43,6.2,309.9,39.2,D,0
-17.078,132.8656,345.4,1,1,2014-10-25,0129,Terra,MODIS,72,6.2,320.5,26,D,0
-16.8214,130.7457,354.5,1.1,1,2014-10-25,0129,Terra,MODIS,96,6.2,311.6,58.6,D,0
-16.8229,130.7558,350.1,1.1,1,2014-10-25,0129,Terra,MODIS,92,6.2,311.3,48.8,D,0
-17.0039,130.7338,331.6,1.1,1,2014-10-25,0129,Terra,MODIS,46,6.2,313.6,10.2,D,0
-16.9447,130.7607,333.3,1.1,1,2014-10-25,0129,Terra,MODIS,36,6.2,312.6,12.9,D,0
-16.954,130.7591,376.6,1.1,1,2014-10-25,0129,Terra,MODIS,100,6.2,312.8,133.7,D,0
-16.9556,130.7693,352.1,1.1,1,2014-10-25,0129,Terra,MODIS,94,6.2,309.9,51.8,D,0
-15.5107,133.9261,340,1,1,2014-10-25,0129,Terra,MODIS,65,6.2,320.1,19.1,D,0
-15.6449,133.6429,338.6,1,1,2014-10-25,0129,Terra,MODIS,66,6.2,320.7,14.6,D,0
-15.332,135.2865,344.7,1.1,1.1,2014-10-25,0129,Terra,MODIS,88,6.2,314.7,38.1,D,0
-16.1335,134.2994,346.8,1.1,1,2014-10-25,0129,Terra,MODIS,89,6.2,321.7,31.3,D,0
-16.1256,134.3106,338.6,1.1,1,2014-10-25,0129,Terra,MODIS,40,6.2,321.3,17.1,D,0
-16.394,141.591,334.5,3.3,1.7,2014-10-25,0129,Terra,MODIS,58,6.2,312.2,91.4,D,0
-15.8724,133.8183,342,1,1,2014-10-25,0129,Terra,MODIS,74,6.2,320.8,20.3,D,0
-15.8856,133.8454,353.1,1,1,2014-10-25,0129,Terra,MODIS,87,6.2,322.3,42.6,D,0
-15.8842,133.8359,361.8,1,1,2014-10-25,0129,Terra,MODIS,100,6.2,324,65.5,D,0
-15.5744,133.9166,338.3,1,1,2014-10-25,0129,Terra,MODIS,78,6.2,316.4,19.7,D,0
-15.7623,133.8213,345.2,1,1,2014-10-25,0129,Terra,MODIS,78,6.2,319.7,29.7,D,0
-15.725,133.8139,342.8,1,1,2014-10-25,0129,Terra,MODIS,53,6.2,320.5,19.7,D,0
-16.0037,133.705,337.9,1,1,2014-10-25,0129,Terra,MODIS,37,6.2,321.5,14,D,0
-15.5653,133.918,346.1,1,1,2014-10-25,0129,Terra,MODIS,88,6.2,320.1,33.2,D,0
-15.6638,133.7747,341.3,1,1,2014-10-25,0129,Terra,MODIS,76,6.2,320.6,19,D,0
-15.2959,133.8992,334.7,1,1,2014-10-25,0129,Terra,MODIS,56,6.2,317.2,12.5,D,0
-15.3357,133.8583,331.6,1,1,2014-10-25,0129,Terra,MODIS,57,6.2,314.7,9.8,D,0
-15.6742,133.7828,337.6,1,1,2014-10-25,0129,Terra,MODIS,50,6.2,321.9,13.5,D,0
-15.6253,133.6326,340.8,1,1,2014-10-25,0129,Terra,MODIS,73,6.2,320.4,18.6,D,0
-16.0155,133.7226,337.2,1,1,2014-10-25,0129,Terra,MODIS,24,6.2,323.1,10.8,D,0
-14.4324,131.3875,337.9,1.1,1,2014-10-25,0129,Terra,MODIS,55,6.2,313.4,17.5,D,0
-16.2945,131.3254,339,1.1,1,2014-10-25,0129,Terra,MODIS,46,6.2,313.3,20.8,D,0
-16.296,131.3352,343.6,1.1,1,2014-10-25,0129,Terra,MODIS,80,6.2,314.3,30,D,0
-16.2975,131.345,349.2,1.1,1,2014-10-25,0129,Terra,MODIS,91,6.2,315,41.9,D,0
-16.299,131.3548,346.9,1.1,1,2014-10-25,0129,Terra,MODIS,89,6.2,313.4,37.2,D,0
-16.3082,131.3532,338.5,1.1,1,2014-10-25,0129,Terra,MODIS,62,6.2,314.3,18.8,D,0
-16.3159,131.3554,344.3,1,1,2014-10-25,0129,Terra,MODIS,83,6.2,314.4,27.8,D,0
-16.3251,131.3539,337.8,1,1,2014-10-25,0129,Terra,MODIS,53,6.2,315.1,16.3,D,0
-16.3343,131.3524,336.1,1,1,2014-10-25,0129,Terra,MODIS,29,6.2,316.3,13,D,0
-16.3435,131.3509,340.8,1,1,2014-10-25,0129,Terra,MODIS,71,6.2,316.2,20.2,D,0
-16.3527,131.3495,351.3,1,1,2014-10-25,0129,Terra,MODIS,93,6.2,315.7,42.5,D,0
-16.3603,131.3382,342.4,1.1,1,2014-10-25,0129,Terra,MODIS,84,6.2,313.5,23.6,D,0
-16.3618,131.348,350.5,1,1,2014-10-25,0129,Terra,MODIS,92,6.2,314.9,42.1,D,0
-14.3726,131.0657,370,1.1,1.1,2014-10-25,0129,Terra,MODIS,100,6.2,308.4,115.1,D,0
-14.3821,131.0643,378,1.1,1.1,2014-10-25,0129,Terra,MODIS,100,6.2,309.1,152.5,D,0
-14.3916,131.0629,337.6,1.1,1.1,2014-10-25,0129,Terra,MODIS,81,6.2,302.6,30.2,D,0
-14.3936,131.3836,380,1.1,1,2014-10-25,0129,Terra,MODIS,100,6.2,319.5,151.3,D,0
-14.3952,131.3935,353.1,1.1,1,2014-10-25,0129,Terra,MODIS,95,6.2,316.5,54.3,D,0
-14.4029,131.3821,342.8,1.1,1,2014-10-25,0129,Terra,MODIS,73,6.2,310.2,30.1,D,0
-14.4045,131.3921,365.6,1.1,1,2014-10-25,0129,Terra,MODIS,100,6.2,313.8,86.5,D,0
-14.406,131.402,337.3,1.1,1,2014-10-25,0129,Terra,MODIS,48,6.2,312.8,12.4,D,0
-14.4153,131.4005,340,1.1,1,2014-10-25,0129,Terra,MODIS,72,6.2,312.7,16.8,D,0
-14.4169,131.4104,341.7,1.1,1,2014-10-25,0129,Terra,MODIS,82,6.2,313.9,21.6,D,0
-14.4309,131.3775,335,1.1,1,2014-10-25,0129,Terra,MODIS,58,6.2,310.9,14.5,D,0
-14.4355,131.4074,340,1.1,1,2014-10-25,0129,Terra,MODIS,65,6.2,313,19.1,D,0
-14.4417,131.386,352.5,1.1,1,2014-10-25,0129,Terra,MODIS,95,6.2,313.3,48.5,D,0
-14.4526,131.3944,348.1,1.1,1,2014-10-25,0129,Terra,MODIS,91,6.2,312.9,40.6,D,0
-14.3995,131.1141,362,1.1,1.1,2014-10-25,0129,Terra,MODIS,100,6.2,313.7,82.5,D,0
-14.3888,131.2302,332.7,1.1,1,2014-10-25,0129,Terra,MODIS,72,6.2,308.3,15.3,D,0
-14.3903,131.2403,341.7,1.1,1,2014-10-25,0129,Terra,MODIS,85,6.2,309.1,31.4,D,0
-14.4605,131.2226,329.7,1.1,1,2014-10-25,0129,Terra,MODIS,33,6.2,305.4,15.3,D,0
-14.473,131.2411,348.7,1.1,1,2014-10-25,0129,Terra,MODIS,92,6.2,305.9,51,D,0
-14.4824,131.2395,333.3,1.1,1,2014-10-25,0129,Terra,MODIS,74,6.2,305.5,21.2,D,0
-14.3214,131.0799,343.2,1.1,1.1,2014-10-25,0129,Terra,MODIS,87,6.2,310.3,33.2,D,0
-14.323,131.0901,334.6,1.1,1.1,2014-10-25,0129,Terra,MODIS,42,6.2,310.7,14.7,D,0
-14.1294,131.2174,345.9,1.1,1,2014-10-25,0129,Terra,MODIS,89,6.2,307.7,41.1,D,0
-14.1404,131.226,358.9,1.1,1,2014-10-25,0129,Terra,MODIS,99,6.2,310.5,73.5,D,0
-14.1498,131.2245,374.2,1.1,1,2014-10-25,0129,Terra,MODIS,100,6.2,308.8,128,D,0
-14.167,131.2113,333.7,1.1,1,2014-10-25,0129,Terra,MODIS,69,6.2,307.9,16.7,D,0
-14.1373,131.268,330.3,1.1,1,2014-10-25,0129,Terra,MODIS,42,6.2,308.5,10.8,D,0
-14.1419,131.2361,337.4,1.1,1,2014-10-25,0129,Terra,MODIS,79,6.2,311.2,21.8,D,0
-14.1514,131.2346,385,1.1,1,2014-10-25,0129,Terra,MODIS,100,6.2,311.3,179,D,0
-14.1529,131.2448,330.1,1.1,1,2014-10-25,0129,Terra,MODIS,42,6.2,305.2,10,D,0
-14.1982,131.2522,332.2,1.1,1,2014-10-25,0129,Terra,MODIS,43,6.2,306,15.1,D,0
-14.1998,131.2623,332.2,1.1,1,2014-10-25,0129,Terra,MODIS,46,6.2,307.7,15,D,0
-14.4666,131.3616,335.5,1.1,1,2014-10-25,0129,Terra,MODIS,71,6.2,309.8,16.4,D,0
-14.4732,131.3642,333.7,1.1,1,2014-10-25,0129,Terra,MODIS,62,6.2,309.6,14.2,D,0
-14.4716,131.3543,334.7,1.1,1,2014-10-25,0129,Terra,MODIS,56,6.2,311.1,16.8,D,0
-14.4794,131.3428,338,1.1,1,2014-10-25,0129,Terra,MODIS,74,6.2,311.7,22.9,D,0
-14.4887,131.3413,355.3,1.1,1,2014-10-25,0129,Terra,MODIS,97,6.2,312.1,59.4,D,0
-14.4638,131.3044,340.6,1.1,1,2014-10-25,0129,Terra,MODIS,84,6.2,307.2,31.5,D,0
-14.4684,131.2727,331.1,1.1,1,2014-10-25,0129,Terra,MODIS,66,6.2,304.8,13.7,D,0
-14.4715,131.2928,330.4,1.1,1,2014-10-25,0129,Terra,MODIS,67,6.2,305.8,13.9,D,0
-14.4731,131.3029,330.6,1.1,1,2014-10-25,0129,Terra,MODIS,52,6.2,305.8,13.8,D,0
-14.4778,131.3328,348.5,1.1,1,2014-10-25,0129,Terra,MODIS,92,6.2,312.3,45.3,D,0
-14.4871,131.3313,370.4,1.1,1,2014-10-25,0129,Terra,MODIS,100,6.2,310.7,109.3,D,0
-14.2155,131.3012,334.6,1.1,1,2014-10-25,0129,Terra,MODIS,69,6.2,311.1,17.6,D,0
-14.228,131.3199,336.3,1.1,1,2014-10-25,0129,Terra,MODIS,52,6.2,312,20,D,0
-14.2405,131.3385,334.7,1.1,1,2014-10-25,0129,Terra,MODIS,29,6.2,310.8,16.5,D,0
-14.2514,131.347,333.5,1.1,1,2014-10-25,0129,Terra,MODIS,38,6.2,309.8,13.3,D,0
-14.1153,131.2508,346.1,1.1,1,2014-10-25,0129,Terra,MODIS,89,6.2,307.3,41,D,0
-14.1169,131.2609,358.2,1.1,1,2014-10-25,0129,Terra,MODIS,98,6.2,310.8,72.8,D,0
-14.1185,131.271,332,1.1,1,2014-10-25,0129,Terra,MODIS,57,6.2,309.1,15.5,D,0
-14.1279,131.2695,335.5,1.1,1,2014-10-25,0129,Terra,MODIS,76,6.2,309.1,19.7,D,0
-14.4325,131.2646,327.6,1.1,1,2014-10-25,0129,Terra,MODIS,55,6.2,308.1,9.2,D,0
-14.409,131.1126,373.9,1.1,1.1,2014-10-25,0129,Terra,MODIS,100,6.2,313.8,129.8,D,0
-14.4184,131.111,379,1.1,1.1,2014-10-25,0129,Terra,MODIS,100,6.2,310.7,154.8,D,0
-14.42,131.1212,333.3,1.1,1.1,2014-10-25,0129,Terra,MODIS,66,6.2,308.9,17.7,D,0
-14.2998,131.3739,333.1,1.1,1,2014-10-25,0129,Terra,MODIS,58,6.2,311.2,13.4,D,0
-14.32,131.3809,342.9,1.1,1,2014-10-25,0129,Terra,MODIS,81,6.2,313,27.9,D,0
-14.3216,131.3908,360.3,1.1,1,2014-10-25,0129,Terra,MODIS,100,6.2,314.3,72.6,D,0
-14.3325,131.3993,337,1.1,1,2014-10-25,0129,Terra,MODIS,54,6.2,314.1,18.3,D,0
-14.0727,129.7646,324.3,1.3,1.1,2014-10-25,0129,Terra,MODIS,47,6.2,302.6,17.2,D,0
-17.3571,130.4502,359.1,1.1,1,2014-10-25,0129,Terra,MODIS,99,6.2,318,67.9,D,0
-17.3494,130.4622,356.9,1.1,1,2014-10-25,0129,Terra,MODIS,97,6.2,318.7,62.2,D,0
-17.3588,130.4606,342.5,1.1,1,2014-10-25,0129,Terra,MODIS,60,6.2,315.3,26.9,D,0
-17.3724,130.4522,336,1.1,1,2014-10-25,0129,Terra,MODIS,72,6.2,317.1,16.6,D,0
-17.3666,130.4486,338.6,1.1,1,2014-10-25,0129,Terra,MODIS,68,6.2,314.2,19.9,D,0
-19.8011,123.1953,336.1,3,1.7,2014-10-25,0130,Terra,MODIS,64,6.2,309.9,88.4,D,0
-17.7336,125.689,336.4,2.2,1.4,2014-10-25,0130,Terra,MODIS,75,6.2,310.3,54.4,D,0
-19.7997,123.1896,337.2,3,1.7,2014-10-25,0130,Terra,MODIS,68,6.2,309.4,97.5,D,0
-20.0617,128.5909,338.8,1.3,1.1,2014-10-25,0130,Terra,MODIS,49,6.2,319.7,20,D,0
-20.0697,128.577,373.7,1.3,1.1,2014-10-25,0130,Terra,MODIS,100,6.2,325.2,144,D,0
-20.0797,128.5751,364,1.3,1.1,2014-10-25,0130,Terra,MODIS,100,6.2,319.2,99.8,D,0
-19.961,128.6648,336.1,1.3,1.1,2014-10-25,0130,Terra,MODIS,28,6.2,319.1,16.5,D,0
-20.0351,128.3691,339.6,1.3,1.1,2014-10-25,0130,Terra,MODIS,79,6.2,321,25.2,D,0
-19.1546,131.8432,361.4,1,1,2014-10-25,0130,Terra,MODIS,100,6.2,317.3,68.2,D,0
-17.2843,124.6407,334.1,2.7,1.6,2014-10-25,0130,Terra,MODIS,75,6.2,304.3,69.2,D,0
-18.871,131.3038,335.8,1,1,2014-10-25,0130,Terra,MODIS,72,6.2,319.6,12.8,D,0
-17.2891,124.6655,354.5,2.7,1.6,2014-10-25,0130,Terra,MODIS,96,6.2,305.6,233.1,D,0
-17.2983,124.6378,350.1,2.7,1.6,2014-10-25,0130,Terra,MODIS,93,6.2,305.9,189.1,D,0
-17.3031,124.6627,362.7,2.7,1.6,2014-10-25,0130,Terra,MODIS,100,6.2,307,323.5,D,0
-17.3078,124.6875,328.2,2.7,1.6,2014-10-25,0130,Terra,MODIS,63,6.2,304.4,44.6,D,0
-18.3865,130.3279,342.9,1.1,1,2014-10-25,0130,Terra,MODIS,81,6.2,320.9,23,D,0
-19.1249,131.7672,337.3,1,1,2014-10-25,0130,Terra,MODIS,69,6.2,317.4,15.2,D,0
-19.165,131.8512,337,1,1,2014-10-25,0130,Terra,MODIS,57,6.2,316.9,16.5,D,0
-18.3975,130.3365,336.7,1.1,1,2014-10-25,0130,Terra,MODIS,54,6.2,320.3,12.9,D,0
-19.1886,131.8861,337.3,1,1,2014-10-25,0130,Terra,MODIS,69,6.2,316.7,17.2,D,0
-19.9685,127.9735,333.3,1.4,1.2,2014-10-25,0130,Terra,MODIS,55,6.2,317.7,14.2,D,0
-18.3881,130.3381,348.6,1.1,1,2014-10-25,0130,Terra,MODIS,90,6.2,318.9,36.7,D,0
-18.3959,130.3262,335.9,1.1,1,2014-10-25,0130,Terra,MODIS,60,6.2,320.4,10.3,D,0
-19.0724,132.0335,355,1,1,2014-10-25,0130,Terra,MODIS,96,6.2,320.1,51.1,D,0
-19.1536,130.9241,332.9,1,1,2014-10-25,0130,Terra,MODIS,63,6.2,318.3,10.6,D,0
-19.0738,132.0429,335.9,1,1,2014-10-25,0130,Terra,MODIS,69,6.2,318.4,13.8,D,0
-19.0772,132.0037,350.4,1,1,2014-10-25,0130,Terra,MODIS,92,6.2,317.3,39.2,D,0
-19.0454,132.0378,349.5,1,1,2014-10-25,0130,Terra,MODIS,91,6.2,317.6,37,D,0
-19.1976,131.8847,340.8,1,1,2014-10-25,0130,Terra,MODIS,81,6.2,316.9,25.2,D,0
-19.199,131.8941,345.6,1,1,2014-10-25,0130,Terra,MODIS,87,6.2,316.3,34,D,0
-19.2066,131.8832,333.6,1,1,2014-10-25,0130,Terra,MODIS,65,6.2,313.1,15.9,D,0
-19.208,131.8927,333.8,1,1,2014-10-25,0130,Terra,MODIS,66,6.2,312.9,16,D,0
-19.1532,131.8337,357.6,1,1,2014-10-25,0130,Terra,MODIS,98,6.2,315.9,58.9,D,0
-19.1452,131.8416,355.1,1,1,2014-10-25,0130,Terra,MODIS,96,6.2,319.6,51.5,D,0
-19.1442,131.1051,340.3,1,1,2014-10-25,0130,Terra,MODIS,81,6.2,317.3,21.1,D,0
-17.2949,124.6445,372.4,2.7,1.6,2014-10-25,0130,Terra,MODIS,100,6.2,306.5,450.2,D,0
-19.1438,131.8321,341.2,1,1,2014-10-25,0130,Terra,MODIS,82,6.2,316.9,23,D,0
-17.2994,124.6694,365.2,2.7,1.6,2014-10-25,0130,Terra,MODIS,100,6.2,306.4,353,D,0
-19.0828,132.0415,373.7,1,1,2014-10-25,0130,Terra,MODIS,100,6.2,318.9,105.7,D,0
-19.0544,132.0363,337.6,1,1,2014-10-25,0130,Terra,MODIS,61,6.2,314.9,15.6,D,0
-19.19,131.8956,335.7,1,1,2014-10-25,0130,Terra,MODIS,67,6.2,314.4,15.4,D,0
-19.0814,132.032,400.9,1,1,2014-10-25,0130,Terra,MODIS,100,6.2,319.7,235.2,D,0
-17.3043,124.6167,330.3,2.7,1.6,2014-10-25,0130,Terra,MODIS,61,6.2,305.1,41.8,D,0
-19.2994,130.9771,340.2,1,1,2014-10-25,0130,Terra,MODIS,77,6.2,315.8,22.8,D,0
-19.062,132.0255,336.8,1,1,2014-10-25,0130,Terra,MODIS,48,6.2,312.8,13.7,D,0
-17.3089,124.6416,332.3,2.7,1.6,2014-10-25,0130,Terra,MODIS,73,6.2,306.3,58.5,D,0
-19.0468,132.0472,340.5,1,1,2014-10-25,0130,Terra,MODIS,68,6.2,315.6,19.4,D,0
-19.0786,132.0131,357.2,1,1,2014-10-25,0130,Terra,MODIS,98,6.2,316,55.6,D,0
-18.8695,132.1557,336.8,1,1,2014-10-25,0130,Terra,MODIS,50,6.2,318.5,11.1,D,0
-19.0634,132.0349,351.7,1,1,2014-10-25,0130,Terra,MODIS,93,6.2,316.7,42.1,D,0
-17.3134,124.6666,344.3,2.7,1.6,2014-10-25,0130,Terra,MODIS,89,6.2,305.8,143.4,D,0
-18.454,132.6483,347.7,1,1,2014-10-25,0130,Terra,MODIS,89,6.2,318.4,34.2,D,0
-19.2788,130.9567,350,1,1,2014-10-25,0130,Terra,MODIS,92,6.2,313.4,45.5,D,0
-19.2727,130.9777,345.3,1,1,2014-10-25,0130,Terra,MODIS,79,6.2,319.1,30.2,D,0
-18.7118,131.1086,333,1,1,2014-10-25,0130,Terra,MODIS,41,6.2,317.5,9.7,D,0
-18.4203,132.6692,366.8,1,1,2014-10-25,0130,Terra,MODIS,100,6.2,317.1,79.8,D,0
-18.4189,132.6598,375.5,1,1,2014-10-25,0130,Terra,MODIS,100,6.2,317.9,109.2,D,0
-19.1791,131.9457,339.5,1,1,2014-10-25,0130,Terra,MODIS,61,6.2,314,18.4,D,0
-19.1777,131.9363,351.8,1,1,2014-10-25,0130,Terra,MODIS,93,6.2,315.9,42.1,D,0
-19.1687,131.9377,352.8,1,1,2014-10-25,0130,Terra,MODIS,94,6.2,318,44.1,D,0
-19.221,131.0063,340.9,1,1,2014-10-25,0130,Terra,MODIS,72,6.2,318.5,19.9,D,0
-18.991,132.0433,354.1,1,1,2014-10-25,0130,Terra,MODIS,95,6.2,319.8,40.8,D,0
-19.1607,131.9456,333.7,1,1,2014-10-25,0130,Terra,MODIS,41,6.2,315.2,11.5,D,0
-18.369,132.6965,343.7,1,1,2014-10-25,0130,Terra,MODIS,85,6.2,317.6,23.8,D,0
-18.4099,132.6612,424.1,1,1,2014-10-25,0130,Terra,MODIS,100,6.2,331,405.8,D,0
-18.7,131.4523,365.1,1,1,2014-10-25,0130,Terra,MODIS,100,6.2,318.5,76.1,D,0
-19.2712,130.968,346.1,1,1,2014-10-25,0130,Terra,MODIS,57,6.2,317.3,30.8,D,0
-19.2697,130.9582,350,1,1,2014-10-25,0130,Terra,MODIS,92,6.2,315.2,44.2,D,0
-18.4113,132.6706,429,1,1,2014-10-25,0130,Terra,MODIS,100,6.2,332.4,452,D,0
-19.253,130.971,343.6,1,1,2014-10-25,0130,Terra,MODIS,42,6.2,318.3,19,D,0
-18.766,131.0438,333.9,1,1,2014-10-25,0130,Terra,MODIS,66,6.2,319.8,12,D,0
-19.1593,131.9362,344,1,1,2014-10-25,0130,Terra,MODIS,85,6.2,319.1,26.9,D,0
-19.1227,132.0001,354.6,1,1,2014-10-25,0130,Terra,MODIS,96,6.2,314.1,51.9,D,0
-19.0288,132.0501,355.4,1,1,2014-10-25,0130,Terra,MODIS,91,6.2,320,46.7,D,0
-19.035,132.0298,340.7,1,1,2014-10-25,0130,Terra,MODIS,51,6.2,315.7,17,D,0
-19.0364,132.0392,370,1,1,2014-10-25,0130,Terra,MODIS,100,6.2,319.3,89.6,D,0
-19.0378,132.0487,387.1,1,1,2014-10-25,0130,Terra,MODIS,100,6.2,319.4,158.4,D,0
-19.197,131.9429,336.3,1,1,2014-10-25,0130,Terra,MODIS,73,6.2,315.1,17,D,0
-19.1956,131.9334,369.5,1,1,2014-10-25,0130,Terra,MODIS,100,6.2,314,94.7,D,0
-19.1881,131.9443,331.1,1,1,2014-10-25,0130,Terra,MODIS,18,6.2,314.2,8.9,D,0
-19.1641,130.9924,340,1,1,2014-10-25,0130,Terra,MODIS,27,6.2,318.9,13.4,D,0
-19.1867,131.9348,363.3,1,1,2014-10-25,0130,Terra,MODIS,100,6.2,317.8,75,D,0
-18.445,132.6497,339,1,1,2014-10-25,0130,Terra,MODIS,58,6.2,320.2,18.4,D,0
-19.2909,130.9747,361.5,1,1,2014-10-25,0130,Terra,MODIS,100,6.2,318.8,72.6,D,0
-19.2894,130.9649,361.3,1,1,2014-10-25,0130,Terra,MODIS,100,6.2,315.3,73.7,D,0
-18.4342,132.6381,345.7,1,1,2014-10-25,0130,Terra,MODIS,80,6.2,317.7,29.1,D,0
-19.2818,130.9762,351.7,1,1,2014-10-25,0130,Terra,MODIS,93,6.2,319.1,45.9,D,0
-18.4279,132.6584,342.4,1,1,2014-10-25,0130,Terra,MODIS,44,6.2,318.7,20.2,D,0
-19.1868,131.0185,344.3,1,1,2014-10-25,0130,Terra,MODIS,26,6.2,318.7,23.3,D,0
-18.195,132.7651,342,1,1,2014-10-25,0130,Terra,MODIS,75,6.2,319.3,22,D,0
-19.184,130.9391,339,1,1,2014-10-25,0130,Terra,MODIS,58,6.2,315.9,18.7,D,0
-19.1263,131.1042,347.8,1,1,2014-10-25,0130,Terra,MODIS,90,6.2,318.8,33.8,D,0
-19.1351,131.1066,334.1,1,1,2014-10-25,0130,Terra,MODIS,55,6.2,317.6,11.2,D,0
-19.1855,130.9488,345.6,1,1,2014-10-25,0130,Terra,MODIS,79,6.2,319.4,29.4,D,0
-18.8799,132.1637,349.4,1,1,2014-10-25,0130,Terra,MODIS,91,6.2,318.9,34.7,D,0
-18.8875,132.1528,347.1,1,1,2014-10-25,0130,Terra,MODIS,89,6.2,315.9,27.7,D,0
-18.8889,132.1623,352.3,1,1,2014-10-25,0130,Terra,MODIS,94,6.2,316.4,40.7,D,0
-18.8965,132.1514,337.4,1,1,2014-10-25,0130,Terra,MODIS,62,6.2,315.3,12.7,D,0
-18.8979,132.1609,348.6,1,1,2014-10-25,0130,Terra,MODIS,90,6.2,317.2,34.3,D,0
-18.9069,132.1594,362.2,1,1,2014-10-25,0130,Terra,MODIS,100,6.2,316.9,69.3,D,0
-19.2803,130.9664,362.1,1,1,2014-10-25,0130,Terra,MODIS,100,6.2,318,73.3,D,0
-19.1213,131.9906,337,1,1,2014-10-25,0130,Terra,MODIS,72,6.2,314.8,17,D,0
-19.1138,132.0015,348.9,1,1,2014-10-25,0130,Terra,MODIS,91,6.2,315.6,38.1,D,0
-19.1124,131.9921,350,1,1,2014-10-25,0130,Terra,MODIS,92,6.2,317.9,39.4,D,0
-19.2485,130.9418,349.6,1,1,2014-10-25,0130,Terra,MODIS,64,6.2,316.6,37.5,D,0
-19.2468,130.992,365.3,1,1,2014-10-25,0130,Terra,MODIS,100,6.2,318.9,79.4,D,0
-19.2438,130.9725,342.6,1,1,2014-10-25,0130,Terra,MODIS,62,6.2,318.7,17.6,D,0
-19.2378,130.9335,373.6,1,1,2014-10-25,0130,Terra,MODIS,100,6.2,319.7,108.4,D,0
-19.2363,130.9238,337.7,1,1,2014-10-25,0130,Terra,MODIS,56,6.2,313.9,17.6,D,0
-19.2392,131.0033,356.4,1,1,2014-10-25,0130,Terra,MODIS,97,6.2,317.8,54.2,D,0
-18.3586,132.6885,337.2,1,1,2014-10-25,0130,Terra,MODIS,75,6.2,320.4,13.6,D,0
-18.4369,132.657,337.5,1,1,2014-10-25,0130,Terra,MODIS,46,6.2,318.2,14.6,D,0
-18.7133,131.1183,336.4,1,1,2014-10-25,0130,Terra,MODIS,53,6.2,318.9,13.8,D,0
-19.0868,132.0059,340.8,1,1,2014-10-25,0130,Terra,MODIS,36,6.2,314.1,17.2,D,0
-19.0882,132.0153,340.5,1,1,2014-10-25,0130,Terra,MODIS,36,6.2,314,17.2,D,0
-19.2377,130.9935,360.2,1,1,2014-10-25,0130,Terra,MODIS,100,6.2,319.6,63.8,D,0
-19.2301,131.0048,342.4,1,1,2014-10-25,0130,Terra,MODIS,82,6.2,317.8,23.5,D,0
-19.2181,130.9268,343.1,1,1,2014-10-25,0130,Terra,MODIS,56,6.2,316.4,25.4,D,0
-19.0972,132.0139,348.6,1,1,2014-10-25,0130,Terra,MODIS,83,6.2,314.7,33.6,D,0
-18.4437,132.6402,354.1,1,1,2014-10-25,0130,Terra,MODIS,95,6.2,320,49.6,D,0
-18.4023,132.672,342.2,1,1,2014-10-25,0130,Terra,MODIS,83,6.2,319.9,20.4,D,0
-18.7148,131.128,349.3,1,1,2014-10-25,0130,Terra,MODIS,91,6.2,320.1,36.7,D,0
-18.204,132.7637,342.9,1,1,2014-10-25,0130,Terra,MODIS,51,6.2,319,21.6,D,0
-18.7181,131.4494,340,1,1,2014-10-25,0130,Terra,MODIS,66,6.2,318.4,17,D,0
-18.9704,131.5358,343.9,1,1,2014-10-25,0130,Terra,MODIS,85,6.2,318.5,22.5,D,0
-18.9689,131.5262,368.5,1,1,2014-10-25,0130,Terra,MODIS,100,6.2,321.5,84.3,D,0
-18.6985,131.4428,337.4,1,1,2014-10-25,0130,Terra,MODIS,15,6.2,319.8,11.6,D,0
-18.4355,132.6475,344.3,1,1,2014-10-25,0130,Terra,MODIS,84,6.2,320,27.1,D,0
-19.1062,132.0124,337.3,1,1,2014-10-25,0130,Terra,MODIS,75,6.2,312.9,17.2,D,0
-18.9599,131.5277,337.8,1,1,2014-10-25,0130,Terra,MODIS,76,6.2,318.6,13.1,D,0
-18.9585,131.5182,337.2,1,1,2014-10-25,0130,Terra,MODIS,75,6.2,319.8,12.1,D,0
-18.36,132.6979,347.6,1,1,2014-10-25,0130,Terra,MODIS,89,6.2,320.7,32.1,D,0
-18.1642,132.3656,336.2,1,1,2014-10-25,0130,Terra,MODIS,54,6.2,319.2,7.7,D,0
-19.1764,130.9503,336.5,1,1,2014-10-25,0130,Terra,MODIS,49,6.2,317,13.1,D,0
-18.2553,132.7364,348.3,1,1,2014-10-25,0130,Terra,MODIS,90,6.2,320.5,31.1,D,0
-18.2904,132.725,369.3,1,1,2014-10-25,0130,Terra,MODIS,100,6.2,323,88.6,D,0
-18.289,132.7156,349,1,1,2014-10-25,0130,Terra,MODIS,91,6.2,320.2,33.6,D,0
-18.2828,132.7358,340.9,1,1,2014-10-25,0130,Terra,MODIS,77,6.2,318,19.7,D,0
-18.2738,132.7372,335.2,1,1,2014-10-25,0130,Terra,MODIS,24,6.2,319.8,10.7,D,0
-18.2116,132.7529,355.3,1,1,2014-10-25,0130,Terra,MODIS,96,6.2,320.8,45.7,D,0
-19.1732,130.9908,364.6,1,1,2014-10-25,0130,Terra,MODIS,100,6.2,321.8,71.7,D,0
-19.1823,130.9893,364.1,1,1,2014-10-25,0130,Terra,MODIS,100,6.2,321.5,70.2,D,0
-20.1606,122.7686,326.6,3.2,1.7,2014-10-25,0131,Terra,MODIS,49,6.2,309.1,50.5,D,0
-20.1545,122.7384,328.8,3.2,1.7,2014-10-25,0131,Terra,MODIS,62,6.2,308,67.6,D,0
-20.9774,120.1775,334.8,4.7,2,2014-10-25,0131,Terra,MODIS,77,6.2,302.1,212.6,D,0
-21.244,121.2688,327.4,3.9,1.8,2014-10-25,0131,Terra,MODIS,49,6.2,304.8,75.4,D,0
-20.9758,120.1721,335.8,4.7,2,2014-10-25,0131,Terra,MODIS,78,6.2,302,225.5,D,0
-21.2754,121.3383,332.4,3.8,1.8,2014-10-25,0131,Terra,MODIS,71,6.2,305.1,111,D,0
-21.84,121.2726,325.1,3.8,1.8,2014-10-25,0131,Terra,MODIS,41,6.2,304.2,55.6,D,0
-21.8454,121.2636,328.6,3.8,1.8,2014-10-25,0131,Terra,MODIS,62,6.2,304.5,84.5,D,0
-21.2888,121.3677,330.7,3.8,1.8,2014-10-25,0131,Terra,MODIS,68,6.2,305,99.3,D,0
-21.2811,121.3314,334.7,3.8,1.8,2014-10-25,0131,Terra,MODIS,76,6.2,305.9,136.5,D,0
-21.2276,121.2726,339.8,3.9,1.8,2014-10-25,0131,Terra,MODIS,83,6.2,305.1,206.1,D,0
-21.2328,121.2657,343.3,3.9,1.8,2014-10-25,0131,Terra,MODIS,87,6.2,305.3,249,D,0
-20.1588,122.7445,335,3.2,1.7,2014-10-25,0131,Terra,MODIS,76,6.2,309.2,108.9,D,0
-22.3191,123.1603,351.3,2.7,1.6,2014-10-25,0131,Terra,MODIS,89,6.2,310.5,187,D,0
-22.3469,123.202,346.6,2.7,1.6,2014-10-25,0131,Terra,MODIS,90,6.2,310,153.7,D,0
-22.3434,123.2088,358.4,2.7,1.6,2014-10-25,0131,Terra,MODIS,99,6.2,311.8,262,D,0
-22.3383,123.1831,358.6,2.7,1.6,2014-10-25,0131,Terra,MODIS,93,6.2,309.7,262.9,D,0
-22.3243,123.1862,364.8,2.7,1.6,2014-10-25,0131,Terra,MODIS,100,6.2,314.6,333.8,D,0
-22.1968,122.021,342.6,3.3,1.7,2014-10-25,0131,Terra,MODIS,87,6.2,306.6,179.9,D,0
-22.2032,122.0522,373.8,3.3,1.7,2014-10-25,0131,Terra,MODIS,100,6.2,308.6,631.8,D,0
-22.2095,122.0832,366.3,3.2,1.7,2014-10-25,0131,Terra,MODIS,100,6.2,310.3,488.5,D,0
-22.1921,122.0149,325.4,3.3,1.7,2014-10-25,0131,Terra,MODIS,16,6.2,306.1,38.3,D,0
-22.1987,122.0459,365.3,3.3,1.7,2014-10-25,0131,Terra,MODIS,100,6.2,307.6,468.9,D,0
-22.2053,122.0769,365.2,3.2,1.7,2014-10-25,0131,Terra,MODIS,100,6.2,309.8,460.7,D,0
-22.2139,122.0425,327,3.3,1.7,2014-10-25,0131,Terra,MODIS,35,6.2,307.1,41,D,0
-22.2205,122.0734,331.4,3.2,1.7,2014-10-25,0131,Terra,MODIS,71,6.2,309.7,70.4,D,0
-22.2006,120.9583,326.1,3.9,1.8,2014-10-25,0131,Terra,MODIS,51,6.2,306.7,70.6,D,0
-21.9787,121.026,327.9,3.9,1.8,2014-10-25,0131,Terra,MODIS,46,6.2,300.6,85.8,D,0
-21.9909,120.9513,325.1,3.9,1.8,2014-10-25,0131,Terra,MODIS,33,6.2,305.2,66.6,D,0
-21.9904,121.0305,327.2,3.9,1.8,2014-10-25,0131,Terra,MODIS,47,6.2,300.9,82.1,D,0
-21.9825,120.9929,327.1,3.9,1.8,2014-10-25,0131,Terra,MODIS,33,6.2,302,76.5,D,0
-21.9416,120.9631,333.4,3.9,1.8,2014-10-25,0131,Terra,MODIS,76,6.2,301.9,150.5,D,0
-21.9371,120.9698,328.4,3.9,1.8,2014-10-25,0131,Terra,MODIS,64,6.2,301.3,103.1,D,0
-22.2128,120.9627,326.7,3.9,1.8,2014-10-25,0131,Terra,MODIS,50,6.2,306,69.6,D,0
-22.2085,120.9951,326.3,3.9,1.8,2014-10-25,0131,Terra,MODIS,52,6.2,304.8,72.3,D,0
-23.0545,120.2276,326.3,4.2,1.9,2014-10-25,0131,Terra,MODIS,28,6.2,307,60.7,D,0
-21.9499,120.9211,328.1,4,1.9,2014-10-25,0131,Terra,MODIS,43,6.2,302.5,89.8,D,0
-22.3156,122.375,342.6,3.1,1.7,2014-10-25,0131,Terra,MODIS,87,6.2,308.3,168.4,D,0
-22.3551,122.42,355.6,3,1.7,2014-10-25,0131,Terra,MODIS,97,6.2,310.1,285.5,D,0
-22.3372,122.3323,336.6,3.1,1.7,2014-10-25,0131,Terra,MODIS,75,6.2,307.9,99.4,D,0
-22.3343,122.3942,343.6,3.1,1.7,2014-10-25,0131,Terra,MODIS,88,6.2,310,164.5,D,0
-22.5885,122.1284,330.8,3.2,1.7,2014-10-25,0131,Terra,MODIS,68,6.2,308.5,66.6,D,0
-21.7259,127.5105,356.7,1.4,1.2,2014-10-25,0131,Terra,MODIS,97,6.2,320.1,83.1,D,0
-22.3513,121.0703,329.2,3.8,1.8,2014-10-25,0131,Terra,MODIS,63,6.2,306.5,75.1,D,0
-22.3283,122.3649,372.6,3.1,1.7,2014-10-25,0131,Terra,MODIS,100,6.2,312.2,552.9,D,0
-22.3568,121.0614,330.9,3.8,1.8,2014-10-25,0131,Terra,MODIS,70,6.2,305.9,90.8,D,0
-22.3135,122.3684,338.7,3.1,1.7,2014-10-25,0131,Terra,MODIS,82,6.2,307.8,127.5,D,0
-22.361,122.4493,332,3,1.7,2014-10-25,0131,Terra,MODIS,59,6.2,308.5,68.5,D,0
-22.5917,122.152,328.5,3.1,1.7,2014-10-25,0131,Terra,MODIS,61,6.2,309.5,47.4,D,0
-22.3097,122.3454,326.4,3.1,1.7,2014-10-25,0131,Terra,MODIS,51,6.2,306.8,47.6,D,0
-22.3699,122.4165,353.3,3,1.7,2014-10-25,0131,Terra,MODIS,95,6.2,312.7,249.6,D,0
-22.5381,120.5678,343.7,4.1,1.9,2014-10-25,0131,Terra,MODIS,88,6.2,303.5,276.4,D,0
-22.3758,122.4457,342.7,3,1.7,2014-10-25,0131,Terra,MODIS,87,6.2,310.5,145.8,D,0
-23.3234,124.4507,335.6,2.1,1.4,2014-10-25,0131,Terra,MODIS,46,6.2,318.3,30.5,D,0
-22.3687,122.4109,349.6,3,1.7,2014-10-25,0131,Terra,MODIS,93,6.2,312.6,204.5,D,0
-22.3748,122.44,348.1,3,1.7,2014-10-25,0131,Terra,MODIS,91,6.2,311.4,193.8,D,0
-22.525,120.5651,330.6,4.1,1.9,2014-10-25,0131,Terra,MODIS,69,6.2,302.7,119.2,D,0
-22.5417,120.5611,333.7,4.1,1.9,2014-10-25,0131,Terra,MODIS,75,6.2,303.4,152.7,D,0
-22.9676,121.3596,338.3,3.5,1.8,2014-10-25,0131,Terra,MODIS,81,6.2,306.1,162,D,0
-22.9757,121.3501,329.1,3.5,1.8,2014-10-25,0131,Terra,MODIS,59,6.2,306.7,80,D,0
-22.4397,122.4552,330.5,3,1.7,2014-10-25,0131,Terra,MODIS,55,6.2,310.9,52.5,D,0
-23.3196,124.4306,338.1,2.1,1.4,2014-10-25,0131,Terra,MODIS,68,6.2,318.5,43.2,D,0
-21.9025,131.4407,333.8,1,1,2014-10-25,0131,Terra,MODIS,53,6.2,319.9,8.7,D,0
-22.0595,127.4885,341.5,1.4,1.2,2014-10-25,0131,Terra,MODIS,82,6.2,320,32.1,D,0
-20.4956,123.285,341,2.9,1.6,2014-10-25,0131,Terra,MODIS,81,6.2,309.2,127.6,D,0
-20.5047,123.2543,351.1,2.9,1.6,2014-10-25,0131,Terra,MODIS,94,6.2,308.8,219.9,D,0
-20.5101,123.2818,348.4,2.9,1.6,2014-10-25,0131,Terra,MODIS,87,6.2,314.5,187,D,0
-20.5105,123.2755,344.8,2.9,1.6,2014-10-25,0131,Terra,MODIS,78,6.2,314.3,152.8,D,0
-22.2875,121.2053,339.1,3.7,1.8,2014-10-25,0131,Terra,MODIS,83,6.2,302.5,185,D,0
-22.2951,121.241,332.1,3.7,1.8,2014-10-25,0131,Terra,MODIS,57,6.2,301.9,113.5,D,0
-23.0717,120.3079,330.6,4.1,1.9,2014-10-25,0131,Terra,MODIS,52,6.2,307.2,101.2,D,0
-22.3027,121.2769,343.8,3.7,1.8,2014-10-25,0131,Terra,MODIS,88,6.2,302.8,239.3,D,0
-22.294,121.1979,335.7,3.7,1.8,2014-10-25,0131,Terra,MODIS,78,6.2,302.5,143.1,D,0
-22.3096,121.2693,330.4,3.7,1.8,2014-10-25,0131,Terra,MODIS,68,6.2,302.8,94.5,D,0
-23.544,121.5963,336.3,3.3,1.7,2014-10-25,0132,Terra,MODIS,79,6.2,304,134.3,D,0
-24.4535,121.7504,326.7,3,1.7,2014-10-25,0132,Terra,MODIS,34,6.2,307.3,44.1,D,0
-24.2802,121.2868,350.6,3.3,1.7,2014-10-25,0132,Terra,MODIS,93,6.2,304.1,275.6,D,0
-25.4492,121.4889,339.3,3,1.7,2014-10-25,0132,Terra,MODIS,83,6.2,309.5,133.4,D,0
-24.2749,121.2809,327.8,3.3,1.7,2014-10-25,0132,Terra,MODIS,54,6.2,302.6,65.8,D,0
-24.2955,121.2827,328.4,3.3,1.7,2014-10-25,0132,Terra,MODIS,51,6.2,305.7,60.2,D,0
-23.9967,121.7775,335.1,3.1,1.7,2014-10-25,0132,Terra,MODIS,76,6.2,305.9,99.7,D,0
-25.4429,121.4596,333.3,3,1.7,2014-10-25,0132,Terra,MODIS,75,6.2,309.8,89.6,D,0
-24.0087,121.7674,336.3,3.1,1.7,2014-10-25,0132,Terra,MODIS,78,6.2,306.9,103.5,D,0
-25.2309,121.6263,337,3,1.6,2014-10-25,0132,Terra,MODIS,80,6.2,308.2,107.7,D,0
-26.6727,126.1236,345,1.4,1.2,2014-10-25,0132,Terra,MODIS,88,6.2,316.4,50.2,D,0
-25.4507,121.4957,333.7,3,1.7,2014-10-25,0132,Terra,MODIS,75,6.2,309.1,90.1,D,0
-25.2247,121.5971,332.3,3,1.6,2014-10-25,0132,Terra,MODIS,72,6.2,309.7,75.4,D,0
-24.7959,121.9791,326.8,2.9,1.6,2014-10-25,0132,Terra,MODIS,35,6.2,303.5,48.9,D,0
-24.7899,121.951,331.1,2.9,1.6,2014-10-25,0132,Terra,MODIS,67,6.2,303.8,73.8,D,0
-24.7814,121.9826,330.9,2.9,1.6,2014-10-25,0132,Terra,MODIS,63,6.2,306.2,69.6,D,0
-24.79,121.9583,335.7,2.9,1.6,2014-10-25,0132,Terra,MODIS,77,6.2,304,102.5,D,0
-24.0115,121.7737,335,3.1,1.7,2014-10-25,0132,Terra,MODIS,76,6.2,307.4,97.3,D,0
-24.7814,121.99,332,2.9,1.6,2014-10-25,0132,Terra,MODIS,55,6.2,306.3,69,D,0
-24.7553,121.9371,336.3,2.9,1.6,2014-10-25,0132,Terra,MODIS,68,6.2,308.1,89,D,0
-24.2332,121.8009,333.9,3.1,1.7,2014-10-25,0132,Terra,MODIS,73,6.2,307.9,93,D,0
-26.6353,126.2173,331.5,1.4,1.2,2014-10-25,0132,Terra,MODIS,29,6.2,315.6,12.4,D,0
-26.6278,126.2108,333.9,1.4,1.2,2014-10-25,0132,Terra,MODIS,71,6.2,315.6,17.3,D,0
-24.231,121.7943,335.3,3.1,1.7,2014-10-25,0132,Terra,MODIS,76,6.2,307.9,106.6,D,0
-24.7493,121.9083,344.4,2.9,1.6,2014-10-25,0132,Terra,MODIS,83,6.2,307.6,149.6,D,0
-24.2887,121.2504,332.7,3.3,1.7,2014-10-25,0132,Terra,MODIS,71,6.2,306,94.7,D,0
-24.2985,121.2406,333.2,3.3,1.7,2014-10-25,0132,Terra,MODIS,72,6.2,308.8,97.8,D,0
-25.4446,121.4663,342.8,3,1.7,2014-10-25,0132,Terra,MODIS,87,6.2,310.1,163.5,D,0
-24.287,121.3189,327.5,3.3,1.7,2014-10-25,0132,Terra,MODIS,46,6.2,305,58.8,D,0
-24.6912,121.9289,327.8,2.9,1.6,2014-10-25,0132,Terra,MODIS,18,6.2,308.9,34.2,D,0
-24.4223,122.0458,348.4,2.9,1.6,2014-10-25,0132,Terra,MODIS,91,6.2,308.4,197.7,D,0
-24.4281,122.0739,333.7,2.9,1.6,2014-10-25,0132,Terra,MODIS,73,6.2,308.5,78.1,D,0
-24.4222,122.0386,342.1,2.9,1.6,2014-10-25,0132,Terra,MODIS,85,6.2,308.2,142.9,D,0
-24.0151,121.7973,328.9,3.1,1.7,2014-10-25,0132,Terra,MODIS,50,6.2,308.5,48.8,D,0
-24.4282,122.067,339.3,2.9,1.6,2014-10-25,0132,Terra,MODIS,82,6.2,308.7,119.2,D,0
-27.2704,127.4489,338,1.2,1.1,2014-10-25,0132,Terra,MODIS,80,6.2,312.4,24.1,D,0
-27.2684,127.4373,336.2,1.2,1.1,2014-10-25,0132,Terra,MODIS,74,6.2,314.6,20.7,D,0
-24.2971,121.3089,326.9,3.3,1.7,2014-10-25,0132,Terra,MODIS,40,6.2,305,54.3,D,0
-24.0264,121.77,330.9,3.1,1.7,2014-10-25,0132,Terra,MODIS,66,6.2,308.2,63.5,D,0
-24.0413,121.7663,330.3,3.1,1.7,2014-10-25,0132,Terra,MODIS,65,6.2,308.4,57.2,D,0
-24.2902,121.2769,346.4,3.3,1.7,2014-10-25,0132,Terra,MODIS,90,6.2,305.5,225.1,D,0
-23.5504,121.6277,327.6,3.3,1.7,2014-10-25,0132,Terra,MODIS,48,6.2,304.2,64.9,D,0
-23.5397,121.5915,335.8,3.3,1.7,2014-10-25,0132,Terra,MODIS,78,6.2,304,128.2,D,0
-23.5464,121.6229,335.3,3.3,1.7,2014-10-25,0132,Terra,MODIS,77,6.2,302.3,121.2,D,0
-24.6913,121.9228,329.3,2.9,1.6,2014-10-25,0132,Terra,MODIS,40,6.2,309.2,42.3,D,0
-24.7166,121.8252,343.3,3,1.6,2014-10-25,0132,Terra,MODIS,87,6.2,308.9,148.9,D,0
-24.2819,121.313,328.6,3.3,1.7,2014-10-25,0132,Terra,MODIS,58,6.2,304.3,71,D,0
-24.4549,121.7559,327,3,1.7,2014-10-25,0132,Terra,MODIS,42,6.2,307.3,51.4,D,0
-27.5592,129.0708,347,1,1,2014-10-25,0132,Terra,MODIS,0,6.2,304.5,42.3,D,0
-24.0236,121.7636,332.1,3.1,1.7,2014-10-25,0132,Terra,MODIS,69,6.2,307.8,70.8,D,0
-26.02,123.478,329.8,2.1,1.4,2014-10-25,0132,Terra,MODIS,62,6.2,312.7,29.8,D,0
-25.6918,123.965,331,2,1.4,2014-10-25,0132,Terra,MODIS,65,6.2,314.4,28.2,D,0
-25.8336,121.5547,339.7,2.9,1.6,2014-10-25,0132,Terra,MODIS,83,6.2,308.8,137.7,D,0
-25.8331,121.5478,333.5,2.9,1.6,2014-10-25,0132,Terra,MODIS,75,6.2,308.8,91.2,D,0
-25.8393,121.5766,326.8,2.9,1.6,2014-10-25,0132,Terra,MODIS,54,6.2,306.6,52.2,D,0
-25.5406,122.0589,325.7,2.7,1.6,2014-10-25,0132,Terra,MODIS,11,6.2,310,32.1,D,0
-23.1412,120.1999,357.7,4.2,1.9,2014-10-25,0132,Terra,MODIS,98,6.2,309.4,498,D,0
-23.1244,120.2042,334.9,4.2,1.9,2014-10-25,0132,Terra,MODIS,77,6.2,308.5,146.5,D,0
-23.066,120.2615,326.4,4.2,1.9,2014-10-25,0132,Terra,MODIS,33,6.2,306.9,64.6,D,0
-23.1156,120.1636,351.1,4.2,1.9,2014-10-25,0132,Terra,MODIS,94,6.2,306.3,384.7,D,0
-25.1954,122.3447,340.4,2.7,1.6,2014-10-25,0132,Terra,MODIS,84,6.2,307.8,109.2,D,0
-23.7926,122.9803,333.6,2.6,1.5,2014-10-25,0132,Terra,MODIS,61,6.2,313.8,51,D,0
-24.9879,121.6457,332.6,3,1.7,2014-10-25,0132,Terra,MODIS,72,6.2,307.7,84.5,D,0
-24.9866,121.64,330.6,3,1.7,2014-10-25,0132,Terra,MODIS,67,6.2,308.1,70.7,D,0
-25.1868,122.3741,333,2.7,1.6,2014-10-25,0132,Terra,MODIS,72,6.2,311.5,61.2,D,0
-23.117,120.1556,357.6,4.2,1.9,2014-10-25,0132,Terra,MODIS,98,6.2,306.3,512.6,D,0
-25.0921,122.2935,332.1,2.7,1.6,2014-10-25,0132,Terra,MODIS,60,6.2,312.9,53.3,D,0
-25.1124,122.533,337.1,2.6,1.5,2014-10-25,0132,Terra,MODIS,79,6.2,313.5,80.3,D,0
-23.1493,120.155,344.2,4.2,1.9,2014-10-25,0132,Terra,MODIS,88,6.2,307.6,264.3,D,0
-23.1339,120.1513,354.6,4.2,1.9,2014-10-25,0132,Terra,MODIS,96,6.2,307.2,446.1,D,0
-23.1597,120.1876,351.5,4.2,1.9,2014-10-25,0132,Terra,MODIS,94,6.2,309.2,374.4,D,0
-25.1832,122.3809,334.4,2.7,1.6,2014-10-25,0132,Terra,MODIS,75,6.2,312.4,67.7,D,0
-23.1508,120.147,334,4.2,1.9,2014-10-25,0132,Terra,MODIS,72,6.2,307.1,130.5,D,0
-26.5618,126.0817,336.8,1.4,1.2,2014-10-25,0132,Terra,MODIS,77,6.2,315.3,27.8,D,0
-25.1269,122.563,329,2.6,1.5,2014-10-25,0132,Terra,MODIS,40,6.2,311,32.7,D,0
-25.1219,122.5376,345.3,2.6,1.5,2014-10-25,0132,Terra,MODIS,89,6.2,311.8,134.8,D,0
-25.1814,122.3481,334.5,2.7,1.6,2014-10-25,0132,Terra,MODIS,75,6.2,311,69.1,D,0
-23.1325,120.1593,372.3,4.2,1.9,2014-10-25,0132,Terra,MODIS,100,6.2,308.3,861.9,D,0
-25.1922,122.4001,329.2,2.6,1.6,2014-10-25,0132,Terra,MODIS,57,6.2,310.5,41.7,D,0
-25.9673,125.0999,332.6,1.7,1.3,2014-10-25,0132,Terra,MODIS,51,6.2,317.2,19.9,D,0
-25.984,125.072,364.7,1.7,1.3,2014-10-25,0132,Terra,MODIS,100,6.2,319.4,159.2,D,0
-23.7838,123.0085,334.6,2.6,1.5,2014-10-25,0132,Terra,MODIS,67,6.2,314.9,50.7,D,0
-23.1429,120.1918,355.4,4.2,1.9,2014-10-25,0132,Terra,MODIS,97,6.2,309.3,450.8,D,0
-25.1176,122.5583,334.6,2.6,1.5,2014-10-25,0132,Terra,MODIS,75,6.2,311.8,65.1,D,0
-23.1261,120.1961,355.4,4.2,1.9,2014-10-25,0132,Terra,MODIS,97,6.2,309.1,459.5,D,0
-25.9643,125.0834,333.3,1.7,1.3,2014-10-25,0132,Terra,MODIS,59,6.2,317,22.3,D,0
-23.7975,122.9731,332.8,2.6,1.5,2014-10-25,0132,Terra,MODIS,39,6.2,312.8,47.1,D,0
-23.0749,120.3015,329.4,4.1,1.9,2014-10-25,0132,Terra,MODIS,54,6.2,306.8,93.6,D,0
-23.7888,123.0012,333.9,2.6,1.5,2014-10-25,0132,Terra,MODIS,66,6.2,314.5,48.7,D,0
-23.1581,120.1956,348.5,4.2,1.9,2014-10-25,0132,Terra,MODIS,92,6.2,309,320.3,D,0
-25.1262,122.5296,330.5,2.6,1.5,2014-10-25,0132,Terra,MODIS,57,6.2,309.7,48.6,D,0
-24.9232,122.7573,341.7,2.5,1.5,2014-10-25,0132,Terra,MODIS,85,6.2,312.2,106.1,D,0
-25.5299,122.097,349.8,2.7,1.6,2014-10-25,0132,Terra,MODIS,93,6.2,310.8,189.8,D,0
-25.5354,122.1236,330.7,2.7,1.6,2014-10-25,0132,Terra,MODIS,52,6.2,308.7,50.2,D,0
-25.5384,122.0667,327.8,2.7,1.6,2014-10-25,0132,Terra,MODIS,44,6.2,310.5,42.2,D,0
-25.9953,125.0694,331.7,1.7,1.3,2014-10-25,0132,Terra,MODIS,44,6.2,315.2,16.7,D,0
-25.9809,125.0555,389.8,1.7,1.3,2014-10-25,0132,Terra,MODIS,100,6.2,320.9,367.2,D,0
-21.7056,116.4204,330.7,3.5,1.8,2014-10-25,0309,Terra,MODIS,67,6.2,312.8,80.4,D,0
-21.7086,116.4547,332.8,3.6,1.8,2014-10-25,0309,Terra,MODIS,72,6.2,311.4,98.5,D,0
-21.7652,117.9898,332.8,4.6,2,2014-10-25,0309,Terra,MODIS,72,6.2,310.1,130.9,D,0
-21.783,117.9878,343.8,4.6,2,2014-10-25,0309,Terra,MODIS,87,6.2,311,284.5,D,0
-21.7818,117.981,340.3,4.6,2,2014-10-25,0309,Terra,MODIS,84,6.2,311.3,222.9,D,0
-21.7688,118.0345,328.5,4.6,2,2014-10-25,0309,Terra,MODIS,55,6.2,308.9,80.6,D,0
-21.7867,118.0331,339.5,4.6,2,2014-10-25,0309,Terra,MODIS,83,6.2,309.4,216.4,D,0
-21.7673,118.0278,326.6,4.6,2,2014-10-25,0309,Terra,MODIS,22,6.2,308.9,52,D,0
-21.7852,118.0261,348.4,4.6,2,2014-10-25,0309,Terra,MODIS,91,6.2,309.7,358.8,D,0
-41.1973,146.0753,300.2,1.1,1,2014-10-25,0410,Aqua,MODIS,26,6.2,289,3.7,D,0
-37.4584,144.0577,313.1,1.2,1.1,2014-10-25,0411,Aqua,MODIS,65,6.2,294.2,11.1,D,0
-37.4467,144.3356,316.1,1.2,1.1,2014-10-25,0411,Aqua,MODIS,39,6.2,292.5,14,D,0
-37.4446,144.3436,313.8,1.2,1.1,2014-10-25,0411,Aqua,MODIS,67,6.2,292.1,13.3,D,0
-37.4462,144.3302,308.3,1.2,1.1,2014-10-25,0411,Aqua,MODIS,52,6.2,292.4,8.5,D,0
-37.458,144.3239,322.7,1.2,1.1,2014-10-25,0411,Aqua,MODIS,68,6.2,292.8,21.5,D,0
-34.4665,150.8769,317.9,1.3,1.1,2014-10-25,0411,Aqua,MODIS,58,6.2,300.2,11.4,D,2
-31.7759,152.255,319.8,1.8,1.3,2014-10-25,0412,Aqua,MODIS,50,6.2,307,15.7,D,0
-31.7721,152.2485,324.7,1.8,1.3,2014-10-25,0412,Aqua,MODIS,72,6.2,307.2,28.8,D,0
-27.1741,152.112,328.7,2.3,1.5,2014-10-25,0413,Aqua,MODIS,53,6.2,304.9,44.6,D,0
-27.1695,152.1161,336.3,2.3,1.5,2014-10-25,0413,Aqua,MODIS,80,6.2,305.3,81.3,D,0
-23.8814,149.4746,336.3,1.8,1.3,2014-10-25,0414,Aqua,MODIS,80,6.2,306.5,54.1,D,0
-23.8846,149.4575,334.1,1.7,1.3,2014-10-25,0414,Aqua,MODIS,77,6.2,310,46.3,D,0
-25.1947,147.9854,333.3,1.3,1.1,2014-10-25,0414,Aqua,MODIS,72,6.2,309.6,24,D,0
-25.5373,150.8608,330.3,2,1.4,2014-10-25,0414,Aqua,MODIS,62,6.2,305,36.8,D,0
-25.537,150.8554,327.5,2,1.4,2014-10-25,0414,Aqua,MODIS,39,6.2,305.7,26.1,D,0
-25.216,147.9222,336.4,1.3,1.1,2014-10-25,0414,Aqua,MODIS,81,6.2,302,38.8,D,0
-24.7383,148.2399,323.3,1.4,1.2,2014-10-25,0414,Aqua,MODIS,41,6.2,303.8,15.4,D,0
-25.4005,146.9255,335.9,1.2,1.1,2014-10-25,0414,Aqua,MODIS,73,6.2,316.2,19.7,D,0
-25.4239,146.9251,347,1.2,1.1,2014-10-25,0414,Aqua,MODIS,90,6.2,314.7,44,D,0
-25.4258,146.9136,331.8,1.2,1.1,2014-10-25,0414,Aqua,MODIS,48,6.2,315.2,12.3,D,0
-24.3782,151.3754,336.1,2.3,1.5,2014-10-25,0414,Aqua,MODIS,84,6.2,299.4,96.9,D,0
-24.3824,151.3536,322.8,2.3,1.5,2014-10-25,0414,Aqua,MODIS,18,6.2,302.2,35.4,D,0
-24.3652,151.3717,337.1,2.3,1.5,2014-10-25,0414,Aqua,MODIS,83,6.2,300.1,101.4,D,0
-24.3574,151.3654,327.2,2.3,1.5,2014-10-25,0414,Aqua,MODIS,60,6.2,299.2,55.1,D,0
-24.304,147.9187,330.8,1.4,1.2,2014-10-25,0414,Aqua,MODIS,61,6.2,314.4,15.1,D,0
-25.1969,147.9722,333.7,1.3,1.1,2014-10-25,0414,Aqua,MODIS,67,6.2,311,25.4,D,0
-20.3079,147.2114,345.4,1.4,1.2,2014-10-25,0415,Aqua,MODIS,89,6.2,313.2,56.7,D,0
-20.3173,147.1557,335,1.4,1.2,2014-10-25,0415,Aqua,MODIS,75,6.2,310.2,31.7,D,0
-20.3054,147.2257,338.2,1.4,1.2,2014-10-25,0415,Aqua,MODIS,80,6.2,315.2,33.4,D,0
-20.3151,147.1691,339.7,1.4,1.2,2014-10-25,0415,Aqua,MODIS,82,6.2,309.3,43.7,D,0
-20.4184,147.2381,337.7,1.4,1.2,2014-10-25,0415,Aqua,MODIS,80,6.2,313.5,34.3,D,0
-20.3817,147.2602,332.2,1.4,1.2,2014-10-25,0415,Aqua,MODIS,45,6.2,311.1,19.2,D,0
-20.3685,147.2729,336.8,1.4,1.2,2014-10-25,0415,Aqua,MODIS,78,6.2,314.2,29.2,D,0
-20.3754,147.267,339.1,1.4,1.2,2014-10-25,0415,Aqua,MODIS,81,6.2,312.7,35.7,D,0
-20.2756,147.1856,335.1,1.4,1.2,2014-10-25,0415,Aqua,MODIS,71,6.2,313.5,30,D,0
-20.2779,147.1716,368.3,1.4,1.2,2014-10-25,0415,Aqua,MODIS,100,6.2,313.7,159.3,D,0
-20.2803,147.1571,332.3,1.4,1.2,2014-10-25,0415,Aqua,MODIS,68,6.2,307.5,27.7,D,0
-20.2673,147.1692,332.7,1.4,1.2,2014-10-25,0415,Aqua,MODIS,68,6.2,309.7,27.6,D,0
-20.6687,143.2856,335.4,1,1,2014-10-25,0415,Aqua,MODIS,71,6.2,321.1,11,D,0
-19.6653,143.5405,334.2,1,1,2014-10-25,0415,Aqua,MODIS,67,6.2,317.4,13.2,D,0
-19.7048,143.5241,336.8,1,1,2014-10-25,0415,Aqua,MODIS,56,6.2,316,17.3,D,0
-19.6929,143.5418,346.9,1,1,2014-10-25,0415,Aqua,MODIS,89,6.2,319.8,34.6,D,0
-19.7019,143.5434,335.2,1,1,2014-10-25,0415,Aqua,MODIS,56,6.2,316.3,15.4,D,0
-19.7033,143.5338,346.6,1,1,2014-10-25,0415,Aqua,MODIS,88,6.2,317.2,35.2,D,0
-19.6667,143.5309,337.2,1,1,2014-10-25,0415,Aqua,MODIS,75,6.2,318.8,17.4,D,0
-22.2455,145.9828,335.8,1.2,1.1,2014-10-25,0415,Aqua,MODIS,71,6.2,316,17.1,D,0
-17.8808,144.56,346.9,1.1,1.1,2014-10-25,0416,Aqua,MODIS,85,6.2,319,37.7,D,0
-16.5634,142.7325,336.6,1,1,2014-10-25,0416,Aqua,MODIS,73,6.2,319.8,12.3,D,0
-17.8448,144.5683,339.4,1.1,1.1,2014-10-25,0416,Aqua,MODIS,74,6.2,320,21.7,D,0
-17.8824,144.5496,350.4,1.1,1.1,2014-10-25,0416,Aqua,MODIS,90,6.2,319.8,44.7,D,0
-17.8762,144.5272,334,1.1,1.1,2014-10-25,0416,Aqua,MODIS,67,6.2,316.8,12.9,D,0
-16.4112,142.5137,340.4,1,1,2014-10-25,0416,Aqua,MODIS,46,6.2,322.6,14.7,D,0
-16.5544,142.731,332.3,1,1,2014-10-25,0416,Aqua,MODIS,24,6.2,318.6,6.1,D,0
-17.837,144.5563,369,1.1,1.1,2014-10-25,0416,Aqua,MODIS,100,6.2,324.8,101.4,D,0
-17.8354,144.5667,349.1,1.1,1.1,2014-10-25,0416,Aqua,MODIS,92,6.2,321.8,39.5,D,0
-16.3891,142.5389,341,1,1,2014-10-25,0416,Aqua,MODIS,28,6.2,322.6,15.7,D,0
-17.8714,144.5583,340.3,1.1,1.1,2014-10-25,0416,Aqua,MODIS,22,6.2,319.7,22.2,D,0
-16.3566,142.572,340.8,1,1,2014-10-25,0416,Aqua,MODIS,53,6.2,321.1,17.5,D,0
-17.0462,142.571,333.9,1,1,2014-10-25,0416,Aqua,MODIS,48,6.2,318.2,7.2,D,0
-17.0475,142.5616,339.1,1,1,2014-10-25,0416,Aqua,MODIS,71,6.2,316.7,16.8,D,0
-17.0562,142.5696,340.8,1,1,2014-10-25,0416,Aqua,MODIS,81,6.2,317.8,19.7,D,0
-17.0549,142.5789,343.9,1,1,2014-10-25,0416,Aqua,MODIS,85,6.2,320,23.7,D,0
-17.0521,142.5977,343.9,1,1,2014-10-25,0416,Aqua,MODIS,85,6.2,323.3,22.5,D,0
-16.9723,142.6359,344.7,1,1,2014-10-25,0416,Aqua,MODIS,62,6.2,323,21.4,D,0
-17.0535,142.5883,343.6,1,1,2014-10-25,0416,Aqua,MODIS,85,6.2,322.2,21.9,D,0
-16.6488,142.0767,340.2,1,1,2014-10-25,0416,Aqua,MODIS,59,6.2,322.9,16.2,D,0
-16.9337,142.6529,340.8,1,1,2014-10-25,0416,Aqua,MODIS,66,6.2,322,17.1,D,0
-16.6758,142.0771,336.5,1,1,2014-10-25,0416,Aqua,MODIS,44,6.2,322.7,11.2,D,0
-16.9427,142.6543,347.4,1,1,2014-10-25,0416,Aqua,MODIS,88,6.2,322.3,29.6,D,0
-16.962,142.6439,337.8,1,1,2014-10-25,0416,Aqua,MODIS,32,6.2,321.1,11.6,D,0
-17.0007,142.6308,341.3,1,1,2014-10-25,0416,Aqua,MODIS,65,6.2,321.9,17.2,D,0
-17.0394,142.6178,337,1,1,2014-10-25,0416,Aqua,MODIS,40,6.2,321.9,10.8,D,0
-17.0399,142.5508,352.8,1,1,2014-10-25,0416,Aqua,MODIS,94,6.2,317.9,43.7,D,0
-16.8194,142.6758,338.7,1,1,2014-10-25,0416,Aqua,MODIS,65,6.2,322.3,12.7,D,0
-16.7249,145.5142,325.2,1.3,1.1,2014-10-25,0416,Aqua,MODIS,40,6.2,300.6,23.6,D,0
-16.7369,145.504,345.1,1.3,1.1,2014-10-25,0416,Aqua,MODIS,89,6.2,304.8,65.8,D,0
-16.7268,145.5022,332.3,1.3,1.1,2014-10-25,0416,Aqua,MODIS,74,6.2,300.9,36,D,0
-17.0246,142.5292,333.9,1,1,2014-10-25,0416,Aqua,MODIS,41,6.2,319.7,10.2,D,0
-17.026,142.5199,333.9,1,1,2014-10-25,0416,Aqua,MODIS,52,6.2,318.9,11,D,0
-16.7743,142.6687,342,1,1,2014-10-25,0416,Aqua,MODIS,76,6.2,322.9,18.4,D,0
-16.7308,142.6562,335.6,1,1,2014-10-25,0416,Aqua,MODIS,49,6.2,321.8,7.5,D,0
-16.7447,142.6872,335.8,1,1,2014-10-25,0416,Aqua,MODIS,15,6.2,321.7,10.6,D,0
-16.772,142.051,335.4,1,1,2014-10-25,0416,Aqua,MODIS,68,6.2,320.8,10.9,D,0
-16.7734,142.0417,335.4,1,1,2014-10-25,0416,Aqua,MODIS,53,6.2,320.3,9.8,D,0
-16.8069,142.2569,336.2,1,1,2014-10-25,0416,Aqua,MODIS,53,6.2,320.8,10.2,D,0
-17.9222,138.7736,336,1.3,1.1,2014-10-25,0416,Aqua,MODIS,70,6.2,318.2,17.2,D,0
-16.7434,142.6966,338.1,1,1,2014-10-25,0416,Aqua,MODIS,73,6.2,320.1,14.8,D,0
-18.0387,132.7035,331.5,3.8,1.8,2014-10-25,0416,Aqua,MODIS,45,6.2,314.9,66.5,D,0
-18.1993,132.7329,335.3,3.8,1.8,2014-10-25,0416,Aqua,MODIS,28,6.2,315.7,99.4,D,0
-18.1959,132.7684,341,3.7,1.8,2014-10-25,0416,Aqua,MODIS,81,6.2,312.6,173.2,D,0
-18.4564,132.6247,337.1,3.8,1.8,2014-10-25,0416,Aqua,MODIS,57,6.2,311.1,150,D,0
-18.4626,132.6331,351.8,3.8,1.8,2014-10-25,0416,Aqua,MODIS,94,6.2,309.8,340.9,D,0
-19.1911,131.9113,359.5,4.4,1.9,2014-10-25,0416,Aqua,MODIS,99,6.2,301.3,602.4,D,0
-19.195,131.8688,345.3,4.5,1.9,2014-10-25,0416,Aqua,MODIS,89,6.2,304.7,332.1,D,0
-19.1957,131.8764,353.5,4.5,1.9,2014-10-25,0416,Aqua,MODIS,96,6.2,304.7,486.3,D,0
-14.3902,131.074,347.6,4.5,1.9,2014-10-25,0417,Aqua,MODIS,92,6.2,300.6,392.2,D,0
-14.4078,131.076,336,4.5,1.9,2014-10-25,0417,Aqua,MODIS,78,6.2,301.8,219.5,D,0
-14.4088,131.0833,326.8,4.5,1.9,2014-10-25,0417,Aqua,MODIS,47,6.2,301.6,114.8,D,0
-14.4263,131.085,328.8,4.5,1.9,2014-10-25,0417,Aqua,MODIS,63,6.2,298.5,135.4,D,0
-14.4253,131.0778,330.7,4.5,1.9,2014-10-25,0417,Aqua,MODIS,73,6.2,298.8,159.1,D,0
-13.6825,132.5501,346.6,3.4,1.7,2014-10-25,0417,Aqua,MODIS,81,6.2,313.8,211.6,D,0
-14.2394,131.335,328.3,4.3,1.9,2014-10-25,0417,Aqua,MODIS,54,6.2,300.2,101.8,D,0
-14.2056,136.6328,330.2,1.7,1.3,2014-10-25,0417,Aqua,MODIS,59,6.2,304.4,37.3,D,0
-14.2261,131.2936,329.6,4.3,1.9,2014-10-25,0417,Aqua,MODIS,46,6.2,300.7,110.5,D,0
-12.3489,142.841,328.9,1.1,1,2014-10-25,0417,Aqua,MODIS,71,6.2,296.3,21.4,D,0
-14.0069,136.4931,331.7,1.7,1.3,2014-10-25,0417,Aqua,MODIS,77,6.2,311,36.5,D,0
-16.2888,131.3062,334.9,4.5,2,2014-10-25,0417,Aqua,MODIS,64,6.2,300.3,214.6,D,0
-16.3023,131.3506,334.8,4.5,2,2014-10-25,0417,Aqua,MODIS,65,6.2,301.1,200.1,D,0
-16.2882,131.3107,331.7,4.5,2,2014-10-25,0417,Aqua,MODIS,35,6.2,300.4,173.7,D,0
-16.3019,131.355,331.5,4.5,2,2014-10-25,0417,Aqua,MODIS,49,6.2,301.1,162.5,D,0
-13.6778,132.4533,352,3.4,1.7,2014-10-25,0417,Aqua,MODIS,95,6.2,312.4,266.9,D,0
-13.6716,132.457,336.7,3.4,1.7,2014-10-25,0417,Aqua,MODIS,53,6.2,310.6,105.7,D,0
-13.6874,132.4587,353.4,3.4,1.7,2014-10-25,0417,Aqua,MODIS,96,6.2,313.3,290.5,D,0
-14.2235,131.2861,328.1,4.3,1.9,2014-10-25,0417,Aqua,MODIS,37,6.2,299.8,96.1,D,0
-14.2366,131.3275,337.4,4.3,1.9,2014-10-25,0417,Aqua,MODIS,82,6.2,300.3,202.4,D,0
-13.6525,132.4876,342.3,3.4,1.7,2014-10-25,0417,Aqua,MODIS,63,6.2,310.4,170.4,D,0
-13.6741,132.4855,339.9,3.4,1.7,2014-10-25,0417,Aqua,MODIS,58,6.2,310.3,132.2,D,0
-13.6584,132.4839,338,3.4,1.7,2014-10-25,0417,Aqua,MODIS,54,6.2,311,132.4,D,0
-13.6427,132.4824,340,3.4,1.7,2014-10-25,0417,Aqua,MODIS,82,6.2,308.9,166.8,D,0
-14.3944,131.0325,328.5,4.5,2,2014-10-25,0417,Aqua,MODIS,38,6.2,296.3,131.8,D,0
-13.7482,132.6232,327.8,3.3,1.7,2014-10-25,0417,Aqua,MODIS,56,6.2,312.1,43.2,D,0
-14.3901,131.0693,339.9,4.5,1.9,2014-10-25,0417,Aqua,MODIS,85,6.2,300.5,267.9,D,0
-13.972,135.7553,327.9,1.9,1.4,2014-10-25,0417,Aqua,MODIS,54,6.2,310.3,22,D,0
-14.3727,131.0667,324.4,4.5,1.9,2014-10-25,0417,Aqua,MODIS,33,6.2,296.4,102.4,D,0
-14.6978,141.8248,345.5,1,1,2014-10-25,0417,Aqua,MODIS,90,6.2,319.5,26.9,D,0
-14.7108,141.7985,354.7,1,1,2014-10-25,0417,Aqua,MODIS,96,6.2,316.5,47.8,D,0
-14.7095,141.8078,340.9,1,1,2014-10-25,0417,Aqua,MODIS,85,6.2,319.1,19.4,D,0
-14.124,131.2346,342.1,4.3,1.9,2014-10-25,0417,Aqua,MODIS,87,6.2,299.6,281.3,D,0
-15.0052,145.1261,325.5,1.3,1.1,2014-10-25,0417,Aqua,MODIS,48,6.2,305.6,17.1,D,0
-14.3693,144.4773,329.4,1.2,1.1,2014-10-25,0417,Aqua,MODIS,67,6.2,306.6,18.3,D,0
-14.3722,144.4731,327,1.2,1.1,2014-10-25,0417,Aqua,MODIS,61,6.2,306.6,13.6,D,0
-14.3918,144.4762,326,1.2,1.1,2014-10-25,0417,Aqua,MODIS,50,6.2,308,13,D,0
-13.6317,141.6909,334.6,1,1,2014-10-25,0417,Aqua,MODIS,58,6.2,300.3,22.7,D,0
-14.1185,131.2701,348,4.3,1.9,2014-10-25,0417,Aqua,MODIS,92,6.2,302.2,362.6,D,0
-14.0042,136.4997,332.7,1.7,1.3,2014-10-25,0417,Aqua,MODIS,78,6.2,309.9,40,D,0
-14.3233,131.3887,322.7,4.2,1.9,2014-10-25,0417,Aqua,MODIS,20,6.2,297.4,72.2,D,0
-14.1226,131.2305,341.2,4.3,1.9,2014-10-25,0417,Aqua,MODIS,86,6.2,299.4,268.3,D,0
-14.2089,131.2915,345.8,4.3,1.9,2014-10-25,0417,Aqua,MODIS,90,6.2,298.7,318.5,D,0
-14.2063,131.2841,340.5,4.3,1.9,2014-10-25,0417,Aqua,MODIS,85,6.2,298.1,246.2,D,0
-14.2127,135.7117,327,2,1.4,2014-10-25,0417,Aqua,MODIS,65,6.2,310.2,25.5,D,0
-14.2102,135.7061,329.3,2,1.4,2014-10-25,0417,Aqua,MODIS,68,6.2,311,31.9,D,0
-14.2105,131.2443,329.8,4.3,1.9,2014-10-25,0417,Aqua,MODIS,52,6.2,299.4,113.5,D,0
-14.1201,131.2743,342.7,4.3,1.9,2014-10-25,0417,Aqua,MODIS,88,6.2,302,278.6,D,0
-14.2128,131.2518,328.4,4.3,1.9,2014-10-25,0417,Aqua,MODIS,35,6.2,299.9,91.8,D,0
-13.6771,132.5538,351.9,3.4,1.7,2014-10-25,0417,Aqua,MODIS,95,6.2,312.4,281.8,D,0
-15.0027,135.1906,335.3,2.2,1.4,2014-10-25,0417,Aqua,MODIS,68,6.2,314.5,53.5,D,0
-15.0005,135.1952,339.7,2.2,1.4,2014-10-25,0417,Aqua,MODIS,79,6.2,314.5,78.3,D,0
-14.3211,131.3838,323.7,4.2,1.9,2014-10-25,0417,Aqua,MODIS,18,6.2,297.9,82.3,D,0
-14.1053,131.2285,324.7,4.3,1.9,2014-10-25,0417,Aqua,MODIS,39,6.2,298.9,83.6,D,0
-14.7816,144.3405,345.1,1.2,1.1,2014-10-25,0417,Aqua,MODIS,79,6.2,311.9,42.9,D,0
-12.259,142.8313,320.5,1.1,1,2014-10-25,0417,Aqua,MODIS,59,6.2,297.3,12.5,D,0
-15.1085,142.6681,378.6,1,1,2014-10-25,0417,Aqua,MODIS,100,6.2,313.2,130.3,D,0
-15.2611,142.4494,336.5,1,1,2014-10-25,0417,Aqua,MODIS,74,6.2,313.6,16.3,D,0
-15.0988,142.6802,344.6,1,1,2014-10-25,0417,Aqua,MODIS,88,6.2,313.8,28.8,D,0
-15.1099,142.6587,331.1,1,1,2014-10-25,0417,Aqua,MODIS,30,6.2,313.4,10,D,0
-15.3499,145.215,332.4,1.3,1.1,2014-10-25,0417,Aqua,MODIS,76,6.2,303.8,33,D,0
-15.2584,142.4681,333.5,1,1,2014-10-25,0417,Aqua,MODIS,40,6.2,315.1,13.8,D,0
-15.0765,142.7056,336.7,1,1,2014-10-25,0417,Aqua,MODIS,45,6.2,315.5,16.5,D,0
-15.3449,142.2529,342.2,1,1,2014-10-25,0417,Aqua,MODIS,85,6.2,317,22.5,D,0
-15.3148,142.3338,331.1,1,1,2014-10-25,0417,Aqua,MODIS,46,6.2,315.4,8.3,D,0
-14.2079,142.1631,360.6,1,1,2014-10-25,0417,Aqua,MODIS,100,6.2,309.1,70.9,D,0
-15.3337,142.2036,333.7,1,1,2014-10-25,0417,Aqua,MODIS,57,6.2,315.7,11.7,D,0
-13.7623,142.1861,346.6,1,1,2014-10-25,0417,Aqua,MODIS,92,6.2,302.7,42.5,D,0
-15.0974,142.6896,341.7,1,1,2014-10-25,0417,Aqua,MODIS,77,6.2,313.2,24.1,D,0
-14.7098,144.3331,342.8,1.2,1.1,2014-10-25,0417,Aqua,MODIS,88,6.2,310,36.5,D,0
-15.3179,142.2487,344.4,1,1,2014-10-25,0417,Aqua,MODIS,87,6.2,317.5,27.1,D,0
-14.7616,144.3193,339.1,1.2,1.1,2014-10-25,0417,Aqua,MODIS,85,6.2,310.7,27.1,D,0
-15.2043,142.5199,337.9,1,1,2014-10-25,0417,Aqua,MODIS,66,6.2,315.4,18.4,D,0
-15.2715,142.4415,338.9,1,1,2014-10-25,0417,Aqua,MODIS,80,6.2,315.5,20.5,D,0
-15.3283,142.2408,346.3,1,1,2014-10-25,0417,Aqua,MODIS,89,6.2,317.2,29.1,D,0
-15.1001,142.6708,361.4,1,1,2014-10-25,0417,Aqua,MODIS,100,6.2,317.3,68.9,D,0
-15.0856,142.707,334.1,1,1,2014-10-25,0417,Aqua,MODIS,33,6.2,312.5,13.6,D,0
-15.3134,142.3431,335.4,1,1,2014-10-25,0417,Aqua,MODIS,71,6.2,314.3,14.4,D,0
-15.2887,142.3869,345,1,1,2014-10-25,0417,Aqua,MODIS,88,6.2,314.8,32.9,D,0
-14.1804,142.2253,344.6,1,1,2014-10-25,0417,Aqua,MODIS,90,6.2,307,37.6,D,0
-14.7719,144.3389,336.3,1.2,1.1,2014-10-25,0417,Aqua,MODIS,72,6.2,308.6,22.7,D,0
-15.3004,142.3697,339.5,1,1,2014-10-25,0417,Aqua,MODIS,81,6.2,315.6,21.8,D,0
-15.2756,142.4135,335.4,1,1,2014-10-25,0417,Aqua,MODIS,71,6.2,309.2,15.6,D,0
-15.3121,142.3524,334.7,1,1,2014-10-25,0417,Aqua,MODIS,57,6.2,315,13.5,D,0
-14.1791,142.2346,347.9,1,1,2014-10-25,0417,Aqua,MODIS,87,6.2,309.2,42.8,D,0
-14.7639,144.3265,341.4,1.2,1.1,2014-10-25,0417,Aqua,MODIS,75,6.2,310.8,31.7,D,0
-15.2288,144.9464,343.8,1.3,1.1,2014-10-25,0417,Aqua,MODIS,89,6.2,310.8,49.3,D,0
-15.2625,142.44,338.7,1,1,2014-10-25,0417,Aqua,MODIS,80,6.2,314.6,20,D,0
-14.3283,144.289,351.4,1.2,1.1,2014-10-25,0417,Aqua,MODIS,95,6.2,304.6,66.1,D,0
-15.29,142.3776,336.7,1,1,2014-10-25,0417,Aqua,MODIS,68,6.2,314.2,16.9,D,0
-15.3269,142.2501,338.6,1,1,2014-10-25,0417,Aqua,MODIS,55,6.2,315.2,14.2,D,0
-15.2133,142.5213,348.2,1,1,2014-10-25,0417,Aqua,MODIS,91,6.2,313.8,36.8,D,0
-12.4042,142.2811,351.7,1,1,2014-10-25,0417,Aqua,MODIS,90,6.2,302.8,59.6,D,0
-13.7609,142.1954,359.5,1,1,2014-10-25,0417,Aqua,MODIS,99,6.2,304.8,72.1,D,0
-13.9904,135.4993,334,2,1.4,2014-10-25,0417,Aqua,MODIS,46,6.2,311.2,53.5,D,0
-15.3907,142.1232,345.9,1,1,2014-10-25,0417,Aqua,MODIS,87,6.2,318,28.4,D,0
-12.7224,142.2532,330.8,1,1,2014-10-25,0417,Aqua,MODIS,63,6.2,299.3,19.8,D,0
-15.2597,142.4587,331.7,1,1,2014-10-25,0417,Aqua,MODIS,45,6.2,314,10.7,D,0
-15.2742,142.4228,387.6,1,1,2014-10-25,0417,Aqua,MODIS,100,6.2,317,168.3,D,0
-15.0869,142.6976,336.7,1,1,2014-10-25,0417,Aqua,MODIS,54,6.2,315,16.7,D,0
-15.1015,142.6613,337.6,1,1,2014-10-25,0417,Aqua,MODIS,71,6.2,314.9,17.6,D,0
-14.7599,144.3302,334.2,1.2,1.1,2014-10-25,0417,Aqua,MODIS,59,6.2,313.1,17.2,D,0
-12.4056,142.2717,324.1,1,1,2014-10-25,0417,Aqua,MODIS,65,6.2,297.2,12.7,D,0
-14.2066,142.1724,337.7,1,1,2014-10-25,0417,Aqua,MODIS,76,6.2,309.5,22.3,D,0
-15.1071,142.6776,354.3,1,1,2014-10-25,0417,Aqua,MODIS,96,6.2,307.2,51,D,0
-15.3193,142.2394,361.2,1,1,2014-10-25,0417,Aqua,MODIS,100,6.2,318.1,66.6,D,0
-14.3494,144.2812,332.3,1.2,1.1,2014-10-25,0417,Aqua,MODIS,80,6.2,305.7,24,D,0
-14.1218,142.3716,343.2,1,1,2014-10-25,0417,Aqua,MODIS,70,6.2,309.4,35,D,0
-15.3017,142.3604,334.6,1,1,2014-10-25,0417,Aqua,MODIS,61,6.2,316.2,13.6,D,0
-15.0911,142.6693,332.6,1,1,2014-10-25,0417,Aqua,MODIS,51,6.2,315.9,10.2,D,0
-14.3265,144.3004,335,1.2,1.1,2014-10-25,0417,Aqua,MODIS,75,6.2,307.1,27.2,D,0
-15.335,142.1944,332.6,1,1,2014-10-25,0417,Aqua,MODIS,58,6.2,315.8,10,D,0
-15.3436,142.2622,335.1,1,1,2014-10-25,0417,Aqua,MODIS,34,6.2,315.1,10.8,D,0
-15.227,144.958,334.1,1.3,1.1,2014-10-25,0417,Aqua,MODIS,70,6.2,308.1,27.3,D,0
-13.9814,142.2011,330.6,1,1,2014-10-25,0417,Aqua,MODIS,25,6.2,310.1,14.6,D,0
-15.2728,142.4321,377.5,1,1,2014-10-25,0417,Aqua,MODIS,100,6.2,318.6,123.8,D,0
-15.3195,145.2099,323.6,1.3,1.1,2014-10-25,0417,Aqua,MODIS,47,6.2,303,16.6,D,0
-15.217,144.9564,328.2,1.3,1.1,2014-10-25,0417,Aqua,MODIS,32,6.2,310,16.3,D,0
-15.2796,142.3855,335.4,1,1,2014-10-25,0417,Aqua,MODIS,75,6.2,312.1,15.8,D,0
-13.6349,141.5411,361.6,1,1,2014-10-25,0417,Aqua,MODIS,100,6.2,306.6,77.1,D,0
-13.6335,141.5503,344.9,1,1,2014-10-25,0417,Aqua,MODIS,46,6.2,307.1,36,D,0
-14.1165,142.0286,362,1,1,2014-10-25,0417,Aqua,MODIS,100,6.2,306.3,84.1,D,0
-14.1304,142.0592,340.9,1,1,2014-10-25,0417,Aqua,MODIS,70,6.2,306.7,23.9,D,0
-13.7681,142.0825,385.6,1,1,2014-10-25,0417,Aqua,MODIS,100,6.2,306,165.1,D,0
-13.6362,141.5319,343.9,1,1,2014-10-25,0417,Aqua,MODIS,89,6.2,302.9,38.9,D,0
-14.1138,142.0471,354.7,1,1,2014-10-25,0417,Aqua,MODIS,97,6.2,309.1,58.8,D,0
-14.3851,144.2429,385.6,1.2,1.1,2014-10-25,0417,Aqua,MODIS,100,6.2,310.9,209.7,D,0
-14.1048,142.0457,389.5,1,1,2014-10-25,0417,Aqua,MODIS,100,6.2,310.3,184.3,D,0
-14.1241,142.0393,363.8,1,1,2014-10-25,0417,Aqua,MODIS,100,6.2,309.6,85.6,D,0
-14.3771,144.2308,332.9,1.2,1.1,2014-10-25,0417,Aqua,MODIS,61,6.2,303.6,24.8,D,0
-14.1151,142.0379,409.6,1,1,2014-10-25,0417,Aqua,MODIS,100,6.2,316.7,306.5,D,0
-14.1228,142.0485,341.2,1,1,2014-10-25,0417,Aqua,MODIS,45,6.2,308.2,30.9,D,0
-14.1318,142.0499,346.9,1,1,2014-10-25,0417,Aqua,MODIS,86,6.2,305.7,35.8,D,0
-14.1255,142.03,331.4,1,1,2014-10-25,0417,Aqua,MODIS,79,6.2,304.2,22.5,D,0
-14.9889,135.2963,326.8,2.2,1.4,2014-10-25,0417,Aqua,MODIS,50,6.2,311.4,26.4,D,0
-14.1768,142.0569,395.2,1,1,2014-10-25,0417,Aqua,MODIS,100,6.2,316,205.4,D,0
-14.9866,135.3163,326.2,2.2,1.4,2014-10-25,0417,Aqua,MODIS,47,6.2,311.9,22,D,0
-14.3642,144.2503,344.2,1.2,1.1,2014-10-25,0417,Aqua,MODIS,91,6.2,304.5,48.9,D,0
-13.6116,141.5751,351.4,1,1,2014-10-25,0417,Aqua,MODIS,95,6.2,308.7,47.4,D,0
-14.988,135.3115,328.9,2.2,1.4,2014-10-25,0417,Aqua,MODIS,49,6.2,311.8,29,D,0
-14.1021,142.0642,372.9,1,1,2014-10-25,0417,Aqua,MODIS,100,6.2,309.3,111.4,D,0
-14.3625,144.2613,338.9,1.2,1.1,2014-10-25,0417,Aqua,MODIS,87,6.2,303.2,38,D,0
-13.6578,141.5728,337.4,1,1,2014-10-25,0417,Aqua,MODIS,55,6.2,293.6,26.3,D,0
-14.089,142.0906,385.6,1,1,2014-10-25,0417,Aqua,MODIS,100,6.2,311.9,161.9,D,0
-14.1034,142.055,349.4,1,1,2014-10-25,0417,Aqua,MODIS,88,6.2,306.6,46.7,D,0
-16.054,134.2616,332.9,2.7,1.6,2014-10-25,0417,Aqua,MODIS,63,6.2,314.4,53.2,D,0
-14.7178,144.3456,333.6,1.2,1.1,2014-10-25,0417,Aqua,MODIS,67,6.2,309.9,16.7,D,0
-14.1498,142.0527,362.9,1,1,2014-10-25,0417,Aqua,MODIS,100,6.2,310.3,77.8,D,0
-14.6831,144.4408,328.3,1.2,1.1,2014-10-25,0417,Aqua,MODIS,49,6.2,309.6,14.3,D,0
-14.7204,144.4583,330.1,1.2,1.1,2014-10-25,0417,Aqua,MODIS,57,6.2,304.9,16.6,D,0
-14.7258,144.3581,331,1.2,1.1,2014-10-25,0417,Aqua,MODIS,35,6.2,309.1,12.5,D,0
-14.7275,144.3472,342.5,1.2,1.1,2014-10-25,0417,Aqua,MODIS,88,6.2,309.7,34.1,D,0
-14.7668,144.3716,337,1.2,1.1,2014-10-25,0417,Aqua,MODIS,82,6.2,308,24.8,D,0
-15.1641,145.1586,375.9,1.3,1.1,2014-10-25,0417,Aqua,MODIS,100,6.2,306.6,184.3,D,0
-14.1511,142.0435,406.6,1,1,2014-10-25,0417,Aqua,MODIS,100,6.2,312.8,285.1,D,0
-15.166,145.1467,396.3,1.3,1.1,2014-10-25,0417,Aqua,MODIS,100,6.2,311.3,320.7,D,0
-14.1524,142.0342,324.1,1,1,2014-10-25,0417,Aqua,MODIS,15,6.2,298.2,12.2,D,0
-14.1408,142.0513,351,1,1,2014-10-25,0417,Aqua,MODIS,91,6.2,305.3,45.7,D,0
-13.6589,141.6293,332.9,1,1,2014-10-25,0417,Aqua,MODIS,32,6.2,309.4,17.2,D,0
-14.7458,144.2283,334.3,1.2,1.1,2014-10-25,0417,Aqua,MODIS,26,6.2,309.2,20.7,D,0
-14.1354,142.0883,339.5,1,1,2014-10-25,0417,Aqua,MODIS,87,6.2,307,21.3,D,0
-14.1367,142.0791,386.3,1,1,2014-10-25,0417,Aqua,MODIS,100,6.2,310.5,159.2,D,0
-14.6556,144.2851,335.7,1.2,1.1,2014-10-25,0417,Aqua,MODIS,71,6.2,312.2,23.1,D,0
-14.3041,144.4437,333.3,1.2,1.1,2014-10-25,0417,Aqua,MODIS,44,6.2,308.9,24,D,0
-14.6476,144.2727,336.9,1.2,1.1,2014-10-25,0417,Aqua,MODIS,52,6.2,311.2,23.6,D,0
-14.0967,142.1013,392.9,1,1,2014-10-25,0417,Aqua,MODIS,100,6.2,314.2,197.6,D,0
-14.107,142.0934,362.4,1,1,2014-10-25,0417,Aqua,MODIS,100,6.2,311.5,73.8,D,0
-14.1277,142.0777,335.9,1,1,2014-10-25,0417,Aqua,MODIS,76,6.2,307.6,13.9,D,0
-14.0877,142.0999,367.4,1,1,2014-10-25,0417,Aqua,MODIS,100,6.2,308.5,90.5,D,0
-14.1394,142.0606,348.8,1,1,2014-10-25,0417,Aqua,MODIS,93,6.2,305.5,38.2,D,0
-13.1266,136.2126,330.9,1.7,1.3,2014-10-25,0417,Aqua,MODIS,52,6.2,305.9,33,D,0
-13.13,136.2061,326.6,1.7,1.3,2014-10-25,0417,Aqua,MODIS,33,6.2,307.1,21.1,D,0
-14.1097,142.0749,341.7,1,1,2014-10-25,0417,Aqua,MODIS,76,6.2,310.9,26.5,D,0
-14.1754,142.0661,341.6,1,1,2014-10-25,0417,Aqua,MODIS,88,6.2,309,22.2,D,0
-14.3835,144.2538,367.9,1.2,1.1,2014-10-25,0417,Aqua,MODIS,100,6.2,309.2,122.2,D,0
-14.0953,142.1105,353.4,1,1,2014-10-25,0417,Aqua,MODIS,96,6.2,306.2,53.6,D,0
-14.1084,142.0841,373.4,1,1,2014-10-25,0417,Aqua,MODIS,100,6.2,312.6,107.7,D,0
-15.6417,133.6243,338.8,3,1.6,2014-10-25,0417,Aqua,MODIS,78,6.2,315.7,103.2,D,0
-14.7362,144.2267,354.5,1.2,1.1,2014-10-25,0417,Aqua,MODIS,96,6.2,308.6,67,D,0
-14.7441,144.2391,339.2,1.2,1.1,2014-10-25,0417,Aqua,MODIS,73,6.2,309.7,28.3,D,0
-16.1264,134.3021,337.1,2.7,1.6,2014-10-25,0417,Aqua,MODIS,65,6.2,316.2,73.2,D,0
-14.1917,142.0848,347.6,1,1,2014-10-25,0417,Aqua,MODIS,87,6.2,304,43.2,D,0
-14.184,142.0741,381.6,1,1,2014-10-25,0417,Aqua,MODIS,100,6.2,310.9,147,D,0
-15.6387,133.652,333.6,3,1.6,2014-10-25,0417,Aqua,MODIS,67,6.2,315,60.3,D,0
-14.1061,142.0365,364.5,1,1,2014-10-25,0417,Aqua,MODIS,100,6.2,304.8,88.8,D,0
-14.0665,141.9964,337.5,1,1,2014-10-25,0417,Aqua,MODIS,86,6.2,307,26.9,D,0
-14.1827,142.0834,375.3,1,1,2014-10-25,0417,Aqua,MODIS,100,6.2,312,119,D,0
-14.2043,142.1246,348.2,1,1,2014-10-25,0417,Aqua,MODIS,93,6.2,301,43.5,D,0
-14.198,142.1047,335,1,1,2014-10-25,0417,Aqua,MODIS,44,6.2,304.1,23.2,D,0
-14.207,142.1061,355,1,1,2014-10-25,0417,Aqua,MODIS,91,6.2,298.9,62.1,D,0
-14.203,142.1339,340.5,1,1,2014-10-25,0417,Aqua,MODIS,87,6.2,306.4,28,D,0
-14.2106,142.1446,334.7,1,1,2014-10-25,0417,Aqua,MODIS,64,6.2,304.6,18.6,D,0
-14.1007,142.0735,394.7,1,1,2014-10-25,0417,Aqua,MODIS,100,6.2,309.5,208.5,D,0
-14.1854,142.0648,358.6,1,1,2014-10-25,0417,Aqua,MODIS,99,6.2,305.3,71.7,D,0
-14.0994,142.0827,347.2,1,1,2014-10-25,0417,Aqua,MODIS,87,6.2,305.3,39.2,D,0
-13.3009,142.3897,330.4,1,1,2014-10-25,0417,Aqua,MODIS,71,6.2,308.7,16.2,D,0
-14.098,142.092,384.3,1,1,2014-10-25,0417,Aqua,MODIS,100,6.2,313,155.7,D,0
-15.9963,133.682,334.8,3,1.6,2014-10-25,0417,Aqua,MODIS,65,6.2,316.1,75.7,D,0
-16.2175,134.2921,337.2,2.7,1.6,2014-10-25,0417,Aqua,MODIS,69,6.2,315.5,75,D,0
-13.6129,141.5659,344.6,1,1,2014-10-25,0417,Aqua,MODIS,74,6.2,311.9,32.8,D,0
-13.6169,141.5384,363.8,1,1,2014-10-25,0417,Aqua,MODIS,100,6.2,308.7,82.8,D,0
-13.6051,141.5591,337.9,1,1,2014-10-25,0417,Aqua,MODIS,80,6.2,311.1,26.3,D,0
-13.6064,141.5499,333.8,1,1,2014-10-25,0417,Aqua,MODIS,57,6.2,311,20.5,D,0
-15.9966,133.6888,336.9,3,1.6,2014-10-25,0417,Aqua,MODIS,74,6.2,316.3,90.3,D,0
-15.6382,133.6448,338,3,1.6,2014-10-25,0417,Aqua,MODIS,77,6.2,314.9,91.1,D,0
-14.6492,144.2619,335.2,1.2,1.1,2014-10-25,0417,Aqua,MODIS,51,6.2,310.6,20.4,D,0
-13.6322,141.5595,393.3,1,1,2014-10-25,0417,Aqua,MODIS,100,6.2,308.3,197.9,D,0
-14.0904,142.0813,343.5,1,1,2014-10-25,0417,Aqua,MODIS,75,6.2,302.2,33.7,D,0
-13.7591,142.0811,378.2,1,1,2014-10-25,0417,Aqua,MODIS,100,6.2,306.7,133.1,D,0
-14.1678,142.0555,363.5,1,1,2014-10-25,0417,Aqua,MODIS,100,6.2,310.1,74.3,D,0
-13.4608,135.8017,328.9,1.9,1.3,2014-10-25,0417,Aqua,MODIS,27,6.2,306.9,30.3,D,0
-14.1381,142.0698,354.3,1,1,2014-10-25,0417,Aqua,MODIS,97,6.2,307.3,48.9,D,0
-14.1588,142.0541,364.1,1,1,2014-10-25,0417,Aqua,MODIS,100,6.2,311.1,79.4,D,0
-14.1691,142.0462,413.3,1,1,2014-10-25,0417,Aqua,MODIS,100,6.2,315.4,326.8,D,0
-15.5351,133.9054,344.2,2.8,1.6,2014-10-25,0417,Aqua,MODIS,89,6.2,313.9,133.1,D,0
-14.1601,142.0448,384.9,1,1,2014-10-25,0417,Aqua,MODIS,100,6.2,311.3,163.1,D,0
-15.2971,133.8909,332.5,2.8,1.6,2014-10-25,0417,Aqua,MODIS,48,6.2,309.2,61.1,D,0
-15.2953,133.886,333.8,2.8,1.6,2014-10-25,0417,Aqua,MODIS,65,6.2,310.1,71.7,D,0
-14.3754,144.2416,369.6,1.2,1.1,2014-10-25,0417,Aqua,MODIS,100,6.2,308.7,129.9,D,0
-15.5206,133.9038,347.9,2.8,1.6,2014-10-25,0417,Aqua,MODIS,92,6.2,313.3,166,D,0
-13.7812,142.0561,336.3,1,1,2014-10-25,0417,Aqua,MODIS,42,6.2,303.6,25.2,D,0
-12.93,142.3457,331.5,1,1,2014-10-25,0417,Aqua,MODIS,44,6.2,308.3,12.4,D,0
-12.9391,142.3472,329,1,1,2014-10-25,0417,Aqua,MODIS,40,6.2,305.4,10,D,0
-14.3818,144.2646,332.7,1.2,1.1,2014-10-25,0417,Aqua,MODIS,81,6.2,307,24.3,D,0
-14.3654,144.3069,327.8,1.2,1.1,2014-10-25,0417,Aqua,MODIS,63,6.2,306.9,13.4,D,0
-14.3721,144.2632,354.2,1.2,1.1,2014-10-25,0417,Aqua,MODIS,97,6.2,308.2,74.9,D,0
-13.6412,141.5609,342.4,1,1,2014-10-25,0417,Aqua,MODIS,64,6.2,300.5,33.2,D,0
-14.3868,144.2323,324.8,1.2,1.1,2014-10-25,0417,Aqua,MODIS,56,6.2,301.7,11.8,D,0
-14.3738,144.2523,381.1,1.2,1.1,2014-10-25,0417,Aqua,MODIS,100,6.2,311.3,183.8,D,0
-14.296,144.431,339.1,1.2,1.1,2014-10-25,0417,Aqua,MODIS,76,6.2,309.4,35.5,D,0
-15.0214,142.7646,341,1,1,2014-10-25,0417,Aqua,MODIS,39,6.2,314.3,26.8,D,0
-15.5496,133.9069,336.3,2.8,1.6,2014-10-25,0417,Aqua,MODIS,60,6.2,313.6,76.5,D,0
-13.7335,141.5628,332.5,1,1,2014-10-25,0417,Aqua,MODIS,81,6.2,306.4,18.5,D,0
-13.1913,135.7255,329,1.9,1.3,2014-10-25,0417,Aqua,MODIS,72,6.2,309.5,30.6,D,0
-15.5814,133.8842,375.9,2.8,1.6,2014-10-25,0417,Aqua,MODIS,100,6.2,316.2,542,D,0
-13.1962,135.7332,327.2,1.9,1.3,2014-10-25,0417,Aqua,MODIS,65,6.2,309.3,23.9,D,0
-15.519,133.8986,335.9,2.8,1.6,2014-10-25,0417,Aqua,MODIS,68,6.2,313.2,68.2,D,0
-15.5161,133.9245,332.4,2.8,1.6,2014-10-25,0417,Aqua,MODIS,22,6.2,312.3,44.7,D,0
-15.2001,144.9943,337.2,1.3,1.1,2014-10-25,0417,Aqua,MODIS,82,6.2,305.7,34.8,D,0
-15.1901,144.9928,343.7,1.3,1.1,2014-10-25,0417,Aqua,MODIS,89,6.2,307,49.7,D,0
-15.5837,133.8914,376.9,2.8,1.6,2014-10-25,0417,Aqua,MODIS,100,6.2,315.9,558.8,D,0
-15.5785,133.9103,344.4,2.8,1.6,2014-10-25,0417,Aqua,MODIS,89,6.2,313.4,147.2,D,0
-15.5865,133.8649,334.7,2.8,1.6,2014-10-25,0417,Aqua,MODIS,66,6.2,310.2,76.2,D,0
-14.5793,135.3574,328.5,2.1,1.4,2014-10-25,0417,Aqua,MODIS,64,6.2,310.1,27.1,D,0
-12.3743,133.6238,335.6,2.7,1.6,2014-10-25,0418,Aqua,MODIS,63,6.2,308.3,81,D,0
-12.7803,132.2551,333,3.4,1.7,2014-10-25,0418,Aqua,MODIS,80,6.2,312.3,79.4,D,0
-12.4573,133.3346,336.2,2.8,1.6,2014-10-25,0418,Aqua,MODIS,68,6.2,308.1,97.6,D,0
-12.4618,133.314,329.2,2.8,1.6,2014-10-25,0418,Aqua,MODIS,46,6.2,308.1,51.9,D,0
-11.641,132.8258,321,3,1.6,2014-10-25,0418,Aqua,MODIS,35,6.2,303.1,27.2,D,0
-12.7773,132.2274,327.7,3.5,1.8,2014-10-25,0418,Aqua,MODIS,29,6.2,308.8,37.4,D,0
-13.0586,131.2411,325.9,4.2,1.9,2014-10-25,0418,Aqua,MODIS,56,6.2,303.1,85.1,D,0
-12.7739,132.2592,330.2,3.4,1.7,2014-10-25,0418,Aqua,MODIS,64,6.2,311.7,54,D,0
-12.456,133.3658,350.4,2.8,1.6,2014-10-25,0418,Aqua,MODIS,94,6.2,311.7,205.7,D,0
-10.886,142.4785,328.4,1.1,1,2014-10-25,0418,Aqua,MODIS,81,6.2,297.9,19.9,D,0
-12.469,136.6375,333,1.6,1.2,2014-10-25,0418,Aqua,MODIS,81,6.2,304.5,39.1,D,0
-11.627,142.4453,328.4,1.1,1,2014-10-25,0418,Aqua,MODIS,78,6.2,300.3,14.9,D,0
-11.6284,142.4357,334.8,1.1,1,2014-10-25,0418,Aqua,MODIS,84,6.2,302.7,24.6,D,0
-12.784,132.2234,328,3.5,1.8,2014-10-25,0418,Aqua,MODIS,56,6.2,309.4,42.3,D,0
-12.9542,136.4156,321.3,1.7,1.3,2014-10-25,0418,Aqua,MODIS,37,6.2,301.2,15.9,D,0
-11.0236,142.4727,332.1,1.1,1,2014-10-25,0418,Aqua,MODIS,50,6.2,302.4,19.8,D,0
-11.0528,142.4672,330.6,1.1,1,2014-10-25,0418,Aqua,MODIS,75,6.2,302,17.9,D,0
-12.9558,132.8128,339.6,3.1,1.7,2014-10-25,0418,Aqua,MODIS,86,6.2,311.1,127.4,D,0
-12.9288,132.7801,327.5,3.2,1.7,2014-10-25,0418,Aqua,MODIS,35,6.2,309.4,52.3,D,0
-12.4708,136.6231,337.9,1.6,1.2,2014-10-25,0418,Aqua,MODIS,86,6.2,305.4,52.2,D,0
-12.4561,136.6505,329.7,1.6,1.2,2014-10-25,0418,Aqua,MODIS,76,6.2,303.6,30.6,D,0
-12.4727,136.6086,327.9,1.6,1.2,2014-10-25,0418,Aqua,MODIS,65,6.2,304,26,D,0
-10.874,142.3679,327.6,1.1,1,2014-10-25,0418,Aqua,MODIS,62,6.2,300.8,14.8,D,0
-12.7794,134.3184,353,2.4,1.5,2014-10-25,0418,Aqua,MODIS,96,6.2,300.8,204.7,D,0
-11.6932,132.8914,339.5,3,1.6,2014-10-25,0418,Aqua,MODIS,89,6.2,304.4,146.9,D,0
-11.4934,142.4671,339.6,1.1,1,2014-10-25,0418,Aqua,MODIS,88,6.2,302.4,34.9,D,0
-12.4449,136.6491,327,1.6,1.2,2014-10-25,0418,Aqua,MODIS,41,6.2,305,22.3,D,0
-12.4338,136.6476,325.9,1.6,1.2,2014-10-25,0418,Aqua,MODIS,43,6.2,304.8,20.1,D,0
-11.0329,142.4741,330.8,1.1,1,2014-10-25,0418,Aqua,MODIS,40,6.2,302.6,17.8,D,0
-11.6298,142.4262,335.4,1.1,1,2014-10-25,0418,Aqua,MODIS,85,6.2,304,26.4,D,0
-12.9316,132.7755,328.8,3.2,1.7,2014-10-25,0418,Aqua,MODIS,63,6.2,309.1,62.5,D,0
-11.6256,142.4549,331.9,1.1,1,2014-10-25,0418,Aqua,MODIS,82,6.2,303.1,20,D,0
-11.5391,142.5299,346.8,1.1,1,2014-10-25,0418,Aqua,MODIS,93,6.2,304,49.3,D,0
-11.531,142.5321,340.3,1.1,1,2014-10-25,0418,Aqua,MODIS,84,6.2,297.9,38.1,D,0
-10.8846,142.4883,337.1,1.1,1,2014-10-25,0418,Aqua,MODIS,77,6.2,300.7,33.3,D,0
-10.9653,142.3682,323.8,1.1,1,2014-10-25,0418,Aqua,MODIS,62,6.2,302.6,11.5,D,0
-12.4589,133.3399,341.3,2.8,1.6,2014-10-25,0418,Aqua,MODIS,88,6.2,308.7,129.2,D,0
-11.5324,142.5224,331,1.1,1,2014-10-25,0418,Aqua,MODIS,70,6.2,296.7,21.8,D,0
-11.8467,142.6952,330.6,1.1,1,2014-10-25,0418,Aqua,MODIS,80,6.2,300.2,23.8,D,0
-11.6403,132.83,320.6,3,1.6,2014-10-25,0418,Aqua,MODIS,45,6.2,302.9,26.5,D,0
-11.0649,142.4493,328.8,1.1,1,2014-10-25,0418,Aqua,MODIS,67,6.2,303,15.1,D,0
-11.0635,142.4589,330.8,1.1,1,2014-10-25,0418,Aqua,MODIS,72,6.2,303.6,17.8,D,0
-12.4542,133.3605,352.4,2.8,1.6,2014-10-25,0418,Aqua,MODIS,95,6.2,310.8,229.3,D,0
-12.379,133.6314,332.1,2.7,1.6,2014-10-25,0418,Aqua,MODIS,33,6.2,308.9,58.8,D,0
-12.7089,136.025,331,1.8,1.3,2014-10-25,0418,Aqua,MODIS,56,6.2,302.5,38.8,D,0
-12.4322,136.6566,325.7,1.6,1.2,2014-10-25,0418,Aqua,MODIS,43,6.2,301.6,20.4,D,0
-12.5373,136.0928,332.2,1.7,1.3,2014-10-25,0418,Aqua,MODIS,62,6.2,299.1,46.2,D,0
-12.5469,136.1103,327,1.7,1.3,2014-10-25,0418,Aqua,MODIS,57,6.2,300.8,32,D,0
-12.7039,136.0294,335.6,1.8,1.3,2014-10-25,0418,Aqua,MODIS,78,6.2,301.2,56.2,D,0
-12.3988,136.6522,325.8,1.6,1.2,2014-10-25,0418,Aqua,MODIS,49,6.2,306.3,20.6,D,0
-11.69,132.9183,344.9,3,1.6,2014-10-25,0418,Aqua,MODIS,93,6.2,303.4,190.7,D,0
-13.0113,132.8562,328.4,3.1,1.7,2014-10-25,0418,Aqua,MODIS,46,6.2,310.4,52.4,D,0
-11.6936,132.899,349.2,3,1.6,2014-10-25,0418,Aqua,MODIS,95,6.2,304.8,235.8,D,0
-11.6906,132.9259,332.8,3,1.6,2014-10-25,0418,Aqua,MODIS,85,6.2,302.5,95.6,D,0
-12.9692,132.8212,331.3,3.1,1.7,2014-10-25,0418,Aqua,MODIS,67,6.2,312.1,61,D,0
-12.3501,134.7487,323.2,2.2,1.4,2014-10-25,0418,Aqua,MODIS,44,6.2,299.3,29.2,D,0
-11.6784,132.8895,326.7,3,1.6,2014-10-25,0418,Aqua,MODIS,80,6.2,303.3,60.1,D,0
-31.1953,132.7631,324.1,4.1,1.9,2014-10-25,0551,Aqua,MODIS,77,6.2,301.5,64.8,D,0
-31.1921,132.7539,328.3,4.1,1.9,2014-10-25,0551,Aqua,MODIS,79,6.2,302.7,98.2,D,0
-27.2554,127.4233,353.2,2.3,1.5,2014-10-25,0552,Aqua,MODIS,82,6.2,303.5,164.8,D,0
-27.4073,128.4052,344.2,2.6,1.6,2014-10-25,0552,Aqua,MODIS,0,6.2,293.8,147.1,D,0
-27.4211,128.3588,346.6,2.6,1.6,2014-10-25,0552,Aqua,MODIS,79,6.2,289.3,157.7,D,0
-27.4157,128.3849,352.4,2.6,1.6,2014-10-25,0552,Aqua,MODIS,0,6.2,291.7,213.9,D,0
-27.4349,128.3624,360,2.6,1.6,2014-10-25,0552,Aqua,MODIS,94,6.2,311.6,279.9,D,0
-27.4295,128.3884,372.9,2.6,1.6,2014-10-25,0552,Aqua,MODIS,0,6.2,298.9,451.6,D,0
-26.8481,125.8957,349.8,1.8,1.3,2014-10-25,0552,Aqua,MODIS,51,6.2,310.7,106.8,D,0
-26.8598,125.8985,370.9,1.8,1.3,2014-10-25,0552,Aqua,MODIS,97,6.2,321.6,242.6,D,0
-26.8565,125.9168,346.7,1.8,1.3,2014-10-25,0552,Aqua,MODIS,60,6.2,310.4,86.6,D,0
-26.8537,125.9045,356,1.8,1.3,2014-10-25,0552,Aqua,MODIS,84,6.2,317.4,136.6,D,0
-26.8655,125.9073,368.7,1.8,1.3,2014-10-25,0552,Aqua,MODIS,100,6.2,319.8,223.6,D,0
-27.4941,127.6257,342.8,2.3,1.5,2014-10-25,0552,Aqua,MODIS,87,6.2,316.1,91.9,D,0
-27.4987,127.6027,368.8,2.3,1.5,2014-10-25,0552,Aqua,MODIS,100,6.2,321.4,304.8,D,0
-27.5033,127.5799,352.4,2.3,1.5,2014-10-25,0552,Aqua,MODIS,95,6.2,317.4,152,D,0
-27.4857,127.5993,359.1,2.3,1.5,2014-10-25,0552,Aqua,MODIS,99,6.2,313.2,209,D,0
-27.4903,127.5765,355,2.3,1.5,2014-10-25,0552,Aqua,MODIS,96,6.2,316.8,173.7,D,0
-26.6972,126.1454,364.9,1.9,1.3,2014-10-25,0552,Aqua,MODIS,75,6.2,291,211.5,D,0
-26.7008,126.1265,362.1,1.9,1.3,2014-10-25,0552,Aqua,MODIS,94,6.2,314.6,190.9,D,0
-27.2858,127.4076,355.3,2.3,1.5,2014-10-25,0552,Aqua,MODIS,65,6.2,315.1,181.6,D,0
-27.5164,127.5832,339.2,2.3,1.5,2014-10-25,0552,Aqua,MODIS,83,6.2,315.5,66.2,D,0
-27.2768,127.4529,365,2.3,1.5,2014-10-25,0552,Aqua,MODIS,100,6.2,309.6,275.4,D,0
-27.2913,127.4402,360.7,2.3,1.5,2014-10-25,0552,Aqua,MODIS,94,6.2,315.4,236.9,D,0
-27.5118,127.6061,358.3,2.3,1.5,2014-10-25,0552,Aqua,MODIS,99,6.2,317.5,203.5,D,0
-27.5072,127.629,347.5,2.3,1.5,2014-10-25,0552,Aqua,MODIS,91,6.2,315.3,125.7,D,0
-27.2867,127.4628,351.1,2.3,1.5,2014-10-25,0552,Aqua,MODIS,90,6.2,312.8,161.4,D,0
-23.0647,120.3424,361.6,1,1,2014-10-25,0553,Aqua,MODIS,100,6.2,318.5,71.9,D,0
-23.0631,120.3525,338.9,1,1,2014-10-25,0553,Aqua,MODIS,69,6.2,317.1,18.4,D,0
-23.0861,120.3254,337.1,1,1,2014-10-25,0553,Aqua,MODIS,48,6.2,317.9,16.9,D,0
-23.0877,120.3152,335.2,1,1,2014-10-25,0553,Aqua,MODIS,42,6.2,317.5,14.3,D,0
-23.0739,120.344,339,1,1,2014-10-25,0553,Aqua,MODIS,41,6.2,316.7,19.4,D,0
-23.0859,121.3929,338.9,1.1,1.1,2014-10-25,0553,Aqua,MODIS,48,6.2,313.7,20.1,D,0
-23.1015,121.4188,346.4,1.1,1.1,2014-10-25,0553,Aqua,MODIS,88,6.2,312.5,37.9,D,0
-25.2803,121.6906,360.5,1.1,1.1,2014-10-25,0553,Aqua,MODIS,87,6.2,315.1,75.1,D,0
-25.282,121.6796,346.7,1.1,1.1,2014-10-25,0553,Aqua,MODIS,69,6.2,318.7,35.1,D,0
-25.2708,121.6888,447.8,1.1,1.1,2014-10-25,0553,Aqua,MODIS,75,6.2,315.4,772.4,D,0
-25.2726,121.6778,445.6,1.1,1.1,2014-10-25,0553,Aqua,MODIS,100,6.2,341.3,739,D,0
-25.2743,121.6668,355.8,1.1,1.1,2014-10-25,0553,Aqua,MODIS,97,6.2,320.2,60,D,0
-23.0997,121.4299,361.3,1.1,1.1,2014-10-25,0553,Aqua,MODIS,100,6.2,312.8,80.6,D,0
-23.1093,121.4317,370.7,1.1,1.1,2014-10-25,0553,Aqua,MODIS,100,6.2,315.5,116.1,D,0
-25.276,121.6558,344.4,1.1,1.1,2014-10-25,0553,Aqua,MODIS,86,6.2,315.1,29.4,D,0
-25.2777,121.6448,337.7,1.1,1,2014-10-25,0553,Aqua,MODIS,73,6.2,317,14.9,D,0
-25.2614,121.687,354.8,1.1,1.1,2014-10-25,0553,Aqua,MODIS,83,6.2,300.2,57.1,D,0
-25.2242,122.3652,340.8,1.2,1.1,2014-10-25,0553,Aqua,MODIS,61,6.2,298.3,38.2,D,0
-23.9088,121.6166,337.8,1.1,1.1,2014-10-25,0553,Aqua,MODIS,43,6.2,291.7,27.3,D,0
-25.2261,122.3534,401.5,1.2,1.1,2014-10-25,0553,Aqua,MODIS,94,6.2,316,318.5,D,0
-23.0781,121.38,357.6,1.1,1.1,2014-10-25,0553,Aqua,MODIS,98,6.2,316.7,69.5,D,0
-23.0763,121.3911,420.1,1.1,1.1,2014-10-25,0553,Aqua,MODIS,100,6.2,326.3,453.8,D,0
-25.2631,121.676,437.3,1.1,1.1,2014-10-25,0553,Aqua,MODIS,100,6.2,334.3,626.5,D,0
-25.2649,121.665,382.8,1.1,1.1,2014-10-25,0553,Aqua,MODIS,100,6.2,329.1,161.6,D,0
-24.7083,121.9504,380.7,1.2,1.1,2014-10-25,0553,Aqua,MODIS,100,6.2,317.7,164.6,D,0
-24.7101,121.939,356.6,1.2,1.1,2014-10-25,0553,Aqua,MODIS,97,6.2,308.8,62.8,D,0
-24.6987,121.9485,363.4,1.2,1.1,2014-10-25,0553,Aqua,MODIS,100,6.2,316,85.6,D,0
-24.7005,121.9371,346.3,1.2,1.1,2014-10-25,0553,Aqua,MODIS,74,6.2,312.8,30.3,D,0
-24.7042,121.9145,348.3,1.2,1.1,2014-10-25,0553,Aqua,MODIS,90,6.2,322.6,33.1,D,0
-24.6891,121.9466,396.2,1.2,1.1,2014-10-25,0553,Aqua,MODIS,100,6.2,317.8,253.1,D,0
-24.6909,121.9353,384.6,1.2,1.1,2014-10-25,0553,Aqua,MODIS,100,6.2,319.2,173.4,D,0
-24.6946,121.9126,344.3,1.2,1.1,2014-10-25,0553,Aqua,MODIS,61,6.2,322.9,22.3,D,0
-24.6878,121.9408,364.9,1.2,1.1,2014-10-25,0553,Aqua,MODIS,100,6.2,316.1,89.3,D,0
-24.6896,121.9295,372,1.2,1.1,2014-10-25,0553,Aqua,MODIS,100,6.2,323.4,117.5,D,0
-24.6914,121.9181,344.7,1.2,1.1,2014-10-25,0553,Aqua,MODIS,50,6.2,325.2,29.1,D,0
-24.68,121.9276,382.2,1.2,1.1,2014-10-25,0553,Aqua,MODIS,100,6.2,320.5,167.3,D,0
-24.6818,121.9163,395.6,1.2,1.1,2014-10-25,0553,Aqua,MODIS,100,6.2,325,246.8,D,0
-25.2666,121.654,372.4,1.1,1.1,2014-10-25,0553,Aqua,MODIS,100,6.2,322.5,110,D,0
-25.2683,121.643,383.3,1.1,1,2014-10-25,0553,Aqua,MODIS,100,6.2,325.5,160,D,0
-23.0699,121.4934,345.7,1.2,1.1,2014-10-25,0553,Aqua,MODIS,56,6.2,306.6,43.5,D,0
-25.2502,121.6961,331.3,1.1,1.1,2014-10-25,0553,Aqua,MODIS,42,6.2,302.9,3.4,D,0
-25.252,121.6851,337.5,1.1,1.1,2014-10-25,0553,Aqua,MODIS,65,6.2,306.9,15.2,D,0
-25.2537,121.6741,349.4,1.1,1.1,2014-10-25,0553,Aqua,MODIS,91,6.2,314.7,39.3,D,0
-25.2554,121.6632,368.7,1.1,1.1,2014-10-25,0553,Aqua,MODIS,100,6.2,324.9,98.3,D,0
-25.2572,121.6522,353.7,1.1,1.1,2014-10-25,0553,Aqua,MODIS,93,6.2,323.2,46.3,D,0
-25.2589,121.6412,349.4,1.1,1,2014-10-25,0553,Aqua,MODIS,63,6.2,322.5,33.4,D,0
-22.9741,121.3878,349.1,1.1,1.1,2014-10-25,0553,Aqua,MODIS,78,6.2,313.5,50.8,D,0
-23.8992,121.6148,450.8,1.1,1.1,2014-10-25,0553,Aqua,MODIS,75,6.2,325.2,859.7,D,0
-25.4632,121.514,375.9,1.1,1,2014-10-25,0553,Aqua,MODIS,100,6.2,321.3,120.5,D,0
-25.4649,121.5032,373,1.1,1,2014-10-25,0553,Aqua,MODIS,96,6.2,325.5,105.7,D,0
-25.4504,121.5338,345,1.1,1,2014-10-25,0553,Aqua,MODIS,87,6.2,322.9,32.1,D,0
-24.7605,121.996,337.2,1.2,1.1,2014-10-25,0553,Aqua,MODIS,30,6.2,306.4,22.7,D,0
-24.7509,121.9941,338.2,1.2,1.1,2014-10-25,0553,Aqua,MODIS,29,6.2,294.5,25.4,D,0
-24.7576,121.8901,341.1,1.1,1.1,2014-10-25,0553,Aqua,MODIS,65,6.2,318.4,21.8,D,0
-24.7426,121.9221,349.1,1.2,1.1,2014-10-25,0553,Aqua,MODIS,91,6.2,319.8,40.9,D,0
-24.7499,121.8769,341.9,1.1,1.1,2014-10-25,0553,Aqua,MODIS,83,6.2,320,22.1,D,0
-24.7517,121.8657,341.7,1.1,1.1,2014-10-25,0553,Aqua,MODIS,80,6.2,318.9,22.8,D,0
-25.2606,121.6303,350.3,1.1,1,2014-10-25,0553,Aqua,MODIS,44,6.2,324.6,34.8,D,0
-25.2477,121.6504,348.3,1.1,1.1,2014-10-25,0553,Aqua,MODIS,81,6.2,320.5,34.4,D,0
-25.4411,121.5319,362.5,1.1,1,2014-10-25,0553,Aqua,MODIS,100,6.2,323.5,75,D,0
-25.4428,121.5211,358.9,1.1,1,2014-10-25,0553,Aqua,MODIS,99,6.2,324.3,61.1,D,0
-24.8036,122.0585,334.1,1.2,1.1,2014-10-25,0553,Aqua,MODIS,0,6.2,297.7,19.6,D,0
-24.8054,122.047,401.3,1.2,1.1,2014-10-25,0553,Aqua,MODIS,94,6.2,311.5,304.2,D,0
-24.8073,122.0356,360.1,1.2,1.1,2014-10-25,0553,Aqua,MODIS,100,6.2,309.9,83.5,D,0
-25.2495,121.6394,364,1.1,1,2014-10-25,0553,Aqua,MODIS,100,6.2,325,79.4,D,0
-24.7958,122.0451,451.8,1.2,1.1,2014-10-25,0553,Aqua,MODIS,75,6.2,318.9,897.2,D,0
-24.7976,122.0337,392.3,1.2,1.1,2014-10-25,0553,Aqua,MODIS,94,6.2,326.3,238.7,D,0
-22.3751,122.4283,346.5,1.3,1.1,2014-10-25,0553,Aqua,MODIS,50,6.2,324,37.6,D,0
-23.2256,120.1862,343.2,1,1,2014-10-25,0553,Aqua,MODIS,78,6.2,321.8,21,D,0
-23.2271,120.1761,339.6,1,1,2014-10-25,0553,Aqua,MODIS,53,6.2,324,13,D,0
-23.1987,120.1851,339.8,1,1,2014-10-25,0553,Aqua,MODIS,62,6.2,318.2,14.9,D,0
-25.2529,121.6175,347,1.1,1,2014-10-25,0553,Aqua,MODIS,71,6.2,325.1,28.6,D,0
-25.24,121.6376,349,1.1,1,2014-10-25,0553,Aqua,MODIS,65,6.2,321.1,35.8,D,0
-25.2306,121.6357,354.5,1.1,1,2014-10-25,0553,Aqua,MODIS,96,6.2,321.1,52.8,D,0
-24.788,122.0318,458.6,1.2,1.1,2014-10-25,0553,Aqua,MODIS,87,6.2,338.5,1013.1,D,0
-24.7899,122.0203,355.1,1.2,1.1,2014-10-25,0553,Aqua,MODIS,73,6.2,319.9,65.6,D,0
-24.7784,122.0299,450,1.2,1.1,2014-10-25,0553,Aqua,MODIS,87,6.2,323.6,865.6,D,0
-25.0975,122.2736,336.4,1.2,1.1,2014-10-25,0553,Aqua,MODIS,71,6.2,314.3,19.9,D,0
-24.7802,122.0184,412.5,1.2,1.1,2014-10-25,0553,Aqua,MODIS,100,6.2,332,394.5,D,0
-24.7706,122.0166,357.4,1.2,1.1,2014-10-25,0553,Aqua,MODIS,82,6.2,312.3,72.9,D,0
-24.7725,122.0051,368.2,1.2,1.1,2014-10-25,0553,Aqua,MODIS,83,6.2,320.6,109.4,D,0
-24.2862,121.2515,373.4,1.1,1,2014-10-25,0553,Aqua,MODIS,100,6.2,318,113.9,D,0
-23.901,121.6036,356.6,1.1,1.1,2014-10-25,0553,Aqua,MODIS,87,6.2,317.9,76.8,D,0
-24.2879,121.2408,342.7,1.1,1,2014-10-25,0553,Aqua,MODIS,82,6.2,320,23.6,D,0
-23.8897,121.6129,405.3,1.1,1.1,2014-10-25,0553,Aqua,MODIS,0,6.2,300.8,329.9,D,0
-22.373,122.441,360.3,1.3,1.1,2014-10-25,0553,Aqua,MODIS,100,6.2,322.2,87,D,0
-22.3832,122.443,349,1.3,1.1,2014-10-25,0553,Aqua,MODIS,74,6.2,322.9,46.6,D,0
-22.3934,122.445,346.6,1.3,1.1,2014-10-25,0553,Aqua,MODIS,78,6.2,323.9,41.6,D,0
-22.3914,122.4368,351.7,1.3,1.1,2014-10-25,0553,Aqua,MODIS,84,6.2,326.3,57.8,D,0
-25.4368,121.4977,367.7,1.1,1,2014-10-25,0553,Aqua,MODIS,92,6.2,323.4,85.7,D,0
-22.4016,122.4388,351.7,1.3,1.1,2014-10-25,0553,Aqua,MODIS,81,6.2,324.4,58.1,D,0
-22.4548,122.4361,346,1.3,1.1,2014-10-25,0553,Aqua,MODIS,70,6.2,318.5,43.3,D,0
-25.4385,121.4869,386.6,1.1,1,2014-10-25,0553,Aqua,MODIS,100,6.2,327.9,168.5,D,0
-24.2845,121.2622,372.8,1.1,1,2014-10-25,0553,Aqua,MODIS,100,6.2,321.2,113.2,D,0
-24.2511,121.8071,343.9,1.2,1.1,2014-10-25,0553,Aqua,MODIS,64,6.2,303.3,43.6,D,0
-24.2466,121.8111,339.2,1.2,1.1,2014-10-25,0553,Aqua,MODIS,59,6.2,304.2,30.7,D,0
-25.4623,121.5808,339,1.1,1,2014-10-25,0553,Aqua,MODIS,77,6.2,317.3,22.2,D,0
-25.4513,121.5899,381.9,1.1,1,2014-10-25,0553,Aqua,MODIS,100,6.2,317.6,157.8,D,0
-25.453,121.579,445.1,1.1,1,2014-10-25,0553,Aqua,MODIS,100,6.2,339.6,717.4,D,0
-25.4547,121.5681,385.3,1.1,1,2014-10-25,0553,Aqua,MODIS,100,6.2,331,174,D,0
-25.4564,121.5572,345.4,1.1,1,2014-10-25,0553,Aqua,MODIS,87,6.2,321.7,33.8,D,0
-25.4436,121.5772,336.7,1.1,1,2014-10-25,0553,Aqua,MODIS,70,6.2,317.6,15.8,D,0
-25.4453,121.5663,351.9,1.1,1,2014-10-25,0553,Aqua,MODIS,93,6.2,319.2,47.3,D,0
-25.447,121.5555,359.9,1.1,1,2014-10-25,0553,Aqua,MODIS,99,6.2,323.4,69,D,0
-22.3245,122.3528,349,1.3,1.1,2014-10-25,0553,Aqua,MODIS,81,6.2,323.4,42.4,D,0
-22.3267,122.3401,357.7,1.3,1.1,2014-10-25,0553,Aqua,MODIS,98,6.2,322.2,74.1,D,0
-25.4487,121.5446,348.6,1.1,1,2014-10-25,0553,Aqua,MODIS,90,6.2,323.4,38.3,D,0
-24.2334,121.8319,333.9,1.2,1.1,2014-10-25,0553,Aqua,MODIS,55,6.2,304.4,20.7,D,0
-25.4376,121.5536,350.7,1.1,1,2014-10-25,0553,Aqua,MODIS,92,6.2,320.1,41.7,D,0
-25.4393,121.5428,354.9,1.1,1,2014-10-25,0553,Aqua,MODIS,96,6.2,321.7,52.2,D,0
-23.083,120.3457,366.3,1,1,2014-10-25,0553,Aqua,MODIS,100,6.2,317.9,85.5,D,0
-23.0846,120.3355,339.6,1,1,2014-10-25,0553,Aqua,MODIS,72,6.2,317.6,20.5,D,0
-23.7055,121.1538,363.3,1.1,1,2014-10-25,0553,Aqua,MODIS,0,6.2,289.9,86.5,D,0
-23.6756,121.1592,383.4,1.1,1,2014-10-25,0553,Aqua,MODIS,0,6.2,303.1,173.9,D,0
-23.8496,122.9888,356.2,1.4,1.2,2014-10-25,0553,Aqua,MODIS,81,6.2,322.9,73.9,D,0
-23.8743,123.0145,371.1,1.4,1.2,2014-10-25,0553,Aqua,MODIS,100,6.2,323.1,147.5,D,0
-22.6224,120.5751,346.9,1.1,1,2014-10-25,0553,Aqua,MODIS,74,6.2,316,41,D,0
-22.6317,120.5768,343.9,1.1,1,2014-10-25,0553,Aqua,MODIS,74,6.2,315.7,32.2,D,0
-24.4618,121.7678,402.9,1.1,1.1,2014-10-25,0553,Aqua,MODIS,100,6.2,321.9,304.5,D,0
-24.4732,121.7584,366.2,1.1,1.1,2014-10-25,0553,Aqua,MODIS,94,6.2,304.5,101.6,D,0
-24.4714,121.7696,400.8,1.1,1.1,2014-10-25,0553,Aqua,MODIS,100,6.2,322.6,288.2,D,0
-23.8847,123.0166,395.8,1.4,1.2,2014-10-25,0553,Aqua,MODIS,100,6.2,326.7,318.9,D,0
-23.5269,120.6852,351.4,1.1,1,2014-10-25,0553,Aqua,MODIS,66,6.2,323.3,42,D,0
-23.8824,123.0298,344.1,1.4,1.2,2014-10-25,0553,Aqua,MODIS,73,6.2,316,40.1,D,0
-23.0539,120.3509,347.9,1,1,2014-10-25,0553,Aqua,MODIS,90,6.2,318.3,37.4,D,0
-25.8523,121.5981,375.1,1.1,1,2014-10-25,0553,Aqua,MODIS,100,6.2,317.4,128,D,0
-25.854,121.5873,365.5,1.1,1,2014-10-25,0553,Aqua,MODIS,100,6.2,318.4,90.3,D,0
-25.8452,121.6134,339,1.1,1,2014-10-25,0553,Aqua,MODIS,79,6.2,315.2,19.5,D,0
-25.8468,121.6025,350.7,1.1,1,2014-10-25,0553,Aqua,MODIS,92,6.2,316.9,42.5,D,0
-25.8485,121.5917,383.5,1.1,1,2014-10-25,0553,Aqua,MODIS,100,6.2,322.9,160.7,D,0
-25.8502,121.5809,361.8,1.1,1,2014-10-25,0553,Aqua,MODIS,100,6.2,320,71.4,D,0
-25.8519,121.5701,361,1.1,1,2014-10-25,0553,Aqua,MODIS,100,6.2,321.3,67.1,D,0
-25.8358,121.6115,399.5,1.1,1,2014-10-25,0553,Aqua,MODIS,100,6.2,325.1,256.5,D,0
-25.8375,121.6007,429.5,1.1,1,2014-10-25,0553,Aqua,MODIS,100,6.2,339.2,515.8,D,0
-25.8392,121.5899,383.3,1.1,1,2014-10-25,0553,Aqua,MODIS,100,6.2,326.7,159,D,0
-25.8409,121.5791,343.1,1.1,1,2014-10-25,0553,Aqua,MODIS,77,6.2,319.7,24.2,D,0
-25.8425,121.5683,365,1.1,1,2014-10-25,0553,Aqua,MODIS,100,6.2,323.6,81.1,D,0
-25.8442,121.5575,370.8,1.1,1,2014-10-25,0553,Aqua,MODIS,100,6.2,326,103.3,D,0
-25.8281,121.5989,352.2,1.1,1,2014-10-25,0553,Aqua,MODIS,94,6.2,321.6,46.8,D,0
-25.8298,121.5881,354.4,1.1,1,2014-10-25,0553,Aqua,MODIS,96,6.2,322.9,51.9,D,0
-25.8315,121.5773,337.1,1.1,1,2014-10-25,0553,Aqua,MODIS,66,6.2,319.5,14,D,0
-25.8332,121.5665,346.3,1.1,1,2014-10-25,0553,Aqua,MODIS,88,6.2,321.2,30.3,D,0
-25.8349,121.5557,347.5,1.1,1,2014-10-25,0553,Aqua,MODIS,87,6.2,323,33.8,D,0
-24.8927,122.6398,357.2,1.2,1.1,2014-10-25,0553,Aqua,MODIS,98,6.2,317.4,78.1,D,0
-23.2252,121.3066,366.1,1.1,1.1,2014-10-25,0553,Aqua,MODIS,100,6.2,317.8,96.9,D,0
-23.185,120.1516,343.7,1,1,2014-10-25,0553,Aqua,MODIS,51,6.2,323.6,15.6,D,0
-22.3577,123.1722,367.7,1.5,1.2,2014-10-25,0553,Aqua,MODIS,94,6.2,320.4,151.3,D,0
-22.3601,123.1581,346.3,1.5,1.2,2014-10-25,0553,Aqua,MODIS,44,6.2,314.6,57.4,D,0
-22.3545,123.1644,359.9,1.5,1.2,2014-10-25,0553,Aqua,MODIS,73,6.2,318.7,106.7,D,0
-22.3387,124.5083,360,1.8,1.3,2014-10-25,0553,Aqua,MODIS,87,6.2,311.1,137.7,D,0
-23.1865,120.1416,342,1,1,2014-10-25,0553,Aqua,MODIS,33,6.2,323.1,11.9,D,0
-23.1758,120.15,342.9,1,1,2014-10-25,0553,Aqua,MODIS,53,6.2,323.5,14.7,D,0
-24.8336,122.6209,361.9,1.2,1.1,2014-10-25,0553,Aqua,MODIS,100,6.2,322.3,89.1,D,0
-22.3269,124.5057,373.5,1.8,1.3,2014-10-25,0553,Aqua,MODIS,94,6.2,321.4,239.6,D,0
-22.3152,124.5032,356.4,1.8,1.3,2014-10-25,0553,Aqua,MODIS,97,6.2,321.4,113.3,D,0
-22.3176,124.5147,353.5,1.8,1.3,2014-10-25,0553,Aqua,MODIS,78,6.2,322.1,99.2,D,0
-23.8061,122.9936,361.9,1.4,1.2,2014-10-25,0553,Aqua,MODIS,94,6.2,324,89.8,D,0
-25.1652,122.6,390.9,1.2,1.1,2014-10-25,0553,Aqua,MODIS,94,6.2,311.8,249.2,D,0
-22.3207,124.4973,360.4,1.8,1.3,2014-10-25,0553,Aqua,MODIS,100,6.2,323.6,138.5,D,0
-23.2234,121.3175,365,1.1,1.1,2014-10-25,0553,Aqua,MODIS,94,6.2,315.2,93.4,D,0
-23.1713,120.1802,347,1,1,2014-10-25,0553,Aqua,MODIS,89,6.2,320.9,26.3,D,0
-24.9944,121.6838,348.2,1.1,1.1,2014-10-25,0553,Aqua,MODIS,73,6.2,316.3,43.2,D,0
-25.0014,121.6397,347.9,1.1,1.1,2014-10-25,0553,Aqua,MODIS,77,6.2,318.9,41.4,D,0
-24.9849,121.6819,372.9,1.1,1.1,2014-10-25,0553,Aqua,MODIS,100,6.2,319.6,121,D,0
-25.1574,122.5859,364.5,1.2,1.1,2014-10-25,0553,Aqua,MODIS,78,6.2,314.5,106.4,D,0
-25.1989,122.3358,352.1,1.2,1.1,2014-10-25,0553,Aqua,MODIS,94,6.2,313.2,56.9,D,0
-25.1475,122.5839,379.9,1.2,1.1,2014-10-25,0553,Aqua,MODIS,100,6.2,316.8,177.9,D,0
-24.9867,121.6709,379.8,1.1,1.1,2014-10-25,0553,Aqua,MODIS,100,6.2,321.8,151,D,0
-24.979,121.6581,351.8,1.1,1.1,2014-10-25,0553,Aqua,MODIS,93,6.2,312.5,45.8,D,0
-23.153,120.1769,338.3,1,1,2014-10-25,0553,Aqua,MODIS,77,6.2,322.8,10.5,D,0
-25.1891,122.3339,343.1,1.2,1.1,2014-10-25,0553,Aqua,MODIS,75,6.2,314.2,33.2,D,0
-24.867,122.6092,339.5,1.2,1.1,2014-10-25,0553,Aqua,MODIS,32,6.2,319.6,23.3,D,0
-24.8435,122.623,342.1,1.2,1.1,2014-10-25,0553,Aqua,MODIS,80,6.2,321,26.5,D,0
-24.8455,122.6107,338.5,1.2,1.1,2014-10-25,0553,Aqua,MODIS,31,6.2,319.9,18.9,D,0
-25.5444,122.1018,366.6,1.1,1.1,2014-10-25,0553,Aqua,MODIS,100,6.2,318.9,100,D,0
-25.5233,122.1095,362.4,1.2,1.1,2014-10-25,0553,Aqua,MODIS,100,6.2,318.1,83.9,D,0
-25.5138,122.1076,349.1,1.2,1.1,2014-10-25,0553,Aqua,MODIS,78,6.2,315.9,44.7,D,0
-25.5156,122.0962,371.7,1.1,1.1,2014-10-25,0553,Aqua,MODIS,100,6.2,320.4,118.3,D,0
-25.5175,122.0849,342.8,1.1,1.1,2014-10-25,0553,Aqua,MODIS,61,6.2,319.9,26.8,D,0
-25.4895,122.0492,389,1.1,1.1,2014-10-25,0553,Aqua,MODIS,100,6.2,320.7,211.2,D,0
-24.8769,122.6112,346.2,1.2,1.1,2014-10-25,0553,Aqua,MODIS,60,6.2,320.3,38.3,D,0
-23.0755,120.2713,349.2,1,1,2014-10-25,0553,Aqua,MODIS,73,6.2,314.6,38.3,D,0
-23.0281,120.2732,416.8,1,1,2014-10-25,0553,Aqua,MODIS,94,6.2,315.7,366.5,D,0
-24.8749,122.6234,353.7,1.2,1.1,2014-10-25,0553,Aqua,MODIS,95,6.2,321.4,58.2,D,0
-23.0296,120.2631,356.4,1,1,2014-10-25,0553,Aqua,MODIS,88,6.2,322.2,51.5,D,0
-23.0236,120.2412,342.5,1,1,2014-10-25,0553,Aqua,MODIS,78,6.2,321.1,21.2,D,0
-23.0251,120.2311,340.2,1,1,2014-10-25,0553,Aqua,MODIS,65,6.2,321.8,16.4,D,0
-24.8729,122.6356,343.1,1.2,1.1,2014-10-25,0553,Aqua,MODIS,63,6.2,318.3,26.6,D,0
-24.9577,122.7992,392.7,1.3,1.1,2014-10-25,0553,Aqua,MODIS,100,6.2,308.1,269.4,D,0
-24.9598,122.7867,430.2,1.3,1.1,2014-10-25,0553,Aqua,MODIS,100,6.2,328.2,656.2,D,0
-24.8316,122.6332,375.4,1.2,1.1,2014-10-25,0553,Aqua,MODIS,100,6.2,320.7,148.8,D,0
-24.8869,122.6133,350.7,1.2,1.1,2014-10-25,0553,Aqua,MODIS,65,6.2,319.6,55.3,D,0
-24.9619,122.7742,403,1.3,1.1,2014-10-25,0553,Aqua,MODIS,100,6.2,324.8,353.7,D,0
-24.9498,122.7847,357.3,1.3,1.1,2014-10-25,0553,Aqua,MODIS,84,6.2,321.1,75.1,D,0
-24.8848,122.6255,429.7,1.2,1.1,2014-10-25,0553,Aqua,MODIS,100,6.2,334.5,629.9,D,0
-23.2198,121.3101,365.7,1.1,1.1,2014-10-25,0553,Aqua,MODIS,100,6.2,321.1,96.8,D,0
-24.8828,122.6377,414.6,1.2,1.1,2014-10-25,0553,Aqua,MODIS,100,6.2,324.5,450,D,0
-24.8947,122.6275,374.8,1.2,1.1,2014-10-25,0553,Aqua,MODIS,100,6.2,318.7,153.3,D,0
-25.123,122.4863,388.2,1.2,1.1,2014-10-25,0553,Aqua,MODIS,0,6.2,303.1,229.8,D,0
-19.3336,122.4996,374.3,1.5,1.2,2014-10-25,0554,Aqua,MODIS,100,6.2,319.7,192.2,D,0
-21.9431,120.9745,363.6,1.1,1.1,2014-10-25,0554,Aqua,MODIS,100,6.2,314.5,93.1,D,0
-21.9779,121.0322,369.7,1.1,1.1,2014-10-25,0554,Aqua,MODIS,87,6.2,289.8,120.4,D,0
-21.9978,120.9688,362.5,1.1,1.1,2014-10-25,0554,Aqua,MODIS,100,6.2,309.6,92.4,D,0
-19.3296,122.4338,345.9,1.5,1.2,2014-10-25,0554,Aqua,MODIS,88,6.2,319.8,42.6,D,0
-19.3273,122.4478,387.1,1.5,1.2,2014-10-25,0554,Aqua,MODIS,100,6.2,320.4,280.6,D,0
-22.5914,115.735,335.4,1.2,1.1,2014-10-25,0554,Aqua,MODIS,68,6.2,319.1,15.3,D,0
-19.3312,122.5137,347.3,1.5,1.2,2014-10-25,0554,Aqua,MODIS,89,6.2,314.7,56.8,D,0
-19.3287,122.5063,370.5,1.5,1.2,2014-10-25,0554,Aqua,MODIS,100,6.2,317.1,167.6,D,0
-19.3311,122.4921,350.6,1.5,1.2,2014-10-25,0554,Aqua,MODIS,92,6.2,317.4,67.9,D,0
-19.775,123.2127,336.3,1.6,1.3,2014-10-25,0554,Aqua,MODIS,33,6.2,311.6,23.8,D,0
-20.0517,128.2705,338.5,3.8,1.8,2014-10-25,0554,Aqua,MODIS,76,6.2,314.9,125.7,D,0
-19.3106,127.5386,329.7,3.5,1.8,2014-10-25,0554,Aqua,MODIS,39,6.2,301.5,51.8,D,0
-22.295,121.2681,360.5,1.2,1.1,2014-10-25,0554,Aqua,MODIS,100,6.2,311.2,88.4,D,0
-22.2932,121.2792,367.2,1.2,1.1,2014-10-25,0554,Aqua,MODIS,94,6.2,311.2,111,D,0
-20.0464,128.2649,339.4,3.8,1.8,2014-10-25,0554,Aqua,MODIS,81,6.2,314.2,134.6,D,0
-20.1581,122.7275,338.3,1.5,1.2,2014-10-25,0554,Aqua,MODIS,43,6.2,317.4,28.5,D,0
-19.857,128.6049,384.3,4,1.9,2014-10-25,0554,Aqua,MODIS,100,6.2,318.6,1130.2,D,0
-19.8404,128.6012,400.7,4,1.9,2014-10-25,0554,Aqua,MODIS,100,6.2,311.4,1786.4,D,0
-19.8445,128.6337,348.4,4.1,1.9,2014-10-25,0554,Aqua,MODIS,81,6.2,307.1,293.4,D,0
-19.8523,128.5955,433.6,4,1.9,2014-10-25,0554,Aqua,MODIS,100,6.2,324.3,3762.8,D,0
-19.8357,128.5918,343.3,4,1.9,2014-10-25,0554,Aqua,MODIS,73,6.2,306.8,230.8,D,0
-19.8649,128.5671,377.5,4,1.9,2014-10-25,0554,Aqua,MODIS,100,6.2,317.2,916.1,D,0
-19.8484,128.5634,410.2,4,1.9,2014-10-25,0554,Aqua,MODIS,94,6.2,312.2,2240.1,D,0
-19.8642,128.4885,363.8,3.9,1.8,2014-10-25,0554,Aqua,MODIS,94,6.2,307,588.1,D,0
-19.872,128.4514,330.8,3.9,1.8,2014-10-25,0554,Aqua,MODIS,40,6.2,305.5,98.5,D,0
-19.86,128.5577,401.8,4,1.9,2014-10-25,0554,Aqua,MODIS,100,6.2,318.9,1820.7,D,0
-19.8511,128.5163,331,4,1.9,2014-10-25,0554,Aqua,MODIS,42,6.2,293.1,104.5,D,0
-19.8588,128.4789,355.9,3.9,1.8,2014-10-25,0554,Aqua,MODIS,97,6.2,303.9,438.4,D,0
-21.6973,116.355,335.4,1.1,1.1,2014-10-25,0554,Aqua,MODIS,71,6.2,321.1,13.7,D,0
-21.7201,116.4421,350.5,1.1,1.1,2014-10-25,0554,Aqua,MODIS,92,6.2,320.5,44.4,D,0
-21.7215,116.4314,348.4,1.1,1.1,2014-10-25,0554,Aqua,MODIS,90,6.2,320.7,40.7,D,0
-21.7257,116.3991,335,1.1,1.1,2014-10-25,0554,Aqua,MODIS,69,6.2,319.8,13.7,D,0
-21.727,116.3883,334,1.1,1.1,2014-10-25,0554,Aqua,MODIS,66,6.2,320.3,11.9,D,0
-21.713,116.4562,336.1,1.1,1.1,2014-10-25,0554,Aqua,MODIS,40,6.2,319.1,13.4,D,0
-21.7144,116.4454,354.9,1.1,1.1,2014-10-25,0554,Aqua,MODIS,96,6.2,321.3,54.6,D,0
-21.7159,116.4347,353.2,1.1,1.1,2014-10-25,0554,Aqua,MODIS,94,6.2,323.3,48.9,D,0
-21.7036,116.4547,336.3,1.1,1.1,2014-10-25,0554,Aqua,MODIS,64,6.2,318.9,14.3,D,0
-21.705,116.444,348.7,1.1,1.1,2014-10-25,0554,Aqua,MODIS,90,6.2,322.2,39.6,D,0
-21.2873,118.9205,360.5,1,1,2014-10-25,0554,Aqua,MODIS,0,6.2,321.4,66.2,D,0
-20.5907,119.5278,346.3,1,1,2014-10-25,0554,Aqua,MODIS,88,6.2,321.2,23.7,D,0
-21.825,117.9878,342.1,1,1,2014-10-25,0554,Aqua,MODIS,83,6.2,321.3,19.5,D,0
-21.8263,117.978,345.9,1,1,2014-10-25,0554,Aqua,MODIS,88,6.2,323.2,25.4,D,0
-21.7794,117.9249,338.8,1,1,2014-10-25,0554,Aqua,MODIS,68,6.2,321.1,13.1,D,0
-21.7622,117.9818,348.5,1,1,2014-10-25,0554,Aqua,MODIS,90,6.2,320.2,34.8,D,0
-21.7704,117.9234,349.5,1,1,2014-10-25,0554,Aqua,MODIS,91,6.2,322.2,33.3,D,0
-21.7717,117.9137,343.1,1,1,2014-10-25,0554,Aqua,MODIS,84,6.2,322,21.1,D,0
-21.7532,117.9804,364.9,1,1,2014-10-25,0554,Aqua,MODIS,100,6.2,320.8,77.5,D,0
-21.7473,117.8898,341.5,1,1,2014-10-25,0554,Aqua,MODIS,82,6.2,321.6,19.5,D,0
-21.7382,117.8884,349.2,1,1,2014-10-25,0554,Aqua,MODIS,91,6.2,322.6,33.7,D,0
-21.7292,117.8869,347.7,1,1,2014-10-25,0554,Aqua,MODIS,90,6.2,320.7,31.1,D,0
-21.7658,118.0222,336.3,1,1,2014-10-25,0554,Aqua,MODIS,29,6.2,315.8,14.8,D,0
-21.6216,117.8628,336.1,1,1,2014-10-25,0554,Aqua,MODIS,61,6.2,322.3,9.5,D,0
-21.623,117.8531,336.1,1,1,2014-10-25,0554,Aqua,MODIS,60,6.2,322.3,9.2,D,0
-19.9266,128.7061,362.5,4.1,1.9,2014-10-25,0554,Aqua,MODIS,100,6.2,317.8,542.6,D,0
-19.9242,128.7012,362.9,4.1,1.9,2014-10-25,0554,Aqua,MODIS,100,6.2,318,551.2,D,0
-19.9514,128.6715,332.6,4.1,1.9,2014-10-25,0554,Aqua,MODIS,57,6.2,313.7,86.2,D,0
-19.9347,128.6677,364.2,4.1,1.9,2014-10-25,0554,Aqua,MODIS,100,6.2,317.2,580.4,D,0
-19.9409,128.7051,332,4.1,1.9,2014-10-25,0554,Aqua,MODIS,42,6.2,315,77.3,D,0
-19.9487,128.6665,334.1,4.1,1.9,2014-10-25,0554,Aqua,MODIS,66,6.2,314.5,104,D,0
-19.9321,128.6626,362.9,4.1,1.9,2014-10-25,0554,Aqua,MODIS,100,6.2,315.8,548.8,D,0
-16.0427,125.6005,332.3,2.9,1.6,2014-10-25,0555,Aqua,MODIS,70,6.2,303.3,92.7,D,0
-16.044,125.6082,341.1,2.9,1.6,2014-10-25,0555,Aqua,MODIS,87,6.2,303.3,150.6,D,0
-15.7107,126.1493,351.9,3.3,1.7,2014-10-25,0555,Aqua,MODIS,72,6.2,297.4,295.8,D,0
-15.7137,126.1423,349.5,3.3,1.7,2014-10-25,0555,Aqua,MODIS,82,6.2,300.4,273.8,D,0
-17.2088,124.5848,339.2,2.3,1.5,2014-10-25,0555,Aqua,MODIS,82,6.2,299.5,98.4,D,0
-17.2539,124.4831,336.1,2.3,1.5,2014-10-25,0555,Aqua,MODIS,78,6.2,302.7,73.8,D,0
-17.213,124.6126,342,2.3,1.5,2014-10-25,0555,Aqua,MODIS,80,6.2,300.8,109.7,D,0
-17.2182,124.6089,334.2,2.3,1.5,2014-10-25,0555,Aqua,MODIS,62,6.2,302.9,70.5,D,0
-17.2169,124.5913,345.2,2.3,1.5,2014-10-25,0555,Aqua,MODIS,88,6.2,307.1,128.2,D,0
-17.2038,124.5887,341.1,2.3,1.5,2014-10-25,0555,Aqua,MODIS,81,6.2,295.9,108.2,D,0
-17.7406,125.6381,343.5,2.7,1.6,2014-10-25,0555,Aqua,MODIS,77,6.2,308.5,127,D,0
-17.7359,125.6632,337.9,2.7,1.6,2014-10-25,0555,Aqua,MODIS,56,6.2,307.4,88.3,D,0
-29.6165,152.2774,306.7,3.4,1.7,2014-10-25,1200,Terra,MODIS,48,6.2,289.8,44.2,N,0
-25.0803,151.4469,300.1,3.4,1.7,2014-10-25,1201,Terra,MODIS,13,6.2,290,24.9,N,0
-33.0075,137.58,300.7,1,1,2014-10-25,1337,Terra,MODIS,32,6.2,288.7,5,N,0
-16.8474,142.0795,315.3,2.5,1.5,2014-10-25,1341,Terra,MODIS,91,6.2,294.3,48.7,N,0
-16.8419,142.0729,322.2,2.5,1.5,2014-10-25,1341,Terra,MODIS,100,6.2,294.8,74.2,N,0
-16.4178,141.5546,324.6,2.4,1.5,2014-10-25,1341,Terra,MODIS,100,6.2,295.7,76.9,N,0
-16.4084,141.5299,369.2,2.4,1.5,2014-10-25,1341,Terra,MODIS,100,6.2,296.1,397.5,N,0
-19.9484,128.6877,305.6,2.1,1.4,2014-10-25,1341,Terra,MODIS,65,6.2,293.9,16.8,N,0
-19.9488,128.6812,310.8,2.1,1.4,2014-10-25,1341,Terra,MODIS,81,6.2,294.6,28,N,0
-19.9504,128.6676,316.2,2.1,1.4,2014-10-25,1341,Terra,MODIS,93,6.2,295.6,40.7,N,0
-19.951,128.6611,310.1,2.1,1.4,2014-10-25,1341,Terra,MODIS,79,6.2,295.5,26.7,N,0
-16.322,142.5916,322,2.9,1.6,2014-10-25,1341,Terra,MODIS,100,6.2,296.4,73.9,N,0
-16.4499,142.4944,307.7,2.8,1.6,2014-10-25,1341,Terra,MODIS,47,6.2,295.9,23.7,N,0
-16.357,142.5768,311.1,2.8,1.6,2014-10-25,1341,Terra,MODIS,62,6.2,295.6,34.3,N,0
-16.4289,142.51,310.9,2.8,1.6,2014-10-25,1341,Terra,MODIS,43,6.2,295.9,32.5,N,0
-16.3326,142.6268,316,2.9,1.6,2014-10-25,1341,Terra,MODIS,92,6.2,296.1,54.4,N,0
-16.3316,142.6212,337.6,2.9,1.6,2014-10-25,1341,Terra,MODIS,100,6.2,297.1,168.7,N,0
-16.3171,142.6181,345.2,2.9,1.6,2014-10-25,1341,Terra,MODIS,100,6.2,297.4,228.6,N,0
-16.3269,142.5653,312.3,2.8,1.6,2014-10-25,1341,Terra,MODIS,50,6.2,295.7,36.9,N,0
-16.3376,142.6003,333.3,2.9,1.6,2014-10-25,1341,Terra,MODIS,100,6.2,297,141.4,N,0
-16.2833,142.6389,315.1,2.9,1.6,2014-10-25,1341,Terra,MODIS,37,6.2,295.5,47.1,N,0
-16.3364,142.5946,327.9,2.9,1.6,2014-10-25,1341,Terra,MODIS,100,6.2,296.8,105.5,N,0
-16.3556,142.5711,311,2.8,1.6,2014-10-25,1341,Terra,MODIS,80,6.2,295.5,35,N,0
-16.2775,142.659,317,2.9,1.6,2014-10-25,1341,Terra,MODIS,80,6.2,295.4,58.1,N,0
-16.4479,142.487,306.5,2.8,1.6,2014-10-25,1341,Terra,MODIS,52,6.2,295.7,21.1,N,0
-18.4522,132.6512,308,1.1,1.1,2014-10-25,1341,Terra,MODIS,54,6.2,295.4,7.3,N,0
-18.1907,132.7659,306.2,1.1,1,2014-10-25,1341,Terra,MODIS,67,6.2,296.1,6.7,N,0
-19.1819,131.0657,307.3,1.4,1.2,2014-10-25,1341,Terra,MODIS,35,6.2,295.4,13.3,N,0
-18.7484,130.9624,310.7,1.4,1.2,2014-10-25,1341,Terra,MODIS,81,6.2,283.5,18.3,N,0
-19.0395,132.0515,310.1,1.2,1.1,2014-10-25,1341,Terra,MODIS,79,6.2,291.2,11.6,N,0
-18.7468,130.9756,332.8,1.4,1.2,2014-10-25,1341,Terra,MODIS,100,6.2,289,54.8,N,0
-18.3531,132.7057,305.3,1.1,1.1,2014-10-25,1341,Terra,MODIS,64,6.2,295.3,6.2,N,0
-18.1813,132.7645,310.1,1.1,1,2014-10-25,1341,Terra,MODIS,79,6.2,295.6,9.5,N,0
-18.2355,132.7575,316.5,1.1,1,2014-10-25,1341,Terra,MODIS,93,6.2,296.4,14.2,N,0
-21.4472,130.9038,305.7,1.5,1.2,2014-10-25,1341,Terra,MODIS,43,6.2,293.9,10.5,N,0
-21.4497,130.8949,309.7,1.5,1.2,2014-10-25,1341,Terra,MODIS,78,6.2,294.6,16.5,N,0
-18.4209,132.6682,309.2,1.1,1.1,2014-10-25,1341,Terra,MODIS,77,6.2,295.7,8.6,N,0
-18.4318,132.659,309.1,1.1,1.1,2014-10-25,1341,Terra,MODIS,49,6.2,295.9,7.9,N,0
-14.4415,131.4081,320.2,1.2,1.1,2014-10-25,1342,Terra,MODIS,100,6.2,296,20,N,0
-14.4965,131.2153,323.8,1.2,1.1,2014-10-25,1342,Terra,MODIS,100,6.2,298.7,22.2,N,0
-14.495,131.2263,314.9,1.2,1.1,2014-10-25,1342,Terra,MODIS,65,6.2,298.7,10.6,N,0
-14.5049,131.2276,392.2,1.2,1.1,2014-10-25,1342,Terra,MODIS,100,6.2,309.8,269,N,0
-14.5034,131.2386,422.7,1.2,1.1,2014-10-25,1342,Terra,MODIS,100,6.2,317,540.8,N,0
-14.503,131.3169,311,1.2,1.1,2014-10-25,1342,Terra,MODIS,77,6.2,296.6,9.5,N,0
-14.4918,131.3265,361.6,1.2,1.1,2014-10-25,1342,Terra,MODIS,100,6.2,299.7,113.5,N,0
-14.4933,131.3156,351.4,1.2,1.1,2014-10-25,1342,Terra,MODIS,100,6.2,300.5,80.7,N,0
-14.4947,131.3046,316.3,1.2,1.1,2014-10-25,1342,Terra,MODIS,91,6.2,297.6,14.3,N,0
-14.5016,131.3279,321.7,1.2,1.1,2014-10-25,1342,Terra,MODIS,100,6.2,297.3,22,N,0
-14.485,131.3032,315.4,1.2,1.1,2014-10-25,1342,Terra,MODIS,89,6.2,297.1,12.9,N,0
-14.4864,131.2922,314.7,1.2,1.1,2014-10-25,1342,Terra,MODIS,87,6.2,297,11.9,N,0
-14.4781,131.2798,308.2,1.2,1.1,2014-10-25,1342,Terra,MODIS,48,6.2,296.7,6.4,N,0
-14.2087,131.3129,307.7,1.2,1.1,2014-10-25,1342,Terra,MODIS,54,6.2,296,6.2,N,0
-14.199,131.3115,305.4,1.2,1.1,2014-10-25,1342,Terra,MODIS,37,6.2,295.4,4.5,N,0
-14.4904,131.3374,321.5,1.2,1.1,2014-10-25,1342,Terra,MODIS,100,6.2,295.7,21.9,N,0
-14.416,131.1301,306.5,1.2,1.1,2014-10-25,1342,Terra,MODIS,56,6.2,295.6,6.6,N,0
-14.3002,131.0843,332.9,1.2,1.1,2014-10-25,1342,Terra,MODIS,100,6.2,297.3,38.5,N,0
-14.2988,131.0955,324.7,1.2,1.1,2014-10-25,1342,Terra,MODIS,100,6.2,297.6,26,N,0
-14.313,131.0633,318.6,1.2,1.1,2014-10-25,1342,Terra,MODIS,97,6.2,296.8,16.4,N,0
-14.3169,131.4114,307.8,1.2,1.1,2014-10-25,1342,Terra,MODIS,55,6.2,296.9,6.3,N,0
-14.3184,131.4006,315.7,1.2,1.1,2014-10-25,1342,Terra,MODIS,90,6.2,297.1,13.8,N,0
-14.3115,131.0745,309.7,1.2,1.1,2014-10-25,1342,Terra,MODIS,28,6.2,296,6.9,N,0
-14.3101,131.0857,345.3,1.2,1.1,2014-10-25,1342,Terra,MODIS,100,6.2,298,66.6,N,0
-14.4512,131.4094,306.6,1.2,1.1,2014-10-25,1342,Terra,MODIS,58,6.2,295,7.1,N,0
-14.4401,131.4189,311.6,1.2,1.1,2014-10-25,1342,Terra,MODIS,39,6.2,295.9,10.1,N,0
-14.4578,131.1927,305.5,1.2,1.1,2014-10-25,1342,Terra,MODIS,24,6.2,295.1,5.3,N,0
-14.2645,131.3599,307.8,1.2,1.1,2014-10-25,1342,Terra,MODIS,13,6.2,296.7,5.8,N,0
-14.429,131.4283,323.8,1.2,1.1,2014-10-25,1342,Terra,MODIS,100,6.2,296.7,24.1,N,0
-14.4255,131.433,322.1,1.2,1.1,2014-10-25,1342,Terra,MODIS,100,6.2,297,21.2,N,0
-14.2816,131.0645,318,1.2,1.1,2014-10-25,1342,Terra,MODIS,67,6.2,295.1,16.8,N,0
-14.2054,136.6241,304.2,1.2,1.1,2014-10-25,1342,Terra,MODIS,59,6.2,293.8,6.7,N,0
-14.427,131.4223,311.8,1.2,1.1,2014-10-25,1342,Terra,MODIS,80,6.2,296.2,9.6,N,0
-14.4159,131.4317,315.2,1.2,1.1,2014-10-25,1342,Terra,MODIS,89,6.2,297.6,12.9,N,0
-14.3965,131.429,309.5,1.2,1.1,2014-10-25,1342,Terra,MODIS,39,6.2,297.3,7.1,N,0
-14.3086,131.0969,347.6,1.2,1.1,2014-10-25,1342,Terra,MODIS,100,6.2,298.6,72.7,N,0
-14.2631,131.3707,311.5,1.2,1.1,2014-10-25,1342,Terra,MODIS,62,6.2,297,9.1,N,0
-14.2728,131.3721,314,1.2,1.1,2014-10-25,1342,Terra,MODIS,64,6.2,297.6,11.3,N,0
-14.2242,131.2707,320.5,1.2,1.1,2014-10-25,1342,Terra,MODIS,100,6.2,296.5,20.3,N,0
-14.2257,131.2597,311.8,1.2,1.1,2014-10-25,1342,Terra,MODIS,81,6.2,296.2,10.8,N,0
-14.2145,131.2693,307.3,1.2,1.1,2014-10-25,1342,Terra,MODIS,65,6.2,295.8,6.8,N,0
-14.4276,131.4391,308.4,1.2,1.1,2014-10-25,1342,Terra,MODIS,67,6.2,296.3,7.3,N,0
-14.4769,131.2124,307.1,1.2,1.1,2014-10-25,1342,Terra,MODIS,9,6.2,296.3,4.9,N,0
-15.6102,133.8972,315.6,1,1,2014-10-25,1342,Terra,MODIS,74,6.2,299.5,10,N,0
-13.671,141.5617,313.1,2.7,1.6,2014-10-25,1342,Terra,MODIS,75,6.2,291.3,46.9,N,0
-14.2272,142.055,304.8,2.9,1.6,2014-10-25,1342,Terra,MODIS,2,6.2,291,23.4,N,0
-16.1126,126.0421,317.8,3,1.6,2014-10-25,1342,Terra,MODIS,96,6.2,291.6,67.7,N,0
-14.1646,141.9886,318.3,2.8,1.6,2014-10-25,1342,Terra,MODIS,97,6.2,289.5,69.9,N,0
-15.6205,133.8893,312,1,1,2014-10-25,1342,Terra,MODIS,34,6.2,299.4,7.2,N,0
-15.6218,133.88,314.8,1,1,2014-10-25,1342,Terra,MODIS,78,6.2,299.3,9.5,N,0
-14.179,141.9915,327.9,2.8,1.6,2014-10-25,1342,Terra,MODIS,100,6.2,290.4,115.8,N,0
-13.6666,141.5864,308.1,2.7,1.6,2014-10-25,1342,Terra,MODIS,26,6.2,290.9,31.1,N,0
-15.6115,133.8879,322.6,1,1,2014-10-25,1342,Terra,MODIS,100,6.2,299.5,16.1,N,0
-14.2284,142.0608,308.8,2.9,1.6,2014-10-25,1342,Terra,MODIS,31,6.2,291.4,33.7,N,0
-16.4205,131.3702,307.7,1.2,1.1,2014-10-25,1342,Terra,MODIS,32,6.2,279.5,10.7,N,0
-16.422,131.3585,315.8,1.2,1.1,2014-10-25,1342,Terra,MODIS,80,6.2,282.3,18.5,N,0
-16.4235,131.3468,324.9,1.2,1.1,2014-10-25,1342,Terra,MODIS,100,6.2,283.2,30.5,N,0
-16.4105,131.3688,313.3,1.2,1.1,2014-10-25,1342,Terra,MODIS,86,6.2,275,16.2,N,0
-16.412,131.3571,317.5,1.2,1.1,2014-10-25,1342,Terra,MODIS,92,6.2,279.2,20.4,N,0
-16.4136,131.3454,329.2,1.2,1.1,2014-10-25,1342,Terra,MODIS,100,6.2,280.8,38,N,0
-16.1097,126.0699,317.6,3,1.6,2014-10-25,1342,Terra,MODIS,95,6.2,291.7,65.7,N,0
-15.6012,133.8959,314.8,1,1,2014-10-25,1342,Terra,MODIS,88,6.2,298.7,9.1,N,0
-13.6579,141.6363,307.1,2.7,1.6,2014-10-25,1342,Terra,MODIS,70,6.2,291.1,30.8,N,0
-15.6128,133.8786,311.2,1,1,2014-10-25,1342,Terra,MODIS,50,6.2,298.4,6.3,N,0
-16.812,130.7569,319.8,1.4,1.2,2014-10-25,1342,Terra,MODIS,99,6.2,297.7,22,N,0
-16.8062,130.7497,311.6,1.4,1.2,2014-10-25,1342,Terra,MODIS,71,6.2,297.9,10.8,N,0
-16.787,130.734,316.5,1.4,1.2,2014-10-25,1342,Terra,MODIS,93,6.2,299,17.5,N,0
-16.7886,130.7213,312.5,1.4,1.2,2014-10-25,1342,Terra,MODIS,83,6.2,298,12.9,N,0
-15.5302,133.8125,313.6,1,1,2014-10-25,1342,Terra,MODIS,86,6.2,298.3,9.4,N,0
-14.1983,142.0494,312.8,2.9,1.6,2014-10-25,1342,Terra,MODIS,31,6.2,290,43.6,N,0
-16.922,130.7775,318.7,1.4,1.2,2014-10-25,1342,Terra,MODIS,97,6.2,297.4,22.4,N,0
-16.9549,130.769,312.6,1.4,1.2,2014-10-25,1342,Terra,MODIS,83,6.2,297.9,13.8,N,0
-16.9445,130.7674,315.4,1.4,1.2,2014-10-25,1342,Terra,MODIS,90,6.2,297.6,17.4,N,0
-14.1839,142.0465,308.7,2.9,1.6,2014-10-25,1342,Terra,MODIS,25,6.2,289.1,32.2,N,0
-15.6275,133.6426,311.4,1,1,2014-10-25,1342,Terra,MODIS,80,6.2,298.3,7.5,N,0
-16.14,134.3102,308.9,1,1,2014-10-25,1342,Terra,MODIS,71,6.2,297.2,6.1,N,0
-14.1936,142.0757,318.1,2.9,1.6,2014-10-25,1342,Terra,MODIS,67,6.2,290.4,63.9,N,0
-14.2137,142.1401,308.8,2.9,1.6,2014-10-25,1342,Terra,MODIS,22,6.2,289.7,32.4,N,0
-14.2131,142.1345,306.8,2.9,1.6,2014-10-25,1342,Terra,MODIS,67,6.2,289.8,29.6,N,0
-14.1886,142.0204,314.6,2.9,1.6,2014-10-25,1342,Terra,MODIS,72,6.2,288.9,52.5,N,0
-16.2357,134.2839,313.5,1,1,2014-10-25,1342,Terra,MODIS,85,6.2,297.6,9.3,N,0
-16.2254,134.2918,307.4,1,1,2014-10-25,1342,Terra,MODIS,37,6.2,296.9,5,N,0
-14.1776,141.9845,327,2.8,1.6,2014-10-25,1342,Terra,MODIS,87,6.2,290.2,107.4,N,0
-15.5882,133.9223,317.5,1,1,2014-10-25,1342,Terra,MODIS,95,6.2,298.5,11.7,N,0
-15.5895,133.9131,329.9,1,1,2014-10-25,1342,Terra,MODIS,100,6.2,298.8,24.8,N,0
-13.7895,142.104,302.1,3,1.6,2014-10-25,1342,Terra,MODIS,21,6.2,291.1,16.9,N,0
-13.6623,141.6113,308.8,2.7,1.6,2014-10-25,1342,Terra,MODIS,76,6.2,291.1,35.8,N,0
-13.7946,142.001,301.6,2.9,1.6,2014-10-25,1342,Terra,MODIS,32,6.2,290.6,17.6,N,0
-13.7937,141.9942,302.1,2.9,1.6,2014-10-25,1342,Terra,MODIS,40,6.2,290.4,19.7,N,0
-14.2225,142.0814,319.3,2.9,1.6,2014-10-25,1342,Terra,MODIS,98,6.2,292,73.5,N,0
-15.5998,133.9052,330,1,1,2014-10-25,1342,Terra,MODIS,100,6.2,300,25.2,N,0
-15.5985,133.9144,332.6,1,1,2014-10-25,1342,Terra,MODIS,100,6.2,299.6,29,N,0
-13.7896,142.1106,301.2,3,1.6,2014-10-25,1342,Terra,MODIS,35,6.2,291.1,15.4,N,0
-14.2236,142.0871,313.9,2.9,1.6,2014-10-25,1342,Terra,MODIS,27,6.2,291.7,48.4,N,0
-15.8984,133.8743,309.1,1,1,2014-10-25,1342,Terra,MODIS,50,6.2,297.4,5.7,N,0
-15.5702,133.9196,308.1,1,1,2014-10-25,1342,Terra,MODIS,23,6.2,297.7,4.6,N,0
-15.5792,133.921,311.9,1,1,2014-10-25,1342,Terra,MODIS,55,6.2,297.7,7.2,N,0
-14.4795,131.2688,315.5,1.2,1.1,2014-10-25,1342,Terra,MODIS,90,6.2,296.6,13.5,N,0
-14.2884,131.0883,321.5,1.2,1.1,2014-10-25,1342,Terra,MODIS,100,6.2,296.7,22.3,N,0
-14.2801,131.0757,315.4,1.2,1.1,2014-10-25,1342,Terra,MODIS,90,6.2,294.3,14.8,N,0
-14.3785,131.4156,312.7,1.2,1.1,2014-10-25,1342,Terra,MODIS,33,6.2,297.2,9.8,N,0
-14.3509,131.4005,310,1.2,1.1,2014-10-25,1342,Terra,MODIS,72,6.2,296.2,8.5,N,0
-14.4697,131.2675,305.8,1.2,1.1,2014-10-25,1342,Terra,MODIS,23,6.2,295.7,4.7,N,0
-14.4332,131.0755,309.6,1.2,1.1,2014-10-25,1342,Terra,MODIS,18,6.2,295.6,8.7,N,0
-14.4317,131.0868,319.6,1.2,1.1,2014-10-25,1342,Terra,MODIS,99,6.2,296.7,19.6,N,0
-14.2903,131.0829,330,1.2,1.1,2014-10-25,1342,Terra,MODIS,100,6.2,297.3,33.3,N,0
-14.502,131.2498,387.9,1.2,1.1,2014-10-25,1342,Terra,MODIS,100,6.2,307.7,240.7,N,0
-14.5005,131.2607,323.8,1.2,1.1,2014-10-25,1342,Terra,MODIS,100,6.2,299.7,23,N,0
-14.4303,131.0981,315.7,1.2,1.1,2014-10-25,1342,Terra,MODIS,77,6.2,297.2,14.8,N,0
-14.4809,131.2579,311.1,1.2,1.1,2014-10-25,1342,Terra,MODIS,51,6.2,296.8,8.5,N,0
-14.4907,131.2594,361.3,1.2,1.1,2014-10-25,1342,Terra,MODIS,100,6.2,300.8,111.6,N,0
-14.2899,131.0771,325.1,1.2,1.1,2014-10-25,1342,Terra,MODIS,100,6.2,297,26.8,N,0
-14.4922,131.2483,357.5,1.2,1.1,2014-10-25,1342,Terra,MODIS,100,6.2,299.8,98.3,N,0
-15.2949,142.4269,311.1,2.9,1.6,2014-10-25,1342,Terra,MODIS,57,6.2,294,38.5,N,0
-15.3386,142.3529,328.8,2.9,1.6,2014-10-25,1342,Terra,MODIS,100,6.2,294.9,114.1,N,0
-15.3434,142.3265,313,2.9,1.6,2014-10-25,1342,Terra,MODIS,86,6.2,294.5,43.3,N,0
-14.0589,136.4429,312.7,1.2,1.1,2014-10-25,1342,Terra,MODIS,86,6.2,294.4,13.7,N,0
-15.3626,142.3032,314.2,2.8,1.6,2014-10-25,1342,Terra,MODIS,89,6.2,294.5,46.7,N,0
-14.0686,136.4445,305.4,1.2,1.1,2014-10-25,1342,Terra,MODIS,64,6.2,293.6,7.9,N,0
-14.077,142.2126,302.1,3,1.6,2014-10-25,1342,Terra,MODIS,47,6.2,290.4,21.1,N,0
-15.3579,142.3294,321.5,2.9,1.6,2014-10-25,1342,Terra,MODIS,100,6.2,295.1,77.7,N,0
-12.7162,142.2062,308.1,3.2,1.7,2014-10-25,1342,Terra,MODIS,59,6.2,291.5,43.1,N,0
-15.275,142.4452,313.9,2.9,1.6,2014-10-25,1342,Terra,MODIS,31,6.2,294,46.9,N,0
-15.2896,142.4481,309.9,2.9,1.6,2014-10-25,1342,Terra,MODIS,17,6.2,293.8,33.7,N,0
-14.0669,136.4553,315.6,1.2,1.1,2014-10-25,1342,Terra,MODIS,92,6.2,293.5,17.4,N,0
-15.3482,142.3003,306.9,2.8,1.6,2014-10-25,1342,Terra,MODIS,46,6.2,294.1,23.4,N,0
-15.2754,142.4509,317,2.9,1.6,2014-10-25,1342,Terra,MODIS,88,6.2,294.2,60.7,N,0
-15.3721,142.251,315.5,2.8,1.6,2014-10-25,1342,Terra,MODIS,91,6.2,294.9,52.1,N,0
-15.3338,142.3794,326.6,2.9,1.6,2014-10-25,1342,Terra,MODIS,100,6.2,295.2,105,N,0
-14.0573,136.4537,312,1.2,1.1,2014-10-25,1342,Terra,MODIS,84,6.2,294.4,13.1,N,0
-15.3768,142.2252,307.3,2.8,1.6,2014-10-25,1342,Terra,MODIS,71,6.2,294.5,25.7,N,0
-15.1131,142.6632,305,3.1,1.7,2014-10-25,1342,Terra,MODIS,62,6.2,291.6,27,N,0
-13.7548,142.2175,301.6,3,1.7,2014-10-25,1342,Terra,MODIS,43,6.2,291.5,18.4,N,0
-13.7555,142.211,301.6,3,1.7,2014-10-25,1342,Terra,MODIS,43,6.2,291.5,19.2,N,0
-12.8049,132.9284,310,1,1,2014-10-25,1343,Terra,MODIS,64,6.2,297.3,5.7,N,0
-12.9484,133.0849,309,1,1,2014-10-25,1343,Terra,MODIS,34,6.2,296.9,5.3,N,0
-12.8101,132.8913,317.7,1,1,2014-10-25,1343,Terra,MODIS,95,6.2,299.2,12.1,N,0
-12.7804,132.9719,310.1,1,1,2014-10-25,1343,Terra,MODIS,39,6.2,296.4,5.4,N,0
-13.3542,134.1116,307.4,1,1,2014-10-25,1343,Terra,MODIS,20,6.2,295.1,5.1,N,0
-13.3994,134.0527,314.6,1,1,2014-10-25,1343,Terra,MODIS,89,6.2,295.9,10.9,N,0
-12.4512,136.6552,305,1.3,1.1,2014-10-25,1343,Terra,MODIS,46,6.2,293.2,7.6,N,0
-12.4629,136.6452,303.9,1.3,1.1,2014-10-25,1343,Terra,MODIS,26,6.2,293.2,6.6,N,0
-12.9253,132.791,305.2,1,1,2014-10-25,1343,Terra,MODIS,36,6.2,295,4.2,N,0
-12.7791,132.9811,315.6,1,1,2014-10-25,1343,Terra,MODIS,90,6.2,297.1,10,N,0
-13.3825,134.1065,308.2,1,1,2014-10-25,1343,Terra,MODIS,14,6.2,296.1,5.5,N,0
-12.4623,133.3381,308.1,1,1,2014-10-25,1343,Terra,MODIS,50,6.2,296.3,4.7,N,0
-12.7997,132.9654,335,1,1,2014-10-25,1343,Terra,MODIS,100,6.2,298.4,32.5,N,0
-12.801,132.9561,307.5,1,1,2014-10-25,1343,Terra,MODIS,7,6.2,296.2,3.9,N,0
-13.3285,134.353,306.1,1,1,2014-10-25,1343,Terra,MODIS,61,6.2,294.5,5.3,N,0
-12.7701,132.9798,306.3,1,1,2014-10-25,1343,Terra,MODIS,28,6.2,296,3.4,N,0
-13.6495,132.4639,319,1,1,2014-10-25,1343,Terra,MODIS,77,6.2,296,13.3,N,0
-13.1345,133.1342,311.9,1,1,2014-10-25,1343,Terra,MODIS,58,6.2,299.2,6,N,0
-12.9895,133.1194,307.9,1,1,2014-10-25,1343,Terra,MODIS,12,6.2,296.9,4.1,N,0
-13.0493,132.8884,343.6,1,1,2014-10-25,1343,Terra,MODIS,100,6.2,299.7,46.7,N,0
-13.0325,133.1414,312.8,1,1,2014-10-25,1343,Terra,MODIS,83,6.2,298.3,7.2,N,0
-13.0506,132.8791,313.4,1,1,2014-10-25,1343,Terra,MODIS,77,6.2,297.8,8.6,N,0
-12.964,132.8408,322.2,1,1,2014-10-25,1343,Terra,MODIS,100,6.2,295.8,17.6,N,0
-13.0312,132.889,310.8,1,1,2014-10-25,1343,Terra,MODIS,60,6.2,298.2,6,N,0
-13.1358,133.1249,316.1,1,1,2014-10-25,1343,Terra,MODIS,92,6.2,299.4,9.6,N,0
-13.6495,132.5324,314.2,1,1,2014-10-25,1343,Terra,MODIS,56,6.2,295.4,10.5,N,0
-13.7361,132.6386,305.3,1,1,2014-10-25,1343,Terra,MODIS,54,6.2,295.3,3.8,N,0
-13.643,132.5119,319.7,1,1,2014-10-25,1343,Terra,MODIS,99,6.2,295.6,14.8,N,0
-13.6349,132.5142,307.6,1,1,2014-10-25,1343,Terra,MODIS,66,6.2,294.9,6.5,N,0
-13.0403,132.8871,326.8,1,1,2014-10-25,1343,Terra,MODIS,100,6.2,298.7,20.9,N,0
-13.0299,132.8983,309,1,1,2014-10-25,1343,Terra,MODIS,28,6.2,298.2,4.6,N,0
-13.6362,132.5046,310.5,1,1,2014-10-25,1343,Terra,MODIS,72,6.2,295.9,8.5,N,0
-13.6284,132.4936,311.8,1,1,2014-10-25,1343,Terra,MODIS,10,6.2,295.8,8.4,N,0
-13.0584,132.8897,316.3,1,1,2014-10-25,1343,Terra,MODIS,92,6.2,298.6,11.3,N,0
-12.9731,132.8421,307.9,1,1,2014-10-25,1343,Terra,MODIS,44,6.2,295,5.7,N,0
-12.9882,133.1286,308.9,1,1,2014-10-25,1343,Terra,MODIS,57,6.2,297.2,5.1,N,0
-13.6417,132.5215,315.9,1,1,2014-10-25,1343,Terra,MODIS,90,6.2,294.9,11.6,N,0
-13.6508,132.5229,322.9,1,1,2014-10-25,1343,Terra,MODIS,100,6.2,296.1,19,N,0
-13.6757,132.4775,318.3,1,1,2014-10-25,1343,Terra,MODIS,68,6.2,294.1,15.4,N,0
-12.3911,132.865,312.5,1,1,2014-10-25,1343,Terra,MODIS,84,6.2,292.7,10.5,N,0
-13.6684,130.3788,305,1.3,1.1,2014-10-25,1343,Terra,MODIS,55,6.2,294.5,7.3,N,0
-13.6668,130.3909,327.7,1.3,1.1,2014-10-25,1343,Terra,MODIS,100,6.2,294.6,36.8,N,0
-14.2432,127.3556,305.1,2.2,1.4,2014-10-25,1343,Terra,MODIS,63,6.2,292.4,13.9,N,0
-14.2456,127.3353,306.3,2.2,1.4,2014-10-25,1343,Terra,MODIS,67,6.2,292.1,15.6,N,0
-14.2243,127.291,307.3,2.2,1.4,2014-10-25,1343,Terra,MODIS,71,6.2,292,18,N,0
-14.2265,127.2862,310.4,2.2,1.4,2014-10-25,1343,Terra,MODIS,71,6.2,292,24.2,N,0
-14.2266,127.2705,302.8,2.2,1.5,2014-10-25,1343,Terra,MODIS,51,6.2,291.7,10.5,N,0
-22.0013,149.2937,300.2,1.3,1.1,2014-10-25,1510,Aqua,MODIS,21,6.2,288.8,7.2,N,0
-24.3445,151.3806,304.8,1,1,2014-10-25,1510,Aqua,MODIS,17,6.2,289.4,6.3,N,0
-24.352,151.3688,312,1,1,2014-10-25,1510,Aqua,MODIS,56,6.2,289.9,10.9,N,0
-25.0182,148.1647,301,1.4,1.2,2014-10-25,1511,Aqua,MODIS,6,6.2,288.8,6.5,N,0
-27.0595,153.0798,312.8,1,1,2014-10-25,1511,Aqua,MODIS,86,6.2,291.3,12.4,N,0
-27.0687,153.0782,324.6,1,1,2014-10-25,1511,Aqua,MODIS,100,6.2,291.8,23.2,N,0
-27.0581,153.0693,304.8,1,1,2014-10-25,1511,Aqua,MODIS,62,6.2,290.3,6.8,N,0
-27.0673,153.0678,313.1,1,1,2014-10-25,1511,Aqua,MODIS,86,6.2,290.5,12.1,N,0
-25.0206,148.1783,309.7,1.4,1.2,2014-10-25,1511,Aqua,MODIS,78,6.2,290.4,15.1,N,0
-27.0773,153.0915,319.7,1,1,2014-10-25,1511,Aqua,MODIS,99,6.2,292.3,18.3,N,0
-27.0702,153.0886,315.6,1,1,2014-10-25,1511,Aqua,MODIS,74,6.2,291.5,13.3,N,0
-27.0716,153.0991,319.6,1,1,2014-10-25,1511,Aqua,MODIS,99,6.2,292.1,17.4,N,0
-25.0745,151.4517,300.8,1,1,2014-10-25,1511,Aqua,MODIS,34,6.2,290.2,4.6,N,0
-25.0836,151.45,300.5,1,1,2014-10-25,1511,Aqua,MODIS,19,6.2,290,4.2,N,0
-25.0168,148.1856,312.2,1.4,1.2,2014-10-25,1511,Aqua,MODIS,66,6.2,290.5,16.6,N,0
-25.0146,148.1729,310.5,1.4,1.2,2014-10-25,1511,Aqua,MODIS,54,6.2,290.5,14.9,N,0
-29.6104,152.2846,312.4,1,1,2014-10-25,1512,Aqua,MODIS,85,6.2,291.5,11.7,N,0
-29.6195,152.2827,301.5,1,1,2014-10-25,1512,Aqua,MODIS,22,6.2,290.6,4.6,N,0
-29.2817,152.8389,312.6,1.1,1,2014-10-25,1512,Aqua,MODIS,85,6.2,293.3,12.8,N,0
-29.2832,152.8498,305.9,1.1,1,2014-10-25,1512,Aqua,MODIS,66,6.2,293.1,7.9,N,0
-29.6211,152.2937,307.1,1,1,2014-10-25,1512,Aqua,MODIS,70,6.2,290.9,8.1,N,0
-25.6803,123.9694,303.6,4.8,2,2014-10-25,1517,Terra,MODIS,56,6.2,291,44.3,N,0
-25.6832,123.9653,304.5,4.8,2,2014-10-25,1517,Terra,MODIS,60,6.2,291.1,49.9,N,0
-25.8127,121.5931,305.1,3.3,1.7,2014-10-25,1518,Terra,MODIS,63,6.2,292.9,27.1,N,0
-25.8175,121.5887,307.6,3.3,1.7,2014-10-25,1518,Terra,MODIS,72,6.2,292.8,37.3,N,0
-24.393,122.7006,316.3,4.2,1.9,2014-10-25,1518,Terra,MODIS,55,6.2,292.7,89.9,N,0
-23.2708,121.4626,320.1,3.7,1.8,2014-10-25,1518,Terra,MODIS,100,6.2,291.4,115.3,N,0
-23.2783,121.4697,315.1,3.7,1.8,2014-10-25,1518,Terra,MODIS,91,6.2,291,85.2,N,0
-24.4676,122.9556,304.8,4.4,1.9,2014-10-25,1518,Terra,MODIS,62,6.2,293.4,37.2,N,0
-23.1912,120.1159,332.7,3,1.6,2014-10-25,1518,Terra,MODIS,100,6.2,294.3,152.1,N,0
-23.197,120.0873,328.6,3,1.6,2014-10-25,1518,Terra,MODIS,100,6.2,295.2,123.6,N,0
-23.1918,120.1107,334.4,3,1.6,2014-10-25,1518,Terra,MODIS,100,6.2,295.2,164.3,N,0
-23.1975,120.0821,322,3,1.6,2014-10-25,1518,Terra,MODIS,100,6.2,294.6,87.7,N,0
-22.8498,121.0749,317.6,3.5,1.8,2014-10-25,1518,Terra,MODIS,95,6.2,291.7,90.1,N,0
-22.8573,121.0699,316.8,3.5,1.8,2014-10-25,1518,Terra,MODIS,94,6.2,292,87.9,N,0
-23.5057,121.7,315.1,3.8,1.8,2014-10-25,1518,Terra,MODIS,56,6.2,294.6,74,N,0
-23.4998,121.6917,323.8,3.8,1.8,2014-10-25,1518,Terra,MODIS,100,6.2,295,133.2,N,0
-24.6678,121.8516,310.6,3.6,1.8,2014-10-25,1518,Terra,MODIS,80,6.2,292.3,61.3,N,0
-24.675,121.8586,314.3,3.6,1.8,2014-10-25,1518,Terra,MODIS,89,6.2,292.3,83.1,N,0
-24.4506,122.9508,313.9,4.4,1.9,2014-10-25,1518,Terra,MODIS,88,6.2,293.2,90.4,N,0
-24.4498,122.9459,313.6,4.4,1.9,2014-10-25,1518,Terra,MODIS,87,6.2,293.2,88.1,N,0
-23.1908,121.3233,312.8,3.6,1.8,2014-10-25,1518,Terra,MODIS,86,6.2,292.9,69.2,N,0
-23.1821,121.3279,309.9,3.6,1.8,2014-10-25,1518,Terra,MODIS,79,6.2,292.9,55.3,N,0
-23.198,121.3317,304.4,3.6,1.8,2014-10-25,1518,Terra,MODIS,25,6.2,292.8,28.9,N,0
-23.0265,120.3161,302,3.1,1.7,2014-10-25,1518,Terra,MODIS,46,6.2,291.6,23,N,0
-24.2578,121.2374,303.9,3.4,1.7,2014-10-25,1518,Terra,MODIS,19,6.2,292.5,28.4,N,0
-24.2521,121.2412,303.3,3.4,1.7,2014-10-25,1518,Terra,MODIS,54,6.2,292.4,28.7,N,0
-24.2675,121.2454,304.5,3.4,1.7,2014-10-25,1518,Terra,MODIS,60,6.2,292.5,32.8,N,0
-23.004,121.4131,319.2,3.7,1.8,2014-10-25,1518,Terra,MODIS,98,6.2,291.5,103.9,N,0
-22.9965,121.449,335.5,3.7,1.8,2014-10-25,1518,Terra,MODIS,100,6.2,292.6,237.1,N,0
-23.0105,121.4216,328.4,3.7,1.8,2014-10-25,1518,Terra,MODIS,100,6.2,292.6,171.8,N,0
-24.4547,122.7727,333,4.3,1.9,2014-10-25,1518,Terra,MODIS,100,6.2,294.8,241.1,N,0
-24.464,122.7314,338.9,4.2,1.9,2014-10-25,1518,Terra,MODIS,100,6.2,295.8,304.6,N,0
-24.4732,122.6908,317.1,4.2,1.9,2014-10-25,1518,Terra,MODIS,94,6.2,294.1,95.6,N,0
-24.4378,122.7679,399.7,4.3,1.9,2014-10-25,1518,Terra,MODIS,100,6.2,298.7,2008,N,0
-24.4472,122.7268,381.5,4.2,1.9,2014-10-25,1518,Terra,MODIS,100,6.2,299.9,1246.6,N,0
-24.4564,122.6861,327.3,4.2,1.9,2014-10-25,1518,Terra,MODIS,100,6.2,295.7,176.8,N,0
-24.4209,122.7635,340.2,4.3,1.9,2014-10-25,1518,Terra,MODIS,100,6.2,290.4,325.7,N,0
-24.4303,122.7223,372.6,4.2,1.9,2014-10-25,1518,Terra,MODIS,100,6.2,299.1,968.3,N,0
-24.4396,122.6816,353.2,4.2,1.9,2014-10-25,1518,Terra,MODIS,100,6.2,296.4,524.8,N,0
-24.4877,122.69,305.8,4.2,1.9,2014-10-25,1518,Terra,MODIS,27,6.2,293.2,34.2,N,0
-24.453,122.7674,338.5,4.3,1.9,2014-10-25,1518,Terra,MODIS,100,6.2,295.3,304.5,N,0
-24.462,122.7261,340.5,4.2,1.9,2014-10-25,1518,Terra,MODIS,100,6.2,296.1,326.4,N,0
-24.471,122.6853,313.9,4.2,1.9,2014-10-25,1518,Terra,MODIS,75,6.2,293.9,74.8,N,0
-25.4125,121.5234,316.6,3.3,1.7,2014-10-25,1518,Terra,MODIS,93,6.2,293.5,75.9,N,0
-25.4195,121.4906,321.1,3.3,1.7,2014-10-25,1518,Terra,MODIS,100,6.2,293.4,97.9,N,0
-22.982,120.6196,307.8,3.3,1.7,2014-10-25,1518,Terra,MODIS,73,6.2,293.3,40,N,0
-22.9756,120.6511,307.7,3.3,1.7,2014-10-25,1518,Terra,MODIS,72,6.2,293.6,39.7,N,0
-22.9778,120.6251,312.8,3.3,1.7,2014-10-25,1518,Terra,MODIS,86,6.2,294,59.7,N,0
-22.9711,120.6567,303.9,3.3,1.7,2014-10-25,1518,Terra,MODIS,57,6.2,293.3,25.8,N,0
-24.4361,122.7625,405.1,4.3,1.9,2014-10-25,1518,Terra,MODIS,100,6.2,299.7,2282,N,0
-24.4452,122.7214,372.2,4.2,1.9,2014-10-25,1518,Terra,MODIS,100,6.2,299.7,959.8,N,0
-24.4542,122.6805,324.2,4.2,1.9,2014-10-25,1518,Terra,MODIS,99,6.2,295.2,147.7,N,0
-24.4192,122.7581,322.5,4.3,1.9,2014-10-25,1518,Terra,MODIS,78,6.2,290.5,131.9,N,0
-24.3762,122.6958,336.8,4.2,1.9,2014-10-25,1518,Terra,MODIS,100,6.2,293.6,289.6,N,0
-24.4283,122.7169,368.4,4.2,1.9,2014-10-25,1518,Terra,MODIS,100,6.2,298.8,856.5,N,0
-24.4374,122.676,343.3,4.2,1.9,2014-10-25,1518,Terra,MODIS,100,6.2,295.4,361.8,N,0
-24.4115,122.7126,319.6,4.2,1.9,2014-10-25,1518,Terra,MODIS,47,6.2,292.4,105.5,N,0
-24.3778,122.7033,340.4,4.2,1.9,2014-10-25,1518,Terra,MODIS,100,6.2,293.8,329.3,N,0
-24.3871,122.662,314,4.2,1.9,2014-10-25,1518,Terra,MODIS,38,6.2,292.8,73.4,N,0
-24.3672,122.7371,309.5,4.3,1.9,2014-10-25,1518,Terra,MODIS,54,6.2,291.2,54.3,N,0
-23.5136,121.6633,316.2,3.8,1.8,2014-10-25,1518,Terra,MODIS,78,6.2,293.9,79.7,N,0
-23.8941,123.0379,309,4.6,2,2014-10-25,1518,Terra,MODIS,76,6.2,292.5,65.8,N,0
-23.4975,121.6592,306.1,3.8,1.8,2014-10-25,1518,Terra,MODIS,35,6.2,293.9,32.7,N,0
-23.5075,121.655,314.9,3.8,1.8,2014-10-25,1518,Terra,MODIS,90,6.2,294,74.6,N,0
-24.2451,121.274,312.7,3.4,1.7,2014-10-25,1518,Terra,MODIS,86,6.2,293.1,67,N,0
-24.251,121.2703,314,3.4,1.7,2014-10-25,1518,Terra,MODIS,88,6.2,293.2,70.4,N,0
-22.5972,120.9568,309,3.5,1.8,2014-10-25,1518,Terra,MODIS,76,6.2,293.9,42.5,N,0
-22.6256,120.8236,308.2,3.4,1.7,2014-10-25,1518,Terra,MODIS,74,6.2,294.4,39.8,N,0
-22.5888,120.9494,318.4,3.5,1.8,2014-10-25,1518,Terra,MODIS,97,6.2,294.3,90.1,N,0
-22.6165,120.8159,320.5,3.4,1.7,2014-10-25,1518,Terra,MODIS,100,6.2,294.8,97.6,N,0
-22.5731,120.9457,315.8,3.5,1.8,2014-10-25,1518,Terra,MODIS,92,6.2,294.2,74.9,N,0
-22.601,120.8122,308.4,3.4,1.7,2014-10-25,1518,Terra,MODIS,74,6.2,294.4,39.4,N,0
-23.0125,121.4533,305.7,3.7,1.8,2014-10-25,1518,Terra,MODIS,65,6.2,292.7,38,N,0
-23.0028,121.4575,334.4,3.7,1.8,2014-10-25,1518,Terra,MODIS,100,6.2,292.9,227.8,N,0
-24.4899,122.6954,307.1,4.2,1.9,2014-10-25,1518,Terra,MODIS,56,6.2,293.1,42.5,N,0
-22.9754,120.2657,309.8,3.1,1.7,2014-10-25,1518,Terra,MODIS,60,6.2,294,41.4,N,0
-24.9606,122.9001,304.6,4.2,1.9,2014-10-25,1518,Terra,MODIS,61,6.2,293.4,38.9,N,0
-23.1824,120.0838,328,3,1.6,2014-10-25,1518,Terra,MODIS,100,6.2,294.7,119.4,N,0
-22.5817,120.9834,305.1,3.5,1.8,2014-10-25,1518,Terra,MODIS,63,6.2,294.5,27.1,N,0
-25.1278,122.4063,301.5,3.9,1.8,2014-10-25,1518,Terra,MODIS,33,6.2,290,31,N,0
-23.2859,121.4341,326.7,3.7,1.8,2014-10-25,1518,Terra,MODIS,100,6.2,292.4,160.6,N,0
-22.9773,120.2608,314.5,3.1,1.7,2014-10-25,1518,Terra,MODIS,89,6.2,294.5,59.4,N,0
-24.8687,122.7377,303.2,4.1,1.9,2014-10-25,1518,Terra,MODIS,39,6.2,292.5,31.1,N,0
-23.2782,121.4269,320,3.7,1.8,2014-10-25,1518,Terra,MODIS,99,6.2,292.1,113.8,N,0
-23.2371,121.3045,304.8,3.6,1.8,2014-10-25,1518,Terra,MODIS,62,6.2,293.7,32.2,N,0
-23.2297,121.2961,303.7,3.6,1.8,2014-10-25,1518,Terra,MODIS,35,6.2,293,28.6,N,0
-23.1766,120.1123,336.7,3,1.6,2014-10-25,1518,Terra,MODIS,100,6.2,294.6,179.5,N,0
-23.1627,120.1036,309,3,1.6,2014-10-25,1518,Terra,MODIS,76,6.2,294.1,39.4,N,0
-23.1829,120.0786,316.1,3,1.6,2014-10-25,1518,Terra,MODIS,93,6.2,294.3,61.2,N,0
-24.8202,122.639,303.1,4.1,1.9,2014-10-25,1518,Terra,MODIS,17,6.2,293.1,28.4,N,0
-24.8171,122.633,308.8,4.1,1.9,2014-10-25,1518,Terra,MODIS,76,6.2,293.7,60.1,N,0
-23.1772,120.1072,343.6,3,1.6,2014-10-25,1518,Terra,MODIS,100,6.2,295.3,236.8,N,0
-25.1345,122.6128,308.7,4,1.9,2014-10-25,1518,Terra,MODIS,75,6.2,290.6,69.3,N,0
-23.8932,123.0451,310.1,4.6,2,2014-10-25,1518,Terra,MODIS,64,6.2,292.5,70.8,N,0
-25.1378,122.6205,306.1,4,1.9,2014-10-25,1518,Terra,MODIS,67,6.2,290.6,54.3,N,0
-22.9963,120.2397,309.4,3.1,1.7,2014-10-25,1518,Terra,MODIS,60,6.2,293.5,40.2,N,0
-24.9097,122.7927,320.8,4.2,1.9,2014-10-25,1518,Terra,MODIS,100,6.2,293.6,133.3,N,0
-24.9008,122.8334,315.4,4.2,1.9,2014-10-25,1518,Terra,MODIS,91,6.2,294.9,93.7,N,0
-25.0954,122.3971,300.3,3.9,1.8,2014-10-25,1518,Terra,MODIS,18,6.2,290.1,27.2,N,0
-23.162,120.1088,307.3,3,1.6,2014-10-25,1518,Terra,MODIS,66,6.2,293.8,32,N,0
-22.9902,120.2693,328.6,3.1,1.7,2014-10-25,1518,Terra,MODIS,100,6.2,295,133.2,N,0
-24.9175,122.8383,320.5,4.2,1.9,2014-10-25,1518,Terra,MODIS,100,6.2,294.1,132.6,N,0
-24.9085,122.8795,309.1,4.2,1.9,2014-10-25,1518,Terra,MODIS,63,6.2,294,57.1,N,0
-24.8859,122.8355,304.9,4.2,1.9,2014-10-25,1518,Terra,MODIS,23,6.2,294.1,35.4,N,0
-24.9118,122.8,324.6,4.2,1.9,2014-10-25,1518,Terra,MODIS,100,6.2,294.2,162.4,N,0
-24.9193,122.8456,316.2,4.2,1.9,2014-10-25,1518,Terra,MODIS,93,6.2,293.8,100.2,N,0
-24.9026,122.8407,313.8,4.2,1.9,2014-10-25,1518,Terra,MODIS,71,6.2,294.7,81.4,N,0
-24.91,122.8867,306.1,4.2,1.9,2014-10-25,1518,Terra,MODIS,26,6.2,293.8,40.8,N,0
-21.9305,120.9245,305.3,3.6,1.8,2014-10-25,1519,Terra,MODIS,46,6.2,292.1,35.2,N,0
-22.2339,121.2034,326.8,3.7,1.8,2014-10-25,1519,Terra,MODIS,93,6.2,294.9,163.4,N,0
-21.9955,121.057,337.8,3.7,1.8,2014-10-25,1519,Terra,MODIS,100,6.2,292,261.2,N,0
-21.9885,121.0483,328.3,3.7,1.8,2014-10-25,1519,Terra,MODIS,100,6.2,292.5,169.3,N,0
-22.0029,121.0216,305.8,3.7,1.8,2014-10-25,1519,Terra,MODIS,53,6.2,291,38,N,0
-22.1634,122.0883,321.8,4.3,1.9,2014-10-25,1519,Terra,MODIS,100,6.2,292.9,150.2,N,0
-22.1642,122.0933,322.9,4.3,1.9,2014-10-25,1519,Terra,MODIS,100,6.2,292.6,156.9,N,0
-22.2477,121.1746,310.1,3.7,1.8,2014-10-25,1519,Terra,MODIS,79,6.2,294.1,48.7,N,0
-22.2065,121.0111,304.4,3.6,1.8,2014-10-25,1519,Terra,MODIS,60,6.2,293.5,27.4,N,0
-22.2402,121.2099,328.6,3.7,1.8,2014-10-25,1519,Terra,MODIS,96,6.2,294.9,176.5,N,0
-21.2152,121.5269,311.4,4.1,1.9,2014-10-25,1519,Terra,MODIS,82,6.2,286.6,77.5,N,0
-21.2121,121.5211,310.3,4.1,1.9,2014-10-25,1519,Terra,MODIS,75,6.2,283.3,69.8,N,0
-22.2723,121.218,328.1,3.7,1.8,2014-10-25,1519,Terra,MODIS,100,6.2,294.4,166.8,N,0
-22.279,121.2265,345.6,3.7,1.8,2014-10-25,1519,Terra,MODIS,100,6.2,294.9,349.7,N,0
-22.2714,121.262,348,3.8,1.8,2014-10-25,1519,Terra,MODIS,100,6.2,291.9,388.3,N,0
-22.2649,121.2535,347.3,3.8,1.8,2014-10-25,1519,Terra,MODIS,100,6.2,293.1,378.3,N,0
-21.7107,116.453,308.5,1.8,1.3,2014-10-25,1519,Terra,MODIS,70,6.2,297.5,12.5,N,0
-21.2639,118.9024,322.5,2.7,1.6,2014-10-25,1519,Terra,MODIS,100,6.2,297.7,73.5,N,0
-21.2605,118.895,328.7,2.7,1.6,2014-10-25,1519,Terra,MODIS,100,6.2,298.2,102.6,N,0
-21.7953,117.878,322.3,2.2,1.4,2014-10-25,1519,Terra,MODIS,100,6.2,298.4,54.2,N,0
-21.665,117.8663,314,2.2,1.4,2014-10-25,1519,Terra,MODIS,87,6.2,298.3,28.5,N,0
-21.6675,117.8597,309,2.2,1.4,2014-10-25,1519,Terra,MODIS,72,6.2,298.1,17.4,N,0
-21.613,121.0825,358.5,3.8,1.8,2014-10-25,1519,Terra,MODIS,100,6.2,284.1,560.8,N,0
-21.173,121.1809,369.8,3.9,1.8,2014-10-25,1519,Terra,MODIS,100,6.2,281.7,838.2,N,0
-21.619,121.0907,376.9,3.8,1.8,2014-10-25,1519,Terra,MODIS,100,6.2,287.6,960,N,0
-21.6266,121.0544,364.7,3.8,1.8,2014-10-25,1519,Terra,MODIS,100,6.2,283.2,665.2,N,0
-21.6105,121.0507,325.7,3.8,1.8,2014-10-25,1519,Terra,MODIS,92,6.2,278.8,158.8,N,0
-21.1808,121.1435,314.2,3.9,1.8,2014-10-25,1519,Terra,MODIS,19,6.2,287.1,90.1,N,0
-21.6056,121.1186,305.9,3.8,1.8,2014-10-25,1519,Terra,MODIS,12,6.2,270.1,41.1,N,0
-21.6203,121.0462,350.1,3.8,1.8,2014-10-25,1519,Terra,MODIS,100,6.2,280.1,415.7,N,0
-21.2032,121.3955,311.7,4.1,1.9,2014-10-25,1519,Terra,MODIS,19,6.2,288.5,86.8,N,0
-21.2654,119.9626,306.2,3.2,1.7,2014-10-25,1519,Terra,MODIS,61,6.2,293.8,30.3,N,0
-21.2688,119.9566,304.2,3.2,1.7,2014-10-25,1519,Terra,MODIS,47,6.2,293.7,23.6,N,0
-21.6352,121.0945,327.6,3.8,1.8,2014-10-25,1519,Terra,MODIS,59,6.2,290.8,169.7,N,0
-21.1691,121.1477,350.5,3.9,1.8,2014-10-25,1519,Terra,MODIS,100,6.2,290.9,444.4,N,0
-21.1611,121.1852,392.7,3.9,1.8,2014-10-25,1519,Terra,MODIS,100,6.2,287.9,1526.4,N,0
-21.0088,120.1769,348,3.4,1.7,2014-10-25,1519,Terra,MODIS,100,6.2,295.5,315.6,N,0
-21.0024,120.2088,360,3.4,1.7,2014-10-25,1519,Terra,MODIS,100,6.2,294.4,488.6,N,0
-21.0034,120.1824,363.3,3.4,1.7,2014-10-25,1519,Terra,MODIS,100,6.2,295.9,527.8,N,0
-20.9968,120.2141,351.3,3.4,1.7,2014-10-25,1519,Terra,MODIS,100,6.2,292.7,362.8,N,0
-21.1866,121.3914,320.8,4.1,1.9,2014-10-25,1519,Terra,MODIS,100,6.2,290.1,134,N,0
-21.0215,120.1135,311.2,3.3,1.7,2014-10-25,1519,Terra,MODIS,20,6.2,295.8,38.4,N,0
-21.1481,121.1356,310.1,3.9,1.8,2014-10-25,1519,Terra,MODIS,34,6.2,288.2,58.8,N,0
-21.1644,121.1396,326.5,3.9,1.8,2014-10-25,1519,Terra,MODIS,100,6.2,290.5,170.6,N,0
-21.1566,121.177,373.7,3.9,1.8,2014-10-25,1519,Terra,MODIS,100,6.2,290,928.4,N,0
-14.1627,131.2362,305.4,1,1,2014-10-25,1646,Aqua,MODIS,62,6.2,294.8,4.9,N,0
-13.6896,132.5876,323.2,1.2,1.1,2014-10-25,1646,Aqua,MODIS,100,6.2,295.4,24.1,N,0
-14.5033,131.3079,307.4,1,1,2014-10-25,1646,Aqua,MODIS,27,6.2,295.9,5.1,N,0
-14.4461,131.1014,309.5,1,1,2014-10-25,1646,Aqua,MODIS,77,6.2,295.5,8,N,0
-13.0505,132.8957,343.9,1.2,1.1,2014-10-25,1646,Aqua,MODIS,100,6.2,299,61,N,0
-14.4539,131.0906,367.2,1,1,2014-10-25,1646,Aqua,MODIS,100,6.2,298.1,110.2,N,0
-12.9654,133.1074,308,1.2,1.1,2014-10-25,1646,Aqua,MODIS,73,6.2,295.2,7.9,N,0
-14.5016,131.2296,308.1,1,1,2014-10-25,1646,Aqua,MODIS,50,6.2,296.3,5.5,N,0
-13.0408,132.8969,317.8,1.2,1.1,2014-10-25,1646,Aqua,MODIS,96,6.2,298.1,17,N,0
-14.4552,131.1001,369.1,1,1,2014-10-25,1646,Aqua,MODIS,100,6.2,300.3,116.5,N,0
-14.5046,131.3176,308.1,1,1,2014-10-25,1646,Aqua,MODIS,41,6.2,295.7,5.6,N,0
-14.5175,131.2763,344.1,1,1,2014-10-25,1646,Aqua,MODIS,100,6.2,298.3,50.9,N,0
-14.5134,131.2475,310.9,1,1,2014-10-25,1646,Aqua,MODIS,40,6.2,296.8,6.9,N,0
-13.0491,132.8849,313.5,1.2,1.1,2014-10-25,1646,Aqua,MODIS,87,6.2,297.2,12.7,N,0
-13.0174,132.8946,308.5,1.2,1.1,2014-10-25,1646,Aqua,MODIS,63,6.2,296.6,6.8,N,0
-14.2008,131.3214,306,1,1,2014-10-25,1646,Aqua,MODIS,65,6.2,295,5.1,N,0
-14.4315,131.0609,310.8,1,1,2014-10-25,1646,Aqua,MODIS,77,6.2,294.9,8.9,N,0
-14.4448,131.0919,323.7,1,1,2014-10-25,1646,Aqua,MODIS,100,6.2,296.4,21.1,N,0
-13.0077,132.896,310.5,1.2,1.1,2014-10-25,1646,Aqua,MODIS,60,6.2,296.8,8.6,N,0
-14.4328,131.0703,312,1,1,2014-10-25,1646,Aqua,MODIS,65,6.2,295.6,9.1,N,0
-14.4941,131.3092,308.1,1,1,2014-10-25,1646,Aqua,MODIS,27,6.2,296.2,5.5,N,0
-13.499,131.6072,309.8,1,1,2014-10-25,1646,Aqua,MODIS,78,6.2,295.1,8.1,N,0
-12.9965,132.8867,318.2,1.2,1.1,2014-10-25,1646,Aqua,MODIS,96,6.2,296.3,17.1,N,0
-12.998,132.8975,330.9,1.2,1.1,2014-10-25,1646,Aqua,MODIS,100,6.2,297.7,34.6,N,0
-14.1995,131.3118,307.5,1,1,2014-10-25,1646,Aqua,MODIS,70,6.2,295.2,6.2,N,0
-13.1335,133.1402,309.3,1.2,1.1,2014-10-25,1646,Aqua,MODIS,77,6.2,297.6,7.8,N,0
-13.132,133.129,308.6,1.2,1.1,2014-10-25,1646,Aqua,MODIS,75,6.2,297.6,7.2,N,0
-14.5161,131.2667,331.3,1,1,2014-10-25,1646,Aqua,MODIS,100,6.2,298.2,29.2,N,0
-14.5056,131.2585,317.5,1,1,2014-10-25,1646,Aqua,MODIS,95,6.2,297.4,12.2,N,0
-14.5043,131.2488,311,1,1,2014-10-25,1646,Aqua,MODIS,46,6.2,296.9,6.4,N,0
-14.507,131.2681,322.9,1,1,2014-10-25,1646,Aqua,MODIS,100,6.2,297.4,18.6,N,0
-14.2793,131.0903,306.8,1,1,2014-10-25,1646,Aqua,MODIS,68,6.2,293.9,5.8,N,0
-14.5267,131.275,317.9,1,1,2014-10-25,1646,Aqua,MODIS,96,6.2,297.5,14.4,N,0
-14.2766,131.0714,311.5,1,1,2014-10-25,1646,Aqua,MODIS,72,6.2,293.3,8.9,N,0
-14.5148,131.2571,322.9,1,1,2014-10-25,1646,Aqua,MODIS,100,6.2,297.7,18,N,0
-14.2779,131.0808,311.2,1,1,2014-10-25,1646,Aqua,MODIS,82,6.2,293.4,8.8,N,0
-14.4342,131.0798,310.9,1,1,2014-10-25,1646,Aqua,MODIS,72,6.2,295.5,8.2,N,0
-14.5253,131.2654,312.1,1,1,2014-10-25,1646,Aqua,MODIS,84,6.2,297.2,9.2,N,0
-12.392,132.8751,304.5,1.2,1.1,2014-10-25,1646,Aqua,MODIS,49,6.2,293.1,6.7,N,0
-14.0576,136.4568,302.4,2.1,1.4,2014-10-25,1646,Aqua,MODIS,49,6.2,291.7,15.1,N,0
-12.7757,132.9922,337.5,1.2,1.1,2014-10-25,1646,Aqua,MODIS,100,6.2,297.2,47.3,N,0
-12.7742,132.9815,308.2,1.2,1.1,2014-10-25,1646,Aqua,MODIS,74,6.2,295.6,7.4,N,0
-12.766,132.9936,346.5,1.2,1.1,2014-10-25,1646,Aqua,MODIS,100,6.2,297.6,67.1,N,0
-12.7645,132.9828,326.7,1.2,1.1,2014-10-25,1646,Aqua,MODIS,100,6.2,296.2,28.4,N,0
-12.7948,132.971,314.3,1.2,1.1,2014-10-25,1646,Aqua,MODIS,89,6.2,296.4,13.1,N,0
-12.792,132.95,306.9,1.2,1.1,2014-10-25,1646,Aqua,MODIS,70,6.2,295.2,6.5,N,0
-12.7769,132.9853,321.8,1.2,1.1,2014-10-25,1646,Aqua,MODIS,100,6.2,296.5,22.2,N,0
-12.7784,132.9961,318.6,1.2,1.1,2014-10-25,1646,Aqua,MODIS,97,6.2,296.1,18.3,N,0
-16.4118,131.3702,312.7,1.1,1,2014-10-25,1647,Aqua,MODIS,60,6.2,296.4,9.7,N,0
-16.4132,131.3803,313.7,1.1,1,2014-10-25,1647,Aqua,MODIS,88,6.2,295.4,11.2,N,0
-16.4184,131.3488,308.4,1.1,1,2014-10-25,1647,Aqua,MODIS,58,6.2,296.8,6.5,N,0
-16.4198,131.3588,325.3,1.1,1,2014-10-25,1647,Aqua,MODIS,100,6.2,298.1,22.9,N,0
-16.4212,131.3688,321.4,1.1,1,2014-10-25,1647,Aqua,MODIS,100,6.2,297,18.4,N,0
-16.4291,131.3575,309.3,1.1,1,2014-10-25,1647,Aqua,MODIS,40,6.2,296.1,7.1,N,0
-16.1069,126.0643,305.2,1.3,1.1,2014-10-25,1647,Aqua,MODIS,42,6.2,294.7,6.3,N,0
-16.1171,126.0627,305.5,1.3,1.1,2014-10-25,1647,Aqua,MODIS,52,6.2,294.6,6.8,N,0
-15.7641,126.2238,335.8,1.3,1.1,2014-10-25,1647,Aqua,MODIS,100,6.2,294,53.4,N,0
-15.7661,126.2361,328.7,1.3,1.1,2014-10-25,1647,Aqua,MODIS,100,6.2,294,39.1,N,0
-15.5363,133.7825,309.9,1.4,1.2,2014-10-25,1647,Aqua,MODIS,65,6.2,295.9,12.4,N,0
-17.3137,124.6633,312.8,1.6,1.2,2014-10-25,1647,Aqua,MODIS,83,6.2,295.6,18.7,N,0
-17.3248,124.6613,328.4,1.6,1.2,2014-10-25,1647,Aqua,MODIS,100,6.2,296.2,48.5,N,0
-17.3111,124.6486,312.8,1.6,1.2,2014-10-25,1647,Aqua,MODIS,83,6.2,295.3,18.7,N,0
-17.3105,124.6544,313.2,1.6,1.2,2014-10-25,1647,Aqua,MODIS,84,6.2,295.6,19.7,N,0
-17.3222,124.6466,313.7,1.6,1.2,2014-10-25,1647,Aqua,MODIS,86,6.2,295.4,20.1,N,0
-18.2538,132.7655,313.9,1.3,1.1,2014-10-25,1647,Aqua,MODIS,88,6.2,291.7,16.1,N,0
-16.2732,131.3514,330.1,1.1,1,2014-10-25,1647,Aqua,MODIS,100,6.2,297,29.1,N,0
-16.2746,131.3615,311.8,1.1,1,2014-10-25,1647,Aqua,MODIS,83,6.2,296.2,9,N,0
-16.2839,131.3602,306.6,1.1,1,2014-10-25,1647,Aqua,MODIS,5,6.2,296.3,4.9,N,0
-16.3039,131.3675,309.5,1.1,1,2014-10-25,1647,Aqua,MODIS,52,6.2,297.1,7.2,N,0
-16.3299,131.3684,305.9,1.1,1,2014-10-25,1647,Aqua,MODIS,15,6.2,295.7,4.6,N,0
-16.3392,131.3671,309.6,1.1,1,2014-10-25,1647,Aqua,MODIS,78,6.2,295.5,7.5,N,0
-18.2048,132.7661,315.2,1.3,1.1,2014-10-25,1647,Aqua,MODIS,37,6.2,292,17.4,N,0
-18.242,132.7543,336,1.3,1.1,2014-10-25,1647,Aqua,MODIS,100,6.2,292.1,53,N,0
-18.1962,132.78,316.1,1.3,1.1,2014-10-25,1647,Aqua,MODIS,92,6.2,290.6,20.2,N,0
-18.1946,132.7675,316.1,1.3,1.1,2014-10-25,1647,Aqua,MODIS,76,6.2,290.7,20,N,0
-18.2523,132.7529,347.4,1.3,1.1,2014-10-25,1647,Aqua,MODIS,100,6.2,295.6,83.5,N,0
-18.4639,132.6484,321,1.3,1.1,2014-10-25,1647,Aqua,MODIS,100,6.2,288.5,28.2,N,0
-18.4623,132.636,307.3,1.3,1.1,2014-10-25,1647,Aqua,MODIS,57,6.2,281,11.7,N,0
-18.4244,132.6665,316.1,1.3,1.1,2014-10-25,1647,Aqua,MODIS,77,6.2,283.4,19.6,N,0
-18.4179,132.674,320.9,1.3,1.1,2014-10-25,1647,Aqua,MODIS,100,6.2,287,26.7,N,0
-18.2357,132.7619,328.9,1.3,1.1,2014-10-25,1647,Aqua,MODIS,100,6.2,292.6,37.7,N,0
-18.2444,132.748,324.5,1.3,1.1,2014-10-25,1647,Aqua,MODIS,100,6.2,289.4,30.3,N,0
-18.246,132.7605,352,1.3,1.1,2014-10-25,1647,Aqua,MODIS,100,6.2,295.7,97.4,N,0
-18.2435,132.7668,327.4,1.3,1.1,2014-10-25,1647,Aqua,MODIS,100,6.2,293.8,35.9,N,0
-18.3492,132.7088,301.1,1.3,1.1,2014-10-25,1647,Aqua,MODIS,5,6.2,287.1,5.9,N,0
-16.2611,131.3328,311,1.1,1,2014-10-25,1647,Aqua,MODIS,81,6.2,297.2,8.3,N,0
-16.2624,131.3428,324.9,1.1,1,2014-10-25,1647,Aqua,MODIS,100,6.2,297,22.4,N,0
-16.2638,131.3528,318.2,1.1,1,2014-10-25,1647,Aqua,MODIS,96,6.2,296.1,15.1,N,0
-18.2065,132.7787,311.9,1.3,1.1,2014-10-25,1647,Aqua,MODIS,48,6.2,288.6,13.7,N,0
-16.2704,131.3315,312.5,1.1,1,2014-10-25,1647,Aqua,MODIS,85,6.2,297.7,9.6,N,0
-16.2718,131.3414,310.2,1.1,1,2014-10-25,1647,Aqua,MODIS,79,6.2,297.3,7.6,N,0
-16.2597,131.3229,315.2,1.1,1,2014-10-25,1647,Aqua,MODIS,91,6.2,297.1,12.3,N,0
-18.7396,130.9783,313.3,1.1,1,2014-10-25,1648,Aqua,MODIS,87,6.2,293,13.1,N,0
-18.7465,130.9917,311.4,1.1,1,2014-10-25,1648,Aqua,MODIS,82,6.2,293.2,11.4,N,0
-19.2364,131.0057,312.8,1.1,1,2014-10-25,1648,Aqua,MODIS,86,6.2,294.3,12.4,N,0
-18.741,130.9886,318.1,1.1,1,2014-10-25,1648,Aqua,MODIS,96,6.2,293.8,17.6,N,0
-18.7451,130.9814,317.9,1.1,1,2014-10-25,1648,Aqua,MODIS,96,6.2,294.2,17.8,N,0
-18.7437,130.971,303.5,1.1,1,2014-10-25,1648,Aqua,MODIS,55,6.2,293,6.1,N,0
-20.5198,123.4034,387.4,1.7,1.3,2014-10-25,1648,Aqua,MODIS,100,6.2,305.1,393.9,N,0
-20.5227,123.4194,360.2,1.7,1.3,2014-10-25,1648,Aqua,MODIS,100,6.2,301,180.5,N,0
-20.5124,123.4116,312.4,1.7,1.3,2014-10-25,1648,Aqua,MODIS,85,6.2,298.3,18.7,N,0
-20.5226,123.353,314.4,1.7,1.3,2014-10-25,1648,Aqua,MODIS,89,6.2,296.7,22.8,N,0
-20.4879,123.2925,306.2,1.7,1.3,2014-10-25,1648,Aqua,MODIS,67,6.2,295.6,11.7,N,0
-20.514,123.3714,313.6,1.7,1.3,2014-10-25,1648,Aqua,MODIS,81,6.2,297,20,N,0
-20.5169,123.3874,357.1,1.7,1.3,2014-10-25,1648,Aqua,MODIS,100,6.2,300,164.1,N,0
-19.9389,128.6957,318.1,1,1,2014-10-25,1648,Aqua,MODIS,96,6.2,293.3,15.7,N,0
-19.9465,128.6848,323.8,1,1,2014-10-25,1648,Aqua,MODIS,100,6.2,295,21,N,0
-19.9479,128.6943,343.3,1,1,2014-10-25,1648,Aqua,MODIS,100,6.2,296.6,48.7,N,0
-19.9554,128.6833,389.5,1,1,2014-10-25,1648,Aqua,MODIS,100,6.2,308.6,195.3,N,0
-19.9568,128.6928,384.1,1,1,2014-10-25,1648,Aqua,MODIS,100,6.2,305.7,170,N,0
-19.963,128.6723,334.9,1,1,2014-10-25,1648,Aqua,MODIS,100,6.2,296.2,35,N,0
-19.9644,128.6818,406.9,1,1,2014-10-25,1648,Aqua,MODIS,100,6.2,309.6,296,N,0
-19.9658,128.6913,344.7,1,1,2014-10-25,1648,Aqua,MODIS,100,6.2,297.3,50.8,N,0
-24.8544,128.0891,309.7,1,1,2014-10-25,1649,Aqua,MODIS,77,6.2,293.7,8.7,N,0
-20.5705,118.4207,333.9,3.8,1.8,2014-10-25,1649,Aqua,MODIS,100,6.2,294.2,239.2,N,0
-20.5867,118.4168,328.4,3.8,1.8,2014-10-25,1649,Aqua,MODIS,100,6.2,293.1,185.7,N,0
-20.5774,118.4148,344.1,3.8,1.8,2014-10-25,1649,Aqua,MODIS,100,6.2,294.4,355.7,N,0
-21.7199,117.9038,331.4,3.9,1.8,2014-10-25,1649,Aqua,MODIS,100,6.2,296.9,206,N,0
-21.7363,117.8996,314.8,3.9,1.8,2014-10-25,1649,Aqua,MODIS,90,6.2,295.5,78.2,N,0
-21.7768,117.9284,315.3,3.9,1.8,2014-10-25,1649,Aqua,MODIS,82,6.2,295.5,75.5,N,0
-21.7095,117.9015,327.3,3.9,1.8,2014-10-25,1649,Aqua,MODIS,100,6.2,296.3,166.9,N,0
-21.726,117.8976,326.3,3.9,1.8,2014-10-25,1649,Aqua,MODIS,100,6.2,296.7,159,N,0
-21.7831,117.9224,314.6,3.9,1.8,2014-10-25,1649,Aqua,MODIS,89,6.2,295.2,76.1,N,0
-21.7916,117.8813,306.3,3.9,1.8,2014-10-25,1649,Aqua,MODIS,38,6.2,294.5,39,N,0
-21.7121,117.8666,325.9,4,1.9,2014-10-25,1649,Aqua,MODIS,100,6.2,295.3,160.8,N,0
-21.7014,117.8645,317.1,4,1.9,2014-10-25,1649,Aqua,MODIS,94,6.2,294.9,93.6,N,0
-21.7179,117.8605,307.7,4,1.9,2014-10-25,1649,Aqua,MODIS,54,6.2,294.3,42.2,N,0
-22.6056,120.517,323.8,2.5,1.5,2014-10-25,1649,Aqua,MODIS,100,6.2,291.8,80.5,N,0
-24.1186,122.8468,307.5,1.6,1.2,2014-10-25,1649,Aqua,MODIS,72,6.2,295.2,11.5,N,0
-24.1158,122.8315,315.9,1.6,1.2,2014-10-25,1649,Aqua,MODIS,92,6.2,294.9,23.6,N,0
-24.1061,122.8403,305.4,1.6,1.2,2014-10-25,1649,Aqua,MODIS,43,6.2,294.8,8.9,N,0
-22.9737,120.6491,304.9,2.4,1.5,2014-10-25,1649,Aqua,MODIS,62,6.2,293.8,21.1,N,0
-22.3628,122.4893,312.5,1.8,1.3,2014-10-25,1649,Aqua,MODIS,51,6.2,293.6,20.2,N,0
-22.3563,122.4549,361.7,1.8,1.3,2014-10-25,1649,Aqua,MODIS,100,6.2,302.4,207.1,N,0
-22.353,122.4374,326.9,1.8,1.3,2014-10-25,1649,Aqua,MODIS,78,6.2,296.3,50.9,N,0
-22.358,122.4971,322.7,1.8,1.3,2014-10-25,1649,Aqua,MODIS,97,6.2,291,40.5,N,0
-22.3549,122.4798,331.7,1.8,1.3,2014-10-25,1649,Aqua,MODIS,100,6.2,297.3,64.5,N,0
-22.3518,122.4627,359.1,1.8,1.3,2014-10-25,1649,Aqua,MODIS,100,6.2,301.8,188.9,N,0
-22.3486,122.4452,365.9,1.8,1.3,2014-10-25,1649,Aqua,MODIS,100,6.2,300.8,237.2,N,0
-22.3455,122.4277,319.6,1.8,1.3,2014-10-25,1649,Aqua,MODIS,48,6.2,295.2,33.3,N,0
-22.3295,122.3398,314.5,1.8,1.3,2014-10-25,1649,Aqua,MODIS,89,6.2,296.9,28.1,N,0
-22.3263,122.3221,309,1.9,1.3,2014-10-25,1649,Aqua,MODIS,48,6.2,296.6,17.6,N,0
-22.3345,122.502,313.4,1.8,1.3,2014-10-25,1649,Aqua,MODIS,69,6.2,294.4,21.9,N,0
-22.3155,122.3979,319.9,1.8,1.3,2014-10-25,1649,Aqua,MODIS,83,6.2,285.7,34.6,N,0
-22.3228,122.5045,314.8,1.8,1.3,2014-10-25,1649,Aqua,MODIS,84,6.2,297.1,25.1,N,0
-22.2971,122.365,314.9,1.8,1.3,2014-10-25,1649,Aqua,MODIS,76,6.2,290.6,29.3,N,0
-22.5759,122.0755,305.6,1.9,1.3,2014-10-25,1649,Aqua,MODIS,65,6.2,295.1,12.7,N,0
-24.2254,121.7899,303.6,1.8,1.3,2014-10-25,1649,Aqua,MODIS,56,6.2,292.1,13.7,N,0
-24.2221,121.7719,301.1,1.9,1.3,2014-10-25,1649,Aqua,MODIS,37,6.2,290.9,10.3,N,0
-22.2982,122.4375,311.8,1.8,1.3,2014-10-25,1649,Aqua,MODIS,45,6.2,293.1,21.1,N,0
-22.295,122.4201,357.1,1.8,1.3,2014-10-25,1649,Aqua,MODIS,100,6.2,299.4,184.5,N,0
-22.2918,122.4026,312.2,1.8,1.3,2014-10-25,1649,Aqua,MODIS,58,6.2,288.1,21,N,0
-22.2853,122.3675,311.5,1.8,1.3,2014-10-25,1649,Aqua,MODIS,60,6.2,290.5,23.2,N,0
-23.4113,121.3319,305,2.1,1.4,2014-10-25,1649,Aqua,MODIS,62,6.2,290.4,18.9,N,0
-24.4456,122.7361,322.1,1.6,1.2,2014-10-25,1649,Aqua,MODIS,41,6.2,283.3,30.6,N,0
-24.4471,122.7426,323.1,1.6,1.2,2014-10-25,1649,Aqua,MODIS,50,6.2,280.9,31.3,N,0
-24.4443,122.7271,320.1,1.6,1.2,2014-10-25,1649,Aqua,MODIS,0,6.2,284,24.1,N,0
-24.436,122.7451,330.5,1.6,1.2,2014-10-25,1649,Aqua,MODIS,95,6.2,280.7,46.7,N,0
-24.4221,122.7955,359.1,1.6,1.2,2014-10-25,1649,Aqua,MODIS,100,6.2,288.8,155.3,N,0
-24.4194,122.7803,341.8,1.6,1.2,2014-10-25,1649,Aqua,MODIS,100,6.2,272,81.9,N,0
-24.4111,122.7978,380.4,1.6,1.2,2014-10-25,1649,Aqua,MODIS,100,6.2,295.6,289.7,N,0
-24.4083,122.7826,350.1,1.6,1.2,2014-10-25,1649,Aqua,MODIS,100,6.2,274.3,113.2,N,0
-24.4028,122.8154,317.3,1.6,1.2,2014-10-25,1649,Aqua,MODIS,82,6.2,288.3,22.9,N,0
-24.4,122.8002,399.3,1.6,1.2,2014-10-25,1649,Aqua,MODIS,100,6.2,306.4,471.9,N,0
-24.3973,122.7849,373,1.6,1.2,2014-10-25,1649,Aqua,MODIS,100,6.2,287.4,237.9,N,0
-24.3945,122.7696,317.6,1.6,1.2,2014-10-25,1649,Aqua,MODIS,27,6.2,272.9,21.7,N,0
-24.3917,122.7542,324.2,1.6,1.2,2014-10-25,1649,Aqua,MODIS,100,6.2,284.9,32.7,N,0
-24.3833,122.7079,329.5,1.6,1.2,2014-10-25,1649,Aqua,MODIS,100,6.2,297,48.5,N,0
-24.3918,122.8177,311.7,1.6,1.2,2014-10-25,1649,Aqua,MODIS,74,6.2,292.9,15.4,N,0
-24.389,122.8025,415.8,1.6,1.2,2014-10-25,1649,Aqua,MODIS,100,6.2,308.8,691.6,N,0
-24.3862,122.7873,379.1,1.6,1.2,2014-10-25,1649,Aqua,MODIS,100,6.2,296.9,284,N,0
-24.3834,122.7719,315.9,1.6,1.2,2014-10-25,1649,Aqua,MODIS,92,6.2,292.6,21.6,N,0
-24.375,122.7257,315,1.6,1.2,2014-10-25,1649,Aqua,MODIS,27,6.2,296.2,17.9,N,0
-24.3722,122.7103,336.1,1.6,1.2,2014-10-25,1649,Aqua,MODIS,100,6.2,298.2,66.9,N,0
-24.378,122.8049,316.9,1.6,1.2,2014-10-25,1649,Aqua,MODIS,94,6.2,295.7,24,N,0
-24.3752,122.7896,316.2,1.6,1.2,2014-10-25,1649,Aqua,MODIS,93,6.2,294.1,22.9,N,0
-24.3639,122.7281,326.9,1.6,1.2,2014-10-25,1649,Aqua,MODIS,100,6.2,296.7,42.5,N,0
-24.3611,122.7126,348.4,1.6,1.2,2014-10-25,1649,Aqua,MODIS,100,6.2,298,110.4,N,0
-24.3745,122.7952,310.7,1.6,1.2,2014-10-25,1649,Aqua,MODIS,68,6.2,294.6,14.9,N,0
-24.3609,122.7182,351.1,1.6,1.2,2014-10-25,1649,Aqua,MODIS,100,6.2,298.6,123.5,N,0
-24.3582,122.7027,311.7,1.6,1.2,2014-10-25,1649,Aqua,MODIS,83,6.2,295.8,16.5,N,0
-22.6242,120.8244,305.4,2.3,1.5,2014-10-25,1649,Aqua,MODIS,19,6.2,293.8,17.8,N,0
-22.611,120.8272,351.6,2.3,1.5,2014-10-25,1649,Aqua,MODIS,100,6.2,296,220.3,N,0
-22.5978,120.8301,327.7,2.3,1.5,2014-10-25,1649,Aqua,MODIS,100,6.2,294.8,81.6,N,0
-22.5934,120.8077,313.9,2.3,1.5,2014-10-25,1649,Aqua,MODIS,55,6.2,293.1,35.2,N,0
-22.6169,120.8336,316.4,2.3,1.5,2014-10-25,1649,Aqua,MODIS,92,6.2,294.3,42.4,N,0
-22.6038,120.8366,347.3,2.3,1.5,2014-10-25,1649,Aqua,MODIS,100,6.2,296.2,189.1,N,0
-22.5995,120.8142,335.5,2.3,1.5,2014-10-25,1649,Aqua,MODIS,100,6.2,294.3,120.5,N,0
-22.5952,120.7917,306.4,2.3,1.5,2014-10-25,1649,Aqua,MODIS,26,6.2,292.4,19.4,N,0
-22.5728,120.9593,320,2.3,1.5,2014-10-25,1649,Aqua,MODIS,99,6.2,294,55.9,N,0
-22.7542,121.7715,362.6,2,1.4,2014-10-25,1649,Aqua,MODIS,100,6.2,297.6,247.2,N,0
-22.5685,120.9373,305.7,2.3,1.5,2014-10-25,1649,Aqua,MODIS,64,6.2,291.4,19.2,N,0
-24.2445,121.2715,338.5,2,1.4,2014-10-25,1649,Aqua,MODIS,100,6.2,296.9,112.4,N,0
-24.2322,121.2743,351.7,2,1.4,2014-10-25,1649,Aqua,MODIS,100,6.2,298.3,183.2,N,0
-23.5115,121.646,309.2,2,1.4,2014-10-25,1649,Aqua,MODIS,72,6.2,293.1,20.3,N,0
-23.5101,121.6535,303.5,2,1.4,2014-10-25,1649,Aqua,MODIS,28,6.2,292.9,10.8,N,0
-23.5066,121.6347,310.5,2,1.4,2014-10-25,1649,Aqua,MODIS,80,6.2,293.5,23.5,N,0
-24.2801,121.2374,328.6,2,1.4,2014-10-25,1649,Aqua,MODIS,100,6.2,292,74.9,N,0
-24.2777,121.2431,333.2,2,1.4,2014-10-25,1649,Aqua,MODIS,100,6.2,292.5,91.4,N,0
-23.5707,121.6913,319.3,1.9,1.4,2014-10-25,1649,Aqua,MODIS,98,6.2,293.6,40.5,N,0
-23.5672,121.6726,317.1,1.9,1.4,2014-10-25,1649,Aqua,MODIS,94,6.2,292.6,35.6,N,0
-23.5586,121.694,306.9,1.9,1.4,2014-10-25,1649,Aqua,MODIS,58,6.2,293.2,15.9,N,0
-22.3681,122.4524,309,1.8,1.3,2014-10-25,1649,Aqua,MODIS,76,6.2,295.9,16.9,N,0
-23.555,121.6753,306.7,1.9,1.4,2014-10-25,1649,Aqua,MODIS,59,6.2,292.3,16,N,0
-22.273,121.2532,314.3,2.2,1.4,2014-10-25,1649,Aqua,MODIS,89,6.2,294.9,32.4,N,0
-22.2643,121.2775,337.8,2.2,1.4,2014-10-25,1649,Aqua,MODIS,100,6.2,294,121.4,N,0
-22.2602,121.2561,314.8,2.2,1.4,2014-10-25,1649,Aqua,MODIS,82,6.2,295.1,33.5,N,0
-24.2285,121.2548,344.7,2,1.4,2014-10-25,1649,Aqua,MODIS,100,6.2,295.3,144.2,N,0
-24.2408,121.2519,327.7,2,1.4,2014-10-25,1649,Aqua,MODIS,100,6.2,295.1,71.1,N,0
-24.2531,121.249,311.8,2,1.4,2014-10-25,1649,Aqua,MODIS,81,6.2,294.3,29.3,N,0
-24.2654,121.246,308.8,2,1.4,2014-10-25,1649,Aqua,MODIS,45,6.2,293,23.6,N,0
-23.1735,121.3401,309.2,2.1,1.4,2014-10-25,1649,Aqua,MODIS,72,6.2,292.7,23.5,N,0
-23.1861,121.3374,305.9,2.1,1.4,2014-10-25,1649,Aqua,MODIS,27,6.2,292.3,17.2,N,0
-23.1746,121.3348,305.7,2.1,1.4,2014-10-25,1649,Aqua,MODIS,65,6.2,292.2,17.9,N,0
-23.1785,121.3549,304.7,2.1,1.4,2014-10-25,1649,Aqua,MODIS,61,6.2,293,16.4,N,0
-22.8461,121.0806,304.6,2.2,1.4,2014-10-25,1649,Aqua,MODIS,61,6.2,291.1,18,N,0
-22.8498,121.0873,307,2.2,1.4,2014-10-25,1649,Aqua,MODIS,70,6.2,291.5,22.7,N,0
-23.5014,121.6749,306.9,1.9,1.4,2014-10-25,1649,Aqua,MODIS,70,6.2,293.8,15.5,N,0
-23.5049,121.6937,312.5,1.9,1.4,2014-10-25,1649,Aqua,MODIS,85,6.2,294.4,26.1,N,0
-23.5065,121.6861,314.3,1.9,1.4,2014-10-25,1649,Aqua,MODIS,89,6.2,294.2,28.3,N,0
-22.7384,121.7552,314.9,2,1.4,2014-10-25,1649,Aqua,MODIS,90,6.2,293.8,28.6,N,0
-22.7506,121.7524,367.1,2,1.4,2014-10-25,1649,Aqua,MODIS,100,6.2,296.9,285.5,N,0
-22.7629,121.7496,309.2,2,1.4,2014-10-25,1649,Aqua,MODIS,76,6.2,295.2,18.5,N,0
-22.5477,120.5794,302.5,2.4,1.5,2014-10-25,1649,Aqua,MODIS,47,6.2,292,16.6,N,0
-21.1931,121.2183,306.9,2.3,1.5,2014-10-25,1649,Aqua,MODIS,38,6.2,295.2,16.1,N,0
-20.4996,120.373,304.6,2.8,1.6,2014-10-25,1649,Aqua,MODIS,20,6.2,294.2,16.8,N,0
-21.1013,121.2739,315.1,2.3,1.5,2014-10-25,1649,Aqua,MODIS,89,6.2,295.6,36.3,N,0
-20.4853,120.3761,305.9,2.8,1.6,2014-10-25,1649,Aqua,MODIS,46,6.2,293.4,20.6,N,0
-20.4991,120.3809,305,2.8,1.6,2014-10-25,1649,Aqua,MODIS,28,6.2,294.2,17.5,N,0
-20.4848,120.384,304.1,2.8,1.6,2014-10-25,1649,Aqua,MODIS,40,6.2,293,16.6,N,0
-21.6321,121.0917,308.8,2.3,1.5,2014-10-25,1649,Aqua,MODIS,12,6.2,294.2,18.6,N,0
-21.6267,121.1214,309.7,2.3,1.5,2014-10-25,1649,Aqua,MODIS,59,6.2,295.2,22.4,N,0
-21.6224,121.0989,320.6,2.3,1.5,2014-10-25,1649,Aqua,MODIS,100,6.2,294.8,53.1,N,0
-21.6182,121.0765,317.7,2.3,1.5,2014-10-25,1649,Aqua,MODIS,95,6.2,294.5,44.3,N,0
-21.6093,121.1019,321.1,2.3,1.5,2014-10-25,1649,Aqua,MODIS,100,6.2,295,55.6,N,0
-21.4562,121.1243,328.3,2.3,1.5,2014-10-25,1649,Aqua,MODIS,100,6.2,295,84.5,N,0
-21.4694,121.1215,307,2.3,1.5,2014-10-25,1649,Aqua,MODIS,62,6.2,294.7,18.3,N,0
-21.4525,121.1199,322.2,2.3,1.5,2014-10-25,1649,Aqua,MODIS,100,6.2,294.6,60,N,0
-21.4657,121.1171,326.3,2.3,1.5,2014-10-25,1649,Aqua,MODIS,100,6.2,295.5,76.2,N,0
-21.224,121.3568,318.9,2.3,1.5,2014-10-25,1649,Aqua,MODIS,98,6.2,293.9,50.2,N,0
-21.1755,121.1285,306.7,2.4,1.5,2014-10-25,1649,Aqua,MODIS,20,6.2,294,15.7,N,0
-21.1248,121.1242,313.4,2.4,1.5,2014-10-25,1649,Aqua,MODIS,29,6.2,294,29.3,N,0
-21.1158,121.1309,320.9,2.4,1.5,2014-10-25,1649,Aqua,MODIS,82,6.2,294.6,54.4,N,0
-21.2232,121.3718,321.9,2.3,1.5,2014-10-25,1649,Aqua,MODIS,100,6.2,294,60.6,N,0
-21.6985,121.0074,304.8,2.4,1.5,2014-10-25,1649,Aqua,MODIS,61,6.2,294.4,16.6,N,0
-21.2189,121.3501,329.1,2.3,1.5,2014-10-25,1649,Aqua,MODIS,100,6.2,294.1,87.8,N,0
-21.1159,121.0783,308,2.4,1.5,2014-10-25,1649,Aqua,MODIS,20,6.2,293.5,20.9,N,0
-21.211,121.3596,340.3,2.3,1.5,2014-10-25,1649,Aqua,MODIS,100,6.2,294.6,141,N,0
-21.186,121.2277,307.3,2.3,1.5,2014-10-25,1649,Aqua,MODIS,53,6.2,295.1,18.3,N,0
-21.1807,121.3435,317.9,2.3,1.5,2014-10-25,1649,Aqua,MODIS,96,6.2,294.5,44,N,0
-21.1676,121.3464,331.7,2.3,1.5,2014-10-25,1649,Aqua,MODIS,100,6.2,295.6,96.4,N,0
-21.1332,121.2392,329.2,2.3,1.5,2014-10-25,1649,Aqua,MODIS,100,6.2,296.8,84.6,N,0
-21.1289,121.2169,315.9,2.3,1.5,2014-10-25,1649,Aqua,MODIS,73,6.2,295.8,36.8,N,0
-21.1244,121.2642,327.1,2.3,1.5,2014-10-25,1649,Aqua,MODIS,100,6.2,297,72.3,N,0
-21.1155,121.289,329,2.3,1.5,2014-10-25,1649,Aqua,MODIS,100,6.2,297.2,82.7,N,0
-21.1112,121.267,333,2.3,1.5,2014-10-25,1649,Aqua,MODIS,100,6.2,297,100.1,N,0
-21.1367,121.2431,319.8,2.3,1.5,2014-10-25,1649,Aqua,MODIS,96,6.2,296,43.3,N,0
-21.1326,121.2209,318.9,2.3,1.5,2014-10-25,1649,Aqua,MODIS,89,6.2,295.9,44.5,N,0
-21.1277,121.2682,326.4,2.3,1.5,2014-10-25,1649,Aqua,MODIS,100,6.2,297.1,69.1,N,0
-21.1235,121.246,313.3,2.3,1.5,2014-10-25,1649,Aqua,MODIS,8,6.2,295.8,26.1,N,0
-21.1193,121.2237,310,2.3,1.5,2014-10-25,1649,Aqua,MODIS,19,6.2,295.6,21.4,N,0
-21.1187,121.2932,316.4,2.3,1.5,2014-10-25,1649,Aqua,MODIS,93,6.2,296.2,40.1,N,0
-21.1145,121.2711,345.8,2.3,1.5,2014-10-25,1649,Aqua,MODIS,100,6.2,298.3,173.3,N,0
-21.1055,121.296,312.7,2.3,1.5,2014-10-25,1649,Aqua,MODIS,85,6.2,295.5,31.9,N,0
-21.4481,121.0975,306.5,2.4,1.5,2014-10-25,1649,Aqua,MODIS,29,6.2,293.7,15.2,N,0
-21.452,121.1019,320,2.4,1.5,2014-10-25,1649,Aqua,MODIS,99,6.2,294.2,52.9,N,0
-21.002,120.1185,317.4,2.8,1.6,2014-10-25,1649,Aqua,MODIS,68,6.2,291.9,64.9,N,0
-20.9876,120.1217,315.6,2.8,1.6,2014-10-25,1649,Aqua,MODIS,87,6.2,293.1,61.1,N,0
-20.5779,118.4571,308.3,3.8,1.8,2014-10-25,1649,Aqua,MODIS,74,6.2,293.1,56.7,N,0
-20.5941,118.4532,312.1,3.8,1.8,2014-10-25,1649,Aqua,MODIS,84,6.2,292.6,72.9,N,0
-20.5851,118.4511,326.2,3.8,1.8,2014-10-25,1649,Aqua,MODIS,100,6.2,293.9,168.9,N,0
-22.2237,121.2025,316.7,2.2,1.4,2014-10-25,1649,Aqua,MODIS,94,6.2,295.5,38.1,N,0
-22.2277,121.2239,316.9,2.2,1.4,2014-10-25,1649,Aqua,MODIS,91,6.2,295.6,38.5,N,0
-22.2261,121.2189,321,2.2,1.4,2014-10-25,1649,Aqua,MODIS,100,6.2,295.9,52.2,N,0
-22.239,121.2162,308.1,2.2,1.4,2014-10-25,1649,Aqua,MODIS,58,6.2,295,18.2,N,0
-22.2515,121.2803,305.8,2.2,1.4,2014-10-25,1649,Aqua,MODIS,25,6.2,293.7,18.6,N,0
-22.2096,121.0647,324.5,2.3,1.5,2014-10-25,1649,Aqua,MODIS,100,6.2,295.6,66.2,N,0
-22.2053,121.043,347,2.3,1.5,2014-10-25,1649,Aqua,MODIS,100,6.2,297.2,180.1,N,0
-22.2011,121.0211,355.7,2.3,1.5,2014-10-25,1649,Aqua,MODIS,100,6.2,297.1,246.8,N,0
-22.1923,121.046,338.8,2.3,1.5,2014-10-25,1649,Aqua,MODIS,100,6.2,296.9,131.4,N,0
-22.188,121.0241,314.5,2.3,1.5,2014-10-25,1649,Aqua,MODIS,89,6.2,294.4,35.7,N,0
-22.2122,121.0694,311.6,2.3,1.5,2014-10-25,1649,Aqua,MODIS,83,6.2,295,27.5,N,0
-22.2081,121.0476,328.7,2.3,1.5,2014-10-25,1649,Aqua,MODIS,100,6.2,295.7,82.8,N,0
-22.204,121.0257,354.2,2.3,1.5,2014-10-25,1649,Aqua,MODIS,100,6.2,297,234.7,N,0
-22.1992,121.0724,310.2,2.3,1.5,2014-10-25,1649,Aqua,MODIS,79,6.2,295.1,24.9,N,0
-22.1951,121.0506,341.1,2.3,1.5,2014-10-25,1649,Aqua,MODIS,100,6.2,297.1,144.9,N,0
-22.1909,121.0288,339.9,2.3,1.5,2014-10-25,1649,Aqua,MODIS,100,6.2,296.2,139.9,N,0
-22.0084,121.1218,310,2.3,1.5,2014-10-25,1649,Aqua,MODIS,26,6.2,294.3,21.3,N,0
-22.2349,121.1947,307.4,2.2,1.4,2014-10-25,1649,Aqua,MODIS,60,6.2,294.8,16.7,N,0
-22.2219,121.1976,307.9,2.2,1.4,2014-10-25,1649,Aqua,MODIS,57,6.2,294.9,17.3,N,0
-22.2366,121.1997,308.8,2.2,1.4,2014-10-25,1649,Aqua,MODIS,61,6.2,294.9,19.3,N,0
-22.1968,120.9992,333.3,2.3,1.5,2014-10-25,1649,Aqua,MODIS,100,6.2,294.1,106.7,N,0
-22.1999,121.0037,342.1,2.3,1.5,2014-10-25,1649,Aqua,MODIS,100,6.2,294.8,154.3,N,0
-21.9301,121.037,309.6,2.3,1.5,2014-10-25,1649,Aqua,MODIS,78,6.2,294.7,23.2,N,0
-21.9854,121.0636,303.8,2.3,1.5,2014-10-25,1649,Aqua,MODIS,18,6.2,293.6,12.1,N,0
-22.172,122.058,315.9,1.9,1.4,2014-10-25,1649,Aqua,MODIS,80,6.2,296.1,30.9,N,0
-22.1581,122.1189,301.6,1.9,1.4,2014-10-25,1649,Aqua,MODIS,22,6.2,289.1,9.1,N,0
-22.1546,122.1004,308.2,1.9,1.4,2014-10-25,1649,Aqua,MODIS,41,6.2,292.3,19.6,N,0
-23.2759,121.4572,303.3,2,1.4,2014-10-25,1649,Aqua,MODIS,54,6.2,291.6,15.9,N,0
-23.9021,123.0532,312.5,1.5,1.2,2014-10-25,1649,Aqua,MODIS,62,6.2,296.8,14.9,N,0
-23.8938,123.0705,322.2,1.5,1.2,2014-10-25,1649,Aqua,MODIS,100,6.2,297.6,30,N,0
-23.8911,123.0555,323.3,1.5,1.2,2014-10-25,1649,Aqua,MODIS,100,6.2,297.2,32.2,N,0
-23.8802,123.0578,316.7,1.5,1.2,2014-10-25,1649,Aqua,MODIS,94,6.2,297.1,21,N,0
-23.8719,123.0751,331,1.5,1.2,2014-10-25,1649,Aqua,MODIS,100,6.2,297.5,49.8,N,0
-23.8704,123.0812,315.3,1.5,1.2,2014-10-25,1649,Aqua,MODIS,91,6.2,296.9,19,N,0
-23.8678,123.0662,310.9,1.5,1.2,2014-10-25,1649,Aqua,MODIS,55,6.2,296.8,12.9,N,0
-22.011,121.1265,308.4,2.3,1.5,2014-10-25,1649,Aqua,MODIS,60,6.2,294.2,19.7,N,0
-22.3181,123.2443,308.3,1.6,1.2,2014-10-25,1649,Aqua,MODIS,46,6.2,296,12.3,N,0
-22.307,123.2467,311.2,1.6,1.2,2014-10-25,1649,Aqua,MODIS,75,6.2,297.2,16.1,N,0
-24.176,123.0383,311.9,1.5,1.2,2014-10-25,1649,Aqua,MODIS,84,6.2,295.6,17.5,N,0
-24.1677,123.0553,319.4,1.5,1.2,2014-10-25,1649,Aqua,MODIS,99,6.2,297,28.8,N,0
-24.1651,123.0405,331,1.5,1.2,2014-10-25,1649,Aqua,MODIS,100,6.2,297,52.9,N,0
-22.9927,120.2721,322.3,2.5,1.5,2014-10-25,1649,Aqua,MODIS,100,6.2,293.9,75.4,N,0
-22.9791,120.2752,321.1,2.5,1.5,2014-10-25,1649,Aqua,MODIS,100,6.2,295.5,70.8,N,0
-22.9856,120.2785,330.6,2.5,1.5,2014-10-25,1649,Aqua,MODIS,100,6.2,295.4,110.9,N,0
-22.9809,120.2543,306.1,2.5,1.5,2014-10-25,1649,Aqua,MODIS,50,6.2,293.4,23.8,N,0
-24.8555,122.7654,308.5,1.5,1.2,2014-10-25,1650,Aqua,MODIS,67,6.2,295.9,12.9,N,0
-25.0162,122.3123,302.5,1.6,1.3,2014-10-25,1650,Aqua,MODIS,50,6.2,292.1,9.9,N,0
-25.0191,122.3284,304.3,1.6,1.3,2014-10-25,1650,Aqua,MODIS,59,6.2,293,11.7,N,0
-25.174,122.6073,305.6,1.6,1.2,2014-10-25,1650,Aqua,MODIS,65,6.2,290.7,13.3,N,0
-24.8098,122.6392,306.5,1.6,1.2,2014-10-25,1650,Aqua,MODIS,24,6.2,294.9,10,N,0
-24.934,122.8878,304.1,1.5,1.2,2014-10-25,1650,Aqua,MODIS,51,6.2,293.8,8.8,N,0
-24.9231,122.8901,319.9,1.5,1.2,2014-10-25,1650,Aqua,MODIS,99,6.2,294.2,30.2,N,0
-24.8663,122.7627,307.3,1.5,1.2,2014-10-25,1650,Aqua,MODIS,49,6.2,293.5,12.4,N,0
-24.9126,122.8306,309.6,1.5,1.2,2014-10-25,1650,Aqua,MODIS,22,6.2,294.4,14,N,0
-24.9632,122.907,304.4,1.5,1.2,2014-10-25,1650,Aqua,MODIS,45,6.2,293.8,9.5,N,0
-24.9205,122.8752,311,1.5,1.2,2014-10-25,1650,Aqua,MODIS,42,6.2,294.2,15.3,N,0
-24.9605,122.8922,301.5,1.5,1.2,2014-10-25,1650,Aqua,MODIS,15,6.2,291.3,6.8,N,0
-25.9562,125.167,315.5,1.1,1,2014-10-25,1650,Aqua,MODIS,91,6.2,297.1,14.9,N,0
-25.018,122.3231,307.1,1.6,1.3,2014-10-25,1650,Aqua,MODIS,70,6.2,293.1,14.4,N,0
-24.8083,122.6325,305.8,1.6,1.2,2014-10-25,1650,Aqua,MODIS,59,6.2,294.9,10.1,N,0
-25.128,122.4144,303.5,1.6,1.2,2014-10-25,1650,Aqua,MODIS,55,6.2,291.1,10.7,N,0
-27.8241,125.9059,310.4,1,1,2014-10-25,1650,Aqua,MODIS,14,6.2,296.3,8.2,N,0
-25.1751,122.614,321.3,1.6,1.2,2014-10-25,1650,Aqua,MODIS,100,6.2,292,37,N,0
-25.1769,122.6226,321.2,1.6,1.2,2014-10-25,1650,Aqua,MODIS,100,6.2,292.4,37,N,0
-25.1778,122.6293,307.9,1.6,1.2,2014-10-25,1650,Aqua,MODIS,73,6.2,291.1,15.8,N,0
-24.9152,122.8455,309.5,1.5,1.2,2014-10-25,1650,Aqua,MODIS,25,6.2,294.8,13.8,N,0
-25.6762,123.9746,309.4,1.3,1.1,2014-10-25,1650,Aqua,MODIS,77,6.2,288.7,14,N,0
-25.4011,121.5162,320.3,1.8,1.3,2014-10-25,1650,Aqua,MODIS,100,6.2,294.3,40.1,N,0
-25.4129,121.5136,324.7,1.8,1.3,2014-10-25,1650,Aqua,MODIS,100,6.2,294.5,51.9,N,0
-28.4689,126.2674,319.8,1,1,2014-10-25,1650,Aqua,MODIS,77,6.2,298.3,16.7,N,0
-24.8872,123.2059,317.8,1.4,1.2,2014-10-25,1650,Aqua,MODIS,96,6.2,295.3,24.8,N,0
-25.4309,121.5041,302.8,1.8,1.3,2014-10-25,1650,Aqua,MODIS,51,6.2,291.5,10.2,N,0
-25.4274,121.4862,305.2,1.8,1.3,2014-10-25,1650,Aqua,MODIS,63,6.2,292.5,13.6,N,0
-25.419,121.5067,327.4,1.8,1.3,2014-10-25,1650,Aqua,MODIS,100,6.2,294.2,57.7,N,0
-25.4078,121.5519,313.9,1.8,1.3,2014-10-25,1650,Aqua,MODIS,88,6.2,293.7,27.1,N,0
-25.4248,121.511,315.2,1.8,1.3,2014-10-25,1650,Aqua,MODIS,65,6.2,292.4,27.8,N,0
-25.4156,121.4889,310.5,1.8,1.3,2014-10-25,1650,Aqua,MODIS,27,6.2,293.4,19.4,N,0
-28.4705,126.2776,313.7,1,1,2014-10-25,1650,Aqua,MODIS,63,6.2,297.8,10.8,N,0
-25.4163,121.5315,305.3,1.8,1.3,2014-10-25,1650,Aqua,MODIS,59,6.2,293,12.8,N,0
-25.4215,121.4931,326.7,1.8,1.3,2014-10-25,1650,Aqua,MODIS,100,6.2,294,55.7,N,0
-25.1708,123.5554,321.9,1.4,1.2,2014-10-25,1650,Aqua,MODIS,100,6.2,295.8,29.6,N,0
-27.8134,125.8973,308.7,1,1,2014-10-25,1650,Aqua,MODIS,58,6.2,291.8,6.9,N,0
-30.864,121.488,301.4,1.4,1.2,2014-10-25,1651,Aqua,MODIS,40,6.2,289.6,9.5,N,2
-30.8666,121.5027,304.4,1.4,1.2,2014-10-25,1651,Aqua,MODIS,60,6.2,290,12.2,N,2
-10.8837,142.4766,316.4,1.8,1.3,2014-10-26,0032,Terra,MODIS,62,6.2,295.5,17.9,D,0
-11.0247,142.4797,322.1,1.8,1.3,2014-10-26,0032,Terra,MODIS,23,6.2,299.6,21.7,D,0
-11.0637,142.451,321.5,1.8,1.3,2014-10-26,0032,Terra,MODIS,51,6.2,299.7,21.2,D,0
-13.6512,141.5548,331.4,1.9,1.3,2014-10-26,0033,Terra,MODIS,54,6.2,305.3,42.6,D,0
-14.3493,144.2508,339.4,1.2,1.1,2014-10-26,0033,Terra,MODIS,86,6.2,306.1,38.2,D,0
-13.8052,142.1033,353.7,1.7,1.3,2014-10-26,0033,Terra,MODIS,96,6.2,306,127.4,D,0
-13.6558,141.542,325.7,1.9,1.3,2014-10-26,0033,Terra,MODIS,22,6.2,303,25.9,D,0
-13.6466,141.5615,326.2,1.9,1.3,2014-10-26,0033,Terra,MODIS,49,6.2,304.5,26.9,D,0
-13.6438,141.5442,337.5,1.9,1.3,2014-10-26,0033,Terra,MODIS,86,6.2,304.5,65.7,D,0
-14.3476,144.2396,328.6,1.2,1.1,2014-10-26,0033,Terra,MODIS,60,6.2,302.5,18.8,D,0
-14.7708,144.4414,332,1.2,1.1,2014-10-26,0033,Terra,MODIS,42,6.2,313.9,17.6,D,0
-14.1511,141.9682,343.1,1.7,1.3,2014-10-26,0033,Terra,MODIS,89,6.2,303.1,83.3,D,0
-14.0908,142.0171,338.7,1.7,1.3,2014-10-26,0033,Terra,MODIS,82,6.2,307.8,61.3,D,0
-14.3827,144.2611,330.9,1.2,1.1,2014-10-26,0033,Terra,MODIS,77,6.2,307.9,20.2,D,0
-14.3377,144.2409,321.2,1.2,1.1,2014-10-26,0033,Terra,MODIS,25,6.2,301.9,9.3,D,0
-14.1845,141.9717,338.8,1.7,1.3,2014-10-26,0033,Terra,MODIS,84,6.2,304.9,66.5,D,0
-14.173,141.9737,332,1.7,1.3,2014-10-26,0033,Terra,MODIS,55,6.2,305.9,42.6,D,0
-14.1883,141.9778,332,1.7,1.3,2014-10-26,0033,Terra,MODIS,57,6.2,304.3,42.6,D,0
-14.1627,141.9661,372.8,1.7,1.3,2014-10-26,0033,Terra,MODIS,100,6.2,308.1,253.4,D,0
-13.7453,141.5667,325.2,1.9,1.3,2014-10-26,0033,Terra,MODIS,46,6.2,306,27.6,D,0
-14.7506,144.2543,338,1.2,1.1,2014-10-26,0033,Terra,MODIS,80,6.2,311.3,25.7,D,0
-14.3395,144.2525,361.8,1.2,1.1,2014-10-26,0033,Terra,MODIS,100,6.2,307.1,104.3,D,0
-14.3511,144.2619,337.3,1.2,1.1,2014-10-26,0033,Terra,MODIS,85,6.2,308.8,32.5,D,0
-13.8078,142.1189,330.5,1.7,1.3,2014-10-26,0033,Terra,MODIS,78,6.2,305.4,36.1,D,0
-13.7963,142.1209,333.2,1.7,1.3,2014-10-26,0033,Terra,MODIS,81,6.2,306.4,43.1,D,0
-13.6781,141.5678,326.4,1.9,1.3,2014-10-26,0033,Terra,MODIS,57,6.2,304,31.1,D,0
-14.7735,144.3965,341.9,1.2,1.1,2014-10-26,0033,Terra,MODIS,88,6.2,308.9,36.7,D,0
-13.2883,142.3898,330.6,1.7,1.3,2014-10-26,0033,Terra,MODIS,65,6.2,304.4,34.6,D,0
-14.2068,142.0324,371.1,1.7,1.3,2014-10-26,0033,Terra,MODIS,100,6.2,305.6,230.5,D,0
-14.3907,144.2487,335.5,1.2,1.1,2014-10-26,0033,Terra,MODIS,82,6.2,307.6,28.7,D,0
-14.7691,144.4306,334.3,1.2,1.1,2014-10-26,0033,Terra,MODIS,29,6.2,313.5,19.8,D,0
-14.0874,142.0117,355.3,1.7,1.3,2014-10-26,0033,Terra,MODIS,97,6.2,307.6,133.7,D,0
-14.625,144.6207,333.4,1.2,1.1,2014-10-26,0033,Terra,MODIS,66,6.2,306.7,27.2,D,0
-14.2094,142.0479,390.2,1.7,1.3,2014-10-26,0033,Terra,MODIS,100,6.2,311.2,400,D,0
-14.6803,144.4517,327.2,1.2,1.1,2014-10-26,0033,Terra,MODIS,45,6.2,309.2,10.5,D,0
-14.7787,144.429,354,1.2,1.1,2014-10-26,0033,Terra,MODIS,96,6.2,312.3,66.6,D,0
-14.777,144.4182,338.1,1.2,1.1,2014-10-26,0033,Terra,MODIS,83,6.2,310.6,27.1,D,0
-14.7752,144.4073,364.7,1.2,1.1,2014-10-26,0033,Terra,MODIS,100,6.2,313.8,103.5,D,0
-14.1423,141.9859,373.8,1.7,1.3,2014-10-26,0033,Terra,MODIS,100,6.2,306.7,255.6,D,0
-13.6519,141.6663,345.5,1.9,1.3,2014-10-26,0033,Terra,MODIS,92,6.2,303.3,102.2,D,0
-14.1449,142.0017,367.7,1.7,1.3,2014-10-26,0033,Terra,MODIS,100,6.2,308.7,205.2,D,0
-14.1538,141.9839,374.2,1.7,1.3,2014-10-26,0033,Terra,MODIS,100,6.2,309,258.8,D,0
-13.6571,141.6595,341.3,1.9,1.3,2014-10-26,0033,Terra,MODIS,89,6.2,304.3,83.6,D,0
-14.6556,144.299,330.7,1.2,1.1,2014-10-26,0033,Terra,MODIS,33,6.2,313.2,11,D,0
-14.6279,144.2644,337.4,1.2,1.1,2014-10-26,0033,Terra,MODIS,81,6.2,311.7,26.7,D,0
-14.1104,142.0077,329.1,1.7,1.3,2014-10-26,0033,Terra,MODIS,42,6.2,307.7,29.1,D,0
-11.6283,142.4507,314.9,1.8,1.3,2014-10-26,0033,Terra,MODIS,28,6.2,288.1,14.2,D,0
-11.6256,142.4346,315.4,1.8,1.3,2014-10-26,0033,Terra,MODIS,44,6.2,286.9,16.6,D,0
-14.2235,142.0615,369.8,1.7,1.3,2014-10-26,0033,Terra,MODIS,100,6.2,309.2,215,D,0
-14.6312,144.5982,326.8,1.2,1.1,2014-10-26,0033,Terra,MODIS,55,6.2,302.8,14.7,D,0
-14.0847,141.996,348.7,1.7,1.3,2014-10-26,0033,Terra,MODIS,93,6.2,303.8,107.9,D,0
-14.0997,141.9993,363.2,1.7,1.3,2014-10-26,0033,Terra,MODIS,100,6.2,308.5,185.4,D,0
-14.0704,142.0368,332.3,1.7,1.3,2014-10-26,0033,Terra,MODIS,79,6.2,304.5,36.3,D,0
-14.0756,142.0682,373.4,1.7,1.3,2014-10-26,0033,Terra,MODIS,100,6.2,309.6,242.5,D,0
-14.2209,142.0459,352.2,1.7,1.3,2014-10-26,0033,Terra,MODIS,95,6.2,304.7,111,D,0
-14.2121,142.0635,366.1,1.7,1.3,2014-10-26,0033,Terra,MODIS,100,6.2,311.3,190.7,D,0
-14.7725,144.4522,330,1.2,1.1,2014-10-26,0033,Terra,MODIS,45,6.2,312.4,15.6,D,0
-14.0882,142.0014,372.3,1.7,1.3,2014-10-26,0033,Terra,MODIS,100,6.2,307.3,249,D,0
-14.073,142.0525,341.8,1.7,1.3,2014-10-26,0033,Terra,MODIS,88,6.2,305.6,66.5,D,0
-14.0793,142.0191,335.7,1.7,1.3,2014-10-26,0033,Terra,MODIS,78,6.2,304.4,50.2,D,0
-14.0819,142.0349,350.5,1.7,1.3,2014-10-26,0033,Terra,MODIS,94,6.2,307.4,105.2,D,0
-14.0845,142.0506,328.3,1.7,1.3,2014-10-26,0033,Terra,MODIS,73,6.2,307,22.5,D,0
-13.3134,142.4009,327.7,1.7,1.3,2014-10-26,0033,Terra,MODIS,34,6.2,307.3,24.1,D,0
-13.3248,142.3989,327.6,1.7,1.3,2014-10-26,0033,Terra,MODIS,33,6.2,307.3,22,D,0
-14.105,141.9762,397.9,1.7,1.3,2014-10-26,0033,Terra,MODIS,100,6.2,312.9,513.1,D,0
-14.0971,141.9835,351.7,1.7,1.3,2014-10-26,0033,Terra,MODIS,95,6.2,306.1,126.3,D,0
-14.1165,141.9741,336.4,1.7,1.3,2014-10-26,0033,Terra,MODIS,83,6.2,304.5,61.9,D,0
-12.4612,136.6057,314.9,4.7,2,2014-10-26,0033,Terra,MODIS,52,6.2,294.6,65.4,D,0
-12.4695,136.6481,319.1,4.7,2,2014-10-26,0033,Terra,MODIS,71,6.2,295.6,98,D,0
-12.4632,136.6133,319,4.7,2,2014-10-26,0033,Terra,MODIS,71,6.2,295,101.1,D,0
-13.6672,141.611,335.3,1.9,1.3,2014-10-26,0033,Terra,MODIS,84,6.2,302.8,58.2,D,0
-14.0782,142.0838,374.9,1.7,1.3,2014-10-26,0033,Terra,MODIS,100,6.2,310.9,254.5,D,0
-13.7937,142.1053,354.2,1.7,1.3,2014-10-26,0033,Terra,MODIS,97,6.2,308.2,129.6,D,0
-13.2034,142.3632,326.2,1.7,1.3,2014-10-26,0033,Terra,MODIS,46,6.2,306.3,20.5,D,0
-12.3503,142.635,326.7,1.7,1.3,2014-10-26,0033,Terra,MODIS,63,6.2,302.2,28.2,D,0
-14.1077,141.992,378.5,1.7,1.3,2014-10-26,0033,Terra,MODIS,100,6.2,311,298.5,D,0
-13.7715,142.0441,329.9,1.7,1.3,2014-10-26,0033,Terra,MODIS,78,6.2,303.9,37.5,D,0
-14.6233,144.6103,336.4,1.2,1.1,2014-10-26,0033,Terra,MODIS,83,6.2,306.2,32.4,D,0
-13.76,142.046,327.1,1.7,1.3,2014-10-26,0033,Terra,MODIS,68,6.2,301.7,29.2,D,0
-13.7484,142.048,335.4,1.7,1.3,2014-10-26,0033,Terra,MODIS,84,6.2,301.2,55,D,0
-14.6183,144.5789,328.3,1.2,1.1,2014-10-26,0033,Terra,MODIS,63,6.2,303.8,16.8,D,0
-13.7893,142.0083,332,1.7,1.3,2014-10-26,0033,Terra,MODIS,80,6.2,304.5,44.8,D,0
-13.775,141.9943,336,1.7,1.3,2014-10-26,0033,Terra,MODIS,84,6.2,299.9,59.4,D,0
-14.1961,142.0249,349.2,1.7,1.3,2014-10-26,0033,Terra,MODIS,93,6.2,306.4,97.8,D,0
-14.1653,141.9819,357,1.7,1.3,2014-10-26,0033,Terra,MODIS,98,6.2,308.9,142.5,D,0
-13.7777,142.0103,337.2,1.7,1.3,2014-10-26,0033,Terra,MODIS,85,6.2,303.7,61.8,D,0
-14.1953,142.0344,356.7,1.7,1.3,2014-10-26,0033,Terra,MODIS,98,6.2,309.7,137.7,D,0
-13.7501,141.555,324.9,1.9,1.3,2014-10-26,0033,Terra,MODIS,32,6.2,305.5,23.5,D,0
-13.6721,141.6042,332.4,1.9,1.3,2014-10-26,0033,Terra,MODIS,81,6.2,301.1,51.4,D,0
-14.1987,142.0406,383,1.7,1.3,2014-10-26,0033,Terra,MODIS,100,6.2,311.2,326.6,D,0
-13.7804,142.0262,325.8,1.7,1.3,2014-10-26,0033,Terra,MODIS,22,6.2,303.8,26.1,D,0
-13.7866,141.9924,362,1.7,1.3,2014-10-26,0033,Terra,MODIS,100,6.2,306.3,182.8,D,0
-13.8054,141.9824,326.4,1.7,1.3,2014-10-26,0033,Terra,MODIS,72,6.2,300.2,33.1,D,0
-13.8026,142.0876,335.3,1.7,1.3,2014-10-26,0033,Terra,MODIS,84,6.2,302.7,53.4,D,0
-14.0901,142.0275,331.8,1.7,1.3,2014-10-26,0033,Terra,MODIS,78,6.2,308.1,32.6,D,0
-14.0989,142.0098,334.4,1.7,1.3,2014-10-26,0033,Terra,MODIS,74,6.2,308.4,44.9,D,0
-13.7956,141.9745,337.8,1.7,1.3,2014-10-26,0033,Terra,MODIS,86,6.2,302.1,68.4,D,0
-14.5871,144.5901,355.2,1.2,1.1,2014-10-26,0033,Terra,MODIS,97,6.2,307.9,75.6,D,0
-13.8082,141.9983,323.7,1.7,1.3,2014-10-26,0033,Terra,MODIS,60,6.2,304.3,26,D,0
-14.0962,141.994,345.9,1.7,1.3,2014-10-26,0033,Terra,MODIS,91,6.2,305.9,93.9,D,0
-14.198,142.05,336.4,1.7,1.3,2014-10-26,0033,Terra,MODIS,83,6.2,308.5,49,D,0
-13.7983,141.9904,338.2,1.7,1.3,2014-10-26,0033,Terra,MODIS,86,6.2,305.4,69.4,D,0
-12.6269,142.7076,327.5,1.6,1.3,2014-10-26,0033,Terra,MODIS,75,6.2,302.4,31,D,0
-14.1176,142.389,350.3,1.6,1.2,2014-10-26,0033,Terra,MODIS,94,6.2,307.7,93,D,0
-13.7485,142.2463,340.4,1.7,1.3,2014-10-26,0033,Terra,MODIS,88,6.2,306.6,65.2,D,0
-14.135,142.3553,332,1.6,1.3,2014-10-26,0033,Terra,MODIS,68,6.2,308.7,28.2,D,0
-14.1526,142.3217,337,1.6,1.3,2014-10-26,0033,Terra,MODIS,84,6.2,306.9,45.8,D,0
-14.6672,144.3084,337.2,1.2,1.1,2014-10-26,0033,Terra,MODIS,82,6.2,312.6,22.3,D,0
-14.1453,142.3475,346.7,1.6,1.3,2014-10-26,0033,Terra,MODIS,92,6.2,309,77.1,D,0
-14.3528,144.2728,324.4,1.2,1.1,2014-10-26,0033,Terra,MODIS,41,6.2,306.9,10.1,D,0
-14.2013,142.1986,329.2,1.7,1.3,2014-10-26,0033,Terra,MODIS,64,6.2,309.4,23.1,D,0
-14.1428,142.3327,354.8,1.6,1.3,2014-10-26,0033,Terra,MODIS,97,6.2,309.2,113.5,D,0
-12.3911,142.8867,330.7,1.6,1.2,2014-10-26,0033,Terra,MODIS,68,6.2,300.2,38,D,0
-12.2947,142.8577,319.9,1.6,1.2,2014-10-26,0033,Terra,MODIS,36,6.2,299.9,19.8,D,0
-14.2104,142.1902,328.8,1.7,1.3,2014-10-26,0033,Terra,MODIS,57,6.2,309.4,20.4,D,0
-12.4712,136.6557,316.7,4.7,2,2014-10-26,0033,Terra,MODIS,66,6.2,295.4,79.4,D,0
-14.154,142.3307,327.4,1.6,1.3,2014-10-26,0033,Terra,MODIS,60,6.2,305.9,18.6,D,0
-14.7842,144.339,332,1.2,1.1,2014-10-26,0033,Terra,MODIS,78,6.2,309,16.9,D,0
-14.9034,145.0923,343.2,1.1,1,2014-10-26,0033,Terra,MODIS,85,6.2,305.6,41.2,D,0
-13.7573,142.229,322.1,1.7,1.3,2014-10-26,0033,Terra,MODIS,22,6.2,303.6,13.1,D,0
-14.1438,142.3385,371.1,1.6,1.3,2014-10-26,0033,Terra,MODIS,100,6.2,309.7,208.7,D,0
-14.3431,144.2747,328.2,1.2,1.1,2014-10-26,0033,Terra,MODIS,50,6.2,305.5,15.9,D,0
-14.1375,142.3701,326.6,1.6,1.2,2014-10-26,0033,Terra,MODIS,61,6.2,308.3,15.7,D,0
-14.1926,142.2158,328.6,1.6,1.3,2014-10-26,0033,Terra,MODIS,48,6.2,307.7,21.3,D,0
-12.4156,142.8918,330.3,1.6,1.2,2014-10-26,0033,Terra,MODIS,73,6.2,301.8,36.5,D,0
-14.1214,142.3425,327.9,1.6,1.3,2014-10-26,0033,Terra,MODIS,38,6.2,305.9,17.6,D,0
-12.3831,142.271,319.9,1.8,1.3,2014-10-26,0033,Terra,MODIS,38,6.2,296.4,19.1,D,0
-14.3413,144.2636,359,1.2,1.1,2014-10-26,0033,Terra,MODIS,99,6.2,308.5,91.8,D,0
-13.751,142.2616,327.9,1.7,1.3,2014-10-26,0033,Terra,MODIS,45,6.2,306.2,25.4,D,0
-12.3909,142.8807,330.1,1.6,1.2,2014-10-26,0033,Terra,MODIS,66,6.2,300.3,34,D,0
-14.1838,142.2329,326.3,1.6,1.3,2014-10-26,0033,Terra,MODIS,54,6.2,309.3,17.3,D,0
-12.3394,142.8504,324.1,1.6,1.2,2014-10-26,0033,Terra,MODIS,68,6.2,299.7,30.5,D,0
-14.1263,142.3722,330.9,1.6,1.2,2014-10-26,0033,Terra,MODIS,71,6.2,306.9,25.1,D,0
-14.1515,142.3159,332.6,1.6,1.3,2014-10-26,0033,Terra,MODIS,79,6.2,308.2,33.1,D,0
-14.2101,142.1814,331.1,1.7,1.3,2014-10-26,0033,Terra,MODIS,72,6.2,309.1,27.5,D,0
-14.1627,142.3138,326,1.6,1.3,2014-10-26,0033,Terra,MODIS,65,6.2,307.8,16.2,D,0
-15.3974,142.2551,329,1.6,1.2,2014-10-26,0034,Terra,MODIS,67,6.2,310.4,21.2,D,0
-15.395,142.2406,334.7,1.6,1.2,2014-10-26,0034,Terra,MODIS,79,6.2,309.3,35.1,D,0
-15.2534,142.4979,326.6,1.5,1.2,2014-10-26,0034,Terra,MODIS,51,6.2,307.5,16.6,D,0
-15.3399,145.2216,321,1.1,1,2014-10-26,0034,Terra,MODIS,11,6.2,302.7,9.2,D,0
-18.2829,145.9184,329.7,1,1,2014-10-26,0034,Terra,MODIS,52,6.2,300.3,19.2,D,0
-17.8271,144.5558,331.3,1.1,1,2014-10-26,0034,Terra,MODIS,75,6.2,316.6,9.2,D,0
-17.8788,144.5408,333.7,1.1,1,2014-10-26,0034,Terra,MODIS,75,6.2,316.4,13.8,D,0
-15.4064,142.1031,329.9,1.6,1.2,2014-10-26,0034,Terra,MODIS,50,6.2,308.9,26.7,D,0
-15.3644,143.1071,328.9,1.4,1.2,2014-10-26,0034,Terra,MODIS,56,6.2,310.4,14.2,D,0
-15.3498,142.3879,331.6,1.5,1.2,2014-10-26,0034,Terra,MODIS,66,6.2,310.5,27.5,D,0
-16.4251,142.5317,333,1.4,1.2,2014-10-26,0034,Terra,MODIS,15,6.2,315.1,17.9,D,0
-16.3917,142.5573,335.4,1.4,1.2,2014-10-26,0034,Terra,MODIS,49,6.2,316.3,23.6,D,0
-15.234,142.5156,336.9,1.5,1.2,2014-10-26,0034,Terra,MODIS,76,6.2,307.6,39.2,D,0
-16.4062,142.5488,338.8,1.4,1.2,2014-10-26,0034,Terra,MODIS,44,6.2,314.9,31.2,D,0
-16.476,142.5089,338,1.4,1.2,2014-10-26,0034,Terra,MODIS,73,6.2,316.6,29.1,D,0
-16.4442,142.5146,340.3,1.4,1.2,2014-10-26,0034,Terra,MODIS,77,6.2,316.2,35.9,D,0
-15.3655,142.3345,326,1.5,1.2,2014-10-26,0034,Terra,MODIS,29,6.2,309,14.6,D,0
-16.4023,142.5554,335.9,1.4,1.2,2014-10-26,0034,Terra,MODIS,42,6.2,314,24.1,D,0
-15.1232,142.6692,332.2,1.5,1.2,2014-10-26,0034,Terra,MODIS,6,6.2,312.3,23.2,D,0
-15.3271,142.3187,328.8,1.6,1.2,2014-10-26,0034,Terra,MODIS,64,6.2,312.1,18.1,D,0
-15.1702,142.6187,333.3,1.5,1.2,2014-10-26,0034,Terra,MODIS,56,6.2,310.4,26.5,D,0
-15.3475,142.3737,348,1.5,1.2,2014-10-26,0034,Terra,MODIS,92,6.2,313.1,76.2,D,0
-15.1291,142.6602,354.4,1.5,1.2,2014-10-26,0034,Terra,MODIS,96,6.2,311.8,93.8,D,0
-15.3594,142.3649,330.6,1.5,1.2,2014-10-26,0034,Terra,MODIS,59,6.2,309.5,24.3,D,0
-15.1977,142.5647,350.6,1.5,1.2,2014-10-26,0034,Terra,MODIS,94,6.2,310.9,83.8,D,0
-15.2214,142.9936,331.9,1.4,1.2,2014-10-26,0034,Terra,MODIS,32,6.2,312.9,18.9,D,0
-15.1294,142.64,349.4,1.5,1.2,2014-10-26,0034,Terra,MODIS,93,6.2,311.2,73.8,D,0
-16.3225,142.6308,336.1,1.4,1.2,2014-10-26,0034,Terra,MODIS,47,6.2,315.3,23.7,D,0
-15.1317,142.6537,352.2,1.5,1.2,2014-10-26,0034,Terra,MODIS,95,6.2,310.7,85.1,D,0
-15.3509,142.381,340.9,1.5,1.2,2014-10-26,0034,Terra,MODIS,86,6.2,312.1,54.7,D,0
-15.2001,142.5786,335.6,1.5,1.2,2014-10-26,0034,Terra,MODIS,72,6.2,309.6,36.8,D,0
-15.3584,142.3718,329.7,1.5,1.2,2014-10-26,0034,Terra,MODIS,34,6.2,309.1,21.1,D,0
-16.5636,142.7433,336.1,1.4,1.2,2014-10-26,0034,Terra,MODIS,71,6.2,314.6,25.8,D,0
-15.1958,142.5717,362.5,1.5,1.2,2014-10-26,0034,Terra,MODIS,100,6.2,312.1,136.4,D,0
-15.1269,142.6465,348.8,1.5,1.2,2014-10-26,0034,Terra,MODIS,93,6.2,312.5,72.3,D,0
-15.3561,142.3576,337.5,1.5,1.2,2014-10-26,0034,Terra,MODIS,82,6.2,309.2,39.9,D,0
-15.3538,142.3434,337.7,1.5,1.2,2014-10-26,0034,Terra,MODIS,82,6.2,307.2,39.5,D,0
-15.3491,145.2201,327.5,1.1,1,2014-10-26,0034,Terra,MODIS,60,6.2,305.4,17.6,D,0
-17.8286,144.5659,336.8,1.1,1,2014-10-26,0034,Terra,MODIS,82,6.2,317.1,18.4,D,0
-16.6441,142.7364,343.6,1.4,1.2,2014-10-26,0034,Terra,MODIS,87,6.2,316,44.3,D,0
-16.4817,142.5149,333.7,1.4,1.2,2014-10-26,0034,Terra,MODIS,40,6.2,316.9,19.7,D,0
-15.357,142.3507,340.2,1.5,1.2,2014-10-26,0034,Terra,MODIS,85,6.2,308.7,49.7,D,0
-16.4888,142.5204,332.9,1.4,1.2,2014-10-26,0034,Terra,MODIS,29,6.2,316.1,17.7,D,0
-17.8743,144.5729,332.3,1.1,1,2014-10-26,0034,Terra,MODIS,32,6.2,312,13.4,D,0
-15.1809,142.98,332.6,1.4,1.2,2014-10-26,0034,Terra,MODIS,60,6.2,311.9,20.3,D,0
-15.2255,142.5314,332.9,1.5,1.2,2014-10-26,0034,Terra,MODIS,61,6.2,310.1,29.5,D,0
-15.2147,142.5333,329.5,1.5,1.2,2014-10-26,0034,Terra,MODIS,39,6.2,310.3,20.9,D,0
-15.2038,142.5351,328.5,1.5,1.2,2014-10-26,0034,Terra,MODIS,21,6.2,310.1,17.5,D,0
-15.3545,142.3365,327.2,1.5,1.2,2014-10-26,0034,Terra,MODIS,38,6.2,306.6,14.3,D,0
-15.3484,142.3668,338.4,1.5,1.2,2014-10-26,0034,Terra,MODIS,83,6.2,311.1,43.9,D,0
-15.1935,142.5579,343.9,1.5,1.2,2014-10-26,0034,Terra,MODIS,89,6.2,310.9,57,D,0
-17.0786,139.0127,328.2,2.5,1.5,2014-10-26,0034,Terra,MODIS,69,6.2,305.6,45.3,D,0
-17.0818,138.9939,334.7,2.5,1.5,2014-10-26,0034,Terra,MODIS,80,6.2,305.8,78,D,0
-17.0742,138.9894,331.1,2.5,1.5,2014-10-26,0034,Terra,MODIS,74,6.2,306.5,60.6,D,0
-16.403,141.5176,331.8,1.7,1.3,2014-10-26,0034,Terra,MODIS,0,6.2,312.8,31.8,D,0
-15.0324,142.7674,331.2,1.5,1.2,2014-10-26,0034,Terra,MODIS,48,6.2,311.6,17.1,D,0
-16.7277,145.5021,326,1,1,2014-10-26,0034,Terra,MODIS,66,6.2,297.9,18.5,D,0
-16.8554,142.0837,331.4,1.5,1.2,2014-10-26,0034,Terra,MODIS,58,6.2,313.9,20.5,D,0
-16.8531,142.0696,330.9,1.5,1.2,2014-10-26,0034,Terra,MODIS,56,6.2,315.4,20.1,D,0
-17.3965,145.9039,324.5,1,1,2014-10-26,0034,Terra,MODIS,16,6.2,298.1,13.2,D,0
-16.7513,142.6975,331.4,1.4,1.2,2014-10-26,0034,Terra,MODIS,46,6.2,315.1,16.7,D,0
-14.202,136.6116,316.1,4.3,1.9,2014-10-26,0034,Terra,MODIS,61,6.2,302.7,45.4,D,0
-14.2034,136.6055,316.9,4.3,1.9,2014-10-26,0034,Terra,MODIS,67,6.2,302.6,53.3,D,0
-24.3552,151.3608,323.8,2.1,1.4,2014-10-26,0038,Terra,MODIS,58,6.2,300.4,34.7,D,0
-25.4189,146.9352,334.8,1.1,1.1,2014-10-26,0039,Terra,MODIS,75,6.2,312.7,20.5,D,0
-25.4174,146.924,332.6,1.1,1.1,2014-10-26,0039,Terra,MODIS,70,6.2,314.7,16.3,D,0
-31.0313,152.0679,320.4,2.2,1.4,2014-10-26,0317,Aqua,MODIS,43,6.2,304.1,31.5,D,0
-31.4821,151.8046,319.1,2.3,1.5,2014-10-26,0317,Aqua,MODIS,57,6.2,303.9,31.3,D,0
-31.6672,151.6953,324,2.4,1.5,2014-10-26,0317,Aqua,MODIS,70,6.2,304.7,43.8,D,0
-31.6728,151.6877,326.4,2.4,1.5,2014-10-26,0317,Aqua,MODIS,74,6.2,303.2,50.7,D,0
-31.3712,152.7609,319.8,2,1.4,2014-10-26,0317,Aqua,MODIS,63,6.2,301.7,25.9,D,0
-31.3675,152.7747,317.1,2,1.4,2014-10-26,0317,Aqua,MODIS,52,6.2,302.2,19.7,D,0
-31.3695,152.7535,315.5,2,1.4,2014-10-26,0317,Aqua,MODIS,41,6.2,302,17.2,D,0
-29.6314,152.2873,323.8,2,1.4,2014-10-26,0317,Aqua,MODIS,49,6.2,303.2,39,D,0
-29.2902,152.849,321.8,1.9,1.3,2014-10-26,0317,Aqua,MODIS,59,6.2,303.9,24.2,D,0
-29.2922,152.8295,325.2,1.9,1.3,2014-10-26,0317,Aqua,MODIS,68,6.2,303.8,33,D,0
-29.2838,152.8344,328.8,1.9,1.3,2014-10-26,0317,Aqua,MODIS,75,6.2,304.4,42.3,D,0
-29.6188,152.2851,349.1,2,1.4,2014-10-26,0317,Aqua,MODIS,94,6.2,304.9,148.7,D,0
-29.296,152.8347,320.5,1.9,1.3,2014-10-26,0317,Aqua,MODIS,54,6.2,303.3,20.4,D,0
-29.6179,152.2783,339.1,2,1.4,2014-10-26,0317,Aqua,MODIS,75,6.2,304.4,95,D,0
-27.0079,152.1405,324.9,1.9,1.4,2014-10-26,0318,Aqua,MODIS,42,6.2,306.3,22.1,D,0
-27.0055,152.1351,330.1,1.9,1.4,2014-10-26,0318,Aqua,MODIS,72,6.2,306.3,39.3,D,0
-28.5706,152.2939,360.1,2,1.4,2014-10-26,0318,Aqua,MODIS,94,6.2,301.5,208.7,D,0
-23.9826,151.1772,322.6,2.1,1.4,2014-10-26,0319,Aqua,MODIS,45,6.2,304.8,26.3,D,0
-23.9847,151.1568,328.9,2.1,1.4,2014-10-26,0319,Aqua,MODIS,73,6.2,305.5,45.5,D,0
-25.0819,151.4512,324.2,2,1.4,2014-10-26,0319,Aqua,MODIS,36,6.2,306.3,28.5,D,0
-25.3647,152.3097,322,1.8,1.3,2014-10-26,0319,Aqua,MODIS,43,6.2,305.8,17.4,D,0
-25.372,152.2979,340.6,1.8,1.3,2014-10-26,0319,Aqua,MODIS,86,6.2,306.9,74.8,D,0
-25.0814,151.4464,325.1,2,1.4,2014-10-26,0319,Aqua,MODIS,31,6.2,306.4,29.2,D,0
-25.3666,152.2919,325.5,1.8,1.3,2014-10-26,0319,Aqua,MODIS,63,6.2,306.5,25.5,D,0
-25.0839,151.4305,323.9,2,1.4,2014-10-26,0319,Aqua,MODIS,24,6.2,307.4,24.6,D,0
-24.3517,151.3756,334.3,2,1.4,2014-10-26,0319,Aqua,MODIS,64,6.2,303.4,68.2,D,0
-24.3538,151.3542,328.7,2,1.4,2014-10-26,0319,Aqua,MODIS,67,6.2,304.1,41.8,D,0
-24.3509,151.3703,333.3,2,1.4,2014-10-26,0319,Aqua,MODIS,70,6.2,303.7,64.1,D,0
-24.3531,151.3489,325,2,1.4,2014-10-26,0319,Aqua,MODIS,46,6.2,304.4,29.9,D,0
-22.1835,145.9691,325.3,4.7,2,2014-10-26,0320,Aqua,MODIS,56,6.2,306.3,69.4,D,0
-22.1816,145.9723,325.1,4.7,2,2014-10-26,0320,Aqua,MODIS,53,6.2,306.3,65.5,D,0
-29.3552,128.3719,327.2,1.8,1.3,2014-10-26,0456,Aqua,MODIS,59,6.2,309.9,17.2,D,0
-28.8431,127.236,333.1,2.1,1.4,2014-10-26,0456,Aqua,MODIS,77,6.2,308.5,47.2,D,0
-28.8579,127.2156,331.5,2.1,1.4,2014-10-26,0456,Aqua,MODIS,75,6.2,310.1,41.2,D,0
-28.8559,127.2373,328.3,2.1,1.4,2014-10-26,0456,Aqua,MODIS,69,6.2,309.3,28.8,D,0
-29.3671,128.3734,331.4,1.8,1.3,2014-10-26,0456,Aqua,MODIS,75,6.2,311.6,31,D,0
-28.8451,127.2141,341.5,2.1,1.4,2014-10-26,0456,Aqua,MODIS,87,6.2,309.8,85.9,D,0
-25.9512,125.0547,343.3,2.8,1.6,2014-10-26,0457,Aqua,MODIS,88,6.2,311.4,121.4,D,0
-25.9396,125.061,352,2.8,1.6,2014-10-26,0457,Aqua,MODIS,95,6.2,306,199.7,D,0
-25.954,125.0625,345.7,2.8,1.6,2014-10-26,0457,Aqua,MODIS,90,6.2,309.3,138.2,D,0
-25.9368,125.0533,342.7,2.8,1.6,2014-10-26,0457,Aqua,MODIS,87,6.2,308.5,123.6,D,0
-25.9343,125.081,332.5,2.7,1.6,2014-10-26,0457,Aqua,MODIS,71,6.2,293.9,49.6,D,0
-28.0047,128.5055,338.4,1.7,1.3,2014-10-26,0457,Aqua,MODIS,86,6.2,309.5,60.3,D,0
-27.4066,128.4702,328.4,1.7,1.3,2014-10-26,0457,Aqua,MODIS,59,6.2,290.6,37.8,D,0
-28.254,125.7322,337.5,2.6,1.6,2014-10-26,0457,Aqua,MODIS,84,6.2,309.5,98.6,D,0
-28.2257,125.7291,338.6,2.6,1.6,2014-10-26,0457,Aqua,MODIS,85,6.2,307.2,106.5,D,0
-25.668,123.9805,333.4,3.3,1.7,2014-10-26,0457,Aqua,MODIS,67,6.2,294.3,101.8,D,0
-25.6525,123.979,338.9,3.3,1.7,2014-10-26,0457,Aqua,MODIS,62,6.2,303.3,154.7,D,0
-25.6565,123.9723,349.5,3.3,1.7,2014-10-26,0457,Aqua,MODIS,93,6.2,303.4,260.6,D,0
-23.0502,129.5755,341.5,1.2,1.1,2014-10-26,0458,Aqua,MODIS,82,6.2,325.8,21.5,D,0
-24.4929,122.7146,335.8,3.9,1.8,2014-10-26,0458,Aqua,MODIS,64,6.2,310.7,143.7,D,0
-25.1528,123.5507,365.5,3.4,1.7,2014-10-26,0458,Aqua,MODIS,100,6.2,315.5,499,D,0
-24.0852,122.8376,346.5,3.8,1.8,2014-10-26,0458,Aqua,MODIS,89,6.2,309.3,257.4,D,0
-22.5805,130.3182,350.6,1.1,1.1,2014-10-26,0458,Aqua,MODIS,82,6.2,322.2,43.5,D,0
-22.5819,130.3071,341.3,1.1,1.1,2014-10-26,0458,Aqua,MODIS,63,6.2,318.1,24.4,D,0
-25.1499,123.5852,350.8,3.4,1.7,2014-10-26,0458,Aqua,MODIS,92,6.2,309.9,270.5,D,0
-23.5301,121.6847,342.2,4.5,2,2014-10-26,0458,Aqua,MODIS,84,6.2,313.2,237.5,D,0
-23.5269,121.7289,331.5,4.5,1.9,2014-10-26,0458,Aqua,MODIS,30,6.2,309.6,98,D,0
-22.5667,130.3498,343.7,1.1,1.1,2014-10-26,0458,Aqua,MODIS,40,6.2,325.7,22.2,D,0
-22.7742,121.7405,333.3,4.4,1.9,2014-10-26,0458,Aqua,MODIS,69,6.2,312.6,126.3,D,0
-23.9615,122.3453,338.5,4.1,1.9,2014-10-26,0458,Aqua,MODIS,79,6.2,311.3,178.3,D,0
-22.7387,121.7344,339.2,4.4,1.9,2014-10-26,0458,Aqua,MODIS,80,6.2,309.6,201.8,D,0
-22.7422,121.6916,345.6,4.4,1.9,2014-10-26,0458,Aqua,MODIS,88,6.2,313.1,301.4,D,0
-23.4944,121.6743,334,4.5,2,2014-10-26,0458,Aqua,MODIS,47,6.2,310,130.3,D,0
-23.5122,121.6758,336.9,4.5,2,2014-10-26,0458,Aqua,MODIS,72,6.2,311.6,165.1,D,0
-23.5087,121.7198,338.2,4.5,1.9,2014-10-26,0458,Aqua,MODIS,73,6.2,309.6,184.1,D,0
-23.8744,123.0266,350.5,3.6,1.8,2014-10-26,0458,Aqua,MODIS,93,6.2,315.4,267.2,D,0
-23.8674,123.0222,346.6,3.6,1.8,2014-10-26,0458,Aqua,MODIS,89,6.2,315.1,215.2,D,0
-23.841,122.9469,331.3,3.7,1.8,2014-10-26,0458,Aqua,MODIS,47,6.2,313.6,64.3,D,0
-23.3097,121.5192,331.4,4.6,2,2014-10-26,0458,Aqua,MODIS,64,6.2,311.7,109,D,0
-23.3102,121.5118,331.6,4.6,2,2014-10-26,0458,Aqua,MODIS,66,6.2,311.9,118.6,D,0
-23.5299,121.6772,339.2,4.5,2,2014-10-26,0458,Aqua,MODIS,77,6.2,313.6,187.9,D,0
-23.5264,121.7215,338,4.5,1.9,2014-10-26,0458,Aqua,MODIS,67,6.2,310.1,175,D,0
-23.4947,121.6816,335.1,4.5,2,2014-10-26,0458,Aqua,MODIS,64,6.2,309.7,149,D,0
-23.5124,121.6831,342,4.5,2,2014-10-26,0458,Aqua,MODIS,84,6.2,311.5,239.1,D,0
-23.9647,122.3049,334.5,4.1,1.9,2014-10-26,0458,Aqua,MODIS,71,6.2,311.1,133.1,D,0
-23.9445,122.3439,343.6,4.1,1.9,2014-10-26,0458,Aqua,MODIS,86,6.2,311.7,246.6,D,0
-23.9476,122.3035,340.7,4.1,1.9,2014-10-26,0458,Aqua,MODIS,82,6.2,311.2,210,D,0
-23.5092,121.7271,333.4,4.5,1.9,2014-10-26,0458,Aqua,MODIS,53,6.2,309.3,123.9,D,0
-22.7391,121.7379,339.7,4.4,1.9,2014-10-26,0458,Aqua,MODIS,81,6.2,309.5,206.3,D,0
-23.0701,124.3665,341.3,2.8,1.6,2014-10-26,0458,Aqua,MODIS,46,6.2,309.8,112,D,0
-22.76,121.6963,330.3,4.4,1.9,2014-10-26,0458,Aqua,MODIS,40,6.2,312.7,94.8,D,0
-22.347,122.4527,336.6,3.8,1.8,2014-10-26,0458,Aqua,MODIS,75,6.2,315.2,103.1,D,0
-22.3499,122.4149,331.7,3.9,1.8,2014-10-26,0458,Aqua,MODIS,43,6.2,314.2,51.9,D,0
-22.341,122.4449,359.2,3.8,1.8,2014-10-26,0458,Aqua,MODIS,99,6.2,315.8,428.5,D,0
-22.3441,122.4071,342.3,3.9,1.8,2014-10-26,0458,Aqua,MODIS,85,6.2,314,169.6,D,0
-22.3244,122.4431,340.7,3.8,1.8,2014-10-26,0458,Aqua,MODIS,83,6.2,314.5,151.9,D,0
-22.3275,122.4059,337.5,3.9,1.8,2014-10-26,0458,Aqua,MODIS,76,6.2,312.7,114.8,D,0
-22.3028,122.4363,331.6,3.8,1.8,2014-10-26,0458,Aqua,MODIS,17,6.2,313.2,61.4,D,0
-22.2792,122.3201,332.8,3.9,1.8,2014-10-26,0458,Aqua,MODIS,35,6.2,311.4,105.9,D,0
-22.1233,131.7563,350.8,1,1,2014-10-26,0458,Aqua,MODIS,92,6.2,326.4,35.4,D,0
-22.1219,131.7661,342,1,1,2014-10-26,0458,Aqua,MODIS,83,6.2,327.2,17.4,D,0
-24.436,122.6586,328.3,3.9,1.8,2014-10-26,0458,Aqua,MODIS,6,6.2,306.9,61.7,D,0
-24.4527,122.6603,332.7,3.9,1.8,2014-10-26,0458,Aqua,MODIS,54,6.2,308.8,100.4,D,0
-24.4495,122.6988,333.2,3.9,1.8,2014-10-26,0458,Aqua,MODIS,54,6.2,311.6,96,D,0
-24.4403,122.6629,333.4,3.9,1.8,2014-10-26,0458,Aqua,MODIS,69,6.2,307.5,107.4,D,0
-24.457,122.6646,338.6,3.9,1.8,2014-10-26,0458,Aqua,MODIS,80,6.2,309.7,163.5,D,0
-24.5042,122.7077,333.1,3.9,1.8,2014-10-26,0458,Aqua,MODIS,58,6.2,308.6,117.6,D,0
-25.1467,123.5571,378.4,3.4,1.7,2014-10-26,0458,Aqua,MODIS,100,6.2,315.1,773.6,D,0
-24.756,122.2632,343.4,4.2,1.9,2014-10-26,0458,Aqua,MODIS,86,6.2,306.5,276.2,D,0
-24.7502,122.2965,332.1,4.2,1.9,2014-10-26,0458,Aqua,MODIS,52,6.2,306.2,132,D,0
-24.0827,122.7957,335.4,3.8,1.8,2014-10-26,0458,Aqua,MODIS,73,6.2,306.8,135.3,D,0
-24.0795,122.8329,347.2,3.8,1.8,2014-10-26,0458,Aqua,MODIS,90,6.2,309,267.2,D,0
-24.7535,122.2547,336.1,4.2,1.9,2014-10-26,0458,Aqua,MODIS,76,6.2,304.3,179.8,D,0
-22.6592,122.0624,331,4.1,1.9,2014-10-26,0458,Aqua,MODIS,53,6.2,312.6,76,D,0
-22.7424,121.6951,355.4,4.4,1.9,2014-10-26,0458,Aqua,MODIS,96,6.2,313.1,478.3,D,0
-21.8989,131.4494,349.1,1,1,2014-10-26,0458,Aqua,MODIS,91,6.2,326.1,31.6,D,0
-21.908,131.4509,338.1,1,1,2014-10-26,0458,Aqua,MODIS,67,6.2,324.9,11.1,D,0
-22.2278,121.2065,331.2,4.7,2,2014-10-26,0458,Aqua,MODIS,45,6.2,309.8,103.3,D,0
-22.1918,121.2035,337.2,4.7,2,2014-10-26,0458,Aqua,MODIS,79,6.2,306.3,219.6,D,0
-25.1929,121.6057,333.9,4.7,2,2014-10-26,0458,Aqua,MODIS,64,6.2,307,164.4,D,0
-25.1748,121.6044,329.2,4.7,2,2014-10-26,0458,Aqua,MODIS,44,6.2,298,110.5,D,0
-22.0058,121.9588,400.4,4.1,1.9,2014-10-26,0458,Aqua,MODIS,100,6.2,312.5,1879.5,D,0
-22.0091,121.9184,340.7,4.2,1.9,2014-10-26,0458,Aqua,MODIS,83,6.2,305.3,247.4,D,0
-22.0033,121.954,383.7,4.1,1.9,2014-10-26,0458,Aqua,MODIS,100,6.2,311.9,1216,D,0
-22.224,121.2528,347.5,4.7,2,2014-10-26,0458,Aqua,MODIS,91,6.2,310.3,353.3,D,0
-22.1861,121.2532,327.7,4.7,2,2014-10-26,0458,Aqua,MODIS,20,6.2,307.3,89.8,D,0
-25.1899,121.6533,340.6,4.7,2,2014-10-26,0458,Aqua,MODIS,81,6.2,305,255.3,D,0
-25.1719,121.6518,360.8,4.7,2,2014-10-26,0458,Aqua,MODIS,100,6.2,304.2,676.3,D,0
-25.1925,121.649,344.1,4.7,2,2014-10-26,0458,Aqua,MODIS,85,6.2,305.3,313.6,D,0
-25.1744,121.6476,354.7,4.7,2,2014-10-26,0458,Aqua,MODIS,96,6.2,303.4,531.2,D,0
-25.1563,121.6462,351.1,4.7,2,2014-10-26,0458,Aqua,MODIS,93,6.2,300,465.6,D,0
-25.1578,121.6388,342.5,4.7,2,2014-10-26,0458,Aqua,MODIS,69,6.2,297.5,305.8,D,0
-21.9106,121.1203,355.3,4.7,2,2014-10-26,0458,Aqua,MODIS,96,6.2,307,565.6,D,0
-22.1792,122.0279,330.4,4.1,1.9,2014-10-26,0458,Aqua,MODIS,51,6.2,311.9,100.2,D,0
-22.0232,122.0084,336.2,4.1,1.9,2014-10-26,0458,Aqua,MODIS,67,6.2,309.5,154.9,D,0
-22.0196,122.0005,353.8,4.1,1.9,2014-10-26,0458,Aqua,MODIS,95,6.2,309.7,416.1,D,0
-22.0025,121.9989,337.2,4.1,1.9,2014-10-26,0458,Aqua,MODIS,78,6.2,308,181.1,D,0
-21.9998,121.9942,337.2,4.1,1.9,2014-10-26,0458,Aqua,MODIS,78,6.2,307.8,189.3,D,0
-22.0069,121.9137,328.1,4.2,1.9,2014-10-26,0458,Aqua,MODIS,41,6.2,304.6,114.9,D,0
-22.3393,124.4599,365.4,2.7,1.6,2014-10-26,0458,Aqua,MODIS,100,6.2,319.5,356.4,D,0
-22.1813,121.0657,327.1,4.8,2,2014-10-26,0458,Aqua,MODIS,14,6.2,306.8,92.9,D,0
-22.1845,121.0623,328.7,4.8,2,2014-10-26,0458,Aqua,MODIS,37,6.2,306.9,109.5,D,0
-22.1686,121.0531,332.9,4.8,2,2014-10-26,0458,Aqua,MODIS,64,6.2,306.3,171.8,D,0
-22.204,121.2549,337.3,4.7,2,2014-10-26,0458,Aqua,MODIS,79,6.2,308.4,198.1,D,0
-22.2203,121.2985,331.5,4.6,2,2014-10-26,0458,Aqua,MODIS,56,6.2,307.9,108.4,D,0
-21.9139,121.0741,345.6,4.8,2,2014-10-26,0458,Aqua,MODIS,89,6.2,306.1,379.7,D,0
-22.222,121.2566,352,4.7,2,2014-10-26,0458,Aqua,MODIS,94,6.2,310.4,446.1,D,0
-21.9864,121.0806,328.5,4.8,2,2014-10-26,0458,Aqua,MODIS,39,6.2,306.5,101.6,D,0
-22.0775,121.9733,333.8,4.1,1.9,2014-10-26,0458,Aqua,MODIS,22,6.2,310.5,127.8,D,0
-22.0434,121.9699,340.1,4.1,1.9,2014-10-26,0458,Aqua,MODIS,65,6.2,310.2,205.9,D,0
-22.0263,121.9683,349.7,4.1,1.9,2014-10-26,0458,Aqua,MODIS,92,6.2,309.9,357.7,D,0
-22.04,121.9621,344.2,4.1,1.9,2014-10-26,0458,Aqua,MODIS,87,6.2,309.6,270,D,0
-22.0229,121.9604,361,4.1,1.9,2014-10-26,0458,Aqua,MODIS,100,6.2,309.7,572.6,D,0
-22.1881,121.2496,333.1,4.7,2,2014-10-26,0458,Aqua,MODIS,72,6.2,307.5,157.9,D,0
-22.2061,121.2512,343.9,4.7,2,2014-10-26,0458,Aqua,MODIS,87,6.2,308.7,302.8,D,0
-23.8312,122.9496,332.3,3.7,1.8,2014-10-26,0458,Aqua,MODIS,37,6.2,313.9,69.9,D,0
-23.8643,123.058,341.4,3.6,1.8,2014-10-26,0458,Aqua,MODIS,83,6.2,313.3,151.5,D,0
-23.8715,123.0625,336.8,3.6,1.8,2014-10-26,0458,Aqua,MODIS,76,6.2,313.5,102.1,D,0
-22.2255,121.2102,331.5,4.7,2,2014-10-26,0458,Aqua,MODIS,41,6.2,309.7,111.7,D,0
-22.2075,121.2086,334.4,4.7,2,2014-10-26,0458,Aqua,MODIS,67,6.2,308.2,161.9,D,0
-22.1894,121.2072,334.9,4.7,2,2014-10-26,0458,Aqua,MODIS,75,6.2,305.8,183.1,D,0
-22.2098,121.205,328.8,4.7,2,2014-10-26,0458,Aqua,MODIS,32,6.2,308.2,91.4,D,0
-22.6116,130.3789,358.3,1.1,1.1,2014-10-26,0458,Aqua,MODIS,98,6.2,326.4,60.7,D,0
-22.6131,130.3679,342.5,1.1,1.1,2014-10-26,0458,Aqua,MODIS,54,6.2,323.1,21.3,D,0
-22.6226,130.3694,347.5,1.1,1.1,2014-10-26,0458,Aqua,MODIS,79,6.2,321.6,31.5,D,0
-22.6102,130.3899,368.7,1.1,1.1,2014-10-26,0458,Aqua,MODIS,100,6.2,326.7,94.8,D,0
-22.6021,130.3775,369.1,1.1,1.1,2014-10-26,0458,Aqua,MODIS,100,6.2,327.4,98.6,D,0
-22.5763,130.3512,360.3,1.1,1.1,2014-10-26,0458,Aqua,MODIS,100,6.2,325.1,66.7,D,0
-21.7556,131.4209,343.7,1,1,2014-10-26,0458,Aqua,MODIS,81,6.2,327.5,19.5,D,0
-22.6212,130.3803,340.6,1.1,1.1,2014-10-26,0458,Aqua,MODIS,23,6.2,322.1,15.7,D,0
-21.7468,131.423,337,1,1,2014-10-26,0458,Aqua,MODIS,74,6.2,324.7,9.8,D,0
-18.7562,130.9413,419.6,1,1,2014-10-26,0459,Aqua,MODIS,100,6.2,332.7,376.6,D,0
-18.7575,130.9317,481,1,1,2014-10-26,0459,Aqua,MODIS,100,6.2,400.1,1214.1,D,0
-18.7588,130.9221,345.9,1,1,2014-10-26,0459,Aqua,MODIS,88,6.2,315.9,32.7,D,0
-18.7458,130.9495,348.3,1,1,2014-10-26,0459,Aqua,MODIS,90,6.2,319.7,35,D,0
-18.782,130.9552,353.7,1,1,2014-10-26,0459,Aqua,MODIS,95,6.2,325.9,42.5,D,0
-18.7471,130.9399,362.1,1,1,2014-10-26,0459,Aqua,MODIS,100,6.2,325.6,69.3,D,0
-18.7484,130.9303,480.2,1,1,2014-10-26,0459,Aqua,MODIS,100,6.2,400.1,1198.3,D,0
-18.7498,130.9207,393.2,1,1,2014-10-26,0459,Aqua,MODIS,100,6.2,323.8,198.5,D,0
-18.7903,130.9524,350.5,1,1,2014-10-26,0459,Aqua,MODIS,92,6.2,324.1,34.5,D,0
-21.1203,121.1792,329.5,4.6,2,2014-10-26,0459,Aqua,MODIS,32,6.2,308.8,83.2,D,0
-18.7394,130.9289,338.7,1,1,2014-10-26,0459,Aqua,MODIS,78,6.2,317.7,18.9,D,0
-19.2409,131.8003,474.1,1,1,2014-10-26,0459,Aqua,MODIS,100,6.2,400.1,1046.8,D,0
-19.2423,131.7908,359.1,1,1,2014-10-26,0459,Aqua,MODIS,99,6.2,319.9,58.7,D,0
-19.2396,131.8098,425.6,1,1,2014-10-26,0459,Aqua,MODIS,100,6.2,328.5,413.3,D,0
-19.2499,131.8018,346.1,1,1,2014-10-26,0459,Aqua,MODIS,88,6.2,319,27.1,D,0
-19.2404,131.8681,342.7,1,1,2014-10-26,0459,Aqua,MODIS,60,6.2,320.5,21.2,D,0
-18.3937,132.6929,340.7,1,1,2014-10-26,0459,Aqua,MODIS,49,6.2,323,14.5,D,0
-18.4132,132.6863,364.7,1,1,2014-10-26,0459,Aqua,MODIS,100,6.2,320.8,71.2,D,0
-18.4223,132.6878,373.9,1,1,2014-10-26,0459,Aqua,MODIS,100,6.2,323.1,105.6,D,0
-18.4314,132.6893,346.5,1,1,2014-10-26,0459,Aqua,MODIS,88,6.2,320.7,29.1,D,0
-20.8093,122.6018,341.9,3.6,1.8,2014-10-26,0459,Aqua,MODIS,51,6.2,315.7,136.8,D,0
-20.8017,122.5971,378.4,3.6,1.8,2014-10-26,0459,Aqua,MODIS,100,6.2,319.4,770.8,D,0
-20.8049,122.5624,376.2,3.6,1.8,2014-10-26,0459,Aqua,MODIS,100,6.2,313.7,735.9,D,0
-21.4513,121.0831,390.5,4.7,2,2014-10-26,0459,Aqua,MODIS,100,6.2,313.8,1718.8,D,0
-21.4333,121.0813,338.9,4.7,2,2014-10-26,0459,Aqua,MODIS,80,6.2,309,232,D,0
-18.4659,132.6425,342.9,1,1,2014-10-26,0459,Aqua,MODIS,84,6.2,319.8,23.4,D,0
-20.7918,122.5259,351.8,3.6,1.8,2014-10-26,0459,Aqua,MODIS,85,6.2,307.7,298.6,D,0
-18.6856,131.1163,341.3,1,1,2014-10-26,0459,Aqua,MODIS,31,6.2,325.6,14.3,D,0
-21.2166,121.3291,343.1,4.5,2,2014-10-26,0459,Aqua,MODIS,85,6.2,307.3,260.9,D,0
-21.1889,121.4566,331.6,4.4,1.9,2014-10-26,0459,Aqua,MODIS,50,6.2,310.7,92.3,D,0
-18.6869,131.1068,364.7,1,1,2014-10-26,0459,Aqua,MODIS,100,6.2,328.6,67.3,D,0
-21.1989,121.3275,328.6,4.5,2,2014-10-26,0459,Aqua,MODIS,35,6.2,306.6,78.8,D,0
-21.1713,121.455,338.1,4.4,1.9,2014-10-26,0459,Aqua,MODIS,78,6.2,309.8,175.7,D,0
-21.2162,121.3213,345.6,4.5,2,2014-10-26,0459,Aqua,MODIS,88,6.2,307.1,308.2,D,0
-21.1877,121.4488,331.8,4.4,1.9,2014-10-26,0459,Aqua,MODIS,47,6.2,310.1,96.2,D,0
-21.1949,121.363,333.7,4.5,1.9,2014-10-26,0459,Aqua,MODIS,69,6.2,308.5,139.3,D,0
-21.1702,121.4472,336.2,4.4,1.9,2014-10-26,0459,Aqua,MODIS,68,6.2,309.3,158.2,D,0
-21.1526,121.4455,338.3,4.4,1.9,2014-10-26,0459,Aqua,MODIS,79,6.2,308.8,198.2,D,0
-21.1351,121.4439,343.5,4.4,1.9,2014-10-26,0459,Aqua,MODIS,86,6.2,308.6,285,D,0
-21.1176,121.4422,353.2,4.4,1.9,2014-10-26,0459,Aqua,MODIS,95,6.2,307.8,462.3,D,0
-21.0957,121.266,330.7,4.5,2,2014-10-26,0459,Aqua,MODIS,44,6.2,309.4,114.1,D,0
-21.1524,121.4415,333,4.4,1.9,2014-10-26,0459,Aqua,MODIS,67,6.2,308.7,140.3,D,0
-21.1349,121.4399,343.6,4.4,1.9,2014-10-26,0459,Aqua,MODIS,86,6.2,308.5,291,D,0
-21.1173,121.4384,350.4,4.4,1.9,2014-10-26,0459,Aqua,MODIS,93,6.2,307.7,410.1,D,0
-21.8331,121.1993,335.3,4.7,2,2014-10-26,0459,Aqua,MODIS,65,6.2,306.9,186.8,D,0
-21.0966,121.2625,331.8,4.5,2,2014-10-26,0459,Aqua,MODIS,62,6.2,309.5,130.6,D,0
-21.4552,121.0368,347.9,4.7,2,2014-10-26,0459,Aqua,MODIS,90,6.2,309.4,391,D,0
-21.4535,121.0453,378.9,4.7,2,2014-10-26,0459,Aqua,MODIS,100,6.2,311,1246.9,D,0
-20.7805,122.5521,368.4,3.6,1.8,2014-10-26,0459,Aqua,MODIS,100,6.2,317.1,565.8,D,0
-20.7726,122.559,346,3.6,1.8,2014-10-26,0459,Aqua,MODIS,73,6.2,316.6,209.5,D,0
-21.2125,121.1505,340.1,4.6,2,2014-10-26,0459,Aqua,MODIS,82,6.2,308.1,249.5,D,0
-21.2311,121.1443,328.1,4.6,2,2014-10-26,0459,Aqua,MODIS,19,6.2,306.6,96.9,D,0
-21.0788,121.035,332.2,4.7,2,2014-10-26,0459,Aqua,MODIS,66,6.2,307.3,164.6,D,0
-21.0608,121.0335,329.4,4.7,2,2014-10-26,0459,Aqua,MODIS,54,6.2,307,132.1,D,0
-21.0428,121.0319,328.3,4.7,2,2014-10-26,0459,Aqua,MODIS,42,6.2,306.2,121,D,0
-19.2022,131.0311,354.1,1,1,2014-10-26,0459,Aqua,MODIS,95,6.2,327.7,38.8,D,0
-19.2686,131.0182,348.4,1,1,2014-10-26,0459,Aqua,MODIS,90,6.2,324.5,29.4,D,0
-19.2672,131.0278,349.1,1,1,2014-10-26,0459,Aqua,MODIS,91,6.2,324.8,30.9,D,0
-21.8352,121.1957,332.9,4.7,2,2014-10-26,0459,Aqua,MODIS,56,6.2,307.1,154.4,D,0
-19.2646,131.0472,369.5,1,1,2014-10-26,0459,Aqua,MODIS,100,6.2,328.3,85,D,0
-18.7468,131.0086,343,1,1,2014-10-26,0459,Aqua,MODIS,62,6.2,321.3,20.7,D,0
-18.7559,131.01,393,1,1,2014-10-26,0459,Aqua,MODIS,100,6.2,330,188,D,0
-18.7545,131.0196,371.6,1,1,2014-10-26,0459,Aqua,MODIS,100,6.2,327.7,92,D,0
-20.7887,122.5607,379.1,3.6,1.8,2014-10-26,0459,Aqua,MODIS,100,6.2,318.9,823.6,D,0
-18.7532,131.0292,341.1,1,1,2014-10-26,0459,Aqua,MODIS,51,6.2,325.1,13.6,D,0
-18.7518,131.0388,343.1,1,1,2014-10-26,0459,Aqua,MODIS,77,6.2,325.5,17,D,0
-18.6776,131.4356,340.5,1,1,2014-10-26,0459,Aqua,MODIS,69,6.2,326.4,14.7,D,0
-21.2982,121.6401,335.7,4.3,1.9,2014-10-26,0459,Aqua,MODIS,74,6.2,312.9,138,D,0
-21.3016,121.5984,362.1,4.3,1.9,2014-10-26,0459,Aqua,MODIS,100,6.2,314.8,593.4,D,0
-21.297,121.6359,341.4,4.3,1.9,2014-10-26,0459,Aqua,MODIS,83,6.2,312.9,207.5,D,0
-21.3006,121.5943,360.3,4.3,1.9,2014-10-26,0459,Aqua,MODIS,100,6.2,314.7,546,D,0
-21.0802,121.027,329.4,4.7,2,2014-10-26,0459,Aqua,MODIS,51,6.2,307,123.5,D,0
-21.0442,121.0239,328,4.7,2,2014-10-26,0459,Aqua,MODIS,39,6.2,306.2,109.5,D,0
-21.2132,121.1425,343.9,4.6,2,2014-10-26,0459,Aqua,MODIS,86,6.2,308.2,306.1,D,0
-18.1972,132.7766,353,1,1,2014-10-26,0459,Aqua,MODIS,94,6.2,324.3,38,D,0
-18.1986,132.7669,350.1,1,1,2014-10-26,0459,Aqua,MODIS,92,6.2,327,29.4,D,0
-19.2632,131.0568,388.7,1,1,2014-10-26,0459,Aqua,MODIS,100,6.2,331.2,163.7,D,0
-19.2488,131.094,341.1,1,1,2014-10-26,0459,Aqua,MODIS,59,6.2,324.7,14.7,D,0
-21.6703,120.9875,359.3,4.8,2,2014-10-26,0459,Aqua,MODIS,99,6.2,306.7,657.5,D,0
-20.3733,121.5781,355.8,4.2,1.9,2014-10-26,0459,Aqua,MODIS,97,6.2,317,430.2,D,0
-20.3766,121.5374,362.7,4.3,1.9,2014-10-26,0459,Aqua,MODIS,100,6.2,310.8,600.8,D,0
-20.3593,121.5354,371.8,4.3,1.9,2014-10-26,0459,Aqua,MODIS,100,6.2,314,832.8,D,0
-20.3715,121.5732,363.3,4.2,1.9,2014-10-26,0459,Aqua,MODIS,100,6.2,316.9,594.7,D,0
-20.3751,121.5326,358.6,4.3,1.9,2014-10-26,0459,Aqua,MODIS,99,6.2,310.3,516,D,0
-21.6521,120.9861,335.9,4.8,2,2014-10-26,0459,Aqua,MODIS,75,6.2,304.4,191.5,D,0
-21.6735,120.9841,362,4.8,2,2014-10-26,0459,Aqua,MODIS,100,6.2,306.7,731.3,D,0
-21.6553,120.9827,344,4.8,2,2014-10-26,0459,Aqua,MODIS,87,6.2,305,329.4,D,0
-18.9043,132.1636,356.1,1,1,2014-10-26,0459,Aqua,MODIS,97,6.2,328.7,45.6,D,0
-19.1345,131.1189,344.9,1,1,2014-10-26,0459,Aqua,MODIS,86,6.2,324.3,22.2,D,0
-18.7143,131.0427,361,1,1,2014-10-26,0459,Aqua,MODIS,100,6.2,325.1,62.3,D,0
-18.7156,131.0331,369.5,1,1,2014-10-26,0459,Aqua,MODIS,100,6.2,326.3,90.2,D,0
-18.6986,131.0891,343.4,1,1,2014-10-26,0459,Aqua,MODIS,85,6.2,327.9,15.2,D,0
-18.7066,131.0317,343.4,1,1,2014-10-26,0459,Aqua,MODIS,78,6.2,322.5,25.3,D,0
-21.1451,121.091,331.3,4.7,2,2014-10-26,0459,Aqua,MODIS,42,6.2,309.1,119.5,D,0
-21.147,121.0874,335.8,4.7,2,2014-10-26,0459,Aqua,MODIS,73,6.2,309.3,180.9,D,0
-18.7079,131.0221,353.5,1,1,2014-10-26,0459,Aqua,MODIS,95,6.2,321.5,48.3,D,0
-18.6882,131.0973,408.9,1,1,2014-10-26,0459,Aqua,MODIS,100,6.2,332.2,281,D,0
-18.6895,131.0877,420.5,1,1,2014-10-26,0459,Aqua,MODIS,100,6.2,340.6,373,D,0
-21.1631,121.0923,329.3,4.7,2,2014-10-26,0459,Aqua,MODIS,28,6.2,309.7,95.7,D,0
-20.3135,121.6008,342.7,4.2,1.9,2014-10-26,0459,Aqua,MODIS,85,6.2,314.5,208.5,D,0
-18.6909,131.0782,378.6,1,1,2014-10-26,0459,Aqua,MODIS,100,6.2,325.7,118.8,D,0
-18.6922,131.0686,448.3,1,1,2014-10-26,0459,Aqua,MODIS,100,6.2,337,673.9,D,0
-20.3543,121.5714,345.8,4.2,1.9,2014-10-26,0459,Aqua,MODIS,69,6.2,316.6,249.9,D,0
-20.3578,121.5307,367,4.3,1.9,2014-10-26,0459,Aqua,MODIS,100,6.2,313.2,703.6,D,0
-20.3406,121.5287,367.1,4.3,1.9,2014-10-26,0459,Aqua,MODIS,100,6.2,312.8,694.6,D,0
-18.6935,131.059,353.7,1,1,2014-10-26,0459,Aqua,MODIS,95,6.2,321,45.4,D,0
-18.6792,131.0958,347.1,1,1,2014-10-26,0459,Aqua,MODIS,44,6.2,324.7,23.5,D,0
-18.6805,131.0863,412.8,1,1,2014-10-26,0459,Aqua,MODIS,100,6.2,329,311.9,D,0
-20.2993,121.6067,332.6,4.2,1.9,2014-10-26,0459,Aqua,MODIS,38,6.2,313.6,84.3,D,0
-20.3027,121.5661,332.9,4.2,1.9,2014-10-26,0459,Aqua,MODIS,36,6.2,313,92.7,D,0
-20.3344,121.5621,342.9,4.2,1.9,2014-10-26,0459,Aqua,MODIS,73,6.2,313.6,210.7,D,0
-20.3381,121.5212,348.4,4.3,1.9,2014-10-26,0459,Aqua,MODIS,90,6.2,311.5,316.4,D,0
-18.6818,131.0767,355,1,1,2014-10-26,0459,Aqua,MODIS,96,6.2,319.1,44.5,D,0
-18.6832,131.0672,339.9,1,1,2014-10-26,0459,Aqua,MODIS,61,6.2,319.7,16.1,D,0
-19.191,131.9608,335.9,1,1,2014-10-26,0459,Aqua,MODIS,38,6.2,321.2,8.8,D,0
-21.6335,121.0271,330.5,4.8,2,2014-10-26,0459,Aqua,MODIS,55,6.2,306.2,116.8,D,0
-21.4657,121.0958,353.7,4.7,2,2014-10-26,0459,Aqua,MODIS,95,6.2,310.9,501.1,D,0
-21.4691,121.0497,344.1,4.7,2,2014-10-26,0459,Aqua,MODIS,87,6.2,308.2,324.1,D,0
-21.4679,121.093,348.7,4.7,2,2014-10-26,0459,Aqua,MODIS,91,6.2,310.6,393.4,D,0
-21.4716,121.047,336.9,4.7,2,2014-10-26,0459,Aqua,MODIS,77,6.2,307.6,202.9,D,0
-21.4499,121.0913,391.6,4.7,2,2014-10-26,0459,Aqua,MODIS,100,6.2,313.1,1768.3,D,0
-18.43,132.6989,348.3,1,1,2014-10-26,0459,Aqua,MODIS,75,6.2,323.6,31.3,D,0
-21.1217,121.1757,328.9,4.6,2,2014-10-26,0459,Aqua,MODIS,24,6.2,308.9,82.7,D,0
-18.4209,132.6974,361.6,1,1,2014-10-26,0459,Aqua,MODIS,100,6.2,325.4,62.4,D,0
-18.409,132.7152,399.9,1,1,2014-10-26,0459,Aqua,MODIS,100,6.2,327.4,225.5,D,0
-18.4104,132.7056,349.1,1,1,2014-10-26,0459,Aqua,MODIS,23,6.2,323.4,25.2,D,0
-18.4118,132.6959,358.2,1,1,2014-10-26,0459,Aqua,MODIS,95,6.2,323,49,D,0
-18.3563,132.7559,344.5,1,1,2014-10-26,0459,Aqua,MODIS,71,6.2,323.3,21.5,D,0
-18.3473,132.7544,341,1,1,2014-10-26,0459,Aqua,MODIS,45,6.2,325.5,14.6,D,0
-18.3287,132.7654,349.3,1,1,2014-10-26,0459,Aqua,MODIS,84,6.2,323.1,29.8,D,0
-18.7666,130.9331,344.7,1,1,2014-10-26,0459,Aqua,MODIS,69,6.2,313.8,27,D,0
-18.7639,130.9524,412.4,1,1,2014-10-26,0459,Aqua,MODIS,100,6.2,331.7,311.2,D,0
-18.7604,131.561,339.8,1,1,2014-10-26,0459,Aqua,MODIS,48,6.2,321.6,11.5,D,0
-18.7487,131.5784,358,1,1,2014-10-26,0459,Aqua,MODIS,98,6.2,326.7,49.6,D,0
-18.7501,131.569,383.6,1,1,2014-10-26,0459,Aqua,MODIS,100,6.2,331.8,137,D,0
-18.7527,131.5501,380,1,1,2014-10-26,0459,Aqua,MODIS,100,6.2,326,124.1,D,0
-18.7514,131.5595,434.4,1,1,2014-10-26,0459,Aqua,MODIS,100,6.2,342.4,499.8,D,0
-18.7411,131.5676,374.8,1,1,2014-10-26,0459,Aqua,MODIS,100,6.2,328.1,102.7,D,0
-18.7424,131.5581,402.4,1,1,2014-10-26,0459,Aqua,MODIS,100,6.2,332.7,238.5,D,0
-18.7626,130.962,351.4,1,1,2014-10-26,0459,Aqua,MODIS,71,6.2,323.6,34.5,D,0
-18.7743,130.9441,355.5,1,1,2014-10-26,0459,Aqua,MODIS,90,6.2,323.6,46.1,D,0
-18.7437,131.5486,336.6,1,1,2014-10-26,0459,Aqua,MODIS,21,6.2,322.3,9.6,D,0
-18.773,130.9538,406.5,1,1,2014-10-26,0459,Aqua,MODIS,100,6.2,334.1,268.7,D,0
-18.7198,131.4578,342.7,1,1,2014-10-26,0459,Aqua,MODIS,63,6.2,325.3,16.2,D,0
-18.7716,130.9634,375,1,1,2014-10-26,0459,Aqua,MODIS,100,6.2,327.4,105.4,D,0
-18.7834,130.9456,343.5,1,1,2014-10-26,0459,Aqua,MODIS,71,6.2,325.7,23.5,D,0
-18.7535,130.9606,338.3,1,1,2014-10-26,0459,Aqua,MODIS,31,6.2,321.6,15.7,D,0
-18.7548,130.9509,360.9,1,1,2014-10-26,0459,Aqua,MODIS,100,6.2,323.4,64.6,D,0
-19.1565,131.7519,352.8,1,1,2014-10-26,0459,Aqua,MODIS,94,6.2,319.7,39.5,D,0
-19.1727,131.832,390.4,1,1,2014-10-26,0459,Aqua,MODIS,100,6.2,328.8,175.8,D,0
-19.1551,131.7614,364.2,1,1,2014-10-26,0459,Aqua,MODIS,100,6.2,321.7,69.3,D,0
-19.1668,131.7439,424.3,1,1,2014-10-26,0459,Aqua,MODIS,100,6.2,334.8,404.3,D,0
-19.1758,131.7453,340.6,1,1,2014-10-26,0459,Aqua,MODIS,53,6.2,318.3,16.8,D,0
-19.1745,131.7548,342.3,1,1,2014-10-26,0459,Aqua,MODIS,83,6.2,320.2,19.9,D,0
-19.0479,132.057,338.9,1,1,2014-10-26,0459,Aqua,MODIS,73,6.2,324.2,12.2,D,0
-19.1169,131.7681,334.9,1,1,2014-10-26,0459,Aqua,MODIS,46,6.2,320.6,8.5,D,0
-19.9578,127.9701,340.3,1.4,1.2,2014-10-26,0459,Aqua,MODIS,74,6.2,323.8,23.3,D,0
-19.2243,131.788,452.1,1,1,2014-10-26,0459,Aqua,MODIS,100,6.2,400.1,712.6,D,0
-19.2256,131.7785,434.6,1,1,2014-10-26,0459,Aqua,MODIS,100,6.2,332.5,509.8,D,0
-19.1655,131.7533,438.9,1,1,2014-10-26,0459,Aqua,MODIS,100,6.2,341,549.3,D,0
-19.2127,131.8093,339.5,1,1,2014-10-26,0459,Aqua,MODIS,79,6.2,321.9,17.7,D,0
-19.1526,131.1217,337.3,1,1,2014-10-26,0459,Aqua,MODIS,50,6.2,323.1,10.1,D,0
-19.1539,131.1121,338,1,1,2014-10-26,0459,Aqua,MODIS,37,6.2,325.1,10.3,D,0
-19.3324,127.5909,388.2,1.5,1.2,2014-10-26,0459,Aqua,MODIS,100,6.2,327.1,282.8,D,0
-19.1637,131.8305,398.3,1,1,2014-10-26,0459,Aqua,MODIS,100,6.2,325.4,217.5,D,0
-19.165,131.821,366.4,1,1,2014-10-26,0459,Aqua,MODIS,100,6.2,317.7,79.6,D,0
-19.1436,131.1203,346,1,1,2014-10-26,0459,Aqua,MODIS,88,6.2,323.6,24.6,D,0
-19.1641,131.7628,354,1,1,2014-10-26,0459,Aqua,MODIS,95,6.2,323.2,43,D,0
-19.1785,131.7263,354.4,1,1,2014-10-26,0459,Aqua,MODIS,92,6.2,314.7,48.2,D,0
-19.2315,131.8666,344.8,1,1,2014-10-26,0459,Aqua,MODIS,65,6.2,321.1,22.9,D,0
-19.1772,131.7358,351.1,1,1,2014-10-26,0459,Aqua,MODIS,91,6.2,317.5,38.7,D,0
-19.2216,131.8069,380.4,1,1,2014-10-26,0459,Aqua,MODIS,100,6.2,324.2,119.6,D,0
-19.3456,130.9865,345.3,1,1,2014-10-26,0459,Aqua,MODIS,73,6.2,328.1,21.4,D,0
-19.2167,131.7809,476.4,1,1,2014-10-26,0459,Aqua,MODIS,100,6.2,400.1,1093.3,D,0
-18.8647,132.1796,339.7,1,1,2014-10-26,0459,Aqua,MODIS,70,6.2,322.8,12.7,D,0
-19.2154,131.7904,404.1,1,1,2014-10-26,0459,Aqua,MODIS,100,6.2,335.1,251.4,D,0
-18.8477,131.2709,339.9,1,1,2014-10-26,0459,Aqua,MODIS,72,6.2,325.6,12.5,D,0
-19.2346,131.7799,378.5,1,1,2014-10-26,0459,Aqua,MODIS,100,6.2,318.9,125.2,D,0
-19.2181,131.7715,357.3,1,1,2014-10-26,0459,Aqua,MODIS,98,6.2,318.5,54.5,D,0
-19.205,131.7984,343.7,1,1,2014-10-26,0459,Aqua,MODIS,85,6.2,319.2,24,D,0
-19.2333,131.7894,451,1,1,2014-10-26,0459,Aqua,MODIS,100,6.2,400.1,699.2,D,0
-19.2319,131.7989,437.5,1,1,2014-10-26,0459,Aqua,MODIS,100,6.2,339.9,528.7,D,0
-18.6838,130.2687,342.6,1.1,1,2014-10-26,0459,Aqua,MODIS,48,6.2,323.3,19.4,D,0
-19.3307,127.6049,386.6,1.5,1.2,2014-10-26,0459,Aqua,MODIS,100,6.2,330.8,268,D,0
-18.6561,130.2645,349,1.1,1,2014-10-26,0459,Aqua,MODIS,91,6.2,325.6,30.1,D,0
-19.0465,132.0664,338.7,1,1,2014-10-26,0459,Aqua,MODIS,72,6.2,322.2,12.5,D,0
-19.2229,131.7974,439.7,1,1,2014-10-26,0459,Aqua,MODIS,100,6.2,336.2,558.3,D,0
-19.3432,127.5923,350.5,1.5,1.2,2014-10-26,0459,Aqua,MODIS,92,6.2,324.8,57.8,D,0
-19.2611,127.6033,341.5,1.5,1.2,2014-10-26,0459,Aqua,MODIS,58,6.2,325.2,25.5,D,0
-19.2306,131.8083,362.2,1,1,2014-10-26,0459,Aqua,MODIS,100,6.2,327.6,57.4,D,0
-19.214,131.7999,381.3,1,1,2014-10-26,0459,Aqua,MODIS,100,6.2,329.3,133.1,D,0
-18.6428,130.293,339,1.1,1,2014-10-26,0459,Aqua,MODIS,63,6.2,325.9,13.1,D,0
-18.6575,130.2545,353.4,1.1,1,2014-10-26,0459,Aqua,MODIS,95,6.2,324.6,41.6,D,0
-19.3341,127.5768,351.8,1.5,1.2,2014-10-26,0459,Aqua,MODIS,93,6.2,323.3,65.1,D,0
-19.2064,131.7889,397.8,1,1,2014-10-26,0459,Aqua,MODIS,100,6.2,326.8,214.2,D,0
-19.2077,131.7795,450.3,1,1,2014-10-26,0459,Aqua,MODIS,100,6.2,337.8,691.1,D,0
-21.1142,121.4848,346.6,4.4,1.9,2014-10-26,0459,Aqua,MODIS,89,6.2,309.9,329.4,D,0
-21.1312,121.4824,338.7,4.4,1.9,2014-10-26,0459,Aqua,MODIS,80,6.2,309.9,207.1,D,0
-21.1137,121.4809,348.8,4.4,1.9,2014-10-26,0459,Aqua,MODIS,91,6.2,309.9,367.6,D,0
-18.8661,132.1701,345.2,1,1,2014-10-26,0459,Aqua,MODIS,87,6.2,325.3,21.7,D,0
-19.2475,131.1037,339.4,1,1,2014-10-26,0459,Aqua,MODIS,65,6.2,323,13.1,D,0
-19.3469,130.9768,356.4,1,1,2014-10-26,0459,Aqua,MODIS,97,6.2,327.8,48.5,D,0
-19.2594,127.6173,367.3,1.5,1.2,2014-10-26,0459,Aqua,MODIS,100,6.2,326.1,133,D,0
-19.2669,127.6466,340.8,1.5,1.2,2014-10-26,0459,Aqua,MODIS,81,6.2,324.6,26.4,D,0
-21.1317,121.4864,335.7,4.4,1.9,2014-10-26,0459,Aqua,MODIS,75,6.2,309.9,166.6,D,0
-19.1713,131.8414,347.4,1,1,2014-10-26,0459,Aqua,MODIS,89,6.2,323.1,29.8,D,0
-15.4063,142.2122,327.5,4.8,2,2014-10-26,0459,Aqua,MODIS,81,6.2,306,104.6,D,0
-16.4012,142.5527,328.3,4.8,2,2014-10-26,0459,Aqua,MODIS,35,6.2,310,68.4,D,0
-15.4028,142.2169,325.3,4.8,2,2014-10-26,0459,Aqua,MODIS,60,6.2,305.9,77.1,D,0
-16.2688,136.7543,343.2,1.8,1.3,2014-10-26,0459,Aqua,MODIS,85,6.2,313.2,58.9,D,0
-20.0169,128.6369,350.2,1.3,1.1,2014-10-26,0459,Aqua,MODIS,92,6.2,320.1,51.5,D,0
-20.0184,128.6245,343.7,1.3,1.1,2014-10-26,0459,Aqua,MODIS,70,6.2,319.3,35.6,D,0
-20.0067,128.6355,402.6,1.3,1.1,2014-10-26,0459,Aqua,MODIS,100,6.2,331.8,348.3,D,0
-20.0082,128.6231,391.7,1.3,1.1,2014-10-26,0459,Aqua,MODIS,100,6.2,328.5,263,D,0
-20.0082,128.6429,391.9,1.3,1.1,2014-10-26,0459,Aqua,MODIS,100,6.2,330.9,252.3,D,0
-20.0098,128.6305,401.5,1.3,1.1,2014-10-26,0459,Aqua,MODIS,100,6.2,332.8,336,D,0
-20.0113,128.6182,353.7,1.3,1.1,2014-10-26,0459,Aqua,MODIS,88,6.2,323.6,59.3,D,0
-19.9996,128.6291,341.5,1.3,1.1,2014-10-26,0459,Aqua,MODIS,50,6.2,326.6,23.6,D,0
-19.8325,128.5047,344.2,1.3,1.1,2014-10-26,0459,Aqua,MODIS,80,6.2,326.2,31.5,D,0
-19.834,128.4922,347.1,1.3,1.1,2014-10-26,0459,Aqua,MODIS,89,6.2,324.7,40.2,D,0
-16.9298,142.6612,328,4.8,2,2014-10-26,0459,Aqua,MODIS,54,6.2,308.9,82.2,D,0
-18.3324,127.8167,341.5,1.4,1.2,2014-10-26,0459,Aqua,MODIS,77,6.2,318.7,37,D,0
-20.0037,128.6602,395.3,1.3,1.1,2014-10-26,0459,Aqua,MODIS,100,6.2,330.6,283.1,D,0
-20.0052,128.6478,413.7,1.3,1.1,2014-10-26,0459,Aqua,MODIS,100,6.2,335.2,457.9,D,0
-19.9949,128.6661,359.1,1.3,1.1,2014-10-26,0459,Aqua,MODIS,99,6.2,327.7,72.3,D,0
-19.9964,128.6538,360.5,1.3,1.1,2014-10-26,0459,Aqua,MODIS,100,6.2,331.2,78.1,D,0
-19.9761,128.6509,351.6,1.3,1.1,2014-10-26,0459,Aqua,MODIS,93,6.2,326.6,47.6,D,0
-19.9496,128.6972,348.5,1.3,1.1,2014-10-26,0459,Aqua,MODIS,90,6.2,323.5,38.2,D,0
-19.7697,123.1812,344.6,3.2,1.7,2014-10-26,0459,Aqua,MODIS,60,6.2,316.5,149.1,D,0
-19.7721,123.1742,356.8,3.2,1.7,2014-10-26,0459,Aqua,MODIS,97,6.2,316.5,293.3,D,0
-19.3915,122.4621,331,3.5,1.8,2014-10-26,0459,Aqua,MODIS,23,6.2,310,58,D,0
-19.3838,122.4651,335.3,3.5,1.8,2014-10-26,0459,Aqua,MODIS,74,6.2,312,100.9,D,0
-17.3311,130.487,346.3,1,1,2014-10-26,0459,Aqua,MODIS,73,6.2,320.4,27,D,0
-17.322,130.4856,344.2,1,1,2014-10-26,0459,Aqua,MODIS,73,6.2,321.2,24.5,D,0
-19.2898,122.4087,336.1,3.6,1.8,2014-10-26,0459,Aqua,MODIS,68,6.2,310.8,103.2,D,0
-21.8968,121.1077,328.2,4.7,2,2014-10-26,0459,Aqua,MODIS,33,6.2,305.2,119.6,D,0
-19.7725,123.1509,351.6,3.2,1.7,2014-10-26,0459,Aqua,MODIS,80,6.2,311.5,239.4,D,0
-21.9159,121.0667,336.6,4.8,2,2014-10-26,0459,Aqua,MODIS,77,6.2,306.1,238.3,D,0
-21.9123,121.1128,361.6,4.7,2,2014-10-26,0459,Aqua,MODIS,100,6.2,307.4,725,D,0
-19.8149,122.8974,334.2,3.3,1.7,2014-10-26,0459,Aqua,MODIS,52,6.2,310.7,94.3,D,0
-19.8105,122.9044,332.4,3.3,1.7,2014-10-26,0459,Aqua,MODIS,41,6.2,310.4,81.2,D,0
-17.3402,130.4884,342,1,1,2014-10-26,0459,Aqua,MODIS,39,6.2,321.2,19,D,0
-17.7227,125.6447,341.3,1.9,1.4,2014-10-26,0500,Aqua,MODIS,84,6.2,317,54.2,D,0
-16.2717,135.6428,342.1,1.5,1.2,2014-10-26,0500,Aqua,MODIS,83,6.2,319.5,37.6,D,0
-12.6009,136.1161,330.1,1.9,1.3,2014-10-26,0500,Aqua,MODIS,32,6.2,301.5,35.1,D,0
-13.9877,135.5265,331.6,1.6,1.3,2014-10-26,0500,Aqua,MODIS,31,6.2,312.6,22.4,D,0
-14.0013,135.5136,375.4,1.6,1.2,2014-10-26,0500,Aqua,MODIS,100,6.2,312.9,232.8,D,0
-13.995,135.4821,332,1.6,1.2,2014-10-26,0500,Aqua,MODIS,49,6.2,311.7,25.2,D,0
-14.0038,135.4988,337.3,1.6,1.2,2014-10-26,0500,Aqua,MODIS,70,6.2,308.5,38.7,D,0
-14.0062,135.4841,331,1.6,1.2,2014-10-26,0500,Aqua,MODIS,47,6.2,308.8,22.9,D,0
-13.9989,135.5285,341.3,1.6,1.3,2014-10-26,0500,Aqua,MODIS,82,6.2,311.4,53.3,D,0
-12.5981,136.1333,346.8,1.9,1.3,2014-10-26,0500,Aqua,MODIS,91,6.2,307.3,106.5,D,0
-12.6994,136.3738,326.4,2,1.4,2014-10-26,0500,Aqua,MODIS,36,6.2,308.5,23.5,D,0
-13.5996,132.4448,412.6,1.1,1,2014-10-26,0500,Aqua,MODIS,100,6.2,326.1,359.7,D,0
-14.3795,131.0102,382,1,1,2014-10-26,0500,Aqua,MODIS,100,6.2,319.7,148.2,D,0
-14.3781,131.0194,395.3,1,1,2014-10-26,0500,Aqua,MODIS,100,6.2,321.2,210.1,D,0
-14.3768,131.0286,389.2,1,1,2014-10-26,0500,Aqua,MODIS,100,6.2,320.2,176.1,D,0
-14.3755,131.0379,345.3,1,1,2014-10-26,0500,Aqua,MODIS,88,6.2,313.3,32.3,D,0
-13.7443,132.6449,345.8,1.1,1,2014-10-26,0500,Aqua,MODIS,87,6.2,318.1,33.7,D,0
-13.1497,133.1366,357,1.2,1.1,2014-10-26,0500,Aqua,MODIS,97,6.2,316.8,73.1,D,0
-13.1514,133.1259,335.2,1.2,1.1,2014-10-26,0500,Aqua,MODIS,70,6.2,314.6,19.8,D,0
-13.14,133.1351,334.3,1.2,1.1,2014-10-26,0500,Aqua,MODIS,67,6.2,315.5,18.2,D,0
-14.2057,131.3207,339.4,1,1,2014-10-26,0500,Aqua,MODIS,60,6.2,316.3,19.3,D,0
-14.1967,131.3193,363.2,1,1,2014-10-26,0500,Aqua,MODIS,100,6.2,315.1,74.2,D,0
-14.198,131.31,354.7,1,1,2014-10-26,0500,Aqua,MODIS,96,6.2,316.3,52.4,D,0
-14.1989,135.7052,333.9,1.6,1.3,2014-10-26,0500,Aqua,MODIS,64,6.2,313.5,28.9,D,0
-15.0071,135.1983,357.9,1.5,1.2,2014-10-26,0500,Aqua,MODIS,98,6.2,320,99.4,D,0
-15.0113,135.1909,354.1,1.5,1.2,2014-10-26,0500,Aqua,MODIS,95,6.2,319.6,83.1,D,0
-15.009,135.2045,351.5,1.5,1.2,2014-10-26,0500,Aqua,MODIS,93,6.2,318.6,75.4,D,0
-14.2015,135.7003,330.4,1.6,1.3,2014-10-26,0500,Aqua,MODIS,44,6.2,314.9,20.1,D,0
-14.0197,135.4713,338.9,1.6,1.2,2014-10-26,0500,Aqua,MODIS,79,6.2,309.5,47.9,D,0
-14.0221,135.4567,332.9,1.6,1.2,2014-10-26,0500,Aqua,MODIS,63,6.2,310.2,31.4,D,0
-14.0086,135.4694,358.6,1.6,1.2,2014-10-26,0500,Aqua,MODIS,99,6.2,311.5,129.9,D,0
-14.011,135.4547,345,1.6,1.2,2014-10-26,0500,Aqua,MODIS,87,6.2,308.8,71,D,0
-13.9974,135.4674,344.5,1.6,1.2,2014-10-26,0500,Aqua,MODIS,86,6.2,311,68.2,D,0
-14.6663,141.78,327.6,4.6,2,2014-10-26,0500,Aqua,MODIS,70,6.2,307,107.6,D,0
-14.6488,141.7764,324.2,4.6,2,2014-10-26,0500,Aqua,MODIS,48,6.2,306.1,77.5,D,0
-14.6661,141.7718,332.3,4.6,2,2014-10-26,0500,Aqua,MODIS,85,6.2,306.9,168.1,D,0
-14.6485,141.7681,327,4.6,2,2014-10-26,0500,Aqua,MODIS,71,6.2,306.1,110.3,D,0
-14.0671,131.2651,359.7,1,1,2014-10-26,0500,Aqua,MODIS,99,6.2,319.2,62.4,D,0
-14.2908,130.9909,401.8,1,1,2014-10-26,0500,Aqua,MODIS,94,6.2,308.5,248.7,D,0
-14.2922,130.9816,486,1,1,2014-10-26,0500,Aqua,MODIS,100,6.2,333.4,1287.8,D,0
-14.2935,130.9724,417.7,1,1,2014-10-26,0500,Aqua,MODIS,100,6.2,315.4,364,D,0
-14.2805,130.9987,349.9,1,1,2014-10-26,0500,Aqua,MODIS,73,6.2,303.3,45.2,D,0
-14.2704,130.9999,360.9,1,1,2014-10-26,0500,Aqua,MODIS,100,6.2,308.7,75,D,0
-16.0998,135.4999,332.6,1.5,1.2,2014-10-26,0500,Aqua,MODIS,41,6.2,314.5,13.5,D,0
-16.102,135.4862,336,1.5,1.2,2014-10-26,0500,Aqua,MODIS,69,6.2,315,20.3,D,0
-13.6743,132.4931,336.6,1.1,1,2014-10-26,0500,Aqua,MODIS,44,6.2,318.6,12.8,D,0
-13.6664,132.4816,338.5,1.1,1,2014-10-26,0500,Aqua,MODIS,61,6.2,318.7,16.8,D,0
-13.6261,132.4958,346.2,1.1,1,2014-10-26,0500,Aqua,MODIS,66,6.2,317.7,34.3,D,0
-13.6182,132.4844,352.3,1.1,1,2014-10-26,0500,Aqua,MODIS,94,6.2,320.2,50.4,D,0
-13.6089,132.4829,335,1.1,1,2014-10-26,0500,Aqua,MODIS,37,6.2,315.3,16.9,D,0
-14.2972,131.0107,347.2,1,1,2014-10-26,0500,Aqua,MODIS,73,6.2,308.8,33.6,D,0
-14.2712,131.0632,378.1,1,1,2014-10-26,0500,Aqua,MODIS,100,6.2,323.4,126.9,D,0
-13.6942,132.5952,347,1.1,1,2014-10-26,0500,Aqua,MODIS,72,6.2,321.2,32.5,D,0
-13.6848,132.5938,350.4,1.1,1,2014-10-26,0500,Aqua,MODIS,91,6.2,322.8,40.8,D,0
-14.2725,131.054,376.4,1,1,2014-10-26,0500,Aqua,MODIS,100,6.2,321.1,120.1,D,0
-14.2739,131.0448,370.3,1,1,2014-10-26,0500,Aqua,MODIS,100,6.2,317.9,97.4,D,0
-14.2752,131.0356,349.9,1,1,2014-10-26,0500,Aqua,MODIS,87,6.2,317.1,41.3,D,0
-14.2611,131.0644,340.3,1,1,2014-10-26,0500,Aqua,MODIS,63,6.2,312.4,26.4,D,0
-14.2624,131.0552,347.1,1,1,2014-10-26,0500,Aqua,MODIS,85,6.2,311.8,39.5,D,0
-14.2664,131.0275,367.8,1,1,2014-10-26,0500,Aqua,MODIS,100,6.2,314.7,93.4,D,0
-14.2677,131.0183,398.8,1,1,2014-10-26,0500,Aqua,MODIS,100,6.2,321.1,230.3,D,0
-14.2691,131.0091,416.7,1,1,2014-10-26,0500,Aqua,MODIS,100,6.2,326.1,353.9,D,0
-14.4818,131.0703,371.9,1,1,2014-10-26,0500,Aqua,MODIS,100,6.2,315.4,103.3,D,0
-14.3665,131.0365,343.6,1,1,2014-10-26,0500,Aqua,MODIS,86,6.2,314.3,28.9,D,0
-13.6011,132.4349,394.8,1.1,1,2014-10-26,0500,Aqua,MODIS,100,6.2,322.9,231,D,0
-14.4333,131.0185,385.2,1,1,2014-10-26,0500,Aqua,MODIS,100,6.2,312.5,159.6,D,0
-14.4347,131.0093,350.8,1,1,2014-10-26,0500,Aqua,MODIS,93,6.2,302.9,49.9,D,0
-14.4244,131.0171,390.9,1,1,2014-10-26,0500,Aqua,MODIS,100,6.2,315.8,186.7,D,0
-14.4114,131.0434,366.3,1,1,2014-10-26,0500,Aqua,MODIS,100,6.2,309.7,86.2,D,0
-14.4127,131.0342,393.8,1,1,2014-10-26,0500,Aqua,MODIS,100,6.2,314.6,199.6,D,0
-14.4141,131.025,363.8,1,1,2014-10-26,0500,Aqua,MODIS,100,6.2,312.4,76.9,D,0
-14.4154,131.0157,381.1,1,1,2014-10-26,0500,Aqua,MODIS,100,6.2,316.2,141.3,D,0
-14.4037,131.0328,376.5,1,1,2014-10-26,0500,Aqua,MODIS,100,6.2,308.9,120.6,D,0
-14.4051,131.0236,372.7,1,1,2014-10-26,0500,Aqua,MODIS,100,6.2,307.1,108.2,D,0
-14.4064,131.0143,438.3,1,1,2014-10-26,0500,Aqua,MODIS,100,6.2,320.5,557,D,0
-14.4423,131.0199,341,1,1,2014-10-26,0500,Aqua,MODIS,79,6.2,301.5,29.7,D,0
-14.45,131.0305,350.6,1,1,2014-10-26,0500,Aqua,MODIS,88,6.2,307.8,47.1,D,0
-14.4487,131.0397,345.4,1,1,2014-10-26,0500,Aqua,MODIS,83,6.2,308.9,35.5,D,0
-14.4588,131.0384,373.3,1,1,2014-10-26,0500,Aqua,MODIS,100,6.2,310.3,111,D,0
-14.4575,131.0477,349,1,1,2014-10-26,0500,Aqua,MODIS,86,6.2,310.9,41.6,D,0
-14.4754,131.0504,336.3,1,1,2014-10-26,0500,Aqua,MODIS,70,6.2,310.7,20.1,D,0
-14.4741,131.0597,351.3,1,1,2014-10-26,0500,Aqua,MODIS,93,6.2,313.4,46.4,D,0
-14.4831,131.0611,334.3,1,1,2014-10-26,0500,Aqua,MODIS,63,6.2,311.7,16.1,D,0
-13.1325,133.0407,352.9,1.2,1.1,2014-10-26,0500,Aqua,MODIS,94,6.2,315.3,59.9,D,0
-14.2998,130.9922,458.1,1,1,2014-10-26,0500,Aqua,MODIS,94,6.2,340.6,805.8,D,0
-14.2985,131.0014,380.8,1,1,2014-10-26,0500,Aqua,MODIS,87,6.2,303.6,135.6,D,0
-14.3088,130.9936,361.6,1,1,2014-10-26,0500,Aqua,MODIS,100,6.2,317.9,72.6,D,0
-14.3075,131.0028,347,1,1,2014-10-26,0500,Aqua,MODIS,73,6.2,316.5,33.6,D,0
-14.3178,130.995,350.9,1,1,2014-10-26,0500,Aqua,MODIS,93,6.2,313.4,48.2,D,0
-14.3165,131.0042,355.2,1,1,2014-10-26,0500,Aqua,MODIS,96,6.2,315.3,53.5,D,0
-14.3151,131.0134,341.9,1,1,2014-10-26,0500,Aqua,MODIS,48,6.2,315.3,23.1,D,0
-14.2256,136.6075,346.8,1.9,1.4,2014-10-26,0500,Aqua,MODIS,90,6.2,306.2,108.9,D,0
-14.2284,136.6133,340.3,1.9,1.4,2014-10-26,0500,Aqua,MODIS,82,6.2,304.8,76.9,D,0
-14.0275,135.3531,335.3,1.6,1.2,2014-10-26,0500,Aqua,MODIS,71,6.2,310.9,38.1,D,0
-13.9201,131.7611,342.1,1,1,2014-10-26,0500,Aqua,MODIS,83,6.2,323.6,18.2,D,0
-14.5423,131.2838,346.3,1,1,2014-10-26,0500,Aqua,MODIS,52,6.2,317.3,27.2,D,0
-14.532,131.2917,346.5,1,1,2014-10-26,0500,Aqua,MODIS,55,6.2,322.8,20.6,D,0
-14.5333,131.2824,386.3,1,1,2014-10-26,0500,Aqua,MODIS,100,6.2,323.6,149.6,D,0
-14.5243,131.281,363,1,1,2014-10-26,0500,Aqua,MODIS,96,6.2,322.3,63.8,D,0
-14.4793,131.2779,346.5,1,1,2014-10-26,0500,Aqua,MODIS,64,6.2,316.8,31.1,D,0
-14.4518,131.1506,357.7,1,1,2014-10-26,0500,Aqua,MODIS,93,6.2,306.9,61.9,D,0
-14.4608,131.152,371.2,1,1,2014-10-26,0500,Aqua,MODIS,87,6.2,303,104.5,D,0
-13.7283,141.602,327.5,4.7,2,2014-10-26,0500,Aqua,MODIS,81,6.2,295.4,177.3,D,0
-14.3025,130.9738,406.6,1,1,2014-10-26,0500,Aqua,MODIS,100,6.2,325.5,280.2,D,0
-14.3011,130.983,453.8,1,1,2014-10-26,0500,Aqua,MODIS,100,6.2,400.1,746.6,D,0
-14.3115,130.9752,334.9,1,1,2014-10-26,0500,Aqua,MODIS,35,6.2,307.6,20.6,D,0
-14.3101,130.9844,369.9,1,1,2014-10-26,0500,Aqua,MODIS,100,6.2,316.1,100,D,0
-16.3015,131.4005,345.4,1,1,2014-10-26,0500,Aqua,MODIS,87,6.2,316,28.2,D,0
-13.6321,141.7168,344.6,4.8,2,2014-10-26,0500,Aqua,MODIS,92,6.2,300.7,411,D,0
-13.6354,141.7126,354,4.8,2,2014-10-26,0500,Aqua,MODIS,97,6.2,300.3,601.7,D,0
-14.4176,131.4487,343.6,1,1,2014-10-26,0500,Aqua,MODIS,74,6.2,315.5,24.8,D,0
-13.9131,135.7716,355.5,1.7,1.3,2014-10-26,0500,Aqua,MODIS,96,6.2,311.3,115.8,D,0
-13.9106,135.7872,332.9,1.7,1.3,2014-10-26,0500,Aqua,MODIS,64,6.2,309,24.8,D,0
-13.9135,135.7627,341.8,1.7,1.3,2014-10-26,0500,Aqua,MODIS,83,6.2,313.5,53.9,D,0
-14.4086,131.4473,360.3,1,1,2014-10-26,0500,Aqua,MODIS,100,6.2,319.2,63,D,0
-13.1341,133.0299,373.7,1.2,1.1,2014-10-26,0500,Aqua,MODIS,100,6.2,316.7,136,D,0
-14.41,131.438,349,1,1,2014-10-26,0500,Aqua,MODIS,89,6.2,317.8,35.2,D,0
-14.3996,131.4459,363.3,1,1,2014-10-26,0500,Aqua,MODIS,100,6.2,317.8,70.8,D,0
-13.677,132.5821,367.9,1.1,1,2014-10-26,0500,Aqua,MODIS,100,6.2,326.4,91.9,D,0
-13.6701,132.5849,340.8,1.1,1,2014-10-26,0500,Aqua,MODIS,60,6.2,319.5,22.6,D,0
-13.6716,132.5748,356.9,1.1,1,2014-10-26,0500,Aqua,MODIS,97,6.2,323.6,60.7,D,0
-13.6638,132.5633,343.8,1.1,1,2014-10-26,0500,Aqua,MODIS,66,6.2,315.8,27.9,D,0
-13.6544,132.5618,343.7,1.1,1,2014-10-26,0500,Aqua,MODIS,66,6.2,315.5,29.8,D,0
-13.6559,132.5518,356.2,1.1,1,2014-10-26,0500,Aqua,MODIS,96,6.2,316.6,57.9,D,0
-13.6753,132.4222,337.2,1.1,1,2014-10-26,0500,Aqua,MODIS,48,6.2,319.8,15.1,D,0
-13.666,132.4207,339,1.1,1,2014-10-26,0500,Aqua,MODIS,39,6.2,319,19.5,D,0
-13.6612,132.3896,338.7,1.1,1,2014-10-26,0500,Aqua,MODIS,58,6.2,319.2,18.8,D,0
-13.6489,132.4077,343.3,1.1,1,2014-10-26,0500,Aqua,MODIS,59,6.2,314.2,31.6,D,0
-13.6071,132.4317,377.4,1.1,1,2014-10-26,0500,Aqua,MODIS,100,6.2,315.9,142.6,D,0
-13.6772,132.4732,340.1,1.1,1,2014-10-26,0500,Aqua,MODIS,34,6.2,320,17.5,D,0
-13.6679,132.4717,355.4,1.1,1,2014-10-26,0500,Aqua,MODIS,96,6.2,321.8,55.3,D,0
-13.6586,132.4702,386.9,1.1,1,2014-10-26,0500,Aqua,MODIS,100,6.2,323.9,178.6,D,0
-13.6104,132.4729,355.2,1.1,1,2014-10-26,0500,Aqua,MODIS,96,6.2,319,59.3,D,0
-13.612,132.4628,337.6,1.1,1,2014-10-26,0500,Aqua,MODIS,40,6.2,315.8,19,D,0
-13.6011,132.4714,339,1.1,1,2014-10-26,0500,Aqua,MODIS,35,6.2,312.6,23.4,D,0
-13.6026,132.4615,374.5,1.1,1,2014-10-26,0500,Aqua,MODIS,100,6.2,316.3,126,D,0
-13.7223,132.5997,344.5,1.1,1,2014-10-26,0500,Aqua,MODIS,80,6.2,318,28.9,D,0
-14.2314,136.5958,355.5,1.9,1.4,2014-10-26,0500,Aqua,MODIS,96,6.2,303.6,156.3,D,0
-13.6601,132.4603,353.2,1.1,1,2014-10-26,0500,Aqua,MODIS,95,6.2,320.9,50.8,D,0
-13.6135,132.4529,336.3,1.1,1,2014-10-26,0500,Aqua,MODIS,56,6.2,313.2,19.5,D,0
-13.6041,132.4515,393.6,1.1,1,2014-10-26,0500,Aqua,MODIS,100,6.2,320.6,223.9,D,0
-13.6056,132.4416,438.7,1.1,1,2014-10-26,0500,Aqua,MODIS,100,6.2,334.7,629,D,0
-14.4455,131.1307,402.7,1,1,2014-10-26,0500,Aqua,MODIS,100,6.2,316,253.2,D,0
-14.4441,131.14,393.7,1,1,2014-10-26,0500,Aqua,MODIS,100,6.2,318.9,200,D,0
-14.4531,131.1414,340.4,1,1,2014-10-26,0500,Aqua,MODIS,59,6.2,304.1,29.5,D,0
-14.4621,131.1428,344.9,1,1,2014-10-26,0500,Aqua,MODIS,80,6.2,300.5,38.9,D,0
-16.2495,131.3095,348.4,1,1,2014-10-26,0500,Aqua,MODIS,80,6.2,308.6,35.4,D,0
-16.2352,131.3453,345.4,1,1,2014-10-26,0500,Aqua,MODIS,85,6.2,323.1,24.2,D,0
-16.2365,131.336,370.1,1,1,2014-10-26,0500,Aqua,MODIS,100,6.2,326.2,88,D,0
-14.4804,131.0795,356.6,1,1,2014-10-26,0500,Aqua,MODIS,97,6.2,314.1,59.3,D,0
-16.2379,131.3267,358.2,1,1,2014-10-26,0500,Aqua,MODIS,98,6.2,322.2,54.5,D,0
-16.2392,131.3174,374.4,1,1,2014-10-26,0500,Aqua,MODIS,100,6.2,321.8,106.6,D,0
-16.2405,131.3081,388,1,1,2014-10-26,0500,Aqua,MODIS,100,6.2,314.5,166.7,D,0
-16.2275,131.3346,357.2,1,1,2014-10-26,0500,Aqua,MODIS,98,6.2,320.1,50.6,D,0
-16.2289,131.3253,342.4,1,1,2014-10-26,0500,Aqua,MODIS,79,6.2,319.2,21,D,0
-14.4024,131.042,337.3,1,1,2014-10-26,0500,Aqua,MODIS,78,6.2,307,20.2,D,0
-14.3961,131.0222,336.1,1,1,2014-10-26,0500,Aqua,MODIS,71,6.2,302.9,20.1,D,0
-14.3845,131.0392,335.1,1,1,2014-10-26,0500,Aqua,MODIS,74,6.2,311.1,15.8,D,0
-14.3858,131.03,340.3,1,1,2014-10-26,0500,Aqua,MODIS,83,6.2,310.8,24.6,D,0
-14.1198,131.2827,345.8,1,1,2014-10-26,0500,Aqua,MODIS,83,6.2,315.8,30.5,D,0
-14.1211,131.2735,355.1,1,1,2014-10-26,0500,Aqua,MODIS,96,6.2,321.4,49.3,D,0
-14.1045,131.2614,341.6,1,1,2014-10-26,0500,Aqua,MODIS,57,6.2,318.5,19.7,D,0
-14.3871,131.0208,333.4,1,1,2014-10-26,0500,Aqua,MODIS,57,6.2,309.3,16.9,D,0
-14.2719,131.3757,354.3,1,1,2014-10-26,0500,Aqua,MODIS,89,6.2,317.8,50.8,D,0
-14.2809,131.3771,342.4,1,1,2014-10-26,0500,Aqua,MODIS,52,6.2,319.3,23.3,D,0
-14.2795,131.3864,351.1,1,1,2014-10-26,0500,Aqua,MODIS,93,6.2,317.4,41.2,D,0
-14.2886,131.3878,357.7,1,1,2014-10-26,0500,Aqua,MODIS,98,6.2,319.2,57.2,D,0
-14.2976,131.3892,353.4,1,1,2014-10-26,0500,Aqua,MODIS,95,6.2,319.2,45.8,D,0
-14.3884,131.0116,348.5,1,1,2014-10-26,0500,Aqua,MODIS,91,6.2,310.4,46.1,D,0
-14.3587,131.0296,341.7,1,1,2014-10-26,0500,Aqua,MODIS,70,6.2,312.5,25.2,D,0
-14.434,131.1413,342.8,1,1,2014-10-26,0500,Aqua,MODIS,46,6.2,315.3,26.7,D,0
-14.3705,131.0088,458.5,1,1,2014-10-26,0500,Aqua,MODIS,100,6.2,335.5,815.5,D,0
-14.3692,131.018,416.4,1,1,2014-10-26,0500,Aqua,MODIS,100,6.2,317.6,349.6,D,0
-14.3678,131.0273,399.6,1,1,2014-10-26,0500,Aqua,MODIS,100,6.2,318.2,232.8,D,0
-14.3758,131.4165,355,1,1,2014-10-26,0500,Aqua,MODIS,96,6.2,319.8,46.3,D,0
-14.3834,131.4273,341.3,1,1,2014-10-26,0500,Aqua,MODIS,70,6.2,317,19.8,D,0
-14.5437,131.2746,349.4,1,1,2014-10-26,0500,Aqua,MODIS,89,6.2,314.7,34.8,D,0
-14.5347,131.2731,361,1,1,2014-10-26,0500,Aqua,MODIS,100,6.2,314.1,59.7,D,0
-14.5257,131.2717,362.8,1,1,2014-10-26,0500,Aqua,MODIS,92,6.2,316.2,66.6,D,0
-14.4009,131.4366,391.5,1,1,2014-10-26,0500,Aqua,MODIS,100,6.2,320.2,182.7,D,0
-14.2852,131.0937,335.4,1,1,2014-10-26,0500,Aqua,MODIS,54,6.2,314,8.8,D,0
-14.3718,130.9996,417.6,1,1,2014-10-26,0500,Aqua,MODIS,100,6.2,317.9,364.7,D,0
-14.3821,130.9918,331.4,1,1,2014-10-26,0500,Aqua,MODIS,51,6.2,302.2,19.5,D,0
-14.2762,131.0923,344.3,1,1,2014-10-26,0500,Aqua,MODIS,87,6.2,314,24.1,D,0
-14.2775,131.0831,361.6,1,1,2014-10-26,0500,Aqua,MODIS,100,6.2,319.9,64.5,D,0
-14.2685,131.0817,407.1,1,1,2014-10-26,0500,Aqua,MODIS,100,6.2,321.2,275.8,D,0
-14.3988,131.0038,336.4,1,1,2014-10-26,0500,Aqua,MODIS,76,6.2,295.7,25.4,D,0
-14.4077,131.0051,362.8,1,1,2014-10-26,0500,Aqua,MODIS,100,6.2,305.7,81.4,D,0
-14.4167,131.0065,354,1,1,2014-10-26,0500,Aqua,MODIS,95,6.2,308.3,57.8,D,0
-14.4257,131.0079,399.5,1,1,2014-10-26,0500,Aqua,MODIS,100,6.2,317,236,D,0
-14.2699,131.0725,389.7,1,1,2014-10-26,0500,Aqua,MODIS,100,6.2,321.8,176,D,0
-14.3808,131.001,420.2,1,1,2014-10-26,0500,Aqua,MODIS,100,6.2,323.5,385.6,D,0
-14.3911,130.9931,347.3,1,1,2014-10-26,0500,Aqua,MODIS,90,6.2,301.7,45.8,D,0
-14.3898,131.0024,403,1,1,2014-10-26,0500,Aqua,MODIS,100,6.2,317.2,259.5,D,0
-13.6845,130.4071,335.3,1,1,2014-10-26,0500,Aqua,MODIS,59,6.2,302.6,23.7,D,0
-13.6832,130.4164,340.4,1,1,2014-10-26,0500,Aqua,MODIS,74,6.2,305.3,29.8,D,0
-17.2865,124.432,334,2.3,1.5,2014-10-26,0500,Aqua,MODIS,54,6.2,308,55.7,D,0
-17.284,124.4542,343.6,2.3,1.5,2014-10-26,0500,Aqua,MODIS,82,6.2,305.9,98.5,D,0
-17.2815,124.4762,342.2,2.3,1.5,2014-10-26,0500,Aqua,MODIS,64,6.2,315.6,89.2,D,0
-17.2974,124.4558,347.2,2.3,1.5,2014-10-26,0500,Aqua,MODIS,90,6.2,309,125.9,D,0
-17.2949,124.4778,342.1,2.3,1.5,2014-10-26,0500,Aqua,MODIS,70,6.2,312.7,94,D,0
-17.2933,124.4624,349.5,2.3,1.5,2014-10-26,0500,Aqua,MODIS,92,6.2,311.2,146.7,D,0
-17.3066,124.4639,337.7,2.3,1.5,2014-10-26,0500,Aqua,MODIS,68,6.2,306.8,72.8,D,0
-16.9723,130.2905,335.3,1,1,2014-10-26,0500,Aqua,MODIS,53,6.2,315.6,10.8,D,0
-16.9801,130.3015,348.9,1,1,2014-10-26,0500,Aqua,MODIS,91,6.2,318.5,36.3,D,0
-14.3577,131.4138,351.9,1,1,2014-10-26,0500,Aqua,MODIS,92,6.2,320.9,39.7,D,0
-14.3668,131.4151,345.3,1,1,2014-10-26,0500,Aqua,MODIS,63,6.2,321.7,25.2,D,0
-14.4666,141.7698,327.3,4.6,2,2014-10-26,0500,Aqua,MODIS,80,6.2,303.7,133.5,D,0
-15.5187,133.7753,387,1.2,1.1,2014-10-26,0500,Aqua,MODIS,100,6.2,321.8,201.9,D,0
-14.5558,135.3653,340.3,1.5,1.2,2014-10-26,0500,Aqua,MODIS,77,6.2,314.6,37.7,D,0
-14.6566,141.7262,329.8,4.6,2,2014-10-26,0500,Aqua,MODIS,80,6.2,304.8,143.2,D,0
-14.6916,141.7335,322.6,4.6,2,2014-10-26,0500,Aqua,MODIS,53,6.2,306.8,63.6,D,0
-14.6746,141.738,324.1,4.6,2,2014-10-26,0500,Aqua,MODIS,42,6.2,305.1,75.1,D,0
-14.6572,141.7344,334.7,4.6,2,2014-10-26,0500,Aqua,MODIS,86,6.2,305.3,199.3,D,0
-13.3146,134.2928,346.3,1.4,1.2,2014-10-26,0500,Aqua,MODIS,88,6.2,316.6,46.5,D,0
-13.3166,134.2804,334.1,1.4,1.2,2014-10-26,0500,Aqua,MODIS,59,6.2,313.7,15.7,D,0
-15.8426,126.0698,342.2,1.7,1.3,2014-10-26,0500,Aqua,MODIS,82,6.2,305.4,69,D,0
-14.5628,135.3231,338.8,1.5,1.2,2014-10-26,0500,Aqua,MODIS,64,6.2,317.4,32.1,D,0
-13.6585,141.6769,340.9,4.7,2,2014-10-26,0500,Aqua,MODIS,90,6.2,297.2,359.4,D,0
-12.8481,136.0309,328.6,1.8,1.3,2014-10-26,0500,Aqua,MODIS,24,6.2,308.3,24.8,D,0
-13.6778,141.5867,313.7,4.7,2,2014-10-26,0500,Aqua,MODIS,27,6.2,294.1,52.9,D,0
-13.3076,134.2986,339.4,1.4,1.2,2014-10-26,0500,Aqua,MODIS,80,6.2,316.6,27.5,D,0
-15.3496,133.9982,336.1,1.2,1.1,2014-10-26,0500,Aqua,MODIS,35,6.2,318.3,12.9,D,0
-16.1715,134.3063,341.4,1.2,1.1,2014-10-26,0500,Aqua,MODIS,53,6.2,322.5,23.1,D,0
-13.6754,141.5911,314.5,4.7,2,2014-10-26,0500,Aqua,MODIS,45,6.2,294.1,59.6,D,0
-13.7307,141.5978,324.3,4.7,2,2014-10-26,0500,Aqua,MODIS,75,6.2,295.5,139.7,D,0
-13.7131,141.594,344.1,4.7,2,2014-10-26,0500,Aqua,MODIS,91,6.2,295.2,384.8,D,0
-13.7107,141.5983,342.3,4.7,2,2014-10-26,0500,Aqua,MODIS,91,6.2,295,362.8,D,0
-13.6697,141.6295,322.3,4.7,2,2014-10-26,0500,Aqua,MODIS,74,6.2,294.9,121.4,D,0
-16.0175,133.6557,338.5,1.2,1.1,2014-10-26,0500,Aqua,MODIS,50,6.2,318.2,18.9,D,0
-14.2554,135.7152,330.7,1.6,1.3,2014-10-26,0500,Aqua,MODIS,56,6.2,310.9,27.7,D,0
-16.0536,134.2735,341.3,1.2,1.1,2014-10-26,0500,Aqua,MODIS,61,6.2,321.5,23.6,D,0
-13.6615,141.6727,327.9,4.7,2,2014-10-26,0500,Aqua,MODIS,81,6.2,296.8,179.3,D,0
-14.5714,135.339,343.6,1.5,1.2,2014-10-26,0500,Aqua,MODIS,85,6.2,316.6,48.7,D,0
-15.8006,126.2217,336.4,1.6,1.3,2014-10-26,0500,Aqua,MODIS,66,6.2,312.6,41.4,D,0
-15.7854,126.2507,352.5,1.6,1.3,2014-10-26,0500,Aqua,MODIS,95,6.2,309.8,97.1,D,0
-15.7892,126.2203,341.2,1.6,1.3,2014-10-26,0500,Aqua,MODIS,76,6.2,313.4,51.7,D,0
-15.742,126.2293,382.7,1.6,1.3,2014-10-26,0500,Aqua,MODIS,100,6.2,312.2,292.8,D,0
-15.7402,126.2548,336.3,1.6,1.3,2014-10-26,0500,Aqua,MODIS,77,6.2,308.6,33.8,D,0
-15.7421,126.2396,367.7,1.6,1.3,2014-10-26,0500,Aqua,MODIS,100,6.2,310.7,179.2,D,0
-15.7441,126.2244,358.2,1.6,1.3,2014-10-26,0500,Aqua,MODIS,99,6.2,312.6,122.9,D,0
-15.8024,126.2064,351.9,1.6,1.3,2014-10-26,0500,Aqua,MODIS,95,6.2,310.6,104.6,D,0
-15.7911,126.205,365.2,1.6,1.3,2014-10-26,0500,Aqua,MODIS,100,6.2,310.3,172.1,D,0
-15.4563,126.2371,343.6,1.6,1.3,2014-10-26,0500,Aqua,MODIS,83,6.2,312.5,58.8,D,0
-15.4571,126.2302,341.2,1.6,1.3,2014-10-26,0500,Aqua,MODIS,77,6.2,312.4,54.8,D,0
-14.5535,135.3794,351.2,1.5,1.2,2014-10-26,0500,Aqua,MODIS,93,6.2,317.6,80.1,D,0
-15.8139,126.1136,328.9,1.7,1.3,2014-10-26,0500,Aqua,MODIS,41,6.2,304.1,21,D,0
-15.8043,126.0966,330.4,1.7,1.3,2014-10-26,0500,Aqua,MODIS,35,6.2,306.1,27.1,D,0
-16.0158,133.6665,343.1,1.2,1.1,2014-10-26,0500,Aqua,MODIS,77,6.2,319.7,26.8,D,0
-13.667,141.6338,322.1,4.7,2,2014-10-26,0500,Aqua,MODIS,71,6.2,295,119.7,D,0
-15.7464,126.0202,334.1,1.7,1.3,2014-10-26,0500,Aqua,MODIS,67,6.2,305.1,41.2,D,0
-13.4837,135.7838,350.8,1.7,1.3,2014-10-26,0500,Aqua,MODIS,92,6.2,314.8,98.2,D,0
-16.0271,133.6573,335.4,1.2,1.1,2014-10-26,0500,Aqua,MODIS,37,6.2,318.3,14.2,D,0
-16.8141,130.7653,333,1,1,2014-10-26,0500,Aqua,MODIS,50,6.2,310.5,15.1,D,0
-16.9899,130.7564,343.2,1,1,2014-10-26,0500,Aqua,MODIS,58,6.2,320.9,19.1,D,0
-16.9925,130.7375,362,1,1,2014-10-26,0500,Aqua,MODIS,100,6.2,318,68.5,D,0
-15.6354,133.8685,347.2,1.2,1.1,2014-10-26,0500,Aqua,MODIS,72,6.2,305.9,38.8,D,0
-13.6437,141.669,354.9,4.7,2,2014-10-26,0500,Aqua,MODIS,97,6.2,297.4,613.5,D,0
-13.6407,141.6734,354.5,4.7,2,2014-10-26,0500,Aqua,MODIS,97,6.2,297.3,605.7,D,0
-16.9769,130.7834,343.1,1,1,2014-10-26,0500,Aqua,MODIS,50,6.2,319.5,20.6,D,0
-15.5169,133.7863,378,1.2,1.1,2014-10-26,0500,Aqua,MODIS,100,6.2,323.3,147.7,D,0
-15.5117,133.8015,336.7,1.2,1.1,2014-10-26,0500,Aqua,MODIS,74,6.2,319.8,17.8,D,0
-15.5152,133.7974,348.3,1.2,1.1,2014-10-26,0500,Aqua,MODIS,78,6.2,321.4,36.9,D,0
-16.1281,134.3157,353.2,1.2,1.1,2014-10-26,0500,Aqua,MODIS,93,6.2,321.1,55.3,D,0
-15.84,133.8024,340.5,1.2,1.1,2014-10-26,0500,Aqua,MODIS,54,6.2,323.2,18,D,0
-13.4053,134.0555,335.1,1.3,1.1,2014-10-26,0500,Aqua,MODIS,65,6.2,318.6,17.9,D,0
-13.4812,135.7993,338.8,1.7,1.3,2014-10-26,0500,Aqua,MODIS,64,6.2,313.6,48.8,D,0
-13.3548,134.1094,339.7,1.3,1.1,2014-10-26,0500,Aqua,MODIS,80,6.2,315.9,26.8,D,0
-13.365,134.1109,337.7,1.3,1.1,2014-10-26,0500,Aqua,MODIS,72,6.2,316.9,21.2,D,0
-15.8757,133.8491,353.7,1.2,1.1,2014-10-26,0500,Aqua,MODIS,95,6.2,308.2,57.2,D,0
-12.9275,136.1028,332.4,1.9,1.3,2014-10-26,0500,Aqua,MODIS,50,6.2,311.6,30,D,0
-16.0367,133.659,337.6,1.2,1.1,2014-10-26,0500,Aqua,MODIS,62,6.2,318.3,18.9,D,0
-14.5333,132.7762,337.4,1.1,1,2014-10-26,0500,Aqua,MODIS,69,6.2,320.8,12.5,D,0
-14.5255,132.7645,339.6,1.1,1,2014-10-26,0500,Aqua,MODIS,77,6.2,321,17.1,D,0
-14.5604,135.3372,334.3,1.5,1.2,2014-10-26,0500,Aqua,MODIS,28,6.2,315.6,18.6,D,0
-12.9404,136.3625,344.3,1.9,1.4,2014-10-26,0500,Aqua,MODIS,87,6.2,310.7,99.7,D,0
-15.5496,133.7692,356.9,1.2,1.1,2014-10-26,0500,Aqua,MODIS,97,6.2,320,64,D,0
-15.5134,133.7905,347.1,1.2,1.1,2014-10-26,0500,Aqua,MODIS,89,6.2,321.2,41.1,D,0
-14.5304,132.185,341,1,1,2014-10-26,0500,Aqua,MODIS,81,6.2,322,19.5,D,0
-15.2823,133.8992,334.4,1.2,1.1,2014-10-26,0500,Aqua,MODIS,63,6.2,317.9,13.6,D,0
-15.8855,133.8507,368.8,1.2,1.1,2014-10-26,0500,Aqua,MODIS,100,6.2,320.5,108.5,D,0
-15.5267,133.788,356.4,1.2,1.1,2014-10-26,0500,Aqua,MODIS,97,6.2,319.3,55.3,D,0
-15.8837,133.8617,389.6,1.2,1.1,2014-10-26,0500,Aqua,MODIS,100,6.2,322.8,219.9,D,0
-15.8935,133.8633,344.4,1.2,1.1,2014-10-26,0500,Aqua,MODIS,53,6.2,323.7,28.4,D,0
-15.5151,133.7794,362,1.2,1.1,2014-10-26,0500,Aqua,MODIS,100,6.2,322.8,87.2,D,0
-14.5691,135.3531,336.1,1.5,1.2,2014-10-26,0500,Aqua,MODIS,57,6.2,316.5,25.7,D,0
-15.9684,133.9044,336.6,1.2,1.1,2014-10-26,0500,Aqua,MODIS,47,6.2,320.7,12.8,D,0
-15.6847,133.8087,339.1,1.2,1.1,2014-10-26,0500,Aqua,MODIS,38,6.2,319.5,18.3,D,0
-15.3316,133.9836,343.9,1.2,1.1,2014-10-26,0500,Aqua,MODIS,85,6.2,320,30.2,D,0
-15.5204,133.7643,393.1,1.2,1.1,2014-10-26,0500,Aqua,MODIS,100,6.2,321.3,244.2,D,0
-15.3217,133.9819,335.4,1.2,1.1,2014-10-26,0500,Aqua,MODIS,67,6.2,319.1,13.2,D,0
-15.3334,133.9722,345,1.2,1.1,2014-10-26,0500,Aqua,MODIS,86,6.2,318.2,32.3,D,0
-15.3235,133.9706,346.7,1.2,1.1,2014-10-26,0500,Aqua,MODIS,88,6.2,319.5,39.6,D,0
-13.3095,134.2861,362.1,1.4,1.2,2014-10-26,0500,Aqua,MODIS,100,6.2,317.5,107.3,D,0
-15.5184,133.7573,352.6,1.2,1.1,2014-10-26,0500,Aqua,MODIS,94,6.2,315.9,61.4,D,0
-15.5053,133.7778,351.3,1.2,1.1,2014-10-26,0500,Aqua,MODIS,93,6.2,319.8,52.8,D,0
-15.5167,133.7684,385.6,1.2,1.1,2014-10-26,0500,Aqua,MODIS,100,6.2,323.5,201.9,D,0
-15.507,133.7667,336.6,1.2,1.1,2014-10-26,0500,Aqua,MODIS,58,6.2,316.2,20.2,D,0
-15.6864,133.7977,338.5,1.2,1.1,2014-10-26,0500,Aqua,MODIS,26,6.2,319.8,15.1,D,0
-14.4667,141.761,325.8,4.6,2,2014-10-26,0500,Aqua,MODIS,79,6.2,303.7,117.7,D,0
-13.3855,134.1145,335.3,1.3,1.1,2014-10-26,0500,Aqua,MODIS,63,6.2,315.2,16.4,D,0
-13.3874,134.1022,335.7,1.3,1.1,2014-10-26,0500,Aqua,MODIS,66,6.2,316.5,16.3,D,0
-13.3753,134.1127,338,1.3,1.1,2014-10-26,0500,Aqua,MODIS,52,6.2,316.6,21.2,D,0
-15.6687,133.7835,345.5,1.2,1.1,2014-10-26,0500,Aqua,MODIS,69,6.2,320.9,31.6,D,0
-15.6767,133.7961,342.4,1.2,1.1,2014-10-26,0500,Aqua,MODIS,40,6.2,321.1,23.5,D,0
-14.5737,135.3248,342.2,1.5,1.2,2014-10-26,0500,Aqua,MODIS,83,6.2,316.5,43.3,D,0
-15.9387,133.8938,336.4,1.2,1.1,2014-10-26,0500,Aqua,MODIS,35,6.2,322,12.9,D,0
-14.6302,135.3989,337.9,1.5,1.2,2014-10-26,0500,Aqua,MODIS,71,6.2,317.8,29.7,D,0
-13.3253,134.3589,341.2,1.4,1.2,2014-10-26,0500,Aqua,MODIS,77,6.2,317.8,30.8,D,0
-14.6193,135.397,335.2,1.5,1.2,2014-10-26,0500,Aqua,MODIS,67,6.2,319.1,23.5,D,0
-15.6589,133.7819,338.7,1.2,1.1,2014-10-26,0500,Aqua,MODIS,49,6.2,317.7,20.6,D,0
-15.8917,133.8743,350.2,1.2,1.1,2014-10-26,0500,Aqua,MODIS,85,6.2,322.1,44.9,D,0
-15.9369,133.9049,340.5,1.2,1.1,2014-10-26,0500,Aqua,MODIS,74,6.2,319.4,22.8,D,0
-15.9467,133.9066,350,1.2,1.1,2014-10-26,0500,Aqua,MODIS,92,6.2,321.8,44,D,0
-14.6279,135.4131,337.9,1.5,1.2,2014-10-26,0500,Aqua,MODIS,76,6.2,316.8,28.6,D,0
-12.7862,132.9763,359.9,1.2,1.1,2014-10-26,0501,Aqua,MODIS,99,6.2,317.7,76.3,D,0
-12.7828,132.9981,354.6,1.2,1.1,2014-10-26,0501,Aqua,MODIS,94,6.2,320.5,60,D,0
-12.7959,132.9773,372.6,1.2,1.1,2014-10-26,0501,Aqua,MODIS,100,6.2,315.8,126.4,D,0
-12.7797,133.003,342.3,1.2,1.1,2014-10-26,0501,Aqua,MODIS,58,6.2,319.6,27.7,D,0
-12.7878,132.9494,333.2,1.2,1.1,2014-10-26,0501,Aqua,MODIS,63,6.2,312.1,17.8,D,0
-12.7717,132.9908,338.8,1.2,1.1,2014-10-26,0501,Aqua,MODIS,67,6.2,320.2,21.7,D,0
-12.9116,132.7666,336.7,1.1,1.1,2014-10-26,0501,Aqua,MODIS,66,6.2,316.3,17.2,D,0
-12.4532,133.3418,340.3,1.2,1.1,2014-10-26,0501,Aqua,MODIS,68,6.2,315.7,26.3,D,0
-12.1812,133.9604,333.5,1.4,1.2,2014-10-26,0501,Aqua,MODIS,70,6.2,300.9,27,D,0
-12.5697,132.8479,338.7,1.2,1.1,2014-10-26,0501,Aqua,MODIS,79,6.2,322.8,17.7,D,0
-12.9211,132.7681,336.4,1.1,1.1,2014-10-26,0501,Aqua,MODIS,70,6.2,320,15.6,D,0
-12.5794,132.8494,345.3,1.2,1.1,2014-10-26,0501,Aqua,MODIS,87,6.2,321.2,31.1,D,0
-12.9402,132.7712,335.3,1.1,1.1,2014-10-26,0501,Aqua,MODIS,51,6.2,319.6,11.2,D,0
-12.7806,134.3082,342.7,1.4,1.2,2014-10-26,0501,Aqua,MODIS,86,6.2,312.7,45.2,D,0
-12.3338,131.155,336.6,1,1,2014-10-26,0501,Aqua,MODIS,49,6.2,309.9,22.3,D,0
-12.6729,130.7266,333.8,1,1,2014-10-26,0501,Aqua,MODIS,76,6.2,300.7,18.8,D,0
-12.6652,130.7161,344.3,1,1,2014-10-26,0501,Aqua,MODIS,88,6.2,304.7,35.1,D,0
-12.6666,130.7069,360.9,1,1,2014-10-26,0501,Aqua,MODIS,100,6.2,310,71.4,D,0
-12.7827,134.2955,342.7,1.4,1.2,2014-10-26,0501,Aqua,MODIS,86,6.2,311.3,44.8,D,0
-12.6742,130.7175,381.5,1,1,2014-10-26,0501,Aqua,MODIS,100,6.2,304.4,144.6,D,0
-12.3156,133.6901,342.9,1.3,1.1,2014-10-26,0501,Aqua,MODIS,80,6.2,312.6,36.8,D,0
-12.9258,132.8009,337.6,1.1,1.1,2014-10-26,0501,Aqua,MODIS,75,6.2,321.7,17.8,D,0
-12.9466,133.0521,343.1,1.2,1.1,2014-10-26,0501,Aqua,MODIS,84,6.2,313.1,38.7,D,0
-11.3343,131.1342,330.9,1,1,2014-10-26,0501,Aqua,MODIS,66,6.2,309.4,14.4,D,0
-11.3357,131.1249,330.9,1,1,2014-10-26,0501,Aqua,MODIS,45,6.2,310.8,15.5,D,0
-11.3252,131.1328,337.5,1,1,2014-10-26,0501,Aqua,MODIS,84,6.2,309.5,25.9,D,0
-11.3266,131.1235,333.1,1,1,2014-10-26,0501,Aqua,MODIS,70,6.2,311,20.9,D,0
-11.4325,131.0881,384.1,1,1,2014-10-26,0501,Aqua,MODIS,100,6.2,319.8,151.8,D,0
-11.4339,131.0788,354.8,1,1,2014-10-26,0501,Aqua,MODIS,97,6.2,315.4,53.6,D,0
-11.3365,130.9284,330.3,1,1,2014-10-26,0501,Aqua,MODIS,80,6.2,305.6,14.4,D,0
-11.3274,130.9271,338,1,1,2014-10-26,0501,Aqua,MODIS,77,6.2,307.5,26.3,D,0
-12.3257,133.6917,341,1.3,1.1,2014-10-26,0501,Aqua,MODIS,70,6.2,314.3,29.3,D,0
-11.4234,131.0867,398.9,1,1,2014-10-26,0501,Aqua,MODIS,100,6.2,317.9,230.6,D,0
-11.4248,131.0775,362,1,1,2014-10-26,0501,Aqua,MODIS,100,6.2,312,73.7,D,0
-12.7925,132.9993,341.7,1.2,1.1,2014-10-26,0501,Aqua,MODIS,53,6.2,316.6,30,D,0
-12.8071,132.9691,338,1.2,1.1,2014-10-26,0501,Aqua,MODIS,25,6.2,314.6,21,D,0
-12.4515,133.353,339.4,1.2,1.1,2014-10-26,0501,Aqua,MODIS,59,6.2,315.8,22.2,D,0
-12.4678,133.3787,345.5,1.2,1.1,2014-10-26,0501,Aqua,MODIS,88,6.2,319.4,38.2,D,0
-12.9593,132.8383,340.3,1.1,1.1,2014-10-26,0501,Aqua,MODIS,80,6.2,321.6,20.7,D,0
-13.0127,132.8948,340.7,1.1,1.1,2014-10-26,0501,Aqua,MODIS,79,6.2,317.1,28.6,D,0
-11.6797,132.9064,333.1,1.2,1.1,2014-10-26,0501,Aqua,MODIS,77,6.2,312,16.5,D,0
-11.231,132.3703,347.6,1.1,1.1,2014-10-26,0501,Aqua,MODIS,0,6.2,308.2,47.3,D,0
-12.988,133.1192,337,1.2,1.1,2014-10-26,0501,Aqua,MODIS,74,6.2,312.9,21.8,D,0
-13.0041,133.1443,344.5,1.2,1.1,2014-10-26,0501,Aqua,MODIS,86,6.2,316.5,39,D,0
-12.9686,133.1163,339.2,1.2,1.1,2014-10-26,0501,Aqua,MODIS,65,6.2,314.4,25.6,D,0
-12.98,133.1069,339.8,1.2,1.1,2014-10-26,0501,Aqua,MODIS,79,6.2,312.3,28.3,D,0
-13.0222,132.8964,340.4,1.1,1.1,2014-10-26,0501,Aqua,MODIS,78,6.2,316.8,26.6,D,0
-12.9783,133.1179,332,1.2,1.1,2014-10-26,0501,Aqua,MODIS,42,6.2,312.6,12.7,D,0
-12.2848,136.4257,337.4,2,1.4,2014-10-26,0501,Aqua,MODIS,82,6.2,308.1,63.5,D,0
-11.2172,132.3732,332.1,1.1,1.1,2014-10-26,0501,Aqua,MODIS,55,6.2,306.6,16,D,0
-11.2215,132.3689,333,1.1,1.1,2014-10-26,0501,Aqua,MODIS,66,6.2,308.4,16.3,D,0
-12.9961,133.1318,355.1,1.2,1.1,2014-10-26,0501,Aqua,MODIS,96,6.2,316.9,66,D,0
-12.9944,133.1427,339.4,1.2,1.1,2014-10-26,0501,Aqua,MODIS,79,6.2,315.9,26.6,D,0
-11.2326,132.36,336,1.1,1.1,2014-10-26,0501,Aqua,MODIS,70,6.2,308.1,24.2,D,0
-13.0387,133.1351,331.7,1.2,1.1,2014-10-26,0501,Aqua,MODIS,39,6.2,314.8,12,D,0
-13.037,133.146,330.2,1.2,1.1,2014-10-26,0501,Aqua,MODIS,17,6.2,314.6,10.9,D,0
-13.0235,133.1476,336.4,1.2,1.1,2014-10-26,0501,Aqua,MODIS,68,6.2,315.4,21.5,D,0
-12.9703,133.1054,344.2,1.2,1.1,2014-10-26,0501,Aqua,MODIS,75,6.2,314.6,36.1,D,0
-12.4241,131.7888,330.7,1.1,1,2014-10-26,0501,Aqua,MODIS,54,6.2,310.2,11.4,D,0
-11.6998,132.9153,334.6,1.2,1.1,2014-10-26,0501,Aqua,MODIS,70,6.2,311.8,18.9,D,0
-12.9897,133.1087,334.3,1.2,1.1,2014-10-26,0501,Aqua,MODIS,65,6.2,311,17.1,D,0
-11.6272,130.5132,379.8,1,1,2014-10-26,0501,Aqua,MODIS,100,6.2,319.5,131.1,D,0
-11.6259,130.5223,375.8,1,1,2014-10-26,0501,Aqua,MODIS,93,6.2,315.1,114.1,D,0
-12.9417,133.0844,339.9,1.2,1.1,2014-10-26,0501,Aqua,MODIS,80,6.2,316,29.9,D,0
-12.953,133.0752,338.6,1.2,1.1,2014-10-26,0501,Aqua,MODIS,77,6.2,316,27.7,D,0
-12.9449,133.0629,354.8,1.2,1.1,2014-10-26,0501,Aqua,MODIS,96,6.2,318.6,69,D,0
-12.9514,133.086,339.7,1.2,1.1,2014-10-26,0501,Aqua,MODIS,79,6.2,316.4,30.2,D,0
-12.9433,133.0736,366.3,1.2,1.1,2014-10-26,0501,Aqua,MODIS,100,6.2,316.9,107.6,D,0
-12.9546,133.0644,336.4,1.2,1.1,2014-10-26,0501,Aqua,MODIS,73,6.2,314.9,25.6,D,0
-12.7912,132.9445,335.4,1.2,1.1,2014-10-26,0501,Aqua,MODIS,51,6.2,312.1,18.1,D,0
-12.9543,133.0809,334.3,1.2,1.1,2014-10-26,0501,Aqua,MODIS,47,6.2,315.7,17.7,D,0
-12.8221,132.2722,338.5,1.1,1,2014-10-26,0501,Aqua,MODIS,77,6.2,321.9,13.9,D,0
-12.5804,134.1024,334.3,1.4,1.2,2014-10-26,0501,Aqua,MODIS,74,6.2,312,20.5,D,0
-11.7863,130.105,341.5,1,1,2014-10-26,0501,Aqua,MODIS,74,6.2,310.6,29.8,D,0
-11.7979,130.0881,330.8,1,1,2014-10-26,0501,Aqua,MODIS,37,6.2,306.8,16,D,0
-12.4226,131.7984,346.6,1.1,1,2014-10-26,0501,Aqua,MODIS,90,6.2,310.7,38.1,D,0
-11.7165,130.3366,341.5,1,1,2014-10-26,0501,Aqua,MODIS,75,6.2,310.1,29.2,D,0
-11.7331,130.3484,331.5,1,1,2014-10-26,0501,Aqua,MODIS,40,6.2,314.2,13,D,0
-13.103,130.3577,339.7,1,1,2014-10-26,0501,Aqua,MODIS,82,6.2,309.3,28.4,D,0
-12.3443,133.0517,342.3,1.2,1.1,2014-10-26,0501,Aqua,MODIS,85,6.2,318.3,28.6,D,0
-11.7152,130.3457,342.9,1,1,2014-10-26,0501,Aqua,MODIS,78,6.2,311.7,31.1,D,0
-11.7062,130.3443,373.4,1,1,2014-10-26,0501,Aqua,MODIS,100,6.2,299.7,112.2,D,0
-13.112,130.359,333,1,1,2014-10-26,0501,Aqua,MODIS,60,6.2,307.9,17.6,D,0
-11.8069,130.0894,343.2,1,1,2014-10-26,0501,Aqua,MODIS,59,6.2,310,32.9,D,0
-31.4005,115.5854,319.6,1.6,1.2,2014-10-26,0634,Aqua,MODIS,40,6.2,287.6,24.1,D,0
-31.4036,115.569,324.9,1.6,1.2,2014-10-26,0634,Aqua,MODIS,56,6.2,292.9,33,D,0
-20.623,118.4477,333.3,4.3,1.9,2014-10-26,0637,Aqua,MODIS,67,6.2,302.7,104.5,D,0
-20.6227,118.4436,347.4,4.3,1.9,2014-10-26,0637,Aqua,MODIS,86,6.2,302.1,307.4,D,0
-21.7336,116.435,340.8,2.9,1.6,2014-10-26,0637,Aqua,MODIS,82,6.2,314.1,109.5,D,0
-21.7345,116.4302,339.5,2.9,1.6,2014-10-26,0637,Aqua,MODIS,80,6.2,314.1,95.5,D,0
-21.7144,116.4552,335.8,2.9,1.6,2014-10-26,0637,Aqua,MODIS,74,6.2,316.2,73.6,D,0
-20.4946,118.4556,329.4,4.3,1.9,2014-10-26,0637,Aqua,MODIS,63,6.2,309.4,101.5,D,0
-20.4928,118.4464,328.4,4.3,1.9,2014-10-26,0637,Aqua,MODIS,81,6.2,309.1,92.3,D,0
-20.6317,118.4071,354.1,4.3,1.9,2014-10-26,0637,Aqua,MODIS,96,6.2,308.5,416,D,0
-20.6147,118.403,409.2,4.3,1.9,2014-10-26,0637,Aqua,MODIS,100,6.2,314.8,2405.4,D,0
-20.6233,118.3626,357.1,4.3,1.9,2014-10-26,0637,Aqua,MODIS,98,6.2,313.3,478,D,0
-20.5977,118.3989,337.5,4.3,1.9,2014-10-26,0637,Aqua,MODIS,72,6.2,303.2,178.6,D,0
-20.5807,118.3949,342.5,4.3,1.9,2014-10-26,0637,Aqua,MODIS,85,6.2,301.6,252.3,D,0
-20.6311,118.4029,364.4,4.3,1.9,2014-10-26,0637,Aqua,MODIS,100,6.2,308.8,645.4,D,0
-20.6142,118.3988,405.8,4.3,1.9,2014-10-26,0637,Aqua,MODIS,100,6.2,315,2217.6,D,0
-20.6226,118.3583,349.5,4.3,1.9,2014-10-26,0637,Aqua,MODIS,92,6.2,312.9,334.7,D,0
-20.5972,118.3946,335.9,4.3,1.9,2014-10-26,0637,Aqua,MODIS,75,6.2,302.9,163,D,0
-20.5802,118.3905,344.8,4.3,1.9,2014-10-26,0637,Aqua,MODIS,88,6.2,301.9,288.4,D,0
-21.8087,118.0013,335.1,3.8,1.8,2014-10-26,0637,Aqua,MODIS,73,6.2,312.6,112,D,0
-21.8077,117.9267,338.5,3.7,1.8,2014-10-26,0637,Aqua,MODIS,79,6.2,311.2,144.1,D,0
-21.8152,117.8916,353,3.7,1.8,2014-10-26,0637,Aqua,MODIS,95,6.2,313.1,324.3,D,0
-21.7992,117.8876,357.1,3.7,1.8,2014-10-26,0637,Aqua,MODIS,98,6.2,313.8,390.2,D,0
-21.8037,117.9955,333,3.8,1.8,2014-10-26,0637,Aqua,MODIS,68,6.2,312.9,92.9,D,0
-21.8183,117.9247,328.4,3.7,1.8,2014-10-26,0637,Aqua,MODIS,23,6.2,311.2,49.2,D,0
-21.8022,117.9209,349.6,3.7,1.8,2014-10-26,0637,Aqua,MODIS,92,6.2,310.8,278.3,D,0
-21.8096,117.8855,365.9,3.7,1.8,2014-10-26,0637,Aqua,MODIS,100,6.2,314.4,547.6,D,0
-21.7861,117.9173,341.1,3.7,1.8,2014-10-26,0637,Aqua,MODIS,83,6.2,308.9,171.7,D,0
-21.7936,117.8814,338.7,3.7,1.8,2014-10-26,0637,Aqua,MODIS,80,6.2,313.6,137.2,D,0
-21.7961,118.0323,331.9,3.8,1.8,2014-10-26,0637,Aqua,MODIS,63,6.2,310.8,82.3,D,0
-20.6059,118.4436,344.2,4.3,1.9,2014-10-26,0637,Aqua,MODIS,76,6.2,293.7,266,D,0
-20.6057,118.4394,344.4,4.3,1.9,2014-10-26,0637,Aqua,MODIS,77,6.2,294.5,271.1,D,0
-11.0151,142.4874,306.4,1.1,1.1,2014-10-26,1550,Aqua,MODIS,38,6.2,291.7,8.1,N,0
-12.701,142.2593,305.1,1.1,1.1,2014-10-26,1550,Aqua,MODIS,47,6.2,291.6,7.1,N,0
-12.3837,142.8787,302.8,1.1,1,2014-10-26,1550,Aqua,MODIS,52,6.2,290.6,6.2,N,0
-12.69,142.2506,305.5,1.1,1.1,2014-10-26,1550,Aqua,MODIS,65,6.2,291.6,7.5,N,0
-15.3183,142.4358,312.1,1,1,2014-10-26,1551,Aqua,MODIS,70,6.2,294.7,9,N,0
-15.3457,142.4314,313,1,1,2014-10-26,1551,Aqua,MODIS,71,6.2,295.1,9.6,N,0
-15.2692,142.5294,357,1,1,2014-10-26,1551,Aqua,MODIS,100,6.2,300.4,78.7,N,0
-15.26,142.5308,330.2,1,1,2014-10-26,1551,Aqua,MODIS,100,6.2,295.3,27.7,N,0
-16.4838,142.5857,314.1,1,1,2014-10-26,1551,Aqua,MODIS,33,6.2,297,8.8,N,0
-16.3425,142.6246,306.5,1,1,2014-10-26,1551,Aqua,MODIS,59,6.2,296.1,5.3,N,0
-16.4279,142.585,312.5,1,1,2014-10-26,1551,Aqua,MODIS,26,6.2,296.7,6.5,N,0
-15.3443,142.4217,310.8,1,1,2014-10-26,1551,Aqua,MODIS,57,6.2,294.6,8.1,N,0
-15.3578,142.4492,332.4,1,1,2014-10-26,1551,Aqua,MODIS,100,6.2,295.7,32.7,N,0
-15.1268,142.6949,310.5,1,1,2014-10-26,1551,Aqua,MODIS,80,6.2,294.2,9.6,N,0
-14.9425,145.0732,305.7,1,1,2014-10-26,1551,Aqua,MODIS,65,6.2,292.9,6.6,N,0
-16.4475,142.5916,319.7,1,1,2014-10-26,1551,Aqua,MODIS,99,6.2,298.5,11.5,N,0
-16.4461,142.5821,331.5,1,1,2014-10-26,1551,Aqua,MODIS,100,6.2,299.4,25.2,N,0
-15.3413,142.4023,322.1,1,1,2014-10-26,1551,Aqua,MODIS,100,6.2,295,19.8,N,0
-15.3091,142.4372,307.3,1,1,2014-10-26,1551,Aqua,MODIS,64,6.2,294,6.5,N,0
-15.1728,142.629,306.2,1,1,2014-10-26,1551,Aqua,MODIS,57,6.2,293.6,6.1,N,0
-15.3549,142.4299,314,1,1,2014-10-26,1551,Aqua,MODIS,76,6.2,294.5,11.1,N,0
-15.2768,142.5183,332.9,1,1,2014-10-26,1551,Aqua,MODIS,100,6.2,295.7,29.8,N,0
-15.2843,142.5201,314.9,1,1,2014-10-26,1551,Aqua,MODIS,78,6.2,294.8,11.9,N,0
-16.4889,142.5596,325.9,1,1,2014-10-26,1551,Aqua,MODIS,100,6.2,299.3,21.3,N,0
-16.5056,142.5472,309,1,1,2014-10-26,1551,Aqua,MODIS,37,6.2,297.2,6.2,N,0
-15.3487,142.4506,314.6,1,1,2014-10-26,1551,Aqua,MODIS,85,6.2,295.3,11.5,N,0
-15.2935,142.5186,304.8,1,1,2014-10-26,1551,Aqua,MODIS,6,6.2,294.2,4.8,N,0
-15.3534,142.4202,311.8,1,1,2014-10-26,1551,Aqua,MODIS,82,6.2,294.1,9.6,N,0
-15.2858,142.5297,334.4,1,1,2014-10-26,1551,Aqua,MODIS,100,6.2,297.9,35.6,N,0
-15.2553,142.5611,308.7,1,1,2014-10-26,1551,Aqua,MODIS,11,6.2,294.2,6.8,N,0
-15.3869,142.3396,303.8,1,1,2014-10-26,1551,Aqua,MODIS,24,6.2,293.1,4.3,N,0
-16.498,142.5581,323.8,1,1,2014-10-26,1551,Aqua,MODIS,100,6.2,298.1,19,N,0
-16.4656,142.5887,315.5,1,1,2014-10-26,1551,Aqua,MODIS,58,6.2,297.4,8.3,N,0
-16.4566,142.5901,318.9,1,1,2014-10-26,1551,Aqua,MODIS,98,6.2,298.4,10.8,N,0
-15.3792,142.3508,306.8,1,1,2014-10-26,1551,Aqua,MODIS,66,6.2,294.1,6.5,N,0
-16.4875,142.5501,322.6,1,1,2014-10-26,1551,Aqua,MODIS,100,6.2,298.1,17.9,N,0
-15.295,142.5282,325.2,1,1,2014-10-26,1551,Aqua,MODIS,100,6.2,295.7,23.4,N,0
-16.4795,142.5572,330.1,1,1,2014-10-26,1551,Aqua,MODIS,100,6.2,299,24.9,N,0
-15.1204,142.7026,311.5,1,1,2014-10-26,1551,Aqua,MODIS,68,6.2,294.2,9.3,N,0
-16.4551,142.5806,330.3,1,1,2014-10-26,1551,Aqua,MODIS,100,6.2,299,23,N,0
-15.2873,142.5393,306.8,1,1,2014-10-26,1551,Aqua,MODIS,69,6.2,295,6.7,N,0
-15.3884,142.3493,346.2,1,1,2014-10-26,1551,Aqua,MODIS,100,6.2,296.9,57.3,N,0
-15.3428,142.412,335.5,1,1,2014-10-26,1551,Aqua,MODIS,100,6.2,296.4,37,N,0
-15.3472,142.441,320.4,1,1,2014-10-26,1551,Aqua,MODIS,100,6.2,296.1,16.9,N,0
-16.4671,142.5981,322.4,1,1,2014-10-26,1551,Aqua,MODIS,100,6.2,298.3,16.9,N,0
-16.4852,142.5952,344.2,1,1,2014-10-26,1551,Aqua,MODIS,100,6.2,299.3,49.5,N,0
-15.2119,143.0102,303.4,1,1,2014-10-26,1551,Aqua,MODIS,29,6.2,293,4.6,N,0
-16.4904,142.5691,310.8,1,1,2014-10-26,1551,Aqua,MODIS,45,6.2,297.8,7.2,N,0
-16.4761,142.5967,340.5,1,1,2014-10-26,1551,Aqua,MODIS,100,6.2,300.6,42.5,N,0
-16.437,142.5835,316.5,1,1,2014-10-26,1551,Aqua,MODIS,93,6.2,297.7,9.2,N,0
-15.2783,142.5279,348.2,1,1,2014-10-26,1551,Aqua,MODIS,100,6.2,298.2,57.2,N,0
-16.4809,142.5667,318.5,1,1,2014-10-26,1551,Aqua,MODIS,86,6.2,298.1,11.2,N,0
-15.3564,142.4395,360.6,1,1,2014-10-26,1551,Aqua,MODIS,100,6.2,298.4,92.1,N,0
-15.3807,142.3605,312.2,1,1,2014-10-26,1551,Aqua,MODIS,84,6.2,294.6,10.8,N,0
-14.9882,145.0662,309.7,1,1,2014-10-26,1551,Aqua,MODIS,78,6.2,292.5,9.5,N,0
-15.2677,142.5197,334.3,1,1,2014-10-26,1551,Aqua,MODIS,100,6.2,295.8,32.6,N,0
-15.2797,142.5375,315,1,1,2014-10-26,1551,Aqua,MODIS,7,6.2,295.9,10.6,N,0
-16.4966,142.5486,321.3,1,1,2014-10-26,1551,Aqua,MODIS,100,6.2,297.8,16.5,N,0
-14.1234,142.3896,302.6,1.1,1,2014-10-26,1551,Aqua,MODIS,38,6.2,291.8,5,N,0
-14.6944,141.7272,305.4,1.1,1.1,2014-10-26,1551,Aqua,MODIS,64,6.2,293.5,6.7,N,0
-15.4108,141.7177,311.4,1.1,1,2014-10-26,1551,Aqua,MODIS,82,6.2,293.8,11.7,N,0
-13.22,142.3831,302.9,1.1,1,2014-10-26,1551,Aqua,MODIS,52,6.2,291.2,6.2,N,0
-15.1688,145.1756,309.1,1.1,1,2014-10-26,1551,Aqua,MODIS,57,6.2,292.7,8.9,N,0
-15.1463,145.1495,303.6,1,1,2014-10-26,1551,Aqua,MODIS,29,6.2,293,5.1,N,0
-15.1674,145.1661,308.5,1.1,1,2014-10-26,1551,Aqua,MODIS,26,6.2,293.1,8.1,N,0
-15.1583,145.1675,317.4,1.1,1,2014-10-26,1551,Aqua,MODIS,67,6.2,293.5,14.7,N,0
-15.1065,145.1818,302.8,1.1,1,2014-10-26,1551,Aqua,MODIS,51,6.2,292.2,5.2,N,0
-15.0868,145.1748,313.3,1,1,2014-10-26,1551,Aqua,MODIS,87,6.2,292.5,12.5,N,0
-15.0881,145.1845,310.1,1.1,1,2014-10-26,1551,Aqua,MODIS,79,6.2,292.3,9.8,N,0
-14.9869,145.0566,322.6,1,1,2014-10-26,1551,Aqua,MODIS,100,6.2,293.2,20.7,N,0
-14.975,145.0388,309.5,1,1,2014-10-26,1551,Aqua,MODIS,43,6.2,292.3,8.8,N,0
-15.1909,145.0086,304.9,1,1,2014-10-26,1551,Aqua,MODIS,62,6.2,292.2,6.7,N,0
-15.1822,145.006,310.6,1,1,2014-10-26,1551,Aqua,MODIS,80,6.2,292.3,9.8,N,0
-15.1836,145.0156,306.7,1,1,2014-10-26,1551,Aqua,MODIS,52,6.2,291.8,7,N,0
-16.9322,142.6867,346.6,1,1,2014-10-26,1552,Aqua,MODIS,100,6.2,299.7,54.3,N,0
-16.9398,142.6758,308.6,1,1,2014-10-26,1552,Aqua,MODIS,75,6.2,295.9,6.8,N,0
-16.768,142.6964,310.9,1,1,2014-10-26,1552,Aqua,MODIS,81,6.2,296.9,8.1,N,0
-16.9142,142.6896,322.1,1,1,2014-10-26,1552,Aqua,MODIS,100,6.2,296.9,18.1,N,0
-16.9232,142.6882,321.2,1,1,2014-10-26,1552,Aqua,MODIS,100,6.2,297.4,16.8,N,0
-16.7604,142.7073,312.2,1,1,2014-10-26,1552,Aqua,MODIS,74,6.2,296.6,9,N,0
-15.6556,133.8155,309.7,3.8,1.8,2014-10-26,1552,Aqua,MODIS,38,6.2,295,49.9,N,0
-16.6555,142.7491,317.3,1,1,2014-10-26,1552,Aqua,MODIS,95,6.2,297.5,13.7,N,0
-17.067,142.6042,308,1,1,2014-10-26,1552,Aqua,MODIS,73,6.2,295.4,6.6,N,0
-17.0518,142.626,316.1,1,1,2014-10-26,1552,Aqua,MODIS,90,6.2,296.1,11.5,N,0
-17.0448,142.6425,309.9,1,1,2014-10-26,1552,Aqua,MODIS,32,6.2,296,6.9,N,0
-17.0011,142.6592,315,1,1,2014-10-26,1552,Aqua,MODIS,50,6.2,296.9,10.8,N,0
-16.9754,142.673,320.7,1,1,2014-10-26,1552,Aqua,MODIS,100,6.2,297.3,15.8,N,0
-16.9664,142.6745,334,1,1,2014-10-26,1552,Aqua,MODIS,100,6.2,299.8,32.3,N,0
-17.0532,142.6355,347.4,1,1,2014-10-26,1552,Aqua,MODIS,100,6.2,300.9,55.5,N,0
-17.0434,142.6331,316.3,1,1,2014-10-26,1552,Aqua,MODIS,92,6.2,296.4,12.1,N,0
-17.0253,142.636,326.9,1,1,2014-10-26,1552,Aqua,MODIS,100,6.2,296.6,22.5,N,0
-17.0608,142.6246,335.3,1,1,2014-10-26,1552,Aqua,MODIS,100,6.2,297.6,34.2,N,0
-17.0684,142.6137,322.6,1,1,2014-10-26,1552,Aqua,MODIS,100,6.2,297,19.1,N,0
-17.0623,142.634,393.4,1,1,2014-10-26,1552,Aqua,MODIS,100,6.2,308.5,217.9,N,0
-16.7589,142.6978,307.3,1,1,2014-10-26,1552,Aqua,MODIS,21,6.2,296.4,5.3,N,0
-16.6631,142.7383,313.1,1,1,2014-10-26,1552,Aqua,MODIS,86,6.2,296.7,10.3,N,0
-16.6645,142.7477,317.9,1,1,2014-10-26,1552,Aqua,MODIS,96,6.2,297.8,14.5,N,0
-16.7756,142.6855,314.9,1,1,2014-10-26,1552,Aqua,MODIS,90,6.2,296.8,11.5,N,0
-17.0699,142.6231,334.1,1,1,2014-10-26,1552,Aqua,MODIS,100,6.2,297.4,32.6,N,0
-17.0713,142.6326,378.4,1,1,2014-10-26,1552,Aqua,MODIS,100,6.2,304.1,147.9,N,0
-17.0732,142.5838,315.1,1,1,2014-10-26,1552,Aqua,MODIS,91,6.2,295.6,12.1,N,0
-16.729,142.6833,314.2,1,1,2014-10-26,1552,Aqua,MODIS,25,6.2,297.1,9.8,N,0
-16.6735,142.7462,330.5,1,1,2014-10-26,1552,Aqua,MODIS,100,6.2,298.5,28.8,N,0
-16.777,142.6949,321.4,1,1,2014-10-26,1552,Aqua,MODIS,100,6.2,297.2,17.5,N,0
-16.7228,142.7036,317.4,1,1,2014-10-26,1552,Aqua,MODIS,62,6.2,297.3,12.2,N,0
-16.6721,142.7368,331.3,1,1,2014-10-26,1552,Aqua,MODIS,100,6.2,297.3,29.7,N,0
-16.9503,142.6838,344,1,1,2014-10-26,1552,Aqua,MODIS,100,6.2,299.8,48.7,N,0
-16.9579,142.6729,331.9,1,1,2014-10-26,1552,Aqua,MODIS,100,6.2,298,28.9,N,0
-16.9413,142.6853,329.5,1,1,2014-10-26,1552,Aqua,MODIS,100,6.2,297.7,26.9,N,0
-16.9489,142.6744,325.9,1,1,2014-10-26,1552,Aqua,MODIS,100,6.2,297.5,21.5,N,0
-16.862,142.7132,337.1,1,1,2014-10-26,1552,Aqua,MODIS,100,6.2,298.2,37.8,N,0
-16.853,142.7147,305.7,1,1,2014-10-26,1552,Aqua,MODIS,59,6.2,295.3,5.3,N,0
-16.9593,142.6824,338.4,1,1,2014-10-26,1552,Aqua,MODIS,100,6.2,298.7,38.6,N,0
-15.6863,133.841,319.5,3.8,1.8,2014-10-26,1552,Aqua,MODIS,99,6.2,295.1,106.5,N,0
-15.6447,133.7888,315.2,3.8,1.8,2014-10-26,1552,Aqua,MODIS,12,6.2,295.3,75.5,N,0
-15.6787,133.8474,316.3,3.8,1.8,2014-10-26,1552,Aqua,MODIS,53,6.2,294.9,82.4,N,0
-19.6818,143.5597,305.1,1,1,2014-10-26,1552,Aqua,MODIS,63,6.2,295,5.4,N,0
-17.8696,144.5793,302.6,1.1,1,2014-10-26,1552,Aqua,MODIS,50,6.2,291.1,5.6,N,0
-16.6464,142.7506,306.8,1,1,2014-10-26,1552,Aqua,MODIS,46,6.2,295.9,5.8,N,0
-20.7304,139.4796,305.3,1.2,1.1,2014-10-26,1553,Aqua,MODIS,64,6.2,295.2,7,N,2
-22.8334,146.7339,304,1.5,1.2,2014-10-26,1553,Aqua,MODIS,58,6.2,293,9,N,0
-32.4361,135.8414,301.8,1.3,1.1,2014-10-26,1556,Aqua,MODIS,45,6.2,286.5,9.4,N,0
-15.7987,124.5612,305.8,1.9,1.3,2014-10-26,1730,Aqua,MODIS,54,6.2,293.2,14,N,0
-19.2952,122.5283,307.4,1.5,1.2,2014-10-26,1731,Aqua,MODIS,71,6.2,295.5,12,N,0
-20.649,117.1019,309.3,1,1,2014-10-26,1731,Aqua,MODIS,77,6.2,293.8,7.8,N,0
-20.4705,118.4509,304.3,1,1,2014-10-26,1731,Aqua,MODIS,60,6.2,293.8,5.6,N,0
-20.4795,118.4494,312.5,1,1,2014-10-26,1731,Aqua,MODIS,85,6.2,294,11.2,N,0
-18.4553,127.446,312.4,3.4,1.7,2014-10-26,1731,Aqua,MODIS,85,6.2,294.9,58.7,N,0
-18.4495,127.4394,307.9,3.4,1.7,2014-10-26,1731,Aqua,MODIS,73,6.2,295,40.6,N,0
-20.6181,119.1679,307,1,1,2014-10-26,1731,Aqua,MODIS,70,6.2,294.1,7.6,N,0
-20.9403,120.1152,431.6,1.1,1.1,2014-10-26,1731,Aqua,MODIS,100,6.2,322.4,599.5,N,0
-20.9542,120.1465,345.5,1.1,1.1,2014-10-26,1731,Aqua,MODIS,100,6.2,300.5,61.2,N,0
-20.9446,120.1479,330.8,1.1,1.1,2014-10-26,1731,Aqua,MODIS,100,6.2,299.3,31.8,N,0
-20.912,120.1974,316,1.1,1.1,2014-10-26,1731,Aqua,MODIS,92,6.2,299.5,12.8,N,0
-20.9432,120.137,353.8,1.1,1.1,2014-10-26,1731,Aqua,MODIS,100,6.2,302.4,80.4,N,0
-20.9484,120.1029,315.4,1.1,1.1,2014-10-26,1731,Aqua,MODIS,61,6.2,296.4,11.3,N,0
-21.1013,121.0367,310.7,1.3,1.1,2014-10-26,1731,Aqua,MODIS,66,6.2,295.9,9.8,N,0
-21.0186,121.3395,309.4,1.3,1.1,2014-10-26,1731,Aqua,MODIS,52,6.2,294.9,10.9,N,0
-20.9498,120.1138,308.9,1.1,1.1,2014-10-26,1731,Aqua,MODIS,24,6.2,296.7,5.9,N,0
-20.9528,120.1356,321.2,1.1,1.1,2014-10-26,1731,Aqua,MODIS,100,6.2,298.1,18.6,N,0
-20.9565,120.0906,307.7,1.1,1.1,2014-10-26,1731,Aqua,MODIS,4,6.2,296.1,5.8,N,0
-21.1799,121.0881,308.7,1.3,1.1,2014-10-26,1731,Aqua,MODIS,54,6.2,297.4,8.2,N,0
-20.935,120.1493,323.2,1.1,1.1,2014-10-26,1731,Aqua,MODIS,100,6.2,299.5,20.4,N,0
-21.1246,121.0583,330.4,1.3,1.1,2014-10-26,1731,Aqua,MODIS,100,6.2,301.2,37.3,N,0
-20.3681,121.5112,305.9,1.3,1.1,2014-10-26,1731,Aqua,MODIS,51,6.2,293.8,8.5,N,0
-21.1464,121.0677,328.8,1.3,1.1,2014-10-26,1731,Aqua,MODIS,100,6.2,299.7,35.4,N,0
-20.9388,120.1043,472.2,1.1,1.1,2014-10-26,1731,Aqua,MODIS,100,6.2,329.1,1254.3,N,0
-21.1362,121.0691,346.5,1.3,1.1,2014-10-26,1731,Aqua,MODIS,100,6.2,301.2,74.6,N,0
-21.1698,121.0894,323.8,1.3,1.1,2014-10-26,1731,Aqua,MODIS,100,6.2,299.1,26.9,N,0
-21.0924,121.0437,313,1.3,1.1,2014-10-26,1731,Aqua,MODIS,85,6.2,297.6,12.7,N,0
-21.1815,121.1004,314.5,1.3,1.1,2014-10-26,1731,Aqua,MODIS,89,6.2,297.7,14.4,N,0
-20.9254,120.1507,314.6,1.1,1.1,2014-10-26,1731,Aqua,MODIS,89,6.2,299.4,10.8,N,0
-20.9374,120.0934,395.2,1.1,1.1,2014-10-26,1731,Aqua,MODIS,100,6.2,303.6,266.4,N,0
-20.9106,120.1864,313.6,1.1,1.1,2014-10-26,1731,Aqua,MODIS,87,6.2,299,10.1,N,0
-21.0403,121.0385,307.1,1.3,1.1,2014-10-26,1731,Aqua,MODIS,64,6.2,296.8,6.6,N,0
-21.2082,121.3918,304,1.3,1.1,2014-10-26,1731,Aqua,MODIS,54,6.2,293.8,7.4,N,0
-21.047,121.3419,309.1,1.3,1.1,2014-10-26,1731,Aqua,MODIS,16,6.2,295.2,10,N,0
-21.0573,121.3405,305.8,1.3,1.1,2014-10-26,1731,Aqua,MODIS,11,6.2,295.1,7.3,N,0
-21.0866,121.3235,309.1,1.3,1.1,2014-10-26,1731,Aqua,MODIS,75,6.2,295,11.3,N,0
-21.0825,121.2086,359.1,1.3,1.1,2014-10-26,1731,Aqua,MODIS,100,6.2,301,121.3,N,0
-21.0841,121.2211,311.5,1.3,1.1,2014-10-26,1731,Aqua,MODIS,82,6.2,297.2,12.8,N,0
-21.1347,121.0569,338.1,1.3,1.1,2014-10-26,1731,Aqua,MODIS,100,6.2,300.8,53.6,N,0
-20.9336,120.1384,372.1,1.1,1.1,2014-10-26,1731,Aqua,MODIS,100,6.2,306.3,143.6,N,0
-21.0388,121.0264,311.7,1.3,1.1,2014-10-26,1731,Aqua,MODIS,82,6.2,298.4,11.4,N,0
-20.9321,120.1275,377.1,1.1,1.1,2014-10-26,1731,Aqua,MODIS,100,6.2,306.9,166.2,N,0
-21.1479,121.0799,316.5,1.3,1.1,2014-10-26,1731,Aqua,MODIS,93,6.2,298.2,16.6,N,0
-20.9638,120.1451,318,1.1,1.1,2014-10-26,1731,Aqua,MODIS,96,6.2,297.7,15.9,N,0
-20.9307,120.1166,369.8,1.1,1.1,2014-10-26,1731,Aqua,MODIS,100,6.2,307.1,133.9,N,0
-20.9292,120.1057,372,1.1,1.1,2014-10-26,1731,Aqua,MODIS,100,6.2,312.5,142.2,N,0
-20.9278,120.0948,378.8,1.1,1.1,2014-10-26,1731,Aqua,MODIS,100,6.2,308.4,173.9,N,0
-21.0202,121.3522,324,1.3,1.1,2014-10-26,1731,Aqua,MODIS,100,6.2,296.1,30.3,N,0
-20.9263,120.084,308.9,1.1,1.1,2014-10-26,1731,Aqua,MODIS,61,6.2,298,6.2,N,0
-20.924,120.1398,348.6,1.1,1.1,2014-10-26,1731,Aqua,MODIS,100,6.2,302.8,66.7,N,0
-20.9226,120.1289,377.8,1.1,1.1,2014-10-26,1731,Aqua,MODIS,100,6.2,306.3,169,N,0
-20.9211,120.118,376.8,1.1,1.1,2014-10-26,1731,Aqua,MODIS,100,6.2,307.1,164,N,0
-21.1332,121.0446,310.5,1.3,1.1,2014-10-26,1731,Aqua,MODIS,70,6.2,297.2,10.6,N,0
-20.9197,120.1072,367.2,1.1,1.1,2014-10-26,1731,Aqua,MODIS,100,6.2,303,124.1,N,0
-20.9417,120.1261,382,1.1,1.1,2014-10-26,1731,Aqua,MODIS,100,6.2,308.3,190.5,N,0
-20.9182,120.0963,313,1.1,1.1,2014-10-26,1731,Aqua,MODIS,85,6.2,298.4,8.9,N,0
-21.0928,121.2071,315.6,1.3,1.1,2014-10-26,1731,Aqua,MODIS,91,6.2,297.5,17.7,N,0
-21.0943,121.2197,317,1.3,1.1,2014-10-26,1731,Aqua,MODIS,94,6.2,298.2,19.7,N,0
-20.9653,120.1561,312,1.1,1.1,2014-10-26,1731,Aqua,MODIS,83,6.2,296.9,10.2,N,0
-20.913,120.1303,313.5,1.1,1.1,2014-10-26,1731,Aqua,MODIS,86,6.2,299.7,9,N,0
-20.9115,120.1195,325.2,1.1,1.1,2014-10-26,1731,Aqua,MODIS,100,6.2,299.2,22.7,N,0
-21.123,121.0461,320.8,1.3,1.1,2014-10-26,1731,Aqua,MODIS,100,6.2,298.7,22.6,N,0
-21.1261,121.0705,313.4,1.3,1.1,2014-10-26,1731,Aqua,MODIS,85,6.2,298.7,12.2,N,0
-20.3903,121.521,305.3,1.3,1.1,2014-10-26,1731,Aqua,MODIS,59,6.2,294.6,7.7,N,0
-21.1028,121.0488,326.6,1.3,1.1,2014-10-26,1731,Aqua,MODIS,100,6.2,298.3,30.8,N,0
-21.1348,121.5399,321.6,1.4,1.2,2014-10-26,1731,Aqua,MODIS,98,6.2,296,25.9,N,0
-21.1332,121.5269,331,1.4,1.2,2014-10-26,1731,Aqua,MODIS,100,6.2,297.1,42.6,N,0
-21.1123,121.5297,306.8,1.4,1.2,2014-10-26,1731,Aqua,MODIS,20,6.2,296.4,7.7,N,0
-21.1211,121.5152,308.4,1.4,1.2,2014-10-26,1731,Aqua,MODIS,30,6.2,296.7,9.4,N,0
-20.5467,123.4673,357.5,1.8,1.3,2014-10-26,1731,Aqua,MODIS,100,6.2,298,185.8,N,0
-20.5447,123.4499,320.5,1.8,1.3,2014-10-26,1731,Aqua,MODIS,100,6.2,295.8,38.9,N,0
-21.1107,121.5166,332.8,1.4,1.2,2014-10-26,1731,Aqua,MODIS,100,6.2,298.4,47.6,N,0
-21.1228,121.5283,307.4,1.4,1.2,2014-10-26,1731,Aqua,MODIS,15,6.2,296.8,8.3,N,0
-22.4485,121.159,307.8,1.3,1.1,2014-10-26,1732,Aqua,MODIS,72,6.2,294,9.7,N,0
-22.4501,121.1721,305.9,1.3,1.1,2014-10-26,1732,Aqua,MODIS,65,6.2,294.6,7.8,N,0
-22.5186,120.5866,310.8,1.2,1.1,2014-10-26,1732,Aqua,MODIS,81,6.2,296,10.9,N,0
-22.4605,121.1707,310,1.3,1.1,2014-10-26,1732,Aqua,MODIS,79,6.2,295.2,11.4,N,0
-22.3061,122.3489,302.8,1.6,1.2,2014-10-26,1732,Aqua,MODIS,7,6.2,290.3,10.6,N,0
-22.7459,120.9477,315.4,1.3,1.1,2014-10-26,1732,Aqua,MODIS,91,6.2,294.8,18.4,N,0
-22.2607,121.2906,306.9,1.4,1.2,2014-10-26,1732,Aqua,MODIS,61,6.2,295.8,8.1,N,0
-22.6009,120.9158,306.1,1.3,1.1,2014-10-26,1732,Aqua,MODIS,61,6.2,295.5,7.1,N,0
-22.7433,121.6949,308.6,1.5,1.2,2014-10-26,1732,Aqua,MODIS,75,6.2,293.8,13.4,N,0
-22.5201,120.5986,306.8,1.3,1.1,2014-10-26,1732,Aqua,MODIS,69,6.2,296.2,7,N,0
-23.5416,121.7152,302.3,1.5,1.2,2014-10-26,1732,Aqua,MODIS,45,6.2,291.6,7.8,N,0
-24.2596,121.2117,308.7,1.4,1.2,2014-10-26,1732,Aqua,MODIS,31,6.2,290.3,15.9,N,0
-22.6025,120.9285,316.2,1.3,1.1,2014-10-26,1732,Aqua,MODIS,93,6.2,295.9,18.2,N,0
-22.7558,121.7079,303.9,1.5,1.2,2014-10-26,1732,Aqua,MODIS,45,6.2,293.2,8.5,N,0
-22.6128,120.927,306.3,1.3,1.1,2014-10-26,1732,Aqua,MODIS,68,6.2,295.6,7.8,N,0
-22.7444,120.9349,314,1.3,1.1,2014-10-26,1732,Aqua,MODIS,88,6.2,295.6,16.5,N,0
-24.2199,121.7575,308.3,1.5,1.2,2014-10-26,1732,Aqua,MODIS,68,6.2,281.3,17.8,N,0
-21.8191,121.0814,310.3,1.3,1.1,2014-10-26,1732,Aqua,MODIS,78,6.2,295.1,11.2,N,0
-21.8489,121.0843,313.8,1.3,1.1,2014-10-26,1732,Aqua,MODIS,40,6.2,296,13.3,N,0
-21.8474,121.0716,311,1.3,1.1,2014-10-26,1732,Aqua,MODIS,13,6.2,295.6,10.7,N,0
-21.2569,121.2226,308.8,1.3,1.1,2014-10-26,1732,Aqua,MODIS,62,6.2,296.9,10.8,N,0
-21.8285,121.0872,307.1,1.3,1.1,2014-10-26,1732,Aqua,MODIS,26,6.2,294.3,7.3,N,0
-21.2553,121.2099,311.8,1.3,1.1,2014-10-26,1732,Aqua,MODIS,83,6.2,297.6,13.3,N,0
-21.2537,121.1973,308.9,1.3,1.1,2014-10-26,1732,Aqua,MODIS,58,6.2,297.6,9.3,N,0
-21.6552,120.9962,312.1,1.3,1.1,2014-10-26,1732,Aqua,MODIS,51,6.2,295.9,11.8,N,0
-21.6645,121.0714,306.2,1.3,1.1,2014-10-26,1732,Aqua,MODIS,39,6.2,295.6,7.6,N,0
-21.6506,120.9593,318.7,1.3,1.1,2014-10-26,1732,Aqua,MODIS,79,6.2,297.7,19,N,0
-21.6451,120.9977,318.6,1.3,1.1,2014-10-26,1732,Aqua,MODIS,97,6.2,296.7,19.8,N,0
-21.7821,121.2029,309.2,1.3,1.1,2014-10-26,1732,Aqua,MODIS,74,6.2,297.6,9,N,0
-21.7836,121.2157,308.7,1.3,1.1,2014-10-26,1732,Aqua,MODIS,73,6.2,297.5,8.5,N,0
-21.7908,121.1887,319.6,1.3,1.1,2014-10-26,1732,Aqua,MODIS,99,6.2,298.4,21,N,0
-21.8269,121.0746,312.2,1.3,1.1,2014-10-26,1732,Aqua,MODIS,83,6.2,295.1,13.1,N,0
-21.641,121.0492,321.2,1.3,1.1,2014-10-26,1732,Aqua,MODIS,100,6.2,296.8,23.4,N,0
-21.643,121.0544,311.7,1.3,1.1,2014-10-26,1732,Aqua,MODIS,82,6.2,296,11.5,N,0
-21.6328,121.0558,323.6,1.3,1.1,2014-10-26,1732,Aqua,MODIS,100,6.2,295.7,27.6,N,0
-21.6312,121.0434,322.4,1.3,1.1,2014-10-26,1732,Aqua,MODIS,100,6.2,296.6,25.5,N,0
-21.6724,120.9687,339,1.3,1.1,2014-10-26,1732,Aqua,MODIS,100,6.2,295.5,56,N,0
-21.8293,121.08,313.4,1.3,1.1,2014-10-26,1732,Aqua,MODIS,86,6.2,295.1,14.2,N,0
-21.2403,121.1738,316.9,1.3,1.1,2014-10-26,1732,Aqua,MODIS,94,6.2,297.5,17.8,N,0
-21.2301,121.1753,335,1.3,1.1,2014-10-26,1732,Aqua,MODIS,100,6.2,299,48.8,N,0
-21.2286,121.1628,336,1.3,1.1,2014-10-26,1732,Aqua,MODIS,100,6.2,298.2,51.1,N,0
-21.4746,121.0978,306.9,1.3,1.1,2014-10-26,1732,Aqua,MODIS,21,6.2,295,7.6,N,0
-21.2419,121.1861,343.7,1.3,1.1,2014-10-26,1732,Aqua,MODIS,100,6.2,300.5,70,N,0
-21.4629,121.0868,307.8,1.3,1.1,2014-10-26,1732,Aqua,MODIS,19,6.2,294.4,8.2,N,0
-21.8011,121.1872,318.9,1.3,1.1,2014-10-26,1732,Aqua,MODIS,97,6.2,298.7,19.5,N,0
-21.453,121.0811,316.9,1.3,1.1,2014-10-26,1732,Aqua,MODIS,67,6.2,295.9,17.3,N,0
-21.4429,121.0826,353.1,1.3,1.1,2014-10-26,1732,Aqua,MODIS,100,6.2,298.3,96.5,N,0
-21.8027,121.2,315.5,1.3,1.1,2014-10-26,1732,Aqua,MODIS,79,6.2,298.1,15,N,0
-21.4413,121.0702,362.4,1.3,1.1,2014-10-26,1732,Aqua,MODIS,100,6.2,298.7,130.9,N,0
-21.4311,121.0716,322,1.3,1.1,2014-10-26,1732,Aqua,MODIS,100,6.2,297.2,23.7,N,0
-21.421,121.0731,317.5,1.3,1.1,2014-10-26,1732,Aqua,MODIS,81,6.2,297.5,17.5,N,0
-21.4139,121.0994,321,1.3,1.1,2014-10-26,1732,Aqua,MODIS,100,6.2,296,23.6,N,0
-21.4108,121.0745,347.2,1.3,1.1,2014-10-26,1732,Aqua,MODIS,100,6.2,299.7,78.2,N,0
-21.4092,121.0621,308.7,1.3,1.1,2014-10-26,1732,Aqua,MODIS,21,6.2,296.6,8.2,N,0
-21.3716,121.0927,323.1,1.3,1.1,2014-10-26,1732,Aqua,MODIS,100,6.2,296.7,26.2,N,0
-21.3747,121.099,321.4,1.3,1.1,2014-10-26,1732,Aqua,MODIS,100,6.2,296.9,23.8,N,0
-21.3731,121.0866,310,1.3,1.1,2014-10-26,1732,Aqua,MODIS,11,6.2,295.7,9.7,N,0
-21.1264,120.2097,309.1,1.2,1.1,2014-10-26,1732,Aqua,MODIS,74,6.2,294.2,9.5,N,0
-21.1167,120.2111,313.2,1.2,1.1,2014-10-26,1732,Aqua,MODIS,85,6.2,294.1,12.6,N,0
-21.363,121.088,308.6,1.3,1.1,2014-10-26,1732,Aqua,MODIS,58,6.2,296.2,9,N,0
-21.813,121.1985,315.8,1.3,1.1,2014-10-26,1732,Aqua,MODIS,91,6.2,298.5,16.2,N,0
-21.8232,121.1968,310.1,1.3,1.1,2014-10-26,1732,Aqua,MODIS,77,6.2,297.9,10.1,N,0
-21.621,121.0449,314.9,1.3,1.1,2014-10-26,1732,Aqua,MODIS,89,6.2,295.6,16.1,N,0
-22.1527,121.0743,313.3,1.3,1.1,2014-10-26,1732,Aqua,MODIS,49,6.2,293.6,14.8,N,0
-22.1063,121.1791,368.1,1.3,1.1,2014-10-26,1732,Aqua,MODIS,100,6.2,300.3,164.6,N,0
-22.108,121.192,340.7,1.3,1.1,2014-10-26,1732,Aqua,MODIS,100,6.2,298,64.7,N,0
-22.1167,121.1776,355.1,1.3,1.1,2014-10-26,1732,Aqua,MODIS,100,6.2,299.7,108.8,N,0
-22.1183,121.1905,358.8,1.3,1.1,2014-10-26,1732,Aqua,MODIS,100,6.2,300.6,123.6,N,0
-22.1122,121.1714,332,1.3,1.1,2014-10-26,1732,Aqua,MODIS,100,6.2,297.2,44.1,N,0
-22.1137,121.1843,381.1,1.3,1.1,2014-10-26,1732,Aqua,MODIS,100,6.2,305.3,238,N,0
-22.1153,121.1973,312.2,1.3,1.1,2014-10-26,1732,Aqua,MODIS,84,6.2,297.2,13.5,N,0
-22.1241,121.1828,337.9,1.3,1.1,2014-10-26,1732,Aqua,MODIS,100,6.2,298.2,57.6,N,0
-22.1256,121.1958,318.5,1.3,1.1,2014-10-26,1732,Aqua,MODIS,97,6.2,297.1,21.5,N,0
-22.1519,121.1527,305.9,1.3,1.1,2014-10-26,1732,Aqua,MODIS,64,6.2,295.6,7.2,N,0
-22.1535,121.1656,307.6,1.3,1.1,2014-10-26,1732,Aqua,MODIS,71,6.2,296.3,8.3,N,0
-22.1583,121.2044,309.9,1.3,1.1,2014-10-26,1732,Aqua,MODIS,12,6.2,296.1,9.4,N,0
-22.3154,124.4585,312,2.3,1.5,2014-10-26,1732,Aqua,MODIS,48,6.2,297,25,N,0
-22.3286,124.4569,306.8,2.3,1.5,2014-10-26,1732,Aqua,MODIS,68,6.2,296.7,15.4,N,0
-22.1669,124.1372,345.5,2.1,1.4,2014-10-26,1732,Aqua,MODIS,100,6.2,302,147.3,N,0
-22.1648,124.1165,340.2,2.1,1.4,2014-10-26,1732,Aqua,MODIS,100,6.2,299.3,119.2,N,0
-22.0735,121.0017,324.3,1.3,1.1,2014-10-26,1732,Aqua,MODIS,97,6.2,292.9,27,N,0
-22.0719,120.9891,357.8,1.3,1.1,2014-10-26,1732,Aqua,MODIS,100,6.2,298.4,113.4,N,0
-22.1777,124.1202,323.6,2.1,1.4,2014-10-26,1732,Aqua,MODIS,100,6.2,298.1,52.8,N,0
-22.1649,124.1217,354.8,2.1,1.4,2014-10-26,1732,Aqua,MODIS,100,6.2,300.4,208.6,N,0
-22.1521,124.1232,369.8,2.1,1.4,2014-10-26,1732,Aqua,MODIS,100,6.2,302.6,337.4,N,0
-22.1499,124.1027,311.3,2.1,1.4,2014-10-26,1732,Aqua,MODIS,82,6.2,297.7,21.7,N,0
-22.3171,124.4433,333.7,2.3,1.5,2014-10-26,1732,Aqua,MODIS,100,6.2,298.5,99.8,N,0
-22.3132,124.4364,321.7,2.3,1.5,2014-10-26,1732,Aqua,MODIS,100,6.2,298,51.6,N,0
-22.3264,124.4348,308.6,2.3,1.5,2014-10-26,1732,Aqua,MODIS,75,6.2,297.4,18.4,N,0
-22.0617,120.9906,309.3,1.3,1.1,2014-10-26,1732,Aqua,MODIS,24,6.2,290.7,9.9,N,0
-21.9429,121.0257,306.5,1.3,1.1,2014-10-26,1732,Aqua,MODIS,64,6.2,296.2,7,N,0
-21.9123,121.0301,311.1,1.3,1.1,2014-10-26,1732,Aqua,MODIS,79,6.2,296,10.7,N,0
-21.9141,121.0238,305.9,1.3,1.1,2014-10-26,1732,Aqua,MODIS,59,6.2,295.7,5.9,N,0
-21.9065,121.128,318.1,1.3,1.1,2014-10-26,1732,Aqua,MODIS,96,6.2,295.9,20.5,N,0
-21.9033,121.1025,311.9,1.3,1.1,2014-10-26,1732,Aqua,MODIS,82,6.2,293.6,12.8,N,0
-21.8931,121.1039,315.4,1.3,1.1,2014-10-26,1732,Aqua,MODIS,76,6.2,294.5,15.6,N,0
-21.8915,121.0912,314.5,1.3,1.1,2014-10-26,1732,Aqua,MODIS,38,6.2,294,14,N,0
-21.8844,121.118,313.1,1.3,1.1,2014-10-26,1732,Aqua,MODIS,47,6.2,295.6,12.5,N,0
-21.8812,121.0926,322.8,1.3,1.1,2014-10-26,1732,Aqua,MODIS,100,6.2,294.5,25.1,N,0
-21.9707,121.9139,319.7,1.5,1.2,2014-10-26,1732,Aqua,MODIS,98,6.2,297.1,25.3,N,0
-21.969,121.8996,339.1,1.5,1.2,2014-10-26,1732,Aqua,MODIS,100,6.2,298,68.3,N,0
-21.9598,121.9153,312,1.5,1.2,2014-10-26,1732,Aqua,MODIS,68,6.2,297.1,14.4,N,0
-21.9582,121.901,393.5,1.5,1.2,2014-10-26,1732,Aqua,MODIS,100,6.2,305.6,377.5,N,0
-21.9565,121.8867,334.9,1.5,1.2,2014-10-26,1732,Aqua,MODIS,100,6.2,297.1,57.4,N,0
-21.9457,121.8882,316.8,1.5,1.2,2014-10-26,1732,Aqua,MODIS,93,6.2,297.2,22.3,N,0
-21.944,121.874,308.4,1.5,1.2,2014-10-26,1732,Aqua,MODIS,72,6.2,296.1,10.9,N,0
-22.2528,124.2118,307.9,2.2,1.4,2014-10-26,1732,Aqua,MODIS,73,6.2,297.2,15.8,N,0
-22.255,124.2326,322.8,2.2,1.4,2014-10-26,1732,Aqua,MODIS,100,6.2,297.8,55,N,0
-25.0125,122.3445,302.2,1.7,1.3,2014-10-26,1732,Aqua,MODIS,30,6.2,290.6,11,N,0
-22.2392,121.2006,305.5,1.3,1.1,2014-10-26,1732,Aqua,MODIS,63,6.2,295.4,7,N,0
-22.2376,121.1877,315.5,1.3,1.1,2014-10-26,1732,Aqua,MODIS,91,6.2,295.8,18.8,N,0
-22.1742,121.1627,323.5,1.3,1.1,2014-10-26,1732,Aqua,MODIS,100,6.2,295.8,28.7,N,0
-22.1543,124.1438,327.4,2.1,1.4,2014-10-26,1732,Aqua,MODIS,100,6.2,299,66.4,N,0
-22.1671,124.1423,344.8,2.1,1.4,2014-10-26,1732,Aqua,MODIS,100,6.2,300.7,145,N,0
-22.1694,124.1631,307.8,2.1,1.4,2014-10-26,1732,Aqua,MODIS,53,6.2,296.7,12.8,N,0
-22.18,124.1409,361.3,2.1,1.4,2014-10-26,1732,Aqua,MODIS,100,6.2,302.3,259,N,0
-22.1822,124.1616,312.5,2.1,1.4,2014-10-26,1732,Aqua,MODIS,64,6.2,297.5,21.5,N,0
-22.1638,121.1641,318.9,1.3,1.1,2014-10-26,1732,Aqua,MODIS,98,6.2,297.3,21.8,N,0
-22.1431,120.9979,305.8,1.3,1.1,2014-10-26,1732,Aqua,MODIS,45,6.2,295.3,7.4,N,0
-22.1329,120.9994,320.7,1.3,1.1,2014-10-26,1732,Aqua,MODIS,100,6.2,296.6,24,N,0
-22.1928,124.1394,353,2.1,1.4,2014-10-26,1732,Aqua,MODIS,100,6.2,300.1,195.5,N,0
-22.1951,124.1601,336.3,2.1,1.4,2014-10-26,1732,Aqua,MODIS,100,6.2,299.1,101.9,N,0
-22.169,124.158,315.7,2.1,1.4,2014-10-26,1732,Aqua,MODIS,87,6.2,297.6,29,N,0
-22.1819,124.1565,323.1,2.1,1.4,2014-10-26,1732,Aqua,MODIS,100,6.2,298.9,50,N,0
-22.1947,124.155,350.5,2.1,1.4,2014-10-26,1732,Aqua,MODIS,100,6.2,300.8,180.8,N,0
-22.2076,124.1535,342.7,2.1,1.4,2014-10-26,1732,Aqua,MODIS,100,6.2,298.2,134.7,N,0
-22.2097,124.1743,313.5,2.1,1.4,2014-10-26,1732,Aqua,MODIS,87,6.2,296.9,26.1,N,0
-22.2119,124.1951,315.5,2.2,1.4,2014-10-26,1732,Aqua,MODIS,91,6.2,297.1,31.5,N,0
-22.2248,124.1936,311,2.2,1.4,2014-10-26,1732,Aqua,MODIS,48,6.2,296.9,19.9,N,0
-22.1806,121.2145,331.5,1.3,1.1,2014-10-26,1732,Aqua,MODIS,100,6.2,297.7,42,N,0
-22.1313,120.9867,323.3,1.3,1.1,2014-10-26,1732,Aqua,MODIS,100,6.2,296.7,28.2,N,0
-22.1023,121.0037,318.3,1.3,1.1,2014-10-26,1732,Aqua,MODIS,86,6.2,296.1,19.6,N,0
-22.092,121.005,325,1.3,1.1,2014-10-26,1732,Aqua,MODIS,100,6.2,294.6,28.5,N,0
-22.0905,120.9924,316.6,1.3,1.1,2014-10-26,1732,Aqua,MODIS,53,6.2,295.9,16.7,N,0
-22.0939,120.9988,322.2,1.3,1.1,2014-10-26,1732,Aqua,MODIS,95,6.2,295.8,24.4,N,0
-22.0837,121.0002,336.4,1.3,1.1,2014-10-26,1732,Aqua,MODIS,100,6.2,296.7,49.7,N,0
-22.2884,124.4243,310.8,2.2,1.5,2014-10-26,1732,Aqua,MODIS,81,6.2,297.6,22.3,N,0
-24.8022,122.586,303.8,1.8,1.3,2014-10-26,1732,Aqua,MODIS,53,6.2,292.3,11.5,N,0
-22.2907,124.4463,317.9,2.3,1.5,2014-10-26,1732,Aqua,MODIS,96,6.2,298,41.7,N,0
-22.3039,124.4448,319.6,2.3,1.5,2014-10-26,1732,Aqua,MODIS,99,6.2,297.9,47.4,N,0
-22.3001,124.438,329.7,2.3,1.5,2014-10-26,1732,Aqua,MODIS,100,6.2,298.6,81.7,N,0
-22.2134,121.2233,317.9,1.3,1.1,2014-10-26,1732,Aqua,MODIS,96,6.2,296.3,19.7,N,0
-22.2096,121.218,322.5,1.3,1.1,2014-10-26,1732,Aqua,MODIS,100,6.2,296.7,26.6,N,0
-22.2424,121.2267,312.3,1.3,1.2,2014-10-26,1732,Aqua,MODIS,84,6.2,295.4,13.6,N,0
-21.9157,121.0364,312.2,1.3,1.1,2014-10-26,1732,Aqua,MODIS,83,6.2,295.9,12.2,N,0
-21.9595,121.0748,309.4,1.3,1.1,2014-10-26,1732,Aqua,MODIS,75,6.2,295.8,10.4,N,0
-22.0452,121.1092,304.9,1.3,1.1,2014-10-26,1732,Aqua,MODIS,43,6.2,294.4,6.1,N,0
-22.0555,121.1077,308.1,1.3,1.1,2014-10-26,1732,Aqua,MODIS,71,6.2,294.8,9.5,N,0
-22.1036,121.075,310.7,1.3,1.1,2014-10-26,1732,Aqua,MODIS,76,6.2,293.6,12.4,N,0
-22.11,121.0673,313,1.3,1.1,2014-10-26,1732,Aqua,MODIS,81,6.2,293,14.5,N,0
-22.1116,121.08,309.9,1.3,1.1,2014-10-26,1732,Aqua,MODIS,45,6.2,293.7,10.9,N,0
-22.219,121.2966,306.4,1.4,1.2,2014-10-26,1732,Aqua,MODIS,68,6.2,295.8,7.6,N,0
-25.0177,122.7405,307.2,1.9,1.3,2014-10-26,1732,Aqua,MODIS,15,6.2,291.2,17.8,N,0
-25.0017,122.75,309.8,1.9,1.3,2014-10-26,1732,Aqua,MODIS,56,6.2,291.2,24.1,N,0
-24.9997,122.7317,305.9,1.8,1.3,2014-10-26,1732,Aqua,MODIS,18,6.2,292.2,16.2,N,0
-21.8592,121.0829,324.3,1.3,1.1,2014-10-26,1732,Aqua,MODIS,100,6.2,296.9,28.4,N,0
-21.8694,121.0814,309.4,1.3,1.1,2014-10-26,1732,Aqua,MODIS,71,6.2,294.3,9.7,N,0
-21.871,121.0941,311.7,1.3,1.1,2014-10-26,1732,Aqua,MODIS,42,6.2,294.2,10.8,N,0
-23.1878,120.0893,304.4,1.2,1.1,2014-10-26,1732,Aqua,MODIS,50,6.2,293.5,7.9,N,0
-22.1926,124.1343,341.7,2.1,1.4,2014-10-26,1732,Aqua,MODIS,100,6.2,298.6,128.7,N,0
-22.1798,124.1357,363.1,2.1,1.4,2014-10-26,1732,Aqua,MODIS,100,6.2,302,274.7,N,0
-21.8741,121.1194,308.5,1.3,1.1,2014-10-26,1732,Aqua,MODIS,30,6.2,295.1,8.1,N,0
-21.8764,121.223,307.5,1.3,1.1,2014-10-26,1732,Aqua,MODIS,68,6.2,296.1,8.4,N,0
-22.0015,121.1599,306.7,1.3,1.1,2014-10-26,1732,Aqua,MODIS,61,6.2,294.6,7.5,N,0
-25.0476,122.34,302.4,1.7,1.3,2014-10-26,1732,Aqua,MODIS,17,6.2,288.6,10,N,0
-25.0593,122.3386,313.7,1.7,1.3,2014-10-26,1732,Aqua,MODIS,88,6.2,291.8,27,N,0
-21.5117,116.8308,311.6,1,1,2014-10-26,1732,Aqua,MODIS,81,6.2,294.4,10,N,0
-21.52,116.8326,310.6,1,1,2014-10-26,1732,Aqua,MODIS,80,6.2,294.5,9.3,N,0
-21.7999,117.9071,309.1,1,1,2014-10-26,1732,Aqua,MODIS,74,6.2,296,7.1,N,0
-21.8013,117.9167,314.5,1,1,2014-10-26,1732,Aqua,MODIS,88,6.2,296.8,11.4,N,0
-21.626,117.8493,317.5,1,1,2014-10-26,1732,Aqua,MODIS,95,6.2,299.8,12.5,N,0
-21.6274,117.859,313.6,1,1,2014-10-26,1732,Aqua,MODIS,86,6.2,298.8,9.4,N,0
-21.7185,117.857,318.4,1,1,2014-10-26,1732,Aqua,MODIS,97,6.2,296.2,13.7,N,0
-25.5131,122.0369,301.4,1.7,1.3,2014-10-26,1733,Aqua,MODIS,40,6.2,290.8,9.4,N,0
-25.18,121.6939,309.9,1.6,1.2,2014-10-26,1733,Aqua,MODIS,29,6.2,291.7,15.2,N,0
-25.069,122.3199,304.4,1.7,1.3,2014-10-26,1733,Aqua,MODIS,21,6.2,291.7,12.1,N,0
-25.0904,122.3299,302.3,1.7,1.3,2014-10-26,1733,Aqua,MODIS,34,6.2,291.5,10.3,N,0
-25.0827,122.3358,312.7,1.7,1.3,2014-10-26,1733,Aqua,MODIS,80,6.2,291.9,24.5,N,0
-25.1845,121.6249,303.9,1.6,1.2,2014-10-26,1733,Aqua,MODIS,28,6.2,291.4,9.8,N,0
-25.4919,122.0296,308.4,1.7,1.3,2014-10-26,1733,Aqua,MODIS,22,6.2,291.1,16.1,N,0
-25.5034,122.0282,336.7,1.7,1.3,2014-10-26,1733,Aqua,MODIS,100,6.2,292.7,79.5,N,0
-25.071,122.3372,319.8,1.7,1.3,2014-10-26,1733,Aqua,MODIS,99,6.2,292.6,38.8,N,0
-25.0787,122.3313,328,1.7,1.3,2014-10-26,1733,Aqua,MODIS,100,6.2,292.7,58,N,0
-25.5015,122.0384,311.4,1.7,1.3,2014-10-26,1733,Aqua,MODIS,50,6.2,290.7,21.3,N,0
-25.4997,122.0216,336.2,1.7,1.3,2014-10-26,1733,Aqua,MODIS,100,6.2,293.1,78.7,N,0
-25.167,121.6797,320.2,1.6,1.2,2014-10-26,1733,Aqua,MODIS,100,6.2,292.6,32.3,N,0
-25.1688,121.6953,308.4,1.6,1.2,2014-10-26,1733,Aqua,MODIS,13,6.2,291.3,13.5,N,0
-25.1782,121.6783,312.7,1.6,1.2,2014-10-26,1733,Aqua,MODIS,66,6.2,292.3,19.9,N,0
-25.1801,121.6885,314.2,1.6,1.2,2014-10-26,1733,Aqua,MODIS,43,6.2,292.4,21.4,N,0
-25.4063,121.2677,302.3,1.5,1.2,2014-10-26,1733,Aqua,MODIS,44,6.2,291,9.4,N,0
-25.4142,121.2584,302.8,1.5,1.2,2014-10-26,1733,Aqua,MODIS,51,6.2,291,9.6,N,0
-25.416,121.2732,304.4,1.5,1.2,2014-10-26,1733,Aqua,MODIS,60,6.2,290.5,11.6,N,0
-25.2737,121.5121,311.8,1.5,1.2,2014-10-26,1733,Aqua,MODIS,83,6.2,292.2,20,N,0
-25.4172,121.2662,310.2,1.5,1.2,2014-10-26,1733,Aqua,MODIS,79,6.2,291.2,17.7,N,0
-26.8269,125.8814,301.4,3.3,1.7,2014-10-26,1733,Aqua,MODIS,35,6.2,282.1,29.4,N,0
-26.8307,125.8854,302.6,3.3,1.7,2014-10-26,1733,Aqua,MODIS,50,6.2,282.1,36.8,N,0
-25.2976,121.5244,314,1.5,1.2,2014-10-26,1733,Aqua,MODIS,88,6.2,292.6,23.3,N,0
-25.3069,121.5077,318.1,1.5,1.2,2014-10-26,1733,Aqua,MODIS,96,6.2,291.9,29.1,N,0
-25.3087,121.523,355,1.5,1.2,2014-10-26,1733,Aqua,MODIS,100,6.2,295.3,138.8,N,0
-25.3197,121.5216,325.7,1.5,1.2,2014-10-26,1733,Aqua,MODIS,100,6.2,292.6,44.6,N,0
-25.3215,121.5369,312.9,1.5,1.2,2014-10-26,1733,Aqua,MODIS,86,6.2,290.5,21.9,N,0
-25.3762,121.5085,302.4,1.5,1.2,2014-10-26,1733,Aqua,MODIS,45,6.2,291,9,N,0
-22.0264,149.2965,312.9,3.6,1.8,2014-10-26,2340,Terra,MODIS,43,6.2,298.4,35.5,D,0
-22.0175,149.2917,315.4,3.6,1.8,2014-10-26,2340,Terra,MODIS,47,6.2,298.9,45.6,D,0
-24.4262,150.4102,321.4,2.7,1.6,2014-10-26,2340,Terra,MODIS,66,6.2,302,27.7,D,0
-24.3559,151.3469,318.2,2.3,1.5,2014-10-26,2340,Terra,MODIS,28,6.2,298.8,21,D,0
-28.5585,152.2822,324.4,1.6,1.3,2014-10-26,2341,Terra,MODIS,31,6.2,307.5,18.9,D,0
-28.5741,152.3069,333.4,1.6,1.2,2014-10-26,2341,Terra,MODIS,69,6.2,306.1,42.8,D,0
-28.5616,152.2991,340.7,1.6,1.3,2014-10-26,2341,Terra,MODIS,87,6.2,307.5,66.5,D,0
-28.5648,152.3162,324.9,1.6,1.2,2014-10-26,2341,Terra,MODIS,32,6.2,305.3,23.6,D,0
-28.5759,152.3132,336.9,1.6,1.2,2014-10-26,2341,Terra,MODIS,84,6.2,305.9,55.5,D,0
-28.5773,152.3233,327.2,1.6,1.2,2014-10-26,2341,Terra,MODIS,52,6.2,304.9,28.5,D,0
-31.0234,152.0747,321.3,1.5,1.2,2014-10-26,2342,Terra,MODIS,57,6.2,300.1,21.1,D,0
-31.0261,152.0893,316.4,1.5,1.2,2014-10-26,2342,Terra,MODIS,18,6.2,298.7,13.7,D,0
-31.0343,152.0724,326.5,1.5,1.2,2014-10-26,2342,Terra,MODIS,70,6.2,299.5,29,D,0
-31.0388,152.0819,323.9,1.5,1.2,2014-10-26,2342,Terra,MODIS,45,6.2,298.5,23.7,D,0
-31.0371,152.088,319.9,1.5,1.2,2014-10-26,2342,Terra,MODIS,22,6.2,298.3,17.2,D,0
-31.6616,151.6981,332.8,1.5,1.2,2014-10-26,2342,Terra,MODIS,82,6.2,304.7,42.8,D,0
-29.2769,152.8451,328.1,1.4,1.2,2014-10-26,2342,Terra,MODIS,76,6.2,302.4,32.2,D,0
-12.6333,142.7189,320.5,2,1.4,2014-10-27,0115,Terra,MODIS,35,6.2,299.4,32,D,0
-10.932,142.3572,326.5,1.8,1.3,2014-10-27,0115,Terra,MODIS,80,6.2,299.1,38.6,D,0
-11.0284,142.4903,316,1.8,1.3,2014-10-27,0115,Terra,MODIS,42,6.2,292.4,21.4,D,0
-11.062,142.4687,316.5,1.8,1.3,2014-10-27,0115,Terra,MODIS,47,6.2,294.1,22.4,D,0
-12.3661,136.5337,340.2,1,1,2014-10-27,0116,Terra,MODIS,84,6.2,313.4,23.5,D,0
-12.3323,131.1624,349.8,1.9,1.3,2014-10-27,0116,Terra,MODIS,93,6.2,309,113.5,D,0
-14.1644,141.9273,338.9,1.9,1.3,2014-10-27,0116,Terra,MODIS,84,6.2,306.1,76.8,D,0
-13.8044,142.0669,340.2,1.9,1.3,2014-10-27,0116,Terra,MODIS,88,6.2,308.2,75.6,D,0
-13.6985,141.5662,327.4,1.7,1.3,2014-10-27,0116,Terra,MODIS,26,6.2,303.6,22.2,D,0
-13.6713,141.5376,349.1,1.7,1.3,2014-10-27,0116,Terra,MODIS,82,6.2,306.5,99.2,D,0
-14.6526,141.6977,344.7,1.8,1.3,2014-10-27,0116,Terra,MODIS,91,6.2,310.6,88.5,D,0
-14.6548,141.7145,334.8,1.8,1.3,2014-10-27,0116,Terra,MODIS,43,6.2,312.4,44.2,D,0
-12.9377,136.104,344.2,1,1,2014-10-27,0116,Terra,MODIS,86,6.2,316.5,30.7,D,0
-13.7354,141.6033,326.4,1.7,1.3,2014-10-27,0116,Terra,MODIS,30,6.2,306.5,22.1,D,0
-12.9364,136.0948,338,1,1,2014-10-27,0116,Terra,MODIS,76,6.2,316,18.8,D,0
-14.6429,141.716,345,1.8,1.3,2014-10-27,0116,Terra,MODIS,91,6.2,310.4,89.6,D,0
-14.6275,141.7866,338.5,1.8,1.3,2014-10-27,0116,Terra,MODIS,80,6.2,310,58,D,0
-14.6254,141.7696,353.4,1.8,1.3,2014-10-27,0116,Terra,MODIS,96,6.2,307.7,128.8,D,0
-14.1743,141.9087,339.1,1.9,1.3,2014-10-27,0116,Terra,MODIS,87,6.2,301.3,78.4,D,0
-14.6407,141.6992,340.8,1.8,1.3,2014-10-27,0116,Terra,MODIS,88,6.2,306.1,75.4,D,0
-14.6842,141.7042,342.9,1.8,1.3,2014-10-27,0116,Terra,MODIS,80,6.2,311,70.6,D,0
-13.8165,142.0654,326.4,1.9,1.3,2014-10-27,0116,Terra,MODIS,53,6.2,304.5,29.8,D,0
-14.6822,141.6874,334.8,1.8,1.3,2014-10-27,0116,Terra,MODIS,40,6.2,306.5,44.2,D,0
-12.9675,136.4277,381,1,1,2014-10-27,0116,Terra,MODIS,100,6.2,316.8,140,D,0
-14.6703,141.6889,342.4,1.8,1.3,2014-10-27,0116,Terra,MODIS,79,6.2,311.3,75.8,D,0
-12.2201,134.4147,337.7,1.1,1.1,2014-10-27,0116,Terra,MODIS,79,6.2,315.4,20.9,D,0
-14.1623,141.9102,338.1,1.9,1.3,2014-10-27,0116,Terra,MODIS,86,6.2,303.5,76.4,D,0
-14.6682,141.6721,341,1.8,1.3,2014-10-27,0116,Terra,MODIS,87,6.2,307.4,75.4,D,0
-14.6604,141.7072,340.1,1.8,1.3,2014-10-27,0116,Terra,MODIS,65,6.2,311.9,59.1,D,0
-14.6584,141.6904,349.2,1.8,1.3,2014-10-27,0116,Terra,MODIS,85,6.2,308.7,105.6,D,0
-14.6485,141.7087,342.3,1.8,1.3,2014-10-27,0116,Terra,MODIS,67,6.2,311.6,68.8,D,0
-13.6869,141.5677,328.5,1.7,1.3,2014-10-27,0116,Terra,MODIS,43,6.2,305.2,25,D,0
-12.3128,133.6962,335.5,1.2,1.1,2014-10-27,0116,Terra,MODIS,46,6.2,314,20.7,D,0
-14.0994,141.9421,322.4,1.9,1.3,2014-10-27,0116,Terra,MODIS,61,6.2,305,22.6,D,0
-12.9586,136.4291,330.6,1,1,2014-10-27,0116,Terra,MODIS,48,6.2,314.7,11.5,D,0
-12.3876,136.5524,327.8,1,1,2014-10-27,0116,Terra,MODIS,59,6.2,312.8,8.1,D,0
-12.347,131.1772,326,1.9,1.3,2014-10-27,0116,Terra,MODIS,34,6.2,306.6,18.8,D,0
-15.4157,141.7193,326.5,1.9,1.3,2014-10-27,0116,Terra,MODIS,66,6.2,306.9,23.9,D,0
-13.6793,141.6008,325.2,1.7,1.3,2014-10-27,0116,Terra,MODIS,39,6.2,305.7,16.8,D,0
-12.3242,135.6364,335.3,1,1,2014-10-27,0116,Terra,MODIS,77,6.2,314.1,15.3,D,0
-13.2807,142.3909,327.6,2,1.4,2014-10-27,0116,Terra,MODIS,65,6.2,303.4,38,D,0
-13.283,142.4089,328,2,1.4,2014-10-27,0116,Terra,MODIS,66,6.2,301.7,42,D,0
-14.7919,144.4425,340.7,3,1.6,2014-10-27,0116,Terra,MODIS,88,6.2,302.3,157.4,D,0
-13.286,142.402,333,2,1.4,2014-10-27,0116,Terra,MODIS,68,6.2,304.7,55.4,D,0
-12.3204,131.1644,348.9,1.9,1.3,2014-10-27,0116,Terra,MODIS,92,6.2,304.3,109.4,D,0
-14.7889,144.4153,340.7,3,1.6,2014-10-27,0116,Terra,MODIS,88,6.2,301.2,152.8,D,0
-14.7887,144.4221,350,3,1.6,2014-10-27,0116,Terra,MODIS,94,6.2,302.4,240.4,D,0
-12.1883,133.9405,346.1,1.2,1.1,2014-10-27,0116,Terra,MODIS,89,6.2,313.8,43.2,D,0
-12.3276,133.7225,339.9,1.2,1.1,2014-10-27,0116,Terra,MODIS,67,6.2,314.6,27.4,D,0
-12.1802,133.9531,335.3,1.2,1.1,2014-10-27,0116,Terra,MODIS,74,6.2,314,18.9,D,0
-12.2185,134.4043,340.8,1.1,1.1,2014-10-27,0116,Terra,MODIS,83,6.2,316.8,26.7,D,0
-12.2089,134.4059,344.7,1.1,1.1,2014-10-27,0116,Terra,MODIS,87,6.2,314.7,35.4,D,0
-14.7918,144.4493,334.6,3,1.6,2014-10-27,0116,Terra,MODIS,83,6.2,302.1,110.1,D,0
-15.1601,145.1639,324.1,3.4,1.7,2014-10-27,0116,Terra,MODIS,62,6.2,297.6,82.7,D,0
-13.7276,142.0835,332,1.9,1.3,2014-10-27,0116,Terra,MODIS,73,6.2,306.3,45.4,D,0
-13.7255,142.0662,329.2,1.9,1.3,2014-10-27,0116,Terra,MODIS,61,6.2,305.7,37.6,D,0
-13.8144,142.0481,337.7,1.9,1.3,2014-10-27,0116,Terra,MODIS,86,6.2,303.3,69.8,D,0
-13.7778,141.9486,324.7,1.8,1.3,2014-10-27,0116,Terra,MODIS,65,6.2,305.3,29.1,D,0
-13.3529,134.1206,339.6,1.2,1.1,2014-10-27,0116,Terra,MODIS,81,6.2,317.2,22.7,D,0
-13.647,141.6922,334.4,1.8,1.3,2014-10-27,0116,Terra,MODIS,74,6.2,309.8,40.7,D,0
-14.5206,132.7698,335.9,1.3,1.1,2014-10-27,0116,Terra,MODIS,65,6.2,318.6,17.7,D,0
-14.13,141.9907,348.3,1.9,1.3,2014-10-27,0116,Terra,MODIS,93,6.2,305.9,111.6,D,0
-14.5225,132.7819,334.1,1.3,1.1,2014-10-27,0116,Terra,MODIS,60,6.2,317.1,12.7,D,0
-14.1322,142.008,324.7,1.9,1.3,2014-10-27,0116,Terra,MODIS,70,6.2,307.4,17.1,D,0
-14.1764,141.9258,341.7,1.9,1.3,2014-10-27,0116,Terra,MODIS,83,6.2,304.6,86.8,D,0
-12.4743,136.642,342.7,1,1,2014-10-27,0116,Terra,MODIS,87,6.2,313.3,29.6,D,0
-12.9463,136.3467,332,1,1,2014-10-27,0116,Terra,MODIS,60,6.2,311.2,16.3,D,0
-12.9401,136.3664,332.9,1,1,2014-10-27,0116,Terra,MODIS,65,6.2,313.5,16.3,D,0
-12.7842,136.0015,332.1,1,1,2014-10-27,0116,Terra,MODIS,59,6.2,315.3,7.4,D,0
-14.1905,141.9414,370.3,1.9,1.3,2014-10-27,0116,Terra,MODIS,100,6.2,304.3,255,D,0
-14.1325,141.9662,337.6,1.9,1.3,2014-10-27,0116,Terra,MODIS,85,6.2,302.6,68.3,D,0
-13.3128,142.417,329.5,2,1.4,2014-10-27,0116,Terra,MODIS,59,6.2,305.2,41,D,0
-13.4657,135.8157,367,1,1,2014-10-27,0116,Terra,MODIS,100,6.2,314.3,87,D,0
-13.4722,135.7988,335.5,1,1,2014-10-27,0116,Terra,MODIS,65,6.2,315.7,17.6,D,0
-13.4826,135.8067,338.6,1,1,2014-10-27,0116,Terra,MODIS,78,6.2,312.7,22.8,D,0
-13.7606,141.9575,326.9,1.8,1.3,2014-10-27,0116,Terra,MODIS,31,6.2,304.3,31.7,D,0
-14.1927,141.9587,355.7,1.9,1.3,2014-10-27,0116,Terra,MODIS,97,6.2,307.3,148,D,0
-13.7658,141.9502,337.4,1.8,1.3,2014-10-27,0116,Terra,MODIS,85,6.2,304.1,67.9,D,0
-12.4729,136.6329,343.7,1,1,2014-10-27,0116,Terra,MODIS,88,6.2,312.8,30.7,D,0
-12.4577,136.6539,332.5,1,1,2014-10-27,0116,Terra,MODIS,29,6.2,312.5,12.3,D,0
-12.4667,136.6525,336.9,1,1,2014-10-27,0116,Terra,MODIS,68,6.2,312.1,20,D,0
-13.4736,135.8081,337.7,1,1,2014-10-27,0116,Terra,MODIS,77,6.2,314.9,21.8,D,0
-13.4812,135.7974,339.9,1,1,2014-10-27,0116,Terra,MODIS,77,6.2,313.5,24.5,D,0
-13.7726,141.9559,333.7,1.8,1.3,2014-10-27,0116,Terra,MODIS,69,6.2,306.5,52.1,D,0
-12.9662,136.4186,362.9,1,1,2014-10-27,0116,Terra,MODIS,100,6.2,317.1,76.6,D,0
-14.1366,142.0009,330.1,1.9,1.3,2014-10-27,0116,Terra,MODIS,78,6.2,307.7,35.2,D,0
-13.4567,135.8171,339.8,1,1,2014-10-27,0116,Terra,MODIS,75,6.2,316.1,21.7,D,0
-12.4819,136.6316,342.8,1,1,2014-10-27,0116,Terra,MODIS,87,6.2,309.7,30.7,D,0
-12.4806,136.6224,346.3,1,1,2014-10-27,0116,Terra,MODIS,90,6.2,310.8,37.5,D,0
-12.9568,133.0518,328.7,1.3,1.1,2014-10-27,0116,Terra,MODIS,51,6.2,309.3,13.9,D,0
-12.4792,136.6133,333.6,1,1,2014-10-27,0116,Terra,MODIS,67,6.2,309.2,16.6,D,0
-14.5272,141.618,327.8,1.8,1.3,2014-10-27,0116,Terra,MODIS,59,6.2,308.9,22.7,D,0
-14.443,141.7705,328.9,1.8,1.3,2014-10-27,0116,Terra,MODIS,46,6.2,305.3,33.6,D,0
-13.3721,134.1175,336.3,1.2,1.1,2014-10-27,0116,Terra,MODIS,48,6.2,317.7,15.8,D,0
-13.3817,134.1159,334.2,1.2,1.1,2014-10-27,0116,Terra,MODIS,60,6.2,317.8,13.1,D,0
-12.7653,134.3014,339.7,1.1,1.1,2014-10-27,0116,Terra,MODIS,82,6.2,316,25.7,D,0
-13.3737,134.128,341.5,1.1,1.1,2014-10-27,0116,Terra,MODIS,83,6.2,317.4,26.3,D,0
-12.9281,132.8123,332.9,1.4,1.2,2014-10-27,0116,Terra,MODIS,66,6.2,311.3,20.9,D,0
-13.3833,134.1264,336.2,1.1,1.1,2014-10-27,0116,Terra,MODIS,75,6.2,316.8,16.6,D,0
-14.1345,141.9835,351.9,1.9,1.3,2014-10-27,0116,Terra,MODIS,95,6.2,306.6,133.3,D,0
-14.5251,141.6015,331,1.8,1.3,2014-10-27,0116,Terra,MODIS,65,6.2,307.6,32.4,D,0
-12.7855,136.0107,349,1,1,2014-10-27,0116,Terra,MODIS,91,6.2,316.5,36.3,D,0
-13.8023,142.0495,338.3,1.9,1.3,2014-10-27,0116,Terra,MODIS,85,6.2,306.1,68.5,D,0
-13.3169,134.3563,336.7,1.1,1.1,2014-10-27,0116,Terra,MODIS,68,6.2,319,15.8,D,0
-13.328,134.3651,340.3,1.1,1.1,2014-10-27,0116,Terra,MODIS,75,6.2,318.6,22.2,D,0
-13.3375,134.3637,339.3,1.1,1.1,2014-10-27,0116,Terra,MODIS,68,6.2,318.9,19.2,D,0
-12.19,133.9515,349.2,1.2,1.1,2014-10-27,0116,Terra,MODIS,91,6.2,315.5,51,D,0
-12.9839,135.0636,343.9,1.1,1,2014-10-27,0116,Terra,MODIS,84,6.2,321.3,25.4,D,0
-12.1999,133.95,336.1,1.2,1.1,2014-10-27,0116,Terra,MODIS,75,6.2,313.6,20.7,D,0
-12.1981,133.9389,334.4,1.2,1.1,2014-10-27,0116,Terra,MODIS,72,6.2,314.6,18.1,D,0
-12.9746,135.065,344,1.1,1,2014-10-27,0116,Terra,MODIS,83,6.2,321.8,24.7,D,0
-12.5237,136.1071,351.9,1,1,2014-10-27,0116,Terra,MODIS,94,6.2,312.9,47.1,D,0
-12.5833,136.1357,335.2,1,1,2014-10-27,0116,Terra,MODIS,51,6.2,314.4,13.6,D,0
-12.703,136.3833,348.2,1,1,2014-10-27,0116,Terra,MODIS,91,6.2,314.9,40.4,D,0
-12.712,136.3819,327.9,1,1,2014-10-27,0116,Terra,MODIS,36,6.2,312,8.8,D,0
-12.6937,134.3447,332.1,1.1,1.1,2014-10-27,0116,Terra,MODIS,60,6.2,315.6,13.9,D,0
-14.1298,142.3906,327.3,2,1.4,2014-10-27,0116,Terra,MODIS,74,6.2,304.9,29.4,D,0
-12.5535,136.1214,342.8,1,1,2014-10-27,0116,Terra,MODIS,86,6.2,316.6,25.2,D,0
-14.0023,135.5269,355.8,1,1,2014-10-27,0116,Terra,MODIS,97,6.2,315.2,57.1,D,0
-13.1604,143.4133,316.5,2.3,1.5,2014-10-27,0116,Terra,MODIS,44,6.2,294.8,35.3,D,0
-12.7663,142.325,321.8,1.9,1.3,2014-10-27,0116,Terra,MODIS,60,6.2,301.1,25.2,D,0
-12.6921,134.3342,334,1.1,1.1,2014-10-27,0116,Terra,MODIS,72,6.2,314.3,17.1,D,0
-13.9933,135.5283,366.7,1,1,2014-10-27,0116,Terra,MODIS,100,6.2,320.3,87.9,D,0
-12.6731,136.0592,352.4,1,1,2014-10-27,0116,Terra,MODIS,94,6.2,314.5,46.1,D,0
-15.4093,142.3205,326.5,2.1,1.4,2014-10-27,0116,Terra,MODIS,54,6.2,309.6,31.2,D,0
-12.6765,134.386,338.2,1.1,1.1,2014-10-27,0116,Terra,MODIS,79,6.2,317.2,22.5,D,0
-12.7066,134.364,344.5,1.1,1.1,2014-10-27,0116,Terra,MODIS,87,6.2,316.4,36.8,D,0
-12.6745,136.0685,350,1,1,2014-10-27,0116,Terra,MODIS,92,6.2,314.8,41.2,D,0
-14.1174,142.392,326,2,1.4,2014-10-27,0116,Terra,MODIS,72,6.2,305.1,26.5,D,0
-12.6786,136.0961,328.7,1,1,2014-10-27,0116,Terra,MODIS,24,6.2,313.3,7,D,0
-12.6891,134.3413,339.8,1.1,1.1,2014-10-27,0116,Terra,MODIS,80,6.2,316.5,25.1,D,0
-15.3595,142.4507,341.2,2.1,1.4,2014-10-27,0116,Terra,MODIS,87,6.2,310.4,87.1,D,0
-12.5119,136.09,338.4,1,1,2014-10-27,0116,Terra,MODIS,80,6.2,312.4,24.4,D,0
-15.4653,142.1338,332.4,2,1.4,2014-10-27,0116,Terra,MODIS,80,6.2,312.8,42,D,0
-12.686,134.3846,335.9,1.1,1.1,2014-10-27,0116,Terra,MODIS,59,6.2,315.7,17.4,D,0
-15.4116,142.3397,326.4,2.1,1.4,2014-10-27,0116,Terra,MODIS,55,6.2,307.7,29.6,D,0
-12.521,136.0887,337.5,1,1,2014-10-27,0116,Terra,MODIS,69,6.2,313.2,21.5,D,0
-12.5445,136.1228,336,1,1,2014-10-27,0116,Terra,MODIS,68,6.2,314.9,16,D,0
-12.6772,136.0869,330.6,1,1,2014-10-27,0116,Terra,MODIS,57,6.2,315.1,9.8,D,0
-16.3188,142.6621,331.9,2.3,1.5,2014-10-27,0116,Terra,MODIS,63,6.2,311.7,34,D,0
-12.5327,136.1057,346.7,1,1,2014-10-27,0116,Terra,MODIS,90,6.2,316.1,35,D,0
-12.671,136.1066,338,1,1,2014-10-27,0116,Terra,MODIS,63,6.2,311.1,18.7,D,0
-15.3594,142.445,335.1,2.1,1.4,2014-10-27,0116,Terra,MODIS,74,6.2,310.9,56.4,D,0
-15.2034,143.0034,325.4,2.3,1.5,2014-10-27,0116,Terra,MODIS,48,6.2,307.2,21.8,D,0
-15.3758,142.3637,340,2.1,1.4,2014-10-27,0116,Terra,MODIS,86,6.2,307.4,80.4,D,0
-12.6543,136.1186,338.4,1,1,2014-10-27,0116,Terra,MODIS,33,6.2,314.1,18.6,D,0
-12.694,136.3846,342.1,1,1,2014-10-27,0116,Terra,MODIS,85,6.2,315.3,28.6,D,0
-12.5251,136.1163,345.5,1,1,2014-10-27,0116,Terra,MODIS,89,6.2,313.1,34.1,D,0
-12.6696,136.0974,346.2,1,1,2014-10-27,0116,Terra,MODIS,89,6.2,313.4,32.7,D,0
-12.5341,136.1149,363.8,1,1,2014-10-27,0116,Terra,MODIS,100,6.2,316.6,77.5,D,0
-15.3781,142.3831,337,2.1,1.4,2014-10-27,0116,Terra,MODIS,74,6.2,310.1,62.1,D,0
-12.6905,142.2533,320.9,1.9,1.3,2014-10-27,0116,Terra,MODIS,52,6.2,300.5,20.6,D,0
-12.5923,136.1344,340.6,1,1,2014-10-27,0116,Terra,MODIS,77,6.2,315.1,21.8,D,0
-15.3616,142.4647,328.3,2.1,1.4,2014-10-27,0116,Terra,MODIS,31,6.2,308.7,33.7,D,0
-12.7016,136.3741,346.5,1,1,2014-10-27,0116,Terra,MODIS,89,6.2,314.8,35.7,D,0
-16.3797,142.612,333,2.3,1.5,2014-10-27,0116,Terra,MODIS,65,6.2,314,39.7,D,0
-15.3931,142.4011,349.4,2.1,1.4,2014-10-27,0116,Terra,MODIS,94,6.2,310,133,D,0
-15.3754,142.3695,342.3,2.1,1.4,2014-10-27,0116,Terra,MODIS,88,6.2,308.7,89.3,D,0
-14.1196,142.4107,323.9,2,1.4,2014-10-27,0116,Terra,MODIS,68,6.2,306.2,19.3,D,0
-16.322,142.6674,333.1,2.3,1.5,2014-10-27,0116,Terra,MODIS,69,6.2,310.9,38.4,D,0
-13.9919,135.519,346.7,1,1,2014-10-27,0116,Terra,MODIS,89,6.2,320.7,36.1,D,0
-15.2207,142.5949,330,2.2,1.4,2014-10-27,0116,Terra,MODIS,54,6.2,306,40.5,D,0
-12.5223,136.0979,363,1,1,2014-10-27,0116,Terra,MODIS,100,6.2,312.5,75.9,D,0
-15.3953,142.4208,328.3,2.1,1.4,2014-10-27,0116,Terra,MODIS,48,6.2,310.7,33.7,D,0
-12.5106,136.0808,346.5,1,1,2014-10-27,0116,Terra,MODIS,90,6.2,312.2,39.8,D,0
-12.6606,136.0988,348.1,1,1,2014-10-27,0116,Terra,MODIS,91,6.2,316,34.2,D,0
-12.662,136.108,354,1,1,2014-10-27,0116,Terra,MODIS,96,6.2,316.2,48.9,D,0
-12.7106,136.3728,343.2,1,1,2014-10-27,0116,Terra,MODIS,86,6.2,315.3,31.2,D,0
-14.0009,135.5175,348.4,1,1,2014-10-27,0116,Terra,MODIS,91,6.2,313.7,39.5,D,0
-12.5549,136.1306,344.2,1,1,2014-10-27,0116,Terra,MODIS,86,6.2,316.4,29.4,D,0
-15.1726,142.6269,331.6,2.2,1.4,2014-10-27,0116,Terra,MODIS,68,6.2,309.5,41.6,D,0
-11.8001,130.1067,325.3,2.3,1.5,2014-10-27,0116,Terra,MODIS,74,6.2,303,44.5,D,0
-14.3589,131.4391,343.6,1.6,1.3,2014-10-27,0116,Terra,MODIS,87,6.2,309.7,64.9,D,0
-11.7966,130.0857,330.6,2.3,1.5,2014-10-27,0116,Terra,MODIS,83,6.2,300.5,65.7,D,0
-14.3476,131.441,337.6,1.6,1.3,2014-10-27,0116,Terra,MODIS,79,6.2,308.6,43.5,D,0
-14.345,131.426,335.2,1.6,1.3,2014-10-27,0116,Terra,MODIS,76,6.2,305.8,34.8,D,0
-11.7967,130.1005,327.6,2.3,1.5,2014-10-27,0116,Terra,MODIS,71,6.2,302.1,50,D,0
-11.8098,130.0983,322,2.3,1.5,2014-10-27,0116,Terra,MODIS,21,6.2,301.1,28.7,D,0
-14.0723,136.5521,332.1,1,1,2014-10-27,0116,Terra,MODIS,60,6.2,313.7,13.9,D,0
-14.0062,135.4304,349.7,1,1,2014-10-27,0116,Terra,MODIS,92,6.2,314.1,42.9,D,0
-14.0077,135.4398,372.4,1,1,2014-10-27,0116,Terra,MODIS,100,6.2,317.6,106.8,D,0
-15.0089,133.2607,334.2,1.2,1.1,2014-10-27,0116,Terra,MODIS,67,6.2,314.9,17.9,D,0
-14.5023,131.1988,332.2,1.7,1.3,2014-10-27,0116,Terra,MODIS,52,6.2,310.8,25.9,D,0
-13.4592,134.086,333.5,1.2,1.1,2014-10-27,0116,Terra,MODIS,68,6.2,316.5,14.9,D,0
-14.999,133.2624,334.7,1.2,1.1,2014-10-27,0116,Terra,MODIS,66,6.2,316.5,18.4,D,0
-14.2248,136.5885,348.2,1,1,2014-10-27,0116,Terra,MODIS,91,6.2,310.6,40.1,D,0
-13.7279,141.6108,334,1.7,1.3,2014-10-27,0116,Terra,MODIS,76,6.2,306.5,39.7,D,0
-13.7257,141.6207,329.6,1.7,1.3,2014-10-27,0116,Terra,MODIS,37,6.2,306.7,30.8,D,0
-12.3518,136.8715,328.4,1,1,2014-10-27,0116,Terra,MODIS,36,6.2,306.5,12.9,D,0
-14.1852,136.6321,330.2,1,1,2014-10-27,0116,Terra,MODIS,51,6.2,311.8,10,D,0
-14.8567,141.7217,329.6,1.8,1.3,2014-10-27,0116,Terra,MODIS,62,6.2,311.7,20.3,D,0
-14.3168,130.9834,333.5,1.8,1.3,2014-10-27,0116,Terra,MODIS,59,6.2,308.7,33.3,D,0
-12.4142,136.6697,340.9,1,1,2014-10-27,0116,Terra,MODIS,85,6.2,310.5,26.7,D,0
-13.9332,135.8011,332.5,1,1,2014-10-27,0116,Terra,MODIS,40,6.2,314.1,10,D,0
-12.4128,136.6606,332.7,1,1,2014-10-27,0116,Terra,MODIS,49,6.2,312.1,13,D,0
-14.0006,136.5031,330.3,1,1,2014-10-27,0116,Terra,MODIS,60,6.2,312.1,11.4,D,0
-14.3214,131.4206,329.5,1.6,1.3,2014-10-27,0116,Terra,MODIS,18,6.2,309.5,18.9,D,0
-14.2198,136.6175,347.4,1,1,2014-10-27,0116,Terra,MODIS,90,6.2,316.1,35.9,D,0
-14.2212,136.6267,370.4,1,1,2014-10-27,0116,Terra,MODIS,100,6.2,315.1,98.1,D,0
-13.5854,132.4203,337.3,1.4,1.2,2014-10-27,0116,Terra,MODIS,55,6.2,312.6,34.2,D,0
-14.2288,136.6161,405.4,1,1,2014-10-27,0116,Terra,MODIS,100,6.2,315.7,267.6,D,0
-14.2302,136.6254,394.2,1,1,2014-10-27,0116,Terra,MODIS,100,6.2,314.2,201.8,D,0
-14.3351,131.4337,341,1.6,1.3,2014-10-27,0116,Terra,MODIS,84,6.2,309.8,55.2,D,0
-14.5391,131.2079,337.9,1.7,1.3,2014-10-27,0116,Terra,MODIS,81,6.2,310.5,46.9,D,0
-12.394,136.6601,334.8,1,1,2014-10-27,0116,Terra,MODIS,77,6.2,313.7,13.9,D,0
-13.9916,136.5044,332.7,1,1,2014-10-27,0116,Terra,MODIS,65,6.2,312.6,14.1,D,0
-14.4801,131.1385,332.1,1.7,1.3,2014-10-27,0116,Terra,MODIS,68,6.2,307.9,33.3,D,0
-13.9422,135.7997,332.7,1,1,2014-10-27,0116,Terra,MODIS,48,6.2,313.4,9.9,D,0
-13.979,135.4346,349.3,1,1,2014-10-27,0116,Terra,MODIS,92,6.2,317.3,37.5,D,0
-14.4806,131.1284,332.6,1.7,1.3,2014-10-27,0116,Terra,MODIS,54,6.2,306.9,31,D,0
-12.9686,133.1245,328.5,1.3,1.1,2014-10-27,0116,Terra,MODIS,24,6.2,310.1,12.8,D,0
-12.993,133.1454,331.4,1.3,1.1,2014-10-27,0116,Terra,MODIS,53,6.2,311.4,18.7,D,0
-13.9992,136.4939,337,1,1,2014-10-27,0116,Terra,MODIS,78,6.2,312.5,20,D,0
-13.1462,133.082,329.5,1.3,1.1,2014-10-27,0116,Terra,MODIS,41,6.2,311.9,15.5,D,0
-13.1561,133.1425,333.4,1.3,1.1,2014-10-27,0116,Terra,MODIS,66,6.2,311.8,22.9,D,0
-14.1901,131.3251,352.1,1.7,1.3,2014-10-27,0116,Terra,MODIS,94,6.2,304,105.1,D,0
-14.1927,131.3406,377.3,1.7,1.3,2014-10-27,0116,Terra,MODIS,100,6.2,307.9,266.5,D,0
-14.2041,131.3387,355.6,1.7,1.3,2014-10-27,0116,Terra,MODIS,97,6.2,306.8,121,D,0
-13.9805,135.444,357.3,1,1,2014-10-27,0116,Terra,MODIS,98,6.2,319,55.8,D,0
-13.052,132.8761,341.5,1.4,1.2,2014-10-27,0116,Terra,MODIS,84,6.2,310.4,42.9,D,0
-12.3419,136.556,349.2,1,1,2014-10-27,0116,Terra,MODIS,92,6.2,311.2,43.9,D,0
-14.4088,131.4609,330.1,1.6,1.3,2014-10-27,0116,Terra,MODIS,63,6.2,308.1,21.6,D,0
-13.0089,132.9163,330.9,1.4,1.2,2014-10-27,0116,Terra,MODIS,62,6.2,309.5,21.2,D,0
-13.9902,136.4953,384.4,1,1,2014-10-27,0116,Terra,MODIS,100,6.2,316.1,153.3,D,0
-14.0827,136.56,336.4,1,1,2014-10-27,0116,Terra,MODIS,61,6.2,312.7,19.2,D,0
-13.0069,132.9037,346.1,1.4,1.2,2014-10-27,0116,Terra,MODIS,89,6.2,310.3,59.9,D,0
-14.5251,131.1947,335.7,1.7,1.3,2014-10-27,0116,Terra,MODIS,68,6.2,311,40.2,D,0
-13.6468,132.5649,335.9,1.4,1.2,2014-10-27,0116,Terra,MODIS,46,6.2,309.6,27.5,D,0
-13.6426,132.5392,337.9,1.4,1.2,2014-10-27,0116,Terra,MODIS,63,6.2,311.5,35.2,D,0
-14.3976,131.4629,342.8,1.6,1.3,2014-10-27,0116,Terra,MODIS,86,6.2,309,61.4,D,0
-14.5277,131.2101,332.3,1.7,1.3,2014-10-27,0116,Terra,MODIS,49,6.2,311,25.9,D,0
-14.3951,131.448,336.1,1.6,1.3,2014-10-27,0116,Terra,MODIS,77,6.2,307.6,37.9,D,0
-14.5365,131.1925,348.5,1.7,1.3,2014-10-27,0116,Terra,MODIS,92,6.2,309.1,90.4,D,0
-12.9667,133.1126,330.5,1.3,1.1,2014-10-27,0116,Terra,MODIS,63,6.2,310,17.1,D,0
-14.2345,136.5905,359.2,1,1,2014-10-27,0116,Terra,MODIS,99,6.2,308.8,70.1,D,0
-14.2122,136.628,330.7,1,1,2014-10-27,0116,Terra,MODIS,46,6.2,313,10.6,D,0
-14.7024,141.7534,330.9,1.8,1.3,2014-10-27,0116,Terra,MODIS,60,6.2,309.2,26.9,D,0
-14.0656,131.2733,329.1,1.7,1.3,2014-10-27,0116,Terra,MODIS,32,6.2,310.5,19.9,D,0
-14.2135,136.6373,328.3,1,1,2014-10-27,0116,Terra,MODIS,32,6.2,310.7,9.1,D,0
-14.7003,141.7365,332.3,1.8,1.3,2014-10-27,0116,Terra,MODIS,59,6.2,310.8,30.8,D,0
-14.2343,131.3803,345.1,1.7,1.3,2014-10-27,0116,Terra,MODIS,88,6.2,306,72.9,D,0
-14.2321,131.3739,339.8,1.7,1.3,2014-10-27,0116,Terra,MODIS,82,6.2,305.4,50.8,D,0
-18.201,132.7759,352.7,1.2,1.1,2014-10-27,0117,Terra,MODIS,94,6.2,323.5,49,D,0
-18.3899,132.7415,402.1,1.2,1.1,2014-10-27,0117,Terra,MODIS,100,6.2,325.2,293.8,D,0
-18.3881,132.7305,353,1.2,1.1,2014-10-27,0117,Terra,MODIS,89,6.2,318.5,51.8,D,0
-18.3864,132.7195,339.8,1.2,1.1,2014-10-27,0117,Terra,MODIS,54,6.2,319.2,21.5,D,0
-18.382,132.7542,365,1.2,1.1,2014-10-27,0117,Terra,MODIS,100,6.2,324.1,87.9,D,0
-18.3802,132.7432,358.4,1.2,1.1,2014-10-27,0117,Terra,MODIS,97,6.2,320.7,62.3,D,0
-18.3785,132.7322,343.2,1.2,1.1,2014-10-27,0117,Terra,MODIS,60,6.2,319.4,25.7,D,0
-18.3548,132.7703,339.3,1.2,1.1,2014-10-27,0117,Terra,MODIS,35,6.2,320.7,18.6,D,0
-18.347,132.783,340.4,1.2,1.1,2014-10-27,0117,Terra,MODIS,55,6.2,319.8,21.5,D,0
-18.3452,132.772,381.3,1.2,1.1,2014-10-27,0117,Terra,MODIS,100,6.2,323.7,165.5,D,0
-18.3435,132.7789,375.4,1.2,1.1,2014-10-27,0117,Terra,MODIS,100,6.2,322.3,133.9,D,0
-18.4673,132.7106,346.1,1.2,1.1,2014-10-27,0117,Terra,MODIS,88,6.2,319.1,38.8,D,0
-18.4594,132.7233,337,1.2,1.1,2014-10-27,0117,Terra,MODIS,38,6.2,317.2,17,D,0
-18.2934,132.7764,338.5,1.2,1.1,2014-10-27,0117,Terra,MODIS,25,6.2,323,16,D,0
-18.3321,132.7696,345.5,1.2,1.1,2014-10-27,0117,Terra,MODIS,80,6.2,323,30.3,D,0
-18.2414,132.7802,345.3,1.2,1.1,2014-10-27,0117,Terra,MODIS,77,6.2,322.5,29.9,D,0
-18.2511,132.7785,352.3,1.2,1.1,2014-10-27,0117,Terra,MODIS,94,6.2,320.5,49.2,D,0
-18.2548,132.7831,353.3,1.2,1.1,2014-10-27,0117,Terra,MODIS,95,6.2,320.2,55.2,D,0
-18.4401,132.7267,361.3,1.2,1.1,2014-10-27,0117,Terra,MODIS,100,6.2,320.8,79.1,D,0
-16.2316,131.2668,334.5,1.6,1.2,2014-10-27,0117,Terra,MODIS,61,6.2,316.2,21.2,D,0
-18.2318,132.7819,344.3,1.2,1.1,2014-10-27,0117,Terra,MODIS,68,6.2,322.2,27.5,D,0
-18.4383,132.7157,364.2,1.2,1.1,2014-10-27,0117,Terra,MODIS,100,6.2,318.9,91.4,D,0
-18.4189,132.7365,352.6,1.2,1.1,2014-10-27,0117,Terra,MODIS,86,6.2,315.6,51.9,D,0
-18.4172,132.7254,345.3,1.2,1.1,2014-10-27,0117,Terra,MODIS,74,6.2,311.2,36.8,D,0
-18.4128,132.7602,336.7,1.2,1.1,2014-10-27,0117,Terra,MODIS,37,6.2,320.7,13.9,D,0
-18.411,132.7492,393.9,1.2,1.1,2014-10-27,0117,Terra,MODIS,100,6.2,329.7,240.9,D,0
-18.4576,132.7123,357.3,1.2,1.1,2014-10-27,0117,Terra,MODIS,98,6.2,317,69.1,D,0
-18.3417,132.7679,373.7,1.2,1.1,2014-10-27,0117,Terra,MODIS,100,6.2,322.3,125,D,0
-18.4497,132.725,371.1,1.2,1.1,2014-10-27,0117,Terra,MODIS,100,6.2,320.3,118,D,0
-18.4093,132.7381,398.6,1.2,1.1,2014-10-27,0117,Terra,MODIS,100,6.2,322.1,276.4,D,0
-18.4075,132.7271,342.8,1.2,1.1,2014-10-27,0117,Terra,MODIS,69,6.2,310.2,32.3,D,0
-18.4014,132.7509,405.4,1.2,1.1,2014-10-27,0117,Terra,MODIS,100,6.2,337.9,325.9,D,0
-18.4963,132.7056,332.8,1.2,1.1,2014-10-27,0117,Terra,MODIS,62,6.2,316.1,13.9,D,0
-18.2529,132.7895,344.8,1.2,1.1,2014-10-27,0117,Terra,MODIS,80,6.2,319.1,31.6,D,0
-18.477,132.7089,343.7,1.2,1.1,2014-10-27,0117,Terra,MODIS,85,6.2,316.7,33.7,D,0
-18.4849,132.6962,340.3,1.2,1.1,2014-10-27,0117,Terra,MODIS,80,6.2,316.7,27.7,D,0
-18.3145,132.784,351.5,1.2,1.1,2014-10-27,0117,Terra,MODIS,86,6.2,321.3,46.1,D,0
-18.3996,132.7398,389.3,1.2,1.1,2014-10-27,0117,Terra,MODIS,100,6.2,321.5,210.3,D,0
-18.3978,132.7288,372,1.2,1.1,2014-10-27,0117,Terra,MODIS,100,6.2,315.3,128.7,D,0
-18.4479,132.714,395.5,1.2,1.1,2014-10-27,0117,Terra,MODIS,100,6.2,322.1,256.3,D,0
-18.3242,132.7823,362,1.2,1.1,2014-10-27,0117,Terra,MODIS,100,6.2,321,80.7,D,0
-18.4867,132.7073,378.9,1.2,1.1,2014-10-27,0117,Terra,MODIS,100,6.2,320.7,160.6,D,0
-18.3224,132.7713,342.4,1.2,1.1,2014-10-27,0117,Terra,MODIS,61,6.2,322.6,23.1,D,0
-18.3917,132.7525,445.2,1.2,1.1,2014-10-27,0117,Terra,MODIS,100,6.2,345.3,781.1,D,0
-16.6291,142.7591,332,2.3,1.5,2014-10-27,0117,Terra,MODIS,43,6.2,314.1,40.9,D,0
-16.5372,142.5173,329,2.2,1.4,2014-10-27,0117,Terra,MODIS,44,6.2,312.9,24.7,D,0
-17.8502,144.584,333.4,3.4,1.7,2014-10-27,0117,Terra,MODIS,74,6.2,313.4,97.3,D,0
-17.8453,144.5779,335.1,3.4,1.7,2014-10-27,0117,Terra,MODIS,81,6.2,313.9,111.3,D,0
-17.8346,144.5859,328.9,3.4,1.7,2014-10-27,0117,Terra,MODIS,62,6.2,314.3,65.6,D,0
-17.3682,130.492,331,1.7,1.3,2014-10-27,0117,Terra,MODIS,37,6.2,314.5,16.3,D,0
-17.3226,130.5005,332.7,1.7,1.3,2014-10-27,0117,Terra,MODIS,51,6.2,314,25.2,D,0
-17.3796,130.4898,331.1,1.7,1.3,2014-10-27,0117,Terra,MODIS,46,6.2,315.5,16.7,D,0
-15.5253,133.9261,333.6,1.1,1.1,2014-10-27,0117,Terra,MODIS,51,6.2,318,10.4,D,0
-16.0992,134.3008,339.4,1.1,1,2014-10-27,0117,Terra,MODIS,61,6.2,317.3,20.3,D,0
-15.9409,133.9167,333.4,1.1,1,2014-10-27,0117,Terra,MODIS,51,6.2,316,12.6,D,0
-16.8888,142.0819,350.7,2.1,1.4,2014-10-27,0117,Terra,MODIS,94,6.2,315.8,128.8,D,0
-15.3648,134.0172,334,1.1,1,2014-10-27,0117,Terra,MODIS,67,6.2,317.5,14.2,D,0
-16.0363,136.9673,343.6,1,1,2014-10-27,0117,Terra,MODIS,85,6.2,314.7,32,D,0
-17.1139,138.9844,340.5,1.3,1.1,2014-10-27,0117,Terra,MODIS,82,6.2,312,32.4,D,0
-17.124,138.983,343.5,1.3,1.1,2014-10-27,0117,Terra,MODIS,85,6.2,311,40.5,D,0
-16.1592,134.3213,336.8,1.1,1,2014-10-27,0117,Terra,MODIS,42,6.2,316.2,15.1,D,0
-16.0349,136.9577,344.3,1,1,2014-10-27,0117,Terra,MODIS,86,6.2,314.4,33.2,D,0
-16.0292,136.9749,330.1,1,1,2014-10-27,0117,Terra,MODIS,45,6.2,315.2,9.1,D,0
-16.0278,136.9653,362.4,1,1,2014-10-27,0117,Terra,MODIS,100,6.2,318,75.1,D,0
-15.5757,133.9389,341.4,1.1,1.1,2014-10-27,0117,Terra,MODIS,66,6.2,316.7,24.8,D,0
-16.0246,133.6456,339.4,1.1,1.1,2014-10-27,0117,Terra,MODIS,67,6.2,315.8,22.6,D,0
-16.1007,134.3107,343.1,1.1,1,2014-10-27,0117,Terra,MODIS,80,6.2,316.8,27.6,D,0
-17.0797,142.6096,327.7,2.3,1.5,2014-10-27,0117,Terra,MODIS,38,6.2,310.7,28.6,D,0
-16.378,131.375,334.9,1.5,1.2,2014-10-27,0117,Terra,MODIS,63,6.2,317.3,19,D,0
-16.2465,134.2906,351.4,1.1,1,2014-10-27,0117,Terra,MODIS,93,6.2,316.4,44.1,D,0
-17.046,132.8636,349.1,1.2,1.1,2014-10-27,0117,Terra,MODIS,89,6.2,320.5,44,D,0
-15.4941,133.7283,333.9,1.1,1.1,2014-10-27,0117,Terra,MODIS,48,6.2,318.2,14.5,D,0
-16.0324,133.6336,334.1,1.1,1.1,2014-10-27,0117,Terra,MODIS,70,6.2,314.3,15.8,D,0
-17.101,132.882,346,1.2,1.1,2014-10-27,0117,Terra,MODIS,79,6.2,324,33.4,D,0
-16.8254,130.7576,333.8,1.6,1.3,2014-10-27,0117,Terra,MODIS,46,6.2,316.7,22.7,D,0
-16.828,130.7728,340,1.6,1.3,2014-10-27,0117,Terra,MODIS,81,6.2,315,42.8,D,0
-16.8393,130.7707,348.2,1.6,1.3,2014-10-27,0117,Terra,MODIS,90,6.2,314.8,74,D,0
-16.7907,130.754,330.5,1.6,1.3,2014-10-27,0117,Terra,MODIS,30,6.2,315.4,15.1,D,0
-15.665,133.8269,342.7,1.1,1.1,2014-10-27,0117,Terra,MODIS,84,6.2,317.2,27,D,0
-16.8506,130.7686,334.7,1.6,1.3,2014-10-27,0117,Terra,MODIS,62,6.2,312.9,26.4,D,0
-15.9655,133.9165,334.8,1.1,1,2014-10-27,0117,Terra,MODIS,56,6.2,315.4,13.1,D,0
-16.9691,130.7871,345.9,1.6,1.3,2014-10-27,0117,Terra,MODIS,88,6.2,316.1,63.9,D,0
-16.9466,130.791,341.1,1.6,1.3,2014-10-27,0117,Terra,MODIS,82,6.2,316.2,45.3,D,0
-16.9579,130.789,338.3,1.6,1.3,2014-10-27,0117,Terra,MODIS,70,6.2,315.6,35.8,D,0
-16.9717,130.8022,337.2,1.6,1.3,2014-10-27,0117,Terra,MODIS,65,6.2,314.3,35,D,0
-16.0341,133.6441,331.7,1.1,1.1,2014-10-27,0117,Terra,MODIS,41,6.2,315,11.3,D,0
-16.9039,142.0933,330.4,2.1,1.4,2014-10-27,0117,Terra,MODIS,46,6.2,314.1,31.7,D,0
-16.2219,134.3148,352.8,1.1,1,2014-10-27,0117,Terra,MODIS,94,6.2,315.9,46.6,D,0
-15.6666,133.8373,358.4,1.1,1.1,2014-10-27,0117,Terra,MODIS,98,6.2,318.7,66.2,D,0
-16.2311,134.3133,334.4,1.1,1,2014-10-27,0117,Terra,MODIS,44,6.2,314.5,12.6,D,0
-16.2126,134.3163,345.1,1.1,1,2014-10-27,0117,Terra,MODIS,62,6.2,318.7,28,D,0
-15.6251,133.9136,338.9,1.1,1.1,2014-10-27,0117,Terra,MODIS,58,6.2,317.1,19.5,D,0
-16.0933,134.3078,337.7,1.1,1,2014-10-27,0117,Terra,MODIS,69,6.2,317.5,16.2,D,0
-15.7801,133.7263,331.8,1.1,1.1,2014-10-27,0117,Terra,MODIS,37,6.2,315.8,9.3,D,0
-15.6571,133.8388,338.8,1.1,1.1,2014-10-27,0117,Terra,MODIS,73,6.2,316.6,18.7,D,0
-16.8865,142.0624,346.1,2.1,1.4,2014-10-27,0117,Terra,MODIS,91,6.2,310.4,101.8,D,0
-15.6452,133.7934,387.7,1.1,1.1,2014-10-27,0117,Terra,MODIS,100,6.2,320.9,192.7,D,0
-15.6533,133.8454,338.6,1.1,1.1,2014-10-27,0117,Terra,MODIS,79,6.2,316.3,17.2,D,0
-15.6424,133.9002,347.1,1.1,1.1,2014-10-27,0117,Terra,MODIS,89,6.2,317.8,37.2,D,0
-16.9016,142.0736,339.8,2.1,1.4,2014-10-27,0117,Terra,MODIS,86,6.2,311.1,74,D,0
-15.6966,133.843,350.3,1.1,1.1,2014-10-27,0117,Terra,MODIS,92,6.2,318.9,44,D,0
-15.6373,133.8055,341.3,1.1,1.1,2014-10-27,0117,Terra,MODIS,74,6.2,318.5,23.5,D,0
-15.6588,133.8491,339.2,1.1,1.1,2014-10-27,0117,Terra,MODIS,48,6.2,316.4,18.7,D,0
-15.6621,133.8698,334.6,1.1,1.1,2014-10-27,0117,Terra,MODIS,33,6.2,317.2,12.8,D,0
-15.504,133.7911,337.6,1.1,1.1,2014-10-27,0117,Terra,MODIS,61,6.2,320,17,D,0
-15.526,133.7447,338.4,1.1,1.1,2014-10-27,0117,Terra,MODIS,79,6.2,317,20.2,D,0
-15.6982,133.8533,345.9,1.1,1.1,2014-10-27,0117,Terra,MODIS,81,6.2,316.8,34.9,D,0
-15.7061,133.8414,338.3,1.1,1.1,2014-10-27,0117,Terra,MODIS,52,6.2,315.6,18.1,D,0
-15.725,133.8383,340.9,1.1,1.1,2014-10-27,0117,Terra,MODIS,49,6.2,317,21.6,D,0
-16.7107,142.6779,328.7,2.3,1.5,2014-10-27,0117,Terra,MODIS,70,6.2,312.5,27.1,D,0
-16.8889,142.0752,359.9,2.1,1.4,2014-10-27,0117,Terra,MODIS,99,6.2,315,197.6,D,0
-16.4238,141.562,345.7,1.9,1.3,2014-10-27,0117,Terra,MODIS,68,6.2,314.2,80.1,D,0
-15.6761,133.8357,333.9,1.1,1.1,2014-10-27,0117,Terra,MODIS,38,6.2,317.1,8.9,D,0
-15.6357,133.795,386.1,1.1,1.1,2014-10-27,0117,Terra,MODIS,100,6.2,321.5,185.5,D,0
-15.3981,134.2918,336.3,1.1,1,2014-10-27,0117,Terra,MODIS,59,6.2,316.2,16.4,D,0
-15.7139,133.8295,343.5,1.1,1.1,2014-10-27,0117,Terra,MODIS,85,6.2,316.6,26.9,D,0
-15.5036,133.7267,337.9,1.1,1.1,2014-10-27,0117,Terra,MODIS,66,6.2,317,21,D,0
-15.9283,133.8977,336.6,1.1,1,2014-10-27,0117,Terra,MODIS,57,6.2,315.9,17,D,0
-15.3826,134.3147,339,1.1,1,2014-10-27,0117,Terra,MODIS,76,6.2,314.9,20.2,D,0
-16.7132,142.6996,333.9,2.3,1.5,2014-10-27,0117,Terra,MODIS,79,6.2,313.6,52.8,D,0
-16.6824,142.7528,327.4,2.3,1.5,2014-10-27,0117,Terra,MODIS,32,6.2,312.4,23.6,D,0
-16.6647,142.7494,329.5,2.3,1.5,2014-10-27,0117,Terra,MODIS,38,6.2,313.5,31,D,0
-15.8764,133.8748,340.9,1.1,1.1,2014-10-27,0117,Terra,MODIS,67,6.2,315.7,25.6,D,0
-15.6715,133.8683,340.6,1.1,1.1,2014-10-27,0117,Terra,MODIS,66,6.2,316.2,23.2,D,0
-15.6488,133.7868,348.4,1.1,1.1,2014-10-27,0117,Terra,MODIS,91,6.2,317.8,40.6,D,0
-15.5276,133.7551,339.8,1.1,1.1,2014-10-27,0117,Terra,MODIS,75,6.2,319.7,21,D,0
-15.6436,133.783,360.1,1.1,1.1,2014-10-27,0117,Terra,MODIS,100,6.2,314.4,73.2,D,0
-16.248,134.3004,341.8,1.1,1,2014-10-27,0117,Terra,MODIS,67,6.2,315,24.7,D,0
-15.7603,133.8471,338.9,1.1,1.1,2014-10-27,0117,Terra,MODIS,36,6.2,316.5,19.1,D,0
-15.3997,134.3018,334.9,1.1,1,2014-10-27,0117,Terra,MODIS,57,6.2,317.9,13.3,D,0
-16.8826,142.7112,331.5,2.3,1.5,2014-10-27,0117,Terra,MODIS,58,6.2,312.6,41.9,D,0
-16.7778,142.7071,328.7,2.3,1.5,2014-10-27,0117,Terra,MODIS,55,6.2,311.7,29.8,D,0
-17.0822,142.6313,331.7,2.3,1.5,2014-10-27,0117,Terra,MODIS,75,6.2,312.6,45.3,D,0
-16.991,130.3071,335.6,1.8,1.3,2014-10-27,0117,Terra,MODIS,69,6.2,315.1,35,D,0
-15.8065,126.1785,325.1,3.8,1.8,2014-10-27,0117,Terra,MODIS,41,6.2,305.3,44.2,D,0
-15.8163,126.1819,324.5,3.8,1.8,2014-10-27,0117,Terra,MODIS,20,6.2,304.1,39.3,D,0
-14.2375,127.3543,327.5,3.3,1.7,2014-10-27,0117,Terra,MODIS,72,6.2,300.9,71.1,D,0
-16.9794,130.3092,340,1.8,1.3,2014-10-27,0117,Terra,MODIS,81,6.2,315.7,52.1,D,0
-14.2422,127.3606,329,3.3,1.7,2014-10-27,0117,Terra,MODIS,75,6.2,300.6,83.9,D,0
-14.2432,127.3842,321,3.3,1.7,2014-10-27,0117,Terra,MODIS,46,6.2,299.5,31.3,D,0
-19.3639,131.0172,339.4,1.4,1.2,2014-10-27,0118,Terra,MODIS,79,6.2,317,31.7,D,0
-19.2321,131.8722,342.7,1.3,1.1,2014-10-27,0118,Terra,MODIS,45,6.2,321.8,31,D,0
-22.1085,131.7143,341.1,1.2,1.1,2014-10-27,0118,Terra,MODIS,64,6.2,319.8,25,D,0
-19.1986,131.1302,353,1.4,1.2,2014-10-27,0118,Terra,MODIS,94,6.2,317.1,76.2,D,0
-19.9655,127.9941,332,2.3,1.5,2014-10-27,0118,Terra,MODIS,59,6.2,315.8,32.6,D,0
-19.0588,132.063,336.8,1.2,1.1,2014-10-27,0118,Terra,MODIS,51,6.2,321.8,15.9,D,0
-19.0615,132.0807,364.7,1.2,1.1,2014-10-27,0118,Terra,MODIS,100,6.2,321,100.1,D,0
-19.0596,132.069,348,1.2,1.1,2014-10-27,0118,Terra,MODIS,90,6.2,321.9,41.9,D,0
-18.6945,130.2913,347.9,1.6,1.3,2014-10-27,0118,Terra,MODIS,90,6.2,317.3,71.5,D,0
-18.6919,130.2761,337.9,1.6,1.3,2014-10-27,0118,Terra,MODIS,47,6.2,317.9,32.3,D,0
-18.8521,132.179,337.1,1.2,1.1,2014-10-27,0118,Terra,MODIS,63,6.2,320.5,16.7,D,0
-18.862,132.1773,353.9,1.2,1.1,2014-10-27,0118,Terra,MODIS,95,6.2,323,60.2,D,0
-18.723,130.2539,363.1,1.6,1.3,2014-10-27,0118,Terra,MODIS,100,6.2,316.3,150.9,D,0
-19.0608,132.0748,362.3,1.2,1.1,2014-10-27,0118,Terra,MODIS,100,6.2,322.6,92.1,D,0
-19.0727,132.0847,335.1,1.2,1.1,2014-10-27,0118,Terra,MODIS,64,6.2,318.8,15.6,D,0
-18.8639,132.1889,348.8,1.2,1.1,2014-10-27,0118,Terra,MODIS,91,6.2,320.3,45.9,D,0
-19.0496,132.0707,346.2,1.2,1.1,2014-10-27,0118,Terra,MODIS,88,6.2,323.1,37.8,D,0
-18.7257,130.2695,331.9,1.6,1.3,2014-10-27,0118,Terra,MODIS,39,6.2,313.2,19.3,D,0
-19.1963,131.1169,361.5,1.4,1.2,2014-10-27,0118,Terra,MODIS,100,6.2,317.3,110.3,D,0
-19.0707,132.073,368.3,1.2,1.1,2014-10-27,0118,Terra,MODIS,100,6.2,321,118.1,D,0
-22.1007,131.7276,336.8,1.2,1.1,2014-10-27,0118,Terra,MODIS,65,6.2,320.2,17.1,D,0
-19.0627,132.0865,339.4,1.2,1.1,2014-10-27,0118,Terra,MODIS,73,6.2,319.2,23.6,D,0
-19.1977,131.7913,342.2,1.3,1.1,2014-10-27,0118,Terra,MODIS,72,6.2,319.8,28.6,D,0
-19.1957,131.7792,339.1,1.3,1.1,2014-10-27,0118,Terra,MODIS,49,6.2,319.4,19.8,D,0
-22.0988,131.7161,337.3,1.2,1.1,2014-10-27,0118,Terra,MODIS,71,6.2,319.5,18.1,D,0
-19.0515,132.0825,343.8,1.2,1.1,2014-10-27,0118,Terra,MODIS,83,6.2,320.4,32.7,D,0
-18.3924,130.342,333.8,1.6,1.3,2014-10-27,0118,Terra,MODIS,35,6.2,319.7,18.6,D,0
-19.1395,131.1338,334.8,1.4,1.2,2014-10-27,0118,Terra,MODIS,34,6.2,318.1,18.7,D,0
-19.1978,131.7849,341.9,1.3,1.1,2014-10-27,0118,Terra,MODIS,46,6.2,319.7,26,D,0
-18.6833,130.2935,337.1,1.6,1.3,2014-10-27,0118,Terra,MODIS,55,6.2,317.1,31.7,D,0
-19.2905,131.787,348.7,1.3,1.1,2014-10-27,0118,Terra,MODIS,86,6.2,318.2,50.8,D,0
-19.2903,131.7929,346.2,1.3,1.1,2014-10-27,0118,Terra,MODIS,64,6.2,317.3,44.3,D,0
-19.3105,131.7892,358.2,1.3,1.1,2014-10-27,0118,Terra,MODIS,98,6.2,316.6,88,D,0
-19.3744,131.0152,331.5,1.4,1.2,2014-10-27,0118,Terra,MODIS,49,6.2,315.8,13.2,D,0
-19.3073,131.0343,336.8,1.4,1.2,2014-10-27,0118,Terra,MODIS,46,6.2,318.8,22.9,D,0
-19.2441,131.8824,343.1,1.3,1.1,2014-10-27,0118,Terra,MODIS,73,6.2,317,35.5,D,0
-19.2541,131.8805,350.8,1.3,1.1,2014-10-27,0118,Terra,MODIS,92,6.2,317.3,58.9,D,0
-19.1972,131.9706,340.9,1.3,1.1,2014-10-27,0118,Terra,MODIS,77,6.2,317.8,29.3,D,0
-19.1872,131.9724,337.7,1.3,1.1,2014-10-27,0118,Terra,MODIS,68,6.2,318.9,22.2,D,0
-19.1853,131.9605,342.2,1.3,1.1,2014-10-27,0118,Terra,MODIS,75,6.2,321.3,30.8,D,0
-19.3284,131.0304,369.3,1.4,1.2,2014-10-27,0118,Terra,MODIS,100,6.2,320.5,148.8,D,0
-19.3179,131.0323,357.1,1.4,1.2,2014-10-27,0118,Terra,MODIS,98,6.2,320.7,89.8,D,0
-18.7344,131.4693,345.3,1.4,1.2,2014-10-27,0118,Terra,MODIS,87,6.2,316.9,43.1,D,0
-18.724,131.4712,337,1.4,1.2,2014-10-27,0118,Terra,MODIS,49,6.2,317.9,20.9,D,0
-19.3307,131.0439,339.3,1.4,1.2,2014-10-27,0118,Terra,MODIS,64,6.2,317,30.3,D,0
-19.3084,131.7771,359.9,1.3,1.1,2014-10-27,0118,Terra,MODIS,99,6.2,317.1,94.7,D,0
-18.795,126.6171,328.4,3,1.7,2014-10-27,0118,Terra,MODIS,59,6.2,307.9,53.2,D,0
-18.7939,126.6114,330.5,3,1.7,2014-10-27,0118,Terra,MODIS,66,6.2,308,67.3,D,0
-19.8258,128.595,334.9,2.1,1.4,2014-10-27,0118,Terra,MODIS,58,6.2,320.1,36.3,D,0
-19.8293,128.6145,338.2,2.1,1.4,2014-10-27,0118,Terra,MODIS,73,6.2,318.7,50.6,D,0
-19.8296,128.6075,340.2,2.1,1.4,2014-10-27,0118,Terra,MODIS,72,6.2,319.7,54.5,D,0
-18.4675,127.469,335.3,2.7,1.6,2014-10-27,0118,Terra,MODIS,76,6.2,311,73.7,D,0
-18.4627,127.4438,364.1,2.7,1.6,2014-10-27,0118,Terra,MODIS,100,6.2,313.1,333.3,D,0
-18.7895,126.5886,340.7,3,1.7,2014-10-27,0118,Terra,MODIS,84,6.2,308.7,144.6,D,0
-18.7882,126.583,334.4,3,1.7,2014-10-27,0118,Terra,MODIS,75,6.2,308.7,95.6,D,0
-18.3143,127.8222,328.7,2.5,1.5,2014-10-27,0118,Terra,MODIS,57,6.2,312.5,29.3,D,0
-18.3203,127.8148,331,2.5,1.5,2014-10-27,0118,Terra,MODIS,67,6.2,312.9,42.7,D,0
-19.9677,128.713,334.4,2,1.4,2014-10-27,0118,Terra,MODIS,63,6.2,318.9,31.5,D,0
-23.8574,122.9563,326.4,4.3,1.9,2014-10-27,0119,Terra,MODIS,70,6.2,303.9,90.9,D,0
-23.9095,123.0291,330.1,4.2,1.9,2014-10-27,0119,Terra,MODIS,78,6.2,305.6,126.1,D,0
-24.044,122.8148,329.2,4.3,1.9,2014-10-27,0119,Terra,MODIS,77,6.2,303.8,127.1,D,0
-24.0349,122.7734,386.1,4.3,1.9,2014-10-27,0119,Terra,MODIS,100,6.2,306.7,1412.9,D,0
-24.0256,122.731,322,4.4,1.9,2014-10-27,0119,Terra,MODIS,63,6.2,299.3,82.3,D,0
-24.0519,122.7688,390.2,4.3,1.9,2014-10-27,0119,Terra,MODIS,100,6.2,307.4,1571.1,D,0
-24.061,122.8103,353.9,4.3,1.9,2014-10-27,0119,Terra,MODIS,96,6.2,306.5,483.5,D,0
-24.1065,122.829,324.2,4.3,1.9,2014-10-27,0119,Terra,MODIS,30,6.2,303.7,76.1,D,0
-24.0354,122.7655,383.9,4.3,1.9,2014-10-27,0119,Terra,MODIS,100,6.2,306,1328,D,0
-24.0448,122.8071,344.8,4.3,1.9,2014-10-27,0119,Terra,MODIS,91,6.2,304.8,330.9,D,0
-24.0971,122.7877,354.9,4.3,1.9,2014-10-27,0119,Terra,MODIS,97,6.2,304.3,505.5,D,0
-23.8393,122.9691,346.9,4.3,1.9,2014-10-27,0119,Terra,MODIS,87,6.2,307.5,338.8,D,0
-24.0525,122.7611,385.9,4.3,1.9,2014-10-27,0119,Terra,MODIS,100,6.2,305.7,1394.8,D,0
-24.0801,122.7921,353,4.3,1.9,2014-10-27,0119,Terra,MODIS,96,6.2,304.9,470.2,D,0
-24.0618,122.8026,372.6,4.3,1.9,2014-10-27,0119,Terra,MODIS,100,6.2,308,932.9,D,0
-24.0705,122.7507,324.5,4.3,1.9,2014-10-27,0119,Terra,MODIS,36,6.2,300.9,84.9,D,0
-24.0958,122.7936,359.6,4.3,1.9,2014-10-27,0119,Terra,MODIS,99,6.2,305,610.2,D,0
-24.0866,122.7521,321.7,4.3,1.9,2014-10-27,0119,Terra,MODIS,48,6.2,301.5,64.9,D,0
-24.0788,122.7981,363.3,4.3,1.9,2014-10-27,0119,Terra,MODIS,100,6.2,305.3,689,D,0
-24.0696,122.7567,350,4.3,1.9,2014-10-27,0119,Terra,MODIS,94,6.2,301.6,420.5,D,0
-23.8562,122.9646,331.8,4.3,1.9,2014-10-27,0119,Terra,MODIS,80,6.2,304.3,138.8,D,0
-23.8405,122.9607,356.4,4.3,1.9,2014-10-27,0119,Terra,MODIS,98,6.2,308,511.9,D,0
-22.309,124.4033,365.6,3.7,1.8,2014-10-27,0119,Terra,MODIS,100,6.2,288.6,582.3,D,0
-23.8132,122.9323,351.6,4.3,1.9,2014-10-27,0119,Terra,MODIS,95,6.2,307,431.1,D,0
-22.1844,124.1001,352,3.9,1.8,2014-10-27,0119,Terra,MODIS,82,6.2,287.3,387.2,D,0
-24.1096,122.6104,322.9,4.4,1.9,2014-10-27,0119,Terra,MODIS,64,6.2,301.1,82.2,D,0
-23.8027,122.8966,367.4,4.3,1.9,2014-10-27,0119,Terra,MODIS,100,6.2,305.6,789.2,D,0
-24.1195,122.6477,384.8,4.4,1.9,2014-10-27,0119,Terra,MODIS,100,6.2,306.8,1388.7,D,0
-24.1285,122.6966,328.2,4.4,1.9,2014-10-27,0119,Terra,MODIS,75,6.2,303.2,125.4,D,0
-22.3181,124.4085,332,3.7,1.8,2014-10-27,0119,Terra,MODIS,71,6.2,288.3,122.5,D,0
-24.119,122.6534,387.3,4.4,1.9,2014-10-27,0119,Terra,MODIS,100,6.2,307.1,1487.3,D,0
-24.1436,122.9917,345.6,4.2,1.9,2014-10-27,0119,Terra,MODIS,91,6.2,304.4,323.9,D,0
-24.1412,122.9981,343.1,4.2,1.9,2014-10-27,0119,Terra,MODIS,90,6.2,304.5,286.5,D,0
-23.8117,122.9381,337.1,4.3,1.9,2014-10-27,0119,Terra,MODIS,85,6.2,306.3,208.8,D,0
-23.8302,122.9278,385.6,4.3,1.9,2014-10-27,0119,Terra,MODIS,100,6.2,307.6,1344.7,D,0
-22.1956,124.103,344.8,3.9,1.8,2014-10-27,0119,Terra,MODIS,82,6.2,289,296.2,D,0
-23.831,122.9196,373.1,4.3,1.9,2014-10-27,0119,Terra,MODIS,100,6.2,306,933.2,D,0
-22.1763,124.0627,345.1,3.9,1.8,2014-10-27,0119,Terra,MODIS,78,6.2,284.4,307.2,D,0
-24.1292,122.6908,337.2,4.4,1.9,2014-10-27,0119,Terra,MODIS,85,6.2,303.7,236,D,0
-22.2249,124.1288,345,3.8,1.8,2014-10-27,0119,Terra,MODIS,90,6.2,293.4,312.1,D,0
-23.804,122.8909,363.9,4.3,1.9,2014-10-27,0119,Terra,MODIS,100,6.2,304.4,700,D,0
-22.1878,124.0656,340.9,3.9,1.8,2014-10-27,0119,Terra,MODIS,78,6.2,282.3,250,D,0
-22.2196,124.1357,350.2,3.8,1.8,2014-10-27,0119,Terra,MODIS,94,6.2,294.1,374.1,D,0
-25.4625,122.0359,338.6,4.5,2,2014-10-27,0120,Terra,MODIS,87,6.2,305.4,263.5,D,0
-25.0732,122.3602,326.2,4.4,1.9,2014-10-27,0120,Terra,MODIS,72,6.2,305.4,102.4,D,0
-25.0541,122.2819,327.4,4.4,1.9,2014-10-27,0120,Terra,MODIS,74,6.2,302.6,123,D,0
-25.1472,122.5124,340.6,4.3,1.9,2014-10-27,0120,Terra,MODIS,88,6.2,304.2,265.2,D,0
-25.0811,122.3067,326.6,4.4,1.9,2014-10-27,0120,Terra,MODIS,67,6.2,303.9,105.9,D,0
-25.1339,122.3882,321,4.3,1.9,2014-10-27,0120,Terra,MODIS,44,6.2,304.3,55.2,D,0
-25.1453,122.5186,341,4.3,1.9,2014-10-27,0120,Terra,MODIS,88,6.2,304.5,270.7,D,0
-25.0806,122.3126,327.8,4.4,1.9,2014-10-27,0120,Terra,MODIS,75,6.2,304,117.9,D,0
-25.0692,122.5914,334.2,4.2,1.9,2014-10-27,0120,Terra,MODIS,82,6.2,303.4,196.2,D,0
-27.233,127.0153,378.4,1.9,1.3,2014-10-27,0120,Terra,MODIS,100,6.2,310,337.4,D,0
-27.2366,127.034,351.5,1.9,1.3,2014-10-27,0120,Terra,MODIS,95,6.2,308.6,133.5,D,0
-27.2371,127.0085,352.8,1.9,1.3,2014-10-27,0120,Terra,MODIS,96,6.2,305.7,141.8,D,0
-25.4627,122.041,338.1,4.5,2,2014-10-27,0120,Terra,MODIS,86,6.2,305.5,258.6,D,0
-27.2408,127.0273,382.2,1.9,1.3,2014-10-27,0120,Terra,MODIS,100,6.2,311.1,376.3,D,0
-27.2444,127.0459,330.6,1.9,1.3,2014-10-27,0120,Terra,MODIS,77,6.2,306.6,43.9,D,0
-25.497,122.0262,337.1,4.5,2,2014-10-27,0120,Terra,MODIS,85,6.2,307,243.4,D,0
-25.5142,122.0212,330.9,4.5,2,2014-10-27,0120,Terra,MODIS,79,6.2,306.7,173.1,D,0
-25.4958,122.0187,340.5,4.5,2,2014-10-27,0120,Terra,MODIS,88,6.2,306.7,292.4,D,0
-25.513,122.0138,331.9,4.5,2,2014-10-27,0120,Terra,MODIS,80,6.2,306.2,182.5,D,0
-25.0637,122.3251,372.1,4.4,1.9,2014-10-27,0120,Terra,MODIS,100,6.2,306.6,953.1,D,0
-24.8013,122.2264,328.8,4.5,2,2014-10-27,0120,Terra,MODIS,76,6.2,302.2,158.3,D,0
-24.8002,122.2187,329.9,4.5,2,2014-10-27,0120,Terra,MODIS,78,6.2,301.9,170.4,D,0
-25.9559,125.0535,328.5,2.7,1.6,2014-10-27,0120,Terra,MODIS,76,6.2,304.2,58.6,D,0
-24.8892,122.6019,335.3,4.3,1.9,2014-10-27,0120,Terra,MODIS,84,6.2,302.7,212.1,D,0
-24.8879,122.61,333.2,4.3,1.9,2014-10-27,0120,Terra,MODIS,82,6.2,302.9,186.4,D,0
-24.8786,122.5684,319.8,4.3,1.9,2014-10-27,0120,Terra,MODIS,57,6.2,301.5,62.4,D,0
-25.1351,122.3822,324.3,4.3,1.9,2014-10-27,0120,Terra,MODIS,69,6.2,304.3,86,D,0
-25.2138,121.6832,330.7,4.8,2,2014-10-27,0120,Terra,MODIS,79,6.2,306.4,158.1,D,0
-25.2102,121.6759,328.2,4.8,2,2014-10-27,0120,Terra,MODIS,42,6.2,306.4,117.5,D,0
-25.0705,122.5834,335.3,4.2,1.9,2014-10-27,0120,Terra,MODIS,83,6.2,303.2,209.8,D,0
-25.0635,122.3175,372.4,4.4,1.9,2014-10-27,0120,Terra,MODIS,100,6.2,306.6,960.9,D,0
-26.8873,127.1185,321.6,1.9,1.3,2014-10-27,0120,Terra,MODIS,54,6.2,304.6,18.5,D,0
-28.3723,125.7183,356.9,2.2,1.4,2014-10-27,0120,Terra,MODIS,98,6.2,308.2,204,D,0
-28.3679,125.6965,382,2.2,1.4,2014-10-27,0120,Terra,MODIS,100,6.2,309.3,464.4,D,0
-28.3744,125.7247,337.2,2.2,1.4,2014-10-27,0120,Terra,MODIS,85,6.2,307.1,81.6,D,0
-28.3701,125.7029,389.1,2.2,1.4,2014-10-27,0120,Terra,MODIS,100,6.2,310.4,563.9,D,0
-28.3658,125.6809,339.2,2.2,1.4,2014-10-27,0120,Terra,MODIS,87,6.2,304,94.6,D,0
-28.251,125.7103,321.8,2.2,1.4,2014-10-27,0120,Terra,MODIS,45,6.2,305.3,20.5,D,0
-28.253,125.7158,324.4,2.2,1.4,2014-10-27,0120,Terra,MODIS,68,6.2,305.6,31.4,D,0
-25.487,121.9826,328.5,4.5,2,2014-10-27,0120,Terra,MODIS,73,6.2,302.7,147.9,D,0
-27.5542,129.0218,341.9,1.4,1.2,2014-10-27,0120,Terra,MODIS,87,6.2,310,48.3,D,0
-27.5566,129.0356,334.4,1.4,1.2,2014-10-27,0120,Terra,MODIS,79,6.2,310.6,28.2,D,0
-27.567,129.0333,331.5,1.4,1.2,2014-10-27,0120,Terra,MODIS,75,6.2,309.5,22.6,D,0
-27.5695,129.0471,329.2,1.4,1.2,2014-10-27,0120,Terra,MODIS,67,6.2,310.5,16.7,D,0
-27.7949,128.9348,324.1,1.4,1.2,2014-10-27,0120,Terra,MODIS,57,6.2,308,11.8,D,0
-28.0389,130.2204,332.3,1.2,1.1,2014-10-27,0120,Terra,MODIS,74,6.2,311.5,18.7,D,0
-28.0456,130.0209,344.4,1.2,1.1,2014-10-27,0120,Terra,MODIS,89,6.2,312.5,43.8,D,0
-28.0459,130.0144,343.2,1.2,1.1,2014-10-27,0120,Terra,MODIS,88,6.2,310.8,41.2,D,0
-28.048,130.0264,333,1.2,1.1,2014-10-27,0120,Terra,MODIS,70,6.2,313,20.5,D,0
-28.0557,130.0123,335.2,1.2,1.1,2014-10-27,0120,Terra,MODIS,78,6.2,309.4,24.7,D,0
-28.0577,130.0244,328.4,1.2,1.1,2014-10-27,0120,Terra,MODIS,40,6.2,309.6,13,D,0
-27.214,126.9806,369.9,1.9,1.3,2014-10-27,0120,Terra,MODIS,100,6.2,304.1,264.4,D,0
-27.2175,126.9995,392.4,1.9,1.3,2014-10-27,0120,Terra,MODIS,100,6.2,310.1,502.3,D,0
-27.2211,127.0182,342.3,1.9,1.3,2014-10-27,0120,Terra,MODIS,89,6.2,306,88.1,D,0
-27.2295,126.9965,349.2,1.9,1.3,2014-10-27,0120,Terra,MODIS,93,6.2,304.4,124,D,0
-27.2178,126.9739,341.9,1.9,1.3,2014-10-27,0120,Terra,MODIS,88,6.2,301.6,89.2,D,0
-27.2215,126.9927,396.6,1.9,1.3,2014-10-27,0120,Terra,MODIS,100,6.2,310.3,559.5,D,0
-27.2252,127.0115,370.5,1.9,1.3,2014-10-27,0120,Terra,MODIS,100,6.2,309.3,265.3,D,0
-27.2289,127.0302,337.8,1.9,1.3,2014-10-27,0120,Terra,MODIS,85,6.2,305.8,69.4,D,0
-25.292,121.7027,321.6,4.8,2,2014-10-27,0120,Terra,MODIS,59,6.2,304.8,73.2,D,0
-25.2812,121.6562,327.7,4.8,2,2014-10-27,0120,Terra,MODIS,75,6.2,304.3,137,D,0
-25.2848,121.6633,331.1,4.8,2,2014-10-27,0120,Terra,MODIS,79,6.2,304.2,169,D,0
-27.9261,125.8031,321.1,2.2,1.4,2014-10-27,0120,Terra,MODIS,59,6.2,304.7,20.3,D,0
-26.8833,127.1254,325.1,1.9,1.3,2014-10-27,0120,Terra,MODIS,67,6.2,304.6,26.4,D,0
-27.9284,125.8196,328.9,2.2,1.4,2014-10-27,0120,Terra,MODIS,76,6.2,305.7,47.6,D,0
-27.2427,127.2627,392.1,1.8,1.3,2014-10-27,0120,Terra,MODIS,100,6.2,309.3,467.6,D,0
-27.2461,127.2805,339.8,1.8,1.3,2014-10-27,0120,Terra,MODIS,86,6.2,306,73.6,D,0
-27.9303,125.8249,325.6,2.2,1.4,2014-10-27,0120,Terra,MODIS,70,6.2,305.5,34.6,D,0
-29.3588,128.3598,338.7,1.4,1.2,2014-10-27,0121,Terra,MODIS,84,6.2,310.8,42.2,D,0
-29.3535,128.3908,326.3,1.4,1.2,2014-10-27,0121,Terra,MODIS,35,6.2,308.3,14.5,D,0
-29.3693,128.3574,335.7,1.4,1.2,2014-10-27,0121,Terra,MODIS,76,6.2,308.6,33.6,D,0
-31.8214,138.739,328.4,1.9,1.4,2014-10-27,0121,Terra,MODIS,75,6.2,303.4,51.5,D,0
-20.3906,121.4343,372.7,4.7,2,2014-10-27,0256,Terra,MODIS,100,6.2,303.9,1040.5,D,0
-20.3921,121.4395,375.5,4.7,2,2014-10-27,0256,Terra,MODIS,100,6.2,303,1132.3,D,0
-20.3524,121.3982,338.3,4.7,2,2014-10-27,0256,Terra,MODIS,61,6.2,312.1,190.9,D,0
-21.8426,121.0306,370,4.6,2,2014-10-27,0257,Terra,MODIS,100,6.2,307.7,906.1,D,0
-21.1676,121.0871,329.4,4.5,2,2014-10-27,0257,Terra,MODIS,47,6.2,303.6,118.2,D,0
-21.8251,121.0375,358.5,4.6,2,2014-10-27,0257,Terra,MODIS,99,6.2,306.2,623.4,D,0
-21.8248,121.0324,360.5,4.6,2,2014-10-27,0257,Terra,MODIS,100,6.2,306.3,667.2,D,0
-21.8419,121.0236,366,4.6,2,2014-10-27,0257,Terra,MODIS,100,6.2,307.8,785.9,D,0
-21.8451,121.068,335,4.6,2,2014-10-27,0257,Terra,MODIS,76,6.2,307.5,177.9,D,0
-20.9418,120.1107,331.1,3.8,1.8,2014-10-27,0257,Terra,MODIS,62,6.2,308.9,75.4,D,0
-20.9125,120.0463,328.3,3.8,1.8,2014-10-27,0257,Terra,MODIS,58,6.2,309,62.8,D,0
-20.9025,120.0405,327.4,3.8,1.8,2014-10-27,0257,Terra,MODIS,49,6.2,308.5,56.7,D,0
-20.9625,120.9939,326.8,4.4,1.9,2014-10-27,0257,Terra,MODIS,47,6.2,303.9,86.4,D,0
-20.9661,121.0365,326,4.5,1.9,2014-10-27,0257,Terra,MODIS,36,6.2,305.6,70.1,D,0
-20.9837,121.0349,327.5,4.5,1.9,2014-10-27,0257,Terra,MODIS,54,6.2,305.4,91.7,D,0
-20.9664,121.0297,328.3,4.5,1.9,2014-10-27,0257,Terra,MODIS,58,6.2,305.2,97.9,D,0
-20.984,121.0281,327.6,4.5,1.9,2014-10-27,0257,Terra,MODIS,52,6.2,304.9,91.4,D,0
-21.0333,120.9806,325.8,4.4,1.9,2014-10-27,0257,Terra,MODIS,33,6.2,300.8,82,D,0
-21.0368,121.0232,333.2,4.5,1.9,2014-10-27,0257,Terra,MODIS,73,6.2,303.1,161.2,D,0
-21.0374,121.018,332.3,4.5,1.9,2014-10-27,0257,Terra,MODIS,71,6.2,303,154.3,D,0
-22.1134,121.0729,327.6,4.6,2,2014-10-27,0257,Terra,MODIS,28,6.2,308.3,64,D,0
-22.1774,121.205,327.3,4.7,2,2014-10-27,0257,Terra,MODIS,48,6.2,310.3,77.2,D,0
-21.863,121.0664,328.2,4.6,2,2014-10-27,0257,Terra,MODIS,30,6.2,308,95.9,D,0
-21.9484,121.0131,330.2,4.6,2,2014-10-27,0257,Terra,MODIS,66,6.2,307.9,111.3,D,0
-22.1143,121.0784,328.4,4.6,2,2014-10-27,0257,Terra,MODIS,32,6.2,308.2,71.7,D,0
-21.948,121.0081,328.7,4.6,2,2014-10-27,0257,Terra,MODIS,59,6.2,307.7,98,D,0
-22.1246,120.9812,333.8,4.6,2,2014-10-27,0257,Terra,MODIS,22,6.2,308.4,145.6,D,0
-22.1069,120.9827,337,4.6,2,2014-10-27,0257,Terra,MODIS,61,6.2,308.2,190.5,D,0
-22.0262,121.0925,332.2,4.6,2,2014-10-27,0257,Terra,MODIS,70,6.2,309.7,128,D,0
-22.1071,120.9883,337.5,4.6,2,2014-10-27,0257,Terra,MODIS,68,6.2,308.3,197.3,D,0
-22.1249,120.9868,332.2,4.6,2,2014-10-27,0257,Terra,MODIS,19,6.2,308.5,127.1,D,0
-22.0249,121.086,331.6,4.6,2,2014-10-27,0257,Terra,MODIS,68,6.2,309.5,120,D,0
-20.6503,117.0956,329.9,2.3,1.5,2014-10-27,0257,Terra,MODIS,0,6.2,312.6,32.9,D,0
-21.7218,116.4494,382.5,2.1,1.4,2014-10-27,0257,Terra,MODIS,100,6.2,322.2,410.8,D,0
-21.724,116.4695,350.8,2.1,1.4,2014-10-27,0257,Terra,MODIS,93,6.2,317,119.1,D,0
-21.7323,116.4276,336,2.1,1.4,2014-10-27,0257,Terra,MODIS,55,6.2,315.7,36.3,D,0
-21.7345,116.4476,372.9,2.1,1.4,2014-10-27,0257,Terra,MODIS,100,6.2,316.4,302.9,D,0
-21.722,116.4436,365.4,2.1,1.4,2014-10-27,0257,Terra,MODIS,100,6.2,321.5,226.6,D,0
-21.7241,116.4637,365.7,2.1,1.4,2014-10-27,0257,Terra,MODIS,100,6.2,318.6,233.7,D,0
-21.7347,116.4419,365.8,2.1,1.4,2014-10-27,0257,Terra,MODIS,100,6.2,316.5,234.5,D,0
-21.7432,116.4003,360.7,2.1,1.4,2014-10-27,0257,Terra,MODIS,100,6.2,316.6,189.9,D,0
-21.7453,116.4203,366.2,2.1,1.4,2014-10-27,0257,Terra,MODIS,100,6.2,317.1,238.4,D,0
-20.5956,118.3294,338,2.8,1.6,2014-10-27,0257,Terra,MODIS,81,6.2,312.6,91.9,D,0
-20.5983,118.3563,336.8,2.8,1.6,2014-10-27,0257,Terra,MODIS,68,6.2,314.1,74.9,D,0
-20.6101,118.3279,332.2,2.8,1.6,2014-10-27,0257,Terra,MODIS,62,6.2,312.1,53.7,D,0
-20.6127,118.3547,347.1,2.8,1.6,2014-10-27,0257,Terra,MODIS,91,6.2,315.9,152.9,D,0
-20.6154,118.3817,340.4,2.8,1.6,2014-10-27,0257,Terra,MODIS,74,6.2,318.5,89.3,D,0
-20.6299,118.3801,352.7,2.8,1.6,2014-10-27,0257,Terra,MODIS,95,6.2,317.5,197.9,D,0
-20.6326,118.4072,341.5,2.8,1.6,2014-10-27,0257,Terra,MODIS,84,6.2,318.5,94.9,D,0
-20.6318,118.3746,349.7,2.8,1.6,2014-10-27,0257,Terra,MODIS,93,6.2,316.1,177.4,D,0
-20.6343,118.4017,346.5,2.8,1.6,2014-10-27,0257,Terra,MODIS,90,6.2,318.5,144.5,D,0
-21.7525,117.856,345.5,2.7,1.6,2014-10-27,0257,Terra,MODIS,88,6.2,314.5,132,D,0
-21.7562,117.8489,336.8,2.7,1.6,2014-10-27,0257,Terra,MODIS,51,6.2,314.4,66.1,D,0
-21.7586,117.8747,338.1,2.7,1.6,2014-10-27,0257,Terra,MODIS,64,6.2,315.3,73.6,D,0
-21.7551,117.8819,335.7,2.7,1.6,2014-10-27,0257,Terra,MODIS,75,6.2,315.8,58.9,D,0
-21.8062,117.9223,333.3,2.7,1.6,2014-10-27,0257,Terra,MODIS,69,6.2,316.5,49.5,D,0
-21.6328,117.8493,332.8,2.7,1.6,2014-10-27,0257,Terra,MODIS,66,6.2,315.8,46.5,D,0
-21.7332,117.8062,379.2,2.6,1.6,2014-10-27,0257,Terra,MODIS,100,6.2,315.6,535.1,D,0
-21.7358,117.8318,357.4,2.7,1.6,2014-10-27,0257,Terra,MODIS,98,6.2,315.4,240.8,D,0
-21.7383,117.8574,333.7,2.7,1.6,2014-10-27,0257,Terra,MODIS,52,6.2,315.6,47.8,D,0
-33.5888,115.7983,318.8,2.7,1.6,2014-10-27,0300,Terra,MODIS,76,6.2,287.7,58.4,D,0
-33.5922,115.7925,318.9,2.7,1.6,2014-10-27,0300,Terra,MODIS,77,6.2,286,61,D,0
-37.8139,144.7612,309.3,1.6,1.2,2014-10-27,0358,Aqua,MODIS,25,6.2,289,9.4,D,0
-38.0155,145.2649,303.3,1.5,1.2,2014-10-27,0358,Aqua,MODIS,29,6.2,289.2,7.6,D,0
-38.1044,145.1593,302.8,1.5,1.2,2014-10-27,0358,Aqua,MODIS,41,6.2,288.9,6.7,D,0
-34.1096,140.2703,320.6,2.8,1.6,2014-10-27,0359,Aqua,MODIS,48,6.2,295.2,49,D,0
-33.3235,141.1845,322,2.4,1.5,2014-10-27,0400,Aqua,MODIS,66,6.2,306.8,33.3,D,0
-31.0555,152.0851,348.9,1.2,1.1,2014-10-27,0400,Aqua,MODIS,92,6.2,301.3,65.8,D,0
-31.9149,151.7298,336.1,1.2,1.1,2014-10-27,0400,Aqua,MODIS,0,6.2,300.2,36.7,D,0
-31.9169,151.7174,334.6,1.1,1.1,2014-10-27,0400,Aqua,MODIS,63,6.2,303.7,33.7,D,0
-29.6027,152.2923,328.3,1.3,1.1,2014-10-27,0400,Aqua,MODIS,57,6.2,307.9,25.3,D,0
-29.6392,152.3046,369.1,1.3,1.1,2014-10-27,0400,Aqua,MODIS,94,6.2,298.5,152.9,D,0
-29.6365,152.3199,357,1.3,1.1,2014-10-27,0400,Aqua,MODIS,98,6.2,302.7,99.9,D,0
-26.1124,150.5272,331.4,1.2,1.1,2014-10-27,0401,Aqua,MODIS,44,6.2,312.8,13.3,D,0
-25.5419,150.8692,350.2,1.3,1.1,2014-10-27,0401,Aqua,MODIS,93,6.2,314.4,60.1,D,0
-25.544,150.8566,353.1,1.3,1.1,2014-10-27,0401,Aqua,MODIS,95,6.2,314.9,68.9,D,0
-25.5541,150.8586,361.8,1.3,1.1,2014-10-27,0401,Aqua,MODIS,100,6.2,315.2,101.9,D,0
-25.3916,152.3244,332.6,1.6,1.2,2014-10-27,0401,Aqua,MODIS,72,6.2,307.1,33.5,D,0
-25.552,150.8713,397.2,1.3,1.1,2014-10-27,0401,Aqua,MODIS,100,6.2,316.2,312.8,D,0
-25.9042,149.0799,356.3,1.1,1,2014-10-27,0401,Aqua,MODIS,97,6.2,318.9,60.8,D,0
-26.1222,150.5293,335.2,1.2,1.1,2014-10-27,0401,Aqua,MODIS,71,6.2,313.6,21.8,D,0
-23.9218,151.2833,335.5,1.4,1.2,2014-10-27,0402,Aqua,MODIS,73,6.2,301.1,44.1,D,0
-23.9243,151.269,345.6,1.4,1.2,2014-10-27,0402,Aqua,MODIS,89,6.2,303.2,74,D,0
-22.7537,146.5078,383.7,1,1,2014-10-27,0402,Aqua,MODIS,100,6.2,324.9,145.4,D,0
-25.1729,147.8928,358.1,1,1,2014-10-27,0402,Aqua,MODIS,98,6.2,318.1,60.1,D,0
-25.1744,147.8828,346.4,1,1,2014-10-27,0402,Aqua,MODIS,90,6.2,316.7,33.3,D,0
-25.1834,147.8845,337.6,1,1,2014-10-27,0402,Aqua,MODIS,81,6.2,314.6,17.5,D,0
-25.1819,147.8944,363.7,1,1,2014-10-27,0402,Aqua,MODIS,100,6.2,317,75.8,D,0
-25.0066,148.1485,341,1,1,2014-10-27,0402,Aqua,MODIS,85,6.2,310.8,33.4,D,0
-22.0008,149.2683,337.7,1.2,1.1,2014-10-27,0402,Aqua,MODIS,77,6.2,305.2,36.9,D,0
-22.0202,149.2721,349.9,1.2,1.1,2014-10-27,0402,Aqua,MODIS,92,6.2,305,62.5,D,0
-22.0221,149.2606,337.9,1.2,1.1,2014-10-27,0402,Aqua,MODIS,74,6.2,303.1,34.4,D,0
-22.0106,149.2699,354.3,1.2,1.1,2014-10-27,0402,Aqua,MODIS,96,6.2,306.3,76.6,D,0
-21.999,149.2796,351.2,1.2,1.1,2014-10-27,0402,Aqua,MODIS,93,6.2,305.6,69.9,D,0
-22.0124,149.2588,330.1,1.2,1.1,2014-10-27,0402,Aqua,MODIS,37,6.2,304.7,20.8,D,0
-21.9971,149.2913,341.8,1.2,1.1,2014-10-27,0402,Aqua,MODIS,83,6.2,304.2,47.2,D,0
-24.7626,148.2369,338.9,1,1,2014-10-27,0402,Aqua,MODIS,82,6.2,310.2,26,D,0
-24.761,148.247,342.1,1,1,2014-10-27,0402,Aqua,MODIS,72,6.2,309.2,31.6,D,0
-25.1805,147.9044,331.7,1,1,2014-10-27,0402,Aqua,MODIS,68,6.2,312.7,9.3,D,0
-22.9014,148.9558,340.6,1.1,1.1,2014-10-27,0402,Aqua,MODIS,83,6.2,317.1,23.5,D,0
-22.9031,148.9449,340.6,1.1,1.1,2014-10-27,0402,Aqua,MODIS,83,6.2,318,23,D,0
-25.0233,148.1583,336.2,1,1,2014-10-27,0402,Aqua,MODIS,41,6.2,309.6,24.7,D,0
-22.7523,146.5175,403.6,1,1,2014-10-27,0402,Aqua,MODIS,94,6.2,322.8,251.6,D,0
-24.3363,151.3717,334.6,1.4,1.2,2014-10-27,0402,Aqua,MODIS,76,6.2,306.5,35.6,D,0
-24.3387,151.3577,327.4,1.4,1.2,2014-10-27,0402,Aqua,MODIS,36,6.2,307,16.4,D,0
-24.9885,148.1449,346.3,1,1,2014-10-27,0402,Aqua,MODIS,90,6.2,311.5,42.8,D,0
-22.7495,146.537,370.1,1,1,2014-10-27,0402,Aqua,MODIS,94,6.2,312.8,95.9,D,0
-22.7509,146.5273,375.3,1,1,2014-10-27,0402,Aqua,MODIS,94,6.2,311.1,112.7,D,0
-25.0866,151.4343,337.1,1.4,1.2,2014-10-27,0402,Aqua,MODIS,76,6.2,311.3,35,D,0
-25.0947,151.4503,331,1.4,1.2,2014-10-27,0402,Aqua,MODIS,58,6.2,309.4,23.7,D,0
-24.4479,151.2565,330.6,1.4,1.2,2014-10-27,0402,Aqua,MODIS,70,6.2,308.3,20,D,0
-24.4503,151.2424,328.2,1.4,1.2,2014-10-27,0402,Aqua,MODIS,64,6.2,307.4,16,D,0
-24.978,148.153,336.5,1,1,2014-10-27,0402,Aqua,MODIS,79,6.2,303.9,28.4,D,0
-24.3944,151.0983,325.1,1.4,1.2,2014-10-27,0402,Aqua,MODIS,27,6.2,307.1,13.4,D,0
-24.6848,151.8212,326.6,1.5,1.2,2014-10-27,0402,Aqua,MODIS,44,6.2,308.3,15.9,D,0
-22.7641,146.4996,368.9,1,1,2014-10-27,0402,Aqua,MODIS,100,6.2,321.9,87.9,D,0
-22.7627,146.5094,358.8,1,1,2014-10-27,0402,Aqua,MODIS,99,6.2,312.5,59,D,0
-22.8392,146.7433,336.6,1,1,2014-10-27,0402,Aqua,MODIS,73,6.2,319.4,11.9,D,0
-24.4002,151.404,324.1,1.4,1.2,2014-10-27,0402,Aqua,MODIS,30,6.2,301.9,21.7,D,0
-24.3493,151.3598,335.5,1.4,1.2,2014-10-27,0402,Aqua,MODIS,79,6.2,307.4,33.8,D,0
-24.3517,151.3463,333.5,1.4,1.2,2014-10-27,0402,Aqua,MODIS,76,6.2,308.4,27.8,D,0
-25.3602,149.669,337.3,1.1,1.1,2014-10-27,0402,Aqua,MODIS,79,6.2,315.4,19.6,D,0
-24.799,148.1812,342.1,1,1,2014-10-27,0402,Aqua,MODIS,86,6.2,314.9,29.8,D,0
-22.7551,146.4981,332.8,1,1,2014-10-27,0402,Aqua,MODIS,57,6.2,316.9,8.3,D,0
-24.2742,151.0669,331.4,1.4,1.2,2014-10-27,0402,Aqua,MODIS,71,6.2,309.9,22.4,D,0
-25.2859,149.6135,340.1,1.1,1.1,2014-10-27,0402,Aqua,MODIS,83,6.2,317.4,25.4,D,0
-22.8406,146.7336,346.5,1,1,2014-10-27,0402,Aqua,MODIS,88,6.2,321.9,29.7,D,0
-23.9344,150.7327,328.9,1.3,1.1,2014-10-27,0402,Aqua,MODIS,44,6.2,307.9,15.7,D,0
-24.9976,148.1467,342.5,1,1,2014-10-27,0402,Aqua,MODIS,86,6.2,312.2,35.5,D,0
-18.5742,146.2733,333.6,1,1,2014-10-27,0403,Aqua,MODIS,72,6.2,309.3,18.7,D,0
-20.3174,147.1819,331,1,1,2014-10-27,0403,Aqua,MODIS,52,6.2,312,10.7,D,0
-20.3083,147.1803,333,1,1,2014-10-27,0403,Aqua,MODIS,21,6.2,312.9,12.5,D,0
-20.2992,147.1788,339.5,1,1,2014-10-27,0403,Aqua,MODIS,73,6.2,312.2,21.9,D,0
-20.3007,147.1689,338.3,1,1,2014-10-27,0403,Aqua,MODIS,65,6.2,312.8,20.4,D,0
-20.3752,147.2896,336,1,1,2014-10-27,0403,Aqua,MODIS,48,6.2,314.9,15,D,0
-20.3676,147.2782,335.5,1,1,2014-10-27,0403,Aqua,MODIS,65,6.2,318.8,14.1,D,0
-22.1619,146.0085,368.8,1,1,2014-10-27,0403,Aqua,MODIS,100,6.2,321.6,88.6,D,0
-22.1606,146.0183,337.5,1,1,2014-10-27,0403,Aqua,MODIS,71,6.2,318.4,14.9,D,0
-22.1529,146.0071,355.1,1,1,2014-10-27,0403,Aqua,MODIS,96,6.2,319.7,48.8,D,0
-22.1515,146.0168,336.8,1,1,2014-10-27,0403,Aqua,MODIS,69,6.2,318.1,13.4,D,0
-18.1919,145.3542,340.7,1,1,2014-10-27,0404,Aqua,MODIS,85,6.2,317.4,24.5,D,0
-15.2022,142.9955,339.6,1.1,1,2014-10-27,0404,Aqua,MODIS,81,6.2,314.5,22.6,D,0
-15.2196,143.0083,337.9,1.1,1,2014-10-27,0404,Aqua,MODIS,77,6.2,314.9,19.5,D,0
-15.4061,142.3788,340.1,1.2,1.1,2014-10-27,0404,Aqua,MODIS,73,6.2,314.1,25.2,D,0
-17.8492,144.5927,341.1,1,1,2014-10-27,0404,Aqua,MODIS,71,6.2,324.8,19.2,D,0
-15.281,142.5517,339.5,1.1,1.1,2014-10-27,0404,Aqua,MODIS,55,6.2,316.1,24.1,D,0
-15.3882,142.3652,350.9,1.2,1.1,2014-10-27,0404,Aqua,MODIS,93,6.2,316.7,49.3,D,0
-15.2895,142.4876,334.2,1.2,1.1,2014-10-27,0404,Aqua,MODIS,61,6.2,314.1,16.2,D,0
-15.229,143.0097,332.3,1.1,1,2014-10-27,0404,Aqua,MODIS,52,6.2,315.4,10.1,D,0
-15.3983,142.2885,338.1,1.2,1.1,2014-10-27,0404,Aqua,MODIS,78,6.2,310.1,29.8,D,0
-14.9507,145.0643,326,1,1,2014-10-27,0404,Aqua,MODIS,59,6.2,304.3,15.2,D,0
-18.1932,145.3448,374.8,1,1,2014-10-27,0404,Aqua,MODIS,100,6.2,321.2,112.5,D,0
-15.27,142.5609,337.4,1.1,1.1,2014-10-27,0404,Aqua,MODIS,53,6.2,314.9,20.3,D,0
-15.2102,143.007,342.8,1.1,1,2014-10-27,0404,Aqua,MODIS,85,6.2,314.9,29.3,D,0
-18.2215,145.3396,386.1,1,1,2014-10-27,0404,Aqua,MODIS,100,6.2,320.3,162.2,D,0
-15.3031,142.5331,332.5,1.1,1.1,2014-10-27,0404,Aqua,MODIS,30,6.2,313.2,12.2,D,0
-18.2049,145.3274,345.4,1,1,2014-10-27,0404,Aqua,MODIS,89,6.2,317.5,34.1,D,0
-15.292,142.5424,349.6,1.1,1.1,2014-10-27,0404,Aqua,MODIS,92,6.2,316.3,48.2,D,0
-15.317,142.5024,350.9,1.2,1.1,2014-10-27,0404,Aqua,MODIS,93,6.2,317.1,49.6,D,0
-14.948,145.0828,330.2,1,1,2014-10-27,0404,Aqua,MODIS,70,6.2,304.7,18.3,D,0
-17.8582,144.5941,347.1,1,1,2014-10-27,0404,Aqua,MODIS,67,6.2,322.2,29,D,0
-16.5474,142.5299,338.9,1.2,1.1,2014-10-27,0404,Aqua,MODIS,54,6.2,319.6,17.3,D,0
-15.3231,145.2292,335.4,1,1,2014-10-27,0404,Aqua,MODIS,79,6.2,307.8,25.1,D,0
-18.2228,145.3302,393.9,1,1,2014-10-27,0404,Aqua,MODIS,100,6.2,323.2,200.8,D,0
-15.2494,142.5688,336.2,1.1,1.1,2014-10-27,0404,Aqua,MODIS,66,6.2,315.3,19.4,D,0
-15.3155,142.5131,355.7,1.2,1.1,2014-10-27,0404,Aqua,MODIS,97,6.2,316.1,63,D,0
-17.87,144.5762,347.1,1,1,2014-10-27,0404,Aqua,MODIS,82,6.2,322.1,29,D,0
-15.4076,142.3679,346,1.2,1.1,2014-10-27,0404,Aqua,MODIS,88,6.2,312.9,39.5,D,0
-15.3281,142.4931,335.4,1.2,1.1,2014-10-27,0404,Aqua,MODIS,25,6.2,312.9,15.8,D,0
-15.3244,145.2199,337,1,1,2014-10-27,0404,Aqua,MODIS,81,6.2,310.3,27.8,D,0
-15.2116,142.9968,339.6,1.1,1,2014-10-27,0404,Aqua,MODIS,80,6.2,316.4,22.3,D,0
-17.8596,144.5844,377.1,1,1,2014-10-27,0404,Aqua,MODIS,100,6.2,325.7,116.3,D,0
-15.409,142.357,377,1.2,1.1,2014-10-27,0404,Aqua,MODIS,100,6.2,315.9,152.3,D,0
-17.8246,144.5693,340.3,1,1,2014-10-27,0404,Aqua,MODIS,78,6.2,326,15.7,D,0
-15.4095,142.2789,342.2,1.2,1.1,2014-10-27,0404,Aqua,MODIS,84,6.2,310.5,38.9,D,0
-15.4032,142.4005,341.9,1.2,1.1,2014-10-27,0404,Aqua,MODIS,73,6.2,319.1,27.6,D,0
-15.4134,142.3242,341.3,1.2,1.1,2014-10-27,0404,Aqua,MODIS,83,6.2,315.3,32.9,D,0
-17.8518,144.5735,352.4,1,1,2014-10-27,0404,Aqua,MODIS,95,6.2,324.7,39.3,D,0
-15.4047,142.3897,343,1.2,1.1,2014-10-27,0404,Aqua,MODIS,78,6.2,316.7,30.2,D,0
-15.3141,142.5238,350.7,1.2,1.1,2014-10-27,0404,Aqua,MODIS,93,6.2,315.5,50,D,0
-15.2334,144.9568,334.4,1,1,2014-10-27,0404,Aqua,MODIS,73,6.2,311.7,18.3,D,0
-17.8791,144.5776,341.5,1,1,2014-10-27,0404,Aqua,MODIS,85,6.2,320.5,22,D,0
-18.1842,145.3434,350,1,1,2014-10-27,0404,Aqua,MODIS,93,6.2,317.5,42.5,D,0
-15.3353,142.4679,337.6,1.2,1.1,2014-10-27,0404,Aqua,MODIS,42,6.2,316.6,20,D,0
-15.4119,142.3352,331,1.2,1.1,2014-10-27,0404,Aqua,MODIS,44,6.2,312.3,14.3,D,0
-18.2138,145.3288,356.4,1,1,2014-10-27,0404,Aqua,MODIS,97,6.2,318.1,58.2,D,0
-17.8505,144.5831,342.8,1,1,2014-10-27,0404,Aqua,MODIS,79,6.2,326,21,D,0
-17.8609,144.5749,363.2,1,1,2014-10-27,0404,Aqua,MODIS,100,6.2,323.7,67.7,D,0
-18.2125,145.3382,339,1,1,2014-10-27,0404,Aqua,MODIS,83,6.2,315.9,22.6,D,0
-18.1945,145.3354,367.5,1,1,2014-10-27,0404,Aqua,MODIS,100,6.2,319.4,89.1,D,0
-15.3993,142.3556,397,1.2,1.1,2014-10-27,0404,Aqua,MODIS,100,6.2,316.9,271.8,D,0
-15.3979,142.3665,355.2,1.2,1.1,2014-10-27,0404,Aqua,MODIS,96,6.2,313.9,64.5,D,0
-18.2035,145.3368,337.1,1,1,2014-10-27,0404,Aqua,MODIS,42,6.2,317,18.5,D,0
-18.1959,145.326,331.7,1,1,2014-10-27,0404,Aqua,MODIS,72,6.2,312.1,13.2,D,0
-18.1829,145.3528,332.4,1,1,2014-10-27,0404,Aqua,MODIS,73,6.2,317.6,12.2,D,0
-15.4007,142.3447,368.8,1.2,1.1,2014-10-27,0404,Aqua,MODIS,100,6.2,311.3,117.9,D,0
-16.5015,142.5629,337.5,1.2,1.1,2014-10-27,0404,Aqua,MODIS,51,6.2,321.3,12.7,D,0
-15.0416,145.0756,334.1,1,1,2014-10-27,0404,Aqua,MODIS,76,6.2,305,23.8,D,0
-14.9904,145.0487,382,1,1,2014-10-27,0404,Aqua,MODIS,100,6.2,311.5,151.6,D,0
-17.104,139.0203,335,2.1,1.4,2014-10-27,0404,Aqua,MODIS,77,6.2,307.8,47.9,D,0
-17.0913,139.0187,327,2.1,1.4,2014-10-27,0404,Aqua,MODIS,48,6.2,307.3,17.5,D,0
-16.8911,142.7043,341.5,1.2,1.1,2014-10-27,0404,Aqua,MODIS,30,6.2,323,21,D,0
-15.1895,145.0068,330.6,1,1,2014-10-27,0404,Aqua,MODIS,70,6.2,313.5,10,D,0
-15.1998,144.9989,336,1,1,2014-10-27,0404,Aqua,MODIS,71,6.2,311.1,18.2,D,0
-15.1985,145.0082,343.9,1,1,2014-10-27,0404,Aqua,MODIS,88,6.2,312.4,31.3,D,0
-14.9917,145.0395,377.6,1,1,2014-10-27,0404,Aqua,MODIS,100,6.2,308.4,134.4,D,0
-14.9891,145.0579,327.4,1,1,2014-10-27,0404,Aqua,MODIS,61,6.2,305.1,15.6,D,0
-14.9981,145.0593,329.8,1,1,2014-10-27,0404,Aqua,MODIS,70,6.2,303.5,19.7,D,0
-16.0354,136.9689,329,2.9,1.6,2014-10-27,0404,Aqua,MODIS,58,6.2,308.2,53.4,D,0
-15.4102,141.7268,330.2,1.3,1.1,2014-10-27,0404,Aqua,MODIS,43,6.2,315.5,14.1,D,0
-14.9636,145.0379,324.6,1,1,2014-10-27,0404,Aqua,MODIS,52,6.2,304.2,13.9,D,0
-15.1502,145.1522,348.9,1,1,2014-10-27,0404,Aqua,MODIS,92,6.2,306.8,49.1,D,0
-15.1592,145.1536,357.4,1,1,2014-10-27,0404,Aqua,MODIS,98,6.2,308.5,66.9,D,0
-15.1578,145.1628,342.5,1,1,2014-10-27,0404,Aqua,MODIS,83,6.2,307.8,35.2,D,0
-15.1668,145.1642,354.4,1,1,2014-10-27,0404,Aqua,MODIS,96,6.2,308.1,58.4,D,0
-15.1655,145.1735,345.5,1,1,2014-10-27,0404,Aqua,MODIS,90,6.2,305.3,41,D,0
-14.961,145.0564,325.5,1,1,2014-10-27,0404,Aqua,MODIS,40,6.2,304,13.6,D,0
-14.9726,145.0393,344.1,1,1,2014-10-27,0404,Aqua,MODIS,89,6.2,306.6,40.2,D,0
-15.9645,145.3055,323.8,1,1,2014-10-27,0404,Aqua,MODIS,46,6.2,305.9,9.9,D,0
-15.9891,145.2618,325.7,1,1,2014-10-27,0404,Aqua,MODIS,58,6.2,305.4,15.1,D,0
-14.9828,145.0381,326.7,1,1,2014-10-27,0404,Aqua,MODIS,21,6.2,302.8,13.2,D,0
-14.974,145.03,333.6,1,1,2014-10-27,0404,Aqua,MODIS,77,6.2,302.9,23.1,D,0
-14.965,145.0286,324.2,1,1,2014-10-27,0404,Aqua,MODIS,49,6.2,304.3,13.3,D,0
-16.682,142.751,338.8,1.2,1.1,2014-10-27,0404,Aqua,MODIS,27,6.2,323.1,16.7,D,0
-16.6594,142.7533,340.3,1.2,1.1,2014-10-27,0404,Aqua,MODIS,49,6.2,322.1,18.2,D,0
-15.0912,145.1741,333.7,1,1,2014-10-27,0404,Aqua,MODIS,77,6.2,309.3,21.8,D,0
-15.2101,144.991,345.3,1,1,2014-10-27,0404,Aqua,MODIS,89,6.2,311.2,36.4,D,0
-16.8897,142.7153,344.3,1.2,1.1,2014-10-27,0404,Aqua,MODIS,57,6.2,321.6,28.5,D,0
-15.1182,145.1783,341.6,1,1,2014-10-27,0404,Aqua,MODIS,86,6.2,306,36.3,D,0
-15.1002,145.1756,331.2,1,1,2014-10-27,0404,Aqua,MODIS,72,6.2,306.4,19.5,D,0
-16.8925,142.6933,342.7,1.2,1.1,2014-10-27,0404,Aqua,MODIS,66,6.2,320.8,22.2,D,0
-15.1119,145.1584,346.7,1,1,2014-10-27,0404,Aqua,MODIS,91,6.2,308.9,45.8,D,0
-15.1195,145.1691,338.3,1,1,2014-10-27,0404,Aqua,MODIS,83,6.2,307.4,30.4,D,0
-15.1092,145.177,332.7,1,1,2014-10-27,0404,Aqua,MODIS,76,6.2,308.6,22.5,D,0
-16.5001,139.612,324.7,1.8,1.3,2014-10-27,0404,Aqua,MODIS,27,6.2,306.7,17.2,D,0
-15.1105,145.1677,368.2,1,1,2014-10-27,0404,Aqua,MODIS,100,6.2,311.6,100.7,D,0
-16.7816,142.6943,344.4,1.2,1.1,2014-10-27,0404,Aqua,MODIS,86,6.2,322,30.2,D,0
-15.0925,145.1649,331.8,1,1,2014-10-27,0404,Aqua,MODIS,74,6.2,306.3,19.4,D,0
-16.5022,139.5948,325.5,1.8,1.3,2014-10-27,0404,Aqua,MODIS,0,6.2,306.8,21.4,D,0
-15.2088,145.0003,346.1,1,1,2014-10-27,0404,Aqua,MODIS,90,6.2,311.5,37.3,D,0
-17.0867,142.6093,338.6,1.2,1.1,2014-10-27,0404,Aqua,MODIS,44,6.2,319.7,17.4,D,0
-16.9796,142.6564,336.7,1.2,1.1,2014-10-27,0404,Aqua,MODIS,55,6.2,321.1,11.5,D,0
-16.9893,142.6578,348.2,1.2,1.1,2014-10-27,0404,Aqua,MODIS,90,6.2,322.5,36.5,D,0
-13.7474,141.5989,326.5,1.2,1.1,2014-10-27,0405,Aqua,MODIS,55,6.2,305.4,15.5,D,0
-11.5136,142.5168,320.8,1.1,1,2014-10-27,0405,Aqua,MODIS,40,6.2,300.1,10.3,D,0
-14.7139,141.6835,338.7,1.3,1.1,2014-10-27,0405,Aqua,MODIS,82,6.2,309.9,30,D,0
-11.548,142.5415,323.1,1.1,1,2014-10-27,0405,Aqua,MODIS,59,6.2,303.9,11.7,D,0
-14.6263,141.8055,349.7,1.2,1.1,2014-10-27,0405,Aqua,MODIS,93,6.2,314.8,53.3,D,0
-14.3895,144.4921,324.9,1,1,2014-10-27,0405,Aqua,MODIS,37,6.2,306.2,9.4,D,0
-13.7664,141.9266,374.7,1.2,1.1,2014-10-27,0405,Aqua,MODIS,100,6.2,308.5,156.1,D,0
-13.7859,141.9294,336,1.2,1.1,2014-10-27,0405,Aqua,MODIS,82,6.2,304.5,31.1,D,0
-13.7359,141.6089,332.3,1.2,1.1,2014-10-27,0405,Aqua,MODIS,56,6.2,306,23.7,D,0
-16.0411,134.2592,326.9,4.6,2,2014-10-27,0405,Aqua,MODIS,32,6.2,308.7,77.9,D,0
-14.7224,141.6966,340.6,1.3,1.1,2014-10-27,0405,Aqua,MODIS,84,6.2,311.1,32.2,D,0
-14.153,141.9266,354.8,1.2,1.1,2014-10-27,0405,Aqua,MODIS,96,6.2,308.1,75.1,D,0
-13.7022,141.6335,332,1.2,1.1,2014-10-27,0405,Aqua,MODIS,75,6.2,303.2,27.1,D,0
-13.7201,141.6529,347.2,1.2,1.1,2014-10-27,0405,Aqua,MODIS,91,6.2,300.8,62.4,D,0
-13.2835,142.3981,336.1,1.1,1.1,2014-10-27,0405,Aqua,MODIS,42,6.2,312.5,25.4,D,0
-13.6999,141.5752,339.4,1.2,1.1,2014-10-27,0405,Aqua,MODIS,84,6.2,305.8,40.2,D,0
-13.6884,141.5853,325.6,1.2,1.1,2014-10-27,0405,Aqua,MODIS,48,6.2,300.5,16.2,D,0
-13.7014,141.5638,332.4,1.2,1.1,2014-10-27,0405,Aqua,MODIS,73,6.2,304.2,25.6,D,0
-13.6899,141.5739,342.8,1.2,1.1,2014-10-27,0405,Aqua,MODIS,88,6.2,305,49.3,D,0
-14.6859,141.6613,326.5,1.3,1.1,2014-10-27,0405,Aqua,MODIS,19,6.2,308.8,8.5,D,0
-16.0402,134.2626,326.7,4.6,2,2014-10-27,0405,Aqua,MODIS,39,6.2,308.4,76.7,D,0
-12.7236,134.3447,324.7,4.1,1.9,2014-10-27,0405,Aqua,MODIS,37,6.2,307.8,57.9,D,0
-14.7124,141.6952,347.2,1.3,1.1,2014-10-27,0405,Aqua,MODIS,90,6.2,310,50.1,D,0
-12.3829,136.5325,328.7,2.8,1.6,2014-10-27,0405,Aqua,MODIS,74,6.2,305.5,62.8,D,0
-12.3859,136.5072,324,2.8,1.6,2014-10-27,0405,Aqua,MODIS,57,6.2,304.9,37.4,D,0
-14.7142,144.4717,335.4,1,1,2014-10-27,0405,Aqua,MODIS,79,6.2,311.5,18,D,0
-14.7411,144.4758,331.4,1,1,2014-10-27,0405,Aqua,MODIS,55,6.2,312.8,11.3,D,0
-14.7389,144.3618,350.8,1,1,2014-10-27,0405,Aqua,MODIS,94,6.2,313.1,42.5,D,0
-14.6843,141.6729,328.6,1.3,1.1,2014-10-27,0405,Aqua,MODIS,24,6.2,310.3,10.8,D,0
-14.6797,141.7077,329.4,1.3,1.1,2014-10-27,0405,Aqua,MODIS,47,6.2,310.9,9.3,D,0
-15.2876,133.8713,332.5,4.8,2,2014-10-27,0405,Aqua,MODIS,85,6.2,308.5,150.4,D,0
-14.6179,141.7927,340.3,1.2,1.1,2014-10-27,0405,Aqua,MODIS,74,6.2,314.6,31.6,D,0
-12.9345,136.3443,334.9,2.9,1.6,2014-10-27,0405,Aqua,MODIS,80,6.2,304.4,112.3,D,0
-11.6332,142.4497,327.5,1.1,1,2014-10-27,0405,Aqua,MODIS,31,6.2,305.3,17.1,D,0
-14.1515,141.9377,427,1.2,1.1,2014-10-27,0405,Aqua,MODIS,100,6.2,316.8,573.9,D,0
-14.4266,141.7771,337.8,1.2,1.1,2014-10-27,0405,Aqua,MODIS,35,6.2,307.2,30.9,D,0
-13.743,142.0052,326.7,1.2,1.1,2014-10-27,0405,Aqua,MODIS,29,6.2,306.1,14.1,D,0
-14.6278,141.7941,355.7,1.2,1.1,2014-10-27,0405,Aqua,MODIS,97,6.2,316.4,71.3,D,0
-14.6072,144.6376,324,1,1,2014-10-27,0405,Aqua,MODIS,42,6.2,307.6,7,D,0
-14.6368,144.6233,328.5,1,1,2014-10-27,0405,Aqua,MODIS,61,6.2,307,12,D,0
-11.584,142.5323,328.3,1.1,1,2014-10-27,0405,Aqua,MODIS,76,6.2,307.2,19.9,D,0
-14.6484,144.6062,361.8,1,1,2014-10-27,0405,Aqua,MODIS,100,6.2,308.4,77.5,D,0
-13.6521,141.7067,333.8,1.2,1.1,2014-10-27,0405,Aqua,MODIS,78,6.2,301.3,30.9,D,0
-14.5638,144.5593,333.1,1,1,2014-10-27,0405,Aqua,MODIS,77,6.2,312,15.2,D,0
-13.7326,142.1091,337.2,1.2,1.1,2014-10-27,0405,Aqua,MODIS,84,6.2,310.7,24.9,D,0
-13.7284,142.1127,326.3,1.2,1.1,2014-10-27,0405,Aqua,MODIS,53,6.2,310,8.3,D,0
-14.1262,141.979,337.1,1.2,1.1,2014-10-27,0405,Aqua,MODIS,81,6.2,312.3,26.2,D,0
-11.6438,142.4412,327.3,1.1,1,2014-10-27,0405,Aqua,MODIS,41,6.2,303.6,17,D,0
-14.6471,144.6155,327.6,1,1,2014-10-27,0405,Aqua,MODIS,61,6.2,305.9,11.5,D,0
-13.139,136.2714,323.4,3,1.6,2014-10-27,0405,Aqua,MODIS,0,6.2,304.8,41,D,0
-14.7154,141.6719,335.5,1.3,1.1,2014-10-27,0405,Aqua,MODIS,77,6.2,310.5,23.6,D,0
-13.7298,142.102,332.2,1.2,1.1,2014-10-27,0405,Aqua,MODIS,78,6.2,309.3,17.2,D,0
-13.7231,142.0792,327.8,1.2,1.1,2014-10-27,0405,Aqua,MODIS,22,6.2,309,11.8,D,0
-13.6634,141.6969,333.3,1.2,1.1,2014-10-27,0405,Aqua,MODIS,77,6.2,299.4,30.2,D,0
-14.6162,144.639,330.6,1,1,2014-10-27,0405,Aqua,MODIS,73,6.2,308.3,14.2,D,0
-14.6175,144.6298,332.1,1,1,2014-10-27,0405,Aqua,MODIS,75,6.2,310.3,15.4,D,0
-14.6278,144.6219,358.5,1,1,2014-10-27,0405,Aqua,MODIS,99,6.2,312.1,65.8,D,0
-14.6265,144.6312,354.7,1,1,2014-10-27,0405,Aqua,MODIS,96,6.2,311.2,56.8,D,0
-14.6381,144.6141,333,1,1,2014-10-27,0405,Aqua,MODIS,77,6.2,306.8,18,D,0
-14.6497,144.597,327.7,1,1,2014-10-27,0405,Aqua,MODIS,58,6.2,306.3,12.4,D,0
-12.9522,136.3192,349.7,2.9,1.6,2014-10-27,0405,Aqua,MODIS,93,6.2,304,237.9,D,0
-12.4461,136.6482,335.5,2.7,1.6,2014-10-27,0405,Aqua,MODIS,82,6.2,305,99,D,0
-13.6536,141.6955,324.2,1.2,1.1,2014-10-27,0405,Aqua,MODIS,33,6.2,300.8,14.8,D,0
-13.6407,141.7165,336.5,1.2,1.1,2014-10-27,0405,Aqua,MODIS,81,6.2,302.7,33.8,D,0
-13.7007,141.6447,333.1,1.2,1.1,2014-10-27,0405,Aqua,MODIS,68,6.2,303.2,29.4,D,0
-13.7032,141.6275,331.8,1.2,1.1,2014-10-27,0405,Aqua,MODIS,62,6.2,303.1,24.1,D,0
-14.4582,144.2626,327.2,1,1,2014-10-27,0405,Aqua,MODIS,62,6.2,307.8,9,D,0
-14.1501,141.9487,366.4,1.2,1.1,2014-10-27,0405,Aqua,MODIS,100,6.2,310.6,113.5,D,0
-14.1276,141.968,368.3,1.2,1.1,2014-10-27,0405,Aqua,MODIS,100,6.2,311.8,121.3,D,0
-13.7215,141.6416,358.9,1.2,1.1,2014-10-27,0405,Aqua,MODIS,99,6.2,304,98.3,D,0
-13.7017,141.6389,334.7,1.2,1.1,2014-10-27,0405,Aqua,MODIS,70,6.2,303.7,30.7,D,0
-13.3475,142.3931,336,1.1,1.1,2014-10-27,0405,Aqua,MODIS,66,6.2,311.8,22.3,D,0
-14.1672,141.8947,326.2,1.2,1.1,2014-10-27,0405,Aqua,MODIS,47,6.2,305.6,15.9,D,0
-14.803,144.4245,340.1,1,1,2014-10-27,0405,Aqua,MODIS,84,6.2,311.2,22.5,D,0
-12.434,142.8941,326.9,1.1,1,2014-10-27,0405,Aqua,MODIS,61,6.2,300.8,17,D,0
-12.4254,142.9067,318.8,1.1,1,2014-10-27,0405,Aqua,MODIS,18,6.2,300.9,9.5,D,0
-12.6442,142.3784,373.4,1.1,1,2014-10-27,0405,Aqua,MODIS,100,6.2,305.8,135,D,0
-14.1613,141.939,373.1,1.2,1.1,2014-10-27,0405,Aqua,MODIS,100,6.2,318.5,140.9,D,0
-12.9491,136.3461,348.7,2.9,1.6,2014-10-27,0405,Aqua,MODIS,93,6.2,306.2,227.2,D,0
-14.1755,141.9072,341.7,1.2,1.1,2014-10-27,0405,Aqua,MODIS,76,6.2,310.3,41.4,D,0
-14.177,141.8961,329.5,1.2,1.1,2014-10-27,0405,Aqua,MODIS,61,6.2,307,20.6,D,0
-14.1598,141.9501,363.3,1.2,1.1,2014-10-27,0405,Aqua,MODIS,100,6.2,313.1,98.1,D,0
-14.1657,141.9058,338.7,1.2,1.1,2014-10-27,0405,Aqua,MODIS,72,6.2,307.7,35.3,D,0
-13.6907,141.6434,348.8,1.2,1.1,2014-10-27,0405,Aqua,MODIS,93,6.2,305.4,65.8,D,0
-14.488,135.3797,321.2,3.6,1.8,2014-10-27,0405,Aqua,MODIS,60,6.2,307.9,38.9,D,0
-15.2723,133.8661,325.1,4.8,2,2014-10-27,0405,Aqua,MODIS,78,6.2,307.6,84.7,D,0
-14.129,141.957,339.2,1.2,1.1,2014-10-27,0405,Aqua,MODIS,83,6.2,307.3,35.1,D,0
-12.4807,136.6315,329.5,2.7,1.6,2014-10-27,0405,Aqua,MODIS,74,6.2,305.2,74.4,D,0
-13.6892,141.6546,327.2,1.2,1.1,2014-10-27,0405,Aqua,MODIS,44,6.2,301.7,19,D,0
-11.5387,142.5402,339.9,1.1,1,2014-10-27,0405,Aqua,MODIS,89,6.2,304.9,35.6,D,0
-14.3715,144.4894,325.1,1,1,2014-10-27,0405,Aqua,MODIS,48,6.2,305.8,9.6,D,0
-14.3805,144.4908,331,1,1,2014-10-27,0405,Aqua,MODIS,68,6.2,306,16,D,0
-12.4775,136.6264,326.5,2.7,1.6,2014-10-27,0405,Aqua,MODIS,49,6.2,305.7,55.1,D,0
-14.527,141.6336,338.5,1.3,1.1,2014-10-27,0405,Aqua,MODIS,75,6.2,308.5,29.8,D,0
-11.6452,142.4314,326.8,1.1,1,2014-10-27,0405,Aqua,MODIS,68,6.2,301.1,16.3,D,0
-14.442,141.8139,351.7,1.2,1.1,2014-10-27,0405,Aqua,MODIS,94,6.2,314,61.2,D,0
-14.5385,141.6233,348.2,1.3,1.1,2014-10-27,0405,Aqua,MODIS,92,6.2,312.7,56.2,D,0
-15.2904,133.868,329,4.8,2,2014-10-27,0405,Aqua,MODIS,72,6.2,308.4,109.9,D,0
-14.5276,141.6272,347.2,1.3,1.1,2014-10-27,0405,Aqua,MODIS,91,6.2,311.4,52.8,D,0
-14.5285,141.6219,350.2,1.3,1.1,2014-10-27,0405,Aqua,MODIS,93,6.2,312,60.9,D,0
-11.5308,142.5292,352.5,1.1,1,2014-10-27,0405,Aqua,MODIS,96,6.2,306,59.8,D,0
-13.6664,141.6744,328.9,1.2,1.1,2014-10-27,0405,Aqua,MODIS,64,6.2,303.6,21.7,D,0
-13.6824,141.6307,325.6,1.2,1.1,2014-10-27,0405,Aqua,MODIS,49,6.2,302.8,16.6,D,0
-13.6808,141.642,359.8,1.2,1.1,2014-10-27,0405,Aqua,MODIS,99,6.2,305.6,100.3,D,0
-14.438,141.7671,381.9,1.2,1.1,2014-10-27,0405,Aqua,MODIS,100,6.2,316.4,195.5,D,0
-11.8362,142.706,317.5,1.1,1,2014-10-27,0405,Aqua,MODIS,45,6.2,298.3,8.1,D,0
-15.2743,133.8584,325.1,4.8,2,2014-10-27,0405,Aqua,MODIS,62,6.2,307.7,82.7,D,0
-13.765,141.9375,382,1.2,1.1,2014-10-27,0405,Aqua,MODIS,100,6.2,312,191.8,D,0
-11.5295,142.5388,335.7,1.1,1,2014-10-27,0405,Aqua,MODIS,78,6.2,303.4,27.2,D,0
-13.3176,134.3303,329.7,4.2,1.9,2014-10-27,0405,Aqua,MODIS,71,6.2,310.9,97,D,0
-13.3202,134.3346,328.2,4.2,1.9,2014-10-27,0405,Aqua,MODIS,60,6.2,311,80.3,D,0
-11.6185,142.4875,335.2,1.1,1,2014-10-27,0405,Aqua,MODIS,60,6.2,309.7,25.7,D,0
-14.4803,135.3747,321.9,3.6,1.8,2014-10-27,0405,Aqua,MODIS,68,6.2,307.8,44.3,D,0
-14.4494,141.7571,335.3,1.2,1.1,2014-10-27,0405,Aqua,MODIS,46,6.2,311.3,25.3,D,0
-14.4365,141.7785,365.2,1.2,1.1,2014-10-27,0405,Aqua,MODIS,100,6.2,316.6,111.9,D,0
-13.7747,141.9389,352.6,1.2,1.1,2014-10-27,0405,Aqua,MODIS,95,6.2,308.6,69.2,D,0
-14.8017,144.4338,338.9,1,1,2014-10-27,0405,Aqua,MODIS,83,6.2,312.3,20.5,D,0
-14.4435,141.8026,349.4,1.2,1.1,2014-10-27,0405,Aqua,MODIS,92,6.2,314.2,53.8,D,0
-13.163,143.4087,326.3,1,1,2014-10-27,0405,Aqua,MODIS,52,6.2,307.9,17.2,D,0
-15.0921,142.7371,336.3,1.1,1.1,2014-10-27,0405,Aqua,MODIS,32,6.2,316.7,15.5,D,0
-15.103,142.7281,344.7,1.1,1.1,2014-10-27,0405,Aqua,MODIS,87,6.2,316.8,33.9,D,0
-14.1093,142.4026,333.3,1.1,1.1,2014-10-27,0405,Aqua,MODIS,75,6.2,313.5,14.6,D,0
-15.1933,142.5985,343.1,1.1,1.1,2014-10-27,0405,Aqua,MODIS,85,6.2,315.8,30.2,D,0
-12.7151,143.1293,320.9,1,1,2014-10-27,0405,Aqua,MODIS,21,6.2,301.7,10.5,D,0
-14.1312,142.3843,337.8,1.1,1.1,2014-10-27,0405,Aqua,MODIS,78,6.2,311.9,21,D,0
-12.6786,136.0781,337.6,3,1.7,2014-10-27,0405,Aqua,MODIS,80,6.2,311.1,110.3,D,0
-14.1189,142.4039,334.7,1.1,1.1,2014-10-27,0405,Aqua,MODIS,74,6.2,314.1,15.9,D,0
-15.0812,142.7461,339.1,1.1,1.1,2014-10-27,0405,Aqua,MODIS,60,6.2,316.5,19.2,D,0
-12.7492,143.0856,338.9,1,1,2014-10-27,0405,Aqua,MODIS,87,6.2,304,33.8,D,0
-14.1298,142.3948,339.7,1.1,1.1,2014-10-27,0405,Aqua,MODIS,84,6.2,314.1,24.4,D,0
-12.6817,136.0504,328.8,3,1.7,2014-10-27,0405,Aqua,MODIS,40,6.2,309.8,44.9,D,0
-14.0146,135.4916,333.7,3.5,1.8,2014-10-27,0405,Aqua,MODIS,60,6.2,307,108.2,D,0
-12.6787,136.071,334.8,3,1.7,2014-10-27,0405,Aqua,MODIS,61,6.2,311.1,83.8,D,0
-12.7725,143.1044,327.7,1,1,2014-10-27,0405,Aqua,MODIS,44,6.2,305,17.7,D,0
-12.7738,143.0948,341,1,1,2014-10-27,0405,Aqua,MODIS,88,6.2,305.4,38.6,D,0
-14.1422,142.3752,335.9,1.1,1.1,2014-10-27,0405,Aqua,MODIS,75,6.2,314.6,17.6,D,0
-12.7675,143.0883,333.9,1,1,2014-10-27,0405,Aqua,MODIS,83,6.2,301.2,28,D,0
-12.7505,143.076,354,1,1,2014-10-27,0405,Aqua,MODIS,97,6.2,305.1,66.1,D,0
-12.3492,142.8464,326.6,1.1,1,2014-10-27,0405,Aqua,MODIS,74,6.2,304.1,17.2,D,0
-12.7067,134.3425,328.9,4.1,1.9,2014-10-27,0405,Aqua,MODIS,74,6.2,309.5,100.3,D,0
-12.7164,143.1199,322,1,1,2014-10-27,0405,Aqua,MODIS,26,6.2,302,10.7,D,0
-12.7723,142.3197,335.3,1.1,1.1,2014-10-27,0405,Aqua,MODIS,30,6.2,310.4,22.5,D,0
-15.1658,142.6588,341.5,1.1,1.1,2014-10-27,0405,Aqua,MODIS,83,6.2,314.5,27.2,D,0
-14.005,135.5306,326.5,3.5,1.8,2014-10-27,0405,Aqua,MODIS,50,6.2,306.7,64.8,D,0
-14.0084,135.4985,339.4,3.5,1.8,2014-10-27,0405,Aqua,MODIS,85,6.2,309,171.5,D,0
-14.0109,135.5236,334.8,3.5,1.8,2014-10-27,0405,Aqua,MODIS,70,6.2,307,122.8,D,0
-14.8627,141.7099,338,1.3,1.1,2014-10-27,0405,Aqua,MODIS,77,6.2,318.8,21.2,D,0
-14.022,135.4268,331,3.5,1.8,2014-10-27,0405,Aqua,MODIS,44,6.2,305.7,98.7,D,0
-12.3452,136.85,322,2.6,1.5,2014-10-27,0405,Aqua,MODIS,53,6.2,299.8,40.7,D,0
-13.9901,135.4233,343.8,3.5,1.8,2014-10-27,0405,Aqua,MODIS,89,6.2,310.6,204.3,D,0
-14.0029,135.3992,350.9,3.6,1.8,2014-10-27,0405,Aqua,MODIS,94,6.2,307.6,310,D,0
-14.0054,136.4879,323.1,2.9,1.6,2014-10-27,0405,Aqua,MODIS,44,6.2,300.8,43.9,D,0
-14.2324,136.6076,325.8,2.9,1.6,2014-10-27,0405,Aqua,MODIS,72,6.2,305.1,55.9,D,0
-14.0189,135.401,332.2,3.6,1.8,2014-10-27,0405,Aqua,MODIS,77,6.2,304.3,117.1,D,0
-14.0154,135.4337,341.9,3.5,1.8,2014-10-27,0405,Aqua,MODIS,87,6.2,307.8,205.7,D,0
-14.2369,136.5882,325.9,2.9,1.6,2014-10-27,0405,Aqua,MODIS,69,6.2,304.4,52.8,D,0
-14.2355,136.5807,323.2,2.9,1.6,2014-10-27,0405,Aqua,MODIS,64,6.2,304.3,38.2,D,0
-13.723,141.6303,324.3,1.2,1.1,2014-10-27,0405,Aqua,MODIS,28,6.2,302.1,12.6,D,0
-13.7344,141.6203,357.2,1.2,1.1,2014-10-27,0405,Aqua,MODIS,98,6.2,305.7,88.9,D,0
-13.7329,141.6317,359.7,1.2,1.1,2014-10-27,0405,Aqua,MODIS,99,6.2,306.2,98.5,D,0
-13.7315,141.643,388,1.2,1.1,2014-10-27,0405,Aqua,MODIS,100,6.2,306.8,240.4,D,0
-13.73,141.6543,346.6,1.2,1.1,2014-10-27,0405,Aqua,MODIS,91,6.2,300.7,60.5,D,0
-14.6091,144.4302,327.5,1,1,2014-10-27,0405,Aqua,MODIS,54,6.2,309,8.3,D,0
-14.6374,144.4251,329.6,1,1,2014-10-27,0405,Aqua,MODIS,69,6.2,311,12,D,0
-13.9938,135.3905,354.4,3.6,1.8,2014-10-27,0405,Aqua,MODIS,96,6.2,308.9,350.4,D,0
-12.6416,142.7182,329.5,1.1,1,2014-10-27,0405,Aqua,MODIS,48,6.2,308,17,D,0
-13.8164,135.7503,342.2,3.3,1.7,2014-10-27,0405,Aqua,MODIS,87,6.2,305.1,208,D,0
-12.4116,142.5971,330,1.1,1,2014-10-27,0405,Aqua,MODIS,42,6.2,309.5,16.8,D,0
-14.0119,135.4662,329,3.5,1.8,2014-10-27,0405,Aqua,MODIS,31,6.2,307.5,74.6,D,0
-12.2953,136.3867,342.8,2.8,1.6,2014-10-27,0405,Aqua,MODIS,84,6.2,307.6,150.3,D,0
-12.2922,136.4125,327.8,2.8,1.6,2014-10-27,0405,Aqua,MODIS,61,6.2,308.9,53.7,D,0
-13.9801,135.4627,330.4,3.5,1.8,2014-10-27,0405,Aqua,MODIS,74,6.2,309.1,65.5,D,0
-13.8285,135.7826,322.7,3.3,1.7,2014-10-27,0405,Aqua,MODIS,31,6.2,303.6,55.1,D,0
-12.3127,136.3627,335,2.8,1.6,2014-10-27,0405,Aqua,MODIS,62,6.2,302.3,98.9,D,0
-12.3097,136.3885,350.3,2.8,1.6,2014-10-27,0405,Aqua,MODIS,94,6.2,304.9,219.1,D,0
-14.2339,136.6152,323.7,2.9,1.6,2014-10-27,0405,Aqua,MODIS,66,6.2,304.7,44,D,0
-14.7109,141.7068,363.7,1.3,1.1,2014-10-27,0405,Aqua,MODIS,100,6.2,310.1,105.6,D,0
-13.813,135.7808,341.3,3.3,1.7,2014-10-27,0405,Aqua,MODIS,82,6.2,304.7,199.4,D,0
-14.0061,135.4251,345.4,3.5,1.8,2014-10-27,0405,Aqua,MODIS,90,6.2,310.4,236,D,0
-14.3728,144.4801,326.6,1,1,2014-10-27,0405,Aqua,MODIS,55,6.2,305.7,10.2,D,0
-13.9869,135.3973,349.7,3.6,1.8,2014-10-27,0405,Aqua,MODIS,93,6.2,309.9,289.7,D,0
-14.7209,141.7082,347.4,1.3,1.1,2014-10-27,0405,Aqua,MODIS,91,6.2,310.1,49,D,0
-14.0183,135.4593,337.1,3.5,1.8,2014-10-27,0405,Aqua,MODIS,79,6.2,306.6,129.9,D,0
-13.486,135.7502,331.4,3.3,1.7,2014-10-27,0405,Aqua,MODIS,84,6.2,308.1,98.2,D,0
-13.4815,135.7548,329.2,3.3,1.7,2014-10-27,0405,Aqua,MODIS,82,6.2,308.4,82.8,D,0
-13.9865,135.4559,334.9,3.5,1.8,2014-10-27,0405,Aqua,MODIS,80,6.2,310,101.7,D,0
-13.9994,135.4319,336.7,3.5,1.8,2014-10-27,0405,Aqua,MODIS,77,6.2,310.7,139.6,D,0
-13.9835,135.4302,332.7,3.5,1.8,2014-10-27,0405,Aqua,MODIS,72,6.2,310.2,95.9,D,0
-14.7194,141.7198,333.7,1.3,1.1,2014-10-27,0405,Aqua,MODIS,50,6.2,311.2,13.9,D,0
-12.3066,136.4144,330.6,2.8,1.6,2014-10-27,0405,Aqua,MODIS,67,6.2,305.5,68,D,0
-14.7179,141.7313,337.3,1.2,1.1,2014-10-27,0405,Aqua,MODIS,54,6.2,314.4,19.7,D,0
-14.7164,141.7429,371.7,1.2,1.1,2014-10-27,0405,Aqua,MODIS,100,6.2,316.5,134.9,D,0
-12.1865,133.9668,324.9,4.3,1.9,2014-10-27,0406,Aqua,MODIS,47,6.2,307.5,58,D,0
-12.1758,133.933,328.3,4.3,1.9,2014-10-27,0406,Aqua,MODIS,81,6.2,306.1,92.3,D,0
-12.2083,133.9296,326.1,4.3,1.9,2014-10-27,0406,Aqua,MODIS,24,6.2,309.1,65.5,D,0
-10.931,142.3499,319.5,1.1,1,2014-10-27,0406,Aqua,MODIS,49,6.2,300.1,9.1,D,0
-11.0299,142.4851,328.4,1.1,1,2014-10-27,0406,Aqua,MODIS,60,6.2,297.4,21,D,0
-12.191,133.9275,336,4.3,1.9,2014-10-27,0406,Aqua,MODIS,87,6.2,309.3,173.8,D,0
-12.1931,133.9351,338.5,4.3,1.9,2014-10-27,0406,Aqua,MODIS,89,6.2,309.6,214.6,D,0
-32.4098,135.7149,336.9,3.8,1.8,2014-10-27,0538,Aqua,MODIS,87,6.2,302.5,203.6,D,0
-32.4238,135.6824,328.5,3.7,1.8,2014-10-27,0538,Aqua,MODIS,79,6.2,304,125.8,D,0
-32.4191,135.6762,344.3,3.7,1.8,2014-10-27,0538,Aqua,MODIS,92,6.2,304.9,286.1,D,0
-31.4251,134.4761,333.4,3.3,1.7,2014-10-27,0538,Aqua,MODIS,82,6.2,304.1,135.4,D,0
-31.4329,134.442,327.8,3.3,1.7,2014-10-27,0538,Aqua,MODIS,76,6.2,304.9,91.7,D,0
-31.4419,134.4497,324.6,3.3,1.7,2014-10-27,0538,Aqua,MODIS,70,6.2,305.4,66.3,D,0
-31.434,134.4838,321.5,3.3,1.7,2014-10-27,0538,Aqua,MODIS,53,6.2,304.5,49.8,D,0
-31.4268,134.4448,324,3.3,1.7,2014-10-27,0538,Aqua,MODIS,70,6.2,304.3,62.5,D,0
-31.4188,134.4789,320.3,3.3,1.7,2014-10-27,0538,Aqua,MODIS,48,6.2,302.8,42.5,D,0
-33.6389,116.2796,325,2.5,1.5,2014-10-27,0538,Aqua,MODIS,79,6.2,293.5,73.6,D,0
-33.6448,116.3023,312,2.4,1.5,2014-10-27,0538,Aqua,MODIS,37,6.2,292.7,29.8,D,0
-33.6469,116.2755,320.9,2.5,1.5,2014-10-27,0538,Aqua,MODIS,61,6.2,294.4,56.7,D,0
-29.3523,128.3777,335.2,1.5,1.2,2014-10-27,0539,Aqua,MODIS,58,6.2,316.5,26.1,D,0
-29.3495,128.3929,334.2,1.5,1.2,2014-10-27,0539,Aqua,MODIS,57,6.2,314.6,24.1,D,0
-28.8677,127.2394,334.2,1.3,1.1,2014-10-27,0539,Aqua,MODIS,71,6.2,317.7,18.8,D,0
-28.8543,127.1949,330,1.3,1.1,2014-10-27,0539,Aqua,MODIS,55,6.2,317.2,10.9,D,0
-33.4344,116.1601,313,2.5,1.5,2014-10-27,0539,Aqua,MODIS,56,6.2,293.6,38.2,D,0
-31.8946,116.1037,319.5,2.4,1.5,2014-10-27,0539,Aqua,MODIS,47,6.2,296.7,43.6,D,0
-32.8302,116.4547,320.5,2.3,1.5,2014-10-27,0539,Aqua,MODIS,68,6.2,301,42.1,D,0
-32.8352,116.4481,319.1,2.3,1.5,2014-10-27,0539,Aqua,MODIS,64,6.2,301.9,35.2,D,0
-28.3114,129.1173,340.7,1.7,1.3,2014-10-27,0539,Aqua,MODIS,84,6.2,316.1,58.8,D,0
-28.0559,130.0357,328.5,2,1.4,2014-10-27,0539,Aqua,MODIS,49,6.2,315.3,21.6,D,0
-28.3081,129.1348,351,1.7,1.3,2014-10-27,0539,Aqua,MODIS,93,6.2,315.1,104.2,D,0
-28.0476,130.012,344.4,2,1.4,2014-10-27,0539,Aqua,MODIS,88,6.2,317.5,88.5,D,0
-28.0516,129.9916,331.5,2,1.4,2014-10-27,0539,Aqua,MODIS,66,6.2,315.6,31.1,D,0
-29.986,133.8172,326.7,3.3,1.7,2014-10-27,0539,Aqua,MODIS,64,6.2,312.3,50.7,D,0
-29.9899,133.8105,325,3.3,1.7,2014-10-27,0539,Aqua,MODIS,57,6.2,312.3,40,D,0
-27.2469,127.279,342.8,1.4,1.2,2014-10-27,0540,Aqua,MODIS,85,6.2,316.8,44.6,D,0
-27.55,129.0295,339.7,1.8,1.3,2014-10-27,0540,Aqua,MODIS,36,6.2,316.8,38.2,D,0
-27.565,129.0146,340.1,1.8,1.3,2014-10-27,0540,Aqua,MODIS,50,6.2,318.4,43.7,D,0
-27.5733,129.0351,334.6,1.8,1.3,2014-10-27,0540,Aqua,MODIS,45,6.2,318.9,24.7,D,0
-26.844,125.8438,330.8,1.2,1.1,2014-10-27,0540,Aqua,MODIS,25,6.2,316.1,7.3,D,0
-26.8421,125.8557,335.1,1.2,1.1,2014-10-27,0540,Aqua,MODIS,70,6.2,319,15.3,D,0
-25.4353,122.0308,326.8,1,1,2014-10-27,0540,Aqua,MODIS,42,6.2,299.8,10.8,D,0
-27.5598,129.0079,342.5,1.8,1.3,2014-10-27,0540,Aqua,MODIS,86,6.2,317.6,57.1,D,0
-27.2178,127.222,346.9,1.4,1.2,2014-10-27,0540,Aqua,MODIS,90,6.2,315.3,58.3,D,0
-27.2282,127.2244,333,1.4,1.2,2014-10-27,0540,Aqua,MODIS,68,6.2,315.8,20.5,D,0
-27.2258,127.2383,367.8,1.4,1.2,2014-10-27,0540,Aqua,MODIS,100,6.2,319.7,143.9,D,0
-27.2234,127.2523,360.8,1.4,1.2,2014-10-27,0540,Aqua,MODIS,100,6.2,318.6,108.7,D,0
-27.223,127.23,373.8,1.4,1.2,2014-10-27,0540,Aqua,MODIS,100,6.2,318.4,174.6,D,0
-27.213,127.2499,365,1.4,1.2,2014-10-27,0540,Aqua,MODIS,100,6.2,315.9,129.8,D,0
-28.3762,125.6875,335.8,1.1,1.1,2014-10-27,0540,Aqua,MODIS,74,6.2,317.9,17.7,D,0
-27.2074,127.2196,333.1,1.4,1.2,2014-10-27,0540,Aqua,MODIS,69,6.2,311.8,21.3,D,0
-27.5448,129.0228,362.6,1.8,1.3,2014-10-27,0540,Aqua,MODIS,100,6.2,316.1,163.8,D,0
-27.5481,129.0051,374,1.8,1.3,2014-10-27,0540,Aqua,MODIS,100,6.2,317.9,249.4,D,0
-28.3743,125.6989,343.1,1.1,1.1,2014-10-27,0540,Aqua,MODIS,85,6.2,319.9,32.6,D,0
-28.2621,125.7051,330.8,1.1,1.1,2014-10-27,0540,Aqua,MODIS,43,6.2,316.9,8.4,D,0
-27.231,127.2463,347.4,1.4,1.2,2014-10-27,0540,Aqua,MODIS,90,6.2,317.8,54.7,D,0
-27.2181,127.2578,342.8,1.4,1.2,2014-10-27,0540,Aqua,MODIS,85,6.2,315.4,41.7,D,0
-27.325,128.3816,329.9,1.6,1.3,2014-10-27,0540,Aqua,MODIS,63,6.2,313.9,18.6,D,0
-27.322,128.3979,328.8,1.6,1.3,2014-10-27,0540,Aqua,MODIS,56,6.2,314.5,14.9,D,0
-27.606,128.4325,330,1.6,1.3,2014-10-27,0540,Aqua,MODIS,60,6.2,314.2,20.1,D,0
-27.2205,127.2439,408.1,1.4,1.2,2014-10-27,0540,Aqua,MODIS,100,6.2,322.4,458.9,D,0
-27.3332,128.4005,339.7,1.6,1.3,2014-10-27,0540,Aqua,MODIS,83,6.2,316.3,45.2,D,0
-27.2221,127.0096,375.7,1.3,1.2,2014-10-27,0540,Aqua,MODIS,100,6.2,321,172.4,D,0
-27.2268,126.9827,373.7,1.3,1.1,2014-10-27,0540,Aqua,MODIS,100,6.2,318.7,159.6,D,0
-27.2291,126.9692,352.4,1.3,1.1,2014-10-27,0540,Aqua,MODIS,93,6.2,315.8,65.9,D,0
-27.2118,127.0073,347.2,1.3,1.2,2014-10-27,0540,Aqua,MODIS,65,6.2,315.4,48.1,D,0
-27.2188,126.9669,400.3,1.3,1.1,2014-10-27,0540,Aqua,MODIS,100,6.2,322,353.1,D,0
-27.2211,126.9535,350.5,1.3,1.1,2014-10-27,0540,Aqua,MODIS,93,6.2,316.4,63.3,D,0
-27.2039,126.9915,334.7,1.3,1.1,2014-10-27,0540,Aqua,MODIS,39,6.2,315.9,19.1,D,0
-27.2085,126.9646,345.8,1.3,1.1,2014-10-27,0540,Aqua,MODIS,79,6.2,315.8,46.4,D,0
-27.2109,126.9512,365.4,1.3,1.1,2014-10-27,0540,Aqua,MODIS,100,6.2,315.7,124,D,0
-27.1959,126.9758,341,1.3,1.1,2014-10-27,0540,Aqua,MODIS,58,6.2,315.5,35.1,D,0
-27.1983,126.9623,354.3,1.3,1.1,2014-10-27,0540,Aqua,MODIS,96,6.2,315,76.9,D,0
-27.2006,126.9489,353,1.3,1.1,2014-10-27,0540,Aqua,MODIS,95,6.2,311.4,75.7,D,0
-27.2029,126.9355,335.6,1.3,1.1,2014-10-27,0540,Aqua,MODIS,74,6.2,310.2,27.7,D,0
-27.188,126.9601,342.7,1.3,1.1,2014-10-27,0540,Aqua,MODIS,77,6.2,310.5,42.4,D,0
-27.3734,128.3083,339,1.6,1.2,2014-10-27,0540,Aqua,MODIS,82,6.2,316.1,43,D,0
-27.3705,128.3243,355.6,1.6,1.2,2014-10-27,0540,Aqua,MODIS,97,6.2,315.3,108.9,D,0
-27.3817,128.3269,337.8,1.6,1.2,2014-10-27,0540,Aqua,MODIS,80,6.2,315.5,38.8,D,0
-27.3787,128.3431,334.8,1.6,1.3,2014-10-27,0540,Aqua,MODIS,75,6.2,317.6,29.4,D,0
-27.9727,125.8391,336.4,1.1,1.1,2014-10-27,0540,Aqua,MODIS,73,6.2,318.3,17.1,D,0
-27.5565,129.0257,336.3,1.8,1.3,2014-10-27,0540,Aqua,MODIS,55,6.2,318.2,32,D,0
-27.2154,127.2359,385.6,1.4,1.2,2014-10-27,0540,Aqua,MODIS,100,6.2,318.2,255.1,D,0
-26.8944,127.1179,332.8,1.4,1.2,2014-10-27,0540,Aqua,MODIS,57,6.2,316.5,17.2,D,0
-26.8839,127.1156,339.9,1.4,1.2,2014-10-27,0540,Aqua,MODIS,81,6.2,316.9,33.4,D,0
-26.8786,127.1076,337.1,1.4,1.2,2014-10-27,0540,Aqua,MODIS,78,6.2,315.6,27.3,D,0
-27.2285,127.2602,339.3,1.4,1.2,2014-10-27,0540,Aqua,MODIS,43,6.2,316.5,30.7,D,0
-27.239,127.2626,342.9,1.4,1.2,2014-10-27,0540,Aqua,MODIS,85,6.2,317.3,43.5,D,0
-27.2365,127.2766,331,1.4,1.2,2014-10-27,0540,Aqua,MODIS,40,6.2,315.2,13.9,D,0
-26.1565,124.9076,331.7,1.1,1,2014-10-27,0540,Aqua,MODIS,70,6.2,313.9,13.7,D,0
-27.3321,127.9656,338.6,1.5,1.2,2014-10-27,0540,Aqua,MODIS,81,6.2,315.5,40,D,0
-27.5417,129.0089,367.2,1.8,1.3,2014-10-27,0540,Aqua,MODIS,100,6.2,313.5,195.2,D,0
-27.5534,129.0118,364.2,1.8,1.3,2014-10-27,0540,Aqua,MODIS,100,6.2,318.5,168.6,D,0
-27.9631,125.837,343.8,1.1,1.1,2014-10-27,0540,Aqua,MODIS,86,6.2,318.8,31.4,D,0
-27.2494,127.265,336.6,1.4,1.2,2014-10-27,0540,Aqua,MODIS,76,6.2,317.6,27.3,D,0
-27.965,125.8255,359.7,1.1,1.1,2014-10-27,0540,Aqua,MODIS,99,6.2,319.4,75.2,D,0
-27.9554,125.8235,335.7,1.1,1.1,2014-10-27,0540,Aqua,MODIS,68,6.2,317.4,16.1,D,0
-27.9267,125.8175,333.7,1.1,1.1,2014-10-27,0540,Aqua,MODIS,65,6.2,319.2,13.4,D,0
-27.653,125.5343,333.7,1.1,1.1,2014-10-27,0540,Aqua,MODIS,67,6.2,318.3,13.7,D,0
-25.4575,122.004,340.4,1,1,2014-10-27,0540,Aqua,MODIS,85,6.2,286,38.5,D,0
-27.253,127.0165,341,1.3,1.2,2014-10-27,0540,Aqua,MODIS,79,6.2,317.7,33.9,D,0
-25.5226,122.0012,333,1,1,2014-10-27,0540,Aqua,MODIS,66,6.2,274.9,27.8,D,0
-25.9607,125.039,334.6,1.1,1.1,2014-10-27,0540,Aqua,MODIS,26,6.2,316.1,15.3,D,0
-27.2507,127.03,338.2,1.4,1.2,2014-10-27,0540,Aqua,MODIS,58,6.2,318.9,27.4,D,0
-25.9494,125.0483,335.8,1.1,1.1,2014-10-27,0540,Aqua,MODIS,41,6.2,317.2,15.8,D,0
-27.781,125.9438,346.4,1.2,1.1,2014-10-27,0540,Aqua,MODIS,88,6.2,318.7,41.5,D,0
-27.2427,127.0142,371.6,1.3,1.2,2014-10-27,0540,Aqua,MODIS,100,6.2,317.6,150.3,D,0
-25.953,125.026,347.5,1.1,1.1,2014-10-27,0540,Aqua,MODIS,91,6.2,315.7,41.1,D,0
-27.2347,126.9984,364,1.3,1.1,2014-10-27,0540,Aqua,MODIS,100,6.2,317.9,111.2,D,0
-25.4547,122.0239,335.9,1,1,2014-10-27,0540,Aqua,MODIS,42,6.2,293.5,26.6,D,0
-23.914,123.082,340.3,1,1,2014-10-27,0541,Aqua,MODIS,59,6.2,320.1,18.2,D,0
-22.0973,120.9387,336.9,1,1,2014-10-27,0541,Aqua,MODIS,51,6.2,293.3,15.9,D,0
-22.0959,120.9485,360.7,1,1,2014-10-27,0541,Aqua,MODIS,89,6.2,311.9,65.5,D,0
-22.1077,120.9303,350.7,1,1,2014-10-27,0541,Aqua,MODIS,66,6.2,312.8,43.3,D,0
-22.1063,120.9401,340.5,1,1,2014-10-27,0541,Aqua,MODIS,38,6.2,304.8,21.2,D,0
-22.1036,120.9598,410.5,1,1,2014-10-27,0541,Aqua,MODIS,100,6.2,326.2,304.8,D,0
-22.1022,120.9696,387.9,1,1,2014-10-27,0541,Aqua,MODIS,94,6.2,309.1,168.8,D,0
-22.1154,120.9416,337.8,1,1,2014-10-27,0541,Aqua,MODIS,57,6.2,311.3,17,D,0
-22.1113,120.971,345.6,1,1,2014-10-27,0541,Aqua,MODIS,61,6.2,304.2,31.8,D,0
-22.1414,120.9523,345.3,1,1,2014-10-27,0541,Aqua,MODIS,81,6.2,315.3,29.9,D,0
-23.8228,122.9469,347.6,1,1,2014-10-27,0541,Aqua,MODIS,90,6.2,322.1,30.2,D,0
-23.8363,122.9188,357.7,1,1,2014-10-27,0541,Aqua,MODIS,78,6.2,311.4,57.2,D,0
-23.8348,122.9287,355.8,1,1,2014-10-27,0541,Aqua,MODIS,74,6.2,317.4,50.1,D,0
-22.2188,124.1514,345.6,1.1,1.1,2014-10-27,0541,Aqua,MODIS,84,6.2,323.8,23.7,D,0
-22.2205,124.1405,347.8,1.1,1.1,2014-10-27,0541,Aqua,MODIS,90,6.2,324.8,29.8,D,0
-22.1659,124.1461,365.2,1.1,1.1,2014-10-27,0541,Aqua,MODIS,100,6.2,324.2,85.4,D,0
-23.92,123.0422,337.6,1,1,2014-10-27,0541,Aqua,MODIS,44,6.2,318.9,16.9,D,0
-23.9035,123.0904,338.7,1,1,2014-10-27,0541,Aqua,MODIS,80,6.2,318.9,16.3,D,0
-24.8627,122.5711,339.1,1,1,2014-10-27,0541,Aqua,MODIS,56,6.2,305.1,28,D,0
-24.8717,122.5726,336.5,1,1,2014-10-27,0541,Aqua,MODIS,38,6.2,308.5,20.1,D,0
-24.8703,122.5825,342.8,1,1,2014-10-27,0541,Aqua,MODIS,71,6.2,311.2,30,D,0
-24.8835,122.5545,338.7,1,1,2014-10-27,0541,Aqua,MODIS,84,6.2,308.6,25.7,D,0
-24.8821,122.5644,372.7,1,1,2014-10-27,0541,Aqua,MODIS,100,6.2,313.2,108.2,D,0
-24.8897,122.5758,340.1,1,1,2014-10-27,0541,Aqua,MODIS,70,6.2,310.7,25.2,D,0
-23.905,123.0804,338.7,1,1,2014-10-27,0541,Aqua,MODIS,80,6.2,321.2,15.7,D,0
-23.8944,123.0888,343.6,1,1,2014-10-27,0541,Aqua,MODIS,86,6.2,319.2,23,D,0
-23.9885,122.6946,394,1,1,2014-10-27,0541,Aqua,MODIS,87,6.2,310.2,204.1,D,0
-22.1581,124.1334,357.9,1.1,1.1,2014-10-27,0541,Aqua,MODIS,91,6.2,323.3,59.9,D,0
-22.2063,124.0753,336.8,1.1,1.1,2014-10-27,0541,Aqua,MODIS,51,6.2,320,12.8,D,0
-22.2119,124.0719,342,1.1,1.1,2014-10-27,0541,Aqua,MODIS,60,6.2,318.5,25.3,D,0
-22.2335,124.1205,343.4,1.1,1.1,2014-10-27,0541,Aqua,MODIS,85,6.2,319.9,23.2,D,0
-21.9532,121.828,338.7,1,1,2014-10-27,0541,Aqua,MODIS,44,6.2,320.6,13,D,0
-21.9546,121.8183,339.7,1,1,2014-10-27,0541,Aqua,MODIS,57,6.2,320.2,15.8,D,0
-23.8959,123.0788,346,1,1,2014-10-27,0541,Aqua,MODIS,89,6.2,321.3,27.1,D,0
-23.7925,122.9009,341.6,1,1,2014-10-27,0541,Aqua,MODIS,80,6.2,316.8,23.5,D,0
-23.806,122.8728,380.7,1,1,2014-10-27,0541,Aqua,MODIS,100,6.2,311,138.2,D,0
-23.8045,122.8827,344.8,1,1,2014-10-27,0541,Aqua,MODIS,88,6.2,303,30.5,D,0
-23.815,122.8744,372.6,1,1,2014-10-27,0541,Aqua,MODIS,100,6.2,319.2,105.9,D,0
-23.8135,122.8843,363.9,1,1,2014-10-27,0541,Aqua,MODIS,100,6.2,312.1,75.8,D,0
-24.8033,122.2104,326.9,1,1,2014-10-27,0541,Aqua,MODIS,44,6.2,294.9,9.1,D,0
-21.9373,121.7463,339,1,1,2014-10-27,0541,Aqua,MODIS,57,6.2,299.5,25.5,D,0
-24.8123,122.2119,331.7,1,1,2014-10-27,0541,Aqua,MODIS,74,6.2,297.3,16.4,D,0
-21.9255,121.7641,348.1,1,1,2014-10-27,0541,Aqua,MODIS,67,6.2,296.1,40.1,D,0
-21.9269,121.7544,365.9,1,1,2014-10-27,0541,Aqua,MODIS,87,6.2,301.4,86.7,D,0
-21.9283,121.7448,340.4,1,1,2014-10-27,0541,Aqua,MODIS,69,6.2,293.6,29,D,0
-23.9928,122.6651,345.2,1,1,2014-10-27,0541,Aqua,MODIS,0,6.2,293.1,35.3,D,0
-23.9943,122.6553,362.6,1,1,2014-10-27,0541,Aqua,MODIS,0,6.2,312.1,77.3,D,0
-23.9957,122.6454,346.7,1,1,2014-10-27,0541,Aqua,MODIS,69,6.2,293.2,42.3,D,0
-23.9856,122.6583,382.1,1,1,2014-10-27,0541,Aqua,MODIS,0,6.2,314,150.6,D,0
-22.0547,121.1118,336.1,1,1,2014-10-27,0541,Aqua,MODIS,31,6.2,307.5,17.9,D,0
-22.0369,122.0169,374.9,1,1,2014-10-27,0541,Aqua,MODIS,100,6.2,326.4,104.8,D,0
-22.269,124.2058,341.1,1.1,1.1,2014-10-27,0541,Aqua,MODIS,55,6.2,322.8,16.8,D,0
-22.0459,122.0184,407.3,1,1,2014-10-27,0541,Aqua,MODIS,100,6.2,326.4,271.7,D,0
-22.2318,124.1314,342.8,1.1,1.1,2014-10-27,0541,Aqua,MODIS,83,6.2,322.9,21.2,D,0
-22.0445,122.0281,368.7,1,1,2014-10-27,0541,Aqua,MODIS,100,6.2,324.5,81.8,D,0
-23.9871,122.6485,354.3,1,1,2014-10-27,0541,Aqua,MODIS,0,6.2,304.1,61,D,0
-21.8951,121.2029,366.3,1,1,2014-10-27,0541,Aqua,MODIS,97,6.2,312.5,84.9,D,0
-25.1914,121.6739,335.1,1,1,2014-10-27,0541,Aqua,MODIS,48,6.2,318,8.8,D,0
-23.8243,122.937,338.1,1,1,2014-10-27,0541,Aqua,MODIS,47,6.2,320.3,13.5,D,0
-21.8875,121.1918,345.9,1,1,2014-10-27,0541,Aqua,MODIS,79,6.2,303.2,36.3,D,0
-22.2673,124.2167,375.7,1.1,1.1,2014-10-27,0541,Aqua,MODIS,100,6.2,325.4,127.3,D,0
-23.8138,122.9453,342.4,1,1,2014-10-27,0541,Aqua,MODIS,66,6.2,320.4,19.5,D,0
-24.8895,122.7683,335.9,1,1,2014-10-27,0541,Aqua,MODIS,62,6.2,312.6,18.5,D,0
-24.8909,122.7584,357.6,1,1,2014-10-27,0541,Aqua,MODIS,74,6.2,316,62.1,D,0
-23.999,122.6864,391.3,1,1,2014-10-27,0541,Aqua,MODIS,87,6.2,319.7,188.9,D,0
-23.9975,122.6962,445.2,1,1,2014-10-27,0541,Aqua,MODIS,100,6.2,337.3,636.3,D,0
-23.9961,122.7061,372.5,1,1,2014-10-27,0541,Aqua,MODIS,100,6.2,311.7,107.2,D,0
-23.8152,122.9354,348.7,1,1,2014-10-27,0541,Aqua,MODIS,91,6.2,320.9,32.1,D,0
-22.7574,121.6717,370.7,1,1,2014-10-27,0541,Aqua,MODIS,100,6.2,323.9,88.7,D,0
-24.0036,122.7175,335.6,1,1,2014-10-27,0541,Aqua,MODIS,40,6.2,296.2,17,D,0
-23.0204,120.8344,337.8,1,1,2014-10-27,0541,Aqua,MODIS,68,6.2,322,11.6,D,0
-25.2277,121.6799,351.9,1,1,2014-10-27,0541,Aqua,MODIS,90,6.2,322.4,43.9,D,0
-25.2358,121.6767,341.5,1,1,2014-10-27,0541,Aqua,MODIS,76,6.2,319.6,18.1,D,0
-25.2345,121.6868,339.7,1,1,2014-10-27,0541,Aqua,MODIS,63,6.2,320,14.5,D,0
-25.2791,121.6325,334.3,1,1,2014-10-27,0541,Aqua,MODIS,60,6.2,308.5,14.1,D,0
-25.2881,121.634,345.4,1,1,2014-10-27,0541,Aqua,MODIS,89,6.2,310.9,35.4,D,0
-25.2867,121.6441,374.7,1,1,2014-10-27,0541,Aqua,MODIS,100,6.2,315.1,115.8,D,0
-25.2854,121.6542,342.1,1,1,2014-10-27,0541,Aqua,MODIS,60,6.2,314.8,26.6,D,0
-23.8438,122.9303,350.4,1,1,2014-10-27,0541,Aqua,MODIS,72,6.2,310.8,37.4,D,0
-22.4522,121.1611,338.3,1,1,2014-10-27,0541,Aqua,MODIS,58,6.2,321.1,17.5,D,0
-22.4508,121.1709,337.3,1,1,2014-10-27,0541,Aqua,MODIS,75,6.2,317.5,15.6,D,0
-22.7636,121.6926,343.9,1,1,2014-10-27,0541,Aqua,MODIS,74,6.2,324.2,19.5,D,0
-22.765,121.6829,347,1,1,2014-10-27,0541,Aqua,MODIS,87,6.2,322.5,27.2,D,0
-22.7616,121.7719,342.4,1,1,2014-10-27,0541,Aqua,MODIS,83,6.2,322,20.8,D,0
-25.3363,121.4866,343.9,1,1,2014-10-27,0541,Aqua,MODIS,72,6.2,317.2,27.1,D,0
-24.0749,122.7368,338.5,1,1,2014-10-27,0541,Aqua,MODIS,61,6.2,299.3,30.2,D,0
-24.0735,122.7467,338.2,1,1,2014-10-27,0541,Aqua,MODIS,74,6.2,293.5,29.5,D,0
-22.5492,120.5851,336.9,1,1,2014-10-27,0541,Aqua,MODIS,49,6.2,318.7,15.9,D,0
-23.7157,121.1191,407.2,1,1,2014-10-27,0541,Aqua,MODIS,100,6.2,328.4,283,D,0
-23.7143,121.1291,367.1,1,1,2014-10-27,0541,Aqua,MODIS,98,6.2,324,84.9,D,0
-22.7301,122.1841,343.1,1,1,2014-10-27,0541,Aqua,MODIS,56,6.2,307.4,32,D,0
-22.5957,120.9147,360.5,1,1,2014-10-27,0541,Aqua,MODIS,100,6.2,318.6,65.9,D,0
-22.5971,120.9048,346.4,1,1,2014-10-27,0541,Aqua,MODIS,88,6.2,313,32.8,D,0
-22.5893,120.8934,369.7,1,1,2014-10-27,0541,Aqua,MODIS,100,6.2,314.9,97.8,D,0
-22.5907,120.8835,344.4,1,1,2014-10-27,0541,Aqua,MODIS,78,6.2,308.9,32.3,D,0
-22.7588,121.662,350.2,1,1,2014-10-27,0541,Aqua,MODIS,92,6.2,321.8,35,D,0
-22.749,121.6637,347.9,1,1,2014-10-27,0541,Aqua,MODIS,90,6.2,322.2,29.9,D,0
-22.5841,120.8768,355.5,1,1,2014-10-27,0541,Aqua,MODIS,85,6.2,314,58.3,D,0
-22.5855,120.8669,347.1,1,1,2014-10-27,0541,Aqua,MODIS,73,6.2,311.4,40.3,D,0
-24.8137,122.202,328,1,1,2014-10-27,0541,Aqua,MODIS,50,6.2,298.7,11.1,D,0
-24.8047,122.2005,338.6,1,1,2014-10-27,0541,Aqua,MODIS,83,6.2,295.3,24.1,D,0
-24.8061,122.1906,344.6,1,1,2014-10-27,0541,Aqua,MODIS,89,6.2,295.4,33.8,D,0
-24.8075,122.1807,339.2,1,1,2014-10-27,0541,Aqua,MODIS,84,6.2,300.3,24.2,D,0
-24.7971,122.189,338,1,1,2014-10-27,0541,Aqua,MODIS,82,6.2,302.9,21.4,D,0
-24.7985,122.1792,358.6,1,1,2014-10-27,0541,Aqua,MODIS,99,6.2,307.2,64.1,D,0
-22.2901,122.2963,364,1,1,2014-10-27,0541,Aqua,MODIS,94,6.2,320.5,78,D,0
-22.2915,122.2866,363.7,1,1,2014-10-27,0541,Aqua,MODIS,87,6.2,320,76.7,D,0
-24.7912,122.1721,327.4,1,1,2014-10-27,0541,Aqua,MODIS,55,6.2,308.4,7.8,D,0
-23.0986,120.3258,347.5,1.1,1,2014-10-27,0541,Aqua,MODIS,89,6.2,322.6,32.3,D,0
-23.1,120.3154,354.6,1.1,1,2014-10-27,0541,Aqua,MODIS,96,6.2,322.3,50.8,D,0
-23.0852,120.3554,335.5,1.1,1,2014-10-27,0541,Aqua,MODIS,27,6.2,318.6,9.5,D,0
-25.3899,121.2194,386,1,1,2014-10-27,0541,Aqua,MODIS,100,6.2,320.9,167.1,D,0
-25.4136,121.3914,367.5,1,1,2014-10-27,0541,Aqua,MODIS,100,6.2,324.4,87.4,D,0
-25.415,121.3812,342.8,1,1,2014-10-27,0541,Aqua,MODIS,75,6.2,320.3,25.4,D,0
-25.3885,121.2297,428.1,1,1,2014-10-27,0541,Aqua,MODIS,100,6.2,331.1,471.8,D,0
-25.4044,121.3899,379.5,1,1,2014-10-27,0541,Aqua,MODIS,100,6.2,321,133.1,D,0
-25.4058,121.3797,380.7,1,1,2014-10-27,0541,Aqua,MODIS,100,6.2,320.3,139.8,D,0
-25.3977,121.2312,367,1,1,2014-10-27,0541,Aqua,MODIS,100,6.2,322,86.9,D,0
-25.3963,121.2415,352.1,1,1,2014-10-27,0541,Aqua,MODIS,89,6.2,321.3,43.3,D,0
-22.7504,121.6539,381.1,1,1,2014-10-27,0541,Aqua,MODIS,100,6.2,324.1,131.8,D,0
-22.7517,121.6442,335.6,1,1,2014-10-27,0541,Aqua,MODIS,60,6.2,318.5,11.5,D,0
-22.7282,121.6801,345.7,1,1,2014-10-27,0541,Aqua,MODIS,87,6.2,322.2,24.8,D,0
-25.4083,121.2224,341.6,1,1,2014-10-27,0541,Aqua,MODIS,53,6.2,316.9,24.4,D,0
-25.4303,121.2682,345.8,1,1,2014-10-27,0541,Aqua,MODIS,87,6.2,323.4,27.8,D,0
-25.3817,121.222,406.6,1,1,2014-10-27,0541,Aqua,MODIS,100,6.2,326.4,291.5,D,0
-25.3803,121.2323,335.9,1,1,2014-10-27,0541,Aqua,MODIS,68,6.2,317.6,17,D,0
-25.4564,121.283,339.1,1,1,2014-10-27,0541,Aqua,MODIS,68,6.2,320.9,16.3,D,0
-24.0653,122.7385,350.1,1,1,2014-10-27,0541,Aqua,MODIS,70,6.2,306.3,50.3,D,0
-23.6175,120.273,365.7,1.1,1,2014-10-27,0541,Aqua,MODIS,100,6.2,323.4,85,D,0
-23.6082,120.2715,407.4,1.1,1,2014-10-27,0541,Aqua,MODIS,100,6.2,325.7,306.2,D,0
-23.6096,120.2609,403.9,1.1,1,2014-10-27,0541,Aqua,MODIS,100,6.2,325.5,280.7,D,0
-18.8085,126.5969,339.6,1.8,1.3,2014-10-27,0542,Aqua,MODIS,59,6.2,304.8,50.3,D,0
-18.8027,126.5608,341.8,1.8,1.3,2014-10-27,0542,Aqua,MODIS,35,6.2,311.9,62,D,0
-18.8056,126.544,352.7,1.8,1.3,2014-10-27,0542,Aqua,MODIS,82,6.2,311.1,114.7,D,0
-20.6902,117.0727,348.3,1.5,1.2,2014-10-27,0542,Aqua,MODIS,90,6.2,318.9,62.4,D,0
-20.6864,117.0812,347.2,1.5,1.2,2014-10-27,0542,Aqua,MODIS,89,6.2,317.9,58.8,D,0
-20.6882,117.0669,366.6,1.5,1.2,2014-10-27,0542,Aqua,MODIS,100,6.2,318.8,146.9,D,0
-16.8668,130.7527,333.9,4,1.9,2014-10-27,0542,Aqua,MODIS,71,6.2,314.7,81.9,D,0
-16.8636,130.7471,334.3,4,1.9,2014-10-27,0542,Aqua,MODIS,73,6.2,314.5,87.7,D,0
-21.7677,116.403,344.5,1.7,1.3,2014-10-27,0542,Aqua,MODIS,77,6.2,321.2,53.4,D,0
-21.7591,116.3951,341,1.7,1.3,2014-10-27,0542,Aqua,MODIS,57,6.2,322.2,38.7,D,0
-21.7381,116.4755,335.8,1.7,1.3,2014-10-27,0542,Aqua,MODIS,32,6.2,319.2,21.9,D,0
-21.74,116.4595,350.5,1.7,1.3,2014-10-27,0542,Aqua,MODIS,92,6.2,320.5,78.3,D,0
-21.7267,116.474,348.9,1.7,1.3,2014-10-27,0542,Aqua,MODIS,91,6.2,321.4,67.9,D,0
-21.7285,116.4578,369,1.7,1.3,2014-10-27,0542,Aqua,MODIS,100,6.2,323.7,180.9,D,0
-20.494,118.4532,342.8,1.2,1.1,2014-10-27,0542,Aqua,MODIS,85,6.2,324.8,24.5,D,0
-18.492,127.4333,355.8,2.1,1.4,2014-10-27,0542,Aqua,MODIS,97,6.2,319.2,147.9,D,0
-18.4879,127.4455,339.8,2.1,1.4,2014-10-27,0542,Aqua,MODIS,77,6.2,319.7,49.4,D,0
-18.4914,127.4258,348.7,2.1,1.4,2014-10-27,0542,Aqua,MODIS,90,6.2,318.8,99.4,D,0
-18.4627,127.4403,336.5,2.1,1.4,2014-10-27,0542,Aqua,MODIS,72,6.2,319.9,36.8,D,0
-18.3226,127.787,337.6,2.3,1.5,2014-10-27,0542,Aqua,MODIS,73,6.2,317.4,44.1,D,0
-18.3058,127.8055,337.1,2.3,1.5,2014-10-27,0542,Aqua,MODIS,74,6.2,318,40.4,D,0
-20.643,118.4037,343.7,1.2,1.1,2014-10-27,0542,Aqua,MODIS,73,6.2,326.7,22.8,D,0
-20.629,118.3537,348.4,1.2,1.1,2014-10-27,0542,Aqua,MODIS,64,6.2,323.5,33.9,D,0
-20.6304,118.3419,347.4,1.2,1.1,2014-10-27,0542,Aqua,MODIS,78,6.2,321.3,34.1,D,0
-20.6289,118.3472,353.7,1.2,1.1,2014-10-27,0542,Aqua,MODIS,84,6.2,323,47.8,D,0
-20.6144,118.3811,352.3,1.2,1.1,2014-10-27,0542,Aqua,MODIS,94,6.2,327.6,43.2,D,0
-20.6205,118.334,355.7,1.2,1.1,2014-10-27,0542,Aqua,MODIS,89,6.2,320.6,61.1,D,0
-20.6045,118.3797,380.6,1.2,1.1,2014-10-27,0542,Aqua,MODIS,100,6.2,322.3,163.7,D,0
-20.606,118.3679,390.1,1.2,1.1,2014-10-27,0542,Aqua,MODIS,100,6.2,324.2,221.5,D,0
-20.6075,118.3561,350.6,1.2,1.1,2014-10-27,0542,Aqua,MODIS,80,6.2,322,40,D,0
-20.612,118.3207,347.7,1.2,1.1,2014-10-27,0542,Aqua,MODIS,55,6.2,319.3,40.4,D,0
-20.5976,118.3547,359.8,1.2,1.1,2014-10-27,0542,Aqua,MODIS,99,6.2,318,70.3,D,0
-20.5991,118.3429,389.7,1.2,1.1,2014-10-27,0542,Aqua,MODIS,100,6.2,319.4,221.1,D,0
-20.6006,118.3311,379.8,1.2,1.1,2014-10-27,0542,Aqua,MODIS,100,6.2,321.9,166.8,D,0
-20.5891,118.3415,346.3,1.2,1.1,2014-10-27,0542,Aqua,MODIS,73,6.2,319.9,32.2,D,0
-20.5906,118.3297,406.4,1.2,1.1,2014-10-27,0542,Aqua,MODIS,100,6.2,325.9,360.6,D,0
-20.5921,118.3178,362.5,1.2,1.1,2014-10-27,0542,Aqua,MODIS,100,6.2,320.5,90.8,D,0
-21.7564,117.8609,342.6,1.4,1.2,2014-10-27,0542,Aqua,MODIS,84,6.2,320.8,31.8,D,0
-21.758,117.8477,347.9,1.4,1.2,2014-10-27,0542,Aqua,MODIS,90,6.2,320.4,49.6,D,0
-21.7596,117.8345,337.1,1.4,1.2,2014-10-27,0542,Aqua,MODIS,44,6.2,320.4,20.9,D,0
-21.8197,118.0085,335.8,1.3,1.1,2014-10-27,0542,Aqua,MODIS,54,6.2,320.9,15.1,D,0
-21.8204,117.9161,338.8,1.3,1.2,2014-10-27,0542,Aqua,MODIS,78,6.2,321.5,21.6,D,0
-21.822,117.903,351.7,1.4,1.2,2014-10-27,0542,Aqua,MODIS,93,6.2,321.6,60.6,D,0
-21.7403,117.8185,343.6,1.4,1.2,2014-10-27,0542,Aqua,MODIS,77,6.2,320.3,35.1,D,0
-21.7315,117.8039,338,1.4,1.2,2014-10-27,0542,Aqua,MODIS,65,6.2,320.3,23.9,D,0
-21.721,117.8025,374.5,1.4,1.2,2014-10-27,0542,Aqua,MODIS,100,6.2,320.9,167.3,D,0
-21.7226,117.7892,387.1,1.4,1.2,2014-10-27,0542,Aqua,MODIS,100,6.2,321.6,253.7,D,0
-21.6454,117.8528,337.2,1.4,1.2,2014-10-27,0542,Aqua,MODIS,75,6.2,319.7,17.7,D,0
-20.0265,128.6301,338.3,2.4,1.5,2014-10-27,0542,Aqua,MODIS,54,6.2,313.5,68,D,0
-21.1402,121.5392,375.8,1,1,2014-10-27,0542,Aqua,MODIS,100,6.2,325.5,104.6,D,0
-18.713,130.2774,333.8,3.4,1.7,2014-10-27,0542,Aqua,MODIS,64,6.2,315.7,71.1,D,0
-19.3786,131.7013,350.1,4.1,1.9,2014-10-27,0542,Aqua,MODIS,92,6.2,304.6,360.7,D,0
-21.1416,121.5296,352.4,1,1,2014-10-27,0542,Aqua,MODIS,47,6.2,327.3,34.5,D,0
-19.3866,131.6626,344.1,4.1,1.9,2014-10-27,0542,Aqua,MODIS,87,6.2,303.3,281.1,D,0
-18.8524,132.1966,335.8,4.6,2,2014-10-27,0542,Aqua,MODIS,67,6.2,314,147.1,D,0
-18.7175,130.2705,333.6,3.4,1.7,2014-10-27,0542,Aqua,MODIS,57,6.2,315.6,69,D,0
-19.2331,131.8665,330.4,4.3,1.9,2014-10-27,0542,Aqua,MODIS,31,6.2,313.5,72.3,D,0
-19.3699,131.6586,355.4,4.1,1.9,2014-10-27,0542,Aqua,MODIS,96,6.2,304.1,471.3,D,0
-19.3246,131.6803,347.3,4.1,1.9,2014-10-27,0542,Aqua,MODIS,90,6.2,304.5,332,D,0
-19.3491,131.6459,330.1,4.1,1.9,2014-10-27,0542,Aqua,MODIS,44,6.2,302,120.9,D,0
-21.1492,121.5407,346.3,1,1,2014-10-27,0542,Aqua,MODIS,80,6.2,323.5,21.7,D,0
-21.1313,121.5377,349.4,1,1,2014-10-27,0542,Aqua,MODIS,52,6.2,320.2,30.9,D,0
-19.3452,131.6932,334.5,4.1,1.9,2014-10-27,0542,Aqua,MODIS,37,6.2,305.1,140.1,D,0
-18.8616,132.1535,370.4,4.6,2,2014-10-27,0542,Aqua,MODIS,100,6.2,318.1,857.6,D,0
-19.3413,131.6844,336.2,4.1,1.9,2014-10-27,0542,Aqua,MODIS,59,6.2,304.9,172.2,D,0
-19.3658,131.6499,350.5,4.1,1.9,2014-10-27,0542,Aqua,MODIS,93,6.2,304,382.3,D,0
-19.358,131.6885,334.2,4.1,1.9,2014-10-27,0542,Aqua,MODIS,55,6.2,297.4,140.5,D,0
-19.3825,131.6539,347.3,4.1,1.9,2014-10-27,0542,Aqua,MODIS,90,6.2,304.5,338.1,D,0
-18.8524,132.1881,349.7,4.6,2,2014-10-27,0542,Aqua,MODIS,92,6.2,314.6,365.7,D,0
-18.8613,132.145,364.3,4.6,2,2014-10-27,0542,Aqua,MODIS,100,6.2,318.2,679.5,D,0
-19.3748,131.6926,336.5,4.1,1.9,2014-10-27,0542,Aqua,MODIS,70,6.2,298.5,173.3,D,0
-19.3285,131.6891,343.8,4.1,1.9,2014-10-27,0542,Aqua,MODIS,79,6.2,305.3,266.3,D,0
-19.3533,131.6546,347.7,4.1,1.9,2014-10-27,0542,Aqua,MODIS,90,6.2,303.4,332.9,D,0
-19.2325,131.862,331.7,4.3,1.9,2014-10-27,0542,Aqua,MODIS,48,6.2,313.8,87,D,0
-19.8102,122.8203,342.7,1.1,1,2014-10-27,0542,Aqua,MODIS,63,6.2,323.9,20.9,D,0
-19.2966,122.5004,341.6,1,1,2014-10-27,0542,Aqua,MODIS,55,6.2,318.2,18.4,D,0
-19.3013,122.5317,341.6,1,1,2014-10-27,0542,Aqua,MODIS,70,6.2,320.5,20,D,0
-19.3028,122.5218,344.9,1,1,2014-10-27,0542,Aqua,MODIS,86,6.2,320,26.4,D,0
-19.2951,122.5103,345.7,1,1,2014-10-27,0542,Aqua,MODIS,87,6.2,316.7,27.8,D,0
-21.6626,121.0236,393.4,1,1,2014-10-27,0542,Aqua,MODIS,100,6.2,322,195.4,D,0
-21.6563,121.0027,404.4,1,1,2014-10-27,0542,Aqua,MODIS,100,6.2,316,266.7,D,0
-21.099,120.9892,356.9,1,1,2014-10-27,0542,Aqua,MODIS,68,6.2,309.9,62.4,D,0
-21.0976,120.9989,363.1,1,1,2014-10-27,0542,Aqua,MODIS,94,6.2,316.8,75.6,D,0
-21.0963,121.0085,343.1,1,1,2014-10-27,0542,Aqua,MODIS,46,6.2,314.8,27.6,D,0
-21.1049,121.0056,360.3,1,1,2014-10-27,0542,Aqua,MODIS,92,6.2,315.1,65.6,D,0
-21.1125,121.0168,363.8,1,1,2014-10-27,0542,Aqua,MODIS,100,6.2,311.7,74.3,D,0
-21.1216,121.0182,371.7,1,1,2014-10-27,0542,Aqua,MODIS,100,6.2,299.2,101.1,D,0
-21.1396,121.0211,345.1,1,1,2014-10-27,0542,Aqua,MODIS,87,6.2,307.3,37.1,D,0
-21.669,121.0445,364.1,1,1,2014-10-27,0542,Aqua,MODIS,100,6.2,318.8,72.4,D,0
-21.6703,121.0348,399.7,1,1,2014-10-27,0542,Aqua,MODIS,100,6.2,322.8,228.9,D,0
-21.6717,121.0251,411.8,1,1,2014-10-27,0542,Aqua,MODIS,100,6.2,324,312.1,D,0
-21.6794,121.0363,334.5,1,1,2014-10-27,0542,Aqua,MODIS,43,6.2,308.1,11.4,D,0
-21.678,121.046,337.5,1,1,2014-10-27,0542,Aqua,MODIS,54,6.2,302.4,14.6,D,0
-20.4115,121.556,338.2,1,1,2014-10-27,0542,Aqua,MODIS,70,6.2,321,9.8,D,0
-21.1383,121.0308,354.3,1,1,2014-10-27,0542,Aqua,MODIS,96,6.2,308.8,55.5,D,0
-20.4556,123.1699,346.5,1.1,1,2014-10-27,0542,Aqua,MODIS,63,6.2,321.1,28.9,D,0
-20.959,120.1322,357.1,1,1,2014-10-27,0542,Aqua,MODIS,98,6.2,322.2,54.6,D,0
-20.9512,120.1207,340.1,1,1,2014-10-27,0542,Aqua,MODIS,50,6.2,319.6,17.9,D,0
-21.2639,121.1818,428,1,1,2014-10-27,0542,Aqua,MODIS,100,6.2,330.3,439.7,D,0
-21.2652,121.1722,339.6,1,1,2014-10-27,0542,Aqua,MODIS,78,6.2,319.7,15,D,0
-21.2565,121.1749,338.1,1,1,2014-10-27,0542,Aqua,MODIS,67,6.2,320.1,13.8,D,0
-21.664,121.0139,401.2,1,1,2014-10-27,0542,Aqua,MODIS,100,6.2,322.4,242.4,D,0
-21.673,121.0154,338.2,1,1,2014-10-27,0542,Aqua,MODIS,77,6.2,316.2,17.7,D,0
-21.05,121.3355,343.3,1,1,2014-10-27,0542,Aqua,MODIS,41,6.2,325,16.9,D,0
-20.4419,121.473,385.5,1,1,2014-10-27,0542,Aqua,MODIS,87,6.2,301.7,160.2,D,0
-20.4522,121.465,399.7,1,1,2014-10-27,0542,Aqua,MODIS,87,6.2,313.5,235.4,D,0
-20.4508,121.4745,438.6,1,1,2014-10-27,0542,Aqua,MODIS,100,6.2,319.8,558.1,D,0
-19.3173,131.8025,333.5,4.2,1.9,2014-10-27,0542,Aqua,MODIS,52,6.2,309.8,114.8,D,0
-19.3669,131.7316,336.8,4.2,1.9,2014-10-27,0542,Aqua,MODIS,77,6.2,312,164.3,D,0
-19.3706,131.7402,346.2,4.2,1.9,2014-10-27,0542,Aqua,MODIS,89,6.2,312.9,294.7,D,0
-20.9682,120.1336,343.2,1,1,2014-10-27,0542,Aqua,MODIS,62,6.2,319.1,22.8,D,0
-21.1667,121.0255,382.3,1,1,2014-10-27,0542,Aqua,MODIS,100,6.2,316.1,147.8,D,0
-21.1653,121.0352,346.7,1,1,2014-10-27,0542,Aqua,MODIS,88,6.2,312.7,37.3,D,0
-21.1793,121.0671,341.7,1,1,2014-10-27,0542,Aqua,MODIS,76,6.2,318.9,21.8,D,0
-20.8981,120.1775,337.5,1,1,2014-10-27,0542,Aqua,MODIS,64,6.2,317.9,15.3,D,0
-21.0975,121.3195,345.1,1,1,2014-10-27,0542,Aqua,MODIS,31,6.2,323.8,18.8,D,0
-20.8994,120.1674,335.6,1,1,2014-10-27,0542,Aqua,MODIS,33,6.2,318.5,11.4,D,0
-21.2625,121.1915,380.6,1,1,2014-10-27,0542,Aqua,MODIS,100,6.2,324.3,125.2,D,0
-21.0486,121.3451,343.5,1,1,2014-10-27,0542,Aqua,MODIS,63,6.2,324,17.9,D,0
-21.1779,121.0767,337.6,1,1,2014-10-27,0542,Aqua,MODIS,61,6.2,319.7,15,D,0
-21.2715,121.1929,401.8,1,1,2014-10-27,0542,Aqua,MODIS,100,6.2,326.5,234.1,D,0
-21.2729,121.1833,348.9,1,1,2014-10-27,0542,Aqua,MODIS,88,6.2,318.3,30.5,D,0
-18.6741,131.0874,329.7,3.9,1.8,2014-10-27,0542,Aqua,MODIS,20,6.2,315.1,58.9,D,0
-21.0396,121.3437,363.1,1,1,2014-10-27,0542,Aqua,MODIS,100,6.2,327.6,61.1,D,0
-21.0678,121.3342,369.2,1,1,2014-10-27,0542,Aqua,MODIS,100,6.2,324.3,80.4,D,0
-21.0782,121.3261,344.8,1,1,2014-10-27,0542,Aqua,MODIS,41,6.2,325.9,21.2,D,0
-21.0768,121.3357,339.3,1,1,2014-10-27,0542,Aqua,MODIS,21,6.2,321.5,12.1,D,0
-21.2702,121.2026,384.9,1,1,2014-10-27,0542,Aqua,MODIS,100,6.2,326.5,143,D,0
-20.9171,120.0369,356.6,1.1,1,2014-10-27,0542,Aqua,MODIS,97,6.2,320.1,58.3,D,0
-20.9463,120.9579,351.1,1,1,2014-10-27,0542,Aqua,MODIS,71,6.2,314.3,48.1,D,0
-14.2603,130.9323,338.1,4.7,2,2014-10-27,0543,Aqua,MODIS,84,6.2,306.5,238.1,D,0
-14.2544,130.9715,332,4.7,2,2014-10-27,0543,Aqua,MODIS,63,6.2,305.2,144.6,D,0
-16.2285,131.2731,335.1,4.5,2,2014-10-27,0543,Aqua,MODIS,74,6.2,313.3,129.2,D,0
-16.2298,131.268,337.2,4.5,2,2014-10-27,0543,Aqua,MODIS,66,6.2,313.2,149.9,D,0
-14.392,130.9221,325.5,4.6,2,2014-10-27,0543,Aqua,MODIS,30,6.2,298,106.1,D,0
-16.2472,131.2715,333.5,4.5,2,2014-10-27,0543,Aqua,MODIS,61,6.2,313.7,102.6,D,0
-14.5322,131.142,336.7,4.8,2,2014-10-27,0543,Aqua,MODIS,56,6.2,307.7,204.4,D,0
-14.5465,131.1505,331.8,4.8,2,2014-10-27,0543,Aqua,MODIS,75,6.2,308.9,148.3,D,0
-14.5376,131.1946,332.9,4.8,2,2014-10-27,0543,Aqua,MODIS,72,6.2,310.2,155.8,D,0
-14.2627,130.928,330.5,4.7,2,2014-10-27,0543,Aqua,MODIS,43,6.2,306.7,134.7,D,0
-14.5413,131.1904,335.7,4.8,2,2014-10-27,0543,Aqua,MODIS,81,6.2,310,195.5,D,0
-14.2449,130.925,340.7,4.7,2,2014-10-27,0543,Aqua,MODIS,87,6.2,301.5,283.9,D,0
-14.5499,131.146,327.9,4.8,2,2014-10-27,0543,Aqua,MODIS,56,6.2,308.8,102.2,D,0
-14.2517,130.9755,332.1,4.7,2,2014-10-27,0543,Aqua,MODIS,69,6.2,304,145.9,D,0
-15.7689,124.5434,341.3,1.5,1.2,2014-10-27,0543,Aqua,MODIS,87,6.2,306.8,46.3,D,0
-15.7753,124.553,329.6,1.5,1.2,2014-10-27,0543,Aqua,MODIS,48,6.2,308.1,16.9,D,0
-15.7666,124.5571,348.5,1.5,1.2,2014-10-27,0543,Aqua,MODIS,92,6.2,306.5,71.1,D,0
-15.7643,124.5708,337,1.5,1.2,2014-10-27,0543,Aqua,MODIS,82,6.2,305,36,D,0
-15.7624,124.5648,340.8,1.5,1.2,2014-10-27,0543,Aqua,MODIS,86,6.2,305.4,47.7,D,0
-15.7646,124.551,346.6,1.5,1.2,2014-10-27,0543,Aqua,MODIS,91,6.2,306.2,64.3,D,0
-15.7668,124.5373,327.2,1.5,1.2,2014-10-27,0543,Aqua,MODIS,59,6.2,305.5,10.5,D,0
-15.7796,124.5454,330.5,1.5,1.2,2014-10-27,0543,Aqua,MODIS,61,6.2,308.6,16.6,D,0
-15.7775,124.5394,328.9,1.5,1.2,2014-10-27,0543,Aqua,MODIS,59,6.2,307.6,14.2,D,0
-16.2625,131.194,337.9,4.4,1.9,2014-10-27,0543,Aqua,MODIS,75,6.2,307.7,181.8,D,0
-16.2542,131.2352,355.6,4.5,1.9,2014-10-27,0543,Aqua,MODIS,97,6.2,312.6,478.6,D,0
-16.2369,131.2316,390.3,4.5,1.9,2014-10-27,0543,Aqua,MODIS,100,6.2,313.6,1566.9,D,0
-16.2451,131.1906,368.1,4.4,1.9,2014-10-27,0543,Aqua,MODIS,100,6.2,308.7,789.4,D,0
-16.2552,131.2302,350.1,4.5,1.9,2014-10-27,0543,Aqua,MODIS,93,6.2,312.2,368.8,D,0
-16.2379,131.2265,396.8,4.5,1.9,2014-10-27,0543,Aqua,MODIS,100,6.2,313.2,1864.6,D,0
-16.2459,131.1854,356.1,4.4,1.9,2014-10-27,0543,Aqua,MODIS,97,6.2,307.9,496,D,0
-14.3991,130.9717,325.4,4.7,2,2014-10-27,0543,Aqua,MODIS,46,6.2,300.1,105.9,D,0
-15.0614,126.5039,332.3,2.1,1.4,2014-10-27,0543,Aqua,MODIS,70,6.2,303.8,46,D,0
-15.0621,126.4986,330.9,2.1,1.4,2014-10-27,0543,Aqua,MODIS,63,6.2,304,41.6,D,0
-15.0277,126.4723,373,2.1,1.4,2014-10-27,0543,Aqua,MODIS,94,6.2,302.5,324.6,D,0
-15.7469,124.661,345,1.5,1.2,2014-10-27,0543,Aqua,MODIS,84,6.2,303.7,67.3,D,0
-15.76,124.6489,334.6,1.5,1.2,2014-10-27,0543,Aqua,MODIS,80,6.2,305.3,34.4,D,0
-15.7577,124.6631,352.4,1.5,1.2,2014-10-27,0543,Aqua,MODIS,90,6.2,302.1,97.2,D,0
-17.2224,124.6496,359.8,1.4,1.2,2014-10-27,0543,Aqua,MODIS,99,6.2,311.2,108.5,D,0
-17.2097,124.6609,334.8,1.4,1.2,2014-10-27,0543,Aqua,MODIS,41,6.2,313.1,22.7,D,0
-15.7613,124.655,346.2,1.5,1.2,2014-10-27,0543,Aqua,MODIS,86,6.2,304.5,72.3,D,0
-15.7528,124.6392,325.8,1.5,1.2,2014-10-27,0543,Aqua,MODIS,37,6.2,303.9,12.1,D,0
-17.2245,124.6364,340.1,1.4,1.2,2014-10-27,0543,Aqua,MODIS,55,6.2,309.4,34.6,D,0
-15.7721,124.6571,366.3,1.5,1.2,2014-10-27,0543,Aqua,MODIS,0,6.2,304.1,164.2,D,0
-15.7636,124.641,332.3,1.5,1.2,2014-10-27,0543,Aqua,MODIS,75,6.2,304.6,28.7,D,0
-15.7744,124.6433,339.7,1.5,1.2,2014-10-27,0543,Aqua,MODIS,64,6.2,304.6,49.3,D,0
-17.2577,124.4296,337.6,1.4,1.2,2014-10-27,0543,Aqua,MODIS,52,6.2,313.2,25.2,D,0
-17.2557,124.4423,340.4,1.4,1.2,2014-10-27,0543,Aqua,MODIS,62,6.2,312.5,34.4,D,0
-15.7589,124.6693,332,1.5,1.2,2014-10-27,0543,Aqua,MODIS,48,6.2,299.5,32.6,D,0
-15.7481,124.6671,349,1.5,1.2,2014-10-27,0543,Aqua,MODIS,93,6.2,302.7,84.7,D,0
-15.7505,124.6529,351.7,1.5,1.2,2014-10-27,0543,Aqua,MODIS,95,6.2,304.9,91,D,0
-15.7492,124.647,335.2,1.5,1.2,2014-10-27,0543,Aqua,MODIS,80,6.2,304.1,34.2,D,0
-15.4386,126.2264,366.9,2,1.4,2014-10-27,0543,Aqua,MODIS,100,6.2,313.9,236,D,0
-14.3841,130.9558,339.6,4.7,2,2014-10-27,0543,Aqua,MODIS,81,6.2,300.5,271.2,D,0
-17.2626,124.4361,340.8,1.4,1.2,2014-10-27,0543,Aqua,MODIS,47,6.2,314.6,26.5,D,0
-14.3585,130.9941,330.2,4.7,2,2014-10-27,0543,Aqua,MODIS,42,6.2,303.4,122.7,D,0
-14.4015,130.9677,326,4.7,2,2014-10-27,0543,Aqua,MODIS,37,6.2,299.9,109.5,D,0
-14.384,130.9634,343.9,4.7,2,2014-10-27,0543,Aqua,MODIS,89,6.2,300.7,341.2,D,0
-32.406,135.7049,302.8,1.7,1.3,2014-10-27,1325,Terra,MODIS,51,6.2,282.3,15.9,N,0
-29.619,152.304,309.6,4.1,1.9,2014-10-27,1325,Terra,MODIS,78,6.2,292,63.1,N,0
-29.6212,152.3113,308,4.1,1.9,2014-10-27,1325,Terra,MODIS,73,6.2,292,56.1,N,0
-27.5329,129.0027,301.3,4.2,1.9,2014-10-27,1327,Terra,MODIS,22,6.2,290.3,35.9,N,0
-24.4672,146.2063,311.2,2.1,1.4,2014-10-27,1327,Terra,MODIS,65,6.2,291.7,30.2,N,0
-24.4676,146.201,310.9,2.1,1.4,2014-10-27,1327,Terra,MODIS,73,6.2,292.3,28.9,N,0
-20.5684,140.6906,305.7,1.1,1.1,2014-10-27,1328,Terra,MODIS,20,6.2,295.7,5.9,N,0
-19.6792,143.5555,311.5,1.7,1.3,2014-10-27,1328,Terra,MODIS,83,6.2,296.5,18.4,N,0
-20.57,140.6799,328.2,1.1,1.1,2014-10-27,1328,Terra,MODIS,100,6.2,296.8,29,N,0
-16.5295,142.5556,321.5,1.7,1.3,2014-10-27,1329,Terra,MODIS,100,6.2,296.8,33.3,N,0
-15.3556,142.4863,327.3,1.7,1.3,2014-10-27,1329,Terra,MODIS,100,6.2,296.5,50.4,N,0
-16.3633,142.6474,313.5,1.7,1.3,2014-10-27,1329,Terra,MODIS,49,6.2,297,18.2,N,0
-15.4393,142.3937,310.8,1.7,1.3,2014-10-27,1329,Terra,MODIS,81,6.2,295,18.6,N,0
-16.4657,142.656,316.9,1.7,1.3,2014-10-27,1329,Terra,MODIS,94,6.2,297.8,25.3,N,0
-15.3362,142.5321,314.7,1.7,1.3,2014-10-27,1329,Terra,MODIS,55,6.2,295.8,22.4,N,0
-15.2961,142.5578,313.5,1.7,1.3,2014-10-27,1329,Terra,MODIS,21,6.2,295.2,20.2,N,0
-15.3672,142.4884,325.6,1.7,1.3,2014-10-27,1329,Terra,MODIS,100,6.2,296.4,47.4,N,0
-16.4543,142.6539,310.4,1.7,1.3,2014-10-27,1329,Terra,MODIS,43,6.2,297.2,13.6,N,0
-16.5218,142.6021,312.4,1.7,1.3,2014-10-27,1329,Terra,MODIS,85,6.2,297.5,18,N,0
-16.5156,142.569,310,1.7,1.3,2014-10-27,1329,Terra,MODIS,58,6.2,296.9,13.5,N,0
-16.4486,142.6309,307.5,1.7,1.3,2014-10-27,1329,Terra,MODIS,51,6.2,297.5,10.4,N,0
-15.4319,142.2967,307.3,1.7,1.3,2014-10-27,1329,Terra,MODIS,38,6.2,294.8,12.1,N,0
-16.457,142.6382,320.2,1.7,1.3,2014-10-27,1329,Terra,MODIS,100,6.2,298.1,30.6,N,0
-16.4315,142.6496,339.8,1.7,1.3,2014-10-27,1329,Terra,MODIS,100,6.2,298.8,86.4,N,0
-16.4232,142.6423,314.2,1.7,1.3,2014-10-27,1329,Terra,MODIS,89,6.2,297.5,20.3,N,0
-16.5053,142.6311,312,1.7,1.3,2014-10-27,1329,Terra,MODIS,84,6.2,297.4,16.9,N,0
-15.3388,142.516,320.6,1.7,1.3,2014-10-27,1329,Terra,MODIS,100,6.2,295.4,33.9,N,0
-15.2701,142.5697,332.5,1.8,1.3,2014-10-27,1329,Terra,MODIS,100,6.2,296,66.7,N,0
-16.5079,142.6155,331.3,1.7,1.3,2014-10-27,1329,Terra,MODIS,100,6.2,298.5,58.1,N,0
-15.3246,142.5299,310,1.7,1.3,2014-10-27,1329,Terra,MODIS,37,6.2,294.9,14.8,N,0
-15.3661,142.4775,330,1.7,1.3,2014-10-27,1329,Terra,MODIS,100,6.2,296,59.9,N,0
-16.5167,142.6332,311.8,1.7,1.3,2014-10-27,1329,Terra,MODIS,83,6.2,297.2,17.8,N,0
-15.4278,142.3916,321.7,1.7,1.3,2014-10-27,1329,Terra,MODIS,100,6.2,295.6,37.9,N,0
-16.4429,142.6517,316.2,1.7,1.3,2014-10-27,1329,Terra,MODIS,93,6.2,297.7,23.6,N,0
-15.4345,142.2814,324.1,1.7,1.3,2014-10-27,1329,Terra,MODIS,100,6.2,295.3,43.1,N,0
-16.355,142.6394,318.6,1.7,1.3,2014-10-27,1329,Terra,MODIS,97,6.2,297.3,28.8,N,0
-15.4772,142.1642,314.5,1.6,1.3,2014-10-27,1329,Terra,MODIS,89,6.2,295.1,23,N,0
-16.3519,142.6453,314.8,1.7,1.3,2014-10-27,1329,Terra,MODIS,61,6.2,297,20.5,N,0
-15.1793,142.9959,305.8,1.9,1.3,2014-10-27,1329,Terra,MODIS,45,6.2,294.7,12.8,N,0
-16.4684,142.6403,341.2,1.7,1.3,2014-10-27,1329,Terra,MODIS,100,6.2,299.4,90.8,N,0
-16.4597,142.6226,310.9,1.7,1.3,2014-10-27,1329,Terra,MODIS,31,6.2,297.2,13.9,N,0
-16.4456,142.6361,321.2,1.7,1.3,2014-10-27,1329,Terra,MODIS,100,6.2,297.9,33.3,N,0
-16.4965,142.6134,312.5,1.7,1.3,2014-10-27,1329,Terra,MODIS,21,6.2,297.6,15.4,N,0
-16.4372,142.6288,314.2,1.7,1.3,2014-10-27,1329,Terra,MODIS,89,6.2,297.5,20.4,N,0
-16.527,142.5711,328.9,1.7,1.3,2014-10-27,1329,Terra,MODIS,100,6.2,298.5,50.6,N,0
-15.3464,142.5231,314.6,1.7,1.3,2014-10-27,1329,Terra,MODIS,61,6.2,295.2,22.4,N,0
-15.4257,142.264,309.6,1.7,1.3,2014-10-27,1329,Terra,MODIS,78,6.2,294.1,16.2,N,0
-16.4346,142.6445,343.7,1.7,1.3,2014-10-27,1329,Terra,MODIS,100,6.2,299.4,100.7,N,0
-15.3518,142.4913,308.8,1.7,1.3,2014-10-27,1329,Terra,MODIS,36,6.2,295.3,13.8,N,0
-15.4684,142.1471,309.2,1.6,1.3,2014-10-27,1329,Terra,MODIS,77,6.2,294.8,16,N,0
-16.4117,142.6402,333.2,1.7,1.3,2014-10-27,1329,Terra,MODIS,100,6.2,298.5,63.7,N,0
-16.5192,142.6176,353.6,1.7,1.3,2014-10-27,1329,Terra,MODIS,100,6.2,300.9,143.7,N,0
-15.3273,142.5139,312.7,1.7,1.3,2014-10-27,1329,Terra,MODIS,77,6.2,294.6,19.2,N,0
-16.3435,142.6372,309.7,1.7,1.3,2014-10-27,1329,Terra,MODIS,78,6.2,296.4,14.5,N,0
-16.4711,142.6247,308.6,1.7,1.3,2014-10-27,1329,Terra,MODIS,57,6.2,297,11.3,N,0
-16.4939,142.629,320.2,1.7,1.3,2014-10-27,1329,Terra,MODIS,100,6.2,298,30.7,N,0
-16.6405,142.7822,318.1,1.7,1.3,2014-10-27,1329,Terra,MODIS,96,6.2,298.3,29.5,N,0
-16.432,142.6602,311.5,1.7,1.3,2014-10-27,1329,Terra,MODIS,72,6.2,297.3,16.1,N,0
-15.4796,142.1492,315.1,1.6,1.3,2014-10-27,1329,Terra,MODIS,91,6.2,295.1,24,N,0
-16.446,142.6466,313.4,1.7,1.3,2014-10-27,1329,Terra,MODIS,87,6.2,297.6,19.7,N,0
-15.4232,142.2793,316.5,1.7,1.3,2014-10-27,1329,Terra,MODIS,93,6.2,295.2,27.7,N,0
-16.4003,142.6381,328.9,1.7,1.3,2014-10-27,1329,Terra,MODIS,100,6.2,298.5,51.5,N,0
-16.629,142.7801,317.5,1.7,1.3,2014-10-27,1329,Terra,MODIS,95,6.2,297.7,28.7,N,0
-15.3546,142.4754,327.5,1.7,1.3,2014-10-27,1329,Terra,MODIS,100,6.2,295.7,52.5,N,0
-16.4091,142.6559,333,1.7,1.3,2014-10-27,1329,Terra,MODIS,100,6.2,298.5,63.1,N,0
-15.3436,142.5391,309.8,1.7,1.3,2014-10-27,1329,Terra,MODIS,62,6.2,295.2,15.8,N,0
-16.5182,142.5535,307.8,1.7,1.3,2014-10-27,1329,Terra,MODIS,26,6.2,296.1,10.3,N,0
-15.3582,142.4704,322.2,1.7,1.3,2014-10-27,1329,Terra,MODIS,100,6.2,295.1,38.7,N,0
-15.3634,142.4934,327.2,1.7,1.3,2014-10-27,1329,Terra,MODIS,100,6.2,296.4,52.1,N,0
-15.2817,142.5718,308.7,1.8,1.3,2014-10-27,1329,Terra,MODIS,21,6.2,295.2,13.6,N,0
-16.4342,142.634,320.7,1.7,1.3,2014-10-27,1329,Terra,MODIS,100,6.2,297.8,33.3,N,0
-15.3441,142.4842,310.8,1.7,1.3,2014-10-27,1329,Terra,MODIS,61,6.2,295,17.3,N,0
-17.0921,139.0349,313.9,1,1,2014-10-27,1329,Terra,MODIS,87,6.2,296.8,11.2,N,0
-16.9497,142.7288,309.7,1.7,1.3,2014-10-27,1329,Terra,MODIS,78,6.2,296.9,13.6,N,0
-16.927,142.7245,322.2,1.7,1.3,2014-10-27,1329,Terra,MODIS,100,6.2,296.8,35.6,N,0
-16.675,142.7887,316.6,1.7,1.3,2014-10-27,1329,Terra,MODIS,93,6.2,298.6,25.7,N,0
-19.8068,128.5129,311.2,3.7,1.8,2014-10-27,1329,Terra,MODIS,82,6.2,295.3,60.4,N,0
-19.8159,128.5068,310.4,3.7,1.8,2014-10-27,1329,Terra,MODIS,80,6.2,296.1,57.6,N,0
-16.9819,130.8036,316.1,2.3,1.5,2014-10-27,1329,Terra,MODIS,92,6.2,298.8,35.3,N,0
-16.9842,130.7825,309.2,2.3,1.5,2014-10-27,1329,Terra,MODIS,74,6.2,298.2,18.5,N,0
-16.9852,130.7987,317.9,2.3,1.5,2014-10-27,1329,Terra,MODIS,96,6.2,298.8,40.8,N,0
-15.165,145.1622,302.8,2.8,1.6,2014-10-27,1329,Terra,MODIS,52,6.2,291.9,24.2,N,0
-16.9687,130.8022,317.6,2.3,1.5,2014-10-27,1329,Terra,MODIS,95,6.2,298.6,38.7,N,0
-16.972,130.7973,322.6,2.3,1.5,2014-10-27,1329,Terra,MODIS,100,6.2,298.9,55.7,N,0
-16.9588,130.7956,321.3,2.3,1.5,2014-10-27,1329,Terra,MODIS,100,6.2,298.4,50.5,N,0
-16.9457,130.7939,320.6,2.3,1.5,2014-10-27,1329,Terra,MODIS,100,6.2,297.9,48.6,N,0
-16.9325,130.7923,312.8,2.3,1.5,2014-10-27,1329,Terra,MODIS,84,6.2,298,25.8,N,0
-17.0058,142.6648,309.5,1.7,1.3,2014-10-27,1329,Terra,MODIS,16,6.2,296.4,12.4,N,0
-17.0031,142.6803,318.2,1.7,1.3,2014-10-27,1329,Terra,MODIS,96,6.2,297.3,26.7,N,0
-17.0005,142.6957,340.7,1.7,1.3,2014-10-27,1329,Terra,MODIS,100,6.2,298.9,87.3,N,0
-16.652,142.7844,362.7,1.7,1.3,2014-10-27,1329,Terra,MODIS,100,6.2,302.3,200.7,N,0
-16.6547,142.7685,320,1.7,1.3,2014-10-27,1329,Terra,MODIS,100,6.2,298.2,32.5,N,0
-16.9865,142.7091,359.7,1.7,1.3,2014-10-27,1329,Terra,MODIS,100,6.2,300.7,174.4,N,0
-16.9751,142.7069,370,1.7,1.3,2014-10-27,1329,Terra,MODIS,100,6.2,304,238.8,N,0
-16.9891,142.6936,353.8,1.7,1.3,2014-10-27,1329,Terra,MODIS,100,6.2,299.9,141.1,N,0
-16.9778,142.6915,313.7,1.7,1.3,2014-10-27,1329,Terra,MODIS,57,6.2,297.6,17.3,N,0
-16.9663,142.6998,338.2,1.7,1.3,2014-10-27,1329,Terra,MODIS,100,6.2,300,77.5,N,0
-16.9296,142.709,332.3,1.7,1.3,2014-10-27,1329,Terra,MODIS,100,6.2,298.7,61.2,N,0
-16.989,142.7041,350,1.7,1.3,2014-10-27,1329,Terra,MODIS,100,6.2,300.7,124.3,N,0
-16.7032,142.7612,327.5,1.7,1.3,2014-10-27,1329,Terra,MODIS,100,6.2,299,48.4,N,0
-16.9637,142.7153,367.5,1.7,1.3,2014-10-27,1329,Terra,MODIS,100,6.2,303.8,222.2,N,0
-16.0462,136.9781,311.5,1,1,2014-10-27,1329,Terra,MODIS,81,6.2,295.2,9.4,N,0
-16.941,142.7111,318.1,1.7,1.3,2014-10-27,1329,Terra,MODIS,96,6.2,298.3,27.6,N,0
-16.7006,142.7771,326.1,1.7,1.3,2014-10-27,1329,Terra,MODIS,100,6.2,299.8,44.8,N,0
-16.9777,142.7019,369.1,1.7,1.3,2014-10-27,1329,Terra,MODIS,100,6.2,303,231.7,N,0
-16.7792,142.717,308,1.7,1.3,2014-10-27,1329,Terra,MODIS,66,6.2,296.6,12.5,N,0
-16.6998,142.7672,345.1,1.7,1.3,2014-10-27,1329,Terra,MODIS,100,6.2,300.5,107.3,N,0
-16.6971,142.783,341.2,1.7,1.3,2014-10-27,1329,Terra,MODIS,100,6.2,300,92.4,N,0
-16.7026,142.7514,322.2,1.7,1.3,2014-10-27,1329,Terra,MODIS,100,6.2,298.1,36.3,N,0
-16.6884,142.765,342.2,1.7,1.3,2014-10-27,1329,Terra,MODIS,100,6.2,300.1,95.2,N,0
-16.6856,142.7809,340.7,1.7,1.3,2014-10-27,1329,Terra,MODIS,100,6.2,300.1,89.4,N,0
-16.9916,142.6886,336.3,1.7,1.3,2014-10-27,1329,Terra,MODIS,100,6.2,299,70.7,N,0
-16.8814,142.716,308.8,1.7,1.3,2014-10-27,1329,Terra,MODIS,74,6.2,295.9,13.3,N,0
-16.8955,142.712,305.8,1.7,1.3,2014-10-27,1329,Terra,MODIS,34,6.2,295.8,9.2,N,0
-16.9724,142.7225,322.3,1.7,1.3,2014-10-27,1329,Terra,MODIS,100,6.2,298.5,36.3,N,0
-16.6777,142.7728,342.1,1.7,1.3,2014-10-27,1329,Terra,MODIS,100,6.2,300.7,96.3,N,0
-16.6918,142.7591,324.9,1.7,1.3,2014-10-27,1329,Terra,MODIS,100,6.2,298.8,43.2,N,0
-16.9549,142.6977,315.6,1.7,1.3,2014-10-27,1329,Terra,MODIS,76,6.2,297.7,21.5,N,0
-16.6891,142.7749,364.2,1.7,1.3,2014-10-27,1329,Terra,MODIS,100,6.2,303.1,208.5,N,0
-16.9751,142.7175,354.2,1.7,1.3,2014-10-27,1329,Terra,MODIS,100,6.2,300.7,144.8,N,0
-16.7058,142.7454,311.6,1.7,1.3,2014-10-27,1329,Terra,MODIS,60,6.2,297,16,N,0
-16.9611,142.7309,312.6,1.7,1.3,2014-10-27,1329,Terra,MODIS,55,6.2,297.4,17,N,0
-16.7903,142.7084,306.9,1.7,1.3,2014-10-27,1329,Terra,MODIS,38,6.2,296.5,10.8,N,0
-16.8928,142.7181,320.3,1.7,1.3,2014-10-27,1329,Terra,MODIS,100,6.2,296.6,32.2,N,0
-16.9523,142.7132,328.1,1.7,1.3,2014-10-27,1329,Terra,MODIS,100,6.2,299.2,49.8,N,0
-16.8701,142.7233,307,1.7,1.3,2014-10-27,1329,Terra,MODIS,70,6.2,295.7,11.4,N,0
-16.8929,142.7276,322.9,1.7,1.3,2014-10-27,1329,Terra,MODIS,100,6.2,296.7,39.1,N,0
-16.8787,142.7316,307.9,1.7,1.3,2014-10-27,1329,Terra,MODIS,65,6.2,295.7,12,N,0
-16.8901,142.7337,313.4,1.7,1.3,2014-10-27,1329,Terra,MODIS,70,6.2,296.1,19.2,N,0
-16.8815,142.7255,314.6,1.7,1.3,2014-10-27,1329,Terra,MODIS,89,6.2,296.3,22.6,N,0
-16.6662,142.7706,332.6,1.7,1.3,2014-10-27,1329,Terra,MODIS,100,6.2,299.7,63.9,N,0
-16.6635,142.7865,350,1.7,1.3,2014-10-27,1329,Terra,MODIS,100,6.2,301.2,130.6,N,0
-19.4011,131.8176,310.6,2.1,1.4,2014-10-27,1329,Terra,MODIS,78,6.2,297.3,21.3,N,0
-19.3718,131.7339,310.9,2.1,1.4,2014-10-27,1329,Terra,MODIS,63,6.2,295.4,22.7,N,0
-19.4037,131.8035,357.4,2.1,1.4,2014-10-27,1329,Terra,MODIS,100,6.2,302.2,222.3,N,0
-19.4033,131.7979,359.1,2.1,1.4,2014-10-27,1329,Terra,MODIS,100,6.2,302.9,235.9,N,0
-19.2372,131.8842,310.8,2,1.4,2014-10-27,1329,Terra,MODIS,32,6.2,295.2,21.4,N,0
-19.3359,131.8295,313.7,2.1,1.4,2014-10-27,1329,Terra,MODIS,29,6.2,298.4,25.8,N,0
-19.2385,131.8898,305.8,2,1.4,2014-10-27,1329,Terra,MODIS,15,6.2,294.2,12.9,N,0
-19.3737,131.8341,310.4,2.1,1.4,2014-10-27,1329,Terra,MODIS,73,6.2,297.5,20.9,N,0
-19.3076,131.8393,308,2.1,1.4,2014-10-27,1329,Terra,MODIS,45,6.2,296.3,17,N,0
-19.3845,131.7355,348.4,2.1,1.4,2014-10-27,1329,Terra,MODIS,100,6.2,299.5,166.7,N,0
-19.3268,131.7821,310.9,2.1,1.4,2014-10-27,1329,Terra,MODIS,62,6.2,295.2,22.9,N,0
-19.3202,131.8408,316.2,2.1,1.4,2014-10-27,1329,Terra,MODIS,76,6.2,297.8,33.2,N,0
-19.3611,131.8326,349.4,2.1,1.4,2014-10-27,1329,Terra,MODIS,100,6.2,300,165.9,N,0
-19.3632,131.813,365.8,2.1,1.4,2014-10-27,1329,Terra,MODIS,100,6.2,303.3,285.7,N,0
-19.3328,131.8423,317.3,2.1,1.4,2014-10-27,1329,Terra,MODIS,90,6.2,298.5,35.9,N,0
-19.378,131.7948,327.2,2.1,1.4,2014-10-27,1329,Terra,MODIS,100,6.2,300.2,62.3,N,0
-19.3087,131.8459,315.4,2.1,1.4,2014-10-27,1329,Terra,MODIS,79,6.2,297,31.9,N,0
-18.4399,132.7426,314.9,1.7,1.3,2014-10-27,1329,Terra,MODIS,90,6.2,295.7,26,N,0
-19.3295,131.7689,307.3,2.1,1.4,2014-10-27,1329,Terra,MODIS,45,6.2,294.9,16.3,N,0
-19.3972,131.737,346.4,2.1,1.4,2014-10-27,1329,Terra,MODIS,100,6.2,299.1,154.3,N,0
-18.4283,132.7411,305.8,1.7,1.3,2014-10-27,1329,Terra,MODIS,66,6.2,294.7,12.3,N,0
-19.3212,131.8474,317,2.1,1.4,2014-10-27,1329,Terra,MODIS,75,6.2,297.6,35,N,0
-19.3885,131.816,361.4,2.1,1.4,2014-10-27,1329,Terra,MODIS,100,6.2,304.1,251.3,N,0
-19.3907,131.7964,351,2.1,1.4,2014-10-27,1329,Terra,MODIS,100,6.2,303.3,177.3,N,0
-19.3275,131.7887,307.1,2.1,1.4,2014-10-27,1329,Terra,MODIS,17,6.2,295.6,14.9,N,0
-19.3759,131.8145,384.8,2.1,1.4,2014-10-27,1329,Terra,MODIS,100,6.2,307.5,491.9,N,0
-19.3506,131.8114,338.6,2.1,1.4,2014-10-27,1329,Terra,MODIS,100,6.2,299.4,105.6,N,0
-19.2929,131.8572,315.8,2,1.4,2014-10-27,1329,Terra,MODIS,92,6.2,296.2,34.3,N,0
-18.2408,132.7867,310.5,1.7,1.3,2014-10-27,1329,Terra,MODIS,80,6.2,295.4,18.3,N,0
-19.3054,131.8587,316.1,2,1.4,2014-10-27,1329,Terra,MODIS,92,6.2,296.3,34.8,N,0
-19.3338,131.849,309.2,2.1,1.4,2014-10-27,1329,Terra,MODIS,59,6.2,297.2,19.1,N,0
-18.2523,132.7881,314.2,1.7,1.3,2014-10-27,1329,Terra,MODIS,89,6.2,295.5,24.4,N,0
-19.4058,131.7838,327.5,2.1,1.4,2014-10-27,1329,Terra,MODIS,100,6.2,298,66.3,N,0
-19.3485,131.831,354.4,2.1,1.4,2014-10-27,1329,Terra,MODIS,100,6.2,300.4,196.7,N,0
-19.3064,131.6178,312.4,2.1,1.4,2014-10-27,1329,Terra,MODIS,85,6.2,293.5,32.6,N,0
-19.3042,131.638,309.3,2.1,1.4,2014-10-27,1329,Terra,MODIS,77,6.2,292.8,25.2,N,0
-19.3867,131.7155,322.7,2.1,1.4,2014-10-27,1329,Terra,MODIS,100,6.2,295.3,55.8,N,0
-19.2247,131.8827,307.1,2,1.4,2014-10-27,1329,Terra,MODIS,49,6.2,294.9,15.7,N,0
-19.4159,131.7994,313.8,2.1,1.4,2014-10-27,1329,Terra,MODIS,88,6.2,297.9,28.6,N,0
-19.4164,131.8051,307.2,2.1,1.4,2014-10-27,1329,Terra,MODIS,70,6.2,297.1,15.4,N,0
-19.3994,131.717,318.5,2.1,1.4,2014-10-27,1329,Terra,MODIS,97,6.2,296.4,43.5,N,0
-14.5513,131.0508,379.6,2,1.4,2014-10-27,1330,Terra,MODIS,100,6.2,305.9,407,N,0
-14.5491,131.0694,372.9,2,1.4,2014-10-27,1330,Terra,MODIS,100,6.2,304.9,334.8,N,0
-14.1984,131.3624,312,1.9,1.3,2014-10-27,1330,Terra,MODIS,41,6.2,297.9,18.3,N,0
-14.1911,131.3671,307.9,1.9,1.3,2014-10-27,1330,Terra,MODIS,14,6.2,297.5,11.5,N,0
-14.5411,131.0308,363.6,2,1.4,2014-10-27,1330,Terra,MODIS,100,6.2,301.6,252.7,N,0
-14.5535,131.0324,377.3,2,1.4,2014-10-27,1330,Terra,MODIS,100,6.2,305.6,385.4,N,0
-14.4051,130.963,311.2,2,1.4,2014-10-27,1330,Terra,MODIS,73,6.2,297.3,19.5,N,0
-14.361,131.4709,312.1,1.9,1.3,2014-10-27,1330,Terra,MODIS,82,6.2,297.8,20.8,N,0
-14.3362,131.4273,320.5,1.9,1.3,2014-10-27,1330,Terra,MODIS,100,6.2,297.9,37.2,N,0
-14.4066,130.969,311.2,2,1.4,2014-10-27,1330,Terra,MODIS,64,6.2,297.4,19.5,N,0
-14.4088,130.9498,321.5,2,1.4,2014-10-27,1330,Terra,MODIS,100,6.2,297.7,45.2,N,0
-14.4176,130.9649,307.4,2,1.4,2014-10-27,1330,Terra,MODIS,35,6.2,297.1,13,N,0
-14.363,131.4539,337.4,1.9,1.3,2014-10-27,1330,Terra,MODIS,100,6.2,299.7,90.7,N,0
-14.351,131.4523,315.1,1.9,1.3,2014-10-27,1330,Terra,MODIS,89,6.2,298,26,N,0
-14.356,131.4647,329,1.9,1.3,2014-10-27,1330,Terra,MODIS,100,6.2,298.8,61.7,N,0
-14.3581,131.4477,328.7,1.9,1.3,2014-10-27,1330,Terra,MODIS,100,6.2,299.1,60.5,N,0
-14.3461,131.4461,311.7,1.9,1.3,2014-10-27,1330,Terra,MODIS,81,6.2,297.7,19.5,N,0
-14.4713,130.9581,310.9,2,1.4,2014-10-27,1330,Terra,MODIS,30,6.2,297.4,19.5,N,0
-15.673,133.887,338,1.3,1.1,2014-10-27,1330,Terra,MODIS,100,6.2,301.3,54.9,N,0
-16.052,133.6188,313.3,1.4,1.2,2014-10-27,1330,Terra,MODIS,85,6.2,298.1,14,N,0
-16.0399,133.6302,311.1,1.4,1.2,2014-10-27,1330,Terra,MODIS,79,6.2,297.2,11.2,N,0
-15.7803,133.8452,323,1.3,1.1,2014-10-27,1330,Terra,MODIS,100,6.2,298.6,25.7,N,0
-12.9601,133.0008,310.2,1.4,1.2,2014-10-27,1330,Terra,MODIS,76,6.2,296.7,11.1,N,0
-12.3668,136.537,304.5,1,1,2014-10-27,1330,Terra,MODIS,60,6.2,293.9,5,N,0
-16.2733,134.2809,309,1.3,1.1,2014-10-27,1330,Terra,MODIS,10,6.2,296.6,8.2,N,0
-16.2718,134.2927,313.7,1.3,1.1,2014-10-27,1330,Terra,MODIS,70,6.2,297,12.7,N,0
-13.4151,134.0325,310.6,1.2,1.1,2014-10-27,1330,Terra,MODIS,79,6.2,296.5,10.2,N,0
-13.4137,134.0438,323.7,1.2,1.1,2014-10-27,1330,Terra,MODIS,100,6.2,298.4,25.6,N,0
-14.5082,132.1597,308.4,1.7,1.3,2014-10-27,1330,Terra,MODIS,70,6.2,295.9,14.8,N,0
-15.6377,133.9193,322.4,1.3,1.1,2014-10-27,1330,Terra,MODIS,100,6.2,298.1,25.2,N,0
-16.2712,131.2424,332.1,2.1,1.4,2014-10-27,1330,Terra,MODIS,100,6.2,300.3,82.4,N,0
-16.2586,131.2408,320.4,2.1,1.4,2014-10-27,1330,Terra,MODIS,100,6.2,298.1,43.3,N,0
-16.2631,131.2022,312,2.1,1.4,2014-10-27,1330,Terra,MODIS,73,6.2,298.2,21.6,N,0
-16.2652,131.1832,313.4,2.1,1.4,2014-10-27,1330,Terra,MODIS,85,6.2,297.6,26,N,0
-16.2504,131.2006,311.9,2.1,1.4,2014-10-27,1330,Terra,MODIS,75,6.2,297.4,20.7,N,0
-16.2334,131.2376,310.4,2.1,1.4,2014-10-27,1330,Terra,MODIS,69,6.2,296.1,19.3,N,0
-16.2104,131.2153,333.2,2.1,1.4,2014-10-27,1330,Terra,MODIS,100,6.2,298.6,87.8,N,0
-16.2126,131.1959,311.9,2.1,1.4,2014-10-27,1330,Terra,MODIS,71,6.2,297.2,22.7,N,0
-16.2073,131.2288,307.4,2.1,1.4,2014-10-27,1330,Terra,MODIS,41,6.2,295.9,14.5,N,0
-16.2095,131.2097,329.8,2.1,1.4,2014-10-27,1330,Terra,MODIS,100,6.2,298.8,75.3,N,0
-15.6494,133.9085,324.7,1.3,1.1,2014-10-27,1330,Terra,MODIS,100,6.2,298.6,28.3,N,0
-15.651,133.8964,316.7,1.3,1.1,2014-10-27,1330,Terra,MODIS,93,6.2,297.8,16.3,N,0
-13.4701,135.8143,311.7,1,1,2014-10-27,1330,Terra,MODIS,83,6.2,297.1,9.3,N,0
-15.7038,133.8721,352.3,1.3,1.1,2014-10-27,1330,Terra,MODIS,100,6.2,303.6,93.9,N,0
-14.1833,141.9084,313.4,1.6,1.3,2014-10-27,1330,Terra,MODIS,87,6.2,292.5,23.7,N,0
-15.6158,133.9285,312.8,1.3,1.1,2014-10-27,1330,Terra,MODIS,79,6.2,297,12.2,N,0
-15.7069,133.8668,356.7,1.3,1.1,2014-10-27,1330,Terra,MODIS,100,6.2,305.8,109.9,N,0
-16.0504,133.6316,319,1.4,1.2,2014-10-27,1330,Terra,MODIS,98,6.2,298.5,21.8,N,0
-15.6628,133.8856,319.2,1.3,1.1,2014-10-27,1330,Terra,MODIS,98,6.2,298.3,19.9,N,0
-15.6392,133.9071,309.8,1.3,1.1,2014-10-27,1330,Terra,MODIS,44,6.2,297.4,8.6,N,0
-15.695,133.8776,363.7,1.3,1.1,2014-10-27,1330,Terra,MODIS,100,6.2,304.7,139,N,0
-15.6746,133.8748,313.3,1.3,1.1,2014-10-27,1330,Terra,MODIS,78,6.2,298.3,12.3,N,0
-16.2702,134.3044,330.3,1.3,1.1,2014-10-27,1330,Terra,MODIS,100,6.2,298.5,36.4,N,0
-15.6966,133.8654,336.1,1.3,1.1,2014-10-27,1330,Terra,MODIS,100,6.2,301.7,49.6,N,0
-15.7274,133.8505,330.5,1.3,1.1,2014-10-27,1330,Terra,MODIS,100,6.2,301.1,37.8,N,0
-15.7377,133.8519,311.5,1.3,1.1,2014-10-27,1330,Terra,MODIS,43,6.2,298.5,9.5,N,0
-15.7085,133.8546,337.5,1.3,1.1,2014-10-27,1330,Terra,MODIS,100,6.2,303.1,51.8,N,0
-15.7156,133.8613,388.2,1.3,1.1,2014-10-27,1330,Terra,MODIS,100,6.2,309.1,278.5,N,0
-15.7054,133.8599,345.7,1.3,1.1,2014-10-27,1330,Terra,MODIS,100,6.2,303.5,72.8,N,0
-15.729,133.8382,318.8,1.3,1.1,2014-10-27,1330,Terra,MODIS,97,6.2,299.2,19.3,N,0
-16.2386,134.312,306.4,1.3,1.1,2014-10-27,1330,Terra,MODIS,60,6.2,295.4,7,N,0
-15.6832,133.8885,327,1.3,1.1,2014-10-27,1330,Terra,MODIS,100,6.2,300.4,31.9,N,0
-14.5402,141.6287,308.2,1.5,1.2,2014-10-27,1330,Terra,MODIS,74,6.2,293.8,15.3,N,0
-16.2502,134.3016,311.3,1.3,1.1,2014-10-27,1330,Terra,MODIS,65,6.2,296.7,10.8,N,0
-15.7187,133.8368,308.8,1.3,1.1,2014-10-27,1330,Terra,MODIS,25,6.2,298.6,7.2,N,0
-15.6848,133.8762,338.3,1.3,1.1,2014-10-27,1330,Terra,MODIS,100,6.2,301.5,55.2,N,0
-15.6597,133.9099,318.3,1.3,1.1,2014-10-27,1330,Terra,MODIS,96,6.2,298.4,18.6,N,0
-15.6714,133.8992,310.8,1.3,1.1,2014-10-27,1330,Terra,MODIS,49,6.2,298.5,9.8,N,0
-15.6612,133.8978,341.9,1.3,1.1,2014-10-27,1330,Terra,MODIS,100,6.2,300.6,64.3,N,0
-12.9585,133.0133,308.5,1.4,1.2,2014-10-27,1330,Terra,MODIS,32,6.2,296.7,8.7,N,0
-15.7171,133.8491,367,1.3,1.1,2014-10-27,1330,Terra,MODIS,100,6.2,305.1,154,N,0
-12.7111,136.3795,308.6,1,1,2014-10-27,1330,Terra,MODIS,75,6.2,294.4,7.6,N,0
-12.5208,136.0979,306.4,1,1,2014-10-27,1330,Terra,MODIS,68,6.2,295.1,5.7,N,0
-12.9278,133.0857,306.9,1.4,1.2,2014-10-27,1330,Terra,MODIS,64,6.2,296.7,7.4,N,0
-14.0175,135.5149,307.6,1.1,1,2014-10-27,1330,Terra,MODIS,39,6.2,296,6.3,N,0
-14.2734,131.3953,321.8,1.9,1.3,2014-10-27,1330,Terra,MODIS,100,6.2,298.3,40.3,N,0
-14.5318,131.2149,349.4,2,1.4,2014-10-27,1330,Terra,MODIS,100,6.2,300.5,154.7,N,0
-14.477,131.0164,332.7,2,1.4,2014-10-27,1330,Terra,MODIS,100,6.2,298.1,79.8,N,0
-14.0244,135.3964,307.2,1.1,1,2014-10-27,1330,Terra,MODIS,57,6.2,296.4,6.1,N,0
-14.0258,135.3865,317.9,1.1,1,2014-10-27,1330,Terra,MODIS,96,6.2,297,15.3,N,0
-14.0165,135.3852,310.4,1.1,1,2014-10-27,1330,Terra,MODIS,69,6.2,296.5,8.1,N,0
-14.5205,130.9903,318.3,2,1.4,2014-10-27,1330,Terra,MODIS,63,6.2,297.8,30.9,N,0
-14.5189,130.9836,315.4,2,1.4,2014-10-27,1330,Terra,MODIS,34,6.2,297.4,23.9,N,0
-14.4792,130.9978,317.2,2,1.4,2014-10-27,1330,Terra,MODIS,94,6.2,297.5,31,N,0
-14.2613,131.3938,332.5,1.9,1.3,2014-10-27,1330,Terra,MODIS,100,6.2,299,71.9,N,0
-14.2592,131.4109,327.8,1.9,1.3,2014-10-27,1330,Terra,MODIS,100,6.2,298.4,56.3,N,0
-14.5528,131.1441,367.9,2,1.4,2014-10-27,1330,Terra,MODIS,100,6.2,304.3,283.7,N,0
-13.9894,136.5064,308.7,1,1,2014-10-27,1330,Terra,MODIS,56,6.2,296,6.8,N,0
-14.2662,130.9383,309.2,2,1.4,2014-10-27,1330,Terra,MODIS,64,6.2,297.5,15.7,N,0
-14.2493,131.3921,312.8,1.9,1.3,2014-10-27,1330,Terra,MODIS,84,6.2,298.3,20.5,N,0
-14.2372,131.3906,319,1.9,1.3,2014-10-27,1330,Terra,MODIS,98,6.2,299.2,33.3,N,0
-14.2231,131.4063,323.6,1.9,1.3,2014-10-27,1330,Terra,MODIS,100,6.2,298.6,44,N,0
-14.2252,131.3891,342.2,1.9,1.3,2014-10-27,1330,Terra,MODIS,100,6.2,300.3,109.1,N,0
-14.2131,131.3875,315.6,1.9,1.3,2014-10-27,1330,Terra,MODIS,54,6.2,298.2,24.4,N,0
-14.2712,131.4125,324.8,1.9,1.3,2014-10-27,1330,Terra,MODIS,100,6.2,298.9,47.9,N,0
-14.2661,131.4008,350.7,1.9,1.3,2014-10-27,1330,Terra,MODIS,100,6.2,300.3,151.6,N,0
-14.341,130.9492,306.9,2,1.4,2014-10-27,1330,Terra,MODIS,25,6.2,296.5,12,N,0
-14.2641,131.418,311.5,1.9,1.3,2014-10-27,1330,Terra,MODIS,80,6.2,298,17.5,N,0
-14.2781,131.4023,319.8,1.9,1.3,2014-10-27,1330,Terra,MODIS,99,6.2,298.2,36.3,N,0
-14.2901,131.4039,311.3,1.9,1.3,2014-10-27,1330,Terra,MODIS,80,6.2,297.8,18.1,N,0
-14.3022,131.4055,310.1,1.9,1.3,2014-10-27,1330,Terra,MODIS,74,6.2,297.6,15.7,N,0
-13.6768,132.6085,307.7,1.5,1.2,2014-10-27,1330,Terra,MODIS,60,6.2,297,8.7,N,0
-14.1695,136.923,310.6,1,1,2014-10-27,1330,Terra,MODIS,72,6.2,296.4,9.2,N,0
-12.9706,133.0021,326.4,1.4,1.2,2014-10-27,1330,Terra,MODIS,100,6.2,297.3,33.9,N,0
-12.9689,133.0146,323.5,1.4,1.2,2014-10-27,1330,Terra,MODIS,100,6.2,297.8,28.4,N,0
-12.981,133.0035,325.7,1.4,1.2,2014-10-27,1330,Terra,MODIS,100,6.2,298.3,31.5,N,0
-12.9794,133.016,345,1.4,1.2,2014-10-27,1330,Terra,MODIS,100,6.2,300.5,76.7,N,0
-12.9777,133.0285,324.2,1.4,1.2,2014-10-27,1330,Terra,MODIS,98,6.2,298.1,28,N,0
-12.9762,133.0091,358.3,1.4,1.2,2014-10-27,1330,Terra,MODIS,100,6.2,300.6,124.9,N,0
-12.9746,133.0217,326,1.4,1.2,2014-10-27,1330,Terra,MODIS,100,6.2,298.3,31.9,N,0
-12.973,133.0343,314.9,1.4,1.2,2014-10-27,1330,Terra,MODIS,55,6.2,297.3,15.2,N,0
-12.9866,133.0106,320.8,1.4,1.2,2014-10-27,1330,Terra,MODIS,100,6.2,298.6,23.4,N,0
-12.9851,133.0231,336.9,1.4,1.2,2014-10-27,1330,Terra,MODIS,100,6.2,299.2,56.3,N,0
-12.9971,133.012,334.5,1.4,1.2,2014-10-27,1330,Terra,MODIS,100,6.2,299.6,50.4,N,0
-12.9955,133.0245,342,1.4,1.2,2014-10-27,1330,Terra,MODIS,100,6.2,300.9,69.7,N,0
-13.0076,133.0133,322.5,1.4,1.2,2014-10-27,1330,Terra,MODIS,100,6.2,298.1,26.6,N,0
-13.006,133.0259,327.8,1.4,1.2,2014-10-27,1330,Terra,MODIS,100,6.2,299.2,36.3,N,0
-12.989,132.9067,313.3,1.4,1.2,2014-10-27,1330,Terra,MODIS,85,6.2,297.8,13.4,N,0
-13.0101,132.9097,314.1,1.4,1.2,2014-10-27,1330,Terra,MODIS,87,6.2,297.5,14.5,N,0
-13.0206,132.911,317.8,1.4,1.2,2014-10-27,1330,Terra,MODIS,95,6.2,298,19.3,N,0
-14.1729,131.2704,312,1.9,1.3,2014-10-27,1330,Terra,MODIS,82,6.2,297,22,N,0
-14.2641,130.9567,339.9,2,1.4,2014-10-27,1330,Terra,MODIS,100,6.2,298.2,113.3,N,0
-14.4111,131.4599,309.7,1.9,1.3,2014-10-27,1330,Terra,MODIS,74,6.2,297.2,17.4,N,0
-14.3991,131.4584,317.5,1.9,1.3,2014-10-27,1330,Terra,MODIS,94,6.2,297.4,31.3,N,0
-14.4074,130.9441,318.5,2,1.4,2014-10-27,1330,Terra,MODIS,97,6.2,297.6,36.9,N,0
-13.0328,132.8994,313,1.4,1.2,2014-10-27,1330,Terra,MODIS,84,6.2,298.4,12.5,N,0
-13.0312,132.9122,333.7,1.4,1.2,2014-10-27,1330,Terra,MODIS,100,6.2,299,49.2,N,0
-14.2765,130.9585,319.5,2,1.4,2014-10-27,1330,Terra,MODIS,99,6.2,297.6,39.2,N,0
-14.3001,131.4226,315,1.9,1.3,2014-10-27,1330,Terra,MODIS,89,6.2,298,24.7,N,0
-14.3122,131.4242,310.8,1.9,1.3,2014-10-27,1330,Terra,MODIS,78,6.2,298,16.8,N,0
-14.3242,131.4258,320.7,1.9,1.3,2014-10-27,1330,Terra,MODIS,100,6.2,298.7,37.9,N,0
-14.3341,131.4446,372.3,1.9,1.3,2014-10-27,1330,Terra,MODIS,100,6.2,302.8,301.4,N,0
-14.3221,131.443,354,1.9,1.3,2014-10-27,1330,Terra,MODIS,100,6.2,300.8,169.6,N,0
-13.5669,132.3811,315.6,1.6,1.2,2014-10-27,1330,Terra,MODIS,57,6.2,296.8,18.4,N,0
-13.5651,132.3953,313.5,1.5,1.2,2014-10-27,1330,Terra,MODIS,46,6.2,297.5,15.3,N,0
-13.5615,132.4241,308.4,1.5,1.2,2014-10-27,1330,Terra,MODIS,44,6.2,297.3,9.1,N,0
-14.5448,131.106,334.5,2,1.4,2014-10-27,1330,Terra,MODIS,100,6.2,299.2,79.2,N,0
-14.5571,131.1076,344.7,2,1.4,2014-10-27,1330,Terra,MODIS,100,6.2,301.8,128.2,N,0
-14.555,131.1257,378.2,2,1.4,2014-10-27,1330,Terra,MODIS,100,6.2,305.6,383.9,N,0
-13.1643,133.1364,310.1,1.4,1.2,2014-10-27,1330,Terra,MODIS,76,6.2,299.6,9,N,0
-14.533,130.9919,313.4,2,1.4,2014-10-27,1330,Terra,MODIS,22,6.2,297.4,21.4,N,0
-14.5455,130.9935,350,2,1.4,2014-10-27,1330,Terra,MODIS,100,6.2,300.1,164.1,N,0
-14.5433,131.0122,385.4,2,1.4,2014-10-27,1330,Terra,MODIS,100,6.2,305.7,482.1,N,0
-14.5558,131.0138,321.2,2,1.4,2014-10-27,1330,Terra,MODIS,92,6.2,298.6,42.3,N,0
-14.5469,131.0879,369.5,2,1.4,2014-10-27,1330,Terra,MODIS,100,6.2,304.4,300,N,0
-14.5593,131.0894,366.8,2,1.4,2014-10-27,1330,Terra,MODIS,100,6.2,304.5,278.8,N,0
-13.1255,133.1366,315.8,1.4,1.2,2014-10-27,1330,Terra,MODIS,91,6.2,300.1,15.4,N,0
-13.1511,133.1023,327.4,1.4,1.2,2014-10-27,1330,Terra,MODIS,100,6.2,299.5,33.6,N,0
-14.1931,131.3499,309.4,1.9,1.3,2014-10-27,1330,Terra,MODIS,35,6.2,297.7,14.5,N,0
-13.1483,133.0954,317.4,1.4,1.2,2014-10-27,1330,Terra,MODIS,94,6.2,298.9,17.2,N,0
-13.1467,133.108,319.9,1.4,1.2,2014-10-27,1330,Terra,MODIS,99,6.2,298.8,20.6,N,0
-12.9723,133.1236,308.4,1.4,1.2,2014-10-27,1330,Terra,MODIS,36,6.2,297.5,7.5,N,0
-12.9899,133.1514,309.4,1.4,1.2,2014-10-27,1330,Terra,MODIS,34,6.2,297.1,8.3,N,0
-13.7277,132.6429,308.6,1.5,1.2,2014-10-27,1330,Terra,MODIS,72,6.2,296.3,11.5,N,0
-16.2689,131.2617,311.6,2.1,1.4,2014-10-27,1330,Terra,MODIS,80,6.2,297.3,22.2,N,0
-13.1627,133.1487,311.5,1.4,1.2,2014-10-27,1330,Terra,MODIS,80,6.2,299.3,10.7,N,0
-14.2306,136.6212,308.5,1,1,2014-10-27,1330,Terra,MODIS,24,6.2,295.2,6.1,N,0
-16.2564,131.2599,311.1,2.1,1.4,2014-10-27,1330,Terra,MODIS,79,6.2,296.7,21.2,N,0
-14.5419,131.2338,315.1,1.9,1.4,2014-10-27,1330,Terra,MODIS,89,6.2,297.9,28.4,N,0
-14.5297,131.2324,328.2,1.9,1.4,2014-10-27,1330,Terra,MODIS,100,6.2,298.7,63,N,0
-14.5586,131.1996,329,2,1.4,2014-10-27,1330,Terra,MODIS,100,6.2,298.1,65.6,N,0
-14.5607,131.1817,318.8,2,1.4,2014-10-27,1330,Terra,MODIS,86,6.2,298.7,35.5,N,0
-14.5629,131.1639,348.9,2,1.4,2014-10-27,1330,Terra,MODIS,100,6.2,301.5,151,N,0
-14.5651,131.1455,313.9,2,1.4,2014-10-27,1330,Terra,MODIS,23,6.2,298.9,23.6,N,0
-14.5441,131.2163,342.5,2,1.4,2014-10-27,1330,Terra,MODIS,100,6.2,301.1,119.4,N,0
-14.5462,131.1984,341.5,2,1.4,2014-10-27,1330,Terra,MODIS,100,6.2,300.1,113,N,0
-14.5484,131.1803,346.4,2,1.4,2014-10-27,1330,Terra,MODIS,100,6.2,300.5,136.2,N,0
-14.5505,131.1625,377.6,2,1.4,2014-10-27,1330,Terra,MODIS,100,6.2,305,374.9,N,0
-12.8189,132.9743,325.8,1.4,1.2,2014-10-27,1331,Terra,MODIS,100,6.2,298.2,32.6,N,0
-12.8172,132.9877,321.4,1.4,1.2,2014-10-27,1331,Terra,MODIS,100,6.2,299.1,24.9,N,0
-12.7962,132.9853,314.5,1.4,1.2,2014-10-27,1331,Terra,MODIS,83,6.2,298.5,14.4,N,0
-12.4285,132.8645,318.5,1.4,1.2,2014-10-27,1331,Terra,MODIS,97,6.2,294.3,25.2,N,0
-12.4407,133.3099,306.9,1.3,1.1,2014-10-27,1331,Terra,MODIS,68,6.2,296.5,7,N,0
-12.4556,133.2752,310.1,1.3,1.1,2014-10-27,1331,Terra,MODIS,78,6.2,296.7,10.4,N,0
-12.4572,133.2633,311.8,1.3,1.1,2014-10-27,1331,Terra,MODIS,83,6.2,296.7,12.2,N,0
-22.0235,149.265,300.1,2.2,1.4,2014-10-27,1458,Aqua,MODIS,18,6.2,289.5,12.7,N,0
-29.2881,152.8563,315.4,1,1,2014-10-27,1459,Aqua,MODIS,38,6.2,293.9,11.9,N,0
-29.279,152.8581,327.2,1,1,2014-10-27,1459,Aqua,MODIS,100,6.2,295.9,25.1,N,0
-28.5859,152.3517,319.5,1.1,1,2014-10-27,1459,Aqua,MODIS,99,6.2,295.6,17.6,N,0
-28.5841,152.3405,316.1,1.1,1,2014-10-27,1459,Aqua,MODIS,87,6.2,295.1,14,N,0
-28.5813,152.3585,304.5,1.1,1,2014-10-27,1459,Aqua,MODIS,30,6.2,294.4,4.5,N,0
-28.5917,152.3276,321.5,1.1,1,2014-10-27,1459,Aqua,MODIS,79,6.2,294.6,20.3,N,0
-28.5935,152.3385,315.3,1.1,1,2014-10-27,1459,Aqua,MODIS,79,6.2,295.3,13.2,N,0
-32.0972,151.8938,307,1.1,1,2014-10-27,1500,Aqua,MODIS,70,6.2,290,9.3,N,0
-32.1047,151.881,312.2,1.1,1,2014-10-27,1500,Aqua,MODIS,84,6.2,288.8,12.6,N,0
-32.1065,151.892,319.7,1.1,1,2014-10-27,1500,Aqua,MODIS,99,6.2,289.5,19.6,N,0
-29.5988,152.2774,318,1.1,1,2014-10-27,1500,Aqua,MODIS,47,6.2,292.5,17.2,N,0
-29.6065,152.2652,312.9,1.1,1,2014-10-27,1500,Aqua,MODIS,64,6.2,287.2,12.7,N,0
-29.6083,152.2761,318,1.1,1,2014-10-27,1500,Aqua,MODIS,65,6.2,288.6,17,N,0
-29.6006,152.2885,317.6,1.1,1,2014-10-27,1500,Aqua,MODIS,61,6.2,292.6,16.7,N,0
-33.6419,116.2944,306.1,1,1,2014-10-27,1504,Terra,MODIS,33,6.2,283.8,8.3,N,0
-22.0375,121.0918,306.4,2.2,1.4,2014-10-27,1506,Terra,MODIS,61,6.2,296.3,11.8,N,0
-22.1113,120.9112,307.8,2.1,1.4,2014-10-27,1506,Terra,MODIS,73,6.2,295.7,14.6,N,0
-24.0175,122.6941,303,2.6,1.6,2014-10-27,1506,Terra,MODIS,53,6.2,274.1,28.2,N,0
-22.0986,120.9083,319.5,2.1,1.4,2014-10-27,1506,Terra,MODIS,99,6.2,296.5,41.9,N,0
-24.8164,122.5048,303.6,2.4,1.5,2014-10-27,1506,Terra,MODIS,30,6.2,285.4,21.7,N,0
-21.8865,121.1867,347.1,2.3,1.5,2014-10-27,1506,Terra,MODIS,100,6.2,290.6,181.3,N,0
-24.0129,122.673,300.5,2.6,1.6,2014-10-27,1506,Terra,MODIS,23,6.2,272.7,22.2,N,0
-23.8282,122.8878,305.7,2.7,1.6,2014-10-27,1506,Terra,MODIS,65,6.2,280.5,40.4,N,0
-21.8907,121.1651,328.9,2.3,1.5,2014-10-27,1506,Terra,MODIS,77,6.2,296.1,81.6,N,0
-21.9304,121.7236,314,2.5,1.5,2014-10-27,1506,Terra,MODIS,88,6.2,296,40.1,N,0
-21.8549,121.1513,318.7,2.3,1.5,2014-10-27,1506,Terra,MODIS,63,6.2,297.1,41.1,N,0
-22.1074,120.9322,305.2,2.2,1.4,2014-10-27,1506,Terra,MODIS,46,6.2,294.8,9.7,N,0
-22.1444,120.9467,305.7,2.2,1.4,2014-10-27,1506,Terra,MODIS,65,6.2,295.3,11.8,N,0
-21.8899,121.1814,350.6,2.3,1.5,2014-10-27,1506,Terra,MODIS,100,6.2,294.2,203.5,N,0
-21.859,121.1298,321,2.3,1.5,2014-10-27,1506,Terra,MODIS,100,6.2,297.5,46.2,N,0
-22.7339,122.1973,315.3,2.6,1.5,2014-10-27,1506,Terra,MODIS,86,6.2,294.7,48,N,0
-22.7711,121.679,307.2,2.4,1.5,2014-10-27,1506,Terra,MODIS,55,6.2,294.4,19,N,0
-22.7579,121.676,305.4,2.4,1.5,2014-10-27,1506,Terra,MODIS,34,6.2,293.9,15.2,N,0
-22.7552,120.9272,305.4,2.1,1.4,2014-10-27,1506,Terra,MODIS,64,6.2,289.8,12.3,N,0
-22.7464,120.9045,305.2,2.1,1.4,2014-10-27,1506,Terra,MODIS,36,6.2,294.9,11.1,N,0
-22.7292,122.1905,315.6,2.6,1.5,2014-10-27,1506,Terra,MODIS,77,6.2,292.9,51.3,N,0
-24.687,121.7492,306.8,2.2,1.4,2014-10-27,1506,Terra,MODIS,69,6.2,291.5,20.1,N,0
-22.7388,122.1727,307.1,2.6,1.5,2014-10-27,1506,Terra,MODIS,25,6.2,286.1,25.9,N,0
-21.6791,121.0323,308.9,2.2,1.4,2014-10-27,1506,Terra,MODIS,75,6.2,296.1,16.6,N,0
-21.675,121.054,309.1,2.2,1.5,2014-10-27,1506,Terra,MODIS,76,6.2,296.8,17,N,0
-21.7945,123.5564,309.3,3.4,1.7,2014-10-27,1506,Terra,MODIS,71,6.2,295.4,40.2,N,0
-21.8012,123.5241,305.7,3.4,1.7,2014-10-27,1506,Terra,MODIS,32,6.2,294.3,25.8,N,0
-21.779,123.5527,314.2,3.4,1.7,2014-10-27,1506,Terra,MODIS,67,6.2,294.7,58.2,N,0
-21.8001,123.551,309.2,3.4,1.7,2014-10-27,1506,Terra,MODIS,77,6.2,295.4,41.8,N,0
-21.744,123.532,310.6,3.4,1.7,2014-10-27,1506,Terra,MODIS,80,6.2,294.5,44.7,N,0
-21.7375,123.5647,306.5,3.4,1.7,2014-10-27,1506,Terra,MODIS,57,6.2,294.6,28.7,N,0
-21.7538,123.5398,328.4,3.4,1.7,2014-10-27,1506,Terra,MODIS,100,6.2,295.8,144.2,N,0
-21.7472,123.5723,307.4,3.4,1.7,2014-10-27,1506,Terra,MODIS,63,6.2,294.7,31.9,N,0
-21.7692,123.5436,312,3.4,1.7,2014-10-27,1506,Terra,MODIS,57,6.2,294.2,48.1,N,0
-21.7847,123.5472,314.3,3.4,1.7,2014-10-27,1506,Terra,MODIS,89,6.2,294.9,60.5,N,0
-21.1276,120.2334,318.8,2,1.4,2014-10-27,1507,Terra,MODIS,97,6.2,291.9,45.7,N,0
-20.7503,122.7145,317.6,3.1,1.7,2014-10-27,1507,Terra,MODIS,79,6.2,293.9,87.7,N,0
-20.7376,122.7061,311.6,3.1,1.7,2014-10-27,1507,Terra,MODIS,56,6.2,293.9,59.5,N,0
-20.7524,122.7096,314.7,3.1,1.7,2014-10-27,1507,Terra,MODIS,66,6.2,293,73,N,0
-20.0753,123.8251,305.3,3.8,1.8,2014-10-27,1507,Terra,MODIS,34,6.2,292.1,34.1,N,0
-20.3841,123.253,312.9,3.4,1.7,2014-10-27,1507,Terra,MODIS,86,6.2,293,63.8,N,0
-20.0676,123.8614,314.4,3.9,1.8,2014-10-27,1507,Terra,MODIS,89,6.2,292.5,76.6,N,0
-20.3777,123.2585,309,3.4,1.7,2014-10-27,1507,Terra,MODIS,76,6.2,292.9,44.4,N,0
-20.0624,123.8531,320.1,3.9,1.8,2014-10-27,1507,Terra,MODIS,100,6.2,292.7,116.2,N,0
-20.7116,117.09,311.5,1.3,1.1,2014-10-27,1507,Terra,MODIS,76,6.2,298.4,9.7,N,0
-20.6835,117.0723,311.3,1.3,1.1,2014-10-27,1507,Terra,MODIS,36,6.2,296.7,9.3,N,0
-20.6833,117.0789,310.2,1.3,1.1,2014-10-27,1507,Terra,MODIS,29,6.2,297.2,7.7,N,0
-20.6752,117.0649,313.2,1.3,1.1,2014-10-27,1507,Terra,MODIS,43,6.2,298.2,11.7,N,0
-21.7634,116.5958,339.3,1.2,1.1,2014-10-27,1507,Terra,MODIS,100,6.2,299.7,49.6,N,0
-21.7651,116.5847,317.8,1.2,1.1,2014-10-27,1507,Terra,MODIS,95,6.2,298.1,16.2,N,0
-21.7669,116.5735,320.3,1.2,1.1,2014-10-27,1507,Terra,MODIS,100,6.2,297.6,18.8,N,0
-21.7686,116.5624,316.6,1.2,1.1,2014-10-27,1507,Terra,MODIS,92,6.2,297.1,14.9,N,0
-21.7704,116.5512,307.1,1.2,1.1,2014-10-27,1507,Terra,MODIS,58,6.2,296.3,6,N,0
-21.7538,116.594,316.5,1.2,1.1,2014-10-27,1507,Terra,MODIS,92,6.2,298.2,14.5,N,0
-21.7555,116.5829,320.3,1.2,1.1,2014-10-27,1507,Terra,MODIS,100,6.2,297.9,18.9,N,0
-21.7573,116.5717,307.2,1.2,1.1,2014-10-27,1507,Terra,MODIS,62,6.2,296.9,5.7,N,0
-21.7563,116.3906,312.4,1.1,1.1,2014-10-27,1507,Terra,MODIS,82,6.2,294.8,11,N,0
-21.7208,116.4289,308,1.1,1.1,2014-10-27,1507,Terra,MODIS,66,6.2,297,6.9,N,0
-20.6865,118.4069,309.7,1.5,1.2,2014-10-27,1507,Terra,MODIS,57,6.2,290.7,17,N,0
-20.5982,118.3838,335.5,1.5,1.2,2014-10-27,1507,Terra,MODIS,100,6.2,292.6,67.6,N,0
-20.6007,118.3692,315.5,1.5,1.2,2014-10-27,1507,Terra,MODIS,91,6.2,289.7,24,N,0
-20.5873,118.3816,303.6,1.5,1.2,2014-10-27,1507,Terra,MODIS,34,6.2,287.8,10.2,N,0
-21.7504,117.8254,309.5,1.3,1.2,2014-10-27,1507,Terra,MODIS,73,6.2,297,9.3,N,0
-21.8284,118.0151,310.2,1.4,1.2,2014-10-27,1507,Terra,MODIS,74,6.2,298.8,9.6,N,0
-21.818,118.0131,312.2,1.4,1.2,2014-10-27,1507,Terra,MODIS,82,6.2,297.7,11.9,N,0
-21.8234,118.0083,308.2,1.4,1.2,2014-10-27,1507,Terra,MODIS,70,6.2,297.8,7.8,N,0
-21.8238,117.9406,317.8,1.4,1.2,2014-10-27,1507,Terra,MODIS,95,6.2,298.1,20.4,N,0
-21.826,117.9275,308.9,1.4,1.2,2014-10-27,1507,Terra,MODIS,72,6.2,297.2,9.5,N,0
-21.8199,117.8993,311.4,1.4,1.2,2014-10-27,1507,Terra,MODIS,80,6.2,296.1,13,N,0
-21.8238,118.0419,332.9,1.4,1.2,2014-10-27,1507,Terra,MODIS,100,6.2,300.4,46.2,N,0
-21.8261,118.0286,321.5,1.4,1.2,2014-10-27,1507,Terra,MODIS,100,6.2,299.9,24.6,N,0
-21.8111,118.0531,343.2,1.4,1.2,2014-10-27,1507,Terra,MODIS,100,6.2,299.9,72.7,N,0
-21.8134,118.0399,380.8,1.4,1.2,2014-10-27,1507,Terra,MODIS,100,6.2,306.1,245.2,N,0
-21.8157,118.0266,335.9,1.4,1.2,2014-10-27,1507,Terra,MODIS,100,6.2,301,52.9,N,0
-21.8168,118.0484,363.3,1.4,1.2,2014-10-27,1507,Terra,MODIS,100,6.2,303.5,147.2,N,0
-21.819,118.0352,356.9,1.4,1.2,2014-10-27,1507,Terra,MODIS,100,6.2,304,117.8,N,0
-21.8212,118.0217,326.7,1.4,1.2,2014-10-27,1507,Terra,MODIS,100,6.2,300.6,33,N,0
-21.8064,118.0464,345.6,1.4,1.2,2014-10-27,1507,Terra,MODIS,100,6.2,301,79.3,N,0
-21.8085,118.0332,365.1,1.4,1.2,2014-10-27,1507,Terra,MODIS,100,6.2,304.5,154.7,N,0
-21.8108,118.0196,314.1,1.4,1.2,2014-10-27,1507,Terra,MODIS,84,6.2,298.7,13,N,0
-21.7981,118.0312,346.7,1.4,1.2,2014-10-27,1507,Terra,MODIS,100,6.2,300.2,82.5,N,0
-21.8004,118.0176,311.8,1.4,1.2,2014-10-27,1507,Terra,MODIS,81,6.2,298.4,10.4,N,0
-21.6513,117.8679,310.4,1.4,1.2,2014-10-27,1507,Terra,MODIS,76,6.2,299.7,9.1,N,0
-21.6388,117.879,319.5,1.4,1.2,2014-10-27,1507,Terra,MODIS,99,6.2,299.8,21.2,N,0
-21.641,117.8658,312.2,1.4,1.2,2014-10-27,1507,Terra,MODIS,81,6.2,299.5,10.9,N,0
-12.8149,132.9898,314.2,1,1,2014-10-27,1634,Aqua,MODIS,89,6.2,298.2,10,N,0
-12.8162,132.999,307.9,1,1,2014-10-27,1634,Aqua,MODIS,45,6.2,297.4,5.1,N,0
-12.7969,132.9926,311.2,1,1,2014-10-27,1634,Aqua,MODIS,61,6.2,297.7,7.5,N,0
-12.8059,132.9912,314.3,1,1,2014-10-27,1634,Aqua,MODIS,78,6.2,297.8,9.4,N,0
-15.3482,134.0197,307.8,1,1,2014-10-27,1634,Aqua,MODIS,73,6.2,294.1,7,N,0
-15.7045,133.8737,315.3,1,1,2014-10-27,1634,Aqua,MODIS,51,6.2,297,10.3,N,0
-12.9516,133.0469,306.5,1,1,2014-10-27,1634,Aqua,MODIS,65,6.2,295.6,5.4,N,0
-15.6111,133.9324,306.9,1,1,2014-10-27,1634,Aqua,MODIS,70,6.2,295.9,5.6,N,0
-15.6968,133.8845,311.8,1,1,2014-10-27,1634,Aqua,MODIS,39,6.2,296.7,7.9,N,0
-15.7305,133.86,313.2,1,1,2014-10-27,1634,Aqua,MODIS,76,6.2,296.9,9.1,N,0
-15.7214,133.8614,315.6,1,1,2014-10-27,1634,Aqua,MODIS,91,6.2,297.4,10.9,N,0
-12.4385,133.3119,308,1,1,2014-10-27,1634,Aqua,MODIS,73,6.2,296.1,6.2,N,0
-15.6539,133.9065,311,1,1,2014-10-27,1634,Aqua,MODIS,39,6.2,296.6,7.2,N,0
-15.3691,133.7195,306.7,1,1,2014-10-27,1634,Aqua,MODIS,38,6.2,296.6,5.2,N,0
-15.3704,133.7289,309.8,1,1,2014-10-27,1634,Aqua,MODIS,62,6.2,297.1,7.3,N,0
-15.6462,133.9174,328.3,1,1,2014-10-27,1634,Aqua,MODIS,100,6.2,297.4,24.8,N,0
-15.6708,133.8982,312,1,1,2014-10-27,1634,Aqua,MODIS,49,6.2,296.9,8.3,N,0
-15.6448,133.9079,315.1,1,1,2014-10-27,1634,Aqua,MODIS,85,6.2,296.6,10.6,N,0
-15.6371,133.9188,307.2,1,1,2014-10-27,1634,Aqua,MODIS,35,6.2,296.2,5.3,N,0
-13.1621,133.1563,326.9,1,1,2014-10-27,1634,Aqua,MODIS,100,6.2,298.6,22.4,N,0
-12.9965,133.0343,321.3,1,1,2014-10-27,1634,Aqua,MODIS,100,6.2,296.6,16.5,N,0
-13.0028,133.0146,308.7,1,1,2014-10-27,1634,Aqua,MODIS,75,6.2,296,6.3,N,0
-13.0041,133.0238,325.2,1,1,2014-10-27,1634,Aqua,MODIS,100,6.2,298.4,20.9,N,0
-13.0055,133.0329,322,1,1,2014-10-27,1634,Aqua,MODIS,100,6.2,297.8,17.5,N,0
-14.2637,130.953,312.3,1.1,1.1,2014-10-27,1634,Aqua,MODIS,84,6.2,296.8,10.3,N,0
-14.2654,130.9635,321.2,1.1,1.1,2014-10-27,1634,Aqua,MODIS,100,6.2,296.9,19.8,N,0
-14.2748,130.9619,306.5,1.1,1.1,2014-10-27,1634,Aqua,MODIS,66,6.2,296.3,5.9,N,0
-14.2526,130.9442,311.6,1.1,1.1,2014-10-27,1634,Aqua,MODIS,82,6.2,296.4,10.2,N,0
-14.2621,130.9427,316.3,1.1,1.1,2014-10-27,1634,Aqua,MODIS,93,6.2,297,14.5,N,0
-14.2509,131.3985,308.3,1.1,1,2014-10-27,1634,Aqua,MODIS,72,6.2,296.9,6.5,N,0
-12.9875,133.0357,316.4,1,1,2014-10-27,1634,Aqua,MODIS,85,6.2,296.2,11.7,N,0
-13.1607,133.1471,334.3,1,1,2014-10-27,1634,Aqua,MODIS,100,6.2,299.8,31.8,N,0
-14.5586,131.1289,308.5,1.1,1,2014-10-27,1634,Aqua,MODIS,32,6.2,296.6,6.4,N,0
-12.9877,132.9133,307.8,1,1,2014-10-27,1634,Aqua,MODIS,73,6.2,297.3,5.8,N,0
-13.5676,132.3616,305.4,1,1,2014-10-27,1634,Aqua,MODIS,21,6.2,295.1,4.5,N,0
-13.007,132.9198,313.5,1,1,2014-10-27,1634,Aqua,MODIS,62,6.2,297.2,8.8,N,0
-14.5571,131.181,319.1,1.1,1,2014-10-27,1634,Aqua,MODIS,98,6.2,297.6,15.3,N,0
-13.016,132.9184,310,1,1,2014-10-27,1634,Aqua,MODIS,62,6.2,297.1,6.3,N,0
-13.025,132.917,313.9,1,1,2014-10-27,1634,Aqua,MODIS,81,6.2,297.7,9.1,N,0
-12.9654,133.0109,313.4,1,1,2014-10-27,1634,Aqua,MODIS,63,6.2,295.6,9.6,N,0
-14.5556,131.171,318.1,1.1,1,2014-10-27,1634,Aqua,MODIS,91,6.2,297.4,14,N,0
-12.9744,133.0095,309.4,1,1,2014-10-27,1634,Aqua,MODIS,34,6.2,295.8,6.7,N,0
-12.9758,133.0187,321.9,1,1,2014-10-27,1634,Aqua,MODIS,100,6.2,297.6,16.6,N,0
-12.9771,133.0279,317.6,1,1,2014-10-27,1634,Aqua,MODIS,95,6.2,295.8,12.2,N,0
-12.9848,133.0173,333,1,1,2014-10-27,1634,Aqua,MODIS,100,6.2,298.1,29.5,N,0
-12.9861,133.0265,317.1,1,1,2014-10-27,1634,Aqua,MODIS,50,6.2,295.8,11.3,N,0
-14.5478,131.1825,308.5,1.1,1,2014-10-27,1634,Aqua,MODIS,15,6.2,297.1,5.5,N,0
-14.5431,131.2142,320.8,1.1,1,2014-10-27,1634,Aqua,MODIS,100,6.2,297.7,17.6,N,0
-14.5353,131.2256,307,1.1,1,2014-10-27,1634,Aqua,MODIS,68,6.2,296.4,5.8,N,0
-14.5447,131.2241,311,1.1,1,2014-10-27,1634,Aqua,MODIS,59,6.2,297.3,8.5,N,0
-14.5602,131.1391,308.4,1.1,1,2014-10-27,1634,Aqua,MODIS,12,6.2,296.7,6.2,N,0
-13.7302,132.6484,307.2,1,1,2014-10-27,1634,Aqua,MODIS,71,6.2,295.3,6.1,N,0
-12.9769,133.1499,304,1,1,2014-10-27,1634,Aqua,MODIS,52,6.2,293.4,3.3,N,0
-13.122,133.1398,311.9,1,1,2014-10-27,1634,Aqua,MODIS,84,6.2,298.6,7.9,N,0
-13.1517,133.1541,313.8,1,1,2014-10-27,1634,Aqua,MODIS,88,6.2,298.1,9,N,0
-13.1553,133.1104,322.9,1,1,2014-10-27,1634,Aqua,MODIS,100,6.2,299.1,17.5,N,0
-13.158,133.1288,308.8,1,1,2014-10-27,1634,Aqua,MODIS,76,6.2,298.3,5.8,N,0
-13.5627,132.3911,313.6,1,1,2014-10-27,1634,Aqua,MODIS,87,6.2,295.1,10.1,N,0
-13.0325,132.9092,307.9,1,1,2014-10-27,1634,Aqua,MODIS,73,6.2,297.8,5.7,N,0
-14.1825,131.2659,307.8,1.1,1,2014-10-27,1634,Aqua,MODIS,70,6.2,295.6,7.1,N,0
-15.3779,142.4891,321.6,3.7,1.8,2014-10-27,1634,Aqua,MODIS,100,6.2,293.4,126.3,N,0
-15.2809,142.5777,322,3.8,1.8,2014-10-27,1634,Aqua,MODIS,100,6.2,292.8,133.5,N,0
-15.2737,142.5834,312.2,3.8,1.8,2014-10-27,1634,Aqua,MODIS,78,6.2,292.5,74.3,N,0
-15.3717,142.4978,313.3,3.7,1.8,2014-10-27,1634,Aqua,MODIS,81,6.2,293,75.9,N,0
-12.926,133.0602,309.5,1,1,2014-10-27,1634,Aqua,MODIS,78,6.2,296.2,7.5,N,0
-15.3744,142.4546,317.8,3.7,1.8,2014-10-27,1634,Aqua,MODIS,94,6.2,293.2,101.8,N,0
-12.9211,133.0891,306.8,1,1,2014-10-27,1634,Aqua,MODIS,69,6.2,295.1,5.5,N,0
-15.2901,142.5817,319.9,3.8,1.8,2014-10-27,1634,Aqua,MODIS,99,6.2,292.6,120.3,N,0
-14.5508,131.0784,311.3,1.1,1,2014-10-27,1634,Aqua,MODIS,61,6.2,297.1,8.4,N,0
-18.28,132.7918,313.8,1,1,2014-10-27,1635,Aqua,MODIS,88,6.2,294.2,11.3,N,0
-18.2521,132.7921,323.7,1,1,2014-10-27,1635,Aqua,MODIS,100,6.2,296.2,20.8,N,0
-18.3608,132.7822,304.3,1,1,2014-10-27,1635,Aqua,MODIS,52,6.2,292.9,5.2,N,0
-19.2428,131.888,312.5,1,1,2014-10-27,1635,Aqua,MODIS,55,6.2,291.9,12,N,0
-19.2518,131.8865,307,1,1,2014-10-27,1635,Aqua,MODIS,12,6.2,293,8.2,N,0
-18.2431,132.7935,321.9,1,1,2014-10-27,1635,Aqua,MODIS,100,6.2,296.3,19,N,0
-18.2341,132.7949,311.4,1,1,2014-10-27,1635,Aqua,MODIS,82,6.2,294.9,9.8,N,0
-17.0042,142.7282,319.3,4.1,1.9,2014-10-27,1635,Aqua,MODIS,98,6.2,294.4,125.1,N,0
-16.9873,142.7299,307.4,4.1,1.9,2014-10-27,1635,Aqua,MODIS,71,6.2,293.8,54.5,N,0
-17.0013,142.736,318.3,4.1,1.9,2014-10-27,1635,Aqua,MODIS,96,6.2,294.1,118.5,N,0
-16.2791,134.3068,306.6,1.1,1,2014-10-27,1635,Aqua,MODIS,30,6.2,294.7,6.4,N,0
-16.7766,130.7637,309.5,1.1,1,2014-10-27,1635,Aqua,MODIS,76,6.2,298.7,7.3,N,0
-16.9423,130.8026,312.3,1.1,1,2014-10-27,1635,Aqua,MODIS,84,6.2,296.7,9.6,N,0
-16.9484,130.8054,306.7,1.1,1,2014-10-27,1635,Aqua,MODIS,26,6.2,296.5,5.2,N,0
-16.967,130.8023,308.2,1.1,1,2014-10-27,1635,Aqua,MODIS,18,6.2,297.3,6.1,N,0
-16.9763,130.8008,308.2,1.1,1,2014-10-27,1635,Aqua,MODIS,59,6.2,297.1,6.5,N,0
-16.2684,134.2983,308,1.1,1,2014-10-27,1635,Aqua,MODIS,63,6.2,294.1,7.5,N,0
-16.2698,134.3082,304.7,1.1,1,2014-10-27,1635,Aqua,MODIS,24,6.2,294.1,5.3,N,0
-16.2137,131.2269,310.3,1.1,1,2014-10-27,1635,Aqua,MODIS,78,6.2,296.6,8.2,N,0
-16.2553,131.1899,323.5,1.1,1,2014-10-27,1635,Aqua,MODIS,100,6.2,299.1,20.1,N,0
-16.2568,131.1998,309.2,1.1,1,2014-10-27,1635,Aqua,MODIS,9,6.2,296.8,6.4,N,0
-16.263,131.1787,327.8,1.1,1,2014-10-27,1635,Aqua,MODIS,100,6.2,301.1,25.7,N,0
-16.2645,131.1885,358.8,1.1,1,2014-10-27,1635,Aqua,MODIS,100,6.2,303.9,87.1,N,0
-16.266,131.1983,325.9,1.1,1,2014-10-27,1635,Aqua,MODIS,100,6.2,298,22.4,N,0
-16.2682,131.1711,312.8,1.1,1,2014-10-27,1635,Aqua,MODIS,85,6.2,297.1,10.6,N,0
-16.2698,131.181,350.1,1.1,1,2014-10-27,1635,Aqua,MODIS,100,6.2,303.8,65.7,N,0
-16.2713,131.1908,337.8,1.1,1,2014-10-27,1635,Aqua,MODIS,100,6.2,301.9,41.3,N,0
-16.2777,134.2969,316.7,1.1,1,2014-10-27,1635,Aqua,MODIS,94,6.2,295.5,14.7,N,0
-16.9975,142.6978,306.6,4.1,1.9,2014-10-27,1635,Aqua,MODIS,47,6.2,293.6,48.8,N,0
-17.363,130.5078,308.9,1.1,1,2014-10-27,1635,Aqua,MODIS,76,6.2,297.2,7.9,N,0
-19.7863,122.8046,303.1,3.2,1.7,2014-10-27,1636,Aqua,MODIS,53,6.2,292.5,22.2,N,0
-19.9871,127.9986,307.4,1.4,1.2,2014-10-27,1636,Aqua,MODIS,71,6.2,295.9,9.8,N,0
-19.8035,128.5046,305.6,1.3,1.1,2014-10-27,1636,Aqua,MODIS,65,6.2,293.1,8.9,N,0
-19.8055,128.5167,319.9,1.3,1.1,2014-10-27,1636,Aqua,MODIS,99,6.2,294.2,24,N,0
-19.8075,128.5289,325.9,1.3,1.1,2014-10-27,1636,Aqua,MODIS,100,6.2,294.2,33.1,N,0
-19.8094,128.541,308.9,1.3,1.1,2014-10-27,1636,Aqua,MODIS,76,6.2,292.9,11.5,N,0
-19.8042,128.5115,313.6,1.3,1.1,2014-10-27,1636,Aqua,MODIS,65,6.2,293.4,15.5,N,0
-19.8062,128.5236,323.8,1.3,1.1,2014-10-27,1636,Aqua,MODIS,100,6.2,294.3,29.2,N,0
-19.8083,128.5357,320.2,1.3,1.1,2014-10-27,1636,Aqua,MODIS,100,6.2,294,24.5,N,0
-19.8122,128.4975,310.8,1.3,1.1,2014-10-27,1636,Aqua,MODIS,81,6.2,294.3,13.9,N,0
-22.3389,128.0211,304.2,1.3,1.1,2014-10-27,1636,Aqua,MODIS,59,6.2,293.5,6.7,N,0
-20.8255,125.7297,324.2,1.9,1.3,2014-10-27,1636,Aqua,MODIS,94,6.2,275.8,0,N,0
-20.4891,125.4149,403.8,2,1.4,2014-10-27,1636,Aqua,MODIS,100,6.2,306,757.1,N,0
-20.8375,125.7272,353.4,1.9,1.3,2014-10-27,1636,Aqua,MODIS,100,6.2,281.9,0,N,0
-20.5014,125.4124,373.2,2,1.4,2014-10-27,1636,Aqua,MODIS,100,6.2,298,342.7,N,0
-20.8222,125.7118,325,1.9,1.3,2014-10-27,1636,Aqua,MODIS,100,6.2,279.3,63.8,N,0
-20.5049,125.4314,319.3,2,1.4,2014-10-27,1636,Aqua,MODIS,27,6.2,285.4,39.3,N,0
-20.8189,125.6938,322,1.9,1.3,2014-10-27,1636,Aqua,MODIS,97,6.2,274.8,55.1,N,0
-20.8136,125.7323,322.1,1.9,1.3,2014-10-27,1636,Aqua,MODIS,92,6.2,271.5,0,N,0
-20.8309,125.6913,311.8,1.9,1.3,2014-10-27,1636,Aqua,MODIS,32,6.2,285.3,33,N,0
-20.8103,125.7143,343.9,1.9,1.3,2014-10-27,1636,Aqua,MODIS,100,6.2,274.9,133.1,N,0
-20.0521,123.8632,345.1,2.7,1.6,2014-10-27,1636,Aqua,MODIS,100,6.2,295,208.4,N,0
-20.0382,123.8664,356,2.7,1.6,2014-10-27,1636,Aqua,MODIS,100,6.2,294.3,307.7,N,0
-20.8495,125.7247,327.2,1.9,1.3,2014-10-27,1636,Aqua,MODIS,84,6.2,270.5,61.7,N,0
-20.043,123.8916,362.4,2.7,1.6,2014-10-27,1636,Aqua,MODIS,100,6.2,296.2,375.2,N,0
-20.8342,125.7093,328.1,1.9,1.3,2014-10-27,1636,Aqua,MODIS,100,6.2,283.5,73.2,N,0
-20.8052,125.7207,330.7,1.9,1.3,2014-10-27,1636,Aqua,MODIS,100,6.2,270.6,0,N,0
-20.0622,123.8824,326.7,2.7,1.6,2014-10-27,1636,Aqua,MODIS,100,6.2,293.6,92.1,N,0
-19.2987,131.649,308.6,1,1,2014-10-27,1636,Aqua,MODIS,75,6.2,291.5,8.6,N,0
-19.4076,131.8197,306.9,1,1,2014-10-27,1636,Aqua,MODIS,46,6.2,286.7,6.9,N,0
-19.2973,131.6395,337.1,1,1,2014-10-27,1636,Aqua,MODIS,100,6.2,292.9,38.7,N,0
-20.8775,125.8112,305.2,1.9,1.3,2014-10-27,1636,Aqua,MODIS,63,6.2,267.9,25.4,N,0
-19.4228,131.7979,313,1,1,2014-10-27,1636,Aqua,MODIS,86,6.2,294.3,11.1,N,0
-20.0572,123.8573,317.1,2.7,1.6,2014-10-27,1636,Aqua,MODIS,51,6.2,293.8,53.2,N,0
-20.0569,123.8884,344.6,2.7,1.6,2014-10-27,1636,Aqua,MODIS,100,6.2,294.3,201.7,N,0
-22.0752,131.6933,311.2,1,1,2014-10-27,1636,Aqua,MODIS,81,6.2,295.9,8.9,N,0
-20.4767,125.4174,308.7,2,1.4,2014-10-27,1636,Aqua,MODIS,30,6.2,286.8,15.6,N,0
-20.4855,125.3959,349.3,2,1.4,2014-10-27,1636,Aqua,MODIS,100,6.2,295.5,156.8,N,0
-20.5762,122.3266,310,3.4,1.7,2014-10-27,1636,Aqua,MODIS,20,6.2,270.4,69.4,N,0
-20.7335,122.7072,305.4,3.1,1.7,2014-10-27,1636,Aqua,MODIS,28,6.2,267.4,45.1,N,0
-20.7395,122.7371,322.4,3.1,1.7,2014-10-27,1636,Aqua,MODIS,100,6.2,271.5,119.9,N,0
-20.52,121.3271,305.5,4,1.9,2014-10-27,1636,Aqua,MODIS,25,6.2,288.2,55,N,0
-19.3809,131.8298,312.4,1,1,2014-10-27,1636,Aqua,MODIS,68,6.2,292.2,12,N,0
-19.303,131.8589,304.2,1,1,2014-10-27,1636,Aqua,MODIS,24,6.2,294,4.8,N,0
-19.3899,131.8284,312.7,1,1,2014-10-27,1636,Aqua,MODIS,63,6.2,289.2,12,N,0
-19.3539,131.8342,306.8,1,1,2014-10-27,1636,Aqua,MODIS,45,6.2,293.6,6.8,N,0
-19.2959,131.63,323.3,1,1,2014-10-27,1636,Aqua,MODIS,100,6.2,292.6,20.8,N,0
-19.2945,131.6205,304,1,1,2014-10-27,1636,Aqua,MODIS,45,6.2,291.1,5.7,N,0
-21.7324,141.277,306.3,3.6,1.8,2014-10-27,1636,Aqua,MODIS,49,6.2,291.4,41.4,N,0
-21.7393,141.2691,304.8,3.6,1.8,2014-10-27,1636,Aqua,MODIS,60,6.2,292.6,35.1,N,0
-22.6106,120.8987,309.8,3.8,1.8,2014-10-27,1637,Aqua,MODIS,78,6.2,293.2,55.1,N,0
-23.9086,122.615,310.8,2.7,1.6,2014-10-27,1637,Aqua,MODIS,29,6.2,293.1,33.7,N,0
-23.9043,122.6211,320.9,2.7,1.6,2014-10-27,1637,Aqua,MODIS,100,6.2,293.4,71.9,N,0
-23.3198,125.9644,310.7,1.6,1.3,2014-10-27,1637,Aqua,MODIS,11,6.2,289.1,15.8,N,0
-23.3336,126.0425,317.8,1.6,1.2,2014-10-27,1637,Aqua,MODIS,30,6.2,284.9,27.1,N,0
-23.3114,125.9825,328,1.6,1.3,2014-10-27,1637,Aqua,MODIS,100,6.2,269.3,46.1,N,0
-22.7507,120.9283,303.1,3.8,1.8,2014-10-27,1637,Aqua,MODIS,53,6.2,292.1,28.2,N,0
-23.4325,133.0462,308.4,1.1,1,2014-10-27,1637,Aqua,MODIS,48,6.2,291.2,8,N,0
-22.7595,121.6898,304.9,3.3,1.7,2014-10-27,1637,Aqua,MODIS,62,6.2,292.2,32.1,N,0
-22.7559,121.6859,305.3,3.3,1.7,2014-10-27,1637,Aqua,MODIS,61,6.2,292.2,30.6,N,0
-22.6015,120.8965,310.1,3.8,1.8,2014-10-27,1637,Aqua,MODIS,79,6.2,293.1,57.1,N,0
-23.3393,126.009,309.8,1.6,1.2,2014-10-27,1637,Aqua,MODIS,43,6.2,276.5,13.5,N,0
-23.439,133.0501,300.4,1.1,1,2014-10-27,1637,Aqua,MODIS,27,6.2,289.3,3.8,N,0
-23.434,133.0569,331.8,1.1,1,2014-10-27,1637,Aqua,MODIS,100,6.2,294,34,N,0
-22.7529,121.6578,302.5,3.4,1.7,2014-10-27,1637,Aqua,MODIS,50,6.2,292.5,24,N,0
-23.4246,133.0586,309.1,1.1,1,2014-10-27,1637,Aqua,MODIS,70,6.2,293.3,8.8,N,0
-23.4232,133.0479,306.1,1.1,1,2014-10-27,1637,Aqua,MODIS,39,6.2,292.7,6.6,N,0
-22.7464,120.9372,302.6,3.8,1.8,2014-10-27,1637,Aqua,MODIS,50,6.2,291.9,24.5,N,0
-23.871,122.6018,306.9,2.7,1.6,2014-10-27,1637,Aqua,MODIS,28,6.2,292.1,32.6,N,0
-23.9112,123.017,302.1,2.5,1.5,2014-10-27,1637,Aqua,MODIS,19,6.2,288.8,20.8,N,0
-22.5934,120.8595,304.6,3.8,1.8,2014-10-27,1637,Aqua,MODIS,61,6.2,293.6,31.4,N,0
-21.8734,121.1777,309.8,3.8,1.8,2014-10-27,1637,Aqua,MODIS,65,6.2,294.6,46.9,N,0
-22.1073,120.9402,312.4,3.9,1.8,2014-10-27,1637,Aqua,MODIS,85,6.2,294.1,62.2,N,0
-22.0994,120.9031,310.1,3.9,1.8,2014-10-27,1637,Aqua,MODIS,79,6.2,294.5,49.8,N,0
-22.0831,120.9076,309.1,3.9,1.8,2014-10-27,1637,Aqua,MODIS,76,6.2,295.1,47.5,N,0
-24.8818,122.5583,300.9,2.6,1.5,2014-10-27,1637,Aqua,MODIS,17,6.2,286.7,23.8,N,0
-22.101,120.9468,306.9,3.9,1.8,2014-10-27,1637,Aqua,MODIS,70,6.2,293.9,37.7,N,0
-21.8852,121.2049,310.8,3.8,1.8,2014-10-27,1637,Aqua,MODIS,62,6.2,294.1,57.4,N,0
-21.8775,121.1686,309.2,3.8,1.8,2014-10-27,1637,Aqua,MODIS,77,6.2,294.7,46.3,N,0
-22.0933,120.9098,321,3.9,1.8,2014-10-27,1637,Aqua,MODIS,100,6.2,295.1,119.6,N,0
-24.1128,122.6353,303.4,2.7,1.6,2014-10-27,1637,Aqua,MODIS,55,6.2,291.6,21.7,N,0
-21.6658,120.9611,322.6,4,1.9,2014-10-27,1637,Aqua,MODIS,100,6.2,294.4,134.4,N,0
-21.6716,120.9549,323.1,4,1.9,2014-10-27,1637,Aqua,MODIS,100,6.2,294.6,134,N,0
-21.6879,121.0298,307.8,3.9,1.8,2014-10-27,1637,Aqua,MODIS,73,6.2,294,40,N,0
-21.7242,123.504,353.9,2.6,1.6,2014-10-27,1637,Aqua,MODIS,100,6.2,297.1,278.2,N,0
-21.7291,123.5286,370.6,2.6,1.5,2014-10-27,1637,Aqua,MODIS,100,6.2,300.9,464.8,N,0
-21.7972,123.5569,305.1,2.6,1.5,2014-10-27,1637,Aqua,MODIS,40,6.2,295,17.1,N,0
-21.7697,123.563,316,2.6,1.5,2014-10-27,1637,Aqua,MODIS,92,6.2,295.1,46.2,N,0
-21.756,123.5661,328.8,2.6,1.5,2014-10-27,1637,Aqua,MODIS,100,6.2,296.6,98.8,N,0
-21.751,123.5416,361.9,2.6,1.5,2014-10-27,1637,Aqua,MODIS,100,6.2,299.4,354,N,0
-21.7461,123.5171,313.4,2.6,1.5,2014-10-27,1637,Aqua,MODIS,84,6.2,295.7,37.3,N,0
-21.7662,123.5717,319.7,2.6,1.5,2014-10-27,1637,Aqua,MODIS,99,6.2,295.2,59.7,N,0
-21.7614,123.5471,357.6,2.6,1.5,2014-10-27,1637,Aqua,MODIS,100,6.2,296.6,309.7,N,0
-21.7477,123.5501,363.4,2.6,1.5,2014-10-27,1637,Aqua,MODIS,100,6.2,299.8,372.1,N,0
-21.7429,123.5256,375.4,2.6,1.5,2014-10-27,1637,Aqua,MODIS,100,6.2,300.2,532.8,N,0
-21.7381,123.5009,340.3,2.6,1.6,2014-10-27,1637,Aqua,MODIS,100,6.2,296.1,168.8,N,0
-21.7339,123.5532,345.9,2.6,1.5,2014-10-27,1637,Aqua,MODIS,100,6.2,297.5,205.6,N,0
-21.6817,121.0359,325.2,3.9,1.8,2014-10-27,1637,Aqua,MODIS,100,6.2,294.5,152.2,N,0
-26.8891,127.1255,301.8,1.2,1.1,2014-10-27,1638,Aqua,MODIS,45,6.2,291,6.6,N,0
-27.5273,128.9919,309.5,1,1,2014-10-27,1638,Aqua,MODIS,51,6.2,290,9.7,N,0
-28.0487,130.0108,300.4,1,1,2014-10-27,1638,Aqua,MODIS,27,6.2,288,5.5,N,0
-27.538,129.0005,312.9,1,1,2014-10-27,1638,Aqua,MODIS,46,6.2,289.8,11.8,N,0
-21.7593,116.5889,304.5,3.7,1.8,2014-10-27,1815,Aqua,MODIS,60,6.2,293.3,30.8,N,0
-21.727,116.4157,303.5,3.6,1.8,2014-10-27,1815,Aqua,MODIS,56,6.2,289.6,31.7,N,0
-21.7201,116.4115,303.3,3.6,1.8,2014-10-27,1815,Aqua,MODIS,55,6.2,291.7,31.5,N,0
-21.7983,118.0468,308,4.7,2,2014-10-27,1815,Aqua,MODIS,70,6.2,293.5,57.4,N,0
-21.796,118.0386,305.9,4.7,2,2014-10-27,1815,Aqua,MODIS,66,6.2,293.4,48.3,N,0
-12.6932,142.2755,318.5,3,1.6,2014-10-28,0020,Terra,MODIS,60,6.2,295.5,44.3,D,0
-10.9693,142.3076,313.6,3.2,1.7,2014-10-28,0020,Terra,MODIS,51,6.2,299.1,24.3,D,0
-16.7217,142.7882,325.7,2.3,1.5,2014-10-28,0021,Terra,MODIS,33,6.2,309.2,26.9,D,0
-15.2042,144.9974,326.1,1.7,1.3,2014-10-28,0021,Terra,MODIS,48,6.2,307.9,19.1,D,0
-13.6806,141.5483,322.8,3.2,1.7,2014-10-28,0021,Terra,MODIS,52,6.2,306.1,43,D,0
-16.6857,142.801,330.6,2.3,1.5,2014-10-28,0021,Terra,MODIS,36,6.2,309.3,36.7,D,0
-16.6727,142.8035,329,2.3,1.5,2014-10-28,0021,Terra,MODIS,29,6.2,309.9,32.3,D,0
-14.2099,141.9363,320,3,1.6,2014-10-28,0021,Terra,MODIS,42,6.2,303.4,25.3,D,0
-17.1174,145.5496,321.8,1.4,1.2,2014-10-28,0021,Terra,MODIS,23,6.2,303.3,19.9,D,0
-14.6808,141.6642,326,3,1.7,2014-10-28,0021,Terra,MODIS,65,6.2,309.2,37.8,D,0
-14.4534,141.8484,320.7,3,1.6,2014-10-28,0021,Terra,MODIS,49,6.2,303.2,34.3,D,0
-15.1668,145.1818,327.6,1.6,1.3,2014-10-28,0021,Terra,MODIS,62,6.2,303.2,28.2,D,0
-15.1642,145.1663,330.3,1.6,1.3,2014-10-28,0021,Terra,MODIS,71,6.2,304.7,35.8,D,0
-15.1529,145.168,321,1.6,1.3,2014-10-28,0021,Terra,MODIS,52,6.2,304.2,17.8,D,0
-15.1503,145.1529,320.6,1.6,1.3,2014-10-28,0021,Terra,MODIS,39,6.2,304.1,16.7,D,0
-14.9958,145.0547,334.8,1.7,1.3,2014-10-28,0021,Terra,MODIS,83,6.2,300,56.7,D,0
-16.7177,142.7671,327.6,2.3,1.5,2014-10-28,0021,Terra,MODIS,58,6.2,306.8,35.2,D,0
-16.721,142.7723,328.7,2.3,1.5,2014-10-28,0021,Terra,MODIS,59,6.2,307.4,36.9,D,0
-16.708,142.7749,330.4,2.3,1.5,2014-10-28,0021,Terra,MODIS,62,6.2,308.7,42,D,0
-14.453,141.8415,323.6,3,1.6,2014-10-28,0021,Terra,MODIS,66,6.2,303.4,49.2,D,0
-14.1706,141.8934,330.7,3,1.6,2014-10-28,0021,Terra,MODIS,73,6.2,303.5,101.7,D,0
-13.2004,142.3709,325,2.9,1.6,2014-10-28,0021,Terra,MODIS,72,6.2,305.9,46.9,D,0
-15.1178,145.1646,367.8,1.6,1.3,2014-10-28,0021,Terra,MODIS,100,6.2,305.2,202.1,D,0
-14.1656,141.8659,321.4,3,1.6,2014-10-28,0021,Terra,MODIS,53,6.2,299.9,55.5,D,0
-15.1066,145.1665,330.9,1.6,1.3,2014-10-28,0021,Terra,MODIS,77,6.2,308.4,38.8,D,0
-15.1203,145.1795,327.8,1.6,1.3,2014-10-28,0021,Terra,MODIS,70,6.2,303.6,32.1,D,0
-15.1166,145.1588,360.5,1.6,1.3,2014-10-28,0021,Terra,MODIS,100,6.2,304.7,159.8,D,0
-15.1192,145.1738,337.9,1.6,1.3,2014-10-28,0021,Terra,MODIS,85,6.2,305.2,60.9,D,0
-14.1902,141.9179,337.8,3,1.6,2014-10-28,0021,Terra,MODIS,86,6.2,302.8,138.7,D,0
-14.1853,141.8905,346.8,3,1.6,2014-10-28,0021,Terra,MODIS,92,6.2,301,224.6,D,0
-14.7251,141.6556,329.7,3,1.7,2014-10-28,0021,Terra,MODIS,71,6.2,307.7,68.3,D,0
-13.7411,141.6455,324.1,3.2,1.7,2014-10-28,0021,Terra,MODIS,51,6.2,301.8,60.7,D,0
-13.744,141.651,321.5,3.2,1.7,2014-10-28,0021,Terra,MODIS,57,6.2,301.4,49.4,D,0
-14.1902,141.9119,341.9,3,1.6,2014-10-28,0021,Terra,MODIS,89,6.2,302.7,174.1,D,0
-14.1705,141.8873,335.1,3,1.6,2014-10-28,0021,Terra,MODIS,80,6.2,303,130.1,D,0
-14.1852,141.8845,334.4,3,1.6,2014-10-28,0021,Terra,MODIS,82,6.2,300.4,121.9,D,0
-15.4545,142.3501,333.8,2.6,1.5,2014-10-28,0021,Terra,MODIS,58,6.2,303.7,80.4,D,0
-16.5455,142.6126,338.1,2.4,1.5,2014-10-28,0021,Terra,MODIS,83,6.2,306.9,81.9,D,0
-15.4498,142.3582,329.5,2.6,1.5,2014-10-28,0021,Terra,MODIS,22,6.2,303.5,57.3,D,0
-15.3982,142.4664,322.4,2.5,1.5,2014-10-28,0021,Terra,MODIS,27,6.2,304.2,33.2,D,0
-15.1821,143.0003,324.6,2.3,1.5,2014-10-28,0021,Terra,MODIS,33,6.2,309,20.8,D,0
-15.3979,142.4234,335.3,2.6,1.5,2014-10-28,0021,Terra,MODIS,81,6.2,301.2,97.7,D,0
-15.3752,142.4951,337.9,2.5,1.5,2014-10-28,0021,Terra,MODIS,85,6.2,303.8,105,D,0
-16.5334,142.5467,340,2.4,1.5,2014-10-28,0021,Terra,MODIS,85,6.2,307.8,93.6,D,0
-16.3829,142.6574,334.2,2.4,1.5,2014-10-28,0021,Terra,MODIS,79,6.2,310.5,56.2,D,0
-15.4728,142.3713,335.2,2.6,1.5,2014-10-28,0021,Terra,MODIS,70,6.2,306,88.7,D,0
-15.4407,142.3527,337.3,2.6,1.5,2014-10-28,0021,Terra,MODIS,85,6.2,303.6,101.3,D,0
-16.5331,142.5987,335.7,2.4,1.5,2014-10-28,0021,Terra,MODIS,81,6.2,305.5,65.3,D,0
-15.3801,142.4454,339.3,2.6,1.5,2014-10-28,0021,Terra,MODIS,86,6.2,303.7,119.2,D,0
-16.5323,142.6152,328.9,2.4,1.5,2014-10-28,0021,Terra,MODIS,57,6.2,306.7,37.8,D,0
-16.3962,142.6549,346.4,2.4,1.5,2014-10-28,0021,Terra,MODIS,91,6.2,308.3,129.8,D,0
-15.3694,142.5022,333.5,2.5,1.5,2014-10-28,0021,Terra,MODIS,80,6.2,305.3,74.2,D,0
-16.4879,142.6528,337.8,2.3,1.5,2014-10-28,0021,Terra,MODIS,83,6.2,308.6,81.8,D,0
-15.4817,142.3767,329.4,2.6,1.5,2014-10-28,0021,Terra,MODIS,75,6.2,305.2,60.9,D,0
-15.4021,142.4472,333,2.6,1.5,2014-10-28,0021,Terra,MODIS,74,6.2,302.8,84.1,D,0
-15.4455,142.3341,334.3,2.6,1.6,2014-10-28,0021,Terra,MODIS,70,6.2,302.4,85.7,D,0
-15.4076,142.4402,333.2,2.6,1.5,2014-10-28,0021,Terra,MODIS,80,6.2,301.8,86.5,D,0
-16.484,142.631,334.7,2.4,1.5,2014-10-28,0021,Terra,MODIS,79,6.2,308.5,63.7,D,0
-16.5374,142.5687,332.7,2.4,1.5,2014-10-28,0021,Terra,MODIS,65,6.2,306.4,56.1,D,0
-15.2077,143.0107,325.7,2.3,1.5,2014-10-28,0021,Terra,MODIS,25,6.2,309.7,25.1,D,0
-16.5253,142.5546,330.3,2.4,1.5,2014-10-28,0021,Terra,MODIS,59,6.2,310,34,D,0
-15.436,142.3608,328.7,2.6,1.5,2014-10-28,0021,Terra,MODIS,56,6.2,304,58.4,D,0
-15.3557,142.5049,331,2.5,1.5,2014-10-28,0021,Terra,MODIS,77,6.2,306.5,60.4,D,0
-15.3195,145.2691,320.1,1.6,1.2,2014-10-28,0021,Terra,MODIS,16,6.2,304.7,11.7,D,0
-15.3599,142.5282,324.3,2.5,1.5,2014-10-28,0021,Terra,MODIS,36,6.2,307.6,32.7,D,0
-15.3736,142.5256,326.6,2.5,1.5,2014-10-28,0021,Terra,MODIS,52,6.2,306.1,43.2,D,0
-15.4683,142.3475,337.8,2.6,1.5,2014-10-28,0021,Terra,MODIS,85,6.2,305,108,D,0
-16.537,142.6207,330.6,2.4,1.5,2014-10-28,0021,Terra,MODIS,61,6.2,307.5,42.8,D,0
-15.3095,142.562,324.9,2.5,1.5,2014-10-28,0021,Terra,MODIS,42,6.2,307,34.8,D,0
-15.3795,142.5185,328.1,2.5,1.5,2014-10-28,0021,Terra,MODIS,74,6.2,305.1,53.5,D,0
-15.1153,145.1495,339.3,1.6,1.3,2014-10-28,0021,Terra,MODIS,87,6.2,302,64.8,D,0
-15.1041,145.1515,322.8,1.6,1.3,2014-10-28,0021,Terra,MODIS,27,6.2,303.9,18.6,D,0
-17.8793,144.5869,325.7,1.6,1.2,2014-10-28,0022,Terra,MODIS,23,6.2,311,12.3,D,0
-17.863,144.6279,332.6,1.6,1.2,2014-10-28,0022,Terra,MODIS,72,6.2,313.4,27.1,D,0
-18.2265,145.3325,328.6,1.4,1.2,2014-10-28,0022,Terra,MODIS,34,6.2,313.7,15.5,D,0
-17.8579,144.598,335.4,1.6,1.2,2014-10-28,0022,Terra,MODIS,64,6.2,314.2,31.9,D,0
-18.195,145.3383,333.5,1.4,1.2,2014-10-28,0022,Terra,MODIS,70,6.2,313.1,24.5,D,0
-18.1972,145.3515,332,1.4,1.2,2014-10-28,0022,Terra,MODIS,50,6.2,314.4,21.7,D,0
-17.8665,144.5809,333,1.6,1.2,2014-10-28,0022,Terra,MODIS,76,6.2,312.6,27,D,0
-18.237,145.3306,334,1.4,1.2,2014-10-28,0022,Terra,MODIS,80,6.2,311,28.1,D,0
-18.2347,145.3175,330.6,1.4,1.2,2014-10-28,0022,Terra,MODIS,68,6.2,311.6,20.6,D,0
-17.8605,144.6129,337.5,1.6,1.2,2014-10-28,0022,Terra,MODIS,83,6.2,313.5,40,D,0
-18.2011,145.3439,335.4,1.4,1.2,2014-10-28,0022,Terra,MODIS,72,6.2,314.3,28.4,D,0
-18.1906,145.3457,333,1.4,1.2,2014-10-28,0022,Terra,MODIS,78,6.2,314.6,24.4,D,0
-16.9628,142.7286,331.9,2.3,1.5,2014-10-28,0022,Terra,MODIS,72,6.2,309,49.3,D,0
-17.0152,142.7331,326.9,2.3,1.5,2014-10-28,0022,Terra,MODIS,50,6.2,308.4,33,D,0
-17.0149,142.7184,343.3,2.3,1.5,2014-10-28,0022,Terra,MODIS,88,6.2,309.4,107.4,D,0
-16.8839,142.7279,331,2.3,1.5,2014-10-28,0022,Terra,MODIS,73,6.2,308.2,47.3,D,0
-17.0244,142.7095,328.8,2.3,1.5,2014-10-28,0022,Terra,MODIS,57,6.2,306.5,39.7,D,0
-17.0114,142.7121,335.6,2.3,1.5,2014-10-28,0022,Terra,MODIS,81,6.2,309.3,69.1,D,0
-22.6154,148.4002,337.8,1,1,2014-10-28,0023,Terra,MODIS,79,6.2,314.3,17.4,D,0
-25.1803,147.8844,339.1,1,1,2014-10-28,0023,Terra,MODIS,84,6.2,312.5,21.9,D,0
-22.6078,148.4114,362.2,1,1,2014-10-28,0023,Terra,MODIS,100,6.2,317.2,69.7,D,0
-24.4827,148.658,335.5,1,1,2014-10-28,0023,Terra,MODIS,76,6.2,316.5,12.9,D,0
-24.4918,148.6565,341.7,1,1,2014-10-28,0023,Terra,MODIS,85,6.2,316.7,23.2,D,0
-25.5403,150.8536,337.8,1.2,1.1,2014-10-28,0023,Terra,MODIS,83,6.2,309.6,28.4,D,0
-25.2545,148.6543,333.9,1,1,2014-10-28,0023,Terra,MODIS,79,6.2,310,20.3,D,0
-24.7595,148.2812,334.1,1,1,2014-10-28,0023,Terra,MODIS,77,6.2,307.9,18.4,D,0
-24.7581,148.2713,362.7,1,1,2014-10-28,0023,Terra,MODIS,100,6.2,311.2,77.5,D,0
-24.749,148.2728,328.7,1,1,2014-10-28,0023,Terra,MODIS,58,6.2,310.9,10.8,D,0
-24.7671,148.2699,332.5,1,1,2014-10-28,0023,Terra,MODIS,67,6.2,307.5,15.6,D,0
-25.2531,148.6442,326,1,1,2014-10-28,0023,Terra,MODIS,50,6.2,309.1,10,D,0
-22.8989,148.9593,333.6,1,1,2014-10-28,0023,Terra,MODIS,73,6.2,315.2,12.3,D,0
-24.4536,146.2032,338.4,1.1,1,2014-10-28,0023,Terra,MODIS,79,6.2,316.2,19.9,D,0
-24.4552,146.2137,347.4,1.1,1,2014-10-28,0023,Terra,MODIS,90,6.2,317.3,37.3,D,0
-24.4569,146.2241,344.7,1.1,1,2014-10-28,0023,Terra,MODIS,87,6.2,316.7,31.1,D,0
-24.4628,146.2015,335.6,1.1,1,2014-10-28,0023,Terra,MODIS,74,6.2,316.7,15.9,D,0
-24.4645,146.2119,338.2,1.1,1,2014-10-28,0023,Terra,MODIS,79,6.2,317.7,20.3,D,0
-24.5578,150.4119,339.5,1.2,1.1,2014-10-28,0023,Terra,MODIS,85,6.2,309,34.1,D,0
-25.2616,148.6471,336.8,1,1,2014-10-28,0023,Terra,MODIS,82,6.2,310,24.5,D,0
-22.6064,148.4017,356.5,1,1,2014-10-28,0023,Terra,MODIS,97,6.2,318.5,54.2,D,0
-22.0336,149.2715,328.2,1,1,2014-10-28,0023,Terra,MODIS,62,6.2,304.7,14.7,D,0
-25.554,150.8836,332.3,1.2,1.1,2014-10-28,0023,Terra,MODIS,56,6.2,311.9,19.4,D,0
-23.9294,150.7366,330.6,1.2,1.1,2014-10-28,0023,Terra,MODIS,63,6.2,308,19.6,D,0
-25.5525,150.871,334.5,1.2,1.1,2014-10-28,0023,Terra,MODIS,78,6.2,312.2,24,D,0
-25.2631,148.6573,327,1,1,2014-10-28,0023,Terra,MODIS,54,6.2,308.3,11.1,D,0
-25.5534,150.8768,344.9,1.2,1.1,2014-10-28,0023,Terra,MODIS,90,6.2,312.7,46.4,D,0
-24.8026,148.5184,324.5,1,1,2014-10-28,0023,Terra,MODIS,58,6.2,309.8,7.9,D,0
-29.277,152.8636,318.8,1.8,1.3,2014-10-28,0024,Terra,MODIS,53,6.2,299.3,26.7,D,0
-25.1879,147.873,330.6,1,1,2014-10-28,0024,Terra,MODIS,68,6.2,312.8,10.3,D,0
-26.0491,149.2924,351.6,1.1,1,2014-10-28,0024,Terra,MODIS,94,6.2,317.5,48.1,D,0
-28.5853,152.3165,331.2,1.7,1.3,2014-10-28,0024,Terra,MODIS,79,6.2,300.4,44.5,D,0
-29.289,152.8617,318,1.8,1.3,2014-10-28,0024,Terra,MODIS,36,6.2,298.7,23.9,D,0
-28.5835,152.3002,331.4,1.7,1.3,2014-10-28,0024,Terra,MODIS,77,6.2,300.7,43.8,D,0
-28.8112,151.8788,331.4,1.6,1.2,2014-10-28,0024,Terra,MODIS,78,6.2,306.9,36.6,D,0
-26.5371,147.3485,351.2,1,1,2014-10-28,0024,Terra,MODIS,93,6.2,313.7,44.2,D,0
-26.5465,147.3511,329,1,1,2014-10-28,0024,Terra,MODIS,56,6.2,313.3,7.2,D,0
-27.3191,152.1704,330.2,1.6,1.2,2014-10-28,0024,Terra,MODIS,65,6.2,301.5,35.3,D,0
-26.9991,152.1539,324.8,1.5,1.2,2014-10-28,0024,Terra,MODIS,31,6.2,310.1,13,D,0
-28.5502,152.2943,323.1,1.7,1.3,2014-10-28,0024,Terra,MODIS,24,6.2,303.8,20.7,D,0
-26.3771,149.5431,326.7,1.1,1,2014-10-28,0024,Terra,MODIS,24,6.2,311.6,5.4,D,0
-31.0126,152.0826,323.9,1.7,1.3,2014-10-28,0025,Terra,MODIS,42,6.2,303.2,31.8,D,0
-31.0475,152.0763,340.3,1.7,1.3,2014-10-28,0025,Terra,MODIS,88,6.2,302.5,77.9,D,0
-31.0592,152.0752,324,1.7,1.3,2014-10-28,0025,Terra,MODIS,28,6.2,300.4,29.2,D,0
-31.0609,152.0911,327.4,1.7,1.3,2014-10-28,0025,Terra,MODIS,51,6.2,298.7,39.6,D,0
-31.056,152.0857,330.3,1.7,1.3,2014-10-28,0025,Terra,MODIS,54,6.2,299.8,47.2,D,0
-31.6638,151.6904,320.5,1.7,1.3,2014-10-28,0025,Terra,MODIS,44,6.2,300.5,22.7,D,0
-31.6657,151.7098,323.5,1.7,1.3,2014-10-28,0025,Terra,MODIS,50,6.2,302,27.2,D,0
-29.6442,152.3243,322.4,1.7,1.3,2014-10-28,0025,Terra,MODIS,32,6.2,299.2,29.3,D,0
-29.6073,152.31,324.9,1.7,1.3,2014-10-28,0025,Terra,MODIS,42,6.2,298.1,36.6,D,0
-31.3178,147.6954,328,1,1,2014-10-28,0025,Terra,MODIS,74,6.2,308.2,17,D,0
-31.3164,147.6844,319.9,1,1,2014-10-28,0025,Terra,MODIS,44,6.2,307.7,7.3,D,0
-11.3219,131.147,321.4,1.7,1.3,2014-10-28,0158,Terra,MODIS,32,6.2,300.6,16.2,D,0
-11.3191,131.1416,325.3,1.7,1.3,2014-10-28,0158,Terra,MODIS,33,6.2,300.8,24.7,D,0
-12.3197,131.1752,329.8,1.8,1.3,2014-10-28,0159,Terra,MODIS,63,6.2,307.6,25.2,D,0
-12.3405,131.1825,336.2,1.8,1.3,2014-10-28,0159,Terra,MODIS,64,6.2,309.4,42.1,D,0
-12.4419,133.313,328.7,2.6,1.5,2014-10-28,0159,Terra,MODIS,41,6.2,308.4,52.5,D,0
-15.4865,133.7947,328.5,3.1,1.7,2014-10-28,0159,Terra,MODIS,35,6.2,309.9,40.5,D,0
-15.4885,133.7999,330.4,3.1,1.7,2014-10-28,0159,Terra,MODIS,53,6.2,310.2,52.5,D,0
-12.9614,136.3551,343.3,4.5,2,2014-10-28,0159,Terra,MODIS,89,6.2,302.7,347.2,D,0
-15.6788,133.8842,340.3,3.2,1.7,2014-10-28,0159,Terra,MODIS,84,6.2,309.7,128.5,D,0
-15.6762,133.8792,333.9,3.2,1.7,2014-10-28,0159,Terra,MODIS,62,6.2,309.9,77.8,D,0
-13.4922,135.7781,339.2,4.2,1.9,2014-10-28,0159,Terra,MODIS,79,6.2,304.6,231.7,D,0
-12.4394,132.8702,330.8,2.4,1.5,2014-10-28,0159,Terra,MODIS,34,6.2,311.6,48.7,D,0
-12.3176,131.1591,329.6,1.8,1.3,2014-10-28,0159,Terra,MODIS,60,6.2,307.7,24.6,D,0
-12.9026,132.7892,325.1,2.4,1.5,2014-10-28,0159,Terra,MODIS,48,6.2,308.6,23.8,D,0
-15.6946,133.9073,349.2,3.2,1.7,2014-10-28,0159,Terra,MODIS,92,6.2,308.5,230.2,D,0
-15.7099,133.9056,327.3,3.2,1.7,2014-10-28,0159,Terra,MODIS,48,6.2,307.3,43.6,D,0
-12.3268,131.1678,332.3,1.8,1.3,2014-10-28,0159,Terra,MODIS,68,6.2,309.2,30.6,D,0
-12.3315,131.1737,328.7,1.8,1.3,2014-10-28,0159,Terra,MODIS,57,6.2,308.6,22.2,D,0
-12.431,132.8765,332.2,2.4,1.5,2014-10-28,0159,Terra,MODIS,63,6.2,312,52.7,D,0
-12.4176,132.8781,330.8,2.4,1.5,2014-10-28,0159,Terra,MODIS,56,6.2,311.7,45.7,D,0
-12.9566,136.3211,322.9,4.5,2,2014-10-28,0159,Terra,MODIS,45,6.2,302.5,90.4,D,0
-13.4792,135.8177,334,4.2,1.9,2014-10-28,0159,Terra,MODIS,58,6.2,305.4,159.6,D,0
-12.9612,136.362,344.7,4.5,2,2014-10-28,0159,Terra,MODIS,90,6.2,302.9,366.5,D,0
-12.9436,136.3639,322,4.5,2,2014-10-28,0159,Terra,MODIS,26,6.2,304.7,78.8,D,0
-12.364,131.1794,327.8,1.8,1.3,2014-10-28,0159,Terra,MODIS,29,6.2,308.4,19.5,D,0
-15.7677,133.8691,329.2,3.2,1.7,2014-10-28,0159,Terra,MODIS,65,6.2,305.6,60.6,D,0
-15.7647,133.8624,328.7,3.2,1.7,2014-10-28,0159,Terra,MODIS,60,6.2,305.5,58.1,D,0
-15.7952,133.859,331,3.2,1.7,2014-10-28,0159,Terra,MODIS,70,6.2,305.2,80.7,D,0
-15.3748,133.7314,325.2,3.1,1.7,2014-10-28,0159,Terra,MODIS,34,6.2,307.9,33.2,D,0
-15.1713,134.4805,327.8,3.5,1.8,2014-10-28,0159,Terra,MODIS,40,6.2,309.2,56,D,0
-12.9611,132.9754,353.8,2.5,1.5,2014-10-28,0159,Terra,MODIS,96,6.2,309.3,214.7,D,0
-15.7495,133.864,326.5,3.2,1.7,2014-10-28,0159,Terra,MODIS,44,6.2,306.2,43.4,D,0
-13.4963,135.8162,347.2,4.2,1.9,2014-10-28,0159,Terra,MODIS,0,6.2,304.1,343.9,D,0
-13.4956,135.7728,326.1,4.2,1.9,2014-10-28,0159,Terra,MODIS,37,6.2,303.6,91.4,D,0
-13.4824,135.8124,340.7,4.2,1.9,2014-10-28,0159,Terra,MODIS,65,6.2,306.2,240,D,0
-13.4995,135.8108,340.4,4.2,1.9,2014-10-28,0159,Terra,MODIS,0,6.2,303.5,247.5,D,0
-12.8999,132.8051,326.4,2.4,1.5,2014-10-28,0159,Terra,MODIS,48,6.2,309.6,28.5,D,0
-13.0938,131.2722,339.1,1.8,1.3,2014-10-28,0159,Terra,MODIS,83,6.2,312,51.4,D,0
-15.7525,133.8707,328.4,3.2,1.7,2014-10-28,0159,Terra,MODIS,62,6.2,306,53,D,0
-15.6793,133.9091,335,3.2,1.7,2014-10-28,0159,Terra,MODIS,71,6.2,308.9,89.9,D,0
-15.6822,133.9141,332.2,3.2,1.7,2014-10-28,0159,Terra,MODIS,55,6.2,308.4,68.4,D,0
-15.6669,133.9158,333.4,3.2,1.7,2014-10-28,0159,Terra,MODIS,62,6.2,308.9,77.2,D,0
-15.6641,133.9108,330.5,3.2,1.7,2014-10-28,0159,Terra,MODIS,48,6.2,309.5,57.9,D,0
-13.0863,131.2626,346.6,1.8,1.3,2014-10-28,0159,Terra,MODIS,90,6.2,311.9,78.6,D,0
-13.0884,131.2795,332.1,1.8,1.3,2014-10-28,0159,Terra,MODIS,66,6.2,312.9,24.3,D,0
-15.6914,133.8775,339.8,3.2,1.7,2014-10-28,0159,Terra,MODIS,84,6.2,306.8,131.2,D,0
-13.0917,131.2554,335.9,1.8,1.3,2014-10-28,0159,Terra,MODIS,76,6.2,309,37.4,D,0
-13.1471,133.1301,328.6,2.6,1.5,2014-10-28,0159,Terra,MODIS,61,6.2,310.6,48.9,D,0
-14.5406,130.9712,339.9,1.8,1.3,2014-10-28,0159,Terra,MODIS,81,6.2,306.9,67,D,0
-12.9803,133.1371,325.2,2.6,1.5,2014-10-28,0159,Terra,MODIS,54,6.2,310.2,34.9,D,0
-13.8399,135.7897,326.5,4.2,1.9,2014-10-28,0159,Terra,MODIS,46,6.2,304.1,93.6,D,0
-12.9967,132.9262,333.2,2.5,1.5,2014-10-28,0159,Terra,MODIS,75,6.2,307.9,79.2,D,0
-12.9905,132.9213,332.9,2.5,1.5,2014-10-28,0159,Terra,MODIS,72,6.2,306.4,74.5,D,0
-12.9639,132.9985,363.1,2.5,1.5,2014-10-28,0159,Terra,MODIS,100,6.2,315,298.1,D,0
-14.2771,130.9564,343.6,1.8,1.3,2014-10-28,0159,Terra,MODIS,85,6.2,312.8,62.7,D,0
-13.1636,133.1512,325.4,2.6,1.5,2014-10-28,0159,Terra,MODIS,22,6.2,309.4,32.5,D,0
-14.5588,131.0208,345.9,1.9,1.3,2014-10-28,0159,Terra,MODIS,88,6.2,304.4,94.2,D,0
-14.5468,131.0223,347.4,1.9,1.3,2014-10-28,0159,Terra,MODIS,83,6.2,309.4,92.5,D,0
-12.9775,132.9968,354.8,2.5,1.5,2014-10-28,0159,Terra,MODIS,95,6.2,312.2,215.8,D,0
-12.9803,133.0202,334.8,2.5,1.5,2014-10-28,0159,Terra,MODIS,57,6.2,313.5,64,D,0
-12.9912,132.9952,345.8,2.5,1.5,2014-10-28,0159,Terra,MODIS,87,6.2,310,147.7,D,0
-12.994,133.0185,342.5,2.5,1.5,2014-10-28,0159,Terra,MODIS,85,6.2,313.9,118.3,D,0
-13.0049,132.9938,357.2,2.5,1.5,2014-10-28,0159,Terra,MODIS,98,6.2,310.3,249.8,D,0
-13.0078,133.0169,338.4,2.5,1.5,2014-10-28,0159,Terra,MODIS,83,6.2,311.7,100.6,D,0
-12.9982,132.9889,342,2.5,1.5,2014-10-28,0159,Terra,MODIS,86,6.2,309,127.3,D,0
-13.0008,133.0121,342.7,2.5,1.5,2014-10-28,0159,Terra,MODIS,87,6.2,313.4,127.9,D,0
-13.1581,133.1045,334.5,2.6,1.5,2014-10-28,0159,Terra,MODIS,77,6.2,307.3,76.2,D,0
-14.0289,135.3767,335.5,3.9,1.8,2014-10-28,0159,Terra,MODIS,51,6.2,307.3,157.6,D,0
-13.0119,132.9876,333.6,2.5,1.5,2014-10-28,0159,Terra,MODIS,76,6.2,307.5,78.1,D,0
-14.5447,131.0052,351.1,1.9,1.3,2014-10-28,0159,Terra,MODIS,93,6.2,309.5,114.2,D,0
-14.5427,130.9881,351.6,1.8,1.3,2014-10-28,0159,Terra,MODIS,94,6.2,308.8,119.8,D,0
-14.4734,130.9696,339.2,1.8,1.3,2014-10-28,0159,Terra,MODIS,72,6.2,311.8,55.8,D,0
-13.5557,132.3977,367.7,2.3,1.5,2014-10-28,0159,Terra,MODIS,100,6.2,312,304.2,D,0
-13.5532,132.3771,344.9,2.3,1.5,2014-10-28,0159,Terra,MODIS,83,6.2,306.6,114.5,D,0
-14.4854,130.968,334.2,1.8,1.3,2014-10-28,0159,Terra,MODIS,36,6.2,310.3,34.7,D,0
-13.0145,133.0104,336.3,2.5,1.5,2014-10-28,0159,Terra,MODIS,78,6.2,310.2,89.9,D,0
-13.1609,133.1279,338.6,2.6,1.5,2014-10-28,0159,Terra,MODIS,82,6.2,308.8,103,D,0
-13.5898,132.35,349.8,2.3,1.5,2014-10-28,0159,Terra,MODIS,91,6.2,311.3,143.6,D,0
-12.983,133.1606,330.4,2.6,1.5,2014-10-28,0159,Terra,MODIS,71,6.2,310.5,60.5,D,0
-14.5574,131.1089,346,1.9,1.3,2014-10-28,0159,Terra,MODIS,82,6.2,310.6,86.9,D,0
-14.5596,131.1266,350.4,1.9,1.3,2014-10-28,0159,Terra,MODIS,93,6.2,312.1,109.6,D,0
-14.576,131.16,337.2,1.9,1.3,2014-10-28,0159,Terra,MODIS,74,6.2,307.4,50.9,D,0
-14.5682,131.1972,340.4,1.9,1.4,2014-10-28,0159,Terra,MODIS,78,6.2,311.5,62.1,D,0
-14.566,131.1794,361.7,1.9,1.3,2014-10-28,0159,Terra,MODIS,100,6.2,313.9,181.3,D,0
-14.5638,131.1614,374,1.9,1.3,2014-10-28,0159,Terra,MODIS,100,6.2,313.9,280.3,D,0
-13.563,132.3691,355.3,2.3,1.5,2014-10-28,0159,Terra,MODIS,93,6.2,309.5,180.2,D,0
-13.5761,132.3672,342.2,2.3,1.5,2014-10-28,0159,Terra,MODIS,66,6.2,312.4,91.8,D,0
-13.5867,132.344,342.1,2.3,1.5,2014-10-28,0159,Terra,MODIS,83,6.2,309.4,98.8,D,0
-13.5654,132.3901,359.3,2.3,1.5,2014-10-28,0159,Terra,MODIS,99,6.2,314.3,206.6,D,0
-13.1444,133.1068,326.3,2.6,1.5,2014-10-28,0159,Terra,MODIS,48,6.2,310.1,38,D,0
-14.4062,131.4689,336.1,2,1.4,2014-10-28,0159,Terra,MODIS,79,6.2,311.1,47.5,D,0
-14.4186,131.4674,338,2,1.4,2014-10-28,0159,Terra,MODIS,81,6.2,308.9,55.9,D,0
-13.8531,135.7489,330.1,4.2,1.9,2014-10-28,0159,Terra,MODIS,66,6.2,303.8,131.5,D,0
-13.836,135.7508,338.7,4.2,1.9,2014-10-28,0159,Terra,MODIS,82,6.2,305.1,228.8,D,0
-13.8497,135.7545,332.8,4.2,1.9,2014-10-28,0159,Terra,MODIS,72,6.2,303.9,156.7,D,0
-14.3304,130.9421,343,1.8,1.3,2014-10-28,0159,Terra,MODIS,87,6.2,310.7,68.6,D,0
-13.5663,132.3753,367.4,2.3,1.5,2014-10-28,0159,Terra,MODIS,100,6.2,312.9,296.3,D,0
-14.0315,135.4558,358.2,4,1.9,2014-10-28,0159,Terra,MODIS,98,6.2,306.4,497.1,D,0
-13.8327,135.7563,338.9,4.2,1.9,2014-10-28,0159,Terra,MODIS,83,6.2,305.2,234.7,D,0
-14.0122,135.3784,337.5,3.9,1.8,2014-10-28,0159,Terra,MODIS,67,6.2,309.4,163.2,D,0
-14.0233,135.3827,337.7,3.9,1.8,2014-10-28,0159,Terra,MODIS,64,6.2,308.3,173.6,D,0
-14.0067,135.3844,335.4,3.9,1.8,2014-10-28,0159,Terra,MODIS,73,6.2,310.4,134.6,D,0
-14.4237,130.9588,360.5,1.8,1.3,2014-10-28,0159,Terra,MODIS,100,6.2,309.3,165.8,D,0
-14.4257,130.9754,378.1,1.8,1.3,2014-10-28,0159,Terra,MODIS,100,6.2,313.4,306.6,D,0
-14.2116,127.3547,347,1.1,1,2014-10-28,0159,Terra,MODIS,90,6.2,313.6,36.3,D,0
-14.2144,127.3748,332.1,1.1,1,2014-10-28,0159,Terra,MODIS,48,6.2,314.2,10.9,D,0
-14.42,130.9819,334.5,1.8,1.3,2014-10-28,0159,Terra,MODIS,28,6.2,312.3,29.2,D,0
-14.213,127.3647,348.4,1.1,1,2014-10-28,0159,Terra,MODIS,91,6.2,316.6,41,D,0
-14.7497,127.3703,344.1,1.1,1,2014-10-28,0159,Terra,MODIS,87,6.2,319.3,31.7,D,0
-13.6086,130.097,332,1.5,1.2,2014-10-28,0159,Terra,MODIS,39,6.2,310.1,30.9,D,0
-14.2039,127.3417,337.9,1.1,1,2014-10-28,0159,Terra,MODIS,88,6.2,314.1,20.7,D,0
-14.2224,127.3633,367.1,1.1,1,2014-10-28,0159,Terra,MODIS,100,6.2,317.1,95.7,D,0
-14.5631,131.0552,339,1.9,1.3,2014-10-28,0159,Terra,MODIS,65,6.2,306.7,61.4,D,0
-14.2313,127.2904,333.6,1.1,1,2014-10-28,0159,Terra,MODIS,63,6.2,314.7,12.7,D,0
-14.4692,130.9358,340.2,1.8,1.3,2014-10-28,0159,Terra,MODIS,84,6.2,306.9,69.6,D,0
-14.3624,131.006,332.3,1.8,1.3,2014-10-28,0159,Terra,MODIS,72,6.2,312.2,24.6,D,0
-14.408,130.9833,331.2,1.8,1.3,2014-10-28,0159,Terra,MODIS,36,6.2,311.7,18.5,D,0
-14.4178,130.9653,348.6,1.8,1.3,2014-10-28,0159,Terra,MODIS,92,6.2,312.1,88.6,D,0
-14.2327,127.3004,349.6,1.1,1,2014-10-28,0159,Terra,MODIS,92,6.2,313.8,44.4,D,0
-12.9379,130.3942,328.9,1.6,1.2,2014-10-28,0159,Terra,MODIS,22,6.2,307.8,27.9,D,0
-14.4713,130.9526,371.9,1.8,1.3,2014-10-28,0159,Terra,MODIS,100,6.2,311.9,256,D,0
-14.4832,130.951,352.1,1.8,1.3,2014-10-28,0159,Terra,MODIS,94,6.2,307.3,117.6,D,0
-14.2067,127.3618,337,1.1,1,2014-10-28,0159,Terra,MODIS,80,6.2,311.7,19,D,0
-14.2103,127.3446,355.7,1.1,1,2014-10-28,0159,Terra,MODIS,97,6.2,314.9,58.5,D,0
-14.2053,127.3517,347.9,1.1,1,2014-10-28,0159,Terra,MODIS,94,6.2,313.7,41.2,D,0
-14.561,131.0379,356,1.9,1.3,2014-10-28,0159,Terra,MODIS,97,6.2,306.1,146.3,D,0
-14.3522,131.4633,331.4,2,1.4,2014-10-28,0159,Terra,MODIS,31,6.2,309.7,28.6,D,0
-12.3698,132.1757,333.9,2.1,1.4,2014-10-28,0159,Terra,MODIS,15,6.2,316.3,45.4,D,0
-14.549,131.0395,351.6,1.9,1.3,2014-10-28,0159,Terra,MODIS,94,6.2,310.2,112.2,D,0
-14.0356,135.4929,343.2,4,1.9,2014-10-28,0159,Terra,MODIS,87,6.2,305.1,261.7,D,0
-14.0236,135.4886,338.6,4,1.9,2014-10-28,0159,Terra,MODIS,73,6.2,306.6,194.3,D,0
-12.6967,136.0755,327.5,4.3,1.9,2014-10-28,0159,Terra,MODIS,54,6.2,304.8,93.1,D,0
-12.6795,136.0771,327.2,4.3,1.9,2014-10-28,0159,Terra,MODIS,47,6.2,307,93.1,D,0
-14.0404,135.4869,342.5,4,1.9,2014-10-28,0159,Terra,MODIS,81,6.2,304.7,249.3,D,0
-14.0106,135.5277,327.9,4.1,1.9,2014-10-28,0159,Terra,MODIS,43,6.2,308.7,87.6,D,0
-14.0188,135.4946,342.1,4,1.9,2014-10-28,0159,Terra,MODIS,86,6.2,307.2,240.1,D,0
-12.4503,133.2648,325,2.6,1.5,2014-10-28,0159,Terra,MODIS,25,6.2,309.8,29.4,D,0
-14.0228,135.5319,343.3,4.1,1.9,2014-10-28,0159,Terra,MODIS,87,6.2,307.1,267.4,D,0
-14.0274,135.526,342.8,4.1,1.9,2014-10-28,0159,Terra,MODIS,87,6.2,306.1,254.9,D,0
-12.4641,133.2629,339.9,2.6,1.5,2014-10-28,0159,Terra,MODIS,86,6.2,310.8,105.3,D,0
-16.6737,124.7048,327.7,1,1,2014-10-28,0200,Terra,MODIS,45,6.2,309.9,9.2,D,0
-18.7293,130.2828,341,1.9,1.3,2014-10-28,0200,Terra,MODIS,75,6.2,318.3,51.2,D,0
-18.9936,130.7869,337.6,2.1,1.4,2014-10-28,0200,Terra,MODIS,77,6.2,315.7,50.7,D,0
-19.2331,131.8898,336.4,2.5,1.5,2014-10-28,0200,Terra,MODIS,71,6.2,312.9,60.1,D,0
-15.4252,126.2364,339.8,1,1,2014-10-28,0200,Terra,MODIS,83,6.2,315.4,21,D,0
-19.2167,131.8675,332.7,2.5,1.5,2014-10-28,0200,Terra,MODIS,51,6.2,313.9,38.2,D,0
-14.9753,126.4996,339.3,1,1,2014-10-28,0200,Terra,MODIS,45,6.2,315.2,20.8,D,0
-18.3469,130.3366,345.8,1.9,1.3,2014-10-28,0200,Terra,MODIS,87,6.2,320.1,64.7,D,0
-18.361,130.353,346.2,1.9,1.3,2014-10-28,0200,Terra,MODIS,82,6.2,317.9,69.9,D,0
-15.0644,126.48,333.3,1,1,2014-10-28,0200,Terra,MODIS,63,6.2,314.4,9.1,D,0
-15.4401,128.8542,333,1.3,1.1,2014-10-28,0200,Terra,MODIS,39,6.2,316,15.9,D,0
-14.9661,126.5009,337.3,1,1,2014-10-28,0200,Terra,MODIS,58,6.2,313.6,20.7,D,0
-17.2432,124.4471,344.2,1,1,2014-10-28,0200,Terra,MODIS,60,6.2,312.2,24.2,D,0
-17.2961,124.4322,339.3,1,1,2014-10-28,0200,Terra,MODIS,61,6.2,314.4,17.4,D,0
-15.0657,126.4896,341.6,1,1,2014-10-28,0200,Terra,MODIS,86,6.2,316.8,23.3,D,0
-15.7716,124.6448,338,1,1,2014-10-28,0200,Terra,MODIS,71,6.2,308.2,24.7,D,0
-18.9809,130.7885,351.1,2.1,1.4,2014-10-28,0200,Terra,MODIS,93,6.2,316,124.2,D,0
-18.3542,130.3416,359.9,1.9,1.3,2014-10-28,0200,Terra,MODIS,99,6.2,320.7,144.6,D,0
-15.8185,125.8384,335.5,1,1,2014-10-28,0200,Terra,MODIS,65,6.2,312.8,15.7,D,0
-15.7505,125.9409,332.3,1,1,2014-10-28,0200,Terra,MODIS,46,6.2,312.3,12.4,D,0
-15.8108,125.8491,338,1,1,2014-10-28,0200,Terra,MODIS,81,6.2,314.6,18.5,D,0
-15.8121,125.8585,334.9,1,1,2014-10-28,0200,Terra,MODIS,72,6.2,313.9,14,D,0
-15.8198,125.8478,344.3,1,1,2014-10-28,0200,Terra,MODIS,88,6.2,315.1,30.2,D,0
-16.0561,133.6293,325.3,3.1,1.7,2014-10-28,0200,Terra,MODIS,42,6.2,306.9,41.7,D,0
-16.0577,133.6356,324.8,3.1,1.7,2014-10-28,0200,Terra,MODIS,28,6.2,306.7,36.8,D,0
-15.7119,126.1884,336,1,1,2014-10-28,0200,Terra,MODIS,64,6.2,319.1,8.2,D,0
-15.7132,126.1979,337.4,1,1,2014-10-28,0200,Terra,MODIS,69,6.2,319.6,10.3,D,0
-15.4481,126.2076,332.4,1,1,2014-10-28,0200,Terra,MODIS,57,6.2,316.8,8.6,D,0
-15.8075,126.1487,339.5,1,1,2014-10-28,0200,Terra,MODIS,66,6.2,319,15.8,D,0
-15.8058,126.0714,346.2,1,1,2014-10-28,0200,Terra,MODIS,90,6.2,317.9,30.2,D,0
-15.8071,126.0809,342.4,1,1,2014-10-28,0200,Terra,MODIS,86,6.2,316.8,22.6,D,0
-15.8085,126.0904,339.9,1,1,2014-10-28,0200,Terra,MODIS,83,6.2,317.2,17.6,D,0
-15.8148,126.07,339.1,1,1,2014-10-28,0200,Terra,MODIS,79,6.2,315.5,16.2,D,0
-15.7186,126.236,336.6,1,1,2014-10-28,0200,Terra,MODIS,57,6.2,317.3,10.7,D,0
-16.9814,130.8052,343.2,1.9,1.4,2014-10-28,0200,Terra,MODIS,82,6.2,315.7,68.5,D,0
-16.9835,130.8235,338.8,1.9,1.4,2014-10-28,0200,Terra,MODIS,72,6.2,314.1,52.4,D,0
-16.7948,130.7672,334.8,1.9,1.4,2014-10-28,0200,Terra,MODIS,61,6.2,313.9,32.6,D,0
-16.9569,130.8081,339.1,1.9,1.4,2014-10-28,0200,Terra,MODIS,47,6.2,316.1,46.8,D,0
-16.9691,130.8066,335.4,1.9,1.4,2014-10-28,0200,Terra,MODIS,46,6.2,316.2,34.6,D,0
-16.9535,130.8143,340.9,1.9,1.4,2014-10-28,0200,Terra,MODIS,69,6.2,315.5,55.6,D,0
-18.4652,127.4655,333.6,1.2,1.1,2014-10-28,0200,Terra,MODIS,48,6.2,316.2,11.3,D,0
-15.9212,133.9009,329,3.2,1.7,2014-10-28,0200,Terra,MODIS,47,6.2,309.6,52.1,D,0
-18.5001,127.4258,338.7,1.2,1.1,2014-10-28,0200,Terra,MODIS,78,6.2,315.8,22.2,D,0
-18.5017,127.4372,347.5,1.2,1.1,2014-10-28,0200,Terra,MODIS,89,6.2,314.4,42.7,D,0
-18.2959,127.8051,332.9,1.3,1.1,2014-10-28,0200,Terra,MODIS,62,6.2,315.3,11.6,D,0
-18.2975,127.8171,334.6,1.3,1.1,2014-10-28,0200,Terra,MODIS,68,6.2,316.1,15.3,D,0
-18.3394,127.8292,332.5,1.3,1.1,2014-10-28,0200,Terra,MODIS,52,6.2,314.8,13.9,D,0
-18.7067,131.4734,344,2.3,1.5,2014-10-28,0200,Terra,MODIS,78,6.2,315.6,90.5,D,0
-18.9831,130.8081,332,2.1,1.4,2014-10-28,0200,Terra,MODIS,61,6.2,315.4,28.3,D,0
-18.4064,132.7621,332.1,2.9,1.6,2014-10-28,0200,Terra,MODIS,59,6.2,312.3,43.3,D,0
-19.2393,131.8837,334.4,2.5,1.5,2014-10-28,0200,Terra,MODIS,44,6.2,314.1,48.8,D,0
-19.2468,131.8883,337.4,2.5,1.5,2014-10-28,0200,Terra,MODIS,74,6.2,313.9,67.7,D,0
-19.2531,131.8822,335.6,2.5,1.5,2014-10-28,0200,Terra,MODIS,61,6.2,314.1,56.1,D,0
-18.4107,132.7835,347.1,2.9,1.6,2014-10-28,0200,Terra,MODIS,89,6.2,312.8,163.1,D,0
-19.2606,131.8868,336.4,2.5,1.5,2014-10-28,0200,Terra,MODIS,75,6.2,312.4,64.1,D,0
-18.4093,132.7891,350.2,2.9,1.6,2014-10-28,0200,Terra,MODIS,92,6.2,313.5,194.9,D,0
-15.7561,124.5421,336.8,1,1,2014-10-28,0200,Terra,MODIS,69,6.2,310,14.8,D,0
-16.3238,123.9726,326.1,1,1,2014-10-28,0200,Terra,MODIS,39,6.2,307.1,8,D,0
-15.7874,124.5659,337.1,1,1,2014-10-28,0200,Terra,MODIS,73,6.2,312.8,11.4,D,0
-17.3344,130.5011,337.7,1.9,1.3,2014-10-28,0200,Terra,MODIS,63,6.2,317.5,40.4,D,0
-21.225,124.8126,336.9,1,1,2014-10-28,0201,Terra,MODIS,74,6.2,316.5,16.1,D,0
-21.3085,125.2749,333.3,1,1,2014-10-28,0201,Terra,MODIS,61,6.2,318.4,8.1,D,0
-21.3007,125.2863,367.7,1,1,2014-10-28,0201,Terra,MODIS,100,6.2,321.1,86.8,D,0
-21.2993,125.2763,383.1,1,1,2014-10-28,0201,Terra,MODIS,100,6.2,321.9,148.9,D,0
-21.2979,125.2662,342.8,1,1,2014-10-28,0201,Terra,MODIS,84,6.2,318,23,D,0
-21.2901,125.2777,410.7,1,1,2014-10-28,0201,Terra,MODIS,100,6.2,328.5,316,D,0
-21.2887,125.2677,360.1,1,1,2014-10-28,0201,Terra,MODIS,100,6.2,321.3,63.1,D,0
-21.3503,125.9691,344.4,1.1,1,2014-10-28,0201,Terra,MODIS,51,6.2,321.5,24.8,D,0
-21.3488,125.9585,344.8,1.1,1,2014-10-28,0201,Terra,MODIS,83,6.2,320.9,27,D,0
-21.5166,124.5982,352.2,1,1,2014-10-28,0201,Terra,MODIS,94,6.2,316.5,45.4,D,0
-21.775,126.0053,341.9,1.1,1.1,2014-10-28,0201,Terra,MODIS,84,6.2,317.8,28.1,D,0
-21.7736,125.9945,331.3,1.1,1.1,2014-10-28,0201,Terra,MODIS,43,6.2,313.7,10.2,D,0
-21.3612,125.9783,344.7,1.1,1,2014-10-28,0201,Terra,MODIS,44,6.2,321.8,24.2,D,0
-21.7698,126.039,335.7,1.1,1.1,2014-10-28,0201,Terra,MODIS,40,6.2,316.2,12.6,D,0
-21.7684,126.0283,350.1,1.1,1.1,2014-10-28,0201,Terra,MODIS,92,6.2,317.3,42.9,D,0
-21.767,126.0175,348.8,1.1,1.1,2014-10-28,0201,Terra,MODIS,91,6.2,319.5,40.2,D,0
-21.7579,126.0961,345.1,1.1,1.1,2014-10-28,0201,Terra,MODIS,88,6.2,317.5,32.7,D,0
-21.4296,124.6978,335.9,1,1,2014-10-28,0201,Terra,MODIS,71,6.2,319,12.2,D,0
-21.4387,124.6964,340.3,1,1,2014-10-28,0201,Terra,MODIS,80,6.2,318.5,18.7,D,0
-21.7565,126.0852,342.8,1.1,1.1,2014-10-28,0201,Terra,MODIS,85,6.2,317.8,27.4,D,0
-21.7498,126.1084,365.3,1.1,1.1,2014-10-28,0201,Terra,MODIS,100,6.2,321.6,93.5,D,0
-21.7484,126.0975,351.7,1.1,1.1,2014-10-28,0201,Terra,MODIS,94,6.2,320.2,48.3,D,0
-21.7468,126.1154,342.5,1.1,1.1,2014-10-28,0201,Terra,MODIS,84,6.2,319.4,24.9,D,0
-21.7394,126.0611,348.7,1.1,1.1,2014-10-28,0201,Terra,MODIS,86,6.2,318.2,36.4,D,0
-21.7379,126.0503,341.6,1.1,1.1,2014-10-28,0201,Terra,MODIS,31,6.2,317.9,20.1,D,0
-21.7336,126.018,345.4,1.1,1.1,2014-10-28,0201,Terra,MODIS,83,6.2,319.6,30.7,D,0
-21.8438,125.9783,338.1,1.1,1.1,2014-10-28,0201,Terra,MODIS,79,6.2,316.1,19.1,D,0
-21.2214,124.8531,345.7,1,1,2014-10-28,0201,Terra,MODIS,87,6.2,316.4,34,D,0
-21.22,124.8433,340.3,1,1,2014-10-28,0201,Terra,MODIS,80,6.2,317.1,23.4,D,0
-21.2264,124.8223,384.9,1,1,2014-10-28,0201,Terra,MODIS,100,6.2,321.5,155.9,D,0
-21.7321,126.0072,339.5,1.1,1.1,2014-10-28,0201,Terra,MODIS,65,6.2,318.8,19.6,D,0
-21.7387,126.1277,335.7,1.1,1.1,2014-10-28,0201,Terra,MODIS,36,6.2,319.5,13,D,0
-19.7824,122.7862,336.2,1.1,1,2014-10-28,0201,Terra,MODIS,66,6.2,308.2,22.4,D,0
-21.509,124.6094,331.6,1,1,2014-10-28,0201,Terra,MODIS,55,6.2,315,8.5,D,0
-21.518,124.608,339.6,1,1,2014-10-28,0201,Terra,MODIS,79,6.2,314.6,20.6,D,0
-21.8282,125.8604,417.9,1.1,1,2014-10-28,0201,Terra,MODIS,100,6.2,318.4,415.6,D,0
-21.8187,125.8619,358.1,1.1,1,2014-10-28,0201,Terra,MODIS,98,6.2,312.6,70.1,D,0
-21.2291,124.8419,355.4,1,1,2014-10-28,0201,Terra,MODIS,96,6.2,318.6,54.4,D,0
-21.2278,124.8321,365.1,1,1,2014-10-28,0201,Terra,MODIS,100,6.2,320.4,80.7,D,0
-21.2382,124.8405,332.7,1,1,2014-10-28,0201,Terra,MODIS,56,6.2,315.2,11.7,D,0
-21.2368,124.8307,336.2,1,1,2014-10-28,0201,Terra,MODIS,72,6.2,315.7,16.1,D,0
-21.2305,124.8517,342.7,1,1,2014-10-28,0201,Terra,MODIS,84,6.2,314.4,28.7,D,0
-21.831,125.8818,364.5,1.1,1,2014-10-28,0201,Terra,MODIS,100,6.2,313.5,91.2,D,0
-21.8296,125.8711,408.4,1.1,1,2014-10-28,0201,Terra,MODIS,100,6.2,320.5,333.6,D,0
-21.8301,125.9474,344.6,1.1,1.1,2014-10-28,0201,Terra,MODIS,87,6.2,317.4,30.9,D,0
-21.8286,125.9367,341.2,1.1,1.1,2014-10-28,0201,Terra,MODIS,72,6.2,316.3,23.2,D,0
-21.8272,125.9259,339.7,1.1,1.1,2014-10-28,0201,Terra,MODIS,78,6.2,314.9,21,D,0
-21.8201,125.8725,390,1.1,1,2014-10-28,0201,Terra,MODIS,100,6.2,320.2,205.5,D,0
-21.8178,125.9273,334.7,1.1,1.1,2014-10-28,0201,Terra,MODIS,52,6.2,313.2,11.4,D,0
-21.4055,125.634,333.6,1.1,1,2014-10-28,0201,Terra,MODIS,45,6.2,318.5,9.3,D,0
-21.8079,125.8911,332.4,1.1,1,2014-10-28,0201,Terra,MODIS,65,6.2,296.8,12.7,D,0
-21.4069,125.6443,341,1.1,1,2014-10-28,0201,Terra,MODIS,81,6.2,319.3,22.3,D,0
-21.7765,126.0161,338.6,1.1,1.1,2014-10-28,0201,Terra,MODIS,53,6.2,315.2,18.9,D,0
-21.2228,124.8629,334.1,1,1,2014-10-28,0201,Terra,MODIS,65,6.2,314,14.7,D,0
-19.9863,127.9977,338.8,1.4,1.2,2014-10-28,0201,Terra,MODIS,48,6.2,321.5,21.4,D,0
-19.9967,127.9962,348.2,1.4,1.2,2014-10-28,0201,Terra,MODIS,90,6.2,318.6,48.5,D,0
-19.7926,128.4775,345.6,1.5,1.2,2014-10-28,0201,Terra,MODIS,80,6.2,322.3,40.2,D,0
-19.7993,128.5332,346.4,1.5,1.2,2014-10-28,0201,Terra,MODIS,88,6.2,323.8,44.9,D,0
-19.801,128.5471,357.6,1.5,1.2,2014-10-28,0201,Terra,MODIS,98,6.2,321.4,91.3,D,0
-19.8027,128.5611,336.8,1.5,1.2,2014-10-28,0201,Terra,MODIS,55,6.2,321.6,20.7,D,0
-20.7108,117.0579,344.6,2.2,1.4,2014-10-28,0201,Terra,MODIS,89,6.2,309.8,111.6,D,0
-20.7148,117.0795,335.4,2.2,1.4,2014-10-28,0201,Terra,MODIS,78,6.2,309.9,61.3,D,0
-18.7758,126.6046,337.8,1.1,1.1,2014-10-28,0201,Terra,MODIS,76,6.2,314.8,20,D,0
-20.7911,123.9126,406,1,1,2014-10-28,0201,Terra,MODIS,100,6.2,322.8,266.3,D,0
-20.5476,125.2894,339.9,1,1,2014-10-28,0201,Terra,MODIS,80,6.2,312.5,21.2,D,0
-20.5463,125.2795,349.4,1,1,2014-10-28,0201,Terra,MODIS,91,6.2,316.5,37.7,D,0
-20.5449,125.2696,369.3,1,1,2014-10-28,0201,Terra,MODIS,100,6.2,321.1,91.4,D,0
-20.5435,125.2597,346.6,1,1,2014-10-28,0201,Terra,MODIS,71,6.2,319.1,28.1,D,0
-20.5399,125.3007,340.8,1,1,2014-10-28,0201,Terra,MODIS,81,6.2,316.4,23.1,D,0
-20.5385,125.2908,349.7,1,1,2014-10-28,0201,Terra,MODIS,91,6.2,317.1,39.3,D,0
-20.5371,125.2809,338.1,1,1,2014-10-28,0201,Terra,MODIS,56,6.2,316.1,15.5,D,0
-20.5375,125.3379,338.7,1,1,2014-10-28,0201,Terra,MODIS,53,6.2,317.6,16.1,D,0
-20.5361,125.328,342.5,1,1,2014-10-28,0201,Terra,MODIS,63,6.2,316.1,22.2,D,0
-20.5347,125.3181,377.4,1,1,2014-10-28,0201,Terra,MODIS,100,6.2,317.4,122,D,0
-20.5333,125.3082,373.5,1,1,2014-10-28,0201,Terra,MODIS,100,6.2,320.6,106.7,D,0
-20.5297,125.3492,349.2,1,1,2014-10-28,0201,Terra,MODIS,91,6.2,319.6,32.2,D,0
-20.5283,125.3393,483.5,1,1,2014-10-28,0201,Terra,MODIS,100,6.2,345.2,1292.9,D,0
-20.5269,125.3294,446.8,1,1,2014-10-28,0201,Terra,MODIS,100,6.2,335,676.8,D,0
-20.5255,125.3195,360.3,1,1,2014-10-28,0201,Terra,MODIS,100,6.2,323.1,62,D,0
-20.5241,125.3096,339.7,1,1,2014-10-28,0201,Terra,MODIS,75,6.2,321,15.8,D,0
-20.5157,125.2503,348,1,1,2014-10-28,0201,Terra,MODIS,90,6.2,317.2,32.1,D,0
-20.5219,125.3605,337.6,1,1,2014-10-28,0201,Terra,MODIS,47,6.2,317.9,9.8,D,0
-20.5205,125.3506,360.7,1,1,2014-10-28,0201,Terra,MODIS,100,6.2,320.4,60.1,D,0
-20.5191,125.3407,368.7,1,1,2014-10-28,0201,Terra,MODIS,100,6.2,324.5,84.8,D,0
-20.5177,125.3308,341.9,1,1,2014-10-28,0201,Terra,MODIS,77,6.2,320.6,15.7,D,0
-20.508,125.2616,350.6,1,1,2014-10-28,0201,Terra,MODIS,92,6.2,318,38.5,D,0
-20.5066,125.2517,344.7,1,1,2014-10-28,0201,Terra,MODIS,86,6.2,317.9,27,D,0
-20.5142,125.3719,338.5,1,1,2014-10-28,0201,Terra,MODIS,37,6.2,319.4,11,D,0
-20.5128,125.3619,348.6,1,1,2014-10-28,0201,Terra,MODIS,90,6.2,320.9,30.4,D,0
-20.5016,125.2828,344.6,1,1,2014-10-28,0201,Terra,MODIS,86,6.2,320.1,26.3,D,0
-20.5002,125.2729,350.1,1,1,2014-10-28,0201,Terra,MODIS,92,6.2,319.8,37.8,D,0
-20.4988,125.263,340.9,1,1,2014-10-28,0201,Terra,MODIS,77,6.2,319,20,D,0
-20.4925,125.2842,335.9,1,1,2014-10-28,0201,Terra,MODIS,64,6.2,318.8,13.5,D,0
-20.493,125.3549,339.4,1,1,2014-10-28,0201,Terra,MODIS,31,6.2,320.4,13.4,D,0
-20.4889,125.3251,336.3,1,1,2014-10-28,0201,Terra,MODIS,28,6.2,319.6,11.3,D,0
-20.6055,125.1696,336.8,1,1,2014-10-28,0201,Terra,MODIS,42,6.2,310.3,22.2,D,0
-20.6041,125.1598,385.6,1,1,2014-10-28,0201,Terra,MODIS,100,6.2,313.1,166.2,D,0
-20.6027,125.15,368,1,1,2014-10-28,0201,Terra,MODIS,100,6.2,309.9,94.1,D,0
-20.5977,125.1809,390.8,1,1,2014-10-28,0201,Terra,MODIS,100,6.2,315.8,192.3,D,0
-20.5963,125.171,468.5,1,1,2014-10-28,0201,Terra,MODIS,100,6.2,337.8,1005.2,D,0
-20.595,125.1612,407.9,1,1,2014-10-28,0201,Terra,MODIS,100,6.2,328.3,295.3,D,0
-20.5936,125.1514,378,1,1,2014-10-28,0201,Terra,MODIS,100,6.2,316.5,129.4,D,0
-20.59,125.1921,339.6,1,1,2014-10-28,0201,Terra,MODIS,79,6.2,311.2,23.9,D,0
-20.5886,125.1823,378.1,1,1,2014-10-28,0201,Terra,MODIS,100,6.2,323,130.7,D,0
-20.5872,125.1725,363.5,1,1,2014-10-28,0201,Terra,MODIS,100,6.2,324.4,77.8,D,0
-20.5858,125.1626,339.8,1,1,2014-10-28,0201,Terra,MODIS,79,6.2,312.8,20.7,D,0
-20.585,125.2231,334.4,1,1,2014-10-28,0201,Terra,MODIS,41,6.2,309.5,11.1,D,0
-20.5837,125.2132,398.4,1,1,2014-10-28,0201,Terra,MODIS,100,6.2,314.1,230.4,D,0
-20.5823,125.2034,454.5,1,1,2014-10-28,0201,Terra,MODIS,100,6.2,329.6,781.9,D,0
-20.5809,125.1935,390.5,1,1,2014-10-28,0201,Terra,MODIS,100,6.2,322,185.5,D,0
-20.5795,125.1837,348.5,1,1,2014-10-28,0201,Terra,MODIS,70,6.2,322.6,36.9,D,0
-20.5781,125.1739,387.1,1,1,2014-10-28,0201,Terra,MODIS,100,6.2,324.7,168.3,D,0
-20.5767,125.164,349.8,1,1,2014-10-28,0201,Terra,MODIS,91,6.2,313.9,39.9,D,0
-20.5773,125.2343,337.4,1,1,2014-10-28,0201,Terra,MODIS,70,6.2,313.3,15.4,D,0
-20.5759,125.2245,413.4,1,1,2014-10-28,0201,Terra,MODIS,100,6.2,321.6,331.3,D,0
-20.5745,125.2146,463.3,1,1,2014-10-28,0201,Terra,MODIS,100,6.2,346.1,912.1,D,0
-20.5731,125.2048,397.5,1,1,2014-10-28,0201,Terra,MODIS,100,6.2,332.5,222.2,D,0
-20.5704,125.1851,354.7,1,1,2014-10-28,0201,Terra,MODIS,93,6.2,320.9,48.1,D,0
-20.569,125.1753,358.3,1,1,2014-10-28,0201,Terra,MODIS,98,6.2,320,61.6,D,0
-20.5695,125.2456,344.2,1,1,2014-10-28,0201,Terra,MODIS,86,6.2,314.6,26.8,D,0
-20.5682,125.2358,443.2,1,1,2014-10-28,0201,Terra,MODIS,100,6.2,329.7,629.2,D,0
-20.5668,125.2259,420.7,1,1,2014-10-28,0201,Terra,MODIS,100,6.2,334.2,387.4,D,0
-20.5654,125.216,355.4,1,1,2014-10-28,0201,Terra,MODIS,96,6.2,322.8,45.6,D,0
-20.5626,125.1963,353.8,1,1,2014-10-28,0201,Terra,MODIS,95,6.2,319.5,45.8,D,0
-20.5612,125.1865,346.8,1,1,2014-10-28,0201,Terra,MODIS,86,6.2,318,31.3,D,0
-20.559,125.2372,393.3,1,1,2014-10-28,0201,Terra,MODIS,100,6.2,327.5,194.6,D,0
-20.5576,125.2273,344,1,1,2014-10-28,0201,Terra,MODIS,51,6.2,321.2,20,D,0
-20.5535,125.1977,348.4,1,1,2014-10-28,0201,Terra,MODIS,89,6.2,316.1,34.3,D,0
-20.7564,125.5886,342.6,1.1,1,2014-10-28,0201,Terra,MODIS,77,6.2,320.3,22.4,D,0
-20.7422,125.6218,338,1.1,1,2014-10-28,0201,Terra,MODIS,76,6.2,321,15.4,D,0
-20.7407,125.6117,358.2,1.1,1,2014-10-28,0201,Terra,MODIS,98,6.2,322.5,59.6,D,0
-20.7393,125.6015,358.7,1.1,1,2014-10-28,0201,Terra,MODIS,99,6.2,322.1,60.5,D,0
-20.7379,125.5914,337,1.1,1,2014-10-28,0201,Terra,MODIS,54,6.2,320.7,13.3,D,0
-20.7174,125.512,337.1,1.1,1,2014-10-28,0201,Terra,MODIS,69,6.2,319.7,16.2,D,0
-20.716,125.502,335,1.1,1,2014-10-28,0201,Terra,MODIS,69,6.2,319.5,12.3,D,0
-20.5275,125.2118,340.3,1,1,2014-10-28,0201,Terra,MODIS,80,6.2,317.7,19.6,D,0
-20.0956,123.8164,345.1,1,1,2014-10-28,0201,Terra,MODIS,76,6.2,309.7,32.1,D,0
-20.0581,123.8127,340.1,1,1,2014-10-28,0201,Terra,MODIS,62,6.2,313.5,18.9,D,0
-20.0477,123.8047,336.6,1,1,2014-10-28,0201,Terra,MODIS,48,6.2,312.2,15.2,D,0
-20.0496,123.8789,347.9,1,1,2014-10-28,0201,Terra,MODIS,90,6.2,316,35.3,D,0
-20.0468,123.8598,334.9,1,1,2014-10-28,0201,Terra,MODIS,45,6.2,314.4,12.6,D,0
-20.0454,123.8503,334,1,1,2014-10-28,0201,Terra,MODIS,40,6.2,312,10.5,D,0
-20.6582,124.0093,343.5,1,1,2014-10-28,0201,Terra,MODIS,85,6.2,319.5,19.7,D,0
-20.6562,124.0585,345,1,1,2014-10-28,0201,Terra,MODIS,82,6.2,318.9,24.2,D,0
-20.6472,124.0599,341.1,1,1,2014-10-28,0201,Terra,MODIS,74,6.2,319.8,18.1,D,0
-20.636,123.9836,339.5,1,1,2014-10-28,0201,Terra,MODIS,80,6.2,318,17,D,0
-20.6346,123.974,353.6,1,1,2014-10-28,0201,Terra,MODIS,95,6.2,317.2,46.1,D,0
-20.6289,123.9359,346.5,1,1,2014-10-28,0201,Terra,MODIS,89,6.2,315.6,32.2,D,0
-20.6287,124.0591,341.5,1,1,2014-10-28,0201,Terra,MODIS,79,6.2,320,18.1,D,0
-20.7939,123.9317,399.8,1,1,2014-10-28,0201,Terra,MODIS,100,6.2,318.4,227.9,D,0
-20.7925,123.9221,441,1,1,2014-10-28,0201,Terra,MODIS,100,6.2,325,576.9,D,0
-20.7849,123.9331,487.1,1,1,2014-10-28,0201,Terra,MODIS,100,6.2,348.3,1293.1,D,0
-20.7835,123.9236,400.1,1,1,2014-10-28,0201,Terra,MODIS,100,6.2,328.2,223,D,0
-20.775,123.8663,342.5,1,1,2014-10-28,0201,Terra,MODIS,61,6.2,318.5,23.8,D,0
-20.7736,123.8567,346.3,1,1,2014-10-28,0201,Terra,MODIS,77,6.2,314.8,32.6,D,0
-20.7551,123.9184,341.7,1,1,2014-10-28,0201,Terra,MODIS,84,6.2,320.4,13.3,D,0
-20.7197,123.8656,387.4,1,1,2014-10-28,0201,Terra,MODIS,100,6.2,320.3,164.6,D,0
-20.7183,123.856,341.1,1,1,2014-10-28,0201,Terra,MODIS,78,6.2,309.5,28.4,D,0
-20.7107,123.867,347.7,1,1,2014-10-28,0201,Terra,MODIS,85,6.2,318.7,33.9,D,0
-20.7093,123.8575,341.2,1,1,2014-10-28,0201,Terra,MODIS,66,6.2,313.3,24.2,D,0
-20.7017,123.8685,351.5,1,1,2014-10-28,0201,Terra,MODIS,93,6.2,315.3,42.5,D,0
-20.7003,123.859,352.4,1,1,2014-10-28,0201,Terra,MODIS,94,6.2,311.6,45.3,D,0
-20.7788,123.9537,361,1,1,2014-10-28,0201,Terra,MODIS,100,6.2,320.7,59.2,D,0
-20.7774,123.9441,373.9,1,1,2014-10-28,0201,Terra,MODIS,100,6.2,325.8,98.1,D,0
-20.7759,123.9346,344.4,1,1,2014-10-28,0201,Terra,MODIS,87,6.2,321.6,18.2,D,0
-20.7059,124.021,342.9,1,1,2014-10-28,0201,Terra,MODIS,85,6.2,319.2,19.9,D,0
-20.6818,124.0445,341.4,1,1,2014-10-28,0201,Terra,MODIS,74,6.2,318.2,18.3,D,0
-20.6804,124.035,340.3,1,1,2014-10-28,0201,Terra,MODIS,67,6.2,320,14.8,D,0
-20.6686,124.0174,336.3,1,1,2014-10-28,0201,Terra,MODIS,74,6.2,318.6,7,D,0
-20.5604,125.247,404,1,1,2014-10-28,0201,Terra,MODIS,100,6.2,322.5,262.5,D,0
-20.5554,125.2781,340.1,1,1,2014-10-28,0201,Terra,MODIS,67,6.2,312.2,20.3,D,0
-20.554,125.2682,379.2,1,1,2014-10-28,0201,Terra,MODIS,100,6.2,317.7,129.8,D,0
-20.5527,125.2583,448.1,1,1,2014-10-28,0201,Terra,MODIS,100,6.2,332.8,691.2,D,0
-20.5513,125.2484,357.3,1,1,2014-10-28,0201,Terra,MODIS,98,6.2,320.5,52,D,0
-20.7211,123.8751,384.9,1,1,2014-10-28,0201,Terra,MODIS,100,6.2,322.3,148.9,D,0
-20.7149,123.8957,397.4,1,1,2014-10-28,0201,Terra,MODIS,100,6.2,318.9,211.6,D,0
-20.7135,123.8861,400.1,1,1,2014-10-28,0201,Terra,MODIS,100,6.2,325.1,228.2,D,0
-20.7121,123.8766,358.3,1,1,2014-10-28,0201,Terra,MODIS,98,6.2,322.3,56.5,D,0
-20.7074,123.9067,340.8,1,1,2014-10-28,0201,Terra,MODIS,74,6.2,316.2,20.1,D,0
-20.7059,123.8972,376.1,1,1,2014-10-28,0201,Terra,MODIS,100,6.2,324.7,114.3,D,0
-20.7045,123.8876,347.1,1,1,2014-10-28,0201,Terra,MODIS,86,6.2,321.6,32.3,D,0
-20.7031,123.8781,345,1,1,2014-10-28,0201,Terra,MODIS,74,6.2,317.9,27.3,D,0
-20.6966,123.8954,339.6,1,1,2014-10-28,0201,Terra,MODIS,80,6.2,317.5,21.6,D,0
-20.6952,123.8859,353.1,1,1,2014-10-28,0201,Terra,MODIS,95,6.2,317.9,48.7,D,0
-20.6937,123.8763,337.6,1,1,2014-10-28,0201,Terra,MODIS,77,6.2,314.5,19.9,D,0
-20.6275,123.9263,374.1,1,1,2014-10-28,0201,Terra,MODIS,100,6.2,319.4,108.2,D,0
-20.7983,125.638,346.7,1.1,1,2014-10-28,0201,Terra,MODIS,88,6.2,319.1,31.2,D,0
-20.8077,125.8461,349,1.1,1,2014-10-28,0201,Terra,MODIS,91,6.2,320.9,36.3,D,0
-20.8063,125.8358,349.4,1.1,1,2014-10-28,0201,Terra,MODIS,91,6.2,321.9,37.4,D,0
-20.7956,125.8268,349.9,1.1,1,2014-10-28,0201,Terra,MODIS,92,6.2,321,39,D,0
-20.7613,125.6917,376.8,1.1,1,2014-10-28,0201,Terra,MODIS,100,6.2,321.9,125.6,D,0
-20.7599,125.6815,342.8,1.1,1,2014-10-28,0201,Terra,MODIS,84,6.2,319.4,23.8,D,0
-20.752,125.6931,340.1,1.1,1,2014-10-28,0201,Terra,MODIS,80,6.2,320.4,19.9,D,0
-20.7436,125.632,337.2,1.1,1,2014-10-28,0201,Terra,MODIS,75,6.2,321.1,14.1,D,0
-20.3969,123.2491,338,1,1,2014-10-28,0201,Terra,MODIS,58,6.2,312.8,18.1,D,0
-20.3832,123.2812,348.4,1,1,2014-10-28,0201,Terra,MODIS,90,6.2,316.8,34.9,D,0
-20.3742,123.2827,337.4,1,1,2014-10-28,0201,Terra,MODIS,33,6.2,315.3,15.4,D,0
-20.3698,123.2537,390.8,1,1,2014-10-28,0201,Terra,MODIS,100,6.2,321.1,185.7,D,0
-20.3622,123.2649,359.3,1,1,2014-10-28,0201,Terra,MODIS,99,6.2,319.9,62.6,D,0
-20.3607,123.2552,344.2,1,1,2014-10-28,0201,Terra,MODIS,69,6.2,313.2,29.7,D,0
-19.283,131.6417,347.8,2.4,1.5,2014-10-28,0201,Terra,MODIS,91,6.2,314.2,138.5,D,0
-19.2965,131.6402,337.8,2.4,1.5,2014-10-28,0201,Terra,MODIS,78,6.2,316.6,72.2,D,0
-19.293,131.6571,337.2,2.4,1.5,2014-10-28,0201,Terra,MODIS,58,6.2,313.4,58.8,D,0
-19.3904,131.6693,334.4,2.4,1.5,2014-10-28,0201,Terra,MODIS,60,6.2,313.3,40.9,D,0
-19.4092,131.7142,346,2.5,1.5,2014-10-28,0201,Terra,MODIS,89,6.2,313.5,109.2,D,0
-19.4151,131.6432,344.7,2.4,1.5,2014-10-28,0201,Terra,MODIS,69,6.2,311.5,114.7,D,0
-19.4176,131.6663,351.7,2.4,1.5,2014-10-28,0201,Terra,MODIS,94,6.2,310.9,156.6,D,0
-19.4202,131.6894,351.1,2.4,1.5,2014-10-28,0201,Terra,MODIS,93,6.2,310.3,139.8,D,0
-19.4228,131.7127,336.3,2.5,1.5,2014-10-28,0201,Terra,MODIS,77,6.2,310.5,45.7,D,0
-19.4138,131.6845,348.2,2.4,1.5,2014-10-28,0201,Terra,MODIS,86,6.2,311.4,128.4,D,0
-19.4163,131.7078,348.6,2.5,1.5,2014-10-28,0201,Terra,MODIS,91,6.2,311.3,134.2,D,0
-19.4226,131.6366,340.5,2.4,1.5,2014-10-28,0201,Terra,MODIS,57,6.2,307.1,100.7,D,0
-19.425,131.6598,352.6,2.4,1.5,2014-10-28,0201,Terra,MODIS,88,6.2,308.8,180.1,D,0
-19.4146,131.8273,333.8,2.5,1.5,2014-10-28,0201,Terra,MODIS,28,6.2,312,50.9,D,0
-19.4323,131.7296,335.5,2.5,1.5,2014-10-28,0201,Terra,MODIS,44,6.2,312.2,55.4,D,0
-20.7953,123.9412,337.7,1,1,2014-10-28,0201,Terra,MODIS,60,6.2,314.9,14.9,D,0
-20.7878,123.9522,342.7,1,1,2014-10-28,0201,Terra,MODIS,79,6.2,316,20.2,D,0
-20.7863,123.9427,458.8,1,1,2014-10-28,0201,Terra,MODIS,100,6.2,334.8,802.8,D,0
-20.6223,123.8294,333.3,1,1,2014-10-28,0201,Terra,MODIS,27,6.2,316.1,7.5,D,0
-20.6237,123.8389,347.7,1,1,2014-10-28,0201,Terra,MODIS,90,6.2,319.1,30.6,D,0
-20.6251,123.8485,338.3,1,1,2014-10-28,0201,Terra,MODIS,73,6.2,319,14,D,0
-20.6299,123.8183,363.5,1,1,2014-10-28,0201,Terra,MODIS,100,6.2,316.4,73,D,0
-20.6313,123.8279,417.3,1,1,2014-10-28,0201,Terra,MODIS,100,6.2,328.9,348.6,D,0
-20.6327,123.8374,370.8,1,1,2014-10-28,0201,Terra,MODIS,100,6.2,322.2,91.8,D,0
-20.6341,123.847,343,1,1,2014-10-28,0201,Terra,MODIS,79,6.2,317.2,21.3,D,0
-20.6388,123.8168,426.2,1,1,2014-10-28,0201,Terra,MODIS,100,6.2,322.6,428.4,D,0
-20.6403,123.8264,435.4,1,1,2014-10-28,0201,Terra,MODIS,100,6.2,329.4,517,D,0
-20.6417,123.836,373.4,1,1,2014-10-28,0201,Terra,MODIS,100,6.2,317.8,101.7,D,0
-20.4956,122.2842,352.1,1.1,1,2014-10-28,0201,Terra,MODIS,94,6.2,319.5,46.2,D,0
-21.1503,122.7531,353.6,1,1,2014-10-28,0201,Terra,MODIS,95,6.2,318,46.1,D,0
-21.1487,122.7432,350.4,1,1,2014-10-28,0201,Terra,MODIS,92,6.2,315,41.7,D,0
-21.1442,122.7744,340.8,1,1,2014-10-28,0201,Terra,MODIS,57,6.2,318.9,19.7,D,0
-21.2779,121.1644,331.1,1.2,1.1,2014-10-28,0201,Terra,MODIS,63,6.2,312.7,11.3,D,0
-20.2374,122.9315,345.7,1,1,2014-10-28,0201,Terra,MODIS,88,6.2,309.6,37.6,D,0
-21.276,121.1531,353.3,1.2,1.1,2014-10-28,0201,Terra,MODIS,95,6.2,312.8,62,D,0
-21.2742,121.1417,337.8,1.2,1.1,2014-10-28,0201,Terra,MODIS,79,6.2,311.5,24.6,D,0
-20.5874,122.4612,353.7,1.1,1,2014-10-28,0201,Terra,MODIS,95,6.2,319.1,51.4,D,0
-20.589,122.4713,337,1.1,1,2014-10-28,0201,Terra,MODIS,66,6.2,316.5,16.7,D,0
-20.5966,122.4595,370.9,1.1,1,2014-10-28,0201,Terra,MODIS,100,6.2,316.5,104,D,0
-20.4924,122.2637,353.3,1.1,1,2014-10-28,0201,Terra,MODIS,95,6.2,313.1,53.2,D,0
-20.494,122.274,439.2,1.1,1,2014-10-28,0201,Terra,MODIS,100,6.2,331.7,623,D,0
-20.5017,122.2621,341.1,1.1,1,2014-10-28,0201,Terra,MODIS,82,6.2,310.1,25.4,D,0
-20.5033,122.2723,396.2,1.1,1,2014-10-28,0201,Terra,MODIS,100,6.2,316.1,230.4,D,0
-20.5049,122.2826,337.3,1.1,1,2014-10-28,0201,Terra,MODIS,69,6.2,316.7,14.1,D,0
-20.5094,122.2502,394.4,1.1,1,2014-10-28,0201,Terra,MODIS,100,6.2,317.3,225.9,D,0
-20.511,122.2604,392.2,1.1,1,2014-10-28,0201,Terra,MODIS,100,6.2,319.9,210,D,0
-20.5126,122.2707,349.7,1.1,1,2014-10-28,0201,Terra,MODIS,92,6.2,316.5,40.5,D,0
-20.5207,122.3221,366.4,1.1,1,2014-10-28,0201,Terra,MODIS,100,6.2,316.2,89.3,D,0
-20.5203,122.2588,388,1.1,1,2014-10-28,0201,Terra,MODIS,100,6.2,326.7,185.7,D,0
-20.5223,122.3323,361.7,1.1,1,2014-10-28,0201,Terra,MODIS,100,6.2,315.3,74.4,D,0
-20.2268,122.9232,344.4,1,1,2014-10-28,0201,Terra,MODIS,87,6.2,310.3,33.2,D,0
-20.5171,122.2382,407.6,1.1,1,2014-10-28,0201,Terra,MODIS,100,6.2,317.8,316.6,D,0
-20.5187,122.2485,455.9,1.1,1,2014-10-28,0201,Terra,MODIS,100,6.2,341.6,862.7,D,0
-20.5475,122.4325,351.7,1.1,1,2014-10-28,0201,Terra,MODIS,94,6.2,317.4,48.3,D,0
-20.5491,122.4427,332.9,1.1,1,2014-10-28,0201,Terra,MODIS,68,6.2,315.1,11.8,D,0
-20.5568,122.4309,335.9,1.1,1,2014-10-28,0201,Terra,MODIS,73,6.2,314.5,15.1,D,0
-20.5584,122.4411,351,1.1,1,2014-10-28,0201,Terra,MODIS,93,6.2,314.5,44.8,D,0
-20.595,122.4494,342.6,1.1,1,2014-10-28,0201,Terra,MODIS,82,6.2,314.7,25.5,D,0
-21.1427,122.7646,349.1,1,1,2014-10-28,0201,Terra,MODIS,86,6.2,319.7,34.8,D,0
-21.1411,122.7547,356.2,1,1,2014-10-28,0201,Terra,MODIS,97,6.2,318.8,53.9,D,0
-21.1396,122.7448,334.6,1,1,2014-10-28,0201,Terra,MODIS,68,6.2,316,12.9,D,0
-21.1351,122.776,336.1,1,1,2014-10-28,0201,Terra,MODIS,71,6.2,316.3,13.9,D,0
-20.2283,122.933,360.2,1,1,2014-10-28,0201,Terra,MODIS,100,6.2,315.7,70.2,D,0
-20.5459,122.4224,355,1.1,1,2014-10-28,0201,Terra,MODIS,96,6.2,316.2,56.8,D,0
-20.5163,122.3544,339.7,1.1,1,2014-10-28,0201,Terra,MODIS,77,6.2,315.9,22.4,D,0
-20.5316,122.3307,346.1,1.1,1,2014-10-28,0201,Terra,MODIS,89,6.2,311.9,33.2,D,0
-21.1419,121.3228,359.2,1.2,1.1,2014-10-28,0201,Terra,MODIS,99,6.2,314.8,74.9,D,0
-21.14,121.3117,354,1.2,1.1,2014-10-28,0201,Terra,MODIS,95,6.2,314,59.1,D,0
-20.5332,122.3409,349.8,1.1,1,2014-10-28,0201,Terra,MODIS,92,6.2,313.1,41.1,D,0
-20.6233,122.2663,336.9,1.1,1,2014-10-28,0201,Terra,MODIS,44,6.2,313,18.2,D,0
-20.5264,122.2366,432.5,1.1,1,2014-10-28,0201,Terra,MODIS,94,6.2,310.9,552,D,0
-20.528,122.2469,500,1.1,1,2014-10-28,0201,Terra,MODIS,100,6.2,350.1,1779.6,D,0
-20.5296,122.2571,445.8,1.1,1,2014-10-28,0201,Terra,MODIS,100,6.2,334.9,713.2,D,0
-20.5312,122.2674,340.3,1.1,1,2014-10-28,0201,Terra,MODIS,80,6.2,315.5,21.4,D,0
-20.6441,122.3992,337.2,1.1,1,2014-10-28,0201,Terra,MODIS,78,6.2,314.8,17.1,D,0
-20.5373,122.2452,426.8,1.1,1,2014-10-28,0201,Terra,MODIS,100,6.2,318.3,489.9,D,0
-20.5389,122.2555,448.5,1.1,1,2014-10-28,0201,Terra,MODIS,100,6.2,331.6,753.6,D,0
-20.5405,122.2658,344.8,1.1,1,2014-10-28,0201,Terra,MODIS,87,6.2,315.3,33.3,D,0
-20.544,122.2485,386,1.1,1,2014-10-28,0201,Terra,MODIS,100,6.2,313.3,181.7,D,0
-21.1624,122.7713,334.1,1,1,2014-10-28,0201,Terra,MODIS,64,6.2,316.5,9.7,D,0
-21.1609,122.7614,341.4,1,1,2014-10-28,0201,Terra,MODIS,82,6.2,316.8,20.6,D,0
-21.1594,122.7515,340.5,1,1,2014-10-28,0201,Terra,MODIS,81,6.2,315.5,19.6,D,0
-21.1579,122.7416,423,1,1,2014-10-28,0201,Terra,MODIS,100,6.2,321.9,417.5,D,0
-21.1563,122.7317,425.3,1,1,2014-10-28,0201,Terra,MODIS,100,6.2,318.8,440,D,0
-20.5457,122.2588,419.5,1.1,1,2014-10-28,0201,Terra,MODIS,100,6.2,327.5,416.6,D,0
-20.5473,122.2691,332.3,1.1,1,2014-10-28,0201,Terra,MODIS,64,6.2,311.9,13,D,0
-20.5533,122.2469,339.8,1.1,1,2014-10-28,0201,Terra,MODIS,81,6.2,306.8,28.7,D,0
-20.555,122.2572,367.6,1.1,1,2014-10-28,0201,Terra,MODIS,100,6.2,310.3,100.2,D,0
-20.5752,122.2642,378,1.1,1,2014-10-28,0201,Terra,MODIS,100,6.2,312.6,140.7,D,0
-21.7202,123.4738,347.8,1,1,2014-10-28,0201,Terra,MODIS,90,6.2,318.2,33.3,D,0
-21.7248,123.4433,350.8,1,1,2014-10-28,0201,Terra,MODIS,92,6.2,319,41.2,D,0
-21.1533,122.7729,357.3,1,1,2014-10-28,0201,Terra,MODIS,98,6.2,319.1,55.2,D,0
-21.1518,122.763,360.3,1,1,2014-10-28,0201,Terra,MODIS,100,6.2,321,62.2,D,0
-21.7263,123.453,357.6,1,1,2014-10-28,0201,Terra,MODIS,98,6.2,320,56.1,D,0
-21.7277,123.4626,351.6,1,1,2014-10-28,0201,Terra,MODIS,93,6.2,320,42.4,D,0
-21.732,123.4915,351.9,1,1,2014-10-28,0201,Terra,MODIS,93,6.2,319.8,42.7,D,0
-21.7306,123.4819,340.7,1,1,2014-10-28,0201,Terra,MODIS,81,6.2,319.8,21.2,D,0
-21.7335,123.5012,345.8,1,1,2014-10-28,0201,Terra,MODIS,87,6.2,318.5,29.9,D,0
-21.7363,123.5204,334.8,1,1,2014-10-28,0201,Terra,MODIS,69,6.2,318.4,11.5,D,0
-21.7324,123.4322,421.1,1,1,2014-10-28,0201,Terra,MODIS,100,6.2,321.4,385.7,D,0
-21.7338,123.4418,463.7,1,1,2014-10-28,0201,Terra,MODIS,100,6.2,330.8,887.2,D,0
-21.7353,123.4515,374.4,1,1,2014-10-28,0201,Terra,MODIS,100,6.2,316.9,109.2,D,0
-21.7769,123.5467,337.7,1,1,2014-10-28,0201,Terra,MODIS,76,6.2,317.4,14.4,D,0
-21.7784,123.5563,348.4,1,1,2014-10-28,0201,Terra,MODIS,90,6.2,319.3,33,D,0
-19.2805,131.6188,354.7,2.4,1.5,2014-10-28,0201,Terra,MODIS,96,6.2,313.3,193.8,D,0
-19.294,131.6173,334.2,2.4,1.5,2014-10-28,0201,Terra,MODIS,59,6.2,312.7,54.7,D,0
-20.2359,122.9216,341.8,1,1,2014-10-28,0201,Terra,MODIS,84,6.2,305.7,29.8,D,0
-19.2883,131.6112,347,2.4,1.5,2014-10-28,0201,Terra,MODIS,87,6.2,311.5,130.3,D,0
-19.2907,131.6341,352.5,2.4,1.5,2014-10-28,0201,Terra,MODIS,94,6.2,316.7,168.6,D,0
-20.5283,121.34,338.4,1.2,1.1,2014-10-28,0201,Terra,MODIS,80,6.2,314.2,23.8,D,0
-20.1039,121.3201,335.6,1.2,1.1,2014-10-28,0201,Terra,MODIS,76,6.2,312.7,17.8,D,0
-20.4652,121.5186,336.4,1.2,1.1,2014-10-28,0201,Terra,MODIS,76,6.2,316.4,17.1,D,0
-20.5219,122.2691,342.5,1.1,1,2014-10-28,0201,Terra,MODIS,82,6.2,317.1,24.6,D,0
-21.7076,121.0308,345.7,1.2,1.1,2014-10-28,0202,Terra,MODIS,89,6.2,311.2,42.8,D,0
-21.8228,121.0492,327.7,1.2,1.1,2014-10-28,0202,Terra,MODIS,35,6.2,309.4,9.8,D,0
-21.7173,121.0289,363.8,1.2,1.1,2014-10-28,0202,Terra,MODIS,100,6.2,310.7,99.9,D,0
-21.8385,121.2082,330.9,1.2,1.1,2014-10-28,0202,Terra,MODIS,61,6.2,311.7,10.8,D,0
-21.7192,121.0402,338.4,1.2,1.1,2014-10-28,0202,Terra,MODIS,80,6.2,309.9,27.8,D,0
-21.8131,121.051,336.9,1.2,1.1,2014-10-28,0202,Terra,MODIS,78,6.2,309,26.3,D,0
-21.6882,121.0343,330,1.2,1.1,2014-10-28,0202,Terra,MODIS,60,6.2,310.4,10.5,D,0
-21.7095,121.042,342.2,1.2,1.1,2014-10-28,0202,Terra,MODIS,85,6.2,309.9,35,D,0
-21.3848,116.9165,341.6,2.2,1.4,2014-10-28,0202,Terra,MODIS,34,6.2,311.7,90.1,D,0
-21.3887,116.9376,347.8,2.2,1.4,2014-10-28,0202,Terra,MODIS,92,6.2,303.5,129.3,D,0
-21.3861,116.9313,340.7,2.2,1.4,2014-10-28,0202,Terra,MODIS,64,6.2,307.6,87.5,D,0
-21.3989,116.9283,375.4,2.2,1.4,2014-10-28,0202,Terra,MODIS,100,6.2,310.9,379.4,D,0
-21.4029,116.9494,337.2,2.2,1.4,2014-10-28,0202,Terra,MODIS,28,6.2,306.5,72.8,D,0
-21.4118,116.9254,351.6,2.2,1.4,2014-10-28,0202,Terra,MODIS,95,6.2,304.4,161.3,D,0
-21.3949,116.9072,360.5,2.2,1.4,2014-10-28,0202,Terra,MODIS,100,6.2,309.5,227.4,D,0
-21.7691,116.5749,363,2.3,1.5,2014-10-28,0202,Terra,MODIS,100,6.2,315.6,253.7,D,0
-21.7733,116.5971,350.4,2.3,1.5,2014-10-28,0202,Terra,MODIS,94,6.2,314,143.5,D,0
-21.7781,116.5504,333.9,2.3,1.5,2014-10-28,0202,Terra,MODIS,69,6.2,311,49.8,D,0
-21.7823,116.5725,345.1,2.3,1.5,2014-10-28,0202,Terra,MODIS,90,6.2,313.2,111.2,D,0
-21.7652,116.5699,333.9,2.3,1.5,2014-10-28,0202,Terra,MODIS,78,6.2,314,49.2,D,0
-21.7695,116.592,348.4,2.3,1.5,2014-10-28,0202,Terra,MODIS,92,6.2,314.8,130.8,D,0
-21.7784,116.5674,357,2.3,1.5,2014-10-28,0202,Terra,MODIS,98,6.2,313.5,199.1,D,0
-21.7827,116.5895,344.6,2.3,1.5,2014-10-28,0202,Terra,MODIS,89,6.2,313.3,104.1,D,0
-21.7352,116.3955,361,2.4,1.5,2014-10-28,0202,Terra,MODIS,100,6.2,313.3,244.8,D,0
-21.7396,116.4183,339,2.4,1.5,2014-10-28,0202,Terra,MODIS,84,6.2,313.1,76.1,D,0
-21.7485,116.3922,334.6,2.4,1.5,2014-10-28,0202,Terra,MODIS,72,6.2,312.8,51.8,D,0
-21.73,116.3907,349.9,2.4,1.5,2014-10-28,0202,Terra,MODIS,93,6.2,313.5,145.7,D,0
-21.7345,116.4136,348.2,2.4,1.5,2014-10-28,0202,Terra,MODIS,92,6.2,313.9,132.1,D,0
-21.7565,116.3845,340.4,2.4,1.5,2014-10-28,0202,Terra,MODIS,86,6.2,313.8,88.8,D,0
-21.8218,117.9994,330.2,1.8,1.3,2014-10-28,0202,Terra,MODIS,71,6.2,311,25.7,D,0
-21.8336,117.9968,329.9,1.8,1.3,2014-10-28,0202,Terra,MODIS,64,6.2,309.5,25.1,D,0
-21.8367,118.0143,330.4,1.8,1.3,2014-10-28,0202,Terra,MODIS,53,6.2,309.3,28,D,0
-21.8162,118.0362,336.4,1.8,1.3,2014-10-28,0202,Terra,MODIS,81,6.2,311.3,45,D,0
-21.8194,118.0537,333.8,1.8,1.3,2014-10-28,0202,Terra,MODIS,77,6.2,310.6,39.6,D,0
-21.6538,117.8572,329.4,1.9,1.3,2014-10-28,0202,Terra,MODIS,64,6.2,310.9,24.7,D,0
-24.1098,122.6484,332.4,1,1,2014-10-28,0202,Terra,MODIS,22,6.2,310.8,10.2,D,0
-22.5211,125.0199,336.1,1,1,2014-10-28,0202,Terra,MODIS,44,6.2,316.8,19.8,D,0
-22.5225,125.03,337,1,1,2014-10-28,0202,Terra,MODIS,38,6.2,316.2,22.1,D,0
-22.6723,125.1779,336.8,1.1,1,2014-10-28,0202,Terra,MODIS,79,6.2,318.4,14.1,D,0
-22.6737,125.1882,342.7,1.1,1,2014-10-28,0202,Terra,MODIS,86,6.2,319.8,25.2,D,0
-22.6816,125.1765,366.4,1.1,1,2014-10-28,0202,Terra,MODIS,100,6.2,320.6,85.6,D,0
-22.683,125.1868,368.2,1.1,1,2014-10-28,0202,Terra,MODIS,100,6.2,320,92.5,D,0
-23.7736,124.7141,346.5,1,1,2014-10-28,0202,Terra,MODIS,89,6.2,317.9,33.9,D,0
-22.2875,124.2685,334.9,1,1,2014-10-28,0202,Terra,MODIS,71,6.2,317.6,10.8,D,0
-22.2889,124.2782,343.5,1,1,2014-10-28,0202,Terra,MODIS,85,6.2,318.4,24.4,D,0
-22.2903,124.288,341,1,1,2014-10-28,0202,Terra,MODIS,82,6.2,319.6,19.2,D,0
-22.2951,124.2573,391.2,1,1,2014-10-28,0202,Terra,MODIS,100,6.2,324.2,181.6,D,0
-22.2965,124.267,461.7,1,1,2014-10-28,0202,Terra,MODIS,100,6.2,348.9,859.3,D,0
-22.2979,124.2768,393.6,1,1,2014-10-28,0202,Terra,MODIS,100,6.2,327.7,192.9,D,0
-22.2993,124.2865,399.2,1,1,2014-10-28,0202,Terra,MODIS,100,6.2,325.7,224.7,D,0
-22.3007,124.2963,369.7,1,1,2014-10-28,0202,Terra,MODIS,100,6.2,322.9,89.6,D,0
-22.3021,124.306,343.3,1,1,2014-10-28,0202,Terra,MODIS,85,6.2,320.1,23,D,0
-22.3035,124.3158,336.7,1,1,2014-10-28,0202,Terra,MODIS,75,6.2,318.7,11.7,D,0
-22.3041,124.2558,432.5,1,1,2014-10-28,0202,Terra,MODIS,100,6.2,322.2,492.1,D,0
-22.3056,124.2656,500,1,1,2014-10-28,0202,Terra,MODIS,100,6.2,344.1,1600.8,D,0
-22.307,124.2753,369.4,1,1,2014-10-28,0202,Terra,MODIS,100,6.2,318,89.3,D,0
-22.3084,124.2851,393.6,1,1,2014-10-28,0202,Terra,MODIS,100,6.2,321.5,192.6,D,0
-22.3098,124.2948,362.5,1,1,2014-10-28,0202,Terra,MODIS,100,6.2,320.2,67.1,D,0
-22.7522,125.3711,381.1,1.1,1,2014-10-28,0202,Terra,MODIS,100,6.2,312.6,156.2,D,0
-22.7602,125.3592,354.7,1.1,1,2014-10-28,0202,Terra,MODIS,96,6.2,314.4,59.3,D,0
-22.7616,125.3697,366,1.1,1,2014-10-28,0202,Terra,MODIS,100,6.2,313.8,93.7,D,0
-24.1189,122.5861,374.2,1,1,2014-10-28,0202,Terra,MODIS,100,6.2,311.2,114.2,D,0
-24.1099,122.5877,379,1,1,2014-10-28,0202,Terra,MODIS,100,6.2,314.5,134.2,D,0
-24.1008,122.5892,327.8,1,1,2014-10-28,0202,Terra,MODIS,18,6.2,294.3,11.1,D,0
-24.0993,122.5794,326,1,1,2014-10-28,0202,Terra,MODIS,31,6.2,290.5,10.8,D,0
-24.0526,122.5735,334.5,1,1,2014-10-28,0202,Terra,MODIS,40,6.2,307.8,18.8,D,0
-24.0511,122.5636,342,1,1,2014-10-28,0202,Terra,MODIS,86,6.2,309.6,29.8,D,0
-24.0481,122.5439,372,1,1,2014-10-28,0202,Terra,MODIS,100,6.2,311.3,108.2,D,0
-24.0466,122.534,349.2,1,1,2014-10-28,0202,Terra,MODIS,92,6.2,305.5,44.8,D,0
-24.0436,122.5751,341.2,1,1,2014-10-28,0202,Terra,MODIS,79,6.2,309.1,29.8,D,0
-24.0406,122.5553,336.6,1,1,2014-10-28,0202,Terra,MODIS,45,6.2,309.4,16.4,D,0
-24.0391,122.5455,347.1,1,1,2014-10-28,0202,Terra,MODIS,88,6.2,312.9,36.6,D,0
-24.0376,122.5356,337.8,1,1,2014-10-28,0202,Terra,MODIS,71,6.2,306.5,21.1,D,0
-24.036,122.5866,330,1,1,2014-10-28,0202,Terra,MODIS,38,6.2,303.9,15,D,0
-24.0315,122.5569,351,1,1,2014-10-28,0202,Terra,MODIS,94,6.2,315.1,39.7,D,0
-24.03,122.5471,344.3,1,1,2014-10-28,0202,Terra,MODIS,63,6.2,314.7,27.7,D,0
-24.024,122.5684,349.9,1,1,2014-10-28,0202,Terra,MODIS,81,6.2,315,41.1,D,0
-24.0225,122.5585,384.6,1,1,2014-10-28,0202,Terra,MODIS,100,6.2,319.6,151.2,D,0
-24.015,122.57,340.5,1,1,2014-10-28,0202,Terra,MODIS,52,6.2,314.4,22.6,D,0
-24.0135,122.5601,343,1,1,2014-10-28,0202,Terra,MODIS,86,6.2,316.5,25.4,D,0
-24.0044,122.5617,338.7,1,1,2014-10-28,0202,Terra,MODIS,57,6.2,316.3,17.9,D,0
-24.0029,122.5518,344.6,1,1,2014-10-28,0202,Terra,MODIS,88,6.2,316.5,28.1,D,0
-23.9925,122.5398,342.1,1,1,2014-10-28,0202,Terra,MODIS,76,6.2,314.8,23.3,D,0
-23.988,122.5101,333.6,1,1,2014-10-28,0202,Terra,MODIS,73,6.2,313,14,D,0
-23.985,122.5513,338.8,1,1,2014-10-28,0202,Terra,MODIS,70,6.2,314.7,16.3,D,0
-23.9805,122.5216,337.9,1,1,2014-10-28,0202,Terra,MODIS,68,6.2,311.8,17.5,D,0
-23.979,122.5117,381.9,1,1,2014-10-28,0202,Terra,MODIS,100,6.2,317.3,142.4,D,0
-23.9775,122.5018,353.5,1,1,2014-10-28,0202,Terra,MODIS,95,6.2,312.1,50.2,D,0
-23.9715,122.5232,349.1,1,1,2014-10-28,0202,Terra,MODIS,92,6.2,314.3,37.4,D,0
-23.97,122.5133,374.8,1,1,2014-10-28,0202,Terra,MODIS,100,6.2,316.7,112.5,D,0
-23.9684,122.5643,333.9,1,1,2014-10-28,0202,Terra,MODIS,24,6.2,313,11.3,D,0
-23.9654,122.5446,351.2,1,1,2014-10-28,0202,Terra,MODIS,94,6.2,312.8,40.8,D,0
-23.9624,122.5248,350.4,1,1,2014-10-28,0202,Terra,MODIS,93,6.2,314,40.7,D,0
-23.9609,122.5149,332.6,1,1,2014-10-28,0202,Terra,MODIS,47,6.2,312.8,10.3,D,0
-23.9564,122.5462,335.1,1,1,2014-10-28,0202,Terra,MODIS,76,6.2,311.8,12.5,D,0
-24.1489,122.6618,359.7,1,1,2014-10-28,0202,Terra,MODIS,99,6.2,312.2,65.2,D,0
-24.1474,122.652,421.6,1,1,2014-10-28,0202,Terra,MODIS,100,6.2,323.3,392.6,D,0
-24.1459,122.6421,408.7,1,1,2014-10-28,0202,Terra,MODIS,100,6.2,320.1,292.4,D,0
-24.1444,122.6322,389.5,1,1,2014-10-28,0202,Terra,MODIS,100,6.2,315.5,178.2,D,0
-24.1429,122.6224,418,1,1,2014-10-28,0202,Terra,MODIS,100,6.2,320,363.8,D,0
-24.1414,122.6125,407.6,1,1,2014-10-28,0202,Terra,MODIS,100,6.2,315.7,285.2,D,0
-22.7176,122.1601,333.8,1,1,2014-10-28,0202,Terra,MODIS,56,6.2,315.9,9.7,D,0
-22.7267,122.1585,355.8,1,1,2014-10-28,0202,Terra,MODIS,97,6.2,318.3,53.2,D,0
-22.3257,124.0872,396.4,1,1,2014-10-28,0202,Terra,MODIS,100,6.2,321,208.3,D,0
-24.1414,122.6733,432.7,1,1,2014-10-28,0202,Terra,MODIS,100,6.2,326,493.9,D,0
-24.1399,122.6634,462.7,1,1,2014-10-28,0202,Terra,MODIS,100,6.2,340.1,875.2,D,0
-24.1384,122.6535,395.2,1,1,2014-10-28,0202,Terra,MODIS,100,6.2,325.5,203.3,D,0
-24.1369,122.6437,378.3,1,1,2014-10-28,0202,Terra,MODIS,100,6.2,318.4,125.7,D,0
-24.1354,122.6338,393,1,1,2014-10-28,0202,Terra,MODIS,100,6.2,323.3,194.8,D,0
-24.1339,122.624,430.2,1,1,2014-10-28,0202,Terra,MODIS,100,6.2,330.7,471.7,D,0
-24.1324,122.6141,455.8,1,1,2014-10-28,0202,Terra,MODIS,100,6.2,336.3,777.3,D,0
-24.1309,122.6042,340.9,1,1,2014-10-28,0202,Terra,MODIS,85,6.2,311.9,24.5,D,0
-24.1338,122.6847,339.4,1,1,2014-10-28,0202,Terra,MODIS,83,6.2,314,19.9,D,0
-24.1323,122.6749,368.4,1,1,2014-10-28,0202,Terra,MODIS,100,6.2,322.2,87.6,D,0
-24.1309,122.665,354.5,1,1,2014-10-28,0202,Terra,MODIS,96,6.2,320.1,47.3,D,0
-24.1294,122.6551,343.1,1,1,2014-10-28,0202,Terra,MODIS,84,6.2,317.1,25.8,D,0
-24.1279,122.6453,350.3,1,1,2014-10-28,0202,Terra,MODIS,93,6.2,318.1,40.3,D,0
-24.1264,122.6354,346.1,1,1,2014-10-28,0202,Terra,MODIS,90,6.2,316.1,32.3,D,0
-24.1249,122.6255,393.6,1,1,2014-10-28,0202,Terra,MODIS,100,6.2,322.8,197.3,D,0
-24.1234,122.6157,394.9,1,1,2014-10-28,0202,Terra,MODIS,100,6.2,321.5,205.6,D,0
-24.1219,122.6058,361.9,1,1,2014-10-28,0202,Terra,MODIS,100,6.2,312.7,72.7,D,0
-24.1204,122.5959,372.6,1,1,2014-10-28,0202,Terra,MODIS,100,6.2,311.9,106.7,D,0
-24.1188,122.6469,336.1,1,1,2014-10-28,0202,Terra,MODIS,42,6.2,315.7,15.1,D,0
-24.1174,122.637,334.7,1,1,2014-10-28,0202,Terra,MODIS,47,6.2,313.9,12.7,D,0
-24.1159,122.6271,334.1,1,1,2014-10-28,0202,Terra,MODIS,64,6.2,310.4,12.4,D,0
-24.1114,122.5975,419.8,1,1,2014-10-28,0202,Terra,MODIS,100,6.2,322,381.1,D,0
-24.1083,122.6386,333.6,1,1,2014-10-28,0202,Terra,MODIS,47,6.2,307.1,11.4,D,0
-24.1068,122.6287,334.3,1,1,2014-10-28,0202,Terra,MODIS,48,6.2,298.7,13.6,D,0
-25.1524,122.3535,344.7,1,1,2014-10-28,0202,Terra,MODIS,89,6.2,310.5,31.8,D,0
-25.1539,122.3634,337.3,1,1,2014-10-28,0202,Terra,MODIS,77,6.2,311.1,18,D,0
-21.8682,121.1277,330,1.2,1.1,2014-10-28,0202,Terra,MODIS,50,6.2,310.2,11.5,D,0
-21.8778,121.1259,332.3,1.2,1.1,2014-10-28,0202,Terra,MODIS,58,6.2,311.4,13.5,D,0
-21.9122,121.154,342.2,1.2,1.1,2014-10-28,0202,Terra,MODIS,85,6.2,308.6,34.7,D,0
-21.914,121.1652,372.2,1.2,1.1,2014-10-28,0202,Terra,MODIS,100,6.2,308.9,131.9,D,0
-21.9176,121.1876,386.7,1.2,1.1,2014-10-28,0202,Terra,MODIS,100,6.2,314,200.5,D,0
-21.9194,121.1987,383.5,1.2,1.1,2014-10-28,0202,Terra,MODIS,100,6.2,315.7,176.2,D,0
-21.9212,121.2097,335.5,1.2,1.1,2014-10-28,0202,Terra,MODIS,37,6.2,310.7,16,D,0
-24.1023,122.5991,331.7,1,1,2014-10-28,0202,Terra,MODIS,38,6.2,300,14.3,D,0
-22.3158,124.0193,347.9,1,1,2014-10-28,0202,Terra,MODIS,46,6.2,308.1,39.5,D,0
-22.3172,124.029,384.3,1,1,2014-10-28,0202,Terra,MODIS,75,6.2,305.7,151.9,D,0
-22.3248,124.0179,391.3,1,1,2014-10-28,0202,Terra,MODIS,87,6.2,310.5,188.4,D,0
-22.3262,124.0275,365.9,1,1,2014-10-28,0202,Terra,MODIS,87,6.2,316.3,85.3,D,0
-22.3338,124.0164,340.9,1,1,2014-10-28,0202,Terra,MODIS,71,6.2,301.2,27.6,D,0
-22.3509,124.3922,379.7,1,1,2014-10-28,0202,Terra,MODIS,100,6.2,324.3,127.7,D,0
-22.3495,124.3824,390.5,1,1,2014-10-28,0202,Terra,MODIS,100,6.2,327,177.3,D,0
-21.9254,121.1747,352.5,1.2,1.1,2014-10-28,0202,Terra,MODIS,94,6.2,308.3,60.4,D,0
-21.9272,121.1858,453.8,1.2,1.1,2014-10-28,0202,Terra,MODIS,100,6.2,330.2,919,D,0
-21.929,121.1968,422.8,1.2,1.1,2014-10-28,0202,Terra,MODIS,100,6.2,318.7,489.7,D,0
-21.935,121.1728,376.7,1.2,1.1,2014-10-28,0202,Terra,MODIS,100,6.2,308.8,151.9,D,0
-21.9368,121.1839,458.1,1.2,1.1,2014-10-28,0202,Terra,MODIS,100,6.2,321.4,993.1,D,0
-22.3343,124.4008,338.1,1,1,2014-10-28,0202,Terra,MODIS,27,6.2,319.6,11.2,D,0
-21.9386,121.195,349.9,1.2,1.1,2014-10-28,0202,Terra,MODIS,92,6.2,310.7,50.1,D,0
-23.922,123.0524,343.7,1,1,2014-10-28,0202,Terra,MODIS,73,6.2,304.8,30.1,D,0
-21.9388,121.1769,393.3,1.2,1.1,2014-10-28,0202,Terra,MODIS,100,6.2,309.7,243.1,D,0
-21.9407,121.188,380.4,1.2,1.1,2014-10-28,0202,Terra,MODIS,100,6.2,311.2,167.8,D,0
-22.0624,121.1252,334.7,1.2,1.1,2014-10-28,0202,Terra,MODIS,74,6.2,311.7,17.5,D,0
-22.2422,122.369,352.8,1,1,2014-10-28,0202,Terra,MODIS,94,6.2,318.2,44.3,D,0
-22.1183,121.0852,328.3,1.2,1.1,2014-10-28,0202,Terra,MODIS,36,6.2,310.9,7.7,D,0
-22.1087,121.087,335.7,1.2,1.1,2014-10-28,0202,Terra,MODIS,76,6.2,312.9,20.4,D,0
-22.0803,121.0527,333.8,1.2,1.1,2014-10-28,0202,Terra,MODIS,73,6.2,312.9,14.8,D,0
-22.0606,121.114,347,1.2,1.1,2014-10-28,0202,Terra,MODIS,90,6.2,313.6,43.8,D,0
-21.9374,121.1082,356,1.2,1.1,2014-10-28,0202,Terra,MODIS,97,6.2,312.4,73.6,D,0
-24.8486,122.5388,331.6,1,1,2014-10-28,0202,Terra,MODIS,61,6.2,311.6,11.1,D,0
-24.8651,122.5867,334.3,1,1,2014-10-28,0202,Terra,MODIS,78,6.2,313.8,13.2,D,0
-24.8862,122.5423,424.4,1,1,2014-10-28,0202,Terra,MODIS,100,6.2,324,417.6,D,0
-24.8876,122.5522,387.2,1,1,2014-10-28,0202,Terra,MODIS,100,6.2,319.4,166.1,D,0
-24.8891,122.5621,344.5,1,1,2014-10-28,0202,Terra,MODIS,89,6.2,313.7,30.9,D,0
-24.8936,122.5918,345,1,1,2014-10-28,0202,Terra,MODIS,90,6.2,313.8,31.2,D,0
-24.8966,122.6116,340.4,1,1,2014-10-28,0202,Terra,MODIS,85,6.2,313.1,24,D,0
-22.1078,120.9012,330.9,1.2,1.1,2014-10-28,0202,Terra,MODIS,66,6.2,309.6,16.3,D,0
-22.1444,120.9411,331,1.2,1.1,2014-10-28,0202,Terra,MODIS,65,6.2,310.2,15.2,D,0
-22.1481,120.9638,340,1.2,1.1,2014-10-28,0202,Terra,MODIS,83,6.2,312,31.6,D,0
-22.1541,120.9394,341.2,1.2,1.1,2014-10-28,0202,Terra,MODIS,84,6.2,310.4,36.3,D,0
-22.1559,120.9507,334.4,1.2,1.1,2014-10-28,0202,Terra,MODIS,40,6.2,310.2,22.2,D,0
-22.1578,120.9621,355.6,1.2,1.1,2014-10-28,0202,Terra,MODIS,97,6.2,311.7,74.1,D,0
-21.9496,121.9052,336.1,1.1,1,2014-10-28,0202,Terra,MODIS,65,6.2,316.1,14.2,D,0
-21.9589,121.9035,341.8,1.1,1,2014-10-28,0202,Terra,MODIS,83,6.2,316.5,23.3,D,0
-21.9995,121.8796,357.4,1.1,1,2014-10-28,0202,Terra,MODIS,98,6.2,316.2,59.8,D,0
-22.0012,121.89,348.4,1.1,1,2014-10-28,0202,Terra,MODIS,91,6.2,315.6,36.7,D,0
-21.8942,121.2262,333.9,1.2,1.1,2014-10-28,0202,Terra,MODIS,56,6.2,312.5,13.8,D,0
-21.896,121.2372,331.6,1.2,1.1,2014-10-28,0202,Terra,MODIS,61,6.2,311.5,11.4,D,0
-21.8948,121.1689,355.8,1.2,1.1,2014-10-28,0202,Terra,MODIS,97,6.2,312.6,68.8,D,0
-21.8966,121.18,381.8,1.2,1.1,2014-10-28,0202,Terra,MODIS,100,6.2,315.6,172,D,0
-21.8984,121.1912,347.9,1.2,1.1,2014-10-28,0202,Terra,MODIS,91,6.2,312.8,44,D,0
-21.902,121.2133,338.1,1.2,1.1,2014-10-28,0202,Terra,MODIS,80,6.2,312.9,21.5,D,0
-21.9038,121.2244,333.7,1.2,1.1,2014-10-28,0202,Terra,MODIS,53,6.2,311,14.2,D,0
-21.9026,121.1559,351.6,1.2,1.1,2014-10-28,0202,Terra,MODIS,94,6.2,310.9,57.4,D,0
-21.9044,121.167,437.9,1.2,1.1,2014-10-28,0202,Terra,MODIS,100,6.2,324.8,681.1,D,0
-21.9062,121.1783,390.6,1.2,1.1,2014-10-28,0202,Terra,MODIS,100,6.2,313,223.9,D,0
-21.908,121.1894,390,1.2,1.1,2014-10-28,0202,Terra,MODIS,100,6.2,315.3,217.8,D,0
-21.9098,121.2004,355.6,1.2,1.1,2014-10-28,0202,Terra,MODIS,97,6.2,313.2,62.6,D,0
-21.9116,121.2115,358.9,1.2,1.1,2014-10-28,0202,Terra,MODIS,99,6.2,312.8,74.1,D,0
-24.0917,126.2088,394.2,1.2,1.1,2014-10-28,0202,Terra,MODIS,100,6.2,318.9,262.8,D,0
-24.0932,126.2206,390.6,1.2,1.1,2014-10-28,0202,Terra,MODIS,100,6.2,320.5,238.1,D,0
-24.0947,126.2325,338.8,1.2,1.1,2014-10-28,0202,Terra,MODIS,83,6.2,313,27.4,D,0
-21.9446,121.7171,331,1.1,1,2014-10-28,0202,Terra,MODIS,48,6.2,312.3,8.4,D,0
-21.9353,121.7188,333.9,1.1,1,2014-10-28,0202,Terra,MODIS,70,6.2,314.6,13,D,0
-21.9422,121.2172,328.5,1.2,1.1,2014-10-28,0202,Terra,MODIS,9,6.2,310.1,8.2,D,0
-22.7943,121.6578,388.5,1.1,1,2014-10-28,0202,Terra,MODIS,100,6.2,317.5,189.4,D,0
-22.7883,121.6803,350,1.1,1,2014-10-28,0202,Terra,MODIS,90,6.2,316.3,41.5,D,0
-22.7406,122.1872,339.7,1,1,2014-10-28,0202,Terra,MODIS,58,6.2,317.8,17.6,D,0
-22.7867,121.6699,346,1.1,1,2014-10-28,0202,Terra,MODIS,77,6.2,319,29.6,D,0
-23.8667,122.9278,345.6,1,1,2014-10-28,0202,Terra,MODIS,60,6.2,305.1,31.2,D,0
-22.7807,121.6924,339.2,1.1,1,2014-10-28,0202,Terra,MODIS,69,6.2,315,18.4,D,0
-22.779,121.682,346.5,1.1,1,2014-10-28,0202,Terra,MODIS,89,6.2,319.1,32,D,0
-22.733,122.1989,333.3,1,1,2014-10-28,0202,Terra,MODIS,34,6.2,315.7,9.2,D,0
-22.7283,122.1686,338.3,1,1,2014-10-28,0202,Terra,MODIS,48,6.2,316.5,14.6,D,0
-24.8874,128.0865,330.5,1.6,1.2,2014-10-28,0202,Terra,MODIS,68,6.2,309.3,25.8,D,0
-22.6237,120.8671,369,1.2,1.1,2014-10-28,0202,Terra,MODIS,100,6.2,312.4,118.7,D,0
-23.2109,120.0715,367.3,1.3,1.1,2014-10-28,0202,Terra,MODIS,100,6.2,316.2,121.1,D,0
-22.2694,122.3024,332.5,1,1,2014-10-28,0202,Terra,MODIS,54,6.2,316,9,D,0
-22.2642,121.2915,330.6,1.1,1.1,2014-10-28,0202,Terra,MODIS,47,6.2,311.7,10.5,D,0
-22.6219,120.8557,333.7,1.2,1.1,2014-10-28,0202,Terra,MODIS,71,6.2,310.3,18.2,D,0
-22.6214,120.9142,332.2,1.2,1.1,2014-10-28,0202,Terra,MODIS,67,6.2,311.4,14.3,D,0
-23.8697,122.9474,367.3,1,1,2014-10-28,0202,Terra,MODIS,100,6.2,313,78.8,D,0
-22.7595,121.7779,332.5,1.1,1,2014-10-28,0202,Terra,MODIS,65,6.2,314.4,11.6,D,0
-23.8429,122.8917,367.1,1,1,2014-10-28,0202,Terra,MODIS,100,6.2,319.7,82.2,D,0
-23.8711,122.9572,346.8,1,1,2014-10-28,0202,Terra,MODIS,73,6.2,315.3,28,D,0
-23.8759,122.9298,343.7,1,1,2014-10-28,0202,Terra,MODIS,63,6.2,303.9,28.6,D,0
-23.8443,122.9015,341.5,1,1,2014-10-28,0202,Terra,MODIS,29,6.2,315.8,19.4,D,0
-23.8458,122.9113,358,1,1,2014-10-28,0202,Terra,MODIS,98,6.2,317.9,53.7,D,0
-23.937,123.0297,351.3,1,1,2014-10-28,0202,Terra,MODIS,93,6.2,305.9,47.6,D,0
-23.5157,121.7326,337.6,1.1,1,2014-10-28,0202,Terra,MODIS,78,6.2,314.8,18,D,0
-23.9446,123.0184,338.6,1,1,2014-10-28,0202,Terra,MODIS,57,6.2,293.3,23.9,D,0
-22.7596,120.9336,330.7,1.2,1.1,2014-10-28,0202,Terra,MODIS,60,6.2,311.5,11.5,D,0
-22.7559,120.9112,329.2,1.2,1.1,2014-10-28,0202,Terra,MODIS,44,6.2,311.5,9.8,D,0
-22.7689,121.6192,356.9,1.1,1,2014-10-28,0202,Terra,MODIS,97,6.2,313,63.7,D,0
-22.7714,121.6941,340.5,1.1,1,2014-10-28,0202,Terra,MODIS,78,6.2,315.9,22.2,D,0
-23.0901,120.3323,334.6,1.2,1.1,2014-10-28,0202,Terra,MODIS,40,6.2,315.4,13,D,0
-23.092,120.3443,341,1.2,1.1,2014-10-28,0202,Terra,MODIS,84,6.2,314.6,26.9,D,0
-23.0914,120.3378,338.1,1.2,1.1,2014-10-28,0202,Terra,MODIS,75,6.2,315.2,20.7,D,0
-23.0935,120.3497,334.1,1.2,1.1,2014-10-28,0202,Terra,MODIS,42,6.2,314.2,12.6,D,0
-23.1072,120.3101,345.4,1.2,1.1,2014-10-28,0202,Terra,MODIS,89,6.2,314.4,40.3,D,0
-22.5198,120.6019,329.2,1.2,1.1,2014-10-28,0202,Terra,MODIS,60,6.2,311.1,11.4,D,0
-22.6141,120.8689,349.6,1.2,1.1,2014-10-28,0202,Terra,MODIS,92,6.2,312.6,52.2,D,0
-22.6122,120.8575,353.9,1.2,1.1,2014-10-28,0202,Terra,MODIS,95,6.2,312,64.7,D,0
-23.1092,120.322,355.1,1.2,1.1,2014-10-28,0202,Terra,MODIS,96,6.2,314.7,68,D,0
-23.2743,121.4735,335.5,1.1,1,2014-10-28,0202,Terra,MODIS,56,6.2,311.6,18.8,D,0
-23.2788,121.4661,343.4,1.1,1,2014-10-28,0202,Terra,MODIS,86,6.2,313.4,30.4,D,0
-22.4594,121.1749,334.1,1.1,1.1,2014-10-28,0202,Terra,MODIS,72,6.2,312.8,16.2,D,0
-23.8841,122.6157,340.3,1,1,2014-10-28,0202,Terra,MODIS,83,6.2,316.7,17.5,D,0
-23.8473,122.9211,342.2,1,1,2014-10-28,0202,Terra,MODIS,74,6.2,316.6,18.7,D,0
-24.8856,128.0704,343.7,1.6,1.2,2014-10-28,0202,Terra,MODIS,88,6.2,309.8,67.1,D,0
-25.289,121.6256,344.9,1,1,2014-10-28,0202,Terra,MODIS,74,6.2,312.4,33.5,D,0
-23.8886,122.5845,341.2,1,1,2014-10-28,0202,Terra,MODIS,84,6.2,312.6,23.3,D,0
-23.8901,122.5944,341.6,1,1,2014-10-28,0202,Terra,MODIS,84,6.2,314.7,23.4,D,0
-23.8916,122.6043,374.1,1,1,2014-10-28,0202,Terra,MODIS,100,6.2,318.8,107.8,D,0
-23.8931,122.6141,394.1,1,1,2014-10-28,0202,Terra,MODIS,100,6.2,320.8,196.9,D,0
-22.2738,121.2898,332,1.1,1.1,2014-10-28,0202,Terra,MODIS,54,6.2,311.2,10.8,D,0
-23.2898,121.4749,340.8,1.1,1,2014-10-28,0202,Terra,MODIS,83,6.2,316.2,26,D,0
-23.2881,121.4644,364.6,1.1,1,2014-10-28,0202,Terra,MODIS,100,6.2,314.1,87.9,D,0
-22.2815,121.277,337.6,1.1,1.1,2014-10-28,0202,Terra,MODIS,78,6.2,312.9,19.4,D,0
-23.8487,122.9309,340.3,1,1,2014-10-28,0202,Terra,MODIS,73,6.2,317.5,14.5,D,0
-25.2922,121.6462,338.7,1,1,2014-10-28,0202,Terra,MODIS,83,6.2,316.2,20.3,D,0
-22.6256,120.8784,338.1,1.2,1.1,2014-10-28,0202,Terra,MODIS,79,6.2,309.5,26.4,D,0
-25.3014,121.6445,337.2,1,1,2014-10-28,0202,Terra,MODIS,81,6.2,313.8,18.6,D,0
-25.2938,121.6564,335.5,1,1,2014-10-28,0202,Terra,MODIS,68,6.2,314.5,14.9,D,0
-23.8563,122.9195,353.1,1,1,2014-10-28,0202,Terra,MODIS,93,6.2,315.1,43.8,D,0
-23.8577,122.9294,369.2,1,1,2014-10-28,0202,Terra,MODIS,100,6.2,315.7,86.8,D,0
-22.2875,121.2532,340.9,1.1,1.1,2014-10-28,0202,Terra,MODIS,83,6.2,313.3,26.3,D,0
-23.9111,122.611,338.3,1,1,2014-10-28,0202,Terra,MODIS,80,6.2,316,17.1,D,0
-23.9126,122.6208,338.1,1,1,2014-10-28,0202,Terra,MODIS,79,6.2,315.4,16.1,D,0
-23.9203,122.6134,353,1,1,2014-10-28,0202,Terra,MODIS,90,6.2,313.1,47.3,D,0
-23.8592,122.9391,340,1,1,2014-10-28,0202,Terra,MODIS,47,6.2,311.9,13.9,D,0
-23.8607,122.9489,345.1,1,1,2014-10-28,0202,Terra,MODIS,87,6.2,318.5,21.4,D,0
-23.8621,122.9587,343.4,1,1,2014-10-28,0202,Terra,MODIS,80,6.2,318.2,20,D,0
-22.6196,120.9029,337.6,1.2,1.1,2014-10-28,0202,Terra,MODIS,79,6.2,310.5,24,D,0
-22.6178,120.8916,333.3,1.2,1.1,2014-10-28,0202,Terra,MODIS,70,6.2,310.5,16.1,D,0
-23.8811,122.596,344.6,1,1,2014-10-28,0202,Terra,MODIS,87,6.2,316.2,28.2,D,0
-23.8796,122.5861,335.9,1,1,2014-10-28,0202,Terra,MODIS,71,6.2,314.8,13.8,D,0
-22.625,120.8601,350,1.2,1.1,2014-10-28,0202,Terra,MODIS,79,6.2,311.1,62,D,0
-22.7577,122.1885,336.6,1,1,2014-10-28,0202,Terra,MODIS,73,6.2,314.9,15.9,D,0
-22.7562,122.1784,331.9,1,1,2014-10-28,0202,Terra,MODIS,45,6.2,314.2,8.9,D,0
-22.6159,120.8802,338.3,1.2,1.1,2014-10-28,0202,Terra,MODIS,80,6.2,311.1,25.2,D,0
-22.8036,121.6561,365.4,1.1,1,2014-10-28,0202,Terra,MODIS,100,6.2,310.7,92.8,D,0
-22.7486,122.1901,341.7,1,1,2014-10-28,0202,Terra,MODIS,83,6.2,317.2,24.8,D,0
-25.2998,121.6342,347.6,1,1,2014-10-28,0202,Terra,MODIS,91,6.2,311.4,38.6,D,0
-22.802,121.6456,340.5,1.1,1,2014-10-28,0202,Terra,MODIS,78,6.2,310.5,28.2,D,0
-22.272,121.2788,333.8,1.1,1.1,2014-10-28,0202,Terra,MODIS,69,6.2,313,12.9,D,0
-22.6269,120.8715,352.8,1.2,1.1,2014-10-28,0202,Terra,MODIS,94,6.2,310.8,69.2,D,0
-23.2805,121.4767,351.2,1.1,1,2014-10-28,0202,Terra,MODIS,93,6.2,315.9,48.2,D,0
-22.4499,121.1767,338.9,1.1,1.1,2014-10-28,0202,Terra,MODIS,80,6.2,313,25,D,0
-22.747,122.18,337.8,1,1,2014-10-28,0202,Terra,MODIS,77,6.2,318,18.3,D,0
-22.7976,121.6786,355,1.1,1,2014-10-28,0202,Terra,MODIS,96,6.2,314.3,57.7,D,0
-22.796,121.6682,385.5,1.1,1,2014-10-28,0202,Terra,MODIS,100,6.2,316.6,172.5,D,0
-22.7422,122.1973,336.4,1,1,2014-10-28,0202,Terra,MODIS,31,6.2,315.7,12.1,D,0
-23.2129,120.0837,351.2,1.3,1.1,2014-10-28,0202,Terra,MODIS,94,6.2,314.2,61.1,D,0
-26.8945,127.096,362.5,1.5,1.2,2014-10-28,0203,Terra,MODIS,100,6.2,319.7,122.9,D,0
-27.5544,128.9962,338.4,2,1.4,2014-10-28,0203,Terra,MODIS,73,6.2,314.6,53.9,D,0
-27.5559,128.9895,335.8,2,1.4,2014-10-28,0203,Terra,MODIS,48,6.2,313.7,42.3,D,0
-27.3534,128.2889,328.3,1.8,1.3,2014-10-28,0203,Terra,MODIS,35,6.2,310.6,20.9,D,0
-27.3553,128.307,342.8,1.8,1.3,2014-10-28,0203,Terra,MODIS,87,6.2,312.8,71.8,D,0
-27.3572,128.325,329.4,1.8,1.3,2014-10-28,0203,Terra,MODIS,32,6.2,313,21.7,D,0
-27.5414,128.9707,342.7,2,1.4,2014-10-28,0203,Terra,MODIS,68,6.2,312.6,73.2,D,0
-26.1472,124.8862,341.2,1.1,1,2014-10-28,0203,Terra,MODIS,77,6.2,318.2,23.5,D,0
-26.1552,124.8737,332.1,1.1,1,2014-10-28,0203,Terra,MODIS,56,6.2,316.7,9.9,D,0
-26.1566,124.8847,350.4,1.1,1,2014-10-28,0203,Terra,MODIS,93,6.2,319.3,45.2,D,0
-27.5395,128.9504,379.2,2,1.4,2014-10-28,0203,Terra,MODIS,100,6.2,311.5,360.6,D,0
-27.5376,128.9303,364,2,1.4,2014-10-28,0203,Terra,MODIS,100,6.2,304.4,228.9,D,0
-26.1581,124.8957,385,1.1,1,2014-10-28,0203,Terra,MODIS,100,6.2,324.1,173,D,0
-26.1596,124.9068,377.1,1.1,1,2014-10-28,0203,Terra,MODIS,100,6.2,324.1,135.2,D,0
-26.169,124.9053,337,1.1,1,2014-10-28,0203,Terra,MODIS,60,6.2,318.9,17.2,D,0
-27.0933,125.1137,336.3,1.2,1.1,2014-10-28,0203,Terra,MODIS,78,6.2,318.7,20.8,D,0
-26.8794,127.0889,343.4,1.5,1.2,2014-10-28,0203,Terra,MODIS,87,6.2,318.9,49,D,0
-28.0492,129.9872,334,2.4,1.5,2014-10-28,0203,Terra,MODIS,74,6.2,312.8,58.9,D,0
-27.5419,128.9977,331.5,2,1.4,2014-10-28,0203,Terra,MODIS,25,6.2,315,24.9,D,0
-27.5399,128.9774,344,2,1.4,2014-10-28,0203,Terra,MODIS,85,6.2,314,80.5,D,0
-27.5378,128.9572,381.2,2,1.4,2014-10-28,0203,Terra,MODIS,100,6.2,313.7,381.6,D,0
-27.5358,128.937,401.8,2,1.4,2014-10-28,0203,Terra,MODIS,100,6.2,309.7,679.7,D,0
-27.5274,128.9789,365.2,2,1.4,2014-10-28,0203,Terra,MODIS,100,6.2,318.7,218.4,D,0
-26.161,124.9178,342.4,1.1,1,2014-10-28,0203,Terra,MODIS,71,6.2,321.1,26.6,D,0
-28.0514,130.0118,341.4,2.4,1.5,2014-10-28,0203,Terra,MODIS,86,6.2,315.1,102.4,D,0
-26.8961,127.1107,341.9,1.5,1.2,2014-10-28,0203,Terra,MODIS,76,6.2,316.6,42.7,D,0
-27.5254,128.9587,390.3,2,1.4,2014-10-28,0203,Terra,MODIS,100,6.2,318.4,493.6,D,0
-27.5233,128.9385,420.2,2,1.4,2014-10-28,0203,Terra,MODIS,100,6.2,320.1,1039.6,D,0
-28.065,130.0102,330.5,2.4,1.5,2014-10-28,0203,Terra,MODIS,69,6.2,310.4,47,D,0
-27.5213,128.9184,372.5,2,1.4,2014-10-28,0203,Terra,MODIS,100,6.2,308,299.2,D,0
-27.5149,128.9803,364.4,2,1.4,2014-10-28,0203,Terra,MODIS,100,6.2,317.7,211.4,D,0
-27.5129,128.9601,369.8,2,1.4,2014-10-28,0203,Terra,MODIS,100,6.2,318.1,260,D,0
-25.3889,121.2095,337.7,1.1,1,2014-10-28,0203,Terra,MODIS,83,6.2,311.2,23.7,D,0
-27.5109,128.94,343.1,2,1.4,2014-10-28,0203,Terra,MODIS,87,6.2,313.5,86.9,D,0
-26.8811,127.1037,336.8,1.5,1.2,2014-10-28,0203,Terra,MODIS,70,6.2,318.7,29.4,D,0
-26.8777,127.0742,340,1.5,1.2,2014-10-28,0203,Terra,MODIS,78,6.2,316.8,39.4,D,0
-26.8902,127.0873,379.9,1.5,1.2,2014-10-28,0203,Terra,MODIS,100,6.2,321.5,227.4,D,0
-26.8919,127.1021,367.2,1.5,1.2,2014-10-28,0203,Terra,MODIS,100,6.2,319.6,145.9,D,0
-26.8936,127.1169,345.8,1.5,1.2,2014-10-28,0203,Terra,MODIS,84,6.2,317.2,53.6,D,0
-26.901,127.0858,385.2,1.5,1.2,2014-10-28,0203,Terra,MODIS,100,6.2,317.4,271.5,D,0
-26.8928,127.0812,401.5,1.5,1.2,2014-10-28,0203,Terra,MODIS,100,6.2,325.6,423,D,0
-26.8885,127.0726,381.9,1.5,1.2,2014-10-28,0203,Terra,MODIS,100,6.2,319.3,245.1,D,0
-28.3847,125.6902,338.1,1.3,1.1,2014-10-28,0203,Terra,MODIS,66,6.2,314.1,30.2,D,0
-26.8992,127.0711,390.9,1.5,1.2,2014-10-28,0203,Terra,MODIS,100,6.2,313.6,319.5,D,0
-27.2013,127.005,337.3,1.5,1.2,2014-10-28,0203,Terra,MODIS,70,6.2,315.5,31.5,D,0
-27.2162,126.9433,354.5,1.4,1.2,2014-10-28,0203,Terra,MODIS,96,6.2,315.1,88.3,D,0
-27.2179,126.958,365.3,1.5,1.2,2014-10-28,0203,Terra,MODIS,100,6.2,320,137.9,D,0
-26.9036,127.0797,357.3,1.5,1.2,2014-10-28,0203,Terra,MODIS,98,6.2,312.6,110.5,D,0
-28.2933,129.1351,333.3,2.1,1.4,2014-10-28,0203,Terra,MODIS,76,6.2,313.2,49.4,D,0
-28.2928,129.1285,330.9,2.1,1.4,2014-10-28,0203,Terra,MODIS,72,6.2,312.8,40.6,D,0
-28.0921,122.8218,333.3,1,1,2014-10-28,0203,Terra,MODIS,76,6.2,315.3,15.6,D,0
-28.8599,127.1862,335.2,1.6,1.2,2014-10-28,0203,Terra,MODIS,79,6.2,315.3,33.7,D,0
-26.8912,127.0664,371,1.5,1.2,2014-10-28,0203,Terra,MODIS,100,6.2,314.2,175.3,D,0
-26.8867,127.0578,335.7,1.5,1.2,2014-10-28,0203,Terra,MODIS,76,6.2,311.1,33.4,D,0
-27.2489,127.0077,335.4,1.5,1.2,2014-10-28,0203,Terra,MODIS,79,6.2,315.3,29.8,D,0
-25.5264,122.0284,342.2,1,1,2014-10-28,0203,Terra,MODIS,56,6.2,311.1,32.1,D,0
-25.5249,122.0184,338.9,1,1,2014-10-28,0203,Terra,MODIS,49,6.2,311.4,26.2,D,0
-28.8487,127.1877,352.3,1.6,1.2,2014-10-28,0203,Terra,MODIS,95,6.2,318,94.4,D,0
-25.965,125.0403,355.7,1.1,1.1,2014-10-28,0203,Terra,MODIS,97,6.2,320,57.5,D,0
-25.9635,125.0292,382.6,1.1,1.1,2014-10-28,0203,Terra,MODIS,100,6.2,322.6,162.4,D,0
-27.2446,126.9992,344.4,1.5,1.2,2014-10-28,0203,Terra,MODIS,89,6.2,315.3,53.1,D,0
-27.2463,127.014,337.2,1.5,1.2,2014-10-28,0203,Terra,MODIS,79,6.2,316.2,33.4,D,0
-34.4657,116.2146,307.6,1.3,1.1,2014-10-28,0205,Terra,MODIS,65,6.2,291.4,11,D,0
-29.6167,152.2783,328.8,3.3,1.7,2014-10-28,0305,Aqua,MODIS,55,6.2,303.6,112.6,D,0
-29.6129,152.2491,328.7,3.4,1.7,2014-10-28,0305,Aqua,MODIS,31,6.2,304.2,110.1,D,0
-29.6013,152.2739,355.1,3.3,1.7,2014-10-28,0305,Aqua,MODIS,97,6.2,306.9,388.7,D,0
-29.6144,152.3097,348.7,3.3,1.7,2014-10-28,0305,Aqua,MODIS,94,6.2,299.9,296,D,0
-29.5987,152.3094,323.5,3.3,1.7,2014-10-28,0305,Aqua,MODIS,61,6.2,301.2,85.4,D,0
-29.5953,152.2767,342.5,3.3,1.7,2014-10-28,0305,Aqua,MODIS,90,6.2,304.4,232.9,D,0
-29.6108,152.2808,348.6,3.3,1.7,2014-10-28,0305,Aqua,MODIS,94,6.2,305.4,294.5,D,0
-29.6085,152.3147,346.7,3.3,1.7,2014-10-28,0305,Aqua,MODIS,93,6.2,300.3,271.3,D,0
-28.5981,152.2866,331.6,3.2,1.7,2014-10-28,0305,Aqua,MODIS,61,6.2,306.4,111.9,D,0
-28.5564,152.2779,336.3,3.2,1.7,2014-10-28,0305,Aqua,MODIS,85,6.2,305.3,154.4,D,0
-29.2879,152.8535,315.9,3,1.7,2014-10-28,0305,Aqua,MODIS,53,6.2,298.2,41.8,D,0
-28.567,152.2844,330.8,3.2,1.7,2014-10-28,0305,Aqua,MODIS,59,6.2,307.2,105,D,0
-28.549,152.3179,324.2,3.2,1.7,2014-10-28,0305,Aqua,MODIS,50,6.2,302.2,68.4,D,0
-28.5516,152.2818,327.2,3.2,1.7,2014-10-28,0305,Aqua,MODIS,60,6.2,303.9,87.3,D,0
-28.7817,151.4469,325.9,3.7,1.8,2014-10-28,0305,Aqua,MODIS,67,6.2,309.9,79.1,D,0
-31.0717,152.0608,316.1,3.6,1.8,2014-10-28,0305,Aqua,MODIS,32,6.2,302.3,48.6,D,0
-28.5536,152.3134,327.3,3.2,1.7,2014-10-28,0305,Aqua,MODIS,71,6.2,302.4,87.5,D,0
-31.0531,152.0993,334.8,3.6,1.8,2014-10-28,0305,Aqua,MODIS,79,6.2,302.2,176.7,D,0
-31.0556,152.0588,355.3,3.6,1.8,2014-10-28,0305,Aqua,MODIS,98,6.2,307,423.9,D,0
-31.037,152.0978,337.5,3.6,1.8,2014-10-28,0305,Aqua,MODIS,70,6.2,304.3,198.8,D,0
-31.0617,152.0975,328.5,3.6,1.8,2014-10-28,0305,Aqua,MODIS,78,6.2,300.7,130.4,D,0
-31.0645,152.0553,345.2,3.6,1.8,2014-10-28,0305,Aqua,MODIS,93,6.2,304.9,292,D,0
-31.0457,152.0944,339.3,3.6,1.8,2014-10-28,0305,Aqua,MODIS,87,6.2,303.5,219.6,D,0
-31.0484,152.0537,332.2,3.6,1.8,2014-10-28,0305,Aqua,MODIS,67,6.2,306.3,151.8,D,0
-31.0296,152.0923,328.3,3.6,1.8,2014-10-28,0305,Aqua,MODIS,76,6.2,303.8,128.5,D,0
-31.0136,152.0888,319.9,3.6,1.8,2014-10-28,0305,Aqua,MODIS,65,6.2,302.7,76,D,0
-31.0322,152.0529,320.6,3.6,1.8,2014-10-28,0305,Aqua,MODIS,42,6.2,304.7,73.3,D,0
-31.016,152.052,319.9,3.6,1.8,2014-10-28,0305,Aqua,MODIS,67,6.2,304.8,74.4,D,0
-31.6636,151.6708,312.2,3.8,1.8,2014-10-28,0305,Aqua,MODIS,37,6.2,300.9,39,D,0
-29.2869,152.8608,315,3,1.7,2014-10-28,0305,Aqua,MODIS,35,6.2,298.2,35.1,D,0
-25.5522,150.875,327.4,3.8,1.8,2014-10-28,0306,Aqua,MODIS,55,6.2,304.3,61,D,0
-27.3211,152.1542,324.6,3.2,1.7,2014-10-28,0306,Aqua,MODIS,53,6.2,303.8,69.7,D,0
-26.995,152.1304,329.3,3.2,1.7,2014-10-28,0306,Aqua,MODIS,75,6.2,309.9,80.6,D,0
-25.5457,150.8671,326.4,3.8,1.8,2014-10-28,0306,Aqua,MODIS,47,6.2,304.6,52.9,D,0
-25.5687,150.8762,330,3.8,1.8,2014-10-28,0306,Aqua,MODIS,73,6.2,303.8,83.6,D,0
-22.441,148.9563,333.8,4.8,2,2014-10-28,0307,Aqua,MODIS,86,6.2,303.5,167.4,D,0
-22.1847,149.4951,316.6,4.3,1.9,2014-10-28,0307,Aqua,MODIS,50,6.2,298,59.4,D,0
-22.4393,148.9952,361.9,4.7,2,2014-10-28,0307,Aqua,MODIS,100,6.2,305.2,706.6,D,0
-22.4429,148.9486,325.9,4.8,2,2014-10-28,0307,Aqua,MODIS,64,6.2,303.6,67.1,D,0
-24.2707,151.0069,319.5,3.6,1.8,2014-10-28,0307,Aqua,MODIS,45,6.2,301.7,40.6,D,0
-24.2753,151.0353,332.5,3.6,1.8,2014-10-28,0307,Aqua,MODIS,85,6.2,300.6,125.6,D,0
-24.2593,151.0336,324,3.6,1.8,2014-10-28,0307,Aqua,MODIS,77,6.2,302.1,62.3,D,0
-22.4376,149.003,359.7,4.7,2,2014-10-28,0307,Aqua,MODIS,99,6.2,305.2,648.6,D,0
-24.2679,151.042,343.1,3.6,1.8,2014-10-28,0307,Aqua,MODIS,90,6.2,301.7,235.2,D,0
-23.9336,150.7348,324.1,3.7,1.8,2014-10-28,0307,Aqua,MODIS,36,6.2,302.5,72,D,0
-23.9425,150.73,328.2,3.7,1.8,2014-10-28,0307,Aqua,MODIS,66,6.2,301.3,98.1,D,0
-32.41,135.7201,359.6,1.1,1.1,2014-10-28,0443,Aqua,MODIS,99,6.2,313,81.4,D,0
-32.4115,135.7083,361.8,1.1,1.1,2014-10-28,0443,Aqua,MODIS,100,6.2,317.2,87.7,D,0
-32.4049,135.6823,333.4,1.1,1.1,2014-10-28,0443,Aqua,MODIS,73,6.2,314.2,18.4,D,0
-32.4004,135.7185,387.1,1.1,1.1,2014-10-28,0443,Aqua,MODIS,100,6.2,315,199.7,D,0
-32.4019,135.7065,370.1,1.1,1.1,2014-10-28,0443,Aqua,MODIS,100,6.2,317.5,117.9,D,0
-32.4034,135.6944,330.4,1.1,1.1,2014-10-28,0443,Aqua,MODIS,61,6.2,314.4,13.6,D,0
-31.3289,147.7019,319.2,3,1.7,2014-10-28,0443,Aqua,MODIS,40,6.2,304.8,37.4,D,0
-29.8096,133.2646,335.6,1.4,1.2,2014-10-28,0444,Aqua,MODIS,71,6.2,322.4,18.9,D,0
-29.9603,133.8255,340.9,1.3,1.1,2014-10-28,0444,Aqua,MODIS,81,6.2,322.6,29,D,0
-26.6611,147.1279,330,3.6,1.8,2014-10-28,0444,Aqua,MODIS,63,6.2,313,72,D,0
-26.6547,147.1214,328.7,3.6,1.8,2014-10-28,0444,Aqua,MODIS,58,6.2,312.9,62.9,D,0
-28.2997,129.141,327.6,2.5,1.5,2014-10-28,0444,Aqua,MODIS,48,6.2,315,29.3,D,0
-28.039,130.2577,331.5,2.1,1.4,2014-10-28,0444,Aqua,MODIS,63,6.2,317,27.4,D,0
-28.041,130.2363,343.5,2.1,1.4,2014-10-28,0444,Aqua,MODIS,86,6.2,318,82.6,D,0
-28.0651,129.9762,331.9,2.2,1.4,2014-10-28,0444,Aqua,MODIS,52,6.2,313.9,37,D,0
-27.4452,130.7804,330.9,1.9,1.3,2014-10-28,0444,Aqua,MODIS,56,6.2,317.7,19.6,D,0
-28.061,130.0204,347.8,2.2,1.4,2014-10-28,0444,Aqua,MODIS,91,6.2,317,114.1,D,0
-28.063,129.9985,331.5,2.2,1.4,2014-10-28,0444,Aqua,MODIS,40,6.2,315.9,33.5,D,0
-28.8693,127.2252,332.9,3.4,1.7,2014-10-28,0444,Aqua,MODIS,41,6.2,315.6,79.8,D,0
-28.867,127.2607,336.6,3.4,1.7,2014-10-28,0444,Aqua,MODIS,74,6.2,315.1,110.7,D,0
-28.8731,127.2543,333.1,3.4,1.7,2014-10-28,0444,Aqua,MODIS,73,6.2,315,88.2,D,0
-28.8572,127.2529,332.3,3.4,1.7,2014-10-28,0444,Aqua,MODIS,61,6.2,314.4,89.1,D,0
-29.3897,128.3372,328.7,2.9,1.6,2014-10-28,0444,Aqua,MODIS,54,6.2,313.7,43.7,D,0
-26.9155,127.0564,333.8,3.4,1.7,2014-10-28,0445,Aqua,MODIS,63,6.2,305.4,114.8,D,0
-27.2465,127.0045,332.9,3.4,1.7,2014-10-28,0445,Aqua,MODIS,54,6.2,314.7,92.5,D,0
-27.2492,126.9694,335.3,3.4,1.7,2014-10-28,0445,Aqua,MODIS,67,6.2,309.9,118.8,D,0
-26.9102,127.0632,347.4,3.4,1.7,2014-10-28,0445,Aqua,MODIS,90,6.2,307.2,250.2,D,0
-26.8945,127.1227,333.4,3.3,1.7,2014-10-28,0445,Aqua,MODIS,53,6.2,311.8,92.4,D,0
-27.3315,128.3793,330.8,2.8,1.6,2014-10-28,0445,Aqua,MODIS,66,6.2,314.4,46.2,D,0
-27.5127,128.931,344.3,2.5,1.5,2014-10-28,0445,Aqua,MODIS,79,6.2,314.2,114.2,D,0
-27.5207,128.9249,342.4,2.5,1.5,2014-10-28,0445,Aqua,MODIS,54,6.2,313.7,100.7,D,0
-27.3677,128.2978,330.1,2.8,1.6,2014-10-28,0445,Aqua,MODIS,22,6.2,314.4,43.3,D,0
-27.5521,128.9613,345.1,2.5,1.5,2014-10-28,0445,Aqua,MODIS,71,6.2,312.6,111.1,D,0
-27.5498,128.9869,349.9,2.5,1.5,2014-10-28,0445,Aqua,MODIS,92,6.2,316.7,143.5,D,0
-27.3577,128.2748,337,2.8,1.6,2014-10-28,0445,Aqua,MODIS,74,6.2,312.1,88.4,D,0
-26.9078,127.0972,365.5,3.4,1.7,2014-10-28,0445,Aqua,MODIS,100,6.2,306.8,503.2,D,0
-26.9129,127.0903,358.1,3.4,1.7,2014-10-28,0445,Aqua,MODIS,98,6.2,302.9,381.4,D,0
-27.3532,128.2962,330.4,2.8,1.6,2014-10-28,0445,Aqua,MODIS,56,6.2,312.5,47.2,D,0
-27.3556,128.2677,328.3,2.8,1.6,2014-10-28,0445,Aqua,MODIS,35,6.2,311.3,37.7,D,0
-27.1989,127.0005,330,3.4,1.7,2014-10-28,0445,Aqua,MODIS,31,6.2,312.9,60.8,D,0
-27.5222,128.9839,336.7,2.5,1.5,2014-10-28,0445,Aqua,MODIS,43,6.2,317.1,55.1,D,0
-26.8972,127.0887,346.2,3.4,1.7,2014-10-28,0445,Aqua,MODIS,89,6.2,311.6,223.3,D,0
-21.8386,146.6343,335.5,4.3,1.9,2014-10-28,0445,Aqua,MODIS,72,6.2,308,148.5,D,0
-21.8643,146.5976,331.9,4.3,1.9,2014-10-28,0445,Aqua,MODIS,69,6.2,309.9,97.7,D,0
-21.8556,146.6386,346.6,4.3,1.9,2014-10-28,0445,Aqua,MODIS,90,6.2,307,306,D,0
-21.8497,146.6028,342.8,4.3,1.9,2014-10-28,0445,Aqua,MODIS,86,6.2,310.3,237.3,D,0
-21.8406,146.6438,339.9,4.3,1.9,2014-10-28,0445,Aqua,MODIS,80,6.2,306.8,207.6,D,0
-20.723,125.4866,331.8,3.7,1.8,2014-10-28,0446,Aqua,MODIS,56,6.2,314.2,67.5,D,0
-20.7132,125.4899,330.5,3.7,1.8,2014-10-28,0446,Aqua,MODIS,45,6.2,313.3,54.5,D,0
-20.7525,125.6006,333.8,3.6,1.8,2014-10-28,0446,Aqua,MODIS,49,6.2,317.1,66.2,D,0
-23.7617,124.7591,327.9,4.5,2,2014-10-28,0446,Aqua,MODIS,28,6.2,306.7,52.4,D,0
-20.7719,125.5671,340,3.7,1.8,2014-10-28,0446,Aqua,MODIS,81,6.2,315.8,118,D,0
-23.7627,124.7554,328.4,4.5,2,2014-10-28,0446,Aqua,MODIS,42,6.2,306.5,57.8,D,0
-20.8064,125.8223,342,3.5,1.8,2014-10-28,0446,Aqua,MODIS,80,6.2,317.2,133.5,D,0
-20.8148,125.8277,335.2,3.5,1.8,2014-10-28,0446,Aqua,MODIS,44,6.2,317.6,58.8,D,0
-20.9136,125.8034,341.5,3.5,1.8,2014-10-28,0446,Aqua,MODIS,64,6.2,315.4,143.2,D,0
-20.9097,125.7748,340.1,3.6,1.8,2014-10-28,0446,Aqua,MODIS,69,6.2,314.7,140.5,D,0
-20.9068,125.8094,337.9,3.5,1.8,2014-10-28,0446,Aqua,MODIS,59,6.2,317.6,115.3,D,0
-23.8036,124.6716,332.1,4.6,2,2014-10-28,0446,Aqua,MODIS,43,6.2,305.7,119.7,D,0
-23.8483,125.0317,334.2,4.3,1.9,2014-10-28,0446,Aqua,MODIS,63,6.2,313.1,109,D,0
-20.7687,125.6021,339.4,3.6,1.8,2014-10-28,0446,Aqua,MODIS,80,6.2,314.9,108.7,D,0
-20.7635,125.5739,341.5,3.7,1.8,2014-10-28,0446,Aqua,MODIS,78,6.2,316.8,127.5,D,0
-21.8443,125.8133,344.7,3.6,1.8,2014-10-28,0446,Aqua,MODIS,0,6.2,294.4,237,D,0
-21.8525,125.8217,381.8,3.6,1.8,2014-10-28,0446,Aqua,MODIS,0,6.2,299.9,948.7,D,0
-22.3223,124.2097,344.6,4.8,2,2014-10-28,0446,Aqua,MODIS,76,6.2,303.4,329.8,D,0
-22.3442,124.1641,367.7,4.8,2,2014-10-28,0446,Aqua,MODIS,100,6.2,305,891,D,0
-22.3203,124.2174,342.2,4.8,2,2014-10-28,0446,Aqua,MODIS,62,6.2,301.8,291.3,D,0
-22.3601,124.1731,355.9,4.8,2,2014-10-28,0446,Aqua,MODIS,94,6.2,304.2,575.1,D,0
-24.1115,126.2195,353.5,3.6,1.8,2014-10-28,0446,Aqua,MODIS,96,6.2,311.6,328.7,D,0
-24.1038,126.2257,373.1,3.6,1.8,2014-10-28,0446,Aqua,MODIS,100,6.2,314.3,693.4,D,0
-24.1199,126.2273,336,3.6,1.8,2014-10-28,0446,Aqua,MODIS,69,6.2,305.7,123.9,D,0
-21.784,126.0589,354.4,3.5,1.8,2014-10-28,0446,Aqua,MODIS,95,6.2,312.3,327.6,D,0
-21.7902,126.052,336.8,3.5,1.8,2014-10-28,0446,Aqua,MODIS,31,6.2,309.9,104,D,0
-21.3395,125.2509,351,3.9,1.8,2014-10-28,0446,Aqua,MODIS,86,6.2,307.3,340.4,D,0
-23.7839,124.7118,384.8,4.6,2,2014-10-28,0446,Aqua,MODIS,100,6.2,313.2,1382.7,D,0
-23.8017,124.7132,340.7,4.6,2,2014-10-28,0446,Aqua,MODIS,82,6.2,307.6,227.3,D,0
-23.7826,124.7155,383.4,4.6,2,2014-10-28,0446,Aqua,MODIS,100,6.2,313.2,1325.8,D,0
-23.8004,124.717,338.1,4.6,2,2014-10-28,0446,Aqua,MODIS,81,6.2,307.7,192.2,D,0
-21.7713,126.0841,348,3.4,1.7,2014-10-28,0446,Aqua,MODIS,90,6.2,314.3,208.8,D,0
-21.7743,126.0505,355.3,3.5,1.8,2014-10-28,0446,Aqua,MODIS,96,6.2,315.8,315.1,D,0
-21.3724,125.9864,331.8,3.5,1.8,2014-10-28,0446,Aqua,MODIS,57,6.2,313.5,44.7,D,0
-21.2538,124.8465,354.7,4.2,1.9,2014-10-28,0446,Aqua,MODIS,96,6.2,304,452.3,D,0
-24.0954,126.2178,364.7,3.6,1.8,2014-10-28,0446,Aqua,MODIS,100,6.2,314.8,515.4,D,0
-21.2517,124.8422,353.5,4.2,1.9,2014-10-28,0446,Aqua,MODIS,95,6.2,304,438.7,D,0
-21.8411,125.8483,347.8,3.6,1.8,2014-10-28,0446,Aqua,MODIS,68,6.2,301.7,268.9,D,0
-21.8363,125.8202,342.7,3.6,1.8,2014-10-28,0446,Aqua,MODIS,0,6.2,292.7,209.4,D,0
-21.8604,125.8149,359.9,3.6,1.8,2014-10-28,0446,Aqua,MODIS,71,6.2,294.3,464.5,D,0
-21.8572,125.8499,340.1,3.6,1.8,2014-10-28,0446,Aqua,MODIS,77,6.2,276.4,179.5,D,0
-21.7235,141.2469,339.2,1.8,1.3,2014-10-28,0446,Aqua,MODIS,54,6.2,306.7,55.3,D,0
-18.1584,145.3925,329.9,4.3,1.9,2014-10-28,0446,Aqua,MODIS,66,6.2,304.6,142.6,D,0
-21.7438,141.2688,357.1,1.8,1.3,2014-10-28,0446,Aqua,MODIS,98,6.2,316.3,133.4,D,0
-17.8784,144.5985,330.7,3.8,1.8,2014-10-28,0446,Aqua,MODIS,65,6.2,312.8,80.7,D,0
-21.7321,141.2663,401.3,1.8,1.3,2014-10-28,0446,Aqua,MODIS,100,6.2,318.6,567.2,D,0
-18.1575,145.3872,327.7,4.3,1.9,2014-10-28,0446,Aqua,MODIS,58,6.2,304.6,119.4,D,0
-21.7469,141.2518,357.5,1.8,1.3,2014-10-28,0446,Aqua,MODIS,98,6.2,315.9,135.8,D,0
-21.7352,141.2493,395.3,1.8,1.3,2014-10-28,0446,Aqua,MODIS,100,6.2,321.2,483.1,D,0
-21.73,141.2425,350.1,1.8,1.3,2014-10-28,0446,Aqua,MODIS,92,6.2,312.8,101.2,D,0
-21.727,141.2596,375.5,1.8,1.3,2014-10-28,0446,Aqua,MODIS,100,6.2,315.4,276.5,D,0
-17.8711,144.5893,335,3.8,1.8,2014-10-28,0446,Aqua,MODIS,76,6.2,314.1,113.2,D,0
-15.4134,142.4198,331,2.9,1.6,2014-10-28,0447,Aqua,MODIS,52,6.2,312.4,55.4,D,0
-15.1129,142.7219,326.1,3.1,1.7,2014-10-28,0447,Aqua,MODIS,46,6.2,312.2,37.1,D,0
-15.4077,142.4518,332.3,2.9,1.6,2014-10-28,0447,Aqua,MODIS,64,6.2,312.2,62.5,D,0
-15.4182,142.393,332.5,2.9,1.6,2014-10-28,0447,Aqua,MODIS,54,6.2,313.5,62.7,D,0
-15.3987,142.5012,327.5,3,1.6,2014-10-28,0447,Aqua,MODIS,18,6.2,312.5,37.3,D,0
-15.4127,142.4249,329.6,2.9,1.6,2014-10-28,0447,Aqua,MODIS,41,6.2,312.2,46.2,D,0
-15.4177,142.3981,335.4,2.9,1.6,2014-10-28,0447,Aqua,MODIS,81,6.2,313.5,83,D,0
-15.3598,142.4652,332,3,1.6,2014-10-28,0447,Aqua,MODIS,76,6.2,312.8,56.9,D,0
-15.4856,142.3563,332.3,2.9,1.6,2014-10-28,0447,Aqua,MODIS,74,6.2,311.7,59.8,D,0
-15.4277,142.2576,326,2.8,1.6,2014-10-28,0447,Aqua,MODIS,43,6.2,310.4,34.3,D,0
-16.4599,142.65,337,2.9,1.6,2014-10-28,0447,Aqua,MODIS,75,6.2,314.7,73.7,D,0
-16.4595,142.655,335.8,2.9,1.6,2014-10-28,0447,Aqua,MODIS,66,6.2,314.6,65.6,D,0
-15.4282,142.263,325.5,2.8,1.6,2014-10-28,0447,Aqua,MODIS,21,6.2,310.9,26.8,D,0
-16.4792,142.6262,332.5,2.9,1.6,2014-10-28,0447,Aqua,MODIS,41,6.2,315.2,43.9,D,0
-15.3974,142.5061,327.5,3,1.6,2014-10-28,0447,Aqua,MODIS,41,6.2,312.8,39.3,D,0
-15.1957,143.018,326.9,3.3,1.7,2014-10-28,0447,Aqua,MODIS,48,6.2,311.7,36,D,0
-15.1141,142.7148,326.6,3.1,1.7,2014-10-28,0447,Aqua,MODIS,45,6.2,312.4,34.5,D,0
-19.2223,131.8868,342.6,1.2,1.1,2014-10-28,0447,Aqua,MODIS,67,6.2,318.2,22.5,D,0
-19.4101,131.7678,349.4,1.3,1.1,2014-10-28,0447,Aqua,MODIS,91,6.2,323.3,40.3,D,0
-19.1648,131.7754,348.2,1.3,1.1,2014-10-28,0447,Aqua,MODIS,90,6.2,323.9,39.7,D,0
-19.1548,131.774,348.8,1.3,1.1,2014-10-28,0447,Aqua,MODIS,91,6.2,321,40.9,D,0
-19.4086,131.7798,357.8,1.3,1.1,2014-10-28,0447,Aqua,MODIS,98,6.2,322.2,66.4,D,0
-20.1178,123.8301,344.6,4.8,2,2014-10-28,0447,Aqua,MODIS,86,6.2,302.1,326.1,D,0
-20.096,123.8744,358,4.8,2,2014-10-28,0447,Aqua,MODIS,98,6.2,306.8,597,D,0
-18.6969,130.3108,337.8,1.5,1.2,2014-10-28,0447,Aqua,MODIS,29,6.2,318.3,23.9,D,0
-19.4141,131.8173,340.9,1.3,1.1,2014-10-28,0447,Aqua,MODIS,58,6.2,321,21.9,D,0
-19.4126,131.8293,344.6,1.3,1.1,2014-10-28,0447,Aqua,MODIS,72,6.2,317.7,33.6,D,0
-19.1926,131.1323,358.4,1.4,1.2,2014-10-28,0447,Aqua,MODIS,98,6.2,321.9,85.2,D,0
-20.0996,123.8282,364.1,4.8,2,2014-10-28,0447,Aqua,MODIS,100,6.2,306.2,771.1,D,0
-20.0779,123.8727,345.5,4.8,2,2014-10-28,0447,Aqua,MODIS,87,6.2,300.5,320.7,D,0
-18.1182,130.6517,348.1,1.4,1.2,2014-10-28,0447,Aqua,MODIS,90,6.2,323.4,45.4,D,0
-18.1198,130.6382,355.1,1.4,1.2,2014-10-28,0447,Aqua,MODIS,96,6.2,324.9,72.9,D,0
-19.186,131.1392,345.9,1.4,1.2,2014-10-28,0447,Aqua,MODIS,88,6.2,320.6,41.4,D,0
-19.4324,131.6721,341.2,1.3,1.1,2014-10-28,0447,Aqua,MODIS,82,6.2,314.3,31.6,D,0
-19.3093,131.673,338.3,1.3,1.1,2014-10-28,0447,Aqua,MODIS,45,6.2,319.9,17.3,D,0
-19.2153,131.8618,383.2,1.2,1.1,2014-10-28,0447,Aqua,MODIS,100,6.2,324.1,187,D,0
-20.0815,123.8263,330.9,4.8,2,2014-10-28,0447,Aqua,MODIS,44,6.2,302.1,97.5,D,0
-20.1208,123.8271,347.2,4.8,2,2014-10-28,0447,Aqua,MODIS,89,6.2,301.6,374.1,D,0
-19.2931,131.6528,341.7,1.3,1.1,2014-10-28,0447,Aqua,MODIS,44,6.2,318.3,26.5,D,0
-19.2138,131.8736,353.6,1.2,1.1,2014-10-28,0447,Aqua,MODIS,95,6.2,319.7,51,D,0
-20.585,125.2831,354.5,3.8,1.8,2014-10-28,0447,Aqua,MODIS,96,6.2,312,341.5,D,0
-20.0987,123.8713,356.9,4.8,2,2014-10-28,0447,Aqua,MODIS,97,6.2,307.2,566.4,D,0
-17.193,124.6778,328.2,3.8,1.8,2014-10-28,0447,Aqua,MODIS,51,6.2,302.8,77,D,0
-20.1026,123.8252,360.7,4.8,2,2014-10-28,0447,Aqua,MODIS,100,6.2,305.8,677.3,D,0
-20.0806,123.8697,342.6,4.8,2,2014-10-28,0447,Aqua,MODIS,84,6.2,300,260.5,D,0
-20.0845,123.8234,333.3,4.8,2,2014-10-28,0447,Aqua,MODIS,65,6.2,301.8,123.3,D,0
-20.0625,123.8681,346.3,4.8,2,2014-10-28,0447,Aqua,MODIS,88,6.2,307.8,332.1,D,0
-20.0644,123.8598,342,4.8,2,2014-10-28,0447,Aqua,MODIS,83,6.2,306.9,251.6,D,0
-18.7371,130.2566,345.6,1.6,1.2,2014-10-28,0447,Aqua,MODIS,87,6.2,320.8,46.6,D,0
-18.739,130.2471,345.3,1.6,1.2,2014-10-28,0447,Aqua,MODIS,87,6.2,319.5,47.8,D,0
-18.7372,130.2619,338.7,1.6,1.2,2014-10-28,0447,Aqua,MODIS,49,6.2,320.9,23.1,D,0
-20.5717,125.2444,344.4,3.8,1.8,2014-10-28,0447,Aqua,MODIS,86,6.2,315.1,186.3,D,0
-20.5883,125.2461,339.2,3.8,1.8,2014-10-28,0447,Aqua,MODIS,76,6.2,312.9,131.1,D,0
-20.5684,125.2816,376.9,3.8,1.8,2014-10-28,0447,Aqua,MODIS,100,6.2,315.1,809.8,D,0
-20.563,125.2766,347.7,3.8,1.8,2014-10-28,0447,Aqua,MODIS,89,6.2,314.1,224.8,D,0
-19.0285,130.7658,357.8,1.4,1.2,2014-10-28,0447,Aqua,MODIS,98,6.2,323.1,91.8,D,0
-19.0268,130.7794,340.1,1.4,1.2,2014-10-28,0447,Aqua,MODIS,80,6.2,320.8,26.9,D,0
-19.0409,130.7535,376.8,1.4,1.2,2014-10-28,0447,Aqua,MODIS,100,6.2,320.1,195.5,D,0
-19.0392,130.7673,386,1.4,1.2,2014-10-28,0447,Aqua,MODIS,100,6.2,322.1,261.4,D,0
-19.3598,131.0408,338.3,1.4,1.2,2014-10-28,0447,Aqua,MODIS,75,6.2,315.5,28.8,D,0
-19.2323,131.8882,363.4,1.2,1.1,2014-10-28,0447,Aqua,MODIS,100,6.2,320.2,91.5,D,0
-19.0437,130.7594,337.8,1.4,1.2,2014-10-28,0447,Aqua,MODIS,74,6.2,319.7,22.2,D,0
-20.6502,123.9092,334.7,4.8,2,2014-10-28,0447,Aqua,MODIS,60,6.2,307.6,129.3,D,0
-20.6471,123.9125,336.3,4.8,2,2014-10-28,0447,Aqua,MODIS,68,6.2,308.4,151.5,D,0
-19.2053,131.8604,410.5,1.2,1.1,2014-10-28,0447,Aqua,MODIS,100,6.2,325.8,402.9,D,0
-19.2068,131.8485,367,1.2,1.1,2014-10-28,0447,Aqua,MODIS,100,6.2,319.3,107.4,D,0
-19.2523,131.8911,347.5,1.2,1.1,2014-10-28,0447,Aqua,MODIS,89,6.2,319.6,39,D,0
-19.327,131.8589,346,1.3,1.1,2014-10-28,0447,Aqua,MODIS,76,6.2,319.7,32.7,D,0
-18.4403,132.8199,341.7,1.1,1,2014-10-28,0447,Aqua,MODIS,74,6.2,320.7,19.9,D,0
-18.2499,132.8008,341.3,1.1,1,2014-10-28,0447,Aqua,MODIS,58,6.2,320.8,20.1,D,0
-18.2405,132.7994,337.5,1.1,1,2014-10-28,0447,Aqua,MODIS,51,6.2,319.2,13.3,D,0
-18.4622,132.7273,338.9,1.1,1.1,2014-10-28,0447,Aqua,MODIS,44,6.2,321,13.7,D,0
-18.4297,132.7545,350.7,1.1,1,2014-10-28,0447,Aqua,MODIS,92,6.2,320.8,39.8,D,0
-18.3855,132.7637,358.5,1.1,1,2014-10-28,0447,Aqua,MODIS,98,6.2,320.1,62.5,D,0
-19.3985,131.7784,362.5,1.3,1.1,2014-10-28,0447,Aqua,MODIS,100,6.2,319.1,88.1,D,0
-18.7052,131.4719,341.4,1.3,1.1,2014-10-28,0447,Aqua,MODIS,52,6.2,324.3,21.3,D,0
-18.695,131.4704,363.4,1.3,1.1,2014-10-28,0447,Aqua,MODIS,100,6.2,323.7,94.4,D,0
-18.3949,132.7651,348.8,1.1,1,2014-10-28,0447,Aqua,MODIS,89,6.2,321.4,35.5,D,0
-19.4,131.7664,398.9,1.3,1.1,2014-10-28,0447,Aqua,MODIS,100,6.2,326.3,307.8,D,0
-19.4015,131.7543,400.1,1.3,1.1,2014-10-28,0447,Aqua,MODIS,100,6.2,331.5,320.4,D,0
-18.4044,132.7665,342.8,1.1,1,2014-10-28,0447,Aqua,MODIS,50,6.2,320.8,20.5,D,0
-18.7378,130.9801,346.1,1.4,1.2,2014-10-28,0447,Aqua,MODIS,88,6.2,321.6,41.2,D,0
-19.403,131.7422,370.3,1.3,1.1,2014-10-28,0447,Aqua,MODIS,100,6.2,320.7,129.5,D,0
-19.3899,131.765,351.3,1.3,1.1,2014-10-28,0447,Aqua,MODIS,93,6.2,314.6,54.5,D,0
-19.3914,131.7529,441.2,1.3,1.1,2014-10-28,0447,Aqua,MODIS,100,6.2,327.1,823.9,D,0
-18.4002,132.7977,343.4,1.1,1,2014-10-28,0447,Aqua,MODIS,81,6.2,321.1,19.9,D,0
-18.6782,131.4491,350,1.3,1.1,2014-10-28,0447,Aqua,MODIS,90,6.2,323.9,47.9,D,0
-18.6798,131.4368,359.8,1.3,1.1,2014-10-28,0447,Aqua,MODIS,99,6.2,326,80.9,D,0
-14.8525,141.7081,336.7,2.7,1.6,2014-10-28,0447,Aqua,MODIS,83,6.2,309.8,78.7,D,0
-19.3929,131.7408,410,1.3,1.1,2014-10-28,0447,Aqua,MODIS,100,6.2,320,420.4,D,0
-19.326,131.7859,341.1,1.3,1.1,2014-10-28,0447,Aqua,MODIS,66,6.2,321.5,18.2,D,0
-18.4417,132.8095,337.8,1.1,1,2014-10-28,0447,Aqua,MODIS,36,6.2,323.1,12.4,D,0
-18.4082,132.8095,345.4,1.1,1,2014-10-28,0447,Aqua,MODIS,87,6.2,322.9,28.1,D,0
-19.3963,131.6297,337.9,1.3,1.1,2014-10-28,0447,Aqua,MODIS,41,6.2,313.7,25.1,D,0
-19.3978,131.6174,369,1.3,1.1,2014-10-28,0447,Aqua,MODIS,100,6.2,315.2,135.5,D,0
-19.3982,131.6232,342.1,1.3,1.1,2014-10-28,0447,Aqua,MODIS,83,6.2,313.7,39,D,0
-18.668,131.4476,338.2,1.3,1.1,2014-10-28,0447,Aqua,MODIS,50,6.2,320.3,18.2,D,0
-19.388,131.6218,369.3,1.3,1.1,2014-10-28,0447,Aqua,MODIS,100,6.2,315,133.5,D,0
-19.3896,131.6095,354.9,1.3,1.1,2014-10-28,0447,Aqua,MODIS,96,6.2,311.9,78,D,0
-18.6696,131.4353,351.5,1.3,1.1,2014-10-28,0447,Aqua,MODIS,93,6.2,321,54.2,D,0
-16.079,135.4945,369.8,1,1,2014-10-28,0447,Aqua,MODIS,100,6.2,319,94.9,D,0
-16.0775,135.5042,346.9,1,1,2014-10-28,0447,Aqua,MODIS,89,6.2,317.6,31.7,D,0
-19.2907,131.5902,344.9,1.3,1.1,2014-10-28,0447,Aqua,MODIS,33,6.2,313.5,38.8,D,0
-16.0867,135.5056,339.1,1,1,2014-10-28,0447,Aqua,MODIS,78,6.2,311.7,17,D,0
-19.2806,131.5888,469.2,1.3,1.1,2014-10-28,0447,Aqua,MODIS,100,6.2,343.5,1417,D,0
-19.2673,131.6119,353.5,1.3,1.1,2014-10-28,0447,Aqua,MODIS,95,6.2,316.3,64.6,D,0
-19.4298,131.6093,334.3,1.3,1.1,2014-10-28,0447,Aqua,MODIS,58,6.2,312.7,21.1,D,0
-19.4181,131.6202,336.6,1.3,1.1,2014-10-28,0447,Aqua,MODIS,46,6.2,312.5,24.3,D,0
-19.2821,131.5765,373.2,1.3,1.1,2014-10-28,0447,Aqua,MODIS,100,6.2,317,157.7,D,0
-18.4261,132.7484,339.3,1.1,1,2014-10-28,0447,Aqua,MODIS,79,6.2,320.2,17.7,D,0
-19.2688,131.5997,390.4,1.3,1.1,2014-10-28,0447,Aqua,MODIS,100,6.2,320.6,257.2,D,0
-19.2704,131.5874,436.3,1.3,1.1,2014-10-28,0447,Aqua,MODIS,100,6.2,330.7,770.3,D,0
-19.279,131.6011,384.9,1.3,1.1,2014-10-28,0447,Aqua,MODIS,100,6.2,323.3,215.1,D,0
-18.4246,132.7589,340.6,1.1,1,2014-10-28,0447,Aqua,MODIS,75,6.2,319.3,18.9,D,0
-19.2775,131.6133,366.3,1.3,1.1,2014-10-28,0447,Aqua,MODIS,100,6.2,321.7,110.9,D,0
-19.2759,131.6255,345.5,1.3,1.1,2014-10-28,0447,Aqua,MODIS,53,6.2,315.7,37.1,D,0
-19.2651,131.7108,375.6,1.3,1.1,2014-10-28,0447,Aqua,MODIS,100,6.2,321.4,154.3,D,0
-19.2636,131.7229,369.9,1.3,1.1,2014-10-28,0447,Aqua,MODIS,100,6.2,321.2,123.2,D,0
-18.8795,132.1826,339.6,1.2,1.1,2014-10-28,0447,Aqua,MODIS,52,6.2,321.9,15.1,D,0
-19.2721,131.7363,342.7,1.3,1.1,2014-10-28,0447,Aqua,MODIS,84,6.2,322.1,25.4,D,0
-18.2593,132.8022,339,1.1,1,2014-10-28,0447,Aqua,MODIS,47,6.2,320.3,15.9,D,0
-19.2423,131.8897,351.4,1.2,1.1,2014-10-28,0447,Aqua,MODIS,93,6.2,319.9,49.1,D,0
-20,127.9957,348.3,2.4,1.5,2014-10-28,0447,Aqua,MODIS,80,6.2,316.6,122.4,D,0
-14.6794,144.5927,327.2,4.4,1.9,2014-10-28,0447,Aqua,MODIS,67,6.2,299.8,143.7,D,0
-16.0647,133.6228,345.1,1,1,2014-10-28,0447,Aqua,MODIS,83,6.2,316.7,28.1,D,0
-16.0571,136.9819,331.1,1.2,1.1,2014-10-28,0447,Aqua,MODIS,33,6.2,313.2,11.2,D,0
-16.9906,130.8094,344,1.4,1.2,2014-10-28,0447,Aqua,MODIS,86,6.2,317.6,41.1,D,0
-16.9802,130.808,345.8,1.4,1.2,2014-10-28,0447,Aqua,MODIS,88,6.2,320,44,D,0
-16.8034,130.7592,343.1,1.4,1.2,2014-10-28,0447,Aqua,MODIS,85,6.2,319.1,34.6,D,0
-16.9698,130.8067,341.5,1.4,1.2,2014-10-28,0447,Aqua,MODIS,58,6.2,320.5,30.7,D,0
-16.9594,130.8052,338.6,1.4,1.2,2014-10-28,0447,Aqua,MODIS,59,6.2,319.2,24.2,D,0
-16.9682,130.8193,342.4,1.3,1.2,2014-10-28,0447,Aqua,MODIS,75,6.2,317.4,34.3,D,0
-16.752,142.7347,335.2,2.9,1.6,2014-10-28,0447,Aqua,MODIS,73,6.2,311.5,62.7,D,0
-14.679,144.5982,328.3,4.4,1.9,2014-10-28,0447,Aqua,MODIS,69,6.2,299.9,155.9,D,0
-16.0209,133.6065,334.7,1,1,2014-10-28,0447,Aqua,MODIS,50,6.2,315.8,11.1,D,0
-16.7469,142.7616,351.4,2.9,1.6,2014-10-28,0447,Aqua,MODIS,94,6.2,314.5,204.6,D,0
-16.0416,133.5904,386,1,1,2014-10-28,0447,Aqua,MODIS,100,6.2,322.2,158.7,D,0
-16.0403,133.5999,344.6,1,1,2014-10-28,0447,Aqua,MODIS,86,6.2,318.3,26.4,D,0
-16.0506,133.5918,337.6,1,1,2014-10-28,0447,Aqua,MODIS,73,6.2,316.6,18.5,D,0
-16.0429,133.581,335.9,1,1,2014-10-28,0447,Aqua,MODIS,72,6.2,314.2,16,D,0
-16.0352,134.2816,345.9,1,1,2014-10-28,0447,Aqua,MODIS,85,6.2,320.5,27.8,D,0
-16.7324,142.7587,351,2.9,1.6,2014-10-28,0447,Aqua,MODIS,94,6.2,315,200.2,D,0
-16.7455,142.7539,357.8,2.9,1.6,2014-10-28,0447,Aqua,MODIS,98,6.2,314.4,275.3,D,0
-16.7375,142.7318,345.2,2.9,1.6,2014-10-28,0447,Aqua,MODIS,89,6.2,310,142.2,D,0
-16.731,142.7509,357.1,2.9,1.6,2014-10-28,0447,Aqua,MODIS,98,6.2,314.6,267.8,D,0
-16.286,131.2244,377.6,1.3,1.1,2014-10-28,0447,Aqua,MODIS,100,6.2,316.4,175.3,D,0
-18.8314,126.5117,327.5,2.9,1.6,2014-10-28,0447,Aqua,MODIS,26,6.2,299.2,55.1,D,0
-17.087,142.575,335.2,2.8,1.6,2014-10-28,0447,Aqua,MODIS,78,6.2,313.9,64.4,D,0
-16.2788,134.3129,338.2,1,1,2014-10-28,0447,Aqua,MODIS,32,6.2,318.4,14.1,D,0
-14.8223,144.4307,335.4,4.3,1.9,2014-10-28,0447,Aqua,MODIS,81,6.2,302.7,192.3,D,0
-14.7978,144.466,322.2,4.3,1.9,2014-10-28,0447,Aqua,MODIS,11,6.2,302.5,65.6,D,0
-14.7048,141.6671,327.8,2.7,1.6,2014-10-28,0447,Aqua,MODIS,46,6.2,308.7,29.6,D,0
-16.7179,142.7557,356.9,2.9,1.6,2014-10-28,0447,Aqua,MODIS,98,6.2,313.7,266.6,D,0
-14.8233,144.4362,336.7,4.3,1.9,2014-10-28,0447,Aqua,MODIS,82,6.2,302.7,206.7,D,0
-16.7165,142.748,353,2.9,1.6,2014-10-28,0447,Aqua,MODIS,95,6.2,312.1,216.5,D,0
-16.0774,134.3072,352.4,1,1,2014-10-28,0447,Aqua,MODIS,94,6.2,321.3,38.8,D,0
-12.4387,132.8647,356.2,1,1,2014-10-28,0448,Aqua,MODIS,97,6.2,322.1,55.8,D,0
-14.2408,136.6206,346.2,1.2,1.1,2014-10-28,0448,Aqua,MODIS,89,6.2,313,45.6,D,0
-13.7052,141.6912,341.5,2.8,1.6,2014-10-28,0448,Aqua,MODIS,89,6.2,299.3,160.6,D,0
-13.3717,135.8121,336.4,1.1,1.1,2014-10-28,0448,Aqua,MODIS,55,6.2,316.2,17.6,D,0
-13.0118,136.0989,334.9,1.2,1.1,2014-10-28,0448,Aqua,MODIS,66,6.2,315.7,17.5,D,0
-12.326,133.7243,340.4,1,1,2014-10-28,0448,Aqua,MODIS,52,6.2,320.6,17,D,0
-12.3433,136.4539,339.9,1.2,1.1,2014-10-28,0448,Aqua,MODIS,78,6.2,313.5,30.1,D,0
-13.3922,135.8316,337.2,1.1,1.1,2014-10-28,0448,Aqua,MODIS,53,6.2,315.2,17.9,D,0
-12.981,136.4284,332.7,1.2,1.1,2014-10-28,0448,Aqua,MODIS,31,6.2,313.8,17.7,D,0
-12.9827,136.4172,337.9,1.2,1.1,2014-10-28,0448,Aqua,MODIS,72,6.2,313.7,26.9,D,0
-12.9734,136.3479,351.8,1.2,1.1,2014-10-28,0448,Aqua,MODIS,93,6.2,310.7,63.3,D,0
-12.8156,132.9991,335.6,1,1,2014-10-28,0448,Aqua,MODIS,72,6.2,313.3,16.9,D,0
-12.8169,132.9898,335.6,1,1,2014-10-28,0448,Aqua,MODIS,55,6.2,315.8,15.7,D,0
-12.9507,133.0155,351.5,1,1,2014-10-28,0448,Aqua,MODIS,84,6.2,321.2,41.2,D,0
-12.9508,136.0943,341.4,1.2,1.1,2014-10-28,0448,Aqua,MODIS,82,6.2,319.5,27.8,D,0
-12.7231,136.3794,341.1,1.2,1.1,2014-10-28,0448,Aqua,MODIS,80,6.2,314.6,32.3,D,0
-13.7065,141.6966,334.7,2.8,1.6,2014-10-28,0448,Aqua,MODIS,76,6.2,299,112.6,D,0
-15.3471,134.0121,354.1,1,1,2014-10-28,0448,Aqua,MODIS,95,6.2,320.6,43,D,0
-15.3522,134.2969,338.9,1,1,2014-10-28,0448,Aqua,MODIS,63,6.2,316,16.4,D,0
-15.3509,134.3062,350.2,1,1,2014-10-28,0448,Aqua,MODIS,92,6.2,317.3,36.8,D,0
-14.1442,141.8849,353.9,2.8,1.6,2014-10-28,0448,Aqua,MODIS,97,6.2,307.3,264.8,D,0
-12.4401,133.312,346,1,1,2014-10-28,0448,Aqua,MODIS,74,6.2,317.2,31.3,D,0
-12.5671,132.2108,336.3,1,1,2014-10-28,0448,Aqua,MODIS,74,6.2,314.4,18,D,0
-14.163,141.8618,329.6,2.8,1.6,2014-10-28,0448,Aqua,MODIS,60,6.2,306.5,70.4,D,0
-14.6188,141.7215,339.8,2.7,1.6,2014-10-28,0448,Aqua,MODIS,86,6.2,307.5,115.9,D,0
-13.762,141.9024,321.3,2.9,1.6,2014-10-28,0448,Aqua,MODIS,39,6.2,302,37.1,D,0
-14.6215,141.7271,353.8,2.7,1.6,2014-10-28,0448,Aqua,MODIS,96,6.2,309.1,232.7,D,0
-15.3458,134.0214,342.7,1,1,2014-10-28,0448,Aqua,MODIS,69,6.2,316.5,19.5,D,0
-15.3907,134.0283,340.7,1,1,2014-10-28,0448,Aqua,MODIS,79,6.2,317.3,17.7,D,0
-12.3349,133.7256,337.5,1,1,2014-10-28,0448,Aqua,MODIS,29,6.2,320.4,12.5,D,0
-12.957,133.0353,351.4,1,1,2014-10-28,0448,Aqua,MODIS,87,6.2,321.6,36.8,D,0
-12.9493,133.0247,374.8,1,1,2014-10-28,0448,Aqua,MODIS,100,6.2,328.4,103.1,D,0
-15.3381,134.0107,337.2,1,1,2014-10-28,0448,Aqua,MODIS,37,6.2,317.1,11.3,D,0
-12.719,134.3707,338.6,1,1,2014-10-28,0448,Aqua,MODIS,65,6.2,318.9,16.3,D,0
-12.9557,133.0446,340.5,1,1,2014-10-28,0448,Aqua,MODIS,46,6.2,319,17,D,0
-12.383,136.5239,332.9,1.3,1.1,2014-10-28,0448,Aqua,MODIS,57,6.2,311.6,16.6,D,0
-12.4285,133.329,335.1,1,1,2014-10-28,0448,Aqua,MODIS,23,6.2,313.9,16.2,D,0
-12.7688,134.2832,336.2,1,1,2014-10-28,0448,Aqua,MODIS,72,6.2,320.3,12.2,D,0
-13.3796,135.8239,336.3,1.1,1.1,2014-10-28,0448,Aqua,MODIS,54,6.2,315.4,19.4,D,0
-15.1521,134.4718,341,1,1,2014-10-28,0448,Aqua,MODIS,81,6.2,318.7,19.8,D,0
-15.1608,134.4797,346.2,1,1,2014-10-28,0448,Aqua,MODIS,88,6.2,320.2,27.8,D,0
-12.318,135.6272,331.6,1.1,1.1,2014-10-28,0448,Aqua,MODIS,46,6.2,312.3,10.9,D,0
-12.3149,135.621,334.1,1.1,1.1,2014-10-28,0448,Aqua,MODIS,70,6.2,312.9,18.8,D,0
-12.9467,133.0432,340.9,1,1,2014-10-28,0448,Aqua,MODIS,37,6.2,318.6,13.9,D,0
-12.948,133.034,368.7,1,1,2014-10-28,0448,Aqua,MODIS,100,6.2,325.8,81.7,D,0
-12.9584,133.0261,362.7,1,1,2014-10-28,0448,Aqua,MODIS,100,6.2,322.3,66.9,D,0
-14.2425,136.6096,349.5,1.2,1.1,2014-10-28,0448,Aqua,MODIS,92,6.2,311.5,53,D,0
-14.2523,136.6113,333.5,1.2,1.1,2014-10-28,0448,Aqua,MODIS,53,6.2,308.6,17.9,D,0
-14.2442,136.5987,347.3,1.2,1.1,2014-10-28,0448,Aqua,MODIS,85,6.2,308.8,47.8,D,0
-14.2459,136.5877,346.8,1.2,1.1,2014-10-28,0448,Aqua,MODIS,78,6.2,312.4,47.3,D,0
-15.3561,134.0135,341,1,1,2014-10-28,0448,Aqua,MODIS,69,6.2,322,16.7,D,0
-15.3548,134.0228,364.2,1,1,2014-10-28,0448,Aqua,MODIS,100,6.2,320.7,70.1,D,0
-15.8076,126.1658,336.6,2.8,1.6,2014-10-28,0448,Aqua,MODIS,48,6.2,313.6,83.2,D,0
-15.8105,126.139,336.6,2.9,1.6,2014-10-28,0448,Aqua,MODIS,58,6.2,312.8,87.5,D,0
-12.208,133.9622,347.4,1,1,2014-10-28,0448,Aqua,MODIS,89,6.2,319.1,31.9,D,0
-14.4135,141.7772,333.1,2.7,1.6,2014-10-28,0448,Aqua,MODIS,79,6.2,307.9,80.3,D,0
-14.4114,141.7719,331.8,2.7,1.6,2014-10-28,0448,Aqua,MODIS,75,6.2,306.6,74.2,D,0
-12.2093,133.953,366.9,1,1,2014-10-28,0448,Aqua,MODIS,100,6.2,319.1,82.2,D,0
-15.4532,133.722,357.3,1,1,2014-10-28,0448,Aqua,MODIS,98,6.2,320.3,53.8,D,0
-15.4519,133.7313,369.1,1,1,2014-10-28,0448,Aqua,MODIS,100,6.2,321.4,87.4,D,0
-12.558,132.2095,355.1,1,1,2014-10-28,0448,Aqua,MODIS,96,6.2,316.4,57.5,D,0
-12.5567,132.219,386.3,1,1,2014-10-28,0448,Aqua,MODIS,100,6.2,320.2,171.2,D,0
-15.8045,126.0577,334.3,2.9,1.6,2014-10-28,0448,Aqua,MODIS,47,6.2,306.4,94.1,D,0
-12.4196,133.3276,344,1,1,2014-10-28,0448,Aqua,MODIS,85,6.2,312.6,32.9,D,0
-12.952,133.0063,381,1,1,2014-10-28,0448,Aqua,MODIS,100,6.2,323.2,135.6,D,0
-12.1644,133.95,336.4,1,1,2014-10-28,0448,Aqua,MODIS,61,6.2,318.9,11.8,D,0
-12.9495,132.9587,333.4,1,1,2014-10-28,0448,Aqua,MODIS,66,6.2,308.9,19.7,D,0
-12.9482,132.968,390.5,1,1,2014-10-28,0448,Aqua,MODIS,100,6.2,325,188.5,D,0
-12.9546,132.9878,387.2,1,1,2014-10-28,0448,Aqua,MODIS,100,6.2,320.1,165.5,D,0
-12.9533,132.9971,358.4,1,1,2014-10-28,0448,Aqua,MODIS,98,6.2,316.9,60.1,D,0
-13.4206,135.8362,341,1.1,1.1,2014-10-28,0448,Aqua,MODIS,81,6.2,316.3,27.3,D,0
-12.9942,136.4078,351.5,1.2,1.1,2014-10-28,0448,Aqua,MODIS,93,6.2,310.8,61.1,D,0
-12.4103,132.8699,342.6,1,1,2014-10-28,0448,Aqua,MODIS,56,6.2,320.7,24.6,D,0
-12.4284,132.8726,339.5,1,1,2014-10-28,0448,Aqua,MODIS,62,6.2,320.5,21.4,D,0
-12.4194,132.8712,344.8,1,1,2014-10-28,0448,Aqua,MODIS,66,6.2,320.6,27.8,D,0
-12.4297,132.8633,337,1,1,2014-10-28,0448,Aqua,MODIS,40,6.2,321.4,18.5,D,0
-12.9572,132.9693,404.1,1,1,2014-10-28,0448,Aqua,MODIS,100,6.2,322.4,264.5,D,0
-12.9559,132.9786,421.7,1,1,2014-10-28,0448,Aqua,MODIS,100,6.2,325.5,395.6,D,0
-12.9585,132.9601,362.8,1,1,2014-10-28,0448,Aqua,MODIS,100,6.2,315,78.6,D,0
-12.9403,133.0234,365.9,1,1,2014-10-28,0448,Aqua,MODIS,100,6.2,325.1,79.9,D,0
-12.9377,133.0419,339.1,1,1,2014-10-28,0448,Aqua,MODIS,61,6.2,320.2,16.7,D,0
-12.9598,132.9508,346.9,1,1,2014-10-28,0448,Aqua,MODIS,89,6.2,312,43.4,D,0
-13.4109,134.0479,337,1,1,2014-10-28,0448,Aqua,MODIS,69,6.2,319.3,12.6,D,0
-12.939,133.0326,365.3,1,1,2014-10-28,0448,Aqua,MODIS,100,6.2,323.9,77,D,0
-13.7172,142.0522,322.5,3,1.6,2014-10-28,0448,Aqua,MODIS,32,6.2,303,33.7,D,0
-13.7179,142.0601,327.1,3,1.6,2014-10-28,0448,Aqua,MODIS,59,6.2,303.7,57,D,0
-12.9456,132.9864,373.1,1,1,2014-10-28,0448,Aqua,MODIS,100,6.2,325.1,107.5,D,0
-12.9443,132.9957,362.7,1,1,2014-10-28,0448,Aqua,MODIS,100,6.2,322.9,72.7,D,0
-12.9416,133.0141,379.7,1,1,2014-10-28,0448,Aqua,MODIS,100,6.2,326.8,129.7,D,0
-12.9469,132.9772,391.9,1,1,2014-10-28,0448,Aqua,MODIS,100,6.2,330.1,192.4,D,0
-12.9429,133.0049,380.7,1,1,2014-10-28,0448,Aqua,MODIS,100,6.2,326.6,135.3,D,0
-12.9751,136.3369,359.7,1.2,1.1,2014-10-28,0448,Aqua,MODIS,94,6.2,310.4,89.7,D,0
-15.8649,133.8667,345,1,1,2014-10-28,0448,Aqua,MODIS,77,6.2,316.4,24.6,D,0
-12.9378,132.9758,367,1,1,2014-10-28,0448,Aqua,MODIS,100,6.2,315.7,91.4,D,0
-15.6176,133.7909,334.2,1,1,2014-10-28,0448,Aqua,MODIS,47,6.2,317,9.2,D,0
-14.6145,141.7462,360.8,2.7,1.6,2014-10-28,0448,Aqua,MODIS,100,6.2,307.5,305.6,D,0
-12.9287,133.0405,338.8,1,1,2014-10-28,0448,Aqua,MODIS,52,6.2,318.7,17,D,0
-14.617,141.7518,355,2.7,1.6,2014-10-28,0448,Aqua,MODIS,97,6.2,309,244.1,D,0
-12.9274,133.0497,366.1,1,1,2014-10-28,0448,Aqua,MODIS,100,6.2,322.5,78.9,D,0
-12.9313,133.022,342.1,1,1,2014-10-28,0448,Aqua,MODIS,80,6.2,317.8,26.9,D,0
-13.3528,134.1265,341.4,1,1,2014-10-28,0448,Aqua,MODIS,82,6.2,320.7,18.4,D,0
-12.93,133.0313,340.4,1,1,2014-10-28,0448,Aqua,MODIS,56,6.2,318.8,21.4,D,0
-15.8572,133.856,341.7,1,1,2014-10-28,0448,Aqua,MODIS,46,6.2,318.2,18.3,D,0
-13.4225,134.0309,384.4,1,1,2014-10-28,0448,Aqua,MODIS,100,6.2,323.6,146.6,D,0
-13.4212,134.04,368.7,1,1,2014-10-28,0448,Aqua,MODIS,100,6.2,322.7,85.8,D,0
-13.4199,134.0492,335.9,1,1,2014-10-28,0448,Aqua,MODIS,39,6.2,318.3,10.4,D,0
-12.9391,132.9666,336.6,1,1,2014-10-28,0448,Aqua,MODIS,74,6.2,313.4,22.9,D,0
-13.3618,134.1279,337.1,1,1,2014-10-28,0448,Aqua,MODIS,54,6.2,320.5,11.6,D,0
-13.4328,134.023,333.7,1,1,2014-10-28,0448,Aqua,MODIS,57,6.2,316.4,11.1,D,0
-13.4302,134.0414,344,1,1,2014-10-28,0448,Aqua,MODIS,65,6.2,319.5,24.4,D,0
-12.9365,132.9851,352.1,1,1,2014-10-28,0448,Aqua,MODIS,94,6.2,314.3,50,D,0
-13.4315,134.0322,395.9,1,1,2014-10-28,0448,Aqua,MODIS,100,6.2,323.1,205.4,D,0
-13.3452,134.1159,347,1,1,2014-10-28,0448,Aqua,MODIS,89,6.2,321.2,28.4,D,0
-13.3438,134.1251,347,1,1,2014-10-28,0448,Aqua,MODIS,89,6.2,321.1,28.5,D,0
-12.9352,132.9943,367.8,1,1,2014-10-28,0448,Aqua,MODIS,100,6.2,319.4,92.8,D,0
-12.9339,133.0035,351.1,1,1,2014-10-28,0448,Aqua,MODIS,93,6.2,318.5,48.5,D,0
-13.6767,141.6858,324.9,2.8,1.6,2014-10-28,0448,Aqua,MODIS,63,6.2,298.7,58.5,D,0
-14.3945,132.6892,336.6,1,1,2014-10-28,0448,Aqua,MODIS,50,6.2,320.5,12.7,D,0
-14.3866,132.6783,343.8,1,1,2014-10-28,0448,Aqua,MODIS,85,6.2,320.7,26.4,D,0
-13.6721,141.7113,334.3,2.8,1.6,2014-10-28,0448,Aqua,MODIS,83,6.2,298.3,113,D,0
-13.4122,134.0387,337.3,1,1,2014-10-28,0448,Aqua,MODIS,56,6.2,319.4,12.9,D,0
-15.4967,133.8047,339,1,1,2014-10-28,0448,Aqua,MODIS,72,6.2,320.1,13.9,D,0
-14.5537,135.4218,330.9,1.1,1,2014-10-28,0448,Aqua,MODIS,49,6.2,313.9,10.5,D,0
-14.5971,135.365,340.7,1.1,1,2014-10-28,0448,Aqua,MODIS,81,6.2,316.9,21.7,D,0
-14.5957,135.3747,342.4,1.1,1,2014-10-28,0448,Aqua,MODIS,83,6.2,316.9,25.4,D,0
-12.9925,136.4189,341.5,1.2,1.1,2014-10-28,0448,Aqua,MODIS,82,6.2,310.8,35.3,D,0
-12.7925,134.3124,336.7,1,1,2014-10-28,0448,Aqua,MODIS,63,6.2,318.4,15.6,D,0
-12.9636,136.3463,371.6,1.2,1.1,2014-10-28,0448,Aqua,MODIS,100,6.2,316.6,133.8,D,0
-12.7939,134.3031,342.7,1,1,2014-10-28,0448,Aqua,MODIS,84,6.2,318.7,25.7,D,0
-12.9619,136.3573,344.7,1.2,1.1,2014-10-28,0448,Aqua,MODIS,83,6.2,313.2,40.9,D,0
-15.3803,133.7138,334.7,1,1,2014-10-28,0448,Aqua,MODIS,35,6.2,317.8,9.7,D,0
-15.3484,134.0029,342.7,1,1,2014-10-28,0448,Aqua,MODIS,71,6.2,320.5,19.3,D,0
-12.4628,136.8062,328.7,1.3,1.1,2014-10-28,0448,Aqua,MODIS,0,6.2,313,16.1,D,0
-12.4508,136.8163,332,1.3,1.1,2014-10-28,0448,Aqua,MODIS,48,6.2,311.9,18.8,D,0
-12.4526,136.8045,330.1,1.3,1.1,2014-10-28,0448,Aqua,MODIS,28,6.2,310,14.9,D,0
-12.4545,136.6605,339.6,1.3,1.1,2014-10-28,0448,Aqua,MODIS,59,6.2,313,29.8,D,0
-12.9844,136.4062,368,1.2,1.1,2014-10-28,0448,Aqua,MODIS,100,6.2,314.7,119.3,D,0
-15.4903,133.7847,342.3,1,1,2014-10-28,0448,Aqua,MODIS,75,6.2,319.9,19.6,D,0
-15.4596,133.742,339.1,1,1,2014-10-28,0448,Aqua,MODIS,73,6.2,318.5,16.1,D,0
-15.4853,133.7555,339.7,1,1,2014-10-28,0448,Aqua,MODIS,61,6.2,318.3,15.8,D,0
-15.4916,133.7755,335.5,1,1,2014-10-28,0448,Aqua,MODIS,27,6.2,317.8,9,D,0
-15.4506,133.7406,341.6,1,1,2014-10-28,0448,Aqua,MODIS,59,6.2,317.7,19.4,D,0
-14.1585,141.8877,329,2.8,1.6,2014-10-28,0448,Aqua,MODIS,57,6.2,310.4,64.1,D,0
-14.2391,136.6316,333.1,1.2,1.1,2014-10-28,0448,Aqua,MODIS,55,6.2,310.3,19.2,D,0
-12.7168,134.3227,395.8,1,1,2014-10-28,0448,Aqua,MODIS,100,6.2,324.2,210.2,D,0
-13.4505,135.8305,338.5,1.1,1.1,2014-10-28,0448,Aqua,MODIS,53,6.2,314,23,D,0
-12.4427,133.2937,376.6,1,1,2014-10-28,0448,Aqua,MODIS,100,6.2,320.8,116.4,D,0
-12.444,133.2846,345,1,1,2014-10-28,0448,Aqua,MODIS,57,6.2,312,27.7,D,0
-12.4414,133.3029,349.1,1,1,2014-10-28,0448,Aqua,MODIS,77,6.2,318,37.3,D,0
-12.9239,132.8125,332,1,1,2014-10-28,0448,Aqua,MODIS,60,6.2,311.2,16.3,D,0
-12.4337,133.2924,370.7,1,1,2014-10-28,0448,Aqua,MODIS,100,6.2,314.7,98.3,D,0
-12.3734,136.3896,332.1,1.2,1.1,2014-10-28,0448,Aqua,MODIS,69,6.2,310.2,20.4,D,0
-12.5658,132.2204,338.5,1,1,2014-10-28,0448,Aqua,MODIS,78,6.2,315.3,21.5,D,0
-14.548,141.6319,337.5,2.7,1.6,2014-10-28,0448,Aqua,MODIS,84,6.2,306.2,111,D,0
-14.5569,141.626,333.6,2.7,1.6,2014-10-28,0448,Aqua,MODIS,80,6.2,306.7,85.8,D,0
-14.5387,141.6477,321,2.7,1.6,2014-10-28,0448,Aqua,MODIS,33,6.2,303.6,23,D,0
-15.8342,133.8239,345.3,1,1,2014-10-28,0448,Aqua,MODIS,79,6.2,319.3,23,D,0
-15.8419,133.8346,345.3,1,1,2014-10-28,0448,Aqua,MODIS,73,6.2,317.4,23.5,D,0
-13.6969,141.6685,334.4,2.8,1.6,2014-10-28,0448,Aqua,MODIS,82,6.2,299.5,109,D,0
-13.7111,141.6712,328.4,2.8,1.6,2014-10-28,0448,Aqua,MODIS,32,6.2,300,73,D,0
-13.6954,141.6631,326.6,2.8,1.6,2014-10-28,0448,Aqua,MODIS,57,6.2,299.6,63.5,D,0
-13.5022,135.7825,335.6,1.1,1.1,2014-10-28,0448,Aqua,MODIS,48,6.2,313.2,17.7,D,0
-15.3585,134.3168,347.8,1,1,2014-10-28,0448,Aqua,MODIS,90,6.2,320.6,32.2,D,0
-13.7254,141.6739,325.7,2.8,1.6,2014-10-28,0448,Aqua,MODIS,43,6.2,298.9,60.3,D,0
-13.4991,135.8028,342.3,1.1,1.1,2014-10-28,0448,Aqua,MODIS,74,6.2,314.2,31.4,D,0
-13.5007,135.7927,346,1.1,1.1,2014-10-28,0448,Aqua,MODIS,87,6.2,314.3,38.2,D,0
-15.4969,133.7382,333.4,1,1,2014-10-28,0448,Aqua,MODIS,39,6.2,316,7.1,D,0
-15.6189,133.7816,336.7,1,1,2014-10-28,0448,Aqua,MODIS,69,6.2,319.6,12.6,D,0
-14.154,141.9137,332.5,2.8,1.6,2014-10-28,0448,Aqua,MODIS,81,6.2,308.7,79.9,D,0
-13.3705,134.1359,341.3,1,1,2014-10-28,0448,Aqua,MODIS,64,6.2,319.3,18.1,D,0
-13.3795,134.1373,336,1,1,2014-10-28,0448,Aqua,MODIS,59,6.2,319.6,11.2,D,0
-12.8998,132.7937,355,1,1,2014-10-28,0448,Aqua,MODIS,96,6.2,313.2,57.7,D,0
-15.3395,134.0015,347.7,1,1,2014-10-28,0448,Aqua,MODIS,89,6.2,317.2,29.5,D,0
-12.9011,132.7844,338.9,1,1,2014-10-28,0448,Aqua,MODIS,74,6.2,311.8,25.2,D,0
-13.3719,134.1266,343.3,1,1,2014-10-28,0448,Aqua,MODIS,76,6.2,322.1,21.1,D,0
-15.3673,134.3249,339.8,1,1,2014-10-28,0448,Aqua,MODIS,59,6.2,319,15.2,D,0
-13.8294,142.0302,324,2.9,1.6,2014-10-28,0448,Aqua,MODIS,42,6.2,305.5,40.5,D,0
-13.8148,142.0273,330.4,2.9,1.6,2014-10-28,0448,Aqua,MODIS,72,6.2,306,74.3,D,0
-13.8301,142.0252,323.1,2.9,1.6,2014-10-28,0448,Aqua,MODIS,41,6.2,305.4,36.9,D,0
-15.5592,133.9434,339.1,1,1,2014-10-28,0448,Aqua,MODIS,42,6.2,317,14.4,D,0
-13.8155,142.0224,332.5,2.9,1.6,2014-10-28,0448,Aqua,MODIS,78,6.2,305.5,86.2,D,0
-13.7487,141.6261,332.3,2.8,1.6,2014-10-28,0448,Aqua,MODIS,77,6.2,302.5,85.1,D,0
-12.2003,133.9516,339,1,1,2014-10-28,0448,Aqua,MODIS,69,6.2,320.3,16.6,D,0
-13.7628,141.6288,330.6,2.8,1.6,2014-10-28,0448,Aqua,MODIS,78,6.2,301.2,74.8,D,0
-12.975,135.0655,345.5,1.1,1,2014-10-28,0448,Aqua,MODIS,87,6.2,322.7,25.2,D,0
-15.8726,133.8774,341.2,1,1,2014-10-28,0448,Aqua,MODIS,57,6.2,318.3,18.6,D,0
-15.3572,134.3261,335.2,1,1,2014-10-28,0448,Aqua,MODIS,31,6.2,317.8,9.4,D,0
-14.1514,141.8674,342.1,2.8,1.6,2014-10-28,0448,Aqua,MODIS,88,6.2,307,154.5,D,0
-15.5044,133.8154,347,1,1,2014-10-28,0448,Aqua,MODIS,89,6.2,318.4,28.1,D,0
-12.199,133.9608,349.2,1,1,2014-10-28,0448,Aqua,MODIS,91,6.2,320.8,34.7,D,0
-14.1467,141.8933,358.1,2.8,1.6,2014-10-28,0448,Aqua,MODIS,99,6.2,308.9,305.5,D,0
-12.1977,133.97,343.9,1,1,2014-10-28,0448,Aqua,MODIS,85,6.2,319.3,23.6,D,0
-13.7381,141.6712,336,2.8,1.6,2014-10-28,0448,Aqua,MODIS,77,6.2,298.4,115.8,D,0
-12.9653,136.3354,369.5,1.2,1.1,2014-10-28,0448,Aqua,MODIS,100,6.2,316.2,127.2,D,0
-14.142,141.9191,328.8,2.8,1.6,2014-10-28,0448,Aqua,MODIS,57,6.2,307,56.2,D,0
-13.1406,133.1031,368.5,1,1,2014-10-28,0448,Aqua,MODIS,100,6.2,321.7,91.3,D,0
-13.4518,134.0824,339.7,1,1,2014-10-28,0448,Aqua,MODIS,79,6.2,321.3,17.8,D,0
-14.3067,131.4213,337.3,1.2,1.1,2014-10-28,0448,Aqua,MODIS,30,6.2,316.5,14.1,D,0
-14.3868,132.6098,338.9,1,1,2014-10-28,0448,Aqua,MODIS,72,6.2,318,16.1,D,0
-14.3855,132.6194,386.9,1,1,2014-10-28,0448,Aqua,MODIS,100,6.2,325.7,166.8,D,0
-14.3841,132.629,341.6,1,1,2014-10-28,0448,Aqua,MODIS,77,6.2,321.2,20.6,D,0
-14.3946,132.6207,336,1,1,2014-10-28,0448,Aqua,MODIS,72,6.2,319.5,12.5,D,0
-13.5481,132.4211,340.8,1,1,2014-10-28,0448,Aqua,MODIS,43,6.2,319.9,20,D,0
-13.5494,132.4115,396.3,1,1,2014-10-28,0448,Aqua,MODIS,100,6.2,329.6,217.4,D,0
-13.5507,132.4019,422.5,1,1,2014-10-28,0448,Aqua,MODIS,100,6.2,337.7,414.3,D,0
-13.9686,135.4515,337.8,1.1,1,2014-10-28,0448,Aqua,MODIS,76,6.2,316.6,16.2,D,0
-13.5521,132.3923,415.6,1,1,2014-10-28,0448,Aqua,MODIS,100,6.2,333.5,353.7,D,0
-13.8093,135.7668,336,1.1,1,2014-10-28,0448,Aqua,MODIS,44,6.2,312.5,21.1,D,0
-13.8375,135.7714,335.5,1.1,1,2014-10-28,0448,Aqua,MODIS,28,6.2,315,17.6,D,0
-13.171,133.1518,339.5,1,1,2014-10-28,0448,Aqua,MODIS,77,6.2,318.3,20.3,D,0
-14.3933,132.6304,341.5,1,1,2014-10-28,0448,Aqua,MODIS,82,6.2,322.2,22,D,0
-14.5637,131.0106,416.9,1.2,1.1,2014-10-28,0448,Aqua,MODIS,100,6.2,320.3,475.7,D,0
-14.5652,130.9993,428.2,1.2,1.1,2014-10-28,0448,Aqua,MODIS,100,6.2,323.7,611.3,D,0
-13.1775,133.1056,342.1,1,1,2014-10-28,0448,Aqua,MODIS,83,6.2,317.1,24.4,D,0
-14.5538,131.0092,337.2,1.2,1.1,2014-10-28,0448,Aqua,MODIS,52,6.2,310.8,21.3,D,0
-14.5553,130.9979,347.8,1.2,1.1,2014-10-28,0448,Aqua,MODIS,90,6.2,312.9,48.4,D,0
-14.5567,130.9865,394.2,1.2,1.1,2014-10-28,0448,Aqua,MODIS,100,6.2,317.9,273,D,0
-14.5453,130.9965,336.3,1.2,1.1,2014-10-28,0448,Aqua,MODIS,58,6.2,312.3,15.1,D,0
-14.5468,130.9852,383.5,1.2,1.1,2014-10-28,0448,Aqua,MODIS,100,6.2,315.9,199.1,D,0
-14.5483,130.9738,392.4,1.2,1.1,2014-10-28,0448,Aqua,MODIS,100,6.2,315.7,262,D,0
-14.5365,130.9769,345.6,1.2,1.1,2014-10-28,0448,Aqua,MODIS,86,6.2,313.5,35.9,D,0
-13.1659,133.1228,362,1,1,2014-10-28,0448,Aqua,MODIS,100,6.2,319.1,68.5,D,0
-13.1685,133.1043,355.9,1,1,2014-10-28,0448,Aqua,MODIS,97,6.2,318.1,53.2,D,0
-13.1698,133.0951,344.1,1,1,2014-10-28,0448,Aqua,MODIS,84,6.2,315,27.9,D,0
-13.5534,132.3826,345.4,1,1,2014-10-28,0448,Aqua,MODIS,39,6.2,315.7,26.9,D,0
-13.5429,132.3909,335.7,1,1,2014-10-28,0448,Aqua,MODIS,54,6.2,318.4,14.1,D,0
-13.5442,132.3813,352.5,1,1,2014-10-28,0448,Aqua,MODIS,94,6.2,321.2,48,D,0
-13.7315,132.6261,351.6,1,1,2014-10-28,0448,Aqua,MODIS,93,6.2,319.7,43.7,D,0
-13.708,132.5937,339,1,1,2014-10-28,0448,Aqua,MODIS,71,6.2,323,16.4,D,0
-13.5573,132.4225,365.8,1,1,2014-10-28,0448,Aqua,MODIS,100,6.2,323.7,79.2,D,0
-13.5586,132.4128,346.3,1,1,2014-10-28,0448,Aqua,MODIS,61,6.2,324.3,25.5,D,0
-13.5599,132.4033,363.6,1,1,2014-10-28,0448,Aqua,MODIS,100,6.2,324.6,68.4,D,0
-13.5612,132.3936,364.8,1,1,2014-10-28,0448,Aqua,MODIS,100,6.2,323.6,72.4,D,0
-13.5626,132.384,343.9,1,1,2014-10-28,0448,Aqua,MODIS,56,6.2,316.2,21.1,D,0
-13.6168,132.389,343.1,1,1,2014-10-28,0448,Aqua,MODIS,65,6.2,320.5,23.7,D,0
-13.6273,132.3807,333.3,1,1,2014-10-28,0448,Aqua,MODIS,49,6.2,315.8,11,D,0
-13.626,132.3904,367.1,1,1,2014-10-28,0448,Aqua,MODIS,100,6.2,321,89,D,0
-13.6247,132.4,350.1,1,1,2014-10-28,0448,Aqua,MODIS,92,6.2,320.8,39.5,D,0
-13.6299,132.4301,344.8,1,1,2014-10-28,0448,Aqua,MODIS,86,6.2,320.2,27.4,D,0
-13.6245,132.5368,349.7,1,1,2014-10-28,0448,Aqua,MODIS,91,6.2,322.3,37.4,D,0
-13.6389,132.5681,352.4,1,1,2014-10-28,0448,Aqua,MODIS,94,6.2,320.6,44,D,0
-13.6375,132.5776,338.7,1,1,2014-10-28,0448,Aqua,MODIS,65,6.2,318.3,17.9,D,0
-13.6467,132.5789,353.6,1,1,2014-10-28,0448,Aqua,MODIS,95,6.2,323.6,48.2,D,0
-14.4215,131.4649,348.7,1.2,1.1,2014-10-28,0448,Aqua,MODIS,84,6.2,317.1,39,D,0
-14.0037,135.4068,335.3,1.1,1,2014-10-28,0448,Aqua,MODIS,67,6.2,316.4,12,D,0
-14.0178,135.3546,338.7,1.1,1,2014-10-28,0448,Aqua,MODIS,78,6.2,314.1,24.4,D,0
-14.0163,135.3644,360.5,1.1,1,2014-10-28,0448,Aqua,MODIS,100,6.2,317,70.6,D,0
-14.0148,135.3742,356.9,1.1,1,2014-10-28,0448,Aqua,MODIS,97,6.2,317.4,58.1,D,0
-13.9105,136.7768,380.5,1.2,1.1,2014-10-28,0448,Aqua,MODIS,75,6.2,309.3,188.4,D,0
-13.124,133.0251,340.9,1,1,2014-10-28,0448,Aqua,MODIS,81,6.2,316.2,25.8,D,0
-13.133,133.0265,340.6,1,1,2014-10-28,0448,Aqua,MODIS,81,6.2,314.9,25.8,D,0
-13.8815,135.7127,362.8,1.1,1,2014-10-28,0448,Aqua,MODIS,100,6.2,316.6,84.6,D,0
-13.883,135.7027,352.2,1.1,1,2014-10-28,0448,Aqua,MODIS,92,6.2,312.1,54.9,D,0
-13.8706,135.7213,346.7,1.1,1,2014-10-28,0448,Aqua,MODIS,89,6.2,314.2,40.5,D,0
-13.8721,135.7112,398.9,1.1,1,2014-10-28,0448,Aqua,MODIS,100,6.2,320.9,262.6,D,0
-13.8736,135.7011,367.2,1.1,1,2014-10-28,0448,Aqua,MODIS,100,6.2,309.9,104.2,D,0
-14.4745,130.9098,380.7,1.2,1.1,2014-10-28,0448,Aqua,MODIS,100,6.2,316.6,195.1,D,0
-14.4646,130.9083,377,1.2,1.1,2014-10-28,0448,Aqua,MODIS,100,6.2,314.4,175.6,D,0
-13.466,135.7284,343.5,1.1,1,2014-10-28,0448,Aqua,MODIS,85,6.2,317.2,31.8,D,0
-13.4644,135.7386,343.2,1.1,1.1,2014-10-28,0448,Aqua,MODIS,84,6.2,316.8,30.1,D,0
-13.4942,135.733,348.6,1.1,1,2014-10-28,0448,Aqua,MODIS,90,6.2,315.6,44.1,D,0
-13.5006,135.7301,331.9,1.1,1,2014-10-28,0448,Aqua,MODIS,23,6.2,313.4,12.8,D,0
-13.4991,135.7403,337.4,1.1,1,2014-10-28,0448,Aqua,MODIS,71,6.2,314.9,21.6,D,0
-14.4546,130.9069,333.5,1.2,1.1,2014-10-28,0448,Aqua,MODIS,65,6.2,308.2,28.1,D,0
-14.3367,130.9483,336.9,1.2,1.1,2014-10-28,0448,Aqua,MODIS,74,6.2,316.3,20.2,D,0
-13.8988,136.7865,333.6,1.2,1.1,2014-10-28,0448,Aqua,MODIS,63,6.2,308.3,21.7,D,0
-13.897,136.7979,343.4,1.2,1.1,2014-10-28,0448,Aqua,MODIS,65,6.2,312.2,41.3,D,0
-14.027,135.3561,341.9,1.1,1,2014-10-28,0448,Aqua,MODIS,79,6.2,313.3,29.2,D,0
-14.0256,135.3659,351.2,1.1,1,2014-10-28,0448,Aqua,MODIS,89,6.2,317,44.2,D,0
-14.0363,135.3576,346.2,1.1,1,2014-10-28,0448,Aqua,MODIS,88,6.2,313.4,39.2,D,0
-12.3595,134.7494,343.6,1,1,2014-10-28,0448,Aqua,MODIS,86,6.2,313.7,29.6,D,0
-14.5672,131.1368,351.1,1.2,1.1,2014-10-28,0448,Aqua,MODIS,93,6.2,318.5,43.9,D,0
-14.5657,131.148,337.5,1.2,1.1,2014-10-28,0448,Aqua,MODIS,75,6.2,318,13,D,0
-14.5771,131.1382,373,1.2,1.1,2014-10-28,0448,Aqua,MODIS,100,6.2,318.6,128.8,D,0
-14.5756,131.1494,345.8,1.2,1.1,2014-10-28,0448,Aqua,MODIS,79,6.2,316.9,33.4,D,0
-14.5741,131.1606,341.1,1.2,1.1,2014-10-28,0448,Aqua,MODIS,56,6.2,316.9,22.6,D,0
-14.0348,135.3673,365.1,1.1,1,2014-10-28,0448,Aqua,MODIS,100,6.2,316.6,85,D,0
-14.0289,135.4064,353.3,1.1,1,2014-10-28,0448,Aqua,MODIS,95,6.2,315.5,49.5,D,0
-14.0455,135.3591,338,1.1,1,2014-10-28,0448,Aqua,MODIS,77,6.2,314.1,22.9,D,0
-14.044,135.3688,341.3,1.1,1,2014-10-28,0448,Aqua,MODIS,74,6.2,316.6,27.3,D,0
-14.0337,135.4373,341,1.1,1,2014-10-28,0448,Aqua,MODIS,42,6.2,315,22,D,0
-14.043,135.4388,367,1.1,1,2014-10-28,0448,Aqua,MODIS,100,6.2,313.3,91.2,D,0
-13.9988,135.376,333.6,1.1,1,2014-10-28,0448,Aqua,MODIS,34,6.2,316.3,10.1,D,0
-13.9974,135.3858,338.9,1.1,1,2014-10-28,0448,Aqua,MODIS,68,6.2,317.4,17.8,D,0
-14.4153,132.6586,334.8,1,1,2014-10-28,0448,Aqua,MODIS,69,6.2,320.2,9.7,D,0
-12.2962,133.7974,341.3,1,1,2014-10-28,0448,Aqua,MODIS,77,6.2,320.4,21.5,D,0
-12.3052,133.7987,342.2,1,1,2014-10-28,0448,Aqua,MODIS,83,6.2,320,24.3,D,0
-13.8217,135.7481,343.8,1.1,1,2014-10-28,0448,Aqua,MODIS,73,6.2,312.9,33.1,D,0
-13.8233,135.7379,343.2,1.1,1,2014-10-28,0448,Aqua,MODIS,74,6.2,312.3,32.8,D,0
-14.2294,136.63,336.4,1.2,1.1,2014-10-28,0448,Aqua,MODIS,59,6.2,310.7,24.5,D,0
-13.162,133.1504,351.1,1,1,2014-10-28,0448,Aqua,MODIS,93,6.2,320.9,42.7,D,0
-13.1227,133.0343,339.1,1,1,2014-10-28,0448,Aqua,MODIS,78,6.2,314.5,22.1,D,0
-13.8108,135.7567,336,1.1,1,2014-10-28,0448,Aqua,MODIS,35,6.2,312.1,20.4,D,0
-12.3813,136.5353,341.6,1.3,1.1,2014-10-28,0448,Aqua,MODIS,84,6.2,313.8,35,D,0
-12.3695,136.545,350.1,1.3,1.1,2014-10-28,0448,Aqua,MODIS,93,6.2,311.6,56.9,D,0
-12.9688,132.9522,404.4,1,1,2014-10-28,0448,Aqua,MODIS,100,6.2,326.9,267,D,0
-12.9675,132.9614,381.8,1,1,2014-10-28,0448,Aqua,MODIS,100,6.2,325,144.8,D,0
-12.9662,132.9707,355.1,1,1,2014-10-28,0448,Aqua,MODIS,96,6.2,319.6,55.3,D,0
-12.9649,132.9799,347.3,1,1,2014-10-28,0448,Aqua,MODIS,76,6.2,320.5,36.2,D,0
-12.9636,132.9892,352,1,1,2014-10-28,0448,Aqua,MODIS,73,6.2,322.1,43.6,D,0
-12.9623,132.9984,352.5,1,1,2014-10-28,0448,Aqua,MODIS,74,6.2,320.8,43,D,0
-12.9778,132.9535,367.5,1,1,2014-10-28,0448,Aqua,MODIS,100,6.2,319.4,90.5,D,0
-12.9765,132.9628,358.9,1,1,2014-10-28,0448,Aqua,MODIS,99,6.2,321.1,65.6,D,0
-12.9752,132.972,359.5,1,1,2014-10-28,0448,Aqua,MODIS,99,6.2,321.7,65.2,D,0
-12.9739,132.9813,343.5,1,1,2014-10-28,0448,Aqua,MODIS,68,6.2,322.1,29.7,D,0
-12.9726,132.9905,337.2,1,1,2014-10-28,0448,Aqua,MODIS,48,6.2,323.7,19.8,D,0
-12.9864,132.9612,353.6,1,1,2014-10-28,0448,Aqua,MODIS,95,6.2,314.5,50.7,D,0
-12.9851,132.9705,378.2,1,1,2014-10-28,0448,Aqua,MODIS,100,6.2,320.3,123.6,D,0
-12.9838,132.9797,369.9,1,1,2014-10-28,0448,Aqua,MODIS,100,6.2,322.4,81.8,D,0
-12.9954,132.9625,338.5,1,1,2014-10-28,0448,Aqua,MODIS,52,6.2,314.7,21.8,D,0
-12.9863,133.0272,343.4,1,1,2014-10-28,0448,Aqua,MODIS,79,6.2,323,18.9,D,0
-12.9953,133.0286,351.3,1,1,2014-10-28,0448,Aqua,MODIS,93,6.2,322,35.1,D,0
-13.0082,133.0022,349,1,1,2014-10-28,0448,Aqua,MODIS,44,6.2,323,31,D,0
-13.0069,133.0115,373.9,1,1,2014-10-28,0448,Aqua,MODIS,100,6.2,325,100.9,D,0
-13.0043,133.0299,345.5,1,1,2014-10-28,0448,Aqua,MODIS,70,6.2,322.9,26.6,D,0
-13.0173,133.0036,370.4,1,1,2014-10-28,0448,Aqua,MODIS,100,6.2,321.5,92.1,D,0
-13.016,133.0128,365.2,1,1,2014-10-28,0448,Aqua,MODIS,94,6.2,322.1,75.1,D,0
-13.6454,132.5884,336.1,1,1,2014-10-28,0448,Aqua,MODIS,41,6.2,319.5,14.3,D,0
-13.6545,132.5897,349,1,1,2014-10-28,0448,Aqua,MODIS,88,6.2,320.6,36,D,0
-13.6714,132.6019,348.3,1,1,2014-10-28,0448,Aqua,MODIS,90,6.2,323.7,34.6,D,0
-13.678,132.6086,337.3,1,1,2014-10-28,0448,Aqua,MODIS,46,6.2,322.7,12.7,D,0
-14.5251,130.9869,353.4,1.2,1.1,2014-10-28,0448,Aqua,MODIS,95,6.2,316.4,56.5,D,0
-13.6115,132.4959,337,1,1,2014-10-28,0448,Aqua,MODIS,64,6.2,319.5,14.1,D,0
-13.9668,135.7527,336.4,1.1,1,2014-10-28,0448,Aqua,MODIS,54,6.2,317.8,15.3,D,0
-13.9683,135.7426,363.3,1.1,1,2014-10-28,0448,Aqua,MODIS,100,6.2,319.9,81.4,D,0
-13.9699,135.7325,385.9,1.1,1,2014-10-28,0448,Aqua,MODIS,100,6.2,321.7,177,D,0
-14.2534,130.965,338.9,1.2,1.1,2014-10-28,0448,Aqua,MODIS,62,6.2,317.8,16.6,D,0
-14.2616,130.9831,336.5,1.2,1.1,2014-10-28,0448,Aqua,MODIS,61,6.2,316.6,11.9,D,0
-14.2759,130.9507,339,1.2,1.1,2014-10-28,0448,Aqua,MODIS,41,6.2,320.2,18.9,D,0
-13.6207,132.4971,343,1,1,2014-10-28,0448,Aqua,MODIS,84,6.2,321.8,22.8,D,0
-13.6193,132.5068,372.1,1,1,2014-10-28,0448,Aqua,MODIS,100,6.2,325.3,101.7,D,0
-13.618,132.5164,351.9,1,1,2014-10-28,0448,Aqua,MODIS,93,6.2,322.3,41.3,D,0
-13.6167,132.5259,346.3,1,1,2014-10-28,0448,Aqua,MODIS,85,6.2,320.8,29.3,D,0
-14.1855,136.911,330.3,1.2,1.1,2014-10-28,0448,Aqua,MODIS,0,6.2,302.2,21,D,0
-14.1837,136.9224,388.6,1.2,1.1,2014-10-28,0448,Aqua,MODIS,75,6.2,313.4,244.9,D,0
-13.6259,132.5273,342.3,1,1,2014-10-28,0448,Aqua,MODIS,83,6.2,322.8,22,D,0
-14.5266,130.9754,349.1,1.2,1.1,2014-10-28,0448,Aqua,MODIS,91,6.2,314.8,43.5,D,0
-14.5053,130.984,337.5,1.2,1.1,2014-10-28,0448,Aqua,MODIS,45,6.2,317.2,15.7,D,0
-14.5068,130.9726,338.5,1.2,1.1,2014-10-28,0448,Aqua,MODIS,60,6.2,317.8,17.3,D,0
-14.5083,130.9613,358.6,1.2,1.1,2014-10-28,0448,Aqua,MODIS,99,6.2,320.3,76.9,D,0
-14.487,130.9698,354,1.2,1.1,2014-10-28,0448,Aqua,MODIS,95,6.2,317.7,56.9,D,0
-14.4572,130.9656,343.2,1.2,1.1,2014-10-28,0448,Aqua,MODIS,63,6.2,312.9,27.3,D,0
-14.4443,130.9871,353.6,1.2,1.1,2014-10-28,0448,Aqua,MODIS,95,6.2,315.6,60,D,0
-14.5884,131.1284,412.6,1.2,1.1,2014-10-28,0448,Aqua,MODIS,100,6.2,319.5,416.8,D,0
-14.5869,131.1395,390.3,1.2,1.1,2014-10-28,0448,Aqua,MODIS,100,6.2,318.6,230.3,D,0
-14.5854,131.1507,381.3,1.2,1.1,2014-10-28,0448,Aqua,MODIS,100,6.2,319.6,174.8,D,0
-14.5839,131.1619,379.9,1.2,1.1,2014-10-28,0448,Aqua,MODIS,100,6.2,320.2,167.4,D,0
-12.9714,132.9336,334.7,1,1,2014-10-28,0448,Aqua,MODIS,42,6.2,309.2,19.5,D,0
-12.9701,132.9429,388.5,1,1,2014-10-28,0448,Aqua,MODIS,100,6.2,317.6,178,D,0
-12.9857,132.8978,341.2,1,1,2014-10-28,0448,Aqua,MODIS,67,6.2,313,30.4,D,0
-12.9844,132.9071,349.7,1,1,2014-10-28,0448,Aqua,MODIS,92,6.2,313.2,47.8,D,0
-12.9792,132.9442,352.6,1,1,2014-10-28,0448,Aqua,MODIS,94,6.2,313.9,51.3,D,0
-12.9929,132.9148,355.6,1,1,2014-10-28,0448,Aqua,MODIS,96,6.2,318.2,58,D,0
-13.0019,132.9162,344.2,1,1,2014-10-28,0448,Aqua,MODIS,74,6.2,319.5,30,D,0
-13.02,132.9188,338.6,1,1,2014-10-28,0448,Aqua,MODIS,63,6.2,317.6,18.6,D,0
-14.0109,136.5191,335.2,1.2,1.1,2014-10-28,0448,Aqua,MODIS,63,6.2,308.4,24.3,D,0
-14.4432,130.993,339.2,1.2,1.1,2014-10-28,0448,Aqua,MODIS,78,6.2,314.5,22.3,D,0
-14.1549,131.2556,338.3,1.2,1.1,2014-10-28,0448,Aqua,MODIS,68,6.2,316.8,18.9,D,0
-13.0627,132.8775,338.7,1,1,2014-10-28,0448,Aqua,MODIS,78,6.2,318.5,20.3,D,0
-14.3615,130.923,350.4,1.2,1.1,2014-10-28,0448,Aqua,MODIS,92,6.2,320.1,52.6,D,0
-14.3597,130.9278,340.5,1.2,1.1,2014-10-28,0448,Aqua,MODIS,62,6.2,318.5,24.1,D,0
-14.3613,130.9164,345.2,1.2,1.1,2014-10-28,0448,Aqua,MODIS,87,6.2,319.8,36.6,D,0
-14.5384,130.9723,355.8,1.2,1.1,2014-10-28,0448,Aqua,MODIS,88,6.2,312.8,73.8,D,0
-14.0682,136.5454,333,1.2,1.1,2014-10-28,0448,Aqua,MODIS,70,6.2,312.8,18,D,0
-14.0665,136.5564,331.9,1.2,1.1,2014-10-28,0448,Aqua,MODIS,67,6.2,311.9,17,D,0
-14.0762,136.5582,332.7,1.2,1.1,2014-10-28,0448,Aqua,MODIS,41,6.2,312.7,16.5,D,0
-14.0974,136.5505,335,1.2,1.1,2014-10-28,0448,Aqua,MODIS,74,6.2,313.8,20.3,D,0
-14.0957,136.5615,331.8,1.2,1.1,2014-10-28,0448,Aqua,MODIS,59,6.2,312.9,15.4,D,0
-14.5398,130.9609,373.9,1.2,1.1,2014-10-28,0448,Aqua,MODIS,100,6.2,312,155.1,D,0
-14.5381,130.9655,355.5,1.2,1.1,2014-10-28,0448,Aqua,MODIS,91,6.2,312.4,68.3,D,0
-13.9714,135.7224,338.9,1.1,1,2014-10-28,0448,Aqua,MODIS,71,6.2,316.2,20.8,D,0
-13.959,135.7411,334.8,1.1,1,2014-10-28,0448,Aqua,MODIS,55,6.2,318.5,11.6,D,0
-13.9605,135.731,334.8,1.1,1,2014-10-28,0448,Aqua,MODIS,54,6.2,318.2,12.3,D,0
-13.1187,133.128,334.8,1,1,2014-10-28,0448,Aqua,MODIS,69,6.2,317,14.6,D,0
-13.1174,133.1372,352.8,1,1,2014-10-28,0448,Aqua,MODIS,94,6.2,319.4,47.9,D,0
-13.1329,133.0925,337.8,1,1,2014-10-28,0448,Aqua,MODIS,76,6.2,315.8,18.6,D,0
-13.1316,133.1017,355.5,1,1,2014-10-28,0448,Aqua,MODIS,96,6.2,317.3,53.7,D,0
-13.1277,133.1294,356.5,1,1,2014-10-28,0448,Aqua,MODIS,97,6.2,317.5,55.9,D,0
-13.1264,133.1386,358.9,1,1,2014-10-28,0448,Aqua,MODIS,99,6.2,319.2,62.1,D,0
-13.1432,133.0846,342.9,1,1,2014-10-28,0448,Aqua,MODIS,84,6.2,317.2,28.1,D,0
-13.1419,133.0939,380,1,1,2014-10-28,0448,Aqua,MODIS,100,6.2,323.4,134.3,D,0
-14.5498,130.9623,398.1,1.2,1.1,2014-10-28,0448,Aqua,MODIS,100,6.2,317.2,310.1,D,0
-13.1531,133.0831,351.4,1,1,2014-10-28,0448,Aqua,MODIS,93,6.2,315.3,45.7,D,0
-13.9255,135.8027,333.3,1.1,1,2014-10-28,0448,Aqua,MODIS,27,6.2,315.4,9.6,D,0
-14.061,131.269,337.5,1.2,1.1,2014-10-28,0448,Aqua,MODIS,74,6.2,319.9,19.6,D,0
-14.5702,131.1146,352.2,1.2,1.1,2014-10-28,0448,Aqua,MODIS,61,6.2,313.1,55.1,D,0
-14.5687,131.1257,354.4,1.2,1.1,2014-10-28,0448,Aqua,MODIS,89,6.2,315.7,57.1,D,0
-14.58,131.116,347.9,1.2,1.1,2014-10-28,0448,Aqua,MODIS,77,6.2,309.3,47.9,D,0
-14.5785,131.1271,398.4,1.2,1.1,2014-10-28,0448,Aqua,MODIS,100,6.2,320.3,289.4,D,0
-14.5899,131.1172,335.4,1.2,1.1,2014-10-28,0448,Aqua,MODIS,55,6.2,307.6,21.5,D,0
-13.1518,133.0923,374.6,1,1,2014-10-28,0448,Aqua,MODIS,100,6.2,320.8,111.6,D,0
-13.9764,135.4628,332.9,1.1,1,2014-10-28,0448,Aqua,MODIS,50,6.2,317.3,9.7,D,0
-14.0493,135.46,370.1,1.1,1,2014-10-28,0448,Aqua,MODIS,100,6.2,319.9,100.8,D,0
-14.0478,135.4698,358.9,1.1,1,2014-10-28,0448,Aqua,MODIS,99,6.2,317.5,63.5,D,0
-13.869,135.7314,339.6,1.1,1,2014-10-28,0448,Aqua,MODIS,81,6.2,312.8,24.6,D,0
-13.8593,135.7541,355.6,1.1,1,2014-10-28,0448,Aqua,MODIS,97,6.2,314.3,57.9,D,0
-13.8623,135.7339,344.1,1.1,1,2014-10-28,0448,Aqua,MODIS,86,6.2,312.7,28.3,D,0
-13.8638,135.7238,343.3,1.1,1,2014-10-28,0448,Aqua,MODIS,74,6.2,313.6,29.5,D,0
-13.8653,135.7137,382.5,1.1,1,2014-10-28,0448,Aqua,MODIS,100,6.2,318.7,164.7,D,0
-13.8668,135.7036,350.5,1.1,1,2014-10-28,0448,Aqua,MODIS,83,6.2,310.7,51.8,D,0
-13.8484,135.7627,340.2,1.1,1,2014-10-28,0448,Aqua,MODIS,77,6.2,314.2,23.2,D,0
-13.1505,133.1016,347.4,1,1,2014-10-28,0448,Aqua,MODIS,56,6.2,321.8,34.2,D,0
-13.1569,133.1214,346.3,1,1,2014-10-28,0448,Aqua,MODIS,77,6.2,320.6,29.1,D,0
-13.1607,133.1597,337.5,1,1,2014-10-28,0448,Aqua,MODIS,75,6.2,319.9,17.4,D,0
-13.767,135.9805,338,1.1,1.1,2014-10-28,0448,Aqua,MODIS,79,6.2,311.3,28.7,D,0
-13.7654,135.9908,343.2,1.1,1.1,2014-10-28,0448,Aqua,MODIS,86,6.2,311.1,39.5,D,0
-13.8499,135.7526,343.4,1.1,1,2014-10-28,0448,Aqua,MODIS,86,6.2,314.3,28.1,D,0
-13.8514,135.7425,341.6,1.1,1,2014-10-28,0448,Aqua,MODIS,84,6.2,314,24.2,D,0
-13.8529,135.7324,338.7,1.1,1,2014-10-28,0448,Aqua,MODIS,79,6.2,313.2,18.3,D,0
-13.8544,135.7223,343.1,1.1,1,2014-10-28,0448,Aqua,MODIS,72,6.2,311,29.8,D,0
-13.8451,135.7208,361.2,1.1,1,2014-10-28,0448,Aqua,MODIS,100,6.2,312.5,80.5,D,0
-13.8466,135.7107,376.5,1.1,1,2014-10-28,0448,Aqua,MODIS,100,6.2,314.7,140.5,D,0
-13.8342,135.7293,338.7,1.1,1,2014-10-28,0448,Aqua,MODIS,63,6.2,313.4,24.1,D,0
-13.8357,135.7192,337.5,1.1,1,2014-10-28,0448,Aqua,MODIS,57,6.2,311.8,23.2,D,0
-14.1974,135.6995,334.4,1.1,1,2014-10-28,0448,Aqua,MODIS,49,6.2,313.5,14.4,D,0
-14.2052,135.7111,331.3,1.1,1,2014-10-28,0448,Aqua,MODIS,25,6.2,312.8,9.7,D,0
-14.5632,131.0909,381.5,1.2,1.1,2014-10-28,0448,Aqua,MODIS,100,6.2,318.1,177.9,D,0
-15.0269,135.2022,342.6,1,1,2014-10-28,0448,Aqua,MODIS,61,6.2,315.8,25.5,D,0
-15.0284,135.1926,375.6,1,1,2014-10-28,0448,Aqua,MODIS,100,6.2,320.3,117,D,0
-14.5716,131.1035,358.3,1.2,1.1,2014-10-28,0448,Aqua,MODIS,78,6.2,311.7,77.7,D,0
-14.1754,131.3247,337.8,1.2,1.1,2014-10-28,0448,Aqua,MODIS,56,6.2,316,19.8,D,0
-13.6181,132.3793,355.1,1,1,2014-10-28,0448,Aqua,MODIS,96,6.2,320.8,51,D,0
-13.6194,132.3697,400.5,1,1,2014-10-28,0448,Aqua,MODIS,100,6.2,328.1,248.2,D,0
-13.6208,132.36,377.4,1.1,1,2014-10-28,0448,Aqua,MODIS,100,6.2,320.7,127.3,D,0
-13.6138,132.3525,341,1.1,1,2014-10-28,0448,Aqua,MODIS,30,6.2,318.8,16.7,D,0
-13.6019,132.3703,339.7,1,1,2014-10-28,0448,Aqua,MODIS,66,6.2,320.4,14.1,D,0
-13.6033,132.3607,388.1,1,1,2014-10-28,0448,Aqua,MODIS,100,6.2,323.7,171.7,D,0
-13.6046,132.3511,349.6,1.1,1,2014-10-28,0448,Aqua,MODIS,89,6.2,320.3,34.2,D,0
-13.5968,132.3401,343,1.1,1,2014-10-28,0448,Aqua,MODIS,79,6.2,319.7,26.4,D,0
-13.5981,132.3304,339.7,1.1,1,2014-10-28,0448,Aqua,MODIS,73,6.2,317.2,22,D,0
-13.5876,132.3386,363.3,1.1,1,2014-10-28,0448,Aqua,MODIS,100,6.2,321.7,73.9,D,0
-12.972,133.1287,334.7,1,1,2014-10-28,0448,Aqua,MODIS,66,6.2,318.7,12.4,D,0
-12.9797,133.1393,337.2,1,1,2014-10-28,0448,Aqua,MODIS,69,6.2,318.7,14.8,D,0
-12.9784,133.1485,340.2,1,1,2014-10-28,0448,Aqua,MODIS,80,6.2,319.2,20.4,D,0
-13.5889,132.3289,351.6,1.1,1,2014-10-28,0448,Aqua,MODIS,93,6.2,317.3,44.9,D,0
-13.5784,132.3372,362.3,1.1,1,2014-10-28,0448,Aqua,MODIS,97,6.2,316.7,74.2,D,0
-13.5797,132.3276,353.4,1.1,1,2014-10-28,0448,Aqua,MODIS,94,6.2,314.7,52,D,0
-12.9874,133.1499,346,1,1,2014-10-28,0448,Aqua,MODIS,78,6.2,323.1,29.9,D,0
-12.9861,133.1591,342.9,1,1,2014-10-28,0448,Aqua,MODIS,84,6.2,320.1,24.5,D,0
-12.9951,133.1604,342.1,1,1,2014-10-28,0448,Aqua,MODIS,70,6.2,317.6,23.6,D,0
-13.7301,132.6356,357.3,1,1,2014-10-28,0448,Aqua,MODIS,98,6.2,321.6,57.2,D,0
-13.7288,132.6451,345.5,1,1,2014-10-28,0448,Aqua,MODIS,87,6.2,319.7,28.8,D,0
-13.5705,132.3261,332.3,1.1,1,2014-10-28,0448,Aqua,MODIS,52,6.2,313.1,14.9,D,0
-13.064,132.8682,339.9,1,1,2014-10-28,0448,Aqua,MODIS,80,6.2,320.6,22.3,D,0
-12.3595,136.5434,337.8,1.3,1.1,2014-10-28,0448,Aqua,MODIS,18,6.2,314.4,24,D,0
-12.3393,136.5462,338.3,1.3,1.1,2014-10-28,0448,Aqua,MODIS,61,6.2,311.8,28.3,D,0
-12.6071,136.1407,338.5,1.2,1.1,2014-10-28,0448,Aqua,MODIS,66,6.2,317.3,23.8,D,0
-14.017,135.485,349.1,1.1,1,2014-10-28,0448,Aqua,MODIS,91,6.2,317.5,37,D,0
-12.5754,136.1409,350.9,1.2,1.1,2014-10-28,0448,Aqua,MODIS,93,6.2,312.1,53.5,D,0
-12.6703,136.1177,345.9,1.2,1.1,2014-10-28,0448,Aqua,MODIS,77,6.2,317.1,38.4,D,0
-12.5822,134.1099,337.4,1,1,2014-10-28,0448,Aqua,MODIS,69,6.2,321.2,14.2,D,0
-12.6994,136.0563,357.9,1.2,1.1,2014-10-28,0448,Aqua,MODIS,98,6.2,317.3,68.4,D,0
-12.564,136.1502,356,1.2,1.1,2014-10-28,0448,Aqua,MODIS,97,6.2,314.2,70,D,0
-12.6606,136.1162,336.2,1.2,1.1,2014-10-28,0448,Aqua,MODIS,31,6.2,317.7,19.6,D,0
-12.5913,134.1113,335.5,1,1,2014-10-28,0448,Aqua,MODIS,55,6.2,320.4,11.2,D,0
-12.7077,134.3214,338.7,1,1,2014-10-28,0448,Aqua,MODIS,72,6.2,317.7,17.3,D,0
-12.6265,136.1439,379.3,1.2,1.1,2014-10-28,0448,Aqua,MODIS,100,6.2,315.1,167,D,0
-12.7101,136.0756,338,1.2,1.1,2014-10-28,0448,Aqua,MODIS,53,6.2,320.3,16.6,D,0
-12.5117,136.0798,336.4,1.2,1.1,2014-10-28,0448,Aqua,MODIS,56,6.2,314.6,24.2,D,0
-12.6282,136.1331,363.2,1.2,1.1,2014-10-28,0448,Aqua,MODIS,100,6.2,314.8,94.4,D,0
-12.7042,136.0901,343.5,1.2,1.1,2014-10-28,0448,Aqua,MODIS,42,6.2,319,26.4,D,0
-14.0003,135.5329,340.8,1.1,1,2014-10-28,0448,Aqua,MODIS,73,6.2,317.1,22.5,D,0
-12.9261,133.059,349.7,1,1,2014-10-28,0448,Aqua,MODIS,92,6.2,319.5,36.1,D,0
-12.6653,134.3662,334.7,1,1,2014-10-28,0448,Aqua,MODIS,58,6.2,319.2,10.2,D,0
-12.6168,136.1423,347.7,1.2,1.1,2014-10-28,0448,Aqua,MODIS,89,6.2,316.9,47.4,D,0
-12.6832,136.0977,344.3,1.2,1.1,2014-10-28,0448,Aqua,MODIS,60,6.2,318.4,30.2,D,0
-12.6891,134.3851,343.4,1,1,2014-10-28,0448,Aqua,MODIS,77,6.2,321.7,24.2,D,0
-12.7084,136.0863,346.4,1.2,1.1,2014-10-28,0448,Aqua,MODIS,85,6.2,319.1,34.7,D,0
-12.6905,134.3758,340.8,1,1,2014-10-28,0448,Aqua,MODIS,73,6.2,320.3,18.7,D,0
-12.5948,136.144,330.3,1.2,1.1,2014-10-28,0448,Aqua,MODIS,24,6.2,312.7,10.8,D,0
-12.556,136.1378,357.7,1.2,1.1,2014-10-28,0448,Aqua,MODIS,98,6.2,317.9,73,D,0
-12.9312,133.088,333,1,1,2014-10-28,0448,Aqua,MODIS,42,6.2,316.9,9.5,D,0
-14.0189,135.5359,341,1.1,1,2014-10-28,0448,Aqua,MODIS,76,6.2,315.3,25.2,D,0
-12.5222,136.0992,337,1.2,1.1,2014-10-28,0448,Aqua,MODIS,46,6.2,316.1,20,D,0
-12.6045,136.1457,336.8,1.2,1.1,2014-10-28,0448,Aqua,MODIS,64,6.2,315.8,22.3,D,0
-12.7154,134.332,362.7,1,1,2014-10-28,0448,Aqua,MODIS,100,6.2,321.8,70.8,D,0
-12.5732,134.1086,345.8,1,1,2014-10-28,0448,Aqua,MODIS,88,6.2,319.7,28.4,D,0
-12.7058,136.0794,345.2,1.2,1.1,2014-10-28,0448,Aqua,MODIS,54,6.2,320.8,29.1,D,0
-12.6978,136.067,357.3,1.2,1.1,2014-10-28,0448,Aqua,MODIS,98,6.2,321.4,65.8,D,0
-14.0341,135.4979,339.8,1.1,1,2014-10-28,0448,Aqua,MODIS,50,6.2,317.3,20.5,D,0
-12.7064,134.3306,343.3,1,1,2014-10-28,0448,Aqua,MODIS,85,6.2,318.3,24.1,D,0
-12.5543,136.1487,345.8,1.2,1.1,2014-10-28,0448,Aqua,MODIS,79,6.2,313.5,41.8,D,0
-12.5182,136.1029,330,1.2,1.1,2014-10-28,0448,Aqua,MODIS,33,6.2,314,12.2,D,0
-12.4427,136.6705,345.5,1.3,1.1,2014-10-28,0448,Aqua,MODIS,80,6.2,315.1,44.8,D,0
-12.6995,134.3772,339,1,1,2014-10-28,0448,Aqua,MODIS,57,6.2,319.5,16.2,D,0
-12.71,134.3693,361,1,1,2014-10-28,0448,Aqua,MODIS,100,6.2,319.8,63.6,D,0
-12.7086,134.3786,341.1,1,1,2014-10-28,0448,Aqua,MODIS,59,6.2,317.1,19.5,D,0
-12.5657,136.1394,374,1.2,1.1,2014-10-28,0448,Aqua,MODIS,100,6.2,317.5,137.5,D,0
-14.0356,135.488,343.3,1.1,1,2014-10-28,0448,Aqua,MODIS,79,6.2,316.8,26.9,D,0
-12.7333,143.1267,315,3.8,1.8,2014-10-28,0448,Aqua,MODIS,32,6.2,298.1,45.8,D,0
-12.6719,136.1069,351.5,1.2,1.1,2014-10-28,0448,Aqua,MODIS,93,6.2,317.7,50.5,D,0
-14.4135,130.9888,341.5,1.2,1.1,2014-10-28,0448,Aqua,MODIS,62,6.2,317,25.8,D,0
-14.4616,130.9314,350,1.2,1.1,2014-10-28,0448,Aqua,MODIS,72,6.2,316.2,58.1,D,0
-14.4602,130.9427,362.6,1.2,1.1,2014-10-28,0448,Aqua,MODIS,98,6.2,315.6,95.3,D,0
-14.4587,130.954,370.5,1.2,1.1,2014-10-28,0448,Aqua,MODIS,100,6.2,315.2,120.6,D,0
-14.473,130.9214,362.1,1.2,1.1,2014-10-28,0448,Aqua,MODIS,100,6.2,316,102.7,D,0
-14.483,130.9226,364,1.2,1.1,2014-10-28,0448,Aqua,MODIS,100,6.2,316.7,107,D,0
-14.4914,130.9356,374,1.2,1.1,2014-10-28,0448,Aqua,MODIS,100,6.2,320.4,148.4,D,0
-14.4899,130.9471,360.5,1.2,1.1,2014-10-28,0448,Aqua,MODIS,100,6.2,317.9,83.2,D,0
-14.5014,130.937,366.2,1.2,1.1,2014-10-28,0448,Aqua,MODIS,100,6.2,317.4,115,D,0
-14.4999,130.9485,357.8,1.2,1.1,2014-10-28,0448,Aqua,MODIS,89,6.2,316.6,76.4,D,0
-14.4984,130.9598,346,1.2,1.1,2014-10-28,0448,Aqua,MODIS,88,6.2,315.6,32.4,D,0
-14.5128,130.9271,392.6,1.2,1.1,2014-10-28,0448,Aqua,MODIS,100,6.2,317.5,269.9,D,0
-14.5113,130.9385,427.3,1.2,1.1,2014-10-28,0448,Aqua,MODIS,100,6.2,329.2,607.3,D,0
-14.5098,130.9499,365.1,1.2,1.1,2014-10-28,0448,Aqua,MODIS,97,6.2,322.1,106.7,D,0
-15.6009,128.3371,342.6,1.9,1.4,2014-10-28,0448,Aqua,MODIS,87,6.2,314.3,62.2,D,0
-13.6843,130.4174,346.6,1.3,1.1,2014-10-28,0448,Aqua,MODIS,76,6.2,314.5,47.5,D,0
-15.5888,128.3353,335.2,1.9,1.4,2014-10-28,0448,Aqua,MODIS,39,6.2,315.2,30.2,D,0
-15.5949,128.3474,343.3,1.9,1.4,2014-10-28,0448,Aqua,MODIS,88,6.2,315.4,67.1,D,0
-15.5971,128.3297,338.6,1.9,1.4,2014-10-28,0448,Aqua,MODIS,81,6.2,313.9,46.4,D,0
-13.6927,130.425,346.3,1.3,1.1,2014-10-28,0448,Aqua,MODIS,89,6.2,312.8,53,D,0
-13.6859,130.4054,349.1,1.3,1.1,2014-10-28,0448,Aqua,MODIS,91,6.2,312.4,51.2,D,0
-15.0268,126.5371,354,2.6,1.5,2014-10-28,0448,Aqua,MODIS,93,6.2,309.1,217.3,D,0
-15.0848,126.4533,330,2.6,1.6,2014-10-28,0448,Aqua,MODIS,0,6.2,297.5,81,D,0
-13.6757,130.404,340.6,1.3,1.1,2014-10-28,0448,Aqua,MODIS,70,6.2,315.8,26.8,D,0
-13.6773,130.392,400,1.3,1.1,2014-10-28,0448,Aqua,MODIS,100,6.2,321.6,336,D,0
-13.6789,130.3801,348.6,1.3,1.1,2014-10-28,0448,Aqua,MODIS,89,6.2,318.2,53.5,D,0
-13.6671,130.3906,337.8,1.3,1.1,2014-10-28,0448,Aqua,MODIS,55,6.2,319.6,25.3,D,0
-13.6942,130.4131,370.8,1.3,1.1,2014-10-28,0448,Aqua,MODIS,100,6.2,313.9,147.7,D,0
-13.6957,130.4011,372.8,1.3,1.1,2014-10-28,0448,Aqua,MODIS,100,6.2,311.4,158.6,D,0
-13.6945,130.4188,352.8,1.3,1.1,2014-10-28,0448,Aqua,MODIS,94,6.2,313.7,72,D,0
-14.3655,130.9705,340.3,1.2,1.1,2014-10-28,0448,Aqua,MODIS,80,6.2,316.9,23.6,D,0
-14.3769,130.9606,344.8,1.2,1.1,2014-10-28,0448,Aqua,MODIS,86,6.2,317,33.3,D,0
-14.3754,130.972,373,1.2,1.1,2014-10-28,0448,Aqua,MODIS,100,6.2,320.3,135.3,D,0
-14.4021,130.9987,332.3,1.2,1.1,2014-10-28,0448,Aqua,MODIS,46,6.2,314.5,7.8,D,0
-14.4181,130.9545,348.9,1.2,1.1,2014-10-28,0448,Aqua,MODIS,91,6.2,317.2,49.2,D,0
-14.415,130.9774,341.2,1.2,1.1,2014-10-28,0448,Aqua,MODIS,75,6.2,316,24.9,D,0
-13.6961,130.4068,373.9,1.3,1.1,2014-10-28,0448,Aqua,MODIS,100,6.2,313.1,160.2,D,0
-14.4265,130.9674,345.5,1.2,1.1,2014-10-28,0448,Aqua,MODIS,78,6.2,317.1,36.1,D,0
-14.4364,130.9688,367.6,1.2,1.1,2014-10-28,0448,Aqua,MODIS,100,6.2,318.7,112.1,D,0
-14.4348,130.9801,351.9,1.2,1.1,2014-10-28,0448,Aqua,MODIS,93,6.2,317.7,54.3,D,0
-14.3926,131.4608,346.7,1.2,1.1,2014-10-28,0448,Aqua,MODIS,82,6.2,318.3,34.1,D,0
-14.3424,131.4482,344,1.2,1.1,2014-10-28,0448,Aqua,MODIS,78,6.2,318.2,27.6,D,0
-14.2163,127.2666,333,2.2,1.4,2014-10-28,0448,Aqua,MODIS,85,6.2,313.3,41.5,D,0
-14.2186,127.2463,340.2,2.2,1.4,2014-10-28,0448,Aqua,MODIS,90,6.2,313.4,80.3,D,0
-14.5647,131.0796,383.1,1.2,1.1,2014-10-28,0448,Aqua,MODIS,94,6.2,314.6,190.4,D,0
-14.454,130.9129,354.5,1.2,1.1,2014-10-28,0448,Aqua,MODIS,96,6.2,313.9,80.4,D,0
-14.4524,130.9245,362.1,1.2,1.1,2014-10-28,0448,Aqua,MODIS,100,6.2,315.4,104.2,D,0
-14.4509,130.9358,342.3,1.2,1.1,2014-10-28,0448,Aqua,MODIS,72,6.2,311.2,39.1,D,0
-14.4478,130.9589,347.7,1.2,1.1,2014-10-28,0448,Aqua,MODIS,88,6.2,311,48.5,D,0
-14.4532,130.9184,378.6,1.2,1.1,2014-10-28,0448,Aqua,MODIS,100,6.2,315.8,183.3,D,0
-14.4517,130.9298,355.3,1.2,1.1,2014-10-28,0448,Aqua,MODIS,94,6.2,312.6,75.7,D,0
-14.4631,130.9198,378,1.2,1.1,2014-10-28,0448,Aqua,MODIS,100,6.2,319,177.1,D,0
-14.2268,127.2887,347.8,2.2,1.4,2014-10-28,0448,Aqua,MODIS,94,6.2,314.6,112.9,D,0
-14.2244,127.3091,363.9,2.2,1.4,2014-10-28,0448,Aqua,MODIS,100,6.2,318.3,234.5,D,0
-14.2221,127.329,337.5,2.2,1.4,2014-10-28,0448,Aqua,MODIS,42,6.2,317.4,49.7,D,0
-14.2173,127.3691,334.9,2.2,1.4,2014-10-28,0448,Aqua,MODIS,51,6.2,315.6,42.8,D,0
-14.2374,127.3108,347,2.2,1.4,2014-10-28,0448,Aqua,MODIS,91,6.2,315.5,103.4,D,0
-13.5612,130.503,346.1,1.3,1.1,2014-10-28,0448,Aqua,MODIS,88,6.2,315.4,49.9,D,0
-13.5628,130.4913,345.8,1.3,1.1,2014-10-28,0448,Aqua,MODIS,87,6.2,318.3,48.2,D,0
-15.7662,124.5426,326.8,3.8,1.8,2014-10-28,0448,Aqua,MODIS,57,6.2,303.4,68.8,D,0
-15.7601,124.5377,327.3,3.8,1.8,2014-10-28,0448,Aqua,MODIS,62,6.2,302.8,75.6,D,0
-12.3225,131.1676,337.9,1.1,1.1,2014-10-28,0449,Aqua,MODIS,60,6.2,313.6,22.2,D,0
-12.3239,131.1572,334.3,1.1,1.1,2014-10-28,0449,Aqua,MODIS,40,6.2,314.8,14.9,D,0
-12.0417,134.2837,335.8,1,1,2014-10-28,0449,Aqua,MODIS,71,6.2,315.6,18.2,D,0
-12.3774,131.789,354.8,1.1,1,2014-10-28,0449,Aqua,MODIS,96,6.2,310.6,63.3,D,0
-11.3534,131.1518,341.8,1.1,1.1,2014-10-28,0449,Aqua,MODIS,75,6.2,315.7,30.4,D,0
-11.3548,131.1416,337.5,1.1,1.1,2014-10-28,0449,Aqua,MODIS,64,6.2,316.2,20.3,D,0
-12.1275,133.5632,342.6,1,1,2014-10-28,0449,Aqua,MODIS,67,6.2,318.4,19.4,D,0
-11.6948,130.9827,333.4,1.1,1.1,2014-10-28,0449,Aqua,MODIS,60,6.2,318.7,15.3,D,0
-11.6908,130.9874,331.5,1.1,1.1,2014-10-28,0449,Aqua,MODIS,55,6.2,318.1,13.4,D,0
-12.4127,131.7908,328.8,1.1,1,2014-10-28,0449,Aqua,MODIS,34,6.2,308.5,8.7,D,0
-12.3946,131.8015,347.8,1.1,1,2014-10-28,0449,Aqua,MODIS,91,6.2,313.4,41,D,0
-12.396,131.7916,352.1,1.1,1,2014-10-28,0449,Aqua,MODIS,94,6.2,310.4,53.1,D,0
-12.3853,131.8001,378,1.1,1,2014-10-28,0449,Aqua,MODIS,100,6.2,311.4,139.7,D,0
-12.3867,131.7903,416.8,1.1,1,2014-10-28,0449,Aqua,MODIS,100,6.2,321.4,391.9,D,0
-12.4114,131.8006,337.3,1.1,1,2014-10-28,0449,Aqua,MODIS,77,6.2,310.5,20.4,D,0
-34.4691,116.2114,310.6,1.1,1,2014-10-28,0621,Aqua,MODIS,49,6.2,298.3,7.2,D,0
-33.7018,116.0286,342.9,1.1,1,2014-10-28,0621,Aqua,MODIS,92,6.2,286.8,51.6,D,0
-28.0965,122.8048,336.7,3.5,1.8,2014-10-28,0622,Aqua,MODIS,82,6.2,309.1,152.6,D,0
-28.0878,122.8068,338.1,3.5,1.8,2014-10-28,0622,Aqua,MODIS,85,6.2,311.2,164.2,D,0
-21.7709,116.6115,353.6,1.8,1.3,2014-10-28,0624,Aqua,MODIS,0,6.2,302.3,120.5,D,0
-21.8453,118.0576,372.2,2.3,1.5,2014-10-28,0624,Aqua,MODIS,75,6.2,296.7,342.7,D,0
-21.8495,118.0354,367.8,2.3,1.5,2014-10-28,0624,Aqua,MODIS,94,6.2,307.9,293.1,D,0
-21.8192,118.0517,346.1,2.3,1.5,2014-10-28,0624,Aqua,MODIS,90,6.2,311.8,108.9,D,0
-22.8208,121.6077,337.8,3.9,1.8,2014-10-28,0624,Aqua,MODIS,74,6.2,303.3,182.1,D,0
-22.4523,121.1784,327.1,3.7,1.8,2014-10-28,0624,Aqua,MODIS,66,6.2,304.7,56,D,0
-22.8007,121.5978,336.5,3.9,1.8,2014-10-28,0624,Aqua,MODIS,58,6.2,306.9,148.3,D,0
-22.8045,121.6034,334.4,3.9,1.8,2014-10-28,0624,Aqua,MODIS,46,6.2,306.8,141.7,D,0
-22.7882,121.5992,336.9,3.9,1.8,2014-10-28,0624,Aqua,MODIS,76,6.2,305.5,147.3,D,0
-22.7801,121.6363,339.1,3.9,1.8,2014-10-28,0624,Aqua,MODIS,89,6.2,304.8,173.4,D,0
-22.7796,121.7171,328.5,4,1.9,2014-10-28,0624,Aqua,MODIS,42,6.2,296,80.8,D,0
-21.7129,120.975,341.8,3.7,1.8,2014-10-28,0624,Aqua,MODIS,83,6.2,305.2,185.7,D,0
-21.745,120.9831,336.8,3.7,1.8,2014-10-28,0624,Aqua,MODIS,52,6.2,290.9,156.5,D,0
-21.7289,120.9791,386.5,3.7,1.8,2014-10-28,0624,Aqua,MODIS,87,6.2,304.4,1111.2,D,0
-21.7438,120.9533,336.2,3.7,1.8,2014-10-28,0624,Aqua,MODIS,60,6.2,303.7,146.6,D,0
-21.7202,120.9849,366.2,3.7,1.8,2014-10-28,0624,Aqua,MODIS,75,6.2,304,586.5,D,0
-21.7362,120.9889,371.1,3.7,1.8,2014-10-28,0624,Aqua,MODIS,75,6.2,293.4,711.8,D,0
-21.8624,118.0386,340.2,2.3,1.5,2014-10-28,0624,Aqua,MODIS,34,6.2,305.8,77.2,D,0
-21.871,118.0455,336.2,2.3,1.5,2014-10-28,0624,Aqua,MODIS,35,6.2,301.5,65.4,D,0
-21.8923,118.0051,354.3,2.3,1.5,2014-10-28,0624,Aqua,MODIS,96,6.2,310.3,175.6,D,0
-21.8882,118.0267,340.8,2.3,1.5,2014-10-28,0624,Aqua,MODIS,76,6.2,309.2,88.4,D,0
-21.8835,117.9984,391.4,2.3,1.5,2014-10-28,0624,Aqua,MODIS,100,6.2,315.6,611.5,D,0
-21.8752,118.0238,347.5,2.3,1.5,2014-10-28,0624,Aqua,MODIS,65,6.2,313.6,129.4,D,0
-21.8793,118.0023,386.1,2.3,1.5,2014-10-28,0624,Aqua,MODIS,100,6.2,315.6,530.3,D,0
-21.8835,117.9807,343.4,2.3,1.5,2014-10-28,0624,Aqua,MODIS,82,6.2,311.5,96.7,D,0
-21.858,118.0425,364.3,2.3,1.5,2014-10-28,0624,Aqua,MODIS,75,6.2,304.4,264.6,D,0
-21.8795,118.02,365.8,2.3,1.5,2014-10-28,0624,Aqua,MODIS,100,6.2,314.4,276.3,D,0
-21.4599,116.9361,382.9,1.9,1.4,2014-10-28,0625,Aqua,MODIS,100,6.2,315.9,371.9,D,0
-21.4633,116.9176,342.4,1.9,1.4,2014-10-28,0625,Aqua,MODIS,85,6.2,314.6,60.9,D,0
-21.4444,116.9518,344.8,1.9,1.4,2014-10-28,0625,Aqua,MODIS,88,6.2,313,70.7,D,0
-21.4478,116.9335,359.5,1.9,1.4,2014-10-28,0625,Aqua,MODIS,99,6.2,315.1,155.9,D,0
-21.4323,116.9491,335.6,1.9,1.4,2014-10-28,0625,Aqua,MODIS,46,6.2,313,25.2,D,0
-21.4357,116.9307,337.2,1.9,1.4,2014-10-28,0625,Aqua,MODIS,45,6.2,314.5,31.7,D,0
-21.4408,116.9441,347.8,1.9,1.4,2014-10-28,0625,Aqua,MODIS,91,6.2,313.6,80.3,D,0
-21.444,116.9257,338.9,1.9,1.4,2014-10-28,0625,Aqua,MODIS,72,6.2,314.9,40.2,D,0
-21.4287,116.9412,338.9,1.9,1.4,2014-10-28,0625,Aqua,MODIS,81,6.2,314,38.7,D,0
-21.4512,116.9151,336.8,1.9,1.4,2014-10-28,0625,Aqua,MODIS,62,6.2,314,32.5,D,0
-21.4391,116.9125,347.3,1.9,1.4,2014-10-28,0625,Aqua,MODIS,90,6.2,314.5,77.7,D,0
-21.427,116.9099,338.5,1.9,1.4,2014-10-28,0625,Aqua,MODIS,74,6.2,314.9,38.8,D,0
-21.4352,116.9047,343.6,1.9,1.4,2014-10-28,0625,Aqua,MODIS,87,6.2,314.2,61.6,D,0
-20.6977,117.0622,333,2,1.4,2014-10-28,0625,Aqua,MODIS,67,6.2,298,56,D,0
-20.7012,117.0429,338.9,2,1.4,2014-10-28,0625,Aqua,MODIS,73,6.2,298.6,78.7,D,0
-21.7264,116.4199,339.2,1.8,1.3,2014-10-28,0625,Aqua,MODIS,58,6.2,306,53.9,D,0
-21.7586,116.3749,335.2,1.7,1.3,2014-10-28,0625,Aqua,MODIS,45,6.2,306.2,36.7,D,0
-20.1733,121.3049,340,4.3,1.9,2014-10-28,0625,Aqua,MODIS,85,6.2,304.2,214.6,D,0
-20.1705,121.2964,335.5,4.3,1.9,2014-10-28,0625,Aqua,MODIS,80,6.2,304.6,156.5,D,0
-20.3371,121.4844,333.6,4.3,1.9,2014-10-28,0625,Aqua,MODIS,76,6.2,305.2,110.1,D,0
-20.5536,121.3359,351.2,4.2,1.9,2014-10-28,0625,Aqua,MODIS,94,6.2,302.7,379.8,D,0
-20.1622,121.3363,335.9,4.3,1.9,2014-10-28,0625,Aqua,MODIS,81,6.2,303.6,159.8,D,0
-20.5503,121.3273,337.5,4.2,1.9,2014-10-28,0625,Aqua,MODIS,81,6.2,303.4,171.6,D,0
-20.1647,121.3447,328.5,4.3,1.9,2014-10-28,0625,Aqua,MODIS,66,6.2,303.2,77.2,D,0
-20.5672,121.3313,336.2,4.2,1.9,2014-10-28,0625,Aqua,MODIS,80,6.2,302.9,158,D,0
-20.3349,121.4762,333.8,4.3,1.9,2014-10-28,0625,Aqua,MODIS,77,6.2,305.2,115.5,D,0
-20.1108,121.3192,325.8,4.3,1.9,2014-10-28,0625,Aqua,MODIS,64,6.2,304.5,56.1,D,0
-32.8424,150.8948,304.4,1.4,1.2,2014-10-28,1229,Terra,MODIS,60,6.2,288.5,11.6,N,0
-32.8514,150.9118,304.9,1.4,1.2,2014-10-28,1229,Terra,MODIS,56,6.2,288.6,11.6,N,0
-34.4586,150.8782,306.3,1.5,1.2,2014-10-28,1229,Terra,MODIS,68,6.2,288.5,14.9,N,2
-32.1037,151.8777,302.6,1.2,1.1,2014-10-28,1229,Terra,MODIS,50,6.2,290.1,8.1,N,0
-31.07,152.1195,322.5,1.2,1.1,2014-10-28,1230,Terra,MODIS,91,6.2,290.6,25.7,N,0
-31.0714,152.1075,332.2,1.2,1.1,2014-10-28,1230,Terra,MODIS,100,6.2,291.1,40.3,N,0
-28.8073,151.8524,312.7,1.1,1.1,2014-10-28,1230,Terra,MODIS,85,6.2,286.7,16.1,N,0
-28.7767,151.4407,309.9,1.2,1.1,2014-10-28,1230,Terra,MODIS,78,6.2,289.8,13.6,N,0
-29.2819,152.8558,309.7,1.1,1,2014-10-28,1230,Terra,MODIS,78,6.2,291.4,10,N,0
-28.7782,151.4287,306.4,1.2,1.1,2014-10-28,1230,Terra,MODIS,68,6.2,289.8,10.4,N,0
-28.5382,152.3049,304.7,1.1,1,2014-10-28,1230,Terra,MODIS,31,6.2,290.5,6.9,N,0
-28.8051,151.9477,338.4,1.1,1.1,2014-10-28,1230,Terra,MODIS,100,6.2,292.7,49.8,N,0
-28.7955,151.9464,337,1.1,1.1,2014-10-28,1230,Terra,MODIS,100,6.2,293,47.3,N,0
-28.5612,152.2746,300.9,1.1,1,2014-10-28,1230,Terra,MODIS,18,6.2,290.6,4.6,N,0
-28.6002,152.3102,312.8,1.1,1,2014-10-28,1230,Terra,MODIS,14,6.2,292.9,11.4,N,0
-31.068,152.0546,301.7,1.2,1.1,2014-10-28,1230,Terra,MODIS,6,6.2,289.3,5.7,N,0
-28.6017,152.2987,307.2,1.1,1,2014-10-28,1230,Terra,MODIS,7,6.2,291.8,7.6,N,0
-29.2805,152.8665,313.8,1.1,1,2014-10-28,1230,Terra,MODIS,88,6.2,291.4,13.6,N,0
-29.2912,152.8573,317.6,1.1,1,2014-10-28,1230,Terra,MODIS,95,6.2,291.6,16.7,N,0
-29.2898,152.8681,305.5,1.1,1,2014-10-28,1230,Terra,MODIS,27,6.2,290.7,7,N,0
-28.5959,152.3033,309.5,1.1,1,2014-10-28,1230,Terra,MODIS,78,6.2,292.7,10,N,0
-29.2713,152.8649,318.5,1.1,1,2014-10-28,1230,Terra,MODIS,97,6.2,291.1,17.6,N,0
-31.0648,152.0805,322.3,1.2,1.1,2014-10-28,1230,Terra,MODIS,52,6.2,291.2,23,N,0
-31.0665,152.0669,327.7,1.2,1.1,2014-10-28,1230,Terra,MODIS,100,6.2,292.1,31.9,N,0
-31.0425,152.1008,319.6,1.2,1.1,2014-10-28,1230,Terra,MODIS,99,6.2,290.7,20.9,N,0
-31.0178,152.0587,309.4,1.2,1.1,2014-10-28,1230,Terra,MODIS,45,6.2,289.9,10.7,N,0
-31.0193,152.0465,302.9,1.2,1.1,2014-10-28,1230,Terra,MODIS,20,6.2,289,6.3,N,0
-31.0066,152.0694,312.9,1.2,1.1,2014-10-28,1230,Terra,MODIS,30,6.2,288.9,13.3,N,0
-31.0039,152.0755,305.4,1.2,1.1,2014-10-28,1230,Terra,MODIS,64,6.2,288.4,9.9,N,0
-28.8058,151.8644,322.7,1.1,1.1,2014-10-28,1230,Terra,MODIS,100,6.2,290.4,26,N,0
-28.8066,151.9362,330,1.1,1.1,2014-10-28,1230,Terra,MODIS,100,6.2,293,34.2,N,0
-28.7999,151.9114,327,1.1,1.1,2014-10-28,1230,Terra,MODIS,81,6.2,291.8,29.1,N,0
-31.7783,151.6286,301.6,1.3,1.1,2014-10-28,1230,Terra,MODIS,30,6.2,288.2,7.8,N,0
-31.7697,151.614,301.3,1.3,1.1,2014-10-28,1230,Terra,MODIS,15,6.2,288.3,7.4,N,0
-28.797,151.9347,339.8,1.1,1.1,2014-10-28,1230,Terra,MODIS,100,6.2,293.8,51.4,N,0
-28.814,151.8775,310.1,1.1,1.1,2014-10-28,1230,Terra,MODIS,59,6.2,291.1,12.3,N,0
-28.8154,151.8657,303.4,1.1,1.1,2014-10-28,1230,Terra,MODIS,38,6.2,288.5,8.2,N,0
-28.7985,151.9231,338.2,1.1,1.1,2014-10-28,1230,Terra,MODIS,100,6.2,293.9,47.4,N,0
-29.2727,152.854,315.6,1.1,1,2014-10-28,1230,Terra,MODIS,91,6.2,291.1,14.6,N,0
-29.5834,152.3054,322.4,1.1,1,2014-10-28,1230,Terra,MODIS,39,6.2,292,20.6,N,0
-29.5988,152.2604,315.8,1.1,1.1,2014-10-28,1230,Terra,MODIS,46,6.2,290.9,15.4,N,0
-29.585,152.2932,319.2,1.1,1.1,2014-10-28,1230,Terra,MODIS,22,6.2,291.7,17.3,N,0
-29.5865,152.2816,316.1,1.1,1.1,2014-10-28,1230,Terra,MODIS,39,6.2,291.4,15.3,N,0
-29.5974,152.2715,317.9,1.1,1.1,2014-10-28,1230,Terra,MODIS,43,6.2,291.6,17.1,N,0
-29.6222,152.3409,318,1.1,1,2014-10-28,1230,Terra,MODIS,49,6.2,291.1,16.7,N,0
-29.6096,152.2516,308.6,1.1,1.1,2014-10-28,1230,Terra,MODIS,55,6.2,290.1,10.2,N,0
-26.1167,150.5243,303,1.2,1.1,2014-10-28,1231,Terra,MODIS,52,6.2,292.7,5.8,N,0
-25.7095,149.6961,304.1,1.3,1.2,2014-10-28,1231,Terra,MODIS,58,6.2,292.5,9.6,N,0
-26.9936,152.135,319.4,1.1,1,2014-10-28,1231,Terra,MODIS,98,6.2,294.1,18.6,N,0
-26.203,149.6091,313.3,1.4,1.2,2014-10-28,1231,Terra,MODIS,87,6.2,295.2,18.2,N,0
-26.1925,149.6075,321.7,1.4,1.2,2014-10-28,1231,Terra,MODIS,100,6.2,294.4,30.2,N,0
-26.194,149.5935,303.3,1.4,1.2,2014-10-28,1231,Terra,MODIS,54,6.2,293,6.9,N,0
-25.5397,150.838,305.4,1.2,1.1,2014-10-28,1231,Terra,MODIS,52,6.2,292.8,6.1,N,0
-25.5382,150.8497,327.8,1.2,1.1,2014-10-28,1231,Terra,MODIS,100,6.2,295.6,30.4,N,0
-27.3125,152.1625,301,1.1,1,2014-10-28,1231,Terra,MODIS,36,6.2,290.6,4.8,N,0
-26.9922,152.1457,310.4,1.1,1,2014-10-28,1231,Terra,MODIS,80,6.2,293.1,10.1,N,0
-26.995,152.1242,304.1,1.1,1,2014-10-28,1231,Terra,MODIS,58,6.2,291.6,6.1,N,0
-26.383,149.5336,307.3,1.4,1.2,2014-10-28,1231,Terra,MODIS,71,6.2,292.9,12,N,0
-26.3724,149.5321,315.8,1.4,1.2,2014-10-28,1231,Terra,MODIS,92,6.2,294.4,22.2,N,0
-26.3739,149.5179,306.2,1.4,1.2,2014-10-28,1231,Terra,MODIS,50,6.2,293.1,10.3,N,0
-26.3772,149.5413,315.9,1.4,1.2,2014-10-28,1231,Terra,MODIS,92,6.2,294.3,22.2,N,0
-26.3788,149.5272,316.9,1.4,1.2,2014-10-28,1231,Terra,MODIS,94,6.2,294.4,23.7,N,0
-23.4141,148.2813,308.4,1.5,1.2,2014-10-28,1232,Terra,MODIS,38,6.2,293.5,12.9,N,0
-23.4136,148.2758,307.4,1.5,1.2,2014-10-28,1232,Terra,MODIS,71,6.2,293.3,12.6,N,0
-23.4008,148.2894,310.7,1.5,1.2,2014-10-28,1232,Terra,MODIS,65,6.2,290.5,18,N,0
-24.6123,150.5416,333.2,1.2,1.1,2014-10-28,1232,Terra,MODIS,100,6.2,295,41.3,N,0
-21.9977,149.2488,311.6,1.3,1.1,2014-10-28,1232,Terra,MODIS,83,6.2,292.1,13.9,N,0
-22.1703,149.4967,313.7,1.3,1.1,2014-10-28,1232,Terra,MODIS,88,6.2,292.2,16.1,N,0
-21.9962,149.2613,312.7,1.3,1.1,2014-10-28,1232,Terra,MODIS,85,6.2,292.1,14.8,N,0
-21.983,149.2846,303.1,1.3,1.1,2014-10-28,1232,Terra,MODIS,53,6.2,291.3,6.6,N,0
-24.3643,148.3288,304.8,1.6,1.2,2014-10-28,1232,Terra,MODIS,62,6.2,292.6,10.9,N,0
-24.3626,148.3443,305,1.6,1.2,2014-10-28,1232,Terra,MODIS,63,6.2,292.3,11.1,N,0
-22.0273,149.2456,306.7,1.3,1.1,2014-10-28,1232,Terra,MODIS,4,6.2,292.4,8.3,N,0
-24.6028,150.5223,301.4,1.2,1.1,2014-10-28,1232,Terra,MODIS,41,6.2,290.5,4.5,N,0
-24.6137,150.5299,302.7,1.2,1.1,2014-10-28,1232,Terra,MODIS,40,6.2,291.4,5.2,N,0
-24.6095,150.5472,318.4,1.2,1.1,2014-10-28,1232,Terra,MODIS,97,6.2,294.1,19.5,N,0
-24.611,150.5356,325.5,1.2,1.1,2014-10-28,1232,Terra,MODIS,100,6.2,294.2,28.9,N,0
-24.6013,150.534,329.9,1.2,1.1,2014-10-28,1232,Terra,MODIS,100,6.2,292.8,36.1,N,0
-20.4296,147.2777,308.6,1.6,1.3,2014-10-28,1233,Terra,MODIS,68,6.2,292.7,14.7,N,0
-20.4317,147.2723,308.3,1.6,1.3,2014-10-28,1233,Terra,MODIS,74,6.2,292.6,14.9,N,0
-20.2447,147.303,313.5,1.6,1.3,2014-10-28,1233,Terra,MODIS,87,6.2,292.3,24.3,N,0
-20.2464,147.2874,307.6,1.6,1.3,2014-10-28,1233,Terra,MODIS,72,6.2,291.5,15.6,N,0
-20.2463,147.2976,319,1.6,1.3,2014-10-28,1233,Terra,MODIS,98,6.2,292.4,34.5,N,0
-18.6561,145.9903,305.6,1.9,1.4,2014-10-28,1233,Terra,MODIS,63,6.2,291.6,18,N,0
-21.7192,141.257,306.7,4.7,2,2014-10-28,1233,Terra,MODIS,69,6.2,294.2,44.8,N,0
-18.0588,146.0071,314.4,1.9,1.3,2014-10-28,1233,Terra,MODIS,89,6.2,291.9,31.5,N,0
-18.075,145.9729,301.4,1.9,1.3,2014-10-28,1233,Terra,MODIS,31,6.2,291.1,11.2,N,0
-18.6615,145.9791,310.5,1.9,1.4,2014-10-28,1233,Terra,MODIS,80,6.2,292,26,N,0
-18.0729,145.9908,318.9,1.9,1.3,2014-10-28,1233,Terra,MODIS,98,6.2,292.8,42.8,N,0
-18.2547,145.2946,303.2,2.1,1.4,2014-10-28,1233,Terra,MODIS,54,6.2,288.9,18.1,N,0
-18.0608,145.9893,330.5,1.9,1.3,2014-10-28,1233,Terra,MODIS,100,6.2,292.9,76.5,N,0
-18.6582,145.9721,310.1,1.9,1.4,2014-10-28,1233,Terra,MODIS,79,6.2,291.7,25.7,N,0
-18.0628,145.9715,306,1.9,1.3,2014-10-28,1233,Terra,MODIS,67,6.2,291.2,19,N,0
-21.7213,141.2527,307,4.7,2,2014-10-28,1233,Terra,MODIS,70,6.2,294.1,47.6,N,0
-15.4351,142.4558,326,3.2,1.7,2014-10-28,1234,Terra,MODIS,100,6.2,295.2,114.9,N,0
-15.1398,142.6945,317.2,3.1,1.7,2014-10-28,1234,Terra,MODIS,95,6.2,295.3,64.5,N,0
-15.1217,142.7212,313.7,3,1.7,2014-10-28,1234,Terra,MODIS,88,6.2,295.1,53.5,N,0
-16.4381,142.6624,305.8,3.2,1.7,2014-10-28,1234,Terra,MODIS,66,6.2,295.6,22.4,N,0
-15.5062,142.3718,315.2,3.3,1.7,2014-10-28,1234,Terra,MODIS,91,6.2,294.2,68.3,N,0
-15.4384,142.4498,330.6,3.2,1.7,2014-10-28,1234,Terra,MODIS,100,6.2,295.7,144.3,N,0
-15.4689,142.4291,335.7,3.2,1.7,2014-10-28,1234,Terra,MODIS,100,6.2,296,186.7,N,0
-15.4473,142.4874,320.8,3.2,1.7,2014-10-28,1234,Terra,MODIS,91,6.2,295.1,85.4,N,0
-15.1548,142.6962,338.1,3.1,1.7,2014-10-28,1234,Terra,MODIS,100,6.2,296.8,192.3,N,0
-15.5029,142.4022,309,3.3,1.7,2014-10-28,1234,Terra,MODIS,76,6.2,294.5,39.7,N,0
-15.5023,142.3765,320,3.3,1.7,2014-10-28,1234,Terra,MODIS,100,6.2,294.5,89.4,N,0
-15.4875,142.4005,319,3.3,1.7,2014-10-28,1234,Terra,MODIS,98,6.2,295,81.8,N,0
-15.1568,142.6729,311,3.1,1.7,2014-10-28,1234,Terra,MODIS,41,6.2,295.1,38.2,N,0
-15.432,142.4857,341.7,3.2,1.7,2014-10-28,1234,Terra,MODIS,100,6.2,296.1,235.4,N,0
-15.4504,142.4575,333.3,3.2,1.7,2014-10-28,1234,Terra,MODIS,100,6.2,295.8,164.6,N,0
-15.1507,142.7299,310,3,1.7,2014-10-28,1234,Terra,MODIS,78,6.2,294.9,37.8,N,0
-16.4075,142.684,328.3,3.2,1.7,2014-10-28,1234,Terra,MODIS,100,6.2,296.6,129.1,N,0
-15.4536,142.4274,328.4,3.2,1.7,2014-10-28,1234,Terra,MODIS,100,6.2,295.6,131.2,N,0
-15.4948,142.1823,311.4,3.4,1.7,2014-10-28,1234,Terra,MODIS,82,6.2,293.7,57.3,N,0
-15.4537,142.4514,325.4,3.2,1.7,2014-10-28,1234,Terra,MODIS,100,6.2,295.7,107.8,N,0
-15.1687,142.7032,307.7,3.1,1.7,2014-10-28,1234,Terra,MODIS,60,6.2,294.8,30.3,N,0
-16.4045,142.6889,324.7,3.2,1.7,2014-10-28,1234,Terra,MODIS,100,6.2,296.5,106.4,N,0
-15.4165,142.5077,314.7,3.2,1.7,2014-10-28,1234,Terra,MODIS,85,6.2,294.8,56.3,N,0
-16.4108,142.6541,308.3,3.2,1.7,2014-10-28,1234,Terra,MODIS,53,6.2,295.5,29.8,N,0
-15.1718,142.6746,316.5,3.1,1.7,2014-10-28,1234,Terra,MODIS,93,6.2,295.1,63.3,N,0
-15.4382,142.4257,310,3.2,1.7,2014-10-28,1234,Terra,MODIS,18,6.2,294.6,37.7,N,0
-15.4137,142.5137,312.9,3.2,1.7,2014-10-28,1234,Terra,MODIS,86,6.2,294.8,48.5,N,0
-17.8754,144.6147,317.2,2.4,1.5,2014-10-28,1234,Terra,MODIS,95,6.2,295.1,49.1,N,0
-15.1388,142.6997,319.7,3.1,1.7,2014-10-28,1234,Terra,MODIS,99,6.2,295.4,76.4,N,0
-15.4318,142.5094,309.6,3.2,1.7,2014-10-28,1234,Terra,MODIS,36,6.2,294.8,35.8,N,0
-15.4992,142.407,308.6,3.3,1.7,2014-10-28,1234,Terra,MODIS,60,6.2,294.6,36.3,N,0
-15.4571,142.4214,323.2,3.2,1.7,2014-10-28,1234,Terra,MODIS,100,6.2,295.5,99.6,N,0
-15.4351,142.4797,345.7,3.2,1.7,2014-10-28,1234,Terra,MODIS,100,6.2,296.5,275.7,N,0
-15.4843,142.4308,317,3.2,1.7,2014-10-28,1234,Terra,MODIS,86,6.2,294.8,70,N,0
-15.4504,142.4813,316.3,3.2,1.7,2014-10-28,1234,Terra,MODIS,30,6.2,294.9,59.9,N,0
-15.1515,142.7246,318.5,3,1.7,2014-10-28,1234,Terra,MODIS,84,6.2,295.2,68.6,N,0
-15.1538,142.7015,348.3,3.1,1.7,2014-10-28,1234,Terra,MODIS,100,6.2,297.1,288.9,N,0
-15.1366,142.7229,326.6,3,1.7,2014-10-28,1234,Terra,MODIS,100,6.2,295.7,112.8,N,0
-15.1209,142.7264,314.2,3,1.7,2014-10-28,1234,Terra,MODIS,89,6.2,295.2,53,N,0
-17.8729,144.6376,305.5,2.4,1.5,2014-10-28,1234,Terra,MODIS,65,6.2,294.3,18.2,N,0
-16.3923,142.6823,308.7,3.2,1.7,2014-10-28,1234,Terra,MODIS,75,6.2,295.7,32,N,0
-15.1358,142.7281,318.9,3,1.7,2014-10-28,1234,Terra,MODIS,98,6.2,295.4,71.7,N,0
-16.4075,142.659,319.2,3.2,1.7,2014-10-28,1234,Terra,MODIS,98,6.2,295.8,77.4,N,0
-16.652,142.7882,312.1,3.2,1.7,2014-10-28,1234,Terra,MODIS,72,6.2,296.5,41.2,N,0
-16.6494,142.7947,315.3,3.2,1.7,2014-10-28,1234,Terra,MODIS,91,6.2,296.6,55.3,N,0
-16.7102,142.8015,337,3.2,1.7,2014-10-28,1234,Terra,MODIS,100,6.2,298.6,187.9,N,0
-17.0533,142.7049,313.5,3.2,1.7,2014-10-28,1234,Terra,MODIS,87,6.2,297.6,46.2,N,0
-16.7254,142.8032,325.3,3.2,1.7,2014-10-28,1234,Terra,MODIS,100,6.2,298.1,105.1,N,0
-16.9734,142.7269,311.8,3.2,1.7,2014-10-28,1234,Terra,MODIS,83,6.2,296.6,39.2,N,0
-16.7774,142.7488,314.5,3.2,1.7,2014-10-28,1234,Terra,MODIS,89,6.2,296.9,50.5,N,0
-16.7807,142.7188,309.2,3.2,1.7,2014-10-28,1234,Terra,MODIS,64,6.2,296.1,30.4,N,0
-16.7411,142.7802,323.7,3.2,1.7,2014-10-28,1234,Terra,MODIS,100,6.2,297.4,98.7,N,0
-16.7229,142.8082,320.8,3.2,1.7,2014-10-28,1234,Terra,MODIS,100,6.2,297.8,81.1,N,0
-17.0347,142.7336,322,3.2,1.7,2014-10-28,1234,Terra,MODIS,100,6.2,297.7,87.9,N,0
-17.038,142.7033,328,3.2,1.7,2014-10-28,1234,Terra,MODIS,100,6.2,297.8,125.5,N,0
-17.0313,142.7395,311.2,3.2,1.7,2014-10-28,1234,Terra,MODIS,82,6.2,297.1,37,N,0
-16.958,142.7252,306.6,3.2,1.7,2014-10-28,1234,Terra,MODIS,66,6.2,296.3,20.8,N,0
-16.8694,142.7339,309.2,3.2,1.7,2014-10-28,1234,Terra,MODIS,76,6.2,296.5,30.1,N,0
-16.8662,142.74,306.7,3.2,1.7,2014-10-28,1234,Terra,MODIS,18,6.2,296.4,20.2,N,0
-16.6798,142.7981,309.3,3.2,1.7,2014-10-28,1234,Terra,MODIS,76,6.2,296.5,30.6,N,0
-16.6646,142.7964,314.3,3.2,1.7,2014-10-28,1234,Terra,MODIS,89,6.2,296.8,50.4,N,0
-16.695,142.7998,328.5,3.2,1.7,2014-10-28,1234,Terra,MODIS,100,6.2,298,125.6,N,0
-14.996,145.0488,305.8,2,1.4,2014-10-28,1234,Terra,MODIS,66,6.2,291,20.1,N,0
-16.7437,142.7752,325.3,3.2,1.7,2014-10-28,1234,Terra,MODIS,100,6.2,297.4,104.4,N,0
-16.7622,142.7471,310.5,3.2,1.7,2014-10-28,1234,Terra,MODIS,75,6.2,296.9,34.8,N,0
-17.0802,145.5908,312.4,2,1.4,2014-10-28,1234,Terra,MODIS,85,6.2,290.8,30.2,N,0
-17.0774,145.5836,313.3,2,1.4,2014-10-28,1234,Terra,MODIS,87,6.2,291.4,32.4,N,0
-17.0795,145.5656,307,2,1.4,2014-10-28,1234,Terra,MODIS,70,6.2,292.1,20.5,N,0
-17.0844,145.5535,303.8,2,1.4,2014-10-28,1234,Terra,MODIS,41,6.2,291.5,15.4,N,0
-17.0823,145.5726,308.9,2,1.4,2014-10-28,1234,Terra,MODIS,76,6.2,292.1,24,N,0
-16.6672,142.7899,311,3.2,1.7,2014-10-28,1234,Terra,MODIS,9,6.2,296.6,34.8,N,0
-14.8393,144.3908,307,2.2,1.5,2014-10-28,1234,Terra,MODIS,70,6.2,293.4,24,N,0
-16.7285,142.7735,314.1,3.2,1.7,2014-10-28,1234,Terra,MODIS,86,6.2,296.4,47.2,N,0
-16.7258,142.7785,317.1,3.2,1.7,2014-10-28,1234,Terra,MODIS,94,6.2,296.7,61.6,N,0
-14.8367,144.397,309.1,2.2,1.5,2014-10-28,1234,Terra,MODIS,76,6.2,293,26.7,N,0
-16.7746,142.7538,312.7,3.2,1.7,2014-10-28,1234,Terra,MODIS,85,6.2,297,43.1,N,0
-16.8968,142.7434,308.5,3.2,1.7,2014-10-28,1234,Terra,MODIS,34,6.2,296.8,26.3,N,0
-16.7623,142.7221,306.9,3.2,1.7,2014-10-28,1234,Terra,MODIS,69,6.2,296.1,23.9,N,0
-17.0343,142.7091,326.7,3.2,1.7,2014-10-28,1234,Terra,MODIS,100,6.2,297.6,117,N,0
-16.912,142.7201,308.6,3.2,1.7,2014-10-28,1234,Terra,MODIS,33,6.2,296.9,26,N,0
-16.7563,142.7819,311.9,3.2,1.7,2014-10-28,1234,Terra,MODIS,84,6.2,297,39.7,N,0
-16.7776,142.7238,315.6,3.2,1.7,2014-10-28,1234,Terra,MODIS,91,6.2,296.5,57.6,N,0
-17.0496,142.7108,328.5,3.2,1.7,2014-10-28,1234,Terra,MODIS,100,6.2,298.3,129.4,N,0
-16.7593,142.7521,310.6,3.2,1.7,2014-10-28,1234,Terra,MODIS,80,6.2,296.8,35.7,N,0
-28.8335,127.1837,304.1,1.1,1.1,2014-10-28,1409,Terra,MODIS,59,6.2,286.3,8.5,N,0
-25.683,123.998,303.6,1.6,1.2,2014-10-28,1410,Terra,MODIS,56,6.2,277.9,12,N,0
-25.6359,123.9128,306.8,1.6,1.2,2014-10-28,1410,Terra,MODIS,69,6.2,279.5,16.2,N,0
-27.4934,128.9268,317.5,1,1,2014-10-28,1410,Terra,MODIS,95,6.2,295,14.6,N,0
-26.3567,127.0761,303.9,1.1,1,2014-10-28,1410,Terra,MODIS,57,6.2,292,6,N,0
-24.0727,131.7578,302.9,1.2,1.1,2014-10-28,1410,Terra,MODIS,41,6.2,291.8,6.5,N,0
-27.501,128.9386,304.2,1,1,2014-10-28,1410,Terra,MODIS,56,6.2,293.6,5,N,0
-27.5224,128.984,310.3,1,1,2014-10-28,1410,Terra,MODIS,80,6.2,293.7,9.2,N,0
-27.5385,128.9349,303.8,1,1,2014-10-28,1410,Terra,MODIS,57,6.2,292.4,5.7,N,0
-27.5461,128.942,304.6,1,1,2014-10-28,1410,Terra,MODIS,61,6.2,292.1,5.7,N,0
-27.6149,128.4417,303,1,1,2014-10-28,1410,Terra,MODIS,53,6.2,292.9,4.5,N,0
-27.2054,127.2581,306.2,1.1,1,2014-10-28,1410,Terra,MODIS,45,6.2,293,7.2,N,0
-24.0718,131.7637,306.5,1.2,1.1,2014-10-28,1410,Terra,MODIS,68,6.2,291.4,9.2,N,0
-21.1866,121.5623,313.2,2,1.4,2014-10-28,1411,Terra,MODIS,87,6.2,290.7,27,N,0
-20.7378,125.6378,323.3,1.1,1,2014-10-28,1411,Terra,MODIS,100,6.2,298,22,N,0
-20.7364,125.6484,310.5,1.1,1,2014-10-28,1411,Terra,MODIS,80,6.2,297.5,8.9,N,0
-20.7434,125.6343,315,1.1,1,2014-10-28,1411,Terra,MODIS,89,6.2,297.9,12.1,N,0
-20.742,125.6449,345.7,1.1,1,2014-10-28,1411,Terra,MODIS,100,6.2,300,58.8,N,0
-20.7325,125.6046,312,1.1,1,2014-10-28,1411,Terra,MODIS,83,6.2,297.3,9.8,N,0
-20.7406,125.6554,313,1.1,1,2014-10-28,1411,Terra,MODIS,86,6.2,297.3,10.5,N,0
-20.7501,125.6569,309.2,1.1,1,2014-10-28,1411,Terra,MODIS,77,6.2,297.2,8.1,N,0
-23.1855,125.6115,316.7,1.2,1.1,2014-10-28,1411,Terra,MODIS,93,6.2,298.3,13.7,N,0
-20.7806,125.7899,312.4,1.1,1,2014-10-28,1411,Terra,MODIS,85,6.2,296.6,10.3,N,0
-20.7792,125.8003,341.5,1.1,1,2014-10-28,1411,Terra,MODIS,100,6.2,300.2,49.1,N,0
-20.7778,125.8107,314.5,1.1,1,2014-10-28,1411,Terra,MODIS,89,6.2,298.9,11.2,N,0
-20.7886,125.8018,317.6,1.1,1,2014-10-28,1411,Terra,MODIS,71,6.2,297.4,14.9,N,0
-23.184,125.6229,314.9,1.2,1.1,2014-10-28,1411,Terra,MODIS,54,6.2,298.4,11.4,N,0
-20.7872,125.8121,329.4,1.1,1,2014-10-28,1411,Terra,MODIS,100,6.2,299.8,28.4,N,0
-23.2121,125.6559,310.9,1.2,1.1,2014-10-28,1411,Terra,MODIS,27,6.2,296.3,8,N,0
-20.7339,125.5941,312.1,1.1,1,2014-10-28,1411,Terra,MODIS,84,6.2,298,9.8,N,0
-23.2218,125.6574,307.2,1.2,1.1,2014-10-28,1411,Terra,MODIS,55,6.2,295.8,5.5,N,0
-21.1991,121.5638,306.7,2,1.4,2014-10-28,1411,Terra,MODIS,69,6.2,293.2,16.1,N,0
-20.7938,125.8343,339,1.1,1,2014-10-28,1411,Terra,MODIS,100,6.2,298.1,43.2,N,0
-20.7924,125.8447,318.8,1.1,1,2014-10-28,1411,Terra,MODIS,51,6.2,294.7,15,N,0
-23.2412,125.6603,312.4,1.2,1.1,2014-10-28,1411,Terra,MODIS,84,6.2,296.3,10.5,N,0
-20.8018,125.8461,317.8,1.1,1,2014-10-28,1411,Terra,MODIS,77,6.2,294.7,14.4,N,0
-20.7825,125.6294,312.9,1.1,1,2014-10-28,1411,Terra,MODIS,86,6.2,297.7,11.4,N,0
-20.7839,125.6189,313.3,1.1,1,2014-10-28,1411,Terra,MODIS,87,6.2,297.9,11.8,N,0
-23.204,128.0712,319.9,1,1,2014-10-28,1411,Terra,MODIS,97,6.2,295.1,17.2,N,0
-23.2054,128.0614,315.2,1,1,2014-10-28,1411,Terra,MODIS,90,6.2,289.2,12.4,N,0
-23.1964,128.0599,307.7,1,1,2014-10-28,1411,Terra,MODIS,52,6.2,289.9,8.1,N,0
-21.4311,124.7711,308,1.2,1.1,2014-10-28,1411,Terra,MODIS,54,6.2,294.7,9.8,N,0
-22.3591,124.0713,327.6,1.4,1.2,2014-10-28,1411,Terra,MODIS,100,6.2,298.3,35,N,0
-22.3486,124.0699,307.6,1.4,1.2,2014-10-28,1411,Terra,MODIS,50,6.2,296.1,7.9,N,0
-22.394,124.0486,320.3,1.4,1.2,2014-10-28,1411,Terra,MODIS,0,6.2,295.5,24.2,N,0
-22.3575,124.0848,322.9,1.4,1.2,2014-10-28,1411,Terra,MODIS,91,6.2,296.4,27.6,N,0
-21.7888,123.2017,319,1.6,1.2,2014-10-28,1411,Terra,MODIS,72,6.2,292.6,33.3,N,0
-21.7905,123.1867,311.8,1.6,1.2,2014-10-28,1411,Terra,MODIS,14,6.2,292.7,21.8,N,0
-21.8131,123.5955,306.6,1.5,1.2,2014-10-28,1411,Terra,MODIS,69,6.2,284,12.3,N,0
-19.2663,131.6295,311.3,1.5,1.2,2014-10-28,1412,Terra,MODIS,82,6.2,293.7,15.2,N,0
-20.1166,121.3782,375.7,2,1.4,2014-10-28,1412,Terra,MODIS,100,6.2,296,363.8,N,0
-19.2473,131.8932,310.2,1.5,1.2,2014-10-28,1412,Terra,MODIS,70,6.2,294.2,14.8,N,0
-19.2435,131.9009,311.3,1.5,1.2,2014-10-28,1412,Terra,MODIS,67,6.2,292.7,16,N,0
-20.1,121.2986,305.5,2,1.4,2014-10-28,1412,Terra,MODIS,47,6.2,293.4,13.2,N,0
-20.0979,121.3177,349.8,2,1.4,2014-10-28,1412,Terra,MODIS,100,6.2,295.2,165.5,N,0
-20.1187,121.3591,367.6,2,1.4,2014-10-28,1412,Terra,MODIS,100,6.2,294.5,288.9,N,0
-20.1062,121.3575,346.9,2,1.4,2014-10-28,1412,Terra,MODIS,100,6.2,294.1,145.3,N,0
-20.0959,121.3369,316.6,2,1.4,2014-10-28,1412,Terra,MODIS,88,6.2,294.1,32.6,N,0
-20.1104,121.3193,310.7,2,1.4,2014-10-28,1412,Terra,MODIS,64,6.2,292,20.3,N,0
-20.1083,121.3384,378.9,2,1.4,2014-10-28,1412,Terra,MODIS,100,6.2,295.5,401.1,N,0
-19.2556,131.6274,322.3,1.5,1.2,2014-10-28,1412,Terra,MODIS,100,6.2,295.4,32.6,N,0
-19.2799,131.5473,310.5,1.4,1.2,2014-10-28,1412,Terra,MODIS,79,6.2,290.1,16.1,N,0
-19.9949,128.0099,306.6,1,1,2014-10-28,1412,Terra,MODIS,53,6.2,295.7,5.3,N,0
-18.8175,126.6592,308.9,1,1,2014-10-28,1412,Terra,MODIS,75,6.2,297.9,5.4,N,0
-20.7365,117.076,302,4.2,1.9,2014-10-28,1412,Terra,MODIS,46,6.2,291.3,29.2,N,0
-15.8033,133.8416,312.2,2.4,1.5,2014-10-28,1412,Terra,MODIS,84,6.2,295.4,31.1,N,0
-16.9504,130.8063,312,1.4,1.2,2014-10-28,1412,Terra,MODIS,43,6.2,298.8,10.7,N,0
-16.9439,130.8127,321,1.4,1.2,2014-10-28,1412,Terra,MODIS,100,6.2,299.4,23.4,N,0
-16.9333,130.8109,309.3,1.4,1.2,2014-10-28,1412,Terra,MODIS,32,6.2,298.5,7.6,N,0
-16.9123,130.8071,314.4,1.4,1.2,2014-10-28,1412,Terra,MODIS,88,6.2,298.6,14.6,N,0
-16.9693,130.8233,314.7,1.4,1.2,2014-10-28,1412,Terra,MODIS,88,6.2,298.9,14.5,N,0
-16.9587,130.8214,321.4,1.4,1.2,2014-10-28,1412,Terra,MODIS,100,6.2,299.6,24.3,N,0
-16.9482,130.8194,317.6,1.4,1.2,2014-10-28,1412,Terra,MODIS,95,6.2,299.3,18,N,0
-16.9377,130.8175,309.8,1.4,1.2,2014-10-28,1412,Terra,MODIS,60,6.2,298.4,8.1,N,0
-18.7917,126.6454,321.4,1,1,2014-10-28,1412,Terra,MODIS,100,6.2,298.6,15.1,N,0
-18.7827,126.644,316.2,1,1,2014-10-28,1412,Terra,MODIS,93,6.2,298.8,10.5,N,0
-20.0233,123.921,312.9,1.3,1.1,2014-10-28,1412,Terra,MODIS,86,6.2,297.4,13.1,N,0
-21.0728,121.5434,358.8,2,1.4,2014-10-28,1412,Terra,MODIS,100,6.2,290.2,219.5,N,0
-21.0707,121.5627,393.7,2,1.4,2014-10-28,1412,Terra,MODIS,100,6.2,299.1,582.2,N,0
-18.4556,130.6925,309.7,1.3,1.1,2014-10-28,1412,Terra,MODIS,49,6.2,295.8,9.8,N,0
-18.4434,130.703,365.5,1.3,1.1,2014-10-28,1412,Terra,MODIS,100,6.2,299.2,148.2,N,0
-18.4454,130.6906,308.3,1.3,1.1,2014-10-28,1412,Terra,MODIS,19,6.2,296.1,7.9,N,0
-21.1265,121.5355,349.5,2,1.4,2014-10-28,1412,Terra,MODIS,100,6.2,296.7,160.1,N,0
-21.1245,121.5548,318.5,2,1.4,2014-10-28,1412,Terra,MODIS,97,6.2,295.1,35,N,0
-18.4475,130.742,313.2,1.3,1.1,2014-10-28,1412,Terra,MODIS,86,6.2,296.3,13.4,N,0
-18.4454,130.7545,324.3,1.3,1.1,2014-10-28,1412,Terra,MODIS,100,6.2,297.4,29.9,N,0
-18.4577,130.7439,310.6,1.3,1.1,2014-10-28,1412,Terra,MODIS,48,6.2,296.1,10.5,N,0
-18.4557,130.7563,378.2,1.3,1.1,2014-10-28,1412,Terra,MODIS,100,6.2,305,217,N,0
-18.4536,130.7688,348,1.3,1.1,2014-10-28,1412,Terra,MODIS,100,6.2,300.2,85.1,N,0
-21.1225,121.5493,337.8,2,1.4,2014-10-28,1412,Terra,MODIS,100,6.2,295.9,97.5,N,0
-21.1246,121.53,341,2,1.4,2014-10-28,1412,Terra,MODIS,100,6.2,296,114,N,0
-21.108,121.567,320.2,2,1.4,2014-10-28,1412,Terra,MODIS,94,6.2,295.5,35.7,N,0
-21.0955,121.5656,366.9,2,1.4,2014-10-28,1412,Terra,MODIS,100,6.2,299.9,274.6,N,0
-21.1101,121.5478,321.2,2,1.4,2014-10-28,1412,Terra,MODIS,89,6.2,295.5,38.2,N,0
-19.2241,131.8823,308.3,1.5,1.2,2014-10-28,1412,Terra,MODIS,47,6.2,296.4,11.8,N,0
-21.0976,121.5464,355,2,1.4,2014-10-28,1412,Terra,MODIS,100,6.2,297.4,191.6,N,0
-19.2217,131.8967,313.4,1.5,1.2,2014-10-28,1412,Terra,MODIS,87,6.2,295.4,18.8,N,0
-19.235,131.8844,307.4,1.5,1.2,2014-10-28,1412,Terra,MODIS,18,6.2,295.8,10.4,N,0
-19.2326,131.8988,318.4,1.5,1.2,2014-10-28,1412,Terra,MODIS,97,6.2,295.2,26.8,N,0
-21.079,121.6022,309.9,2,1.4,2014-10-28,1412,Terra,MODIS,70,6.2,294.5,16.7,N,0
-21.0811,121.5833,328.4,2,1.4,2014-10-28,1412,Terra,MODIS,100,6.2,295.8,63,N,0
-21.0831,121.5642,404.7,2,1.4,2014-10-28,1412,Terra,MODIS,100,6.2,303.6,757.1,N,0
-20.5128,125.4403,338.6,1.1,1.1,2014-10-28,1412,Terra,MODIS,100,6.2,299.2,46,N,0
-20.5114,125.451,351.7,1.1,1.1,2014-10-28,1412,Terra,MODIS,100,6.2,300.4,75,N,0
-21.0852,121.5449,379.1,2,1.4,2014-10-28,1412,Terra,MODIS,100,6.2,296.4,399.2,N,0
-19.4175,131.8289,314.3,1.5,1.2,2014-10-28,1412,Terra,MODIS,44,6.2,293.1,22.2,N,0
-21.0687,121.5819,327.4,2,1.4,2014-10-28,1412,Terra,MODIS,42,6.2,295.7,56.7,N,0
-18.4515,130.7172,340,1.3,1.1,2014-10-28,1412,Terra,MODIS,100,6.2,299,60.2,N,0
-20.491,125.2774,307.6,1.1,1.1,2014-10-28,1412,Terra,MODIS,69,6.2,296.9,7.2,N,0
-18.4536,130.7048,373.7,1.3,1.1,2014-10-28,1412,Terra,MODIS,100,6.2,304.2,188.6,N,0
-21.0561,121.5543,352.9,2,1.4,2014-10-28,1412,Terra,MODIS,100,6.2,285,178.4,N,0
-21.054,121.5736,383.7,2,1.4,2014-10-28,1412,Terra,MODIS,100,6.2,296,448.9,N,0
-21.0518,121.5926,325.4,2,1.4,2014-10-28,1412,Terra,MODIS,55,6.2,294.2,55,N,0
-21.0624,121.5226,314.4,2,1.4,2014-10-28,1412,Terra,MODIS,16,6.2,277.9,34.7,N,0
-21.0603,121.5419,326.3,2,1.4,2014-10-28,1412,Terra,MODIS,86,6.2,281.7,57.4,N,0
-21.0583,121.5612,390.5,2,1.4,2014-10-28,1412,Terra,MODIS,100,6.2,292.8,535.2,N,0
-21.0563,121.5804,376.3,2,1.4,2014-10-28,1412,Terra,MODIS,100,6.2,297.2,365.1,N,0
-21.0748,121.5241,322.2,2,1.4,2014-10-28,1412,Terra,MODIS,26,6.2,281.7,48.1,N,0
-18.613,128.8925,313.7,1.1,1,2014-10-28,1412,Terra,MODIS,87,6.2,297.6,10.6,N,0
-18.6145,128.8824,310.6,1.1,1,2014-10-28,1412,Terra,MODIS,80,6.2,297.7,7.8,N,0
-15.7541,124.5368,306.5,1.1,1,2014-10-28,1413,Terra,MODIS,55,6.2,295.4,5.3,N,0
-15.6301,128.3356,325.8,1.1,1,2014-10-28,1413,Terra,MODIS,100,6.2,300.6,21.3,N,0
-15.6394,128.3372,310.9,1.1,1,2014-10-28,1413,Terra,MODIS,30,6.2,299.2,5.7,N,0
-15.6379,128.3473,334.7,1.1,1,2014-10-28,1413,Terra,MODIS,100,6.2,300.5,34.3,N,0
-15.6286,128.3458,313.1,1.1,1,2014-10-28,1413,Terra,MODIS,50,6.2,298.7,7.8,N,0
-12.8235,132.9982,308.9,2.4,1.5,2014-10-28,1413,Terra,MODIS,74,6.2,298,21.4,N,0
-15.8734,125.8301,310.2,1,1,2014-10-28,1413,Terra,MODIS,70,6.2,297.2,6.9,N,0
-15.8747,125.8206,317.1,1,1,2014-10-28,1413,Terra,MODIS,94,6.2,297,12.6,N,0
-15.8022,125.8806,305.7,1,1,2014-10-28,1413,Terra,MODIS,36,6.2,294.7,4.3,N,0
-15.8035,125.8712,310.3,1,1,2014-10-28,1413,Terra,MODIS,75,6.2,295,7.5,N,0
-15.8048,125.8618,308.7,1,1,2014-10-28,1413,Terra,MODIS,57,6.2,295.4,6.1,N,0
-12.9497,132.9583,309.3,2.4,1.5,2014-10-28,1413,Terra,MODIS,63,6.2,296.4,17.8,N,0
-15.7886,126.1745,306.4,1,1,2014-10-28,1413,Terra,MODIS,56,6.2,295.4,4.6,N,0
-15.7776,125.9249,314.8,1,1,2014-10-28,1413,Terra,MODIS,88,6.2,297.3,9.8,N,0
-15.7686,125.9235,309.6,1,1,2014-10-28,1413,Terra,MODIS,49,6.2,296.8,5.4,N,0
-15.7899,126.1652,308.8,1,1,2014-10-28,1413,Terra,MODIS,68,6.2,295.7,6.5,N,0
-15.7912,126.1558,309.4,1,1,2014-10-28,1413,Terra,MODIS,71,6.2,296,6.7,N,0
-13.4396,134.028,311.8,2.8,1.6,2014-10-28,1413,Terra,MODIS,82,6.2,295.6,38.7,N,0
-13.4377,134.0221,324.1,2.8,1.6,2014-10-28,1413,Terra,MODIS,100,6.2,296.6,91.8,N,0
-13.073,131.6087,309.9,1.9,1.3,2014-10-28,1413,Terra,MODIS,40,6.2,295.7,17.3,N,0
-14.5938,131.1828,354.2,1.6,1.3,2014-10-28,1413,Terra,MODIS,100,6.2,302.7,139.2,N,0
-14.5963,131.1679,408.2,1.6,1.3,2014-10-28,1413,Terra,MODIS,100,6.2,312.2,618,N,0
-14.5988,131.153,348.4,1.6,1.3,2014-10-28,1413,Terra,MODIS,100,6.2,301.7,110.9,N,0
-14.6013,131.1379,316.6,1.6,1.3,2014-10-28,1413,Terra,MODIS,90,6.2,300.7,20,N,0
-14.5851,131.1658,345.2,1.6,1.3,2014-10-28,1413,Terra,MODIS,100,6.2,300.6,97.4,N,0
-14.5876,131.151,343.8,1.6,1.3,2014-10-28,1413,Terra,MODIS,100,6.2,300.3,91.4,N,0
-14.5901,131.136,375.1,1.6,1.3,2014-10-28,1413,Terra,MODIS,100,6.2,304,261.9,N,0
-14.5842,131.1747,344.7,1.6,1.3,2014-10-28,1413,Terra,MODIS,100,6.2,301,97,N,0
-14.5866,131.1597,357.7,1.6,1.3,2014-10-28,1413,Terra,MODIS,100,6.2,302.6,154.6,N,0
-14.589,131.1448,346.6,1.6,1.3,2014-10-28,1413,Terra,MODIS,100,6.2,301.5,102.6,N,0
-14.5914,131.1297,367,1.6,1.3,2014-10-28,1413,Terra,MODIS,100,6.2,305.7,205.9,N,0
-13.4467,133.9705,310.4,2.8,1.6,2014-10-28,1413,Terra,MODIS,79,6.2,295.7,36.3,N,0
-13.4423,133.9962,365,2.8,1.6,2014-10-28,1413,Terra,MODIS,100,6.2,300.7,444.2,N,0
-13.449,133.9762,325.9,2.8,1.6,2014-10-28,1413,Terra,MODIS,100,6.2,296.4,97.7,N,0
-13.6292,132.3698,318.9,2.1,1.4,2014-10-28,1413,Terra,MODIS,97,6.2,297.6,39.4,N,0
-13.6289,132.3631,307.7,2.1,1.4,2014-10-28,1413,Terra,MODIS,69,6.2,297.2,14.7,N,0
-14.5704,131.1881,333.7,1.6,1.3,2014-10-28,1413,Terra,MODIS,100,6.2,299.3,61.1,N,0
-14.568,131.2033,338,1.6,1.3,2014-10-28,1413,Terra,MODIS,100,6.2,300,75,N,0
-14.5817,131.1898,341.9,1.6,1.3,2014-10-28,1413,Terra,MODIS,100,6.2,301.2,87.3,N,0
-14.5793,131.2052,311.3,1.6,1.3,2014-10-28,1413,Terra,MODIS,78,6.2,299,13,N,0
-14.5687,131.1943,340.5,1.6,1.3,2014-10-28,1413,Terra,MODIS,100,6.2,299.8,82.3,N,0
-14.5661,131.2095,311.2,1.6,1.3,2014-10-28,1413,Terra,MODIS,78,6.2,298.6,12.6,N,0
-14.5825,131.1809,339.5,1.6,1.3,2014-10-28,1413,Terra,MODIS,100,6.2,300.3,77.9,N,0
-14.58,131.196,348,1.6,1.3,2014-10-28,1413,Terra,MODIS,100,6.2,301.5,111.3,N,0
-13.1117,131.598,318,1.9,1.3,2014-10-28,1413,Terra,MODIS,96,6.2,295.2,35.6,N,0
-13.1163,131.6045,308.3,1.9,1.3,2014-10-28,1413,Terra,MODIS,72,6.2,295.1,16.9,N,0
-14.4408,130.8493,310,1.6,1.2,2014-10-28,1413,Terra,MODIS,16,6.2,298,11.5,N,0
-13.4443,134.0019,368.2,2.8,1.6,2014-10-28,1413,Terra,MODIS,100,6.2,300.5,485.5,N,0
-13.0639,131.5894,316.9,1.9,1.3,2014-10-28,1413,Terra,MODIS,94,6.2,295.4,30.1,N,0
-13.061,131.6066,311.5,1.9,1.3,2014-10-28,1413,Terra,MODIS,41,6.2,294.5,19.2,N,0
-13.0758,131.5915,310.3,1.9,1.3,2014-10-28,1413,Terra,MODIS,73,6.2,295.8,17.9,N,0
-14.5864,131.0891,348.8,1.6,1.2,2014-10-28,1413,Terra,MODIS,100,6.2,301.4,109.5,N,0
-14.4829,130.8779,312.5,1.6,1.2,2014-10-28,1413,Terra,MODIS,34,6.2,297.7,13.6,N,0
-14.505,130.8817,317.1,1.6,1.2,2014-10-28,1413,Terra,MODIS,87,6.2,298.1,20.7,N,0
-14.5026,130.8963,311.9,1.6,1.2,2014-10-28,1413,Terra,MODIS,68,6.2,298,12,N,0
-14.585,131.0978,322.6,1.6,1.3,2014-10-28,1413,Terra,MODIS,100,6.2,299.3,29.3,N,0
-13.5534,132.3505,308.6,2.1,1.4,2014-10-28,1413,Terra,MODIS,69,6.2,296.1,16.1,N,0
-14.4302,131.4668,327.2,1.7,1.3,2014-10-28,1413,Terra,MODIS,100,6.2,298.9,49,N,0
-13.5498,132.3642,307.4,2.1,1.4,2014-10-28,1413,Terra,MODIS,38,6.2,296.6,12.7,N,0
-14.434,131.4618,312.6,1.7,1.3,2014-10-28,1413,Terra,MODIS,82,6.2,298.5,17.8,N,0
-14.4225,131.4596,321,1.7,1.3,2014-10-28,1413,Terra,MODIS,100,6.2,298.6,34.2,N,0
-13.6258,132.3817,323.2,2.1,1.4,2014-10-28,1413,Terra,MODIS,100,6.2,297.5,53.4,N,0
-13.626,132.3884,316,2.1,1.4,2014-10-28,1413,Terra,MODIS,92,6.2,297.1,31.9,N,0
-13.1491,133.0826,309.2,2.4,1.5,2014-10-28,1413,Terra,MODIS,40,6.2,298.2,18,N,0
-14.5795,130.9901,368.7,1.6,1.2,2014-10-28,1413,Terra,MODIS,100,6.2,304.9,210.5,N,0
-14.5771,131.0047,416.3,1.6,1.2,2014-10-28,1413,Terra,MODIS,100,6.2,316.5,710.8,N,0
-13.1508,133.0994,309.1,2.4,1.5,2014-10-28,1413,Terra,MODIS,70,6.2,298.3,17.7,N,0
-14.3315,131.4531,319.5,1.7,1.3,2014-10-28,1413,Terra,MODIS,99,6.2,298.3,31.2,N,0
-14.5747,131.0194,418.9,1.6,1.2,2014-10-28,1413,Terra,MODIS,100,6.2,317.5,754.7,N,0
-14.5858,131.0215,317.7,1.6,1.2,2014-10-28,1413,Terra,MODIS,95,6.2,300.4,20.6,N,0
-14.3912,132.599,315.1,2.1,1.4,2014-10-28,1413,Terra,MODIS,89,6.2,298.3,29.2,N,0
-13.1722,133.1087,309.1,2.4,1.5,2014-10-28,1413,Terra,MODIS,55,6.2,297.8,19,N,0
-14.5708,130.9735,336.4,1.6,1.2,2014-10-28,1413,Terra,MODIS,100,6.2,299.6,64.4,N,0
-14.5684,130.9881,356.7,1.6,1.2,2014-10-28,1413,Terra,MODIS,100,6.2,301.8,142.7,N,0
-14.566,131.0027,336.8,1.6,1.2,2014-10-28,1413,Terra,MODIS,100,6.2,299.6,65.3,N,0
-14.5636,131.0174,312.7,1.6,1.2,2014-10-28,1413,Terra,MODIS,65,6.2,298.1,12.9,N,0
-13.5276,132.4193,310.9,2.1,1.4,2014-10-28,1413,Terra,MODIS,80,6.2,297.3,20,N,0
-13.5307,132.4062,307.4,2.1,1.4,2014-10-28,1413,Terra,MODIS,27,6.2,296.8,10.8,N,0
-14.5152,130.9639,311.3,1.6,1.2,2014-10-28,1413,Terra,MODIS,78,6.2,298.1,12.4,N,0
-14.5926,131.121,362.8,1.6,1.3,2014-10-28,1413,Terra,MODIS,100,6.2,303.6,180,N,0
-14.5951,131.106,317.3,1.6,1.3,2014-10-28,1413,Terra,MODIS,94,6.2,299.6,20.3,N,0
-14.5938,131.1148,333.1,1.6,1.3,2014-10-28,1413,Terra,MODIS,100,6.2,301.6,55.7,N,0
-14.5668,130.928,386.4,1.6,1.2,2014-10-28,1413,Terra,MODIS,100,6.2,307.3,343.7,N,0
-14.5644,130.9425,355.9,1.6,1.2,2014-10-28,1413,Terra,MODIS,100,6.2,301.7,138.4,N,0
-14.562,130.957,313.5,1.6,1.2,2014-10-28,1413,Terra,MODIS,84,6.2,298,14.9,N,0
-14.5731,130.9589,314,1.6,1.2,2014-10-28,1413,Terra,MODIS,74,6.2,297.7,15.4,N,0
-13.0208,133.0008,308.3,2.4,1.5,2014-10-28,1413,Terra,MODIS,72,6.2,297.4,18.5,N,0
-14.4416,130.9902,314.3,1.6,1.2,2014-10-28,1413,Terra,MODIS,87,6.2,298.3,19.2,N,0
-14.5691,130.9137,347.9,1.6,1.2,2014-10-28,1413,Terra,MODIS,100,6.2,301.2,104.7,N,0
-14.5494,130.8953,314.3,1.6,1.2,2014-10-28,1413,Terra,MODIS,52,6.2,297.7,15.8,N,0
-13.0054,132.9309,309.1,2.4,1.5,2014-10-28,1413,Terra,MODIS,67,6.2,297.1,18.1,N,0
-14.5811,131.0509,405.6,1.6,1.2,2014-10-28,1413,Terra,MODIS,100,6.2,314.4,563.2,N,0
-14.5699,131.0489,341,1.6,1.2,2014-10-28,1413,Terra,MODIS,100,6.2,302.3,78.8,N,0
-14.5723,131.0341,381,1.6,1.2,2014-10-28,1413,Terra,MODIS,100,6.2,307.9,302,N,0
-14.5587,131.0469,345.1,1.6,1.2,2014-10-28,1413,Terra,MODIS,100,6.2,299.9,95.9,N,0
-14.2144,127.3332,307.2,1,1,2014-10-28,1413,Terra,MODIS,49,6.2,295.9,5,N,0
-15.0794,126.5716,307.7,1,1,2014-10-28,1413,Terra,MODIS,62,6.2,296.9,5.6,N,0
-15.0421,126.5752,306.6,1,1,2014-10-28,1413,Terra,MODIS,8,6.2,296.4,4.3,N,0
-15.0434,126.566,310.7,1,1,2014-10-28,1413,Terra,MODIS,70,6.2,295.8,7.1,N,0
-15.0268,126.5539,308.3,1,1,2014-10-28,1413,Terra,MODIS,65,6.2,296.4,5.4,N,0
-14.9597,126.5092,309.9,1,1,2014-10-28,1413,Terra,MODIS,73,6.2,296.2,7,N,0
-14.9686,126.5106,312.1,1,1,2014-10-28,1413,Terra,MODIS,79,6.2,296.9,7.8,N,0
-14.9583,126.5185,309.7,1,1,2014-10-28,1413,Terra,MODIS,72,6.2,296.9,6.8,N,0
-14.9673,126.5199,313.2,1,1,2014-10-28,1413,Terra,MODIS,83,6.2,297.4,8.7,N,0
-15.4362,126.1968,318.4,1,1,2014-10-28,1413,Terra,MODIS,96,6.2,296.9,13.4,N,0
-15.4348,126.2061,331.2,1,1,2014-10-28,1413,Terra,MODIS,100,6.2,297.6,27.7,N,0
-14.339,131.461,313.9,1.7,1.3,2014-10-28,1413,Terra,MODIS,86,6.2,298.3,20.3,N,0
-14.206,127.2638,307,1,1,2014-10-28,1413,Terra,MODIS,46,6.2,296.6,4,N,0
-14.6839,131.8855,317.1,1.8,1.3,2014-10-28,1413,Terra,MODIS,93,6.2,295.6,33,N,0
-14.6811,131.9025,327.4,1.8,1.3,2014-10-28,1413,Terra,MODIS,100,6.2,295.6,59.1,N,0
-14.2158,127.3237,308.9,1,1,2014-10-28,1413,Terra,MODIS,61,6.2,296.2,5.9,N,0
-14.5563,131.0618,326.8,1.6,1.2,2014-10-28,1413,Terra,MODIS,100,6.2,298.9,40.5,N,0
-14.5675,131.0638,317.4,1.6,1.2,2014-10-28,1413,Terra,MODIS,94,6.2,299.3,20.4,N,0
-14.5787,131.0657,367.5,1.6,1.2,2014-10-28,1413,Terra,MODIS,100,6.2,306.3,204.7,N,0
-14.5762,131.0807,346.2,1.6,1.2,2014-10-28,1413,Terra,MODIS,100,6.2,301.4,98.2,N,0
-14.5898,131.0677,421.5,1.6,1.2,2014-10-28,1413,Terra,MODIS,100,6.2,318,807.5,N,0
-14.5874,131.0827,365.2,1.6,1.2,2014-10-28,1413,Terra,MODIS,100,6.2,304.4,191.1,N,0
-14.5915,131.0592,428.7,1.6,1.2,2014-10-28,1413,Terra,MODIS,100,6.2,319.5,935.2,N,0
-14.589,131.0741,405.6,1.6,1.2,2014-10-28,1413,Terra,MODIS,100,6.2,311.8,567.6,N,0
-13.6962,130.412,306.5,1.5,1.2,2014-10-28,1413,Terra,MODIS,36,6.2,295.3,9.2,N,0
-13.707,130.4138,308.7,1.5,1.2,2014-10-28,1413,Terra,MODIS,52,6.2,295,12.2,N,0
-14.5939,131.0445,345,1.6,1.2,2014-10-28,1413,Terra,MODIS,100,6.2,302.7,93.8,N,0
-14.5922,131.0529,404.3,1.6,1.2,2014-10-28,1413,Terra,MODIS,100,6.2,312.8,547.8,N,0
-14.5946,131.0382,310.9,1.6,1.2,2014-10-28,1413,Terra,MODIS,40,6.2,299.4,9.7,N,0
-14.5834,131.0362,379.1,1.6,1.2,2014-10-28,1413,Terra,MODIS,100,6.2,308.2,286.7,N,0
-12.6683,142.3696,303.8,1.7,1.3,2014-10-28,1538,Aqua,MODIS,57,6.2,292.1,12.8,N,0
-12.6657,142.3541,313.3,1.7,1.3,2014-10-28,1538,Aqua,MODIS,87,6.2,292.4,27,N,0
-14.9947,145.0478,316.4,1.1,1,2014-10-28,1539,Aqua,MODIS,93,6.2,291.6,16.1,N,0
-14.1476,141.8578,313.7,1.7,1.3,2014-10-28,1539,Aqua,MODIS,88,6.2,292.4,27.6,N,0
-17.0523,142.7336,307.8,1.4,1.2,2014-10-28,1539,Aqua,MODIS,72,6.2,296.7,8,N,0
-17.0441,142.748,316.2,1.3,1.2,2014-10-28,1539,Aqua,MODIS,93,6.2,297,17,N,0
-16.9019,142.747,308.4,1.4,1.2,2014-10-28,1539,Aqua,MODIS,74,6.2,296.2,9.3,N,0
-17.042,142.7355,313.9,1.4,1.2,2014-10-28,1539,Aqua,MODIS,88,6.2,297,14.1,N,0
-17.0368,142.7433,313.3,1.4,1.2,2014-10-28,1539,Aqua,MODIS,74,6.2,297.1,13.2,N,0
-17.124,145.5473,304,1,1,2014-10-28,1539,Aqua,MODIS,27,6.2,288.9,6.2,N,0
-17.1081,145.5567,312.7,1,1,2014-10-28,1539,Aqua,MODIS,28,6.2,292.6,10.9,N,0
-17.099,145.5582,319.3,1,1,2014-10-28,1539,Aqua,MODIS,86,6.2,292.9,16.5,N,0
-17.1254,145.5569,310,1,1,2014-10-28,1539,Aqua,MODIS,74,6.2,291,10,N,0
-15.1615,145.1818,307.8,1.1,1,2014-10-28,1539,Aqua,MODIS,73,6.2,292.9,9,N,0
-17.0762,145.5909,324.8,1,1,2014-10-28,1539,Aqua,MODIS,100,6.2,293.4,22.7,N,0
-17.0719,145.5625,316.4,1,1,2014-10-28,1539,Aqua,MODIS,78,6.2,293.3,14.3,N,0
-17.0748,145.5815,322.2,1,1,2014-10-28,1539,Aqua,MODIS,79,6.2,294.2,19.1,N,0
-17.0838,145.5802,319.1,1,1,2014-10-28,1539,Aqua,MODIS,38,6.2,292.9,15.5,N,0
-17.0776,145.6005,307.1,1,1,2014-10-28,1539,Aqua,MODIS,70,6.2,289.9,7.9,N,0
-14.9962,145.0579,343.4,1.1,1,2014-10-28,1539,Aqua,MODIS,100,6.2,294.1,56,N,0
-15.0981,145.1874,305,1.1,1,2014-10-28,1539,Aqua,MODIS,57,6.2,291.5,7.1,N,0
-15.4711,142.4569,314.4,1.5,1.2,2014-10-28,1539,Aqua,MODIS,89,6.2,296.5,18.3,N,0
-15.5037,142.3727,322.9,1.5,1.2,2014-10-28,1539,Aqua,MODIS,100,6.2,295.4,34.5,N,0
-15.475,142.4134,310.4,1.5,1.2,2014-10-28,1539,Aqua,MODIS,80,6.2,294.8,14.5,N,0
-16.3804,142.6795,305.8,1.4,1.2,2014-10-28,1539,Aqua,MODIS,46,6.2,295.2,7.6,N,0
-15.1355,142.7231,306.7,1.5,1.2,2014-10-28,1539,Aqua,MODIS,27,6.2,293,9.7,N,0
-15.3269,142.5655,304.6,1.5,1.2,2014-10-28,1539,Aqua,MODIS,61,6.2,294.1,9.1,N,0
-14.9978,145.0679,307.7,1.1,1,2014-10-28,1539,Aqua,MODIS,72,6.2,291.5,9,N,0
-15.4898,142.3676,306,1.5,1.2,2014-10-28,1539,Aqua,MODIS,18,6.2,293.7,9.5,N,0
-15.5122,142.3568,321,1.5,1.2,2014-10-28,1539,Aqua,MODIS,100,6.2,294.6,32,N,0
-15.4016,142.5316,320.9,1.5,1.2,2014-10-28,1539,Aqua,MODIS,100,6.2,294.6,28.7,N,0
-15.5146,142.3707,333.7,1.5,1.2,2014-10-28,1539,Aqua,MODIS,100,6.2,296.4,59.5,N,0
-15.4819,142.4549,332.5,1.5,1.2,2014-10-28,1539,Aqua,MODIS,100,6.2,297,54,N,0
-15.503,142.3797,308.1,1.5,1.2,2014-10-28,1539,Aqua,MODIS,23,6.2,294.8,10.9,N,0
-15.4905,142.3606,313.5,1.5,1.2,2014-10-28,1539,Aqua,MODIS,77,6.2,294,18.7,N,0
-15.1462,142.7213,312.3,1.5,1.2,2014-10-28,1539,Aqua,MODIS,23,6.2,293.6,15.2,N,0
-15.4796,142.4411,343.6,1.5,1.2,2014-10-28,1539,Aqua,MODIS,100,6.2,297.3,85.5,N,0
-15.1631,142.6906,312.5,1.5,1.2,2014-10-28,1539,Aqua,MODIS,26,6.2,294.5,16,N,0
-15.5007,142.3657,313.1,1.5,1.2,2014-10-28,1539,Aqua,MODIS,71,6.2,294.7,18.2,N,0
-15.4209,142.514,308.4,1.5,1.2,2014-10-28,1539,Aqua,MODIS,18,6.2,294.3,10.4,N,0
-15.1675,142.7175,306.5,1.5,1.2,2014-10-28,1539,Aqua,MODIS,8,6.2,292.7,9.9,N,0
-15.3931,142.5471,309.7,1.5,1.2,2014-10-28,1539,Aqua,MODIS,70,6.2,294.7,13.3,N,0
-15.1653,142.7041,311.4,1.5,1.2,2014-10-28,1539,Aqua,MODIS,42,6.2,292.6,14.6,N,0
-15.1569,142.7194,324.7,1.5,1.2,2014-10-28,1539,Aqua,MODIS,100,6.2,293.7,35.3,N,0
-15.0331,145.0756,303.9,1.1,1,2014-10-28,1539,Aqua,MODIS,58,6.2,293,6.8,N,0
-21.9992,149.2606,306.8,1.4,1.2,2014-10-28,1540,Aqua,MODIS,69,6.2,290.7,11,N,0
-21.9887,149.2618,312.1,1.4,1.2,2014-10-28,1540,Aqua,MODIS,84,6.2,290.7,17.2,N,0
-20.4298,147.2833,303.7,1.1,1,2014-10-28,1540,Aqua,MODIS,55,6.2,292.3,5.3,N,0
-20.4283,147.2731,304.2,1.1,1,2014-10-28,1540,Aqua,MODIS,52,6.2,291.9,6,N,0
-22.0247,149.2503,302.2,1.4,1.2,2014-10-28,1540,Aqua,MODIS,9,6.2,291.1,6.4,N,0
-18.6628,145.9828,308.3,1,1,2014-10-28,1540,Aqua,MODIS,45,6.2,291.2,8.9,N,0
-18.2398,145.3102,300.8,1,1,2014-10-28,1540,Aqua,MODIS,9,6.2,286.9,4.8,N,0
-18.0657,145.9873,320.4,1,1,2014-10-28,1540,Aqua,MODIS,100,6.2,292.8,18.4,N,0
-18.6524,145.9748,305.8,1,1,2014-10-28,1540,Aqua,MODIS,12,6.2,290.8,7,N,0
-18.2934,145.9127,316.1,1,1,2014-10-28,1540,Aqua,MODIS,93,6.2,290.9,15.1,N,0
-18.6538,145.9843,306.6,1,1,2014-10-28,1540,Aqua,MODIS,14,6.2,290.9,7.5,N,0
-18.0671,145.9967,311.2,1,1,2014-10-28,1540,Aqua,MODIS,77,6.2,292.6,10.2,N,0
-18.0581,145.9982,301.9,1,1,2014-10-28,1540,Aqua,MODIS,27,6.2,290.8,4.9,N,0
-18.2489,145.3087,306,1,1,2014-10-28,1540,Aqua,MODIS,66,6.2,287.6,8.2,N,0
-22.1443,146.0073,306.3,1,1,2014-10-28,1541,Aqua,MODIS,34,6.2,295.7,4.5,N,0
-22.1512,145.9996,320.2,1,1,2014-10-28,1541,Aqua,MODIS,100,6.2,296.6,16.6,N,0
-21.7273,141.2476,311.4,1.4,1.2,2014-10-28,1541,Aqua,MODIS,16,6.2,296.4,11.3,N,0
-23.4022,147.2011,307.5,1.1,1.1,2014-10-28,1541,Aqua,MODIS,72,6.2,293.8,7.5,N,0
-23.4037,147.2124,311.8,1.1,1.1,2014-10-28,1541,Aqua,MODIS,83,6.2,294.4,11.3,N,0
-25.5367,150.8605,305.4,2,1.4,2014-10-28,1541,Aqua,MODIS,64,6.2,291.7,17.1,N,0
-24.3622,148.3372,302.6,1.3,1.1,2014-10-28,1541,Aqua,MODIS,50,6.2,290.9,8.1,N,0
-24.6073,150.5387,306,1.8,1.3,2014-10-28,1541,Aqua,MODIS,67,6.2,289.9,18,N,0
-24.5953,150.5402,302.1,1.8,1.3,2014-10-28,1541,Aqua,MODIS,43,6.2,290.5,11.8,N,0
-24.4203,146.8044,309.8,1.1,1,2014-10-28,1541,Aqua,MODIS,78,6.2,291.7,10.9,N,0
-28.5972,152.3408,300.2,2.8,1.6,2014-10-28,1542,Aqua,MODIS,20,6.2,288.6,23.2,N,0
-28.5949,152.3122,300.6,2.7,1.6,2014-10-28,1542,Aqua,MODIS,31,6.2,288.5,24,N,0
-28.8018,151.9384,304.5,2.6,1.5,2014-10-28,1542,Aqua,MODIS,49,6.2,288.3,31.1,N,0
-26.1983,149.6068,303.3,1.7,1.3,2014-10-28,1542,Aqua,MODIS,54,6.2,291.2,12.3,N,0
-29.5702,152.3508,311.8,2.8,1.6,2014-10-28,1542,Aqua,MODIS,77,6.2,289,53,N,0
-28.8093,151.8607,304.8,2.6,1.5,2014-10-28,1542,Aqua,MODIS,52,6.2,282.5,33.5,N,0
-28.5919,152.3172,301.1,2.7,1.6,2014-10-28,1542,Aqua,MODIS,37,6.2,288.7,25.2,N,0
-26.3709,149.5208,300.1,1.6,1.3,2014-10-28,1542,Aqua,MODIS,18,6.2,290,8.7,N,0
-26.3726,149.5372,315.1,1.6,1.3,2014-10-28,1542,Aqua,MODIS,91,6.2,292.4,29.9,N,0
-28.7878,151.9403,315.4,2.6,1.5,2014-10-28,1542,Aqua,MODIS,88,6.2,287.1,60.7,N,0
-29.5678,152.3208,314.7,2.8,1.6,2014-10-28,1542,Aqua,MODIS,83,6.2,288.6,62.2,N,0
-29.5825,152.3214,302.3,2.8,1.6,2014-10-28,1542,Aqua,MODIS,24,6.2,289.3,24.4,N,0
-29.5706,152.3433,316.9,2.8,1.6,2014-10-28,1542,Aqua,MODIS,94,6.2,289.3,70.2,N,0
-29.5684,152.314,307.5,2.8,1.6,2014-10-28,1542,Aqua,MODIS,31,6.2,287.9,36.1,N,0
-29.5804,152.2954,301,2.8,1.6,2014-10-28,1542,Aqua,MODIS,1,6.2,288.5,21,N,0
-31.0614,152.076,308.9,2.8,1.6,2014-10-28,1543,Aqua,MODIS,76,6.2,287.1,48.2,N,0
-31.0635,152.103,305.4,2.8,1.6,2014-10-28,1543,Aqua,MODIS,64,6.2,286.8,39.3,N,0
-14.2112,127.338,306,1.7,1.3,2014-10-28,1717,Aqua,MODIS,57,6.2,294.9,10.1,N,0
-14.2093,127.3225,305.4,1.7,1.3,2014-10-28,1717,Aqua,MODIS,60,6.2,294.7,9.5,N,0
-14.5765,131.022,306.8,3.2,1.7,2014-10-28,1717,Aqua,MODIS,69,6.2,294.9,30,N,0
-14.5811,131.2083,305.5,3.4,1.7,2014-10-28,1717,Aqua,MODIS,64,6.2,295.3,26.7,N,0
-13.6719,132.6344,313,4.2,1.9,2014-10-28,1717,Aqua,MODIS,86,6.2,294.2,86.1,N,0
-13.6683,132.6396,305.6,4.2,1.9,2014-10-28,1717,Aqua,MODIS,65,6.2,294.1,44.4,N,0
-13.6854,132.6376,304,4.2,1.9,2014-10-28,1717,Aqua,MODIS,55,6.2,293.7,38,N,0
-15.7921,125.8489,306.8,1.4,1.2,2014-10-28,1718,Aqua,MODIS,66,6.2,293.1,10.4,N,0
-15.7938,125.8618,308.3,1.4,1.2,2014-10-28,1718,Aqua,MODIS,72,6.2,293.7,11.5,N,0
-15.7955,125.8748,311.2,1.4,1.2,2014-10-28,1718,Aqua,MODIS,80,6.2,293.7,14,N,0
-15.8043,125.8603,318.7,1.4,1.2,2014-10-28,1718,Aqua,MODIS,97,6.2,294.8,23.6,N,0
-15.806,125.8734,313.5,1.4,1.2,2014-10-28,1718,Aqua,MODIS,86,6.2,294.6,16.2,N,0
-15.7885,126.1595,305.9,1.5,1.2,2014-10-28,1718,Aqua,MODIS,62,6.2,293.7,10.1,N,0
-16.9515,130.8259,311.7,3.4,1.7,2014-10-28,1718,Aqua,MODIS,69,6.2,296,45.7,N,0
-16.9469,130.8213,309,3.4,1.7,2014-10-28,1718,Aqua,MODIS,60,6.2,295.6,35.6,N,0
-16.9626,130.8197,306.8,3.4,1.7,2014-10-28,1718,Aqua,MODIS,31,6.2,295.4,27.4,N,0
-15.4095,126.2553,308.9,1.5,1.2,2014-10-28,1718,Aqua,MODIS,75,6.2,293.8,12.9,N,0
-15.4121,126.2482,314.2,1.5,1.2,2014-10-28,1718,Aqua,MODIS,88,6.2,294.1,19.4,N,0
-20.7824,125.8465,329.2,1.6,1.3,2014-10-28,1719,Aqua,MODIS,100,6.2,299.4,52.8,N,0
-20.7842,125.8622,323.1,1.6,1.3,2014-10-28,1719,Aqua,MODIS,100,6.2,296.7,39.4,N,0
-20.7955,125.8607,324.5,1.6,1.3,2014-10-28,1719,Aqua,MODIS,100,6.2,299.2,42.4,N,0
-20.9161,125.8218,314.6,1.6,1.3,2014-10-28,1719,Aqua,MODIS,81,6.2,294.8,26.2,N,0
-20.6316,124.1008,317.7,1.3,1.1,2014-10-28,1719,Aqua,MODIS,95,6.2,296.9,18.4,N,0
-20.6299,124.0942,323.7,1.3,1.1,2014-10-28,1719,Aqua,MODIS,100,6.2,297.2,26.2,N,0
-20.6314,124.1062,317.6,1.3,1.1,2014-10-28,1719,Aqua,MODIS,95,6.2,297.2,18.3,N,0
-20.7806,125.8309,341.1,1.6,1.3,2014-10-28,1719,Aqua,MODIS,100,6.2,301,89.2,N,0
-20.6899,123.8394,310.5,1.2,1.1,2014-10-28,1719,Aqua,MODIS,80,6.2,296.2,9.6,N,0
-20.7327,124.0986,307.8,1.3,1.1,2014-10-28,1719,Aqua,MODIS,44,6.2,296.4,7.2,N,0
-20.7148,124.1188,307,1.3,1.1,2014-10-28,1719,Aqua,MODIS,70,6.2,296.7,7.1,N,0
-20.7342,124.1106,307.9,1.3,1.1,2014-10-28,1719,Aqua,MODIS,60,6.2,296.6,7.6,N,0
-20.6201,124.0902,310.3,1.3,1.1,2014-10-28,1719,Aqua,MODIS,57,6.2,297.1,10.1,N,0
-20.6216,124.1022,314.2,1.3,1.1,2014-10-28,1719,Aqua,MODIS,76,6.2,297.2,13.9,N,0
-20.6301,124.0888,309.3,1.3,1.1,2014-10-28,1719,Aqua,MODIS,71,6.2,296.6,9.3,N,0
-20.6284,124.0822,312.8,1.3,1.1,2014-10-28,1719,Aqua,MODIS,51,6.2,296.6,12.6,N,0
-20.6906,123.8567,317.5,1.2,1.1,2014-10-28,1719,Aqua,MODIS,95,6.2,296.4,17.3,N,0
-20.7372,124.1348,306.9,1.3,1.1,2014-10-28,1719,Aqua,MODIS,49,6.2,296.9,6.8,N,0
-20.6891,123.8451,319.5,1.2,1.1,2014-10-28,1719,Aqua,MODIS,99,6.2,296.8,19.6,N,0
-20.777,125.7996,320.1,1.6,1.2,2014-10-28,1719,Aqua,MODIS,100,6.2,295,35.1,N,0
-20.7974,125.8763,317.9,1.6,1.3,2014-10-28,1719,Aqua,MODIS,96,6.2,296.6,29,N,0
-20.7788,125.8152,339,1.6,1.3,2014-10-28,1719,Aqua,MODIS,100,6.2,299.3,82.7,N,0
-20.6914,123.8511,327.9,1.2,1.1,2014-10-28,1719,Aqua,MODIS,100,6.2,296.9,31.5,N,0
-21.818,125.8388,307.6,1.7,1.3,2014-10-28,1719,Aqua,MODIS,72,6.2,295.4,13.7,N,0
-22.3467,124.4243,306.8,1.4,1.2,2014-10-28,1719,Aqua,MODIS,69,6.2,295.5,9.4,N,0
-19.7282,122.7991,349.5,1.1,1,2014-10-28,1719,Aqua,MODIS,100,6.2,299,64.9,N,0
-19.7361,122.7876,327.1,1.1,1,2014-10-28,1719,Aqua,MODIS,84,6.2,295.6,24.3,N,0
-19.7375,122.7977,347.2,1.1,1,2014-10-28,1719,Aqua,MODIS,100,6.2,296.7,59.7,N,0
-19.7454,122.7862,324,1.1,1,2014-10-28,1719,Aqua,MODIS,70,6.2,292.9,19.5,N,0
-21.226,124.8775,339,1.4,1.2,2014-10-28,1719,Aqua,MODIS,100,6.2,296.4,64.5,N,0
-21.2276,124.8912,380.4,1.4,1.2,2014-10-28,1719,Aqua,MODIS,100,6.2,303.1,254.1,N,0
-21.2293,124.905,313.6,1.4,1.2,2014-10-28,1719,Aqua,MODIS,87,6.2,296.7,15.7,N,0
-21.24,124.9036,341.3,1.4,1.2,2014-10-28,1719,Aqua,MODIS,100,6.2,298.3,72.5,N,0
-21.2383,124.8898,400.6,1.4,1.2,2014-10-28,1719,Aqua,MODIS,100,6.2,304,425.9,N,0
-21.2366,124.8761,311.1,1.4,1.2,2014-10-28,1719,Aqua,MODIS,82,6.2,295.2,13.1,N,0
-22.311,124.0467,310.7,1.3,1.1,2014-10-28,1719,Aqua,MODIS,81,6.2,296.5,11.7,N,0
-22.3094,124.0341,315.8,1.3,1.1,2014-10-28,1719,Aqua,MODIS,92,6.2,296.9,17.5,N,0
-22.3008,124.0481,318,1.3,1.1,2014-10-28,1719,Aqua,MODIS,96,6.2,296.7,20.4,N,0
-21.4193,124.7019,307.1,1.4,1.2,2014-10-28,1719,Aqua,MODIS,69,6.2,295.9,9,N,0
-21.4416,124.7947,320.9,1.4,1.2,2014-10-28,1719,Aqua,MODIS,100,6.2,298.2,25.5,N,0
-21.44,124.7812,348.4,1.4,1.2,2014-10-28,1719,Aqua,MODIS,100,6.2,298.4,92.9,N,0
-21.4327,124.8098,308.6,1.4,1.2,2014-10-28,1719,Aqua,MODIS,75,6.2,297,10.2,N,0
-21.431,124.7962,389.4,1.4,1.2,2014-10-28,1719,Aqua,MODIS,100,6.2,306.2,318.8,N,0
-21.4294,124.7826,396.9,1.4,1.2,2014-10-28,1719,Aqua,MODIS,100,6.2,309.5,383.3,N,0
-22.3777,124.0963,308.8,1.3,1.1,2014-10-28,1719,Aqua,MODIS,41,6.2,293.4,9.9,N,0
-22.3762,124.0835,312.1,1.3,1.1,2014-10-28,1719,Aqua,MODIS,84,6.2,289.7,13.4,N,0
-22.3545,124.1442,307,1.3,1.1,2014-10-28,1719,Aqua,MODIS,47,6.2,295.8,6.3,N,0
-22.3529,124.1314,314.5,1.3,1.1,2014-10-28,1719,Aqua,MODIS,83,6.2,297.7,13.7,N,0
-22.348,124.093,318,1.3,1.1,2014-10-28,1719,Aqua,MODIS,96,6.2,297.8,18.4,N,0
-22.3458,124.1585,326.9,1.3,1.1,2014-10-28,1719,Aqua,MODIS,100,6.2,297.3,32.3,N,0
-22.3442,124.1457,360.2,1.3,1.1,2014-10-28,1719,Aqua,MODIS,100,6.2,301.1,125.4,N,0
-22.3426,124.1328,334.6,1.3,1.1,2014-10-28,1719,Aqua,MODIS,100,6.2,299.5,46.6,N,0
-22.341,124.1199,353.8,1.3,1.1,2014-10-28,1719,Aqua,MODIS,100,6.2,301.1,99.9,N,0
-22.3394,124.1072,337.5,1.3,1.1,2014-10-28,1719,Aqua,MODIS,100,6.2,299.6,53.2,N,0
-22.3378,124.0945,333.9,1.3,1.1,2014-10-28,1719,Aqua,MODIS,100,6.2,298.3,45.7,N,0
-22.3284,124.187,309.2,1.3,1.1,2014-10-28,1719,Aqua,MODIS,47,6.2,296.8,8.5,N,0
-22.3023,124.0608,322.7,1.3,1.1,2014-10-28,1719,Aqua,MODIS,100,6.2,296.7,27.3,N,0
-22.3062,124.177,316.9,1.3,1.1,2014-10-28,1719,Aqua,MODIS,67,6.2,299,16.7,N,0
-22.3046,124.1642,338,1.3,1.1,2014-10-28,1719,Aqua,MODIS,100,6.2,300,54.2,N,0
-22.303,124.1513,326.8,1.3,1.1,2014-10-28,1719,Aqua,MODIS,100,6.2,299.3,31.8,N,0
-22.2999,124.1256,317.4,1.3,1.1,2014-10-28,1719,Aqua,MODIS,95,6.2,298.2,18.6,N,0
-22.2983,124.1128,310.7,1.3,1.1,2014-10-28,1719,Aqua,MODIS,50,6.2,296.1,10.3,N,0
-22.2785,124.0967,307.5,1.3,1.1,2014-10-28,1719,Aqua,MODIS,66,6.2,296.3,8.1,N,0
-21.363,125.0787,327.1,1.5,1.2,2014-10-28,1719,Aqua,MODIS,100,6.2,295.6,42.3,N,0
-21.2031,124.8668,309.8,1.4,1.2,2014-10-28,1719,Aqua,MODIS,78,6.2,295.9,11.6,N,0
-21.421,124.7153,339.9,1.4,1.2,2014-10-28,1719,Aqua,MODIS,100,6.2,298.4,67.9,N,0
-21.4227,124.7287,308.6,1.4,1.2,2014-10-28,1719,Aqua,MODIS,75,6.2,296.8,10.3,N,0
-21.4277,124.7691,355.9,1.4,1.2,2014-10-28,1719,Aqua,MODIS,100,6.2,299,120.4,N,0
-21.2047,124.8803,318.6,1.4,1.2,2014-10-28,1719,Aqua,MODIS,97,6.2,296.7,22.8,N,0
-21.2063,124.894,313.4,1.4,1.2,2014-10-28,1719,Aqua,MODIS,87,6.2,295.8,15,N,0
-21.2121,124.8518,354.5,1.4,1.2,2014-10-28,1719,Aqua,MODIS,100,6.2,297.7,116.2,N,0
-21.2137,124.8653,402.5,1.4,1.2,2014-10-28,1719,Aqua,MODIS,100,6.2,304.2,442,N,0
-21.2153,124.879,449,1.4,1.2,2014-10-28,1719,Aqua,MODIS,100,6.2,317.7,1162.6,N,0
-21.217,124.8926,441.8,1.4,1.2,2014-10-28,1719,Aqua,MODIS,100,6.2,317.7,1017.6,N,0
-21.2186,124.9064,314.2,1.4,1.2,2014-10-28,1719,Aqua,MODIS,89,6.2,297.1,16.9,N,0
-21.9779,121.2735,303.2,1,1,2014-10-28,1719,Aqua,MODIS,44,6.2,284.5,5.8,N,0
-19.7347,122.7774,322.5,1.1,1,2014-10-28,1719,Aqua,MODIS,0,6.2,293.7,19,N,0
-19.744,122.776,337.3,1.1,1,2014-10-28,1719,Aqua,MODIS,100,6.2,291.1,39,N,0
-19.7533,122.7746,321.4,1.1,1,2014-10-28,1719,Aqua,MODIS,0,6.2,290.3,15.7,N,0
-19.7598,122.7529,340.8,1.1,1,2014-10-28,1719,Aqua,MODIS,100,6.2,283.7,46.5,N,0
-19.7612,122.7631,367.4,1.1,1,2014-10-28,1719,Aqua,MODIS,100,6.2,287.6,115.5,N,0
-19.7626,122.7732,386.1,1.1,1,2014-10-28,1719,Aqua,MODIS,100,6.2,297.2,194.1,N,0
-19.764,122.7834,322.8,1.1,1,2014-10-28,1719,Aqua,MODIS,25,6.2,291.9,18.8,N,0
-19.7705,122.7617,334.1,1.1,1,2014-10-28,1719,Aqua,MODIS,100,6.2,285.2,36.1,N,0
-21.7717,125.9175,309.6,1.7,1.3,2014-10-28,1719,Aqua,MODIS,78,6.2,295.6,16.8,N,0
-21.7793,125.9096,314.7,1.7,1.3,2014-10-28,1719,Aqua,MODIS,90,6.2,297.1,24.1,N,0
-21.7811,125.926,316.5,1.7,1.3,2014-10-28,1719,Aqua,MODIS,93,6.2,296.4,27.7,N,0
-21.7908,125.9082,309.7,1.7,1.3,2014-10-28,1719,Aqua,MODIS,78,6.2,296,16.9,N,0
-21.4315,124.7138,324.3,1.4,1.2,2014-10-28,1719,Aqua,MODIS,100,6.2,296.4,32.6,N,0
-21.4332,124.7272,341.3,1.4,1.2,2014-10-28,1719,Aqua,MODIS,100,6.2,297.1,71.1,N,0
-21.4383,124.7676,308.7,1.4,1.2,2014-10-28,1719,Aqua,MODIS,63,6.2,295.8,10.4,N,0
-21.2786,125.3156,328.1,1.5,1.2,2014-10-28,1719,Aqua,MODIS,100,6.2,288.6,49.1,N,0
-21.8198,125.855,304.9,1.7,1.3,2014-10-28,1719,Aqua,MODIS,59,6.2,294.8,10.8,N,0
-20.7226,117.0914,314.9,1.3,1.2,2014-10-28,1719,Aqua,MODIS,90,6.2,294.5,17.8,N,0
-20.7248,117.1041,306.5,1.3,1.1,2014-10-28,1719,Aqua,MODIS,68,6.2,294.8,8.3,N,0
-20.7351,117.1021,305.2,1.3,1.1,2014-10-28,1719,Aqua,MODIS,57,6.2,294.9,7,N,0
-20.6513,117.0849,319.6,1.4,1.2,2014-10-28,1719,Aqua,MODIS,99,6.2,295.3,24.6,N,0
-19.9863,123.9071,310.1,1.2,1.1,2014-10-28,1719,Aqua,MODIS,79,6.2,297.2,9.8,N,0
-19.9878,123.9186,310.4,1.2,1.1,2014-10-28,1719,Aqua,MODIS,80,6.2,297.2,9.7,N,0
-19.9893,123.9301,339.1,1.2,1.1,2014-10-28,1719,Aqua,MODIS,100,6.2,298.8,52.4,N,0
-19.9947,123.8942,314.2,1.2,1.1,2014-10-28,1719,Aqua,MODIS,89,6.2,296.5,14,N,0
-19.9961,123.9057,370.3,1.2,1.1,2014-10-28,1719,Aqua,MODIS,100,6.2,300.5,151.2,N,0
-19.9976,123.9172,355.2,1.2,1.1,2014-10-28,1719,Aqua,MODIS,100,6.2,299.5,94.1,N,0
-19.9991,123.9287,361.1,1.2,1.1,2014-10-28,1719,Aqua,MODIS,100,6.2,301.1,114.3,N,0
-20.0286,123.9244,306.7,1.2,1.1,2014-10-28,1719,Aqua,MODIS,69,6.2,296.5,6.7,N,0
-20.0302,123.9359,307.4,1.2,1.1,2014-10-28,1719,Aqua,MODIS,71,6.2,296.5,7.3,N,0
-21.4183,116.9625,309.3,1.3,1.1,2014-10-28,1720,Aqua,MODIS,77,6.2,293.4,12.7,N,0
-23.358,125.9854,324.8,1.8,1.3,2014-10-28,1720,Aqua,MODIS,100,6.2,295.7,51.6,N,0
-22.7869,124.5545,313.3,1.4,1.2,2014-10-28,1720,Aqua,MODIS,36,6.2,274.2,20,N,0
-24.1253,126.2506,316.9,1.9,1.4,2014-10-28,1720,Aqua,MODIS,92,6.2,289.4,39.1,N,0
-22.77,124.5481,313.5,1.4,1.2,2014-10-28,1720,Aqua,MODIS,32,6.2,279.3,17.1,N,0
-22.6283,124.3948,308.7,1.4,1.2,2014-10-28,1720,Aqua,MODIS,75,6.2,294.8,10.8,N,0
-22.6388,124.3933,427.5,1.4,1.2,2014-10-28,1720,Aqua,MODIS,100,6.2,310.9,737.2,N,0
-22.7047,124.3636,305.7,1.4,1.2,2014-10-28,1720,Aqua,MODIS,65,6.2,294.3,9,N,0
-22.651,124.4053,348.3,1.4,1.2,2014-10-28,1720,Aqua,MODIS,100,6.2,296.9,91.5,N,0
-22.6493,124.3918,355.8,1.4,1.2,2014-10-28,1720,Aqua,MODIS,100,6.2,296.9,117.9,N,0
-22.6405,124.4068,382.4,1.4,1.2,2014-10-28,1720,Aqua,MODIS,100,6.2,302.9,259.7,N,0
-22.7806,124.5467,341.5,1.4,1.2,2014-10-28,1720,Aqua,MODIS,100,6.2,276.4,74.5,N,0
-22.7896,124.5314,320.9,1.4,1.2,2014-10-28,1720,Aqua,MODIS,100,6.2,271,31.3,N,0
-22.7837,124.5268,309.7,1.4,1.2,2014-10-28,1720,Aqua,MODIS,78,6.2,271.3,17.3,N,0
-22.7853,124.5407,323.7,1.4,1.2,2014-10-28,1720,Aqua,MODIS,100,6.2,273.6,37.1,N,0
-28.8094,151.9418,320.4,2.7,1.6,2014-10-28,2329,Terra,MODIS,60,6.2,297.4,51.4,D,0
-28.8035,151.914,320.6,2.7,1.6,2014-10-28,2329,Terra,MODIS,56,6.2,297.5,49.2,D,0
-26.9991,152.1675,322.2,2.9,1.6,2014-10-28,2329,Terra,MODIS,45,6.2,309.4,34.5,D,0
-26.9935,152.1335,323.6,2.9,1.6,2014-10-28,2329,Terra,MODIS,25,6.2,311.7,39.1,D,0
-26.9932,152.1395,325.9,2.9,1.6,2014-10-28,2329,Terra,MODIS,70,6.2,311.5,55.5,D,0
-26.9996,152.1617,326.9,2.9,1.6,2014-10-28,2329,Terra,MODIS,63,6.2,310,54.3,D,0
-28.7954,151.946,319.9,2.7,1.6,2014-10-28,2329,Terra,MODIS,26,6.2,298.6,43.6,D,0
-28.602,152.3488,314.9,2.6,1.5,2014-10-28,2329,Terra,MODIS,36,6.2,297.9,29.5,D,0
-28.5395,152.2871,313.9,2.6,1.6,2014-10-28,2329,Terra,MODIS,20,6.2,300.4,26.1,D,0
-29.283,152.8733,318.2,2.3,1.5,2014-10-28,2329,Terra,MODIS,61,6.2,296.8,38.9,D,0
-29.5949,152.2737,324.2,2.5,1.5,2014-10-28,2329,Terra,MODIS,38,6.2,294.8,63.9,D,0
-29.5748,152.3129,317.9,2.5,1.5,2014-10-28,2329,Terra,MODIS,37,6.2,294,43.3,D,0
-29.6036,152.2477,328.4,2.5,1.5,2014-10-28,2329,Terra,MODIS,78,6.2,293.2,89.8,D,0
-29.609,152.2729,317,2.5,1.5,2014-10-28,2329,Terra,MODIS,25,6.2,294.3,40.7,D,0
-29.5801,152.3375,318,2.4,1.5,2014-10-28,2329,Terra,MODIS,37,6.2,294.1,44.2,D,0
-31.0673,152.125,324.3,2.3,1.5,2014-10-28,2330,Terra,MODIS,73,6.2,296.6,60.7,D,0
-31.6575,151.699,316.1,2.4,1.5,2014-10-28,2330,Terra,MODIS,63,6.2,295.6,33.3,D,0
-31.6507,151.693,315.4,2.4,1.5,2014-10-28,2330,Terra,MODIS,38,6.2,296.9,28.7,D,0
-34.4652,150.8864,310.7,2.3,1.5,2014-10-28,2331,Terra,MODIS,0,6.2,294.9,16.9,D,2
-33.2217,151.1629,308.3,2.4,1.5,2014-10-28,2331,Terra,MODIS,42,6.2,294,21.7,D,0
-33.2282,151.1537,309,2.4,1.5,2014-10-28,2331,Terra,MODIS,44,6.2,293.6,21.1,D,0
-13.7132,141.7063,345.3,1.1,1.1,2014-10-29,0103,Terra,MODIS,90,6.2,313.5,42.6,D,0
-12.2132,134.4083,325.5,1.8,1.3,2014-10-29,0103,Terra,MODIS,44,6.2,308,17.5,D,0
-12.7204,136.3857,345.9,1.3,1.1,2014-10-29,0103,Terra,MODIS,89,6.2,315.5,51,D,0
-12.7305,136.384,339.8,1.3,1.1,2014-10-29,0103,Terra,MODIS,83,6.2,313.2,35.8,D,0
-13.7118,141.696,343.4,1.1,1.1,2014-10-29,0103,Terra,MODIS,89,6.2,314,36.9,D,0
-12.73,136.3901,335,1.3,1.1,2014-10-29,0103,Terra,MODIS,76,6.2,313.4,26.2,D,0
-12.728,136.3783,328.3,1.3,1.1,2014-10-29,0103,Terra,MODIS,40,6.2,313.3,13,D,0
-12.3127,135.6284,332.5,1.5,1.2,2014-10-29,0103,Terra,MODIS,76,6.2,313.7,22.5,D,0
-13.7141,142.0997,334.4,1.2,1.1,2014-10-29,0103,Terra,MODIS,80,6.2,309.9,23.6,D,0
-13.7213,141.6946,335.6,1.1,1.1,2014-10-29,0103,Terra,MODIS,81,6.2,311.9,22.2,D,0
-13.7594,141.9023,332.4,1.2,1.1,2014-10-29,0103,Terra,MODIS,66,6.2,313.3,19.6,D,0
-13.7579,141.8917,336.7,1.1,1.1,2014-10-29,0103,Terra,MODIS,83,6.2,310,28,D,0
-13.7146,141.7167,324.7,1.1,1.1,2014-10-29,0103,Terra,MODIS,41,6.2,309.4,7.7,D,0
-12.4607,136.8155,326.2,1.2,1.1,2014-10-29,0103,Terra,MODIS,57,6.2,301.2,13.5,D,0
-13.3507,142.4204,328.5,1.2,1.1,2014-10-29,0103,Terra,MODIS,47,6.2,309.1,14.8,D,0
-12.457,136.664,335.9,1.3,1.1,2014-10-29,0103,Terra,MODIS,80,6.2,305.4,26,D,0
-12.4588,136.6755,335.2,1.3,1.1,2014-10-29,0103,Terra,MODIS,80,6.2,306.9,26,D,0
-12.437,136.6673,354.7,1.3,1.1,2014-10-29,0103,Terra,MODIS,96,6.2,311.4,75.4,D,0
-12.4388,136.6787,383.5,1.3,1.1,2014-10-29,0103,Terra,MODIS,100,6.2,313.7,211.3,D,0
-12.447,136.6656,352.3,1.3,1.1,2014-10-29,0103,Terra,MODIS,95,6.2,306.8,68.3,D,0
-12.4488,136.6771,383,1.3,1.1,2014-10-29,0103,Terra,MODIS,100,6.2,309.1,208.4,D,0
-12.9439,136.3789,333.9,1.3,1.1,2014-10-29,0103,Terra,MODIS,61,6.2,315.2,21.5,D,0
-12.8184,136.1082,339.4,1.4,1.2,2014-10-29,0103,Terra,MODIS,82,6.2,317.9,34.6,D,0
-12.7222,136.3976,338.8,1.3,1.1,2014-10-29,0103,Terra,MODIS,82,6.2,313.1,32.6,D,0
-12.6843,136.1115,340.7,1.4,1.2,2014-10-29,0103,Terra,MODIS,84,6.2,314.9,39.2,D,0
-12.6017,136.1504,343.9,1.4,1.2,2014-10-29,0103,Terra,MODIS,88,6.2,316.6,44.7,D,0
-12.6865,136.1046,362.3,1.4,1.2,2014-10-29,0103,Terra,MODIS,100,6.2,315.5,112.9,D,0
-12.6678,136.1203,338.6,1.4,1.2,2014-10-29,0103,Terra,MODIS,79,6.2,314.6,33.1,D,0
-12.6781,136.1186,336.4,1.4,1.2,2014-10-29,0103,Terra,MODIS,74,6.2,314.3,27.4,D,0
-12.5995,136.1569,331,1.4,1.2,2014-10-29,0103,Terra,MODIS,29,6.2,313.6,16.5,D,0
-12.5357,136.1359,337,1.4,1.2,2014-10-29,0103,Terra,MODIS,64,6.2,313.3,29.4,D,0
-12.5707,136.1556,335.2,1.4,1.2,2014-10-29,0103,Terra,MODIS,60,6.2,314.4,24.8,D,0
-12.5687,136.1432,337.7,1.4,1.2,2014-10-29,0103,Terra,MODIS,72,6.2,316.2,28.7,D,0
-12.5337,136.1235,333.9,1.4,1.2,2014-10-29,0103,Terra,MODIS,54,6.2,313.8,21.8,D,0
-12.6822,136.0992,349.3,1.4,1.2,2014-10-29,0103,Terra,MODIS,92,6.2,314.6,64.4,D,0
-12.5069,136.0895,332.3,1.4,1.2,2014-10-29,0103,Terra,MODIS,50,6.2,304.5,25.4,D,0
-12.7102,136.3874,344.7,1.3,1.1,2014-10-29,0103,Terra,MODIS,88,6.2,316.8,46.1,D,0
-12.5975,136.1446,333.1,1.4,1.2,2014-10-29,0103,Terra,MODIS,60,6.2,316.7,19.1,D,0
-12.6899,136.3908,333.7,1.3,1.1,2014-10-29,0103,Terra,MODIS,40,6.2,315.3,18.4,D,0
-12.6926,136.0974,332.7,1.4,1.2,2014-10-29,0103,Terra,MODIS,72,6.2,312.4,20.9,D,0
-12.5048,136.077,329.7,1.4,1.2,2014-10-29,0103,Terra,MODIS,44,6.2,304.6,22.1,D,0
-12.6762,136.1063,342.1,1.4,1.2,2014-10-29,0103,Terra,MODIS,86,6.2,314.6,40.3,D,0
-12.6098,136.1552,346.9,1.4,1.2,2014-10-29,0103,Terra,MODIS,85,6.2,315,55.6,D,0
-12.5028,136.0644,328.4,1.4,1.2,2014-10-29,0103,Terra,MODIS,38,6.2,301.8,21.4,D,0
-12.7121,136.3993,348.4,1.3,1.1,2014-10-29,0103,Terra,MODIS,92,6.2,314,57,D,0
-12.6946,136.1098,330.7,1.4,1.2,2014-10-29,0103,Terra,MODIS,66,6.2,314.2,16.9,D,0
-12.5089,136.102,329.4,1.4,1.2,2014-10-29,0103,Terra,MODIS,51,6.2,305.3,19.6,D,0
-12.3049,132.7231,333.9,2.4,1.5,2014-10-29,0103,Terra,MODIS,77,6.2,305.8,74.1,D,0
-13.1672,142.3458,333.6,1.2,1.1,2014-10-29,0103,Terra,MODIS,58,6.2,311.2,19.7,D,0
-13.1687,142.3568,332.7,1.2,1.1,2014-10-29,0103,Terra,MODIS,54,6.2,310,17.6,D,0
-12.299,132.718,323.8,2.4,1.5,2014-10-29,0103,Terra,MODIS,20,6.2,305.1,30,D,0
-14.5933,131.0836,328.8,2.9,1.6,2014-10-29,0104,Terra,MODIS,43,6.2,301.2,57.8,D,0
-13.5085,135.7496,329.4,1.4,1.2,2014-10-29,0104,Terra,MODIS,46,6.2,311.6,16.5,D,0
-13.498,135.7513,340.6,1.4,1.2,2014-10-29,0104,Terra,MODIS,83,6.2,314,40.4,D,0
-13.1828,133.0977,333.7,2.2,1.4,2014-10-29,0104,Terra,MODIS,75,6.2,310.8,53.8,D,0
-13.1809,133.0912,342,2.2,1.4,2014-10-29,0104,Terra,MODIS,86,6.2,311.3,96.2,D,0
-13.1774,133.0712,338.1,2.2,1.4,2014-10-29,0104,Terra,MODIS,81,6.2,309.6,76.3,D,0
-13.1794,133.0777,345.7,2.2,1.4,2014-10-29,0104,Terra,MODIS,90,6.2,310.3,116.9,D,0
-13.9806,136.518,330,1.2,1.1,2014-10-29,0104,Terra,MODIS,59,6.2,310,15.1,D,0
-13.9017,136.7881,335.9,1.2,1.1,2014-10-29,0104,Terra,MODIS,0,6.2,307,25.4,D,0
-13.9004,136.7945,340.4,1.2,1.1,2014-10-29,0104,Terra,MODIS,72,6.2,308.7,31.9,D,0
-13.8906,136.7961,345.8,1.2,1.1,2014-10-29,0104,Terra,MODIS,84,6.2,309.2,45.2,D,0
-13.6308,132.5719,330.3,2.4,1.5,2014-10-29,0104,Terra,MODIS,60,6.2,308.9,44.2,D,0
-13.1735,133.1209,325.8,2.2,1.4,2014-10-29,0104,Terra,MODIS,41,6.2,310.3,21,D,0
-14.5833,131.0299,345.3,3,1.6,2014-10-29,0104,Terra,MODIS,90,6.2,299,190.5,D,0
-14.5783,131.0088,334,3,1.6,2014-10-29,0104,Terra,MODIS,79,6.2,295.8,94.9,D,0
-13.8163,135.7443,356.2,1.4,1.2,2014-10-29,0104,Terra,MODIS,97,6.2,313.8,93.9,D,0
-13.4554,133.985,355.8,1.9,1.3,2014-10-29,0104,Terra,MODIS,97,6.2,315.8,142,D,0
-13.8675,135.6901,335.4,1.4,1.2,2014-10-29,0104,Terra,MODIS,51,6.2,312.6,27.5,D,0
-13.8508,135.7189,331,1.4,1.2,2014-10-29,0104,Terra,MODIS,37,6.2,313.2,14.8,D,0
-13.8217,135.7368,338.6,1.4,1.2,2014-10-29,0104,Terra,MODIS,76,6.2,311.9,32.9,D,0
-13.8487,135.7063,335,1.4,1.2,2014-10-29,0104,Terra,MODIS,56,6.2,313,25.3,D,0
-13.8467,135.6936,337.5,1.4,1.2,2014-10-29,0104,Terra,MODIS,66,6.2,310.5,32.3,D,0
-13.4525,133.968,341.9,1.9,1.3,2014-10-29,0104,Terra,MODIS,86,6.2,311.1,75.6,D,0
-14.0022,136.526,331.4,1.2,1.1,2014-10-29,0104,Terra,MODIS,65,6.2,309.9,16.6,D,0
-13.4493,134.0206,332.7,1.8,1.3,2014-10-29,0104,Terra,MODIS,43,6.2,313.4,30.1,D,0
-13.4432,134.0559,335.9,1.8,1.3,2014-10-29,0104,Terra,MODIS,68,6.2,312.5,39.4,D,0
-13.4644,133.9659,342.3,1.9,1.3,2014-10-29,0104,Terra,MODIS,86,6.2,308.2,79.8,D,0
-13.677,132.6223,328.3,2.3,1.5,2014-10-29,0104,Terra,MODIS,54,6.2,308.8,28.6,D,0
-14.5928,131.0895,328.1,2.9,1.6,2014-10-29,0104,Terra,MODIS,33,6.2,301.3,45.7,D,0
-14.6074,131.0868,336.2,2.9,1.6,2014-10-29,0104,Terra,MODIS,75,6.2,300.3,107.1,D,0
-13.066,131.6224,328.8,2.9,1.6,2014-10-29,0104,Terra,MODIS,26,6.2,307.3,37.3,D,0
-13.4611,134.0184,343.3,1.8,1.3,2014-10-29,0104,Terra,MODIS,87,6.2,313.1,72.3,D,0
-13.9967,136.492,328.3,1.2,1.1,2014-10-29,0104,Terra,MODIS,30,6.2,307.3,13.6,D,0
-13.0111,132.9462,331.4,2.3,1.5,2014-10-29,0104,Terra,MODIS,55,6.2,307.5,46.5,D,0
-13.4559,134.0255,341.4,1.8,1.3,2014-10-29,0104,Terra,MODIS,75,6.2,313.2,58,D,0
-13.9905,136.5163,335,1.2,1.1,2014-10-29,0104,Terra,MODIS,74,6.2,311.3,23,D,0
-13.6345,132.593,328,2.3,1.5,2014-10-29,0104,Terra,MODIS,40,6.2,307.8,32.1,D,0
-13.6062,132.5094,328.2,2.4,1.5,2014-10-29,0104,Terra,MODIS,46,6.2,307.2,35.1,D,0
-14.2341,136.6356,334.3,1.2,1.1,2014-10-29,0104,Terra,MODIS,75,6.2,306.4,22.3,D,0
-12.9842,133.1675,326.9,2.2,1.4,2014-10-29,0104,Terra,MODIS,51,6.2,311.3,29.3,D,0
-13.4531,134.0087,336.3,1.9,1.3,2014-10-29,0104,Terra,MODIS,47,6.2,313.6,39.2,D,0
-13.6477,132.5906,327.6,2.3,1.5,2014-10-29,0104,Terra,MODIS,38,6.2,308.4,28.6,D,0
-14.2243,136.6372,333.9,1.2,1.1,2014-10-29,0104,Terra,MODIS,69,6.2,307.1,20.7,D,0
-14.4348,130.8927,325.2,3,1.7,2014-10-29,0104,Terra,MODIS,32,6.2,301.4,37.7,D,0
-12.4076,131.7881,324.1,2.9,1.6,2014-10-29,0104,Terra,MODIS,30,6.2,306.3,33.2,D,0
-14.0706,136.5665,329.1,1.2,1.1,2014-10-29,0104,Terra,MODIS,29,6.2,308.3,11.8,D,0
-13.0456,131.6052,334.7,2.9,1.6,2014-10-29,0104,Terra,MODIS,78,6.2,308.6,79.5,D,0
-13.5191,132.4092,328.6,2.4,1.5,2014-10-29,0104,Terra,MODIS,43,6.2,304.3,38.9,D,0
-13.525,132.4143,328.4,2.4,1.5,2014-10-29,0104,Terra,MODIS,48,6.2,305,38,D,0
-13.0469,131.599,334.2,2.9,1.6,2014-10-29,0104,Terra,MODIS,77,6.2,309.2,74.6,D,0
-13.9923,136.5276,338.4,1.2,1.1,2014-10-29,0104,Terra,MODIS,80,6.2,310.8,30.5,D,0
-15.181,142.7048,334.6,1.3,1.1,2014-10-29,0104,Terra,MODIS,48,6.2,312.2,24.3,D,0
-15.3347,142.5603,330.8,1.3,1.1,2014-10-29,0104,Terra,MODIS,43,6.2,315.6,15.8,D,0
-15.3475,143.1137,328.3,1.4,1.2,2014-10-29,0104,Terra,MODIS,48,6.2,312,12.8,D,0
-12.4731,133.2524,330.6,2.2,1.4,2014-10-29,0104,Terra,MODIS,70,6.2,313.8,38,D,0
-15.4936,142.4529,346.7,1.3,1.1,2014-10-29,0104,Terra,MODIS,91,6.2,315.1,51.7,D,0
-15.2793,142.5983,333.7,1.3,1.1,2014-10-29,0104,Terra,MODIS,34,6.2,315,21,D,0
-15.4662,142.481,336.9,1.3,1.1,2014-10-29,0104,Terra,MODIS,46,6.2,316.1,25.6,D,0
-15.1761,142.6682,354.9,1.3,1.1,2014-10-29,0104,Terra,MODIS,96,6.2,307.8,85.9,D,0
-16.3457,142.6699,341.5,1.4,1.2,2014-10-29,0104,Terra,MODIS,85,6.2,317.6,33.3,D,0
-15.4582,142.4881,348.2,1.3,1.1,2014-10-29,0104,Terra,MODIS,88,6.2,317.3,52.5,D,0
-15.2116,143.0196,333.6,1.4,1.2,2014-10-29,0104,Terra,MODIS,71,6.2,313,18.9,D,0
-15.4834,142.4543,342,1.3,1.1,2014-10-29,0104,Terra,MODIS,87,6.2,315.4,38.1,D,0
-14.0262,135.532,337.7,1.4,1.2,2014-10-29,0104,Terra,MODIS,72,6.2,312,33.1,D,0
-16.6363,142.7959,335.4,1.4,1.2,2014-10-29,0104,Terra,MODIS,55,6.2,316,22.7,D,0
-15.1295,142.6929,351.8,1.3,1.1,2014-10-29,0104,Terra,MODIS,94,6.2,309.9,69.5,D,0
-15.2027,143.0339,333.2,1.4,1.2,2014-10-29,0104,Terra,MODIS,62,6.2,312.3,18.9,D,0
-15.2895,142.5969,334.6,1.3,1.1,2014-10-29,0104,Terra,MODIS,44,6.2,313.7,22,D,0
-15.4035,142.5444,332.8,1.3,1.1,2014-10-29,0104,Terra,MODIS,55,6.2,315.6,17.5,D,0
-15.4748,142.4677,350.3,1.3,1.1,2014-10-29,0104,Terra,MODIS,94,6.2,316.5,60.5,D,0
-14.0346,135.5173,338.8,1.4,1.2,2014-10-29,0104,Terra,MODIS,80,6.2,310.9,37,D,0
-15.5187,142.18,340.5,1.2,1.1,2014-10-29,0104,Terra,MODIS,86,6.2,313.3,37,D,0
-15.3755,142.5547,332.1,1.3,1.1,2014-10-29,0104,Terra,MODIS,34,6.2,313.7,16.7,D,0
-16.3785,142.6784,352.9,1.4,1.2,2014-10-29,0104,Terra,MODIS,95,6.2,315.6,70.6,D,0
-15.1889,143.0096,332.9,1.4,1.2,2014-10-29,0104,Terra,MODIS,75,6.2,312.5,17.9,D,0
-15.1258,142.7432,336.6,1.3,1.1,2014-10-29,0104,Terra,MODIS,74,6.2,310,29.9,D,0
-15.1241,142.7309,337.1,1.3,1.1,2014-10-29,0104,Terra,MODIS,77,6.2,311.7,28.5,D,0
-15.1052,142.746,331.5,1.3,1.1,2014-10-29,0104,Terra,MODIS,43,6.2,310.5,17.6,D,0
-15.5178,142.1749,335.5,1.2,1.1,2014-10-29,0104,Terra,MODIS,70,6.2,312.7,24.4,D,0
-15.5021,142.4396,336,1.3,1.1,2014-10-29,0104,Terra,MODIS,77,6.2,315,25.2,D,0
-15.1368,142.686,358.7,1.3,1.1,2014-10-29,0104,Terra,MODIS,99,6.2,310.3,95,D,0
-15.2238,143.0311,333.3,1.4,1.2,2014-10-29,0104,Terra,MODIS,76,6.2,314.3,20.6,D,0
-15.2133,143.0325,352.7,1.4,1.2,2014-10-29,0104,Terra,MODIS,95,6.2,313.1,76.6,D,0
-15.5194,142.1864,336.8,1.2,1.1,2014-10-29,0104,Terra,MODIS,79,6.2,311.7,27.2,D,0
-15.3637,142.5441,332.1,1.3,1.1,2014-10-29,0104,Terra,MODIS,61,6.2,312.9,17.5,D,0
-15.2105,142.6141,328.3,1.3,1.1,2014-10-29,0104,Terra,MODIS,30,6.2,311,16.4,D,0
-15.1778,142.6804,330.5,1.3,1.1,2014-10-29,0104,Terra,MODIS,23,6.2,308.3,18,D,0
-15.5287,142.1786,333.2,1.2,1.1,2014-10-29,0104,Terra,MODIS,73,6.2,312.7,22,D,0
-15.1344,142.7295,336.7,1.3,1.1,2014-10-29,0104,Terra,MODIS,71,6.2,310.2,27.5,D,0
-15.5107,142.4263,352.2,1.3,1.1,2014-10-29,0104,Terra,MODIS,95,6.2,317.8,68.2,D,0
-15.485,142.4663,338.3,1.3,1.1,2014-10-29,0104,Terra,MODIS,81,6.2,315.7,29.2,D,0
-15.1785,143.011,330.2,1.4,1.2,2014-10-29,0104,Terra,MODIS,64,6.2,312.2,12.7,D,0
-16.4098,142.6742,333,1.4,1.2,2014-10-29,0104,Terra,MODIS,72,6.2,314.3,13.2,D,0
-15.5091,142.4144,338,1.3,1.1,2014-10-29,0104,Terra,MODIS,83,6.2,313.2,29.6,D,0
-14.8119,144.4736,338.8,1.7,1.3,2014-10-29,0104,Terra,MODIS,83,6.2,302.9,60.6,D,0
-16.6591,142.8062,349.4,1.4,1.2,2014-10-29,0104,Terra,MODIS,92,6.2,316.1,62.1,D,0
-14.4654,141.8405,328.5,1.2,1.1,2014-10-29,0104,Terra,MODIS,63,6.2,311.8,11,D,0
-14.437,141.7312,364.5,1.1,1.1,2014-10-29,0104,Terra,MODIS,100,6.2,313.4,100.7,D,0
-14.4466,141.7298,336,1.1,1.1,2014-10-29,0104,Terra,MODIS,67,6.2,311.5,26,D,0
-16.9751,142.7525,347.1,1.4,1.2,2014-10-29,0104,Terra,MODIS,91,6.2,307.2,68,D,0
-14.4097,141.7458,340.6,1.1,1.1,2014-10-29,0104,Terra,MODIS,71,6.2,310.4,34.8,D,0
-17.0406,142.6771,334.5,1.4,1.2,2014-10-29,0104,Terra,MODIS,58,6.2,309.8,24.9,D,0
-13.4702,133.9995,336.1,1.9,1.3,2014-10-29,0104,Terra,MODIS,72,6.2,312,47.7,D,0
-15.2102,145.0021,328.5,1.9,1.4,2014-10-29,0104,Terra,MODIS,69,6.2,304.8,37.8,D,0
-15.208,144.9843,325.4,1.9,1.4,2014-10-29,0104,Terra,MODIS,52,6.2,304.7,25.4,D,0
-15.393,133.7105,328.7,1.8,1.3,2014-10-29,0104,Terra,MODIS,32,6.2,308.5,18,D,0
-13.7616,141.6364,335.7,1.1,1.1,2014-10-29,0104,Terra,MODIS,75,6.2,309.1,21.8,D,0
-13.4403,134.0393,352.6,1.8,1.3,2014-10-29,0104,Terra,MODIS,95,6.2,312.3,114.7,D,0
-13.0039,136.1154,335.7,1.3,1.1,2014-10-29,0104,Terra,MODIS,73,6.2,314.9,24.1,D,0
-14.4789,141.795,351.3,1.2,1.1,2014-10-29,0104,Terra,MODIS,94,6.2,312.9,57.9,D,0
-14.4804,141.8057,347.2,1.2,1.1,2014-10-29,0104,Terra,MODIS,92,6.2,313,47.7,D,0
-14.4886,141.7936,356,1.2,1.1,2014-10-29,0104,Terra,MODIS,97,6.2,311.5,72.8,D,0
-14.4871,141.783,327.2,1.2,1.1,2014-10-29,0104,Terra,MODIS,67,6.2,310.8,9.6,D,0
-13.7653,141.5941,337.1,1.1,1.1,2014-10-29,0104,Terra,MODIS,60,6.2,310.4,25.2,D,0
-14.49,141.8043,344.8,1.2,1.1,2014-10-29,0104,Terra,MODIS,90,6.2,311.1,42.8,D,0
-14.1264,141.902,328.7,1.2,1.1,2014-10-29,0104,Terra,MODIS,47,6.2,307.8,14.1,D,0
-14.6103,141.7268,361,1.2,1.1,2014-10-29,0104,Terra,MODIS,96,6.2,316.3,82.2,D,0
-16.9645,142.7539,341.9,1.4,1.2,2014-10-29,0104,Terra,MODIS,81,6.2,307.2,52.9,D,0
-17.0665,142.6672,333.7,1.4,1.2,2014-10-29,0104,Terra,MODIS,61,6.2,311.6,23.4,D,0
-15.3876,134.0262,330.9,1.7,1.3,2014-10-29,0104,Terra,MODIS,26,6.2,310.2,19.8,D,0
-15.391,134.0322,337,1.7,1.3,2014-10-29,0104,Terra,MODIS,80,6.2,309.8,39.3,D,0
-14.5427,141.6609,331.4,1.1,1.1,2014-10-29,0104,Terra,MODIS,57,6.2,310.3,17.4,D,0
-14.1332,141.8793,332.8,1.2,1.1,2014-10-29,0104,Terra,MODIS,42,6.2,307.7,21.3,D,0
-14.2449,136.6277,327,1.2,1.1,2014-10-29,0104,Terra,MODIS,44,6.2,306.9,10,D,0
-16.8931,142.7426,336.5,1.4,1.2,2014-10-29,0104,Terra,MODIS,71,6.2,311.2,31.5,D,0
-16.8826,142.7441,342.1,1.4,1.2,2014-10-29,0104,Terra,MODIS,86,6.2,311.4,47.6,D,0
-16.8948,142.7558,345.1,1.4,1.2,2014-10-29,0104,Terra,MODIS,89,6.2,309,58.1,D,0
-14.2439,136.6339,327.7,1.2,1.1,2014-10-29,0104,Terra,MODIS,50,6.2,306.2,11.3,D,0
-15.1683,134.496,331,1.6,1.2,2014-10-29,0104,Terra,MODIS,48,6.2,310,20.2,D,0
-14.6199,141.7254,348.1,1.2,1.1,2014-10-29,0104,Terra,MODIS,72,6.2,317.2,42.1,D,0
-14.1322,141.9448,326.8,1.2,1.1,2014-10-29,0104,Terra,MODIS,49,6.2,311.4,10.4,D,0
-12.8515,133.0086,329.8,2.3,1.5,2014-10-29,0104,Terra,MODIS,68,6.2,307.2,41.3,D,0
-16.9704,142.759,342.3,1.4,1.2,2014-10-29,0104,Terra,MODIS,84,6.2,305.5,54.7,D,0
-16.9265,142.7515,342.8,1.4,1.2,2014-10-29,0104,Terra,MODIS,87,6.2,308.5,51.7,D,0
-16.937,142.7501,338.5,1.4,1.2,2014-10-29,0104,Terra,MODIS,71,6.2,308.4,40,D,0
-16.9598,142.7604,335.9,1.4,1.2,2014-10-29,0104,Terra,MODIS,63,6.2,304.6,36.3,D,0
-15.7993,133.7406,331.4,1.8,1.3,2014-10-29,0104,Terra,MODIS,58,6.2,309.5,18.2,D,0
-14.1495,141.8553,359.5,1.2,1.1,2014-10-29,0104,Terra,MODIS,99,6.2,312.4,85.8,D,0
-16.9459,142.7356,332.7,1.4,1.2,2014-10-29,0104,Terra,MODIS,72,6.2,308.9,19.6,D,0
-15.7051,133.9188,331.8,1.7,1.3,2014-10-29,0104,Terra,MODIS,61,6.2,308.4,24.2,D,0
-15.3903,134.0417,333,1.7,1.3,2014-10-29,0104,Terra,MODIS,60,6.2,308.3,28.7,D,0
-12.5445,132.2267,328.8,2.6,1.6,2014-10-29,0104,Terra,MODIS,69,6.2,305.4,56.3,D,0
-14.1399,141.8566,349.1,1.2,1.1,2014-10-29,0104,Terra,MODIS,93,6.2,307.7,57.6,D,0
-16.9581,142.7472,336.5,1.4,1.2,2014-10-29,0104,Terra,MODIS,67,6.2,308,33.6,D,0
-17.0402,142.7571,343.2,1.4,1.2,2014-10-29,0104,Terra,MODIS,85,6.2,306.3,54.7,D,0
-16.9857,142.751,335.1,1.4,1.2,2014-10-29,0104,Terra,MODIS,57,6.2,305.6,33.2,D,0
-12.9836,136.4327,347.4,1.3,1.1,2014-10-29,0104,Terra,MODIS,85,6.2,315.9,53.8,D,0
-17.0085,142.7614,336,1.4,1.2,2014-10-29,0104,Terra,MODIS,56,6.2,305.8,37.4,D,0
-16.9979,142.7628,333.7,1.4,1.2,2014-10-29,0104,Terra,MODIS,25,6.2,305.3,32.1,D,0
-16.9963,142.7496,339.9,1.4,1.2,2014-10-29,0104,Terra,MODIS,74,6.2,308.3,44.4,D,0
-17.0508,142.7557,336.4,1.4,1.2,2014-10-29,0104,Terra,MODIS,77,6.2,307.8,36.7,D,0
-17.0569,142.7618,325,1.4,1.2,2014-10-29,0104,Terra,MODIS,28,6.2,306.3,14.2,D,0
-14.6708,144.6182,322.1,1.8,1.3,2014-10-29,0104,Terra,MODIS,26,6.2,300.2,20.9,D,0
-13.4349,134.0464,376.6,1.8,1.3,2014-10-29,0104,Terra,MODIS,100,6.2,316.3,291,D,0
-14.6296,141.7241,345.7,1.2,1.1,2014-10-29,0104,Terra,MODIS,85,6.2,318.5,35.9,D,0
-12.4361,132.8735,328.5,2.4,1.5,2014-10-29,0104,Terra,MODIS,36,6.2,311,36.1,D,0
-16.0842,135.5181,334.7,1.3,1.1,2014-10-29,0104,Terra,MODIS,69,6.2,312.1,19,D,0
-14.5522,141.6595,338.2,1.1,1.1,2014-10-29,0104,Terra,MODIS,75,6.2,308.7,29.1,D,0
-15.1291,145.1856,323.4,2,1.4,2014-10-29,0104,Terra,MODIS,27,6.2,301.8,29.8,D,0
-15.1269,145.1673,325.2,2,1.4,2014-10-29,0104,Terra,MODIS,42,6.2,301.7,35.7,D,0
-14.5902,141.7947,368.2,1.2,1.1,2014-10-29,0104,Terra,MODIS,100,6.2,312.7,113.6,D,0
-16.7303,142.8168,346.1,1.4,1.2,2014-10-29,0104,Terra,MODIS,90,6.2,313,54.6,D,0
-14.5917,141.8054,362.9,1.2,1.1,2014-10-29,0104,Terra,MODIS,100,6.2,315.9,94.4,D,0
-15.3444,134.3089,331.1,1.6,1.3,2014-10-29,0104,Terra,MODIS,59,6.2,310.3,21.5,D,0
-15.3431,134.2997,330.4,1.6,1.3,2014-10-29,0104,Terra,MODIS,32,6.2,310.9,16.9,D,0
-15.819,133.8529,332.6,1.7,1.3,2014-10-29,0104,Terra,MODIS,55,6.2,307.8,26.4,D,0
-14.4481,141.8817,331,1.2,1.1,2014-10-29,0104,Terra,MODIS,67,6.2,312,15.8,D,0
-14.6187,144.6481,328,1.8,1.3,2014-10-29,0104,Terra,MODIS,75,6.2,302.1,35,D,0
-16.7092,142.8197,346.7,1.4,1.2,2014-10-29,0104,Terra,MODIS,90,6.2,310.7,54.8,D,0
-14.6401,144.6282,324.9,1.8,1.3,2014-10-29,0104,Terra,MODIS,47,6.2,300.4,25.2,D,0
-12.954,136.3773,335.5,1.3,1.1,2014-10-29,0104,Terra,MODIS,64,6.2,312.6,23.9,D,0
-14.8135,144.4631,331.4,1.7,1.3,2014-10-29,0104,Terra,MODIS,50,6.2,302.8,30.5,D,0
-17.0682,142.6802,331.4,1.4,1.2,2014-10-29,0104,Terra,MODIS,65,6.2,309.5,20.9,D,0
-15.4722,133.7749,341.1,1.8,1.3,2014-10-29,0104,Terra,MODIS,85,6.2,308.6,55.9,D,0
-15.3958,133.7271,333.8,1.8,1.3,2014-10-29,0104,Terra,MODIS,75,6.2,307.9,32.7,D,0
-13.4321,134.0296,337.3,1.8,1.3,2014-10-29,0104,Terra,MODIS,73,6.2,315.1,42.2,D,0
-16.6608,142.8193,344.6,1.4,1.2,2014-10-29,0104,Terra,MODIS,84,6.2,312.4,49.4,D,0
-16.6696,142.8048,335.3,1.4,1.2,2014-10-29,0104,Terra,MODIS,44,6.2,314.6,21.3,D,0
-16.7047,142.8268,344,1.4,1.2,2014-10-29,0104,Terra,MODIS,87,6.2,310,47.9,D,0
-14.5441,141.6714,328.3,1.1,1.1,2014-10-29,0104,Terra,MODIS,51,6.2,310.6,14,D,0
-16.703,142.8136,350.5,1.4,1.2,2014-10-29,0104,Terra,MODIS,93,6.2,312.6,67.2,D,0
-16.6986,142.8211,354.8,1.4,1.2,2014-10-29,0104,Terra,MODIS,96,6.2,312.6,85.7,D,0
-16.6925,142.815,346.1,1.4,1.2,2014-10-29,0104,Terra,MODIS,89,6.2,313.4,53.5,D,0
-16.6819,142.8165,342,1.4,1.2,2014-10-29,0104,Terra,MODIS,83,6.2,311,41.9,D,0
-15.811,133.8604,334.9,1.7,1.3,2014-10-29,0104,Terra,MODIS,74,6.2,309.1,34.4,D,0
-14.9774,145.0313,318.8,1.9,1.4,2014-10-29,0104,Terra,MODIS,23,6.2,301.9,20.2,D,0
-14.862,144.4026,326.7,1.7,1.3,2014-10-29,0104,Terra,MODIS,38,6.2,303.3,23.4,D,0
-13.4673,133.9827,382.9,1.9,1.3,2014-10-29,0104,Terra,MODIS,100,6.2,315.3,368.8,D,0
-13.7564,141.6686,336.7,1.1,1.1,2014-10-29,0104,Terra,MODIS,83,6.2,313.4,24,D,0
-15.475,133.7912,331.3,1.8,1.3,2014-10-29,0104,Terra,MODIS,48,6.2,308.6,21.2,D,0
-13.4509,135.831,334.4,1.4,1.2,2014-10-29,0104,Terra,MODIS,60,6.2,312.2,24.8,D,0
-15.792,133.7479,337.6,1.8,1.3,2014-10-29,0104,Terra,MODIS,80,6.2,309.9,39.8,D,0
-13.5043,135.7895,349.2,1.4,1.2,2014-10-29,0104,Terra,MODIS,92,6.2,311.3,67.5,D,0
-14.5508,141.649,332.2,1.1,1.1,2014-10-29,0104,Terra,MODIS,41,6.2,310.4,16.8,D,0
-14.5589,141.6372,330.9,1.1,1.1,2014-10-29,0104,Terra,MODIS,60,6.2,312.7,15.3,D,0
-14.5604,141.6477,330.2,1.1,1.1,2014-10-29,0104,Terra,MODIS,40,6.2,310.1,15.4,D,0
-13.4772,135.8201,340.8,1.4,1.2,2014-10-29,0104,Terra,MODIS,84,6.2,311.4,43.1,D,0
-15.8083,133.8445,332.3,1.7,1.3,2014-10-29,0104,Terra,MODIS,62,6.2,309.2,22.6,D,0
-16.2921,134.3197,329.7,1.6,1.2,2014-10-29,0104,Terra,MODIS,34,6.2,310.8,15.7,D,0
-14.44,141.7523,342.4,1.1,1.1,2014-10-29,0104,Terra,MODIS,78,6.2,316,34.2,D,0
-14.9976,145.0583,340,1.9,1.4,2014-10-29,0104,Terra,MODIS,87,6.2,302.4,89.1,D,0
-15.1044,145.1887,327.5,2,1.4,2014-10-29,0104,Terra,MODIS,65,6.2,302.8,39.6,D,0
-12.9704,136.3501,333,1.3,1.1,2014-10-29,0104,Terra,MODIS,51,6.2,310.5,22.7,D,0
-14.6627,144.4566,319.9,1.7,1.3,2014-10-29,0104,Terra,MODIS,40,6.2,302.4,14.2,D,0
-15.6081,133.7715,331.1,1.8,1.3,2014-10-29,0104,Terra,MODIS,46,6.2,310.4,20.8,D,0
-13.755,141.6583,373.1,1.1,1.1,2014-10-29,0104,Terra,MODIS,100,6.2,316.7,128.3,D,0
-13.5063,135.8023,333.9,1.4,1.2,2014-10-29,0104,Terra,MODIS,73,6.2,310.5,26.3,D,0
-14.6607,144.4408,323.4,1.7,1.3,2014-10-29,0104,Terra,MODIS,52,6.2,303.6,19.8,D,0
-16.808,142.7076,335.8,1.4,1.2,2014-10-29,0104,Terra,MODIS,78,6.2,312,27,D,0
-16.0718,134.3181,333.7,1.6,1.2,2014-10-29,0104,Terra,MODIS,49,6.2,312,21.2,D,0
-14.4385,141.7417,383.1,1.1,1.1,2014-10-29,0104,Terra,MODIS,100,6.2,319.2,181.3,D,0
-13.8408,142.065,337.4,1.2,1.1,2014-10-29,0104,Terra,MODIS,84,6.2,309.8,30.5,D,0
-13.7536,141.648,337.5,1.1,1.1,2014-10-29,0104,Terra,MODIS,83,6.2,312.1,24,D,0
-15.5936,133.9449,346.7,1.7,1.3,2014-10-29,0104,Terra,MODIS,90,6.2,309.1,77.4,D,0
-14.5883,131.0569,329.1,2.9,1.6,2014-10-29,0104,Terra,MODIS,38,6.2,301.2,61.7,D,0
-14.6026,131.06,341.8,2.9,1.6,2014-10-29,0104,Terra,MODIS,87,6.2,299.2,157.2,D,0
-14.588,131.063,326.1,2.9,1.6,2014-10-29,0104,Terra,MODIS,35,6.2,301.6,38.5,D,0
-12.4064,131.7956,325.8,2.9,1.6,2014-10-29,0104,Terra,MODIS,59,6.2,306.6,41.1,D,0
-14.6079,131.0808,340.4,2.9,1.6,2014-10-29,0104,Terra,MODIS,86,6.2,300.1,144.9,D,0
-14.5832,131.0359,345.6,3,1.6,2014-10-29,0104,Terra,MODIS,90,6.2,299.5,186,D,0
-14.6029,131.0539,332.3,2.9,1.6,2014-10-29,0104,Terra,MODIS,62,6.2,298.5,89.2,D,0
-19.054,130.74,331.6,2.5,1.5,2014-10-29,0105,Terra,MODIS,70,6.2,312.1,46.9,D,0
-19.2769,131.4621,410.9,2.2,1.4,2014-10-29,0105,Terra,MODIS,100,6.2,319.3,965.3,D,0
-19.273,131.4413,364.7,2.2,1.4,2014-10-29,0105,Terra,MODIS,100,6.2,313,257.1,D,0
-19.2787,131.4675,394.3,2.2,1.4,2014-10-29,0105,Terra,MODIS,100,6.2,315.9,635.7,D,0
-19.275,131.4468,390.6,2.2,1.4,2014-10-29,0105,Terra,MODIS,100,6.2,314.7,580.3,D,0
-18.4559,130.7283,329.9,2.6,1.5,2014-10-29,0105,Terra,MODIS,25,6.2,312.6,42.3,D,0
-19.4355,131.8172,356.7,2.1,1.4,2014-10-29,0105,Terra,MODIS,97,6.2,313.8,167.6,D,0
-19.0736,132.0808,350.4,2,1.4,2014-10-29,0105,Terra,MODIS,93,6.2,315.9,117.1,D,0
-19.077,132.0996,330.9,2,1.4,2014-10-29,0105,Terra,MODIS,57,6.2,313.1,26.8,D,0
-18.4652,130.7012,334.9,2.6,1.6,2014-10-29,0105,Terra,MODIS,50,6.2,312.3,61.8,D,0
-18.479,130.6983,362.5,2.6,1.6,2014-10-29,0105,Terra,MODIS,100,6.2,311.7,299.4,D,0
-18.4695,130.6934,365.5,2.6,1.6,2014-10-29,0105,Terra,MODIS,100,6.2,314.3,328.2,D,0
-18.4833,130.6905,347.6,2.6,1.6,2014-10-29,0105,Terra,MODIS,91,6.2,310.3,156,D,0
-19.2254,131.8992,335.3,2.1,1.4,2014-10-29,0105,Terra,MODIS,61,6.2,314.7,39.9,D,0
-19.2165,131.1428,349.9,2.3,1.5,2014-10-29,0105,Terra,MODIS,93,6.2,312.8,148.1,D,0
-19.2124,131.1211,356.3,2.3,1.5,2014-10-29,0105,Terra,MODIS,97,6.2,314.2,197.4,D,0
-19.2034,131.1456,343.1,2.3,1.5,2014-10-29,0105,Terra,MODIS,87,6.2,313.6,102.6,D,0
-19.1992,131.1238,332.1,2.3,1.5,2014-10-29,0105,Terra,MODIS,71,6.2,314.5,41,D,0
-18.1137,130.6127,328.6,2.7,1.6,2014-10-29,0105,Terra,MODIS,54,6.2,311.3,33.5,D,0
-18.1105,130.6204,328.9,2.7,1.6,2014-10-29,0105,Terra,MODIS,32,6.2,311.8,31.3,D,0
-19.2168,131.126,340.9,2.3,1.5,2014-10-29,0105,Terra,MODIS,85,6.2,312.4,86.8,D,0
-19.2076,131.1506,347.6,2.3,1.5,2014-10-29,0105,Terra,MODIS,91,6.2,312.9,130.8,D,0
-19.2036,131.1288,367.1,2.3,1.5,2014-10-29,0105,Terra,MODIS,100,6.2,315.7,300.3,D,0
-18.1186,130.638,330.8,2.7,1.6,2014-10-29,0105,Terra,MODIS,67,6.2,312.7,42,D,0
-18.4421,130.655,335.8,2.6,1.6,2014-10-29,0105,Terra,MODIS,58,6.2,311.2,74.3,D,0
-18.4514,130.6275,352.2,2.6,1.6,2014-10-29,0105,Terra,MODIS,95,6.2,312.1,199.2,D,0
-18.456,130.6522,343,2.6,1.6,2014-10-29,0105,Terra,MODIS,87,6.2,312.4,115.1,D,0
-18.4606,130.6767,338,2.6,1.6,2014-10-29,0105,Terra,MODIS,74,6.2,312.2,79,D,0
-18.4607,130.5999,348.9,2.7,1.6,2014-10-29,0105,Terra,MODIS,92,6.2,309.5,174.7,D,0
-18.4653,130.6247,374.7,2.6,1.6,2014-10-29,0105,Terra,MODIS,100,6.2,314.6,472.5,D,0
-18.4699,130.6493,350.8,2.6,1.6,2014-10-29,0105,Terra,MODIS,93,6.2,311.6,182.3,D,0
-18.4745,130.6739,362.9,2.6,1.6,2014-10-29,0105,Terra,MODIS,100,6.2,311.6,303.2,D,0
-18.4747,130.597,393.2,2.7,1.6,2014-10-29,0105,Terra,MODIS,100,6.2,314.4,820.7,D,0
-18.4792,130.6218,412.7,2.6,1.6,2014-10-29,0105,Terra,MODIS,100,6.2,319.7,1320.9,D,0
-18.4838,130.6465,329.8,2.6,1.6,2014-10-29,0105,Terra,MODIS,52,6.2,308.6,45.2,D,0
-18.4461,130.6473,338.1,2.6,1.6,2014-10-29,0105,Terra,MODIS,71,6.2,311.6,79.6,D,0
-18.4552,130.6198,361.8,2.6,1.6,2014-10-29,0105,Terra,MODIS,100,6.2,312.6,296.7,D,0
-18.46,130.6444,353.4,2.6,1.6,2014-10-29,0105,Terra,MODIS,95,6.2,313.1,200.6,D,0
-18.4648,130.6689,345.1,2.6,1.6,2014-10-29,0105,Terra,MODIS,89,6.2,312.1,125.5,D,0
-18.4644,130.5922,326.2,2.7,1.6,2014-10-29,0105,Terra,MODIS,39,6.2,308,29.1,D,0
-18.4692,130.617,367.2,2.6,1.6,2014-10-29,0105,Terra,MODIS,100,6.2,313.4,368.6,D,0
-18.4739,130.6416,352.9,2.6,1.6,2014-10-29,0105,Terra,MODIS,95,6.2,312,202.8,D,0
-18.4783,130.5893,382.3,2.7,1.6,2014-10-29,0105,Terra,MODIS,100,6.2,310.4,607.5,D,0
-18.4831,130.6141,432.5,2.6,1.6,2014-10-29,0105,Terra,MODIS,100,6.2,321.4,2035.1,D,0
-18.4878,130.6387,342.6,2.6,1.6,2014-10-29,0105,Terra,MODIS,87,6.2,308.8,127.4,D,0
-19.1549,131.1616,326.1,2.3,1.5,2014-10-29,0105,Terra,MODIS,30,6.2,311.6,19.6,D,0
-19.1507,131.1395,340.4,2.3,1.5,2014-10-29,0105,Terra,MODIS,84,6.2,313.9,87.1,D,0
-19.0448,130.7666,332.5,2.5,1.5,2014-10-29,0105,Terra,MODIS,72,6.2,312.1,51,D,0
-19.0584,130.7636,328.3,2.5,1.5,2014-10-29,0105,Terra,MODIS,44,6.2,311.7,30.7,D,0
-19.0505,130.7583,339.1,2.5,1.5,2014-10-29,0105,Terra,MODIS,83,6.2,312.6,89.9,D,0
-19.0596,130.7319,350,2.5,1.5,2014-10-29,0105,Terra,MODIS,93,6.2,313.2,171,D,0
-19.0641,130.7554,329.3,2.5,1.5,2014-10-29,0105,Terra,MODIS,64,6.2,311.9,37.9,D,0
-19.0732,130.729,349.3,2.5,1.5,2014-10-29,0105,Terra,MODIS,92,6.2,311.9,165.5,D,0
-19.4227,131.8268,377.4,2.1,1.4,2014-10-29,0105,Terra,MODIS,100,6.2,317.1,348.1,D,0
-19.4262,131.8461,339.7,2.1,1.4,2014-10-29,0105,Terra,MODIS,40,6.2,312.4,59.9,D,0
-19.4317,131.8048,354.9,2.1,1.4,2014-10-29,0105,Terra,MODIS,96,6.2,314,147.9,D,0
-19.4352,131.8242,351.4,2.1,1.4,2014-10-29,0105,Terra,MODIS,94,6.2,313.5,126.7,D,0
-19.423,131.8197,368.7,2.1,1.4,2014-10-29,0105,Terra,MODIS,100,6.2,317.1,261.6,D,0
-19.4267,131.8391,359.4,2.1,1.4,2014-10-29,0105,Terra,MODIS,99,6.2,314.1,184.3,D,0
-19.4319,131.7978,335.9,2.1,1.4,2014-10-29,0105,Terra,MODIS,78,6.2,312.8,49,D,0
-18.2605,145.3035,330,2.2,1.5,2014-10-29,0105,Terra,MODIS,72,6.2,307.3,53.4,D,0
-18.6586,145.9774,341.2,2.5,1.5,2014-10-29,0105,Terra,MODIS,85,6.2,300.5,135.2,D,0
-18.2583,145.2672,326.4,2.2,1.4,2014-10-29,0105,Terra,MODIS,57,6.2,303.5,43.7,D,0
-20.569,140.7092,345,1.2,1.1,2014-10-29,0105,Terra,MODIS,87,6.2,321.7,31.4,D,0
-18.2607,145.2885,358.6,2.2,1.4,2014-10-29,0105,Terra,MODIS,99,6.2,307.8,230.9,D,0
-18.2477,145.2904,341.5,2.2,1.4,2014-10-29,0105,Terra,MODIS,87,6.2,306.5,108.1,D,0
-18.2501,145.3117,339.8,2.2,1.5,2014-10-29,0105,Terra,MODIS,85,6.2,308.7,97.9,D,0
-18.2582,145.2819,351.7,2.2,1.4,2014-10-29,0105,Terra,MODIS,95,6.2,306.9,175.8,D,0
-18.2712,145.2801,323.8,2.2,1.4,2014-10-29,0105,Terra,MODIS,43,6.2,304.1,33.5,D,0
-20.566,140.6865,337.9,1.2,1.1,2014-10-29,0105,Terra,MODIS,76,6.2,321.9,15.2,D,0
-20.5675,140.6978,350.9,1.2,1.1,2014-10-29,0105,Terra,MODIS,93,6.2,322.3,47,D,0
-17.872,144.6145,334.2,2,1.4,2014-10-29,0105,Terra,MODIS,70,6.2,314.3,41.4,D,0
-18.2632,145.3099,323.7,2.2,1.5,2014-10-29,0105,Terra,MODIS,50,6.2,307,31,D,0
-19.2971,131.5697,382.1,2.2,1.4,2014-10-29,0105,Terra,MODIS,100,6.2,318.4,428.3,D,0
-19.27,131.6381,377.1,2.1,1.4,2014-10-29,0105,Terra,MODIS,100,6.2,318.6,367.3,D,0
-19.2737,131.6583,335.6,2.1,1.4,2014-10-29,0105,Terra,MODIS,71,6.2,313.8,47.5,D,0
-19.2413,131.916,330.2,2,1.4,2014-10-29,0105,Terra,MODIS,25,6.2,312.4,24.3,D,0
-19.2378,131.8967,341.3,2.1,1.4,2014-10-29,0105,Terra,MODIS,85,6.2,315.2,69.1,D,0
-18.4765,132.7352,335,1.8,1.3,2014-10-29,0105,Terra,MODIS,69,6.2,315.2,33.1,D,0
-19.3192,131.4744,393.2,2.2,1.4,2014-10-29,0105,Terra,MODIS,100,6.2,314.3,619.2,D,0
-19.3177,131.5386,347,2.2,1.4,2014-10-29,0105,Terra,MODIS,90,6.2,311.7,108.5,D,0
-19.314,131.5182,388.2,2.2,1.4,2014-10-29,0105,Terra,MODIS,100,6.2,314.1,525.9,D,0
-19.3102,131.4977,351.8,2.2,1.4,2014-10-29,0105,Terra,MODIS,94,6.2,313.9,144.7,D,0
-19.3088,131.5614,379.3,2.2,1.4,2014-10-29,0105,Terra,MODIS,100,6.2,314.5,394.1,D,0
-19.2881,131.8798,333.7,2.1,1.4,2014-10-29,0105,Terra,MODIS,62,6.2,314.4,36.3,D,0
-19.305,131.5411,397.1,2.2,1.4,2014-10-29,0105,Terra,MODIS,100,6.2,318.3,661.8,D,0
-19.3012,131.5208,359.6,2.2,1.4,2014-10-29,0105,Terra,MODIS,99,6.2,316.3,192.6,D,0
-18.4812,132.7274,340.3,1.8,1.3,2014-10-29,0105,Terra,MODIS,83,6.2,314.9,53.7,D,0
-19.2679,131.4852,352.1,2.2,1.4,2014-10-29,0105,Terra,MODIS,94,6.2,314.3,143.2,D,0
-19.264,131.4647,360.9,2.2,1.4,2014-10-29,0105,Terra,MODIS,100,6.2,316.5,216.2,D,0
-19.324,131.7919,334.4,2.1,1.4,2014-10-29,0105,Terra,MODIS,75,6.2,316.5,32,D,0
-19.347,131.8479,377.2,2.1,1.4,2014-10-29,0105,Terra,MODIS,100,6.2,315.8,340.7,D,0
-19.3504,131.8672,337.3,2.1,1.4,2014-10-29,0105,Terra,MODIS,64,6.2,313.3,47.7,D,0
-19.3514,131.8612,349.9,2.1,1.4,2014-10-29,0105,Terra,MODIS,93,6.2,313.7,111,D,0
-19.2696,131.4907,340.8,2.2,1.4,2014-10-29,0105,Terra,MODIS,84,6.2,313.4,73.2,D,0
-19.2659,131.4702,382.2,2.2,1.4,2014-10-29,0105,Terra,MODIS,100,6.2,318.1,452,D,0
-19.2621,131.4495,338.3,2.2,1.4,2014-10-29,0105,Terra,MODIS,81,6.2,313.5,68.8,D,0
-19.2568,131.4933,331.3,2.2,1.4,2014-10-29,0105,Terra,MODIS,57,6.2,313.3,33.3,D,0
-19.3354,131.8443,334.7,2.1,1.4,2014-10-29,0105,Terra,MODIS,43,6.2,317.1,33.4,D,0
-19.2998,131.5843,336.8,2.2,1.4,2014-10-29,0105,Terra,MODIS,79,6.2,314.5,47.9,D,0
-19.296,131.564,393.6,2.2,1.4,2014-10-29,0105,Terra,MODIS,100,6.2,320.5,600,D,0
-19.2922,131.5437,374.6,2.2,1.4,2014-10-29,0105,Terra,MODIS,100,6.2,318.3,341.1,D,0
-19.2807,131.4825,333.2,2.2,1.4,2014-10-29,0105,Terra,MODIS,59,6.2,312.2,37.6,D,0
-19.2871,131.5869,339.9,2.2,1.4,2014-10-29,0105,Terra,MODIS,83,6.2,313.8,61.9,D,0
-19.2833,131.5667,331.4,2.2,1.4,2014-10-29,0105,Terra,MODIS,69,6.2,314.4,25.7,D,0
-19.2573,131.6407,342.4,2.1,1.4,2014-10-29,0105,Terra,MODIS,86,6.2,315.7,85.8,D,0
-19.2935,131.5493,393.8,2.2,1.4,2014-10-29,0105,Terra,MODIS,100,6.2,321.7,606.4,D,0
-19.2898,131.5289,331.8,2.2,1.4,2014-10-29,0105,Terra,MODIS,31,6.2,313.1,26.1,D,0
-19.2881,131.5926,337.8,2.2,1.4,2014-10-29,0105,Terra,MODIS,81,6.2,313.4,50.2,D,0
-18.2208,132.7859,331.9,1.9,1.3,2014-10-29,0105,Terra,MODIS,44,6.2,315.6,21.9,D,0
-19.4404,131.6323,330.7,2.1,1.4,2014-10-29,0105,Terra,MODIS,67,6.2,312,32.8,D,0
-19.2844,131.5723,339.7,2.2,1.4,2014-10-29,0105,Terra,MODIS,83,6.2,314.3,61.1,D,0
-19.4368,131.6123,326.9,2.1,1.4,2014-10-29,0105,Terra,MODIS,44,6.2,312,19.4,D,0
-19.3478,131.8418,361.5,2.1,1.4,2014-10-29,0105,Terra,MODIS,100,6.2,314.9,188.6,D,0
-19.2419,131.909,336.6,2,1.4,2014-10-29,0105,Terra,MODIS,71,6.2,313.4,48.3,D,0
-19.2383,131.8898,336,2.1,1.4,2014-10-29,0105,Terra,MODIS,67,6.2,315.3,43,D,0
-18.229,132.7962,340.4,1.8,1.3,2014-10-29,0105,Terra,MODIS,77,6.2,315.3,52.1,D,0
-19.2544,131.9065,330.6,2,1.4,2014-10-29,0105,Terra,MODIS,48,6.2,313.5,26.9,D,0
-18.2238,132.8031,336.5,1.8,1.3,2014-10-29,0105,Terra,MODIS,73,6.2,314.1,40.7,D,0
-19.2503,131.8942,333.3,2.1,1.4,2014-10-29,0105,Terra,MODIS,64,6.2,314.6,34.2,D,0
-18.4781,132.7101,341.6,1.9,1.3,2014-10-29,0105,Terra,MODIS,84,6.2,316.2,57.7,D,0
-19.3268,131.5156,328.7,2.2,1.4,2014-10-29,0105,Terra,MODIS,28,6.2,310.7,23.3,D,0
-19.323,131.4951,414.5,2.2,1.4,2014-10-29,0105,Terra,MODIS,100,6.2,319.3,1043.7,D,0
-18.4734,132.7178,347.2,1.9,1.3,2014-10-29,0105,Terra,MODIS,90,6.2,316.9,82.5,D,0
-18.4854,132.7156,335.3,1.9,1.3,2014-10-29,0105,Terra,MODIS,62,6.2,314.9,32.6,D,0
-18.4725,132.7469,331.2,1.8,1.3,2014-10-29,0105,Terra,MODIS,42,6.2,315.4,22,D,0
-16.9838,130.8213,334,2.7,1.6,2014-10-29,0105,Terra,MODIS,74,6.2,310.1,66.2,D,0
-16.9196,130.8139,333,2.8,1.6,2014-10-29,0105,Terra,MODIS,68,6.2,311.8,51.3,D,0
-16.9555,130.8272,339.7,2.7,1.6,2014-10-29,0105,Terra,MODIS,83,6.2,311.7,95.1,D,0
-16.9697,130.8243,337,2.7,1.6,2014-10-29,0105,Terra,MODIS,79,6.2,312.4,81.8,D,0
-16.2957,131.2416,330.9,2.6,1.6,2014-10-29,0105,Terra,MODIS,64,6.2,309.6,36.1,D,0
-16.3051,131.2143,333.4,2.6,1.6,2014-10-29,0105,Terra,MODIS,76,6.2,309.7,56.9,D,0
-19.3044,135.0922,336.5,1.3,1.1,2014-10-29,0105,Terra,MODIS,73,6.2,318.8,18,D,0
-16.3096,131.2388,337.3,2.6,1.6,2014-10-29,0105,Terra,MODIS,81,6.2,309.4,76.9,D,0
-20.0036,128.013,329.7,3.8,1.8,2014-10-29,0106,Terra,MODIS,68,6.2,306.8,79.4,D,0
-20.009,128.0045,325.2,3.8,1.8,2014-10-29,0106,Terra,MODIS,39,6.2,306.6,44.4,D,0
-20.0415,127.9973,329.8,3.8,1.8,2014-10-29,0106,Terra,MODIS,69,6.2,305.7,85.6,D,0
-20.0314,127.9937,328.3,3.8,1.8,2014-10-29,0106,Terra,MODIS,63,6.2,306.1,71.3,D,0
-19.8298,128.6379,328.6,3.4,1.7,2014-10-29,0106,Terra,MODIS,50,6.2,307.4,62.9,D,0
-19.836,128.6423,333.1,3.4,1.7,2014-10-29,0106,Terra,MODIS,76,6.2,307.7,99,D,0
-22.6132,148.4215,330,4.3,1.9,2014-10-29,0106,Terra,MODIS,55,6.2,299.7,116.3,D,0
-22.4965,142.9705,335.4,1.7,1.3,2014-10-29,0106,Terra,MODIS,71,6.2,318.6,26.2,D,0
-22.6294,148.4252,334,4.3,1.9,2014-10-29,0106,Terra,MODIS,73,6.2,299.2,164.5,D,0
-22.3571,128.0344,335,3.4,1.7,2014-10-29,0106,Terra,MODIS,81,6.2,294.4,157,D,0
-22.3724,128.0306,323.2,3.4,1.7,2014-10-29,0106,Terra,MODIS,44,6.2,289.6,74.1,D,0
-22.3665,128.0248,335.9,3.4,1.7,2014-10-29,0106,Terra,MODIS,83,6.2,290.5,164.4,D,0
-22.6306,148.4199,329.2,4.3,1.9,2014-10-29,0106,Terra,MODIS,52,6.2,299.1,113.9,D,0
-21.7351,141.2452,344.4,1.3,1.1,2014-10-29,0106,Terra,MODIS,85,6.2,322.5,38.4,D,0
-21.7336,141.2326,332.3,1.3,1.1,2014-10-29,0106,Terra,MODIS,33,6.2,319.2,11.8,D,0
-21.728,141.2718,339,1.3,1.1,2014-10-29,0106,Terra,MODIS,37,6.2,320.9,24.8,D,0
-21.7191,141.2661,337.8,1.3,1.1,2014-10-29,0106,Terra,MODIS,43,6.2,321.3,22.1,D,0
-21.7833,126.1173,326.2,4.7,2,2014-10-29,0106,Terra,MODIS,50,6.2,306,73.4,D,0
-21.7657,126.1218,327,4.7,2,2014-10-29,0106,Terra,MODIS,45,6.2,306.9,86,D,0
-21.7808,126.1101,327,4.7,2,2014-10-29,0106,Terra,MODIS,55,6.2,306.4,80.8,D,0
-24.147,126.2645,365.4,4.1,1.9,2014-10-29,0107,Terra,MODIS,100,6.2,295.1,673.1,D,0
-24.1714,126.2163,350.1,4.1,1.9,2014-10-29,0107,Terra,MODIS,83,6.2,287,375.8,D,0
-24.1742,126.2079,338.1,4.1,1.9,2014-10-29,0107,Terra,MODIS,73,6.2,281.9,210.5,D,0
-24.1601,126.2665,334.7,4.1,1.9,2014-10-29,0107,Terra,MODIS,66,6.2,294,170.3,D,0
-24.1548,126.2208,361.8,4.1,1.9,2014-10-29,0107,Terra,MODIS,96,6.2,295.3,586.8,D,0
-24.1636,126.26,340.2,4.1,1.9,2014-10-29,0107,Terra,MODIS,69,6.2,292,234.8,D,0
-24.1435,126.271,367.6,4.1,1.9,2014-10-29,0107,Terra,MODIS,100,6.2,291.8,725.2,D,0
-24.1516,126.2272,367.3,4.1,1.9,2014-10-29,0107,Terra,MODIS,100,6.2,294.7,710.6,D,0
-24.1831,126.2472,330.8,4.1,1.9,2014-10-29,0107,Terra,MODIS,57,6.2,291,137.9,D,0
-28.0652,129.9909,336.8,1.8,1.3,2014-10-29,0108,Terra,MODIS,84,6.2,309.5,45,D,0
-27.5522,128.923,362.1,2.2,1.4,2014-10-29,0108,Terra,MODIS,0,6.2,280.1,271.7,D,0
-28.0315,130.2634,329.5,1.8,1.3,2014-10-29,0108,Terra,MODIS,72,6.2,308.9,25.3,D,0
-28.0736,130.0023,346.6,1.8,1.3,2014-10-29,0108,Terra,MODIS,92,6.2,309.5,92.1,D,0
-28.0687,130.0093,350.2,1.8,1.3,2014-10-29,0108,Terra,MODIS,94,6.2,309.7,102.9,D,0
-28.0654,130.0233,331.1,1.8,1.3,2014-10-29,0108,Terra,MODIS,51,6.2,309.3,27.8,D,0
-28.0618,130.0051,341.3,1.8,1.3,2014-10-29,0108,Terra,MODIS,88,6.2,310.2,64.7,D,0
-28.0571,130.0443,337,1.8,1.3,2014-10-29,0108,Terra,MODIS,68,6.2,311.3,44.9,D,0
-32.4515,135.8342,330.3,1,1,2014-10-29,0109,Terra,MODIS,73,6.2,313.5,12.5,D,0
-16.3215,123.9872,319.9,3.8,1.8,2014-10-29,0243,Terra,MODIS,0,6.2,299.1,53.6,D,0
-16.1689,124.7891,320.2,4.4,1.9,2014-10-29,0243,Terra,MODIS,67,6.2,299.2,50.3,D,0
-16.1703,124.7818,321.8,4.4,1.9,2014-10-29,0243,Terra,MODIS,74,6.2,299.2,68.5,D,0
-15.7655,124.5365,333.2,4.1,1.9,2014-10-29,0243,Terra,MODIS,79,6.2,303.9,136.3,D,0
-15.7686,124.5291,328.3,4.1,1.9,2014-10-29,0243,Terra,MODIS,56,6.2,303.4,90.2,D,0
-16.1647,124.7483,319.7,4.3,1.9,2014-10-29,0243,Terra,MODIS,59,6.2,299.3,47.5,D,0
-19.765,122.7065,328.8,3.4,1.7,2014-10-29,0244,Terra,MODIS,47,6.2,289.8,116.2,D,0
-18.7899,122.7131,328.7,3.3,1.7,2014-10-29,0244,Terra,MODIS,64,6.2,305.2,57.4,D,0
-18.7853,122.7067,328.8,3.3,1.7,2014-10-29,0244,Terra,MODIS,62,6.2,305.6,55.5,D,0
-21.4277,116.9631,357.6,1.4,1.2,2014-10-29,0244,Terra,MODIS,98,6.2,317.8,87.5,D,0
-21.4294,116.9764,342.8,1.4,1.2,2014-10-29,0244,Terra,MODIS,84,6.2,316.3,36.3,D,0
-20.7221,117.0837,335.6,1.4,1.2,2014-10-29,0244,Terra,MODIS,69,6.2,311.9,24.6,D,0
-20.7238,117.0969,343.8,1.4,1.2,2014-10-29,0244,Terra,MODIS,86,6.2,309.8,47.9,D,0
-20.729,117.0897,337,1.4,1.2,2014-10-29,0244,Terra,MODIS,69,6.2,311.2,28.6,D,0
-21.4173,116.9644,342.9,1.4,1.2,2014-10-29,0244,Terra,MODIS,84,6.2,316.6,37.1,D,0
-19.9834,123.9122,330.9,4.2,1.9,2014-10-29,0244,Terra,MODIS,70,6.2,305,93.4,D,0
-20.0005,123.9104,348.4,4.2,1.9,2014-10-29,0244,Terra,MODIS,92,6.2,305.9,318.5,D,0
-20.0041,123.9505,334.2,4.2,1.9,2014-10-29,0244,Terra,MODIS,75,6.2,302.6,113.3,D,0
-19.9858,123.905,333.5,4.2,1.9,2014-10-29,0244,Terra,MODIS,74,6.2,304.9,123,D,0
-20.0029,123.9031,343.4,4.2,1.9,2014-10-29,0244,Terra,MODIS,87,6.2,305.5,246,D,0
-20.0063,123.9434,337.8,4.2,1.9,2014-10-29,0244,Terra,MODIS,81,6.2,302.5,159,D,0
-20.0235,123.9417,328.9,4.2,1.9,2014-10-29,0244,Terra,MODIS,25,6.2,306.2,55.6,D,0
-20.6963,123.8312,340.3,4.2,1.9,2014-10-29,0244,Terra,MODIS,83,6.2,306.5,194,D,0
-20.0372,123.8998,340.2,4.2,1.9,2014-10-29,0244,Terra,MODIS,84,6.2,305.3,197.3,D,0
-20.0348,123.9071,350.9,4.2,1.9,2014-10-29,0244,Terra,MODIS,94,6.2,305.6,353.9,D,0
-21.0589,121.4878,329.2,2.9,1.6,2014-10-29,0244,Terra,MODIS,27,6.2,301.4,36.1,D,0
-21.06,121.4811,341.1,2.9,1.6,2014-10-29,0244,Terra,MODIS,83,6.2,301.5,113.2,D,0
-20.1289,123.7264,328.8,4.1,1.9,2014-10-29,0244,Terra,MODIS,62,6.2,304.9,67.1,D,0
-20.6791,123.8329,335,4.2,1.9,2014-10-29,0244,Terra,MODIS,72,6.2,305.2,130.8,D,0
-20.6942,123.8387,339.8,4.2,1.9,2014-10-29,0244,Terra,MODIS,81,6.2,307.1,185.9,D,0
-20.1324,123.7659,329.8,4.1,1.9,2014-10-29,0244,Terra,MODIS,65,6.2,306.3,83.8,D,0
-20.1356,123.7588,329.3,4.1,1.9,2014-10-29,0244,Terra,MODIS,63,6.2,306.6,77.4,D,0
-21.2039,121.5659,343.4,2.9,1.6,2014-10-29,0244,Terra,MODIS,74,6.2,303.7,140.3,D,0
-21.2013,121.5379,344.2,2.9,1.6,2014-10-29,0244,Terra,MODIS,64,6.2,308.4,131.6,D,0
-21.2038,121.5727,339.1,2.9,1.6,2014-10-29,0244,Terra,MODIS,59,6.2,302.7,99.9,D,0
-21.201,121.5447,352.3,2.9,1.6,2014-10-29,0244,Terra,MODIS,94,6.2,307.4,207.6,D,0
-21.1863,121.5463,345.7,2.9,1.6,2014-10-29,0244,Terra,MODIS,81,6.2,308.3,139.9,D,0
-20.0407,123.9398,359.7,4.2,1.9,2014-10-29,0244,Terra,MODIS,99,6.2,305.9,522.8,D,0
-20.0385,123.9472,356.7,4.2,1.9,2014-10-29,0244,Terra,MODIS,98,6.2,306.2,448.5,D,0
-21.4352,122.1026,332.6,3.2,1.7,2014-10-29,0244,Terra,MODIS,71,6.2,305.5,83.3,D,0
-21.056,121.4605,374.6,2.8,1.6,2014-10-29,0244,Terra,MODIS,100,6.2,308.7,503,D,0
-21.0532,121.4333,379.8,2.8,1.6,2014-10-29,0244,Terra,MODIS,100,6.2,314.1,575.8,D,0
-21.072,121.4522,344.3,2.8,1.6,2014-10-29,0244,Terra,MODIS,73,6.2,307.4,121.4,D,0
-21.0548,121.4264,366.3,2.8,1.6,2014-10-29,0244,Terra,MODIS,100,6.2,313.9,355.6,D,0
-21.0574,121.4538,387.8,2.8,1.6,2014-10-29,0244,Terra,MODIS,100,6.2,311.5,755,D,0
-21.4317,122.096,333.5,3.2,1.7,2014-10-29,0244,Terra,MODIS,74,6.2,306.2,89.3,D,0
-21.7813,116.3888,341.2,1.3,1.1,2014-10-29,0245,Terra,MODIS,60,6.2,319.4,25.2,D,0
-21.7864,118.0386,336.2,1.6,1.3,2014-10-29,0245,Terra,MODIS,59,6.2,315.7,27.9,D,0
-21.8128,118.0669,360.1,1.6,1.3,2014-10-29,0245,Terra,MODIS,100,6.2,316.8,129.9,D,0
-24.9277,122.6152,332.2,3.8,1.8,2014-10-29,0245,Terra,MODIS,61,6.2,282.7,149.6,D,0
-25.3996,121.3075,328.7,3.1,1.7,2014-10-29,0245,Terra,MODIS,59,6.2,296.4,74.9,D,0
-25.3969,121.2762,376.6,3.1,1.7,2014-10-29,0245,Terra,MODIS,100,6.2,303.3,670,D,0
-25.3817,121.2776,348.9,3.1,1.7,2014-10-29,0245,Terra,MODIS,94,6.2,297.4,249.5,D,0
-37.8124,144.7542,313.5,2.5,1.5,2014-10-29,0346,Aqua,MODIS,41,6.2,297.6,11.9,D,0
-36.5975,145.0126,311.9,2.3,1.5,2014-10-29,0346,Aqua,MODIS,50,6.2,299.2,14.2,D,0
-35.6973,145.5052,317.5,2.1,1.4,2014-10-29,0347,Aqua,MODIS,49,6.2,304.8,20.9,D,0
-32.8462,150.8859,327.1,1,1,2014-10-29,0347,Aqua,MODIS,51,6.2,303.9,17.5,D,0
-32.8539,150.8988,324.9,1,1,2014-10-29,0347,Aqua,MODIS,70,6.2,300.6,16,D,0
-33.2223,151.1464,321,1,1,2014-10-29,0347,Aqua,MODIS,74,6.2,295.5,15,D,0
-33.2238,151.1352,321.7,1,1,2014-10-29,0347,Aqua,MODIS,75,6.2,295.8,15.5,D,0
-33.2147,151.1334,351.1,1,1,2014-10-29,0347,Aqua,MODIS,83,6.2,300.6,61.5,D,0
-33.2161,151.1223,328.1,1,1,2014-10-29,0347,Aqua,MODIS,30,6.2,298.1,20.8,D,0
-33.4864,149.5497,318.3,1.2,1.1,2014-10-29,0347,Aqua,MODIS,64,6.2,304.2,7.8,D,0
-33.4831,149.5554,316.5,1.2,1.1,2014-10-29,0347,Aqua,MODIS,61,6.2,304.5,7.1,D,0
-34.4676,150.8817,312.8,1.1,1,2014-10-29,0347,Aqua,MODIS,52,6.2,290.7,6.8,D,2
-32.0924,151.8899,329.4,1,1,2014-10-29,0347,Aqua,MODIS,75,6.2,304.3,17.8,D,0
-31.7786,151.6405,328.5,1,1,2014-10-29,0347,Aqua,MODIS,61,6.2,305.1,15.6,D,0
-31.7816,151.6193,332.8,1,1,2014-10-29,0347,Aqua,MODIS,82,6.2,302.9,22.7,D,0
-31.7681,151.6492,327.5,1,1,2014-10-29,0347,Aqua,MODIS,57,6.2,308,13.4,D,0
-28.5432,152.3081,335.3,1,1,2014-10-29,0348,Aqua,MODIS,80,6.2,307.1,24.7,D,0
-28.6189,152.3501,338.4,1,1,2014-10-29,0348,Aqua,MODIS,86,6.2,304,32.2,D,0
-29.2848,152.8738,332.2,1,1,2014-10-29,0348,Aqua,MODIS,82,6.2,301.2,24.4,D,0
-31.0754,152.1172,336.2,1,1,2014-10-29,0348,Aqua,MODIS,85,6.2,301.6,29.9,D,0
-31.0769,152.1067,319.9,1,1,2014-10-29,0348,Aqua,MODIS,33,6.2,300.9,8.9,D,0
-31.0664,152.1154,338.1,1,1,2014-10-29,0348,Aqua,MODIS,87,6.2,303.5,31.7,D,0
-31.0679,152.1049,330.2,1,1,2014-10-29,0348,Aqua,MODIS,79,6.2,303,19.5,D,0
-28.6006,152.3625,329.6,1,1,2014-10-29,0348,Aqua,MODIS,75,6.2,303,19.2,D,0
-29.2831,152.8847,342.5,1,1,2014-10-29,0348,Aqua,MODIS,90,6.2,302.5,42.5,D,0
-28.6082,152.3588,353.7,1,1,2014-10-29,0348,Aqua,MODIS,96,6.2,305.2,62.2,D,0
-28.6098,152.3484,329.1,1,1,2014-10-29,0348,Aqua,MODIS,53,6.2,303.3,16.9,D,0
-29.2814,152.8954,338.2,1,1,2014-10-29,0348,Aqua,MODIS,87,6.2,302.8,34.7,D,0
-29.2956,152.865,337.6,1,1,2014-10-29,0348,Aqua,MODIS,86,6.2,302.6,33,D,0
-29.2923,152.8866,316.2,1,1,2014-10-29,0348,Aqua,MODIS,44,6.2,302.1,6.9,D,0
-29.2865,152.863,343.9,1,1,2014-10-29,0348,Aqua,MODIS,91,6.2,303.7,44.2,D,0
-28.5416,152.3185,327.8,1,1,2014-10-29,0348,Aqua,MODIS,42,6.2,304.9,16.2,D,0
-29.2773,152.8612,331.6,1,1,2014-10-29,0348,Aqua,MODIS,81,6.2,302.1,25,D,0
-28.7844,151.4266,330.8,1,1,2014-10-29,0348,Aqua,MODIS,54,6.2,315.2,13.7,D,0
-28.601,152.2981,327.2,1,1,2014-10-29,0348,Aqua,MODIS,63,6.2,305.5,15.7,D,0
-28.6085,152.3102,325.2,1,1,2014-10-29,0348,Aqua,MODIS,45,6.2,303.4,12.9,D,0
-28.6022,152.3521,333.6,1,1,2014-10-29,0348,Aqua,MODIS,81,6.2,303.9,25,D,0
-28.6053,152.3313,326.2,1,1,2014-10-29,0348,Aqua,MODIS,67,6.2,303.9,14.4,D,0
-28.6069,152.3207,327.2,1,1,2014-10-29,0348,Aqua,MODIS,45,6.2,302.8,14.4,D,0
-28.5587,152.2682,335.9,1,1,2014-10-29,0348,Aqua,MODIS,83,6.2,307.1,25.7,D,0
-28.7829,151.4368,342.8,1,1,2014-10-29,0348,Aqua,MODIS,88,6.2,319.3,30.8,D,0
-28.548,152.2769,328.7,1,1,2014-10-29,0348,Aqua,MODIS,73,6.2,307,14.9,D,0
-28.5464,152.2874,327,1,1,2014-10-29,0348,Aqua,MODIS,71,6.2,307.5,12.1,D,0
-28.8102,151.9444,339.2,1,1,2014-10-29,0348,Aqua,MODIS,77,6.2,302.5,31.8,D,0
-28.8117,151.9341,357.6,1,1,2014-10-29,0348,Aqua,MODIS,98,6.2,304.3,68,D,0
-31.071,152.084,334.3,1,1,2014-10-29,0348,Aqua,MODIS,73,6.2,304.3,22.2,D,0
-31.0725,152.0736,338.7,1,1,2014-10-29,0348,Aqua,MODIS,85,6.2,307.7,28.9,D,0
-31.065,152.0614,329.6,1,1,2014-10-29,0348,Aqua,MODIS,76,6.2,309.7,15.8,D,0
-31.0665,152.0509,323.7,1,1,2014-10-29,0348,Aqua,MODIS,21,6.2,307.7,9.3,D,0
-31.0099,152.0664,340.3,1,1,2014-10-29,0348,Aqua,MODIS,88,6.2,308.1,33.5,D,0
-28.8088,151.8913,327.1,1,1,2014-10-29,0348,Aqua,MODIS,39,6.2,311.5,9.8,D,0
-28.8209,151.8725,333.6,1,1,2014-10-29,0348,Aqua,MODIS,80,6.2,313.1,16.5,D,0
-28.8193,151.8829,383.7,1,1,2014-10-29,0348,Aqua,MODIS,100,6.2,317.8,154.5,D,0
-28.8148,151.9136,337.7,1,1,2014-10-29,0348,Aqua,MODIS,45,6.2,306.5,24.6,D,0
-28.8132,151.9238,351.7,1,1,2014-10-29,0348,Aqua,MODIS,88,6.2,305.9,52.2,D,0
-28.8073,151.9015,330.3,1,1,2014-10-29,0348,Aqua,MODIS,51,6.2,312.5,14.4,D,0
-28.7921,151.9409,382.9,1,1,2014-10-29,0348,Aqua,MODIS,100,6.2,311.6,153.9,D,0
-28.7936,151.9306,375.8,1,1,2014-10-29,0348,Aqua,MODIS,100,6.2,313.1,122.8,D,0
-31.065,152.6866,339.4,1,1,2014-10-29,0348,Aqua,MODIS,89,6.2,304,34.8,D,0
-31.056,152.6848,319.3,1,1,2014-10-29,0348,Aqua,MODIS,53,6.2,303.2,8.9,D,0
-31.6746,151.7219,322.7,1,1,2014-10-29,0348,Aqua,MODIS,25,6.2,299.8,12.2,D,0
-31.6656,151.7201,344.4,1,1,2014-10-29,0348,Aqua,MODIS,84,6.2,304,41.1,D,0
-31.6671,151.7096,339.7,1,1,2014-10-29,0348,Aqua,MODIS,41,6.2,303.5,31.8,D,0
-31.652,151.685,333.2,1,1,2014-10-29,0348,Aqua,MODIS,65,6.2,302.2,23.6,D,0
-30.4025,152.3167,322,1,1,2014-10-29,0348,Aqua,MODIS,65,6.2,301.9,11.3,D,0
-31.0666,152.6759,348.8,1,1,2014-10-29,0348,Aqua,MODIS,94,6.2,300.5,53.8,D,0
-31.0576,152.6741,339.5,1,1,2014-10-29,0348,Aqua,MODIS,89,6.2,302.7,36.4,D,0
-28.628,152.3519,334.7,1,1,2014-10-29,0348,Aqua,MODIS,82,6.2,302.7,26.9,D,0
-29.5784,152.3435,337.4,1,1,2014-10-29,0348,Aqua,MODIS,85,6.2,300.9,32.4,D,0
-29.58,152.333,341.2,1,1,2014-10-29,0348,Aqua,MODIS,88,6.2,301.8,38.3,D,0
-27.8359,153.1316,348.7,1.1,1,2014-10-29,0348,Aqua,MODIS,92,6.2,309.3,55.2,D,0
-29.5709,152.3312,319.8,1,1,2014-10-29,0348,Aqua,MODIS,32,6.2,300.8,10.8,D,0
-29.5909,152.2606,331.1,1,1,2014-10-29,0348,Aqua,MODIS,73,6.2,300.5,24.1,D,0
-29.5893,152.271,332.2,1,1,2014-10-29,0348,Aqua,MODIS,80,6.2,300.6,25.7,D,0
-29.5862,152.2919,335.4,1,1,2014-10-29,0348,Aqua,MODIS,83,6.2,300.7,29.2,D,0
-29.2915,152.8309,322,1,1,2014-10-29,0348,Aqua,MODIS,67,6.2,300.1,13.1,D,0
-29.6448,152.3321,329.3,1,1,2014-10-29,0348,Aqua,MODIS,77,6.2,303,20.4,D,0
-29.6271,152.2676,320.7,1,1,2014-10-29,0348,Aqua,MODIS,33,6.2,298.8,11.2,D,0
-29.5741,152.3103,332.7,1,1,2014-10-29,0348,Aqua,MODIS,79,6.2,301.9,25.1,D,0
-29.6342,152.3407,338.3,1,1,2014-10-29,0348,Aqua,MODIS,86,6.2,301.1,33.4,D,0
-29.5725,152.3207,338.1,1,1,2014-10-29,0348,Aqua,MODIS,86,6.2,302.7,33.4,D,0
-29.6252,152.3386,328.9,1,1,2014-10-29,0348,Aqua,MODIS,77,6.2,299.9,20,D,0
-27.8404,153.1391,410.8,1.1,1,2014-10-29,0348,Aqua,MODIS,100,6.2,317.8,356.4,D,0
-29.1791,152.6089,328.1,1,1,2014-10-29,0348,Aqua,MODIS,76,6.2,306.7,16,D,0
-29.6433,152.3426,321.2,1,1,2014-10-29,0348,Aqua,MODIS,53,6.2,301.6,12.1,D,0
-29.6106,152.2532,328.3,1,1,2014-10-29,0348,Aqua,MODIS,58,6.2,299,20.2,D,0
-27.8342,153.1427,350.5,1.1,1,2014-10-29,0348,Aqua,MODIS,94,6.2,307.9,60.5,D,0
-27.9243,153.0991,329.3,1.1,1,2014-10-29,0348,Aqua,MODIS,62,6.2,308.5,15.6,D,0
-29.5999,152.2623,341.9,1,1,2014-10-29,0348,Aqua,MODIS,89,6.2,303.7,40,D,0
-27.8422,153.128,339.3,1.1,1,2014-10-29,0348,Aqua,MODIS,84,6.2,308.1,32.3,D,0
-27.8498,153.1411,335.7,1.1,1,2014-10-29,0348,Aqua,MODIS,80,6.2,308.3,26.3,D,0
-29.6358,152.3303,325,1,1,2014-10-29,0348,Aqua,MODIS,56,6.2,301.3,14.2,D,0
-29.5846,152.3021,356.1,1,1,2014-10-29,0348,Aqua,MODIS,98,6.2,302.3,68.9,D,0
-26.3757,149.5439,352.5,1,1,2014-10-29,0349,Aqua,MODIS,94,6.2,320.5,47.7,D,0
-26.377,149.5337,364.2,1,1,2014-10-29,0349,Aqua,MODIS,100,6.2,320.4,77.6,D,0
-26.3784,149.5234,367.4,1,1,2014-10-29,0349,Aqua,MODIS,100,6.2,324.3,87.9,D,0
-26.3693,149.5218,348.9,1,1,2014-10-29,0349,Aqua,MODIS,91,6.2,321.1,37.9,D,0
-26.1174,150.5345,338,1,1,2014-10-29,0349,Aqua,MODIS,59,6.2,318.1,18.6,D,0
-26.1188,150.5245,338,1,1,2014-10-29,0349,Aqua,MODIS,55,6.2,317.9,18.8,D,0
-26.1101,150.5274,334,1,1,2014-10-29,0349,Aqua,MODIS,45,6.2,317.2,13.2,D,0
-26.2394,148.0818,334.8,1.1,1.1,2014-10-29,0349,Aqua,MODIS,69,6.2,320,17.1,D,0
-25.5484,150.8448,338.5,1,1,2014-10-29,0349,Aqua,MODIS,55,6.2,319.6,15.5,D,0
-24.6172,150.55,355.2,1,1,2014-10-29,0349,Aqua,MODIS,97,6.2,321.2,50.1,D,0
-24.6082,150.5484,363.9,1,1,2014-10-29,0349,Aqua,MODIS,100,6.2,320.8,72.8,D,0
-24.6186,150.5401,340.1,1,1,2014-10-29,0349,Aqua,MODIS,69,6.2,322.1,19.5,D,0
-25.788,152.6124,328.8,1.1,1,2014-10-29,0349,Aqua,MODIS,46,6.2,308.4,15.2,D,0
-25.1767,147.8785,328,1.1,1.1,2014-10-29,0349,Aqua,MODIS,37,6.2,315.6,8.7,D,0
-26.6517,148.0467,335.1,1.2,1.1,2014-10-29,0349,Aqua,MODIS,70,6.2,322.3,12.9,D,0
-25.6882,151.6983,335,1,1,2014-10-29,0349,Aqua,MODIS,37,6.2,323,11.7,D,0
-25.278,149.8511,357.7,1,1,2014-10-29,0349,Aqua,MODIS,98,6.2,315.5,60.5,D,0
-25.3555,149.0161,330.7,1,1,2014-10-29,0349,Aqua,MODIS,65,6.2,314.6,14,D,0
-25.287,149.8526,347.9,1,1,2014-10-29,0349,Aqua,MODIS,91,6.2,319.5,38.2,D,0
-24.929,151.0588,338.2,1,1,2014-10-29,0349,Aqua,MODIS,80,6.2,316.6,20.7,D,0
-24.9305,151.0488,334.8,1,1,2014-10-29,0349,Aqua,MODIS,73,6.2,317.3,16.4,D,0
-24.9215,151.0471,348.8,1,1,2014-10-29,0349,Aqua,MODIS,92,6.2,315.1,40.3,D,0
-26.5342,147.343,334.3,1.2,1.1,2014-10-29,0349,Aqua,MODIS,67,6.2,321.7,15.2,D,0
-25.5379,150.8531,340.6,1,1,2014-10-29,0349,Aqua,MODIS,70,6.2,319.9,18.5,D,0
-25.5394,150.8432,357.9,1,1,2014-10-29,0349,Aqua,MODIS,98,6.2,324.5,55.2,D,0
-24.6096,150.5385,360.1,1,1,2014-10-29,0349,Aqua,MODIS,100,6.2,325.5,62.7,D,0
-24.9229,151.0371,357.5,1,1,2014-10-29,0349,Aqua,MODIS,98,6.2,318.2,61.9,D,0
-25.38,149.9726,354.7,1,1,2014-10-29,0349,Aqua,MODIS,96,6.2,319,52.9,D,0
-26.4959,150.7808,357,1,1,2014-10-29,0349,Aqua,MODIS,97,6.2,318.3,62.2,D,0
-26.4855,150.7892,337.9,1,1,2014-10-29,0349,Aqua,MODIS,78,6.2,311.8,24.3,D,0
-26.4869,150.7792,368.2,1,1,2014-10-29,0349,Aqua,MODIS,100,6.2,319.1,94.5,D,0
-26.0659,150.6422,339.4,1,1,2014-10-29,0349,Aqua,MODIS,80,6.2,321.4,19.5,D,0
-25.2856,149.8626,341.3,1,1,2014-10-29,0349,Aqua,MODIS,84,6.2,317.4,27.2,D,0
-27.105,152.5397,325.9,1.1,1,2014-10-29,0349,Aqua,MODIS,33,6.2,300.9,16.7,D,0
-26.3263,150.8096,335.8,1,1,2014-10-29,0349,Aqua,MODIS,75,6.2,317.2,20,D,0
-26.3277,150.7996,328.5,1,1,2014-10-29,0349,Aqua,MODIS,43,6.2,315.5,9.9,D,0
-26.3173,150.808,367.5,1,1,2014-10-29,0349,Aqua,MODIS,100,6.2,317.8,90.1,D,0
-26.3187,150.798,336.8,1,1,2014-10-29,0349,Aqua,MODIS,77,6.2,315.3,19.9,D,0
-27.3131,152.1628,335.2,1,1,2014-10-29,0349,Aqua,MODIS,77,6.2,311.1,24.2,D,0
-27.3039,152.161,340.8,1,1,2014-10-29,0349,Aqua,MODIS,84,6.2,308.7,32.4,D,0
-27.3146,152.1523,330.1,1,1,2014-10-29,0349,Aqua,MODIS,66,6.2,311.6,16.8,D,0
-27.3055,152.1506,338.9,1,1,2014-10-29,0349,Aqua,MODIS,78,6.2,307.7,29.1,D,0
-27.2151,146.1561,333.9,1.5,1.2,2014-10-29,0349,Aqua,MODIS,66,6.2,320.8,22.7,D,0
-27.2138,146.1504,331.9,1.5,1.2,2014-10-29,0349,Aqua,MODIS,61,6.2,320.2,18.7,D,0
-25.0927,148.0024,336.7,1.1,1.1,2014-10-29,0349,Aqua,MODIS,78,6.2,316.6,23.1,D,0
-25.0913,148.0135,330,1.1,1.1,2014-10-29,0349,Aqua,MODIS,64,6.2,315.5,12.4,D,0
-27.0006,152.1478,335,1,1,2014-10-29,0349,Aqua,MODIS,40,6.2,316.9,15.3,D,0
-24.6006,150.537,338.3,1,1,2014-10-29,0349,Aqua,MODIS,74,6.2,319.2,17.7,D,0
-25.5711,150.8796,340.1,1,1,2014-10-29,0349,Aqua,MODIS,40,6.2,318,20,D,0
-25.5606,150.888,352.6,1,1,2014-10-29,0349,Aqua,MODIS,94,6.2,321.9,43.6,D,0
-25.2829,149.6167,344.2,1,1,2014-10-29,0349,Aqua,MODIS,87,6.2,313,34.3,D,0
-25.5469,150.8548,348.4,1,1,2014-10-29,0349,Aqua,MODIS,90,6.2,319.9,33.5,D,0
-25.5696,150.8896,338.6,1,1,2014-10-29,0349,Aqua,MODIS,23,6.2,319,17.3,D,0
-25.5591,150.8979,336.4,1,1,2014-10-29,0349,Aqua,MODIS,49,6.2,318.7,13.7,D,0
-25.0828,151.4366,330.9,1,1,2014-10-29,0349,Aqua,MODIS,43,6.2,318.6,10.1,D,0
-26.9931,152.1356,336.5,1,1,2014-10-29,0349,Aqua,MODIS,59,6.2,318.6,18.1,D,0
-25.262,149.6336,335.9,1,1,2014-10-29,0349,Aqua,MODIS,71,6.2,313.8,19.6,D,0
-25.2607,149.6436,331.7,1,1,2014-10-29,0349,Aqua,MODIS,65,6.2,312.8,13.4,D,0
-24.4823,151.1481,325.6,1,1,2014-10-29,0349,Aqua,MODIS,31,6.2,310.4,9.6,D,0
-26.5954,147.172,345.1,1.3,1.1,2014-10-29,0349,Aqua,MODIS,87,6.2,321.8,42,D,0
-24.405,151.3565,344.8,1,1,2014-10-29,0349,Aqua,MODIS,89,6.2,304.5,39.9,D,0
-24.4065,151.3464,328.1,1,1,2014-10-29,0349,Aqua,MODIS,29,6.2,305,11.8,D,0
-25.2808,149.8312,333.1,1,1,2014-10-29,0349,Aqua,MODIS,65,6.2,318.1,12,D,0
-25.2794,149.8411,366.7,1,1,2014-10-29,0349,Aqua,MODIS,100,6.2,318.7,85.9,D,0
-25.2499,148.6454,350.9,1.1,1,2014-10-29,0349,Aqua,MODIS,94,6.2,316.7,51.9,D,0
-26.1771,146.4375,349.8,1.4,1.2,2014-10-29,0349,Aqua,MODIS,92,6.2,320.3,62.2,D,0
-25.3108,149.8726,332,1,1,2014-10-29,0349,Aqua,MODIS,56,6.2,318.3,10.6,D,0
-24.7982,148.5196,332.6,1.1,1,2014-10-29,0349,Aqua,MODIS,70,6.2,317.7,12.5,D,0
-26.3834,149.5557,344.4,1,1,2014-10-29,0349,Aqua,MODIS,86,6.2,319.8,29.7,D,0
-25.2513,148.6348,336.7,1.1,1,2014-10-29,0349,Aqua,MODIS,78,6.2,314.5,23.9,D,0
-26.3848,149.5455,352.2,1,1,2014-10-29,0349,Aqua,MODIS,94,6.2,320.1,45.6,D,0
-26.3862,149.5352,357.2,1,1,2014-10-29,0349,Aqua,MODIS,98,6.2,321.9,57.6,D,0
-23.6772,151.0502,324.9,1,1,2014-10-29,0350,Aqua,MODIS,41,6.2,308.3,8.1,D,0
-23.2835,147.7148,330.5,1.1,1,2014-10-29,0350,Aqua,MODIS,35,6.2,314.2,9.1,D,0
-23.274,147.7133,341.8,1.1,1,2014-10-29,0350,Aqua,MODIS,83,6.2,315.8,28.5,D,0
-23.2755,147.7025,331.3,1.1,1,2014-10-29,0350,Aqua,MODIS,52,6.2,315,9.6,D,0
-23.4178,148.4197,347.3,1.1,1,2014-10-29,0350,Aqua,MODIS,89,6.2,322.3,33.5,D,0
-24.1825,150.7523,334.5,1,1,2014-10-29,0350,Aqua,MODIS,75,6.2,314.7,18.5,D,0
-23.6046,148.5351,346.4,1,1,2014-10-29,0350,Aqua,MODIS,88,6.2,318.7,32.7,D,0
-23.5954,148.5336,347.4,1,1,2014-10-29,0350,Aqua,MODIS,89,6.2,318.7,35.5,D,0
-23.4132,147.1994,349.9,1.2,1.1,2014-10-29,0350,Aqua,MODIS,92,6.2,312.6,56.2,D,0
-23.4147,147.1879,330.2,1.2,1.1,2014-10-29,0350,Aqua,MODIS,40,6.2,311.8,14,D,0
-22.176,149.4981,381,1,1,2014-10-29,0350,Aqua,MODIS,100,6.2,308.4,143.8,D,0
-22.1774,149.4884,347.8,1,1,2014-10-29,0350,Aqua,MODIS,91,6.2,306.3,43.7,D,0
-24.0254,148.2021,336.4,1.1,1,2014-10-29,0350,Aqua,MODIS,71,6.2,321.5,14.3,D,0
-24.0268,148.1916,341.6,1.1,1,2014-10-29,0350,Aqua,MODIS,84,6.2,321.3,21.9,D,0
-23.8488,148.1512,334.1,1.1,1,2014-10-29,0350,Aqua,MODIS,62,6.2,315.3,13.4,D,0
-24.1751,150.8018,326.2,1,1,2014-10-29,0350,Aqua,MODIS,34,6.2,306.9,9.9,D,0
-24.181,150.7622,330.6,1,1,2014-10-29,0350,Aqua,MODIS,56,6.2,311.8,14.2,D,0
-24.172,150.7607,358.1,1,1,2014-10-29,0350,Aqua,MODIS,98,6.2,315.4,64.6,D,0
-24.3093,149.2825,336.2,1,1,2014-10-29,0350,Aqua,MODIS,75,6.2,318.2,16.3,D,0
-24.3106,149.2726,334.8,1,1,2014-10-29,0350,Aqua,MODIS,66,6.2,317.8,14.8,D,0
-23.6906,150.8986,327.4,1,1,2014-10-29,0350,Aqua,MODIS,52,6.2,304.5,11.9,D,0
-24.4181,146.7957,346.3,1.3,1.1,2014-10-29,0350,Aqua,MODIS,88,6.2,310.5,56,D,0
-21.7917,146.6839,351.6,1.2,1.1,2014-10-29,0350,Aqua,MODIS,93,6.2,320.6,49.5,D,0
-24.6311,147.8486,336.5,1.1,1.1,2014-10-29,0350,Aqua,MODIS,77,6.2,312.3,27,D,0
-22.7655,149.0953,335.2,1,1,2014-10-29,0350,Aqua,MODIS,55,6.2,315.8,8.6,D,0
-22.7669,149.0855,343.2,1,1,2014-10-29,0350,Aqua,MODIS,86,6.2,317.1,23.1,D,0
-23.8683,151.1279,356.9,1,1,2014-10-29,0350,Aqua,MODIS,98,6.2,310.9,68.4,D,0
-23.8698,151.1178,346.6,1,1,2014-10-29,0350,Aqua,MODIS,90,6.2,308.7,43.9,D,0
-23.8395,148.1497,344.6,1.1,1,2014-10-29,0350,Aqua,MODIS,86,6.2,315.3,31.5,D,0
-22.0194,149.2422,342.8,1,1,2014-10-29,0350,Aqua,MODIS,87,6.2,305.5,34.7,D,0
-22,149.2489,344.6,1,1,2014-10-29,0350,Aqua,MODIS,72,6.2,297.4,40.2,D,0
-24.6325,147.8372,346.6,1.1,1.1,2014-10-29,0350,Aqua,MODIS,89,6.2,312.9,48.6,D,0
-23.6413,150.3001,326.8,1,1,2014-10-29,0350,Aqua,MODIS,38,6.2,312.1,6.9,D,0
-22.0207,149.2325,331.1,1,1,2014-10-29,0350,Aqua,MODIS,67,6.2,304,16.6,D,0
-23.6323,150.2985,330.7,1,1,2014-10-29,0350,Aqua,MODIS,68,6.2,312.5,11.8,D,0
-22.1388,146.0028,334.9,1.3,1.1,2014-10-29,0350,Aqua,MODIS,69,6.2,319.2,13.4,D,0
-18.6568,145.9816,337,1.2,1.1,2014-10-29,0351,Aqua,MODIS,76,6.2,308.1,28.3,D,0
-18.2557,145.2943,363.3,1.3,1.1,2014-10-29,0351,Aqua,MODIS,100,6.2,318.8,110,D,0
-18.2486,145.2686,434.2,1.3,1.1,2014-10-29,0351,Aqua,MODIS,100,6.2,330.3,752.4,D,0
-18.2456,145.2928,370,1.3,1.1,2014-10-29,0351,Aqua,MODIS,100,6.2,318.3,140.4,D,0
-18.2619,145.2458,399.7,1.3,1.1,2014-10-29,0351,Aqua,MODIS,100,6.2,316.3,350.5,D,0
-17.8751,144.6051,337.7,1.4,1.2,2014-10-29,0351,Aqua,MODIS,69,6.2,320.6,24.5,D,0
-18.6549,145.9872,327.6,1.2,1.1,2014-10-29,0351,Aqua,MODIS,43,6.2,307.9,14.4,D,0
-18.6666,145.983,329,1.2,1.1,2014-10-29,0351,Aqua,MODIS,35,6.2,307.4,12.8,D,0
-18.2659,145.2957,358.6,1.3,1.1,2014-10-29,0351,Aqua,MODIS,99,6.2,315.4,92.7,D,0
-20.5675,140.6918,353.4,3,1.6,2014-10-29,0351,Aqua,MODIS,95,6.2,322.5,203.7,D,0
-18.2705,145.2596,441.3,1.3,1.1,2014-10-29,0351,Aqua,MODIS,100,6.2,327.3,865.5,D,0
-18.2588,145.2702,396.5,1.3,1.1,2014-10-29,0351,Aqua,MODIS,100,6.2,322.7,316,D,0
-21.7324,141.265,335.2,2.8,1.6,2014-10-29,0351,Aqua,MODIS,70,6.2,320.3,60.4,D,0
-18.6564,145.9759,327.3,1.2,1.1,2014-10-29,0351,Aqua,MODIS,54,6.2,307.6,15,D,0
-18.2674,145.2837,369.7,1.3,1.1,2014-10-29,0351,Aqua,MODIS,100,6.2,316.2,141.2,D,0
-18.2441,145.3049,337.1,1.3,1.1,2014-10-29,0351,Aqua,MODIS,81,6.2,314.4,25.9,D,0
-18.2502,145.2565,395.9,1.3,1.1,2014-10-29,0351,Aqua,MODIS,100,6.2,315.9,319.9,D,0
-17.8874,144.5931,340.3,1.4,1.2,2014-10-29,0351,Aqua,MODIS,65,6.2,317,31.5,D,0
-18.2807,145.2611,325.9,1.3,1.1,2014-10-29,0351,Aqua,MODIS,48,6.2,310,12.7,D,0
-18.2604,145.258,437.5,1.3,1.1,2014-10-29,0351,Aqua,MODIS,100,6.2,332.3,804.2,D,0
-18.2542,145.3063,336.3,1.3,1.1,2014-10-29,0351,Aqua,MODIS,78,6.2,315.3,24.7,D,0
-18.2721,145.2474,383.9,1.3,1.1,2014-10-29,0351,Aqua,MODIS,100,6.2,313,228.9,D,0
-18.852,145.8851,329.5,1.2,1.1,2014-10-29,0351,Aqua,MODIS,62,6.2,305.9,23.3,D,0
-18.8507,145.8911,344,1.2,1.1,2014-10-29,0351,Aqua,MODIS,87,6.2,308.4,55.5,D,0
-18.2573,145.2823,373,1.3,1.1,2014-10-29,0351,Aqua,MODIS,100,6.2,319.6,157.9,D,0
-18.2689,145.2719,388.6,1.3,1.1,2014-10-29,0351,Aqua,MODIS,100,6.2,318.7,254.3,D,0
-17.8857,144.6066,353.3,1.4,1.2,2014-10-29,0351,Aqua,MODIS,95,6.2,318.5,74.4,D,0
-18.2471,145.2807,395.2,1.3,1.1,2014-10-29,0351,Aqua,MODIS,100,6.2,321.8,305.5,D,0
-18.8506,145.8966,358,1.2,1.1,2014-10-29,0351,Aqua,MODIS,98,6.2,308.1,95,D,0
-18.8492,145.9025,336.8,1.2,1.1,2014-10-29,0351,Aqua,MODIS,79,6.2,303.7,39.6,D,0
-20.4027,147.3172,355.4,1.1,1,2014-10-29,0351,Aqua,MODIS,97,6.2,313.8,60.2,D,0
-20.3933,147.3158,343.5,1.1,1,2014-10-29,0351,Aqua,MODIS,87,6.2,312.9,31.5,D,0
-20.4255,147.2646,337.6,1.1,1,2014-10-29,0351,Aqua,MODIS,78,6.2,312.4,20.5,D,0
-20.8008,148.5627,340.1,1,1,2014-10-29,0351,Aqua,MODIS,82,6.2,312.2,31.8,D,0
-20.8021,148.5531,328.3,1,1,2014-10-29,0351,Aqua,MODIS,35,6.2,310.5,15,D,0
-21.0758,147.8211,334.2,1.1,1,2014-10-29,0351,Aqua,MODIS,61,6.2,315.6,11.3,D,0
-15.2106,144.9977,324.8,1.2,1.1,2014-10-29,0352,Aqua,MODIS,34,6.2,291.2,15.6,D,0
-16.6637,142.8048,337,1.8,1.3,2014-10-29,0352,Aqua,MODIS,53,6.2,317,32.8,D,0
-15.2108,145.0042,324.9,1.2,1.1,2014-10-29,0352,Aqua,MODIS,43,6.2,291.3,17.6,D,0
-16.6974,142.8264,334.3,1.8,1.3,2014-10-29,0352,Aqua,MODIS,18,6.2,315.2,22.1,D,0
-14.4542,141.8688,333.5,2,1.4,2014-10-29,0352,Aqua,MODIS,78,6.2,310,45.2,D,0
-14.4878,141.7982,328.5,2,1.4,2014-10-29,0352,Aqua,MODIS,70,6.2,310.9,27.1,D,0
-16.8895,142.7413,332.3,1.8,1.3,2014-10-29,0352,Aqua,MODIS,66,6.2,314.2,26.5,D,0
-14.8248,144.4572,339.9,1.3,1.1,2014-10-29,0352,Aqua,MODIS,85,6.2,304.4,37.5,D,0
-14.4418,141.8672,351.5,2,1.4,2014-10-29,0352,Aqua,MODIS,95,6.2,310.9,131.4,D,0
-14.6721,144.4419,329.5,1.3,1.1,2014-10-29,0352,Aqua,MODIS,67,6.2,299.7,23.8,D,0
-16.9115,142.7617,339,1.8,1.3,2014-10-29,0352,Aqua,MODIS,80,6.2,313.5,48.8,D,0
-16.9156,142.7271,335.1,1.9,1.3,2014-10-29,0352,Aqua,MODIS,67,6.2,309.4,35.6,D,0
-16.9135,142.7444,347.2,1.8,1.3,2014-10-29,0352,Aqua,MODIS,90,6.2,312.8,85.8,D,0
-14.8317,144.4636,335.3,1.3,1.1,2014-10-29,0352,Aqua,MODIS,79,6.2,305.4,29.7,D,0
-16.8776,142.7398,336.1,1.8,1.3,2014-10-29,0352,Aqua,MODIS,75,6.2,313.4,37.8,D,0
-14.8231,144.4694,339.2,1.3,1.1,2014-10-29,0352,Aqua,MODIS,76,6.2,308.1,35.8,D,0
-14.8214,144.4623,345.9,1.3,1.1,2014-10-29,0352,Aqua,MODIS,90,6.2,306.5,55.5,D,0
-14.444,141.8489,337.6,2,1.4,2014-10-29,0352,Aqua,MODIS,83,6.2,311.3,62.5,D,0
-17.0005,144.2882,339.2,1.4,1.2,2014-10-29,0352,Aqua,MODIS,83,6.2,317.2,34.8,D,0
-16.9431,142.755,329.8,1.8,1.3,2014-10-29,0352,Aqua,MODIS,35,6.2,312.8,22,D,0
-16.1913,145.2884,332.8,1.2,1.1,2014-10-29,0352,Aqua,MODIS,78,6.2,302,36.7,D,0
-16.2922,145.298,340.3,1.2,1.1,2014-10-29,0352,Aqua,MODIS,86,6.2,300.7,51.8,D,0
-15.1275,145.1693,336,1.2,1.1,2014-10-29,0352,Aqua,MODIS,82,6.2,292.4,38,D,0
-15.1668,145.1755,330.9,1.2,1.1,2014-10-29,0352,Aqua,MODIS,75,6.2,292.5,27.8,D,0
-15.1221,145.1344,323.7,1.2,1.1,2014-10-29,0352,Aqua,MODIS,32,6.2,288.7,18.6,D,0
-17.0577,142.7572,327.3,1.9,1.3,2014-10-29,0352,Aqua,MODIS,32,6.2,311.3,20.1,D,0
-14.5956,141.7858,334.7,2,1.4,2014-10-29,0352,Aqua,MODIS,41,6.2,311.1,41.5,D,0
-14.4447,141.7361,330.5,2,1.4,2014-10-29,0352,Aqua,MODIS,58,6.2,307.7,38.7,D,0
-14.4469,141.7173,326.2,2,1.4,2014-10-29,0352,Aqua,MODIS,15,6.2,305.1,26.5,D,0
-14.4571,141.7376,334.3,2,1.4,2014-10-29,0352,Aqua,MODIS,78,6.2,307.6,51.3,D,0
-17.0495,142.68,332.3,1.9,1.3,2014-10-29,0352,Aqua,MODIS,68,6.2,308.2,38,D,0
-16.2908,145.3091,325.4,1.2,1.1,2014-10-29,0352,Aqua,MODIS,60,6.2,302.1,24,D,0
-14.6258,144.6424,322.9,1.3,1.1,2014-10-29,0352,Aqua,MODIS,18,6.2,286.2,17.6,D,0
-16.7073,142.7411,328.8,1.8,1.3,2014-10-29,0352,Aqua,MODIS,21,6.2,311.2,16,D,0
-14.5818,141.7792,350.4,2,1.4,2014-10-29,0352,Aqua,MODIS,94,6.2,312.1,128.1,D,0
-14.5942,141.7808,335.5,2,1.4,2014-10-29,0352,Aqua,MODIS,56,6.2,310.6,48,D,0
-14.584,141.7605,349.6,2,1.4,2014-10-29,0352,Aqua,MODIS,93,6.2,309.2,124.4,D,0
-17.082,142.5447,330.9,1.9,1.4,2014-10-29,0352,Aqua,MODIS,59,6.2,311.5,26.8,D,0
-15.0086,145.0616,330.6,1.2,1.1,2014-10-29,0352,Aqua,MODIS,40,6.2,278.7,28.3,D,0
-16.8169,142.692,357.8,1.9,1.3,2014-10-29,0352,Aqua,MODIS,98,6.2,314.6,140.1,D,0
-16.1927,145.2774,332,1.2,1.1,2014-10-29,0352,Aqua,MODIS,77,6.2,300,35.7,D,0
-14.5725,141.6438,327.4,2.1,1.4,2014-10-29,0352,Aqua,MODIS,67,6.2,303.8,38.8,D,0
-15.0865,145.1694,335.2,1.2,1.1,2014-10-29,0352,Aqua,MODIS,69,6.2,295.1,34.2,D,0
-15.0966,145.1763,333,1.2,1.1,2014-10-29,0352,Aqua,MODIS,53,6.2,295.4,29.5,D,0
-14.8718,144.3945,330.9,1.3,1.1,2014-10-29,0352,Aqua,MODIS,69,6.2,305.5,21.9,D,0
-14.9721,145.0337,325.4,1.2,1.1,2014-10-29,0352,Aqua,MODIS,58,6.2,284,23.2,D,0
-14.5555,141.6804,325.2,2.1,1.4,2014-10-29,0352,Aqua,MODIS,61,6.2,301.4,33,D,0
-14.5577,141.6613,353.4,2.1,1.4,2014-10-29,0352,Aqua,MODIS,96,6.2,303,167.2,D,0
-16.3869,142.6763,335.7,1.8,1.3,2014-10-29,0352,Aqua,MODIS,62,6.2,317,24.2,D,0
-15.3529,143.1184,330.9,1.6,1.3,2014-10-29,0352,Aqua,MODIS,49,6.2,312.6,16.7,D,0
-15.1931,142.6511,334.1,1.8,1.3,2014-10-29,0352,Aqua,MODIS,66,6.2,307.3,37.3,D,0
-15.1871,142.7002,340.6,1.8,1.3,2014-10-29,0352,Aqua,MODIS,84,6.2,309.4,58.9,D,0
-15.2524,142.6136,334.1,1.8,1.3,2014-10-29,0352,Aqua,MODIS,60,6.2,311.3,33.6,D,0
-15.2406,142.6121,331.7,1.8,1.3,2014-10-29,0352,Aqua,MODIS,16,6.2,311.2,25.3,D,0
-15.1816,143.0112,332.2,1.7,1.3,2014-10-29,0352,Aqua,MODIS,36,6.2,315.6,16,D,0
-16.5233,142.6531,335.7,1.9,1.3,2014-10-29,0352,Aqua,MODIS,61,6.2,314.4,31.8,D,0
-15.278,142.6,336.1,1.8,1.3,2014-10-29,0352,Aqua,MODIS,57,6.2,313.7,38.5,D,0
-15.2141,143.0311,332.9,1.7,1.3,2014-10-29,0352,Aqua,MODIS,47,6.2,315,18.8,D,0
-16.5165,142.6648,337,1.8,1.3,2014-10-29,0352,Aqua,MODIS,28,6.2,314.7,33.6,D,0
-15.2463,142.6076,329.8,1.8,1.3,2014-10-29,0352,Aqua,MODIS,23,6.2,312.2,21,D,0
-15.1033,142.7319,328.8,1.7,1.3,2014-10-29,0352,Aqua,MODIS,16,6.2,308.4,14.6,D,0
-15.2898,142.6015,333.1,1.8,1.3,2014-10-29,0352,Aqua,MODIS,45,6.2,311.9,29.7,D,0
-15.1911,142.6675,333.7,1.8,1.3,2014-10-29,0352,Aqua,MODIS,58,6.2,310.1,35.3,D,0
-15.1813,142.6495,343.9,1.8,1.3,2014-10-29,0352,Aqua,MODIS,87,6.2,309.4,74.2,D,0
-15.1891,142.6839,332.2,1.8,1.3,2014-10-29,0352,Aqua,MODIS,53,6.2,310.9,28.7,D,0
-15.2288,142.6105,330.7,1.8,1.3,2014-10-29,0352,Aqua,MODIS,33,6.2,312.6,24,D,0
-13.7678,141.6219,345.1,2,1.4,2014-10-29,0353,Aqua,MODIS,91,6.2,301.4,112,D,0
-12.4718,136.6491,312.9,4.7,2,2014-10-29,0353,Aqua,MODIS,24,6.2,282.7,56.2,D,0
-13.7655,141.6404,342.4,2,1.4,2014-10-29,0353,Aqua,MODIS,89,6.2,303,97.3,D,0
-14.1218,141.9129,335.6,1.9,1.4,2014-10-29,0353,Aqua,MODIS,57,6.2,306.7,52.4,D,0
-13.7633,141.6589,339.1,2,1.4,2014-10-29,0353,Aqua,MODIS,87,6.2,303.3,80.1,D,0
-13.77,141.6032,371.8,2,1.4,2014-10-29,0353,Aqua,MODIS,100,6.2,303.8,307.7,D,0
-13.7723,141.5845,338.4,2,1.4,2014-10-29,0353,Aqua,MODIS,82,6.2,303.5,81.2,D,0
-13.2708,142.4068,334.1,1.7,1.3,2014-10-29,0353,Aqua,MODIS,60,6.2,302.4,46.6,D,0
-13.261,142.3898,331.7,1.7,1.3,2014-10-29,0353,Aqua,MODIS,70,6.2,300.4,39.9,D,0
-13.2634,142.401,335.5,1.7,1.3,2014-10-29,0353,Aqua,MODIS,83,6.2,303.3,53.8,D,0
-13.2654,142.3852,329.1,1.7,1.3,2014-10-29,0353,Aqua,MODIS,58,6.2,301.5,31.4,D,0
-14.1285,141.8588,345.4,2,1.4,2014-10-29,0353,Aqua,MODIS,82,6.2,305,106.1,D,0
-14.1255,141.9201,349.4,1.9,1.4,2014-10-29,0353,Aqua,MODIS,93,6.2,308.4,114.3,D,0
-14.1276,141.9022,364.4,1.9,1.4,2014-10-29,0353,Aqua,MODIS,100,6.2,309.8,218.9,D,0
-14.1235,141.938,363.6,1.9,1.4,2014-10-29,0353,Aqua,MODIS,100,6.2,311,204.8,D,0
-14.2135,141.9131,330.8,1.9,1.4,2014-10-29,0353,Aqua,MODIS,74,6.2,310,29.7,D,0
-14.1441,141.8676,336.4,2,1.4,2014-10-29,0353,Aqua,MODIS,71,6.2,311.8,56.6,D,0
-14.1462,141.8495,365,2,1.4,2014-10-29,0353,Aqua,MODIS,100,6.2,311.1,229.6,D,0
-14.1318,141.8661,357,2,1.4,2014-10-29,0353,Aqua,MODIS,98,6.2,308.6,172.2,D,0
-12.6644,142.0824,326.4,1.8,1.3,2014-10-29,0353,Aqua,MODIS,80,6.2,289.8,36.2,D,0
-14.1297,141.8842,347,2,1.4,2014-10-29,0353,Aqua,MODIS,88,6.2,309.1,109.5,D,0
-12.6713,142.0902,351.5,1.8,1.3,2014-10-29,0353,Aqua,MODIS,96,6.2,289.8,134,D,0
-13.7612,141.8794,341.2,1.9,1.4,2014-10-29,0353,Aqua,MODIS,89,6.2,308.1,83,D,0
-12.6705,142.3828,341.4,1.7,1.3,2014-10-29,0353,Aqua,MODIS,91,6.2,306.2,71.2,D,0
-14.1407,141.8604,362.6,2,1.4,2014-10-29,0353,Aqua,MODIS,100,6.2,311.8,210.1,D,0
-14.1296,141.9501,331.7,1.9,1.4,2014-10-29,0353,Aqua,MODIS,76,6.2,309.9,33.1,D,0
-14.124,141.8949,368.1,1.9,1.4,2014-10-29,0353,Aqua,MODIS,100,6.2,309.1,251.6,D,0
-14.1339,141.8479,341.9,2,1.4,2014-10-29,0353,Aqua,MODIS,87,6.2,306.2,91.5,D,0
-13.759,141.8971,337.9,1.9,1.4,2014-10-29,0353,Aqua,MODIS,84,6.2,309.6,66,D,0
-13.6927,141.701,325.7,2,1.4,2014-10-29,0353,Aqua,MODIS,52,6.2,306.4,23.8,D,0
-13.7652,141.8866,343.6,1.9,1.4,2014-10-29,0353,Aqua,MODIS,90,6.2,309.4,93.6,D,0
-14.1262,141.8769,348.7,2,1.4,2014-10-29,0353,Aqua,MODIS,89,6.2,307.6,120.5,D,0
-14.1196,141.9307,366.2,1.9,1.4,2014-10-29,0353,Aqua,MODIS,100,6.2,309.8,228.2,D,0
-14.1174,141.9486,328.5,1.9,1.4,2014-10-29,0353,Aqua,MODIS,57,6.2,309.9,23.4,D,0
-12.4733,136.6454,312.7,4.7,2,2014-10-29,0353,Aqua,MODIS,18,6.2,282.9,55.4,D,0
-14.143,141.8423,353,2,1.4,2014-10-29,0353,Aqua,MODIS,96,6.2,308.7,148.2,D,0
-12.686,142.3531,342.1,1.7,1.3,2014-10-29,0353,Aqua,MODIS,91,6.2,298.5,76.5,D,0
-14.406,141.7261,332.1,2,1.4,2014-10-29,0353,Aqua,MODIS,65,6.2,304.9,49.9,D,0
-13.749,141.8778,333.3,1.9,1.4,2014-10-29,0353,Aqua,MODIS,75,6.2,304.6,53.6,D,0
-14.43,141.7532,328.8,2,1.4,2014-10-29,0353,Aqua,MODIS,37,6.2,307,28.6,D,0
-13.7468,141.8955,353.4,1.9,1.4,2014-10-29,0353,Aqua,MODIS,96,6.2,307,147,D,0
-14.4037,141.7448,337.3,2,1.4,2014-10-29,0353,Aqua,MODIS,82,6.2,306.9,67.4,D,0
-12.5593,141.9114,330.2,1.8,1.3,2014-10-29,0353,Aqua,MODIS,0,6.2,303.4,41.4,D,0
-14.389,141.7619,328,2,1.4,2014-10-29,0353,Aqua,MODIS,54,6.2,307.4,31,D,0
-13.1663,142.3486,354.8,1.7,1.3,2014-10-29,0353,Aqua,MODIS,97,6.2,304.9,124.8,D,0
-13.178,142.3501,327.7,1.7,1.3,2014-10-29,0353,Aqua,MODIS,20,6.2,305.3,17,D,0
-13.184,142.374,328.9,1.7,1.3,2014-10-29,0353,Aqua,MODIS,48,6.2,307.3,20.7,D,0
-13.1759,142.3661,329.7,1.7,1.3,2014-10-29,0353,Aqua,MODIS,66,6.2,304.4,21.9,D,0
-13.1646,142.339,337.2,1.7,1.3,2014-10-29,0353,Aqua,MODIS,84,6.2,305.7,46,D,0
-13.1744,142.3565,342.7,1.7,1.3,2014-10-29,0353,Aqua,MODIS,89,6.2,304.6,66.6,D,0
-13.1627,142.355,338.4,1.7,1.3,2014-10-29,0353,Aqua,MODIS,85,6.2,303,50.3,D,0
-32.4027,135.7504,349.5,2.4,1.5,2014-10-29,0526,Aqua,MODIS,94,6.2,310.2,160.6,D,0
-32.4081,135.7254,387.1,2.4,1.5,2014-10-29,0526,Aqua,MODIS,100,6.2,317.2,599.1,D,0
-32.4019,135.7186,361.5,2.4,1.5,2014-10-29,0526,Aqua,MODIS,100,6.2,316.2,259,D,0
-32.3967,135.7436,355.4,2.4,1.5,2014-10-29,0526,Aqua,MODIS,97,6.2,312.1,204.5,D,0
-26.5701,121.2092,346,1.5,1.2,2014-10-29,0528,Aqua,MODIS,73,6.2,301.2,69.1,D,0
-26.5717,121.194,351.8,1.5,1.2,2014-10-29,0528,Aqua,MODIS,91,6.2,310.7,87,D,0
-26.5693,121.2037,360.7,1.5,1.2,2014-10-29,0528,Aqua,MODIS,100,6.2,306.7,131.3,D,0
-26.5583,121.2022,365.9,1.5,1.2,2014-10-29,0528,Aqua,MODIS,100,6.2,302.8,159.1,D,0
-26.5473,121.2008,388.6,1.5,1.2,2014-10-29,0528,Aqua,MODIS,100,6.2,305.4,322.4,D,0
-24.9661,122.4804,400.6,1.2,1.1,2014-10-29,0528,Aqua,MODIS,100,6.2,304.7,322.7,D,0
-24.9552,122.4855,345.8,1.2,1.1,2014-10-29,0528,Aqua,MODIS,65,6.2,296.5,51.8,D,0
-25.0706,122.6246,339.5,1.2,1.1,2014-10-29,0528,Aqua,MODIS,0,6.2,290.9,45,D,0
-24.9651,122.487,397.6,1.2,1.1,2014-10-29,0528,Aqua,MODIS,87,6.2,302.3,296.8,D,0
-24.9646,122.4925,383.7,1.2,1.1,2014-10-29,0528,Aqua,MODIS,87,6.2,288.8,206.7,D,0
-24.9339,122.4946,343.6,1.2,1.1,2014-10-29,0528,Aqua,MODIS,75,6.2,287,49.4,D,0
-24.1027,126.1568,331.9,1,1,2014-10-29,0528,Aqua,MODIS,36,6.2,300.8,18.1,D,0
-22.0061,121.2667,339,1.3,1.1,2014-10-29,0529,Aqua,MODIS,72,6.2,314.1,28.1,D,0
-22.0046,121.2794,359.6,1.3,1.1,2014-10-29,0529,Aqua,MODIS,99,6.2,317.7,91.4,D,0
-22.003,121.292,389.6,1.3,1.1,2014-10-29,0529,Aqua,MODIS,100,6.2,319.7,253.8,D,0
-22.0163,121.2682,341.2,1.3,1.1,2014-10-29,0529,Aqua,MODIS,82,6.2,314.2,35,D,0
-22.4005,124.5826,337.8,1,1,2014-10-29,0529,Aqua,MODIS,47,6.2,293.5,16.4,D,0
-22.0148,121.2808,362.7,1.3,1.1,2014-10-29,0529,Aqua,MODIS,100,6.2,318.5,107.5,D,0
-22.025,121.2823,349.5,1.3,1.1,2014-10-29,0529,Aqua,MODIS,91,6.2,314,61.5,D,0
-22.0235,121.2949,348.1,1.3,1.1,2014-10-29,0529,Aqua,MODIS,90,6.2,311.9,56.5,D,0
-22.0517,121.2343,343.9,1.3,1.1,2014-10-29,0529,Aqua,MODIS,81,6.2,317.5,40,D,0
-22.0501,121.247,366.4,1.3,1.1,2014-10-29,0529,Aqua,MODIS,94,6.2,318.9,123,D,0
-22.0604,121.2485,365.6,1.3,1.1,2014-10-29,0529,Aqua,MODIS,94,6.2,312.5,119,D,0
-22.1308,121.7469,347.3,1.2,1.1,2014-10-29,0529,Aqua,MODIS,65,6.2,320.1,37.3,D,0
-22.0133,121.2935,349.7,1.3,1.1,2014-10-29,0529,Aqua,MODIS,92,6.2,313.7,58.9,D,0
-22.1333,121.7297,348.3,1.2,1.1,2014-10-29,0529,Aqua,MODIS,91,6.2,315.8,42.2,D,0
-22.1318,121.7417,360.7,1.2,1.1,2014-10-29,0529,Aqua,MODIS,100,6.2,320.2,81.6,D,0
-22.1323,121.735,380.6,1.2,1.1,2014-10-29,0529,Aqua,MODIS,100,6.2,319.5,174.4,D,0
-22.276,124.2911,354.7,1,1,2014-10-29,0529,Aqua,MODIS,96,6.2,314.8,50.6,D,0
-22.1422,121.7364,342,1.2,1.1,2014-10-29,0529,Aqua,MODIS,69,6.2,314.9,29.5,D,0
-22.285,124.2926,344.4,1,1,2014-10-29,0529,Aqua,MODIS,47,6.2,314.8,27.8,D,0
-22.2836,124.3023,342.4,1,1,2014-10-29,0529,Aqua,MODIS,60,6.2,313.4,22.3,D,0
-22.2927,124.3038,403.5,1,1,2014-10-29,0529,Aqua,MODIS,100,6.2,333.3,252.4,D,0
-22.2913,124.3136,373.4,1,1,2014-10-29,0529,Aqua,MODIS,100,6.2,319.3,100,D,0
-22.6639,124.4091,385.9,1,1,2014-10-29,0529,Aqua,MODIS,94,6.2,293.4,164,D,0
-21.9961,121.2856,344.8,1.3,1.1,2014-10-29,0529,Aqua,MODIS,87,6.2,316,41,D,0
-22.0079,121.2745,344.2,1.3,1.1,2014-10-29,0529,Aqua,MODIS,86,6.2,317,40.2,D,0
-22.0064,121.2871,380.3,1.3,1.1,2014-10-29,0529,Aqua,MODIS,100,6.2,321.2,191.1,D,0
-22.0048,121.2997,349.6,1.3,1.1,2014-10-29,0529,Aqua,MODIS,92,6.2,315.1,53.6,D,0
-22.0514,121.8984,343.2,1.2,1.1,2014-10-29,0529,Aqua,MODIS,85,6.2,316.2,33.2,D,0
-22.1507,121.7498,336.9,1.2,1.1,2014-10-29,0529,Aqua,MODIS,55,6.2,312.6,17.8,D,0
-21.8004,121.0507,335.9,1.3,1.1,2014-10-29,0529,Aqua,MODIS,61,6.2,314.7,25.9,D,0
-19.3353,131.431,341.7,2.4,1.5,2014-10-29,0529,Aqua,MODIS,76,6.2,316.4,73.2,D,0
-19.4383,131.6003,375.6,2.4,1.5,2014-10-29,0529,Aqua,MODIS,100,6.2,318.5,407.5,D,0
-21.5117,122.2112,328.4,1.2,1.1,2014-10-29,0529,Aqua,MODIS,0,6.2,286.8,13.5,D,0
-19.4341,131.6231,369.1,2.4,1.5,2014-10-29,0529,Aqua,MODIS,100,6.2,320.2,325.7,D,0
-19.2471,131.8932,338.8,2.6,1.5,2014-10-29,0529,Aqua,MODIS,71,6.2,317.8,60.1,D,0
-21.628,121.2215,345.3,1.3,1.1,2014-10-29,0529,Aqua,MODIS,88,6.2,317.2,41.1,D,0
-19.3947,131.8324,339.6,2.5,1.5,2014-10-29,0529,Aqua,MODIS,73,6.2,319.5,64.9,D,0
-19.422,131.8381,337.6,2.5,1.5,2014-10-29,0529,Aqua,MODIS,76,6.2,316.5,60,D,0
-19.365,131.346,355.3,2.3,1.5,2014-10-29,0529,Aqua,MODIS,96,6.2,309.1,186,D,0
-19.3873,131.3734,331.4,2.3,1.5,2014-10-29,0529,Aqua,MODIS,36,6.2,311.1,36.1,D,0
-24.0516,121.5736,346.7,1.3,1.1,2014-10-29,0529,Aqua,MODIS,92,6.2,299,59.3,D,0
-24.0619,121.575,371.4,1.3,1.1,2014-10-29,0529,Aqua,MODIS,100,6.2,291.2,160.8,D,0
-24.0603,121.5881,344.9,1.3,1.1,2014-10-29,0529,Aqua,MODIS,91,6.2,287.4,57.5,D,0
-19.3395,131.4089,339.1,2.3,1.5,2014-10-29,0529,Aqua,MODIS,60,6.2,316.8,64.3,D,0
-19.3832,131.3954,332.9,2.3,1.5,2014-10-29,0529,Aqua,MODIS,56,6.2,311.6,40.2,D,0
-19.3642,131.2781,373.1,2.3,1.5,2014-10-29,0529,Aqua,MODIS,100,6.2,313.3,367.4,D,0
-20.7057,125.9153,345.9,1,1,2014-10-29,0529,Aqua,MODIS,88,6.2,317.6,31.5,D,0
-19.3772,131.2809,350.6,2.3,1.5,2014-10-29,0529,Aqua,MODIS,92,6.2,309.4,154.4,D,0
-20.8482,125.942,346.3,1,1,2014-10-29,0529,Aqua,MODIS,73,6.2,305.7,40.6,D,0
-20.8589,125.9336,332.1,1,1,2014-10-29,0529,Aqua,MODIS,41,6.2,300.4,15.5,D,0
-20.8574,125.9436,368.7,1,1,2014-10-29,0529,Aqua,MODIS,94,6.2,308.2,101.8,D,0
-20.8681,125.9352,329.6,1,1,2014-10-29,0529,Aqua,MODIS,37,6.2,301.2,13.3,D,0
-20.8666,125.9452,353.1,1,1,2014-10-29,0529,Aqua,MODIS,82,6.2,297.7,57.1,D,0
-20.7921,125.9574,369.8,1,1,2014-10-29,0529,Aqua,MODIS,100,6.2,315.5,102,D,0
-19.3436,131.387,332.5,2.3,1.5,2014-10-29,0529,Aqua,MODIS,47,6.2,313.6,40.1,D,0
-19.4084,131.8353,344.5,2.5,1.5,2014-10-29,0529,Aqua,MODIS,86,6.2,317.9,100.1,D,0
-20.7149,125.9169,344.1,1,1,2014-10-29,0529,Aqua,MODIS,54,6.2,317.9,29.7,D,0
-20.7936,125.9473,371.3,1,1,2014-10-29,0529,Aqua,MODIS,95,6.2,322.2,110.5,D,0
-20.7829,125.9558,353.8,1,1,2014-10-29,0529,Aqua,MODIS,92,6.2,315.6,51.7,D,0
-19.3519,131.3433,332.1,2.3,1.5,2014-10-29,0529,Aqua,MODIS,34,6.2,307.6,39.9,D,0
-19.3601,131.2997,365.5,2.3,1.5,2014-10-29,0529,Aqua,MODIS,100,6.2,311.1,283.5,D,0
-20.0669,127.9658,363.3,1.3,1.1,2014-10-29,0529,Aqua,MODIS,94,6.2,321.6,110.9,D,0
-19.8374,128.648,347.3,1.5,1.2,2014-10-29,0529,Aqua,MODIS,69,6.2,310.3,63,D,0
-16.9355,130.8126,336.7,2.4,1.5,2014-10-29,0530,Aqua,MODIS,50,6.2,314.1,44.2,D,0
-16.9089,130.8073,334.9,2.4,1.5,2014-10-29,0530,Aqua,MODIS,69,6.2,315.1,34.6,D,0
-16.971,130.8273,338,2.4,1.5,2014-10-29,0530,Aqua,MODIS,79,6.2,313.8,59.4,D,0
-16.9577,130.8246,336.4,2.4,1.5,2014-10-29,0530,Aqua,MODIS,74,6.2,315.1,49.5,D,0
-16.9621,130.8178,334.6,2.4,1.5,2014-10-29,0530,Aqua,MODIS,46,6.2,315.2,39.2,D,0
-16.3183,131.2114,338,2.6,1.6,2014-10-29,0530,Aqua,MODIS,62,6.2,311.2,70.9,D,0
-16.3228,131.1873,338,2.6,1.6,2014-10-29,0530,Aqua,MODIS,71,6.2,309.8,75.9,D,0
-16.3129,131.2027,339.9,2.6,1.6,2014-10-29,0530,Aqua,MODIS,70,6.2,308.4,90.2,D,0
-15.3805,134.0239,335.4,4.4,1.9,2014-10-29,0530,Aqua,MODIS,74,6.2,304.4,159.2,D,0
-15.4015,133.7372,330.7,4.2,1.9,2014-10-29,0530,Aqua,MODIS,66,6.2,299.7,119.1,D,0
-15.409,133.6989,326,4.2,1.9,2014-10-29,0530,Aqua,MODIS,33,6.2,301.5,73.2,D,0
-15.3811,134.0192,330.6,4.4,1.9,2014-10-29,0530,Aqua,MODIS,39,6.2,304.5,102.2,D,0
-16.0765,134.3074,328.3,4.5,2,2014-10-29,0530,Aqua,MODIS,36,6.2,305.3,80.1,D,0
-19.3178,131.4505,362.4,2.4,1.5,2014-10-29,0530,Aqua,MODIS,75,6.2,310.1,226.3,D,0
-19.3136,131.4728,364.1,2.4,1.5,2014-10-29,0530,Aqua,MODIS,75,6.2,316,246.5,D,0
-18.5069,132.6997,333.3,3,1.7,2014-10-29,0530,Aqua,MODIS,57,6.2,314.1,51.9,D,0
-19.2382,131.9113,334.7,2.6,1.5,2014-10-29,0530,Aqua,MODIS,49,6.2,317.3,35.9,D,0
-20.5143,122.2359,357,1.1,1.1,2014-10-29,0530,Aqua,MODIS,74,6.2,289.2,71.9,D,0
-20.5089,122.2393,406.9,1.1,1.1,2014-10-29,0530,Aqua,MODIS,100,6.2,308.1,332,D,0
-20.5104,122.2286,360.2,1.1,1.1,2014-10-29,0530,Aqua,MODIS,84,6.2,291.8,80.5,D,0
-19.2545,131.5964,340.8,2.4,1.5,2014-10-29,0530,Aqua,MODIS,79,6.2,316,71.4,D,0
-18.6625,131.4518,334.4,2.4,1.5,2014-10-29,0530,Aqua,MODIS,40,6.2,318.4,32,D,0
-20.5008,122.2272,381,1.1,1.1,2014-10-29,0530,Aqua,MODIS,94,6.2,299,164.1,D,0
-20.4913,122.2258,416.4,1.1,1.1,2014-10-29,0530,Aqua,MODIS,94,6.2,313.5,411.4,D,0
-20.4818,122.2243,400.4,1.1,1.1,2014-10-29,0530,Aqua,MODIS,100,6.2,319,277.8,D,0
-20.4832,122.2136,374.6,1.1,1.1,2014-10-29,0530,Aqua,MODIS,94,6.2,316,130.9,D,0
-20.4709,122.2337,339.7,1.1,1.1,2014-10-29,0530,Aqua,MODIS,39,6.2,301.2,27.9,D,0
-20.4723,122.2229,345.7,1.1,1.1,2014-10-29,0530,Aqua,MODIS,88,6.2,306.4,36.8,D,0
-20.4737,122.2122,336.2,1.1,1.1,2014-10-29,0530,Aqua,MODIS,58,6.2,305.9,16.3,D,0
-19.3064,131.466,364,2.4,1.5,2014-10-29,0530,Aqua,MODIS,87,6.2,306.5,256.7,D,0
-19.3278,131.4242,382.1,2.4,1.5,2014-10-29,0530,Aqua,MODIS,100,6.2,314.9,487.2,D,0
-19.3238,131.4466,354.8,2.4,1.5,2014-10-29,0530,Aqua,MODIS,90,6.2,313.4,168,D,0
-19.3197,131.469,353,2.4,1.5,2014-10-29,0530,Aqua,MODIS,94,6.2,316.7,148.5,D,0
-19.3221,131.4282,381,2.4,1.5,2014-10-29,0530,Aqua,MODIS,75,6.2,307.3,452.8,D,0
-19.7657,122.7834,331,1.1,1,2014-10-29,0530,Aqua,MODIS,24,6.2,312.3,7.9,D,0
-19.7736,122.7949,337.5,1.1,1,2014-10-29,0530,Aqua,MODIS,73,6.2,310.8,19.2,D,0
-19.7701,122.681,334.3,1.1,1,2014-10-29,0530,Aqua,MODIS,58,6.2,310.5,17.3,D,0
-19.778,122.6926,370.9,1.1,1,2014-10-29,0530,Aqua,MODIS,100,6.2,313.9,110.5,D,0
-19.0811,130.6745,357.4,2.1,1.4,2014-10-29,0530,Aqua,MODIS,98,6.2,311.8,168.5,D,0
-19.3662,131.3639,339.4,2.3,1.5,2014-10-29,0530,Aqua,MODIS,42,6.2,310.7,71.4,D,0
-19.3701,131.342,345.6,2.3,1.5,2014-10-29,0530,Aqua,MODIS,66,6.2,309.7,111.5,D,0
-19.357,131.3392,330.5,2.3,1.5,2014-10-29,0530,Aqua,MODIS,32,6.2,307,37.4,D,0
-19.3609,131.3174,330.9,2.3,1.5,2014-10-29,0530,Aqua,MODIS,54,6.2,307,44.9,D,0
-19.3649,131.2956,380,2.3,1.5,2014-10-29,0530,Aqua,MODIS,100,6.2,312.1,461.5,D,0
-19.3688,131.2739,372.7,2.3,1.5,2014-10-29,0530,Aqua,MODIS,100,6.2,313.7,364.9,D,0
-19.3319,131.4021,372.8,2.3,1.5,2014-10-29,0530,Aqua,MODIS,100,6.2,315.8,365.5,D,0
-18.8532,132.1722,334.8,2.7,1.6,2014-10-29,0530,Aqua,MODIS,42,6.2,319.7,35.6,D,0
-18.8674,132.1752,344.4,2.7,1.6,2014-10-29,0530,Aqua,MODIS,86,6.2,321.7,103.4,D,0
-19.0972,130.6575,372.7,2.1,1.4,2014-10-29,0530,Aqua,MODIS,100,6.2,315.9,308.1,D,0
-19.0937,130.6772,359.6,2.1,1.4,2014-10-29,0530,Aqua,MODIS,99,6.2,316.2,182.9,D,0
-19.1028,130.6996,336.2,2.1,1.4,2014-10-29,0530,Aqua,MODIS,26,6.2,316.1,34.2,D,0
-19.0963,130.6626,384,2.1,1.4,2014-10-29,0530,Aqua,MODIS,100,6.2,316.9,433.3,D,0
-19.0927,130.6823,344.3,2.1,1.4,2014-10-29,0530,Aqua,MODIS,82,6.2,316,72.8,D,0
-19.1016,130.7046,334.6,2.1,1.4,2014-10-29,0530,Aqua,MODIS,35,6.2,315.9,29,D,0
-18.36,130.5818,335,2.1,1.4,2014-10-29,0530,Aqua,MODIS,66,6.2,316.5,34.4,D,0
-18.3565,130.6019,346.7,2.1,1.4,2014-10-29,0530,Aqua,MODIS,88,6.2,317.6,92.4,D,0
-18.3529,130.622,343.5,2.2,1.4,2014-10-29,0530,Aqua,MODIS,85,6.2,318.2,71.5,D,0
-19.2088,131.1214,344.5,2.3,1.5,2014-10-29,0530,Aqua,MODIS,86,6.2,314.3,98.5,D,0
-19.2088,131.1385,334.9,2.3,1.5,2014-10-29,0530,Aqua,MODIS,58,6.2,314.3,49.7,D,0
-19.2126,131.1171,336.9,2.3,1.5,2014-10-29,0530,Aqua,MODIS,75,6.2,313.8,54.5,D,0
-18.4272,130.6422,339.4,2.2,1.4,2014-10-29,0530,Aqua,MODIS,43,6.2,317.7,48.1,D,0
-18.4309,130.622,370.1,2.1,1.4,2014-10-29,0530,Aqua,MODIS,100,6.2,318.9,269.5,D,0
-19.3263,131.4061,378.9,2.3,1.5,2014-10-29,0530,Aqua,MODIS,75,6.2,311.4,428.6,D,0
-18.7405,130.3007,335.9,2,1.4,2014-10-29,0530,Aqua,MODIS,55,6.2,318.8,29.5,D,0
-18.6709,131.406,365.3,2.4,1.5,2014-10-29,0530,Aqua,MODIS,100,6.2,320.9,271.4,D,0
-18.6751,131.3832,346.1,2.4,1.5,2014-10-29,0530,Aqua,MODIS,88,6.2,318.9,102.3,D,0
-17.6026,124.2443,343.7,1,1,2014-10-29,0530,Aqua,MODIS,47,6.2,323.2,18.6,D,0
-17.6157,124.2175,345.5,1,1,2014-10-29,0530,Aqua,MODIS,45,6.2,316.6,26.6,D,0
-17.6234,124.2284,360.3,1,1,2014-10-29,0530,Aqua,MODIS,100,6.2,319.5,60.5,D,0
-18.496,130.5596,415.7,2.1,1.4,2014-10-29,0530,Aqua,MODIS,100,6.2,325.9,989.5,D,0
-18.4997,130.5397,414.2,2.1,1.4,2014-10-29,0530,Aqua,MODIS,100,6.2,323.4,959.6,D,0
-18.4744,130.5346,350.6,2.1,1.4,2014-10-29,0530,Aqua,MODIS,83,6.2,310.4,122.2,D,0
-18.4922,130.5721,342.7,2.1,1.4,2014-10-29,0530,Aqua,MODIS,76,6.2,320.8,48.9,D,0
-18.4957,130.552,399.7,2.1,1.4,2014-10-29,0530,Aqua,MODIS,100,6.2,327.7,663.9,D,0
-18.4992,130.5321,345.1,2.1,1.4,2014-10-29,0530,Aqua,MODIS,67,6.2,317.2,82.4,D,0
-18.4831,130.5495,350.1,2.1,1.4,2014-10-29,0530,Aqua,MODIS,54,6.2,318.5,106.9,D,0
-18.4705,130.547,349.4,2.1,1.4,2014-10-29,0530,Aqua,MODIS,40,6.2,311.6,109.9,D,0
-18.474,130.5269,334.9,2.1,1.4,2014-10-29,0530,Aqua,MODIS,38,6.2,307.6,47.2,D,0
-18.4345,130.6018,359.5,2.1,1.4,2014-10-29,0530,Aqua,MODIS,99,6.2,316.6,174,D,0
-19.074,130.7141,335.9,2.1,1.4,2014-10-29,0530,Aqua,MODIS,47,6.2,316,41.7,D,0
-19.0776,130.6943,381.4,2.1,1.4,2014-10-29,0530,Aqua,MODIS,100,6.2,317.8,404,D,0
-18.5249,130.5448,336.2,2.1,1.4,2014-10-29,0530,Aqua,MODIS,62,6.2,317.3,35.3,D,0
-18.5086,130.5622,397.4,2.1,1.4,2014-10-29,0530,Aqua,MODIS,100,6.2,327.3,627,D,0
-18.5123,130.5422,419.5,2.1,1.4,2014-10-29,0530,Aqua,MODIS,100,6.2,329.4,1084.4,D,0
-15.7505,124.6398,349.9,1,1,2014-10-29,0531,Aqua,MODIS,93,6.2,310.7,45.1,D,0
-14.2111,127.256,337,1.5,1.2,2014-10-29,0531,Aqua,MODIS,60,6.2,312.5,23.2,D,0
-15.0602,126.5544,339.5,1.3,1.1,2014-10-29,0531,Aqua,MODIS,66,6.2,305.5,37.5,D,0
-15.4123,126.2058,339.1,1.2,1.1,2014-10-29,0531,Aqua,MODIS,57,6.2,303.5,31.3,D,0
-14.2067,127.2833,336.3,1.5,1.2,2014-10-29,0531,Aqua,MODIS,56,6.2,309.9,21.1,D,0
-13.6805,130.4079,334.2,2.6,1.5,2014-10-29,0531,Aqua,MODIS,55,6.2,306.4,57.8,D,0
-14.2089,127.2696,342.7,1.5,1.2,2014-10-29,0531,Aqua,MODIS,86,6.2,310.8,40.4,D,0
-15.1131,126.5457,336.2,1.3,1.1,2014-10-29,0531,Aqua,MODIS,18,6.2,307.8,27.5,D,0
-14.2133,127.2424,334.9,1.5,1.2,2014-10-29,0531,Aqua,MODIS,41,6.2,312.9,18.3,D,0
-15.4221,126.2074,345.1,1.2,1.1,2014-10-29,0531,Aqua,MODIS,75,6.2,306.8,44,D,0
-15.7698,124.6296,332,1,1,2014-10-29,0531,Aqua,MODIS,42,6.2,309.6,11.4,D,0
-12.4114,131.7838,329.3,3.5,1.8,2014-10-29,0531,Aqua,MODIS,73,6.2,304.3,86.9,D,0
-15.1112,126.5576,361.3,1.3,1.1,2014-10-29,0531,Aqua,MODIS,100,6.2,310.9,102.9,D,0
-14.2045,127.297,336.6,1.5,1.2,2014-10-29,0531,Aqua,MODIS,49,6.2,312,21.2,D,0
-14.2023,127.3106,340.7,1.5,1.2,2014-10-29,0531,Aqua,MODIS,75,6.2,313.3,32.7,D,0
-13.7088,130.3729,338.1,2.5,1.5,2014-10-29,0531,Aqua,MODIS,74,6.2,302.3,87.9,D,0
-14.2001,127.3243,341.6,1.5,1.2,2014-10-29,0531,Aqua,MODIS,79,6.2,313.4,34.3,D,0
-14.6234,131.064,329.9,2.8,1.6,2014-10-29,0531,Aqua,MODIS,65,6.2,301.9,56.1,D,0
-14.6218,131.0584,327.3,2.8,1.6,2014-10-29,0531,Aqua,MODIS,53,6.2,301.9,42.9,D,0
-16.5641,124.6796,335.5,1,1,2014-10-29,0531,Aqua,MODIS,41,6.2,300.3,19.9,D,0
-15.0785,126.5698,339.1,1.3,1.1,2014-10-29,0531,Aqua,MODIS,77,6.2,305.8,31.9,D,0
-13.186,133.1619,332.7,4.3,1.9,2014-10-29,0531,Aqua,MODIS,75,6.2,310,126.6,D,0
-13.7261,132.6133,333.4,3.8,1.8,2014-10-29,0531,Aqua,MODIS,48,6.2,309.9,97,D,0
-14.6174,131.0836,334.2,2.8,1.6,2014-10-29,0531,Aqua,MODIS,77,6.2,301.2,77.4,D,0
-14.6188,131.0892,330.3,2.8,1.6,2014-10-29,0531,Aqua,MODIS,56,6.2,301.2,54,D,0
-12.9676,132.9356,332.4,4.1,1.9,2014-10-29,0531,Aqua,MODIS,68,6.2,309.9,109.9,D,0
-14.5806,131.2162,335,2.8,1.6,2014-10-29,0531,Aqua,MODIS,78,6.2,299,74.9,D,0
-14.618,131.1641,335.1,2.8,1.6,2014-10-29,0531,Aqua,MODIS,77,6.2,304.2,81.3,D,0
-14.6135,131.1896,332.7,2.8,1.6,2014-10-29,0531,Aqua,MODIS,66,6.2,305.9,64.8,D,0
-13.7123,132.6399,333.6,3.8,1.8,2014-10-29,0531,Aqua,MODIS,44,6.2,313.1,85.6,D,0
-13.4515,133.9617,331.2,4.8,2,2014-10-29,0531,Aqua,MODIS,60,6.2,304.2,136.7,D,0
-14.6044,131.0077,330.7,2.7,1.6,2014-10-29,0531,Aqua,MODIS,52,6.2,302.3,63.3,D,0
-14.5856,131.1895,332.2,2.8,1.6,2014-10-29,0531,Aqua,MODIS,70,6.2,304.7,54.7,D,0
-14.6189,131.1693,345.4,2.8,1.6,2014-10-29,0531,Aqua,MODIS,90,6.2,304.7,165.7,D,0
-13.71,132.6097,339.2,3.8,1.8,2014-10-29,0531,Aqua,MODIS,77,6.2,310.2,156.3,D,0
-14.598,131.0273,332.9,2.8,1.6,2014-10-29,0531,Aqua,MODIS,57,6.2,303,73.9,D,0
-13.7188,132.6038,339.9,3.8,1.8,2014-10-29,0531,Aqua,MODIS,84,6.2,308.6,159.3,D,0
-14.5929,130.9739,339.1,2.7,1.6,2014-10-29,0531,Aqua,MODIS,79,6.2,299.8,125.1,D,0
-14.513,130.9,330.9,2.7,1.6,2014-10-29,0531,Aqua,MODIS,48,6.2,302.6,66.1,D,0
-13.1247,132.9815,337,4.1,1.9,2014-10-29,0531,Aqua,MODIS,80,6.2,308.1,181.5,D,0
-13.0587,131.597,331.2,3.3,1.7,2014-10-29,0531,Aqua,MODIS,49,6.2,311.7,50.4,D,0
-14.6286,131.1979,333.1,2.8,1.6,2014-10-29,0531,Aqua,MODIS,49,6.2,305.6,77.6,D,0
-13.0179,132.9461,327.3,4.1,1.9,2014-10-29,0531,Aqua,MODIS,33,6.2,309.5,53.2,D,0
-13.1269,132.9861,339.5,4.1,1.9,2014-10-29,0531,Aqua,MODIS,84,6.2,308.4,210.3,D,0
-13.1828,133.1529,333.1,4.3,1.9,2014-10-29,0531,Aqua,MODIS,75,6.2,310.3,129.5,D,0
-13.5631,132.3262,336.2,3.6,1.8,2014-10-29,0531,Aqua,MODIS,80,6.2,306.1,129.6,D,0
-12.9763,133.176,327.2,4.3,1.9,2014-10-29,0531,Aqua,MODIS,54,6.2,308.5,80.1,D,0
-12.9835,133.1362,331.5,4.3,1.9,2014-10-29,0531,Aqua,MODIS,70,6.2,309,117.9,D,0
-12.9844,133.1409,338.3,4.3,1.9,2014-10-29,0531,Aqua,MODIS,82,6.2,309.6,197.6,D,0
-12.6212,132.3184,327.1,3.8,1.8,2014-10-29,0531,Aqua,MODIS,62,6.2,306.2,63.7,D,0
-13.4908,133.9381,328.7,4.8,2,2014-10-29,0531,Aqua,MODIS,54,6.2,306,112,D,0
-15.8227,125.8056,338.7,1.1,1.1,2014-10-29,0531,Aqua,MODIS,71,6.2,310.4,28.9,D,0
-15.7919,125.8773,340.2,1.2,1.1,2014-10-29,0531,Aqua,MODIS,45,6.2,314.6,26,D,0
-12.8546,132.9497,331.4,4.2,1.9,2014-10-29,0531,Aqua,MODIS,69,6.2,307.3,112,D,0
-12.8481,132.9846,342.5,4.2,1.9,2014-10-29,0531,Aqua,MODIS,86,6.2,309.3,248.7,D,0
-12.8587,132.9579,343.4,4.2,1.9,2014-10-29,0531,Aqua,MODIS,87,6.2,307.8,255.1,D,0
-12.852,132.9925,341.1,4.2,1.9,2014-10-29,0531,Aqua,MODIS,85,6.2,309.6,225.1,D,0
-12.8652,132.9871,336.7,4.2,1.9,2014-10-29,0531,Aqua,MODIS,80,6.2,309.6,173,D,0
-16.0665,126.0751,341.6,1.2,1.1,2014-10-29,0531,Aqua,MODIS,67,6.2,314.8,27.4,D,0
-15.7902,125.8881,352.2,1.2,1.1,2014-10-29,0531,Aqua,MODIS,94,6.2,314.8,56.5,D,0
-13.4587,133.9257,335.1,4.8,2,2014-10-29,0531,Aqua,MODIS,73,6.2,305,193.4,D,0
-12.5472,132.2287,325.2,3.7,1.8,2014-10-29,0531,Aqua,MODIS,50,6.2,305.8,54.7,D,0
-12.9195,133.0062,328.7,4.2,1.9,2014-10-29,0531,Aqua,MODIS,48,6.2,308.3,76.8,D,0
-13.4821,133.982,331.8,4.8,2,2014-10-29,0531,Aqua,MODIS,65,6.2,306.1,148.8,D,0
-13.4857,133.9776,331.2,4.8,2,2014-10-29,0531,Aqua,MODIS,69,6.2,304.8,141.1,D,0
-13.4596,133.9182,334.8,4.8,2,2014-10-29,0531,Aqua,MODIS,74,6.2,305.2,194.7,D,0
-12.8527,132.2348,332.8,3.7,1.8,2014-10-29,0531,Aqua,MODIS,74,6.2,306.4,94.9,D,0
-12.8609,132.2444,331.3,3.7,1.8,2014-10-29,0531,Aqua,MODIS,71,6.2,306.3,81.4,D,0
-15.7662,124.534,344.6,1,1,2014-10-29,0531,Aqua,MODIS,89,6.2,313.7,29,D,0
-15.7605,124.5725,341,1,1,2014-10-29,0531,Aqua,MODIS,86,6.2,309.2,24.5,D,0
-15.7842,124.5337,335.2,1,1,2014-10-29,0531,Aqua,MODIS,58,6.2,313.4,10.6,D,0
-15.7676,124.5244,347,1,1,2014-10-29,0531,Aqua,MODIS,91,6.2,312.5,34.6,D,0
-15.7479,124.531,334.4,1,1,2014-10-29,0531,Aqua,MODIS,65,6.2,312.8,11.9,D,0
-15.6944,128.3238,339.4,1.6,1.3,2014-10-29,0531,Aqua,MODIS,27,6.2,315.7,38.3,D,0
-15.6919,128.3391,341.5,1.6,1.3,2014-10-29,0531,Aqua,MODIS,74,6.2,315,42.9,D,0
-15.7057,128.3258,358.7,1.6,1.3,2014-10-29,0531,Aqua,MODIS,99,6.2,315.6,124.1,D,0
-15.757,124.5325,334.5,1,1,2014-10-29,0531,Aqua,MODIS,35,6.2,312.9,10.5,D,0
-11.7771,130.0992,321.9,2.7,1.6,2014-10-29,0532,Aqua,MODIS,46,6.2,300,39.2,D,0
-11.3401,130.9387,313.3,3.1,1.7,2014-10-29,0532,Aqua,MODIS,41,6.2,299.9,25.1,D,0
-29.5351,152.2585,302.9,2.6,1.5,2014-10-29,1313,Terra,MODIS,29,6.2,283.5,32.9,N,0
-29.5202,152.2875,318.7,2.6,1.5,2014-10-29,1313,Terra,MODIS,97,6.2,284.5,77.8,N,0
-29.2849,152.875,300.6,2.9,1.6,2014-10-29,1313,Terra,MODIS,31,6.2,287.1,27.7,N,0
-32.3953,135.7018,307.1,2.7,1.6,2014-10-29,1313,Terra,MODIS,48,6.2,286.4,39.8,N,0
-29.5395,152.265,314.1,2.6,1.5,2014-10-29,1313,Terra,MODIS,70,6.2,283.2,61.4,N,0
-32.3921,135.6963,315.9,2.7,1.6,2014-10-29,1313,Terra,MODIS,90,6.2,286.7,66.9,N,0
-29.5223,152.3459,322.7,2.6,1.6,2014-10-29,1313,Terra,MODIS,100,6.2,285.3,89.9,N,0
-29.5418,152.323,344,2.6,1.6,2014-10-29,1313,Terra,MODIS,100,6.2,285.7,213,N,0
-29.5185,152.3393,303.4,2.6,1.6,2014-10-29,1313,Terra,MODIS,32,6.2,284.3,27.9,N,0
-29.5339,152.2917,335.5,2.6,1.5,2014-10-29,1313,Terra,MODIS,100,6.2,284.4,155.5,N,0
-29.5241,152.312,331.8,2.6,1.6,2014-10-29,1313,Terra,MODIS,100,6.2,285.7,132.9,N,0
-29.5297,152.2847,337.8,2.6,1.5,2014-10-29,1313,Terra,MODIS,100,6.2,285.8,169.3,N,0
-29.5281,152.3189,343.2,2.6,1.6,2014-10-29,1313,Terra,MODIS,100,6.2,286.1,205.6,N,0
-29.5475,152.2959,307.6,2.6,1.5,2014-10-29,1313,Terra,MODIS,46,6.2,282.3,40.7,N,0
-29.833,149.1638,300.2,1.6,1.2,2014-10-29,1313,Terra,MODIS,21,6.2,287.3,11,N,0
-25.5514,149.6368,303.9,2.1,1.4,2014-10-29,1314,Terra,MODIS,57,6.2,293.7,16.4,N,0
-25.5475,149.6572,310.8,2.1,1.4,2014-10-29,1314,Terra,MODIS,81,6.2,294,29.8,N,0
-26.3757,149.5506,302.5,2,1.4,2014-10-29,1314,Terra,MODIS,42,6.2,290.5,14.8,N,0
-26.3795,149.5309,316.5,2,1.4,2014-10-29,1314,Terra,MODIS,93,6.2,293.6,41.9,N,0
-26.3672,149.528,304.1,2,1.4,2014-10-29,1314,Terra,MODIS,59,6.2,292.5,17.4,N,0
-23.5942,148.5287,304.6,1.9,1.4,2014-10-29,1315,Terra,MODIS,61,6.2,293.9,12.5,N,0
-18.8641,141.7133,307.8,1,1,2014-10-29,1316,Terra,MODIS,67,6.2,296.2,5.6,N,0
-18.8655,141.7038,308.5,1,1,2014-10-29,1316,Terra,MODIS,69,6.2,296.4,6.2,N,0
-19.1058,132.1041,307.1,3.3,1.7,2014-10-29,1316,Terra,MODIS,70,6.2,293.5,36.1,N,0
-18.2933,145.2021,343.3,1.4,1.2,2014-10-29,1316,Terra,MODIS,100,6.2,297.1,82.5,N,0
-20.7357,139.4739,324.9,1.1,1.1,2014-10-29,1316,Terra,MODIS,100,6.2,298.1,23.3,N,2
-18.2866,145.2426,346.9,1.4,1.2,2014-10-29,1316,Terra,MODIS,100,6.2,296.2,93.1,N,0
-18.2995,145.231,360.5,1.4,1.2,2014-10-29,1316,Terra,MODIS,100,6.2,298.9,150.1,N,0
-20.2637,145.2998,311.5,1.4,1.2,2014-10-29,1316,Terra,MODIS,83,6.2,291.2,15.2,N,0
-18.3123,145.2197,323.6,1.4,1.2,2014-10-29,1316,Terra,MODIS,100,6.2,295,36.3,N,0
-18.2698,145.2114,333.1,1.4,1.2,2014-10-29,1316,Terra,MODIS,100,6.2,294.6,54.1,N,0
-18.2805,145.2134,330.8,1.4,1.2,2014-10-29,1316,Terra,MODIS,100,6.2,294.8,47.9,N,0
-20.5644,140.6759,308.9,1,1,2014-10-29,1316,Terra,MODIS,71,6.2,298.4,6,N,0
-18.2759,145.2405,329.1,1.4,1.2,2014-10-29,1316,Terra,MODIS,68,6.2,293.3,42.4,N,0
-20.5604,140.7052,309.8,1,1,2014-10-29,1316,Terra,MODIS,75,6.2,298.7,6.6,N,0
-18.2849,145.1868,329.6,1.4,1.2,2014-10-29,1316,Terra,MODIS,100,6.2,294.8,46.6,N,0
-18.2949,145.2584,324.5,1.5,1.2,2014-10-29,1316,Terra,MODIS,100,6.2,293.2,38.8,N,0
-18.2911,145.2154,342.7,1.4,1.2,2014-10-29,1316,Terra,MODIS,100,6.2,296.6,79.7,N,0
-18.2514,145.2303,316.3,1.4,1.2,2014-10-29,1316,Terra,MODIS,35,6.2,291.5,22.7,N,0
-18.282,145.27,333.4,1.5,1.2,2014-10-29,1316,Terra,MODIS,100,6.2,293.3,54.5,N,0
-18.2721,145.1981,339.3,1.4,1.2,2014-10-29,1316,Terra,MODIS,100,6.2,295.1,70.7,N,0
-18.3189,145.1795,312.3,1.4,1.2,2014-10-29,1316,Terra,MODIS,85,6.2,293.9,18.3,N,0
-20.5722,140.6871,307.5,1,1,2014-10-29,1316,Terra,MODIS,30,6.2,297.3,4.6,N,0
-18.2417,145.2483,332,1.5,1.2,2014-10-29,1316,Terra,MODIS,100,6.2,290.9,51.1,N,0
-18.2569,145.223,333.9,1.4,1.2,2014-10-29,1316,Terra,MODIS,100,6.2,293.1,55,N,0
-21.7368,141.2276,309.4,1,1,2014-10-29,1316,Terra,MODIS,77,6.2,296.6,7.6,N,0
-21.7107,141.283,322.2,1,1,2014-10-29,1316,Terra,MODIS,100,6.2,299.3,17.2,N,0
-18.2843,145.2562,335.7,1.5,1.2,2014-10-29,1316,Terra,MODIS,100,6.2,294.3,60,N,0
-20.5631,140.6857,324.8,1,1,2014-10-29,1316,Terra,MODIS,100,6.2,299.5,20.1,N,0
-18.2797,145.2841,321.5,1.5,1.2,2014-10-29,1316,Terra,MODIS,74,6.2,291.8,30.9,N,0
-18.2888,145.2289,339.3,1.4,1.2,2014-10-29,1316,Terra,MODIS,100,6.2,295.5,69.5,N,0
-18.2827,145.2001,333.4,1.4,1.2,2014-10-29,1316,Terra,MODIS,100,6.2,295.4,55.3,N,0
-20.2616,145.3127,313.9,1.4,1.2,2014-10-29,1316,Terra,MODIS,88,6.2,291.5,17.6,N,0
-21.712,141.2733,319.4,1,1,2014-10-29,1316,Terra,MODIS,98,6.2,298,14.3,N,0
-18.2592,145.2095,322.3,1.4,1.2,2014-10-29,1316,Terra,MODIS,100,6.2,292.3,33.7,N,0
-18.2955,145.1888,353.8,1.4,1.2,2014-10-29,1316,Terra,MODIS,100,6.2,298.9,119.5,N,0
-18.2977,145.1755,326.7,1.4,1.2,2014-10-29,1316,Terra,MODIS,100,6.2,294.2,41,N,0
-18.3061,145.1908,347.2,1.4,1.2,2014-10-29,1316,Terra,MODIS,100,6.2,298.1,94.7,N,0
-18.3039,145.2041,350.4,1.4,1.2,2014-10-29,1316,Terra,MODIS,100,6.2,298.4,107,N,0
-20.5708,140.6969,325.3,1,1,2014-10-29,1316,Terra,MODIS,100,6.2,299.4,20.7,N,0
-20.4512,144.0158,307.7,1.1,1.1,2014-10-29,1316,Terra,MODIS,58,6.2,296.5,6.1,N,0
-20.4625,144.0066,309.6,1.1,1.1,2014-10-29,1316,Terra,MODIS,78,6.2,296.8,7.2,N,0
-18.3167,145.1929,350.4,1.4,1.2,2014-10-29,1316,Terra,MODIS,100,6.2,298.3,106.7,N,0
-20.5695,140.7066,312.1,1,1,2014-10-29,1316,Terra,MODIS,82,6.2,298.5,8.1,N,0
-20.5617,140.6954,314.6,1,1,2014-10-29,1316,Terra,MODIS,88,6.2,298.8,10.1,N,0
-18.2972,145.2448,355,1.4,1.2,2014-10-29,1316,Terra,MODIS,100,6.2,297.2,125.9,N,0
-18.3083,145.1775,329.3,1.4,1.2,2014-10-29,1316,Terra,MODIS,100,6.2,295.4,46.3,N,0
-21.7015,141.2852,327.2,1,1,2014-10-29,1316,Terra,MODIS,100,6.2,300.2,23.4,N,0
-20.2662,145.3078,321.8,1.4,1.2,2014-10-29,1316,Terra,MODIS,100,6.2,292.2,29.3,N,0
-18.2469,145.2579,328.9,1.5,1.2,2014-10-29,1316,Terra,MODIS,99,6.2,292.3,43.9,N,0
-18.2743,145.1847,321.8,1.4,1.2,2014-10-29,1316,Terra,MODIS,100,6.2,292.6,32.2,N,0
-21.7029,141.2755,331.3,1,1,2014-10-29,1316,Terra,MODIS,100,6.2,300.4,28.6,N,0
-18.2926,145.2723,306,1.5,1.2,2014-10-29,1316,Terra,MODIS,66,6.2,291.2,11.2,N,0
-18.2676,145.2249,327.1,1.4,1.2,2014-10-29,1316,Terra,MODIS,68,6.2,293.2,39.3,N,0
-18.3105,145.1641,313.4,1.4,1.2,2014-10-29,1316,Terra,MODIS,87,6.2,292.6,19.7,N,0
-18.2536,145.2165,325.2,1.4,1.2,2014-10-29,1316,Terra,MODIS,96,6.2,291.6,37.9,N,0
-18.2782,145.2268,331.8,1.4,1.2,2014-10-29,1316,Terra,MODIS,79,6.2,294.2,48.6,N,0
-18.2491,145.2441,324.1,1.5,1.2,2014-10-29,1316,Terra,MODIS,54,6.2,292.1,34.1,N,0
-18.3145,145.2062,361.2,1.4,1.2,2014-10-29,1316,Terra,MODIS,100,6.2,299,152.2,N,0
-18.2736,145.2543,332.5,1.5,1.2,2014-10-29,1316,Terra,MODIS,93,6.2,292.7,50.6,N,0
-18.3017,145.2175,358.1,1.4,1.2,2014-10-29,1316,Terra,MODIS,100,6.2,299.4,137.9,N,0
-19.1087,132.0723,332.6,3.4,1.7,2014-10-29,1316,Terra,MODIS,100,6.2,295.6,180.8,N,0
-19.0947,130.5638,326.2,4.3,1.9,2014-10-29,1317,Terra,MODIS,100,6.2,294.8,196.2,N,0
-19.0931,130.5569,328.3,4.3,1.9,2014-10-29,1317,Terra,MODIS,100,6.2,294.5,217.8,N,0
-19.0982,132.0644,324.6,3.4,1.7,2014-10-29,1317,Terra,MODIS,100,6.2,294.6,124.4,N,0
-19.0968,130.516,307.9,4.4,1.9,2014-10-29,1317,Terra,MODIS,73,6.2,292.1,60.5,N,0
-19.1138,132.066,318,3.4,1.7,2014-10-29,1317,Terra,MODIS,96,6.2,294.6,87.7,N,0
-18.6669,131.3464,304.9,3.8,1.8,2014-10-29,1317,Terra,MODIS,62,6.2,294.4,33.8,N,0
-19.0982,130.5229,315.9,4.4,1.9,2014-10-29,1317,Terra,MODIS,92,6.2,292.7,111.6,N,0
-19.1107,132.0977,307,3.3,1.7,2014-10-29,1317,Terra,MODIS,70,6.2,293.6,37.8,N,0
-18.507,132.7169,306.2,2.9,1.6,2014-10-29,1317,Terra,MODIS,67,6.2,294.5,28.1,N,0
-18.4895,132.7429,311,2.9,1.6,2014-10-29,1317,Terra,MODIS,81,6.2,294.4,42.8,N,0
-19.0951,132.0961,324.5,3.3,1.7,2014-10-29,1317,Terra,MODIS,100,6.2,294.4,122.5,N,0
-16.7731,142.8417,310.2,1.1,1.1,2014-10-29,1317,Terra,MODIS,23,6.2,299.3,5.8,N,0
-16.788,142.8394,318.6,1.1,1.1,2014-10-29,1317,Terra,MODIS,97,6.2,299.4,14,N,0
-16.7747,142.8313,399.4,1.1,1.1,2014-10-29,1317,Terra,MODIS,100,6.2,308.9,287.8,N,0
-16.7637,142.8401,316.5,1.1,1.1,2014-10-29,1317,Terra,MODIS,63,6.2,299.3,11,N,0
-16.7779,142.8105,318.8,1.1,1.1,2014-10-29,1317,Terra,MODIS,97,6.2,300.2,13.9,N,0
-16.7794,142.8001,317.6,1.1,1.1,2014-10-29,1317,Terra,MODIS,95,6.2,299.1,13,N,0
-16.7763,142.8209,330.5,1.1,1.1,2014-10-29,1317,Terra,MODIS,100,6.2,301.3,27.9,N,0
-16.718,142.8217,308.2,1.1,1.1,2014-10-29,1317,Terra,MODIS,6,6.2,297.9,4.5,N,0
-16.7464,142.8265,316.2,1.1,1.1,2014-10-29,1317,Terra,MODIS,79,6.2,299.6,10.9,N,0
-16.7558,142.8281,322.9,1.1,1.1,2014-10-29,1317,Terra,MODIS,100,6.2,300.6,18.5,N,0
-16.77,142.7985,314.3,1.1,1.1,2014-10-29,1317,Terra,MODIS,45,6.2,299,9.3,N,0
-16.7684,142.8089,315.7,1.1,1.1,2014-10-29,1317,Terra,MODIS,36,6.2,299.9,10.1,N,0
-16.7653,142.8297,349.8,1.1,1.1,2014-10-29,1317,Terra,MODIS,100,6.2,302.3,66.1,N,0
-16.759,142.8073,315.8,1.1,1.1,2014-10-29,1317,Terra,MODIS,91,6.2,299,11,N,0
-16.7606,142.7969,314.8,1.1,1.1,2014-10-29,1317,Terra,MODIS,88,6.2,298.6,10.3,N,0
-14.5707,141.6762,311.4,1.1,1,2014-10-29,1317,Terra,MODIS,83,6.2,293.2,9.8,N,0
-16.9211,142.762,323.4,1.1,1,2014-10-29,1317,Terra,MODIS,95,6.2,297.7,22.1,N,0
-16.8244,142.7288,308.2,1.1,1,2014-10-29,1317,Terra,MODIS,22,6.2,294.9,5.8,N,0
-17.1173,145.5497,303.8,1.6,1.2,2014-10-29,1317,Terra,MODIS,40,6.2,291.4,10.6,N,0
-17.0203,144.2722,309,1.3,1.1,2014-10-29,1317,Terra,MODIS,76,6.2,296.4,9.5,N,0
-15.3815,134.0395,308,2.1,1.4,2014-10-29,1317,Terra,MODIS,66,6.2,298,14.1,N,0
-17.0011,144.275,310.9,1.3,1.1,2014-10-29,1317,Terra,MODIS,23,6.2,295.6,10.5,N,0
-17.0113,144.2768,316,1.3,1.1,2014-10-29,1317,Terra,MODIS,50,6.2,296.7,15.5,N,0
-14.6138,141.7031,321.7,1.1,1,2014-10-29,1317,Terra,MODIS,100,6.2,291.9,20.1,N,0
-17.0288,142.7861,326.2,1.1,1,2014-10-29,1317,Terra,MODIS,58,6.2,284.5,29.4,N,0
-16.0184,133.5681,309.2,2.3,1.5,2014-10-29,1317,Terra,MODIS,38,6.2,296.5,17.2,N,0
-16.9833,130.836,307,3.9,1.8,2014-10-29,1317,Terra,MODIS,42,6.2,296.2,27.4,N,0
-17.0304,142.7758,325,1.1,1,2014-10-29,1317,Terra,MODIS,61,6.2,287.3,28.7,N,0
-16.8006,142.8202,327.1,1.1,1.1,2014-10-29,1317,Terra,MODIS,100,6.2,299.9,24.1,N,0
-16.9721,130.84,308.6,3.9,1.8,2014-10-29,1317,Terra,MODIS,51,6.2,296.5,33.2,N,0
-16.9666,130.8346,308.4,3.9,1.8,2014-10-29,1317,Terra,MODIS,55,6.2,296.6,33.3,N,0
-16.9444,130.8258,307.8,3.9,1.8,2014-10-29,1317,Terra,MODIS,35,6.2,296.7,29.8,N,0
-17.0194,142.7845,320.7,1.1,1,2014-10-29,1317,Terra,MODIS,40,6.2,285,21.2,N,0
-17.0074,144.3014,315.8,1.3,1.1,2014-10-29,1317,Terra,MODIS,89,6.2,296.4,16.3,N,0
-17.0821,145.5518,305.3,1.6,1.2,2014-10-29,1317,Terra,MODIS,59,6.2,291.7,12.4,N,0
-15.8309,133.8556,307.3,2.2,1.4,2014-10-29,1317,Terra,MODIS,50,6.2,297.2,12.7,N,0
-17.01,142.7829,321.5,1.1,1,2014-10-29,1317,Terra,MODIS,24,6.2,296.7,21.5,N,0
-17.084,145.5435,306.6,1.6,1.2,2014-10-29,1317,Terra,MODIS,39,6.2,291.3,13.6,N,0
-14.623,141.7046,305.5,1.1,1,2014-10-29,1317,Terra,MODIS,64,6.2,291.8,6.2,N,0
-15.4148,133.7382,308.7,2.2,1.4,2014-10-29,1317,Terra,MODIS,68,6.2,298.4,14.8,N,0
-16.0068,133.5833,309.3,2.3,1.5,2014-10-29,1317,Terra,MODIS,13,6.2,296.6,16.5,N,0
-16.799,142.8306,386.7,1.1,1.1,2014-10-29,1317,Terra,MODIS,100,6.2,306.8,209.2,N,0
-16.826,142.7185,308.4,1.1,1,2014-10-29,1317,Terra,MODIS,35,6.2,296.1,5.7,N,0
-16.8354,142.7201,326.5,1.1,1,2014-10-29,1317,Terra,MODIS,95,6.2,297.7,24.7,N,0
-14.5689,141.6403,309.2,1.1,1,2014-10-29,1317,Terra,MODIS,77,6.2,293.5,8.7,N,0
-16.7889,142.8017,309.4,1.1,1.1,2014-10-29,1317,Terra,MODIS,74,6.2,298.7,6.2,N,0
-14.5703,141.6305,302.6,1.1,1,2014-10-29,1317,Terra,MODIS,50,6.2,292.4,4.4,N,0
-16.7873,142.8121,331.7,1.1,1.1,2014-10-29,1317,Terra,MODIS,100,6.2,300.8,32,N,0
-16.7857,142.8225,334.6,1.1,1.1,2014-10-29,1317,Terra,MODIS,100,6.2,301.7,35.7,N,0
-14.5617,141.6889,303.8,1.1,1,2014-10-29,1317,Terra,MODIS,20,6.2,292.7,4.4,N,0
-15.996,133.56,312.4,2.3,1.5,2014-10-29,1317,Terra,MODIS,82,6.2,297,24.9,N,0
-16.7912,142.8186,327.7,1.1,1.1,2014-10-29,1317,Terra,MODIS,100,6.2,300.5,24.8,N,0
-16.7842,142.8329,349.5,1.1,1.1,2014-10-29,1317,Terra,MODIS,100,6.2,302.9,67.4,N,0
-16.7896,142.829,359.4,1.1,1.1,2014-10-29,1317,Terra,MODIS,100,6.2,303.8,93.7,N,0
-16.7928,142.8082,325.7,1.1,1.1,2014-10-29,1317,Terra,MODIS,100,6.2,299.7,22.7,N,0
-14.5603,141.6987,309.7,1.1,1,2014-10-29,1317,Terra,MODIS,78,6.2,292.9,8.6,N,0
-16.0397,134.3022,306.9,2.1,1.4,2014-10-29,1317,Terra,MODIS,65,6.2,296.2,11.7,N,0
-14.5496,141.707,302.8,1.1,1,2014-10-29,1317,Terra,MODIS,3,6.2,291.4,4,N,0
-15.3862,142.5598,337.6,1.1,1.1,2014-10-29,1317,Terra,MODIS,100,6.2,295.1,41.9,N,0
-15.2208,142.6917,314.8,1.1,1.1,2014-10-29,1317,Terra,MODIS,90,6.2,294.8,11.9,N,0
-16.539,142.6627,311.2,1.1,1,2014-10-29,1317,Terra,MODIS,75,6.2,298,7.8,N,0
-15.2733,142.6314,360,1.1,1.1,2014-10-29,1317,Terra,MODIS,100,6.2,295.5,99.5,N,0
-15.2766,142.6105,310.9,1.1,1.1,2014-10-29,1317,Terra,MODIS,18,6.2,293.1,7.8,N,0
-15.2431,142.6738,351.7,1.1,1.1,2014-10-29,1317,Terra,MODIS,100,6.2,297.5,75.6,N,0
-15.1889,142.7081,319.7,1.1,1.1,2014-10-29,1317,Terra,MODIS,99,6.2,293.7,18,N,0
-15.1094,142.7544,313.4,1.2,1.1,2014-10-29,1317,Terra,MODIS,56,6.2,295,11.1,N,0
-16.5331,142.6659,319,1.1,1,2014-10-29,1317,Terra,MODIS,98,6.2,298.7,15.1,N,0
-16.5374,142.673,310.4,1.1,1,2014-10-29,1317,Terra,MODIS,75,6.2,298.2,7.1,N,0
-15.2622,142.6403,378.4,1.1,1.1,2014-10-29,1317,Terra,MODIS,100,6.2,297.5,171.8,N,0
-15.2479,142.6423,326.2,1.1,1.1,2014-10-29,1317,Terra,MODIS,98,6.2,292.6,24.6,N,0
-15.2113,142.6901,314.3,1.1,1.1,2014-10-29,1317,Terra,MODIS,82,6.2,294.6,10.9,N,0
-15.2463,142.6528,330,1.1,1.1,2014-10-29,1317,Terra,MODIS,87,6.2,295.2,29.8,N,0
-15.1777,142.7171,312.6,1.1,1.1,2014-10-29,1317,Terra,MODIS,85,6.2,293.4,11.1,N,0
-15.2097,142.7007,323.1,1.1,1.1,2014-10-29,1317,Terra,MODIS,100,6.2,294.4,21.6,N,0
-15.2972,142.6032,321.7,1.1,1.1,2014-10-29,1317,Terra,MODIS,92,6.2,294.5,18.2,N,0
-15.3956,142.5614,325.3,1.1,1.1,2014-10-29,1317,Terra,MODIS,100,6.2,294.2,22.2,N,0
-14.9972,145.0659,308.6,1.6,1.2,2014-10-29,1317,Terra,MODIS,75,6.2,271.7,20.7,N,0
-15.1457,142.7335,313.8,1.1,1.1,2014-10-29,1317,Terra,MODIS,55,6.2,294.5,11.5,N,0
-16.5346,142.6557,311.3,1.1,1,2014-10-29,1317,Terra,MODIS,48,6.2,297.9,7.4,N,0
-16.5315,142.6762,309.9,1.1,1,2014-10-29,1317,Terra,MODIS,64,6.2,298.5,6.5,N,0
-15.251,142.6492,351.7,1.1,1.1,2014-10-29,1317,Terra,MODIS,100,6.2,295.9,74.2,N,0
-15.4335,142.5677,334.4,1.1,1.1,2014-10-29,1317,Terra,MODIS,100,6.2,294.7,38.1,N,0
-15.5434,142.1952,306.3,1.1,1,2014-10-29,1317,Terra,MODIS,67,6.2,295,5.6,N,0
-15.3273,142.5975,324.3,1.1,1.1,2014-10-29,1317,Terra,MODIS,100,6.2,294.9,21.7,N,0
-15.331,143.1103,306.2,1.2,1.1,2014-10-29,1317,Terra,MODIS,56,6.2,294.6,6.4,N,0
-15.4146,142.5645,358.4,1.1,1.1,2014-10-29,1317,Terra,MODIS,100,6.2,297.1,92.8,N,0
-15.157,142.7245,314.6,1.1,1.1,2014-10-29,1317,Terra,MODIS,63,6.2,294,12.3,N,0
-15.2001,142.6991,319.4,1.1,1.1,2014-10-29,1317,Terra,MODIS,99,6.2,294.4,17.3,N,0
-15.3209,142.5751,313.4,1.1,1.1,2014-10-29,1317,Terra,MODIS,78,6.2,294.4,10.2,N,0
-15.2478,142.6703,337.7,1.1,1.1,2014-10-29,1317,Terra,MODIS,100,6.2,297.1,44.6,N,0
-15.2527,142.6387,334.8,1.1,1.1,2014-10-29,1317,Terra,MODIS,100,6.2,293.1,37.3,N,0
-15.4162,142.5541,371.2,1.1,1.1,2014-10-29,1317,Terra,MODIS,100,6.2,297.4,137.7,N,0
-15.3304,142.5767,316.6,1.1,1.1,2014-10-29,1317,Terra,MODIS,93,6.2,294.7,13,N,0
-15.2654,142.6194,322.2,1.1,1.1,2014-10-29,1317,Terra,MODIS,88,6.2,292.9,18.9,N,0
-15.2877,142.6017,340.9,1.1,1.1,2014-10-29,1317,Terra,MODIS,100,6.2,295,49.3,N,0
-15.1761,142.7277,306.7,1.1,1.1,2014-10-29,1317,Terra,MODIS,65,6.2,293.3,6.2,N,0
-15.394,142.5717,321.7,1.1,1.1,2014-10-29,1317,Terra,MODIS,84,6.2,294.3,17.9,N,0
-15.0998,142.7528,307.4,1.2,1.1,2014-10-29,1317,Terra,MODIS,20,6.2,294.8,6.2,N,0
-15.424,142.5661,357.7,1.1,1.1,2014-10-29,1317,Terra,MODIS,100,6.2,298.2,90.7,N,0
-15.2368,142.6512,319.2,1.1,1.1,2014-10-29,1317,Terra,MODIS,69,6.2,293.9,15.4,N,0
-15.2861,142.6121,312.3,1.1,1.1,2014-10-29,1317,Terra,MODIS,72,6.2,293,9.1,N,0
-15.1414,142.7379,308.4,1.2,1.1,2014-10-29,1317,Terra,MODIS,18,6.2,294.5,7,N,0
-15.3288,142.5871,357.9,1.1,1.1,2014-10-29,1317,Terra,MODIS,100,6.2,298.1,91.3,N,0
-15.1985,142.7097,319.8,1.1,1.1,2014-10-29,1317,Terra,MODIS,99,6.2,294.1,18.3,N,0
-15.2256,142.6601,313,1.1,1.1,2014-10-29,1317,Terra,MODIS,56,6.2,294.6,8.6,N,0
-15.4351,142.5573,320.9,1.1,1.1,2014-10-29,1317,Terra,MODIS,100,6.2,293.8,18.8,N,0
-16.3705,142.6856,308,1.1,1.1,2014-10-29,1317,Terra,MODIS,46,6.2,297.6,5.2,N,0
-15.4256,142.5557,372.2,1.1,1.1,2014-10-29,1317,Terra,MODIS,100,6.2,298.8,141.9,N,0
-15.2336,142.6722,355.7,1.1,1.1,2014-10-29,1317,Terra,MODIS,100,6.2,297.2,86.4,N,0
-15.2749,142.621,345.6,1.1,1.1,2014-10-29,1317,Terra,MODIS,100,6.2,293.8,59.7,N,0
-15.1873,142.7187,318.2,1.1,1.1,2014-10-29,1317,Terra,MODIS,96,6.2,293.6,16.6,N,0
-15.1907,142.6328,304.1,1.1,1.1,2014-10-29,1317,Terra,MODIS,6,6.2,288.8,3.9,N,0
-15.3494,142.5798,307.8,1.1,1.1,2014-10-29,1317,Terra,MODIS,51,6.2,293.8,5.9,N,0
-15.2101,143.0387,307.3,1.2,1.1,2014-10-29,1317,Terra,MODIS,71,6.2,294.1,7.8,N,0
-15.2447,142.6633,359.3,1.1,1.1,2014-10-29,1317,Terra,MODIS,100,6.2,298.4,97.2,N,0
-15.2671,142.6089,312.2,1.1,1.1,2014-10-29,1317,Terra,MODIS,22,6.2,293.2,9.2,N,0
-15.2606,142.6508,333.3,1.1,1.1,2014-10-29,1317,Terra,MODIS,100,6.2,294.6,35.8,N,0
-15.2589,142.6613,334.6,1.1,1.1,2014-10-29,1317,Terra,MODIS,100,6.2,296.1,38.6,N,0
-15.232,142.6828,350,1.1,1.1,2014-10-29,1317,Terra,MODIS,100,6.2,296.7,71.4,N,0
-15.2638,142.6299,386,1.1,1.1,2014-10-29,1317,Terra,MODIS,100,6.2,296.7,210.7,N,0
-15.2494,142.6598,378.6,1.1,1.1,2014-10-29,1317,Terra,MODIS,100,6.2,299.4,173.9,N,0
-15.3193,142.5855,349.5,1.1,1.1,2014-10-29,1317,Terra,MODIS,100,6.2,296.4,68.5,N,0
-15.1665,142.7261,312.4,1.1,1.1,2014-10-29,1317,Terra,MODIS,85,6.2,293.7,10.8,N,0
-12.4972,136.0806,306.3,1.4,1.2,2014-10-29,1318,Terra,MODIS,56,6.2,291.7,9.3,N,0
-14.606,130.8537,328.9,3.6,1.8,2014-10-29,1318,Terra,MODIS,100,6.2,295.9,157.5,N,0
-13.0128,132.9575,316,2.4,1.5,2014-10-29,1318,Terra,MODIS,92,6.2,298.3,37.9,N,0
-13.4819,133.9488,326.7,2,1.4,2014-10-29,1318,Terra,MODIS,100,6.2,298.1,60.2,N,0
-14.5977,130.8464,325.3,3.6,1.8,2014-10-29,1318,Terra,MODIS,100,6.2,295.6,129.1,N,0
-14.3463,131.4716,320.9,3.2,1.7,2014-10-29,1318,Terra,MODIS,100,6.2,296.6,83.9,N,0
-13.4685,134.0332,324.5,2,1.4,2014-10-29,1318,Terra,MODIS,100,6.2,298.8,53,N,0
-13.1837,133.164,324,2.3,1.5,2014-10-29,1318,Terra,MODIS,100,6.2,298.7,60.9,N,0
-14.5899,130.8519,308.9,3.6,1.8,2014-10-29,1318,Terra,MODIS,66,6.2,295.1,39.1,N,0
-13.1755,133.1198,309.4,2.3,1.5,2014-10-29,1318,Terra,MODIS,74,6.2,298.1,16.8,N,0
-13.4774,133.9606,314.1,2,1.4,2014-10-29,1318,Terra,MODIS,87,6.2,297.2,25.7,N,0
-14.5903,130.9126,314.6,3.6,1.8,2014-10-29,1318,Terra,MODIS,25,6.2,295.1,56.5,N,0
-14.6134,131.0863,334.7,3.5,1.8,2014-10-29,1318,Terra,MODIS,100,6.2,296.3,194,N,0
-14.5173,130.8378,308.5,3.6,1.8,2014-10-29,1318,Terra,MODIS,64,6.2,294.4,38.3,N,0
-14.6072,131.0913,332,3.5,1.8,2014-10-29,1318,Terra,MODIS,100,6.2,296.1,167.8,N,0
-14.4565,130.7962,311.9,3.6,1.8,2014-10-29,1318,Terra,MODIS,78,6.2,295,54,N,0
-13.4797,133.9422,317.4,2,1.4,2014-10-29,1318,Terra,MODIS,94,6.2,297.6,33.7,N,0
-13.1781,133.098,315.2,2.3,1.5,2014-10-29,1318,Terra,MODIS,90,6.2,297.4,32.2,N,0
-13.4561,134.0318,310.8,2,1.4,2014-10-29,1318,Terra,MODIS,79,6.2,297.2,18.8,N,0
-13.4416,134.0483,315.8,2,1.4,2014-10-29,1318,Terra,MODIS,91,6.2,297.5,29.9,N,0
-14.5955,130.9535,308.7,3.6,1.8,2014-10-29,1318,Terra,MODIS,40,6.2,294.8,34.1,N,0
-14.623,131.0928,312.9,3.5,1.8,2014-10-29,1318,Terra,MODIS,49,6.2,295.5,50.2,N,0
-14.5091,130.8319,311.5,3.6,1.8,2014-10-29,1318,Terra,MODIS,77,6.2,294.7,48.5,N,0
-14.3433,131.4782,316.7,3.2,1.7,2014-10-29,1318,Terra,MODIS,92,6.2,296.6,62,N,0
-13.4713,134.0398,311.1,2,1.4,2014-10-29,1318,Terra,MODIS,79,6.2,297.8,20.6,N,0
-13.4797,133.9671,327.4,2,1.4,2014-10-29,1318,Terra,MODIS,100,6.2,297.9,60.7,N,0
-14.5841,131.2104,313.8,3.4,1.7,2014-10-29,1318,Terra,MODIS,84,6.2,296.4,54.6,N,0
-14.5944,131.2176,307.7,3.4,1.7,2014-10-29,1318,Terra,MODIS,41,6.2,296.6,28.3,N,0
-13.482,133.9235,310.1,2,1.4,2014-10-29,1318,Terra,MODIS,76,6.2,297,19,N,0
-14.599,130.9202,308.6,3.6,1.8,2014-10-29,1318,Terra,MODIS,12,6.2,294.8,33,N,0
-13.0103,132.9786,310.3,2.3,1.5,2014-10-29,1318,Terra,MODIS,78,6.2,297.8,22.6,N,0
-13.4539,134.0498,312.7,2,1.4,2014-10-29,1318,Terra,MODIS,84,6.2,297.5,23,N,0
-14.594,130.8795,336.1,3.6,1.8,2014-10-29,1318,Terra,MODIS,100,6.2,296.3,215.7,N,0
-14.4532,130.8297,317.6,3.6,1.8,2014-10-29,1318,Terra,MODIS,94,6.2,295.6,82.7,N,0
-14.4449,130.824,320,3.6,1.8,2014-10-29,1318,Terra,MODIS,99,6.2,295.8,95,N,0
-14.4484,130.7908,310.4,3.6,1.8,2014-10-29,1318,Terra,MODIS,73,6.2,295.2,45.5,N,0
-14.6025,130.8869,337.9,3.6,1.8,2014-10-29,1318,Terra,MODIS,100,6.2,296.6,236.2,N,0
-14.6263,131.0605,320.1,3.5,1.8,2014-10-29,1318,Terra,MODIS,100,6.2,295.4,89.9,N,0
-14.6908,131.8911,312.1,3,1.7,2014-10-29,1318,Terra,MODIS,79,6.2,295.5,44.3,N,0
-14.3464,131.4488,312.2,3.2,1.7,2014-10-29,1318,Terra,MODIS,79,6.2,296.4,42.8,N,0
-14.6169,131.0539,315.4,3.5,1.8,2014-10-29,1318,Terra,MODIS,51,6.2,295.2,59.6,N,0
-14.6759,131.8895,306.1,3,1.7,2014-10-29,1318,Terra,MODIS,52,6.2,295.5,24.1,N,0
-13.4755,134.0037,337.8,2,1.4,2014-10-29,1318,Terra,MODIS,100,6.2,299.4,99.6,N,0
-13.4344,133.899,312.1,2,1.4,2014-10-29,1318,Terra,MODIS,78,6.2,297,22.8,N,0
-13.3289,134.226,322.1,1.9,1.3,2014-10-29,1318,Terra,MODIS,100,6.2,297.2,44.8,N,0
-13.4922,133.9685,327.9,2,1.4,2014-10-29,1318,Terra,MODIS,100,6.2,298.8,64.1,N,0
-13.4943,133.9501,314.4,2,1.4,2014-10-29,1318,Terra,MODIS,88,6.2,297.7,27.9,N,0
-13.4858,134.0231,310.2,2,1.4,2014-10-29,1318,Terra,MODIS,76,6.2,298,18.2,N,0
-13.4322,133.9175,309.1,2,1.4,2014-10-29,1318,Terra,MODIS,31,6.2,296.5,15.3,N,0
-13.4922,133.9435,318.2,2,1.4,2014-10-29,1318,Terra,MODIS,96,6.2,297.9,36.2,N,0
-13.4899,133.9619,336.7,2,1.4,2014-10-29,1318,Terra,MODIS,100,6.2,299.5,96.3,N,0
-13.484,133.9302,321,2,1.4,2014-10-29,1318,Terra,MODIS,100,6.2,297.7,45.1,N,0
-13.7762,141.574,302.7,1.1,1,2014-10-29,1318,Terra,MODIS,24,6.2,284.4,5.4,N,0
-13.4752,133.9789,307.6,2,1.4,2014-10-29,1318,Terra,MODIS,68,6.2,297.1,13,N,0
-13.767,141.5725,315.7,1.1,1,2014-10-29,1318,Terra,MODIS,92,6.2,284.4,15.3,N,0
-12.8632,132.9986,315,2.3,1.5,2014-10-29,1318,Terra,MODIS,40,6.2,298.5,30.9,N,0
-13.4879,134.005,354.4,2,1.4,2014-10-29,1318,Terra,MODIS,100,6.2,300.8,189.8,N,0
-13.49,133.9867,332,2,1.4,2014-10-29,1318,Terra,MODIS,100,6.2,299.2,78.4,N,0
-13.4734,134.0217,338.2,2,1.4,2014-10-29,1318,Terra,MODIS,100,6.2,299.7,101.5,N,0
-12.879,132.9788,328.1,2.3,1.5,2014-10-29,1318,Terra,MODIS,100,6.2,298.8,79.5,N,0
-13.3268,134.2434,317.3,1.9,1.3,2014-10-29,1318,Terra,MODIS,94,6.2,296.9,33,N,0
-12.8765,133.0004,309.6,2.3,1.5,2014-10-29,1318,Terra,MODIS,30,6.2,298,18.5,N,0
-12.8382,133.0105,313.3,2.3,1.5,2014-10-29,1318,Terra,MODIS,83,6.2,298.1,28.8,N,0
-12.8514,133.0123,315.1,2.3,1.5,2014-10-29,1318,Terra,MODIS,90,6.2,298.1,33.6,N,0
-12.87,132.9697,333.9,2.3,1.5,2014-10-29,1318,Terra,MODIS,100,6.2,298.2,105.8,N,0
-12.8673,132.9926,322.7,2.3,1.5,2014-10-29,1318,Terra,MODIS,100,6.2,299,58.2,N,0
-12.8658,132.9764,322.3,2.3,1.5,2014-10-29,1318,Terra,MODIS,100,6.2,298.1,55.2,N,0
-14.1429,141.8387,302.1,1.1,1,2014-10-29,1318,Terra,MODIS,47,6.2,287.6,5.1,N,0
-13.4853,133.9984,356.1,2,1.4,2014-10-29,1318,Terra,MODIS,100,6.2,301.7,200.2,N,0
-13.4776,133.9854,325.8,2,1.4,2014-10-29,1318,Terra,MODIS,100,6.2,298.3,55.5,N,0
-13.4831,134.0165,337.7,2,1.4,2014-10-29,1318,Terra,MODIS,100,6.2,299.8,99.7,N,0
-13.4876,133.9802,332.2,2,1.4,2014-10-29,1318,Terra,MODIS,100,6.2,299.4,78.1,N,0
-12.9506,132.944,307.4,2.4,1.5,2014-10-29,1318,Terra,MODIS,63,6.2,297.2,16,N,0
-12.6792,142.3867,304.5,1.2,1.1,2014-10-29,1318,Terra,MODIS,30,6.2,282.1,7.6,N,0
-13.4707,134.015,331.3,2,1.4,2014-10-29,1318,Terra,MODIS,100,6.2,298.9,74.4,N,0
-13.4729,133.9971,315.6,2,1.4,2014-10-29,1318,Terra,MODIS,91,6.2,297.8,29.3,N,0
-12.9533,132.9219,311.4,2.4,1.5,2014-10-29,1318,Terra,MODIS,81,6.2,297.9,26.6,N,0
-12.6809,142.3759,304.8,1.2,1.1,2014-10-29,1318,Terra,MODIS,34,6.2,282.3,7.7,N,0
-13.7685,141.5627,306.9,1.1,1,2014-10-29,1318,Terra,MODIS,57,6.2,284.1,8.2,N,0
-12.557,141.913,313.8,1.1,1.1,2014-10-29,1318,Terra,MODIS,88,6.2,288.7,14.2,N,0
-13.3168,134.2245,306.1,1.9,1.3,2014-10-29,1318,Terra,MODIS,63,6.2,295.4,12.7,N,0
-13.3147,134.242,306.7,1.9,1.3,2014-10-29,1318,Terra,MODIS,66,6.2,295.3,13.7,N,0
-26.3722,149.5422,310.8,2.7,1.6,2014-10-29,1447,Aqua,MODIS,81,6.2,292.6,48.1,N,0
-26.3759,149.5365,310.8,2.7,1.6,2014-10-29,1447,Aqua,MODIS,81,6.2,292.6,48.3,N,0
-29.2811,152.8877,312.2,1.4,1.2,2014-10-29,1447,Aqua,MODIS,84,6.2,289.2,19.9,N,0
-29.5393,152.3139,327.1,1.5,1.2,2014-10-29,1447,Aqua,MODIS,100,6.2,286.3,49,N,0
-29.5241,152.307,331.7,1.5,1.2,2014-10-29,1447,Aqua,MODIS,100,6.2,286.1,62,N,0
-29.5269,152.3223,309.2,1.5,1.2,2014-10-29,1447,Aqua,MODIS,41,6.2,284.5,19.5,N,0
-29.5212,152.2916,315.8,1.5,1.2,2014-10-29,1447,Aqua,MODIS,92,6.2,283.7,29.9,N,0
-29.5321,152.2889,360,1.5,1.2,2014-10-29,1447,Aqua,MODIS,100,6.2,288.6,165.4,N,0
-29.5364,152.2986,328.6,1.5,1.2,2014-10-29,1447,Aqua,MODIS,100,6.2,285.7,51.3,N,0
-29.5217,152.3558,304.9,1.5,1.2,2014-10-29,1447,Aqua,MODIS,38,6.2,283.5,15.8,N,0
-29.5297,152.3379,319.6,1.5,1.2,2014-10-29,1447,Aqua,MODIS,99,6.2,285.1,36,N,0
-29.5293,152.2736,311.1,1.5,1.2,2014-10-29,1447,Aqua,MODIS,82,6.2,283.9,23.9,N,0
-29.5335,152.2832,346.4,1.5,1.2,2014-10-29,1447,Aqua,MODIS,100,6.2,287.6,106.1,N,0
-29.535,152.3044,330.2,1.5,1.2,2014-10-29,1447,Aqua,MODIS,100,6.2,285.7,56.6,N,0
-29.5378,152.3197,333.9,1.5,1.2,2014-10-29,1447,Aqua,MODIS,100,6.2,286.3,65.2,N,0
-29.2786,152.8733,316.5,1.4,1.2,2014-10-29,1447,Aqua,MODIS,93,6.2,289.5,25.7,N,0
-29.2853,152.8812,316.3,1.4,1.2,2014-10-29,1447,Aqua,MODIS,77,6.2,289.3,24.7,N,0
-29.2747,152.8835,306.7,1.4,1.2,2014-10-29,1447,Aqua,MODIS,42,6.2,288.4,13.4,N,0
-29.272,152.8691,305.1,1.4,1.2,2014-10-29,1447,Aqua,MODIS,21,6.2,288,11.4,N,0
-27.3056,152.157,303.3,1.7,1.3,2014-10-29,1447,Aqua,MODIS,54,6.2,288.2,14.4,N,0
-29.5793,152.2844,306.3,1.5,1.2,2014-10-29,1447,Aqua,MODIS,25,6.2,287.1,14.2,N,0
-29.5981,152.2626,312.5,1.5,1.2,2014-10-29,1447,Aqua,MODIS,57,6.2,287.2,22.2,N,0
-31.0563,152.1261,302,1.5,1.2,2014-10-29,1448,Aqua,MODIS,44,6.2,285,11.7,N,0
-31.0673,152.1248,300.4,1.5,1.2,2014-10-29,1448,Aqua,MODIS,16,6.2,284.6,10.3,N,0
-12.4284,133.3267,308.3,1.3,1.1,2014-10-29,1621,Aqua,MODIS,74,6.2,295.9,9,N,0
-12.4247,133.3033,306.3,1.3,1.1,2014-10-29,1621,Aqua,MODIS,56,6.2,295.6,6.9,N,0
-12.4229,133.2916,305.9,1.3,1.1,2014-10-29,1621,Aqua,MODIS,66,6.2,295.4,7.2,N,0
-12.8291,133.0201,311.5,1.3,1.1,2014-10-29,1622,Aqua,MODIS,83,6.2,297.6,11.5,N,0
-16.7786,142.8135,313.8,2.4,1.5,2014-10-29,1622,Aqua,MODIS,88,6.2,294.6,33.6,N,0
-12.8271,133.0077,307.1,1.3,1.1,2014-10-29,1622,Aqua,MODIS,49,6.2,297.1,6.8,N,0
-13.4878,133.9344,311.3,1.2,1.1,2014-10-29,1622,Aqua,MODIS,82,6.2,295.3,11.6,N,0
-16.7737,142.8088,317.3,2.4,1.5,2014-10-29,1622,Aqua,MODIS,95,6.2,294.7,43,N,0
-13.4833,133.9678,316.6,1.2,1.1,2014-10-29,1622,Aqua,MODIS,94,6.2,296.5,16.3,N,0
-16.7896,142.8297,310.7,2.4,1.5,2014-10-29,1622,Aqua,MODIS,32,6.2,294.4,24.5,N,0
-13.4912,133.9556,328.6,1.2,1.1,2014-10-29,1622,Aqua,MODIS,100,6.2,297.1,32,N,0
-13.4895,133.9451,320.7,1.2,1.1,2014-10-29,1622,Aqua,MODIS,100,6.2,296.6,21.3,N,0
-12.8374,133.0061,311.9,1.3,1.1,2014-10-29,1622,Aqua,MODIS,77,6.2,297.1,11.1,N,0
-12.8682,133.0011,317,1.3,1.1,2014-10-29,1622,Aqua,MODIS,94,6.2,297.8,16.9,N,0
-12.8394,133.0184,332.7,1.3,1.1,2014-10-29,1622,Aqua,MODIS,100,6.2,298.9,44.4,N,0
-12.8702,133.0134,316.1,1.3,1.1,2014-10-29,1622,Aqua,MODIS,93,6.2,297.2,16.4,N,0
-12.8675,133.0081,315.1,1.3,1.1,2014-10-29,1622,Aqua,MODIS,91,6.2,297.5,15.9,N,0
-12.8778,133.0065,310.9,1.3,1.1,2014-10-29,1622,Aqua,MODIS,81,6.2,297.1,11.2,N,0
-12.8738,132.982,311.4,1.3,1.1,2014-10-29,1622,Aqua,MODIS,82,6.2,297.6,12.3,N,0
-13.4929,133.9662,338.7,1.2,1.1,2014-10-29,1622,Aqua,MODIS,100,6.2,299.2,49.5,N,0
-13.5025,133.9646,353.9,1.2,1.1,2014-10-29,1622,Aqua,MODIS,100,6.2,299.8,86.4,N,0
-16.7946,142.8344,311.4,2.4,1.5,2014-10-29,1622,Aqua,MODIS,56,6.2,294.4,26.3,N,0
-17.0376,142.8114,320.7,2.4,1.5,2014-10-29,1622,Aqua,MODIS,100,6.2,295.2,55.3,N,0
-17.035,142.7888,308.4,2.4,1.5,2014-10-29,1622,Aqua,MODIS,33,6.2,294.7,18.8,N,0
-17.024,142.8129,308.2,2.4,1.5,2014-10-29,1622,Aqua,MODIS,37,6.2,294.7,18.3,N,0
-17.0581,142.8018,313.2,2.4,1.5,2014-10-29,1622,Aqua,MODIS,87,6.2,294.9,33.1,N,0
-17.0445,142.8034,326.5,2.4,1.5,2014-10-29,1622,Aqua,MODIS,100,6.2,295.8,78.6,N,0
-17.0511,142.8098,323.3,2.4,1.5,2014-10-29,1622,Aqua,MODIS,100,6.2,295.3,64.9,N,0
-13.3558,134.1408,306.7,1.1,1.1,2014-10-29,1622,Aqua,MODIS,69,6.2,294.5,7.8,N,0
-16.9295,142.7836,304.5,2.4,1.5,2014-10-29,1622,Aqua,MODIS,53,6.2,294.4,12.7,N,0
-15.3783,134.0436,312,1.1,1,2014-10-29,1622,Aqua,MODIS,82,6.2,297.2,9.9,N,0
-17.0485,142.7872,321.6,2.4,1.5,2014-10-29,1622,Aqua,MODIS,100,6.2,295.1,58.2,N,0
-17.0556,142.7792,308.3,2.4,1.5,2014-10-29,1622,Aqua,MODIS,74,6.2,294.3,20.3,N,0
-15.9134,133.9289,306.5,1.1,1,2014-10-29,1622,Aqua,MODIS,68,6.2,294.7,6.5,N,0
-16.0044,133.5834,308.1,1.1,1.1,2014-10-29,1622,Aqua,MODIS,73,6.2,295.6,6.9,N,0
-15.4149,133.7469,308.6,1.1,1.1,2014-10-29,1622,Aqua,MODIS,72,6.2,296.8,6.4,N,0
-13.4356,134.0581,313.9,1.1,1.1,2014-10-29,1622,Aqua,MODIS,75,6.2,296,12.3,N,0
-13.4802,134.0292,309.4,1.2,1.1,2014-10-29,1622,Aqua,MODIS,47,6.2,296.2,7.9,N,0
-13.4816,133.975,321,1.2,1.1,2014-10-29,1622,Aqua,MODIS,100,6.2,296.9,19.5,N,0
-13.4706,134.0308,317.8,1.2,1.1,2014-10-29,1622,Aqua,MODIS,96,6.2,297,15.9,N,0
-13.477,134.0082,326,1.2,1.1,2014-10-29,1622,Aqua,MODIS,100,6.2,297.6,25.4,N,0
-13.4786,134.0187,331.1,1.2,1.1,2014-10-29,1622,Aqua,MODIS,100,6.2,298.1,33.6,N,0
-13.4865,134.0066,336,1.2,1.1,2014-10-29,1622,Aqua,MODIS,100,6.2,299.5,41.1,N,0
-13.4849,133.996,323,1.2,1.1,2014-10-29,1622,Aqua,MODIS,100,6.2,298,21.5,N,0
-13.4833,133.9855,319.7,1.2,1.1,2014-10-29,1622,Aqua,MODIS,99,6.2,297.5,17.8,N,0
-13.4867,133.9889,320.3,1.2,1.1,2014-10-29,1622,Aqua,MODIS,100,6.2,297.6,20.4,N,0
-16.8191,142.8491,306.2,2.4,1.5,2014-10-29,1622,Aqua,MODIS,24,6.2,294.2,16,N,0
-13.485,133.9784,325,1.2,1.1,2014-10-29,1622,Aqua,MODIS,100,6.2,297.6,26.5,N,0
-13.4882,134.0171,339.2,1.2,1.1,2014-10-29,1622,Aqua,MODIS,100,6.2,299.2,47.7,N,0
-13.4917,134.0204,319.9,1.2,1.1,2014-10-29,1622,Aqua,MODIS,99,6.2,297.3,20.3,N,0
-13.49,134.01,331.1,1.2,1.1,2014-10-29,1622,Aqua,MODIS,100,6.2,299.7,35.4,N,0
-13.4883,133.9995,319.9,1.2,1.1,2014-10-29,1622,Aqua,MODIS,99,6.2,297.8,19.9,N,0
-13.4946,133.9768,323.9,1.2,1.1,2014-10-29,1622,Aqua,MODIS,100,6.2,297.4,25.4,N,0
-13.5042,133.9752,334.7,1.2,1.1,2014-10-29,1622,Aqua,MODIS,100,6.2,298.3,41.6,N,0
-15.4132,133.7365,306.4,1.1,1.1,2014-10-29,1622,Aqua,MODIS,51,6.2,296.2,4.9,N,0
-15.9891,133.5711,309.3,1.1,1.1,2014-10-29,1622,Aqua,MODIS,12,6.2,295.8,7.2,N,0
-15.9924,133.5921,313.7,1.1,1.1,2014-10-29,1622,Aqua,MODIS,54,6.2,295.2,11,N,0
-15.9907,133.5816,317.6,1.1,1.1,2014-10-29,1622,Aqua,MODIS,95,6.2,296.1,14.8,N,0
-12.9115,132.8214,304.5,1.4,1.2,2014-10-29,1622,Aqua,MODIS,60,6.2,294.2,8.6,N,0
-15.2189,142.7032,315.9,2.2,1.4,2014-10-29,1622,Aqua,MODIS,62,6.2,292,40.1,N,0
-15.2319,142.7017,323,2.2,1.4,2014-10-29,1622,Aqua,MODIS,94,6.2,292.6,60.9,N,0
-15.4372,142.5606,309.2,2.2,1.4,2014-10-29,1622,Aqua,MODIS,72,6.2,291.9,24.9,N,0
-15.2687,142.6763,316.6,2.2,1.4,2014-10-29,1622,Aqua,MODIS,16,6.2,292.7,38.6,N,0
-15.5506,142.2008,303.9,2.1,1.4,2014-10-29,1622,Aqua,MODIS,14,6.2,290.3,12.9,N,0
-15.2326,142.6877,316.6,2.2,1.4,2014-10-29,1622,Aqua,MODIS,93,6.2,292.8,41.3,N,0
-15.1591,142.7384,302.9,2.2,1.5,2014-10-29,1622,Aqua,MODIS,29,6.2,289.6,16.2,N,0
-15.5357,142.1832,320.2,2.1,1.4,2014-10-29,1622,Aqua,MODIS,100,6.2,291.5,48.7,N,0
-15.5381,142.1954,319.4,2.1,1.4,2014-10-29,1622,Aqua,MODIS,98,6.2,291.4,47.3,N,0
-15.1959,142.713,310.8,2.2,1.4,2014-10-29,1622,Aqua,MODIS,67,6.2,290.8,29.5,N,0
-15.2089,142.7114,318.1,2.2,1.4,2014-10-29,1622,Aqua,MODIS,83,6.2,291.4,47.1,N,0
-15.5359,142.1762,309.3,2.1,1.4,2014-10-29,1622,Aqua,MODIS,77,6.2,291,23.4,N,0
-15.5483,142.1816,313.4,2.1,1.4,2014-10-29,1622,Aqua,MODIS,87,6.2,291.2,31.3,N,0
-15.2557,142.6779,336.6,2.2,1.4,2014-10-29,1622,Aqua,MODIS,100,6.2,294.3,114,N,0
-15.2195,142.6892,308.1,2.2,1.4,2014-10-29,1622,Aqua,MODIS,44,6.2,292,21.2,N,0
-15.538,142.2023,308.7,2.1,1.4,2014-10-29,1622,Aqua,MODIS,75,6.2,290.7,22,N,0
-15.5507,142.1939,310.9,2.1,1.4,2014-10-29,1622,Aqua,MODIS,81,6.2,290.9,26.9,N,0
-15.5485,142.1747,304.3,2.1,1.4,2014-10-29,1622,Aqua,MODIS,47,6.2,291,14.1,N,0
-15.2456,142.6862,319,2.2,1.4,2014-10-29,1622,Aqua,MODIS,46,6.2,293.3,45.4,N,0
-15.2351,142.7084,309.6,2.2,1.4,2014-10-29,1622,Aqua,MODIS,24,6.2,291.4,25,N,0
-15.222,142.7099,314.3,2.2,1.4,2014-10-29,1622,Aqua,MODIS,86,6.2,291.6,37.6,N,0
-14.6375,131.1194,318,1.7,1.3,2014-10-29,1622,Aqua,MODIS,96,6.2,296.7,26.4,N,0
-13.1806,133.1713,316.8,1.3,1.1,2014-10-29,1622,Aqua,MODIS,94,6.2,298,16.3,N,0
-13.1825,133.183,351.1,1.3,1.1,2014-10-29,1622,Aqua,MODIS,100,6.2,301,89.3,N,0
-13.1724,133.1847,329,1.3,1.1,2014-10-29,1622,Aqua,MODIS,100,6.2,298.8,35.5,N,0
-13.1753,133.191,331.7,1.3,1.1,2014-10-29,1622,Aqua,MODIS,100,6.2,298.4,41.5,N,0
-13.1734,133.1792,344,1.3,1.1,2014-10-29,1622,Aqua,MODIS,100,6.2,299.5,69.1,N,0
-14.6278,131.2002,310,1.7,1.3,2014-10-29,1622,Aqua,MODIS,15,6.2,296.2,12.1,N,0
-13.1888,133.1579,308.9,1.3,1.1,2014-10-29,1622,Aqua,MODIS,21,6.2,297.7,8.6,N,0
-13.181,133.1098,318.8,1.3,1.1,2014-10-29,1622,Aqua,MODIS,98,6.2,295.7,20.2,N,0
-14.6349,131.1039,330.5,1.7,1.3,2014-10-29,1622,Aqua,MODIS,100,6.2,296.9,56,N,0
-13.017,132.9762,310.7,1.3,1.1,2014-10-29,1622,Aqua,MODIS,81,6.2,296.5,11.5,N,0
-13.0151,132.9644,308.1,1.3,1.1,2014-10-29,1622,Aqua,MODIS,47,6.2,297,8.1,N,0
-13.0376,133.1703,310.3,1.3,1.1,2014-10-29,1622,Aqua,MODIS,80,6.2,298.2,9.9,N,0
-12.9782,133.1754,309.8,1.3,1.1,2014-10-29,1622,Aqua,MODIS,78,6.2,296.2,11.1,N,0
-14.5964,131.2214,317.8,1.7,1.3,2014-10-29,1622,Aqua,MODIS,95,6.2,296.3,25.3,N,0
-14.5975,131.227,312.1,1.7,1.3,2014-10-29,1622,Aqua,MODIS,82,6.2,296,15.9,N,0
-14.595,131.2115,310.8,1.7,1.3,2014-10-29,1622,Aqua,MODIS,67,6.2,296.1,14,N,0
-14.5862,131.2288,314.4,1.7,1.3,2014-10-29,1622,Aqua,MODIS,88,6.2,296.2,20.9,N,0
-14.5836,131.2134,309.5,1.7,1.3,2014-10-29,1622,Aqua,MODIS,75,6.2,296,13.1,N,0
-13.0214,132.9377,307.8,1.3,1.1,2014-10-29,1622,Aqua,MODIS,24,6.2,296.9,7.9,N,0
-13.4531,134.0445,322.1,1.1,1.1,2014-10-29,1622,Aqua,MODIS,100,6.2,296.7,20.3,N,0
-13.4548,134.0549,347.9,1.1,1.1,2014-10-29,1622,Aqua,MODIS,100,6.2,299.5,67.9,N,0
-14.6235,131.1061,316.2,1.7,1.3,2014-10-29,1622,Aqua,MODIS,92,6.2,296.7,23.7,N,0
-13.4784,133.9538,306.2,1.2,1.1,2014-10-29,1622,Aqua,MODIS,67,6.2,295.6,5.9,N,0
-13.4799,133.9467,311.3,1.2,1.1,2014-10-29,1622,Aqua,MODIS,82,6.2,295.8,11.7,N,0
-13.4816,133.9573,314.8,1.2,1.1,2014-10-29,1622,Aqua,MODIS,90,6.2,296.3,14.6,N,0
-13.4627,134.0429,331.9,1.1,1.1,2014-10-29,1622,Aqua,MODIS,100,6.2,298.6,34.3,N,0
-13.4643,134.0534,322.2,1.1,1.1,2014-10-29,1622,Aqua,MODIS,100,6.2,297.7,20.7,N,0
-13.4723,134.0413,329.9,1.1,1.1,2014-10-29,1622,Aqua,MODIS,100,6.2,298.1,31.4,N,0
-13.4739,134.0517,310.3,1.1,1.1,2014-10-29,1622,Aqua,MODIS,31,6.2,296.5,8.7,N,0
-14.4448,130.816,306.7,1.8,1.3,2014-10-29,1622,Aqua,MODIS,13,6.2,295.4,10.2,N,0
-14.451,130.8216,321,1.8,1.3,2014-10-29,1622,Aqua,MODIS,100,6.2,295.9,35.9,N,0
-14.4483,130.8053,316.1,1.8,1.3,2014-10-29,1622,Aqua,MODIS,85,6.2,295.5,25.5,N,0
-14.4565,130.8136,323.4,1.8,1.3,2014-10-29,1622,Aqua,MODIS,100,6.2,295.8,43.2,N,0
-14.6867,131.905,312.5,1.5,1.2,2014-10-29,1622,Aqua,MODIS,83,6.2,296.3,15.2,N,0
-14.6759,131.9068,309.8,1.5,1.2,2014-10-29,1622,Aqua,MODIS,76,6.2,296.2,12.2,N,0
-19.0696,130.6101,302.8,1.5,1.2,2014-10-29,1623,Aqua,MODIS,32,6.2,292,8.1,N,0
-19.0834,132.0954,307.1,1.2,1.1,2014-10-29,1623,Aqua,MODIS,59,6.2,293.5,9.4,N,0
-19.421,131.8452,309.8,1.3,1.1,2014-10-29,1623,Aqua,MODIS,43,6.2,293.8,11.3,N,0
-19.1059,130.5587,309.9,1.5,1.2,2014-10-29,1623,Aqua,MODIS,79,6.2,294,15.9,N,0
-19.1078,130.5526,316.3,1.5,1.2,2014-10-29,1623,Aqua,MODIS,93,6.2,295.3,25.3,N,0
-19.0854,130.6365,305.2,1.5,1.2,2014-10-29,1623,Aqua,MODIS,63,6.2,292.3,11.1,N,0
-19.1035,130.5444,309.5,1.5,1.2,2014-10-29,1623,Aqua,MODIS,77,6.2,294.5,15.4,N,0
-18.7197,130.3159,302.8,1.6,1.3,2014-10-29,1623,Aqua,MODIS,29,6.2,292.6,7.9,N,0
-20.5664,140.7014,307.7,1.9,1.3,2014-10-29,1623,Aqua,MODIS,72,6.2,293.1,19.3,N,0
-20.5617,140.7074,306.7,1.9,1.3,2014-10-29,1623,Aqua,MODIS,69,6.2,293.3,16.5,N,0
-18.2694,145.2503,309.8,3.8,1.8,2014-10-29,1623,Aqua,MODIS,40,6.2,288.6,66.7,N,0
-20.5596,140.6893,304.5,1.9,1.3,2014-10-29,1623,Aqua,MODIS,51,6.2,293.1,12.9,N,0
-18.2859,145.2485,318.9,3.8,1.8,2014-10-29,1623,Aqua,MODIS,38,6.2,290,110,N,0
-18.3058,145.2062,315.7,3.8,1.8,2014-10-29,1623,Aqua,MODIS,49,6.2,288.9,98.3,N,0
-18.3155,145.2099,307.2,3.8,1.8,2014-10-29,1623,Aqua,MODIS,50,6.2,287.8,60.6,N,0
-18.299,145.2108,319.8,3.8,1.8,2014-10-29,1623,Aqua,MODIS,28,6.2,289.8,117.6,N,0
-18.2925,145.244,325.8,3.8,1.8,2014-10-29,1623,Aqua,MODIS,47,6.2,290.7,157.3,N,0
-18.3025,145.2475,319,3.8,1.8,2014-10-29,1623,Aqua,MODIS,19,6.2,289.1,110.5,N,0
-16.7795,130.7697,309.4,1.6,1.3,2014-10-29,1623,Aqua,MODIS,74,6.2,298.7,11,N,0
-16.927,130.8284,309.2,1.6,1.2,2014-10-29,1623,Aqua,MODIS,20,6.2,299,9.8,N,0
-16.9382,130.8263,324.3,1.6,1.2,2014-10-29,1623,Aqua,MODIS,100,6.2,299.4,35.2,N,0
-16.9407,130.8413,323.5,1.6,1.2,2014-10-29,1623,Aqua,MODIS,100,6.2,299.7,33,N,0
-16.9408,130.8357,332.8,1.6,1.2,2014-10-29,1623,Aqua,MODIS,100,6.2,300.2,55.4,N,0
-16.9657,130.8462,312.8,1.6,1.2,2014-10-29,1623,Aqua,MODIS,42,6.2,298.6,13.8,N,0
-16.9768,130.8441,308.7,1.6,1.2,2014-10-29,1623,Aqua,MODIS,47,6.2,297.7,9.2,N,0
-16.2955,131.2433,307.7,1.5,1.2,2014-10-29,1623,Aqua,MODIS,12,6.2,297.4,9.7,N,0
-16.3065,131.2413,308.9,1.5,1.2,2014-10-29,1623,Aqua,MODIS,30,6.2,297.2,10.2,N,0
-16.3235,131.2086,306.4,1.5,1.2,2014-10-29,1623,Aqua,MODIS,51,6.2,295.1,8.4,N,0
-17.7518,124.3204,308.1,4.6,2,2014-10-29,1623,Aqua,MODIS,73,6.2,292.6,56.6,N,0
-17.7523,124.3156,306.6,4.6,2,2014-10-29,1623,Aqua,MODIS,69,6.2,292.6,47.4,N,0
-16.3089,131.2555,307.2,1.5,1.2,2014-10-29,1623,Aqua,MODIS,32,6.2,296.9,8.3,N,0
-19.2378,131.9152,313,1.3,1.1,2014-10-29,1623,Aqua,MODIS,86,6.2,293,15.2,N,0
-19.2398,131.9217,303.5,1.3,1.1,2014-10-29,1623,Aqua,MODIS,56,6.2,292.4,7.3,N,0
-19.2379,131.9099,308.3,1.3,1.1,2014-10-29,1623,Aqua,MODIS,74,6.2,292.7,11.5,N,0
-21.6931,141.2984,309.5,2.2,1.4,2014-10-29,1624,Aqua,MODIS,67,6.2,295.2,24.8,N,0
-20.1137,123.7312,306.8,4.5,2,2014-10-29,1624,Aqua,MODIS,43,6.2,285.4,90.2,N,0
-20.1115,123.7237,302.8,4.5,2,2014-10-29,1624,Aqua,MODIS,27,6.2,282.5,68.5,N,0
-21.6916,141.2825,311.3,2.2,1.4,2014-10-29,1624,Aqua,MODIS,82,6.2,294.2,29.2,N,0
-21.7045,141.2811,306.4,2.2,1.4,2014-10-29,1624,Aqua,MODIS,68,6.2,293.3,19.7,N,0
-21.691,141.2776,305.4,2.2,1.4,2014-10-29,1624,Aqua,MODIS,35,6.2,292.6,16.4,N,0
-17.8941,144.614,329.9,2.7,1.6,2014-10-30,0009,Terra,MODIS,62,6.2,308.2,54,D,0
-15.5678,142.1607,328.6,4.5,2,2014-10-30,0009,Terra,MODIS,79,6.2,300.9,152.3,D,0
-17.9028,144.6323,337.8,2.7,1.6,2014-10-30,0009,Terra,MODIS,86,6.2,308.4,99.4,D,0
-17.9446,144.6232,323.6,2.7,1.6,2014-10-30,0009,Terra,MODIS,54,6.2,305.9,28.7,D,0
-15.5677,142.1548,325.7,4.5,2,2014-10-30,0009,Terra,MODIS,64,6.2,300.8,120.7,D,0
-17.9167,144.6292,355.9,2.7,1.6,2014-10-30,0009,Terra,MODIS,97,6.2,309.2,251.3,D,0
-17.9266,144.6328,348.2,2.7,1.6,2014-10-30,0009,Terra,MODIS,93,6.2,308.7,181.3,D,0
-17.9127,144.636,352,2.7,1.6,2014-10-30,0009,Terra,MODIS,95,6.2,308.7,213.1,D,0
-17.9081,144.6111,341.9,2.7,1.6,2014-10-30,0009,Terra,MODIS,89,6.2,304.6,131.2,D,0
-17.8979,144.607,331,2.7,1.6,2014-10-30,0009,Terra,MODIS,65,6.2,306.1,58.5,D,0
-17.9222,144.6084,341.4,2.7,1.6,2014-10-30,0009,Terra,MODIS,89,6.2,304.5,130.7,D,0
-17.9306,144.6262,347.4,2.7,1.6,2014-10-30,0009,Terra,MODIS,93,6.2,308,176.9,D,0
-15.2298,142.6862,320.5,4.2,1.9,2014-10-30,0009,Terra,MODIS,19,6.2,303,51.2,D,0
-15.5504,142.1644,318.9,4.5,2,2014-10-30,0009,Terra,MODIS,48,6.2,301.7,57.1,D,0
-17.003,144.2798,326,3,1.6,2014-10-30,0009,Terra,MODIS,50,6.2,308,42.4,D,0
-17.0176,144.2768,327.1,3,1.6,2014-10-30,0009,Terra,MODIS,25,6.2,306.9,44.7,D,0
-17.0171,144.2697,324.9,3,1.6,2014-10-30,0009,Terra,MODIS,25,6.2,306.4,35.4,D,0
-16.8162,142.8198,327,3.8,1.8,2014-10-30,0009,Terra,MODIS,73,6.2,303.2,88.9,D,0
-16.8224,142.8127,330,3.8,1.8,2014-10-30,0009,Terra,MODIS,78,6.2,302,113.6,D,0
-16.8324,142.8164,327.5,3.8,1.8,2014-10-30,0009,Terra,MODIS,75,6.2,299.8,96.4,D,0
-17.0224,144.2975,325.2,2.9,1.6,2014-10-30,0009,Terra,MODIS,35,6.2,306.3,35.4,D,0
-17.0034,142.7981,320.8,3.8,1.8,2014-10-30,0009,Terra,MODIS,50,6.2,301,39.4,D,0
-16.8393,142.8518,325.9,3.8,1.8,2014-10-30,0009,Terra,MODIS,71,6.2,302,85.8,D,0
-16.823,142.8552,321.3,3.8,1.8,2014-10-30,0009,Terra,MODIS,44,6.2,302.7,48.9,D,0
-16.8295,142.8481,328.3,3.8,1.8,2014-10-30,0009,Terra,MODIS,76,6.2,302.5,101.3,D,0
-16.8457,142.8447,319.5,3.8,1.8,2014-10-30,0009,Terra,MODIS,47,6.2,301,42.7,D,0
-14.8803,144.4104,314.6,3.2,1.7,2014-10-30,0009,Terra,MODIS,23,6.2,296.9,24.4,D,0
-21.9854,149.2565,326.1,1.1,1.1,2014-10-30,0010,Terra,MODIS,47,6.2,302.9,15.1,D,0
-21.9932,149.2438,326.4,1.1,1.1,2014-10-30,0010,Terra,MODIS,54,6.2,301.4,16.2,D,0
-22.0139,149.2511,325.4,1.1,1.1,2014-10-30,0010,Terra,MODIS,57,6.2,300.6,12.8,D,0
-20.4,147.3293,334.2,1.5,1.2,2014-10-30,0010,Terra,MODIS,73,6.2,310.2,29.7,D,0
-20.4351,147.2588,326.8,1.5,1.2,2014-10-30,0010,Terra,MODIS,47,6.2,308.1,14,D,0
-21.8313,146.5987,325.7,1.6,1.2,2014-10-30,0010,Terra,MODIS,47,6.2,308.2,13.3,D,0
-18.3136,145.1871,333,2.4,1.5,2014-10-30,0010,Terra,MODIS,77,6.2,299,78,D,0
-18.2865,145.2618,335.1,2.3,1.5,2014-10-30,0010,Terra,MODIS,49,6.2,302.3,76.9,D,0
-18.2956,145.2374,333.2,2.4,1.5,2014-10-30,0010,Terra,MODIS,62,6.2,302.2,72.1,D,0
-21.339,145.5512,328.7,1.9,1.4,2014-10-30,0010,Terra,MODIS,57,6.2,311.2,24.5,D,0
-18.2955,145.2894,322.8,2.3,1.5,2014-10-30,0010,Terra,MODIS,53,6.2,300.9,33.1,D,0
-18.3047,145.2126,334,2.4,1.5,2014-10-30,0010,Terra,MODIS,44,6.2,301.1,71.3,D,0
-18.2906,145.2831,337.6,2.3,1.5,2014-10-30,0010,Terra,MODIS,84,6.2,301.9,94.6,D,0
-18.2518,145.2753,330,2.3,1.5,2014-10-30,0010,Terra,MODIS,70,6.2,304.6,60,D,0
-18.2916,145.2677,334.2,2.3,1.5,2014-10-30,0010,Terra,MODIS,83,6.2,300.9,79.4,D,0
-18.2571,145.2296,344.1,2.4,1.5,2014-10-30,0010,Terra,MODIS,91,6.2,303.7,142.4,D,0
-20.9877,145.5143,328.7,2,1.4,2014-10-30,0010,Terra,MODIS,52,6.2,308.3,29.9,D,0
-18.3129,145.2562,324.4,2.3,1.5,2014-10-30,0010,Terra,MODIS,60,6.2,300.4,38.4,D,0
-20.5787,140.6861,337.9,4.5,2,2014-10-30,0010,Terra,MODIS,77,6.2,318.2,162.2,D,0
-20.5786,140.6803,334.8,4.5,2,2014-10-30,0010,Terra,MODIS,53,6.2,318,112.6,D,0
-18.2823,145.2919,336.8,2.3,1.5,2014-10-30,0010,Terra,MODIS,85,6.2,302.3,90.7,D,0
-18.3019,145.1734,322.3,2.4,1.5,2014-10-30,0010,Terra,MODIS,53,6.2,301.4,39.9,D,0
-18.306,145.1961,335.6,2.4,1.5,2014-10-30,0010,Terra,MODIS,79,6.2,301.1,88.7,D,0
-21.1806,145.3361,331.6,2,1.4,2014-10-30,0010,Terra,MODIS,68,6.2,311.1,40.4,D,0
-20.562,140.6975,352.1,4.5,2,2014-10-30,0010,Terra,MODIS,94,6.2,318.7,389.4,D,0
-18.2438,145.2323,339,2.4,1.5,2014-10-30,0010,Terra,MODIS,87,6.2,300,114.1,D,0
-18.2478,145.2538,347,2.4,1.5,2014-10-30,0010,Terra,MODIS,93,6.2,302.6,158.6,D,0
-18.2704,145.2273,334.8,2.4,1.5,2014-10-30,0010,Terra,MODIS,42,6.2,305.2,81.8,D,0
-20.5613,140.6902,347.6,4.5,2,2014-10-30,0010,Terra,MODIS,90,6.2,318.3,310.5,D,0
-18.253,145.2077,353.3,2.4,1.5,2014-10-30,0010,Terra,MODIS,96,6.2,299.3,210.3,D,0
-18.2662,145.2048,355.1,2.4,1.5,2014-10-30,0010,Terra,MODIS,97,6.2,302.5,228.4,D,0
-18.2621,145.1823,322.8,2.4,1.5,2014-10-30,0010,Terra,MODIS,55,6.2,296.4,39.2,D,0
-18.3008,145.2433,352.2,2.4,1.5,2014-10-30,0010,Terra,MODIS,96,6.2,302.1,189.7,D,0
-18.2795,145.2019,340.6,2.4,1.5,2014-10-30,0010,Terra,MODIS,57,6.2,303.4,111.6,D,0
-18.2784,145.2707,333.8,2.3,1.5,2014-10-30,0010,Terra,MODIS,76,6.2,304,71.8,D,0
-18.2754,145.1794,327.4,2.4,1.5,2014-10-30,0010,Terra,MODIS,42,6.2,298.3,52,D,0
-18.3088,145.2345,348.2,2.4,1.5,2014-10-30,0010,Terra,MODIS,93,6.2,300.6,160.4,D,0
-18.3101,145.2185,348.4,2.4,1.5,2014-10-30,0010,Terra,MODIS,93,6.2,300.7,155.9,D,0
-18.3004,145.19,330.6,2.4,1.5,2014-10-30,0010,Terra,MODIS,68,6.2,302.2,67.5,D,0
-20.5705,140.7326,333.4,4.5,1.9,2014-10-30,0010,Terra,MODIS,60,6.2,318.6,97.4,D,0
-18.3179,145.2095,350.1,2.4,1.5,2014-10-30,0010,Terra,MODIS,82,6.2,300.8,172.6,D,0
-18.2386,145.2778,330.4,2.3,1.5,2014-10-30,0010,Terra,MODIS,71,6.2,301.2,63,D,0
-18.2426,145.2993,322.4,2.3,1.5,2014-10-30,0010,Terra,MODIS,38,6.2,302.7,29,D,0
-18.2691,145.2944,327.7,2.3,1.5,2014-10-30,0010,Terra,MODIS,23,6.2,303,44.2,D,0
-20.2637,145.31,326.2,2.1,1.4,2014-10-30,0010,Terra,MODIS,59,6.2,307.9,32.6,D,0
-20.2764,145.3074,333.9,2.1,1.4,2014-10-30,0010,Terra,MODIS,77,6.2,306.4,60.6,D,0
-18.2739,145.1958,352.8,2.4,1.5,2014-10-30,0010,Terra,MODIS,96,6.2,303.1,202.6,D,0
-19.9429,143.9749,325.8,2.7,1.6,2014-10-30,0010,Terra,MODIS,60,6.2,306.3,48.8,D,0
-18.2871,145.1929,324.4,2.4,1.5,2014-10-30,0010,Terra,MODIS,30,6.2,302.4,44.8,D,0
-20.9842,145.4955,328.8,2,1.4,2014-10-30,0010,Terra,MODIS,53,6.2,310.3,31.2,D,0
-22.0929,145.823,337.4,1.8,1.3,2014-10-30,0011,Terra,MODIS,79,6.2,309.1,56.2,D,0
-22.084,145.8141,366,1.8,1.3,2014-10-30,0011,Terra,MODIS,100,6.2,310.6,212.8,D,0
-22.0897,145.8059,348.7,1.8,1.3,2014-10-30,0011,Terra,MODIS,92,6.2,308.5,106.9,D,0
-24.7385,147.7314,368.7,1.2,1.1,2014-10-30,0011,Terra,MODIS,100,6.2,312.1,133.8,D,0
-26.3831,149.5296,328.7,1,1,2014-10-30,0011,Terra,MODIS,27,6.2,311.9,6.9,D,0
-22.3461,146.3109,343.9,1.6,1.3,2014-10-30,0011,Terra,MODIS,88,6.2,308.4,66.4,D,0
-24.7464,147.7175,348.2,1.2,1.1,2014-10-30,0011,Terra,MODIS,92,6.2,307.9,62.6,D,0
-25.351,149.0109,328.9,1.1,1,2014-10-30,0011,Terra,MODIS,74,6.2,308.9,16.4,D,0
-24.7365,147.7193,339.1,1.2,1.1,2014-10-30,0011,Terra,MODIS,85,6.2,308.4,39.2,D,0
-24.8468,147.7654,325.6,1.2,1.1,2014-10-30,0011,Terra,MODIS,62,6.2,303.5,18.2,D,0
-22.3377,146.3291,390,1.6,1.3,2014-10-30,0011,Terra,MODIS,100,6.2,313.7,370.2,D,0
-24.746,147.7114,324.1,1.2,1.1,2014-10-30,0011,Terra,MODIS,45,6.2,305.4,14.9,D,0
-24.3872,146.2223,347.6,1.5,1.2,2014-10-30,0011,Terra,MODIS,91,6.2,306.8,82.7,D,0
-24.398,146.2199,353.4,1.5,1.2,2014-10-30,0011,Terra,MODIS,95,6.2,305.8,106.9,D,0
-24.3879,146.2152,344.8,1.5,1.2,2014-10-30,0011,Terra,MODIS,89,6.2,308.2,74.1,D,0
-24.3907,146.2306,333.3,1.5,1.2,2014-10-30,0011,Terra,MODIS,75,6.2,304.8,38.9,D,0
-24.3988,146.2129,341.2,1.5,1.2,2014-10-30,0011,Terra,MODIS,85,6.2,305.2,62.7,D,0
-24.4015,146.2282,327.2,1.5,1.2,2014-10-30,0011,Terra,MODIS,57,6.2,304.1,25.1,D,0
-24.7327,147.7575,365,1.2,1.1,2014-10-30,0011,Terra,MODIS,100,6.2,310.2,120.6,D,0
-24.7287,147.7334,340.4,1.2,1.1,2014-10-30,0011,Terra,MODIS,86,6.2,309.8,42.4,D,0
-22.332,146.3624,331.2,1.6,1.3,2014-10-30,0011,Terra,MODIS,70,6.2,312,26.3,D,0
-24.7307,147.7455,352.8,1.2,1.1,2014-10-30,0011,Terra,MODIS,95,6.2,311.6,76.1,D,0
-22.3349,146.3132,372.2,1.6,1.3,2014-10-30,0011,Terra,MODIS,100,6.2,312.1,217.4,D,0
-22.3264,146.3313,332.6,1.6,1.3,2014-10-30,0011,Terra,MODIS,73,6.2,310.8,28,D,0
-22.3293,146.3469,331.2,1.6,1.3,2014-10-30,0011,Terra,MODIS,70,6.2,311.5,25.5,D,0
-24.7267,147.7212,330.8,1.2,1.1,2014-10-30,0011,Terra,MODIS,75,6.2,307.7,23.2,D,0
-24.76,147.7333,323.9,1.2,1.1,2014-10-30,0011,Terra,MODIS,51,6.2,301.4,16.4,D,0
-24.7405,147.7431,398.6,1.2,1.1,2014-10-30,0011,Terra,MODIS,100,6.2,312.8,313.1,D,0
-24.7598,148.2793,321,1.2,1.1,2014-10-30,0011,Terra,MODIS,32,6.2,305.1,7,D,0
-24.7501,147.735,326.5,1.2,1.1,2014-10-30,0011,Terra,MODIS,43,6.2,303.4,18.8,D,0
-24.7425,147.7552,361.6,1.2,1.1,2014-10-30,0011,Terra,MODIS,100,6.2,306.4,107.5,D,0
-24.7481,147.7234,351.7,1.2,1.1,2014-10-30,0011,Terra,MODIS,95,6.2,309.1,75.3,D,0
-24.7484,147.7292,350,1.2,1.1,2014-10-30,0011,Terra,MODIS,94,6.2,307.2,67.9,D,0
-25.5708,150.8643,335.7,1,1,2014-10-30,0011,Terra,MODIS,83,6.2,306.3,21,D,0
-25.5694,150.8544,355,1,1,2014-10-30,0011,Terra,MODIS,97,6.2,308,57.8,D,0
-22.349,146.3268,354.7,1.6,1.3,2014-10-30,0011,Terra,MODIS,96,6.2,308.4,111.9,D,0
-24.6464,147.8536,330.7,1.2,1.1,2014-10-30,0011,Terra,MODIS,66,6.2,309.7,19.6,D,0
-25.5784,150.8528,327.1,1,1,2014-10-30,0011,Terra,MODIS,58,6.2,306,9.2,D,0
-24.6365,147.8555,340.2,1.2,1.1,2014-10-30,0011,Terra,MODIS,86,6.2,312.3,39.2,D,0
-23.3969,146.0479,336.5,1.6,1.3,2014-10-30,0011,Terra,MODIS,80,6.2,310.4,41.9,D,0
-24.2201,150.5098,335.1,1,1,2014-10-30,0011,Terra,MODIS,84,6.2,308.4,20.2,D,0
-23.5609,145.8672,328.9,1.7,1.3,2014-10-30,0011,Terra,MODIS,61,6.2,310.6,20,D,0
-23.7141,146.0109,339.5,1.6,1.3,2014-10-30,0011,Terra,MODIS,83,6.2,310.8,49.8,D,0
-23.7127,146.0052,337,1.6,1.3,2014-10-30,0011,Terra,MODIS,78,6.2,310.9,44,D,0
-24.7579,147.7214,360.4,1.2,1.1,2014-10-30,0011,Terra,MODIS,100,6.2,303.5,104.8,D,0
-24.6445,147.8422,328.8,1.2,1.1,2014-10-30,0011,Terra,MODIS,56,6.2,306,16.2,D,0
-23.4081,146.0455,333.6,1.6,1.3,2014-10-30,0011,Terra,MODIS,75,6.2,308.8,34.5,D,0
-24.7097,147.9216,320.8,1.2,1.1,2014-10-30,0011,Terra,MODIS,35,6.2,304.3,11.4,D,0
-24.8466,147.7588,330.3,1.2,1.1,2014-10-30,0011,Terra,MODIS,73,6.2,303.9,24.4,D,0
-24.4111,146.7945,338.6,1.4,1.2,2014-10-30,0011,Terra,MODIS,73,6.2,310.8,37.7,D,0
-24.4272,146.7625,333.5,1.4,1.2,2014-10-30,0011,Terra,MODIS,76,6.2,308.6,28.8,D,0
-24.4296,146.7762,328.7,1.4,1.2,2014-10-30,0011,Terra,MODIS,17,6.2,307.8,17.6,D,0
-24.6346,147.844,327,1.2,1.1,2014-10-30,0011,Terra,MODIS,56,6.2,309.4,14.2,D,0
-22.7375,148.4714,325.2,1.2,1.1,2014-10-30,0011,Terra,MODIS,58,6.2,305.5,13.3,D,0
-29.5282,152.3553,316.9,1.1,1.1,2014-10-30,0012,Terra,MODIS,25,6.2,295.2,13.5,D,0
-28.6221,152.3508,325.3,1.1,1.1,2014-10-30,0012,Terra,MODIS,49,6.2,299.7,17.8,D,0
-29.5384,152.2808,393,1.1,1.1,2014-10-30,0012,Terra,MODIS,100,6.2,309.8,252.9,D,0
-28.5367,152.324,333.5,1.1,1.1,2014-10-30,0012,Terra,MODIS,67,6.2,303.9,29.3,D,0
-29.5288,152.2823,345.4,1.1,1.1,2014-10-30,0012,Terra,MODIS,92,6.2,303,57.2,D,0
-29.5368,152.2689,318.5,1.1,1.1,2014-10-30,0012,Terra,MODIS,31,6.2,300,13.9,D,0
-28.8267,151.9612,328.5,1.1,1,2014-10-30,0012,Terra,MODIS,73,6.2,302,21.4,D,0
-29.5303,152.2942,366.1,1.1,1.1,2014-10-30,0012,Terra,MODIS,100,6.2,303.9,117.5,D,0
-29.5318,152.3061,341.3,1.1,1.1,2014-10-30,0012,Terra,MODIS,89,6.2,298.8,47.8,D,0
-29.5348,152.3299,328.7,1.1,1.1,2014-10-30,0012,Terra,MODIS,42,6.2,298.3,24.9,D,0
-28.8064,151.9527,330,1.1,1,2014-10-30,0012,Terra,MODIS,65,6.2,302.6,21,D,0
-28.7984,151.9653,339,1.1,1,2014-10-30,0012,Terra,MODIS,70,6.2,303.1,34.4,D,0
-26.5303,147.3372,336.5,1.2,1.1,2014-10-30,0012,Terra,MODIS,74,6.2,317.7,20.5,D,0
-26.5323,147.3493,340.6,1.2,1.1,2014-10-30,0012,Terra,MODIS,81,6.2,317.8,29.3,D,0
-26.5324,147.3433,342.6,1.2,1.1,2014-10-30,0012,Terra,MODIS,84,6.2,318.3,33.5,D,0
-29.5465,152.2674,329.3,1.1,1.1,2014-10-30,0012,Terra,MODIS,77,6.2,298.4,28.8,D,0
-29.5399,152.2928,394.5,1.1,1.1,2014-10-30,0012,Terra,MODIS,100,6.2,304.6,260.9,D,0
-28.6664,148.2141,337.1,1.1,1,2014-10-30,0012,Terra,MODIS,65,6.2,319.5,16.8,D,0
-29.2983,152.8719,335.7,1.2,1.1,2014-10-30,0012,Terra,MODIS,85,6.2,297.3,39.7,D,0
-29.2968,152.8593,315.7,1.2,1.1,2014-10-30,0012,Terra,MODIS,27,6.2,299.1,9.6,D,0
-29.2884,152.8733,388.7,1.2,1.1,2014-10-30,0012,Terra,MODIS,100,6.2,306.7,243,D,0
-29.2771,152.8689,342.4,1.2,1.1,2014-10-30,0012,Terra,MODIS,90,6.2,302.8,53.2,D,0
-29.2787,152.8814,351,1.2,1.1,2014-10-30,0012,Terra,MODIS,95,6.2,303.6,75.8,D,0
-29.2801,152.8875,329.5,1.2,1.1,2014-10-30,0012,Terra,MODIS,77,6.2,302.5,26.5,D,0
-29.2786,152.8749,349.2,1.2,1.1,2014-10-30,0012,Terra,MODIS,94,6.2,303.7,69.7,D,0
-29.2803,152.8939,315.6,1.2,1.1,2014-10-30,0012,Terra,MODIS,18,6.2,301.1,8.8,D,0
-29.29,152.8859,349.3,1.2,1.1,2014-10-30,0012,Terra,MODIS,94,6.2,302.1,70.1,D,0
-27.3233,152.1575,351.8,1.1,1,2014-10-30,0012,Terra,MODIS,95,6.2,303.6,61.1,D,0
-27.3219,152.1467,340.9,1.1,1,2014-10-30,0012,Terra,MODIS,83,6.2,302.5,37.7,D,0
-27.3205,152.9845,323.5,1.2,1.1,2014-10-30,0012,Terra,MODIS,52,6.2,305.3,8.5,D,0
-29.5793,152.2696,318,1.1,1.1,2014-10-30,0012,Terra,MODIS,26,6.2,295.8,12.5,D,0
-29.589,152.2687,325.3,1.1,1.1,2014-10-30,0012,Terra,MODIS,52,6.2,297.5,20.8,D,0
-28.8273,151.8931,324.1,1.1,1,2014-10-30,0012,Terra,MODIS,51,6.2,304.3,12.7,D,0
-28.8179,151.8945,330.4,1.1,1,2014-10-30,0012,Terra,MODIS,73,6.2,304,20,D,0
-28.8049,151.9415,324.8,1.1,1,2014-10-30,0012,Terra,MODIS,47,6.2,305.7,13.6,D,0
-28.8143,151.9402,336.2,1.1,1,2014-10-30,0012,Terra,MODIS,81,6.2,302,30.9,D,0
-26.1613,146.4446,334.8,1.4,1.2,2014-10-30,0012,Terra,MODIS,73,6.2,316.6,22,D,0
-28.6052,152.2955,320.2,1.1,1.1,2014-10-30,0012,Terra,MODIS,38,6.2,304.4,9.5,D,0
-28.6302,152.3383,318.8,1.1,1.1,2014-10-30,0012,Terra,MODIS,29,6.2,299,10.8,D,0
-26.1637,146.4583,334.6,1.4,1.2,2014-10-30,0012,Terra,MODIS,72,6.2,315.7,22.1,D,0
-28.6066,152.3067,323.9,1.1,1.1,2014-10-30,0012,Terra,MODIS,62,6.2,303.6,13.7,D,0
-28.6081,152.3183,332.8,1.1,1.1,2014-10-30,0012,Terra,MODIS,80,6.2,302.2,26.3,D,0
-28.7873,149.3421,338.7,1,1,2014-10-30,0012,Terra,MODIS,78,6.2,318.5,18,D,0
-28.9843,149.1261,333.3,1,1,2014-10-30,0012,Terra,MODIS,65,6.2,320.4,8.5,D,0
-28.7857,149.3318,335.3,1,1,2014-10-30,0012,Terra,MODIS,71,6.2,317.3,12.5,D,0
-31.0624,152.1106,332.6,1.2,1.1,2014-10-30,0013,Terra,MODIS,82,6.2,300.5,31,D,0
-31.064,152.1235,330.7,1.2,1.1,2014-10-30,0013,Terra,MODIS,80,6.2,300.9,29.5,D,0
-33.7955,150.8796,317.9,1.1,1,2014-10-30,0013,Terra,MODIS,40,6.2,303.1,6.5,D,0
-31.0049,152.0665,319.1,1.2,1.1,2014-10-30,0013,Terra,MODIS,45,6.2,303.4,11.8,D,0
-31.0621,152.6846,327.4,1.2,1.1,2014-10-30,0013,Terra,MODIS,63,6.2,303,23.2,D,0
-31.6509,151.6998,335.7,1.1,1.1,2014-10-30,0013,Terra,MODIS,84,6.2,308.8,30.9,D,0
-31.6573,151.6733,335.6,1.1,1.1,2014-10-30,0013,Terra,MODIS,73,6.2,304,31.2,D,0
-31.6796,151.6947,326.2,1.1,1.1,2014-10-30,0013,Terra,MODIS,74,6.2,302.2,18.7,D,0
-31.6812,151.7071,318,1.1,1.1,2014-10-30,0013,Terra,MODIS,26,6.2,302.7,8.7,D,0
-31.7653,151.6492,338.2,1.1,1.1,2014-10-30,0013,Terra,MODIS,86,6.2,308.4,32.8,D,0
-31.7745,151.6163,322.3,1.1,1.1,2014-10-30,0013,Terra,MODIS,47,6.2,302.8,14.3,D,0
-35.8803,141.1834,321.2,1.8,1.3,2014-10-30,0014,Terra,MODIS,66,6.2,305,23.5,D,0
-36.7331,144.2871,319.7,1.2,1.1,2014-10-30,0014,Terra,MODIS,65,6.2,303.6,9.1,D,0
-12.4164,131.7926,331.4,1.2,1.1,2014-10-30,0146,Terra,MODIS,49,6.2,309,13.7,D,0
-12.4149,131.7816,330.2,1.2,1.1,2014-10-30,0146,Terra,MODIS,42,6.2,308,12.9,D,0
-13.0312,133.1691,327.6,1.5,1.2,2014-10-30,0146,Terra,MODIS,49,6.2,308,18.3,D,0
-13.0468,132.9277,329.8,1.4,1.2,2014-10-30,0146,Terra,MODIS,61,6.2,307.7,20.4,D,0
-13.0441,133.1608,329.9,1.5,1.2,2014-10-30,0146,Terra,MODIS,55,6.2,307,23.7,D,0
-13.0202,133.17,332.7,1.5,1.2,2014-10-30,0146,Terra,MODIS,71,6.2,308.3,28.8,D,0
-13.0421,133.1676,332.6,1.5,1.2,2014-10-30,0146,Terra,MODIS,71,6.2,307.1,30,D,0
-12.8437,132.5367,332.7,1.4,1.2,2014-10-30,0146,Terra,MODIS,72,6.2,310.6,20.6,D,0
-11.6696,132.9031,329.4,1.4,1.2,2014-10-30,0146,Terra,MODIS,56,6.2,310.8,14.1,D,0
-13.0253,132.9296,327.6,1.4,1.2,2014-10-30,0146,Terra,MODIS,30,6.2,306.3,14.1,D,0
-12.6034,136.1678,330.9,2.5,1.5,2014-10-30,0146,Terra,MODIS,64,6.2,306.5,53.7,D,0
-12.5364,136.1353,328.3,2.5,1.5,2014-10-30,0146,Terra,MODIS,33,6.2,306.8,41.3,D,0
-12.5038,136.0935,328.6,2.5,1.5,2014-10-30,0146,Terra,MODIS,56,6.2,305.9,48.6,D,0
-12.7143,136.3909,326.2,2.6,1.6,2014-10-30,0146,Terra,MODIS,17,6.2,307.6,37.1,D,0
-12.5528,136.1564,352.7,2.5,1.5,2014-10-30,0146,Terra,MODIS,95,6.2,307,198.6,D,0
-12.7032,136.1256,327.4,2.5,1.5,2014-10-30,0146,Terra,MODIS,33,6.2,306.3,39.7,D,0
-12.7141,136.101,326.2,2.5,1.5,2014-10-30,0146,Terra,MODIS,31,6.2,305,30.1,D,0
-12.7005,136.1028,334.6,2.5,1.5,2014-10-30,0146,Terra,MODIS,78,6.2,307.4,70.4,D,0
-12.8176,134.3254,326.3,1.8,1.3,2014-10-30,0146,Terra,MODIS,56,6.2,307.8,21.6,D,0
-12.3442,131.1945,332.2,1.1,1.1,2014-10-30,0146,Terra,MODIS,72,6.2,310.2,14.2,D,0
-12.982,135.0943,339.7,2.1,1.4,2014-10-30,0146,Terra,MODIS,84,6.2,310.7,66.2,D,0
-12.7473,136.3802,324.9,2.6,1.6,2014-10-30,0146,Terra,MODIS,24,6.2,305.9,34.2,D,0
-12.4253,133.3289,326.2,1.5,1.2,2014-10-30,0146,Terra,MODIS,41,6.2,306.3,19.6,D,0
-12.8645,133.0169,332.8,1.5,1.2,2014-10-30,0146,Terra,MODIS,72,6.2,307.4,26.1,D,0
-12.8538,133.0184,341.3,1.5,1.2,2014-10-30,0146,Terra,MODIS,85,6.2,306.8,47.9,D,0
-12.8471,132.9668,330,1.4,1.2,2014-10-30,0146,Terra,MODIS,60,6.2,310.1,17.8,D,0
-12.4746,136.6594,332.7,2.7,1.6,2014-10-30,0146,Terra,MODIS,73,6.2,304.6,81.6,D,0
-12.1749,133.9623,333.2,1.7,1.3,2014-10-30,0146,Terra,MODIS,74,6.2,310.3,25.6,D,0
-12.8118,134.3196,332.6,1.8,1.3,2014-10-30,0146,Terra,MODIS,74,6.2,307.8,40.3,D,0
-12.3347,131.1959,332.5,1.1,1.1,2014-10-30,0146,Terra,MODIS,71,6.2,309,14.2,D,0
-12.4214,133.3209,334.7,1.5,1.2,2014-10-30,0146,Terra,MODIS,77,6.2,305.3,41.6,D,0
-12.8097,134.303,332.3,1.8,1.3,2014-10-30,0146,Terra,MODIS,74,6.2,307.8,38.9,D,0
-12.4235,133.3147,330,1.5,1.2,2014-10-30,0146,Terra,MODIS,68,6.2,304.9,29.5,D,0
-12.5786,132.2403,334,1.3,1.1,2014-10-30,0146,Terra,MODIS,55,6.2,310.6,21.1,D,0
-12.8154,134.3088,338.3,1.8,1.3,2014-10-30,0146,Terra,MODIS,83,6.2,307.3,60.1,D,0
-12.4529,136.682,326.3,2.7,1.6,2014-10-30,0146,Terra,MODIS,27,6.2,304.9,42.2,D,0
-12.9796,135.0753,346.9,2.1,1.4,2014-10-30,0146,Terra,MODIS,91,6.2,312.6,103.2,D,0
-12.4784,136.6535,326.1,2.7,1.6,2014-10-30,0146,Terra,MODIS,41,6.2,304.5,49.2,D,0
-12.8333,136.1041,330.3,2.5,1.5,2014-10-30,0146,Terra,MODIS,68,6.2,308.4,53.3,D,0
-11.6679,132.8905,331.6,1.4,1.2,2014-10-30,0146,Terra,MODIS,72,6.2,310.8,18.1,D,0
-12.1997,133.9746,333.5,1.7,1.3,2014-10-30,0146,Terra,MODIS,75,6.2,312.4,27.8,D,0
-12.306,131.1641,331.6,1.1,1.1,2014-10-30,0146,Terra,MODIS,48,6.2,309.6,12.9,D,0
-12.7242,134.3103,337.7,1.8,1.3,2014-10-30,0146,Terra,MODIS,82,6.2,310.5,47.7,D,0
-12.7188,134.3052,330.8,1.8,1.3,2014-10-30,0146,Terra,MODIS,70,6.2,311,24,D,0
-12.967,135.0768,330.7,2.1,1.4,2014-10-30,0146,Terra,MODIS,37,6.2,310.1,27.6,D,0
-15.9393,133.9407,348.9,1.9,1.3,2014-10-30,0147,Terra,MODIS,92,6.2,315.7,91.2,D,0
-16.0052,133.5745,343.5,1.8,1.3,2014-10-30,0147,Terra,MODIS,86,6.2,315,64,D,0
-16.0032,133.558,341.5,1.8,1.3,2014-10-30,0147,Terra,MODIS,82,6.2,315.1,57,D,0
-15.9964,133.5654,333.3,1.8,1.3,2014-10-30,0147,Terra,MODIS,69,6.2,314.6,30.6,D,0
-13.4169,133.9241,338,1.7,1.3,2014-10-30,0147,Terra,MODIS,78,6.2,312.4,43.4,D,0
-15.8083,125.8106,350.6,1.2,1.1,2014-10-30,0147,Terra,MODIS,89,6.2,316.4,46.2,D,0
-15.81,125.8212,355.8,1.2,1.1,2014-10-30,0147,Terra,MODIS,96,6.2,318.3,59.1,D,0
-15.8179,125.809,337.2,1.2,1.1,2014-10-30,0147,Terra,MODIS,44,6.2,316.4,15.6,D,0
-15.164,134.5171,329.2,2,1.4,2014-10-30,0147,Terra,MODIS,35,6.2,311.7,21.7,D,0
-13.423,133.9014,334.9,1.7,1.3,2014-10-30,0147,Terra,MODIS,44,6.2,312.5,31.5,D,0
-13.419,133.9399,335.8,1.7,1.3,2014-10-30,0147,Terra,MODIS,65,6.2,312,35.4,D,0
-15.7767,133.9026,349.9,1.9,1.3,2014-10-30,0147,Terra,MODIS,92,6.2,314.3,97.4,D,0
-16.0102,133.5804,337.7,1.8,1.3,2014-10-30,0147,Terra,MODIS,66,6.2,313.7,40.4,D,0
-13.425,133.9173,338.6,1.7,1.3,2014-10-30,0147,Terra,MODIS,64,6.2,313.9,41,D,0
-15.7775,133.7578,337.4,1.8,1.3,2014-10-30,0147,Terra,MODIS,76,6.2,315.7,32.5,D,0
-13.427,133.9331,338,1.7,1.3,2014-10-30,0147,Terra,MODIS,64,6.2,315,39.2,D,0
-15.7795,133.7746,333.9,1.8,1.3,2014-10-30,0147,Terra,MODIS,55,6.2,314.2,19.8,D,0
-13.429,133.9491,334.3,1.7,1.3,2014-10-30,0147,Terra,MODIS,50,6.2,314.6,26.6,D,0
-15.7715,133.7643,332.5,1.8,1.3,2014-10-30,0147,Terra,MODIS,22,6.2,314.5,13.2,D,0
-13.4326,133.8841,339.6,1.7,1.3,2014-10-30,0147,Terra,MODIS,83,6.2,312.4,51.5,D,0
-16.024,133.5954,342.3,1.8,1.3,2014-10-30,0147,Terra,MODIS,85,6.2,312.2,55.7,D,0
-15.9984,133.5819,337.5,1.8,1.3,2014-10-30,0147,Terra,MODIS,78,6.2,314.9,43.8,D,0
-15.1304,134.4703,333.8,2,1.4,2014-10-30,0147,Terra,MODIS,46,6.2,313.4,33.3,D,0
-15.1618,134.4985,333.3,2,1.4,2014-10-30,0147,Terra,MODIS,49,6.2,313.9,34,D,0
-16.015,133.5565,357.2,1.8,1.3,2014-10-30,0147,Terra,MODIS,98,6.2,314.3,138.8,D,0
-16.022,133.5789,347.9,1.8,1.3,2014-10-30,0147,Terra,MODIS,90,6.2,311.6,82.3,D,0
-13.431,133.9652,332.8,1.7,1.3,2014-10-30,0147,Terra,MODIS,46,6.2,313.2,21.1,D,0
-15.7987,125.8121,350.3,1.2,1.1,2014-10-30,0147,Terra,MODIS,92,6.2,315.9,47.3,D,0
-13.4988,133.9406,364.6,1.7,1.3,2014-10-30,0147,Terra,MODIS,100,6.2,313.8,177.7,D,0
-13.5009,133.9566,340.5,1.7,1.3,2014-10-30,0147,Terra,MODIS,73,6.2,312.6,48.9,D,0
-15.7647,133.9041,352.5,1.9,1.3,2014-10-30,0147,Terra,MODIS,94,6.2,315.5,109.8,D,0
-13.3286,134.2236,345.8,1.8,1.3,2014-10-30,0147,Terra,MODIS,89,6.2,312.4,80.2,D,0
-15.8036,133.8754,332.7,1.9,1.3,2014-10-30,0147,Terra,MODIS,50,6.2,312.3,27,D,0
-15.7745,133.885,341.4,1.9,1.3,2014-10-30,0147,Terra,MODIS,81,6.2,312.5,53.6,D,0
-15.6538,133.9418,339,1.9,1.3,2014-10-30,0147,Terra,MODIS,81,6.2,313.2,52.1,D,0
-15.7888,133.901,331.2,1.9,1.3,2014-10-30,0147,Terra,MODIS,48,6.2,311.9,23.9,D,0
-15.5994,133.7924,331.2,1.8,1.3,2014-10-30,0147,Terra,MODIS,39,6.2,314.7,19,D,0
-15.7626,133.8867,384.2,1.9,1.3,2014-10-30,0147,Terra,MODIS,100,6.2,315.5,362.3,D,0
-13.3619,134.1456,329.6,1.8,1.3,2014-10-30,0147,Terra,MODIS,57,6.2,312.3,17.4,D,0
-14.3773,132.6841,331.5,1.5,1.2,2014-10-30,0147,Terra,MODIS,59,6.2,312.7,17.3,D,0
-15.6559,133.9594,328.7,1.9,1.3,2014-10-30,0147,Terra,MODIS,37,6.2,312.3,17.9,D,0
-15.383,134.0653,329.9,1.9,1.3,2014-10-30,0147,Terra,MODIS,44,6.2,311.2,21.9,D,0
-15.3809,134.0478,337.6,1.9,1.3,2014-10-30,0147,Terra,MODIS,70,6.2,312.4,44.5,D,0
-13.3307,134.2403,340.9,1.8,1.3,2014-10-30,0147,Terra,MODIS,84,6.2,313.4,58.9,D,0
-15.913,133.926,334.8,1.9,1.3,2014-10-30,0147,Terra,MODIS,22,6.2,315.3,31.9,D,0
-15.7697,133.8977,361.3,1.9,1.3,2014-10-30,0147,Terra,MODIS,100,6.2,315.4,165.7,D,0
-15.7817,133.8961,349.7,1.9,1.3,2014-10-30,0147,Terra,MODIS,92,6.2,313.7,100.7,D,0
-14.3619,132.5646,336.5,1.4,1.2,2014-10-30,0147,Terra,MODIS,74,6.2,314.4,27.7,D,0
-14.3602,132.5515,338.2,1.4,1.2,2014-10-30,0147,Terra,MODIS,78,6.2,314.3,32.9,D,0
-14.3708,132.5501,337,1.4,1.2,2014-10-30,0147,Terra,MODIS,75,6.2,313.8,29,D,0
-16.0307,133.588,335.7,1.8,1.3,2014-10-30,0147,Terra,MODIS,64,6.2,310.7,39.8,D,0
-16.0189,133.5895,341,1.8,1.3,2014-10-30,0147,Terra,MODIS,83,6.2,313,56.9,D,0
-16.0169,133.573,354.2,1.8,1.3,2014-10-30,0147,Terra,MODIS,96,6.2,313.3,120.6,D,0
-16.0081,133.564,354.6,1.8,1.3,2014-10-30,0147,Terra,MODIS,96,6.2,316.1,119.2,D,0
-15.4646,133.788,332.4,1.8,1.3,2014-10-30,0147,Terra,MODIS,33,6.2,314.3,20.7,D,0
-13.5104,133.9392,353.7,1.7,1.3,2014-10-30,0147,Terra,MODIS,95,6.2,307.9,119.1,D,0
-15.8157,133.8739,330,1.9,1.3,2014-10-30,0147,Terra,MODIS,40,6.2,311.8,20,D,0
-15.4348,133.7408,343.3,1.8,1.3,2014-10-30,0147,Terra,MODIS,86,6.2,311.6,61.6,D,0
-15.8012,133.7548,332.5,1.8,1.3,2014-10-30,0147,Terra,MODIS,50,6.2,313.5,15.8,D,0
-13.4934,133.9902,359,1.8,1.3,2014-10-30,0147,Terra,MODIS,99,6.2,313.8,136.1,D,0
-13.5146,133.9713,333.3,1.7,1.3,2014-10-30,0147,Terra,MODIS,42,6.2,308,31.3,D,0
-13.5084,133.9491,377.4,1.7,1.3,2014-10-30,0147,Terra,MODIS,100,6.2,312.6,283.5,D,0
-15.7894,133.7563,339.1,1.8,1.3,2014-10-30,0147,Terra,MODIS,81,6.2,314.1,39.3,D,0
-16.0005,133.5984,342.9,1.8,1.3,2014-10-30,0147,Terra,MODIS,85,6.2,313.9,63.3,D,0
-13.5064,133.9331,341.6,1.7,1.3,2014-10-30,0147,Terra,MODIS,85,6.2,307.9,67.6,D,0
-15.7797,133.8785,334.5,1.9,1.3,2014-10-30,0147,Terra,MODIS,52,6.2,312.7,30.6,D,0
-13.4948,133.9344,347.3,1.7,1.3,2014-10-30,0147,Terra,MODIS,88,6.2,312.5,86.1,D,0
-13.5125,133.9552,365.1,1.7,1.3,2014-10-30,0147,Terra,MODIS,100,6.2,309.7,185.3,D,0
-15.3343,134.3144,332.5,2,1.4,2014-10-30,0147,Terra,MODIS,50,6.2,312.9,28.5,D,0
-15.3198,134.2971,337.2,2,1.4,2014-10-30,0147,Terra,MODIS,71,6.2,314.9,44.8,D,0
-13.3188,134.2417,335.5,1.8,1.3,2014-10-30,0147,Terra,MODIS,76,6.2,314.1,38.8,D,0
-16.0699,135.5163,330.9,2.5,1.5,2014-10-30,0147,Terra,MODIS,65,6.2,311.1,33.9,D,0
-13.4913,133.974,334.8,1.7,1.3,2014-10-30,0147,Terra,MODIS,76,6.2,312.9,26.9,D,0
-13.4741,134.0254,331.5,1.8,1.3,2014-10-30,0147,Terra,MODIS,50,6.2,311.7,19.9,D,0
-16.0199,133.5625,359.6,1.8,1.3,2014-10-30,0147,Terra,MODIS,99,6.2,311.2,148.9,D,0
-15.423,133.7424,346.2,1.8,1.3,2014-10-30,0147,Terra,MODIS,89,6.2,314.9,73,D,0
-13.5093,135.7916,330.6,2.4,1.5,2014-10-30,0147,Terra,MODIS,51,6.2,305.3,55,D,0
-13.4984,135.8153,330.8,2.4,1.5,2014-10-30,0147,Terra,MODIS,51,6.2,304.8,52.1,D,0
-13.5026,133.9989,346.5,1.8,1.3,2014-10-30,0147,Terra,MODIS,90,6.2,310.3,80.2,D,0
-13.5103,133.9652,344.2,1.7,1.3,2014-10-30,0147,Terra,MODIS,87,6.2,308.8,74.9,D,0
-15.425,133.7589,334.3,1.8,1.3,2014-10-30,0147,Terra,MODIS,51,6.2,312.7,27.3,D,0
-15.7677,133.8801,359.5,1.9,1.3,2014-10-30,0147,Terra,MODIS,99,6.2,312.7,149.7,D,0
-15.7866,133.8835,333.4,1.9,1.3,2014-10-30,0147,Terra,MODIS,47,6.2,310.9,28,D,0
-13.505,133.9888,338.4,1.8,1.3,2014-10-30,0147,Terra,MODIS,78,6.2,308.4,41.1,D,0
-13.5029,133.9726,333.1,1.7,1.3,2014-10-30,0147,Terra,MODIS,57,6.2,309.3,22.4,D,0
-13.5006,133.9827,351.9,1.8,1.3,2014-10-30,0147,Terra,MODIS,94,6.2,310.2,105.3,D,0
-15.6128,133.9527,340.6,1.9,1.3,2014-10-30,0147,Terra,MODIS,79,6.2,312.5,54.4,D,0
-15.5912,133.7822,332.1,1.8,1.3,2014-10-30,0147,Terra,MODIS,48,6.2,314.5,22.3,D,0
-13.4307,133.8684,328.7,1.7,1.3,2014-10-30,0147,Terra,MODIS,33,6.2,311,18.5,D,0
-13.3167,134.2251,334.4,1.8,1.3,2014-10-30,0147,Terra,MODIS,73,6.2,312.3,34.9,D,0
-14.0487,135.5132,364.2,2.3,1.5,2014-10-30,0147,Terra,MODIS,100,6.2,307.5,281.3,D,0
-14.038,135.5363,336.8,2.3,1.5,2014-10-30,0147,Terra,MODIS,75,6.2,308.2,73.8,D,0
-14.047,135.5284,356.4,2.3,1.5,2014-10-30,0147,Terra,MODIS,97,6.2,309.2,211.9,D,0
-14.0513,135.5347,343.3,2.3,1.5,2014-10-30,0147,Terra,MODIS,87,6.2,306.7,115.6,D,0
-14.0445,135.5068,352.7,2.3,1.5,2014-10-30,0147,Terra,MODIS,95,6.2,307.4,177.9,D,0
-14.0354,135.5148,337.8,2.3,1.5,2014-10-30,0147,Terra,MODIS,69,6.2,309.8,75.6,D,0
-15.138,126.6052,364.1,1.1,1,2014-10-30,0147,Terra,MODIS,100,6.2,311.1,83.9,D,0
-14.9473,126.5043,342.5,1.1,1,2014-10-30,0147,Terra,MODIS,81,6.2,313.2,28.3,D,0
-14.1952,127.2922,340.8,1,1,2014-10-30,0147,Terra,MODIS,82,6.2,310.5,24.1,D,0
-13.5961,130.0922,328.7,1,1,2014-10-30,0147,Terra,MODIS,65,6.2,304.4,13.6,D,0
-15.1048,126.6166,348.3,1.1,1,2014-10-30,0147,Terra,MODIS,90,6.2,316.5,39.8,D,0
-15.1033,126.6066,340.4,1.1,1,2014-10-30,0147,Terra,MODIS,81,6.2,316.2,23.1,D,0
-15.1358,126.632,359.8,1.1,1,2014-10-30,0147,Terra,MODIS,99,6.2,315.3,71.1,D,0
-15.1017,126.5966,344.2,1.1,1,2014-10-30,0147,Terra,MODIS,86,6.2,313.5,31.7,D,0
-15.094,126.6081,336.4,1.1,1,2014-10-30,0147,Terra,MODIS,74,6.2,315.2,16.7,D,0
-15.4303,126.1523,343.5,1.1,1.1,2014-10-30,0147,Terra,MODIS,81,6.2,317.1,27.7,D,0
-15.424,126.1746,355.8,1.1,1.1,2014-10-30,0147,Terra,MODIS,96,6.2,318.3,53.4,D,0
-15.4162,126.1865,347.9,1.1,1.1,2014-10-30,0147,Terra,MODIS,83,6.2,318.2,33.6,D,0
-15.4224,126.1643,352.7,1.1,1.1,2014-10-30,0147,Terra,MODIS,86,6.2,316,47.9,D,0
-15.155,126.5307,333.7,1.1,1,2014-10-30,0147,Terra,MODIS,65,6.2,313.3,12.2,D,0
-15.1519,126.5723,395.4,1.1,1,2014-10-30,0147,Terra,MODIS,100,6.2,318.9,226.6,D,0
-15.1204,126.5319,336.6,1.1,1,2014-10-30,0147,Terra,MODIS,75,6.2,312.5,16.5,D,0
-15.4146,126.1762,347.9,1.1,1.1,2014-10-30,0147,Terra,MODIS,71,6.2,314.7,36.3,D,0
-15.0799,126.5795,344.1,1.1,1,2014-10-30,0147,Terra,MODIS,82,6.2,314.6,31.5,D,0
-15.0815,126.5895,334.6,1.1,1,2014-10-30,0147,Terra,MODIS,26,6.2,312.3,13.4,D,0
-15.4051,126.1777,341.5,1.1,1.1,2014-10-30,0147,Terra,MODIS,49,6.2,312,26,D,0
-15.1551,126.5921,360.1,1.1,1,2014-10-30,0147,Terra,MODIS,100,6.2,316.9,69.2,D,0
-15.3975,126.2529,348.7,1.1,1.1,2014-10-30,0147,Terra,MODIS,88,6.2,316.7,38.4,D,0
-15.1566,126.5408,337.2,1.1,1,2014-10-30,0147,Terra,MODIS,75,6.2,313.8,16.4,D,0
-15.0924,126.5981,347.2,1.1,1,2014-10-30,0147,Terra,MODIS,89,6.2,314.6,38.1,D,0
-15.1343,126.6221,393.4,1.1,1,2014-10-30,0147,Terra,MODIS,100,6.2,320.2,215.8,D,0
-15.1613,126.5708,336.8,1.1,1,2014-10-30,0147,Terra,MODIS,61,6.2,310.3,12.5,D,0
-15.1644,126.5907,337.8,1.1,1,2014-10-30,0147,Terra,MODIS,64,6.2,313.4,14.8,D,0
-15.1535,126.5822,385.9,1.1,1,2014-10-30,0147,Terra,MODIS,100,6.2,318.6,172.3,D,0
-15.1706,126.5692,337.4,1.1,1,2014-10-30,0147,Terra,MODIS,71,6.2,313.3,13.4,D,0
-15.1768,126.5477,343.5,1.1,1,2014-10-30,0147,Terra,MODIS,85,6.2,314,27.3,D,0
-15.3992,126.2632,340.4,1.1,1.1,2014-10-30,0147,Terra,MODIS,45,6.2,316.9,19.3,D,0
-15.4005,126.2102,340.2,1.1,1.1,2014-10-30,0147,Terra,MODIS,43,6.2,314.7,18.9,D,0
-15.4021,126.2205,343.4,1.1,1.1,2014-10-30,0147,Terra,MODIS,77,6.2,315.9,23.1,D,0
-15.1111,126.5333,389.9,1.1,1,2014-10-30,0147,Terra,MODIS,100,6.2,315.6,199.9,D,0
-15.407,126.2514,350.6,1.1,1.1,2014-10-30,0147,Terra,MODIS,92,6.2,318.4,40.7,D,0
-15.4086,126.2617,338.2,1.1,1.1,2014-10-30,0147,Terra,MODIS,42,6.2,316.5,12.8,D,0
-15.4102,126.2719,346.1,1.1,1.1,2014-10-30,0147,Terra,MODIS,88,6.2,315.6,31.2,D,0
-14.1843,127.343,336.8,1,1,2014-10-30,0147,Terra,MODIS,46,6.2,312.2,12.7,D,0
-15.1328,126.6122,413.3,1.1,1,2014-10-30,0147,Terra,MODIS,100,6.2,320.6,357.6,D,0
-14.1828,127.3335,337,1,1,2014-10-30,0147,Terra,MODIS,50,6.2,310.7,13.7,D,0
-15.1312,126.6021,345,1.1,1,2014-10-30,0147,Terra,MODIS,87,6.2,310.7,31.3,D,0
-15.1017,126.5349,336.8,1.1,1,2014-10-30,0147,Terra,MODIS,57,6.2,311.5,19,D,0
-15.3816,126.2133,341.1,1.1,1.1,2014-10-30,0147,Terra,MODIS,81,6.2,313.8,30.1,D,0
-15.3878,126.1911,336.9,1.1,1.1,2014-10-30,0147,Terra,MODIS,54,6.2,311.8,21.4,D,0
-15.1659,126.5392,395.4,1.1,1,2014-10-30,0147,Terra,MODIS,100,6.2,318.6,230.3,D,0
-15.3927,126.2221,346.4,1.1,1.1,2014-10-30,0147,Terra,MODIS,68,6.2,313,33.5,D,0
-15.125,126.6236,353.8,1.1,1,2014-10-30,0147,Terra,MODIS,95,6.2,315.9,53.6,D,0
-15.3959,126.2427,375.1,1.1,1.1,2014-10-30,0147,Terra,MODIS,100,6.2,317.1,125.4,D,0
-15.1235,126.6136,338.1,1.1,1,2014-10-30,0147,Terra,MODIS,77,6.2,315.2,18.5,D,0
-15.1752,126.5377,378,1.1,1,2014-10-30,0147,Terra,MODIS,100,6.2,313.9,137,D,0
-15.1504,126.5623,353.9,1.1,1,2014-10-30,0147,Terra,MODIS,95,6.2,313.6,50.8,D,0
-15.3865,126.2442,336.9,1.1,1.1,2014-10-30,0147,Terra,MODIS,61,6.2,313.4,17.9,D,0
-15.1126,126.5434,341.5,1.1,1,2014-10-30,0147,Terra,MODIS,79,6.2,314.2,26.6,D,0
-15.1157,126.6251,337.8,1.1,1,2014-10-30,0147,Terra,MODIS,75,6.2,314.8,18.4,D,0
-15.38,126.203,334.4,1.1,1.1,2014-10-30,0147,Terra,MODIS,62,6.2,311.2,18.6,D,0
-15.1643,126.5292,345.2,1.1,1,2014-10-30,0147,Terra,MODIS,87,6.2,312.2,33.6,D,0
-15.1488,126.5523,341.2,1.1,1,2014-10-30,0147,Terra,MODIS,82,6.2,312.3,21.7,D,0
-15.1141,126.6151,343.4,1.1,1,2014-10-30,0147,Terra,MODIS,85,6.2,316.2,28.2,D,0
-15.1412,126.6252,369.5,1.1,1,2014-10-30,0147,Terra,MODIS,100,6.2,315.9,103.7,D,0
-15.1396,126.6152,394.8,1.1,1,2014-10-30,0147,Terra,MODIS,100,6.2,317.6,225.4,D,0
-15.1126,126.6051,337.6,1.1,1,2014-10-30,0147,Terra,MODIS,77,6.2,313.8,17.4,D,0
-14.1938,127.2826,341,1,1,2014-10-30,0147,Terra,MODIS,83,6.2,309.2,25.6,D,0
-13.1931,133.1764,371.9,1.5,1.2,2014-10-30,0147,Terra,MODIS,100,6.2,309.7,194.8,D,0
-14.429,130.9275,336.3,1.1,1.1,2014-10-30,0147,Terra,MODIS,70,6.2,313.3,15.6,D,0
-14.6031,130.8579,340.3,1.1,1.1,2014-10-30,0147,Terra,MODIS,72,6.2,311.4,28.5,D,0
-14.606,130.879,343.7,1.1,1.1,2014-10-30,0147,Terra,MODIS,79,6.2,310.1,33.2,D,0
-14.6103,130.9108,342.4,1.2,1.1,2014-10-30,0147,Terra,MODIS,82,6.2,307.1,32.2,D,0
-14.4512,130.8062,346.5,1.1,1.1,2014-10-30,0147,Terra,MODIS,86,6.2,314.9,38.1,D,0
-14.6359,131.1711,362.3,1.2,1.1,2014-10-30,0147,Terra,MODIS,100,6.2,310.5,92,D,0
-14.6374,131.1821,367,1.2,1.1,2014-10-30,0147,Terra,MODIS,100,6.2,309.7,110.1,D,0
-14.4402,130.797,336,1.1,1.1,2014-10-30,0147,Terra,MODIS,35,6.2,312.6,17.2,D,0
-14.6007,130.9122,336.1,1.2,1.1,2014-10-30,0147,Terra,MODIS,62,6.2,311.3,17.8,D,0
-13.1841,133.1082,333.4,1.5,1.2,2014-10-30,0147,Terra,MODIS,70,6.2,311.2,30.7,D,0
-14.6486,131.1917,332.2,1.2,1.1,2014-10-30,0147,Terra,MODIS,47,6.2,305.4,15.9,D,0
-14.3704,132.6306,330.6,1.4,1.2,2014-10-30,0147,Terra,MODIS,31,6.2,313.6,11.5,D,0
-14.6388,131.193,357.2,1.2,1.1,2014-10-30,0147,Terra,MODIS,98,6.2,306.8,75,D,0
-13.5175,135.746,332.8,2.4,1.5,2014-10-30,0147,Terra,MODIS,68,6.2,305.3,64.8,D,0
-13.6945,132.6499,338.1,1.4,1.2,2014-10-30,0147,Terra,MODIS,78,6.2,315.1,27.1,D,0
-14.5969,130.956,339.5,1.2,1.1,2014-10-30,0147,Terra,MODIS,72,6.2,310.4,27.1,D,0
-14.5985,131.205,340.4,1.2,1.1,2014-10-30,0147,Terra,MODIS,78,6.2,310.5,30.3,D,0
-14.6,131.216,365.6,1.2,1.1,2014-10-30,0147,Terra,MODIS,100,6.2,310.7,106.4,D,0
-13.0659,131.6251,336.7,1.2,1.1,2014-10-30,0147,Terra,MODIS,32,6.2,314.3,14,D,0
-14.3274,130.9267,346.5,1.1,1.1,2014-10-30,0147,Terra,MODIS,90,6.2,311.7,39,D,0
-13.0674,131.6362,338.1,1.2,1.1,2014-10-30,0147,Terra,MODIS,54,6.2,314.1,19.2,D,0
-14.3288,130.9371,336.2,1.1,1.1,2014-10-30,0147,Terra,MODIS,61,6.2,310.9,18.4,D,0
-13.0448,131.6168,337.8,1.2,1.1,2014-10-30,0147,Terra,MODIS,50,6.2,314.4,19.7,D,0
-13.504,135.7477,342.7,2.4,1.5,2014-10-30,0147,Terra,MODIS,81,6.2,309,117.1,D,0
-13.6226,132.5934,332.9,1.4,1.2,2014-10-30,0147,Terra,MODIS,37,6.2,310.7,22.2,D,0
-13.1859,133.1217,333.2,1.5,1.2,2014-10-30,0147,Terra,MODIS,68,6.2,309.8,29.4,D,0
-14.0587,135.3972,354.3,2.3,1.5,2014-10-30,0147,Terra,MODIS,96,6.2,308.6,185.9,D,0
-13.184,133.1918,327,1.5,1.2,2014-10-30,0147,Terra,MODIS,24,6.2,308.9,14.6,D,0
-14.0563,135.3762,355.7,2.3,1.5,2014-10-30,0147,Terra,MODIS,97,6.2,308.6,194.6,D,0
-13.1822,133.1779,333.3,1.5,1.2,2014-10-30,0147,Terra,MODIS,72,6.2,311.4,30.2,D,0
-14.0621,135.4037,336.8,2.3,1.5,2014-10-30,0147,Terra,MODIS,71,6.2,306.8,72.7,D,0
-14.0595,135.3827,368.1,2.3,1.5,2014-10-30,0147,Terra,MODIS,100,6.2,308.6,308.1,D,0
-13.1949,133.1065,328.9,1.5,1.2,2014-10-30,0147,Terra,MODIS,33,6.2,308.1,20.1,D,0
-13.1968,133.1204,331,1.5,1.2,2014-10-30,0147,Terra,MODIS,51,6.2,308.7,24.4,D,0
-14.4862,130.8165,343,1.1,1.1,2014-10-30,0147,Terra,MODIS,85,6.2,310.9,34.4,D,0
-14.4876,130.827,337.2,1.1,1.1,2014-10-30,0147,Terra,MODIS,66,6.2,312.2,22,D,0
-14.4165,130.9076,335,1.1,1.1,2014-10-30,0147,Terra,MODIS,54,6.2,311.2,16.9,D,0
-14.4276,130.9169,334.9,1.1,1.1,2014-10-30,0147,Terra,MODIS,59,6.2,312.9,13.4,D,0
-15.6213,128.3235,356.1,1,1,2014-10-30,0147,Terra,MODIS,97,6.2,313,51.6,D,0
-15.7145,128.3312,334.4,1,1,2014-10-30,0147,Terra,MODIS,52,6.2,313.3,10.8,D,0
-17.7389,124.3164,335,1.3,1.1,2014-10-30,0148,Terra,MODIS,53,6.2,314,17.4,D,0
-15.7433,124.5892,343.2,1.4,1.2,2014-10-30,0148,Terra,MODIS,85,6.2,314.1,39.4,D,0
-15.7412,124.5768,370.6,1.4,1.2,2014-10-30,0148,Terra,MODIS,100,6.2,315.6,145.4,D,0
-18.7546,122.7015,332,1.6,1.2,2014-10-30,0148,Terra,MODIS,46,6.2,312.4,19.3,D,0
-18.777,122.6973,341.5,1.6,1.2,2014-10-30,0148,Terra,MODIS,83,6.2,313.6,45,D,0
-17.3613,130.5173,335.3,1.2,1.1,2014-10-30,0148,Terra,MODIS,54,6.2,319.4,13,D,0
-17.7329,124.3426,341.5,1.3,1.1,2014-10-30,0148,Terra,MODIS,81,6.2,313.6,32.6,D,0
-17.741,124.3286,380.4,1.3,1.1,2014-10-30,0148,Terra,MODIS,100,6.2,318.4,193.2,D,0
-17.743,124.3408,355.2,1.3,1.1,2014-10-30,0148,Terra,MODIS,96,6.2,316.9,73.8,D,0
-17.7512,124.3268,343.4,1.3,1.1,2014-10-30,0148,Terra,MODIS,85,6.2,315.6,35.6,D,0
-17.7308,124.3304,349.5,1.3,1.1,2014-10-30,0148,Terra,MODIS,91,6.2,313.3,55.1,D,0
-17.7532,124.339,339.3,1.3,1.1,2014-10-30,0148,Terra,MODIS,73,6.2,315.2,24.5,D,0
-17.7451,124.3529,335.2,1.3,1.1,2014-10-30,0148,Terra,MODIS,70,6.2,316,17.7,D,0
-15.7515,124.575,335.4,1.4,1.2,2014-10-30,0148,Terra,MODIS,40,6.2,314.7,15.6,D,0
-19.4519,131.8056,338.6,1.5,1.2,2014-10-30,0148,Terra,MODIS,59,6.2,316.6,31.2,D,0
-18.4319,130.6895,341.1,1.2,1.1,2014-10-30,0148,Terra,MODIS,56,6.2,322.7,25.3,D,0
-19.1267,130.5539,411.3,1.2,1.1,2014-10-30,0148,Terra,MODIS,100,6.2,328,407.4,D,0
-19.1252,130.5422,380.9,1.2,1.1,2014-10-30,0148,Terra,MODIS,100,6.2,324.6,172.5,D,0
-18.5303,130.5873,358.8,1.2,1.1,2014-10-30,0148,Terra,MODIS,99,6.2,320.4,78.1,D,0
-17.6215,124.2925,339.9,1.3,1.1,2014-10-30,0148,Terra,MODIS,74,6.2,315.4,18.7,D,0
-17.6105,124.3391,339,1.3,1.1,2014-10-30,0148,Terra,MODIS,66,6.2,311.9,25.7,D,0
-17.6207,124.3373,345.5,1.3,1.1,2014-10-30,0148,Terra,MODIS,71,6.2,314.2,39.3,D,0
-18.4689,130.5025,338.7,1.2,1.1,2014-10-30,0148,Terra,MODIS,76,6.2,323.4,12.5,D,0
-18.1524,130.3551,346,1.2,1.1,2014-10-30,0148,Terra,MODIS,88,6.2,320.7,33.2,D,0
-18.4704,130.5139,337.9,1.2,1.1,2014-10-30,0148,Terra,MODIS,75,6.2,322.4,10.9,D,0
-18.4788,130.5011,344.6,1.2,1.1,2014-10-30,0148,Terra,MODIS,81,6.2,322.7,27.2,D,0
-18.4455,130.4886,339.7,1.2,1.1,2014-10-30,0148,Terra,MODIS,61,6.2,322.9,17.4,D,0
-19.155,130.6943,347.7,1.3,1.1,2014-10-30,0148,Terra,MODIS,89,6.2,319.9,43.4,D,0
-19.1367,130.5525,336.1,1.2,1.1,2014-10-30,0148,Terra,MODIS,58,6.2,319.3,14.9,D,0
-18.5105,130.5901,345.9,1.2,1.1,2014-10-30,0148,Terra,MODIS,73,6.2,323.8,31.5,D,0
-15.7495,124.6267,331.8,1.3,1.1,2014-10-30,0148,Terra,MODIS,61,6.2,312.9,15,D,0
-18.4773,130.4897,349.1,1.2,1.1,2014-10-30,0148,Terra,MODIS,91,6.2,322.4,38.3,D,0
-18.5219,130.6002,347.6,1.2,1.1,2014-10-30,0148,Terra,MODIS,71,6.2,322,38.4,D,0
-15.7368,124.6606,336.1,1.3,1.1,2014-10-30,0148,Terra,MODIS,63,6.2,309.5,27.4,D,0
-15.7348,124.6482,333.8,1.3,1.1,2014-10-30,0148,Terra,MODIS,67,6.2,311.3,20.2,D,0
-19.1535,130.6824,392.4,1.3,1.1,2014-10-30,0148,Terra,MODIS,100,6.2,323,257.9,D,0
-19.152,130.6705,345,1.3,1.1,2014-10-30,0148,Terra,MODIS,87,6.2,319.5,37.2,D,0
-19.145,130.6958,413.1,1.3,1.1,2014-10-30,0148,Terra,MODIS,100,6.2,327.9,436.3,D,0
-17.6236,124.3048,343.7,1.3,1.1,2014-10-30,0148,Terra,MODIS,85,6.2,316.3,28.9,D,0
-18.4159,130.6445,359,1.2,1.1,2014-10-30,0148,Terra,MODIS,99,6.2,321.8,74.9,D,0
-19.1435,130.6838,416,1.3,1.1,2014-10-30,0148,Terra,MODIS,100,6.2,332.5,466,D,0
-18.4258,130.6431,340.9,1.2,1.1,2014-10-30,0148,Terra,MODIS,54,6.2,323.4,21.3,D,0
-19.135,130.6972,376.6,1.3,1.1,2014-10-30,0148,Terra,MODIS,100,6.2,328.3,151.1,D,0
-18.4424,130.466,344.5,1.2,1.1,2014-10-30,0148,Terra,MODIS,86,6.2,323,26.8,D,0
-18.4439,130.4773,339.7,1.2,1.1,2014-10-30,0148,Terra,MODIS,63,6.2,323.2,16.6,D,0
-18.72,130.3212,342.6,1.2,1.1,2014-10-30,0148,Terra,MODIS,73,6.2,319.5,27.3,D,0
-19.1334,130.6852,350.7,1.3,1.1,2014-10-30,0148,Terra,MODIS,82,6.2,324.7,42.3,D,0
-18.6628,131.3596,336.1,1.4,1.2,2014-10-30,0148,Terra,MODIS,58,6.2,321.1,16.8,D,0
-19.2826,131.3636,342.3,1.4,1.2,2014-10-30,0148,Terra,MODIS,45,6.2,321,29.8,D,0
-19.4558,131.813,338.9,1.5,1.2,2014-10-30,0148,Terra,MODIS,61,6.2,317,32.7,D,0
-19.4541,131.7988,337.7,1.5,1.2,2014-10-30,0148,Terra,MODIS,27,6.2,315.3,29.6,D,0
-19.4466,131.8286,338.2,1.5,1.2,2014-10-30,0148,Terra,MODIS,62,6.2,319,28.4,D,0
-19.4537,131.8197,344.8,1.5,1.2,2014-10-30,0148,Terra,MODIS,85,6.2,317.7,49.4,D,0
-19.4446,131.8353,339.2,1.5,1.2,2014-10-30,0148,Terra,MODIS,71,6.2,318.8,29.7,D,0
-19.4355,131.8509,351.4,1.5,1.2,2014-10-30,0148,Terra,MODIS,93,6.2,318.3,72.5,D,0
-19.4338,131.8367,359.1,1.5,1.2,2014-10-30,0148,Terra,MODIS,99,6.2,320.5,103.2,D,0
-19.4247,131.8524,355.6,1.5,1.2,2014-10-30,0148,Terra,MODIS,95,6.2,319.8,86.8,D,0
-19.4229,131.8382,348.1,1.5,1.2,2014-10-30,0148,Terra,MODIS,81,6.2,322.4,53.7,D,0
-19.2305,131.1211,338.4,1.3,1.1,2014-10-30,0148,Terra,MODIS,44,6.2,321.4,14.6,D,0
-18.5189,130.5772,412.8,1.2,1.1,2014-10-30,0148,Terra,MODIS,100,6.2,324.6,417.6,D,0
-19.2408,131.1198,356.2,1.3,1.1,2014-10-30,0148,Terra,MODIS,97,6.2,322,71.8,D,0
-19.2495,131.1057,361.9,1.3,1.1,2014-10-30,0148,Terra,MODIS,100,6.2,322.2,96.3,D,0
-19.2511,131.1184,348.2,1.3,1.1,2014-10-30,0148,Terra,MODIS,82,6.2,320.2,46.6,D,0
-18.6687,131.3522,336.1,1.4,1.2,2014-10-30,0148,Terra,MODIS,49,6.2,321,16.1,D,0
-18.5288,130.5758,407.5,1.2,1.1,2014-10-30,0148,Terra,MODIS,100,6.2,321.8,371.5,D,0
-19.1183,130.567,342.9,1.2,1.1,2014-10-30,0148,Terra,MODIS,59,6.2,320.1,25.8,D,0
-19.1168,130.5553,374.3,1.2,1.1,2014-10-30,0148,Terra,MODIS,100,6.2,325.2,136.3,D,0
-18.5204,130.5887,388.1,1.2,1.1,2014-10-30,0148,Terra,MODIS,100,6.2,328.4,216.3,D,0
-19.8351,128.6502,344.8,1,1,2014-10-30,0148,Terra,MODIS,72,6.2,320.7,24.4,D,0
-19.8443,128.6488,344.7,1,1,2014-10-30,0148,Terra,MODIS,63,6.2,322,21.7,D,0
-16.0578,126.1007,347.4,1.1,1.1,2014-10-30,0148,Terra,MODIS,89,6.2,317.7,34.6,D,0
-16.8551,126.0794,355.1,1.1,1,2014-10-30,0148,Terra,MODIS,96,6.2,318.6,56.2,D,0
-16.8567,126.0895,337.9,1.1,1,2014-10-30,0148,Terra,MODIS,76,6.2,318.1,17.5,D,0
-16.8457,126.0809,350.7,1.1,1,2014-10-30,0148,Terra,MODIS,92,6.2,317.6,43.7,D,0
-16.8473,126.0911,338.5,1.1,1,2014-10-30,0148,Terra,MODIS,65,6.2,318.3,18.1,D,0
-16.8065,130.7975,347.4,1.2,1.1,2014-10-30,0148,Terra,MODIS,89,6.2,319.1,38.7,D,0
-16.8148,130.7849,350.6,1.2,1.1,2014-10-30,0148,Terra,MODIS,92,6.2,315.9,46.9,D,0
-16.8163,130.7961,348.8,1.2,1.1,2014-10-30,0148,Terra,MODIS,91,6.2,316.7,42.1,D,0
-16.8231,130.7723,341,1.2,1.1,2014-10-30,0148,Terra,MODIS,62,6.2,318,25.5,D,0
-16.8246,130.7835,356.5,1.2,1.1,2014-10-30,0148,Terra,MODIS,97,6.2,316,67.3,D,0
-16.7952,130.7876,340.8,1.2,1.1,2014-10-30,0148,Terra,MODIS,73,6.2,317.8,22.6,D,0
-16.805,130.7862,342,1.2,1.1,2014-10-30,0148,Terra,MODIS,78,6.2,317.6,24.1,D,0
-16.9116,130.8226,337.7,1.2,1.1,2014-10-30,0148,Terra,MODIS,76,6.2,317.1,17.9,D,0
-16.9215,130.8212,342,1.2,1.1,2014-10-30,0148,Terra,MODIS,83,6.2,315.6,28.7,D,0
-16.9313,130.8198,340.1,1.2,1.1,2014-10-30,0148,Terra,MODIS,80,6.2,315.5,24.9,D,0
-16.9328,130.831,353.4,1.2,1.1,2014-10-30,0148,Terra,MODIS,95,6.2,316.4,60.7,D,0
-16.9426,130.8296,348.8,1.2,1.1,2014-10-30,0148,Terra,MODIS,91,6.2,316.1,46.2,D,0
-16.9442,130.8409,368.7,1.2,1.1,2014-10-30,0148,Terra,MODIS,100,6.2,317.7,116.2,D,0
-16.9447,130.8344,362.2,1.2,1.1,2014-10-30,0148,Terra,MODIS,100,6.2,317.6,89.6,D,0
-16.9462,130.8456,344,1.2,1.1,2014-10-30,0148,Terra,MODIS,85,6.2,316.2,34.8,D,0
-16.9546,130.833,332.7,1.2,1.1,2014-10-30,0148,Terra,MODIS,37,6.2,315.3,11.9,D,0
-16.956,130.8444,347.4,1.2,1.1,2014-10-30,0148,Terra,MODIS,89,6.2,316.7,45.2,D,0
-16.9659,130.843,336.7,1.2,1.1,2014-10-30,0148,Terra,MODIS,74,6.2,316.7,21.3,D,0
-16.9674,130.8543,340.7,1.2,1.1,2014-10-30,0148,Terra,MODIS,81,6.2,316.7,30,D,0
-16.9772,130.853,345.5,1.2,1.1,2014-10-30,0148,Terra,MODIS,87,6.2,316.7,41.5,D,0
-18.3076,127.8138,339.5,1,1,2014-10-30,0148,Terra,MODIS,79,6.2,321.3,14.9,D,0
-18.309,127.8232,343,1,1,2014-10-30,0148,Terra,MODIS,84,6.2,322.2,21.3,D,0
-18.3166,127.8124,354.1,1,1,2014-10-30,0148,Terra,MODIS,95,6.2,320.3,43.6,D,0
-18.318,127.8218,399.7,1,1,2014-10-30,0148,Terra,MODIS,100,6.2,326.4,223.7,D,0
-18.3194,127.8312,348.6,1,1,2014-10-30,0148,Terra,MODIS,90,6.2,320,32.4,D,0
-18.3505,127.8551,348.5,1,1,2014-10-30,0148,Terra,MODIS,90,6.2,320,33.1,D,0
-18.3518,127.8646,343.2,1,1,2014-10-30,0148,Terra,MODIS,80,6.2,318.7,23.4,D,0
-18.3608,127.8631,335.7,1,1,2014-10-30,0148,Terra,MODIS,58,6.2,320.1,11.3,D,0
-18.3661,127.8366,354.2,1,1,2014-10-30,0148,Terra,MODIS,95,6.2,322.1,48.8,D,0
-18.3675,127.846,364.8,1,1,2014-10-30,0148,Terra,MODIS,100,6.2,325.1,77.2,D,0
-18.3689,127.8554,404.9,1,1,2014-10-30,0148,Terra,MODIS,100,6.2,331.8,260.6,D,0
-18.3703,127.8648,346.7,1,1,2014-10-30,0148,Terra,MODIS,88,6.2,320,31.6,D,0
-18.3751,127.8351,373.7,1,1,2014-10-30,0148,Terra,MODIS,100,6.2,315.2,106.8,D,0
-18.3765,127.8446,365.9,1,1,2014-10-30,0148,Terra,MODIS,100,6.2,315,81.1,D,0
-18.3779,127.854,351.3,1,1,2014-10-30,0148,Terra,MODIS,93,6.2,314.5,42.4,D,0
-18.5041,132.7238,366.8,1.7,1.3,2014-10-30,0148,Terra,MODIS,100,6.2,320.4,161.2,D,0
-18.5499,132.7178,370.1,1.7,1.3,2014-10-30,0148,Terra,MODIS,100,6.2,319.4,193.4,D,0
-19.3702,131.8596,341.4,1.5,1.2,2014-10-30,0148,Terra,MODIS,66,6.2,318.6,35.4,D,0
-18.525,132.705,345.1,1.7,1.3,2014-10-30,0148,Terra,MODIS,51,6.2,316.7,54.2,D,0
-18.5479,132.702,370.1,1.7,1.3,2014-10-30,0148,Terra,MODIS,100,6.2,315.5,191.6,D,0
-19.3246,131.8715,366.9,1.5,1.2,2014-10-30,0148,Terra,MODIS,100,6.2,320.2,145.1,D,0
-18.4964,132.757,339.5,1.7,1.3,2014-10-30,0148,Terra,MODIS,49,6.2,316.5,37.2,D,0
-18.5474,132.7123,364.9,1.7,1.3,2014-10-30,0148,Terra,MODIS,100,6.2,318.6,158.2,D,0
-18.5155,132.7223,349.3,1.7,1.3,2014-10-30,0148,Terra,MODIS,86,6.2,319,67.8,D,0
-18.527,132.7208,347.1,1.7,1.3,2014-10-30,0148,Terra,MODIS,57,6.2,318.3,60.7,D,0
-18.5613,132.7163,367.5,1.7,1.3,2014-10-30,0148,Terra,MODIS,100,6.2,319.9,175.7,D,0
-18.557,132.6951,353.1,1.7,1.3,2014-10-30,0148,Terra,MODIS,88,6.2,313.3,90.6,D,0
-18.5289,132.7367,354,1.7,1.3,2014-10-30,0148,Terra,MODIS,90,6.2,316.9,94.2,D,0
-18.5589,132.7108,390.1,1.7,1.3,2014-10-30,0148,Terra,MODIS,100,6.2,320.4,368.8,D,0
-18.5308,132.7525,339.9,1.7,1.3,2014-10-30,0148,Terra,MODIS,54,6.2,314.9,41.5,D,0
-18.5193,132.754,353.9,1.7,1.3,2014-10-30,0148,Terra,MODIS,95,6.2,316.2,98.4,D,0
-19.2391,131.9184,339.9,1.5,1.2,2014-10-30,0148,Terra,MODIS,62,6.2,319.6,31.3,D,0
-18.5703,132.7093,352.1,1.7,1.3,2014-10-30,0148,Terra,MODIS,94,6.2,317.3,89.5,D,0
-19.2609,131.9155,338.7,1.5,1.2,2014-10-30,0148,Terra,MODIS,59,6.2,319.3,30.7,D,0
-19.3137,131.873,346.7,1.5,1.2,2014-10-30,0148,Terra,MODIS,88,6.2,319.8,53.3,D,0
-18.5932,132.7064,338.9,1.7,1.3,2014-10-30,0148,Terra,MODIS,63,6.2,315,40.8,D,0
-18.5174,132.7382,356.5,1.7,1.3,2014-10-30,0148,Terra,MODIS,96,6.2,318.8,104.3,D,0
-19.3664,131.8516,344.2,1.5,1.2,2014-10-30,0148,Terra,MODIS,75,6.2,320.8,42.1,D,0
-18.6658,131.4644,344,1.4,1.2,2014-10-30,0148,Terra,MODIS,61,6.2,322.7,34.2,D,0
-18.5593,132.7006,380.5,1.7,1.3,2014-10-30,0148,Terra,MODIS,100,6.2,315.9,272.6,D,0
-19.3229,131.8573,344.1,1.5,1.2,2014-10-30,0148,Terra,MODIS,78,6.2,321,40.7,D,0
-19.4554,131.6287,333.9,1.4,1.2,2014-10-30,0148,Terra,MODIS,63,6.2,319.8,15.4,D,0
-21.0144,121.4992,354,1.8,1.3,2014-10-30,0149,Terra,MODIS,95,6.2,314,112.1,D,0
-21.7846,121.9391,333,1.6,1.2,2014-10-30,0149,Terra,MODIS,66,6.2,307.7,28.6,D,0
-21.2281,122.3874,340.1,1.5,1.2,2014-10-30,0149,Terra,MODIS,80,6.2,317.4,35.8,D,0
-21.4153,122.0701,341.4,1.6,1.2,2014-10-30,0149,Terra,MODIS,82,6.2,314.5,43.3,D,0
-21.4253,122.1983,349.1,1.6,1.2,2014-10-30,0149,Terra,MODIS,91,6.2,313.8,71.4,D,0
-21.4279,122.2132,341.1,1.6,1.2,2014-10-30,0149,Terra,MODIS,82,6.2,315.1,40.2,D,0
-21.4257,122.1923,341.8,1.6,1.2,2014-10-30,0149,Terra,MODIS,70,6.2,313,42.8,D,0
-21.4284,122.2071,347.8,1.6,1.2,2014-10-30,0149,Terra,MODIS,88,6.2,315.6,61.9,D,0
-21.4367,122.1901,340.1,1.6,1.2,2014-10-30,0149,Terra,MODIS,63,6.2,314.6,37.1,D,0
-20.4818,122.2149,341.4,1.6,1.2,2014-10-30,0149,Terra,MODIS,80,6.2,316.6,40.4,D,0
-21.009,121.4934,351.5,1.8,1.3,2014-10-30,0149,Terra,MODIS,93,6.2,313.4,96.7,D,0
-21.0121,121.5102,334.7,1.8,1.3,2014-10-30,0149,Terra,MODIS,47,6.2,311.6,25.2,D,0
-21.0206,121.491,359.1,1.8,1.3,2014-10-30,0149,Terra,MODIS,99,6.2,314.5,137.3,D,0
-21.0238,121.5079,340.9,1.8,1.3,2014-10-30,0149,Terra,MODIS,82,6.2,313.7,45.8,D,0
-21.0323,121.4887,347.6,1.8,1.3,2014-10-30,0149,Terra,MODIS,90,6.2,314.4,76.2,D,0
-21.0354,121.5055,342.3,1.8,1.3,2014-10-30,0149,Terra,MODIS,84,6.2,314.6,51.7,D,0
-21.6179,121.2185,333.1,1.8,1.3,2014-10-30,0149,Terra,MODIS,69,6.2,311.9,31.6,D,0
-21.6238,121.2232,334.7,1.8,1.3,2014-10-30,0149,Terra,MODIS,73,6.2,312.3,36.2,D,0
-20.4644,122.3125,342,1.6,1.2,2014-10-30,0149,Terra,MODIS,84,6.2,315.8,45.3,D,0
-21.8428,121.9433,333.2,1.6,1.2,2014-10-30,0149,Terra,MODIS,52,6.2,312.8,19.1,D,0
-21.8402,121.928,335.7,1.6,1.2,2014-10-30,0149,Terra,MODIS,74,6.2,311.8,25,D,0
-20.4617,122.2975,345.9,1.6,1.2,2014-10-30,0149,Terra,MODIS,86,6.2,314.6,58.7,D,0
-20.4537,122.2521,342.7,1.6,1.2,2014-10-30,0149,Terra,MODIS,85,6.2,313.9,49.3,D,0
-20.4453,122.2695,344.8,1.6,1.2,2014-10-30,0149,Terra,MODIS,87,6.2,312.2,62,D,0
-21.4671,122.1686,351.5,1.6,1.2,2014-10-30,0149,Terra,MODIS,93,6.2,314.7,76.2,D,0
-20.4426,122.2544,337.3,1.6,1.2,2014-10-30,0149,Terra,MODIS,68,6.2,311.3,36,D,0
-21.4781,122.1664,337.8,1.6,1.2,2014-10-30,0149,Terra,MODIS,67,6.2,315.8,28.7,D,0
-21.4859,122.2109,337.2,1.5,1.2,2014-10-30,0149,Terra,MODIS,58,6.2,315.3,20.9,D,0
-21.4891,122.1642,333.4,1.6,1.2,2014-10-30,0149,Terra,MODIS,32,6.2,315,16,D,0
-21.5315,122.278,346,1.5,1.2,2014-10-30,0149,Terra,MODIS,88,6.2,315.4,48.8,D,0
-21.5322,122.2711,336.1,1.5,1.2,2014-10-30,0149,Terra,MODIS,39,6.2,315.3,19.5,D,0
-21.5348,122.2857,340.6,1.5,1.2,2014-10-30,0149,Terra,MODIS,81,6.2,314.8,34,D,0
-21.4645,122.1537,345.6,1.6,1.2,2014-10-30,0149,Terra,MODIS,88,6.2,314.3,55.8,D,0
-21.4755,122.1515,332,1.6,1.2,2014-10-30,0149,Terra,MODIS,43,6.2,313.7,14.2,D,0
-21.2256,122.3729,334,1.5,1.2,2014-10-30,0149,Terra,MODIS,55,6.2,315.2,17.1,D,0
-21.8317,121.9455,337,1.6,1.2,2014-10-30,0149,Terra,MODIS,74,6.2,313.7,31.3,D,0
-21.8291,121.9303,340.7,1.6,1.2,2014-10-30,0149,Terra,MODIS,82,6.2,313,42.1,D,0
-21.8206,121.9477,355.7,1.6,1.2,2014-10-30,0149,Terra,MODIS,97,6.2,314,106.8,D,0
-21.818,121.9325,365.9,1.6,1.2,2014-10-30,0149,Terra,MODIS,100,6.2,314.6,161,D,0
-21.8095,121.95,344.9,1.6,1.2,2014-10-30,0149,Terra,MODIS,87,6.2,312.9,61.6,D,0
-20.9997,121.4846,359.3,1.8,1.3,2014-10-30,0149,Terra,MODIS,99,6.2,312.1,146.2,D,0
-21.0114,121.4823,335.4,1.8,1.3,2014-10-30,0149,Terra,MODIS,73,6.2,311.3,34.2,D,0
-21.023,121.4799,337.5,1.8,1.3,2014-10-30,0149,Terra,MODIS,77,6.2,312.3,41.5,D,0
-21.8068,121.9347,342.5,1.6,1.2,2014-10-30,0149,Terra,MODIS,85,6.2,311.6,53,D,0
-21.026,121.4968,364.6,1.8,1.3,2014-10-30,0149,Terra,MODIS,100,6.2,316,174.6,D,0
-21.0027,121.5015,396,1.8,1.3,2014-10-30,0149,Terra,MODIS,100,6.2,317.4,479.7,D,0
-20.2668,122.8939,336.6,1.5,1.2,2014-10-30,0149,Terra,MODIS,44,6.2,314.1,23.9,D,0
-20.991,121.5039,368,1.8,1.3,2014-10-30,0149,Terra,MODIS,100,6.2,311.7,203.7,D,0
-20.988,121.487,343.9,1.8,1.3,2014-10-30,0149,Terra,MODIS,86,6.2,308.7,67.6,D,0
-21.7984,121.9522,334.1,1.6,1.2,2014-10-30,0149,Terra,MODIS,69,6.2,311.6,29.3,D,0
-21.7957,121.9369,353.3,1.6,1.2,2014-10-30,0149,Terra,MODIS,95,6.2,312.7,99.2,D,0
-21.2198,122.4041,368.4,1.5,1.2,2014-10-30,0149,Terra,MODIS,100,6.2,315.2,160.5,D,0
-21.2172,122.3896,359.8,1.5,1.2,2014-10-30,0149,Terra,MODIS,99,6.2,314.2,113.8,D,0
-21.029,121.5137,333.4,1.8,1.3,2014-10-30,0149,Terra,MODIS,11,6.2,313,19.7,D,0
-21.831,121.939,337.6,1.6,1.2,2014-10-30,0149,Terra,MODIS,78,6.2,314.1,31.9,D,0
-21.8282,121.9237,334.6,1.6,1.2,2014-10-30,0149,Terra,MODIS,64,6.2,311.6,21.6,D,0
-20.6461,126.032,359.9,1,1,2014-10-30,0149,Terra,MODIS,99,6.2,318.9,59.9,D,0
-20.9863,125.7864,338.1,1,1,2014-10-30,0149,Terra,MODIS,65,6.2,315.9,15.4,D,0
-20.6325,126.0041,362.6,1,1,2014-10-30,0149,Terra,MODIS,100,6.2,313.5,70.4,D,0
-20.9847,125.7764,363.1,1,1,2014-10-30,0149,Terra,MODIS,100,6.2,315.6,75.1,D,0
-20.637,126.0336,339,1,1,2014-10-30,0149,Terra,MODIS,75,6.2,317.4,15,D,0
-20.6385,125.9828,358.9,1,1,2014-10-30,0149,Terra,MODIS,99,6.2,309.1,71.2,D,0
-20.6401,125.9927,349.2,1,1,2014-10-30,0149,Terra,MODIS,76,6.2,314.4,39.6,D,0
-20.4627,125.2251,336.3,1.1,1,2014-10-30,0149,Terra,MODIS,66,6.2,309.5,18.3,D,0
-20.4644,125.2355,350.3,1.1,1,2014-10-30,0149,Terra,MODIS,92,6.2,313,45.9,D,0
-20.6658,126.0387,343.2,1,1,2014-10-30,0149,Terra,MODIS,72,6.2,319.2,19.6,D,0
-20.472,125.2235,341.9,1.1,1,2014-10-30,0149,Terra,MODIS,83,6.2,309.4,31.4,D,0
-20.6602,125.8306,351.8,1,1,2014-10-30,0149,Terra,MODIS,93,6.2,316.5,40.2,D,0
-20.6203,125.9859,442.9,1,1,2014-10-30,0149,Terra,MODIS,94,6.2,324.1,634.8,D,0
-20.9141,125.9166,337.6,1,1,2014-10-30,0149,Terra,MODIS,51,6.2,318.2,11.4,D,0
-20.9111,125.8969,351.3,1,1,2014-10-30,0149,Terra,MODIS,93,6.2,320.3,34.1,D,0
-20.6218,125.9958,389.5,1,1,2014-10-30,0149,Terra,MODIS,100,6.2,318.5,181,D,0
-20.4737,125.2339,376.7,1.1,1,2014-10-30,0149,Terra,MODIS,100,6.2,317.5,135.9,D,0
-20.8959,125.9198,350.8,1,1,2014-10-30,0149,Terra,MODIS,92,6.2,317.9,37.4,D,0
-20.8837,125.9016,345.1,1,1,2014-10-30,0149,Terra,MODIS,80,6.2,317.9,25.8,D,0
-20.6754,125.8076,361.7,1,1,2014-10-30,0149,Terra,MODIS,75,6.2,304.2,69.1,D,0
-20.6416,126.0025,348.8,1,1,2014-10-30,0149,Terra,MODIS,91,6.2,314.9,34.5,D,0
-20.6476,126.0418,366.8,1,1,2014-10-30,0149,Terra,MODIS,100,6.2,318.7,81.5,D,0
-20.466,125.2459,357.8,1.1,1,2014-10-30,0149,Terra,MODIS,98,6.2,316.8,62.4,D,0
-20.4677,125.2563,350,1.1,1,2014-10-30,0149,Terra,MODIS,92,6.2,317.6,40.2,D,0
-20.4693,125.2666,337.8,1.1,1,2014-10-30,0149,Terra,MODIS,62,6.2,316.4,14.1,D,0
-20.4754,125.2443,347.9,1.1,1,2014-10-30,0149,Terra,MODIS,77,6.2,316.1,36.8,D,0
-20.477,125.2546,339.9,1.1,1,2014-10-30,0149,Terra,MODIS,51,6.2,317.6,16.9,D,0
-20.4847,125.2427,347.4,1.1,1,2014-10-30,0149,Terra,MODIS,60,6.2,315.4,34.9,D,0
-20.6477,125.9813,347.5,1,1,2014-10-30,0149,Terra,MODIS,89,6.2,305.7,43.6,D,0
-20.4831,125.2323,350.3,1.1,1,2014-10-30,0149,Terra,MODIS,83,6.2,309.9,47.3,D,0
-20.4924,125.2306,377.8,1.1,1,2014-10-30,0149,Terra,MODIS,100,6.2,308.4,139.2,D,0
-20.4941,125.241,362.1,1.1,1,2014-10-30,0149,Terra,MODIS,100,6.2,317,74.9,D,0
-20.6309,125.8115,421.2,1,1,2014-10-30,0149,Terra,MODIS,100,6.2,321.5,409.1,D,0
-20.6567,126.0403,351.4,1,1,2014-10-30,0149,Terra,MODIS,93,6.2,319.4,37.7,D,0
-20.6325,125.8215,332.7,1,1,2014-10-30,0149,Terra,MODIS,47,6.2,312.4,10.8,D,0
-20.6372,125.804,341.5,1,1,2014-10-30,0149,Terra,MODIS,81,6.2,312.5,26.4,D,0
-20.1221,123.7254,336.9,1.3,1.1,2014-10-30,0149,Terra,MODIS,69,6.2,316.3,19.3,D,0
-20.6492,125.9911,358.6,1,1,2014-10-30,0149,Terra,MODIS,93,6.2,314.2,62.8,D,0
-20.112,123.7273,352.2,1.3,1.1,2014-10-30,0149,Terra,MODIS,94,6.2,316.5,61.9,D,0
-20.6555,125.8008,374.9,1,1,2014-10-30,0149,Terra,MODIS,75,6.2,297.2,116.6,D,0
-20.6127,125.9973,338.7,1,1,2014-10-30,0149,Terra,MODIS,78,6.2,308,18.1,D,0
-20.6388,125.8139,336.3,1,1,2014-10-30,0149,Terra,MODIS,55,6.2,313.5,15.7,D,0
-20.115,123.7332,343.9,1.3,1.1,2014-10-30,0149,Terra,MODIS,85,6.2,316.3,38.1,D,0
-20.6495,125.8223,359.6,1,1,2014-10-30,0149,Terra,MODIS,99,6.2,316.2,62.8,D,0
-20.113,123.7208,345.1,1.3,1.1,2014-10-30,0149,Terra,MODIS,87,6.2,315,41.5,D,0
-19.9947,128.029,338.3,1,1,2014-10-30,0149,Terra,MODIS,71,6.2,320.6,13.6,D,0
-20.651,125.8322,355.6,1,1,2014-10-30,0149,Terra,MODIS,96,6.2,315.5,51.9,D,0
-20.1048,123.7351,359.8,1.3,1.1,2014-10-30,0149,Terra,MODIS,99,6.2,315.2,91.8,D,0
-20.1028,123.7227,352,1.3,1.1,2014-10-30,0149,Terra,MODIS,93,6.2,314.6,63.5,D,0
-20.6278,125.7916,334.4,1,1,2014-10-30,0149,Terra,MODIS,66,6.2,307.7,18.7,D,0
-20.6294,125.9844,371.8,1,1,2014-10-30,0149,Terra,MODIS,100,6.2,310.9,113,D,0
-20.6294,125.8016,398.5,1,1,2014-10-30,0149,Terra,MODIS,100,6.2,315.9,240.5,D,0
-20.6309,125.9942,359.7,1,1,2014-10-30,0149,Terra,MODIS,99,6.2,314,65.2,D,0
-22.3768,124.5971,364,1.1,1,2014-10-30,0149,Terra,MODIS,100,6.2,309.8,87.9,D,0
-22.3751,124.5864,370.9,1.1,1.1,2014-10-30,0149,Terra,MODIS,100,6.2,307.9,114.1,D,0
-21.7782,125.8465,348.2,1,1,2014-10-30,0149,Terra,MODIS,90,6.2,315.9,34.3,D,0
-22.369,124.6095,364.2,1.1,1,2014-10-30,0149,Terra,MODIS,100,6.2,313.8,87.1,D,0
-22.3673,124.5988,443,1.1,1,2014-10-30,0149,Terra,MODIS,100,6.2,327.6,700.2,D,0
-22.3656,124.5881,417.6,1.1,1.1,2014-10-30,0149,Terra,MODIS,100,6.2,321.2,412.2,D,0
-21.251,125.3008,361.1,1.1,1,2014-10-30,0149,Terra,MODIS,100,6.2,317,68.8,D,0
-21.2731,125.3809,336.3,1.1,1,2014-10-30,0149,Terra,MODIS,70,6.2,317.3,11.7,D,0
-21.2695,125.2976,346.7,1.1,1,2014-10-30,0149,Terra,MODIS,88,6.2,317.1,29.2,D,0
-21.2823,125.3793,340.4,1.1,1,2014-10-30,0149,Terra,MODIS,80,6.2,316.2,19,D,0
-22.3604,124.6768,333.6,1.1,1,2014-10-30,0149,Terra,MODIS,57,6.2,311.9,10,D,0
-22.3587,124.6662,348.6,1.1,1,2014-10-30,0149,Terra,MODIS,91,6.2,309.6,39.8,D,0
-22.357,124.6555,374.8,1.1,1,2014-10-30,0149,Terra,MODIS,100,6.2,310.1,126.3,D,0
-22.6231,124.5882,347.2,1.1,1,2014-10-30,0149,Terra,MODIS,90,6.2,315.2,38.8,D,0
-22.6248,124.5988,347.5,1.1,1,2014-10-30,0149,Terra,MODIS,90,6.2,316.3,38.8,D,0
-22.6265,124.6095,338.3,1.1,1,2014-10-30,0149,Terra,MODIS,79,6.2,315.2,19,D,0
-22.6299,124.6307,333.6,1.1,1,2014-10-30,0149,Terra,MODIS,70,6.2,314,11.9,D,0
-22.3553,124.6449,332.7,1.1,1,2014-10-30,0149,Terra,MODIS,61,6.2,309.4,9.4,D,0
-22.3536,124.6343,334.4,1.1,1,2014-10-30,0149,Terra,MODIS,66,6.2,312.1,11.5,D,0
-22.3528,124.6891,334.7,1.1,1,2014-10-30,0149,Terra,MODIS,71,6.2,315.3,11.9,D,0
-22.3511,124.6785,338.3,1.1,1,2014-10-30,0149,Terra,MODIS,78,6.2,315.3,17.5,D,0
-22.3494,124.6679,348.9,1.1,1,2014-10-30,0149,Terra,MODIS,91,6.2,314.8,39.4,D,0
-22.6308,124.5758,343.8,1.1,1,2014-10-30,0149,Terra,MODIS,86,6.2,314.4,31.3,D,0
-22.6325,124.5865,346.3,1.1,1,2014-10-30,0149,Terra,MODIS,89,6.2,315.4,36,D,0
-22.6342,124.5971,334.3,1.1,1,2014-10-30,0149,Terra,MODIS,71,6.2,314.1,11.4,D,0
-22.6537,124.6591,335.9,1.1,1,2014-10-30,0149,Terra,MODIS,75,6.2,313.8,14.8,D,0
-22.6496,124.5724,339.7,1.1,1,2014-10-30,0149,Terra,MODIS,81,6.2,315.1,22.5,D,0
-22.6513,124.5831,345.2,1.1,1,2014-10-30,0149,Terra,MODIS,88,6.2,316.3,32.8,D,0
-22.6535,124.5651,361.2,1.1,1,2014-10-30,0149,Terra,MODIS,100,6.2,314,77.1,D,0
-22.6552,124.5757,425.7,1.1,1,2014-10-30,0149,Terra,MODIS,100,6.2,326,486.5,D,0
-22.657,124.5864,346.6,1.1,1,2014-10-30,0149,Terra,MODIS,89,6.2,315.2,36,D,0
-22.6629,124.5634,339.2,1.1,1,2014-10-30,0149,Terra,MODIS,78,6.2,312.3,23,D,0
-22.6646,124.574,352.7,1.1,1,2014-10-30,0149,Terra,MODIS,94,6.2,313.3,51.7,D,0
-22.6706,124.551,344.3,1.1,1,2014-10-30,0149,Terra,MODIS,87,6.2,310.8,35.1,D,0
-21.2364,125.0268,334.3,1.1,1,2014-10-30,0149,Terra,MODIS,65,6.2,313.2,13.1,D,0
-21.1283,124.9875,332.8,1.1,1,2014-10-30,0149,Terra,MODIS,44,6.2,311,15,D,0
-22.1521,120.9066,336.1,1.8,1.3,2014-10-30,0149,Terra,MODIS,69,6.2,311.4,42.3,D,0
-22.1554,120.9243,332.2,1.8,1.3,2014-10-30,0149,Terra,MODIS,50,6.2,311.4,27.6,D,0
-21.1068,125.0346,348.6,1.1,1,2014-10-30,0149,Terra,MODIS,90,6.2,312.5,47.4,D,0
-21.0018,125.7772,345.1,1,1,2014-10-30,0149,Terra,MODIS,87,6.2,316.1,28.2,D,0
-21.7524,126.2187,359.5,1,1,2014-10-30,0149,Terra,MODIS,99,6.2,314.5,64,D,0
-20.9954,125.7848,371.9,1,1,2014-10-30,0149,Terra,MODIS,100,6.2,319.3,103.2,D,0
-21.7538,126.2285,373.8,1,1,2014-10-30,0149,Terra,MODIS,100,6.2,312.7,108.7,D,0
-20.9939,125.7749,378.4,1,1,2014-10-30,0149,Terra,MODIS,100,6.2,318,131.2,D,0
-21.7584,126.1978,414,1,1,2014-10-30,0149,Terra,MODIS,100,6.2,321.9,329.1,D,0
-21.757,126.1881,341.6,1,1,2014-10-30,0149,Terra,MODIS,83,6.2,311.3,23.2,D,0
-21.7676,125.8382,383.1,1,1,2014-10-30,0149,Terra,MODIS,100,6.2,316,147.9,D,0
-21.7691,125.8481,339.2,1,1,2014-10-30,0149,Terra,MODIS,79,6.2,316.7,17.3,D,0
-21.7766,125.8367,336.9,1,1,2014-10-30,0149,Terra,MODIS,65,6.2,312.5,14.5,D,0
-21.2123,125.2972,402.5,1.1,1,2014-10-30,0149,Terra,MODIS,100,6.2,316.4,275.2,D,0
-19.7785,122.6802,332,1.5,1.2,2014-10-30,0149,Terra,MODIS,35,6.2,307.4,21.4,D,0
-19.7676,122.6823,336.5,1.5,1.2,2014-10-30,0149,Terra,MODIS,73,6.2,310.3,34.1,D,0
-19.7502,122.7226,338.2,1.5,1.2,2014-10-30,0149,Terra,MODIS,70,6.2,310.3,34.7,D,0
-21.2139,125.3074,341.3,1.1,1,2014-10-30,0149,Terra,MODIS,80,6.2,314.1,26,D,0
-21.2215,125.2955,389,1.1,1,2014-10-30,0149,Terra,MODIS,100,6.2,312.9,192.5,D,0
-22.4373,124.58,338.4,1.1,1,2014-10-30,0149,Terra,MODIS,79,6.2,311.8,23.2,D,0
-22.4356,124.5693,332.7,1.1,1.1,2014-10-30,0149,Terra,MODIS,66,6.2,311.9,13.3,D,0
-22.7065,124.6538,347.3,1.1,1,2014-10-30,0149,Terra,MODIS,90,6.2,313.2,37.9,D,0
-22.7125,124.6309,349.5,1.1,1,2014-10-30,0149,Terra,MODIS,92,6.2,311.5,44.3,D,0
-21.766,125.8284,346,1,1,2014-10-30,0149,Terra,MODIS,88,6.2,303.3,33.2,D,0
-21.7585,125.8398,333.3,1,1,2014-10-30,0149,Terra,MODIS,27,6.2,311.5,10.1,D,0
-21.2324,125.3041,340.4,1.1,1,2014-10-30,0149,Terra,MODIS,70,6.2,311.9,22.3,D,0
-21.2433,125.3127,336,1.1,1,2014-10-30,0149,Terra,MODIS,38,6.2,311.5,12.3,D,0
-21.2381,125.0373,357.5,1.1,1,2014-10-30,0149,Terra,MODIS,98,6.2,314.3,64.5,D,0
-21.2232,125.3057,385.2,1.1,1,2014-10-30,0149,Terra,MODIS,100,6.2,317.2,169.6,D,0
-22.3476,124.6573,358.5,1.1,1,2014-10-30,0149,Terra,MODIS,99,6.2,316.1,66.2,D,0
-22.1291,121.7322,341.7,1.6,1.3,2014-10-30,0149,Terra,MODIS,84,6.2,314.7,47.7,D,0
-22.164,120.9041,337.3,1.8,1.3,2014-10-30,0149,Terra,MODIS,77,6.2,312.3,46.5,D,0
-22.1964,120.879,332.4,1.9,1.3,2014-10-30,0149,Terra,MODIS,56,6.2,310.7,30.9,D,0
-22.3459,124.6466,345.5,1.1,1,2014-10-30,0149,Terra,MODIS,88,6.2,314,32.5,D,0
-23.2672,125.6382,367,1,1,2014-10-30,0149,Terra,MODIS,100,6.2,306,96.9,D,0
-23.2687,125.6481,349.7,1,1,2014-10-30,0149,Terra,MODIS,93,6.2,304.6,51.5,D,0
-22.3442,124.636,336.2,1.1,1,2014-10-30,0149,Terra,MODIS,74,6.2,312.3,13.7,D,0
-22.7142,124.6415,332.3,1.1,1,2014-10-30,0149,Terra,MODIS,59,6.2,311.7,10.9,D,0
-22.6214,124.5775,334.1,1.1,1,2014-10-30,0149,Terra,MODIS,70,6.2,313.9,13.4,D,0
-21.7395,125.8294,343.7,1,1,2014-10-30,0149,Terra,MODIS,86,6.2,308.2,30,D,0
-19.7506,122.8563,335.7,1.5,1.2,2014-10-30,0149,Terra,MODIS,64,6.2,310.8,28.8,D,0
-21.7887,126.1527,336.5,1,1,2014-10-30,0149,Terra,MODIS,70,6.2,314.5,12.2,D,0
-21.7902,126.1624,334.1,1,1,2014-10-30,0149,Terra,MODIS,56,6.2,315.4,9,D,0
-22.3141,125.0256,342.8,1.1,1,2014-10-30,0149,Terra,MODIS,85,6.2,313.9,28.1,D,0
-21.7946,126.1916,332.4,1,1,2014-10-30,0149,Terra,MODIS,44,6.2,313.8,7.2,D,0
-21.8035,126.1936,342.1,1,1,2014-10-30,0149,Terra,MODIS,84,6.2,314,26.3,D,0
-21.2491,125.0461,332.9,1.1,1,2014-10-30,0149,Terra,MODIS,39,6.2,311.7,11.2,D,0
-21.2493,125.2906,344.6,1.1,1,2014-10-30,0149,Terra,MODIS,65,6.2,315,27.4,D,0
-21.805,126.2033,342.7,1,1,2014-10-30,0149,Terra,MODIS,84,6.2,315.4,27.2,D,0
-21.778,126.2044,345.6,1,1,2014-10-30,0149,Terra,MODIS,88,6.2,314.7,29.1,D,0
-21.769,126.2059,364.2,1,1,2014-10-30,0149,Terra,MODIS,100,6.2,315.9,74.6,D,0
-21.7675,126.1962,393.6,1,1,2014-10-30,0149,Terra,MODIS,100,6.2,317.7,195.1,D,0
-21.7614,126.2172,352.5,1,1,2014-10-30,0149,Terra,MODIS,89,6.2,311.1,45.9,D,0
-22.3266,125.0445,375,1.1,1,2014-10-30,0149,Terra,MODIS,100,6.2,316.4,121.4,D,0
-21.7599,126.2075,341.9,1,1,2014-10-30,0149,Terra,MODIS,64,6.2,313,22.3,D,0
-22.325,125.0342,350.2,1.1,1,2014-10-30,0149,Terra,MODIS,92,6.2,315,43.3,D,0
-22.3158,125.0359,350.4,1.1,1,2014-10-30,0149,Terra,MODIS,93,6.2,316.6,44.3,D,0
-21.7433,126.2203,340,1,1,2014-10-30,0149,Terra,MODIS,81,6.2,313.3,24.2,D,0
-21.7494,126.1993,348.1,1,1,2014-10-30,0149,Terra,MODIS,90,6.2,313.9,38.9,D,0
-22.0331,121.2661,335.4,1.8,1.3,2014-10-30,0149,Terra,MODIS,61,6.2,311,35.2,D,0
-22.0447,121.2638,348.6,1.8,1.3,2014-10-30,0149,Terra,MODIS,91,6.2,312.5,89.8,D,0
-22.0478,121.2805,330.2,1.7,1.3,2014-10-30,0149,Terra,MODIS,36,6.2,311.8,19.7,D,0
-21.0034,125.7871,338.4,1,1,2014-10-30,0149,Terra,MODIS,69,6.2,316.8,15.3,D,0
-21.1266,124.977,348.4,1.1,1,2014-10-30,0149,Terra,MODIS,90,6.2,311.9,45,D,0
-21.7509,126.209,355.5,1,1,2014-10-30,0149,Terra,MODIS,96,6.2,312.9,54.3,D,0
-22.6954,124.6449,338.6,1.1,1,2014-10-30,0149,Terra,MODIS,79,6.2,315.2,18.1,D,0
-22.6971,124.6555,352.3,1.1,1,2014-10-30,0149,Terra,MODIS,94,6.2,315.2,48.9,D,0
-22.7031,124.6326,384.1,1.1,1,2014-10-30,0149,Terra,MODIS,100,6.2,317.6,167.7,D,0
-22.7048,124.6432,377.8,1.1,1,2014-10-30,0149,Terra,MODIS,100,6.2,317.2,137.7,D,0
-20.0754,127.9508,339.7,1,1,2014-10-30,0149,Terra,MODIS,79,6.2,321.3,14.5,D,0
-20.0768,127.9604,338.1,1,1,2014-10-30,0149,Terra,MODIS,69,6.2,320.8,11.8,D,0
-20.0858,127.959,337.1,1,1,2014-10-30,0149,Terra,MODIS,38,6.2,320.2,9.7,D,0
-20.1032,128.0153,338.1,1,1,2014-10-30,0149,Terra,MODIS,55,6.2,320.5,13.4,D,0
-26.2277,121.1881,335.5,1.5,1.2,2014-10-30,0150,Terra,MODIS,78,6.2,314.5,27.5,D,0
-26.2303,121.2028,354.4,1.5,1.2,2014-10-30,0150,Terra,MODIS,96,6.2,315.1,91.4,D,0
-26.2436,121.215,342.4,1.5,1.2,2014-10-30,0150,Terra,MODIS,86,6.2,309.3,51.4,D,0
-26.2353,121.2108,359.5,1.5,1.2,2014-10-30,0150,Terra,MODIS,99,6.2,314.6,117.3,D,0
-26.2299,121.1815,334.9,1.5,1.2,2014-10-30,0150,Terra,MODIS,76,6.2,313.9,27.7,D,0
-26.2379,121.2253,327.5,1.5,1.2,2014-10-30,0150,Terra,MODIS,52,6.2,310.7,13.9,D,0
-26.2326,121.1962,347.7,1.5,1.2,2014-10-30,0150,Terra,MODIS,91,6.2,315,66.7,D,0
-26.2406,121.1792,336.3,1.5,1.2,2014-10-30,0150,Terra,MODIS,80,6.2,312.3,34.8,D,0
-26.2433,121.1938,375.9,1.5,1.2,2014-10-30,0150,Terra,MODIS,100,6.2,314.3,211.1,D,0
-26.246,121.2084,344.5,1.5,1.2,2014-10-30,0150,Terra,MODIS,89,6.2,308.8,61.2,D,0
-26.241,121.2004,375.1,1.5,1.2,2014-10-30,0150,Terra,MODIS,100,6.2,313.9,203.2,D,0
-26.2329,121.2174,354.3,1.5,1.2,2014-10-30,0150,Terra,MODIS,96,6.2,312.8,92,D,0
-26.2384,121.1858,356,1.5,1.2,2014-10-30,0150,Terra,MODIS,97,6.2,315.1,100,D,0
-24.1259,123.6124,375.7,1.2,1.1,2014-10-30,0150,Terra,MODIS,100,6.2,313.2,143.5,D,0
-23.4106,124.0547,341.1,1.1,1.1,2014-10-30,0150,Terra,MODIS,81,6.2,316.2,25.3,D,0
-23.2445,123.4923,337.3,1.2,1.1,2014-10-30,0150,Terra,MODIS,33,6.2,317.9,17.9,D,0
-24.1009,123.5819,348.2,1.2,1.1,2014-10-30,0150,Terra,MODIS,79,6.2,317.6,40.1,D,0
-23.4238,124.0749,332,1.1,1.1,2014-10-30,0150,Terra,MODIS,45,6.2,314.5,8.7,D,0
-24.1163,123.6143,386.2,1.2,1.1,2014-10-30,0150,Terra,MODIS,100,6.2,320,193.7,D,0
-24.1144,123.6029,380.8,1.2,1.1,2014-10-30,0150,Terra,MODIS,100,6.2,316.4,165.5,D,0
-24.1125,123.5915,384.6,1.2,1.1,2014-10-30,0150,Terra,MODIS,100,6.2,317.1,188,D,0
-23.4256,124.086,359.6,1.1,1.1,2014-10-30,0150,Terra,MODIS,99,6.2,317.4,74.5,D,0
-24.1085,123.6276,359.7,1.2,1.1,2014-10-30,0150,Terra,MODIS,99,6.2,316.9,75,D,0
-22.6514,121.2885,332.3,1.7,1.3,2014-10-30,0150,Terra,MODIS,55,6.2,314.5,20.5,D,0
-24.1181,123.6257,378.3,1.2,1.1,2014-10-30,0150,Terra,MODIS,100,6.2,319,151,D,0
-24.4701,120.8686,332.5,1.7,1.3,2014-10-30,0150,Terra,MODIS,56,6.2,312.7,21,D,0
-24.8514,121.8382,339.6,1.4,1.2,2014-10-30,0150,Terra,MODIS,81,6.2,312.6,38.7,D,0
-24.8216,124.7306,351.5,1,1,2014-10-30,0150,Terra,MODIS,93,6.2,317.9,43.8,D,0
-25.1489,123.6581,337,1.1,1.1,2014-10-30,0150,Terra,MODIS,57,6.2,317.4,16.5,D,0
-24.1203,123.5782,352,1.2,1.1,2014-10-30,0150,Terra,MODIS,93,6.2,308.7,59,D,0
-24.1221,123.5896,350.8,1.2,1.1,2014-10-30,0150,Terra,MODIS,92,6.2,311.4,57,D,0
-25.1507,123.6692,342.6,1.1,1.1,2014-10-30,0150,Terra,MODIS,84,6.2,316.1,28,D,0
-25.1584,123.6563,362.1,1.1,1.1,2014-10-30,0150,Terra,MODIS,100,6.2,316.8,81.7,D,0
-23.2093,123.4692,332.7,1.2,1.1,2014-10-30,0150,Terra,MODIS,38,6.2,315,11,D,0
-23.2365,123.445,334.6,1.2,1.1,2014-10-30,0150,Terra,MODIS,67,6.2,312.8,16.5,D,0
-23.2385,123.4568,345.8,1.2,1.1,2014-10-30,0150,Terra,MODIS,87,6.2,314.7,40.4,D,0
-25.1602,123.6674,365.1,1.1,1.1,2014-10-30,0150,Terra,MODIS,100,6.2,315.8,91.9,D,0
-23.2405,123.4687,368.4,1.2,1.1,2014-10-30,0150,Terra,MODIS,100,6.2,318,114.4,D,0
-25.303,121.2538,339.9,1.5,1.2,2014-10-30,0150,Terra,MODIS,83,6.2,314.4,40.4,D,0
-25.3056,121.2689,328.7,1.5,1.2,2014-10-30,0150,Terra,MODIS,44,6.2,311.9,12.1,D,0
-23.2425,123.4805,341.1,1.2,1.1,2014-10-30,0150,Terra,MODIS,67,6.2,317,26.4,D,0
-23.2582,123.5139,344.9,1.2,1.1,2014-10-30,0150,Terra,MODIS,86,6.2,315.1,36.3,D,0
-23.2563,123.5021,357.8,1.2,1.1,2014-10-30,0150,Terra,MODIS,98,6.2,315.3,73.7,D,0
-23.2484,123.5158,345.4,1.2,1.1,2014-10-30,0150,Terra,MODIS,87,6.2,319.6,36.5,D,0
-23.2464,123.504,339.7,1.2,1.1,2014-10-30,0150,Terra,MODIS,71,6.2,318.9,23,D,0
-24.1106,123.58,388.4,1.2,1.1,2014-10-30,0150,Terra,MODIS,100,6.2,316.1,209.7,D,0
-24.1087,123.5686,399.6,1.2,1.1,2014-10-30,0150,Terra,MODIS,100,6.2,318.1,287.3,D,0
-24.1068,123.5571,347.9,1.2,1.1,2014-10-30,0150,Terra,MODIS,88,6.2,313.6,43.8,D,0
-24.1066,123.6162,357.9,1.2,1.1,2014-10-30,0150,Terra,MODIS,98,6.2,318,67.6,D,0
-26.3759,127.0879,337.2,1,1,2014-10-30,0150,Terra,MODIS,80,6.2,314.5,16.7,D,0
-26.3668,127.0894,333.6,1,1,2014-10-30,0150,Terra,MODIS,70,6.2,315.1,10.9,D,0
-23.8782,124.7616,364.6,1.1,1,2014-10-30,0150,Terra,MODIS,100,6.2,314.2,80.4,D,0
-23.8766,124.7513,380.3,1.1,1,2014-10-30,0150,Terra,MODIS,100,6.2,313.1,143.1,D,0
-26.2309,124.8992,359.3,1,1,2014-10-30,0150,Terra,MODIS,99,6.2,309.2,71.7,D,0
-23.8722,124.784,335.4,1.1,1,2014-10-30,0150,Terra,MODIS,20,6.2,314.8,11.1,D,0
-23.8706,124.7737,343.3,1.1,1,2014-10-30,0150,Terra,MODIS,85,6.2,314.8,24.3,D,0
-23.869,124.7633,350.3,1.1,1,2014-10-30,0150,Terra,MODIS,92,6.2,316.2,39.8,D,0
-23.8674,124.753,336.4,1.1,1,2014-10-30,0150,Terra,MODIS,50,6.2,310.4,14.1,D,0
-23.8614,124.7753,335.3,1.1,1,2014-10-30,0150,Terra,MODIS,56,6.2,316.7,11.7,D,0
-23.8598,124.765,334.1,1.1,1,2014-10-30,0150,Terra,MODIS,56,6.2,315.6,9.9,D,0
-23.8099,124.8695,374.4,1.1,1,2014-10-30,0150,Terra,MODIS,100,6.2,318,116,D,0
-23.8083,124.8593,359.9,1.1,1,2014-10-30,0150,Terra,MODIS,99,6.2,316.8,67.1,D,0
-23.8042,124.8771,362.5,1.1,1,2014-10-30,0150,Terra,MODIS,100,6.2,317.6,73.6,D,0
-23.8026,124.8668,373.9,1.1,1,2014-10-30,0150,Terra,MODIS,100,6.2,320.2,113.6,D,0
-25.3149,121.1829,332.3,1.5,1.2,2014-10-30,0150,Terra,MODIS,62,6.2,315.3,15.5,D,0
-25.3141,121.1891,334.6,1.5,1.2,2014-10-30,0150,Terra,MODIS,24,6.2,315.5,18.7,D,0
-24.0932,123.5952,335.8,1.2,1.1,2014-10-30,0150,Terra,MODIS,70,6.2,316.3,16.1,D,0
-24.1278,123.6239,360.3,1.2,1.1,2014-10-30,0150,Terra,MODIS,100,6.2,314.3,80.2,D,0
-25.1743,121.0508,331.3,1.6,1.2,2014-10-30,0150,Terra,MODIS,62,6.2,313.1,14.3,D,0
-23.4125,124.0657,350.2,1.1,1.1,2014-10-30,0150,Terra,MODIS,92,6.2,317.3,46.3,D,0
-23.2543,123.4903,345.9,1.2,1.1,2014-10-30,0150,Terra,MODIS,85,6.2,314,38.8,D,0
-24.1047,123.6048,343.2,1.2,1.1,2014-10-30,0150,Terra,MODIS,59,6.2,316.3,27.8,D,0
-24.1028,123.5933,361.8,1.2,1.1,2014-10-30,0150,Terra,MODIS,100,6.2,317.2,81.5,D,0
-24.9809,122.5281,338.6,1.3,1.1,2014-10-30,0150,Terra,MODIS,75,6.2,314.3,26.7,D,0
-24.8424,122.8019,345.6,1.3,1.1,2014-10-30,0150,Terra,MODIS,88,6.2,317.1,42.3,D,0
-24.9149,122.4493,333.3,1.3,1.1,2014-10-30,0150,Terra,MODIS,56,6.2,314.5,16.9,D,0
-24.1017,126.2891,336.6,1,1,2014-10-30,0150,Terra,MODIS,76,6.2,313.4,13.1,D,0
-24.1032,126.2989,339.2,1,1,2014-10-30,0150,Terra,MODIS,82,6.2,314.3,18,D,0
-24.8403,122.7896,356.6,1.3,1.1,2014-10-30,0150,Terra,MODIS,97,6.2,314.7,76.4,D,0
-24.9787,122.5154,336.3,1.3,1.1,2014-10-30,0150,Terra,MODIS,68,6.2,317,19.8,D,0
-24.0913,126.2809,338,1,1,2014-10-30,0150,Terra,MODIS,80,6.2,314.9,16,D,0
-24.9352,122.4451,336.2,1.3,1.1,2014-10-30,0150,Terra,MODIS,62,6.2,313.7,21.4,D,0
-24.1003,126.2793,344.9,1,1,2014-10-30,0150,Terra,MODIS,88,6.2,314.9,26.8,D,0
-24.933,122.4322,354.1,1.3,1.1,2014-10-30,0150,Terra,MODIS,95,6.2,314.9,73.3,D,0
-24.1396,126.2967,332.4,1,1,2014-10-30,0150,Terra,MODIS,41,6.2,314.1,8.5,D,0
-24.2225,126.2357,340.3,1,1,2014-10-30,0150,Terra,MODIS,83,6.2,315.7,20.6,D,0
-24.9476,122.4558,334,1.3,1.1,2014-10-30,0150,Terra,MODIS,33,6.2,313.5,17.7,D,0
-24.2301,126.2244,349.6,1,1,2014-10-30,0150,Terra,MODIS,92,6.2,314.8,38.1,D,0
-24.2315,126.2342,353.1,1,1,2014-10-30,0150,Terra,MODIS,95,6.2,315.3,46,D,0
-24.0927,126.2907,333.3,1,1,2014-10-30,0150,Terra,MODIS,61,6.2,312.9,9.4,D,0
-30.4502,125.0976,357.7,1,1,2014-10-30,0151,Terra,MODIS,98,6.2,312.4,62,D,0
-29.3574,128.3447,335.2,1.2,1.1,2014-10-30,0151,Terra,MODIS,78,6.2,313.8,18.4,D,0
-30.3961,125.0437,333.2,1,1,2014-10-30,0151,Terra,MODIS,53,6.2,314.4,9.6,D,0
-29.3559,128.332,334.3,1.2,1.1,2014-10-30,0151,Terra,MODIS,77,6.2,314.3,17.4,D,0
-30.3886,125.0558,333.6,1,1,2014-10-30,0151,Terra,MODIS,57,6.2,315.1,10.4,D,0
-30.4412,125.0993,370.3,1,1,2014-10-30,0151,Terra,MODIS,100,6.2,316.7,96.7,D,0
-30.4337,125.1115,395.8,1,1,2014-10-30,0151,Terra,MODIS,100,6.2,318.6,207.3,D,0
-30.4322,125.101,376,1,1,2014-10-30,0151,Terra,MODIS,100,6.2,316.2,113.5,D,0
-30.4427,125.1098,358,1,1,2014-10-30,0151,Terra,MODIS,98,6.2,312,61.7,D,0
-30.4487,125.0872,342.7,1,1,2014-10-30,0151,Terra,MODIS,86,6.2,312.5,26.9,D,0
-30.4397,125.0889,348.6,1,1,2014-10-30,0151,Terra,MODIS,86,6.2,315,35.6,D,0
-30.4307,125.0906,352,1,1,2014-10-30,0151,Terra,MODIS,94,6.2,315.1,39.8,D,0
-30.4292,125.0802,337.4,1,1,2014-10-30,0151,Terra,MODIS,40,6.2,314.7,13.2,D,0
-30.4246,125.049,334.8,1,1,2014-10-30,0151,Terra,MODIS,56,6.2,314.7,11.6,D,0
-30.4517,125.1081,328.1,1,1,2014-10-30,0151,Terra,MODIS,42,6.2,309.3,8.7,D,0
-30.4247,125.1132,350.8,1,1,2014-10-30,0151,Terra,MODIS,93,6.2,316.5,41.3,D,0
-30.4232,125.1027,369.8,1,1,2014-10-30,0151,Terra,MODIS,100,6.2,319.5,91.1,D,0
-30.4216,125.0923,360.3,1,1,2014-10-30,0151,Terra,MODIS,100,6.2,317.4,61.2,D,0
-30.4156,125.0507,335.1,1,1,2014-10-30,0151,Terra,MODIS,20,6.2,314.8,11.1,D,0
-30.4066,125.0524,339.5,1,1,2014-10-30,0151,Terra,MODIS,62,6.2,315.1,17,D,0
-30.4352,125.1219,352.2,1,1,2014-10-30,0151,Terra,MODIS,94,6.2,313.5,45.5,D,0
-27.4822,128.9466,338.4,1.3,1.1,2014-10-30,0151,Terra,MODIS,84,6.2,312.4,28.7,D,0
-27.5987,125.6028,333.9,1,1,2014-10-30,0151,Terra,MODIS,76,6.2,310.4,15.2,D,0
-27.5897,125.6045,333.3,1,1,2014-10-30,0151,Terra,MODIS,74,6.2,313,13.8,D,0
-27.4838,128.9593,332.1,1.3,1.1,2014-10-30,0151,Terra,MODIS,76,6.2,310.4,15.5,D,0
-27.4721,128.9481,341,1.3,1.1,2014-10-30,0151,Terra,MODIS,86,6.2,314.7,34.9,D,0
-28.5452,119.5612,328.4,1.7,1.3,2014-10-30,0151,Terra,MODIS,69,6.2,312.4,21.6,D,0
-28.5485,119.5783,326.5,1.7,1.3,2014-10-30,0151,Terra,MODIS,63,6.2,310.5,17.5,D,0
-27.4737,128.9608,348.6,1.3,1.1,2014-10-30,0151,Terra,MODIS,93,6.2,313.2,55.1,D,0
-30.8672,121.4997,335.8,1.2,1.1,2014-10-30,0152,Terra,MODIS,85,6.2,299.8,37.7,D,2
-30.8651,121.4874,324.3,1.2,1.1,2014-10-30,0152,Terra,MODIS,72,6.2,299.8,18.7,D,2
-36.2699,149.4626,313.3,1.9,1.3,2014-10-30,0429,Aqua,MODIS,70,6.2,298.9,18.7,D,0
-36.7253,144.2854,324.2,1.1,1,2014-10-30,0429,Aqua,MODIS,66,6.2,310.8,9,D,0
-36.7272,144.2737,326.2,1,1,2014-10-30,0429,Aqua,MODIS,70,6.2,311.3,11.1,D,0
-36.8046,144.3114,331,1.1,1,2014-10-30,0429,Aqua,MODIS,78,6.2,307.3,20.8,D,0
-36.8028,144.3233,334.3,1.1,1,2014-10-30,0429,Aqua,MODIS,82,6.2,307.9,25.6,D,0
-37.775,144.415,320.6,1,1,2014-10-30,0429,Aqua,MODIS,72,6.2,308.8,6.1,D,0
-37.8045,147.8961,314.8,1.4,1.2,2014-10-30,0429,Aqua,MODIS,60,6.2,290.3,18.3,D,0
-37.8006,147.885,320.7,1.4,1.2,2014-10-30,0429,Aqua,MODIS,80,6.2,290.8,26.6,D,0
-34.2694,142.1283,335.6,1,1,2014-10-30,0430,Aqua,MODIS,75,6.2,316.5,18.9,D,0
-28.8373,151.9618,341.3,4.2,1.9,2014-10-30,0431,Aqua,MODIS,87,6.2,298.9,295.2,D,0
-27.469,149.6735,329.4,3.2,1.7,2014-10-30,0431,Aqua,MODIS,72,6.2,310.5,52.1,D,0
-28.8386,151.9663,331.1,4.2,1.9,2014-10-30,0431,Aqua,MODIS,76,6.2,298.4,185.6,D,0
-28.8218,151.9618,363.2,4.2,1.9,2014-10-30,0431,Aqua,MODIS,100,6.2,300.7,687.9,D,0
-28.8056,151.9548,339.6,4.2,1.9,2014-10-30,0431,Aqua,MODIS,86,6.2,300.4,267,D,0
-28.8043,151.9501,334.4,4.2,1.9,2014-10-30,0431,Aqua,MODIS,71,6.2,300.7,197.3,D,0
-28.8205,151.9569,361.9,4.2,1.9,2014-10-30,0431,Aqua,MODIS,100,6.2,301,657.4,D,0
-29.5468,152.2935,324.2,4.2,1.9,2014-10-30,0431,Aqua,MODIS,56,6.2,293.8,128.7,D,0
-29.5442,152.2838,325.6,4.2,1.9,2014-10-30,0431,Aqua,MODIS,63,6.2,296.5,143,D,0
-28.8223,151.8729,330,4.1,1.9,2014-10-30,0431,Aqua,MODIS,64,6.2,303.5,131.8,D,0
-32.4143,135.7275,348.5,1.6,1.3,2014-10-30,0431,Aqua,MODIS,92,6.2,284.1,106.5,D,0
-28.8149,151.9157,332.8,4.1,1.9,2014-10-30,0431,Aqua,MODIS,78,6.2,301.8,174.3,D,0
-28.8134,151.9109,332.3,4.1,1.9,2014-10-30,0431,Aqua,MODIS,72,6.2,302.3,163.4,D,0
-28.839,151.8776,323.3,4.1,1.9,2014-10-30,0431,Aqua,MODIS,46,6.2,301.7,81.6,D,0
-28.8241,151.8775,335.8,4.1,1.9,2014-10-30,0431,Aqua,MODIS,82,6.2,303.6,194.1,D,0
-28.8297,151.9173,324.1,4.1,1.9,2014-10-30,0431,Aqua,MODIS,55,6.2,299.8,98.7,D,0
-28.5453,152.3358,334.7,4.5,1.9,2014-10-30,0431,Aqua,MODIS,80,6.2,295.6,234,D,0
-28.5467,152.3319,334.7,4.5,1.9,2014-10-30,0431,Aqua,MODIS,80,6.2,295.7,233.1,D,0
-28.5551,152.2952,322.7,4.4,1.9,2014-10-30,0431,Aqua,MODIS,34,6.2,299.7,104.4,D,0
-24.3953,146.2222,352.4,2.1,1.4,2014-10-30,0432,Aqua,MODIS,95,6.2,308.9,159.9,D,0
-24.3992,146.2019,346.6,2.1,1.4,2014-10-30,0432,Aqua,MODIS,90,6.2,310,124.6,D,0
-26.5779,147.175,347.7,2.2,1.4,2014-10-30,0432,Aqua,MODIS,90,6.2,317.9,111.6,D,0
-27.0815,144.6157,337.8,1.5,1.2,2014-10-30,0432,Aqua,MODIS,76,6.2,320.9,24.4,D,0
-26.6575,147.1103,353.9,2.2,1.4,2014-10-30,0432,Aqua,MODIS,96,6.2,314.7,160.4,D,0
-26.1642,146.4413,336,2,1.4,2014-10-30,0432,Aqua,MODIS,74,6.2,319.9,38,D,0
-28.0937,130.1132,339.4,3.5,1.8,2014-10-30,0432,Aqua,MODIS,86,6.2,301.3,158.7,D,0
-28.0964,130.0774,330.9,3.5,1.8,2014-10-30,0432,Aqua,MODIS,56,6.2,302.8,86.3,D,0
-24.3955,146.2155,351.3,2.1,1.4,2014-10-30,0433,Aqua,MODIS,94,6.2,310.8,154.3,D,0
-23.3782,147.8306,328.5,2.9,1.6,2014-10-30,0433,Aqua,MODIS,67,6.2,304.8,53.5,D,0
-21.8316,146.5961,345.3,2.6,1.5,2014-10-30,0433,Aqua,MODIS,88,6.2,311.6,122.1,D,0
-23.2092,146.5538,333.1,2.4,1.5,2014-10-30,0433,Aqua,MODIS,69,6.2,306,59.3,D,0
-20.4723,147.2679,330.1,3.1,1.7,2014-10-30,0433,Aqua,MODIS,63,6.2,302.6,68.8,D,0
-21.8225,146.5683,345.7,2.6,1.5,2014-10-30,0433,Aqua,MODIS,88,6.2,312.1,127.7,D,0
-22.3303,146.2982,358.6,2.4,1.5,2014-10-30,0433,Aqua,MODIS,99,6.2,314.5,215,D,0
-22.3258,146.321,413.6,2.4,1.5,2014-10-30,0433,Aqua,MODIS,100,6.2,317.9,1162.2,D,0
-21.8362,146.5714,350.4,2.6,1.5,2014-10-30,0433,Aqua,MODIS,93,6.2,312.7,164.5,D,0
-22.3436,146.3011,351.3,2.4,1.5,2014-10-30,0433,Aqua,MODIS,93,6.2,314.6,152.9,D,0
-22.3266,146.3375,361.4,2.4,1.5,2014-10-30,0433,Aqua,MODIS,94,6.2,306.7,248.1,D,0
-21.8178,146.5462,356.9,2.6,1.5,2014-10-30,0433,Aqua,MODIS,97,6.2,311.6,226.7,D,0
-22.3392,146.3238,379.3,2.4,1.5,2014-10-30,0433,Aqua,MODIS,100,6.2,312.2,466.6,D,0
-21.7313,141.2984,410.6,1.2,1.1,2014-10-30,0433,Aqua,MODIS,100,6.2,332.2,369.3,D,0
-22.4037,146.3192,341.2,2.4,1.5,2014-10-30,0433,Aqua,MODIS,55,6.2,311.4,102.4,D,0
-21.7295,141.3096,371.9,1.2,1.1,2014-10-30,0433,Aqua,MODIS,100,6.2,313.5,129.3,D,0
-23.5773,145.8666,331.4,2.1,1.4,2014-10-30,0433,Aqua,MODIS,55,6.2,313.6,26.8,D,0
-21.8272,146.5437,380.4,2.6,1.5,2014-10-30,0433,Aqua,MODIS,100,6.2,313.3,532.7,D,0
-23.4115,146.0375,341.1,2.2,1.4,2014-10-30,0433,Aqua,MODIS,71,6.2,313.8,83.5,D,0
-22.331,146.3145,428.3,2.4,1.5,2014-10-30,0433,Aqua,MODIS,100,6.2,322.6,1611.1,D,0
-21.7355,141.2944,405.1,1.2,1.1,2014-10-30,0433,Aqua,MODIS,100,6.2,331.9,320.8,D,0
-21.7337,141.3056,396,1.2,1.1,2014-10-30,0433,Aqua,MODIS,100,6.2,320.5,257.7,D,0
-23.3975,146.0513,334.8,2.2,1.4,2014-10-30,0433,Aqua,MODIS,71,6.2,311.1,48.9,D,0
-23.4103,146.0542,338.4,2.2,1.4,2014-10-30,0433,Aqua,MODIS,76,6.2,312.5,67.2,D,0
-21.712,141.2948,421,1.2,1.1,2014-10-30,0433,Aqua,MODIS,100,6.2,341,472.2,D,0
-21.8315,146.5493,367.7,2.6,1.5,2014-10-30,0433,Aqua,MODIS,100,6.2,311.1,346.1,D,0
-21.7216,141.2966,389,1.2,1.1,2014-10-30,0433,Aqua,MODIS,100,6.2,333.5,206,D,0
-21.7102,141.306,432.3,1.2,1.1,2014-10-30,0433,Aqua,MODIS,100,6.2,330.7,608.6,D,0
-21.7181,141.3191,334.9,1.2,1.1,2014-10-30,0433,Aqua,MODIS,58,6.2,308.4,21.9,D,0
-21.7199,141.3078,430.6,1.2,1.1,2014-10-30,0433,Aqua,MODIS,100,6.2,331.7,591.9,D,0
-21.7006,141.3042,396.9,1.2,1.1,2014-10-30,0433,Aqua,MODIS,100,6.2,327.5,262.8,D,0
-21.7024,141.293,371.7,1.2,1.1,2014-10-30,0433,Aqua,MODIS,100,6.2,328.6,116.8,D,0
-21.6988,141.3154,353.8,1.2,1.1,2014-10-30,0433,Aqua,MODIS,95,6.2,313.1,64.8,D,0
-21.691,141.3024,377.2,1.2,1.1,2014-10-30,0433,Aqua,MODIS,100,6.2,322.7,145.8,D,0
-21.6813,141.3006,342.6,1.2,1.1,2014-10-30,0433,Aqua,MODIS,52,6.2,319.7,23.6,D,0
-21.8355,146.6017,346.5,2.6,1.5,2014-10-30,0433,Aqua,MODIS,89,6.2,311.4,133.5,D,0
-21.8493,146.6048,330.1,2.6,1.5,2014-10-30,0433,Aqua,MODIS,55,6.2,306.5,32.1,D,0
-21.8266,146.5739,338.5,2.6,1.5,2014-10-30,0433,Aqua,MODIS,79,6.2,311.5,73.2,D,0
-21.8404,146.577,367,2.6,1.5,2014-10-30,0433,Aqua,MODIS,100,6.2,313.9,335.4,D,0
-22.0927,145.8251,335.1,2.2,1.5,2014-10-30,0433,Aqua,MODIS,62,6.2,312.5,53.7,D,0
-21.6963,141.2689,348.1,1.2,1.1,2014-10-30,0433,Aqua,MODIS,80,6.2,325.8,31,D,0
-21.6945,141.28,359.2,1.2,1.1,2014-10-30,0433,Aqua,MODIS,99,6.2,325.9,62.6,D,0
-21.7418,141.2316,344.7,1.2,1.1,2014-10-30,0433,Aqua,MODIS,86,6.2,327.7,26,D,0
-22.0798,145.8223,331.7,2.2,1.5,2014-10-30,0433,Aqua,MODIS,53,6.2,312.4,40.7,D,0
-21.7373,141.2832,352,1.2,1.1,2014-10-30,0433,Aqua,MODIS,88,6.2,327.4,45.3,D,0
-21.6735,141.2876,340.9,1.2,1.1,2014-10-30,0433,Aqua,MODIS,65,6.2,326.5,18.4,D,0
-21.3375,145.5566,348,2.2,1.4,2014-10-30,0433,Aqua,MODIS,90,6.2,315.5,116.8,D,0
-21.7523,141.2517,352.8,1.2,1.1,2014-10-30,0433,Aqua,MODIS,85,6.2,323.6,44.4,D,0
-21.7445,141.2388,371.9,1.2,1.1,2014-10-30,0433,Aqua,MODIS,100,6.2,329.5,110.3,D,0
-21.6927,141.2912,356.2,1.2,1.1,2014-10-30,0433,Aqua,MODIS,89,6.2,325,54.9,D,0
-21.7427,141.2499,372.2,1.2,1.1,2014-10-30,0433,Aqua,MODIS,100,6.2,328.4,110.8,D,0
-21.7435,141.2205,349.2,1.2,1.1,2014-10-30,0433,Aqua,MODIS,91,6.2,329,37.3,D,0
-20.996,145.4797,336.9,2.2,1.4,2014-10-30,0433,Aqua,MODIS,52,6.2,311.5,64.9,D,0
-21.3414,145.5356,349.4,2.2,1.4,2014-10-30,0433,Aqua,MODIS,91,6.2,316.2,126.6,D,0
-21.6849,141.2783,381.1,1.2,1.1,2014-10-30,0433,Aqua,MODIS,100,6.2,330.9,157.2,D,0
-21.7252,141.2743,341.5,1.2,1.1,2014-10-30,0433,Aqua,MODIS,20,6.2,326.8,18.1,D,0
-21.7138,141.2836,376.8,1.2,1.1,2014-10-30,0433,Aqua,MODIS,100,6.2,329.3,130.7,D,0
-21.733,141.2872,359.7,1.2,1.1,2014-10-30,0433,Aqua,MODIS,99,6.2,330.3,70.1,D,0
-21.7059,141.2707,341.3,1.2,1.1,2014-10-30,0433,Aqua,MODIS,55,6.2,325.4,15.5,D,0
-21.7042,141.2818,355.9,1.2,1.1,2014-10-30,0433,Aqua,MODIS,97,6.2,327.1,51.9,D,0
-21.6831,141.2894,429,1.2,1.1,2014-10-30,0433,Aqua,MODIS,100,6.2,334.8,555.2,D,0
-21.74,141.2427,341.1,1.2,1.1,2014-10-30,0433,Aqua,MODIS,81,6.2,327.7,18,D,0
-21.7234,141.2854,403.5,1.2,1.1,2014-10-30,0433,Aqua,MODIS,100,6.2,335.4,305.5,D,0
-18.2963,145.2686,343,2.5,1.5,2014-10-30,0434,Aqua,MODIS,78,6.2,307.1,110.7,D,0
-17.9163,144.596,343.7,2.2,1.4,2014-10-30,0434,Aqua,MODIS,76,6.2,313.6,92.2,D,0
-18.2905,145.2751,337.8,2.5,1.5,2014-10-30,0434,Aqua,MODIS,59,6.2,307.4,81.2,D,0
-18.2644,145.2137,343.6,2.4,1.5,2014-10-30,0434,Aqua,MODIS,67,6.2,302.3,121.4,D,0
-17.9478,144.6297,332.3,2.2,1.4,2014-10-30,0434,Aqua,MODIS,66,6.2,312.8,32.4,D,0
-18.2381,145.2811,331.7,2.5,1.5,2014-10-30,0434,Aqua,MODIS,33,6.2,305.2,52.9,D,0
-18.251,145.2107,343.4,2.4,1.5,2014-10-30,0434,Aqua,MODIS,80,6.2,301.5,128.9,D,0
-17.9259,144.6031,338.2,2.2,1.4,2014-10-30,0434,Aqua,MODIS,39,6.2,315.2,57.1,D,0
-20.3023,145.3065,332.9,2.2,1.5,2014-10-30,0434,Aqua,MODIS,64,6.2,309.3,48.5,D,0
-18.2685,145.1913,344.1,2.4,1.5,2014-10-30,0434,Aqua,MODIS,78,6.2,301.4,129.8,D,0
-18.3259,145.235,340.1,2.4,1.5,2014-10-30,0434,Aqua,MODIS,63,6.2,300.5,106.6,D,0
-18.3126,145.2319,377.4,2.4,1.5,2014-10-30,0434,Aqua,MODIS,94,6.2,304.8,457.5,D,0
-17.9292,144.5985,343.3,2.2,1.4,2014-10-30,0434,Aqua,MODIS,77,6.2,315,86.1,D,0
-18.2425,145.2573,370.9,2.5,1.5,2014-10-30,0434,Aqua,MODIS,100,6.2,305.1,383,D,0
-17.9388,144.606,347.3,2.2,1.4,2014-10-30,0434,Aqua,MODIS,90,6.2,313.8,110.7,D,0
-20.2824,145.2727,335.6,2.2,1.4,2014-10-30,0434,Aqua,MODIS,53,6.2,311.4,55.3,D,0
-18.3168,145.2092,366.8,2.4,1.5,2014-10-30,0434,Aqua,MODIS,94,6.2,304.6,325.9,D,0
-20.3044,145.2992,328.4,2.2,1.5,2014-10-30,0434,Aqua,MODIS,6,6.2,309.2,28.3,D,0
-20.2914,145.2965,329.4,2.2,1.5,2014-10-30,0434,Aqua,MODIS,19,6.2,310.5,30.9,D,0
-20.5592,140.6998,355.8,1.1,1.1,2014-10-30,0434,Aqua,MODIS,97,6.2,332.5,45.4,D,0
-17.9297,144.5827,347.2,2.2,1.4,2014-10-30,0434,Aqua,MODIS,75,6.2,311.9,111.8,D,0
-18.2468,145.2338,352.8,2.4,1.5,2014-10-30,0434,Aqua,MODIS,92,6.2,303.8,195.6,D,0
-17.9512,144.6253,333.4,2.2,1.4,2014-10-30,0434,Aqua,MODIS,29,6.2,312.7,34,D,0
-17.942,144.6018,345.6,2.2,1.4,2014-10-30,0434,Aqua,MODIS,89,6.2,312,99.9,D,0
-17.9515,144.6094,334,2.2,1.4,2014-10-30,0434,Aqua,MODIS,73,6.2,311,40.6,D,0
-20.5816,140.6817,345.8,1.1,1.1,2014-10-30,0434,Aqua,MODIS,46,6.2,332.7,17.3,D,0
-20.5609,140.6891,348.9,1.1,1.1,2014-10-30,0434,Aqua,MODIS,73,6.2,331.9,25.8,D,0
-20.2893,145.3038,332.7,2.2,1.5,2014-10-30,0434,Aqua,MODIS,51,6.2,310.5,45.4,D,0
-18.3041,145.2776,332.1,2.5,1.5,2014-10-30,0434,Aqua,MODIS,52,6.2,305.2,59.3,D,0
-18.3117,145.1618,332.9,2.4,1.5,2014-10-30,0434,Aqua,MODIS,46,6.2,304.1,69.6,D,0
-20.2785,145.2938,343,2.2,1.5,2014-10-30,0434,Aqua,MODIS,85,6.2,313.4,96.2,D,0
-19.0709,142.8567,351.7,1.6,1.2,2014-10-30,0434,Aqua,MODIS,93,6.2,316.4,79.3,D,0
-18.9944,142.5657,339.2,1.5,1.2,2014-10-30,0434,Aqua,MODIS,70,6.2,316.7,31,D,0
-22.3482,128.0624,340.6,4.2,1.9,2014-10-30,0434,Aqua,MODIS,71,6.2,293.4,283.8,D,0
-22.3465,128.0579,341.6,4.2,1.9,2014-10-30,0434,Aqua,MODIS,72,6.2,294.2,287.7,D,0
-19.0964,142.5027,338.3,1.5,1.2,2014-10-30,0434,Aqua,MODIS,41,6.2,313.1,27,D,0
-19.0738,142.8487,356.2,1.6,1.2,2014-10-30,0434,Aqua,MODIS,97,6.2,318.6,101.9,D,0
-19.0712,142.8636,336.2,1.6,1.2,2014-10-30,0434,Aqua,MODIS,74,6.2,313.9,26.2,D,0
-19.1096,142.4906,363.6,1.5,1.2,2014-10-30,0434,Aqua,MODIS,100,6.2,315.9,128.6,D,0
-18.8598,141.7049,362.3,1.3,1.1,2014-10-30,0434,Aqua,MODIS,100,6.2,319.1,102.7,D,0
-18.8619,141.6923,345.5,1.3,1.1,2014-10-30,0434,Aqua,MODIS,87,6.2,318.9,40.3,D,0
-19.0077,142.5535,338.4,1.5,1.2,2014-10-30,0434,Aqua,MODIS,56,6.2,314.4,30.1,D,0
-18.9968,142.5515,361.5,1.5,1.2,2014-10-30,0434,Aqua,MODIS,100,6.2,317.4,123.2,D,0
-19.481,142.6955,349.9,1.5,1.2,2014-10-30,0434,Aqua,MODIS,92,6.2,320.7,65.5,D,0
-19.4766,142.7028,351.8,1.5,1.2,2014-10-30,0434,Aqua,MODIS,93,6.2,321.6,73.1,D,0
-19.9487,148.0237,326.9,3.6,1.8,2014-10-30,0434,Aqua,MODIS,50,6.2,302.2,87.6,D,0
-19.9559,148.0171,327.2,3.6,1.8,2014-10-30,0434,Aqua,MODIS,52,6.2,301.8,91.1,D,0
-19.4786,142.7098,363.9,1.5,1.2,2014-10-30,0434,Aqua,MODIS,100,6.2,320.7,130.5,D,0
-19.4919,142.6976,343,1.5,1.2,2014-10-30,0434,Aqua,MODIS,65,6.2,318.5,44,D,0
-19.0734,142.8418,341.8,1.6,1.2,2014-10-30,0434,Aqua,MODIS,83,6.2,317.7,40.8,D,0
-19.4894,142.7119,339.9,1.5,1.2,2014-10-30,0434,Aqua,MODIS,46,6.2,316.8,32.6,D,0
-19.2702,131.4596,341.8,2.2,1.4,2014-10-30,0434,Aqua,MODIS,83,6.2,321.6,46.4,D,0
-19.2455,131.575,339.4,2.1,1.4,2014-10-30,0434,Aqua,MODIS,63,6.2,320.7,45,D,0
-19.381,131.0396,353.9,2.3,1.5,2014-10-30,0434,Aqua,MODIS,95,6.2,318.1,161.1,D,0
-19.1077,132.0951,342.4,1.9,1.4,2014-10-30,0434,Aqua,MODIS,70,6.2,316.7,54.7,D,0
-19.3834,131.0173,332.9,2.3,1.5,2014-10-30,0434,Aqua,MODIS,56,6.2,317.9,29.6,D,0
-19.2853,131.0911,360.1,2.3,1.5,2014-10-30,0434,Aqua,MODIS,100,6.2,314.4,209.6,D,0
-19.272,131.0895,374.4,2.3,1.5,2014-10-30,0434,Aqua,MODIS,100,6.2,319,355,D,0
-19.2744,131.0674,360.6,2.3,1.5,2014-10-30,0434,Aqua,MODIS,100,6.2,317.4,206.3,D,0
-19.4986,131.7438,364.5,2.1,1.4,2014-10-30,0434,Aqua,MODIS,100,6.2,315.5,229.7,D,0
-19.4221,131.848,342.6,2,1.4,2014-10-30,0434,Aqua,MODIS,79,6.2,317.7,62.7,D,0
-19.3093,131.3373,345,2.2,1.4,2014-10-30,0434,Aqua,MODIS,78,6.2,322.4,71.5,D,0
-19.3115,131.3163,338.8,2.2,1.4,2014-10-30,0434,Aqua,MODIS,39,6.2,319.6,44.5,D,0
-19.1872,130.6352,333.5,2.5,1.5,2014-10-30,0434,Aqua,MODIS,47,6.2,313.7,42.3,D,0
-19.4229,131.8533,338.4,2,1.4,2014-10-30,0434,Aqua,MODIS,70,6.2,317,45.9,D,0
-19.1848,130.6587,359.1,2.5,1.5,2014-10-30,0434,Aqua,MODIS,99,6.2,315.1,223.9,D,0
-19.486,131.7423,420.2,2.1,1.4,2014-10-30,0434,Aqua,MODIS,100,6.2,325.4,1089.9,D,0
-19.2658,131.3912,341.5,2.2,1.4,2014-10-30,0434,Aqua,MODIS,60,6.2,319.9,53.7,D,0
-19.4346,131.8495,333.4,2,1.4,2014-10-30,0434,Aqua,MODIS,23,6.2,317.1,25,D,0
-19.4669,131.7997,337.5,2.1,1.4,2014-10-30,0434,Aqua,MODIS,35,6.2,318.2,40.5,D,0
-19.469,131.7801,415.9,2.1,1.4,2014-10-30,0434,Aqua,MODIS,100,6.2,327.6,969.3,D,0
-19.2988,131.3313,363,2.2,1.4,2014-10-30,0434,Aqua,MODIS,100,6.2,322.5,208.4,D,0
-19.2962,131.3358,355.7,2.2,1.4,2014-10-30,0434,Aqua,MODIS,96,6.2,322.5,144,D,0
-19.4712,131.7604,440.5,2.1,1.4,2014-10-30,0434,Aqua,MODIS,100,6.2,332.1,1649.1,D,0
-19.2697,131.1115,341,2.3,1.5,2014-10-30,0434,Aqua,MODIS,66,6.2,314.9,62,D,0
-19.4838,131.762,389.7,2.1,1.4,2014-10-30,0434,Aqua,MODIS,100,6.2,322.4,500.4,D,0
-19.4816,131.7816,339.6,2.1,1.4,2014-10-30,0434,Aqua,MODIS,48,6.2,316.5,50.1,D,0
-19.2635,131.412,357.8,2.2,1.4,2014-10-30,0434,Aqua,MODIS,98,6.2,320.5,160.4,D,0
-19.4733,131.7407,369.1,2.1,1.4,2014-10-30,0434,Aqua,MODIS,100,6.2,314.9,265.3,D,0
-19.0781,130.6103,353.8,2.5,1.5,2014-10-30,0435,Aqua,MODIS,95,6.2,320,161.3,D,0
-19.0806,130.5867,342.5,2.5,1.5,2014-10-30,0435,Aqua,MODIS,59,6.2,321.2,75.8,D,0
-19.0994,130.5409,338.5,2.5,1.5,2014-10-30,0435,Aqua,MODIS,49,6.2,319.5,58.8,D,0
-19.1648,130.6516,365.4,2.5,1.5,2014-10-30,0435,Aqua,MODIS,100,6.2,318.6,287.9,D,0
-19.1623,130.675,337.9,2.5,1.5,2014-10-30,0435,Aqua,MODIS,68,6.2,320,54.8,D,0
-19.1598,130.6983,335.2,2.5,1.5,2014-10-30,0435,Aqua,MODIS,54,6.2,318.5,37.1,D,0
-19.0827,130.6418,341.9,2.5,1.5,2014-10-30,0435,Aqua,MODIS,72,6.2,321.7,52.7,D,0
-19.1325,130.695,344.9,2.5,1.5,2014-10-30,0435,Aqua,MODIS,80,6.2,323.7,81.9,D,0
-19.1301,130.7182,344.9,2.4,1.5,2014-10-30,0435,Aqua,MODIS,81,6.2,319.5,80.1,D,0
-19.0756,130.6337,349.8,2.5,1.5,2014-10-30,0435,Aqua,MODIS,87,6.2,319.4,125.3,D,0
-18.5372,130.5833,337.1,2.5,1.5,2014-10-30,0435,Aqua,MODIS,32,6.2,319.4,49,D,0
-18.4276,130.6354,339,2.4,1.5,2014-10-30,0435,Aqua,MODIS,49,6.2,320.5,53.4,D,0
-19.085,130.6182,365.6,2.5,1.5,2014-10-30,0435,Aqua,MODIS,100,6.2,323.3,265.7,D,0
-19.1785,130.6533,392.4,2.5,1.5,2014-10-30,0435,Aqua,MODIS,100,6.2,320.5,697.6,D,0
-19.1735,130.6336,346.7,2.5,1.5,2014-10-30,0435,Aqua,MODIS,67,6.2,315.9,121.2,D,0
-19.1711,130.657,392.8,2.5,1.5,2014-10-30,0435,Aqua,MODIS,75,6.2,322.4,709.8,D,0
-19.1462,130.6966,371.9,2.5,1.5,2014-10-30,0435,Aqua,MODIS,100,6.2,322.8,348.6,D,0
-19.1437,130.7198,343.4,2.4,1.5,2014-10-30,0435,Aqua,MODIS,74,6.2,318.5,72.6,D,0
-18.9196,132.1952,352.8,1.9,1.3,2014-10-30,0435,Aqua,MODIS,94,6.2,317.3,108,D,0
-18.915,132.1874,371.6,1.9,1.3,2014-10-30,0435,Aqua,MODIS,100,6.2,320.1,241.1,D,0
-18.5878,132.7202,344.6,1.7,1.3,2014-10-30,0435,Aqua,MODIS,70,6.2,320.6,51.2,D,0
-18.9029,132.1859,369.2,1.9,1.3,2014-10-30,0435,Aqua,MODIS,100,6.2,323.3,217.1,D,0
-18.4964,132.7453,342.4,1.7,1.3,2014-10-30,0435,Aqua,MODIS,71,6.2,321.7,36.6,D,0
-18.9008,132.2037,339.2,1.9,1.3,2014-10-30,0435,Aqua,MODIS,63,6.2,320,37.1,D,0
-18.4937,132.7519,342,1.7,1.3,2014-10-30,0435,Aqua,MODIS,66,6.2,321.1,36.4,D,0
-16.05,136.0656,345.6,1,1,2014-10-30,0435,Aqua,MODIS,84,6.2,319.6,27.3,D,0
-16.0592,136.067,373.9,1,1,2014-10-30,0435,Aqua,MODIS,100,6.2,321.6,110.1,D,0
-15.581,142.1673,347,1.6,1.3,2014-10-30,0435,Aqua,MODIS,90,6.2,314.5,64.9,D,0
-15.3062,142.6418,352.6,1.8,1.3,2014-10-30,0435,Aqua,MODIS,95,6.2,313.6,104.5,D,0
-15.4411,142.5779,330,1.8,1.3,2014-10-30,0435,Aqua,MODIS,38,6.2,312.1,16.2,D,0
-15.162,142.7285,334.3,1.8,1.3,2014-10-30,0435,Aqua,MODIS,16,6.2,313.3,26,D,0
-15.3278,145.2668,337.6,2.8,1.6,2014-10-30,0435,Aqua,MODIS,62,6.2,297.9,145.7,D,0
-15.2917,142.6562,341.2,1.8,1.3,2014-10-30,0435,Aqua,MODIS,85,6.2,315.6,51.3,D,0
-15.3034,142.6583,341.5,1.8,1.3,2014-10-30,0435,Aqua,MODIS,85,6.2,312.5,55.6,D,0
-15.2003,142.7182,337.6,1.8,1.3,2014-10-30,0435,Aqua,MODIS,48,6.2,312.8,38.6,D,0
-15.1908,142.6306,333.4,1.8,1.3,2014-10-30,0435,Aqua,MODIS,73,6.2,312.5,23.6,D,0
-15.1206,142.7558,337.3,1.8,1.3,2014-10-30,0435,Aqua,MODIS,43,6.2,312.6,40.4,D,0
-15.5082,142.1855,338.6,1.6,1.3,2014-10-30,0435,Aqua,MODIS,66,6.2,317.9,33.3,D,0
-15.2771,142.6706,335.3,1.8,1.3,2014-10-30,0435,Aqua,MODIS,53,6.2,314.2,29.7,D,0
-15.3466,143.1223,330,1.9,1.4,2014-10-30,0435,Aqua,MODIS,59,6.2,309.6,16.9,D,0
-16.3673,142.6938,340.6,1.7,1.3,2014-10-30,0435,Aqua,MODIS,73,6.2,318.7,34.7,D,0
-15.2889,142.6728,336.9,1.8,1.3,2014-10-30,0435,Aqua,MODIS,62,6.2,313.2,36.5,D,0
-15.3207,142.6274,336.4,1.8,1.3,2014-10-30,0435,Aqua,MODIS,78,6.2,310.9,37.1,D,0
-15.3291,142.6174,336,1.8,1.3,2014-10-30,0435,Aqua,MODIS,77,6.2,312.2,35.4,D,0
-15.179,142.6286,331.2,1.8,1.3,2014-10-30,0435,Aqua,MODIS,59,6.2,310.4,15.8,D,0
-15.1738,142.7307,338.5,1.8,1.3,2014-10-30,0435,Aqua,MODIS,70,6.2,312.1,42.3,D,0
-15.5472,142.1612,341.3,1.6,1.3,2014-10-30,0435,Aqua,MODIS,73,6.2,316.9,43,D,0
-15.3842,142.5769,332.8,1.8,1.3,2014-10-30,0435,Aqua,MODIS,33,6.2,312,22.5,D,0
-15.309,142.6252,347.9,1.8,1.3,2014-10-30,0435,Aqua,MODIS,91,6.2,311.5,80.1,D,0
-16.0486,136.0753,351,1,1,2014-10-30,0435,Aqua,MODIS,93,6.2,318.5,39.2,D,0
-15.5069,142.1937,336.2,1.6,1.3,2014-10-30,0435,Aqua,MODIS,44,6.2,317,26,D,0
-15.3581,142.5889,334.4,1.8,1.3,2014-10-30,0435,Aqua,MODIS,61,6.2,311.4,28.4,D,0
-15.3215,143.0918,336,1.9,1.4,2014-10-30,0435,Aqua,MODIS,78,6.2,310.4,37.3,D,0
-15.5584,142.1633,339.3,1.6,1.3,2014-10-30,0435,Aqua,MODIS,55,6.2,317.8,35,D,0
-15.4555,142.5638,330.4,1.8,1.3,2014-10-30,0435,Aqua,MODIS,31,6.2,312.7,17.3,D,0
-16.0578,136.0767,356.9,1,1,2014-10-30,0435,Aqua,MODIS,97,6.2,318.1,55.2,D,0
-15.3306,143.1119,332,1.9,1.4,2014-10-30,0435,Aqua,MODIS,70,6.2,310.7,23.5,D,0
-15.4439,142.5616,331.2,1.8,1.3,2014-10-30,0435,Aqua,MODIS,52,6.2,312.7,19.7,D,0
-15.5672,142.1804,344.9,1.6,1.3,2014-10-30,0435,Aqua,MODIS,82,6.2,315.4,56.5,D,0
-15.8995,133.9171,350.1,1.3,1.1,2014-10-30,0435,Aqua,MODIS,86,6.2,318.7,51,D,0
-15.7517,133.8846,350.3,1.3,1.1,2014-10-30,0435,Aqua,MODIS,92,6.2,320.7,46.3,D,0
-16.7703,142.8434,343.6,1.7,1.3,2014-10-30,0435,Aqua,MODIS,66,6.2,318.3,46.3,D,0
-16.8517,142.8309,340.6,1.7,1.3,2014-10-30,0435,Aqua,MODIS,44,6.2,318,41.1,D,0
-14.5504,141.7098,369.3,1.6,1.2,2014-10-30,0435,Aqua,MODIS,100,6.2,307.8,189.3,D,0
-14.4365,141.698,361.2,1.6,1.2,2014-10-30,0435,Aqua,MODIS,100,6.2,307.8,137.5,D,0
-14.5114,141.8087,340.8,1.6,1.2,2014-10-30,0435,Aqua,MODIS,80,6.2,313.3,45,D,0
-14.5051,141.7772,332.7,1.6,1.2,2014-10-30,0435,Aqua,MODIS,64,6.2,310.6,23.7,D,0
-14.5138,141.7939,334.7,1.6,1.2,2014-10-30,0435,Aqua,MODIS,48,6.2,311.9,27.6,D,0
-15.1841,134.5031,340.8,1.2,1.1,2014-10-30,0435,Aqua,MODIS,74,6.2,318,22.3,D,0
-14.6025,141.7398,343.1,1.6,1.2,2014-10-30,0435,Aqua,MODIS,76,6.2,309.2,41.8,D,0
-15.9011,133.9049,345.2,1.3,1.1,2014-10-30,0435,Aqua,MODIS,72,6.2,319.9,35.2,D,0
-16.8738,142.7596,340.3,1.7,1.3,2014-10-30,0435,Aqua,MODIS,71,6.2,316,38.7,D,0
-16.9904,144.2479,335.4,2.2,1.4,2014-10-30,0435,Aqua,MODIS,52,6.2,313.2,42.6,D,0
-16.9867,144.2682,342.9,2.2,1.4,2014-10-30,0435,Aqua,MODIS,86,6.2,314.9,80.9,D,0
-17.0032,144.2505,335.6,2.2,1.4,2014-10-30,0435,Aqua,MODIS,27,6.2,314.8,41.8,D,0
-17.0252,144.2756,334,2.2,1.4,2014-10-30,0435,Aqua,MODIS,15,6.2,314.9,33.1,D,0
-17.0381,144.2782,335.3,2.2,1.4,2014-10-30,0435,Aqua,MODIS,55,6.2,313.1,40.4,D,0
-16.9878,144.2609,345.6,2.2,1.4,2014-10-30,0435,Aqua,MODIS,89,6.2,315.4,96.2,D,0
-16.658,142.8157,337.3,1.7,1.3,2014-10-30,0435,Aqua,MODIS,65,6.2,317.1,26.6,D,0
-16.8651,142.7509,337.2,1.7,1.3,2014-10-30,0435,Aqua,MODIS,61,6.2,314.4,34.9,D,0
-14.5592,141.7263,370.2,1.6,1.2,2014-10-30,0435,Aqua,MODIS,100,6.2,304.9,192.4,D,0
-15.8021,133.886,337.4,1.3,1.1,2014-10-30,0435,Aqua,MODIS,34,6.2,317.9,18,D,0
-15.6435,133.9378,338,1.3,1.1,2014-10-30,0435,Aqua,MODIS,54,6.2,317.3,19,D,0
-16.9748,130.8583,336.4,2.2,1.4,2014-10-30,0435,Aqua,MODIS,76,6.2,312,52.8,D,0
-14.454,141.7312,333.4,1.6,1.2,2014-10-30,0435,Aqua,MODIS,74,6.2,309,24.4,D,0
-15.1953,134.4935,339.1,1.2,1.1,2014-10-30,0435,Aqua,MODIS,78,6.2,318.4,22.4,D,0
-14.5726,141.7137,358.7,1.6,1.2,2014-10-30,0435,Aqua,MODIS,99,6.2,305.2,126.1,D,0
-15.1967,134.4824,336.4,1.2,1.1,2014-10-30,0435,Aqua,MODIS,63,6.2,316.9,17,D,0
-14.575,141.6992,336.2,1.6,1.2,2014-10-30,0435,Aqua,MODIS,74,6.2,303,44.6,D,0
-16.9776,130.8537,333.7,2.2,1.4,2014-10-30,0435,Aqua,MODIS,48,6.2,312,40.2,D,0
-16.9645,130.8523,337.5,2.2,1.4,2014-10-30,0435,Aqua,MODIS,79,6.2,312.9,57.8,D,0
-16.9669,130.8315,333.1,2.2,1.4,2014-10-30,0435,Aqua,MODIS,54,6.2,313.1,38.7,D,0
-16.9514,130.851,337.6,2.2,1.4,2014-10-30,0435,Aqua,MODIS,64,6.2,314.2,53.7,D,0
-16.9538,130.83,342.7,2.2,1.4,2014-10-30,0435,Aqua,MODIS,84,6.2,315,82.3,D,0
-16.9198,142.7681,336.7,1.7,1.3,2014-10-30,0435,Aqua,MODIS,48,6.2,317.8,22.8,D,0
-16.8137,142.7742,348.5,1.7,1.3,2014-10-30,0435,Aqua,MODIS,79,6.2,315.4,75.5,D,0
-16.917,142.784,347.5,1.7,1.3,2014-10-30,0435,Aqua,MODIS,90,6.2,317.1,65.9,D,0
-17.0345,144.2983,335.3,2.2,1.4,2014-10-30,0435,Aqua,MODIS,57,6.2,312.4,41.1,D,0
-16.8739,142.769,336.3,1.7,1.3,2014-10-30,0435,Aqua,MODIS,53,6.2,315.1,29.7,D,0
-15.6857,133.9314,338.1,1.3,1.1,2014-10-30,0435,Aqua,MODIS,67,6.2,316.5,17.9,D,0
-15.674,133.942,348.7,1.3,1.1,2014-10-30,0435,Aqua,MODIS,91,6.2,316.5,47.5,D,0
-17.0462,142.6997,332.9,1.7,1.3,2014-10-30,0435,Aqua,MODIS,60,6.2,314.6,18.6,D,0
-14.5615,141.7118,366.5,1.6,1.2,2014-10-30,0435,Aqua,MODIS,100,6.2,305.7,172.7,D,0
-15.3942,133.7364,340.7,1.3,1.1,2014-10-30,0435,Aqua,MODIS,73,6.2,321,21.5,D,0
-15.3844,134.0515,347.4,1.3,1.1,2014-10-30,0435,Aqua,MODIS,89,6.2,319.4,42.4,D,0
-15.3829,134.0633,336.1,1.3,1.1,2014-10-30,0435,Aqua,MODIS,51,6.2,317.1,16,D,0
-14.8125,144.3655,339.1,2.5,1.5,2014-10-30,0435,Aqua,MODIS,82,6.2,305.7,96.6,D,0
-15.6959,133.9328,338.8,1.3,1.1,2014-10-30,0435,Aqua,MODIS,58,6.2,318.2,19.8,D,0
-14.5481,141.7244,373,1.6,1.2,2014-10-30,0435,Aqua,MODIS,100,6.2,308.1,213,D,0
-15.6015,133.9498,337.3,1.3,1.1,2014-10-30,0435,Aqua,MODIS,21,6.2,319.7,17.2,D,0
-15.7049,133.9272,337.7,1.3,1.1,2014-10-30,0435,Aqua,MODIS,70,6.2,318.2,18,D,0
-14.568,141.8093,332,1.6,1.2,2014-10-30,0435,Aqua,MODIS,33,6.2,313.1,19.2,D,0
-16.9285,142.7862,339.8,1.7,1.3,2014-10-30,0435,Aqua,MODIS,72,6.2,316.1,34.8,D,0
-16.9312,142.7703,335.2,1.7,1.3,2014-10-30,0435,Aqua,MODIS,26,6.2,317,17.9,D,0
-14.6049,141.7252,381.3,1.6,1.2,2014-10-30,0435,Aqua,MODIS,100,6.2,309.6,261.3,D,0
-18.4067,127.8256,338.9,3.9,1.8,2014-10-30,0435,Aqua,MODIS,78,6.2,313.3,152,D,0
-18.4102,127.788,339.5,4,1.9,2014-10-30,0435,Aqua,MODIS,79,6.2,312.4,160.9,D,0
-18.39,127.824,340.9,3.9,1.8,2014-10-30,0435,Aqua,MODIS,71,6.2,313.9,171.6,D,0
-18.3934,127.7865,336.7,4,1.9,2014-10-30,0435,Aqua,MODIS,64,6.2,312.5,122,D,0
-18.4023,127.8207,355.5,3.9,1.8,2014-10-30,0435,Aqua,MODIS,96,6.2,313.8,388.4,D,0
-18.406,127.7832,343.7,4,1.9,2014-10-30,0435,Aqua,MODIS,85,6.2,312.5,209.8,D,0
-16.024,133.5725,336.5,1.4,1.2,2014-10-30,0435,Aqua,MODIS,33,6.2,311.6,26.6,D,0
-16.8115,142.8567,340.3,1.7,1.3,2014-10-30,0435,Aqua,MODIS,63,6.2,316.2,37.2,D,0
-16.4935,139.5902,328.8,1.1,1.1,2014-10-30,0435,Aqua,MODIS,0,6.2,310.1,9.8,D,0
-16.8143,142.8405,344.5,1.7,1.3,2014-10-30,0435,Aqua,MODIS,87,6.2,317.5,50.7,D,0
-14.5667,141.7485,353.6,1.6,1.2,2014-10-30,0435,Aqua,MODIS,96,6.2,311.3,91.7,D,0
-14.5679,141.743,350.5,1.6,1.2,2014-10-30,0435,Aqua,MODIS,93,6.2,309.9,81.1,D,0
-14.5656,141.7576,338.7,1.6,1.2,2014-10-30,0435,Aqua,MODIS,82,6.2,311.9,37.8,D,0
-15.6639,133.9406,342.6,1.3,1.1,2014-10-30,0435,Aqua,MODIS,84,6.2,318.1,31.3,D,0
-15.6017,133.7898,341.7,1.3,1.1,2014-10-30,0435,Aqua,MODIS,69,6.2,321.6,26.1,D,0
-14.5581,141.7319,339.8,1.6,1.2,2014-10-30,0435,Aqua,MODIS,81,6.2,305.1,44.5,D,0
-14.1376,141.8412,334,1.6,1.3,2014-10-30,0435,Aqua,MODIS,67,6.2,312.4,31.7,D,0
-14.1401,141.8261,335.7,1.6,1.3,2014-10-30,0435,Aqua,MODIS,77,6.2,310.2,38.6,D,0
-14.5765,141.6903,332.8,1.6,1.2,2014-10-30,0435,Aqua,MODIS,59,6.2,301.9,35.6,D,0
-16.8632,142.833,337,1.7,1.3,2014-10-30,0435,Aqua,MODIS,61,6.2,315.1,29.3,D,0
-15.1743,134.5016,340.8,1.2,1.1,2014-10-30,0435,Aqua,MODIS,70,6.2,320.5,20.9,D,0
-15.949,133.9361,341,1.3,1.1,2014-10-30,0435,Aqua,MODIS,66,6.2,319.6,22.7,D,0
-17.0864,142.666,336,1.7,1.3,2014-10-30,0435,Aqua,MODIS,71,6.2,315.6,25,D,0
-14.574,141.7048,347.9,1.6,1.2,2014-10-30,0435,Aqua,MODIS,91,6.2,303.9,82,D,0
-14.5971,141.6345,329.4,1.6,1.2,2014-10-30,0435,Aqua,MODIS,52,6.2,304.7,25.9,D,0
-14.5948,141.6489,342.6,1.6,1.2,2014-10-30,0435,Aqua,MODIS,87,6.2,305.1,64.9,D,0
-14.5924,141.6633,342.6,1.6,1.2,2014-10-30,0435,Aqua,MODIS,87,6.2,304.3,65.9,D,0
-14.5605,141.7174,382.7,1.6,1.2,2014-10-30,0435,Aqua,MODIS,100,6.2,306.9,288,D,0
-16.8599,142.8394,335.2,1.7,1.3,2014-10-30,0435,Aqua,MODIS,70,6.2,316.3,25.5,D,0
-14.5089,141.8235,335,1.6,1.3,2014-10-30,0435,Aqua,MODIS,50,6.2,312.3,26.6,D,0
-14.5703,141.7283,350.9,1.6,1.2,2014-10-30,0435,Aqua,MODIS,94,6.2,305.1,85.8,D,0
-14.9552,145.0242,338.5,2.8,1.6,2014-10-30,0435,Aqua,MODIS,82,6.2,301.5,142,D,0
-14.9693,145.0274,332.5,2.8,1.6,2014-10-30,0435,Aqua,MODIS,73,6.2,301.7,103.8,D,0
-14.9595,145.0003,333.1,2.7,1.6,2014-10-30,0435,Aqua,MODIS,74,6.2,301.3,106.4,D,0
-14.59,141.6777,348.9,1.6,1.2,2014-10-30,0435,Aqua,MODIS,92,6.2,303.4,88.7,D,0
-16.8627,142.8234,345.8,1.7,1.3,2014-10-30,0435,Aqua,MODIS,88,6.2,313.5,66.5,D,0
-15.3398,134.3147,338.2,1.2,1.1,2014-10-30,0435,Aqua,MODIS,52,6.2,319.4,17.3,D,0
-14.5876,141.6922,367.3,1.6,1.2,2014-10-30,0435,Aqua,MODIS,100,6.2,304.3,180.8,D,0
-14.6073,141.7106,345.3,1.6,1.2,2014-10-30,0435,Aqua,MODIS,80,6.2,306.1,59.3,D,0
-15.1855,134.4921,341.6,1.2,1.1,2014-10-30,0435,Aqua,MODIS,68,6.2,319.6,24.7,D,0
-14.5692,141.7339,353.2,1.6,1.2,2014-10-30,0435,Aqua,MODIS,95,6.2,306,91.7,D,0
-14.5716,141.7193,373.2,1.6,1.2,2014-10-30,0435,Aqua,MODIS,100,6.2,305.6,211,D,0
-13.7733,141.6751,328.8,1.6,1.3,2014-10-30,0436,Aqua,MODIS,54,6.2,303.7,30.4,D,0
-12.3699,131.1766,333.5,1.8,1.3,2014-10-30,0436,Aqua,MODIS,59,6.2,312.5,37.6,D,0
-10.9755,142.2732,324,2,1.4,2014-10-30,0436,Aqua,MODIS,41,6.2,297.8,32.1,D,0
-10.9726,142.2915,329.6,2,1.4,2014-10-30,0436,Aqua,MODIS,75,6.2,297.7,52.5,D,0
-13.0093,136.1245,340.8,1,1,2014-10-30,0436,Aqua,MODIS,72,6.2,317.3,23.7,D,0
-13.6804,141.7447,328.7,1.6,1.3,2014-10-30,0436,Aqua,MODIS,23,6.2,311.2,18.9,D,0
-12.9164,132.8199,337.2,1.4,1.2,2014-10-30,0436,Aqua,MODIS,76,6.2,312.8,26.7,D,0
-12.4413,136.8133,329.2,1,1,2014-10-30,0436,Aqua,MODIS,53,6.2,310.8,10.6,D,0
-12.6643,142.3179,331.6,1.9,1.3,2014-10-30,0436,Aqua,MODIS,50,6.2,310,29.9,D,0
-13.8156,141.97,340.3,1.7,1.3,2014-10-30,0436,Aqua,MODIS,85,6.2,310.9,53.4,D,0
-12.9714,135.0828,355,1.1,1,2014-10-30,0436,Aqua,MODIS,96,6.2,319.3,48.3,D,0
-12.9547,136.3796,333.5,1,1,2014-10-30,0436,Aqua,MODIS,25,6.2,314.5,12.5,D,0
-13.0151,136.4038,336.1,1,1,2014-10-30,0436,Aqua,MODIS,74,6.2,313.5,18.1,D,0
-12.8658,133.0024,339.2,1.4,1.2,2014-10-30,0436,Aqua,MODIS,79,6.2,308.9,32.2,D,0
-12.927,132.8213,335.3,1.4,1.2,2014-10-30,0436,Aqua,MODIS,70,6.2,312.4,22.3,D,0
-12.7432,134.3103,402.9,1.1,1.1,2014-10-30,0436,Aqua,MODIS,100,6.2,318.3,297.5,D,0
-12.4042,133.3323,343.4,1.3,1.1,2014-10-30,0436,Aqua,MODIS,86,6.2,309.3,47.7,D,0
-12.4274,133.312,335,1.3,1.1,2014-10-30,0436,Aqua,MODIS,65,6.2,308.6,23.4,D,0
-12.3536,136.4675,339.7,1,1,2014-10-30,0436,Aqua,MODIS,78,6.2,317.4,20.5,D,0
-13.3641,135.8215,336.1,1,1,2014-10-30,0436,Aqua,MODIS,53,6.2,314.4,15.3,D,0
-12.8034,134.2977,335.2,1.1,1.1,2014-10-30,0436,Aqua,MODIS,61,6.2,315.5,16.7,D,0
-13.728,141.7375,328.2,1.6,1.3,2014-10-30,0436,Aqua,MODIS,54,6.2,307.1,23.1,D,0
-13.4178,133.9019,337,1.2,1.1,2014-10-30,0436,Aqua,MODIS,28,6.2,315.7,19.8,D,0
-13.4163,133.9131,345.9,1.2,1.1,2014-10-30,0436,Aqua,MODIS,87,6.2,316.9,40.2,D,0
-13.4148,133.9243,339.8,1.2,1.1,2014-10-30,0436,Aqua,MODIS,78,6.2,315.4,26.4,D,0
-13.7903,141.5718,334.3,1.6,1.2,2014-10-30,0436,Aqua,MODIS,79,6.2,302.9,42.9,D,0
-13.7879,141.5865,342.6,1.6,1.2,2014-10-30,0436,Aqua,MODIS,88,6.2,302.4,68.7,D,0
-13.2479,142.3933,336.8,1.9,1.3,2014-10-30,0436,Aqua,MODIS,75,6.2,310.5,46.7,D,0
-13.2545,142.3875,331.2,1.9,1.3,2014-10-30,0436,Aqua,MODIS,62,6.2,311.7,27.8,D,0
-13.7918,141.6326,332.7,1.6,1.2,2014-10-30,0436,Aqua,MODIS,76,6.2,302.4,39.2,D,0
-13.7097,141.5662,326.4,1.6,1.2,2014-10-30,0436,Aqua,MODIS,60,6.2,306,17.7,D,0
-12.826,134.3075,359.8,1.1,1.1,2014-10-30,0436,Aqua,MODIS,99,6.2,313.9,79.7,D,0
-12.8164,134.3062,358.9,1.1,1.1,2014-10-30,0436,Aqua,MODIS,99,6.2,315.8,74.3,D,0
-12.5367,136.6661,339.5,1,1,2014-10-30,0436,Aqua,MODIS,81,6.2,312.7,24.5,D,0
-12.5457,136.6675,332.8,1,1,2014-10-30,0436,Aqua,MODIS,68,6.2,314.8,14.3,D,0
-12.9208,132.8279,338.9,1.4,1.2,2014-10-30,0436,Aqua,MODIS,79,6.2,311.7,30.8,D,0
-12.8642,133.0149,357.5,1.4,1.2,2014-10-30,0436,Aqua,MODIS,98,6.2,312.1,91.9,D,0
-12.8151,134.3167,336.2,1.1,1.1,2014-10-30,0436,Aqua,MODIS,30,6.2,313,17.2,D,0
-13.7296,141.729,336.2,1.6,1.3,2014-10-30,0436,Aqua,MODIS,81,6.2,307.7,47.2,D,0
-12.7518,136.3836,331.8,1,1,2014-10-30,0436,Aqua,MODIS,31,6.2,312.6,11.2,D,0
-12.8274,134.2971,333.4,1.1,1.1,2014-10-30,0436,Aqua,MODIS,65,6.2,312.9,16.1,D,0
-13.7894,141.6474,353.1,1.6,1.3,2014-10-30,0436,Aqua,MODIS,96,6.2,304.3,113.8,D,0
-13.787,141.6622,349,1.6,1.3,2014-10-30,0436,Aqua,MODIS,93,6.2,302.6,98.8,D,0
-12.7301,142.294,328.7,1.9,1.3,2014-10-30,0436,Aqua,MODIS,41,6.2,312,19.6,D,0
-12.7808,143.3479,333.2,2.3,1.5,2014-10-30,0436,Aqua,MODIS,0,6.2,296.2,85.2,D,0
-14.2419,136.637,356.6,1,1,2014-10-30,0436,Aqua,MODIS,98,6.2,311.1,60,D,0
-12.8778,132.9913,362.2,1.4,1.2,2014-10-30,0436,Aqua,MODIS,100,6.2,311,117,D,0
-12.309,135.6116,334,1,1,2014-10-30,0436,Aqua,MODIS,70,6.2,316.2,12.9,D,0
-12.4469,142.9052,327.1,2.1,1.4,2014-10-30,0436,Aqua,MODIS,42,6.2,304.7,41.3,D,0
-12.9226,132.8151,332.4,1.4,1.2,2014-10-30,0436,Aqua,MODIS,53,6.2,313.2,15.2,D,0
-12.9648,135.0618,340.2,1.1,1,2014-10-30,0436,Aqua,MODIS,62,6.2,321.3,14.2,D,0
-12.9634,135.0716,357.3,1.1,1,2014-10-30,0436,Aqua,MODIS,98,6.2,320,54.5,D,0
-13.8219,142.0032,336.8,1.7,1.3,2014-10-30,0436,Aqua,MODIS,78,6.2,312,39.4,D,0
-12.3323,135.6436,331.1,1,1,2014-10-30,0436,Aqua,MODIS,51,6.2,315.8,9.6,D,0
-12.3077,135.621,342.8,1,1,2014-10-30,0436,Aqua,MODIS,86,6.2,316.4,28.3,D,0
-12.8762,133.0039,341.1,1.4,1.2,2014-10-30,0436,Aqua,MODIS,82,6.2,309.8,39,D,0
-12.8938,132.9991,352.4,1.4,1.2,2014-10-30,0436,Aqua,MODIS,94,6.2,311.5,80.3,D,0
-12.8745,133.0163,346,1.4,1.2,2014-10-30,0436,Aqua,MODIS,88,6.2,313.5,52.5,D,0
-12.9727,135.073,355.7,1.1,1,2014-10-30,0436,Aqua,MODIS,96,6.2,322.1,49.8,D,0
-12.8866,133.0052,349.2,1.4,1.2,2014-10-30,0436,Aqua,MODIS,91,6.2,309.6,63.3,D,0
-12.2054,133.9762,335.1,1.2,1.1,2014-10-30,0436,Aqua,MODIS,61,6.2,316.7,14.1,D,0
-12.8954,132.9866,360.2,1.4,1.2,2014-10-30,0436,Aqua,MODIS,100,6.2,309.8,112.9,D,0
-12.8899,132.9802,343.6,1.4,1.2,2014-10-30,0436,Aqua,MODIS,86,6.2,307.6,52.6,D,0
-12.8882,132.9927,384.6,1.4,1.2,2014-10-30,0436,Aqua,MODIS,100,6.2,314.5,245.5,D,0
-12.171,133.9384,337.4,1.2,1.1,2014-10-30,0436,Aqua,MODIS,53,6.2,318.5,17.5,D,0
-12.9882,136.3377,364.7,1,1,2014-10-30,0436,Aqua,MODIS,0,6.2,314.5,82.3,D,0
-13.7782,141.6454,325.2,1.6,1.3,2014-10-30,0436,Aqua,MODIS,31,6.2,302.9,19.2,D,0
-13.7757,141.6602,332.2,1.6,1.3,2014-10-30,0436,Aqua,MODIS,72,6.2,303.8,38.4,D,0
-13.7521,141.8737,334.8,1.7,1.3,2014-10-30,0436,Aqua,MODIS,44,6.2,313.2,33.9,D,0
-12.8521,133.0259,331.4,1.4,1.2,2014-10-30,0436,Aqua,MODIS,51,6.2,309.3,13.4,D,0
-12.8538,133.0134,345.5,1.4,1.2,2014-10-30,0436,Aqua,MODIS,88,6.2,312,50.4,D,0
-13.3718,135.8322,333.9,1,1,2014-10-30,0436,Aqua,MODIS,45,6.2,314.1,13.4,D,0
-12.7252,134.3716,340.6,1.1,1.1,2014-10-30,0436,Aqua,MODIS,66,6.2,317,23.3,D,0
-13.127,136.2673,332.9,1,1,2014-10-30,0436,Aqua,MODIS,49,6.2,313.5,14.5,D,0
-12.9779,136.3456,342.5,1,1,2014-10-30,0436,Aqua,MODIS,77,6.2,314.2,28.5,D,0
-12.4474,142.9124,326.9,2.1,1.4,2014-10-30,0436,Aqua,MODIS,60,6.2,304.5,43.5,D,0
-12.1807,133.9398,345.8,1.2,1.1,2014-10-30,0436,Aqua,MODIS,89,6.2,319.6,34.4,D,0
-13.7484,141.686,330,1.6,1.3,2014-10-30,0436,Aqua,MODIS,72,6.2,306.3,30.1,D,0
-12.049,141.8571,331.6,1.8,1.3,2014-10-30,0436,Aqua,MODIS,84,6.2,299.8,45.2,D,0
-12.0393,141.8651,332.4,1.8,1.3,2014-10-30,0436,Aqua,MODIS,85,6.2,301.2,45.6,D,0
-12.0419,141.8488,327.5,1.8,1.3,2014-10-30,0436,Aqua,MODIS,67,6.2,300.6,32.1,D,0
-11.6428,142.457,320.2,2,1.4,2014-10-30,0436,Aqua,MODIS,51,6.2,297.9,19.7,D,0
-13.3655,134.1413,332.5,1.2,1.1,2014-10-30,0436,Aqua,MODIS,50,6.2,314.4,9.5,D,0
-12.813,134.2991,341.8,1.1,1.1,2014-10-30,0436,Aqua,MODIS,77,6.2,315.7,28.6,D,0
-12.4089,142.8983,323.2,2.1,1.4,2014-10-30,0436,Aqua,MODIS,16,6.2,304.6,29.6,D,0
-12.8116,134.3096,338.4,1.1,1.1,2014-10-30,0436,Aqua,MODIS,41,6.2,315.1,21,D,0
-14.3819,132.6895,334.1,1.5,1.2,2014-10-30,0436,Aqua,MODIS,51,6.2,315.2,18,D,0
-14.371,132.6882,335.3,1.5,1.2,2014-10-30,0436,Aqua,MODIS,40,6.2,314.8,19.8,D,0
-14.3728,132.6742,338.9,1.5,1.2,2014-10-30,0436,Aqua,MODIS,78,6.2,314.9,30.4,D,0
-13.333,134.2357,352.8,1.2,1.1,2014-10-30,0436,Aqua,MODIS,94,6.2,317.7,52.2,D,0
-12.7166,136.1092,360.6,1,1,2014-10-30,0436,Aqua,MODIS,100,6.2,309.3,70.2,D,0
-12.4503,136.8147,330.6,1,1,2014-10-30,0436,Aqua,MODIS,47,6.2,312.5,12.1,D,0
-12.735,134.2985,344.7,1.1,1.1,2014-10-30,0436,Aqua,MODIS,62,6.2,317.5,30.8,D,0
-13.701,141.5497,323.8,1.6,1.2,2014-10-30,0436,Aqua,MODIS,31,6.2,305.4,13.1,D,0
-13.7596,141.688,328.5,1.6,1.3,2014-10-30,0436,Aqua,MODIS,55,6.2,305.1,27.6,D,0
-13.4208,133.8795,334.2,1.2,1.1,2014-10-30,0436,Aqua,MODIS,39,6.2,312.7,18.2,D,0
-12.5986,132.2446,337.2,1.5,1.2,2014-10-30,0436,Aqua,MODIS,78,6.2,305.3,38,D,0
-13.4961,133.9305,345.1,1.2,1.1,2014-10-30,0436,Aqua,MODIS,70,6.2,316.8,34.5,D,0
-13.7571,141.7029,348.8,1.6,1.3,2014-10-30,0436,Aqua,MODIS,93,6.2,305.5,95.3,D,0
-13.3408,142.4283,333.4,1.9,1.3,2014-10-30,0436,Aqua,MODIS,57,6.2,315.5,34.5,D,0
-13.7927,141.5573,323.1,1.6,1.2,2014-10-30,0436,Aqua,MODIS,32,6.2,301.5,15.7,D,0
-14.3559,132.5439,342.5,1.5,1.2,2014-10-30,0436,Aqua,MODIS,66,6.2,315.5,49.4,D,0
-11.669,132.8836,335.6,1.3,1.1,2014-10-30,0436,Aqua,MODIS,87,6.2,316.4,22.7,D,0
-11.6674,132.8958,344,1.3,1.1,2014-10-30,0436,Aqua,MODIS,92,6.2,316.3,45.3,D,0
-13.3247,134.2236,346.1,1.2,1.1,2014-10-30,0436,Aqua,MODIS,88,6.2,316.3,40.4,D,0
-14.3669,132.5453,344.2,1.5,1.2,2014-10-30,0436,Aqua,MODIS,57,6.2,317.7,48.5,D,0
-14.3907,132.534,339.2,1.5,1.2,2014-10-30,0436,Aqua,MODIS,79,6.2,316.5,36.9,D,0
-14.3651,132.5594,342.8,1.5,1.2,2014-10-30,0436,Aqua,MODIS,61,6.2,317.1,44,D,0
-14.3797,132.5325,367.5,1.5,1.2,2014-10-30,0436,Aqua,MODIS,100,6.2,319.7,158.9,D,0
-14.3815,132.5181,367.7,1.5,1.2,2014-10-30,0436,Aqua,MODIS,100,6.2,316.5,165.6,D,0
-14.3889,132.5482,336.7,1.5,1.2,2014-10-30,0436,Aqua,MODIS,47,6.2,315.7,24.4,D,0
-14.3705,132.5166,354,1.5,1.2,2014-10-30,0436,Aqua,MODIS,95,6.2,313.2,95.2,D,0
-14.3687,132.531,381.8,1.5,1.2,2014-10-30,0436,Aqua,MODIS,100,6.2,320,259.4,D,0
-13.3219,134.2451,340.9,1.2,1.1,2014-10-30,0436,Aqua,MODIS,72,6.2,318.1,23.4,D,0
-12.5877,132.2432,345.7,1.5,1.2,2014-10-30,0436,Aqua,MODIS,89,6.2,309.3,64.7,D,0
-10.9732,142.3677,338.2,2.1,1.4,2014-10-30,0436,Aqua,MODIS,89,6.2,297.2,94.1,D,0
-12.4417,136.6826,341.9,1,1,2014-10-30,0436,Aqua,MODIS,84,6.2,313,26.8,D,0
-11.5351,142.5456,329.8,2.1,1.4,2014-10-30,0436,Aqua,MODIS,83,6.2,293.3,57.3,D,0
-12.8372,136.1054,339.8,1,1,2014-10-30,0436,Aqua,MODIS,28,6.2,317.7,17.6,D,0
-10.9733,142.3732,342.2,2.1,1.4,2014-10-30,0436,Aqua,MODIS,91,6.2,298,113,D,0
-12.8448,136.1123,342.4,1,1,2014-10-30,0436,Aqua,MODIS,83,6.2,316.6,23.8,D,0
-13.3262,134.2128,338.5,1.2,1.1,2014-10-30,0436,Aqua,MODIS,73,6.2,313.3,23.4,D,0
-12.8474,136.0939,357.2,1,1,2014-10-30,0436,Aqua,MODIS,98,6.2,316.4,56.2,D,0
-13.445,135.8295,343.1,1,1,2014-10-30,0436,Aqua,MODIS,84,6.2,314.6,28.3,D,0
-13.4437,135.8388,342.2,1,1,2014-10-30,0436,Aqua,MODIS,83,6.2,313.2,26.8,D,0
-12.4507,136.684,341.3,1,1,2014-10-30,0436,Aqua,MODIS,75,6.2,311.5,26.6,D,0
-13.0164,136.3946,331.9,1,1,2014-10-30,0436,Aqua,MODIS,55,6.2,312.6,12.1,D,0
-13.4194,134.0555,337.6,1.2,1.1,2014-10-30,0436,Aqua,MODIS,65,6.2,317,17.5,D,0
-12.4057,133.3207,390.6,1.3,1.1,2014-10-30,0436,Aqua,MODIS,100,6.2,313.8,267.4,D,0
-12.4931,136.6502,333.8,1,1,2014-10-30,0436,Aqua,MODIS,64,6.2,307.4,17,D,0
-12.8385,136.0962,346.9,1,1,2014-10-30,0436,Aqua,MODIS,89,6.2,315.9,29.2,D,0
-12.8269,136.1133,339,1,1,2014-10-30,0436,Aqua,MODIS,47,6.2,317.7,19.3,D,0
-12.7418,134.3208,356.8,1.1,1.1,2014-10-30,0436,Aqua,MODIS,97,6.2,315.6,60.8,D,0
-12.7376,134.3522,355.4,1.1,1.1,2014-10-30,0436,Aqua,MODIS,96,6.2,318.3,58.6,D,0
-13.5152,135.7917,338.5,1,1,2014-10-30,0436,Aqua,MODIS,65,6.2,313.7,21.6,D,0
-13.4827,134.0304,340.9,1.2,1.1,2014-10-30,0436,Aqua,MODIS,74,6.2,315.9,23,D,0
-13.5139,135.8012,335.6,1,1,2014-10-30,0436,Aqua,MODIS,43,6.2,312.6,17,D,0
-13.484,135.8161,339.2,1,1,2014-10-30,0436,Aqua,MODIS,68,6.2,313.1,21.3,D,0
-13.3359,134.2142,355.2,1.2,1.1,2014-10-30,0436,Aqua,MODIS,96,6.2,314.5,65.1,D,0
-12.6769,142.3917,333.9,1.9,1.4,2014-10-30,0436,Aqua,MODIS,79,6.2,307.7,42.2,D,0
-12.6919,142.3763,338.8,1.9,1.4,2014-10-30,0436,Aqua,MODIS,84,6.2,308.8,60.5,D,0
-12.6891,142.3938,330.9,1.9,1.4,2014-10-30,0436,Aqua,MODIS,65,6.2,307,32,D,0
-10.9764,142.2789,330.9,2,1.4,2014-10-30,0436,Aqua,MODIS,69,6.2,298.1,51.9,D,0
-13.6829,141.7296,331.7,1.6,1.3,2014-10-30,0436,Aqua,MODIS,63,6.2,311.7,25.1,D,0
-13.7305,141.7224,328.4,1.6,1.3,2014-10-30,0436,Aqua,MODIS,48,6.2,307.1,22.6,D,0
-13.7489,141.6795,327.2,1.6,1.3,2014-10-30,0436,Aqua,MODIS,58,6.2,306.7,20.2,D,0
-13.7572,141.8429,336.5,1.7,1.3,2014-10-30,0436,Aqua,MODIS,77,6.2,307.2,45.7,D,0
-12.5601,141.9088,334.9,1.8,1.3,2014-10-30,0436,Aqua,MODIS,0,6.2,316.9,39.2,D,0
-12.6754,136.662,332.7,1,1,2014-10-30,0436,Aqua,MODIS,44,6.2,308,15.5,D,0
-12.6652,136.6632,329.4,1,1,2014-10-30,0436,Aqua,MODIS,0,6.2,310.4,9.7,D,0
-12.6767,136.6528,334.2,1,1,2014-10-30,0436,Aqua,MODIS,63,6.2,307.3,16.9,D,0
-12.7513,134.3222,346.8,1.1,1.1,2014-10-30,0436,Aqua,MODIS,89,6.2,314.7,36.1,D,0
-13.4841,134.0194,337.8,1.2,1.1,2014-10-30,0436,Aqua,MODIS,51,6.2,315.6,15,D,0
-12.9792,136.3364,337.4,1,1,2014-10-30,0436,Aqua,MODIS,49,6.2,316.1,20.6,D,0
-12.7179,136.1,330.2,1,1,2014-10-30,0436,Aqua,MODIS,30,6.2,305.6,10.6,D,0
-12.7527,134.3117,401.1,1.1,1.1,2014-10-30,0436,Aqua,MODIS,100,6.2,320.8,286,D,0
-12.5635,136.1558,345.2,1,1,2014-10-30,0436,Aqua,MODIS,88,6.2,314.3,31,D,0
-12.7897,142.347,327.3,1.9,1.3,2014-10-30,0436,Aqua,MODIS,36,6.2,308.3,17.8,D,0
-12.6175,136.1638,339.2,1,1,2014-10-30,0436,Aqua,MODIS,69,6.2,310.7,24,D,0
-12.5815,136.1585,343.9,1,1,2014-10-30,0436,Aqua,MODIS,86,6.2,312.1,29.6,D,0
-12.5712,136.1663,350,1,1,2014-10-30,0436,Aqua,MODIS,92,6.2,310.1,43,D,0
-12.6677,136.1301,359.8,1,1,2014-10-30,0436,Aqua,MODIS,99,6.2,309.2,67.9,D,0
-12.5317,136.1165,339.8,1,1,2014-10-30,0436,Aqua,MODIS,82,6.2,313.4,18.6,D,0
-12.5291,136.1348,340.7,1,1,2014-10-30,0436,Aqua,MODIS,76,6.2,312.7,23.9,D,0
-12.5445,136.1559,345.6,1,1,2014-10-30,0436,Aqua,MODIS,88,6.2,311.5,35.6,D,0
-12.7063,136.1171,355.2,1,1,2014-10-30,0436,Aqua,MODIS,96,6.2,311.9,54.9,D,0
-12.705,136.1263,348.4,1,1,2014-10-30,0436,Aqua,MODIS,90,6.2,309.8,40.3,D,0
-12.6265,136.1652,331.5,1,1,2014-10-30,0436,Aqua,MODIS,38,6.2,306.2,14.3,D,0
-12.6767,136.1314,356.2,1,1,2014-10-30,0436,Aqua,MODIS,97,6.2,308.1,58.8,D,0
-12.696,136.1249,333.4,1,1,2014-10-30,0436,Aqua,MODIS,47,6.2,309.6,13.8,D,0
-12.6762,136.3938,336,1,1,2014-10-30,0436,Aqua,MODIS,50,6.2,312.6,15.5,D,0
-12.6839,136.4043,335.5,1,1,2014-10-30,0436,Aqua,MODIS,45,6.2,314.2,16.1,D,0
-14.0578,135.5184,347.8,1.1,1,2014-10-30,0436,Aqua,MODIS,74,6.2,316,35.7,D,0
-14.0604,135.499,352.4,1.1,1,2014-10-30,0436,Aqua,MODIS,94,6.2,315.5,48.5,D,0
-14.0591,135.5087,348.5,1.1,1,2014-10-30,0436,Aqua,MODIS,79,6.2,316.2,38,D,0
-14.0618,135.4893,373.2,1.1,1,2014-10-30,0436,Aqua,MODIS,100,6.2,314.7,114.3,D,0
-12.7076,136.1078,334.7,1,1,2014-10-30,0436,Aqua,MODIS,58,6.2,310.6,15.4,D,0
-12.5905,136.1598,333.2,1,1,2014-10-30,0436,Aqua,MODIS,47,6.2,310.8,12.2,D,0
-12.5137,136.1138,340.6,1,1,2014-10-30,0436,Aqua,MODIS,74,6.2,312.6,24.1,D,0
-14.0459,135.5364,338.6,1.1,1,2014-10-30,0436,Aqua,MODIS,20,6.2,315.2,18.3,D,0
-13.9913,135.5424,358.5,1,1,2014-10-30,0436,Aqua,MODIS,98,6.2,319.8,61.5,D,0
-12.5622,136.165,348.5,1,1,2014-10-30,0436,Aqua,MODIS,91,6.2,311.4,39.7,D,0
-12.5725,136.1572,349.5,1,1,2014-10-30,0436,Aqua,MODIS,92,6.2,312.9,40,D,0
-12.5535,136.1573,335.5,1,1,2014-10-30,0436,Aqua,MODIS,58,6.2,313.1,18.9,D,0
-12.5368,136.1454,337.1,1,1,2014-10-30,0436,Aqua,MODIS,59,6.2,312,18.3,D,0
-12.5802,136.1677,340.9,1,1,2014-10-30,0436,Aqua,MODIS,78,6.2,310.1,26,D,0
-12.6085,136.1625,334.9,1,1,2014-10-30,0436,Aqua,MODIS,59,6.2,312.6,15.7,D,0
-12.5995,136.1612,332.9,1,1,2014-10-30,0436,Aqua,MODIS,50,6.2,311,12,D,0
-12.7153,136.1184,395.8,1,1,2014-10-30,0436,Aqua,MODIS,100,6.2,311.3,213.1,D,0
-12.6587,136.1287,350.4,1,1,2014-10-30,0436,Aqua,MODIS,92,6.2,309.3,44.5,D,0
-14.0564,135.5281,341.5,1.1,1,2014-10-30,0436,Aqua,MODIS,36,6.2,315.3,23.3,D,0
-12.5227,136.1151,350.5,1,1,2014-10-30,0436,Aqua,MODIS,93,6.2,314.4,40.8,D,0
-12.4996,136.0835,339.2,1,1,2014-10-30,0436,Aqua,MODIS,69,6.2,312.5,24,D,0
-14.0512,135.4977,341.2,1.1,1,2014-10-30,0436,Aqua,MODIS,70,6.2,315.3,22.7,D,0
-14.071,135.4907,341.8,1.1,1,2014-10-30,0436,Aqua,MODIS,83,6.2,309.6,28.9,D,0
-14.0539,135.4783,373,1.1,1,2014-10-30,0436,Aqua,MODIS,100,6.2,318.2,110.6,D,0
-14.0189,135.5464,337.8,1,1,2014-10-30,0436,Aqua,MODIS,69,6.2,315.1,18.8,D,0
-13.9927,135.5327,336,1,1,2014-10-30,0436,Aqua,MODIS,39,6.2,319.1,11.1,D,0
-14.0203,135.5367,334.8,1,1,2014-10-30,0436,Aqua,MODIS,50,6.2,316.1,13.2,D,0
-14.7485,127.3496,327.2,3.8,1.8,2014-10-30,0436,Aqua,MODIS,23,6.2,302.4,91.3,D,0
-13.6082,130.092,328.6,2.3,1.5,2014-10-30,0436,Aqua,MODIS,42,6.2,299.2,44.5,D,0
-15.3966,126.2458,331.3,4.7,2,2014-10-30,0436,Aqua,MODIS,20,6.2,302.5,180,D,0
-14.1871,127.3154,331.1,3.8,1.8,2014-10-30,0436,Aqua,MODIS,46,6.2,306,92,D,0
-15.3996,126.2091,331.6,4.8,2,2014-10-30,0436,Aqua,MODIS,49,6.2,301.4,194,D,0
-14.7547,127.3784,329.8,3.8,1.8,2014-10-30,0436,Aqua,MODIS,50,6.2,301.7,125.1,D,0
-13.6906,130.3996,335.7,2.2,1.4,2014-10-30,0436,Aqua,MODIS,62,6.2,308.2,48.3,D,0
-13.6778,130.398,344.3,2.2,1.4,2014-10-30,0436,Aqua,MODIS,88,6.2,309.8,91.4,D,0
-14.3661,131.4648,335.9,1.8,1.3,2014-10-30,0436,Aqua,MODIS,61,6.2,309.3,35.3,D,0
-13.6783,130.3911,341,2.2,1.4,2014-10-30,0436,Aqua,MODIS,84,6.2,310.3,77.5,D,0
-14.3593,131.4689,344.1,1.8,1.3,2014-10-30,0436,Aqua,MODIS,87,6.2,310.4,67,D,0
-14.3542,131.4632,342.3,1.8,1.3,2014-10-30,0436,Aqua,MODIS,84,6.2,312.2,60.6,D,0
-15.0929,126.5858,331.6,4.4,1.9,2014-10-30,0436,Aqua,MODIS,73,6.2,299.9,145.9,D,0
-15.0932,126.5903,330.9,4.4,1.9,2014-10-30,0436,Aqua,MODIS,73,6.2,299.7,139,D,0
-14.7448,127.3853,330.4,3.8,1.8,2014-10-30,0436,Aqua,MODIS,42,6.2,303.2,128.2,D,0
-14.4507,130.7828,377,2.1,1.4,2014-10-30,0436,Aqua,MODIS,100,6.2,312.4,349.6,D,0
-13.044,131.6228,336,1.7,1.3,2014-10-30,0436,Aqua,MODIS,66,6.2,313.6,27.6,D,0
-14.05,135.3682,337.6,1.1,1,2014-10-30,0436,Aqua,MODIS,49,6.2,317.2,15,D,0
-14.0513,135.3584,375.4,1.1,1,2014-10-30,0436,Aqua,MODIS,100,6.2,317.3,122.4,D,0
-14.052,136.5526,329.7,1,1,2014-10-30,0436,Aqua,MODIS,52,6.2,307.8,11.8,D,0
-14.4186,130.8362,333.9,2.1,1.4,2014-10-30,0436,Aqua,MODIS,52,6.2,308.5,37.9,D,0
-14.0527,135.3486,335.6,1.1,1,2014-10-30,0436,Aqua,MODIS,65,6.2,312.6,17.3,D,0
-13.1969,133.1097,336.7,1.4,1.2,2014-10-30,0436,Aqua,MODIS,67,6.2,312.9,26.6,D,0
-14.6084,131.2139,335.1,1.9,1.4,2014-10-30,0436,Aqua,MODIS,44,6.2,308.5,42.6,D,0
-13.1954,133.122,337.4,1.4,1.2,2014-10-30,0436,Aqua,MODIS,72,6.2,312.3,28.3,D,0
-14.6299,131.0323,338,2,1.4,2014-10-30,0436,Aqua,MODIS,81,6.2,307.9,65,D,0
-14.4406,130.7671,332.9,2.1,1.4,2014-10-30,0436,Aqua,MODIS,56,6.2,307.1,38.7,D,0
-14.4532,130.7687,378.4,2.1,1.4,2014-10-30,0436,Aqua,MODIS,100,6.2,311.8,373.7,D,0
-12.6451,142.7388,330.9,2,1.4,2014-10-30,0436,Aqua,MODIS,68,6.2,312.2,42.1,D,0
-14.6321,131.0138,357.1,2,1.4,2014-10-30,0436,Aqua,MODIS,98,6.2,307.3,176.1,D,0
-12.4238,136.6799,336.3,1,1,2014-10-30,0436,Aqua,MODIS,59,6.2,311.1,16.3,D,0
-14.5243,130.8166,373.2,2.1,1.4,2014-10-30,0436,Aqua,MODIS,94,6.2,307.5,329.2,D,0
-13.8475,135.7784,336.2,1,1,2014-10-30,0436,Aqua,MODIS,71,6.2,312.6,18.1,D,0
-14.0552,135.4685,374.1,1.1,1,2014-10-30,0436,Aqua,MODIS,100,6.2,319.5,116.8,D,0
-14.0644,135.4699,351.5,1.1,1,2014-10-30,0436,Aqua,MODIS,93,6.2,309.5,50.4,D,0
-13.8372,135.6506,356.2,1,1,2014-10-30,0436,Aqua,MODIS,97,6.2,315.7,56.8,D,0
-12.4072,136.668,331,1,1,2014-10-30,0436,Aqua,MODIS,12,6.2,313.3,7.6,D,0
-13.028,133.1623,330.2,1.3,1.1,2014-10-30,0436,Aqua,MODIS,20,6.2,312.3,13.7,D,0
-14.1921,136.925,371.4,1,1,2014-10-30,0436,Aqua,MODIS,100,6.2,312.2,0,D,0
-13.9053,135.6313,343.7,1,1,2014-10-30,0436,Aqua,MODIS,78,6.2,317.1,30.8,D,0
-13.6579,132.6282,336.1,1.5,1.2,2014-10-30,0436,Aqua,MODIS,49,6.2,308.2,30.8,D,0
-14.5278,130.8044,348.2,2.1,1.4,2014-10-30,0436,Aqua,MODIS,69,6.2,289.5,134.9,D,0
-14.2986,131.4214,343.1,1.8,1.3,2014-10-30,0436,Aqua,MODIS,78,6.2,311.6,59,D,0
-13.9066,135.6217,344.6,1,1,2014-10-30,0436,Aqua,MODIS,83,6.2,315.4,33.3,D,0
-14.5256,130.8236,365.6,2.1,1.4,2014-10-30,0436,Aqua,MODIS,94,6.2,308.1,257.6,D,0
-12.8213,132.5552,336.7,1.5,1.2,2014-10-30,0436,Aqua,MODIS,77,6.2,310,33.2,D,0
-13.0383,133.1634,331.8,1.3,1.1,2014-10-30,0436,Aqua,MODIS,50,6.2,312.7,18.1,D,0
-14.0619,135.3499,393.7,1.1,1,2014-10-30,0436,Aqua,MODIS,100,6.2,319.7,218.5,D,0
-13.1683,133.169,337,1.3,1.1,2014-10-30,0436,Aqua,MODIS,75,6.2,313.2,25.3,D,0
-13.185,133.1207,344.4,1.4,1.2,2014-10-30,0436,Aqua,MODIS,86,6.2,313.9,46.1,D,0
-14.0606,135.3598,392.6,1.1,1,2014-10-30,0436,Aqua,MODIS,100,6.2,323.2,208,D,0
-14.0593,135.3696,340,1.1,1,2014-10-30,0436,Aqua,MODIS,74,6.2,317.9,21,D,0
-13.1833,133.1335,344.7,1.3,1.2,2014-10-30,0436,Aqua,MODIS,87,6.2,314.4,45.8,D,0
-14.0764,135.382,372.1,1.1,1,2014-10-30,0436,Aqua,MODIS,100,6.2,314.5,114,D,0
-12.3421,136.8673,327.1,1,1,2014-10-30,0436,Aqua,MODIS,31,6.2,310.3,8.8,D,0
-13.1785,133.1706,332.9,1.3,1.1,2014-10-30,0436,Aqua,MODIS,64,6.2,315.6,18.1,D,0
-13.6289,132.5968,332.3,1.5,1.2,2014-10-30,0436,Aqua,MODIS,48,6.2,310.8,18.5,D,0
-14.0579,135.3794,334.6,1.1,1,2014-10-30,0436,Aqua,MODIS,54,6.2,317,14.5,D,0
-14.0566,135.3892,333.9,1.1,1,2014-10-30,0436,Aqua,MODIS,40,6.2,314.8,14.7,D,0
-13.8961,135.63,335.6,1,1,2014-10-30,0436,Aqua,MODIS,52,6.2,312.1,19.3,D,0
-14.0712,135.3513,335.8,1.1,1,2014-10-30,0436,Aqua,MODIS,71,6.2,311.4,20.9,D,0
-14.0699,135.3611,348.5,1.1,1,2014-10-30,0436,Aqua,MODIS,90,6.2,315.3,42.1,D,0
-13.866,135.6451,344.3,1,1,2014-10-30,0436,Aqua,MODIS,86,6.2,309.7,35.8,D,0
-13.0485,133.1653,343.6,1.3,1.1,2014-10-30,0436,Aqua,MODIS,85,6.2,312.1,46.2,D,0
-12.341,136.8111,330.6,1,1,2014-10-30,0436,Aqua,MODIS,64,6.2,314.5,10.9,D,0
-13.8568,135.6437,337.6,1,1,2014-10-30,0436,Aqua,MODIS,61,6.2,311,23.2,D,0
-13.8973,136.7955,334,1,1,2014-10-30,0436,Aqua,MODIS,54,6.2,311.2,13.7,D,0
-14.5788,131.2223,334.5,1.9,1.4,2014-10-30,0436,Aqua,MODIS,24,6.2,309.8,39.2,D,0
-13.8464,135.6519,357.8,1,1,2014-10-30,0436,Aqua,MODIS,98,6.2,318.5,61.2,D,0
-14.2239,136.6379,330.6,1,1,2014-10-30,0436,Aqua,MODIS,57,6.2,309,11.9,D,0
-13.1204,132.9904,334.1,1.4,1.2,2014-10-30,0436,Aqua,MODIS,63,6.2,312.5,24.2,D,0
-13.8633,135.6642,354.7,1,1,2014-10-30,0436,Aqua,MODIS,96,6.2,315.4,51.7,D,0
-13.8647,135.6546,368.7,1,1,2014-10-30,0436,Aqua,MODIS,100,6.2,315,96,D,0
-13.1324,132.9792,352.8,1.4,1.2,2014-10-30,0436,Aqua,MODIS,94,6.2,313.5,80.5,D,0
-13.8437,135.6711,337.3,1,1,2014-10-30,0436,Aqua,MODIS,73,6.2,315.2,15.3,D,0
-13.845,135.6615,346.8,1,1,2014-10-30,0436,Aqua,MODIS,89,6.2,315.7,32.9,D,0
-13.832,135.6888,371.9,1,1,2014-10-30,0436,Aqua,MODIS,100,6.2,317.1,104.1,D,0
-13.8333,135.6792,339.7,1,1,2014-10-30,0436,Aqua,MODIS,80,6.2,315.7,20.5,D,0
-13.8346,135.6697,335.6,1,1,2014-10-30,0436,Aqua,MODIS,72,6.2,316.3,14.3,D,0
-13.8359,135.6601,356.4,1,1,2014-10-30,0436,Aqua,MODIS,97,6.2,318,57.4,D,0
-13.8477,135.6424,402.8,1,1,2014-10-30,0436,Aqua,MODIS,100,6.2,324.9,266.3,D,0
-13.849,135.6328,346.5,1,1,2014-10-30,0436,Aqua,MODIS,88,6.2,313,39.9,D,0
-14.2149,136.6366,330.8,1,1,2014-10-30,0436,Aqua,MODIS,52,6.2,309.2,11.9,D,0
-13.8385,135.641,353.3,1,1,2014-10-30,0436,Aqua,MODIS,95,6.2,313.9,51.5,D,0
-14.4785,130.7719,333.9,2.1,1.4,2014-10-30,0436,Aqua,MODIS,34,6.2,307.7,50.1,D,0
-13.8176,135.7255,335.3,1,1,2014-10-30,0436,Aqua,MODIS,63,6.2,314.1,14,D,0
-13.984,136.5139,334.3,1,1,2014-10-30,0436,Aqua,MODIS,36,6.2,312.8,13.9,D,0
-13.9827,136.5232,335.3,1,1,2014-10-30,0436,Aqua,MODIS,45,6.2,312.4,15.6,D,0
-14.6197,131.0123,379.5,2,1.4,2014-10-30,0436,Aqua,MODIS,100,6.2,309.1,377,D,0
-14.6241,130.9749,331.3,2,1.4,2014-10-30,0436,Aqua,MODIS,43,6.2,299.2,54.9,D,0
-14.6116,130.9737,349,2,1.4,2014-10-30,0436,Aqua,MODIS,87,6.2,307.5,132.6,D,0
-13.6159,132.5257,333,1.5,1.2,2014-10-30,0436,Aqua,MODIS,56,6.2,313.9,16.7,D,0
-13.9904,136.5338,337.1,1,1,2014-10-30,0436,Aqua,MODIS,75,6.2,312.3,19.3,D,0
-14.6158,131.0251,349.9,2,1.4,2014-10-30,0436,Aqua,MODIS,88,6.2,307.9,124.7,D,0
-14.6181,131.0068,355.3,2,1.4,2014-10-30,0436,Aqua,MODIS,91,6.2,304.8,162.2,D,0
-14.451,130.7876,360.2,2.1,1.4,2014-10-30,0436,Aqua,MODIS,100,6.2,311.8,191.7,D,0
-14.2328,136.6393,335.3,1,1,2014-10-30,0436,Aqua,MODIS,58,6.2,309.4,19.7,D,0
-13.8908,135.6682,336.6,1,1,2014-10-30,0436,Aqua,MODIS,57,6.2,315,14.2,D,0
-14.0685,135.3709,354.2,1.1,1,2014-10-30,0436,Aqua,MODIS,95,6.2,320.4,53.3,D,0
-13.8803,135.6764,334.6,1,1,2014-10-30,0436,Aqua,MODIS,42,6.2,316.5,10.2,D,0
-13.9994,136.5351,342.9,1,1,2014-10-30,0436,Aqua,MODIS,86,6.2,311.4,29.6,D,0
-14.0084,136.5365,333.3,1,1,2014-10-30,0436,Aqua,MODIS,64,6.2,311.2,14.8,D,0
-14.6204,130.9883,332.6,2,1.4,2014-10-30,0436,Aqua,MODIS,35,6.2,303.7,51.6,D,0
-14.6079,130.9868,333.8,2,1.4,2014-10-30,0436,Aqua,MODIS,52,6.2,296.9,55.9,D,0
-13.1667,142.3672,331.6,1.9,1.3,2014-10-30,0436,Aqua,MODIS,53,6.2,314.9,17,D,0
-13.8163,135.735,336,1,1,2014-10-30,0436,Aqua,MODIS,53,6.2,314.5,15.1,D,0
-13.815,135.7446,335.3,1,1,2014-10-30,0436,Aqua,MODIS,42,6.2,314,14.2,D,0
-14.0672,135.3807,372,1.1,1,2014-10-30,0436,Aqua,MODIS,100,6.2,319.7,111.3,D,0
-14.3204,131.4417,336.8,1.8,1.3,2014-10-30,0436,Aqua,MODIS,47,6.2,313.5,33.1,D,0
-14.3184,131.4585,337.1,1.8,1.3,2014-10-30,0436,Aqua,MODIS,57,6.2,311.7,39.2,D,0
-12.6821,142.2856,327.6,1.9,1.3,2014-10-30,0436,Aqua,MODIS,51,6.2,310.5,18.5,D,0
-13.0244,132.9464,336.9,1.4,1.2,2014-10-30,0436,Aqua,MODIS,72,6.2,311.4,27.5,D,0
-14.522,130.8356,334.3,2.1,1.4,2014-10-30,0436,Aqua,MODIS,39,6.2,306.7,56.7,D,0
-13.8725,135.6655,350.3,1,1,2014-10-30,0436,Aqua,MODIS,92,6.2,315.6,41.1,D,0
-13.725,132.6426,339.4,1.5,1.2,2014-10-30,0436,Aqua,MODIS,67,6.2,311.8,36.7,D,0
-13.7233,132.6559,333.3,1.5,1.2,2014-10-30,0436,Aqua,MODIS,48,6.2,307.6,19,D,0
-13.0332,132.9604,337.3,1.4,1.2,2014-10-30,0436,Aqua,MODIS,72,6.2,310,32.3,D,0
-14.0778,135.3723,440.5,1.1,1,2014-10-30,0436,Aqua,MODIS,100,6.2,326,629.7,D,0
-13.5568,132.4404,336.5,1.5,1.2,2014-10-30,0436,Aqua,MODIS,57,6.2,313.1,26.2,D,0
-13.0261,132.9335,353.1,1.4,1.2,2014-10-30,0436,Aqua,MODIS,95,6.2,313,76.5,D,0
-13.0502,133.1526,331.5,1.3,1.1,2014-10-30,0436,Aqua,MODIS,35,6.2,311.1,17,D,0
-13.046,131.6071,333.9,1.7,1.3,2014-10-30,0436,Aqua,MODIS,37,6.2,315.4,19.1,D,0
-12.0356,135.5909,326.8,1,1,2014-10-30,0436,Aqua,MODIS,40,6.2,308.8,8.8,D,0
-14.6137,130.955,340.6,2,1.4,2014-10-30,0436,Aqua,MODIS,82,6.2,305.7,86.7,D,0
-14.6159,130.9362,364.7,2,1.4,2014-10-30,0436,Aqua,MODIS,100,6.2,303.7,246.7,D,0
-14.6012,130.9535,337.9,2,1.4,2014-10-30,0436,Aqua,MODIS,61,6.2,307,74,D,0
-14.6034,130.9347,348.9,2,1.4,2014-10-30,0436,Aqua,MODIS,92,6.2,306.1,131.8,D,0
-14.6102,130.9682,344.2,2,1.4,2014-10-30,0436,Aqua,MODIS,74,6.2,307.3,99.3,D,0
-14.6125,130.9496,353.4,2,1.4,2014-10-30,0436,Aqua,MODIS,95,6.2,306.8,156.4,D,0
-14.6148,130.9308,352,2,1.4,2014-10-30,0436,Aqua,MODIS,94,6.2,302.1,146.4,D,0
-13.1341,132.9665,353.9,1.4,1.2,2014-10-30,0436,Aqua,MODIS,95,6.2,311.3,85.5,D,0
-14.6,130.9481,344,2,1.4,2014-10-30,0436,Aqua,MODIS,78,6.2,307.5,101.6,D,0
-14.5898,130.9276,353.3,2,1.4,2014-10-30,0436,Aqua,MODIS,95,6.2,308.7,155.2,D,0
-14.4384,130.7863,335.3,2.1,1.4,2014-10-30,0436,Aqua,MODIS,68,6.2,306.2,43.5,D,0
-12.9817,132.8947,341.2,1.4,1.2,2014-10-30,0436,Aqua,MODIS,79,6.2,309.5,40.2,D,0
-14.5117,130.815,344.1,2.1,1.4,2014-10-30,0436,Aqua,MODIS,80,6.2,307.9,105.7,D,0
-13.1873,133.1843,341,1.3,1.1,2014-10-30,0436,Aqua,MODIS,82,6.2,313,37.1,D,0
-13.1265,133.1056,333.2,1.4,1.2,2014-10-30,0436,Aqua,MODIS,66,6.2,310.4,19.4,D,0
-14.3303,131.4601,337.2,1.8,1.3,2014-10-30,0436,Aqua,MODIS,47,6.2,311.7,39.1,D,0
-14.0791,135.3625,424.6,1.1,1,2014-10-30,0436,Aqua,MODIS,100,6.2,324.6,455.6,D,0
-14.0804,135.3526,350,1.1,1,2014-10-30,0436,Aqua,MODIS,92,6.2,311.3,49.1,D,0
-14.6618,131.1835,364,1.9,1.4,2014-10-30,0436,Aqua,MODIS,100,6.2,308.6,212.6,D,0
-14.0659,135.3905,349.2,1.1,1,2014-10-30,0436,Aqua,MODIS,91,6.2,314.1,44.2,D,0
-14.0584,136.5724,333.4,1,1,2014-10-30,0436,Aqua,MODIS,72,6.2,308.6,16.4,D,0
-14.6655,131.1908,374.3,1.9,1.4,2014-10-30,0436,Aqua,MODIS,100,6.2,307.4,298.6,D,0
-13.5218,135.7445,330.6,1,1,2014-10-30,0436,Aqua,MODIS,27,6.2,313.3,10.3,D,0
-12.9851,133.1694,334.4,1.3,1.1,2014-10-30,0436,Aqua,MODIS,44,6.2,315.3,19.9,D,0
-12.9748,133.1681,341,1.3,1.1,2014-10-30,0436,Aqua,MODIS,68,6.2,316.6,32.9,D,0
-13.514,135.7337,333.9,1,1,2014-10-30,0436,Aqua,MODIS,46,6.2,312.9,13.7,D,0
-13.1889,133.1721,339.2,1.3,1.1,2014-10-30,0436,Aqua,MODIS,79,6.2,314.7,33.4,D,0
-13.8883,136.7941,347.7,1,1,2014-10-30,0436,Aqua,MODIS,90,6.2,312.5,38.8,D,0
-14.0597,136.5631,363.9,1,1,2014-10-30,0436,Aqua,MODIS,100,6.2,310.5,80.2,D,0
-14.453,130.7638,363.5,2.1,1.4,2014-10-30,0436,Aqua,MODIS,100,6.2,311,223.7,D,0
-11.3318,131.1552,342.7,1.7,1.3,2014-10-30,0437,Aqua,MODIS,86,6.2,306.2,77.5,D,0
-11.3338,131.1392,340.7,1.8,1.3,2014-10-30,0437,Aqua,MODIS,90,6.2,309.3,71.6,D,0
-11.3222,131.1376,330.2,1.8,1.3,2014-10-30,0437,Aqua,MODIS,67,6.2,307.9,38,D,0
-11.457,131.0803,337,1.8,1.3,2014-10-30,0437,Aqua,MODIS,59,6.2,308.8,49,D,0
-32.7714,116.2197,350.4,1,1,2014-10-30,0609,Aqua,MODIS,95,6.2,300.5,58.6,D,0
-32.7729,116.209,345.9,1,1,2014-10-30,0609,Aqua,MODIS,92,6.2,299.1,49,D,0
-33.6566,116.324,311.5,1,1,2014-10-30,0609,Aqua,MODIS,34,6.2,295.5,6.5,D,0
-34.1951,116.2094,310.4,1,1,2014-10-30,0609,Aqua,MODIS,37,6.2,289.8,6.4,D,0
-32.8308,116.4465,328.5,1,1,2014-10-30,0609,Aqua,MODIS,78,6.2,304.8,17.9,D,0
-32.8293,116.4572,344.2,1,1,2014-10-30,0609,Aqua,MODIS,91,6.2,306.7,41.5,D,0
-32.8399,116.4483,316.8,1,1,2014-10-30,0609,Aqua,MODIS,51,6.2,305.6,6.2,D,0
-32.791,116.2126,320.8,1,1,2014-10-30,0609,Aqua,MODIS,51,6.2,297.3,14,D,0
-28.8978,119.148,367,1.2,1.1,2014-10-30,0610,Aqua,MODIS,100,6.2,320.9,116,D,0
-28.9035,119.1757,410.9,1.3,1.1,2014-10-30,0610,Aqua,MODIS,100,6.2,323,421.5,D,0
-28.9056,119.1629,388.7,1.3,1.1,2014-10-30,0610,Aqua,MODIS,100,6.2,327,236.6,D,0
-28.8935,119.1735,367.5,1.3,1.1,2014-10-30,0610,Aqua,MODIS,100,6.2,307.5,118.4,D,0
-28.8957,119.1607,386,1.3,1.1,2014-10-30,0610,Aqua,MODIS,100,6.2,317.4,216.7,D,0
-26.2445,121.1937,333.3,1.9,1.3,2014-10-30,0611,Aqua,MODIS,40,6.2,316.4,25.8,D,0
-26.2151,121.2842,338.1,1.9,1.3,2014-10-30,0611,Aqua,MODIS,80,6.2,311.8,49.4,D,0
-26.2376,121.2308,337.7,1.9,1.3,2014-10-30,0611,Aqua,MODIS,64,6.2,315.6,39.8,D,0
-26.2408,121.2367,338.2,1.9,1.3,2014-10-30,0611,Aqua,MODIS,33,6.2,314.6,41.9,D,0
-26.2186,121.2654,362.2,1.9,1.3,2014-10-30,0611,Aqua,MODIS,100,6.2,317.2,179.3,D,0
-26.2137,121.2253,337.6,1.9,1.3,2014-10-30,0611,Aqua,MODIS,58,6.2,314,39.4,D,0
-26.2222,121.2466,380.3,1.9,1.3,2014-10-30,0611,Aqua,MODIS,100,6.2,319.3,329.7,D,0
-26.2336,121.274,336,1.9,1.3,2014-10-30,0611,Aqua,MODIS,77,6.2,314.4,42.5,D,0
-26.2271,121.287,327.9,1.9,1.3,2014-10-30,0611,Aqua,MODIS,38,6.2,311.2,14.7,D,0
-26.2306,121.2682,343.3,1.9,1.3,2014-10-30,0611,Aqua,MODIS,86,6.2,315.5,71.2,D,0
-26.2256,121.228,348.6,1.9,1.3,2014-10-30,0611,Aqua,MODIS,91,6.2,317.2,88.6,D,0
-26.2102,121.2438,359.7,1.9,1.3,2014-10-30,0611,Aqua,MODIS,99,6.2,315,157.8,D,0
-26.2341,121.2494,340.5,1.9,1.3,2014-10-30,0611,Aqua,MODIS,83,6.2,315.3,52.6,D,0
-24.9971,122.5359,390.1,2.5,1.5,2014-10-30,0611,Aqua,MODIS,100,6.2,321.5,676.7,D,0
-24.2935,126.2003,340.8,4.6,2,2014-10-30,0611,Aqua,MODIS,86,6.2,307.3,240.6,D,0
-24.9996,122.569,340.5,2.5,1.5,2014-10-30,0611,Aqua,MODIS,73,6.2,299.5,102.3,D,0
-25.0044,122.5449,370.3,2.5,1.5,2014-10-30,0611,Aqua,MODIS,100,6.2,313.3,373,D,0
-24.9861,122.5658,358.8,2.5,1.5,2014-10-30,0611,Aqua,MODIS,89,6.2,311.2,241.6,D,0
-24.9909,122.5418,400.2,2.5,1.5,2014-10-30,0611,Aqua,MODIS,100,6.2,321.6,874.1,D,0
-24.9924,122.5599,376.7,2.5,1.5,2014-10-30,0611,Aqua,MODIS,100,6.2,312.6,461,D,0
-24.2956,126.1962,338.6,4.6,2,2014-10-30,0611,Aqua,MODIS,84,6.2,307.4,207.2,D,0
-25.1599,123.7435,328.9,3,1.6,2014-10-30,0611,Aqua,MODIS,23,6.2,280.7,58.5,D,0
-23.3211,125.6707,342.8,4.4,1.9,2014-10-30,0611,Aqua,MODIS,87,6.2,308,247.2,D,0
-23.3202,125.675,341.8,4.4,1.9,2014-10-30,0611,Aqua,MODIS,86,6.2,308,238.1,D,0
-24.1244,126.135,335.8,4.6,2,2014-10-30,0611,Aqua,MODIS,80,6.2,311,144.2,D,0
-23.831,123.0743,336.5,2.8,1.6,2014-10-30,0611,Aqua,MODIS,64,6.2,312,66,D,0
-23.8254,123.1019,340.6,2.9,1.6,2014-10-30,0611,Aqua,MODIS,66,6.2,311.5,106.1,D,0
-23.8453,123.0778,335.4,2.8,1.6,2014-10-30,0611,Aqua,MODIS,64,6.2,313.6,58.8,D,0
-23.8596,123.0813,341.3,2.8,1.6,2014-10-30,0611,Aqua,MODIS,86,6.2,314.9,104.6,D,0
-23.8312,123.079,339.9,2.8,1.6,2014-10-30,0611,Aqua,MODIS,77,6.2,312.4,95.3,D,0
-23.8254,123.1065,337.4,2.9,1.6,2014-10-30,0611,Aqua,MODIS,59,6.2,310.9,90.2,D,0
-24.2783,126.1912,333.8,4.6,2,2014-10-30,0611,Aqua,MODIS,78,6.2,309.4,136.7,D,0
-25.3023,121.2846,343.3,2,1.4,2014-10-30,0611,Aqua,MODIS,76,6.2,301.6,71.3,D,0
-25.1659,123.7147,420.6,2.9,1.6,2014-10-30,0611,Aqua,MODIS,100,6.2,313.8,1837.1,D,0
-25.4169,121.297,332.8,2,1.4,2014-10-30,0611,Aqua,MODIS,33,6.2,313.7,27,D,0
-25.4011,121.3134,335.2,2,1.4,2014-10-30,0611,Aqua,MODIS,69,6.2,312.4,38.6,D,0
-25.1792,123.723,379.3,2.9,1.6,2014-10-30,0611,Aqua,MODIS,100,6.2,302.3,644.9,D,0
-25.2827,121.3208,370.5,2,1.4,2014-10-30,0611,Aqua,MODIS,87,6.2,304.2,263.5,D,0
-25.2864,121.3012,392.7,2,1.4,2014-10-30,0611,Aqua,MODIS,94,6.2,311.9,517.4,D,0
-25.3005,121.371,392,2,1.4,2014-10-30,0611,Aqua,MODIS,87,6.2,312.1,529.5,D,0
-25.3128,121.374,353.5,2,1.4,2014-10-30,0611,Aqua,MODIS,88,6.2,310.2,145.9,D,0
-25.3,121.3656,381,2,1.4,2014-10-30,0611,Aqua,MODIS,0,6.2,309.4,387.9,D,0
-25.2963,121.3853,358,2,1.4,2014-10-30,0611,Aqua,MODIS,93,6.2,305.1,183.6,D,0
-25.4134,121.3163,348.5,2,1.4,2014-10-30,0611,Aqua,MODIS,91,6.2,313.8,101.6,D,0
-25.4076,121.3018,342.4,2,1.4,2014-10-30,0611,Aqua,MODIS,85,6.2,313.5,68.5,D,0
-25.1745,123.7471,334.5,3,1.6,2014-10-30,0611,Aqua,MODIS,62,6.2,282.6,95.6,D,0
-25.2901,121.2817,362.6,2,1.4,2014-10-30,0611,Aqua,MODIS,100,6.2,313.7,191.6,D,0
-25.3004,121.7096,356.9,2.1,1.4,2014-10-30,0611,Aqua,MODIS,74,6.2,304.7,198.2,D,0
-25.3086,121.3883,338,2,1.4,2014-10-30,0611,Aqua,MODIS,65,6.2,305.4,68.8,D,0
-25.1718,123.6859,362.4,2.9,1.6,2014-10-30,0611,Aqua,MODIS,95,6.2,315.2,357.9,D,0
-25.2996,121.3097,334.9,2,1.4,2014-10-30,0611,Aqua,MODIS,40,6.2,299.9,37.3,D,0
-25.4161,121.3241,339.7,2,1.4,2014-10-30,0611,Aqua,MODIS,82,6.2,312.9,57.5,D,0
-25.279,121.3404,359,2,1.4,2014-10-30,0611,Aqua,MODIS,56,6.2,306.3,173.4,D,0
-24.4465,120.9299,343.4,1.9,1.4,2014-10-30,0611,Aqua,MODIS,67,6.2,313.2,60.8,D,0
-24.4411,120.9434,350.6,2,1.4,2014-10-30,0611,Aqua,MODIS,93,6.2,313,105.6,D,0
-24.443,120.8652,337.9,1.9,1.4,2014-10-30,0611,Aqua,MODIS,36,6.2,317.4,34.8,D,0
-24.112,123.6548,335.7,3.1,1.7,2014-10-30,0611,Aqua,MODIS,0,6.2,295.9,105.2,D,0
-25.3109,121.3069,342.5,2,1.4,2014-10-30,0611,Aqua,MODIS,81,6.2,302,73.8,D,0
-25.1514,123.711,398.2,2.9,1.6,2014-10-30,0611,Aqua,MODIS,100,6.2,308.9,1091.2,D,0
-25.2986,121.3041,345.4,2,1.4,2014-10-30,0611,Aqua,MODIS,65,6.2,302.4,83,D,0
-24.0972,123.6512,342.5,3.1,1.7,2014-10-30,0611,Aqua,MODIS,0,6.2,298.9,166,D,0
-25.3559,121.2825,336.6,2,1.4,2014-10-30,0611,Aqua,MODIS,76,6.2,313,43.6,D,0
-25.3718,121.266,331.4,2,1.4,2014-10-30,0611,Aqua,MODIS,43,6.2,311.3,19.4,D,0
-25.3681,121.2854,334.7,2,1.4,2014-10-30,0611,Aqua,MODIS,74,6.2,313.7,34.9,D,0
-25.4038,121.3212,332.3,2,1.4,2014-10-30,0611,Aqua,MODIS,53,6.2,312.8,28.6,D,0
-25.3156,121.293,339.4,2,1.4,2014-10-30,0611,Aqua,MODIS,71,6.2,305.1,54.8,D,0
-25.3596,121.2631,333.5,2,1.4,2014-10-30,0611,Aqua,MODIS,54,6.2,312.3,27.8,D,0
-23.4681,126.0051,331.6,4.6,2,2014-10-30,0611,Aqua,MODIS,72,6.2,307.3,105,D,0
-23.4675,126.0136,331.2,4.6,2,2014-10-30,0611,Aqua,MODIS,72,6.2,308.2,100.6,D,0
-23.8656,124.804,336.3,3.8,1.8,2014-10-30,0611,Aqua,MODIS,63,6.2,299.3,154.7,D,0
-23.8172,124.8691,351.2,3.8,1.8,2014-10-30,0611,Aqua,MODIS,94,6.2,302,333.8,D,0
-23.8286,124.8678,350.1,3.8,1.8,2014-10-30,0611,Aqua,MODIS,93,6.2,303.7,319,D,0
-25.4198,121.3047,341.2,2,1.4,2014-10-30,0611,Aqua,MODIS,84,6.2,314,62.5,D,0
-24.7491,121.8299,332.8,2.2,1.4,2014-10-30,0611,Aqua,MODIS,45,6.2,308.5,37.8,D,0
-24.4429,120.949,351.6,2,1.4,2014-10-30,0611,Aqua,MODIS,94,6.2,312.7,112.4,D,0
-25.3119,121.3124,348.5,2,1.4,2014-10-30,0611,Aqua,MODIS,79,6.2,300.2,105.1,D,0
-20.5039,125.22,327.7,4.8,2,2014-10-30,0612,Aqua,MODIS,32,6.2,304,92,D,0
-23.2737,120.0492,352.9,1.8,1.3,2014-10-30,0612,Aqua,MODIS,94,6.2,319.3,97.6,D,0
-23.2769,120.0319,338.7,1.8,1.3,2014-10-30,0612,Aqua,MODIS,77,6.2,319.2,34.7,D,0
-21.4336,122.1906,344.4,2.8,1.6,2014-10-30,0612,Aqua,MODIS,81,6.2,306.8,150.3,D,0
-21.6358,121.199,340.5,2.3,1.5,2014-10-30,0612,Aqua,MODIS,83,6.2,315,73.1,D,0
-21.6434,121.2059,343.6,2.3,1.5,2014-10-30,0612,Aqua,MODIS,87,6.2,315.5,94.2,D,0
-21.4347,122.196,340.2,2.8,1.6,2014-10-30,0612,Aqua,MODIS,73,6.2,304.2,121.6,D,0
-21.44,122.1697,348.2,2.8,1.6,2014-10-30,0612,Aqua,MODIS,86,6.2,308.9,173.9,D,0
-21.4205,122.1928,345.6,2.8,1.6,2014-10-30,0612,Aqua,MODIS,86,6.2,309.2,164,D,0
-21.4528,122.1675,338.4,2.8,1.6,2014-10-30,0612,Aqua,MODIS,64,6.2,300.3,97.8,D,0
-21.4194,122.1874,349.1,2.8,1.6,2014-10-30,0612,Aqua,MODIS,84,6.2,309.6,194.6,D,0
-21.764,121.0721,333.2,2.3,1.5,2014-10-30,0612,Aqua,MODIS,39,6.2,311.6,43.1,D,0
-21.8472,121.9601,354,2.6,1.6,2014-10-30,0612,Aqua,MODIS,73,6.2,316.7,202.8,D,0
-21.8368,121.9629,368.8,2.6,1.6,2014-10-30,0612,Aqua,MODIS,100,6.2,318.8,365.1,D,0
-21.7614,121.0789,336.3,2.3,1.5,2014-10-30,0612,Aqua,MODIS,78,6.2,311.6,58.7,D,0
-21.7785,121.0602,349.1,2.3,1.5,2014-10-30,0612,Aqua,MODIS,92,6.2,311.9,132.9,D,0
-21.0053,123.5086,337.4,3.5,1.8,2014-10-30,0612,Aqua,MODIS,56,6.2,308.6,142.7,D,0
-21.7744,121.0817,342.8,2.3,1.5,2014-10-30,0612,Aqua,MODIS,86,6.2,312.1,93.3,D,0
-21.263,125.0334,337.5,4.5,1.9,2014-10-30,0612,Aqua,MODIS,81,6.2,298.5,214.7,D,0
-21.8317,121.9881,432.9,2.6,1.6,2014-10-30,0612,Aqua,MODIS,100,6.2,320,2013.4,D,0
-21.8424,121.9853,366.7,2.6,1.6,2014-10-30,0612,Aqua,MODIS,100,6.2,311.2,342.2,D,0
-21.1906,125.2897,341.6,4.7,2,2014-10-30,0612,Aqua,MODIS,86,6.2,302.4,287.9,D,0
-21.1977,125.2489,328,4.6,2,2014-10-30,0612,Aqua,MODIS,51,6.2,303.6,106.7,D,0
-21.1879,125.2936,336.3,4.7,2,2014-10-30,0612,Aqua,MODIS,79,6.2,302.4,209.3,D,0
-22.1391,120.899,356.4,2.2,1.4,2014-10-30,0612,Aqua,MODIS,85,6.2,310.4,183.5,D,0
-22.1526,120.8947,349.6,2.2,1.4,2014-10-30,0612,Aqua,MODIS,87,6.2,310.9,133.1,D,0
-22.1398,120.8918,349.4,2.2,1.4,2014-10-30,0612,Aqua,MODIS,87,6.2,306.3,129.3,D,0
-21.8743,121.9195,346.5,2.6,1.5,2014-10-30,0612,Aqua,MODIS,90,6.2,299.6,128.6,D,0
-21.8791,121.8948,339.7,2.6,1.5,2014-10-30,0612,Aqua,MODIS,76,6.2,309.6,83.6,D,0
-21.8705,121.9135,354.5,2.6,1.5,2014-10-30,0612,Aqua,MODIS,96,6.2,305.8,198.5,D,0
-21.8236,122.0074,367.9,2.6,1.6,2014-10-30,0612,Aqua,MODIS,75,6.2,298.5,366.6,D,0
-21.8285,121.9822,426.1,2.6,1.6,2014-10-30,0612,Aqua,MODIS,100,6.2,321.4,1743.3,D,0
-21.8097,122.0043,357.7,2.6,1.6,2014-10-30,0612,Aqua,MODIS,0,6.2,294.5,248.1,D,0
-21.8146,121.979,386.3,2.6,1.6,2014-10-30,0612,Aqua,MODIS,94,6.2,313.6,651,D,0
-22.1518,120.9019,340,2.2,1.4,2014-10-30,0612,Aqua,MODIS,77,6.2,308.8,76.9,D,0
-22.1558,120.8809,345,2.2,1.4,2014-10-30,0612,Aqua,MODIS,0,6.2,303.4,99.4,D,0
-17.6542,124.3333,335.9,4.8,2,2014-10-30,0613,Aqua,MODIS,87,6.2,305.7,202.7,D,0
-17.641,124.3176,333.8,4.8,2,2014-10-30,0613,Aqua,MODIS,84,6.2,307.1,182,D,0
-17.6321,124.3621,332.7,4.8,2,2014-10-30,0613,Aqua,MODIS,73,6.2,306.1,161.7,D,0
-17.6398,124.3254,341.8,4.8,2,2014-10-30,0613,Aqua,MODIS,91,6.2,307.2,303.5,D,0
-20.6025,116.7821,333.1,1.2,1.1,2014-10-30,0613,Aqua,MODIS,80,6.2,312,22.1,D,2
-31.0739,152.1281,306.7,1.7,1.3,2014-10-30,1217,Terra,MODIS,57,6.2,289.1,18,N,0
-31.0623,152.1249,312.6,1.7,1.3,2014-10-30,1217,Terra,MODIS,37,6.2,290.3,24.9,N,0
-31.0556,152.1182,316.8,1.7,1.3,2014-10-30,1217,Terra,MODIS,94,6.2,291.3,33.2,N,0
-31.0523,152.1046,311.2,1.8,1.3,2014-10-30,1217,Terra,MODIS,45,6.2,290.7,21.7,N,0
-31.6457,151.689,304.4,1.9,1.3,2014-10-30,1217,Terra,MODIS,25,6.2,290.3,14.5,N,0
-31.6476,151.6687,303.8,1.9,1.3,2014-10-30,1217,Terra,MODIS,21,6.2,290,13.4,N,0
-28.5353,152.3297,304.2,1.6,1.2,2014-10-30,1218,Terra,MODIS,59,6.2,291.5,11.8,N,0
-28.6149,152.3297,307.6,1.6,1.2,2014-10-30,1218,Terra,MODIS,19,6.2,291.9,12.8,N,0
-28.6183,152.2976,307.3,1.6,1.2,2014-10-30,1218,Terra,MODIS,19,6.2,291.8,12.5,N,0
-28.607,152.2962,311.7,1.6,1.2,2014-10-30,1218,Terra,MODIS,45,6.2,292.2,18.5,N,0
-28.8136,151.9627,313.9,1.7,1.3,2014-10-30,1218,Terra,MODIS,24,6.2,290.3,24.6,N,0
-28.8123,151.9516,313.4,1.7,1.3,2014-10-30,1218,Terra,MODIS,19,6.2,290.7,22.1,N,0
-29.2961,152.8695,304.9,1.5,1.2,2014-10-30,1218,Terra,MODIS,62,6.2,290.4,11.5,N,0
-29.6255,152.2184,301.8,1.6,1.3,2014-10-30,1218,Terra,MODIS,38,6.2,287.9,11.2,N,0
-29.5737,152.2893,305.2,1.6,1.3,2014-10-30,1218,Terra,MODIS,44,6.2,289.2,12.8,N,0
-29.5756,152.2715,309,1.6,1.3,2014-10-30,1218,Terra,MODIS,75,6.2,289.7,18.1,N,0
-26.3776,149.5465,304.2,2.3,1.5,2014-10-30,1219,Terra,MODIS,59,6.2,292.2,16.1,N,0
-22.4834,147.2424,302.5,3,1.6,2014-10-30,1220,Terra,MODIS,50,6.2,291.8,17.8,N,0
-23.8454,148.1502,303.6,2.7,1.6,2014-10-30,1220,Terra,MODIS,56,6.2,292.7,18.1,N,0
-20.4831,147.2341,303.7,2.8,1.6,2014-10-30,1220,Terra,MODIS,20,6.2,290.6,20.2,N,0
-22.4039,146.3344,303.5,3.5,1.8,2014-10-30,1220,Terra,MODIS,12,6.2,293,20.2,N,0
-22.4841,147.237,303.6,3,1.6,2014-10-30,1220,Terra,MODIS,56,6.2,291.8,20.6,N,0
-20.4849,147.2396,305.9,2.8,1.6,2014-10-30,1220,Terra,MODIS,31,6.2,290.6,25,N,0
-22.486,147.2133,302.1,3,1.6,2014-10-30,1220,Terra,MODIS,47,6.2,292,17,N,0
-22.0812,145.825,323.4,3.8,1.8,2014-10-30,1220,Terra,MODIS,100,6.2,294.2,130.5,N,0
-22.0746,145.8191,314.8,3.8,1.8,2014-10-30,1220,Terra,MODIS,90,6.2,293.7,76,N,0
-22.091,145.8206,310.9,3.8,1.8,2014-10-30,1220,Terra,MODIS,81,6.2,294,54.6,N,0
-18.3105,145.2456,311.2,3.7,1.8,2014-10-30,1221,Terra,MODIS,15,6.2,290.2,61,N,0
-18.2275,145.2607,307.6,3.7,1.8,2014-10-30,1221,Terra,MODIS,35,6.2,289.3,52.1,N,0
-18.3136,145.2104,317.7,3.8,1.8,2014-10-30,1221,Terra,MODIS,65,6.2,290.4,96.6,N,0
-18.2575,145.2002,305.4,3.8,1.8,2014-10-30,1221,Terra,MODIS,7,6.2,289.6,41.3,N,0
-18.2349,145.2676,311.6,3.7,1.8,2014-10-30,1221,Terra,MODIS,75,6.2,290,71.1,N,0
-32.3918,135.6824,328.8,1.1,1,2014-10-30,1356,Terra,MODIS,100,6.2,277.8,30.2,N,0
-32.39,135.6938,324.8,1.1,1,2014-10-30,1356,Terra,MODIS,100,6.2,282,25.4,N,0
-32.4317,135.7089,308.3,1.1,1,2014-10-30,1356,Terra,MODIS,19,6.2,283.7,7.9,N,0
-32.4242,135.6955,309.1,1.1,1,2014-10-30,1356,Terra,MODIS,8,6.2,289.7,9,N,0
-32.4335,135.6975,318.7,1.1,1,2014-10-30,1356,Terra,MODIS,97,6.2,288.6,17.6,N,0
-30.3754,125.014,308.8,2.5,1.5,2014-10-30,1357,Terra,MODIS,71,6.2,290.9,29.9,N,0
-30.3891,125.0155,316.6,2.5,1.5,2014-10-30,1357,Terra,MODIS,93,6.2,292,51.5,N,0
-30.395,125.0215,311.5,2.5,1.5,2014-10-30,1357,Terra,MODIS,62,6.2,291.9,36.1,N,0
-29.3528,128.3285,314.2,1.4,1.2,2014-10-30,1357,Terra,MODIS,89,6.2,285.5,20.7,N,0
-24.5719,125.7383,304.1,1.9,1.3,2014-10-30,1358,Terra,MODIS,59,6.2,292.4,11.6,N,0
-26.2119,121.2346,328.9,4.1,1.9,2014-10-30,1358,Terra,MODIS,100,6.2,293.1,208.2,N,0
-26.2181,121.1987,301.9,4.1,1.9,2014-10-30,1358,Terra,MODIS,28,6.2,291.1,30.2,N,0
-26.2089,121.2754,312.5,4.1,1.9,2014-10-30,1358,Terra,MODIS,85,6.2,293.5,81,N,0
-26.1983,121.2385,317.1,4.1,1.9,2014-10-30,1358,Terra,MODIS,94,6.2,292,111.9,N,0
-26.1956,121.2793,304.6,4.1,1.9,2014-10-30,1358,Terra,MODIS,61,6.2,293.6,39.8,N,0
-26.2153,121.24,321.9,4.1,1.9,2014-10-30,1358,Terra,MODIS,100,6.2,293,145.5,N,0
-21.6697,141.2906,311.5,3.8,1.8,2014-10-30,1358,Terra,MODIS,83,6.2,296.3,60.3,N,0
-24.0655,123.6244,311.3,2.6,1.5,2014-10-30,1358,Terra,MODIS,82,6.2,295.4,33.4,N,0
-24.0608,123.6186,313.4,2.6,1.5,2014-10-30,1358,Terra,MODIS,87,6.2,295.2,39.7,N,0
-25.8599,125.4068,305.7,2,1.4,2014-10-30,1358,Terra,MODIS,65,6.2,293.4,15,N,0
-25.8608,125.4125,306.8,2,1.4,2014-10-30,1358,Terra,MODIS,69,6.2,293.7,17.4,N,0
-23.7885,124.8959,307.3,2.1,1.4,2014-10-30,1358,Terra,MODIS,71,6.2,295.4,14.8,N,0
-24.4323,120.9308,303.1,4.1,1.9,2014-10-30,1358,Terra,MODIS,53,6.2,292.9,38.7,N,0
-23.2519,126.0847,324.6,1.7,1.3,2014-10-30,1358,Terra,MODIS,81,6.2,293.2,51.1,N,0
-24.0515,123.6228,306.2,2.6,1.5,2014-10-30,1358,Terra,MODIS,57,6.2,294.5,19.4,N,0
-20.6126,125.9803,312.2,1.6,1.2,2014-10-30,1359,Terra,MODIS,56,6.2,297.8,14.8,N,0
-19.2674,131.4422,311.8,1,1,2014-10-30,1359,Terra,MODIS,82,6.2,299.6,8.1,N,0
-19.2712,131.3537,313.7,1,1,2014-10-30,1359,Terra,MODIS,86,6.2,297.7,9.9,N,0
-20.5929,125.7529,323.8,1.6,1.3,2014-10-30,1359,Terra,MODIS,100,6.2,283.6,37,N,0
-19.4961,131.7596,308.2,1,1,2014-10-30,1359,Terra,MODIS,71,6.2,295.9,7.1,N,0
-20.6016,125.9725,325.2,1.6,1.2,2014-10-30,1359,Terra,MODIS,100,6.2,298,39.2,N,0
-20.6146,125.959,331.1,1.6,1.2,2014-10-30,1359,Terra,MODIS,100,6.2,298.7,52.1,N,0
-20.6128,125.974,336.3,1.6,1.2,2014-10-30,1359,Terra,MODIS,100,6.2,299.6,66.5,N,0
-20.6257,125.9605,316.2,1.6,1.2,2014-10-30,1359,Terra,MODIS,93,6.2,298.3,21.9,N,0
-20.6143,125.9652,345.9,1.6,1.2,2014-10-30,1359,Terra,MODIS,100,6.2,299.5,99.7,N,0
-23.2256,125.589,322.1,1.8,1.3,2014-10-30,1359,Terra,MODIS,100,6.2,295.6,41,N,0
-23.2237,125.6069,321.6,1.8,1.3,2014-10-30,1359,Terra,MODIS,100,6.2,294.1,39,N,0
-22.9307,125.7982,327.2,1.7,1.3,2014-10-30,1359,Terra,MODIS,100,6.2,297.6,51.5,N,0
-19.4274,131.8529,319.9,1,1,2014-10-30,1359,Terra,MODIS,99,6.2,296.8,16.2,N,0
-19.4183,131.8513,310.9,1,1,2014-10-30,1359,Terra,MODIS,12,6.2,296.7,7.6,N,0
-19.4091,131.8497,309.6,1,1,2014-10-30,1359,Terra,MODIS,43,6.2,296.7,6.9,N,0
-20.5133,125.1664,324.6,1.8,1.3,2014-10-30,1359,Terra,MODIS,53,6.2,286.9,52.9,N,0
-20.6025,125.7701,325.7,1.6,1.3,2014-10-30,1359,Terra,MODIS,100,6.2,300.3,42.5,N,0
-20.8928,125.9214,315.7,1.6,1.2,2014-10-30,1359,Terra,MODIS,92,6.2,283.9,27.2,N,0
-20.8918,125.9271,309.2,1.6,1.2,2014-10-30,1359,Terra,MODIS,73,6.2,280.8,18.2,N,0
-20.5034,125.1477,327.4,1.8,1.3,2014-10-30,1359,Terra,MODIS,72,6.2,292.4,60.1,N,0
-19.067,130.6116,315.7,1,1,2014-10-30,1359,Terra,MODIS,90,6.2,297.3,11.8,N,0
-23.4133,124.1221,306.4,2.3,1.5,2014-10-30,1359,Terra,MODIS,63,6.2,294.8,18.9,N,0
-20.6451,126.0913,309.4,1.6,1.2,2014-10-30,1359,Terra,MODIS,32,6.2,294.6,11.8,N,0
-23.4156,124.0992,305.5,2.3,1.5,2014-10-30,1359,Terra,MODIS,65,6.2,295,15.9,N,0
-19.0683,130.6021,321.1,1,1,2014-10-30,1359,Terra,MODIS,100,6.2,297.9,16.6,N,0
-19.0697,130.5927,314.2,1,1,2014-10-30,1359,Terra,MODIS,87,6.2,297.7,10.5,N,0
-20.5912,125.7686,359.5,1.6,1.3,2014-10-30,1359,Terra,MODIS,100,6.2,299.9,167.1,N,0
-20.6043,125.7545,314.9,1.6,1.3,2014-10-30,1359,Terra,MODIS,74,6.2,295.3,20.6,N,0
-21.7788,125.8406,345.4,1.7,1.3,2014-10-30,1359,Terra,MODIS,100,6.2,297.5,108.8,N,0
-22.1105,123.7956,318.6,2.4,1.5,2014-10-30,1359,Terra,MODIS,58,6.2,291.3,58.6,N,0
-22.1024,123.7878,313.8,2.4,1.5,2014-10-30,1359,Terra,MODIS,30,6.2,279.9,43.3,N,0
-21.7741,126.1812,340.3,1.6,1.2,2014-10-30,1359,Terra,MODIS,100,6.2,298.6,80.8,N,0
-21.7729,126.1909,322.9,1.6,1.2,2014-10-30,1359,Terra,MODIS,100,6.2,296.9,36.2,N,0
-21.7747,126.1755,328.9,1.6,1.2,2014-10-30,1359,Terra,MODIS,100,6.2,298,48.3,N,0
-21.7635,126.1741,318.3,1.6,1.2,2014-10-30,1359,Terra,MODIS,74,6.2,297.5,26.2,N,0
-21.7152,126.1989,336.6,1.6,1.2,2014-10-30,1359,Terra,MODIS,100,6.2,278.8,75.6,N,0
-21.2556,125.0397,303.2,1.9,1.3,2014-10-30,1359,Terra,MODIS,13,6.2,287.9,18.4,N,0
-21.7392,125.7965,327.8,1.7,1.3,2014-10-30,1359,Terra,MODIS,100,6.2,297.5,49.7,N,0
-21.7373,125.8128,353.5,1.7,1.3,2014-10-30,1359,Terra,MODIS,100,6.2,299.5,144.9,N,0
-21.7365,125.8024,361.2,1.7,1.3,2014-10-30,1359,Terra,MODIS,100,6.2,299.7,185,N,0
-21.7347,125.8187,344.7,1.7,1.3,2014-10-30,1359,Terra,MODIS,100,6.2,297.5,105.5,N,0
-21.7613,125.789,328.3,1.7,1.3,2014-10-30,1359,Terra,MODIS,100,6.2,294.8,48.8,N,0
-21.7595,125.8053,374.9,1.7,1.3,2014-10-30,1359,Terra,MODIS,100,6.2,300.9,278.2,N,0
-23.0016,126.9985,325.5,1.5,1.2,2014-10-30,1359,Terra,MODIS,100,6.2,285.9,42.6,N,0
-23.0032,126.9844,325.8,1.5,1.2,2014-10-30,1359,Terra,MODIS,100,6.2,281.5,43.8,N,0
-21.7728,125.7904,336.2,1.7,1.3,2014-10-30,1359,Terra,MODIS,100,6.2,296.6,72.1,N,0
-21.771,125.8067,382.5,1.7,1.3,2014-10-30,1359,Terra,MODIS,100,6.2,305.3,343.1,N,0
-21.7691,125.823,316.6,1.7,1.3,2014-10-30,1359,Terra,MODIS,68,6.2,297.5,25.1,N,0
-21.7806,125.8244,364.8,1.7,1.3,2014-10-30,1359,Terra,MODIS,100,6.2,299.7,208.2,N,0
-21.206,125.2668,352,1.8,1.3,2014-10-30,1359,Terra,MODIS,100,6.2,294.7,157,N,0
-21.2079,125.2495,391.8,1.8,1.3,2014-10-30,1359,Terra,MODIS,100,6.2,296.6,491.9,N,0
-21.1822,125.2638,342.9,1.8,1.3,2014-10-30,1359,Terra,MODIS,98,6.2,288.4,110.8,N,0
-21.1841,125.2465,326.8,1.8,1.3,2014-10-30,1359,Terra,MODIS,67,6.2,296.4,54.2,N,0
-21.2198,125.2509,352.1,1.8,1.3,2014-10-30,1359,Terra,MODIS,100,6.2,293.3,159,N,0
-21.7045,121.9887,308.6,3.2,1.7,2014-10-30,1359,Terra,MODIS,75,6.2,294.7,32.3,N,0
-21.6711,122.0169,318.4,3.2,1.7,2014-10-30,1359,Terra,MODIS,97,6.2,295.9,73.3,N,0
-19.2956,131.0666,308.8,1,1,2014-10-30,1359,Terra,MODIS,72,6.2,298.2,5.5,N,0
-21.6864,122.0182,357,3.2,1.7,2014-10-30,1359,Terra,MODIS,100,6.2,299.2,408.1,N,0
-19.2568,131.4503,310.6,1,1,2014-10-30,1359,Terra,MODIS,78,6.2,298.7,6.8,N,0
-18.9333,132.1388,311.2,1.1,1,2014-10-30,1359,Terra,MODIS,80,6.2,296.1,8.7,N,0
-21.6892,121.9872,311.3,3.2,1.7,2014-10-30,1359,Terra,MODIS,82,6.2,294.7,41,N,0
-21.7017,122.0197,315.7,3.2,1.7,2014-10-30,1359,Terra,MODIS,92,6.2,295.5,61.8,N,0
-21.0226,123.4522,312.9,2.4,1.5,2014-10-30,1359,Terra,MODIS,86,6.2,296.3,30,N,0
-19.3984,131.8581,315.6,1,1,2014-10-30,1359,Terra,MODIS,91,6.2,296.2,11.7,N,0
-19.3893,131.8565,312.3,1,1,2014-10-30,1359,Terra,MODIS,33,6.2,296.9,8.6,N,0
-19.3801,131.8549,312.2,1,1,2014-10-30,1359,Terra,MODIS,83,6.2,297.4,9.1,N,0
-19.3723,131.8579,316,1,1,2014-10-30,1359,Terra,MODIS,92,6.2,297.4,13.3,N,0
-19.2425,131.9211,309.2,1.1,1,2014-10-30,1359,Terra,MODIS,74,6.2,296.4,7.2,N,0
-18.9626,132.0711,309.2,1.1,1,2014-10-30,1359,Terra,MODIS,34,6.2,298.8,6.3,N,0
-21.0659,123.4335,314.1,2.4,1.5,2014-10-30,1359,Terra,MODIS,89,6.2,296.5,34.2,N,0
-21.077,123.4584,306.1,2.4,1.5,2014-10-30,1359,Terra,MODIS,67,6.2,295.9,13.3,N,0
-21.0067,123.4739,308.2,2.4,1.5,2014-10-30,1359,Terra,MODIS,74,6.2,296,21.1,N,0
-21.0594,123.4393,312.3,2.4,1.5,2014-10-30,1359,Terra,MODIS,85,6.2,296.5,27.6,N,0
-20.9968,123.4906,313.7,2.4,1.5,2014-10-30,1359,Terra,MODIS,75,6.2,296.1,36.9,N,0
-21.0707,123.4643,306.6,2.4,1.5,2014-10-30,1359,Terra,MODIS,68,6.2,296,14.3,N,0
-21.6739,122.0116,340.7,3.2,1.7,2014-10-30,1359,Terra,MODIS,100,6.2,296.4,225.3,N,0
-21.671,122.0427,316.7,3.2,1.7,2014-10-30,1359,Terra,MODIS,94,6.2,296,64.2,N,0
-21.6892,122.013,337,3.2,1.7,2014-10-30,1359,Terra,MODIS,100,6.2,298.3,193.5,N,0
-21.0044,123.4971,310.1,2.4,1.5,2014-10-30,1359,Terra,MODIS,67,6.2,296,27,N,0
-18.2079,132.791,307.5,1.2,1.1,2014-10-30,1400,Terra,MODIS,67,6.2,297.1,7.1,N,0
-15.5942,128.2416,324.7,1,1,2014-10-30,1400,Terra,MODIS,100,6.2,297.1,20.8,N,0
-18.4104,130.6365,313.3,1,1,2014-10-30,1400,Terra,MODIS,85,6.2,298.8,9.4,N,0
-18.7227,130.3188,311.8,1,1,2014-10-30,1400,Terra,MODIS,80,6.2,299,7.1,N,0
-15.6034,128.2429,318.5,1,1,2014-10-30,1400,Terra,MODIS,96,6.2,297.5,13.7,N,0
-15.5929,128.2513,309.2,1,1,2014-10-30,1400,Terra,MODIS,65,6.2,296.4,5.7,N,0
-15.6048,128.2332,314.6,1.1,1,2014-10-30,1400,Terra,MODIS,82,6.2,297.1,10.7,N,0
-15.8243,133.8879,309.6,1.5,1.2,2014-10-30,1400,Terra,MODIS,14,6.2,297.9,8.8,N,0
-16.8451,130.7726,317.9,1,1,2014-10-30,1400,Terra,MODIS,94,6.2,301.4,11.2,N,0
-16.8124,130.8063,312,1,1,2014-10-30,1400,Terra,MODIS,76,6.2,301.6,6.3,N,0
-16.9694,130.8635,321.4,1,1,2014-10-30,1400,Terra,MODIS,100,6.2,301.8,13.5,N,0
-16.9603,130.862,318.8,1,1,2014-10-30,1400,Terra,MODIS,97,6.2,301.7,10.9,N,0
-16.8033,130.8048,313.3,1,1,2014-10-30,1400,Terra,MODIS,81,6.2,301,7.2,N,0
-16.7789,130.7813,311.7,1,1,2014-10-30,1400,Terra,MODIS,74,6.2,301.3,5.8,N,0
-16.7701,130.7837,311.6,1,1,2014-10-30,1400,Terra,MODIS,74,6.2,301.1,6.2,N,0
-16.9708,130.854,319.9,1,1,2014-10-30,1400,Terra,MODIS,99,6.2,301.6,12.1,N,0
-16.9618,130.8525,321.3,1,1,2014-10-30,1400,Terra,MODIS,100,6.2,302.4,13.5,N,0
-16.9527,130.851,329.1,1,1,2014-10-30,1400,Terra,MODIS,100,6.2,302.6,23.2,N,0
-16.9195,130.8299,324.9,1,1,2014-10-30,1400,Terra,MODIS,100,6.2,302.2,18.3,N,0
-15.6557,133.9507,309.4,1.5,1.2,2014-10-30,1400,Terra,MODIS,29,6.2,298,8.3,N,0
-15.4507,133.7835,310.2,1.5,1.2,2014-10-30,1400,Terra,MODIS,69,6.2,298.8,9,N,0
-15.2115,134.4721,311.3,1.6,1.3,2014-10-30,1400,Terra,MODIS,76,6.2,297.3,14.9,N,0
-15.777,133.9077,308.2,1.5,1.2,2014-10-30,1400,Terra,MODIS,67,6.2,297.5,8.2,N,0
-18.4075,127.8478,314,1.1,1.1,2014-10-30,1400,Terra,MODIS,85,6.2,300.2,9.3,N,0
-18.3965,127.8573,312.4,1.1,1.1,2014-10-30,1400,Terra,MODIS,64,6.2,300.3,7.4,N,0
-18.3979,127.8465,310.3,1.1,1.1,2014-10-30,1400,Terra,MODIS,35,6.2,299.4,5.7,N,0
-18.3869,127.8559,310.2,1.1,1.1,2014-10-30,1400,Terra,MODIS,56,6.2,299.7,5.9,N,0
-18.3524,127.8664,320.9,1.1,1.1,2014-10-30,1400,Terra,MODIS,100,6.2,300.1,17.3,N,0
-18.3428,127.8651,308.7,1.1,1.1,2014-10-30,1400,Terra,MODIS,64,6.2,298.7,5.4,N,0
-15.8487,133.8987,310.1,1.5,1.2,2014-10-30,1400,Terra,MODIS,19,6.2,297.7,9.3,N,0
-19.7112,122.9959,310.6,2.5,1.5,2014-10-30,1400,Terra,MODIS,23,6.2,276,37.3,N,0
-19.6939,122.9629,323.5,2.5,1.5,2014-10-30,1400,Terra,MODIS,43,6.2,283.8,80,N,0
-19.6913,122.9872,330.2,2.5,1.5,2014-10-30,1400,Terra,MODIS,68,6.2,277.6,104.6,N,0
-19.686,122.9686,330.7,2.5,1.5,2014-10-30,1400,Terra,MODIS,86,6.2,287.5,111.2,N,0
-14.6866,131.8844,310.6,1.2,1.1,2014-10-30,1401,Terra,MODIS,72,6.2,299.2,7.5,N,0
-14.6181,131.2566,352.3,1.1,1,2014-10-30,1401,Terra,MODIS,100,6.2,298.9,71.7,N,0
-14.6849,131.8951,326.8,1.2,1.1,2014-10-30,1401,Terra,MODIS,100,6.2,299.2,26.6,N,0
-14.622,131.0429,309.9,1.1,1,2014-10-30,1401,Terra,MODIS,43,6.2,289.7,6.8,N,0
-11.8031,130.0771,307,1,1,2014-10-30,1401,Terra,MODIS,51,6.2,295,5.8,N,0
-14.3906,131.4781,313.7,1.1,1.1,2014-10-30,1401,Terra,MODIS,83,6.2,298.4,9.1,N,0
-13.643,132.6032,308.9,1.3,1.1,2014-10-30,1401,Terra,MODIS,63,6.2,298.5,7.1,N,0
-14.6456,131.1381,314.4,1.1,1,2014-10-30,1401,Terra,MODIS,57,6.2,289.5,10.7,N,0
-14.632,131.2279,313.2,1.1,1,2014-10-30,1401,Terra,MODIS,41,6.2,296,7,N,0
-14.6564,131.1297,305.2,1.1,1,2014-10-30,1401,Terra,MODIS,6,6.2,285.9,4.7,N,0
-13.1202,132.9757,312.5,1.4,1.2,2014-10-30,1401,Terra,MODIS,83,6.2,298.3,12.1,N,0
-14.6399,131.2395,315.8,1.1,1,2014-10-30,1401,Terra,MODIS,79,6.2,296,10.3,N,0
-14.6492,131.2411,322.2,1.1,1,2014-10-30,1401,Terra,MODIS,100,6.2,295.6,17.5,N,0
-14.6477,131.2511,316.8,1.1,1,2014-10-30,1401,Terra,MODIS,85,6.2,295.3,12,N,0
-14.666,131.1925,307.3,1.1,1,2014-10-30,1401,Terra,MODIS,45,6.2,290.9,5.5,N,0
-14.6585,131.2426,320.1,1.1,1,2014-10-30,1401,Terra,MODIS,100,6.2,295.4,15.9,N,0
-14.657,131.2526,311.2,1.1,1,2014-10-30,1401,Terra,MODIS,75,6.2,295,7.6,N,0
-14.3268,131.4824,310.9,1.1,1.1,2014-10-30,1401,Terra,MODIS,35,6.2,298.5,6.5,N,0
-14.5759,131.2432,310.6,1.1,1,2014-10-30,1401,Terra,MODIS,63,6.2,296.4,6.7,N,0
-14.627,131.135,308.7,1.1,1,2014-10-30,1401,Terra,MODIS,17,6.2,290.7,5.5,N,0
-14.3567,131.4767,316.8,1.1,1.1,2014-10-30,1401,Terra,MODIS,63,6.2,298.6,11.4,N,0
-14.3552,131.4871,312.3,1.1,1.1,2014-10-30,1401,Terra,MODIS,5,6.2,298.8,7.2,N,0
-14.3662,131.4783,312.4,1.1,1.1,2014-10-30,1401,Terra,MODIS,30,6.2,298.7,7.4,N,0
-14.3647,131.4886,316.1,1.1,1.1,2014-10-30,1401,Terra,MODIS,62,6.2,298.7,10.7,N,0
-14.389,131.4885,322.4,1.1,1.1,2014-10-30,1401,Terra,MODIS,100,6.2,298.7,18.5,N,0
-13.0548,131.6487,309.2,1.2,1.1,2014-10-30,1401,Terra,MODIS,72,6.2,296.9,8.6,N,0
-13.0565,131.6378,359.1,1.2,1.1,2014-10-30,1401,Terra,MODIS,100,6.2,300,103.8,N,0
-13.053,131.642,345.1,1.2,1.1,2014-10-30,1401,Terra,MODIS,100,6.2,299.2,63.6,N,0
-12.9921,133.1697,312.6,1.5,1.2,2014-10-30,1401,Terra,MODIS,83,6.2,298.6,13.7,N,0
-14.3032,131.4468,308.5,1.1,1.1,2014-10-30,1401,Terra,MODIS,27,6.2,298.5,4.8,N,0
-14.4425,130.7752,306.4,1.1,1,2014-10-30,1401,Terra,MODIS,53,6.2,295.5,4.6,N,0
-13.4684,133.8694,329.3,1.6,1.2,2014-10-30,1401,Terra,MODIS,100,6.2,299.4,49.4,N,0
-13.466,133.884,315.7,1.6,1.2,2014-10-30,1401,Terra,MODIS,91,6.2,298.5,21.3,N,0
-14.6655,130.8794,315.9,1.1,1,2014-10-30,1401,Terra,MODIS,90,6.2,289.1,12.6,N,0
-13.045,131.6297,310.6,1.2,1.1,2014-10-30,1401,Terra,MODIS,77,6.2,296.9,9.3,N,0
-14.5867,131.2346,310.4,1.1,1,2014-10-30,1401,Terra,MODIS,23,6.2,296.7,6.2,N,0
-13.4795,133.8715,328.5,1.6,1.2,2014-10-30,1401,Terra,MODIS,100,6.2,299.1,46.9,N,0
-13.4772,133.8861,330.7,1.6,1.2,2014-10-30,1401,Terra,MODIS,100,6.2,299.2,52.2,N,0
-14.5932,131.2317,316.6,1.1,1,2014-10-30,1401,Terra,MODIS,92,6.2,296.8,11.2,N,0
-12.99,133.1831,309.8,1.5,1.2,2014-10-30,1401,Terra,MODIS,73,6.2,298.6,10.1,N,0
-12.9953,133.1768,320.6,1.5,1.2,2014-10-30,1401,Terra,MODIS,100,6.2,299.2,25.3,N,0
-14.5917,131.2418,312.7,1.1,1,2014-10-30,1401,Terra,MODIS,35,6.2,296.7,7.3,N,0
-14.6026,131.2333,314.5,1.1,1,2014-10-30,1401,Terra,MODIS,82,6.2,296.6,9,N,0
-14.601,131.2433,325,1.1,1,2014-10-30,1401,Terra,MODIS,100,6.2,297.3,20.5,N,0
-14.6119,131.2348,316.6,1.1,1,2014-10-30,1401,Terra,MODIS,92,6.2,296.8,10.6,N,0
-14.6103,131.2449,315.2,1.1,1,2014-10-30,1401,Terra,MODIS,60,6.2,296.9,9.8,N,0
-14.6212,131.2363,327.6,1.1,1,2014-10-30,1401,Terra,MODIS,100,6.2,296.9,22.6,N,0
-14.6197,131.2464,341.1,1.1,1,2014-10-30,1401,Terra,MODIS,100,6.2,298.2,45.4,N,0
-13.0229,132.9731,310.9,1.4,1.2,2014-10-30,1401,Terra,MODIS,42,6.2,298.8,9.9,N,0
-13.0294,132.9674,309.8,1.4,1.2,2014-10-30,1401,Terra,MODIS,33,6.2,298.9,8.6,N,0
-13.0662,131.6395,311.5,1.2,1.1,2014-10-30,1401,Terra,MODIS,80,6.2,297.2,10.6,N,0
-13.037,131.6173,307.4,1.2,1.1,2014-10-30,1401,Terra,MODIS,66,6.2,297,6.8,N,0
-13.1202,133.1098,311,1.4,1.2,2014-10-30,1401,Terra,MODIS,78,6.2,299.8,10.2,N,0
-13.0582,131.6271,311.5,1.2,1.1,2014-10-30,1401,Terra,MODIS,80,6.2,297.2,10.2,N,0
-14.6372,131.005,308.9,1.1,1,2014-10-30,1401,Terra,MODIS,47,6.2,287.4,6.8,N,0
-14.6578,130.8681,308.4,1.1,1,2014-10-30,1401,Terra,MODIS,57,6.2,290.4,6.2,N,0
-14.6563,130.8778,305.5,1.1,1,2014-10-30,1401,Terra,MODIS,35,6.2,289.9,4.3,N,0
-13.0547,131.6312,330.8,1.2,1.1,2014-10-30,1401,Terra,MODIS,100,6.2,298.6,34.6,N,0
-13.5106,133.8921,317.1,1.6,1.2,2014-10-30,1401,Terra,MODIS,74,6.2,298.6,23.2,N,0
-13.5194,133.9089,313.3,1.6,1.2,2014-10-30,1401,Terra,MODIS,32,6.2,298.5,14.1,N,0
-13.5329,133.8963,309.3,1.6,1.2,2014-10-30,1401,Terra,MODIS,7,6.2,297.5,11.8,N,0
-13.5306,133.911,315,1.6,1.2,2014-10-30,1401,Terra,MODIS,76,6.2,298.1,19.5,N,0
-13.4995,133.8901,316,1.6,1.2,2014-10-30,1401,Terra,MODIS,91,6.2,297.7,21.8,N,0
-12.3096,131.1693,324.9,1.1,1.1,2014-10-30,1401,Terra,MODIS,100,6.2,297.3,23.7,N,0
-12.9049,133.0006,309.3,1.4,1.2,2014-10-30,1401,Terra,MODIS,73,6.2,299,8.6,N,0
-13.4971,133.9047,311.4,1.6,1.2,2014-10-30,1401,Terra,MODIS,63,6.2,297.8,13.8,N,0
-13.5235,133.8853,309.2,1.6,1.2,2014-10-30,1401,Terra,MODIS,58,6.2,297.5,12.7,N,0
-12.404,133.3283,309.4,1.5,1.2,2014-10-30,1401,Terra,MODIS,32,6.2,296.8,10.6,N,0
-12.8879,132.971,310.9,1.4,1.2,2014-10-30,1401,Terra,MODIS,39,6.2,298.4,9.8,N,0
-12.8418,133.0236,308.3,1.4,1.2,2014-10-30,1401,Terra,MODIS,70,6.2,298.3,8.6,N,0
-12.8457,133.0306,319.4,1.4,1.2,2014-10-30,1401,Terra,MODIS,98,6.2,298.8,23.8,N,0
-12.8899,132.9584,308.5,1.4,1.2,2014-10-30,1401,Terra,MODIS,32,6.2,297.8,7.8,N,0
-12.335,131.1947,350.4,1.1,1.1,2014-10-30,1401,Terra,MODIS,100,6.2,299.4,73,N,0
-12.327,131.1828,308.9,1.1,1.1,2014-10-30,1401,Terra,MODIS,56,6.2,296.2,6.8,N,0
-12.3255,131.1932,306.4,1.1,1.1,2014-10-30,1401,Terra,MODIS,40,6.2,296.1,5.1,N,0
-12.3366,131.1843,314,1.1,1.1,2014-10-30,1401,Terra,MODIS,70,6.2,296.9,11.1,N,0
-12.3334,131.2051,316.9,1.1,1.1,2014-10-30,1401,Terra,MODIS,94,6.2,297.1,14.6,N,0
-12.3445,131.1962,316.6,1.1,1.1,2014-10-30,1401,Terra,MODIS,93,6.2,297.2,14.6,N,0
-14.3934,132.5124,314.6,1.3,1.1,2014-10-30,1401,Terra,MODIS,86,6.2,300.2,11.1,N,0
-14.3916,132.524,310.5,1.3,1.1,2014-10-30,1401,Terra,MODIS,41,6.2,299.9,6.7,N,0
-14.3922,132.5186,320.2,1.3,1.1,2014-10-30,1401,Terra,MODIS,100,6.2,300.5,18.4,N,0
-14.3834,132.5108,312.2,1.3,1.1,2014-10-30,1401,Terra,MODIS,47,6.2,299.6,7.9,N,0
-13.5211,133.8999,322.1,1.6,1.2,2014-10-30,1401,Terra,MODIS,100,6.2,298.8,33.5,N,0
-12.343,131.2066,320.2,1.1,1.1,2014-10-30,1401,Terra,MODIS,100,6.2,297.5,18.9,N,0
-13.4573,133.8674,308.2,1.6,1.2,2014-10-30,1401,Terra,MODIS,54,6.2,297.1,10.8,N,0
-13.5297,133.9167,312.4,1.6,1.2,2014-10-30,1401,Terra,MODIS,23,6.2,297.8,15.4,N,0
-13.5322,133.9019,315.8,1.6,1.2,2014-10-30,1401,Terra,MODIS,61,6.2,298.1,21.4,N,0
-13.5218,133.8942,321.2,1.6,1.2,2014-10-30,1401,Terra,MODIS,80,6.2,298.5,29.6,N,0
-12.308,131.1797,311.9,1.1,1.1,2014-10-30,1401,Terra,MODIS,49,6.2,296.8,9.1,N,0
-13.5083,133.9067,313.8,1.6,1.2,2014-10-30,1401,Terra,MODIS,41,6.2,298.6,16.1,N,0
-16.8197,142.7644,307.9,2.2,1.5,2014-10-30,1527,Aqua,MODIS,73,6.2,295.1,17.6,N,0
-15.1242,145.1564,304.8,1.6,1.2,2014-10-30,1527,Aqua,MODIS,62,6.2,292.4,10.9,N,0
-16.8593,142.837,306.1,2.2,1.4,2014-10-30,1527,Aqua,MODIS,17,6.2,295.3,11.6,N,0
-17.1033,142.798,308.5,2.2,1.4,2014-10-30,1527,Aqua,MODIS,75,6.2,295.2,19.9,N,0
-18.2332,145.2625,313.9,1.4,1.2,2014-10-30,1527,Aqua,MODIS,72,6.2,289.3,19.8,N,0
-15.3247,145.2528,317.1,1.6,1.2,2014-10-30,1527,Aqua,MODIS,94,6.2,293.6,27.9,N,0
-15.3009,142.6671,304.7,2.4,1.5,2014-10-30,1527,Aqua,MODIS,61,6.2,292,18.6,N,0
-15.5526,142.1816,305.8,2.6,1.6,2014-10-30,1527,Aqua,MODIS,39,6.2,293.1,19.7,N,0
-15.3256,145.2595,312.2,1.6,1.2,2014-10-30,1527,Aqua,MODIS,84,6.2,293.5,20.7,N,0
-15.5399,142.2164,325.9,2.6,1.6,2014-10-30,1527,Aqua,MODIS,100,6.2,293.8,90.6,N,0
-15.5046,142.4919,317.2,2.5,1.5,2014-10-30,1527,Aqua,MODIS,81,6.2,293.3,48.8,N,0
-15.3455,142.6298,303.9,2.5,1.5,2014-10-30,1527,Aqua,MODIS,16,6.2,292.6,15.4,N,0
-15.3272,145.2674,304.7,1.6,1.2,2014-10-30,1527,Aqua,MODIS,18,6.2,293.1,9.2,N,0
-15.5181,142.4892,309.5,2.5,1.5,2014-10-30,1527,Aqua,MODIS,74,6.2,293,28.1,N,0
-15.5105,142.4959,325.9,2.5,1.5,2014-10-30,1527,Aqua,MODIS,100,6.2,293.6,81.2,N,0
-15.5387,142.1843,315.4,2.6,1.6,2014-10-30,1527,Aqua,MODIS,91,6.2,293.2,47.7,N,0
-15.5495,142.1895,332.5,2.6,1.6,2014-10-30,1527,Aqua,MODIS,100,6.2,293.9,124.2,N,0
-15.557,142.2057,326.6,2.6,1.6,2014-10-30,1527,Aqua,MODIS,100,6.2,294.3,93.5,N,0
-15.5431,142.2085,347.2,2.6,1.6,2014-10-30,1527,Aqua,MODIS,100,6.2,295,222.5,N,0
-15.3232,145.2448,313.8,1.6,1.2,2014-10-30,1527,Aqua,MODIS,88,6.2,293.2,23,N,0
-18.2249,145.2773,312,1.4,1.2,2014-10-30,1527,Aqua,MODIS,70,6.2,288.4,18.2,N,0
-15.5538,142.2137,333.3,2.6,1.6,2014-10-30,1527,Aqua,MODIS,100,6.2,294.4,127.6,N,0
-15.5356,142.1922,320.9,2.6,1.6,2014-10-30,1527,Aqua,MODIS,100,6.2,293.5,69.5,N,0
-22.0729,145.8379,306,1.2,1.1,2014-10-30,1528,Aqua,MODIS,42,6.2,293.8,6.6,N,0
-22.0825,145.8362,313.9,1.2,1.1,2014-10-30,1528,Aqua,MODIS,88,6.2,294.2,13.5,N,0
-18.3147,143.7862,304.1,1.8,1.3,2014-10-30,1528,Aqua,MODIS,59,6.2,293.2,9.3,N,0
-22.017,146.2078,308.1,1.1,1.1,2014-10-30,1528,Aqua,MODIS,73,6.2,295.1,7.7,N,0
-22.0036,149.2273,303.5,1,1,2014-10-30,1528,Aqua,MODIS,41,6.2,291.9,5.1,N,0
-21.9945,149.2287,302.5,1,1,2014-10-30,1528,Aqua,MODIS,33,6.2,291.8,4.5,N,0
-20.4733,147.2443,306.8,1.1,1,2014-10-30,1528,Aqua,MODIS,49,6.2,291.5,7,N,0
-20.5473,146.6987,303.3,1.1,1,2014-10-30,1528,Aqua,MODIS,55,6.2,292.5,5.4,N,0
-21.8356,146.5889,306.1,1.1,1,2014-10-30,1528,Aqua,MODIS,44,6.2,293.9,6.2,N,0
-21.8263,146.5905,307.9,1.1,1,2014-10-30,1528,Aqua,MODIS,65,6.2,293.6,7.4,N,0
-26.3782,149.5414,304.1,1.1,1.1,2014-10-30,1529,Aqua,MODIS,58,6.2,292.9,5.9,N,0
-26.3797,149.5525,306.2,1.1,1.1,2014-10-30,1529,Aqua,MODIS,67,6.2,293,7.3,N,0
-24.3836,146.1944,328.6,1.1,1,2014-10-30,1529,Aqua,MODIS,100,6.2,294.2,27.7,N,0
-24.3852,146.2048,365.6,1.1,1,2014-10-30,1529,Aqua,MODIS,100,6.2,297.7,109,N,0
-24.3869,146.2152,351.5,1.1,1,2014-10-30,1529,Aqua,MODIS,100,6.2,296.1,68.4,N,0
-24.3885,146.2257,317.2,1.1,1,2014-10-30,1529,Aqua,MODIS,82,6.2,293.6,14.2,N,0
-24.3944,146.203,305.5,1.1,1,2014-10-30,1529,Aqua,MODIS,27,6.2,292.7,5.4,N,0
-24.3977,146.2239,316,1.1,1,2014-10-30,1529,Aqua,MODIS,83,6.2,293.6,13.3,N,0
-23.0956,146.2732,306.8,1.1,1,2014-10-30,1529,Aqua,MODIS,69,6.2,295,6.6,N,0
-24.407,146.2223,315.8,1.1,1,2014-10-30,1529,Aqua,MODIS,84,6.2,292.9,13.4,N,0
-25.5492,149.6501,307.5,1.1,1,2014-10-30,1529,Aqua,MODIS,72,6.2,292.3,8.6,N,0
-24.3059,146.1619,306.8,1.1,1,2014-10-30,1529,Aqua,MODIS,69,6.2,293.6,7,N,0
-24.3076,146.1724,316.1,1.1,1,2014-10-30,1529,Aqua,MODIS,93,6.2,293.7,14.8,N,0
-21.7338,141.3224,306.6,2.3,1.5,2014-10-30,1529,Aqua,MODIS,69,6.2,294.4,19.7,N,0
-24.406,146.8051,307.8,1,1,2014-10-30,1529,Aqua,MODIS,42,6.2,282.5,7.6,N,0
-24.418,146.7616,309.9,1,1,2014-10-30,1529,Aqua,MODIS,54,6.2,291,8.9,N,0
-24.4196,146.7717,320.1,1,1,2014-10-30,1529,Aqua,MODIS,100,6.2,291.3,17.1,N,0
-21.6758,141.2954,312.9,2.3,1.5,2014-10-30,1529,Aqua,MODIS,63,6.2,295.6,31.6,N,0
-21.7361,141.3271,304.5,2.3,1.5,2014-10-30,1529,Aqua,MODIS,27,6.2,294.2,14.3,N,0
-21.6971,141.3358,310.8,2.3,1.5,2014-10-30,1529,Aqua,MODIS,27,6.2,296.1,25.1,N,0
-21.6716,141.2734,307.3,2.3,1.5,2014-10-30,1529,Aqua,MODIS,22,6.2,293.7,19.3,N,0
-29.6178,152.2345,303.1,1.7,1.3,2014-10-30,1530,Aqua,MODIS,36,6.2,288.4,13.6,N,0
-29.5768,152.2647,302.3,1.7,1.3,2014-10-30,1530,Aqua,MODIS,26,6.2,289,11.9,N,0
-29.6214,152.2389,300.8,1.7,1.3,2014-10-30,1530,Aqua,MODIS,21,6.2,288.1,10.9,N,0
-28.6208,152.3347,303.9,1.7,1.3,2014-10-30,1530,Aqua,MODIS,26,6.2,289.9,12.4,N,0
-28.6225,152.351,300.5,1.7,1.3,2014-10-30,1530,Aqua,MODIS,15,6.2,289.7,9.4,N,0
-28.6055,152.3017,301.3,1.7,1.3,2014-10-30,1530,Aqua,MODIS,11,6.2,290,9.6,N,0
-28.5292,152.3336,301.6,1.7,1.3,2014-10-30,1530,Aqua,MODIS,42,6.2,289.5,12.2,N,0
-28.8128,151.9102,305.8,1.6,1.2,2014-10-30,1530,Aqua,MODIS,20,6.2,290.6,13.6,N,0
-31.0497,152.1225,307.4,1.8,1.3,2014-10-30,1531,Aqua,MODIS,71,6.2,288.7,20.2,N,0
-31.0634,152.1394,302.1,1.8,1.3,2014-10-30,1531,Aqua,MODIS,9,6.2,287.3,12.1,N,0
-31.6414,151.6922,302.5,1.7,1.3,2014-10-30,1531,Aqua,MODIS,11,6.2,288.4,11.5,N,0
-31.651,151.6714,307.3,1.7,1.3,2014-10-30,1531,Aqua,MODIS,25,6.2,289.2,16.8,N,0
-13.5242,133.9191,313.1,3,1.7,2014-10-30,1705,Aqua,MODIS,86,6.2,295.1,52.4,N,0
-15.7724,125.7773,305.1,1,1,2014-10-30,1705,Aqua,MODIS,63,6.2,294,5.1,N,0
-16.3288,131.228,311.1,2.1,1.4,2014-10-30,1705,Aqua,MODIS,74,6.2,296,20.9,N,0
-16.3401,131.2321,319.9,2.1,1.4,2014-10-30,1705,Aqua,MODIS,99,6.2,296.3,43.8,N,0
-16.3414,131.2265,308.8,2.1,1.4,2014-10-30,1705,Aqua,MODIS,64,6.2,295.2,17.7,N,0
-15.6031,128.2394,308.3,1.3,1.1,2014-10-30,1705,Aqua,MODIS,44,6.2,295.7,7.4,N,0
-15.5931,128.2408,306.1,1.3,1.1,2014-10-30,1705,Aqua,MODIS,1,6.2,294.9,5.4,N,0
-14.6126,131.2582,308.1,2,1.4,2014-10-30,1705,Aqua,MODIS,18,6.2,294.8,13.7,N,0
-15.6027,128.2336,306.4,1.3,1.1,2014-10-30,1705,Aqua,MODIS,25,6.2,295.8,5.6,N,0
-14.5979,131.2409,314.6,2,1.4,2014-10-30,1705,Aqua,MODIS,63,6.2,295.4,25.5,N,0
-13.4763,133.8955,310.1,3,1.7,2014-10-30,1705,Aqua,MODIS,61,6.2,294.7,39.5,N,0
-14.6518,131.2465,310.3,2,1.4,2014-10-30,1705,Aqua,MODIS,79,6.2,295,18.6,N,0
-14.651,131.1368,308.4,1.9,1.4,2014-10-30,1705,Aqua,MODIS,74,6.2,295.1,15.8,N,0
-14.6359,131.0135,307.9,1.9,1.3,2014-10-30,1705,Aqua,MODIS,72,6.2,295,14.6,N,0
-14.6532,131.1547,311,1.9,1.4,2014-10-30,1705,Aqua,MODIS,81,6.2,295.4,20.5,N,0
-13.4774,133.9024,308.4,3,1.7,2014-10-30,1705,Aqua,MODIS,72,6.2,294.6,34.4,N,0
-18.2307,132.8192,304.5,2.9,1.6,2014-10-30,1706,Aqua,MODIS,61,6.2,293.1,23.4,N,0
-16.922,130.869,335.2,2,1.4,2014-10-30,1706,Aqua,MODIS,100,6.2,300,85.8,N,0
-16.9237,130.8613,347.9,2,1.4,2014-10-30,1706,Aqua,MODIS,100,6.2,301.4,145.5,N,0
-16.9343,130.8673,368.7,2,1.4,2014-10-30,1706,Aqua,MODIS,100,6.2,302.1,291.4,N,0
-16.9366,130.8863,320.5,2,1.4,2014-10-30,1706,Aqua,MODIS,100,6.2,298.6,36.7,N,0
-16.9258,130.8801,318.5,2,1.4,2014-10-30,1706,Aqua,MODIS,97,6.2,299,32.7,N,0
-16.9361,130.8595,345.8,2,1.4,2014-10-30,1706,Aqua,MODIS,100,6.2,300,135.2,N,0
-16.9382,130.8785,344.8,2,1.4,2014-10-30,1706,Aqua,MODIS,100,6.2,300.2,129.9,N,0
-16.9484,130.8582,315.8,2,1.4,2014-10-30,1706,Aqua,MODIS,91,6.2,298.3,26.7,N,0
-16.9506,130.8769,314.6,2,1.4,2014-10-30,1706,Aqua,MODIS,88,6.2,298.8,23.3,N,0
-16.9608,130.8569,311.9,2,1.4,2014-10-30,1706,Aqua,MODIS,62,6.2,290.8,18.9,N,0
-16.963,130.8755,342.8,2,1.4,2014-10-30,1706,Aqua,MODIS,100,6.2,300.1,120.6,N,0
-16.9754,130.8739,308.6,2,1.4,2014-10-30,1706,Aqua,MODIS,59,6.2,297.3,13,N,0
-16.7701,130.7812,315.4,1.9,1.4,2014-10-30,1706,Aqua,MODIS,90,6.2,298.3,25.6,N,0
-16.7722,130.7994,319.1,1.9,1.4,2014-10-30,1706,Aqua,MODIS,98,6.2,299.2,34.5,N,0
-16.7844,130.7977,308.9,1.9,1.4,2014-10-30,1706,Aqua,MODIS,72,6.2,298.6,13.1,N,0
-16.9052,130.8335,312,2,1.4,2014-10-30,1706,Aqua,MODIS,82,6.2,298.3,21.6,N,0
-16.9176,130.832,313.1,2,1.4,2014-10-30,1706,Aqua,MODIS,74,6.2,298.2,21.3,N,0
-16.9197,130.8503,336.2,2,1.4,2014-10-30,1706,Aqua,MODIS,100,6.2,300.1,89.6,N,0
-16.9321,130.8486,315.8,2,1.4,2014-10-30,1706,Aqua,MODIS,82,6.2,298.8,25.7,N,0
-16.9216,130.8426,320.3,2,1.4,2014-10-30,1706,Aqua,MODIS,100,6.2,299.2,38.2,N,0
-18.4005,127.8468,314.7,1.3,1.1,2014-10-30,1706,Aqua,MODIS,89,6.2,297.2,14,N,0
-18.3424,127.8615,308.3,1.3,1.1,2014-10-30,1706,Aqua,MODIS,68,6.2,297.6,7.3,N,0
-18.3439,127.8737,311.3,1.3,1.1,2014-10-30,1706,Aqua,MODIS,79,6.2,297.6,10.5,N,0
-18.5183,130.619,315.5,2,1.4,2014-10-30,1706,Aqua,MODIS,91,6.2,295,34.6,N,0
-16.1827,124.7443,306.3,1,1,2014-10-30,1706,Aqua,MODIS,68,6.2,294.5,5.1,N,0
-19.2017,130.6821,306.2,2.1,1.4,2014-10-30,1706,Aqua,MODIS,67,6.2,295.9,16.7,N,0
-19.0632,130.6129,312.3,2,1.4,2014-10-30,1706,Aqua,MODIS,85,6.2,295.6,29.3,N,0
-18.5307,130.6175,306.4,2,1.4,2014-10-30,1706,Aqua,MODIS,68,6.2,294.9,16.9,N,0
-17.3635,124.3274,305.9,1,1,2014-10-30,1706,Aqua,MODIS,58,6.2,294.5,5.3,N,0
-22.6352,120.8466,306.9,1.2,1.1,2014-10-30,1707,Aqua,MODIS,68,6.2,296.3,6.2,N,0
-23.2203,125.7108,306.1,1.1,1.1,2014-10-30,1707,Aqua,MODIS,49,6.2,268.3,8.2,N,0
-23.2189,125.6998,308.1,1.1,1.1,2014-10-30,1707,Aqua,MODIS,62,6.2,270.5,9.5,N,0
-22.6371,120.8579,315.6,1.2,1.1,2014-10-30,1707,Aqua,MODIS,91,6.2,296.7,14.3,N,0
-20.4113,122.3302,311.6,1.1,1,2014-10-30,1707,Aqua,MODIS,83,6.2,297.7,8.7,N,0
-21.0614,123.4403,310,1,1,2014-10-30,1707,Aqua,MODIS,79,6.2,297.4,6.9,N,0
-20.4499,122.3339,325.2,1.1,1,2014-10-30,1707,Aqua,MODIS,100,6.2,299,22.5,N,0
-20.4484,122.3237,317.6,1.1,1,2014-10-30,1707,Aqua,MODIS,95,6.2,297.9,13.8,N,0
-21.2107,122.374,308.1,1.1,1,2014-10-30,1707,Aqua,MODIS,50,6.2,281.6,12.3,N,0
-21.6648,122.0324,321.9,1.1,1,2014-10-30,1707,Aqua,MODIS,83,6.2,284.9,21.8,N,0
-21.6664,122.0426,314.2,1.1,1,2014-10-30,1707,Aqua,MODIS,48,6.2,290.4,13.9,N,0
-21.0087,123.4589,313.8,1,1,2014-10-30,1707,Aqua,MODIS,88,6.2,297.6,9.9,N,0
-21.0178,123.4574,310.1,1,1,2014-10-30,1707,Aqua,MODIS,79,6.2,297.5,7.1,N,0
-21.6725,122.0203,320.5,1.1,1,2014-10-30,1707,Aqua,MODIS,34,6.2,293.2,20.1,N,0
-20.4186,122.2555,314.5,1.1,1,2014-10-30,1707,Aqua,MODIS,89,6.2,297.8,11.1,N,0
-21.6741,122.0307,371.9,1.1,1,2014-10-30,1707,Aqua,MODIS,100,6.2,300.9,134.7,N,0
-21.6757,122.0409,359.3,1.1,1,2014-10-30,1707,Aqua,MODIS,100,6.2,300,92.3,N,0
-20.4097,122.3201,319.8,1.1,1,2014-10-30,1707,Aqua,MODIS,99,6.2,297.4,16.5,N,0
-20.4206,122.3286,310.5,1.1,1,2014-10-30,1707,Aqua,MODIS,80,6.2,297.6,7.7,N,0
-21.1245,125.0138,352,1,1,2014-10-30,1707,Aqua,MODIS,100,6.2,300.2,67,N,0
-21.1231,125.0039,353.8,1,1,2014-10-30,1707,Aqua,MODIS,100,6.2,299.2,71.2,N,0
-21.4679,124.527,303.4,1,1,2014-10-30,1707,Aqua,MODIS,19,6.2,287.5,7.8,N,0
-22.9702,124.2299,312.3,1,1,2014-10-30,1707,Aqua,MODIS,52,6.2,277.1,14.3,N,0
-21.573,124.1704,321,1,1,2014-10-30,1707,Aqua,MODIS,100,6.2,298.4,16.9,N,0
-22.6607,124.7111,317.2,1,1,2014-10-30,1707,Aqua,MODIS,83,6.2,293.1,15.9,N,0
-22.6078,124.5926,314.3,1,1,2014-10-30,1707,Aqua,MODIS,70,6.2,296.2,11.6,N,0
-21.1651,125.2554,389,1,1,2014-10-30,1707,Aqua,MODIS,100,6.2,309.1,206.1,N,0
-21.1609,125.2731,356.9,1,1,2014-10-30,1707,Aqua,MODIS,99,6.2,302.5,79.6,N,0
-21.1503,125.2644,384.7,1,1,2014-10-30,1707,Aqua,MODIS,100,6.2,298.7,181.9,N,0
-22.6099,124.6739,314,1,1,2014-10-30,1707,Aqua,MODIS,29,6.2,292.5,13.9,N,0
-22.5811,124.6682,325.5,1,1,2014-10-30,1707,Aqua,MODIS,75,6.2,290,23.6,N,0
-22.5719,124.6696,322.7,1,1,2014-10-30,1707,Aqua,MODIS,0,6.2,297.8,20.2,N,0
-22.555,124.6825,325.9,1,1,2014-10-30,1707,Aqua,MODIS,27,6.2,294.7,23.8,N,0
-21.1595,125.263,431.9,1,1,2014-10-30,1707,Aqua,MODIS,100,6.2,322.5,535.7,N,0
-21.1581,125.253,367.9,1,1,2014-10-30,1707,Aqua,MODIS,100,6.2,301.3,114.6,N,0
-21.1531,125.2845,325.4,1,1,2014-10-30,1707,Aqua,MODIS,52,6.2,284.7,21.7,N,0
-21.1757,125.2641,388.8,1,1,2014-10-30,1707,Aqua,MODIS,100,6.2,298.2,202.7,N,0
-21.2112,125.2483,318.8,1,1,2014-10-30,1707,Aqua,MODIS,36,6.2,289.5,16,N,0
-22.1883,120.8798,317.2,1.2,1.1,2014-10-30,1707,Aqua,MODIS,94,6.2,298.4,14.3,N,0
-21.1517,125.2745,331.9,1,1,2014-10-30,1707,Aqua,MODIS,98,6.2,285.5,27.9,N,0
-22.5503,124.7001,324.7,1,1,2014-10-30,1707,Aqua,MODIS,0,6.2,297.6,21.7,N,0
-22.1864,120.8685,322.3,1.2,1.1,2014-10-30,1707,Aqua,MODIS,100,6.2,298.9,20.3,N,0
-22.5488,124.6901,343.7,1,1,2014-10-30,1707,Aqua,MODIS,68,6.2,305.7,49.9,N,0
-22.5474,124.6801,346.3,1,1,2014-10-30,1707,Aqua,MODIS,100,6.2,294.6,54.6,N,0
-21.1489,125.2544,334.7,1,1,2014-10-30,1707,Aqua,MODIS,100,6.2,294.9,35.5,N,0
-22.5411,124.7015,382.9,1,1,2014-10-30,1707,Aqua,MODIS,100,6.2,307,171,N,0
-22.1786,120.8816,309.3,1.2,1.1,2014-10-30,1707,Aqua,MODIS,70,6.2,298,6.7,N,0
-22.5397,124.6915,416.7,1,1,2014-10-30,1707,Aqua,MODIS,100,6.2,316.4,382.2,N,0
-22.5383,124.6815,372.1,1,1,2014-10-30,1707,Aqua,MODIS,100,6.2,295.3,126.1,N,0
-22.1767,120.8703,332.5,1.2,1.1,2014-10-30,1707,Aqua,MODIS,100,6.2,299.9,36.2,N,0
-22.167,120.8722,319.8,1.2,1.1,2014-10-30,1707,Aqua,MODIS,99,6.2,299.6,17.8,N,0
-22.1592,120.8852,312.7,1.2,1.1,2014-10-30,1707,Aqua,MODIS,73,6.2,299.1,9.7,N,0
-21.1665,125.2655,385.6,1,1,2014-10-30,1707,Aqua,MODIS,100,6.2,315.6,187.5,N,0
-21.1679,125.2755,322,1,1,2014-10-30,1707,Aqua,MODIS,0,6.2,300.9,17.6,N,0
-21.1743,125.254,392.2,1,1,2014-10-30,1707,Aqua,MODIS,100,6.2,297.5,221.9,N,0
-21.1545,125.2946,328.8,1,1,2014-10-30,1707,Aqua,MODIS,44,6.2,284.1,28.5,N,0
-22.1574,120.874,318.9,1.2,1.1,2014-10-30,1707,Aqua,MODIS,97,6.2,299.5,16.4,N,0
-22.1567,120.8808,320,1.2,1.1,2014-10-30,1707,Aqua,MODIS,99,6.2,299.6,17.4,N,0
-22.532,124.703,324.7,1,1,2014-10-30,1707,Aqua,MODIS,71,6.2,299.6,21.5,N,0
-22.5306,124.693,360.4,1,1,2014-10-30,1707,Aqua,MODIS,100,6.2,304.5,88.5,N,0
-22.4569,124.6333,309.4,1,1,2014-10-30,1707,Aqua,MODIS,77,6.2,296.7,7.4,N,0
-22.4555,124.6233,324.4,1,1,2014-10-30,1707,Aqua,MODIS,100,6.2,297.1,21.2,N,0
-22.4527,124.6035,312.9,1,1,2014-10-30,1707,Aqua,MODIS,86,6.2,297.3,9.9,N,0
-22.448,124.6304,320.4,1,1,2014-10-30,1707,Aqua,MODIS,100,6.2,297.3,16.1,N,0
-22.4466,124.6204,316.1,1,1,2014-10-30,1707,Aqua,MODIS,92,6.2,297.1,12,N,0
-22.0141,121.2637,308.4,1.1,1.1,2014-10-30,1707,Aqua,MODIS,73,6.2,296.3,7.2,N,0
-22.9716,124.2397,337.4,1,1,2014-10-30,1707,Aqua,MODIS,100,6.2,277.1,42.1,N,0
-22.0237,121.2619,310.1,1.1,1.1,2014-10-30,1707,Aqua,MODIS,76,6.2,296.8,8.5,N,0
-21.1425,125.2759,321.4,1,1,2014-10-30,1707,Aqua,MODIS,0,6.2,285.4,18.2,N,0
-22.6169,124.5911,305.4,1,1,2014-10-30,1707,Aqua,MODIS,31,6.2,294.9,4.7,N,0
-24.0523,123.6943,427,1,1,2014-10-30,1708,Aqua,MODIS,100,6.2,314,456.5,N,0
-24.0424,123.6253,325.1,1,1,2014-10-30,1708,Aqua,MODIS,100,6.2,300.3,19.3,N,0
-24.0537,123.7041,475,1,1,2014-10-30,1708,Aqua,MODIS,100,6.2,338.9,1096.9,N,0
-24.8918,122.4607,307.2,1,1,2014-10-30,1708,Aqua,MODIS,69,6.2,293.5,6.9,N,0
-24.8903,122.4508,306,1,1,2014-10-30,1708,Aqua,MODIS,63,6.2,293.1,6.1,N,0
-24.8843,122.4723,309,1,1,2014-10-30,1708,Aqua,MODIS,56,6.2,294.4,7.9,N,0
-24.8828,122.4623,341.6,1,1,2014-10-30,1708,Aqua,MODIS,100,6.2,296.5,45.8,N,0
-23.8399,123.0632,307,1,1,2014-10-30,1708,Aqua,MODIS,67,6.2,295,6.2,N,0
-24.1298,122.8473,308.7,1,1,2014-10-30,1708,Aqua,MODIS,75,6.2,294.7,7.9,N,0
-24.0433,123.6958,318.8,1,1,2014-10-30,1708,Aqua,MODIS,69,6.2,298.8,12.1,N,0
-24.0514,123.6238,325.8,1,1,2014-10-30,1708,Aqua,MODIS,99,6.2,303.4,19.8,N,0
-24.0613,123.6928,378.9,1,1,2014-10-30,1708,Aqua,MODIS,100,6.2,293.9,145,N,0
-24.0627,123.7026,357.7,1,1,2014-10-30,1708,Aqua,MODIS,72,6.2,292.4,75.6,N,0
-23.7081,126.6487,324.2,1.3,1.1,2014-10-30,1708,Aqua,MODIS,76,6.2,283.2,29.3,N,0
-24.0447,123.7056,376.1,1,1,2014-10-30,1708,Aqua,MODIS,100,6.2,303.9,134.7,N,0
-24.0461,123.7155,317.1,1,1,2014-10-30,1708,Aqua,MODIS,94,6.2,297.5,11.2,N,0
-24.0642,123.7125,320,1,1,2014-10-30,1708,Aqua,MODIS,0,6.2,291.1,13.5,N,0
-25.2721,121.3349,314.8,1.1,1,2014-10-30,1708,Aqua,MODIS,90,6.2,293.5,12.6,N,0
-23.6603,122.4154,304.2,1,1,2014-10-30,1708,Aqua,MODIS,59,6.2,293.7,5.4,N,0
-25.2662,121.3574,306,1.1,1,2014-10-30,1708,Aqua,MODIS,20,6.2,293.3,5.6,N,0
-24.8562,125.8399,305.4,1.2,1.1,2014-10-30,1708,Aqua,MODIS,51,6.2,291.8,9.1,N,0
-25.2646,121.347,333.5,1.1,1,2014-10-30,1708,Aqua,MODIS,100,6.2,295.6,34.8,N,0
-25.257,121.3591,305.7,1.1,1,2014-10-30,1708,Aqua,MODIS,14,6.2,293.8,5.5,N,0
-24.0661,123.6047,319.3,1,1,2014-10-30,1708,Aqua,MODIS,89,6.2,291.8,14.8,N,0
-24.057,123.6062,328.9,1,1,2014-10-30,1708,Aqua,MODIS,84,6.2,299.2,25,N,0
-24.0585,123.6161,329.7,1,1,2014-10-30,1708,Aqua,MODIS,48,6.2,304.4,25.2,N,0
-24.8576,125.8516,307.9,1.2,1.1,2014-10-30,1708,Aqua,MODIS,69,6.2,292.6,10.3,N,0
-25.2554,121.3487,320.6,1.1,1,2014-10-30,1708,Aqua,MODIS,100,6.2,294.7,17.9,N,0
-24.1227,122.8554,315.6,1,1,2014-10-30,1708,Aqua,MODIS,90,6.2,295.7,11.8,N,0
-24.8464,125.8413,317.8,1.2,1.1,2014-10-30,1708,Aqua,MODIS,86,6.2,293.8,19.9,N,0
-25.3144,121.3745,302.9,1,1,2014-10-30,1708,Aqua,MODIS,45,6.2,292.1,4.7,N,0
-23.4311,124.1131,324.5,1,1,2014-10-30,1708,Aqua,MODIS,100,6.2,294.7,22.5,N,0
-24.8478,125.8531,313.7,1.2,1.1,2014-10-30,1708,Aqua,MODIS,82,6.2,295.2,14.7,N,0
-25.8604,125.4117,319.9,1.2,1.1,2014-10-30,1708,Aqua,MODIS,99,6.2,294.3,21.1,N,0
-25.8618,125.4233,305.5,1.2,1.1,2014-10-30,1708,Aqua,MODIS,65,6.2,293.2,7.2,N,0
-25.858,125.4178,308.9,1.2,1.1,2014-10-30,1708,Aqua,MODIS,76,6.2,293.6,9.9,N,0
-25.8565,125.4062,307.3,1.2,1.1,2014-10-30,1708,Aqua,MODIS,68,6.2,293.1,8.5,N,0
-24.05,123.614,324.5,1,1,2014-10-30,1708,Aqua,MODIS,83,6.2,301.9,18.7,N,0
-24.5755,129.9066,302.9,2.1,1.4,2014-10-30,1708,Aqua,MODIS,40,6.2,283.3,18.5,N,0
-26.2076,121.2496,307.3,1,1,2014-10-30,1708,Aqua,MODIS,71,6.2,292.6,7.7,N,0
-26.2119,121.2167,307.9,1,1,2014-10-30,1708,Aqua,MODIS,73,6.2,291,9.3,N,0
-26.206,121.2393,360,1,1,2014-10-30,1708,Aqua,MODIS,100,6.2,297.5,91.4,N,0
-26.2043,121.2289,320.5,1,1,2014-10-30,1708,Aqua,MODIS,100,6.2,291.6,18.7,N,0
-26.2001,121.2618,321,1,1,2014-10-30,1708,Aqua,MODIS,100,6.2,293.8,19.4,N,0
-26.1984,121.2514,329.8,1,1,2014-10-30,1708,Aqua,MODIS,100,6.2,294.6,29.7,N,0
-26.1968,121.241,350.8,1,1,2014-10-30,1708,Aqua,MODIS,100,6.2,294.9,67.2,N,0
-26.2135,121.2271,305.6,1,1,2014-10-30,1708,Aqua,MODIS,63,6.2,291.2,6.9,N,0
-30.3729,125.0376,301.9,1.2,1.1,2014-10-30,1709,Aqua,MODIS,27,6.2,290.2,6.4,N,0
-30.392,125.1952,313.5,1.3,1.1,2014-10-30,1709,Aqua,MODIS,81,6.2,291.3,16.4,N,0
-30.4021,125.1937,302.4,1.3,1.1,2014-10-30,1709,Aqua,MODIS,12,6.2,290.6,6.3,N,0
-30.384,125.1292,308.5,1.3,1.1,2014-10-30,1709,Aqua,MODIS,75,6.2,291.2,11.7,N,0
-30.3856,125.1423,307.2,1.3,1.1,2014-10-30,1709,Aqua,MODIS,71,6.2,291.1,10.6,N,0
-30.4004,125.1883,306.5,1.3,1.1,2014-10-30,1709,Aqua,MODIS,68,6.2,291.1,10.2,N,0
-30.3818,125.1968,302.7,1.3,1.1,2014-10-30,1709,Aqua,MODIS,49,6.2,290.9,7.1,N,0
-28.2218,125.8867,306.6,1.3,1.1,2014-10-30,1709,Aqua,MODIS,66,6.2,292.2,10.9,N,0
-30.3904,125.182,312.3,1.3,1.1,2014-10-30,1709,Aqua,MODIS,71,6.2,291.7,15,N,0
-30.3803,125.1835,329.8,1.3,1.1,2014-10-30,1709,Aqua,MODIS,100,6.2,292.1,40.9,N,0
-28.6151,152.2952,319.8,4.2,1.9,2014-10-30,2317,Terra,MODIS,64,6.2,297.2,83.6,D,0
-28.6271,152.3304,319.7,4.1,1.9,2014-10-30,2317,Terra,MODIS,72,6.2,296.5,89.8,D,0
-29.5514,152.2967,322.3,3.9,1.8,2014-10-30,2317,Terra,MODIS,75,6.2,297,121,D,0
-29.5478,152.3051,314.7,3.9,1.8,2014-10-30,2317,Terra,MODIS,42,6.2,297.3,63.2,D,0
-28.6167,152.2863,315.1,4.2,1.9,2014-10-30,2317,Terra,MODIS,56,6.2,297.2,56.5,D,0
-28.6251,152.3384,318.7,4.1,1.9,2014-10-30,2317,Terra,MODIS,57,6.2,296.3,76.3,D,0
-10.9813,142.2933,326.8,1,1,2014-10-31,0050,Terra,MODIS,76,6.2,301.3,10.6,D,0
-10.9799,142.2841,339.4,1,1,2014-10-31,0050,Terra,MODIS,89,6.2,302.3,28.7,D,0
-11.0495,142.5004,329,1,1,2014-10-31,0050,Terra,MODIS,24,6.2,300.4,14.4,D,0
-10.9744,142.3702,321.6,1,1,2014-10-31,0050,Terra,MODIS,43,6.2,303.7,8,D,0
-10.9785,142.2748,324,1,1,2014-10-31,0050,Terra,MODIS,59,6.2,303.8,7.6,D,0
-10.9485,142.2603,336.5,1,1,2014-10-31,0050,Terra,MODIS,0,6.2,304.5,25,D,0
-10.968,142.2668,335.3,1,1,2014-10-31,0050,Terra,MODIS,87,6.2,305.7,22.2,D,0
-10.9499,142.2696,330.5,1,1,2014-10-31,0050,Terra,MODIS,61,6.2,305.4,15.7,D,0
-12.5859,142.7339,328.1,1,1,2014-10-31,0051,Terra,MODIS,66,6.2,301.5,11.4,D,0
-13.7959,141.5939,337.7,1,1,2014-10-31,0051,Terra,MODIS,83,6.2,304.6,25.2,D,0
-12.7471,136.3767,321,2.2,1.4,2014-10-31,0051,Terra,MODIS,51,6.2,300,21.3,D,0
-14.6042,141.6963,344.8,1,1,2014-10-31,0051,Terra,MODIS,88,6.2,311.6,31.2,D,0
-14.5571,141.7514,335.4,1,1,2014-10-31,0051,Terra,MODIS,76,6.2,311.8,14.5,D,0
-14.5802,141.8431,335.6,1,1,2014-10-31,0051,Terra,MODIS,76,6.2,308.4,18.3,D,0
-13.7059,141.5468,360.3,1,1,2014-10-31,0051,Terra,MODIS,100,6.2,310.8,70.8,D,0
-14.4475,141.695,345.6,1,1,2014-10-31,0051,Terra,MODIS,90,6.2,311.3,34.7,D,0
-14.8153,144.4883,326.1,1.1,1.1,2014-10-31,0051,Terra,MODIS,32,6.2,302.3,10,D,0
-12.5761,142.7321,326.9,1,1,2014-10-31,0051,Terra,MODIS,39,6.2,302.7,10.6,D,0
-12.7178,142.3832,342.1,1,1,2014-10-31,0051,Terra,MODIS,88,6.2,309.5,30.5,D,0
-12.7268,142.3819,331.7,1,1,2014-10-31,0051,Terra,MODIS,78,6.2,306.2,14.6,D,0
-12.5658,142.7243,333.6,1,1,2014-10-31,0051,Terra,MODIS,80,6.2,303.4,19.2,D,0
-12.7484,136.3834,327.6,2.2,1.4,2014-10-31,0051,Terra,MODIS,73,6.2,300,43.3,D,0
-13.7743,141.6904,326.9,1,1,2014-10-31,0051,Terra,MODIS,53,6.2,302.2,11.6,D,0
-14.4783,141.8999,336.1,1,1,2014-10-31,0051,Terra,MODIS,78,6.2,310.9,19.4,D,0
-14.5493,141.759,337.1,1,1,2014-10-31,0051,Terra,MODIS,52,6.2,311.8,19.3,D,0
-14.5403,141.7605,336.3,1,1,2014-10-31,0051,Terra,MODIS,60,6.2,309,20.4,D,0
-14.5375,141.7418,331.3,1,1,2014-10-31,0051,Terra,MODIS,65,6.2,309.5,13.3,D,0
-14.5112,141.8126,336.1,1,1,2014-10-31,0051,Terra,MODIS,75,6.2,312.3,17.4,D,0
-13.7859,141.5826,344,1,1,2014-10-31,0051,Terra,MODIS,89,6.2,312.4,33,D,0
-13.7844,141.5732,334.8,1,1,2014-10-31,0051,Terra,MODIS,79,6.2,311.9,17.4,D,0
-13.7873,141.5921,333,1,1,2014-10-31,0051,Terra,MODIS,75,6.2,309.2,16.2,D,0
-13.7945,141.5845,345,1,1,2014-10-31,0051,Terra,MODIS,90,6.2,305,38,D,0
-13.793,141.5751,371.3,1,1,2014-10-31,0051,Terra,MODIS,100,6.2,306.9,108.4,D,0
-13.7901,141.6109,339.1,1,1,2014-10-31,0051,Terra,MODIS,84,6.2,304.9,26.2,D,0
-12.4104,142.9188,335.3,1,1,2014-10-31,0051,Terra,MODIS,77,6.2,298.7,24.8,D,0
-14.456,141.751,333.1,1,1,2014-10-31,0051,Terra,MODIS,75,6.2,310.7,13,D,0
-13.2573,142.4201,328.4,1,1,2014-10-31,0051,Terra,MODIS,54,6.2,301.9,13.5,D,0
-14.5098,141.8033,341.8,1,1,2014-10-31,0051,Terra,MODIS,86,6.2,312.8,27.9,D,0
-14.5042,141.7661,331.3,1,1,2014-10-31,0051,Terra,MODIS,58,6.2,310.3,13.4,D,0
-14.5084,141.794,331.5,1,1,2014-10-31,0051,Terra,MODIS,48,6.2,312.3,12.7,D,0
-13.7284,141.755,331.8,1,1,2014-10-31,0051,Terra,MODIS,75,6.2,296.2,21.3,D,0
-13.7256,141.7363,328.2,1,1,2014-10-31,0051,Terra,MODIS,67,6.2,298.9,15.7,D,0
-14.4554,141.6877,359.6,1,1,2014-10-31,0051,Terra,MODIS,99,6.2,310.3,69.3,D,0
-12.4,142.911,322.9,1,1,2014-10-31,0051,Terra,MODIS,45,6.2,294.6,11.1,D,0
-12.4458,142.9074,326.7,1,1,2014-10-31,0051,Terra,MODIS,48,6.2,301.1,13.2,D,0
-14.4706,141.9105,333.9,1,1,2014-10-31,0051,Terra,MODIS,63,6.2,311.1,13.7,D,0
-12.4395,142.927,331.7,1,1,2014-10-31,0051,Terra,MODIS,71,6.2,305.4,20.9,D,0
-12.4494,142.8696,324.3,1,1,2014-10-31,0051,Terra,MODIS,43,6.2,301.7,10.7,D,0
-14.4658,141.6956,328.3,1,1,2014-10-31,0051,Terra,MODIS,37,6.2,309,9,D,0
-14.472,141.9198,334.6,1,1,2014-10-31,0051,Terra,MODIS,67,6.2,311.5,14.8,D,0
-12.4472,142.9165,342,1,1,2014-10-31,0051,Terra,MODIS,89,6.2,305.5,36,D,0
-14.4568,141.697,355.4,1,1,2014-10-31,0051,Terra,MODIS,97,6.2,312.3,57.3,D,0
-14.5966,141.707,341.9,1,1,2014-10-31,0051,Terra,MODIS,85,6.2,311.1,24.1,D,0
-14.4582,141.7064,332.5,1,1,2014-10-31,0051,Terra,MODIS,53,6.2,311,13.2,D,0
-12.3974,142.8928,332,1,1,2014-10-31,0051,Terra,MODIS,75,6.2,298.2,20.4,D,0
-13.7915,141.6203,387,1,1,2014-10-31,0051,Terra,MODIS,100,6.2,312.3,173.6,D,0
-14.4624,141.7344,332.9,1,1,2014-10-31,0051,Terra,MODIS,74,6.2,309,13.3,D,0
-14.5585,141.7607,332.5,1,1,2014-10-31,0051,Terra,MODIS,62,6.2,312.8,10.4,D,0
-14.4639,141.7437,334.1,1,1,2014-10-31,0051,Terra,MODIS,76,6.2,310,15.2,D,0
-15.1549,145.1781,336.6,1.2,1.1,2014-10-31,0051,Terra,MODIS,84,6.2,299.7,37.6,D,0
-15.1301,145.1536,342.2,1.2,1.1,2014-10-31,0051,Terra,MODIS,89,6.2,303.4,46.6,D,0
-15.1323,145.1588,325.4,1.2,1.1,2014-10-31,0051,Terra,MODIS,42,6.2,302.5,17,D,0
-15.1308,145.1475,348.7,1.2,1.1,2014-10-31,0051,Terra,MODIS,93,6.2,304.4,64.8,D,0
-12.396,142.8837,334.8,1,1,2014-10-31,0051,Terra,MODIS,82,6.2,301.5,24.1,D,0
-15.1337,145.17,322,1.2,1.1,2014-10-31,0051,Terra,MODIS,25,6.2,300.9,12.3,D,0
-12.0485,141.8546,324,1,1,2014-10-31,0051,Terra,MODIS,69,6.2,297.5,10.1,D,0
-13.793,141.6297,330.1,1,1,2014-10-31,0051,Terra,MODIS,72,6.2,307.7,13.2,D,0
-13.8002,141.6222,335.5,1,1,2014-10-31,0051,Terra,MODIS,80,6.2,307.6,21.8,D,0
-11.6425,142.4615,322.5,1,1,2014-10-31,0051,Terra,MODIS,71,6.2,282.1,13.5,D,0
-14.6133,141.6949,349.4,1,1,2014-10-31,0051,Terra,MODIS,92,6.2,309.4,42,D,0
-14.5647,141.8614,327.8,1,1,2014-10-31,0051,Terra,MODIS,34,6.2,310.3,8.3,D,0
-12.1728,133.9708,324.4,3.4,1.7,2014-10-31,0051,Terra,MODIS,67,6.2,303.1,47.5,D,0
-13.744,141.8577,328.2,1,1,2014-10-31,0051,Terra,MODIS,42,6.2,306.7,10.4,D,0
-12.163,133.9798,322.8,3.4,1.7,2014-10-31,0051,Terra,MODIS,60,6.2,302.9,33.5,D,0
-13.8116,141.9994,325.2,1,1,2014-10-31,0051,Terra,MODIS,52,6.2,306,7.2,D,0
-13.8241,141.9595,328.8,1,1,2014-10-31,0051,Terra,MODIS,70,6.2,303.5,13.8,D,0
-14.5938,141.6884,363.4,1,1,2014-10-31,0051,Terra,MODIS,100,6.2,313,76.4,D,0
-14.6119,141.6855,359.3,1,1,2014-10-31,0051,Terra,MODIS,99,6.2,305.6,67.6,D,0
-14.367,141.7713,339.3,1,1,2014-10-31,0051,Terra,MODIS,84,6.2,310,22.3,D,0
-14.5188,141.8019,380.6,1,1,2014-10-31,0051,Terra,MODIS,100,6.2,312.5,139.9,D,0
-13.6968,141.5482,343.5,1,1,2014-10-31,0051,Terra,MODIS,89,6.2,310.6,31.9,D,0
-14.5952,141.6977,338.8,1,1,2014-10-31,0051,Terra,MODIS,82,6.2,311.5,19.2,D,0
-14.5126,141.8219,339.6,1,1,2014-10-31,0051,Terra,MODIS,84,6.2,311.4,23.5,D,0
-14.514,141.8313,341.8,1,1,2014-10-31,0051,Terra,MODIS,86,6.2,310.6,27.7,D,0
-14.5202,141.8112,346.4,1,1,2014-10-31,0051,Terra,MODIS,90,6.2,309.9,36.7,D,0
-14.5174,141.7926,369.4,1,1,2014-10-31,0051,Terra,MODIS,100,6.2,310.2,98.1,D,0
-14.3684,141.7806,348.6,1,1,2014-10-31,0051,Terra,MODIS,92,6.2,312.2,39.8,D,0
-12.7517,136.4029,320.3,2.2,1.4,2014-10-31,0051,Terra,MODIS,41,6.2,299.3,20.1,D,0
-14.591,141.6697,329,1,1,2014-10-31,0051,Terra,MODIS,47,6.2,310.6,8.7,D,0
-14.5633,141.8521,331.9,1,1,2014-10-31,0051,Terra,MODIS,72,6.2,310,12.9,D,0
-13.343,142.4386,328.5,1,1,2014-10-31,0051,Terra,MODIS,46,6.2,306.9,10.4,D,0
-14.838,144.4431,339.2,1.1,1.1,2014-10-31,0051,Terra,MODIS,86,6.2,305.5,28.7,D,0
-14.5924,141.679,349.9,1,1,2014-10-31,0051,Terra,MODIS,93,6.2,311.1,44.1,D,0
-14.5619,141.8428,335.3,1,1,2014-10-31,0051,Terra,MODIS,78,6.2,310.9,16.9,D,0
-15.1564,145.1893,326.7,1.2,1.1,2014-10-31,0051,Terra,MODIS,72,6.2,298.1,20.5,D,0
-14.5605,141.8336,337.5,1,1,2014-10-31,0051,Terra,MODIS,81,6.2,311.3,20.6,D,0
-14.5577,141.8149,348.5,1,1,2014-10-31,0051,Terra,MODIS,92,6.2,313.3,41.3,D,0
-14.5591,141.8242,346.4,1,1,2014-10-31,0051,Terra,MODIS,90,6.2,311.9,36.7,D,0
-12.2553,142.8645,321,1,1,2014-10-31,0051,Terra,MODIS,22,6.2,302.1,7.3,D,0
-12.7164,142.374,346.5,1,1,2014-10-31,0051,Terra,MODIS,92,6.2,309.1,39.2,D,0
-14.1436,141.8185,340,1,1,2014-10-31,0051,Terra,MODIS,84,6.2,308.6,27.7,D,0
-14.145,141.8278,328.1,1,1,2014-10-31,0051,Terra,MODIS,27,6.2,306.5,9.2,D,0
-14.6124,141.628,338.4,1,1,2014-10-31,0051,Terra,MODIS,81,6.2,306.1,25.1,D,0
-14.6014,141.6776,354.1,1,1,2014-10-31,0051,Terra,MODIS,96,6.2,305.9,54.8,D,0
-13.715,141.5453,333.8,1,1,2014-10-31,0051,Terra,MODIS,58,6.2,309.4,14.7,D,0
-15.0907,145.1591,329.6,1.2,1.1,2014-10-31,0051,Terra,MODIS,66,6.2,301.4,19,D,0
-13.4564,135.8405,325.5,2.3,1.5,2014-10-31,0051,Terra,MODIS,50,6.2,300,29.7,D,0
-14.5892,141.8417,329.1,1,1,2014-10-31,0051,Terra,MODIS,44,6.2,308.9,9.2,D,0
-13.7621,141.8549,331.3,1,1,2014-10-31,0051,Terra,MODIS,65,6.2,306.4,15.2,D,0
-13.4695,135.8382,326.3,2.3,1.5,2014-10-31,0051,Terra,MODIS,50,6.2,298.9,34.3,D,0
-12.2539,142.8553,329.7,1,1,2014-10-31,0051,Terra,MODIS,77,6.2,302.6,17.6,D,0
-13.7165,141.5548,331.1,1,1,2014-10-31,0051,Terra,MODIS,67,6.2,310.7,9.3,D,0
-14.5361,141.7325,337.9,1,1,2014-10-31,0051,Terra,MODIS,81,6.2,308.4,22.7,D,0
-14.6048,141.6388,346.6,1,1,2014-10-31,0051,Terra,MODIS,90,6.2,308.9,39.4,D,0
-13.75,141.5302,333.6,1,1,2014-10-31,0051,Terra,MODIS,70,6.2,311.5,11.2,D,0
-14.6028,141.687,391.1,1,1,2014-10-31,0051,Terra,MODIS,100,6.2,314.3,188.5,D,0
-12.7506,136.3962,326.6,2.2,1.4,2014-10-31,0051,Terra,MODIS,71,6.2,299.7,40.7,D,0
-14.5958,141.6402,339.6,1,1,2014-10-31,0051,Terra,MODIS,83,6.2,309.7,24.7,D,0
-14.5748,141.6243,331.6,1,1,2014-10-31,0051,Terra,MODIS,68,6.2,309.4,11.6,D,0
-12.2642,142.8631,328.7,1,1,2014-10-31,0051,Terra,MODIS,75,6.2,302.1,15.6,D,0
-12.7095,142.3905,339.7,1,1,2014-10-31,0051,Terra,MODIS,87,6.2,307.8,25.3,D,0
-15.0059,145.0629,322.1,1.2,1.1,2014-10-31,0051,Terra,MODIS,41,6.2,296.9,15.3,D,0
-13.7332,141.7255,330,1,1,2014-10-31,0051,Terra,MODIS,72,6.2,296.9,17.5,D,0
-12.6991,142.3826,352.9,1,1,2014-10-31,0051,Terra,MODIS,96,6.2,311.2,49.7,D,0
-14.6139,141.6374,349.2,1,1,2014-10-31,0051,Terra,MODIS,92,6.2,306.9,45.4,D,0
-12.2732,142.8618,320.7,1,1,2014-10-31,0051,Terra,MODIS,32,6.2,301.9,7.1,D,0
-12.6915,142.3932,351.3,1,1,2014-10-31,0051,Terra,MODIS,95,6.2,308.8,47.5,D,0
-13.7241,141.7269,327,1,1,2014-10-31,0051,Terra,MODIS,52,6.2,302.6,13.8,D,0
-12.6735,142.3959,331.5,1,1,2014-10-31,0051,Terra,MODIS,41,6.2,308.9,12.4,D,0
-12.6825,142.3946,339.6,1,1,2014-10-31,0051,Terra,MODIS,76,6.2,309,24.2,D,0
-13.7502,141.8376,326.1,1,1,2014-10-31,0051,Terra,MODIS,42,6.2,303,11.1,D,0
-13.7426,141.8484,327.9,1,1,2014-10-31,0051,Terra,MODIS,43,6.2,303.2,11.3,D,0
-13.7666,141.7011,331.2,1,1,2014-10-31,0051,Terra,MODIS,74,6.2,301.1,17.3,D,0
-13.813,142.0086,329.1,1,1,2014-10-31,0051,Terra,MODIS,71,6.2,305.9,11.8,D,0
-12.5529,141.9028,332.3,1,1,2014-10-31,0051,Terra,MODIS,61,6.2,310.9,18.1,D,0
-12.5619,141.9014,338.5,1,1,2014-10-31,0051,Terra,MODIS,61,6.2,310,26.3,D,0
-12.796,142.3525,330.6,1,1,2014-10-31,0051,Terra,MODIS,67,6.2,306.3,11.8,D,0
-13.8639,142.0418,327.2,1,1,2014-10-31,0051,Terra,MODIS,65,6.2,305.5,10.7,D,0
-13.7652,141.6918,355.1,1,1,2014-10-31,0051,Terra,MODIS,97,6.2,303.5,61.2,D,0
-12.7005,142.3918,353.7,1,1,2014-10-31,0051,Terra,MODIS,96,6.2,308.3,52.8,D,0
-12.7081,142.3813,380.5,1,1,2014-10-31,0051,Terra,MODIS,100,6.2,311.9,138,D,0
-12.7042,136.1351,327.7,2.3,1.5,2014-10-31,0051,Terra,MODIS,57,6.2,300.5,40.8,D,0
-12.6942,136.1437,326.7,2.3,1.5,2014-10-31,0051,Terra,MODIS,56,6.2,299.3,37.8,D,0
-12.7072,136.1415,323.8,2.3,1.5,2014-10-31,0051,Terra,MODIS,59,6.2,300.3,30.3,D,0
-12.6907,136.1233,327.3,2.3,1.5,2014-10-31,0051,Terra,MODIS,60,6.2,297.4,37.5,D,0
-12.5037,136.1052,325.7,2.3,1.5,2014-10-31,0051,Terra,MODIS,61,6.2,297.5,38.9,D,0
-12.7037,136.1209,324,2.3,1.5,2014-10-31,0051,Terra,MODIS,53,6.2,301.4,27.5,D,0
-12.6479,136.4879,322.5,2.1,1.4,2014-10-31,0051,Terra,MODIS,31,6.2,299.2,21.8,D,0
-12.7135,136.4099,321.3,2.2,1.4,2014-10-31,0051,Terra,MODIS,26,6.2,300,20.4,D,0
-12.5798,136.1699,326.4,2.3,1.5,2014-10-31,0051,Terra,MODIS,63,6.2,299.8,32.4,D,0
-12.5929,136.1677,326.5,2.3,1.5,2014-10-31,0051,Terra,MODIS,69,6.2,299.8,34,D,0
-12.6349,142.7546,323.8,1,1,2014-10-31,0051,Terra,MODIS,25,6.2,300.4,8.9,D,0
-12.4467,142.8513,326.9,1,1,2014-10-31,0051,Terra,MODIS,58,6.2,302,12.2,D,0
-12.666,142.2842,324.5,1,1,2014-10-31,0051,Terra,MODIS,58,6.2,301.6,6.7,D,0
-13.4466,134.0731,323.5,3.1,1.7,2014-10-31,0051,Terra,MODIS,41,6.2,302.4,34.5,D,0
-12.6438,142.7533,328.4,1,1,2014-10-31,0051,Terra,MODIS,59,6.2,301.8,13.8,D,0
-12.675,142.2828,328.5,1,1,2014-10-31,0051,Terra,MODIS,72,6.2,303.5,10.6,D,0
-14.3766,141.7156,345.1,1,1,2014-10-31,0051,Terra,MODIS,89,6.2,313.6,33.3,D,0
-12.4128,142.623,330.6,1,1,2014-10-31,0051,Terra,MODIS,77,6.2,307.5,13.2,D,0
-13.1483,142.3679,333.2,1,1,2014-10-31,0051,Terra,MODIS,79,6.2,309.1,13.7,D,0
-13.169,142.3835,331.9,1,1,2014-10-31,0051,Terra,MODIS,77,6.2,306.7,11.8,D,0
-12.6764,142.292,325,1,1,2014-10-31,0051,Terra,MODIS,47,6.2,301.3,6.4,D,0
-15.1089,145.1451,326.2,1.2,1.1,2014-10-31,0051,Terra,MODIS,59,6.2,301.9,15.4,D,0
-14.3752,141.7062,345.6,1,1,2014-10-31,0051,Terra,MODIS,90,6.2,311.1,35.1,D,0
-14.369,141.7263,328.1,1,1,2014-10-31,0051,Terra,MODIS,30,6.2,309.9,6,D,0
-14.0527,135.7952,322.4,2.3,1.5,2014-10-31,0052,Terra,MODIS,58,6.2,300.1,28.4,D,0
-13.5409,133.9049,341,3.2,1.7,2014-10-31,0052,Terra,MODIS,88,6.2,298.8,173.1,D,0
-14.0766,135.3391,330.5,2.4,1.5,2014-10-31,0052,Terra,MODIS,68,6.2,303.4,56.6,D,0
-14.0578,135.3887,325.3,2.4,1.5,2014-10-31,0052,Terra,MODIS,29,6.2,305.7,28.7,D,0
-13.4749,133.888,330.2,3.2,1.7,2014-10-31,0052,Terra,MODIS,75,6.2,301.6,80.3,D,0
-13.8955,135.6415,325.3,2.3,1.5,2014-10-31,0052,Terra,MODIS,67,6.2,302.2,31.5,D,0
-13.5377,133.8997,343.3,3.2,1.7,2014-10-31,0052,Terra,MODIS,89,6.2,299.1,198.8,D,0
-13.4803,133.9173,326.6,3.2,1.7,2014-10-31,0052,Terra,MODIS,61,6.2,300.7,48.9,D,0
-14.0806,135.3615,328.2,2.4,1.5,2014-10-31,0052,Terra,MODIS,49,6.2,303.8,44.4,D,0
-14.0697,135.3474,337.7,2.4,1.5,2014-10-31,0052,Terra,MODIS,85,6.2,305,91.3,D,0
-13.5431,133.9291,330.1,3.2,1.7,2014-10-31,0052,Terra,MODIS,75,6.2,299.8,85,D,0
-14.064,135.3946,333.6,2.4,1.5,2014-10-31,0052,Terra,MODIS,78,6.2,304.9,64.6,D,0
-15.4803,142.5729,333,1,1,2014-10-31,0052,Terra,MODIS,50,6.2,311.3,12.3,D,0
-16.395,142.7252,345.5,1,1,2014-10-31,0052,Terra,MODIS,88,6.2,313.1,31.7,D,0
-16.4918,142.6949,334.7,1,1,2014-10-31,0052,Terra,MODIS,68,6.2,316.5,12.1,D,0
-15.5339,142.4355,372.1,1,1,2014-10-31,0052,Terra,MODIS,100,6.2,314.4,101.3,D,0
-15.2217,144.9915,328.1,1.2,1.1,2014-10-31,0052,Terra,MODIS,71,6.2,302.8,19.5,D,0
-15.2202,144.9805,335.3,1.2,1.1,2014-10-31,0052,Terra,MODIS,83,6.2,302.9,31.6,D,0
-15.5388,142.4063,376.5,1,1,2014-10-31,0052,Terra,MODIS,100,6.2,309.2,121.3,D,0
-15.3913,142.5929,332,1,1,2014-10-31,0052,Terra,MODIS,36,6.2,313.1,11.4,D,0
-15.529,142.4647,333.3,1,1,2014-10-31,0052,Terra,MODIS,47,6.2,312.2,11.3,D,0
-15.5312,142.417,354.1,1,1,2014-10-31,0052,Terra,MODIS,96,6.2,313,50.4,D,0
-15.1553,142.7419,332.9,1,1,2014-10-31,0052,Terra,MODIS,59,6.2,313.6,10.5,D,0
-15.1477,142.7526,335.9,1,1,2014-10-31,0052,Terra,MODIS,67,6.2,312.9,15.2,D,0
-15.5402,142.4156,348.3,1,1,2014-10-31,0052,Terra,MODIS,91,6.2,306.6,39.1,D,0
-15.3115,142.6774,336,1,1,2014-10-31,0052,Terra,MODIS,43,6.2,312.5,16.2,D,0
-15.2693,142.7028,336.8,1,1,2014-10-31,0052,Terra,MODIS,45,6.2,312.7,16.2,D,0
-15.5191,142.2105,343.1,1,1,2014-10-31,0052,Terra,MODIS,87,6.2,312.6,26.1,D,0
-16.5393,142.6428,335.4,1,1,2014-10-31,0052,Terra,MODIS,37,6.2,313.6,11.5,D,0
-15.1649,142.744,334.8,1,1,2014-10-31,0052,Terra,MODIS,56,6.2,312.9,14.6,D,0
-15.5325,142.4262,383,1,1,2014-10-31,0052,Terra,MODIS,100,6.2,315.2,144,D,0
-16.5421,142.6617,333.5,1,1,2014-10-31,0052,Terra,MODIS,50,6.2,314.6,8.3,D,0
-17.8947,144.5726,331.6,1.2,1.1,2014-10-31,0052,Terra,MODIS,57,6.2,309.5,13.1,D,0
-18.3247,143.7613,342.9,1.1,1.1,2014-10-31,0052,Terra,MODIS,88,6.2,315.3,32.1,D,0
-15.4749,142.5358,331.6,1,1,2014-10-31,0052,Terra,MODIS,61,6.2,311.4,8.8,D,0
-18.23,145.2619,375,1.3,1.1,2014-10-31,0052,Terra,MODIS,100,6.2,307.5,184.3,D,0
-15.3256,145.2403,327.6,1.2,1.1,2014-10-31,0052,Terra,MODIS,77,6.2,299.4,21,D,0
-15.3594,142.6262,377.4,1,1,2014-10-31,0052,Terra,MODIS,100,6.2,314.5,123.2,D,0
-18.3121,145.2704,377.9,1.3,1.1,2014-10-31,0052,Terra,MODIS,100,6.2,310.8,201.7,D,0
-16.557,142.7654,334.8,1,1,2014-10-31,0052,Terra,MODIS,56,6.2,312,13.5,D,0
-18.2283,145.2491,357.2,1.3,1.1,2014-10-31,0052,Terra,MODIS,98,6.2,304.4,101.7,D,0
-15.5298,142.4077,337,1,1,2014-10-31,0052,Terra,MODIS,66,6.2,313.2,18.9,D,0
-18.3181,143.7838,330.6,1.1,1.1,2014-10-31,0052,Terra,MODIS,72,6.2,313.6,13.2,D,0
-18.3379,143.753,361.2,1.1,1.1,2014-10-31,0052,Terra,MODIS,100,6.2,314,84.4,D,0
-15.4003,142.5916,335.5,1,1,2014-10-31,0052,Terra,MODIS,70,6.2,312.8,15.8,D,0
-18.3341,143.7599,352.7,1.1,1.1,2014-10-31,0052,Terra,MODIS,95,6.2,315.2,55.9,D,0
-15.14,142.7632,331.8,1,1,2014-10-31,0052,Terra,MODIS,29,6.2,310.7,10.3,D,0
-15.3079,143.0979,347.5,1,1,2014-10-31,0052,Terra,MODIS,90,6.2,312.9,37.2,D,0
-15.3414,142.629,331.7,1,1,2014-10-31,0052,Terra,MODIS,55,6.2,312.8,9.9,D,0
-18.3232,143.7509,338.8,1.1,1.1,2014-10-31,0052,Terra,MODIS,83,6.2,311.3,25.3,D,0
-15.122,142.7659,335,1,1,2014-10-31,0052,Terra,MODIS,43,6.2,312,14.3,D,0
-15.3092,143.1073,338.1,1,1,2014-10-31,0052,Terra,MODIS,79,6.2,311.3,19.4,D,0
-15.3405,143.1316,330.5,1,1,2014-10-31,0052,Terra,MODIS,43,6.2,311,9.1,D,0
-17.952,144.6164,328.9,1.2,1.1,2014-10-31,0052,Terra,MODIS,62,6.2,310.7,11.8,D,0
-18.3365,143.7425,358.8,1.1,1.1,2014-10-31,0052,Terra,MODIS,99,6.2,311.5,76.8,D,0
-17.9505,144.605,335.5,1.2,1.1,2014-10-31,0052,Terra,MODIS,80,6.2,310.2,23.3,D,0
-15.6019,142.2103,330.1,1,1,2014-10-31,0052,Terra,MODIS,57,6.2,308.1,12.8,D,0
-18.3356,143.7705,344,1.1,1.1,2014-10-31,0052,Terra,MODIS,89,6.2,312.7,33.8,D,0
-15.2603,142.7041,335.6,1,1,2014-10-31,0052,Terra,MODIS,47,6.2,313.5,14.3,D,0
-18.3327,143.7494,353.9,1.1,1.1,2014-10-31,0052,Terra,MODIS,96,6.2,313.4,61.5,D,0
-15.1996,142.7293,336.7,1,1,2014-10-31,0052,Terra,MODIS,54,6.2,313.6,16.6,D,0
-15.2086,142.7279,336.5,1,1,2014-10-31,0052,Terra,MODIS,53,6.2,312.9,17,D,0
-15.358,142.6169,368.3,1,1,2014-10-31,0052,Terra,MODIS,100,6.2,314.4,89.7,D,0
-15.1739,142.7426,332.8,1,1,2014-10-31,0052,Terra,MODIS,43,6.2,311.2,11.9,D,0
-18.3261,143.7719,353.7,1.1,1.1,2014-10-31,0052,Terra,MODIS,96,6.2,315.2,57.5,D,0
-15.5853,142.2223,332.9,1,1,2014-10-31,0052,Terra,MODIS,62,6.2,308.4,15.3,D,0
-16.5407,142.6522,343.1,1,1,2014-10-31,0052,Terra,MODIS,84,6.2,314.5,24.2,D,0
-15.5205,142.2198,341,1,1,2014-10-31,0052,Terra,MODIS,81,6.2,311.9,23.9,D,0
-18.2436,145.2861,330.3,1.3,1.1,2014-10-31,0052,Terra,MODIS,52,6.2,309.9,17.3,D,0
-18.2333,145.2875,342.4,1.3,1.1,2014-10-31,0052,Terra,MODIS,89,6.2,307.4,47,D,0
-16.4828,142.6963,336.8,1,1,2014-10-31,0052,Terra,MODIS,67,6.2,315.9,15,D,0
-18.3137,145.283,346.6,1.3,1.2,2014-10-31,0052,Terra,MODIS,92,6.2,307,64.6,D,0
-18.3393,143.7635,350.2,1.1,1.1,2014-10-31,0052,Terra,MODIS,93,6.2,313.3,52.7,D,0
-15.113,142.7673,332.4,1,1,2014-10-31,0052,Terra,MODIS,29,6.2,313,11.5,D,0
-18.3105,145.2579,333.8,1.3,1.1,2014-10-31,0052,Terra,MODIS,55,6.2,303,26.5,D,0
-16.5479,142.7668,331.8,1,1,2014-10-31,0052,Terra,MODIS,28,6.2,312.8,9.6,D,0
-15.3746,142.6049,352,1,1,2014-10-31,0052,Terra,MODIS,94,6.2,311.2,46.3,D,0
-15.3504,142.6276,336.8,1,1,2014-10-31,0052,Terra,MODIS,77,6.2,312.6,17.9,D,0
-15.4528,142.5107,343.2,1,1,2014-10-31,0052,Terra,MODIS,86,6.2,313,25.4,D,0
-15.3495,143.1302,331.3,1,1,2014-10-31,0052,Terra,MODIS,52,6.2,310.7,10.8,D,0
-15.3586,143.1289,328.7,1,1,2014-10-31,0052,Terra,MODIS,37,6.2,310.3,7.8,D,0
-15.4839,142.5344,337.4,1,1,2014-10-31,0052,Terra,MODIS,79,6.2,312.5,17.8,D,0
-15.367,142.6156,335.9,1,1,2014-10-31,0052,Terra,MODIS,75,6.2,311.9,16.6,D,0
-18.3276,143.7824,340.7,1.1,1.1,2014-10-31,0052,Terra,MODIS,86,6.2,312.1,28.8,D,0
-18.2316,145.2747,356.7,1.3,1.1,2014-10-31,0052,Terra,MODIS,98,6.2,307.5,94.4,D,0
-18.3017,145.2719,342.7,1.3,1.1,2014-10-31,0052,Terra,MODIS,86,6.2,308.9,49,D,0
-16.4932,142.7043,334.5,1,1,2014-10-31,0052,Terra,MODIS,68,6.2,314.7,12.4,D,0
-15.3369,145.2439,329.1,1.2,1.1,2014-10-31,0052,Terra,MODIS,72,6.2,296.4,26.2,D,0
-15.4713,142.5742,337.4,1,1,2014-10-31,0052,Terra,MODIS,67,6.2,313.2,17.7,D,0
-18.3033,145.2846,329.9,1.3,1.2,2014-10-31,0052,Terra,MODIS,51,6.2,306.6,21.2,D,0
-16.648,142.8232,333.4,1,1,2014-10-31,0052,Terra,MODIS,48,6.2,314.9,9.1,D,0
-15.1906,142.7306,334.9,1,1,2014-10-31,0052,Terra,MODIS,45,6.2,313.7,13.2,D,0
-15.095,142.77,333.3,1,1,2014-10-31,0052,Terra,MODIS,56,6.2,311.8,12.8,D,0
-16.3963,142.7346,335.5,1,1,2014-10-31,0052,Terra,MODIS,73,6.2,313.5,14.3,D,0
-15.0936,142.7607,335.3,1,1,2014-10-31,0052,Terra,MODIS,74,6.2,313.2,14.6,D,0
-16.8027,142.7448,348.1,1,1,2014-10-31,0052,Terra,MODIS,90,6.2,315.1,36.6,D,0
-16.9311,142.81,349,1,1,2014-10-31,0052,Terra,MODIS,91,6.2,315.3,37.1,D,0
-16.9298,142.8005,370,1,1,2014-10-31,0052,Terra,MODIS,100,6.2,314.8,95.2,D,0
-16.8657,142.8653,335.1,1,1,2014-10-31,0052,Terra,MODIS,58,6.2,313.6,13.1,D,0
-15.2634,134.5083,333.9,2.7,1.6,2014-10-31,0052,Terra,MODIS,79,6.2,305.6,74.4,D,0
-16.9029,142.8013,337.7,1,1,2014-10-31,0052,Terra,MODIS,76,6.2,314.7,15.2,D,0
-15.7831,133.7697,329,3,1.6,2014-10-31,0052,Terra,MODIS,68,6.2,307.9,34.2,D,0
-15.7685,133.7726,329.6,3,1.6,2014-10-31,0052,Terra,MODIS,69,6.2,308.9,35.4,D,0
-15.7062,133.9379,328.8,2.9,1.6,2014-10-31,0052,Terra,MODIS,57,6.2,307.6,43.3,D,0
-15.6043,133.9656,338.9,2.9,1.6,2014-10-31,0052,Terra,MODIS,85,6.2,307.4,116.8,D,0
-16.952,142.8263,365.2,1,1,2014-10-31,0052,Terra,MODIS,100,6.2,314,82,D,0
-16.9506,142.8168,336.6,1,1,2014-10-31,0052,Terra,MODIS,64,6.2,311.1,15.7,D,0
-16.8013,142.7354,340.5,1,1,2014-10-31,0052,Terra,MODIS,79,6.2,311.2,23.5,D,0
-13.4901,133.8847,342.9,3.2,1.7,2014-10-31,0052,Terra,MODIS,89,6.2,300.5,186.5,D,0
-16.8191,142.8588,335.9,1,1,2014-10-31,0052,Terra,MODIS,42,6.2,315.3,11.4,D,0
-13.528,133.9319,325.5,3.2,1.7,2014-10-31,0052,Terra,MODIS,43,6.2,300.7,50.2,D,0
-15.7978,133.7668,328.4,3,1.6,2014-10-31,0052,Terra,MODIS,66,6.2,307.3,32.3,D,0
-15.9394,133.9615,367.4,2.9,1.6,2014-10-31,0052,Terra,MODIS,100,6.2,309.2,416.1,D,0
-15.2549,134.4902,333.1,2.7,1.6,2014-10-31,0052,Terra,MODIS,72,6.2,307.1,65.5,D,0
-17.0935,142.5307,343.2,1,1,2014-10-31,0052,Terra,MODIS,86,6.2,313.4,29,D,0
-17.0921,142.5213,347.8,1,1,2014-10-31,0052,Terra,MODIS,91,6.2,311.2,38,D,0
-17.0845,142.5321,335.5,1,1,2014-10-31,0052,Terra,MODIS,76,6.2,312.6,15.4,D,0
-13.5257,133.908,336.3,3.2,1.7,2014-10-31,0052,Terra,MODIS,84,6.2,300.9,125.7,D,0
-13.4955,133.9143,327.8,3.2,1.7,2014-10-31,0052,Terra,MODIS,39,6.2,300.9,56.7,D,0
-13.4923,133.9091,329.1,3.2,1.7,2014-10-31,0052,Terra,MODIS,74,6.2,300.7,67,D,0
-13.4866,133.8794,339.6,3.2,1.7,2014-10-31,0052,Terra,MODIS,86,6.2,300.9,157.4,D,0
-13.531,133.9372,327.8,3.2,1.7,2014-10-31,0052,Terra,MODIS,37,6.2,300.4,56.1,D,0
-13.5225,133.9028,327.3,3.2,1.7,2014-10-31,0052,Terra,MODIS,56,6.2,300.5,64.8,D,0
-15.4129,133.761,331.6,3,1.7,2014-10-31,0052,Terra,MODIS,76,6.2,306.9,66,D,0
-16.8104,142.734,351.8,1,1,2014-10-31,0052,Terra,MODIS,93,6.2,311.9,46.9,D,0
-16.8041,142.7543,335.9,1,1,2014-10-31,0052,Terra,MODIS,72,6.2,314.7,12.6,D,0
-16.8584,142.7498,333.1,1,1,2014-10-31,0052,Terra,MODIS,55,6.2,313.9,11.7,D,0
-16.8299,142.7444,333.3,1,1,2014-10-31,0052,Terra,MODIS,30,6.2,311.7,11.3,D,0
-16.8208,142.7458,334.6,1,1,2014-10-31,0052,Terra,MODIS,48,6.2,313.4,13.1,D,0
-16.8118,142.7435,337.6,1,1,2014-10-31,0052,Terra,MODIS,68,6.2,314.6,18.6,D,0
-15.2595,134.5153,333.5,2.7,1.6,2014-10-31,0052,Terra,MODIS,77,6.2,305.5,69.6,D,0
-16.8367,142.7919,341.2,1,1,2014-10-31,0052,Terra,MODIS,82,6.2,314.6,20.9,D,0
-16.9015,142.7918,347.8,1,1,2014-10-31,0052,Terra,MODIS,90,6.2,313.7,34.4,D,0
-16.4549,144.8509,322.3,1.2,1.1,2014-10-31,0052,Terra,MODIS,33,6.2,307.7,5.7,D,0
-17.044,142.8259,336.3,1,1,2014-10-31,0052,Terra,MODIS,44,6.2,314,13.4,D,0
-16.838,142.8014,341.2,1,1,2014-10-31,0052,Terra,MODIS,82,6.2,315.2,19.7,D,0
-15.8375,133.9069,332.3,2.9,1.6,2014-10-31,0052,Terra,MODIS,56,6.2,307.8,60.4,D,0
-15.872,133.9207,329.2,2.9,1.6,2014-10-31,0052,Terra,MODIS,48,6.2,305,44.8,D,0
-15.9346,133.9351,344.1,2.9,1.6,2014-10-31,0052,Terra,MODIS,89,6.2,307.8,150.3,D,0
-15.2036,134.4484,329.5,2.7,1.6,2014-10-31,0052,Terra,MODIS,46,6.2,308.1,34.7,D,0
-15.3809,134.0764,335.2,2.9,1.6,2014-10-31,0052,Terra,MODIS,79,6.2,306.7,88.2,D,0
-15.8431,133.9265,328.1,2.9,1.6,2014-10-31,0052,Terra,MODIS,35,6.2,306.6,39.7,D,0
-15.6092,133.9918,330.3,2.9,1.6,2014-10-31,0052,Terra,MODIS,74,6.2,306.1,61.4,D,0
-15.3797,134.0825,332.5,2.9,1.6,2014-10-31,0052,Terra,MODIS,71,6.2,306.3,70.2,D,0
-15.3953,134.0731,328.2,2.9,1.6,2014-10-31,0052,Terra,MODIS,25,6.2,305.5,45.6,D,0
-15.9457,133.9813,329.9,2.8,1.6,2014-10-31,0052,Terra,MODIS,59,6.2,307.4,53.8,D,0
-15.794,133.915,351.9,2.9,1.6,2014-10-31,0052,Terra,MODIS,95,6.2,307.8,224.4,D,0
-15.7649,133.9203,332.6,2.9,1.6,2014-10-31,0052,Terra,MODIS,68,6.2,308.8,64.7,D,0
-15.7982,133.7737,332.2,3,1.6,2014-10-31,0052,Terra,MODIS,75,6.2,307.2,56.6,D,0
-16.8643,142.8557,337.3,1,1,2014-10-31,0052,Terra,MODIS,71,6.2,314.4,15.4,D,0
-15.418,133.7889,333.8,3,1.7,2014-10-31,0052,Terra,MODIS,79,6.2,305.9,81.1,D,0
-14.5709,134.6983,326,2.7,1.6,2014-10-31,0052,Terra,MODIS,56,6.2,303.3,26.6,D,0
-16.4535,144.84,323.2,1.2,1.1,2014-10-31,0052,Terra,MODIS,44,6.2,308.7,6.9,D,0
-15.9263,133.958,328.7,2.9,1.6,2014-10-31,0052,Terra,MODIS,55,6.2,307.3,48.3,D,0
-15.9407,133.9551,368.4,2.9,1.6,2014-10-31,0052,Terra,MODIS,100,6.2,308.9,432.7,D,0
-15.4475,133.7828,338.6,3,1.7,2014-10-31,0052,Terra,MODIS,85,6.2,306.8,115.9,D,0
-15.4169,133.7819,339.2,3,1.7,2014-10-31,0052,Terra,MODIS,85,6.2,306.1,121.4,D,0
-15.4463,133.7759,339.4,3,1.7,2014-10-31,0052,Terra,MODIS,86,6.2,306.9,123.6,D,0
-16.9221,142.8114,334.5,1,1,2014-10-31,0052,Terra,MODIS,23,6.2,314.4,9.9,D,0
-15.7689,133.7796,329.3,3,1.6,2014-10-31,0052,Terra,MODIS,69,6.2,309,34.7,D,0
-15.7836,133.7767,332,3,1.6,2014-10-31,0052,Terra,MODIS,75,6.2,307.9,53.5,D,0
-15.7945,133.9079,349.6,2.9,1.6,2014-10-31,0052,Terra,MODIS,93,6.2,308.3,200.9,D,0
-16.9207,142.8018,339.6,1,1,2014-10-31,0052,Terra,MODIS,70,6.2,313.7,18.8,D,0
-21.6815,141.3107,349.7,1,1,2014-10-31,0053,Terra,MODIS,85,6.2,321.8,32.1,D,0
-22.0104,146.2146,327.6,1.7,1.3,2014-10-31,0053,Terra,MODIS,63,6.2,308.5,23.1,D,0
-20.5065,147.2471,330.8,2,1.4,2014-10-31,0053,Terra,MODIS,76,6.2,302.4,49.3,D,0
-19.0018,142.5693,333.9,1,1,2014-10-31,0053,Terra,MODIS,71,6.2,315.5,12.3,D,0
-21.7308,141.3325,344.1,1,1,2014-10-31,0053,Terra,MODIS,77,6.2,322.1,24.2,D,0
-21.7294,141.3228,344.6,1,1,2014-10-31,0053,Terra,MODIS,78,6.2,322.2,24.1,D,0
-21.7127,141.3354,423.4,1,1,2014-10-31,0053,Terra,MODIS,100,6.2,328.6,397.8,D,0
-21.6947,141.3383,351.5,1,1,2014-10-31,0053,Terra,MODIS,76,6.2,322.6,34.6,D,0
-21.7141,141.3451,388.7,1,1,2014-10-31,0053,Terra,MODIS,100,6.2,322.9,164.5,D,0
-20.4942,147.2485,326.6,2,1.4,2014-10-31,0053,Terra,MODIS,68,6.2,303.8,33.6,D,0
-16.8123,130.8133,324.5,4.7,2,2014-10-31,0053,Terra,MODIS,43,6.2,302.2,59,D,0
-16.9326,130.8639,333,4.6,2,2014-10-31,0053,Terra,MODIS,76,6.2,302.7,156.6,D,0
-16.932,130.8586,330.6,4.6,2,2014-10-31,0053,Terra,MODIS,62,6.2,303,122.6,D,0
-19.3186,135.1077,331.3,2,1.4,2014-10-31,0053,Terra,MODIS,64,6.2,313.3,28,D,0
-20.4524,147.2396,325.5,2,1.4,2014-10-31,0053,Terra,MODIS,48,6.2,302.9,26.2,D,0
-18.9906,142.5472,338.2,1,1,2014-10-31,0053,Terra,MODIS,79,6.2,315,17.1,D,0
-18.9815,142.5486,337.2,1,1,2014-10-31,0053,Terra,MODIS,69,6.2,314.4,15.3,D,0
-18.9829,142.5583,338.1,1,1,2014-10-31,0053,Terra,MODIS,58,6.2,315.6,16.2,D,0
-22.3645,146.3368,331.2,1.8,1.3,2014-10-31,0053,Terra,MODIS,54,6.2,309.6,27.1,D,0
-20.504,147.2531,331.5,2,1.4,2014-10-31,0053,Terra,MODIS,77,6.2,302.7,50.1,D,0
-20.4916,147.2545,334.2,2,1.4,2014-10-31,0053,Terra,MODIS,80,6.2,303.9,58.5,D,0
-20.5019,147.2346,321.1,2,1.4,2014-10-31,0053,Terra,MODIS,25,6.2,302.4,17.8,D,0
-19.9529,143.9581,350.2,1.2,1.1,2014-10-31,0053,Terra,MODIS,93,6.2,313.5,55.6,D,0
-19.9348,143.9719,337.1,1.2,1.1,2014-10-31,0053,Terra,MODIS,70,6.2,312,25.6,D,0
-21.7452,141.241,337.1,1,1,2014-10-31,0053,Terra,MODIS,68,6.2,321.9,12.8,D,0
-19.9544,143.9692,352.8,1.2,1.1,2014-10-31,0053,Terra,MODIS,95,6.2,313.5,61.2,D,0
-20.9604,145.5221,327,1.5,1.2,2014-10-31,0053,Terra,MODIS,54,6.2,307.6,17.2,D,0
-19.9642,143.9678,332.5,1.2,1.1,2014-10-31,0053,Terra,MODIS,55,6.2,309,14.5,D,0
-21.7559,141.2532,369.3,1,1,2014-10-31,0053,Terra,MODIS,100,6.2,323.7,90.3,D,0
-20.7336,139.4774,340.6,1.1,1,2014-10-31,0053,Terra,MODIS,76,6.2,322.4,18.6,D,2
-19.9432,143.9594,340.7,1.2,1.1,2014-10-31,0053,Terra,MODIS,85,6.2,313.1,33.1,D,0
-21.7545,141.2435,352.9,1,1,2014-10-31,0053,Terra,MODIS,94,6.2,321,44.8,D,0
-21.7119,141.2662,335.9,1,1,2014-10-31,0053,Terra,MODIS,72,6.2,319.7,12.4,D,0
-21.1631,145.3224,326.7,1.5,1.2,2014-10-31,0053,Terra,MODIS,35,6.2,309.7,11.3,D,0
-18.9682,132.1284,332.2,3.4,1.7,2014-10-31,0053,Terra,MODIS,63,6.2,309,62.2,D,0
-19.3702,131.0559,343.5,3.9,1.8,2014-10-31,0053,Terra,MODIS,88,6.2,305,246.2,D,0
-19.3817,131.0589,328.3,3.9,1.8,2014-10-31,0053,Terra,MODIS,55,6.2,303.6,84,D,0
-18.6861,132.811,338.2,3,1.7,2014-10-31,0053,Terra,MODIS,82,6.2,301.4,136.5,D,0
-18.6805,132.7824,354.3,3.1,1.7,2014-10-31,0053,Terra,MODIS,96,6.2,295.6,296.4,D,0
-18.6713,132.8142,398.8,3,1.7,2014-10-31,0053,Terra,MODIS,100,6.2,307.3,1169.9,D,0
-18.6657,132.7856,414.3,3.1,1.7,2014-10-31,0053,Terra,MODIS,100,6.2,305.3,1701.5,D,0
-18.6565,132.8173,397.9,3,1.7,2014-10-31,0053,Terra,MODIS,100,6.2,310,1135.8,D,0
-18.6508,132.7888,382.7,3.1,1.7,2014-10-31,0053,Terra,MODIS,100,6.2,308.9,751,D,0
-18.636,132.7919,373.6,3.1,1.7,2014-10-31,0053,Terra,MODIS,100,6.2,308.4,565.3,D,0
-18.6212,132.7951,368.1,3.1,1.7,2014-10-31,0053,Terra,MODIS,100,6.2,308,467.5,D,0
-18.667,132.7911,428.5,3.1,1.7,2014-10-31,0053,Terra,MODIS,100,6.2,308.3,2308.5,D,0
-18.6522,132.7943,404.1,3.1,1.7,2014-10-31,0053,Terra,MODIS,100,6.2,311.4,1326.9,D,0
-18.6374,132.7975,384.8,3.1,1.7,2014-10-31,0053,Terra,MODIS,100,6.2,309.7,791.6,D,0
-18.6226,132.8006,381.5,3.1,1.7,2014-10-31,0053,Terra,MODIS,100,6.2,308.8,715.6,D,0
-18.6077,132.8038,393.8,3.1,1.7,2014-10-31,0053,Terra,MODIS,100,6.2,308.4,1013.8,D,0
-18.6021,132.7751,337,3.1,1.7,2014-10-31,0053,Terra,MODIS,79,6.2,305.6,94.6,D,0
-18.5518,132.7557,335.5,3.1,1.7,2014-10-31,0053,Terra,MODIS,72,6.2,310.2,86,D,0
-18.5427,132.7877,332.1,3.1,1.7,2014-10-31,0053,Terra,MODIS,60,6.2,307.3,73.5,D,0
-18.5391,132.7655,329.9,3.1,1.7,2014-10-31,0053,Terra,MODIS,46,6.2,309.3,55.1,D,0
-18.5243,132.7687,333.9,3.1,1.7,2014-10-31,0053,Terra,MODIS,68,6.2,308.7,86.7,D,0
-18.5929,132.807,379.9,3.1,1.7,2014-10-31,0053,Terra,MODIS,100,6.2,309.1,686.5,D,0
-18.5873,132.7782,349.6,3.1,1.7,2014-10-31,0053,Terra,MODIS,93,6.2,308.2,212.1,D,0
-18.5781,132.8101,355.4,3.1,1.7,2014-10-31,0053,Terra,MODIS,97,6.2,308,291.8,D,0
-18.5724,132.7814,361.2,3.1,1.7,2014-10-31,0053,Terra,MODIS,100,6.2,310.3,358.1,D,0
-18.5667,132.7526,345.6,3.1,1.7,2014-10-31,0053,Terra,MODIS,89,6.2,310.4,167.4,D,0
-18.5576,132.7846,332,3.1,1.7,2014-10-31,0053,Terra,MODIS,30,6.2,309.1,65.9,D,0
-18.5799,132.8168,344.5,3.1,1.7,2014-10-31,0053,Terra,MODIS,88,6.2,307.2,181.3,D,0
-18.5744,132.7881,368.1,3.1,1.7,2014-10-31,0053,Terra,MODIS,100,6.2,310.1,470.2,D,0
-18.5689,132.7592,351.9,3.1,1.7,2014-10-31,0053,Terra,MODIS,94,6.2,310.3,236.5,D,0
-18.5596,132.7912,332.6,3.1,1.7,2014-10-31,0053,Terra,MODIS,55,6.2,308.7,76.5,D,0
-18.554,132.7624,337,3.1,1.7,2014-10-31,0053,Terra,MODIS,80,6.2,310.3,104,D,0
-18.6417,132.8205,373,3,1.7,2014-10-31,0053,Terra,MODIS,100,6.2,307.3,555.1,D,0
-18.6269,132.8236,352.8,3,1.7,2014-10-31,0053,Terra,MODIS,95,6.2,306.5,260.8,D,0
-18.6725,132.8197,380.9,3,1.7,2014-10-31,0053,Terra,MODIS,100,6.2,305.8,709.9,D,0
-18.6577,132.8229,390.1,3,1.7,2014-10-31,0053,Terra,MODIS,100,6.2,308,920,D,0
-18.6429,132.8261,360.1,3,1.7,2014-10-31,0053,Terra,MODIS,100,6.2,306.2,351.4,D,0
-18.6281,132.8293,344.1,3,1.7,2014-10-31,0053,Terra,MODIS,88,6.2,305.9,168.5,D,0
-18.6133,132.8324,334.4,3,1.7,2014-10-31,0053,Terra,MODIS,76,6.2,305.5,90.4,D,0
-18.2417,132.8179,339.7,3.1,1.7,2014-10-31,0053,Terra,MODIS,84,6.2,311.1,112.4,D,0
-18.2268,132.8211,341,3.1,1.7,2014-10-31,0053,Terra,MODIS,85,6.2,312,133.3,D,0
-18.3108,132.8574,426.8,3.1,1.7,2014-10-31,0053,Terra,MODIS,100,6.2,319.4,2245.5,D,0
-18.3051,132.8286,358.2,3.1,1.7,2014-10-31,0053,Terra,MODIS,98,6.2,307,324.8,D,0
-18.2959,132.8607,367.7,3.1,1.7,2014-10-31,0053,Terra,MODIS,100,6.2,309.3,465.5,D,0
-18.2902,132.8318,368.7,3.1,1.7,2014-10-31,0053,Terra,MODIS,100,6.2,308.3,474.5,D,0
-18.2811,132.8639,340.5,3.1,1.7,2014-10-31,0053,Terra,MODIS,84,6.2,307.8,131.9,D,0
-18.2753,132.835,347.6,3.1,1.7,2014-10-31,0053,Terra,MODIS,91,6.2,306.6,191.8,D,0
-18.2662,132.8671,338,3.1,1.7,2014-10-31,0053,Terra,MODIS,81,6.2,309,113.2,D,0
-18.2604,132.8381,359.3,3.1,1.7,2014-10-31,0053,Terra,MODIS,99,6.2,311,333.1,D,0
-18.3124,132.863,429.6,3.1,1.7,2014-10-31,0053,Terra,MODIS,100,6.2,320.1,2373.1,D,0
-18.3069,132.8342,381.7,3.1,1.7,2014-10-31,0053,Terra,MODIS,100,6.2,308.9,724.7,D,0
-18.2976,132.8663,364.7,3.1,1.7,2014-10-31,0053,Terra,MODIS,100,6.2,309.1,415.9,D,0
-18.2921,132.8374,384.1,3.1,1.7,2014-10-31,0053,Terra,MODIS,100,6.2,309.3,779.7,D,0
-18.2827,132.8695,333,3.1,1.7,2014-10-31,0053,Terra,MODIS,72,6.2,307.9,75.9,D,0
-18.2772,132.8407,349.3,3.1,1.7,2014-10-31,0053,Terra,MODIS,93,6.2,306.7,213.1,D,0
-18.2623,132.8439,370.4,3.1,1.7,2014-10-31,0053,Terra,MODIS,100,6.2,311,505.5,D,0
-18.2474,132.8469,344.4,3.1,1.7,2014-10-31,0053,Terra,MODIS,88,6.2,310.2,161.8,D,0
-18.3164,132.8861,361.8,3.1,1.7,2014-10-31,0053,Terra,MODIS,100,6.2,310,381,D,0
-18.3178,132.8917,343.4,3.1,1.7,2014-10-31,0053,Terra,MODIS,88,6.2,309.2,160.2,D,0
-18.2679,132.8727,330.9,3.1,1.7,2014-10-31,0053,Terra,MODIS,36,6.2,308.6,60.3,D,0
-19.3893,131.0961,343.6,3.9,1.8,2014-10-31,0053,Terra,MODIS,88,6.2,303,253.8,D,0
-19.3939,131.895,363.8,3.4,1.7,2014-10-31,0053,Terra,MODIS,100,6.2,309.2,471.2,D,0
-19.3873,131.8627,344.4,3.4,1.7,2014-10-31,0053,Terra,MODIS,88,6.2,309.4,194.8,D,0
-19.3783,131.8985,340.5,3.4,1.7,2014-10-31,0053,Terra,MODIS,84,6.2,308.2,156.4,D,0
-19.3717,131.8662,343.6,3.4,1.7,2014-10-31,0053,Terra,MODIS,88,6.2,308.3,187.1,D,0
-19.3998,131.8994,355,3.4,1.7,2014-10-31,0053,Terra,MODIS,96,6.2,308.5,328.9,D,0
-19.3934,131.8671,346.9,3.4,1.7,2014-10-31,0053,Terra,MODIS,90,6.2,310,219.9,D,0
-19.3843,131.9029,345.2,3.4,1.7,2014-10-31,0053,Terra,MODIS,89,6.2,308.4,207.9,D,0
-19.3779,131.8706,359.8,3.4,1.7,2014-10-31,0053,Terra,MODIS,99,6.2,309.8,402.9,D,0
-19.2509,131.9399,341,3.4,1.7,2014-10-31,0053,Terra,MODIS,85,6.2,308.4,166.8,D,0
-18.4945,132.7751,357.1,3.1,1.7,2014-10-31,0053,Terra,MODIS,98,6.2,309.9,320,D,0
-18.4888,132.7461,338.1,3.1,1.7,2014-10-31,0053,Terra,MODIS,82,6.2,309.9,117.8,D,0
-19.562,131.9514,378.9,3.4,1.7,2014-10-31,0053,Terra,MODIS,100,6.2,306.5,778,D,0
-19.2414,131.9478,335.4,3.4,1.7,2014-10-31,0053,Terra,MODIS,78,6.2,308.4,111.2,D,0
-19.571,131.9158,350.3,3.4,1.7,2014-10-31,0053,Terra,MODIS,93,6.2,292.1,294.6,D,0
-18.6993,131.4933,328.5,3.8,1.8,2014-10-31,0053,Terra,MODIS,46,6.2,306.3,64.8,D,0
-18.6937,131.5019,349.7,3.8,1.8,2014-10-31,0053,Terra,MODIS,93,6.2,306.6,305.3,D,0
-18.7065,131.5288,353,3.8,1.8,2014-10-31,0053,Terra,MODIS,95,6.2,306,355.9,D,0
-18.6903,131.5322,335.9,3.8,1.8,2014-10-31,0053,Terra,MODIS,79,6.2,306.6,142.8,D,0
-18.7007,131.5374,351.2,3.8,1.8,2014-10-31,0053,Terra,MODIS,94,6.2,306.5,330.9,D,0
-18.3312,132.8829,374.5,3.1,1.7,2014-10-31,0053,Terra,MODIS,100,6.2,306.9,595.1,D,0
-18.3256,132.8542,414.6,3.1,1.7,2014-10-31,0053,Terra,MODIS,100,6.2,308.8,1727.5,D,0
-19.2956,131.0867,332.7,3.9,1.8,2014-10-31,0053,Terra,MODIS,72,6.2,306.4,100.1,D,0
-19.3285,131.0789,340.3,3.9,1.8,2014-10-31,0053,Terra,MODIS,84,6.2,305.8,185.4,D,0
-19.2996,131.0782,332.1,3.9,1.8,2014-10-31,0053,Terra,MODIS,67,6.2,306.7,94.7,D,0
-19.5773,131.9477,368.6,3.4,1.7,2014-10-31,0053,Terra,MODIS,100,6.2,304.3,568.6,D,0
-19.5722,131.9429,390.9,3.4,1.7,2014-10-31,0053,Terra,MODIS,100,6.2,306.5,1103.1,D,0
-19.1023,132.1188,344.3,3.4,1.7,2014-10-31,0053,Terra,MODIS,88,6.2,302.4,214,D,0
-19.1177,132.1154,371,3.4,1.7,2014-10-31,0053,Terra,MODIS,100,6.2,305,615.7,D,0
-19.1331,132.112,344.7,3.4,1.7,2014-10-31,0053,Terra,MODIS,89,6.2,302.6,224.6,D,0
-19.1277,132.1059,346.7,3.4,1.7,2014-10-31,0053,Terra,MODIS,90,6.2,303,248,D,0
-18.6775,131.5054,341.7,3.8,1.8,2014-10-31,0053,Terra,MODIS,86,6.2,307.3,204.9,D,0
-18.683,131.4968,341.9,3.8,1.8,2014-10-31,0053,Terra,MODIS,86,6.2,307.3,206.5,D,0
-18.9239,132.2097,346.6,3.3,1.7,2014-10-31,0053,Terra,MODIS,90,6.2,310.3,200.5,D,0
-18.9037,132.2082,333.9,3.3,1.7,2014-10-31,0053,Terra,MODIS,69,6.2,310.8,81.7,D,0
-18.9191,132.2048,339.5,3.3,1.7,2014-10-31,0053,Terra,MODIS,83,6.2,310.2,126.5,D,0
-18.9373,132.1351,344.8,3.4,1.7,2014-10-31,0053,Terra,MODIS,89,6.2,311.9,178.8,D,0
-18.9436,132.1667,357.7,3.4,1.7,2014-10-31,0053,Terra,MODIS,98,6.2,310.8,345.2,D,0
-18.9498,132.1981,345.7,3.3,1.7,2014-10-31,0053,Terra,MODIS,89,6.2,309.7,196.3,D,0
-18.959,132.1633,369.8,3.4,1.7,2014-10-31,0053,Terra,MODIS,100,6.2,311.4,555,D,0
-18.9744,132.1599,343.8,3.4,1.7,2014-10-31,0053,Terra,MODIS,88,6.2,308.8,175,D,0
-18.9805,132.1913,330.6,3.3,1.7,2014-10-31,0053,Terra,MODIS,18,6.2,305.8,64.8,D,0
-18.9959,132.1879,355.9,3.3,1.7,2014-10-31,0053,Terra,MODIS,97,6.2,307.2,335.7,D,0
-19.0112,132.1846,363.9,3.3,1.7,2014-10-31,0053,Terra,MODIS,100,6.2,308.3,462.5,D,0
-18.9534,132.1573,367.9,3.4,1.7,2014-10-31,0053,Terra,MODIS,100,6.2,312.1,513.2,D,0
-18.9598,132.1887,343.7,3.3,1.7,2014-10-31,0053,Terra,MODIS,82,6.2,308.3,179.1,D,0
-18.9688,132.154,352.1,3.4,1.7,2014-10-31,0053,Terra,MODIS,94,6.2,309.9,270.2,D,0
-18.9752,132.1853,342.2,3.3,1.7,2014-10-31,0053,Terra,MODIS,85,6.2,306.9,164.9,D,0
-18.9842,132.1506,332.3,3.4,1.7,2014-10-31,0053,Terra,MODIS,28,6.2,307.4,64.6,D,0
-18.9906,132.182,343.8,3.3,1.7,2014-10-31,0053,Terra,MODIS,88,6.2,306.9,184.8,D,0
-19.0059,132.1786,359.1,3.3,1.7,2014-10-31,0053,Terra,MODIS,99,6.2,308.2,383.2,D,0
-19.0122,132.2098,352.8,3.3,1.7,2014-10-31,0053,Terra,MODIS,95,6.2,307.1,302.7,D,0
-19.0213,132.1753,351.4,3.3,1.7,2014-10-31,0053,Terra,MODIS,94,6.2,306.5,275.6,D,0
-19.0275,132.2065,369.7,3.3,1.7,2014-10-31,0053,Terra,MODIS,100,6.2,308.5,566.8,D,0
-19.0304,132.1405,351.8,3.4,1.7,2014-10-31,0053,Terra,MODIS,94,6.2,306.5,281.3,D,0
-19.0366,132.1719,338.3,3.3,1.7,2014-10-31,0053,Terra,MODIS,82,6.2,304.4,138,D,0
-19.4315,131.9203,361.1,3.4,1.7,2014-10-31,0053,Terra,MODIS,100,6.2,308.1,427.7,D,0
-18.5175,130.6192,328.3,4.4,1.9,2014-10-31,0053,Terra,MODIS,41,6.2,305.6,64.9,D,0
-18.5259,130.6605,356.8,4.4,1.9,2014-10-31,0053,Terra,MODIS,98,6.2,305,509.9,D,0
-18.5088,130.6568,363.8,4.4,1.9,2014-10-31,0053,Terra,MODIS,100,6.2,305,670.7,D,0
-19.0428,132.2031,389.6,3.3,1.7,2014-10-31,0053,Terra,MODIS,100,6.2,309.5,1031.6,D,0
-19.0458,132.1371,379.6,3.4,1.7,2014-10-31,0053,Terra,MODIS,100,6.2,308.5,794.2,D,0
-19.0582,132.1997,385,3.3,1.7,2014-10-31,0053,Terra,MODIS,100,6.2,307.5,916.2,D,0
-18.5261,130.6529,352.1,4.4,1.9,2014-10-31,0053,Terra,MODIS,95,6.2,305.1,413.5,D,0
-19.055,132.1021,357.6,3.4,1.7,2014-10-31,0053,Terra,MODIS,98,6.2,304,370,D,0
-19.0612,132.1337,387,3.4,1.7,2014-10-31,0053,Terra,MODIS,100,6.2,306.3,984.5,D,0
-19.0535,132.1948,375.8,3.3,1.7,2014-10-31,0053,Terra,MODIS,100,6.2,307.6,696.4,D,0
-19.4627,131.9396,356,3.4,1.7,2014-10-31,0053,Terra,MODIS,97,6.2,308.8,350.5,D,0
-19.456,131.9075,369.7,3.4,1.7,2014-10-31,0053,Terra,MODIS,94,6.2,306.7,586,D,0
-19.0497,132.0974,352.7,3.4,1.7,2014-10-31,0053,Terra,MODIS,95,6.2,305.1,295,D,0
-19.0561,132.1289,402.7,3.4,1.7,2014-10-31,0053,Terra,MODIS,100,6.2,310.1,1468.4,D,0
-19.0625,132.1602,329.1,3.3,1.7,2014-10-31,0053,Terra,MODIS,55,6.2,302.9,79.9,D,0
-19.4625,131.9136,397.6,3.4,1.7,2014-10-31,0053,Terra,MODIS,100,6.2,310.4,1325,D,0
-19.447,131.9169,364.5,3.4,1.7,2014-10-31,0053,Terra,MODIS,100,6.2,307.5,487.7,D,0
-19.4405,131.8848,334.8,3.4,1.7,2014-10-31,0053,Terra,MODIS,60,6.2,293.2,107.4,D,0
-19.425,131.8882,362.6,3.4,1.7,2014-10-31,0053,Terra,MODIS,100,6.2,306.6,447.2,D,0
-19.416,131.9237,336.3,3.4,1.7,2014-10-31,0053,Terra,MODIS,63,6.2,307.6,120,D,0
-19.4094,131.8916,354.4,3.4,1.7,2014-10-31,0053,Terra,MODIS,96,6.2,308.8,319.5,D,0
-19.4216,131.9282,337.5,3.4,1.7,2014-10-31,0053,Terra,MODIS,81,6.2,307.6,132.5,D,0
-19.4153,131.8959,372.7,3.4,1.7,2014-10-31,0053,Terra,MODIS,100,6.2,309.5,638.6,D,0
-19.2351,131.9154,328,3.4,1.7,2014-10-31,0053,Terra,MODIS,26,6.2,309.5,47.6,D,0
-19.0396,132.1055,368.5,3.4,1.7,2014-10-31,0053,Terra,MODIS,100,6.2,309.3,543.2,D,0
-18.4226,130.6839,325.9,4.4,1.9,2014-10-31,0053,Terra,MODIS,33,6.2,304.7,66.3,D,0
-18.5341,130.7015,328.5,4.4,1.9,2014-10-31,0053,Terra,MODIS,47,6.2,303.5,92.1,D,0
-18.5346,130.6939,337.6,4.4,1.9,2014-10-31,0053,Terra,MODIS,76,6.2,303.9,187.2,D,0
-18.5518,130.69,332.8,4.4,1.9,2014-10-31,0053,Terra,MODIS,57,6.2,304,132.5,D,0
-18.5689,130.6861,328.9,4.4,1.9,2014-10-31,0053,Terra,MODIS,45,6.2,303.5,94.7,D,0
-18.5773,130.7268,330,4.3,1.9,2014-10-31,0053,Terra,MODIS,68,6.2,303.5,112.8,D,0
-18.5944,130.7229,357.5,4.3,1.9,2014-10-31,0053,Terra,MODIS,98,6.2,305.3,535.9,D,0
-18.6026,130.7634,331.3,4.3,1.9,2014-10-31,0053,Terra,MODIS,72,6.2,304.1,129.9,D,0
-18.6115,130.719,376.8,4.3,1.9,2014-10-31,0053,Terra,MODIS,100,6.2,304.3,1046.2,D,0
-18.6197,130.7595,370.3,4.3,1.9,2014-10-31,0053,Terra,MODIS,100,6.2,305.1,844.8,D,0
-18.6367,130.7556,336.9,4.3,1.9,2014-10-31,0053,Terra,MODIS,81,6.2,302.2,201.3,D,0
-18.553,130.6843,328.3,4.4,1.9,2014-10-31,0053,Terra,MODIS,29,6.2,304.1,86.9,D,0
-18.5788,130.7211,334.1,4.3,1.9,2014-10-31,0053,Terra,MODIS,76,6.2,303.8,157.4,D,0
-18.5959,130.7173,360.6,4.3,1.9,2014-10-31,0053,Terra,MODIS,100,6.2,305.3,607.2,D,0
-18.6044,130.7576,347.7,4.3,1.9,2014-10-31,0053,Terra,MODIS,91,6.2,304.9,354.9,D,0
-18.613,130.7134,355.7,4.3,1.9,2014-10-31,0053,Terra,MODIS,97,6.2,302.9,511.1,D,0
-18.6214,130.7538,370.6,4.3,1.9,2014-10-31,0053,Terra,MODIS,100,6.2,304.7,862.2,D,0
-18.6385,130.7499,328.8,4.3,1.9,2014-10-31,0053,Terra,MODIS,64,6.2,301.2,118.9,D,0
-18.4916,130.6606,338.7,4.4,1.9,2014-10-31,0053,Terra,MODIS,83,6.2,305,195.8,D,0
-18.5087,130.6644,366.1,4.4,1.9,2014-10-31,0053,Terra,MODIS,100,6.2,304.8,734.4,D,0
-18.5003,130.6231,337.3,4.4,1.9,2014-10-31,0053,Terra,MODIS,82,6.2,306.2,173.8,D,0
-18.4915,130.6684,330.8,4.4,1.9,2014-10-31,0053,Terra,MODIS,59,6.2,304.5,104.8,D,0
-19.0173,132.2157,346.7,3.3,1.7,2014-10-31,0053,Terra,MODIS,90,6.2,307,225.5,D,0
-18.9774,132.0932,328.4,3.4,1.7,2014-10-31,0053,Terra,MODIS,30,6.2,308.4,34.8,D,0
-18.9929,132.0898,331.1,3.4,1.7,2014-10-31,0053,Terra,MODIS,69,6.2,309.3,54.4,D,0
-18.9869,132.084,330.4,3.4,1.7,2014-10-31,0053,Terra,MODIS,44,6.2,309.2,44.4,D,0
-19.0023,132.0806,337.8,3.4,1.7,2014-10-31,0053,Terra,MODIS,81,6.2,310,107.6,D,0
-19.0087,132.1123,336.8,3.4,1.7,2014-10-31,0053,Terra,MODIS,79,6.2,308.7,99,D,0
-19.0178,132.0772,337.1,3.4,1.7,2014-10-31,0053,Terra,MODIS,80,6.2,309.8,101.8,D,0
-19.0241,132.1089,361.8,3.4,1.7,2014-10-31,0053,Terra,MODIS,100,6.2,310.5,413.3,D,0
-18.9407,132.2326,365.4,3.3,1.7,2014-10-31,0053,Terra,MODIS,100,6.2,311.9,474.4,D,0
-18.9253,132.2359,344.1,3.3,1.7,2014-10-31,0053,Terra,MODIS,88,6.2,309.8,176,D,0
-19.5098,131.6907,331.1,3.5,1.8,2014-10-31,0053,Terra,MODIS,69,6.2,305.3,87.2,D,0
-18.9299,132.2409,345.4,3.3,1.7,2014-10-31,0053,Terra,MODIS,89,6.2,309.9,190.8,D,0
-19.049,132.2341,327.4,3.3,1.7,2014-10-31,0053,Terra,MODIS,48,6.2,306.7,54.8,D,0
-19.2236,131.1862,333.2,3.9,1.8,2014-10-31,0053,Terra,MODIS,70,6.2,307.6,109.4,D,0
-19.2399,131.1823,328.1,3.9,1.8,2014-10-31,0053,Terra,MODIS,33,6.2,307.9,58,D,0
-19.2473,131.2186,330.7,3.9,1.8,2014-10-31,0053,Terra,MODIS,65,6.2,307.9,88.1,D,0
-19.2288,131.1791,332.1,3.9,1.8,2014-10-31,0053,Terra,MODIS,56,6.2,308.2,92,D,0
-19.2364,131.2154,328.4,3.9,1.8,2014-10-31,0053,Terra,MODIS,10,6.2,306.9,62.9,D,0
-19.0343,132.1007,355.8,3.4,1.7,2014-10-31,0053,Terra,MODIS,97,6.2,309.5,332.6,D,0
-19.0407,132.1322,368.8,3.4,1.7,2014-10-31,0053,Terra,MODIS,100,6.2,308.9,552.3,D,0
-19.0599,132.2257,351.3,3.3,1.7,2014-10-31,0053,Terra,MODIS,94,6.2,307.2,279,D,0
-18.7423,130.3662,325.4,4.6,2,2014-10-31,0053,Terra,MODIS,44,6.2,303.1,74.5,D,0
-19.0711,130.6169,329.6,4.3,1.9,2014-10-31,0053,Terra,MODIS,56,6.2,305.1,96.6,D,0
-19.07,130.6245,328.8,4.3,1.9,2014-10-31,0053,Terra,MODIS,48,6.2,304.8,86.7,D,0
-18.4134,130.6485,325.4,4.4,1.9,2014-10-31,0053,Terra,MODIS,32,6.2,304.7,62.4,D,0
-19.0643,132.2308,337.6,3.3,1.7,2014-10-31,0053,Terra,MODIS,81,6.2,306.3,137,D,0
-19.4689,131.9457,354.5,3.4,1.7,2014-10-31,0053,Terra,MODIS,96,6.2,308.5,330.5,D,0
-19.478,131.9102,382.8,3.4,1.7,2014-10-31,0053,Terra,MODIS,100,6.2,303.3,892.3,D,0
-19.4844,131.9424,350.3,3.4,1.7,2014-10-31,0053,Terra,MODIS,93,6.2,306.9,278.8,D,0
-19.5154,131.9357,355.7,3.4,1.7,2014-10-31,0053,Terra,MODIS,97,6.2,304.5,353,D,0
-19.4716,131.9042,387.7,3.4,1.7,2014-10-31,0053,Terra,MODIS,94,6.2,303,1024.8,D,0
-19.4782,131.9363,379.3,3.4,1.7,2014-10-31,0053,Terra,MODIS,100,6.2,308.6,793.3,D,0
-19.5092,131.9297,359.6,3.4,1.7,2014-10-31,0053,Terra,MODIS,99,6.2,305.2,411.6,D,0
-19.5401,131.9229,353.4,3.4,1.7,2014-10-31,0053,Terra,MODIS,95,6.2,295.5,323.4,D,0
-19.5556,131.9193,374.9,3.4,1.7,2014-10-31,0053,Terra,MODIS,100,6.2,293.9,702.9,D,0
-19.1341,132.1373,348.9,3.3,1.7,2014-10-31,0053,Terra,MODIS,92,6.2,303,274.9,D,0
-19.1393,132.1434,340.7,3.3,1.7,2014-10-31,0053,Terra,MODIS,84,6.2,302.3,185.1,D,0
-19.5568,131.9466,367.9,3.4,1.7,2014-10-31,0053,Terra,MODIS,100,6.2,305.5,548.6,D,0
-19.2636,131.2148,345.5,3.9,1.8,2014-10-31,0053,Terra,MODIS,89,6.2,306.8,254.8,D,0
-19.3359,131.1158,357.2,3.9,1.8,2014-10-31,0053,Terra,MODIS,98,6.2,306.1,446.4,D,0
-19.3523,131.112,335.9,3.9,1.8,2014-10-31,0053,Terra,MODIS,77,6.2,302,144,D,0
-19.3401,131.1075,363.7,3.9,1.8,2014-10-31,0053,Terra,MODIS,100,6.2,305.9,575.7,D,0
-19.3477,131.1439,329.5,3.9,1.8,2014-10-31,0053,Terra,MODIS,44,6.2,304.3,89.7,D,0
-19.3653,131.0628,348.4,3.9,1.8,2014-10-31,0053,Terra,MODIS,92,6.2,305.9,311.3,D,0
-19.373,131.1,341,3.9,1.8,2014-10-31,0053,Terra,MODIS,85,6.2,304.1,213.2,D,0
-19.378,131.093,346.3,3.9,1.8,2014-10-31,0053,Terra,MODIS,90,6.2,304.4,286.6,D,0
-18.7332,130.3231,325.7,4.6,2,2014-10-31,0053,Terra,MODIS,48,6.2,304.3,74.1,D,0
-18.7339,130.3284,327.5,4.6,2,2014-10-31,0053,Terra,MODIS,59,6.2,304.1,88.7,D,0
-19.124,132.1468,333.3,3.3,1.7,2014-10-31,0053,Terra,MODIS,74,6.2,302.3,119.2,D,0
-24.3747,146.2062,328.2,1.9,1.3,2014-10-31,0054,Terra,MODIS,72,6.2,306.5,36.2,D,0
-24.3766,146.2243,323.9,1.9,1.3,2014-10-31,0054,Terra,MODIS,54,6.2,303.4,24.2,D,0
-24.3868,146.2048,338.9,1.9,1.3,2014-10-31,0054,Terra,MODIS,85,6.2,309.6,72.5,D,0
-24.3888,146.2229,327.4,1.9,1.3,2014-10-31,0054,Terra,MODIS,53,6.2,306.3,32.3,D,0
-24.4009,146.2214,324.6,1.9,1.3,2014-10-31,0054,Terra,MODIS,56,6.2,304.9,26.4,D,0
-24.379,146.2002,334.1,1.9,1.3,2014-10-31,0054,Terra,MODIS,81,6.2,307.4,53.7,D,0
-24.3809,146.2184,334.8,1.9,1.3,2014-10-31,0054,Terra,MODIS,81,6.2,306,56.9,D,0
-24.3931,146.2171,324.4,1.9,1.3,2014-10-31,0054,Terra,MODIS,47,6.2,307.7,26.6,D,0
-23.3756,147.8279,321.6,2.4,1.5,2014-10-31,0054,Terra,MODIS,49,6.2,302.1,29.4,D,0
-26.4798,150.2336,322.5,3.9,1.8,2014-10-31,0054,Terra,MODIS,70,6.2,297.4,81.5,D,0
-26.4828,150.2728,323,3.9,1.8,2014-10-31,0054,Terra,MODIS,71,6.2,295,83.9,D,0
-26.4877,150.2654,325.8,3.9,1.8,2014-10-31,0054,Terra,MODIS,74,6.2,295,104.7,D,0
-24.4071,146.2338,335.8,1.9,1.3,2014-10-31,0054,Terra,MODIS,82,6.2,304.6,62.8,D,0
-24.4051,146.2153,332.8,1.9,1.3,2014-10-31,0054,Terra,MODIS,79,6.2,304.2,51.3,D,0
-24.4173,146.2142,335.6,1.9,1.3,2014-10-31,0054,Terra,MODIS,82,6.2,304.1,60.2,D,0
-24.4193,146.2325,342.5,1.9,1.3,2014-10-31,0054,Terra,MODIS,89,6.2,303.9,89.8,D,0
-24.4078,146.7521,327.8,2.1,1.4,2014-10-31,0054,Terra,MODIS,72,6.2,304.8,36.1,D,0
-24.4099,146.7722,358.1,2.1,1.4,2014-10-31,0054,Terra,MODIS,99,6.2,306.7,195.3,D,0
-24.412,146.7927,328.8,2.1,1.4,2014-10-31,0054,Terra,MODIS,74,6.2,305.7,40,D,0
-24.4225,146.7708,331,2.1,1.4,2014-10-31,0054,Terra,MODIS,77,6.2,303,51.3,D,0
-32.437,135.709,334,1.1,1.1,2014-10-31,0056,Terra,MODIS,77,6.2,313,18.2,D,0
-32.4295,135.7228,347.6,1.1,1.1,2014-10-31,0056,Terra,MODIS,92,6.2,310.2,44.1,D,0
-32.3997,135.6872,334.8,1.1,1.1,2014-10-31,0056,Terra,MODIS,64,6.2,310.7,18.6,D,0
-32.4276,135.7111,355.5,1.1,1.1,2014-10-31,0056,Terra,MODIS,97,6.2,315.5,64.2,D,0
-32.3923,135.7012,328,1.1,1.1,2014-10-31,0056,Terra,MODIS,55,6.2,309.5,7.8,D,0
-32.3903,135.6894,376.2,1.1,1.1,2014-10-31,0056,Terra,MODIS,100,6.2,316.2,140,D,0
-27.7595,127.1222,323.9,4.7,2,2014-10-31,0056,Terra,MODIS,74,6.2,304.5,83,D,0
-27.7707,127.168,350.9,4.6,2,2014-10-31,0056,Terra,MODIS,95,6.2,304.8,471.6,D,0
-27.7613,127.127,333.3,4.7,2,2014-10-31,0056,Terra,MODIS,84,6.2,304.5,190,D,0
-27.7722,127.1729,347.7,4.6,2,2014-10-31,0056,Terra,MODIS,94,6.2,304.4,411.4,D,0
-15.5951,128.2795,330.6,4.6,2,2014-10-31,0230,Terra,MODIS,68,6.2,303.3,95.3,D,0
-15.5947,128.2745,329.4,4.6,2,2014-10-31,0230,Terra,MODIS,69,6.2,303.5,82.1,D,0
-14.1852,127.3096,328.5,3.7,1.8,2014-10-31,0230,Terra,MODIS,75,6.2,300.7,70,D,0
-14.1782,127.3172,326.3,3.7,1.8,2014-10-31,0230,Terra,MODIS,58,6.2,300.9,52.7,D,0
-15.772,125.7945,335.7,3,1.6,2014-10-31,0230,Terra,MODIS,82,6.2,300.7,106.2,D,0
-15.6125,128.2726,328.7,4.6,2,2014-10-31,0230,Terra,MODIS,69,6.2,303.4,86.5,D,0
-15.6306,128.2758,327.9,4.6,2,2014-10-31,0230,Terra,MODIS,60,6.2,302.1,81.5,D,0
-15.6129,128.2776,328.8,4.6,2,2014-10-31,0230,Terra,MODIS,58,6.2,303.3,80.4,D,0
-15.6302,128.2707,327.8,4.6,2,2014-10-31,0230,Terra,MODIS,63,6.2,302.2,81.3,D,0
-19.5907,122.9186,341.6,2.1,1.4,2014-10-31,0231,Terra,MODIS,85,6.2,305.5,80.6,D,0
-19.5802,122.9396,394.8,2.1,1.4,2014-10-31,0231,Terra,MODIS,100,6.2,314.4,588.8,D,0
-19.5312,122.9712,334.9,2.1,1.4,2014-10-31,0231,Terra,MODIS,41,6.2,311.3,41.9,D,0
-19.5229,123.012,360.1,2.1,1.4,2014-10-31,0231,Terra,MODIS,100,6.2,313.2,190.6,D,0
-19.5225,123.0188,370,2.1,1.4,2014-10-31,0231,Terra,MODIS,100,6.2,314,279.3,D,0
-19.569,122.9663,341,2.1,1.4,2014-10-31,0231,Terra,MODIS,78,6.2,310.6,68.8,D,0
-19.5898,122.9243,373.8,2.1,1.4,2014-10-31,0231,Terra,MODIS,100,6.2,308.3,316.5,D,0
-19.614,123.0151,352.7,2.1,1.4,2014-10-31,0231,Terra,MODIS,95,6.2,311.9,133.3,D,0
-19.6713,122.9419,345.1,2.1,1.4,2014-10-31,0231,Terra,MODIS,89,6.2,312.7,88.1,D,0
-19.506,122.9743,332.4,2.1,1.4,2014-10-31,0231,Terra,MODIS,71,6.2,309.4,38.8,D,0
-19.5054,122.9811,333.2,2.1,1.4,2014-10-31,0231,Terra,MODIS,71,6.2,309.8,41.1,D,0
-19.5031,122.9616,332.7,2.1,1.4,2014-10-31,0231,Terra,MODIS,70,6.2,308.5,40.7,D,0
-19.5482,123.0089,332.6,2.1,1.4,2014-10-31,0231,Terra,MODIS,45,6.2,311.3,27.8,D,0
-19.5377,123.0303,334,2.1,1.4,2014-10-31,0231,Terra,MODIS,61,6.2,311.7,36.1,D,0
-19.6103,123.1025,336.6,2.1,1.4,2014-10-31,0231,Terra,MODIS,47,6.2,313.3,43.2,D,0
-19.5291,122.9516,333.1,2.1,1.4,2014-10-31,0231,Terra,MODIS,35,6.2,309,37.5,D,0
-19.5099,123.0204,352.2,2.1,1.4,2014-10-31,0231,Terra,MODIS,94,6.2,311.8,135.2,D,0
-19.6707,122.9484,348.2,2.1,1.4,2014-10-31,0231,Terra,MODIS,91,6.2,312.1,103.9,D,0
-18.7201,122.7038,342,1.9,1.4,2014-10-31,0231,Terra,MODIS,85,6.2,314.8,63.2,D,0
-19.5781,122.9201,377.3,2.1,1.4,2014-10-31,0231,Terra,MODIS,100,6.2,310.4,353.8,D,0
-19.6046,122.9423,349.1,2.1,1.4,2014-10-31,0231,Terra,MODIS,82,6.2,308.3,127.8,D,0
-19.6013,123.0167,367.5,2.1,1.4,2014-10-31,0231,Terra,MODIS,100,6.2,313.6,248.2,D,0
-19.5886,123.0183,342.2,2.1,1.4,2014-10-31,0231,Terra,MODIS,86,6.2,312.6,64.2,D,0
-19.5865,122.9985,341.1,2.1,1.4,2014-10-31,0231,Terra,MODIS,79,6.2,309.4,59,D,0
-18.7222,122.722,338.6,1.9,1.4,2014-10-31,0231,Terra,MODIS,80,6.2,314.8,47.2,D,0
-19.6137,123.0208,350.5,2.1,1.4,2014-10-31,0231,Terra,MODIS,93,6.2,312.1,117.5,D,0
-19.6024,122.9229,335.5,2.1,1.4,2014-10-31,0231,Terra,MODIS,48,6.2,303.3,52.6,D,0
-19.592,122.9438,361.5,2.1,1.4,2014-10-31,0231,Terra,MODIS,100,6.2,310.3,207.1,D,0
-19.6307,122.9336,367.1,2.1,1.4,2014-10-31,0231,Terra,MODIS,100,6.2,312.6,259.6,D,0
-19.5772,122.9258,399,2.1,1.4,2014-10-31,0231,Terra,MODIS,100,6.2,312.7,652.9,D,0
-19.5928,122.9381,364.2,2.1,1.4,2014-10-31,0231,Terra,MODIS,100,6.2,310.5,236.1,D,0
-19.6011,123.0224,359.9,2.1,1.4,2014-10-31,0231,Terra,MODIS,99,6.2,313.4,179.3,D,0
-19.5988,123.0026,356.9,2.1,1.4,2014-10-31,0231,Terra,MODIS,98,6.2,310.6,158.6,D,0
-19.525,123.0318,347.6,2.1,1.4,2014-10-31,0231,Terra,MODIS,91,6.2,312.3,106.4,D,0
-19.5076,123.0007,337.1,2.1,1.4,2014-10-31,0231,Terra,MODIS,78,6.2,310.3,53.7,D,0
-19.5884,123.0239,338.2,2.1,1.4,2014-10-31,0231,Terra,MODIS,79,6.2,312.9,47.6,D,0
-19.5861,123.0041,347.4,2.1,1.4,2014-10-31,0231,Terra,MODIS,91,6.2,310.7,95.9,D,0
-19.5794,122.9453,378.3,2.1,1.4,2014-10-31,0231,Terra,MODIS,100,6.2,311.2,364.5,D,0
-19.5102,123.0136,354.6,2.1,1.4,2014-10-31,0231,Terra,MODIS,96,6.2,311.8,153.6,D,0
-16.8775,126.1104,333,3.3,1.7,2014-10-31,0231,Terra,MODIS,79,6.2,306,81.1,D,0
-16.8808,126.1411,356.7,3.3,1.7,2014-10-31,0231,Terra,MODIS,98,6.2,305.9,341.3,D,0
-16.8842,126.1719,327.5,3.3,1.7,2014-10-31,0231,Terra,MODIS,70,6.2,302.1,57.3,D,0
-16.8614,126.1375,328.6,3.3,1.7,2014-10-31,0231,Terra,MODIS,66,6.2,305.3,56.3,D,0
-16.8768,126.1359,342.4,3.3,1.7,2014-10-31,0231,Terra,MODIS,88,6.2,305.8,175.1,D,0
-16.8923,126.1338,349.2,3.3,1.7,2014-10-31,0231,Terra,MODIS,93,6.2,305,253.5,D,0
-16.8954,126.1646,330.1,3.3,1.7,2014-10-31,0231,Terra,MODIS,74,6.2,301.9,76.7,D,0
-18.3357,127.8656,335.1,4.6,2,2014-10-31,0231,Terra,MODIS,76,6.2,303.5,170.8,D,0
-18.3347,127.859,331.5,4.6,2,2014-10-31,0231,Terra,MODIS,66,6.2,303.4,120,D,0
-18.3385,127.9034,327.9,4.7,2,2014-10-31,0231,Terra,MODIS,42,6.2,303.2,78.3,D,0
-22.9134,124.5121,382.3,3,1.6,2014-10-31,0232,Terra,MODIS,100,6.2,313.1,710.4,D,0
-22.9283,124.5106,364.9,3,1.6,2014-10-31,0232,Terra,MODIS,100,6.2,313.7,392.8,D,0
-22.9379,124.451,352.2,3,1.6,2014-10-31,0232,Terra,MODIS,94,6.2,314.5,212.3,D,0
-22.9431,124.509,359.5,3,1.6,2014-10-31,0232,Terra,MODIS,99,6.2,315.6,307,D,0
-22.9318,124.2233,334.6,2.8,1.6,2014-10-31,0232,Terra,MODIS,73,6.2,313.6,61.2,D,0
-22.9501,124.4208,337.3,2.9,1.6,2014-10-31,0232,Terra,MODIS,79,6.2,313,77.3,D,0
-22.9527,124.4494,338,3,1.6,2014-10-31,0232,Terra,MODIS,80,6.2,313.6,80.2,D,0
-22.958,124.5074,342.4,3,1.6,2014-10-31,0232,Terra,MODIS,86,6.2,315.4,124.5,D,0
-22.9464,124.2219,333.4,2.8,1.6,2014-10-31,0232,Terra,MODIS,58,6.2,314.5,50,D,0
-22.961,124.2204,365.2,2.8,1.6,2014-10-31,0232,Terra,MODIS,100,6.2,316.3,356.4,D,0
-22.9636,124.2482,341.9,2.9,1.6,2014-10-31,0232,Terra,MODIS,85,6.2,315.8,106.8,D,0
-22.9755,124.2188,332.9,2.8,1.6,2014-10-31,0232,Terra,MODIS,68,6.2,313.6,47.7,D,0
-22.9626,124.2148,356.2,2.8,1.6,2014-10-31,0232,Terra,MODIS,97,6.2,315.3,244.9,D,0
-22.965,124.2426,348,2.9,1.6,2014-10-31,0232,Terra,MODIS,91,6.2,316.5,161.4,D,0
-22.9291,124.5174,373,3,1.6,2014-10-31,0232,Terra,MODIS,100,6.2,313.6,516.4,D,0
-22.9142,124.5188,376.8,3,1.6,2014-10-31,0232,Terra,MODIS,100,6.2,312.6,598.2,D,0
-22.9115,124.4899,348.7,3,1.6,2014-10-31,0232,Terra,MODIS,85,6.2,308.9,197.4,D,0
-22.9087,124.4609,338.3,3,1.6,2014-10-31,0232,Terra,MODIS,54,6.2,305.3,106.3,D,0
-22.8993,124.5203,405.5,3,1.6,2014-10-31,0232,Terra,MODIS,100,6.2,313.1,1328.9,D,0
-22.8966,124.4912,340.6,3,1.6,2014-10-31,0232,Terra,MODIS,84,6.2,304.6,137.1,D,0
-20.3709,122.2369,336.3,1.9,1.3,2014-10-31,0232,Terra,MODIS,64,6.2,309.4,54.4,D,0
-20.385,122.2533,336.5,1.9,1.3,2014-10-31,0232,Terra,MODIS,61,6.2,303.8,56.3,D,0
-23.308,125.7026,334.1,3.7,1.8,2014-10-31,0232,Terra,MODIS,70,6.2,309.5,87.2,D,0
-22.1197,121.7164,337.1,1.8,1.3,2014-10-31,0232,Terra,MODIS,79,6.2,314.7,43.2,D,0
-22.0238,121.2545,329.7,1.7,1.3,2014-10-31,0232,Terra,MODIS,51,6.2,311.4,19,D,0
-21.2751,125.1575,326.6,3.2,1.7,2014-10-31,0232,Terra,MODIS,41,6.2,305.2,33.7,D,0
-21.8597,127.2145,333,4.6,2,2014-10-31,0232,Terra,MODIS,71,6.2,302.6,161.3,D,0
-21.8564,127.1699,338,4.5,2,2014-10-31,0232,Terra,MODIS,80,6.2,302.4,229,D,0
-21.8605,127.2217,331,4.6,2,2014-10-31,0232,Terra,MODIS,68,6.2,302.3,137.8,D,0
-21.8569,127.1771,341.5,4.5,2,2014-10-31,0232,Terra,MODIS,85,6.2,302.6,280.7,D,0
-22.1325,120.922,343.8,1.6,1.2,2014-10-31,0232,Terra,MODIS,87,6.2,314.1,56.5,D,0
-21.8084,125.2556,341.2,3.3,1.7,2014-10-31,0232,Terra,MODIS,84,6.2,304.1,153.6,D,0
-21.8057,125.2243,381.7,3.3,1.7,2014-10-31,0232,Terra,MODIS,100,6.2,307.5,791.6,D,0
-21.7929,125.257,333,3.3,1.7,2014-10-31,0232,Terra,MODIS,62,6.2,304.8,85.3,D,0
-21.7902,125.2257,349.4,3.3,1.7,2014-10-31,0232,Terra,MODIS,92,6.2,306.6,239.8,D,0
-21.8096,125.2291,360,3.3,1.7,2014-10-31,0232,Terra,MODIS,100,6.2,305.3,377.9,D,0
-21.797,125.2618,330.1,3.3,1.7,2014-10-31,0232,Terra,MODIS,44,6.2,304.6,65.1,D,0
-21.7941,125.2305,383.7,3.3,1.7,2014-10-31,0232,Terra,MODIS,100,6.2,307.9,844.3,D,0
-21.43,125.894,331.9,3.6,1.8,2014-10-31,0232,Terra,MODIS,73,6.2,304.4,99.1,D,0
-21.427,125.859,329.7,3.6,1.8,2014-10-31,0232,Terra,MODIS,61,6.2,304.4,79.7,D,0
-21.4168,125.9305,329.6,3.6,1.8,2014-10-31,0232,Terra,MODIS,68,6.2,303.8,80.1,D,0
-21.4139,125.8956,331.1,3.6,1.8,2014-10-31,0232,Terra,MODIS,71,6.2,304.3,87.5,D,0
-21.4385,125.9001,326.2,3.6,1.8,2014-10-31,0232,Terra,MODIS,47,6.2,303.2,55.7,D,0
-21.4352,125.8652,332.3,3.6,1.8,2014-10-31,0232,Terra,MODIS,73,6.2,303,102.2,D,0
-21.4255,125.9365,326.9,3.6,1.8,2014-10-31,0232,Terra,MODIS,58,6.2,303.4,62.9,D,0
-21.4223,125.9017,336.3,3.6,1.8,2014-10-31,0232,Terra,MODIS,80,6.2,304.9,140,D,0
-21.4191,125.8667,325.2,3.6,1.8,2014-10-31,0232,Terra,MODIS,25,6.2,304.4,43.9,D,0
-19.7706,122.6713,336.6,2,1.4,2014-10-31,0232,Terra,MODIS,46,6.2,304.4,55.4,D,0
-19.7499,122.7118,337.5,2,1.4,2014-10-31,0232,Terra,MODIS,82,6.2,309.9,47.2,D,0
-19.7479,122.6929,337.5,2,1.4,2014-10-31,0232,Terra,MODIS,82,6.2,311.4,49.5,D,0
-19.7355,122.6944,332.3,2,1.4,2014-10-31,0232,Terra,MODIS,68,6.2,310.7,31.4,D,0
-19.7478,122.7179,333.1,2,1.4,2014-10-31,0232,Terra,MODIS,70,6.2,310.9,31.9,D,0
-19.7456,122.699,354.9,2,1.4,2014-10-31,0232,Terra,MODIS,96,6.2,312.4,143.2,D,0
-22.265,126.4342,339.3,4.1,1.9,2014-10-31,0232,Terra,MODIS,82,6.2,305.2,190.9,D,0
-22.2481,126.436,345.5,4.1,1.9,2014-10-31,0232,Terra,MODIS,89,6.2,307.8,266.9,D,0
-22.2611,126.4399,344.8,4.1,1.9,2014-10-31,0232,Terra,MODIS,88,6.2,305.5,261.6,D,0
-22.2442,126.4417,346.8,4.1,1.9,2014-10-31,0232,Terra,MODIS,90,6.2,308.2,288.4,D,0
-22.2681,126.4737,328.9,4.1,1.9,2014-10-31,0232,Terra,MODIS,47,6.2,303.2,91.3,D,0
-22.2512,126.4755,335.7,4.1,1.9,2014-10-31,0232,Terra,MODIS,73,6.2,306.6,152.4,D,0
-22.2644,126.4793,328.8,4.1,1.9,2014-10-31,0232,Terra,MODIS,37,6.2,303.3,83.2,D,0
-22.2475,126.4811,337.5,4.1,1.9,2014-10-31,0232,Terra,MODIS,78,6.2,306.9,172.3,D,0
-22.1222,126.4611,332.1,4.1,1.9,2014-10-31,0232,Terra,MODIS,60,6.2,305.4,110.8,D,0
-22.1182,126.4664,335.1,4.1,1.9,2014-10-31,0232,Terra,MODIS,75,6.2,305.2,145.7,D,0
-22.3925,126.7011,335.9,4.3,1.9,2014-10-31,0232,Terra,MODIS,77,6.2,305.7,157.3,D,0
-22.3905,126.7083,336,4.3,1.9,2014-10-31,0232,Terra,MODIS,78,6.2,305.7,159,D,0
-21.7036,126.1392,333.2,3.8,1.8,2014-10-31,0232,Terra,MODIS,53,6.2,308.7,92.1,D,0
-21.7006,126.1022,335.9,3.8,1.8,2014-10-31,0232,Terra,MODIS,70,6.2,305.8,126.5,D,0
-21.7104,126.1069,330.5,3.8,1.8,2014-10-31,0232,Terra,MODIS,52,6.2,304.1,77.5,D,0
-21.6973,126.1452,331.7,3.8,1.8,2014-10-31,0232,Terra,MODIS,46,6.2,309.8,74,D,0
-21.694,126.1084,331.7,3.8,1.8,2014-10-31,0232,Terra,MODIS,46,6.2,307.3,80.7,D,0
-21.6611,126.1115,334.7,3.8,1.8,2014-10-31,0232,Terra,MODIS,77,6.2,309,106.1,D,0
-21.655,126.1191,334.1,3.8,1.8,2014-10-31,0232,Terra,MODIS,76,6.2,309.1,98.8,D,0
-22.1251,126.5457,327.4,4.1,1.9,2014-10-31,0232,Terra,MODIS,26,6.2,306.5,63.9,D,0
-21.9919,126.5969,342.7,4.1,1.9,2014-10-31,0232,Terra,MODIS,86,6.2,304.3,247.8,D,0
-21.989,126.6039,347.9,4.1,1.9,2014-10-31,0232,Terra,MODIS,91,6.2,304.8,325.4,D,0
-21.9856,126.564,335.1,4.1,1.9,2014-10-31,0232,Terra,MODIS,75,6.2,304.4,149.4,D,0
-21.9719,126.6052,327.1,4.1,1.9,2014-10-31,0232,Terra,MODIS,23,6.2,305.7,73.2,D,0
-21.815,126.6238,338.3,4.1,1.9,2014-10-31,0232,Terra,MODIS,81,6.2,305.6,192.2,D,0
-21.8119,126.584,347.4,4.1,1.9,2014-10-31,0232,Terra,MODIS,90,6.2,304.7,313.6,D,0
-21.8291,126.6297,329.3,4.1,1.9,2014-10-31,0232,Terra,MODIS,55,6.2,303.3,97,D,0
-21.8257,126.5899,342,4.1,1.9,2014-10-31,0232,Terra,MODIS,86,6.2,302.5,243.1,D,0
-21.812,126.6312,331,4.1,1.9,2014-10-31,0232,Terra,MODIS,68,6.2,305.3,114.6,D,0
-21.8087,126.5913,342.7,4.1,1.9,2014-10-31,0232,Terra,MODIS,86,6.2,304.8,248.8,D,0
-21.4133,125.5204,369.8,3.4,1.7,2014-10-31,0232,Terra,MODIS,100,6.2,306.9,570.6,D,0
-21.4104,125.4876,341.2,3.4,1.7,2014-10-31,0232,Terra,MODIS,86,6.2,304.6,153.4,D,0
-21.4223,125.5597,327.2,3.4,1.7,2014-10-31,0232,Terra,MODIS,50,6.2,295.6,38.8,D,0
-21.4192,125.5268,360.8,3.4,1.7,2014-10-31,0232,Terra,MODIS,100,6.2,303.8,412,D,0
-21.416,125.494,348.9,3.4,1.7,2014-10-31,0232,Terra,MODIS,92,6.2,304.5,240.2,D,0
-21.4034,125.5283,335.3,3.4,1.7,2014-10-31,0232,Terra,MODIS,79,6.2,305.5,103.6,D,0
-21.795,126.6326,327,4.1,1.9,2014-10-31,0232,Terra,MODIS,50,6.2,304.8,75.9,D,0
-21.7917,126.6385,326.2,4.1,1.9,2014-10-31,0232,Terra,MODIS,42,6.2,304.6,68,D,0
-21.4848,124.5016,365.5,2.9,1.6,2014-10-31,0232,Terra,MODIS,94,6.2,308.9,374.4,D,0
-21.4702,124.5033,333.5,2.9,1.6,2014-10-31,0232,Terra,MODIS,0,6.2,307.4,58.8,D,0
-21.4837,124.5085,364,2.9,1.6,2014-10-31,0232,Terra,MODIS,94,6.2,308.9,351.6,D,0
-21.481,124.4809,343.2,2.8,1.6,2014-10-31,0232,Terra,MODIS,66,6.2,306.9,127.4,D,0
-21.4692,124.5101,333.9,2.9,1.6,2014-10-31,0232,Terra,MODIS,0,6.2,307.9,62.9,D,0
-21.1552,125.3071,331.1,3.2,1.7,2014-10-31,0232,Terra,MODIS,39,6.2,307.2,62.4,D,0
-21.7325,126.2866,331.5,3.9,1.8,2014-10-31,0232,Terra,MODIS,66,6.2,308.4,77,D,0
-21.727,126.2927,330.5,3.9,1.8,2014-10-31,0232,Terra,MODIS,55,6.2,307.6,65.8,D,0
-21.1523,125.2758,332.2,3.2,1.7,2014-10-31,0232,Terra,MODIS,47,6.2,307.5,68.4,D,0
-22.0497,123.9428,334.1,2.6,1.6,2014-10-31,0232,Terra,MODIS,58,6.2,312.8,53.2,D,0
-22.0356,123.9443,332.5,2.6,1.6,2014-10-31,0232,Terra,MODIS,44,6.2,312.4,41.8,D,0
-22.0454,123.9486,343,2.6,1.6,2014-10-31,0232,Terra,MODIS,86,6.2,313.8,113.5,D,0
-22.9356,124.4292,338.8,2.9,1.6,2014-10-31,0232,Terra,MODIS,82,6.2,313.6,89.1,D,0
-22.9384,124.4579,347.9,3,1.6,2014-10-31,0232,Terra,MODIS,91,6.2,313.7,169.1,D,0
-22.944,124.5158,365,3,1.6,2014-10-31,0232,Terra,MODIS,100,6.2,315.4,383.2,D,0
-22.8985,124.5136,393.8,3,1.6,2014-10-31,0232,Terra,MODIS,100,6.2,312.7,989.2,D,0
-22.9083,124.454,342.9,3,1.6,2014-10-31,0232,Terra,MODIS,75,6.2,306.7,136.8,D,0
-22.9231,124.4526,343.2,3,1.6,2014-10-31,0232,Terra,MODIS,78,6.2,312.8,135.1,D,0
-22.9458,124.5382,341.2,3,1.6,2014-10-31,0232,Terra,MODIS,84,6.2,312.5,118.3,D,0
-22.9241,125.7991,336.6,3.7,1.8,2014-10-31,0232,Terra,MODIS,72,6.2,307.9,126.9,D,0
-23.1178,123.9711,366.3,2.7,1.6,2014-10-31,0232,Terra,MODIS,100,6.2,316.8,358.1,D,0
-23.106,123.9994,373.9,2.8,1.6,2014-10-31,0232,Terra,MODIS,100,6.2,315.8,477.8,D,0
-23.2201,123.4552,343.4,2.5,1.5,2014-10-31,0232,Terra,MODIS,86,6.2,316.1,100.9,D,0
-23.2177,123.4307,333.6,2.5,1.5,2014-10-31,0232,Terra,MODIS,59,6.2,314.8,38.7,D,0
-23.2062,123.4567,363.4,2.5,1.5,2014-10-31,0232,Terra,MODIS,100,6.2,316.5,277,D,0
-23.2501,125.6001,337.9,3.6,1.8,2014-10-31,0232,Terra,MODIS,80,6.2,307.8,114.1,D,0
-23.2531,125.6356,337.5,3.6,1.8,2014-10-31,0232,Terra,MODIS,79,6.2,307.8,109.1,D,0
-23.2039,123.4322,361.6,2.5,1.5,2014-10-31,0232,Terra,MODIS,100,6.2,315.2,255.3,D,0
-23.1924,123.4583,336.6,2.5,1.5,2014-10-31,0232,Terra,MODIS,64,6.2,312.2,58.8,D,0
-23.1786,123.4598,335.7,2.5,1.5,2014-10-31,0232,Terra,MODIS,54,6.2,310.8,58.2,D,0
-23.1035,123.9725,417.6,2.7,1.6,2014-10-31,0232,Terra,MODIS,100,6.2,323.1,1537.5,D,0
-20.488,124.9341,335.6,3,1.6,2014-10-31,0232,Terra,MODIS,81,6.2,305.5,107.8,D,0
-23.2004,123.4642,342.8,2.5,1.5,2014-10-31,0232,Terra,MODIS,85,6.2,314.4,95.6,D,0
-23.1009,123.9457,344.2,2.7,1.6,2014-10-31,0232,Terra,MODIS,87,6.2,313.7,126.5,D,0
-23.0917,124.0009,340.4,2.8,1.6,2014-10-31,0232,Terra,MODIS,83,6.2,310.9,111.7,D,0
-23.0891,123.974,350.4,2.7,1.6,2014-10-31,0232,Terra,MODIS,93,6.2,311.3,189.5,D,0
-23.1979,123.4397,365.9,2.5,1.5,2014-10-31,0232,Terra,MODIS,100,6.2,314.8,302.9,D,0
-23.1841,123.4413,333,2.5,1.5,2014-10-31,0232,Terra,MODIS,34,6.2,312.3,39.2,D,0
-23.7123,126.6731,343,4.4,1.9,2014-10-31,0232,Terra,MODIS,48,6.2,298.2,251.7,D,0
-23.7298,126.6717,353,4.4,1.9,2014-10-31,0232,Terra,MODIS,95,6.2,285.6,428.7,D,0
-23.7332,126.7146,384.4,4.4,1.9,2014-10-31,0232,Terra,MODIS,100,6.2,303.9,1316.7,D,0
-22.9092,124.7906,349.7,3.1,1.7,2014-10-31,0232,Terra,MODIS,93,6.2,312.4,220.8,D,0
-22.9119,124.8211,330.7,3.1,1.7,2014-10-31,0232,Terra,MODIS,24,6.2,310.1,50.8,D,0
-23.507,124.2691,333.2,2.9,1.6,2014-10-31,0232,Terra,MODIS,70,6.2,315.5,54.2,D,0
-22.9021,124.5496,328.9,3,1.6,2014-10-31,0232,Terra,MODIS,47,6.2,307.3,52.2,D,0
-22.9319,124.5465,334,3,1.6,2014-10-31,0232,Terra,MODIS,45,6.2,309.3,63.2,D,0
-22.901,124.5428,349.4,3,1.6,2014-10-31,0232,Terra,MODIS,92,6.2,308.2,216.6,D,0
-22.9216,124.7825,335.8,3.1,1.7,2014-10-31,0232,Terra,MODIS,32,6.2,312.2,91.3,D,0
-20.9867,123.4769,354,2.4,1.5,2014-10-31,0232,Terra,MODIS,96,6.2,309.1,195.4,D,0
-22.9242,124.8129,330.6,3.1,1.7,2014-10-31,0232,Terra,MODIS,66,6.2,310.4,50.8,D,0
-22.916,124.5413,330.9,3,1.6,2014-10-31,0232,Terra,MODIS,51,6.2,309.2,54,D,0
-22.642,120.6005,328.7,1.5,1.2,2014-10-31,0232,Terra,MODIS,36,6.2,312.7,15.7,D,0
-20.4732,124.9357,339.7,3,1.6,2014-10-31,0232,Terra,MODIS,85,6.2,307.1,140.8,D,0
-23.123,123.9923,334.2,2.8,1.6,2014-10-31,0232,Terra,MODIS,57,6.2,314.6,59.7,D,0
-23.1206,123.9653,342.4,2.7,1.6,2014-10-31,0232,Terra,MODIS,85,6.2,315.6,112.7,D,0
-20.9843,123.4543,349,2.3,1.5,2014-10-31,0232,Terra,MODIS,86,6.2,308.7,143.1,D,0
-20.9819,123.4319,357.3,2.3,1.5,2014-10-31,0232,Terra,MODIS,98,6.2,304.1,214.9,D,0
-23.1204,123.998,342.4,2.8,1.6,2014-10-31,0232,Terra,MODIS,85,6.2,314.1,116,D,0
-20.9733,123.4785,342.7,2.4,1.5,2014-10-31,0232,Terra,MODIS,88,6.2,307.7,118.4,D,0
-22.9309,124.5397,347.2,3,1.6,2014-10-31,0232,Terra,MODIS,90,6.2,310.2,178.8,D,0
-22.9373,125.7617,333.2,3.7,1.8,2014-10-31,0232,Terra,MODIS,53,6.2,308.2,85,D,0
-20.9709,123.4559,334,2.3,1.5,2014-10-31,0232,Terra,MODIS,56,6.2,305.8,60.8,D,0
-20.9685,123.4334,344.6,2.3,1.5,2014-10-31,0232,Terra,MODIS,89,6.2,307.8,123.3,D,0
-20.9552,123.4349,331.6,2.3,1.5,2014-10-31,0232,Terra,MODIS,71,6.2,306.7,58.7,D,0
-20.9662,123.411,341.3,2.3,1.5,2014-10-31,0232,Terra,MODIS,86,6.2,299.9,100.3,D,0
-22.915,125.7948,330.1,3.7,1.8,2014-10-31,0232,Terra,MODIS,62,6.2,306,64.6,D,0
-20.9795,123.4094,342.4,2.3,1.5,2014-10-31,0232,Terra,MODIS,87,6.2,301.7,102.1,D,0
-20.9883,123.4017,393.5,2.3,1.5,2014-10-31,0232,Terra,MODIS,100,6.2,309.7,683.8,D,0
-21.0062,123.4064,383.2,2.3,1.5,2014-10-31,0232,Terra,MODIS,100,6.2,310.5,510.2,D,0
-21.0195,123.4048,337.3,2.3,1.5,2014-10-31,0232,Terra,MODIS,82,6.2,305.4,69.2,D,0
-20.2199,122.8592,377.7,2.1,1.4,2014-10-31,0232,Terra,MODIS,100,6.2,311.8,361.6,D,0
-21.6736,121.9535,353.3,1.9,1.3,2014-10-31,0232,Terra,MODIS,80,6.2,292.6,130.7,D,0
-20.2221,122.879,351,2.1,1.4,2014-10-31,0232,Terra,MODIS,94,6.2,308.2,128.2,D,0
-21.7025,121.9443,331.1,1.9,1.3,2014-10-31,0232,Terra,MODIS,44,6.2,294.2,30.6,D,0
-21.7045,121.9622,333.3,1.9,1.3,2014-10-31,0232,Terra,MODIS,69,6.2,290.7,36.9,D,0
-20.2326,122.8578,334.1,2.1,1.4,2014-10-31,0232,Terra,MODIS,78,6.2,309.9,42.1,D,0
-20.2347,122.8775,337.6,2.1,1.4,2014-10-31,0232,Terra,MODIS,83,6.2,307.5,53.6,D,0
-21.6072,122.0162,346.7,1.9,1.3,2014-10-31,0232,Terra,MODIS,74,6.2,282.3,97,D,0
-21.6052,121.998,349.7,1.9,1.3,2014-10-31,0232,Terra,MODIS,70,6.2,281.8,109.9,D,0
-21.6294,121.9951,365.4,1.9,1.3,2014-10-31,0232,Terra,MODIS,75,6.2,285.3,209.8,D,0
-20.2474,122.8761,334.2,2.1,1.4,2014-10-31,0232,Terra,MODIS,76,6.2,307.1,37.2,D,0
-20.2094,122.8805,332.3,2.1,1.4,2014-10-31,0232,Terra,MODIS,43,6.2,308.2,38.3,D,0
-20.2073,122.8608,365.4,2.1,1.4,2014-10-31,0232,Terra,MODIS,100,6.2,310.3,243.1,D,0
-21.6153,121.9786,351.1,1.9,1.3,2014-10-31,0232,Terra,MODIS,64,6.2,287,122.5,D,0
-21.6314,122.0131,349,1.9,1.3,2014-10-31,0232,Terra,MODIS,56,6.2,280.1,106.3,D,0
-21.6092,122.0344,334.1,1.9,1.3,2014-10-31,0232,Terra,MODIS,51,6.2,283.5,44.2,D,0
-20.5147,122.2251,327.7,1.9,1.3,2014-10-31,0232,Terra,MODIS,24,6.2,293.2,33.8,D,0
-20.2322,122.8646,341.5,2.1,1.4,2014-10-31,0232,Terra,MODIS,86,6.2,309.5,75.8,D,0
-21.6193,122.0147,347.4,1.9,1.3,2014-10-31,0232,Terra,MODIS,68,6.2,280.6,100.8,D,0
-20.2195,122.866,388.4,2.1,1.4,2014-10-31,0232,Terra,MODIS,100,6.2,312.8,500.5,D,0
-21.0172,123.4209,358.5,2.3,1.5,2014-10-31,0232,Terra,MODIS,99,6.2,298.9,215.3,D,0
-21.015,123.3986,342,2.3,1.5,2014-10-31,0232,Terra,MODIS,87,6.2,310,95.7,D,0
-20.2173,122.8464,338.6,2.1,1.4,2014-10-31,0232,Terra,MODIS,83,6.2,309.2,67,D,0
-20.2069,122.8676,363.3,2.1,1.4,2014-10-31,0232,Terra,MODIS,100,6.2,309.9,229.7,D,0
-20.2047,122.8478,337.8,2.1,1.4,2014-10-31,0232,Terra,MODIS,83,6.2,308.5,67.8,D,0
-20.9928,123.4079,406.2,2.3,1.5,2014-10-31,0232,Terra,MODIS,100,6.2,306.6,942.3,D,0
-21.4515,122.1408,334.4,1.9,1.3,2014-10-31,0232,Terra,MODIS,54,6.2,310.9,36.4,D,0
-21.0086,123.4287,377,2.3,1.5,2014-10-31,0232,Terra,MODIS,100,6.2,302.7,423.8,D,0
-21.0039,123.4226,386,2.3,1.5,2014-10-31,0232,Terra,MODIS,100,6.2,304,549.4,D,0
-20.9953,123.4303,359.5,2.3,1.5,2014-10-31,0232,Terra,MODIS,99,6.2,296,229.1,D,0
-21.0016,123.4002,365.4,2.3,1.5,2014-10-31,0232,Terra,MODIS,100,6.2,310.3,286.4,D,0
-21.6536,121.9923,331.2,1.9,1.3,2014-10-31,0232,Terra,MODIS,35,6.2,279.2,29.5,D,0
-20.9977,123.4528,351,2.3,1.5,2014-10-31,0232,Terra,MODIS,81,6.2,309.2,164.3,D,0
-20.995,123.4693,349.1,2.4,1.5,2014-10-31,0232,Terra,MODIS,70,6.2,310.9,145,D,0
-20.9904,123.3856,357.6,2.3,1.5,2014-10-31,0232,Terra,MODIS,98,6.2,308.3,209.1,D,0
-20.9928,123.4467,353.7,2.3,1.5,2014-10-31,0232,Terra,MODIS,96,6.2,304.7,182.6,D,0
-21.6173,121.9966,350.1,1.9,1.3,2014-10-31,0232,Terra,MODIS,65,6.2,281.6,114.1,D,0
-20.9905,123.4242,361.6,2.3,1.5,2014-10-31,0232,Terra,MODIS,100,6.2,297.8,248.3,D,0
-21.022,123.4271,336.3,2.3,1.5,2014-10-31,0232,Terra,MODIS,76,6.2,294.1,57.2,D,0
-21.6415,121.9937,340.6,1.9,1.3,2014-10-31,0232,Terra,MODIS,63,6.2,278.5,64.9,D,0
-21.6213,122.0328,341.3,1.9,1.3,2014-10-31,0232,Terra,MODIS,59,6.2,285.7,72.2,D,0
-23.984,123.7376,355.8,2.7,1.6,2014-10-31,0233,Terra,MODIS,97,6.2,312.5,226.6,D,0
-23.979,123.6847,356,2.7,1.6,2014-10-31,0233,Terra,MODIS,97,6.2,314.8,228.3,D,0
-23.9968,123.6773,343,2.7,1.6,2014-10-31,0233,Terra,MODIS,85,6.2,314.4,109,D,0
-24.879,122.4602,336.9,2.2,1.5,2014-10-31,0233,Terra,MODIS,65,6.2,316,46.6,D,0
-23.9992,123.7037,370,2.7,1.6,2014-10-31,0233,Terra,MODIS,100,6.2,316.8,395.4,D,0
-24.8821,122.4665,334.8,2.2,1.5,2014-10-31,0233,Terra,MODIS,62,6.2,315.9,40.6,D,0
-23.7439,126.628,327.5,4.3,1.9,2014-10-31,0233,Terra,MODIS,26,6.2,286.2,82.9,D,0
-23.7614,126.6267,353.8,4.3,1.9,2014-10-31,0233,Terra,MODIS,95,6.2,291.7,469.7,D,0
-23.7627,126.6216,338.2,4.3,1.9,2014-10-31,0233,Terra,MODIS,72,6.2,292.1,223.3,D,0
-24.051,126.1566,335.4,4.1,1.9,2014-10-31,0233,Terra,MODIS,74,6.2,308.6,116.8,D,0
-24.8811,122.4827,339.9,2.3,1.5,2014-10-31,0233,Terra,MODIS,82,6.2,316.5,58.1,D,0
-24.0472,126.1629,334.1,4.1,1.9,2014-10-31,0233,Terra,MODIS,65,6.2,308.3,100.6,D,0
-24.9982,122.624,333.3,2.3,1.5,2014-10-31,0233,Terra,MODIS,32,6.2,316.5,35.6,D,0
-24.0074,123.6817,335.6,2.7,1.6,2014-10-31,0233,Terra,MODIS,75,6.2,314.3,60,D,0
-23.9957,123.7096,385.6,2.7,1.6,2014-10-31,0233,Terra,MODIS,100,6.2,317.2,656.1,D,0
-24.8689,122.4679,352.6,2.2,1.5,2014-10-31,0233,Terra,MODIS,94,6.2,315,146.8,D,0
-24.8558,122.4694,358.6,2.2,1.5,2014-10-31,0233,Terra,MODIS,99,6.2,312.7,198.2,D,0
-23.9932,123.6832,352.7,2.7,1.6,2014-10-31,0233,Terra,MODIS,94,6.2,315.3,193.8,D,0
-23.9815,123.7111,451.7,2.7,1.6,2014-10-31,0233,Terra,MODIS,100,6.2,329.8,3009.1,D,0
-23.9143,126.2624,328.4,4.1,1.9,2014-10-31,0233,Terra,MODIS,37,6.2,305.2,77.4,D,0
-24.9426,122.7061,339.1,2.3,1.5,2014-10-31,0233,Terra,MODIS,80,6.2,313.7,72.5,D,0
-24.8712,122.4904,344.3,2.3,1.5,2014-10-31,0233,Terra,MODIS,87,6.2,314,88.8,D,0
-26.2271,121.1653,340.1,1.9,1.3,2014-10-31,0233,Terra,MODIS,83,6.2,315.5,59.2,D,0
-26.229,121.1842,334.3,1.9,1.3,2014-10-31,0233,Terra,MODIS,61,6.2,318.3,34.4,D,0
-26.2233,121.1724,339,1.9,1.3,2014-10-31,0233,Terra,MODIS,75,6.2,316.7,50.3,D,0
-26.586,124.1179,347.3,3.1,1.7,2014-10-31,0233,Terra,MODIS,90,6.2,312.5,189.5,D,0
-26.6011,124.1163,327.6,3.1,1.7,2014-10-31,0233,Terra,MODIS,24,6.2,311.9,30.4,D,0
-26.5839,124.1128,345.6,3.1,1.7,2014-10-31,0233,Terra,MODIS,89,6.2,312.5,175.5,D,0
-26.599,124.1111,329.6,3.1,1.7,2014-10-31,0233,Terra,MODIS,63,6.2,312.1,47.5,D,0
-24.0573,125.2878,362.1,3.5,1.8,2014-10-31,0233,Terra,MODIS,100,6.2,312.6,434.5,D,0
-24.1399,123.6287,339.9,2.7,1.6,2014-10-31,0233,Terra,MODIS,82,6.2,315.5,74.1,D,0
-25.2464,121.378,380.1,1.9,1.3,2014-10-31,0233,Terra,MODIS,100,6.2,318,337.5,D,0
-25.2788,121.2922,358.5,1.9,1.3,2014-10-31,0233,Terra,MODIS,99,6.2,315.5,149.6,D,0
-25.2909,121.2907,347.3,1.9,1.3,2014-10-31,0233,Terra,MODIS,90,6.2,317.9,81.2,D,0
-25.3111,121.2507,338.4,1.9,1.3,2014-10-31,0233,Terra,MODIS,76,6.2,319.8,39.9,D,0
-25.3131,121.2692,337.1,1.9,1.3,2014-10-31,0233,Terra,MODIS,64,6.2,316.9,35.8,D,0
-25.3175,121.262,342.9,1.9,1.3,2014-10-31,0233,Terra,MODIS,85,6.2,318.9,58.6,D,0
-25.861,125.442,342.9,3.8,1.8,2014-10-31,0233,Terra,MODIS,86,6.2,310.2,200.6,D,0
-24.1205,122.8602,333.2,2.3,1.5,2014-10-31,0233,Terra,MODIS,18,6.2,314.6,32.5,D,0
-24.8611,125.8392,346.8,3.9,1.8,2014-10-31,0233,Terra,MODIS,90,6.2,310.9,251,D,0
-24.8642,125.878,352.7,3.9,1.8,2014-10-31,0233,Terra,MODIS,95,6.2,308.3,350.6,D,0
-24.8491,125.8335,333.3,3.9,1.8,2014-10-31,0233,Terra,MODIS,57,6.2,310.9,92.3,D,0
-25.3168,121.376,333.6,1.9,1.3,2014-10-31,0233,Terra,MODIS,53,6.2,317.7,28.1,D,0
-23.6972,126.0586,338.5,3.9,1.8,2014-10-31,0233,Terra,MODIS,80,6.2,309.2,156.1,D,0
-23.7659,126.664,384.3,4.4,1.9,2014-10-31,0233,Terra,MODIS,100,6.2,298.1,1332.9,D,0
-23.7516,126.708,360.1,4.4,1.9,2014-10-31,0233,Terra,MODIS,95,6.2,297.7,606,D,0
-23.7484,126.6654,375.6,4.4,1.9,2014-10-31,0233,Terra,MODIS,100,6.2,291.3,1019.1,D,0
-25.303,121.4036,372.8,1.9,1.3,2014-10-31,0233,Terra,MODIS,100,6.2,317.9,263.9,D,0
-25.3009,121.3845,341.7,1.9,1.3,2014-10-31,0233,Terra,MODIS,84,6.2,317.6,58.3,D,0
-23.734,126.7096,386.7,4.4,1.9,2014-10-31,0233,Terra,MODIS,100,6.2,303.3,1399.1,D,0
-23.7309,126.6668,342.8,4.4,1.9,2014-10-31,0233,Terra,MODIS,86,6.2,282.1,252.1,D,0
-24.852,125.8722,347.1,3.9,1.8,2014-10-31,0233,Terra,MODIS,90,6.2,310.6,268.2,D,0
-24.8658,125.8322,335.5,3.9,1.8,2014-10-31,0233,Terra,MODIS,65,6.2,310.3,116.3,D,0
-24.8688,125.8709,353.2,3.9,1.8,2014-10-31,0233,Terra,MODIS,95,6.2,308.3,365.8,D,0
-23.7648,126.669,386,4.4,1.9,2014-10-31,0233,Terra,MODIS,100,6.2,298.6,1392,D,0
-23.7507,126.7131,363.3,4.4,1.9,2014-10-31,0233,Terra,MODIS,100,6.2,298.3,684.8,D,0
-23.7473,126.6703,364.1,4.4,1.9,2014-10-31,0233,Terra,MODIS,100,6.2,289.9,688.2,D,0
-25.269,121.1998,346,1.8,1.3,2014-10-31,0233,Terra,MODIS,89,6.2,318.8,74.4,D,0
-24.0485,125.2948,346.3,3.5,1.8,2014-10-31,0233,Terra,MODIS,89,6.2,310.9,207.1,D,0
-24.0644,125.2933,343.9,3.5,1.8,2014-10-31,0233,Terra,MODIS,86,6.2,311.3,174.6,D,0
-26.186,124.983,327.1,3.5,1.8,2014-10-31,0233,Terra,MODIS,28,6.2,302.7,53.2,D,0
-26.1908,124.9539,336.8,3.5,1.8,2014-10-31,0233,Terra,MODIS,78,6.2,303.6,135.4,D,0
-25.8775,125.4408,376.6,3.8,1.8,2014-10-31,0233,Terra,MODIS,100,6.2,310.6,827.5,D,0
-25.8747,125.4029,336,3.8,1.8,2014-10-31,0233,Terra,MODIS,77,6.2,311,110.8,D,0
-25.8521,125.4118,334.7,3.8,1.8,2014-10-31,0233,Terra,MODIS,75,6.2,310.8,99.7,D,0
-25.8686,125.4105,354,3.8,1.8,2014-10-31,0233,Terra,MODIS,96,6.2,312.4,344.9,D,0
-25.3608,121.7127,334.2,2,1.4,2014-10-31,0233,Terra,MODIS,70,6.2,317.5,31,D,0
-25.8715,125.4482,381.3,3.8,1.8,2014-10-31,0233,Terra,MODIS,100,6.2,311.2,959,D,0
-25.224,121.3559,333.2,1.9,1.3,2014-10-31,0233,Terra,MODIS,48,6.2,313.8,33,D,0
-25.2362,121.3544,350.9,1.9,1.3,2014-10-31,0233,Terra,MODIS,93,6.2,317.7,106.2,D,0
-25.2381,121.3733,368.9,1.9,1.3,2014-10-31,0233,Terra,MODIS,100,6.2,317.6,231.2,D,0
-25.2503,121.3719,375.8,1.9,1.3,2014-10-31,0233,Terra,MODIS,100,6.2,319.3,292.8,D,0
-25.8583,125.4044,342.6,3.8,1.8,2014-10-31,0233,Terra,MODIS,86,6.2,311.9,185.3,D,0
-25.3642,121.7257,332.6,2,1.4,2014-10-31,0233,Terra,MODIS,59,6.2,318.2,25.9,D,0
-25.2624,121.3703,339.3,1.9,1.3,2014-10-31,0233,Terra,MODIS,61,6.2,316.1,50,D,0
-25.22,121.3619,337.6,1.9,1.3,2014-10-31,0233,Terra,MODIS,78,6.2,313.5,54.3,D,0
-25.2322,121.3605,359.7,1.9,1.3,2014-10-31,0233,Terra,MODIS,99,6.2,316.7,166,D,0
-25.2342,121.3794,342.2,1.9,1.3,2014-10-31,0233,Terra,MODIS,84,6.2,312.5,69.6,D,0
-25.2443,121.3591,355.5,1.9,1.3,2014-10-31,0233,Terra,MODIS,97,6.2,320,135.4,D,0
-28.2116,125.878,331.4,4.3,1.9,2014-10-31,0234,Terra,MODIS,75,6.2,310.6,114,D,0
-28.2277,125.8837,335.1,4.3,1.9,2014-10-31,0234,Terra,MODIS,80,6.2,311.9,152.8,D,0
-28.2289,125.8765,333.2,4.3,1.9,2014-10-31,0234,Terra,MODIS,77,6.2,311.9,134.1,D,0
-28.2103,125.8851,329.2,4.3,1.9,2014-10-31,0234,Terra,MODIS,70,6.2,310.1,89.2,D,0
-32.8282,116.4634,315.3,1.2,1.1,2014-10-31,0235,Terra,MODIS,63,6.2,303.9,8,D,0
-31.8614,115.889,320.3,1.1,1.1,2014-10-31,0235,Terra,MODIS,58,6.2,301.3,7.7,D,0
-31.9097,116.0077,315,1.1,1.1,2014-10-31,0235,Terra,MODIS,43,6.2,300.7,5.2,D,0
-31.967,115.9978,317.4,1.1,1.1,2014-10-31,0235,Terra,MODIS,35,6.2,301.7,5.6,D,0
-31.8617,115.8172,315.8,1.1,1,2014-10-31,0235,Terra,MODIS,46,6.2,302.1,5,D,0
-33.3381,115.6489,315.1,1.1,1.1,2014-10-31,0235,Terra,MODIS,35,6.2,298.7,5.9,D,0
-32.7778,116.2136,313.7,1.2,1.1,2014-10-31,0235,Terra,MODIS,56,6.2,296.6,12.6,D,0
-31.9939,115.9503,320.1,1.1,1.1,2014-10-31,0235,Terra,MODIS,17,6.2,301.8,7.7,D,0
-31.7954,115.8285,317.9,1.1,1,2014-10-31,0235,Terra,MODIS,29,6.2,301.2,6.4,D,0
-31.9924,115.9384,320.1,1.1,1.1,2014-10-31,0235,Terra,MODIS,45,6.2,300.1,7.5,D,0
-32.0963,115.8061,320.6,1.1,1,2014-10-31,0235,Terra,MODIS,54,6.2,299.9,10.4,D,0
-31.9033,115.804,317.1,1.1,1,2014-10-31,0235,Terra,MODIS,23,6.2,300.4,6.6,D,0
-31.9578,115.9267,317.5,1.1,1.1,2014-10-31,0235,Terra,MODIS,38,6.2,301.9,5.7,D,0
-32.7681,116.2152,311.3,1.2,1.1,2014-10-31,0235,Terra,MODIS,35,6.2,296.3,10.1,D,0
-32.0613,115.794,315.6,1.1,1,2014-10-31,0235,Terra,MODIS,47,6.2,299.5,4.7,D,0
-31.9047,115.8157,319.5,1.1,1,2014-10-31,0235,Terra,MODIS,52,6.2,299.8,9,D,0
-31.3625,115.7226,328.7,1.1,1,2014-10-31,0235,Terra,MODIS,82,6.2,308.9,20.9,D,0
-32.0591,115.927,318.9,1.1,1.1,2014-10-31,0235,Terra,MODIS,17,6.2,300.4,6.1,D,0
-31.9909,115.9266,319.7,1.1,1.1,2014-10-31,0235,Terra,MODIS,34,6.2,301.4,6.9,D,0
-32.1244,115.8736,316.4,1.1,1.1,2014-10-31,0235,Terra,MODIS,56,6.2,300.7,6,D,0
-31.3639,115.734,323,1.1,1,2014-10-31,0235,Terra,MODIS,68,6.2,304.5,13.2,D,0
-32.8426,150.8856,322.9,1.4,1.2,2014-10-31,0335,Aqua,MODIS,44,6.2,304.6,18,D,0
-31.0767,152.1375,347.9,1.2,1.1,2014-10-31,0335,Aqua,MODIS,93,6.2,309.4,58.8,D,0
-31.0781,152.1263,332.2,1.2,1.1,2014-10-31,0335,Aqua,MODIS,75,6.2,307.9,25,D,0
-31.0671,152.1352,335.5,1.2,1.1,2014-10-31,0335,Aqua,MODIS,84,6.2,308.8,32.4,D,0
-31.0603,152.1103,323.6,1.2,1.1,2014-10-31,0335,Aqua,MODIS,62,6.2,309.9,12.4,D,0
-32.3342,152.1515,335.2,1.2,1.1,2014-10-31,0335,Aqua,MODIS,83,6.2,304.6,37.9,D,0
-32.0825,151.8839,328.8,1.2,1.1,2014-10-31,0335,Aqua,MODIS,70,6.2,312.2,16.5,D,0
-31.0507,152.1076,353.1,1.2,1.1,2014-10-31,0335,Aqua,MODIS,96,6.2,311.6,70.5,D,0
-31.0521,152.096,336.1,1.2,1.1,2014-10-31,0335,Aqua,MODIS,85,6.2,310.9,29.7,D,0
-31.6611,151.6679,332,1.2,1.1,2014-10-31,0335,Aqua,MODIS,29,6.2,309.1,23.1,D,0
-31.6628,151.6539,330.1,1.2,1.1,2014-10-31,0335,Aqua,MODIS,32,6.2,310,21.8,D,0
-31.6483,151.6908,330,1.2,1.1,2014-10-31,0335,Aqua,MODIS,34,6.2,314.8,18.1,D,0
-31.6513,151.6645,342.4,1.2,1.1,2014-10-31,0335,Aqua,MODIS,90,6.2,313.9,45.6,D,0
-32.0255,152.3619,317.9,1.2,1.1,2014-10-31,0335,Aqua,MODIS,47,6.2,303.3,11.1,D,0
-32.0158,152.3601,341.1,1.2,1.1,2014-10-31,0335,Aqua,MODIS,89,6.2,304.3,46.6,D,0
-31.7883,151.6274,328.7,1.2,1.1,2014-10-31,0335,Aqua,MODIS,40,6.2,311.2,17.7,D,0
-31.7898,151.6142,331.2,1.2,1.1,2014-10-31,0335,Aqua,MODIS,68,6.2,309.7,23.5,D,0
-31.7666,151.6376,342.5,1.2,1.1,2014-10-31,0335,Aqua,MODIS,90,6.2,313.7,40.1,D,0
-31.7797,151.6134,332.5,1.2,1.1,2014-10-31,0335,Aqua,MODIS,61,6.2,309,23,D,0
-31.9183,151.7271,322,1.2,1.1,2014-10-31,0335,Aqua,MODIS,46,6.2,310,12.5,D,0
-29.5243,152.3495,319.4,1.1,1,2014-10-31,0336,Aqua,MODIS,35,6.2,302,13.6,D,0
-28.6184,152.3114,347.3,1.1,1,2014-10-31,0336,Aqua,MODIS,78,6.2,307.4,46,D,0
-28.8186,151.9152,348.7,1.1,1.1,2014-10-31,0336,Aqua,MODIS,82,6.2,308.1,54.2,D,0
-30.6978,152.5137,323,1.1,1,2014-10-31,0336,Aqua,MODIS,64,6.2,303.4,13.5,D,0
-28.8157,151.9386,349.5,1.1,1.1,2014-10-31,0336,Aqua,MODIS,94,6.2,310.8,55.9,D,0
-28.6212,152.2891,350.4,1.1,1,2014-10-31,0336,Aqua,MODIS,95,6.2,309.1,52.5,D,0
-28.5444,152.328,331.9,1.1,1,2014-10-31,0336,Aqua,MODIS,38,6.2,305.2,23.2,D,0
-28.5336,152.3374,336.7,1.1,1,2014-10-31,0336,Aqua,MODIS,79,6.2,303.9,32.6,D,0
-28.8296,151.9052,337.8,1.1,1.1,2014-10-31,0336,Aqua,MODIS,61,6.2,301.4,31.8,D,0
-28.8237,151.9514,333.7,1.1,1.1,2014-10-31,0336,Aqua,MODIS,29,6.2,307.8,24.2,D,0
-28.8113,151.9732,339.2,1.1,1.1,2014-10-31,0336,Aqua,MODIS,74,6.2,303.8,34.9,D,0
-28.8282,151.9168,336.8,1.1,1.1,2014-10-31,0336,Aqua,MODIS,47,6.2,301.7,29.3,D,0
-29.5445,152.3005,426.8,1.1,1,2014-10-31,0336,Aqua,MODIS,75,6.2,298.1,508.6,D,0
-29.61,152.2404,322.3,1.1,1,2014-10-31,0336,Aqua,MODIS,36,6.2,298.2,15.5,D,0
-29.5459,152.2892,431.3,1.1,1,2014-10-31,0336,Aqua,MODIS,94,6.2,318.1,559.1,D,0
-29.2967,152.8779,317.5,1.1,1,2014-10-31,0336,Aqua,MODIS,26,6.2,302.1,5.4,D,0
-29.6407,152.3441,324.2,1.1,1,2014-10-31,0336,Aqua,MODIS,67,6.2,302,16.3,D,0
-27.0026,152.6288,327.9,1,1,2014-10-31,0336,Aqua,MODIS,58,6.2,305.6,16.7,D,0
-27.2968,152.1347,342,1.1,1,2014-10-31,0336,Aqua,MODIS,64,6.2,303,42.3,D,0
-27.3075,152.1254,326,1.1,1,2014-10-31,0336,Aqua,MODIS,35,6.2,297.7,16.9,D,0
-28.8252,151.94,337.5,1.1,1.1,2014-10-31,0336,Aqua,MODIS,66,6.2,306.8,30.4,D,0
-29.1969,152.6029,346.8,1.1,1,2014-10-31,0336,Aqua,MODIS,87,6.2,302.7,49,D,0
-28.8421,151.8836,369.1,1.1,1.1,2014-10-31,0336,Aqua,MODIS,100,6.2,304.2,114.7,D,0
-28.8556,151.8793,334,1.1,1.1,2014-10-31,0336,Aqua,MODIS,52,6.2,308.5,22.4,D,0
-29.9249,152.4913,322.7,1.1,1,2014-10-31,0336,Aqua,MODIS,69,6.2,304.5,13.3,D,0
-29.9155,152.4896,326.6,1.1,1,2014-10-31,0336,Aqua,MODIS,75,6.2,304,17.2,D,0
-26.3877,149.543,336.2,1.4,1.2,2014-10-31,0337,Aqua,MODIS,84,6.2,313,28.9,D,0
-25.5876,150.8457,328.9,1.2,1.1,2014-10-31,0337,Aqua,MODIS,31,6.2,309.2,14,D,0
-25.2475,147.489,346.9,1.8,1.3,2014-10-31,0337,Aqua,MODIS,92,6.2,303,111.8,D,0
-24.0112,149.2147,325.8,1.4,1.2,2014-10-31,0337,Aqua,MODIS,56,6.2,308.6,16,D,0
-24.0128,149.2016,336.8,1.4,1.2,2014-10-31,0337,Aqua,MODIS,83,6.2,306.1,39.8,D,0
-24.0008,149.2132,332.6,1.4,1.2,2014-10-31,0337,Aqua,MODIS,75,6.2,307.8,27.5,D,0
-24.0024,149.2,347,1.4,1.2,2014-10-31,0337,Aqua,MODIS,92,6.2,307.9,66.3,D,0
-23.9919,149.1985,335.7,1.4,1.2,2014-10-31,0337,Aqua,MODIS,82,6.2,307.5,36.5,D,0
-24.3992,146.233,331.6,2.2,1.4,2014-10-31,0337,Aqua,MODIS,75,6.2,305.7,55.4,D,0
-24.4014,146.2107,329.4,2.2,1.4,2014-10-31,0337,Aqua,MODIS,70,6.2,308.7,47.6,D,0
-24.3884,146.2089,330.7,2.2,1.4,2014-10-31,0337,Aqua,MODIS,73,6.2,309.4,52.6,D,0
-24.4017,146.2284,338.7,2.2,1.4,2014-10-31,0337,Aqua,MODIS,84,6.2,306.7,85.5,D,0
-24.391,146.2043,328,2.2,1.4,2014-10-31,0337,Aqua,MODIS,66,6.2,310.6,40.6,D,0
-24.3775,146.8343,350.6,2,1.4,2014-10-31,0337,Aqua,MODIS,94,6.2,308.7,131.5,D,0
-24.3796,146.8147,350.1,2,1.4,2014-10-31,0337,Aqua,MODIS,94,6.2,310.2,128,D,0
-24.793,147.2068,348.8,1.9,1.3,2014-10-31,0337,Aqua,MODIS,93,6.2,302.8,126.6,D,0
-24.807,152.3735,320.1,1,1,2014-10-31,0337,Aqua,MODIS,0,6.2,299.6,7.6,D,0
-25.6953,151.6968,330.9,1.1,1,2014-10-31,0337,Aqua,MODIS,62,6.2,312.5,12.7,D,0
-25.686,151.6952,335.1,1.1,1,2014-10-31,0337,Aqua,MODIS,81,6.2,315.1,18.1,D,0
-25.2299,147.4801,368.9,1.8,1.3,2014-10-31,0337,Aqua,MODIS,100,6.2,307.6,250.2,D,0
-25.3599,148.3782,337.7,1.6,1.2,2014-10-31,0337,Aqua,MODIS,76,6.2,293.3,64.4,D,0
-24.4253,146.2354,361.2,2.2,1.4,2014-10-31,0337,Aqua,MODIS,100,6.2,308.7,238.9,D,0
-24.4274,146.2134,371.1,2.2,1.4,2014-10-31,0337,Aqua,MODIS,100,6.2,309.7,337.7,D,0
-24.4122,146.2342,352,2.2,1.4,2014-10-31,0337,Aqua,MODIS,95,6.2,308,166.7,D,0
-24.4144,146.2121,351.5,2.2,1.4,2014-10-31,0337,Aqua,MODIS,94,6.2,308.4,164.9,D,0
-25.2419,147.4816,390.3,1.8,1.3,2014-10-31,0337,Aqua,MODIS,100,6.2,309.5,462.4,D,0
-25.2279,147.4985,339.6,1.8,1.3,2014-10-31,0337,Aqua,MODIS,87,6.2,303.3,79.7,D,0
-25.2399,147.4999,343.2,1.8,1.3,2014-10-31,0337,Aqua,MODIS,90,6.2,302.7,94.1,D,0
-25.2493,147.4707,325.8,1.8,1.3,2014-10-31,0337,Aqua,MODIS,70,6.2,301.1,36.3,D,0
-25.5832,150.8805,379.3,1.2,1.1,2014-10-31,0337,Aqua,MODIS,100,6.2,312.9,164.5,D,0
-25.5817,150.8918,354.3,1.2,1.1,2014-10-31,0337,Aqua,MODIS,96,6.2,305.5,67.5,D,0
-25.575,150.8675,347.7,1.2,1.1,2014-10-31,0337,Aqua,MODIS,92,6.2,310.6,47.7,D,0
-25.5765,150.8559,331.3,1.2,1.1,2014-10-31,0337,Aqua,MODIS,60,6.2,309,14.8,D,0
-25.5474,150.8515,326.4,1.2,1.1,2014-10-31,0337,Aqua,MODIS,50,6.2,307.3,7.9,D,0
-25.5735,150.879,343.8,1.2,1.1,2014-10-31,0337,Aqua,MODIS,89,6.2,310.2,39.1,D,0
-25.5721,150.8904,332.4,1.2,1.1,2014-10-31,0337,Aqua,MODIS,77,6.2,308.3,16.9,D,0
-25.5847,150.869,421.8,1.2,1.1,2014-10-31,0337,Aqua,MODIS,100,6.2,317.8,486.1,D,0
-25.5861,150.8574,366.3,1.2,1.1,2014-10-31,0337,Aqua,MODIS,100,6.2,312.3,109.1,D,0
-24.4356,146.7882,332.7,2,1.4,2014-10-31,0337,Aqua,MODIS,78,6.2,306.5,53.7,D,0
-24.4377,146.7681,327.7,2,1.4,2014-10-31,0337,Aqua,MODIS,69,6.2,305,34.6,D,0
-24.4212,146.8066,341,2,1.4,2014-10-31,0337,Aqua,MODIS,87,6.2,305.9,84.9,D,0
-24.4231,146.7869,343.8,2,1.4,2014-10-31,0337,Aqua,MODIS,89,6.2,308.4,99.1,D,0
-24.4251,146.7671,380.6,2,1.4,2014-10-31,0337,Aqua,MODIS,100,6.2,311.1,391.3,D,0
-24.4271,146.7469,341.9,2,1.4,2014-10-31,0337,Aqua,MODIS,88,6.2,307.1,88.4,D,0
-24.4087,146.8052,367.8,2,1.4,2014-10-31,0337,Aqua,MODIS,100,6.2,308.2,255,D,0
-24.4107,146.7855,336.3,2,1.4,2014-10-31,0337,Aqua,MODIS,79,6.2,309.3,57.2,D,0
-24.4126,146.7657,368.4,2,1.4,2014-10-31,0337,Aqua,MODIS,100,6.2,310.8,262.9,D,0
-24.4146,146.7455,346.7,2,1.4,2014-10-31,0337,Aqua,MODIS,91,6.2,308.2,112.3,D,0
-24.4165,146.7255,327,2,1.4,2014-10-31,0337,Aqua,MODIS,67,6.2,306.8,28.5,D,0
-24.4315,146.801,329,2,1.4,2014-10-31,0337,Aqua,MODIS,71,6.2,305.6,36,D,0
-24.4336,146.7812,332,2,1.4,2014-10-31,0337,Aqua,MODIS,76,6.2,306.6,46.2,D,0
-24.4357,146.7612,325.5,2,1.4,2014-10-31,0337,Aqua,MODIS,29,6.2,304.9,22.5,D,0
-24.419,146.7998,347.4,2,1.4,2014-10-31,0337,Aqua,MODIS,92,6.2,307,112.2,D,0
-24.4211,146.7801,364,2,1.4,2014-10-31,0337,Aqua,MODIS,100,6.2,310.1,222.7,D,0
-24.4232,146.7601,395.2,2,1.4,2014-10-31,0337,Aqua,MODIS,100,6.2,311.9,581.8,D,0
-24.4045,146.8177,345.2,2,1.4,2014-10-31,0337,Aqua,MODIS,90,6.2,306.7,99.6,D,0
-24.4065,146.7983,359.8,2,1.4,2014-10-31,0337,Aqua,MODIS,99,6.2,309.7,190,D,0
-24.4086,146.7786,332.1,2,1.4,2014-10-31,0337,Aqua,MODIS,68,6.2,309.4,40.5,D,0
-24.4107,146.7587,344.6,2,1.4,2014-10-31,0337,Aqua,MODIS,90,6.2,309.6,99.1,D,0
-24.4128,146.7386,329.4,2,1.4,2014-10-31,0337,Aqua,MODIS,72,6.2,307.6,36.7,D,0
-24.392,146.8162,326.2,2,1.4,2014-10-31,0337,Aqua,MODIS,62,6.2,307.4,23.7,D,0
-25.5571,150.853,343.2,1.2,1.1,2014-10-31,0337,Aqua,MODIS,89,6.2,307.2,37.5,D,0
-25.0453,150.7147,324.5,1.2,1.1,2014-10-31,0337,Aqua,MODIS,62,6.2,307.1,12,D,0
-24.0545,149.0293,332.1,1.4,1.2,2014-10-31,0337,Aqua,MODIS,67,6.2,307.4,28,D,0
-21.7074,141.349,341.1,4.6,2,2014-10-31,0338,Aqua,MODIS,82,6.2,313.2,222.4,D,0
-20.5013,147.2457,348.7,1.6,1.3,2014-10-31,0338,Aqua,MODIS,92,6.2,311.7,89.5,D,0
-21.727,141.3099,351.5,4.6,2,2014-10-31,0338,Aqua,MODIS,93,6.2,312.8,413,D,0
-21.978,149.2384,325.1,1.3,1.1,2014-10-31,0338,Aqua,MODIS,51,6.2,301.5,20.9,D,0
-23.6071,148.5773,330.2,1.5,1.2,2014-10-31,0338,Aqua,MODIS,70,6.2,310.8,19.1,D,0
-23.3841,147.8298,333.8,1.6,1.3,2014-10-31,0338,Aqua,MODIS,77,6.2,307.4,39.3,D,0
-23.386,147.8135,331.3,1.6,1.3,2014-10-31,0338,Aqua,MODIS,72,6.2,308,31.3,D,0
-23.3727,147.8284,326.2,1.6,1.3,2014-10-31,0338,Aqua,MODIS,57,6.2,307,21.2,D,0
-23.3746,147.8123,347.9,1.6,1.3,2014-10-31,0338,Aqua,MODIS,92,6.2,309.1,90.3,D,0
-22.0065,146.2047,330.6,2,1.4,2014-10-31,0338,Aqua,MODIS,63,6.2,309.3,32.8,D,0
-21.7238,141.3545,361.7,4.6,2,2014-10-31,0338,Aqua,MODIS,100,6.2,312.6,646.8,D,0
-21.7288,141.3058,346,4.6,2,2014-10-31,0338,Aqua,MODIS,88,6.2,312.5,305.8,D,0
-21.7449,141.3116,336,4.6,2,2014-10-31,0338,Aqua,MODIS,65,6.2,309.5,158.8,D,0
-22.01,149.2297,325.4,1.3,1.1,2014-10-31,0338,Aqua,MODIS,53,6.2,303.4,19.3,D,0
-21.7467,141.3075,334.2,4.6,2,2014-10-31,0338,Aqua,MODIS,54,6.2,309.2,132.7,D,0
-21.7252,141.3503,364.9,4.6,2,2014-10-31,0338,Aqua,MODIS,100,6.2,312.4,724.3,D,0
-23.102,146.2664,329,2.1,1.4,2014-10-31,0338,Aqua,MODIS,62,6.2,305.6,43.7,D,0
-22.3561,146.3313,333,2,1.4,2014-10-31,0338,Aqua,MODIS,58,6.2,309.4,32.5,D,0
-21.7078,141.3416,338.2,4.6,2,2014-10-31,0338,Aqua,MODIS,78,6.2,313.2,174.7,D,0
-23.1015,146.2713,330.8,2.1,1.4,2014-10-31,0338,Aqua,MODIS,69,6.2,305.6,49.4,D,0
-22.4953,147.2185,331.5,1.8,1.3,2014-10-31,0338,Aqua,MODIS,71,6.2,308.7,31.3,D,0
-22.4817,147.234,328,1.8,1.3,2014-10-31,0338,Aqua,MODIS,60,6.2,310.7,21.3,D,0
-20.4558,147.2402,337.3,1.6,1.3,2014-10-31,0338,Aqua,MODIS,82,6.2,308.4,43.5,D,0
-20.4581,147.2353,336.6,1.6,1.3,2014-10-31,0338,Aqua,MODIS,79,6.2,308.1,41.4,D,0
-20.4467,147.2341,328.7,1.6,1.3,2014-10-31,0338,Aqua,MODIS,57,6.2,307.5,21.2,D,0
-22.4752,147.2281,328.2,1.8,1.3,2014-10-31,0338,Aqua,MODIS,50,6.2,309.4,21.4,D,0
-22.4836,147.217,333,1.8,1.3,2014-10-31,0338,Aqua,MODIS,74,6.2,308.5,37,D,0
-20.5146,147.2308,330.7,1.6,1.3,2014-10-31,0338,Aqua,MODIS,59,6.2,308.6,28.5,D,0
-20.4995,147.2613,333.1,1.6,1.3,2014-10-31,0338,Aqua,MODIS,57,6.2,307.9,32.3,D,0
-20.5127,147.247,342.6,1.6,1.3,2014-10-31,0338,Aqua,MODIS,87,6.2,309.3,66.1,D,0
-22.4934,147.2355,339.2,1.8,1.3,2014-10-31,0338,Aqua,MODIS,83,6.2,310.3,56.1,D,0
-21.8349,146.6016,338.3,1.9,1.3,2014-10-31,0338,Aqua,MODIS,81,6.2,312.8,50.1,D,0
-21.8194,146.5946,360,1.9,1.3,2014-10-31,0338,Aqua,MODIS,99,6.2,315,165.4,D,0
-21.8215,146.5762,347.5,1.9,1.3,2014-10-31,0338,Aqua,MODIS,91,6.2,314.6,92.2,D,0
-21.8173,146.613,335.5,1.9,1.3,2014-10-31,0338,Aqua,MODIS,77,6.2,312.4,38.3,D,0
-21.8208,146.6184,334.2,1.9,1.3,2014-10-31,0338,Aqua,MODIS,62,6.2,312.4,32,D,0
-21.8369,146.5831,331.3,1.9,1.3,2014-10-31,0338,Aqua,MODIS,41,6.2,311.8,24.1,D,0
-21.8247,146.5816,369.5,1.9,1.3,2014-10-31,0338,Aqua,MODIS,100,6.2,316.1,239.9,D,0
-21.8227,146.6,361.3,1.9,1.3,2014-10-31,0338,Aqua,MODIS,100,6.2,315.3,173.9,D,0
-23.4955,149.7831,336.8,1.2,1.1,2014-10-31,0338,Aqua,MODIS,81,6.2,310.6,29.2,D,0
-23.4855,149.7816,335.6,1.2,1.1,2014-10-31,0338,Aqua,MODIS,79,6.2,312.5,26.8,D,0
-21.7698,141.2215,331.3,4.7,2,2014-10-31,0338,Aqua,MODIS,38,6.2,313.4,95.7,D,0
-21.7663,141.2677,337.4,4.7,2,2014-10-31,0338,Aqua,MODIS,75,6.2,310.7,188.3,D,0
-21.7683,141.2634,336.8,4.7,2,2014-10-31,0338,Aqua,MODIS,73,6.2,310.8,180.2,D,0
-18.2331,145.2387,331.3,2.1,1.4,2014-10-31,0339,Aqua,MODIS,60,6.2,302.1,53.5,D,0
-17.9347,144.5439,328.8,2.4,1.5,2014-10-31,0339,Aqua,MODIS,41,6.2,306.8,31.8,D,0
-18.2288,145.2711,364.7,2.1,1.4,2014-10-31,0339,Aqua,MODIS,100,6.2,308.1,256.4,D,0
-17.9408,144.575,338.7,2.4,1.5,2014-10-31,0339,Aqua,MODIS,77,6.2,307.5,75.2,D,0
-18.2395,145.299,330.9,2.1,1.4,2014-10-31,0339,Aqua,MODIS,65,6.2,308,39.5,D,0
-18.3195,145.2742,330.7,2.1,1.4,2014-10-31,0339,Aqua,MODIS,34,6.2,305.3,44.2,D,0
-17.8918,144.5616,350.8,2.4,1.5,2014-10-31,0339,Aqua,MODIS,94,6.2,309.5,158.5,D,0
-18.2393,145.2921,335.7,2.1,1.4,2014-10-31,0339,Aqua,MODIS,82,6.2,308.3,59.1,D,0
-18.2265,145.2908,331,2.1,1.4,2014-10-31,0339,Aqua,MODIS,65,6.2,307.7,43.3,D,0
-18.2656,145.8807,327,1.9,1.4,2014-10-31,0339,Aqua,MODIS,54,6.2,301.9,44.4,D,0
-18.3077,145.2676,332.7,2.1,1.4,2014-10-31,0339,Aqua,MODIS,56,6.2,306.7,48,D,0
-18.2309,145.2583,355.2,2.1,1.4,2014-10-31,0339,Aqua,MODIS,97,6.2,305.7,181.5,D,0
-18.3067,145.2725,331.8,2.1,1.4,2014-10-31,0339,Aqua,MODIS,30,6.2,306.5,45,D,0
-18.2288,145.2778,359.5,2.1,1.4,2014-10-31,0339,Aqua,MODIS,99,6.2,308.3,208.6,D,0
-18.231,145.2516,348.7,2.1,1.4,2014-10-31,0339,Aqua,MODIS,93,6.2,304.7,143.2,D,0
-18.2416,145.2725,327.8,2.1,1.4,2014-10-31,0339,Aqua,MODIS,32,6.2,307.4,29.9,D,0
-18.3205,145.2692,331,2.1,1.4,2014-10-31,0339,Aqua,MODIS,46,6.2,305.4,44.7,D,0
-17.9298,144.5503,336.2,2.4,1.5,2014-10-31,0339,Aqua,MODIS,74,6.2,307.8,64.7,D,0
-18.2416,145.2792,336.4,2.1,1.4,2014-10-31,0339,Aqua,MODIS,81,6.2,308,62.9,D,0
-18.8802,141.6871,327.6,4,1.9,2014-10-31,0339,Aqua,MODIS,68,6.2,304.8,73,D,0
-17.0967,142.5119,334.8,3.3,1.7,2014-10-31,0339,Aqua,MODIS,80,6.2,307.5,105.1,D,0
-18.8838,141.692,325.5,4,1.9,2014-10-31,0339,Aqua,MODIS,56,6.2,304.3,53.9,D,0
-13.7698,141.8224,329.4,3.4,1.7,2014-10-31,0340,Aqua,MODIS,73,6.2,304.2,90.2,D,0
-13.7348,141.7477,324.3,3.4,1.7,2014-10-31,0340,Aqua,MODIS,43,6.2,304.4,54.6,D,0
-17.1009,142.5048,330.6,3.3,1.7,2014-10-31,0340,Aqua,MODIS,36,6.2,306.6,64,D,0
-13.7191,141.746,328.6,3.4,1.7,2014-10-31,0340,Aqua,MODIS,61,6.2,305.3,81.8,D,0
-13.714,141.7525,327.7,3.4,1.7,2014-10-31,0340,Aqua,MODIS,49,6.2,304.8,72.6,D,0
-13.7944,141.5998,324.1,3.5,1.8,2014-10-31,0340,Aqua,MODIS,70,6.2,299.6,64.6,D,0
-14.4856,141.8873,323,3.4,1.7,2014-10-31,0340,Aqua,MODIS,61,6.2,303.5,39.4,D,0
-14.858,144.4278,329,2.2,1.4,2014-10-31,0340,Aqua,MODIS,55,6.2,302.9,41.7,D,0
-16.9436,142.8244,331.8,3.1,1.7,2014-10-31,0340,Aqua,MODIS,47,6.2,308.5,58.6,D,0
-14.503,141.7269,325.1,3.5,1.8,2014-10-31,0340,Aqua,MODIS,35,6.2,300.7,64.7,D,0
-16.9618,142.7966,352.7,3.1,1.7,2014-10-31,0340,Aqua,MODIS,95,6.2,308.7,257.1,D,0
-16.9466,142.7949,339.1,3.1,1.7,2014-10-31,0340,Aqua,MODIS,85,6.2,308,116.1,D,0
-14.5118,141.732,331,3.5,1.8,2014-10-31,0340,Aqua,MODIS,41,6.2,300.5,104.6,D,0
-16.9614,142.822,333.1,3.1,1.7,2014-10-31,0340,Aqua,MODIS,77,6.2,308.1,73.3,D,0
-14.4995,141.7594,325,3.5,1.8,2014-10-31,0340,Aqua,MODIS,41,6.2,301.4,55,D,0
-16.9494,142.7908,345.8,3.1,1.7,2014-10-31,0340,Aqua,MODIS,90,6.2,307.9,182.2,D,0
-14.3596,141.7687,328.3,3.5,1.8,2014-10-31,0340,Aqua,MODIS,75,6.2,304.6,73.1,D,0
-16.9645,142.7925,345.3,3.1,1.7,2014-10-31,0340,Aqua,MODIS,90,6.2,308,178.7,D,0
-16.9462,142.8203,333.8,3.1,1.7,2014-10-31,0340,Aqua,MODIS,78,6.2,308.7,76.9,D,0
-13.8683,142.0245,323.7,3.3,1.7,2014-10-31,0340,Aqua,MODIS,69,6.2,305.4,53.6,D,0
-14.5556,141.8307,327.5,3.4,1.7,2014-10-31,0340,Aqua,MODIS,24,6.2,303.1,67.9,D,0
-16.8299,142.7706,331.2,3.1,1.7,2014-10-31,0340,Aqua,MODIS,60,6.2,308.6,44.1,D,0
-13.865,142.0315,323.1,3.3,1.7,2014-10-31,0340,Aqua,MODIS,68,6.2,305.7,51,D,0
-14.8878,144.4041,328.2,2.2,1.4,2014-10-31,0340,Aqua,MODIS,71,6.2,300.3,42.6,D,0
-16.8451,142.7723,332.1,3.1,1.7,2014-10-31,0340,Aqua,MODIS,61,6.2,307.1,52.2,D,0
-16.8602,142.774,331,3.1,1.7,2014-10-31,0340,Aqua,MODIS,45,6.2,308.5,45.5,D,0
-16.9159,142.8169,330.7,3.1,1.7,2014-10-31,0340,Aqua,MODIS,46,6.2,309.9,49,D,0
-14.9741,145.0089,335.5,2,1.4,2014-10-31,0340,Aqua,MODIS,82,6.2,295.2,81.9,D,0
-14.9692,145.0204,329.7,2,1.4,2014-10-31,0340,Aqua,MODIS,75,6.2,295.4,60.5,D,0
-14.9716,145.0014,331.3,2,1.4,2014-10-31,0340,Aqua,MODIS,77,6.2,295.8,65.5,D,0
-14.6612,144.4467,320.9,2.2,1.4,2014-10-31,0340,Aqua,MODIS,40,6.2,301.2,23.5,D,0
-13.7396,141.8432,323.4,3.4,1.7,2014-10-31,0340,Aqua,MODIS,44,6.2,304.9,51.6,D,0
-13.7799,141.8281,330.7,3.4,1.7,2014-10-31,0340,Aqua,MODIS,80,6.2,304,102.9,D,0
-15.142,145.1322,327.3,2,1.4,2014-10-31,0340,Aqua,MODIS,70,6.2,294.7,43.9,D,0
-14.8863,144.4106,325.9,2.2,1.4,2014-10-31,0340,Aqua,MODIS,57,6.2,299.4,33.6,D,0
-15.1399,145.1504,322.7,2,1.4,2014-10-31,0340,Aqua,MODIS,30,6.2,295.2,29.7,D,0
-15.1623,145.1725,327,2,1.4,2014-10-31,0340,Aqua,MODIS,71,6.2,294.5,45.6,D,0
-15.1365,145.1432,335.6,2,1.4,2014-10-31,0340,Aqua,MODIS,83,6.2,296.3,72,D,0
-14.9016,144.3918,335.6,2.2,1.4,2014-10-31,0340,Aqua,MODIS,82,6.2,301.6,76.8,D,0
-13.7384,141.7162,330.1,3.4,1.7,2014-10-31,0340,Aqua,MODIS,79,6.2,303.9,95,D,0
-13.7331,141.7227,328.6,3.4,1.7,2014-10-31,0340,Aqua,MODIS,75,6.2,305.6,85.3,D,0
-13.7365,141.6908,323.7,3.4,1.7,2014-10-31,0340,Aqua,MODIS,41,6.2,304.3,46.2,D,0
-15.1565,145.1834,325.3,1.9,1.4,2014-10-31,0340,Aqua,MODIS,67,6.2,295,41.4,D,0
-14.8993,144.4122,325.6,2.2,1.4,2014-10-31,0340,Aqua,MODIS,61,6.2,300.2,35.6,D,0
-15.322,142.6479,325.3,3.1,1.7,2014-10-31,0340,Aqua,MODIS,37,6.2,296.5,43,D,0
-15.1387,145.1251,322.1,2,1.4,2014-10-31,0340,Aqua,MODIS,27,6.2,293.9,27.2,D,0
-15.4499,142.5801,329.4,3.1,1.7,2014-10-31,0340,Aqua,MODIS,61,6.2,297.7,70.2,D,0
-16.399,142.7237,335.9,3.1,1.7,2014-10-31,0340,Aqua,MODIS,82,6.2,307.7,90.2,D,0
-15.3361,145.2438,326,1.9,1.4,2014-10-31,0340,Aqua,MODIS,71,6.2,294,46.8,D,0
-16.5491,142.7224,331.3,3.1,1.7,2014-10-31,0340,Aqua,MODIS,74,6.2,307.4,55.3,D,0
-16.6464,142.7975,332.6,3.1,1.7,2014-10-31,0340,Aqua,MODIS,57,6.2,310.2,55.4,D,0
-15.334,145.262,322.5,1.9,1.4,2014-10-31,0340,Aqua,MODIS,54,6.2,294.2,36.2,D,0
-15.5979,142.209,324.7,3.3,1.7,2014-10-31,0340,Aqua,MODIS,14,6.2,303.2,42.4,D,0
-16.5461,142.7517,335.8,3.1,1.7,2014-10-31,0340,Aqua,MODIS,82,6.2,308.8,92.7,D,0
-15.2232,144.9753,333.1,2,1.4,2014-10-31,0340,Aqua,MODIS,80,6.2,299.7,61.1,D,0
-16.3964,142.728,331.5,3.1,1.7,2014-10-31,0340,Aqua,MODIS,77,6.2,307.9,54.1,D,0
-16.5584,142.6333,338.4,3.2,1.7,2014-10-31,0340,Aqua,MODIS,84,6.2,307.6,108.9,D,0
-16.5457,142.6248,330.3,3.2,1.7,2014-10-31,0340,Aqua,MODIS,56,6.2,307.8,44.5,D,0
-15.5928,142.2128,326.7,3.3,1.7,2014-10-31,0340,Aqua,MODIS,53,6.2,303.2,58.3,D,0
-15.3324,145.236,320,1.9,1.4,2014-10-31,0340,Aqua,MODIS,48,6.2,293.2,26.8,D,0
-15.1018,145.1205,324.6,2,1.4,2014-10-31,0340,Aqua,MODIS,43,6.2,296.4,36.8,D,0
-14.363,141.7364,327.2,3.5,1.8,2014-10-31,0340,Aqua,MODIS,59,6.2,302.8,67.5,D,0
-14.3662,141.7652,330.9,3.5,1.8,2014-10-31,0340,Aqua,MODIS,78,6.2,304.3,90.3,D,0
-15.1039,145.1024,328.9,2,1.4,2014-10-31,0340,Aqua,MODIS,64,6.2,295.6,52.5,D,0
-14.3699,141.733,328.2,3.5,1.8,2014-10-31,0340,Aqua,MODIS,47,6.2,303.6,72.3,D,0
-12.4619,142.8258,323.8,2.7,1.6,2014-10-31,0341,Aqua,MODIS,67,6.2,272.7,77.9,D,0
-12.459,142.8506,326,2.7,1.6,2014-10-31,0341,Aqua,MODIS,79,6.2,275.2,86.3,D,0
-13.1533,142.3401,325.9,3,1.7,2014-10-31,0341,Aqua,MODIS,52,6.2,305.1,39,D,0
-10.9713,142.261,329.3,2.8,1.6,2014-10-31,0341,Aqua,MODIS,66,6.2,293.3,97.3,D,0
-10.969,142.2534,323.5,2.8,1.6,2014-10-31,0341,Aqua,MODIS,63,6.2,292.2,69.4,D,0
-10.9568,142.2593,318.9,2.8,1.6,2014-10-31,0341,Aqua,MODIS,62,6.2,296.2,51.7,D,0
-12.7114,142.3682,327.5,3,1.6,2014-10-31,0341,Aqua,MODIS,55,6.2,295.9,67.8,D,0
-12.4532,142.9001,311.7,2.7,1.6,2014-10-31,0341,Aqua,MODIS,38,6.2,279.5,32.1,D,0
-33.5229,136.5755,340.5,1.6,1.3,2014-10-31,0513,Aqua,MODIS,88,6.2,308.7,61.5,D,0
-32.3912,135.6797,361.1,1.5,1.2,2014-10-31,0514,Aqua,MODIS,100,6.2,317.9,122.5,D,0
-32.3882,135.6957,345,1.5,1.2,2014-10-31,0514,Aqua,MODIS,89,6.2,313.7,54.8,D,0
-32.4051,135.6666,336.3,1.5,1.2,2014-10-31,0514,Aqua,MODIS,79,6.2,315.5,27.3,D,0
-32.4021,135.6826,338.8,1.5,1.2,2014-10-31,0514,Aqua,MODIS,82,6.2,315.2,34.6,D,0
-32.4426,135.7097,335.3,1.5,1.2,2014-10-31,0514,Aqua,MODIS,77,6.2,315.4,27,D,0
-32.393,135.7308,347,1.5,1.2,2014-10-31,0514,Aqua,MODIS,90,6.2,315.3,64.3,D,0
-32.3885,135.6902,354.6,1.5,1.2,2014-10-31,0514,Aqua,MODIS,96,6.2,315.6,92.1,D,0
-32.4317,135.7066,348.6,1.5,1.2,2014-10-31,0514,Aqua,MODIS,92,6.2,316.3,68.1,D,0
-32.3914,135.6743,341.7,1.5,1.2,2014-10-31,0514,Aqua,MODIS,85,6.2,317.5,42.3,D,0
-32.4287,135.723,356,1.5,1.2,2014-10-31,0514,Aqua,MODIS,97,6.2,316.4,99.1,D,0
-30.3336,125.1878,353.7,1.5,1.2,2014-10-31,0515,Aqua,MODIS,97,6.2,301.3,106.8,D,0
-27.3794,127.0602,350.7,1.1,1,2014-10-31,0515,Aqua,MODIS,47,6.2,324.4,39,D,0
-27.378,127.0714,359.7,1.1,1,2014-10-31,0515,Aqua,MODIS,97,6.2,323.2,65.1,D,0
-27.6831,127.3537,345.8,1.1,1,2014-10-31,0515,Aqua,MODIS,88,6.2,301.8,42.4,D,0
-27.6924,127.3552,365.6,1.1,1,2014-10-31,0515,Aqua,MODIS,100,6.2,318.8,98,D,0
-27.3756,127.0141,345.6,1.1,1,2014-10-31,0515,Aqua,MODIS,48,6.2,321.9,28.4,D,0
-27.3548,127.0608,383.5,1.1,1,2014-10-31,0515,Aqua,MODIS,100,6.2,320.9,163.8,D,0
-27.3562,127.0496,385.1,1.1,1,2014-10-31,0515,Aqua,MODIS,100,6.2,325.3,170.8,D,0
-27.3577,127.0385,409.6,1.1,1,2014-10-31,0515,Aqua,MODIS,100,6.2,330.2,332.2,D,0
-27.3591,127.0274,384.4,1.1,1,2014-10-31,0515,Aqua,MODIS,100,6.2,327.8,166.5,D,0
-27.3606,127.0162,361.1,1.1,1,2014-10-31,0515,Aqua,MODIS,100,6.2,324.9,72,D,0
-27.362,127.0051,337,1.1,1,2014-10-31,0515,Aqua,MODIS,19,6.2,321.9,15.2,D,0
-27.3649,126.9826,347,1.1,1.1,2014-10-31,0515,Aqua,MODIS,90,6.2,321.2,37.4,D,0
-27.0645,130.5448,354.4,1,1,2014-10-31,0515,Aqua,MODIS,81,6.2,304.1,66,D,0
-29.3488,128.3348,336.3,1,1,2014-10-31,0515,Aqua,MODIS,78,6.2,318.7,14.4,D,0
-29.3474,128.3455,338.8,1,1,2014-10-31,0515,Aqua,MODIS,81,6.2,317.9,18.6,D,0
-30.3297,125.1964,346.5,1.5,1.2,2014-10-31,0515,Aqua,MODIS,93,6.2,297.7,79.4,D,0
-27.0737,130.5466,349.5,1,1,2014-10-31,0515,Aqua,MODIS,89,6.2,303.6,54.6,D,0
-27.7512,127.1679,373.5,1.1,1,2014-10-31,0515,Aqua,MODIS,100,6.2,325.7,112,D,0
-27.7526,127.1568,365.4,1.1,1,2014-10-31,0515,Aqua,MODIS,100,6.2,325.3,84.1,D,0
-27.7389,127.1888,343.4,1.1,1,2014-10-31,0515,Aqua,MODIS,78,6.2,314,28.9,D,0
-28.1494,127.4788,344.7,1.1,1,2014-10-31,0515,Aqua,MODIS,63,6.2,319,33.4,D,0
-28.1386,127.4882,381,1.1,1,2014-10-31,0515,Aqua,MODIS,100,6.2,321.2,151.7,D,0
-28.1401,127.4772,363.1,1.1,1,2014-10-31,0515,Aqua,MODIS,93,6.2,321.6,81.4,D,0
-27.422,129.1918,346.8,1,1,2014-10-31,0515,Aqua,MODIS,91,6.2,317.3,33.1,D,0
-28.1154,130.1181,425.6,1,1,2014-10-31,0515,Aqua,MODIS,94,6.2,317.2,433.2,D,0
-28.1064,130.1163,351.1,1,1,2014-10-31,0515,Aqua,MODIS,82,6.2,297.7,48.3,D,0
-27.3658,127.0921,352.3,1.1,1,2014-10-31,0515,Aqua,MODIS,94,6.2,317.6,51.1,D,0
-27.2145,127.2913,343.9,1.1,1,2014-10-31,0515,Aqua,MODIS,87,6.2,320.2,27.6,D,0
-27.2159,127.2804,341.3,1.1,1,2014-10-31,0515,Aqua,MODIS,84,6.2,320.9,22.5,D,0
-27.4454,127.2573,354.6,1.1,1,2014-10-31,0515,Aqua,MODIS,96,6.2,318.3,57.4,D,0
-28.1079,130.106,392.3,1,1,2014-10-31,0515,Aqua,MODIS,94,6.2,313.9,195.2,D,0
-28.1095,130.0958,349,1,1,2014-10-31,0515,Aqua,MODIS,43,6.2,307.1,43.9,D,0
-27.3697,128.9177,352,1,1,2014-10-31,0515,Aqua,MODIS,77,6.2,309.6,52.1,D,0
-28.1139,130.1283,335.4,1,1,2014-10-31,0515,Aqua,MODIS,48,6.2,285.2,18,D,0
-27.4439,127.2683,352,1.1,1,2014-10-31,0515,Aqua,MODIS,94,6.2,316.9,51.5,D,0
-27.4206,129.2019,370.9,1,1,2014-10-31,0515,Aqua,MODIS,100,6.2,318.6,95.8,D,0
-27.4547,127.2588,333.9,1.1,1,2014-10-31,0515,Aqua,MODIS,72,6.2,318.4,14.9,D,0
-27.7738,127.217,367.4,1.1,1,2014-10-31,0515,Aqua,MODIS,100,6.2,323,93.9,D,0
-27.7723,127.2282,358.1,1.1,1,2014-10-31,0515,Aqua,MODIS,98,6.2,320.2,65.2,D,0
-27.3672,127.081,355.9,1.1,1,2014-10-31,0515,Aqua,MODIS,97,6.2,320.2,57.7,D,0
-27.4296,129.2036,349.5,1,1,2014-10-31,0515,Aqua,MODIS,69,6.2,312.5,41.4,D,0
-27.4281,129.2136,360.7,1,1,2014-10-31,0515,Aqua,MODIS,100,6.2,304.9,66.9,D,0
-27.4267,129.2237,352.7,1,1,2014-10-31,0515,Aqua,MODIS,95,6.2,299.2,47.5,D,0
-27.4371,129.2153,361.8,1,1,2014-10-31,0515,Aqua,MODIS,87,6.2,318.8,72.9,D,0
-27.4468,129.2133,340,1,1,2014-10-31,0515,Aqua,MODIS,56,6.2,313.1,21.1,D,0
-28.1245,130.1198,374.5,1,1,2014-10-31,0515,Aqua,MODIS,100,6.2,301.3,120.8,D,0
-27.4543,129.2251,340.5,1,1,2014-10-31,0515,Aqua,MODIS,71,6.2,293.6,25.5,D,0
-27.4173,127.4751,335.3,1.1,1,2014-10-31,0515,Aqua,MODIS,76,6.2,314.4,19.1,D,0
-27.4187,127.4643,351.8,1.1,1,2014-10-31,0515,Aqua,MODIS,94,6.2,315.8,52.8,D,0
-28.123,130.1301,365.1,1,1,2014-10-31,0515,Aqua,MODIS,94,6.2,302.9,88.1,D,0
-27.2318,127.3052,366.4,1.1,1,2014-10-31,0515,Aqua,MODIS,94,6.2,323.7,89.7,D,0
-27.7403,127.1776,413.9,1.1,1,2014-10-31,0515,Aqua,MODIS,100,6.2,326.6,369.5,D,0
-27.7417,127.1664,399,1.1,1,2014-10-31,0515,Aqua,MODIS,100,6.2,323.5,252.4,D,0
-27.9147,128.8964,342.4,1,1,2014-10-31,0515,Aqua,MODIS,88,6.2,319.1,25.3,D,0
-28.1331,127.4929,351,1.1,1,2014-10-31,0515,Aqua,MODIS,94,6.2,315.3,51.4,D,0
-27.2614,127.3376,353.6,1.1,1,2014-10-31,0515,Aqua,MODIS,59,6.2,302.8,60.5,D,0
-27.2275,127.3377,420.8,1.1,1,2014-10-31,0515,Aqua,MODIS,87,6.2,323.6,422.5,D,0
-27.2628,127.3267,380.2,1.1,1,2014-10-31,0515,Aqua,MODIS,93,6.2,316.1,152.3,D,0
-27.2289,127.3269,419.6,1.1,1,2014-10-31,0515,Aqua,MODIS,75,6.2,331.5,410.8,D,0
-27.9133,128.9066,383.3,1,1,2014-10-31,0515,Aqua,MODIS,100,6.2,321.6,145.2,D,0
-27.9118,128.9168,347.9,1,1,2014-10-31,0515,Aqua,MODIS,92,6.2,317.3,35.2,D,0
-27.2304,127.316,415.2,1.1,1,2014-10-31,0515,Aqua,MODIS,87,6.2,332.4,370.2,D,0
-27.221,127.3145,393.6,1.1,1,2014-10-31,0515,Aqua,MODIS,100,6.2,324.7,212.5,D,0
-28.1345,127.482,357.3,1.1,1,2014-10-31,0515,Aqua,MODIS,98,6.2,319.6,67.8,D,0
-27.2224,127.3036,392,1.1,1,2014-10-31,0515,Aqua,MODIS,100,6.2,328.2,203.1,D,0
-27.2239,127.2928,358.7,1.1,1,2014-10-31,0515,Aqua,MODIS,99,6.2,324.4,64.1,D,0
-27.4619,129.2368,357.9,1,1,2014-10-31,0515,Aqua,MODIS,98,6.2,310.3,65.3,D,0
-27.6405,129.5935,341.1,1,1,2014-10-31,0515,Aqua,MODIS,78,6.2,311.3,30,D,0
-28.117,130.1078,413,1,1,2014-10-31,0515,Aqua,MODIS,94,6.2,320,327.5,D,0
-27.2253,127.2819,336.8,1.1,1,2014-10-31,0515,Aqua,MODIS,73,6.2,321.2,14.6,D,0
-28.148,127.4898,336.2,1.1,1,2014-10-31,0515,Aqua,MODIS,42,6.2,316.8,17.1,D,0
-27.7497,127.1791,378.8,1.1,1,2014-10-31,0515,Aqua,MODIS,100,6.2,323.1,137.3,D,0
-25.8659,125.4844,412.6,1.3,1.1,2014-10-31,0516,Aqua,MODIS,100,6.2,325.8,437.1,D,0
-25.8674,125.4719,353.3,1.3,1.1,2014-10-31,0516,Aqua,MODIS,73,6.2,321.3,60.1,D,0
-24.122,122.886,348.8,1.7,1.3,2014-10-31,0516,Aqua,MODIS,91,6.2,318.7,78.4,D,0
-25.8487,125.4564,356.8,1.3,1.1,2014-10-31,0516,Aqua,MODIS,95,6.2,322.1,64.9,D,0
-25.3562,121.6841,361.1,2.2,1.4,2014-10-31,0516,Aqua,MODIS,100,6.2,320.8,200.9,D,0
-25.3583,121.6622,347.2,2.2,1.4,2014-10-31,0516,Aqua,MODIS,89,6.2,319.2,97,D,0
-25.8472,125.469,396.5,1.3,1.1,2014-10-31,0516,Aqua,MODIS,100,6.2,324.4,287.6,D,0
-25.8457,125.4815,351.5,1.3,1.1,2014-10-31,0516,Aqua,MODIS,72,6.2,313,55.8,D,0
-24.8701,128.7774,352.7,1,1,2014-10-31,0516,Aqua,MODIS,75,6.2,288.1,53.6,D,0
-24.1281,123.6768,337.4,1.5,1.2,2014-10-31,0516,Aqua,MODIS,42,6.2,318.6,28.4,D,0
-24.8611,128.7758,350.2,1,1,2014-10-31,0516,Aqua,MODIS,54,6.2,295.3,47.1,D,0
-24.8521,128.7742,342.6,1,1,2014-10-31,0516,Aqua,MODIS,0,6.2,284.4,31,D,0
-24.8358,128.7657,352.7,1,1,2014-10-31,0516,Aqua,MODIS,77,6.2,303.4,53.7,D,0
-24.8372,128.7558,391.2,1,1,2014-10-31,0516,Aqua,MODIS,100,6.2,316.3,184.7,D,0
-24.8387,128.7459,355,1,1,2014-10-31,0516,Aqua,MODIS,96,6.2,314.8,51.8,D,0
-24.8282,128.7542,385.5,1,1,2014-10-31,0516,Aqua,MODIS,100,6.2,315.3,157.7,D,0
-25.3692,121.6857,338.3,2.2,1.4,2014-10-31,0516,Aqua,MODIS,77,6.2,319.1,49,D,0
-25.2618,121.2022,341.2,2.4,1.5,2014-10-31,0516,Aqua,MODIS,82,6.2,318.6,73.6,D,0
-25.2667,121.3976,337.1,2.3,1.5,2014-10-31,0516,Aqua,MODIS,65,6.2,317.5,50.1,D,0
-24.5879,129.9333,375,1,1,2014-10-31,0516,Aqua,MODIS,100,6.2,316.4,121.5,D,0
-24.5894,129.923,348.4,1,1,2014-10-31,0516,Aqua,MODIS,91,6.2,314.4,40.5,D,0
-25.3065,121.4023,334.4,2.3,1.5,2014-10-31,0516,Aqua,MODIS,40,6.2,319.3,30.5,D,0
-23.6453,129.7753,357.8,1,1,2014-10-31,0516,Aqua,MODIS,93,6.2,309.7,68.1,D,0
-23.6437,129.7855,347.4,1.1,1,2014-10-31,0516,Aqua,MODIS,82,6.2,305.4,44.1,D,0
-23.6545,129.777,351,1,1,2014-10-31,0516,Aqua,MODIS,84,6.2,308,50.7,D,0
-25.3242,121.3579,335.1,2.3,1.5,2014-10-31,0516,Aqua,MODIS,34,6.2,319.3,35.5,D,0
-25.8643,125.497,354.8,1.3,1.1,2014-10-31,0516,Aqua,MODIS,73,6.2,289.2,69.7,D,0
-25.322,121.3808,342.9,2.3,1.5,2014-10-31,0516,Aqua,MODIS,84,6.2,319.6,77.6,D,0
-24.5787,129.9316,347.8,1,1,2014-10-31,0516,Aqua,MODIS,91,6.2,312.6,39.8,D,0
-25.879,125.4608,346,1.3,1.1,2014-10-31,0516,Aqua,MODIS,66,6.2,314.1,36.2,D,0
-24.8297,128.7444,354.7,1,1,2014-10-31,0516,Aqua,MODIS,96,6.2,315.8,51.7,D,0
-24.5803,129.9213,348.3,1,1,2014-10-31,0516,Aqua,MODIS,91,6.2,315,40.3,D,0
-25.8401,125.4424,348.8,1.3,1.1,2014-10-31,0516,Aqua,MODIS,66,6.2,320.3,41.1,D,0
-25.2688,121.3748,368.5,2.3,1.5,2014-10-31,0516,Aqua,MODIS,100,6.2,320.8,290.6,D,0
-25.499,128.1001,333.9,1,1,2014-10-31,0516,Aqua,MODIS,75,6.2,316.1,11.8,D,0
-25.2173,121.3848,342.4,2.3,1.5,2014-10-31,0516,Aqua,MODIS,83,6.2,316.3,84.6,D,0
-24.5818,129.9111,340,1,1,2014-10-31,0516,Aqua,MODIS,83,6.2,312.4,24.6,D,0
-24.5719,129.9238,335.5,1,1,2014-10-31,0516,Aqua,MODIS,78,6.2,312.6,17.1,D,0
-25.2709,121.3518,341.8,2.3,1.5,2014-10-31,0516,Aqua,MODIS,79,6.2,321.1,70.8,D,0
-25.2534,121.396,367.2,2.3,1.5,2014-10-31,0516,Aqua,MODIS,100,6.2,319.2,278.6,D,0
-25.2555,121.3731,358.8,2.3,1.5,2014-10-31,0516,Aqua,MODIS,99,6.2,322.8,192.2,D,0
-25.2726,121.3682,348,2.3,1.5,2014-10-31,0516,Aqua,MODIS,90,6.2,319.1,113,D,0
-24.1864,125.2724,360.4,1.2,1.1,2014-10-31,0516,Aqua,MODIS,0,6.2,325,85.3,D,0
-25.2749,121.3452,335.6,2.3,1.5,2014-10-31,0516,Aqua,MODIS,53,6.2,320.3,39.5,D,0
-25.2549,121.4121,334.9,2.3,1.5,2014-10-31,0516,Aqua,MODIS,58,6.2,313.4,46.3,D,0
-25.2571,121.3894,373.5,2.3,1.5,2014-10-31,0516,Aqua,MODIS,100,6.2,319.8,346.8,D,0
-25.2593,121.3665,364.1,2.3,1.5,2014-10-31,0516,Aqua,MODIS,100,6.2,323.5,242.5,D,0
-25.2394,121.4335,347.4,2.3,1.5,2014-10-31,0516,Aqua,MODIS,89,6.2,311.2,123.5,D,0
-25.8372,125.4676,366.2,1.3,1.1,2014-10-31,0516,Aqua,MODIS,100,6.2,318.6,109.6,D,0
-25.8387,125.455,363,1.3,1.1,2014-10-31,0516,Aqua,MODIS,100,6.2,321.7,91.8,D,0
-25.2327,121.3636,338.1,2.3,1.5,2014-10-31,0516,Aqua,MODIS,72,6.2,317.2,58.2,D,0
-25.2416,121.4106,383.5,2.3,1.5,2014-10-31,0516,Aqua,MODIS,100,6.2,318.9,494,D,0
-25.2438,121.3878,362.9,2.3,1.5,2014-10-31,0516,Aqua,MODIS,100,6.2,321.4,233.4,D,0
-25.246,121.365,345.9,2.3,1.5,2014-10-31,0516,Aqua,MODIS,84,6.2,320.8,96.8,D,0
-24.5986,129.9247,351.4,1,1,2014-10-31,0516,Aqua,MODIS,94,6.2,313.1,48.1,D,0
-24.597,129.935,396.4,1,1,2014-10-31,0516,Aqua,MODIS,100,6.2,316.6,226.4,D,0
-24.5954,129.9453,351.4,1,1,2014-10-31,0516,Aqua,MODIS,94,6.2,309.6,49.8,D,0
-25.2283,121.4091,333,2.3,1.5,2014-10-31,0516,Aqua,MODIS,63,6.2,314,48.2,D,0
-25.2194,121.3621,348.2,2.3,1.5,2014-10-31,0516,Aqua,MODIS,90,6.2,319.7,121.2,D,0
-25.3713,121.6637,352,2.2,1.4,2014-10-31,0516,Aqua,MODIS,93,6.2,320.8,130.3,D,0
-24.876,122.4608,334.4,1.9,1.3,2014-10-31,0516,Aqua,MODIS,56,6.2,320.3,25.6,D,0
-24.0093,123.7097,393.1,1.5,1.2,2014-10-31,0516,Aqua,MODIS,100,6.2,324.4,349.4,D,0
-24.127,122.8816,346.2,1.7,1.3,2014-10-31,0516,Aqua,MODIS,34,6.2,320.1,65.8,D,0
-24.9567,122.5511,338.3,1.9,1.3,2014-10-31,0516,Aqua,MODIS,73,6.2,319.4,32.6,D,0
-24.9426,122.5682,353.7,1.9,1.3,2014-10-31,0516,Aqua,MODIS,95,6.2,319.6,110.2,D,0
-24.9445,122.5495,338,1.9,1.3,2014-10-31,0516,Aqua,MODIS,65,6.2,320,32.6,D,0
-24.8792,122.4658,337.4,1.9,1.3,2014-10-31,0516,Aqua,MODIS,69,6.2,320.5,32.3,D,0
-23.9183,126.2728,351.1,1.1,1,2014-10-31,0516,Aqua,MODIS,72,6.2,316.9,44.3,D,0
-23.9196,126.262,348,1.1,1,2014-10-31,0516,Aqua,MODIS,61,6.2,320.2,34,D,0
-23.8877,126.2517,354.7,1.1,1,2014-10-31,0516,Aqua,MODIS,96,6.2,319.8,54.8,D,0
-23.3061,125.7151,372.8,1.1,1.1,2014-10-31,0516,Aqua,MODIS,75,6.2,305.3,124.7,D,0
-23.2752,126.1424,368.6,1.1,1,2014-10-31,0516,Aqua,MODIS,100,6.2,313.6,103.7,D,0
-26.5554,126.5689,346,1.1,1.1,2014-10-31,0516,Aqua,MODIS,82,6.2,291,42.5,D,0
-26.5568,126.5575,387.5,1.1,1.1,2014-10-31,0516,Aqua,MODIS,100,6.2,313.7,199.8,D,0
-26.5583,126.5461,388.5,1.1,1.1,2014-10-31,0516,Aqua,MODIS,100,6.2,322.7,203.6,D,0
-24.1337,122.8875,358.8,1.7,1.3,2014-10-31,0516,Aqua,MODIS,99,6.2,317.9,129.9,D,0
-26.5597,126.5346,343.9,1.1,1.1,2014-10-31,0516,Aqua,MODIS,68,6.2,314.5,33.5,D,0
-26.5612,126.5232,336.1,1.1,1.1,2014-10-31,0516,Aqua,MODIS,44,6.2,310.3,20.1,D,0
-26.5487,126.5446,360.8,1.1,1.1,2014-10-31,0516,Aqua,MODIS,100,6.2,316.4,79.7,D,0
-26.5501,126.5331,365,1.1,1.1,2014-10-31,0516,Aqua,MODIS,100,6.2,317,94,D,0
-26.5516,126.5217,349.9,1.1,1.1,2014-10-31,0516,Aqua,MODIS,92,6.2,311.1,49,D,0
-23.2766,126.1316,345.8,1.1,1,2014-10-31,0516,Aqua,MODIS,48,6.2,315.4,36.4,D,0
-24.1355,122.8705,352.2,1.7,1.3,2014-10-31,0516,Aqua,MODIS,94,6.2,321.4,91.2,D,0
-24.1238,122.8689,340.6,1.7,1.3,2014-10-31,0516,Aqua,MODIS,80,6.2,320.6,39.9,D,0
-24.125,122.8986,348.3,1.7,1.3,2014-10-31,0516,Aqua,MODIS,46,6.2,315.5,81.8,D,0
-22.8601,130.3097,379,1.1,1.1,2014-10-31,0516,Aqua,MODIS,100,6.2,290.5,0,D,0
-23.5338,128.8644,336.3,1,1,2014-10-31,0516,Aqua,MODIS,78,6.2,317.6,13.5,D,0
-24.1905,128.0704,377.7,1,1,2014-10-31,0516,Aqua,MODIS,100,6.2,317.2,120.2,D,0
-24.1919,128.0605,373,1,1,2014-10-31,0516,Aqua,MODIS,100,6.2,323.1,101.4,D,0
-24.1961,128.031,375,1,1,2014-10-31,0516,Aqua,MODIS,96,6.2,324,103.5,D,0
-24.1975,128.0211,390.3,1,1,2014-10-31,0516,Aqua,MODIS,100,6.2,324.9,171,D,0
-24.1809,128.0082,343.6,1,1,2014-10-31,0516,Aqua,MODIS,27,6.2,321.2,21.7,D,0
-24.1822,127.9984,350.4,1,1,2014-10-31,0516,Aqua,MODIS,89,6.2,319.8,36.2,D,0
-22.8321,128.3131,340.8,1,1,2014-10-31,0516,Aqua,MODIS,83,6.2,317.5,18.9,D,0
-22.8335,128.3034,340.5,1,1,2014-10-31,0516,Aqua,MODIS,83,6.2,319.1,18.2,D,0
-22.8231,128.3116,337.9,1,1,2014-10-31,0516,Aqua,MODIS,79,6.2,319.1,16,D,0
-22.8273,128.2824,353.8,1,1,2014-10-31,0516,Aqua,MODIS,95,6.2,320.1,45.1,D,0
-22.8169,128.2906,342.1,1,1,2014-10-31,0516,Aqua,MODIS,71,6.2,319.4,20.6,D,0
-22.8183,128.2809,348.2,1,1,2014-10-31,0516,Aqua,MODIS,91,6.2,320,33.1,D,0
-22.7384,128.8269,337.4,1,1,2014-10-31,0516,Aqua,MODIS,68,6.2,307.5,18,D,0
-22.7399,128.8171,338.9,1,1,2014-10-31,0516,Aqua,MODIS,73,6.2,312.4,20.4,D,0
-22.7232,128.8041,347.1,1,1,2014-10-31,0516,Aqua,MODIS,90,6.2,314.5,34.4,D,0
-22.729,128.7649,330.2,1,1,2014-10-31,0516,Aqua,MODIS,60,6.2,312.5,7.7,D,0
-24.5314,127.4628,338.8,1,1,2014-10-31,0516,Aqua,MODIS,50,6.2,301.7,22.9,D,0
-24.5328,127.4527,360.3,1,1,2014-10-31,0516,Aqua,MODIS,94,6.2,316.9,68.6,D,0
-24.5341,127.4426,345.1,1,1,2014-10-31,0516,Aqua,MODIS,88,6.2,316.7,32.6,D,0
-24.5236,127.4512,382.4,1,1,2014-10-31,0516,Aqua,MODIS,87,6.2,312.4,148.1,D,0
-24.525,127.4411,378.7,1,1,2014-10-31,0516,Aqua,MODIS,100,6.2,323,131.8,D,0
-24.5145,127.4497,345.9,1,1,2014-10-31,0516,Aqua,MODIS,77,6.2,307.2,34.4,D,0
-24.5159,127.4396,412.3,1,1,2014-10-31,0516,Aqua,MODIS,100,6.2,324.4,326.9,D,0
-24.22,128.0508,344.8,1,1,2014-10-31,0516,Aqua,MODIS,73,6.2,315.1,27.2,D,0
-24.2124,128.0394,341,1,1,2014-10-31,0516,Aqua,MODIS,34,6.2,316,15.9,D,0
-24.2051,128.0325,361.4,1,1,2014-10-31,0516,Aqua,MODIS,55,6.2,317.4,61,D,0
-23.0253,128.6237,353.2,1,1,2014-10-31,0516,Aqua,MODIS,95,6.2,314.7,50.9,D,0
-23.0138,128.6462,345.3,1,1,2014-10-31,0516,Aqua,MODIS,54,6.2,303.1,26.5,D,0
-23.0166,128.6266,348.9,1,1,2014-10-31,0516,Aqua,MODIS,84,6.2,316.4,34.4,D,0
-23.0181,128.6169,350.3,1,1,2014-10-31,0516,Aqua,MODIS,88,6.2,315.8,38.1,D,0
-23.009,128.6153,352.7,1,1,2014-10-31,0516,Aqua,MODIS,82,6.2,314,43.1,D,0
-23.4828,129.2103,335.6,1,1,2014-10-31,0516,Aqua,MODIS,78,6.2,309.2,15.9,D,0
-23.4843,129.2003,333.5,1,1,2014-10-31,0516,Aqua,MODIS,74,6.2,308.6,12.9,D,0
-23.4708,129.2286,339,1,1,2014-10-31,0516,Aqua,MODIS,82,6.2,312.2,21.7,D,0
-23.4723,129.2186,356.9,1,1,2014-10-31,0516,Aqua,MODIS,98,6.2,312.7,58.8,D,0
-23.4737,129.2087,385.7,1,1,2014-10-31,0516,Aqua,MODIS,100,6.2,319.5,162.3,D,0
-23.4752,129.1987,350.9,1,1,2014-10-31,0516,Aqua,MODIS,94,6.2,313.4,45.2,D,0
-23.4587,129.2469,346.3,1,1,2014-10-31,0516,Aqua,MODIS,90,6.2,315.1,34.3,D,0
-23.4602,129.2369,358.8,1,1,2014-10-31,0516,Aqua,MODIS,99,6.2,317.4,64.7,D,0
-23.4617,129.2269,408,1,1,2014-10-31,0516,Aqua,MODIS,100,6.2,323.6,292.5,D,0
-23.4632,129.217,421.4,1,1,2014-10-31,0516,Aqua,MODIS,100,6.2,328.6,398.2,D,0
-23.4647,129.2071,356.3,1,1,2014-10-31,0516,Aqua,MODIS,97,6.2,316.9,58.2,D,0
-23.4482,129.2552,339.5,1,1,2014-10-31,0516,Aqua,MODIS,83,6.2,314.7,22.1,D,0
-23.4497,129.2452,348,1,1,2014-10-31,0516,Aqua,MODIS,91,6.2,315.8,37.7,D,0
-23.4511,129.2353,381.1,1,1,2014-10-31,0516,Aqua,MODIS,100,6.2,320.1,141.4,D,0
-23.4526,129.2253,410.9,1,1,2014-10-31,0516,Aqua,MODIS,100,6.2,324.1,313.1,D,0
-23.4541,129.2154,344.9,1,1,2014-10-31,0516,Aqua,MODIS,89,6.2,315.5,32,D,0
-23.4376,129.2635,332.5,1,1,2014-10-31,0516,Aqua,MODIS,72,6.2,315.2,12.3,D,0
-23.4391,129.2536,335.7,1,1,2014-10-31,0516,Aqua,MODIS,78,6.2,314.4,17.2,D,0
-24.3353,127.2109,340.7,1,1,2014-10-31,0516,Aqua,MODIS,59,6.2,315.6,21.8,D,0
-24.3367,127.2007,376.1,1,1,2014-10-31,0516,Aqua,MODIS,100,6.2,321.3,119.9,D,0
-24.3275,127.1992,337.4,1,1,2014-10-31,0516,Aqua,MODIS,78,6.2,318.5,17.1,D,0
-24.5264,127.431,349.2,1,1,2014-10-31,0516,Aqua,MODIS,92,6.2,317.6,41.9,D,0
-24.5173,127.4295,419.8,1,1,2014-10-31,0516,Aqua,MODIS,100,6.2,328.1,389.5,D,0
-24.5082,127.4279,368.3,1,1,2014-10-31,0516,Aqua,MODIS,100,6.2,316.8,97.5,D,0
-23.8595,128.5839,343.2,1,1,2014-10-31,0516,Aqua,MODIS,86,6.2,317.5,25.8,D,0
-23.3313,129.1053,348.5,1,1,2014-10-31,0516,Aqua,MODIS,92,6.2,314.6,39.8,D,0
-23.3328,129.0954,339.1,1,1,2014-10-31,0516,Aqua,MODIS,83,6.2,315,22.2,D,0
-23.5467,128.8319,354.2,1,1,2014-10-31,0516,Aqua,MODIS,96,6.2,315.5,47.4,D,0
-23.5482,128.8221,378.1,1,1,2014-10-31,0516,Aqua,MODIS,100,6.2,317.9,122.7,D,0
-23.5353,128.8546,347.9,1,1,2014-10-31,0516,Aqua,MODIS,91,6.2,317.6,33.5,D,0
-23.5367,128.8447,364.7,1,1,2014-10-31,0516,Aqua,MODIS,100,6.2,318.6,74.3,D,0
-23.5381,128.8349,356.2,1,1,2014-10-31,0516,Aqua,MODIS,97,6.2,318.4,51.7,D,0
-23.5396,128.8251,351.2,1,1,2014-10-31,0516,Aqua,MODIS,94,6.2,320.4,39.9,D,0
-23.5262,128.853,339,1,1,2014-10-31,0516,Aqua,MODIS,82,6.2,318.6,17.4,D,0
-23.5277,128.8432,339.6,1,1,2014-10-31,0516,Aqua,MODIS,83,6.2,318.8,17.9,D,0
-26.5828,124.1077,339.1,1.6,1.2,2014-10-31,0516,Aqua,MODIS,64,6.2,321.3,31,D,0
-25.9245,123.361,340.7,1.7,1.3,2014-10-31,0516,Aqua,MODIS,81,6.2,318.8,47.4,D,0
-25.9148,123.3423,339.3,1.7,1.3,2014-10-31,0516,Aqua,MODIS,79,6.2,319.3,43.6,D,0
-19.8301,128.641,388.9,1,1,2014-10-31,0517,Aqua,MODIS,100,6.2,321.4,181.1,D,0
-19.8224,128.6296,375.2,1,1,2014-10-31,0517,Aqua,MODIS,98,6.2,319.4,123.5,D,0
-22.4144,128.0818,335.9,1,1,2014-10-31,0517,Aqua,MODIS,73,6.2,315.9,12.6,D,0
-21.47,122.1348,338.5,1.8,1.3,2014-10-31,0517,Aqua,MODIS,62,6.2,316,36.7,D,0
-20.2348,122.8598,358.8,1.5,1.2,2014-10-31,0517,Aqua,MODIS,93,6.2,317.9,120.1,D,0
-18.3887,132.8601,369.2,1.9,1.3,2014-10-31,0517,Aqua,MODIS,94,6.2,311.4,239.7,D,0
-21.7205,122.0045,353.6,1.9,1.3,2014-10-31,0517,Aqua,MODIS,96,6.2,309.5,107.7,D,0
-18.3773,132.8871,336.2,1.9,1.3,2014-10-31,0517,Aqua,MODIS,68,6.2,306.5,36.9,D,0
-18.3736,132.8752,341,1.9,1.3,2014-10-31,0517,Aqua,MODIS,82,6.2,309.5,59.5,D,0
-18.3803,132.8696,350.5,1.9,1.3,2014-10-31,0517,Aqua,MODIS,90,6.2,310.3,105.3,D,0
-18.8246,132.8992,348.5,1.8,1.3,2014-10-31,0517,Aqua,MODIS,80,6.2,302.8,115.3,D,0
-18.7269,132.7844,329.8,1.8,1.3,2014-10-31,0517,Aqua,MODIS,16,6.2,306,24.8,D,0
-18.7239,132.8014,332.1,1.8,1.3,2014-10-31,0517,Aqua,MODIS,43,6.2,307.5,30.6,D,0
-21.7085,122.003,363.7,1.9,1.3,2014-10-31,0517,Aqua,MODIS,100,6.2,303.5,177.4,D,0
-18.7832,132.8554,357.6,1.8,1.3,2014-10-31,0517,Aqua,MODIS,98,6.2,308.1,150.4,D,0
-21.7046,122.0389,337,1.8,1.3,2014-10-31,0517,Aqua,MODIS,68,6.2,312,40.7,D,0
-18.7862,132.8382,389.7,1.8,1.3,2014-10-31,0517,Aqua,MODIS,100,6.2,308.5,438.3,D,0
-21.7065,122.0209,334.3,1.9,1.3,2014-10-31,0517,Aqua,MODIS,44,6.2,298.4,28.7,D,0
-18.4006,132.8625,379.7,1.9,1.3,2014-10-31,0517,Aqua,MODIS,100,6.2,301.6,336.9,D,0
-18.4037,132.8451,355.3,1.9,1.3,2014-10-31,0517,Aqua,MODIS,96,6.2,307.2,142.7,D,0
-18.798,132.8406,351,1.8,1.3,2014-10-31,0517,Aqua,MODIS,88,6.2,297.2,121.2,D,0
-21.6925,122.0374,387.9,1.8,1.3,2014-10-31,0517,Aqua,MODIS,100,6.2,316.5,411.1,D,0
-18.3856,132.8776,362.4,1.9,1.3,2014-10-31,0517,Aqua,MODIS,100,6.2,309.6,182.5,D,0
-21.7105,121.9849,373.7,1.9,1.3,2014-10-31,0517,Aqua,MODIS,100,6.2,318.9,260.7,D,0
-18.3684,132.8673,341.3,1.9,1.3,2014-10-31,0517,Aqua,MODIS,46,6.2,311.9,59.7,D,0
-23.1105,123.9999,363,1.4,1.2,2014-10-31,0517,Aqua,MODIS,92,6.2,311.4,120.5,D,0
-23.2216,123.5399,340,1.5,1.2,2014-10-31,0517,Aqua,MODIS,49,6.2,318.9,27.2,D,0
-18.936,132.2345,345.7,1.6,1.3,2014-10-31,0517,Aqua,MODIS,82,6.2,314.8,60.1,D,0
-23.4912,122.5459,421,1.8,1.3,2014-10-31,0517,Aqua,MODIS,100,6.2,325.4,892.8,D,0
-23.183,123.467,358,1.5,1.2,2014-10-31,0517,Aqua,MODIS,98,6.2,318.2,99.5,D,0
-23.4813,122.5268,335.5,1.8,1.3,2014-10-31,0517,Aqua,MODIS,46,6.2,310.9,21.9,D,0
-22.9454,124.539,351.8,1.3,1.1,2014-10-31,0517,Aqua,MODIS,68,6.2,313,67.9,D,0
-22.8646,124.534,333.7,1.3,1.1,2014-10-31,0517,Aqua,MODIS,45,6.2,309,20.5,D,0
-23.4932,122.5283,392.1,1.8,1.3,2014-10-31,0517,Aqua,MODIS,100,6.2,322.7,429.7,D,0
-23.5012,122.565,346.4,1.8,1.3,2014-10-31,0517,Aqua,MODIS,88,6.2,300.6,71.8,D,0
-23.5031,122.5474,400.2,1.8,1.3,2014-10-31,0517,Aqua,MODIS,100,6.2,318.5,537.2,D,0
-23.5051,122.5298,364.1,1.8,1.3,2014-10-31,0517,Aqua,MODIS,100,6.2,324.5,163.1,D,0
-22.6477,120.6085,328.1,2.4,1.5,2014-10-31,0517,Aqua,MODIS,33,6.2,296.7,29.5,D,0
-22.8906,124.5765,351.4,1.3,1.1,2014-10-31,0517,Aqua,MODIS,81,6.2,299.8,70.3,D,0
-22.6501,120.5847,332.5,2.4,1.5,2014-10-31,0517,Aqua,MODIS,67,6.2,298.4,45.8,D,0
-23.2453,123.5279,340.9,1.5,1.2,2014-10-31,0517,Aqua,MODIS,62,6.2,323.2,30.4,D,0
-18.9361,132.2448,336.2,1.6,1.3,2014-10-31,0517,Aqua,MODIS,33,6.2,313,25.3,D,0
-23.4893,122.5635,382.3,1.8,1.3,2014-10-31,0517,Aqua,MODIS,100,6.2,301.2,327.4,D,0
-23.2312,123.5344,361.3,1.5,1.2,2014-10-31,0517,Aqua,MODIS,100,6.2,325.7,113.3,D,0
-22.8804,124.575,337.5,1.3,1.1,2014-10-31,0517,Aqua,MODIS,30,6.2,304.6,30.9,D,0
-23.2294,123.5493,359.1,1.5,1.2,2014-10-31,0517,Aqua,MODIS,99,6.2,321.7,103,D,0
-18.765,130.3422,341.9,1.3,1.1,2014-10-31,0517,Aqua,MODIS,41,6.2,314.7,31.5,D,0
-23.2309,123.5563,338.3,1.5,1.2,2014-10-31,0517,Aqua,MODIS,28,6.2,320.1,23.1,D,0
-23.2326,123.5414,378.9,1.5,1.2,2014-10-31,0517,Aqua,MODIS,100,6.2,325.2,222.7,D,0
-22.926,124.5427,341.8,1.3,1.1,2014-10-31,0517,Aqua,MODIS,29,6.2,300.8,40,D,0
-23.135,123.975,364.4,1.4,1.2,2014-10-31,0517,Aqua,MODIS,96,6.2,322,123.1,D,0
-22.8922,124.5638,386.9,1.3,1.1,2014-10-31,0517,Aqua,MODIS,94,6.2,318.5,244,D,0
-23.2343,123.5265,348.8,1.5,1.2,2014-10-31,0517,Aqua,MODIS,86,6.2,324.1,54.8,D,0
-22.882,124.5623,346.8,1.3,1.1,2014-10-31,0517,Aqua,MODIS,56,6.2,309.2,50.9,D,0
-22.9353,124.793,355.7,1.3,1.1,2014-10-31,0517,Aqua,MODIS,91,6.2,315.8,76.6,D,0
-22.8702,124.5736,366.2,1.3,1.1,2014-10-31,0517,Aqua,MODIS,94,6.2,304.7,126.7,D,0
-22.8717,124.5609,341,1.3,1.1,2014-10-31,0517,Aqua,MODIS,65,6.2,304.9,36.6,D,0
-22.8615,124.5595,341.9,1.3,1.1,2014-10-31,0517,Aqua,MODIS,80,6.2,305.7,42.2,D,0
-22.9158,124.5412,342.5,1.3,1.1,2014-10-31,0517,Aqua,MODIS,53,6.2,306.3,39.1,D,0
-22.8661,124.5212,344.6,1.3,1.1,2014-10-31,0517,Aqua,MODIS,75,6.2,303.2,45.9,D,0
-21.8265,126.228,351.5,1.1,1,2014-10-31,0517,Aqua,MODIS,93,6.2,322.7,38.4,D,0
-21.7446,122.0075,337.3,1.9,1.3,2014-10-31,0517,Aqua,MODIS,66,6.2,308.1,32.6,D,0
-21.8421,121.9952,351.4,1.9,1.3,2014-10-31,0517,Aqua,MODIS,68,6.2,309.5,113.8,D,0
-22.7312,127.0671,425.6,1,1,2014-10-31,0517,Aqua,MODIS,100,6.2,327.9,437.3,D,0
-21.8811,127.1773,337,1,1,2014-10-31,0517,Aqua,MODIS,22,6.2,317.8,11.6,D,0
-21.8824,127.1676,355.1,1,1,2014-10-31,0517,Aqua,MODIS,96,6.2,318.6,47.6,D,0
-21.8838,127.1578,349,1,1,2014-10-31,0517,Aqua,MODIS,91,6.2,317.3,33.7,D,0
-21.863,127.1744,351.4,1,1,2014-10-31,0517,Aqua,MODIS,73,6.2,320.6,38.1,D,0
-21.8643,127.1646,342.5,1,1,2014-10-31,0517,Aqua,MODIS,60,6.2,318.6,20.1,D,0
-21.8657,127.1549,348.6,1,1,2014-10-31,0517,Aqua,MODIS,91,6.2,318.5,32.9,D,0
-21.4204,125.9019,347.6,1.1,1,2014-10-31,0517,Aqua,MODIS,90,6.2,313.8,42.7,D,0
-21.4217,125.8915,343.9,1.1,1,2014-10-31,0517,Aqua,MODIS,88,6.2,311,38.6,D,0
-22.007,123.9814,363,1.4,1.2,2014-10-31,0517,Aqua,MODIS,75,6.2,301.8,130.4,D,0
-21.867,127.1451,380.3,1,1,2014-10-31,0517,Aqua,MODIS,100,6.2,319.3,131.2,D,0
-21.8539,127.1729,361.3,1,1,2014-10-31,0517,Aqua,MODIS,100,6.2,317.3,66,D,0
-22.3722,126.6829,339,1,1,2014-10-31,0517,Aqua,MODIS,78,6.2,318.4,18.7,D,0
-21.8553,127.1632,352.9,1,1,2014-10-31,0517,Aqua,MODIS,95,6.2,316.8,44,D,0
-21.858,127.1436,337.2,1,1,2014-10-31,0517,Aqua,MODIS,77,6.2,316.7,14.3,D,0
-22.7299,127.0771,348.2,1,1,2014-10-31,0517,Aqua,MODIS,72,6.2,313.6,35.6,D,0
-22.3938,126.7125,344.8,1,1,2014-10-31,0517,Aqua,MODIS,86,6.2,318.2,26.1,D,0
-22.3951,126.7025,348.5,1,1,2014-10-31,0517,Aqua,MODIS,90,6.2,320.9,33.6,D,0
-22.3859,126.701,343.7,1,1,2014-10-31,0517,Aqua,MODIS,85,6.2,320.2,23.7,D,0
-22.1189,126.4482,340.1,1.1,1,2014-10-31,0517,Aqua,MODIS,52,6.2,319.9,16.8,D,0
-21.1546,125.2807,343.1,1.1,1.1,2014-10-31,0517,Aqua,MODIS,65,6.2,308.5,37.2,D,0
-22.5391,124.6297,346,1.3,1.1,2014-10-31,0517,Aqua,MODIS,80,6.2,311.5,47.3,D,0
-22.1161,126.4685,389.1,1.1,1,2014-10-31,0517,Aqua,MODIS,75,6.2,300.9,177.5,D,0
-22.1253,126.47,336,1.1,1,2014-10-31,0517,Aqua,MODIS,41,6.2,301.3,7.2,D,0
-21.419,125.9124,339.6,1.1,1,2014-10-31,0517,Aqua,MODIS,68,6.2,315.5,24.5,D,0
-21.4297,125.9034,347.8,1.1,1,2014-10-31,0517,Aqua,MODIS,76,6.2,311.6,45.1,D,0
-22.7221,127.0657,389.7,1,1,2014-10-31,0517,Aqua,MODIS,100,6.2,325.4,179.2,D,0
-22.1742,126.4426,367.4,1.1,1,2014-10-31,0517,Aqua,MODIS,100,6.2,316.4,87.9,D,0
-22.8779,124.5099,347.2,1.3,1.1,2014-10-31,0517,Aqua,MODIS,84,6.2,292.1,51.9,D,0
-22.8764,124.5227,335.6,1.3,1.1,2014-10-31,0517,Aqua,MODIS,59,6.2,295.7,22.8,D,0
-22.8944,124.46,333,1.3,1.1,2014-10-31,0517,Aqua,MODIS,45,6.2,300.5,11.7,D,0
-22.8929,124.4729,339.7,1.3,1.1,2014-10-31,0517,Aqua,MODIS,68,6.2,299.5,29.2,D,0
-22.8913,124.4857,346.5,1.3,1.1,2014-10-31,0517,Aqua,MODIS,84,6.2,303.4,49,D,0
-22.8897,124.4985,358.4,1.3,1.1,2014-10-31,0517,Aqua,MODIS,93,6.2,310.6,89.7,D,0
-22.1756,126.4324,344.8,1.1,1,2014-10-31,0517,Aqua,MODIS,87,6.2,315.7,28.5,D,0
-22.8882,124.5114,356.1,1.3,1.1,2014-10-31,0517,Aqua,MODIS,97,6.2,310.7,80.8,D,0
-22.9031,124.4743,342.3,1.3,1.1,2014-10-31,0517,Aqua,MODIS,57,6.2,291.5,37.9,D,0
-22.1175,126.4583,396.1,1.1,1,2014-10-31,0517,Aqua,MODIS,100,6.2,324.7,217.8,D,0
-22.7952,123.946,352,1.4,1.2,2014-10-31,0517,Aqua,MODIS,88,6.2,319.6,64.9,D,0
-22.8795,124.4971,353.9,1.3,1.1,2014-10-31,0517,Aqua,MODIS,90,6.2,306.7,73.6,D,0
-22.7403,127.0686,364.5,1,1,2014-10-31,0517,Aqua,MODIS,94,6.2,314,82.9,D,0
-22.8559,124.5198,330.3,1.3,1.1,2014-10-31,0517,Aqua,MODIS,40,6.2,304.5,14,D,0
-22.7208,127.0756,397.4,1,1,2014-10-31,0517,Aqua,MODIS,100,6.2,322.9,219.6,D,0
-22.7968,123.9322,353.8,1.4,1.2,2014-10-31,0517,Aqua,MODIS,86,6.2,325,71.8,D,0
-22.7846,123.9445,344.5,1.4,1.2,2014-10-31,0517,Aqua,MODIS,40,6.2,317.8,41.2,D,0
-22.734,127.0472,340.4,1,1,2014-10-31,0517,Aqua,MODIS,68,6.2,311.6,26.5,D,0
-22.7326,127.0572,359.9,1,1,2014-10-31,0517,Aqua,MODIS,95,6.2,318.9,68.5,D,0
-21.171,125.3055,356.9,1.1,1.1,2014-10-31,0517,Aqua,MODIS,98,6.2,307.2,73.5,D,0
-21.1724,125.2945,349.2,1.1,1.1,2014-10-31,0517,Aqua,MODIS,81,6.2,304.9,52.5,D,0
-21.1614,125.3041,358.2,1.1,1.1,2014-10-31,0517,Aqua,MODIS,98,6.2,309.9,77.2,D,0
-21.8261,126.5805,346.6,1,1,2014-10-31,0517,Aqua,MODIS,88,6.2,314,35.9,D,0
-21.7073,126.1028,388.3,1.1,1,2014-10-31,0517,Aqua,MODIS,100,6.2,312.9,191.7,D,0
-21.7059,126.1131,355.3,1.1,1,2014-10-31,0517,Aqua,MODIS,82,6.2,311.1,62.2,D,0
-21.718,126.0939,356.5,1.1,1,2014-10-31,0517,Aqua,MODIS,72,6.2,309.5,66.6,D,0
-22.0191,126.3016,376.5,1.1,1,2014-10-31,0517,Aqua,MODIS,100,6.2,321.9,124.1,D,0
-22.0177,126.3119,361.2,1.1,1,2014-10-31,0517,Aqua,MODIS,100,6.2,316.5,68.6,D,0
-22.0283,126.303,352.6,1.1,1,2014-10-31,0517,Aqua,MODIS,76,6.2,321.9,46.8,D,0
-21.182,125.2959,345.2,1.1,1.1,2014-10-31,0517,Aqua,MODIS,64,6.2,304.9,42.7,D,0
-22.027,126.3133,371.9,1.1,1,2014-10-31,0517,Aqua,MODIS,100,6.2,320.6,106.1,D,0
-22.0256,126.3236,408.7,1.1,1,2014-10-31,0517,Aqua,MODIS,75,6.2,303.9,311.2,D,0
-21.8275,126.5704,347.6,1,1,2014-10-31,0517,Aqua,MODIS,80,6.2,311.9,38.5,D,0
-21.7326,122.006,384.8,1.9,1.3,2014-10-31,0517,Aqua,MODIS,100,6.2,317.9,362.7,D,0
-21.7306,122.024,354.5,1.9,1.3,2014-10-31,0517,Aqua,MODIS,96,6.2,304,117.3,D,0
-15.6272,128.2336,337.9,1.1,1,2014-10-31,0518,Aqua,MODIS,64,6.2,315.3,12.7,D,0
-19.4991,123.0053,336.2,1.5,1.2,2014-10-31,0518,Aqua,MODIS,64,6.2,313.1,27.7,D,0
-19.4974,123.0193,337.2,1.5,1.2,2014-10-31,0518,Aqua,MODIS,54,6.2,313.2,29.4,D,0
-18.7009,122.7146,371.4,1.5,1.2,2014-10-31,0518,Aqua,MODIS,100,6.2,313,187.2,D,0
-19.634,122.9137,367.5,1.5,1.2,2014-10-31,0518,Aqua,MODIS,100,6.2,316,156.5,D,0
-19.4673,122.9004,347.3,1.5,1.2,2014-10-31,0518,Aqua,MODIS,90,6.2,305,70,D,0
-19.4657,122.9146,385.8,1.5,1.2,2014-10-31,0518,Aqua,MODIS,100,6.2,313.6,289.3,D,0
-19.4782,122.9018,350,1.5,1.2,2014-10-31,0518,Aqua,MODIS,92,6.2,309.7,80.2,D,0
-19.4766,122.916,372.9,1.5,1.2,2014-10-31,0518,Aqua,MODIS,100,6.2,314,194.7,D,0
-19.4891,122.9033,331,1.5,1.2,2014-10-31,0518,Aqua,MODIS,43,6.2,306.1,23.2,D,0
-19.658,122.9238,383.5,1.5,1.2,2014-10-31,0518,Aqua,MODIS,100,6.2,319.4,255.8,D,0
-19.6471,122.9222,347.4,1.5,1.2,2014-10-31,0518,Aqua,MODIS,79,6.2,314.6,55.2,D,0
-19.654,122.931,364.3,1.5,1.2,2014-10-31,0518,Aqua,MODIS,100,6.2,319.3,126.1,D,0
-15.6365,128.2352,352.5,1.1,1,2014-10-31,0518,Aqua,MODIS,94,6.2,315.7,45.6,D,0
-18.7245,122.7032,345.7,1.5,1.2,2014-10-31,0518,Aqua,MODIS,60,6.2,318.3,50.8,D,0
-18.7228,122.7175,346.2,1.5,1.2,2014-10-31,0518,Aqua,MODIS,69,6.2,314.9,54.3,D,0
-19.6372,123.0077,351.4,1.5,1.2,2014-10-31,0518,Aqua,MODIS,93,6.2,316.2,66.7,D,0
-15.6199,128.2363,338.7,1.1,1,2014-10-31,0518,Aqua,MODIS,75,6.2,315.9,14.4,D,0
-19.5514,123.0268,342.5,1.5,1.2,2014-10-31,0518,Aqua,MODIS,80,6.2,298,46.3,D,0
-19.6388,122.9936,355.1,1.5,1.2,2014-10-31,0518,Aqua,MODIS,96,6.2,316.2,79.9,D,0
-19.6344,123.0005,340.5,1.5,1.2,2014-10-31,0518,Aqua,MODIS,67,6.2,315.9,27.4,D,0
-15.7202,128.2855,377.4,1.1,1,2014-10-31,0518,Aqua,MODIS,100,6.2,315.1,132.7,D,0
-15.7187,128.2956,338.5,1.1,1,2014-10-31,0518,Aqua,MODIS,77,6.2,313.5,17.5,D,0
-19.6322,122.928,353.1,1.5,1.2,2014-10-31,0518,Aqua,MODIS,95,6.2,313.8,80.1,D,0
-19.6558,122.9167,348.6,1.5,1.2,2014-10-31,0518,Aqua,MODIS,81,6.2,316.1,59.7,D,0
-19.6452,123.002,360.9,1.5,1.2,2014-10-31,0518,Aqua,MODIS,100,6.2,316.8,108.4,D,0
-18.7044,122.686,339.3,1.5,1.2,2014-10-31,0518,Aqua,MODIS,19,6.2,311.6,39.9,D,0
-19.6689,122.9253,336.8,1.5,1.2,2014-10-31,0518,Aqua,MODIS,59,6.2,317.2,20.8,D,0
-19.6213,122.9265,350.5,1.5,1.2,2014-10-31,0518,Aqua,MODIS,93,6.2,312.4,73.5,D,0
-19.4633,122.9074,366.5,1.5,1.2,2014-10-31,0518,Aqua,MODIS,100,6.2,310.2,158.2,D,0
-19.4615,122.9216,351.3,1.5,1.2,2014-10-31,0518,Aqua,MODIS,93,6.2,308.7,86.1,D,0
-19.4741,122.9089,380.3,1.5,1.2,2014-10-31,0518,Aqua,MODIS,100,6.2,315.9,246.2,D,0
-19.4724,122.9231,350.6,1.5,1.2,2014-10-31,0518,Aqua,MODIS,93,6.2,311.3,81.9,D,0
-15.6184,128.2464,337.5,1.1,1,2014-10-31,0518,Aqua,MODIS,56,6.2,316.2,12.3,D,0
-18.6992,122.7288,335.6,1.5,1.2,2014-10-31,0518,Aqua,MODIS,69,6.2,311,34.6,D,0
-18.7136,122.7018,349.7,1.5,1.2,2014-10-31,0518,Aqua,MODIS,79,6.2,320.2,73.1,D,0
-18.7119,122.716,393.4,1.5,1.2,2014-10-31,0518,Aqua,MODIS,100,6.2,319.4,354.4,D,0
-19.6231,122.9122,367.8,1.5,1.2,2014-10-31,0518,Aqua,MODIS,100,6.2,314,161.3,D,0
-18.7027,122.7003,339.6,1.5,1.2,2014-10-31,0518,Aqua,MODIS,51,6.2,302.2,40.6,D,0
-19.6563,122.9381,352.9,1.5,1.2,2014-10-31,0518,Aqua,MODIS,95,6.2,319,72.2,D,0
-18.7101,122.7303,338.9,1.5,1.2,2014-10-31,0518,Aqua,MODIS,62,6.2,313,38.8,D,0
-15.5783,128.3224,337.8,1.1,1,2014-10-31,0518,Aqua,MODIS,30,6.2,317.4,14.4,D,0
-18.5098,128.5467,382.1,1.1,1,2014-10-31,0518,Aqua,MODIS,100,6.2,315.4,146.7,D,0
-18.5113,128.5368,397.8,1.1,1,2014-10-31,0518,Aqua,MODIS,100,6.2,320.8,233.6,D,0
-16.1773,124.7911,377.2,1.1,1,2014-10-31,0518,Aqua,MODIS,100,6.2,312.1,139.9,D,0
-18.1525,130.3909,357.1,1.3,1.1,2014-10-31,0518,Aqua,MODIS,98,6.2,318.1,68,D,0
-16.1787,124.781,350,1.1,1,2014-10-31,0518,Aqua,MODIS,93,6.2,313.1,48.8,D,0
-15.2015,134.5004,336.4,2.9,1.6,2014-10-31,0518,Aqua,MODIS,66,6.2,310.8,65.5,D,0
-16.0551,126.0676,335.2,1,1,2014-10-31,0518,Aqua,MODIS,61,6.2,311.1,12.8,D,0
-15.2011,134.495,335.2,2.9,1.6,2014-10-31,0518,Aqua,MODIS,66,6.2,311.1,58.8,D,0
-15.3888,134.074,337.3,2.6,1.6,2014-10-31,0518,Aqua,MODIS,65,6.2,312.2,67.9,D,0
-16.8943,126.1175,344.8,1,1,2014-10-31,0518,Aqua,MODIS,76,6.2,300.4,38,D,0
-15.3835,134.0653,337.2,2.6,1.6,2014-10-31,0518,Aqua,MODIS,66,6.2,313.2,65.4,D,0
-15.4242,133.7556,338.1,2.5,1.5,2014-10-31,0518,Aqua,MODIS,77,6.2,313,58.9,D,0
-16.9309,130.8619,339.4,1.4,1.2,2014-10-31,0518,Aqua,MODIS,34,6.2,314.2,31.9,D,0
-15.4472,133.784,331.7,2.5,1.5,2014-10-31,0518,Aqua,MODIS,28,6.2,311.9,28,D,0
-15.87,133.9219,332.7,2.5,1.5,2014-10-31,0518,Aqua,MODIS,46,6.2,311.8,33.3,D,0
-15.946,133.9743,341.2,2.5,1.5,2014-10-31,0518,Aqua,MODIS,82,6.2,310.8,89.3,D,0
-15.8877,133.9017,336.8,2.5,1.5,2014-10-31,0518,Aqua,MODIS,72,6.2,311.2,53.8,D,0
-15.8836,133.9247,336.2,2.5,1.5,2014-10-31,0518,Aqua,MODIS,67,6.2,310.4,51.2,D,0
-15.9503,133.951,337,2.5,1.5,2014-10-31,0518,Aqua,MODIS,70,6.2,312.3,57.2,D,0
-15.8932,133.9079,335.2,2.5,1.5,2014-10-31,0518,Aqua,MODIS,67,6.2,311,45.7,D,0
-15.8796,133.9051,336.3,2.5,1.5,2014-10-31,0518,Aqua,MODIS,67,6.2,312.1,50.5,D,0
-15.8754,133.928,333.2,2.5,1.5,2014-10-31,0518,Aqua,MODIS,37,6.2,311,34.3,D,0
-18.342,127.8834,349.2,1,1,2014-10-31,0518,Aqua,MODIS,38,6.2,318.9,41.2,D,0
-18.3329,127.8819,368.1,1,1,2014-10-31,0518,Aqua,MODIS,100,6.2,318.6,89.3,D,0
-18.3344,127.8723,384.5,1,1,2014-10-31,0518,Aqua,MODIS,100,6.2,324.7,153.6,D,0
-18.3358,127.8627,354.1,1,1,2014-10-31,0518,Aqua,MODIS,65,6.2,318.9,50.9,D,0
-15.9391,133.9653,333.7,2.5,1.5,2014-10-31,0518,Aqua,MODIS,35,6.2,311.8,42.2,D,0
-15.9528,133.968,345.1,2.5,1.5,2014-10-31,0518,Aqua,MODIS,88,6.2,310.6,113.2,D,0
-15.7005,133.954,337.1,2.5,1.5,2014-10-31,0518,Aqua,MODIS,78,6.2,315,60.3,D,0
-12.5984,132.238,351.2,2.2,1.4,2014-10-31,0519,Aqua,MODIS,94,6.2,307,144.9,D,0
-12.7592,134.3605,327.3,3.1,1.7,2014-10-31,0519,Aqua,MODIS,32,6.2,309.6,43,D,0
-13.4991,133.9091,331.6,2.8,1.6,2014-10-31,0519,Aqua,MODIS,35,6.2,310.2,30.7,D,0
-12.8332,134.2938,328.7,3.1,1.7,2014-10-31,0519,Aqua,MODIS,60,6.2,307.3,61.5,D,0
-13.3207,134.2251,331.6,3,1.6,2014-10-31,0519,Aqua,MODIS,61,6.2,309.3,52,D,0
-12.8182,134.2912,334.8,3.1,1.7,2014-10-31,0519,Aqua,MODIS,76,6.2,307.1,98.1,D,0
-12.8232,134.2638,331.6,3.1,1.7,2014-10-31,0519,Aqua,MODIS,69,6.2,307.5,77.4,D,0
-12.2185,133.9595,334.8,3,1.6,2014-10-31,0519,Aqua,MODIS,77,6.2,314.5,76.9,D,0
-12.2139,133.987,340.8,3,1.6,2014-10-31,0519,Aqua,MODIS,85,6.2,314.3,123,D,0
-12.2125,133.9915,337.8,3,1.6,2014-10-31,0519,Aqua,MODIS,81,6.2,314.4,100.1,D,0
-12.2174,133.964,343.8,3,1.6,2014-10-31,0519,Aqua,MODIS,88,6.2,314.4,152.9,D,0
-12.2369,133.9396,364.7,3,1.6,2014-10-31,0519,Aqua,MODIS,100,6.2,313.6,399.6,D,0
-12.2321,133.9668,374.9,3,1.6,2014-10-31,0519,Aqua,MODIS,100,6.2,315,565.6,D,0
-13.4977,133.9038,334.8,2.8,1.6,2014-10-31,0519,Aqua,MODIS,73,6.2,310.2,51.6,D,0
-12.3384,131.194,333.2,1.8,1.3,2014-10-31,0519,Aqua,MODIS,65,6.2,312.4,31.5,D,0
-12.6112,132.2402,333.3,2.2,1.4,2014-10-31,0519,Aqua,MODIS,68,6.2,304.7,48.5,D,0
-12.8853,133.0255,329.7,2.5,1.5,2014-10-31,0519,Aqua,MODIS,46,6.2,309.6,32,D,0
-13.315,134.2447,328.2,3,1.6,2014-10-31,0519,Aqua,MODIS,34,6.2,308.8,32.9,D,0
-13.3198,134.2177,331.1,3,1.6,2014-10-31,0519,Aqua,MODIS,62,6.2,309,50,D,0
-12.7439,136.085,327,4.2,1.9,2014-10-31,0519,Aqua,MODIS,60,6.2,298,109.7,D,0
-12.7369,136.1237,345,4.3,1.9,2014-10-31,0519,Aqua,MODIS,89,6.2,298.5,334.7,D,0
-12.738,136.1288,342.1,4.3,1.9,2014-10-31,0519,Aqua,MODIS,86,6.2,298.2,298.5,D,0
-12.7453,136.0901,330.9,4.2,1.9,2014-10-31,0519,Aqua,MODIS,70,6.2,297.9,154.6,D,0
-12.624,132.2425,335.1,2.2,1.4,2014-10-31,0519,Aqua,MODIS,74,6.2,302.9,54.8,D,0
-13.4849,133.9063,331,2.8,1.6,2014-10-31,0519,Aqua,MODIS,39,6.2,310,27.9,D,0
-14.352,132.5109,335.8,2.1,1.4,2014-10-31,0519,Aqua,MODIS,71,6.2,312.3,39.5,D,0
-12.7199,136.1204,338.6,4.3,1.9,2014-10-31,0519,Aqua,MODIS,83,6.2,299.4,243.4,D,0
-13.502,133.8787,331.9,2.8,1.6,2014-10-31,0519,Aqua,MODIS,28,6.2,310.9,36.7,D,0
-12.5859,132.2285,327.6,2.2,1.4,2014-10-31,0519,Aqua,MODIS,48,6.2,305.9,26.9,D,0
-12.5987,132.2307,336.7,2.2,1.4,2014-10-31,0519,Aqua,MODIS,79,6.2,305.8,63.5,D,0
-12.5955,132.2504,339.1,2.2,1.4,2014-10-31,0519,Aqua,MODIS,83,6.2,307,74,D,0
-12.589,132.2162,326.1,2.2,1.4,2014-10-31,0519,Aqua,MODIS,11,6.2,304,19.9,D,0
-13.4123,133.8871,330.6,2.8,1.6,2014-10-31,0519,Aqua,MODIS,47,6.2,309.4,40.2,D,0
-11.3473,131.1456,335.5,1.9,1.3,2014-10-31,0519,Aqua,MODIS,69,6.2,305.3,54.9,D,0
-11.3353,131.1436,330.1,1.9,1.3,2014-10-31,0519,Aqua,MODIS,43,6.2,307.5,38.7,D,0
-11.3232,131.1417,334.7,1.9,1.3,2014-10-31,0519,Aqua,MODIS,66,6.2,307.8,55.7,D,0
-11.3592,130.9238,319.3,1.8,1.3,2014-10-31,0519,Aqua,MODIS,25,6.2,302.9,12.1,D,0
-11.3446,130.9382,323.2,1.8,1.3,2014-10-31,0519,Aqua,MODIS,57,6.2,302.5,20.9,D,0
-11.3474,130.9217,329.4,1.8,1.3,2014-10-31,0519,Aqua,MODIS,82,6.2,304.2,37.8,D,0
-12.721,136.1254,339.6,4.3,1.9,2014-10-31,0519,Aqua,MODIS,84,6.2,299.2,255.9,D,0
-13.5163,133.8814,336.8,2.8,1.6,2014-10-31,0519,Aqua,MODIS,64,6.2,308.9,68.6,D,0
-12.4796,130.6871,329.8,1.7,1.3,2014-10-31,0519,Aqua,MODIS,45,6.2,312.7,17.7,D,0
-12.433,136.6866,328.4,4.7,2,2014-10-31,0519,Aqua,MODIS,67,6.2,300.1,152.7,D,0
-15.1155,126.658,354.2,1,1,2014-10-31,0519,Aqua,MODIS,91,6.2,311.5,52.2,D,0
-15.1256,126.6567,364.2,1,1,2014-10-31,0519,Aqua,MODIS,100,6.2,313.9,77.7,D,0
-15.1243,126.666,345.4,1,1,2014-10-31,0519,Aqua,MODIS,88,6.2,310.1,35,D,0
-15.1436,126.6595,339.2,1,1,2014-10-31,0519,Aqua,MODIS,60,6.2,312.3,20.2,D,0
-15.1423,126.6688,345.5,1,1,2014-10-31,0519,Aqua,MODIS,88,6.2,310.2,34,D,0
-15.1616,126.6623,350.8,1,1,2014-10-31,0519,Aqua,MODIS,93,6.2,314.4,40.5,D,0
-15.2265,126.5303,335.3,1,1,2014-10-31,0519,Aqua,MODIS,70,6.2,315.2,11.2,D,0
-15.0849,126.6153,361,1,1,2014-10-31,0519,Aqua,MODIS,100,6.2,317.1,64.3,D,0
-14.3667,131.4688,335,1.8,1.3,2014-10-31,0519,Aqua,MODIS,71,6.2,310.5,24,D,0
-14.585,131.2596,347,1.7,1.3,2014-10-31,0519,Aqua,MODIS,89,6.2,312.7,66.7,D,0
-14.5825,131.2751,331.8,1.7,1.3,2014-10-31,0519,Aqua,MODIS,51,6.2,310.9,15.4,D,0
-14.6197,130.8351,333.8,1.6,1.2,2014-10-31,0519,Aqua,MODIS,59,6.2,301.9,20,D,0
-14.6221,130.8206,341.6,1.6,1.2,2014-10-31,0519,Aqua,MODIS,83,6.2,309.8,47.2,D,0
-14.5831,131.266,341.4,1.7,1.3,2014-10-31,0519,Aqua,MODIS,83,6.2,312,44.8,D,0
-14.5971,131.2524,388.4,1.7,1.3,2014-10-31,0519,Aqua,MODIS,100,6.2,314.7,356.9,D,0
-14.5945,131.2682,366.4,1.7,1.3,2014-10-31,0519,Aqua,MODIS,100,6.2,313.4,172.9,D,0
-15.392,126.2748,333.7,1,1,2014-10-31,0519,Aqua,MODIS,71,6.2,311.9,13,D,0
-15.419,126.279,343.6,1,1,2014-10-31,0519,Aqua,MODIS,87,6.2,313.2,29.5,D,0
-15.3933,126.2655,344,1,1,2014-10-31,0519,Aqua,MODIS,88,6.2,312.6,29,D,0
-15.2263,126.5927,337.2,1,1,2014-10-31,0519,Aqua,MODIS,68,6.2,313.4,16.2,D,0
-15.4176,126.2882,331,1,1,2014-10-31,0519,Aqua,MODIS,53,6.2,309.1,11,D,0
-14.1807,127.3292,337.9,1,1,2014-10-31,0519,Aqua,MODIS,60,6.2,312.7,17.6,D,0
-14.1822,127.3197,344.6,1,1,2014-10-31,0519,Aqua,MODIS,87,6.2,312.8,29.5,D,0
-14.1688,127.3469,332.7,1,1,2014-10-31,0519,Aqua,MODIS,48,6.2,311.5,8.5,D,0
-14.1702,127.3373,337.8,1,1,2014-10-31,0519,Aqua,MODIS,77,6.2,311.2,16.1,D,0
-13.6471,130.3821,346.7,1.5,1.2,2014-10-31,0519,Aqua,MODIS,89,6.2,305.6,71.5,D,0
-15.0823,126.6339,351.6,1,1,2014-10-31,0519,Aqua,MODIS,94,6.2,307.9,50,D,0
-14.185,127.3006,338.2,1,1,2014-10-31,0519,Aqua,MODIS,78,6.2,313.3,16.9,D,0
-15.1629,126.6531,373.6,1,1,2014-10-31,0519,Aqua,MODIS,100,6.2,317.5,104.6,D,0
-15.127,126.6475,337.3,1,1,2014-10-31,0519,Aqua,MODIS,29,6.2,313.2,14.8,D,0
-14.7264,127.3745,339.1,1,1,2014-10-31,0519,Aqua,MODIS,74,6.2,313.1,18.8,D,0
-15.1016,126.6274,346.5,1,1,2014-10-31,0519,Aqua,MODIS,54,6.2,302.8,30.9,D,0
-14.5964,131.2617,378.3,1.7,1.3,2014-10-31,0519,Aqua,MODIS,100,6.2,315,260.3,D,0
-15.1169,126.6487,346.5,1,1,2014-10-31,0519,Aqua,MODIS,53,6.2,313.1,35.5,D,0
-14.5857,131.2506,339.7,1.7,1.3,2014-10-31,0519,Aqua,MODIS,80,6.2,312.2,37.4,D,0
-13.604,130.0761,338.3,1.4,1.2,2014-10-31,0519,Aqua,MODIS,77,6.2,305.9,37.6,D,0
-15.0836,126.6246,396.8,1,1,2014-10-31,0519,Aqua,MODIS,100,6.2,317.6,216.4,D,0
-15.0913,126.6353,362.7,1,1,2014-10-31,0519,Aqua,MODIS,100,6.2,304,76.4,D,0
-15.1092,126.6381,345.7,1,1,2014-10-31,0519,Aqua,MODIS,66,6.2,302.3,32.5,D,0
-14.9469,126.487,337.6,1,1,2014-10-31,0519,Aqua,MODIS,50,6.2,312.6,16.7,D,0
-15.0773,126.6047,344.7,1,1,2014-10-31,0519,Aqua,MODIS,52,6.2,313.4,26.1,D,0
-15.41,126.2776,332,1,1,2014-10-31,0519,Aqua,MODIS,60,6.2,312.5,11.3,D,0
-15.0926,126.626,411.1,1,1,2014-10-31,0519,Aqua,MODIS,100,6.2,322.7,305.6,D,0
-15.2175,126.5289,335.6,1,1,2014-10-31,0519,Aqua,MODIS,69,6.2,313.8,11.2,D,0
-15.0939,126.6167,372.3,1,1,2014-10-31,0519,Aqua,MODIS,100,6.2,320,97.1,D,0
-14.3784,131.4709,340,1.8,1.3,2014-10-31,0519,Aqua,MODIS,80,6.2,309.8,42.3,D,0
-15.0863,126.6061,341.6,1,1,2014-10-31,0519,Aqua,MODIS,34,6.2,317.6,18.8,D,0
-15.1106,126.6288,353.6,1,1,2014-10-31,0519,Aqua,MODIS,90,6.2,313.9,46.1,D,0
-15.4023,126.2669,336.8,1,1,2014-10-31,0519,Aqua,MODIS,79,6.2,312.5,16.4,D,0
-13.6019,130.0893,345.5,1.4,1.2,2014-10-31,0519,Aqua,MODIS,87,6.2,305.2,60.4,D,0
-14.5737,131.2571,335.9,1.7,1.3,2014-10-31,0519,Aqua,MODIS,56,6.2,311.6,24.2,D,0
-14.6529,131.0589,336,1.6,1.3,2014-10-31,0519,Aqua,MODIS,59,6.2,306.7,35.4,D,0
-14.5429,130.8159,349,1.6,1.2,2014-10-31,0519,Aqua,MODIS,91,6.2,312.1,74.1,D,0
-14.5452,130.8015,384,1.6,1.2,2014-10-31,0519,Aqua,MODIS,100,6.2,312.9,290.3,D,0
-14.5271,130.8428,333,1.6,1.2,2014-10-31,0519,Aqua,MODIS,35,6.2,309.2,17.6,D,0
-14.3978,131.4813,335.2,1.8,1.3,2014-10-31,0519,Aqua,MODIS,64,6.2,312.7,29,D,0
-14.3951,131.4975,335.5,1.8,1.3,2014-10-31,0519,Aqua,MODIS,55,6.2,313.6,28.2,D,0
-14.3175,131.4769,344.6,1.8,1.3,2014-10-31,0519,Aqua,MODIS,86,6.2,312.7,60.7,D,0
-14.3487,132.53,335.4,2.1,1.4,2014-10-31,0519,Aqua,MODIS,54,6.2,312.6,36.9,D,0
-13.4737,133.8728,332.8,2.8,1.6,2014-10-31,0519,Aqua,MODIS,40,6.2,311.8,46.3,D,0
-13.4692,133.8982,331.7,2.8,1.6,2014-10-31,0519,Aqua,MODIS,47,6.2,311.3,35.5,D,0
-13.4706,133.9036,331.8,2.8,1.6,2014-10-31,0519,Aqua,MODIS,25,6.2,311.1,33.7,D,0
-12.2897,132.739,335.4,2.4,1.5,2014-10-31,0519,Aqua,MODIS,78,6.2,306.8,72.2,D,0
-14.5562,130.8036,340.6,1.6,1.2,2014-10-31,0519,Aqua,MODIS,81,6.2,304.1,54.4,D,0
-14.3291,131.4789,335.9,1.8,1.3,2014-10-31,0519,Aqua,MODIS,39,6.2,313.4,28.3,D,0
-14.6941,131.1497,330.1,1.6,1.3,2014-10-31,0519,Aqua,MODIS,43,6.2,306.5,25.3,D,0
-14.6854,131.1425,339.6,1.6,1.3,2014-10-31,0519,Aqua,MODIS,74,6.2,309.3,47.4,D,0
-14.6401,131.2763,337.8,1.7,1.3,2014-10-31,0519,Aqua,MODIS,57,6.2,310.9,36.5,D,0
-14.6312,131.2588,341.9,1.7,1.3,2014-10-31,0519,Aqua,MODIS,73,6.2,305.9,50.3,D,0
-13.5372,133.9434,330.7,2.8,1.6,2014-10-31,0519,Aqua,MODIS,43,6.2,308.4,39.7,D,0
-13.8502,135.6246,340.7,3.7,1.8,2014-10-31,0519,Aqua,MODIS,82,6.2,305.7,192.1,D,0
-13.8484,135.5972,336.3,3.7,1.8,2014-10-31,0519,Aqua,MODIS,76,6.2,305.3,147.7,D,0
-13.8421,135.6311,334.3,3.7,1.8,2014-10-31,0519,Aqua,MODIS,72,6.2,304.9,132.2,D,0
-13.8966,135.6065,335.3,3.7,1.8,2014-10-31,0519,Aqua,MODIS,74,6.2,303.8,143.2,D,0
-14.5405,130.8303,344.4,1.6,1.2,2014-10-31,0519,Aqua,MODIS,86,6.2,310.1,54.4,D,0
-13.8867,135.6091,333,3.7,1.8,2014-10-31,0519,Aqua,MODIS,69,6.2,303.6,119,D,0
-14.6287,131.2742,339.3,1.7,1.3,2014-10-31,0519,Aqua,MODIS,80,6.2,313.6,39,D,0
-14.4901,130.7921,333.8,1.6,1.2,2014-10-31,0519,Aqua,MODIS,48,6.2,309.5,16.9,D,0
-14.4094,131.4834,363.4,1.8,1.3,2014-10-31,0519,Aqua,MODIS,100,6.2,310.1,166.6,D,0
-13.6191,132.5688,335.6,2.2,1.4,2014-10-31,0519,Aqua,MODIS,74,6.2,310.8,47.5,D,0
-13.6183,132.5758,343.9,2.2,1.4,2014-10-31,0519,Aqua,MODIS,86,6.2,310.8,90.2,D,0
-14.3641,131.485,342.2,1.8,1.3,2014-10-31,0519,Aqua,MODIS,83,6.2,313.4,53.1,D,0
-14.3757,131.4872,344.7,1.8,1.3,2014-10-31,0519,Aqua,MODIS,86,6.2,312.9,62.4,D,0
-14.3629,131.4751,336.3,1.8,1.3,2014-10-31,0519,Aqua,MODIS,74,6.2,311.3,28.5,D,0
-14.3746,131.4771,351.4,1.8,1.3,2014-10-31,0519,Aqua,MODIS,93,6.2,311.4,91.4,D,0
-14.3718,131.4934,337.4,1.8,1.3,2014-10-31,0519,Aqua,MODIS,74,6.2,312.6,32.9,D,0
-14.4448,130.7772,341.5,1.6,1.2,2014-10-31,0519,Aqua,MODIS,82,6.2,313.4,40.8,D,0
-14.4472,130.7629,341,1.6,1.2,2014-10-31,0519,Aqua,MODIS,81,6.2,313.1,40.9,D,0
-12.8204,132.5447,327.7,2.3,1.5,2014-10-31,0519,Aqua,MODIS,37,6.2,309.2,20.8,D,0
-14.3862,131.4792,346.5,1.8,1.3,2014-10-31,0519,Aqua,MODIS,88,6.2,311.2,69.1,D,0
-14.5145,130.7814,337.4,1.6,1.2,2014-10-31,0519,Aqua,MODIS,75,6.2,311.1,31.2,D,0
-14.5168,130.7673,363.8,1.6,1.2,2014-10-31,0519,Aqua,MODIS,100,6.2,311.7,144.1,D,0
-14.5035,130.7796,336.4,1.6,1.2,2014-10-31,0519,Aqua,MODIS,70,6.2,311,26.7,D,0
-14.5058,130.7655,338.6,1.6,1.2,2014-10-31,0519,Aqua,MODIS,78,6.2,309.1,34.8,D,0
-13.0444,131.637,334.9,1.9,1.3,2014-10-31,0519,Aqua,MODIS,58,6.2,313.8,21.5,D,0
-14.4098,130.9214,337,1.6,1.2,2014-10-31,0519,Aqua,MODIS,59,6.2,313.6,23.4,D,0
-14.4122,130.9065,338.6,1.6,1.2,2014-10-31,0519,Aqua,MODIS,69,6.2,313.3,29.7,D,0
-14.3834,131.4954,341.2,1.8,1.3,2014-10-31,0519,Aqua,MODIS,82,6.2,312.9,46.9,D,0
-14.4742,130.8189,333.9,1.6,1.2,2014-10-31,0519,Aqua,MODIS,29,6.2,311.4,16.1,D,0
-14.6666,131.0459,340.8,1.6,1.3,2014-10-31,0519,Aqua,MODIS,81,6.2,306.9,51.4,D,0
-14.6554,131.0439,364.7,1.6,1.3,2014-10-31,0519,Aqua,MODIS,100,6.2,311.8,162.9,D,0
-14.5475,130.7874,352.6,1.6,1.2,2014-10-31,0519,Aqua,MODIS,94,6.2,308.2,94.9,D,0
-14.5365,130.7856,345.9,1.6,1.2,2014-10-31,0519,Aqua,MODIS,85,6.2,310.4,64.3,D,0
-14.5278,130.7695,360.4,1.6,1.2,2014-10-31,0519,Aqua,MODIS,100,6.2,310.4,129.5,D,0
-12.3024,132.7263,333.1,2.4,1.5,2014-10-31,0519,Aqua,MODIS,74,6.2,301.1,65.8,D,0
-12.2934,132.7172,335.7,2.4,1.5,2014-10-31,0519,Aqua,MODIS,79,6.2,304.1,76.1,D,0
-14.6331,130.8226,368.9,1.6,1.2,2014-10-31,0519,Aqua,MODIS,100,6.2,310.6,178.6,D,0
-14.6307,130.837,354.3,1.6,1.2,2014-10-31,0519,Aqua,MODIS,96,6.2,309.6,95.9,D,0
-14.6464,130.8102,332.8,1.6,1.2,2014-10-31,0519,Aqua,MODIS,52,6.2,303,30.8,D,0
-14.0843,135.3181,333,3.5,1.8,2014-10-31,0519,Aqua,MODIS,66,6.2,305.1,110.5,D,0
-14.0686,135.315,335.4,3.5,1.8,2014-10-31,0519,Aqua,MODIS,74,6.2,306.8,124.5,D,0
-14.0741,135.3079,333.6,3.5,1.8,2014-10-31,0519,Aqua,MODIS,70,6.2,306.1,107.3,D,0
-14.5939,131.2773,334.8,1.7,1.3,2014-10-31,0519,Aqua,MODIS,66,6.2,311.7,23.7,D,0
-14.5673,131.2245,339.3,1.7,1.3,2014-10-31,0519,Aqua,MODIS,80,6.2,313.3,30.6,D,0
-14.5648,131.2397,335.8,1.7,1.3,2014-10-31,0519,Aqua,MODIS,42,6.2,312,18.7,D,0
-14.5876,131.244,341,1.7,1.3,2014-10-31,0519,Aqua,MODIS,80,6.2,312.2,40.1,D,0
-14.5539,130.8179,361.8,1.6,1.2,2014-10-31,0519,Aqua,MODIS,100,6.2,307.1,140.8,D,0
-14.599,131.2457,351.2,1.7,1.3,2014-10-31,0519,Aqua,MODIS,93,6.2,311.8,84.2,D,0
-14.5884,131.2349,335.6,1.7,1.3,2014-10-31,0519,Aqua,MODIS,45,6.2,312.6,23,D,0
-12.4153,136.6827,323.3,4.7,2,2014-10-31,0519,Aqua,MODIS,35,6.2,300.2,100.5,D,0
-12.4301,136.6904,330.4,4.7,2,2014-10-31,0519,Aqua,MODIS,72,6.2,300.1,178.1,D,0
-13.6157,132.5889,340.9,2.2,1.4,2014-10-31,0519,Aqua,MODIS,83,6.2,310.6,74.2,D,0
-13.6285,132.5914,332.1,2.2,1.4,2014-10-31,0519,Aqua,MODIS,65,6.2,310.5,31,D,0
-13.6147,132.5961,336.2,2.2,1.4,2014-10-31,0519,Aqua,MODIS,75,6.2,310,49.3,D,0
-13.6276,132.5985,333,2.2,1.4,2014-10-31,0519,Aqua,MODIS,67,6.2,310.4,32.8,D,0
-13.6404,132.6011,329,2.2,1.4,2014-10-31,0519,Aqua,MODIS,25,6.2,309.4,14.8,D,0
-14.4108,130.846,336.5,1.6,1.2,2014-10-31,0519,Aqua,MODIS,68,6.2,312.9,27.2,D,0
-14.4132,130.8317,350.5,1.6,1.2,2014-10-31,0519,Aqua,MODIS,92,6.2,315.5,76.4,D,0
-14.5683,130.8706,356.6,1.6,1.2,2014-10-31,0519,Aqua,MODIS,97,6.2,305.5,104.6,D,0
-14.5707,130.8562,353.7,1.6,1.2,2014-10-31,0519,Aqua,MODIS,95,6.2,311.9,92.2,D,0
-14.5548,130.8832,400.7,1.6,1.2,2014-10-31,0519,Aqua,MODIS,100,6.2,315.7,454.5,D,0
-14.5572,130.8687,363,1.6,1.2,2014-10-31,0519,Aqua,MODIS,100,6.2,311.5,136.8,D,0
-14.569,130.8652,359.3,1.6,1.2,2014-10-31,0519,Aqua,MODIS,99,6.2,307.3,118,D,0
-14.5533,130.8923,356.1,1.6,1.2,2014-10-31,0519,Aqua,MODIS,97,6.2,311.9,102,D,0
-14.5556,130.8777,399.6,1.6,1.2,2014-10-31,0519,Aqua,MODIS,100,6.2,315.7,442.2,D,0
-14.5645,130.8254,337.8,1.6,1.2,2014-10-31,0519,Aqua,MODIS,45,6.2,306.9,39.7,D,0
-14.558,130.8632,344.6,1.6,1.2,2014-10-31,0519,Aqua,MODIS,86,6.2,310.9,55.8,D,0
-14.5382,130.8448,344.6,1.6,1.2,2014-10-31,0519,Aqua,MODIS,86,6.2,308.6,55.1,D,0
-13.0147,133.1788,335.8,2.5,1.5,2014-10-31,0519,Aqua,MODIS,76,6.2,307,68.7,D,0
-14.4766,130.8045,335.3,1.6,1.2,2014-10-31,0519,Aqua,MODIS,61,6.2,311.2,19.4,D,0
-14.4866,130.7995,335.2,1.6,1.2,2014-10-31,0519,Aqua,MODIS,60,6.2,309.7,18.9,D,0
-13.5366,133.8643,345.4,2.8,1.6,2014-10-31,0519,Aqua,MODIS,88,6.2,304.2,152.6,D,0
-14.5626,130.8343,341.5,1.6,1.2,2014-10-31,0519,Aqua,MODIS,71,6.2,310,51.7,D,0
-13.0398,131.6289,334.9,1.9,1.3,2014-10-31,0519,Aqua,MODIS,56,6.2,313.4,23.4,D,0
-13.5224,133.8615,363.1,2.8,1.6,2014-10-31,0519,Aqua,MODIS,100,6.2,307.8,330.2,D,0
-13.5082,133.859,340.3,2.8,1.6,2014-10-31,0519,Aqua,MODIS,49,6.2,310.8,104.8,D,0
-13.494,133.8562,340.5,2.8,1.6,2014-10-31,0519,Aqua,MODIS,65,6.2,312.9,107.7,D,0
-13.4798,133.8533,345.4,2.8,1.6,2014-10-31,0519,Aqua,MODIS,84,6.2,310.2,141.2,D,0
-13.5206,133.8561,349.9,2.8,1.6,2014-10-31,0519,Aqua,MODIS,86,6.2,308.4,188.1,D,0
-13.5064,133.8535,342.8,2.8,1.6,2014-10-31,0519,Aqua,MODIS,75,6.2,311,126.4,D,0
-13.4922,133.8507,341.9,2.8,1.6,2014-10-31,0519,Aqua,MODIS,84,6.2,312.3,122.3,D,0
-13.478,133.8479,338.5,2.8,1.6,2014-10-31,0519,Aqua,MODIS,71,6.2,309.3,91.4,D,0
-13.7113,132.6402,334.2,2.2,1.4,2014-10-31,0519,Aqua,MODIS,53,6.2,312.8,35.3,D,0
-13.7106,132.6563,335.5,2.2,1.4,2014-10-31,0519,Aqua,MODIS,68,6.2,313.8,36.4,D,0
-14.6292,130.9869,338.9,1.6,1.2,2014-10-31,0519,Aqua,MODIS,47,6.2,310.9,38,D,0
-14.3202,131.4606,340.4,1.8,1.3,2014-10-31,0519,Aqua,MODIS,78,6.2,315.4,40,D,0
-12.5831,136.1666,328.4,4.3,1.9,2014-10-31,0519,Aqua,MODIS,66,6.2,299.3,118.7,D,0
-12.6689,136.1106,333,4.3,1.9,2014-10-31,0519,Aqua,MODIS,75,6.2,296.5,172.8,D,0
-12.6615,136.1498,348.3,4.3,1.9,2014-10-31,0519,Aqua,MODIS,92,6.2,296,384,D,0
-12.566,136.1633,335.6,4.3,1.9,2014-10-31,0519,Aqua,MODIS,79,6.2,300.6,199.1,D,0
-12.7029,136.1172,335.6,4.3,1.9,2014-10-31,0519,Aqua,MODIS,79,6.2,298.6,205.9,D,0
-12.5654,136.1586,325.3,4.3,1.9,2014-10-31,0519,Aqua,MODIS,51,6.2,300.6,88.7,D,0
-12.6585,136.1413,346,4.3,1.9,2014-10-31,0519,Aqua,MODIS,90,6.2,296.8,351.8,D,0
-12.704,136.1223,336.6,4.3,1.9,2014-10-31,0519,Aqua,MODIS,80,6.2,298.7,215.4,D,0
-31.3735,115.7301,317.3,3.2,1.7,2014-10-31,0652,Aqua,MODIS,67,6.2,299.7,54.7,D,0
-31.3771,115.7231,316.6,3.2,1.7,2014-10-31,0653,Aqua,MODIS,66,6.2,299.5,50.7,D,0
-31.3584,115.7254,316.3,3.2,1.7,2014-10-31,0653,Aqua,MODIS,66,6.2,299.7,48.6,D,0
-31.3621,115.7184,318.5,3.2,1.7,2014-10-31,0653,Aqua,MODIS,70,6.2,300.6,59.1,D,0
-24.3983,146.2361,334.3,1,1,2014-10-31,1302,Terra,MODIS,100,6.2,298.1,32.6,N,0
-24.3997,146.2262,325.6,1,1,2014-10-31,1302,Terra,MODIS,100,6.2,297.2,21.1,N,0
-24.4012,146.2164,311.4,1,1,2014-10-31,1302,Terra,MODIS,81,6.2,296.3,8,N,0
-24.3892,146.2345,324.4,1,1,2014-10-31,1302,Terra,MODIS,100,6.2,296.3,20.1,N,0
-24.3907,146.2246,317.6,1,1,2014-10-31,1302,Terra,MODIS,95,6.2,296.2,13.1,N,0
-24.3817,146.223,310.4,1,1,2014-10-31,1302,Terra,MODIS,79,6.2,296.5,7.8,N,0
-24.3831,146.2131,309.1,1,1,2014-10-31,1302,Terra,MODIS,75,6.2,295.5,6.7,N,0
-24.3726,146.2214,329.7,1,1,2014-10-31,1302,Terra,MODIS,100,6.2,296.3,26.9,N,0
-24.3741,146.2115,315.1,1,1,2014-10-31,1302,Terra,MODIS,90,6.2,295.2,11.4,N,0
-24.8252,148.1442,304.9,1.1,1.1,2014-10-31,1302,Terra,MODIS,62,6.2,290.2,7.5,N,0
-24.3732,146.835,304.9,1,1,2014-10-31,1302,Terra,MODIS,37,6.2,294.7,4.2,N,0
-24.3747,146.8249,309.5,1,1,2014-10-31,1302,Terra,MODIS,77,6.2,295.3,7.6,N,0
-24.8051,147.2104,318.8,1.1,1,2014-10-31,1302,Terra,MODIS,97,6.2,294.7,15.9,N,0
-24.8067,147.2,343.5,1.1,1,2014-10-31,1302,Terra,MODIS,100,6.2,296.2,51.4,N,0
-24.7959,147.2087,316.6,1.1,1,2014-10-31,1302,Terra,MODIS,93,6.2,294.2,14.3,N,0
-23.9897,148.5013,324.2,1.2,1.1,2014-10-31,1302,Terra,MODIS,100,6.2,295.1,27.8,N,0
-23.9916,148.4895,305.4,1.2,1.1,2014-10-31,1302,Terra,MODIS,64,6.2,294.3,7,N,0
-23.9799,148.4994,319.8,1.2,1.1,2014-10-31,1302,Terra,MODIS,99,6.2,294.5,21.6,N,0
-23.9818,148.4876,318.5,1.2,1.1,2014-10-31,1302,Terra,MODIS,97,6.2,294.3,19.9,N,0
-25.2243,147.481,325.2,1.1,1,2014-10-31,1302,Terra,MODIS,100,6.2,296.1,23.6,N,0
-25.2227,147.4915,331.4,1.1,1,2014-10-31,1302,Terra,MODIS,100,6.2,296.7,32.1,N,0
-26.5237,150.2591,314.3,1.4,1.2,2014-10-31,1302,Terra,MODIS,67,6.2,281.7,17.8,N,0
-26.5109,150.2361,331,1.4,1.2,2014-10-31,1302,Terra,MODIS,78,6.2,293.4,43.7,N,0
-26.5005,150.2338,325.1,1.4,1.2,2014-10-31,1302,Terra,MODIS,30,6.2,294.3,32,N,0
-26.4877,150.2453,332.7,1.4,1.2,2014-10-31,1302,Terra,MODIS,100,6.2,294.9,47.3,N,0
-26.49,150.2315,336,1.4,1.2,2014-10-31,1302,Terra,MODIS,100,6.2,294.9,55.4,N,0
-26.4773,150.243,320.4,1.4,1.2,2014-10-31,1302,Terra,MODIS,94,6.2,293.7,24.7,N,0
-24.4267,146.2269,330.3,1,1,2014-10-31,1302,Terra,MODIS,100,6.2,297.8,27,N,0
-24.4282,146.217,321.6,1,1,2014-10-31,1302,Terra,MODIS,100,6.2,297.3,16.8,N,0
-24.4162,146.2352,318.6,1,1,2014-10-31,1302,Terra,MODIS,97,6.2,296.7,13.4,N,0
-24.4177,146.2252,315.4,1,1,2014-10-31,1302,Terra,MODIS,91,6.2,296,10.7,N,0
-24.4192,146.2154,307.6,1,1,2014-10-31,1302,Terra,MODIS,37,6.2,296.3,4.9,N,0
-24.4072,146.2335,331.9,1,1,2014-10-31,1302,Terra,MODIS,100,6.2,297.9,28.7,N,0
-24.4087,146.2236,311.8,1,1,2014-10-31,1302,Terra,MODIS,36,6.2,296.2,7.5,N,0
-24.4101,146.2137,311.6,1,1,2014-10-31,1302,Terra,MODIS,37,6.2,296.6,7.7,N,0
-25.2482,147.4919,314,1.1,1,2014-10-31,1302,Terra,MODIS,88,6.2,295.3,11.3,N,0
-25.2313,147.4778,337.5,1.1,1,2014-10-31,1302,Terra,MODIS,100,6.2,296.4,40.1,N,0
-24.7207,147.7591,301.2,1.1,1,2014-10-31,1302,Terra,MODIS,39,6.2,289.8,4.8,N,0
-24.8389,147.75,301.2,1.1,1,2014-10-31,1302,Terra,MODIS,33,6.2,290.8,4.1,N,0
-24.3048,146.1827,310.6,1,1,2014-10-31,1302,Terra,MODIS,47,6.2,296.1,7.3,N,0
-24.3062,146.1728,334.4,1,1,2014-10-31,1302,Terra,MODIS,100,6.2,297.6,32.6,N,0
-24.3077,146.1629,311.6,1,1,2014-10-31,1302,Terra,MODIS,72,6.2,296,8.1,N,0
-24.2987,146.1613,307.6,1,1,2014-10-31,1302,Terra,MODIS,70,6.2,295.7,5.8,N,0
-24.1487,146.7294,318.7,1,1,2014-10-31,1302,Terra,MODIS,97,6.2,295.5,15.7,N,0
-24.1503,146.7193,306.2,1,1,2014-10-31,1302,Terra,MODIS,66,6.2,295,5.5,N,0
-24.1421,146.7224,308.5,1,1,2014-10-31,1302,Terra,MODIS,73,6.2,294.4,7.5,N,0
-25.5805,150.8679,308.6,1.6,1.2,2014-10-31,1302,Terra,MODIS,36,6.2,290.4,13.4,N,0
-24.4331,146.8001,318.4,1,1,2014-10-31,1302,Terra,MODIS,97,6.2,296.1,14.6,N,0
-24.4362,146.7799,312.9,1,1,2014-10-31,1302,Terra,MODIS,47,6.2,296,9.1,N,0
-24.427,146.7782,317.5,1,1,2014-10-31,1302,Terra,MODIS,56,6.2,296.2,11.7,N,0
-24.4301,146.7579,308.7,1,1,2014-10-31,1302,Terra,MODIS,35,6.2,295.6,6.2,N,0
-24.4179,146.7764,316.9,1,1,2014-10-31,1302,Terra,MODIS,40,6.2,296.1,10.8,N,0
-24.421,146.7562,313.1,1,1,2014-10-31,1302,Terra,MODIS,31,6.2,296,8.6,N,0
-24.4052,146.8096,310.2,1,1,2014-10-31,1302,Terra,MODIS,79,6.2,295.8,8.3,N,0
-24.4067,146.7994,307.6,1,1,2014-10-31,1302,Terra,MODIS,45,6.2,295,6.4,N,0
-24.4113,146.7689,309.6,1,1,2014-10-31,1302,Terra,MODIS,77,6.2,295.5,8,N,0
-24.4128,146.7589,318.6,1,1,2014-10-31,1302,Terra,MODIS,97,6.2,296.1,15.4,N,0
-24.396,146.8079,313.8,1,1,2014-10-31,1302,Terra,MODIS,80,6.2,295.3,10.7,N,0
-25.2389,147.4901,337.1,1.1,1,2014-10-31,1302,Terra,MODIS,100,6.2,296.6,40.2,N,0
-24.7342,147.7676,307.4,1.1,1,2014-10-31,1302,Terra,MODIS,71,6.2,289.6,8.4,N,0
-25.2373,147.5006,305.2,1.1,1,2014-10-31,1302,Terra,MODIS,63,6.2,294.3,5.2,N,0
-25.2514,147.4709,304.7,1.1,1,2014-10-31,1302,Terra,MODIS,61,6.2,294.5,4.8,N,0
-25.2498,147.4814,328.4,1.1,1,2014-10-31,1302,Terra,MODIS,100,6.2,296.7,27.2,N,0
-25.2297,147.4883,346.2,1.1,1,2014-10-31,1302,Terra,MODIS,100,6.2,298,57.2,N,0
-25.2281,147.4988,305.5,1.1,1,2014-10-31,1302,Terra,MODIS,26,6.2,294.3,5,N,0
-24.7248,147.7657,303,1.1,1,2014-10-31,1302,Terra,MODIS,20,6.2,289.9,5.1,N,0
-25.2406,147.4796,327.4,1.1,1,2014-10-31,1302,Terra,MODIS,100,6.2,296.5,25.3,N,0
-22.3583,146.3399,307.1,1,1,2014-10-31,1303,Terra,MODIS,47,6.2,295.1,5.2,N,0
-22.3648,146.3469,306.5,1,1,2014-10-31,1303,Terra,MODIS,18,6.2,295.1,4.9,N,0
-22.0126,149.2157,304.6,1.4,1.2,2014-10-31,1303,Terra,MODIS,61,6.2,291,10.8,N,0
-23.0951,146.2741,313.8,1,1,2014-10-31,1303,Terra,MODIS,86,6.2,296.3,9.9,N,0
-21.7367,141.3452,310,1.3,1.1,2014-10-31,1303,Terra,MODIS,57,6.2,297.1,9.3,N,0
-23.3732,147.812,314.3,1.1,1.1,2014-10-31,1303,Terra,MODIS,65,6.2,293,12.6,N,0
-21.6941,141.3521,310,1.3,1.1,2014-10-31,1303,Terra,MODIS,75,6.2,297,9.3,N,0
-21.7043,141.3536,308.5,1.3,1.1,2014-10-31,1303,Terra,MODIS,12,6.2,297.5,7.8,N,0
-21.7382,141.3326,313.3,1.3,1.1,2014-10-31,1303,Terra,MODIS,85,6.2,297.1,12.8,N,0
-23.0936,146.284,311.8,1,1,2014-10-31,1303,Terra,MODIS,76,6.2,296,8.1,N,0
-22.3491,146.3383,308.2,1,1,2014-10-31,1303,Terra,MODIS,63,6.2,295.5,6.1,N,0
-23.086,146.2725,308.4,1,1,2014-10-31,1303,Terra,MODIS,69,6.2,295.8,5.9,N,0
-21.763,141.2769,308.9,1.3,1.1,2014-10-31,1303,Terra,MODIS,6,6.2,297.6,6.9,N,0
-21.7718,141.2912,313.6,1.3,1.1,2014-10-31,1303,Terra,MODIS,79,6.2,297.7,12.8,N,0
-18.3195,143.7449,310.9,1,1,2014-10-31,1304,Terra,MODIS,80,6.2,297.7,7,N,0
-18.3093,145.2749,306,1,1,2014-10-31,1304,Terra,MODIS,67,6.2,290.7,6.8,N,0
-19.9711,143.957,313,1,1,2014-10-31,1304,Terra,MODIS,66,6.2,296,8.2,N,0
-18.3416,143.7832,309.3,1,1,2014-10-31,1304,Terra,MODIS,54,6.2,296.7,5.6,N,0
-18.3194,145.2072,304.1,1,1,2014-10-31,1304,Terra,MODIS,26,6.2,290.6,4.7,N,0
-18.3432,143.7061,316.3,1,1,2014-10-31,1304,Terra,MODIS,53,6.2,298.7,8.9,N,0
-18.2204,145.2542,328.5,1,1,2014-10-31,1304,Terra,MODIS,100,6.2,292.4,25.9,N,0
-18.3316,143.7237,312.1,1,1,2014-10-31,1304,Terra,MODIS,39,6.2,298.1,6,N,0
-18.3313,143.7912,309.4,1,1,2014-10-31,1304,Terra,MODIS,33,6.2,296.5,5.4,N,0
-19.9335,143.9648,311.6,1,1,2014-10-31,1304,Terra,MODIS,83,6.2,296.3,7.9,N,0
-18.3108,145.2652,304.6,1,1,2014-10-31,1304,Terra,MODIS,61,6.2,290.4,5.7,N,0
-18.3535,143.6981,321.2,1,1,2014-10-31,1304,Terra,MODIS,100,6.2,299.2,13.5,N,0
-18.3625,143.6995,341.6,1,1,2014-10-31,1304,Terra,MODIS,100,6.2,300.3,41.2,N,0
-18.3676,143.7293,330.5,1,1,2014-10-31,1304,Terra,MODIS,100,6.2,299,24.6,N,0
-19.9349,143.9552,324.7,1,1,2014-10-31,1304,Terra,MODIS,100,6.2,297.5,19.6,N,0
-19.9322,143.9744,306.3,1,1,2014-10-31,1304,Terra,MODIS,68,6.2,295.6,4.4,N,0
-19.9259,143.9538,316.2,1,1,2014-10-31,1304,Terra,MODIS,93,6.2,296.3,11.3,N,0
-18.2113,145.2526,316.4,1,1,2014-10-31,1304,Terra,MODIS,41,6.2,290.1,13.6,N,0
-19.9698,143.9666,318.1,1,1,2014-10-31,1304,Terra,MODIS,96,6.2,296.7,12.9,N,0
-18.3445,143.6967,317.8,1,1,2014-10-31,1304,Terra,MODIS,90,6.2,299,10.7,N,0
-19.9452,143.9471,314.2,1,1,2014-10-31,1304,Terra,MODIS,89,6.2,296.8,10.1,N,0
-19.9802,143.9584,332,1,1,2014-10-31,1304,Terra,MODIS,100,6.2,297.5,28.9,N,0
-18.2175,145.2736,317,1,1,2014-10-31,1304,Terra,MODIS,41,6.2,291,13.5,N,0
-18.3222,143.726,318.4,1,1,2014-10-31,1304,Terra,MODIS,97,6.2,298.6,13,N,0
-18.3689,143.7198,332.6,1,1,2014-10-31,1304,Terra,MODIS,100,6.2,299.3,27.6,N,0
-19.9245,143.9634,318.2,1,1,2014-10-31,1304,Terra,MODIS,96,6.2,296.2,13.2,N,0
-18.3065,143.7718,312.5,1,1,2014-10-31,1304,Terra,MODIS,84,6.2,297.3,8.2,N,0
-18.3235,143.7166,316,1,1,2014-10-31,1304,Terra,MODIS,92,6.2,298.4,10.8,N,0
-18.3209,143.7355,316,1,1,2014-10-31,1304,Terra,MODIS,92,6.2,298.2,11.1,N,0
-18.3459,143.6872,308.8,1,1,2014-10-31,1304,Terra,MODIS,56,6.2,298.5,4.1,N,0
-18.219,145.2639,327.6,1,1,2014-10-31,1304,Terra,MODIS,97,6.2,292.4,24.1,N,0
-18.3612,143.709,326.6,1,1,2014-10-31,1304,Terra,MODIS,100,6.2,299.3,19.3,N,0
-19.9788,143.968,315.1,1,1,2014-10-31,1304,Terra,MODIS,91,6.2,296.3,10.6,N,0
-18.3549,143.6886,315.3,1,1,2014-10-31,1304,Terra,MODIS,74,6.2,299.2,8.6,N,0
-19.9608,143.9652,314.6,1,1,2014-10-31,1304,Terra,MODIS,88,6.2,296.2,9.3,N,0
-19.9594,143.9748,322.7,1,1,2014-10-31,1304,Terra,MODIS,100,6.2,296.8,17.1,N,0
-19.9362,143.9456,313.8,1,1,2014-10-31,1304,Terra,MODIS,88,6.2,296.4,9.7,N,0
-18.976,142.5699,328.3,1.1,1,2014-10-31,1304,Terra,MODIS,100,6.2,299.8,25,N,0
-18.984,142.5815,313.1,1.1,1,2014-10-31,1304,Terra,MODIS,83,6.2,299.4,7.6,N,0
-16.9309,142.8305,345.2,1,1,2014-10-31,1304,Terra,MODIS,100,6.2,299.9,49.8,N,0
-16.8819,142.8558,315.4,1,1,2014-10-31,1304,Terra,MODIS,90,6.2,297.4,9.2,N,0
-18.9826,142.5916,333.1,1.1,1,2014-10-31,1304,Terra,MODIS,100,6.2,300.7,31.1,N,0
-18.9812,142.6018,351,1.1,1,2014-10-31,1304,Terra,MODIS,100,6.2,301.1,65.8,N,0
-16.9953,142.8266,320.2,1,1,2014-10-31,1304,Terra,MODIS,100,6.2,298,13.7,N,0
-16.994,142.8362,310.5,1,1,2014-10-31,1304,Terra,MODIS,46,6.2,297.4,5.1,N,0
-16.9296,142.8401,327,1,1,2014-10-31,1304,Terra,MODIS,100,6.2,298.2,21.2,N,0
-16.9568,142.8442,312.1,1,1,2014-10-31,1304,Terra,MODIS,82,6.2,296.8,6.6,N,0
-18.9746,142.5801,337.4,1.1,1,2014-10-31,1304,Terra,MODIS,100,6.2,300.6,38.7,N,0
-16.9491,142.8333,312.5,1,1,2014-10-31,1304,Terra,MODIS,62,6.2,297.5,6.4,N,0
-16.9582,142.8347,340,1,1,2014-10-31,1304,Terra,MODIS,100,6.2,299.4,40.3,N,0
-17.1289,145.542,300.4,1.1,1,2014-10-31,1304,Terra,MODIS,26,6.2,289.2,4.9,N,0
-16.8806,142.8654,321,1,1,2014-10-31,1304,Terra,MODIS,100,6.2,297.7,14.7,N,0
-17.0226,142.8307,313.7,1,1,2014-10-31,1304,Terra,MODIS,65,6.2,297.7,7.6,N,0
-17.059,142.8363,314.1,1,1,2014-10-31,1304,Terra,MODIS,87,6.2,297.5,8.4,N,0
-17.0408,142.8335,315.9,1,1,2014-10-31,1304,Terra,MODIS,91,6.2,297.6,9.7,N,0
-16.9205,142.8387,313.4,1,1,2014-10-31,1304,Terra,MODIS,42,6.2,297.7,6.9,N,0
-18.9774,142.5597,309.9,1.1,1,2014-10-31,1304,Terra,MODIS,74,6.2,298.5,5.8,N,0
-18.9799,142.6119,311.8,1.1,1,2014-10-31,1304,Terra,MODIS,81,6.2,299,6.6,N,0
-17.1275,142.8039,314.5,1,1,2014-10-31,1304,Terra,MODIS,68,6.2,296.3,9.1,N,0
-17.1262,142.8135,327.3,1,1,2014-10-31,1304,Terra,MODIS,100,6.2,297.1,22,N,0
-17.1171,142.8121,328,1,1,2014-10-31,1304,Terra,MODIS,100,6.2,297.1,22.8,N,0
-17.1079,142.8107,322.1,1,1,2014-10-31,1304,Terra,MODIS,100,6.2,295.6,16.5,N,0
-18.9892,142.6133,354.3,1.1,1,2014-10-31,1304,Terra,MODIS,100,6.2,303.5,74.4,N,0
-17.0975,142.819,318.4,1,1,2014-10-31,1304,Terra,MODIS,75,6.2,297.8,12.7,N,0
-17.0988,142.8093,326.4,1,1,2014-10-31,1304,Terra,MODIS,100,6.2,294.6,21.7,N,0
-18.9878,142.6235,373.6,1.1,1,2014-10-31,1304,Terra,MODIS,100,6.2,304.2,137.2,N,0
-16.8715,142.864,311.1,1,1,2014-10-31,1304,Terra,MODIS,79,6.2,297.1,6.1,N,0
-16.852,142.8708,310.3,1,1,2014-10-31,1304,Terra,MODIS,57,6.2,297.1,5.1,N,0
-16.8611,142.8722,314.3,1,1,2014-10-31,1304,Terra,MODIS,88,6.2,297.4,8.4,N,0
-18.9905,142.6032,339.6,1.1,1,2014-10-31,1304,Terra,MODIS,100,6.2,303.2,41.8,N,0
-18.9919,142.593,312.4,1.1,1,2014-10-31,1304,Terra,MODIS,82,6.2,300.2,7.1,N,0
-16.8429,142.8694,312.5,1,1,2014-10-31,1304,Terra,MODIS,66,6.2,297.1,6.7,N,0
-16.8338,142.868,314,1,1,2014-10-31,1304,Terra,MODIS,86,6.2,297.4,7.9,N,0
-18.7031,133.0339,327.1,4.8,2,2014-10-31,1304,Terra,MODIS,100,6.2,278.9,248.4,N,0
-18.7231,133.0285,324.3,4.8,2,2014-10-31,1304,Terra,MODIS,100,6.2,277.5,215.9,N,0
-18.7051,133.0268,329.3,4.8,2,2014-10-31,1304,Terra,MODIS,100,6.2,278,280.5,N,0
-18.7212,133.0356,323.7,4.8,2,2014-10-31,1304,Terra,MODIS,100,6.2,278.9,210,N,0
-15.1026,145.1048,307.6,1.1,1,2014-10-31,1305,Terra,MODIS,72,6.2,293,7.8,N,0
-15.1011,145.1148,305.7,1.1,1,2014-10-31,1305,Terra,MODIS,65,6.2,293.3,6.2,N,0
-15.624,142.2476,342.7,1,1,2014-10-31,1305,Terra,MODIS,100,6.2,298.2,47.3,N,0
-15.2481,142.7113,314,1,1,2014-10-31,1305,Terra,MODIS,87,6.2,296.2,10.3,N,0
-15.4758,142.1936,307.5,1,1,2014-10-31,1305,Terra,MODIS,40,6.2,295.8,5.1,N,0
-16.5282,142.6898,314.8,1,1,2014-10-31,1305,Terra,MODIS,88,6.2,296.6,9.3,N,0
-15.5659,142.4099,320.5,1,1,2014-10-31,1305,Terra,MODIS,100,6.2,296.7,15.2,N,0
-16.4982,142.7049,316.3,1,1,2014-10-31,1305,Terra,MODIS,92,6.2,296.8,10.1,N,0
-15.2273,142.7273,324.5,1,1,2014-10-31,1305,Terra,MODIS,100,6.2,297.4,20.2,N,0
-15.1886,142.7406,316.1,1,1,2014-10-31,1305,Terra,MODIS,80,6.2,295.8,11,N,0
-15.1692,142.7472,308.9,1,1,2014-10-31,1305,Terra,MODIS,34,6.2,295.7,5.8,N,0
-15.314,142.6988,368.6,1,1,2014-10-31,1305,Terra,MODIS,100,6.2,300.2,111.1,N,0
-16.5574,142.7398,306.8,1,1,2014-10-31,1305,Terra,MODIS,62,6.2,296.3,3.6,N,0
-15.1873,142.75,310.2,1,1,2014-10-31,1305,Terra,MODIS,10,6.2,295.6,6.3,N,0
-15.0839,142.7666,306.1,1,1,2014-10-31,1305,Terra,MODIS,43,6.2,295.9,4.4,N,0
-15.5634,142.3606,305.4,1,1,2014-10-31,1305,Terra,MODIS,54,6.2,295.1,3.8,N,0
-15.5912,142.2821,311.9,1,1,2014-10-31,1305,Terra,MODIS,82,6.2,295.8,7.6,N,0
-15.562,142.3702,305.5,1,1,2014-10-31,1305,Terra,MODIS,59,6.2,295,3.8,N,0
-15.5672,142.4003,310.4,1,1,2014-10-31,1305,Terra,MODIS,78,6.2,296,6.4,N,0
-15.1497,142.7575,308.4,1,1,2014-10-31,1305,Terra,MODIS,44,6.2,295.4,5.7,N,0
-15.2467,142.7207,315.4,1,1,2014-10-31,1305,Terra,MODIS,91,6.2,296.5,11.5,N,0
-15.3257,142.6813,356.9,1,1,2014-10-31,1305,Terra,MODIS,100,6.2,298.7,76.9,N,0
-16.3921,142.7415,310.1,1,1,2014-10-31,1305,Terra,MODIS,74,6.2,296.3,5.6,N,0
-15.6135,142.2559,406.6,1,1,2014-10-31,1305,Terra,MODIS,100,6.2,305.4,309.4,N,0
-16.48,142.7021,309.7,1,1,2014-10-31,1305,Terra,MODIS,73,6.2,296.6,5,N,0
-15.4099,142.6035,318.7,1,1,2014-10-31,1305,Terra,MODIS,97,6.2,296.2,13.7,N,0
-15.6109,142.2752,357.4,1,1,2014-10-31,1305,Terra,MODIS,100,6.2,298.7,80.8,N,0
-15.6043,142.2545,322.3,1,1,2014-10-31,1305,Terra,MODIS,100,6.2,297.5,16.3,N,0
-15.6057,142.2448,335.3,1,1,2014-10-31,1305,Terra,MODIS,100,6.2,297.4,33.4,N,0
-15.2843,142.7135,316.7,1,1,2014-10-31,1305,Terra,MODIS,93,6.2,296.2,11.4,N,0
-16.5359,142.7008,317.3,1,1,2014-10-31,1305,Terra,MODIS,94,6.2,296.7,11.8,N,0
-15.5645,142.4195,317.9,1,1,2014-10-31,1305,Terra,MODIS,96,6.2,296.3,12.4,N,0
-16.4311,142.7279,316.5,1,1,2014-10-31,1305,Terra,MODIS,92,6.2,297.2,10,N,0
-15.6148,142.2462,392.9,1,1,2014-10-31,1305,Terra,MODIS,100,6.2,302.9,222.6,N,0
-15.6227,142.2572,312.4,1,1,2014-10-31,1305,Terra,MODIS,83,6.2,296.4,8.5,N,0
-15.2856,142.7041,328,1,1,2014-10-31,1305,Terra,MODIS,100,6.2,296.7,23.3,N,0
-15.1303,142.7641,314.8,1,1,2014-10-31,1305,Terra,MODIS,51,6.2,295.7,9.8,N,0
-15.2752,142.7121,309.9,1,1,2014-10-31,1305,Terra,MODIS,77,6.2,295.9,6.5,N,0
-16.5373,142.6912,315.1,1,1,2014-10-31,1305,Terra,MODIS,89,6.2,296.1,9.6,N,0
-16.4246,142.7074,309.8,1,1,2014-10-31,1305,Terra,MODIS,49,6.2,296.6,5,N,0
-15.4666,142.1922,306,1,1,2014-10-31,1305,Terra,MODIS,40,6.2,295.4,4.3,N,0
-16.4969,142.7145,312.1,1,1,2014-10-31,1305,Terra,MODIS,73,6.2,297.2,6.6,N,0
-15.129,142.7735,353.8,1,1,2014-10-31,1305,Terra,MODIS,100,6.2,299,68.6,N,0
-15.2558,142.7188,312.2,1,1,2014-10-31,1305,Terra,MODIS,58,6.2,296.1,8,N,0
-15.12,142.7721,340.3,1,1,2014-10-31,1305,Terra,MODIS,100,6.2,296.7,41.5,N,0
-15.523,142.2464,318.8,1,1,2014-10-31,1305,Terra,MODIS,97,6.2,296.4,14,N,0
-16.5346,142.7104,308.5,1,1,2014-10-31,1305,Terra,MODIS,68,6.2,296.4,4.6,N,0
-16.4324,142.7184,322.7,1,1,2014-10-31,1305,Terra,MODIS,100,6.2,297.4,16.1,N,0
-15.1187,142.7815,342.5,1,1,2014-10-31,1305,Terra,MODIS,100,6.2,297.2,45.3,N,0
-15.2287,142.7179,317.8,1,1,2014-10-31,1305,Terra,MODIS,95,6.2,296.8,13.6,N,0
-15.6017,142.2738,361.8,1,1,2014-10-31,1305,Terra,MODIS,100,6.2,299.4,92.5,N,0
-15.2662,142.7107,312,1,1,2014-10-31,1305,Terra,MODIS,69,6.2,296.1,7.8,N,0
-15.1976,142.742,315.7,1,1,2014-10-31,1305,Terra,MODIS,91,6.2,296.3,11.4,N,0
-15.1588,142.7552,317,1,1,2014-10-31,1305,Terra,MODIS,55,6.2,296.1,11.6,N,0
-15.603,142.2642,347.8,1,1,2014-10-31,1305,Terra,MODIS,100,6.2,298.6,56.3,N,0
-15.1097,142.7801,305.6,1,1,2014-10-31,1305,Terra,MODIS,18,6.2,295.3,4,N,0
-15.5217,142.2561,311.2,1,1,2014-10-31,1305,Terra,MODIS,80,6.2,295.5,7.7,N,0
-16.3778,142.7101,307.6,1,1,2014-10-31,1305,Terra,MODIS,64,6.2,296.3,4.4,N,0
-15.2203,144.998,302.7,1.1,1,2014-10-31,1305,Terra,MODIS,42,6.2,292.2,4.4,N,0
-15.2364,142.7287,312.9,1,1,2014-10-31,1305,Terra,MODIS,85,6.2,296.1,9.4,N,0
-15.3154,142.6894,384.2,1,1,2014-10-31,1305,Terra,MODIS,100,6.2,301.7,171.5,N,0
-15.5309,142.2575,312.4,1,1,2014-10-31,1305,Terra,MODIS,83,6.2,295.6,8.6,N,0
-16.426,142.6979,313.6,1,1,2014-10-31,1305,Terra,MODIS,85,6.2,296.3,8.3,N,0
-15.3244,142.6907,374.9,1,1,2014-10-31,1305,Terra,MODIS,100,6.2,300.8,133.3,N,0
-15.5925,142.2725,340.9,1,1,2014-10-31,1305,Terra,MODIS,100,6.2,297.5,43.2,N,0
-15.6122,142.2655,415.7,1,1,2014-10-31,1305,Terra,MODIS,100,6.2,307.6,379.1,N,0
-15.4008,142.6021,318,1,1,2014-10-31,1305,Terra,MODIS,96,6.2,296.3,13.1,N,0
-15.5478,142.3387,305.3,1,1,2014-10-31,1305,Terra,MODIS,58,6.2,295.1,3.9,N,0
-15.2079,142.7339,311.3,1,1,2014-10-31,1305,Terra,MODIS,81,6.2,295.8,8.1,N,0
-15.2377,142.7193,363.7,1,1,2014-10-31,1305,Terra,MODIS,100,6.2,300.2,96.2,N,0
-15.239,142.7099,326,1,1,2014-10-31,1305,Terra,MODIS,100,6.2,297,22.2,N,0
-15.2959,142.696,320.4,1,1,2014-10-31,1305,Terra,MODIS,100,6.2,296.4,14.8,N,0
-15.2183,142.7259,315.5,1,1,2014-10-31,1305,Terra,MODIS,91,6.2,296.2,11.1,N,0
-15.3063,142.688,317.1,1,1,2014-10-31,1305,Terra,MODIS,94,6.2,296.4,11.8,N,0
-15.6004,142.2835,311.4,1,1,2014-10-31,1305,Terra,MODIS,80,6.2,296,7.3,N,0
-15.1394,142.7655,309.3,1,1,2014-10-31,1305,Terra,MODIS,76,6.2,295.4,6.5,N,0
-14.9325,145.0745,303.2,1.1,1,2014-10-31,1305,Terra,MODIS,54,6.2,291.7,5.6,N,0
-15.5139,142.2451,315.3,1,1,2014-10-31,1305,Terra,MODIS,90,6.2,295.8,11,N,0
-15.305,142.6974,346.2,1,1,2014-10-31,1305,Terra,MODIS,100,6.2,298.3,52.9,N,0
-15.3167,142.68,310,1,1,2014-10-31,1305,Terra,MODIS,73,6.2,296.1,6,N,0
-15.2247,144.9687,303.9,1.1,1,2014-10-31,1305,Terra,MODIS,45,6.2,292.7,4.8,N,0
-15.327,142.6719,306.4,1,1,2014-10-31,1305,Terra,MODIS,48,6.2,296,4,N,0
-15.5335,142.2381,312.2,1,1,2014-10-31,1305,Terra,MODIS,83,6.2,295.6,8.1,N,0
-15.2217,144.9882,302.8,1.1,1,2014-10-31,1305,Terra,MODIS,7,6.2,292.5,4,N,0
-16.4878,142.7131,312.3,1,1,2014-10-31,1305,Terra,MODIS,65,6.2,297,6.6,N,0
-15.2946,142.7054,327.8,1,1,2014-10-31,1305,Terra,MODIS,100,6.2,297.3,23.2,N,0
-15.5322,142.2478,315.9,1,1,2014-10-31,1305,Terra,MODIS,91,6.2,295.9,11.2,N,0
-15.5939,142.2628,328.1,1,1,2014-10-31,1305,Terra,MODIS,100,6.2,296.7,23.5,N,0
-15.217,142.7353,329.7,1,1,2014-10-31,1305,Terra,MODIS,100,6.2,296.8,26.3,N,0
-15.5965,142.2435,311.9,1,1,2014-10-31,1305,Terra,MODIS,82,6.2,295.9,7.7,N,0
-15.5554,142.4181,307,1,1,2014-10-31,1305,Terra,MODIS,63,6.2,296.1,4.3,N,0
-15.4823,142.5433,323.2,1,1,2014-10-31,1305,Terra,MODIS,100,6.2,296.3,19,N,0
-16.5268,142.6994,312.2,1,1,2014-10-31,1305,Terra,MODIS,81,6.2,296.5,7.1,N,0
-15.5742,142.4072,315.2,1,1,2014-10-31,1305,Terra,MODIS,90,6.2,296.5,10.5,N,0
-15.1277,142.7828,311.7,1,1,2014-10-31,1305,Terra,MODIS,41,6.2,295.9,7.8,N,0
-15.468,142.1826,306.3,1,1,2014-10-31,1305,Terra,MODIS,53,6.2,295.4,4.5,N,0
-13.8264,141.5674,316.5,1.1,1,2014-10-31,1305,Terra,MODIS,93,6.2,294,14.5,N,0
-15.607,142.2352,323.7,1,1,2014-10-31,1305,Terra,MODIS,100,6.2,296.7,17.8,N,0
-15.6241,142.1783,316.5,1,1,2014-10-31,1305,Terra,MODIS,93,6.2,295.3,12.1,N,0
-15.6333,142.1796,327.8,1,1,2014-10-31,1305,Terra,MODIS,100,6.2,295.3,24.3,N,0
-15.5991,142.2241,319.5,1,1,2014-10-31,1305,Terra,MODIS,99,6.2,295.1,14.6,N,0
-15.5978,142.2338,313.8,1,1,2014-10-31,1305,Terra,MODIS,72,6.2,295.6,8.9,N,0
-15.6083,142.2255,330.2,1,1,2014-10-31,1305,Terra,MODIS,100,6.2,295.8,26.6,N,0
-15.1665,145.1864,303.5,1.1,1,2014-10-31,1305,Terra,MODIS,16,6.2,292.8,4.1,N,0
-16.6801,142.852,308.2,1,1,2014-10-31,1305,Terra,MODIS,70,6.2,297,4.4,N,0
-15.6319,142.1894,356.9,1,1,2014-10-31,1305,Terra,MODIS,100,6.2,298.5,79.4,N,0
-16.4579,144.8514,305,1,1,2014-10-31,1305,Terra,MODIS,63,6.2,293.2,5.5,N,0
-15.9998,134.2314,305.6,3.6,1.8,2014-10-31,1305,Terra,MODIS,43,6.2,292.6,29,N,0
-14.5293,141.7987,312.4,1.1,1,2014-10-31,1305,Terra,MODIS,84,6.2,294.6,10,N,0
-14.6109,141.6661,321.2,1.1,1,2014-10-31,1305,Terra,MODIS,100,6.2,295,18.3,N,0
-14.5253,141.828,305.5,1.1,1,2014-10-31,1305,Terra,MODIS,57,6.2,294.4,4.6,N,0
-15.6385,142.2102,356.8,1,1,2014-10-31,1305,Terra,MODIS,100,6.2,298.3,78.8,N,0
-15.6398,142.2004,403.7,1,1,2014-10-31,1305,Terra,MODIS,100,6.2,304.3,290.7,N,0
-15.6411,142.1907,350.2,1,1,2014-10-31,1305,Terra,MODIS,100,6.2,297.9,63.2,N,0
-15.6253,142.2379,360,1,1,2014-10-31,1305,Terra,MODIS,100,6.2,298.1,87.7,N,0
-15.628,142.2185,350.4,1,1,2014-10-31,1305,Terra,MODIS,100,6.2,297.1,62.6,N,0
-15.6293,142.2088,385,1,1,2014-10-31,1305,Terra,MODIS,100,6.2,301.2,182,N,0
-15.6306,142.1991,369.4,1,1,2014-10-31,1305,Terra,MODIS,100,6.2,299.6,117.4,N,0
-14.1605,141.8096,310,1.1,1,2014-10-31,1305,Terra,MODIS,79,6.2,294,8.9,N,0
-14.1591,141.8193,305.3,1.1,1,2014-10-31,1305,Terra,MODIS,64,6.2,294.1,5.4,N,0
-13.8277,141.5576,323.5,1.1,1,2014-10-31,1305,Terra,MODIS,100,6.2,293.4,21.9,N,0
-15.6161,142.2365,345.6,1,1,2014-10-31,1305,Terra,MODIS,100,6.2,298.2,51.7,N,0
-14.6122,141.6562,311.9,1.1,1,2014-10-31,1305,Terra,MODIS,71,6.2,294.7,9.5,N,0
-15.6175,142.2268,314.6,1,1,2014-10-31,1305,Terra,MODIS,88,6.2,295.4,8.8,N,0
-15.1352,145.1407,309.2,1.1,1,2014-10-31,1305,Terra,MODIS,14,6.2,293.5,7.3,N,0
-15.1367,145.1308,308.4,1.1,1,2014-10-31,1305,Terra,MODIS,33,6.2,293.4,7.2,N,0
-14.6228,141.6477,306.7,1.1,1,2014-10-31,1305,Terra,MODIS,67,6.2,294.7,6.3,N,0
-13.8185,141.5562,311.5,1.1,1,2014-10-31,1305,Terra,MODIS,83,6.2,293.5,10.2,N,0
-12.7195,142.3885,309.5,1,1,2014-10-31,1306,Terra,MODIS,62,6.2,291.8,8.4,N,0
-12.7105,142.3871,318.7,1,1,2014-10-31,1306,Terra,MODIS,87,6.2,292.7,15.4,N,0
-10.9938,142.4967,305.3,1,1,2014-10-31,1306,Terra,MODIS,22,6.2,286.8,6,N,0
-12.5571,141.907,320.2,1,1,2014-10-31,1306,Terra,MODIS,100,6.2,295.4,17.1,N,0
-12.5584,141.8976,318,1,1,2014-10-31,1306,Terra,MODIS,96,6.2,294.9,14.8,N,0
-12.548,141.9057,312.1,1,1,2014-10-31,1306,Terra,MODIS,84,6.2,294.9,9.9,N,0
-12.5493,141.8963,330.6,1,1,2014-10-31,1306,Terra,MODIS,100,6.2,294.7,29.3,N,0
-12.6899,142.4028,308.3,1,1,2014-10-31,1306,Terra,MODIS,31,6.2,291.6,7.2,N,0
-12.6809,142.4015,307.8,1,1,2014-10-31,1306,Terra,MODIS,52,6.2,291.2,7.1,N,0
-12.6912,142.3936,312.1,1,1,2014-10-31,1306,Terra,MODIS,53,6.2,292.6,9.6,N,0
-13.5373,133.8668,312.1,3.6,1.8,2014-10-31,1306,Terra,MODIS,82,6.2,296.4,53.6,N,0
-13.5741,134.2523,307.6,3.3,1.7,2014-10-31,1306,Terra,MODIS,67,6.2,297.1,29.8,N,0
-13.5408,133.8344,307.5,3.6,1.8,2014-10-31,1306,Terra,MODIS,65,6.2,295.5,34.8,N,0
-13.5284,133.8608,310,3.6,1.8,2014-10-31,1306,Terra,MODIS,56,6.2,296.2,40.5,N,0
-26.5046,150.2589,314.7,3.9,1.8,2014-10-31,1434,Aqua,MODIS,55,6.2,290.5,93,N,0
-26.521,150.2542,308.5,3.9,1.8,2014-10-31,1434,Aqua,MODIS,3,6.2,290.3,63.2,N,0
-26.494,150.2572,310.3,3.9,1.8,2014-10-31,1434,Aqua,MODIS,25,6.2,290.3,69.1,N,0
-26.5104,150.2525,314.9,3.9,1.8,2014-10-31,1434,Aqua,MODIS,81,6.2,290.5,97.6,N,0
-30.8618,121.4857,307.1,1,1,2014-10-31,1439,Terra,MODIS,70,6.2,286.6,9.5,N,2
-26.3329,126.6567,319.7,1.6,1.3,2014-10-31,1440,Terra,MODIS,99,6.2,292.5,35.4,N,0
-28.226,125.8329,326.3,1.3,1.1,2014-10-31,1440,Terra,MODIS,100,6.2,289.9,39.6,N,0
-27.2312,127.0536,332,1.7,1.3,2014-10-31,1440,Terra,MODIS,100,6.2,291.2,63.9,N,0
-28.2157,125.8306,302.2,1.3,1.1,2014-10-31,1440,Terra,MODIS,47,6.2,288.7,9,N,0
-26.3299,126.673,315.2,1.6,1.3,2014-10-31,1440,Terra,MODIS,91,6.2,292.4,27.7,N,0
-27.257,127.0424,342.2,1.7,1.3,2014-10-31,1440,Terra,MODIS,100,6.2,291.6,98.9,N,0
-26.3554,126.662,320.3,1.6,1.3,2014-10-31,1440,Terra,MODIS,100,6.2,286.9,35.6,N,0
-26.3524,126.6783,315.7,1.6,1.3,2014-10-31,1440,Terra,MODIS,90,6.2,280.8,27.5,N,0
-26.3666,126.6646,313.1,1.6,1.3,2014-10-31,1440,Terra,MODIS,61,6.2,286,22.4,N,0
-26.3637,126.6808,324.6,1.6,1.3,2014-10-31,1440,Terra,MODIS,100,6.2,284.1,45.4,N,0
-27.2683,127.0451,343.3,1.7,1.3,2014-10-31,1440,Terra,MODIS,100,6.2,291.6,103.3,N,0
-26.546,126.6897,310.8,1.6,1.3,2014-10-31,1440,Terra,MODIS,81,6.2,290.9,20,N,0
-26.3779,126.6671,307.4,1.6,1.3,2014-10-31,1440,Terra,MODIS,41,6.2,286.6,14.9,N,0
-26.375,126.6833,309.6,1.6,1.3,2014-10-31,1440,Terra,MODIS,53,6.2,287.4,18.9,N,0
-26.3644,126.6697,329.7,1.6,1.3,2014-10-31,1440,Terra,MODIS,100,6.2,285.5,58,N,0
-27.2312,127.0654,307.1,1.7,1.3,2014-10-31,1440,Terra,MODIS,70,6.2,290.2,14.3,N,0
-26.3614,126.6859,311.1,1.6,1.3,2014-10-31,1440,Terra,MODIS,71,6.2,282.5,21.2,N,0
-26.3757,126.6722,313.7,1.6,1.3,2014-10-31,1440,Terra,MODIS,88,6.2,286.6,24.8,N,0
-26.3869,126.6747,307.8,1.6,1.3,2014-10-31,1440,Terra,MODIS,44,6.2,287.4,17.9,N,0
-27.2342,127.0489,312.9,1.7,1.3,2014-10-31,1440,Terra,MODIS,86,6.2,290.5,24.1,N,0
-26.5451,126.7008,301.5,1.6,1.3,2014-10-31,1440,Terra,MODIS,13,6.2,291.2,9.6,N,0
-26.5481,126.6845,304.1,1.6,1.3,2014-10-31,1440,Terra,MODIS,44,6.2,289.9,12,N,0
-27.1997,127.3491,300.6,1.7,1.3,2014-10-31,1440,Terra,MODIS,24,6.2,287.7,9,N,0
-27.2513,126.3683,323.7,1.5,1.2,2014-10-31,1440,Terra,MODIS,100,6.2,290.9,40,N,0
-27.2486,126.3833,316.7,1.5,1.2,2014-10-31,1440,Terra,MODIS,94,6.2,290.8,27.9,N,0
-27.2621,126.3707,311.1,1.5,1.2,2014-10-31,1440,Terra,MODIS,82,6.2,290.8,19.3,N,0
-27.2595,126.3858,316.7,1.5,1.2,2014-10-31,1440,Terra,MODIS,94,6.2,291.1,27.7,N,0
-27.2525,126.3749,339.1,1.5,1.2,2014-10-31,1440,Terra,MODIS,100,6.2,291.7,77.4,N,0
-27.2498,126.3899,304.1,1.5,1.2,2014-10-31,1440,Terra,MODIS,58,6.2,290.5,10.7,N,0
-27.2634,126.3774,311.2,1.5,1.2,2014-10-31,1440,Terra,MODIS,82,6.2,290.8,19.3,N,0
-27.2606,126.3924,301.5,1.5,1.2,2014-10-31,1440,Terra,MODIS,29,6.2,290.4,8,N,0
-27.3014,127.1228,319.8,1.7,1.3,2014-10-31,1440,Terra,MODIS,74,6.2,290.1,33.3,N,0
-27.3012,127.1118,316.7,1.7,1.3,2014-10-31,1440,Terra,MODIS,42,6.2,289.9,28.4,N,0
-27.7126,127.1468,304.7,1.7,1.3,2014-10-31,1440,Terra,MODIS,61,6.2,285,15.4,N,0
-27.6467,127.1945,314.6,1.7,1.3,2014-10-31,1440,Terra,MODIS,90,6.2,288.7,31.2,N,0
-28.5496,119.5549,305.6,1.1,1.1,2014-10-31,1440,Terra,MODIS,65,6.2,289.7,9.1,N,0
-27.2199,127.0508,318.2,1.7,1.3,2014-10-31,1440,Terra,MODIS,96,6.2,290.7,33.2,N,0
-27.2198,127.0627,311.7,1.7,1.3,2014-10-31,1440,Terra,MODIS,71,6.2,290.2,20.6,N,0
-27.2228,127.0461,318.8,1.7,1.3,2014-10-31,1440,Terra,MODIS,97,6.2,290.5,33.9,N,0
-27.2085,127.06,335.6,1.7,1.3,2014-10-31,1440,Terra,MODIS,100,6.2,291,75.8,N,0
-27.2115,127.0434,312.7,1.7,1.3,2014-10-31,1440,Terra,MODIS,58,6.2,290.3,23.3,N,0
-27.1371,127.3834,302.3,1.8,1.3,2014-10-31,1440,Terra,MODIS,27,6.2,288.5,11.1,N,0
-27.1882,127.3463,301.1,1.7,1.3,2014-10-31,1440,Terra,MODIS,38,6.2,287,9.8,N,0
-26.9446,126.3424,304.5,1.5,1.2,2014-10-31,1440,Terra,MODIS,60,6.2,291.6,10.7,N,0
-27.2055,127.0766,338.2,1.7,1.3,2014-10-31,1440,Terra,MODIS,100,6.2,290.9,84.7,N,0
-27.2446,127.1089,325.2,1.7,1.3,2014-10-31,1440,Terra,MODIS,100,6.2,290.9,47.9,N,0
-27.2591,127.095,326.3,1.7,1.3,2014-10-31,1440,Terra,MODIS,100,6.2,290.1,48.1,N,0
-27.256,127.1117,374.8,1.7,1.3,2014-10-31,1440,Terra,MODIS,100,6.2,295.1,282.3,N,0
-27.2529,127.1284,320.8,1.7,1.3,2014-10-31,1440,Terra,MODIS,100,6.2,290.5,38,N,0
-27.2673,127.1144,305.8,1.7,1.3,2014-10-31,1440,Terra,MODIS,17,6.2,290.1,11.8,N,0
-27.2787,127.1172,312.1,1.7,1.3,2014-10-31,1440,Terra,MODIS,54,6.2,290.3,20.5,N,0
-24.0353,125.2661,309.3,1.5,1.2,2014-10-31,1441,Terra,MODIS,75,6.2,297.5,10.1,N,0
-25.8615,125.3852,308.2,1.4,1.2,2014-10-31,1441,Terra,MODIS,35,6.2,294.6,10.4,N,0
-24.8738,125.8339,317.3,1.5,1.2,2014-10-31,1441,Terra,MODIS,95,6.2,296.2,23.8,N,0
-24.8711,125.849,323.5,1.5,1.2,2014-10-31,1441,Terra,MODIS,100,6.2,296.5,35.5,N,0
-24.0341,123.5925,318.1,1.2,1.1,2014-10-31,1441,Terra,MODIS,96,6.2,299.3,16.9,N,0
-24.0371,123.5874,325.9,1.2,1.1,2014-10-31,1441,Terra,MODIS,100,6.2,299.7,27.6,N,0
-23.4605,122.547,311.9,1.1,1,2014-10-31,1441,Terra,MODIS,82,6.2,297.9,9.3,N,0
-23.4589,122.5576,325.5,1.1,1,2014-10-31,1441,Terra,MODIS,100,6.2,299.4,23.6,N,0
-23.4685,122.5332,316.6,1.1,1,2014-10-31,1441,Terra,MODIS,93,6.2,298.4,12.9,N,0
-23.7221,126.7715,307.8,1.9,1.3,2014-10-31,1441,Terra,MODIS,73,6.2,293.5,17.2,N,0
-23.4668,122.5437,316.7,1.1,1,2014-10-31,1441,Terra,MODIS,93,6.2,298.4,13.1,N,0
-23.4651,122.5543,346.1,1.1,1,2014-10-31,1441,Terra,MODIS,100,6.2,300.9,58.1,N,0
-23.4635,122.5649,318.5,1.1,1,2014-10-31,1441,Terra,MODIS,97,6.2,298.8,15.7,N,0
-25.7658,125.4361,306,1.4,1.2,2014-10-31,1441,Terra,MODIS,27,6.2,294.8,7.6,N,0
-25.7812,125.4105,317.5,1.4,1.2,2014-10-31,1441,Terra,MODIS,95,6.2,295.2,21.1,N,0
-25.7788,125.4244,319.1,1.4,1.2,2014-10-31,1441,Terra,MODIS,98,6.2,295.6,23.1,N,0
-25.7917,125.4128,330.6,1.4,1.2,2014-10-31,1441,Terra,MODIS,100,6.2,295.7,43.3,N,0
-25.7746,125.5105,308.8,1.4,1.2,2014-10-31,1441,Terra,MODIS,62,6.2,294.4,10.9,N,0
-25.8021,125.4151,321.6,1.4,1.2,2014-10-31,1441,Terra,MODIS,85,6.2,295.6,26.1,N,0
-23.4811,122.5138,334.5,1.1,1,2014-10-31,1441,Terra,MODIS,100,6.2,299.1,36,N,0
-23.4794,122.5244,340.9,1.1,1,2014-10-31,1441,Terra,MODIS,100,6.2,299.9,47.2,N,0
-25.8207,125.4336,313.6,1.4,1.2,2014-10-31,1441,Terra,MODIS,11,6.2,294.7,16,N,0
-23.4778,122.5349,324.2,1.1,1,2014-10-31,1441,Terra,MODIS,100,6.2,299.2,21.1,N,0
-23.4761,122.5455,318,1.1,1,2014-10-31,1441,Terra,MODIS,96,6.2,298.2,14.9,N,0
-23.4745,122.556,309.8,1.1,1,2014-10-31,1441,Terra,MODIS,76,6.2,297.8,7.7,N,0
-23.4904,122.5155,313.5,1.1,1,2014-10-31,1441,Terra,MODIS,86,6.2,298.1,10.3,N,0
-23.4888,122.5261,324.1,1.1,1,2014-10-31,1441,Terra,MODIS,100,6.2,298.8,21.3,N,0
-25.8013,125.5458,305.1,1.4,1.2,2014-10-31,1441,Terra,MODIS,17,6.2,294,7.7,N,0
-25.8383,125.3944,319.2,1.4,1.2,2014-10-31,1441,Terra,MODIS,73,6.2,295.4,23.7,N,0
-25.1274,121.4946,327.5,1,1,2014-10-31,1441,Terra,MODIS,100,6.2,296.1,21.7,N,0
-25.8119,125.5481,310.7,1.4,1.2,2014-10-31,1441,Terra,MODIS,67,6.2,294,13.9,N,0
-25.1408,121.4664,410.1,1,1,2014-10-31,1441,Terra,MODIS,100,6.2,309,318.1,N,0
-24.7747,122.8,307.2,1.1,1,2014-10-31,1441,Terra,MODIS,70,6.2,296.1,6.8,N,0
-25.5005,127.7872,317.2,2,1.4,2014-10-31,1441,Terra,MODIS,95,6.2,292.3,38.4,N,0
-23.472,126.6227,307.8,1.9,1.3,2014-10-31,1441,Terra,MODIS,31,6.2,288.8,16,N,0
-25.1393,121.4764,365.6,1,1,2014-10-31,1441,Terra,MODIS,100,6.2,299.4,99.6,N,0
-25.1498,121.4681,332.9,1,1,2014-10-31,1441,Terra,MODIS,100,6.2,297.6,31,N,0
-25.8225,125.5504,310.2,1.4,1.2,2014-10-31,1441,Terra,MODIS,46,6.2,294.3,13.4,N,0
-25.1483,121.478,319.2,1,1,2014-10-31,1441,Terra,MODIS,98,6.2,296.1,14.7,N,0
-25.1703,121.3903,319.4,1,1,2014-10-31,1441,Terra,MODIS,98,6.2,295.8,15.5,N,0
-25.1303,121.4747,318,1,1,2014-10-31,1441,Terra,MODIS,96,6.2,296.7,12.4,N,0
-25.1317,121.4648,358.5,1,1,2014-10-31,1441,Terra,MODIS,100,6.2,302.9,80,N,0
-25.1808,121.382,319.3,1,1,2014-10-31,1441,Terra,MODIS,98,6.2,295.8,15,N,0
-25.1793,121.3919,313,1,1,2014-10-31,1441,Terra,MODIS,86,6.2,295.6,9.7,N,0
-25.1912,121.3737,306.3,1,1,2014-10-31,1441,Terra,MODIS,67,6.2,294.7,5.5,N,0
-25.1332,121.4549,317.2,1,1,2014-10-31,1441,Terra,MODIS,95,6.2,296.2,12.4,N,0
-25.1898,121.3836,313.1,1,1,2014-10-31,1441,Terra,MODIS,86,6.2,295.1,10.1,N,0
-25.1184,121.493,334.7,1,1,2014-10-31,1441,Terra,MODIS,100,6.2,297.3,31.4,N,0
-25.1227,121.4632,372.7,1,1,2014-10-31,1441,Terra,MODIS,100,6.2,302.9,124.2,N,0
-25.1242,121.4533,355.4,1,1,2014-10-31,1441,Terra,MODIS,100,6.2,299.1,72.7,N,0
-25.1094,121.4914,340.9,1,1,2014-10-31,1441,Terra,MODIS,100,6.2,296.5,42.8,N,0
-25.5585,127.7662,315.7,2,1.4,2014-10-31,1441,Terra,MODIS,45,6.2,292.8,31.6,N,0
-25.1004,121.4897,312.3,1,1,2014-10-31,1441,Terra,MODIS,38,6.2,290.5,10.2,N,0
-25.1916,121.4348,316.7,1,1,2014-10-31,1441,Terra,MODIS,94,6.2,294.7,14.1,N,0
-25.2155,121.3942,319.2,1,1,2014-10-31,1441,Terra,MODIS,98,6.2,295.1,15.1,N,0
-25.214,121.4041,308.2,1,1,2014-10-31,1441,Terra,MODIS,69,6.2,294.4,6.3,N,0
-25.2421,121.338,316.8,1,1,2014-10-31,1441,Terra,MODIS,94,6.2,294.7,13.3,N,0
-25.2511,121.3396,307.9,1,1,2014-10-31,1441,Terra,MODIS,73,6.2,294.3,7,N,0
-25.3205,121.3684,310,1,1,2014-10-31,1441,Terra,MODIS,79,6.2,294,8.7,N,0
-22.8776,124.8865,311.3,1.5,1.2,2014-10-31,1441,Terra,MODIS,67,6.2,288.9,12.5,N,0
-22.8752,124.9006,305.9,1.5,1.2,2014-10-31,1441,Terra,MODIS,23,6.2,288.2,6.7,N,0
-22.8931,124.8605,363.9,1.5,1.2,2014-10-31,1441,Terra,MODIS,100,6.2,291.8,162.7,N,0
-22.8907,124.8746,412.8,1.5,1.2,2014-10-31,1441,Terra,MODIS,100,6.2,305,578.9,N,0
-22.8883,124.8887,313.8,1.5,1.2,2014-10-31,1441,Terra,MODIS,44,6.2,291.8,15.3,N,0
-22.9061,124.8486,323.9,1.4,1.2,2014-10-31,1441,Terra,MODIS,48,6.2,283.2,31.4,N,0
-22.8959,124.8675,409,1.5,1.2,2014-10-31,1441,Terra,MODIS,100,6.2,301.8,529.3,N,0
-22.8935,124.8816,390.8,1.5,1.2,2014-10-31,1441,Terra,MODIS,100,6.2,300.2,342,N,0
-22.9115,124.8416,345.9,1.4,1.2,2014-10-31,1441,Terra,MODIS,100,6.2,286,86.7,N,0
-22.909,124.8556,342.5,1.4,1.2,2014-10-31,1441,Terra,MODIS,100,6.2,288.5,74.8,N,0
-22.9221,124.8438,328.7,1.4,1.2,2014-10-31,1441,Terra,MODIS,74,6.2,292.1,41.8,N,0
-22.4677,129.9655,315.9,3.4,1.7,2014-10-31,1441,Terra,MODIS,89,6.2,280.2,91.4,N,0
-22.4743,129.9333,319.4,3.4,1.7,2014-10-31,1441,Terra,MODIS,98,6.2,283.8,109.4,N,0
-22.9172,124.8719,309.5,1.5,1.2,2014-10-31,1441,Terra,MODIS,50,6.2,288.3,10.5,N,0
-23.1435,124.0875,307.4,1.3,1.1,2014-10-31,1441,Terra,MODIS,68,6.2,297.1,7.5,N,0
-25.2635,121.1894,307,1,1,2014-10-31,1441,Terra,MODIS,65,6.2,277.6,8.4,N,0
-24.0468,123.5893,315.4,1.2,1.1,2014-10-31,1441,Terra,MODIS,90,6.2,298,14.4,N,0
-23.1334,124.0854,307.9,1.3,1.1,2014-10-31,1441,Terra,MODIS,70,6.2,296.7,8.1,N,0
-23.4572,122.5682,316.5,1.1,1,2014-10-31,1441,Terra,MODIS,93,6.2,298.8,13.7,N,0
-24.0376,125.2723,313.5,1.5,1.2,2014-10-31,1441,Terra,MODIS,87,6.2,297.4,15.6,N,0
-23.1879,123.4441,307.5,1.2,1.1,2014-10-31,1441,Terra,MODIS,68,6.2,297,6.4,N,0
-23.1781,123.4422,308.8,1.2,1.1,2014-10-31,1441,Terra,MODIS,65,6.2,297.3,7.8,N,0
-25.1864,127.8429,308.5,2.1,1.4,2014-10-31,1441,Terra,MODIS,74,6.2,293.4,20.2,N,0
-24.144,125.2566,310.2,1.5,1.2,2014-10-31,1441,Terra,MODIS,79,6.2,297.2,10.9,N,0
-24.1415,125.2709,325.2,1.5,1.2,2014-10-31,1441,Terra,MODIS,100,6.2,297.9,34.7,N,0
-24.1547,125.2589,335.4,1.5,1.2,2014-10-31,1441,Terra,MODIS,100,6.2,298.5,57.5,N,0
-25.1825,127.8633,306.4,2.1,1.4,2014-10-31,1441,Terra,MODIS,23,6.2,293.3,15.7,N,0
-25.1989,127.8459,317.1,2.1,1.4,2014-10-31,1441,Terra,MODIS,94,6.2,293.2,37.8,N,0
-25.1951,127.8663,310.9,2.1,1.4,2014-10-31,1441,Terra,MODIS,26,6.2,292.9,22.6,N,0
-24.1522,125.2732,351.5,1.5,1.2,2014-10-31,1441,Terra,MODIS,100,6.2,300,109.1,N,0
-24.1654,125.2611,313.2,1.5,1.2,2014-10-31,1441,Terra,MODIS,86,6.2,296.9,15.2,N,0
-24.1629,125.2754,306.7,1.5,1.2,2014-10-31,1441,Terra,MODIS,67,6.2,296.3,7.3,N,0
-24.1281,123.5814,308.1,1.2,1.1,2014-10-31,1441,Terra,MODIS,69,6.2,297.3,8,N,0
-24.1263,123.593,309.4,1.2,1.1,2014-10-31,1441,Terra,MODIS,74,6.2,296.9,9.3,N,0
-24.1293,123.5875,320.2,1.2,1.1,2014-10-31,1441,Terra,MODIS,100,6.2,297.5,19.5,N,0
-24.147,123.6627,308.9,1.2,1.1,2014-10-31,1441,Terra,MODIS,72,6.2,297.6,7.8,N,0
-25.5052,127.7743,327.6,2,1.4,2014-10-31,1441,Terra,MODIS,100,6.2,293,65.4,N,0
-25.5252,127.7932,319.6,2,1.4,2014-10-31,1441,Terra,MODIS,60,6.2,292.9,40.8,N,0
-25.5129,127.7902,307.2,2,1.4,2014-10-31,1441,Terra,MODIS,32,6.2,292.6,15.7,N,0
-25.5042,127.7673,318.9,2,1.4,2014-10-31,1441,Terra,MODIS,98,6.2,292.8,42.3,N,0
-25.5166,127.7702,310.6,2,1.4,2014-10-31,1441,Terra,MODIS,78,6.2,292.7,22.5,N,0
-25.866,125.3919,315.7,1.4,1.2,2014-10-31,1441,Terra,MODIS,92,6.2,294.8,19.4,N,0
-25.8592,125.399,311.6,1.4,1.2,2014-10-31,1441,Terra,MODIS,70,6.2,294.5,14.5,N,0
-22.4691,129.9387,310.6,3.4,1.7,2014-10-31,1441,Terra,MODIS,65,6.2,283.3,63.6,N,0
-22.4845,129.9425,313.1,3.4,1.7,2014-10-31,1441,Terra,MODIS,81,6.2,284.9,73.1,N,0
-24.0262,123.579,319.4,1.2,1.1,2014-10-31,1441,Terra,MODIS,98,6.2,298.8,18.1,N,0
-24.0244,123.5905,317.9,1.2,1.1,2014-10-31,1441,Terra,MODIS,95,6.2,299.3,16.7,N,0
-24.0359,123.5809,318.4,1.2,1.1,2014-10-31,1441,Terra,MODIS,96,6.2,298.9,16.7,N,0
-23.4415,126.6535,314,1.9,1.3,2014-10-31,1441,Terra,MODIS,76,6.2,293.7,26.9,N,0
-23.4382,126.6716,326.9,1.9,1.3,2014-10-31,1441,Terra,MODIS,100,6.2,294.6,59.5,N,0
-23.4348,126.6897,323.2,1.9,1.3,2014-10-31,1441,Terra,MODIS,100,6.2,293.8,50.1,N,0
-23.4568,126.638,320.7,1.9,1.3,2014-10-31,1441,Terra,MODIS,88,6.2,291.4,39.9,N,0
-23.4535,126.6561,347.2,1.9,1.3,2014-10-31,1441,Terra,MODIS,100,6.2,297.3,134.2,N,0
-23.4501,126.6742,320.6,1.9,1.3,2014-10-31,1441,Terra,MODIS,100,6.2,295.7,40.4,N,0
-23.4687,126.6407,332.5,1.9,1.3,2014-10-31,1441,Terra,MODIS,100,6.2,292.6,74.4,N,0
-23.4654,126.6587,328.4,1.9,1.3,2014-10-31,1441,Terra,MODIS,100,6.2,294.4,60.4,N,0
-23.4806,126.6433,307.8,1.9,1.3,2014-10-31,1441,Terra,MODIS,27,6.2,291.9,15.9,N,0
-25.1133,121.0188,305.4,1,1,2014-10-31,1441,Terra,MODIS,64,6.2,294,5.3,N,0
-26.2523,126.3993,323.8,1.6,1.2,2014-10-31,1441,Terra,MODIS,100,6.2,293.6,38.4,N,0
-26.2412,126.3967,308,1.6,1.2,2014-10-31,1441,Terra,MODIS,27,6.2,293.2,12.7,N,0
-26.217,126.4017,305.3,1.6,1.2,2014-10-31,1441,Terra,MODIS,28,6.2,293.4,10.1,N,0
-24.8968,122.42,305.7,1,1,2014-10-31,1441,Terra,MODIS,65,6.2,294.4,5.9,N,0
-22.9786,124.5159,308,1.4,1.2,2014-10-31,1441,Terra,MODIS,72,6.2,296.8,9.3,N,0
-22.9809,124.5026,312.5,1.4,1.2,2014-10-31,1441,Terra,MODIS,85,6.2,296.9,14,N,0
-22.9692,124.4454,314.1,1.4,1.2,2014-10-31,1441,Terra,MODIS,53,6.2,297.2,14.3,N,0
-24.053,123.6744,315.7,1.2,1.1,2014-10-31,1441,Terra,MODIS,91,6.2,297.7,15,N,0
-24.0432,123.6724,335.3,1.2,1.1,2014-10-31,1441,Terra,MODIS,100,6.2,299.7,43.2,N,0
-24.0451,123.6608,325.1,1.2,1.1,2014-10-31,1441,Terra,MODIS,100,6.2,298.8,26.3,N,0
-24.0335,123.6705,342.4,1.2,1.1,2014-10-31,1441,Terra,MODIS,100,6.2,300,57.2,N,0
-24.0354,123.6589,331.3,1.2,1.1,2014-10-31,1441,Terra,MODIS,100,6.2,299.2,35,N,0
-24.0237,123.6686,325.7,1.2,1.1,2014-10-31,1441,Terra,MODIS,100,6.2,300.1,25.7,N,0
-24.0257,123.657,322.7,1.2,1.1,2014-10-31,1441,Terra,MODIS,100,6.2,299.1,21.2,N,0
-24.023,123.6622,334,1.2,1.1,2014-10-31,1441,Terra,MODIS,100,6.2,301.5,39.4,N,0
-24.0132,123.6603,368.9,1.2,1.1,2014-10-31,1441,Terra,MODIS,100,6.2,304.6,141.2,N,0
-24.0035,123.6583,371.5,1.2,1.1,2014-10-31,1441,Terra,MODIS,100,6.2,305,151.7,N,0
-23.9937,123.6563,379.4,1.2,1.1,2014-10-31,1441,Terra,MODIS,100,6.2,306.6,189.4,N,0
-23.9956,123.6447,312.1,1.2,1.1,2014-10-31,1441,Terra,MODIS,27,6.2,298.3,7.5,N,0
-23.9764,123.7012,325.3,1.2,1.1,2014-10-31,1441,Terra,MODIS,100,6.2,298.3,26.7,N,0
-23.9783,123.6895,309.6,1.2,1.1,2014-10-31,1441,Terra,MODIS,74,6.2,297.8,7.7,N,0
-23.9802,123.6778,312.5,1.2,1.1,2014-10-31,1441,Terra,MODIS,34,6.2,298.4,9.5,N,0
-23.9821,123.6661,318.7,1.2,1.1,2014-10-31,1441,Terra,MODIS,79,6.2,300.4,15.5,N,0
-24.9841,126.1219,333.8,1.6,1.2,2014-10-31,1441,Terra,MODIS,100,6.2,297.3,63.8,N,0
-24.9952,126.1244,339.9,1.6,1.2,2014-10-31,1441,Terra,MODIS,100,6.2,297.7,80.9,N,0
-24.9925,126.1402,321,1.6,1.2,2014-10-31,1441,Terra,MODIS,100,6.2,296.7,32.3,N,0
-24.9856,126.1116,311.1,1.6,1.2,2014-10-31,1441,Terra,MODIS,71,6.2,295.8,14.9,N,0
-24.9828,126.1274,333.4,1.6,1.2,2014-10-31,1441,Terra,MODIS,100,6.2,297.2,61.3,N,0
-24.9968,126.114,310.7,1.6,1.2,2014-10-31,1441,Terra,MODIS,53,6.2,295.9,14,N,0
-24.9939,126.1298,348,1.6,1.2,2014-10-31,1441,Terra,MODIS,100,6.2,297.9,110.9,N,0
-25.0079,126.1165,316.4,1.6,1.2,2014-10-31,1441,Terra,MODIS,93,6.2,296,23.9,N,0
-25.0051,126.1323,355.4,1.6,1.2,2014-10-31,1441,Terra,MODIS,100,6.2,299.2,144.7,N,0
-25.0162,126.1347,330.5,1.6,1.2,2014-10-31,1441,Terra,MODIS,100,6.2,296.8,54.5,N,0
-23.984,123.6544,365.6,1.2,1.1,2014-10-31,1441,Terra,MODIS,100,6.2,304.9,126.8,N,0
-23.9859,123.6427,310.1,1.2,1.1,2014-10-31,1441,Terra,MODIS,28,6.2,298.3,5.9,N,0
-23.9647,123.711,336.4,1.2,1.1,2014-10-31,1441,Terra,MODIS,100,6.2,299.7,45.3,N,0
-23.9666,123.6993,374.3,1.2,1.1,2014-10-31,1441,Terra,MODIS,100,6.2,305.4,166.8,N,0
-23.9685,123.6876,321.6,1.2,1.1,2014-10-31,1441,Terra,MODIS,100,6.2,298.7,20.5,N,0
-23.9704,123.6759,325.9,1.2,1.1,2014-10-31,1441,Terra,MODIS,100,6.2,299.7,25.5,N,0
-23.9723,123.6641,328.9,1.2,1.1,2014-10-31,1441,Terra,MODIS,100,6.2,301.8,29.5,N,0
-22.9369,124.2175,307,1.3,1.1,2014-10-31,1441,Terra,MODIS,43,6.2,296.1,7.5,N,0
-22.9472,124.2195,311.4,1.3,1.1,2014-10-31,1441,Terra,MODIS,53,6.2,296.1,11.7,N,0
-23.9742,123.6524,382.1,1.2,1.1,2014-10-31,1441,Terra,MODIS,100,6.2,307.4,204,N,0
-23.9761,123.6408,317.8,1.2,1.1,2014-10-31,1441,Terra,MODIS,95,6.2,298.8,14.3,N,0
-23.9549,123.7091,342.7,1.2,1.1,2014-10-31,1441,Terra,MODIS,100,6.2,300.8,58.7,N,0
-23.9569,123.6973,385.2,1.2,1.1,2014-10-31,1441,Terra,MODIS,100,6.2,307.9,225.1,N,0
-23.9588,123.6856,327.4,1.2,1.1,2014-10-31,1441,Terra,MODIS,100,6.2,299.2,28.1,N,0
-23.9607,123.6739,336.7,1.2,1.1,2014-10-31,1441,Terra,MODIS,100,6.2,301.3,43.7,N,0
-23.9626,123.6622,342.2,1.2,1.1,2014-10-31,1441,Terra,MODIS,100,6.2,303.5,54.5,N,0
-23.9645,123.6505,388.7,1.2,1.1,2014-10-31,1441,Terra,MODIS,100,6.2,308,242.3,N,0
-23.9664,123.6388,321.4,1.2,1.1,2014-10-31,1441,Terra,MODIS,100,6.2,298.9,18.3,N,0
-23.9452,123.7071,342,1.2,1.1,2014-10-31,1441,Terra,MODIS,100,6.2,300.6,56.8,N,0
-23.9471,123.6954,392,1.2,1.1,2014-10-31,1441,Terra,MODIS,100,6.2,308.9,267.7,N,0
-23.949,123.6837,332.4,1.2,1.1,2014-10-31,1441,Terra,MODIS,100,6.2,299.5,35.3,N,0
-23.9509,123.672,349.9,1.2,1.1,2014-10-31,1441,Terra,MODIS,100,6.2,302.5,74.6,N,0
-23.9528,123.6603,367.5,1.2,1.1,2014-10-31,1441,Terra,MODIS,100,6.2,307.4,132.2,N,0
-23.9548,123.6486,381.7,1.2,1.1,2014-10-31,1441,Terra,MODIS,100,6.2,307.6,200.2,N,0
-23.9567,123.637,321.6,1.2,1.1,2014-10-31,1441,Terra,MODIS,100,6.2,298.8,17.9,N,0
-23.9354,123.7052,347.6,1.2,1.1,2014-10-31,1441,Terra,MODIS,100,6.2,301.4,69.6,N,0
-23.9373,123.6935,404.9,1.2,1.1,2014-10-31,1441,Terra,MODIS,100,6.2,308.8,365.4,N,0
-23.9392,123.6817,328.5,1.2,1.1,2014-10-31,1441,Terra,MODIS,100,6.2,299.1,29.3,N,0
-23.9412,123.6701,351.8,1.2,1.1,2014-10-31,1441,Terra,MODIS,100,6.2,302.8,79.2,N,0
-23.9431,123.6584,402.8,1.2,1.1,2014-10-31,1441,Terra,MODIS,100,6.2,315,342.7,N,0
-23.945,123.6467,407.2,1.2,1.1,2014-10-31,1441,Terra,MODIS,100,6.2,312.3,380.3,N,0
-23.9469,123.6351,322.4,1.2,1.1,2014-10-31,1441,Terra,MODIS,100,6.2,299.1,18.4,N,0
-23.9256,123.7032,363.8,1.2,1.1,2014-10-31,1441,Terra,MODIS,100,6.2,302.6,121,N,0
-23.9276,123.6915,412.7,1.2,1.1,2014-10-31,1441,Terra,MODIS,100,6.2,311.7,436.3,N,0
-23.9314,123.6681,326.2,1.2,1.1,2014-10-31,1441,Terra,MODIS,100,6.2,301,24.5,N,0
-23.9333,123.6564,401.4,1.2,1.1,2014-10-31,1441,Terra,MODIS,100,6.2,315.2,331.9,N,0
-23.9353,123.6448,425.4,1.2,1.1,2014-10-31,1441,Terra,MODIS,100,6.2,315.6,565.7,N,0
-23.9372,123.6331,324.3,1.2,1.1,2014-10-31,1441,Terra,MODIS,100,6.2,299.4,21.2,N,0
-22.9594,124.4645,310.5,1.4,1.2,2014-10-31,1441,Terra,MODIS,57,6.2,296.8,10.8,N,0
-22.9224,124.4297,320.7,1.4,1.2,2014-10-31,1441,Terra,MODIS,100,6.2,296.7,25,N,0
-23.9252,123.6972,397.4,1.2,1.1,2014-10-31,1441,Terra,MODIS,100,6.2,311.4,306.2,N,0
-23.927,123.6855,369.3,1.2,1.1,2014-10-31,1441,Terra,MODIS,100,6.2,303.3,143.2,N,0
-23.9308,123.6621,368.6,1.2,1.1,2014-10-31,1441,Terra,MODIS,100,6.2,307.9,138.7,N,0
-23.9327,123.6504,400.7,1.2,1.1,2014-10-31,1441,Terra,MODIS,100,6.2,317.2,326.9,N,0
-23.9345,123.6387,382.8,1.2,1.1,2014-10-31,1441,Terra,MODIS,100,6.2,306.1,206.9,N,0
-23.9154,123.6953,380.5,1.2,1.1,2014-10-31,1441,Terra,MODIS,100,6.2,302.8,198.1,N,0
-23.9173,123.6835,361.3,1.2,1.1,2014-10-31,1441,Terra,MODIS,100,6.2,300.7,111.6,N,0
-23.921,123.6601,340.7,1.2,1.1,2014-10-31,1441,Terra,MODIS,100,6.2,303.3,51.3,N,0
-23.9229,123.6484,383.3,1.2,1.1,2014-10-31,1441,Terra,MODIS,100,6.2,311.7,209.8,N,0
-23.9248,123.6368,358.9,1.2,1.1,2014-10-31,1441,Terra,MODIS,100,6.2,301.7,100.4,N,0
-23.9113,123.6582,343.1,1.2,1.1,2014-10-31,1441,Terra,MODIS,100,6.2,301.4,57.3,N,0
-23.9132,123.6465,395.4,1.2,1.1,2014-10-31,1441,Terra,MODIS,100,6.2,312.6,286.9,N,0
-23.915,123.6348,356.1,1.2,1.1,2014-10-31,1441,Terra,MODIS,100,6.2,300.9,90.5,N,0
-23.9015,123.6562,353.7,1.2,1.1,2014-10-31,1441,Terra,MODIS,100,6.2,299.2,85.6,N,0
-23.9034,123.6446,434,1.2,1.1,2014-10-31,1441,Terra,MODIS,100,6.2,314.8,675.8,N,0
-23.9053,123.6329,349.4,1.2,1.1,2014-10-31,1441,Terra,MODIS,100,6.2,300.4,72.2,N,0
-23.8918,123.6543,316.9,1.2,1.1,2014-10-31,1441,Terra,MODIS,93,6.2,295.1,14,N,0
-23.8937,123.6426,355.7,1.2,1.1,2014-10-31,1441,Terra,MODIS,100,6.2,297.3,92.1,N,0
-23.8956,123.631,315,1.2,1.1,2014-10-31,1441,Terra,MODIS,84,6.2,297.2,11.1,N,0
-24.343,127.1874,308.1,2,1.4,2014-10-31,1441,Terra,MODIS,45,6.2,293.6,17.7,N,0
-24.3308,127.1846,307.4,2,1.4,2014-10-31,1441,Terra,MODIS,36,6.2,293.5,16.6,N,0
-24.4961,127.4435,310.9,2,1.4,2014-10-31,1441,Terra,MODIS,81,6.2,293.2,26.5,N,0
-24.3455,127.1945,312.9,2,1.4,2014-10-31,1441,Terra,MODIS,86,6.2,293.8,28.5,N,0
-24.3333,127.1917,310.8,2,1.4,2014-10-31,1441,Terra,MODIS,81,6.2,293.7,24.1,N,0
-24.3395,127.2065,307.2,2,1.4,2014-10-31,1441,Terra,MODIS,34,6.2,293.1,16.6,N,0
-24.6569,129.4405,344.4,2.8,1.6,2014-10-31,1441,Terra,MODIS,100,6.2,282.1,229.7,N,0
-24.6624,129.4135,341,2.8,1.6,2014-10-31,1441,Terra,MODIS,100,6.2,283.5,202.6,N,0
-24.6428,129.437,341.7,2.8,1.6,2014-10-31,1441,Terra,MODIS,100,6.2,284.2,205.7,N,0
-24.6483,129.4099,344.8,2.8,1.6,2014-10-31,1441,Terra,MODIS,100,6.2,286.1,229.9,N,0
-24.6548,129.4334,354.9,2.8,1.6,2014-10-31,1441,Terra,MODIS,100,6.2,286.5,326.9,N,0
-24.6601,129.4064,328.7,2.8,1.6,2014-10-31,1441,Terra,MODIS,100,6.2,283.6,123.2,N,0
-24.6407,129.4298,336.2,2.8,1.6,2014-10-31,1441,Terra,MODIS,100,6.2,285.8,167.9,N,0
-24.646,129.4028,317.8,2.8,1.6,2014-10-31,1441,Terra,MODIS,90,6.2,285.9,70.7,N,0
-26.5982,124.0947,304.5,1.2,1.1,2014-10-31,1441,Terra,MODIS,58,6.2,294.1,6,N,0
-19.5444,129.7442,311.1,3.8,1.8,2014-10-31,1442,Terra,MODIS,59,6.2,287,70.9,N,0
-20.5951,116.7723,321.2,1.2,1.1,2014-10-31,1442,Terra,MODIS,100,6.2,297.4,22.5,N,0
-19.5185,123.947,311.7,1.4,1.2,2014-10-31,1442,Terra,MODIS,65,6.2,295.8,10,N,0
-19.5055,123.9587,319,1.5,1.2,2014-10-31,1442,Terra,MODIS,87,6.2,299.3,20.2,N,0
-19.5078,123.945,366.1,1.4,1.2,2014-10-31,1442,Terra,MODIS,100,6.2,305.4,169.2,N,0
-19.5101,123.9313,410.8,1.4,1.2,2014-10-31,1442,Terra,MODIS,100,6.2,311.1,546,N,0
-19.5124,123.9176,366.1,1.4,1.2,2014-10-31,1442,Terra,MODIS,100,6.2,301.4,167.5,N,0
-19.4972,123.943,340.3,1.4,1.2,2014-10-31,1442,Terra,MODIS,100,6.2,301.7,65.5,N,0
-19.4994,123.9293,365.8,1.4,1.2,2014-10-31,1442,Terra,MODIS,100,6.2,296.9,166.1,N,0
-19.5017,123.9156,326.6,1.4,1.2,2014-10-31,1442,Terra,MODIS,100,6.2,292.3,32,N,0
-19.4865,123.941,327.9,1.4,1.2,2014-10-31,1442,Terra,MODIS,90,6.2,297.7,36.8,N,0
-19.4888,123.9273,337,1.4,1.2,2014-10-31,1442,Terra,MODIS,100,6.2,286.7,57.9,N,0
-20.5942,116.7785,338.5,1.2,1.1,2014-10-31,1442,Terra,MODIS,100,6.2,298.4,53.4,N,0
-20.5936,116.7842,328.3,1.2,1.1,2014-10-31,1442,Terra,MODIS,100,6.2,298.3,33,N,2
-20.2135,129.9138,310.5,3.8,1.8,2014-10-31,1442,Terra,MODIS,47,6.2,282.6,68.6,N,0
-20.2209,129.8781,310.1,3.7,1.8,2014-10-31,1442,Terra,MODIS,40,6.2,285.7,68.1,N,0
-20.2071,129.9072,317.8,3.8,1.8,2014-10-31,1442,Terra,MODIS,94,6.2,283.8,108.6,N,0
-20.2143,129.8714,306,3.7,1.8,2014-10-31,1442,Terra,MODIS,23,6.2,283.3,49.2,N,0
-21.4069,125.0557,311.3,1.6,1.2,2014-10-31,1442,Terra,MODIS,82,6.2,294.4,16.3,N,0
-22.0472,126.3269,315.7,1.9,1.3,2014-10-31,1442,Terra,MODIS,92,6.2,289,32.3,N,0
-22.2164,126.4128,313,1.9,1.3,2014-10-31,1442,Terra,MODIS,63,6.2,290.6,23.6,N,0
-22.2063,126.468,335.1,1.9,1.4,2014-10-31,1442,Terra,MODIS,100,6.2,289.2,87.9,N,0
-21.2115,125.9763,335,1.9,1.3,2014-10-31,1442,Terra,MODIS,100,6.2,290.6,80,N,0
-22.2281,125.0396,314.9,1.5,1.2,2014-10-31,1442,Terra,MODIS,33,6.2,287.4,18.8,N,0
-21.3026,125.9838,312.4,1.9,1.3,2014-10-31,1442,Terra,MODIS,42,6.2,296.1,19.3,N,0
-21.3145,125.9864,313.5,1.9,1.3,2014-10-31,1442,Terra,MODIS,87,6.2,296.3,22.6,N,0
-22.1976,126.4471,407.9,1.9,1.4,2014-10-31,1442,Terra,MODIS,100,6.2,303.1,777.6,N,0
-19.5404,122.9342,311.8,1.3,1.1,2014-10-31,1442,Terra,MODIS,43,6.2,298.1,11.9,N,0
-22.0907,126.4571,332.3,1.9,1.4,2014-10-31,1442,Terra,MODIS,100,6.2,295.1,78.7,N,0
-19.7589,122.6624,310.3,1.2,1.1,2014-10-31,1442,Terra,MODIS,79,6.2,297,9.3,N,0
-22.1062,126.4413,318.4,1.9,1.4,2014-10-31,1442,Terra,MODIS,50,6.2,295.6,37.5,N,0
-19.7584,122.6561,315.4,1.2,1.1,2014-10-31,1442,Terra,MODIS,91,6.2,296.8,15.1,N,0
-19.7608,122.651,311.1,1.2,1.1,2014-10-31,1442,Terra,MODIS,81,6.2,296.2,10.1,N,0
-22.2317,126.397,329.3,1.9,1.3,2014-10-31,1442,Terra,MODIS,100,6.2,288.6,68.9,N,0
-22.2284,126.4154,322.2,1.9,1.3,2014-10-31,1442,Terra,MODIS,100,6.2,284.2,48.4,N,0
-22.213,126.4312,331.6,1.9,1.3,2014-10-31,1442,Terra,MODIS,100,6.2,294.5,72.8,N,0
-22.0737,123.9857,312.5,1.3,1.1,2014-10-31,1442,Terra,MODIS,78,6.2,288.3,20.1,N,0
-21.4651,125.0518,308.5,1.6,1.2,2014-10-31,1442,Terra,MODIS,75,6.2,295.8,14,N,0
-21.3105,125.9728,311.5,1.8,1.3,2014-10-31,1442,Terra,MODIS,83,6.2,296,18.9,N,0
-21.2907,125.9813,321.2,1.9,1.3,2014-10-31,1442,Terra,MODIS,100,6.2,296.8,38,N,0
-21.2234,125.9789,321.3,1.9,1.3,2014-10-31,1442,Terra,MODIS,40,6.2,293.8,38.2,N,0
-21.2463,125.9537,314.4,1.8,1.3,2014-10-31,1442,Terra,MODIS,87,6.2,296.5,24.2,N,0
-21.2582,125.9562,312.9,1.8,1.3,2014-10-31,1442,Terra,MODIS,65,6.2,296.7,20.8,N,0
-21.3082,126.0218,308,1.9,1.3,2014-10-31,1442,Terra,MODIS,18,6.2,294.8,14.4,N,0
-21.7999,126.6697,305.1,2,1.4,2014-10-31,1442,Terra,MODIS,42,6.2,293,13.6,N,0
-21.2084,125.9941,318.7,1.9,1.3,2014-10-31,1442,Terra,MODIS,62,6.2,281.7,32,N,0
-21.2161,125.984,320.3,1.9,1.3,2014-10-31,1442,Terra,MODIS,0,6.2,293.9,35.9,N,0
-22.0439,126.3451,308.9,1.9,1.3,2014-10-31,1442,Terra,MODIS,76,6.2,291,19.3,N,0
-22.201,126.4287,327,1.9,1.3,2014-10-31,1442,Terra,MODIS,88,6.2,294.3,56.5,N,0
-19.6133,123.1146,320.9,1.3,1.1,2014-10-31,1442,Terra,MODIS,93,6.2,296.7,27.9,N,0
-22.2097,126.4496,354.2,1.9,1.4,2014-10-31,1442,Terra,MODIS,100,6.2,298.2,178.5,N,0
-22.1942,126.4655,341.2,1.9,1.4,2014-10-31,1442,Terra,MODIS,100,6.2,293,111.9,N,0
-22.2197,126.3945,314.7,1.9,1.3,2014-10-31,1442,Terra,MODIS,75,6.2,288.5,29.3,N,0
-19.7655,123.0003,310.7,1.3,1.1,2014-10-31,1442,Terra,MODIS,81,6.2,297.9,11.2,N,0
-22.084,123.9877,306.6,1.3,1.1,2014-10-31,1442,Terra,MODIS,66,6.2,283.4,14.4,N,0
-21.3072,125.9904,316.6,1.9,1.3,2014-10-31,1442,Terra,MODIS,94,6.2,296,28.6,N,0
-21.7097,125.5658,327.7,1.7,1.3,2014-10-31,1442,Terra,MODIS,100,6.2,292.3,54.2,N,0
-21.8122,126.6724,307.5,2,1.4,2014-10-31,1442,Terra,MODIS,38,6.2,294.1,17.1,N,0
-20.9917,123.4651,311.8,1.3,1.1,2014-10-31,1442,Terra,MODIS,81,6.2,297.6,11.6,N,0
-21.6534,121.2146,317.4,1,1,2014-10-31,1442,Terra,MODIS,95,6.2,297.7,13.1,N,0
-20.9897,123.4774,321.8,1.3,1.1,2014-10-31,1442,Terra,MODIS,87,6.2,297.7,26,N,0
-21.6428,121.2228,311.5,1,1,2014-10-31,1442,Terra,MODIS,83,6.2,297.4,8,N,0
-20.2105,122.8464,306.4,1.2,1.1,2014-10-31,1442,Terra,MODIS,8,6.2,296.2,5.3,N,0
-20.1969,122.8677,309.9,1.2,1.1,2014-10-31,1442,Terra,MODIS,42,6.2,297.4,8,N,0
-20.2578,122.8671,308.4,1.2,1.1,2014-10-31,1442,Terra,MODIS,74,6.2,297.1,7.7,N,0
-20.195,122.8793,314.3,1.2,1.1,2014-10-31,1442,Terra,MODIS,89,6.2,297.9,13.1,N,0
-21.6443,121.213,311.9,1,1,2014-10-31,1442,Terra,MODIS,83,6.2,297.4,8.4,N,0
-20.7162,123.7625,306.6,1.3,1.2,2014-10-31,1442,Terra,MODIS,42,6.2,296.3,7.7,N,0
-20.9734,123.3862,319.7,1.3,1.1,2014-10-31,1442,Terra,MODIS,99,6.2,298.7,19.9,N,0
-20.9514,123.521,312.1,1.3,1.1,2014-10-31,1442,Terra,MODIS,78,6.2,270.8,20.4,N,0
-22.6467,120.5912,306.1,1,1,2014-10-31,1442,Terra,MODIS,67,6.2,293.4,6,N,0
-20.9615,123.5229,325.9,1.3,1.1,2014-10-31,1442,Terra,MODIS,100,6.2,279.2,38.5,N,0
-20.702,123.7201,310.9,1.3,1.1,2014-10-31,1442,Terra,MODIS,81,6.2,296.1,11.6,N,0
-18.254,128.9922,311.6,3.6,1.8,2014-10-31,1443,Terra,MODIS,83,6.2,267.9,105.8,N,0
-15.7512,125.7957,317.9,2.3,1.5,2014-10-31,1443,Terra,MODIS,96,6.2,292.5,49.8,N,0
-15.755,125.7743,315.7,2.3,1.5,2014-10-31,1443,Terra,MODIS,92,6.2,292.9,42.7,N,0
-18.6586,122.7482,405.4,1.3,1.1,2014-10-31,1443,Terra,MODIS,100,6.2,307.1,400.2,N,0
-18.6686,122.75,358.9,1.3,1.1,2014-10-31,1443,Terra,MODIS,100,6.2,299.9,114.2,N,0
-18.6566,122.7601,325.6,1.3,1.1,2014-10-31,1443,Terra,MODIS,100,6.2,297.3,29.9,N,0
-18.6605,122.7363,323.2,1.3,1.1,2014-10-31,1443,Terra,MODIS,100,6.2,296.5,25.9,N,0
-18.6505,122.7345,342.7,1.3,1.1,2014-10-31,1443,Terra,MODIS,100,6.2,297.1,63.8,N,0
-18.6486,122.7463,369.3,1.3,1.1,2014-10-31,1443,Terra,MODIS,100,6.2,298.9,156.9,N,0
-18.6666,122.7619,357,1.3,1.1,2014-10-31,1443,Terra,MODIS,100,6.2,299.6,107.8,N,0
-17.9108,123.2685,306.1,1.4,1.2,2014-10-31,1443,Terra,MODIS,21,6.2,295.6,6.2,N,0
-12.7031,142.3942,306.9,1.2,1.1,2014-10-31,1609,Aqua,MODIS,17,6.2,289.1,9.4,N,0
-12.7129,142.3929,304.5,1.2,1.1,2014-10-31,1609,Aqua,MODIS,23,6.2,288.7,7.9,N,0
-12.545,141.903,316.3,1.1,1.1,2014-10-31,1609,Aqua,MODIS,93,6.2,293,16.6,N,0
-12.5545,141.9017,329.4,1.1,1.1,2014-10-31,1609,Aqua,MODIS,100,6.2,292.9,33.3,N,0
-12.5559,141.912,308.1,1.1,1.1,2014-10-31,1609,Aqua,MODIS,73,6.2,292.7,9.2,N,0
-13.8192,141.5417,318.9,1.1,1.1,2014-10-31,1609,Aqua,MODIS,49,6.2,293,17.1,N,0
-13.8221,141.5623,331.1,1.1,1.1,2014-10-31,1609,Aqua,MODIS,100,6.2,293,34.2,N,0
-12.683,142.4037,303,1.2,1.1,2014-10-31,1609,Aqua,MODIS,29,6.2,288.6,6.8,N,0
-13.8112,141.5534,307,1.1,1.1,2014-10-31,1609,Aqua,MODIS,35,6.2,292,7.7,N,0
-13.8206,141.552,326.3,1.1,1.1,2014-10-31,1609,Aqua,MODIS,100,6.2,293.3,26.8,N,0
-13.5338,133.8575,304.9,1.9,1.3,2014-10-31,1609,Aqua,MODIS,46,6.2,294.7,12.3,N,0
-12.6096,136.1963,304,1.3,1.1,2014-10-31,1609,Aqua,MODIS,58,6.2,292.5,8,N,0
-18.3531,143.6906,308,1.7,1.3,2014-10-31,1610,Aqua,MODIS,45,6.2,294.1,12.4,N,0
-18.3704,143.7378,308.4,1.7,1.3,2014-10-31,1610,Aqua,MODIS,52,6.2,293.5,14.2,N,0
-18.354,143.7633,305,1.7,1.3,2014-10-31,1610,Aqua,MODIS,45,6.2,292.3,10,N,0
-15.6194,142.2689,306.3,1.3,1.1,2014-10-31,1610,Aqua,MODIS,44,6.2,293.9,6.4,N,0
-16.4795,142.7148,304.6,1.4,1.2,2014-10-31,1610,Aqua,MODIS,44,6.2,294.2,5.8,N,0
-18.2064,145.2723,301.9,2.3,1.5,2014-10-31,1610,Aqua,MODIS,26,6.2,287.6,17,N,0
-18.3606,143.7554,315.1,1.7,1.3,2014-10-31,1610,Aqua,MODIS,91,6.2,293.2,25.7,N,0
-18.3685,143.7215,308.7,1.7,1.3,2014-10-31,1610,Aqua,MODIS,10,6.2,293.8,13.3,N,0
-18.2196,145.271,303.3,2.3,1.5,2014-10-31,1610,Aqua,MODIS,54,6.2,288.4,19.6,N,0
-16.4319,142.7271,306,1.4,1.2,2014-10-31,1610,Aqua,MODIS,59,6.2,294.2,7,N,0
-15.6148,142.2335,317.9,1.3,1.1,2014-10-31,1610,Aqua,MODIS,96,6.2,294.6,18.8,N,0
-15.6133,142.2217,309.9,1.3,1.1,2014-10-31,1610,Aqua,MODIS,78,6.2,294,9.6,N,0
-15.6404,142.194,306.6,1.3,1.1,2014-10-31,1610,Aqua,MODIS,34,6.2,293.9,6.5,N,0
-15.6388,142.1823,305.9,1.3,1.1,2014-10-31,1610,Aqua,MODIS,57,6.2,293.7,6.6,N,0
-15.6288,142.1837,310.6,1.3,1.1,2014-10-31,1610,Aqua,MODIS,75,6.2,293.8,10.5,N,0
-16.8876,130.881,307.5,2.7,1.6,2014-10-31,1610,Aqua,MODIS,55,6.2,290.8,19.4,N,0
-16.8921,130.9054,324,2.7,1.6,2014-10-31,1610,Aqua,MODIS,100,6.2,293.7,78.9,N,0
-16.9016,130.878,316.4,2.7,1.6,2014-10-31,1610,Aqua,MODIS,93,6.2,287.6,45.8,N,0
-16.9061,130.9026,333.2,2.7,1.6,2014-10-31,1610,Aqua,MODIS,100,6.2,294.3,125.1,N,0
-16.9155,130.8749,320,2.7,1.6,2014-10-31,1610,Aqua,MODIS,100,6.2,292.3,62,N,0
-16.9201,130.8996,312.8,2.7,1.6,2014-10-31,1610,Aqua,MODIS,74,6.2,293.7,34.7,N,0
-16.9037,130.8696,310.4,2.7,1.6,2014-10-31,1610,Aqua,MODIS,58,6.2,285.7,26.9,N,0
-16.9084,130.8943,324.3,2.7,1.6,2014-10-31,1610,Aqua,MODIS,100,6.2,293.2,78.8,N,0
-16.9131,130.9189,311,2.7,1.6,2014-10-31,1610,Aqua,MODIS,39,6.2,294.2,28.6,N,0
-16.9177,130.8667,311.5,2.7,1.6,2014-10-31,1610,Aqua,MODIS,67,6.2,291.2,34.3,N,0
-16.9224,130.8913,311,2.7,1.6,2014-10-31,1610,Aqua,MODIS,72,6.2,293.2,31.4,N,0
-16.7656,130.8058,311.9,2.7,1.6,2014-10-31,1610,Aqua,MODIS,62,6.2,291.4,36.2,N,0
-16.7704,130.8316,320.8,2.7,1.6,2014-10-31,1610,Aqua,MODIS,100,6.2,291,69.1,N,0
-17.1111,142.4809,309.5,1.4,1.2,2014-10-31,1610,Aqua,MODIS,77,6.2,296,10.2,N,0
-15.8257,133.9243,306.7,1.7,1.3,2014-10-31,1610,Aqua,MODIS,62,6.2,296,10.4,N,0
-17.1127,142.4937,309.9,1.4,1.2,2014-10-31,1610,Aqua,MODIS,78,6.2,296.1,10.6,N,0
-16.9586,142.8414,304.9,1.4,1.2,2014-10-31,1610,Aqua,MODIS,44,6.2,294.7,5.8,N,0
-15.8154,133.917,308.6,1.7,1.3,2014-10-31,1610,Aqua,MODIS,46,6.2,296.1,12.3,N,0
-16.8747,142.8663,305.5,1.4,1.2,2014-10-31,1610,Aqua,MODIS,64,6.2,294.6,6.8,N,0
-19.5301,129.7524,308.7,2.9,1.6,2014-10-31,1611,Aqua,MODIS,58,6.2,290.1,40.9,N,0
-21.7338,141.3436,314.1,1.3,1.1,2014-10-31,1611,Aqua,MODIS,78,6.2,297.5,13.7,N,0
-21.7147,141.3594,308.5,1.3,1.1,2014-10-31,1611,Aqua,MODIS,30,6.2,297,7.9,N,0
-21.7163,141.3723,309.2,1.3,1.1,2014-10-31,1611,Aqua,MODIS,32,6.2,297.8,8.9,N,0
-18.9894,142.6243,307.2,1.5,1.2,2014-10-31,1611,Aqua,MODIS,71,6.2,296.4,8.4,N,0
-19.4833,129.3549,308.4,3.1,1.7,2014-10-31,1611,Aqua,MODIS,61,6.2,288.7,38.3,N,0
-19.489,129.384,316.3,3.1,1.7,2014-10-31,1611,Aqua,MODIS,90,6.2,290.9,69.1,N,0
-19.4888,129.3792,318.9,3.1,1.7,2014-10-31,1611,Aqua,MODIS,97,6.2,290.5,80.8,N,0
-19.9271,143.9686,306.7,1.9,1.3,2014-10-31,1611,Aqua,MODIS,59,6.2,290.3,17.4,N,0
-19.9317,143.963,302.2,1.9,1.3,2014-10-31,1611,Aqua,MODIS,7,6.2,291.4,9.1,N,0
-19.9703,143.9769,305.6,1.9,1.3,2014-10-31,1611,Aqua,MODIS,57,6.2,292.4,14.2,N,0
-19.9195,143.9644,304.5,1.9,1.3,2014-10-31,1611,Aqua,MODIS,44,6.2,291.7,14,N,0
-19.474,129.3824,313.2,3.1,1.7,2014-10-31,1611,Aqua,MODIS,81,6.2,291.3,54.6,N,0
-19.4742,129.3873,310.9,3.1,1.7,2014-10-31,1611,Aqua,MODIS,73,6.2,291.5,46.7,N,0
-18.1486,132.8859,333.9,1.8,1.3,2014-10-31,1611,Aqua,MODIS,37,6.2,290.1,74.2,N,0
-18.1514,132.8327,315.2,1.8,1.3,2014-10-31,1611,Aqua,MODIS,69,6.2,296,23.1,N,0
-18.3953,132.9637,359.1,1.8,1.3,2014-10-31,1611,Aqua,MODIS,100,6.2,276.8,187.2,N,0
-18.4151,133.0783,324.5,1.7,1.3,2014-10-31,1611,Aqua,MODIS,67,6.2,282.4,41.3,N,0
-18.4332,133.0681,378.3,1.7,1.3,2014-10-31,1611,Aqua,MODIS,100,6.2,285,320.8,N,0
-18.4217,133.0704,339.5,1.7,1.3,2014-10-31,1611,Aqua,MODIS,100,6.2,280.3,88.4,N,0
-18.4382,133.0737,340.4,1.7,1.3,2014-10-31,1611,Aqua,MODIS,100,6.2,271.5,90.8,N,0
-18.1431,132.9905,315.6,1.8,1.3,2014-10-31,1611,Aqua,MODIS,37,6.2,294.6,22.9,N,0
-18.1401,132.9739,339.4,1.8,1.3,2014-10-31,1611,Aqua,MODIS,76,6.2,289.4,91,N,0
-18.4123,133.062,407.7,1.7,1.3,2014-10-31,1611,Aqua,MODIS,100,6.2,288.5,672.1,N,0
-18.1426,132.8519,333.9,1.8,1.3,2014-10-31,1611,Aqua,MODIS,100,6.2,298,70.3,N,0
-18.1182,132.8973,366.4,1.8,1.3,2014-10-31,1611,Aqua,MODIS,100,6.2,299.6,238.6,N,0
-18.1211,132.9142,327.8,1.8,1.3,2014-10-31,1611,Aqua,MODIS,66,6.2,296.9,51.1,N,0
-18.1212,132.8442,319.8,1.8,1.3,2014-10-31,1611,Aqua,MODIS,99,6.2,296.1,34.3,N,0
-18.1241,132.8612,310.6,1.8,1.3,2014-10-31,1611,Aqua,MODIS,63,6.2,295.9,14.6,N,0
-18.127,132.8782,326.9,1.8,1.3,2014-10-31,1611,Aqua,MODIS,100,6.2,296.6,49.3,N,0
-18.13,132.8951,334.4,1.8,1.3,2014-10-31,1611,Aqua,MODIS,100,6.2,295.8,72.8,N,0
-18.1329,132.9119,327.4,1.8,1.3,2014-10-31,1611,Aqua,MODIS,56,6.2,286.4,53.6,N,0
-18.1133,132.8925,340.3,1.8,1.3,2014-10-31,1611,Aqua,MODIS,100,6.2,297.5,94.2,N,0
-18.1164,132.9093,336,1.8,1.3,2014-10-31,1611,Aqua,MODIS,80,6.2,298.3,80.8,N,0
-18.1224,132.9429,348.2,1.8,1.3,2014-10-31,1611,Aqua,MODIS,100,6.2,295.6,131.4,N,0
-18.1251,132.8903,331.3,1.8,1.3,2014-10-31,1611,Aqua,MODIS,66,6.2,296.8,66.4,N,0
-18.1281,132.9071,335.2,1.8,1.3,2014-10-31,1611,Aqua,MODIS,68,6.2,294.6,78,N,0
-18.3546,133.0056,340.1,1.8,1.3,2014-10-31,1611,Aqua,MODIS,94,6.2,280.3,92.3,N,0
-18.1277,132.8372,337.3,1.8,1.3,2014-10-31,1611,Aqua,MODIS,100,6.2,296.3,86.4,N,0
-18.1308,132.8542,358.5,1.8,1.3,2014-10-31,1611,Aqua,MODIS,100,6.2,299.3,187.1,N,0
-18.1338,132.8712,350.4,1.8,1.3,2014-10-31,1611,Aqua,MODIS,100,6.2,297.8,137.9,N,0
-18.1368,132.8881,350.7,1.8,1.3,2014-10-31,1611,Aqua,MODIS,90,6.2,296.3,143.3,N,0
-18.1395,132.835,319.4,1.8,1.3,2014-10-31,1611,Aqua,MODIS,98,6.2,296.2,32.4,N,0
-18.1456,132.8689,321,1.8,1.3,2014-10-31,1611,Aqua,MODIS,63,6.2,296.2,29.9,N,0
-18.3662,133.0034,352.8,1.8,1.3,2014-10-31,1611,Aqua,MODIS,85,6.2,278.9,154.1,N,0
-18.3691,133.0198,346.1,1.7,1.3,2014-10-31,1611,Aqua,MODIS,69,6.2,279.9,122.4,N,0
-18.1444,132.9788,372.1,1.8,1.3,2014-10-31,1611,Aqua,MODIS,100,6.2,293.4,279.4,N,0
-18.1415,132.9621,342.2,1.8,1.3,2014-10-31,1611,Aqua,MODIS,75,6.2,279.6,106.4,N,0
-18.1327,132.981,314.1,1.8,1.3,2014-10-31,1611,Aqua,MODIS,26,6.2,295.1,20.3,N,0
-18.1298,132.9644,392.9,1.8,1.3,2014-10-31,1611,Aqua,MODIS,100,6.2,300.1,487.7,N,0
-18.4354,133.0575,347.5,1.7,1.3,2014-10-31,1611,Aqua,MODIS,94,6.2,277.7,126.6,N,0
-18.1269,132.9477,388.4,1.8,1.3,2014-10-31,1611,Aqua,MODIS,100,6.2,296.9,435.9,N,0
-18.3719,133.0361,360.9,1.7,1.3,2014-10-31,1611,Aqua,MODIS,91,6.2,279,196.7,N,0
-18.3748,133.0524,328.4,1.7,1.3,2014-10-31,1611,Aqua,MODIS,22,6.2,283.9,55.9,N,0
-18.3749,132.9848,325.7,1.8,1.3,2014-10-31,1611,Aqua,MODIS,0,6.2,272.9,55.8,N,0
-18.4299,132.847,334.3,1.8,1.3,2014-10-31,1611,Aqua,MODIS,68,6.2,290.6,82.6,N,0
-18.3778,133.0013,328.4,1.8,1.3,2014-10-31,1611,Aqua,MODIS,30,6.2,272.9,64,N,0
-18.4188,133.0542,334.1,1.7,1.3,2014-10-31,1611,Aqua,MODIS,99,6.2,276.2,72.8,N,0
-18.4303,133.0519,346.8,1.7,1.3,2014-10-31,1611,Aqua,MODIS,98,6.2,279.2,122.9,N,0
-18.3865,132.9825,324.2,1.8,1.3,2014-10-31,1611,Aqua,MODIS,0,6.2,274.6,49.1,N,0
-18.4008,133.0643,345.5,1.7,1.3,2014-10-31,1611,Aqua,MODIS,86,6.2,285.2,114.3,N,0
-18.3981,132.9802,326,1.8,1.3,2014-10-31,1611,Aqua,MODIS,0,6.2,275.3,52.3,N,0
-18.4095,133.0457,344.2,1.7,1.3,2014-10-31,1611,Aqua,MODIS,100,6.2,273.5,118.2,N,0
-18.2005,132.8688,321.6,1.8,1.3,2014-10-31,1611,Aqua,MODIS,28,6.2,294.9,37.4,N,0
-18.175,132.8281,314.9,1.8,1.3,2014-10-31,1611,Aqua,MODIS,28,6.2,295.8,20.1,N,0
-18.1371,132.9573,338.8,1.8,1.3,2014-10-31,1611,Aqua,MODIS,74,6.2,281.9,90.4,N,0
-18.1284,132.9761,324.4,1.8,1.3,2014-10-31,1611,Aqua,MODIS,42,6.2,295.9,44.8,N,0
-18.1632,132.8304,325.6,1.8,1.3,2014-10-31,1611,Aqua,MODIS,100,6.2,296.4,46.3,N,0
-18.3517,132.9892,326.7,1.8,1.3,2014-10-31,1611,Aqua,MODIS,0,6.2,275,53,N,0
-18.34,132.9914,321.9,1.8,1.3,2014-10-31,1611,Aqua,MODIS,0,6.2,278,41.6,N,0
-18.4239,133.0597,373,1.7,1.3,2014-10-31,1611,Aqua,MODIS,100,6.2,284.1,282.2,N,0
-18.4326,133.0412,318.1,1.7,1.3,2014-10-31,1611,Aqua,MODIS,28,6.2,268.4,37.6,N,0
-18.4267,133.076,354.4,1.7,1.3,2014-10-31,1611,Aqua,MODIS,100,6.2,277.5,152.6,N,0
-18.1254,132.9595,386.5,1.8,1.3,2014-10-31,1611,Aqua,MODIS,100,6.2,302,418.5,N,0
-18.2035,132.8857,325.5,1.8,1.3,2014-10-31,1611,Aqua,MODIS,0,6.2,292.6,50.5,N,0
-18.2074,132.8743,334.6,1.8,1.3,2014-10-31,1611,Aqua,MODIS,89,6.2,292.9,75.3,N,0
-18.1547,132.9882,369.5,1.8,1.3,2014-10-31,1611,Aqua,MODIS,100,6.2,290.9,258.2,N,0
-18.1518,132.9716,375.5,1.8,1.3,2014-10-31,1611,Aqua,MODIS,100,6.2,277,307.5,N,0
-18.1472,132.9954,312.5,1.8,1.3,2014-10-31,1611,Aqua,MODIS,32,6.2,295.4,18.2,N,0
-18.3604,133.0383,322,1.7,1.3,2014-10-31,1611,Aqua,MODIS,0,6.2,277.2,38.1,N,0
-18.3633,132.987,326.8,1.8,1.3,2014-10-31,1611,Aqua,MODIS,0,6.2,276,55.5,N,0
-22.882,130.2892,316.2,2.2,1.4,2014-10-31,1612,Aqua,MODIS,93,6.2,290.8,46.9,N,0
-22.8952,130.3015,317.5,2.2,1.4,2014-10-31,1612,Aqua,MODIS,60,6.2,290.9,46.8,N,0
-22.8779,130.2676,308.6,2.2,1.4,2014-10-31,1612,Aqua,MODIS,49,6.2,290.2,26.9,N,0
-22.8737,130.246,313.3,2.2,1.5,2014-10-31,1612,Aqua,MODIS,87,6.2,290.5,40.4,N,0
-22.8861,130.3106,309.2,2.2,1.4,2014-10-31,1612,Aqua,MODIS,61,6.2,287.6,27.9,N,0
-21.702,126.9291,305.6,4.1,1.9,2014-10-31,1612,Aqua,MODIS,28,6.2,275.3,68.5,N,0
-25.2303,147.4962,315,4,1.9,2014-10-31,1612,Aqua,MODIS,90,6.2,291.2,97.9,N,0
-25.2134,147.4972,300.9,4,1.9,2014-10-31,1612,Aqua,MODIS,34,6.2,290.7,28.4,N,0
-25.2442,147.503,304.6,4,1.9,2014-10-31,1612,Aqua,MODIS,61,6.2,290.8,42.2,N,0
-24.3722,146.2314,306.5,3.2,1.7,2014-10-31,1612,Aqua,MODIS,68,6.2,291.7,35.1,N,0
-24.3681,146.2248,303.8,3.2,1.7,2014-10-31,1612,Aqua,MODIS,9,6.2,291.5,23.8,N,0
-23.4143,129.2219,344.7,2.6,1.5,2014-10-31,1612,Aqua,MODIS,100,6.2,278.5,213.9,N,0
-23.4193,129.2468,345.7,2.6,1.5,2014-10-31,1612,Aqua,MODIS,100,6.2,276.9,221,N,0
-23.4228,129.2384,316,2.6,1.5,2014-10-31,1612,Aqua,MODIS,92,6.2,274.9,62.9,N,0
-25.2272,147.504,314.1,4,1.9,2014-10-31,1612,Aqua,MODIS,89,6.2,291.2,91.5,N,0
-23.5078,128.8368,311.2,2.7,1.6,2014-10-31,1612,Aqua,MODIS,82,6.2,292.3,41.5,N,0
-23.5219,128.8335,305.2,2.7,1.6,2014-10-31,1612,Aqua,MODIS,57,6.2,290.8,26,N,0
-21.7019,128.3672,306.8,3.2,1.7,2014-10-31,1612,Aqua,MODIS,39,6.2,290.2,43.8,N,0
-24.3081,146.1805,302.8,3.2,1.7,2014-10-31,1612,Aqua,MODIS,52,6.2,291.7,24.8,N,0
-24.3057,146.1762,302.8,3.2,1.7,2014-10-31,1612,Aqua,MODIS,52,6.2,291.8,25,N,0
-21.8327,127.2855,319.2,3.8,1.8,2014-10-31,1612,Aqua,MODIS,86,6.2,286.9,133.6,N,0
-21.8396,127.2792,324.9,3.8,1.8,2014-10-31,1612,Aqua,MODIS,100,6.2,287.5,178.3,N,0
-23.6567,126.7319,305.3,3.8,1.8,2014-10-31,1612,Aqua,MODIS,50,6.2,291.1,55.6,N,0
-27.2576,126.3916,300.2,3.3,1.7,2014-10-31,1613,Aqua,MODIS,20,6.2,287.6,30,N,0
-24.0357,125.2692,324,4.7,2,2014-10-31,1613,Aqua,MODIS,100,6.2,292.9,190.1,N,0
-24.1515,125.2816,334.5,4.7,2,2014-10-31,1613,Aqua,MODIS,100,6.2,295.1,310.9,N,0
-24.1409,125.2363,308.1,4.7,2,2014-10-31,1613,Aqua,MODIS,74,6.2,293.5,62.6,N,0
-24.8719,125.8636,301.5,4.1,1.9,2014-10-31,1613,Aqua,MODIS,42,6.2,291.3,29.4,N,0
-24.0463,125.3147,308.6,4.7,2,2014-10-31,1613,Aqua,MODIS,75,6.2,292.9,64.6,N,0
-24.1515,125.286,331.7,4.7,2,2014-10-31,1613,Aqua,MODIS,100,6.2,295,275.5,N,0
-25.514,127.7816,302.3,2.9,1.6,2014-10-31,1613,Aqua,MODIS,48,6.2,289.7,24.3,N,0
-25.8718,125.4173,300.7,4.2,1.9,2014-10-31,1613,Aqua,MODIS,33,6.2,290.6,32,N,0
-24.1412,125.2407,312.2,4.7,2,2014-10-31,1613,Aqua,MODIS,84,6.2,293.7,90.7,N,0
-23.6605,126.7233,306.7,3.8,1.8,2014-10-31,1613,Aqua,MODIS,50,6.2,291.2,63.3,N,0
-27.2771,127.1242,303.6,3,1.6,2014-10-31,1613,Aqua,MODIS,24,6.2,287.2,27.8,N,0
-24.7896,128.7642,303.6,2.6,1.5,2014-10-31,1613,Aqua,MODIS,56,6.2,290.8,22.8,N,0
-27.1998,127.0515,304,3,1.6,2014-10-31,1613,Aqua,MODIS,58,6.2,287.7,33.4,N,0
-24.0397,125.2765,327.7,4.7,2,2014-10-31,1613,Aqua,MODIS,100,6.2,293.5,231.2,N,0
-26.4422,126.6388,302.6,3.3,1.7,2014-10-31,1613,Aqua,MODIS,43,6.2,278.8,36.9,N,0
-24.9866,126.1167,301.5,3.9,1.8,2014-10-31,1613,Aqua,MODIS,42,6.2,291.4,27.6,N,0
-24.0325,126.1481,307.4,4.1,1.9,2014-10-31,1613,Aqua,MODIS,71,6.2,293.8,49.6,N,0
-24.0158,126.1525,339.1,4.1,1.9,2014-10-31,1613,Aqua,MODIS,100,6.2,295.3,314.2,N,0
-24.0279,126.1539,328,4.1,1.9,2014-10-31,1613,Aqua,MODIS,100,6.2,294.4,190.9,N,0
-24.0113,126.1583,324.5,4.1,1.9,2014-10-31,1613,Aqua,MODIS,100,6.2,294.7,160.6,N,0
-24.0026,126.1186,306,4.1,1.9,2014-10-31,1613,Aqua,MODIS,53,6.2,293.8,38.7,N,0
-24.1539,128.0054,312.4,3,1.7,2014-10-31,1613,Aqua,MODIS,85,6.2,290.4,60.2,N,0
-24.16,128.0349,315.8,3,1.7,2014-10-31,1613,Aqua,MODIS,92,6.2,290.6,72.6,N,0
-24.1782,128.1221,300.1,3,1.6,2014-10-31,1613,Aqua,MODIS,15,6.2,289.4,22,N,0
-24.4865,127.4459,310.2,3.3,1.7,2014-10-31,1613,Aqua,MODIS,70,6.2,292.6,48.6,N,0
-24.4836,127.4417,303.3,3.3,1.7,2014-10-31,1613,Aqua,MODIS,25,6.2,292.5,24.9,N,0
-24.4988,127.438,309.8,3.3,1.7,2014-10-31,1613,Aqua,MODIS,78,6.2,292.3,48.5,N,0
-24.566,127.4539,302.6,3.2,1.7,2014-10-31,1613,Aqua,MODIS,46,6.2,292,21.8,N,0
-24.3398,127.2101,303.2,3.4,1.7,2014-10-31,1613,Aqua,MODIS,54,6.2,292,29.6,N,0
-19.5284,123.932,337.7,4.2,1.9,2014-10-31,1749,Aqua,MODIS,100,6.2,294.9,307.2,N,0
-19.5321,123.9721,351.2,4.2,1.9,2014-10-31,1749,Aqua,MODIS,100,6.2,295.8,520.5,N,0
-19.5165,123.9658,317.6,4.2,1.9,2014-10-31,1749,Aqua,MODIS,30,6.2,293.4,130.6,N,0
-19.5302,123.9239,322.3,4.2,1.9,2014-10-31,1749,Aqua,MODIS,100,6.2,294.2,149.6,N,0
-19.5337,123.9641,357.7,4.2,1.9,2014-10-31,1749,Aqua,MODIS,100,6.2,296.5,644.1,N,0
-19.769,123.021,310.8,3.6,1.8,2014-10-31,1749,Aqua,MODIS,81,6.2,294.2,59.9,N,0
-19.5309,122.919,319.9,3.5,1.8,2014-10-31,1749,Aqua,MODIS,99,6.2,293.5,105.1,N,0
-19.5278,122.8855,315,3.5,1.8,2014-10-31,1749,Aqua,MODIS,90,6.2,293.1,76.4,N,0
-19.6146,123.1186,307.3,3.7,1.8,2014-10-31,1749,Aqua,MODIS,71,6.2,293.5,47.2,N,0
-19.5376,122.9231,317.4,3.5,1.8,2014-10-31,1749,Aqua,MODIS,95,6.2,293.3,89.9,N,0
-19.5342,122.8896,315.9,3.5,1.8,2014-10-31,1749,Aqua,MODIS,92,6.2,293,79.7,N,0
-19.5183,122.8913,311.7,3.5,1.8,2014-10-31,1749,Aqua,MODIS,83,6.2,293.3,63.6,N,0
-18.6484,122.7709,304.2,3.4,1.7,2014-10-31,1749,Aqua,MODIS,59,6.2,291.8,38.9,N,0
-19.5469,122.9173,303.6,3.5,1.8,2014-10-31,1749,Aqua,MODIS,56,6.2,293,29.5,N,0
-22.0272,124.0413,309.7,4.6,2,2014-10-31,1750,Aqua,MODIS,16,6.2,285,91.9,N,0
-21.809,122.0695,305.4,3.3,1.7,2014-10-31,1750,Aqua,MODIS,64,6.2,293.3,32.6,N,0
-19.7599,123.0146,308,3.6,1.8,2014-10-31,1750,Aqua,MODIS,73,6.2,293.7,43.7,N,0
-20.9719,123.4138,307.8,4,1.9,2014-10-31,1750,Aqua,MODIS,73,6.2,290.2,59.5,N,0
-20.9685,123.3753,303.1,4,1.9,2014-10-31,1750,Aqua,MODIS,53,6.2,287,36.1,N,0
-20.96,123.4107,302.6,4,1.9,2014-10-31,1750,Aqua,MODIS,10,6.2,291.4,34.7,N,0
-20.9769,123.409,302.7,4,1.9,2014-10-31,1750,Aqua,MODIS,41,6.2,287.9,32.3,N,0
-22.6286,120.5796,303.4,2.6,1.5,2014-10-31,1750,Aqua,MODIS,55,6.2,292.7,18.1,N,0
-22.6351,120.5969,311.6,2.6,1.6,2014-10-31,1750,Aqua,MODIS,83,6.2,292.5,40.7,N,0
-22.6311,120.6048,303.7,2.6,1.6,2014-10-31,1750,Aqua,MODIS,57,6.2,292.3,18.4,N,0
-21.6943,122.1498,320.8,3.3,1.7,2014-10-31,1750,Aqua,MODIS,100,6.2,293.4,96.3,N,0
-21.6996,122.1569,320,3.3,1.7,2014-10-31,1750,Aqua,MODIS,100,6.2,292.7,91.2,N,0
-21.5922,121.9819,311.1,3.2,1.7,2014-10-31,1750,Aqua,MODIS,82,6.2,294.7,48.5,N,0
-21.5897,121.9773,312.3,3.2,1.7,2014-10-31,1750,Aqua,MODIS,85,6.2,294.8,53.3,N,0
-21.6915,122.1179,309.7,3.3,1.7,2014-10-31,1750,Aqua,MODIS,71,6.2,294.1,44.5,N,0
-21.6203,121.9744,311.6,3.2,1.7,2014-10-31,1750,Aqua,MODIS,76,6.2,294.1,48.9,N,0
-21.6733,122.0878,306.4,3.3,1.7,2014-10-31,1750,Aqua,MODIS,36,6.2,293.8,30.9,N,0
-21.6966,122.125,313.1,3.3,1.7,2014-10-31,1750,Aqua,MODIS,86,6.2,294.2,57.9,N,0
-21.6328,121.9423,305,3.2,1.7,2014-10-31,1750,Aqua,MODIS,62,6.2,292.9,28.7,N,0
-21.6357,121.973,306.8,3.2,1.7,2014-10-31,1750,Aqua,MODIS,69,6.2,293.3,33.9,N,0
-21.6781,122.0948,306.8,3.3,1.7,2014-10-31,1750,Aqua,MODIS,69,6.2,293.8,35.3,N,0
-20.5937,116.7831,312.3,1.3,1.1,2014-10-31,1750,Aqua,MODIS,84,6.2,296.6,14.3,N,0
-26.2291,121.1734,316.5,3.2,1.7,2014-10-31,1751,Aqua,MODIS,93,6.2,288.6,89.3,N,0
-25.1111,121.4491,325.9,3.2,1.7,2014-10-31,1751,Aqua,MODIS,100,6.2,292.8,124.1,N,0
-23.4843,122.5539,306.1,3.7,1.8,2014-10-31,1751,Aqua,MODIS,24,6.2,292.8,39.4,N,0
-23.4813,122.5174,307.2,3.7,1.8,2014-10-31,1751,Aqua,MODIS,63,6.2,293.4,47.3,N,0
-23.9049,123.5796,372.1,4.4,1.9,2014-10-31,1751,Aqua,MODIS,100,6.2,296.6,1041.7,N,0
-23.9039,123.5846,374.3,4.4,1.9,2014-10-31,1751,Aqua,MODIS,100,6.2,297.3,1106.3,N,0
-25.1143,121.4538,333.3,3.2,1.7,2014-10-31,1751,Aqua,MODIS,100,6.2,293.1,178.5,N,0
-23.468,122.5554,323.6,3.7,1.8,2014-10-31,1751,Aqua,MODIS,83,6.2,294.4,128.7,N,0
-23.9258,123.6223,349.1,4.5,1.9,2014-10-31,1751,Aqua,MODIS,100,6.2,295.9,495.7,N,0
-25.1325,121.4847,314.4,3.2,1.7,2014-10-31,1751,Aqua,MODIS,80,6.2,291.2,66,N,0
-25.1298,121.4523,320.7,3.2,1.7,2014-10-31,1751,Aqua,MODIS,100,6.2,291.7,96.9,N,0
-25.1198,121.5184,306.7,3.3,1.7,2014-10-31,1751,Aqua,MODIS,39,6.2,290.4,37.7,N,0
-23.8687,123.5872,305.6,4.4,1.9,2014-10-31,1751,Aqua,MODIS,27,6.2,292.8,44.9,N,0
-23.8863,123.5858,345.9,4.4,1.9,2014-10-31,1751,Aqua,MODIS,100,6.2,294.7,448.3,N,0
-23.8697,123.5823,306.8,4.4,1.9,2014-10-31,1751,Aqua,MODIS,61,6.2,292.6,52.2,N,0
-23.8873,123.5809,347.2,4.4,1.9,2014-10-31,1751,Aqua,MODIS,100,6.2,294.7,472.8,N,0
-23.465,122.5189,321.1,3.7,1.8,2014-10-31,1751,Aqua,MODIS,98,6.2,294.5,115.3,N,0
-23.4516,122.5569,312.7,3.7,1.8,2014-10-31,1751,Aqua,MODIS,52,6.2,293.8,65.5,N,0
-23.4487,122.5204,309.4,3.7,1.8,2014-10-31,1751,Aqua,MODIS,50,6.2,294.1,52.8,N,0
-23.4604,122.5607,324.1,3.7,1.8,2014-10-31,1751,Aqua,MODIS,100,6.2,294.2,130.6,N,0
-23.4572,122.5243,318.5,3.7,1.8,2014-10-31,1751,Aqua,MODIS,89,6.2,294.7,97.6,N,0
-23.9435,123.6211,337,4.5,1.9,2014-10-31,1751,Aqua,MODIS,100,6.2,294.9,309,N,0
-23.9788,123.6181,347.4,4.5,1.9,2014-10-31,1751,Aqua,MODIS,100,6.2,294.7,473,N,0
-23.9965,123.617,335.8,4.5,1.9,2014-10-31,1751,Aqua,MODIS,100,6.2,294.1,298.8,N,0
-25.1171,121.4861,318.2,3.2,1.7,2014-10-31,1751,Aqua,MODIS,96,6.2,291.9,85.3,N,0
-25.2415,121.3394,300.7,3.2,1.7,2014-10-31,1751,Aqua,MODIS,33,6.2,290.6,22.3,N,0
-23.9221,123.5707,328.2,4.4,1.9,2014-10-31,1751,Aqua,MODIS,100,6.2,293.7,210.8,N,0
-25.1446,121.4784,303.5,3.2,1.7,2014-10-31,1751,Aqua,MODIS,50,6.2,290.8,29.6,N,0
-25.1291,121.4799,320,3.2,1.7,2014-10-31,1751,Aqua,MODIS,100,6.2,292,95,N,0
-23.9251,123.6148,345.6,4.5,1.9,2014-10-31,1751,Aqua,MODIS,100,6.2,296.7,437.3,N,0
-23.9428,123.6135,341.5,4.5,1.9,2014-10-31,1751,Aqua,MODIS,100,6.2,295.1,378.7,N,0
-23.9781,123.6104,344.2,4.5,1.9,2014-10-31,1751,Aqua,MODIS,100,6.2,294.4,419.4,N,0
-25.1265,121.4475,318.3,3.2,1.7,2014-10-31,1751,Aqua,MODIS,94,6.2,291.7,84.9,N,0
-23.9958,123.6092,325.3,4.5,1.9,2014-10-31,1751,Aqua,MODIS,100,6.2,293.6,179.8,N,0
-24.0135,123.6082,312.6,4.5,1.9,2014-10-31,1751,Aqua,MODIS,69,6.2,293.4,83.1,N,0
-25.1161,121.5137,310.5,3.3,1.7,2014-10-31,1751,Aqua,MODIS,10,6.2,290.7,47,N,0
-25.1136,121.4814,317.6,3.2,1.7,2014-10-31,1751,Aqua,MODIS,83,6.2,292,77.5,N,0
-23.9225,123.5783,343,4.4,1.9,2014-10-31,1751,Aqua,MODIS,100,6.2,294.5,395.3,N,0
-24.0345,123.6512,336,4.5,2,2014-10-31,1751,Aqua,MODIS,100,6.2,294.2,314.1,N,0
-23.8897,123.6297,348.4,4.5,1.9,2014-10-31,1751,Aqua,MODIS,100,6.2,295.1,493.1,N,0
-23.9074,123.6285,329.1,4.5,1.9,2014-10-31,1751,Aqua,MODIS,100,6.2,294.3,215.2,N,0
-23.8904,123.6249,349.9,4.5,1.9,2014-10-31,1751,Aqua,MODIS,100,6.2,295.3,524.8,N,0
-23.9081,123.6236,341.3,4.5,1.9,2014-10-31,1751,Aqua,MODIS,100,6.2,295.1,371.4,N,0
-23.9291,123.6668,320,4.5,2,2014-10-31,1751,Aqua,MODIS,46,6.2,293.2,129.1,N,0
-24,123.6615,327.9,4.5,2,2014-10-31,1751,Aqua,MODIS,100,6.2,293.5,208.6,N,0
-23.9311,123.7041,315.4,4.5,2,2014-10-31,1751,Aqua,MODIS,46,6.2,293.1,103.1,N,0
-23.9489,123.7029,311.4,4.5,2,2014-10-31,1751,Aqua,MODIS,18,6.2,292.9,76,N,0
-23.9667,123.7015,308,4.5,2,2014-10-31,1751,Aqua,MODIS,73,6.2,292.7,61.9,N,0
-23.9813,123.6549,320.2,4.5,2,2014-10-31,1751,Aqua,MODIS,70,6.2,293.3,133.9,N,0
-23.999,123.6537,335.8,4.5,2,2014-10-31,1751,Aqua,MODIS,100,6.2,294.1,300.6,N,0
-24.0167,123.6526,357.1,4.5,2,2014-10-31,1751,Aqua,MODIS,100,6.2,295.8,676.7,N,0
-24.0378,123.6955,316.2,4.5,2,2014-10-31,1751,Aqua,MODIS,93,6.2,293,115.6,N,0
-24.0172,123.6481,347,4.5,2,2014-10-31,1751,Aqua,MODIS,100,6.2,295.8,475.9,N,0
-24.0349,123.6467,333.2,4.5,2,2014-10-31,1751,Aqua,MODIS,100,6.2,293.9,273.5,N,0
-24.038,123.6911,321.2,4.5,2,2014-10-31,1751,Aqua,MODIS,88,6.2,293.4,149.9,N,0
-23.8728,123.6263,319.6,4.5,1.9,2014-10-31,1751,Aqua,MODIS,99,6.2,293.9,140.5,N,0
-23.8721,123.6311,309.8,4.5,1.9,2014-10-31,1751,Aqua,MODIS,69,6.2,293.6,69.8,N,0
-18.2112,145.2511,326.8,4,1.9,2014-10-31,2357,Terra,MODIS,78,6.2,298,119.3,D,0
-18.2184,145.2869,327.8,4,1.9,2014-10-31,2357,Terra,MODIS,81,6.2,299.9,126,D,0
-18.223,145.2802,328.4,4,1.9,2014-10-31,2357,Terra,MODIS,81,6.2,300.1,129.7,D,0
-18.2155,145.2444,320.6,4,1.9,2014-10-31,2357,Terra,MODIS,44,6.2,297.3,67.3,D,0
-25.2222,147.4808,324.4,2,1.4,2014-10-31,2359,Terra,MODIS,64,6.2,303.6,32.2,D,0
-24.8127,147.2004,322.9,2.1,1.4,2014-10-31,2359,Terra,MODIS,33,6.2,299.9,31.6,D,0
-25.6929,151.7008,327.7,1.1,1,2014-10-31,2359,Terra,MODIS,22,6.2,307.7,10.6,D,0
-24.8131,147.2075,318,2.1,1.4,2014-10-31,2359,Terra,MODIS,12,6.2,299.8,19.1,D,0
-24.8092,147.187,318.8,2.1,1.4,2014-10-31,2359,Terra,MODIS,26,6.2,299.8,22.9,D,0
-24.8006,147.2103,324,2.1,1.4,2014-10-31,2359,Terra,MODIS,64,6.2,300.5,35.9,D,0
-23.9857,148.4906,326,1.8,1.3,2014-10-31,2359,Terra,MODIS,65,6.2,306.6,16.7,D,0
-23.9889,148.5077,327.2,1.8,1.3,2014-10-31,2359,Terra,MODIS,68,6.2,305.9,19.9,D,0
-25.2404,147.4897,347.3,1.9,1.4,2014-10-31,2359,Terra,MODIS,92,6.2,306.2,121,D,0
-25.232,147.5117,330.8,1.9,1.4,2014-10-31,2359,Terra,MODIS,76,6.2,303,48.1,D,0
-25.3596,148.4099,331.8,1.7,1.3,2014-10-31,2359,Terra,MODIS,78,6.2,306.5,38.3,D,0
-25.3483,148.4126,327.7,1.7,1.3,2014-10-31,2359,Terra,MODIS,68,6.2,306,28.8,D,0
-26.4694,150.248,327.3,1.2,1.1,2014-10-31,2359,Terra,MODIS,70,6.2,303.6,19.9,D,0
-26.4715,150.2604,345.8,1.2,1.1,2014-10-31,2359,Terra,MODIS,91,6.2,304.4,58.2,D,0
-26.4735,150.2728,364.6,1.2,1.1,2014-10-31,2359,Terra,MODIS,100,6.2,305.8,119.3,D,0
-26.4793,150.2459,326.7,1.2,1.1,2014-10-31,2359,Terra,MODIS,68,6.2,304.8,18.2,D,0
-26.4814,150.2583,338.4,1.2,1.1,2014-10-31,2359,Terra,MODIS,85,6.2,304.7,39.7,D,0
-26.4802,150.252,340.8,1.2,1.1,2014-10-31,2359,Terra,MODIS,87,6.2,306.1,43.8,D,0
-26.4824,150.2644,325.9,1.2,1.1,2014-10-31,2359,Terra,MODIS,66,6.2,303.1,12.8,D,0
-26.488,150.2376,332.3,1.2,1.1,2014-10-31,2359,Terra,MODIS,78,6.2,305,27.3,D,0
-26.4902,150.25,328.5,1.2,1.1,2014-10-31,2359,Terra,MODIS,48,6.2,305.7,18.4,D,0
-26.498,150.2355,328.9,1.2,1.1,2014-10-31,2359,Terra,MODIS,72,6.2,304.7,19.9,D,0
-26.5001,150.2479,330.5,1.2,1.1,2014-10-31,2359,Terra,MODIS,48,6.2,306,20.5,D,0
-26.5022,150.2602,349.9,1.2,1.1,2014-10-31,2359,Terra,MODIS,94,6.2,305.2,64.9,D,0
-26.5043,150.2726,323.3,1.2,1.1,2014-10-31,2359,Terra,MODIS,51,6.2,303.3,9,D,0
-26.5079,150.2334,325.4,1.2,1.1,2014-10-31,2359,Terra,MODIS,64,6.2,305,14.1,D,0
-26.51,150.2458,329.9,1.2,1.1,2014-10-31,2359,Terra,MODIS,59,6.2,305.3,19.3,D,0
-26.5121,150.2582,343.4,1.2,1.1,2014-10-31,2359,Terra,MODIS,89,6.2,304.7,47.5,D,0
-26.5178,150.2314,321.6,1.2,1.1,2014-10-31,2359,Terra,MODIS,44,6.2,304.2,9.1,D,0
-26.5199,150.2437,327.2,1.2,1.1,2014-10-31,2359,Terra,MODIS,61,6.2,304.9,15.3,D,0
-26.522,150.2561,327.4,1.2,1.1,2014-10-31,2359,Terra,MODIS,58,6.2,303.9,14.7,D,0
-26.4756,150.2851,335.4,1.2,1.1,2014-10-31,2359,Terra,MODIS,82,6.2,304.3,31.6,D,0
-24.4233,146.2237,321.9,2.5,1.5,2014-10-31,2359,Terra,MODIS,42,6.2,303.9,27.6,D,0
-24.428,146.2474,321.3,2.5,1.5,2014-10-31,2359,Terra,MODIS,42,6.2,303.4,24.7,D,0
-24.4205,146.2423,324.2,2.5,1.5,2014-10-31,2359,Terra,MODIS,38,6.2,304.5,34.9,D,0
-25.2441,147.5088,328.5,1.9,1.4,2014-10-31,2359,Terra,MODIS,69,6.2,303.2,39.8,D,0
-25.2283,147.4927,360.6,1.9,1.4,2014-10-31,2359,Terra,MODIS,100,6.2,307.3,204,D,0
-24.4272,146.7853,319.4,2.3,1.5,2014-10-31,2359,Terra,MODIS,33,6.2,303,17.9,D,0
-25.238,147.4971,373.2,1.9,1.4,2014-10-31,2359,Terra,MODIS,100,6.2,306.6,307.1,D,0
-25.2344,147.4779,336.7,2,1.4,2014-10-31,2359,Terra,MODIS,83,6.2,304.7,72.4,D,0
-25.2259,147.5001,345.2,1.9,1.4,2014-10-31,2359,Terra,MODIS,91,6.2,305,112.5,D,0
-31.0717,152.1445,326.6,1,1,2014-11-01,0000,Terra,MODIS,59,6.2,302.2,17.8,D,0
-31.0807,152.1428,338,1,1,2014-11-01,0000,Terra,MODIS,88,6.2,303.6,32.7,D,0
-31.0474,152.1062,322.6,1,1,2014-11-01,0000,Terra,MODIS,41,6.2,302.3,10.8,D,0
-31.0663,152.6685,319.6,1,1,2014-11-01,0000,Terra,MODIS,50,6.2,288,13.2,D,0
-31.0678,152.679,322.7,1,1,2014-11-01,0000,Terra,MODIS,60,6.2,290.4,14.8,D,0
-32.8663,149.9911,320.3,1.1,1,2014-11-01,0001,Terra,MODIS,53,6.2,299.6,10.5,D,0
-34.4656,150.8869,324.3,1,1,2014-11-01,0001,Terra,MODIS,0,6.2,309.3,8.7,D,2
-32.3626,151.4189,322.5,1,1,2014-11-01,0001,Terra,MODIS,54,6.2,302.3,8.2,D,0
-32.3716,151.417,335.7,1,1,2014-11-01,0001,Terra,MODIS,84,6.2,303.5,25.1,D,0
-32.3732,151.4277,326.2,1,1,2014-11-01,0001,Terra,MODIS,68,6.2,301.8,12.5,D,0
-32.3823,151.4258,330.5,1,1,2014-11-01,0001,Terra,MODIS,78,6.2,303.4,17.7,D,0
-31.6436,151.6608,335.8,1,1,2014-11-01,0001,Terra,MODIS,85,6.2,308.7,25.3,D,0
-31.6526,151.6591,341.4,1,1,2014-11-01,0001,Terra,MODIS,89,6.2,307.8,33.8,D,0
-31.6601,151.6467,339.5,1,1,2014-11-01,0001,Terra,MODIS,88,6.2,304.5,32,D,0
-31.6617,151.6574,359.6,1,1,2014-11-01,0001,Terra,MODIS,99,6.2,305.2,74,D,0
-31.6739,151.6767,322.5,1,1,2014-11-01,0001,Terra,MODIS,56,6.2,300.8,10.4,D,0
-31.7828,151.6092,328.1,1,1,2014-11-01,0001,Terra,MODIS,75,6.2,303,16.9,D,0
-31.7844,151.6197,327.5,1,1,2014-11-01,0001,Terra,MODIS,76,6.2,303.9,15.8,D,0
-31.786,151.6303,325.6,1,1,2014-11-01,0001,Terra,MODIS,73,6.2,305.1,13.9,D,0
-32.8421,150.8796,328.7,1,1,2014-11-01,0001,Terra,MODIS,79,6.2,303.7,17.7,D,0
-32.8545,150.8994,323.9,1,1,2014-11-01,0001,Terra,MODIS,73,6.2,301.9,13.8,D,0
-32.8528,150.8885,346.7,1,1,2014-11-01,0001,Terra,MODIS,93,6.2,303.7,48.2,D,0
-12.2868,132.7178,341.9,1,1,2014-11-01,0134,Terra,MODIS,73,6.2,308.3,28.2,D,0
-12.2791,132.7284,365.2,1,1,2014-11-01,0134,Terra,MODIS,100,6.2,319.4,80.4,D,0
-12.2777,132.7191,345.7,1,1,2014-11-01,0134,Terra,MODIS,82,6.2,316.2,34.5,D,0
-13.7087,132.623,337.2,1,1,2014-11-01,0134,Terra,MODIS,43,6.2,319,11.2,D,0
-14.022,136.54,379.2,1.6,1.3,2014-11-01,0134,Terra,MODIS,100,6.2,306.5,274.3,D,0
-14.0239,136.5547,327.4,1.6,1.3,2014-11-01,0134,Terra,MODIS,29,6.2,304.7,20.9,D,0
-13.9739,136.5218,327.6,1.6,1.3,2014-11-01,0134,Terra,MODIS,47,6.2,306.2,22,D,0
-13.0299,131.6369,336,1,1,2014-11-01,0134,Terra,MODIS,19,6.2,316.9,10.2,D,0
-14.0671,135.3988,334.9,1.4,1.2,2014-11-01,0134,Terra,MODIS,49,6.2,312.9,20,D,0
-14.0775,135.3974,360,1.4,1.2,2014-11-01,0134,Terra,MODIS,100,6.2,312.5,102.2,D,0
-13.0545,131.1265,337.9,1,1,2014-11-01,0134,Terra,MODIS,76,6.2,315,15.9,D,0
-13.0559,131.1358,337.1,1,1,2014-11-01,0134,Terra,MODIS,74,6.2,315,13.8,D,0
-14.0108,136.5415,352.6,1.6,1.3,2014-11-01,0134,Terra,MODIS,95,6.2,307.9,108,D,0
-14.0617,136.5802,344.9,1.6,1.3,2014-11-01,0134,Terra,MODIS,88,6.2,307.2,77.9,D,0
-14.0601,136.5741,336.9,1.6,1.3,2014-11-01,0134,Terra,MODIS,79,6.2,307.9,48.7,D,0
-12.4605,142.8549,313.8,4.7,2,2014-11-01,0134,Terra,MODIS,21,6.2,293.1,53.2,D,0
-12.4618,142.8617,315.9,4.7,2,2014-11-01,0134,Terra,MODIS,46,6.2,292.9,69.2,D,0
-13.0747,132.884,332.7,1,1,2014-11-01,0134,Terra,MODIS,57,6.2,309.4,16.7,D,0
-14.0845,135.3711,347,1.4,1.2,2014-11-01,0134,Terra,MODIS,90,6.2,312.6,49.7,D,0
-14.0862,135.3835,347,1.4,1.2,2014-11-01,0134,Terra,MODIS,90,6.2,312.2,51.8,D,0
-14.0879,135.396,358.9,1.4,1.2,2014-11-01,0134,Terra,MODIS,99,6.2,309.8,97.8,D,0
-14.0966,135.3821,342.9,1.4,1.2,2014-11-01,0134,Terra,MODIS,80,6.2,308.7,44.2,D,0
-14.0922,135.3762,338.7,1.4,1.2,2014-11-01,0134,Terra,MODIS,82,6.2,310.7,38,D,0
-14.0939,135.3887,351.1,1.4,1.2,2014-11-01,0134,Terra,MODIS,94,6.2,309.1,76.3,D,0
-14.0955,135.4013,328.4,1.4,1.2,2014-11-01,0134,Terra,MODIS,60,6.2,308.1,17,D,0
-14.2047,136.9138,325.8,1.7,1.3,2014-11-01,0134,Terra,MODIS,0,6.2,306,26.5,D,0
-14.2164,136.9123,333.6,1.7,1.3,2014-11-01,0134,Terra,MODIS,58,6.2,303.8,48.1,D,0
-14.2184,136.9283,356.7,1.7,1.3,2014-11-01,0134,Terra,MODIS,0,6.2,306.5,149.7,D,0
-14.228,136.9107,327,1.7,1.3,2014-11-01,0134,Terra,MODIS,53,6.2,302.2,32.8,D,0
-14.23,136.9268,393.6,1.7,1.3,2014-11-01,0134,Terra,MODIS,75,6.2,305.7,466.7,D,0
-14.2062,136.6423,327.2,1.7,1.3,2014-11-01,0134,Terra,MODIS,36,6.2,305.7,20.5,D,0
-13.5794,134.2688,334.3,1.2,1.1,2014-11-01,0134,Terra,MODIS,52,6.2,315.8,14.9,D,0
-13.6113,132.5863,350.8,1,1,2014-11-01,0134,Terra,MODIS,92,6.2,317.3,42.2,D,0
-13.6127,132.5956,337.5,1,1,2014-11-01,0134,Terra,MODIS,66,6.2,317.9,17.3,D,0
-11.651,132.9019,335.6,1,1,2014-11-01,0134,Terra,MODIS,74,6.2,314.8,17.1,D,0
-13.515,135.7035,331.1,1.4,1.2,2014-11-01,0134,Terra,MODIS,65,6.2,310.8,21.3,D,0
-13.536,135.7007,336.8,1.4,1.2,2014-11-01,0134,Terra,MODIS,78,6.2,309.1,35.2,D,0
-13.5377,135.7136,336.6,1.4,1.2,2014-11-01,0134,Terra,MODIS,70,6.2,309.3,33.8,D,0
-13.6099,132.577,348,1,1,2014-11-01,0134,Terra,MODIS,90,6.2,314.7,36,D,0
-13.972,136.5071,330.6,1.6,1.2,2014-11-01,0134,Terra,MODIS,66,6.2,306.8,28.7,D,0
-13.9732,136.516,330.3,1.6,1.3,2014-11-01,0134,Terra,MODIS,61,6.2,306.7,28.3,D,0
-13.8405,135.6018,333.9,1.4,1.2,2014-11-01,0134,Terra,MODIS,73,6.2,311.5,20.4,D,0
-13.8422,135.6146,347.1,1.4,1.2,2014-11-01,0134,Terra,MODIS,90,6.2,313.1,56.9,D,0
-13.851,135.6004,335.8,1.4,1.2,2014-11-01,0134,Terra,MODIS,77,6.2,311.7,24.4,D,0
-13.8475,135.608,334,1.4,1.2,2014-11-01,0134,Terra,MODIS,59,6.2,312,19.8,D,0
-13.8564,135.5937,342.8,1.4,1.2,2014-11-01,0134,Terra,MODIS,86,6.2,310.7,44.9,D,0
-13.8807,135.6165,332,1.4,1.2,2014-11-01,0134,Terra,MODIS,43,6.2,310.9,18.1,D,0
-12.3462,132.7467,335.6,1,1,2014-11-01,0134,Terra,MODIS,75,6.2,311.6,16.3,D,0
-13.833,135.7878,330.4,1.4,1.2,2014-11-01,0134,Terra,MODIS,55,6.2,307.9,22.9,D,0
-12.2894,132.7362,362.9,1,1,2014-11-01,0134,Terra,MODIS,100,6.2,317.6,70.6,D,0
-12.2881,132.727,357.3,1,1,2014-11-01,0134,Terra,MODIS,98,6.2,315.7,57.9,D,0
-12.2804,132.7376,336.5,1,1,2014-11-01,0134,Terra,MODIS,35,6.2,317.9,13.2,D,0
-12.5183,136.1501,338.8,1.5,1.2,2014-11-01,0134,Terra,MODIS,82,6.2,309.7,43.5,D,0
-12.5308,136.162,351.7,1.5,1.2,2014-11-01,0134,Terra,MODIS,94,6.2,310.8,86,D,0
-12.529,136.1487,332.2,1.5,1.2,2014-11-01,0134,Terra,MODIS,70,6.2,308.2,24.8,D,0
-12.5326,136.1754,336.5,1.5,1.2,2014-11-01,0134,Terra,MODIS,79,6.2,308.3,38.4,D,0
-12.49,136.1002,349.6,1.4,1.2,2014-11-01,0134,Terra,MODIS,93,6.2,311.5,77.8,D,0
-12.5024,136.1118,332.7,1.4,1.2,2014-11-01,0134,Terra,MODIS,73,6.2,310.8,25.5,D,0
-13.9857,135.557,347.9,1.4,1.2,2014-11-01,0134,Terra,MODIS,91,6.2,309.8,63.7,D,0
-12.6545,136.4868,352.7,1.5,1.2,2014-11-01,0134,Terra,MODIS,95,6.2,312.9,94,D,0
-12.6564,136.501,334.8,1.5,1.2,2014-11-01,0134,Terra,MODIS,65,6.2,309,31.5,D,0
-12.5931,136.1881,333.4,1.5,1.2,2014-11-01,0134,Terra,MODIS,55,6.2,311.3,22.4,D,0
-12.6056,136.2,338.1,1.5,1.2,2014-11-01,0134,Terra,MODIS,81,6.2,312.9,36.5,D,0
-12.6655,136.4854,337.5,1.5,1.2,2014-11-01,0134,Terra,MODIS,74,6.2,306.5,44,D,0
-12.4882,136.087,327.7,1.4,1.2,2014-11-01,0134,Terra,MODIS,46,6.2,310.6,19.1,D,0
-12.5201,136.1635,329.1,1.5,1.2,2014-11-01,0134,Terra,MODIS,64,6.2,308.5,20.9,D,0
-14.0067,135.5542,337.6,1.4,1.2,2014-11-01,0134,Terra,MODIS,72,6.2,308.6,33.4,D,0
-12.6038,136.1866,336.3,1.5,1.2,2014-11-01,0134,Terra,MODIS,78,6.2,312.2,30.2,D,0
-12.5041,136.1251,341.4,1.4,1.2,2014-11-01,0134,Terra,MODIS,85,6.2,311.2,49.6,D,0
-12.5059,136.1384,333.8,1.4,1.2,2014-11-01,0134,Terra,MODIS,75,6.2,309.7,30.5,D,0
-12.5166,136.1369,337,1.4,1.2,2014-11-01,0134,Terra,MODIS,80,6.2,309.9,37.9,D,0
-13.5954,130.0758,335.6,1.1,1,2014-11-01,0134,Terra,MODIS,66,6.2,307.9,17.4,D,0
-13.5969,130.0857,347.4,1.1,1,2014-11-01,0134,Terra,MODIS,89,6.2,310.6,38.2,D,0
-13.5459,132.4538,336.1,1,1,2014-11-01,0134,Terra,MODIS,16,6.2,316.3,13.6,D,0
-13.5876,130.0872,334.5,1.1,1,2014-11-01,0134,Terra,MODIS,52,6.2,309.4,15.6,D,0
-13.5984,130.0956,340,1.1,1,2014-11-01,0134,Terra,MODIS,62,6.2,312.7,21.7,D,0
-13.6433,130.3891,344.3,1.1,1,2014-11-01,0134,Terra,MODIS,72,6.2,311.8,26.9,D,0
-12.3557,132.7487,328.7,1,1,2014-11-01,0134,Terra,MODIS,36,6.2,311.1,8,D,0
-13.5874,132.4855,381.3,1,1,2014-11-01,0134,Terra,MODIS,100,6.2,318.3,136.7,D,0
-13.7487,129.8749,333.7,1.1,1,2014-11-01,0134,Terra,MODIS,13,6.2,312.7,18.6,D,0
-12.9759,135.0893,337.4,1.3,1.1,2014-11-01,0134,Terra,MODIS,71,6.2,316.4,22.4,D,0
-14.3992,141.6655,322.4,4.1,1.9,2014-11-01,0134,Terra,MODIS,63,6.2,300.7,52.8,D,0
-13.5329,133.9624,344.3,1.1,1.1,2014-11-01,0134,Terra,MODIS,87,6.2,317.2,31.4,D,0
-13.804,141.9561,319,4.2,1.9,2014-11-01,0134,Terra,MODIS,67,6.2,291.2,71.5,D,0
-12.7173,142.3842,317.5,4.4,1.9,2014-11-01,0134,Terra,MODIS,38,6.2,294.5,52.5,D,0
-12.7161,142.3913,318.6,4.4,1.9,2014-11-01,0134,Terra,MODIS,70,6.2,294.5,61,D,0
-13.8015,141.9635,317.3,4.2,1.9,2014-11-01,0134,Terra,MODIS,54,6.2,291.2,57.3,D,0
-12.7565,136.2915,340.9,1.5,1.2,2014-11-01,0134,Terra,MODIS,85,6.2,312.1,49.3,D,0
-14.3824,141.6672,322.1,4.1,1.9,2014-11-01,0134,Terra,MODIS,54,6.2,299.1,53.3,D,0
-12.5304,136.6693,326.3,1.6,1.2,2014-11-01,0134,Terra,MODIS,47,6.2,307.4,20.2,D,0
-12.7455,136.3979,333.6,1.5,1.2,2014-11-01,0134,Terra,MODIS,75,6.2,310.6,33.1,D,0
-12.7564,136.3964,369.1,1.5,1.2,2014-11-01,0134,Terra,MODIS,100,6.2,309.5,181.4,D,0
-12.9658,135.0907,340.8,1.3,1.1,2014-11-01,0134,Terra,MODIS,84,6.2,313.7,30.6,D,0
-12.8371,134.3107,337,1.1,1.1,2014-11-01,0134,Terra,MODIS,79,6.2,313.7,24.4,D,0
-12.8356,134.3002,331.5,1.1,1.1,2014-11-01,0134,Terra,MODIS,30,6.2,314.3,14.6,D,0
-12.7543,136.2982,330.7,1.5,1.2,2014-11-01,0134,Terra,MODIS,68,6.2,311,22.8,D,0
-12.2103,133.6635,340.6,1.1,1,2014-11-01,0134,Terra,MODIS,83,6.2,317.2,22.8,D,0
-14.5174,141.7624,335.1,4.1,1.9,2014-11-01,0134,Terra,MODIS,80,6.2,297.3,192.6,D,0
-12.7546,136.3825,344.9,1.5,1.2,2014-11-01,0134,Terra,MODIS,89,6.2,309.1,67,D,0
-14.387,141.6616,322.2,4.1,1.9,2014-11-01,0134,Terra,MODIS,57,6.2,299.4,54.5,D,0
-12.7579,136.3899,352.8,1.5,1.2,2014-11-01,0134,Terra,MODIS,95,6.2,307.9,97.2,D,0
-12.7582,136.3052,330.7,1.5,1.2,2014-11-01,0134,Terra,MODIS,62,6.2,310,22.2,D,0
-14.5206,141.7549,330.4,4.1,1.9,2014-11-01,0134,Terra,MODIS,75,6.2,296.9,137.7,D,0
-12.3035,131.1582,332,1,1,2014-11-01,0134,Terra,MODIS,59,6.2,308.9,14.9,D,0
-12.5578,131.7457,333.4,1,1,2014-11-01,0134,Terra,MODIS,27,6.2,316.1,13.5,D,0
-12.8864,132.7907,336,1,1,2014-11-01,0134,Terra,MODIS,62,6.2,312.7,16.3,D,0
-12.885,132.7814,345,1,1,2014-11-01,0134,Terra,MODIS,87,6.2,311.2,32.3,D,0
-12.305,131.1676,332.7,1,1,2014-11-01,0134,Terra,MODIS,40,6.2,310.2,15.6,D,0
-12.7597,136.4038,327.5,1.5,1.2,2014-11-01,0134,Terra,MODIS,48,6.2,308.2,19,D,0
-15.6644,142.2215,323.7,4.6,2,2014-11-01,0135,Terra,MODIS,37,6.2,295,95.9,D,0
-16.819,139.1339,314.6,2.8,1.6,2014-11-01,0135,Terra,MODIS,44,6.2,301.6,36.9,D,3
-15.231,134.5071,344.1,1.2,1.1,2014-11-01,0135,Terra,MODIS,86,6.2,315.1,37.6,D,0
-15.2011,134.5112,360.3,1.2,1.1,2014-11-01,0135,Terra,MODIS,100,6.2,316.6,87.7,D,0
-15.4372,133.7854,345.2,1.1,1.1,2014-11-01,0135,Terra,MODIS,70,6.2,319.6,29.2,D,0
-15.6602,142.1785,328.4,4.6,2,2014-11-01,0135,Terra,MODIS,66,6.2,293.2,147.1,D,0
-15.1142,134.471,334.7,1.2,1.1,2014-11-01,0135,Terra,MODIS,51,6.2,317,13.8,D,0
-15.7314,125.7557,345.5,1.8,1.3,2014-11-01,0135,Terra,MODIS,89,6.2,304.7,87.9,D,0
-15.7344,125.7728,352.1,1.8,1.3,2014-11-01,0135,Terra,MODIS,94,6.2,309.1,116.8,D,0
-15.7373,125.7898,335.1,1.8,1.3,2014-11-01,0135,Terra,MODIS,63,6.2,308.9,35.8,D,0
-15.7402,125.8065,335.7,1.8,1.3,2014-11-01,0135,Terra,MODIS,72,6.2,309.1,37,D,0
-15.4416,133.7897,334.6,1.1,1.1,2014-11-01,0135,Terra,MODIS,61,6.2,318.1,13.6,D,0
-16.865,130.8617,337.5,1,1,2014-11-01,0135,Terra,MODIS,79,6.2,305.6,22.6,D,0
-16.874,130.8603,383.1,1,1,2014-11-01,0135,Terra,MODIS,100,6.2,311.6,149.7,D,0
-16.8754,130.8697,352.8,1,1,2014-11-01,0135,Terra,MODIS,95,6.2,308.3,50.5,D,0
-16.883,130.8589,348.3,1,1,2014-11-01,0135,Terra,MODIS,91,6.2,307.9,42,D,0
-16.8858,130.8776,335.3,1,1,2014-11-01,0135,Terra,MODIS,70,6.2,308.5,17.8,D,0
-16.8872,130.8869,345.8,1,1,2014-11-01,0135,Terra,MODIS,89,6.2,307.8,35.7,D,0
-16.8886,130.8962,334.9,1,1,2014-11-01,0135,Terra,MODIS,75,6.2,306.6,18.9,D,0
-16.89,130.9056,334,1,1,2014-11-01,0135,Terra,MODIS,73,6.2,306.2,18.8,D,0
-16.892,130.8575,333.8,1,1,2014-11-01,0135,Terra,MODIS,67,6.2,306.1,16.2,D,0
-16.8948,130.8762,341.2,1,1,2014-11-01,0135,Terra,MODIS,84,6.2,307.8,27.2,D,0
-16.8962,130.8855,365.7,1,1,2014-11-01,0135,Terra,MODIS,100,6.2,308.8,83.2,D,0
-16.8976,130.8948,338.7,1,1,2014-11-01,0135,Terra,MODIS,81,6.2,308.1,23.6,D,0
-16.899,130.9042,354.4,1,1,2014-11-01,0135,Terra,MODIS,96,6.2,307.8,55.9,D,0
-16.901,130.8561,367.7,1,1,2014-11-01,0135,Terra,MODIS,100,6.2,306.8,90.2,D,0
-16.9024,130.8654,339.5,1,1,2014-11-01,0135,Terra,MODIS,82,6.2,307.7,21.9,D,0
-16.9038,130.8748,338.4,1,1,2014-11-01,0135,Terra,MODIS,81,6.2,307.6,19.8,D,0
-16.9052,130.8841,331.9,1,1,2014-11-01,0135,Terra,MODIS,52,6.2,307.1,11.3,D,0
-16.9079,130.9027,334.8,1,1,2014-11-01,0135,Terra,MODIS,75,6.2,305.4,18.8,D,0
-16.91,130.8547,438.8,1,1,2014-11-01,0135,Terra,MODIS,100,6.2,319.4,558.3,D,0
-16.9114,130.864,390.8,1,1,2014-11-01,0135,Terra,MODIS,100,6.2,313,182.2,D,0
-16.9128,130.8733,331.5,1,1,2014-11-01,0135,Terra,MODIS,67,6.2,308,10.2,D,0
-16.9183,130.9107,329.9,1,1,2014-11-01,0135,Terra,MODIS,62,6.2,293.6,12.3,D,0
-16.9204,130.8626,349,1,1,2014-11-01,0135,Terra,MODIS,92,6.2,308.7,39.8,D,0
-16.9273,130.9093,328.1,1,1,2014-11-01,0135,Terra,MODIS,49,6.2,303.8,10,D,0
-15.1911,134.5124,352.5,1.2,1.1,2014-11-01,0135,Terra,MODIS,94,6.2,317.1,61,D,0
-16.8726,130.851,391.8,1,1,2014-11-01,0135,Terra,MODIS,100,6.2,309.9,191.4,D,0
-16.8816,130.8496,340.2,1,1,2014-11-01,0135,Terra,MODIS,83,6.2,304,26.8,D,0
-16.9086,130.8453,348.6,1,1,2014-11-01,0135,Terra,MODIS,91,6.2,306.7,40.2,D,0
-16.919,130.8533,351.2,1,1,2014-11-01,0135,Terra,MODIS,94,6.2,307.8,45,D,0
-14.407,132.4893,337.3,1,1,2014-11-01,0135,Terra,MODIS,75,6.2,316.7,16,D,0
-14.3539,132.6951,335.5,1,1,2014-11-01,0135,Terra,MODIS,71,6.2,312.8,14.2,D,0
-14.3589,132.6655,331.7,1,1,2014-11-01,0135,Terra,MODIS,48,6.2,313.6,8.6,D,0
-14.3836,132.7139,333.2,1,1,2014-11-01,0135,Terra,MODIS,63,6.2,313.4,9.9,D,0
-15.4386,133.796,340.8,1.1,1.1,2014-11-01,0135,Terra,MODIS,46,6.2,317.8,21.4,D,0
-15.4431,133.8004,338.3,1.1,1.1,2014-11-01,0135,Terra,MODIS,77,6.2,316.9,20,D,0
-15.1927,134.524,353.5,1.2,1.1,2014-11-01,0135,Terra,MODIS,95,6.2,316.5,66.1,D,0
-14.4123,132.7193,339.1,1,1,2014-11-01,0135,Terra,MODIS,78,6.2,315.4,18.7,D,0
-14.4109,132.7098,334.5,1,1,2014-11-01,0135,Terra,MODIS,68,6.2,315.8,11.5,D,0
-15.8771,133.9333,338,1.2,1.1,2014-11-01,0135,Terra,MODIS,55,6.2,313.1,19.2,D,0
-15.8368,133.9278,340.1,1.2,1.1,2014-11-01,0135,Terra,MODIS,63,6.2,316.7,23.6,D,0
-15.6599,142.1733,328.8,4.6,2,2014-11-01,0135,Terra,MODIS,61,6.2,293,149.4,D,0
-14.4083,132.4986,338.5,1,1,2014-11-01,0135,Terra,MODIS,77,6.2,315.5,17.6,D,0
-18.8951,141.69,328.7,4.6,2,2014-11-01,0135,Terra,MODIS,68,6.2,300.6,124,D,0
-15.221,134.5085,342.7,1.2,1.1,2014-11-01,0135,Terra,MODIS,85,6.2,313.9,33.8,D,0
-18.8958,141.6949,327.4,4.6,2,2014-11-01,0135,Terra,MODIS,64,6.2,300.6,108.2,D,0
-15.9235,133.9652,336.8,1.2,1.1,2014-11-01,0135,Terra,MODIS,72,6.2,315.7,17,D,0
-15.9444,133.9735,338.9,1.2,1.1,2014-11-01,0135,Terra,MODIS,78,6.2,316.1,23.9,D,0
-15.9347,133.9748,341.3,1.2,1.1,2014-11-01,0135,Terra,MODIS,82,6.2,315.4,27.9,D,0
-15.2027,134.5227,347.2,1.2,1.1,2014-11-01,0135,Terra,MODIS,90,6.2,314.8,47.3,D,0
-15.2163,126.5219,343,1.7,1.3,2014-11-01,0135,Terra,MODIS,86,6.2,310.2,57.6,D,0
-15.1059,126.6873,336.9,1.6,1.3,2014-11-01,0135,Terra,MODIS,78,6.2,307.5,39.8,D,0
-16.1792,124.7749,331.1,2.1,1.4,2014-11-01,0135,Terra,MODIS,68,6.2,304.1,49.9,D,0
-15.3573,126.1945,338.6,1.7,1.3,2014-11-01,0135,Terra,MODIS,67,6.2,307.6,48.2,D,0
-15.3661,126.1763,336.9,1.7,1.3,2014-11-01,0135,Terra,MODIS,52,6.2,308,39.9,D,0
-15.3688,126.1924,360.3,1.7,1.3,2014-11-01,0135,Terra,MODIS,100,6.2,311.3,148.6,D,0
-14.3917,131.5052,340.8,1,1,2014-11-01,0135,Terra,MODIS,79,6.2,316,18.4,D,0
-15.4211,126.6427,335.2,1.6,1.2,2014-11-01,0135,Terra,MODIS,74,6.2,310.6,34.9,D,0
-15.4298,126.6259,368.9,1.6,1.2,2014-11-01,0135,Terra,MODIS,100,6.2,308.1,186.9,D,0
-15.4323,126.6407,387.8,1.6,1.2,2014-11-01,0135,Terra,MODIS,100,6.2,315.3,339.4,D,0
-15.1033,126.6724,334.5,1.6,1.3,2014-11-01,0135,Terra,MODIS,64,6.2,307.6,31.6,D,0
-15.4073,126.2938,339.2,1.7,1.3,2014-11-01,0135,Terra,MODIS,81,6.2,311.5,45.7,D,0
-15.205,126.524,331.4,1.7,1.3,2014-11-01,0135,Terra,MODIS,58,6.2,309.3,19.2,D,0
-15.365,126.1872,354.2,1.7,1.3,2014-11-01,0135,Terra,MODIS,96,6.2,309.3,112.4,D,0
-15.3678,126.2032,340,1.7,1.3,2014-11-01,0135,Terra,MODIS,66,6.2,311,48.1,D,0
-15.3989,126.3011,334,1.7,1.3,2014-11-01,0135,Terra,MODIS,69,6.2,309.3,27.5,D,0
-16.1828,124.7952,333.4,2.1,1.4,2014-11-01,0135,Terra,MODIS,74,6.2,302.8,59.2,D,0
-14.1804,127.2953,332.1,1.5,1.2,2014-11-01,0135,Terra,MODIS,43,6.2,310.5,16.7,D,0
-15.3765,126.185,334.7,1.7,1.3,2014-11-01,0135,Terra,MODIS,45,6.2,311.5,27.8,D,0
-15.0792,126.5997,336.2,1.6,1.3,2014-11-01,0135,Terra,MODIS,73,6.2,311.4,28.7,D,0
-14.6543,131.1058,357,1,1,2014-11-01,0135,Terra,MODIS,97,6.2,308.8,57.7,D,0
-14.7116,131.1193,339.3,1,1,2014-11-01,0135,Terra,MODIS,60,6.2,315.6,15.4,D,0
-14.6591,131.0766,335.4,1,1,2014-11-01,0135,Terra,MODIS,41,6.2,313,12.1,D,0
-14.7054,131.1392,335.8,1,1,2014-11-01,0135,Terra,MODIS,45,6.2,315,11.9,D,0
-14.704,131.1299,334.8,1,1,2014-11-01,0135,Terra,MODIS,25,6.2,313.6,10.4,D,0
-14.5143,130.8483,341.5,1,1,2014-11-01,0135,Terra,MODIS,76,6.2,315.3,20.5,D,0
-14.4415,131.4693,338.9,1,1,2014-11-01,0135,Terra,MODIS,59,6.2,311.9,19.1,D,0
-14.6605,131.0859,335.2,1,1,2014-11-01,0135,Terra,MODIS,46,6.2,311.6,12.5,D,0
-14.7193,131.1086,346.5,1,1,2014-11-01,0135,Terra,MODIS,88,6.2,314.4,30.3,D,0
-14.4021,131.5131,334.2,1,1,2014-11-01,0135,Terra,MODIS,49,6.2,313.3,8.5,D,0
-14.6307,131.0715,342.1,1,1,2014-11-01,0135,Terra,MODIS,83,6.2,313.4,21.5,D,0
-14.7613,130.8384,339.8,1,1,2014-11-01,0135,Terra,MODIS,76,6.2,314.8,21.6,D,0
-14.735,130.9063,332.5,1,1,2014-11-01,0135,Terra,MODIS,52,6.2,314.1,7.7,D,0
-14.7675,130.8183,344.8,1,1,2014-11-01,0135,Terra,MODIS,86,6.2,312.5,29.4,D,0
-14.4325,131.4707,339.3,1,1,2014-11-01,0135,Terra,MODIS,42,6.2,313.8,17.5,D,0
-14.4146,130.8603,340.4,1,1,2014-11-01,0135,Terra,MODIS,71,6.2,313.6,20,D,0
-14.6557,131.1151,336.7,1,1,2014-11-01,0135,Terra,MODIS,74,6.2,308.8,17.3,D,0
-14.5589,130.8987,343.6,1,1,2014-11-01,0135,Terra,MODIS,85,6.2,314,19.4,D,0
-14.6619,131.0952,339,1,1,2014-11-01,0135,Terra,MODIS,65,6.2,312.2,18.4,D,0
-14.4395,130.7797,333.5,1,1,2014-11-01,0135,Terra,MODIS,56,6.2,314.5,11.9,D,0
-14.5106,130.7625,353.8,1,1,2014-11-01,0135,Terra,MODIS,95,6.2,311.6,50.7,D,0
-14.6633,131.1044,350.3,1,1,2014-11-01,0135,Terra,MODIS,92,6.2,312.3,39.7,D,0
-14.6366,130.8035,338.8,1,1,2014-11-01,0135,Terra,MODIS,42,6.2,315.4,14.4,D,0
-14.7689,130.8276,355.4,1,1,2014-11-01,0135,Terra,MODIS,96,6.2,314.9,52,D,0
-14.7704,130.837,353.2,1,1,2014-11-01,0135,Terra,MODIS,94,6.2,317,46.7,D,0
-14.778,130.8262,336.5,1,1,2014-11-01,0135,Terra,MODIS,46,6.2,315.9,13.1,D,0
-14.4786,130.7963,331.1,1,1,2014-11-01,0135,Terra,MODIS,18,6.2,310.5,8.1,D,0
-14.6633,130.8602,337.5,1,1,2014-11-01,0135,Terra,MODIS,48,6.2,316.5,11.6,D,0
-14.7336,130.8971,336.9,1,1,2014-11-01,0135,Terra,MODIS,74,6.2,314.4,15.1,D,0
-14.4724,130.8165,347.2,1,1,2014-11-01,0135,Terra,MODIS,89,6.2,311.2,34.1,D,0
-14.4027,130.8429,335.9,1,1,2014-11-01,0135,Terra,MODIS,57,6.2,311.8,15.7,D,0
-14.4132,130.8509,348.1,1,1,2014-11-01,0135,Terra,MODIS,90,6.2,312.4,34.7,D,0
-14.1487,131.2969,336,1,1,2014-11-01,0135,Terra,MODIS,50,6.2,311.6,13.9,D,0
-15.0554,135.1717,344.8,1.4,1.2,2014-11-01,0135,Terra,MODIS,81,6.2,311.2,48.4,D,0
-14.6896,131.2803,336.2,1,1,2014-11-01,0135,Terra,MODIS,65,6.2,310.2,14.6,D,0
-14.3557,132.583,337.7,1,1,2014-11-01,0135,Terra,MODIS,76,6.2,316.9,14.3,D,0
-14.4036,130.9097,338.3,1,1,2014-11-01,0135,Terra,MODIS,52,6.2,315.3,15.8,D,0
-14.357,132.5924,344.7,1,1,2014-11-01,0135,Terra,MODIS,86,6.2,315.4,26.5,D,0
-14.3583,132.6018,333,1,1,2014-11-01,0135,Terra,MODIS,42,6.2,315.9,7.3,D,0
-14.5556,130.7585,333.6,1,1,2014-11-01,0135,Terra,MODIS,48,6.2,313.5,10,D,0
-14.7048,131.259,339.4,1,1,2014-11-01,0135,Terra,MODIS,78,6.2,313.8,17.3,D,0
-14.7034,131.2498,336.5,1,1,2014-11-01,0135,Terra,MODIS,61,6.2,315,13.1,D,0
-14.6647,131.1137,344.5,1,1,2014-11-01,0135,Terra,MODIS,81,6.2,311.1,28.2,D,0
-14.6765,131.1308,357,1,1,2014-11-01,0135,Terra,MODIS,97,6.2,314,51.2,D,0
-14.6751,131.1216,348,1,1,2014-11-01,0135,Terra,MODIS,87,6.2,311.6,31.1,D,0
-14.7155,130.8999,338,1,1,2014-11-01,0135,Terra,MODIS,76,6.2,314.6,17.2,D,0
-14.4381,130.7703,345.6,1,1,2014-11-01,0135,Terra,MODIS,87,6.2,314.9,33.1,D,0
-14.6882,131.271,336,1,1,2014-11-01,0135,Terra,MODIS,56,6.2,310.8,13.3,D,0
-14.5509,130.7881,335.5,1,1,2014-11-01,0135,Terra,MODIS,55,6.2,312.8,12.6,D,0
-14.5603,130.908,336.1,1,1,2014-11-01,0135,Terra,MODIS,68,6.2,315.2,6.6,D,0
-14.4367,130.7609,351.7,1,1,2014-11-01,0135,Terra,MODIS,93,6.2,313.9,46.2,D,0
-14.429,130.7717,348,1,1,2014-11-01,0135,Terra,MODIS,90,6.2,311.2,38.3,D,0
-14.7206,131.1179,348.2,1,1,2014-11-01,0135,Terra,MODIS,90,6.2,316,34.2,D,0
-14.4276,130.7623,344.4,1,1,2014-11-01,0135,Terra,MODIS,86,6.2,310,31.3,D,0
-14.568,130.9003,339,1,1,2014-11-01,0135,Terra,MODIS,76,6.2,315.1,12.1,D,0
-14.5523,130.7975,334,1,1,2014-11-01,0135,Terra,MODIS,26,6.2,312.5,10.2,D,0
-14.0718,129.767,330.4,1.1,1,2014-11-01,0135,Terra,MODIS,27,6.2,311.7,15.8,D,0
-14.1046,129.7928,332.9,1.1,1,2014-11-01,0135,Terra,MODIS,35,6.2,313,16.1,D,0
-15.6841,128.3047,339.5,1.2,1.1,2014-11-01,0135,Terra,MODIS,80,6.2,309.2,27.7,D,0
-15.6941,128.3031,334.1,1.2,1.1,2014-11-01,0135,Terra,MODIS,56,6.2,309.5,15.4,D,0
-15.6823,128.2933,340.3,1.2,1.1,2014-11-01,0135,Terra,MODIS,81,6.2,307.5,30.1,D,0
-13.7581,129.8734,330.6,1.1,1,2014-11-01,0135,Terra,MODIS,29,6.2,311.3,13.2,D,0
-14.1062,129.8029,333.2,1.1,1,2014-11-01,0135,Terra,MODIS,21,6.2,313.4,17.3,D,0
-19.6308,122.9035,329.6,2.5,1.5,2014-11-01,0136,Terra,MODIS,53,6.2,310.9,29.9,D,0
-19.5582,122.8942,372.3,2.5,1.5,2014-11-01,0136,Terra,MODIS,100,6.2,311.5,393.5,D,0
-19.5536,122.8703,388,2.5,1.5,2014-11-01,0136,Terra,MODIS,100,6.2,311.5,649.3,D,0
-19.552,122.9014,377.5,2.5,1.5,2014-11-01,0136,Terra,MODIS,100,6.2,314.6,459.7,D,0
-19.6864,122.9338,344.4,2.5,1.5,2014-11-01,0136,Terra,MODIS,87,6.2,313.4,112.3,D,0
-19.7671,122.9888,342.9,2.4,1.5,2014-11-01,0136,Terra,MODIS,86,6.2,311.2,106.8,D,0
-19.7741,122.9815,340.5,2.4,1.5,2014-11-01,0136,Terra,MODIS,83,6.2,309.7,94.8,D,0
-17.9199,123.2072,358.8,2.6,1.5,2014-11-01,0136,Terra,MODIS,99,6.2,305.5,273.2,D,0
-17.9062,123.2099,346.9,2.6,1.5,2014-11-01,0136,Terra,MODIS,90,6.2,307,156.8,D,0
-18.6402,122.7266,340,2.7,1.6,2014-11-01,0136,Terra,MODIS,45,6.2,313.2,99.9,D,0
-17.2091,123.1692,329.4,2.7,1.6,2014-11-01,0136,Terra,MODIS,46,6.2,307,38.1,D,0
-18.6528,122.6916,364.3,2.7,1.6,2014-11-01,0136,Terra,MODIS,100,6.2,312.3,342.5,D,0
-19.8103,122.6521,336.3,2.6,1.5,2014-11-01,0136,Terra,MODIS,68,6.2,306.2,82,D,0
-19.8012,122.6796,353,2.6,1.5,2014-11-01,0136,Terra,MODIS,95,6.2,313.3,197.1,D,0
-19.7965,122.6551,401.4,2.6,1.5,2014-11-01,0136,Terra,MODIS,100,6.2,313.1,975.2,D,0
-19.7643,122.6366,347.1,2.6,1.5,2014-11-01,0136,Terra,MODIS,90,6.2,304.4,168.6,D,0
-19.7553,122.6642,352.2,2.6,1.5,2014-11-01,0136,Terra,MODIS,94,6.2,309.6,197.9,D,0
-19.7505,122.6396,367.1,2.6,1.5,2014-11-01,0136,Terra,MODIS,100,6.2,308.3,366.1,D,0
-17.9014,123.218,331.3,2.6,1.5,2014-11-01,0136,Terra,MODIS,22,6.2,307.7,52.3,D,0
-17.9245,123.2311,395.9,2.6,1.5,2014-11-01,0136,Terra,MODIS,100,6.2,311.5,846.5,D,0
-19.5475,122.8776,500,2.5,1.5,2014-11-01,0136,Terra,MODIS,100,6.2,334.1,6090.4,D,0
-19.5338,122.8805,360.7,2.5,1.5,2014-11-01,0136,Terra,MODIS,100,6.2,315.7,255.5,D,0
-17.9197,123.2815,331.4,2.5,1.5,2014-11-01,0136,Terra,MODIS,42,6.2,305.8,59.7,D,0
-17.9152,123.2578,345.1,2.5,1.5,2014-11-01,0136,Terra,MODIS,88,6.2,309.9,139.2,D,0
-17.897,123.2367,330.7,2.6,1.5,2014-11-01,0136,Terra,MODIS,48,6.2,308.6,50.5,D,0
-17.8923,123.287,328.1,2.5,1.5,2014-11-01,0136,Terra,MODIS,33,6.2,307.9,44.4,D,0
-17.8878,123.2633,327.9,2.5,1.5,2014-11-01,0136,Terra,MODIS,39,6.2,308.6,39.3,D,0
-19.6181,123.105,332.1,2.4,1.5,2014-11-01,0136,Terra,MODIS,51,6.2,312.3,36.8,D,0
-19.7875,122.6498,353.2,2.6,1.5,2014-11-01,0136,Terra,MODIS,95,6.2,307.4,212.9,D,0
-19.7923,122.6743,338.2,2.6,1.5,2014-11-01,0136,Terra,MODIS,54,6.2,312.2,86.3,D,0
-19.6168,123.1228,332.3,2.4,1.5,2014-11-01,0136,Terra,MODIS,48,6.2,311.3,41.1,D,0
-19.6223,123.1275,336.3,2.4,1.5,2014-11-01,0136,Terra,MODIS,70,6.2,310.3,61.3,D,0
-18.7449,122.6913,338.5,2.7,1.6,2014-11-01,0136,Terra,MODIS,82,6.2,313.7,90.1,D,0
-17.7054,124.1103,330.8,2.2,1.4,2014-11-01,0136,Terra,MODIS,48,6.2,307.4,32.5,D,0
-17.2007,123.151,327.6,2.7,1.6,2014-11-01,0136,Terra,MODIS,43,6.2,306,24.8,D,0
-19.5065,122.8861,348.3,2.5,1.5,2014-11-01,0136,Terra,MODIS,91,6.2,310.9,143.9,D,0
-19.8013,122.6468,379.4,2.6,1.5,2014-11-01,0136,Terra,MODIS,100,6.2,306.7,536.1,D,0
-19.8061,122.6713,377,2.6,1.5,2014-11-01,0136,Terra,MODIS,100,6.2,312.8,490.1,D,0
-18.6214,122.704,419.2,2.7,1.6,2014-11-01,0136,Terra,MODIS,100,6.2,314.9,1592.9,D,0
-19.501,122.8942,342.5,2.5,1.5,2014-11-01,0136,Terra,MODIS,86,6.2,311,107.1,D,0
-18.6387,122.6945,338.1,2.7,1.6,2014-11-01,0136,Terra,MODIS,55,6.2,309.4,98.6,D,0
-18.6261,122.7295,382.5,2.7,1.6,2014-11-01,0136,Terra,MODIS,100,6.2,317,614.5,D,0
-18.6355,122.7011,352.5,2.7,1.6,2014-11-01,0136,Terra,MODIS,92,6.2,310,218.8,D,0
-18.6296,122.7229,385.4,2.7,1.6,2014-11-01,0136,Terra,MODIS,100,6.2,316.9,670.2,D,0
-18.6246,122.6974,378,2.7,1.6,2014-11-01,0136,Terra,MODIS,100,6.2,308.5,550.6,D,0
-18.6121,122.7324,342.4,2.7,1.6,2014-11-01,0136,Terra,MODIS,78,6.2,314.9,125.4,D,0
-19.4966,122.8703,338.1,2.5,1.5,2014-11-01,0136,Terra,MODIS,80,6.2,309.3,80.6,D,0
-18.6073,122.7069,368.8,2.7,1.6,2014-11-01,0136,Terra,MODIS,100,6.2,312.8,413.8,D,0
-18.6155,122.7257,378.8,2.7,1.6,2014-11-01,0136,Terra,MODIS,100,6.2,318,551.9,D,0
-18.6105,122.7003,388.2,2.7,1.6,2014-11-01,0136,Terra,MODIS,100,6.2,312,743.4,D,0
-19.676,122.9188,337.2,2.5,1.5,2014-11-01,0136,Terra,MODIS,76,6.2,310.7,67.7,D,0
-19.5156,122.8594,337.7,2.5,1.5,2014-11-01,0136,Terra,MODIS,76,6.2,309.2,77.7,D,0
-19.6804,122.9422,339.4,2.5,1.5,2014-11-01,0136,Terra,MODIS,82,6.2,312.6,76.3,D,0
-19.5293,122.8565,398.8,2.5,1.5,2014-11-01,0136,Terra,MODIS,100,6.2,316.6,873.1,D,0
-19.5429,122.8536,447.6,2.5,1.5,2014-11-01,0136,Terra,MODIS,100,6.2,315.5,2556.2,D,0
-17.929,123.255,386.8,2.5,1.5,2014-11-01,0136,Terra,MODIS,100,6.2,309.1,661.2,D,0
-18.6577,122.717,334.8,2.7,1.6,2014-11-01,0136,Terra,MODIS,49,6.2,313.5,65,D,0
-18.7232,122.6766,336.4,2.7,1.6,2014-11-01,0136,Terra,MODIS,68,6.2,312.4,80.4,D,0
-18.726,122.669,334.2,2.7,1.6,2014-11-01,0136,Terra,MODIS,61,6.2,310.8,66.5,D,0
-18.7401,122.666,336.9,2.7,1.6,2014-11-01,0136,Terra,MODIS,70,6.2,310.1,82.1,D,0
-19.845,127.732,336.9,1.2,1.1,2014-11-01,0136,Terra,MODIS,59,6.2,311,19.1,D,0
-19.8377,127.6872,336.7,1.2,1.1,2014-11-01,0136,Terra,MODIS,66,6.2,305.7,19.7,D,0
-19.8298,127.7001,338.5,1.2,1.1,2014-11-01,0136,Terra,MODIS,67,6.2,311.5,19.1,D,0
-19.828,127.6889,347.6,1.2,1.1,2014-11-01,0136,Terra,MODIS,90,6.2,309.9,42.8,D,0
-19.8183,127.6906,359.7,1.2,1.1,2014-11-01,0136,Terra,MODIS,99,6.2,313,79.4,D,0
-19.8086,127.6924,388.1,1.2,1.1,2014-11-01,0136,Terra,MODIS,100,6.2,316.1,215.6,D,0
-17.5257,126.8039,336.7,1.4,1.2,2014-11-01,0136,Terra,MODIS,81,6.2,309.8,34.6,D,0
-17.534,126.7884,330.1,1.4,1.2,2014-11-01,0136,Terra,MODIS,63,6.2,307.5,17.4,D,0
-17.5363,126.802,330.8,1.4,1.2,2014-11-01,0136,Terra,MODIS,70,6.2,308.3,20,D,0
-20.3879,125.6647,338.5,1.5,1.2,2014-11-01,0136,Terra,MODIS,70,6.2,316.4,31,D,0
-20.3904,125.6792,350.3,1.5,1.2,2014-11-01,0136,Terra,MODIS,92,6.2,317.6,70.1,D,0
-20.3963,125.648,337.2,1.5,1.2,2014-11-01,0136,Terra,MODIS,77,6.2,313.3,29.7,D,0
-20.3988,125.6626,338.8,1.5,1.2,2014-11-01,0136,Terra,MODIS,65,6.2,312.9,31.9,D,0
-20.4013,125.6771,354.8,1.5,1.2,2014-11-01,0136,Terra,MODIS,96,6.2,314,88.8,D,0
-20.4097,125.6604,341.2,1.5,1.2,2014-11-01,0136,Terra,MODIS,79,6.2,310.7,42,D,0
-20.3716,125.7792,336.8,1.5,1.2,2014-11-01,0136,Terra,MODIS,50,6.2,316,23.9,D,0
-20.374,125.7935,336.5,1.5,1.2,2014-11-01,0136,Terra,MODIS,40,6.2,315.1,23.3,D,0
-20.3849,125.7914,338.6,1.5,1.2,2014-11-01,0136,Terra,MODIS,73,6.2,317.1,29.5,D,0
-20.3873,125.8056,332.5,1.5,1.2,2014-11-01,0136,Terra,MODIS,47,6.2,314.6,14.3,D,0
-20.3731,125.7721,336.2,1.5,1.2,2014-11-01,0136,Terra,MODIS,53,6.2,316.4,21.4,D,0
-20.3756,125.7864,339.5,1.5,1.2,2014-11-01,0136,Terra,MODIS,76,6.2,316.3,31.9,D,0
-20.3781,125.8006,333.2,1.5,1.2,2014-11-01,0136,Terra,MODIS,38,6.2,314.8,15.5,D,0
-20.389,125.7985,335.7,1.5,1.2,2014-11-01,0136,Terra,MODIS,51,6.2,315.4,21.8,D,0
-20.4039,125.6916,349.7,1.5,1.2,2014-11-01,0136,Terra,MODIS,92,6.2,317.1,66.1,D,0
-19.8359,127.6759,344.1,1.2,1.1,2014-11-01,0136,Terra,MODIS,87,6.2,307.7,37.4,D,0
-19.8262,127.6777,353.5,1.2,1.1,2014-11-01,0136,Terra,MODIS,95,6.2,309.8,62,D,0
-19.8165,127.6794,346.4,1.2,1.1,2014-11-01,0136,Terra,MODIS,89,6.2,310.6,42,D,0
-19.8067,127.6811,342.8,1.2,1.1,2014-11-01,0136,Terra,MODIS,85,6.2,311.3,34.9,D,0
-19.7914,127.649,342.9,1.2,1.1,2014-11-01,0136,Terra,MODIS,86,6.2,312.4,36.1,D,0
-19.7896,127.6377,410.8,1.2,1.1,2014-11-01,0136,Terra,MODIS,100,6.2,318.5,394.6,D,0
-19.7877,127.6264,328.1,1.2,1.1,2014-11-01,0136,Terra,MODIS,23,6.2,308.5,9.5,D,0
-19.7798,127.6394,355.9,1.2,1.1,2014-11-01,0136,Terra,MODIS,97,6.2,314.6,71.9,D,0
-19.7701,127.6412,365.5,1.2,1.1,2014-11-01,0136,Terra,MODIS,75,6.2,312.5,104.9,D,0
-19.7693,127.648,364.2,1.2,1.1,2014-11-01,0136,Terra,MODIS,82,6.2,309.4,105.4,D,0
-19.7675,127.6367,351.1,1.2,1.1,2014-11-01,0136,Terra,MODIS,59,6.2,308.8,60.8,D,0
-18.225,125.4502,333.7,1.7,1.3,2014-11-01,0136,Terra,MODIS,75,6.2,312.5,24.7,D,0
-18.2279,125.4663,333.9,1.7,1.3,2014-11-01,0136,Terra,MODIS,76,6.2,313.2,23.2,D,0
-19.8493,127.6966,358.5,1.2,1.1,2014-11-01,0136,Terra,MODIS,99,6.2,313.3,75.2,D,0
-19.8474,127.6854,343.2,1.2,1.1,2014-11-01,0136,Terra,MODIS,86,6.2,309.8,35,D,0
-19.6228,125.1841,335.7,1.7,1.3,2014-11-01,0136,Terra,MODIS,76,6.2,312.9,37.8,D,0
-19.6194,125.1789,331.6,1.7,1.3,2014-11-01,0136,Terra,MODIS,61,6.2,312.4,27.2,D,0
-19.5045,123.9225,330.8,2.1,1.4,2014-11-01,0136,Terra,MODIS,28,6.2,310.3,27.2,D,0
-19.5037,123.9157,333.1,2.1,1.4,2014-11-01,0136,Terra,MODIS,56,6.2,309.9,36.1,D,0
-19.5489,123.9481,331,2.1,1.4,2014-11-01,0136,Terra,MODIS,39,6.2,310.4,31.3,D,0
-19.5742,123.9431,332.3,2.1,1.4,2014-11-01,0136,Terra,MODIS,68,6.2,308.3,38.9,D,0
-19.574,123.9371,331.8,2.1,1.4,2014-11-01,0136,Terra,MODIS,66,6.2,308.2,37.7,D,0
-19.5252,123.8907,336.4,2.1,1.4,2014-11-01,0136,Terra,MODIS,77,6.2,309.3,54,D,0
-19.5342,123.8681,346.2,2.1,1.4,2014-11-01,0136,Terra,MODIS,89,6.2,308.5,107.6,D,0
-19.5379,123.8882,342.8,2.1,1.4,2014-11-01,0136,Terra,MODIS,86,6.2,308.7,86.4,D,0
-19.5469,123.8655,338.2,2.1,1.4,2014-11-01,0136,Terra,MODIS,80,6.2,306.1,67.2,D,0
-19.5506,123.8857,333.5,2.1,1.4,2014-11-01,0136,Terra,MODIS,71,6.2,307.7,45.1,D,0
-18.4199,133.1372,339,1.1,1.1,2014-11-01,0136,Terra,MODIS,79,6.2,299.8,37.8,D,0
-18.1342,132.7788,332.3,1.1,1,2014-11-01,0136,Terra,MODIS,72,6.2,295.1,21.5,D,0
-18.7052,133.0668,354.7,1.1,1.1,2014-11-01,0136,Terra,MODIS,97,6.2,303.4,70.8,D,0
-18.3877,132.8287,328.8,1.1,1,2014-11-01,0136,Terra,MODIS,64,6.2,300.1,16.5,D,0
-18.1589,132.7793,393.6,1.1,1,2014-11-01,0136,Terra,MODIS,100,6.2,311.1,230.4,D,0
-18.1451,132.7878,366.6,1.1,1,2014-11-01,0136,Terra,MODIS,100,6.2,302.4,103.9,D,0
-18.7424,133.0989,335.2,1.1,1.1,2014-11-01,0136,Terra,MODIS,66,6.2,301.6,28.5,D,0
-18.4399,133.0686,333.9,1.1,1.1,2014-11-01,0136,Terra,MODIS,76,6.2,300.4,25.9,D,0
-18.1291,132.8112,335.7,1.1,1,2014-11-01,0136,Terra,MODIS,25,6.2,293.3,22.5,D,0
-18.0849,132.8388,377.7,1.1,1,2014-11-01,0136,Terra,MODIS,100,6.2,299,148.2,D,0
-18.4413,133.0793,349.7,1.1,1.1,2014-11-01,0136,Terra,MODIS,93,6.2,298.9,60,D,0
-18.0835,132.8284,344.2,1.1,1,2014-11-01,0136,Terra,MODIS,65,6.2,299,39.5,D,0
-18.7206,133.1086,339.1,1.1,1.1,2014-11-01,0136,Terra,MODIS,82,6.2,301.2,36.8,D,0
-18.0202,132.8965,362.5,1.1,1,2014-11-01,0136,Terra,MODIS,100,6.2,299.1,93.9,D,0
-18.0216,132.9069,461.1,1.1,1,2014-11-01,0136,Terra,MODIS,87,6.2,317.9,991.8,D,0
-18.1495,132.7806,385.6,1.1,1,2014-11-01,0136,Terra,MODIS,100,6.2,307.9,186.5,D,0
-18.0296,132.8952,404.5,1.1,1,2014-11-01,0136,Terra,MODIS,100,6.2,304.7,312.4,D,0
-18.039,132.8938,387.7,1.1,1,2014-11-01,0136,Terra,MODIS,87,6.2,303.6,204.7,D,0
-18.3797,132.8405,381.1,1.1,1,2014-11-01,0136,Terra,MODIS,100,6.2,302.1,169.8,D,0
-18.4486,133.1329,324.4,1.1,1.1,2014-11-01,0136,Terra,MODIS,13,6.2,298,13.9,D,0
-18.0755,132.8402,438,1.1,1,2014-11-01,0136,Terra,MODIS,100,6.2,313.7,636,D,0
-18.4405,133.1451,329.7,1.1,1.1,2014-11-01,0136,Terra,MODIS,51,6.2,298,20.7,D,0
-18.4391,133.1344,336.7,1.1,1.1,2014-11-01,0136,Terra,MODIS,73,6.2,300.1,32,D,0
-18.4582,133.1316,354.2,1.1,1.1,2014-11-01,0136,Terra,MODIS,96,6.2,299.7,72.8,D,0
-18.0741,132.8298,376.3,1.1,1,2014-11-01,0136,Terra,MODIS,100,6.2,305.1,141.6,D,0
-18.3783,132.8301,364.6,1.1,1,2014-11-01,0136,Terra,MODIS,100,6.2,301.8,100.5,D,0
-18.0661,132.8415,397.6,1.1,1,2014-11-01,0136,Terra,MODIS,100,6.2,306.9,258.3,D,0
-18.1683,132.7779,356.2,1.1,1,2014-11-01,0136,Terra,MODIS,97,6.2,307.8,68,D,0
-18.4693,133.141,356.3,1.1,1.1,2014-11-01,0136,Terra,MODIS,97,6.2,297,81.1,D,0
-18.4309,133.1465,328.9,1.1,1.1,2014-11-01,0136,Terra,MODIS,38,6.2,298.3,19.8,D,0
-18.7396,133.0773,339.3,1.1,1.1,2014-11-01,0136,Terra,MODIS,70,6.2,302.6,35.1,D,0
-18.4678,133.1302,343.3,1.1,1.1,2014-11-01,0136,Terra,MODIS,88,6.2,298.4,46.6,D,0
-18.4597,133.1423,364.7,1.1,1.1,2014-11-01,0136,Terra,MODIS,100,6.2,299.5,107.9,D,0
-18.7066,133.0775,335.5,1.1,1.1,2014-11-01,0136,Terra,MODIS,66,6.2,300.9,27.2,D,0
-18.7081,133.0883,348,1.1,1.1,2014-11-01,0136,Terra,MODIS,91,6.2,300.8,55.1,D,0
-18.1089,132.8036,342.3,1.1,1,2014-11-01,0136,Terra,MODIS,81,6.2,296.5,35.3,D,0
-18.7147,133.0654,329.3,1.1,1.1,2014-11-01,0136,Terra,MODIS,64,6.2,303,14.7,D,0
-18.7177,133.0869,342.7,1.1,1.1,2014-11-01,0136,Terra,MODIS,85,6.2,302.9,40.7,D,0
-18.7273,133.0856,334.6,1.1,1.1,2014-11-01,0136,Terra,MODIS,71,6.2,302.6,23.1,D,0
-18.7302,133.1072,340,1.1,1.1,2014-11-01,0136,Terra,MODIS,86,6.2,302.1,36.5,D,0
-18.7354,133.0734,338.9,1.1,1.1,2014-11-01,0136,Terra,MODIS,86,6.2,303.3,28.9,D,0
-18.3859,132.9573,348.5,1.1,1.1,2014-11-01,0136,Terra,MODIS,70,6.2,299.4,52,D,0
-18.7368,133.0842,360.8,1.1,1.1,2014-11-01,0136,Terra,MODIS,100,6.2,303.1,86.5,D,0
-18.7398,133.1058,346,1.1,1.1,2014-11-01,0136,Terra,MODIS,91,6.2,302.5,48.6,D,0
-18.0647,132.8312,377.5,1.1,1,2014-11-01,0136,Terra,MODIS,100,6.2,304.9,148.3,D,0
-21.433,121.9666,338.2,2.7,1.6,2014-11-01,0137,Terra,MODIS,80,6.2,312.1,93.9,D,0
-21.0581,123.5474,381.5,2.1,1.4,2014-11-01,0137,Terra,MODIS,100,6.2,317.8,410.2,D,0
-21.0618,123.5674,336.4,2.1,1.4,2014-11-01,0137,Terra,MODIS,77,6.2,314,46.7,D,0
-21.067,123.5249,383.2,2.1,1.4,2014-11-01,0137,Terra,MODIS,100,6.2,310.2,437.2,D,0
-21.0706,123.5449,372.2,2.1,1.4,2014-11-01,0137,Terra,MODIS,100,6.2,313.6,304.1,D,0
-21.0664,123.5181,367.9,2.1,1.4,2014-11-01,0137,Terra,MODIS,100,6.2,307.5,270.4,D,0
-21.0702,123.5381,376.9,2.1,1.4,2014-11-01,0137,Terra,MODIS,100,6.2,313.8,355.2,D,0
-21.074,123.558,335,2.1,1.4,2014-11-01,0137,Terra,MODIS,72,6.2,314.1,37.4,D,0
-21.4224,121.9628,329.3,2.7,1.6,2014-11-01,0137,Terra,MODIS,55,6.2,311,41.6,D,0
-21.4364,121.9597,348.4,2.7,1.6,2014-11-01,0137,Terra,MODIS,91,6.2,311.5,173.6,D,0
-21.447,121.9635,335.8,2.7,1.6,2014-11-01,0137,Terra,MODIS,73,6.2,309,79,D,0
-21.6531,121.8983,346,2.7,1.6,2014-11-01,0137,Terra,MODIS,90,6.2,308.6,148.8,D,0
-21.6492,121.9525,331.3,2.7,1.6,2014-11-01,0137,Terra,MODIS,70,6.2,310,41.4,D,0
-21.0317,123.406,337.8,2.1,1.4,2014-11-01,0137,Terra,MODIS,70,6.2,312.6,68.7,D,0
-21.5957,121.8306,357.7,2.7,1.6,2014-11-01,0137,Terra,MODIS,98,6.2,309.1,275.9,D,0
-21.0596,123.4146,342.8,2.1,1.4,2014-11-01,0137,Terra,MODIS,85,6.2,314.4,85.5,D,0
-21.0557,123.3941,348.8,2.1,1.4,2014-11-01,0137,Terra,MODIS,91,6.2,311.5,124.4,D,0
-21.0469,123.4172,362.1,2.1,1.4,2014-11-01,0137,Terra,MODIS,100,6.2,317.7,221.6,D,0
-21.5868,121.8595,340.6,2.7,1.6,2014-11-01,0137,Terra,MODIS,84,6.2,309.7,107.5,D,0
-21.5816,121.8337,340.8,2.7,1.6,2014-11-01,0137,Terra,MODIS,85,6.2,309.4,123.2,D,0
-21.578,121.8884,358.5,2.7,1.6,2014-11-01,0137,Terra,MODIS,99,6.2,312.5,258,D,0
-24.7748,128.7112,325,1,1,2014-11-01,0137,Terra,MODIS,39,6.2,307.4,7.5,D,0
-21.5643,121.8436,388.9,2.7,1.6,2014-11-01,0137,Terra,MODIS,100,6.2,311.4,744.5,D,0
-21.5693,121.8694,368.6,2.7,1.6,2014-11-01,0137,Terra,MODIS,100,6.2,312.8,386.4,D,0
-21.5744,121.8952,360.4,2.7,1.6,2014-11-01,0137,Terra,MODIS,100,6.2,313.3,279.9,D,0
-21.043,123.3968,417.8,2.1,1.4,2014-11-01,0137,Terra,MODIS,100,6.2,323,1100.5,D,0
-21.0572,123.4007,345.8,2.1,1.4,2014-11-01,0137,Terra,MODIS,89,6.2,312.7,107.5,D,0
-21.5873,121.8113,338.4,2.7,1.6,2014-11-01,0137,Terra,MODIS,82,6.2,305.9,106.6,D,0
-21.6008,121.8564,335.3,2.7,1.6,2014-11-01,0137,Terra,MODIS,74,6.2,309.4,76.6,D,0
-21.0482,123.4238,340.4,2.1,1.4,2014-11-01,0137,Terra,MODIS,83,6.2,315.7,75.3,D,0
-21.5924,121.8373,370.7,2.7,1.6,2014-11-01,0137,Terra,MODIS,100,6.2,311.4,434.8,D,0
-21.6442,121.9271,348.2,2.7,1.6,2014-11-01,0137,Terra,MODIS,91,6.2,309.8,161.1,D,0
-21.5974,121.8631,342.2,2.7,1.6,2014-11-01,0137,Terra,MODIS,86,6.2,310.1,119.7,D,0
-21.5675,121.8369,366,2.7,1.6,2014-11-01,0137,Terra,MODIS,100,6.2,307.3,364.9,D,0
-21.5728,121.8626,368.5,2.7,1.6,2014-11-01,0137,Terra,MODIS,100,6.2,311.3,386.3,D,0
-20.9985,123.3701,346,2.2,1.4,2014-11-01,0137,Terra,MODIS,86,6.2,308.4,118.5,D,0
-20.252,122.8472,402.5,2.4,1.5,2014-11-01,0137,Terra,MODIS,100,6.2,315.4,921.9,D,0
-20.2475,122.824,366.6,2.5,1.5,2014-11-01,0137,Terra,MODIS,100,6.2,305.6,326.1,D,0
-20.2385,122.8501,346.4,2.4,1.5,2014-11-01,0137,Terra,MODIS,89,6.2,311.1,133.2,D,0
-20.2251,122.853,333.9,2.4,1.5,2014-11-01,0137,Terra,MODIS,56,6.2,312.6,52.2,D,0
-20.2206,122.8297,368.3,2.5,1.5,2014-11-01,0137,Terra,MODIS,100,6.2,311.8,341.4,D,0
-20.2276,122.835,363.9,2.5,1.5,2014-11-01,0137,Terra,MODIS,100,6.2,310.8,288.7,D,0
-20.2233,122.8117,340.3,2.5,1.5,2014-11-01,0137,Terra,MODIS,82,6.2,306.4,97.5,D,0
-21.6838,122.1274,331.6,2.6,1.5,2014-11-01,0137,Terra,MODIS,66,6.2,309.1,49,D,0
-21.6581,121.9239,335.2,2.7,1.6,2014-11-01,0137,Terra,MODIS,77,6.2,309.5,67.3,D,0
-22.8818,130.3528,324.8,1,1,2014-11-01,0137,Terra,MODIS,47,6.2,299.2,9.8,D,0
-21.0445,123.4034,426.6,2.1,1.4,2014-11-01,0137,Terra,MODIS,100,6.2,324,1329.3,D,0
-21.6341,121.8759,348.3,2.7,1.6,2014-11-01,0137,Terra,MODIS,92,6.2,307.7,174.1,D,0
-21.0406,123.3828,377.8,2.2,1.4,2014-11-01,0137,Terra,MODIS,100,6.2,308,391.3,D,0
-20.2519,122.9196,338,2.4,1.5,2014-11-01,0137,Terra,MODIS,80,6.2,316.3,60.6,D,0
-20.5264,122.206,335.3,2.7,1.6,2014-11-01,0137,Terra,MODIS,64,6.2,314.5,62.8,D,0
-20.5299,122.1991,334.2,2.7,1.6,2014-11-01,0137,Terra,MODIS,57,6.2,313,57.1,D,0
-21.6391,121.9015,349.2,2.7,1.6,2014-11-01,0137,Terra,MODIS,92,6.2,308.8,176.1,D,0
-23.0503,128.6986,338.7,1,1,2014-11-01,0137,Terra,MODIS,59,6.2,315.2,15.1,D,0
-23.0579,128.7481,340.8,1,1,2014-11-01,0137,Terra,MODIS,85,6.2,315.9,16.2,D,0
-23.0594,128.697,341.1,1,1,2014-11-01,0137,Terra,MODIS,78,6.2,312.8,20.6,D,0
-23.067,128.7466,337.7,1,1,2014-11-01,0137,Terra,MODIS,46,6.2,315,12.6,D,0
-23.0791,128.7648,339.3,1,1,2014-11-01,0137,Terra,MODIS,71,6.2,313.2,18.6,D,0
-23.0816,128.7272,346.8,1,1,2014-11-01,0137,Terra,MODIS,91,6.2,313.4,33.5,D,0
-20.2475,122.8966,373.6,2.4,1.5,2014-11-01,0137,Terra,MODIS,100,6.2,315.1,384.1,D,0
-21.0544,123.5275,378.6,2.1,1.4,2014-11-01,0137,Terra,MODIS,100,6.2,315.6,381.3,D,0
-20.6065,125.5344,338.9,1.6,1.2,2014-11-01,0137,Terra,MODIS,65,6.2,313.3,31.2,D,0
-20.4757,124.9862,337.3,1.7,1.3,2014-11-01,0137,Terra,MODIS,77,6.2,313.8,35.4,D,0
-23.8817,123.4503,328.8,1.9,1.3,2014-11-01,0137,Terra,MODIS,31,6.2,303.6,30.1,D,0
-23.8783,123.4322,332.2,1.9,1.3,2014-11-01,0137,Terra,MODIS,58,6.2,304.7,41.2,D,0
-23.8936,123.4476,331.6,1.9,1.3,2014-11-01,0137,Terra,MODIS,69,6.2,303.5,39.8,D,0
-23.4281,122.4593,324.2,2.2,1.4,2014-11-01,0137,Terra,MODIS,50,6.2,302.6,30.4,D,0
-23.4763,122.5085,334.3,2.2,1.4,2014-11-01,0137,Terra,MODIS,80,6.2,307.7,52.3,D,0
-23.8664,123.4348,328.5,1.9,1.3,2014-11-01,0137,Terra,MODIS,42,6.2,303.7,31,D,0
-23.8749,123.414,370.9,1.9,1.3,2014-11-01,0137,Terra,MODIS,100,6.2,308.1,263.3,D,0
-23.4318,122.5479,326.3,2.2,1.4,2014-11-01,0137,Terra,MODIS,41,6.2,305.1,27.5,D,0
-23.8714,123.3958,408.2,1.9,1.3,2014-11-01,0137,Terra,MODIS,100,6.2,308.6,734.6,D,0
-23.6541,126.6942,356,1.2,1.1,2014-11-01,0137,Terra,MODIS,97,6.2,311.9,73.4,D,0
-23.868,123.3775,373.1,1.9,1.3,2014-11-01,0137,Terra,MODIS,100,6.2,300.6,287.6,D,0
-23.4266,126.6183,327.3,1.2,1.1,2014-11-01,0137,Terra,MODIS,42,6.2,307.7,9.3,D,0
-22.3265,129.7007,330.7,1,1,2014-11-01,0137,Terra,MODIS,39,6.2,307.8,12.3,D,0
-23.4663,122.5178,365,2.2,1.4,2014-11-01,0137,Terra,MODIS,100,6.2,308.1,259.3,D,0
-23.4277,122.5266,343.3,2.2,1.4,2014-11-01,0137,Terra,MODIS,89,6.2,307.1,107.4,D,0
-22.6524,120.5879,345.3,3.2,1.7,2014-11-01,0137,Terra,MODIS,90,6.2,309.7,204.8,D,0
-22.646,120.5574,333.3,3.2,1.7,2014-11-01,0137,Terra,MODIS,79,6.2,308.1,100.3,D,0
-22.6552,120.5933,340.2,3.2,1.7,2014-11-01,0137,Terra,MODIS,86,6.2,308.9,156,D,0
-23.4721,122.4871,344.9,2.2,1.4,2014-11-01,0137,Terra,MODIS,90,6.2,307.5,112,D,0
-22.649,120.5627,340.8,3.2,1.7,2014-11-01,0137,Terra,MODIS,87,6.2,308.5,160.9,D,0
-23.8868,123.4114,348.7,1.9,1.3,2014-11-01,0137,Terra,MODIS,93,6.2,302.1,115,D,0
-23.6522,126.6826,332,1.2,1.1,2014-11-01,0137,Terra,MODIS,71,6.2,309.3,15.9,D,0
-23.4703,122.5391,345.1,2.2,1.4,2014-11-01,0137,Terra,MODIS,90,6.2,307.6,109.8,D,0
-23.471,122.472,325.9,2.2,1.4,2014-11-01,0137,Terra,MODIS,65,6.2,306.5,23.8,D,0
-23.4751,122.4935,343.1,2.2,1.4,2014-11-01,0137,Terra,MODIS,89,6.2,307.4,100,D,0
-20.9519,124.7507,349.5,1.7,1.3,2014-11-01,0137,Terra,MODIS,92,6.2,316.4,87.6,D,0
-23.4791,122.5149,328.9,2.2,1.4,2014-11-01,0137,Terra,MODIS,66,6.2,307.3,28.7,D,0
-23.455,122.4686,354.6,2.2,1.4,2014-11-01,0137,Terra,MODIS,97,6.2,306.7,180.8,D,0
-23.4592,122.4901,348.3,2.2,1.4,2014-11-01,0137,Terra,MODIS,93,6.2,308.2,130.4,D,0
-23.4677,122.5327,354.9,2.2,1.4,2014-11-01,0137,Terra,MODIS,97,6.2,308.4,173.5,D,0
-23.8902,123.4295,364,1.9,1.3,2014-11-01,0137,Terra,MODIS,100,6.2,304.8,207.1,D,0
-20.9858,123.3728,348.1,2.2,1.4,2014-11-01,0137,Terra,MODIS,90,6.2,308,127.8,D,0
-20.9743,123.3813,332.6,2.2,1.4,2014-11-01,0137,Terra,MODIS,30,6.2,311.3,43.3,D,0
-23.4635,122.5114,355.9,2.2,1.4,2014-11-01,0137,Terra,MODIS,97,6.2,308.1,180.2,D,0
-22.9411,124.8158,352.5,1.6,1.2,2014-11-01,0137,Terra,MODIS,95,6.2,311.9,95.5,D,0
-23.9089,123.4629,328.5,1.9,1.3,2014-11-01,0137,Terra,MODIS,67,6.2,303.6,31,D,0
-23.4323,122.4808,341.8,2.2,1.4,2014-11-01,0137,Terra,MODIS,88,6.2,304.5,106.8,D,0
-20.9404,124.753,339.5,1.7,1.3,2014-11-01,0137,Terra,MODIS,80,6.2,315.7,45.8,D,0
-23.4364,122.5023,341.3,2.2,1.4,2014-11-01,0137,Terra,MODIS,87,6.2,305.2,96.5,D,0
-20.6467,123.742,339.1,2.1,1.4,2014-11-01,0137,Terra,MODIS,73,6.2,312.9,57.6,D,0
-23.856,123.3801,432.2,1.9,1.3,2014-11-01,0137,Terra,MODIS,100,6.2,318.3,1246.8,D,0
-23.8595,123.3984,369.3,1.9,1.3,2014-11-01,0137,Terra,MODIS,100,6.2,309.1,250.6,D,0
-23.8629,123.4166,329,1.9,1.3,2014-11-01,0137,Terra,MODIS,66,6.2,304,33.4,D,0
-20.6532,123.7871,332.2,2.1,1.4,2014-11-01,0137,Terra,MODIS,64,6.2,313.2,23.6,D,0
-23.9255,123.5524,337.1,1.8,1.3,2014-11-01,0137,Terra,MODIS,83,6.2,306.5,53.1,D,0
-20.6749,125.9345,343.8,1.5,1.2,2014-11-01,0137,Terra,MODIS,86,6.2,317.4,44.4,D,0
-23.8645,123.3591,320.6,1.9,1.3,2014-11-01,0137,Terra,MODIS,31,6.2,299.4,16.4,D,0
-23.5058,122.5904,340.4,2.2,1.4,2014-11-01,0137,Terra,MODIS,0,6.2,306.9,84.2,D,0
-20.6497,123.7675,333.3,2.1,1.4,2014-11-01,0137,Terra,MODIS,60,6.2,314,31.5,D,0
-20.8632,124.6381,332.6,1.8,1.3,2014-11-01,0137,Terra,MODIS,41,6.2,314,21.7,D,0
-23.4235,122.5052,377.7,2.2,1.4,2014-11-01,0137,Terra,MODIS,100,6.2,309.5,414.2,D,0
-23.4406,122.5237,349.3,2.2,1.4,2014-11-01,0137,Terra,MODIS,93,6.2,306.9,138.2,D,0
-23.4194,122.4837,374,2.2,1.4,2014-11-01,0137,Terra,MODIS,100,6.2,305.7,376,D,0
-20.6934,125.9533,335.5,1.4,1.2,2014-11-01,0137,Terra,MODIS,71,6.2,314.7,22.1,D,0
-20.691,125.9396,385.2,1.5,1.2,2014-11-01,0137,Terra,MODIS,100,6.2,314.6,264.6,D,0
-20.8779,124.6525,333.8,1.8,1.3,2014-11-01,0137,Terra,MODIS,70,6.2,315.2,27.2,D,0
-20.6886,125.9258,353.9,1.5,1.2,2014-11-01,0137,Terra,MODIS,95,6.2,311.7,84.6,D,0
-23.8525,123.3617,417.7,1.9,1.3,2014-11-01,0137,Terra,MODIS,100,6.2,308.4,924.3,D,0
-23.844,123.3827,332.8,1.9,1.3,2014-11-01,0137,Terra,MODIS,77,6.2,303.5,47.1,D,0
-23.9288,123.5701,341,1.8,1.3,2014-11-01,0137,Terra,MODIS,87,6.2,306.8,66.4,D,0
-23.504,122.5758,333.4,2.2,1.4,2014-11-01,0137,Terra,MODIS,69,6.2,306.8,47.6,D,0
-20.9635,124.7483,337.2,1.7,1.3,2014-11-01,0137,Terra,MODIS,76,6.2,312.9,38.4,D,0
-20.6773,125.9483,353.7,1.5,1.2,2014-11-01,0137,Terra,MODIS,95,6.2,317.1,78.7,D,0
-20.6856,125.9324,391,1.5,1.2,2014-11-01,0137,Terra,MODIS,100,6.2,317.4,311.8,D,0
-20.6879,125.9462,379.3,1.5,1.2,2014-11-01,0137,Terra,MODIS,100,6.2,317.1,219.1,D,0
-23.4447,122.5449,334.6,2.2,1.4,2014-11-01,0137,Terra,MODIS,78,6.2,306.9,57.5,D,0
-20.8749,124.6357,333.6,1.8,1.3,2014-11-01,0137,Terra,MODIS,69,6.2,315.4,25.1,D,0
-20.6927,124.6504,333,1.8,1.3,2014-11-01,0137,Terra,MODIS,57,6.2,313.3,29.5,D,0
-20.6828,125.9554,340.5,1.4,1.2,2014-11-01,0137,Terra,MODIS,82,6.2,316,34.3,D,0
-20.6804,125.9417,363.1,1.5,1.2,2014-11-01,0137,Terra,MODIS,100,6.2,319.5,123.4,D,0
-20.6779,125.9279,342,1.5,1.2,2014-11-01,0137,Terra,MODIS,84,6.2,316.6,41.4,D,0
-22.3228,122.5557,329.6,2.3,1.5,2014-11-01,0137,Terra,MODIS,69,6.2,308.8,37.1,D,0
-22.3184,122.5334,361.1,2.3,1.5,2014-11-01,0137,Terra,MODIS,100,6.2,309.9,245.6,D,0
-22.3141,122.511,360.5,2.3,1.5,2014-11-01,0137,Terra,MODIS,100,6.2,308.2,239.4,D,0
-20.9549,124.7671,346.4,1.7,1.3,2014-11-01,0137,Terra,MODIS,89,6.2,314.8,75.4,D,0
-20.9434,124.7694,340.9,1.7,1.3,2014-11-01,0137,Terra,MODIS,82,6.2,315.9,53.1,D,0
-23.8405,123.3643,325.2,1.9,1.3,2014-11-01,0137,Terra,MODIS,61,6.2,302.8,26.2,D,0
-20.9477,124.7755,338.4,1.7,1.3,2014-11-01,0137,Terra,MODIS,73,6.2,315,45.5,D,0
-20.9333,124.7615,341.7,1.7,1.3,2014-11-01,0137,Terra,MODIS,79,6.2,314.2,58.8,D,0
-20.6425,123.7284,334.6,2.1,1.4,2014-11-01,0137,Terra,MODIS,66,6.2,311.1,42.1,D,0
-23.4227,126.6553,338.4,1.2,1.1,2014-11-01,0137,Terra,MODIS,82,6.2,311.3,26.5,D,0
-23.4107,122.5081,340.7,2.2,1.4,2014-11-01,0137,Terra,MODIS,87,6.2,305.5,99.3,D,0
-20.6461,123.748,337.4,2.1,1.4,2014-11-01,0137,Terra,MODIS,74,6.2,313.6,52.1,D,0
-23.4452,122.4779,338,2.2,1.4,2014-11-01,0137,Terra,MODIS,75,6.2,306.9,78.3,D,0
-24.7898,128.7493,330.7,1,1,2014-11-01,0137,Terra,MODIS,56,6.2,309.8,13.1,D,0
-23.4493,122.4994,346.4,2.2,1.4,2014-11-01,0137,Terra,MODIS,91,6.2,306.8,123.1,D,0
-23.4534,122.5207,340.7,2.2,1.4,2014-11-01,0137,Terra,MODIS,87,6.2,307.3,86.9,D,0
-24.7883,128.7393,353.6,1,1,2014-11-01,0137,Terra,MODIS,96,6.2,311.7,53.8,D,0
-24.7868,128.7294,353.7,1,1,2014-11-01,0137,Terra,MODIS,96,6.2,311.7,54.5,D,0
-20.4643,124.9885,334.6,1.7,1.3,2014-11-01,0137,Terra,MODIS,72,6.2,314.7,28.5,D,0
-23.4305,126.6417,336.4,1.2,1.1,2014-11-01,0137,Terra,MODIS,50,6.2,310.7,21,D,0
-24.7853,128.7195,336.7,1,1,2014-11-01,0137,Terra,MODIS,83,6.2,308.5,22.2,D,0
-23.4325,126.6534,334.9,1.2,1.1,2014-11-01,0137,Terra,MODIS,65,6.2,311.8,18.4,D,0
-24.7778,128.7311,328.3,1,1,2014-11-01,0137,Terra,MODIS,58,6.2,308.9,12,D,0
-24.7763,128.7212,326.8,1,1,2014-11-01,0137,Terra,MODIS,63,6.2,309.2,10.5,D,0
-23.851,123.4192,324.1,1.9,1.3,2014-11-01,0137,Terra,MODIS,61,6.2,303.3,21.6,D,0
-23.4581,122.4749,361.6,2.2,1.4,2014-11-01,0137,Terra,MODIS,100,6.2,307.6,238.5,D,0
-20.6541,123.781,333.6,2.1,1.4,2014-11-01,0137,Terra,MODIS,59,6.2,313,25.9,D,0
-23.1885,123.4754,327.6,1.9,1.4,2014-11-01,0137,Terra,MODIS,38,6.2,305.6,28.2,D,0
-23.8475,123.4009,331,1.9,1.3,2014-11-01,0137,Terra,MODIS,76,6.2,303.7,41.8,D,0
-23.4622,122.4964,341.7,2.2,1.4,2014-11-01,0137,Terra,MODIS,88,6.2,307.9,88.2,D,0
-21.7296,126.9049,355.3,1.2,1.1,2014-11-01,0137,Terra,MODIS,96,6.2,317.7,62.2,D,0
-23.4065,122.4867,358.8,2.2,1.4,2014-11-01,0137,Terra,MODIS,99,6.2,305.1,225,D,0
-21.8468,126.6855,335.9,1.3,1.1,2014-11-01,0137,Terra,MODIS,64,6.2,314.6,20.9,D,0
-21.8368,126.6873,338.4,1.3,1.1,2014-11-01,0137,Terra,MODIS,78,6.2,315.1,25.9,D,0
-22.8564,126.6447,336.9,1.2,1.1,2014-11-01,0137,Terra,MODIS,74,6.2,313.7,20.4,D,0
-22.8466,126.6466,331.7,1.2,1.1,2014-11-01,0137,Terra,MODIS,56,6.2,313.5,11.3,D,0
-21.8163,126.6854,341.3,1.3,1.1,2014-11-01,0137,Terra,MODIS,80,6.2,314.5,30.4,D,0
-22.081,126.4324,359.5,1.3,1.1,2014-11-01,0137,Terra,MODIS,99,6.2,314.8,92.9,D,0
-22.0831,126.4447,349.3,1.3,1.1,2014-11-01,0137,Terra,MODIS,92,6.2,315.6,55.6,D,0
-23.8763,126.3029,340.5,1.2,1.1,2014-11-01,0137,Terra,MODIS,85,6.2,310.2,32.8,D,0
-23.8783,126.3149,336.3,1.2,1.1,2014-11-01,0137,Terra,MODIS,80,6.2,310.6,24,D,0
-23.8862,126.301,339.6,1.2,1.1,2014-11-01,0137,Terra,MODIS,84,6.2,310.8,30.7,D,0
-23.8882,126.313,343.9,1.2,1.1,2014-11-01,0137,Terra,MODIS,88,6.2,311.8,41.3,D,0
-21.4083,125.5598,333.1,1.5,1.2,2014-11-01,0137,Terra,MODIS,65,6.2,315.3,16.7,D,0
-22.9587,124.3998,332.3,1.7,1.3,2014-11-01,0137,Terra,MODIS,75,6.2,311.5,25.5,D,0
-22.9616,124.416,333.9,1.7,1.3,2014-11-01,0137,Terra,MODIS,77,6.2,311.9,29.1,D,0
-22.9703,124.4642,349,1.7,1.3,2014-11-01,0137,Terra,MODIS,92,6.2,310.3,82.6,D,0
-22.9732,124.4802,378.9,1.6,1.3,2014-11-01,0137,Terra,MODIS,100,6.2,314,268,D,0
-22.979,124.512,329.7,1.6,1.3,2014-11-01,0137,Terra,MODIS,60,6.2,311.2,18.1,D,0
-22.9818,124.5278,338.1,1.6,1.3,2014-11-01,0137,Terra,MODIS,83,6.2,310.1,43.1,D,0
-22.9874,124.4937,335.4,1.6,1.3,2014-11-01,0137,Terra,MODIS,75,6.2,309.6,34.6,D,0
-21.5416,124.5002,401.3,1.8,1.3,2014-11-01,0137,Terra,MODIS,100,6.2,315.6,548.7,D,0
-21.5385,124.4835,346.4,1.8,1.3,2014-11-01,0137,Terra,MODIS,89,6.2,309.4,80.2,D,0
-21.53,124.5026,351.4,1.8,1.3,2014-11-01,0137,Terra,MODIS,93,6.2,314,100.3,D,0
-21.5463,124.5052,379.3,1.8,1.3,2014-11-01,0137,Terra,MODIS,100,6.2,311.1,294.4,D,0
-21.5433,124.4884,375.2,1.8,1.3,2014-11-01,0137,Terra,MODIS,100,6.2,309.1,260.4,D,0
-21.5347,124.5075,362.6,1.8,1.3,2014-11-01,0137,Terra,MODIS,100,6.2,313.1,161.2,D,0
-21.5317,124.4907,352,1.8,1.3,2014-11-01,0137,Terra,MODIS,94,6.2,312.8,102.1,D,0
-21.5231,124.5099,348.6,1.8,1.3,2014-11-01,0137,Terra,MODIS,91,6.2,314.1,84.3,D,0
-21.5201,124.4931,337.6,1.8,1.3,2014-11-01,0137,Terra,MODIS,77,6.2,314.5,39.3,D,0
-21.5145,124.529,337.5,1.7,1.3,2014-11-01,0137,Terra,MODIS,77,6.2,313.4,33.8,D,0
-21.5115,124.5123,366.2,1.8,1.3,2014-11-01,0137,Terra,MODIS,100,6.2,315.9,182.1,D,0
-21.5084,124.4955,342.9,1.8,1.3,2014-11-01,0137,Terra,MODIS,85,6.2,315.5,55.7,D,0
-21.5029,124.5314,333.5,1.7,1.3,2014-11-01,0137,Terra,MODIS,57,6.2,313.5,19.6,D,0
-21.4999,124.5146,335.2,1.8,1.3,2014-11-01,0137,Terra,MODIS,66,6.2,314.4,26.3,D,0
-21.2199,125.8558,347,1.4,1.2,2014-11-01,0137,Terra,MODIS,89,6.2,315.9,54.2,D,0
-21.2175,125.8421,387.1,1.4,1.2,2014-11-01,0137,Terra,MODIS,100,6.2,320.6,275,D,0
-21.2247,125.8467,382,1.4,1.2,2014-11-01,0137,Terra,MODIS,100,6.2,315.5,235.4,D,0
-21.2224,125.8329,353.5,1.4,1.2,2014-11-01,0137,Terra,MODIS,95,6.2,316.1,78.3,D,0
-21.2141,125.8488,366.5,1.4,1.2,2014-11-01,0137,Terra,MODIS,100,6.2,318.5,137.4,D,0
-21.2118,125.8351,353.2,1.4,1.2,2014-11-01,0137,Terra,MODIS,95,6.2,318.1,75.9,D,0
-21.2035,125.8509,340.6,1.4,1.2,2014-11-01,0137,Terra,MODIS,81,6.2,316.8,35,D,0
-21.1716,125.8572,332,1.4,1.2,2014-11-01,0137,Terra,MODIS,59,6.2,315.2,13.9,D,0
-23.2751,125.7274,330.5,1.4,1.2,2014-11-01,0137,Terra,MODIS,62,6.2,309.8,15.2,D,0
-21.7592,126.8993,345.1,1.2,1.1,2014-11-01,0137,Terra,MODIS,81,6.2,316.3,37.5,D,0
-21.7573,126.8875,386.4,1.2,1.1,2014-11-01,0137,Terra,MODIS,100,6.2,320.5,213.3,D,0
-21.7493,126.9012,346.1,1.2,1.1,2014-11-01,0137,Terra,MODIS,72,6.2,319.2,37.5,D,0
-21.7336,126.8675,340.2,1.2,1.1,2014-11-01,0137,Terra,MODIS,46,6.2,311.5,24.3,D,0
-21.7296,126.8437,358.4,1.2,1.1,2014-11-01,0137,Terra,MODIS,98,6.2,312.2,83.7,D,0
-21.7237,126.8694,341,1.2,1.1,2014-11-01,0137,Terra,MODIS,31,6.2,314.4,24.8,D,0
-21.7059,126.8849,356.8,1.2,1.1,2014-11-01,0137,Terra,MODIS,97,6.2,316.3,71.3,D,0
-21.698,126.8987,343.3,1.2,1.1,2014-11-01,0137,Terra,MODIS,82,6.2,316.8,33.2,D,0
-22.1108,121.7025,326.7,2.7,1.6,2014-11-01,0137,Terra,MODIS,36,6.2,308.4,34.5,D,0
-21.1471,125.3835,345.6,1.6,1.2,2014-11-01,0137,Terra,MODIS,87,6.2,317.7,53.9,D,0
-21.1466,125.3895,341.6,1.6,1.2,2014-11-01,0137,Terra,MODIS,82,6.2,316.6,40.1,D,0
-22.0668,123.9381,338.5,1.9,1.3,2014-11-01,0137,Terra,MODIS,81,6.2,311.7,52,D,0
-22.5473,124.551,342.2,1.7,1.3,2014-11-01,0137,Terra,MODIS,85,6.2,314.3,50.2,D,0
-22.5444,124.535,343.9,1.7,1.3,2014-11-01,0137,Terra,MODIS,87,6.2,313.5,60.1,D,0
-22.5217,124.5399,337.5,1.7,1.3,2014-11-01,0137,Terra,MODIS,79,6.2,310.9,35.8,D,0
-22.5188,124.5238,340.8,1.7,1.3,2014-11-01,0137,Terra,MODIS,84,6.2,310.6,46.9,D,0
-22.5104,124.5423,332.3,1.7,1.3,2014-11-01,0137,Terra,MODIS,62,6.2,311.5,20,D,0
-22.5075,124.5261,342.2,1.7,1.3,2014-11-01,0137,Terra,MODIS,85,6.2,311.8,51.5,D,0
-22.5045,124.5099,359.6,1.7,1.3,2014-11-01,0137,Terra,MODIS,99,6.2,312.8,135,D,0
-22.5049,124.5767,366,1.7,1.3,2014-11-01,0137,Terra,MODIS,100,6.2,312.4,169.6,D,0
-22.5019,124.5606,364.9,1.7,1.3,2014-11-01,0137,Terra,MODIS,100,6.2,310.4,163.2,D,0
-22.4872,124.4798,344.3,1.7,1.3,2014-11-01,0137,Terra,MODIS,88,6.2,313.2,62.7,D,0
-22.4965,124.595,334,1.7,1.3,2014-11-01,0137,Terra,MODIS,73,6.2,314,26.7,D,0
-22.4935,124.579,403.7,1.7,1.3,2014-11-01,0137,Terra,MODIS,100,6.2,323.2,534.8,D,0
-22.4906,124.563,386.1,1.7,1.3,2014-11-01,0137,Terra,MODIS,100,6.2,317.2,333.2,D,0
-22.0895,123.9638,327,1.9,1.3,2014-11-01,0137,Terra,MODIS,16,6.2,309.7,13.4,D,0
-22.081,123.9841,364.4,1.9,1.3,2014-11-01,0137,Terra,MODIS,100,6.2,316.4,190,D,0
-22.0776,123.9663,429.2,1.9,1.3,2014-11-01,0137,Terra,MODIS,100,6.2,327.1,1134.1,D,0
-22.0742,123.9484,390.4,1.9,1.3,2014-11-01,0137,Terra,MODIS,100,6.2,316.1,449.5,D,0
-22.0885,123.9893,341.8,1.9,1.3,2014-11-01,0137,Terra,MODIS,85,6.2,312.2,62.2,D,0
-22.0853,123.9715,422.3,1.9,1.3,2014-11-01,0137,Terra,MODIS,100,6.2,318.1,979.3,D,0
-22.0821,123.9536,408.5,1.9,1.3,2014-11-01,0137,Terra,MODIS,100,6.2,312.3,717.4,D,0
-22.0734,123.974,361.9,1.9,1.3,2014-11-01,0137,Terra,MODIS,100,6.2,319.4,173.6,D,0
-22.0701,123.9561,392.5,1.9,1.3,2014-11-01,0137,Terra,MODIS,100,6.2,321.3,474.4,D,0
-21.4702,125.0591,330,1.6,1.2,2014-11-01,0137,Terra,MODIS,36,6.2,310.8,20.4,D,0
-21.4563,125.0459,339,1.6,1.2,2014-11-01,0137,Terra,MODIS,69,6.2,313.7,42.6,D,0
-21.4535,125.0305,330.7,1.6,1.3,2014-11-01,0137,Terra,MODIS,47,6.2,313,17.4,D,0
-21.4548,125.0362,340,1.6,1.3,2014-11-01,0137,Terra,MODIS,70,6.2,313.1,42.6,D,0
-21.4269,125.0097,340.2,1.6,1.3,2014-11-01,0137,Terra,MODIS,71,6.2,312.2,42,D,0
-21.4293,125.0891,358.3,1.6,1.2,2014-11-01,0137,Terra,MODIS,74,6.2,312.3,122,D,0
-21.4157,125.0119,352.1,1.6,1.3,2014-11-01,0137,Terra,MODIS,82,6.2,314.2,90.1,D,0
-21.4182,125.0914,337.7,1.6,1.2,2014-11-01,0137,Terra,MODIS,73,6.2,311.9,38.8,D,0
-21.4155,125.076,332.5,1.6,1.2,2014-11-01,0137,Terra,MODIS,56,6.2,313.7,22.8,D,0
-21.4045,125.0142,332.7,1.6,1.3,2014-11-01,0137,Terra,MODIS,62,6.2,314.6,22.5,D,0
-21.7645,125.2158,343.4,1.6,1.2,2014-11-01,0137,Terra,MODIS,61,6.2,313.1,58.8,D,0
-21.4149,126.0077,332.7,1.4,1.2,2014-11-01,0137,Terra,MODIS,57,6.2,314.5,15.2,D,0
-21.4254,126.0057,336.5,1.4,1.2,2014-11-01,0137,Terra,MODIS,52,6.2,315.5,23.7,D,0
-21.4301,125.9987,332.3,1.4,1.2,2014-11-01,0137,Terra,MODIS,57,6.2,314.5,17,D,0
-21.7616,125.2076,340,1.6,1.2,2014-11-01,0137,Terra,MODIS,65,6.2,312.8,47.2,D,0
-21.8388,126.6994,331.3,1.3,1.1,2014-11-01,0137,Terra,MODIS,32,6.2,312.3,12.3,D,0
-23.943,123.7128,328.1,1.8,1.3,2014-11-01,0137,Terra,MODIS,69,6.2,307.3,23,D,0
-21.187,126.009,346,1.4,1.2,2014-11-01,0137,Terra,MODIS,88,6.2,319.2,48.2,D,0
-21.1893,126.0225,345,1.4,1.2,2014-11-01,0137,Terra,MODIS,87,6.2,317.2,44.3,D,0
-21.1998,126.0204,342.7,1.4,1.2,2014-11-01,0137,Terra,MODIS,84,6.2,318.2,36.5,D,0
-21.2373,125.9853,341.6,1.4,1.2,2014-11-01,0137,Terra,MODIS,82,6.2,317.8,33.3,D,0
-21.7365,126.3952,336.7,1.3,1.1,2014-11-01,0137,Terra,MODIS,77,6.2,313.6,25.9,D,0
-21.7344,126.3826,331,1.3,1.1,2014-11-01,0137,Terra,MODIS,43,6.2,312.6,14,D,0
-22.0258,126.281,351.6,1.3,1.1,2014-11-01,0137,Terra,MODIS,94,6.2,312.8,69.1,D,0
-22.0237,126.2684,355.7,1.3,1.1,2014-11-01,0137,Terra,MODIS,97,6.2,309.6,85.8,D,0
-22.0178,126.2957,332.9,1.3,1.1,2014-11-01,0137,Terra,MODIS,50,6.2,314.9,16.7,D,0
-22.0157,126.283,339.9,1.3,1.1,2014-11-01,0137,Terra,MODIS,83,6.2,315.5,34.7,D,0
-22.0135,126.2703,359.9,1.3,1.1,2014-11-01,0137,Terra,MODIS,99,6.2,314.6,100.3,D,0
-22.0033,126.2724,335,1.3,1.1,2014-11-01,0137,Terra,MODIS,76,6.2,314.3,23.3,D,0
-21.3243,125.212,336.3,1.6,1.2,2014-11-01,0137,Terra,MODIS,66,6.2,314.5,28.3,D,0
-21.3162,125.1665,334.2,1.6,1.2,2014-11-01,0137,Terra,MODIS,39,6.2,313.3,24,D,0
-21.3078,125.184,338.1,1.6,1.2,2014-11-01,0137,Terra,MODIS,77,6.2,314.7,33.1,D,0
-21.2521,125.9763,334.7,1.4,1.2,2014-11-01,0137,Terra,MODIS,42,6.2,315.7,16.3,D,0
-21.2415,125.9784,342.1,1.4,1.2,2014-11-01,0137,Terra,MODIS,83,6.2,317.1,34.6,D,0
-21.2392,125.9648,335.7,1.4,1.2,2014-11-01,0137,Terra,MODIS,61,6.2,315.7,18.4,D,0
-21.235,125.9717,352.2,1.4,1.2,2014-11-01,0137,Terra,MODIS,94,6.2,317.2,69,D,0
-21.1823,125.982,368.9,1.4,1.2,2014-11-01,0137,Terra,MODIS,100,6.2,317.8,148.1,D,0
-21.18,125.9685,335.4,1.4,1.2,2014-11-01,0137,Terra,MODIS,65,6.2,314.4,20.2,D,0
-21.283,127.0564,341,1.2,1.1,2014-11-01,0137,Terra,MODIS,82,6.2,315.6,26.8,D,0
-21.2811,127.0447,337.6,1.2,1.1,2014-11-01,0137,Terra,MODIS,77,6.2,316.8,19.7,D,0
-21.123,125.2492,332.8,1.6,1.2,2014-11-01,0137,Terra,MODIS,43,6.2,314.4,19.6,D,0
-21.1239,127.026,334.6,1.2,1.1,2014-11-01,0137,Terra,MODIS,71,6.2,316.2,14.1,D,0
-21.1338,127.0242,359.7,1.2,1.1,2014-11-01,0137,Terra,MODIS,99,6.2,315.5,82,D,0
-21.1357,127.036,353.1,1.2,1.1,2014-11-01,0137,Terra,MODIS,95,6.2,315.7,60.3,D,0
-21.8428,127.1523,379.8,1.2,1.1,2014-11-01,0137,Terra,MODIS,87,6.2,300.1,173.6,D,0
-21.8409,127.1409,345.7,1.2,1.1,2014-11-01,0137,Terra,MODIS,66,6.2,300.7,45.9,D,0
-21.8215,127.1445,399.7,1.2,1.1,2014-11-01,0137,Terra,MODIS,100,6.2,315.7,297.1,D,0
-21.8117,127.1463,341.6,1.2,1.1,2014-11-01,0137,Terra,MODIS,53,6.2,313.8,31.1,D,0
-21.8098,127.1349,338.3,1.2,1.1,2014-11-01,0137,Terra,MODIS,80,6.2,311.3,24.4,D,0
-21.8088,127.1412,388.6,1.2,1.1,2014-11-01,0137,Terra,MODIS,100,6.2,315.2,218,D,0
-21.8009,127.1544,388.7,1.2,1.1,2014-11-01,0137,Terra,MODIS,100,6.2,320.8,217.5,D,0
-21.7991,127.143,439.3,1.2,1.1,2014-11-01,0137,Terra,MODIS,100,6.2,327.8,722.6,D,0
-21.7972,127.1316,345.3,1.2,1.1,2014-11-01,0137,Terra,MODIS,88,6.2,313.4,39,D,0
-21.1868,126.7234,345.8,1.3,1.1,2014-11-01,0137,Terra,MODIS,85,6.2,316.2,39.3,D,0
-22.5926,124.5513,339,1.7,1.3,2014-11-01,0137,Terra,MODIS,82,6.2,305.7,50.4,D,0
-22.5929,124.6172,373.7,1.6,1.3,2014-11-01,0137,Terra,MODIS,100,6.2,316.9,218.9,D,0
-22.59,124.6014,441.1,1.6,1.3,2014-11-01,0137,Terra,MODIS,100,6.2,327.9,1202,D,0
-22.5871,124.5855,429.1,1.6,1.3,2014-11-01,0137,Terra,MODIS,100,6.2,326.4,944.1,D,0
-22.5842,124.5696,459.6,1.7,1.3,2014-11-01,0137,Terra,MODIS,100,6.2,334.2,1717.4,D,0
-22.5813,124.5537,500,1.7,1.3,2014-11-01,0137,Terra,MODIS,100,6.2,344.5,3328.8,D,0
-22.5784,124.5377,415.5,1.7,1.3,2014-11-01,0137,Terra,MODIS,100,6.2,315.3,719.1,D,0
-22.5758,124.5879,335.5,1.6,1.3,2014-11-01,0137,Terra,MODIS,48,6.2,315.5,23.4,D,0
-22.5729,124.572,344.8,1.7,1.3,2014-11-01,0137,Terra,MODIS,86,6.2,317.3,54.7,D,0
-22.57,124.556,352.8,1.7,1.3,2014-11-01,0137,Terra,MODIS,95,6.2,319.3,95.3,D,0
-22.567,124.54,339.5,1.7,1.3,2014-11-01,0137,Terra,MODIS,67,6.2,314.1,46.4,D,0
-22.5587,124.5584,336.6,1.7,1.3,2014-11-01,0137,Terra,MODIS,72,6.2,314,28.6,D,0
-22.5557,124.5424,345,1.7,1.3,2014-11-01,0137,Terra,MODIS,89,6.2,312.3,63.3,D,0
-22.5756,124.5782,339.1,1.7,1.3,2014-11-01,0137,Terra,MODIS,58,6.2,318,31.4,D,0
-22.5727,124.5622,359.8,1.7,1.3,2014-11-01,0137,Terra,MODIS,99,6.2,323.6,127.3,D,0
-22.5699,124.5462,381.6,1.7,1.3,2014-11-01,0137,Terra,MODIS,100,6.2,324.2,290.5,D,0
-22.5586,124.5486,341.1,1.7,1.3,2014-11-01,0137,Terra,MODIS,84,6.2,312.9,48,D,0
-22.1938,126.4299,378.6,1.3,1.1,2014-11-01,0137,Terra,MODIS,100,6.2,315.7,178.6,D,0
-22.1959,126.4422,360.2,1.3,1.1,2014-11-01,0137,Terra,MODIS,100,6.2,317.1,88.9,D,0
-22.1976,126.3909,326.2,1.3,1.1,2014-11-01,0137,Terra,MODIS,18,6.2,306.8,9.9,D,0
-22.1997,126.4033,390.4,1.3,1.1,2014-11-01,0137,Terra,MODIS,100,6.2,315.8,265.5,D,0
-22.2018,126.4156,365.9,1.3,1.1,2014-11-01,0137,Terra,MODIS,100,6.2,316.5,119.6,D,0
-22.2039,126.4279,338.1,1.3,1.1,2014-11-01,0137,Terra,MODIS,66,6.2,313.7,24.7,D,0
-22.2098,126.4013,341,1.3,1.1,2014-11-01,0137,Terra,MODIS,85,6.2,306.8,39,D,0
-22.2119,126.4137,384,1.3,1.1,2014-11-01,0137,Terra,MODIS,100,6.2,311.9,216.5,D,0
-21.2685,126.0703,336.2,1.4,1.2,2014-11-01,0137,Terra,MODIS,45,6.2,319.1,18,D,0
-21.2789,126.0682,345.1,1.4,1.2,2014-11-01,0137,Terra,MODIS,87,6.2,317.3,41.5,D,0
-21.2813,126.0815,340.2,1.4,1.2,2014-11-01,0137,Terra,MODIS,80,6.2,316.6,29.1,D,0
-22.2778,126.0683,330.6,1.3,1.1,2014-11-01,0137,Terra,MODIS,64,6.2,313,13,D,0
-22.2836,126.0606,337.3,1.3,1.1,2014-11-01,0137,Terra,MODIS,79,6.2,314.7,27.7,D,0
-22.2859,126.0734,348.9,1.3,1.1,2014-11-01,0137,Terra,MODIS,92,6.2,315.1,60.6,D,0
-22.2961,126.0714,335.9,1.3,1.1,2014-11-01,0137,Terra,MODIS,76,6.2,313.4,25.5,D,0
-22.0114,126.2577,332.9,1.3,1.1,2014-11-01,0137,Terra,MODIS,70,6.2,307.9,21.8,D,0
-24.3362,127.1542,340,1.1,1.1,2014-11-01,0137,Terra,MODIS,85,6.2,308.8,31,D,0
-24.338,127.1651,329.1,1.1,1.1,2014-11-01,0137,Terra,MODIS,68,6.2,308.8,12.4,D,0
-24.1383,127.9865,339.5,1,1,2014-11-01,0137,Terra,MODIS,86,6.2,310.7,26.8,D,0
-24.1399,127.9968,331.2,1,1,2014-11-01,0137,Terra,MODIS,52,6.2,310.8,12.3,D,0
-24.1475,127.9848,333.8,1,1,2014-11-01,0137,Terra,MODIS,72,6.2,309.7,17.4,D,0
-24.1491,127.9951,335.1,1,1,2014-11-01,0137,Terra,MODIS,62,6.2,310.1,17.2,D,0
-24.1506,128.0053,353.5,1,1,2014-11-01,0137,Terra,MODIS,96,6.2,312.3,53,D,0
-24.1538,128.0258,337.5,1,1,2014-11-01,0137,Terra,MODIS,84,6.2,311.1,19.9,D,0
-24.155,127.973,328.6,1,1,2014-11-01,0137,Terra,MODIS,68,6.2,307.9,11.7,D,0
-24.1566,127.9832,351.9,1,1,2014-11-01,0137,Terra,MODIS,95,6.2,313.2,52,D,0
-24.1582,127.9934,337.1,1,1,2014-11-01,0137,Terra,MODIS,77,6.2,312.9,20.4,D,0
-24.1628,127.976,370.9,1,1,2014-11-01,0137,Terra,MODIS,100,6.2,310.5,109.7,D,0
-24.1644,127.9862,374.8,1,1,2014-11-01,0137,Terra,MODIS,100,6.2,313.9,123.7,D,0
-24.1661,127.9964,373.2,1,1,2014-11-01,0137,Terra,MODIS,100,6.2,314.6,115.2,D,0
-24.1677,128.0066,347.4,1,1,2014-11-01,0137,Terra,MODIS,92,6.2,312.9,39.5,D,0
-24.1822,128.0984,332.5,1,1,2014-11-01,0137,Terra,MODIS,79,6.2,310.8,14.1,D,0
-24.1838,128.1085,329.2,1,1,2014-11-01,0137,Terra,MODIS,68,6.2,310.1,10.4,D,0
-22.902,129.5461,326.6,1,1,2014-11-01,0137,Terra,MODIS,43,6.2,304.9,8.1,D,0
-22.9034,129.5558,326.6,1,1,2014-11-01,0137,Terra,MODIS,40,6.2,304.7,8.4,D,0
-22.8126,128.83,364.2,1,1,2014-11-01,0137,Terra,MODIS,100,6.2,315.4,75.8,D,0
-22.8141,128.8399,335.6,1,1,2014-11-01,0137,Terra,MODIS,80,6.2,313.6,12.6,D,0
-20.0191,121.734,337.3,3,1.6,2014-11-01,0137,Terra,MODIS,79,6.2,312.4,101.1,D,0
-20.0181,121.7273,333.6,3,1.6,2014-11-01,0137,Terra,MODIS,72,6.2,311.7,76,D,0
-23.0047,128.5841,355.2,1,1,2014-11-01,0137,Terra,MODIS,91,6.2,313.7,50.8,D,0
-23.1193,128.6696,333,1,1,2014-11-01,0137,Terra,MODIS,74,6.2,312.5,11.3,D,0
-23.1466,128.6649,353.5,1,1,2014-11-01,0137,Terra,MODIS,96,6.2,311.1,51.4,D,0
-23.1481,128.6748,346.4,1,1,2014-11-01,0137,Terra,MODIS,90,6.2,312.2,35.4,D,0
-23.4061,129.2227,335.5,1,1,2014-11-01,0137,Terra,MODIS,81,6.2,309.3,17.2,D,0
-23.4076,129.2325,345.5,1,1,2014-11-01,0137,Terra,MODIS,90,6.2,311.7,34,D,0
-23.409,129.2422,331.5,1,1,2014-11-01,0137,Terra,MODIS,59,6.2,311.6,10.8,D,0
-23.427,129.2392,332.8,1,1,2014-11-01,0137,Terra,MODIS,54,6.2,311.1,10.8,D,0
-20.9986,127.8997,364.3,1.1,1.1,2014-11-01,0137,Terra,MODIS,100,6.2,313.9,91.9,D,0
-21.0081,127.8979,338.4,1.1,1.1,2014-11-01,0137,Terra,MODIS,81,6.2,309.9,23.3,D,0
-21.0098,127.9086,333,1.1,1.1,2014-11-01,0137,Terra,MODIS,70,6.2,310.6,14.2,D,0
-24.3297,127.2338,325.9,1.1,1,2014-11-01,0137,Terra,MODIS,57,6.2,308.5,7.6,D,0
-24.4777,127.3984,366.2,1.1,1,2014-11-01,0137,Terra,MODIS,100,6.2,311.9,98.3,D,0
-24.4794,127.4091,358.1,1.1,1,2014-11-01,0137,Terra,MODIS,98,6.2,312.5,71.7,D,0
-24.4811,127.4197,337.6,1.1,1,2014-11-01,0137,Terra,MODIS,82,6.2,311,24.7,D,0
-24.4888,127.4073,334.9,1.1,1,2014-11-01,0137,Terra,MODIS,78,6.2,308.2,20.1,D,0
-24.4905,127.4179,340.8,1.1,1,2014-11-01,0137,Terra,MODIS,85,6.2,309.5,30.3,D,0
-24.4922,127.4286,333.9,1.1,1,2014-11-01,0137,Terra,MODIS,76,6.2,310.5,18.2,D,0
-24.6597,129.4213,327.6,1,1,2014-11-01,0137,Terra,MODIS,41,6.2,288.1,18,D,0
-24.6611,129.4312,332.2,1,1,2014-11-01,0137,Terra,MODIS,42,6.2,293.4,24.2,D,0
-24.6686,129.4198,327.6,1,1,2014-11-01,0137,Terra,MODIS,33,6.2,288.9,18.9,D,0
-24.6701,129.4296,355.9,1,1,2014-11-01,0137,Terra,MODIS,98,6.2,288.1,69,D,0
-23.5018,128.8211,343.1,1,1,2014-11-01,0137,Terra,MODIS,83,6.2,312.3,28,D,0
-23.5033,128.8309,338.1,1,1,2014-11-01,0137,Terra,MODIS,72,6.2,313,18.6,D,0
-23.5063,128.7899,354.9,1,1,2014-11-01,0137,Terra,MODIS,97,6.2,310.9,55.8,D,0
-23.5079,128.7997,343.3,1,1,2014-11-01,0137,Terra,MODIS,88,6.2,309.9,30.7,D,0
-23.5094,128.8096,363.9,1,1,2014-11-01,0137,Terra,MODIS,100,6.2,313.6,78.6,D,0
-23.5109,128.8195,332.1,1,1,2014-11-01,0137,Terra,MODIS,74,6.2,312,10.7,D,0
-22.9956,128.5857,336.3,1,1,2014-11-01,0137,Terra,MODIS,64,6.2,315.3,12.6,D,0
-22.9971,128.5956,335.2,1,1,2014-11-01,0137,Terra,MODIS,47,6.2,315.9,10,D,0
-23.7779,128.1612,356.3,1,1,2014-11-01,0137,Terra,MODIS,97,6.2,311,61.5,D,0
-23.7795,128.1714,369.7,1,1,2014-11-01,0137,Terra,MODIS,100,6.2,315.5,102.2,D,0
-23.7811,128.1815,346.3,1,1,2014-11-01,0137,Terra,MODIS,90,6.2,313.7,37.7,D,0
-26.2407,121.1518,335.2,2.4,1.5,2014-11-01,0138,Terra,MODIS,82,6.2,307.4,83.6,D,0
-26.2359,121.128,323.5,2.4,1.5,2014-11-01,0138,Terra,MODIS,62,6.2,306,32.3,D,0
-26.6053,124.096,328.2,1.5,1.2,2014-11-01,0138,Terra,MODIS,70,6.2,309.5,21.3,D,0
-23.9677,123.6107,327.9,1.8,1.3,2014-11-01,0138,Terra,MODIS,71,6.2,306.4,20,D,0
-23.9795,123.6082,328.9,1.8,1.3,2014-11-01,0138,Terra,MODIS,72,6.2,306.6,24,D,0
-23.9879,123.5879,331,1.8,1.3,2014-11-01,0138,Terra,MODIS,59,6.2,306,28.4,D,0
-23.9897,123.532,324.4,1.8,1.3,2014-11-01,0138,Terra,MODIS,53,6.2,304.5,17.6,D,0
-23.961,123.5753,372.6,1.8,1.3,2014-11-01,0138,Terra,MODIS,100,6.2,309.2,260.6,D,0
-25.1408,121.4254,335.6,2.4,1.5,2014-11-01,0138,Terra,MODIS,80,6.2,307,72.1,D,0
-25.0844,121.3958,328.6,2.4,1.5,2014-11-01,0138,Terra,MODIS,49,6.2,308.6,41,D,0
-23.9931,123.5498,350.2,1.8,1.3,2014-11-01,0138,Terra,MODIS,94,6.2,305.4,112.3,D,0
-23.9964,123.5675,337.5,1.8,1.3,2014-11-01,0138,Terra,MODIS,84,6.2,306.3,52.6,D,0
-25.0796,121.3718,359.3,2.5,1.5,2014-11-01,0138,Terra,MODIS,99,6.2,309.5,258.1,D,0
-25.1637,121.4694,326.2,2.4,1.5,2014-11-01,0138,Terra,MODIS,26,6.2,309.2,27,D,0
-25.1504,121.4726,335.2,2.4,1.5,2014-11-01,0138,Terra,MODIS,81,6.2,311.1,65.5,D,0
-23.9492,123.5779,343.4,1.8,1.3,2014-11-01,0138,Terra,MODIS,89,6.2,309.1,76.9,D,0
-23.9674,123.5799,335.6,1.8,1.3,2014-11-01,0138,Terra,MODIS,80,6.2,306.7,45.5,D,0
-25.159,121.4459,338,2.4,1.5,2014-11-01,0138,Terra,MODIS,84,6.2,308,83.8,D,0
-23.4177,120.1148,328.5,3.3,1.7,2014-11-01,0138,Terra,MODIS,71,6.2,308.6,69.5,D,0
-23.9458,123.5602,327.8,1.8,1.3,2014-11-01,0138,Terra,MODIS,26,6.2,305.5,23,D,0
-23.9706,123.5977,345,1.8,1.3,2014-11-01,0138,Terra,MODIS,90,6.2,307.6,82.2,D,0
-23.9588,123.6002,337.5,1.8,1.3,2014-11-01,0138,Terra,MODIS,84,6.2,308.1,50.9,D,0
-23.4243,120.1463,331.1,3.3,1.7,2014-11-01,0138,Terra,MODIS,76,6.2,309.8,88.2,D,0
-23.9556,123.5825,382,1.8,1.3,2014-11-01,0138,Terra,MODIS,100,6.2,311.3,345.6,D,0
-25.5312,127.7019,383.2,1,1,2014-11-01,0138,Terra,MODIS,100,6.2,309.7,159.6,D,0
-23.9523,123.5648,359.6,1.8,1.3,2014-11-01,0138,Terra,MODIS,99,6.2,306.7,166,D,0
-25.2406,121.3203,329.6,2.5,1.5,2014-11-01,0138,Terra,MODIS,73,6.2,308.2,52.9,D,0
-25.5452,127.731,337.6,1,1,2014-11-01,0138,Terra,MODIS,82,6.2,308.8,22.4,D,0
-25.5345,127.7224,351.3,1,1,2014-11-01,0138,Terra,MODIS,94,6.2,311.4,49.5,D,0
-27.7197,127.136,330.2,1,1,2014-11-01,0138,Terra,MODIS,67,6.2,308.6,14.3,D,0
-25.8852,125.4379,337,1.3,1.1,2014-11-01,0138,Terra,MODIS,61,6.2,304.5,38.7,D,0
-27.7135,127.1433,329.9,1,1,2014-11-01,0138,Terra,MODIS,66,6.2,310.2,13.4,D,0
-25.5328,127.7122,428.5,1,1,2014-11-01,0138,Terra,MODIS,100,6.2,321.5,481.4,D,0
-27.7118,127.1328,353.1,1,1,2014-11-01,0138,Terra,MODIS,96,6.2,309.9,57.1,D,0
-24.148,123.6493,326.5,1.8,1.3,2014-11-01,0138,Terra,MODIS,60,6.2,306.4,20.4,D,0
-24.1164,123.7158,328.4,1.8,1.3,2014-11-01,0138,Terra,MODIS,71,6.2,307.4,24.3,D,0
-25.8764,125.3871,349,1.3,1.1,2014-11-01,0138,Terra,MODIS,93,6.2,311.6,62,D,0
-28.696,129.8312,323,1.1,1,2014-11-01,0138,Terra,MODIS,62,6.2,308.7,7.8,D,0
-25.8741,125.3743,349.4,1.3,1.1,2014-11-01,0138,Terra,MODIS,93,6.2,311.2,62.3,D,0
-25.864,125.3764,332.5,1.3,1.1,2014-11-01,0138,Terra,MODIS,77,6.2,310.7,19.9,D,0
-27.4659,128.9204,333.1,1,1,2014-11-01,0138,Terra,MODIS,79,6.2,312,16.7,D,0
-25.1456,121.4491,354.8,2.4,1.5,2014-11-01,0138,Terra,MODIS,97,6.2,310.9,200.9,D,0
-25.7962,125.3973,354.7,1.3,1.1,2014-11-01,0138,Terra,MODIS,97,6.2,308,83.4,D,0
-23.9762,123.5905,326.5,1.8,1.3,2014-11-01,0138,Terra,MODIS,54,6.2,307,17.4,D,0
-23.9644,123.593,356.9,1.8,1.3,2014-11-01,0138,Terra,MODIS,98,6.2,308.8,144.3,D,0
-24.0511,123.665,325.4,1.8,1.3,2014-11-01,0138,Terra,MODIS,65,6.2,307.7,15,D,0
-24.0567,123.6568,327.9,1.8,1.3,2014-11-01,0138,Terra,MODIS,70,6.2,307.1,20.5,D,0
-24.8841,122.3972,340.4,2.1,1.4,2014-11-01,0138,Terra,MODIS,86,6.2,307.9,86.1,D,0
-24.8881,122.4177,341,2.1,1.4,2014-11-01,0138,Terra,MODIS,86,6.2,308.9,86.5,D,0
-24.9252,122.402,324.2,2.1,1.4,2014-11-01,0138,Terra,MODIS,34,6.2,307.4,18.1,D,0
-26.3711,126.6707,349.6,1.1,1,2014-11-01,0138,Terra,MODIS,93,6.2,310.8,48.9,D,0
-26.3523,126.6744,330.6,1.1,1,2014-11-01,0138,Terra,MODIS,56,6.2,312.7,14.6,D,0
-23.9748,123.6877,331.3,1.8,1.3,2014-11-01,0138,Terra,MODIS,76,6.2,307.1,30.3,D,0
-24.8967,122.3942,338,2.1,1.4,2014-11-01,0138,Terra,MODIS,83,6.2,307.2,72.5,D,0
-23.9692,123.683,331.7,1.8,1.3,2014-11-01,0138,Terra,MODIS,77,6.2,308.2,31.2,D,0
-24.9365,122.533,331.5,2.1,1.4,2014-11-01,0138,Terra,MODIS,74,6.2,310.6,37,D,0
-24.9132,122.4117,330.3,2.1,1.4,2014-11-01,0138,Terra,MODIS,70,6.2,307.9,37.6,D,0
-26.2613,126.387,347,1.1,1.1,2014-11-01,0138,Terra,MODIS,91,6.2,310.5,46.2,D,0
-24.0479,123.6475,325.9,1.8,1.3,2014-11-01,0138,Terra,MODIS,66,6.2,307.2,16,D,0
-24.9007,122.4147,352.6,2.1,1.4,2014-11-01,0138,Terra,MODIS,95,6.2,309.8,152.2,D,0
-26.3466,126.6701,335.6,1.1,1,2014-11-01,0138,Terra,MODIS,74,6.2,312,19.5,D,0
-26.2632,126.3983,346.8,1.1,1.1,2014-11-01,0138,Terra,MODIS,91,6.2,312.8,44.6,D,0
-26.3787,126.6578,343.3,1.1,1,2014-11-01,0138,Terra,MODIS,88,6.2,310.2,36.9,D,0
-26.3693,126.6597,345.5,1.1,1,2014-11-01,0138,Terra,MODIS,90,6.2,310.1,39.5,D,0
-24.9258,122.4089,326.8,2.1,1.4,2014-11-01,0138,Terra,MODIS,64,6.2,307.7,28,D,0
-26.3805,126.6689,329.2,1.1,1,2014-11-01,0138,Terra,MODIS,68,6.2,310.1,11.8,D,0
-31.1295,133.2099,348.7,1.6,1.3,2014-11-01,0139,Terra,MODIS,94,6.2,307.7,98.9,D,0
-29.583,130.8613,350.2,1.2,1.1,2014-11-01,0139,Terra,MODIS,94,6.2,309,62,D,0
-28.2314,125.8322,333.6,1.1,1.1,2014-11-01,0139,Terra,MODIS,80,6.2,309.1,20.9,D,0
-29.5942,130.8718,324.8,1.2,1.1,2014-11-01,0139,Terra,MODIS,68,6.2,308.2,12.3,D,0
-29.5845,130.8733,328.3,1.2,1.1,2014-11-01,0139,Terra,MODIS,75,6.2,308.1,16.9,D,0
-28.2219,125.8341,331.1,1.1,1.1,2014-11-01,0139,Terra,MODIS,77,6.2,312.1,17.4,D,0
-31.1313,133.2273,340.4,1.6,1.3,2014-11-01,0139,Terra,MODIS,88,6.2,307.5,66.6,D,0
-31.1428,133.2258,323.2,1.6,1.3,2014-11-01,0139,Terra,MODIS,66,6.2,308.6,18.6,D,0
-29.2353,129.6796,322.1,1,1,2014-11-01,0139,Terra,MODIS,55,6.2,308.2,9,D,0
-31.0983,152.1484,353.6,2.4,1.5,2014-11-01,0418,Aqua,MODIS,97,6.2,301.2,217.1,D,0
-31.0849,152.1455,339.7,2.4,1.5,2014-11-01,0418,Aqua,MODIS,89,6.2,301.3,120.5,D,0
-31.078,152.1389,326.1,2.4,1.5,2014-11-01,0418,Aqua,MODIS,55,6.2,301.3,53,D,0
-32.3989,135.7034,319.5,2.6,1.6,2014-11-01,0418,Aqua,MODIS,51,6.2,307.1,21.7,D,0
-32.3947,135.6961,321.3,2.6,1.6,2014-11-01,0418,Aqua,MODIS,61,6.2,306.6,27.9,D,0
-32.3803,151.412,325.7,2,1.4,2014-11-01,0418,Aqua,MODIS,78,6.2,302.4,29.4,D,0
-32.3681,151.4088,327.1,2,1.4,2014-11-01,0418,Aqua,MODIS,80,6.2,302.3,34.4,D,0
-31.6668,151.6578,322.5,2.1,1.4,2014-11-01,0418,Aqua,MODIS,59,6.2,299.1,30.6,D,0
-32.6824,151.8956,359.5,2.1,1.4,2014-11-01,0418,Aqua,MODIS,99,6.2,302.2,216.1,D,0
-32.687,151.8735,340.9,2.1,1.4,2014-11-01,0418,Aqua,MODIS,91,6.2,301.4,97.4,D,0
-32.6822,151.888,357,2.1,1.4,2014-11-01,0418,Aqua,MODIS,98,6.2,302.3,199.9,D,0
-32.6948,151.8994,434.6,2.1,1.4,2014-11-01,0418,Aqua,MODIS,100,6.2,311.3,1521.2,D,0
-32.6994,151.8774,359.9,2.1,1.4,2014-11-01,0418,Aqua,MODIS,99,6.2,302.9,216.6,D,0
-32.6902,151.9138,379.3,2.1,1.4,2014-11-01,0418,Aqua,MODIS,100,6.2,302.5,408.7,D,0
-32.6946,151.8918,431.8,2.1,1.4,2014-11-01,0418,Aqua,MODIS,100,6.2,312.1,1436.7,D,0
-33.3657,150.9505,311.8,1.8,1.3,2014-11-01,0418,Aqua,MODIS,48,6.2,296,15.1,D,0
-31.1343,133.2034,330.1,3.8,1.8,2014-11-01,0419,Aqua,MODIS,77,6.2,304.8,126.6,D,0
-31.128,133.1958,325.8,3.8,1.8,2014-11-01,0419,Aqua,MODIS,70,6.2,303.8,91.6,D,0
-31.1445,133.1972,319.7,3.8,1.8,2014-11-01,0419,Aqua,MODIS,35,6.2,305,45.6,D,0
-29.5682,152.2527,315.7,2.6,1.6,2014-11-01,0419,Aqua,MODIS,49,6.2,297.4,30.7,D,0
-28.6093,152.3286,325.3,2.8,1.6,2014-11-01,0419,Aqua,MODIS,51,6.2,300.5,52.7,D,0
-28.6235,152.3322,326.8,2.8,1.6,2014-11-01,0419,Aqua,MODIS,61,6.2,299.2,60.1,D,0
-28.6101,152.3334,330.1,2.8,1.6,2014-11-01,0419,Aqua,MODIS,78,6.2,300.5,80.2,D,0
-26.7192,151.8284,322.5,2.8,1.6,2014-11-01,0419,Aqua,MODIS,31,6.2,303.3,29.2,D,0
-29.558,152.2533,314.7,2.6,1.6,2014-11-01,0419,Aqua,MODIS,48,6.2,297.2,28.7,D,0
-26.7132,151.8569,328.6,2.9,1.6,2014-11-01,0419,Aqua,MODIS,71,6.2,303.9,62.1,D,0
-25.2534,147.4919,347.4,1.5,1.2,2014-11-01,0420,Aqua,MODIS,92,6.2,308.4,80,D,0
-25.2424,147.4893,350.8,1.5,1.2,2014-11-01,0420,Aqua,MODIS,94,6.2,313.1,91.8,D,0
-24.8218,148.1466,322.4,1.7,1.3,2014-11-01,0420,Aqua,MODIS,28,6.2,304.7,18.4,D,0
-24.8335,148.1486,323.8,1.7,1.3,2014-11-01,0420,Aqua,MODIS,40,6.2,303.4,23.1,D,0
-24.8774,147.7786,372.1,1.6,1.3,2014-11-01,0420,Aqua,MODIS,100,6.2,305.8,230.9,D,0
-25.2507,147.5069,325.5,1.6,1.2,2014-11-01,0420,Aqua,MODIS,49,6.2,304.9,16.9,D,0
-25.2178,147.4995,326.9,1.6,1.2,2014-11-01,0420,Aqua,MODIS,63,6.2,307.6,21,D,0
-25.2315,147.4868,356.9,1.5,1.2,2014-11-01,0420,Aqua,MODIS,98,6.2,313.4,120.4,D,0
-25.2288,147.5019,373.2,1.6,1.2,2014-11-01,0420,Aqua,MODIS,100,6.2,312.9,214.5,D,0
-25.2342,147.4718,334.8,1.5,1.2,2014-11-01,0420,Aqua,MODIS,79,6.2,308.5,40,D,0
-25.2205,147.4844,333.7,1.5,1.2,2014-11-01,0420,Aqua,MODIS,77,6.2,307.7,37.6,D,0
-24.0168,149.1959,328,2.1,1.4,2014-11-01,0420,Aqua,MODIS,66,6.2,303.6,42.1,D,0
-24.4,146.2344,358.3,1.3,1.1,2014-11-01,0420,Aqua,MODIS,93,6.2,311.9,85.1,D,0
-24.3897,146.2321,391.8,1.3,1.1,2014-11-01,0420,Aqua,MODIS,100,6.2,310.1,278.7,D,0
-24.3923,146.2408,359.3,1.3,1.1,2014-11-01,0420,Aqua,MODIS,90,6.2,306.2,95.8,D,0
-24.3945,146.2278,374,1.3,1.1,2014-11-01,0420,Aqua,MODIS,89,6.2,316.9,162,D,0
-25.2397,147.5044,361.1,1.6,1.2,2014-11-01,0420,Aqua,MODIS,100,6.2,309.5,140.2,D,0
-23.3856,147.8405,336.5,1.8,1.3,2014-11-01,0420,Aqua,MODIS,78,6.2,308.9,44.5,D,0
-23.3888,147.8234,334.9,1.8,1.3,2014-11-01,0420,Aqua,MODIS,75,6.2,310,38.6,D,0
-23.3655,147.8181,336.4,1.8,1.3,2014-11-01,0420,Aqua,MODIS,78,6.2,309,45.7,D,0
-23.3861,147.7997,328.9,1.8,1.3,2014-11-01,0420,Aqua,MODIS,39,6.2,309.5,18.3,D,0
-23.3715,147.8139,343.7,1.8,1.3,2014-11-01,0420,Aqua,MODIS,87,6.2,310.1,73.9,D,0
-25.256,147.4767,336.3,1.5,1.2,2014-11-01,0420,Aqua,MODIS,81,6.2,308.3,43.5,D,0
-24.8037,147.2234,329.3,1.5,1.2,2014-11-01,0420,Aqua,MODIS,42,6.2,308.3,18.9,D,0
-25.6959,151.7032,330.8,2.9,1.6,2014-11-01,0420,Aqua,MODIS,74,6.2,304.2,59.7,D,0
-25.702,151.6743,328.1,2.9,1.6,2014-11-01,0420,Aqua,MODIS,68,6.2,304.4,45.3,D,0
-25.6954,151.6953,331.7,2.9,1.6,2014-11-01,0420,Aqua,MODIS,75,6.2,304.2,63.2,D,0
-24.8584,148.5871,325.6,1.9,1.3,2014-11-01,0420,Aqua,MODIS,66,6.2,304.6,26.5,D,0
-24.0041,149.1932,342.2,2.1,1.4,2014-11-01,0420,Aqua,MODIS,87,6.2,305.8,105.4,D,0
-23.9914,149.1904,324.8,2.1,1.4,2014-11-01,0420,Aqua,MODIS,52,6.2,304.8,30.4,D,0
-25.976,150.3398,328.9,2.3,1.5,2014-11-01,0420,Aqua,MODIS,68,6.2,303.4,56.8,D,0
-24.8063,147.2087,336.7,1.5,1.2,2014-11-01,0420,Aqua,MODIS,74,6.2,310.6,38,D,0
-25.2451,147.4742,331.1,1.5,1.2,2014-11-01,0420,Aqua,MODIS,52,6.2,308.3,28.6,D,0
-24.7928,147.2211,338.9,1.5,1.2,2014-11-01,0420,Aqua,MODIS,84,6.2,308.1,44.4,D,0
-24.782,147.2189,328.2,1.5,1.2,2014-11-01,0420,Aqua,MODIS,51,6.2,309.8,18.1,D,0
-23.4213,149.8132,338.4,2.4,1.5,2014-11-01,0420,Aqua,MODIS,81,6.2,304.4,100.8,D,0
-23.4079,149.8099,334.2,2.4,1.5,2014-11-01,0420,Aqua,MODIS,75,6.2,304.8,79.4,D,0
-26.518,150.2764,363,2.2,1.5,2014-11-01,0420,Aqua,MODIS,100,6.2,309.2,252.1,D,0
-26.5225,150.2542,403.9,2.2,1.4,2014-11-01,0420,Aqua,MODIS,100,6.2,318.4,843,D,0
-26.5269,150.2321,354.7,2.2,1.4,2014-11-01,0420,Aqua,MODIS,97,6.2,310.7,184.5,D,0
-26.5051,150.2731,361.4,2.2,1.5,2014-11-01,0420,Aqua,MODIS,100,6.2,311.6,234.3,D,0
-26.5096,150.251,398.1,2.2,1.4,2014-11-01,0420,Aqua,MODIS,100,6.2,318.5,727.1,D,0
-26.514,150.2289,341,2.2,1.4,2014-11-01,0420,Aqua,MODIS,86,6.2,309.7,93.6,D,0
-26.5205,150.2696,377.4,2.2,1.5,2014-11-01,0420,Aqua,MODIS,100,6.2,310.3,407.4,D,0
-26.5248,150.2474,397.3,2.2,1.4,2014-11-01,0420,Aqua,MODIS,100,6.2,317.3,713.8,D,0
-26.5291,150.2253,328.9,2.2,1.4,2014-11-01,0420,Aqua,MODIS,52,6.2,307.9,36.9,D,0
-26.5076,150.2664,383.6,2.2,1.5,2014-11-01,0420,Aqua,MODIS,100,6.2,314.1,491.3,D,0
-26.5119,150.2442,387.8,2.2,1.4,2014-11-01,0420,Aqua,MODIS,100,6.2,317.8,556.6,D,0
-26.5162,150.2221,328.4,2.2,1.4,2014-11-01,0420,Aqua,MODIS,68,6.2,308.4,39.8,D,0
-26.4947,150.2631,360.8,2.2,1.5,2014-11-01,0420,Aqua,MODIS,100,6.2,313.1,230.5,D,0
-26.499,150.241,346.6,2.2,1.4,2014-11-01,0420,Aqua,MODIS,91,6.2,311.2,125.5,D,0
-26.4818,150.2598,367,2.2,1.5,2014-11-01,0420,Aqua,MODIS,100,6.2,312,294.9,D,0
-26.4861,150.2377,333.4,2.2,1.4,2014-11-01,0420,Aqua,MODIS,69,6.2,308.9,58.6,D,0
-26.4903,150.2854,335.4,2.3,1.5,2014-11-01,0420,Aqua,MODIS,80,6.2,308.7,62.4,D,0
-26.4774,150.2821,343.5,2.3,1.5,2014-11-01,0420,Aqua,MODIS,88,6.2,308.4,111,D,0
-24.4284,146.2544,369.5,1.3,1.1,2014-11-01,0420,Aqua,MODIS,100,6.2,300.7,148,D,0
-24.4307,146.2413,426.9,1.3,1.1,2014-11-01,0420,Aqua,MODIS,100,6.2,325,666.1,D,0
-24.4329,146.2281,369,1.3,1.1,2014-11-01,0420,Aqua,MODIS,100,6.2,316.9,137.7,D,0
-24.4159,146.2654,335.8,1.3,1.1,2014-11-01,0420,Aqua,MODIS,62,6.2,293.6,28.5,D,0
-24.4182,146.2523,379.7,1.3,1.1,2014-11-01,0420,Aqua,MODIS,100,6.2,293.4,203.2,D,0
-24.4204,146.239,420,1.3,1.1,2014-11-01,0420,Aqua,MODIS,100,6.2,327.7,569.5,D,0
-24.4227,146.2257,341.3,1.3,1.1,2014-11-01,0420,Aqua,MODIS,77,6.2,316.1,32.7,D,0
-24.4079,146.2501,351.2,1.3,1.1,2014-11-01,0420,Aqua,MODIS,94,6.2,298.1,68.7,D,0
-24.4102,146.2367,391.1,1.3,1.1,2014-11-01,0420,Aqua,MODIS,100,6.2,316,278,D,0
-24.4146,146.2108,343.4,1.3,1.1,2014-11-01,0420,Aqua,MODIS,78,6.2,312,38.1,D,0
-24.8662,147.7758,336.6,1.6,1.3,2014-11-01,0420,Aqua,MODIS,82,6.2,303.9,53.6,D,0
-25.6055,150.8625,354.1,2.6,1.5,2014-11-01,0420,Aqua,MODIS,96,6.2,308.4,214.3,D,0
-24.8466,147.7658,325.5,1.6,1.3,2014-11-01,0420,Aqua,MODIS,57,6.2,304.6,22.5,D,0
-24.0597,149.0386,396.5,2.1,1.4,2014-11-01,0420,Aqua,MODIS,100,6.2,312.3,631.9,D,0
-24.0634,149.0196,343.8,2.1,1.4,2014-11-01,0420,Aqua,MODIS,83,6.2,310.7,92.4,D,0
-24.0605,149.0337,395.3,2.1,1.4,2014-11-01,0420,Aqua,MODIS,100,6.2,313.5,613,D,0
-24.8804,147.7626,351.4,1.6,1.3,2014-11-01,0420,Aqua,MODIS,95,6.2,306.2,111,D,0
-24.8381,147.7475,333.9,1.6,1.3,2014-11-01,0420,Aqua,MODIS,79,6.2,305.5,46.6,D,0
-24.8248,148.1304,325.1,1.7,1.3,2014-11-01,0420,Aqua,MODIS,53,6.2,305.7,25.7,D,0
-24.4152,146.809,395.6,1.4,1.2,2014-11-01,0420,Aqua,MODIS,87,6.2,302.2,366,D,0
-24.4177,146.7947,340.6,1.4,1.2,2014-11-01,0420,Aqua,MODIS,0,6.2,285.7,50.3,D,0
-25.5918,150.8589,326.4,2.6,1.5,2014-11-01,0420,Aqua,MODIS,44,6.2,306.4,28.7,D,0
-25.5779,150.9044,327.6,2.6,1.6,2014-11-01,0420,Aqua,MODIS,37,6.2,305.5,29.6,D,0
-25.5866,150.8842,331.7,2.6,1.5,2014-11-01,0420,Aqua,MODIS,74,6.2,305.6,55.2,D,0
-25.5729,150.8807,333.5,2.6,1.5,2014-11-01,0420,Aqua,MODIS,77,6.2,306.1,64.9,D,0
-25.5813,150.9101,329,2.6,1.6,2014-11-01,0420,Aqua,MODIS,62,6.2,305.6,39.8,D,0
-24.8692,147.7599,335.6,1.6,1.3,2014-11-01,0420,Aqua,MODIS,81,6.2,304.6,51.2,D,0
-25.2477,149.8011,329.7,2.2,1.4,2014-11-01,0420,Aqua,MODIS,70,6.2,307.4,43.5,D,0
-25.5831,150.8783,327,2.6,1.5,2014-11-01,0420,Aqua,MODIS,35,6.2,305.7,29.8,D,0
-24.8718,147.755,324.3,1.6,1.3,2014-11-01,0420,Aqua,MODIS,57,6.2,304.6,20.6,D,0
-24.869,147.7711,347.7,1.6,1.3,2014-11-01,0420,Aqua,MODIS,92,6.2,305.7,92.6,D,0
-25.0513,150.7115,321.6,2.6,1.5,2014-11-01,0420,Aqua,MODIS,27,6.2,303,21.6,D,0
-25.0615,150.7091,324.9,2.6,1.5,2014-11-01,0420,Aqua,MODIS,62,6.2,302.5,35.9,D,0
-24.0568,149.0533,337.4,2.1,1.4,2014-11-01,0420,Aqua,MODIS,82,6.2,304.4,72.5,D,0
-24.048,149.0305,336.3,2.1,1.4,2014-11-01,0420,Aqua,MODIS,67,6.2,306.7,61.4,D,0
-22.9474,147.3948,341.9,1.7,1.3,2014-11-01,0421,Aqua,MODIS,85,6.2,310.8,61.1,D,0
-23.0975,146.284,334.3,1.4,1.2,2014-11-01,0421,Aqua,MODIS,71,6.2,309.7,26.3,D,0
-21.2896,147.746,328.9,1.9,1.4,2014-11-01,0421,Aqua,MODIS,50,6.2,312.4,24,D,0
-22.3586,146.3446,340.1,1.5,1.2,2014-11-01,0421,Aqua,MODIS,64,6.2,318,23.4,D,0
-22.3479,146.3425,348.8,1.5,1.2,2014-11-01,0421,Aqua,MODIS,91,6.2,315.5,52.2,D,0
-22.4726,147.0768,334.2,1.6,1.3,2014-11-01,0421,Aqua,MODIS,69,6.2,312.6,26.9,D,0
-20.3863,147.323,328.1,1.9,1.3,2014-11-01,0421,Aqua,MODIS,31,6.2,309,15.8,D,0
-21.8378,146.6099,357.6,1.6,1.2,2014-11-01,0421,Aqua,MODIS,98,6.2,318.4,98,D,0
-21.8411,146.6017,364.5,1.6,1.2,2014-11-01,0421,Aqua,MODIS,100,6.2,319.8,134.9,D,0
-21.8385,146.6167,351.9,1.6,1.2,2014-11-01,0421,Aqua,MODIS,94,6.2,316.9,72.4,D,0
-21.8521,146.604,336.6,1.6,1.2,2014-11-01,0421,Aqua,MODIS,62,6.2,316.1,20.2,D,0
-21.8403,146.5949,338.9,1.6,1.2,2014-11-01,0421,Aqua,MODIS,61,6.2,319.3,23.7,D,0
-22.4839,147.0792,330.2,1.6,1.3,2014-11-01,0421,Aqua,MODIS,48,6.2,312.3,17.3,D,0
-19.4642,142.7045,339.4,1.1,1,2014-11-01,0422,Aqua,MODIS,79,6.2,315.5,17.4,D,0
-17.0295,142.8394,340.1,1.1,1.1,2014-11-01,0422,Aqua,MODIS,80,6.2,313,19,D,0
-17.0989,142.7024,332,1.1,1,2014-11-01,0422,Aqua,MODIS,48,6.2,311.3,10.3,D,0
-17.0755,142.4171,334.4,1.1,1,2014-11-01,0422,Aqua,MODIS,38,6.2,312.5,12.2,D,0
-17.0553,142.3874,333.7,1.1,1,2014-11-01,0422,Aqua,MODIS,33,6.2,314.3,9.4,D,0
-18.8818,141.6716,343.3,1,1,2014-11-01,0422,Aqua,MODIS,74,6.2,317.7,20.2,D,0
-16.8293,142.8792,339.7,1.1,1.1,2014-11-01,0422,Aqua,MODIS,76,6.2,316.6,18.3,D,0
-16.7679,142.8739,334.8,1.1,1.1,2014-11-01,0422,Aqua,MODIS,45,6.2,316.1,8.9,D,0
-19.4796,142.7276,339,1.1,1,2014-11-01,0422,Aqua,MODIS,78,6.2,317.8,13.9,D,0
-16.8059,142.8803,339.1,1.1,1.1,2014-11-01,0422,Aqua,MODIS,78,6.2,316.5,16.7,D,0
-16.7964,142.8787,336.4,1.1,1.1,2014-11-01,0422,Aqua,MODIS,62,6.2,315.4,11.2,D,0
-18.9772,142.5844,336,1.1,1,2014-11-01,0422,Aqua,MODIS,65,6.2,317,9.1,D,0
-17.0484,142.8426,339.9,1.1,1.1,2014-11-01,0422,Aqua,MODIS,80,6.2,315.7,18.3,D,0
-18.9885,142.6235,343.2,1.1,1,2014-11-01,0422,Aqua,MODIS,84,6.2,316.5,23.4,D,0
-18.987,142.6334,336.7,1.1,1,2014-11-01,0422,Aqua,MODIS,54,6.2,315.6,13.1,D,0
-19.0114,142.5967,347.5,1.1,1,2014-11-01,0422,Aqua,MODIS,89,6.2,320.1,26.9,D,0
-19.0099,142.6067,358.7,1.1,1,2014-11-01,0422,Aqua,MODIS,99,6.2,320.9,56.8,D,0
-18.9962,142.635,340.7,1.1,1,2014-11-01,0422,Aqua,MODIS,67,6.2,317,20.5,D,0
-19.0191,142.6083,358.4,1.1,1,2014-11-01,0422,Aqua,MODIS,98,6.2,320,57.4,D,0
-17.039,142.841,357.4,1.1,1.1,2014-11-01,0422,Aqua,MODIS,98,6.2,317.6,61.3,D,0
-18.8728,141.6701,340.4,1,1,2014-11-01,0422,Aqua,MODIS,53,6.2,316.6,15.3,D,0
-17.1066,142.4635,331.8,1.1,1,2014-11-01,0422,Aqua,MODIS,43,6.2,310.1,10.8,D,0
-17.0849,142.4806,334.1,1.1,1,2014-11-01,0422,Aqua,MODIS,58,6.2,314,10.9,D,0
-17.0673,142.8458,337.1,1.1,1.1,2014-11-01,0422,Aqua,MODIS,74,6.2,316.6,14.1,D,0
-17.0579,142.8442,350.4,1.1,1.1,2014-11-01,0422,Aqua,MODIS,92,6.2,316.6,42.2,D,0
-16.9964,142.8388,341.2,1.1,1.1,2014-11-01,0422,Aqua,MODIS,82,6.2,315.1,21.8,D,0
-17.0374,142.8515,348.1,1.1,1.1,2014-11-01,0422,Aqua,MODIS,90,6.2,315.4,36.5,D,0
-18.9947,142.645,341.8,1.1,1,2014-11-01,0422,Aqua,MODIS,82,6.2,315,24.8,D,0
-19.11,142.4872,337.4,1,1,2014-11-01,0422,Aqua,MODIS,68,6.2,318.3,9.8,D,0
-17.0833,142.4907,337.4,1.1,1,2014-11-01,0422,Aqua,MODIS,75,6.2,314.5,15.2,D,0
-17.1097,142.5054,337.5,1.1,1,2014-11-01,0422,Aqua,MODIS,64,6.2,314.1,15,D,0
-17.1082,142.5156,338.7,1.1,1,2014-11-01,0422,Aqua,MODIS,69,6.2,312.8,15.5,D,0
-18.8624,141.6781,338.3,1,1,2014-11-01,0422,Aqua,MODIS,55,6.2,316.9,11.7,D,0
-18.9724,142.553,339.8,1.1,1,2014-11-01,0422,Aqua,MODIS,74,6.2,318.9,14.8,D,0
-18.9695,142.5729,349.2,1.1,1,2014-11-01,0422,Aqua,MODIS,91,6.2,317.9,33.8,D,0
-18.971,142.563,357.2,1.1,1,2014-11-01,0422,Aqua,MODIS,98,6.2,319.1,53.4,D,0
-17.0833,142.4287,332.5,1.1,1,2014-11-01,0422,Aqua,MODIS,35,6.2,311.5,10.1,D,0
-19.4627,142.7145,337.5,1.1,1,2014-11-01,0422,Aqua,MODIS,75,6.2,316.1,12.9,D,0
-16.9665,142.8445,336.5,1.1,1.1,2014-11-01,0422,Aqua,MODIS,41,6.2,314.4,11.8,D,0
-16.998,142.8284,335.6,1.1,1.1,2014-11-01,0422,Aqua,MODIS,44,6.2,316.8,11.1,D,0
-16.9886,142.8268,339.6,1.1,1.1,2014-11-01,0422,Aqua,MODIS,66,6.2,317.1,17.2,D,0
-16.987,142.8372,351.4,1.1,1.1,2014-11-01,0422,Aqua,MODIS,93,6.2,316.2,44.4,D,0
-19.4811,142.7176,347.4,1.1,1,2014-11-01,0422,Aqua,MODIS,89,6.2,317.9,31.7,D,0
-16.9775,142.8356,344.1,1.1,1.1,2014-11-01,0422,Aqua,MODIS,85,6.2,317.8,27.4,D,0
-17.1005,142.8194,332,1.1,1.1,2014-11-01,0422,Aqua,MODIS,55,6.2,314.1,8.1,D,0
-17.1144,142.8285,349.6,1.1,1.1,2014-11-01,0422,Aqua,MODIS,91,6.2,315.3,39.8,D,0
-16.9759,142.8461,336.6,1.1,1.1,2014-11-01,0422,Aqua,MODIS,46,6.2,315,12.4,D,0
-16.957,142.8429,342.6,1.1,1.1,2014-11-01,0422,Aqua,MODIS,84,6.2,314,23.3,D,0
-16.9475,142.8413,335.4,1.1,1.1,2014-11-01,0422,Aqua,MODIS,60,6.2,315.7,10.3,D,0
-16.8784,142.8767,353,1.1,1.1,2014-11-01,0422,Aqua,MODIS,94,6.2,316.8,45.7,D,0
-19.0553,142.8466,338.3,1.1,1,2014-11-01,0422,Aqua,MODIS,76,6.2,318.3,13.3,D,0
-18.16,132.7668,356.6,2.8,1.6,2014-11-01,0422,Aqua,MODIS,98,6.2,301.3,279.2,D,0
-18.0292,132.8476,345.2,2.8,1.6,2014-11-01,0422,Aqua,MODIS,89,6.2,297.6,171.2,D,0
-18.032,132.8212,342.8,2.8,1.6,2014-11-01,0422,Aqua,MODIS,87,6.2,297.2,153,D,0
-18.1746,132.7685,341.2,2.8,1.6,2014-11-01,0422,Aqua,MODIS,86,6.2,300.8,131.7,D,0
-18.1309,132.7634,325.5,2.8,1.6,2014-11-01,0422,Aqua,MODIS,44,6.2,299.8,30.2,D,0
-18.2079,133.0446,347.5,2.7,1.6,2014-11-01,0422,Aqua,MODIS,88,6.2,296.3,189.6,D,0
-18.1269,132.7854,328.3,2.8,1.6,2014-11-01,0422,Aqua,MODIS,49,6.2,299.4,46.1,D,0
-18.0174,132.8534,332,2.8,1.6,2014-11-01,0422,Aqua,MODIS,71,6.2,297,79.3,D,0
-18.0148,132.8796,327.5,2.8,1.6,2014-11-01,0422,Aqua,MODIS,29,6.2,297.7,56,D,0
-18.1058,132.8679,349.7,2.8,1.6,2014-11-01,0422,Aqua,MODIS,93,6.2,299.3,206.6,D,0
-18.1084,132.8414,370.5,2.8,1.6,2014-11-01,0422,Aqua,MODIS,100,6.2,300.8,455.8,D,0
-18.0345,132.8286,338.9,2.8,1.6,2014-11-01,0422,Aqua,MODIS,82,6.2,297.2,120.4,D,0
-18.0119,132.8723,334.9,2.8,1.6,2014-11-01,0422,Aqua,MODIS,78,6.2,297.7,104.9,D,0
-17.9975,132.8706,327.6,2.8,1.6,2014-11-01,0422,Aqua,MODIS,60,6.2,296.5,63.8,D,0
-18.0318,132.855,357.9,2.8,1.6,2014-11-01,0422,Aqua,MODIS,98,6.2,298.4,296.4,D,0
-18.049,132.8302,336.6,2.8,1.6,2014-11-01,0422,Aqua,MODIS,74,6.2,297.6,99,D,0
-18.1455,132.7652,339,2.8,1.6,2014-11-01,0422,Aqua,MODIS,83,6.2,300.7,115.7,D,0
-18.0349,132.7947,341.9,2.8,1.6,2014-11-01,0422,Aqua,MODIS,86,6.2,298.2,149.8,D,0
-18.0462,132.8567,372,2.8,1.6,2014-11-01,0422,Aqua,MODIS,100,6.2,299.8,479.7,D,0
-18.0634,132.8318,330.1,2.8,1.6,2014-11-01,0422,Aqua,MODIS,66,6.2,296.1,62.7,D,0
-18.1137,132.7884,337.5,2.8,1.6,2014-11-01,0422,Aqua,MODIS,82,6.2,299.8,104,D,0
-18.0992,132.7867,335.4,2.8,1.6,2014-11-01,0422,Aqua,MODIS,79,6.2,299.5,85.3,D,0
-18.0607,132.8583,338.4,2.8,1.6,2014-11-01,0422,Aqua,MODIS,82,6.2,297.7,109.2,D,0
-18.1124,132.7838,339,2.8,1.6,2014-11-01,0422,Aqua,MODIS,83,6.2,300.1,110.7,D,0
-18.0979,132.7821,341.6,2.8,1.6,2014-11-01,0422,Aqua,MODIS,80,6.2,299.6,125.6,D,0
-18.191,133.0685,338.3,2.7,1.6,2014-11-01,0422,Aqua,MODIS,56,6.2,297.3,118.9,D,0
-18.1628,132.7399,328.3,2.9,1.6,2014-11-01,0422,Aqua,MODIS,62,6.2,300,40.9,D,0
-18.1164,132.7617,342.3,2.8,1.6,2014-11-01,0422,Aqua,MODIS,87,6.2,300,139.4,D,0
-18.1019,132.76,351.3,2.8,1.6,2014-11-01,0422,Aqua,MODIS,94,6.2,299.6,220.1,D,0
-18.1444,132.7605,332.5,2.8,1.6,2014-11-01,0422,Aqua,MODIS,74,6.2,300.5,67.9,D,0
-18.1153,132.7571,338.7,2.8,1.6,2014-11-01,0422,Aqua,MODIS,83,6.2,299.9,107.6,D,0
-18.1007,132.7554,343.5,2.8,1.6,2014-11-01,0422,Aqua,MODIS,88,6.2,299.4,143,D,0
-18.0779,132.8335,332.3,2.8,1.6,2014-11-01,0422,Aqua,MODIS,59,6.2,297,66.8,D,0
-18.2391,133.0221,337.5,2.7,1.6,2014-11-01,0422,Aqua,MODIS,82,6.2,295.2,112,D,0
-18.0372,132.802,346.5,2.8,1.6,2014-11-01,0422,Aqua,MODIS,90,6.2,298.4,185.7,D,0
-18.0751,132.8599,327.3,2.8,1.6,2014-11-01,0422,Aqua,MODIS,39,6.2,298,42.1,D,0
-18.0923,132.8351,358.4,2.8,1.6,2014-11-01,0422,Aqua,MODIS,99,6.2,298.6,287.1,D,0
-18.0895,132.8615,362.7,2.8,1.6,2014-11-01,0422,Aqua,MODIS,100,6.2,299.5,342.6,D,0
-18.1096,132.8103,329,2.8,1.6,2014-11-01,0422,Aqua,MODIS,15,6.2,298.8,39.6,D,0
-18.1068,132.8367,366.2,2.8,1.6,2014-11-01,0422,Aqua,MODIS,100,6.2,300.7,391.1,D,0
-18.1871,133.0608,342.4,2.7,1.6,2014-11-01,0422,Aqua,MODIS,86,6.2,294.5,148.6,D,0
-18.0399,132.7754,337.7,2.8,1.6,2014-11-01,0422,Aqua,MODIS,82,6.2,297.9,116.7,D,0
-18.2013,133.0624,340.3,2.7,1.6,2014-11-01,0422,Aqua,MODIS,64,6.2,298.4,132.9,D,0
-18.0523,132.7696,335.8,2.8,1.6,2014-11-01,0422,Aqua,MODIS,77,6.2,297.9,100.7,D,0
-18.0806,132.807,333.4,2.8,1.6,2014-11-01,0422,Aqua,MODIS,56,6.2,297.7,72.8,D,0
-18.1282,132.7901,326.7,2.8,1.6,2014-11-01,0422,Aqua,MODIS,36,6.2,299.1,39.4,D,0
-18.0004,132.878,325.4,2.8,1.6,2014-11-01,0422,Aqua,MODIS,38,6.2,296.7,49.6,D,0
-18.0544,132.777,342.2,2.8,1.6,2014-11-01,0422,Aqua,MODIS,87,6.2,298.1,150.5,D,0
-18.0689,132.7787,331.3,2.8,1.6,2014-11-01,0422,Aqua,MODIS,63,6.2,298.2,68.4,D,0
-18.2221,133.0462,349.6,2.7,1.6,2014-11-01,0422,Aqua,MODIS,93,6.2,298.4,204.3,D,0
-18.2248,133.0205,336.6,2.7,1.6,2014-11-01,0422,Aqua,MODIS,78,6.2,294.5,101.7,D,0
-18.1111,132.8149,328.2,2.8,1.6,2014-11-01,0422,Aqua,MODIS,45,6.2,298.7,47.2,D,0
-18.1936,133.0429,373.6,2.7,1.6,2014-11-01,0422,Aqua,MODIS,100,6.2,295.3,495.7,D,0
-18.0914,132.8662,354,2.8,1.6,2014-11-01,0422,Aqua,MODIS,96,6.2,299.3,247.3,D,0
-18.094,132.8398,369.6,2.8,1.6,2014-11-01,0422,Aqua,MODIS,100,6.2,299.3,440.9,D,0
-18.003,132.8517,327.4,2.8,1.6,2014-11-01,0422,Aqua,MODIS,59,6.2,296.7,59.8,D,0
-18.0407,132.8755,338.3,2.8,1.6,2014-11-01,0422,Aqua,MODIS,82,6.2,297.9,116.5,D,0
-18.0436,132.8492,361.5,2.8,1.6,2014-11-01,0422,Aqua,MODIS,100,6.2,299.8,331.7,D,0
-18.0465,132.8228,332.6,2.8,1.6,2014-11-01,0422,Aqua,MODIS,64,6.2,297.5,79.7,D,0
-18.1039,132.8632,363.7,2.8,1.6,2014-11-01,0422,Aqua,MODIS,100,6.2,299.9,360.9,D,0
-18.0263,132.8739,334,2.8,1.6,2014-11-01,0422,Aqua,MODIS,68,6.2,297.8,90.5,D,0
-18.0378,132.768,329.5,2.8,1.6,2014-11-01,0422,Aqua,MODIS,67,6.2,297.5,68.6,D,0
-18.2041,133.0369,340.1,2.7,1.6,2014-11-01,0422,Aqua,MODIS,80,6.2,294.4,129.5,D,0
-18.3242,145.231,333.6,1.5,1.2,2014-11-01,0422,Aqua,MODIS,28,6.2,314.9,17.7,D,0
-18.3126,143.7295,338.6,1.2,1.1,2014-11-01,0422,Aqua,MODIS,65,6.2,314,20.1,D,0
-17.9587,144.5928,342.5,1.3,1.2,2014-11-01,0422,Aqua,MODIS,85,6.2,318.9,31.6,D,0
-17.9525,144.5657,341.9,1.3,1.1,2014-11-01,0422,Aqua,MODIS,84,6.2,316.1,32.2,D,0
-18.2082,145.2457,334.4,1.5,1.2,2014-11-01,0422,Aqua,MODIS,67,6.2,310.9,32.6,D,0
-18.3056,143.7742,344.1,1.2,1.1,2014-11-01,0422,Aqua,MODIS,85,6.2,312.5,36.9,D,0
-17.9484,144.5908,339.4,1.3,1.2,2014-11-01,0422,Aqua,MODIS,75,6.2,318.2,21.4,D,0
-17.9607,144.5802,352.5,1.3,1.1,2014-11-01,0422,Aqua,MODIS,94,6.2,317.9,64,D,0
-18.3109,143.7406,340.7,1.2,1.1,2014-11-01,0422,Aqua,MODIS,81,6.2,314.3,25.5,D,0
-17.9505,144.5781,337.9,1.3,1.1,2014-11-01,0422,Aqua,MODIS,76,6.2,316.5,19.2,D,0
-18.2189,145.248,334.3,1.5,1.2,2014-11-01,0422,Aqua,MODIS,47,6.2,311.4,29.6,D,0
-19.9239,143.9673,364.1,1.2,1.1,2014-11-01,0422,Aqua,MODIS,75,6.2,303.3,104.5,D,0
-18.3144,143.7183,336.3,1.2,1.1,2014-11-01,0422,Aqua,MODIS,49,6.2,313.7,15.4,D,0
-18.2976,143.7612,336.1,1.2,1.1,2014-11-01,0422,Aqua,MODIS,42,6.2,313,17.2,D,0
-18.3189,143.7534,332.7,1.2,1.1,2014-11-01,0422,Aqua,MODIS,61,6.2,313.1,12.3,D,0
-18.3091,143.7518,333.6,1.2,1.1,2014-11-01,0422,Aqua,MODIS,46,6.2,312.5,12.4,D,0
-18.339,143.6885,339.1,1.2,1.1,2014-11-01,0422,Aqua,MODIS,78,6.2,316.2,22,D,0
-18.3688,143.6994,335.8,1.2,1.1,2014-11-01,0422,Aqua,MODIS,71,6.2,314.1,15.3,D,0
-18.244,145.2962,335.2,1.5,1.2,2014-11-01,0422,Aqua,MODIS,72,6.2,313.6,22,D,0
-18.3265,145.2173,341.3,1.5,1.2,2014-11-01,0422,Aqua,MODIS,63,6.2,314,37.6,D,0
-16.4964,142.7124,339.9,1.1,1.1,2014-11-01,0423,Aqua,MODIS,76,6.2,317.2,16.6,D,0
-15.1661,142.7659,332,1.2,1.1,2014-11-01,0423,Aqua,MODIS,35,6.2,310.7,9.9,D,0
-15.1338,142.7826,338.1,1.2,1.1,2014-11-01,0423,Aqua,MODIS,76,6.2,312.3,20.9,D,0
-15.1355,142.7718,333.4,1.2,1.1,2014-11-01,0423,Aqua,MODIS,41,6.2,312.8,11.6,D,0
-15.543,142.2652,361.2,1.1,1,2014-11-01,0423,Aqua,MODIS,100,6.2,316.2,68.4,D,0
-15.3395,142.6433,331.1,1.1,1.1,2014-11-01,0423,Aqua,MODIS,44,6.2,302.5,12,D,0
-15.0953,142.7761,336.4,1.2,1.1,2014-11-01,0423,Aqua,MODIS,72,6.2,314.2,14.4,D,0
-15.1677,142.7551,332.4,1.2,1.1,2014-11-01,0423,Aqua,MODIS,37,6.2,310.8,10.1,D,0
-16.5357,142.7726,343,1.1,1.1,2014-11-01,0423,Aqua,MODIS,84,6.2,317.9,23.6,D,0
-15.4878,142.208,338.5,1.1,1,2014-11-01,0423,Aqua,MODIS,65,6.2,314.3,14.3,D,0
-15.5508,142.2769,347,1.1,1,2014-11-01,0423,Aqua,MODIS,89,6.2,316.6,31,D,0
-16.5373,142.7621,344.6,1.1,1.1,2014-11-01,0423,Aqua,MODIS,86,6.2,316.8,27.4,D,0
-15.3475,142.6555,333.3,1.1,1.1,2014-11-01,0423,Aqua,MODIS,45,6.2,303.6,17,D,0
-15.3507,142.6343,371.9,1.1,1.1,2014-11-01,0423,Aqua,MODIS,100,6.2,306,126.9,D,0
-15.2337,142.7278,335.6,1.2,1.1,2014-11-01,0423,Aqua,MODIS,56,6.2,311.3,15,D,0
-15.232,142.7384,333.8,1.2,1.1,2014-11-01,0423,Aqua,MODIS,39,6.2,309.5,13.7,D,0
-16.5074,142.7036,353.5,1.1,1.1,2014-11-01,0423,Aqua,MODIS,95,6.2,316.4,48.4,D,0
-15.3411,142.6327,331.5,1.1,1.1,2014-11-01,0423,Aqua,MODIS,43,6.2,301.1,13.7,D,0
-15.2173,144.9962,326.9,1.6,1.2,2014-11-01,0423,Aqua,MODIS,23,6.2,307,19.4,D,0
-15.4535,142.1817,350.9,1.1,1,2014-11-01,0423,Aqua,MODIS,87,6.2,312,44.5,D,0
-16.4411,142.7296,337.3,1.1,1.1,2014-11-01,0423,Aqua,MODIS,39,6.2,317.3,10.5,D,0
-15.2433,142.7294,338.4,1.2,1.1,2014-11-01,0423,Aqua,MODIS,70,6.2,309.6,22.1,D,0
-16.4758,142.7197,339.3,1.1,1.1,2014-11-01,0423,Aqua,MODIS,41,6.2,318,12.4,D,0
-16.5058,142.714,343,1.1,1.1,2014-11-01,0423,Aqua,MODIS,80,6.2,316.9,22.2,D,0
-16.509,142.6933,341.9,1.1,1.1,2014-11-01,0423,Aqua,MODIS,82,6.2,313.9,22.3,D,0
-15.5445,142.2551,350.2,1.1,1,2014-11-01,0423,Aqua,MODIS,92,6.2,316.2,36.4,D,0
-15.3458,142.666,330.3,1.1,1.1,2014-11-01,0423,Aqua,MODIS,27,6.2,299,12.7,D,0
-15.6594,142.2902,338.7,1.1,1,2014-11-01,0423,Aqua,MODIS,66,6.2,316.7,18.8,D,0
-15.6625,142.2699,335.8,1.1,1,2014-11-01,0423,Aqua,MODIS,40,6.2,315.8,12,D,0
-15.2149,145.0109,328.2,1.6,1.2,2014-11-01,0423,Aqua,MODIS,58,6.2,305.7,24.5,D,0
-15.4519,142.1918,335.1,1.1,1,2014-11-01,0423,Aqua,MODIS,50,6.2,314.6,12.1,D,0
-15.5034,142.2313,339.3,1.1,1,2014-11-01,0423,Aqua,MODIS,51,6.2,314,15.7,D,0
-15.6609,142.28,360.4,1.1,1,2014-11-01,0423,Aqua,MODIS,100,6.2,319,71.5,D,0
-15.3439,143.1398,334.6,1.2,1.1,2014-11-01,0423,Aqua,MODIS,72,6.2,314.9,11.3,D,0
-15.3491,142.6449,360.9,1.1,1.1,2014-11-01,0423,Aqua,MODIS,100,6.2,307.1,85,D,0
-14.0529,136.5645,330.7,1.3,1.1,2014-11-01,0423,Aqua,MODIS,51,6.2,311.1,19.1,D,0
-14.6775,130.8117,331.1,3.6,1.8,2014-11-01,0423,Aqua,MODIS,52,6.2,299.7,101.2,D,0
-14.1128,135.3636,356,1.6,1.2,2014-11-01,0423,Aqua,MODIS,97,6.2,310.8,111.9,D,0
-14.1146,135.3489,339.8,1.6,1.2,2014-11-01,0423,Aqua,MODIS,72,6.2,307.4,50.1,D,0
-14.1017,135.3621,351,1.6,1.2,2014-11-01,0423,Aqua,MODIS,93,6.2,312.5,84.9,D,0
-14.1035,135.3475,373.3,1.6,1.2,2014-11-01,0423,Aqua,MODIS,100,6.2,312.6,213.2,D,0
-14.1053,135.3327,343,1.6,1.2,2014-11-01,0423,Aqua,MODIS,80,6.2,309.7,60.8,D,0
-14.0996,135.3699,336.3,1.6,1.2,2014-11-01,0423,Aqua,MODIS,24,6.2,311.7,27,D,0
-14.1015,135.3553,353.9,1.6,1.2,2014-11-01,0423,Aqua,MODIS,95,6.2,312.2,93.1,D,0
-14.0718,136.5793,327.6,1.3,1.1,2014-11-01,0423,Aqua,MODIS,13,6.2,308.3,13.7,D,0
-14.1034,135.3406,358.5,1.6,1.2,2014-11-01,0423,Aqua,MODIS,99,6.2,312.7,119.5,D,0
-14.0494,135.4077,343,1.6,1.2,2014-11-01,0423,Aqua,MODIS,85,6.2,314.8,50.3,D,0
-14.0616,136.578,340.5,1.3,1.1,2014-11-01,0423,Aqua,MODIS,84,6.2,310.8,40.9,D,0
-13.9964,136.5386,336.5,1.3,1.1,2014-11-01,0423,Aqua,MODIS,66,6.2,309.8,28.2,D,0
-14.0067,136.5398,328.4,1.3,1.1,2014-11-01,0423,Aqua,MODIS,41,6.2,308.9,13.8,D,0
-14.6489,130.7749,337.6,3.6,1.8,2014-11-01,0423,Aqua,MODIS,78,6.2,298.5,179.1,D,0
-14.1977,136.6398,331.7,1.3,1.1,2014-11-01,0423,Aqua,MODIS,63,6.2,307.5,20.8,D,0
-14.2079,136.6413,329.8,1.3,1.1,2014-11-01,0423,Aqua,MODIS,23,6.2,307.6,17,D,0
-14.2048,136.6464,333.8,1.3,1.1,2014-11-01,0423,Aqua,MODIS,66,6.2,306.8,26.1,D,0
-14.674,130.8448,330.3,3.6,1.8,2014-11-01,0423,Aqua,MODIS,35,6.2,306.2,94.2,D,0
-14.6855,130.8169,332.2,3.6,1.8,2014-11-01,0423,Aqua,MODIS,60,6.2,300.3,117.7,D,0
-14.703,131.1136,330.6,3.4,1.7,2014-11-01,0423,Aqua,MODIS,33,6.2,308.5,81.8,D,0
-14.709,131.1095,331.5,3.4,1.7,2014-11-01,0423,Aqua,MODIS,39,6.2,309,83.7,D,0
-14.6454,130.8083,340.9,3.6,1.8,2014-11-01,0423,Aqua,MODIS,83,6.2,304.4,205.1,D,0
-14.0623,135.3053,344.7,1.6,1.2,2014-11-01,0423,Aqua,MODIS,87,6.2,312.3,61.3,D,0
-14.0605,135.3201,340.1,1.6,1.2,2014-11-01,0423,Aqua,MODIS,79,6.2,313.8,41.9,D,0
-14.0586,135.3347,335.9,1.6,1.2,2014-11-01,0423,Aqua,MODIS,62,6.2,314.1,24.6,D,0
-14.0568,135.3494,337.5,1.6,1.2,2014-11-01,0423,Aqua,MODIS,77,6.2,315.3,27.4,D,0
-14.0735,135.3961,336.3,1.6,1.2,2014-11-01,0423,Aqua,MODIS,29,6.2,314,27.8,D,0
-14.6528,130.8016,340.7,3.6,1.8,2014-11-01,0423,Aqua,MODIS,83,6.2,299.7,201.1,D,0
-14.0717,135.4106,336,1.6,1.2,2014-11-01,0423,Aqua,MODIS,56,6.2,312.8,30.5,D,0
-14.6776,131.106,331.3,3.4,1.7,2014-11-01,0423,Aqua,MODIS,48,6.2,305.2,72.4,D,0
-14.6619,131.1043,330.6,3.4,1.7,2014-11-01,0423,Aqua,MODIS,39,6.2,308.5,64.6,D,0
-14.5713,131.2443,337,3.3,1.7,2014-11-01,0423,Aqua,MODIS,78,6.2,311.2,94,D,0
-14.0544,136.5524,333.9,1.3,1.1,2014-11-01,0423,Aqua,MODIS,74,6.2,310.4,25.5,D,0
-14.0272,136.5427,330.9,1.3,1.1,2014-11-01,0423,Aqua,MODIS,61,6.2,308.2,20.2,D,0
-14.0288,136.5305,331.3,1.3,1.1,2014-11-01,0423,Aqua,MODIS,64,6.2,308.8,20.6,D,0
-13.9689,136.5098,329.4,1.3,1.1,2014-11-01,0423,Aqua,MODIS,26,6.2,308.2,15.6,D,0
-14.7856,130.7926,335.1,3.6,1.8,2014-11-01,0423,Aqua,MODIS,70,6.2,303.2,142.4,D,0
-14.017,136.5412,333.5,1.3,1.1,2014-11-01,0423,Aqua,MODIS,70,6.2,309.9,24.2,D,0
-14.0185,136.5292,330.9,1.3,1.1,2014-11-01,0423,Aqua,MODIS,56,6.2,309.8,18.5,D,0
-14.5673,131.2511,341.6,3.3,1.7,2014-11-01,0423,Aqua,MODIS,84,6.2,311.2,137.7,D,0
-15.1558,145.1651,338.7,1.6,1.3,2014-11-01,0423,Aqua,MODIS,82,6.2,303,58.3,D,0
-13.7428,141.8213,327.2,1.1,1,2014-11-01,0423,Aqua,MODIS,30,6.2,300.1,10.4,D,0
-13.8493,141.6012,328.4,1.1,1,2014-11-01,0423,Aqua,MODIS,35,6.2,301.8,17.1,D,0
-13.8537,141.5717,348.2,1.1,1,2014-11-01,0423,Aqua,MODIS,92,6.2,304.8,49.4,D,0
-13.7777,141.8234,323.9,1.1,1,2014-11-01,0423,Aqua,MODIS,46,6.2,299,9.5,D,0
-13.7454,141.7398,327.5,1.1,1,2014-11-01,0423,Aqua,MODIS,61,6.2,297.6,13.8,D,0
-13.7335,141.8198,355.8,1.1,1,2014-11-01,0423,Aqua,MODIS,97,6.2,303.4,67.8,D,0
-13.7425,141.7598,340.1,1.1,1,2014-11-01,0423,Aqua,MODIS,86,6.2,300,33.4,D,0
-13.7365,141.7998,323.5,1.1,1,2014-11-01,0423,Aqua,MODIS,29,6.2,299.9,7.7,D,0
-14.9145,144.3979,335.6,1.5,1.2,2014-11-01,0423,Aqua,MODIS,35,6.2,310,34.4,D,0
-13.7836,141.7221,360.2,1.1,1,2014-11-01,0423,Aqua,MODIS,100,6.2,290.4,82.7,D,0
-13.7944,141.7137,324.5,1.1,1,2014-11-01,0423,Aqua,MODIS,47,6.2,292.9,13.1,D,0
-13.7851,141.7122,353.5,1.1,1,2014-11-01,0423,Aqua,MODIS,96,6.2,295.1,63.8,D,0
-13.7743,141.7206,366.1,1.1,1,2014-11-01,0423,Aqua,MODIS,100,6.2,290.6,101,D,0
-13.7728,141.7306,327,1.1,1,2014-11-01,0423,Aqua,MODIS,39,6.2,290.9,13.5,D,0
-17.1234,138.8247,376.8,1.1,1,2014-11-01,0423,Aqua,MODIS,100,6.2,310.9,133.6,D,0
-17.1248,138.8145,358.8,1.1,1,2014-11-01,0423,Aqua,MODIS,99,6.2,314.1,67.7,D,0
-17.1141,138.8233,357.9,1.1,1,2014-11-01,0423,Aqua,MODIS,98,6.2,311.5,66.8,D,0
-17.1154,138.8131,343.6,1.1,1,2014-11-01,0423,Aqua,MODIS,85,6.2,312.8,30.8,D,0
-13.8109,141.9215,333.4,1.1,1,2014-11-01,0423,Aqua,MODIS,79,6.2,302.1,21.1,D,0
-14.632,141.6513,338,1.1,1,2014-11-01,0423,Aqua,MODIS,78,6.2,309,20,D,0
-14.6335,141.6415,332.8,1.1,1,2014-11-01,0423,Aqua,MODIS,53,6.2,309.2,10.1,D,0
-15.8961,133.9285,340.1,2.2,1.4,2014-11-01,0423,Aqua,MODIS,83,6.2,313.8,55.7,D,0
-15.8956,133.9353,342.6,2.2,1.4,2014-11-01,0423,Aqua,MODIS,86,6.2,314,69,D,0
-13.7967,141.5726,327.7,1.1,1,2014-11-01,0423,Aqua,MODIS,36,6.2,307.9,7.7,D,0
-13.7685,141.713,325.4,1.1,1,2014-11-01,0423,Aqua,MODIS,44,6.2,292.8,12.3,D,0
-14.5166,141.7474,352.2,1.1,1,2014-11-01,0423,Aqua,MODIS,94,6.2,310.4,48.5,D,0
-15.7105,142.2054,354.2,1.1,1,2014-11-01,0423,Aqua,MODIS,96,6.2,315.8,55.8,D,0
-15.8832,133.927,336,2.2,1.4,2014-11-01,0423,Aqua,MODIS,58,6.2,313.5,34.9,D,0
-13.8601,141.5928,328.4,1.1,1,2014-11-01,0423,Aqua,MODIS,46,6.2,303.2,15.8,D,0
-15.6406,142.2249,337.2,1.1,1,2014-11-01,0423,Aqua,MODIS,37,6.2,315.7,10.4,D,0
-15.1778,134.5022,337.3,1.9,1.3,2014-11-01,0423,Aqua,MODIS,51,6.2,315.3,34.3,D,0
-14.5151,141.7572,347.6,1.1,1,2014-11-01,0423,Aqua,MODIS,90,6.2,311.2,36.6,D,0
-13.7577,141.7214,330.7,1.1,1,2014-11-01,0423,Aqua,MODIS,73,6.2,290.4,18.7,D,0
-13.7499,141.71,329.8,1.1,1,2014-11-01,0423,Aqua,MODIS,73,6.2,295.2,16.7,D,0
-15.7121,142.1953,339.3,1.1,1,2014-11-01,0423,Aqua,MODIS,66,6.2,312.2,24.1,D,0
-13.7985,141.9402,335.2,1.1,1,2014-11-01,0423,Aqua,MODIS,78,6.2,306,18.5,D,0
-13.7969,141.9504,334.5,1.1,1,2014-11-01,0423,Aqua,MODIS,80,6.2,308.1,16.5,D,0
-13.8094,141.9316,328.8,1.1,1,2014-11-01,0423,Aqua,MODIS,45,6.2,303.5,12,D,0
-13.8123,141.5952,355.6,1.1,1,2014-11-01,0423,Aqua,MODIS,97,6.2,305.8,62.8,D,0
-13.8138,141.5854,359.8,1.1,1,2014-11-01,0423,Aqua,MODIS,99,6.2,308.4,72.9,D,0
-13.8108,141.605,337,1.1,1,2014-11-01,0423,Aqua,MODIS,56,6.2,304.2,25.5,D,0
-13.8245,141.5771,324.6,1.1,1,2014-11-01,0423,Aqua,MODIS,42,6.2,304.7,7.7,D,0
-13.823,141.5869,331.5,1.1,1,2014-11-01,0423,Aqua,MODIS,39,6.2,305.6,14.7,D,0
-13.8045,141.5839,343.5,1.1,1,2014-11-01,0423,Aqua,MODIS,88,6.2,309.4,32,D,0
-13.8216,141.5967,341.2,1.1,1,2014-11-01,0423,Aqua,MODIS,71,6.2,305.8,33.5,D,0
-13.8586,141.6026,338.4,1.1,1,2014-11-01,0423,Aqua,MODIS,0,6.2,301.4,32.8,D,0
-15.6795,142.2209,379.6,1.1,1,2014-11-01,0423,Aqua,MODIS,100,6.2,315.5,138.9,D,0
-15.4201,133.7793,337.1,2.2,1.4,2014-11-01,0423,Aqua,MODIS,46,6.2,316,37.6,D,0
-16.2379,135.9078,335.5,1.6,1.2,2014-11-01,0423,Aqua,MODIS,74,6.2,313,17.3,D,0
-15.6919,142.2023,342.3,1.1,1,2014-11-01,0423,Aqua,MODIS,52,6.2,311.3,26.4,D,0
-14.5273,141.739,334.8,1.1,1,2014-11-01,0423,Aqua,MODIS,60,6.2,309.8,15,D,0
-14.5259,141.7489,333.8,1.1,1,2014-11-01,0423,Aqua,MODIS,69,6.2,310.8,11.3,D,0
-15.6888,142.2225,372.6,1.1,1,2014-11-01,0423,Aqua,MODIS,100,6.2,320.2,110.4,D,0
-15.6997,142.2139,345.9,1.1,1,2014-11-01,0423,Aqua,MODIS,89,6.2,317.1,34.7,D,0
-15.7012,142.2039,347,1.1,1,2014-11-01,0423,Aqua,MODIS,90,6.2,313.4,38.2,D,0
-15.6685,142.1676,351,1.1,1,2014-11-01,0423,Aqua,MODIS,82,6.2,310.6,46.8,D,0
-15.6904,142.2124,352.8,1.1,1,2014-11-01,0423,Aqua,MODIS,95,6.2,315.9,47.2,D,0
-14.4374,141.6578,336.6,1.1,1,2014-11-01,0423,Aqua,MODIS,57,6.2,310.6,18.9,D,0
-13.7484,141.7199,362.3,1.1,1,2014-11-01,0423,Aqua,MODIS,100,6.2,292.9,89.1,D,0
-13.8508,141.5913,335.9,1.1,1,2014-11-01,0423,Aqua,MODIS,77,6.2,304.8,26.4,D,0
-14.4588,141.6412,331.2,1.1,1,2014-11-01,0423,Aqua,MODIS,48,6.2,309.4,14.3,D,0
-13.8523,141.5815,340,1.1,1,2014-11-01,0423,Aqua,MODIS,85,6.2,305.2,32,D,0
-14.4359,141.6676,336.9,1.1,1,2014-11-01,0423,Aqua,MODIS,74,6.2,310.4,19.8,D,0
-16.9264,130.8479,330.4,3.8,1.8,2014-11-01,0423,Aqua,MODIS,72,6.2,303.5,72.5,D,0
-13.7047,142.0753,337,1.1,1.1,2014-11-01,0423,Aqua,MODIS,83,6.2,305.9,24.5,D,0
-14.9319,144.3594,332.6,1.5,1.2,2014-11-01,0423,Aqua,MODIS,58,6.2,305.4,24.7,D,0
-14.4107,141.6677,335.8,1.1,1,2014-11-01,0423,Aqua,MODIS,60,6.2,311.9,19.5,D,0
-14.4,141.676,336.4,1.1,1,2014-11-01,0423,Aqua,MODIS,75,6.2,311.2,17.9,D,0
-15.3171,134.3064,345.1,2,1.4,2014-11-01,0423,Aqua,MODIS,88,6.2,314.9,76.4,D,0
-15.3098,134.2938,334.5,2,1.4,2014-11-01,0423,Aqua,MODIS,42,6.2,315.9,26.6,D,0
-15.3273,134.326,334.8,2,1.4,2014-11-01,0423,Aqua,MODIS,52,6.2,312.5,33.3,D,0
-15.3077,134.3122,340.8,2,1.4,2014-11-01,0423,Aqua,MODIS,79,6.2,312.4,54.9,D,0
-14.4015,141.6662,334.7,1.1,1,2014-11-01,0423,Aqua,MODIS,65,6.2,312.3,16.1,D,0
-14.3602,132.4685,353.8,2.7,1.6,2014-11-01,0423,Aqua,MODIS,90,6.2,308.3,217.6,D,0
-13.8322,142.0033,350.1,1.1,1.1,2014-11-01,0423,Aqua,MODIS,94,6.2,306,52.9,D,0
-14.6293,144.6573,327.7,1.5,1.2,2014-11-01,0423,Aqua,MODIS,45,6.2,305.8,19,D,0
-15.4178,133.7993,336.1,2.2,1.4,2014-11-01,0423,Aqua,MODIS,34,6.2,314.5,34.9,D,0
-14.5181,141.7376,337.1,1.1,1,2014-11-01,0423,Aqua,MODIS,67,6.2,308.4,19.5,D,0
-16.5263,142.7068,338.8,1.1,1.1,2014-11-01,0423,Aqua,MODIS,77,6.2,315,16.8,D,0
-16.5153,142.7156,369.5,1.1,1.1,2014-11-01,0423,Aqua,MODIS,100,6.2,317.6,101.3,D,0
-16.5169,142.7052,360.8,1.1,1.1,2014-11-01,0423,Aqua,MODIS,100,6.2,317.9,71.3,D,0
-15.5923,133.9743,335.6,2.1,1.4,2014-11-01,0423,Aqua,MODIS,54,6.2,315.4,35.7,D,0
-14.3738,141.6618,333.4,1.1,1,2014-11-01,0423,Aqua,MODIS,57,6.2,308.5,16.2,D,0
-15.6734,142.2613,342.8,1.1,1,2014-11-01,0423,Aqua,MODIS,81,6.2,313.3,25.5,D,0
-14.531,141.8409,340.9,1.1,1,2014-11-01,0423,Aqua,MODIS,67,6.2,315.4,20.9,D,0
-14.163,141.8384,327.5,1.1,1,2014-11-01,0423,Aqua,MODIS,41,6.2,306.9,6.4,D,0
-15.0848,135.1657,343.4,1.7,1.3,2014-11-01,0423,Aqua,MODIS,85,6.2,309.2,63.1,D,0
-15.0618,135.1627,339.7,1.7,1.3,2014-11-01,0423,Aqua,MODIS,60,6.2,311.4,42.7,D,0
-14.1096,141.895,329,1.1,1,2014-11-01,0423,Aqua,MODIS,52,6.2,308.1,10.8,D,0
-14.5574,141.8553,343.9,1.1,1,2014-11-01,0423,Aqua,MODIS,84,6.2,312.9,27.4,D,0
-14.5559,141.8652,369.2,1.1,1,2014-11-01,0423,Aqua,MODIS,100,6.2,314.6,99.9,D,0
-14.5652,141.8668,334.5,1.1,1,2014-11-01,0423,Aqua,MODIS,62,6.2,315.7,12.6,D,0
-14.5792,141.8749,338.9,1.1,1,2014-11-01,0423,Aqua,MODIS,78,6.2,313.9,20.2,D,0
-14.6306,141.6611,336.5,1.1,1,2014-11-01,0423,Aqua,MODIS,76,6.2,308.5,18.5,D,0
-15.0752,135.1485,405.3,1.7,1.3,2014-11-01,0423,Aqua,MODIS,100,6.2,316.7,572,D,0
-13.8683,142.0196,338.1,1.1,1.1,2014-11-01,0423,Aqua,MODIS,83,6.2,309.5,25.5,D,0
-13.8308,141.5982,342.5,1.1,1,2014-11-01,0423,Aqua,MODIS,72,6.2,304.9,37.8,D,0
-13.8401,141.5997,367.5,1.1,1,2014-11-01,0423,Aqua,MODIS,94,6.2,303.8,104.7,D,0
-13.8416,141.5898,365.2,1.1,1,2014-11-01,0423,Aqua,MODIS,100,6.2,307.6,94.2,D,0
-16.4317,142.728,339.4,1.1,1.1,2014-11-01,0423,Aqua,MODIS,65,6.2,318.8,14.1,D,0
-15.6529,142.1445,351.1,1.1,1,2014-11-01,0423,Aqua,MODIS,93,6.2,309.2,52,D,0
-13.8338,141.5785,333.4,1.1,1,2014-11-01,0423,Aqua,MODIS,77,6.2,305,19.5,D,0
-13.8323,141.5883,355.7,1.1,1,2014-11-01,0423,Aqua,MODIS,97,6.2,306.6,65.3,D,0
-15.0733,135.1642,368.5,1.7,1.3,2014-11-01,0423,Aqua,MODIS,100,6.2,312.1,195.5,D,0
-15.0868,135.15,401.9,1.7,1.3,2014-11-01,0423,Aqua,MODIS,100,6.2,313.8,528.3,D,0
-13.767,141.7229,338.9,1.1,1,2014-11-01,0423,Aqua,MODIS,85,6.2,291,32.6,D,0
-15.0637,135.147,334.7,1.7,1.3,2014-11-01,0423,Aqua,MODIS,28,6.2,312.8,20.3,D,0
-15.6858,142.2426,343.4,1.1,1,2014-11-01,0423,Aqua,MODIS,86,6.2,317.3,26.1,D,0
-15.1534,145.1799,342.8,1.6,1.3,2014-11-01,0423,Aqua,MODIS,87,6.2,302.1,74.8,D,0
-15.1533,145.1704,345.4,1.6,1.3,2014-11-01,0423,Aqua,MODIS,89,6.2,302.1,82.5,D,0
-15.6718,142.2714,342.5,1.1,1,2014-11-01,0423,Aqua,MODIS,82,6.2,315.5,26,D,0
-14.5136,141.7671,344.4,1.1,1,2014-11-01,0423,Aqua,MODIS,87,6.2,310,29.3,D,0
-14.5325,141.8309,340.9,1.1,1,2014-11-01,0423,Aqua,MODIS,66,6.2,315.3,19,D,0
-15.3325,134.3148,337.6,2,1.4,2014-11-01,0423,Aqua,MODIS,57,6.2,314.2,41.7,D,0
-14.4889,141.7566,339.2,1.1,1,2014-11-01,0423,Aqua,MODIS,77,6.2,312.3,18.7,D,0
-14.4874,141.7665,337.3,1.1,1,2014-11-01,0423,Aqua,MODIS,75,6.2,313,14.8,D,0
-14.5088,141.7361,335.2,1.1,1,2014-11-01,0423,Aqua,MODIS,57,6.2,310.9,17.4,D,0
-14.5073,141.7459,370.7,1.1,1,2014-11-01,0423,Aqua,MODIS,100,6.2,313.1,106.3,D,0
-15.605,133.976,334.6,2.1,1.4,2014-11-01,0423,Aqua,MODIS,73,6.2,314.8,35.8,D,0
-15.6172,133.9826,331.9,2.1,1.4,2014-11-01,0423,Aqua,MODIS,37,6.2,312.2,22.8,D,0
-14.3,133.3553,336.9,2.3,1.5,2014-11-01,0423,Aqua,MODIS,77,6.2,313.4,53.8,D,0
-14.2975,133.3761,340.4,2.3,1.5,2014-11-01,0423,Aqua,MODIS,82,6.2,316.3,73,D,0
-14.2844,133.3745,337.6,2.3,1.5,2014-11-01,0423,Aqua,MODIS,79,6.2,315.5,59.6,D,0
-15.6873,142.2325,341.2,1.1,1,2014-11-01,0423,Aqua,MODIS,75,6.2,316.3,20.1,D,0
-15.5946,133.9547,337.2,2.1,1.4,2014-11-01,0423,Aqua,MODIS,42,6.2,316.3,39.7,D,0
-12.9584,133.1649,330.7,2.2,1.4,2014-11-01,0424,Aqua,MODIS,41,6.2,312.2,36,D,0
-12.7273,142.3854,333.1,1.2,1.1,2014-11-01,0424,Aqua,MODIS,49,6.2,314.8,15.4,D,0
-12.7256,142.3963,336.3,1.2,1.1,2014-11-01,0424,Aqua,MODIS,66,6.2,313,22.1,D,0
-12.7175,142.3838,338.7,1.2,1.1,2014-11-01,0424,Aqua,MODIS,64,6.2,314.3,23.5,D,0
-12.7159,142.3947,353.2,1.2,1.1,2014-11-01,0424,Aqua,MODIS,96,6.2,313.1,61.1,D,0
-12.7061,142.3932,341.2,1.2,1.1,2014-11-01,0424,Aqua,MODIS,74,6.2,311.4,30.4,D,0
-12.265,133.956,351.1,1.9,1.3,2014-11-01,0424,Aqua,MODIS,94,6.2,312.3,115.2,D,0
-12.9608,133.1443,336.1,2.2,1.5,2014-11-01,0424,Aqua,MODIS,74,6.2,311.3,59.9,D,0
-11.065,142.4862,321.3,1.3,1.1,2014-11-01,0424,Aqua,MODIS,23,6.2,298,11.4,D,0
-12.8222,134.2731,333.7,1.8,1.3,2014-11-01,0424,Aqua,MODIS,47,6.2,313.1,33.3,D,0
-12.8439,134.2935,336.4,1.8,1.3,2014-11-01,0424,Aqua,MODIS,77,6.2,315.3,45.6,D,0
-13.4046,133.8863,331.9,2,1.4,2014-11-01,0424,Aqua,MODIS,16,6.2,315.7,23,D,0
-12.194,133.8871,352.2,1.9,1.4,2014-11-01,0424,Aqua,MODIS,95,6.2,314.8,118.2,D,0
-12.263,133.9731,345.6,1.9,1.3,2014-11-01,0424,Aqua,MODIS,90,6.2,313.9,82.2,D,0
-12.7194,142.3066,328.4,1.2,1.1,2014-11-01,0424,Aqua,MODIS,52,6.2,309.9,9.6,D,0
-12.8083,134.2883,334.5,1.8,1.3,2014-11-01,0424,Aqua,MODIS,74,6.2,313.7,34,D,0
-12.8104,134.2713,331.3,1.8,1.3,2014-11-01,0424,Aqua,MODIS,60,6.2,311.5,23.8,D,0
-12.3257,135.6379,330,1.4,1.2,2014-11-01,0424,Aqua,MODIS,36,6.2,315.1,15.3,D,0
-12.3293,135.6436,334.3,1.4,1.2,2014-11-01,0424,Aqua,MODIS,75,6.2,315.4,26.4,D,0
-12.7307,142.2974,338.7,1.2,1.1,2014-11-01,0424,Aqua,MODIS,84,6.2,310.4,26.4,D,0
-12.8493,134.2991,337.4,1.8,1.3,2014-11-01,0424,Aqua,MODIS,78,6.2,313.6,52.4,D,0
-12.8473,134.3156,331.9,1.8,1.3,2014-11-01,0424,Aqua,MODIS,67,6.2,312.8,31.9,D,0
-12.8418,134.3099,342.5,1.8,1.3,2014-11-01,0424,Aqua,MODIS,85,6.2,315.1,69.8,D,0
-12.721,142.2958,342.1,1.2,1.1,2014-11-01,0424,Aqua,MODIS,87,6.2,311.2,34.8,D,0
-11.5191,142.5317,325,1.3,1.1,2014-11-01,0424,Aqua,MODIS,49,6.2,300.1,18.8,D,0
-12.2317,133.9802,343.4,1.9,1.3,2014-11-01,0424,Aqua,MODIS,84,6.2,316.7,61.2,D,0
-12.9701,135.0889,336.1,1.6,1.2,2014-11-01,0424,Aqua,MODIS,50,6.2,314.5,23.6,D,0
-12.2602,133.9489,333.9,1.9,1.3,2014-11-01,0424,Aqua,MODIS,50,6.2,312.8,37.9,D,0
-12.258,133.9659,362.8,1.9,1.3,2014-11-01,0424,Aqua,MODIS,100,6.2,314.9,186.1,D,0
-12.2509,133.9717,332.8,1.9,1.3,2014-11-01,0424,Aqua,MODIS,47,6.2,313.8,28.3,D,0
-12.2338,133.963,340.2,1.9,1.3,2014-11-01,0424,Aqua,MODIS,64,6.2,318.5,49.8,D,0
-12.2239,133.9443,338.1,1.9,1.3,2014-11-01,0424,Aqua,MODIS,65,6.2,318.8,43.5,D,0
-13.3133,134.2342,333.1,1.9,1.3,2014-11-01,0424,Aqua,MODIS,20,6.2,315.3,21.8,D,0
-12.2261,133.9269,337.8,1.9,1.3,2014-11-01,0424,Aqua,MODIS,80,6.2,317.5,46.3,D,0
-12.2099,133.6526,334.7,2,1.4,2014-11-01,0424,Aqua,MODIS,78,6.2,317,28.2,D,0
-12.1613,133.9534,340.5,1.9,1.3,2014-11-01,0424,Aqua,MODIS,85,6.2,317.9,50.8,D,0
-12.1818,133.8857,342.4,1.9,1.4,2014-11-01,0424,Aqua,MODIS,87,6.2,316.7,66.8,D,0
-12.7104,143.1007,338.1,1.3,1.1,2014-11-01,0424,Aqua,MODIS,83,6.2,305.8,41.1,D,0
-12.1797,133.9031,361.9,1.9,1.3,2014-11-01,0424,Aqua,MODIS,100,6.2,317.1,176.9,D,0
-12.7085,143.1125,332.7,1.3,1.1,2014-11-01,0424,Aqua,MODIS,76,6.2,303.8,29,D,0
-12.176,133.8976,357.9,1.9,1.3,2014-11-01,0424,Aqua,MODIS,98,6.2,315.7,148.7,D,0
-12.7205,143.1025,358.1,1.3,1.1,2014-11-01,0424,Aqua,MODIS,98,6.2,308.9,100.3,D,0
-12.2121,133.6343,332.2,2,1.4,2014-11-01,0424,Aqua,MODIS,59,6.2,315,19.5,D,0
-12.1694,133.9494,333.8,1.9,1.3,2014-11-01,0424,Aqua,MODIS,56,6.2,318,23.6,D,0
-12.7187,143.1143,331,1.3,1.1,2014-11-01,0424,Aqua,MODIS,53,6.2,303.2,23.5,D,0
-12.208,133.6472,333.5,2,1.4,2014-11-01,0424,Aqua,MODIS,66,6.2,316.6,24.2,D,0
-12.1882,133.899,357.1,1.9,1.3,2014-11-01,0424,Aqua,MODIS,98,6.2,318.5,143.9,D,0
-12.7882,134.3531,342.4,1.8,1.3,2014-11-01,0424,Aqua,MODIS,85,6.2,314,65.9,D,0
-12.7561,136.2957,334.3,1.3,1.1,2014-11-01,0424,Aqua,MODIS,71,6.2,309.2,25,D,0
-12.1918,133.9045,347.8,1.9,1.3,2014-11-01,0424,Aqua,MODIS,92,6.2,318,91.9,D,0
-12.233,133.351,359,2.1,1.4,2014-11-01,0424,Aqua,MODIS,99,6.2,313.4,184.6,D,0
-11.6504,132.8932,335.2,2.2,1.5,2014-11-01,0424,Aqua,MODIS,85,6.2,312.9,60.6,D,0
-12.2309,133.3652,339.9,2.1,1.4,2014-11-01,0424,Aqua,MODIS,84,6.2,313.4,60.7,D,0
-12.2207,133.3443,344.4,2.1,1.4,2014-11-01,0424,Aqua,MODIS,88,6.2,315.9,85.8,D,0
-12.2183,133.3636,334.3,2.1,1.4,2014-11-01,0424,Aqua,MODIS,72,6.2,316.9,36.4,D,0
-12.2334,133.3459,353.6,2.1,1.4,2014-11-01,0424,Aqua,MODIS,96,6.2,312.2,142.5,D,0
-13.3082,134.2262,330.9,1.9,1.3,2014-11-01,0424,Aqua,MODIS,31,6.2,313.9,18.5,D,0
-13.306,134.2436,333.1,1.9,1.3,2014-11-01,0424,Aqua,MODIS,58,6.2,315.6,24.7,D,0
-12.4106,133.283,343.1,2.1,1.4,2014-11-01,0424,Aqua,MODIS,87,6.2,308.3,103.6,D,0
-13.0981,136.0778,334.1,1.4,1.2,2014-11-01,0424,Aqua,MODIS,66,6.2,311.4,22.9,D,0
-13.0998,136.0651,335.8,1.4,1.2,2014-11-01,0424,Aqua,MODIS,74,6.2,312.8,26.1,D,0
-12.8277,136.1241,340.7,1.4,1.2,2014-11-01,0424,Aqua,MODIS,71,6.2,310.6,41.2,D,0
-11.6635,132.8949,330.2,2.2,1.5,2014-11-01,0424,Aqua,MODIS,65,6.2,314.5,36.7,D,0
-12.8041,142.3601,344.5,1.2,1.1,2014-11-01,0424,Aqua,MODIS,89,6.2,312.5,37.2,D,0
-13.092,136.0701,331,1.4,1.2,2014-11-01,0424,Aqua,MODIS,41,6.2,311.9,14.3,D,0
-12.2552,142.8611,325.2,1.3,1.1,2014-11-01,0424,Aqua,MODIS,49,6.2,304,13,D,0
-12.558,141.901,342.7,1.1,1.1,2014-11-01,0424,Aqua,MODIS,70,6.2,317.4,34.1,D,0
-11.6524,132.8864,334.5,2.2,1.5,2014-11-01,0424,Aqua,MODIS,86,6.2,312.8,59.8,D,0
-12.6947,142.4025,337,1.2,1.1,2014-11-01,0424,Aqua,MODIS,70,6.2,309.2,22.5,D,0
-13.6001,132.4731,332.1,2.6,1.5,2014-11-01,0424,Aqua,MODIS,42,6.2,309.7,49.1,D,0
-13.5998,130.0813,326.4,3.9,1.8,2014-11-01,0424,Aqua,MODIS,48,6.2,297,96.6,D,0
-13.5861,132.4721,332.2,2.6,1.5,2014-11-01,0424,Aqua,MODIS,58,6.2,307.8,47.4,D,0
-11.7158,130.3413,317.6,3.6,1.8,2014-11-01,0424,Aqua,MODIS,39,6.2,300.8,37.7,D,0
-12.6946,136.1441,386.3,1.3,1.1,2014-11-01,0424,Aqua,MODIS,100,6.2,312.9,250.8,D,0
-12.662,136.1521,349.2,1.3,1.1,2014-11-01,0424,Aqua,MODIS,88,6.2,307.7,65.7,D,0
-12.7152,136.147,331,1.3,1.1,2014-11-01,0424,Aqua,MODIS,48,6.2,308,20.6,D,0
-12.4955,136.1046,337.2,1.3,1.1,2014-11-01,0424,Aqua,MODIS,72,6.2,311.7,29.5,D,0
-12.5042,136.1184,347.1,1.3,1.1,2014-11-01,0424,Aqua,MODIS,90,6.2,312.4,54.6,D,0
-12.5376,136.1669,343.9,1.3,1.1,2014-11-01,0424,Aqua,MODIS,87,6.2,310.4,48.9,D,0
-12.5977,136.1876,346.5,1.3,1.1,2014-11-01,0424,Aqua,MODIS,89,6.2,310.3,53.3,D,0
-12.5058,136.1061,342,1.3,1.1,2014-11-01,0424,Aqua,MODIS,85,6.2,313.2,38.3,D,0
-12.6843,136.1426,335,1.3,1.1,2014-11-01,0424,Aqua,MODIS,69,6.2,308.9,26.2,D,0
-12.5026,136.1305,335.4,1.3,1.1,2014-11-01,0424,Aqua,MODIS,48,6.2,309.9,25.4,D,0
-12.5216,136.1456,346.5,1.3,1.1,2014-11-01,0424,Aqua,MODIS,90,6.2,311.6,55,D,0
-12.5479,136.1683,331.7,1.3,1.1,2014-11-01,0424,Aqua,MODIS,39,6.2,308.7,19.4,D,0
-12.5288,136.1533,336.3,1.3,1.1,2014-11-01,0424,Aqua,MODIS,67,6.2,310.8,26.3,D,0
-12.6445,136.1247,332.7,1.3,1.1,2014-11-01,0424,Aqua,MODIS,67,6.2,312,16.5,D,0
-12.5129,136.1319,342.7,1.3,1.1,2014-11-01,0424,Aqua,MODIS,86,6.2,311.7,42.1,D,0
-12.6703,136.4777,332,1.3,1.1,2014-11-01,0424,Aqua,MODIS,45,6.2,310.5,20.9,D,0
-12.4868,136.0909,336.9,1.3,1.1,2014-11-01,0424,Aqua,MODIS,77,6.2,310.4,32.9,D,0
-12.6962,136.1318,344.4,1.3,1.1,2014-11-01,0424,Aqua,MODIS,87,6.2,308.5,48.8,D,0
-12.4971,136.0923,335.1,1.3,1.1,2014-11-01,0424,Aqua,MODIS,57,6.2,312.7,25.3,D,0
-12.2854,132.7088,345.3,2.4,1.5,2014-11-01,0424,Aqua,MODIS,89,6.2,309.6,128,D,0
-13.886,135.6057,347.9,1.5,1.2,2014-11-01,0424,Aqua,MODIS,90,6.2,314.8,63.9,D,0
-11.6629,132.9084,327.2,2.2,1.4,2014-11-01,0424,Aqua,MODIS,48,6.2,313.2,27.1,D,0
-13.8769,135.5903,346.8,1.5,1.2,2014-11-01,0424,Aqua,MODIS,66,6.2,315.8,61.3,D,0
-13.5076,135.6985,362.8,1.5,1.2,2014-11-01,0424,Aqua,MODIS,100,6.2,312.8,132.1,D,0
-13.5272,133.8312,344,2,1.4,2014-11-01,0424,Aqua,MODIS,74,6.2,317,75.7,D,0
-13.8787,135.5764,373.2,1.5,1.2,2014-11-01,0424,Aqua,MODIS,100,6.2,315.7,199.5,D,0
-13.8805,135.5623,354.4,1.5,1.2,2014-11-01,0424,Aqua,MODIS,96,6.2,309.9,104.2,D,0
-13.4876,133.8449,339.9,2,1.4,2014-11-01,0424,Aqua,MODIS,67,6.2,318.9,54.2,D,0
-13.8659,135.5888,345.7,1.5,1.2,2014-11-01,0424,Aqua,MODIS,84,6.2,317.2,54.1,D,0
-12.2828,132.7303,361.2,2.4,1.5,2014-11-01,0424,Aqua,MODIS,100,6.2,316.6,252.9,D,0
-12.5385,142.6902,333.8,1.2,1.1,2014-11-01,0424,Aqua,MODIS,58,6.2,308.5,22.9,D,0
-13.8677,135.5748,374.2,1.5,1.2,2014-11-01,0424,Aqua,MODIS,100,6.2,318.9,200.8,D,0
-12.6512,142.7493,337.8,1.2,1.1,2014-11-01,0424,Aqua,MODIS,78,6.2,306.1,35.8,D,0
-13.545,135.6962,331.7,1.5,1.2,2014-11-01,0424,Aqua,MODIS,34,6.2,310.6,21.9,D,0
-13.8899,135.5987,338.9,1.5,1.2,2014-11-01,0424,Aqua,MODIS,68,6.2,312.3,37.7,D,0
-13.8755,135.625,333.9,1.5,1.2,2014-11-01,0424,Aqua,MODIS,46,6.2,312.5,17.5,D,0
-13.8772,135.6112,342.4,1.5,1.2,2014-11-01,0424,Aqua,MODIS,82,6.2,314.3,43.7,D,0
-13.8807,135.5833,352.5,1.5,1.2,2014-11-01,0424,Aqua,MODIS,94,6.2,314.9,92.4,D,0
-13.8824,135.5692,336,1.5,1.2,2014-11-01,0424,Aqua,MODIS,74,6.2,309.6,41.9,D,0
-13.8842,135.6196,336,1.5,1.2,2014-11-01,0424,Aqua,MODIS,63,6.2,314.9,23.5,D,0
-13.5416,135.7233,332.4,1.5,1.2,2014-11-01,0424,Aqua,MODIS,35,6.2,310.3,23.9,D,0
-12.1904,133.8816,336.8,1.9,1.4,2014-11-01,0424,Aqua,MODIS,79,6.2,314.6,41.5,D,0
-13.5351,133.8696,335.7,2,1.4,2014-11-01,0424,Aqua,MODIS,61,6.2,316.3,32.8,D,0
-13.1242,132.9621,331.6,2.3,1.5,2014-11-01,0424,Aqua,MODIS,65,6.2,311.3,49.2,D,0
-13.1268,132.9399,332,2.3,1.5,2014-11-01,0424,Aqua,MODIS,62,6.2,310.4,53,D,0
-12.995,133.1898,333.1,2.2,1.4,2014-11-01,0424,Aqua,MODIS,53,6.2,313.7,42,D,0
-13.8696,135.5608,371.2,1.5,1.2,2014-11-01,0424,Aqua,MODIS,100,6.2,317.1,188.3,D,0
-13.855,135.5873,337.4,1.5,1.2,2014-11-01,0424,Aqua,MODIS,76,6.2,314.6,25.5,D,0
-13.8568,135.5733,338,1.5,1.2,2014-11-01,0424,Aqua,MODIS,67,6.2,314.6,29.4,D,0
-13.8405,135.6137,335.9,1.5,1.2,2014-11-01,0424,Aqua,MODIS,39,6.2,315.6,22.4,D,0
-13.1147,132.9536,332.6,2.3,1.5,2014-11-01,0424,Aqua,MODIS,65,6.2,311.5,53.1,D,0
-13.5109,135.7056,353.8,1.5,1.2,2014-11-01,0424,Aqua,MODIS,95,6.2,312.4,88.7,D,0
-13.5126,135.6919,368.7,1.5,1.2,2014-11-01,0424,Aqua,MODIS,100,6.2,313.6,164.3,D,0
-13.5094,135.6848,340.5,1.5,1.2,2014-11-01,0424,Aqua,MODIS,81,6.2,311.3,45.1,D,0
-13.128,132.9553,332.9,2.3,1.5,2014-11-01,0424,Aqua,MODIS,62,6.2,311.3,53.1,D,0
-13.111,132.9602,334.1,2.3,1.5,2014-11-01,0424,Aqua,MODIS,73,6.2,312.7,60.4,D,0
-13.8882,135.6126,340.7,1.5,1.2,2014-11-01,0424,Aqua,MODIS,82,6.2,314.9,40.8,D,0
-11.5495,130.6295,328.9,3.4,1.7,2014-11-01,0424,Aqua,MODIS,29,6.2,307.7,77,D,0
-11.7394,130.5143,320.1,3.4,1.7,2014-11-01,0424,Aqua,MODIS,49,6.2,302.1,40.5,D,0
-11.7292,130.5051,319.1,3.4,1.7,2014-11-01,0424,Aqua,MODIS,59,6.2,300.1,40.6,D,0
-31.8636,115.8837,324,1.3,1.1,2014-11-01,0557,Aqua,MODIS,44,6.2,307.3,7.1,D,0
-31.5543,116.0063,326.8,1.2,1.1,2014-11-01,0557,Aqua,MODIS,65,6.2,310,16.2,D,0
-32.8318,116.4402,319.5,1.2,1.1,2014-11-01,0557,Aqua,MODIS,47,6.2,308.6,8.6,D,0
-30.4595,125.2303,327.2,1.8,1.3,2014-11-01,0557,Aqua,MODIS,70,6.2,314.3,17.7,D,0
-32.8303,116.4534,323.1,1.2,1.1,2014-11-01,0557,Aqua,MODIS,66,6.2,310.2,12.3,D,0
-33.9505,116.1227,320.2,1.3,1.1,2014-11-01,0557,Aqua,MODIS,71,6.2,302.2,16.3,D,0
-31.5528,116.0196,330.7,1.2,1.1,2014-11-01,0557,Aqua,MODIS,74,6.2,309.2,22.1,D,0
-33.9521,116.1086,328.9,1.3,1.1,2014-11-01,0557,Aqua,MODIS,81,6.2,302.1,31.2,D,0
-31.9071,121.9691,335.4,1.1,1.1,2014-11-01,0557,Aqua,MODIS,0,6.2,311.2,24.8,D,0
-31.8958,121.9786,324.1,1.1,1.1,2014-11-01,0557,Aqua,MODIS,51,6.2,308.6,8.7,D,0
-31.8977,121.967,322.8,1.1,1.1,2014-11-01,0557,Aqua,MODIS,0,6.2,310.8,7.6,D,0
-31.8863,121.9765,365.8,1.1,1.1,2014-11-01,0557,Aqua,MODIS,0,6.2,312.2,101.9,D,0
-31.862,115.8971,325,1.3,1.1,2014-11-01,0557,Aqua,MODIS,59,6.2,307.8,9,D,0
-32.1047,115.8002,324.4,1.3,1.1,2014-11-01,0557,Aqua,MODIS,53,6.2,306.4,11.9,D,0
-29.3166,130.1826,321.1,3.9,1.8,2014-11-01,0557,Aqua,MODIS,35,6.2,305,53.4,D,0
-29.3189,130.2184,331.4,4,1.9,2014-11-01,0557,Aqua,MODIS,82,6.2,307.2,138.2,D,0
-29.3281,130.1782,324.8,3.9,1.8,2014-11-01,0557,Aqua,MODIS,63,6.2,306.8,79.9,D,0
-32.0704,115.9201,323.4,1.3,1.1,2014-11-01,0557,Aqua,MODIS,51,6.2,307.7,7.2,D,2
-32.0719,115.9065,324.7,1.3,1.1,2014-11-01,0557,Aqua,MODIS,64,6.2,306.6,9.6,D,0
-29.3329,130.1876,324.4,3.9,1.8,2014-11-01,0557,Aqua,MODIS,74,6.2,307.1,77.8,D,0
-29.3234,130.228,324.9,4,1.9,2014-11-01,0557,Aqua,MODIS,75,6.2,307.6,81.2,D,0
-31.3624,115.7326,325.4,1.3,1.1,2014-11-01,0558,Aqua,MODIS,46,6.2,312.7,13.3,D,0
-27.0855,127.2648,322.6,2.9,1.6,2014-11-01,0558,Aqua,MODIS,46,6.2,307.5,28.7,D,0
-31.2214,115.6433,330.7,1.3,1.1,2014-11-01,0558,Aqua,MODIS,60,6.2,316,19.5,D,0
-28.1258,129.5914,331.2,3.9,1.8,2014-11-01,0558,Aqua,MODIS,82,6.2,308,138.9,D,0
-27.0798,127.2883,323.9,2.9,1.6,2014-11-01,0558,Aqua,MODIS,49,6.2,307.7,31.2,D,0
-31.4236,115.5611,342.9,1.3,1.1,2014-11-01,0558,Aqua,MODIS,0,6.2,307.9,53.3,D,0
-31.422,115.5749,391,1.3,1.1,2014-11-01,0558,Aqua,MODIS,94,6.2,315.4,284.9,D,0
-28.1314,129.6008,328.6,3.9,1.8,2014-11-01,0558,Aqua,MODIS,80,6.2,307.8,111.7,D,0
-31.3639,115.719,333.2,1.3,1.1,2014-11-01,0558,Aqua,MODIS,77,6.2,316.8,28.2,D,0
-26.6073,124.0936,362.1,1.8,1.3,2014-11-01,0558,Aqua,MODIS,100,6.2,321.1,164.8,D,0
-26.6107,124.076,345.8,1.8,1.3,2014-11-01,0558,Aqua,MODIS,89,6.2,318.6,76.2,D,0
-26.33,126.6535,334.3,2.7,1.6,2014-11-01,0558,Aqua,MODIS,75,6.2,309.5,71.3,D,0
-26.3335,126.6628,332.4,2.7,1.6,2014-11-01,0558,Aqua,MODIS,72,6.2,310.7,57.1,D,0
-27.3622,126.9741,328.9,2.7,1.6,2014-11-01,0558,Aqua,MODIS,72,6.2,312.5,49.1,D,0
-26.3391,126.6363,329.4,2.7,1.6,2014-11-01,0558,Aqua,MODIS,64,6.2,309.4,40.1,D,0
-24.8904,122.4031,335.2,1.5,1.2,2014-11-01,0559,Aqua,MODIS,24,6.2,319.1,17.3,D,0
-23.394,122.4374,334.4,1.6,1.2,2014-11-01,0559,Aqua,MODIS,68,6.2,313.6,28.7,D,0
-24.912,122.4078,340.2,1.5,1.2,2014-11-01,0559,Aqua,MODIS,78,6.2,319.4,29.1,D,0
-22.8622,126.6375,336.6,3.2,1.7,2014-11-01,0559,Aqua,MODIS,54,6.2,307.3,113.3,D,0
-24.9012,122.4054,335.6,1.5,1.2,2014-11-01,0559,Aqua,MODIS,30,6.2,319,17,D,0
-26.2188,121.1767,338.4,1.2,1.1,2014-11-01,0559,Aqua,MODIS,68,6.2,322.2,18.3,D,0
-24.1419,127.9803,345.2,3.8,1.8,2014-11-01,0559,Aqua,MODIS,88,6.2,300.7,258.9,D,0
-23.1639,128.6586,326.9,4.4,1.9,2014-11-01,0559,Aqua,MODIS,30,6.2,301.2,80.8,D,0
-22.5287,128.0126,332.5,4.1,1.9,2014-11-01,0559,Aqua,MODIS,70,6.2,310.9,96.3,D,0
-24.5332,127.4168,351.5,3.4,1.7,2014-11-01,0559,Aqua,MODIS,86,6.2,303.4,305,D,0
-24.5401,127.3847,336,3.3,1.7,2014-11-01,0559,Aqua,MODIS,56,6.2,298.8,143.6,D,0
-24.5378,127.41,356.1,3.4,1.7,2014-11-01,0559,Aqua,MODIS,97,6.2,303.1,367,D,0
-23.0091,127.6125,360.6,3.8,1.8,2014-11-01,0559,Aqua,MODIS,100,6.2,308.2,488.2,D,0
-23.0182,127.6068,347.9,3.8,1.8,2014-11-01,0559,Aqua,MODIS,91,6.2,305.3,285.7,D,0
-23.0022,127.6027,339.7,3.8,1.8,2014-11-01,0559,Aqua,MODIS,75,6.2,309.3,180.1,D,0
-23.7919,128.1095,329,3.9,1.8,2014-11-01,0559,Aqua,MODIS,51,6.2,302.9,82.4,D,0
-23.7862,128.0999,332.4,3.9,1.8,2014-11-01,0559,Aqua,MODIS,67,6.2,303.1,111.6,D,0
-23.7749,128.1857,369.9,3.9,1.8,2014-11-01,0559,Aqua,MODIS,100,6.2,299.9,739.2,D,0
-23.7834,128.1476,361.4,3.9,1.8,2014-11-01,0559,Aqua,MODIS,100,6.2,303.3,541.8,D,0
-23.786,128.1806,333.2,3.9,1.8,2014-11-01,0559,Aqua,MODIS,69,6.2,301.7,135.4,D,0
-23.7697,128.1763,374.9,3.9,1.8,2014-11-01,0559,Aqua,MODIS,100,6.2,300.8,862,D,0
-23.778,128.138,363.3,3.9,1.8,2014-11-01,0559,Aqua,MODIS,100,6.2,303.6,575.3,D,0
-25.8559,123.2126,338.5,1.6,1.2,2014-11-01,0559,Aqua,MODIS,77,6.2,316.7,39.9,D,0
-25.0358,121.3151,402.8,1.3,1.1,2014-11-01,0559,Aqua,MODIS,100,6.2,313.8,354.2,D,0
-25.193,121.4775,341.7,1.3,1.1,2014-11-01,0559,Aqua,MODIS,77,6.2,318.6,30,D,0
-25.2325,121.3676,343.7,1.3,1.1,2014-11-01,0559,Aqua,MODIS,85,6.2,320.1,29.3,D,0
-25.5211,127.7089,338.2,3.3,1.7,2014-11-01,0559,Aqua,MODIS,81,6.2,304.6,131,D,0
-25.5363,127.713,335.1,3.3,1.7,2014-11-01,0559,Aqua,MODIS,76,6.2,306.2,102.3,D,0
-23.8648,123.3495,333.4,1.8,1.3,2014-11-01,0559,Aqua,MODIS,42,6.2,314.3,25.7,D,0
-23.8551,123.4022,347.2,1.8,1.3,2014-11-01,0559,Aqua,MODIS,89,6.2,316.4,76.6,D,0
-24.1522,123.6609,334.5,1.9,1.3,2014-11-01,0559,Aqua,MODIS,68,6.2,317.1,25.4,D,0
-23.8518,123.4198,338.6,1.8,1.3,2014-11-01,0559,Aqua,MODIS,73,6.2,312.8,42.6,D,0
-23.3929,126.6051,354.3,3.1,1.7,2014-11-01,0559,Aqua,MODIS,96,6.2,302.5,292.7,D,0
-23.8584,123.3411,334.9,1.8,1.3,2014-11-01,0559,Aqua,MODIS,35,6.2,314.6,29.1,D,0
-25.1807,127.7762,327.9,3.4,1.7,2014-11-01,0559,Aqua,MODIS,40,6.2,304.8,50.7,D,0
-23.4079,126.6087,391.4,3.1,1.7,2014-11-01,0559,Aqua,MODIS,100,6.2,308.4,993.8,D,0
-23.4228,126.6124,345.3,3.1,1.7,2014-11-01,0559,Aqua,MODIS,88,6.2,306.2,190.5,D,0
-25.1653,127.7722,347.3,3.4,1.7,2014-11-01,0559,Aqua,MODIS,90,6.2,303.8,238.8,D,0
-23.3911,126.6128,346,3.1,1.7,2014-11-01,0559,Aqua,MODIS,89,6.2,300.5,199.7,D,0
-23.4123,126.5864,348.8,3.1,1.7,2014-11-01,0559,Aqua,MODIS,91,6.2,305.6,222.9,D,0
-23.406,126.6164,391.1,3.1,1.7,2014-11-01,0559,Aqua,MODIS,100,6.2,307.4,984.4,D,0
-23.4272,126.59,332.1,3.1,1.7,2014-11-01,0559,Aqua,MODIS,59,6.2,305.9,73.9,D,0
-23.849,123.3938,371.9,1.8,1.3,2014-11-01,0559,Aqua,MODIS,100,6.2,319.4,241.2,D,0
-25.0835,121.4031,362.8,1.3,1.1,2014-11-01,0559,Aqua,MODIS,100,6.2,316.2,97,D,0
-25.0814,121.4158,391.6,1.3,1.1,2014-11-01,0559,Aqua,MODIS,100,6.2,317.8,260.1,D,0
-25.0936,121.4052,380.1,1.3,1.1,2014-11-01,0559,Aqua,MODIS,100,6.2,320.3,184.5,D,0
-25.0915,121.4179,379.9,1.3,1.1,2014-11-01,0559,Aqua,MODIS,100,6.2,321.7,184.1,D,0
-25.0994,121.4326,349.9,1.3,1.1,2014-11-01,0559,Aqua,MODIS,92,6.2,320,50.4,D,0
-23.8458,123.4115,357.9,1.8,1.3,2014-11-01,0559,Aqua,MODIS,98,6.2,314.3,142.4,D,0
-25.1946,127.8077,327.5,3.4,1.7,2014-11-01,0559,Aqua,MODIS,28,6.2,305.3,45.2,D,0
-25.1707,127.7658,350.2,3.4,1.7,2014-11-01,0559,Aqua,MODIS,93,6.2,304.6,279.7,D,0
-23.8348,123.3795,364.8,1.8,1.3,2014-11-01,0559,Aqua,MODIS,100,6.2,315.4,181.7,D,0
-23.4209,126.62,354.3,3.1,1.7,2014-11-01,0559,Aqua,MODIS,96,6.2,305.5,292.6,D,0
-23.8904,123.4099,337.5,1.8,1.3,2014-11-01,0559,Aqua,MODIS,64,6.2,316.1,35.6,D,0
-23.8936,123.3924,340.6,1.8,1.3,2014-11-01,0559,Aqua,MODIS,81,6.2,315.1,49.8,D,0
-25.0776,121.3757,335.3,1.3,1.1,2014-11-01,0559,Aqua,MODIS,54,6.2,316.7,18.1,D,0
-25.0676,121.3737,392.1,1.3,1.1,2014-11-01,0559,Aqua,MODIS,100,6.2,323.3,265,D,0
-25.0697,121.361,353,1.3,1.1,2014-11-01,0559,Aqua,MODIS,94,6.2,318,61.6,D,0
-23.8315,123.3971,333.9,1.8,1.3,2014-11-01,0559,Aqua,MODIS,64,6.2,313.1,28.8,D,0
-23.1447,123.9376,335.1,2,1.4,2014-11-01,0559,Aqua,MODIS,50,6.2,314.8,30.4,D,0
-23.136,123.915,331.6,2,1.4,2014-11-01,0559,Aqua,MODIS,55,6.2,313.2,20.5,D,0
-24.8357,121.8406,337.5,1.4,1.2,2014-11-01,0559,Aqua,MODIS,67,6.2,319.2,19.3,D,0
-23.8722,123.4426,363.8,1.8,1.3,2014-11-01,0559,Aqua,MODIS,100,6.2,316.6,172.6,D,0
-25.0718,121.3484,343.5,1.3,1.1,2014-11-01,0559,Aqua,MODIS,83,6.2,315.6,37.1,D,0
-25.0739,121.3359,333.2,1.3,1.1,2014-11-01,0559,Aqua,MODIS,54,6.2,314.5,17.6,D,0
-23.8689,123.4604,342.8,1.8,1.3,2014-11-01,0559,Aqua,MODIS,84,6.2,312.5,57.4,D,0
-23.8563,123.3296,334.1,1.8,1.3,2014-11-01,0559,Aqua,MODIS,19,6.2,313.7,26.4,D,0
-23.8807,123.463,379.1,1.8,1.3,2014-11-01,0559,Aqua,MODIS,100,6.2,317.7,301.8,D,0
-23.8774,123.4808,338.5,1.8,1.3,2014-11-01,0559,Aqua,MODIS,73,6.2,313.5,38.2,D,0
-25.0575,121.3716,416.3,1.3,1.1,2014-11-01,0559,Aqua,MODIS,100,6.2,322.2,489.1,D,0
-25.0596,121.359,396.6,1.3,1.1,2014-11-01,0559,Aqua,MODIS,100,6.2,322.7,296.9,D,0
-25.0617,121.3464,374.7,1.3,1.1,2014-11-01,0559,Aqua,MODIS,100,6.2,319.3,153.1,D,0
-25.0639,121.3338,349.4,1.3,1.1,2014-11-01,0559,Aqua,MODIS,91,6.2,314.3,54.8,D,0
-25.0495,121.3569,346.5,1.3,1.1,2014-11-01,0559,Aqua,MODIS,88,6.2,313.6,41,D,0
-25.0517,121.3443,444.3,1.3,1.1,2014-11-01,0559,Aqua,MODIS,100,6.2,330.3,882,D,0
-25.0538,121.3317,373.6,1.3,1.1,2014-11-01,0559,Aqua,MODIS,100,6.2,315.7,149.5,D,0
-23.8925,123.4657,333.9,1.8,1.3,2014-11-01,0559,Aqua,MODIS,46,6.2,316.7,21.8,D,0
-23.8893,123.4835,333.9,1.8,1.3,2014-11-01,0559,Aqua,MODIS,57,6.2,315.3,21.5,D,0
-25.0559,121.3192,357.4,1.3,1.1,2014-11-01,0559,Aqua,MODIS,98,6.2,315.2,81.5,D,0
-25.0581,121.3067,336.7,1.3,1.1,2014-11-01,0559,Aqua,MODIS,50,6.2,311.4,24,D,0
-25.0459,121.3171,407,1.3,1.1,2014-11-01,0559,Aqua,MODIS,100,6.2,321.2,394.6,D,0
-25.048,121.3046,404.8,1.3,1.1,2014-11-01,0559,Aqua,MODIS,100,6.2,326.2,374.8,D,0
-25.038,121.3026,465.6,1.3,1.1,2014-11-01,0559,Aqua,MODIS,100,6.2,334.5,1304.2,D,0
-25.0401,121.2901,332.9,1.3,1.1,2014-11-01,0559,Aqua,MODIS,58,6.2,312,19.4,D,0
-23.9936,123.5198,338.1,1.8,1.3,2014-11-01,0559,Aqua,MODIS,77,6.2,317.3,36.4,D,0
-23.9847,123.5291,333.4,1.8,1.3,2014-11-01,0559,Aqua,MODIS,61,6.2,317,20.9,D,0
-23.988,123.5113,342.9,1.8,1.3,2014-11-01,0559,Aqua,MODIS,84,6.2,316.9,59.3,D,0
-23.9762,123.5086,344.2,1.8,1.3,2014-11-01,0559,Aqua,MODIS,86,6.2,314.8,64.1,D,0
-25.0386,121.3102,445.2,1.3,1.1,2014-11-01,0559,Aqua,MODIS,100,6.2,332.3,897.3,D,0
-25.2739,121.1834,337.3,1.2,1.1,2014-11-01,0559,Aqua,MODIS,75,6.2,320.1,13.5,D,0
-23.8404,123.3736,355.8,1.8,1.3,2014-11-01,0559,Aqua,MODIS,97,6.2,316.2,125.8,D,0
-23.8433,123.3996,389.9,1.8,1.3,2014-11-01,0559,Aqua,MODIS,100,6.2,318.1,418.3,D,0
-23.4376,120.123,341.8,1.2,1.1,2014-11-01,0559,Aqua,MODIS,64,6.2,318.3,22.4,D,0
-22.9302,123.2674,345.8,1.9,1.3,2014-11-01,0559,Aqua,MODIS,88,6.2,315.7,72.6,D,0
-23.4261,120.1325,342.6,1.2,1.1,2014-11-01,0559,Aqua,MODIS,84,6.2,322.6,24,D,0
-23.428,120.1211,380,1.2,1.1,2014-11-01,0559,Aqua,MODIS,100,6.2,324.6,157.3,D,0
-25.5433,127.6803,327.2,3.3,1.7,2014-11-01,0559,Aqua,MODIS,23,6.2,305.3,43.3,D,0
-22.9336,123.2495,337.2,1.8,1.3,2014-11-01,0559,Aqua,MODIS,75,6.2,316.1,35.5,D,0
-23.8466,123.382,346.4,1.8,1.3,2014-11-01,0559,Aqua,MODIS,88,6.2,316.7,70.5,D,0
-23.8467,123.3386,332.1,1.8,1.3,2014-11-01,0559,Aqua,MODIS,53,6.2,314.4,24.2,D,0
-23.8603,123.44,364.8,1.8,1.3,2014-11-01,0559,Aqua,MODIS,100,6.2,313,183.5,D,0
-25.1421,121.422,334.9,1.3,1.1,2014-11-01,0559,Aqua,MODIS,50,6.2,314.7,16,D,0
-25.1522,121.424,351.5,1.3,1.1,2014-11-01,0559,Aqua,MODIS,93,6.2,317.3,60.1,D,0
-25.1501,121.4367,345.7,1.3,1.1,2014-11-01,0559,Aqua,MODIS,87,6.2,318.6,41.2,D,0
-25.0285,121.3081,334.9,1.3,1.1,2014-11-01,0559,Aqua,MODIS,39,6.2,309,16.2,D,0
-25.0406,121.2976,409.4,1.3,1.1,2014-11-01,0559,Aqua,MODIS,100,6.2,330.5,417.2,D,0
-23.4298,120.1097,379.1,1.2,1.1,2014-11-01,0559,Aqua,MODIS,100,6.2,322.9,152.3,D,0
-23.4316,120.0984,345.9,1.2,1.1,2014-11-01,0559,Aqua,MODIS,88,6.2,320.2,34,D,0
-23.4183,120.1193,339.8,1.2,1.1,2014-11-01,0559,Aqua,MODIS,67,6.2,321,17.7,D,0
-23.8372,123.3912,358.9,1.8,1.3,2014-11-01,0559,Aqua,MODIS,99,6.2,315.3,147.4,D,0
-25.1708,121.3755,336.6,1.3,1.1,2014-11-01,0559,Aqua,MODIS,73,6.2,317.6,20.1,D,0
-23.4499,122.5137,338.6,1.6,1.2,2014-11-01,0559,Aqua,MODIS,34,6.2,315.7,26.5,D,0
-23.4354,122.5337,343.7,1.6,1.2,2014-11-01,0559,Aqua,MODIS,76,6.2,316.7,47.2,D,0
-23.4522,122.5049,340.4,1.6,1.2,2014-11-01,0559,Aqua,MODIS,80,6.2,315.3,37,D,0
-23.4167,126.6427,336.4,3.1,1.7,2014-11-01,0559,Aqua,MODIS,39,6.2,302.3,124.2,D,0
-22.9248,123.2592,381.7,1.9,1.3,2014-11-01,0559,Aqua,MODIS,100,6.2,318.6,336.2,D,0
-23.4017,126.639,338,3.1,1.7,2014-11-01,0559,Aqua,MODIS,63,6.2,300.7,135.1,D,0
-22.9281,123.2413,336.9,1.8,1.3,2014-11-01,0559,Aqua,MODIS,75,6.2,316.2,34.7,D,0
-22.913,123.2566,356.8,1.9,1.3,2014-11-01,0559,Aqua,MODIS,97,6.2,312.1,133.2,D,0
-22.9162,123.2387,331.8,1.8,1.3,2014-11-01,0559,Aqua,MODIS,59,6.2,313.3,17.8,D,0
-23.8636,123.4224,356.4,1.8,1.3,2014-11-01,0559,Aqua,MODIS,97,6.2,315.8,127.4,D,0
-23.8819,123.3897,355.7,1.8,1.3,2014-11-01,0559,Aqua,MODIS,96,6.2,316.1,121.6,D,0
-23.8786,123.4073,333.5,1.8,1.3,2014-11-01,0559,Aqua,MODIS,34,6.2,316.3,22,D,0
-25.1473,121.5155,344.7,1.3,1.1,2014-11-01,0559,Aqua,MODIS,86,6.2,320.5,35.9,D,0
-23.0842,128.7737,333.9,4.5,2,2014-11-01,0559,Aqua,MODIS,68,6.2,304.3,153.7,D,0
-23.1015,128.7781,335.6,4.5,2,2014-11-01,0559,Aqua,MODIS,76,6.2,302.1,182.4,D,0
-23.1022,128.7862,326.2,4.5,2,2014-11-01,0559,Aqua,MODIS,31,6.2,300.7,79.7,D,0
-23.0947,128.7387,328.1,4.5,1.9,2014-11-01,0559,Aqua,MODIS,16,6.2,304.1,85.9,D,0
-23.0849,128.7819,332.4,4.5,2,2014-11-01,0559,Aqua,MODIS,64,6.2,303.9,140.1,D,0
-23.1119,128.7431,330,4.5,1.9,2014-11-01,0559,Aqua,MODIS,38,6.2,303.2,113.4,D,0
-21.5688,121.7896,351.9,1.6,1.2,2014-11-01,0600,Aqua,MODIS,89,6.2,309.6,93,D,0
-21.5478,121.91,348.5,1.6,1.2,2014-11-01,0600,Aqua,MODIS,90,6.2,315.8,70.2,D,0
-21.6483,123.2396,346.2,2,1.4,2014-11-01,0600,Aqua,MODIS,88,6.2,319.5,72.7,D,0
-21.645,123.2584,341.3,2,1.4,2014-11-01,0600,Aqua,MODIS,82,6.2,318.3,46.6,D,0
-21.6516,123.2474,349.7,2,1.4,2014-11-01,0600,Aqua,MODIS,91,6.2,318.5,91.7,D,0
-20.2334,122.8249,338.2,2,1.4,2014-11-01,0600,Aqua,MODIS,46,6.2,315.6,43.9,D,0
-20.2368,122.8327,345.4,2,1.4,2014-11-01,0600,Aqua,MODIS,87,6.2,315,77.6,D,0
-21.5256,121.9055,333.1,1.6,1.2,2014-11-01,0600,Aqua,MODIS,34,6.2,313.2,16.9,D,0
-20.537,122.2007,352.9,1.7,1.3,2014-11-01,0600,Aqua,MODIS,88,6.2,320.5,92,D,0
-21.4172,121.9983,364.4,1.6,1.3,2014-11-01,0600,Aqua,MODIS,87,6.2,304.8,162,D,0
-21.4149,122.0035,371.2,1.6,1.3,2014-11-01,0600,Aqua,MODIS,94,6.2,306.1,205.2,D,0
-21.6711,121.925,353,1.6,1.2,2014-11-01,0600,Aqua,MODIS,94,6.2,314.8,87.2,D,0
-21.6737,121.9098,351.2,1.6,1.2,2014-11-01,0600,Aqua,MODIS,93,6.2,318.1,78.9,D,0
-21.66,121.9227,344,1.6,1.2,2014-11-01,0600,Aqua,MODIS,85,6.2,317.7,52,D,0
-20.2047,122.9152,334.3,2,1.4,2014-11-01,0600,Aqua,MODIS,59,6.2,311.9,34.5,D,0
-21.7027,122.1454,330.4,1.6,1.3,2014-11-01,0600,Aqua,MODIS,27,6.2,284.1,21.8,D,0
-20.1924,122.9127,377,2,1.4,2014-11-01,0600,Aqua,MODIS,100,6.2,315.6,324,D,0
-20.1957,122.894,359.4,2,1.4,2014-11-01,0600,Aqua,MODIS,99,6.2,319.4,165.1,D,0
-21.5367,121.9078,366,1.6,1.2,2014-11-01,0600,Aqua,MODIS,100,6.2,317,156.8,D,0
-19.914,127.6568,360.2,4.4,1.9,2014-11-01,0600,Aqua,MODIS,100,6.2,297.7,594.9,D,0
-19.923,127.6153,341.6,4.4,1.9,2014-11-01,0600,Aqua,MODIS,84,6.2,301.9,248.6,D,0
-19.9148,127.6521,362.9,4.4,1.9,2014-11-01,0600,Aqua,MODIS,100,6.2,298.4,659.9,D,0
-19.9235,127.6106,333.5,4.4,1.9,2014-11-01,0600,Aqua,MODIS,67,6.2,301.8,141.3,D,0
-20.6019,116.7816,328.8,1,1,2014-11-01,0600,Aqua,MODIS,76,6.2,318,9.7,D,2
-20.0276,121.7557,354.7,1.7,1.3,2014-11-01,0600,Aqua,MODIS,81,6.2,320.5,105.2,D,0
-20.0163,121.7535,347.1,1.7,1.3,2014-11-01,0600,Aqua,MODIS,52,6.2,318.4,74.2,D,0
-19.5012,123.943,335.8,2.4,1.5,2014-11-01,0600,Aqua,MODIS,52,6.2,311.9,53.2,D,0
-19.4878,123.9403,332,2.4,1.5,2014-11-01,0600,Aqua,MODIS,40,6.2,310.8,33.8,D,0
-19.4922,123.9174,337.4,2.4,1.5,2014-11-01,0600,Aqua,MODIS,78,6.2,309.4,67.9,D,0
-19.4934,123.934,335.9,2.4,1.5,2014-11-01,0600,Aqua,MODIS,59,6.2,311.2,51.8,D,0
-21.293,125.2343,357.8,2.8,1.6,2014-11-01,0600,Aqua,MODIS,98,6.2,314.1,264.5,D,0
-21.5661,124.1811,341.1,2.3,1.5,2014-11-01,0600,Aqua,MODIS,69,6.2,318,67.7,D,0
-21.5709,124.1771,344.4,2.3,1.5,2014-11-01,0600,Aqua,MODIS,86,6.2,317.8,87.1,D,0
-22.31,122.5636,340.1,1.7,1.3,2014-11-01,0600,Aqua,MODIS,76,6.2,316,40.2,D,0
-22.3071,122.5801,342.7,1.7,1.3,2014-11-01,0600,Aqua,MODIS,84,6.2,315.1,51.7,D,0
-22.3214,122.566,338.2,1.7,1.3,2014-11-01,0600,Aqua,MODIS,57,6.2,317.4,30,D,0
-22.2116,120.8509,339.9,1.3,1.1,2014-11-01,0600,Aqua,MODIS,80,6.2,320.7,25.9,D,0
-22.2095,120.8638,337.8,1.3,1.1,2014-11-01,0600,Aqua,MODIS,59,6.2,320.2,18.9,D,0
-21.8034,122.0274,337.6,1.6,1.2,2014-11-01,0600,Aqua,MODIS,73,6.2,318.9,21.6,D,0
-21.8092,122.0603,342.6,1.6,1.2,2014-11-01,0600,Aqua,MODIS,83,6.2,317.7,41,D,0
-22.8282,123.3131,332.2,1.9,1.3,2014-11-01,0600,Aqua,MODIS,47,6.2,314.6,29,D,0
-21.1253,125.2464,339.9,2.8,1.6,2014-11-01,0600,Aqua,MODIS,52,6.2,318.7,90.7,D,0
-19.7637,122.9573,358.5,2,1.4,2014-11-01,0600,Aqua,MODIS,0,6.2,287.6,196.2,D,0
-22.8357,122.1351,335.3,1.6,1.2,2014-11-01,0600,Aqua,MODIS,70,6.2,317,22.4,D,0
-22.8331,122.1502,336.6,1.6,1.2,2014-11-01,0600,Aqua,MODIS,73,6.2,316.5,25.8,D,0
-22.0217,121.2434,374.5,1.4,1.2,2014-11-01,0600,Aqua,MODIS,100,6.2,323.7,174.4,D,0
-19.8186,122.6583,342,1.9,1.4,2014-11-01,0600,Aqua,MODIS,71,6.2,305.7,90.9,D,0
-22.5212,124.579,370.9,2.3,1.5,2014-11-01,0600,Aqua,MODIS,100,6.2,305.5,352.9,D,0
-22.5255,124.5567,362.4,2.3,1.5,2014-11-01,0600,Aqua,MODIS,100,6.2,307.6,258.2,D,0
-22.508,124.576,371.6,2.3,1.5,2014-11-01,0600,Aqua,MODIS,100,6.2,297.8,360.9,D,0
-22.5123,124.5537,375.6,2.3,1.5,2014-11-01,0600,Aqua,MODIS,100,6.2,308.7,406.1,D,0
-22.5251,124.5728,359.9,2.3,1.5,2014-11-01,0600,Aqua,MODIS,99,6.2,306.8,238.8,D,0
-21.2981,125.2079,353.3,2.8,1.6,2014-11-01,0600,Aqua,MODIS,95,6.2,310.2,211.5,D,0
-22.5119,124.5697,399.2,2.3,1.5,2014-11-01,0600,Aqua,MODIS,100,6.2,303.6,802.4,D,0
-22.5161,124.5473,353.4,2.3,1.5,2014-11-01,0600,Aqua,MODIS,95,6.2,308.6,177.5,D,0
-22.4766,124.5386,356.5,2.3,1.5,2014-11-01,0600,Aqua,MODIS,88,6.2,301.5,208.8,D,0
-22.4808,124.5164,354.2,2.3,1.5,2014-11-01,0600,Aqua,MODIS,80,6.2,310.6,186.9,D,0
-22.4634,124.5357,341.2,2.3,1.5,2014-11-01,0600,Aqua,MODIS,44,6.2,299.6,110.4,D,0
-22.4677,124.5135,394.7,2.3,1.5,2014-11-01,0600,Aqua,MODIS,100,6.2,310.4,714.2,D,0
-21.3307,125.1412,336.5,2.7,1.6,2014-11-01,0600,Aqua,MODIS,23,6.2,298.8,73,D,0
-21.296,125.2424,344.9,2.8,1.6,2014-11-01,0600,Aqua,MODIS,71,6.2,312.5,139.8,D,0
-21.3013,125.2159,371.9,2.8,1.6,2014-11-01,0600,Aqua,MODIS,94,6.2,313.4,445.8,D,0
-21.3064,125.1898,346.7,2.8,1.6,2014-11-01,0600,Aqua,MODIS,84,6.2,310.2,144.9,D,0
-22.8137,122.1306,362.1,1.6,1.2,2014-11-01,0600,Aqua,MODIS,100,6.2,314.7,131,D,0
-22.8111,122.1457,334.5,1.6,1.2,2014-11-01,0600,Aqua,MODIS,68,6.2,313.9,21.3,D,0
-22.556,124.5407,340.2,2.3,1.5,2014-11-01,0600,Aqua,MODIS,65,6.2,295.6,101,D,0
-22.8221,122.1479,351.9,1.6,1.2,2014-11-01,0600,Aqua,MODIS,93,6.2,317.4,81,D,0
-21.8683,125.3011,390,2.7,1.6,2014-11-01,0600,Aqua,MODIS,94,6.2,307.5,808.6,D,0
-19.632,122.8783,341.5,2,1.4,2014-11-01,0600,Aqua,MODIS,82,6.2,310.6,71.4,D,0
-22.8247,122.1329,386.6,1.6,1.2,2014-11-01,0600,Aqua,MODIS,100,6.2,320.6,302.9,D,0
-22.0957,123.9749,355.2,2.2,1.4,2014-11-01,0600,Aqua,MODIS,96,6.2,314.1,164.4,D,0
-21.7288,125.0693,349.7,2.6,1.6,2014-11-01,0600,Aqua,MODIS,55,6.2,304.3,188.8,D,0
-19.6801,122.9147,330.2,2,1.4,2014-11-01,0600,Aqua,MODIS,23,6.2,307.7,24.4,D,0
-19.8198,127.6728,345.9,4.5,1.9,2014-11-01,0600,Aqua,MODIS,89,6.2,298.7,331,D,0
-20.4322,125.6357,349.9,3.1,1.7,2014-11-01,0600,Aqua,MODIS,92,6.2,307.5,234.4,D,0
-20.4276,125.6578,343.9,3.1,1.7,2014-11-01,0600,Aqua,MODIS,86,6.2,302.6,170,D,0
-20.4334,125.6285,341.3,3.1,1.7,2014-11-01,0600,Aqua,MODIS,79,6.2,307,142.7,D,0
-20.3978,125.651,344,3.1,1.7,2014-11-01,0600,Aqua,MODIS,86,6.2,308.9,169.3,D,0
-20.3829,125.6477,345,3.1,1.7,2014-11-01,0600,Aqua,MODIS,80,6.2,311.1,170.8,D,0
-20.3862,125.6433,339.1,3.1,1.7,2014-11-01,0600,Aqua,MODIS,64,6.2,311.2,116,D,0
-20.5774,125.5215,351.2,3,1.7,2014-11-01,0600,Aqua,MODIS,93,6.2,315.9,205.4,D,0
-20.5794,125.5167,347.8,3,1.7,2014-11-01,0600,Aqua,MODIS,87,6.2,316.4,169.1,D,0
-20.9701,124.763,339.2,2.6,1.6,2014-11-01,0600,Aqua,MODIS,80,6.2,311.4,90.1,D,0
-20.9467,124.8096,331.7,2.6,1.6,2014-11-01,0600,Aqua,MODIS,45,6.2,302.8,63.2,D,0
-20.9515,124.7847,404.8,2.6,1.6,2014-11-01,0600,Aqua,MODIS,100,6.2,316.9,1079.6,D,0
-22.3329,122.5583,335.5,1.7,1.3,2014-11-01,0600,Aqua,MODIS,51,6.2,317.5,19.8,D,0
-20.9563,124.7599,356.6,2.6,1.6,2014-11-01,0600,Aqua,MODIS,97,6.2,315.5,233.9,D,0
-20.9377,124.7815,336.5,2.6,1.6,2014-11-01,0600,Aqua,MODIS,49,6.2,308.5,90.2,D,0
-20.9425,124.7568,339.4,2.6,1.6,2014-11-01,0600,Aqua,MODIS,69,6.2,313.1,99.6,D,0
-19.846,127.6352,338.2,4.4,1.9,2014-11-01,0600,Aqua,MODIS,79,6.2,302,210,D,0
-22.3129,122.5472,355,1.7,1.3,2014-11-01,0600,Aqua,MODIS,96,6.2,317.3,103.9,D,0
-22.3157,122.5309,351.3,1.7,1.3,2014-11-01,0600,Aqua,MODIS,93,6.2,321,82.9,D,0
-22.3014,122.5448,387.2,1.7,1.3,2014-11-01,0600,Aqua,MODIS,100,6.2,316,346.8,D,0
-22.3043,122.5285,390.2,1.7,1.3,2014-11-01,0600,Aqua,MODIS,100,6.2,322.8,376.1,D,0
-20.1774,125.7708,336,3.2,1.7,2014-11-01,0600,Aqua,MODIS,68,6.2,311.1,87.3,D,0
-20.4865,124.9748,339.7,2.8,1.6,2014-11-01,0600,Aqua,MODIS,75,6.2,311.2,91.3,D,0
-20.4263,125.665,332.8,3.1,1.7,2014-11-01,0600,Aqua,MODIS,61,6.2,300.4,82.2,D,0
-20.4851,124.9692,334.8,2.8,1.6,2014-11-01,0600,Aqua,MODIS,38,6.2,311.5,62.8,D,0
-20.1881,125.7777,362.4,3.2,1.7,2014-11-01,0600,Aqua,MODIS,100,6.2,310.9,395.6,D,0
-19.8288,127.6311,369,4.4,1.9,2014-11-01,0600,Aqua,MODIS,100,6.2,303.5,834.2,D,0
-19.836,127.6686,331.5,4.5,1.9,2014-11-01,0600,Aqua,MODIS,47,6.2,304.8,126.5,D,0
-19.8447,127.6269,340.8,4.4,1.9,2014-11-01,0600,Aqua,MODIS,83,6.2,302,245.2,D,0
-19.8187,127.6645,357.9,4.5,1.9,2014-11-01,0600,Aqua,MODIS,93,6.2,299,564,D,0
-19.8275,127.6228,357.1,4.4,1.9,2014-11-01,0600,Aqua,MODIS,98,6.2,302.8,540.1,D,0
-19.793,127.6148,331.6,4.4,1.9,2014-11-01,0600,Aqua,MODIS,44,6.2,303.3,133.9,D,0
-19.7757,127.6108,337.9,4.4,1.9,2014-11-01,0600,Aqua,MODIS,78,6.2,304,212.7,D,0
-19.7936,127.6109,333,4.4,1.9,2014-11-01,0600,Aqua,MODIS,67,6.2,303.2,151.7,D,0
-19.7764,127.6067,336.3,4.4,1.9,2014-11-01,0600,Aqua,MODIS,75,6.2,303.8,192.4,D,0
-20.6068,125.528,373,3,1.7,2014-11-01,0600,Aqua,MODIS,100,6.2,314.3,525.1,D,0
-16.2083,124.782,335,3.3,1.7,2014-11-01,0601,Aqua,MODIS,87,6.2,299.4,124.8,D,0
-17.5947,126.3164,340.5,4,1.9,2014-11-01,0601,Aqua,MODIS,71,6.2,295.1,258.3,D,0
-16.2028,124.812,328.4,3.3,1.7,2014-11-01,0601,Aqua,MODIS,81,6.2,297.2,71.9,D,0
-16.2049,124.789,340.9,3.3,1.7,2014-11-01,0601,Aqua,MODIS,87,6.2,299.8,177.8,D,0
-16.1932,124.7782,327.9,3.3,1.7,2014-11-01,0601,Aqua,MODIS,68,6.2,301.5,73.5,D,0
-16.1991,124.8188,322.5,3.3,1.7,2014-11-01,0601,Aqua,MODIS,20,6.2,298.2,33.9,D,0
-18.7653,122.639,346.6,2,1.4,2014-11-01,0601,Aqua,MODIS,89,6.2,302.1,107.5,D,0
-17.7466,125.8403,329.7,3.7,1.8,2014-11-01,0601,Aqua,MODIS,48,6.2,305,59.1,D,0
-17.9088,123.1489,335,2.3,1.5,2014-11-01,0601,Aqua,MODIS,42,6.2,292,58.7,D,0
-17.9219,123.1516,345.1,2.3,1.5,2014-11-01,0601,Aqua,MODIS,82,6.2,304.4,108.2,D,0
-17.935,123.1542,333,2.3,1.5,2014-11-01,0601,Aqua,MODIS,56,6.2,306.2,34.1,D,0
-17.7307,125.8367,328.9,3.7,1.8,2014-11-01,0601,Aqua,MODIS,34,6.2,304.2,49.4,D,0
-18.7563,122.6176,352.6,2,1.4,2014-11-01,0601,Aqua,MODIS,94,6.2,299.6,149.3,D,0
-17.6934,124.1484,346.5,2.8,1.6,2014-11-01,0601,Aqua,MODIS,84,6.2,307.8,139.9,D,0
-17.6939,124.0693,336.9,2.7,1.6,2014-11-01,0601,Aqua,MODIS,61,6.2,307.5,58.7,D,0
-18.7529,122.6366,368.2,2,1.4,2014-11-01,0601,Aqua,MODIS,100,6.2,298.2,264.7,D,0
-18.7584,122.6772,334.4,2,1.4,2014-11-01,0601,Aqua,MODIS,66,6.2,307.1,42.3,D,0
-32.6924,151.8969,305.9,3,1.7,2014-11-01,1205,Terra,MODIS,66,6.2,288.9,32.1,N,0
-32.6945,151.8642,301.7,3.1,1.7,2014-11-01,1205,Terra,MODIS,28,6.2,289.4,20.1,N,0
-32.6944,151.8918,304.2,3,1.7,2014-11-01,1205,Terra,MODIS,59,6.2,289,28,N,0
-23.9962,149.1971,301.8,3.8,1.8,2014-11-01,1207,Terra,MODIS,39,6.2,291.1,23.7,N,0
-23.9898,149.1905,303,3.8,1.8,2014-11-01,1207,Terra,MODIS,53,6.2,291.2,30.5,N,0
-24.0681,149.0481,300.7,3.9,1.8,2014-11-01,1207,Terra,MODIS,6,6.2,290.4,20.5,N,0
-25.2333,152.3195,317.3,2.3,1.5,2014-11-01,1207,Terra,MODIS,95,6.2,290.5,53.3,N,0
-25.2312,152.3425,308,2.3,1.5,2014-11-01,1207,Terra,MODIS,73,6.2,290.6,28.5,N,0
-29.2339,129.6187,300.7,1.9,1.3,2014-11-01,1344,Terra,MODIS,14,6.2,287.2,12.9,N,0
-29.2442,129.6398,304.2,1.9,1.3,2014-11-01,1344,Terra,MODIS,59,6.2,287.1,18.1,N,0
-28.1135,129.5825,303.4,1.8,1.3,2014-11-01,1345,Terra,MODIS,55,6.2,287.6,16.8,N,0
-25.8846,125.3868,302.6,3.4,1.7,2014-11-01,1345,Terra,MODIS,50,6.2,292,28.5,N,0
-28.1188,129.5956,300.1,1.8,1.3,2014-11-01,1345,Terra,MODIS,17,6.2,287.1,13,N,0
-25.8751,125.3807,302.7,3.4,1.7,2014-11-01,1345,Terra,MODIS,51,6.2,291.6,28.9,N,0
-23.4256,126.5828,300.1,2.6,1.6,2014-11-01,1346,Terra,MODIS,12,6.2,288.8,14.2,N,0
-23.6706,126.7057,304.4,2.6,1.5,2014-11-01,1346,Terra,MODIS,53,6.2,289.9,22.1,N,0
-23.6427,126.7026,315.3,2.6,1.5,2014-11-01,1346,Terra,MODIS,91,6.2,292.2,50.9,N,0
-23.6681,126.7311,311.8,2.6,1.5,2014-11-01,1346,Terra,MODIS,83,6.2,288.2,42,N,0
-23.4302,126.5886,302.9,2.6,1.6,2014-11-01,1346,Terra,MODIS,50,6.2,288.6,20.6,N,0
-22.1069,126.4056,312.9,2.6,1.5,2014-11-01,1346,Terra,MODIS,86,6.2,290.8,44.3,N,0
-22.7985,123.3098,324.2,4.4,1.9,2014-11-01,1346,Terra,MODIS,100,6.2,296.1,168.7,N,0
-22.1093,126.3805,303.9,2.6,1.5,2014-11-01,1346,Terra,MODIS,41,6.2,292.2,19.1,N,0
-22.1018,126.3983,313.5,2.6,1.5,2014-11-01,1346,Terra,MODIS,87,6.2,292.1,44.7,N,0
-22.7982,123.3052,324.9,4.4,1.9,2014-11-01,1346,Terra,MODIS,100,6.2,295.9,176.2,N,0
-22.1132,126.4249,300.1,2.6,1.5,2014-11-01,1346,Terra,MODIS,11,6.2,288.6,12.4,N,0
-22.8157,123.3068,309,4.4,1.9,2014-11-01,1346,Terra,MODIS,76,6.2,295.8,58.3,N,0
-22.8161,123.3115,308.6,4.4,1.9,2014-11-01,1346,Terra,MODIS,75,6.2,295.8,54.4,N,0
-24.4655,127.4161,303.7,2.3,1.5,2014-11-01,1346,Terra,MODIS,25,6.2,281,20.8,N,0
-19.71,127.6994,326.8,1.9,1.4,2014-11-01,1347,Terra,MODIS,96,6.2,267.6,0,N,0
-20.1301,129.6146,312.2,1.4,1.2,2014-11-01,1347,Terra,MODIS,84,6.2,293.8,15.2,N,0
-20.1317,129.6009,371.9,1.4,1.2,2014-11-01,1347,Terra,MODIS,100,6.2,298.1,204.7,N,0
-19.9158,129.7917,304.5,1.4,1.2,2014-11-01,1347,Terra,MODIS,31,6.2,275,9.2,N,0
-20.1333,129.5873,326.5,1.4,1.2,2014-11-01,1347,Terra,MODIS,100,6.2,293.7,38.2,N,0
-20.1226,129.5858,320.2,1.4,1.2,2014-11-01,1347,Terra,MODIS,100,6.2,292.9,26.7,N,0
-16.8988,142.9102,305,3.8,1.8,2014-11-01,1347,Terra,MODIS,63,6.2,291.6,23.9,N,0
-16.9055,142.8751,307.6,3.8,1.8,2014-11-01,1347,Terra,MODIS,72,6.2,291.3,35.2,N,0
-16.8955,142.8797,309.6,3.8,1.8,2014-11-01,1347,Terra,MODIS,78,6.2,291.3,43.7,N,0
-19.6129,123.9404,325,3.7,1.8,2014-11-01,1347,Terra,MODIS,84,6.2,293.8,140.7,N,0
-19.5937,123.9736,320.9,3.6,1.8,2014-11-01,1347,Terra,MODIS,73,6.2,286.2,113.3,N,0
-19.6216,123.9341,322.3,3.7,1.8,2014-11-01,1347,Terra,MODIS,84,6.2,292.5,126,N,0
-19.5828,124.0002,314.5,3.6,1.8,2014-11-01,1347,Terra,MODIS,69,6.2,289,76.5,N,0
-19.586,123.9656,329.4,3.6,1.8,2014-11-01,1347,Terra,MODIS,100,6.2,287.5,173.8,N,0
-19.4942,123.9856,324.8,3.6,1.8,2014-11-01,1347,Terra,MODIS,100,6.2,293.5,129.5,N,0
-19.4974,123.9509,321.1,3.6,1.8,2014-11-01,1347,Terra,MODIS,100,6.2,292.2,103.8,N,0
-19.4781,123.9838,308.9,3.6,1.8,2014-11-01,1347,Terra,MODIS,76,6.2,294.3,41.4,N,0
-19.4812,123.9492,310.3,3.6,1.8,2014-11-01,1347,Terra,MODIS,77,6.2,294.7,46.5,N,0
-20.2267,131.0652,329.5,1.2,1.1,2014-11-01,1347,Terra,MODIS,100,6.2,292.7,35.6,N,0
-20.6205,123.7025,313.5,3.9,1.8,2014-11-01,1347,Terra,MODIS,51,6.2,292.6,80.7,N,0
-18.2137,129.6008,301.9,1.4,1.2,2014-11-01,1347,Terra,MODIS,40,6.2,288.3,6,N,0
-20.4239,125.5729,310.7,2.8,1.6,2014-11-01,1347,Terra,MODIS,72,6.2,286.2,46,N,0
-18.3244,129.5308,304.9,1.4,1.2,2014-11-01,1347,Terra,MODIS,18,6.2,266.6,11.6,N,0
-18.2972,129.5797,344.6,1.4,1.2,2014-11-01,1347,Terra,MODIS,100,6.2,282.5,80.9,N,0
-18.2988,129.5668,321.1,1.4,1.2,2014-11-01,1347,Terra,MODIS,92,6.2,275.7,29.4,N,0
-18.2912,129.5726,320.5,1.4,1.2,2014-11-01,1347,Terra,MODIS,100,6.2,283.9,26.7,N,0
-18.2688,129.5826,307,1.4,1.2,2014-11-01,1347,Terra,MODIS,23,6.2,288.8,9.8,N,0
-18.2769,129.518,304.7,1.4,1.2,2014-11-01,1347,Terra,MODIS,53,6.2,277.2,11.7,N,0
-20.2419,131.1018,302.7,1.2,1.1,2014-11-01,1347,Terra,MODIS,46,6.2,291.5,5.7,N,0
-20.2433,131.0906,302.9,1.2,1.1,2014-11-01,1347,Terra,MODIS,51,6.2,291.5,5.8,N,0
-20.235,131.0779,334.9,1.2,1.1,2014-11-01,1347,Terra,MODIS,100,6.2,293.4,44.3,N,0
-20.2365,131.0666,317.7,1.2,1.1,2014-11-01,1347,Terra,MODIS,95,6.2,292.5,18.9,N,0
-20.2253,131.0765,312.1,1.2,1.1,2014-11-01,1347,Terra,MODIS,84,6.2,291.9,13,N,0
-20.2594,123.2382,307.4,4.2,1.9,2014-11-01,1347,Terra,MODIS,10,6.2,288.9,63.8,N,0
-20.1194,129.6131,364.9,1.4,1.2,2014-11-01,1347,Terra,MODIS,100,6.2,296.1,166.4,N,0
-18.025,132.7237,307.4,1,1,2014-11-01,1347,Terra,MODIS,55,6.2,292.3,6.1,N,0
-20.121,129.5995,405,1.4,1.2,2014-11-01,1347,Terra,MODIS,100,6.2,301,479.5,N,0
-20.1103,129.598,306.5,1.4,1.2,2014-11-01,1347,Terra,MODIS,68,6.2,292.4,9.7,N,0
-18.0264,132.7142,332.3,1,1,2014-11-01,1347,Terra,MODIS,100,6.2,296,30.9,N,0
-20.2655,123.2048,316.4,4.2,1.9,2014-11-01,1347,Terra,MODIS,75,6.2,293.1,123.5,N,0
-18.2077,132.993,309.4,1,1,2014-11-01,1347,Terra,MODIS,76,6.2,294.2,7.8,N,0
-20.2483,123.2031,307.6,4.2,1.9,2014-11-01,1347,Terra,MODIS,17,6.2,292.5,74.8,N,0
-20.1156,129.6062,378.2,1.4,1.2,2014-11-01,1347,Terra,MODIS,100,6.2,298.3,245.1,N,0
-20.1173,129.5925,344.7,1.4,1.2,2014-11-01,1347,Terra,MODIS,100,6.2,294.4,85.4,N,0
-20.2631,123.1978,315,4.2,1.9,2014-11-01,1347,Terra,MODIS,68,6.2,293.9,113.1,N,0
-18.0277,132.7048,308.3,1,1,2014-11-01,1347,Terra,MODIS,66,6.2,294.4,6.4,N,0
-21.5346,124.466,308.9,3.5,1.8,2014-11-01,1347,Terra,MODIS,63,6.2,294.2,42,N,0
-21.5825,124.4711,311.7,3.5,1.8,2014-11-01,1347,Terra,MODIS,76,6.2,294.4,54.1,N,0
-21.5331,124.4029,321.3,3.6,1.8,2014-11-01,1347,Terra,MODIS,100,6.2,295.1,104,N,0
-21.8921,126.2608,306.7,2.6,1.6,2014-11-01,1347,Terra,MODIS,69,6.2,291.1,29.3,N,0
-22.0143,126.2293,303.9,2.7,1.6,2014-11-01,1347,Terra,MODIS,57,6.2,291.4,22,N,0
-19.824,122.7049,313.6,4.5,2,2014-11-01,1347,Terra,MODIS,62,6.2,294.2,97,N,0
-22.0693,123.9341,310.8,3.9,1.8,2014-11-01,1347,Terra,MODIS,81,6.2,294.2,59.4,N,0
-19.8417,122.7064,316.1,4.5,2,2014-11-01,1347,Terra,MODIS,58,6.2,293.6,117.7,N,0
-19.8238,122.7096,314.3,4.5,2,2014-11-01,1347,Terra,MODIS,72,6.2,294.1,102,N,0
-19.8415,122.7111,319.2,4.5,2,2014-11-01,1347,Terra,MODIS,75,6.2,293.4,143.1,N,0
-19.6631,122.8935,311.1,4.4,1.9,2014-11-01,1347,Terra,MODIS,82,6.2,294,67.4,N,0
-21.5302,124.4375,319.5,3.6,1.8,2014-11-01,1347,Terra,MODIS,99,6.2,295.1,94.5,N,0
-21.5462,124.4392,321.4,3.6,1.8,2014-11-01,1347,Terra,MODIS,100,6.2,294.8,105.6,N,0
-19.6398,123.1828,305.5,4.2,1.9,2014-11-01,1347,Terra,MODIS,42,6.2,294.5,28.6,N,0
-19.6639,123.1054,314.4,4.2,1.9,2014-11-01,1347,Terra,MODIS,66,6.2,295,74.9,N,0
-19.6603,123.1451,361.1,4.2,1.9,2014-11-01,1347,Terra,MODIS,100,6.2,298.6,682,N,0
-19.6569,123.1846,338.9,4.2,1.9,2014-11-01,1347,Terra,MODIS,100,6.2,296,299.8,N,0
-21.5782,124.4427,311.4,3.6,1.8,2014-11-01,1347,Terra,MODIS,83,6.2,294.7,52.9,N,0
-21.6857,126.3786,300.8,2.6,1.5,2014-11-01,1347,Terra,MODIS,28,6.2,281.9,16.4,N,0
-19.7876,122.917,321.6,4.4,1.9,2014-11-01,1347,Terra,MODIS,87,6.2,293.6,157,N,0
-19.6404,123.1383,322,4.2,1.9,2014-11-01,1347,Terra,MODIS,100,6.2,295.3,136.7,N,0
-19.6598,123.192,318.2,4.2,1.9,2014-11-01,1347,Terra,MODIS,96,6.2,294.8,104.9,N,0
-19.6467,123.1037,316.3,4.2,1.9,2014-11-01,1347,Terra,MODIS,93,6.2,294.6,93.3,N,0
-21.5753,124.4771,310.2,3.5,1.8,2014-11-01,1347,Terra,MODIS,79,6.2,294.2,47.8,N,0
-19.6801,123.1543,341.7,4.2,1.9,2014-11-01,1347,Terra,MODIS,100,6.2,296,343,N,0
-19.6644,122.8985,315.6,4.4,1.9,2014-11-01,1347,Terra,MODIS,92,6.2,294.1,96.8,N,0
-19.6775,123.1468,337.9,4.2,1.9,2014-11-01,1347,Terra,MODIS,100,6.2,296.1,291,N,0
-22.0677,123.8904,322.7,3.9,1.8,2014-11-01,1347,Terra,MODIS,100,6.2,295.4,135.2,N,0
-22.0724,123.8958,315.9,3.9,1.8,2014-11-01,1347,Terra,MODIS,92,6.2,294.9,89.2,N,0
-21.8945,126.2353,302.5,2.6,1.6,2014-11-01,1347,Terra,MODIS,50,6.2,290.9,19.2,N,0
-19.6593,122.9353,317.1,4.3,1.9,2014-11-01,1347,Terra,MODIS,94,6.2,294.3,109.3,N,0
-19.6983,123.1082,309.6,4.2,1.9,2014-11-01,1347,Terra,MODIS,76,6.2,295,52.5,N,0
-19.6811,123.1068,315.6,4.2,1.9,2014-11-01,1347,Terra,MODIS,91,6.2,295.1,83,N,0
-21.5086,124.3938,314,3.6,1.8,2014-11-01,1347,Terra,MODIS,84,6.2,294.6,64.1,N,0
-22.0556,123.8942,341.6,3.9,1.8,2014-11-01,1347,Terra,MODIS,100,6.2,296.5,324.5,N,0
-22.0526,123.9325,306.7,3.9,1.8,2014-11-01,1347,Terra,MODIS,69,6.2,293.9,40.2,N,0
-19.7888,122.9218,322.1,4.4,1.9,2014-11-01,1347,Terra,MODIS,91,6.2,293.4,160.7,N,0
-18.8237,122.683,313.8,4.4,1.9,2014-11-01,1347,Terra,MODIS,88,6.2,293,91.5,N,0
-19.6432,123.1434,331.6,4.2,1.9,2014-11-01,1347,Terra,MODIS,100,6.2,295.5,224.9,N,0
-18.823,122.6762,315.1,4.4,1.9,2014-11-01,1347,Terra,MODIS,91,6.2,292.8,102.2,N,0
-21.5247,124.3955,319.7,3.6,1.8,2014-11-01,1347,Terra,MODIS,99,6.2,295.1,95.7,N,0
-21.5216,124.43,318.4,3.6,1.8,2014-11-01,1347,Terra,MODIS,96,6.2,295.1,88,N,0
-21.5376,124.4316,321.8,3.6,1.8,2014-11-01,1347,Terra,MODIS,100,6.2,295.1,109.5,N,0
-19.6261,123.1418,304.7,4.2,1.9,2014-11-01,1347,Terra,MODIS,31,6.2,294.1,29.3,N,0
-19.663,123.1525,363.3,4.2,1.9,2014-11-01,1347,Terra,MODIS,100,6.2,298.3,732.3,N,0
-19.6663,123.1127,315.1,4.2,1.9,2014-11-01,1347,Terra,MODIS,91,6.2,295,80.2,N,0
-19.6608,122.9404,314.6,4.3,1.9,2014-11-01,1347,Terra,MODIS,89,6.2,294.1,90.7,N,0
-22.0542,123.8503,306.4,4,1.9,2014-11-01,1347,Terra,MODIS,68,6.2,295,39.8,N,0
-19.6441,123.0986,312.5,4.2,1.9,2014-11-01,1347,Terra,MODIS,81,6.2,294.3,70.3,N,0
-19.6835,123.1142,325.1,4.2,1.9,2014-11-01,1347,Terra,MODIS,100,6.2,295.1,160,N,0
-19.7007,123.1156,316.4,4.2,1.9,2014-11-01,1347,Terra,MODIS,93,6.2,294.9,94.6,N,0
-22.0644,123.9286,322.8,3.9,1.8,2014-11-01,1347,Terra,MODIS,100,6.2,294.9,133.9,N,0
-19.6973,123.1558,335.5,4.2,1.9,2014-11-01,1347,Terra,MODIS,100,6.2,295.9,268,N,0
-19.6947,123.1483,339.7,4.2,1.9,2014-11-01,1347,Terra,MODIS,100,6.2,296.6,321.1,N,0
-22.0509,123.8889,337.6,3.9,1.8,2014-11-01,1347,Terra,MODIS,100,6.2,296.1,277.4,N,0
-22.0587,123.8557,317.4,4,1.9,2014-11-01,1347,Terra,MODIS,95,6.2,295.2,99.1,N,0
-22.0182,126.235,303.3,2.7,1.6,2014-11-01,1347,Terra,MODIS,55,6.2,291.6,20.2,N,0
-17.7582,125.8363,318.9,2.5,1.5,2014-11-01,1348,Terra,MODIS,98,6.2,293.9,43.7,N,0
-16.2019,124.8441,302.6,2.8,1.6,2014-11-01,1348,Terra,MODIS,50,6.2,292.5,13.9,N,0
-17.9813,123.2194,309.1,3.9,1.8,2014-11-01,1348,Terra,MODIS,76,6.2,293.6,43.6,N,0
-17.9862,123.2245,310.9,3.9,1.8,2014-11-01,1348,Terra,MODIS,80,6.2,293.7,53.4,N,0
-18.2047,122.5747,303.6,4.4,1.9,2014-11-01,1348,Terra,MODIS,49,6.2,292.9,34.5,N,0
-18.2055,122.5796,304.4,4.4,1.9,2014-11-01,1348,Terra,MODIS,57,6.2,292.9,37.6,N,0
-17.7719,125.8378,311.6,2.5,1.5,2014-11-01,1348,Terra,MODIS,75,6.2,293.2,21.5,N,0
-14.9328,127.5744,321.4,1.7,1.3,2014-11-01,1348,Terra,MODIS,100,6.2,295.4,35.2,N,0
-14.9442,127.5758,307.3,1.7,1.3,2014-11-01,1348,Terra,MODIS,68,6.2,295.3,11.4,N,0
-15.4339,126.6501,301.4,2,1.4,2014-11-01,1348,Terra,MODIS,12,6.2,279.4,21.1,N,0
-14.57,131.276,312.3,1,1,2014-11-01,1348,Terra,MODIS,15,6.2,299.6,6.2,N,0
-14.5609,131.2745,309.1,1,1,2014-11-01,1348,Terra,MODIS,26,6.2,299.1,4.4,N,0
-17.0633,126.384,319,2.2,1.4,2014-11-01,1348,Terra,MODIS,98,6.2,291.2,47.5,N,0
-16.2068,124.8227,302.8,2.8,1.6,2014-11-01,1348,Terra,MODIS,51,6.2,292.6,14.4,N,0
-14.5544,131.2539,320.4,1,1,2014-11-01,1348,Terra,MODIS,100,6.2,298.7,14.2,N,0
-14.9309,127.5899,318.2,1.7,1.3,2014-11-01,1348,Terra,MODIS,96,6.2,295.3,28.7,N,0
-14.5622,131.2649,309.5,1,1,2014-11-01,1348,Terra,MODIS,54,6.2,299,4.7,N,0
-14.9423,127.5913,316.7,1.7,1.3,2014-11-01,1348,Terra,MODIS,93,6.2,295.7,26.6,N,0
-17.6025,126.3144,307.4,2.3,1.5,2014-11-01,1348,Terra,MODIS,50,6.2,268.4,35,N,0
-14.5531,131.2635,313.6,1,1,2014-11-01,1348,Terra,MODIS,74,6.2,298.4,7.6,N,0
-15.436,126.6559,305.1,2,1.4,2014-11-01,1348,Terra,MODIS,9,6.2,284.1,24.8,N,0
-17.1909,124.7723,324.8,2.9,1.6,2014-11-01,1348,Terra,MODIS,100,6.2,293.4,95.4,N,0
-17.2056,124.774,307,2.9,1.6,2014-11-01,1348,Terra,MODIS,68,6.2,294.5,22.3,N,0
-17.191,124.7791,326.8,2.9,1.6,2014-11-01,1348,Terra,MODIS,100,6.2,294.4,106.3,N,0
-17.0656,126.3632,311.6,2.2,1.4,2014-11-01,1348,Terra,MODIS,82,6.2,291.6,26.7,N,0
-15.4381,126.6374,304.8,2,1.4,2014-11-01,1348,Terra,MODIS,22,6.2,279.9,24.7,N,0
-15.398,142.5976,309.8,3.9,1.8,2014-11-01,1348,Terra,MODIS,57,6.2,293,48.5,N,0
-15.4144,142.6011,327.8,3.9,1.8,2014-11-01,1348,Terra,MODIS,100,6.2,293.6,162.6,N,0
-15.4077,142.6368,311.2,3.9,1.8,2014-11-01,1348,Terra,MODIS,16,6.2,293.1,50.9,N,0
-15.4196,142.6073,330.8,3.9,1.8,2014-11-01,1348,Terra,MODIS,100,6.2,293.8,189.6,N,0
-15.4428,142.5753,310.8,3.8,1.8,2014-11-01,1348,Terra,MODIS,17,6.2,293.1,49,N,0
-15.4591,142.5788,313.6,3.8,1.8,2014-11-01,1348,Terra,MODIS,81,6.2,293.1,67.4,N,0
-15.4577,142.6225,326.8,3.9,1.8,2014-11-01,1348,Terra,MODIS,100,6.2,293.6,162,N,0
-15.4647,142.587,316.6,3.8,1.8,2014-11-01,1348,Terra,MODIS,94,6.2,293.2,87.1,N,0
-15.2882,142.7244,307.1,4,1.9,2014-11-01,1348,Terra,MODIS,40,6.2,292.5,38.9,N,0
-15.4455,142.6501,308.5,3.9,1.8,2014-11-01,1348,Terra,MODIS,69,6.2,293,44,N,0
-15.4523,142.6143,343.5,3.9,1.8,2014-11-01,1348,Terra,MODIS,100,6.2,294.2,336.1,N,0
-15.4307,142.6046,331.8,3.9,1.8,2014-11-01,1348,Terra,MODIS,100,6.2,294,197.7,N,0
-15.3001,142.7201,310.4,4,1.9,2014-11-01,1348,Terra,MODIS,70,6.2,292.5,57.4,N,0
-15.436,142.6108,339.5,3.9,1.8,2014-11-01,1348,Terra,MODIS,100,6.2,294.1,281.3,N,0
-15.4033,142.6039,320.6,3.9,1.8,2014-11-01,1348,Terra,MODIS,100,6.2,293.3,109.7,N,0
-15.3845,142.6694,306.6,3.9,1.8,2014-11-01,1348,Terra,MODIS,14,6.2,292.5,33.1,N,0
-14.4159,133.4552,340.7,1,1,2014-11-01,1348,Terra,MODIS,100,6.2,302.3,41.7,N,0
-15.9315,133.9779,306.8,1,1,2014-11-01,1348,Terra,MODIS,13,6.2,294.5,4.4,N,0
-14.3094,133.3646,313.2,1,1,2014-11-01,1348,Terra,MODIS,70,6.2,299.7,7,N,0
-14.2487,136.9207,310.1,1.5,1.2,2014-11-01,1348,Terra,MODIS,69,6.2,295.6,15,N,0
-14.4173,133.4457,321.5,1,1,2014-11-01,1348,Terra,MODIS,100,6.2,300,15.2,N,0
-14.4068,133.4537,312.8,1,1,2014-11-01,1348,Terra,MODIS,80,6.2,300.1,7.9,N,0
-14.4144,132.9609,310.7,1,1,2014-11-01,1348,Terra,MODIS,70,6.2,299,5.6,N,0
-15.8629,133.9371,311.1,1,1,2014-11-01,1348,Terra,MODIS,28,6.2,297,7.3,N,0
-15.7452,125.7468,304.5,2.4,1.5,2014-11-01,1348,Terra,MODIS,17,6.2,292.3,12.1,N,0
-14.4131,132.9702,316.9,1,1,2014-11-01,1348,Terra,MODIS,92,6.2,299.9,10.4,N,0
-14.3108,133.3552,321.6,1,1,2014-11-01,1348,Terra,MODIS,100,6.2,300.1,14.8,N,0
-15.6223,133.9485,308.2,1,1,2014-11-01,1348,Terra,MODIS,66,6.2,298.1,4.6,N,0
-14.4269,132.4907,332.7,1,1,2014-11-01,1348,Terra,MODIS,100,6.2,301.6,26.9,N,0
-14.4193,132.4801,316.3,1,1,2014-11-01,1348,Terra,MODIS,90,6.2,301.6,8,N,0
-14.375,132.467,312.8,1,1,2014-11-01,1348,Terra,MODIS,53,6.2,301.2,5.8,N,0
-14.3576,132.6527,314.3,1,1,2014-11-01,1348,Terra,MODIS,79,6.2,299.3,8.4,N,0
-14.4145,133.4646,311.4,1,1,2014-11-01,1348,Terra,MODIS,51,6.2,299.1,6.3,N,0
-15.415,133.7989,309.3,1,1,2014-11-01,1348,Terra,MODIS,40,6.2,297.9,5.2,N,0
-15.8376,133.9267,310.9,1,1,2014-11-01,1348,Terra,MODIS,70,6.2,296.6,6.3,N,0
-15.8362,133.9363,308.8,1,1,2014-11-01,1348,Terra,MODIS,38,6.2,297,4.9,N,0
-18.2352,126.9379,317.6,2.1,1.4,2014-11-01,1348,Terra,MODIS,85,6.2,286.7,36.2,N,0
-18.2204,126.9563,315.6,2.1,1.4,2014-11-01,1348,Terra,MODIS,42,6.2,295.3,30,N,0
-18.2226,126.9361,312.1,2.1,1.4,2014-11-01,1348,Terra,MODIS,29,6.2,290.7,20.7,N,0
-18.2326,126.9511,318.7,2.1,1.4,2014-11-01,1348,Terra,MODIS,84,6.2,287,39.6,N,0
-18.235,126.9309,309.1,2.1,1.4,2014-11-01,1348,Terra,MODIS,24,6.2,286.7,16.7,N,0
-18.22,126.9494,316.3,2.1,1.4,2014-11-01,1348,Terra,MODIS,36,6.2,294.9,31.2,N,0
-18.197,126.9259,318.4,2.1,1.4,2014-11-01,1348,Terra,MODIS,76,6.2,288.1,36.2,N,0
-18.1673,126.9621,314.4,2.1,1.4,2014-11-01,1348,Terra,MODIS,70,6.2,292.8,27,N,0
-18.2119,126.9074,313.4,2.1,1.4,2014-11-01,1348,Terra,MODIS,12,6.2,293.9,24.6,N,0
-18.1993,126.9057,326.8,2.1,1.4,2014-11-01,1348,Terra,MODIS,100,6.2,286.9,64.2,N,0
-14.3122,133.3458,316.5,1,1,2014-11-01,1348,Terra,MODIS,76,6.2,300.3,10.3,N,0
-15.5968,133.9938,310.2,1,1,2014-11-01,1348,Terra,MODIS,57,6.2,298.4,5.2,N,0
-14.3031,133.3444,325.9,1,1,2014-11-01,1348,Terra,MODIS,100,6.2,300.4,20,N,0
-15.9224,133.9764,321,1,1,2014-11-01,1348,Terra,MODIS,100,6.2,295.4,16.6,N,0
-15.9238,133.9668,306.9,1,1,2014-11-01,1348,Terra,MODIS,21,6.2,292.9,4.2,N,0
-15.606,133.9953,308.4,1,1,2014-11-01,1348,Terra,MODIS,48,6.2,298.3,4.2,N,0
-14.7011,130.8547,334.2,1.1,1,2014-11-01,1348,Terra,MODIS,100,6.2,299.3,33.1,N,0
-14.7024,130.8447,314.1,1.1,1,2014-11-01,1348,Terra,MODIS,66,6.2,297.9,8.6,N,0
-14.4596,131.4771,314.5,1,1,2014-11-01,1348,Terra,MODIS,53,6.2,300.3,8,N,0
-14.4993,131.5178,363.2,1,1,2014-11-01,1348,Terra,MODIS,100,6.2,303.3,93.9,N,0
-14.4492,131.4852,315.3,1,1,2014-11-01,1348,Terra,MODIS,87,6.2,299.8,9.2,N,0
-14.4505,131.4757,324,1,1,2014-11-01,1348,Terra,MODIS,100,6.2,300.7,17.5,N,0
-14.6918,130.8533,328,1.1,1,2014-11-01,1348,Terra,MODIS,100,6.2,298.5,24.3,N,0
-14.6931,130.8434,317.2,1.1,1,2014-11-01,1348,Terra,MODIS,92,6.2,297.9,11.6,N,0
-14.4414,131.4744,325.1,1,1,2014-11-01,1348,Terra,MODIS,100,6.2,300,18.7,N,0
-14.5007,131.5083,404.5,1,1,2014-11-01,1348,Terra,MODIS,100,6.2,312.4,286.2,N,0
-14.687,131.2859,339.5,1,1,2014-11-01,1348,Terra,MODIS,100,6.2,300.7,39.9,N,0
-14.3883,130.8508,330.7,1.1,1,2014-11-01,1348,Terra,MODIS,100,6.2,298.2,28.2,N,0
-14.3897,130.841,311,1.1,1,2014-11-01,1348,Terra,MODIS,74,6.2,297.2,6.7,N,0
-14.489,131.4582,350.6,1,1,2014-11-01,1348,Terra,MODIS,100,6.2,300.6,61.5,N,0
-14.4877,131.4677,342.7,1,1,2014-11-01,1348,Terra,MODIS,100,6.2,301.7,44.8,N,0
-14.6626,130.7883,341.8,1.1,1,2014-11-01,1348,Terra,MODIS,100,6.2,298.6,47.5,N,0
-14.3275,132.4785,311.5,1,1,2014-11-01,1348,Terra,MODIS,50,6.2,300.9,4.6,N,0
-14.4981,131.4596,324,1,1,2014-11-01,1348,Terra,MODIS,100,6.2,299.9,17.7,N,0
-14.4968,131.4691,342.9,1,1,2014-11-01,1348,Terra,MODIS,100,6.2,302,45.2,N,0
-14.5059,131.4704,310.5,1,1,2014-11-01,1348,Terra,MODIS,47,6.2,299.6,5.3,N,0
-14.4583,131.4865,326.5,1,1,2014-11-01,1348,Terra,MODIS,100,6.2,301.3,20.8,N,0
-14.7197,130.8573,311.4,1.1,1,2014-11-01,1348,Terra,MODIS,70,6.2,297.7,7.1,N,0
-14.6852,130.8321,309.2,1.1,1,2014-11-01,1348,Terra,MODIS,63,6.2,297.3,5.1,N,0
-14.6838,130.842,308.2,1.1,1,2014-11-01,1348,Terra,MODIS,53,6.2,297.5,4.5,N,0
-14.664,130.7783,312.2,1.1,1,2014-11-01,1348,Terra,MODIS,77,6.2,297.1,8,N,0
-14.4851,131.4866,314.4,1,1,2014-11-01,1348,Terra,MODIS,62,6.2,300.7,7.5,N,0
-14.4747,131.4947,321.3,1,1,2014-11-01,1348,Terra,MODIS,100,6.2,301.7,13.6,N,0
-14.476,131.4853,313.6,1,1,2014-11-01,1348,Terra,MODIS,9,6.2,300.7,6.4,N,0
-14.4656,131.4934,324.1,1,1,2014-11-01,1348,Terra,MODIS,100,6.2,301,17.3,N,0
-14.6557,131.1178,311,1.1,1,2014-11-01,1348,Terra,MODIS,72,6.2,298.2,6.3,N,0
-14.1079,135.3596,307,1.2,1.1,2014-11-01,1348,Terra,MODIS,58,6.2,296.2,7,N,0
-14.2354,136.933,323.2,1.5,1.2,2014-11-01,1348,Terra,MODIS,100,6.2,296.4,35.3,N,0
-14.2377,136.9187,315.9,1.5,1.2,2014-11-01,1348,Terra,MODIS,89,6.2,295.4,22.8,N,0
-14.5766,131.2963,311.1,1,1,2014-11-01,1348,Terra,MODIS,55,6.2,298.9,5.9,N,0
-14.5687,131.2854,332.6,1,1,2014-11-01,1348,Terra,MODIS,100,6.2,300,29,N,0
-14.4495,130.7489,328.7,1.1,1,2014-11-01,1348,Terra,MODIS,100,6.2,297.4,26.4,N,0
-14.4509,130.7389,335.1,1.1,1,2014-11-01,1348,Terra,MODIS,100,6.2,297.9,36,N,0
-14.3184,131.4978,313.8,1,1,2014-11-01,1348,Terra,MODIS,83,6.2,299.2,7.9,N,0
-14.1661,136.6573,312.8,1.5,1.2,2014-11-01,1348,Terra,MODIS,84,6.2,296.2,16.3,N,0
-14.6962,131.2873,342.4,1,1,2014-11-01,1348,Terra,MODIS,100,6.2,301.1,45.2,N,0
-14.6857,131.2956,315,1,1,2014-11-01,1348,Terra,MODIS,86,6.2,299.4,8.6,N,0
-14.4903,131.4488,348.7,1,1,2014-11-01,1348,Terra,MODIS,100,6.2,301.3,57.5,N,0
-14.6779,131.2846,322.5,1,1,2014-11-01,1348,Terra,MODIS,100,6.2,299.5,16.4,N,0
-14.6606,131.2859,310.7,1,1,2014-11-01,1348,Terra,MODIS,70,6.2,299.4,6.2,N,0
-14.5097,131.5097,313,1,1,2014-11-01,1348,Terra,MODIS,80,6.2,300.6,7.3,N,0
-14.6975,131.2777,313.2,1,1,2014-11-01,1348,Terra,MODIS,70,6.2,299,7.2,N,0
-14.4669,131.4839,316.2,1,1,2014-11-01,1348,Terra,MODIS,39,6.2,300.8,8.6,N,0
-14.4825,131.4379,349.4,1,1,2014-11-01,1348,Terra,MODIS,100,6.2,300.1,60,N,0
-14.4812,131.4474,362.1,1,1,2014-11-01,1348,Terra,MODIS,100,6.2,301.6,91.4,N,0
-14.4799,131.4569,320.9,1,1,2014-11-01,1348,Terra,MODIS,48,6.2,299.9,14.9,N,0
-14.4916,131.4393,318.1,1,1,2014-11-01,1348,Terra,MODIS,88,6.2,299,12.3,N,0
-14.387,130.8606,312.4,1.1,1,2014-11-01,1348,Terra,MODIS,79,6.2,297.4,7.7,N,0
-14.4362,131.4446,316.6,1,1,2014-11-01,1348,Terra,MODIS,37,6.2,296,11.4,N,0
-14.6649,131.1191,313.2,1.1,1,2014-11-01,1348,Terra,MODIS,80,6.2,298.8,8.3,N,0
-14.6636,131.1288,308.9,1.1,1,2014-11-01,1348,Terra,MODIS,61,6.2,298.7,4.8,N,0
-14.1484,132.8914,309.9,1,1,2014-11-01,1348,Terra,MODIS,68,6.2,298.1,6.9,N,0
-14.4721,131.446,320.6,1,1,2014-11-01,1348,Terra,MODIS,14,6.2,300.1,15.6,N,0
-14.4734,131.4366,327.8,1,1,2014-11-01,1348,Terra,MODIS,72,6.2,294.9,24.6,N,0
-14.502,131.4988,354.2,1,1,2014-11-01,1348,Terra,MODIS,100,6.2,304.4,68.8,N,0
-14.5033,131.4894,312.4,1,1,2014-11-01,1348,Terra,MODIS,41,6.2,300,6.3,N,0
-14.4903,131.5164,341.6,1,1,2014-11-01,1348,Terra,MODIS,100,6.2,300.9,42.7,N,0
-14.4916,131.5069,373.8,1,1,2014-11-01,1348,Terra,MODIS,100,6.2,306.4,128.6,N,0
-14.4929,131.4975,328,1,1,2014-11-01,1348,Terra,MODIS,100,6.2,302.4,21.3,N,0
-14.4825,131.5056,356,1,1,2014-11-01,1348,Terra,MODIS,100,6.2,302.9,73.3,N,0
-14.4838,131.4961,325.4,1,1,2014-11-01,1348,Terra,MODIS,100,6.2,302.3,17.6,N,0
-14.6613,130.7982,310,1.1,1,2014-11-01,1348,Terra,MODIS,67,6.2,297.4,5.8,N,0
-13.0881,132.9064,328,1,1,2014-11-01,1349,Terra,MODIS,100,6.2,299.7,23.2,N,0
-14.0744,131.2695,310.9,1,1,2014-11-01,1349,Terra,MODIS,75,6.2,297.6,6.9,N,0
-12.2782,132.7167,306.1,1,1,2014-11-01,1349,Terra,MODIS,63,6.2,292.9,6,N,0
-13.0707,133.1518,313.7,1,1,2014-11-01,1349,Terra,MODIS,84,6.2,300.4,7.6,N,0
-13.0985,132.8985,321.3,1,1,2014-11-01,1349,Terra,MODIS,100,6.2,299.7,15.5,N,0
-14.0666,131.2586,318,1,1,2014-11-01,1349,Terra,MODIS,95,6.2,297.9,13.3,N,0
-13.1098,132.9478,315.2,1,1,2014-11-01,1349,Terra,MODIS,72,6.2,299.5,9.7,N,0
-12.2755,132.7352,303.5,1,1,2014-11-01,1349,Terra,MODIS,48,6.2,292.6,4.6,N,0
-13.0894,132.8972,347.9,1,1,2014-11-01,1349,Terra,MODIS,100,6.2,301.2,55.2,N,0
-12.9642,133.1865,309.1,1,1,2014-11-01,1349,Terra,MODIS,43,6.2,298,4.9,N,0
-12.9824,133.1893,310.1,1,1,2014-11-01,1349,Terra,MODIS,28,6.2,299.2,5.3,N,0
-13.4758,133.8437,310,1.1,1,2014-11-01,1349,Terra,MODIS,73,6.2,298.4,6.9,N,0
-13.0379,133.1851,314.8,1,1,2014-11-01,1349,Terra,MODIS,87,6.2,299.9,8.8,N,0
-13.4772,133.8339,310.1,1.1,1,2014-11-01,1349,Terra,MODIS,73,6.2,297.9,7.1,N,0
-13.0804,132.8958,313,1,1,2014-11-01,1349,Terra,MODIS,82,6.2,298.6,8,N,0
-13.0908,132.8878,317.6,1,1,2014-11-01,1349,Terra,MODIS,94,6.2,299.7,11.7,N,0
-13.0347,132.9583,309.6,1,1,2014-11-01,1349,Terra,MODIS,70,6.2,299.1,5.2,N,0
-13.0006,133.1922,312.9,1,1,2014-11-01,1349,Terra,MODIS,82,6.2,299.8,7.2,N,0
-14.0757,131.26,311.1,1,1,2014-11-01,1349,Terra,MODIS,75,6.2,297.7,7,N,0
-12.9992,133.2017,310.7,1,1,2014-11-01,1349,Terra,MODIS,75,6.2,299.2,5.7,N,0
-12.2769,132.726,323.8,1,1,2014-11-01,1349,Terra,MODIS,100,6.2,293.5,21.3,N,0
-13.0288,133.1837,318.4,1,1,2014-11-01,1349,Terra,MODIS,96,6.2,300.2,11.9,N,0
-13.1175,132.9583,314.3,1,1,2014-11-01,1349,Terra,MODIS,86,6.2,299.1,8.8,N,0
-13.5221,132.4506,318,1,1,2014-11-01,1349,Terra,MODIS,95,6.2,299.8,10.8,N,0
-12.5915,136.208,312.2,1.5,1.2,2014-11-01,1349,Terra,MODIS,83,6.2,294.5,16.8,N,0
-11.7235,130.3308,306.1,1.1,1,2014-11-01,1349,Terra,MODIS,67,6.2,291.3,6.5,N,0
-13.5401,132.4533,309.5,1,1,2014-11-01,1349,Terra,MODIS,28,6.2,298.6,4.4,N,0
-13.5938,130.0778,321,1.1,1.1,2014-11-01,1349,Terra,MODIS,100,6.2,294.4,21.8,N,0
-14.0273,129.8736,319.4,1.2,1.1,2014-11-01,1349,Terra,MODIS,98,6.2,295.2,20,N,0
-12.33,131.1929,321,1,1,2014-11-01,1349,Terra,MODIS,100,6.2,295.7,16.8,N,0
-12.3119,131.1902,327.2,1,1,2014-11-01,1349,Terra,MODIS,100,6.2,296.3,23.1,N,0
-12.9607,133.1474,309.7,1,1,2014-11-01,1349,Terra,MODIS,70,6.2,298.2,6.4,N,0
-13.4082,133.8528,308.3,1.1,1,2014-11-01,1349,Terra,MODIS,56,6.2,297.3,5.9,N,0
-13.3105,134.2089,309.5,1.1,1,2014-11-01,1349,Terra,MODIS,73,6.2,297.5,7.1,N,0
-12.2927,133.0624,308.2,1,1,2014-11-01,1349,Terra,MODIS,70,6.2,295.4,6.4,N,0
-12.3031,133.0544,325.1,1,1,2014-11-01,1349,Terra,MODIS,100,6.2,295.5,21.4,N,0
-12.3287,131.2021,319.5,1,1,2014-11-01,1349,Terra,MODIS,99,6.2,295.7,15.4,N,0
-12.3018,133.0638,315.7,1,1,2014-11-01,1349,Terra,MODIS,91,6.2,296,11.6,N,0
-11.306,131.1541,307.8,1,1,2014-11-01,1349,Terra,MODIS,59,6.2,295,6,N,0
-11.3072,131.1449,310.5,1,1,2014-11-01,1349,Terra,MODIS,80,6.2,294.5,8.2,N,0
-11.3563,130.9258,306.6,1,1,2014-11-01,1349,Terra,MODIS,67,6.2,295.3,5.3,N,0
-12.3827,133.3208,309.5,1,1,2014-11-01,1349,Terra,MODIS,69,6.2,297.3,6,N,0
-12.9139,132.8388,308.3,1,1,2014-11-01,1349,Terra,MODIS,64,6.2,298.1,5.3,N,0
-12.3028,131.1888,316.1,1,1,2014-11-01,1349,Terra,MODIS,92,6.2,295.1,11.6,N,0
-12.2964,131.1725,308.3,1,1,2014-11-01,1349,Terra,MODIS,60,6.2,295.1,6.5,N,0
-12.3041,131.1795,324.5,1,1,2014-11-01,1349,Terra,MODIS,100,6.2,296.1,20.1,N,0
-17.1379,142.8749,312.9,3.7,1.8,2014-11-01,1515,Aqua,MODIS,86,6.2,291.7,60.5,N,0
-15.4707,142.6203,305.5,4.2,1.9,2014-11-01,1515,Aqua,MODIS,64,6.2,291.7,39.1,N,0
-15.4621,142.5899,308.4,4.2,1.9,2014-11-01,1515,Aqua,MODIS,74,6.2,291.8,53.7,N,0
-15.463,142.5818,306.4,4.2,1.9,2014-11-01,1515,Aqua,MODIS,68,6.2,291.8,44.4,N,0
-15.4528,142.632,310.6,4.2,1.9,2014-11-01,1515,Aqua,MODIS,56,6.2,291.9,61.4,N,0
-15.4539,142.6238,311.7,4.2,1.9,2014-11-01,1515,Aqua,MODIS,53,6.2,291.9,67.3,N,0
-19.9135,143.969,310.3,2.7,1.6,2014-11-01,1516,Aqua,MODIS,33,6.2,285.4,46.5,N,0
-25.6925,151.6968,302.2,1,1,2014-11-01,1517,Aqua,MODIS,47,6.2,289.9,5.2,N,0
-24.8659,148.5866,305.7,1.1,1.1,2014-11-01,1517,Aqua,MODIS,65,6.2,289.2,7.8,N,0
-24.8565,148.5885,311.5,1.1,1.1,2014-11-01,1517,Aqua,MODIS,83,6.2,290.2,12,N,0
-23.9919,149.1896,308.1,1.1,1,2014-11-01,1517,Aqua,MODIS,73,6.2,291.8,8.2,N,0
-26.4712,150.2775,302.8,1,1,2014-11-01,1517,Aqua,MODIS,31,6.2,291.2,4.4,N,0
-26.4787,150.2659,310.6,1,1,2014-11-01,1517,Aqua,MODIS,80,6.2,291.6,8.4,N,0
-26.4802,150.2759,317.6,1,1,2014-11-01,1517,Aqua,MODIS,95,6.2,292,14.2,N,0
-26.5057,150.261,308.7,1,1,2014-11-01,1517,Aqua,MODIS,25,6.2,292.1,6.3,N,0
-26.5246,150.2623,302.4,1,1,2014-11-01,1517,Aqua,MODIS,49,6.2,291.1,4.7,N,0
-24.0723,149.0599,341.6,1.1,1,2014-11-01,1517,Aqua,MODIS,100,6.2,284.5,50.5,N,0
-24.0816,149.0581,326.6,1.1,1,2014-11-01,1517,Aqua,MODIS,82,6.2,280.2,26.8,N,0
-24.0833,149.0687,318.8,1.1,1,2014-11-01,1517,Aqua,MODIS,37,6.2,278,18.3,N,0
-24.091,149.0563,318.4,1.1,1,2014-11-01,1517,Aqua,MODIS,88,6.2,278.2,19.4,N,0
-24.0926,149.0669,323.2,1.1,1,2014-11-01,1517,Aqua,MODIS,96,6.2,277.6,25.1,N,0
-24.1003,149.0546,317.4,1.1,1,2014-11-01,1517,Aqua,MODIS,95,6.2,275.7,19.5,N,0
-24.102,149.0651,322.5,1.1,1,2014-11-01,1517,Aqua,MODIS,100,6.2,276.1,25.4,N,0
-25.2293,152.3293,313.5,1.1,1,2014-11-01,1517,Aqua,MODIS,87,6.2,290.1,13.6,N,0
-25.2307,152.3398,308.2,1.1,1,2014-11-01,1517,Aqua,MODIS,74,6.2,290.2,9.5,N,0
-25.5807,150.9124,307.5,1,1,2014-11-01,1517,Aqua,MODIS,44,6.2,291.2,6.6,N,0
-25.5703,150.9041,304.8,1,1,2014-11-01,1517,Aqua,MODIS,28,6.2,291.1,5,N,0
-33.7208,150.2932,305.8,1.1,1,2014-11-01,1519,Aqua,MODIS,66,6.2,280.7,11.3,N,0
-31.6552,151.6527,304.4,1.1,1.1,2014-11-01,1519,Aqua,MODIS,60,6.2,288.6,8.6,N,0
-32.6852,151.9199,302.7,1.2,1.1,2014-11-01,1519,Aqua,MODIS,39,6.2,289.3,7.1,N,0
-32.6868,151.9327,308.3,1.2,1.1,2014-11-01,1519,Aqua,MODIS,74,6.2,289.7,11.6,N,0
-32.6919,151.8927,316.5,1.2,1.1,2014-11-01,1519,Aqua,MODIS,93,6.2,290,19.6,N,0
-12.3032,133.0616,306.6,1.5,1.2,2014-11-01,1652,Aqua,MODIS,68,6.2,293.1,11.9,N,0
-11.3009,131.1516,303.1,1.1,1,2014-11-01,1652,Aqua,MODIS,45,6.2,292.7,4.3,N,0
-12.591,136.2207,305.4,2.5,1.5,2014-11-01,1652,Aqua,MODIS,64,6.2,293.5,23.7,N,0
-12.583,136.2054,306.5,2.5,1.5,2014-11-01,1652,Aqua,MODIS,68,6.2,293.4,24.6,N,0
-13.5162,132.4545,306.1,1.4,1.2,2014-11-01,1652,Aqua,MODIS,66,6.2,292.8,7.1,N,0
-14.1458,132.9011,303.7,1.5,1.2,2014-11-01,1652,Aqua,MODIS,50,6.2,293.4,7,N,0
-13.5178,132.4671,306.8,1.4,1.2,2014-11-01,1652,Aqua,MODIS,68,6.2,293.1,7.5,N,0
-13.0342,132.9681,307.3,1.5,1.2,2014-11-01,1652,Aqua,MODIS,71,6.2,295.8,9.3,N,0
-13.0837,132.9014,305.3,1.5,1.2,2014-11-01,1652,Aqua,MODIS,64,6.2,293.8,7.6,N,0
-12.2709,132.7347,306.9,1.4,1.2,2014-11-01,1652,Aqua,MODIS,70,6.2,292.4,12.2,N,0
-13.5885,130.0906,306.6,1.1,1,2014-11-01,1652,Aqua,MODIS,67,6.2,293.1,7.6,N,0
-13.6456,130.3855,307,1.1,1,2014-11-01,1652,Aqua,MODIS,68,6.2,293.2,7.9,N,0
-13.5871,130.081,322.4,1.1,1,2014-11-01,1652,Aqua,MODIS,100,6.2,293.3,21.8,N,0
-15.4034,126.6233,316.8,1.1,1,2014-11-01,1653,Aqua,MODIS,94,6.2,294.2,13.4,N,0
-15.0938,126.6981,307,1.1,1,2014-11-01,1653,Aqua,MODIS,61,6.2,295.2,4.6,N,0
-15.1246,126.7132,308.6,1.1,1,2014-11-01,1653,Aqua,MODIS,73,6.2,295.3,5.6,N,0
-15.405,126.6331,320.8,1.1,1,2014-11-01,1653,Aqua,MODIS,100,6.2,294.5,17.3,N,0
-14.547,131.254,309.5,1.2,1.1,2014-11-01,1653,Aqua,MODIS,78,6.2,293.5,8,N,0
-14.923,127.5787,320.6,1,1,2014-11-01,1653,Aqua,MODIS,100,6.2,294.8,16,N,0
-15.4111,126.6119,308.5,1.1,1,2014-11-01,1653,Aqua,MODIS,73,6.2,294.4,6.6,N,0
-14.5485,131.2652,325.3,1.2,1.1,2014-11-01,1653,Aqua,MODIS,100,6.2,294.2,26.6,N,0
-14.0266,129.8774,312.9,1,1,2014-11-01,1653,Aqua,MODIS,84,6.2,293.1,11.9,N,0
-14.9273,127.6068,326.4,1,1,2014-11-01,1653,Aqua,MODIS,100,6.2,296.3,22.4,N,0
-15.4127,126.6218,309.7,1.1,1,2014-11-01,1653,Aqua,MODIS,77,6.2,294.3,7.6,N,0
-15.4404,126.6172,317.3,1.1,1,2014-11-01,1653,Aqua,MODIS,95,6.2,294.1,14.5,N,0
-14.9335,127.5866,304.9,1,1,2014-11-01,1653,Aqua,MODIS,33,6.2,294.7,4,N,0
-14.9321,127.5773,305.3,1,1,2014-11-01,1653,Aqua,MODIS,34,6.2,294.5,4.3,N,0
-14.1766,127.271,305.2,1,1,2014-11-01,1653,Aqua,MODIS,63,6.2,291.5,7.2,N,0
-14.9244,127.5881,349.4,1,1,2014-11-01,1653,Aqua,MODIS,100,6.2,297,59.7,N,0
-14.9258,127.5974,388.8,1,1,2014-11-01,1653,Aqua,MODIS,100,6.2,301.9,194.4,N,0
-15.2007,126.5056,305.8,1.1,1,2014-11-01,1653,Aqua,MODIS,51,6.2,294.4,4.8,N,0
-15.4389,126.6073,305.2,1.1,1,2014-11-01,1653,Aqua,MODIS,43,6.2,293.2,4.7,N,0
-15.4373,126.6581,309,1.1,1,2014-11-01,1653,Aqua,MODIS,75,6.2,293.7,7.9,N,0
-15.21,126.5041,304.9,1.1,1,2014-11-01,1653,Aqua,MODIS,45,6.2,294.2,4.2,N,0
-14.6648,126.3704,306.4,1.1,1.1,2014-11-01,1653,Aqua,MODIS,66,6.2,294,6.1,N,0
-14.6664,126.3806,308.5,1.1,1.1,2014-11-01,1653,Aqua,MODIS,73,6.2,294.4,7.6,N,0
-15.4497,126.6157,303.6,1.1,1,2014-11-01,1653,Aqua,MODIS,45,6.2,293.6,3.5,N,0
-15.7213,125.7841,304.7,1.1,1.1,2014-11-01,1653,Aqua,MODIS,21,6.2,293,4.6,N,0
-15.736,125.8144,303.1,1.1,1.1,2014-11-01,1653,Aqua,MODIS,48,6.2,292.9,3.9,N,0
-15.304,134.3248,304,2,1.4,2014-11-01,1653,Aqua,MODIS,33,6.2,292.8,13.2,N,0
-14.4121,132.4696,307.8,1.4,1.2,2014-11-01,1653,Aqua,MODIS,56,6.2,294,7.6,N,0
-14.4262,132.4948,308.8,1.4,1.2,2014-11-01,1653,Aqua,MODIS,75,6.2,293.9,9.1,N,0
-14.3552,132.6582,306.2,1.5,1.2,2014-11-01,1653,Aqua,MODIS,64,6.2,292.4,9.1,N,0
-14.3084,133.3691,320.7,1.6,1.3,2014-11-01,1653,Aqua,MODIS,100,6.2,296.1,33.2,N,0
-14.3066,133.354,306.4,1.6,1.3,2014-11-01,1653,Aqua,MODIS,49,6.2,295.7,9.5,N,0
-14.3075,133.3592,310.2,1.6,1.3,2014-11-01,1653,Aqua,MODIS,77,6.2,295.8,14.7,N,0
-14.3094,133.3742,319,1.6,1.3,2014-11-01,1653,Aqua,MODIS,98,6.2,296.3,29.4,N,0
-14.3831,130.8631,317.6,1.1,1.1,2014-11-01,1653,Aqua,MODIS,95,6.2,294.9,15.8,N,0
-14.6526,131.1319,306.4,1.2,1.1,2014-11-01,1653,Aqua,MODIS,68,6.2,294.1,5.5,N,0
-14.4343,131.4777,316.7,1.2,1.1,2014-11-01,1653,Aqua,MODIS,93,6.2,293.6,15.5,N,0
-14.4358,131.4891,308,1.2,1.1,2014-11-01,1653,Aqua,MODIS,48,6.2,293,6.9,N,0
-14.436,131.4833,319.6,1.2,1.1,2014-11-01,1653,Aqua,MODIS,99,6.2,293.5,19.2,N,0
-14.446,131.4819,310.6,1.2,1.1,2014-11-01,1653,Aqua,MODIS,53,6.2,293.5,8.3,N,0
-14.4574,131.4919,312,1.2,1.1,2014-11-01,1653,Aqua,MODIS,84,6.2,293.7,9.7,N,0
-14.459,131.5033,341.4,1.2,1.1,2014-11-01,1653,Aqua,MODIS,100,6.2,295.8,58.1,N,0
-14.4605,131.5148,317.7,1.2,1.1,2014-11-01,1653,Aqua,MODIS,95,6.2,294.5,16.8,N,0
-14.4919,131.5221,307,1.2,1.1,2014-11-01,1653,Aqua,MODIS,42,6.2,293.6,6.2,N,0
-14.397,130.8937,308,1.2,1.1,2014-11-01,1653,Aqua,MODIS,73,6.2,294.6,6.4,N,0
-14.5614,131.2861,332.2,1.2,1.1,2014-11-01,1653,Aqua,MODIS,100,6.2,293.9,38,N,0
-14.5629,131.2974,328.3,1.2,1.1,2014-11-01,1653,Aqua,MODIS,100,6.2,293.8,31.7,N,0
-14.6853,131.2972,307.7,1.2,1.1,2014-11-01,1653,Aqua,MODIS,22,6.2,293.9,5.9,N,0
-14.6851,131.2905,308,1.2,1.1,2014-11-01,1653,Aqua,MODIS,20,6.2,293.8,6.1,N,0
-14.3788,130.8314,307.5,1.1,1.1,2014-11-01,1653,Aqua,MODIS,71,6.2,293.5,6.6,N,0
-14.3802,130.8418,316.1,1.1,1.1,2014-11-01,1653,Aqua,MODIS,93,6.2,294.2,14.3,N,0
-14.3817,130.8526,311,1.1,1.1,2014-11-01,1653,Aqua,MODIS,81,6.2,294.3,8.8,N,0
-14.4942,131.4635,309.1,1.2,1.1,2014-11-01,1653,Aqua,MODIS,74,6.2,293.5,8.2,N,0
-14.6511,131.121,307.1,1.2,1.1,2014-11-01,1653,Aqua,MODIS,70,6.2,293.9,6.1,N,0
-20.2393,123.2094,310.3,1.4,1.2,2014-11-01,1654,Aqua,MODIS,80,6.2,298,11,N,0
-18.1858,129.6026,319.8,1.1,1,2014-11-01,1654,Aqua,MODIS,97,6.2,271.9,16.9,N,0
-17.8573,127.4335,368,1,1,2014-11-01,1654,Aqua,MODIS,100,6.2,291.7,108.8,N,0
-17.8587,127.4428,325.7,1,1,2014-11-01,1654,Aqua,MODIS,47,6.2,282.4,22,N,0
-18.2031,129.5895,332.4,1.1,1,2014-11-01,1654,Aqua,MODIS,66,6.2,269.4,38.1,N,0
-18.2017,129.5791,366.2,1.1,1,2014-11-01,1654,Aqua,MODIS,100,6.2,282.4,121.2,N,0
-18.2003,129.5688,326.5,1.1,1,2014-11-01,1654,Aqua,MODIS,39,6.2,269.6,30.4,N,0
-18.1923,129.5805,430,1.1,1,2014-11-01,1654,Aqua,MODIS,100,6.2,301.5,554.5,N,0
-18.1909,129.5702,372.8,1.1,1,2014-11-01,1654,Aqua,MODIS,100,6.2,274.6,143.9,N,0
-18.1895,129.5599,341.6,1.1,1,2014-11-01,1654,Aqua,MODIS,81,6.2,267.9,53.7,N,0
-18.1866,129.5394,350.1,1.1,1,2014-11-01,1654,Aqua,MODIS,98,6.2,287.2,71,N,0
-18.1829,129.5819,445.1,1.1,1,2014-11-01,1654,Aqua,MODIS,100,6.2,302.5,740.1,N,0
-18.1815,129.5716,419.4,1.1,1,2014-11-01,1654,Aqua,MODIS,100,6.2,286.9,442.6,N,0
-18.1801,129.5613,377,1.1,1,2014-11-01,1654,Aqua,MODIS,100,6.2,284.1,159.4,N,0
-18.1787,129.551,360,1.1,1,2014-11-01,1654,Aqua,MODIS,100,6.2,284.1,95.1,N,0
-18.1773,129.5408,325.3,1.1,1,2014-11-01,1654,Aqua,MODIS,82,6.2,277.4,23.8,N,0
-18.1749,129.5936,326.5,1.1,1,2014-11-01,1654,Aqua,MODIS,100,6.2,281.4,24.5,N,0
-18.1735,129.5833,344.2,1.1,1,2014-11-01,1654,Aqua,MODIS,100,6.2,285.3,53.3,N,0
-18.1721,129.573,367,1.1,1,2014-11-01,1654,Aqua,MODIS,100,6.2,291.4,116.5,N,0
-18.1707,129.5627,443.1,1.1,1,2014-11-01,1654,Aqua,MODIS,100,6.2,303.9,708.9,N,0
-18.1693,129.5524,339.9,1.1,1,2014-11-01,1654,Aqua,MODIS,100,6.2,286.3,45.8,N,0
-18.1641,129.5847,313.6,1.1,1,2014-11-01,1654,Aqua,MODIS,53,6.2,285.8,10.3,N,0
-18.1627,129.5744,313.6,1.1,1,2014-11-01,1654,Aqua,MODIS,61,6.2,286.7,10.3,N,0
-20.1782,124.3914,307,1.2,1.1,2014-11-01,1654,Aqua,MODIS,70,6.2,294.2,8.5,N,0
-18.1937,129.5909,394.2,1.1,1,2014-11-01,1654,Aqua,MODIS,100,6.2,292.8,251.4,N,0
-17.1877,124.777,307.2,1.2,1.1,2014-11-01,1654,Aqua,MODIS,33,6.2,295.5,6.1,N,0
-17.1977,124.7753,310.8,1.2,1.1,2014-11-01,1654,Aqua,MODIS,34,6.2,295.6,9.1,N,0
-17.0629,126.3813,308.2,1.1,1,2014-11-01,1654,Aqua,MODIS,74,6.2,295.1,6.5,N,0
-18.221,128.9386,302.9,1,1,2014-11-01,1654,Aqua,MODIS,52,6.2,290.8,3.8,N,0
-18.2288,128.9274,301.8,1,1,2014-11-01,1654,Aqua,MODIS,30,6.2,290.3,3.3,N,0
-18.2448,128.9751,316.5,1,1,2014-11-01,1654,Aqua,MODIS,93,6.2,289.4,14.9,N,0
-17.5128,126.7906,313,1,1,2014-11-01,1654,Aqua,MODIS,76,6.2,286,14.3,N,0
-18.2008,128.9782,322.1,1,1,2014-11-01,1654,Aqua,MODIS,100,6.2,292.4,17.7,N,0
-18.1995,128.9684,321.3,1,1,2014-11-01,1654,Aqua,MODIS,100,6.2,292.1,16.8,N,0
-17.5331,126.7511,312.1,1,1,2014-11-01,1654,Aqua,MODIS,84,6.2,274.4,14.9,N,0
-17.829,127.4284,323.4,1,1,2014-11-01,1654,Aqua,MODIS,19,6.2,282.9,21.8,N,0
-17.8304,127.4377,352.9,1,1,2014-11-01,1654,Aqua,MODIS,77,6.2,291.1,67.5,N,0
-17.8318,127.4471,323.3,1,1,2014-11-01,1654,Aqua,MODIS,0,6.2,283.9,20.8,N,0
-17.838,127.4269,332.9,1,1,2014-11-01,1654,Aqua,MODIS,94,6.2,275.5,30.8,N,0
-17.5251,126.7493,335.8,1,1,2014-11-01,1654,Aqua,MODIS,100,6.2,290.1,38.8,N,0
-17.5316,126.7415,301.4,1,1,2014-11-01,1654,Aqua,MODIS,18,6.2,285.5,7.3,N,0
-17.3812,126.7193,309.6,1,1,2014-11-01,1654,Aqua,MODIS,78,6.2,294.6,7.6,N,0
-18.2462,128.985,308.9,1,1,2014-11-01,1654,Aqua,MODIS,76,6.2,289.5,8.6,N,0
-17.8394,127.4363,373.8,1,1,2014-11-01,1654,Aqua,MODIS,100,6.2,289.6,126.2,N,0
-17.1915,124.8002,307.7,1.2,1.1,2014-11-01,1654,Aqua,MODIS,51,6.2,295.3,6.5,N,0
-17.8469,127.4255,339.1,1,1,2014-11-01,1654,Aqua,MODIS,96,6.2,277.7,40.3,N,0
-17.8483,127.4349,406.7,1,1,2014-11-01,1654,Aqua,MODIS,100,6.2,292.4,293.6,N,0
-17.8497,127.4443,327.7,1,1,2014-11-01,1654,Aqua,MODIS,44,6.2,288.7,23.5,N,0
-18.1763,129.6039,306.7,1.1,1,2014-11-01,1654,Aqua,MODIS,8,6.2,280,5.1,N,0
-18.1843,129.5922,399,1.1,1,2014-11-01,1654,Aqua,MODIS,100,6.2,290.9,279.6,N,0
-18.8453,122.6825,339.8,1.6,1.2,2014-11-01,1654,Aqua,MODIS,100,6.2,297.2,81.5,N,0
-19.8357,122.7459,337.4,1.5,1.2,2014-11-01,1654,Aqua,MODIS,100,6.2,298.6,65.7,N,0
-19.8388,122.7532,327.9,1.5,1.2,2014-11-01,1654,Aqua,MODIS,100,6.2,298.5,43.4,N,0
-18.8205,122.6719,310.4,1.6,1.2,2014-11-01,1654,Aqua,MODIS,80,6.2,295.5,15.7,N,0
-19.8381,122.7602,309.8,1.5,1.2,2014-11-01,1654,Aqua,MODIS,78,6.2,297.4,11.9,N,0
-19.5131,122.8112,300.3,1.5,1.2,2014-11-01,1654,Aqua,MODIS,24,6.2,289.2,5.9,N,0
-18.8179,122.657,322.8,1.6,1.2,2014-11-01,1654,Aqua,MODIS,100,6.2,296.4,36.3,N,0
-18.8127,122.6271,318.9,1.6,1.2,2014-11-01,1654,Aqua,MODIS,98,6.2,295.3,29.5,N,0
-18.8342,122.6846,327.6,1.6,1.2,2014-11-01,1654,Aqua,MODIS,100,6.2,297.4,47.2,N,0
-18.8316,122.6697,339.8,1.6,1.2,2014-11-01,1654,Aqua,MODIS,100,6.2,298.4,80.9,N,0
-18.829,122.6548,339.8,1.6,1.2,2014-11-01,1654,Aqua,MODIS,100,6.2,297.5,80.6,N,0
-18.8264,122.6399,334.9,1.6,1.2,2014-11-01,1654,Aqua,MODIS,100,6.2,296.2,66.6,N,0
-18.8153,122.6421,316.3,1.6,1.2,2014-11-01,1654,Aqua,MODIS,93,6.2,296.1,24.5,N,0
-19.6175,123.1641,309.3,1.4,1.2,2014-11-01,1654,Aqua,MODIS,74,6.2,296.3,12,N,0
-19.6479,123.1803,306.6,1.4,1.2,2014-11-01,1654,Aqua,MODIS,43,6.2,296.3,9.4,N,0
-19.8363,122.7389,338.1,1.5,1.2,2014-11-01,1654,Aqua,MODIS,100,6.2,298.5,69.2,N,0
-19.8337,122.7246,314.1,1.5,1.2,2014-11-01,1654,Aqua,MODIS,88,6.2,296.8,18.7,N,0
-19.8308,122.7172,308.6,1.5,1.2,2014-11-01,1654,Aqua,MODIS,43,6.2,296.4,11,N,0
-19.8332,122.7316,326.9,1.5,1.2,2014-11-01,1654,Aqua,MODIS,100,6.2,297.5,40,N,0
-18.8427,122.6676,320.5,1.6,1.2,2014-11-01,1654,Aqua,MODIS,100,6.2,295.8,32.2,N,0
-20.0126,121.7663,304,1.7,1.3,2014-11-01,1654,Aqua,MODIS,30,6.2,293.3,10.8,N,0
-19.6002,123.8629,312.5,1.3,1.1,2014-11-01,1654,Aqua,MODIS,41,6.2,295.1,16.5,N,0
-24.3321,127.1162,302.9,1,1,2014-11-01,1655,Aqua,MODIS,43,6.2,292.7,4.5,N,0
-24.3412,127.1147,304,1,1,2014-11-01,1655,Aqua,MODIS,58,6.2,293.1,5.2,N,0
-24.3496,127.1749,316.7,1,1,2014-11-01,1655,Aqua,MODIS,94,6.2,293.4,15.2,N,0
-24.6652,129.4059,306.4,1.3,1.1,2014-11-01,1655,Aqua,MODIS,68,6.2,291.2,10,N,0
-24.6698,129.4431,305.1,1.3,1.1,2014-11-01,1655,Aqua,MODIS,52,6.2,290.3,8.6,N,0
-24.6799,129.4417,303.2,1.3,1.1,2014-11-01,1655,Aqua,MODIS,29,6.2,290.1,6.9,N,0
-23.7905,128.0611,309.6,1.1,1,2014-11-01,1655,Aqua,MODIS,75,6.2,291.8,10.1,N,0
-23.7984,128.0492,310.1,1.1,1,2014-11-01,1655,Aqua,MODIS,49,6.2,291.5,10,N,0
-23.7998,128.0597,316,1.1,1,2014-11-01,1655,Aqua,MODIS,92,6.2,292.3,15.4,N,0
-23.8012,128.0702,305.3,1.1,1,2014-11-01,1655,Aqua,MODIS,20,6.2,291.7,6.7,N,0
-23.8176,128.1212,303.3,1.1,1,2014-11-01,1655,Aqua,MODIS,11,6.2,291.3,5.5,N,0
-23.8539,123.3541,330.3,1.2,1.1,2014-11-01,1655,Aqua,MODIS,100,6.2,295.1,37.2,N,0
-23.9314,123.5011,305.6,1.2,1.1,2014-11-01,1655,Aqua,MODIS,65,6.2,294.4,7.3,N,0
-23.42,120.1044,310.4,2,1.4,2014-11-01,1655,Aqua,MODIS,80,6.2,295.2,21.6,N,0
-20.9592,124.7213,320.5,1.1,1.1,2014-11-01,1655,Aqua,MODIS,100,6.2,296.5,19.2,N,0
-20.8914,123.3736,317.6,1.3,1.1,2014-11-01,1655,Aqua,MODIS,95,6.2,290.5,20.5,N,0
-20.8935,123.3862,341.2,1.3,1.1,2014-11-01,1655,Aqua,MODIS,100,6.2,296.7,65.3,N,0
-23.8169,123.4403,308.1,1.2,1.1,2014-11-01,1655,Aqua,MODIS,43,6.2,295.2,8.5,N,0
-20.961,124.732,328,1.1,1.1,2014-11-01,1655,Aqua,MODIS,100,6.2,297.2,28.6,N,0
-20.9687,124.7195,321.8,1.1,1.1,2014-11-01,1655,Aqua,MODIS,100,6.2,296.8,19.7,N,0
-23.4224,122.5656,304.9,1.3,1.1,2014-11-01,1655,Aqua,MODIS,40,6.2,294.9,7.7,N,0
-20.9704,124.7303,328.7,1.1,1.1,2014-11-01,1655,Aqua,MODIS,100,6.2,297.8,28.1,N,0
-20.9722,124.741,319.8,1.1,1.1,2014-11-01,1655,Aqua,MODIS,42,6.2,297.3,16.1,N,0
-20.6296,123.7036,306.4,1.3,1.1,2014-11-01,1655,Aqua,MODIS,66,6.2,294.8,8,N,0
-20.8272,124.652,309.3,1.1,1.1,2014-11-01,1655,Aqua,MODIS,77,6.2,296.1,9.2,N,0
-20.9739,124.7517,318.9,1.1,1.1,2014-11-01,1655,Aqua,MODIS,69,6.2,297,16.2,N,0
-23.8656,123.3639,353.7,1.2,1.1,2014-11-01,1655,Aqua,MODIS,100,6.2,297.5,91.7,N,0
-23.1874,123.4851,308.6,1.2,1.1,2014-11-01,1655,Aqua,MODIS,74,6.2,295.9,9.2,N,0
-23.1905,123.4908,309.2,1.2,1.1,2014-11-01,1655,Aqua,MODIS,76,6.2,296.1,9.8,N,0
-23.8676,123.3756,311.1,1.2,1.1,2014-11-01,1655,Aqua,MODIS,82,6.2,294.8,12.4,N,0
-23.8637,123.3522,308.4,1.2,1.1,2014-11-01,1655,Aqua,MODIS,74,6.2,295,10.1,N,0
-23.8559,123.3658,331.9,1.2,1.1,2014-11-01,1655,Aqua,MODIS,100,6.2,295.3,40,N,0
-23.8286,123.4432,310.3,1.2,1.1,2014-11-01,1655,Aqua,MODIS,80,6.2,295,11.9,N,0
-23.8266,123.4385,308.7,1.2,1.1,2014-11-01,1655,Aqua,MODIS,69,6.2,294.6,9.4,N,0
-20.9877,124.7161,324.4,1.1,1.1,2014-11-01,1655,Aqua,MODIS,100,6.2,298,22.7,N,0
-20.9799,124.7286,322.3,1.1,1.1,2014-11-01,1655,Aqua,MODIS,100,6.2,297.1,18.4,N,0
-20.9782,124.7178,348.6,1.1,1.1,2014-11-01,1655,Aqua,MODIS,100,6.2,297.7,66.2,N,0
-20.8255,124.6412,308.9,1.1,1.1,2014-11-01,1655,Aqua,MODIS,76,6.2,296.2,8.7,N,0
-23.4113,120.1259,305.9,2,1.4,2014-11-01,1655,Aqua,MODIS,66,6.2,295.5,14.4,N,0
-21.5516,121.9252,308.6,1.6,1.2,2014-11-01,1655,Aqua,MODIS,74,6.2,296.8,14.8,N,0
-21.3654,122.045,316.9,1.6,1.2,2014-11-01,1655,Aqua,MODIS,94,6.2,295.4,27,N,0
-20.2152,122.8083,320.1,1.5,1.2,2014-11-01,1655,Aqua,MODIS,100,6.2,296.5,28.6,N,0
-21.6602,121.8821,314.1,1.6,1.2,2014-11-01,1655,Aqua,MODIS,88,6.2,297.3,21.9,N,0
-20.2192,122.8152,316.2,1.5,1.2,2014-11-01,1655,Aqua,MODIS,92,6.2,296.5,21.4,N,0
-21.6379,123.2328,321.8,1.3,1.1,2014-11-01,1655,Aqua,MODIS,100,6.2,297.5,26.3,N,0
-21.3697,122.0059,310.2,1.6,1.2,2014-11-01,1655,Aqua,MODIS,79,6.2,295.4,17,N,0
-21.64,123.2454,314.2,1.3,1.1,2014-11-01,1655,Aqua,MODIS,89,6.2,297.2,16.1,N,0
-21.3713,122.0125,311.2,1.6,1.2,2014-11-01,1655,Aqua,MODIS,82,6.2,295.4,18.1,N,0
-21.3641,122.0383,314.8,1.6,1.2,2014-11-01,1655,Aqua,MODIS,90,6.2,295.4,23.3,N,0
-20.2168,122.8012,315.3,1.5,1.2,2014-11-01,1655,Aqua,MODIS,91,6.2,296.5,20.1,N,0
-23.3242,122.4131,327.7,1.4,1.2,2014-11-01,1655,Aqua,MODIS,100,6.2,297.5,35.1,N,0
-23.2934,122.454,313.9,1.4,1.2,2014-11-01,1655,Aqua,MODIS,37,6.2,296.3,15.6,N,0
-23.2848,122.4349,317,1.4,1.2,2014-11-01,1655,Aqua,MODIS,24,6.2,296.7,17.4,N,0
-23.3149,122.4838,320.7,1.4,1.2,2014-11-01,1655,Aqua,MODIS,88,6.2,296.5,25.4,N,0
-23.3126,122.4706,312.6,1.4,1.2,2014-11-01,1655,Aqua,MODIS,16,6.2,296.3,13.4,N,0
-23.3103,122.4573,327.5,1.4,1.2,2014-11-01,1655,Aqua,MODIS,76,6.2,298.9,35.7,N,0
-23.308,122.444,414.2,1.4,1.2,2014-11-01,1655,Aqua,MODIS,100,6.2,312,551.1,N,0
-22.7879,122.112,311.8,1.5,1.2,2014-11-01,1655,Aqua,MODIS,82,6.2,296.5,16,N,0
-22.8143,122.1359,307.9,1.5,1.2,2014-11-01,1655,Aqua,MODIS,30,6.2,295.7,10.2,N,0
-23.3906,122.5504,315,1.4,1.2,2014-11-01,1655,Aqua,MODIS,36,6.2,295.6,16.2,N,0
-23.3862,122.5241,329.9,1.4,1.2,2014-11-01,1655,Aqua,MODIS,100,6.2,296.7,39.3,N,0
-23.3987,122.5351,316.3,1.4,1.2,2014-11-01,1655,Aqua,MODIS,93,6.2,295.2,18.9,N,0
-23.3691,122.4866,332.2,1.4,1.2,2014-11-01,1655,Aqua,MODIS,100,6.2,296.4,45.7,N,0
-23.361,122.5019,313.8,1.4,1.2,2014-11-01,1655,Aqua,MODIS,84,6.2,296.3,15.4,N,0
-23.3949,122.5305,323.4,1.4,1.2,2014-11-01,1655,Aqua,MODIS,100,6.2,296.1,30.3,N,0
-23.2835,122.3658,309.1,1.4,1.2,2014-11-01,1655,Aqua,MODIS,77,6.2,296.4,11.3,N,0
-23.3587,122.4887,325.6,1.4,1.2,2014-11-01,1655,Aqua,MODIS,98,6.2,297,31.7,N,0
-23.3529,122.5172,313.2,1.4,1.2,2014-11-01,1655,Aqua,MODIS,30,6.2,296.1,14.2,N,0
-23.3506,122.504,319.9,1.4,1.2,2014-11-01,1655,Aqua,MODIS,96,6.2,296.7,23.3,N,0
-23.2858,122.3792,308.2,1.4,1.2,2014-11-01,1655,Aqua,MODIS,68,6.2,296.5,9.3,N,0
-23.2906,122.4061,350,1.4,1.2,2014-11-01,1655,Aqua,MODIS,100,6.2,297.4,94.5,N,0
-23.2929,122.4194,410.3,1.4,1.2,2014-11-01,1655,Aqua,MODIS,100,6.2,305.9,509,N,0
-23.2953,122.4328,398.5,1.4,1.2,2014-11-01,1655,Aqua,MODIS,100,6.2,305.8,386.2,N,0
-23.2976,122.4461,316.4,1.4,1.2,2014-11-01,1655,Aqua,MODIS,76,6.2,297,19.1,N,0
-23.3972,122.5436,311,1.4,1.2,2014-11-01,1655,Aqua,MODIS,36,6.2,295.3,12.7,N,0
-23.3483,122.4908,338.1,1.4,1.2,2014-11-01,1655,Aqua,MODIS,100,6.2,298.5,57.5,N,0
-23.3461,122.4776,387,1.4,1.2,2014-11-01,1655,Aqua,MODIS,100,6.2,301.9,285.8,N,0
-22.0743,123.8798,306.4,1.2,1.1,2014-11-01,1655,Aqua,MODIS,26,6.2,295.6,5.9,N,0
-22.0645,123.8816,414,1.2,1.1,2014-11-01,1655,Aqua,MODIS,100,6.2,310.4,446.9,N,0
-22.0626,123.8701,397.9,1.2,1.1,2014-11-01,1655,Aqua,MODIS,100,6.2,303.2,309.8,N,0
-23.2999,122.4594,310,1.4,1.2,2014-11-01,1655,Aqua,MODIS,37,6.2,296.2,12.1,N,0
-22.0382,124.0344,325.4,1.2,1.1,2014-11-01,1655,Aqua,MODIS,100,6.2,295.7,28.1,N,0
-22.0401,124.0457,306.4,1.2,1.1,2014-11-01,1655,Aqua,MODIS,68,6.2,295.2,7.2,N,0
-23.3713,122.4998,333.6,1.4,1.2,2014-11-01,1655,Aqua,MODIS,100,6.2,297.2,49,N,0
-21.5274,124.4183,309.8,1.1,1.1,2014-11-01,1655,Aqua,MODIS,74,6.2,296.9,8.1,N,0
-21.5298,124.3726,319.6,1.1,1.1,2014-11-01,1655,Aqua,MODIS,99,6.2,297.6,17.6,N,0
-21.5316,124.3836,323.8,1.1,1.1,2014-11-01,1655,Aqua,MODIS,100,6.2,298.7,22.2,N,0
-23.2807,122.4428,305.7,1.4,1.2,2014-11-01,1655,Aqua,MODIS,65,6.2,295.3,8.4,N,0
-21.5334,124.3946,325.2,1.1,1.1,2014-11-01,1655,Aqua,MODIS,100,6.2,298.8,24.3,N,0
-21.5423,124.4494,306.8,1.1,1.1,2014-11-01,1655,Aqua,MODIS,69,6.2,296.3,6.6,N,0
-21.5412,124.3819,313.5,1.1,1.1,2014-11-01,1655,Aqua,MODIS,64,6.2,297.9,11.1,N,0
-21.5839,124.4643,307.4,1.1,1.1,2014-11-01,1655,Aqua,MODIS,71,6.2,296.6,6.5,N,0
-23.3392,122.4378,318,1.4,1.2,2014-11-01,1655,Aqua,MODIS,31,6.2,296.4,18.9,N,0
-23.3369,122.4244,308.7,1.4,1.2,2014-11-01,1655,Aqua,MODIS,37,6.2,295.9,9.8,N,0
-23.3357,122.4797,332.2,1.4,1.2,2014-11-01,1655,Aqua,MODIS,100,6.2,297.8,44.3,N,0
-23.3334,122.4664,353,1.4,1.2,2014-11-01,1655,Aqua,MODIS,100,6.2,299.8,103.7,N,0
-21.8786,123.3228,309.1,1.3,1.1,2014-11-01,1655,Aqua,MODIS,76,6.2,296.2,10.8,N,0
-23.3311,122.4531,342.5,1.4,1.2,2014-11-01,1655,Aqua,MODIS,100,6.2,298.5,69.7,N,0
-23.3288,122.4398,358,1.4,1.2,2014-11-01,1655,Aqua,MODIS,100,6.2,299.5,120.5,N,0
-23.3265,122.4265,319.1,1.4,1.2,2014-11-01,1655,Aqua,MODIS,40,6.2,296.5,19.5,N,0
-23.3218,122.3998,343.4,1.4,1.2,2014-11-01,1655,Aqua,MODIS,100,6.2,298.3,74,N,0
-23.323,122.4685,364.4,1.4,1.2,2014-11-01,1655,Aqua,MODIS,100,6.2,302.4,151.2,N,0
-23.3207,122.4552,441,1.4,1.2,2014-11-01,1655,Aqua,MODIS,100,6.2,316.8,950.9,N,0
-20.9894,124.7269,329.1,1.1,1.1,2014-11-01,1655,Aqua,MODIS,100,6.2,298.3,28.7,N,0
-23.3184,122.4419,408.9,1.4,1.2,2014-11-01,1655,Aqua,MODIS,100,6.2,304,489.1,N,0
-23.3161,122.4286,337,1.4,1.2,2014-11-01,1655,Aqua,MODIS,100,6.2,297.8,54.9,N,0
-22.0703,123.916,325.5,1.2,1.1,2014-11-01,1655,Aqua,MODIS,100,6.2,296.8,27.6,N,0
-22.0684,123.9045,324.1,1.2,1.1,2014-11-01,1655,Aqua,MODIS,100,6.2,297.3,25.1,N,0
-22.0664,123.8931,364.9,1.2,1.1,2014-11-01,1655,Aqua,MODIS,100,6.2,301.7,126.1,N,0
-22.7883,123.2989,307.8,1.3,1.1,2014-11-01,1655,Aqua,MODIS,43,6.2,297.1,7.1,N,0
-22.7903,123.311,310.3,1.2,1.1,2014-11-01,1655,Aqua,MODIS,79,6.2,296.9,9.4,N,0
-22.7982,123.297,378,1.3,1.1,2014-11-01,1655,Aqua,MODIS,100,6.2,300.4,198,N,0
-22.8003,123.309,407.1,1.2,1.1,2014-11-01,1655,Aqua,MODIS,100,6.2,308.7,409.2,N,0
-22.8023,123.3211,339.2,1.2,1.1,2014-11-01,1655,Aqua,MODIS,100,6.2,299.7,53.8,N,0
-22.8102,123.3071,338.3,1.2,1.1,2014-11-01,1655,Aqua,MODIS,100,6.2,297.9,52.6,N,0
-22.8123,123.3192,338,1.2,1.1,2014-11-01,1655,Aqua,MODIS,100,6.2,298.3,51.8,N,0
-23.2939,122.3637,315.9,1.4,1.2,2014-11-01,1655,Aqua,MODIS,92,6.2,296.4,18.4,N,0
-23.3137,122.4152,329,1.4,1.2,2014-11-01,1655,Aqua,MODIS,100,6.2,297.1,38,N,0
-20.9917,124.7095,306.4,1.1,1.1,2014-11-01,1655,Aqua,MODIS,68,6.2,296.1,6.4,N,0
-20.9935,124.7203,308.2,1.1,1.1,2014-11-01,1655,Aqua,MODIS,74,6.2,297.1,7.7,N,0
-23.2963,122.3771,361.2,1.4,1.2,2014-11-01,1655,Aqua,MODIS,100,6.2,300.6,139.7,N,0
-23.8052,123.4306,311,1.2,1.1,2014-11-01,1655,Aqua,MODIS,34,6.2,295,10.9,N,0
-23.2986,122.3906,313.8,1.4,1.2,2014-11-01,1655,Aqua,MODIS,20,6.2,297.1,13.7,N,0
-23.3033,122.4173,355.2,1.4,1.2,2014-11-01,1655,Aqua,MODIS,100,6.2,298.4,112.8,N,0
-23.3057,122.4307,413.5,1.4,1.2,2014-11-01,1655,Aqua,MODIS,100,6.2,307.4,543.8,N,0
-23.2866,122.4139,379.9,1.4,1.2,2014-11-01,1655,Aqua,MODIS,100,6.2,301.4,240.9,N,0
-23.2889,122.4273,336.1,1.4,1.2,2014-11-01,1655,Aqua,MODIS,100,6.2,299.7,55.4,N,0
-21.528,124.3616,343.2,1.1,1.1,2014-11-01,1655,Aqua,MODIS,100,6.2,298.3,56.9,N,0
-23.3114,122.4019,329.4,1.4,1.2,2014-11-01,1655,Aqua,MODIS,100,6.2,297.3,38.3,N,0
-22.0548,123.8834,318.6,1.2,1.1,2014-11-01,1655,Aqua,MODIS,97,6.2,297,17.2,N,0
-22.0529,123.8719,320.2,1.2,1.1,2014-11-01,1655,Aqua,MODIS,99,6.2,297.2,19.3,N,0
-22.0529,123.8789,316.4,1.2,1.1,2014-11-01,1655,Aqua,MODIS,91,6.2,297.2,15,N,0
-23.3091,122.3885,327.7,1.4,1.2,2014-11-01,1655,Aqua,MODIS,100,6.2,296.8,35.7,N,0
-26.2903,126.7358,316.6,1,1,2014-11-01,1656,Aqua,MODIS,93,6.2,290.1,16.5,N,0
-25.8756,125.3982,312.8,1,1,2014-11-01,1656,Aqua,MODIS,86,6.2,291.3,11.9,N,0
-25.8801,125.4281,301.5,1,1,2014-11-01,1656,Aqua,MODIS,12,6.2,291.2,4.5,N,0
-24.8273,121.8287,313.8,1.4,1.2,2014-11-01,1656,Aqua,MODIS,88,6.2,293.2,20.3,N,0
-24.8249,121.8148,313.2,1.4,1.2,2014-11-01,1656,Aqua,MODIS,86,6.2,293.3,19.1,N,0
-24.8144,121.817,316.4,1.4,1.2,2014-11-01,1656,Aqua,MODIS,93,6.2,293.4,24,N,0
-24.1444,123.6701,310.2,1.2,1.1,2014-11-01,1656,Aqua,MODIS,79,6.2,294.6,11.2,N,0
-28.1025,129.584,303.7,1.4,1.2,2014-11-01,1656,Aqua,MODIS,56,6.2,285.5,12.7,N,0
-28.1147,129.5969,303,1.4,1.2,2014-11-01,1656,Aqua,MODIS,53,6.2,285,12.1,N,0
-25.8561,125.3915,302.4,1,1,2014-11-01,1656,Aqua,MODIS,32,6.2,290.8,5.2,N,0
-25.1919,127.8229,307.5,1.1,1,2014-11-01,1656,Aqua,MODIS,72,6.2,278.6,11.2,N,0
-25.1905,127.8123,327.9,1.1,1,2014-11-01,1656,Aqua,MODIS,100,6.2,276.5,32.3,N,0
-25.8742,125.3882,313.9,1,1,2014-11-01,1656,Aqua,MODIS,88,6.2,291.6,12.9,N,0
-25.8831,125.448,301.1,1,1,2014-11-01,1656,Aqua,MODIS,26,6.2,290.9,4.5,N,0
-25.0364,121.298,302.2,1.5,1.2,2014-11-01,1656,Aqua,MODIS,47,6.2,291.9,9,N,0
-25.1948,127.8443,303,1.1,1,2014-11-01,1656,Aqua,MODIS,48,6.2,277.8,7.7,N,0
-25.8727,125.3782,304.9,1,1,2014-11-01,1656,Aqua,MODIS,62,6.2,291.1,6.8,N,0
-25.8771,125.4082,301.6,1,1,2014-11-01,1656,Aqua,MODIS,26,6.2,291.1,4.6,N,0
-30.8626,121.493,309,1.2,1.1,2014-11-01,1657,Aqua,MODIS,76,6.2,284.5,14.9,N,2
-13.4848,135.8175,319.4,4,1.9,2014-11-02,0039,Terra,MODIS,48,6.2,299.5,35.9,D,0
-13.7907,141.7021,332.8,1.4,1.2,2014-11-02,0039,Terra,MODIS,57,6.2,309.5,24.5,D,0
-14.4584,141.638,333.7,1.4,1.2,2014-11-02,0039,Terra,MODIS,70,6.2,307.6,23.8,D,0
-14.933,144.3478,333.8,1,1,2014-11-02,0039,Terra,MODIS,69,6.2,311.2,17.8,D,0
-12.7075,143.1109,330.3,1.2,1.1,2014-11-02,0039,Terra,MODIS,59,6.2,303,22.8,D,0
-14.5445,144.5764,335.7,1,1,2014-11-02,0039,Terra,MODIS,76,6.2,307.1,20.7,D,0
-14.543,144.567,335.1,1,1,2014-11-02,0039,Terra,MODIS,77,6.2,309.6,18.7,D,0
-13.8145,141.91,327.1,1.4,1.2,2014-11-02,0039,Terra,MODIS,59,6.2,308.9,12.9,D,0
-13.8093,141.9175,331.3,1.4,1.2,2014-11-02,0039,Terra,MODIS,65,6.2,309.9,19.8,D,0
-14.9289,144.3744,334.4,1,1,2014-11-02,0039,Terra,MODIS,76,6.2,309.6,17.8,D,0
-14.9344,144.3573,334.3,1,1,2014-11-02,0039,Terra,MODIS,74,6.2,310.8,18.8,D,0
-14.4563,141.625,338.1,1.4,1.2,2014-11-02,0039,Terra,MODIS,80,6.2,307.4,35.2,D,0
-12.7061,143.0932,329.2,1.2,1.1,2014-11-02,0039,Terra,MODIS,37,6.2,304.1,19.3,D,0
-15.1524,145.188,325.8,1,1,2014-11-02,0039,Terra,MODIS,60,6.2,301.9,14,D,0
-15.151,145.1788,328.7,1,1,2014-11-02,0039,Terra,MODIS,73,6.2,301.8,18,D,0
-12.6977,143.1125,341.8,1.2,1.1,2014-11-02,0039,Terra,MODIS,90,6.2,300.2,47,D,0
-14.3801,141.6575,330.3,1.4,1.2,2014-11-02,0039,Terra,MODIS,40,6.2,308.5,15.8,D,0
-14.3696,141.6593,330.1,1.4,1.2,2014-11-02,0039,Terra,MODIS,48,6.2,306.9,17.5,D,0
-14.3822,141.8019,329.7,1.4,1.2,2014-11-02,0039,Terra,MODIS,64,6.2,306.5,17,D,0
-14.5906,141.8828,330.3,1.4,1.2,2014-11-02,0039,Terra,MODIS,60,6.2,295.9,25.5,D,0
-14.1683,141.8574,327.8,1.4,1.2,2014-11-02,0039,Terra,MODIS,46,6.2,308.2,9.6,D,0
-14.1631,141.8516,332.3,1.4,1.2,2014-11-02,0039,Terra,MODIS,69,6.2,308.5,19.4,D,0
-13.6927,141.5342,342.5,1.5,1.2,2014-11-02,0039,Terra,MODIS,82,6.2,313.6,43.5,D,0
-12.5886,136.2043,326.8,3.9,1.8,2014-11-02,0039,Terra,MODIS,80,6.2,302.5,83.4,D,0
-15.1487,142.7931,336.4,1.2,1.1,2014-11-02,0039,Terra,MODIS,73,6.2,310.7,18.7,D,0
-15.535,142.4652,354.8,1.2,1.1,2014-11-02,0039,Terra,MODIS,96,6.2,308.9,68.7,D,0
-15.1583,142.7915,338.9,1.2,1.1,2014-11-02,0039,Terra,MODIS,78,6.2,310.8,23,D,0
-15.3758,142.6866,332.3,1.2,1.1,2014-11-02,0039,Terra,MODIS,30,6.2,310.6,12.5,D,0
-15.1857,142.7758,344.1,1.2,1.1,2014-11-02,0039,Terra,MODIS,86,6.2,311.1,33.6,D,0
-15.1161,142.7934,331.7,1.2,1.1,2014-11-02,0039,Terra,MODIS,53,6.2,310.5,11.6,D,0
-12.4979,136.1172,324.4,3.9,1.8,2014-11-02,0039,Terra,MODIS,45,6.2,301.6,74.2,D,0
-15.1275,142.8027,337.4,1.2,1.1,2014-11-02,0039,Terra,MODIS,76,6.2,309.9,22.4,D,0
-15.1953,142.7742,337.7,1.2,1.1,2014-11-02,0039,Terra,MODIS,76,6.2,311,19.9,D,0
-15.5368,142.4764,329.2,1.2,1.1,2014-11-02,0039,Terra,MODIS,44,6.2,306.9,9.2,D,0
-15.1451,142.7886,335.1,1.2,1.1,2014-11-02,0039,Terra,MODIS,71,6.2,311.7,16.6,D,0
-15.205,142.7726,335.7,1.2,1.1,2014-11-02,0039,Terra,MODIS,69,6.2,311.1,16.8,D,0
-15.1354,142.7902,356.1,1.2,1.1,2014-11-02,0039,Terra,MODIS,97,6.2,312.2,68.2,D,0
-12.4863,136.1134,324.4,3.9,1.8,2014-11-02,0039,Terra,MODIS,52,6.2,301.4,75.5,D,0
-15.1468,142.7995,336.2,1.2,1.1,2014-11-02,0039,Terra,MODIS,74,6.2,310.2,18.7,D,0
-15.3465,143.1467,339.3,1.1,1.1,2014-11-02,0039,Terra,MODIS,79,6.2,312.2,21.4,D,0
-15.3661,142.6882,334.6,1.2,1.1,2014-11-02,0039,Terra,MODIS,50,6.2,309.4,16.2,D,0
-15.485,142.6052,332.9,1.2,1.1,2014-11-02,0039,Terra,MODIS,38,6.2,308.4,14.5,D,0
-15.1178,142.8043,332.2,1.2,1.1,2014-11-02,0039,Terra,MODIS,54,6.2,310.1,13.4,D,0
-15.1257,142.7918,331.2,1.2,1.1,2014-11-02,0039,Terra,MODIS,53,6.2,310.6,10.4,D,0
-15.477,142.6179,333.3,1.2,1.1,2014-11-02,0039,Terra,MODIS,41,6.2,308.6,15.1,D,0
-15.337,143.1482,334.4,1.1,1.1,2014-11-02,0039,Terra,MODIS,69,6.2,312.8,12.2,D,0
-15.1371,142.8011,360.3,1.2,1.1,2014-11-02,0039,Terra,MODIS,100,6.2,311,82.3,D,0
-15.015,145.0704,320.4,1,1,2014-11-02,0039,Terra,MODIS,26,6.2,299.6,9.5,D,0
-14.1761,136.6751,325.2,3.3,1.7,2014-11-02,0039,Terra,MODIS,74,6.2,299.5,74.5,D,0
-14.1712,136.6689,325.2,3.3,1.7,2014-11-02,0039,Terra,MODIS,74,6.2,299.8,71.5,D,0
-12.6608,142.7506,326.6,1.3,1.1,2014-11-02,0039,Terra,MODIS,56,6.2,300.4,17.8,D,0
-18.8544,141.6278,346.7,1.2,1.1,2014-11-02,0040,Terra,MODIS,88,6.2,306.7,47.7,D,0
-17.0138,142.3459,335.7,1.2,1.1,2014-11-02,0040,Terra,MODIS,51,6.2,308.5,18.8,D,0
-16.9776,138.953,337.1,2,1.4,2014-11-02,0040,Terra,MODIS,79,6.2,303.5,52,D,0
-16.9801,138.9456,334.2,2,1.4,2014-11-02,0040,Terra,MODIS,69,6.2,303.1,43.8,D,0
-16.9834,138.9638,332.9,2,1.4,2014-11-02,0040,Terra,MODIS,68,6.2,304.3,34.1,D,0
-16.9361,142.8864,331.1,1.1,1.1,2014-11-02,0040,Terra,MODIS,54,6.2,306.9,12.8,D,0
-16.9172,142.8896,333,1.1,1.1,2014-11-02,0040,Terra,MODIS,50,6.2,307.9,13.7,D,0
-16.4481,144.8614,344.9,1,1,2014-11-02,0040,Terra,MODIS,89,6.2,314.8,33.9,D,0
-17.11,142.759,330,1.1,1.1,2014-11-02,0040,Terra,MODIS,26,6.2,308.8,8.9,D,0
-16.4571,144.86,328.8,1,1,2014-11-02,0040,Terra,MODIS,45,6.2,314.9,7.8,D,0
-16.4495,144.8707,333.8,1,1,2014-11-02,0040,Terra,MODIS,66,6.2,313.5,15.3,D,0
-16.8268,142.9007,341.2,1.1,1.1,2014-11-02,0040,Terra,MODIS,83,6.2,309.2,28.1,D,0
-18.8582,141.6506,344.2,1.2,1.1,2014-11-02,0040,Terra,MODIS,86,6.2,311.3,35.1,D,0
-18.8563,141.6392,370.4,1.2,1.1,2014-11-02,0040,Terra,MODIS,100,6.2,311,128.7,D,0
-17.9096,143.0898,331.5,1.1,1,2014-11-02,0040,Terra,MODIS,66,6.2,308.5,12.8,D,0
-17.9112,143.0998,333.6,1.1,1,2014-11-02,0040,Terra,MODIS,72,6.2,309.3,15.6,D,0
-16.915,142.9072,348.6,1.1,1.1,2014-11-02,0040,Terra,MODIS,91,6.2,308.2,43.2,D,0
-17.9189,143.0882,354.7,1.1,1,2014-11-02,0040,Terra,MODIS,96,6.2,308.5,60.9,D,0
-17.9205,143.0983,349.1,1.1,1,2014-11-02,0040,Terra,MODIS,92,6.2,310.5,46.4,D,0
-17.9297,143.0967,328.8,1.1,1,2014-11-02,0040,Terra,MODIS,50,6.2,306.9,10.9,D,0
-16.7406,142.8785,331.3,1.1,1.1,2014-11-02,0040,Terra,MODIS,46,6.2,309.5,9.2,D,0
-16.8212,142.897,332.5,1.1,1.1,2014-11-02,0040,Terra,MODIS,29,6.2,309.8,10.1,D,0
-18.8741,141.6243,337.2,1.2,1.1,2014-11-02,0040,Terra,MODIS,75,6.2,304.5,30,D,0
-18.868,141.6489,340.4,1.2,1.1,2014-11-02,0040,Terra,MODIS,70,6.2,312.7,28.9,D,0
-18.8661,141.6375,360.6,1.2,1.1,2014-11-02,0040,Terra,MODIS,100,6.2,312.9,91.6,D,0
-18.8642,141.626,411,1.2,1.1,2014-11-02,0040,Terra,MODIS,100,6.2,314.6,410.1,D,0
-16.9118,142.8864,335.7,1.1,1.1,2014-11-02,0040,Terra,MODIS,73,6.2,309.3,14.2,D,0
-17.0123,142.3528,335.9,1.2,1.1,2014-11-02,0040,Terra,MODIS,70,6.2,309.5,20.4,D,0
-19.0108,142.5915,341.1,1.1,1,2014-11-02,0040,Terra,MODIS,77,6.2,314.9,20.1,D,0
-16.9134,142.8968,352.4,1.1,1.1,2014-11-02,0040,Terra,MODIS,94,6.2,307.9,51.7,D,0
-18.8759,141.6357,340.4,1.2,1.1,2014-11-02,0040,Terra,MODIS,80,6.2,307,34.7,D,0
-16.4312,142.761,335.1,1.1,1.1,2014-11-02,0040,Terra,MODIS,72,6.2,310.6,13.4,D,0
-16.4329,142.7717,332.5,1.1,1.1,2014-11-02,0040,Terra,MODIS,56,6.2,310.3,8.5,D,0
-16.4359,142.7652,332.9,1.1,1.1,2014-11-02,0040,Terra,MODIS,51,6.2,311,11.3,D,0
-16.4377,142.7758,332.3,1.1,1.1,2014-11-02,0040,Terra,MODIS,42,6.2,310.5,9.9,D,0
-16.42,142.752,332.7,1.1,1.1,2014-11-02,0040,Terra,MODIS,59,6.2,309.8,8.2,D,0
-18.8797,141.6586,367.4,1.2,1.1,2014-11-02,0040,Terra,MODIS,100,6.2,313,109.9,D,0
-18.8914,141.6682,342.7,1.2,1.1,2014-11-02,0040,Terra,MODIS,79,6.2,310.9,29.2,D,0
-18.8778,141.6471,364.6,1.2,1.1,2014-11-02,0040,Terra,MODIS,100,6.2,310.5,103.6,D,0
-17.0784,142.8352,333.5,1.1,1.1,2014-11-02,0040,Terra,MODIS,70,6.2,309.1,11.8,D,0
-16.9189,142.9,334.7,1.1,1.1,2014-11-02,0040,Terra,MODIS,72,6.2,306.3,17.2,D,0
-17.0914,142.9182,334,1.1,1,2014-11-02,0040,Terra,MODIS,71,6.2,309.9,13.8,D,0
-17.0804,142.9094,331.6,1.1,1,2014-11-02,0040,Terra,MODIS,50,6.2,310,9.9,D,0
-17.0788,142.8991,341.8,1.1,1.1,2014-11-02,0040,Terra,MODIS,84,6.2,311.1,27.2,D,0
-17.1176,142.9284,334.2,1.1,1,2014-11-02,0040,Terra,MODIS,71,6.2,310.6,14.8,D,0
-18.2888,143.7525,335,1,1,2014-11-02,0040,Terra,MODIS,50,6.2,311.8,13,D,0
-18.3192,143.708,341.6,1,1,2014-11-02,0040,Terra,MODIS,84,6.2,311.4,23.1,D,0
-18.2766,143.7937,342.6,1,1,2014-11-02,0040,Terra,MODIS,85,6.2,312.1,25.8,D,0
-18.3172,143.8165,345.1,1,1,2014-11-02,0040,Terra,MODIS,88,6.2,312.9,28.7,D,0
-16.4629,142.7498,333.2,1.1,1.1,2014-11-02,0040,Terra,MODIS,65,6.2,310,10.3,D,0
-18.2751,143.7841,335.9,1,1,2014-11-02,0040,Terra,MODIS,58,6.2,310.8,14.7,D,0
-18.3248,143.8055,333.7,1,1,2014-11-02,0040,Terra,MODIS,52,6.2,313,8.7,D,0
-18.3157,143.8069,350.8,1,1,2014-11-02,0040,Terra,MODIS,93,6.2,313.1,39.5,D,0
-18.2812,143.7636,359,1,1,2014-11-02,0040,Terra,MODIS,99,6.2,312.3,64,D,0
-18.307,143.7495,350.9,1,1,2014-11-02,0040,Terra,MODIS,93,6.2,314.1,40.7,D,0
-18.2798,143.754,333.9,1,1,2014-11-02,0040,Terra,MODIS,60,6.2,308.7,13,D,0
-18.278,143.8033,335.9,1,1,2014-11-02,0040,Terra,MODIS,63,6.2,311.4,13.9,D,0
-18.3026,143.7206,332.7,1,1,2014-11-02,0040,Terra,MODIS,68,6.2,311.3,10,D,0
-19.5269,140.7445,336.1,1.3,1.1,2014-11-02,0041,Terra,MODIS,72,6.2,312.3,21.7,D,0
-19.9162,143.9757,334,1,1,2014-11-02,0041,Terra,MODIS,57,6.2,309.9,12,D,0
-21.7545,141.2385,338.6,1.2,1.1,2014-11-02,0041,Terra,MODIS,81,6.2,311.5,25.2,D,0
-21.7527,141.2273,334.6,1.2,1.1,2014-11-02,0041,Terra,MODIS,75,6.2,309.8,18.2,D,0
-19.9119,143.9471,354.8,1,1,2014-11-02,0041,Terra,MODIS,91,6.2,301.9,58.8,D,0
-19.5393,140.7552,338.7,1.3,1.1,2014-11-02,0041,Terra,MODIS,78,6.2,312.2,27.7,D,0
-21.6658,141.2611,338.1,1.2,1.1,2014-11-02,0041,Terra,MODIS,80,6.2,309.6,24.8,D,0
-19.529,140.7571,337.3,1.3,1.1,2014-11-02,0041,Terra,MODIS,75,6.2,313.2,24.1,D,0
-19.9223,143.9551,344,1,1,2014-11-02,0041,Terra,MODIS,42,6.2,299.7,34.5,D,0
-19.9148,143.9661,338,1,1,2014-11-02,0041,Terra,MODIS,71,6.2,308.3,20,D,0
-19.9058,143.9676,349.7,1,1,2014-11-02,0041,Terra,MODIS,92,6.2,310.5,43.2,D,0
-19.9209,143.9456,353.3,1,1,2014-11-02,0041,Terra,MODIS,70,6.2,304.3,55.1,D,0
-21.6562,141.2629,345.6,1.2,1.1,2014-11-02,0041,Terra,MODIS,89,6.2,309.8,42.7,D,0
-22.9286,147.4158,325.2,1.3,1.1,2014-11-02,0041,Terra,MODIS,33,6.2,304.5,11.6,D,0
-23.3549,147.8307,339.1,1.4,1.2,2014-11-02,0041,Terra,MODIS,84,6.2,303.8,47.1,D,0
-23.364,147.8152,344.3,1.4,1.2,2014-11-02,0041,Terra,MODIS,89,6.2,304.7,61.7,D,0
-23.3657,147.8293,330.4,1.4,1.2,2014-11-02,0041,Terra,MODIS,54,6.2,304.4,23.6,D,0
-23.373,147.7999,334.6,1.4,1.2,2014-11-02,0041,Terra,MODIS,75,6.2,304.9,31.5,D,0
-23.3747,147.8138,331.1,1.4,1.2,2014-11-02,0041,Terra,MODIS,68,6.2,306.3,24.1,D,0
-21.2731,133.4536,330.7,4,1.9,2014-11-02,0041,Terra,MODIS,80,6.2,295.1,154.9,D,0
-21.2651,133.4151,323.3,4.1,1.9,2014-11-02,0041,Terra,MODIS,69,6.2,294.4,89,D,0
-21.2598,133.4492,327.4,4,1.9,2014-11-02,0041,Terra,MODIS,74,6.2,294.7,126.5,D,0
-21.2764,133.4453,326.1,4,1.9,2014-11-02,0041,Terra,MODIS,73,6.2,294.9,114.1,D,0
-24.8873,148.5762,356.3,1.7,1.3,2014-11-02,0042,Terra,MODIS,98,6.2,301.6,142.1,D,0
-24.8218,147.7056,324.5,1.5,1.2,2014-11-02,0042,Terra,MODIS,34,6.2,293.7,25,D,0
-24.8988,148.5748,354.3,1.7,1.3,2014-11-02,0042,Terra,MODIS,97,6.2,300.6,130.7,D,0
-25.4929,150.4086,328,2.3,1.5,2014-11-02,0042,Terra,MODIS,77,6.2,300.2,54.4,D,0
-25.4883,150.4036,323.9,2.3,1.5,2014-11-02,0042,Terra,MODIS,71,6.2,300.2,38.9,D,0
-25.5764,150.9106,336.6,2.5,1.5,2014-11-02,0042,Terra,MODIS,86,6.2,300.3,93.2,D,0
-24.7599,147.743,323.5,1.5,1.2,2014-11-02,0042,Terra,MODIS,44,6.2,297.5,24.2,D,0
-25.3255,131.0361,318.1,4.7,2,2014-11-02,0043,Terra,MODIS,65,6.2,299,66.4,D,0
-25.3223,131.029,319.7,4.7,2,2014-11-02,0043,Terra,MODIS,69,6.2,299,76.9,D,0
-29.2495,129.6389,329.7,4.7,2,2014-11-02,0044,Terra,MODIS,79,6.2,301.4,206.2,D,0
-29.2759,129.6728,319.3,4.6,2,2014-11-02,0044,Terra,MODIS,60,6.2,297.8,101.5,D,0
-28.6702,130.167,317.9,4.5,1.9,2014-11-02,0044,Terra,MODIS,45,6.2,297.7,75,D,0
-29.2514,129.6434,328.6,4.7,2,2014-11-02,0044,Terra,MODIS,77,6.2,301.3,191.7,D,0
-29.2669,129.633,355.1,4.7,2,2014-11-02,0044,Terra,MODIS,97,6.2,300.8,632.3,D,0
-28.6606,130.1302,324.8,4.5,2,2014-11-02,0044,Terra,MODIS,70,6.2,297.1,135.9,D,0
-28.6593,130.1226,321.3,4.5,2,2014-11-02,0044,Terra,MODIS,63,6.2,296.9,104.2,D,0
-29.2553,129.5858,349.9,4.7,2,2014-11-02,0044,Terra,MODIS,94,6.2,299.1,524.4,D,0
-29.2522,129.5786,344.1,4.7,2,2014-11-02,0044,Terra,MODIS,91,6.2,298.6,408.9,D,0
-29.2378,129.5915,328.7,4.7,2,2014-11-02,0044,Terra,MODIS,78,6.2,299.2,194.1,D,0
-29.24,129.5959,335.9,4.7,2,2014-11-02,0044,Terra,MODIS,85,6.2,299.8,283.3,D,0
-29.2641,129.6258,353.2,4.7,2,2014-11-02,0044,Terra,MODIS,96,6.2,301.7,586.2,D,0
-34.187,139.9746,323.1,1,1,2014-11-02,0044,Terra,MODIS,67,6.2,303.9,11.3,D,0
-32.7049,151.9018,323.6,3.6,1.8,2014-11-02,0044,Terra,MODIS,67,6.2,295.7,122.6,D,0
-32.6963,151.8955,319.2,3.6,1.8,2014-11-02,0044,Terra,MODIS,55,6.2,296.6,97,D,0
-32.6985,151.9344,324.6,3.6,1.8,2014-11-02,0044,Terra,MODIS,0,6.2,295.6,133.1,D,0
-32.8395,151.4642,320.4,3.4,1.7,2014-11-02,0044,Terra,MODIS,75,6.2,297,84.8,D,0
-32.8419,151.5011,312.7,3.4,1.7,2014-11-02,0044,Terra,MODIS,63,6.2,296.9,48.9,D,0
-32.8491,151.4567,314.2,3.4,1.7,2014-11-02,0044,Terra,MODIS,47,6.2,296.7,48.3,D,0
-32.8513,151.4936,317.8,3.4,1.7,2014-11-02,0044,Terra,MODIS,67,6.2,297.6,70.8,D,0
-31.15,133.208,327.4,2.5,1.5,2014-11-02,0044,Terra,MODIS,77,6.2,303.9,58.9,D,0
-31.1439,133.2157,322.1,2.5,1.5,2014-11-02,0044,Terra,MODIS,69,6.2,304.8,38.7,D,0
-29.6422,130.8816,316.4,3.8,1.8,2014-11-02,0044,Terra,MODIS,39,6.2,302.9,38,D,0
-36.5664,146.049,302.7,1.7,1.3,2014-11-02,0045,Terra,MODIS,0,6.2,282.2,6.9,D,0
-11.5622,130.6517,327.9,3.6,1.8,2014-11-02,0217,Terra,MODIS,44,6.2,305.2,89.5,D,0
-11.2987,131.1449,321.6,3.9,1.8,2014-11-02,0217,Terra,MODIS,0,6.2,296.5,76.7,D,0
-12.3077,131.1894,318.2,4,1.9,2014-11-02,0217,Terra,MODIS,38,6.2,296.7,38.6,D,0
-12.9362,130.2998,322.6,3.5,1.8,2014-11-02,0217,Terra,MODIS,0,6.2,295.1,54.9,D,0
-12.952,130.298,341.6,3.5,1.8,2014-11-02,0217,Terra,MODIS,79,6.2,296.1,216,D,0
-12.9613,130.2903,324.4,3.5,1.8,2014-11-02,0217,Terra,MODIS,73,6.2,296.5,79.1,D,0
-12.9557,130.3302,329.2,3.5,1.8,2014-11-02,0217,Terra,MODIS,74,6.2,294.2,108.2,D,0
-12.9647,130.3226,327.7,3.5,1.8,2014-11-02,0217,Terra,MODIS,81,6.2,295.7,107.3,D,0
-13.1184,130.1695,321,3.4,1.7,2014-11-02,0217,Terra,MODIS,62,6.2,298.4,56.6,D,0
-13.5165,130.9644,320.6,4,1.9,2014-11-02,0217,Terra,MODIS,35,6.2,294.6,70,D,0
-13.5119,130.9705,320.5,4,1.9,2014-11-02,0217,Terra,MODIS,27,6.2,294.6,67.1,D,0
-14.7452,130.8223,325.9,4.1,1.9,2014-11-02,0218,Terra,MODIS,72,6.2,297.8,81.7,D,0
-14.6857,131.3108,322.5,4.4,1.9,2014-11-02,0218,Terra,MODIS,40,6.2,293.8,59.1,D,0
-14.741,130.8278,333.4,4.1,1.9,2014-11-02,0218,Terra,MODIS,82,6.2,297.6,153.6,D,0
-14.7282,130.8239,328.1,4.1,1.9,2014-11-02,0218,Terra,MODIS,75,6.2,296.3,102.6,D,0
-14.7111,130.8689,326.6,4.1,1.9,2014-11-02,0218,Terra,MODIS,66,6.2,297.7,85.8,D,0
-16.2078,124.8031,328.6,1.5,1.2,2014-11-02,0218,Terra,MODIS,68,6.2,302,19.3,D,0
-15.5846,128.2456,327.2,2.7,1.6,2014-11-02,0218,Terra,MODIS,69,6.2,299.4,35.2,D,0
-16.2331,124.8277,409.2,1.5,1.2,2014-11-02,0218,Terra,MODIS,100,6.2,311.4,543.3,D,0
-15.5751,128.2411,325.7,2.7,1.6,2014-11-02,0218,Terra,MODIS,61,6.2,299.3,29.1,D,0
-16.2314,124.8139,361.5,1.5,1.2,2014-11-02,0218,Terra,MODIS,100,6.2,303.1,136.9,D,0
-16.2441,124.8263,341.8,1.5,1.2,2014-11-02,0218,Terra,MODIS,88,6.2,301.8,58.7,D,0
-16.2025,124.7614,367.4,1.5,1.2,2014-11-02,0218,Terra,MODIS,100,6.2,306.6,162.8,D,0
-14.9022,127.5495,362.7,2.3,1.5,2014-11-02,0218,Terra,MODIS,100,6.2,299.5,270.9,D,0
-14.9047,127.5711,368.7,2.3,1.5,2014-11-02,0218,Terra,MODIS,100,6.2,301.9,330.2,D,0
-14.918,127.5695,373,2.3,1.5,2014-11-02,0218,Terra,MODIS,100,6.2,303.2,377.3,D,0
-14.9205,127.591,330.2,2.3,1.5,2014-11-02,0218,Terra,MODIS,78,6.2,301.6,45.6,D,0
-14.9312,127.5681,338.6,2.3,1.5,2014-11-02,0218,Terra,MODIS,86,6.2,299,89.8,D,0
-14.9338,127.5895,326.6,2.3,1.5,2014-11-02,0218,Terra,MODIS,47,6.2,300.9,30.9,D,0
-14.9278,127.5629,343.3,2.3,1.5,2014-11-02,0218,Terra,MODIS,90,6.2,298.7,116.9,D,0
-16.2061,124.7891,340.3,1.5,1.2,2014-11-02,0218,Terra,MODIS,89,6.2,304.7,49.3,D,0
-16.2043,124.7752,354.3,1.5,1.2,2014-11-02,0218,Terra,MODIS,97,6.2,306.1,98.6,D,0
-16.2096,124.8169,338.2,1.5,1.2,2014-11-02,0218,Terra,MODIS,87,6.2,302.4,45,D,0
-14.9302,127.5843,327.8,2.3,1.5,2014-11-02,0218,Terra,MODIS,60,6.2,301.4,36.1,D,0
-16.2152,124.7741,327.9,1.5,1.2,2014-11-02,0218,Terra,MODIS,74,6.2,303,18.6,D,0
-16.2205,124.8155,348.6,1.5,1.2,2014-11-02,0218,Terra,MODIS,94,6.2,301.9,78.3,D,0
-16.2134,124.7601,353.5,1.5,1.2,2014-11-02,0218,Terra,MODIS,97,6.2,303.7,97.2,D,0
-16.1934,124.7764,339.2,1.5,1.2,2014-11-02,0218,Terra,MODIS,88,6.2,306.6,43.7,D,0
-16.2222,124.8292,354.5,1.5,1.2,2014-11-02,0218,Terra,MODIS,97,6.2,305.2,101.5,D,0
-14.9154,127.5481,358.7,2.3,1.5,2014-11-02,0218,Terra,MODIS,99,6.2,299.4,234,D,0
-16.224,124.8431,340.8,1.5,1.2,2014-11-02,0218,Terra,MODIS,79,6.2,305.8,51.5,D,0
-16.2349,124.8416,350.3,1.5,1.2,2014-11-02,0218,Terra,MODIS,95,6.2,305,86,D,0
-18.8897,122.6622,340.7,1.2,1.1,2014-11-02,0219,Terra,MODIS,62,6.2,313.4,30.4,D,0
-18.8961,122.6209,338.3,1.2,1.1,2014-11-02,0219,Terra,MODIS,65,6.2,312,29.1,D,0
-18.8975,122.6323,343.9,1.2,1.1,2014-11-02,0219,Terra,MODIS,84,6.2,312.4,40.7,D,0
-18.899,122.6436,342.9,1.2,1.1,2014-11-02,0219,Terra,MODIS,86,6.2,311.4,38.9,D,0
-18.9005,122.6549,338.6,1.2,1.1,2014-11-02,0219,Terra,MODIS,82,6.2,310.6,30.3,D,0
-18.2428,122.5308,336.7,1.2,1.1,2014-11-02,0219,Terra,MODIS,77,6.2,312.8,20.8,D,0
-18.2414,122.5198,336.1,1.2,1.1,2014-11-02,0219,Terra,MODIS,76,6.2,311.7,20.5,D,0
-18.8039,122.6167,342.5,1.2,1.1,2014-11-02,0219,Terra,MODIS,77,6.2,316.3,29.9,D,0
-18.8249,122.6252,357.3,1.2,1.1,2014-11-02,0219,Terra,MODIS,98,6.2,317.7,66.2,D,0
-20.9932,124.7719,336.3,1.7,1.3,2014-11-02,0219,Terra,MODIS,67,6.2,312.7,33.7,D,0
-18.2423,122.5485,335.3,1.2,1.1,2014-11-02,0219,Terra,MODIS,64,6.2,313,13.4,D,0
-18.2393,122.5265,341,1.2,1.1,2014-11-02,0219,Terra,MODIS,83,6.2,313.1,30.3,D,0
-18.8949,122.6269,339.7,1.2,1.1,2014-11-02,0219,Terra,MODIS,40,6.2,313,29,D,0
-18.898,122.6495,345.2,1.2,1.1,2014-11-02,0219,Terra,MODIS,85,6.2,311.7,41.4,D,0
-18.8995,122.6609,340.2,1.2,1.1,2014-11-02,0219,Terra,MODIS,83,6.2,310.9,32.4,D,0
-18.8392,122.6578,337.5,1.2,1.1,2014-11-02,0219,Terra,MODIS,55,6.2,317.1,15.5,D,0
-18.8385,122.5774,341.9,1.2,1.1,2014-11-02,0219,Terra,MODIS,40,6.2,314.1,28.6,D,0
-17.9045,123.2952,333,1.3,1.1,2014-11-02,0219,Terra,MODIS,43,6.2,311.1,16.7,D,0
-18.84,122.5887,375.4,1.2,1.1,2014-11-02,0219,Terra,MODIS,100,6.2,316.7,140.6,D,0
-19.7707,122.5452,334.2,1.2,1.1,2014-11-02,0219,Terra,MODIS,68,6.2,314.5,15.9,D,0
-18.8483,122.5761,381,1.2,1.1,2014-11-02,0219,Terra,MODIS,100,6.2,315.1,174.3,D,0
-19.7722,122.5567,333.1,1.2,1.1,2014-11-02,0219,Terra,MODIS,56,6.2,316,13.5,D,0
-18.8302,122.59,358.9,1.2,1.1,2014-11-02,0219,Terra,MODIS,99,6.2,317.3,71.9,D,0
-18.8362,122.6352,341.8,1.2,1.1,2014-11-02,0219,Terra,MODIS,78,6.2,316.8,23.4,D,0
-18.8882,122.6509,345.9,1.2,1.1,2014-11-02,0219,Terra,MODIS,84,6.2,314.3,40.3,D,0
-21.003,124.7536,348.6,1.7,1.3,2014-11-02,0219,Terra,MODIS,92,6.2,311.3,84.4,D,0
-19.7805,122.5438,334.6,1.2,1.1,2014-11-02,0219,Terra,MODIS,61,6.2,315.2,16.3,D,0
-18.8791,122.5832,362.1,1.2,1.1,2014-11-02,0219,Terra,MODIS,100,6.2,312.7,96,D,0
-21.0011,124.7369,341,1.7,1.3,2014-11-02,0219,Terra,MODIS,80,6.2,313.4,52.6,D,0
-20.9914,124.7552,336.5,1.7,1.3,2014-11-02,0219,Terra,MODIS,57,6.2,313.8,32.8,D,0
-18.8498,122.5873,402,1.2,1.1,2014-11-02,0219,Terra,MODIS,100,6.2,318.1,312.6,D,0
-18.8625,122.6085,346.6,1.2,1.1,2014-11-02,0219,Terra,MODIS,90,6.2,314.5,34.6,D,0
-18.8776,122.5719,327.6,1.2,1.1,2014-11-02,0219,Terra,MODIS,39,6.2,309.6,9.9,D,0
-21.1811,126.0306,332.5,2.2,1.4,2014-11-02,0219,Terra,MODIS,49,6.2,311.2,39.4,D,0
-18.6132,122.6513,332.6,1.2,1.1,2014-11-02,0219,Terra,MODIS,48,6.2,312.6,15.3,D,0
-20.9956,124.7606,344.4,1.7,1.3,2014-11-02,0219,Terra,MODIS,88,6.2,312.4,59.2,D,0
-18.6147,122.6625,338.3,1.2,1.1,2014-11-02,0219,Terra,MODIS,63,6.2,316.2,24.2,D,0
-20.9936,124.7439,335.9,1.7,1.3,2014-11-02,0219,Terra,MODIS,50,6.2,314.3,26.8,D,0
-18.7818,122.6149,337.4,1.2,1.1,2014-11-02,0219,Terra,MODIS,43,6.2,314.6,14.9,D,0
-18.7915,122.6135,388.8,1.2,1.1,2014-11-02,0219,Terra,MODIS,100,6.2,318.5,212.8,D,0
-18.8013,122.6122,357.9,1.2,1.1,2014-11-02,0219,Terra,MODIS,98,6.2,316.5,69.4,D,0
-18.223,122.5513,338.1,1.2,1.1,2014-11-02,0219,Terra,MODIS,65,6.2,314.5,16.5,D,0
-18.8024,122.6054,343.7,1.2,1.1,2014-11-02,0219,Terra,MODIS,78,6.2,316.8,33.1,D,0
-18.22,122.5293,332.4,1.2,1.1,2014-11-02,0219,Terra,MODIS,18,6.2,311.9,11.8,D,0
-18.8888,122.5818,338.8,1.2,1.1,2014-11-02,0219,Terra,MODIS,81,6.2,309,31.3,D,0
-18.8965,122.6382,349,1.2,1.1,2014-11-02,0219,Terra,MODIS,85,6.2,312.9,50.3,D,0
-18.2511,122.5184,340.2,1.2,1.1,2014-11-02,0219,Terra,MODIS,82,6.2,311.2,28.8,D,0
-18.2457,122.5528,334.6,1.2,1.1,2014-11-02,0219,Terra,MODIS,69,6.2,313.3,14.8,D,0
-18.8347,122.6239,360.6,1.2,1.1,2014-11-02,0219,Terra,MODIS,100,6.2,317.4,76.6,D,0
-20.5151,122.1622,355.7,1.2,1.1,2014-11-02,0219,Terra,MODIS,97,6.2,315.2,66.7,D,0
-20.2223,122.8105,336.2,1.3,1.1,2014-11-02,0219,Terra,MODIS,59,6.2,315.3,18.7,D,0
-20.245,123.2176,335.7,1.3,1.1,2014-11-02,0219,Terra,MODIS,67,6.2,314.3,20.1,D,0
-20.5136,122.1509,342.5,1.2,1.1,2014-11-02,0219,Terra,MODIS,84,6.2,315.4,31.7,D,0
-20.2062,122.7637,336.9,1.3,1.1,2014-11-02,0219,Terra,MODIS,51,6.2,315.7,20.6,D,0
-20.2046,122.7517,341.5,1.3,1.1,2014-11-02,0219,Terra,MODIS,84,6.2,314.5,32.8,D,0
-20.1988,122.7829,337,1.3,1.1,2014-11-02,0219,Terra,MODIS,69,6.2,313.5,21.5,D,0
-20.2031,122.7397,342.5,1.3,1.1,2014-11-02,0219,Terra,MODIS,85,6.2,313.1,36.4,D,0
-20.5068,122.1749,338.3,1.2,1.1,2014-11-02,0219,Terra,MODIS,78,6.2,314.4,21.4,D,0
-20.5053,122.1636,335.3,1.2,1.1,2014-11-02,0219,Terra,MODIS,73,6.2,315.5,16.7,D,0
-20.5038,122.1523,334.7,1.2,1.1,2014-11-02,0219,Terra,MODIS,71,6.2,314,15.7,D,0
-20.5165,122.1735,370.1,1.2,1.1,2014-11-02,0219,Terra,MODIS,100,6.2,315.1,118.7,D,0
-21.3649,128.9715,326.7,3.6,1.8,2014-11-02,0219,Terra,MODIS,68,6.2,303.7,72.4,D,0
-21.381,128.9699,328.2,3.6,1.8,2014-11-02,0219,Terra,MODIS,71,6.2,302.6,84.9,D,0
-21.3892,128.9636,328.8,3.6,1.8,2014-11-02,0219,Terra,MODIS,73,6.2,302.6,92.6,D,0
-18.6157,128.1926,336,2.9,1.6,2014-11-02,0219,Terra,MODIS,50,6.2,301.5,111,D,0
-18.6274,128.1637,335.9,2.9,1.6,2014-11-02,0219,Terra,MODIS,53,6.2,296.3,111.6,D,0
-18.6421,128.1621,357.8,2.9,1.6,2014-11-02,0219,Terra,MODIS,99,6.2,298,318.6,D,0
-18.6286,128.1582,338.4,2.9,1.6,2014-11-02,0219,Terra,MODIS,61,6.2,296.8,132.6,D,0
-18.6432,128.1566,341.7,2.9,1.6,2014-11-02,0219,Terra,MODIS,88,6.2,294.9,161.2,D,0
-19.6743,123.9338,333.7,1.5,1.2,2014-11-02,0219,Terra,MODIS,63,6.2,311.7,20.8,D,0
-19.676,123.9477,330,1.5,1.2,2014-11-02,0219,Terra,MODIS,24,6.2,311.1,12.5,D,0
-19.6833,123.9184,337.2,1.5,1.2,2014-11-02,0219,Terra,MODIS,79,6.2,311.5,31.9,D,0
-19.685,123.9324,358.8,1.5,1.2,2014-11-02,0219,Terra,MODIS,99,6.2,314.1,109.5,D,0
-19.6941,123.917,336.6,1.5,1.2,2014-11-02,0219,Terra,MODIS,78,6.2,310.1,32.6,D,0
-19.6958,123.9309,342.6,1.5,1.2,2014-11-02,0219,Terra,MODIS,86,6.2,310.5,49.8,D,0
-19.6987,123.9241,341.8,1.5,1.2,2014-11-02,0219,Terra,MODIS,85,6.2,309.3,48.5,D,0
-21.3618,128.9369,338.5,3.6,1.8,2014-11-02,0219,Terra,MODIS,85,6.2,304.3,173.8,D,0
-21.3778,128.9354,390.1,3.6,1.8,2014-11-02,0219,Terra,MODIS,100,6.2,306,1179.7,D,0
-21.3863,128.9291,362.4,3.6,1.8,2014-11-02,0219,Terra,MODIS,100,6.2,302.9,510.6,D,0
-20.9056,123.3765,334,1.4,1.2,2014-11-02,0219,Terra,MODIS,69,6.2,314.7,19.3,D,0
-20.2532,123.2236,333.5,1.3,1.1,2014-11-02,0219,Terra,MODIS,43,6.2,315.1,15.9,D,0
-20.8095,124.1646,328.6,1.6,1.2,2014-11-02,0219,Terra,MODIS,39,6.2,312.1,15.2,D,0
-20.2651,123.2349,336.7,1.3,1.1,2014-11-02,0219,Terra,MODIS,68,6.2,313.2,24.3,D,0
-20.6548,123.6494,333.5,1.4,1.2,2014-11-02,0219,Terra,MODIS,69,6.2,314.9,22,D,0
-20.2284,125.7424,332.7,2,1.4,2014-11-02,0219,Terra,MODIS,45,6.2,311.3,30.7,D,0
-20.6565,123.6632,329.2,1.4,1.2,2014-11-02,0219,Terra,MODIS,46,6.2,311.9,11.8,D,0
-20.2512,125.7204,335,2,1.4,2014-11-02,0219,Terra,MODIS,63,6.2,312.7,40.8,D,0
-20.9839,124.762,336.6,1.7,1.3,2014-11-02,0219,Terra,MODIS,57,6.2,314.7,30.4,D,0
-20.257,123.2289,336.4,1.3,1.1,2014-11-02,0219,Terra,MODIS,60,6.2,314.4,21.3,D,0
-20.9141,123.4436,353.7,1.4,1.2,2014-11-02,0219,Terra,MODIS,95,6.2,314.6,79.3,D,0
-20.9035,123.445,338,1.4,1.2,2014-11-02,0219,Terra,MODIS,79,6.2,314.4,29.4,D,0
-20.9703,124.7469,332.3,1.7,1.3,2014-11-02,0219,Terra,MODIS,55,6.2,313.5,18.1,D,0
-22.8141,123.2616,344.5,1.5,1.2,2014-11-02,0220,Terra,MODIS,81,6.2,315.7,46.1,D,0
-23.9458,123.505,337.2,1.6,1.2,2014-11-02,0220,Terra,MODIS,75,6.2,317.5,23.1,D,0
-23.9459,123.4992,335.5,1.6,1.2,2014-11-02,0220,Terra,MODIS,65,6.2,318.4,20.4,D,0
-23.8128,123.4366,334.3,1.5,1.2,2014-11-02,0220,Terra,MODIS,36,6.2,316.4,18.4,D,0
-23.4139,120.1131,338.9,1,1,2014-11-02,0220,Terra,MODIS,80,6.2,318.3,18.6,D,0
-23.4266,120.0838,332.1,1,1,2014-11-02,0220,Terra,MODIS,64,6.2,317.3,9.9,D,0
-23.4837,126.6857,331,2.6,1.5,2014-11-02,0220,Terra,MODIS,54,6.2,311.5,44.2,D,0
-20.9759,123.5537,344.1,1.4,1.2,2014-11-02,0220,Terra,MODIS,86,6.2,312.2,48.6,D,0
-20.9742,123.54,338.7,1.4,1.2,2014-11-02,0220,Terra,MODIS,68,6.2,313.4,30.8,D,0
-20.9652,123.5552,371.9,1.4,1.2,2014-11-02,0220,Terra,MODIS,100,6.2,315.5,170.7,D,0
-20.9635,123.5414,337.5,1.4,1.2,2014-11-02,0220,Terra,MODIS,69,6.2,316.5,27.9,D,0
-20.9545,123.5566,364.8,1.4,1.2,2014-11-02,0220,Terra,MODIS,100,6.2,315.6,133.1,D,0
-20.9529,123.5428,334.9,1.4,1.2,2014-11-02,0220,Terra,MODIS,66,6.2,316.5,22.5,D,0
-23.5278,122.5863,351.4,1.3,1.2,2014-11-02,0220,Terra,MODIS,81,6.2,315.2,69.4,D,0
-23.5262,122.5731,352.4,1.3,1.1,2014-11-02,0220,Terra,MODIS,94,6.2,311.8,70.5,D,0
-23.5174,122.5878,388.7,1.3,1.2,2014-11-02,0220,Terra,MODIS,75,6.2,322,262.4,D,0
-23.5158,122.5746,367.8,1.3,1.1,2014-11-02,0220,Terra,MODIS,100,6.2,317.7,131.1,D,0
-23.507,122.5892,348.5,1.3,1.2,2014-11-02,0220,Terra,MODIS,69,6.2,319.5,51.3,D,0
-23.704,126.8047,330,2.7,1.6,2014-11-02,0220,Terra,MODIS,35,6.2,309.9,38.5,D,0
-22.8157,123.2758,357.4,1.5,1.2,2014-11-02,0220,Terra,MODIS,98,6.2,317.9,92,D,0
-22.8234,123.2804,346.8,1.5,1.2,2014-11-02,0220,Terra,MODIS,82,6.2,314.7,51.4,D,0
-22.8216,123.2662,344.4,1.5,1.2,2014-11-02,0220,Terra,MODIS,81,6.2,314.5,45.7,D,0
-24.1478,123.672,341,1.6,1.2,2014-11-02,0220,Terra,MODIS,61,6.2,318.5,36.1,D,0
-23.4348,126.6149,332,2.6,1.5,2014-11-02,0220,Terra,MODIS,56,6.2,312.4,44.2,D,0
-23.4271,126.5973,333,2.5,1.5,2014-11-02,0220,Terra,MODIS,67,6.2,312.2,51.5,D,0
-24.1693,123.6633,339.8,1.6,1.2,2014-11-02,0220,Terra,MODIS,73,6.2,315.1,37.6,D,0
-23.0047,124.5387,390.7,1.8,1.3,2014-11-02,0220,Terra,MODIS,100,6.2,317.7,423.3,D,0
-22.9928,124.5402,334.8,1.8,1.3,2014-11-02,0220,Terra,MODIS,74,6.2,314,30.9,D,0
-22.971,124.838,330,1.9,1.3,2014-11-02,0220,Terra,MODIS,52,6.2,311.9,21.8,D,0
-22.9689,124.8197,341.4,1.9,1.3,2014-11-02,0220,Terra,MODIS,85,6.2,312.2,62.5,D,0
-22.9589,124.8395,347.3,1.9,1.3,2014-11-02,0220,Terra,MODIS,91,6.2,313.5,88.6,D,0
-22.9569,124.8213,357.4,1.9,1.3,2014-11-02,0220,Terra,MODIS,98,6.2,315.7,143.4,D,0
-23.9021,123.3266,337.5,1.5,1.2,2014-11-02,0220,Terra,MODIS,58,6.2,314.3,30.9,D,0
-23.9004,123.3118,357.8,1.5,1.2,2014-11-02,0220,Terra,MODIS,98,6.2,314.5,107.6,D,0
-23.8911,123.328,366.6,1.5,1.2,2014-11-02,0220,Terra,MODIS,100,6.2,318.3,149.6,D,0
-23.8802,123.3294,345.4,1.5,1.2,2014-11-02,0220,Terra,MODIS,62,6.2,318.2,47.7,D,0
-23.8784,123.3146,348.4,1.5,1.2,2014-11-02,0220,Terra,MODIS,90,6.2,318.1,61.9,D,0
-23.8726,123.3606,337.8,1.5,1.2,2014-11-02,0220,Terra,MODIS,65,6.2,317.9,26.8,D,0
-23.8692,123.3308,353.8,1.5,1.2,2014-11-02,0220,Terra,MODIS,95,6.2,318.1,81.4,D,0
-23.8674,123.316,340.7,1.5,1.2,2014-11-02,0220,Terra,MODIS,44,6.2,318.6,35.1,D,0
-23.8657,123.3013,339.2,1.5,1.2,2014-11-02,0220,Terra,MODIS,79,6.2,317.1,34.9,D,0
-24.158,123.6648,356.5,1.6,1.2,2014-11-02,0220,Terra,MODIS,97,6.2,319,105.2,D,0
-21.7244,122.152,353.1,1.2,1.1,2014-11-02,0220,Terra,MODIS,94,6.2,316.9,62.5,D,0
-21.4248,122.0379,334.1,1.2,1.1,2014-11-02,0220,Terra,MODIS,43,6.2,315.5,12.3,D,0
-21.7259,122.1637,347.5,1.2,1.1,2014-11-02,0220,Terra,MODIS,89,6.2,314.3,47.4,D,0
-21.4151,122.0393,347.5,1.2,1.1,2014-11-02,0220,Terra,MODIS,89,6.2,318.4,40.1,D,0
-21.3732,122.0396,341.8,1.2,1.1,2014-11-02,0220,Terra,MODIS,78,6.2,316.8,27.2,D,0
-21.4316,122.0137,337.5,1.2,1.1,2014-11-02,0220,Terra,MODIS,64,6.2,314.4,17.5,D,0
-21.4331,122.0251,339.1,1.2,1.1,2014-11-02,0220,Terra,MODIS,71,6.2,313.8,21.1,D,0
-22.0791,123.9122,335.5,1.6,1.2,2014-11-02,0220,Terra,MODIS,39,6.2,316.6,19.7,D,0
-22.0396,124.0576,329.3,1.6,1.2,2014-11-02,0220,Terra,MODIS,39,6.2,312.7,13.9,D,0
-23.3056,122.3535,345.3,1.3,1.1,2014-11-02,0220,Terra,MODIS,76,6.2,315.4,38.7,D,0
-22.5137,124.6023,341.5,1.8,1.3,2014-11-02,0220,Terra,MODIS,85,6.2,314.7,49.8,D,0
-23.246,122.2781,338.4,1.3,1.1,2014-11-02,0220,Terra,MODIS,70,6.2,316.9,24.1,D,0
-22.8479,122.1095,351.1,1.2,1.1,2014-11-02,0220,Terra,MODIS,93,6.2,318.6,54.7,D,0
-22.8464,122.0974,374.5,1.2,1.1,2014-11-02,0220,Terra,MODIS,100,6.2,317,151.2,D,0
-22.8411,122.1351,343.7,1.2,1.1,2014-11-02,0220,Terra,MODIS,86,6.2,316.7,34.2,D,0
-22.8379,122.1109,346.3,1.2,1.1,2014-11-02,0220,Terra,MODIS,89,6.2,317.6,42.5,D,0
-22.1083,123.9637,338.4,1.6,1.2,2014-11-02,0220,Terra,MODIS,74,6.2,313.9,35.7,D,0
-22.8364,122.0989,342.1,1.2,1.1,2014-11-02,0220,Terra,MODIS,82,6.2,314.5,33.6,D,0
-23.3979,122.5303,341.9,1.3,1.1,2014-11-02,0220,Terra,MODIS,83,6.2,318.4,28.2,D,0
-22.7965,122.1046,337.8,1.2,1.1,2014-11-02,0220,Terra,MODIS,78,6.2,315.3,25.1,D,0
-22.7949,122.0925,345.3,1.2,1.1,2014-11-02,0220,Terra,MODIS,88,6.2,315.3,43.6,D,0
-23.3963,122.5173,339.4,1.3,1.1,2014-11-02,0220,Terra,MODIS,75,6.2,319.5,21.7,D,0
-23.2476,122.2906,341.8,1.3,1.1,2014-11-02,0220,Terra,MODIS,75,6.2,317.8,30.9,D,0
-23.2525,122.2586,343,1.3,1.1,2014-11-02,0220,Terra,MODIS,85,6.2,316.4,37.5,D,0
-23.3693,122.4683,333.5,1.3,1.1,2014-11-02,0220,Terra,MODIS,61,6.2,317.2,12,D,0
-21.9978,125.6709,368.7,2.1,1.4,2014-11-02,0220,Terra,MODIS,100,6.2,315.2,268.2,D,0
-23.3606,122.4827,338.3,1.3,1.1,2014-11-02,0220,Terra,MODIS,75,6.2,317.3,20.8,D,0
-23.3591,122.4697,353.3,1.3,1.1,2014-11-02,0220,Terra,MODIS,95,6.2,319.6,64.4,D,0
-22,125.6909,348.4,2.1,1.4,2014-11-02,0220,Terra,MODIS,92,6.2,311,115.4,D,0
-23.3127,122.3268,382.1,1.3,1.1,2014-11-02,0220,Terra,MODIS,100,6.2,315.5,211.2,D,0
-22.8001,123.2692,335.4,1.5,1.2,2014-11-02,0220,Terra,MODIS,61,6.2,316.4,19.6,D,0
-22.8109,123.2677,354.6,1.5,1.2,2014-11-02,0220,Terra,MODIS,96,6.2,317.1,80.7,D,0
-22.8126,123.2819,348,1.5,1.2,2014-11-02,0220,Terra,MODIS,90,6.2,317.6,53.5,D,0
-23.3575,122.4568,345.8,1.3,1.1,2014-11-02,0220,Terra,MODIS,88,6.2,317.8,42.4,D,0
-23.3627,122.4758,352.6,1.3,1.1,2014-11-02,0220,Terra,MODIS,94,6.2,318,59.8,D,0
-23.3611,122.4629,349,1.3,1.1,2014-11-02,0220,Terra,MODIS,91,6.2,318.2,49.3,D,0
-22.0214,126.5253,362.3,2.4,1.5,2014-11-02,0220,Terra,MODIS,100,6.2,311.5,264.3,D,0
-22.0107,125.6636,350.4,2.1,1.4,2014-11-02,0220,Terra,MODIS,93,6.2,313.4,130.6,D,0
-22.0001,125.6853,360.7,2.1,1.4,2014-11-02,0220,Terra,MODIS,100,6.2,312.4,203.2,D,0
-23.3508,122.4643,344.2,1.3,1.1,2014-11-02,0220,Terra,MODIS,86,6.2,318.6,34.9,D,0
-22.7848,125.0233,345.9,1.9,1.4,2014-11-02,0220,Terra,MODIS,90,6.2,313.1,89,D,0
-23.3111,122.3141,440.3,1.3,1.1,2014-11-02,0220,Terra,MODIS,100,6.2,322.3,841.2,D,0
-23.3009,122.3156,422.4,1.3,1.1,2014-11-02,0220,Terra,MODIS,100,6.2,332.4,578,D,0
-22.0114,126.5096,345.8,2.4,1.5,2014-11-02,0220,Terra,MODIS,90,6.2,312.3,124.2,D,0
-22.0139,126.533,331.6,2.4,1.5,2014-11-02,0220,Terra,MODIS,62,6.2,309.9,45,D,0
-21.6415,126.0948,341.9,2.2,1.4,2014-11-02,0220,Terra,MODIS,86,6.2,313.1,82.4,D,0
-23.2556,122.2837,344.8,1.3,1.1,2014-11-02,0220,Terra,MODIS,75,6.2,315.7,38.8,D,0
-23.3025,122.3282,379.1,1.3,1.1,2014-11-02,0220,Terra,MODIS,100,6.2,317.9,186.8,D,0
-22.0191,126.5019,353.8,2.4,1.5,2014-11-02,0220,Terra,MODIS,96,6.2,312.2,182,D,0
-22.0105,125.6693,369.8,2.1,1.4,2014-11-02,0220,Terra,MODIS,100,6.2,314.3,281.1,D,0
-22.0127,125.6894,362.2,2.1,1.4,2014-11-02,0220,Terra,MODIS,100,6.2,311.4,216.4,D,0
-23.3095,122.3015,408.8,1.3,1.1,2014-11-02,0220,Terra,MODIS,100,6.2,316.6,427.5,D,0
-21.5327,124.4005,335.5,1.7,1.3,2014-11-02,0220,Terra,MODIS,63,6.2,315.3,24.2,D,0
-21.5441,124.399,337.2,1.7,1.3,2014-11-02,0220,Terra,MODIS,72,6.2,313.2,31.7,D,0
-21.5861,124.4589,346.8,1.7,1.3,2014-11-02,0220,Terra,MODIS,89,6.2,312.7,70.4,D,0
-21.588,124.4751,330.8,1.7,1.3,2014-11-02,0220,Terra,MODIS,45,6.2,311.2,15.6,D,0
-21.5829,124.4529,337.1,1.7,1.3,2014-11-02,0220,Terra,MODIS,78,6.2,313.1,34.5,D,0
-21.5847,124.4691,336,1.7,1.3,2014-11-02,0220,Terra,MODIS,76,6.2,312,31.7,D,0
-21.8831,123.3274,346.7,1.4,1.2,2014-11-02,0220,Terra,MODIS,89,6.2,316.4,55.1,D,0
-21.8921,123.3122,375.8,1.4,1.2,2014-11-02,0220,Terra,MODIS,100,6.2,316.5,193.5,D,0
-23.3041,122.3408,397,1.3,1.1,2014-11-02,0220,Terra,MODIS,100,6.2,321.1,310.2,D,0
-22.1066,123.9483,346,1.6,1.2,2014-11-02,0220,Terra,MODIS,89,6.2,314.6,60.7,D,0
-22.0128,125.6837,374,2.1,1.4,2014-11-02,0220,Terra,MODIS,100,6.2,312.5,331.7,D,0
-22.8602,122.1265,339,1.2,1.1,2014-11-02,0220,Terra,MODIS,80,6.2,314.5,28,D,0
-22.8587,122.1144,374.2,1.2,1.1,2014-11-02,0220,Terra,MODIS,100,6.2,319.2,151.1,D,0
-22.8572,122.1023,350.2,1.2,1.1,2014-11-02,0220,Terra,MODIS,92,6.2,317,55.8,D,0
-22.8557,122.0902,368.8,1.2,1.1,2014-11-02,0220,Terra,MODIS,100,6.2,317.1,128.6,D,0
-22.1142,123.9164,346.8,1.6,1.2,2014-11-02,0220,Terra,MODIS,89,6.2,312.2,66.6,D,0
-22.1124,123.9012,404.9,1.6,1.2,2014-11-02,0220,Terra,MODIS,100,6.2,317.1,510.2,D,0
-22.5221,124.6123,336.2,1.8,1.3,2014-11-02,0220,Terra,MODIS,78,6.2,313.7,28.9,D,0
-21.8938,123.326,336.4,1.4,1.2,2014-11-02,0220,Terra,MODIS,75,6.2,314,25.9,D,0
-22.1106,123.886,347.6,1.6,1.2,2014-11-02,0220,Terra,MODIS,90,6.2,313.7,70.5,D,0
-22.5102,124.6137,331.6,1.8,1.3,2014-11-02,0220,Terra,MODIS,54,6.2,313.6,15.5,D,0
-22.5084,124.5964,332,1.8,1.3,2014-11-02,0220,Terra,MODIS,47,6.2,314,16.4,D,0
-22.5256,124.6009,336.2,1.8,1.3,2014-11-02,0220,Terra,MODIS,79,6.2,314.8,30.1,D,0
-22.0995,123.8875,350.4,1.6,1.2,2014-11-02,0220,Terra,MODIS,93,6.2,315.6,70.1,D,0
-22.0919,123.9194,336.3,1.6,1.2,2014-11-02,0220,Terra,MODIS,41,6.2,313.3,20.3,D,0
-23.3088,122.379,351.1,1.3,1.1,2014-11-02,0220,Terra,MODIS,93,6.2,316.8,56.1,D,0
-22.8595,122.1201,374.4,1.2,1.1,2014-11-02,0220,Terra,MODIS,100,6.2,317.4,148.9,D,0
-23.0165,124.5372,347.1,1.8,1.3,2014-11-02,0220,Terra,MODIS,90,6.2,312.1,85.5,D,0
-22.0901,123.9042,339.1,1.6,1.2,2014-11-02,0220,Terra,MODIS,73,6.2,316.2,29.4,D,0
-23.0264,124.5183,370.5,1.8,1.3,2014-11-02,0220,Terra,MODIS,100,6.2,310.1,229.7,D,0
-23.0146,124.5198,391,1.8,1.3,2014-11-02,0220,Terra,MODIS,100,6.2,315.9,427.7,D,0
-23.0027,124.5213,411.2,1.8,1.3,2014-11-02,0220,Terra,MODIS,100,6.2,322.4,711.5,D,0
-23.0008,124.504,351.4,1.8,1.3,2014-11-02,0220,Terra,MODIS,94,6.2,314.3,99.9,D,0
-23.0283,124.5357,335.7,1.8,1.3,2014-11-02,0220,Terra,MODIS,76,6.2,311,40.3,D,0
-22.9909,124.5228,344,1.8,1.3,2014-11-02,0220,Terra,MODIS,87,6.2,316.1,64.6,D,0
-22.0884,123.889,350.4,1.6,1.2,2014-11-02,0220,Terra,MODIS,93,6.2,316.9,69,D,0
-22.0378,124.0421,334.4,1.6,1.2,2014-11-02,0220,Terra,MODIS,68,6.2,315.8,25.4,D,0
-22.989,124.5055,337.5,1.8,1.3,2014-11-02,0220,Terra,MODIS,79,6.2,315.1,36.9,D,0
-23.3072,122.3662,397,1.3,1.1,2014-11-02,0220,Terra,MODIS,100,6.2,322,307.9,D,0
-22.8579,122.108,367,1.2,1.1,2014-11-02,0220,Terra,MODIS,100,6.2,318.3,116.7,D,0
-22.8563,122.0959,365.2,1.2,1.1,2014-11-02,0220,Terra,MODIS,100,6.2,317.6,109.6,D,0
-22.8548,122.0838,358.3,1.2,1.1,2014-11-02,0220,Terra,MODIS,98,6.2,314.5,85.7,D,0
-22.8495,122.1216,341.4,1.2,1.1,2014-11-02,0220,Terra,MODIS,65,6.2,316.7,28.5,D,0
-22.8251,123.2946,342.2,1.5,1.2,2014-11-02,0220,Terra,MODIS,53,6.2,314.8,36.8,D,0
-21.7812,126.4312,347.4,2.4,1.5,2014-11-02,0220,Terra,MODIS,91,6.2,309.1,132.4,D,0
-22.1217,123.8845,344.2,1.6,1.2,2014-11-02,0220,Terra,MODIS,87,6.2,312.2,60.7,D,0
-23.279,122.3059,352.4,1.3,1.1,2014-11-02,0220,Terra,MODIS,94,6.2,316.2,61.7,D,0
-22.8281,123.2885,340.1,1.5,1.2,2014-11-02,0220,Terra,MODIS,69,6.2,314.1,34.1,D,0
-23.2805,122.3185,357,1.3,1.1,2014-11-02,0220,Terra,MODIS,97,6.2,320,75.2,D,0
-23.2821,122.3311,345.1,1.3,1.1,2014-11-02,0220,Terra,MODIS,85,6.2,320.6,33.3,D,0
-23.2837,122.3438,354.4,1.3,1.1,2014-11-02,0220,Terra,MODIS,96,6.2,318.1,62.3,D,0
-23.2868,122.3692,335.5,1.3,1.1,2014-11-02,0220,Terra,MODIS,34,6.2,318.3,13.3,D,0
-23.2954,122.355,339.6,1.3,1.1,2014-11-02,0220,Terra,MODIS,67,6.2,317,19.3,D,0
-23.2986,122.3805,348.7,1.3,1.1,2014-11-02,0220,Terra,MODIS,91,6.2,318,45.4,D,0
-23.2892,122.3044,338.3,1.3,1.1,2014-11-02,0220,Terra,MODIS,48,6.2,315.5,25.3,D,0
-21.6546,126.0933,347.1,2.2,1.4,2014-11-02,0220,Terra,MODIS,91,6.2,311.7,113.1,D,0
-21.6569,126.1149,359.8,2.2,1.4,2014-11-02,0220,Terra,MODIS,99,6.2,312.8,208,D,0
-23.2907,122.317,362.2,1.3,1.1,2014-11-02,0220,Terra,MODIS,100,6.2,322.4,97.4,D,0
-23.2923,122.3297,379.1,1.3,1.1,2014-11-02,0220,Terra,MODIS,100,6.2,320.9,182.2,D,0
-21.9972,124.0848,337.2,1.6,1.2,2014-11-02,0220,Terra,MODIS,78,6.2,313.1,33.7,D,0
-21.9991,124.1003,335.5,1.6,1.2,2014-11-02,0220,Terra,MODIS,75,6.2,312.6,29.9,D,0
-21.9981,124.0946,337.6,1.6,1.2,2014-11-02,0220,Terra,MODIS,78,6.2,313.1,36.7,D,0
-23.2939,122.3423,351.5,1.3,1.1,2014-11-02,0220,Terra,MODIS,93,6.2,316.8,50.9,D,0
-23.3002,122.3932,339.8,1.3,1.1,2014-11-02,0220,Terra,MODIS,46,6.2,318.8,22.3,D,0
-23.2993,122.303,374.6,1.3,1.1,2014-11-02,0220,Terra,MODIS,100,6.2,319.6,166.4,D,0
-22.7869,125.0418,328.3,1.9,1.4,2014-11-02,0220,Terra,MODIS,58,6.2,310.5,17.8,D,0
-22.7726,125.0248,341.9,1.9,1.4,2014-11-02,0220,Terra,MODIS,86,6.2,313.2,69,D,0
-21.6077,124.4661,332.7,1.7,1.3,2014-11-02,0220,Terra,MODIS,68,6.2,310.1,22.9,D,0
-21.5962,124.4675,340.7,1.7,1.3,2014-11-02,0220,Terra,MODIS,83,6.2,311.3,49.3,D,0
-21.5996,124.4735,336.1,1.7,1.3,2014-11-02,0220,Terra,MODIS,74,6.2,311,32.2,D,0
-21.5976,124.4573,337.8,1.7,1.3,2014-11-02,0220,Terra,MODIS,78,6.2,311,37,D,0
-23.254,122.2711,353.9,1.3,1.1,2014-11-02,0220,Terra,MODIS,95,6.2,317.2,68.7,D,0
-23.3389,122.4529,337.2,1.3,1.1,2014-11-02,0220,Terra,MODIS,67,6.2,317.3,18.3,D,0
-22.8672,122.1008,366.4,1.2,1.1,2014-11-02,0220,Terra,MODIS,100,6.2,315.5,117,D,0
-22.8687,122.1129,338.4,1.2,1.1,2014-11-02,0220,Terra,MODIS,79,6.2,314,28.8,D,0
-22.8771,122.0993,331.6,1.2,1.1,2014-11-02,0220,Terra,MODIS,46,6.2,310.3,17,D,0
-22.8656,122.0887,407,1.2,1.1,2014-11-02,0220,Terra,MODIS,100,6.2,320.4,384.2,D,0
-22.8641,122.0766,392.8,1.2,1.1,2014-11-02,0220,Terra,MODIS,100,6.2,315.6,268.2,D,0
-21.8847,126.299,333,2.3,1.5,2014-11-02,0220,Terra,MODIS,60,6.2,311.5,49.5,D,0
-23.2508,122.3158,341.4,1.3,1.1,2014-11-02,0220,Terra,MODIS,43,6.2,318.8,28.5,D,0
-21.9981,125.6652,351.4,2.1,1.4,2014-11-02,0220,Terra,MODIS,94,6.2,314.5,132.8,D,0
-21.6438,126.1163,344.4,2.2,1.4,2014-11-02,0220,Terra,MODIS,89,6.2,312.4,96.9,D,0
-21.7678,126.4327,366,2.4,1.5,2014-11-02,0220,Terra,MODIS,100,6.2,312.9,289.9,D,0
-21.6774,126.9095,341.2,2.5,1.5,2014-11-02,0220,Terra,MODIS,82,6.2,307.7,106.7,D,0
-21.669,126.9036,340,2.5,1.5,2014-11-02,0220,Terra,MODIS,81,6.2,310.3,98.5,D,0
-21.7464,126.7666,332.3,2.5,1.5,2014-11-02,0220,Terra,MODIS,75,6.2,311.4,45,D,0
-22.1199,123.8694,351.2,1.6,1.2,2014-11-02,0220,Terra,MODIS,93,6.2,312.1,86.7,D,0
-22.1182,123.8543,341.7,1.6,1.2,2014-11-02,0220,Terra,MODIS,84,6.2,312,49.3,D,0
-22.1088,123.8709,347.1,1.6,1.2,2014-11-02,0220,Terra,MODIS,90,6.2,313.8,68.4,D,0
-22.0977,123.8724,350.1,1.6,1.2,2014-11-02,0220,Terra,MODIS,92,6.2,315.3,71.7,D,0
-23.3228,122.3253,344.3,1.3,1.1,2014-11-02,0220,Terra,MODIS,86,6.2,303.5,52.1,D,0
-23.3174,122.3648,384.1,1.3,1.1,2014-11-02,0220,Terra,MODIS,100,6.2,316.5,218.5,D,0
-24.0018,126.1458,329.7,2.4,1.5,2014-11-02,0220,Terra,MODIS,61,6.2,312.6,23.8,D,0
-21.7701,126.4553,340.5,2.4,1.5,2014-11-02,0220,Terra,MODIS,70,6.2,309.7,88.9,D,0
-22.0866,123.8739,337.5,1.6,1.2,2014-11-02,0220,Terra,MODIS,43,6.2,317.4,27,D,0
-22.0738,123.8603,333,1.6,1.2,2014-11-02,0220,Terra,MODIS,52,6.2,315.8,17.5,D,0
-23.3158,122.3521,334.5,1.3,1.1,2014-11-02,0220,Terra,MODIS,19,6.2,313,19.5,D,0
-23.3142,122.3394,364.9,1.3,1.1,2014-11-02,0220,Terra,MODIS,100,6.2,314.4,117.1,D,0
-24.3517,127.1357,333.8,2.9,1.6,2014-11-02,0220,Terra,MODIS,73,6.2,308.3,72.5,D,0
-24.3543,127.1639,332.9,2.9,1.6,2014-11-02,0220,Terra,MODIS,71,6.2,308.3,67.5,D,0
-24.6623,129.4126,335.1,4.2,1.9,2014-11-02,0220,Terra,MODIS,77,6.2,305.5,179.9,D,0
-24.6655,129.4548,370,4.3,1.9,2014-11-02,0220,Terra,MODIS,100,6.2,305.4,828.8,D,0
-24.6828,129.4536,337.2,4.3,1.9,2014-11-02,0220,Terra,MODIS,80,6.2,302,202.7,D,0
-24.6648,129.4072,331.5,4.2,1.9,2014-11-02,0220,Terra,MODIS,70,6.2,305,138.4,D,0
-24.6678,129.4494,374.4,4.3,1.9,2014-11-02,0220,Terra,MODIS,100,6.2,306,952.5,D,0
-24.6851,129.4482,325.5,4.3,1.9,2014-11-02,0220,Terra,MODIS,32,6.2,301.7,79,D,0
-23.846,128.0204,355.9,3.3,1.7,2014-11-02,0220,Terra,MODIS,97,6.2,304.7,344.9,D,0
-23.8489,128.053,345.6,3.3,1.7,2014-11-02,0220,Terra,MODIS,89,6.2,302.3,221.4,D,0
-23.8419,128.015,359.3,3.3,1.7,2014-11-02,0220,Terra,MODIS,99,6.2,305.8,393.6,D,0
-23.8446,128.0477,372.8,3.3,1.7,2014-11-02,0220,Terra,MODIS,100,6.2,304.6,631.3,D,0
-23.7321,128.1037,326.5,3.3,1.7,2014-11-02,0220,Terra,MODIS,46,6.2,306.6,42.7,D,0
-23.8023,128.0573,335,3.3,1.7,2014-11-02,0220,Terra,MODIS,77,6.2,306.9,102,D,0
-23.8051,128.09,327.5,3.3,1.7,2014-11-02,0220,Terra,MODIS,20,6.2,304.7,39.5,D,0
-23.815,128.0232,349.3,3.3,1.7,2014-11-02,0220,Terra,MODIS,92,6.2,306.6,249.6,D,0
-23.8178,128.0557,376.3,3.3,1.7,2014-11-02,0220,Terra,MODIS,100,6.2,307.8,689.2,D,0
-23.8207,128.0886,347.2,3.3,1.7,2014-11-02,0220,Terra,MODIS,91,6.2,305.2,220.6,D,0
-23.8235,128.1212,343.7,3.3,1.7,2014-11-02,0220,Terra,MODIS,88,6.2,307,186.7,D,0
-23.8305,128.0218,365.2,3.3,1.7,2014-11-02,0220,Terra,MODIS,100,6.2,307.6,483.5,D,0
-23.8334,128.0545,365,3.3,1.7,2014-11-02,0220,Terra,MODIS,100,6.2,305.9,481.9,D,0
-23.8264,128.0165,346.7,3.3,1.7,2014-11-02,0220,Terra,MODIS,90,6.2,306.3,228.7,D,0
-23.829,128.0491,359.7,3.3,1.7,2014-11-02,0220,Terra,MODIS,99,6.2,306.9,399.4,D,0
-23.8343,128.1147,332.8,3.3,1.7,2014-11-02,0220,Terra,MODIS,73,6.2,305.2,96.6,D,0
-23.7721,128.1999,328.6,3.4,1.7,2014-11-02,0220,Terra,MODIS,60,6.2,306.4,57.2,D,0
-23.7822,128.1921,328.3,3.4,1.7,2014-11-02,0220,Terra,MODIS,60,6.2,306.2,56.5,D,0
-23.7951,128.1573,331.9,3.4,1.7,2014-11-02,0220,Terra,MODIS,64,6.2,307.5,75,D,0
-23.7979,128.1906,328.2,3.4,1.7,2014-11-02,0220,Terra,MODIS,55,6.2,305.1,52.8,D,0
-23.8264,128.1543,329.2,3.4,1.7,2014-11-02,0220,Terra,MODIS,65,6.2,305.2,61.4,D,0
-23.837,128.1476,329,3.4,1.7,2014-11-02,0220,Terra,MODIS,63,6.2,304.7,64.8,D,0
-27.7231,127.0942,350,3.1,1.7,2014-11-02,0221,Terra,MODIS,93,6.2,309.8,249.7,D,0
-27.7258,127.1263,329.5,3.1,1.7,2014-11-02,0221,Terra,MODIS,55,6.2,308.1,64.7,D,0
-27.7207,127.0889,342.7,3.1,1.7,2014-11-02,0221,Terra,MODIS,88,6.2,310.1,174.3,D,0
-27.7231,127.1211,336.1,3.1,1.7,2014-11-02,0221,Terra,MODIS,80,6.2,308.6,112,D,0
-25.0456,121.3277,341.2,1.2,1.1,2014-11-02,0221,Terra,MODIS,82,6.2,317.3,28,D,0
-28.1168,129.554,322.9,4.7,2,2014-11-02,0221,Terra,MODIS,35,6.2,300.8,76.9,D,0
-25.9061,125.4005,334.2,2.3,1.5,2014-11-02,0221,Terra,MODIS,52,6.2,315,38.5,D,0
-28.12,129.6027,335,4.7,2,2014-11-02,0221,Terra,MODIS,80,6.2,302.8,221.5,D,0
-27.7359,127.0875,325,3.1,1.7,2014-11-02,0221,Terra,MODIS,47,6.2,305.1,48.4,D,0
-28.118,129.5977,334.2,4.7,2,2014-11-02,0221,Terra,MODIS,79,6.2,302.7,220.1,D,0
-28.136,129.5962,341.4,4.7,2,2014-11-02,0221,Terra,MODIS,87,6.2,301.2,322.7,D,0
-28.1339,129.5894,339,4.7,2,2014-11-02,0221,Terra,MODIS,85,6.2,301.4,285,D,0
-27.2614,126.4104,327.6,2.8,1.6,2014-11-02,0221,Terra,MODIS,58,6.2,311.9,41.1,D,0
-27.259,126.3827,330.1,2.8,1.6,2014-11-02,0221,Terra,MODIS,67,6.2,312.2,55.2,D,0
-28.1365,129.6383,323.2,4.7,2,2014-11-02,0221,Terra,MODIS,49,6.2,301.5,92.1,D,0
-27.4711,128.9091,334.1,4.2,1.9,2014-11-02,0221,Terra,MODIS,78,6.2,308.3,151.7,D,0
-27.4683,128.9144,335.3,4.2,1.9,2014-11-02,0221,Terra,MODIS,79,6.2,308.7,166,D,0
-27.4654,128.872,327.2,4.1,1.9,2014-11-02,0221,Terra,MODIS,62,6.2,306.7,83.6,D,0
-25.9083,125.4232,358.1,2.3,1.5,2014-11-02,0221,Terra,MODIS,98,6.2,317.5,193.1,D,0
-25.9105,125.4459,358.3,2.3,1.5,2014-11-02,0221,Terra,MODIS,98,6.2,315.9,195,D,0
-25.1944,127.8342,334.2,3.3,1.7,2014-11-02,0221,Terra,MODIS,70,6.2,310.7,85.8,D,0
-25.1972,127.867,332.2,3.3,1.7,2014-11-02,0221,Terra,MODIS,62,6.2,312.2,66,D,0
-25.2058,127.9664,343.4,3.4,1.7,2014-11-02,0221,Terra,MODIS,86,6.2,309.3,169.4,D,0
-25.2099,127.8327,348.9,3.3,1.7,2014-11-02,0221,Terra,MODIS,92,6.2,309.3,224,D,0
-25.2128,127.8656,341.7,3.3,1.7,2014-11-02,0221,Terra,MODIS,84,6.2,309.6,143.4,D,0
-25.2215,127.9651,330.9,3.4,1.7,2014-11-02,0221,Terra,MODIS,51,6.2,307.7,54.5,D,0
-25.8929,125.4019,359.2,2.3,1.5,2014-11-02,0221,Terra,MODIS,99,6.2,319.9,194.7,D,0
-25.2002,127.9599,330.4,3.4,1.7,2014-11-02,0221,Terra,MODIS,56,6.2,309.3,58.2,D,0
-24.8347,121.8232,338.9,1.3,1.1,2014-11-02,0221,Terra,MODIS,16,6.2,318.7,21.7,D,0
-24.8363,121.8357,343.3,1.3,1.1,2014-11-02,0221,Terra,MODIS,78,6.2,319.6,31.5,D,0
-25.8951,125.4246,352.5,2.3,1.5,2014-11-02,0221,Terra,MODIS,94,6.2,319,141,D,0
-25.0472,121.3396,335.7,1.2,1.1,2014-11-02,0221,Terra,MODIS,73,6.2,317.8,16.4,D,0
-24.8347,121.8301,340.2,1.3,1.1,2014-11-02,0221,Terra,MODIS,75,6.2,319.2,24,D,0
-24.8362,121.8426,337.3,1.3,1.1,2014-11-02,0221,Terra,MODIS,63,6.2,319.8,16.5,D,0
-24.8417,121.8036,334.8,1.3,1.1,2014-11-02,0221,Terra,MODIS,70,6.2,317.9,18.8,D,0
-24.8432,121.8161,356.2,1.3,1.1,2014-11-02,0221,Terra,MODIS,97,6.2,320.6,72.7,D,0
-25.2053,127.8262,341.7,3.3,1.7,2014-11-02,0221,Terra,MODIS,84,6.2,309.2,153.6,D,0
-24.8448,121.8286,339.1,1.3,1.1,2014-11-02,0221,Terra,MODIS,11,6.2,318.7,20.4,D,0
-25.0462,121.3212,334,1.2,1.1,2014-11-02,0221,Terra,MODIS,69,6.2,317.4,14.8,D,0
-25.0477,121.3331,337.8,1.2,1.1,2014-11-02,0221,Terra,MODIS,78,6.2,317.1,21.9,D,0
-25.8973,125.4474,365.4,2.3,1.5,2014-11-02,0221,Terra,MODIS,100,6.2,319.3,256.8,D,0
-24.8518,121.8021,335.6,1.3,1.1,2014-11-02,0221,Terra,MODIS,66,6.2,314.5,20.2,D,0
-24.8533,121.8146,356.1,1.3,1.1,2014-11-02,0221,Terra,MODIS,97,6.2,315.7,73.3,D,0
-25.2079,127.8591,347.4,3.3,1.7,2014-11-02,0221,Terra,MODIS,90,6.2,310.9,211.6,D,0
-25.2159,127.9586,337.1,3.4,1.7,2014-11-02,0221,Terra,MODIS,78,6.2,308.3,110.9,D,0
-25.2186,127.9921,330.8,3.4,1.7,2014-11-02,0221,Terra,MODIS,60,6.2,308.2,61.8,D,0
-25.1752,121.3809,330.9,1.2,1.1,2014-11-02,0221,Terra,MODIS,55,6.2,317.2,10,D,0
-25.2235,127.8576,328.6,3.3,1.7,2014-11-02,0221,Terra,MODIS,29,6.2,306.9,45.2,D,0
-25.151,121.5135,334.1,1.2,1.1,2014-11-02,0221,Terra,MODIS,45,6.2,318.3,12.6,D,0
-28.2292,125.8074,326.6,2.6,1.5,2014-11-02,0221,Terra,MODIS,50,6.2,311.4,26.2,D,0
-28.2362,125.8264,362.7,2.6,1.5,2014-11-02,0221,Terra,MODIS,100,6.2,313.2,303.9,D,0
-28.2456,125.8322,345.8,2.6,1.5,2014-11-02,0221,Terra,MODIS,91,6.2,310.5,144.9,D,0
-28.2315,125.8337,350.3,2.6,1.5,2014-11-02,0221,Terra,MODIS,94,6.2,313.7,180.1,D,0
-28.2384,125.8529,327.7,2.6,1.5,2014-11-02,0221,Terra,MODIS,59,6.2,312.1,33.2,D,0
-28.2432,125.8058,326.1,2.6,1.5,2014-11-02,0221,Terra,MODIS,47,6.2,309.8,25.7,D,0
-29.2402,129.6043,326.2,4.8,2,2014-11-02,0222,Terra,MODIS,68,6.2,303.7,139.4,D,0
-29.2585,129.6032,332.7,4.8,2,2014-11-02,0222,Terra,MODIS,79,6.2,304.8,222.9,D,0
-29.2767,129.6023,347.8,4.8,2,2014-11-02,0222,Terra,MODIS,92,6.2,300.1,475.4,D,0
-29.2552,129.5959,331.4,4.8,2,2014-11-02,0222,Terra,MODIS,77,6.2,304.4,206.5,D,0
-29.2735,129.5948,346.5,4.8,2,2014-11-02,0222,Terra,MODIS,92,6.2,300.8,451.8,D,0
-31.1132,152.1572,341.8,1.7,1.3,2014-11-02,0323,Aqua,MODIS,90,6.2,301.6,86.1,D,0
-31.0916,152.1359,328.8,1.7,1.3,2014-11-02,0323,Aqua,MODIS,52,6.2,303.1,40.8,D,0
-31.0716,152.1439,320.8,1.7,1.3,2014-11-02,0323,Aqua,MODIS,42,6.2,302.4,28.5,D,0
-31.657,151.6422,321,1.9,1.3,2014-11-02,0323,Aqua,MODIS,56,6.2,305.1,31.2,D,0
-31.6519,151.6569,317.4,1.9,1.3,2014-11-02,0323,Aqua,MODIS,55,6.2,307.2,23.6,D,0
-31.6539,151.6366,315.5,1.9,1.3,2014-11-02,0323,Aqua,MODIS,47,6.2,304.6,21.1,D,0
-32.0342,152.3713,310.9,1.7,1.3,2014-11-02,0323,Aqua,MODIS,37,6.2,297.1,15.6,D,0
-32.036,152.3533,321.2,1.7,1.3,2014-11-02,0323,Aqua,MODIS,73,6.2,298.1,35,D,0
-31.7734,152.2641,316,1.7,1.3,2014-11-02,0323,Aqua,MODIS,50,6.2,303.4,14.3,D,0
-31.7617,152.2624,317.6,1.7,1.3,2014-11-02,0323,Aqua,MODIS,59,6.2,303.5,18.1,D,0
-32.701,151.9198,337.9,1.9,1.3,2014-11-02,0323,Aqua,MODIS,84,6.2,299.3,89.4,D,0
-32.7029,151.8998,320.4,1.9,1.3,2014-11-02,0323,Aqua,MODIS,75,6.2,300.6,35.8,D,0
-32.8458,151.4882,344.6,2,1.4,2014-11-02,0323,Aqua,MODIS,93,6.2,301.6,125,D,0
-32.8476,151.4668,325.9,2,1.4,2014-11-02,0323,Aqua,MODIS,81,6.2,303,49.1,D,0
-32.8442,151.4808,347.2,2,1.4,2014-11-02,0323,Aqua,MODIS,94,6.2,303.6,138.8,D,0
-32.8462,151.4594,317.1,2,1.4,2014-11-02,0323,Aqua,MODIS,66,6.2,302.2,24.1,D,0
-30.5892,149.4106,313.5,2.6,1.5,2014-11-02,0323,Aqua,MODIS,60,6.2,288.2,38.3,D,0
-22.0427,149.2171,324.2,2.1,1.4,2014-11-02,0326,Aqua,MODIS,20,6.2,301.9,26.3,D,0
-21.8535,146.6429,352.2,3.2,1.7,2014-11-02,0326,Aqua,MODIS,95,6.2,307.1,247.6,D,0
-21.8507,146.6739,335.6,3.2,1.7,2014-11-02,0326,Aqua,MODIS,78,6.2,307.3,88.6,D,0
-21.8418,146.6374,332.7,3.2,1.7,2014-11-02,0326,Aqua,MODIS,62,6.2,306.8,60.5,D,0
-21.8571,146.639,339.2,3.2,1.7,2014-11-02,0326,Aqua,MODIS,84,6.2,306.8,112.7,D,0
-21.8542,146.6699,336.3,3.2,1.7,2014-11-02,0326,Aqua,MODIS,79,6.2,307.1,95.2,D,0
-16.439,144.8593,340.6,3.7,1.8,2014-11-02,0327,Aqua,MODIS,90,6.2,306,209.4,D,0
-16.4424,144.8244,329.9,3.7,1.8,2014-11-02,0327,Aqua,MODIS,79,6.2,306.5,99.7,D,0
-16.4321,144.8548,335.6,3.7,1.8,2014-11-02,0327,Aqua,MODIS,87,6.2,305.2,157.6,D,0
-16.4483,144.8567,327.7,3.7,1.8,2014-11-02,0327,Aqua,MODIS,61,6.2,307.3,80.5,D,0
-18.2649,143.7706,343.4,4.7,2,2014-11-02,0327,Aqua,MODIS,92,6.2,303,314.1,D,0
-18.281,143.775,358.4,4.7,2,2014-11-02,0327,Aqua,MODIS,99,6.2,302.9,613.9,D,0
-18.2829,143.7718,353.3,4.7,2,2014-11-02,0327,Aqua,MODIS,97,6.2,302.7,497.9,D,0
-18.2774,143.8181,328.1,4.7,2,2014-11-02,0327,Aqua,MODIS,74,6.2,300.5,94.3,D,0
-18.2612,143.813,326.7,4.7,2,2014-11-02,0327,Aqua,MODIS,80,6.2,301,83.8,D,0
-18.2848,143.7296,327.6,4.7,2,2014-11-02,0327,Aqua,MODIS,68,6.2,300.4,93.2,D,0
-18.2791,143.8148,328.5,4.7,2,2014-11-02,0327,Aqua,MODIS,78,6.2,300.5,97.8,D,0
-18.266,143.7628,334.7,4.7,2,2014-11-02,0327,Aqua,MODIS,86,6.2,303,184.9,D,0
-18.262,143.8055,334.7,4.7,2,2014-11-02,0327,Aqua,MODIS,86,6.2,301.5,182,D,0
-18.287,143.7262,326.8,4.7,2,2014-11-02,0327,Aqua,MODIS,52,6.2,300.9,84.5,D,0
-15.223,144.9873,313.6,3.5,1.8,2014-11-02,0328,Aqua,MODIS,28,6.2,296.7,31.9,D,0
-15.229,144.9809,313.7,3.5,1.8,2014-11-02,0328,Aqua,MODIS,35,6.2,296.4,33.5,D,0
-15.1615,145.1646,314.8,3.4,1.7,2014-11-02,0328,Aqua,MODIS,62,6.2,296.4,35.3,D,0
-15.1515,145.1581,316.5,3.4,1.7,2014-11-02,0328,Aqua,MODIS,52,6.2,296.5,38.9,D,0
-14.9404,144.3792,326.6,3.8,1.8,2014-11-02,0328,Aqua,MODIS,71,6.2,301.1,86.3,D,0
-14.9379,144.3352,327.9,3.9,1.8,2014-11-02,0328,Aqua,MODIS,78,6.2,300.5,90.9,D,0
-14.9341,144.3711,336.6,3.8,1.8,2014-11-02,0328,Aqua,MODIS,88,6.2,302.7,179.1,D,0
-12.4729,142.8298,310,4.7,2,2014-11-02,0328,Aqua,MODIS,11,6.2,290,42.2,D,0
-15.0064,145.0739,310.4,3.4,1.7,2014-11-02,0328,Aqua,MODIS,30,6.2,292.7,31.8,D,0
-12.4895,142.8358,314.6,4.7,2,2014-11-02,0328,Aqua,MODIS,59,6.2,291.2,76.2,D,0
-12.6794,142.7355,316.4,4.8,2,2014-11-02,0328,Aqua,MODIS,66,6.2,292.9,68.4,D,0
-12.6637,142.7298,318.2,4.8,2,2014-11-02,0328,Aqua,MODIS,69,6.2,293.2,83.1,D,0
-12.4908,142.8319,311.5,4.7,2,2014-11-02,0328,Aqua,MODIS,21,6.2,291,52.8,D,0
-32.4029,146.5186,318.2,4.7,2,2014-11-02,0501,Aqua,MODIS,38,6.2,305.1,70.6,D,0
-34.7636,135.809,314.6,1,1,2014-11-02,0501,Aqua,MODIS,0,6.2,298.5,8.2,D,0
-34.7727,135.8112,423.3,1,1,2014-11-02,0501,Aqua,MODIS,100,6.2,320.2,448.2,D,3
-32.9988,137.5875,325,1.3,1.1,2014-11-02,0501,Aqua,MODIS,39,6.2,310,10.7,D,0
-32.3901,135.705,325.9,1.1,1,2014-11-02,0501,Aqua,MODIS,23,6.2,313.6,5.8,D,0
-29.2553,129.5777,360.6,1.2,1.1,2014-11-02,0502,Aqua,MODIS,100,6.2,317.2,90.9,D,0
-29.2569,129.5651,328.9,1.2,1.1,2014-11-02,0502,Aqua,MODIS,28,6.2,312.9,11.2,D,0
-29.2813,129.6128,339.4,1.2,1.1,2014-11-02,0502,Aqua,MODIS,29,6.2,313.1,29.8,D,0
-29.2669,129.6489,339.1,1.2,1.1,2014-11-02,0502,Aqua,MODIS,50,6.2,317,26.6,D,0
-29.2408,129.6138,351,1.2,1.1,2014-11-02,0502,Aqua,MODIS,91,6.2,316.8,55.5,D,0
-29.253,129.5957,353.1,1.2,1.1,2014-11-02,0502,Aqua,MODIS,95,6.2,316.2,58.6,D,0
-29.2424,129.6013,383,1.2,1.1,2014-11-02,0502,Aqua,MODIS,100,6.2,318.3,191.6,D,0
-29.2798,129.6254,364.8,1.2,1.1,2014-11-02,0502,Aqua,MODIS,100,6.2,314.3,104.9,D,0
-29.2439,129.5887,349.4,1.2,1.1,2014-11-02,0502,Aqua,MODIS,92,6.2,314.4,53.6,D,0
-29.2728,129.5988,346.9,1.2,1.1,2014-11-02,0502,Aqua,MODIS,79,6.2,313.6,46.7,D,0
-29.2515,129.6082,343,1.2,1.1,2014-11-02,0502,Aqua,MODIS,71,6.2,317.7,28.2,D,0
-29.2912,129.6144,349.7,1.2,1.1,2014-11-02,0502,Aqua,MODIS,92,6.2,309.6,60.3,D,0
-29.2545,129.5831,369.1,1.2,1.1,2014-11-02,0502,Aqua,MODIS,100,6.2,317.7,124.3,D,0
-29.2559,129.5705,352.2,1.2,1.1,2014-11-02,0502,Aqua,MODIS,94,6.2,314.3,64.7,D,0
-29.2523,129.6028,346.7,1.2,1.1,2014-11-02,0502,Aqua,MODIS,89,6.2,317.3,42.4,D,0
-29.2538,129.5903,351.9,1.2,1.1,2014-11-02,0502,Aqua,MODIS,94,6.2,316.1,58.2,D,0
-29.6952,130.7836,364.2,1.1,1,2014-11-02,0502,Aqua,MODIS,100,6.2,319.5,85.5,D,0
-29.651,130.7937,334.3,1.1,1,2014-11-02,0502,Aqua,MODIS,26,6.2,318.5,11.7,D,0
-29.6263,130.8356,337.2,1.1,1,2014-11-02,0502,Aqua,MODIS,75,6.2,320.8,15.1,D,0
-29.6278,130.8244,341.2,1.1,1,2014-11-02,0502,Aqua,MODIS,79,6.2,320.6,22.1,D,0
-29.6937,130.7949,338.9,1.1,1,2014-11-02,0502,Aqua,MODIS,65,6.2,318,20.3,D,0
-31.1503,133.192,357.4,1,1,2014-11-02,0502,Aqua,MODIS,98,6.2,317.7,60.9,D,0
-26.1257,125.7503,335.7,1.9,1.4,2014-11-02,0503,Aqua,MODIS,71,6.2,320.4,26.1,D,0
-27.7435,127.074,383.9,1.6,1.3,2014-11-02,0503,Aqua,MODIS,100,6.2,323.7,305.8,D,0
-27.7453,127.0572,345.4,1.6,1.3,2014-11-02,0503,Aqua,MODIS,88,6.2,318.9,65.3,D,0
-26.1115,125.7681,374.3,1.9,1.3,2014-11-02,0503,Aqua,MODIS,100,6.2,322.3,270.7,D,0
-27.7322,127.0725,352.3,1.6,1.3,2014-11-02,0503,Aqua,MODIS,94,6.2,319.4,90.5,D,0
-27.7339,127.0557,333.3,1.6,1.3,2014-11-02,0503,Aqua,MODIS,66,6.2,317,22.7,D,0
-26.1237,125.7696,366.6,1.9,1.3,2014-11-02,0503,Aqua,MODIS,100,6.2,323.1,204.5,D,0
-26.1135,125.7488,345.7,1.9,1.4,2014-11-02,0503,Aqua,MODIS,87,6.2,322.2,69.4,D,0
-28.2453,125.8077,335.7,2,1.4,2014-11-02,0503,Aqua,MODIS,73,6.2,316.7,43.5,D,0
-26.1172,125.7562,376.6,1.9,1.4,2014-11-02,0503,Aqua,MODIS,100,6.2,323.9,292.3,D,0
-26.1153,125.7755,373.2,1.9,1.3,2014-11-02,0503,Aqua,MODIS,100,6.2,322.9,259.5,D,0
-28.2433,125.8284,346,2,1.4,2014-11-02,0503,Aqua,MODIS,89,6.2,317.9,89.3,D,0
-26.6107,124.0812,338.2,2.5,1.5,2014-11-02,0503,Aqua,MODIS,77,6.2,322.5,62.5,D,0
-28.1377,129.582,345.9,1.2,1.1,2014-11-02,0503,Aqua,MODIS,71,6.2,318,39.6,D,0
-27.7287,127.1058,349.3,1.6,1.3,2014-11-02,0503,Aqua,MODIS,91,6.2,319.8,72.1,D,0
-27.727,127.1222,380.1,1.6,1.3,2014-11-02,0503,Aqua,MODIS,100,6.2,321.5,259.1,D,0
-27.7514,127.1086,364.1,1.6,1.3,2014-11-02,0503,Aqua,MODIS,100,6.2,314.5,164.3,D,0
-28.1347,129.6061,362.9,1.2,1.1,2014-11-02,0503,Aqua,MODIS,100,6.2,320.5,90.9,D,0
-28.146,129.5956,347.4,1.2,1.1,2014-11-02,0503,Aqua,MODIS,90,6.2,315.1,45.4,D,0
-27.7532,127.0921,344.2,1.6,1.3,2014-11-02,0503,Aqua,MODIS,86,6.2,312.2,70,D,0
-27.755,127.0754,354.4,1.6,1.3,2014-11-02,0503,Aqua,MODIS,96,6.2,312.6,113.3,D,0
-27.7418,127.0907,364.7,1.6,1.3,2014-11-02,0503,Aqua,MODIS,100,6.2,319.6,157.9,D,0
-27.7383,127.1237,383.5,1.6,1.3,2014-11-02,0503,Aqua,MODIS,100,6.2,320.4,291.7,D,0
-27.7401,127.1072,357.7,1.6,1.3,2014-11-02,0503,Aqua,MODIS,97,6.2,317.9,117.3,D,0
-27.4845,128.8618,335.4,1.3,1.1,2014-11-02,0503,Aqua,MODIS,69,6.2,316.7,19.5,D,0
-27.7252,127.1387,353.3,1.6,1.3,2014-11-02,0503,Aqua,MODIS,95,6.2,318.2,85.9,D,0
-25.8964,125.4664,351.2,2,1.4,2014-11-02,0503,Aqua,MODIS,82,6.2,311.3,100.3,D,0
-27.4829,128.8746,351.4,1.3,1.1,2014-11-02,0503,Aqua,MODIS,93,6.2,320.6,59.2,D,0
-27.4814,128.8874,369.4,1.3,1.1,2014-11-02,0503,Aqua,MODIS,100,6.2,322.6,125.1,D,0
-27.4798,128.9002,354.7,1.3,1.1,2014-11-02,0503,Aqua,MODIS,96,6.2,320.1,66.3,D,0
-27.4946,128.8633,332.7,1.3,1.1,2014-11-02,0503,Aqua,MODIS,47,6.2,315.2,16.2,D,0
-27.493,128.8761,353.4,1.3,1.1,2014-11-02,0503,Aqua,MODIS,95,6.2,317.1,68.6,D,0
-25.3278,131.0163,337.1,1,1,2014-11-02,0503,Aqua,MODIS,75,6.2,319.4,16.9,D,0
-27.4915,128.8889,370.3,1.3,1.1,2014-11-02,0503,Aqua,MODIS,100,6.2,318.7,132.4,D,0
-27.6771,129.0328,335.9,1.2,1.1,2014-11-02,0503,Aqua,MODIS,38,6.2,319.3,16.1,D,0
-27.6754,129.0382,334.8,1.2,1.1,2014-11-02,0503,Aqua,MODIS,23,6.2,319,13.9,D,0
-25.8839,125.465,362.4,2,1.4,2014-11-02,0503,Aqua,MODIS,100,6.2,321.1,170.7,D,0
-28.1332,129.6181,337.5,1.2,1.1,2014-11-02,0503,Aqua,MODIS,50,6.2,315.9,21.3,D,0
-28.6765,130.156,337.4,1.1,1.1,2014-11-02,0503,Aqua,MODIS,79,6.2,314.6,22.7,D,0
-27.2828,126.3769,354.3,1.8,1.3,2014-11-02,0503,Aqua,MODIS,96,6.2,317.6,123.8,D,0
-28.6372,130.1325,331.8,1.1,1.1,2014-11-02,0503,Aqua,MODIS,60,6.2,315.9,13.5,D,0
-27.165,127.384,335.2,1.5,1.2,2014-11-02,0503,Aqua,MODIS,48,6.2,316.8,20.5,D,0
-25.8881,125.425,359.3,2,1.4,2014-11-02,0503,Aqua,MODIS,99,6.2,323.1,138.2,D,0
-25.8901,125.4051,350.8,2,1.4,2014-11-02,0503,Aqua,MODIS,76,6.2,326.6,82.9,D,0
-28.6358,130.1441,329.8,1.1,1.1,2014-11-02,0503,Aqua,MODIS,36,6.2,314.9,10.4,D,0
-27.4728,128.8731,338.8,1.3,1.1,2014-11-02,0503,Aqua,MODIS,44,6.2,317.3,23.1,D,0
-28.6387,130.1208,332.9,1.1,1.1,2014-11-02,0503,Aqua,MODIS,70,6.2,315.4,15.5,D,0
-25.8852,125.4701,361.3,2,1.4,2014-11-02,0503,Aqua,MODIS,100,6.2,320,169.4,D,0
-25.8871,125.4501,350.4,2,1.4,2014-11-02,0503,Aqua,MODIS,76,6.2,322.5,88.9,D,0
-25.889,125.4301,351.9,2,1.4,2014-11-02,0503,Aqua,MODIS,88,6.2,322.2,92.9,D,0
-25.891,125.4101,359.1,2,1.4,2014-11-02,0503,Aqua,MODIS,99,6.2,326.3,140.7,D,0
-28.6402,130.1093,328,1.1,1.1,2014-11-02,0503,Aqua,MODIS,44,6.2,313.1,8.3,D,0
-28.6616,130.1181,370.3,1.1,1.1,2014-11-02,0503,Aqua,MODIS,100,6.2,317.7,116.4,D,0
-27.7304,127.0892,347.7,1.6,1.3,2014-11-02,0503,Aqua,MODIS,87,6.2,320.9,64.8,D,0
-28.6602,130.1297,344.9,1.1,1.1,2014-11-02,0503,Aqua,MODIS,88,6.2,315.7,35.8,D,0
-27.2809,126.3953,338.7,1.8,1.3,2014-11-02,0503,Aqua,MODIS,74,6.2,313.4,50.1,D,0
-28.6424,130.1149,346.8,1.1,1.1,2014-11-02,0503,Aqua,MODIS,90,6.2,314.4,41.5,D,0
-27.4698,128.8987,342.4,1.3,1.1,2014-11-02,0503,Aqua,MODIS,84,6.2,319.5,30.7,D,0
-28.6631,130.1065,349.3,1.1,1.1,2014-11-02,0503,Aqua,MODIS,92,6.2,314,50.2,D,0
-27.7497,127.1252,379.5,1.6,1.3,2014-11-02,0503,Aqua,MODIS,100,6.2,315.9,265.1,D,0
-27.4713,128.8859,356.1,1.3,1.1,2014-11-02,0503,Aqua,MODIS,97,6.2,320.4,70.2,D,0
-28.1279,129.5805,343.1,1.2,1.1,2014-11-02,0503,Aqua,MODIS,49,6.2,318.2,30,D,0
-25.3269,121.4089,335.7,3.8,1.8,2014-11-02,0504,Aqua,MODIS,59,6.2,315.3,88.8,D,0
-25.1746,121.4974,335,3.8,1.8,2014-11-02,0504,Aqua,MODIS,46,6.2,314.5,82.6,D,0
-25.3463,121.3721,332.7,3.8,1.8,2014-11-02,0504,Aqua,MODIS,45,6.2,313.8,76.7,D,0
-23.6642,126.7367,341.3,1.5,1.2,2014-11-02,0504,Aqua,MODIS,82,6.2,317.3,34.4,D,0
-23.6904,126.8007,336.3,1.5,1.2,2014-11-02,0504,Aqua,MODIS,29,6.2,317.4,22,D,0
-23.7013,126.8023,355.3,1.5,1.2,2014-11-02,0504,Aqua,MODIS,96,6.2,318.2,88.5,D,0
-23.6996,126.8171,334.8,1.5,1.2,2014-11-02,0504,Aqua,MODIS,56,6.2,316.1,19.9,D,0
-25.1553,121.5335,335.6,3.7,1.8,2014-11-02,0504,Aqua,MODIS,51,6.2,314.5,77.4,D,0
-25.3435,121.4103,333,3.8,1.8,2014-11-02,0504,Aqua,MODIS,40,6.2,315,75.9,D,0
-25.1581,121.4959,339.4,3.8,1.8,2014-11-02,0504,Aqua,MODIS,76,6.2,318.1,120.7,D,0
-25.1657,121.53,340.7,3.7,1.8,2014-11-02,0504,Aqua,MODIS,75,6.2,314,136.3,D,0
-25.1687,121.4926,339.2,3.8,1.8,2014-11-02,0504,Aqua,MODIS,70,6.2,316.6,123.8,D,0
-25.1493,121.5286,335.2,3.7,1.8,2014-11-02,0504,Aqua,MODIS,61,6.2,314.9,79.9,D,0
-25.1523,121.4911,334.6,3.8,1.8,2014-11-02,0504,Aqua,MODIS,61,6.2,318.4,77.2,D,0
-24.1624,123.6733,340.2,2.5,1.5,2014-11-02,0504,Aqua,MODIS,42,6.2,316.8,72.6,D,0
-24.1763,123.6749,356.8,2.5,1.5,2014-11-02,0504,Aqua,MODIS,97,6.2,315.6,216.1,D,0
-24.1822,123.6828,352.3,2.5,1.5,2014-11-02,0504,Aqua,MODIS,94,6.2,312.2,177.8,D,0
-23.9153,123.3226,355.9,2.7,1.6,2014-11-02,0504,Aqua,MODIS,97,6.2,312.1,222.4,D,0
-23.4399,126.5952,337.8,1.5,1.2,2014-11-02,0504,Aqua,MODIS,65,6.2,318.4,26.8,D,0
-25.0647,121.3301,333.5,3.8,1.8,2014-11-02,0504,Aqua,MODIS,24,6.2,317.1,70.9,D,0
-25.0481,121.3285,333,3.8,1.8,2014-11-02,0504,Aqua,MODIS,19,6.2,316.6,69.1,D,0
-25.0588,121.3225,339.4,3.8,1.8,2014-11-02,0504,Aqua,MODIS,79,6.2,317.3,142,D,0
-24.8726,121.8123,406.1,3.5,1.8,2014-11-02,0504,Aqua,MODIS,100,6.2,321.5,1674.2,D,0
-24.8495,121.8167,336.9,3.5,1.8,2014-11-02,0504,Aqua,MODIS,27,6.2,317.7,84,D,0
-24.8566,121.8108,353.3,3.5,1.8,2014-11-02,0504,Aqua,MODIS,95,6.2,318.2,288.3,D,0
-24.8406,121.8091,333.8,3.5,1.8,2014-11-02,0504,Aqua,MODIS,36,6.2,316.6,66.6,D,0
-23.5304,122.5767,336.2,3,1.6,2014-11-02,0504,Aqua,MODIS,63,6.2,312.7,83.1,D,0
-23.5154,122.5751,339.7,3,1.6,2014-11-02,0504,Aqua,MODIS,60,6.2,313.1,105.6,D,0
-23.5308,122.5699,338.9,3,1.6,2014-11-02,0504,Aqua,MODIS,68,6.2,312.5,103.4,D,0
-23.5158,122.5683,339.7,3,1.6,2014-11-02,0504,Aqua,MODIS,60,6.2,312.8,107.1,D,0
-23.9176,123.296,338.9,2.7,1.6,2014-11-02,0504,Aqua,MODIS,63,6.2,314.4,78.5,D,0
-23.901,123.3212,340.3,2.7,1.6,2014-11-02,0504,Aqua,MODIS,69,6.2,315.8,81.5,D,0
-24.1567,123.6545,339.4,2.5,1.5,2014-11-02,0504,Aqua,MODIS,26,6.2,318.1,58.8,D,0
-24.8595,121.7755,336.3,3.6,1.8,2014-11-02,0504,Aqua,MODIS,55,6.2,315.1,95.8,D,0
-24.8756,121.7771,382.7,3.6,1.8,2014-11-02,0504,Aqua,MODIS,100,6.2,317.1,895.3,D,0
-25.21,127.8513,347.1,1.4,1.2,2014-11-02,0504,Aqua,MODIS,89,6.2,320.2,41.1,D,0
-25.222,127.8393,345.4,1.4,1.2,2014-11-02,0504,Aqua,MODIS,77,6.2,320.3,36.3,D,0
-25.2205,127.8528,382.8,1.4,1.2,2014-11-02,0504,Aqua,MODIS,100,6.2,323.9,210.1,D,0
-25.2189,127.8663,343.5,1.4,1.2,2014-11-02,0504,Aqua,MODIS,80,6.2,318.7,29.6,D,0
-25.2309,127.8543,356.1,1.4,1.2,2014-11-02,0504,Aqua,MODIS,97,6.2,320,74.8,D,0
-25.2413,127.8558,368.2,1.4,1.2,2014-11-02,0504,Aqua,MODIS,100,6.2,321.3,136.1,D,0
-25.2517,127.8573,422.2,1.4,1.2,2014-11-02,0504,Aqua,MODIS,100,6.2,323.5,613.2,D,0
-25.2501,127.8708,352.6,1.4,1.2,2014-11-02,0504,Aqua,MODIS,86,6.2,312.5,73.5,D,0
-23.5329,122.5471,334.6,3,1.7,2014-11-02,0504,Aqua,MODIS,68,6.2,311.9,67.9,D,0
-23.4561,122.562,346.7,3,1.6,2014-11-02,0504,Aqua,MODIS,67,6.2,312.5,168.5,D,0
-23.4411,122.5605,333.7,3,1.6,2014-11-02,0504,Aqua,MODIS,46,6.2,313.3,54.9,D,0
-23.4575,122.5572,347.2,3,1.6,2014-11-02,0504,Aqua,MODIS,84,6.2,312.3,169.2,D,0
-23.4425,122.5556,333.1,3,1.6,2014-11-02,0504,Aqua,MODIS,60,6.2,313.6,55.4,D,0
-25.257,127.8633,397.8,1.4,1.2,2014-11-02,0504,Aqua,MODIS,100,6.2,316.2,353.6,D,0
-22.0239,127.5917,349.8,1.3,1.1,2014-11-02,0504,Aqua,MODIS,92,6.2,315.7,52.3,D,0
-22.0138,127.5902,332.9,1.3,1.1,2014-11-02,0504,Aqua,MODIS,47,6.2,314.6,12.5,D,0
-22.0153,127.5778,335,1.3,1.1,2014-11-02,0504,Aqua,MODIS,67,6.2,315.4,16.3,D,0
-23.1993,123.5024,333,2.5,1.5,2014-11-02,0504,Aqua,MODIS,51,6.2,314.1,34.6,D,0
-23.9406,123.3203,365.9,2.7,1.6,2014-11-02,0504,Aqua,MODIS,100,6.2,308.3,347,D,0
-24.8683,121.783,394.5,3.6,1.8,2014-11-02,0504,Aqua,MODIS,100,6.2,320.9,1254.6,D,0
-24.8655,121.8183,390.5,3.5,1.8,2014-11-02,0504,Aqua,MODIS,100,6.2,321.5,1109.3,D,0
-23.9129,123.3491,333.7,2.7,1.6,2014-11-02,0504,Aqua,MODIS,36,6.2,310.8,47.8,D,0
-24.8815,121.82,347,3.5,1.8,2014-11-02,0504,Aqua,MODIS,86,6.2,313.7,214.8,D,0
-23.9087,123.5014,340.3,2.6,1.5,2014-11-02,0504,Aqua,MODIS,80,6.2,315.7,71.3,D,0
-23.9129,123.5066,338.2,2.6,1.5,2014-11-02,0504,Aqua,MODIS,75,6.2,316.7,54.4,D,0
-23.9319,123.2974,355.8,2.7,1.6,2014-11-02,0504,Aqua,MODIS,97,6.2,315.3,231.1,D,0
-23.9295,123.324,334.3,2.7,1.6,2014-11-02,0504,Aqua,MODIS,50,6.2,308.1,59.6,D,0
-23.9461,123.2989,402.8,2.7,1.6,2014-11-02,0504,Aqua,MODIS,100,6.2,316.1,1067.1,D,0
-23.9437,123.3254,358.4,2.7,1.6,2014-11-02,0504,Aqua,MODIS,98,6.2,306.5,271.4,D,0
-23.9604,123.3004,399.8,2.7,1.6,2014-11-02,0504,Aqua,MODIS,94,6.2,306.2,1005.9,D,0
-23.8433,123.4424,344.1,2.6,1.6,2014-11-02,0504,Aqua,MODIS,85,6.2,317.6,97.1,D,0
-23.9432,123.2938,378.5,2.7,1.6,2014-11-02,0504,Aqua,MODIS,100,6.2,315.7,533.5,D,0
-23.2068,123.4831,338.9,2.5,1.5,2014-11-02,0504,Aqua,MODIS,78,6.2,315.7,66,D,0
-23.1929,123.4815,336.3,2.5,1.5,2014-11-02,0504,Aqua,MODIS,73,6.2,315.4,54.5,D,0
-23.2018,123.4774,337.1,2.5,1.5,2014-11-02,0504,Aqua,MODIS,75,6.2,315.8,58.5,D,0
-23.9264,123.3189,338.2,2.7,1.6,2014-11-02,0504,Aqua,MODIS,54,6.2,308.9,74.4,D,0
-23.929,123.2923,357.7,2.7,1.6,2014-11-02,0504,Aqua,MODIS,98,6.2,315.6,242.2,D,0
-22.8338,123.2591,358.6,2.6,1.6,2014-11-02,0504,Aqua,MODIS,99,6.2,316.6,229.5,D,0
-22.8236,123.263,341.6,2.6,1.6,2014-11-02,0504,Aqua,MODIS,27,6.2,316.8,79.1,D,0
-22.8377,123.2646,357.5,2.6,1.6,2014-11-02,0504,Aqua,MODIS,98,6.2,316,221.2,D,0
-22.8197,123.2575,336.7,2.6,1.6,2014-11-02,0504,Aqua,MODIS,31,6.2,316.8,52.5,D,0
-23.9096,123.3441,341.5,2.7,1.6,2014-11-02,0504,Aqua,MODIS,64,6.2,311.7,89.7,D,0
-23.9122,123.3176,354.7,2.7,1.6,2014-11-02,0504,Aqua,MODIS,96,6.2,314,204.3,D,0
-25.3218,121.404,333,3.8,1.8,2014-11-02,0504,Aqua,MODIS,41,6.2,315.5,67.2,D,0
-25.3413,121.3671,332.4,3.8,1.8,2014-11-02,0504,Aqua,MODIS,23,6.2,314.2,68.6,D,0
-25.3383,121.4053,339.7,3.8,1.8,2014-11-02,0504,Aqua,MODIS,76,6.2,315.6,142.3,D,0
-25.2103,121.4632,341.3,3.8,1.8,2014-11-02,0504,Aqua,MODIS,73,6.2,314,159.3,D,0
-23.29,122.2548,352.8,3.1,1.7,2014-11-02,0504,Aqua,MODIS,64,6.2,310.6,250.9,D,0
-22.8147,123.3085,339.6,2.6,1.5,2014-11-02,0504,Aqua,MODIS,32,6.2,316.9,66.4,D,0
-22.8312,123.2846,343.5,2.6,1.6,2014-11-02,0504,Aqua,MODIS,65,6.2,315.4,93.7,D,0
-22.8287,123.31,352.6,2.6,1.5,2014-11-02,0504,Aqua,MODIS,94,6.2,314.7,167.6,D,0
-22.8262,123.3353,336,2.6,1.5,2014-11-02,0504,Aqua,MODIS,43,6.2,314.6,48.2,D,0
-22.819,123.314,361,2.6,1.5,2014-11-02,0504,Aqua,MODIS,100,6.2,316.7,249.9,D,0
-22.539,124.6153,355.8,2.1,1.4,2014-11-02,0504,Aqua,MODIS,97,6.2,316.1,135.1,D,0
-22.5411,124.595,340,2.1,1.4,2014-11-02,0504,Aqua,MODIS,50,6.2,316.7,42,D,0
-22.5264,124.6137,368.4,2.1,1.4,2014-11-02,0504,Aqua,MODIS,100,6.2,318.4,236.9,D,0
-22.5137,124.6123,336.9,2.1,1.4,2014-11-02,0504,Aqua,MODIS,45,6.2,317.4,23.5,D,0
-22.539,124.6103,353.8,2.1,1.4,2014-11-02,0504,Aqua,MODIS,95,6.2,316.3,121.8,D,0
-22.5242,124.629,339.7,2.1,1.4,2014-11-02,0504,Aqua,MODIS,78,6.2,316.5,40.2,D,0
-22.5264,124.6088,365.1,2.1,1.4,2014-11-02,0504,Aqua,MODIS,100,6.2,319,203.8,D,0
-22.8465,122.1549,341.3,3.2,1.7,2014-11-02,0504,Aqua,MODIS,82,6.2,312,130,D,0
-22.8492,122.1239,367,3.2,1.7,2014-11-02,0504,Aqua,MODIS,100,6.2,314.2,466.6,D,0
-22.8339,122.1224,336.6,3.2,1.7,2014-11-02,0504,Aqua,MODIS,74,6.2,313.4,91.4,D,0
-22.8365,122.0913,340.6,3.2,1.7,2014-11-02,0504,Aqua,MODIS,78,6.2,310.2,131.3,D,0
-22.849,122.1482,353.8,3.2,1.7,2014-11-02,0504,Aqua,MODIS,95,6.2,312.3,266,D,0
-22.8518,122.1173,364.1,3.2,1.7,2014-11-02,0504,Aqua,MODIS,100,6.2,314.5,421.7,D,0
-22.8337,122.1467,333.7,3.2,1.7,2014-11-02,0504,Aqua,MODIS,66,6.2,311.2,63.5,D,0
-23.3093,122.3544,340.1,3.1,1.7,2014-11-02,0504,Aqua,MODIS,40,6.2,307.1,122,D,0
-23.2967,122.3482,334,3.1,1.7,2014-11-02,0504,Aqua,MODIS,59,6.2,309.3,59.7,D,0
-23.2692,122.3148,335.7,3.1,1.7,2014-11-02,0504,Aqua,MODIS,63,6.2,315.2,70.8,D,0
-23.254,122.3131,335.6,3.1,1.7,2014-11-02,0504,Aqua,MODIS,70,6.2,314.8,73.7,D,0
-22.8365,122.1157,341.7,3.2,1.7,2014-11-02,0504,Aqua,MODIS,83,6.2,313.5,136.1,D,0
-22.8393,122.0847,336.1,3.2,1.7,2014-11-02,0504,Aqua,MODIS,67,6.2,310,94,D,0
-22.8645,122.1255,373,3.2,1.7,2014-11-02,0504,Aqua,MODIS,100,6.2,310.9,578.5,D,0
-22.8671,122.0947,331.1,3.2,1.7,2014-11-02,0504,Aqua,MODIS,15,6.2,307.5,66.8,D,0
-22.8642,122.1497,336.7,3.2,1.7,2014-11-02,0504,Aqua,MODIS,74,6.2,309.6,97,D,0
-22.8671,122.1189,364.7,3.2,1.7,2014-11-02,0504,Aqua,MODIS,100,6.2,309.1,436.2,D,0
-22.7824,125.02,339,1.9,1.4,2014-11-02,0504,Aqua,MODIS,79,6.2,318.1,44.1,D,0
-22.7804,125.0391,336.5,1.9,1.4,2014-11-02,0504,Aqua,MODIS,74,6.2,315.2,31.9,D,0
-22.9904,124.5071,339,2.1,1.4,2014-11-02,0504,Aqua,MODIS,39,6.2,318.9,40.1,D,0
-22.99,124.5139,340.2,2.1,1.4,2014-11-02,0504,Aqua,MODIS,63,6.2,318.6,50,D,0
-23.0028,124.5155,340.5,2.1,1.4,2014-11-02,0504,Aqua,MODIS,62,6.2,318.7,54.5,D,0
-23.0156,124.517,337.9,2.1,1.4,2014-11-02,0504,Aqua,MODIS,64,6.2,316.7,45.7,D,0
-23.0413,124.52,364,2.1,1.4,2014-11-02,0504,Aqua,MODIS,100,6.2,316.4,227.3,D,0
-23.0541,124.5216,341.6,2.1,1.4,2014-11-02,0504,Aqua,MODIS,83,6.2,311,77.7,D,0
-23.2994,122.2918,363.2,3.1,1.7,2014-11-02,0504,Aqua,MODIS,100,6.2,303.2,384.6,D,0
-23.302,122.2609,358.6,3.1,1.7,2014-11-02,0504,Aqua,MODIS,91,6.2,301.3,333.8,D,0
-23.2842,122.2902,383.3,3.1,1.7,2014-11-02,0504,Aqua,MODIS,100,6.2,314.9,753.2,D,0
-23.2868,122.2593,362.3,3.1,1.7,2014-11-02,0504,Aqua,MODIS,100,6.2,313,377.9,D,0
-23.269,122.2885,355.8,3.1,1.7,2014-11-02,0504,Aqua,MODIS,97,6.2,317.3,263,D,0
-23.2716,122.2577,355.4,3.1,1.7,2014-11-02,0504,Aqua,MODIS,96,6.2,316.5,268.3,D,0
-23.3176,122.2888,337.8,3.1,1.7,2014-11-02,0504,Aqua,MODIS,48,6.2,289.2,115.7,D,0
-23.3024,122.2873,362.7,3.1,1.7,2014-11-02,0504,Aqua,MODIS,100,6.2,300.2,387.2,D,0
-23.8819,126.3145,341.4,1.6,1.3,2014-11-02,0504,Aqua,MODIS,82,6.2,319.3,40.1,D,0
-23.8804,126.3213,340.3,1.6,1.3,2014-11-02,0504,Aqua,MODIS,80,6.2,318.6,36.6,D,0
-23.8917,126.3228,335.3,1.6,1.3,2014-11-02,0504,Aqua,MODIS,67,6.2,317.1,22,D,0
-23.3052,122.2564,346.5,3.1,1.7,2014-11-02,0504,Aqua,MODIS,62,6.2,297.4,194.4,D,0
-23.2872,122.2856,378.7,3.1,1.7,2014-11-02,0504,Aqua,MODIS,100,6.2,313.9,656.7,D,0
-23.272,122.284,373.8,3.1,1.7,2014-11-02,0504,Aqua,MODIS,100,6.2,318.1,556.8,D,0
-23.2747,122.2533,358.9,3.1,1.7,2014-11-02,0504,Aqua,MODIS,99,6.2,316.3,325.7,D,0
-23.2568,122.2825,345.5,3.1,1.7,2014-11-02,0504,Aqua,MODIS,87,6.2,316.8,164.3,D,0
-23.2595,122.2517,334.2,3.1,1.7,2014-11-02,0504,Aqua,MODIS,67,6.2,315.2,72.4,D,0
-23.0096,124.8245,334.2,2,1.4,2014-11-02,0504,Aqua,MODIS,65,6.2,314,32.3,D,0
-23.0242,124.8063,365.1,2,1.4,2014-11-02,0504,Aqua,MODIS,100,6.2,316,221.7,D,0
-23.0221,124.8261,381.9,2,1.4,2014-11-02,0504,Aqua,MODIS,100,6.2,317.9,390.1,D,0
-24.347,127.1457,337.2,1.5,1.2,2014-11-02,0504,Aqua,MODIS,59,6.2,316.6,21.7,D,0
-24.3486,127.1312,338.2,1.5,1.2,2014-11-02,0504,Aqua,MODIS,64,6.2,318.2,23.6,D,0
-24.3438,127.1388,337,1.5,1.2,2014-11-02,0504,Aqua,MODIS,17,6.2,317.8,22.3,D,0
-24.1929,128.1259,336.2,1.3,1.1,2014-11-02,0504,Aqua,MODIS,74,6.2,308.3,28.5,D,0
-24.1944,128.1133,336.9,1.3,1.1,2014-11-02,0504,Aqua,MODIS,75,6.2,305.7,31,D,0
-24.1839,127.9441,340.6,1.3,1.1,2014-11-02,0504,Aqua,MODIS,81,6.2,310.2,35.2,D,0
-24.1737,127.9426,343.9,1.3,1.1,2014-11-02,0504,Aqua,MODIS,84,6.2,311.4,39.8,D,0
-24.6247,127.3898,355.8,1.4,1.2,2014-11-02,0504,Aqua,MODIS,97,6.2,315.5,91.5,D,0
-24.614,127.3884,356.8,1.4,1.2,2014-11-02,0504,Aqua,MODIS,97,6.2,318.3,94.5,D,0
-24.6033,127.3869,345.4,1.4,1.2,2014-11-02,0504,Aqua,MODIS,87,6.2,317.3,52.4,D,0
-21.2675,133.4554,332.3,1.2,1.1,2014-11-02,0504,Aqua,MODIS,52,6.2,303.6,19.8,D,0
-24.5377,127.358,346.1,1.4,1.2,2014-11-02,0504,Aqua,MODIS,88,6.2,316.9,50.1,D,0
-24.5393,127.3438,350,1.4,1.2,2014-11-02,0504,Aqua,MODIS,92,6.2,318.1,63.2,D,0
-24.527,127.3565,335.6,1.4,1.2,2014-11-02,0504,Aqua,MODIS,71,6.2,316.5,21.7,D,0
-24.5286,127.3424,334.2,1.4,1.2,2014-11-02,0504,Aqua,MODIS,61,6.2,317,18.6,D,0
-24.4808,127.4289,340.5,1.4,1.2,2014-11-02,0504,Aqua,MODIS,59,6.2,316.7,30.4,D,0
-24.6868,129.4445,345.1,1.1,1.1,2014-11-02,0504,Aqua,MODIS,87,6.2,316,33.5,D,0
-24.6759,129.454,341.5,1.1,1.1,2014-11-02,0504,Aqua,MODIS,82,6.2,316,25.8,D,0
-24.6859,129.3769,372.8,1.1,1.1,2014-11-02,0504,Aqua,MODIS,100,6.2,313.9,124.8,D,0
-24.675,129.3865,362.6,1.1,1.1,2014-11-02,0504,Aqua,MODIS,100,6.2,317.3,80.5,D,0
-24.6764,129.3755,387,1.1,1.1,2014-11-02,0504,Aqua,MODIS,100,6.2,321.4,188.7,D,0
-24.6779,129.3644,337.7,1.1,1.1,2014-11-02,0504,Aqua,MODIS,42,6.2,315.1,20.2,D,0
-24.6669,129.374,336.9,1.1,1.1,2014-11-02,0504,Aqua,MODIS,57,6.2,315.9,15.1,D,0
-24.63,129.4357,336.9,1.1,1.1,2014-11-02,0504,Aqua,MODIS,71,6.2,312.7,20.1,D,0
-23.87,128.0231,349.8,1.3,1.1,2014-11-02,0504,Aqua,MODIS,92,6.2,308.7,61.4,D,0
-23.8716,128.0168,345.8,1.3,1.1,2014-11-02,0504,Aqua,MODIS,89,6.2,306.3,45.6,D,0
-23.86,128.0279,353.6,1.3,1.1,2014-11-02,0504,Aqua,MODIS,95,6.2,311.4,66.5,D,0
-23.8615,128.0154,362.2,1.3,1.1,2014-11-02,0504,Aqua,MODIS,100,6.2,309.7,100.1,D,0
-23.8437,128.0763,341.6,1.3,1.1,2014-11-02,0504,Aqua,MODIS,68,6.2,312.2,34.6,D,0
-23.8452,128.0639,429.4,1.3,1.1,2014-11-02,0504,Aqua,MODIS,100,6.2,321.7,646.6,D,0
-23.8468,128.0514,375.6,1.3,1.1,2014-11-02,0504,Aqua,MODIS,100,6.2,317.5,162,D,0
-23.8498,128.0264,373.7,1.3,1.1,2014-11-02,0504,Aqua,MODIS,100,6.2,315.9,149.6,D,0
-23.8514,128.0139,384.2,1.3,1.1,2014-11-02,0504,Aqua,MODIS,100,6.2,317.2,211.2,D,0
-23.8397,128.025,346.6,1.3,1.1,2014-11-02,0504,Aqua,MODIS,89,6.2,310.2,44.5,D,0
-23.8412,128.0125,343.7,1.3,1.1,2014-11-02,0504,Aqua,MODIS,84,6.2,312.3,36.9,D,0
-24.4095,128.265,333.3,1.3,1.1,2014-11-02,0504,Aqua,MODIS,46,6.2,315.8,15,D,0
-23.8351,128.0624,386.4,1.3,1.1,2014-11-02,0504,Aqua,MODIS,100,6.2,318.3,220.7,D,0
-23.8366,128.0499,343.1,1.3,1.1,2014-11-02,0504,Aqua,MODIS,73,6.2,314.8,36.7,D,0
-23.8235,128.0733,342.8,1.3,1.1,2014-11-02,0504,Aqua,MODIS,86,6.2,313,36,D,0
-23.825,128.0609,356,1.3,1.1,2014-11-02,0504,Aqua,MODIS,97,6.2,315.2,70.8,D,0
-23.8296,128.0236,352.8,1.3,1.1,2014-11-02,0504,Aqua,MODIS,95,6.2,315.4,63.7,D,0
-23.8134,128.0719,337.7,1.3,1.1,2014-11-02,0504,Aqua,MODIS,60,6.2,314.9,23.1,D,0
-23.8149,128.0595,343,1.3,1.1,2014-11-02,0504,Aqua,MODIS,86,6.2,315.5,32.8,D,0
-23.8164,128.0471,337.3,1.3,1.1,2014-11-02,0504,Aqua,MODIS,37,6.2,314.8,18.8,D,0
-23.8195,128.0221,338,1.3,1.1,2014-11-02,0504,Aqua,MODIS,74,6.2,314.1,23.4,D,0
-23.8048,128.058,333.7,1.3,1.1,2014-11-02,0504,Aqua,MODIS,19,6.2,309.8,12.3,D,0
-23.7831,128.0675,337.1,1.3,1.1,2014-11-02,0504,Aqua,MODIS,63,6.2,313.3,21.9,D,0
-23.8329,128.1628,343.6,1.3,1.1,2014-11-02,0504,Aqua,MODIS,87,6.2,310.3,42.4,D,0
-23.8345,128.1505,388.3,1.3,1.1,2014-11-02,0504,Aqua,MODIS,100,6.2,312,239.5,D,0
-23.8229,128.1613,381.8,1.3,1.1,2014-11-02,0504,Aqua,MODIS,100,6.2,316.2,192.4,D,0
-23.8244,128.149,401.8,1.3,1.1,2014-11-02,0504,Aqua,MODIS,100,6.2,319.6,336.1,D,0
-23.8259,128.1367,336.1,1.3,1.1,2014-11-02,0504,Aqua,MODIS,45,6.2,308.9,19.9,D,0
-23.8129,128.1599,367.1,1.3,1.1,2014-11-02,0504,Aqua,MODIS,100,6.2,316.1,112.9,D,0
-23.8144,128.1476,362.5,1.3,1.1,2014-11-02,0504,Aqua,MODIS,100,6.2,311.6,93.7,D,0
-16.8326,139.1338,310.6,3.4,1.7,2014-11-02,0505,Aqua,MODIS,22,6.2,298.4,33.9,D,3
-16.8387,139.1019,313,3.4,1.7,2014-11-02,0505,Aqua,MODIS,46,6.2,299.3,42.9,D,3
-16.817,139.1305,310.7,3.4,1.7,2014-11-02,0505,Aqua,MODIS,11,6.2,298.1,34.3,D,3
-20.1415,129.6092,326,1,1,2014-11-02,0505,Aqua,MODIS,28,6.2,297.5,9.5,D,0
-19.5309,129.7726,333.2,1,1,2014-11-02,0505,Aqua,MODIS,57,6.2,312.2,12.6,D,0
-19.5205,129.7808,334.4,1,1,2014-11-02,0505,Aqua,MODIS,76,6.2,311.2,14.5,D,0
-19.5219,129.7712,341.4,1,1,2014-11-02,0505,Aqua,MODIS,86,6.2,313.9,26.1,D,0
-19.5232,129.7616,341.7,1,1,2014-11-02,0505,Aqua,MODIS,86,6.2,311.9,26.4,D,0
-19.5245,129.752,337.1,1,1,2014-11-02,0505,Aqua,MODIS,81,6.2,308.5,19.4,D,0
-19.5133,129.7741,343.2,1,1,2014-11-02,0505,Aqua,MODIS,88,6.2,313.9,29.9,D,0
-19.5147,129.7645,359.2,1,1,2014-11-02,0505,Aqua,MODIS,99,6.2,316.4,65.5,D,0
-19.516,129.7549,363.9,1,1,2014-11-02,0505,Aqua,MODIS,100,6.2,315,79.3,D,0
-19.5056,129.7631,332.8,1,1,2014-11-02,0505,Aqua,MODIS,75,6.2,312.5,13.3,D,0
-18.666,128.1671,337.6,1.1,1,2014-11-02,0505,Aqua,MODIS,66,6.2,308.3,21.6,D,0
-18.6688,128.1461,334.3,1.1,1.1,2014-11-02,0505,Aqua,MODIS,70,6.2,309.6,17.7,D,0
-18.6702,128.1356,338.3,1.1,1.1,2014-11-02,0505,Aqua,MODIS,82,6.2,308.7,26.1,D,0
-18.6566,128.1657,343.9,1.1,1,2014-11-02,0505,Aqua,MODIS,72,6.2,311.2,30.5,D,0
-18.658,128.1552,337,1.1,1,2014-11-02,0505,Aqua,MODIS,45,6.2,310.9,18.4,D,0
-18.6593,128.1447,355.8,1.1,1.1,2014-11-02,0505,Aqua,MODIS,97,6.2,309.3,63.2,D,0
-18.643,128.1956,345.4,1.1,1,2014-11-02,0505,Aqua,MODIS,87,6.2,313.9,32.6,D,0
-18.6176,128.2076,333.6,1.1,1,2014-11-02,0505,Aqua,MODIS,36,6.2,313.8,11.3,D,0
-19.6962,123.9175,338.6,2.1,1.4,2014-11-02,0505,Aqua,MODIS,79,6.2,312.9,52.8,D,0
-19.6972,123.9124,338.1,2.1,1.4,2014-11-02,0505,Aqua,MODIS,79,6.2,312.6,51.3,D,0
-19.7218,123.9206,330,2.1,1.4,2014-11-02,0505,Aqua,MODIS,55,6.2,311,22.1,D,0
-19.724,123.9001,342.6,2.1,1.4,2014-11-02,0505,Aqua,MODIS,85,6.2,311.3,80.2,D,0
-19.709,123.9191,341.8,2.1,1.4,2014-11-02,0505,Aqua,MODIS,84,6.2,311.9,71.2,D,0
-19.7112,123.8986,340.3,2.1,1.4,2014-11-02,0505,Aqua,MODIS,82,6.2,311.8,64.7,D,0
-20.2498,129.8862,331.8,1,1,2014-11-02,0505,Aqua,MODIS,67,6.2,309.1,14.4,D,0
-20.2381,129.9041,336.8,1,1,2014-11-02,0505,Aqua,MODIS,45,6.2,313.3,15.4,D,0
-20.2259,129.8669,336,1,1,2014-11-02,0505,Aqua,MODIS,61,6.2,310.7,19.4,D,0
-21.5325,128.9628,336.6,1.1,1,2014-11-02,0505,Aqua,MODIS,80,6.2,314.9,18.2,D,0
-21.5339,128.9523,421.3,1.1,1,2014-11-02,0505,Aqua,MODIS,100,6.2,324.7,438.2,D,0
-21.5353,128.9418,381,1.1,1,2014-11-02,0505,Aqua,MODIS,100,6.2,319,155.9,D,0
-21.5245,128.9509,343.2,1.1,1,2014-11-02,0505,Aqua,MODIS,87,6.2,313.5,32.3,D,0
-21.3904,128.9141,337,1.1,1,2014-11-02,0505,Aqua,MODIS,52,6.2,310.5,20.3,D,0
-21.3796,128.9232,368.2,1.1,1,2014-11-02,0505,Aqua,MODIS,100,6.2,317.9,99.7,D,0
-21.381,128.9127,353,1.1,1,2014-11-02,0505,Aqua,MODIS,95,6.2,312.4,53.3,D,0
-21.3703,128.9473,335.5,1.1,1,2014-11-02,0505,Aqua,MODIS,56,6.2,317.3,14.6,D,0
-21.3717,128.9368,338.9,1.1,1,2014-11-02,0505,Aqua,MODIS,81,6.2,318.7,22.2,D,0
-21.3731,128.9263,335.3,1.1,1,2014-11-02,0505,Aqua,MODIS,59,6.2,316.5,16,D,0
-20.2581,125.7402,361.4,1.6,1.2,2014-11-02,0505,Aqua,MODIS,100,6.2,314.6,130.4,D,0
-20.2599,125.7249,386.8,1.6,1.2,2014-11-02,0505,Aqua,MODIS,100,6.2,319.1,314.8,D,0
-20.2469,125.7387,342.4,1.6,1.2,2014-11-02,0505,Aqua,MODIS,81,6.2,315.4,42,D,0
-20.2486,125.7234,338,1.6,1.2,2014-11-02,0505,Aqua,MODIS,58,6.2,316.8,26.7,D,0
-20.2356,125.7372,343.1,1.6,1.2,2014-11-02,0505,Aqua,MODIS,82,6.2,317.2,43.5,D,0
-20.2244,125.7358,345.9,1.6,1.2,2014-11-02,0505,Aqua,MODIS,88,6.2,318.5,53.1,D,0
-20.2237,125.746,338.8,1.6,1.2,2014-11-02,0505,Aqua,MODIS,73,6.2,316.2,29.1,D,0
-20.2256,125.7308,336.9,1.6,1.2,2014-11-02,0505,Aqua,MODIS,60,6.2,319,22.1,D,0
-20.9274,124.7587,337.2,1.9,1.4,2014-11-02,0505,Aqua,MODIS,65,6.2,317.1,33.6,D,0
-18.32,129.5654,335.5,1,1,2014-11-02,0505,Aqua,MODIS,78,6.2,312.5,15.9,D,0
-20.9813,123.5402,342.2,2.4,1.5,2014-11-02,0505,Aqua,MODIS,72,6.2,314.4,71.2,D,0
-18.3186,129.5749,343.2,1,1,2014-11-02,0505,Aqua,MODIS,87,6.2,310.2,29.6,D,0
-18.329,129.5668,347.3,1,1,2014-11-02,0505,Aqua,MODIS,91,6.2,310.7,37.7,D,0
-18.3407,129.5492,336.1,1,1,2014-11-02,0505,Aqua,MODIS,77,6.2,311.9,15.6,D,0
-18.3393,129.5587,340.2,1,1,2014-11-02,0505,Aqua,MODIS,84,6.2,310.2,22.8,D,0
-18.3061,129.0085,376.3,1,1,2014-11-02,0505,Aqua,MODIS,100,6.2,311.9,126.1,D,0
-18.3075,128.9988,347.5,1,1,2014-11-02,0505,Aqua,MODIS,91,6.2,311.1,42.4,D,0
-18.2957,129.0168,419,1,1,2014-11-02,0505,Aqua,MODIS,100,6.2,324.4,381.7,D,0
-18.297,129.0071,400.3,1,1,2014-11-02,0505,Aqua,MODIS,100,6.2,323.5,244.6,D,0
-18.2984,128.9974,338.4,1,1,2014-11-02,0505,Aqua,MODIS,81,6.2,313.7,22.3,D,0
-18.2865,129.0154,359.2,1,1,2014-11-02,0505,Aqua,MODIS,99,6.2,318.6,62.7,D,0
-18.2879,129.0057,337.8,1,1,2014-11-02,0505,Aqua,MODIS,56,6.2,314.6,16.3,D,0
-20.2736,123.2473,331.2,2.4,1.5,2014-11-02,0505,Aqua,MODIS,38,6.2,312.3,29.3,D,0
-18.2434,129.0584,333.9,1,1,2014-11-02,0505,Aqua,MODIS,67,6.2,313.9,10.9,D,0
-20.9224,123.3632,341.6,2.4,1.5,2014-11-02,0505,Aqua,MODIS,82,6.2,314.3,75.7,D,0
-20.92,123.3866,336.3,2.4,1.5,2014-11-02,0505,Aqua,MODIS,63,6.2,316.4,43.4,D,0
-18.2194,129.6312,328,1,1,2014-11-02,0505,Aqua,MODIS,62,6.2,310.3,10,D,0
-20.9166,123.3696,347.1,2.4,1.5,2014-11-02,0505,Aqua,MODIS,89,6.2,315.1,107.5,D,0
-21.0824,127.329,331.2,1.3,1.1,2014-11-02,0505,Aqua,MODIS,41,6.2,312.5,16.6,D,0
-20.8233,124.1664,331.1,2.1,1.4,2014-11-02,0505,Aqua,MODIS,42,6.2,314.1,21.3,D,0
-20.2761,123.2241,345.7,2.4,1.5,2014-11-02,0505,Aqua,MODIS,88,6.2,313.3,114.9,D,0
-20.2601,123.2457,331.6,2.4,1.5,2014-11-02,0505,Aqua,MODIS,51,6.2,312.4,29.4,D,0
-20.2625,123.2224,342.6,2.4,1.5,2014-11-02,0505,Aqua,MODIS,84,6.2,315,92,D,0
-20.8367,124.6488,335.5,1.9,1.4,2014-11-02,0505,Aqua,MODIS,43,6.2,317.1,24.8,D,0
-18.2207,129.6217,347,1,1,2014-11-02,0505,Aqua,MODIS,91,6.2,308.6,39.4,D,0
-20.341,125.9115,335.8,1.6,1.2,2014-11-02,0505,Aqua,MODIS,72,6.2,317.6,26,D,0
-20.3428,125.8965,333.7,1.6,1.2,2014-11-02,0505,Aqua,MODIS,65,6.2,316.7,20.5,D,0
-20.2954,125.714,357.2,1.6,1.2,2014-11-02,0505,Aqua,MODIS,98,6.2,310.2,115.3,D,0
-20.2973,125.6986,347,1.6,1.2,2014-11-02,0505,Aqua,MODIS,89,6.2,311.3,67.8,D,0
-20.2842,125.7125,351.3,1.6,1.2,2014-11-02,0505,Aqua,MODIS,93,6.2,311.4,86.8,D,0
-20.2711,125.7263,340.1,1.6,1.2,2014-11-02,0505,Aqua,MODIS,75,6.2,310.5,40.8,D,0
-21.6067,121.7805,336.8,3.2,1.7,2014-11-02,0505,Aqua,MODIS,74,6.2,310.9,89.4,D,0
-21.6032,121.7871,338.3,3.2,1.7,2014-11-02,0505,Aqua,MODIS,77,6.2,311.2,100.3,D,0
-18.0184,132.707,339.5,1.2,1.1,2014-11-02,0505,Aqua,MODIS,81,6.2,314.4,22.2,D,0
-21.0106,123.5207,338.2,2.4,1.5,2014-11-02,0505,Aqua,MODIS,67,6.2,315.2,47.3,D,0
-21.005,123.5247,339.4,2.4,1.5,2014-11-02,0505,Aqua,MODIS,78,6.2,314.3,56,D,0
-20.2061,122.7418,334.3,2.6,1.6,2014-11-02,0505,Aqua,MODIS,61,6.2,311.8,51.3,D,0
-20.2036,122.767,333.6,2.6,1.6,2014-11-02,0505,Aqua,MODIS,36,6.2,311.9,41.9,D,0
-20.2292,122.7952,336,2.6,1.6,2014-11-02,0505,Aqua,MODIS,47,6.2,314.9,52.5,D,0
-20.5324,122.1679,348.8,2.9,1.6,2014-11-02,0505,Aqua,MODIS,91,6.2,312.9,166.1,D,0
-20.5355,122.1469,344.9,3,1.6,2014-11-02,0505,Aqua,MODIS,87,6.2,311.3,140.8,D,0
-20.5328,122.1753,349.1,2.9,1.6,2014-11-02,0505,Aqua,MODIS,91,6.2,313.4,171.9,D,0
-18.2204,132.9909,335.6,1.2,1.1,2014-11-02,0505,Aqua,MODIS,77,6.2,312,13.4,D,0
-22.1071,123.9067,339.5,2.3,1.5,2014-11-02,0505,Aqua,MODIS,39,6.2,314.1,47.5,D,0
-18.8409,122.5507,342.1,2.6,1.6,2014-11-02,0505,Aqua,MODIS,85,6.2,308,108.5,D,0
-21.6295,126.0958,351.1,1.6,1.2,2014-11-02,0505,Aqua,MODIS,93,6.2,320,70.7,D,0
-21.6424,126.082,337.9,1.6,1.2,2014-11-02,0505,Aqua,MODIS,46,6.2,319,23.1,D,0
-21.6407,126.0973,356.2,1.6,1.2,2014-11-02,0505,Aqua,MODIS,97,6.2,321,94.8,D,0
-18.869,122.5539,343.3,2.6,1.6,2014-11-02,0505,Aqua,MODIS,86,6.2,308,123.8,D,0
-18.883,122.5554,352.2,2.6,1.6,2014-11-02,0505,Aqua,MODIS,94,6.2,305.1,198.5,D,0
-22.0219,126.2483,335.6,1.6,1.2,2014-11-02,0505,Aqua,MODIS,48,6.2,315.6,23.2,D,0
-21.639,126.1125,368.8,1.6,1.2,2014-11-02,0505,Aqua,MODIS,100,6.2,318.9,164.3,D,0
-21.0087,124.7382,341.4,1.9,1.4,2014-11-02,0505,Aqua,MODIS,72,6.2,316,47.9,D,0
-21.6278,126.111,363,1.6,1.2,2014-11-02,0505,Aqua,MODIS,100,6.2,319.5,129.8,D,0
-21.6396,126.1072,366.9,1.6,1.2,2014-11-02,0505,Aqua,MODIS,100,6.2,319.6,152.9,D,0
-21.6285,126.1058,370.5,1.6,1.2,2014-11-02,0505,Aqua,MODIS,100,6.2,321.4,175.2,D,0
-21.6173,126.1044,337.5,1.6,1.2,2014-11-02,0505,Aqua,MODIS,40,6.2,317.3,24,D,0
-22.0575,124.0296,340.8,2.2,1.5,2014-11-02,0505,Aqua,MODIS,81,6.2,314,67,D,0
-21.6697,126.9216,337.5,1.4,1.2,2014-11-02,0505,Aqua,MODIS,56,6.2,313.9,25.9,D,0
-21.6949,126.4277,334.1,1.5,1.2,2014-11-02,0505,Aqua,MODIS,57,6.2,316.1,17.3,D,0
-21.773,126.4237,338.8,1.5,1.2,2014-11-02,0505,Aqua,MODIS,56,6.2,318.2,23.9,D,0
-21.7374,122.146,341.9,3.1,1.7,2014-11-02,0505,Aqua,MODIS,83,6.2,311.3,128.6,D,0
-18.7659,123.5323,332.8,2.2,1.4,2014-11-02,0505,Aqua,MODIS,69,6.2,312.7,33.3,D,0
-18.7789,123.5339,376.6,2.2,1.4,2014-11-02,0505,Aqua,MODIS,100,6.2,313.7,374.2,D,0
-18.7767,123.5546,347.5,2.2,1.4,2014-11-02,0505,Aqua,MODIS,90,6.2,311.7,111,D,0
-21.7857,126.4105,372.3,1.5,1.2,2014-11-02,0505,Aqua,MODIS,100,6.2,321.8,174.3,D,0
-21.7839,126.4252,361.2,1.5,1.2,2014-11-02,0505,Aqua,MODIS,100,6.2,319.2,112.9,D,0
-18.7919,123.5359,333.7,2.2,1.4,2014-11-02,0505,Aqua,MODIS,72,6.2,309.3,39.4,D,0
-21.7759,126.4146,339.4,1.5,1.2,2014-11-02,0505,Aqua,MODIS,63,6.2,318.1,25.7,D,0
-21.7742,126.4292,337.5,1.5,1.2,2014-11-02,0505,Aqua,MODIS,29,6.2,318.4,21.7,D,0
-22.0765,123.8528,339,2.3,1.5,2014-11-02,0505,Aqua,MODIS,75,6.2,316.6,54.4,D,0
-21.0066,124.7567,347.3,1.9,1.4,2014-11-02,0505,Aqua,MODIS,89,6.2,316.6,75.7,D,0
-21.0209,124.7398,406.9,1.9,1.4,2014-11-02,0505,Aqua,MODIS,100,6.2,320.2,708.9,D,0
-18.8219,122.5412,332.7,2.6,1.6,2014-11-02,0505,Aqua,MODIS,38,6.2,308.8,46.5,D,0
-18.8384,122.5756,333,2.6,1.6,2014-11-02,0505,Aqua,MODIS,59,6.2,308.1,44.5,D,0
-18.8472,122.5692,335,2.6,1.6,2014-11-02,0505,Aqua,MODIS,70,6.2,307.9,55.9,D,0
-21.0189,124.7583,373.2,1.9,1.4,2014-11-02,0505,Aqua,MODIS,100,6.2,316.4,263.5,D,0
-21.0331,124.7414,335,1.9,1.4,2014-11-02,0505,Aqua,MODIS,69,6.2,311.9,31.6,D,0
-22.0718,123.8571,337.9,2.3,1.5,2014-11-02,0505,Aqua,MODIS,56,6.2,316.4,46.8,D,0
-21.7885,126.4014,345.5,1.5,1.2,2014-11-02,0505,Aqua,MODIS,87,6.2,317.2,48.7,D,0
-21.6071,124.4786,335,2.1,1.4,2014-11-02,0505,Aqua,MODIS,41,6.2,315.3,26.3,D,0
-21.6092,124.4587,374,2.1,1.4,2014-11-02,0505,Aqua,MODIS,100,6.2,317.9,298.2,D,0
-21.6114,124.4388,346.5,2.1,1.4,2014-11-02,0505,Aqua,MODIS,88,6.2,316,81.1,D,0
-21.5966,124.4572,337.5,2.1,1.4,2014-11-02,0505,Aqua,MODIS,62,6.2,316.5,33.9,D,0
-22.0542,124.0341,338.2,2.2,1.5,2014-11-02,0505,Aqua,MODIS,75,6.2,313.7,55.7,D,0
-21.7868,126.4161,407,1.5,1.2,2014-11-02,0505,Aqua,MODIS,100,6.2,323.3,494.2,D,0
-21.9983,124.0884,333.7,2.2,1.4,2014-11-02,0505,Aqua,MODIS,51,6.2,315.7,29.4,D,0
-21.7851,126.4307,343.7,1.5,1.2,2014-11-02,0505,Aqua,MODIS,72,6.2,317.7,42,D,0
-21.7978,126.4175,359.8,1.5,1.2,2014-11-02,0505,Aqua,MODIS,99,6.2,316.1,111.2,D,0
-21.8885,126.3098,334.7,1.5,1.2,2014-11-02,0505,Aqua,MODIS,35,6.2,316,19.2,D,0
-21.8914,126.3019,338.9,1.5,1.2,2014-11-02,0505,Aqua,MODIS,75,6.2,317.7,31.7,D,0
-18.8804,122.5802,333.4,2.6,1.6,2014-11-02,0505,Aqua,MODIS,62,6.2,304.7,55.4,D,0
-19.7895,122.5362,330.9,2.7,1.6,2014-11-02,0505,Aqua,MODIS,38,6.2,309.4,40.5,D,0
-19.7337,122.8784,337.7,2.5,1.5,2014-11-02,0505,Aqua,MODIS,78,6.2,312.4,55.4,D,0
-19.7752,122.5346,328.9,2.7,1.6,2014-11-02,0505,Aqua,MODIS,25,6.2,309.2,33.1,D,0
-22.0599,124.0078,335.1,2.3,1.5,2014-11-02,0505,Aqua,MODIS,38,6.2,315.1,31.8,D,0
-22.1158,123.9528,341.2,2.3,1.5,2014-11-02,0505,Aqua,MODIS,61,6.2,314.9,73.7,D,0
-19.726,122.8843,339.3,2.5,1.5,2014-11-02,0505,Aqua,MODIS,81,6.2,312.8,67.9,D,0
-22.0563,124.0123,342.5,2.3,1.5,2014-11-02,0505,Aqua,MODIS,81,6.2,315.5,74.2,D,0
-18.8192,122.5661,339.4,2.6,1.6,2014-11-02,0505,Aqua,MODIS,74,6.2,310.1,81.1,D,0
-21.7632,126.8987,342.2,1.4,1.2,2014-11-02,0505,Aqua,MODIS,83,6.2,315.2,36.4,D,0
-21.7581,126.7588,333.7,1.4,1.2,2014-11-02,0505,Aqua,MODIS,34,6.2,315.8,13.1,D,0
-21.6819,126.9095,336.5,1.4,1.2,2014-11-02,0505,Aqua,MODIS,37,6.2,314.2,22.5,D,0
-21.6713,126.9081,349.3,1.4,1.2,2014-11-02,0505,Aqua,MODIS,91,6.2,317.4,58.6,D,0
-18.8499,122.5444,334,2.6,1.6,2014-11-02,0505,Aqua,MODIS,62,6.2,307.4,55,D,0
-18.8269,122.5491,339.8,2.6,1.6,2014-11-02,0505,Aqua,MODIS,82,6.2,308.9,91.2,D,0
-22.1323,123.8943,339.8,2.3,1.5,2014-11-02,0505,Aqua,MODIS,77,6.2,309.1,78.6,D,0
-22.1181,123.9306,343.5,2.3,1.5,2014-11-02,0505,Aqua,MODIS,68,6.2,311.7,84.6,D,0
-22.1204,123.9084,365.6,2.3,1.5,2014-11-02,0505,Aqua,MODIS,100,6.2,312.8,260.3,D,0
-22.1227,123.8861,380.5,2.3,1.5,2014-11-02,0505,Aqua,MODIS,100,6.2,316.7,446.4,D,0
-22.1048,123.929,353.7,2.3,1.5,2014-11-02,0505,Aqua,MODIS,95,6.2,314.7,145.9,D,0
-15.7447,128.7317,328.7,1,1,2014-11-02,0506,Aqua,MODIS,43,6.2,308,9.4,D,0
-16.237,124.8518,332.2,1.6,1.3,2014-11-02,0506,Aqua,MODIS,81,6.2,307.1,29.4,D,0
-18.6284,122.6565,340.3,2.5,1.5,2014-11-02,0506,Aqua,MODIS,60,6.2,313.9,78.1,D,0
-18.7395,122.6021,350.8,2.6,1.5,2014-11-02,0506,Aqua,MODIS,93,6.2,311.1,171.5,D,0
-18.7368,122.6265,335.6,2.6,1.5,2014-11-02,0506,Aqua,MODIS,52,6.2,313.2,55.8,D,0
-18.7534,122.6039,337.3,2.6,1.5,2014-11-02,0506,Aqua,MODIS,60,6.2,311.9,67.5,D,0
-18.7442,122.6074,356.2,2.6,1.5,2014-11-02,0506,Aqua,MODIS,97,6.2,312.3,214.1,D,0
-15.7538,128.733,336.2,1,1,2014-11-02,0506,Aqua,MODIS,76,6.2,310.1,19.8,D,0
-17.9349,123.2916,335.1,2.2,1.4,2014-11-02,0506,Aqua,MODIS,56,6.2,309.2,53.1,D,0
-17.9379,123.2867,337.9,2.2,1.4,2014-11-02,0506,Aqua,MODIS,68,6.2,309.5,66.7,D,0
-17.9248,123.2851,335,2.2,1.4,2014-11-02,0506,Aqua,MODIS,55,6.2,310.5,46.7,D,0
-16.2258,124.8502,333.9,1.6,1.3,2014-11-02,0506,Aqua,MODIS,82,6.2,307,34,D,0
-16.2145,124.8488,338.3,1.6,1.3,2014-11-02,0506,Aqua,MODIS,86,6.2,308.2,45.4,D,0
-16.2152,124.8422,334.7,1.6,1.3,2014-11-02,0506,Aqua,MODIS,41,6.2,308.9,32.2,D,0
-16.2294,124.8196,329.5,1.6,1.3,2014-11-02,0506,Aqua,MODIS,63,6.2,304.7,27.1,D,0
-14.8976,127.5376,338.6,1.1,1,2014-11-02,0506,Aqua,MODIS,82,6.2,310.4,24.3,D,0
-16.2116,124.7791,350.4,1.6,1.3,2014-11-02,0506,Aqua,MODIS,95,6.2,309.2,88.5,D,0
-16.2097,124.7945,352.2,1.6,1.3,2014-11-02,0506,Aqua,MODIS,96,6.2,309.4,95.2,D,0
-16.2078,124.8098,354.4,1.6,1.3,2014-11-02,0506,Aqua,MODIS,97,6.2,308.9,105.6,D,0
-17.4531,128.3259,332.5,1.1,1,2014-11-02,0506,Aqua,MODIS,76,6.2,304.6,17.1,D,0
-16.2229,124.7806,341.9,1.6,1.3,2014-11-02,0506,Aqua,MODIS,64,6.2,305.3,58.6,D,0
-16.2191,124.8114,361.1,1.6,1.3,2014-11-02,0506,Aqua,MODIS,100,6.2,307.6,141.1,D,0
-17.4346,128.3233,331,1.1,1,2014-11-02,0506,Aqua,MODIS,35,6.2,306.1,12.2,D,0
-16.2154,124.7486,356.3,1.6,1.3,2014-11-02,0506,Aqua,MODIS,90,6.2,307.2,123.8,D,0
-16.2021,124.7626,334.8,1.6,1.3,2014-11-02,0506,Aqua,MODIS,72,6.2,306.3,32.7,D,0
-16.2217,124.7872,342.7,1.6,1.3,2014-11-02,0506,Aqua,MODIS,86,6.2,306.2,70.3,D,0
-16.2199,124.8026,351.2,1.6,1.3,2014-11-02,0506,Aqua,MODIS,95,6.2,306.4,98,D,0
-14.8963,127.5476,364,1.1,1,2014-11-02,0506,Aqua,MODIS,100,6.2,313.2,86.7,D,0
-16.2181,124.8179,354.5,1.6,1.3,2014-11-02,0506,Aqua,MODIS,97,6.2,308.4,113.1,D,0
-14.8949,127.5576,339.2,1.1,1,2014-11-02,0506,Aqua,MODIS,82,6.2,311,23.1,D,0
-14.9164,127.5402,335.6,1.1,1,2014-11-02,0506,Aqua,MODIS,77,6.2,310.6,18.6,D,0
-14.915,127.5502,381.2,1.1,1,2014-11-02,0506,Aqua,MODIS,100,6.2,315.1,152.4,D,0
-14.9244,127.5515,369.4,1.1,1,2014-11-02,0506,Aqua,MODIS,100,6.2,315.5,102,D,0
-14.3699,131.5337,338,1.1,1.1,2014-11-02,0506,Aqua,MODIS,46,6.2,312,22.6,D,0
-14.3604,131.5322,367.3,1.1,1.1,2014-11-02,0506,Aqua,MODIS,100,6.2,312.6,103.8,D,0
-14.3509,131.5307,344.8,1.1,1.1,2014-11-02,0506,Aqua,MODIS,88,6.2,305.8,38.4,D,0
-14.5553,131.2705,338.3,1.1,1,2014-11-02,0506,Aqua,MODIS,62,6.2,308.5,17,D,0
-14.3212,132.4587,355.7,1.3,1.1,2014-11-02,0506,Aqua,MODIS,91,6.2,304.7,82.7,D,0
-15.5834,128.2399,340.8,1,1,2014-11-02,0506,Aqua,MODIS,83,6.2,315.3,18.8,D,0
-15.5847,128.2302,339.3,1,1,2014-11-02,0506,Aqua,MODIS,81,6.2,314.8,15.7,D,0
-14.923,127.5616,344,1.1,1,2014-11-02,0506,Aqua,MODIS,82,6.2,316.1,27.1,D,0
-14.9337,127.5529,346.7,1.1,1,2014-11-02,0506,Aqua,MODIS,90,6.2,313.2,35.4,D,0
-14.4197,130.6984,428,1.1,1,2014-11-02,0506,Aqua,MODIS,94,6.2,315.9,486.6,D,0
-14.9323,127.5629,346.2,1.1,1,2014-11-02,0506,Aqua,MODIS,88,6.2,316,32.2,D,0
-17.9982,127.2754,332.8,1.2,1.1,2014-11-02,0506,Aqua,MODIS,75,6.2,308.5,21.7,D,0
-14.4033,130.7,335.2,1.1,1,2014-11-02,0506,Aqua,MODIS,77,6.2,305,22.3,D,0
-14.414,130.6918,335.6,1.1,1,2014-11-02,0506,Aqua,MODIS,77,6.2,304.2,23.3,D,0
-16.2236,124.7716,340.4,1.6,1.3,2014-11-02,0506,Aqua,MODIS,21,6.2,302.7,62.3,D,0
-14.907,127.5389,331.2,1.1,1,2014-11-02,0506,Aqua,MODIS,68,6.2,310,11.2,D,0
-14.9056,127.549,348.1,1.1,1,2014-11-02,0506,Aqua,MODIS,91,6.2,311.8,40.3,D,0
-16.2254,124.7561,378.2,1.6,1.3,2014-11-02,0506,Aqua,MODIS,94,6.2,301.6,273.1,D,0
-16.2268,124.7497,391.9,1.6,1.3,2014-11-02,0506,Aqua,MODIS,94,6.2,301.8,398.9,D,0
-14.9269,127.6031,336,1.1,1,2014-11-02,0506,Aqua,MODIS,66,6.2,313.2,12.9,D,0
-15.5821,128.2496,347.1,1,1,2014-11-02,0506,Aqua,MODIS,90,6.2,312.5,31.4,D,0
-16.2135,124.7638,345.2,1.6,1.3,2014-11-02,0506,Aqua,MODIS,76,6.2,307.8,70.1,D,0
-16.2389,124.8365,328.1,1.6,1.3,2014-11-02,0506,Aqua,MODIS,51,6.2,307.3,19.7,D,0
-14.2856,133.339,347.5,1.4,1.2,2014-11-02,0506,Aqua,MODIS,82,6.2,308.5,62.2,D,0
-14.2748,133.3713,341.8,1.5,1.2,2014-11-02,0506,Aqua,MODIS,72,6.2,312.2,36.3,D,0
-14.3026,133.3353,346.6,1.4,1.2,2014-11-02,0506,Aqua,MODIS,84,6.2,313.6,47.6,D,0
-14.3238,133.3391,342.5,1.4,1.2,2014-11-02,0506,Aqua,MODIS,75,6.2,314.9,37.9,D,0
-16.5794,131.4094,335.9,1.1,1,2014-11-02,0506,Aqua,MODIS,72,6.2,314.3,15.9,D,0
-14.292,133.3334,341.8,1.4,1.2,2014-11-02,0506,Aqua,MODIS,66,6.2,307.3,32.1,D,0
-16.8587,130.8974,336,1,1,2014-11-02,0506,Aqua,MODIS,74,6.2,312.2,14.1,D,0
-16.8601,130.8878,338,1,1,2014-11-02,0506,Aqua,MODIS,78,6.2,314,16.9,D,0
-14.2558,133.3888,345.4,1.5,1.2,2014-11-02,0506,Aqua,MODIS,88,6.2,310.4,48.6,D,0
-14.2707,133.3637,342.7,1.5,1.2,2014-11-02,0506,Aqua,MODIS,70,6.2,308.3,44.4,D,0
-14.2579,133.3753,346.4,1.5,1.2,2014-11-02,0506,Aqua,MODIS,89,6.2,311.6,54.5,D,0
-14.3725,132.7165,344.4,1.3,1.1,2014-11-02,0506,Aqua,MODIS,78,6.2,310.3,43.3,D,0
-14.2451,133.3869,341.7,1.5,1.2,2014-11-02,0506,Aqua,MODIS,84,6.2,306.2,36.6,D,0
-14.2473,133.3734,375,1.5,1.2,2014-11-02,0506,Aqua,MODIS,100,6.2,312.7,191,D,0
-18.1875,126.9131,330.3,1.3,1.1,2014-11-02,0506,Aqua,MODIS,70,6.2,305.8,23.6,D,0
-14.277,133.3579,343.2,1.4,1.2,2014-11-02,0506,Aqua,MODIS,75,6.2,306.4,43.1,D,0
-15.0768,135.1654,335,1.9,1.3,2014-11-02,0506,Aqua,MODIS,52,6.2,308.6,35,D,0
-14.2792,133.3446,342.1,1.4,1.2,2014-11-02,0506,Aqua,MODIS,54,6.2,300.4,42.5,D,0
-14.6626,130.8094,339.2,1.1,1,2014-11-02,0506,Aqua,MODIS,72,6.2,306.1,27.4,D,0
-14.6848,130.8396,341.9,1.1,1,2014-11-02,0506,Aqua,MODIS,70,6.2,312.2,26,D,0
-14.6833,130.8493,339.9,1.1,1,2014-11-02,0506,Aqua,MODIS,70,6.2,312,19,D,0
-14.3731,131.5129,347.3,1.1,1.1,2014-11-02,0506,Aqua,MODIS,77,6.2,312.8,45.3,D,0
-14.362,131.5217,367.2,1.1,1.1,2014-11-02,0506,Aqua,MODIS,100,6.2,314.2,105.7,D,0
-14.3317,132.514,343.5,1.3,1.1,2014-11-02,0506,Aqua,MODIS,65,6.2,311.9,35.4,D,0
-14.3176,132.4821,333.6,1.3,1.1,2014-11-02,0506,Aqua,MODIS,50,6.2,303.1,22.4,D,0
-13.8949,135.5876,331.6,2.1,1.4,2014-11-02,0506,Aqua,MODIS,65,6.2,304.7,39.4,D,0
-14.3636,131.5113,409.6,1.1,1.1,2014-11-02,0506,Aqua,MODIS,100,6.2,316.3,356,D,0
-13.9707,136.5179,332.8,2.5,1.5,2014-11-02,0506,Aqua,MODIS,69,6.2,294.9,88.8,D,0
-14.3525,131.5202,397.7,1.1,1.1,2014-11-02,0506,Aqua,MODIS,100,6.2,312.1,267,D,0
-14.3541,131.5098,346.9,1.1,1.1,2014-11-02,0506,Aqua,MODIS,90,6.2,305.5,46.4,D,0
-13.4989,135.6753,328.6,2.2,1.4,2014-11-02,0506,Aqua,MODIS,54,6.2,303.4,39.1,D,0
-14.7386,130.8583,345.6,1.1,1,2014-11-02,0506,Aqua,MODIS,88,6.2,312.2,33.4,D,0
-14.7309,130.847,353.2,1.1,1,2014-11-02,0506,Aqua,MODIS,95,6.2,308.8,51.7,D,0
-14.711,130.8538,339.9,1.1,1,2014-11-02,0506,Aqua,MODIS,77,6.2,313.5,19.3,D,0
-14.7124,130.8441,350.9,1.1,1,2014-11-02,0506,Aqua,MODIS,93,6.2,310.6,43.7,D,0
-14.7032,130.8426,351.8,1.1,1,2014-11-02,0506,Aqua,MODIS,94,6.2,311.3,46.9,D,0
-14.694,130.841,339,1.1,1,2014-11-02,0506,Aqua,MODIS,48,6.2,308.9,20.3,D,0
-14.0506,135.2904,328.6,2,1.4,2014-11-02,0506,Aqua,MODIS,21,6.2,302.3,31,D,0
-14.0476,135.3089,327.8,2,1.4,2014-11-02,0506,Aqua,MODIS,30,6.2,298.4,25.6,D,0
-14.0515,135.2959,328.8,2,1.4,2014-11-02,0506,Aqua,MODIS,37,6.2,301.3,34,D,0
-14.549,131.2487,349.9,1.1,1,2014-11-02,0506,Aqua,MODIS,92,6.2,311,45.9,D,0
-14.0359,135.3122,336.1,2,1.4,2014-11-02,0506,Aqua,MODIS,78,6.2,297.8,58.2,D,0
-14.7091,130.8036,350.2,1.1,1,2014-11-02,0506,Aqua,MODIS,80,6.2,302.8,51.1,D,0
-14.7183,130.8051,349.5,1.1,1,2014-11-02,0506,Aqua,MODIS,87,6.2,307.1,47,D,0
-14.7289,130.7969,338.1,1.1,1,2014-11-02,0506,Aqua,MODIS,54,6.2,309.5,22.6,D,0
-14.7275,130.8066,357.3,1.1,1,2014-11-02,0506,Aqua,MODIS,98,6.2,312.2,63.2,D,0
-15.0539,135.19,333.7,1.9,1.3,2014-11-02,0506,Aqua,MODIS,50,6.2,307.3,35.7,D,0
-14.726,130.8164,349.4,1.1,1,2014-11-02,0506,Aqua,MODIS,92,6.2,310.1,42.8,D,0
-14.7459,130.8096,348.8,1.1,1,2014-11-02,0506,Aqua,MODIS,67,6.2,314.5,43.1,D,0
-15.0419,135.1878,335.3,1.9,1.3,2014-11-02,0506,Aqua,MODIS,46,6.2,308.2,39.3,D,0
-14.7082,131.2869,337.3,1.1,1,2014-11-02,0506,Aqua,MODIS,54,6.2,312.4,17.4,D,0
-14.4125,130.7014,371.5,1.1,1,2014-11-02,0506,Aqua,MODIS,100,6.2,311.6,114.4,D,0
-14.4183,130.7081,361.3,1.1,1,2014-11-02,0506,Aqua,MODIS,78,6.2,310.6,77.9,D,0
-14.0467,135.7792,327.8,2.2,1.4,2014-11-02,0506,Aqua,MODIS,56,6.2,301.3,36,D,0
-14.0391,135.2937,339.3,2,1.4,2014-11-02,0506,Aqua,MODIS,80,6.2,298.6,77.2,D,0
-14.4039,130.8656,333.9,1.1,1,2014-11-02,0506,Aqua,MODIS,36,6.2,310.3,15.4,D,0
-14.3665,130.8844,341.1,1.1,1,2014-11-02,0506,Aqua,MODIS,68,6.2,307.8,29.9,D,0
-14.0673,131.2653,335.6,1.1,1.1,2014-11-02,0506,Aqua,MODIS,64,6.2,312.7,16.3,D,0
-14.4877,131.5225,338,1.1,1.1,2014-11-02,0506,Aqua,MODIS,56,6.2,312.2,25.4,D,0
-14.4972,131.5241,352.9,1.1,1.1,2014-11-02,0506,Aqua,MODIS,95,6.2,312,58.3,D,0
-14.3439,132.6991,337,1.3,1.1,2014-11-02,0506,Aqua,MODIS,33,6.2,313.5,22.7,D,0
-14.461,131.4171,352.7,1.1,1.1,2014-11-02,0506,Aqua,MODIS,92,6.2,307.3,53.3,D,0
-14.4704,131.4187,383,1.1,1.1,2014-11-02,0506,Aqua,MODIS,100,6.2,312,167.8,D,0
-14.4799,131.4202,417,1.1,1.1,2014-11-02,0506,Aqua,MODIS,100,6.2,319,408.7,D,0
-14.4783,131.4305,341.8,1.1,1.1,2014-11-02,0506,Aqua,MODIS,61,6.2,314,23.1,D,0
-14.4878,131.432,346.6,1.1,1.1,2014-11-02,0506,Aqua,MODIS,83,6.2,314.6,34.8,D,0
-13.4724,133.824,349,1.6,1.2,2014-11-02,0507,Aqua,MODIS,87,6.2,307.5,81.8,D,0
-13.47,133.8389,352.9,1.6,1.3,2014-11-02,0507,Aqua,MODIS,95,6.2,312,98.2,D,0
-13.4723,133.8309,368.2,1.6,1.2,2014-11-02,0507,Aqua,MODIS,94,6.2,312.2,182,D,0
-12.9649,133.1908,339.6,1.5,1.2,2014-11-02,0507,Aqua,MODIS,56,6.2,311.7,38.8,D,0
-13.0474,132.947,358.5,1.4,1.2,2014-11-02,0507,Aqua,MODIS,86,6.2,309.2,102,D,0
-13.1199,132.939,336.7,1.4,1.2,2014-11-02,0507,Aqua,MODIS,70,6.2,310.5,26.5,D,0
-12.3314,134.9587,333.7,2.1,1.4,2014-11-02,0507,Aqua,MODIS,74,6.2,300.9,52.3,D,0
-13.105,132.8967,337.2,1.4,1.2,2014-11-02,0507,Aqua,MODIS,64,6.2,310.3,31.6,D,0
-13.0818,132.9066,335.9,1.4,1.2,2014-11-02,0507,Aqua,MODIS,69,6.2,313.6,23.3,D,0
-12.278,132.7422,343.6,1.4,1.2,2014-11-02,0507,Aqua,MODIS,87,6.2,316.5,45.4,D,0
-13.4698,133.8456,343.5,1.6,1.3,2014-11-02,0507,Aqua,MODIS,87,6.2,311,58.4,D,0
-13.0494,132.9342,336.8,1.4,1.2,2014-11-02,0507,Aqua,MODIS,64,6.2,310.4,26.7,D,0
-13.4835,133.8329,336.6,1.6,1.2,2014-11-02,0507,Aqua,MODIS,46,6.2,312.2,33,D,0
-12.2696,132.7276,340,1.4,1.2,2014-11-02,0507,Aqua,MODIS,57,6.2,310.3,40.3,D,0
-12.804,132.5375,386.1,1.4,1.2,2014-11-02,0507,Aqua,MODIS,87,6.2,303.7,249.7,D,0
-13.1053,133.031,339.8,1.4,1.2,2014-11-02,0507,Aqua,MODIS,73,6.2,312.9,37.7,D,0
-14.161,127.3044,343,1.1,1,2014-11-02,0507,Aqua,MODIS,88,6.2,311.8,37.1,D,0
-14.1734,127.2498,362.9,1.1,1,2014-11-02,0507,Aqua,MODIS,100,6.2,308.4,87.8,D,0
-13.5945,130.0579,334.2,1,1,2014-11-02,0507,Aqua,MODIS,77,6.2,300.7,20.6,D,0
-13.6036,130.0593,332.6,1,1,2014-11-02,0507,Aqua,MODIS,63,6.2,298.1,17.4,D,0
-14.1613,127.2322,368.9,1.1,1,2014-11-02,0507,Aqua,MODIS,100,6.2,302.9,116.4,D,0
-14.1502,127.3131,335.3,1.1,1,2014-11-02,0507,Aqua,MODIS,37,6.2,311.3,23.2,D,0
-14.1558,127.2727,372.5,1.1,1,2014-11-02,0507,Aqua,MODIS,100,6.2,310.8,129.5,D,0
-13.6022,130.0687,358.8,1,1,2014-11-02,0507,Aqua,MODIS,99,6.2,300.6,68,D,0
-14.1168,127.2773,334.9,1.1,1,2014-11-02,0507,Aqua,MODIS,44,6.2,302.6,23.9,D,0
-13.5889,130.0955,361.1,1,1,2014-11-02,0507,Aqua,MODIS,100,6.2,298.8,77,D,0
-11.7569,130.0945,347.5,1.1,1,2014-11-02,0507,Aqua,MODIS,91,6.2,309.6,44.9,D,0
-11.7661,130.0959,358.3,1.1,1,2014-11-02,0507,Aqua,MODIS,98,6.2,312.5,70.8,D,0
-11.7753,130.0974,333.6,1.1,1,2014-11-02,0507,Aqua,MODIS,54,6.2,307.8,18.1,D,0
-14.1638,127.2841,341.1,1.1,1,2014-11-02,0507,Aqua,MODIS,64,6.2,310.6,35.6,D,0
-13.5863,130.0603,325.7,1,1,2014-11-02,0507,Aqua,MODIS,42,6.2,300.5,11.2,D,0
-13.5822,130.0886,349.6,1,1,2014-11-02,0507,Aqua,MODIS,93,6.2,299.5,50,D,0
-14.1815,127.2612,334.7,1.1,1,2014-11-02,0507,Aqua,MODIS,75,6.2,310.6,15.3,D,0
-13.5903,130.0861,373.3,1,1,2014-11-02,0507,Aqua,MODIS,100,6.2,302.5,115.7,D,0
-13.5931,130.0673,363.7,1,1,2014-11-02,0507,Aqua,MODIS,100,6.2,303.4,83.5,D,0
-11.7646,130.1055,343.3,1.1,1,2014-11-02,0507,Aqua,MODIS,87,6.2,309.6,34,D,0
-12.9622,130.2946,335.1,1,1,2014-11-02,0507,Aqua,MODIS,0,6.2,292.1,26.6,D,0
-14.1721,127.2599,337.2,1.1,1,2014-11-02,0507,Aqua,MODIS,58,6.2,309.1,21.5,D,0
-14.1828,127.2511,353.8,1.1,1,2014-11-02,0507,Aqua,MODIS,97,6.2,309.6,59.3,D,0
-13.5917,130.0767,354.2,1,1,2014-11-02,0507,Aqua,MODIS,96,6.2,302.4,56.8,D,0
-14.1666,127.3005,342.3,1.1,1,2014-11-02,0507,Aqua,MODIS,91,6.2,311.1,25,D,0
-14.1488,127.3232,336.6,1.1,1,2014-11-02,0507,Aqua,MODIS,81,6.2,309.7,25.1,D,0
-14.1582,127.3245,338.3,1.1,1,2014-11-02,0507,Aqua,MODIS,82,6.2,310.5,28.4,D,0
-14.1127,127.3077,341.2,1.1,1,2014-11-02,0507,Aqua,MODIS,90,6.2,307.7,33.3,D,0
-14.1653,127.3106,349.3,1.1,1,2014-11-02,0507,Aqua,MODIS,95,6.2,311.8,40.2,D,0
-14.1113,127.3178,360.7,1.1,1,2014-11-02,0507,Aqua,MODIS,100,6.2,306.7,79.9,D,0
-14.1626,127.3307,363.6,1.1,1,2014-11-02,0507,Aqua,MODIS,100,6.2,310.2,85.6,D,0
-14.1276,127.2686,381.1,1.1,1,2014-11-02,0507,Aqua,MODIS,100,6.2,309.5,164.5,D,0
-14.1262,127.2787,376.7,1.1,1,2014-11-02,0507,Aqua,MODIS,100,6.2,311.4,144.7,D,0
-14.1033,127.3063,346.7,1.1,1,2014-11-02,0507,Aqua,MODIS,93,6.2,299.5,44.6,D,0
-14.1207,127.3191,348,1.1,1,2014-11-02,0507,Aqua,MODIS,94,6.2,310.4,46,D,0
-14.137,127.27,383.4,1.1,1,2014-11-02,0507,Aqua,MODIS,100,6.2,313,174.9,D,0
-14.1475,127.3332,333.6,1.1,1,2014-11-02,0507,Aqua,MODIS,86,6.2,304.2,18.5,D,0
-14.1381,127.3319,330.9,1.1,1,2014-11-02,0507,Aqua,MODIS,81,6.2,304.6,12.5,D,0
-14.1395,127.3218,339.4,1.1,1,2014-11-02,0507,Aqua,MODIS,89,6.2,309.3,28.8,D,0
-11.7221,130.3265,335.6,1.1,1,2014-11-02,0507,Aqua,MODIS,76,6.2,308.5,22.9,D,0
-13.5849,130.0698,357,1,1,2014-11-02,0507,Aqua,MODIS,98,6.2,302.1,67.5,D,0
-13.5836,130.0792,355,1,1,2014-11-02,0507,Aqua,MODIS,96,6.2,300.9,62.3,D,0
-14.1693,127.2437,358.6,1.1,1,2014-11-02,0507,Aqua,MODIS,93,6.2,307.3,80.7,D,0
-11.7314,130.3279,328.7,1.1,1,2014-11-02,0507,Aqua,MODIS,43,6.2,307.1,12.4,D,0
-14.1422,127.3017,340.6,1.1,1,2014-11-02,0507,Aqua,MODIS,74,6.2,310.4,33.1,D,0
-14.145,127.2814,351,1.1,1,2014-11-02,0507,Aqua,MODIS,96,6.2,312.1,59.6,D,0
-14.1464,127.2713,375,1.1,1,2014-11-02,0507,Aqua,MODIS,100,6.2,313.9,138.9,D,0
-14.1287,127.3305,333.9,1.1,1,2014-11-02,0507,Aqua,MODIS,86,6.2,299.8,16.4,D,0
-14.1301,127.3205,352.5,1.1,1,2014-11-02,0507,Aqua,MODIS,96,6.2,309.3,56.2,D,0
-14.1356,127.2801,363.7,1.1,1,2014-11-02,0507,Aqua,MODIS,100,6.2,311.3,96.3,D,0
-11.7555,130.104,326.2,1.1,1,2014-11-02,0507,Aqua,MODIS,40,6.2,308.8,8,D,0
-14.1516,127.303,343.2,1.1,1,2014-11-02,0507,Aqua,MODIS,84,6.2,311.6,37.9,D,0
-12.5446,136.1779,326.9,2.5,1.5,2014-11-02,0507,Aqua,MODIS,51,6.2,304.4,32.9,D,0
-12.5077,136.1475,334.3,2.5,1.5,2014-11-02,0507,Aqua,MODIS,78,6.2,304.4,66.3,D,0
-12.5118,136.1248,325.2,2.5,1.5,2014-11-02,0507,Aqua,MODIS,15,6.2,304.1,21.9,D,0
-12.5213,136.15,331,2.5,1.5,2014-11-02,0507,Aqua,MODIS,73,6.2,306.3,50,D,0
-12.5141,136.1414,339.5,2.5,1.5,2014-11-02,0507,Aqua,MODIS,84,6.2,305.2,97.4,D,0
-12.4908,136.1136,350.5,2.5,1.5,2014-11-02,0507,Aqua,MODIS,94,6.2,302.5,184.7,D,0
-12.4868,136.1365,331.3,2.5,1.5,2014-11-02,0507,Aqua,MODIS,64,6.2,303.4,58,D,0
-11.7328,130.5093,334.5,1.1,1,2014-11-02,0507,Aqua,MODIS,76,6.2,308.6,20,D,0
-11.7313,130.5192,327.2,1.1,1,2014-11-02,0507,Aqua,MODIS,44,6.2,308,9,D,0
-14.0742,130.3094,354.6,1,1,2014-11-02,0507,Aqua,MODIS,91,6.2,317.6,56,D,0
-13.4068,133.8734,337.3,1.6,1.3,2014-11-02,0507,Aqua,MODIS,44,6.2,303.7,39.4,D,0
-12.1324,133.5688,334.6,1.6,1.3,2014-11-02,0507,Aqua,MODIS,73,6.2,308.8,23.1,D,0
-12.3098,133.0534,356.2,1.5,1.2,2014-11-02,0507,Aqua,MODIS,97,6.2,312.8,94.3,D,0
-12.7999,134.2759,339.6,1.8,1.3,2014-11-02,0507,Aqua,MODIS,83,6.2,311.4,52.9,D,0
-13.4044,133.8881,339.5,1.6,1.3,2014-11-02,0507,Aqua,MODIS,54,6.2,308.6,45.1,D,0
-13.3049,134.2037,343.8,1.7,1.3,2014-11-02,0507,Aqua,MODIS,87,6.2,305.9,65.4,D,0
-13.3069,134.2146,347.1,1.7,1.3,2014-11-02,0507,Aqua,MODIS,90,6.2,308.6,82.7,D,0
-12.7973,134.2919,335.3,1.8,1.3,2014-11-02,0507,Aqua,MODIS,70,6.2,309.9,36.2,D,0
-12.3045,133.0596,343.1,1.5,1.2,2014-11-02,0507,Aqua,MODIS,86,6.2,315,42,D,0
-12.3013,133.0381,342.4,1.5,1.2,2014-11-02,0507,Aqua,MODIS,63,6.2,306.7,38.8,D,0
-12.2991,133.0516,350.3,1.5,1.2,2014-11-02,0507,Aqua,MODIS,93,6.2,316.2,69,D,0
-12.3067,133.046,359.3,1.5,1.2,2014-11-02,0507,Aqua,MODIS,99,6.2,313.7,107.4,D,0
-12.2937,133.0578,337.9,1.5,1.2,2014-11-02,0507,Aqua,MODIS,68,6.2,315.6,25.6,D,0
-12.9085,132.9051,373.2,1.4,1.2,2014-11-02,0507,Aqua,MODIS,94,6.2,311.3,178.3,D,0
-12.9064,132.918,342.5,1.4,1.2,2014-11-02,0507,Aqua,MODIS,84,6.2,310.1,45.9,D,0
-12.2394,133.988,335.9,1.7,1.3,2014-11-02,0507,Aqua,MODIS,76,6.2,308.5,29.9,D,0
-12.8404,134.2493,331.2,1.8,1.3,2014-11-02,0507,Aqua,MODIS,48,6.2,307.3,28.2,D,0
-12.8377,134.2655,342.2,1.8,1.3,2014-11-02,0507,Aqua,MODIS,85,6.2,307.5,63.5,D,0
-12.2975,131.1745,342.6,1.1,1.1,2014-11-02,0507,Aqua,MODIS,79,6.2,305.6,33.9,D,0
-12.3055,131.1865,333.5,1.2,1.1,2014-11-02,0507,Aqua,MODIS,52,6.2,304.7,19.5,D,0
-12.2535,133.9743,348.9,1.7,1.3,2014-11-02,0507,Aqua,MODIS,91,6.2,309.4,82.1,D,0
-12.8362,134.2553,341.8,1.8,1.3,2014-11-02,0507,Aqua,MODIS,86,6.2,308.5,63.8,D,0
-12.2371,133.9768,343.3,1.7,1.3,2014-11-02,0507,Aqua,MODIS,86,6.2,309.9,57.6,D,0
-12.2513,133.963,331.8,1.7,1.3,2014-11-02,0507,Aqua,MODIS,36,6.2,309.8,20.5,D,0
-12.8335,134.2715,331.8,1.8,1.3,2014-11-02,0507,Aqua,MODIS,43,6.2,308,24.1,D,0
-12.2487,133.9789,340.9,1.7,1.3,2014-11-02,0507,Aqua,MODIS,84,6.2,308.9,49.3,D,0
-12.2629,133.9651,336.3,1.7,1.3,2014-11-02,0507,Aqua,MODIS,71,6.2,307.6,36.8,D,0
-12.2602,133.9811,341.9,1.7,1.3,2014-11-02,0507,Aqua,MODIS,85,6.2,308.3,55.5,D,0
-13.4117,133.8436,345.2,1.6,1.3,2014-11-02,0507,Aqua,MODIS,73,6.2,311.8,74.2,D,0
-12.2162,133.9841,333.9,1.7,1.3,2014-11-02,0507,Aqua,MODIS,72,6.2,310.2,22.7,D,0
-12.2419,133.9722,336.9,1.7,1.3,2014-11-02,0507,Aqua,MODIS,78,6.2,309.6,33.3,D,0
-12.826,134.2636,333.9,1.8,1.3,2014-11-02,0507,Aqua,MODIS,64,6.2,307.3,35.6,D,0
-12.1855,133.8816,335.2,1.7,1.3,2014-11-02,0507,Aqua,MODIS,75,6.2,311.9,26.7,D,0
-12.7919,134.3248,363.4,1.8,1.3,2014-11-02,0507,Aqua,MODIS,100,6.2,311.1,176.6,D,0
-12.7946,134.3082,333.9,1.8,1.3,2014-11-02,0507,Aqua,MODIS,66,6.2,311.3,31.1,D,0
-11.3305,131.1533,340.5,1.2,1.1,2014-11-02,0507,Aqua,MODIS,86,6.2,305.6,32.4,D,0
-11.3112,131.1503,346.1,1.2,1.1,2014-11-02,0507,Aqua,MODIS,91,6.2,305.7,45.8,D,0
-11.307,131.1538,338.9,1.2,1.1,2014-11-02,0507,Aqua,MODIS,78,6.2,304.2,33.7,D,0
-11.3086,131.1431,342.2,1.2,1.1,2014-11-02,0507,Aqua,MODIS,91,6.2,306.2,41.9,D,0
-11.7853,130.9064,330.9,1.1,1.1,2014-11-02,0507,Aqua,MODIS,53,6.2,309.1,13.9,D,0
-11.7774,130.8947,353.6,1.1,1.1,2014-11-02,0507,Aqua,MODIS,96,6.2,310.2,63,D,0
-11.7789,130.8844,327.8,1.1,1.1,2014-11-02,0507,Aqua,MODIS,44,6.2,305.9,10.1,D,0
-11.3548,130.9304,323.9,1.1,1.1,2014-11-02,0507,Aqua,MODIS,35,6.2,305.1,9.4,D,0
-11.3564,130.92,339.9,1.1,1.1,2014-11-02,0507,Aqua,MODIS,86,6.2,305.5,36.1,D,0
-11.7159,130.8153,336.7,1.1,1.1,2014-11-02,0507,Aqua,MODIS,80,6.2,307.5,26.2,D,0
-11.7175,130.8052,379.3,1.1,1.1,2014-11-02,0507,Aqua,MODIS,100,6.2,308.7,159.6,D,0
-12.3684,133.3232,334.6,1.6,1.2,2014-11-02,0507,Aqua,MODIS,60,6.2,310.5,27.2,D,0
-12.3817,133.3107,340.6,1.5,1.2,2014-11-02,0507,Aqua,MODIS,83,6.2,309.1,46.4,D,0
-12.8999,132.8241,395.6,1.4,1.2,2014-11-02,0507,Aqua,MODIS,100,6.2,312.5,344.3,D,0
-12.1881,133.866,338.9,1.7,1.3,2014-11-02,0507,Aqua,MODIS,81,6.2,311.3,39.3,D,0
-11.7269,130.8067,342.9,1.1,1.1,2014-11-02,0507,Aqua,MODIS,87,6.2,307.9,37.5,D,0
-12.8978,132.8369,350.3,1.4,1.2,2014-11-02,0507,Aqua,MODIS,85,6.2,304.5,72.2,D,0
-11.8104,130.8952,337.8,1.1,1.1,2014-11-02,0507,Aqua,MODIS,88,6.2,312.3,23.6,D,0
-11.8059,130.8992,331,1.1,1.1,2014-11-02,0507,Aqua,MODIS,11,6.2,312,13,D,0
-11.7964,130.8977,336.9,1.1,1.1,2014-11-02,0507,Aqua,MODIS,70,6.2,311.3,23.7,D,0
-11.7869,130.8962,375.3,1.1,1.1,2014-11-02,0507,Aqua,MODIS,100,6.2,313.8,139.7,D,0
-11.8119,130.885,333.1,1.1,1.1,2014-11-02,0507,Aqua,MODIS,75,6.2,311.7,16.6,D,0
-11.8074,130.889,333.5,1.1,1.1,2014-11-02,0507,Aqua,MODIS,57,6.2,312.6,17.3,D,0
-11.7884,130.8859,339.9,1.1,1.1,2014-11-02,0507,Aqua,MODIS,82,6.2,309.9,29.6,D,0
-34.4575,150.8851,301.2,1,1,2014-11-02,1247,Terra,MODIS,39,6.2,286,6.7,N,2
-31.0665,152.1527,306.6,1.1,1,2014-11-02,1248,Terra,MODIS,68,6.2,281.1,12,N,0
-31.0682,152.1419,301.8,1.1,1,2014-11-02,1248,Terra,MODIS,44,6.2,282.4,8.7,N,0
-32.722,150.4169,311.3,1,1,2014-11-02,1248,Terra,MODIS,82,6.2,282.6,12.9,N,0
-32.7205,150.4276,326.4,1,1,2014-11-02,1248,Terra,MODIS,100,6.2,284.7,27.1,N,0
-32.7295,150.4294,316.4,1,1,2014-11-02,1248,Terra,MODIS,93,6.2,284.2,17.5,N,0
-32.3804,151.4432,312.2,1,1,2014-11-02,1248,Terra,MODIS,51,6.2,284.3,12.7,N,0
-32.382,151.4324,321.3,1,1,2014-11-02,1248,Terra,MODIS,100,6.2,284.7,20.8,N,0
-32.3568,151.4207,307.6,1,1,2014-11-02,1248,Terra,MODIS,65,6.2,285.1,9.8,N,0
-31.7629,151.6346,301.3,1,1,2014-11-02,1248,Terra,MODIS,40,6.2,283.2,7.6,N,0
-32.618,151.8238,308.4,1,1,2014-11-02,1248,Terra,MODIS,74,6.2,284,11.4,N,0
-32.6997,151.8929,309.5,1,1,2014-11-02,1248,Terra,MODIS,6,6.2,285,10.4,N,0
-32.8382,151.46,304.3,1,1,2014-11-02,1248,Terra,MODIS,59,6.2,284.5,8.5,N,0
-32.9006,150.5197,308.5,1,1,2014-11-02,1248,Terra,MODIS,75,6.2,283.8,11.6,N,0
-23.3383,147.8283,324,1,1,2014-11-02,1250,Terra,MODIS,67,6.2,286.2,23,N,0
-23.0861,146.2788,302.8,1.1,1,2014-11-02,1250,Terra,MODIS,51,6.2,290,4.5,N,0
-19.4077,142.6842,313,1.6,1.2,2014-11-02,1251,Terra,MODIS,86,6.2,292.7,17.1,N,0
-19.4189,142.6857,326.4,1.6,1.2,2014-11-02,1251,Terra,MODIS,100,6.2,295.8,40.3,N,0
-19.4207,142.6705,314.1,1.6,1.2,2014-11-02,1251,Terra,MODIS,74,6.2,294.8,16.1,N,0
-19.4184,142.692,318.7,1.6,1.2,2014-11-02,1251,Terra,MODIS,97,6.2,295.3,23.9,N,0
-19.4296,142.6935,308.3,1.6,1.2,2014-11-02,1251,Terra,MODIS,73,6.2,294.6,8.8,N,0
-19.4089,142.6753,311.6,1.6,1.2,2014-11-02,1251,Terra,MODIS,47,6.2,293.6,12.3,N,0
-19.4201,142.6768,330.5,1.6,1.2,2014-11-02,1251,Terra,MODIS,100,6.2,295.9,49.2,N,0
-17.1401,142.9427,315.3,1.4,1.2,2014-11-02,1252,Terra,MODIS,37,6.2,291.4,22.3,N,0
-16.9528,142.8917,309,1.4,1.2,2014-11-02,1252,Terra,MODIS,34,6.2,283.9,12.2,N,0
-16.9405,142.9036,313.2,1.4,1.2,2014-11-02,1252,Terra,MODIS,37,6.2,289.3,15.2,N,0
-16.9283,142.9155,317.6,1.4,1.2,2014-11-02,1252,Terra,MODIS,9,6.2,294,19.6,N,0
-16.9299,142.9022,316.6,1.4,1.2,2014-11-02,1252,Terra,MODIS,41,6.2,291.1,19,N,0
-16.9241,142.9091,314.3,1.4,1.2,2014-11-02,1252,Terra,MODIS,44,6.2,292.4,15.4,N,0
-17.9244,143.0766,312.4,1.4,1.2,2014-11-02,1252,Terra,MODIS,49,6.2,295.9,11.4,N,0
-17.926,143.0631,310,1.4,1.2,2014-11-02,1252,Terra,MODIS,40,6.2,295.8,9.9,N,0
-17.9138,143.0752,334.9,1.4,1.2,2014-11-02,1252,Terra,MODIS,100,6.2,297.8,52.4,N,0
-17.9154,143.0617,312.2,1.4,1.2,2014-11-02,1252,Terra,MODIS,38,6.2,295.9,11.9,N,0
-17.9015,143.0872,320.6,1.4,1.2,2014-11-02,1252,Terra,MODIS,55,6.2,295.9,25.9,N,0
-17.9081,143.0819,326.6,1.4,1.2,2014-11-02,1252,Terra,MODIS,83,6.2,297,36.3,N,0
-17.9098,143.0685,322.6,1.4,1.2,2014-11-02,1252,Terra,MODIS,73,6.2,296.3,29.1,N,0
-16.4106,144.8355,307.1,1.1,1,2014-11-02,1252,Terra,MODIS,27,6.2,293.8,6,N,0
-17.0026,142.3896,309.7,1.5,1.2,2014-11-02,1252,Terra,MODIS,74,6.2,297.4,9.3,N,0
-16.5071,142.8014,313.5,1.4,1.2,2014-11-02,1252,Terra,MODIS,59,6.2,297.4,11.6,N,0
-12.7265,142.399,320.7,1.4,1.2,2014-11-02,1253,Terra,MODIS,100,6.2,295.7,26.2,N,0
-12.7281,142.3867,307.6,1.4,1.2,2014-11-02,1253,Terra,MODIS,70,6.2,295.5,9.4,N,0
-13.8946,141.5752,345.1,1.6,1.2,2014-11-02,1253,Terra,MODIS,100,6.2,294.9,102,N,0
-14.5534,144.6015,305.3,1.1,1,2014-11-02,1253,Terra,MODIS,49,6.2,295.3,6.2,N,0
-12.717,142.3089,308.7,1.4,1.2,2014-11-02,1253,Terra,MODIS,74,6.2,295.2,10.9,N,0
-12.369,142.8758,305.1,1.3,1.1,2014-11-02,1253,Terra,MODIS,45,6.2,294.3,5.7,N,0
-12.3789,142.8772,305.3,1.3,1.1,2014-11-02,1253,Terra,MODIS,32,6.2,294.7,5.8,N,0
-14.5958,141.9079,309.7,1.5,1.2,2014-11-02,1253,Terra,MODIS,78,6.2,295.3,12.4,N,0
-14.6086,141.895,311.4,1.6,1.2,2014-11-02,1253,Terra,MODIS,77,6.2,295.6,14.1,N,0
-12.5595,141.9019,305.4,1.4,1.2,2014-11-02,1253,Terra,MODIS,60,6.2,294.9,7.3,N,0
-12.6709,142.7473,309.1,1.3,1.1,2014-11-02,1253,Terra,MODIS,75,6.2,294.8,10,N,0
-15.0113,145.0773,313.7,1.1,1,2014-11-02,1253,Terra,MODIS,87,6.2,295.3,12.2,N,0
-12.6693,142.759,306.2,1.3,1.1,2014-11-02,1253,Terra,MODIS,61,6.2,294.5,7.2,N,0
-15.4869,142.6178,310,1.4,1.2,2014-11-02,1253,Terra,MODIS,69,6.2,296,9.1,N,0
-15.4729,142.6427,312.3,1.4,1.2,2014-11-02,1253,Terra,MODIS,36,6.2,296.1,11,N,0
-15.4912,142.6241,331,1.4,1.2,2014-11-02,1253,Terra,MODIS,100,6.2,296.7,43.8,N,0
-15.313,142.7602,310.7,1.4,1.2,2014-11-02,1253,Terra,MODIS,78,6.2,296.1,10.8,N,0
-15.4896,142.6373,326.8,1.4,1.2,2014-11-02,1253,Terra,MODIS,100,6.2,296.4,34.1,N,0
-15.5034,142.6123,319.3,1.4,1.2,2014-11-02,1253,Terra,MODIS,98,6.2,296.5,22.3,N,0
-15.1909,142.7835,321.2,1.4,1.2,2014-11-02,1253,Terra,MODIS,100,6.2,295.9,25.9,N,0
-15.3025,142.7588,339.1,1.4,1.2,2014-11-02,1253,Terra,MODIS,100,6.2,297.2,62.3,N,0
-15.4958,142.6324,327.6,1.4,1.2,2014-11-02,1253,Terra,MODIS,100,6.2,296.7,36.1,N,0
-15.219,142.7808,306.8,1.4,1.2,2014-11-02,1253,Terra,MODIS,63,6.2,295.6,6.7,N,0
-15.2295,142.7822,310.3,1.4,1.2,2014-11-02,1253,Terra,MODIS,76,6.2,295.8,10.4,N,0
-15.2956,142.7651,320.3,1.4,1.2,2014-11-02,1253,Terra,MODIS,100,6.2,296.5,23.1,N,0
-15.5018,142.6255,311.4,1.4,1.2,2014-11-02,1253,Terra,MODIS,76,6.2,296.3,10.7,N,0
-15.2972,142.7522,315.6,1.4,1.2,2014-11-02,1253,Terra,MODIS,90,6.2,296.4,16.2,N,0
-15.292,142.7573,315.9,1.4,1.2,2014-11-02,1253,Terra,MODIS,91,6.2,296.3,17,N,0
-15.4992,142.606,311.6,1.4,1.2,2014-11-02,1253,Terra,MODIS,80,6.2,296,11.7,N,0
-15.4134,142.688,320.7,1.4,1.2,2014-11-02,1253,Terra,MODIS,100,6.2,296.3,22.6,N,0
-15.415,142.6749,328.5,1.4,1.2,2014-11-02,1253,Terra,MODIS,100,6.2,296.5,36.5,N,0
-15.1965,142.7907,310.9,1.4,1.2,2014-11-02,1253,Terra,MODIS,74,6.2,295.8,10.6,N,0
-15.2013,142.7849,312.5,1.4,1.2,2014-11-02,1253,Terra,MODIS,83,6.2,295.9,13.3,N,0
-15.3041,142.7459,312.1,1.4,1.2,2014-11-02,1253,Terra,MODIS,82,6.2,296.1,12,N,0
-15.1981,142.7779,318.6,1.4,1.2,2014-11-02,1253,Terra,MODIS,97,6.2,295.9,20.7,N,0
-15.2851,142.7637,310.3,1.4,1.2,2014-11-02,1253,Terra,MODIS,68,6.2,296.1,9.9,N,0
-15.4256,142.6764,339.7,1.4,1.2,2014-11-02,1253,Terra,MODIS,100,6.2,297.1,62.8,N,0
-15.4975,142.6192,321.4,1.4,1.2,2014-11-02,1253,Terra,MODIS,100,6.2,296.5,25.4,N,0
-15.4928,142.6109,308.9,1.4,1.2,2014-11-02,1253,Terra,MODIS,72,6.2,295.9,8.4,N,0
-15.3338,145.2683,304.3,1,1,2014-11-02,1253,Terra,MODIS,59,6.2,293.8,5.9,N,0
-15.4852,142.631,326.1,1.4,1.2,2014-11-02,1253,Terra,MODIS,100,6.2,296.5,33,N,0
-15.2746,142.7623,306.2,1.4,1.2,2014-11-02,1253,Terra,MODIS,59,6.2,295.9,6.3,N,0
-32.7118,151.8975,305.2,3.4,1.7,2014-11-02,1424,Aqua,MODIS,24,6.2,283.9,58.9,N,0
-29.647,130.7529,302.6,1.6,1.3,2014-11-02,1427,Terra,MODIS,50,6.2,286.7,12.5,N,0
-26.1036,125.7769,311.2,1,1,2014-11-02,1428,Terra,MODIS,82,6.2,295,9.8,N,0
-28.2529,125.8069,306.2,1,1,2014-11-02,1428,Terra,MODIS,67,6.2,290.4,7.1,N,0
-28.2423,125.8155,307,1,1,2014-11-02,1428,Terra,MODIS,70,6.2,292,7.5,N,0
-26.1052,125.7666,309.4,1,1,2014-11-02,1428,Terra,MODIS,77,6.2,294.1,8.4,N,0
-27.2407,126.3999,312.6,1.1,1,2014-11-02,1428,Terra,MODIS,85,6.2,293.8,12.4,N,0
-27.2869,126.4091,313.6,1.1,1,2014-11-02,1428,Terra,MODIS,87,6.2,295.2,12.2,N,0
-27.2734,126.3734,306.9,1.1,1,2014-11-02,1428,Terra,MODIS,70,6.2,294,7.5,N,0
-27.2962,126.411,308,1.1,1,2014-11-02,1428,Terra,MODIS,73,6.2,294.2,8.4,N,0
-26.58,124.0889,306.3,1,1,2014-11-02,1428,Terra,MODIS,67,6.2,295,5.8,N,0
-26.5918,124.0703,310.2,1,1,2014-11-02,1428,Terra,MODIS,70,6.2,295.3,7.9,N,0
-24.6335,127.3682,331.8,1.3,1.1,2014-11-02,1429,Terra,MODIS,100,6.2,298.6,39.2,N,0
-24.6355,127.3559,312.4,1.3,1.1,2014-11-02,1429,Terra,MODIS,35,6.2,297.5,11,N,0
-24.6235,127.3661,313.1,1.3,1.1,2014-11-02,1429,Terra,MODIS,53,6.2,297.3,11.7,N,0
-24.6115,127.3764,309.6,1.3,1.1,2014-11-02,1429,Terra,MODIS,74,6.2,297,8.9,N,0
-21.2645,133.4558,301.9,3.8,1.8,2014-11-02,1429,Terra,MODIS,45,6.2,290.2,28.6,N,0
-21.2483,133.4518,305.3,3.8,1.8,2014-11-02,1429,Terra,MODIS,64,6.2,290.1,42.6,N,0
-23.2501,118.607,309.6,1.6,1.3,2014-11-02,1429,Terra,MODIS,73,6.2,298.6,13.3,N,0
-24.6191,129.458,316.2,1.7,1.3,2014-11-02,1429,Terra,MODIS,93,6.2,294.5,27.9,N,0
-24.6222,129.441,316.3,1.7,1.3,2014-11-02,1429,Terra,MODIS,93,6.2,294.8,27.8,N,0
-22.3725,129.5416,304.7,1.9,1.3,2014-11-02,1429,Terra,MODIS,61,6.2,293.5,13.7,N,0
-23.8365,128.0073,309.1,1.4,1.2,2014-11-02,1429,Terra,MODIS,64,6.2,295.6,11.4,N,0
-23.8236,128.0189,308.2,1.4,1.2,2014-11-02,1429,Terra,MODIS,68,6.2,295.2,10.6,N,0
-23.7962,128.1136,306.8,1.4,1.2,2014-11-02,1429,Terra,MODIS,69,6.2,294.7,10.2,N,0
-23.8312,128.1645,306.2,1.4,1.2,2014-11-02,1429,Terra,MODIS,24,6.2,294.6,9.6,N,0
-22.792,123.3262,308.1,1,1,2014-11-02,1429,Terra,MODIS,71,6.2,296.2,5.5,N,0
-22.7933,123.3164,316.6,1,1,2014-11-02,1429,Terra,MODIS,93,6.2,298.1,12.1,N,0
-22.7912,123.2663,308.9,1,1,2014-11-02,1429,Terra,MODIS,74,6.2,296.1,6.5,N,0
-22.0279,124.098,360.1,1,1,2014-11-02,1429,Terra,MODIS,100,6.2,302.6,83.3,N,0
-22.0084,124.1046,311.7,1,1,2014-11-02,1429,Terra,MODIS,74,6.2,299.5,6.6,N,0
-23.3606,122.2632,325.8,1,1,2014-11-02,1429,Terra,MODIS,100,6.2,299,22.2,N,0
-23.3619,122.2529,309.7,1,1,2014-11-02,1429,Terra,MODIS,78,6.2,298.2,6.8,N,0
-23.0558,124.5533,316.2,1,1,2014-11-02,1429,Terra,MODIS,92,6.2,299.1,10.1,N,0
-23.0332,124.5798,335.5,1,1,2014-11-02,1429,Terra,MODIS,100,6.2,301.3,32.8,N,0
-23.3514,122.2617,337.9,1,1,2014-11-02,1429,Terra,MODIS,100,6.2,299.7,39.2,N,0
-23.3527,122.2514,322.1,1,1,2014-11-02,1429,Terra,MODIS,100,6.2,298.3,17.8,N,0
-23.3421,122.2602,347.2,1,1,2014-11-02,1429,Terra,MODIS,100,6.2,300.6,57.1,N,0
-23.3435,122.25,320.7,1,1,2014-11-02,1429,Terra,MODIS,100,6.2,297.4,16.7,N,0
-23.3329,122.2588,323.3,1,1,2014-11-02,1429,Terra,MODIS,100,6.2,297.7,19.8,N,0
-23.0212,124.598,316.2,1,1,2014-11-02,1429,Terra,MODIS,92,6.2,299.8,10.1,N,0
-22.8029,122.1066,323.2,1.1,1,2014-11-02,1429,Terra,MODIS,100,6.2,298.2,19.8,N,0
-23.0227,124.5881,393.3,1,1,2014-11-02,1429,Terra,MODIS,100,6.2,307.6,217.3,N,0
-23.0785,124.8293,310.5,1,1,2014-11-02,1429,Terra,MODIS,72,6.2,296.3,5.8,N,0
-25.1546,121.5496,304.9,1.2,1.1,2014-11-02,1429,Terra,MODIS,24,6.2,292.9,5.1,N,0
-23.0241,124.5782,393.8,1,1,2014-11-02,1429,Terra,MODIS,100,6.2,305.7,220.2,N,0
-23.0121,124.5964,333,1,1,2014-11-02,1429,Terra,MODIS,100,6.2,299.5,28.9,N,0
-23.3574,122.3565,308.2,1,1,2014-11-02,1429,Terra,MODIS,50,6.2,296.5,6,N,0
-23.3666,122.358,310.8,1,1,2014-11-02,1429,Terra,MODIS,76,6.2,297.3,8.2,N,0
-23.3852,122.5528,308.8,1,1,2014-11-02,1429,Terra,MODIS,75,6.2,297,6.7,N,0
-22.0174,124.1062,325.4,1,1,2014-11-02,1429,Terra,MODIS,100,6.2,300.3,19.4,N,0
-23.045,124.5006,309.4,1,1,2014-11-02,1429,Terra,MODIS,76,6.2,298.9,5.3,N,0
-23.0528,124.5731,310.4,1,1,2014-11-02,1429,Terra,MODIS,73,6.2,299.1,5.2,N,0
-23.0543,124.5632,345.4,1,1,2014-11-02,1429,Terra,MODIS,100,6.2,300.2,49.8,N,0
-23.0679,124.8377,323,1,1,2014-11-02,1429,Terra,MODIS,100,6.2,298.1,17.1,N,0
-22.0427,124.0605,319.9,1,1,2014-11-02,1429,Terra,MODIS,99,6.2,301.3,13.3,N,0
-22.0265,124.1078,319.6,1,1,2014-11-02,1429,Terra,MODIS,99,6.2,299.7,13.2,N,0
-22.1201,123.97,310,1,1,2014-11-02,1429,Terra,MODIS,79,6.2,299,6.2,N,0
-23.0136,124.5865,337.9,1,1,2014-11-02,1429,Terra,MODIS,100,6.2,299.4,36.2,N,0
-23.0603,124.826,320.4,1,1,2014-11-02,1429,Terra,MODIS,100,6.2,298.8,15,N,0
-23.08,124.8193,307.9,1,1,2014-11-02,1429,Terra,MODIS,56,6.2,291,3.7,N,0
-22.9924,124.485,323.6,1,1,2014-11-02,1429,Terra,MODIS,100,6.2,299,18.8,N,0
-22.9909,124.4949,332.1,1,1,2014-11-02,1429,Terra,MODIS,100,6.2,299.1,29.3,N,0
-23.0178,124.4958,310.2,1,1,2014-11-02,1429,Terra,MODIS,78,6.2,298.8,5.9,N,0
-23.0163,124.5056,309.2,1,1,2014-11-02,1429,Terra,MODIS,75,6.2,298.5,5.2,N,0
-25.2242,121.4665,315.2,1.2,1.1,2014-11-02,1429,Terra,MODIS,31,6.2,291.6,16,N,0
-25.3346,121.3952,326.8,1.2,1.1,2014-11-02,1429,Terra,MODIS,100,6.2,296.2,28.6,N,0
-23.5502,124.2565,308.5,1,1,2014-11-02,1429,Terra,MODIS,32,6.2,296.5,7,N,0
-24.1701,123.7176,310.9,1,1,2014-11-02,1429,Terra,MODIS,81,6.2,296.9,7.9,N,0
-22.0115,127.5932,305.7,1.4,1.2,2014-11-02,1429,Terra,MODIS,65,6.2,295.6,9.1,N,0
-25.2227,121.4781,318,1.2,1.1,2014-11-02,1429,Terra,MODIS,92,6.2,296.3,17.7,N,0
-25.3361,121.3835,346.3,1.2,1.1,2014-11-02,1429,Terra,MODIS,100,6.2,297.1,66.9,N,0
-25.3459,121.385,308.1,1.2,1.1,2014-11-02,1429,Terra,MODIS,73,6.2,296.5,7.8,N,0
-23.4126,122.5572,306.9,1,1,2014-11-02,1429,Terra,MODIS,70,6.2,296.2,5.5,N,0
-23.956,123.2804,338.5,1,1,2014-11-02,1429,Terra,MODIS,100,6.2,299.6,39.1,N,0
-23.9574,123.2705,360.7,1,1,2014-11-02,1429,Terra,MODIS,100,6.2,301.6,86.6,N,0
-22.9879,124.5717,309.5,1,1,2014-11-02,1429,Terra,MODIS,76,6.2,298.8,5.1,N,0
-23.947,123.2788,344.8,1,1,2014-11-02,1429,Terra,MODIS,100,6.2,300.3,49.7,N,0
-23.9483,123.269,338.4,1,1,2014-11-02,1429,Terra,MODIS,100,6.2,299.3,38.6,N,0
-24.1459,123.6933,309,1,1,2014-11-02,1429,Terra,MODIS,75,6.2,296.7,6.6,N,0
-22.8316,122.1736,314.6,1,1,2014-11-02,1429,Terra,MODIS,90,6.2,298.7,10.4,N,0
-23.9185,123.2842,319.2,1,1,2014-11-02,1429,Terra,MODIS,98,6.2,298.3,14.2,N,0
-23.9171,123.294,321.6,1,1,2014-11-02,1429,Terra,MODIS,100,6.2,298.2,16.8,N,0
-23.9289,123.2758,310.7,1,1,2014-11-02,1429,Terra,MODIS,80,6.2,297.9,7,N,0
-23.9275,123.2857,331.3,1,1,2014-11-02,1429,Terra,MODIS,100,6.2,299.1,28,N,0
-25.2324,121.4796,312.2,1.2,1.1,2014-11-02,1429,Terra,MODIS,75,6.2,296.7,12.2,N,0
-23.8125,123.4513,307.7,1,1,2014-11-02,1429,Terra,MODIS,71,6.2,296.7,6,N,0
-20.2833,123.2552,308.9,1,1,2014-11-02,1430,Terra,MODIS,23,6.2,298.1,4.8,N,0
-20.2986,123.2773,308.8,1,1,2014-11-02,1430,Terra,MODIS,70,6.2,298,5.3,N,0
-20.2473,123.2492,308.8,1,1,2014-11-02,1430,Terra,MODIS,58,6.2,298,5.2,N,0
-20.6226,123.7653,310.3,1,1,2014-11-02,1430,Terra,MODIS,75,6.2,298.8,6.7,N,0
-17.4321,128.3335,307.5,1.9,1.4,2014-11-02,1430,Terra,MODIS,12,6.2,295.5,14,N,0
-20.976,123.6164,318.9,1,1,2014-11-02,1430,Terra,MODIS,97,6.2,298.7,13,N,0
-20.9774,123.6067,379.4,1,1,2014-11-02,1430,Terra,MODIS,100,6.2,303.5,148.1,N,0
-20.2487,123.2397,322,1,1,2014-11-02,1430,Terra,MODIS,100,6.2,298.5,16.4,N,0
-20.624,123.7556,322.1,1,1,2014-11-02,1430,Terra,MODIS,100,6.2,299.4,17.2,N,0
-20.8119,124.1692,332.9,1,1,2014-11-02,1430,Terra,MODIS,78,6.2,297.4,31.3,N,0
-20.9576,124.1765,328,1,1,2014-11-02,1430,Terra,MODIS,99,6.2,297,25,N,0
-20.9561,124.1863,317.1,1,1,2014-11-02,1430,Terra,MODIS,40,6.2,294.2,13.1,N,0
-20.2411,123.2286,308.1,1,1,2014-11-02,1430,Terra,MODIS,67,6.2,297.8,5,N,0
-17.4352,128.3161,309.2,1.9,1.4,2014-11-02,1430,Terra,MODIS,26,6.2,295.4,16.7,N,0
-20.985,123.6179,348.8,1,1,2014-11-02,1430,Terra,MODIS,100,6.2,300.8,57.2,N,0
-20.2626,123.2713,321.5,1,1,2014-11-02,1430,Terra,MODIS,100,6.2,298.3,15.4,N,0
-20.9788,123.5971,344.3,1,1,2014-11-02,1430,Terra,MODIS,100,6.2,301.2,47.2,N,0
-20.9801,123.5875,332.3,1,1,2014-11-02,1430,Terra,MODIS,100,6.2,300.2,27.7,N,0
-20.9815,123.5779,326.7,1,1,2014-11-02,1430,Terra,MODIS,100,6.2,299.3,20.7,N,0
-20.9843,123.5586,308.9,1,1,2014-11-02,1430,Terra,MODIS,37,6.2,298.3,4.8,N,0
-20.2702,123.2823,311.7,1,1,2014-11-02,1430,Terra,MODIS,80,6.2,298.1,7.4,N,0
-20.9697,123.5956,351.8,1,1,2014-11-02,1430,Terra,MODIS,100,6.2,300.8,62.3,N,0
-20.9725,123.5764,332.4,1,1,2014-11-02,1430,Terra,MODIS,100,6.2,300,27.1,N,0
-20.9739,123.5667,323.3,1,1,2014-11-02,1430,Terra,MODIS,98,6.2,298.9,16.1,N,0
-20.9864,123.6083,319.9,1,1,2014-11-02,1430,Terra,MODIS,99,6.2,299.6,14.4,N,0
-20.2716,123.2728,308.7,1,1,2014-11-02,1430,Terra,MODIS,57,6.2,298.1,4.8,N,0
-20.9683,123.6052,323.8,1,1,2014-11-02,1430,Terra,MODIS,100,6.2,299,17.7,N,0
-18.331,129.5692,306.4,2.3,1.5,2014-11-02,1430,Terra,MODIS,68,6.2,291.7,21.3,N,0
-20.9621,123.5845,321.5,1,1,2014-11-02,1430,Terra,MODIS,100,6.2,299.4,14.5,N,0
-20.9545,123.5733,316.2,1,1,2014-11-02,1430,Terra,MODIS,92,6.2,298.8,10.2,N,0
-20.9469,123.5622,308.4,1,1,2014-11-02,1430,Terra,MODIS,25,6.2,298.2,4.5,N,0
-20.2688,123.2919,311,1,1,2014-11-02,1430,Terra,MODIS,77,6.2,297.9,6.8,N,0
-20.6563,123.6622,313.6,1,1,2014-11-02,1430,Terra,MODIS,85,6.2,298.7,9.3,N,0
-18.3087,128.9638,306.6,2.1,1.4,2014-11-02,1430,Terra,MODIS,68,6.2,294.2,16.6,N,0
-20.9559,123.5637,309,1,1,2014-11-02,1430,Terra,MODIS,24,6.2,298.5,4.9,N,0
-21.2897,119.6856,311.5,1.3,1.1,2014-11-02,1430,Terra,MODIS,79,6.2,299.7,10.1,N,0
-21.2794,119.6842,312.8,1.3,1.1,2014-11-02,1430,Terra,MODIS,83,6.2,299.5,11.6,N,0
-21.2999,119.6871,310.2,1.3,1.1,2014-11-02,1430,Terra,MODIS,75,6.2,299.5,8.9,N,0
-20.2296,129.8526,307.5,2.2,1.4,2014-11-02,1430,Terra,MODIS,72,6.2,294,21.8,N,0
-20.2334,129.8318,304.9,2.2,1.4,2014-11-02,1430,Terra,MODIS,62,6.2,294.3,16.1,N,0
-20.2167,129.8498,305.2,2.2,1.4,2014-11-02,1430,Terra,MODIS,50,6.2,293.6,16.5,N,0
-21.0127,123.5536,320.8,1,1,2014-11-02,1430,Terra,MODIS,100,6.2,299,15,N,0
-21.0141,123.544,316.7,1,1,2014-11-02,1430,Terra,MODIS,93,6.2,298.7,11.3,N,0
-21.0051,123.5424,322.5,1,1,2014-11-02,1430,Terra,MODIS,100,6.2,299,16.5,N,0
-21.0065,123.5328,321.2,1,1,2014-11-02,1430,Terra,MODIS,100,6.2,298.8,15.4,N,0
-20.9933,123.5602,310.2,1,1,2014-11-02,1430,Terra,MODIS,18,6.2,298.5,5.6,N,0
-20.1978,122.7606,311.1,1,1,2014-11-02,1430,Terra,MODIS,78,6.2,296.6,7.8,N,0
-20.9975,123.5313,310.8,1,1,2014-11-02,1430,Terra,MODIS,80,6.2,298.3,6.7,N,0
-20.1964,122.7701,312.5,1,1,2014-11-02,1430,Terra,MODIS,82,6.2,296.9,8.8,N,0
-20.1951,122.7796,311.8,1,1,2014-11-02,1430,Terra,MODIS,80,6.2,296.9,8.5,N,0
-21.0235,124.7262,322.7,1.1,1,2014-11-02,1430,Terra,MODIS,100,6.2,298.6,18.7,N,0
-21.0261,124.7533,310.7,1.1,1,2014-11-02,1430,Terra,MODIS,74,6.2,297.6,6.7,N,0
-18.7588,123.5513,310,1,1,2014-11-02,1430,Terra,MODIS,73,6.2,297.8,6.9,N,0
-17.9203,123.3121,315.6,1,1,2014-11-02,1431,Terra,MODIS,90,6.2,294.6,11.9,N,0
-13.3443,130.5939,309.7,3.5,1.8,2014-11-02,1431,Terra,MODIS,76,6.2,291,46.9,N,0
-17.9112,123.3106,329,1,1,2014-11-02,1431,Terra,MODIS,100,6.2,295.3,26,N,0
-17.9126,123.3011,325.7,1,1,2014-11-02,1431,Terra,MODIS,100,6.2,295.1,21.9,N,0
-16.213,124.8724,306.3,1.2,1.1,2014-11-02,1431,Terra,MODIS,33,6.2,296,5.3,N,0
-16.1417,124.815,307.2,1.2,1.1,2014-11-02,1431,Terra,MODIS,41,6.2,296,5.8,N,0
-16.2032,124.8708,308,1.2,1.1,2014-11-02,1431,Terra,MODIS,69,6.2,296.2,7.1,N,0
-16.3035,123.9618,309.6,1.1,1,2014-11-02,1431,Terra,MODIS,72,6.2,297.2,6.6,N,0
-16.5428,131.4045,323.3,3.4,1.7,2014-11-02,1431,Terra,MODIS,100,6.2,283.7,109.7,N,0
-16.5272,131.4015,311.1,3.4,1.7,2014-11-02,1431,Terra,MODIS,25,6.2,288.7,42.9,N,0
-16.5488,131.4005,312.7,3.4,1.7,2014-11-02,1431,Terra,MODIS,85,6.2,283.2,53.2,N,0
-16.5333,131.3973,323.9,3.4,1.7,2014-11-02,1431,Terra,MODIS,100,6.2,288.7,112.5,N,0
-16.5082,131.3595,310.4,3.4,1.7,2014-11-02,1431,Terra,MODIS,32,6.2,288,40.3,N,0
-16.4986,131.3251,306.3,3.4,1.7,2014-11-02,1431,Terra,MODIS,26,6.2,285.9,26.4,N,0
-16.4984,131.3509,306.9,3.4,1.7,2014-11-02,1431,Terra,MODIS,34,6.2,285.8,29.2,N,0
-14.9292,127.5966,306,1.9,1.4,2014-11-02,1431,Terra,MODIS,66,6.2,291.9,13.2,N,0
-16.9621,126.0142,308.8,1.4,1.2,2014-11-02,1431,Terra,MODIS,7,6.2,298.7,8,N,0
-16.9566,126.0072,313.9,1.4,1.2,2014-11-02,1431,Terra,MODIS,49,6.2,299.1,11.4,N,0
-14.1833,127.2202,312.6,1.9,1.3,2014-11-02,1431,Terra,MODIS,54,6.2,285,24.5,N,0
-13.5734,130.0887,308.4,3.1,1.7,2014-11-02,1431,Terra,MODIS,74,6.2,290,40.7,N,0
-13.5757,130.0826,308.5,3.1,1.7,2014-11-02,1431,Terra,MODIS,74,6.2,290,41.4,N,0
-14.0942,127.311,320.3,1.9,1.3,2014-11-02,1431,Terra,MODIS,100,6.2,273.6,45.2,N,0
-15.5749,128.2568,310.9,2.1,1.4,2014-11-02,1431,Terra,MODIS,80,6.2,293.8,21.1,N,0
-16.9538,125.9997,312.4,1.4,1.2,2014-11-02,1431,Terra,MODIS,65,6.2,299,11.2,N,0
-14.0822,127.3088,300.7,1.9,1.3,2014-11-02,1431,Terra,MODIS,12,6.2,275,9.4,N,0
-17.1934,124.8262,325.1,1.2,1.1,2014-11-02,1431,Terra,MODIS,100,6.2,296.4,24.7,N,0
-14.9261,127.6143,305.6,1.9,1.4,2014-11-02,1431,Terra,MODIS,65,6.2,292.5,12.5,N,0
-14.1515,127.3393,300.3,1.9,1.3,2014-11-02,1431,Terra,MODIS,12,6.2,277.8,11.3,N,0
-14.9226,127.6069,306.7,1.9,1.4,2014-11-02,1431,Terra,MODIS,69,6.2,291.8,15.3,N,0
-17.1917,124.8371,313.6,1.2,1.1,2014-11-02,1431,Terra,MODIS,85,6.2,295.7,11.1,N,0
-16.9254,126.0018,308.9,1.4,1.2,2014-11-02,1431,Terra,MODIS,24,6.2,298.3,7.1,N,0
-14.1882,127.2268,309.2,1.9,1.3,2014-11-02,1431,Terra,MODIS,48,6.2,282,20.1,N,0
-15.5751,128.2633,308.3,2.1,1.4,2014-11-02,1431,Terra,MODIS,73,6.2,293.7,16.6,N,0
-14.4876,131.5348,310.2,3.9,1.8,2014-11-02,1431,Terra,MODIS,78,6.2,291.5,55.5,N,0
-14.4998,131.5062,304.2,3.8,1.8,2014-11-02,1431,Terra,MODIS,55,6.2,290.4,27,N,0
-14.493,131.5412,307.9,3.9,1.8,2014-11-02,1431,Terra,MODIS,71,6.2,291.2,43.7,N,0
-14.3627,130.8683,302.5,3.5,1.8,2014-11-02,1431,Terra,MODIS,41,6.2,289.7,19.5,N,0
-14.3675,131.5045,303.8,3.9,1.8,2014-11-02,1431,Terra,MODIS,51,6.2,291,23.9,N,0
-11.0461,142.5447,306.1,1,1,2014-11-02,1556,Aqua,MODIS,10,6.2,287.3,5.2,N,0
-11.0489,142.563,309.6,1,1,2014-11-02,1556,Aqua,MODIS,67,6.2,287.4,8.4,N,0
-11.0475,142.5539,318.4,1,1,2014-11-02,1556,Aqua,MODIS,96,6.2,287.4,15.3,N,0
-14.2732,133.3148,307.7,3.4,1.7,2014-11-02,1557,Aqua,MODIS,50,6.2,293.2,32.3,N,0
-14.2751,133.3424,315.4,3.4,1.7,2014-11-02,1557,Aqua,MODIS,91,6.2,293.4,66,N,0
-12.7272,142.3968,312.5,1,1,2014-11-02,1557,Aqua,MODIS,85,6.2,294,11,N,0
-12.7285,142.406,314.4,1,1,2014-11-02,1557,Aqua,MODIS,89,6.2,293.8,12.4,N,0
-14.5263,144.5661,316.6,1.1,1.1,2014-11-02,1557,Aqua,MODIS,94,6.2,295.9,16,N,0
-14.5988,141.9139,312.2,1,1,2014-11-02,1557,Aqua,MODIS,84,6.2,295.7,8.9,N,0
-14.6036,141.8847,325.3,1,1,2014-11-02,1557,Aqua,MODIS,100,6.2,296.3,21.3,N,0
-14.6126,141.8833,325.3,1,1,2014-11-02,1557,Aqua,MODIS,100,6.2,296.2,21.3,N,0
-14.2789,133.3462,314.7,3.4,1.7,2014-11-02,1557,Aqua,MODIS,89,6.2,293.3,61.7,N,0
-12.6694,142.7547,306.3,1,1,2014-11-02,1557,Aqua,MODIS,68,6.2,293.3,5.9,N,0
-12.6681,142.7456,304.2,1,1,2014-11-02,1557,Aqua,MODIS,45,6.2,293.7,4.4,N,0
-13.0829,133.0434,305.5,3.8,1.8,2014-11-02,1557,Aqua,MODIS,64,6.2,292.3,28.6,N,0
-15.4875,142.6367,316,1,1,2014-11-02,1557,Aqua,MODIS,87,6.2,294.9,10.4,N,0
-15.4555,142.6701,310.6,1,1,2014-11-02,1557,Aqua,MODIS,47,6.2,294.9,6.4,N,0
-15.4465,142.6715,310.7,1,1,2014-11-02,1557,Aqua,MODIS,58,6.2,295,6.8,N,0
-15.2943,142.764,306.4,1,1,2014-11-02,1557,Aqua,MODIS,23,6.2,294.8,4.4,N,0
-15.4375,142.6729,306.4,1,1,2014-11-02,1557,Aqua,MODIS,50,6.2,294.8,4.3,N,0
-15.2853,142.7654,306.4,1,1,2014-11-02,1557,Aqua,MODIS,23,6.2,294.8,4.4,N,0
-15.4938,142.6167,306.5,1,1,2014-11-02,1557,Aqua,MODIS,24,6.2,294.8,4.2,N,0
-19.8978,143.9765,302.6,1.2,1.1,2014-11-02,1558,Aqua,MODIS,50,6.2,292.1,5,N,0
-14.7219,131.2958,308.4,4.7,2,2014-11-02,1558,Aqua,MODIS,74,6.2,285.2,70.7,N,0
-14.7077,131.3075,308.2,4.7,2,2014-11-02,1558,Aqua,MODIS,45,6.2,287,63.5,N,0
-16.505,142.8082,303.5,1,1,2014-11-02,1558,Aqua,MODIS,25,6.2,290.7,5.9,N,0
-18.7832,141.5743,333.2,1,1,2014-11-02,1558,Aqua,MODIS,83,6.2,285.3,31.5,N,0
-16.9583,126.0241,307.4,3.3,1.7,2014-11-02,1736,Aqua,MODIS,71,6.2,294.6,32.7,N,0
-20.2492,125.7514,319.8,3.4,1.7,2014-11-02,1737,Aqua,MODIS,99,6.2,294.8,98.3,N,0
-20.2405,125.7596,312.6,3.4,1.7,2014-11-02,1737,Aqua,MODIS,85,6.2,294.8,61.5,N,0
-20.2563,125.7582,313.4,3.4,1.7,2014-11-02,1737,Aqua,MODIS,87,6.2,294.7,65,N,0
-20.2334,125.7529,306.9,3.4,1.7,2014-11-02,1737,Aqua,MODIS,70,6.2,294.4,38.6,N,0
-23.3913,122.5781,306.1,2.2,1.4,2014-11-02,1738,Aqua,MODIS,44,6.2,294.7,15.8,N,0
-23.0763,124.8196,318,3.2,1.7,2014-11-02,1738,Aqua,MODIS,96,6.2,294.2,74.5,N,0
-22.1425,123.9631,307.9,2.7,1.6,2014-11-02,1738,Aqua,MODIS,73,6.2,294.4,25.5,N,0
-22.1358,123.9423,320.7,2.7,1.6,2014-11-02,1738,Aqua,MODIS,100,6.2,294.2,69.1,N,0
-22.1401,123.937,317.3,2.7,1.6,2014-11-02,1738,Aqua,MODIS,95,6.2,294.2,56.2,N,0
-23.0791,124.8511,316.4,3.2,1.7,2014-11-02,1738,Aqua,MODIS,93,6.2,294.2,67.1,N,0
-23.0637,124.8527,317.8,3.2,1.7,2014-11-02,1738,Aqua,MODIS,96,6.2,294,75.1,N,0
-23.3463,122.2627,306.3,2.1,1.4,2014-11-02,1738,Aqua,MODIS,35,6.2,293.6,15.6,N,0
-23.359,122.2612,309,2.1,1.4,2014-11-02,1738,Aqua,MODIS,76,6.2,293.9,21.5,N,0
-22.0205,124.1225,329.4,2.8,1.6,2014-11-02,1738,Aqua,MODIS,100,6.2,295.3,112.2,N,0
-22.0061,124.124,306.2,2.8,1.6,2014-11-02,1738,Aqua,MODIS,67,6.2,294.4,20.8,N,0
-23.3891,122.5564,308.5,2.2,1.4,2014-11-02,1738,Aqua,MODIS,74,6.2,294.3,21.1,N,0
-23.3568,122.3662,305.3,2.1,1.4,2014-11-02,1738,Aqua,MODIS,64,6.2,293.7,15.2,N,0
-21.266,119.6975,308.2,1.3,1.1,2014-11-02,1738,Aqua,MODIS,74,6.2,296,9.7,N,0
-24.8934,121.8034,311.2,2,1.4,2014-11-02,1739,Aqua,MODIS,82,6.2,294.1,25.7,N,0
-24.8931,121.8105,313.2,2,1.4,2014-11-02,1739,Aqua,MODIS,87,6.2,294.3,30.9,N,0
-22.1602,149.4784,317.1,2.7,1.6,2014-11-02,2346,Terra,MODIS,67,6.2,288.8,40.2,D,0
-22.1577,149.486,316,2.7,1.6,2014-11-02,2346,Terra,MODIS,57,6.2,289.4,34.6,D,0
-22.1654,149.5041,315.5,2.7,1.6,2014-11-02,2346,Terra,MODIS,64,6.2,289.6,32.9,D,0
-31.286,152.3094,316,1.2,1.1,2014-11-02,2348,Terra,MODIS,40,6.2,289.9,12.5,D,0
-29.3885,148.1391,328.9,2.3,1.5,2014-11-02,2348,Terra,MODIS,75,6.2,315.7,37.4,D,0
-29.3931,148.1436,330.5,2.3,1.5,2014-11-02,2348,Terra,MODIS,77,6.2,315.3,43.9,D,0
-29.8966,149.058,322.3,2,1.4,2014-11-02,2348,Terra,MODIS,63,6.2,308.6,18.8,D,0
-30.937,150.5322,335.2,1.5,1.2,2014-11-02,2348,Terra,MODIS,84,6.2,309.2,34.9,D,0
-32.895,150.521,311.6,1.4,1.2,2014-11-02,2349,Terra,MODIS,49,6.2,287,14.3,D,0
-32.6796,150.4191,312,1.4,1.2,2014-11-02,2349,Terra,MODIS,49,6.2,293.9,13.2,D,0
-33.3819,151.1057,306.6,1.3,1.1,2014-11-02,2349,Terra,MODIS,25,6.2,291.8,7.4,D,0
-32.7308,150.432,317.8,1.4,1.2,2014-11-02,2349,Terra,MODIS,64,6.2,292.1,22,D,0
-32.7247,150.425,317.7,1.4,1.2,2014-11-02,2349,Terra,MODIS,68,6.2,291.3,21.5,D,0
-32.7203,150.4345,313,1.4,1.2,2014-11-02,2349,Terra,MODIS,43,6.2,291.3,14.7,D,0
-32.6232,151.827,327.6,1.2,1.1,2014-11-02,2349,Terra,MODIS,44,6.2,285.5,26.2,D,0
-32.633,151.8247,324.7,1.2,1.1,2014-11-02,2349,Terra,MODIS,66,6.2,286.1,24.2,D,0
-32.7068,151.899,335.4,1.2,1.1,2014-11-02,2349,Terra,MODIS,82,6.2,292.9,40.3,D,0
-32.7072,151.893,323.5,1.2,1.1,2014-11-02,2349,Terra,MODIS,58,6.2,287.3,23.3,D,0
-32.7094,151.9056,336.7,1.2,1.1,2014-11-02,2349,Terra,MODIS,66,6.2,291.4,45,D,0
-32.7273,150.4391,313.2,1.4,1.2,2014-11-02,2349,Terra,MODIS,46,6.2,289.5,14.9,D,0
-11.528,133.406,316.7,1.1,1,2014-11-03,0121,Terra,MODIS,35,6.2,303.6,10.9,D,3
-12.7129,142.3029,313.8,2.5,1.5,2014-11-03,0121,Terra,MODIS,59,6.2,282.2,21.6,D,0
-11.0775,142.4326,316.1,2.4,1.5,2014-11-03,0121,Terra,MODIS,65,6.2,293,25.1,D,0
-11.0748,142.4109,341.9,2.4,1.5,2014-11-03,0121,Terra,MODIS,91,6.2,295.3,139.5,D,0
-12.6751,142.7436,323,2.7,1.6,2014-11-03,0121,Terra,MODIS,76,6.2,290.8,57.8,D,0
-12.7837,132.5378,350,1.2,1.1,2014-11-03,0122,Terra,MODIS,93,6.2,310.4,52.5,D,0
-12.7854,132.5486,333.1,1.2,1.1,2014-11-03,0122,Terra,MODIS,59,6.2,308.2,15.2,D,0
-13.5219,132.4784,331,1.2,1.1,2014-11-03,0122,Terra,MODIS,47,6.2,306.8,11.8,D,0
-12.067,134.7556,338.9,1,1,2014-11-03,0122,Terra,MODIS,78,6.2,309.2,22.7,D,0
-12.0746,134.7451,337.8,1,1,2014-11-03,0122,Terra,MODIS,71,6.2,310.6,20.6,D,0
-13.0977,132.9265,332,1.1,1.1,2014-11-03,0122,Terra,MODIS,66,6.2,303.7,14.2,D,0
-13.9994,135.5612,332.4,1,1,2014-11-03,0122,Terra,MODIS,50,6.2,305.9,12.1,D,0
-13.0866,132.9178,328.6,1.1,1.1,2014-11-03,0122,Terra,MODIS,40,6.2,304.2,8.8,D,0
-14.2329,133.3639,346.6,1.1,1,2014-11-03,0122,Terra,MODIS,88,6.2,310.7,34.4,D,0
-14.5578,130.7101,328.5,1.4,1.2,2014-11-03,0122,Terra,MODIS,53,6.2,301.7,18.5,D,0
-13.5863,132.5123,335.9,1.2,1.1,2014-11-03,0122,Terra,MODIS,74,6.2,309,19.4,D,0
-14.0184,135.312,340.4,1,1,2014-11-03,0122,Terra,MODIS,81,6.2,308,21.2,D,0
-14.0198,135.3213,334,1,1,2014-11-03,0122,Terra,MODIS,63,6.2,308.8,10,D,0
-14.6744,130.7919,334.3,1.4,1.2,2014-11-03,0122,Terra,MODIS,68,6.2,305.6,24.5,D,0
-14.2344,133.3735,352.6,1.1,1,2014-11-03,0122,Terra,MODIS,94,6.2,312.6,46.7,D,0
-13.4722,134.0556,330.6,1,1,2014-11-03,0122,Terra,MODIS,51,6.2,307.1,9.1,D,0
-14.5495,131.2869,332.4,1.3,1.1,2014-11-03,0122,Terra,MODIS,59,6.2,306.3,14.5,D,0
-14.2359,133.3832,340.2,1.1,1,2014-11-03,0122,Terra,MODIS,80,6.2,311,19.8,D,0
-14.7247,131.2943,333.6,1.3,1.1,2014-11-03,0122,Terra,MODIS,68,6.2,306.7,19.5,D,0
-14.7348,131.2925,336.6,1.3,1.1,2014-11-03,0122,Terra,MODIS,77,6.2,304.5,28.3,D,0
-14.7368,131.3045,328.8,1.3,1.1,2014-11-03,0122,Terra,MODIS,53,6.2,305.3,12.1,D,0
-14.3403,131.5119,336.6,1.3,1.1,2014-11-03,0122,Terra,MODIS,70,6.2,307.2,22.8,D,0
-12.4791,136.1158,331.2,1,1,2014-11-03,0122,Terra,MODIS,32,6.2,304.4,13.7,D,0
-12.4804,136.1252,333.2,1,1,2014-11-03,0122,Terra,MODIS,67,6.2,305.8,16.4,D,0
-13.0182,133.1951,328.9,1.1,1,2014-11-03,0122,Terra,MODIS,49,6.2,305,9.4,D,0
-14.6849,130.7901,329.3,1.4,1.2,2014-11-03,0122,Terra,MODIS,33,6.2,304.5,15.1,D,0
-14.0712,135.4211,339.8,1,1,2014-11-03,0122,Terra,MODIS,83,6.2,304.9,24.1,D,0
-14.3576,130.8772,331.8,1.4,1.2,2014-11-03,0122,Terra,MODIS,39,6.2,307.3,15.8,D,0
-13.601,132.6067,332,1.1,1.1,2014-11-03,0122,Terra,MODIS,43,6.2,308.7,10.1,D,0
-13.0758,133.035,331.2,1.1,1,2014-11-03,0122,Terra,MODIS,59,6.2,302.5,16.1,D,0
-14.2252,133.3749,335.3,1.1,1,2014-11-03,0122,Terra,MODIS,58,6.2,307.2,13.2,D,0
-12.0656,134.7464,336,1,1,2014-11-03,0122,Terra,MODIS,60,6.2,309.1,18.2,D,0
-14.3996,130.8039,334.6,1.4,1.2,2014-11-03,0122,Terra,MODIS,74,6.2,304.2,27.5,D,0
-13.5106,132.4693,331.2,1.2,1.1,2014-11-03,0122,Terra,MODIS,54,6.2,305.4,11.5,D,0
-14.0175,135.5585,356.8,1,1,2014-11-03,0122,Terra,MODIS,97,6.2,306.2,59.7,D,0
-12.965,133.1995,336.2,1.1,1,2014-11-03,0122,Terra,MODIS,77,6.2,306.1,20.8,D,0
-14.334,132.7038,339.8,1.1,1.1,2014-11-03,0122,Terra,MODIS,76,6.2,314.5,18.9,D,0
-13.8626,135.6319,334.5,1,1,2014-11-03,0122,Terra,MODIS,71,6.2,308,10.4,D,0
-14.6723,130.779,334.3,1.4,1.2,2014-11-03,0122,Terra,MODIS,74,6.2,304.5,26,D,0
-12.9715,133.2027,327.6,1.1,1,2014-11-03,0122,Terra,MODIS,9,6.2,305.2,7.2,D,0
-14.5514,131.299,338.9,1.3,1.1,2014-11-03,0122,Terra,MODIS,81,6.2,304.2,29.7,D,0
-13.3046,134.2242,341.9,1,1,2014-11-03,0122,Terra,MODIS,84,6.2,308.7,24.8,D,0
-13.4066,133.802,357.8,1,1,2014-11-03,0122,Terra,MODIS,98,6.2,311.2,62,D,0
-14.273,133.3177,336.7,1.1,1,2014-11-03,0122,Terra,MODIS,74,6.2,308.8,18.4,D,0
-12.9589,136.3814,348,1,1,2014-11-03,0122,Terra,MODIS,92,6.2,300.4,45.6,D,0
-15.2119,134.5378,332,1,1,2014-11-03,0122,Terra,MODIS,63,6.2,308,10.8,D,0
-12.9541,133.191,337.3,1.1,1,2014-11-03,0122,Terra,MODIS,79,6.2,306.2,23.5,D,0
-12.9556,133.201,342.9,1.1,1,2014-11-03,0122,Terra,MODIS,86,6.2,306.9,34.4,D,0
-14.4255,133.4785,342.9,1,1,2014-11-03,0122,Terra,MODIS,84,6.2,312.3,24.8,D,0
-15.138,141.7114,327.3,2.4,1.5,2014-11-03,0122,Terra,MODIS,36,6.2,301.9,37.9,D,0
-14.424,133.4689,340.2,1,1,2014-11-03,0122,Terra,MODIS,80,6.2,311.4,19.3,D,0
-14.4164,133.4799,336.7,1,1,2014-11-03,0122,Terra,MODIS,74,6.2,312.3,13.6,D,0
-14.4226,133.4593,337.1,1,1,2014-11-03,0122,Terra,MODIS,74,6.2,310.8,14,D,0
-14.4178,133.4895,344.1,1,1,2014-11-03,0122,Terra,MODIS,85,6.2,312,26.6,D,0
-15.1459,141.7037,327.2,2.4,1.5,2014-11-03,0122,Terra,MODIS,40,6.2,301.7,38.3,D,0
-14.4127,132.9845,337.3,1.1,1,2014-11-03,0122,Terra,MODIS,75,6.2,314.4,15.5,D,0
-15.7728,142.1923,341.2,2.7,1.6,2014-11-03,0122,Terra,MODIS,67,6.2,297.1,142,D,0
-15.6844,142.0843,322,2.6,1.6,2014-11-03,0122,Terra,MODIS,41,6.2,296.7,25.5,D,0
-13.3032,134.2149,332.7,1,1,2014-11-03,0122,Terra,MODIS,64,6.2,310,10.9,D,0
-12.3114,133.0491,341.3,1.1,1.1,2014-11-03,0122,Terra,MODIS,84,6.2,310.8,22.8,D,0
-12.313,133.0594,334.8,1.1,1.1,2014-11-03,0122,Terra,MODIS,63,6.2,312.4,10.6,D,0
-12.9754,135.1053,338.8,1,1,2014-11-03,0122,Terra,MODIS,76,6.2,309.4,17.7,D,0
-12.9651,135.0975,340.1,1,1,2014-11-03,0122,Terra,MODIS,74,6.2,308.9,19.1,D,0
-12.8549,134.2964,372.9,1,1,2014-11-03,0122,Terra,MODIS,100,6.2,312.4,109.2,D,0
-12.9741,135.0962,346,1,1,2014-11-03,0122,Terra,MODIS,89,6.2,312,29.3,D,0
-13.4051,133.7925,346.2,1,1,2014-11-03,0122,Terra,MODIS,89,6.2,308.8,36.1,D,0
-12.2975,131.1817,328.1,1.4,1.2,2014-11-03,0122,Terra,MODIS,42,6.2,301,18.3,D,0
-12.8535,134.2871,337.5,1,1,2014-11-03,0122,Terra,MODIS,80,6.2,306.9,20.6,D,0
-15.3198,134.335,329.8,1,1,2014-11-03,0122,Terra,MODIS,28,6.2,307.4,7.3,D,0
-13.5039,135.8242,331.1,1,1,2014-11-03,0122,Terra,MODIS,61,6.2,298.4,15.3,D,0
-13.5025,135.8148,328.4,1,1,2014-11-03,0122,Terra,MODIS,41,6.2,298.3,11,D,0
-14.4144,132.4397,336.3,1.1,1.1,2014-11-03,0122,Terra,MODIS,72,6.2,308.5,18.8,D,0
-14.4049,132.4413,336.8,1.1,1.1,2014-11-03,0122,Terra,MODIS,65,6.2,309.5,18.4,D,0
-12.864,134.298,340.4,1,1,2014-11-03,0122,Terra,MODIS,83,6.2,308.7,25.5,D,0
-12.8403,134.2605,336.3,1,1,2014-11-03,0122,Terra,MODIS,78,6.2,310.1,20.4,D,0
-14.574,133.1846,332.6,1.1,1,2014-11-03,0122,Terra,MODIS,33,6.2,309.5,10.7,D,0
-14.5755,133.1943,336.7,1.1,1,2014-11-03,0122,Terra,MODIS,74,6.2,311.5,15.8,D,0
-14.5817,133.1734,346.3,1.1,1,2014-11-03,0122,Terra,MODIS,88,6.2,310.2,37.3,D,0
-14.5832,133.1832,358.4,1.1,1,2014-11-03,0122,Terra,MODIS,98,6.2,313.7,66,D,0
-12.8487,134.3164,331.9,1,1,2014-11-03,0122,Terra,MODIS,53,6.2,309.9,11.1,D,0
-14.4162,141.6463,325.3,2.3,1.5,2014-11-03,0122,Terra,MODIS,56,6.2,287.7,39.7,D,0
-15.2209,134.5364,332.3,1,1,2014-11-03,0122,Terra,MODIS,62,6.2,308.8,11,D,0
-14.4188,141.6678,328.5,2.3,1.5,2014-11-03,0122,Terra,MODIS,71,6.2,287.9,49.7,D,0
-15.3099,134.5163,344.6,1,1,2014-11-03,0122,Terra,MODIS,87,6.2,309.4,30.9,D,0
-11.8144,132.6962,328,1.2,1.1,2014-11-03,0122,Terra,MODIS,48,6.2,304.4,18,D,0
-12.8626,134.2887,339.3,1,1,2014-11-03,0122,Terra,MODIS,82,6.2,308.2,23.2,D,0
-14.4142,132.9945,335.7,1.1,1,2014-11-03,0122,Terra,MODIS,71,6.2,313.9,12.6,D,0
-14.4276,141.6601,323.5,2.3,1.5,2014-11-03,0122,Terra,MODIS,65,6.2,289.7,31.3,D,0
-14.265,133.3884,336,1.1,1,2014-11-03,0122,Terra,MODIS,53,6.2,311.4,12.8,D,0
-14.2915,133.3286,346.5,1.1,1,2014-11-03,0122,Terra,MODIS,88,6.2,308.9,33.4,D,0
-15.3113,134.5255,332.8,1,1,2014-11-03,0122,Terra,MODIS,66,6.2,309.4,11.9,D,0
-13.4248,133.7992,333.5,1,1,2014-11-03,0122,Terra,MODIS,58,6.2,309.4,13.7,D,0
-14.29,133.3189,361.8,1.1,1,2014-11-03,0122,Terra,MODIS,100,6.2,309.5,74,D,0
-14.2808,133.3204,333.1,1.1,1,2014-11-03,0122,Terra,MODIS,63,6.2,308.4,11.2,D,0
-14.2823,133.3301,334.9,1.1,1,2014-11-03,0122,Terra,MODIS,69,6.2,309.4,12.6,D,0
-14.5964,141.8577,322.1,2.4,1.5,2014-11-03,0122,Terra,MODIS,41,6.2,295.3,20.7,D,0
-12.8879,132.8246,346.9,1.1,1.1,2014-11-03,0122,Terra,MODIS,90,6.2,301.3,44.7,D,0
-13.4234,133.7897,333.7,1,1,2014-11-03,0122,Terra,MODIS,70,6.2,307.1,14.9,D,0
-11.2988,131.1408,342,1.5,1.2,2014-11-03,0122,Terra,MODIS,88,6.2,300.9,63.9,D,0
-11.301,131.1544,329.5,1.5,1.2,2014-11-03,0122,Terra,MODIS,48,6.2,300.3,29.3,D,0
-11.3096,131.139,338,1.5,1.2,2014-11-03,0122,Terra,MODIS,84,6.2,300.3,50.3,D,0
-11.3559,130.9254,320.4,1.6,1.2,2014-11-03,0122,Terra,MODIS,54,6.2,300,13.7,D,0
-14.2741,133.387,349.5,1.1,1,2014-11-03,0122,Terra,MODIS,91,6.2,310.9,39,D,0
-12.4092,134.5187,340.8,1,1,2014-11-03,0122,Terra,MODIS,83,6.2,313.8,21.7,D,0
-14.5099,141.8962,323.2,2.4,1.5,2014-11-03,0122,Terra,MODIS,51,6.2,297.8,28.8,D,0
-12.7653,136.315,326.2,1,1,2014-11-03,0122,Terra,MODIS,48,6.2,302.3,7.9,D,0
-12.8895,132.835,332.9,1.1,1.1,2014-11-03,0122,Terra,MODIS,70,6.2,302.3,16.3,D,0
-14.3541,131.5338,342,1.3,1.1,2014-11-03,0122,Terra,MODIS,84,6.2,306.9,36.7,D,0
-14.1713,127.2233,347.4,2.6,1.6,2014-11-03,0122,Terra,MODIS,94,6.2,302.7,161.3,D,0
-14.3237,132.4501,336.8,1.1,1.1,2014-11-03,0122,Terra,MODIS,74,6.2,312.8,16.6,D,0
-14.1762,127.2163,349.5,2.6,1.6,2014-11-03,0122,Terra,MODIS,95,6.2,302.3,176.1,D,0
-14.4311,130.6986,330.1,1.4,1.2,2014-11-03,0122,Terra,MODIS,16,6.2,305.3,18.5,D,0
-14.4289,130.6854,350.7,1.4,1.2,2014-11-03,0122,Terra,MODIS,93,6.2,302.6,80.4,D,0
-13.5751,132.5032,333.8,1.2,1.1,2014-11-03,0122,Terra,MODIS,69,6.2,309.1,16.3,D,0
-14.3645,131.5381,330.1,1.3,1.1,2014-11-03,0122,Terra,MODIS,34,6.2,305.8,11.3,D,0
-14.1901,127.2136,330.6,2.6,1.6,2014-11-03,0122,Terra,MODIS,71,6.2,301,48,D,0
-13.661,130.3719,330.9,1.6,1.2,2014-11-03,0122,Terra,MODIS,39,6.2,300.2,26,D,0
-14.4183,130.6873,339.8,1.4,1.2,2014-11-03,0122,Terra,MODIS,83,6.2,304.6,44.1,D,0
-14.1852,127.2206,345.8,2.6,1.6,2014-11-03,0122,Terra,MODIS,93,6.2,302,149.4,D,0
-12.5143,136.1716,329.9,1,1,2014-11-03,0122,Terra,MODIS,69,6.2,301.4,13.5,D,0
-15.4487,142.6733,333.1,2.9,1.6,2014-11-03,0122,Terra,MODIS,81,6.2,303.4,75.3,D,0
-12.6954,136.1519,334.8,1,1,2014-11-03,0122,Terra,MODIS,78,6.2,300.7,20,D,0
-12.782,132.5271,336.9,1.2,1.1,2014-11-03,0122,Terra,MODIS,78,6.2,305.7,21.8,D,0
-15.3065,142.756,327.5,2.9,1.6,2014-11-03,0122,Terra,MODIS,58,6.2,303.7,36.8,D,0
-12.4977,134.4329,337.7,1,1,2014-11-03,0122,Terra,MODIS,62,6.2,314.6,13.4,D,0
-12.6704,136.4904,348.9,1,1,2014-11-03,0122,Terra,MODIS,92,6.2,306.1,46.4,D,0
-15.4478,142.6802,334.6,2.9,1.6,2014-11-03,0122,Terra,MODIS,82,6.2,303,84.3,D,0
-12.7045,136.1506,340.3,1,1,2014-11-03,0122,Terra,MODIS,85,6.2,301.2,28.5,D,0
-18.219,143.7952,325.1,3.8,1.8,2014-11-03,0123,Terra,MODIS,43,6.2,299.8,48.2,D,0
-18.2485,143.7545,326.5,3.8,1.8,2014-11-03,0123,Terra,MODIS,61,6.2,300,60.9,D,0
-18.3015,128.9759,333.3,1.6,1.3,2014-11-03,0123,Terra,MODIS,72,6.2,305.8,30.5,D,0
-18.3348,129.5728,335.3,1.5,1.2,2014-11-03,0123,Terra,MODIS,80,6.2,306.6,31.1,D,0
-18.324,129.5748,329.4,1.5,1.2,2014-11-03,0123,Terra,MODIS,58,6.2,307.3,15.8,D,0
-14.9336,127.5278,331.9,2.4,1.5,2014-11-03,0123,Terra,MODIS,71,6.2,303,48.9,D,0
-14.907,127.5333,329.7,2.4,1.5,2014-11-03,0123,Terra,MODIS,61,6.2,303.5,38.4,D,0
-17.1875,128.8736,334.8,1.7,1.3,2014-11-03,0123,Terra,MODIS,81,6.2,304.3,39.8,D,0
-18.2844,129.0103,335.3,1.6,1.2,2014-11-03,0123,Terra,MODIS,80,6.2,307.7,34,D,0
-18.3041,128.991,330.5,1.6,1.2,2014-11-03,0123,Terra,MODIS,64,6.2,306.3,22.3,D,0
-14.9203,127.5304,328.6,2.4,1.5,2014-11-03,0123,Terra,MODIS,54,6.2,303.7,33.4,D,0
-18.2805,128.9868,334.3,1.6,1.3,2014-11-03,0123,Terra,MODIS,79,6.2,305.4,31.9,D,0
-18.283,129.0018,351.3,1.6,1.2,2014-11-03,0123,Terra,MODIS,94,6.2,307.3,92.2,D,0
-16.2098,124.7616,325.4,3.6,1.8,2014-11-03,0123,Terra,MODIS,60,6.2,299.3,64.1,D,0
-18.2818,128.9954,352.5,1.6,1.2,2014-11-03,0123,Terra,MODIS,95,6.2,306.7,97.6,D,0
-15.4355,126.6582,323.3,2.7,1.6,2014-11-03,0123,Terra,MODIS,51,6.2,298.3,36,D,0
-17.1847,128.8575,345.4,1.7,1.3,2014-11-03,0123,Terra,MODIS,91,6.2,304.5,78.1,D,0
-14.6764,126.361,322.5,3,1.6,2014-11-03,0123,Terra,MODIS,46,6.2,293.9,44.4,D,0
-14.6721,126.3408,332.3,3,1.6,2014-11-03,0123,Terra,MODIS,77,6.2,296.3,100.5,D,0
-14.6714,126.334,326.2,3,1.6,2014-11-03,0123,Terra,MODIS,65,6.2,296.3,63.8,D,0
-16.9653,142.9167,324.6,3.2,1.7,2014-11-03,0123,Terra,MODIS,55,6.2,297.6,42.4,D,0
-16.9527,142.9235,336.3,3.2,1.7,2014-11-03,0123,Terra,MODIS,83,6.2,298.4,117.1,D,0
-16.497,131.3517,336.5,1.2,1.1,2014-11-03,0123,Terra,MODIS,62,6.2,311.8,17.2,D,0
-16.5069,131.3501,337.4,1.2,1.1,2014-11-03,0123,Terra,MODIS,77,6.2,311.9,20.7,D,0
-16.5222,131.3825,346.7,1.2,1.1,2014-11-03,0123,Terra,MODIS,89,6.2,313.2,40.6,D,0
-16.5259,131.4052,334.7,1.2,1.1,2014-11-03,0123,Terra,MODIS,47,6.2,311.4,16,D,0
-16.5303,131.3696,339.2,1.2,1.1,2014-11-03,0123,Terra,MODIS,80,6.2,309.7,21,D,0
-16.5427,131.3207,351.4,1.2,1.1,2014-11-03,0123,Terra,MODIS,93,6.2,307.4,59.9,D,0
-16.5445,131.332,354.8,1.2,1.1,2014-11-03,0123,Terra,MODIS,96,6.2,309.7,69.1,D,0
-16.5463,131.3434,333.3,1.2,1.1,2014-11-03,0123,Terra,MODIS,51,6.2,310.4,13.7,D,0
-16.5446,131.3259,356.9,1.2,1.1,2014-11-03,0123,Terra,MODIS,97,6.2,309.1,77.1,D,0
-16.5465,131.3372,339.3,1.2,1.1,2014-11-03,0123,Terra,MODIS,80,6.2,310.1,26.8,D,0
-16.5718,131.368,335.1,1.2,1.1,2014-11-03,0123,Terra,MODIS,44,6.2,310.3,16,D,0
-16.5816,131.3664,350,1.2,1.1,2014-11-03,0123,Terra,MODIS,92,6.2,310,53,D,0
-16.5834,131.3776,353.3,1.2,1.1,2014-11-03,0123,Terra,MODIS,95,6.2,311.7,62.1,D,0
-15.8638,133.9693,332.3,1,1,2014-11-03,0123,Terra,MODIS,65,6.2,310.6,8.2,D,0
-17.9255,143.0307,325.2,3.3,1.7,2014-11-03,0123,Terra,MODIS,30,6.2,298.1,53.2,D,0
-17.9065,143.1605,326,3.4,1.7,2014-11-03,0123,Terra,MODIS,11,6.2,298.8,47.1,D,0
-15.4373,133.8282,331.2,1,1,2014-11-03,0123,Terra,MODIS,59,6.2,305.1,8.3,D,0
-15.3984,133.8151,340.2,1,1,2014-11-03,0123,Terra,MODIS,80,6.2,305.4,25.8,D,0
-15.8714,133.9586,339.4,1,1,2014-11-03,0123,Terra,MODIS,81,6.2,313.5,18.6,D,0
-15.913,133.9902,333.2,1,1,2014-11-03,0123,Terra,MODIS,42,6.2,310.3,9.6,D,0
-17.3468,142.7966,333.3,3.1,1.7,2014-11-03,0123,Terra,MODIS,77,6.2,296.4,109.2,D,0
-15.8141,133.945,333.8,1,1,2014-11-03,0123,Terra,MODIS,56,6.2,310.6,10.8,D,0
-15.6117,134.0082,341.6,1,1,2014-11-03,0123,Terra,MODIS,83,6.2,309,25.1,D,0
-17.3317,142.7981,326.4,3.1,1.7,2014-11-03,0123,Terra,MODIS,60,6.2,297.1,63.4,D,0
-15.9428,134.0046,337.2,1,1,2014-11-03,0123,Terra,MODIS,65,6.2,312.2,15.7,D,0
-15.9338,134.006,334.9,1,1,2014-11-03,0123,Terra,MODIS,51,6.2,311.5,12.9,D,0
-15.9234,133.9981,341.9,1,1,2014-11-03,0123,Terra,MODIS,81,6.2,313,23.6,D,0
-15.8624,133.96,347,1,1,2014-11-03,0123,Terra,MODIS,90,6.2,311.6,32.9,D,0
-15.9508,133.9969,331.6,1,1,2014-11-03,0123,Terra,MODIS,56,6.2,311.6,8.5,D,0
-15.8728,133.9679,334.1,1,1,2014-11-03,0123,Terra,MODIS,71,6.2,311.7,10.5,D,0
-15.9116,133.9809,334.8,1,1,2014-11-03,0123,Terra,MODIS,62,6.2,311.3,11.5,D,0
-16.1452,124.8165,326.2,3.6,1.8,2014-11-03,0123,Terra,MODIS,65,6.2,299.6,78.9,D,0
-16.1292,124.8196,319.5,3.6,1.8,2014-11-03,0123,Terra,MODIS,43,6.2,298,40.1,D,0
-16.1372,124.8239,324.8,3.6,1.8,2014-11-03,0123,Terra,MODIS,70,6.2,298.4,71.1,D,0
-16.1308,124.7904,328.4,3.6,1.8,2014-11-03,0123,Terra,MODIS,76,6.2,297.7,100.2,D,0
-16.1386,124.783,326.7,3.6,1.8,2014-11-03,0123,Terra,MODIS,70,6.2,298.7,83.3,D,0
-15.6535,128.3104,328.4,2,1.4,2014-11-03,0123,Terra,MODIS,68,6.2,303.8,19.3,D,0
-16.1546,124.7799,331.6,3.6,1.8,2014-11-03,0123,Terra,MODIS,79,6.2,299.7,119.3,D,0
-21.6894,126.9181,340.5,1.9,1.4,2014-11-03,0124,Terra,MODIS,84,6.2,308.2,64.4,D,0
-21.044,124.7912,326.9,2.9,1.6,2014-11-03,0124,Terra,MODIS,57,6.2,299.4,38,D,0
-21.6651,126.9232,339.9,1.9,1.4,2014-11-03,0124,Terra,MODIS,84,6.2,308.9,62.9,D,0
-21.6772,126.9206,365.5,1.9,1.4,2014-11-03,0124,Terra,MODIS,100,6.2,309.8,217.8,D,0
-21.0385,124.7639,327.8,2.9,1.6,2014-11-03,0124,Terra,MODIS,63,6.2,299.7,44,D,0
-21.6807,126.9393,330.8,1.9,1.4,2014-11-03,0124,Terra,MODIS,58,6.2,306.4,29.9,D,0
-20.2907,125.7704,339.2,2.5,1.5,2014-11-03,0124,Terra,MODIS,84,6.2,298.5,90.9,D,0
-20.2553,125.7708,335.1,2.5,1.5,2014-11-03,0124,Terra,MODIS,76,6.2,304.1,61.7,D,0
-20.26,125.7946,328.6,2.5,1.5,2014-11-03,0124,Terra,MODIS,58,6.2,303.8,30.6,D,0
-21.0931,127.333,371.2,1.9,1.3,2014-11-03,0124,Terra,MODIS,100,6.2,310.7,258.7,D,0
-20.2962,125.7621,338.1,2.5,1.5,2014-11-03,0124,Terra,MODIS,82,6.2,298.4,87.6,D,0
-20.3098,125.7592,331.9,2.5,1.5,2014-11-03,0124,Terra,MODIS,70,6.2,299.3,54.5,D,0
-20.3234,125.7562,332.9,2.5,1.5,2014-11-03,0124,Terra,MODIS,67,6.2,299.5,63.4,D,0
-20.2689,125.7679,384.5,2.5,1.5,2014-11-03,0124,Terra,MODIS,100,6.2,302.1,588.8,D,0
-20.2736,125.7917,334.4,2.5,1.5,2014-11-03,0124,Terra,MODIS,78,6.2,301.6,60.7,D,0
-20.328,125.7801,342.5,2.5,1.5,2014-11-03,0124,Terra,MODIS,87,6.2,299.1,122.5,D,0
-21.1125,127.3404,331.1,1.9,1.3,2014-11-03,0124,Terra,MODIS,70,6.2,305.1,36.8,D,0
-20.2825,125.765,328.3,2.5,1.5,2014-11-03,0124,Terra,MODIS,38,6.2,298.2,28.9,D,0
-18.3047,128.9282,327.1,1.6,1.3,2014-11-03,0124,Terra,MODIS,57,6.2,304.5,19.1,D,0
-18.3074,128.9434,333.9,1.6,1.3,2014-11-03,0124,Terra,MODIS,78,6.2,305.8,35.4,D,0
-20.2316,125.7582,339,2.5,1.5,2014-11-03,0124,Terra,MODIS,84,6.2,304.6,81.4,D,0
-20.2498,125.7792,331.2,2.5,1.5,2014-11-03,0124,Terra,MODIS,59,6.2,304.2,42.1,D,0
-20.2589,125.7523,350.3,2.5,1.5,2014-11-03,0124,Terra,MODIS,93,6.2,303,166.1,D,0
-20.2635,125.7762,381.9,2.5,1.5,2014-11-03,0124,Terra,MODIS,100,6.2,304.8,547.6,D,0
-20.268,125.8001,328.4,2.5,1.5,2014-11-03,0124,Terra,MODIS,34,6.2,303.1,31.3,D,0
-21.1092,127.3227,333.8,1.9,1.3,2014-11-03,0124,Terra,MODIS,75,6.2,305.2,46.5,D,0
-21.1082,127.3481,327.7,1.9,1.3,2014-11-03,0124,Terra,MODIS,48,6.2,305.7,24.5,D,0
-21.105,127.3305,361.7,1.9,1.3,2014-11-03,0124,Terra,MODIS,100,6.2,307,186.8,D,0
-21.5185,130.7806,340.5,1.1,1.1,2014-11-03,0124,Terra,MODIS,81,6.2,318.5,21.7,D,0
-19.4984,129.7759,348.1,1.4,1.2,2014-11-03,0124,Terra,MODIS,91,6.2,311.3,59.2,D,0
-19.5023,129.7351,344.4,1.4,1.2,2014-11-03,0124,Terra,MODIS,88,6.2,308.3,53.2,D,0
-19.5045,129.748,363.2,1.4,1.2,2014-11-03,0124,Terra,MODIS,100,6.2,311.6,120.5,D,0
-19.5066,129.761,335.4,1.4,1.2,2014-11-03,0124,Terra,MODIS,57,6.2,312.2,24.1,D,0
-19.5213,129.7849,342.4,1.4,1.2,2014-11-03,0124,Terra,MODIS,86,6.2,312.2,39.5,D,0
-19.5097,129.7405,347.9,1.4,1.2,2014-11-03,0124,Terra,MODIS,91,6.2,307.8,63.1,D,0
-19.5267,129.7773,333.5,1.4,1.2,2014-11-03,0124,Terra,MODIS,47,6.2,312.8,16.7,D,0
-19.5289,129.7902,335.2,1.4,1.2,2014-11-03,0124,Terra,MODIS,66,6.2,311,20.2,D,0
-21.2847,133.4003,337.1,1,1,2014-11-03,0124,Terra,MODIS,47,6.2,316,12.7,D,0
-21.2861,133.4099,361.9,1,1,2014-11-03,0124,Terra,MODIS,100,6.2,319,64.5,D,0
-21.2984,133.4314,346.2,1,1,2014-11-03,0124,Terra,MODIS,88,6.2,319.1,29.6,D,0
-21.2998,133.441,340.4,1,1,2014-11-03,0124,Terra,MODIS,80,6.2,317.7,19.4,D,0
-21.3785,128.9484,338.6,1.4,1.2,2014-11-03,0124,Terra,MODIS,81,6.2,315.2,31.3,D,0
-18.638,128.1308,336.6,1.8,1.3,2014-11-03,0124,Terra,MODIS,80,6.2,311.3,41.1,D,0
-18.6499,128.1285,344.7,1.8,1.3,2014-11-03,0124,Terra,MODIS,89,6.2,312.3,73,D,0
-18.6617,128.1262,357.6,1.8,1.3,2014-11-03,0124,Terra,MODIS,98,6.2,311.6,141.3,D,0
-18.6468,128.1113,344.8,1.8,1.3,2014-11-03,0124,Terra,MODIS,89,6.2,312.2,74.5,D,0
-18.6587,128.109,389.7,1.8,1.3,2014-11-03,0124,Terra,MODIS,100,6.2,311.1,426.6,D,0
-20.216,129.8407,336.6,1.3,1.1,2014-11-03,0124,Terra,MODIS,77,6.2,314.3,23.3,D,0
-20.2241,129.8262,350.1,1.3,1.1,2014-11-03,0124,Terra,MODIS,92,6.2,314.9,61.8,D,0
-20.2262,129.8387,337.2,1.3,1.1,2014-11-03,0124,Terra,MODIS,78,6.2,315.1,25.6,D,0
-20.2283,129.8513,336.8,1.3,1.1,2014-11-03,0124,Terra,MODIS,77,6.2,314,24.1,D,0
-21.5199,128.9504,336.5,1.4,1.2,2014-11-03,0124,Terra,MODIS,79,6.2,314.5,27.9,D,0
-21.5223,128.9641,330.6,1.4,1.2,2014-11-03,0124,Terra,MODIS,50,6.2,314.5,13,D,0
-24.1814,128.1233,339.8,1.4,1.2,2014-11-03,0125,Terra,MODIS,82,6.2,313.2,37,D,0
-24.1839,128.1374,335.8,1.4,1.2,2014-11-03,0125,Terra,MODIS,76,6.2,312,26.9,D,0
-24.1921,128.1211,340,1.4,1.2,2014-11-03,0125,Terra,MODIS,83,6.2,312.3,38.1,D,0
-24.1946,128.1352,352.4,1.4,1.2,2014-11-03,0125,Terra,MODIS,94,6.2,312.6,79.6,D,0
-24.1752,127.9617,331.7,1.5,1.2,2014-11-03,0125,Terra,MODIS,68,6.2,308.2,18.1,D,0
-24.1859,127.9595,338.6,1.5,1.2,2014-11-03,0125,Terra,MODIS,81,6.2,308.9,36.6,D,0
-24.1891,127.9136,342,1.5,1.2,2014-11-03,0125,Terra,MODIS,85,6.2,310.1,47.5,D,0
-24.1916,127.9282,341.5,1.5,1.2,2014-11-03,0125,Terra,MODIS,85,6.2,310,45.6,D,0
-24.1967,127.9573,342.2,1.5,1.2,2014-11-03,0125,Terra,MODIS,85,6.2,308.5,47.4,D,0
-24.1878,127.9523,338.2,1.5,1.2,2014-11-03,0125,Terra,MODIS,81,6.2,309.2,35.6,D,0
-24.1933,127.9211,377,1.5,1.2,2014-11-03,0125,Terra,MODIS,100,6.2,313.4,217.2,D,0
-24.1959,127.9356,330,1.5,1.2,2014-11-03,0125,Terra,MODIS,63,6.2,308.7,14.8,D,0
-24.2041,127.9188,369.9,1.5,1.2,2014-11-03,0125,Terra,MODIS,100,6.2,310.4,171.8,D,0
-24.2067,127.9334,331.4,1.5,1.2,2014-11-03,0125,Terra,MODIS,68,6.2,308.5,18.8,D,0
-24.4752,127.4386,338.6,1.6,1.2,2014-11-03,0125,Terra,MODIS,82,6.2,308.8,43.3,D,0
-24.5679,127.3737,328.2,1.6,1.2,2014-11-03,0125,Terra,MODIS,40,6.2,308.2,12.9,D,0
-24.6068,127.3975,335.3,1.6,1.2,2014-11-03,0125,Terra,MODIS,78,6.2,309.8,32.4,D,0
-24.6234,127.3616,338.3,1.6,1.2,2014-11-03,0125,Terra,MODIS,82,6.2,309.7,40.4,D,0
-24.6262,127.3772,333,1.6,1.2,2014-11-03,0125,Terra,MODIS,71,6.2,309.5,25.1,D,0
-24.6345,127.3592,337.9,1.6,1.2,2014-11-03,0125,Terra,MODIS,81,6.2,308.6,39.5,D,0
-24.6372,127.3748,339.4,1.6,1.2,2014-11-03,0125,Terra,MODIS,83,6.2,310.2,44.8,D,0
-24.64,127.3903,331.6,1.6,1.2,2014-11-03,0125,Terra,MODIS,68,6.2,308.1,21.7,D,0
-24.6456,127.3568,328.1,1.6,1.2,2014-11-03,0125,Terra,MODIS,61,6.2,307.8,14.4,D,0
-24.6483,127.3724,352.2,1.6,1.2,2014-11-03,0125,Terra,MODIS,95,6.2,310,94.9,D,0
-24.6511,127.388,343,1.6,1.2,2014-11-03,0125,Terra,MODIS,87,6.2,308.4,58.7,D,0
-24.6335,127.3526,332.6,1.6,1.2,2014-11-03,0125,Terra,MODIS,74,6.2,308.1,25.8,D,0
-24.6364,127.3682,335.7,1.6,1.2,2014-11-03,0125,Terra,MODIS,79,6.2,309.6,35.4,D,0
-24.6393,127.3837,336.4,1.6,1.2,2014-11-03,0125,Terra,MODIS,80,6.2,309.4,37.5,D,0
-24.6503,127.3814,355.7,1.6,1.2,2014-11-03,0125,Terra,MODIS,97,6.2,309.9,112.4,D,0
-24.4724,127.4231,336.3,1.6,1.2,2014-11-03,0125,Terra,MODIS,79,6.2,309.9,36.3,D,0
-24.4744,127.432,344.7,1.6,1.2,2014-11-03,0125,Terra,MODIS,88,6.2,310,63.3,D,0
-24.6817,129.3615,334.5,1.2,1.1,2014-11-03,0125,Terra,MODIS,32,6.2,316.1,15.8,D,0
-24.6915,129.3595,349.8,1.2,1.1,2014-11-03,0125,Terra,MODIS,92,6.2,317,51.7,D,0
-24.7013,129.3575,336.6,1.2,1.1,2014-11-03,0125,Terra,MODIS,55,6.2,314.1,20.6,D,0
-24.7033,129.3694,339.7,1.2,1.1,2014-11-03,0125,Terra,MODIS,75,6.2,314.5,26.7,D,0
-22.3809,129.5338,342,1.3,1.1,2014-11-03,0125,Terra,MODIS,86,6.2,311.6,42.1,D,0
-22.3829,129.546,328.7,1.3,1.1,2014-11-03,0125,Terra,MODIS,49,6.2,312.3,13,D,0
-24.6896,129.3476,333.6,1.2,1.1,2014-11-03,0125,Terra,MODIS,30,6.2,314.3,14.5,D,0
-24.4049,128.2805,330.6,1.4,1.2,2014-11-03,0125,Terra,MODIS,59,6.2,311.3,14.9,D,0
-24.4154,128.2783,334.6,1.4,1.2,2014-11-03,0125,Terra,MODIS,73,6.2,312.2,22.5,D,0
-23.751,128.052,335.5,1.5,1.2,2014-11-03,0125,Terra,MODIS,76,6.2,310.7,28.7,D,0
-23.7531,128.0455,333.1,1.5,1.2,2014-11-03,0125,Terra,MODIS,71,6.2,310.4,22.2,D,0
-23.7557,128.0599,330.1,1.5,1.2,2014-11-03,0125,Terra,MODIS,60,6.2,310,14.1,D,0
-23.8151,128.0175,332.8,1.5,1.2,2014-11-03,0125,Terra,MODIS,70,6.2,310.7,20.9,D,0
-23.8259,128.0153,335.2,1.5,1.2,2014-11-03,0125,Terra,MODIS,74,6.2,311.3,26.3,D,0
-23.8276,128.0082,333.1,1.5,1.2,2014-11-03,0125,Terra,MODIS,57,6.2,310.6,20,D,0
-23.8296,128.163,332,1.5,1.2,2014-11-03,0125,Terra,MODIS,66,6.2,311.5,16.8,D,0
-23.832,128.1771,331.2,1.5,1.2,2014-11-03,0125,Terra,MODIS,63,6.2,310.6,15.1,D,0
-25.2654,127.7893,348.8,1.5,1.2,2014-11-03,0125,Terra,MODIS,78,6.2,289.9,79.7,D,0
-25.268,127.782,332.9,1.5,1.2,2014-11-03,0125,Terra,MODIS,42,6.2,285.4,33.7,D,0
-25.2761,127.787,331.8,1.5,1.2,2014-11-03,0125,Terra,MODIS,48,6.2,279.7,32.4,D,0
-25.2787,127.7797,335.5,1.5,1.2,2014-11-03,0125,Terra,MODIS,76,6.2,280.4,40.3,D,0
-23.0048,124.8827,329.4,2.5,1.5,2014-11-03,0125,Terra,MODIS,65,6.2,304.5,38.2,D,0
-22.9862,124.5706,327.8,2.7,1.6,2014-11-03,0125,Terra,MODIS,52,6.2,303.9,29.9,D,0
-23.4257,122.572,332,3.6,1.8,2014-11-03,0125,Terra,MODIS,56,6.2,309.1,67.9,D,0
-23.4171,122.5684,328.9,3.6,1.8,2014-11-03,0125,Terra,MODIS,42,6.2,308.9,45.7,D,0
-25.236,127.8103,330,1.4,1.2,2014-11-03,0125,Terra,MODIS,48,6.2,306.5,14.2,D,0
-25.2894,127.7775,363.3,1.5,1.2,2014-11-03,0125,Terra,MODIS,94,6.2,285,145.1,D,0
-25.2573,127.8059,426.4,1.4,1.2,2014-11-03,0125,Terra,MODIS,100,6.2,307.5,749.1,D,0
-25.2548,127.7915,397.2,1.5,1.2,2014-11-03,0125,Terra,MODIS,100,6.2,302.4,381.9,D,0
-25.2121,127.8005,335.9,1.5,1.2,2014-11-03,0125,Terra,MODIS,66,6.2,309.5,29,D,0
-25.2466,127.8081,350.5,1.4,1.2,2014-11-03,0125,Terra,MODIS,94,6.2,305.8,76.5,D,0
-25.2441,127.7938,356.7,1.5,1.2,2014-11-03,0125,Terra,MODIS,98,6.2,305.2,103.6,D,0
-25.2147,127.8148,332.3,1.4,1.2,2014-11-03,0125,Terra,MODIS,63,6.2,306.8,17.4,D,0
-25.2249,127.8715,336.5,1.4,1.2,2014-11-03,0125,Terra,MODIS,81,6.2,308.5,29.9,D,0
-25.2202,127.784,331.3,1.5,1.2,2014-11-03,0125,Terra,MODIS,38,6.2,305.1,20.5,D,0
-25.2309,127.7817,337.4,1.5,1.2,2014-11-03,0125,Terra,MODIS,80,6.2,306.5,38.1,D,0
-25.2335,127.796,337.6,1.5,1.2,2014-11-03,0125,Terra,MODIS,83,6.2,306.8,36.1,D,0
-25.2416,127.7795,341.1,1.5,1.2,2014-11-03,0125,Terra,MODIS,86,6.2,303.9,50.2,D,0
-22.8002,125.0698,354,2.5,1.5,2014-11-03,0125,Terra,MODIS,96,6.2,306.3,201.5,D,0
-22.8137,125.0666,354.8,2.5,1.5,2014-11-03,0125,Terra,MODIS,96,6.2,305.3,210.9,D,0
-22.153,123.9459,326.1,3.1,1.7,2014-11-03,0125,Terra,MODIS,42,6.2,303.4,32.2,D,0
-22.8089,123.3346,328.4,3.3,1.7,2014-11-03,0125,Terra,MODIS,59,6.2,306.3,49.9,D,0
-22.7983,123.3431,328.8,3.3,1.7,2014-11-03,0125,Terra,MODIS,62,6.2,305.1,58.6,D,0
-22.1291,123.9823,333,3.1,1.7,2014-11-03,0125,Terra,MODIS,75,6.2,303.1,78.1,D,0
-21.7321,126.9223,344.1,1.9,1.4,2014-11-03,0125,Terra,MODIS,88,6.2,307.5,82.6,D,0
-21.7079,126.9276,336.7,1.9,1.4,2014-11-03,0125,Terra,MODIS,79,6.2,307,51.2,D,0
-22.1267,123.9757,331.1,3.1,1.7,2014-11-03,0125,Terra,MODIS,71,6.2,303.3,63.3,D,0
-21.7044,126.9089,332.7,1.9,1.4,2014-11-03,0125,Terra,MODIS,63,6.2,308,33.1,D,0
-21.6353,126.1322,328.3,2.2,1.4,2014-11-03,0125,Terra,MODIS,57,6.2,305.6,24.9,D,0
-21.6312,126.111,357.8,2.2,1.4,2014-11-03,0125,Terra,MODIS,98,6.2,307.3,197.9,D,0
-21.6183,126.1139,331.1,2.2,1.4,2014-11-03,0125,Terra,MODIS,71,6.2,306.9,37.9,D,0
-21.6341,126.1171,349.7,2.2,1.4,2014-11-03,0125,Terra,MODIS,93,6.2,306.2,138.4,D,0
-21.6212,126.1201,340.7,2.2,1.4,2014-11-03,0125,Terra,MODIS,85,6.2,306.9,84.9,D,0
-21.6957,126.9301,338.6,1.9,1.4,2014-11-03,0125,Terra,MODIS,82,6.2,307.2,59.9,D,0
-23.0185,124.8797,330.7,2.5,1.5,2014-11-03,0125,Terra,MODIS,69,6.2,304.1,43.4,D,0
-22.0005,125.7027,334.9,2.3,1.5,2014-11-03,0125,Terra,MODIS,78,6.2,306,59.9,D,0
-21.9961,125.68,338.3,2.3,1.5,2014-11-03,0125,Terra,MODIS,82,6.2,307.7,77.8,D,0
-22.0051,125.7075,329.6,2.3,1.5,2014-11-03,0125,Terra,MODIS,67,6.2,305.6,35.7,D,0
-22.0008,125.6848,345.6,2.3,1.5,2014-11-03,0125,Terra,MODIS,90,6.2,307.6,122.9,D,0
-21.7443,126.9197,375.7,1.9,1.4,2014-11-03,0125,Terra,MODIS,100,6.2,309.1,309.5,D,0
-22.7757,125.0563,334.4,2.5,1.5,2014-11-03,0125,Terra,MODIS,77,6.2,305.9,62.9,D,0
-22.7893,125.0532,341.7,2.5,1.5,2014-11-03,0125,Terra,MODIS,86,6.2,305.4,105.8,D,0
-22.794,125.0773,346.5,2.5,1.5,2014-11-03,0125,Terra,MODIS,90,6.2,305.9,139.6,D,0
-22.8029,125.05,342.7,2.5,1.5,2014-11-03,0125,Terra,MODIS,87,6.2,305.1,114.2,D,0
-22.8076,125.0742,357.9,2.5,1.5,2014-11-03,0125,Terra,MODIS,98,6.2,306.1,239.1,D,0
-22.7953,125.0456,327.2,2.5,1.5,2014-11-03,0125,Terra,MODIS,58,6.2,304.8,26.6,D,0
-23.3784,122.3911,328.3,3.8,1.8,2014-11-03,0125,Terra,MODIS,57,6.2,307.4,54.6,D,0
-23.3721,122.3983,329.3,3.8,1.8,2014-11-03,0125,Terra,MODIS,67,6.2,307.8,63.5,D,0
-23.3644,122.3622,331.1,3.8,1.8,2014-11-03,0125,Terra,MODIS,72,6.2,309.6,80.1,D,0
-21.7016,126.9155,349.7,1.9,1.4,2014-11-03,0125,Terra,MODIS,70,6.2,308.5,109.7,D,0
-21.705,126.9342,335.1,1.9,1.4,2014-11-03,0125,Terra,MODIS,54,6.2,307,44.2,D,0
-21.6922,126.9114,339.5,1.9,1.4,2014-11-03,0125,Terra,MODIS,83,6.2,308.8,61.6,D,0
-23.0207,124.5012,343,2.7,1.6,2014-11-03,0125,Terra,MODIS,87,6.2,304.4,129.1,D,0
-23.0066,124.5045,328.4,2.7,1.6,2014-11-03,0125,Terra,MODIS,61,6.2,304.6,33.2,D,0
-25.1887,121.5448,344.9,3.9,1.8,2014-11-03,0126,Terra,MODIS,89,6.2,311.9,245.8,D,0
-25.205,121.5404,350.4,3.9,1.8,2014-11-03,0126,Terra,MODIS,94,6.2,312.8,324.2,D,0
-29.7477,130.8804,335.3,1,1,2014-11-03,0126,Terra,MODIS,59,6.2,274,30.1,D,0
-28.1327,129.627,325.1,1.1,1,2014-11-03,0126,Terra,MODIS,41,6.2,282,15.3,D,0
-28.1088,129.598,329.4,1.1,1,2014-11-03,0126,Terra,MODIS,79,6.2,288.2,22.1,D,0
-24.8776,121.8134,332.9,3.8,1.8,2014-11-03,0126,Terra,MODIS,73,6.2,312.2,103.8,D,0
-24.8833,121.8061,335.5,3.8,1.8,2014-11-03,0126,Terra,MODIS,64,6.2,312.8,123.5,D,0
-28.1478,129.6015,321.5,1.1,1,2014-11-03,0126,Terra,MODIS,62,6.2,281.5,11.4,D,0
-24.8937,121.8093,335.6,3.8,1.8,2014-11-03,0126,Terra,MODIS,72,6.2,313.4,126.9,D,0
-25.2263,121.5292,330,3.9,1.8,2014-11-03,0126,Terra,MODIS,68,6.2,312.1,83.9,D,0
-25.21,121.5334,344.3,3.9,1.8,2014-11-03,0126,Terra,MODIS,89,6.2,312.7,235.3,D,0
-25.1936,121.5376,348.5,3.9,1.8,2014-11-03,0126,Terra,MODIS,92,6.2,312.4,289.2,D,0
-25.1965,121.5021,340.8,3.9,1.8,2014-11-03,0126,Terra,MODIS,85,6.2,313,195.4,D,0
-25.2214,121.5362,332.4,3.9,1.8,2014-11-03,0126,Terra,MODIS,74,6.2,311.8,107.4,D,0
-25.1849,121.4994,340.9,3.9,1.8,2014-11-03,0126,Terra,MODIS,86,6.2,312.1,190.8,D,0
-28.107,129.5871,318.4,1.1,1,2014-11-03,0126,Terra,MODIS,39,6.2,282.8,9.3,D,0
-24.8694,121.7762,330.3,3.8,1.8,2014-11-03,0126,Terra,MODIS,50,6.2,311.5,82.6,D,0
-28.142,129.6251,344.4,1.1,1,2014-11-03,0126,Terra,MODIS,92,6.2,285.4,46.6,D,0
-28.1402,129.6142,331.3,1.1,1,2014-11-03,0126,Terra,MODIS,72,6.2,282.7,22.6,D,0
-25.1802,121.5065,335.3,3.9,1.8,2014-11-03,0126,Terra,MODIS,79,6.2,310.9,136.7,D,0
-21.2987,119.4304,331.1,4.4,1.9,2014-11-03,0303,Terra,MODIS,64,6.2,309.7,127.7,D,0
-21.2993,119.4236,330.5,4.4,1.9,2014-11-03,0303,Terra,MODIS,62,6.2,309.9,119.6,D,0
-36.7156,144.2375,319.9,1.4,1.2,2014-11-03,0405,Aqua,MODIS,70,6.2,303.2,13.6,D,0
-36.8102,146.9649,306.1,1.1,1,2014-11-03,0405,Aqua,MODIS,50,6.2,295.5,5.6,D,0
-31.4373,152.2614,314.8,1.5,1.2,2014-11-03,0406,Aqua,MODIS,35,6.2,295.3,14,D,0
-32.632,151.8173,342.3,1.3,1.1,2014-11-03,0406,Aqua,MODIS,91,6.2,298.3,65.6,D,0
-32.6217,151.8146,382.9,1.3,1.1,2014-11-03,0406,Aqua,MODIS,100,6.2,302.8,247.8,D,0
-32.6243,151.8002,353.5,1.3,1.1,2014-11-03,0406,Aqua,MODIS,91,6.2,293.3,99.3,D,0
-32.6234,151.8232,326.8,1.3,1.1,2014-11-03,0406,Aqua,MODIS,29,6.2,297.2,29,D,0
-32.6259,151.8089,360.7,1.3,1.1,2014-11-03,0406,Aqua,MODIS,100,6.2,301,127.1,D,0
-32.6131,151.8206,356.5,1.3,1.1,2014-11-03,0406,Aqua,MODIS,98,6.2,299.6,110.1,D,0
-32.6157,151.806,362.2,1.3,1.1,2014-11-03,0406,Aqua,MODIS,100,6.2,296.9,132.3,D,0
-32.7317,151.8935,322.6,1.4,1.2,2014-11-03,0406,Aqua,MODIS,77,6.2,294.2,24,D,0
-32.7188,151.9052,329.3,1.4,1.2,2014-11-03,0406,Aqua,MODIS,69,6.2,296.9,33.4,D,0
-32.7214,151.8908,340.9,1.4,1.2,2014-11-03,0406,Aqua,MODIS,91,6.2,296,60.3,D,0
-32.7111,151.8882,318.9,1.4,1.2,2014-11-03,0406,Aqua,MODIS,38,6.2,295.9,17.5,D,0
-32.3919,146.4899,333.4,1,1,2014-11-03,0406,Aqua,MODIS,50,6.2,319.3,12.8,D,0
-29.8954,149.0536,335.2,1.1,1,2014-11-03,0406,Aqua,MODIS,72,6.2,320.1,15.8,D,0
-32.8564,150.8908,317.3,1.2,1.1,2014-11-03,0406,Aqua,MODIS,46,6.2,295.8,13.5,D,0
-30.4157,148.4426,339.7,1,1,2014-11-03,0406,Aqua,MODIS,81,6.2,321.4,18.3,D,0
-32.3995,146.5025,353.5,1,1,2014-11-03,0406,Aqua,MODIS,95,6.2,320.4,49.6,D,0
-32.9077,150.5246,314.7,1.2,1.1,2014-11-03,0406,Aqua,MODIS,48,6.2,296.5,11.6,D,0
-32.8585,150.8782,320.1,1.2,1.1,2014-11-03,0406,Aqua,MODIS,62,6.2,295.7,16.2,D,0
-28.4485,149.6206,336.7,1.2,1.1,2014-11-03,0407,Aqua,MODIS,77,6.2,317.1,19.6,D,0
-28.3325,148.8988,340.7,1.1,1.1,2014-11-03,0407,Aqua,MODIS,81,6.2,324.9,22.5,D,0
-28.342,148.9008,344.2,1.1,1.1,2014-11-03,0407,Aqua,MODIS,86,6.2,324,29.8,D,0
-28.4143,149.4621,342.6,1.2,1.1,2014-11-03,0407,Aqua,MODIS,85,6.2,319.1,30.6,D,0
-28.424,149.4642,342.3,1.2,1.1,2014-11-03,0407,Aqua,MODIS,85,6.2,318.6,30.4,D,0
-22.1818,149.4782,321.4,1.5,1.2,2014-11-03,0408,Aqua,MODIS,46,6.2,296.4,13.3,D,0
-26.1336,138.9556,334.4,2.1,1.4,2014-11-03,0408,Aqua,MODIS,69,6.2,320,33.1,D,0
-21.9518,149.2621,318.2,1.5,1.2,2014-11-03,0409,Aqua,MODIS,44,6.2,298,14.3,D,0
-22.1686,149.4904,345.1,1.5,1.2,2014-11-03,0409,Aqua,MODIS,93,6.2,301.3,72.7,D,0
-22.171,149.476,342.7,1.5,1.2,2014-11-03,0409,Aqua,MODIS,91,6.2,298,64.8,D,0
-21.7454,141.3652,333.5,1.3,1.1,2014-11-03,0409,Aqua,MODIS,50,6.2,315.4,13.8,D,0
-19.944,148.0196,334.1,1.3,1.1,2014-11-03,0409,Aqua,MODIS,39,6.2,305.2,27.6,D,0
-21.9862,149.2196,322.5,1.4,1.2,2014-11-03,0409,Aqua,MODIS,55,6.2,296.4,15.6,D,0
-19.9278,143.9345,339.1,1,1,2014-11-03,0409,Aqua,MODIS,54,6.2,305.5,22.3,D,0
-21.6689,141.2464,335.9,1.3,1.1,2014-11-03,0409,Aqua,MODIS,59,6.2,316.1,16.1,D,0
-19.9071,143.9508,336.3,1,1,2014-11-03,0409,Aqua,MODIS,0,6.2,294.1,23.3,D,0
-19.9866,143.9691,335.6,1,1,2014-11-03,0409,Aqua,MODIS,46,6.2,312,14.7,D,0
-18.2137,143.7686,350.8,1,1,2014-11-03,0410,Aqua,MODIS,93,6.2,306.4,47.3,D,0
-18.1152,145.809,326.6,1.1,1,2014-11-03,0410,Aqua,MODIS,54,6.2,303.1,14.5,D,0
-18.2124,143.7781,344.7,1,1,2014-11-03,0410,Aqua,MODIS,84,6.2,305.2,35.9,D,0
-18.2021,143.7861,344.7,1,1,2014-11-03,0410,Aqua,MODIS,88,6.2,306.7,35.9,D,0
-16.5016,142.7438,341.2,1,1,2014-11-03,0410,Aqua,MODIS,82,6.2,313.1,15.2,D,0
-18.2007,143.7955,345.2,1,1,2014-11-03,0410,Aqua,MODIS,82,6.2,308.2,37.1,D,0
-18.2111,143.7875,345.1,1,1,2014-11-03,0410,Aqua,MODIS,88,6.2,304.9,36.5,D,0
-18.2547,143.7431,340.4,1,1,2014-11-03,0410,Aqua,MODIS,78,6.2,306.2,26.6,D,0
-16.5003,142.7533,347.7,1,1,2014-11-03,0410,Aqua,MODIS,89,6.2,313.6,27,D,0
-16.7226,142.8738,343.2,1,1,2014-11-03,0410,Aqua,MODIS,84,6.2,313.6,21.8,D,0
-17.1485,142.7876,328.1,1,1,2014-11-03,0410,Aqua,MODIS,27,6.2,303.4,7,D,0
-17.1511,142.7684,344.5,1,1,2014-11-03,0410,Aqua,MODIS,87,6.2,303.8,33.7,D,0
-16.5014,142.8117,342.7,1,1,2014-11-03,0410,Aqua,MODIS,84,6.2,315.2,18.8,D,0
-16.9911,142.3255,349.2,1.1,1,2014-11-03,0410,Aqua,MODIS,91,6.2,305.7,43.6,D,0
-17.0016,142.317,332.4,1.1,1,2014-11-03,0410,Aqua,MODIS,61,6.2,302.7,14.2,D,0
-16.9727,142.9202,330.9,1,1,2014-11-03,0410,Aqua,MODIS,42,6.2,305.6,9.3,D,0
-16.974,142.9107,340.5,1,1,2014-11-03,0410,Aqua,MODIS,81,6.2,306.9,24.8,D,0
-16.9636,142.9189,350.1,1,1,2014-11-03,0410,Aqua,MODIS,92,6.2,309.1,41.8,D,0
-16.9267,142.9269,351.7,1,1,2014-11-03,0410,Aqua,MODIS,93,6.2,309.8,40.2,D,0
-16.9552,142.9215,338.2,1,1,2014-11-03,0410,Aqua,MODIS,77,6.2,311.2,16,D,0
-16.9462,142.9201,333,1,1,2014-11-03,0410,Aqua,MODIS,34,6.2,310.1,7.7,D,0
-16.9281,142.9174,341.8,1,1,2014-11-03,0410,Aqua,MODIS,83,6.2,309.5,18.9,D,0
-17.887,143.1509,341.5,1,1,2014-11-03,0410,Aqua,MODIS,84,6.2,314.7,19.8,D,0
-17.8766,143.159,337.4,1,1,2014-11-03,0410,Aqua,MODIS,78,6.2,315,12.6,D,0
-17.1077,142.9473,335.6,1,1,2014-11-03,0410,Aqua,MODIS,52,6.2,311.3,11.8,D,0
-17.9717,143.0727,335.2,1,1,2014-11-03,0410,Aqua,MODIS,74,6.2,308.5,18.3,D,0
-17.9613,143.0809,333,1,1,2014-11-03,0410,Aqua,MODIS,48,6.2,310.2,13.2,D,0
-17.964,143.0618,330.4,1,1,2014-11-03,0410,Aqua,MODIS,56,6.2,307.7,11.4,D,0
-17.9496,143.0987,351.4,1,1,2014-11-03,0410,Aqua,MODIS,94,6.2,312.5,44.5,D,0
-17.9211,143.0387,340.1,1,1,2014-11-03,0410,Aqua,MODIS,82,6.2,314.1,20.6,D,0
-17.9224,143.0291,337.3,1,1,2014-11-03,0410,Aqua,MODIS,77,6.2,314.2,16.8,D,0
-17.908,143.0661,338.1,1,1,2014-11-03,0410,Aqua,MODIS,63,6.2,316,12.3,D,0
-17.9094,143.0565,339,1,1,2014-11-03,0410,Aqua,MODIS,81,6.2,316.1,15.1,D,0
-17.8963,143.0839,337.5,1,1,2014-11-03,0410,Aqua,MODIS,56,6.2,315.6,11,D,0
-17.9376,143.1196,332.8,1,1,2014-11-03,0410,Aqua,MODIS,62,6.2,302.8,8.8,D,0
-17.9168,143.1359,342.4,1,1,2014-11-03,0410,Aqua,MODIS,84,6.2,314,23.8,D,0
-17.9195,143.1168,342.6,1,1,2014-11-03,0410,Aqua,MODIS,81,6.2,311.3,21.8,D,0
-17.9064,143.1441,337,1,1,2014-11-03,0410,Aqua,MODIS,72,6.2,312.9,13,D,0
-16.7149,142.8629,339.2,1,1,2014-11-03,0410,Aqua,MODIS,61,6.2,315.7,13.6,D,0
-17.3333,142.7789,332.8,1,1,2014-11-03,0410,Aqua,MODIS,62,6.2,300.7,16.5,D,0
-16.3848,144.8332,366.5,1,1,2014-11-03,0410,Aqua,MODIS,100,6.2,293.5,99.7,D,0
-16.3939,144.8348,337.9,1,1,2014-11-03,0410,Aqua,MODIS,62,6.2,297.5,27.9,D,0
-17.0014,142.3871,333.1,1,1,2014-11-03,0410,Aqua,MODIS,65,6.2,303.4,12.1,D,0
-16.4349,144.8682,337.9,1,1,2014-11-03,0410,Aqua,MODIS,74,6.2,307.1,22.6,D,0
-16.9922,142.3858,337.3,1,1,2014-11-03,0410,Aqua,MODIS,76,6.2,306.8,18.2,D,0
-17.1167,142.9486,339.3,1,1,2014-11-03,0410,Aqua,MODIS,77,6.2,312.3,17.8,D,0
-16.4441,144.8696,332.6,1,1,2014-11-03,0410,Aqua,MODIS,49,6.2,308.9,13.1,D,0
-17.3229,142.7872,338.1,1,1,2014-11-03,0410,Aqua,MODIS,80,6.2,303,22.7,D,0
-17.3215,142.7968,338.4,1,1,2014-11-03,0410,Aqua,MODIS,81,6.2,304.1,21.1,D,0
-17.3384,142.8092,328.3,1,1,2014-11-03,0410,Aqua,MODIS,39,6.2,304,7.4,D,0
-16.9897,142.3353,340.8,1.1,1,2014-11-03,0410,Aqua,MODIS,81,6.2,306.1,25.4,D,0
-17.1447,142.7478,335.4,1,1,2014-11-03,0410,Aqua,MODIS,74,6.2,302.3,20,D,0
-17.0441,142.8728,351,1,1,2014-11-03,0410,Aqua,MODIS,93,6.2,309.4,43.1,D,0
-17.332,142.7885,334.9,1,1,2014-11-03,0410,Aqua,MODIS,72,6.2,303.1,18.6,D,0
-17.0717,142.8053,332.8,1,1,2014-11-03,0410,Aqua,MODIS,68,6.2,305.4,8.6,D,0
-17.142,142.767,331.9,1,1,2014-11-03,0410,Aqua,MODIS,56,6.2,303.8,12.5,D,0
-17.1434,142.7574,365.2,1,1,2014-11-03,0410,Aqua,MODIS,100,6.2,304.8,86.7,D,0
-16.9177,142.9255,337.3,1,1,2014-11-03,0410,Aqua,MODIS,54,6.2,311.9,11.9,D,0
-17.1525,142.7587,354.4,1,1,2014-11-03,0410,Aqua,MODIS,96,6.2,303.1,56.2,D,0
-16.9086,142.9241,338.9,1,1,2014-11-03,0410,Aqua,MODIS,60,6.2,313.9,13.7,D,0
-17.3853,142.8612,337.7,1,1,2014-11-03,0410,Aqua,MODIS,79,6.2,306.6,18.8,D,0
-17.3944,142.8626,335.2,1,1,2014-11-03,0410,Aqua,MODIS,75,6.2,305.3,15.2,D,0
-17.3775,142.8503,330.7,1,1,2014-11-03,0410,Aqua,MODIS,64,6.2,306,8.8,D,0
-17.146,142.7381,329.2,1,1,2014-11-03,0410,Aqua,MODIS,50,6.2,302.1,11.6,D,0
-17.0455,142.8633,334.3,1,1,2014-11-03,0410,Aqua,MODIS,70,6.2,309.2,11.5,D,0
-17.3555,142.8076,330.1,1,1,2014-11-03,0410,Aqua,MODIS,57,6.2,302.7,10.9,D,0
-17.3202,142.8064,342,1,1,2014-11-03,0410,Aqua,MODIS,85,6.2,304.7,27.2,D,0
-16.9871,142.3549,334,1.1,1,2014-11-03,0410,Aqua,MODIS,68,6.2,306.4,13.1,D,0
-17.1405,142.9679,339.8,1,1,2014-11-03,0410,Aqua,MODIS,82,6.2,311.3,21.5,D,0
-17.1474,142.7285,328.8,1,1,2014-11-03,0410,Aqua,MODIS,49,6.2,301,11,D,0
-17.1322,142.9704,334.2,1,1,2014-11-03,0410,Aqua,MODIS,70,6.2,309.6,12.5,D,0
-17.1496,142.9693,347.7,1,1,2014-11-03,0410,Aqua,MODIS,90,6.2,309.2,37.3,D,0
-17.1335,142.9609,334.8,1,1,2014-11-03,0410,Aqua,MODIS,64,6.2,310.5,12.6,D,0
-12.6855,142.7516,326.6,1,1,2014-11-03,0411,Aqua,MODIS,40,6.2,296.1,9.2,D,0
-12.6895,142.7241,378.8,1,1,2014-11-03,0411,Aqua,MODIS,100,6.2,309.9,133.8,D,0
-14.5017,141.8652,356.3,1,1,2014-11-03,0411,Aqua,MODIS,97,6.2,311,56.4,D,0
-15.6923,142.0902,338.6,1,1,2014-11-03,0411,Aqua,MODIS,80,6.2,308.4,24.8,D,0
-14.2409,133.3344,327.1,3.9,1.8,2014-11-03,0411,Aqua,MODIS,56,6.2,277.8,99.5,D,0
-12.4577,142.9289,331.3,1,1,2014-11-03,0411,Aqua,MODIS,77,6.2,299.6,20.3,D,0
-14.2671,136.9135,339.8,2.1,1.4,2014-11-03,0411,Aqua,MODIS,0,6.2,293.1,93.3,D,0
-13.7563,141.8047,329.5,1,1,2014-11-03,0411,Aqua,MODIS,58,6.2,307.2,12.4,D,0
-13.7643,141.7472,345.9,1,1,2014-11-03,0411,Aqua,MODIS,90,6.2,307.2,41.4,D,0
-13.7525,141.7651,338.6,1,1,2014-11-03,0411,Aqua,MODIS,83,6.2,307.1,26.3,D,0
-13.7551,141.7459,332.7,1,1,2014-11-03,0411,Aqua,MODIS,42,6.2,306.3,18.8,D,0
-12.7467,142.3863,344.2,1,1,2014-11-03,0411,Aqua,MODIS,90,6.2,306.6,33.3,D,0
-14.2649,136.9327,357.2,2.1,1.4,2014-11-03,0411,Aqua,MODIS,0,6.2,293.2,195.2,D,0
-12.7453,142.3955,360.6,1,1,2014-11-03,0411,Aqua,MODIS,100,6.2,309.3,71.1,D,0
-12.73,142.3087,343.4,1,1,2014-11-03,0411,Aqua,MODIS,90,6.2,307.3,32.9,D,0
-12.5597,142.7296,329.6,1,1,2014-11-03,0411,Aqua,MODIS,60,6.2,307.2,12.1,D,0
-12.744,142.4047,334,1,1,2014-11-03,0411,Aqua,MODIS,77,6.2,305.8,17.4,D,0
-14.5004,141.8749,350.8,1,1,2014-11-03,0411,Aqua,MODIS,93,6.2,311.3,42.5,D,0
-13.7958,141.7224,328.7,1,1,2014-11-03,0411,Aqua,MODIS,45,6.2,304.4,10.3,D,0
-14.5122,141.8569,378.9,1,1,2014-11-03,0411,Aqua,MODIS,100,6.2,314.3,133.6,D,0
-14.9438,144.3666,328.9,1,1,2014-11-03,0411,Aqua,MODIS,35,6.2,306.6,9.3,D,0
-14.9543,144.3586,334.1,1,1,2014-11-03,0411,Aqua,MODIS,77,6.2,308,17.5,D,0
-13.2206,142.412,334.9,1,1,2014-11-03,0411,Aqua,MODIS,50,6.2,308.6,15.1,D,0
-14.5044,141.8459,340.7,1,1,2014-11-03,0411,Aqua,MODIS,78,6.2,304.4,25.9,D,0
-15.732,142.1323,343.3,1,1,2014-11-03,0411,Aqua,MODIS,86,6.2,311.8,33,D,0
-15.7307,142.142,339.3,1,1,2014-11-03,0411,Aqua,MODIS,82,6.2,310.9,24.6,D,0
-12.4733,142.8846,327.6,1,1,2014-11-03,0411,Aqua,MODIS,63,6.2,304.1,14.2,D,0
-14.503,141.8556,365.4,1,1,2014-11-03,0411,Aqua,MODIS,100,6.2,308.5,85.2,D,0
-15.7739,142.1683,332.1,1,1,2014-11-03,0411,Aqua,MODIS,44,6.2,310.4,12.1,D,0
-15.7753,142.1586,334.3,1,1,2014-11-03,0411,Aqua,MODIS,64,6.2,308.8,16,D,0
-13.8175,141.8877,347.8,1,1,2014-11-03,0411,Aqua,MODIS,92,6.2,310.1,41.4,D,0
-14.5576,144.6133,324.5,1.1,1,2014-11-03,0411,Aqua,MODIS,30,6.2,303.3,12.4,D,0
-12.7351,142.4034,337.7,1,1,2014-11-03,0411,Aqua,MODIS,76,6.2,297.2,21,D,0
-12.7403,142.3008,335.1,1,1,2014-11-03,0411,Aqua,MODIS,82,6.2,306.2,18.6,D,0
-14.4925,141.8639,331.7,1,1,2014-11-03,0411,Aqua,MODIS,40,6.2,308.9,10.4,D,0
-14.2512,136.8278,339.6,2.1,1.4,2014-11-03,0411,Aqua,MODIS,79,6.2,294.6,90.6,D,0
-14.2507,136.8328,347,2.1,1.4,2014-11-03,0411,Aqua,MODIS,87,6.2,294.8,130.7,D,0
-14.2485,136.8522,350.8,2.1,1.4,2014-11-03,0411,Aqua,MODIS,95,6.2,296,155.3,D,0
-14.2488,136.8472,355.7,2.1,1.4,2014-11-03,0411,Aqua,MODIS,97,6.2,296,190.4,D,0
-14.267,136.9084,324.3,2.1,1.4,2014-11-03,0411,Aqua,MODIS,61,6.2,293.9,31,D,0
-14.2646,136.9276,356.6,2.1,1.4,2014-11-03,0411,Aqua,MODIS,74,6.2,293.5,191.1,D,0
-12.472,142.8937,334.7,1,1,2014-11-03,0411,Aqua,MODIS,77,6.2,300.4,23.4,D,0
-12.4849,142.8676,354,1,1,2014-11-03,0411,Aqua,MODIS,96,6.2,304.9,58.1,D,0
-12.739,142.31,327.3,1,1,2014-11-03,0411,Aqua,MODIS,72,6.2,305.2,8.6,D,0
-12.4836,142.8768,341.7,1,1,2014-11-03,0411,Aqua,MODIS,88,6.2,304.8,33.9,D,0
-12.4823,142.8859,332.7,1,1,2014-11-03,0411,Aqua,MODIS,74,6.2,303.3,20.6,D,0
-13.8253,141.8986,333,1,1,2014-11-03,0411,Aqua,MODIS,64,6.2,310.1,14.4,D,0
-12.4604,142.9106,324.6,1,1,2014-11-03,0411,Aqua,MODIS,57,6.2,300.3,12.6,D,0
-15.7242,142.1212,349,1,1,2014-11-03,0411,Aqua,MODIS,92,6.2,306.7,45.9,D,0
-15.6909,142.1,332.2,1,1,2014-11-03,0411,Aqua,MODIS,48,6.2,306.9,13.6,D,0
-12.7313,142.2995,356.4,1,1,2014-11-03,0411,Aqua,MODIS,98,6.2,307.3,60.5,D,0
-12.4617,142.9015,325.5,1,1,2014-11-03,0411,Aqua,MODIS,66,6.2,301,14.2,D,0
-12.4475,142.93,325.5,1,1,2014-11-03,0411,Aqua,MODIS,58,6.2,303,14.7,D,0
-12.7034,142.2981,328.4,1,1,2014-11-03,0411,Aqua,MODIS,73,6.2,304.9,9.4,D,0
-12.7111,142.3087,336.6,1,1,2014-11-03,0411,Aqua,MODIS,84,6.2,306,21.7,D,0
-12.7201,142.31,330.8,1,1,2014-11-03,0411,Aqua,MODIS,67,6.2,307,14.3,D,0
-12.7124,142.2995,328.9,1,1,2014-11-03,0411,Aqua,MODIS,62,6.2,306.7,10.9,D,0
-14.528,144.5599,329.3,1,1,2014-11-03,0411,Aqua,MODIS,59,6.2,308.9,11,D,0
-13.824,141.9081,330.4,1,1,2014-11-03,0411,Aqua,MODIS,48,6.2,307.5,10.8,D,0
-15.7228,142.131,347.4,1,1,2014-11-03,0411,Aqua,MODIS,90,6.2,310,41.3,D,0
-15.6979,142.1074,332.8,1,1,2014-11-03,0411,Aqua,MODIS,64,6.2,306.6,15,D,0
-15.6993,142.0977,347.4,1,1,2014-11-03,0411,Aqua,MODIS,90,6.2,307,40.3,D,0
-15.7071,142.1088,331.9,1,1,2014-11-03,0411,Aqua,MODIS,55,6.2,306.6,14.7,D,0
-15.7163,142.1101,383.4,1,1,2014-11-03,0411,Aqua,MODIS,100,6.2,312.4,161.9,D,0
-15.715,142.1199,382.8,1,1,2014-11-03,0411,Aqua,MODIS,100,6.2,310.5,158.2,D,0
-14.4056,132.4352,332.3,4.6,2,2014-11-03,0411,Aqua,MODIS,80,6.2,298.7,133.5,D,0
-15.7137,142.1296,334.5,1,1,2014-11-03,0411,Aqua,MODIS,69,6.2,306.7,18.2,D,0
-14.4047,132.4388,331.2,4.6,2,2014-11-03,0411,Aqua,MODIS,78,6.2,298.8,119.7,D,0
-14.5674,133.1664,344.2,4.1,1.9,2014-11-03,0411,Aqua,MODIS,90,6.2,294.4,256.1,D,0
-15.1988,134.5148,326.6,3.3,1.7,2014-11-03,0411,Aqua,MODIS,71,6.2,284.4,65.3,D,0
-14.5843,133.1684,336.1,4.1,1.9,2014-11-03,0411,Aqua,MODIS,83,6.2,296.7,154.8,D,0
-14.58,133.1603,348.4,4.1,1.9,2014-11-03,0411,Aqua,MODIS,93,6.2,295.4,320.8,D,0
-15.1576,145.1684,322.5,1.1,1,2014-11-03,0411,Aqua,MODIS,37,6.2,294.5,11.6,D,0
-12.3796,142.8917,327.1,1,1,2014-11-03,0411,Aqua,MODIS,42,6.2,301.9,14.5,D,0
-12.3809,142.8826,330.5,1,1,2014-11-03,0411,Aqua,MODIS,74,6.2,303.2,18.6,D,0
-15.1453,145.1871,343.3,1.1,1,2014-11-03,0411,Aqua,MODIS,89,6.2,299,44.9,D,0
-15.2934,134.4687,326.6,3.3,1.7,2014-11-03,0411,Aqua,MODIS,59,6.2,288,64.8,D,0
-15.6831,142.0889,334.6,1,1,2014-11-03,0411,Aqua,MODIS,73,6.2,310.2,18.5,D,0
-14.3566,141.6532,333.4,1.1,1,2014-11-03,0411,Aqua,MODIS,70,6.2,304.6,20.3,D,0
-14.3553,141.663,328,1.1,1,2014-11-03,0411,Aqua,MODIS,27,6.2,303.7,12.3,D,0
-14.3659,141.6546,333.1,1.1,1,2014-11-03,0411,Aqua,MODIS,69,6.2,304.3,20.3,D,0
-14.4203,141.6482,332.7,1.1,1,2014-11-03,0411,Aqua,MODIS,69,6.2,304.6,15.2,D,0
-14.5655,141.9294,359.3,1,1,2014-11-03,0411,Aqua,MODIS,99,6.2,312.4,65.8,D,0
-15.2902,134.4995,324.8,3.3,1.7,2014-11-03,0411,Aqua,MODIS,38,6.2,291.1,50,D,0
-15.3174,134.5096,335,3.3,1.7,2014-11-03,0411,Aqua,MODIS,82,6.2,290.9,124.9,D,0
-14.5746,141.9307,335.3,1,1,2014-11-03,0411,Aqua,MODIS,53,6.2,313.6,13.3,D,0
-14.5109,141.8666,368.5,1,1,2014-11-03,0411,Aqua,MODIS,100,6.2,314,92,D,0
-14.499,141.8845,334.9,1,1,2014-11-03,0411,Aqua,MODIS,56,6.2,308.6,11.8,D,0
-14.5972,141.8354,333.9,1.1,1,2014-11-03,0411,Aqua,MODIS,74,6.2,307.5,13.8,D,0
-14.6037,141.8562,334.2,1,1,2014-11-03,0411,Aqua,MODIS,65,6.2,309.8,11.4,D,0
-14.605,141.8465,335.9,1,1,2014-11-03,0411,Aqua,MODIS,77,6.2,309.3,16.4,D,0
-14.5932,141.8645,334.3,1,1,2014-11-03,0411,Aqua,MODIS,59,6.2,310.7,10.2,D,0
-14.5945,141.8548,341.3,1,1,2014-11-03,0411,Aqua,MODIS,85,6.2,310.6,23.8,D,0
-14.5668,141.9198,334.8,1,1,2014-11-03,0411,Aqua,MODIS,39,6.2,310.3,12.9,D,0
-15.7216,142.0712,328.4,1.1,1,2014-11-03,0411,Aqua,MODIS,38,6.2,306.3,10,D,0
-15.7766,142.1489,332.4,1,1,2014-11-03,0411,Aqua,MODIS,58,6.2,306.3,14.4,D,0
-15.7399,142.1434,341.6,1,1,2014-11-03,0411,Aqua,MODIS,84,6.2,312,29.2,D,0
-15.7477,142.1545,340.1,1,1,2014-11-03,0411,Aqua,MODIS,83,6.2,305.9,27.3,D,0
-15.7634,142.1766,353,1,1,2014-11-03,0411,Aqua,MODIS,95,6.2,309.5,51.6,D,0
-15.7621,142.1863,355.5,1,1,2014-11-03,0411,Aqua,MODIS,84,6.2,309.9,58.2,D,0
-12.8226,142.3657,331.9,1,1,2014-11-03,0411,Aqua,MODIS,47,6.2,308.5,12.3,D,0
-14.5095,141.8762,337.2,1,1,2014-11-03,0411,Aqua,MODIS,72,6.2,312.3,15.1,D,0
-15.1064,145.1911,322.7,1.1,1,2014-11-03,0411,Aqua,MODIS,40,6.2,299.4,11.2,D,0
-14.5082,141.8859,356.5,1,1,2014-11-03,0411,Aqua,MODIS,97,6.2,311.2,56.8,D,0
-14.6469,144.4476,327.5,1,1,2014-11-03,0411,Aqua,MODIS,59,6.2,303.2,11.1,D,0
-12.2538,142.8699,322,1,1,2014-11-03,0411,Aqua,MODIS,47,6.2,299.8,7.8,D,0
-14.5214,141.8583,334.8,1,1,2014-11-03,0411,Aqua,MODIS,63,6.2,313,11.1,D,0
-14.5301,141.9143,332.1,1,1,2014-11-03,0411,Aqua,MODIS,53,6.2,311.4,10.5,D,0
-12.5564,141.9047,336.3,1,1,2014-11-03,0411,Aqua,MODIS,60,6.2,313.3,18.5,D,0
-15.309,134.4705,340.2,3.3,1.7,2014-11-03,0411,Aqua,MODIS,87,6.2,287.7,170,D,0
-15.3056,134.5014,326.7,3.3,1.7,2014-11-03,0411,Aqua,MODIS,61,6.2,289.4,60.1,D,0
-15.3211,134.5032,332.9,3.3,1.7,2014-11-03,0411,Aqua,MODIS,80,6.2,290.8,106.4,D,0
-12.7287,142.3179,325.4,1,1,2014-11-03,0411,Aqua,MODIS,64,6.2,304.8,7.5,D,0
-15.3407,142.6972,337.7,1,1,2014-11-03,0411,Aqua,MODIS,74,6.2,313.3,15.5,D,0
-15.2763,142.7678,340.7,1,1,2014-11-03,0411,Aqua,MODIS,76,6.2,314.9,19.6,D,0
-15.4537,142.6824,334.7,1,1,2014-11-03,0411,Aqua,MODIS,41,6.2,312.1,11.4,D,0
-15.503,142.5937,353.7,1,1,2014-11-03,0411,Aqua,MODIS,95,6.2,314.8,47.8,D,0
-15.4446,142.681,343.4,1,1,2014-11-03,0411,Aqua,MODIS,86,6.2,314.4,25.4,D,0
-15.4744,142.6663,365.3,1,1,2014-11-03,0411,Aqua,MODIS,100,6.2,314.5,78.2,D,0
-15.4356,142.6796,335.5,1,1,2014-11-03,0411,Aqua,MODIS,64,6.2,313.5,10.8,D,0
-15.3962,142.696,337.6,1,1,2014-11-03,0411,Aqua,MODIS,73,6.2,314.8,13.4,D,0
-15.4053,142.6974,342.4,1,1,2014-11-03,0411,Aqua,MODIS,85,6.2,314.9,22.5,D,0
-14.6215,144.6806,330.5,1.1,1,2014-11-03,0411,Aqua,MODIS,73,6.2,307,14.8,D,0
-15.4143,142.6987,341.6,1,1,2014-11-03,0411,Aqua,MODIS,84,6.2,314,21.4,D,0
-15.455,142.673,337.9,1,1,2014-11-03,0411,Aqua,MODIS,72,6.2,314.1,15.8,D,0
-15.7412,142.1337,342.5,1,1,2014-11-03,0411,Aqua,MODIS,85,6.2,312.1,31.5,D,0
-15.3497,142.6986,336,1,1,2014-11-03,0411,Aqua,MODIS,67,6.2,312.9,13.1,D,0
-14.3348,144.511,323.6,1,1,2014-11-03,0411,Aqua,MODIS,54,6.2,305,11.6,D,0
-15.4874,142.6394,343.9,1,1,2014-11-03,0411,Aqua,MODIS,87,6.2,313.7,26.1,D,0
-15.3137,142.7639,344.2,1,1,2014-11-03,0411,Aqua,MODIS,87,6.2,312.8,25.3,D,0
-15.4653,142.6649,336,1,1,2014-11-03,0411,Aqua,MODIS,77,6.2,313.5,12.8,D,0
-15.1994,142.7879,338.3,1,1,2014-11-03,0411,Aqua,MODIS,54,6.2,313.2,14.1,D,0
-15.2853,142.7692,342.1,1,1,2014-11-03,0411,Aqua,MODIS,83,6.2,315.2,22,D,0
-15.3859,142.704,344.5,1,1,2014-11-03,0411,Aqua,MODIS,87,6.2,314.7,26,D,0
-15.3768,142.7027,342.3,1,1,2014-11-03,0411,Aqua,MODIS,85,6.2,316.5,22.1,D,0
-15.4757,142.6569,342.1,1,1,2014-11-03,0411,Aqua,MODIS,85,6.2,315.6,22.7,D,0
-15.2265,145.0013,334.1,1.1,1,2014-11-03,0411,Aqua,MODIS,81,6.2,298.3,27.9,D,0
-15.5043,142.5842,373,1,1,2014-11-03,0411,Aqua,MODIS,100,6.2,315,106.7,D,0
-15.3034,142.7719,342.5,1,1,2014-11-03,0411,Aqua,MODIS,85,6.2,315,22.1,D,0
-15.275,142.7772,340.1,1,1,2014-11-03,0411,Aqua,MODIS,79,6.2,312.6,18.9,D,0
-15.4847,142.6583,337.9,1,1,2014-11-03,0411,Aqua,MODIS,80,6.2,313.5,15.5,D,0
-15.3678,142.7013,338.7,1,1,2014-11-03,0411,Aqua,MODIS,71,6.2,316.1,16.1,D,0
-15.4343,142.689,342,1,1,2014-11-03,0411,Aqua,MODIS,85,6.2,313.7,22.4,D,0
-15.4247,142.6907,346.8,1,1,2014-11-03,0411,Aqua,MODIS,89,6.2,315.7,30.3,D,0
-15.4953,142.5829,333.9,1,1,2014-11-03,0411,Aqua,MODIS,56,6.2,309.3,12,D,0
-15.4156,142.6894,341.6,1,1,2014-11-03,0411,Aqua,MODIS,84,6.2,315.5,20.2,D,0
-12.4811,142.8297,333.6,1,1,2014-11-03,0411,Aqua,MODIS,71,6.2,301.7,20,D,0
-14.0584,135.2714,335.2,2.8,1.6,2014-11-03,0411,Aqua,MODIS,83,6.2,288.1,98.2,D,0
-14.0298,135.268,335.3,2.8,1.6,2014-11-03,0411,Aqua,MODIS,81,6.2,288.3,98.3,D,0
-14.0126,135.2917,325.5,2.8,1.6,2014-11-03,0411,Aqua,MODIS,43,6.2,288.8,36.3,D,0
-14.6484,144.438,324.1,1,1,2014-11-03,0411,Aqua,MODIS,27,6.2,303.6,6.9,D,0
-15.012,145.0764,331,1.1,1,2014-11-03,0411,Aqua,MODIS,76,6.2,299.3,22.6,D,0
-12.665,142.7671,334.2,1,1,2014-11-03,0411,Aqua,MODIS,81,6.2,305.1,17.5,D,0
-12.6753,142.7594,333.4,1,1,2014-11-03,0411,Aqua,MODIS,64,6.2,305.2,17.9,D,0
-12.4862,142.8585,347.7,1,1,2014-11-03,0411,Aqua,MODIS,92,6.2,305.8,43.7,D,0
-15.1,145.1077,324.4,1.1,1,2014-11-03,0411,Aqua,MODIS,61,6.2,301.7,14.6,D,0
-14.0608,135.2761,332.1,2.8,1.6,2014-11-03,0411,Aqua,MODIS,80,6.2,288.1,82.2,D,0
-12.4875,142.8494,364.6,1,1,2014-11-03,0411,Aqua,MODIS,100,6.2,307.6,85,D,0
-14.2291,136.9035,328,2.1,1.4,2014-11-03,0411,Aqua,MODIS,66,6.2,298.3,40.7,D,0
-14.2361,136.8456,349.2,2.1,1.4,2014-11-03,0411,Aqua,MODIS,94,6.2,296.2,145.5,D,0
-14.2385,136.8261,347.2,2.1,1.4,2014-11-03,0411,Aqua,MODIS,91,6.2,296.3,130.8,D,0
-12.4914,142.8219,343.9,1,1,2014-11-03,0411,Aqua,MODIS,90,6.2,301.2,37.1,D,0
-13.5961,132.5904,321.7,4.4,1.9,2014-11-03,0411,Aqua,MODIS,34,6.2,274.3,79.4,D,0
-12.4798,142.8389,348,1,1,2014-11-03,0411,Aqua,MODIS,93,6.2,303.2,44.6,D,0
-12.4901,142.8311,414.9,1,1,2014-11-03,0411,Aqua,MODIS,100,6.2,312.3,340.4,D,0
-12.4888,142.8402,409.3,1,1,2014-11-03,0411,Aqua,MODIS,100,6.2,313.9,299.3,D,0
-13.891,135.5175,329.7,2.6,1.6,2014-11-03,0411,Aqua,MODIS,64,6.2,296.4,51.9,D,0
-14.2294,136.685,325,2.2,1.4,2014-11-03,0411,Aqua,MODIS,48,6.2,283,48.9,D,0
-12.273,132.7198,334,4.1,1.9,2014-11-03,0412,Aqua,MODIS,81,6.2,293.9,175,D,0
-12.1193,136.278,335.6,2.2,1.4,2014-11-03,0412,Aqua,MODIS,79,6.2,305.8,65.4,D,0
-12.2689,132.7117,342.2,4.1,1.9,2014-11-03,0412,Aqua,MODIS,89,6.2,293.5,280.9,D,0
-12.8125,134.2705,327.2,3.2,1.7,2014-11-03,0412,Aqua,MODIS,49,6.2,297.9,59.2,D,0
-12.5256,136.6709,335,2,1.4,2014-11-03,0412,Aqua,MODIS,84,6.2,293.3,74.7,D,0
-11.0925,142.5693,328.8,1,1,2014-11-03,0412,Aqua,MODIS,42,6.2,301.1,17.2,D,0
-11.0861,142.5498,360.4,1,1,2014-11-03,0412,Aqua,MODIS,100,6.2,297.7,78.8,D,0
-11.0848,142.5588,337.3,1,1,2014-11-03,0412,Aqua,MODIS,83,6.2,299.9,28.5,D,0
-11.0938,142.5602,328.5,1,1,2014-11-03,0412,Aqua,MODIS,49,6.2,300.4,17.2,D,0
-12.8146,134.2638,333.9,3.2,1.7,2014-11-03,0412,Aqua,MODIS,83,6.2,298.6,106,D,0
-11.4714,142.4926,323.9,1,1,2014-11-03,0412,Aqua,MODIS,69,6.2,292.9,12.1,D,0
-12.8547,134.3058,329.8,3.2,1.7,2014-11-03,0412,Aqua,MODIS,70,6.2,299.1,79.9,D,0
-12.818,134.2349,324.4,3.2,1.7,2014-11-03,0412,Aqua,MODIS,46,6.2,295.9,46.7,D,0
-12.308,133.0207,328.6,3.9,1.8,2014-11-03,0412,Aqua,MODIS,74,6.2,298.1,70.7,D,0
-12.3246,133.0226,325.6,3.9,1.8,2014-11-03,0412,Aqua,MODIS,32,6.2,297.4,51.1,D,0
-12.8601,134.2702,327.8,3.2,1.7,2014-11-03,0412,Aqua,MODIS,70,6.2,296.4,67,D,0
-12.8732,134.2788,333.4,3.2,1.7,2014-11-03,0412,Aqua,MODIS,82,6.2,293.5,116.8,D,0
-11.8626,142.7117,320.8,1,1,2014-11-03,0412,Aqua,MODIS,61,6.2,296.2,10.5,D,0
-12.5279,136.6522,323.4,2.1,1.4,2014-11-03,0412,Aqua,MODIS,48,6.2,292.1,34.8,D,0
-12.4089,134.5057,324.7,3,1.6,2014-11-03,0412,Aqua,MODIS,50,6.2,297.2,33.1,D,0
-12.858,134.277,337.1,3.2,1.7,2014-11-03,0412,Aqua,MODIS,86,6.2,297.1,138,D,0
-12.8567,134.299,334.4,3.2,1.7,2014-11-03,0412,Aqua,MODIS,84,6.2,299,109.6,D,0
-11.0774,142.4185,339.3,1,1,2014-11-03,0412,Aqua,MODIS,89,6.2,302.4,31.6,D,0
-12.8156,134.2416,330.5,3.2,1.7,2014-11-03,0412,Aqua,MODIS,73,6.2,295.6,85.4,D,0
-12.7773,132.53,328.5,4.3,1.9,2014-11-03,0412,Aqua,MODIS,72,6.2,277.2,144.6,D,0
-12.7757,132.526,327.5,4.3,1.9,2014-11-03,0412,Aqua,MODIS,74,6.2,277.1,132.8,D,0
-29.2424,129.5446,385.2,2.2,1.5,2014-11-03,0545,Aqua,MODIS,100,6.2,314.1,517.1,D,0
-29.2469,129.5218,338.2,2.2,1.4,2014-11-03,0545,Aqua,MODIS,77,6.2,311.8,76.5,D,0
-29.2156,129.6099,351.9,2.3,1.5,2014-11-03,0545,Aqua,MODIS,95,6.2,284.4,185.4,D,0
-29.2203,129.5869,398.5,2.3,1.5,2014-11-03,0545,Aqua,MODIS,100,6.2,305.1,770,D,0
-29.2332,129.5904,382.5,2.3,1.5,2014-11-03,0545,Aqua,MODIS,100,6.2,311.7,494,D,0
-29.2286,129.6134,341.8,2.3,1.5,2014-11-03,0545,Aqua,MODIS,77,6.2,291.9,111.4,D,0
-29.2337,129.6466,377.4,2.3,1.5,2014-11-03,0545,Aqua,MODIS,100,6.2,295.7,423.8,D,0
-29.2903,129.6378,338.3,2.3,1.5,2014-11-03,0545,Aqua,MODIS,63,6.2,308,84.4,D,0
-29.224,129.6365,342.4,2.3,1.5,2014-11-03,0545,Aqua,MODIS,87,6.2,286.8,118.4,D,0
-29.2193,129.6596,336.9,2.3,1.5,2014-11-03,0545,Aqua,MODIS,49,6.2,301.9,95.4,D,0
-29.2303,129.597,392.8,2.3,1.5,2014-11-03,0545,Aqua,MODIS,100,6.2,308.9,647.1,D,0
-29.2289,129.6697,372.7,2.3,1.5,2014-11-03,0545,Aqua,MODIS,100,6.2,306.3,373.4,D,0
-29.2207,129.6431,336.6,2.3,1.5,2014-11-03,0545,Aqua,MODIS,71,6.2,291,82.4,D,0
-29.2553,129.5481,338.5,2.2,1.5,2014-11-03,0545,Aqua,MODIS,69,6.2,311,73.6,D,0
-29.2444,129.5286,359.5,2.2,1.4,2014-11-03,0545,Aqua,MODIS,99,6.2,312.3,219.1,D,0
-29.2385,129.6235,330.2,2.3,1.5,2014-11-03,0545,Aqua,MODIS,53,6.2,292.7,43.5,D,0
-29.2397,129.5513,369.3,2.2,1.5,2014-11-03,0545,Aqua,MODIS,100,6.2,310.5,312,D,0
-29.235,129.5741,361.2,2.3,1.5,2014-11-03,0545,Aqua,MODIS,100,6.2,311.5,235.1,D,0
-29.237,129.64,349.6,2.3,1.5,2014-11-03,0545,Aqua,MODIS,93,6.2,291,152.9,D,0
-29.2323,129.6632,370.3,2.3,1.5,2014-11-03,0545,Aqua,MODIS,100,6.2,305.7,347.7,D,0
-29.2173,129.5935,387.4,2.3,1.5,2014-11-03,0545,Aqua,MODIS,100,6.2,297.2,570.9,D,0
-29.2526,129.5547,348.7,2.2,1.5,2014-11-03,0545,Aqua,MODIS,87,6.2,312.2,135.8,D,0
-28.6296,130.1687,334.3,2.5,1.5,2014-11-03,0545,Aqua,MODIS,47,6.2,293.6,102.1,D,0
-29.1997,125.4629,358.7,1.3,1.1,2014-11-03,0545,Aqua,MODIS,99,6.2,314.7,87.4,D,0
-29.2241,129.6929,332.1,2.3,1.5,2014-11-03,0545,Aqua,MODIS,59,6.2,304.1,63.9,D,0
-28.6255,130.1627,335.6,2.5,1.5,2014-11-03,0545,Aqua,MODIS,70,6.2,297,115.9,D,0
-29.2277,129.6864,336.8,2.3,1.5,2014-11-03,0545,Aqua,MODIS,56,6.2,305.6,91.4,D,0
-29.1975,125.4758,339,1.3,1.1,2014-11-03,0545,Aqua,MODIS,80,6.2,313.3,29.4,D,0
-29.2096,125.4652,393,1.3,1.1,2014-11-03,0545,Aqua,MODIS,100,6.2,322,269.3,D,0
-29.2074,125.478,359.7,1.3,1.1,2014-11-03,0545,Aqua,MODIS,99,6.2,316.4,89.6,D,0
-29.2196,125.4674,351.3,1.3,1.1,2014-11-03,0545,Aqua,MODIS,93,6.2,317.1,61.5,D,0
-31.9171,121.965,334,1,1,2014-11-03,0545,Aqua,MODIS,0,6.2,314.6,18.6,D,0
-24.7315,129.4847,334.8,2.8,1.6,2014-11-03,0546,Aqua,MODIS,63,6.2,304,99.9,D,0
-24.723,129.4538,326.4,2.8,1.6,2014-11-03,0546,Aqua,MODIS,0,6.2,289.7,47.8,D,0
-24.7398,129.3724,353.3,2.8,1.6,2014-11-03,0546,Aqua,MODIS,96,6.2,309.9,229,D,0
-24.7256,129.369,352.1,2.8,1.6,2014-11-03,0546,Aqua,MODIS,95,6.2,307.6,212,D,0
-24.7115,129.3655,344.8,2.8,1.6,2014-11-03,0546,Aqua,MODIS,90,6.2,311.8,141.3,D,0
-24.731,129.4798,342.4,2.8,1.6,2014-11-03,0546,Aqua,MODIS,79,6.2,303.7,157.1,D,0
-24.7385,129.3673,353.3,2.8,1.6,2014-11-03,0546,Aqua,MODIS,96,6.2,309.7,231.9,D,0
-24.7244,129.3638,345.7,2.8,1.6,2014-11-03,0546,Aqua,MODIS,90,6.2,307.6,157.4,D,0
-24.7102,129.3603,340.6,2.8,1.6,2014-11-03,0546,Aqua,MODIS,48,6.2,312.1,113.4,D,0
-24.191,127.9634,342.4,2.3,1.5,2014-11-03,0547,Aqua,MODIS,87,6.2,312.5,80.2,D,0
-24.1895,127.9783,341,2.3,1.5,2014-11-03,0547,Aqua,MODIS,86,6.2,308.3,71.5,D,0
-24.5889,127.3383,348.4,2,1.4,2014-11-03,0547,Aqua,MODIS,92,6.2,304.1,113.8,D,0
-24.5882,127.333,343.9,2,1.4,2014-11-03,0547,Aqua,MODIS,88,6.2,305.9,90.2,D,0
-24.1997,127.9883,333.4,2.3,1.5,2014-11-03,0547,Aqua,MODIS,77,6.2,308.5,37.8,D,0
-22.3625,129.5326,328.8,3.2,1.7,2014-11-03,0547,Aqua,MODIS,56,6.2,306.7,52.1,D,0
-23.8241,128.0149,340.4,2.3,1.5,2014-11-03,0547,Aqua,MODIS,85,6.2,312.6,74,D,0
-23.7713,128.0736,347.6,2.3,1.5,2014-11-03,0547,Aqua,MODIS,91,6.2,312.8,120.1,D,0
-23.7758,128.0509,337.9,2.3,1.5,2014-11-03,0547,Aqua,MODIS,82,6.2,312.2,62.1,D,0
-23.7755,128.0669,351.9,2.3,1.5,2014-11-03,0547,Aqua,MODIS,94,6.2,313,154.4,D,0
-21.5294,128.9295,360.3,3,1.7,2014-11-03,0547,Aqua,MODIS,94,6.2,308.8,356.7,D,0
-23.08,124.8211,339.7,1.5,1.2,2014-11-03,0547,Aqua,MODIS,67,6.2,316.1,28.3,D,0
-23.3352,122.257,344.5,1.1,1,2014-11-03,0547,Aqua,MODIS,86,6.2,326.7,21.9,D,0
-22.157,123.9587,344.2,1.3,1.1,2014-11-03,0547,Aqua,MODIS,43,6.2,302.5,37.9,D,0
-22.1468,123.9567,342.7,1.3,1.1,2014-11-03,0547,Aqua,MODIS,0,6.2,292.7,37.7,D,0
-22.8247,122.1688,384.6,1.1,1,2014-11-03,0547,Aqua,MODIS,100,6.2,328.7,154.8,D,0
-22.9275,126.6027,351.4,1.9,1.4,2014-11-03,0547,Aqua,MODIS,0,6.2,295.7,120.4,D,0
-22.9241,126.6213,347.3,1.9,1.4,2014-11-03,0547,Aqua,MODIS,79,6.2,306.3,95.1,D,0
-23.0334,124.6195,363.2,1.4,1.2,2014-11-03,0547,Aqua,MODIS,100,6.2,308,121.7,D,0
-23.0391,124.612,361.9,1.4,1.2,2014-11-03,0547,Aqua,MODIS,94,6.2,313.7,115.4,D,0
-23.0367,124.6257,354.8,1.4,1.2,2014-11-03,0547,Aqua,MODIS,96,6.2,309.5,87,D,0
-22.8483,122.0771,349.6,1.1,1,2014-11-03,0547,Aqua,MODIS,91,6.2,324.7,33.5,D,0
-22.8592,122.0685,365.4,1.1,1,2014-11-03,0547,Aqua,MODIS,100,6.2,325.1,79.3,D,0
-22.8576,122.0788,344.9,1.1,1,2014-11-03,0547,Aqua,MODIS,85,6.2,325.8,23.6,D,0
-23.2483,122.3417,343.6,1.1,1,2014-11-03,0547,Aqua,MODIS,47,6.2,326.5,17.1,D,0
-23.2576,122.3435,348.3,1.1,1,2014-11-03,0547,Aqua,MODIS,53,6.2,328.5,24.3,D,0
-22.7934,123.2603,343.2,1.2,1.1,2014-11-03,0547,Aqua,MODIS,84,6.2,323.5,21.7,D,0
-22.7967,123.2558,340.8,1.2,1.1,2014-11-03,0547,Aqua,MODIS,56,6.2,323.2,14.7,D,0
-22.7948,123.2674,346,1.2,1.1,2014-11-03,0547,Aqua,MODIS,88,6.2,323.5,25.9,D,0
-22.7872,123.3137,342.8,1.2,1.1,2014-11-03,0547,Aqua,MODIS,81,6.2,322.2,19.7,D,0
-22.7969,123.3156,345,1.2,1.1,2014-11-03,0547,Aqua,MODIS,87,6.2,324.4,24.6,D,0
-22.795,123.3272,346.8,1.2,1.1,2014-11-03,0547,Aqua,MODIS,89,6.2,322.8,30.8,D,0
-22.7931,123.3389,340.6,1.2,1.1,2014-11-03,0547,Aqua,MODIS,80,6.2,321.3,17.3,D,0
-22.8048,123.3291,366.5,1.2,1.1,2014-11-03,0547,Aqua,MODIS,100,6.2,328,94.1,D,0
-22.8029,123.3408,447.1,1.2,1.1,2014-11-03,0547,Aqua,MODIS,100,6.2,337.4,844.5,D,0
-22.801,123.3524,342.9,1.2,1.1,2014-11-03,0547,Aqua,MODIS,84,6.2,321.7,22,D,0
-22.8127,123.3426,350.4,1.2,1.1,2014-11-03,0547,Aqua,MODIS,92,6.2,323.3,40.2,D,0
-23.256,122.354,386.2,1.1,1,2014-11-03,0547,Aqua,MODIS,100,6.2,331.7,160.6,D,0
-23.2544,122.3645,390.3,1.1,1,2014-11-03,0547,Aqua,MODIS,100,6.2,329.4,183.8,D,0
-23.2527,122.375,345.8,1.1,1,2014-11-03,0547,Aqua,MODIS,87,6.2,324.5,23.8,D,0
-23.2653,122.3557,355.1,1.1,1,2014-11-03,0547,Aqua,MODIS,78,6.2,329.6,40,D,0
-23.2637,122.3662,412.9,1.1,1,2014-11-03,0547,Aqua,MODIS,100,6.2,338.2,339.8,D,0
-23.262,122.3767,415.7,1.1,1,2014-11-03,0547,Aqua,MODIS,100,6.2,330,368.9,D,0
-23.273,122.3679,353.8,1.1,1,2014-11-03,0547,Aqua,MODIS,94,6.2,324.7,40.7,D,0
-23.2714,122.3784,346.2,1.1,1,2014-11-03,0547,Aqua,MODIS,88,6.2,320.7,26.5,D,0
-23.3545,122.3789,373.3,1.1,1,2014-11-03,0547,Aqua,MODIS,100,6.2,329.2,104.3,D,0
-23.3529,122.3895,376.7,1.1,1,2014-11-03,0547,Aqua,MODIS,100,6.2,327.1,120.1,D,0
-23.3512,122.4,342.8,1.1,1,2014-11-03,0547,Aqua,MODIS,84,6.2,323.7,18,D,0
-23.3687,122.3491,345.2,1.1,1,2014-11-03,0547,Aqua,MODIS,87,6.2,326.1,21.3,D,0
-23.3654,122.3701,352.4,1.1,1,2014-11-03,0547,Aqua,MODIS,94,6.2,327.9,34,D,0
-23.3638,122.3807,352.4,1.1,1,2014-11-03,0547,Aqua,MODIS,93,6.2,329,34.2,D,0
-23.3622,122.3912,440.1,1.1,1,2014-11-03,0547,Aqua,MODIS,100,6.2,400.1,623.1,D,0
-23.3605,122.4017,412.3,1.1,1,2014-11-03,0547,Aqua,MODIS,100,6.2,328.8,337.1,D,0
-23.3747,122.3719,382.6,1.1,1,2014-11-03,0547,Aqua,MODIS,100,6.2,330.3,140.8,D,0
-23.3731,122.3824,383,1.1,1,2014-11-03,0547,Aqua,MODIS,100,6.2,330.2,143.5,D,0
-23.3715,122.3929,352.7,1.1,1,2014-11-03,0547,Aqua,MODIS,80,6.2,326.8,34.9,D,0
-23.3699,122.4035,352.7,1.1,1,2014-11-03,0547,Aqua,MODIS,94,6.2,323.7,36.5,D,0
-23.3824,122.3841,389.2,1.1,1,2014-11-03,0547,Aqua,MODIS,100,6.2,328.3,179.2,D,0
-23.3917,122.3858,340.4,1.1,1,2014-11-03,0547,Aqua,MODIS,60,6.2,325,11.8,D,0
-23.3901,122.3964,339.7,1.1,1,2014-11-03,0547,Aqua,MODIS,71,6.2,322.6,11.2,D,0
-23.3803,122.5528,339,1.1,1,2014-11-03,0547,Aqua,MODIS,59,6.2,322.1,15.6,D,0
-23.3786,122.5635,349.8,1.1,1,2014-11-03,0547,Aqua,MODIS,92,6.2,323,39.4,D,0
-21.6698,126.9176,338.2,2.2,1.4,2014-11-03,0547,Aqua,MODIS,38,6.2,311.9,54.1,D,0
-25.1952,121.5879,339.3,1,1,2014-11-03,0547,Aqua,MODIS,73,6.2,323.1,13.3,D,0
-25.1862,121.5863,356.1,1,1,2014-11-03,0547,Aqua,MODIS,97,6.2,324.6,47,D,0
-25.137,121.5514,342.5,1,1,2014-11-03,0547,Aqua,MODIS,77,6.2,326.1,15.8,D,0
-22.0121,125.7162,344.2,1.7,1.3,2014-11-03,0547,Aqua,MODIS,69,6.2,301.3,69.1,D,0
-22.0151,125.6996,379.7,1.7,1.3,2014-11-03,0547,Aqua,MODIS,94,6.2,313.5,295.1,D,0
-22.0035,125.6972,356.6,1.7,1.3,2014-11-03,0547,Aqua,MODIS,74,6.2,292.4,127.2,D,0
-22.0158,125.7102,358.4,1.7,1.3,2014-11-03,0547,Aqua,MODIS,75,6.2,309,137.3,D,0
-22.0187,125.6936,346.9,1.7,1.3,2014-11-03,0547,Aqua,MODIS,62,6.2,312.5,80.1,D,0
-22.0043,125.7077,358.6,1.7,1.3,2014-11-03,0547,Aqua,MODIS,0,6.2,307.5,137.4,D,0
-23.0861,124.8145,340,1.4,1.2,2014-11-03,0547,Aqua,MODIS,80,6.2,316.3,31.5,D,0
-23.0823,124.807,341,1.4,1.2,2014-11-03,0547,Aqua,MODIS,81,6.2,315.9,32.8,D,0
-21.0856,130.8074,337.2,4.2,1.9,2014-11-03,0547,Aqua,MODIS,79,6.2,309.6,149.7,D,0
-21.0865,130.8128,339.5,4.2,1.9,2014-11-03,0547,Aqua,MODIS,82,6.2,310.2,178.4,D,0
-24.2337,123.8041,424.2,1.2,1.1,2014-11-03,0547,Aqua,MODIS,100,6.2,327,537.5,D,0
-23.4127,122.5919,365.5,1.1,1,2014-11-03,0547,Aqua,MODIS,87,6.2,319.2,78.1,D,0
-23.4238,122.583,402.3,1.1,1,2014-11-03,0547,Aqua,MODIS,94,6.2,331.5,270.6,D,0
-23.4221,122.5937,410.2,1.1,1,2014-11-03,0547,Aqua,MODIS,0,6.2,323.4,332.4,D,0
-23.4601,122.5744,336,1.1,1,2014-11-03,0547,Aqua,MODIS,70,6.2,319.2,12.4,D,0
-23.5367,122.5778,338.1,1.1,1,2014-11-03,0547,Aqua,MODIS,23,6.2,322.9,11.1,D,0
-25.0667,121.3994,340.3,1,1,2014-11-03,0547,Aqua,MODIS,46,6.2,328.1,9.1,D,0
-23.5707,124.2725,337.3,1.3,1.1,2014-11-03,0547,Aqua,MODIS,75,6.2,319.7,15.9,D,0
-23.5686,124.2853,347.2,1.3,1.1,2014-11-03,0547,Aqua,MODIS,89,6.2,318.7,42.8,D,0
-22.374,122.5077,342.8,1.1,1.1,2014-11-03,0547,Aqua,MODIS,84,6.2,324.3,18.5,D,0
-22.3835,122.5095,352.8,1.1,1.1,2014-11-03,0547,Aqua,MODIS,94,6.2,325.4,42.4,D,0
-23.8351,123.4759,340.1,1.2,1.1,2014-11-03,0547,Aqua,MODIS,35,6.2,323.5,14,D,0
-23.5444,122.5902,339.1,1.1,1,2014-11-03,0547,Aqua,MODIS,38,6.2,323.4,14.1,D,0
-23.5498,122.5859,370.2,1.1,1,2014-11-03,0547,Aqua,MODIS,100,6.2,326.5,95.6,D,0
-23.5591,122.5876,407.9,1.1,1,2014-11-03,0547,Aqua,MODIS,100,6.2,334.5,311,D,0
-22.9581,124.8054,337.6,1.5,1.2,2014-11-03,0547,Aqua,MODIS,35,6.2,314.9,26.4,D,0
-23.4144,122.5812,374.7,1.1,1,2014-11-03,0547,Aqua,MODIS,100,6.2,324,114.2,D,0
-24.8439,121.7871,346.3,1,1,2014-11-03,0547,Aqua,MODIS,88,6.2,323.9,23.1,D,0
-24.8424,121.7972,358.9,1,1,2014-11-03,0547,Aqua,MODIS,99,6.2,322.8,53,D,0
-24.853,121.7888,404.5,1,1,2014-11-03,0547,Aqua,MODIS,100,6.2,333.2,255.7,D,0
-24.8515,121.7988,360,1,1,2014-11-03,0547,Aqua,MODIS,99,6.2,323.1,55.9,D,0
-24.8621,121.7904,339.8,1,1,2014-11-03,0547,Aqua,MODIS,68,6.2,326.3,13.5,D,0
-24.915,121.8068,353.9,1,1,2014-11-03,0547,Aqua,MODIS,70,6.2,327.9,34,D,0
-24.9105,121.8369,350.8,1,1,2014-11-03,0547,Aqua,MODIS,56,6.2,326.2,30.5,D,0
-24.9211,121.8286,353.3,1,1,2014-11-03,0547,Aqua,MODIS,67,6.2,330.1,34.7,D,0
-24.9196,121.8386,366.9,1,1,2014-11-03,0547,Aqua,MODIS,100,6.2,328.8,73.1,D,0
-24.9287,121.8403,350.9,1,1,2014-11-03,0547,Aqua,MODIS,85,6.2,327.5,32.3,D,0
-24.8545,121.7787,399.2,1,1,2014-11-03,0547,Aqua,MODIS,100,6.2,336.1,221.2,D,0
-24.8636,121.7804,342.9,1,1,2014-11-03,0547,Aqua,MODIS,84,6.2,328,17.9,D,0
-25.2206,121.5413,366.1,1,1,2014-11-03,0547,Aqua,MODIS,93,6.2,327.8,65.4,D,0
-23.8449,123.4778,342.7,1.2,1.1,2014-11-03,0547,Aqua,MODIS,82,6.2,324.3,21.5,D,0
-23.9513,123.2696,341.9,1.2,1.1,2014-11-03,0547,Aqua,MODIS,83,6.2,325.1,19.2,D,0
-23.9188,123.2866,340.3,1.2,1.1,2014-11-03,0547,Aqua,MODIS,78,6.2,325.4,15.6,D,0
-22.8231,122.1792,380.1,1.1,1,2014-11-03,0547,Aqua,MODIS,100,6.2,325.1,133.4,D,0
-22.8323,122.1809,350.7,1.1,1,2014-11-03,0547,Aqua,MODIS,92,6.2,325.5,33,D,0
-22.8307,122.1914,357,1.1,1,2014-11-03,0547,Aqua,MODIS,97,6.2,324.2,49.2,D,0
-22.84,122.1931,350.1,1.1,1,2014-11-03,0547,Aqua,MODIS,92,6.2,326.5,31.9,D,0
-22.8384,122.2035,379.5,1.1,1,2014-11-03,0547,Aqua,MODIS,100,6.2,325.6,132.6,D,0
-23.5685,122.5893,336.8,1.1,1,2014-11-03,0547,Aqua,MODIS,65,6.2,322.1,11.2,D,0
-23.5558,122.609,352.8,1.1,1,2014-11-03,0547,Aqua,MODIS,85,6.2,323.1,44.5,D,0
-23.5575,122.5983,414.1,1.1,1,2014-11-03,0547,Aqua,MODIS,100,6.2,331.7,362.6,D,0
-22.8368,122.2139,338.3,1.1,1,2014-11-03,0547,Aqua,MODIS,47,6.2,321,10,D,0
-23.5635,122.6214,376.5,1.1,1,2014-11-03,0547,Aqua,MODIS,100,6.2,323,129.5,D,0
-23.5651,122.6107,353,1.1,1,2014-11-03,0547,Aqua,MODIS,94,6.2,320.8,47.7,D,0
-23.5668,122.6,337.2,1.1,1,2014-11-03,0547,Aqua,MODIS,52,6.2,318.7,12,D,0
-24.1484,123.6949,351.4,1.2,1.1,2014-11-03,0547,Aqua,MODIS,93,6.2,324.4,42.6,D,0
-24.1465,123.7067,343.1,1.2,1.1,2014-11-03,0547,Aqua,MODIS,77,6.2,321.5,21.9,D,0
-24.1563,123.7086,339.2,1.2,1.1,2014-11-03,0547,Aqua,MODIS,55,6.2,322.7,14.3,D,0
-24.1661,123.7105,340.4,1.2,1.1,2014-11-03,0547,Aqua,MODIS,47,6.2,322.8,16.4,D,0
-24.1641,123.7224,356.3,1.2,1.1,2014-11-03,0547,Aqua,MODIS,97,6.2,323.4,60.5,D,0
-24.1897,123.7519,359.8,1.2,1.1,2014-11-03,0547,Aqua,MODIS,99,6.2,326.2,73.2,D,0
-24.1878,123.7637,340.4,1.2,1.1,2014-11-03,0547,Aqua,MODIS,38,6.2,320.7,18.6,D,0
-24.1924,123.7469,357.6,1.2,1.1,2014-11-03,0547,Aqua,MODIS,98,6.2,326,63,D,0
-24.1905,123.7588,361.5,1.2,1.1,2014-11-03,0547,Aqua,MODIS,100,6.2,324,75.3,D,0
-24.2003,123.7607,353.9,1.2,1.1,2014-11-03,0547,Aqua,MODIS,83,6.2,326.9,49.9,D,0
-24.1983,123.7726,357.9,1.2,1.1,2014-11-03,0547,Aqua,MODIS,96,6.2,321.7,62.4,D,0
-24.2121,123.7508,341,1.2,1.1,2014-11-03,0547,Aqua,MODIS,72,6.2,322.4,18.4,D,0
-24.2101,123.7626,346.3,1.2,1.1,2014-11-03,0547,Aqua,MODIS,85,6.2,324,30.3,D,0
-24.2081,123.7745,355.4,1.2,1.1,2014-11-03,0547,Aqua,MODIS,92,6.2,327.8,55.3,D,0
-24.2062,123.7864,410.7,1.2,1.1,2014-11-03,0547,Aqua,MODIS,100,6.2,328.3,391.3,D,0
-24.2199,123.7645,348.5,1.2,1.1,2014-11-03,0547,Aqua,MODIS,89,6.2,322.7,34,D,0
-24.218,123.7764,354.1,1.2,1.1,2014-11-03,0547,Aqua,MODIS,90,6.2,324.7,49.7,D,0
-24.216,123.7883,411.6,1.2,1.1,2014-11-03,0547,Aqua,MODIS,100,6.2,332.8,399,D,0
-24.214,123.8002,359.4,1.2,1.1,2014-11-03,0547,Aqua,MODIS,99,6.2,316,75.5,D,0
-24.2278,123.7784,345.4,1.2,1.1,2014-11-03,0547,Aqua,MODIS,80,6.2,325.1,25.6,D,0
-24.2258,123.7902,459.8,1.2,1.1,2014-11-03,0547,Aqua,MODIS,100,6.2,400.1,1084.6,D,0
-24.2239,123.8021,452.7,1.2,1.1,2014-11-03,0547,Aqua,MODIS,100,6.2,334.4,958.3,D,0
-24.2356,123.7922,372.9,1.2,1.1,2014-11-03,0547,Aqua,MODIS,100,6.2,326.4,125.4,D,0
-25.3498,121.4183,340.7,1,1,2014-11-03,0547,Aqua,MODIS,63,6.2,327.5,10.2,D,0
-25.3376,121.3753,340.8,1,1,2014-11-03,0547,Aqua,MODIS,57,6.2,326.5,10.3,D,0
-25.2311,121.533,354.4,1,1,2014-11-03,0547,Aqua,MODIS,91,6.2,329.9,33.9,D,0
-25.2221,121.5314,370.3,1,1,2014-11-03,0547,Aqua,MODIS,100,6.2,332.5,76.4,D,0
-25.2131,121.5298,350,1,1,2014-11-03,0547,Aqua,MODIS,32,6.2,331.6,21.2,D,0
-25.2039,121.4668,342.5,1,1,2014-11-03,0547,Aqua,MODIS,28,6.2,327.4,10.7,D,0
-25.1919,121.4851,345.5,1,1,2014-11-03,0547,Aqua,MODIS,52,6.2,329.7,15.6,D,0
-25.1833,121.4883,341.8,1,1,2014-11-03,0547,Aqua,MODIS,76,6.2,327.1,12.7,D,0
-25.3297,121.3026,344.8,1,1,2014-11-03,0547,Aqua,MODIS,83,6.2,326.4,18.4,D,0
-23.3863,122.5759,349.5,1.1,1,2014-11-03,0547,Aqua,MODIS,85,6.2,324.1,35.7,D,0
-23.3846,122.5866,353.2,1.1,1,2014-11-03,0547,Aqua,MODIS,95,6.2,321.7,46.5,D,0
-23.394,122.5884,367.1,1.1,1,2014-11-03,0547,Aqua,MODIS,100,6.2,325.7,88.7,D,0
-25.5382,121.2606,340.8,1,1,2014-11-03,0547,Aqua,MODIS,79,6.2,324.9,14.3,D,0
-23.3923,122.5991,359.3,1.1,1,2014-11-03,0547,Aqua,MODIS,99,6.2,321.3,64.8,D,0
-23.4033,122.5902,352.3,1.1,1,2014-11-03,0547,Aqua,MODIS,88,6.2,322.1,42.2,D,0
-23.4017,122.6008,363.1,1.1,1,2014-11-03,0547,Aqua,MODIS,87,6.2,322.3,77.3,D,0
-23.4,122.6115,343.1,1.1,1,2014-11-03,0547,Aqua,MODIS,73,6.2,318.7,27.9,D,0
-23.4161,122.5705,351.9,1.1,1,2014-11-03,0547,Aqua,MODIS,93,6.2,324.1,40.3,D,0
-20.9504,123.5734,341.5,1.3,1.1,2014-11-03,0548,Aqua,MODIS,63,6.2,315.1,27.3,D,0
-20.9688,123.59,348.5,1.3,1.1,2014-11-03,0548,Aqua,MODIS,84,6.2,312.9,50.1,D,0
-20.9586,123.588,395.3,1.3,1.1,2014-11-03,0548,Aqua,MODIS,100,6.2,317.1,300.9,D,0
-18.3443,129.555,334,3.9,1.8,2014-11-03,0548,Aqua,MODIS,73,6.2,293.6,156.6,D,0
-18.3552,129.5495,327.8,3.9,1.8,2014-11-03,0548,Aqua,MODIS,39,6.2,295.2,93.9,D,0
-20.9606,123.5754,399.6,1.3,1.1,2014-11-03,0548,Aqua,MODIS,100,6.2,323.3,334.8,D,0
-20.2773,123.3066,346.8,1.3,1.1,2014-11-03,0548,Aqua,MODIS,89,6.2,314.8,42.5,D,0
-21.091,127.3192,341.3,2.4,1.5,2014-11-03,0548,Aqua,MODIS,84,6.2,313.6,82.6,D,0
-19.8566,127.7472,336.6,2.7,1.6,2014-11-03,0548,Aqua,MODIS,78,6.2,312.5,68.2,D,0
-20.2793,123.2942,340.5,1.3,1.1,2014-11-03,0548,Aqua,MODIS,81,6.2,315.7,24.8,D,0
-19.3322,123.5137,338.8,1.4,1.2,2014-11-03,0548,Aqua,MODIS,78,6.2,317.8,20.9,D,0
-19.3197,123.5248,374.1,1.4,1.2,2014-11-03,0548,Aqua,MODIS,100,6.2,318.9,164.6,D,0
-19.3175,123.5379,366.2,1.4,1.2,2014-11-03,0548,Aqua,MODIS,100,6.2,319.7,121.2,D,0
-18.5874,122.7261,340.5,1.3,1.1,2014-11-03,0548,Aqua,MODIS,56,6.2,317.4,23.4,D,0
-18.7616,122.5987,341,1.2,1.1,2014-11-03,0548,Aqua,MODIS,26,6.2,317.7,22.4,D,0
-19.3301,123.5267,353,1.4,1.2,2014-11-03,0548,Aqua,MODIS,94,6.2,317.5,65.4,D,0
-21.8874,123.2976,355.6,1.2,1.1,2014-11-03,0548,Aqua,MODIS,96,6.2,317.7,67.5,D,0
-18.9335,122.5523,340.3,1.2,1.1,2014-11-03,0548,Aqua,MODIS,78,6.2,310.4,27.9,D,0
-18.9038,122.5469,337,1.2,1.1,2014-11-03,0548,Aqua,MODIS,46,6.2,313.3,14.6,D,0
-19.3218,123.5117,339.3,1.4,1.2,2014-11-03,0548,Aqua,MODIS,79,6.2,317.9,21.7,D,0
-19.3153,123.5511,340.2,1.4,1.2,2014-11-03,0548,Aqua,MODIS,80,6.2,319.6,22.9,D,0
-19.8657,127.7755,344.6,2.7,1.6,2014-11-03,0548,Aqua,MODIS,88,6.2,309.5,134,D,0
-19.8707,127.7502,348.6,2.7,1.6,2014-11-03,0548,Aqua,MODIS,91,6.2,310,159.9,D,0
-19.8636,127.7696,356,2.7,1.6,2014-11-03,0548,Aqua,MODIS,97,6.2,310.7,237.9,D,0
-19.8684,127.7443,344.4,2.7,1.6,2014-11-03,0548,Aqua,MODIS,88,6.2,311,124.6,D,0
-19.5086,129.712,345.6,3.8,1.8,2014-11-03,0548,Aqua,MODIS,89,6.2,300.9,296,D,0
-19.504,129.7057,339.9,3.8,1.8,2014-11-03,0548,Aqua,MODIS,75,6.2,302,213.4,D,0
-18.6258,128.2202,349.4,3.1,1.7,2014-11-03,0548,Aqua,MODIS,92,6.2,309.9,206.6,D,0
-20.5041,122.1472,336.8,1.1,1.1,2014-11-03,0548,Aqua,MODIS,74,6.2,316.5,10.7,D,0
-20.2001,122.7675,339.3,1.2,1.1,2014-11-03,0548,Aqua,MODIS,48,6.2,316,14.3,D,0
-20.2039,122.7444,340.2,1.2,1.1,2014-11-03,0548,Aqua,MODIS,51,6.2,316.5,16.8,D,0
-18.1711,122.6461,359.9,1.3,1.1,2014-11-03,0549,Aqua,MODIS,99,6.2,316.5,85.7,D,0
-18.1611,122.6443,337.5,1.3,1.1,2014-11-03,0549,Aqua,MODIS,52,6.2,315.2,16.7,D,0
-18.1649,122.6203,351.5,1.3,1.1,2014-11-03,0549,Aqua,MODIS,93,6.2,315.7,49.9,D,0
-18.1668,122.6083,363.5,1.3,1.1,2014-11-03,0549,Aqua,MODIS,100,6.2,316.3,93.4,D,0
-17.8653,123.2657,340.7,1.4,1.2,2014-11-03,0549,Aqua,MODIS,45,6.2,318.9,22.3,D,0
-16.2993,123.9538,326.7,1.7,1.3,2014-11-03,0549,Aqua,MODIS,0,6.2,303.6,24.9,D,0
-16.1253,124.8378,346.3,2,1.4,2014-11-03,0549,Aqua,MODIS,79,6.2,291.5,116.3,D,0
-14.9395,127.5271,333.7,3.3,1.7,2014-11-03,0549,Aqua,MODIS,57,6.2,304,97.8,D,0
-17.1815,128.8431,327.3,3.7,1.8,2014-11-03,0549,Aqua,MODIS,55,6.2,296.9,77,D,0
-17.1831,128.8709,325.6,3.7,1.8,2014-11-03,0549,Aqua,MODIS,35,6.2,297.6,61.5,D,0
-14.1949,127.2366,331.8,3.2,1.7,2014-11-03,0549,Aqua,MODIS,75,6.2,303.2,59.5,D,0
-14.8994,127.4871,332.6,3.3,1.7,2014-11-03,0549,Aqua,MODIS,76,6.2,297,97.2,D,0
-14.1975,127.2293,335.4,3.2,1.7,2014-11-03,0549,Aqua,MODIS,87,6.2,302.8,85.7,D,0
-15.4369,126.5652,342.9,2.7,1.6,2014-11-03,0549,Aqua,MODIS,77,6.2,296.3,156.6,D,0
-14.8937,127.5175,329.5,3.3,1.7,2014-11-03,0549,Aqua,MODIS,57,6.2,297.5,78.7,D,0
-14.2004,127.2065,337.9,3.2,1.7,2014-11-03,0549,Aqua,MODIS,47,6.2,299.8,125.8,D,0
-16.9588,126.0882,331,2.3,1.5,2014-11-03,0549,Aqua,MODIS,52,6.2,303.7,41.8,D,0
-14.1701,127.2005,333.2,3.2,1.7,2014-11-03,0549,Aqua,MODIS,59,6.2,301,86.3,D,0
-14.1725,127.1932,333.4,3.2,1.7,2014-11-03,0549,Aqua,MODIS,65,6.2,300.3,92.9,D,0
-14.6413,126.3801,330.3,2.7,1.6,2014-11-03,0549,Aqua,MODIS,35,6.2,304.6,53.4,D,0
-28.9261,130.3077,300.3,2.8,1.6,2014-11-03,1332,Terra,MODIS,25,6.2,284.8,24.2,N,0
-29.2058,129.6173,313.3,3.1,1.7,2014-11-03,1332,Terra,MODIS,22,6.2,287.9,56.4,N,0
-28.9285,130.2792,300.7,2.8,1.6,2014-11-03,1332,Terra,MODIS,33,6.2,286.1,24.7,N,0
-29.2034,129.6236,314.7,3.1,1.7,2014-11-03,1332,Terra,MODIS,46,6.2,288.1,64.5,N,0
-20.7324,139.4768,313.1,1.1,1.1,2014-11-03,1334,Terra,MODIS,86,6.2,297.1,10.8,N,2
-21.7584,141.2146,307.2,1.4,1.2,2014-11-03,1334,Terra,MODIS,70,6.2,297.1,8.4,N,0
-17.1935,128.8775,303.6,2.5,1.5,2014-11-03,1335,Terra,MODIS,6,6.2,290,12.8,N,0
-17.2004,128.885,302.9,2.5,1.5,2014-11-03,1335,Terra,MODIS,37,6.2,289.9,12.4,N,0
-19.5118,129.7956,309.4,2.3,1.5,2014-11-03,1335,Terra,MODIS,55,6.2,293.6,20.7,N,0
-19.514,129.7738,312.1,2.3,1.5,2014-11-03,1335,Terra,MODIS,84,6.2,293.7,27.4,N,0
-19.5149,129.7905,313.5,2.3,1.5,2014-11-03,1335,Terra,MODIS,85,6.2,294,30.9,N,0
-19.5018,129.789,308.8,2.3,1.5,2014-11-03,1335,Terra,MODIS,60,6.2,293.4,19.7,N,0
-19.4933,129.7441,307,2.3,1.5,2014-11-03,1335,Terra,MODIS,21,6.2,294.2,14.8,N,0
-16.9037,137.375,308.6,1,1,2014-11-03,1335,Terra,MODIS,74,6.2,296.4,5.3,N,0
-12.6988,142.7253,312.6,2.6,1.6,2014-11-03,1336,Terra,MODIS,85,6.2,285.6,46.3,N,0
-12.7034,142.732,314,2.6,1.6,2014-11-03,1336,Terra,MODIS,88,6.2,286.9,50.8,N,0
-12.872,132.8259,302.9,1.2,1.1,2014-11-03,1336,Terra,MODIS,47,6.2,284.8,3.7,N,0
-12.8997,132.765,306.2,1.2,1.1,2014-11-03,1336,Terra,MODIS,65,6.2,288.5,5.9,N,0
-14.4365,133.4776,304.4,1.1,1.1,2014-11-03,1336,Terra,MODIS,60,6.2,276.2,6,N,0
-14.2631,136.9274,307.9,1.1,1,2014-11-03,1336,Terra,MODIS,57,6.2,287.2,7.3,N,0
-15.3566,134.4899,371.7,1,1,2014-11-03,1336,Terra,MODIS,100,6.2,297.3,124.9,N,0
-14.4305,132.9756,303.4,1.2,1.1,2014-11-03,1336,Terra,MODIS,39,6.2,278.1,5.2,N,0
-15.7009,133.9851,307.2,1.1,1,2014-11-03,1336,Terra,MODIS,38,6.2,289.3,4.6,N,0
-13.4931,135.8393,319.5,1,1,2014-11-03,1336,Terra,MODIS,99,6.2,288,16,N,0
-14.6055,133.1878,304,1.2,1.1,2014-11-03,1336,Terra,MODIS,24,6.2,276.7,4.9,N,0
-14.6098,133.1556,307.5,1.2,1.1,2014-11-03,1336,Terra,MODIS,27,6.2,275,7.2,N,0
-14.6001,133.1543,312.2,1.2,1.1,2014-11-03,1336,Terra,MODIS,52,6.2,280.2,10.5,N,0
-14.5919,133.1423,313.5,1.2,1.1,2014-11-03,1336,Terra,MODIS,40,6.2,283.1,12,N,0
-15.6901,133.9939,309,1.1,1,2014-11-03,1336,Terra,MODIS,55,6.2,290.3,5.8,N,0
-15.5608,133.9892,310.5,1.1,1,2014-11-03,1336,Terra,MODIS,76,6.2,292.5,6.7,N,0
-13.3813,133.8189,301.7,1.1,1,2014-11-03,1336,Terra,MODIS,33,6.2,281.7,3.7,N,0
-13.4288,133.8158,303.7,1.1,1,2014-11-03,1336,Terra,MODIS,57,6.2,283.6,4.4,N,0
-15.3317,134.4664,315.9,1,1,2014-11-03,1336,Terra,MODIS,73,6.2,293.1,9.2,N,0
-13.4434,133.7782,303.9,1.1,1,2014-11-03,1336,Terra,MODIS,23,6.2,285.1,4.3,N,0
-12.8672,134.287,302,1,1,2014-11-03,1336,Terra,MODIS,37,6.2,285.3,3.5,N,0
-13.4447,133.7684,308.2,1.1,1,2014-11-03,1336,Terra,MODIS,70,6.2,285.3,7.2,N,0
-13.3852,133.7897,302.8,1.1,1,2014-11-03,1336,Terra,MODIS,18,6.2,282.1,3.8,N,0
-15.6995,133.9953,310.6,1.1,1,2014-11-03,1336,Terra,MODIS,77,6.2,290.4,7.2,N,0
-15.3422,134.4581,315.8,1,1,2014-11-03,1336,Terra,MODIS,65,6.2,293.4,9.2,N,0
-15.3579,134.4802,341.5,1,1,2014-11-03,1336,Terra,MODIS,100,6.2,294.9,43.6,N,0
-15.3436,134.4484,315.9,1,1,2014-11-03,1336,Terra,MODIS,91,6.2,293.5,9.9,N,0
-16.1387,124.8989,304.9,4.8,2,2014-11-03,1336,Terra,MODIS,62,6.2,285.7,52.8,N,0
-16.1928,124.8722,313.9,4.8,2,2014-11-03,1336,Terra,MODIS,88,6.2,284.1,112.1,N,0
-16.195,124.8675,313.5,4.8,2,2014-11-03,1336,Terra,MODIS,87,6.2,284.2,108.4,N,0
-16.1368,124.9055,303.4,4.8,2,2014-11-03,1336,Terra,MODIS,51,6.2,285.5,43.6,N,0
-14.0935,135.2436,321.1,1,1,2014-11-03,1336,Terra,MODIS,100,6.2,285.9,16.7,N,0
-14.1507,136.6322,306.7,1,1,2014-11-03,1336,Terra,MODIS,69,6.2,286.6,6.3,N,0
-14.1598,136.6337,314.9,1,1,2014-11-03,1336,Terra,MODIS,90,6.2,286.3,12.3,N,0
-14.0362,135.3231,301.3,1,1,2014-11-03,1336,Terra,MODIS,40,6.2,282.8,3.2,N,0
-14.5525,131.3054,318.3,1.5,1.2,2014-11-03,1336,Terra,MODIS,97,6.2,279.9,27.4,N,0
-14.1229,135.2952,314.5,1,1,2014-11-03,1336,Terra,MODIS,88,6.2,285.2,10.6,N,0
-14.1216,135.3044,312.2,1,1,2014-11-03,1336,Terra,MODIS,84,6.2,286.2,9.2,N,0
-14.7468,131.3012,323.8,1.5,1.2,2014-11-03,1336,Terra,MODIS,100,6.2,281.8,35.6,N,0
-12.9614,133.2047,309.6,1.1,1.1,2014-11-03,1336,Terra,MODIS,73,6.2,279.9,8.5,N,0
-14.0839,135.2457,315.8,1,1,2014-11-03,1336,Terra,MODIS,92,6.2,286.6,12.3,N,0
-14.0826,135.2549,309.5,1,1,2014-11-03,1336,Terra,MODIS,77,6.2,286.1,7.2,N,0
-14.0922,135.2528,330.3,1,1,2014-11-03,1336,Terra,MODIS,100,6.2,287,27.1,N,0
-13.5942,132.5168,303.6,1.2,1.1,2014-11-03,1336,Terra,MODIS,33,6.2,284.1,4.5,N,0
-14.0403,135.2296,311.7,1,1,2014-11-03,1336,Terra,MODIS,83,6.2,285.5,9.1,N,0
-13.5883,132.5615,307.3,1.2,1.1,2014-11-03,1336,Terra,MODIS,48,6.2,285.8,6.5,N,0
-14.7359,131.2998,308.8,1.5,1.2,2014-11-03,1336,Terra,MODIS,42,6.2,281.1,11.7,N,0
-13.9542,136.463,313.7,1,1,2014-11-03,1336,Terra,MODIS,88,6.2,289.8,11,N,0
-14.1317,135.3624,327.7,1,1,2014-11-03,1336,Terra,MODIS,100,6.2,281.2,24.4,N,0
-14.2236,136.699,305.9,1,1,2014-11-03,1336,Terra,MODIS,35,6.2,289.7,5.1,N,0
-13.0771,133.0282,304.1,1.1,1.1,2014-11-03,1336,Terra,MODIS,13,6.2,279.7,4.4,N,0
-13.0757,133.0387,308,1.1,1.1,2014-11-03,1336,Terra,MODIS,60,6.2,281.2,7.2,N,0
-14.142,135.3546,301.4,1,1,2014-11-03,1336,Terra,MODIS,39,6.2,282,3.1,N,0
-14.1304,135.3716,310.2,1,1,2014-11-03,1336,Terra,MODIS,56,6.2,278.5,8.3,N,0
-14.133,135.3532,318.6,1,1,2014-11-03,1336,Terra,MODIS,97,6.2,282.7,14.6,N,0
-14.1214,135.3703,321.2,1,1,2014-11-03,1336,Terra,MODIS,100,6.2,278.5,17.8,N,0
-14.2244,133.366,303.1,1.1,1.1,2014-11-03,1336,Terra,MODIS,53,6.2,281.3,4.2,N,0
-14.1227,135.3611,326.2,1,1,2014-11-03,1336,Terra,MODIS,100,6.2,281.4,22.8,N,0
-14.1124,135.3689,309.7,1,1,2014-11-03,1336,Terra,MODIS,78,6.2,277.9,9.1,N,0
-12.2627,136.8242,302.9,1.1,1,2014-11-03,1336,Terra,MODIS,52,6.2,286.5,5,N,0
-14.7085,131.3186,304.9,1.5,1.2,2014-11-03,1336,Terra,MODIS,10,6.2,278.3,7.6,N,0
-14.7015,131.3097,304.6,1.5,1.2,2014-11-03,1336,Terra,MODIS,5,6.2,278.2,7.3,N,0
-14.0697,135.2812,308.1,1,1,2014-11-03,1336,Terra,MODIS,74,6.2,286.1,6.7,N,0
-14.1152,135.2846,315.2,1,1,2014-11-03,1336,Terra,MODIS,91,6.2,283.9,11.4,N,0
-14.1139,135.2938,328.7,1,1,2014-11-03,1336,Terra,MODIS,100,6.2,285.3,24.9,N,0
-14.1126,135.303,334.9,1,1,2014-11-03,1336,Terra,MODIS,100,6.2,286.8,33.9,N,0
-14.1255,135.2767,306,1,1,2014-11-03,1336,Terra,MODIS,66,6.2,283.1,5.1,N,0
-14.1242,135.286,315.7,1,1,2014-11-03,1336,Terra,MODIS,92,6.2,284,12,N,0
-14.5508,131.3191,305.4,1.5,1.2,2014-11-03,1336,Terra,MODIS,64,6.2,280.6,9.6,N,0
-16.9624,126.045,308.2,4,1.9,2014-11-03,1336,Terra,MODIS,69,6.2,293.8,35.8,N,0
-14.7055,127.3733,302.1,3,1.6,2014-11-03,1336,Terra,MODIS,41,6.2,283.8,21.8,N,0
-13.5779,130.0625,308.8,1.8,1.3,2014-11-03,1336,Terra,MODIS,65,6.2,278.1,18.7,N,0
-15.4248,126.5318,305.5,3.5,1.8,2014-11-03,1336,Terra,MODIS,65,6.2,290.7,25.8,N,0
-13.5758,130.0788,308.5,1.8,1.3,2014-11-03,1336,Terra,MODIS,53,6.2,278.3,18,N,0
-14.7056,127.3786,301,3,1.6,2014-11-03,1336,Terra,MODIS,31,6.2,284.1,18.2,N,0
-12.7679,132.5255,312,1.2,1.1,2014-11-03,1337,Terra,MODIS,83,6.2,288.1,12.3,N,0
-12.7665,132.5364,310.4,1.2,1.1,2014-11-03,1337,Terra,MODIS,79,6.2,288.1,10.9,N,0
-28.0023,153.1981,308.7,1,1,2014-11-03,1505,Aqua,MODIS,75,6.2,287.4,10.7,N,0
-28.4062,149.4781,302.7,1.3,1.1,2014-11-03,1505,Aqua,MODIS,51,6.2,289.9,7.7,N,0
-28.0108,153.2002,304.5,1,1,2014-11-03,1505,Aqua,MODIS,60,6.2,285.3,9.2,N,0
-32.6091,151.8099,326,1,1,2014-11-03,1507,Aqua,MODIS,47,6.2,287.2,23,N,0
-32.7245,151.9016,307.5,1,1,2014-11-03,1507,Aqua,MODIS,27,6.2,286.3,8.9,N,0
-28.2276,125.7853,301,4.3,1.9,2014-11-03,1510,Terra,MODIS,36,6.2,289,40.6,N,0
-28.2285,125.7928,301,4.3,1.9,2014-11-03,1510,Terra,MODIS,32,6.2,289,37.7,N,0
-29.2017,125.4502,301.4,3.8,1.8,2014-11-03,1510,Terra,MODIS,40,6.2,287.8,40.2,N,0
-25.2061,121.461,307,2.6,1.5,2014-11-03,1511,Terra,MODIS,69,6.2,294.9,23.5,N,0
-28.0498,124.7611,304.5,3.7,1.8,2014-11-03,1511,Terra,MODIS,61,6.2,290.4,39.9,N,0
-28.0562,124.7682,307.5,3.7,1.8,2014-11-03,1511,Terra,MODIS,72,6.2,290.5,51.2,N,0
-28.0657,124.766,311,3.7,1.8,2014-11-03,1511,Terra,MODIS,76,6.2,290.5,65.6,N,0
-28.0721,124.773,308.5,3.7,1.8,2014-11-03,1511,Terra,MODIS,74,6.2,290.3,56.1,N,0
-23.3351,122.6403,322.1,3.4,1.7,2014-11-03,1512,Terra,MODIS,14,6.2,278.6,98.6,N,0
-23.3666,122.6187,384.2,3.4,1.7,2014-11-03,1512,Terra,MODIS,100,6.2,288,1007.9,N,0
-23.376,122.6279,324.2,3.4,1.7,2014-11-03,1512,Terra,MODIS,32,6.2,277.4,140.2,N,0
-23.3735,122.5858,329.2,3.4,1.7,2014-11-03,1512,Terra,MODIS,53,6.2,271.2,155.9,N,0
-23.3596,122.6519,322.2,3.4,1.7,2014-11-03,1512,Terra,MODIS,0,6.2,279,108.8,N,0
-23.3216,122.6772,321.6,3.4,1.7,2014-11-03,1512,Terra,MODIS,33,6.2,284,94.3,N,0
-22.8068,122.1979,319,3.3,1.7,2014-11-03,1512,Terra,MODIS,98,6.2,282.5,106.4,N,0
-23.3511,122.6148,354.2,3.4,1.7,2014-11-03,1512,Terra,MODIS,100,6.2,276.5,411.2,N,0
-23.3441,122.6479,348.4,3.4,1.7,2014-11-03,1512,Terra,MODIS,100,6.2,285.4,322.1,N,0
-23.3283,122.6737,320.6,3.4,1.7,2014-11-03,1512,Terra,MODIS,0,6.2,289.2,84,N,0
-23.3649,122.5493,326.3,3.4,1.7,2014-11-03,1512,Terra,MODIS,49,6.2,268.7,149.9,N,0
-23.353,122.3765,314.3,3.3,1.7,2014-11-03,1512,Terra,MODIS,66,6.2,281.8,81.2,N,0
-22.8133,122.1665,302.7,3.3,1.7,2014-11-03,1512,Terra,MODIS,33,6.2,277.8,37.7,N,0
-18.9402,122.8767,307.5,4.5,1.9,2014-11-03,1513,Terra,MODIS,55,6.2,292.9,54.2,N,0
-18.9399,122.8837,309.8,4.5,1.9,2014-11-03,1513,Terra,MODIS,68,6.2,293,69.2,N,0
-20.5987,116.7881,323,1.5,1.2,2014-11-03,1513,Terra,MODIS,100,6.2,296.3,34.4,N,2
-20.6011,116.7739,320.7,1.5,1.2,2014-11-03,1513,Terra,MODIS,100,6.2,296.1,30.1,N,2
-12.8678,132.8251,306.2,1,1,2014-11-03,1640,Aqua,MODIS,67,6.2,289.4,5.4,N,0
-14.4308,133.4875,303.1,1.1,1,2014-11-03,1640,Aqua,MODIS,53,6.2,277.5,5.6,N,0
-12.9595,133.207,310.9,1,1,2014-11-03,1640,Aqua,MODIS,58,6.2,290.3,7.9,N,0
-12.9503,133.2083,305.8,1,1,2014-11-03,1640,Aqua,MODIS,27,6.2,290.2,4.6,N,0
-14.6156,133.153,324.7,1.1,1,2014-11-03,1640,Aqua,MODIS,100,6.2,284.1,22.4,N,0
-14.6143,133.1432,318.2,1.1,1,2014-11-03,1640,Aqua,MODIS,96,6.2,283.3,15.6,N,0
-14.5947,133.2065,312,1.1,1,2014-11-03,1640,Aqua,MODIS,81,6.2,281.8,9.8,N,0
-14.5957,133.1458,313.6,1.1,1,2014-11-03,1640,Aqua,MODIS,87,6.2,284.2,10.9,N,0
-14.5971,133.1557,311.9,1.1,1,2014-11-03,1640,Aqua,MODIS,84,6.2,284.5,9.3,N,0
-14.6026,133.1952,318,1.1,1,2014-11-03,1640,Aqua,MODIS,96,6.2,282.3,15,N,0
-14.605,133.1445,345.7,1.1,1,2014-11-03,1640,Aqua,MODIS,100,6.2,285.7,56.7,N,0
-14.6064,133.1544,359.9,1.1,1,2014-11-03,1640,Aqua,MODIS,100,6.2,287.6,92.1,N,0
-14.6077,133.1642,320.7,1.1,1,2014-11-03,1640,Aqua,MODIS,100,6.2,285.3,17.1,N,0
-14.6105,133.1839,305.7,1.1,1,2014-11-03,1640,Aqua,MODIS,35,6.2,282.4,4.6,N,0
-14.6119,133.1938,308.1,1.1,1,2014-11-03,1640,Aqua,MODIS,73,6.2,281.8,6.8,N,0
-15.1955,134.5553,303.1,1.3,1.1,2014-11-03,1640,Aqua,MODIS,53,6.2,278.5,7.3,N,0
-15.1939,134.5437,305.9,1.3,1.1,2014-11-03,1640,Aqua,MODIS,66,6.2,277.3,9.9,N,0
-12.8782,132.8331,302.7,1,1,2014-11-03,1640,Aqua,MODIS,21,6.2,288.1,3.1,N,0
-13.3186,130.5785,303.3,1,1,2014-11-03,1640,Aqua,MODIS,54,6.2,281,5.4,N,0
-14.5437,131.317,300.2,1,1,2014-11-03,1640,Aqua,MODIS,19,6.2,272.8,4.1,N,0
-13.5885,132.5261,305.2,1,1,2014-11-03,1640,Aqua,MODIS,49,6.2,280.6,5.7,N,0
-13.0729,133.1643,303,1,1,2014-11-03,1640,Aqua,MODIS,52,6.2,287.4,2.9,N,0
-14.7364,131.3128,300.8,1,1,2014-11-03,1640,Aqua,MODIS,33,6.2,278.9,3.3,N,0
-14.2237,133.3859,301.1,1.1,1,2014-11-03,1640,Aqua,MODIS,38,6.2,282.4,3.7,N,0
-13.0732,133.0418,323.2,1,1,2014-11-03,1640,Aqua,MODIS,100,6.2,287.5,19.8,N,0
-13.5795,132.5274,303.2,1,1,2014-11-03,1640,Aqua,MODIS,25,6.2,280.8,4.3,N,0
-13.5681,132.577,303.7,1,1,2014-11-03,1640,Aqua,MODIS,56,6.2,280,4.8,N,0
-13.5667,132.5676,302.6,1,1,2014-11-03,1640,Aqua,MODIS,43,6.2,280.2,4.2,N,0
-13.0824,133.0406,327.5,1,1,2014-11-03,1640,Aqua,MODIS,100,6.2,283.5,25.5,N,0
-12.7611,132.5338,307.9,1,1,2014-11-03,1640,Aqua,MODIS,73,6.2,288.3,7.5,N,0
-13.0457,132.9746,301,1,1,2014-11-03,1640,Aqua,MODIS,5,6.2,280.9,3.1,N,0
-14.1535,136.6392,301.3,1.7,1.3,2014-11-03,1640,Aqua,MODIS,40,6.2,281.7,8.9,N,0
-14.1242,135.3743,300.7,1.4,1.2,2014-11-03,1640,Aqua,MODIS,19,6.2,277.7,6.5,N,0
-13.5648,130.0883,315.5,1.1,1,2014-11-03,1640,Aqua,MODIS,91,6.2,284.1,14.5,N,0
-13.5678,130.108,310,1.1,1,2014-11-03,1640,Aqua,MODIS,79,6.2,284,10.2,N,0
-13.574,130.0868,312.5,1.1,1,2014-11-03,1640,Aqua,MODIS,85,6.2,284.3,12.2,N,0
-13.5725,130.077,324.8,1.1,1,2014-11-03,1640,Aqua,MODIS,100,6.2,285.2,24.7,N,0
-13.6573,130.3826,321.2,1,1,2014-11-03,1640,Aqua,MODIS,100,6.2,284.5,20.3,N,0
-13.6558,130.3729,314.4,1,1,2014-11-03,1640,Aqua,MODIS,89,6.2,283.9,13.7,N,0
-13.5787,130.0558,316.7,1.1,1,2014-11-03,1640,Aqua,MODIS,94,6.2,284.3,15.8,N,0
-13.5695,130.0572,310.1,1.1,1,2014-11-03,1640,Aqua,MODIS,79,6.2,284.2,10,N,0
-13.571,130.0671,317.8,1.1,1,2014-11-03,1640,Aqua,MODIS,96,6.2,284.7,16.8,N,0
-13.5663,130.0981,314,1.1,1,2014-11-03,1640,Aqua,MODIS,88,6.2,284,13.2,N,0
-17.4404,128.365,314.7,1.2,1.1,2014-11-03,1641,Aqua,MODIS,90,6.2,296,12.3,N,0
-17.5473,128.3289,310.5,1.2,1.1,2014-11-03,1641,Aqua,MODIS,80,6.2,295,9.8,N,0
-17.4387,128.3541,325,1.2,1.1,2014-11-03,1641,Aqua,MODIS,100,6.2,296.9,24.8,N,0
-17.4181,128.3647,309.6,1.2,1.1,2014-11-03,1641,Aqua,MODIS,43,6.2,295.3,7,N,0
-17.4085,128.3663,308.3,1.2,1.1,2014-11-03,1641,Aqua,MODIS,28,6.2,295.5,6.9,N,0
-14.9592,127.5379,304.4,1.4,1.2,2014-11-03,1641,Aqua,MODIS,44,6.2,285.1,8.4,N,0
-14.9571,127.525,311,1.4,1.2,2014-11-03,1641,Aqua,MODIS,81,6.2,283.6,15.6,N,0
-14.932,127.5691,302.3,1.4,1.2,2014-11-03,1641,Aqua,MODIS,30,6.2,280.2,6.5,N,0
-17.5519,128.695,317.5,1.1,1.1,2014-11-03,1641,Aqua,MODIS,95,6.2,294.8,16.2,N,0
-17.5263,128.3214,306.8,1.2,1.1,2014-11-03,1641,Aqua,MODIS,58,6.2,294.8,6.1,N,0
-17.5359,128.3197,311.1,1.2,1.1,2014-11-03,1641,Aqua,MODIS,82,6.2,294.5,10.1,N,0
-17.5377,128.3308,319.9,1.2,1.1,2014-11-03,1641,Aqua,MODIS,99,6.2,296.3,19.2,N,0
-17.5536,128.7054,322.1,1.1,1.1,2014-11-03,1641,Aqua,MODIS,100,6.2,294.8,21.4,N,0
-17.1847,128.8891,306.4,1.1,1,2014-11-03,1641,Aqua,MODIS,68,6.2,294,6,N,0
-16.9656,126.0896,309.7,1.6,1.3,2014-11-03,1641,Aqua,MODIS,48,6.2,294.4,12.1,N,0
-17.1941,128.8875,304.6,1.1,1,2014-11-03,1641,Aqua,MODIS,40,6.2,293.9,5,N,0
-16.9715,126.0564,320.8,1.6,1.3,2014-11-03,1641,Aqua,MODIS,100,6.2,295.4,30.4,N,0
-16.9742,126.072,312.1,1.6,1.3,2014-11-03,1641,Aqua,MODIS,44,6.2,295.3,15.3,N,0
-15.4291,126.5431,313.4,1.6,1.2,2014-11-03,1641,Aqua,MODIS,87,6.2,291.8,20.5,N,0
-15.4179,126.5451,304.6,1.6,1.2,2014-11-03,1641,Aqua,MODIS,44,6.2,292,8.2,N,0
-15.4154,126.5303,304.3,1.6,1.3,2014-11-03,1641,Aqua,MODIS,47,6.2,291.5,7.8,N,0
-15.4266,126.5282,308.2,1.6,1.3,2014-11-03,1641,Aqua,MODIS,74,6.2,291.3,13.1,N,0
-16.9255,125.9916,305.3,1.7,1.3,2014-11-03,1641,Aqua,MODIS,64,6.2,293.4,6.7,N,0
-15.8675,136.479,306.3,1.7,1.3,2014-11-03,1641,Aqua,MODIS,67,6.2,283.4,13.8,N,0
-15.6908,133.9911,302.4,1.2,1.1,2014-11-03,1641,Aqua,MODIS,49,6.2,281.3,5.1,N,0
-16.492,131.4266,331.2,1,1,2014-11-03,1641,Aqua,MODIS,100,6.2,289,26.6,N,0
-16.4934,131.4359,328.6,1,1,2014-11-03,1641,Aqua,MODIS,95,6.2,291.1,23.3,N,0
-16.501,131.4252,315.6,1,1,2014-11-03,1641,Aqua,MODIS,51,6.2,286.1,10.3,N,0
-16.5024,131.4345,316.9,1,1,2014-11-03,1641,Aqua,MODIS,36,6.2,285.8,11,N,0
-16.5114,131.4331,317.7,1,1,2014-11-03,1641,Aqua,MODIS,55,6.2,287.2,12,N,0
-16.5201,131.4261,322.3,1,1,2014-11-03,1641,Aqua,MODIS,94,6.2,286.1,17.6,N,0
-16.5215,131.4354,330.2,1,1,2014-11-03,1641,Aqua,MODIS,100,6.2,290.4,26.7,N,0
-18.8853,141.5801,302.7,4.6,2,2014-11-03,1641,Aqua,MODIS,15,6.2,288.6,40,N,0
-18.9047,141.5865,305.7,4.6,2,2014-11-03,1641,Aqua,MODIS,62,6.2,288.7,56.3,N,0
-18.8869,141.588,303.7,4.6,2,2014-11-03,1641,Aqua,MODIS,25,6.2,288.7,46.3,N,0
-15.5552,133.9776,303.6,1.2,1.1,2014-11-03,1641,Aqua,MODIS,56,6.2,281.6,5.6,N,0
-15.5567,133.9886,305.2,1.2,1.1,2014-11-03,1641,Aqua,MODIS,63,6.2,282,6.8,N,0
-18.9031,141.5784,305.7,4.6,2,2014-11-03,1641,Aqua,MODIS,65,6.2,288.4,56.2,N,0
-16.2932,123.9788,306,2.4,1.5,2014-11-03,1641,Aqua,MODIS,66,6.2,291.8,15.9,N,0
-15.8655,136.4629,314.8,1.7,1.3,2014-11-03,1641,Aqua,MODIS,90,6.2,283.9,27.5,N,0
-19.4842,129.7501,307.2,1,1,2014-11-03,1642,Aqua,MODIS,29,6.2,294.3,5.6,N,0
-19.4899,129.7884,305.2,1,1,2014-11-03,1642,Aqua,MODIS,49,6.2,292.6,4.7,N,0
-19.4912,129.7421,302.6,1,1,2014-11-03,1642,Aqua,MODIS,39,6.2,291.7,3.7,N,0
-19.4926,129.7517,308.2,1,1,2014-11-03,1642,Aqua,MODIS,74,6.2,293.5,7.4,N,0
-19.4984,129.79,316.1,1,1,2014-11-03,1642,Aqua,MODIS,81,6.2,294.1,11.9,N,0
-19.5074,129.7885,313.8,1,1,2014-11-03,1642,Aqua,MODIS,74,6.2,294.6,10.2,N,0
-19.5165,129.787,309.7,1,1,2014-11-03,1642,Aqua,MODIS,78,6.2,294.1,8,N,0
-19.5179,129.7966,309.6,1,1,2014-11-03,1642,Aqua,MODIS,78,6.2,294.2,7.8,N,0
-21.4902,128.9532,313.2,1,1,2014-11-03,1642,Aqua,MODIS,87,6.2,294.8,10.1,N,0
-21.4917,128.963,320.7,1,1,2014-11-03,1642,Aqua,MODIS,100,6.2,295.5,17.1,N,0
-21.5008,128.9615,373.8,1,1,2014-11-03,1642,Aqua,MODIS,100,6.2,298.9,132.4,N,0
-21.5023,128.9713,325.1,1,1,2014-11-03,1642,Aqua,MODIS,100,6.2,296.1,22.2,N,0
-21.5084,128.9501,318.7,1,1,2014-11-03,1642,Aqua,MODIS,97,6.2,295.3,15.4,N,0
-21.5099,128.9599,334.9,1,1,2014-11-03,1642,Aqua,MODIS,100,6.2,295.9,34.8,N,0
-21.5114,128.9697,318.8,1,1,2014-11-03,1642,Aqua,MODIS,97,6.2,295.1,15.5,N,0
-21.0556,127.3296,327.4,1.2,1.1,2014-11-03,1642,Aqua,MODIS,100,6.2,290.4,31.1,N,0
-21.0575,127.3408,323.5,1.2,1.1,2014-11-03,1642,Aqua,MODIS,100,6.2,292.6,24.8,N,0
-21.0653,127.3278,311.6,1.2,1.1,2014-11-03,1642,Aqua,MODIS,37,6.2,285.7,12.2,N,0
-21.0672,127.339,329.7,1.2,1.1,2014-11-03,1642,Aqua,MODIS,100,6.2,290.5,33.9,N,0
-21.0769,127.3372,316.4,1.2,1.1,2014-11-03,1642,Aqua,MODIS,25,6.2,286.3,17.6,N,0
-21.0787,127.3484,320.8,1.2,1.1,2014-11-03,1642,Aqua,MODIS,39,6.2,288.1,21.8,N,0
-21.0902,127.3578,329.5,1.2,1.1,2014-11-03,1642,Aqua,MODIS,100,6.2,285.3,37.4,N,0
-18.9234,122.9472,336.1,2.5,1.5,2014-11-03,1642,Aqua,MODIS,100,6.2,295.2,139,N,0
-18.919,122.8492,310.7,2.6,1.5,2014-11-03,1642,Aqua,MODIS,81,6.2,293.7,35.2,N,0
-18.9235,122.873,307.7,2.6,1.5,2014-11-03,1642,Aqua,MODIS,72,6.2,293.6,24.9,N,0
-18.928,122.8968,369.7,2.5,1.5,2014-11-03,1642,Aqua,MODIS,100,6.2,296.9,445.6,N,0
-18.9325,122.9205,338,2.5,1.5,2014-11-03,1642,Aqua,MODIS,100,6.2,296.6,149.7,N,0
-18.937,122.9442,311.4,2.5,1.5,2014-11-03,1642,Aqua,MODIS,82,6.2,294.6,34.9,N,0
-18.9143,122.8997,328.4,2.5,1.5,2014-11-03,1642,Aqua,MODIS,100,6.2,294.5,97.9,N,0
-18.9188,122.9235,364.2,2.5,1.5,2014-11-03,1642,Aqua,MODIS,100,6.2,296.7,374.9,N,0
-23.3397,122.5591,319,2.2,1.4,2014-11-03,1643,Aqua,MODIS,98,6.2,298.4,43.1,N,0
-23.3667,122.3525,308.7,2.3,1.5,2014-11-03,1643,Aqua,MODIS,42,6.2,297.1,19.5,N,0
-23.3404,122.564,323.5,2.2,1.4,2014-11-03,1643,Aqua,MODIS,100,6.2,299,57.3,N,0
-23.0678,124.9316,320.6,1.5,1.2,2014-11-03,1643,Aqua,MODIS,100,6.2,294.9,31.7,N,0
-23.0984,124.8491,308.2,1.5,1.2,2014-11-03,1643,Aqua,MODIS,52,6.2,295.7,12,N,0
-23.101,124.8638,306.8,1.5,1.2,2014-11-03,1643,Aqua,MODIS,19,6.2,294.9,10.8,N,0
-23.1093,124.8468,370.3,1.5,1.2,2014-11-03,1643,Aqua,MODIS,100,6.2,298.4,214.2,N,0
-23.1119,124.8616,314.3,1.5,1.2,2014-11-03,1643,Aqua,MODIS,43,6.2,294.6,19.4,N,0
-23.1118,124.8549,333.4,1.5,1.2,2014-11-03,1643,Aqua,MODIS,91,6.2,296.2,57.4,N,0
-23.0124,125.3319,305,1.4,1.2,2014-11-03,1643,Aqua,MODIS,38,6.2,294.7,7.7,N,0
-23.0206,125.316,314.2,1.4,1.2,2014-11-03,1643,Aqua,MODIS,89,6.2,295,17.6,N,0
-23.0418,125.3117,313.6,1.4,1.2,2014-11-03,1643,Aqua,MODIS,87,6.2,294.6,18.4,N,0
-23.0704,124.9462,318.2,1.5,1.2,2014-11-03,1643,Aqua,MODIS,96,6.2,294.1,28,N,0
-23.0467,124.8136,334.8,1.5,1.2,2014-11-03,1643,Aqua,MODIS,100,6.2,292.9,65,N,0
-23.1041,124.8171,351.1,1.5,1.2,2014-11-03,1643,Aqua,MODIS,100,6.2,296.1,113.2,N,0
-23.1067,124.832,393.9,1.5,1.2,2014-11-03,1643,Aqua,MODIS,100,6.2,301.2,403,N,0
-23.115,124.8148,358.2,1.5,1.2,2014-11-03,1643,Aqua,MODIS,100,6.2,297.4,143.1,N,0
-23.1176,124.8297,336.2,1.5,1.2,2014-11-03,1643,Aqua,MODIS,100,6.2,295.7,61.3,N,0
-23.1064,124.8253,378.6,1.5,1.2,2014-11-03,1643,Aqua,MODIS,100,6.2,299.3,267.7,N,0
-23.1091,124.8401,365.6,1.5,1.2,2014-11-03,1643,Aqua,MODIS,100,6.2,299.6,184.3,N,0
-23.1066,124.7635,307.8,1.6,1.2,2014-11-03,1643,Aqua,MODIS,46,6.2,295.8,9,N,0
-23.1093,124.7784,309.5,1.5,1.2,2014-11-03,1643,Aqua,MODIS,55,6.2,295.6,10,N,0
-23.112,124.7933,316.5,1.5,1.2,2014-11-03,1643,Aqua,MODIS,84,6.2,295.5,17.9,N,0
-23.1147,124.8082,335.2,1.5,1.2,2014-11-03,1643,Aqua,MODIS,100,6.2,295.9,58.5,N,0
-23.1174,124.823,356.7,1.5,1.2,2014-11-03,1643,Aqua,MODIS,100,6.2,297.5,140.4,N,0
-23.1176,124.7612,342.2,1.6,1.2,2014-11-03,1643,Aqua,MODIS,100,6.2,296.7,82.8,N,0
-23.1203,124.7761,351.8,1.5,1.2,2014-11-03,1643,Aqua,MODIS,100,6.2,296.8,117.2,N,0
-23.1229,124.7911,394.1,1.5,1.2,2014-11-03,1643,Aqua,MODIS,100,6.2,308.9,405.1,N,0
-23.1256,124.8059,325.3,1.5,1.2,2014-11-03,1643,Aqua,MODIS,100,6.2,299.8,36.7,N,0
-23.1312,124.7738,338.9,1.5,1.2,2014-11-03,1643,Aqua,MODIS,100,6.2,294.5,70.7,N,0
-23.1339,124.7887,410.6,1.5,1.2,2014-11-03,1643,Aqua,MODIS,100,6.2,304.9,599.4,N,0
-23.1366,124.8036,342.2,1.5,1.2,2014-11-03,1643,Aqua,MODIS,100,6.2,299.5,81.4,N,0
-23.1422,124.7716,313.6,1.5,1.2,2014-11-03,1643,Aqua,MODIS,87,6.2,294.8,16.2,N,0
-23.1449,124.7865,343.6,1.5,1.2,2014-11-03,1643,Aqua,MODIS,100,6.2,296.3,87.1,N,0
-23.1558,124.7842,328.8,1.5,1.2,2014-11-03,1643,Aqua,MODIS,100,6.2,296.5,46.4,N,0
-23.1585,124.7992,313.8,1.5,1.2,2014-11-03,1643,Aqua,MODIS,7,6.2,295.3,18,N,0
-23.1668,124.782,353.6,1.5,1.2,2014-11-03,1643,Aqua,MODIS,100,6.2,297.3,127.2,N,0
-23.1694,124.7969,331.5,1.5,1.2,2014-11-03,1643,Aqua,MODIS,100,6.2,293.4,53.7,N,0
-23.1751,124.7647,326.3,1.5,1.2,2014-11-03,1643,Aqua,MODIS,100,6.2,295.8,40.8,N,0
-23.1777,124.7797,419.1,1.5,1.2,2014-11-03,1643,Aqua,MODIS,100,6.2,305.7,728.1,N,0
-23.1803,124.7946,343.8,1.5,1.2,2014-11-03,1643,Aqua,MODIS,100,6.2,283.6,89.2,N,0
-23.3538,122.3554,310.6,2.3,1.5,2014-11-03,1643,Aqua,MODIS,48,6.2,297.5,22.7,N,0
-23.3653,122.5533,320.2,2.2,1.4,2014-11-03,1643,Aqua,MODIS,100,6.2,297.9,51.1,N,0
-23.3525,122.5562,345.5,2.2,1.4,2014-11-03,1643,Aqua,MODIS,100,6.2,299.8,159.8,N,0
-23.3532,122.5611,352.3,2.2,1.4,2014-11-03,1643,Aqua,MODIS,100,6.2,301.1,201.5,N,0
-23.3693,122.5743,324.5,2.2,1.4,2014-11-03,1643,Aqua,MODIS,100,6.2,298.1,64.4,N,0
-23.5156,126.5716,316.2,1.2,1.1,2014-11-03,1643,Aqua,MODIS,93,6.2,290.8,18.8,N,0
-23.5058,126.5735,301.7,1.2,1.1,2014-11-03,1643,Aqua,MODIS,32,6.2,283.4,6.1,N,0
-23.5039,126.5619,309,1.2,1.1,2014-11-03,1643,Aqua,MODIS,75,6.2,288.9,12.1,N,0
-23.3221,122.677,311.4,2.1,1.4,2014-11-03,1643,Aqua,MODIS,82,6.2,297.8,22.6,N,0
-23.3229,122.6118,314.8,2.2,1.4,2014-11-03,1643,Aqua,MODIS,26,6.2,298.7,26.8,N,0
-24.1303,123.719,343.7,1.7,1.3,2014-11-03,1643,Aqua,MODIS,100,6.2,296.2,110,N,0
-24.1335,123.7359,330.9,1.7,1.3,2014-11-03,1643,Aqua,MODIS,100,6.2,294.1,64.9,N,0
-24.1713,123.7453,302.3,1.7,1.3,2014-11-03,1643,Aqua,MODIS,20,6.2,288.7,10,N,0
-23.3348,122.6741,319.3,2.1,1.4,2014-11-03,1643,Aqua,MODIS,64,6.2,298.1,38,N,0
-23.3308,122.6534,345.1,2.1,1.4,2014-11-03,1643,Aqua,MODIS,100,6.2,300.9,145.8,N,0
-22.3648,122.5096,308.9,2.3,1.5,2014-11-03,1643,Aqua,MODIS,74,6.2,295.3,24.2,N,0
-23.3396,122.6298,314.5,2.2,1.4,2014-11-03,1643,Aqua,MODIS,21,6.2,298.5,26.4,N,0
-23.3444,122.5851,314.2,2.2,1.4,2014-11-03,1643,Aqua,MODIS,85,6.2,298.9,27.4,N,0
-23.3483,122.606,325.8,2.2,1.4,2014-11-03,1643,Aqua,MODIS,68,6.2,299.5,55.7,N,0
-23.3181,122.6563,363.6,2.1,1.4,2014-11-03,1643,Aqua,MODIS,100,6.2,302.9,283.3,N,0
-23.3141,122.6355,338.4,2.2,1.4,2014-11-03,1643,Aqua,MODIS,100,6.2,300.1,113.9,N,0
-23.3101,122.6147,322.3,2.2,1.4,2014-11-03,1643,Aqua,MODIS,100,6.2,298.9,51,N,0
-23.3054,122.6592,310.5,2.1,1.4,2014-11-03,1643,Aqua,MODIS,80,6.2,298.4,21.3,N,0
-23.3571,122.5822,338,2.2,1.4,2014-11-03,1643,Aqua,MODIS,100,6.2,300.5,112.4,N,0
-23.3611,122.6032,365.8,2.2,1.4,2014-11-03,1643,Aqua,MODIS,100,6.2,303,297.4,N,0
-23.365,122.6241,316.9,2.2,1.4,2014-11-03,1643,Aqua,MODIS,32,6.2,298.5,32.7,N,0
-23.3014,122.6384,344.2,2.2,1.4,2014-11-03,1643,Aqua,MODIS,100,6.2,300.5,147.3,N,0
-23.2974,122.6176,358,2.2,1.4,2014-11-03,1643,Aqua,MODIS,100,6.2,300.8,241.2,N,0
-23.3393,122.6246,315.3,2.2,1.4,2014-11-03,1643,Aqua,MODIS,33,6.2,298.7,27.9,N,0
-23.3438,122.58,318,2.2,1.4,2014-11-03,1643,Aqua,MODIS,96,6.2,299,38.6,N,0
-23.0067,124.8583,324,1.5,1.2,2014-11-03,1643,Aqua,MODIS,100,6.2,295.8,38.4,N,0
-23.0041,124.8434,334.9,1.5,1.2,2014-11-03,1643,Aqua,MODIS,100,6.2,295.6,65.1,N,0
-23.3479,122.6009,322.6,2.2,1.4,2014-11-03,1643,Aqua,MODIS,71,6.2,299.2,45,N,0
-23.3566,122.5772,339,2.2,1.4,2014-11-03,1643,Aqua,MODIS,100,6.2,300.7,122.5,N,0
-23.3607,122.5981,364.5,2.2,1.4,2014-11-03,1643,Aqua,MODIS,100,6.2,302.6,292.1,N,0
-23.3647,122.619,330,2.2,1.4,2014-11-03,1643,Aqua,MODIS,100,6.2,299.8,75.6,N,0
-23.3734,122.5953,328.1,2.2,1.4,2014-11-03,1643,Aqua,MODIS,100,6.2,298,72.8,N,0
-23.3774,122.6161,315.7,2.2,1.4,2014-11-03,1643,Aqua,MODIS,61,6.2,297.4,33.4,N,0
-23.5432,122.6521,309,2.1,1.4,2014-11-03,1643,Aqua,MODIS,76,6.2,297.4,20.6,N,0
-22.8331,130.3748,310,1,1,2014-11-03,1643,Aqua,MODIS,79,6.2,292.3,8.9,N,0
-22.8317,130.365,330.4,1,1,2014-11-03,1643,Aqua,MODIS,100,6.2,293.4,29.1,N,0
-22.8303,130.3552,322.4,1,1,2014-11-03,1643,Aqua,MODIS,100,6.2,292.7,19.7,N,0
-22.8226,130.3665,330.2,1,1,2014-11-03,1643,Aqua,MODIS,100,6.2,293.8,28.9,N,0
-22.8212,130.3566,355.9,1,1,2014-11-03,1643,Aqua,MODIS,100,6.2,294.8,76.3,N,0
-23.3269,122.6327,328.7,2.2,1.4,2014-11-03,1643,Aqua,MODIS,100,6.2,299.9,68.6,N,0
-23.5811,122.6436,307.9,2.1,1.4,2014-11-03,1643,Aqua,MODIS,73,6.2,296.8,16.9,N,0
-28.2015,124.9643,301,1.2,1.1,2014-11-03,1644,Aqua,MODIS,36,6.2,290.1,6.7,N,0
-28.0671,124.7764,306.8,1.3,1.1,2014-11-03,1644,Aqua,MODIS,69,6.2,290.5,10.5,N,0
-24.8163,121.7908,313.5,2.3,1.5,2014-11-03,1644,Aqua,MODIS,87,6.2,296.2,33.8,N,0
-24.8294,121.7877,323.5,2.3,1.5,2014-11-03,1644,Aqua,MODIS,100,6.2,296.6,65.5,N,0
-24.8338,121.8101,308.3,2.3,1.5,2014-11-03,1644,Aqua,MODIS,74,6.2,295.5,22.3,N,0
-29.2037,129.6318,300.9,1.1,1,2014-11-03,1644,Aqua,MODIS,35,6.2,286.9,5.7,N,0
-29.1701,129.5934,301.7,1,1,2014-11-03,1644,Aqua,MODIS,25,6.2,287.1,6,N,0
-28.0549,124.7657,313.5,1.3,1.1,2014-11-03,1644,Aqua,MODIS,87,6.2,291.3,16.9,N,0
-28.5412,126.7573,304.2,1,1,2014-11-03,1644,Aqua,MODIS,59,6.2,287.9,7.8,N,0
-25.2176,121.4734,304.8,2.4,1.5,2014-11-03,1644,Aqua,MODIS,61,6.2,294.1,18.2,N,0
-25.1913,121.6049,304.9,2.3,1.5,2014-11-03,1644,Aqua,MODIS,62,6.2,294.5,17.5,N,0
-28.2183,125.7877,306.8,1.1,1.1,2014-11-03,1644,Aqua,MODIS,69,6.2,290.4,9.9,N,0
-28.2036,124.9768,301.8,1.2,1.1,2014-11-03,1644,Aqua,MODIS,45,6.2,290.1,7.3,N,0
-25.1879,121.6007,305.4,2.3,1.5,2014-11-03,1644,Aqua,MODIS,64,6.2,294.3,18.7,N,0
-28.5429,126.7679,301.5,1,1,2014-11-03,1644,Aqua,MODIS,41,6.2,287.9,6.1,N,0
-29.1993,125.4615,300.5,1.1,1.1,2014-11-03,1645,Aqua,MODIS,29,6.2,288.3,6.1,N,0
-29.1974,125.4499,300.5,1.1,1.1,2014-11-03,1645,Aqua,MODIS,29,6.2,288.6,6,N,0
-12.698,142.7415,324.1,2.1,1.4,2014-11-04,0026,Terra,MODIS,70,6.2,289.1,36.6,D,0
-12.7016,142.7546,328.2,2.1,1.4,2014-11-04,0026,Terra,MODIS,69,6.2,288.2,52.7,D,0
-12.7049,142.7737,322.7,2.1,1.4,2014-11-04,0026,Terra,MODIS,45,6.2,287.4,34.4,D,0
-12.8989,143.3182,316.2,1.9,1.3,2014-11-04,0026,Terra,MODIS,50,6.2,288.3,19.4,D,0
-11.0898,142.5506,315.6,2.3,1.5,2014-11-04,0026,Terra,MODIS,48,6.2,289.2,25.9,D,0
-11.0852,142.5443,316.6,2.3,1.5,2014-11-04,0026,Terra,MODIS,20,6.2,289.5,25.9,D,0
-12.6959,143.1064,346.3,2,1.4,2014-11-04,0026,Terra,MODIS,93,6.2,293.9,130,D,0
-12.6991,143.1246,326.9,2,1.4,2014-11-04,0026,Terra,MODIS,78,6.2,292.7,48.6,D,0
-12.3709,142.8978,312.7,2.1,1.4,2014-11-04,0026,Terra,MODIS,0,6.2,289.5,17.2,D,0
-11.5094,142.5538,312.5,2.3,1.5,2014-11-04,0026,Terra,MODIS,50,6.2,293.6,15.4,D,0
-11.0682,142.4222,311.6,2.4,1.5,2014-11-04,0026,Terra,MODIS,0,6.2,289.1,11,D,0
-12.7158,142.3143,319.8,2.3,1.5,2014-11-04,0026,Terra,MODIS,53,6.2,293.3,18.1,D,0
-12.7322,142.3183,320.6,2.3,1.5,2014-11-04,0026,Terra,MODIS,40,6.2,294.9,20.8,D,0
-14.9504,144.3722,331.6,1.5,1.2,2014-11-04,0027,Terra,MODIS,80,6.2,293.6,34.2,D,0
-14.5485,144.5975,328.7,1.4,1.2,2014-11-04,0027,Terra,MODIS,59,6.2,296.1,28.1,D,0
-14.5057,141.9317,327.7,2.2,1.5,2014-11-04,0027,Terra,MODIS,54,6.2,292.6,41.7,D,0
-14.5158,141.9228,332.3,2.2,1.5,2014-11-04,0027,Terra,MODIS,54,6.2,292.7,57.9,D,0
-13.8223,141.8793,328.3,2.3,1.5,2014-11-04,0027,Terra,MODIS,76,6.2,297.3,53.4,D,0
-13.8265,141.8845,326.8,2.3,1.5,2014-11-04,0027,Terra,MODIS,74,6.2,296.5,47.2,D,0
-13.8228,141.8631,331.2,2.3,1.5,2014-11-04,0027,Terra,MODIS,79,6.2,297,66.7,D,0
-13.2009,141.859,321.4,2.4,1.5,2014-11-04,0027,Terra,MODIS,65,6.2,296,30.4,D,0
-14.8517,144.4648,327.9,1.4,1.2,2014-11-04,0027,Terra,MODIS,61,6.2,297.9,20.8,D,0
-15.7157,142.1454,328.1,2,1.4,2014-11-04,0027,Terra,MODIS,32,6.2,298.7,30.1,D,0
-14.3959,141.8286,323.1,2.3,1.5,2014-11-04,0027,Terra,MODIS,63,6.2,291.4,28.1,D,0
-14.3962,141.8445,318.7,2.3,1.5,2014-11-04,0027,Terra,MODIS,39,6.2,292.2,16.4,D,0
-14.3925,141.8235,320,2.3,1.5,2014-11-04,0027,Terra,MODIS,52,6.2,291.4,20.6,D,0
-15.7144,142.1517,332.1,2,1.4,2014-11-04,0027,Terra,MODIS,47,6.2,297.7,46.6,D,0
-14.8495,144.4515,331.2,1.4,1.2,2014-11-04,0027,Terra,MODIS,69,6.2,300,27.2,D,0
-13.8133,141.887,322.4,2.3,1.5,2014-11-04,0027,Terra,MODIS,65,6.2,297.3,32.5,D,0
-13.8184,141.858,321.1,2.3,1.5,2014-11-04,0027,Terra,MODIS,51,6.2,296.3,26.4,D,0
-14.606,141.8359,325.1,2.3,1.5,2014-11-04,0027,Terra,MODIS,70,6.2,295,31.5,D,0
-13.1935,141.8672,319.9,2.4,1.5,2014-11-04,0027,Terra,MODIS,61,6.2,295.9,23.4,D,0
-14.3436,141.6838,328.6,2.4,1.5,2014-11-04,0027,Terra,MODIS,75,6.2,292.6,51.8,D,0
-14.3429,141.7005,320.2,2.3,1.5,2014-11-04,0027,Terra,MODIS,35,6.2,292.3,18.5,D,0
-14.339,141.6789,328.1,2.4,1.5,2014-11-04,0027,Terra,MODIS,75,6.2,293,49.4,D,0
-15.3947,142.7222,328.3,1.9,1.3,2014-11-04,0027,Terra,MODIS,51,6.2,298.4,26.7,D,0
-15.1123,142.8295,319.6,1.9,1.3,2014-11-04,0027,Terra,MODIS,34,6.2,288.1,15,D,0
-15.1045,142.8191,324.3,1.9,1.3,2014-11-04,0027,Terra,MODIS,66,6.2,288.1,27.7,D,0
-15.3517,142.7191,329.2,1.9,1.3,2014-11-04,0027,Terra,MODIS,72,6.2,297.1,32,D,0
-15.1092,142.8123,321.2,1.9,1.3,2014-11-04,0027,Terra,MODIS,48,6.2,289.3,18.5,D,0
-15.4067,142.72,325.5,1.9,1.3,2014-11-04,0027,Terra,MODIS,20,6.2,298.2,18.8,D,0
-15.3345,145.2726,330.3,1.3,1.1,2014-11-04,0027,Terra,MODIS,70,6.2,300.1,23.6,D,0
-15.3008,142.7819,328.1,1.9,1.3,2014-11-04,0027,Terra,MODIS,73,6.2,296.7,26.1,D,0
-15.3332,145.2667,324.2,1.3,1.1,2014-11-04,0027,Terra,MODIS,58,6.2,299.2,17.2,D,0
-18.8763,141.544,332.1,2,1.4,2014-11-04,0028,Terra,MODIS,76,6.2,305.1,30.1,D,0
-17.311,142.8551,318.7,1.7,1.3,2014-11-04,0028,Terra,MODIS,53,6.2,276.1,20.8,D,0
-24.7751,147.7342,336.7,1,1,2014-11-04,0029,Terra,MODIS,86,6.2,306.5,30.9,D,0
-24.7737,147.7238,334.9,1,1,2014-11-04,0029,Terra,MODIS,84,6.2,303,28.5,D,0
-21.7804,141.2508,339,1.8,1.3,2014-11-04,0029,Terra,MODIS,78,6.2,316.6,44.4,D,0
-21.7772,141.2334,353.7,1.8,1.3,2014-11-04,0029,Terra,MODIS,95,6.2,314.4,113.6,D,0
-29.3892,148.1413,330.1,1.2,1.1,2014-11-04,0031,Terra,MODIS,73,6.2,311.3,13.8,D,0
-36.6183,141.1594,348.2,1.1,1,2014-11-04,0033,Terra,MODIS,93,6.2,313.5,49.9,D,0
-36.6276,141.1571,349.1,1.1,1,2014-11-04,0033,Terra,MODIS,94,6.2,308.9,51.4,D,0
-36.6295,141.169,354.5,1.1,1,2014-11-04,0033,Terra,MODIS,97,6.2,306.6,64.1,D,0
-36.6091,141.1618,348.2,1.1,1,2014-11-04,0033,Terra,MODIS,93,6.2,314.5,49.2,D,0
-36.6071,141.1499,326.2,1.1,1,2014-11-04,0033,Terra,MODIS,22,6.2,310.3,11.3,D,0
-13.0446,133.2099,318,3.4,1.7,2014-11-04,0205,Terra,MODIS,44,6.2,283.5,36.8,D,0
-14.4671,130.712,323.2,2.3,1.5,2014-11-04,0205,Terra,MODIS,50,6.2,288.6,22.7,D,0
-14.7407,131.3208,327.7,2.6,1.5,2014-11-04,0205,Terra,MODIS,66,6.2,296.4,35.1,D,0
-14.735,131.3268,327.7,2.6,1.5,2014-11-04,0205,Terra,MODIS,57,6.2,296.9,35.8,D,0
-13.0344,133.2178,320.5,3.4,1.7,2014-11-04,0205,Terra,MODIS,61,6.2,283.2,51.3,D,0
-12.87,132.8268,321.5,3.2,1.7,2014-11-04,0205,Terra,MODIS,47,6.2,281.6,45.3,D,0
-14.5939,126.3698,337.7,1.2,1.1,2014-11-04,0205,Terra,MODIS,81,6.2,306.5,24.2,D,0
-14.5954,126.3805,342.3,1.2,1.1,2014-11-04,0205,Terra,MODIS,86,6.2,309.5,32.6,D,0
-14.6643,126.3816,334.8,1.2,1.1,2014-11-04,0205,Terra,MODIS,48,6.2,310.5,15.4,D,0
-13.3802,133.8271,321.1,3.8,1.8,2014-11-04,0205,Terra,MODIS,43,6.2,286.6,44.3,D,0
-14.5901,126.3659,332.8,1.2,1.1,2014-11-04,0205,Terra,MODIS,74,6.2,307.1,16.5,D,0
-14.5916,126.3766,341.6,1.2,1.1,2014-11-04,0205,Terra,MODIS,86,6.2,308.7,33.1,D,0
-14.5931,126.3873,335.7,1.2,1.1,2014-11-04,0205,Terra,MODIS,73,6.2,309.2,20.6,D,0
-14.6943,126.3604,335.5,1.2,1.1,2014-11-04,0205,Terra,MODIS,76,6.2,309.6,17.8,D,0
-15.5549,133.9803,336.5,4.2,1.9,2014-11-04,0205,Terra,MODIS,83,6.2,290.8,173.8,D,0
-15.5519,133.986,338.7,4.2,1.9,2014-11-04,0205,Terra,MODIS,85,6.2,290,203.3,D,0
-13.3905,133.8318,322.6,3.8,1.8,2014-11-04,0205,Terra,MODIS,43,6.2,287.1,52.6,D,0
-13.5714,130.0856,327.1,2,1.4,2014-11-04,0205,Terra,MODIS,51,6.2,279.8,42.1,D,0
-14.9524,127.5447,347.2,1.4,1.2,2014-11-04,0205,Terra,MODIS,63,6.2,306.9,59.8,D,0
-13.5692,130.0674,323.8,2,1.4,2014-11-04,0205,Terra,MODIS,33,6.2,279.7,32,D,0
-13.5792,130.0477,329,2,1.4,2014-11-04,0205,Terra,MODIS,45,6.2,279.9,46.6,D,0
-14.1636,127.1948,331.4,1.3,1.1,2014-11-04,0205,Terra,MODIS,50,6.2,308.3,9.9,D,0
-13.6592,130.3723,321.3,2.1,1.4,2014-11-04,0205,Terra,MODIS,40,6.2,282,28.4,D,0
-14.4109,127.1366,333.2,1.3,1.1,2014-11-04,0205,Terra,MODIS,52,6.2,308.2,16.1,D,0
-14.9307,127.4582,333.1,1.3,1.2,2014-11-04,0205,Terra,MODIS,74,6.2,294.6,29.6,D,0
-13.6065,130.0378,316.9,2,1.4,2014-11-04,0205,Terra,MODIS,15,6.2,278.4,19.7,D,0
-16.9459,126.0533,342.4,1.2,1.1,2014-11-04,0206,Terra,MODIS,85,6.2,311,33,D,0
-16.9722,126.0275,330.5,1.2,1.1,2014-11-04,0206,Terra,MODIS,51,6.2,309.1,9.1,D,0
-16.9488,126.0754,336.3,1.2,1.1,2014-11-04,0206,Terra,MODIS,76,6.2,312.3,18,D,0
-16.9736,126.0386,347.7,1.2,1.1,2014-11-04,0206,Terra,MODIS,90,6.2,310.5,44.7,D,0
-16.2241,124.7342,347.4,1,1,2014-11-04,0206,Terra,MODIS,90,6.2,311,37.9,D,0
-16.2332,124.7328,338.2,1,1,2014-11-04,0206,Terra,MODIS,79,6.2,309.2,21.1,D,0
-16.2346,124.7425,340.7,1,1,2014-11-04,0206,Terra,MODIS,84,6.2,311.3,24,D,0
-17.1866,128.8793,339.9,1.8,1.3,2014-11-04,0206,Terra,MODIS,85,6.2,312,50.6,D,0
-18.3516,129.5988,330.3,2.1,1.4,2014-11-04,0206,Terra,MODIS,44,6.2,309.7,27.7,D,0
-16.9615,126.0962,333,1.2,1.1,2014-11-04,0206,Terra,MODIS,36,6.2,311.5,12.5,D,0
-15.3431,126.1917,345.1,1.2,1.1,2014-11-04,0206,Terra,MODIS,75,6.2,305.5,48.2,D,0
-17.4069,128.3499,331.7,1.7,1.3,2014-11-04,0206,Terra,MODIS,54,6.2,310,21.9,D,0
-16.1807,124.7469,333.2,1,1,2014-11-04,0206,Terra,MODIS,46,6.2,311,12.6,D,0
-17.4087,128.3645,334.1,1.7,1.3,2014-11-04,0206,Terra,MODIS,62,6.2,308.5,29.3,D,0
-16.9751,126.0497,339.4,1.2,1.1,2014-11-04,0206,Terra,MODIS,81,6.2,312.3,24.4,D,0
-16.9212,126.1082,333.7,1.2,1.1,2014-11-04,0206,Terra,MODIS,70,6.2,310.9,15.5,D,0
-16.9864,126.0594,341.4,1.2,1.1,2014-11-04,0206,Terra,MODIS,84,6.2,312.7,28.6,D,0
-16.931,126.1069,337,1.2,1.1,2014-11-04,0206,Terra,MODIS,79,6.2,311.1,20.8,D,0
-17.406,128.3588,332,1.7,1.3,2014-11-04,0206,Terra,MODIS,36,6.2,308.4,23.3,D,0
-16.9834,126.0373,333.1,1.2,1.1,2014-11-04,0206,Terra,MODIS,69,6.2,309.9,12.3,D,0
-16.9766,126.0606,338.3,1.2,1.1,2014-11-04,0206,Terra,MODIS,79,6.2,311.5,22,D,0
-16.0997,124.8241,355.1,1,1,2014-11-04,0206,Terra,MODIS,94,6.2,309.7,58.6,D,0
-16.9781,126.0715,336.5,1.2,1.1,2014-11-04,0206,Terra,MODIS,76,6.2,311.5,18.9,D,0
-16.0828,124.8365,381.1,1,1,2014-11-04,0206,Terra,MODIS,100,6.2,307.6,152.3,D,0
-16.0892,124.8157,343.1,1,1,2014-11-04,0206,Terra,MODIS,87,6.2,304.4,37.8,D,0
-18.2106,129.0585,336.1,1.9,1.4,2014-11-04,0206,Terra,MODIS,53,6.2,302,52,D,0
-16.0906,124.8255,363,1,1,2014-11-04,0206,Terra,MODIS,100,6.2,305.7,84.9,D,0
-16.0919,124.8352,385.5,1,1,2014-11-04,0206,Terra,MODIS,100,6.2,309.9,169.6,D,0
-16.0956,124.7951,338.4,1,1,2014-11-04,0206,Terra,MODIS,82,6.2,306.1,29.1,D,0
-16.0983,124.8144,344.1,1,1,2014-11-04,0206,Terra,MODIS,87,6.2,307.9,36.9,D,0
-16.097,124.8047,358.3,1,1,2014-11-04,0206,Terra,MODIS,99,6.2,308.1,71.5,D,0
-16.9849,126.0484,350.4,1.2,1.1,2014-11-04,0206,Terra,MODIS,93,6.2,312.5,50.1,D,0
-15.3446,126.2024,337.9,1.2,1.1,2014-11-04,0206,Terra,MODIS,38,6.2,305.8,32.3,D,0
-16.5742,131.2904,340.7,2.7,1.6,2014-11-04,0206,Terra,MODIS,87,6.2,303.4,103.7,D,0
-16.577,131.3156,338.6,2.7,1.6,2014-11-04,0206,Terra,MODIS,79,6.2,301.4,96.3,D,0
-16.5799,131.341,331.8,2.7,1.6,2014-11-04,0206,Terra,MODIS,27,6.2,305.8,55.2,D,0
-16.5857,131.392,339.8,2.8,1.6,2014-11-04,0206,Terra,MODIS,86,6.2,304.5,109.9,D,0
-16.5884,131.2888,373.3,2.7,1.6,2014-11-04,0206,Terra,MODIS,100,6.2,300.6,472.5,D,0
-16.5913,131.314,360.7,2.7,1.6,2014-11-04,0206,Terra,MODIS,100,6.2,295.7,312.1,D,0
-16.5942,131.3396,346,2.7,1.6,2014-11-04,0206,Terra,MODIS,91,6.2,301.8,152.7,D,0
-16.5971,131.3649,350.2,2.8,1.6,2014-11-04,0206,Terra,MODIS,94,6.2,305.9,198.8,D,0
-16.6001,131.3909,331.5,2.8,1.6,2014-11-04,0206,Terra,MODIS,74,6.2,304.9,57.1,D,0
-16.5662,131.3115,332.4,2.7,1.6,2014-11-04,0206,Terra,MODIS,51,6.2,306,48.5,D,0
-16.5778,131.2843,339,2.7,1.6,2014-11-04,0206,Terra,MODIS,74,6.2,303.4,102.1,D,0
-16.5804,131.3095,341.4,2.7,1.6,2014-11-04,0206,Terra,MODIS,84,6.2,298.9,125,D,0
-16.5886,131.386,335.7,2.8,1.6,2014-11-04,0206,Terra,MODIS,81,6.2,304.8,79.4,D,0
-16.592,131.2828,355.5,2.7,1.6,2014-11-04,0206,Terra,MODIS,97,6.2,299.7,242.6,D,0
-16.5947,131.3081,353.4,2.7,1.6,2014-11-04,0206,Terra,MODIS,96,6.2,291.4,225.7,D,0
-16.5975,131.3337,339.5,2.7,1.6,2014-11-04,0206,Terra,MODIS,75,6.2,294.7,106.1,D,0
-16.6002,131.3589,353.4,2.8,1.6,2014-11-04,0206,Terra,MODIS,96,6.2,305.3,221.4,D,0
-16.603,131.3849,332.8,2.8,1.6,2014-11-04,0206,Terra,MODIS,70,6.2,305.3,58.4,D,0
-16.2902,123.977,362.3,1,1,2014-11-04,0206,Terra,MODIS,75,6.2,305.5,75.8,D,0
-16.2965,123.9569,327.2,1,1,2014-11-04,0206,Terra,MODIS,31,6.2,304,7.1,D,0
-16.2227,124.7245,333.2,1,1,2014-11-04,0206,Terra,MODIS,65,6.2,308.6,14.2,D,0
-16.215,124.7355,348.4,1,1,2014-11-04,0206,Terra,MODIS,91,6.2,311.9,41.6,D,0
-16.2136,124.7259,353.3,1,1,2014-11-04,0206,Terra,MODIS,95,6.2,310.3,54.6,D,0
-16.2058,124.7368,338.7,1,1,2014-11-04,0206,Terra,MODIS,57,6.2,310.9,22.9,D,0
-16.1793,124.7372,349.4,1,1,2014-11-04,0206,Terra,MODIS,92,6.2,309.3,43.6,D,0
-16.1039,124.8532,336.8,1,1,2014-11-04,0206,Terra,MODIS,80,6.2,309.4,15.3,D,0
-16.1052,124.8629,340.9,1,1,2014-11-04,0206,Terra,MODIS,85,6.2,309.9,22.3,D,0
-16.1477,124.91,334.4,1,1,2014-11-04,0206,Terra,MODIS,63,6.2,309.8,15.2,D,0
-16.1426,124.9405,335.9,1,1,2014-11-04,0206,Terra,MODIS,77,6.2,311.1,16.9,D,0
-16.0479,124.9208,345.3,1,1,2014-11-04,0206,Terra,MODIS,89,6.2,305.4,37.3,D,0
-16.0492,124.9306,342.7,1,1,2014-11-04,0206,Terra,MODIS,87,6.2,309.1,31,D,0
-16.0571,124.9195,415.8,1,1,2014-11-04,0206,Terra,MODIS,100,6.2,314.7,365.9,D,0
-16.1412,124.9308,334.1,1,1,2014-11-04,0206,Terra,MODIS,72,6.2,311.8,13.8,D,0
-16.1344,124.8822,329.7,1,1,2014-11-04,0206,Terra,MODIS,63,6.2,310.9,11.9,D,0
-16.133,124.8725,333.4,1,1,2014-11-04,0206,Terra,MODIS,73,6.2,310.8,17.5,D,0
-16.0764,124.8572,339.3,1,1,2014-11-04,0206,Terra,MODIS,83,6.2,305.3,28.5,D,0
-16.075,124.8476,333.3,1,1,2014-11-04,0206,Terra,MODIS,74,6.2,304.2,21.3,D,0
-16.0584,124.9292,395,1,1,2014-11-04,0206,Terra,MODIS,100,6.2,316,218.7,D,0
-16.0662,124.9181,354.2,1,1,2014-11-04,0206,Terra,MODIS,94,6.2,308.4,51.9,D,0
-16.1213,124.9099,335.5,1,1,2014-11-04,0206,Terra,MODIS,74,6.2,310.6,10.9,D,0
-16.1094,124.8919,332.9,1,1,2014-11-04,0206,Terra,MODIS,74,6.2,309.9,9.2,D,0
-16.0676,124.9279,358.5,1,1,2014-11-04,0206,Terra,MODIS,99,6.2,312.3,63.5,D,0
-16.0754,124.9168,340.9,1,1,2014-11-04,0206,Terra,MODIS,43,6.2,312.4,21.2,D,0
-16.0768,124.9265,348.1,1,1,2014-11-04,0206,Terra,MODIS,87,6.2,313.5,35.6,D,0
-16.1116,124.8421,332.1,1,1,2014-11-04,0206,Terra,MODIS,50,6.2,309.1,8.3,D,0
-16.103,124.9127,336.4,1,1,2014-11-04,0206,Terra,MODIS,44,6.2,311.4,10.7,D,0
-16.1016,124.903,335.1,1,1,2014-11-04,0206,Terra,MODIS,41,6.2,309.3,10.2,D,0
-16.0924,124.9043,337.7,1,1,2014-11-04,0206,Terra,MODIS,61,6.2,311.3,14.1,D,0
-16.1144,124.8615,333.7,1,1,2014-11-04,0206,Terra,MODIS,68,6.2,310.1,11.1,D,0
-16.0842,124.8462,367.5,1,1,2014-11-04,0206,Terra,MODIS,100,6.2,308.7,98.7,D,0
-16.0855,124.8558,349.1,1,1,2014-11-04,0206,Terra,MODIS,92,6.2,307.4,44.9,D,0
-16.0933,124.8448,341.7,1,1,2014-11-04,0206,Terra,MODIS,69,6.2,308.6,29.2,D,0
-16.0947,124.8545,338.1,1,1,2014-11-04,0206,Terra,MODIS,81,6.2,308,19.5,D,0
-16.1958,124.8531,344,1,1,2014-11-04,0206,Terra,MODIS,87,6.2,310.8,27.2,D,0
-16.1317,124.8628,332.1,1,1,2014-11-04,0206,Terra,MODIS,70,6.2,309.2,15.1,D,0
-16.1574,124.78,337.3,1,1,2014-11-04,0206,Terra,MODIS,66,6.2,313.6,14.2,D,0
-16.1455,124.7621,342.3,1,1,2014-11-04,0206,Terra,MODIS,72,6.2,310.7,28.9,D,0
-16.1103,124.8324,335,1,1,2014-11-04,0206,Terra,MODIS,77,6.2,310.1,12.2,D,0
-16.1364,124.7634,356,1,1,2014-11-04,0206,Terra,MODIS,97,6.2,311.7,60.6,D,0
-16.1089,124.8228,346,1,1,2014-11-04,0206,Terra,MODIS,90,6.2,310,32.6,D,0
-16.0961,124.8642,354.2,1,1,2014-11-04,0206,Terra,MODIS,96,6.2,308.2,52.1,D,0
-16.1075,124.8131,342.4,1,1,2014-11-04,0206,Terra,MODIS,73,6.2,310.5,27,D,0
-16.1061,124.8034,339.5,1,1,2014-11-04,0206,Terra,MODIS,63,6.2,309.4,25.9,D,0
-18.9317,122.8497,374.9,1,1,2014-11-04,0207,Terra,MODIS,100,6.2,321.3,110.6,D,0
-18.8053,122.5573,341.2,1,1,2014-11-04,0207,Terra,MODIS,67,6.2,318.5,18.1,D,0
-18.8039,122.5478,349.6,1,1,2014-11-04,0207,Terra,MODIS,91,6.2,316.8,36.1,D,0
-18.8025,122.5384,346.8,1,1,2014-11-04,0207,Terra,MODIS,89,6.2,314.3,35.2,D,0
-18.7949,122.5493,343.1,1,1,2014-11-04,0207,Terra,MODIS,74,6.2,321,22.8,D,0
-18.7935,122.5398,387.7,1,1,2014-11-04,0207,Terra,MODIS,100,6.2,328,168.6,D,0
-18.792,122.5303,440,1,1,2014-11-04,0207,Terra,MODIS,100,6.2,328.7,578,D,0
-18.7887,122.5697,356,1,1,2014-11-04,0207,Terra,MODIS,97,6.2,317.9,48.3,D,0
-18.7873,122.5602,363.2,1,1,2014-11-04,0207,Terra,MODIS,100,6.2,316.6,69.1,D,0
-18.7859,122.5507,358.6,1,1,2014-11-04,0207,Terra,MODIS,99,6.2,318.7,59.7,D,0
-18.7845,122.5413,436.8,1,1,2014-11-04,0207,Terra,MODIS,100,6.2,330.3,540.9,D,0
-18.783,122.5318,429.9,1,1,2014-11-04,0207,Terra,MODIS,100,6.2,321.3,471.6,D,0
-18.7783,122.5617,341,1,1,2014-11-04,0207,Terra,MODIS,65,6.2,314.3,21.4,D,0
-18.7754,122.5427,367.2,1,1,2014-11-04,0207,Terra,MODIS,100,6.2,315.3,90.9,D,0
-18.774,122.5333,358.1,1,1,2014-11-04,0207,Terra,MODIS,98,6.2,310.4,66.2,D,0
-18.7513,122.566,405.4,1,1,2014-11-04,0207,Terra,MODIS,100,6.2,321.7,265.1,D,0
-18.7499,122.5566,340.9,1,1,2014-11-04,0207,Terra,MODIS,70,6.2,308,24.1,D,0
-18.7423,122.5675,365.9,1,1,2014-11-04,0207,Terra,MODIS,100,6.2,322.8,81.7,D,0
-18.7409,122.558,354.3,1,1,2014-11-04,0207,Terra,MODIS,95,6.2,312,51.3,D,0
-18.7328,122.5653,367.7,1,1,2014-11-04,0207,Terra,MODIS,100,6.2,316.4,90.5,D,0
-18.7238,122.5668,410.2,1,1,2014-11-04,0207,Terra,MODIS,100,6.2,316.8,301.4,D,0
-18.9238,122.7349,334.2,1,1,2014-11-04,0207,Terra,MODIS,56,6.2,313.1,14.7,D,0
-18.9233,122.793,355.7,1,1,2014-11-04,0207,Terra,MODIS,96,6.2,311.5,53.5,D,0
-18.9143,122.7945,352.2,1,1,2014-11-04,0207,Terra,MODIS,94,6.2,309.8,47.5,D,0
-18.9053,122.7959,377.7,1,1,2014-11-04,0207,Terra,MODIS,100,6.2,309.3,127.6,D,0
-18.5377,122.6771,344.8,1,1,2014-11-04,0207,Terra,MODIS,86,6.2,307.8,37.2,D,0
-18.5391,122.6866,428.5,1,1,2014-11-04,0207,Terra,MODIS,100,6.2,324,453.6,D,0
-18.5405,122.696,418.2,1,1,2014-11-04,0207,Terra,MODIS,100,6.2,326.9,357.7,D,0
-18.5419,122.7054,368.3,1,1,2014-11-04,0207,Terra,MODIS,100,6.2,320.6,85.6,D,0
-18.5467,122.6757,419.7,1,1,2014-11-04,0207,Terra,MODIS,100,6.2,323.3,378.9,D,0
-18.5481,122.6851,410.1,1,1,2014-11-04,0207,Terra,MODIS,100,6.2,330.6,301.1,D,0
-18.5495,122.6946,358.9,1,1,2014-11-04,0207,Terra,MODIS,83,6.2,323.9,57.4,D,0
-18.5509,122.704,350.8,1,1,2014-11-04,0207,Terra,MODIS,56,6.2,322.4,35.1,D,0
-18.5557,122.6742,409.3,1,1,2014-11-04,0207,Terra,MODIS,100,6.2,317.5,296.3,D,0
-18.5571,122.6837,399.8,1,1,2014-11-04,0207,Terra,MODIS,100,6.2,327.3,230.7,D,0
-18.5585,122.6931,353.7,1,1,2014-11-04,0207,Terra,MODIS,79,6.2,324.3,42.4,D,0
-18.5655,122.7403,343.2,1,1,2014-11-04,0207,Terra,MODIS,33,6.2,320.1,18.9,D,0
-18.5661,122.6822,365.1,1,1,2014-11-04,0207,Terra,MODIS,100,6.2,313.7,77.2,D,0
-18.5675,122.6917,357.8,1,1,2014-11-04,0207,Terra,MODIS,91,6.2,319.1,51.4,D,0
-18.8672,122.5408,357.8,1,1,2014-11-04,0207,Terra,MODIS,98,6.2,314.8,58.9,D,0
-18.8686,122.5502,335,1,1,2014-11-04,0207,Terra,MODIS,69,6.2,314.8,13.5,D,0
-18.1581,122.5406,377.7,1,1,2014-11-04,0207,Terra,MODIS,100,6.2,319,116.3,D,0
-18.1595,122.5501,376.3,1,1,2014-11-04,0207,Terra,MODIS,100,6.2,325.3,107.9,D,0
-18.1685,122.5486,354.9,1,1,2014-11-04,0207,Terra,MODIS,85,6.2,320.7,43.3,D,0
-18.9594,122.9128,338.2,1,1,2014-11-04,0207,Terra,MODIS,45,6.2,315.9,13,D,0
-18.958,122.9034,345.1,1,1,2014-11-04,0207,Terra,MODIS,78,6.2,316.1,24.1,D,0
-18.9566,122.894,358.2,1,1,2014-11-04,0207,Terra,MODIS,98,6.2,315.6,53.2,D,0
-18.9552,122.8845,399.3,1,1,2014-11-04,0207,Terra,MODIS,100,6.2,317,221.3,D,0
-18.9538,122.8751,385.4,1,1,2014-11-04,0207,Terra,MODIS,100,6.2,313.1,149.5,D,0
-18.9462,122.886,366.6,1,1,2014-11-04,0207,Terra,MODIS,100,6.2,323.4,75.2,D,0
-18.9448,122.8765,436.9,1,1,2014-11-04,0207,Terra,MODIS,100,6.2,333.2,525.7,D,0
-18.9434,122.8671,437.4,1,1,2014-11-04,0207,Terra,MODIS,100,6.2,328.2,534.4,D,0
-18.942,122.8577,367.7,1,1,2014-11-04,0207,Terra,MODIS,100,6.2,315.5,83.8,D,0
-18.9406,122.8482,409.5,1,1,2014-11-04,0207,Terra,MODIS,100,6.2,316.3,291.3,D,0
-18.9303,122.8402,340.8,1,1,2014-11-04,0207,Terra,MODIS,53,6.2,316.3,20.4,D,0
-18.9289,122.8308,338,1,1,2014-11-04,0207,Terra,MODIS,54,6.2,316.4,16.8,D,0
-18.9275,122.8214,362.5,1,1,2014-11-04,0207,Terra,MODIS,100,6.2,317.5,69.5,D,0
-18.9261,122.8119,346.8,1,1,2014-11-04,0207,Terra,MODIS,89,6.2,316.1,31.7,D,0
-18.9247,122.8025,408.9,1,1,2014-11-04,0207,Terra,MODIS,100,6.2,317.9,288.7,D,0
-18.9241,122.8605,354,1,1,2014-11-04,0207,Terra,MODIS,90,6.2,316.4,44.7,D,0
-18.9185,122.8228,343.7,1,1,2014-11-04,0207,Terra,MODIS,85,6.2,315.5,27.6,D,0
-18.9171,122.8134,340.9,1,1,2014-11-04,0207,Terra,MODIS,77,6.2,314.2,22.6,D,0
-18.9157,122.8039,374.2,1,1,2014-11-04,0207,Terra,MODIS,100,6.2,316.6,110.8,D,0
-18.9193,122.8903,350.6,1,1,2014-11-04,0207,Terra,MODIS,92,6.2,318.3,29.4,D,0
-18.9095,122.8242,345.1,1,1,2014-11-04,0207,Terra,MODIS,87,6.2,312.4,32.2,D,0
-18.9081,122.8148,338.4,1,1,2014-11-04,0207,Terra,MODIS,77,6.2,312,21.3,D,0
-18.9067,122.8054,402,1,1,2014-11-04,0207,Terra,MODIS,100,6.2,317.9,248,D,0
-18.9173,122.9389,342.1,1,1,2014-11-04,0207,Terra,MODIS,66,6.2,316.1,20.6,D,0
-18.9047,122.854,371.9,1,1,2014-11-04,0207,Terra,MODIS,100,6.2,315.7,98.8,D,0
-18.9033,122.8445,386.9,1,1,2014-11-04,0207,Terra,MODIS,100,6.2,312.9,161.2,D,0
-18.9069,122.9309,340,1,1,2014-11-04,0207,Terra,MODIS,47,6.2,314.9,17.5,D,0
-18.9055,122.9214,343.2,1,1,2014-11-04,0207,Terra,MODIS,47,6.2,316.2,21.4,D,0
-18.9041,122.912,343.5,1,1,2014-11-04,0207,Terra,MODIS,37,6.2,316.8,21.6,D,0
-18.9027,122.9026,344.1,1,1,2014-11-04,0207,Terra,MODIS,60,6.2,316.7,23.1,D,0
-18.9013,122.8931,374,1,1,2014-11-04,0207,Terra,MODIS,100,6.2,318.7,102,D,0
-18.8999,122.8837,412.5,1,1,2014-11-04,0207,Terra,MODIS,100,6.2,323.3,308.5,D,0
-18.8985,122.8743,403.8,1,1,2014-11-04,0207,Terra,MODIS,100,6.2,319.5,250.5,D,0
-18.8971,122.8648,340.2,1,1,2014-11-04,0207,Terra,MODIS,70,6.2,310.2,18.6,D,0
-18.8957,122.8554,351,1,1,2014-11-04,0207,Terra,MODIS,93,6.2,309.7,40.7,D,0
-18.8943,122.846,361.7,1,1,2014-11-04,0207,Terra,MODIS,100,6.2,311,69,D,0
-18.8923,122.8946,342.8,1,1,2014-11-04,0207,Terra,MODIS,79,6.2,314.7,21.8,D,0
-18.8909,122.8851,356.3,1,1,2014-11-04,0207,Terra,MODIS,97,6.2,316.7,50.6,D,0
-18.7252,122.5762,402.7,1,1,2014-11-04,0207,Terra,MODIS,100,6.2,323,247.4,D,0
-18.7266,122.5857,360,1,1,2014-11-04,0207,Terra,MODIS,99,6.2,319.8,58.9,D,0
-18.728,122.5952,353.1,1,1,2014-11-04,0207,Terra,MODIS,84,6.2,318.3,40.9,D,0
-18.7294,122.6046,358.3,1,1,2014-11-04,0207,Terra,MODIS,96,6.2,316.7,52.7,D,0
-18.7342,122.5748,365.2,1,1,2014-11-04,0207,Terra,MODIS,100,6.2,322,77.5,D,0
-18.7437,122.577,340.4,1,1,2014-11-04,0207,Terra,MODIS,66,6.2,321.6,19.1,D,0
-18.7527,122.5755,365.6,1,1,2014-11-04,0207,Terra,MODIS,100,6.2,323,76.5,D,0
-18.7541,122.585,343,1,1,2014-11-04,0207,Terra,MODIS,50,6.2,320.8,20.6,D,0
-20.9483,124.1568,336.2,1.1,1,2014-11-04,0207,Terra,MODIS,72,6.2,312.9,18,D,0
-20.1954,122.7434,343.3,1,1,2014-11-04,0207,Terra,MODIS,72,6.2,318.5,18.6,D,0
-19.4125,132.0638,338.5,3.4,1.7,2014-11-04,0207,Terra,MODIS,66,6.2,305.6,124.7,D,0
-19.4094,132.0317,340.2,3.4,1.7,2014-11-04,0207,Terra,MODIS,53,6.2,309.3,125.7,D,0
-19.5037,129.7933,346.7,2.3,1.5,2014-11-04,0207,Terra,MODIS,82,6.2,306.3,126.3,D,0
-19.5002,129.7882,339.5,2.3,1.5,2014-11-04,0207,Terra,MODIS,64,6.2,303.7,79.5,D,0
-19.7438,123.8809,348.1,1,1,2014-11-04,0207,Terra,MODIS,90,6.2,314.7,36.8,D,0
-23.817,128.0844,342.5,2,1.4,2014-11-04,0208,Terra,MODIS,86,6.2,312.3,69.6,D,0
-23.585,122.585,413.6,1,1,2014-11-04,0208,Terra,MODIS,100,6.2,325.9,327.7,D,0
-24.8457,121.7642,335.7,1,1,2014-11-04,0208,Terra,MODIS,58,6.2,315.8,13,D,0
-24.8471,121.7741,350.1,1,1,2014-11-04,0208,Terra,MODIS,92,6.2,318.1,37.5,D,0
-24.8925,121.7704,339.7,1,1,2014-11-04,0208,Terra,MODIS,79,6.2,316.3,19.9,D,0
-25.3304,121.3692,336.4,1,1,2014-11-04,0208,Terra,MODIS,71,6.2,318.5,11.8,D,0
-23.5773,122.5964,378.9,1,1,2014-11-04,0208,Terra,MODIS,100,6.2,324,123.6,D,0
-23.5759,122.5865,377.6,1,1,2014-11-04,0208,Terra,MODIS,100,6.2,320.8,120.7,D,0
-23.5745,122.5766,344.2,1,1,2014-11-04,0208,Terra,MODIS,86,6.2,314,29.5,D,0
-24.8939,121.7803,335.5,1,1,2014-11-04,0208,Terra,MODIS,69,6.2,317.1,12.8,D,0
-23.5683,122.5979,350.9,1,1,2014-11-04,0208,Terra,MODIS,93,6.2,320.4,35.2,D,0
-25.329,121.3594,340.9,1,1,2014-11-04,0208,Terra,MODIS,81,6.2,319.6,19.3,D,0
-25.3275,121.3495,346.9,1,1,2014-11-04,0208,Terra,MODIS,89,6.2,318.9,30.7,D,0
-25.2235,121.4553,337.5,1,1,2014-11-04,0208,Terra,MODIS,75,6.2,319.1,15.4,D,0
-25.225,121.4651,335.1,1,1,2014-11-04,0208,Terra,MODIS,60,6.2,317.8,11.3,D,0
-23.6039,122.6528,370.2,1,1,2014-11-04,0208,Terra,MODIS,100,6.2,318.7,92.5,D,0
-23.5669,122.588,377.6,1,1,2014-11-04,0208,Terra,MODIS,100,6.2,321.3,119.1,D,0
-23.3904,122.6394,342.5,1,1,2014-11-04,0208,Terra,MODIS,83,6.2,319.4,19.9,D,0
-23.3452,122.6428,349.7,1,1,2014-11-04,0208,Terra,MODIS,91,6.2,319.5,30.8,D,0
-23.3438,122.6329,372.9,1,1,2014-11-04,0208,Terra,MODIS,100,6.2,320.3,96.9,D,0
-23.3424,122.6231,375.1,1,1,2014-11-04,0208,Terra,MODIS,100,6.2,320.6,108.8,D,0
-23.3375,122.6541,345.8,1,1,2014-11-04,0208,Terra,MODIS,86,6.2,320.1,25.6,D,0
-23.3361,122.6443,341.1,1,1,2014-11-04,0208,Terra,MODIS,42,6.2,319.7,14.2,D,0
-23.3347,122.6344,354,1,1,2014-11-04,0208,Terra,MODIS,95,6.2,321.6,40.8,D,0
-23.3333,122.6246,341.8,1,1,2014-11-04,0208,Terra,MODIS,24,6.2,320.9,19.1,D,0
-25.326,121.3396,346.4,1,1,2014-11-04,0208,Terra,MODIS,88,6.2,315.9,30.5,D,0
-23.9388,123.2082,343.7,1,1,2014-11-04,0208,Terra,MODIS,85,6.2,315.1,29.1,D,0
-23.5084,126.5511,338.1,1.5,1.2,2014-11-04,0208,Terra,MODIS,78,6.2,313.3,33.5,D,0
-23.9402,123.2184,339.7,1,1,2014-11-04,0208,Terra,MODIS,79,6.2,316,21.5,D,0
-23.9431,123.239,332.2,1.1,1,2014-11-04,0208,Terra,MODIS,59,6.2,315.5,9.9,D,0
-23.3166,122.6374,341.7,1,1,2014-11-04,0208,Terra,MODIS,24,6.2,320,14.7,D,0
-23.9445,123.2493,340.1,1.1,1,2014-11-04,0208,Terra,MODIS,80,6.2,317.1,22.7,D,0
-23.3152,122.6275,360.8,1,1,2014-11-04,0208,Terra,MODIS,100,6.2,321.2,59.2,D,0
-23.3061,122.629,343.6,1,1,2014-11-04,0208,Terra,MODIS,57,6.2,319.7,19.5,D,0
-23.3033,122.6093,355.4,1,1,2014-11-04,0208,Terra,MODIS,96,6.2,318.6,48.7,D,0
-23.3019,122.5995,338.4,1,1,2014-11-04,0208,Terra,MODIS,49,6.2,316.3,16.3,D,0
-23.2866,122.6221,350.3,1,1,2014-11-04,0208,Terra,MODIS,92,6.2,320,35.2,D,0
-23.2852,122.6123,344.5,1,1,2014-11-04,0208,Terra,MODIS,81,6.2,319.1,24.9,D,0
-24.1427,123.7097,339.5,1.1,1,2014-11-04,0208,Terra,MODIS,79,6.2,316.6,21,D,0
-24.1384,123.7168,335.7,1.1,1,2014-11-04,0208,Terra,MODIS,70,6.2,316.5,12.9,D,0
-24.8395,121.7855,341,1,1,2014-11-04,0208,Terra,MODIS,81,6.2,317.9,18.8,D,0
-23.5177,126.5348,340.6,1.5,1.2,2014-11-04,0208,Terra,MODIS,83,6.2,311.9,42.9,D,0
-23.5194,126.5497,331.9,1.5,1.2,2014-11-04,0208,Terra,MODIS,43,6.2,312.4,16.7,D,0
-23.5211,126.5646,339.5,1.5,1.2,2014-11-04,0208,Terra,MODIS,81,6.2,314.9,38.1,D,0
-23.5304,126.5482,350.4,1.5,1.2,2014-11-04,0208,Terra,MODIS,93,6.2,311.6,75.5,D,0
-23.5322,126.5631,360.9,1.5,1.2,2014-11-04,0208,Terra,MODIS,100,6.2,312.8,123.7,D,0
-23.6025,122.6429,386.2,1,1,2014-11-04,0208,Terra,MODIS,100,6.2,321.7,156.8,D,0
-23.5864,122.5949,403,1,1,2014-11-04,0208,Terra,MODIS,100,6.2,323.5,250.4,D,0
-23.5836,122.5752,408.3,1,1,2014-11-04,0208,Terra,MODIS,100,6.2,320.6,291.6,D,0
-23.3449,122.5159,443.1,1,1,2014-11-04,0208,Terra,MODIS,100,6.2,326.5,610.3,D,0
-23.3463,122.5257,402.5,1,1,2014-11-04,0208,Terra,MODIS,100,6.2,321.9,246.1,D,0
-23.3477,122.5355,360.1,1,1,2014-11-04,0208,Terra,MODIS,100,6.2,318.3,61,D,0
-23.3491,122.5454,358.9,1,1,2014-11-04,0208,Terra,MODIS,99,6.2,318.8,57.4,D,0
-23.3554,122.5242,342.8,1,1,2014-11-04,0208,Terra,MODIS,83,6.2,315.7,21.7,D,0
-23.3568,122.534,339.2,1,1,2014-11-04,0208,Terra,MODIS,78,6.2,316.6,15.1,D,0
-23.3582,122.5439,336.5,1,1,2014-11-04,0208,Terra,MODIS,55,6.2,318.1,10.2,D,0
-23.3618,122.3124,331.4,1,1,2014-11-04,0208,Terra,MODIS,42,6.2,313.7,7.9,D,0
-23.2064,124.813,335.6,1.2,1.1,2014-11-04,0208,Terra,MODIS,72,6.2,314.9,17.5,D,0
-22.7925,123.3464,341.3,1,1,2014-11-04,0208,Terra,MODIS,77,6.2,318.7,19.7,D,0
-25.197,121.5876,335.7,1,1,2014-11-04,0208,Terra,MODIS,71,6.2,317.2,11.5,D,0
-25.1956,121.5777,362.1,1,1,2014-11-04,0208,Terra,MODIS,100,6.2,319.8,66.8,D,0
-25.1941,121.5678,367.2,1,1,2014-11-04,0208,Terra,MODIS,100,6.2,318.9,81.3,D,0
-23.1883,124.8276,331.5,1.2,1.1,2014-11-04,0208,Terra,MODIS,50,6.2,313.5,10.9,D,0
-22.1399,123.9363,333.6,1.1,1,2014-11-04,0208,Terra,MODIS,70,6.2,315.7,11.9,D,0
-23.1861,124.8226,333.2,1.2,1.1,2014-11-04,0208,Terra,MODIS,38,6.2,314.4,11.1,D,0
-23.18,124.776,332,1.2,1.1,2014-11-04,0208,Terra,MODIS,44,6.2,314.4,10.5,D,0
-23.2898,122.4507,332.9,1,1,2014-11-04,0208,Terra,MODIS,62,6.2,316.8,9.4,D,0
-23.3359,122.5174,340.4,1,1,2014-11-04,0208,Terra,MODIS,79,6.2,316.8,20.6,D,0
-22.8465,122.0606,340.2,1,1,2014-11-04,0208,Terra,MODIS,32,6.2,317.6,18.2,D,0
-22.836,122.0525,359.2,1,1,2014-11-04,0208,Terra,MODIS,99,6.2,321.1,59.9,D,0
-22.8346,122.0428,350.3,1,1,2014-11-04,0208,Terra,MODIS,92,6.2,317,41.2,D,0
-22.8313,122.083,338.6,1,1,2014-11-04,0208,Terra,MODIS,59,6.2,319,13.9,D,0
-22.8271,122.054,369.5,1,1,2014-11-04,0208,Terra,MODIS,100,6.2,322,89.9,D,0
-22.8256,122.0443,453,1,1,2014-11-04,0208,Terra,MODIS,100,6.2,338.3,729.3,D,0
-22.8242,122.0346,386.3,1,1,2014-11-04,0208,Terra,MODIS,100,6.2,314.2,161.6,D,0
-22.8209,122.0749,349.2,1,1,2014-11-04,0208,Terra,MODIS,91,6.2,320.5,33.4,D,0
-22.8195,122.0652,339.1,1,1,2014-11-04,0208,Terra,MODIS,49,6.2,316.5,15.1,D,0
-23.3373,122.5272,342.2,1,1,2014-11-04,0208,Terra,MODIS,81,6.2,315.3,21.8,D,0
-23.2163,124.8116,336.7,1.2,1.1,2014-11-04,0208,Terra,MODIS,74,6.2,314.2,20.3,D,0
-23.3387,122.537,358.2,1,1,2014-11-04,0208,Terra,MODIS,98,6.2,319.4,56.5,D,0
-23.3401,122.5469,359.3,1,1,2014-11-04,0208,Terra,MODIS,99,6.2,320,59.2,D,0
-28.2126,125.7738,351.8,1.6,1.2,2014-11-04,0209,Terra,MODIS,95,6.2,311.1,95.7,D,0
-28.2144,125.7899,326.4,1.6,1.2,2014-11-04,0209,Terra,MODIS,67,6.2,310.1,14.2,D,0
-29.2276,129.5703,348,2.9,1.6,2014-11-04,0209,Terra,MODIS,93,6.2,307.5,206.3,D,0
-29.1992,125.4425,361.8,1.5,1.2,2014-11-04,0209,Terra,MODIS,100,6.2,309.9,144.4,D,0
-29.1974,125.4266,327.2,1.5,1.2,2014-11-04,0209,Terra,MODIS,66,6.2,306.7,23.3,D,0
-29.1882,125.4439,338.4,1.5,1.2,2014-11-04,0209,Terra,MODIS,84,6.2,307.4,50.7,D,0
-29.2125,125.4513,331.7,1.5,1.2,2014-11-04,0209,Terra,MODIS,76,6.2,308.7,31.3,D,0
-29.1686,129.5812,329.7,2.9,1.6,2014-11-04,0209,Terra,MODIS,72,6.2,303.2,80,D,0
-29.1983,129.5785,337,2.9,1.6,2014-11-04,0209,Terra,MODIS,69,6.2,305.1,116.4,D,0
-29.2142,125.4672,329.6,1.5,1.2,2014-11-04,0209,Terra,MODIS,72,6.2,310,24.9,D,0
-28.0872,124.7795,328.4,1.4,1.2,2014-11-04,0209,Terra,MODIS,40,6.2,308.2,16,D,0
-28.0751,124.7672,340.8,1.4,1.2,2014-11-04,0209,Terra,MODIS,84,6.2,310.8,42.5,D,0
-28.0735,124.7534,337.8,1.4,1.2,2014-11-04,0209,Terra,MODIS,80,6.2,308.5,35.8,D,0
-28.0542,124.7702,333.8,1.4,1.2,2014-11-04,0209,Terra,MODIS,74,6.2,310.7,24.9,D,0
-28.0526,124.7564,328.2,1.4,1.2,2014-11-04,0209,Terra,MODIS,37,6.2,309.1,14,D,0
-29.2132,129.5771,339.4,2.9,1.6,2014-11-04,0209,Terra,MODIS,84,6.2,307.8,130.1,D,0
-29.228,129.5757,347.9,2.9,1.6,2014-11-04,0209,Terra,MODIS,92,6.2,308,202.8,D,0
-29.1979,129.5732,335.1,2.9,1.6,2014-11-04,0209,Terra,MODIS,66,6.2,304.7,101.2,D,0
-29.2002,129.6037,329.6,3,1.6,2014-11-04,0209,Terra,MODIS,32,6.2,306.2,64.8,D,0
-29.2014,125.4527,333.9,1.5,1.2,2014-11-04,0209,Terra,MODIS,79,6.2,310.7,35.4,D,0
-29.1997,125.4368,355.4,1.5,1.2,2014-11-04,0209,Terra,MODIS,97,6.2,308.7,112.9,D,0
-28.9272,130.3071,323.4,3.3,1.7,2014-11-04,0209,Terra,MODIS,64,6.2,303.4,59,D,0
-28.0661,125.1932,327.6,1.4,1.2,2014-11-04,0209,Terra,MODIS,67,6.2,310.2,14.7,D,0
-28.1991,124.9566,327.8,1.4,1.2,2014-11-04,0209,Terra,MODIS,66,6.2,309.9,17.5,D,0
-29.2128,129.5717,342.6,2.9,1.6,2014-11-04,0209,Terra,MODIS,89,6.2,307.3,157,D,0
-28.0888,124.7934,326.4,1.4,1.2,2014-11-04,0209,Terra,MODIS,39,6.2,307.8,12.4,D,0
-29.2151,129.6024,328.4,3,1.6,2014-11-04,0209,Terra,MODIS,45,6.2,307.7,54.7,D,0
-29.1903,125.4542,325.7,1.5,1.2,2014-11-04,0209,Terra,MODIS,40,6.2,308,16.5,D,0
-29.1886,125.4382,339.3,1.5,1.2,2014-11-04,0209,Terra,MODIS,85,6.2,307.1,52.8,D,0
-28.0678,125.2079,329,1.4,1.2,2014-11-04,0209,Terra,MODIS,70,6.2,309.7,17.8,D,0
-28.9227,130.3022,324.9,3.3,1.7,2014-11-04,0209,Terra,MODIS,66,6.2,303.5,68.5,D,0
-25.7239,121.106,334.2,1,1,2014-11-04,0209,Terra,MODIS,57,6.2,316.9,11.3,D,0
-25.7404,121.0928,342.1,1,1,2014-11-04,0209,Terra,MODIS,83,6.2,317,24.3,D,0
-25.7419,121.1028,350.9,1,1,2014-11-04,0209,Terra,MODIS,93,6.2,318.8,41.1,D,0
-25.7434,121.1127,340.3,1,1,2014-11-04,0209,Terra,MODIS,81,6.2,317.2,20.8,D,0
-35.4654,142.2372,325.5,1.4,1.2,2014-11-04,0448,Aqua,MODIS,75,6.2,304.9,16.5,D,0
-31.4003,134.3477,330.9,1.1,1,2014-11-04,0449,Aqua,MODIS,73,6.2,314.3,15.8,D,0
-31.3989,134.3592,366.2,1.1,1,2014-11-04,0449,Aqua,MODIS,100,6.2,315.9,99.8,D,0
-29.1901,129.5876,336.6,1.9,1.3,2014-11-04,0450,Aqua,MODIS,65,6.2,312.6,52.3,D,0
-29.1788,125.4242,341,3.6,1.8,2014-11-04,0450,Aqua,MODIS,86,6.2,306.5,206.9,D,0
-29.1815,125.3866,322.5,3.6,1.8,2014-11-04,0450,Aqua,MODIS,26,6.2,304.6,49.1,D,0
-29.2367,129.5416,338,1.9,1.3,2014-11-04,0450,Aqua,MODIS,66,6.2,313.6,51.4,D,0
-28.9217,130.2858,348.9,1.7,1.3,2014-11-04,0450,Aqua,MODIS,92,6.2,312.3,91.9,D,0
-28.9341,130.2978,329.9,1.7,1.3,2014-11-04,0450,Aqua,MODIS,66,6.2,311.8,25.9,D,0
-28.9359,130.2807,327.2,1.7,1.3,2014-11-04,0450,Aqua,MODIS,54,6.2,310.8,18.8,D,0
-28.657,129.2741,331.3,1.9,1.4,2014-11-04,0450,Aqua,MODIS,73,6.2,310.9,39.6,D,0
-28.9226,130.2964,337,1.7,1.3,2014-11-04,0450,Aqua,MODIS,80,6.2,311.9,44.4,D,0
-28.9244,130.2792,346.8,1.7,1.3,2014-11-04,0450,Aqua,MODIS,90,6.2,313,80.6,D,0
-29.2508,129.5236,334.9,1.9,1.3,2014-11-04,0450,Aqua,MODIS,66,6.2,313,44.1,D,0
-29.2752,129.5266,337.5,1.9,1.3,2014-11-04,0450,Aqua,MODIS,79,6.2,312.3,55.3,D,0
-28.6551,129.294,347.1,1.9,1.4,2014-11-04,0450,Aqua,MODIS,91,6.2,312.1,106.2,D,0
-29.1824,129.5938,334.3,1.9,1.3,2014-11-04,0450,Aqua,MODIS,45,6.2,311.4,43.3,D,0
-29.1843,129.5743,349.2,1.9,1.3,2014-11-04,0450,Aqua,MODIS,92,6.2,310.8,109.6,D,0
-29.1721,129.5728,352.5,1.9,1.3,2014-11-04,0450,Aqua,MODIS,95,6.2,309.3,133.1,D,0
-29.2802,129.5122,325.4,1.9,1.3,2014-11-04,0450,Aqua,MODIS,28,6.2,309.8,19.5,D,0
-29.2234,129.6767,325.9,1.8,1.3,2014-11-04,0450,Aqua,MODIS,28,6.2,312.2,15.4,D,0
-29.2874,129.528,327.8,1.9,1.3,2014-11-04,0450,Aqua,MODIS,46,6.2,311.1,24.9,D,0
-29.2783,129.5318,345.3,1.9,1.3,2014-11-04,0450,Aqua,MODIS,89,6.2,313.6,92.7,D,0
-29.2104,129.558,366.4,1.9,1.3,2014-11-04,0450,Aqua,MODIS,100,6.2,314.8,216.1,D,0
-29.1927,129.6146,336.9,1.9,1.3,2014-11-04,0450,Aqua,MODIS,43,6.2,312,48.5,D,0
-29.2048,129.6161,348.8,1.9,1.3,2014-11-04,0450,Aqua,MODIS,87,6.2,314.1,97.6,D,0
-29.1964,129.5759,340.5,1.9,1.3,2014-11-04,0450,Aqua,MODIS,38,6.2,311.6,62.6,D,0
-29.178,129.5861,348.5,1.9,1.3,2014-11-04,0450,Aqua,MODIS,92,6.2,311.8,108.6,D,0
-29.2245,129.54,338.4,1.9,1.3,2014-11-04,0450,Aqua,MODIS,47,6.2,310.9,52.6,D,0
-29.2226,129.5595,347,1.9,1.3,2014-11-04,0450,Aqua,MODIS,88,6.2,314.4,87,D,0
-29.2188,129.5983,340.8,1.9,1.3,2014-11-04,0450,Aqua,MODIS,62,6.2,314,55.4,D,0
-29.1866,125.4319,338.7,3.6,1.8,2014-11-04,0450,Aqua,MODIS,84,6.2,307,175.9,D,0
-29.1891,125.3944,327.4,3.6,1.8,2014-11-04,0450,Aqua,MODIS,47,6.2,305.2,78.6,D,0
-29.1951,125.4251,339.7,3.6,1.8,2014-11-04,0450,Aqua,MODIS,85,6.2,307.8,188.3,D,0
-28.9333,130.2872,340,1.7,1.3,2014-11-04,0450,Aqua,MODIS,84,6.2,312.6,56.9,D,0
-28.6641,129.2883,327.8,1.9,1.4,2014-11-04,0450,Aqua,MODIS,66,6.2,311.2,28.5,D,0
-29.2169,129.6176,333.7,1.9,1.3,2014-11-04,0450,Aqua,MODIS,33,6.2,313.9,31.8,D,0
-29.2386,129.5219,353.9,1.9,1.3,2014-11-04,0450,Aqua,MODIS,96,6.2,313,135.2,D,0
-29.2029,125.4329,347.6,3.6,1.8,2014-11-04,0450,Aqua,MODIS,92,6.2,309,280.2,D,0
-29.2191,125.4342,333.4,3.6,1.8,2014-11-04,0450,Aqua,MODIS,78,6.2,308.3,123.9,D,0
-28.6518,129.2867,345.2,1.9,1.4,2014-11-04,0450,Aqua,MODIS,90,6.2,311.8,95.7,D,0
-29.2054,125.3955,325.7,3.6,1.8,2014-11-04,0450,Aqua,MODIS,55,6.2,305.8,66.4,D,0
-28.086,124.7554,328.8,3.9,1.8,2014-11-04,0451,Aqua,MODIS,70,6.2,308.4,91.6,D,0
-28.0819,124.7508,327.7,3.9,1.8,2014-11-04,0451,Aqua,MODIS,67,6.2,308.6,80.2,D,0
-27.7691,127.1334,330.2,2.7,1.6,2014-11-04,0451,Aqua,MODIS,69,6.2,311.5,44.1,D,0
-27.7732,127.1411,330,2.7,1.6,2014-11-04,0451,Aqua,MODIS,71,6.2,311.8,47.3,D,0
-27.7754,127.1141,327.9,2.7,1.6,2014-11-04,0451,Aqua,MODIS,65,6.2,311.9,36.4,D,0
-24.6053,129.4407,331.2,1.7,1.3,2014-11-04,0451,Aqua,MODIS,58,6.2,316.2,21.9,D,0
-24.7272,129.9824,342.1,1.5,1.2,2014-11-04,0451,Aqua,MODIS,84,6.2,318.7,46.7,D,0
-26.3854,126.681,324.4,2.8,1.6,2014-11-04,0451,Aqua,MODIS,42,6.2,304.3,37.9,D,0
-26.3826,126.6729,330.3,2.8,1.6,2014-11-04,0451,Aqua,MODIS,69,6.2,304.6,68.7,D,0
-28.2107,125.7529,334.1,3.4,1.7,2014-11-04,0451,Aqua,MODIS,80,6.2,309.9,102,D,0
-24.7145,129.9964,345.2,1.5,1.2,2014-11-04,0451,Aqua,MODIS,88,6.2,314.3,57.9,D,0
-24.7255,129.9976,348.4,1.5,1.2,2014-11-04,0451,Aqua,MODIS,91,6.2,321.5,68.2,D,0
-28.2212,125.7615,340.6,3.4,1.7,2014-11-04,0451,Aqua,MODIS,87,6.2,309.9,157.2,D,0
-26.3877,126.653,327.8,2.8,1.6,2014-11-04,0451,Aqua,MODIS,63,6.2,304.4,55.2,D,0
-28.2264,125.7545,324.8,3.4,1.7,2014-11-04,0451,Aqua,MODIS,56,6.2,309,34.1,D,0
-23.219,124.8139,419.4,3.4,1.7,2014-11-04,0452,Aqua,MODIS,100,6.2,317.3,2194.9,D,0
-23.216,124.8474,381.7,3.4,1.7,2014-11-04,0452,Aqua,MODIS,100,6.2,310.2,815.6,D,0
-22.033,126.2399,359.6,2.6,1.6,2014-11-04,0452,Aqua,MODIS,99,6.2,310.7,259.3,D,0
-22.0471,126.2415,340.2,2.6,1.6,2014-11-04,0452,Aqua,MODIS,85,6.2,307.7,92.9,D,0
-22.0306,126.2652,336.5,2.6,1.5,2014-11-04,0452,Aqua,MODIS,77,6.2,310,62.2,D,0
-23.2439,124.8206,336.5,3.4,1.7,2014-11-04,0452,Aqua,MODIS,76,6.2,306.9,98.2,D,0
-23.1937,124.8495,331.3,3.4,1.7,2014-11-04,0452,Aqua,MODIS,37,6.2,309.2,42.9,D,0
-23.2253,124.8526,337.1,3.4,1.7,2014-11-04,0452,Aqua,MODIS,77,6.2,309.2,100.9,D,0
-23.2095,124.8509,366.7,3.4,1.7,2014-11-04,0452,Aqua,MODIS,100,6.2,309.4,491.3,D,0
-23.2348,124.8154,361.6,3.4,1.7,2014-11-04,0452,Aqua,MODIS,100,6.2,308.8,406.6,D,0
-23.2309,124.7853,337.8,3.4,1.7,2014-11-04,0452,Aqua,MODIS,78,6.2,307.9,104.5,D,0
-23.2123,124.8175,408.4,3.4,1.7,2014-11-04,0452,Aqua,MODIS,100,6.2,315.1,1700.6,D,0
-23.2031,124.8125,356.9,3.4,1.7,2014-11-04,0452,Aqua,MODIS,97,6.2,311.4,328.1,D,0
-23.1965,124.816,343.9,3.4,1.7,2014-11-04,0452,Aqua,MODIS,86,6.2,310.9,159.3,D,0
-23.2002,124.8459,346.1,3.4,1.7,2014-11-04,0452,Aqua,MODIS,88,6.2,309.6,184.4,D,0
-23.2281,124.8191,401.6,3.4,1.7,2014-11-04,0452,Aqua,MODIS,100,6.2,313.2,1440.3,D,0
-23.5428,127.578,354.6,2.2,1.4,2014-11-04,0452,Aqua,MODIS,96,6.2,308.5,178.5,D,0
-21.7408,141.3672,338.9,2.3,1.5,2014-11-04,0452,Aqua,MODIS,78,6.2,320.8,57.1,D,0
-19.5485,142.9425,330.5,3.4,1.7,2014-11-04,0452,Aqua,MODIS,67,6.2,303.5,94.2,D,0
-19.533,142.939,326.3,3.4,1.7,2014-11-04,0452,Aqua,MODIS,30,6.2,300.2,72.3,D,0
-24.1714,129.2539,334.1,1.7,1.3,2014-11-04,0452,Aqua,MODIS,70,6.2,317.2,22.6,D,0
-23.8145,128.0935,343.2,2,1.4,2014-11-04,0452,Aqua,MODIS,81,6.2,315.7,80.2,D,0
-23.8019,128.092,339.3,2,1.4,2014-11-04,0452,Aqua,MODIS,77,6.2,314.8,60.2,D,0
-23.8136,128.0881,349.7,2,1.4,2014-11-04,0452,Aqua,MODIS,92,6.2,316,113.3,D,0
-23.801,128.0867,335.9,2,1.4,2014-11-04,0452,Aqua,MODIS,74,6.2,314.4,43.9,D,0
-19.5415,142.9462,339.8,3.4,1.7,2014-11-04,0452,Aqua,MODIS,83,6.2,302.8,180.2,D,0
-23.5112,126.5563,339.2,2.6,1.5,2014-11-04,0452,Aqua,MODIS,81,6.2,310.4,80.7,D,0
-23.5275,126.5323,334.4,2.6,1.5,2014-11-04,0452,Aqua,MODIS,72,6.2,308.2,53.6,D,0
-23.5251,126.5579,335.4,2.6,1.5,2014-11-04,0452,Aqua,MODIS,74,6.2,310.2,60.1,D,0
-22.8361,130.3816,350.1,1.4,1.2,2014-11-04,0452,Aqua,MODIS,93,6.2,317,61.8,D,0
-22.8377,130.3683,370.6,1.4,1.2,2014-11-04,0452,Aqua,MODIS,100,6.2,320.9,150.7,D,0
-21.0762,130.5882,359,1.3,1.1,2014-11-04,0452,Aqua,MODIS,62,6.2,305,95.5,D,0
-23.9449,123.1991,335.3,4.6,2,2014-11-04,0452,Aqua,MODIS,73,6.2,308.9,132.7,D,0
-23.9452,123.1919,334.3,4.6,2,2014-11-04,0452,Aqua,MODIS,71,6.2,309,121.4,D,0
-23.5198,126.5502,338.6,2.6,1.5,2014-11-04,0452,Aqua,MODIS,80,6.2,311,75.5,D,0
-23.5135,126.5307,333.1,2.6,1.5,2014-11-04,0452,Aqua,MODIS,68,6.2,310.1,42.9,D,0
-18.296,128.9206,335.8,1.5,1.2,2014-11-04,0453,Aqua,MODIS,54,6.2,309.6,34,D,0
-17.5359,128.3256,339.3,1.6,1.2,2014-11-04,0453,Aqua,MODIS,52,6.2,307.4,51.7,D,0
-17.5471,128.3268,337,1.6,1.2,2014-11-04,0453,Aqua,MODIS,39,6.2,303.8,37.6,D,0
-16.6974,137.3332,322,1.5,1.2,2014-11-04,0453,Aqua,MODIS,48,6.2,277.5,20.3,D,0
-18.1372,141.3249,329.8,2.8,1.6,2014-11-04,0453,Aqua,MODIS,73,6.2,298.3,58.8,D,0
-18.9118,122.7966,334.1,4.3,1.9,2014-11-04,0453,Aqua,MODIS,49,6.2,300.5,142.5,D,0
-18.5314,122.6527,349.4,4.3,1.9,2014-11-04,0453,Aqua,MODIS,81,6.2,298.3,453.6,D,0
-18.5324,122.6563,349.4,4.3,1.9,2014-11-04,0453,Aqua,MODIS,87,6.2,297.9,454.9,D,0
-18.7157,122.5983,348,4.4,1.9,2014-11-04,0453,Aqua,MODIS,91,6.2,289,380.1,D,0
-18.7332,122.6001,334.8,4.4,1.9,2014-11-04,0453,Aqua,MODIS,69,6.2,291.6,166.5,D,0
-18.7161,122.6021,342.5,4.4,1.9,2014-11-04,0453,Aqua,MODIS,86,6.2,287.4,275.8,D,0
-19.2677,123.4901,340.9,3.8,1.8,2014-11-04,0453,Aqua,MODIS,84,6.2,307.5,194.6,D,0
-18.7336,122.604,332.5,4.4,1.9,2014-11-04,0453,Aqua,MODIS,59,6.2,291.5,136.1,D,0
-19.3173,123.4951,343.4,3.8,1.8,2014-11-04,0453,Aqua,MODIS,87,6.2,307.2,210.4,D,0
-18.8853,122.9203,351.5,4.2,1.9,2014-11-04,0453,Aqua,MODIS,94,6.2,303.2,389,D,0
-18.9132,122.801,331.4,4.3,1.9,2014-11-04,0453,Aqua,MODIS,21,6.2,300.8,114.2,D,0
-19.314,123.5319,343.1,3.8,1.8,2014-11-04,0453,Aqua,MODIS,86,6.2,308.7,204.8,D,0
-18.9025,122.9217,330.2,4.2,1.9,2014-11-04,0453,Aqua,MODIS,59,6.2,304,91.1,D,0
-19.2449,123.4806,344,3.8,1.8,2014-11-04,0453,Aqua,MODIS,87,6.2,305.5,233.4,D,0
-19.2318,123.4419,331.6,3.9,1.8,2014-11-04,0453,Aqua,MODIS,65,6.2,303.7,115.6,D,0
-19.2152,123.4402,331.3,3.9,1.8,2014-11-04,0453,Aqua,MODIS,57,6.2,303.1,111.7,D,0
-19.2644,123.5268,331.5,3.8,1.8,2014-11-04,0453,Aqua,MODIS,68,6.2,306.9,78.8,D,0
-18.9577,122.8867,328.4,4.2,1.9,2014-11-04,0453,Aqua,MODIS,43,6.2,304.4,73.8,D,0
-19.2875,123.4548,338.9,3.9,1.8,2014-11-04,0453,Aqua,MODIS,82,6.2,303.2,180.9,D,0
-19.2842,123.4918,363.1,3.8,1.8,2014-11-04,0453,Aqua,MODIS,100,6.2,307.8,542.7,D,0
-19.3008,123.4935,334,3.8,1.8,2014-11-04,0453,Aqua,MODIS,74,6.2,306.9,106.7,D,0
-18.9156,122.7553,339.6,4.3,1.9,2014-11-04,0453,Aqua,MODIS,83,6.2,299,230.6,D,0
-19.2479,123.5249,352.3,3.8,1.8,2014-11-04,0453,Aqua,MODIS,94,6.2,305.8,331.1,D,0
-19.2415,123.5171,348.2,3.8,1.8,2014-11-04,0453,Aqua,MODIS,91,6.2,305.5,271.2,D,0
-19.2615,123.4824,335.1,3.8,1.8,2014-11-04,0453,Aqua,MODIS,72,6.2,306.9,128.4,D,0
-18.7196,122.5562,352.9,4.4,1.9,2014-11-04,0453,Aqua,MODIS,95,6.2,299.2,495.4,D,0
-18.7411,122.5154,331.2,4.5,1.9,2014-11-04,0453,Aqua,MODIS,37,6.2,294.8,153.1,D,0
-18.7371,122.5579,343.4,4.4,1.9,2014-11-04,0453,Aqua,MODIS,87,6.2,302.4,305.2,D,0
-18.7627,122.4741,360,4.5,2,2014-11-04,0453,Aqua,MODIS,87,6.2,292.9,680.9,D,0
-18.7587,122.517,372.9,4.5,1.9,2014-11-04,0453,Aqua,MODIS,100,6.2,299.5,980.5,D,0
-18.7803,122.4758,351.1,4.5,2,2014-11-04,0453,Aqua,MODIS,88,6.2,294.4,468.6,D,0
-18.7763,122.5187,353.1,4.5,1.9,2014-11-04,0453,Aqua,MODIS,92,6.2,300.5,469.9,D,0
-18.7722,122.5614,336.4,4.4,1.9,2014-11-04,0453,Aqua,MODIS,68,6.2,302.1,182.7,D,0
-18.7197,122.56,355.9,4.4,1.9,2014-11-04,0453,Aqua,MODIS,97,6.2,299.3,542,D,0
-18.7409,122.5193,336.8,4.5,1.9,2014-11-04,0453,Aqua,MODIS,64,6.2,295.2,218.8,D,0
-18.7373,122.5618,344,4.4,1.9,2014-11-04,0453,Aqua,MODIS,88,6.2,302.6,312,D,0
-18.7623,122.4779,359.3,4.5,2,2014-11-04,0453,Aqua,MODIS,86,6.2,293.4,644.5,D,0
-18.7585,122.5209,367.3,4.5,1.9,2014-11-04,0453,Aqua,MODIS,100,6.2,299.4,807.2,D,0
-18.7799,122.4797,369.7,4.5,2,2014-11-04,0453,Aqua,MODIS,94,6.2,295.7,905.6,D,0
-18.7761,122.5226,358.7,4.5,1.9,2014-11-04,0453,Aqua,MODIS,99,6.2,300.7,591.7,D,0
-18.7723,122.5655,338.5,4.4,1.9,2014-11-04,0453,Aqua,MODIS,82,6.2,302.1,218.1,D,0
-18.8888,122.8803,344.6,4.2,1.9,2014-11-04,0453,Aqua,MODIS,88,6.2,301.3,285.1,D,0
-18.9168,122.7597,341.4,4.3,1.9,2014-11-04,0453,Aqua,MODIS,85,6.2,299.3,259.4,D,0
-19.3076,123.5241,341.9,3.8,1.8,2014-11-04,0453,Aqua,MODIS,85,6.2,308.9,188.9,D,0
-19.258,123.519,349.8,3.8,1.8,2014-11-04,0453,Aqua,MODIS,92,6.2,307.1,295,D,0
-19.2511,123.4883,354.2,3.8,1.8,2014-11-04,0453,Aqua,MODIS,96,6.2,306.6,384.1,D,0
-19.2816,123.447,328.9,3.9,1.8,2014-11-04,0453,Aqua,MODIS,58,6.2,302.5,83.9,D,0
-18.9003,122.9173,331.2,4.2,1.9,2014-11-04,0453,Aqua,MODIS,64,6.2,304.1,101.2,D,0
-18.8831,122.9159,354.5,4.2,1.9,2014-11-04,0453,Aqua,MODIS,96,6.2,303,444.3,D,0
-19.2781,123.484,373.5,3.8,1.8,2014-11-04,0453,Aqua,MODIS,100,6.2,307.6,780.5,D,0
-18.8869,122.876,338.7,4.2,1.9,2014-11-04,0453,Aqua,MODIS,82,6.2,301,205.5,D,0
-19.2709,123.4531,330.3,3.9,1.8,2014-11-04,0453,Aqua,MODIS,64,6.2,303,98.3,D,0
-19.3112,123.4873,333.3,3.8,1.8,2014-11-04,0453,Aqua,MODIS,72,6.2,306.7,99.3,D,0
-18.1402,133.0753,347.5,1,1,2014-11-04,0453,Aqua,MODIS,89,6.2,314.6,29.8,D,0
-18.1415,133.0659,360.9,1,1,2014-11-04,0453,Aqua,MODIS,100,6.2,318.2,60.3,D,0
-18.1312,133.0739,340.7,1,1,2014-11-04,0453,Aqua,MODIS,52,6.2,315.7,16.9,D,0
-19.4329,132.0385,339.3,1.1,1,2014-11-04,0453,Aqua,MODIS,82,6.2,307.1,26.1,D,0
-19.4223,132.0471,339.6,1.1,1,2014-11-04,0453,Aqua,MODIS,78,6.2,306.4,26.9,D,0
-18.1222,133.0725,344.2,1,1,2014-11-04,0453,Aqua,MODIS,54,6.2,314.4,22,D,0
-14.0815,135.2724,334.2,1.2,1.1,2014-11-04,0454,Aqua,MODIS,79,6.2,291.5,23.2,D,0
-13.8905,135.5121,336.3,1.3,1.1,2014-11-04,0454,Aqua,MODIS,80,6.2,297.7,25.6,D,0
-14.2214,133.3282,327.5,1,1,2014-11-04,0454,Aqua,MODIS,58,6.2,282.7,13.5,D,0
-14.3482,132.7157,322.9,1,1,2014-11-04,0454,Aqua,MODIS,57,6.2,281.7,9.5,D,0
-13.5919,132.5338,326.4,1,1,2014-11-04,0454,Aqua,MODIS,45,6.2,289.5,9.9,D,0
-13.5933,132.5246,327.9,1,1,2014-11-04,0454,Aqua,MODIS,64,6.2,287.7,11.4,D,0
-13.5766,132.5126,341.3,1,1,2014-11-04,0454,Aqua,MODIS,87,6.2,286.6,30.9,D,0
-13.5677,132.5112,324.1,1,1,2014-11-04,0454,Aqua,MODIS,37,6.2,285.1,7.8,D,0
-13.5406,132.511,325.7,1,1,2014-11-04,0454,Aqua,MODIS,63,6.2,288.8,9.3,D,0
-14.1013,135.2756,355.4,1.2,1.1,2014-11-04,0454,Aqua,MODIS,97,6.2,291.7,77.9,D,0
-14.0995,135.2869,353.9,1.2,1.1,2014-11-04,0454,Aqua,MODIS,96,6.2,292.7,72.9,D,0
-14.0977,135.2984,331,1.2,1.1,2014-11-04,0454,Aqua,MODIS,57,6.2,291.8,17.9,D,0
-12.5064,142.8388,312.8,4.7,2,2014-11-04,0454,Aqua,MODIS,29,6.2,287.8,44,D,0
-14.1523,136.6303,326.6,1.5,1.2,2014-11-04,0454,Aqua,MODIS,59,6.2,294.8,19.8,D,0
-14.1609,136.6458,325.8,1.5,1.2,2014-11-04,0454,Aqua,MODIS,55,6.2,294.7,17.6,D,0
-12.5061,142.8462,313.6,4.7,2,2014-11-04,0454,Aqua,MODIS,57,6.2,287.7,56.9,D,0
-14.7588,131.3075,361.7,1,1,2014-11-04,0454,Aqua,MODIS,91,6.2,275.7,0,D,0
-13.501,132.4673,323,1,1,2014-11-04,0454,Aqua,MODIS,24,6.2,288.1,4.4,D,0
-13.4996,132.4765,340.2,1,1,2014-11-04,0454,Aqua,MODIS,86,6.2,288.4,27.7,D,0
-13.8294,135.6361,331.4,1.3,1.1,2014-11-04,0454,Aqua,MODIS,70,6.2,300.5,15.6,D,0
-13.8313,135.6241,341,1.3,1.1,2014-11-04,0454,Aqua,MODIS,85,6.2,299.8,36.8,D,0
-14.2225,136.6913,341.9,1.5,1.2,2014-11-04,0454,Aqua,MODIS,83,6.2,291.6,62.6,D,0
-14.2094,136.7033,346.1,1.5,1.2,2014-11-04,0454,Aqua,MODIS,69,6.2,294.6,75.3,D,0
-14.1403,135.3591,337.9,1.2,1.1,2014-11-04,0454,Aqua,MODIS,77,6.2,289.8,32.9,D,0
-14.1385,135.3705,367.3,1.2,1.1,2014-11-04,0454,Aqua,MODIS,100,6.2,288.5,126.1,D,0
-12.9887,133.2,327.1,1,1,2014-11-04,0454,Aqua,MODIS,26,6.2,295.1,9.8,D,0
-14.1439,135.3363,334.3,1.2,1.1,2014-11-04,0454,Aqua,MODIS,75,6.2,288.8,29.3,D,0
-14.0433,135.1909,328.1,1.2,1.1,2014-11-04,0454,Aqua,MODIS,55,6.2,291.5,16.4,D,0
-14.0625,135.1998,325.8,1.2,1.1,2014-11-04,0454,Aqua,MODIS,55,6.2,291.3,15.1,D,0
-14.0833,135.261,328.5,1.2,1.1,2014-11-04,0454,Aqua,MODIS,32,6.2,292.2,13,D,0
-14.1065,135.2417,345.3,1.2,1.1,2014-11-04,0454,Aqua,MODIS,90,6.2,294.3,54.2,D,0
-14.103,135.2644,337.4,1.2,1.1,2014-11-04,0454,Aqua,MODIS,82,6.2,292.1,32.6,D,0
-14.1245,135.2563,357.6,1.2,1.1,2014-11-04,0454,Aqua,MODIS,98,6.2,292,88.9,D,0
-14.1228,135.2677,340.1,1.2,1.1,2014-11-04,0454,Aqua,MODIS,85,6.2,291.2,37.4,D,0
-14.1344,135.258,366.8,1.2,1.1,2014-11-04,0454,Aqua,MODIS,100,6.2,290.2,124.9,D,0
-14.1327,135.2693,349.4,1.2,1.1,2014-11-04,0454,Aqua,MODIS,93,6.2,292.1,62.2,D,0
-14.03,135.2118,332.5,1.2,1.1,2014-11-04,0454,Aqua,MODIS,71,6.2,295,21.1,D,0
-14.0259,135.5596,324.5,1.3,1.1,2014-11-04,0454,Aqua,MODIS,37,6.2,291.1,9.2,D,0
-13.8434,135.6138,329.4,1.3,1.1,2014-11-04,0454,Aqua,MODIS,67,6.2,297.9,10.2,D,0
-13.8415,135.6258,354.2,1.3,1.1,2014-11-04,0454,Aqua,MODIS,96,6.2,301.2,74.7,D,0
-11.5108,142.4913,318.2,4.6,2,2014-11-04,0454,Aqua,MODIS,50,6.2,298.5,66,D,0
-13.4336,133.8035,351.5,1.1,1,2014-11-04,0454,Aqua,MODIS,94,6.2,307.8,46.7,D,0
-14.5909,126.3729,338.3,2,1.4,2014-11-04,0454,Aqua,MODIS,78,6.2,306.7,57.4,D,0
-14.5931,126.3544,348.6,2,1.4,2014-11-04,0454,Aqua,MODIS,93,6.2,307.9,108.9,D,0
-12.897,132.7621,333.4,1,1,2014-11-04,0454,Aqua,MODIS,77,6.2,293.8,19,D,0
-14.2437,133.3028,325.4,1,1,2014-11-04,0454,Aqua,MODIS,50,6.2,278.6,10.9,D,0
-14.7256,126.3459,336.4,2,1.4,2014-11-04,0454,Aqua,MODIS,79,6.2,304.8,64.2,D,0
-14.7243,126.341,341.8,2,1.4,2014-11-04,0454,Aqua,MODIS,88,6.2,305.5,88.3,D,0
-14.7277,126.3274,331.2,2,1.4,2014-11-04,0454,Aqua,MODIS,71,6.2,302.4,49.9,D,0
-14.2771,136.9249,339.8,1.6,1.2,2014-11-04,0454,Aqua,MODIS,0,6.2,293,58.5,D,0
-13.4414,133.8148,364,1.1,1,2014-11-04,0454,Aqua,MODIS,100,6.2,311.6,80.2,D,0
-11.5028,142.5333,321,4.7,2,2014-11-04,0454,Aqua,MODIS,59,6.2,297.8,97.6,D,0
-12.9523,133.1974,341.3,1,1,2014-11-04,0454,Aqua,MODIS,82,6.2,298.1,32.8,D,0
-12.9509,133.2069,336.3,1,1,2014-11-04,0454,Aqua,MODIS,71,6.2,295.2,24.9,D,0
-15.3631,134.5075,336.1,1.1,1,2014-11-04,0454,Aqua,MODIS,82,6.2,296.1,20.3,D,0
-13.8199,141.703,324.8,3.6,1.8,2014-11-04,0454,Aqua,MODIS,78,6.2,291.5,88.9,D,0
-13.4351,133.7936,346.5,1.1,1,2014-11-04,0454,Aqua,MODIS,91,6.2,305.3,36.3,D,0
-13.391,133.8978,343.1,1.1,1,2014-11-04,0454,Aqua,MODIS,88,6.2,308,29.2,D,0
-12.8829,134.2839,344.1,1.1,1.1,2014-11-04,0454,Aqua,MODIS,89,6.2,303,40.4,D,0
-13.0316,136.1493,329.7,1.4,1.2,2014-11-04,0454,Aqua,MODIS,54,6.2,300.2,19.4,D,0
-14.4481,132.9739,324.1,1,1,2014-11-04,0454,Aqua,MODIS,46,6.2,280.7,7.8,D,0
-14.4494,132.9645,326.9,1,1,2014-11-04,0454,Aqua,MODIS,64,6.2,281.6,11.1,D,0
-14.4404,132.9631,356.4,1,1,2014-11-04,0454,Aqua,MODIS,98,6.2,282,63.7,D,0
-11.5052,142.5291,322.9,4.7,2,2014-11-04,0454,Aqua,MODIS,70,6.2,298.1,116.9,D,0
-14.2411,136.8533,328.2,1.5,1.2,2014-11-04,0454,Aqua,MODIS,81,6.2,294.3,26.4,D,0
-14.2661,136.9229,344.2,1.6,1.2,2014-11-04,0454,Aqua,MODIS,0,6.2,294.6,73.1,D,0
-11.5128,142.4872,316.1,4.6,2,2014-11-04,0454,Aqua,MODIS,33,6.2,298.7,51.4,D,0
-14.4049,141.8277,316,3.6,1.8,2014-11-04,0454,Aqua,MODIS,65,6.2,281.5,31.5,D,0
-13.0975,136.2496,336.4,1.5,1.2,2014-11-04,0454,Aqua,MODIS,79,6.2,297.4,37.2,D,0
-13.539,135.7941,341.5,1.3,1.2,2014-11-04,0454,Aqua,MODIS,69,6.2,302.1,45.3,D,0
-13.0953,136.2631,332,1.5,1.2,2014-11-04,0454,Aqua,MODIS,63,6.2,298.6,28.7,D,0
-13.4487,133.7656,345.3,1.1,1,2014-11-04,0454,Aqua,MODIS,90,6.2,305.6,38.9,D,0
-15.2959,134.4447,331.3,1.1,1,2014-11-04,0454,Aqua,MODIS,57,6.2,292.7,13.4,D,0
-13.4394,133.7641,371.6,1.1,1,2014-11-04,0454,Aqua,MODIS,100,6.2,312.1,113.8,D,0
-13.4302,133.7626,369.1,1.1,1,2014-11-04,0454,Aqua,MODIS,100,6.2,309.2,104.9,D,0
-12.9726,135.1021,327.3,1.2,1.1,2014-11-04,0454,Aqua,MODIS,20,6.2,294,12,D,0
-13.826,141.6699,318.2,3.6,1.8,2014-11-04,0454,Aqua,MODIS,69,6.2,291.3,40.8,D,0
-14.6315,133.1675,320.6,1,1,2014-11-04,0454,Aqua,MODIS,28,6.2,279.5,6.7,D,0
-14.5579,133.1655,331.9,1,1,2014-11-04,0454,Aqua,MODIS,74,6.2,281.9,17.7,D,0
-14.5493,133.1681,327.7,1,1,2014-11-04,0454,Aqua,MODIS,51,6.2,281.1,13.9,D,0
-14.5507,133.1587,331.4,1,1,2014-11-04,0454,Aqua,MODIS,72,6.2,281.5,17.8,D,0
-14.552,133.1494,363.2,1,1,2014-11-04,0454,Aqua,MODIS,100,6.2,283.8,83.4,D,0
-14.5534,133.14,350,1,1,2014-11-04,0454,Aqua,MODIS,94,6.2,280.1,51.1,D,0
-14.543,133.1479,321.9,1,1,2014-11-04,0454,Aqua,MODIS,45,6.2,280,7.5,D,0
-15.2943,134.4548,328.9,1.1,1,2014-11-04,0454,Aqua,MODIS,37,6.2,293.3,8.7,D,0
-13.0018,136.1307,327.9,1.4,1.2,2014-11-04,0454,Aqua,MODIS,50,6.2,298.9,18.9,D,0
-15.3052,134.4463,331.8,1.1,1,2014-11-04,0454,Aqua,MODIS,58,6.2,293.6,14.1,D,0
-15.3698,134.5048,330.6,1.1,1,2014-11-04,0454,Aqua,MODIS,74,6.2,294.7,12.3,D,0
-15.3683,134.515,329.5,1.1,1,2014-11-04,0454,Aqua,MODIS,72,6.2,294.5,10.7,D,0
-15.3823,134.4862,335,1.1,1,2014-11-04,0454,Aqua,MODIS,80,6.2,295.1,19.7,D,0
-13.5267,135.8047,327.9,1.4,1.2,2014-11-04,0454,Aqua,MODIS,37,6.2,300.3,13.7,D,0
-13.5287,135.7923,339.8,1.3,1.2,2014-11-04,0454,Aqua,MODIS,77,6.2,300.9,39.3,D,0
-13.541,135.7818,337.3,1.3,1.1,2014-11-04,0454,Aqua,MODIS,74,6.2,299.8,36,D,0
-15.3714,134.4947,332.1,1.1,1,2014-11-04,0454,Aqua,MODIS,76,6.2,294.4,14.7,D,0
-15.3628,134.4454,342.4,1.1,1,2014-11-04,0454,Aqua,MODIS,88,6.2,295.8,33.5,D,0
-15.355,134.4337,329.6,1.1,1,2014-11-04,0454,Aqua,MODIS,71,6.2,295.3,12.1,D,0
-15.3613,134.4555,336,1.1,1,2014-11-04,0454,Aqua,MODIS,82,6.2,295,20.9,D,0
-13.5307,135.7801,327.7,1.3,1.1,2014-11-04,0454,Aqua,MODIS,18,6.2,299.2,13.9,D,0
-14.398,141.8214,315.8,3.6,1.8,2014-11-04,0454,Aqua,MODIS,64,6.2,281.8,30,D,0
-13.5144,135.8153,328.3,1.4,1.2,2014-11-04,0454,Aqua,MODIS,38,6.2,300.7,14.4,D,0
-13.4429,133.805,343,1.1,1,2014-11-04,0454,Aqua,MODIS,82,6.2,303.7,26.6,D,0
-12.8088,136.3205,330.6,1.5,1.2,2014-11-04,0454,Aqua,MODIS,72,6.2,300.7,20,D,0
-13.8103,141.8804,325.6,3.8,1.8,2014-11-04,0454,Aqua,MODIS,57,6.2,292.5,79.3,D,0
-13.8046,141.8745,328.7,3.8,1.8,2014-11-04,0454,Aqua,MODIS,82,6.2,291.6,108.2,D,0
-12.3924,136.8302,324.7,1.7,1.3,2014-11-04,0454,Aqua,MODIS,62,6.2,297.8,19.5,D,0
-13.8271,141.8437,326.7,3.7,1.8,2014-11-04,0454,Aqua,MODIS,80,6.2,290.5,94.8,D,0
-14.5924,141.9422,316.8,3.7,1.8,2014-11-04,0454,Aqua,MODIS,40,6.2,280,51.1,D,0
-12.7804,136.358,328.8,1.5,1.2,2014-11-04,0454,Aqua,MODIS,68,6.2,299.6,19,D,0
-12.8196,136.3224,327.9,1.5,1.2,2014-11-04,0454,Aqua,MODIS,61,6.2,300.8,13.5,D,0
-13.8168,141.8463,327.3,3.7,1.8,2014-11-04,0454,Aqua,MODIS,75,6.2,289.6,95,D,0
-13.8329,141.8495,324.7,3.7,1.8,2014-11-04,0454,Aqua,MODIS,78,6.2,291.1,79.5,D,0
-13.811,141.8405,320.1,3.7,1.8,2014-11-04,0454,Aqua,MODIS,44,6.2,289,48,D,0
-12.7772,136.3661,327,1.5,1.2,2014-11-04,0454,Aqua,MODIS,57,6.2,299.3,17.2,D,0
-13.569,132.502,327.5,1,1,2014-11-04,0454,Aqua,MODIS,65,6.2,286.6,12,D,0
-14.0227,129.8948,357.2,1.2,1.1,2014-11-04,0454,Aqua,MODIS,98,6.2,297.6,80.4,D,0
-13.5627,132.4822,327.8,1,1,2014-11-04,0454,Aqua,MODIS,68,6.2,286.2,13.5,D,0
-13.5931,130.037,350.2,1.1,1.1,2014-11-04,0454,Aqua,MODIS,94,6.2,297.3,56.2,D,0
-13.5613,132.4915,339.6,1,1,2014-11-04,0454,Aqua,MODIS,85,6.2,286.6,29.6,D,0
-15.425,126.4825,353.5,2,1.4,2014-11-04,0454,Aqua,MODIS,90,6.2,290.9,174.4,D,0
-15.4229,126.5012,335.4,2,1.4,2014-11-04,0454,Aqua,MODIS,76,6.2,285.9,77,D,0
-13.5671,130.0858,338.7,1.1,1.1,2014-11-04,0454,Aqua,MODIS,86,6.2,297.1,33.4,D,0
-15.4238,126.4773,337.5,2,1.4,2014-11-04,0454,Aqua,MODIS,79,6.2,289.1,89.2,D,0
-13.578,132.5034,332,1,1,2014-11-04,0454,Aqua,MODIS,74,6.2,287,16.6,D,0
-13.5657,130.096,348.6,1.1,1.1,2014-11-04,0454,Aqua,MODIS,93,6.2,297.2,55,D,0
-13.5808,130.0563,341.9,1.1,1.1,2014-11-04,0454,Aqua,MODIS,89,6.2,290.4,38.7,D,0
-13.5822,130.046,360.4,1.1,1.1,2014-11-04,0454,Aqua,MODIS,100,6.2,293.1,86.4,D,0
-15.4215,126.4959,341.7,2,1.4,2014-11-04,0454,Aqua,MODIS,76,6.2,285.7,107.1,D,0
-13.6643,130.3703,330.8,1.1,1,2014-11-04,0454,Aqua,MODIS,78,6.2,284.8,23,D,0
-15.1309,129.983,344.2,1.2,1.1,2014-11-04,0454,Aqua,MODIS,90,6.2,306.8,41.6,D,0
-13.6736,130.3717,346.2,1.1,1,2014-11-04,0454,Aqua,MODIS,92,6.2,286.1,52.2,D,0
-14.0241,129.8842,329.4,1.2,1.1,2014-11-04,0454,Aqua,MODIS,60,6.2,296.2,16,D,0
-13.56,132.5007,335.5,1,1,2014-11-04,0454,Aqua,MODIS,81,6.2,286.3,22.9,D,0
-13.6121,130.0397,348.7,1.1,1.1,2014-11-04,0454,Aqua,MODIS,93,6.2,298.9,54.4,D,0
-13.6026,130.0384,351.8,1.1,1.1,2014-11-04,0454,Aqua,MODIS,95,6.2,298.7,62.4,D,0
-13.5917,130.0473,332.5,1.1,1.1,2014-11-04,0454,Aqua,MODIS,58,6.2,293.6,19,D,0
-13.578,130.0768,348.1,1.1,1.1,2014-11-04,0454,Aqua,MODIS,93,6.2,297.3,52.7,D,0
-14.079,135.4843,327.4,1.3,1.1,2014-11-04,0454,Aqua,MODIS,60,6.2,294.8,12.1,D,0
-14.0497,135.5394,346.6,1.3,1.1,2014-11-04,0454,Aqua,MODIS,91,6.2,292.1,54.6,D,0
-12.4975,136.1732,328.5,1.5,1.2,2014-11-04,0454,Aqua,MODIS,39,6.2,297.8,20,D,0
-14.0516,135.5277,329.7,1.3,1.1,2014-11-04,0454,Aqua,MODIS,70,6.2,294,15.3,D,0
-12.5082,136.175,328.6,1.5,1.2,2014-11-04,0454,Aqua,MODIS,50,6.2,298.9,19.8,D,0
-12.4996,136.1596,328.1,1.5,1.2,2014-11-04,0454,Aqua,MODIS,41,6.2,297.1,17.3,D,0
-12.5061,136.1886,328.2,1.5,1.2,2014-11-04,0454,Aqua,MODIS,66,6.2,297.6,19,D,0
-14.0324,129.8961,344.3,1.2,1.1,2014-11-04,0454,Aqua,MODIS,90,6.2,297.9,48.3,D,0
-16.1244,124.8919,343.3,2.7,1.6,2014-11-04,0454,Aqua,MODIS,83,6.2,307.3,132.9,D,0
-16.0843,124.8611,336.8,2.8,1.6,2014-11-04,0454,Aqua,MODIS,78,6.2,299.8,91.9,D,0
-11.7167,130.3254,329.8,1.1,1,2014-11-04,0455,Aqua,MODIS,76,6.2,298.4,16.7,D,0
-13.032,130.2508,322.1,1.1,1,2014-11-04,0455,Aqua,MODIS,41,6.2,290.2,10,D,0
-12.3474,132.7449,326.9,1,1,2014-11-04,0455,Aqua,MODIS,53,6.2,294.9,11,D,0
-12.346,132.7542,330,1,1,2014-11-04,0455,Aqua,MODIS,70,6.2,294.5,15.3,D,0
-12.3877,134.5088,333.9,1.2,1.1,2014-11-04,0455,Aqua,MODIS,78,6.2,303.5,17.8,D,0
-12.3974,134.5104,333.2,1.2,1.1,2014-11-04,0455,Aqua,MODIS,77,6.2,305.4,15.6,D,0
-12.8699,132.7579,356.4,1,1,2014-11-04,0455,Aqua,MODIS,74,6.2,299.2,63.7,D,0
-12.399,134.4996,334.3,1.2,1.1,2014-11-04,0455,Aqua,MODIS,78,6.2,304.8,17.8,D,0
-12.1398,133.5833,332.3,1.1,1,2014-11-04,0455,Aqua,MODIS,69,6.2,293.3,17,D,0
-11.0441,142.5495,312.4,4.8,2,2014-11-04,0455,Aqua,MODIS,35,6.2,295,39.2,D,0
-12.4006,134.4889,331,1.2,1.1,2014-11-04,0455,Aqua,MODIS,66,6.2,303.7,13.5,D,0
-12.5376,131.2912,321.2,1,1,2014-11-04,0455,Aqua,MODIS,36,6.2,287.7,6.6,D,0
-11.0449,142.5418,313,4.8,2,2014-11-04,0455,Aqua,MODIS,49,6.2,295,45.6,D,0
-12.1413,133.5735,354.9,1.1,1,2014-11-04,0455,Aqua,MODIS,96,6.2,298.7,63.4,D,0
-12.0929,134.3124,333.3,1.2,1.1,2014-11-04,0455,Aqua,MODIS,75,6.2,302.9,18.6,D,0
-12.132,133.572,338.1,1.1,1,2014-11-04,0455,Aqua,MODIS,82,6.2,298,27,D,0
-11.0976,142.5595,313.9,4.8,2,2014-11-04,0455,Aqua,MODIS,57,6.2,296.5,55.4,D,0
-11.0984,142.5521,314.5,4.8,2,2014-11-04,0455,Aqua,MODIS,33,6.2,296.6,53.2,D,0
-11.0934,142.375,315.1,4.6,2,2014-11-04,0455,Aqua,MODIS,51,6.2,295.6,49,D,0
-12.3958,134.5211,333.2,1.2,1.1,2014-11-04,0455,Aqua,MODIS,57,6.2,303.8,19.5,D,0
-12.4087,134.5012,354.1,1.2,1.1,2014-11-04,0455,Aqua,MODIS,96,6.2,304.6,66.2,D,0
-12.0945,134.3018,328.8,1.2,1.1,2014-11-04,0455,Aqua,MODIS,64,6.2,301.7,11.9,D,0
-12.2367,133.366,333.7,1.1,1,2014-11-04,0455,Aqua,MODIS,30,6.2,307.6,15.2,D,0
-12.3061,133.0257,335.7,1,1,2014-11-04,0455,Aqua,MODIS,65,6.2,300.8,20.1,D,0
-11.3066,131.1551,338,1,1,2014-11-04,0455,Aqua,MODIS,75,6.2,303.8,24.6,D,0
-11.2976,131.1538,331.2,1,1,2014-11-04,0455,Aqua,MODIS,52,6.2,301,16.1,D,0
-11.2989,131.1446,364.2,1,1,2014-11-04,0455,Aqua,MODIS,100,6.2,303.8,85.2,D,0
-11.3001,131.1354,346.8,1,1,2014-11-04,0455,Aqua,MODIS,92,6.2,303,42.5,D,0
-11.3014,131.1263,343.1,1,1,2014-11-04,0455,Aqua,MODIS,68,6.2,300.5,35.2,D,0
-11.2911,131.1341,324.4,1,1,2014-11-04,0455,Aqua,MODIS,60,6.2,299.3,10.6,D,0
-11.7769,130.8774,345.3,1,1,2014-11-04,0455,Aqua,MODIS,93,6.2,292.1,40.4,D,0
-11.7666,130.8854,345.9,1,1,2014-11-04,0455,Aqua,MODIS,93,6.2,291.8,41.8,D,0
-11.7679,130.8761,396.2,1,1,2014-11-04,0455,Aqua,MODIS,100,6.2,296.8,224.8,D,0
-11.7782,130.8681,345.3,1,1,2014-11-04,0455,Aqua,MODIS,93,6.2,291.8,41.6,D,0
-11.7692,130.8668,351.7,1,1,2014-11-04,0455,Aqua,MODIS,96,6.2,288.6,55.5,D,0
-12.4055,134.5227,335.6,1.2,1.1,2014-11-04,0455,Aqua,MODIS,72,6.2,303.2,24.2,D,0
-12.3947,133.2977,343,1.1,1,2014-11-04,0455,Aqua,MODIS,87,6.2,300.8,35.8,D,0
-11.3494,130.9171,332.5,1,1,2014-11-04,0455,Aqua,MODIS,81,6.2,303.5,19,D,0
-11.0937,142.3829,316.4,4.6,2,2014-11-04,0455,Aqua,MODIS,55,6.2,295.7,59.1,D,0
-11.0858,142.4171,316.5,4.7,2,2014-11-04,0455,Aqua,MODIS,62,6.2,296.4,61.3,D,0
-11.0859,142.4248,314.3,4.7,2,2014-11-04,0455,Aqua,MODIS,42,6.2,296.1,42.6,D,0
-12.0833,134.3108,328.7,1.2,1.1,2014-11-04,0455,Aqua,MODIS,64,6.2,302.6,10.6,D,0
-11.7873,130.8694,326.4,1,1,2014-11-04,0455,Aqua,MODIS,55,6.2,291.6,11.9,D,0
-32.0232,116.08,325.4,1.3,1.1,2014-11-04,0628,Aqua,MODIS,65,6.2,299,24.1,D,0
-31.8916,116.3322,322,1.4,1.2,2014-11-04,0628,Aqua,MODIS,45,6.2,303.9,17,D,0
-32.028,116.0867,323,1.3,1.1,2014-11-04,0628,Aqua,MODIS,54,6.2,299,22.4,D,0
-25.7574,121.0991,339.8,3.9,1.8,2014-11-04,0629,Aqua,MODIS,79,6.2,308.2,172.4,D,0
-25.7411,121.0945,331.9,3.9,1.8,2014-11-04,0629,Aqua,MODIS,57,6.2,309.7,94.1,D,0
-25.7248,121.0899,331.3,3.9,1.8,2014-11-04,0629,Aqua,MODIS,51,6.2,308.3,88.5,D,0
-25.7523,121.0891,346.2,3.9,1.8,2014-11-04,0629,Aqua,MODIS,88,6.2,309.9,259.3,D,0
-32.7259,150.3942,307.9,1.2,1.1,2014-11-04,1235,Terra,MODIS,41,6.2,287,11.6,N,0
-32.7243,150.4078,308.6,1.2,1.1,2014-11-04,1235,Terra,MODIS,17,6.2,287.1,11.4,N,0
-32.7344,150.4093,310.1,1.2,1.1,2014-11-04,1235,Terra,MODIS,15,6.2,287.1,13.2,N,0
-32.7367,151.9147,300.2,1.1,1,2014-11-04,1235,Terra,MODIS,21,6.2,288.9,4.7,N,0
-32.7382,151.9032,300.2,1.1,1,2014-11-04,1235,Terra,MODIS,20,6.2,288.7,4.7,N,0
-31.0548,152.6577,300.1,1,1,2014-11-04,1236,Terra,MODIS,17,6.2,287.6,4.7,N,0
-31.05,152.6244,306.2,1,1,2014-11-04,1236,Terra,MODIS,58,6.2,287.3,7.8,N,0
-31.0424,152.6121,311.4,1,1,2014-11-04,1236,Terra,MODIS,82,6.2,287.6,11.4,N,0
-25.6997,148.6632,301.3,1.3,1.1,2014-11-04,1237,Terra,MODIS,37,6.2,289.5,6.5,N,0
-23.3575,150.1405,305.6,1,1,2014-11-04,1238,Terra,MODIS,65,6.2,290.1,7.3,N,0
-23.3588,150.1302,300.8,1,1,2014-11-04,1238,Terra,MODIS,34,6.2,289.9,4.4,N,0
-23.3483,150.1389,301.2,1,1,2014-11-04,1238,Terra,MODIS,22,6.2,289.7,4.4,N,0
-24.7753,147.7268,302.7,1.4,1.2,2014-11-04,1238,Terra,MODIS,51,6.2,288.1,9.8,N,0
-24.7769,147.7132,312.2,1.4,1.2,2014-11-04,1238,Terra,MODIS,84,6.2,288.3,19.5,N,0
-24.5035,151.6856,303,1,1,2014-11-04,1238,Terra,MODIS,52,6.2,288.8,6.2,N,0
-15.0431,145.0558,308.6,1.6,1.2,2014-11-04,1240,Terra,MODIS,75,6.2,280.5,18.6,N,0
-15.0414,145.0703,306.2,1.6,1.2,2014-11-04,1240,Terra,MODIS,67,6.2,277.8,15.4,N,0
-15.2701,142.7815,300.8,2.3,1.5,2014-11-04,1240,Terra,MODIS,15,6.2,274,15.6,N,0
-15.2716,142.7967,307,2.3,1.5,2014-11-04,1240,Terra,MODIS,70,6.2,274.3,29.9,N,0
-15.1379,142.8188,302,2.3,1.5,2014-11-04,1240,Terra,MODIS,46,6.2,271.5,17.4,N,0
-15.2677,142.8029,302.4,2.3,1.5,2014-11-04,1240,Terra,MODIS,32,6.2,273.6,18.3,N,0
-15.3367,145.2588,301.6,1.5,1.2,2014-11-04,1240,Terra,MODIS,42,6.2,282.7,8.8,N,0
-12.7447,142.4046,303.1,2.3,1.5,2014-11-04,1241,Terra,MODIS,53,6.2,290.5,13.7,N,0
-12.8159,142.8876,303,2.1,1.4,2014-11-04,1241,Terra,MODIS,53,6.2,291.9,11.9,N,0
-12.6886,143.0751,303.2,2,1.4,2014-11-04,1241,Terra,MODIS,54,6.2,291.8,11.7,N,0
-12.799,142.3754,301.7,2.3,1.5,2014-11-04,1241,Terra,MODIS,40,6.2,290.2,10.3,N,0
-12.7893,142.3675,302.4,2.3,1.5,2014-11-04,1241,Terra,MODIS,42,6.2,290.1,11.4,N,0
-12.8841,143.3019,301.7,2,1.4,2014-11-04,1241,Terra,MODIS,19,6.2,290,11.5,N,0
-29.2502,129.5145,308.4,1,1,2014-11-04,1415,Terra,MODIS,12,6.2,288.2,7.9,N,0
-29.2224,129.5243,301.8,1,1,2014-11-04,1415,Terra,MODIS,22,6.2,288.3,5.5,N,0
-29.2009,129.5417,304.4,1,1,2014-11-04,1415,Terra,MODIS,54,6.2,288.4,7,N,0
-29.233,129.5656,303.4,1,1,2014-11-04,1415,Terra,MODIS,30,6.2,288.1,6.6,N,0
-24.8677,121.7448,320,1.7,1.3,2014-11-04,1416,Terra,MODIS,99,6.2,297.4,31.2,N,0
-25.3368,121.3745,307.1,1.8,1.3,2014-11-04,1416,Terra,MODIS,61,6.2,296.1,11.9,N,0
-28.0812,124.7484,301.2,1.2,1.1,2014-11-04,1416,Terra,MODIS,36,6.2,290.2,6.1,N,0
-28.0866,124.7873,300.4,1.2,1.1,2014-11-04,1416,Terra,MODIS,23,6.2,290,5.9,N,0
-28.0881,124.7749,304.5,1.2,1.1,2014-11-04,1416,Terra,MODIS,53,6.2,290.4,8.7,N,0
-28.0797,124.7609,304.9,1.2,1.1,2014-11-04,1416,Terra,MODIS,58,6.2,291,8.8,N,0
-28.0327,124.645,302.3,1.2,1.1,2014-11-04,1416,Terra,MODIS,42,6.2,291.5,7,N,0
-27.4427,127.5399,303.3,1,1,2014-11-04,1416,Terra,MODIS,55,6.2,289.1,6.4,N,0
-25.2022,121.5679,309.8,1.8,1.3,2014-11-04,1416,Terra,MODIS,73,6.2,296.7,14,N,0
-25.7531,121.0886,308.1,1.9,1.4,2014-11-04,1416,Terra,MODIS,68,6.2,297.1,14.1,N,0
-22.3661,129.5651,325.9,1.2,1.1,2014-11-04,1417,Terra,MODIS,100,6.2,291.8,30.4,N,0
-22.368,129.5534,321.6,1.2,1.1,2014-11-04,1417,Terra,MODIS,100,6.2,285.2,24.7,N,0
-23.8797,124.0605,316.4,1.2,1.1,2014-11-04,1417,Terra,MODIS,93,6.2,295.3,16.2,N,0
-23.9186,123.1663,309.2,1.3,1.1,2014-11-04,1417,Terra,MODIS,75,6.2,298.1,9.5,N,0
-23.917,123.1794,311.2,1.3,1.1,2014-11-04,1417,Terra,MODIS,80,6.2,298.2,11.5,N,0
-23.2023,121.6945,328.1,1.6,1.3,2014-11-04,1417,Terra,MODIS,100,6.2,296.6,49,N,0
-23.2025,121.6842,322.3,1.6,1.3,2014-11-04,1417,Terra,MODIS,100,6.2,295.1,35,N,0
-23.2008,121.7001,315.7,1.6,1.3,2014-11-04,1417,Terra,MODIS,89,6.2,296.1,22,N,0
-23.2138,121.6857,319.3,1.6,1.3,2014-11-04,1417,Terra,MODIS,98,6.2,295.7,29.5,N,0
-23.2121,121.7015,337.4,1.6,1.3,2014-11-04,1417,Terra,MODIS,100,6.2,297.8,74.8,N,0
-23.6989,122.8514,356.1,1.4,1.2,2014-11-04,1417,Terra,MODIS,100,6.2,301.2,116.9,N,0
-23.2104,121.7173,308.2,1.6,1.3,2014-11-04,1417,Terra,MODIS,57,6.2,296.5,11.7,N,0
-23.6973,122.865,314.3,1.4,1.2,2014-11-04,1417,Terra,MODIS,70,6.2,298.4,14.8,N,0
-23.7078,122.8665,320.3,1.4,1.2,2014-11-04,1417,Terra,MODIS,100,6.2,299.1,22.3,N,0
-23.711,122.8393,313.8,1.4,1.2,2014-11-04,1417,Terra,MODIS,88,6.2,298.6,13.6,N,0
-23.8684,124.0707,355.1,1.2,1.1,2014-11-04,1417,Terra,MODIS,100,6.2,297.1,92.8,N,0
-23.7094,122.8529,334.4,1.4,1.2,2014-11-04,1417,Terra,MODIS,100,6.2,300.4,49.3,N,0
-23.702,122.8241,345.4,1.4,1.2,2014-11-04,1417,Terra,MODIS,100,6.2,299.9,79.1,N,0
-23.867,124.0824,365,1.2,1.1,2014-11-04,1417,Terra,MODIS,100,6.2,298.8,127.4,N,0
-23.0615,122.3324,320.5,1.5,1.2,2014-11-04,1417,Terra,MODIS,100,6.2,298.4,27.5,N,0
-23.8655,124.0941,314.9,1.2,1.1,2014-11-04,1417,Terra,MODIS,90,6.2,295.1,14.9,N,0
-23.4967,121.3752,307.6,1.7,1.3,2014-11-04,1417,Terra,MODIS,71,6.2,293.6,14.9,N,0
-23.5008,121.3694,310.3,1.7,1.3,2014-11-04,1417,Terra,MODIS,80,6.2,293.9,18.8,N,0
-23.7029,122.8594,335.1,1.4,1.2,2014-11-04,1417,Terra,MODIS,100,6.2,300,52.2,N,0
-23.8782,124.0722,309.9,1.2,1.1,2014-11-04,1417,Terra,MODIS,78,6.2,295.6,9.8,N,0
-23.6803,122.87,341.5,1.4,1.2,2014-11-04,1417,Terra,MODIS,100,6.2,299.5,71.1,N,0
-23.6941,122.8443,374.7,1.4,1.2,2014-11-04,1417,Terra,MODIS,100,6.2,302.2,206.9,N,0
-23.6924,122.8579,321.4,1.4,1.2,2014-11-04,1417,Terra,MODIS,98,6.2,298.9,24.3,N,0
-23.6908,122.8715,312.6,1.4,1.2,2014-11-04,1417,Terra,MODIS,30,6.2,298.4,11.2,N,0
-23.6835,122.8428,327.4,1.4,1.2,2014-11-04,1417,Terra,MODIS,100,6.2,299.7,35.4,N,0
-23.6819,122.8565,344.3,1.4,1.2,2014-11-04,1417,Terra,MODIS,100,6.2,301.1,78.5,N,0
-23.7062,122.8322,335.6,1.4,1.2,2014-11-04,1417,Terra,MODIS,100,6.2,300,52.1,N,0
-23.7046,122.8458,365.3,1.4,1.2,2014-11-04,1417,Terra,MODIS,100,6.2,304.4,156.7,N,0
-23.7004,122.8378,421.6,1.4,1.2,2014-11-04,1417,Terra,MODIS,100,6.2,310.1,657,N,0
-23.8841,124.0252,327.4,1.2,1.1,2014-11-04,1417,Terra,MODIS,100,6.2,296.9,30.8,N,0
-23.8826,124.0369,315.1,1.2,1.1,2014-11-04,1417,Terra,MODIS,90,6.2,296.2,14.8,N,0
-23.191,121.6931,310.7,1.6,1.3,2014-11-04,1417,Terra,MODIS,81,6.2,292.5,16.2,N,0
-23.2042,121.6787,309,1.6,1.3,2014-11-04,1417,Terra,MODIS,55,6.2,294.6,13.1,N,0
-23.6209,121.1696,305,1.8,1.3,2014-11-04,1417,Terra,MODIS,50,6.2,293.2,11,N,0
-23.5901,124.0229,305.1,1.2,1.1,2014-11-04,1417,Terra,MODIS,63,6.2,293.2,6.9,N,0
-21.1646,123.2587,312.7,1.2,1.1,2014-11-04,1417,Terra,MODIS,73,6.2,298.6,10.6,N,0
-21.1631,123.2704,312.9,1.2,1.1,2014-11-04,1417,Terra,MODIS,18,6.2,298.8,11.9,N,0
-21.1745,123.2601,315.9,1.2,1.1,2014-11-04,1417,Terra,MODIS,92,6.2,297.9,15,N,0
-23.6508,123.4421,313.8,1.3,1.1,2014-11-04,1417,Terra,MODIS,74,6.2,274.3,17.3,N,0
-23.7184,122.868,311.6,1.4,1.2,2014-11-04,1417,Terra,MODIS,83,6.2,298.2,11.1,N,0
-23.6579,123.4686,378,1.3,1.1,2014-11-04,1417,Terra,MODIS,100,6.2,286,206.7,N,0
-23.7168,122.8816,311.4,1.4,1.2,2014-11-04,1417,Terra,MODIS,48,6.2,298,12.6,N,0
-23.6564,123.481,333,1.3,1.1,2014-11-04,1417,Terra,MODIS,100,6.2,290,45.9,N,0
-23.6549,123.4935,303.2,1.3,1.1,2014-11-04,1417,Terra,MODIS,24,6.2,285.5,6.4,N,0
-23.6594,123.4561,357.9,1.3,1.1,2014-11-04,1417,Terra,MODIS,100,6.2,275,116,N,0
-23.6493,123.4546,325.4,1.3,1.1,2014-11-04,1417,Terra,MODIS,100,6.2,277.3,32.8,N,0
-19.2291,123.279,334.3,1.2,1.1,2014-11-04,1418,Terra,MODIS,100,6.2,299.2,37.2,N,0
-19.2388,123.2804,318.1,1.2,1.1,2014-11-04,1418,Terra,MODIS,96,6.2,299.9,13.9,N,0
-19.2374,123.2914,327.4,1.2,1.1,2014-11-04,1418,Terra,MODIS,100,6.2,300.6,26,N,0
-19.2359,123.3024,359.7,1.2,1.1,2014-11-04,1418,Terra,MODIS,100,6.2,302.7,100.6,N,0
-19.2345,123.3134,369.2,1.2,1.1,2014-11-04,1418,Terra,MODIS,100,6.2,303.4,135.3,N,0
-19.2331,123.3244,321.9,1.2,1.1,2014-11-04,1418,Terra,MODIS,100,6.2,299.6,18.1,N,0
-19.2316,123.3354,333.2,1.2,1.1,2014-11-04,1418,Terra,MODIS,100,6.2,300.2,34.8,N,0
-19.2302,123.3464,314.7,1.2,1.1,2014-11-04,1418,Terra,MODIS,70,6.2,298.6,10,N,0
-19.2384,123.3587,334.1,1.2,1.1,2014-11-04,1418,Terra,MODIS,100,6.2,299.7,37.1,N,0
-18.5052,122.6598,318.1,1.2,1.1,2014-11-04,1418,Terra,MODIS,96,6.2,296.8,18.1,N,0
-18.5067,122.6482,313.1,1.2,1.1,2014-11-04,1418,Terra,MODIS,85,6.2,296.9,11.4,N,0
-18.9572,122.9481,313.2,1.2,1.1,2014-11-04,1418,Terra,MODIS,61,6.2,298.4,10,N,0
-18.9587,122.9367,314.6,1.2,1.1,2014-11-04,1418,Terra,MODIS,86,6.2,298.3,11.5,N,0
-18.8946,122.956,312,1.2,1.1,2014-11-04,1418,Terra,MODIS,67,6.2,298.9,8.7,N,0
-18.8961,122.9446,310.9,1.2,1.1,2014-11-04,1418,Terra,MODIS,28,6.2,297.7,7.8,N,0
-18.8834,122.9659,316.7,1.2,1.1,2014-11-04,1418,Terra,MODIS,93,6.2,299,13,N,0
-18.5012,122.6118,333,1.2,1.1,2014-11-04,1418,Terra,MODIS,100,6.2,298.9,40.1,N,0
-18.5027,122.6001,309.7,1.2,1.1,2014-11-04,1418,Terra,MODIS,43,6.2,296.8,8.1,N,0
-18.4898,122.6221,308.5,1.2,1.1,2014-11-04,1418,Terra,MODIS,29,6.2,297,6.5,N,0
-18.4913,122.6104,322.2,1.2,1.1,2014-11-04,1418,Terra,MODIS,100,6.2,297.1,22.4,N,0
-19.2406,123.5204,305.7,1.1,1.1,2014-11-04,1418,Terra,MODIS,15,6.2,294.5,3.9,N,0
-18.7396,122.495,309.3,1.3,1.1,2014-11-04,1418,Terra,MODIS,77,6.2,295.3,9.8,N,0
-18.7336,122.5427,307.8,1.3,1.1,2014-11-04,1418,Terra,MODIS,73,6.2,294.9,8.4,N,0
-18.8666,122.9405,319.1,1.2,1.1,2014-11-04,1418,Terra,MODIS,98,6.2,299,15.8,N,0
-18.8568,122.939,342.2,1.2,1.1,2014-11-04,1418,Terra,MODIS,100,6.2,299,54.9,N,0
-18.8583,122.9277,327.4,1.2,1.1,2014-11-04,1418,Terra,MODIS,100,6.2,298.3,27.3,N,0
-18.8349,122.9417,308.9,1.2,1.1,2014-11-04,1418,Terra,MODIS,30,6.2,297.9,6.4,N,0
-18.8363,122.9304,320.1,1.2,1.1,2014-11-04,1418,Terra,MODIS,100,6.2,298.6,17.6,N,0
-18.8378,122.9191,320.2,1.2,1.1,2014-11-04,1418,Terra,MODIS,100,6.2,298.4,17.5,N,0
-18.8393,122.9077,324.5,1.2,1.1,2014-11-04,1418,Terra,MODIS,100,6.2,298.1,23.6,N,0
-18.8408,122.8963,310.3,1.2,1.1,2014-11-04,1418,Terra,MODIS,31,6.2,297.1,7.3,N,0
-18.8324,122.8835,308.2,1.2,1.1,2014-11-04,1418,Terra,MODIS,72,6.2,297.1,6.7,N,0
-19.2669,123.3916,320.1,1.2,1.1,2014-11-04,1418,Terra,MODIS,100,6.2,298.2,17.1,N,0
-19.2683,123.3806,328.5,1.2,1.1,2014-11-04,1418,Terra,MODIS,100,6.2,298.8,28.3,N,0
-19.2697,123.3697,313.4,1.2,1.1,2014-11-04,1418,Terra,MODIS,87,6.2,298.4,10.1,N,0
-19.2437,123.3929,308.4,1.1,1.1,2014-11-04,1418,Terra,MODIS,45,6.2,297.5,6.5,N,0
-19.2341,123.3915,317.2,1.1,1.1,2014-11-04,1418,Terra,MODIS,77,6.2,297.1,13.8,N,0
-19.2355,123.3806,335.1,1.2,1.1,2014-11-04,1418,Terra,MODIS,100,6.2,298.4,38.7,N,0
-19.237,123.3697,338.9,1.2,1.1,2014-11-04,1418,Terra,MODIS,100,6.2,299.8,45.8,N,0
-19.2134,123.3996,307.4,1.1,1.1,2014-11-04,1418,Terra,MODIS,25,6.2,297,6.1,N,0
-19.1904,123.2734,323.4,1.2,1.1,2014-11-04,1418,Terra,MODIS,100,6.2,299.1,20.2,N,0
-19.1919,123.2623,339,1.2,1.1,2014-11-04,1418,Terra,MODIS,100,6.2,300,46.5,N,0
-19.1933,123.2513,314.3,1.2,1.1,2014-11-04,1418,Terra,MODIS,83,6.2,297.9,10.5,N,0
-19.2277,123.29,324.1,1.2,1.1,2014-11-04,1418,Terra,MODIS,100,6.2,298.8,21,N,0
-17.0173,126.0587,310.6,1,1,2014-11-04,1418,Terra,MODIS,76,6.2,290.5,6.9,N,0
-19.4508,129.6522,316.7,1.4,1.2,2014-11-04,1418,Terra,MODIS,94,6.2,293.7,20,N,0
-19.4487,129.665,325.7,1.4,1.2,2014-11-04,1418,Terra,MODIS,100,6.2,294.5,34,N,0
-16.9958,126.0165,309.6,1,1,2014-11-04,1418,Terra,MODIS,78,6.2,296.5,5.8,N,0
-17.0055,126.0762,311.2,1,1,2014-11-04,1418,Terra,MODIS,56,6.2,290.5,7.4,N,0
-16.9951,126.0842,318.2,1,1,2014-11-04,1418,Terra,MODIS,87,6.2,292.5,12.6,N,0
-16.9965,126.0747,321.7,1,1,2014-11-04,1418,Terra,MODIS,100,6.2,295.3,15.8,N,0
-16.9861,126.0827,315.1,1,1,2014-11-04,1418,Terra,MODIS,60,6.2,297.5,9,N,0
-16.9687,126.138,310.4,1,1,2014-11-04,1418,Terra,MODIS,56,6.2,296.9,5.7,N,0
-16.9729,126.1095,311,1,1,2014-11-04,1418,Terra,MODIS,47,6.2,297.5,5.5,N,0
-16.9979,126.0653,314.7,1,1,2014-11-04,1418,Terra,MODIS,35,6.2,294.7,9,N,0
-18.2904,128.9824,306.7,1.3,1.1,2014-11-04,1418,Terra,MODIS,69,6.2,295.6,7.1,N,0
-17.1876,124.5387,310.1,1,1,2014-11-04,1418,Terra,MODIS,71,6.2,298.7,5.1,N,0
-17.0042,126.0857,306.9,1,1,2014-11-04,1418,Terra,MODIS,24,6.2,287,4.7,N,0
-19.4383,129.6631,307.8,1.4,1.2,2014-11-04,1418,Terra,MODIS,73,6.2,292.4,10.4,N,0
-19.4605,129.787,305.3,1.4,1.2,2014-11-04,1418,Terra,MODIS,48,6.2,294.6,7.3,N,0
-17.0264,126.0602,313.3,1,1,2014-11-04,1418,Terra,MODIS,55,6.2,296.4,9.6,N,0
-19.5073,129.8018,304.3,1.4,1.2,2014-11-04,1418,Terra,MODIS,45,6.2,293.6,6.4,N,0
-19.4969,129.7999,313.8,1.4,1.2,2014-11-04,1418,Terra,MODIS,88,6.2,294.3,16.6,N,0
-19.5,129.808,304.5,1.4,1.2,2014-11-04,1418,Terra,MODIS,23,6.2,293.7,6.1,N,0
-19.5021,129.795,310.4,1.4,1.2,2014-11-04,1418,Terra,MODIS,80,6.2,293.6,12.6,N,0
-18.4866,133.1658,310.5,2.5,1.5,2014-11-04,1418,Terra,MODIS,80,6.2,285.5,41.6,N,0
-18.1495,133.0712,326.1,2.5,1.5,2014-11-04,1418,Terra,MODIS,100,6.2,290.2,82,N,0
-18.163,133.074,325.6,2.5,1.5,2014-11-04,1418,Terra,MODIS,100,6.2,289.3,82.1,N,0
-18.1587,133.0974,340.3,2.5,1.5,2014-11-04,1418,Terra,MODIS,100,6.2,292,158,N,0
-18.1409,133.118,338,2.5,1.5,2014-11-04,1418,Terra,MODIS,100,6.2,283.3,142.3,N,0
-18.118,133.0889,331,2.5,1.5,2014-11-04,1418,Terra,MODIS,100,6.2,281.5,106.8,N,0
-18.1316,133.0917,365.2,2.5,1.5,2014-11-04,1418,Terra,MODIS,100,6.2,288.2,373.6,N,0
-18.1273,133.1151,382.6,2.5,1.5,2014-11-04,1418,Terra,MODIS,100,6.2,284,616.5,N,0
-18.1452,133.0945,350.7,2.5,1.5,2014-11-04,1418,Terra,MODIS,100,6.2,290.8,231.1,N,0
-15.8187,126.7599,344.4,1.1,1,2014-11-04,1419,Terra,MODIS,100,6.2,293.8,54.8,N,0
-15.7667,129.7558,321.7,1.6,1.2,2014-11-04,1419,Terra,MODIS,100,6.2,290.5,30.4,N,0
-15.7778,129.7578,308.1,1.6,1.2,2014-11-04,1419,Terra,MODIS,34,6.2,290.5,8.9,N,0
-15.7913,129.745,311.9,1.6,1.2,2014-11-04,1419,Terra,MODIS,84,6.2,290.7,14.4,N,0
-15.7691,129.741,323.1,1.6,1.2,2014-11-04,1419,Terra,MODIS,100,6.2,290.8,33.2,N,0
-15.8202,126.7499,343.2,1.1,1,2014-11-04,1419,Terra,MODIS,86,6.2,294.2,52.5,N,0
-16.1649,124.7575,308.8,1,1,2014-11-04,1419,Terra,MODIS,46,6.2,294.9,6.5,N,0
-16.1662,124.7482,307.9,1,1,2014-11-04,1419,Terra,MODIS,43,6.2,294.9,5.7,N,0
-16.1572,124.7468,310.9,1,1,2014-11-04,1419,Terra,MODIS,60,6.2,295.5,7,N,0
-16.3002,123.9851,310.3,1,1,2014-11-04,1419,Terra,MODIS,79,6.2,296.9,5.9,N,0
-16.2924,123.9743,318.4,1,1,2014-11-04,1419,Terra,MODIS,97,6.2,297.3,12.2,N,0
-16.2911,123.9839,321.3,1,1,2014-11-04,1419,Terra,MODIS,100,6.2,297.3,15.6,N,0
-15.8124,126.7385,332.7,1.1,1,2014-11-04,1419,Terra,MODIS,97,6.2,283,32.9,N,0
-15.7581,129.7389,311.1,1.6,1.2,2014-11-04,1419,Terra,MODIS,77,6.2,290.4,13.6,N,0
-12.7418,142.4052,302.6,1.3,1.1,2014-11-04,1544,Aqua,MODIS,50,6.2,287.6,7.3,N,0
-12.7437,142.4173,301.4,1.3,1.1,2014-11-04,1544,Aqua,MODIS,40,6.2,287.1,6.3,N,0
-12.4975,142.8721,302.1,1.2,1.1,2014-11-04,1544,Aqua,MODIS,43,6.2,284.5,6.6,N,0
-12.809,142.8958,316.4,1.2,1.1,2014-11-04,1544,Aqua,MODIS,93,6.2,290,19.1,N,0
-12.787,142.3785,301.6,1.3,1.1,2014-11-04,1544,Aqua,MODIS,23,6.2,287.3,6.1,N,0
-12.8072,142.8846,333.6,1.2,1.1,2014-11-04,1544,Aqua,MODIS,100,6.2,290.8,45.4,N,0
-12.785,142.3664,303.2,1.3,1.1,2014-11-04,1544,Aqua,MODIS,51,6.2,287.7,7.5,N,0
-12.6043,142.7664,300.5,1.3,1.1,2014-11-04,1544,Aqua,MODIS,20,6.2,284.7,5.7,N,0
-12.6061,142.7778,301.3,1.3,1.1,2014-11-04,1544,Aqua,MODIS,40,6.2,282,6.5,N,0
-12.8855,143.3205,300.1,1.2,1.1,2014-11-04,1544,Aqua,MODIS,16,6.2,286.2,3.8,N,0
-14.9538,144.3779,302,1,1,2014-11-04,1545,Aqua,MODIS,46,6.2,291.7,3.5,N,0
-14.5592,144.6264,300.5,1,1,2014-11-04,1545,Aqua,MODIS,16,6.2,289.2,3.2,N,0
-18.7316,141.5013,300.2,1.2,1.1,2014-11-04,1546,Aqua,MODIS,11,6.2,284.4,3.5,N,0
-18.7335,141.5129,313.4,1.2,1.1,2014-11-04,1546,Aqua,MODIS,87,6.2,284.1,15,N,0
-18.7354,141.5244,311,1.2,1.1,2014-11-04,1546,Aqua,MODIS,82,6.2,283.9,12.6,N,0
-20.7315,139.4784,307.9,1.5,1.2,2014-11-04,1547,Aqua,MODIS,73,6.2,295.5,12,N,2
-21.7854,141.2418,308.8,1.2,1.1,2014-11-04,1547,Aqua,MODIS,76,6.2,297.4,8,N,0
-13.6148,130.0331,318.8,3.5,1.8,2014-11-04,1723,Aqua,MODIS,86,6.2,278,104.9,N,0
-13.6061,130.0419,325.2,3.5,1.8,2014-11-04,1723,Aqua,MODIS,81,6.2,278.8,141.2,N,0
-15.7954,126.7431,303.2,2.1,1.4,2014-11-04,1724,Aqua,MODIS,29,6.2,289.5,16.9,N,0
-16.2888,123.9835,314.3,1.3,1.1,2014-11-04,1724,Aqua,MODIS,88,6.2,296.2,14.3,N,0
-19.1752,123.4975,324.1,1.4,1.2,2014-11-04,1725,Aqua,MODIS,100,6.2,281.9,32.9,N,0
-18.8307,122.9448,340.7,1.3,1.1,2014-11-04,1725,Aqua,MODIS,100,6.2,295.7,59.6,N,0
-18.8423,122.9553,354.5,1.3,1.1,2014-11-04,1725,Aqua,MODIS,100,6.2,299.8,96.8,N,0
-18.8408,122.9434,332.9,1.3,1.1,2014-11-04,1725,Aqua,MODIS,81,6.2,296.9,41,N,0
-18.8338,122.9686,318.3,1.3,1.1,2014-11-04,1725,Aqua,MODIS,77,6.2,282.9,23.1,N,0
-18.8322,122.9567,353.3,1.3,1.1,2014-11-04,1725,Aqua,MODIS,100,6.2,291,95,N,0
-18.8292,122.9329,321.5,1.3,1.1,2014-11-04,1725,Aqua,MODIS,0,6.2,295.5,24.7,N,0
-19.18,123.5366,308.1,1.4,1.2,2014-11-04,1725,Aqua,MODIS,56,6.2,277.5,13.4,N,0
-18.8117,122.4898,329.5,1.2,1.1,2014-11-04,1725,Aqua,MODIS,100,6.2,294.4,35.6,N,0
-18.8132,122.501,310.5,1.2,1.1,2014-11-04,1725,Aqua,MODIS,52,6.2,293.3,12.8,N,0
-19.2462,123.5541,317.2,1.4,1.2,2014-11-04,1725,Aqua,MODIS,54,6.2,293.2,22.7,N,0
-18.8508,122.942,321.9,1.3,1.1,2014-11-04,1725,Aqua,MODIS,80,6.2,293.6,21.8,N,0
-20.1596,125.8376,326.8,2.1,1.4,2014-11-04,1725,Aqua,MODIS,100,6.2,295.8,67.4,N,0
-20.1618,125.8571,308.1,2.1,1.4,2014-11-04,1725,Aqua,MODIS,73,6.2,295.6,18.7,N,0
-20.1631,125.8517,315.9,2.1,1.4,2014-11-04,1725,Aqua,MODIS,92,6.2,295.9,35.2,N,0
-20.161,125.8321,317.1,2.1,1.4,2014-11-04,1725,Aqua,MODIS,94,6.2,295.4,38.5,N,0
-20.2767,125.8312,315.8,2.1,1.4,2014-11-04,1725,Aqua,MODIS,92,6.2,294.9,36.1,N,0
-23.1891,121.7185,324.9,1.2,1.1,2014-11-04,1726,Aqua,MODIS,82,6.2,287.9,31.6,N,0
-23.041,122.3246,304.6,1.3,1.1,2014-11-04,1726,Aqua,MODIS,61,6.2,294.6,6.4,N,0
-23.49,121.3652,326,1.2,1.1,2014-11-04,1726,Aqua,MODIS,100,6.2,296.9,27.7,N,0
-23.7136,122.828,353.1,1.4,1.2,2014-11-04,1726,Aqua,MODIS,100,6.2,298.5,110,N,0
-24.8578,121.7347,308.6,1.3,1.1,2014-11-04,1726,Aqua,MODIS,74,6.2,295.9,8.7,N,0
-24.8594,121.7472,308.9,1.3,1.1,2014-11-04,1726,Aqua,MODIS,75,6.2,295.8,9.1,N,0
-23.7119,122.8141,316.5,1.4,1.2,2014-11-04,1726,Aqua,MODIS,23,6.2,295.5,18.7,N,0
-23.1875,121.7067,352.8,1.2,1.1,2014-11-04,1726,Aqua,MODIS,100,6.2,293.5,91.7,N,0
-23.6996,122.8017,335.7,1.4,1.2,2014-11-04,1726,Aqua,MODIS,100,6.2,297.3,57.6,N,0
-23.4997,121.3638,306.7,1.2,1.1,2014-11-04,1726,Aqua,MODIS,69,6.2,296.2,6.4,N,0
-23.1777,121.7081,308.3,1.2,1.1,2014-11-04,1726,Aqua,MODIS,44,6.2,278.1,13.1,N,0
-24.8679,121.7332,332.7,1.3,1.1,2014-11-04,1726,Aqua,MODIS,100,6.2,296.6,41.7,N,0
-23.6956,122.8588,309.7,1.4,1.2,2014-11-04,1726,Aqua,MODIS,13,6.2,294.9,10.5,N,0
-24.8695,121.7458,323,1.3,1.1,2014-11-04,1726,Aqua,MODIS,100,6.2,296.2,25.2,N,0
-23.4915,121.3767,312.7,1.2,1.1,2014-11-04,1726,Aqua,MODIS,85,6.2,296.3,11.3,N,0
-23.4885,121.3538,308.4,1.2,1.1,2014-11-04,1726,Aqua,MODIS,71,6.2,295.8,8.2,N,0
-23.6979,122.7878,309.9,1.4,1.2,2014-11-04,1726,Aqua,MODIS,79,6.2,295.2,13.4,N,0
-23.7152,122.8419,331.1,1.4,1.2,2014-11-04,1726,Aqua,MODIS,100,6.2,297.5,45.1,N,0
-25.1946,121.5848,306,1.3,1.1,2014-11-04,1726,Aqua,MODIS,55,6.2,295.2,6.9,N,0
-25.2031,121.5709,306.3,1.3,1.1,2014-11-04,1726,Aqua,MODIS,63,6.2,295.5,7.1,N,0
-23.7259,122.8404,308.1,1.4,1.2,2014-11-04,1726,Aqua,MODIS,33,6.2,295.3,10.2,N,0
-23.7169,122.8559,314.6,1.4,1.2,2014-11-04,1726,Aqua,MODIS,34,6.2,295.8,16.5,N,0
-25.7432,121.0995,312.9,1.2,1.1,2014-11-04,1727,Aqua,MODIS,86,6.2,295.4,13.3,N,0
-25.7447,121.1115,312.4,1.2,1.1,2014-11-04,1727,Aqua,MODIS,85,6.2,295.8,12.7,N,0
-25.7516,121.0861,314.9,1.2,1.1,2014-11-04,1727,Aqua,MODIS,90,6.2,295.7,15.2,N,0
-25.7531,121.098,311.6,1.2,1.1,2014-11-04,1727,Aqua,MODIS,83,6.2,295.9,11.8,N,0
-28.0791,124.7695,317.6,2.2,1.4,2014-11-04,1727,Aqua,MODIS,95,6.2,290.2,54.9,N,0
-28.0812,124.792,303.9,2.2,1.4,2014-11-04,1727,Aqua,MODIS,57,6.2,288.4,22.8,N,0
-36.9394,144.9834,305.6,3.7,1.8,2014-11-04,2338,Terra,MODIS,40,6.2,293,30.4,D,0
-12.5595,135.0818,325.5,1.3,1.1,2014-11-05,0109,Terra,MODIS,65,6.2,297.9,17.4,D,0
-12.8403,142.8117,327.1,1.6,1.2,2014-11-05,0109,Terra,MODIS,71,6.2,302,21.5,D,0
-12.504,142.8652,341.6,1.6,1.2,2014-11-05,0109,Terra,MODIS,88,6.2,302,65.3,D,0
-12.8127,142.8661,357.3,1.6,1.2,2014-11-05,0109,Terra,MODIS,98,6.2,301,130.5,D,0
-12.4774,136.1286,327.5,1.1,1.1,2014-11-05,0109,Terra,MODIS,62,6.2,294,13.2,D,0
-12.4648,136.1095,327.6,1.1,1.1,2014-11-05,0109,Terra,MODIS,47,6.2,293.8,15,D,0
-12.8142,142.8741,363.7,1.6,1.2,2014-11-05,0109,Terra,MODIS,100,6.2,302.4,165.7,D,0
-12.6191,142.7867,322.5,1.6,1.2,2014-11-05,0109,Terra,MODIS,60,6.2,301.3,13.6,D,0
-12.6195,142.7801,322.5,1.6,1.2,2014-11-05,0109,Terra,MODIS,24,6.2,301.3,13.4,D,0
-12.8124,142.8597,320.6,1.6,1.2,2014-11-05,0109,Terra,MODIS,35,6.2,300.4,9.2,D,0
-12.3276,136.892,324.4,1.1,1,2014-11-05,0109,Terra,MODIS,54,6.2,300.2,7.3,D,0
-12.8146,142.8804,359.9,1.6,1.2,2014-11-05,0109,Terra,MODIS,99,6.2,301.8,145.7,D,0
-12.4758,136.1183,328.6,1.1,1.1,2014-11-05,0109,Terra,MODIS,74,6.2,293.2,14.7,D,0
-12.6061,142.7739,327.9,1.6,1.2,2014-11-05,0109,Terra,MODIS,73,6.2,301.2,25,D,0
-12.5022,142.8512,352.9,1.6,1.2,2014-11-05,0109,Terra,MODIS,96,6.2,302.5,107.8,D,0
-12.7295,142.3253,334.8,1.5,1.2,2014-11-05,0109,Terra,MODIS,82,6.2,304.5,34.4,D,0
-11.0693,142.4854,312,1.4,1.2,2014-11-05,0109,Terra,MODIS,45,6.2,280.3,10.8,D,0
-12.751,142.4042,341.2,1.5,1.2,2014-11-05,0109,Terra,MODIS,88,6.2,302.8,51.7,D,0
-12.816,142.8886,326.6,1.6,1.2,2014-11-05,0109,Terra,MODIS,68,6.2,300.8,23.4,D,0
-11.0923,142.4173,341.2,1.4,1.2,2014-11-05,0109,Terra,MODIS,91,6.2,286.9,61.1,D,0
-12.7844,142.3796,331,1.5,1.2,2014-11-05,0109,Terra,MODIS,70,6.2,303.9,24.3,D,0
-12.5582,142.7513,323.3,1.6,1.2,2014-11-05,0109,Terra,MODIS,44,6.2,301.2,14.2,D,0
-12.7538,142.3974,331.9,1.5,1.2,2014-11-05,0109,Terra,MODIS,78,6.2,302.8,28,D,0
-12.3853,142.9169,320.9,1.6,1.2,2014-11-05,0109,Terra,MODIS,30,6.2,300.1,18,D,0
-11.0906,142.4047,365.7,1.4,1.2,2014-11-05,0109,Terra,MODIS,100,6.2,291.8,153.1,D,0
-11.0888,142.392,324.7,1.4,1.2,2014-11-05,0109,Terra,MODIS,63,6.2,290.7,22.3,D,0
-12.7402,142.3239,324.1,1.5,1.2,2014-11-05,0109,Terra,MODIS,42,6.2,302.9,10.9,D,0
-12.5249,136.6838,330,1.1,1,2014-11-05,0109,Terra,MODIS,68,6.2,295.2,15.6,D,0
-11.0974,142.5344,332.3,1.4,1.2,2014-11-05,0109,Terra,MODIS,85,6.2,279.7,45.8,D,0
-12.5059,142.8794,324.6,1.6,1.2,2014-11-05,0109,Terra,MODIS,47,6.2,300.4,21.9,D,0
-12.7384,142.3107,332.7,1.5,1.2,2014-11-05,0109,Terra,MODIS,80,6.2,303.8,28.1,D,0
-12.4124,134.5418,333.6,1.4,1.2,2014-11-05,0109,Terra,MODIS,72,6.2,303.8,25.2,D,0
-12.4948,142.8809,327,1.6,1.2,2014-11-05,0109,Terra,MODIS,44,6.2,301.4,24.1,D,0
-12.4855,142.8968,328.3,1.6,1.2,2014-11-05,0109,Terra,MODIS,46,6.2,301.7,27.6,D,0
-12.6789,143.0696,347.3,1.6,1.3,2014-11-05,0109,Terra,MODIS,92,6.2,297.5,94.5,D,0
-12.3871,142.9313,320.4,1.6,1.2,2014-11-05,0109,Terra,MODIS,27,6.2,298.9,17.7,D,0
-11.071,142.4984,327.8,1.4,1.2,2014-11-05,0109,Terra,MODIS,81,6.2,281.6,35.6,D,0
-13.2072,141.8683,323.9,1.4,1.2,2014-11-05,0109,Terra,MODIS,62,6.2,303.5,10.9,D,0
-11.4826,142.5104,318.9,1.4,1.2,2014-11-05,0109,Terra,MODIS,38,6.2,295.3,12.4,D,0
-11.0992,142.5473,320.5,1.4,1.2,2014-11-05,0109,Terra,MODIS,73,6.2,277.2,23.2,D,0
-12.6808,143.0842,374.5,1.6,1.3,2014-11-05,0109,Terra,MODIS,100,6.2,298.8,249.9,D,0
-12.6711,143.092,346.6,1.6,1.3,2014-11-05,0109,Terra,MODIS,92,6.2,300.1,92.9,D,0
-12.4916,136.1578,325.9,1.1,1.1,2014-11-05,0109,Terra,MODIS,34,6.2,294.5,9.7,D,0
-12.4932,136.1681,326.6,1.1,1.1,2014-11-05,0109,Terra,MODIS,44,6.2,296.2,10.9,D,0
-12.4948,136.1782,331.4,1.1,1.1,2014-11-05,0109,Terra,MODIS,75,6.2,297.3,18.6,D,0
-12.6692,143.0774,353.7,1.6,1.3,2014-11-05,0109,Terra,MODIS,96,6.2,299.9,124.4,D,0
-12.7188,142.3268,333.7,1.5,1.2,2014-11-05,0109,Terra,MODIS,81,6.2,304.7,30.4,D,0
-12.9494,143.4834,322.7,1.8,1.3,2014-11-05,0109,Terra,MODIS,51,6.2,294.2,32.3,D,0
-12.8185,142.3888,328.6,1.5,1.2,2014-11-05,0109,Terra,MODIS,48,6.2,304.5,17.4,D,0
-12.6695,143.0858,351.3,1.6,1.3,2014-11-05,0109,Terra,MODIS,95,6.2,300.4,112.4,D,0
-11.4987,142.5486,321,1.4,1.2,2014-11-05,0109,Terra,MODIS,55,6.2,298.8,17.7,D,0
-12.8034,142.8818,325.8,1.6,1.2,2014-11-05,0109,Terra,MODIS,69,6.2,300.4,23.5,D,0
-14.9693,144.3401,326.9,2.2,1.4,2014-11-05,0110,Terra,MODIS,73,6.2,295.7,44.9,D,0
-14.9718,144.3605,320.1,2.2,1.4,2014-11-05,0110,Terra,MODIS,36,6.2,296.1,21.4,D,0
-14.2406,136.8714,342,1,1,2014-11-05,0110,Terra,MODIS,91,6.2,301.8,33.9,D,0
-13.8135,141.847,336.1,1.4,1.2,2014-11-05,0110,Terra,MODIS,73,6.2,289.6,47.7,D,0
-15.1391,142.837,326.6,1.7,1.3,2014-11-05,0110,Terra,MODIS,46,6.2,295.2,15.4,D,0
-15.0909,142.827,333.3,1.7,1.3,2014-11-05,0110,Terra,MODIS,76,6.2,302.3,36,D,0
-15.1057,142.831,338.5,1.7,1.3,2014-11-05,0110,Terra,MODIS,85,6.2,303.6,52.7,D,0
-15.0921,142.8167,335.8,1.7,1.3,2014-11-05,0110,Terra,MODIS,83,6.2,303,42.6,D,0
-15.3525,142.7269,329.2,1.7,1.3,2014-11-05,0110,Terra,MODIS,66,6.2,303.2,18,D,0
-15.3775,142.7398,348.7,1.7,1.3,2014-11-05,0110,Terra,MODIS,94,6.2,302.8,84.8,D,0
-15.114,142.824,336.9,1.7,1.3,2014-11-05,0110,Terra,MODIS,80,6.2,301.1,46.5,D,0
-15.3659,142.7412,329.5,1.7,1.3,2014-11-05,0110,Terra,MODIS,64,6.2,302,16.1,D,0
-15.4005,142.7369,331.6,1.7,1.3,2014-11-05,0110,Terra,MODIS,61,6.2,302.6,25.8,D,0
-15.3555,142.7331,333.3,1.7,1.3,2014-11-05,0110,Terra,MODIS,81,6.2,302.9,29.1,D,0
-15.1602,142.8182,327.1,1.7,1.3,2014-11-05,0110,Terra,MODIS,63,6.2,296.8,16.9,D,0
-15.0941,142.8325,332.7,1.7,1.3,2014-11-05,0110,Terra,MODIS,76,6.2,302.1,32.8,D,0
-15.367,142.7316,330.7,1.7,1.3,2014-11-05,0110,Terra,MODIS,76,6.2,303.3,21.6,D,0
-15.389,142.7383,338.1,1.7,1.3,2014-11-05,0110,Terra,MODIS,86,6.2,302.9,45,D,0
-15.0806,142.8181,332.9,1.7,1.3,2014-11-05,0110,Terra,MODIS,80,6.2,301.5,34.3,D,0
-15.344,142.7345,329,1.7,1.3,2014-11-05,0110,Terra,MODIS,74,6.2,301.7,16.8,D,0
-15.1025,142.8255,334.1,1.7,1.3,2014-11-05,0110,Terra,MODIS,59,6.2,303.2,38.9,D,0
-15.089,142.8112,333.3,1.7,1.3,2014-11-05,0110,Terra,MODIS,75,6.2,302.6,36.1,D,0
-15.526,129.9621,332.1,2.6,1.6,2014-11-05,0110,Terra,MODIS,77,6.2,298.6,72.9,D,0
-15.5305,129.9863,324.7,2.6,1.6,2014-11-05,0110,Terra,MODIS,62,6.2,298.5,35.2,D,0
-15.5212,129.9687,325.8,2.6,1.6,2014-11-05,0110,Terra,MODIS,65,6.2,298.3,38.6,D,0
-15.4689,130.348,327.7,2.5,1.5,2014-11-05,0110,Terra,MODIS,58,6.2,302.1,31.9,D,0
-15.4824,130.3454,327.3,2.5,1.5,2014-11-05,0110,Terra,MODIS,59,6.2,300.9,30.8,D,0
-15.4756,130.3397,327.5,2.5,1.5,2014-11-05,0110,Terra,MODIS,65,6.2,301.4,33.7,D,0
-15.5443,129.9835,328.1,2.6,1.6,2014-11-05,0110,Terra,MODIS,71,6.2,298.2,50.3,D,0
-15.5399,129.9595,331.6,2.6,1.6,2014-11-05,0110,Terra,MODIS,77,6.2,297.9,69.9,D,0
-15.5538,129.9568,328.9,2.6,1.6,2014-11-05,0110,Terra,MODIS,72,6.2,296,58.7,D,0
-16.0019,132.4781,356.6,1.7,1.3,2014-11-05,0110,Terra,MODIS,91,6.2,309.4,120.5,D,0
-16.0473,132.4699,361.9,1.7,1.3,2014-11-05,0110,Terra,MODIS,100,6.2,306.4,154.8,D,0
-16.0561,132.4614,404.5,1.7,1.3,2014-11-05,0110,Terra,MODIS,100,6.2,313.7,558.2,D,0
-16.0499,132.4853,339.7,1.7,1.3,2014-11-05,0110,Terra,MODIS,69,6.2,306.6,48.4,D,0
-16.0561,132.4524,380.9,1.7,1.3,2014-11-05,0110,Terra,MODIS,100,6.2,304.4,302.5,D,0
-16.0587,132.4679,423.4,1.7,1.3,2014-11-05,0110,Terra,MODIS,100,6.2,316.5,860.2,D,0
-16.0701,132.4747,374.4,1.7,1.3,2014-11-05,0110,Terra,MODIS,100,6.2,307.7,232.7,D,0
-16.0588,132.4768,374.1,1.7,1.3,2014-11-05,0110,Terra,MODIS,100,6.2,311.7,231.9,D,0
-15.9791,132.4822,340.4,1.7,1.3,2014-11-05,0110,Terra,MODIS,86,6.2,307.6,56.5,D,0
-15.9818,132.4976,330.2,1.7,1.3,2014-11-05,0110,Terra,MODIS,68,6.2,307.8,24.1,D,0
-15.9932,132.4956,343,1.7,1.3,2014-11-05,0110,Terra,MODIS,67,6.2,309.2,63.4,D,0
-14.5994,131.689,335.8,2,1.4,2014-11-05,0110,Terra,MODIS,68,6.2,307.3,48.8,D,0
-14.5746,131.6933,332.3,2,1.4,2014-11-05,0110,Terra,MODIS,70,6.2,306.6,32.7,D,0
-16.0333,132.4565,344.8,1.7,1.3,2014-11-05,0110,Terra,MODIS,87,6.2,299.1,74.8,D,0
-14.2271,136.8445,332.3,1,1,2014-11-05,0110,Terra,MODIS,77,6.2,301.3,15.8,D,0
-14.2286,136.8539,331.4,1,1,2014-11-05,0110,Terra,MODIS,76,6.2,301.6,14.5,D,0
-16.0612,132.4833,363,1.7,1.3,2014-11-05,0110,Terra,MODIS,100,6.2,309.5,156.8,D,0
-15.9992,132.4626,343.6,1.7,1.3,2014-11-05,0110,Terra,MODIS,72,6.2,304.4,64,D,0
-16.0448,132.4634,361.7,1.7,1.3,2014-11-05,0110,Terra,MODIS,100,6.2,305.2,156.2,D,0
-16.0246,132.474,344.4,1.7,1.3,2014-11-05,0110,Terra,MODIS,83,6.2,301.7,65.5,D,0
-14.4907,130.699,328.5,2.4,1.5,2014-11-05,0110,Terra,MODIS,45,6.2,293.5,46.2,D,0
-16.0675,132.4594,389.9,1.7,1.3,2014-11-05,0110,Terra,MODIS,100,6.2,303.1,381.4,D,0
-16.0159,132.4914,390,1.7,1.3,2014-11-05,0110,Terra,MODIS,100,6.2,307.6,379.2,D,0
-16.0132,132.476,380.9,1.7,1.3,2014-11-05,0110,Terra,MODIS,100,6.2,308.8,289.3,D,0
-16.022,132.4586,370.1,1.7,1.3,2014-11-05,0110,Terra,MODIS,100,6.2,300.8,208.2,D,0
-16.0474,132.4788,338.4,1.7,1.3,2014-11-05,0110,Terra,MODIS,84,6.2,306.1,44,D,0
-16.0106,132.4606,368.9,1.7,1.3,2014-11-05,0110,Terra,MODIS,100,6.2,304.2,199.9,D,0
-16.0045,132.4935,352.4,1.7,1.3,2014-11-05,0110,Terra,MODIS,76,6.2,307.8,101.1,D,0
-14.2309,136.7467,356.6,1,1,2014-11-05,0110,Terra,MODIS,93,6.2,300,64.5,D,0
-14.23,136.8634,327.4,1,1,2014-11-05,0110,Terra,MODIS,20,6.2,302.1,9.8,D,0
-16.0359,132.472,340.8,1.7,1.3,2014-11-05,0110,Terra,MODIS,53,6.2,302.4,53.3,D,0
-16.0447,132.4545,361.6,1.7,1.3,2014-11-05,0110,Terra,MODIS,100,6.2,302,159.7,D,0
-19.4561,132.1029,346.4,1.5,1.2,2014-11-05,0111,Terra,MODIS,89,6.2,306.2,72.5,D,0
-18.4881,141.4063,326.2,1.5,1.2,2014-11-05,0111,Terra,MODIS,60,6.2,290.3,22.5,D,0
-19.4536,132.0883,366.3,1.5,1.2,2014-11-05,0111,Terra,MODIS,100,6.2,309.4,162.5,D,0
-19.4511,132.0738,351.9,1.5,1.2,2014-11-05,0111,Terra,MODIS,94,6.2,307.9,88.2,D,0
-18.5334,141.3938,318.6,1.5,1.2,2014-11-05,0111,Terra,MODIS,35,6.2,280,17,D,0
-18.4914,141.4139,319.8,1.5,1.2,2014-11-05,0111,Terra,MODIS,45,6.2,288.4,12.4,D,0
-18.4897,141.3996,324.3,1.5,1.2,2014-11-05,0111,Terra,MODIS,69,6.2,289.6,21.6,D,0
-19.4595,132.0571,344.4,1.5,1.2,2014-11-05,0111,Terra,MODIS,76,6.2,305.9,61.1,D,0
-17.9493,140.941,334.8,1.4,1.2,2014-11-05,0111,Terra,MODIS,82,6.2,308.5,21.4,D,0
-17.951,140.954,331.9,1.4,1.2,2014-11-05,0111,Terra,MODIS,68,6.2,308.6,14.3,D,0
-17.9703,140.9382,346.6,1.4,1.2,2014-11-05,0111,Terra,MODIS,92,6.2,308.5,52.3,D,0
-17.972,140.9512,345.6,1.4,1.2,2014-11-05,0111,Terra,MODIS,91,6.2,309,48.2,D,0
-17.9667,140.9461,334.8,1.4,1.2,2014-11-05,0111,Terra,MODIS,78,6.2,309.2,21.4,D,0
-17.9772,140.9446,349.8,1.4,1.2,2014-11-05,0111,Terra,MODIS,94,6.2,307.4,66.6,D,0
-17.9788,140.9577,333.6,1.4,1.2,2014-11-05,0111,Terra,MODIS,71,6.2,308.3,22.2,D,0
-17.9804,140.9708,330.1,1.4,1.2,2014-11-05,0111,Terra,MODIS,60,6.2,308.8,16.7,D,0
-16.8365,131.3023,340.7,2,1.4,2014-11-05,0111,Terra,MODIS,87,6.2,304.2,74.1,D,0
-16.8487,131.3,336.8,2,1.4,2014-11-05,0111,Terra,MODIS,83,6.2,305.2,55.8,D,0
-16.8549,131.3118,329.5,2,1.4,2014-11-05,0111,Terra,MODIS,69,6.2,302.6,25.6,D,0
-19.5397,142.9644,335.5,2,1.4,2014-11-05,0111,Terra,MODIS,85,6.2,303.6,58.6,D,0
-18.0992,141.311,332.6,1.5,1.2,2014-11-05,0111,Terra,MODIS,69,6.2,308.6,19.3,D,0
-18.11,141.3096,333.8,1.5,1.2,2014-11-05,0111,Terra,MODIS,68,6.2,309.7,20.9,D,0
-18.1127,141.3027,333.3,1.5,1.2,2014-11-05,0111,Terra,MODIS,58,6.2,309,19.6,D,0
-18.1235,141.3013,340.5,1.5,1.2,2014-11-05,0111,Terra,MODIS,88,6.2,308.5,41.1,D,0
-18.1343,141.2999,343.9,1.5,1.2,2014-11-05,0111,Terra,MODIS,91,6.2,305.8,52.9,D,0
-17.1163,135.606,354.1,1.1,1,2014-11-05,0111,Terra,MODIS,96,6.2,307.2,60.2,D,0
-17.1178,135.616,342.3,1.1,1,2014-11-05,0111,Terra,MODIS,85,6.2,303.3,33.7,D,0
-18.8854,141.9384,324.3,1.7,1.3,2014-11-05,0111,Terra,MODIS,74,6.2,299.4,19.2,D,0
-17.2839,137.0784,328.4,1,1,2014-11-05,0111,Terra,MODIS,53,6.2,305.4,10.1,D,0
-17.2929,137.077,345.7,1,1,2014-11-05,0111,Terra,MODIS,91,6.2,302.7,36.9,D,0
-17.1357,135.6269,334.1,1.1,1,2014-11-05,0111,Terra,MODIS,69,6.2,297.7,23.8,D,0
-17.1449,135.6254,339,1.1,1,2014-11-05,0111,Terra,MODIS,67,6.2,294.3,31.6,D,0
-18.1412,141.3555,334.4,1.5,1.2,2014-11-05,0111,Terra,MODIS,62,6.2,307.7,22.9,D,0
-18.1429,141.3695,335.9,1.5,1.2,2014-11-05,0111,Terra,MODIS,76,6.2,308.1,28.1,D,0
-18.1537,141.3681,335.2,1.5,1.2,2014-11-05,0111,Terra,MODIS,73,6.2,306.1,28.6,D,0
-19.5522,142.9629,336.2,2,1.4,2014-11-05,0111,Terra,MODIS,86,6.2,299.9,61.7,D,0
-17.457,128.4061,329.6,3.1,1.7,2014-11-05,0111,Terra,MODIS,64,6.2,304.5,55.2,D,0
-18.5009,129.789,345,2.3,1.5,2014-11-05,0111,Terra,MODIS,89,6.2,302.4,123.7,D,0
-18.4918,129.8138,328.3,2.3,1.5,2014-11-05,0111,Terra,MODIS,64,6.2,303.5,31.5,D,0
-18.505,129.811,329.4,2.3,1.5,2014-11-05,0111,Terra,MODIS,67,6.2,302.9,38.1,D,0
-18.4877,129.7917,339.8,2.3,1.5,2014-11-05,0111,Terra,MODIS,84,6.2,302.8,89.4,D,0
-18.2996,129.6509,331.1,2.4,1.5,2014-11-05,0111,Terra,MODIS,71,6.2,305.4,40.2,D,0
-18.3059,129.6567,328.7,2.4,1.5,2014-11-05,0111,Terra,MODIS,53,6.2,305.5,31.4,D,0
-18.3043,129.6028,336.3,2.4,1.5,2014-11-05,0111,Terra,MODIS,61,6.2,309.5,47,D,0
-18.2952,129.6282,349.3,2.4,1.5,2014-11-05,0111,Terra,MODIS,93,6.2,308.2,139.2,D,0
-18.2908,129.6055,336.3,2.4,1.5,2014-11-05,0111,Terra,MODIS,67,6.2,310.1,43.5,D,0
-18.3221,129.623,401.6,2.4,1.5,2014-11-05,0111,Terra,MODIS,100,6.2,307.2,886.6,D,0
-18.3264,129.6456,429.3,2.4,1.5,2014-11-05,0111,Terra,MODIS,100,6.2,313.8,1677.6,D,0
-18.284,129.6139,342.3,2.4,1.5,2014-11-05,0111,Terra,MODIS,80,6.2,310.5,85.6,D,0
-18.3327,129.6514,412.1,2.4,1.5,2014-11-05,0111,Terra,MODIS,100,6.2,309.6,1144.1,D,0
-18.3286,129.6287,371.8,2.4,1.5,2014-11-05,0111,Terra,MODIS,100,6.2,304.3,365.6,D,0
-18.3017,129.634,372.6,2.4,1.5,2014-11-05,0111,Terra,MODIS,100,6.2,310.2,377.8,D,0
-18.3307,129.6681,353.5,2.4,1.5,2014-11-05,0111,Terra,MODIS,96,6.2,305.8,190,D,0
-19.4056,129.7642,330.6,2.3,1.5,2014-11-05,0111,Terra,MODIS,61,6.2,310.9,30.2,D,0
-18.2975,129.6113,346.3,2.4,1.5,2014-11-05,0111,Terra,MODIS,90,6.2,309.9,110.5,D,0
-18.3398,129.6428,350.7,2.4,1.5,2014-11-05,0111,Terra,MODIS,94,6.2,303.3,166,D,0
-18.311,129.6086,363,2.4,1.5,2014-11-05,0111,Terra,MODIS,100,6.2,307.7,253.7,D,0
-18.2772,128.9281,335.1,2.8,1.6,2014-11-05,0111,Terra,MODIS,78,6.2,308.6,70.4,D,0
-18.3152,129.6315,443.9,2.4,1.5,2014-11-05,0111,Terra,MODIS,100,6.2,317,2246.1,D,0
-18.3441,129.6654,329,2.4,1.5,2014-11-05,0111,Terra,MODIS,65,6.2,304.4,36.5,D,0
-18.3193,129.6541,373.3,2.4,1.5,2014-11-05,0111,Terra,MODIS,100,6.2,308.9,395.6,D,0
-18.2883,129.6367,371.9,2.4,1.5,2014-11-05,0111,Terra,MODIS,100,6.2,308,369.2,D,0
-18.3368,129.674,328,2.4,1.5,2014-11-05,0111,Terra,MODIS,54,6.2,304.6,27.7,D,0
-16.9783,126.1151,326.6,4.7,2,2014-11-05,0111,Terra,MODIS,66,6.2,296.7,107.3,D,0
-16.977,126.1102,325.1,4.7,2,2014-11-05,0111,Terra,MODIS,58,6.2,296.6,92.6,D,0
-18.3087,129.6257,417,2.4,1.5,2014-11-05,0111,Terra,MODIS,100,6.2,315.5,1275.7,D,0
-18.313,129.6483,364.4,2.4,1.5,2014-11-05,0111,Terra,MODIS,100,6.2,309.2,290.8,D,0
-20.1431,125.7677,357.6,4.3,1.9,2014-11-05,0112,Terra,MODIS,98,6.2,305.9,504.4,D,0
-22.8462,130.378,329.4,1.7,1.3,2014-11-05,0112,Terra,MODIS,69,6.2,312,20.9,D,0
-20.1348,125.7277,364.6,4.3,1.9,2014-11-05,0112,Terra,MODIS,100,6.2,305.2,676.7,D,0
-20.1444,125.7599,365.2,4.3,1.9,2014-11-05,0112,Terra,MODIS,100,6.2,306.4,680.2,D,0
-20.1359,125.72,351.8,4.3,1.9,2014-11-05,0112,Terra,MODIS,94,6.2,304.9,412,D,0
-19.5308,129.797,333.7,2.2,1.4,2014-11-05,0112,Terra,MODIS,62,6.2,311.3,37.7,D,0
-19.5283,129.7914,331.1,2.2,1.4,2014-11-05,0112,Terra,MODIS,50,6.2,312.1,26,D,0
-22.3178,129.4539,335.1,2.1,1.4,2014-11-05,0112,Terra,MODIS,79,6.2,309.9,55.8,D,0
-22.3215,129.4738,349.8,2.1,1.4,2014-11-05,0112,Terra,MODIS,93,6.2,312.6,127.7,D,0
-22.3252,129.4937,358.5,2.1,1.4,2014-11-05,0112,Terra,MODIS,99,6.2,313.7,188.5,D,0
-22.3289,129.5134,329.8,2.1,1.4,2014-11-05,0112,Terra,MODIS,70,6.2,311.4,33,D,0
-22.3303,129.4511,387.5,2.1,1.4,2014-11-05,0112,Terra,MODIS,100,6.2,315.5,493.4,D,0
-22.334,129.4711,365.1,2.1,1.4,2014-11-05,0112,Terra,MODIS,100,6.2,312.2,238.8,D,0
-22.3377,129.4909,339.5,2.1,1.4,2014-11-05,0112,Terra,MODIS,84,6.2,310,70.8,D,0
-22.3428,129.4484,334,2.1,1.4,2014-11-05,0112,Terra,MODIS,78,6.2,309.2,50.7,D,0
-22.3626,129.4854,333.3,2.1,1.4,2014-11-05,0112,Terra,MODIS,77,6.2,310.4,45.7,D,0
-22.3662,129.5052,345.2,2.1,1.4,2014-11-05,0112,Terra,MODIS,90,6.2,311.5,100.3,D,0
-22.3302,129.444,372.9,2.1,1.4,2014-11-05,0112,Terra,MODIS,100,6.2,313.6,316.7,D,0
-22.334,129.4639,369,2.1,1.4,2014-11-05,0112,Terra,MODIS,100,6.2,313.7,273.8,D,0
-22.3379,129.4837,342.1,2.1,1.4,2014-11-05,0112,Terra,MODIS,87,6.2,310.1,81.2,D,0
-22.3666,129.498,346.7,2.1,1.4,2014-11-05,0112,Terra,MODIS,91,6.2,311.7,110.9,D,0
-20.1007,125.8199,389.2,4.2,1.9,2014-11-05,0112,Terra,MODIS,100,6.2,311.3,1424,D,0
-20.1109,125.8517,331.7,4.2,1.9,2014-11-05,0112,Terra,MODIS,73,6.2,307.1,105.7,D,0
-20.1022,125.8119,380.3,4.2,1.9,2014-11-05,0112,Terra,MODIS,100,6.2,310.3,1106.4,D,0
-20.0838,125.8238,380,4.2,1.9,2014-11-05,0112,Terra,MODIS,100,6.2,309.8,1093.4,D,0
-20.0753,125.7838,400,4.3,1.9,2014-11-05,0112,Terra,MODIS,100,6.2,307.6,1927.7,D,0
-20.0814,125.83,364.4,4.2,1.9,2014-11-05,0112,Terra,MODIS,100,6.2,308.1,654,D,0
-20.0922,125.7798,394.6,4.3,1.9,2014-11-05,0112,Terra,MODIS,100,6.2,306.9,1675.9,D,0
-20.0935,125.7719,367,4.3,1.9,2014-11-05,0112,Terra,MODIS,100,6.2,304.3,740,D,0
-20.0732,125.7899,401.6,4.3,1.9,2014-11-05,0112,Terra,MODIS,100,6.2,308,2014.8,D,0
-24.184,129.2507,339.4,2,1.4,2014-11-05,0113,Terra,MODIS,85,6.2,307.6,68.2,D,0
-24.1877,129.2697,329.7,2,1.4,2014-11-05,0113,Terra,MODIS,71,6.2,309.4,29.6,D,0
-28.6659,142.5564,329.9,2.5,1.5,2014-11-05,0113,Terra,MODIS,68,6.2,310,54.3,D,0
-23.6158,127.5599,344.6,2.7,1.6,2014-11-05,0113,Terra,MODIS,77,6.2,282,180.4,D,0
-28.6736,142.5612,332.4,2.5,1.5,2014-11-05,0113,Terra,MODIS,73,6.2,310.7,66.4,D,0
-28.0849,124.7665,333.3,3.3,1.7,2014-11-05,0114,Terra,MODIS,67,6.2,312.8,95.5,D,0
-29.1689,129.5708,328.6,1.5,1.2,2014-11-05,0114,Terra,MODIS,20,6.2,313.3,17.8,D,0
-29.2071,125.4281,331.1,2.8,1.6,2014-11-05,0114,Terra,MODIS,76,6.2,308.5,76.8,D,0
-28.0482,124.6718,330.9,3.3,1.7,2014-11-05,0114,Terra,MODIS,75,6.2,310.3,86.4,D,0
-28.0351,124.6327,337.9,3.3,1.7,2014-11-05,0114,Terra,MODIS,84,6.2,311.2,145.8,D,0
-29.2752,129.523,340.4,1.5,1.2,2014-11-05,0114,Terra,MODIS,83,6.2,312,49.1,D,0
-29.2724,129.5078,351,1.5,1.2,2014-11-05,0114,Terra,MODIS,94,6.2,308.1,86.6,D,0
-29.2588,129.4951,332.6,1.5,1.2,2014-11-05,0114,Terra,MODIS,72,6.2,304.8,34.5,D,0
-28.1025,124.7888,328.4,3.2,1.7,2014-11-05,0114,Terra,MODIS,66,6.2,309.9,64,D,0
-28.2168,124.9554,342.3,3.1,1.7,2014-11-05,0114,Terra,MODIS,88,6.2,310,175.1,D,0
-28.198,124.9328,334.8,3.2,1.7,2014-11-05,0114,Terra,MODIS,81,6.2,311.8,108.9,D,0
-28.2048,124.9643,325.2,3.1,1.7,2014-11-05,0114,Terra,MODIS,63,6.2,311.2,45.9,D,0
-28.0427,124.6661,331.9,3.3,1.7,2014-11-05,0114,Terra,MODIS,77,6.2,311.3,94.6,D,0
-28.0504,124.6283,333.9,3.3,1.7,2014-11-05,0114,Terra,MODIS,80,6.2,308.6,112.2,D,0
-28.0579,124.6617,325.8,3.3,1.7,2014-11-05,0114,Terra,MODIS,65,6.2,308.9,53,D,0
-29.1992,125.4067,323.6,2.8,1.6,2014-11-05,0114,Terra,MODIS,55,6.2,306.5,40.4,D,0
-28.0408,124.6384,355.2,3.3,1.7,2014-11-05,0114,Terra,MODIS,97,6.2,311.8,341.7,D,0
-28.213,124.9287,368.9,3.2,1.7,2014-11-05,0114,Terra,MODIS,100,6.2,310.4,520.2,D,0
-29.2537,129.5281,344.5,1.5,1.2,2014-11-05,0114,Terra,MODIS,89,6.2,312.6,58.1,D,0
-29.2052,125.4346,330.2,2.8,1.6,2014-11-05,0114,Terra,MODIS,74,6.2,309.5,73.5,D,0
-29.2242,129.5509,335.4,1.5,1.2,2014-11-05,0114,Terra,MODIS,75,6.2,312.2,31.4,D,0
-28.2198,124.9603,331.5,3.1,1.7,2014-11-05,0114,Terra,MODIS,76,6.2,309.2,84.9,D,0
-29.1633,129.5406,333.3,1.5,1.2,2014-11-05,0114,Terra,MODIS,77,6.2,308.8,31.6,D,0
-28.0953,124.7562,345.2,3.3,1.7,2014-11-05,0114,Terra,MODIS,90,6.2,311.6,210.9,D,0
-29.1932,129.5808,331.6,1.5,1.2,2014-11-05,0114,Terra,MODIS,62,6.2,313.4,21.4,D,0
-29.2144,129.5123,327,1.5,1.2,2014-11-05,0114,Terra,MODIS,56,6.2,307.7,19.8,D,0
-29.2185,129.5205,331.9,1.5,1.2,2014-11-05,0114,Terra,MODIS,71,6.2,308.9,29.7,D,0
-28.2097,124.9239,366.5,3.2,1.7,2014-11-05,0114,Terra,MODIS,100,6.2,311.1,481.6,D,0
-29.1661,129.5557,353.1,1.5,1.2,2014-11-05,0114,Terra,MODIS,95,6.2,312.7,94.4,D,0
-28.9281,130.2855,344.5,1.4,1.2,2014-11-05,0114,Terra,MODIS,89,6.2,313.8,56.5,D,0
-28.9256,130.2716,324.6,1.4,1.2,2014-11-05,0114,Terra,MODIS,46,6.2,308.8,10.7,D,0
-28.2264,125.7801,330.6,2.8,1.6,2014-11-05,0114,Terra,MODIS,75,6.2,311.6,60.6,D,0
-28.2204,125.7523,334.6,2.8,1.6,2014-11-05,0114,Terra,MODIS,80,6.2,310.4,87.3,D,0
-18.4686,122.5295,342,4.1,1.9,2014-11-05,0249,Terra,MODIS,91,6.2,302.3,238.3,D,0
-18.4758,122.6075,326.4,4.2,1.9,2014-11-05,0249,Terra,MODIS,79,6.2,302.6,60.9,D,0
-18.4722,122.5684,332.8,4.1,1.9,2014-11-05,0249,Terra,MODIS,85,6.2,303.5,124.5,D,0
-18.465,122.5353,338.4,4.1,1.9,2014-11-05,0249,Terra,MODIS,89,6.2,302.9,189.8,D,0
-18.4688,122.5741,328,4.1,1.9,2014-11-05,0249,Terra,MODIS,81,6.2,303.2,74.3,D,0
-18.4651,122.4907,323.1,4.1,1.9,2014-11-05,0249,Terra,MODIS,63,6.2,300.4,38.9,D,0
-18.4611,122.4966,328.3,4.1,1.9,2014-11-05,0249,Terra,MODIS,81,6.2,300.9,84.5,D,0
-18.9606,122.8144,339.9,4.4,1.9,2014-11-05,0250,Terra,MODIS,90,6.2,305.8,200.8,D,0
-18.8052,122.4719,331.5,4.1,1.9,2014-11-05,0250,Terra,MODIS,72,6.2,302.4,110.1,D,0
-18.8018,122.4334,327.7,4.1,1.9,2014-11-05,0250,Terra,MODIS,64,6.2,301,79.7,D,0
-18.7883,122.4737,329.3,4.1,1.9,2014-11-05,0250,Terra,MODIS,50,6.2,302.1,82.4,D,0
-18.7713,122.4756,334.4,4.1,1.9,2014-11-05,0250,Terra,MODIS,49,6.2,302.9,123.4,D,0
-18.7679,122.4369,355.9,4.1,1.9,2014-11-05,0250,Terra,MODIS,92,6.2,297.4,450.4,D,0
-18.7645,122.3983,352.5,4.1,1.9,2014-11-05,0250,Terra,MODIS,91,6.2,299.9,403.7,D,0
-18.7476,122.3998,399.1,4.1,1.9,2014-11-05,0250,Terra,MODIS,87,6.2,298.9,1772.4,D,0
-18.8016,122.4774,335.7,4.1,1.9,2014-11-05,0250,Terra,MODIS,87,6.2,302.5,153.4,D,0
-18.7979,122.4389,340.6,4.1,1.9,2014-11-05,0250,Terra,MODIS,90,6.2,301.2,218.3,D,0
-18.7641,122.4423,360.5,4.1,1.9,2014-11-05,0250,Terra,MODIS,94,6.2,294,543.9,D,0
-18.7604,122.4037,394,4.1,1.9,2014-11-05,0250,Terra,MODIS,94,6.2,300.2,1554,D,0
-18.7435,122.4052,387,4.1,1.9,2014-11-05,0250,Terra,MODIS,87,6.2,292.6,1286.5,D,0
-19.2623,123.199,325.5,4.7,2,2014-11-05,0250,Terra,MODIS,59,6.2,303.4,65.5,D,0
-19.2066,123.1654,343,4.7,2,2014-11-05,0250,Terra,MODIS,92,6.2,303.5,278.5,D,0
-19.2029,123.1212,371.5,4.6,2,2014-11-05,0250,Terra,MODIS,100,6.2,303.7,956.5,D,0
-19.2075,123.1704,335.3,4.7,2,2014-11-05,0250,Terra,MODIS,85,6.2,303.3,159.9,D,0
-19.2035,123.1262,376.2,4.6,2,2014-11-05,0250,Terra,MODIS,100,6.2,304.1,1107.3,D,0
-18.9515,122.4854,331,4.1,1.9,2014-11-05,0250,Terra,MODIS,84,6.2,303.8,102.4,D,0
-18.8264,122.9232,328.4,4.4,1.9,2014-11-05,0250,Terra,MODIS,68,6.2,305.9,70.4,D,0
-18.8304,122.9658,327.3,4.5,1.9,2014-11-05,0250,Terra,MODIS,66,6.2,305.6,65.7,D,0
-18.8361,122.8386,337.2,4.4,1.9,2014-11-05,0250,Terra,MODIS,88,6.2,306.9,153.4,D,0
-18.84,122.8798,334.1,4.4,1.9,2014-11-05,0250,Terra,MODIS,86,6.2,307.1,118.6,D,0
-18.8535,122.8368,330.7,4.4,1.9,2014-11-05,0250,Terra,MODIS,68,6.2,305.4,77,D,0
-18.8309,122.9607,327.7,4.5,1.9,2014-11-05,0250,Terra,MODIS,67,6.2,305.9,70.2,D,0
-18.8375,122.8334,333.1,4.4,1.9,2014-11-05,0250,Terra,MODIS,79,6.2,306.5,106.9,D,0
-18.8411,122.8746,333.3,4.4,1.9,2014-11-05,0250,Terra,MODIS,83,6.2,307,108.4,D,0
-18.9348,122.5315,330.5,4.2,1.9,2014-11-05,0250,Terra,MODIS,83,6.2,307,98.7,D,0
-18.9483,122.4909,341.3,4.1,1.9,2014-11-05,0250,Terra,MODIS,91,6.2,304.4,222.4,D,0
-18.9519,122.53,349,4.2,1.9,2014-11-05,0250,Terra,MODIS,95,6.2,305.7,340.7,D,0
-18.9378,122.5262,339.2,4.2,1.9,2014-11-05,0250,Terra,MODIS,89,6.2,307.6,198.3,D,0
-18.9549,122.5246,343,4.2,1.9,2014-11-05,0250,Terra,MODIS,92,6.2,304.9,249.4,D,0
-18.8549,122.8316,329.5,4.4,1.9,2014-11-05,0250,Terra,MODIS,32,6.2,305.4,65.2,D,0
-19.2642,123.2056,336.5,4.7,2,2014-11-05,0250,Terra,MODIS,88,6.2,303.5,196.2,D,0
-19.266,123.2442,365.3,4.7,2,2014-11-05,0250,Terra,MODIS,100,6.2,305.5,816,D,0
-21.9312,121.4592,330.9,3.8,1.8,2014-11-05,0250,Terra,MODIS,56,6.2,308.3,71.6,D,0
-21.9148,121.4608,333.7,3.8,1.8,2014-11-05,0250,Terra,MODIS,69,6.2,311.2,95.6,D,0
-21.9249,121.4654,338.1,3.8,1.8,2014-11-05,0250,Terra,MODIS,79,6.2,309.8,141.3,D,0
-19.1678,123.129,335.3,4.6,2,2014-11-05,0250,Terra,MODIS,86,6.2,305.8,155.5,D,0
-19.1857,123.1275,362.3,4.6,2,2014-11-05,0250,Terra,MODIS,100,6.2,304.2,680.4,D,0
-19.1975,123.2616,331.6,4.7,2,2014-11-05,0250,Terra,MODIS,73,6.2,305.6,108.4,D,0
-19.1671,123.124,332.3,4.6,2,2014-11-05,0250,Terra,MODIS,63,6.2,305.7,116.5,D,0
-19.185,123.1226,367.5,4.6,2,2014-11-05,0250,Terra,MODIS,100,6.2,304.3,825.3,D,0
-19.1961,123.2568,332,4.7,2,2014-11-05,0250,Terra,MODIS,75,6.2,305.8,106.2,D,0
-19.2682,123.2507,371.2,4.7,2,2014-11-05,0250,Terra,MODIS,100,6.2,305.1,986.3,D,0
-18.4993,122.6381,328.6,4.2,1.9,2014-11-05,0250,Terra,MODIS,43,6.2,304.3,68.3,D,0
-19.1639,123.0847,338.4,4.6,2,2014-11-05,0250,Terra,MODIS,89,6.2,303.5,217,D,0
-18.9742,122.7716,326.5,4.3,1.9,2014-11-05,0250,Terra,MODIS,41,6.2,302,57.3,D,0
-18.9643,122.8559,345.8,4.4,1.9,2014-11-05,0250,Terra,MODIS,93,6.2,307,281.5,D,0
-18.9681,122.8984,354.3,4.4,1.9,2014-11-05,0250,Terra,MODIS,97,6.2,306.3,447,D,0
-18.972,122.9409,335.3,4.5,1.9,2014-11-05,0250,Terra,MODIS,84,6.2,305.1,146.6,D,0
-18.978,122.8127,350.5,4.4,1.9,2014-11-05,0250,Terra,MODIS,95,6.2,303.4,378.8,D,0
-18.9618,122.8093,344.1,4.4,1.9,2014-11-05,0250,Terra,MODIS,92,6.2,305.4,272.5,D,0
-18.9828,122.8494,365.2,4.4,1.9,2014-11-05,0250,Terra,MODIS,100,6.2,304.4,699.9,D,0
-18.9818,122.8545,370.3,4.4,1.9,2014-11-05,0250,Terra,MODIS,100,6.2,304.5,833.7,D,0
-18.8801,122.4969,342.7,4.1,1.9,2014-11-05,0250,Terra,MODIS,91,6.2,304.8,236,D,0
-18.8766,122.4579,339.8,4.1,1.9,2014-11-05,0250,Terra,MODIS,90,6.2,304.1,201.2,D,0
-18.863,122.4986,332.1,4.1,1.9,2014-11-05,0250,Terra,MODIS,80,6.2,305.3,113.6,D,0
-18.8769,122.5044,338.9,4.1,1.9,2014-11-05,0250,Terra,MODIS,89,6.2,305.3,186.5,D,0
-18.8732,122.4654,346.1,4.1,1.9,2014-11-05,0250,Terra,MODIS,93,6.2,304.6,288.2,D,0
-18.8599,122.506,330.4,4.1,1.9,2014-11-05,0250,Terra,MODIS,75,6.2,305.2,94.3,D,0
-19.1778,123.0395,340,4.6,2,2014-11-05,0250,Terra,MODIS,90,6.2,300.2,249.2,D,0
-19.1817,123.0833,363,4.6,2,2014-11-05,0250,Terra,MODIS,100,6.2,302.4,713.8,D,0
-19.1385,122.9997,328.8,4.5,2,2014-11-05,0250,Terra,MODIS,73,6.2,301.9,98.2,D,0
-19.1348,122.9571,353.7,4.5,2,2014-11-05,0250,Terra,MODIS,97,6.2,303,480.3,D,0
-19.1311,122.9144,342.1,4.5,1.9,2014-11-05,0250,Terra,MODIS,91,6.2,302.3,274.9,D,0
-19.1347,122.9644,351.5,4.5,2,2014-11-05,0250,Terra,MODIS,96,6.2,302.9,433,D,0
-19.1307,122.9218,350.1,4.5,1.9,2014-11-05,0250,Terra,MODIS,95,6.2,302.6,407.1,D,0
-18.9863,122.8916,326.6,4.4,1.9,2014-11-05,0250,Terra,MODIS,71,6.2,303.2,53.3,D,0
-18.9857,122.8967,327.7,4.4,1.9,2014-11-05,0250,Terra,MODIS,56,6.2,303.1,58.9,D,0
-18.9653,122.8509,357.5,4.4,1.9,2014-11-05,0250,Terra,MODIS,98,6.2,307.3,511.9,D,0
-18.9688,122.8933,353.9,4.4,1.9,2014-11-05,0250,Terra,MODIS,97,6.2,306,446.2,D,0
-18.9724,122.936,337.1,4.5,1.9,2014-11-05,0250,Terra,MODIS,88,6.2,305.2,176.4,D,0
-18.9792,122.8076,340.3,4.4,1.9,2014-11-05,0250,Terra,MODIS,90,6.2,303,221,D,0
-19.1635,123.0797,335.5,4.6,2,2014-11-05,0250,Terra,MODIS,87,6.2,303,188.7,D,0
-19.1777,123.0345,336.1,4.6,2,2014-11-05,0250,Terra,MODIS,87,6.2,300,197.7,D,0
-19.1813,123.0782,358.9,4.6,2,2014-11-05,0250,Terra,MODIS,99,6.2,302,616.5,D,0
-18.8284,122.7568,346.7,4.3,1.9,2014-11-05,0250,Terra,MODIS,94,6.2,302.8,312.5,D,0
-18.8323,122.7976,339.9,4.3,1.9,2014-11-05,0250,Terra,MODIS,90,6.2,305.8,203.7,D,0
-18.8457,122.7552,332.7,4.3,1.9,2014-11-05,0250,Terra,MODIS,81,6.2,300.2,124.5,D,0
-18.8496,122.796,334.5,4.3,1.9,2014-11-05,0250,Terra,MODIS,77,6.2,303,137.7,D,0
-18.8302,122.7516,345,4.3,1.9,2014-11-05,0250,Terra,MODIS,93,6.2,301.9,281.4,D,0
-18.8338,122.7924,344.5,4.3,1.9,2014-11-05,0250,Terra,MODIS,92,6.2,305.2,271.7,D,0
-22.1184,121.6235,343.6,3.9,1.8,2014-11-05,0251,Terra,MODIS,86,6.2,310.7,218.3,D,0
-22.1236,121.618,349.1,3.9,1.8,2014-11-05,0251,Terra,MODIS,91,6.2,310.1,301.8,D,0
-22.1267,121.6561,332.3,3.9,1.8,2014-11-05,0251,Terra,MODIS,56,6.2,311.2,85.8,D,0
-22.1351,121.6219,341.7,3.9,1.8,2014-11-05,0251,Terra,MODIS,83,6.2,308.2,201,D,0
-22.1217,121.6615,334,3.9,1.8,2014-11-05,0251,Terra,MODIS,49,6.2,310.9,95.9,D,0
-22.11,121.6577,330.7,3.9,1.8,2014-11-05,0251,Terra,MODIS,46,6.2,310,67.8,D,0
-25.2158,121.5805,332.3,4.2,1.9,2014-11-05,0251,Terra,MODIS,54,6.2,310.5,56.1,D,0
-24.9189,121.6644,327.9,4.2,1.9,2014-11-05,0251,Terra,MODIS,36,6.2,308.7,61.5,D,0
-24.9047,121.708,343.9,4.3,1.9,2014-11-05,0251,Terra,MODIS,87,6.2,308.8,243.1,D,0
-24.8904,121.7522,369,4.3,1.9,2014-11-05,0251,Terra,MODIS,100,6.2,311.8,746.9,D,0
-24.8874,121.7096,341.7,4.3,1.9,2014-11-05,0251,Terra,MODIS,84,6.2,311.5,204.1,D,0
-24.917,121.6716,332.3,4.2,1.9,2014-11-05,0251,Terra,MODIS,68,6.2,308.7,108.1,D,0
-24.9062,121.7578,331.6,4.3,1.9,2014-11-05,0251,Terra,MODIS,48,6.2,307,83.3,D,0
-24.903,121.7152,344.2,4.3,1.9,2014-11-05,0251,Terra,MODIS,87,6.2,308.8,250.8,D,0
-24.8889,121.7593,364.3,4.3,1.9,2014-11-05,0251,Terra,MODIS,100,6.2,311.9,632.7,D,0
-24.8857,121.7166,348.2,4.3,1.9,2014-11-05,0251,Terra,MODIS,91,6.2,311.8,310.4,D,0
-25.218,121.5735,331.7,4.2,1.9,2014-11-05,0251,Terra,MODIS,39,6.2,310.3,50.5,D,0
-34.1974,115.9928,333.1,2.2,1.4,2014-11-05,0254,Terra,MODIS,87,6.2,296.9,96.2,D,0
-34.2105,115.9909,330.6,2.2,1.4,2014-11-05,0254,Terra,MODIS,85,6.2,295.9,86.2,D,0
-37.9085,145.2375,309.1,1.9,1.3,2014-11-05,0352,Aqua,MODIS,51,6.2,294.8,10,D,0
-37.4292,144.4901,313.1,2,1.4,2014-11-05,0352,Aqua,MODIS,69,6.2,287.9,31.2,D,0
-37.4419,144.4914,318.3,2,1.4,2014-11-05,0352,Aqua,MODIS,78,6.2,289.5,44.8,D,0
-37.6504,144.9453,312,1.9,1.4,2014-11-05,0352,Aqua,MODIS,37,6.2,296.6,11.4,D,0
-33.5842,148.9421,355.8,1.1,1,2014-11-05,0353,Aqua,MODIS,98,6.2,298.8,75.8,D,0
-33.5857,148.9304,350.5,1.1,1,2014-11-05,0353,Aqua,MODIS,95,6.2,298.5,63.3,D,0
-33.5748,148.9402,339.4,1.1,1,2014-11-05,0353,Aqua,MODIS,88,6.2,298.2,38.7,D,0
-33.5763,148.9285,347.2,1.1,1,2014-11-05,0353,Aqua,MODIS,93,6.2,297.9,55.2,D,0
-29.0931,152.0269,321.3,1.1,1,2014-11-05,0354,Aqua,MODIS,50,6.2,301.6,11,D,0
-28.6716,142.5636,342.4,2.1,1.4,2014-11-05,0355,Aqua,MODIS,85,6.2,313.7,91.4,D,0
-28.6608,142.5401,331.9,2.1,1.4,2014-11-05,0355,Aqua,MODIS,62,6.2,311.1,41,D,0
-25.9826,150.3507,337.7,1,1,2014-11-05,0355,Aqua,MODIS,80,6.2,313,24.9,D,0
-28.8058,142.5019,329.8,2.2,1.4,2014-11-05,0355,Aqua,MODIS,56,6.2,317,24.4,D,0
-28.6649,142.4958,335.1,2.2,1.4,2014-11-05,0355,Aqua,MODIS,73,6.2,314.2,53.8,D,0
-28.6887,142.5211,337.2,2.1,1.4,2014-11-05,0355,Aqua,MODIS,77,6.2,315.3,60.3,D,0
-25.4947,150.4091,327.7,1.1,1,2014-11-05,0355,Aqua,MODIS,60,6.2,311.7,9.6,D,0
-25.4779,150.3951,337.6,1.1,1,2014-11-05,0355,Aqua,MODIS,82,6.2,313.6,22.9,D,0
-25.4979,150.3882,336,1.1,1,2014-11-05,0355,Aqua,MODIS,80,6.2,312.2,21.2,D,0
-25.4795,150.3847,344.4,1.1,1,2014-11-05,0355,Aqua,MODIS,89,6.2,311,35.8,D,0
-28.6907,142.4989,351.9,2.2,1.4,2014-11-05,0355,Aqua,MODIS,94,6.2,316.2,143.3,D,0
-23.3627,150.1408,327,1.1,1,2014-11-05,0356,Aqua,MODIS,62,6.2,299.1,16.8,D,0
-23.3517,150.1496,325.5,1.1,1,2014-11-05,0356,Aqua,MODIS,51,6.2,299.9,15.1,D,0
-23.3534,150.1391,337.8,1.1,1,2014-11-05,0356,Aqua,MODIS,83,6.2,303.4,33.1,D,0
-23.3598,147.8389,333.8,1,1,2014-11-05,0356,Aqua,MODIS,64,6.2,305,20.1,D,0
-23.3255,147.8277,332.4,1,1,2014-11-05,0356,Aqua,MODIS,46,6.2,308.1,15,D,0
-22.1723,149.4896,320.6,1,1,2014-11-05,0356,Aqua,MODIS,55,6.2,304.3,8.3,D,0
-22.631,146.6606,336.5,1.1,1,2014-11-05,0356,Aqua,MODIS,68,6.2,306.9,19.6,D,0
-22.6402,146.662,405.6,1.1,1,2014-11-05,0356,Aqua,MODIS,100,6.2,315.2,291.2,D,0
-22.4815,149.5072,322.2,1,1,2014-11-05,0356,Aqua,MODIS,60,6.2,304.9,8.4,D,0
-24.1294,149.0766,334.2,1,1,2014-11-05,0356,Aqua,MODIS,81,6.2,304,23.3,D,0
-22.7181,148.4715,355.7,1,1,2014-11-05,0356,Aqua,MODIS,97,6.2,311.4,61.9,D,0
-22.7195,148.4618,350.5,1,1,2014-11-05,0356,Aqua,MODIS,94,6.2,306.2,50.6,D,0
-22.7091,148.47,348,1,1,2014-11-05,0356,Aqua,MODIS,92,6.2,308.3,44.8,D,0
-18.7372,141.5285,336.9,1.9,1.3,2014-11-05,0357,Aqua,MODIS,84,6.2,298.9,57.8,D,0
-20.3976,148.6089,326.2,1,1,2014-11-05,0357,Aqua,MODIS,77,6.2,287.7,18.2,D,0
-18.2277,145.9742,318.2,1,1,2014-11-05,0357,Aqua,MODIS,35,6.2,288.2,10.8,D,0
-18.5957,146.1046,315.6,1,1,2014-11-05,0357,Aqua,MODIS,19,6.2,294.7,7.5,D,0
-18.2369,145.9756,327.5,1,1,2014-11-05,0357,Aqua,MODIS,56,6.2,289.1,20.7,D,0
-15.2197,145.0082,338.6,1.1,1,2014-11-05,0358,Aqua,MODIS,86,6.2,304.5,30.2,D,0
-15.2183,145.018,325.5,1.1,1,2014-11-05,0358,Aqua,MODIS,31,6.2,303.5,10.8,D,0
-14.9344,145.0762,332.2,1,1,2014-11-05,0358,Aqua,MODIS,74,6.2,299.1,23.5,D,0
-15.3433,145.2495,328.1,1,1,2014-11-05,0358,Aqua,MODIS,40,6.2,296.3,17.3,D,0
-14.9358,145.0665,328.3,1,1,2014-11-05,0358,Aqua,MODIS,66,6.2,298.5,19.4,D,0
-14.9253,145.0748,323.1,1,1,2014-11-05,0358,Aqua,MODIS,47,6.2,298,13.1,D,0
-14.9266,145.0651,320,1,1,2014-11-05,0358,Aqua,MODIS,47,6.2,297.9,11.3,D,0
-14.6402,144.679,328.2,1.1,1,2014-11-05,0358,Aqua,MODIS,71,6.2,305.6,10.3,D,0
-15.2302,144.9998,326.3,1.1,1,2014-11-05,0358,Aqua,MODIS,56,6.2,301.5,12.1,D,0
-14.9423,145.087,328,1,1,2014-11-05,0358,Aqua,MODIS,54,6.2,301.1,15.6,D,0
-15.3341,145.2483,323.9,1,1,2014-11-05,0358,Aqua,MODIS,40,6.2,298.2,12.9,D,0
-15.2394,145.0012,328.2,1.1,1,2014-11-05,0358,Aqua,MODIS,68,6.2,299.9,17.2,D,0
-15.2289,145.0096,334.5,1.1,1,2014-11-05,0358,Aqua,MODIS,82,6.2,304.9,24.1,D,0
-15.0478,145.0596,386.2,1,1,2014-11-05,0358,Aqua,MODIS,100,6.2,302.3,183.4,D,0
-15.0491,145.0499,341.6,1,1,2014-11-05,0358,Aqua,MODIS,88,6.2,296.6,40.1,D,0
-14.9751,144.3142,336.7,1.1,1.1,2014-11-05,0358,Aqua,MODIS,61,6.2,297,27.7,D,0
-14.9643,144.3232,360.7,1.1,1.1,2014-11-05,0358,Aqua,MODIS,100,6.2,297.8,84.2,D,0
-14.7303,144.4849,329.3,1.1,1,2014-11-05,0358,Aqua,MODIS,68,6.2,297.6,16.5,D,0
-14.9737,144.3245,359.7,1.1,1.1,2014-11-05,0358,Aqua,MODIS,99,6.2,299.7,82.2,D,0
-17.955,140.9466,332.4,2,1.4,2014-11-05,0358,Aqua,MODIS,77,6.2,303.9,42.4,D,0
-14.7209,144.4835,340.1,1.1,1,2014-11-05,0358,Aqua,MODIS,87,6.2,300.3,32.8,D,0
-14.7196,144.4936,328.8,1.1,1,2014-11-05,0358,Aqua,MODIS,69,6.2,297.7,15.3,D,0
-14.7141,144.4862,335.1,1.1,1,2014-11-05,0358,Aqua,MODIS,87,6.2,300.4,24.8,D,0
-14.7062,144.4748,344.4,1.1,1,2014-11-05,0358,Aqua,MODIS,92,6.2,303.1,43,D,0
-15.0202,145.0557,330.7,1,1,2014-11-05,0358,Aqua,MODIS,75,6.2,296.8,20.8,D,0
-15.1585,145.1902,327.6,1,1,2014-11-05,0358,Aqua,MODIS,71,6.2,298.9,17.2,D,0
-15.1571,145.1997,324.1,1,1,2014-11-05,0358,Aqua,MODIS,56,6.2,300,13.2,D,0
-15.0386,145.0583,339.7,1,1,2014-11-05,0358,Aqua,MODIS,87,6.2,297.7,35.2,D,0
-14.6416,144.6691,327.9,1.1,1,2014-11-05,0358,Aqua,MODIS,61,6.2,305.4,10,D,0
-14.6536,144.6507,335.4,1.1,1,2014-11-05,0358,Aqua,MODIS,78,6.2,301.2,25.3,D,0
-14.6508,144.6705,338.7,1.1,1,2014-11-05,0358,Aqua,MODIS,89,6.2,304.3,28.3,D,0
-14.9634,145.0015,322.7,1.1,1,2014-11-05,0358,Aqua,MODIS,49,6.2,300.3,11.6,D,0
-14.6522,144.6606,349.6,1.1,1,2014-11-05,0358,Aqua,MODIS,95,6.2,304.4,51.8,D,0
-18.4977,141.4027,332.5,1.9,1.3,2014-11-05,0358,Aqua,MODIS,56,6.2,299.1,41.3,D,0
-18.4896,141.4068,332,1.9,1.3,2014-11-05,0358,Aqua,MODIS,45,6.2,300.5,38.3,D,0
-15.0465,145.0693,366.8,1,1,2014-11-05,0358,Aqua,MODIS,100,6.2,301.1,102.6,D,0
-15.0189,145.0655,322,1,1,2014-11-05,0358,Aqua,MODIS,23,6.2,296.5,9.3,D,0
-15.0373,145.068,330,1,1,2014-11-05,0358,Aqua,MODIS,77,6.2,298,18.3,D,0
-14.3531,141.6984,347.6,1.6,1.2,2014-11-05,0359,Aqua,MODIS,82,6.2,292.5,82.3,D,0
-14.342,141.6969,331.8,1.6,1.2,2014-11-05,0359,Aqua,MODIS,66,6.2,292.8,29.7,D,0
-11.0922,142.4091,339.7,1.3,1.1,2014-11-05,0359,Aqua,MODIS,90,6.2,304.9,42.2,D,0
-11.0745,142.4654,361.1,1.3,1.1,2014-11-05,0359,Aqua,MODIS,100,6.2,299,110,D,0
-12.7881,142.3763,333.6,1.3,1.1,2014-11-05,0359,Aqua,MODIS,79,6.2,304.4,25.8,D,0
-11.4877,142.5006,326.4,1.3,1.1,2014-11-05,0359,Aqua,MODIS,60,6.2,304.1,17.2,D,0
-12.9062,143.325,327.7,1.2,1.1,2014-11-05,0359,Aqua,MODIS,42,6.2,303.4,17.4,D,0
-12.7794,142.3626,337.3,1.3,1.1,2014-11-05,0359,Aqua,MODIS,83,6.2,303.3,34.2,D,0
-12.7811,142.3503,339.8,1.3,1.1,2014-11-05,0359,Aqua,MODIS,86,6.2,304.7,40.3,D,0
-12.7523,142.4087,335.5,1.3,1.1,2014-11-05,0359,Aqua,MODIS,81,6.2,302.7,32.1,D,0
-13.2188,142.4286,332.5,1.3,1.1,2014-11-05,0359,Aqua,MODIS,62,6.2,307.7,18.6,D,0
-11.0937,142.3975,329,1.3,1.1,2014-11-05,0359,Aqua,MODIS,81,6.2,303.5,19.7,D,0
-12.7302,142.4181,326.9,1.3,1.1,2014-11-05,0359,Aqua,MODIS,56,6.2,301.5,14.1,D,0
-14.502,141.9608,329.6,1.5,1.2,2014-11-05,0359,Aqua,MODIS,68,6.2,298.4,20.7,D,0
-14.4168,141.83,327,1.5,1.2,2014-11-05,0359,Aqua,MODIS,66,6.2,296.8,14.1,D,0
-11.0799,142.5009,346.6,1.3,1.1,2014-11-05,0359,Aqua,MODIS,93,6.2,298,61.2,D,0
-11.0729,142.4768,372.1,1.3,1.1,2014-11-05,0359,Aqua,MODIS,100,6.2,302.5,157.8,D,0
-13.8088,141.6628,327.7,1.5,1.2,2014-11-05,0359,Aqua,MODIS,81,6.2,295.1,23.9,D,0
-11.6322,142.4851,331.6,1.3,1.1,2014-11-05,0359,Aqua,MODIS,83,6.2,304.4,24,D,0
-12.8882,143.3114,334,1.2,1.1,2014-11-05,0359,Aqua,MODIS,66,6.2,306.6,27.7,D,0
-11.6353,142.4619,336.9,1.3,1.1,2014-11-05,0359,Aqua,MODIS,88,6.2,305.9,33.6,D,0
-11.0714,142.4882,321.6,1.3,1.1,2014-11-05,0359,Aqua,MODIS,66,6.2,298.7,11.3,D,0
-13.8102,141.6697,330,1.5,1.2,2014-11-05,0359,Aqua,MODIS,75,6.2,294.9,27.7,D,0
-12.8925,143.2789,336.3,1.2,1.1,2014-11-05,0359,Aqua,MODIS,67,6.2,303.4,35.1,D,0
-13.8119,141.6555,331.5,1.5,1.2,2014-11-05,0359,Aqua,MODIS,84,6.2,293.4,33.9,D,0
-11.4861,142.512,331.6,1.3,1.1,2014-11-05,0359,Aqua,MODIS,84,6.2,301,27.3,D,0
-11.6337,142.4735,331.2,1.3,1.1,2014-11-05,0359,Aqua,MODIS,82,6.2,305.1,22.5,D,0
-11.079,142.4309,320.7,1.3,1.1,2014-11-05,0359,Aqua,MODIS,64,6.2,297.7,11.3,D,0
-13.8322,141.6727,329.7,1.5,1.2,2014-11-05,0359,Aqua,MODIS,75,6.2,296,30,D,0
-13.8304,141.6869,330.9,1.5,1.2,2014-11-05,0359,Aqua,MODIS,68,6.2,296.5,34.9,D,0
-13.834,141.6584,318.3,1.5,1.2,2014-11-05,0359,Aqua,MODIS,31,6.2,293.3,8,D,0
-12.8159,142.3868,338.9,1.3,1.1,2014-11-05,0359,Aqua,MODIS,85,6.2,305.1,37.9,D,0
-14.5044,141.9677,330.8,1.5,1.2,2014-11-05,0359,Aqua,MODIS,77,6.2,298.5,23.3,D,0
-12.9486,143.4683,335.6,1.2,1.1,2014-11-05,0359,Aqua,MODIS,81,6.2,304.3,34.2,D,0
-14.5153,141.9692,331.7,1.5,1.2,2014-11-05,0359,Aqua,MODIS,78,6.2,295,24.8,D,0
-12.8421,142.8082,335.5,1.3,1.1,2014-11-05,0359,Aqua,MODIS,81,6.2,305.7,28.1,D,0
-14.3328,144.519,324.2,1.1,1,2014-11-05,0359,Aqua,MODIS,77,6.2,301.7,13.7,D,0
-10.9284,142.3391,353.7,1.3,1.1,2014-11-05,0400,Aqua,MODIS,97,6.2,297.7,84.4,D,0
-33.4196,116.3396,320,3.1,1.7,2014-11-05,0532,Aqua,MODIS,40,6.2,303.8,51,D,0
-34.2898,116.2998,346.7,3.1,1.7,2014-11-05,0532,Aqua,MODIS,93,6.2,291.9,281.5,D,0
-34.2878,116.2694,315.7,3.2,1.7,2014-11-05,0532,Aqua,MODIS,62,6.2,291.5,62.3,D,0
-34.2857,116.3043,341,3.1,1.7,2014-11-05,0532,Aqua,MODIS,90,6.2,291.7,227.5,D,0
-33.4174,116.373,331.2,3,1.7,2014-11-05,0532,Aqua,MODIS,78,6.2,301.8,115.3,D,0
-33.4049,116.3675,327.2,3,1.7,2014-11-05,0532,Aqua,MODIS,68,6.2,302.5,84.2,D,0
-35.017,117.0243,323.2,2.9,1.6,2014-11-05,0532,Aqua,MODIS,0,6.2,291,92.8,D,0
-35.0039,116.9833,330.2,2.9,1.6,2014-11-05,0532,Aqua,MODIS,0,6.2,294.5,131.5,D,0
-35.0165,117.0168,331.5,2.9,1.6,2014-11-05,0532,Aqua,MODIS,0,6.2,292.3,138.5,D,0
-35.0017,117.0153,332.9,2.9,1.6,2014-11-05,0532,Aqua,MODIS,74,6.2,289.9,146.5,D,0
-29.2217,125.4486,341.3,1,1,2014-11-05,0533,Aqua,MODIS,52,6.2,314.4,17.5,D,0
-29.2187,125.4692,334.6,1,1,2014-11-05,0533,Aqua,MODIS,20,6.2,320.1,7.8,D,0
-29.2172,125.416,388.4,1,1,2014-11-05,0533,Aqua,MODIS,100,6.2,331.7,165.6,D,0
-29.2187,125.4057,339.8,1,1,2014-11-05,0533,Aqua,MODIS,79,6.2,320.2,19.3,D,0
-28.9287,130.2871,329.9,1.6,1.2,2014-11-05,0533,Aqua,MODIS,18,6.2,316.2,16.5,D,0
-28.9398,130.2899,338,1.6,1.2,2014-11-05,0533,Aqua,MODIS,76,6.2,316.4,36.9,D,0
-29.2082,125.4142,351.1,1,1,2014-11-05,0533,Aqua,MODIS,90,6.2,323.3,36.6,D,0
-29.2097,125.4039,352.2,1,1,2014-11-05,0533,Aqua,MODIS,94,6.2,322,41.9,D,0
-29.1947,125.4434,341,1,1,2014-11-05,0533,Aqua,MODIS,39,6.2,321,15.9,D,0
-29.167,129.5508,335.6,1.4,1.2,2014-11-05,0533,Aqua,MODIS,60,6.2,315.7,27.4,D,0
-29.1857,125.4416,340.5,1,1,2014-11-05,0533,Aqua,MODIS,40,6.2,321,16.3,D,0
-29.2618,129.5338,353.4,1.4,1.2,2014-11-05,0533,Aqua,MODIS,95,6.2,313.9,79.7,D,0
-29.2644,129.5193,349.5,1.4,1.2,2014-11-05,0533,Aqua,MODIS,91,6.2,313.6,66.4,D,0
-29.259,129.488,345.8,1.4,1.2,2014-11-05,0533,Aqua,MODIS,87,6.2,309.9,57.9,D,0
-29.233,129.5723,340.4,1.4,1.2,2014-11-05,0533,Aqua,MODIS,80,6.2,319.4,32.8,D,0
-29.2172,125.4795,333.8,1,1,2014-11-05,0533,Aqua,MODIS,54,6.2,320.5,7.4,D,0
-28.9317,130.271,334.8,1.6,1.2,2014-11-05,0533,Aqua,MODIS,69,6.2,315.9,29.4,D,0
-29.2145,129.6136,340.7,1.4,1.2,2014-11-05,0533,Aqua,MODIS,81,6.2,320.5,33.9,D,0
-29.2142,125.4365,365.1,1,1,2014-11-05,0533,Aqua,MODIS,100,6.2,319.9,73,D,0
-29.2157,125.4263,411.5,1,1,2014-11-05,0533,Aqua,MODIS,100,6.2,330.5,301,D,0
-29.2262,125.4177,373.5,1,1,2014-11-05,0533,Aqua,MODIS,100,6.2,320.6,102,D,0
-29.2247,125.428,354.8,1,1,2014-11-05,0533,Aqua,MODIS,90,6.2,310.1,45,D,0
-29.2232,125.4383,338.5,1,1,2014-11-05,0533,Aqua,MODIS,32,6.2,310.8,14.8,D,0
-30.95,119.3178,341.3,1.8,1.3,2014-11-05,0533,Aqua,MODIS,84,6.2,323.6,54.6,D,0
-28.2248,125.7771,345.5,1,1,2014-11-05,0533,Aqua,MODIS,59,6.2,324.9,24.5,D,0
-28.2279,125.7564,350,1,1,2014-11-05,0533,Aqua,MODIS,61,6.2,323.5,35.4,D,0
-28.2188,125.7546,345.6,1,1,2014-11-05,0533,Aqua,MODIS,52,6.2,326.1,24.3,D,0
-28.2124,124.9898,382.9,1,1,2014-11-05,0534,Aqua,MODIS,100,6.2,327.1,139,D,0
-28.2214,124.9915,342.1,1,1,2014-11-05,0534,Aqua,MODIS,72,6.2,319,22.4,D,0
-28.2139,124.9796,364.6,1,1,2014-11-05,0534,Aqua,MODIS,100,6.2,329.1,70.5,D,0
-28.2229,124.9813,373.1,1,1,2014-11-05,0534,Aqua,MODIS,100,6.2,323.6,101.6,D,0
-24.9216,125.6905,344.4,1.1,1,2014-11-05,0534,Aqua,MODIS,77,6.2,315.8,32.6,D,0
-28.2152,124.9067,336.4,1,1,2014-11-05,0534,Aqua,MODIS,47,6.2,322.5,9.1,D,0
-28.1035,124.7903,376.7,1,1,2014-11-05,0534,Aqua,MODIS,100,6.2,327.4,112.1,D,0
-28.1064,124.77,360.2,1,1,2014-11-05,0534,Aqua,MODIS,85,6.2,322.8,56.2,D,0
-28.1078,124.7598,381.8,1,1,2014-11-05,0534,Aqua,MODIS,100,6.2,328.5,129.3,D,0
-28.1093,124.7497,369.8,1,1,2014-11-05,0534,Aqua,MODIS,100,6.2,325,86.8,D,0
-28.0944,124.7887,351.5,1,1,2014-11-05,0534,Aqua,MODIS,76,6.2,326.3,33.5,D,0
-28.055,124.6771,389.2,1,1,2014-11-05,0534,Aqua,MODIS,100,6.2,330,165.5,D,0
-28.0564,124.667,404.4,1,1,2014-11-05,0534,Aqua,MODIS,100,6.2,332.2,249.9,D,0
-28.0579,124.6568,389.6,1,1,2014-11-05,0534,Aqua,MODIS,100,6.2,326.4,166.6,D,0
-28.0453,124.679,348,1,1,2014-11-05,0534,Aqua,MODIS,62,6.2,326,27.7,D,0
-28.0497,124.6486,359.9,1,1,2014-11-05,0534,Aqua,MODIS,99,6.2,326.8,54.1,D,0
-28.0511,124.6384,343.9,1,1,2014-11-05,0534,Aqua,MODIS,26,6.2,325.3,19.7,D,0
-28.0331,124.6351,344.7,1,1,2014-11-05,0534,Aqua,MODIS,44,6.2,324.2,19.6,D,0
-28.102,124.8005,378,1,1,2014-11-05,0534,Aqua,MODIS,100,6.2,322.5,117.1,D,0
-28.2064,124.9678,345.1,1,1,2014-11-05,0534,Aqua,MODIS,87,6.2,328.1,21.1,D,0
-28.2242,124.9084,343.4,1,1,2014-11-05,0534,Aqua,MODIS,47,6.2,321.5,21.6,D,0
-28.2227,124.9186,374,1,1,2014-11-05,0534,Aqua,MODIS,100,6.2,326.3,99.9,D,0
-28.2154,124.9694,381.2,1,1,2014-11-05,0534,Aqua,MODIS,100,6.2,329.7,126.5,D,0
-28.2332,124.9101,341.8,1,1,2014-11-05,0534,Aqua,MODIS,50,6.2,316.7,21.7,D,0
-28.2317,124.9203,361.9,1,1,2014-11-05,0534,Aqua,MODIS,92,6.2,319.1,64.7,D,0
-28.2303,124.9304,371.4,1,1,2014-11-05,0534,Aqua,MODIS,93,6.2,322,92.5,D,0
-28.2288,124.9406,373.1,1,1,2014-11-05,0534,Aqua,MODIS,93,6.2,322.5,97.6,D,0
-28.2244,124.9711,352.2,1,1,2014-11-05,0534,Aqua,MODIS,59,6.2,323.6,39,D,0
-28.2348,124.9626,365.7,1,1,2014-11-05,0534,Aqua,MODIS,100,6.2,322.6,79.3,D,0
-28.2334,124.9728,349.5,1,1,2014-11-05,0534,Aqua,MODIS,91,6.2,318.5,40,D,0
-24.188,129.2552,335,1.7,1.3,2014-11-05,0534,Aqua,MODIS,35,6.2,309.5,35.8,D,0
-24.68,129.4697,333.5,1.7,1.3,2014-11-05,0534,Aqua,MODIS,62,6.2,307.5,28.9,D,0
-24.6832,129.4529,331.3,1.7,1.3,2014-11-05,0534,Aqua,MODIS,44,6.2,308.4,21.7,D,0
-24.6955,129.3866,349,1.7,1.3,2014-11-05,0534,Aqua,MODIS,91,6.2,312.3,80.6,D,0
-24.6981,129.3802,349.8,1.7,1.3,2014-11-05,0534,Aqua,MODIS,92,6.2,314.7,84.6,D,0
-24.6718,129.4608,373.6,1.7,1.3,2014-11-05,0534,Aqua,MODIS,100,6.2,311.6,239.4,D,0
-24.6604,129.458,340.7,1.7,1.3,2014-11-05,0534,Aqua,MODIS,82,6.2,309,55.3,D,0
-23.0767,127.5433,341.2,1.4,1.2,2014-11-05,0535,Aqua,MODIS,35,6.2,293.5,59.2,D,0
-23.5849,127.5599,332.6,1.4,1.2,2014-11-05,0535,Aqua,MODIS,74,6.2,297.4,29.6,D,0
-22.3904,129.468,330.2,1.9,1.3,2014-11-05,0535,Aqua,MODIS,63,6.2,313.6,22.7,D,0
-22.375,129.4837,336.8,1.9,1.3,2014-11-05,0535,Aqua,MODIS,80,6.2,315.4,43.4,D,0
-22.3784,129.4654,336.1,1.9,1.3,2014-11-05,0535,Aqua,MODIS,79,6.2,313.8,41.1,D,0
-22.3844,129.4802,340.8,1.9,1.3,2014-11-05,0535,Aqua,MODIS,84,6.2,315.7,60.6,D,0
-22.3876,129.4619,330.8,1.9,1.3,2014-11-05,0535,Aqua,MODIS,37,6.2,313.4,22.2,D,0
-23.0754,124.4435,348.6,1,1,2014-11-05,0535,Aqua,MODIS,64,6.2,326.6,28.8,D,0
-23.6206,121.1713,341.6,1.1,1.1,2014-11-05,0535,Aqua,MODIS,56,6.2,323.1,20.4,D,0
-23.5911,124.0708,348.6,1,1,2014-11-05,0535,Aqua,MODIS,74,6.2,321.9,25,D,0
-23.5896,124.0806,404.1,1,1,2014-11-05,0535,Aqua,MODIS,100,6.2,328.6,246.6,D,0
-23.5882,124.0904,348.1,1,1,2014-11-05,0535,Aqua,MODIS,79,6.2,323.1,26.1,D,0
-23.6302,121.1727,342.1,1.1,1.1,2014-11-05,0535,Aqua,MODIS,54,6.2,323.7,21.3,D,0
-24.8676,121.7432,335.7,1.1,1.1,2014-11-05,0535,Aqua,MODIS,48,6.2,316.3,13.1,D,0
-24.8764,121.7048,390.3,1.1,1.1,2014-11-05,0535,Aqua,MODIS,100,6.2,309.2,203.7,D,0
-24.875,121.7159,350.8,1.1,1.1,2014-11-05,0535,Aqua,MODIS,87,6.2,316.4,44,D,0
-22.772,121.3558,341.6,1.1,1,2014-11-05,0535,Aqua,MODIS,28,6.2,320.1,20.2,D,0
-23.5061,126.5441,340.7,1.2,1.1,2014-11-05,0535,Aqua,MODIS,78,6.2,316.8,30.2,D,0
-23.1173,122.876,346.6,1,1,2014-11-05,0535,Aqua,MODIS,88,6.2,326.2,22.6,D,0
-23.2313,121.681,341.9,1.1,1,2014-11-05,0535,Aqua,MODIS,50,6.2,320.3,20.4,D,0
-23.227,121.6748,343.7,1.1,1,2014-11-05,0535,Aqua,MODIS,55,6.2,320.7,20.6,D,0
-24.0099,126.7882,345.5,1.2,1.1,2014-11-05,0535,Aqua,MODIS,73,6.2,318.2,38.6,D,0
-23.2176,121.6734,369.8,1.1,1,2014-11-05,0535,Aqua,MODIS,100,6.2,325.5,94.4,D,0
-23.7896,124.4669,415,1,1,2014-11-05,0535,Aqua,MODIS,100,6.2,330,334.6,D,0
-23.7882,124.4769,352.9,1,1,2014-11-05,0535,Aqua,MODIS,81,6.2,323.4,41,D,0
-23.7987,124.4686,355.5,1,1,2014-11-05,0535,Aqua,MODIS,96,6.2,322.5,44.9,D,0
-23.2191,121.6628,377.4,1.1,1,2014-11-05,0535,Aqua,MODIS,100,6.2,322.6,127.6,D,0
-23.2083,121.6719,398.8,1.1,1,2014-11-05,0535,Aqua,MODIS,100,6.2,328.4,242.8,D,0
-23.2097,121.6613,401.3,1.1,1,2014-11-05,0535,Aqua,MODIS,100,6.2,328,262.2,D,0
-23.2003,121.6599,335.9,1.1,1,2014-11-05,0535,Aqua,MODIS,31,6.2,320.5,11,D,0
-23.8561,124.0144,382.5,1,1,2014-11-05,0535,Aqua,MODIS,100,6.2,328.5,130.9,D,0
-23.8817,124.0289,357.2,1,1,2014-11-05,0535,Aqua,MODIS,52,6.2,325.7,47.6,D,0
-23.0664,124.4418,428.3,1,1,2014-11-05,0535,Aqua,MODIS,100,6.2,335.7,451.4,D,0
-23.49,120.0124,338.9,1.3,1.1,2014-11-05,0535,Aqua,MODIS,28,6.2,317.2,26.6,D,0
-22.1635,124.2622,360.4,1,1,2014-11-05,0535,Aqua,MODIS,100,6.2,322.1,61.2,D,0
-22.1726,124.2638,366.9,1,1,2014-11-05,0535,Aqua,MODIS,100,6.2,328.1,73.1,D,0
-22.1711,124.2736,420.5,1,1,2014-11-05,0535,Aqua,MODIS,100,6.2,332.6,375.8,D,0
-22.1696,124.2834,353.6,1,1,2014-11-05,0535,Aqua,MODIS,88,6.2,321.1,37.5,D,0
-22.1802,124.2752,356.7,1,1,2014-11-05,0535,Aqua,MODIS,86,6.2,328.8,43.4,D,0
-22.1907,124.2669,345.2,1,1,2014-11-05,0535,Aqua,MODIS,87,6.2,325.5,20.1,D,0
-22.1892,124.2768,344.1,1,1,2014-11-05,0535,Aqua,MODIS,84,6.2,326.8,18,D,0
-23.722,122.8875,356.9,1,1,2014-11-05,0535,Aqua,MODIS,97,6.2,324.3,49,D,0
-23.7338,122.8691,342.9,1,1,2014-11-05,0535,Aqua,MODIS,70,6.2,320.5,18.3,D,0
-23.6333,123.4571,417.8,1,1,2014-11-05,0535,Aqua,MODIS,94,6.2,325.7,354.8,D,0
-23.6347,123.4473,460.2,1,1,2014-11-05,0535,Aqua,MODIS,94,6.2,336.5,831.4,D,0
-23.636,123.4375,374.8,1,1,2014-11-05,0535,Aqua,MODIS,87,6.2,311.2,111.7,D,0
-23.5835,124.0595,371,1,1,2014-11-05,0535,Aqua,MODIS,100,6.2,321.1,91,D,0
-23.5759,124.0481,338.6,1,1,2014-11-05,0535,Aqua,MODIS,41,6.2,315.4,15.9,D,0
-23.5802,124.0187,336.4,1,1,2014-11-05,0535,Aqua,MODIS,41,6.2,318.8,10.6,D,0
-22.1029,121.6398,359,1.1,1,2014-11-05,0535,Aqua,MODIS,93,6.2,316.5,69.3,D,0
-23.0649,124.4518,362.8,1,1,2014-11-05,0535,Aqua,MODIS,100,6.2,323,66,D,0
-23.6409,123.4684,357.5,1,1,2014-11-05,0535,Aqua,MODIS,72,6.2,310.3,54.8,D,0
-23.5806,124.079,402.4,1,1,2014-11-05,0535,Aqua,MODIS,100,6.2,320.9,238.9,D,0
-21.9148,121.4611,341.9,1.1,1,2014-11-05,0535,Aqua,MODIS,69,6.2,322.5,13.9,D,0
-21.5927,123.9599,341.3,1,1,2014-11-05,0535,Aqua,MODIS,61,6.2,323.2,13.6,D,0
-21.8788,123.2577,353.3,1,1,2014-11-05,0535,Aqua,MODIS,95,6.2,326.4,34.4,D,0
-21.5941,123.9501,345.2,1,1,2014-11-05,0535,Aqua,MODIS,83,6.2,324.6,21.9,D,0
-21.5851,123.9486,386.1,1,1,2014-11-05,0535,Aqua,MODIS,100,6.2,324.8,152.4,D,0
-21.5865,123.9388,344.7,1,1,2014-11-05,0535,Aqua,MODIS,64,6.2,321.8,22.2,D,0
-22.7107,124.2332,342.1,1,1,2014-11-05,0535,Aqua,MODIS,69,6.2,323.6,14.3,D,0
-22.7396,124.2888,351.4,1,1,2014-11-05,0535,Aqua,MODIS,93,6.2,328.2,31.5,D,0
-22.8029,124.2359,341.8,1,1,2014-11-05,0535,Aqua,MODIS,78,6.2,326.1,13.8,D,0
-21.8698,123.2562,372.2,1,1,2014-11-05,0535,Aqua,MODIS,100,6.2,325.7,88.5,D,0
-21.8608,123.2547,352.4,1,1,2014-11-05,0535,Aqua,MODIS,76,6.2,321.7,31.6,D,0
-21.8621,123.245,415.4,1,1,2014-11-05,0535,Aqua,MODIS,100,6.2,330.3,321.5,D,0
-23.5821,124.0692,368.7,1,1,2014-11-05,0535,Aqua,MODIS,100,6.2,316.4,81.5,D,0
-22.69,124.1938,340.8,1,1,2014-11-05,0535,Aqua,MODIS,73,6.2,320,16.1,D,0
-22.6795,124.2021,348.8,1,1,2014-11-05,0535,Aqua,MODIS,91,6.2,324.6,30,D,0
-22.681,124.1923,376.2,1,1,2014-11-05,0535,Aqua,MODIS,100,6.2,325.2,112.3,D,0
-22.6824,124.1825,338.5,1,1,2014-11-05,0535,Aqua,MODIS,75,6.2,320.2,14.2,D,0
-23.6783,123.4647,351.2,1,1,2014-11-05,0535,Aqua,MODIS,80,6.2,320.5,38.7,D,0
-23.6651,123.4926,354.8,1,1,2014-11-05,0535,Aqua,MODIS,96,6.2,324.2,41.8,D,0
-23.6533,123.5106,344,1,1,2014-11-05,0535,Aqua,MODIS,57,6.2,315.2,23.1,D,0
-21.1087,130.8654,351.4,2.5,1.5,2014-11-05,0535,Aqua,MODIS,93,6.2,321.4,149.5,D,0
-21.8483,123.2131,378.9,1,1,2014-11-05,0535,Aqua,MODIS,100,6.2,319.3,123,D,0
-21.104,130.8896,339.1,2.6,1.5,2014-11-05,0535,Aqua,MODIS,78,6.2,318.1,62,D,0
-21.098,130.8807,344.3,2.6,1.5,2014-11-05,0535,Aqua,MODIS,86,6.2,319.2,94.3,D,0
-21.8511,123.1938,356,1,1,2014-11-05,0535,Aqua,MODIS,63,6.2,315.9,50.1,D,0
-21.1025,130.8565,339.7,2.5,1.5,2014-11-05,0535,Aqua,MODIS,77,6.2,321.6,59.1,D,0
-21.8497,123.2035,448.8,1,1,2014-11-05,0535,Aqua,MODIS,100,6.2,334.8,668.9,D,0
-21.071,122.6693,342.6,1,1,2014-11-05,0536,Aqua,MODIS,71,6.2,314,29.4,D,0
-18.228,133.0597,337,4.3,1.9,2014-11-05,0536,Aqua,MODIS,65,6.2,299.4,205.3,D,0
-18.211,133.0558,337.4,4.3,1.9,2014-11-05,0536,Aqua,MODIS,64,6.2,298.5,206.8,D,0
-18.2396,133.112,347.4,4.3,1.9,2014-11-05,0536,Aqua,MODIS,92,6.2,303.5,364.1,D,0
-18.2479,133.0722,329,4.3,1.9,2014-11-05,0536,Aqua,MODIS,34,6.2,299.5,118,D,0
-18.2539,133.1073,345.3,4.3,1.9,2014-11-05,0536,Aqua,MODIS,88,6.2,302.2,329.3,D,0
-17.1756,124.547,344.1,1.1,1.1,2014-11-05,0536,Aqua,MODIS,71,6.2,317.4,31.2,D,0
-19.382,126.5254,355.3,1.4,1.2,2014-11-05,0536,Aqua,MODIS,96,6.2,322.1,68.9,D,0
-19.3799,126.5383,346.5,1.4,1.2,2014-11-05,0536,Aqua,MODIS,86,6.2,322.8,39.5,D,0
-19.3765,126.5298,340.1,1.4,1.2,2014-11-05,0536,Aqua,MODIS,61,6.2,318.6,18,D,0
-18.3328,128.9338,356,2.1,1.4,2014-11-05,0536,Aqua,MODIS,97,6.2,313.2,158.2,D,0
-18.3202,128.9312,336.6,2.1,1.4,2014-11-05,0536,Aqua,MODIS,66,6.2,314.4,43.8,D,0
-19.3841,126.5124,350,1.4,1.2,2014-11-05,0536,Aqua,MODIS,92,6.2,322.5,49.7,D,0
-20.8518,123.6155,347.5,1,1,2014-11-05,0536,Aqua,MODIS,57,6.2,322.9,26.1,D,0
-18.3287,128.9458,342.3,2.1,1.4,2014-11-05,0536,Aqua,MODIS,73,6.2,313,73.5,D,0
-18.3321,128.9261,342.5,2.1,1.4,2014-11-05,0536,Aqua,MODIS,84,6.2,312.8,71.7,D,0
-19.389,126.5188,374.6,1.4,1.2,2014-11-05,0536,Aqua,MODIS,100,6.2,325.6,157.8,D,0
-19.3868,126.5317,350.8,1.4,1.2,2014-11-05,0536,Aqua,MODIS,92,6.2,323.9,48.9,D,0
-19.3847,126.5447,342.5,1.4,1.2,2014-11-05,0536,Aqua,MODIS,59,6.2,320.1,22.9,D,0
-19.3972,126.5337,346.9,1.4,1.2,2014-11-05,0536,Aqua,MODIS,89,6.2,321.4,37.8,D,0
-17.1309,128.8797,331.9,2.2,1.4,2014-11-05,0536,Aqua,MODIS,58,6.2,308.7,30.6,D,0
-18.4736,122.449,381.2,1,1,2014-11-05,0536,Aqua,MODIS,87,6.2,311.4,141.1,D,0
-19.187,123.0448,341.9,1,1,2014-11-05,0536,Aqua,MODIS,83,6.2,314.6,24.4,D,0
-19.198,123.0953,339.6,1,1,2014-11-05,0536,Aqua,MODIS,64,6.2,318.6,13.9,D,0
-19.1966,123.1048,340.8,1,1,2014-11-05,0536,Aqua,MODIS,81,6.2,319.3,15,D,0
-19.1953,123.1143,344.4,1,1,2014-11-05,0536,Aqua,MODIS,86,6.2,318.2,21.7,D,0
-19.2112,123.0683,344.1,1,1,2014-11-05,0536,Aqua,MODIS,85,6.2,315.2,25.6,D,0
-19.2188,123.0793,342.6,1,1,2014-11-05,0536,Aqua,MODIS,75,6.2,316.9,20.7,D,0
-18.9827,122.8093,339.9,1,1,2014-11-05,0536,Aqua,MODIS,69,6.2,316.1,15.7,D,0
-18.9725,122.9433,342.5,1,1,2014-11-05,0536,Aqua,MODIS,83,6.2,318.4,18.9,D,0
-19.1311,122.9912,335.1,1,1,2014-11-05,0536,Aqua,MODIS,37,6.2,292.3,10.5,D,0
-19.1324,122.9817,333.4,1,1,2014-11-05,0536,Aqua,MODIS,22,6.2,309.1,7.4,D,0
-19.1179,123.0182,368.5,1,1,2014-11-05,0536,Aqua,MODIS,100,6.2,318.5,88.4,D,0
-19.1193,123.0087,393.3,1,1,2014-11-05,0536,Aqua,MODIS,100,6.2,321.7,194.1,D,0
-19.1207,122.9992,353.4,1,1,2014-11-05,0536,Aqua,MODIS,95,6.2,301.5,46.8,D,0
-19.1221,122.9897,348.9,1,1,2014-11-05,0536,Aqua,MODIS,91,6.2,297.3,37,D,0
-19.1103,123.0072,353.9,1,1,2014-11-05,0536,Aqua,MODIS,95,6.2,312.4,48.4,D,0
-19.1117,122.9978,393.4,1,1,2014-11-05,0536,Aqua,MODIS,100,6.2,319.7,196.3,D,0
-19.1131,122.9883,398.3,1,1,2014-11-05,0536,Aqua,MODIS,100,6.2,324.6,222.1,D,0
-19.1144,122.9788,349.7,1,1,2014-11-05,0536,Aqua,MODIS,74,6.2,308.1,39.5,D,0
-19.1241,122.9124,357.7,1,1,2014-11-05,0536,Aqua,MODIS,98,6.2,317.3,55.7,D,0
-19.1254,122.9029,335.1,1,1,2014-11-05,0536,Aqua,MODIS,44,6.2,313.6,12.2,D,0
-18.4803,122.5947,339.4,1,1,2014-11-05,0536,Aqua,MODIS,47,6.2,316.1,13.5,D,0
-18.4789,122.6042,338.2,1,1,2014-11-05,0536,Aqua,MODIS,51,6.2,313.8,11.9,D,0
-18.4901,122.6542,334.9,1,1,2014-11-05,0536,Aqua,MODIS,13,6.2,314.1,9.6,D,0
-20.1045,125.8462,342.7,1.2,1.1,2014-11-05,0536,Aqua,MODIS,82,6.2,325.7,17.6,D,0
-20.115,125.7178,359.2,1.2,1.1,2014-11-05,0536,Aqua,MODIS,99,6.2,326.7,68.7,D,0
-20.1052,125.7161,378.9,1.2,1.1,2014-11-05,0536,Aqua,MODIS,100,6.2,323.2,152.3,D,0
-20.107,125.7046,369.8,1.2,1.1,2014-11-05,0536,Aqua,MODIS,100,6.2,327.4,105.6,D,0
-20.0899,125.7487,340.7,1.2,1.1,2014-11-05,0536,Aqua,MODIS,55,6.2,322.3,22.1,D,0
-20.0972,125.7029,391.9,1.2,1.1,2014-11-05,0536,Aqua,MODIS,100,6.2,323.2,232.7,D,0
-20.1204,125.6836,349.5,1.2,1.1,2014-11-05,0536,Aqua,MODIS,91,6.2,325.3,34.2,D,0
-20.0991,125.6914,361.8,1.2,1.1,2014-11-05,0536,Aqua,MODIS,96,6.2,325.9,76.4,D,0
-18.9931,122.8013,341.3,1,1,2014-11-05,0536,Aqua,MODIS,76,6.2,318.5,19.4,D,0
-18.8188,122.9254,340.6,1,1,2014-11-05,0536,Aqua,MODIS,81,6.2,317.1,15.2,D,0
-18.8174,122.9348,343.5,1,1,2014-11-05,0536,Aqua,MODIS,85,6.2,318,20.3,D,0
-19.3075,123.296,350.7,1,1,2014-11-05,0536,Aqua,MODIS,80,6.2,312.3,38.3,D,0
-19.2999,123.2849,442,1,1,2014-11-05,0536,Aqua,MODIS,100,6.2,337.7,592.3,D,0
-19.3013,123.2754,395.4,1,1,2014-11-05,0536,Aqua,MODIS,100,6.2,321.3,202.3,D,0
-19.2908,123.2834,432.7,1,1,2014-11-05,0536,Aqua,MODIS,100,6.2,326.9,490.5,D,0
-19.2922,123.2739,391.5,1,1,2014-11-05,0536,Aqua,MODIS,100,6.2,318.9,180.5,D,0
-19.279,123.301,339.6,1,1,2014-11-05,0536,Aqua,MODIS,26,6.2,295.4,24.1,D,0
-19.1401,123.1192,343.5,1,1,2014-11-05,0536,Aqua,MODIS,83,6.2,315.4,24.1,D,0
-19.1675,123.178,350.8,1,1,2014-11-05,0536,Aqua,MODIS,85,6.2,316.8,41.2,D,0
-19.1661,123.1876,345.2,1,1,2014-11-05,0536,Aqua,MODIS,87,6.2,314,29.5,D,0
-19.1939,123.1239,336.9,1,1,2014-11-05,0536,Aqua,MODIS,56,6.2,316.6,9.2,D,0
-18.8006,122.7965,343,1,1,2014-11-05,0536,Aqua,MODIS,58,6.2,314.7,25.6,D,0
-18.8194,122.8576,376,1,1,2014-11-05,0536,Aqua,MODIS,100,6.2,314.7,114,D,0
-18.818,122.8671,385.2,1,1,2014-11-05,0536,Aqua,MODIS,100,6.2,316.7,151,D,0
-18.8167,122.8766,341.5,1,1,2014-11-05,0536,Aqua,MODIS,73,6.2,316.8,18.6,D,0
-19.2818,123.2819,366.5,1,1,2014-11-05,0536,Aqua,MODIS,100,6.2,314.7,80.4,D,0
-19.2832,123.2724,375.6,1,1,2014-11-05,0536,Aqua,MODIS,100,6.2,311.4,111.5,D,0
-19.2846,123.2628,337.1,1,1,2014-11-05,0536,Aqua,MODIS,50,6.2,304.7,11.2,D,0
-19.27,123.2995,381.2,1,1,2014-11-05,0536,Aqua,MODIS,75,6.2,311.2,142.2,D,0
-19.2714,123.29,353.7,1,1,2014-11-05,0536,Aqua,MODIS,52,6.2,314,49.5,D,0
-19.2742,123.2709,383.1,1,1,2014-11-05,0536,Aqua,MODIS,100,6.2,316.9,145.5,D,0
-19.2756,123.2613,343.2,1,1,2014-11-05,0536,Aqua,MODIS,84,6.2,309.5,25,D,0
-19.261,123.298,338,1,1,2014-11-05,0536,Aqua,MODIS,0,6.2,295.5,24,D,0
-19.2624,123.2885,345.1,1,1,2014-11-05,0536,Aqua,MODIS,38,6.2,303.3,33.2,D,0
-19.1751,123.5031,341,1,1,2014-11-05,0536,Aqua,MODIS,23,6.2,322.9,13.8,D,0
-18.4722,122.4585,371.6,1,1,2014-11-05,0536,Aqua,MODIS,100,6.2,312.2,105.9,D,0
-18.4646,122.4476,336.7,1,1,2014-11-05,0536,Aqua,MODIS,0,6.2,289.5,23.1,D,0
-19.2195,123.1378,337.3,1,1,2014-11-05,0536,Aqua,MODIS,47,6.2,316.9,10.5,D,0
-19.2223,123.1188,337.3,1,1,2014-11-05,0536,Aqua,MODIS,47,6.2,319.3,9.5,D,0
-19.2237,123.1093,369.6,1,1,2014-11-05,0536,Aqua,MODIS,100,6.2,321.8,85.6,D,0
-19.2251,123.0998,357,1,1,2014-11-05,0536,Aqua,MODIS,97,6.2,319.6,48.5,D,0
-18.7918,122.4697,341.2,1,1,2014-11-05,0536,Aqua,MODIS,65,6.2,316.3,17.8,D,0
-18.545,122.524,337.8,1,1,2014-11-05,0536,Aqua,MODIS,45,6.2,306.6,22.9,D,0
-18.487,122.5476,347.9,1,1,2014-11-05,0536,Aqua,MODIS,90,6.2,314.4,33.7,D,0
-18.4884,122.5382,342.1,1,1,2014-11-05,0536,Aqua,MODIS,62,6.2,313.8,24.6,D,0
-18.4821,122.5179,346.5,1,1,2014-11-05,0536,Aqua,MODIS,73,6.2,311.2,35.2,D,0
-18.4835,122.5085,358.2,1,1,2014-11-05,0536,Aqua,MODIS,74,6.2,307.7,61.8,D,0
-18.4875,122.4802,370,1,1,2014-11-05,0536,Aqua,MODIS,94,6.2,304.2,99.2,D,0
-18.4889,122.4707,343,1,1,2014-11-05,0536,Aqua,MODIS,72,6.2,303.9,32.9,D,0
-18.4772,122.4882,348.5,1,1,2014-11-05,0536,Aqua,MODIS,56,6.2,301.4,42.4,D,0
-18.4785,122.4787,406.5,1,1,2014-11-05,0536,Aqua,MODIS,100,6.2,320.6,277.7,D,0
-18.4799,122.4693,398,1,1,2014-11-05,0536,Aqua,MODIS,100,6.2,318.1,224.7,D,0
-18.7784,122.3709,347.3,1,1,2014-11-05,0536,Aqua,MODIS,66,6.2,306.1,43.6,D,0
-18.9917,122.8107,336.7,1,1,2014-11-05,0536,Aqua,MODIS,39,6.2,318.2,10.6,D,0
-16.2286,124.7133,341.6,1.2,1.1,2014-11-05,0537,Aqua,MODIS,71,6.2,306.8,39.4,D,0
-15.6273,127.4759,340.6,1.9,1.3,2014-11-05,0537,Aqua,MODIS,85,6.2,304,64.1,D,0
-16.293,123.982,335.8,1.1,1,2014-11-05,0537,Aqua,MODIS,54,6.2,306.8,23.8,D,0
-15.6186,127.485,330.5,1.9,1.3,2014-11-05,0537,Aqua,MODIS,55,6.2,304.8,27.5,D,0
-15.6215,127.4675,340.9,1.9,1.3,2014-11-05,0537,Aqua,MODIS,86,6.2,305.7,65.9,D,0
-16.1318,124.748,328.6,1.2,1.1,2014-11-05,0537,Aqua,MODIS,47,6.2,304.6,11.9,D,0
-15.1206,130.0149,331.5,2.9,1.6,2014-11-05,0537,Aqua,MODIS,76,6.2,294.4,72.7,D,0
-16.1062,124.9765,336.1,1.2,1.1,2014-11-05,0537,Aqua,MODIS,74,6.2,302.3,29.8,D,0
-15.107,130.0061,335.6,2.9,1.6,2014-11-05,0537,Aqua,MODIS,77,6.2,294,107.1,D,0
-15.1062,130.0109,333.7,2.9,1.6,2014-11-05,0537,Aqua,MODIS,74,6.2,293.8,87.9,D,0
-14.5953,131.6528,334.1,4,1.9,2014-11-05,0537,Aqua,MODIS,75,6.2,294.9,142.1,D,0
-14.5881,131.6898,331.3,4,1.9,2014-11-05,0537,Aqua,MODIS,57,6.2,294.4,114,D,0
-14.585,131.6844,333.6,4,1.9,2014-11-05,0537,Aqua,MODIS,76,6.2,294.5,140.3,D,0
-15.8695,126.7334,335.1,1.6,1.3,2014-11-05,0537,Aqua,MODIS,62,6.2,308.1,31.9,D,0
-15.8582,126.7317,342.1,1.6,1.3,2014-11-05,0537,Aqua,MODIS,76,6.2,310.1,47.9,D,0
-15.4401,126.5495,341.5,1.6,1.2,2014-11-05,0537,Aqua,MODIS,74,6.2,312.4,37.6,D,0
-15.3452,125.1955,328.5,1.3,1.1,2014-11-05,0537,Aqua,MODIS,59,6.2,299.2,17.6,D,0
-13.6316,130.0286,329.8,3.2,1.7,2014-11-05,0537,Aqua,MODIS,58,6.2,295.3,91.4,D,0
-15.1255,129.988,324.2,2.9,1.6,2014-11-05,0537,Aqua,MODIS,43,6.2,295.7,28.9,D,0
-13.5592,130.0997,325.7,3.2,1.7,2014-11-05,0537,Aqua,MODIS,29,6.2,294.7,52.2,D,0
-15.1112,129.9842,333.7,2.9,1.6,2014-11-05,0537,Aqua,MODIS,79,6.2,296.2,86.4,D,0
-15.1117,129.9791,327.4,2.9,1.6,2014-11-05,0537,Aqua,MODIS,68,6.2,296.5,50.8,D,0
-15.445,126.5199,338.5,1.6,1.2,2014-11-05,0537,Aqua,MODIS,83,6.2,312.8,28,D,0
-15.4473,130.4896,332.1,3.1,1.7,2014-11-05,0537,Aqua,MODIS,73,6.2,299.1,62.7,D,0
-15.4487,130.4825,328.5,3.1,1.7,2014-11-05,0537,Aqua,MODIS,41,6.2,299.8,38.5,D,0
-15.8557,126.7469,350.1,1.6,1.3,2014-11-05,0537,Aqua,MODIS,93,6.2,311.9,76.7,D,0
-14.0204,129.7478,331.5,3,1.6,2014-11-05,0537,Aqua,MODIS,78,6.2,295.9,101.4,D,0
-14.0195,129.7526,328.7,3,1.6,2014-11-05,0537,Aqua,MODIS,78,6.2,295.9,81.1,D,0
-15.4434,130.5115,327.7,3.2,1.7,2014-11-05,0537,Aqua,MODIS,28,6.2,299.9,32.6,D,0
-15.2848,130.8521,330,3.4,1.7,2014-11-05,0537,Aqua,MODIS,62,6.2,297,70.5,D,0
-15.291,130.8483,331.3,3.4,1.7,2014-11-05,0537,Aqua,MODIS,64,6.2,297.6,81.6,D,0
-15.2966,130.8176,327.7,3.4,1.7,2014-11-05,0537,Aqua,MODIS,37,6.2,299.3,49.8,D,0
-28.6803,142.5057,318.8,1,1,2014-11-05,1320,Terra,MODIS,97,6.2,290.3,18.1,N,0
-28.6908,142.4971,307.2,1,1,2014-11-05,1320,Terra,MODIS,71,6.2,289.4,9.3,N,0
-28.6637,142.5552,302.7,1,1,2014-11-05,1320,Terra,MODIS,51,6.2,288.5,5.9,N,0
-28.6652,142.545,300.8,1,1,2014-11-05,1320,Terra,MODIS,34,6.2,287.3,4.9,N,0
-28.6893,142.5074,310.6,1,1,2014-11-05,1320,Terra,MODIS,81,6.2,289.7,11.6,N,0
-24.6484,129.4342,310.7,4.7,2,2014-11-05,1321,Terra,MODIS,81,6.2,293,82.3,N,0
-24.647,129.4738,305.9,4.7,2,2014-11-05,1321,Terra,MODIS,64,6.2,293.1,52,N,0
-24.6503,129.4278,307.8,4.7,2,2014-11-05,1321,Terra,MODIS,72,6.2,292.8,64,N,0
-21.3829,128.9409,306.7,4.7,2,2014-11-05,1322,Terra,MODIS,69,6.2,294.8,51.2,N,0
-21.3844,128.936,305.2,4.7,2,2014-11-05,1322,Terra,MODIS,63,6.2,294.8,43,N,0
-21.1397,130.8513,385.2,3.4,1.7,2014-11-05,1322,Terra,MODIS,100,6.2,300.9,1023,N,0
-21.1425,130.8184,305.7,3.4,1.7,2014-11-05,1322,Terra,MODIS,65,6.2,295.6,26.9,N,0
-21.1296,130.8434,325,3.4,1.7,2014-11-05,1322,Terra,MODIS,100,6.2,295.5,124.3,N,0
-21.0953,130.873,306.3,3.4,1.7,2014-11-05,1322,Terra,MODIS,68,6.2,290.2,33.4,N,0
-21.1453,130.845,364.1,3.4,1.7,2014-11-05,1322,Terra,MODIS,100,6.2,298.9,567.6,N,0
-21.1423,130.8777,346.4,3.4,1.7,2014-11-05,1322,Terra,MODIS,100,6.2,297.7,311.9,N,0
-21.1368,130.8841,324,3.4,1.7,2014-11-05,1322,Terra,MODIS,100,6.2,296.6,114.7,N,0
-21.1266,130.8762,314.5,3.4,1.7,2014-11-05,1322,Terra,MODIS,89,6.2,295.5,64.9,N,0
-20.5513,140.7223,304.6,1,1,2014-11-05,1322,Terra,MODIS,26,6.2,285.4,6.1,N,0
-20.5603,140.7238,325.4,1,1,2014-11-05,1322,Terra,MODIS,100,6.2,291.7,23.1,N,0
-20.5618,140.7141,314.6,1,1,2014-11-05,1322,Terra,MODIS,62,6.2,295.2,11.9,N,0
-14.9177,145.0814,305.2,2.1,1.4,2014-11-05,1323,Terra,MODIS,63,6.2,289.3,17.1,N,0
-15.1365,142.8436,311.4,1.4,1.2,2014-11-05,1323,Terra,MODIS,50,6.2,284,16.9,N,0
-15.13,142.8482,321.6,1.4,1.2,2014-11-05,1323,Terra,MODIS,95,6.2,290.5,31.6,N,0
-15.1321,142.835,352.6,1.4,1.2,2014-11-05,1323,Terra,MODIS,100,6.2,289.6,113.9,N,0
-15.126,142.8417,346,1.4,1.2,2014-11-05,1323,Terra,MODIS,100,6.2,292.1,87.8,N,0
-15.1048,142.8379,307.8,1.4,1.2,2014-11-05,1323,Terra,MODIS,38,6.2,291.3,9,N,0
-15.1281,142.8285,328.4,1.4,1.2,2014-11-05,1323,Terra,MODIS,100,6.2,291.2,41.4,N,0
-15.0942,142.836,308.8,1.4,1.2,2014-11-05,1323,Terra,MODIS,53,6.2,291.3,10.1,N,0
-14.9209,145.0622,302.9,2.1,1.4,2014-11-05,1323,Terra,MODIS,52,6.2,288.9,13.4,N,0
-15.0495,145.0737,301.5,2.1,1.4,2014-11-05,1323,Terra,MODIS,15,6.2,288.9,9.1,N,0
-14.6638,144.6292,306.7,1.9,1.4,2014-11-05,1323,Terra,MODIS,57,6.2,289.3,16,N,0
-14.6608,144.6474,305.4,2,1.4,2014-11-05,1323,Terra,MODIS,44,6.2,289.1,13.9,N,0
-17.1984,135.7256,310.6,1.3,1.1,2014-11-05,1323,Terra,MODIS,80,6.2,295.3,11.2,N,0
-14.6484,144.6692,301.8,2,1.4,2014-11-05,1323,Terra,MODIS,26,6.2,288.8,9.2,N,0
-14.6637,144.6533,304.4,2,1.4,2014-11-05,1323,Terra,MODIS,60,6.2,289.3,12.7,N,0
-14.6668,144.6353,311.7,1.9,1.4,2014-11-05,1323,Terra,MODIS,83,6.2,289.5,25.9,N,0
-15.0536,145.0614,301.2,2.1,1.4,2014-11-05,1323,Terra,MODIS,38,6.2,288.8,9.1,N,0
-15.0411,145.0589,303.9,2.1,1.4,2014-11-05,1323,Terra,MODIS,57,6.2,288.8,13.5,N,0
-15.0154,145.0467,300.9,2.1,1.4,2014-11-05,1323,Terra,MODIS,19,6.2,288.9,9.9,N,0
-19.2311,129.9741,302.1,3.7,1.8,2014-11-05,1323,Terra,MODIS,47,6.2,289.8,26.1,N,0
-13.5727,130.0076,302.5,3.1,1.7,2014-11-05,1324,Terra,MODIS,49,6.2,286,22.9,N,0
-13.5446,130.1191,304.6,3,1.7,2014-11-05,1324,Terra,MODIS,61,6.2,287.4,27.3,N,0
-13.5742,129.9838,301.2,3.1,1.7,2014-11-05,1324,Terra,MODIS,38,6.2,285.4,18.4,N,0
-13.5469,130.0959,302.8,3.1,1.7,2014-11-05,1324,Terra,MODIS,51,6.2,287.1,21.5,N,0
-12.5106,142.8663,307.2,1.6,1.2,2014-11-05,1324,Terra,MODIS,70,6.2,287.7,13,N,0
-12.5151,142.838,308.9,1.6,1.2,2014-11-05,1324,Terra,MODIS,76,6.2,288.7,15.5,N,0
-12.3328,136.9007,304.5,1,1,2014-11-05,1324,Terra,MODIS,58,6.2,291.7,4.5,N,0
-12.4568,136.1091,306.4,1.1,1.1,2014-11-05,1324,Terra,MODIS,58,6.2,294.5,4.9,N,0
-12.5128,142.8522,312.2,1.6,1.2,2014-11-05,1324,Terra,MODIS,84,6.2,288.4,20.6,N,0
-12.5324,136.2303,305.1,1.1,1.1,2014-11-05,1324,Terra,MODIS,63,6.2,293.3,5.3,N,0
-12.531,136.2404,318.4,1.1,1,2014-11-05,1324,Terra,MODIS,97,6.2,293.3,17.1,N,0
-12.3538,131.3909,306.5,2.3,1.5,2014-11-05,1324,Terra,MODIS,43,6.2,282.1,27.9,N,0
-12.4654,142.9331,301.9,1.6,1.2,2014-11-05,1324,Terra,MODIS,43,6.2,287,8,N,0
-14.2724,136.9402,309.3,1.1,1,2014-11-05,1324,Terra,MODIS,66,6.2,282.2,10.2,N,0
-12.4864,136.1759,305.4,1.1,1.1,2014-11-05,1324,Terra,MODIS,64,6.2,294.1,5,N,0
-12.4878,136.1657,304.3,1.1,1.1,2014-11-05,1324,Terra,MODIS,59,6.2,294.2,4.1,N,0
-9.3853,142.6249,308,1.7,1.3,2014-11-05,1325,Terra,MODIS,29,6.2,292.8,12.4,N,0
-28.2056,124.9826,306.1,2.3,1.5,2014-11-05,1458,Terra,MODIS,67,6.2,291.7,24.9,N,0
-29.1979,125.3759,312.7,2.4,1.5,2014-11-05,1458,Terra,MODIS,85,6.2,294.6,36.4,N,0
-29.1928,125.4002,306,2.4,1.5,2014-11-05,1458,Terra,MODIS,62,6.2,294,20.6,N,0
-29.211,125.3798,307.8,2.4,1.5,2014-11-05,1458,Terra,MODIS,73,6.2,294.6,25.4,N,0
-29.2035,125.3721,314.3,2.4,1.5,2014-11-05,1458,Terra,MODIS,89,6.2,294.9,41,N,0
-29.1985,125.3964,316.8,2.4,1.5,2014-11-05,1458,Terra,MODIS,94,6.2,294.7,49.5,N,0
-24.8579,121.6674,313.7,1.6,1.3,2014-11-05,1459,Terra,MODIS,87,6.2,298.7,18.2,N,0
-24.852,121.6999,314.6,1.7,1.3,2014-11-05,1459,Terra,MODIS,89,6.2,297.7,20,N,0
-24.8634,121.7023,320.5,1.7,1.3,2014-11-05,1459,Terra,MODIS,100,6.2,297.8,31.4,N,0
-25.7455,121.1083,308.2,1.5,1.2,2014-11-05,1459,Terra,MODIS,72,6.2,295.9,9.6,N,0
-23.0187,122.2553,320.8,2,1.4,2014-11-05,1500,Terra,MODIS,94,6.2,298.8,41.8,N,0
-23.0152,122.2744,326.7,2,1.4,2014-11-05,1500,Terra,MODIS,100,6.2,298.1,60.4,N,0
-23.0239,122.2962,307.6,2,1.4,2014-11-05,1500,Terra,MODIS,58,6.2,296.2,15.1,N,0
-23.0309,122.258,330,2,1.4,2014-11-05,1500,Terra,MODIS,100,6.2,298.9,68.8,N,0
-23.6166,121.178,306,1.6,1.3,2014-11-05,1500,Terra,MODIS,60,6.2,295.1,10.9,N,0
-23.692,122.8962,309,2.1,1.4,2014-11-05,1500,Terra,MODIS,76,6.2,297.3,17.8,N,0
-23.0274,122.2771,332,2,1.4,2014-11-05,1500,Terra,MODIS,100,6.2,298.8,79.2,N,0
-21.8493,123.1501,309.2,2.4,1.5,2014-11-05,1500,Terra,MODIS,77,6.2,297.3,23.5,N,0
-20.8416,121.6713,339,2,1.4,2014-11-05,1500,Terra,MODIS,100,6.2,297.9,104.4,N,0
-20.8449,121.6525,322.8,2,1.4,2014-11-05,1500,Terra,MODIS,100,6.2,297,45.6,N,0
-20.5174,122.081,317.5,2.2,1.4,2014-11-05,1500,Terra,MODIS,78,6.2,292.9,47.3,N,0
-20.8382,121.6903,320,2,1.4,2014-11-05,1500,Terra,MODIS,99,6.2,295.7,40.6,N,0
-20.8538,121.674,334.1,2,1.4,2014-11-05,1500,Terra,MODIS,100,6.2,298.2,83.8,N,0
-20.8435,121.6775,366,2,1.4,2014-11-05,1500,Terra,MODIS,100,6.2,299.7,271.5,N,0
-20.5098,122.0516,315,2.1,1.4,2014-11-05,1500,Terra,MODIS,85,6.2,294,35.4,N,0
-20.5123,122.0377,311.8,2.1,1.4,2014-11-05,1500,Terra,MODIS,37,6.2,292.6,29.2,N,0
-20.84,121.6964,317.8,2,1.4,2014-11-05,1500,Terra,MODIS,95,6.2,295.6,33.8,N,0
-20.5302,122.0838,331.5,2.2,1.4,2014-11-05,1500,Terra,MODIS,100,6.2,294.2,96.2,N,0
-20.8558,121.6801,313.6,2,1.4,2014-11-05,1500,Terra,MODIS,86,6.2,297.4,23.2,N,0
-21.8359,123.1469,307.9,2.4,1.5,2014-11-05,1500,Terra,MODIS,73,6.2,296.9,20.6,N,0
-20.5339,122.0634,314.6,2.1,1.4,2014-11-05,1500,Terra,MODIS,71,6.2,284.9,37.3,N,0
-21.8449,123.1733,320.1,2.4,1.5,2014-11-05,1500,Terra,MODIS,100,6.2,297.9,57,N,0
-21.8433,123.1541,322,2.4,1.5,2014-11-05,1500,Terra,MODIS,100,6.2,297.6,59.9,N,0
-20.8505,121.6929,334.8,2,1.4,2014-11-05,1500,Terra,MODIS,100,6.2,297.1,87.8,N,0
-20.847,121.6587,327.7,2,1.4,2014-11-05,1500,Terra,MODIS,100,6.2,297.8,59.7,N,0
-23.6759,123.4585,312.2,2.3,1.5,2014-11-05,1500,Terra,MODIS,84,6.2,296,33.1,N,0
-18.5447,122.7561,316.2,2.7,1.6,2014-11-05,1501,Terra,MODIS,74,6.2,294.9,46.6,N,0
-16.0656,125.0757,338.9,4.4,1.9,2014-11-05,1501,Terra,MODIS,100,6.2,292,344.6,N,0
-18.5352,122.8059,385.1,2.7,1.6,2014-11-05,1501,Terra,MODIS,100,6.2,301.5,723.5,N,0
-16.0743,125.0406,307.3,4.4,1.9,2014-11-05,1501,Terra,MODIS,53,6.2,291.7,47.5,N,0
-18.5316,122.7984,379.5,2.7,1.6,2014-11-05,1501,Terra,MODIS,100,6.2,301.9,619,N,0
-16.0567,125.0387,305.8,4.4,1.9,2014-11-05,1501,Terra,MODIS,37,6.2,291.4,40.3,N,0
-16.0486,125.0793,311.3,4.4,1.9,2014-11-05,1501,Terra,MODIS,74,6.2,291.4,73.5,N,0
-16.0659,125.0829,338.5,4.4,1.9,2014-11-05,1501,Terra,MODIS,100,6.2,291.8,337.4,N,0
-19.1228,123.1875,309.5,2.8,1.6,2014-11-05,1501,Terra,MODIS,70,6.2,296.2,28.4,N,0
-18.527,122.8235,336.5,2.7,1.6,2014-11-05,1501,Terra,MODIS,100,6.2,296,146.1,N,0
-18.4425,122.47,323.6,2.5,1.5,2014-11-05,1501,Terra,MODIS,100,6.2,296.3,74.4,N,0
-18.711,122.625,308.8,2.6,1.5,2014-11-05,1501,Terra,MODIS,76,6.2,293.1,29.6,N,0
-18.7153,122.6443,306.4,2.6,1.5,2014-11-05,1501,Terra,MODIS,68,6.2,294,24,N,0
-18.7197,122.6202,303.2,2.6,1.5,2014-11-05,1501,Terra,MODIS,54,6.2,291.9,15.9,N,0
-19.4947,122.1919,312.7,2.3,1.5,2014-11-05,1501,Terra,MODIS,73,6.2,295.4,32.1,N,0
-19.4987,122.1702,307.5,2.3,1.5,2014-11-05,1501,Terra,MODIS,72,6.2,295.4,17.5,N,0
-19.5824,122.2169,357,2.3,1.5,2014-11-05,1501,Terra,MODIS,100,6.2,298.8,252.2,N,0
-19.5693,122.2142,310.3,2.3,1.5,2014-11-05,1501,Terra,MODIS,64,6.2,296.4,20.2,N,0
-19.5734,122.1925,308.6,2.3,1.5,2014-11-05,1501,Terra,MODIS,58,6.2,295.9,16.9,N,0
-18.5268,122.7456,322.6,2.7,1.6,2014-11-05,1501,Terra,MODIS,100,6.2,294.7,74.8,N,0
-18.5222,122.7705,344.4,2.7,1.6,2014-11-05,1501,Terra,MODIS,100,6.2,296.4,201.6,N,0
-18.5362,122.7734,354.4,2.7,1.6,2014-11-05,1501,Terra,MODIS,100,6.2,298.3,285.9,N,0
-18.5307,122.7532,333.7,2.7,1.6,2014-11-05,1501,Terra,MODIS,100,6.2,296,128.2,N,0
-18.526,122.778,340.8,2.7,1.6,2014-11-05,1501,Terra,MODIS,100,6.2,296.2,172.7,N,0
-19.4856,122.1675,306.1,2.3,1.5,2014-11-05,1501,Terra,MODIS,44,6.2,295.2,14.2,N,0
-18.54,122.7809,376.1,2.7,1.6,2014-11-05,1501,Terra,MODIS,100,6.2,300.5,561,N,0
-19.5784,122.2387,341.8,2.3,1.5,2014-11-05,1501,Terra,MODIS,100,6.2,298.9,143.3,N,0
-19.5744,122.2605,312.3,2.3,1.5,2014-11-05,1501,Terra,MODIS,85,6.2,296.6,24.7,N,0
-19.5956,122.2197,315.3,2.3,1.5,2014-11-05,1501,Terra,MODIS,91,6.2,296.2,34,N,0
-19.5915,122.2415,386.1,2.3,1.5,2014-11-05,1501,Terra,MODIS,100,6.2,303.5,598.9,N,0
-19.5875,122.2633,398.7,2.3,1.5,2014-11-05,1501,Terra,MODIS,100,6.2,303.9,828.4,N,0
-19.137,123.1907,307.8,2.8,1.6,2014-11-05,1501,Terra,MODIS,31,6.2,296,25.7,N,0
-18.4469,122.4462,324.3,2.5,1.5,2014-11-05,1501,Terra,MODIS,100,6.2,295.7,76.7,N,0
-19.3766,121.9771,308.1,2.2,1.4,2014-11-05,1501,Terra,MODIS,74,6.2,295.3,19.4,N,0
-19.3637,121.9744,307.8,2.2,1.4,2014-11-05,1501,Terra,MODIS,72,6.2,294.9,19.2,N,0
-19.6968,121.8109,371.4,2.1,1.4,2014-11-05,1501,Terra,MODIS,100,6.2,295.4,362.7,N,0
-19.6941,121.8259,336.4,2.1,1.4,2014-11-05,1501,Terra,MODIS,100,6.2,290,109.2,N,0
-19.6977,121.8056,361.5,2.1,1.4,2014-11-05,1501,Terra,MODIS,100,6.2,295.4,269.8,N,0
-19.685,121.8029,347.4,2.1,1.4,2014-11-05,1501,Terra,MODIS,100,6.2,295.4,166.6,N,0
-19.6887,121.7828,312.1,2.1,1.4,2014-11-05,1501,Terra,MODIS,65,6.2,294.4,26.2,N,0
-19.6597,121.7976,312.6,2.1,1.4,2014-11-05,1501,Terra,MODIS,85,6.2,293.8,27.6,N,0
-19.3728,121.9982,312.8,2.2,1.5,2014-11-05,1501,Terra,MODIS,86,6.2,295.3,31,N,0
-16.0482,125.0722,310,4.4,1.9,2014-11-05,1502,Terra,MODIS,69,6.2,291.4,66.7,N,0
-15.2524,134.5288,306.4,1,1,2014-11-05,1628,Aqua,MODIS,68,6.2,290.8,5.4,N,0
-13.5434,130.1157,306.7,1.6,1.2,2014-11-05,1628,Aqua,MODIS,69,6.2,289.2,13.8,N,0
-19.2414,129.9891,307.2,1.3,1.1,2014-11-05,1629,Aqua,MODIS,45,6.2,292.4,9.6,N,0
-18.3411,128.7694,310.9,1.6,1.3,2014-11-05,1629,Aqua,MODIS,61,6.2,292.4,17.1,N,0
-17.0184,126.062,309.8,2.8,1.6,2014-11-05,1629,Aqua,MODIS,78,6.2,293.1,30.9,N,0
-18.34,128.7639,318.5,1.6,1.3,2014-11-05,1629,Aqua,MODIS,97,6.2,292.6,30.6,N,0
-18.3385,128.7539,313,1.6,1.3,2014-11-05,1629,Aqua,MODIS,86,6.2,292.1,21.3,N,0
-17.1447,128.9151,310.8,1.7,1.3,2014-11-05,1629,Aqua,MODIS,81,6.2,290.1,18.2,N,0
-19.2291,129.9785,313.9,1.3,1.1,2014-11-05,1629,Aqua,MODIS,39,6.2,293,15.8,N,0
-19.2393,129.9766,308,1.3,1.1,2014-11-05,1629,Aqua,MODIS,29,6.2,291.9,10,N,0
-18.3351,128.8024,307.2,1.6,1.3,2014-11-05,1629,Aqua,MODIS,46,6.2,291.3,14,N,0
-17.0195,126.0543,305.5,2.8,1.6,2014-11-05,1629,Aqua,MODIS,64,6.2,293,18.5,N,0
-18.3373,128.7484,303.3,1.6,1.3,2014-11-05,1629,Aqua,MODIS,53,6.2,291.8,7.8,N,0
-18.4137,128.7177,332.8,1.7,1.3,2014-11-05,1629,Aqua,MODIS,100,6.2,294.6,65.3,N,0
-18.4164,128.7332,305.7,1.6,1.3,2014-11-05,1629,Aqua,MODIS,30,6.2,294,10.5,N,0
-18.425,128.7156,328.2,1.7,1.3,2014-11-05,1629,Aqua,MODIS,100,6.2,292.9,52.4,N,0
-18.4218,128.7093,324.1,1.7,1.3,2014-11-05,1629,Aqua,MODIS,100,6.2,292,42.6,N,0
-18.4246,128.7247,320.2,1.6,1.3,2014-11-05,1629,Aqua,MODIS,100,6.2,293.3,34.1,N,0
-19.2721,130.1105,315.5,1.3,1.1,2014-11-05,1629,Aqua,MODIS,91,6.2,294.6,18.3,N,0
-19.2823,130.1086,332.5,1.3,1.1,2014-11-05,1629,Aqua,MODIS,100,6.2,297.4,45.9,N,0
-19.2924,130.1067,304.1,1.3,1.1,2014-11-05,1629,Aqua,MODIS,41,6.2,293.6,7.1,N,0
-19.2478,130.0898,304.7,1.3,1.1,2014-11-05,1629,Aqua,MODIS,61,6.2,292.8,8,N,0
-18.3325,128.7871,315.5,1.6,1.3,2014-11-05,1629,Aqua,MODIS,91,6.2,292.5,26.4,N,0
-18.7002,131.3101,301.6,1.1,1.1,2014-11-05,1629,Aqua,MODIS,43,6.2,290.9,5.3,N,0
-21.0895,130.8896,308.2,1.1,1.1,2014-11-05,1630,Aqua,MODIS,74,6.2,294,9.7,N,0
-19.5245,130.0838,313.7,1.3,1.1,2014-11-05,1630,Aqua,MODIS,88,6.2,289.8,18.5,N,0
-19.5265,130.0959,304.6,1.3,1.1,2014-11-05,1630,Aqua,MODIS,42,6.2,287.9,9.2,N,0
-19.6972,121.9374,317.6,4.8,2,2014-11-05,1630,Aqua,MODIS,95,6.2,292.8,147.5,N,0
-19.7017,121.9438,311.6,4.8,2,2014-11-05,1630,Aqua,MODIS,83,6.2,292.4,102.3,N,0
-18.9625,122.985,310.3,4.2,1.9,2014-11-05,1630,Aqua,MODIS,80,6.2,292.9,71.1,N,0
-18.451,122.4775,303,4.7,2,2014-11-05,1630,Aqua,MODIS,50,6.2,290.3,46.6,N,0
-18.4508,122.4726,302.7,4.7,2,2014-11-05,1630,Aqua,MODIS,49,6.2,290.2,44.3,N,0
-18.5383,122.8167,342.2,4.4,1.9,2014-11-05,1630,Aqua,MODIS,100,6.2,295.2,385.9,N,0
-18.5575,122.8073,304.9,4.4,1.9,2014-11-05,1630,Aqua,MODIS,23,6.2,292.7,40.5,N,0
-18.5315,122.7694,308.7,4.5,1.9,2014-11-05,1630,Aqua,MODIS,61,6.2,292.6,62.2,N,0
-18.523,122.8152,325,4.4,1.9,2014-11-05,1630,Aqua,MODIS,100,6.2,294.1,182.8,N,0
-18.5402,122.8112,339.8,4.4,1.9,2014-11-05,1630,Aqua,MODIS,100,6.2,295.1,358.2,N,0
-18.5317,122.8569,316.5,4.4,1.9,2014-11-05,1630,Aqua,MODIS,93,6.2,293.5,107.3,N,0
-18.5211,122.8208,322,4.4,1.9,2014-11-05,1630,Aqua,MODIS,100,6.2,293.7,158.1,N,0
-18.5467,122.8583,315.8,4.4,1.9,2014-11-05,1630,Aqua,MODIS,47,6.2,293.1,96.8,N,0
-18.5295,122.8625,309.3,4.4,1.9,2014-11-05,1630,Aqua,MODIS,60,6.2,293.1,61.3,N,0
-20.0032,125.6886,322.2,2.5,1.5,2014-11-05,1630,Aqua,MODIS,100,6.2,296.9,67.6,N,0
-20.0099,125.6828,319.2,2.5,1.5,2014-11-05,1630,Aqua,MODIS,98,6.2,296.7,57,N,0
-20.0373,125.6771,314.7,2.5,1.5,2014-11-05,1630,Aqua,MODIS,90,6.2,296.5,42.7,N,0
-19.5915,122.3001,317,4.6,2,2014-11-05,1630,Aqua,MODIS,69,6.2,284,154.1,N,0
-19.5941,122.3077,314.1,4.6,2,2014-11-05,1630,Aqua,MODIS,62,6.2,280.2,132.7,N,0
-18.9629,122.9767,303.4,4.2,1.9,2014-11-05,1630,Aqua,MODIS,55,6.2,293,34.8,N,0
-18.5489,122.8527,317.2,4.4,1.9,2014-11-05,1630,Aqua,MODIS,95,6.2,293.4,112.2,N,0
-19.585,122.2644,316.5,4.6,2,2014-11-05,1630,Aqua,MODIS,58,6.2,291.6,148.9,N,0
-24.1897,129.2045,306,1.2,1.1,2014-11-05,1631,Aqua,MODIS,66,6.2,294,9.5,N,0
-23.0463,122.302,304.4,3.8,1.8,2014-11-05,1631,Aqua,MODIS,25,6.2,293.9,30.5,N,0
-23.0231,122.3126,307.6,3.8,1.8,2014-11-05,1631,Aqua,MODIS,63,6.2,294.1,42.1,N,0
-23.0153,122.2757,320.9,3.8,1.8,2014-11-05,1631,Aqua,MODIS,100,6.2,295.5,119.7,N,0
-23.0315,122.2715,376.4,3.8,1.8,2014-11-05,1631,Aqua,MODIS,100,6.2,301.4,966.3,N,0
-23.0221,122.2693,334.9,3.8,1.8,2014-11-05,1631,Aqua,MODIS,100,6.2,296.9,238.2,N,0
-23.0301,122.3061,311.7,3.8,1.8,2014-11-05,1631,Aqua,MODIS,83,6.2,294.8,62.5,N,0
-23.0059,122.2734,304.1,3.8,1.8,2014-11-05,1631,Aqua,MODIS,58,6.2,293.9,30.7,N,0
-29.2725,129.4996,307.1,1.1,1,2014-11-05,1632,Aqua,MODIS,70,6.2,289.9,9.1,N,0
-29.1987,125.3959,311,1.7,1.3,2014-11-05,1632,Aqua,MODIS,81,6.2,293.7,21.7,N,0
-28.0214,124.6318,306.2,2,1.4,2014-11-05,1632,Aqua,MODIS,67,6.2,292.2,20,N,0
-29.1955,125.3912,309.8,1.7,1.3,2014-11-05,1632,Aqua,MODIS,78,6.2,293.9,19.4,N,0
-28.0173,124.6114,309.5,2,1.4,2014-11-05,1632,Aqua,MODIS,78,6.2,292.2,27.3,N,0
-28.018,124.6186,316.6,2,1.4,2014-11-05,1632,Aqua,MODIS,94,6.2,292.8,43.3,N,0
-29.1666,129.5383,310.7,1.1,1,2014-11-05,1632,Aqua,MODIS,81,6.2,288.9,13,N,0
-29.1683,129.5491,326.6,1.1,1,2014-11-05,1632,Aqua,MODIS,100,6.2,289.9,29.4,N,0
-29.1701,129.5598,301.9,1.1,1,2014-11-05,1632,Aqua,MODIS,45,6.2,286.3,7.2,N,0
-29.2708,129.4888,322.6,1.1,1,2014-11-05,1632,Aqua,MODIS,100,6.2,292.1,23.1,N,0
-29.2742,129.5105,320.3,1.1,1,2014-11-05,1632,Aqua,MODIS,100,6.2,289.5,20.5,N,0
-29.2759,129.5213,318.9,1.1,1,2014-11-05,1632,Aqua,MODIS,98,6.2,289.3,19,N,0
-29.2754,129.4811,321.2,1.1,1,2014-11-05,1632,Aqua,MODIS,100,6.2,291.8,22.4,N,0
-29.2771,129.4919,334.4,1.1,1,2014-11-05,1632,Aqua,MODIS,100,6.2,294,40,N,0
-29.2806,129.5135,323.8,1.1,1,2014-11-05,1632,Aqua,MODIS,100,6.2,290.2,25.7,N,0
-30.856,121.4891,305.5,2.8,1.6,2014-11-05,1633,Aqua,MODIS,64,6.2,286.4,38.2,N,2
-12.4932,142.9027,313.4,3.6,1.8,2014-11-06,0014,Terra,MODIS,58,6.2,284.5,43.4,D,0
-12.486,142.8983,310.5,3.6,1.8,2014-11-06,0014,Terra,MODIS,30,6.2,283.9,30.7,D,0
-12.5274,142.856,310.3,3.6,1.8,2014-11-06,0014,Terra,MODIS,30,6.2,282.8,28.5,D,0
-19.7513,142.8649,323.6,2.5,1.5,2014-11-06,0016,Terra,MODIS,65,6.2,304.4,36.6,D,0
-20.7575,148.4458,322.9,1.1,1,2014-11-06,0016,Terra,MODIS,28,6.2,300.8,16,D,0
-19.2338,140.4378,329.3,3.9,1.8,2014-11-06,0016,Terra,MODIS,64,6.2,301.1,111.4,D,0
-19.2295,140.4464,342.8,3.9,1.8,2014-11-06,0016,Terra,MODIS,90,6.2,301.8,257.8,D,0
-19.213,140.4501,324.4,3.9,1.8,2014-11-06,0016,Terra,MODIS,59,6.2,302.1,72.9,D,0
-19.2219,140.4094,327,3.9,1.8,2014-11-06,0016,Terra,MODIS,61,6.2,298.6,97.8,D,0
-23.3583,150.1577,321.4,1,1,2014-11-06,0017,Terra,MODIS,28,6.2,302.2,10.3,D,0
-23.1309,146.287,334.8,1.3,1.1,2014-11-06,0017,Terra,MODIS,76,6.2,299.8,30.6,D,0
-26.25,148.4289,334.5,1,1,2014-11-06,0017,Terra,MODIS,81,6.2,313.4,16.3,D,0
-23.3465,150.1397,330.4,1,1,2014-11-06,0017,Terra,MODIS,75,6.2,304.9,19,D,0
-23.3479,150.1495,328.6,1,1,2014-11-06,0017,Terra,MODIS,72,6.2,304.5,17.6,D,0
-23.3569,150.148,328,1,1,2014-11-06,0017,Terra,MODIS,70,6.2,305.3,17.1,D,0
-23.3659,150.1465,334.4,1,1,2014-11-06,0017,Terra,MODIS,80,6.2,302.3,24.1,D,0
-23.1229,146.3015,345.5,1.3,1.1,2014-11-06,0017,Terra,MODIS,89,6.2,304.3,54.8,D,0
-23.1208,146.289,376.4,1.3,1.1,2014-11-06,0017,Terra,MODIS,100,6.2,307.6,179.8,D,0
-23.1128,146.3035,330.3,1.3,1.1,2014-11-06,0017,Terra,MODIS,62,6.2,304.3,19.8,D,0
-23.1107,146.2911,350.3,1.3,1.1,2014-11-06,0017,Terra,MODIS,93,6.2,308,69.2,D,0
-23.9323,145.8144,348.7,1.3,1.1,2014-11-06,0017,Terra,MODIS,92,6.2,310.7,64.8,D,0
-23.9426,145.8123,368.6,1.3,1.1,2014-11-06,0017,Terra,MODIS,100,6.2,311.6,143.9,D,0
-23.9448,145.8253,337.5,1.3,1.1,2014-11-06,0017,Terra,MODIS,81,6.2,309.6,32.3,D,0
-28.6625,142.5388,328,1.7,1.3,2014-11-06,0018,Terra,MODIS,58,6.2,313.7,21.9,D,0
-26.8133,150.837,325.3,1.1,1,2014-11-06,0018,Terra,MODIS,75,6.2,302.8,14.9,D,0
-28.6658,142.5564,340.1,1.7,1.3,2014-11-06,0018,Terra,MODIS,85,6.2,315.5,62.2,D,0
-28.6612,142.5516,345.5,1.7,1.3,2014-11-06,0018,Terra,MODIS,90,6.2,315.8,81.3,D,0
-27.3171,152.985,322.5,1.4,1.2,2014-11-06,0018,Terra,MODIS,56,6.2,304.7,9.9,D,2
-28.6543,142.5593,328.1,1.7,1.3,2014-11-06,0018,Terra,MODIS,63,6.2,312.6,24.2,D,0
-28.6671,142.4574,363.2,1.8,1.3,2014-11-06,0018,Terra,MODIS,100,6.2,313,183,D,0
-28.669,148.2898,334.9,1,1,2014-11-06,0018,Terra,MODIS,78,6.2,316,13,D,0
-28.6675,148.2796,344,1,1,2014-11-06,0018,Terra,MODIS,88,6.2,316.9,27.6,D,0
-28.6705,148.3,335.1,1,1,2014-11-06,0018,Terra,MODIS,79,6.2,315.1,13.2,D,0
-28.6787,142.4546,398.1,1.8,1.3,2014-11-06,0018,Terra,MODIS,100,6.2,320,516.8,D,0
-28.6821,142.4724,364.4,1.8,1.3,2014-11-06,0018,Terra,MODIS,100,6.2,314.1,182.3,D,0
-28.6869,142.4338,359.9,1.8,1.3,2014-11-06,0018,Terra,MODIS,0,6.2,313.3,160.8,D,0
-28.6903,142.4517,374.6,1.8,1.3,2014-11-06,0018,Terra,MODIS,87,6.2,316.4,260.2,D,0
-28.6937,142.4695,334.8,1.8,1.3,2014-11-06,0018,Terra,MODIS,63,6.2,311.7,34,D,0
-28.7053,142.4666,334.9,1.8,1.3,2014-11-06,0018,Terra,MODIS,52,6.2,312.6,37,D,0
-28.624,150.2364,341.2,1.1,1,2014-11-06,0018,Terra,MODIS,89,6.2,310,33.5,D,0
-28.6291,150.2296,340.3,1.1,1,2014-11-06,0018,Terra,MODIS,88,6.2,309.7,32.3,D,0
-29.265,150.5196,322.2,1.1,1,2014-11-06,0018,Terra,MODIS,30,6.2,304.8,9.2,D,0
-31.44,146.2217,326.3,1,1,2014-11-06,0019,Terra,MODIS,63,6.2,309.2,10.5,D,0
-33.2841,149.103,315.1,1.1,1,2014-11-06,0019,Terra,MODIS,48,6.2,301.4,5.3,D,0
-37.1014,149.1333,303.6,1.2,1.1,2014-11-06,0020,Terra,MODIS,27,6.2,292.2,6.7,D,0
-36.0656,146.5788,319,1,1,2014-11-06,0020,Terra,MODIS,75,6.2,296.4,9.7,D,0
-37.8197,145.3048,311,1,1,2014-11-06,0021,Terra,MODIS,38,6.2,293.1,5.1,D,0
-37.8168,144.5709,312.4,1,1,2014-11-06,0021,Terra,MODIS,64,6.2,294.8,3.8,D,0
-37.815,144.5592,331.4,1,1,2014-11-06,0021,Terra,MODIS,87,6.2,296,24.2,D,0
-41.4029,146.1628,312.9,1,1,2014-11-06,0022,Terra,MODIS,65,6.2,285.1,12.7,D,0
-13.0881,136.2806,311.6,3.4,1.7,2014-11-06,0152,Terra,MODIS,0,6.2,284.5,38.3,D,0
-14.4071,126.2113,334.3,1,1,2014-11-06,0153,Terra,MODIS,83,6.2,301,20.6,D,0
-14.4085,126.2207,338,1,1,2014-11-06,0153,Terra,MODIS,86,6.2,303.3,27.3,D,0
-14.4175,126.2193,338,1,1,2014-11-06,0153,Terra,MODIS,83,6.2,301.6,27.7,D,0
-16.4192,132.9097,327.9,2.1,1.4,2014-11-06,0153,Terra,MODIS,71,6.2,305.9,36.1,D,0
-16.4219,132.9228,325.8,2.1,1.4,2014-11-06,0153,Terra,MODIS,66,6.2,306.2,28.1,D,0
-16.6438,133.7403,324.3,2.4,1.5,2014-11-06,0153,Terra,MODIS,32,6.2,289.9,55.8,D,0
-16.6463,133.763,330.1,2.4,1.5,2014-11-06,0153,Terra,MODIS,55,6.2,292,78.4,D,0
-16.6488,133.7858,333.1,2.4,1.5,2014-11-06,0153,Terra,MODIS,33,6.2,295.2,81.6,D,0
-16.6573,133.7387,400,2.4,1.5,2014-11-06,0153,Terra,MODIS,100,6.2,302.5,885.2,D,0
-16.6598,133.7615,349.6,2.4,1.5,2014-11-06,0153,Terra,MODIS,82,6.2,303.3,182.6,D,0
-16.6649,133.8072,328.1,2.5,1.5,2014-11-06,0153,Terra,MODIS,29,6.2,298.5,50,D,0
-16.6708,133.7372,366.2,2.4,1.5,2014-11-06,0153,Terra,MODIS,100,6.2,294.9,325.5,D,0
-16.6785,133.8056,335.5,2.5,1.5,2014-11-06,0153,Terra,MODIS,82,6.2,299.7,81.5,D,0
-16.6844,133.7357,345,2.4,1.5,2014-11-06,0153,Terra,MODIS,89,6.2,300,131.5,D,0
-13.9278,126.0276,315.8,1,1,2014-11-06,0153,Terra,MODIS,38,6.2,301.4,8.7,D,3
-15.543,130.014,332.6,1.3,1.1,2014-11-06,0153,Terra,MODIS,71,6.2,308.7,19.3,D,0
-15.5616,129.9993,434.8,1.3,1.1,2014-11-06,0153,Terra,MODIS,100,6.2,319,731.2,D,0
-15.6021,127.5062,334.9,1,1,2014-11-06,0153,Terra,MODIS,81,6.2,301.4,19.6,D,0
-15.55,129.9893,339.3,1.3,1.1,2014-11-06,0153,Terra,MODIS,77,6.2,310.6,31.8,D,0
-15.5329,130.0154,335.1,1.3,1.1,2014-11-06,0153,Terra,MODIS,74,6.2,307.9,24.8,D,0
-15.5515,130.0009,344.8,1.3,1.1,2014-11-06,0153,Terra,MODIS,90,6.2,311.5,45.6,D,0
-15.5485,129.9777,350.3,1.3,1.1,2014-11-06,0153,Terra,MODIS,94,6.2,309.2,61.4,D,0
-15.6008,127.4968,326.1,1,1,2014-11-06,0153,Terra,MODIS,46,6.2,299.8,7.9,D,0
-15.5631,130.011,337.7,1.3,1.1,2014-11-06,0153,Terra,MODIS,83,6.2,308.1,28.5,D,0
-15.5917,127.4982,346.5,1,1,2014-11-06,0153,Terra,MODIS,91,6.2,303.1,39.9,D,0
-15.5931,127.5076,330.1,1,1,2014-11-06,0153,Terra,MODIS,65,6.2,302.2,13.1,D,0
-15.56,129.9877,382.6,1.3,1.1,2014-11-06,0153,Terra,MODIS,100,6.2,310,206.5,D,0
-15.5314,130.0038,336.8,1.3,1.1,2014-11-06,0153,Terra,MODIS,78,6.2,309.8,27.8,D,0
-15.4807,125.2728,338.9,1.1,1,2014-11-06,0153,Terra,MODIS,77,6.2,304.9,25.7,D,0
-15.4913,125.2953,332.8,1.1,1,2014-11-06,0153,Terra,MODIS,76,6.2,303.5,20,D,0
-15.6394,127.4467,342.5,1,1,2014-11-06,0153,Terra,MODIS,88,6.2,305.5,31.5,D,0
-15.6408,127.4561,335.7,1,1,2014-11-06,0153,Terra,MODIS,76,6.2,304.7,20.2,D,0
-15.6471,127.4361,336.5,1,1,2014-11-06,0153,Terra,MODIS,82,6.2,299.9,22.3,D,0
-15.4822,125.2827,355.1,1.1,1,2014-11-06,0153,Terra,MODIS,97,6.2,306.1,60.1,D,0
-15.6484,127.4454,355,1,1,2014-11-06,0153,Terra,MODIS,97,6.2,305.5,57.6,D,0
-15.6498,127.4548,336.3,1,1,2014-11-06,0153,Terra,MODIS,82,6.2,303.1,20.6,D,0
-15.4898,125.2855,332.7,1.1,1,2014-11-06,0153,Terra,MODIS,76,6.2,303.6,19.9,D,0
-15.4852,125.3025,343.7,1.1,1,2014-11-06,0153,Terra,MODIS,89,6.2,304.9,36.2,D,0
-15.476,125.3039,333.5,1.1,1,2014-11-06,0153,Terra,MODIS,72,6.2,305.5,17.6,D,0
-15.4714,125.2743,336,1.1,1,2014-11-06,0153,Terra,MODIS,66,6.2,304.3,19.8,D,0
-15.456,125.297,339.1,1.1,1,2014-11-06,0153,Terra,MODIS,66,6.2,305.6,27.3,D,0
-15.4837,125.2926,357.9,1.1,1,2014-11-06,0153,Terra,MODIS,98,6.2,306.6,68.6,D,0
-18.679,122.4491,370.2,1.3,1.1,2014-11-06,0154,Terra,MODIS,100,6.2,313.4,150,D,0
-18.5066,122.8334,342,1.3,1.1,2014-11-06,0154,Terra,MODIS,64,6.2,314.9,28.8,D,0
-16.0897,125.1002,381.7,1.1,1,2014-11-06,0154,Terra,MODIS,100,6.2,309.1,158.8,D,0
-18.5348,122.754,348.7,1.3,1.1,2014-11-06,0154,Terra,MODIS,77,6.2,320.4,48.1,D,0
-16.7997,129.1212,364,1.2,1.1,2014-11-06,0154,Terra,MODIS,100,6.2,312.7,98.2,D,0
-18.563,122.7365,338.7,1.3,1.1,2014-11-06,0154,Terra,MODIS,44,6.2,319.3,15.5,D,0
-18.565,122.7486,390.3,1.3,1.1,2014-11-06,0154,Terra,MODIS,100,6.2,322.1,246.1,D,0
-18.5549,122.7504,354.2,1.3,1.1,2014-11-06,0154,Terra,MODIS,95,6.2,322.2,60.1,D,0
-18.5328,122.7419,379.3,1.3,1.1,2014-11-06,0154,Terra,MODIS,100,6.2,318.4,182.2,D,0
-18.7138,122.3585,405.3,1.3,1.2,2014-11-06,0154,Terra,MODIS,100,6.2,320.1,410.6,D,0
-18.716,122.3712,410.8,1.3,1.1,2014-11-06,0154,Terra,MODIS,100,6.2,324,466.2,D,0
-18.7241,122.3567,372.7,1.3,1.2,2014-11-06,0154,Terra,MODIS,100,6.2,318.4,157.2,D,0
-18.7263,122.3694,346.2,1.3,1.1,2014-11-06,0154,Terra,MODIS,56,6.2,317.6,43.4,D,0
-18.7344,122.3548,344.2,1.3,1.2,2014-11-06,0154,Terra,MODIS,55,6.2,318.2,35.3,D,0
-18.7077,122.4309,359.7,1.3,1.1,2014-11-06,0154,Terra,MODIS,99,6.2,318.9,92.6,D,0
-16.7982,129.1101,354.7,1.2,1.1,2014-11-06,0154,Terra,MODIS,96,6.2,311.2,66.4,D,0
-16.79,129.1226,349.1,1.2,1.1,2014-11-06,0154,Terra,MODIS,92,6.2,311.4,51,D,0
-18.5084,122.8396,344.9,1.3,1.1,2014-11-06,0154,Terra,MODIS,80,6.2,317,40.3,D,0
-16.0805,125.1016,348.7,1.1,1,2014-11-06,0154,Terra,MODIS,93,6.2,296.8,48.8,D,0
-18.5609,122.7866,364.5,1.3,1.1,2014-11-06,0154,Terra,MODIS,100,6.2,318.7,100,D,0
-18.5629,122.7987,364.2,1.3,1.1,2014-11-06,0154,Terra,MODIS,100,6.2,319,99,D,0
-18.8417,122.9974,338.7,1.2,1.1,2014-11-06,0154,Terra,MODIS,44,6.2,319.7,17.8,D,0
-18.8319,122.9991,353,1.2,1.1,2014-11-06,0154,Terra,MODIS,94,6.2,319.9,55.1,D,0
-18.7057,122.4183,345.4,1.3,1.1,2014-11-06,0154,Terra,MODIS,66,6.2,313.9,46.1,D,0
-16.2397,124.7174,335.3,1.1,1,2014-11-06,0154,Terra,MODIS,78,6.2,307.1,17.9,D,0
-16.2381,124.7072,338.7,1.1,1,2014-11-06,0154,Terra,MODIS,84,6.2,307.1,24.9,D,0
-19.1136,122.9054,358.2,1.2,1.1,2014-11-06,0154,Terra,MODIS,98,6.2,323.3,71.3,D,0
-18.6996,122.4454,348.6,1.3,1.1,2014-11-06,0154,Terra,MODIS,74,6.2,315.9,51.3,D,0
-18.6975,122.4328,348.6,1.3,1.1,2014-11-06,0154,Terra,MODIS,69,6.2,316.3,54.4,D,0
-18.6893,122.4472,358.5,1.3,1.1,2014-11-06,0154,Terra,MODIS,98,6.2,313.9,92.8,D,0
-18.6872,122.4346,354.6,1.3,1.1,2014-11-06,0154,Terra,MODIS,96,6.2,312.1,80.7,D,0
-18.5649,122.8106,357.4,1.3,1.1,2014-11-06,0154,Terra,MODIS,98,6.2,318.3,72.8,D,0
-18.6769,122.4365,363.3,1.3,1.1,2014-11-06,0154,Terra,MODIS,100,6.2,310.1,119.3,D,0
-19.1448,123.2177,363.9,1.2,1.1,2014-11-06,0154,Terra,MODIS,100,6.2,324.1,82.4,D,0
-19.143,123.2065,343.9,1.2,1.1,2014-11-06,0154,Terra,MODIS,70,6.2,317.8,22.1,D,0
-19.1351,123.2195,346,1.2,1.1,2014-11-06,0154,Terra,MODIS,74,6.2,325,29.7,D,0
-18.4463,122.4584,338,1.3,1.1,2014-11-06,0154,Terra,MODIS,31,6.2,316.4,24.9,D,0
-18.4485,122.4903,338.6,1.3,1.1,2014-11-06,0154,Terra,MODIS,60,6.2,316.2,19.6,D,0
-19.1333,123.2083,359.2,1.2,1.1,2014-11-06,0154,Terra,MODIS,99,6.2,324,69.5,D,0
-19.0958,123.1752,344,1.2,1.1,2014-11-06,0154,Terra,MODIS,69,6.2,323.1,22.9,D,0
-18.9717,122.4797,336.9,1.3,1.1,2014-11-06,0154,Terra,MODIS,35,6.2,320.3,16.2,D,0
-18.9615,122.4816,344.1,1.3,1.1,2014-11-06,0154,Terra,MODIS,84,6.2,319.2,33.6,D,0
-18.9574,122.4568,342.6,1.3,1.1,2014-11-06,0154,Terra,MODIS,84,6.2,318.9,33.1,D,0
-18.498,122.5331,336.2,1.3,1.1,2014-11-06,0154,Terra,MODIS,31,6.2,316.2,13.1,D,0
-19.0861,123.1769,341.9,1.2,1.1,2014-11-06,0154,Terra,MODIS,58,6.2,320.7,19.5,D,0
-19.0033,122.9198,336.7,1.2,1.1,2014-11-06,0154,Terra,MODIS,49,6.2,320.7,10.3,D,0
-18.9472,122.4587,345.2,1.3,1.1,2014-11-06,0154,Terra,MODIS,87,6.2,317.9,40.9,D,0
-18.9934,122.9216,342.4,1.2,1.1,2014-11-06,0154,Terra,MODIS,75,6.2,322.1,21.1,D,0
-16.0975,125.0889,335.5,1.1,1,2014-11-06,0154,Terra,MODIS,76,6.2,304.8,23,D,0
-19.345,123.5164,367.8,1.1,1.1,2014-11-06,0154,Terra,MODIS,100,6.2,328.9,94,D,0
-19.3432,123.5055,390.3,1.1,1.1,2014-11-06,0154,Terra,MODIS,100,6.2,328,203.6,D,0
-19.3415,123.4947,371.8,1.1,1.1,2014-11-06,0154,Terra,MODIS,100,6.2,324.6,107.9,D,0
-19.0694,123.0746,355.1,1.2,1.1,2014-11-06,0154,Terra,MODIS,91,6.2,323.1,56.8,D,0
-16.2243,124.7161,338.4,1.1,1,2014-11-06,0154,Terra,MODIS,82,6.2,309,21.7,D,0
-18.7099,122.6347,347.2,1.3,1.1,2014-11-06,0154,Terra,MODIS,60,6.2,319,42.4,D,0
-18.7018,122.6488,356.2,1.3,1.1,2014-11-06,0154,Terra,MODIS,97,6.2,318.1,74.1,D,0
-18.9228,122.5015,341,1.3,1.1,2014-11-06,0154,Terra,MODIS,76,6.2,319.6,27.5,D,0
-18.5469,122.7643,341,1.3,1.1,2014-11-06,0154,Terra,MODIS,70,6.2,320.3,21,D,0
-16.1138,124.9676,338.6,1.1,1,2014-11-06,0154,Terra,MODIS,84,6.2,311.5,20.7,D,0
-16.1154,124.9775,352.7,1.1,1,2014-11-06,0154,Terra,MODIS,95,6.2,312.8,52.1,D,0
-18.7143,122.4236,347.5,1.3,1.1,2014-11-06,0154,Terra,MODIS,86,6.2,318.3,41.4,D,0
-19.3398,123.4838,387.7,1.1,1.1,2014-11-06,0154,Terra,MODIS,100,6.2,327.3,187.7,D,0
-18.7682,122.7366,343.3,1.3,1.1,2014-11-06,0154,Terra,MODIS,68,6.2,320.4,21.9,D,0
-16.0882,125.0903,359.1,1.1,1,2014-11-06,0154,Terra,MODIS,99,6.2,307.7,74.4,D,0
-18.7076,122.3657,403,1.3,1.2,2014-11-06,0154,Terra,MODIS,100,6.2,317.8,394,D,0
-18.7097,122.3784,350.9,1.3,1.1,2014-11-06,0154,Terra,MODIS,93,6.2,313.4,71.4,D,0
-16.1231,124.966,342.5,1.1,1,2014-11-06,0154,Terra,MODIS,88,6.2,311.7,28.4,D,0
-18.4139,128.7016,336.8,1.2,1.1,2014-11-06,0154,Terra,MODIS,66,6.2,314.7,17.4,D,0
-18.4145,128.7801,359,1.2,1.1,2014-11-06,0154,Terra,MODIS,99,6.2,309.5,84.7,D,0
-18.413,128.7691,349.5,1.2,1.1,2014-11-06,0154,Terra,MODIS,92,6.2,310.1,54,D,0
-18.4042,128.703,367.9,1.2,1.1,2014-11-06,0154,Terra,MODIS,100,6.2,313.9,106.9,D,0
-18.3241,129.7159,341.9,1.3,1.1,2014-11-06,0154,Terra,MODIS,85,6.2,309.3,40.5,D,0
-19.2303,129.9756,334.7,1.4,1.2,2014-11-06,0154,Terra,MODIS,64,6.2,316.6,23.6,D,0
-18.3225,129.7035,409.9,1.3,1.1,2014-11-06,0154,Terra,MODIS,94,6.2,310.4,449.9,D,0
-18.68,131.3496,333.8,1.7,1.3,2014-11-06,0154,Terra,MODIS,43,6.2,317,19.8,D,0
-17.7369,129.7457,336.6,1.3,1.1,2014-11-06,0154,Terra,MODIS,82,6.2,310,29.2,D,0
-19.4919,126.4807,364.2,1,1,2014-11-06,0154,Terra,MODIS,100,6.2,312.4,75.7,D,0
-19.4905,126.4711,365.7,1,1,2014-11-06,0154,Terra,MODIS,100,6.2,313.3,80.6,D,0
-19.4829,126.4821,355.6,1,1,2014-11-06,0154,Terra,MODIS,96,6.2,312.7,50.2,D,0
-19.4815,126.4725,373.2,1,1,2014-11-06,0154,Terra,MODIS,100,6.2,316,103.3,D,0
-19.4801,126.463,336.4,1,1,2014-11-06,0154,Terra,MODIS,55,6.2,314.1,12.6,D,0
-19.4766,126.5026,362.7,1,1,2014-11-06,0154,Terra,MODIS,100,6.2,318.5,68.9,D,0
-19.4752,126.493,377,1,1,2014-11-06,0154,Terra,MODIS,100,6.2,317.5,115.8,D,0
-19.4676,126.504,345.2,1,1,2014-11-06,0154,Terra,MODIS,87,6.2,319,26.3,D,0
-18.3589,129.68,335.7,1.3,1.1,2014-11-06,0154,Terra,MODIS,73,6.2,306.9,29.8,D,0
-16.6814,130.4928,337,1.4,1.2,2014-11-06,0154,Terra,MODIS,81,6.2,309,31.3,D,0
-16.6769,130.5,341.9,1.4,1.2,2014-11-06,0154,Terra,MODIS,86,6.2,310.7,40.9,D,0
-18.3139,129.7174,411.7,1.3,1.1,2014-11-06,0154,Terra,MODIS,100,6.2,313.3,467,D,0
-19.4662,126.4945,354.1,1,1,2014-11-06,0154,Terra,MODIS,95,6.2,318.2,44.8,D,0
-18.3122,129.705,406.3,1.3,1.1,2014-11-06,0154,Terra,MODIS,100,6.2,316.4,409.7,D,0
-18.3106,129.6926,427.1,1.3,1.1,2014-11-06,0154,Terra,MODIS,100,6.2,315.4,659,D,0
-18.3502,129.6938,371.3,1.3,1.1,2014-11-06,0154,Terra,MODIS,100,6.2,314,155.7,D,0
-18.3486,129.6814,362.3,1.3,1.1,2014-11-06,0154,Terra,MODIS,100,6.2,309.4,115.1,D,0
-19.4585,126.5054,345,1,1,2014-11-06,0154,Terra,MODIS,87,6.2,317.5,25.1,D,0
-19.4572,126.4959,371.1,1,1,2014-11-06,0154,Terra,MODIS,100,6.2,319.4,92.9,D,0
-19.4481,126.4973,368.2,1,1,2014-11-06,0154,Terra,MODIS,100,6.2,319.3,83,D,0
-18.3036,129.7188,353.5,1.3,1.1,2014-11-06,0154,Terra,MODIS,95,6.2,309.7,74.5,D,0
-19.4468,126.4877,357.1,1,1,2014-11-06,0154,Terra,MODIS,98,6.2,317.1,47.9,D,0
-19.4454,126.4782,339.7,1,1,2014-11-06,0154,Terra,MODIS,60,6.2,318.2,12.4,D,0
-19.4404,126.5049,340.5,1,1,2014-11-06,0154,Terra,MODIS,42,6.2,318.8,16.1,D,0
-19.439,126.4954,383,1,1,2014-11-06,0154,Terra,MODIS,100,6.2,321.3,136.2,D,0
-19.4376,126.4858,340.7,1,1,2014-11-06,0154,Terra,MODIS,54,6.2,316.8,10.9,D,0
-18.302,129.7064,346.7,1.3,1.1,2014-11-06,0154,Terra,MODIS,90,6.2,311.2,51.2,D,0
-19.232,129.989,342.6,1.4,1.2,2014-11-06,0154,Terra,MODIS,85,6.2,315.7,45,D,0
-17.1736,124.4255,340.8,1.1,1,2014-11-06,0154,Terra,MODIS,83,6.2,310.7,28.8,D,0
-18.3931,128.6934,338.3,1.2,1.1,2014-11-06,0154,Terra,MODIS,78,6.2,314.6,22.4,D,0
-18.391,128.8459,340.6,1.2,1.1,2014-11-06,0154,Terra,MODIS,82,6.2,308.2,37.9,D,0
-18.3715,128.7025,352.5,1.2,1.1,2014-11-06,0154,Terra,MODIS,94,6.2,316.6,55.4,D,0
-18.3813,128.8473,331.2,1.2,1.1,2014-11-06,0154,Terra,MODIS,52,6.2,308,18.3,D,0
-17.1759,124.624,331.8,1.1,1,2014-11-06,0154,Terra,MODIS,43,6.2,311.2,8.7,D,0
-17.1743,124.6138,336,1.1,1,2014-11-06,0154,Terra,MODIS,64,6.2,313.5,14.7,D,0
-17.165,124.6154,333.6,1.1,1,2014-11-06,0154,Terra,MODIS,53,6.2,312.7,11.4,D,0
-17.1586,124.5748,336,1.1,1,2014-11-06,0154,Terra,MODIS,57,6.2,314.2,12.9,D,0
-18.3945,128.7043,356.1,1.2,1.1,2014-11-06,0154,Terra,MODIS,97,6.2,312.6,65.1,D,0
-17.1583,128.913,338,1.2,1.1,2014-11-06,0154,Terra,MODIS,79,6.2,292.4,28.7,D,0
-18.4033,128.7704,337.3,1.2,1.1,2014-11-06,0154,Terra,MODIS,64,6.2,309.9,24.1,D,0
-18.4027,128.692,341,1.2,1.1,2014-11-06,0154,Terra,MODIS,83,6.2,313.4,27.4,D,0
-18.4242,128.7787,331.9,1.2,1.1,2014-11-06,0154,Terra,MODIS,63,6.2,308.5,19.6,D,0
-18.4227,128.7677,332.8,1.2,1.1,2014-11-06,0154,Terra,MODIS,63,6.2,310,18.7,D,0
-19.421,126.4982,351.7,1,1,2014-11-06,0154,Terra,MODIS,93,6.2,319.1,38.5,D,0
-19.4196,126.4887,343.2,1,1,2014-11-06,0154,Terra,MODIS,58,6.2,317.9,18.4,D,0
-18.2713,129.7107,335.8,1.3,1.1,2014-11-06,0154,Terra,MODIS,66,6.2,311.6,23.1,D,0
-19.4119,126.4996,352.7,1,1,2014-11-06,0154,Terra,MODIS,94,6.2,318.7,37.9,D,0
-16.683,130.506,335,1.4,1.2,2014-11-06,0154,Terra,MODIS,78,6.2,309.6,25.3,D,0
-19.4105,126.4901,346,1,1,2014-11-06,0154,Terra,MODIS,57,6.2,319.1,23,D,0
-19.3939,126.5025,339.4,1,1,2014-11-06,0154,Terra,MODIS,67,6.2,319.4,13.3,D,0
-17.1752,124.4357,358.7,1.1,1,2014-11-06,0154,Terra,MODIS,99,6.2,311.5,72.4,D,0
-18.3941,128.8509,329,1.2,1.1,2014-11-06,0154,Terra,MODIS,49,6.2,307.7,15.8,D,0
-18.3834,128.6948,366.7,1.2,1.1,2014-11-06,0154,Terra,MODIS,100,6.2,318.4,104.1,D,0
-18.3849,128.7057,389.5,1.2,1.1,2014-11-06,0154,Terra,MODIS,100,6.2,316.2,216.3,D,0
-18.4023,128.8384,335.9,1.2,1.1,2014-11-06,0154,Terra,MODIS,76,6.2,306.2,28.6,D,0
-18.3605,129.6924,339.5,1.3,1.1,2014-11-06,0154,Terra,MODIS,82,6.2,310.1,37.3,D,0
-18.3926,128.8398,335.9,1.2,1.1,2014-11-06,0154,Terra,MODIS,76,6.2,307.6,28.3,D,0
-18.3752,128.7071,364.2,1.2,1.1,2014-11-06,0154,Terra,MODIS,100,6.2,315.4,94.6,D,0
-18.4038,128.8496,333.8,1.2,1.1,2014-11-06,0154,Terra,MODIS,71,6.2,307.1,24.1,D,0
-18.3738,128.6961,360.3,1.2,1.1,2014-11-06,0154,Terra,MODIS,100,6.2,318,81.1,D,0
-19.518,130.084,335.3,1.4,1.2,2014-11-06,0154,Terra,MODIS,74,6.2,315.3,25.5,D,0
-16.6752,130.4869,344.1,1.4,1.2,2014-11-06,0154,Terra,MODIS,88,6.2,310.6,46.7,D,0
-18.3004,129.694,339.2,1.3,1.1,2014-11-06,0154,Terra,MODIS,49,6.2,310.2,31.4,D,0
-18.2934,129.7203,337.3,1.3,1.1,2014-11-06,0154,Terra,MODIS,67,6.2,309.6,26.4,D,0
-19.2425,129.9876,333.1,1.4,1.2,2014-11-06,0154,Terra,MODIS,59,6.2,315,19.8,D,0
-19.2527,130.0685,342.8,1.4,1.2,2014-11-06,0154,Terra,MODIS,60,6.2,318.2,39.8,D,0
-18.3633,128.7148,392.3,1.2,1.1,2014-11-06,0154,Terra,MODIS,100,6.2,319.1,232.8,D,0
-18.3402,128.7629,339,1.2,1.1,2014-11-06,0154,Terra,MODIS,69,6.2,316.6,20.4,D,0
-18.3334,128.7862,344,1.2,1.1,2014-11-06,0154,Terra,MODIS,78,6.2,315.2,30.4,D,0
-18.34,129.6951,340.5,1.3,1.1,2014-11-06,0154,Terra,MODIS,76,6.2,306.1,41.8,D,0
-18.332,128.7752,343.2,1.2,1.1,2014-11-06,0154,Terra,MODIS,78,6.2,316,30.2,D,0
-18.3252,128.7986,340.8,1.2,1.1,2014-11-06,0154,Terra,MODIS,70,6.2,313,26.1,D,0
-18.2917,129.7078,346.2,1.3,1.1,2014-11-06,0154,Terra,MODIS,89,6.2,313,47.3,D,0
-18.2901,129.6954,344.2,1.3,1.1,2014-11-06,0154,Terra,MODIS,88,6.2,312.9,39.6,D,0
-18.2815,129.7093,336.5,1.3,1.1,2014-11-06,0154,Terra,MODIS,69,6.2,312.8,23.2,D,0
-19.3862,126.5134,347.1,1,1,2014-11-06,0154,Terra,MODIS,89,6.2,320.4,26.3,D,0
-18.3313,129.7089,365.7,1.3,1.1,2014-11-06,0154,Terra,MODIS,100,6.2,306.9,125.5,D,0
-19.4362,126.4763,340.3,1,1,2014-11-06,0154,Terra,MODIS,38,6.2,318.9,12.1,D,0
-18.3226,129.7228,333.6,1.3,1.1,2014-11-06,0154,Terra,MODIS,72,6.2,308.9,24.1,D,0
-18.321,129.7104,361.5,1.3,1.1,2014-11-06,0154,Terra,MODIS,100,6.2,310.9,106.9,D,0
-18.3195,129.698,421,1.3,1.1,2014-11-06,0154,Terra,MODIS,87,6.2,309.2,581,D,0
-19.4223,126.5078,335.6,1,1,2014-11-06,0154,Terra,MODIS,71,6.2,316.6,9.9,D,0
-19.4314,126.5064,337.8,1,1,2014-11-06,0154,Terra,MODIS,52,6.2,317.8,12.5,D,0
-17.1565,125.2117,333.3,1,1,2014-11-06,0154,Terra,MODIS,67,6.2,310.5,13.5,D,0
-19.43,126.4968,364.1,1,1,2014-11-06,0154,Terra,MODIS,100,6.2,319.7,68.7,D,0
-19.4286,126.4873,358.1,1,1,2014-11-06,0154,Terra,MODIS,98,6.2,317.9,49.1,D,0
-19.4272,126.4777,342.2,1,1,2014-11-06,0154,Terra,MODIS,40,6.2,318.1,16.5,D,0
-19.4489,126.4386,336.1,1,1,2014-11-06,0154,Terra,MODIS,37,6.2,318.1,10.1,D,0
-19.4399,126.44,337.5,1,1,2014-11-06,0154,Terra,MODIS,63,6.2,317.5,11.7,D,0
-19.8246,129.612,343.7,1.4,1.2,2014-11-06,0154,Terra,MODIS,86,6.2,313.7,47.4,D,0
-19.8262,129.625,354.5,1.4,1.2,2014-11-06,0154,Terra,MODIS,96,6.2,315.7,80.6,D,0
-19.8279,129.638,338.8,1.4,1.2,2014-11-06,0154,Terra,MODIS,58,6.2,314.6,31.5,D,0
-19.835,129.6106,419.4,1.4,1.2,2014-11-06,0154,Terra,MODIS,100,6.2,323.2,582.4,D,0
-19.8366,129.6236,459.7,1.4,1.2,2014-11-06,0154,Terra,MODIS,100,6.2,335.6,1297.4,D,0
-19.8383,129.6366,344.3,1.4,1.2,2014-11-06,0154,Terra,MODIS,86,6.2,314.6,47.4,D,0
-19.8454,129.6092,345.3,1.4,1.2,2014-11-06,0154,Terra,MODIS,87,6.2,309,54.2,D,0
-19.8471,129.6221,346.7,1.4,1.2,2014-11-06,0154,Terra,MODIS,89,6.2,310.2,56.8,D,0
-18.2504,133.0354,360.1,2.3,1.5,2014-11-06,0154,Terra,MODIS,100,6.2,320.8,209.4,D,0
-18.7088,131.2968,338,1.7,1.3,2014-11-06,0154,Terra,MODIS,40,6.2,315.8,34.4,D,0
-18.2527,133.0568,342.4,2.3,1.5,2014-11-06,0154,Terra,MODIS,88,6.2,318.4,81.2,D,0
-18.125,133.0625,339.7,2.3,1.5,2014-11-06,0154,Terra,MODIS,82,6.2,309.4,64.5,D,0
-18.2535,133.0417,375,2.3,1.5,2014-11-06,0154,Terra,MODIS,100,6.2,322,365,D,0
-18.1119,133.064,369.4,2.3,1.5,2014-11-06,0154,Terra,MODIS,100,6.2,316.1,299.2,D,0
-18.2635,133.0338,335.5,2.3,1.5,2014-11-06,0154,Terra,MODIS,81,6.2,313,47.4,D,0
-18.1019,133.0719,335.7,2.3,1.5,2014-11-06,0154,Terra,MODIS,50,6.2,316.9,38.6,D,0
-18.7074,131.3073,337.2,1.7,1.3,2014-11-06,0154,Terra,MODIS,65,6.2,318.1,32.6,D,0
-18.1044,133.0932,340.7,2.3,1.5,2014-11-06,0154,Terra,MODIS,77,6.2,316.2,64.3,D,0
-18.6793,131.1652,341.4,1.7,1.3,2014-11-06,0154,Terra,MODIS,59,6.2,314.3,47.8,D,0
-18.6774,131.1495,339,1.7,1.3,2014-11-06,0154,Terra,MODIS,63,6.2,311,43.4,D,0
-18.6816,131.1708,342.6,1.7,1.3,2014-11-06,0154,Terra,MODIS,72,6.2,315.4,53.4,D,0
-18.6797,131.1551,352.2,1.7,1.3,2014-11-06,0154,Terra,MODIS,94,6.2,312.8,97.9,D,0
-18.1069,133.1146,342.2,2.3,1.5,2014-11-06,0154,Terra,MODIS,83,6.2,319.9,76,D,0
-18.1034,133.1083,338.5,2.3,1.5,2014-11-06,0154,Terra,MODIS,83,6.2,318,56.4,D,0
-18.1143,133.0853,416.6,2.3,1.5,2014-11-06,0154,Terra,MODIS,100,6.2,326.6,1136.7,D,0
-19.4679,131.9579,336.1,2,1.4,2014-11-06,0154,Terra,MODIS,66,6.2,321.1,29,D,0
-18.1166,133.1067,388.1,2.3,1.5,2014-11-06,0154,Terra,MODIS,100,6.2,322.8,550.3,D,0
-18.1274,133.0838,381.7,2.3,1.5,2014-11-06,0154,Terra,MODIS,100,6.2,310.4,450.7,D,0
-18.1298,133.1052,336.7,2.3,1.5,2014-11-06,0154,Terra,MODIS,72,6.2,310.7,45.9,D,0
-21.4245,121.7541,338.4,1.3,1.1,2014-11-06,0155,Terra,MODIS,73,6.2,317.7,24.7,D,0
-20.8062,122.7166,344.7,1.2,1.1,2014-11-06,0155,Terra,MODIS,86,6.2,320.1,33.7,D,0
-20.5567,122.0211,405.6,1.3,1.1,2014-11-06,0155,Terra,MODIS,100,6.2,321.7,398.1,D,0
-20.5546,122.0085,409.1,1.3,1.1,2014-11-06,0155,Terra,MODIS,100,6.2,320.9,434.8,D,0
-20.5464,122.023,355.1,1.3,1.1,2014-11-06,0155,Terra,MODIS,76,6.2,321.9,68.3,D,0
-20.5443,122.0104,377.8,1.3,1.1,2014-11-06,0155,Terra,MODIS,100,6.2,325,176.3,D,0
-20.5422,121.9978,351.9,1.3,1.1,2014-11-06,0155,Terra,MODIS,87,6.2,318,59.2,D,0
-20.5341,122.0123,344.2,1.3,1.1,2014-11-06,0155,Terra,MODIS,55,6.2,323.5,28.9,D,0
-20.6455,121.6457,341.4,1.4,1.2,2014-11-06,0155,Terra,MODIS,82,6.2,317.4,36.7,D,0
-21.2052,130.8498,384.1,1.7,1.3,2014-11-06,0155,Terra,MODIS,100,6.2,319.1,328.5,D,0
-21.2034,130.8333,435.5,1.7,1.3,2014-11-06,0155,Terra,MODIS,100,6.2,332.6,1142.8,D,0
-21.1936,130.8513,365.6,1.7,1.3,2014-11-06,0155,Terra,MODIS,100,6.2,323,173.9,D,0
-21.1918,130.8348,352.7,1.7,1.3,2014-11-06,0155,Terra,MODIS,94,6.2,324.2,97.9,D,0
-21.2089,130.8553,332.3,1.7,1.3,2014-11-06,0155,Terra,MODIS,37,6.2,315,18.2,D,0
-21.2069,130.8388,431.8,1.7,1.3,2014-11-06,0155,Terra,MODIS,100,6.2,324.6,1056.2,D,0
-21.205,130.8224,373.5,1.7,1.3,2014-11-06,0155,Terra,MODIS,100,6.2,317.6,229.3,D,0
-21.1973,130.8568,352.8,1.7,1.3,2014-11-06,0155,Terra,MODIS,94,6.2,318.6,93.3,D,0
-21.1953,130.8403,394.3,1.7,1.3,2014-11-06,0155,Terra,MODIS,100,6.2,330,429.5,D,0
-21.1934,130.8239,341.6,1.7,1.3,2014-11-06,0155,Terra,MODIS,74,6.2,320.5,45.5,D,0
-21.1876,130.8748,346.6,1.7,1.3,2014-11-06,0155,Terra,MODIS,89,6.2,318,67.4,D,0
-21.1857,130.8583,400.5,1.7,1.3,2014-11-06,0155,Terra,MODIS,100,6.2,325.6,508.4,D,0
-21.1838,130.8418,351.2,1.7,1.3,2014-11-06,0155,Terra,MODIS,93,6.2,321.4,86.3,D,0
-21.176,130.8763,394,1.7,1.3,2014-11-06,0155,Terra,MODIS,100,6.2,325,431.5,D,0
-21.1741,130.8598,387.9,1.7,1.3,2014-11-06,0155,Terra,MODIS,100,6.2,326.2,360.1,D,0
-21.1644,130.8777,372.1,1.7,1.3,2014-11-06,0155,Terra,MODIS,100,6.2,324.2,219.3,D,0
-21.1625,130.8613,383,1.7,1.3,2014-11-06,0155,Terra,MODIS,100,6.2,323.6,309.7,D,0
-21.8474,123.2569,350.8,1.1,1,2014-11-06,0155,Terra,MODIS,92,6.2,323.3,35.4,D,0
-20.5672,122.0839,448.3,1.3,1.1,2014-11-06,0155,Terra,MODIS,100,6.2,330,991.1,D,0
-20.5651,122.0714,387.7,1.3,1.1,2014-11-06,0155,Terra,MODIS,100,6.2,312.6,245.8,D,0
-21.127,120.1176,331.1,1.7,1.3,2014-11-06,0155,Terra,MODIS,50,6.2,313.6,18.8,D,0
-20.1516,120.3482,332.3,1.7,1.3,2014-11-06,0155,Terra,MODIS,59,6.2,310,27.1,D,0
-20.1487,120.3317,334.8,1.7,1.3,2014-11-06,0155,Terra,MODIS,69,6.2,307.8,35.2,D,0
-20.1371,120.334,340.2,1.7,1.3,2014-11-06,0155,Terra,MODIS,80,6.2,310.4,54.4,D,0
-21.4347,121.7521,357.8,1.3,1.1,2014-11-06,0155,Terra,MODIS,92,6.2,316.5,85.5,D,0
-21.7013,121.0849,345.2,1.4,1.2,2014-11-06,0155,Terra,MODIS,87,6.2,313,53.9,D,0
-20.2576,120.8803,386.5,1.6,1.2,2014-11-06,0155,Terra,MODIS,100,6.2,319.3,310.1,D,0
-20.2602,120.8953,386.7,1.6,1.2,2014-11-06,0155,Terra,MODIS,100,6.2,320.6,310.1,D,0
-20.2687,120.8782,370.2,1.6,1.2,2014-11-06,0155,Terra,MODIS,100,6.2,317.8,180.8,D,0
-20.2713,120.8931,360.9,1.6,1.2,2014-11-06,0155,Terra,MODIS,100,6.2,317.4,124.3,D,0
-20.2798,120.876,363.5,1.6,1.2,2014-11-06,0155,Terra,MODIS,100,6.2,318,142.7,D,0
-20.2824,120.8909,334.8,1.6,1.2,2014-11-06,0155,Terra,MODIS,69,6.2,316.3,21.6,D,0
-20.2883,120.8588,335.7,1.6,1.2,2014-11-06,0155,Terra,MODIS,71,6.2,313.8,26.7,D,0
-20.2909,120.8739,361.3,1.6,1.2,2014-11-06,0155,Terra,MODIS,100,6.2,315.3,130.2,D,0
-20.2906,120.868,352.1,1.6,1.2,2014-11-06,0155,Terra,MODIS,94,6.2,315.3,85.2,D,0
-20.2933,120.8829,334.8,1.6,1.2,2014-11-06,0155,Terra,MODIS,60,6.2,314.2,21.9,D,0
-21.6906,121.0868,337,1.4,1.2,2014-11-06,0155,Terra,MODIS,74,6.2,312,31.3,D,0
-20.8396,121.6368,374.3,1.4,1.2,2014-11-06,0155,Terra,MODIS,100,6.2,316.5,171.2,D,0
-20.1805,120.6411,336.1,1.6,1.3,2014-11-06,0155,Terra,MODIS,72,6.2,316.8,25.5,D,0
-20.6305,121.6212,371.9,1.4,1.2,2014-11-06,0155,Terra,MODIS,100,6.2,318.2,166.3,D,0
-20.6328,121.6344,351,1.4,1.2,2014-11-06,0155,Terra,MODIS,93,6.2,317.5,68.2,D,0
-20.641,121.6192,386.8,1.4,1.2,2014-11-06,0155,Terra,MODIS,100,6.2,318.1,266.4,D,0
-20.6432,121.6325,360.8,1.4,1.2,2014-11-06,0155,Terra,MODIS,100,6.2,322.1,109.4,D,0
-20.6514,121.6173,376.8,1.4,1.2,2014-11-06,0155,Terra,MODIS,100,6.2,314.9,200.3,D,0
-20.6537,121.6305,378.3,1.4,1.2,2014-11-06,0155,Terra,MODIS,100,6.2,319.4,207.8,D,0
-20.0494,120.6794,330.3,1.6,1.3,2014-11-06,0155,Terra,MODIS,36,6.2,312.6,10.6,D,0
-20.0466,120.6637,342.4,1.7,1.3,2014-11-06,0155,Terra,MODIS,83,6.2,313.6,49.5,D,0
-20.0353,120.6659,336.4,1.7,1.3,2014-11-06,0155,Terra,MODIS,73,6.2,314.2,29.9,D,0
-20.5374,119.9247,336.1,1.8,1.3,2014-11-06,0155,Terra,MODIS,72,6.2,304,52.9,D,0
-20.5461,119.9049,366.4,1.8,1.3,2014-11-06,0155,Terra,MODIS,100,6.2,310.1,212.4,D,0
-20.5493,119.9222,371.1,1.8,1.3,2014-11-06,0155,Terra,MODIS,100,6.2,312.3,248.7,D,0
-20.558,119.9025,336.8,1.8,1.3,2014-11-06,0155,Terra,MODIS,65,6.2,312.1,45.9,D,0
-21.1989,120.2548,332.7,1.7,1.3,2014-11-06,0155,Terra,MODIS,61,6.2,313,24.8,D,0
-20.5468,122.0877,345.8,1.3,1.1,2014-11-06,0155,Terra,MODIS,59,6.2,324.2,32,D,0
-20.5489,122.1002,340.7,1.3,1.1,2014-11-06,0155,Terra,MODIS,35,6.2,321.9,19.4,D,0
-20.557,122.0858,384.3,1.3,1.1,2014-11-06,0155,Terra,MODIS,100,6.2,328.4,214,D,0
-20.5591,122.0983,359.5,1.3,1.1,2014-11-06,0155,Terra,MODIS,99,6.2,321.6,83,D,0
-21.8491,123.1468,344.4,1.1,1.1,2014-11-06,0155,Terra,MODIS,86,6.2,322.6,25,D,0
-21.8474,123.1361,385.7,1.1,1.1,2014-11-06,0155,Terra,MODIS,100,6.2,324.6,175.1,D,0
-21.8396,123.1486,370.2,1.1,1.1,2014-11-06,0155,Terra,MODIS,100,6.2,325,102.5,D,0
-21.8379,123.1379,357.9,1.1,1.1,2014-11-06,0155,Terra,MODIS,98,6.2,323,60.3,D,0
-20.8404,121.7043,346.9,1.4,1.2,2014-11-06,0155,Terra,MODIS,89,6.2,319,46.3,D,0
-20.8419,121.6499,409.9,1.4,1.2,2014-11-06,0155,Terra,MODIS,100,6.2,327.3,469.2,D,0
-20.8441,121.6631,341.1,1.4,1.2,2014-11-06,0155,Terra,MODIS,81,6.2,319.9,32,D,0
-20.8464,121.6762,333.1,1.4,1.2,2014-11-06,0155,Terra,MODIS,63,6.2,315.6,11.2,D,0
-20.8486,121.6893,352.8,1.4,1.2,2014-11-06,0155,Terra,MODIS,94,6.2,316.6,67.2,D,0
-20.8508,121.7023,384.4,1.4,1.2,2014-11-06,0155,Terra,MODIS,100,6.2,323.9,230.4,D,0
-20.853,121.7153,342,1.4,1.2,2014-11-06,0155,Terra,MODIS,83,6.2,319.7,30.9,D,0
-20.8523,121.6479,355.2,1.4,1.2,2014-11-06,0155,Terra,MODIS,96,6.2,315.4,78.3,D,0
-20.8545,121.6611,345.6,1.4,1.2,2014-11-06,0155,Terra,MODIS,87,6.2,315.5,44.5,D,0
-20.859,121.6873,339.9,1.4,1.2,2014-11-06,0155,Terra,MODIS,80,6.2,312.4,25.8,D,0
-20.8612,121.7003,352.1,1.4,1.2,2014-11-06,0155,Terra,MODIS,94,6.2,316.1,62,D,0
-21.1293,127.3551,391.9,1.1,1,2014-11-06,0155,Terra,MODIS,100,6.2,321.4,206.4,D,0
-20.8714,123.62,342.2,1.1,1,2014-11-06,0155,Terra,MODIS,68,6.2,322.2,17.2,D,0
-20.8372,123.6218,343,1.1,1,2014-11-06,0155,Terra,MODIS,65,6.2,324.4,16.3,D,0
-20.8482,123.6306,344.6,1.1,1,2014-11-06,0155,Terra,MODIS,66,6.2,324.6,18.6,D,0
-23.0842,124.4443,367.9,1,1,2014-11-06,0155,Terra,MODIS,100,6.2,325.1,78.8,D,0
-21.0529,130.6037,333.6,1.6,1.3,2014-11-06,0155,Terra,MODIS,47,6.2,319.9,18.6,D,0
-21.0548,130.6194,339.1,1.6,1.3,2014-11-06,0155,Terra,MODIS,79,6.2,319,38.3,D,0
-21.1307,127.3655,386.3,1.1,1,2014-11-06,0155,Terra,MODIS,100,6.2,322.9,176.1,D,0
-21.1387,127.3537,349.5,1.1,1,2014-11-06,0155,Terra,MODIS,91,6.2,316.3,42,D,0
-21.107,127.3751,336.4,1.1,1,2014-11-06,0155,Terra,MODIS,38,6.2,318.8,12.1,D,0
-23.0857,124.4541,339.9,1,1,2014-11-06,0155,Terra,MODIS,27,6.2,322.9,11.4,D,0
-23.0827,124.4345,346.7,1,1,2014-11-06,0155,Terra,MODIS,81,6.2,323.5,23,D,0
-20.1644,125.8559,338.2,1,1,2014-11-06,0155,Terra,MODIS,49,6.2,319.8,11.5,D,0
-21.1242,127.3619,410,1.1,1,2014-11-06,0155,Terra,MODIS,100,6.2,325.6,324.8,D,0
-21.1149,127.3633,352.3,1.1,1,2014-11-06,0155,Terra,MODIS,94,6.2,320.7,43.7,D,0
-23.0766,124.4557,339.5,1,1,2014-11-06,0155,Terra,MODIS,40,6.2,323.8,11.3,D,0
-23.0751,124.4459,341.9,1,1,2014-11-06,0155,Terra,MODIS,66,6.2,324.7,15.4,D,0
-21.9269,120.7873,331.2,1.5,1.2,2014-11-06,0155,Terra,MODIS,52,6.2,309.9,22.1,D,0
-20.0081,125.732,339.7,1,1,2014-11-06,0155,Terra,MODIS,74,6.2,320.1,13,D,0
-22.097,121.6591,352.1,1.3,1.1,2014-11-06,0155,Terra,MODIS,89,6.2,312,64.5,D,0
-22.0991,121.6718,353.7,1.3,1.1,2014-11-06,0155,Terra,MODIS,95,6.2,316.8,66.4,D,0
-22.0959,121.6663,359.7,1.3,1.1,2014-11-06,0155,Terra,MODIS,99,6.2,317.7,88.1,D,0
-21.9377,120.7852,346.4,1.5,1.2,2014-11-06,0155,Terra,MODIS,88,6.2,313.2,65.4,D,0
-19.3545,123.5147,379.7,1.1,1.1,2014-11-06,0155,Terra,MODIS,75,6.2,322.9,146.3,D,0
-22.0864,123.4178,338.8,1.1,1,2014-11-06,0155,Terra,MODIS,78,6.2,322.1,12.1,D,0
-19.3511,123.493,344.8,1.1,1.1,2014-11-06,0155,Terra,MODIS,65,6.2,315.7,22.4,D,0
-19.3528,123.5038,376.4,1.1,1.1,2014-11-06,0155,Terra,MODIS,75,6.2,317.9,130.1,D,0
-21.9402,120.7996,348.4,1.5,1.2,2014-11-06,0155,Terra,MODIS,90,6.2,312.3,72.9,D,0
-19.5378,122.2537,364.6,1.3,1.1,2014-11-06,0155,Terra,MODIS,100,6.2,319,108.4,D,0
-19.4959,122.1109,359.7,1.4,1.2,2014-11-06,0155,Terra,MODIS,99,6.2,317.3,96.6,D,0
-19.3494,123.4822,345,1.1,1.1,2014-11-06,0155,Terra,MODIS,65,6.2,317.8,22.1,D,0
-22.6958,124.1978,335.7,1,1,2014-11-06,0155,Terra,MODIS,57,6.2,321.4,12.1,D,0
-22.6943,124.1879,335.4,1,1,2014-11-06,0155,Terra,MODIS,57,6.2,320.9,11.7,D,0
-22.6871,124.1953,346.1,1,1,2014-11-06,0155,Terra,MODIS,88,6.2,324.5,26.8,D,0
-20.1301,125.6862,340.5,1,1,2014-11-06,0155,Terra,MODIS,76,6.2,319.9,12.6,D,0
-21.879,123.273,339.7,1.1,1,2014-11-06,0155,Terra,MODIS,64,6.2,322.9,13.6,D,0
-19.573,122.3375,351.7,1.3,1.1,2014-11-06,0155,Terra,MODIS,93,6.2,319.1,57.1,D,0
-22.0848,123.4073,351.7,1.1,1,2014-11-06,0155,Terra,MODIS,93,6.2,322.7,39.3,D,0
-19.6077,122.3566,344.7,1.3,1.1,2014-11-06,0155,Terra,MODIS,79,6.2,320.8,32.9,D,0
-19.4468,122.1989,339.5,1.3,1.1,2014-11-06,0155,Terra,MODIS,58,6.2,319.6,28.2,D,0
-22.6856,124.2462,342.6,1,1,2014-11-06,0155,Terra,MODIS,78,6.2,323.9,18.7,D,0
-21.8773,123.2624,341.9,1.1,1,2014-11-06,0155,Terra,MODIS,65,6.2,323,17.4,D,0
-21.942,120.793,343.1,1.5,1.2,2014-11-06,0155,Terra,MODIS,84,6.2,313.6,53.9,D,0
-19.5832,122.3356,359.6,1.3,1.1,2014-11-06,0155,Terra,MODIS,99,6.2,322,81.9,D,0
-19.5751,122.3499,339.4,1.3,1.1,2014-11-06,0155,Terra,MODIS,37,6.2,322.7,20.9,D,0
-21.6315,122.7414,342.2,1.2,1.1,2014-11-06,0155,Terra,MODIS,77,6.2,321.9,20.5,D,0
-21.6411,122.7396,341.8,1.2,1.1,2014-11-06,0155,Terra,MODIS,82,6.2,322.2,21.2,D,0
-22.711,124.2357,336,1,1,2014-11-06,0155,Terra,MODIS,41,6.2,322.2,10.7,D,0
-19.5037,122.116,356,1.4,1.2,2014-11-06,0155,Terra,MODIS,90,6.2,320.1,72.9,D,0
-19.498,122.1237,353.3,1.4,1.2,2014-11-06,0155,Terra,MODIS,95,6.2,317.4,67.9,D,0
-22.1346,124.2583,343,1,1,2014-11-06,0155,Terra,MODIS,84,6.2,324.2,18,D,0
-22.0881,123.4282,340.9,1.1,1,2014-11-06,0155,Terra,MODIS,71,6.2,322.4,16.8,D,0
-21.8696,123.2747,345.5,1.1,1,2014-11-06,0155,Terra,MODIS,76,6.2,321.5,23.7,D,0
-23.0764,127.5221,342.7,1.1,1.1,2014-11-06,0155,Terra,MODIS,84,6.2,321.7,29.7,D,0
-23.0816,127.4874,367.8,1.1,1.1,2014-11-06,0155,Terra,MODIS,100,6.2,322.7,102.3,D,0
-23.0845,127.5095,394,1.1,1.1,2014-11-06,0155,Terra,MODIS,100,6.2,324.1,236.6,D,0
-23.086,127.5206,385.7,1.1,1.1,2014-11-06,0155,Terra,MODIS,100,6.2,323.4,187.9,D,0
-19.6135,121.9022,343.2,1.4,1.2,2014-11-06,0155,Terra,MODIS,79,6.2,312.6,43.3,D,0
-19.6157,121.9154,337,1.4,1.2,2014-11-06,0155,Terra,MODIS,51,6.2,313.9,26.7,D,0
-19.6261,121.9134,345.1,1.4,1.2,2014-11-06,0155,Terra,MODIS,87,6.2,314.6,47.4,D,0
-19.6239,121.9002,342.1,1.4,1.2,2014-11-06,0155,Terra,MODIS,76,6.2,313.5,38.5,D,0
-19.6514,121.9357,385.4,1.4,1.2,2014-11-06,0155,Terra,MODIS,100,6.2,319.1,247.8,D,0
-19.6562,121.9281,366.2,1.4,1.2,2014-11-06,0155,Terra,MODIS,100,6.2,316.5,128.8,D,0
-19.698,121.9203,339.4,1.4,1.2,2014-11-06,0155,Terra,MODIS,67,6.2,318.2,26.4,D,0
-19.7002,121.9334,339.2,1.4,1.2,2014-11-06,0155,Terra,MODIS,69,6.2,318.5,25.2,D,0
-19.6883,121.7993,337.8,1.4,1.2,2014-11-06,0155,Terra,MODIS,61,6.2,319.4,20.9,D,0
-19.7084,121.9183,334.5,1.4,1.2,2014-11-06,0155,Terra,MODIS,45,6.2,317.3,17.3,D,0
-19.7055,121.8372,337.1,1.4,1.2,2014-11-06,0155,Terra,MODIS,54,6.2,315.7,28.5,D,0
-19.7375,121.8993,347.6,1.4,1.2,2014-11-06,0155,Terra,MODIS,89,6.2,312.4,62.6,D,0
-19.7397,121.9124,335.7,1.4,1.2,2014-11-06,0155,Terra,MODIS,51,6.2,314.2,25.5,D,0
-19.7425,121.8923,370.5,1.4,1.2,2014-11-06,0155,Terra,MODIS,100,6.2,312.8,157.9,D,0
-19.7448,121.9055,377.1,1.4,1.2,2014-11-06,0155,Terra,MODIS,100,6.2,315.1,192,D,0
-19.7471,121.9187,342.5,1.4,1.2,2014-11-06,0155,Terra,MODIS,83,6.2,315.6,36.4,D,0
-19.7575,121.9168,339.1,1.4,1.2,2014-11-06,0155,Terra,MODIS,66,6.2,316.5,25.5,D,0
-19.7716,121.8733,342.7,1.4,1.2,2014-11-06,0155,Terra,MODIS,59,6.2,315.9,37.8,D,0
-19.7821,121.8713,340.1,1.4,1.2,2014-11-06,0155,Terra,MODIS,62,6.2,318.7,29.4,D,0
-19.6536,121.9488,340.8,1.4,1.2,2014-11-06,0155,Terra,MODIS,81,6.2,318,34.5,D,0
-19.6585,121.9412,369.4,1.4,1.2,2014-11-06,0155,Terra,MODIS,100,6.2,319.5,144.2,D,0
-21.3769,128.9508,338.7,1.3,1.1,2014-11-06,0155,Terra,MODIS,78,6.2,321.7,22.8,D,0
-21.3785,128.9633,353.9,1.3,1.1,2014-11-06,0155,Terra,MODIS,95,6.2,320.5,66.2,D,0
-21.3871,128.9494,373.2,1.3,1.1,2014-11-06,0155,Terra,MODIS,100,6.2,320.1,147.8,D,0
-21.3887,128.9618,372.9,1.3,1.1,2014-11-06,0155,Terra,MODIS,100,6.2,321.7,146.7,D,0
-24.2163,129.1944,342.9,1.5,1.2,2014-11-06,0156,Terra,MODIS,48,6.2,322.6,35.1,D,0
-24.218,129.2088,342.9,1.5,1.2,2014-11-06,0156,Terra,MODIS,54,6.2,321.3,35.4,D,0
-24.2271,129.1929,344.8,1.5,1.2,2014-11-06,0156,Terra,MODIS,85,6.2,319.4,44.2,D,0
-24.6701,129.4831,334.2,1.5,1.2,2014-11-06,0156,Terra,MODIS,60,6.2,317.2,21.2,D,0
-24.8646,121.7068,339,1.2,1.1,2014-11-06,0156,Terra,MODIS,78,6.2,318.1,20.2,D,0
-23.6807,122.8816,339,1.1,1,2014-11-06,0156,Terra,MODIS,45,6.2,322,12.4,D,0
-23.7012,122.9151,348.4,1.1,1,2014-11-06,0156,Terra,MODIS,65,6.2,323,30.1,D,0
-23.7088,122.9027,346.8,1.1,1,2014-11-06,0156,Terra,MODIS,76,6.2,323.3,23.8,D,0
-23.888,124.0992,373.6,1,1,2014-11-06,0156,Terra,MODIS,100,6.2,322,101.5,D,0
-23.8864,124.0893,395.8,1,1,2014-11-06,0156,Terra,MODIS,100,6.2,327.5,203.9,D,0
-23.8774,124.0909,342.2,1,1,2014-11-06,0156,Terra,MODIS,83,6.2,323.1,19.3,D,0
-23.0089,122.2718,341.8,1.2,1.1,2014-11-06,0156,Terra,MODIS,47,6.2,322.1,21.3,D,0
-23.0148,122.247,344.1,1.2,1.1,2014-11-06,0156,Terra,MODIS,43,6.2,320.2,25.2,D,0
-23.0224,122.2929,346.3,1.2,1.1,2014-11-06,0156,Terra,MODIS,62,6.2,322.5,28.8,D,0
-23.0321,122.2911,347.1,1.2,1.1,2014-11-06,0156,Terra,MODIS,73,6.2,321.8,28.1,D,0
-23.0331,122.2842,341.3,1.2,1.1,2014-11-06,0156,Terra,MODIS,35,6.2,322.1,18.8,D,0
-23.0351,122.2956,342.9,1.2,1.1,2014-11-06,0156,Terra,MODIS,62,6.2,320.2,21.5,D,0
-23.0408,122.3299,338.4,1.2,1.1,2014-11-06,0156,Terra,MODIS,32,6.2,321.5,14,D,0
-23.0448,122.2938,340.4,1.2,1.1,2014-11-06,0156,Terra,MODIS,37,6.2,320.5,16.3,D,0
-23.0564,122.3034,344,1.2,1.1,2014-11-06,0156,Terra,MODIS,45,6.2,319.4,21.8,D,0
-23.1067,122.3056,342.8,1.2,1.1,2014-11-06,0156,Terra,MODIS,49,6.2,320.1,25,D,0
-23.1164,122.3037,341,1.2,1.1,2014-11-06,0156,Terra,MODIS,35,6.2,319.2,21.6,D,0
-23.7105,122.9134,370.6,1.1,1,2014-11-06,0156,Terra,MODIS,100,6.2,325.1,97.1,D,0
-24.8568,121.6597,333.9,1.2,1.1,2014-11-06,0156,Terra,MODIS,58,6.2,317.4,11.8,D,0
-24.8587,121.6715,336.6,1.2,1.1,2014-11-06,0156,Terra,MODIS,73,6.2,317.7,16.6,D,0
-24.9005,121.7299,337.8,1.2,1.1,2014-11-06,0156,Terra,MODIS,76,6.2,317.3,16.8,D,0
-24.9025,121.7415,341.7,1.2,1.1,2014-11-06,0156,Terra,MODIS,82,6.2,317.5,25.8,D,0
-23.7972,124.4713,346.8,1,1,2014-11-06,0156,Terra,MODIS,88,6.2,324.4,26.2,D,0
-24.1872,123.8226,349.2,1,1,2014-11-06,0156,Terra,MODIS,91,6.2,323,30.9,D,0
-24.1857,123.8127,341.6,1,1,2014-11-06,0156,Terra,MODIS,82,6.2,323,15.7,D,0
-24.9064,121.7648,337.6,1.2,1.1,2014-11-06,0156,Terra,MODIS,76,6.2,317.4,19,D,0
-24.9103,121.7279,342.3,1.2,1.1,2014-11-06,0156,Terra,MODIS,83,6.2,317.2,26.4,D,0
-24.9122,121.7396,339.4,1.2,1.1,2014-11-06,0156,Terra,MODIS,79,6.2,316.7,20.7,D,0
-24.9161,121.7629,336.9,1.2,1.1,2014-11-06,0156,Terra,MODIS,74,6.2,315.9,17.5,D,0
-24.918,121.7143,340.1,1.2,1.1,2014-11-06,0156,Terra,MODIS,56,6.2,317.5,20.7,D,0
-24.92,121.726,352.8,1.2,1.1,2014-11-06,0156,Terra,MODIS,94,6.2,318.4,52.2,D,0
-24.9258,121.7006,334.3,1.2,1.1,2014-11-06,0156,Terra,MODIS,34,6.2,316.1,10.6,D,0
-24.9278,121.7123,346.8,1.2,1.1,2014-11-06,0156,Terra,MODIS,88,6.2,317.7,37.5,D,0
-24.9297,121.724,341,1.2,1.1,2014-11-06,0156,Terra,MODIS,71,6.2,316.4,22.9,D,0
-24.9356,121.6987,334.6,1.2,1.1,2014-11-06,0156,Terra,MODIS,68,6.2,315.8,12.7,D,0
-24.9375,121.7104,346.4,1.2,1.1,2014-11-06,0156,Terra,MODIS,88,6.2,317,38.3,D,0
-24.9395,121.7221,351.8,1.2,1.1,2014-11-06,0156,Terra,MODIS,93,6.2,316.8,51.8,D,0
-24.9492,121.7201,336.8,1.2,1.1,2014-11-06,0156,Terra,MODIS,72,6.2,315.4,16.3,D,0
-23.1192,122.8916,342.7,1.1,1.1,2014-11-06,0156,Terra,MODIS,84,6.2,321.4,23.6,D,0
-23.6298,121.2045,333.3,1.3,1.1,2014-11-06,0156,Terra,MODIS,50,6.2,316.2,12.6,D,0
-23.6276,121.1917,337.8,1.3,1.1,2014-11-06,0156,Terra,MODIS,76,6.2,317,21.9,D,0
-23.6174,121.1938,337.5,1.3,1.1,2014-11-06,0156,Terra,MODIS,74,6.2,316,21.9,D,0
-23.6152,121.1809,336.9,1.3,1.1,2014-11-06,0156,Terra,MODIS,66,6.2,317.5,20.2,D,0
-23.668,122.8619,346.9,1.1,1,2014-11-06,0156,Terra,MODIS,63,6.2,322.1,27.6,D,0
-23.6697,122.8726,345.5,1.1,1,2014-11-06,0156,Terra,MODIS,62,6.2,321.4,24.8,D,0
-23.679,122.8709,342.4,1.1,1,2014-11-06,0156,Terra,MODIS,79,6.2,321.8,18.6,D,0
-23.7009,123.4896,396.6,1,1,2014-11-06,0156,Terra,MODIS,100,6.2,326.1,219.3,D,0
-23.7452,123.4711,341.1,1,1,2014-11-06,0156,Terra,MODIS,82,6.2,316.5,22.8,D,0
-23.7436,123.4608,338.5,1,1,2014-11-06,0156,Terra,MODIS,69,6.2,313.7,19.5,D,0
-23.736,123.4728,367.8,1,1,2014-11-06,0156,Terra,MODIS,100,6.2,317.8,91,D,0
-23.7285,123.4846,343.2,1,1,2014-11-06,0156,Terra,MODIS,83,6.2,318.7,23.9,D,0
-23.7269,123.4744,377.5,1,1,2014-11-06,0156,Terra,MODIS,100,6.2,322.5,124.5,D,0
-23.575,124.0371,332.3,1,1,2014-11-06,0156,Terra,MODIS,34,6.2,318,6.6,D,0
-23.5825,124.0256,338.5,1,1,2014-11-06,0156,Terra,MODIS,77,6.2,321.6,16.2,D,0
-23.7193,123.4863,349.2,1,1,2014-11-06,0156,Terra,MODIS,87,6.2,319.5,34.1,D,0
-23.7177,123.4761,362.9,1,1,2014-11-06,0156,Terra,MODIS,100,6.2,321.8,69.1,D,0
-23.7101,123.488,361.2,1,1,2014-11-06,0156,Terra,MODIS,100,6.2,320.1,65.4,D,0
-23.6763,123.5001,342.2,1,1,2014-11-06,0156,Terra,MODIS,34,6.2,320.1,18.5,D,0
-23.6348,123.4761,336.5,1,1,2014-11-06,0156,Terra,MODIS,63,6.2,321.1,10,D,0
-23.624,123.4675,346.4,1,1,2014-11-06,0156,Terra,MODIS,88,6.2,319.4,29.7,D,0
-23.584,124.0355,345.5,1,1,2014-11-06,0156,Terra,MODIS,87,6.2,319.4,28.4,D,0
-23.7386,122.9081,343.4,1.1,1,2014-11-06,0156,Terra,MODIS,83,6.2,319.8,22.3,D,0
-23.7394,122.853,347,1.1,1,2014-11-06,0156,Terra,MODIS,89,6.2,320.5,29.7,D,0
-23.7411,122.8637,361,1.1,1,2014-11-06,0156,Terra,MODIS,100,6.2,321.7,67.4,D,0
-23.7505,122.862,342.3,1.1,1,2014-11-06,0156,Terra,MODIS,83,6.2,320,21.6,D,0
-23.7199,122.9116,351.3,1.1,1,2014-11-06,0156,Terra,MODIS,93,6.2,321.7,36.4,D,0
-23.7292,122.9099,344.4,1.1,1,2014-11-06,0156,Terra,MODIS,70,6.2,320.4,22.1,D,0
-28.2326,124.9921,340.2,1,1,2014-11-06,0157,Terra,MODIS,74,6.2,318.2,18.9,D,0
-28.2249,125.0042,341.8,1,1,2014-11-06,0157,Terra,MODIS,76,6.2,319.2,21.3,D,0
-28.2419,125.0055,344.9,1,1,2014-11-06,0157,Terra,MODIS,86,6.2,319.7,29.3,D,0
-28.2143,124.9953,352.5,1,1,2014-11-06,0157,Terra,MODIS,94,6.2,321.8,44.3,D,0
-28.2158,125.0058,339.4,1,1,2014-11-06,0157,Terra,MODIS,79,6.2,319.4,18.7,D,0
-28.2052,124.9969,353.4,1,1,2014-11-06,0157,Terra,MODIS,95,6.2,321.8,46.3,D,0
-28.2405,124.995,360.4,1,1,2014-11-06,0157,Terra,MODIS,100,6.2,319.8,66.6,D,0
-28.234,125.0026,356.1,1,1,2014-11-06,0157,Terra,MODIS,97,6.2,321.3,53.6,D,0
-28.1038,124.7964,335,1,1,2014-11-06,0157,Terra,MODIS,60,6.2,320.2,10,D,0
-29.1841,129.6141,338.6,1.8,1.3,2014-11-06,0157,Terra,MODIS,78,6.2,320.1,44.2,D,0
-29.1904,129.557,345,1.8,1.3,2014-11-06,0157,Terra,MODIS,87,6.2,319.3,66.9,D,0
-29.1885,129.5385,360.7,1.8,1.3,2014-11-06,0157,Terra,MODIS,100,6.2,320.6,152.7,D,0
-29.1957,125.3911,342.2,1.1,1,2014-11-06,0157,Terra,MODIS,83,6.2,319.4,24.9,D,0
-29.1972,125.4021,339.3,1.1,1,2014-11-06,0157,Terra,MODIS,69,6.2,319.9,18.4,D,0
-29.2113,125.3933,336.5,1.1,1,2014-11-06,0157,Terra,MODIS,73,6.2,318.2,17.3,D,0
-28.1056,124.7431,334.4,1,1,2014-11-06,0157,Terra,MODIS,37,6.2,320.2,8.4,D,0
-29.1822,129.5954,337.6,1.8,1.3,2014-11-06,0157,Terra,MODIS,68,6.2,321.4,37.6,D,0
-29.1785,129.5584,352.1,1.8,1.3,2014-11-06,0157,Terra,MODIS,94,6.2,322.5,100.5,D,0
-28.6428,129.3009,333.1,1.7,1.3,2014-11-06,0157,Terra,MODIS,68,6.2,320,23.7,D,0
-29.1766,129.5399,344.7,1.8,1.3,2014-11-06,0157,Terra,MODIS,87,6.2,323.3,66.5,D,0
-29.1721,129.6155,367.2,1.8,1.3,2014-11-06,0157,Terra,MODIS,100,6.2,322.3,199.9,D,0
-28.9377,130.2828,348.3,2,1.4,2014-11-06,0157,Terra,MODIS,91,6.2,321.3,103.3,D,0
-28.0696,124.6859,337.4,1,1,2014-11-06,0157,Terra,MODIS,41,6.2,320.2,11.7,D,0
-28.0424,124.6907,338,1,1,2014-11-06,0157,Terra,MODIS,25,6.2,320.8,12.8,D,0
-28.9397,130.3033,342,2,1.4,2014-11-06,0157,Terra,MODIS,84,6.2,319.3,71.1,D,0
-29.1703,129.597,359.5,1.8,1.3,2014-11-06,0157,Terra,MODIS,99,6.2,324.5,143.6,D,0
-28.9501,130.2813,334.7,2,1.4,2014-11-06,0157,Terra,MODIS,72,6.2,316.9,41.7,D,0
-29.1649,129.6044,333.3,1.8,1.3,2014-11-06,0157,Terra,MODIS,59,6.2,321.4,26.5,D,0
-28.4005,127.3581,348,1.3,1.1,2014-11-06,0157,Terra,MODIS,90,6.2,321.1,52,D,0
-28.9413,130.2973,348.3,2,1.4,2014-11-06,0157,Terra,MODIS,91,6.2,320.5,105.7,D,0
-28.9522,130.3019,328.4,2,1.4,2014-11-06,0157,Terra,MODIS,23,6.2,317.6,18.8,D,0
-28.4106,127.3566,337.6,1.3,1.1,2014-11-06,0157,Terra,MODIS,76,6.2,318.8,26.6,D,0
-28.4021,127.3712,345.4,1.3,1.1,2014-11-06,0157,Terra,MODIS,87,6.2,320.4,45,D,0
-29.2875,129.5016,334.3,1.8,1.3,2014-11-06,0157,Terra,MODIS,59,6.2,317.4,32.8,D,0
-28.4122,127.3697,332.7,1.3,1.1,2014-11-06,0157,Terra,MODIS,62,6.2,318.4,16.4,D,0
-29.2483,129.4694,331.5,1.8,1.3,2014-11-06,0157,Terra,MODIS,50,6.2,320.5,18.9,D,0
-28.9394,130.2767,343.5,2,1.4,2014-11-06,0157,Terra,MODIS,86,6.2,319.9,79.8,D,0
-29.2399,129.5695,335.8,1.8,1.3,2014-11-06,0157,Terra,MODIS,68,6.2,318.3,33,D,0
-29.2379,129.5509,334,1.8,1.3,2014-11-06,0157,Terra,MODIS,68,6.2,318.2,28.6,D,0
-28.1053,124.8068,347.1,1,1,2014-11-06,0157,Terra,MODIS,89,6.2,320.3,32,D,0
-36.7938,144.2143,333.6,1.2,1.1,2014-11-06,0435,Aqua,MODIS,84,6.2,306.9,28.4,D,0
-36.7098,144.2277,320.7,1.2,1.1,2014-11-06,0435,Aqua,MODIS,69,6.2,305.5,8.8,D,0
-29.2213,129.6138,337.4,3,1.7,2014-11-06,0438,Aqua,MODIS,71,6.2,319.9,79.2,D,0
-29.2766,129.4642,335.3,3.1,1.7,2014-11-06,0438,Aqua,MODIS,29,6.2,320.3,58.2,D,0
-28.4288,127.3472,332,4.3,1.9,2014-11-06,0438,Aqua,MODIS,65,6.2,312.5,98.6,D,0
-29.1809,129.5733,341.1,3.1,1.7,2014-11-06,0438,Aqua,MODIS,40,6.2,323.8,101.8,D,0
-28.4114,127.3457,337.3,4.3,1.9,2014-11-06,0438,Aqua,MODIS,78,6.2,314.6,159.8,D,0
-29.1834,129.5414,356.1,3.1,1.7,2014-11-06,0438,Aqua,MODIS,97,6.2,324.8,265.7,D,0
-28.9425,130.2905,365.1,2.7,1.6,2014-11-06,0438,Aqua,MODIS,100,6.2,324.5,335.8,D,0
-29.2896,129.498,346.3,3.1,1.7,2014-11-06,0438,Aqua,MODIS,82,6.2,320.5,158.6,D,0
-29.2892,129.5237,339.2,3.1,1.7,2014-11-06,0438,Aqua,MODIS,48,6.2,320.2,93.2,D,0
-29.2918,129.4914,348,3.1,1.7,2014-11-06,0438,Aqua,MODIS,90,6.2,319.7,175.7,D,0
-29.1758,129.6367,334.1,3,1.7,2014-11-06,0438,Aqua,MODIS,29,6.2,319.1,56,D,0
-28.4122,127.3495,339.6,4.3,1.9,2014-11-06,0438,Aqua,MODIS,81,6.2,314.6,189.4,D,0
-28.4983,127.0844,354,4.5,1.9,2014-11-06,0438,Aqua,MODIS,95,6.2,315.7,432.5,D,0
-28.4991,127.0805,351.2,4.5,1.9,2014-11-06,0438,Aqua,MODIS,93,6.2,315.8,377.8,D,0
-29.1783,129.6052,375.1,3,1.7,2014-11-06,0438,Aqua,MODIS,100,6.2,325,559.4,D,0
-28.5022,127.0339,336.2,4.5,2,2014-11-06,0438,Aqua,MODIS,76,6.2,316.2,141.6,D,0
-28.9401,130.3186,336.4,2.7,1.6,2014-11-06,0438,Aqua,MODIS,73,6.2,319.7,64.8,D,0
-28.6448,129.2977,332.6,3.2,1.7,2014-11-06,0438,Aqua,MODIS,56,6.2,319.6,51.5,D,0
-28.6486,129.2936,333.5,3.2,1.7,2014-11-06,0438,Aqua,MODIS,65,6.2,320.3,63,D,0
-28.5011,127.0378,344.5,4.5,2,2014-11-06,0438,Aqua,MODIS,87,6.2,316.3,263.4,D,0
-28.9568,130.292,332.7,2.7,1.6,2014-11-06,0438,Aqua,MODIS,54,6.2,318.6,41.9,D,0
-28.9448,130.2952,370.6,2.7,1.6,2014-11-06,0438,Aqua,MODIS,100,6.2,324.1,412,D,0
-29.1985,129.5427,337.5,3.1,1.7,2014-11-06,0438,Aqua,MODIS,50,6.2,319.3,70,D,0
-29.1934,129.6065,340.3,3,1.7,2014-11-06,0438,Aqua,MODIS,42,6.2,319.7,94.8,D,0
-29.1829,129.5136,336.5,3.1,1.7,2014-11-06,0438,Aqua,MODIS,41,6.2,321.8,64.9,D,0
-29.1806,129.5459,355.5,3.1,1.7,2014-11-06,0438,Aqua,MODIS,96,6.2,324.8,256.7,D,0
-29.1783,129.5778,340.2,3.1,1.7,2014-11-06,0438,Aqua,MODIS,70,6.2,323.8,95.7,D,0
-29.176,129.6097,366.4,3,1.7,2014-11-06,0438,Aqua,MODIS,100,6.2,323.3,413.2,D,0
-29.1957,129.5472,341.6,3.1,1.7,2014-11-06,0438,Aqua,MODIS,60,6.2,320.3,101.6,D,0
-29.1911,129.6111,356.7,3,1.7,2014-11-06,0438,Aqua,MODIS,97,6.2,320.4,270.8,D,0
-29.2765,129.4902,338.5,3.1,1.7,2014-11-06,0438,Aqua,MODIS,49,6.2,322.9,84.5,D,0
-28.6913,142.4779,350,1.3,1.1,2014-11-06,0438,Aqua,MODIS,93,6.2,310.6,59.9,D,0
-28.6935,142.4649,363.7,1.3,1.1,2014-11-06,0438,Aqua,MODIS,100,6.2,313.8,107.1,D,0
-28.6957,142.4519,341.4,1.3,1.1,2014-11-06,0438,Aqua,MODIS,80,6.2,310.9,36.5,D,0
-28.6734,142.4604,366.8,1.3,1.1,2014-11-06,0438,Aqua,MODIS,100,6.2,311.4,126.4,D,0
-28.6756,142.4474,339.7,1.3,1.1,2014-11-06,0438,Aqua,MODIS,71,6.2,311.3,36.4,D,0
-28.6634,142.4581,413.6,1.3,1.1,2014-11-06,0438,Aqua,MODIS,100,6.2,313.7,470.5,D,0
-28.6857,142.4497,346,1.3,1.1,2014-11-06,0438,Aqua,MODIS,90,6.2,311.1,51.1,D,0
-28.7374,142.5615,336.4,1.3,1.1,2014-11-06,0438,Aqua,MODIS,82,6.2,304.2,32.5,D,0
-28.6835,142.4626,350.9,1.3,1.1,2014-11-06,0438,Aqua,MODIS,94,6.2,309.8,63.2,D,0
-28.7273,142.5592,364.6,1.3,1.1,2014-11-06,0438,Aqua,MODIS,100,6.2,307.3,122.3,D,0
-28.6702,142.5409,330,1.3,1.1,2014-11-06,0438,Aqua,MODIS,70,6.2,305.7,18.7,D,0
-28.6769,142.5017,333.4,1.3,1.1,2014-11-06,0438,Aqua,MODIS,77,6.2,306.1,22.5,D,0
-28.6813,142.4756,328.8,1.3,1.1,2014-11-06,0438,Aqua,MODIS,46,6.2,308,12,D,0
-28.7106,142.4742,331.2,1.3,1.1,2014-11-06,0438,Aqua,MODIS,69,6.2,306.8,14.9,D,0
-28.7006,142.4719,355,1.3,1.1,2014-11-06,0438,Aqua,MODIS,97,6.2,309,76.2,D,0
-28.6656,142.4451,381.8,1.3,1.1,2014-11-06,0438,Aqua,MODIS,100,6.2,312.4,207.2,D,0
-28.7014,142.4801,341.6,1.3,1.1,2014-11-06,0438,Aqua,MODIS,86,6.2,307.7,36.4,D,0
-24.8727,147.7913,321.9,3.4,1.7,2014-11-06,0438,Aqua,MODIS,42,6.2,303.1,66.2,D,0
-28.8193,142.5056,324.3,1.3,1.1,2014-11-06,0438,Aqua,MODIS,58,6.2,298.4,11.8,D,0
-28.6791,142.4886,328.5,1.3,1.1,2014-11-06,0438,Aqua,MODIS,65,6.2,306.8,12.8,D,0
-23.5427,127.653,355.2,3.6,1.8,2014-11-06,0439,Aqua,MODIS,96,6.2,313.9,333.9,D,0
-23.5457,127.6169,374.2,3.6,1.8,2014-11-06,0439,Aqua,MODIS,100,6.2,312.5,701.9,D,0
-23.5266,127.6514,337.4,3.6,1.8,2014-11-06,0439,Aqua,MODIS,66,6.2,314.6,111.6,D,0
-23.5295,127.6155,360.3,3.6,1.8,2014-11-06,0439,Aqua,MODIS,100,6.2,319.8,419,D,0
-24.2356,129.179,340.7,2.9,1.6,2014-11-06,0439,Aqua,MODIS,69,6.2,319.7,82.5,D,0
-24.2184,129.2057,337.4,2.8,1.6,2014-11-06,0439,Aqua,MODIS,51,6.2,321.9,56.7,D,0
-24.6784,129.4591,336.8,2.8,1.6,2014-11-06,0439,Aqua,MODIS,30,6.2,320.2,53.1,D,0
-23.6105,127.6234,340.6,3.6,1.8,2014-11-06,0439,Aqua,MODIS,78,6.2,311.4,159.1,D,0
-23.9341,145.8082,328.5,2.6,1.6,2014-11-06,0439,Aqua,MODIS,37,6.2,307.5,38.4,D,0
-19.8679,129.5976,338.3,2.3,1.5,2014-11-06,0440,Aqua,MODIS,65,6.2,312.3,68.3,D,0
-19.8522,129.6182,348.7,2.3,1.5,2014-11-06,0440,Aqua,MODIS,91,6.2,316.5,126.9,D,0
-19.8256,129.6151,334.2,2.3,1.5,2014-11-06,0440,Aqua,MODIS,42,6.2,316.5,39.4,D,0
-19.7517,142.8507,336.7,2,1.4,2014-11-06,0440,Aqua,MODIS,79,6.2,303.5,58.2,D,0
-19.1675,142.8648,326.5,2,1.4,2014-11-06,0440,Aqua,MODIS,21,6.2,304.5,28.1,D,0
-23.1486,127.4831,395.1,3.7,1.8,2014-11-06,0440,Aqua,MODIS,100,6.2,310.8,1393,D,0
-23.1514,127.4469,387.1,3.7,1.8,2014-11-06,0440,Aqua,MODIS,100,6.2,308.1,1137.3,D,0
-23.1323,127.4815,352.2,3.7,1.8,2014-11-06,0440,Aqua,MODIS,94,6.2,308,337.7,D,0
-23.1351,127.4456,351.1,3.7,1.8,2014-11-06,0440,Aqua,MODIS,93,6.2,305.5,328.6,D,0
-23.1605,127.4405,342.4,3.7,1.8,2014-11-06,0440,Aqua,MODIS,77,6.2,302.5,226.2,D,0
-23.138,127.5113,337,3.7,1.8,2014-11-06,0440,Aqua,MODIS,76,6.2,307.5,141.2,D,0
-23.1411,127.4753,403.2,3.7,1.8,2014-11-06,0440,Aqua,MODIS,100,6.2,312.5,1696.9,D,0
-23.1441,127.4393,376.9,3.7,1.8,2014-11-06,0440,Aqua,MODIS,94,6.2,306.4,840.8,D,0
-23.1217,127.5097,333.2,3.7,1.8,2014-11-06,0440,Aqua,MODIS,17,6.2,308.6,88.7,D,0
-23.1248,127.4738,351.9,3.7,1.8,2014-11-06,0440,Aqua,MODIS,94,6.2,308.1,312.7,D,0
-23.1055,127.5082,358.7,3.7,1.8,2014-11-06,0440,Aqua,MODIS,99,6.2,313.5,400.9,D,0
-23.1085,127.4722,366.6,3.7,1.8,2014-11-06,0440,Aqua,MODIS,100,6.2,315.6,555.3,D,0
-23.0892,127.5067,345.9,3.7,1.8,2014-11-06,0440,Aqua,MODIS,88,6.2,314.4,214.6,D,0
-23.0922,127.4704,341.9,3.7,1.8,2014-11-06,0440,Aqua,MODIS,60,6.2,314.2,168.2,D,0
-23.0987,127.5027,352.1,3.7,1.8,2014-11-06,0440,Aqua,MODIS,94,6.2,314.5,310.7,D,0
-23.1019,127.4666,343.4,3.7,1.8,2014-11-06,0440,Aqua,MODIS,85,6.2,315.4,201.6,D,0
-23.0793,127.5368,335.2,3.6,1.8,2014-11-06,0440,Aqua,MODIS,72,6.2,314.5,104.9,D,0
-23.0824,127.501,342.9,3.7,1.8,2014-11-06,0440,Aqua,MODIS,85,6.2,315.3,185.8,D,0
-23.0856,127.4648,335.2,3.7,1.8,2014-11-06,0440,Aqua,MODIS,71,6.2,313.4,107.9,D,0
-23.5347,127.6442,359.7,3.6,1.8,2014-11-06,0440,Aqua,MODIS,75,6.2,316.4,399.3,D,0
-23.5378,127.6083,362,3.6,1.8,2014-11-06,0440,Aqua,MODIS,75,6.2,317.5,440.6,D,0
-23.0955,127.5383,338.2,3.6,1.8,2014-11-06,0440,Aqua,MODIS,78,6.2,312,138.9,D,0
-20.003,147.0656,352.3,3.9,1.8,2014-11-06,0440,Aqua,MODIS,95,6.2,300.7,399.5,D,0
-19.9899,147.0945,333.8,4,1.9,2014-11-06,0440,Aqua,MODIS,79,6.2,297.9,155.8,D,0
-19.9974,147.0569,335.4,3.9,1.8,2014-11-06,0440,Aqua,MODIS,81,6.2,300.8,170.6,D,0
-19.2412,140.4141,344.5,1.4,1.2,2014-11-06,0440,Aqua,MODIS,86,6.2,312.8,41.1,D,0
-19.2058,140.4343,357.9,1.4,1.2,2014-11-06,0440,Aqua,MODIS,98,6.2,313.2,86.9,D,0
-19.523,140.3129,381.3,1.3,1.1,2014-11-06,0440,Aqua,MODIS,100,6.2,315.5,207.5,D,0
-19.214,140.4492,341.3,1.4,1.2,2014-11-06,0440,Aqua,MODIS,71,6.2,316.2,30.4,D,0
-19.2244,140.4512,334.9,1.4,1.2,2014-11-06,0440,Aqua,MODIS,50,6.2,315.3,12.5,D,0
-19.2079,140.4213,343.2,1.4,1.2,2014-11-06,0440,Aqua,MODIS,71,6.2,304.1,38.3,D,0
-19.2036,140.4473,338.6,1.4,1.2,2014-11-06,0440,Aqua,MODIS,28,6.2,315.2,23.4,D,0
-19.2308,140.4122,356.2,1.4,1.2,2014-11-06,0440,Aqua,MODIS,97,6.2,313.5,82.8,D,0
-19.233,140.3993,356.4,1.4,1.2,2014-11-06,0440,Aqua,MODIS,97,6.2,309.7,87.6,D,0
-19.5209,140.3256,333.6,1.3,1.1,2014-11-06,0440,Aqua,MODIS,37,6.2,314.4,13.8,D,0
-21.1579,130.8629,354.9,2,1.4,2014-11-06,0440,Aqua,MODIS,96,6.2,324.4,121.1,D,0
-18.4951,141.3665,332.9,1.6,1.3,2014-11-06,0440,Aqua,MODIS,55,6.2,309.9,22.1,D,0
-21.1826,130.866,351.1,2,1.4,2014-11-06,0440,Aqua,MODIS,90,6.2,326.1,93.7,D,0
-21.1805,130.8848,357.7,2,1.4,2014-11-06,0440,Aqua,MODIS,98,6.2,322.5,132.6,D,0
-21.1682,130.8833,347.4,2,1.4,2014-11-06,0440,Aqua,MODIS,81,6.2,323.2,71.5,D,0
-21.1703,130.8644,358.4,2,1.4,2014-11-06,0440,Aqua,MODIS,98,6.2,327.6,139.2,D,0
-21.1723,130.8455,373.4,2,1.4,2014-11-06,0440,Aqua,MODIS,100,6.2,325.1,262.9,D,0
-21.1949,130.8675,341.6,2,1.4,2014-11-06,0440,Aqua,MODIS,59,6.2,322.9,48.1,D,0
-18.1061,133.1077,358.9,1.3,1.1,2014-11-06,0441,Aqua,MODIS,99,6.2,310.2,87,D,0
-18.7313,131.2955,384.9,1.7,1.3,2014-11-06,0441,Aqua,MODIS,100,6.2,321,308.8,D,0
-18.1077,133.0958,354.2,1.3,1.1,2014-11-06,0441,Aqua,MODIS,70,6.2,310.5,70.2,D,0
-18.7484,131.2489,366.3,1.7,1.3,2014-11-06,0441,Aqua,MODIS,100,6.2,310.9,175.5,D,0
-18.0976,133.0944,378.3,1.3,1.1,2014-11-06,0441,Aqua,MODIS,100,6.2,300.5,179.9,D,0
-18.7059,131.1397,359.7,1.7,1.3,2014-11-06,0441,Aqua,MODIS,99,6.2,313.6,137.5,D,0
-18.704,131.156,365.1,1.7,1.3,2014-11-06,0441,Aqua,MODIS,100,6.2,318.2,169.5,D,0
-18.7132,131.1456,346,1.7,1.3,2014-11-06,0441,Aqua,MODIS,88,6.2,310.5,74.2,D,0
-18.0992,133.0825,379.1,1.3,1.1,2014-11-06,0441,Aqua,MODIS,100,6.2,290.8,186.9,D,0
-18.5328,131.4332,400.2,1.6,1.3,2014-11-06,0441,Aqua,MODIS,100,6.2,317,487.9,D,0
-18.7428,131.2969,346.2,1.7,1.3,2014-11-06,0441,Aqua,MODIS,49,6.2,315.3,50.6,D,0
-18.7465,131.2649,367.3,1.7,1.3,2014-11-06,0441,Aqua,MODIS,100,6.2,318.9,173.3,D,0
-18.6924,131.1545,375.9,1.7,1.3,2014-11-06,0441,Aqua,MODIS,100,6.2,320.1,250.6,D,0
-18.7113,131.162,335.5,1.7,1.3,2014-11-06,0441,Aqua,MODIS,28,6.2,313.7,31.8,D,0
-18.758,131.2664,406.7,1.7,1.3,2014-11-06,0441,Aqua,MODIS,100,6.2,319,586.6,D,0
-18.7599,131.2504,391.5,1.7,1.3,2014-11-06,0441,Aqua,MODIS,100,6.2,317.2,400.6,D,0
-18.5215,131.4317,335.2,1.6,1.3,2014-11-06,0441,Aqua,MODIS,68,6.2,314.6,34.9,D,0
-18.6943,131.1382,370.7,1.7,1.3,2014-11-06,0441,Aqua,MODIS,100,6.2,317.1,211.8,D,0
-18.6807,131.1531,336.4,1.7,1.3,2014-11-06,0441,Aqua,MODIS,44,6.2,317.2,32.4,D,0
-15.3674,142.7452,331.7,2.4,1.5,2014-11-06,0441,Aqua,MODIS,78,6.2,295.3,52,D,0
-15.3731,142.7415,327.5,2.4,1.5,2014-11-06,0441,Aqua,MODIS,62,6.2,296.7,34.7,D,0
-18.6913,131.3388,335.1,1.7,1.3,2014-11-06,0441,Aqua,MODIS,22,6.2,307.2,22.9,D,0
-19.4221,126.4982,333.1,3.9,1.8,2014-11-06,0441,Aqua,MODIS,50,6.2,305,109.1,D,0
-18.3264,129.7047,340.8,2.2,1.4,2014-11-06,0441,Aqua,MODIS,71,6.2,298,117.1,D,0
-18.531,131.4486,343.9,1.6,1.3,2014-11-06,0441,Aqua,MODIS,86,6.2,309.8,66,D,0
-18.2938,129.7625,361.9,2.2,1.4,2014-11-06,0441,Aqua,MODIS,100,6.2,310.8,202.7,D,0
-18.2961,129.7422,407.6,2.2,1.4,2014-11-06,0441,Aqua,MODIS,100,6.2,315.2,864.4,D,0
-18.2983,129.7219,346.3,2.2,1.4,2014-11-06,0441,Aqua,MODIS,78,6.2,292,120.5,D,0
-18.3241,129.7252,365.6,2.2,1.4,2014-11-06,0441,Aqua,MODIS,100,6.2,304.9,283.1,D,0
-18.3218,129.7456,438.7,2.2,1.4,2014-11-06,0441,Aqua,MODIS,100,6.2,321.8,1726.9,D,0
-18.3195,129.7658,373.7,2.2,1.4,2014-11-06,0441,Aqua,MODIS,100,6.2,313.1,335.1,D,0
-18.3245,129.7093,353.5,2.2,1.4,2014-11-06,0441,Aqua,MODIS,95,6.2,301.1,197.8,D,0
-18.3224,129.7298,393.5,2.2,1.4,2014-11-06,0441,Aqua,MODIS,100,6.2,309.8,636.5,D,0
-18.3202,129.7502,438.4,2.2,1.4,2014-11-06,0441,Aqua,MODIS,100,6.2,324.1,1718.1,D,0
-18.318,129.7705,349.7,2.2,1.4,2014-11-06,0441,Aqua,MODIS,91,6.2,312.6,128.9,D,0
-16.6844,130.5061,333.5,1.8,1.3,2014-11-06,0441,Aqua,MODIS,67,6.2,311.8,24.7,D,0
-17.1523,128.9156,340.2,2.4,1.5,2014-11-06,0441,Aqua,MODIS,83,6.2,308.5,84.8,D,0
-17.1448,128.9097,333.8,2.4,1.5,2014-11-06,0441,Aqua,MODIS,45,6.2,309.1,49.3,D,0
-18.4194,128.7394,357.1,2.6,1.5,2014-11-06,0441,Aqua,MODIS,98,6.2,310.1,249.4,D,0
-18.4168,128.7638,344.1,2.6,1.5,2014-11-06,0441,Aqua,MODIS,88,6.2,307.9,128.6,D,0
-18.4266,128.7201,334,2.6,1.5,2014-11-06,0441,Aqua,MODIS,67,6.2,308.3,75.2,D,0
-18.4242,128.7446,349.7,2.6,1.5,2014-11-06,0441,Aqua,MODIS,93,6.2,308.9,180.3,D,0
-18.4217,128.769,335.7,2.6,1.5,2014-11-06,0441,Aqua,MODIS,60,6.2,307,74.1,D,0
-18.4144,128.8416,332.2,2.5,1.5,2014-11-06,0441,Aqua,MODIS,53,6.2,306.2,56.9,D,0
-18.4381,128.7462,330.6,2.6,1.5,2014-11-06,0441,Aqua,MODIS,68,6.2,302.8,57.1,D,0
-18.4521,128.7478,328.1,2.6,1.5,2014-11-06,0441,Aqua,MODIS,46,6.2,304.8,43.8,D,0
-18.281,129.7609,348.5,2.2,1.4,2014-11-06,0441,Aqua,MODIS,92,6.2,309.8,105.9,D,0
-18.2832,129.7406,347.5,2.2,1.4,2014-11-06,0441,Aqua,MODIS,86,6.2,309.9,109.5,D,0
-18.3112,129.7235,419,2.2,1.4,2014-11-06,0441,Aqua,MODIS,100,6.2,314.3,1163.2,D,0
-18.3951,128.8349,332.1,2.5,1.5,2014-11-06,0441,Aqua,MODIS,33,6.2,307.7,48.4,D,0
-18.3089,129.7439,434.5,2.2,1.4,2014-11-06,0441,Aqua,MODIS,100,6.2,327.4,1584.8,D,0
-18.4029,128.7623,353,2.6,1.5,2014-11-06,0441,Aqua,MODIS,95,6.2,310.2,200.8,D,0
-18.3977,128.8107,346,2.5,1.5,2014-11-06,0441,Aqua,MODIS,90,6.2,308.9,137.9,D,0
-18.3135,129.703,338.6,2.2,1.4,2014-11-06,0441,Aqua,MODIS,49,6.2,298.2,99.6,D,0
-19.4255,126.4608,351.7,3.9,1.8,2014-11-06,0441,Aqua,MODIS,94,6.2,305.2,362,D,0
-17.753,129.7231,404.3,2.1,1.4,2014-11-06,0441,Aqua,MODIS,75,6.2,306.1,818.8,D,0
-19.2461,130.0656,336.8,2.1,1.4,2014-11-06,0441,Aqua,MODIS,67,6.2,316.2,42.9,D,0
-19.2633,130.0268,348.4,2.1,1.4,2014-11-06,0441,Aqua,MODIS,91,6.2,313.8,105.4,D,0
-19.2611,130.047,363.4,2.1,1.4,2014-11-06,0441,Aqua,MODIS,100,6.2,318,214.9,D,0
-19.4008,126.4917,331.6,3.9,1.8,2014-11-06,0441,Aqua,MODIS,48,6.2,306.9,107.7,D,0
-19.2421,129.9834,335.2,2.1,1.4,2014-11-06,0441,Aqua,MODIS,75,6.2,316.9,44.5,D,0
-19.2293,129.9819,335.5,2.1,1.4,2014-11-06,0441,Aqua,MODIS,76,6.2,315.2,45.2,D,0
-19.2761,130.0283,370.1,2.1,1.4,2014-11-06,0441,Aqua,MODIS,100,6.2,313.9,281.6,D,0
-19.2739,130.0484,346,2.1,1.4,2014-11-06,0441,Aqua,MODIS,83,6.2,318.8,87.9,D,0
-19.3076,130.0928,348.1,2.1,1.4,2014-11-06,0441,Aqua,MODIS,91,6.2,319.7,99.7,D,0
-19.3101,130.0798,338.6,2.1,1.4,2014-11-06,0441,Aqua,MODIS,71,6.2,319.5,51.3,D,0
-19.308,130.0998,352.5,2.1,1.4,2014-11-06,0441,Aqua,MODIS,94,6.2,318.4,129.4,D,0
-18.3067,129.7642,351.8,2.2,1.4,2014-11-06,0441,Aqua,MODIS,94,6.2,316.1,134.6,D,0
-18.4055,128.7379,351.4,2.6,1.5,2014-11-06,0441,Aqua,MODIS,94,6.2,309.3,197.5,D,0
-16.7435,133.7806,347.3,1.1,1.1,2014-11-06,0441,Aqua,MODIS,81,6.2,317.2,38.4,D,0
-19.5494,129.7855,331.5,2.2,1.4,2014-11-06,0441,Aqua,MODIS,46,6.2,314.8,39.5,D,0
-15.1448,145.1936,328.3,3.7,1.8,2014-11-06,0441,Aqua,MODIS,58,6.2,287.4,131.2,D,0
-17.1097,143.0259,328.8,2.3,1.5,2014-11-06,0441,Aqua,MODIS,68,6.2,298.5,45.2,D,0
-17.1452,143.055,330.9,2.3,1.5,2014-11-06,0441,Aqua,MODIS,66,6.2,294.1,57.2,D,0
-17.1583,143.0577,326.3,2.3,1.5,2014-11-06,0441,Aqua,MODIS,54,6.2,295.8,37.1,D,0
-17.1405,143.0593,325.8,2.3,1.5,2014-11-06,0441,Aqua,MODIS,50,6.2,293.7,34.9,D,0
-16.7138,133.7119,346.8,1.1,1.1,2014-11-06,0441,Aqua,MODIS,90,6.2,321.9,37,D,0
-16.7043,133.7105,375.1,1.1,1.1,2014-11-06,0441,Aqua,MODIS,100,6.2,323.4,127.3,D,0
-16.6962,133.6985,442.5,1.1,1.1,2014-11-06,0441,Aqua,MODIS,100,6.2,334.5,715.5,D,0
-16.6976,133.6879,388.8,1.1,1.1,2014-11-06,0441,Aqua,MODIS,100,6.2,319,207,D,0
-16.6866,133.6972,466.5,1.1,1.1,2014-11-06,0441,Aqua,MODIS,100,6.2,329.9,1113.5,D,0
-16.688,133.6866,431.8,1.1,1.1,2014-11-06,0441,Aqua,MODIS,100,6.2,322.4,585.2,D,0
-16.6771,133.6958,393.4,1.1,1.1,2014-11-06,0441,Aqua,MODIS,100,6.2,308.6,236.1,D,0
-16.6785,133.6852,400,1.1,1.1,2014-11-06,0441,Aqua,MODIS,100,6.2,316.6,288.3,D,0
-16.631,133.7146,349.5,1.1,1.1,2014-11-06,0441,Aqua,MODIS,63,6.2,306.1,44,D,0
-16.6352,133.6829,341,1.1,1.1,2014-11-06,0441,Aqua,MODIS,51,6.2,312.2,31.8,D,0
-16.6242,133.6921,360.9,1.1,1.1,2014-11-06,0441,Aqua,MODIS,100,6.2,317.7,83.3,D,0
-16.6257,133.6815,389.4,1.1,1.1,2014-11-06,0441,Aqua,MODIS,100,6.2,320.9,214.4,D,0
-16.6161,133.6801,327.8,1.1,1.1,2014-11-06,0441,Aqua,MODIS,62,6.2,311,13.7,D,0
-17.1667,143.0645,336,2.3,1.5,2014-11-06,0441,Aqua,MODIS,79,6.2,299.4,76.2,D,0
-16.692,133.7302,345,1.1,1.1,2014-11-06,0441,Aqua,MODIS,89,6.2,315.6,22.9,D,0
-16.6934,133.7197,415.3,1.1,1.1,2014-11-06,0441,Aqua,MODIS,100,6.2,320.6,388.7,D,0
-16.6551,133.7892,377.2,1.1,1.1,2014-11-06,0441,Aqua,MODIS,100,6.2,327,130.5,D,0
-16.6496,133.7923,373.5,1.1,1.1,2014-11-06,0441,Aqua,MODIS,100,6.2,319.9,125.3,D,0
-16.651,133.7819,410.9,1.1,1.1,2014-11-06,0441,Aqua,MODIS,100,6.2,332.8,358.1,D,0
-16.6415,133.7805,344.4,1.1,1.1,2014-11-06,0441,Aqua,MODIS,82,6.2,317.7,33,D,0
-16.6429,133.77,355.8,1.1,1.1,2014-11-06,0441,Aqua,MODIS,94,6.2,319.6,59.8,D,0
-16.6362,133.7476,350.6,1.1,1.1,2014-11-06,0441,Aqua,MODIS,63,6.2,316.3,46,D,0
-16.6377,133.7371,354.4,1.1,1.1,2014-11-06,0441,Aqua,MODIS,70,6.2,319.2,54.6,D,0
-16.7325,133.7897,348.1,1.1,1.1,2014-11-06,0441,Aqua,MODIS,62,6.2,319,34.7,D,0
-16.7339,133.7792,347.8,1.1,1.1,2014-11-06,0441,Aqua,MODIS,51,6.2,318.8,35.8,D,0
-16.7093,133.8184,344.1,1.1,1.1,2014-11-06,0441,Aqua,MODIS,58,6.2,318.8,28.1,D,0
-16.7177,133.7554,343.5,1.1,1.1,2014-11-06,0441,Aqua,MODIS,36,6.2,315,25.1,D,0
-16.7124,133.7224,349,1.1,1.1,2014-11-06,0441,Aqua,MODIS,75,6.2,321.1,39.2,D,0
-16.7015,133.7316,361.3,1.1,1.1,2014-11-06,0441,Aqua,MODIS,100,6.2,319.2,68.7,D,0
-16.7029,133.7211,362.2,1.1,1.1,2014-11-06,0441,Aqua,MODIS,100,6.2,320.9,72.3,D,0
-17.1798,143.0671,332.3,2.3,1.5,2014-11-06,0441,Aqua,MODIS,70,6.2,300.9,58.8,D,0
-17.1135,143.0046,330.6,2.3,1.5,2014-11-06,0441,Aqua,MODIS,76,6.2,297.8,52.1,D,0
-16.8233,129.1002,334.7,2.3,1.5,2014-11-06,0441,Aqua,MODIS,77,6.2,308.2,53.3,D,0
-16.8832,125.2316,322.9,4.5,2,2014-11-06,0441,Aqua,MODIS,30,6.2,297.2,70,D,0
-16.81,129.0989,342.9,2.3,1.5,2014-11-06,0441,Aqua,MODIS,87,6.2,309.2,94.5,D,0
-16.8077,129.1199,330.1,2.3,1.5,2014-11-06,0441,Aqua,MODIS,46,6.2,308.9,28.3,D,0
-15.8542,130.0851,333.4,1.9,1.3,2014-11-06,0442,Aqua,MODIS,78,6.2,311.7,26.8,D,0
-15.8442,130.0659,353,1.9,1.3,2014-11-06,0442,Aqua,MODIS,96,6.2,310.3,122.5,D,0
-15.8683,130.0691,344.5,1.9,1.3,2014-11-06,0442,Aqua,MODIS,90,6.2,310.4,73.8,D,0
-15.8493,130.0776,347.6,1.9,1.3,2014-11-06,0442,Aqua,MODIS,92,6.2,311.9,88.2,D,0
-15.8515,130.0601,342.6,1.9,1.3,2014-11-06,0442,Aqua,MODIS,88,6.2,311.6,68.5,D,0
-15.8563,130.0675,343.2,1.9,1.3,2014-11-06,0442,Aqua,MODIS,89,6.2,312.6,70.2,D,0
-15.8704,130.0515,337.3,1.9,1.3,2014-11-06,0442,Aqua,MODIS,79,6.2,308.4,47.4,D,0
-13.8591,134.2491,326.7,1,1,2014-11-06,0442,Aqua,MODIS,43,6.2,286,15.4,D,0
-13.8696,134.2409,340,1,1,2014-11-06,0442,Aqua,MODIS,88,6.2,288.6,33.9,D,0
-14.1592,135.3785,359.8,1,1,2014-11-06,0442,Aqua,MODIS,99,6.2,301.3,70,D,0
-12.225,136.4052,333.9,1.1,1,2014-11-06,0442,Aqua,MODIS,68,6.2,310.3,17.9,D,0
-14.2111,135.2076,330.2,1,1,2014-11-06,0442,Aqua,MODIS,78,6.2,302.8,13.5,D,0
-14.2124,135.1984,328.8,1,1,2014-11-06,0442,Aqua,MODIS,76,6.2,303.7,12.9,D,0
-14.1995,135.2247,342.9,1,1,2014-11-06,0442,Aqua,MODIS,90,6.2,301.1,30.8,D,0
-14.2021,135.2063,343.7,1,1,2014-11-06,0442,Aqua,MODIS,90,6.2,302.1,32.6,D,0
-14.2034,135.197,329.7,1,1,2014-11-06,0442,Aqua,MODIS,69,6.2,302.9,12.2,D,0
-14.2048,135.1878,376.4,1,1,2014-11-06,0442,Aqua,MODIS,100,6.2,306.9,124.7,D,0
-14.2061,135.1786,362.9,1,1,2014-11-06,0442,Aqua,MODIS,100,6.2,303.7,82.2,D,0
-14.1827,135.2786,364.4,1,1,2014-11-06,0442,Aqua,MODIS,100,6.2,303.6,82.1,D,0
-13.8956,134.2545,332.4,1,1,2014-11-06,0442,Aqua,MODIS,52,6.2,281.2,20.5,D,0
-14.147,135.1451,332.7,1,1,2014-11-06,0442,Aqua,MODIS,73,6.2,298.1,17.9,D,0
-14.138,135.1437,341,1,1,2014-11-06,0442,Aqua,MODIS,88,6.2,296.6,31.4,D,0
-13.8761,134.1934,348,1,1,2014-11-06,0442,Aqua,MODIS,0,6.2,280.9,49.5,D,0
-13.8775,134.1839,364.4,1,1,2014-11-06,0442,Aqua,MODIS,87,6.2,281.1,91.3,D,0
-14.0258,134.2374,347.3,1,1,2014-11-06,0442,Aqua,MODIS,70,6.2,279.5,47.8,D,0
-14.0052,134.257,332.4,1,1,2014-11-06,0442,Aqua,MODIS,65,6.2,295.7,15.1,D,0
-14.0108,134.0823,341.6,1,1,2014-11-06,0442,Aqua,MODIS,89,6.2,286.5,43.1,D,0
-14.0433,135.0946,347.9,1,1,2014-11-06,0442,Aqua,MODIS,93,6.2,293.1,46.3,D,0
-14.0793,135.1001,341.3,1,1,2014-11-06,0442,Aqua,MODIS,89,6.2,299.3,32.4,D,0
-14.0841,135.1356,356.5,1,1,2014-11-06,0442,Aqua,MODIS,98,6.2,298.3,56.9,D,0
-14.2103,136.7357,310.6,1,1,2014-11-06,0442,Aqua,MODIS,0,6.2,277.1,8.2,D,0
-13.8268,134.2185,342.7,1,1,2014-11-06,0442,Aqua,MODIS,0,6.2,281.2,40.2,D,0
-13.8255,134.228,322.9,1,1,2014-11-06,0442,Aqua,MODIS,28,6.2,283.3,12.7,D,0
-13.8346,134.2293,334.3,1,1,2014-11-06,0442,Aqua,MODIS,66,6.2,282.5,24.2,D,0
-13.8605,134.2396,333.4,1,1,2014-11-06,0442,Aqua,MODIS,79,6.2,286.9,23.8,D,0
-14.1047,135.1198,350.8,1,1,2014-11-06,0442,Aqua,MODIS,92,6.2,297.2,51.6,D,0
-13.9685,135.5534,330.4,1,1,2014-11-06,0442,Aqua,MODIS,60,6.2,288,21.6,D,0
-14.1201,135.141,363.5,1,1,2014-11-06,0442,Aqua,MODIS,100,6.2,298.9,82.7,D,0
-14.0955,135.1844,359.5,1,1,2014-11-06,0442,Aqua,MODIS,99,6.2,302.4,64.7,D,0
-14.0942,135.1936,338.7,1,1,2014-11-06,0442,Aqua,MODIS,86,6.2,300.3,20.5,D,0
-14.1045,135.1857,336.1,1,1,2014-11-06,0442,Aqua,MODIS,84,6.2,300.5,16.6,D,0
-14.1006,135.2134,334.8,1,1,2014-11-06,0442,Aqua,MODIS,83,6.2,302.3,14.6,D,0
-13.9074,134.2369,362.5,1,1,2014-11-06,0442,Aqua,MODIS,94,6.2,281.7,85.5,D,0
-13.9165,134.2382,336.5,1,1,2014-11-06,0442,Aqua,MODIS,62,6.2,281.8,25.2,D,0
-14.2381,136.6682,348,1,1,2014-11-06,0442,Aqua,MODIS,89,6.2,286.6,50.7,D,0
-14.033,135.1025,330,1,1,2014-11-06,0442,Aqua,MODIS,55,6.2,294.4,15.6,D,0
-13.8461,134.2084,324.8,1,1,2014-11-06,0442,Aqua,MODIS,55,6.2,275.4,13.4,D,0
-13.8579,134.1907,337.5,1,1,2014-11-06,0442,Aqua,MODIS,39,6.2,280.6,28.5,D,0
-13.8566,134.2002,353.8,1,1,2014-11-06,0442,Aqua,MODIS,87,6.2,288.1,62,D,0
-13.8553,134.2097,340.3,1,1,2014-11-06,0442,Aqua,MODIS,70,6.2,283.7,34.1,D,0
-14.1187,135.1502,345.7,1,1,2014-11-06,0442,Aqua,MODIS,88,6.2,297.2,36.6,D,0
-14.1304,135.1332,367.4,1,1,2014-11-06,0442,Aqua,MODIS,100,6.2,297.9,97.8,D,0
-13.867,134.1921,386.2,1,1,2014-11-06,0442,Aqua,MODIS,94,6.2,285.9,174.2,D,0
-14.0134,135.5603,327.2,1,1,2014-11-06,0442,Aqua,MODIS,35,6.2,301.8,13.6,D,0
-14.0121,135.5695,337.9,1,1,2014-11-06,0442,Aqua,MODIS,85,6.2,302.2,28.1,D,0
-14.129,135.1424,386.9,1,1,2014-11-06,0442,Aqua,MODIS,100,6.2,303.2,170.8,D,0
-14.1277,135.1516,348.6,1,1,2014-11-06,0442,Aqua,MODIS,93,6.2,299.4,43.1,D,0
-12.5245,142.8591,320.1,2.8,1.6,2014-11-06,0442,Aqua,MODIS,61,6.2,290,41.6,D,0
-13.9427,134.1701,366.3,1,1,2014-11-06,0442,Aqua,MODIS,0,6.2,278.5,99.7,D,0
-13.9531,134.1619,365.3,1,1,2014-11-06,0442,Aqua,MODIS,0,6.2,280.6,96.2,D,0
-13.9518,134.1714,390.4,1,1,2014-11-06,0442,Aqua,MODIS,0,6.2,289.8,200,D,0
-13.9505,134.1809,338,1,1,2014-11-06,0442,Aqua,MODIS,0,6.2,284.8,31.9,D,0
-13.9623,134.1632,326.1,1,1,2014-11-06,0442,Aqua,MODIS,44,6.2,280.1,15.9,D,0
-13.9741,134.1454,338.9,1,1,2014-11-06,0442,Aqua,MODIS,73,6.2,286.8,34.1,D,0
-13.9727,134.155,341,1,1,2014-11-06,0442,Aqua,MODIS,71,6.2,288.7,36.7,D,0
-13.9714,134.1645,365.2,1,1,2014-11-06,0442,Aqua,MODIS,0,6.2,283.9,97,D,0
-13.9832,134.1467,324.2,1,1,2014-11-06,0442,Aqua,MODIS,69,6.2,285.2,14.1,D,0
-13.9819,134.1563,322,1,1,2014-11-06,0442,Aqua,MODIS,34,6.2,287.4,11.5,D,0
-13.9818,134.2244,335.4,1,1,2014-11-06,0442,Aqua,MODIS,40,6.2,281.5,24.7,D,0
-13.9909,134.2258,356.6,1,1,2014-11-06,0442,Aqua,MODIS,98,6.2,297,67.9,D,0
-14.18,135.297,330.2,1,1,2014-11-06,0442,Aqua,MODIS,73,6.2,304.7,11.3,D,0
-14.1813,135.2878,365.2,1,1,2014-11-06,0442,Aqua,MODIS,100,6.2,306.6,83.8,D,0
-14.1697,135.3049,328.3,1,1,2014-11-06,0442,Aqua,MODIS,62,6.2,304.3,9,D,0
-14.171,135.2957,332.2,1,1,2014-11-06,0442,Aqua,MODIS,80,6.2,305.2,13.6,D,0
-14.1724,135.2864,327.3,1,1,2014-11-06,0442,Aqua,MODIS,62,6.2,302.4,8.1,D,0
-14.1607,135.3035,338.1,1,1,2014-11-06,0442,Aqua,MODIS,86,6.2,304.4,22.6,D,0
-14.1621,135.2943,328.8,1,1,2014-11-06,0442,Aqua,MODIS,70,6.2,304.2,9.3,D,0
-14.1457,135.1543,340.3,1,1,2014-11-06,0442,Aqua,MODIS,85,6.2,300.9,26.7,D,0
-14.1894,135.1666,332.9,1,1,2014-11-06,0442,Aqua,MODIS,71,6.2,301,19.1,D,0
-14.1881,135.1759,349.8,1,1,2014-11-06,0442,Aqua,MODIS,94,6.2,305.2,46.3,D,0
-14.1868,135.1851,337.8,1,1,2014-11-06,0442,Aqua,MODIS,86,6.2,306.2,20.6,D,0
-14.1971,135.1772,344.9,1,1,2014-11-06,0442,Aqua,MODIS,91,6.2,302.2,38.1,D,0
-14.1958,135.1864,352.5,1,1,2014-11-06,0442,Aqua,MODIS,96,6.2,304.4,50.2,D,0
-14.1945,135.1957,338.1,1,1,2014-11-06,0442,Aqua,MODIS,82,6.2,304.4,22.8,D,0
-13.6616,132.1425,330.3,1.3,1.1,2014-11-06,0442,Aqua,MODIS,83,6.2,303.7,15.7,D,0
-13.9896,134.2353,358.6,1,1,2014-11-06,0442,Aqua,MODIS,99,6.2,293.6,72.5,D,0
-13.8683,134.2504,330.4,1,1,2014-11-06,0442,Aqua,MODIS,70,6.2,288.1,19.2,D,0
-13.8969,134.245,336.3,1,1,2014-11-06,0442,Aqua,MODIS,81,6.2,281.3,26.4,D,0
-14.0828,135.1448,367,1,1,2014-11-06,0442,Aqua,MODIS,100,6.2,303.6,87.4,D,0
-14.0918,135.1461,340.9,1,1,2014-11-06,0442,Aqua,MODIS,76,6.2,301.5,26.7,D,0
-14.0995,135.1567,370.6,1,1,2014-11-06,0442,Aqua,MODIS,100,6.2,303.1,99.7,D,0
-14.0065,134.2475,351,1,1,2014-11-06,0442,Aqua,MODIS,95,6.2,296.8,49.2,D,0
-14.0982,135.1659,359.1,1,1,2014-11-06,0442,Aqua,MODIS,99,6.2,301.5,65.1,D,0
-14.0968,135.1752,339.8,1,1,2014-11-06,0442,Aqua,MODIS,87,6.2,299.8,24.4,D,0
-14.1085,135.1581,385.4,1,1,2014-11-06,0442,Aqua,MODIS,100,6.2,303,157,D,0
-14.0156,134.2488,331.6,1,1,2014-11-06,0442,Aqua,MODIS,53,6.2,293.5,14.3,D,0
-13.8683,134.1825,419.7,1,1,2014-11-06,0442,Aqua,MODIS,100,6.2,288.6,401.3,D,0
-14.1008,135.1475,365,1,1,2014-11-06,0442,Aqua,MODIS,100,6.2,301.5,83.2,D,0
-14.1071,135.1673,342.7,1,1,2014-11-06,0442,Aqua,MODIS,90,6.2,299.4,27.3,D,0
-14.1058,135.1765,332.7,1,1,2014-11-06,0442,Aqua,MODIS,81,6.2,298.9,11.6,D,0
-14.1174,135.1595,335.1,1,1,2014-11-06,0442,Aqua,MODIS,82,6.2,297.9,15.4,D,0
-14.1161,135.1687,339.3,1,1,2014-11-06,0442,Aqua,MODIS,87,6.2,300.7,20.7,D,0
-14.1148,135.1779,333,1,1,2014-11-06,0442,Aqua,MODIS,81,6.2,301.7,11.8,D,0
-14.1367,135.153,350.2,1,1,2014-11-06,0442,Aqua,MODIS,94,6.2,299,45.8,D,0
-14.1354,135.1622,339.6,1,1,2014-11-06,0442,Aqua,MODIS,87,6.2,301.9,22.7,D,0
-14.1341,135.1714,335.3,1,1,2014-11-06,0442,Aqua,MODIS,83,6.2,302.9,14.9,D,0
-14.1111,135.1396,336.4,1,1,2014-11-06,0442,Aqua,MODIS,57,6.2,295.6,23.5,D,0
-14.1098,135.1489,384,1,1,2014-11-06,0442,Aqua,MODIS,100,6.2,301.5,153.4,D,0
-14.1227,135.1226,328,1,1,2014-11-06,0442,Aqua,MODIS,45,6.2,291.5,16.2,D,0
-14.1214,135.1318,356.8,1,1,2014-11-06,0442,Aqua,MODIS,98,6.2,295.4,66.6,D,0
-13.9775,135.5548,347.9,1,1,2014-11-06,0442,Aqua,MODIS,88,6.2,299.9,49.2,D,0
-12.6887,136.4952,334.7,1.1,1,2014-11-06,0442,Aqua,MODIS,71,6.2,305.8,17.4,D,0
-14.2429,136.6985,323.6,1,1,2014-11-06,0442,Aqua,MODIS,38,6.2,287.6,11.5,D,0
-13.9647,141.6816,351.7,2.1,1.4,2014-11-06,0442,Aqua,MODIS,96,6.2,286.4,165.2,D,0
-13.9762,141.6765,330.9,2.1,1.4,2014-11-06,0442,Aqua,MODIS,83,6.2,281.6,63.2,D,0
-14.5133,134.1631,333,1,1,2014-11-06,0442,Aqua,MODIS,61,6.2,308.8,12.3,D,0
-12.7782,142.3784,320.2,2.5,1.5,2014-11-06,0442,Aqua,MODIS,0,6.2,289.9,26.7,D,0
-13.9604,141.6934,335.8,2.1,1.4,2014-11-06,0442,Aqua,MODIS,66,6.2,285.6,81.7,D,0
-13.9478,141.6911,349.2,2.1,1.4,2014-11-06,0442,Aqua,MODIS,90,6.2,286,149.6,D,0
-13.9511,141.6719,356.7,2.1,1.4,2014-11-06,0442,Aqua,MODIS,93,6.2,284,196.1,D,0
-13.0081,136.1492,333,1,1,2014-11-06,0442,Aqua,MODIS,74,6.2,304.7,15.4,D,0
-12.4037,142.9332,317.8,2.8,1.6,2014-11-06,0442,Aqua,MODIS,68,6.2,290.5,36.5,D,0
-13.0906,136.2708,334,1,1,2014-11-06,0442,Aqua,MODIS,41,6.2,302.1,22,D,0
-12.9836,136.1262,332.1,1,1,2014-11-06,0442,Aqua,MODIS,69,6.2,307,12.8,D,0
-14.5041,134.1618,347.7,1,1,2014-11-06,0442,Aqua,MODIS,93,6.2,306.3,39.3,D,0
-14.2756,136.9212,323.5,1.1,1,2014-11-06,0442,Aqua,MODIS,0,6.2,282.2,15.3,D,0
-12.4024,142.9281,315.2,2.8,1.6,2014-11-06,0442,Aqua,MODIS,26,6.2,290.6,24.6,D,0
-11.1124,142.5292,333.9,2.8,1.6,2014-11-06,0442,Aqua,MODIS,86,6.2,287.3,117.7,D,0
-12.6732,143.0576,318,2.8,1.6,2014-11-06,0442,Aqua,MODIS,40,6.2,288.6,34,D,0
-12.9532,143.4637,316,3,1.6,2014-11-06,0442,Aqua,MODIS,49,6.2,290.2,40.6,D,0
-12.6688,143.0826,319.1,2.8,1.6,2014-11-06,0442,Aqua,MODIS,51,6.2,289.2,38.2,D,0
-12.3129,133.1452,333.5,1.1,1,2014-11-06,0442,Aqua,MODIS,82,6.2,286.7,25.2,D,0
-12.9745,136.1247,332.5,1,1,2014-11-06,0442,Aqua,MODIS,77,6.2,305.7,14.8,D,0
-13.8467,141.828,324.9,2.2,1.4,2014-11-06,0442,Aqua,MODIS,0,6.2,289.3,38.8,D,0
-13.7923,141.8383,321.9,2.2,1.4,2014-11-06,0442,Aqua,MODIS,39,6.2,290.8,30,D,0
-15.7712,129.7948,341.8,2,1.4,2014-11-06,0442,Aqua,MODIS,88,6.2,304.5,71.7,D,0
-15.7668,129.808,332,2,1.4,2014-11-06,0442,Aqua,MODIS,79,6.2,303.9,35.5,D,0
-15.769,129.7897,338.5,2,1.4,2014-11-06,0442,Aqua,MODIS,86,6.2,304.4,59.4,D,0
-11.3461,130.9282,320.7,1.4,1.2,2014-11-06,0443,Aqua,MODIS,18,6.2,297.8,12.1,D,0
-11.3477,130.9153,320.7,1.4,1.2,2014-11-06,0443,Aqua,MODIS,11,6.2,297.8,12.5,D,0
-34.293,116.3008,314.5,1,1,2014-11-06,0615,Aqua,MODIS,61,6.2,298.7,9.7,D,0
-35.0161,116.9992,321,1,1,2014-11-06,0615,Aqua,MODIS,0,6.2,298.5,11.9,D,0
-29.2073,125.385,331.1,3.9,1.8,2014-11-06,0616,Aqua,MODIS,39,6.2,306.3,80.9,D,0
-29.227,125.3961,338.6,3.9,1.8,2014-11-06,0616,Aqua,MODIS,72,6.2,305.5,143.7,D,0
-29.2432,125.4013,356.9,3.9,1.8,2014-11-06,0616,Aqua,MODIS,98,6.2,310.1,410.2,D,0
-29.2557,125.4007,364.3,3.9,1.8,2014-11-06,0616,Aqua,MODIS,100,6.2,308.4,558,D,0
-29.2686,125.3672,331.4,3.8,1.8,2014-11-06,0616,Aqua,MODIS,46,6.2,304.8,78.9,D,0
-29.2593,125.4063,376.1,3.9,1.8,2014-11-06,0616,Aqua,MODIS,100,6.2,308.3,840.3,D,0
-29.2719,125.4058,351.1,3.9,1.8,2014-11-06,0616,Aqua,MODIS,94,6.2,302.5,323.9,D,0
-29.2396,125.3955,352.8,3.9,1.8,2014-11-06,0616,Aqua,MODIS,95,6.2,309.1,343.8,D,0
-24.8698,121.7263,338,2.8,1.6,2014-11-06,0617,Aqua,MODIS,72,6.2,312.1,85.8,D,0
-24.8687,121.7211,335.5,2.8,1.6,2014-11-06,0617,Aqua,MODIS,61,6.2,310.3,68.7,D,0
-23.7471,123.5078,341.8,3.9,1.8,2014-11-06,0617,Aqua,MODIS,84,6.2,313.4,180,D,0
-22.8224,115.6861,357.5,1.2,1.1,2014-11-06,0618,Aqua,MODIS,98,6.2,324.4,69.3,D,0
-22.8238,115.6796,355.9,1.2,1.1,2014-11-06,0618,Aqua,MODIS,97,6.2,323.6,63.2,D,0
-23.7437,123.5019,339.9,3.9,1.8,2014-11-06,0618,Aqua,MODIS,82,6.2,314.3,155.9,D,0
-23.7356,123.5397,330.8,3.9,1.8,2014-11-06,0618,Aqua,MODIS,37,6.2,313,50.9,D,0
-22.8219,115.6914,352.3,1.2,1.1,2014-11-06,0618,Aqua,MODIS,94,6.2,323.1,51.9,D,0
-21.9525,120.8111,337,2.8,1.6,2014-11-06,0618,Aqua,MODIS,67,6.2,297.2,112,D,0
-23.6292,123.4724,337.2,3.9,1.8,2014-11-06,0618,Aqua,MODIS,78,6.2,316.2,115.2,D,0
-21.8763,123.2665,344,4.2,1.9,2014-11-06,0618,Aqua,MODIS,61,6.2,309,256.3,D,0
-23.677,122.865,337.8,3.6,1.8,2014-11-06,0618,Aqua,MODIS,0,6.2,315,92.7,D,0
-23.1618,122.3038,336.2,3.3,1.7,2014-11-06,0618,Aqua,MODIS,49,6.2,297.9,120.4,D,0
-23.1465,122.3,345.7,3.3,1.7,2014-11-06,0618,Aqua,MODIS,63,6.2,308.8,203.6,D,0
-23.1177,122.3608,352.8,3.4,1.7,2014-11-06,0618,Aqua,MODIS,94,6.2,299.1,294,D,0
-23.1245,122.3284,386.8,3.4,1.7,2014-11-06,0618,Aqua,MODIS,87,6.2,313,956.8,D,0
-23.6528,121.2498,348.5,2.7,1.6,2014-11-06,0618,Aqua,MODIS,78,6.2,315.7,152.8,D,0
-23.6669,121.2533,344.5,2.7,1.6,2014-11-06,0618,Aqua,MODIS,49,6.2,315.6,128.6,D,0
-23.6686,121.2584,351.4,2.7,1.6,2014-11-06,0618,Aqua,MODIS,67,6.2,314.1,192.9,D,0
-23.6458,121.2252,349.4,2.7,1.6,2014-11-06,0618,Aqua,MODIS,71,6.2,322.2,154.8,D,0
-23.644,121.22,347.4,2.7,1.6,2014-11-06,0618,Aqua,MODIS,77,6.2,321.7,135.3,D,0
-23.6299,121.2165,359.7,2.7,1.6,2014-11-06,0618,Aqua,MODIS,99,6.2,319.5,262.8,D,0
-23.6159,121.2131,380.7,2.7,1.6,2014-11-06,0618,Aqua,MODIS,100,6.2,318.4,569.9,D,0
-23.6212,121.1867,373.1,2.7,1.6,2014-11-06,0618,Aqua,MODIS,100,6.2,324.2,437.6,D,0
-23.6071,121.1832,334.8,2.7,1.6,2014-11-06,0618,Aqua,MODIS,40,6.2,307.6,48.7,D,0
-23.0776,124.4385,338.5,4.7,2,2014-11-06,0618,Aqua,MODIS,80,6.2,320,137.2,D,0
-23.1574,122.3108,350.8,3.3,1.7,2014-11-06,0618,Aqua,MODIS,83,6.2,296.3,277.8,D,0
-23.1421,122.307,346.6,3.3,1.7,2014-11-06,0618,Aqua,MODIS,65,6.2,309.6,214.4,D,0
-21.7186,121.0589,336,2.9,1.6,2014-11-06,0618,Aqua,MODIS,39,6.2,313.3,74.1,D,0
-21.2049,120.2383,340.8,2.6,1.6,2014-11-06,0618,Aqua,MODIS,82,6.2,314.8,98.3,D,0
-21.4412,121.7612,348.6,3.3,1.7,2014-11-06,0618,Aqua,MODIS,89,6.2,310.6,238.8,D,0
-21.4565,121.7649,343.1,3.3,1.7,2014-11-06,0618,Aqua,MODIS,63,6.2,308.1,184.8,D,0
-20.5566,122.1258,332.9,3.7,1.8,2014-11-06,0618,Aqua,MODIS,45,6.2,303.2,91,D,0
-20.5635,122.0909,346.3,3.7,1.8,2014-11-06,0618,Aqua,MODIS,80,6.2,304,243.1,D,0
-21.1523,120.4033,343.7,2.7,1.6,2014-11-06,0618,Aqua,MODIS,81,6.2,313.1,122,D,0
-20.8635,121.7209,337.3,3.4,1.7,2014-11-06,0618,Aqua,MODIS,57,6.2,310,121.6,D,0
-21.7131,121.0869,342.8,2.9,1.6,2014-11-06,0618,Aqua,MODIS,71,6.2,309.8,138.2,D,0
-21.1423,120.4089,337.6,2.7,1.6,2014-11-06,0618,Aqua,MODIS,70,6.2,314.3,79.4,D,0
-21.437,121.7678,347,3.3,1.7,2014-11-06,0618,Aqua,MODIS,80,6.2,309.1,223.6,D,0
-21.4524,121.7714,349.2,3.3,1.7,2014-11-06,0618,Aqua,MODIS,85,6.2,308,254.3,D,0
-21.1563,120.4118,355.9,2.7,1.6,2014-11-06,0618,Aqua,MODIS,91,6.2,311.3,240.2,D,0
-20.4406,121.2242,342.1,3.2,1.7,2014-11-06,0619,Aqua,MODIS,83,6.2,303.6,167.5,D,0
-20.4441,121.2014,354.9,3.2,1.7,2014-11-06,0619,Aqua,MODIS,91,6.2,309.3,306.3,D,0
-20.4229,121.2283,379.5,3.2,1.7,2014-11-06,0619,Aqua,MODIS,94,6.2,307.8,729.1,D,0
-20.4255,121.2207,385.1,3.2,1.7,2014-11-06,0619,Aqua,MODIS,100,6.2,309.3,853.5,D,0
-20.1391,120.3346,332,2.8,1.6,2014-11-06,0619,Aqua,MODIS,56,6.2,305.7,65.1,D,0
-20.438,121.2317,345.7,3.2,1.7,2014-11-06,0619,Aqua,MODIS,83,6.2,300.6,204.7,D,0
-20.1382,120.3295,330.4,2.8,1.6,2014-11-06,0619,Aqua,MODIS,52,6.2,305.2,54.6,D,0
-20.4465,121.1939,347.2,3.2,1.7,2014-11-06,0619,Aqua,MODIS,69,6.2,307,212.5,D,0
-18.5467,122.5118,335.3,4.4,1.9,2014-11-06,0619,Aqua,MODIS,87,6.2,298.7,202.3,D,0
-18.9526,122.3465,324,4.2,1.9,2014-11-06,0619,Aqua,MODIS,58,6.2,295,86.5,D,0
-19.0419,122.8914,346.3,4.5,2,2014-11-06,0619,Aqua,MODIS,93,6.2,299.1,394.4,D,0
-19.0246,122.8873,329.6,4.5,2,2014-11-06,0619,Aqua,MODIS,43,6.2,296.3,160.9,D,0
-19.0152,122.9223,332.7,4.6,2,2014-11-06,0619,Aqua,MODIS,56,6.2,291.9,198.8,D,0
-19.0252,122.5423,333.6,4.3,1.9,2014-11-06,0619,Aqua,MODIS,66,6.2,299.9,160.1,D,0
-19.0422,122.5462,387.5,4.3,1.9,2014-11-06,0619,Aqua,MODIS,100,6.2,303.7,1404.4,D,0
-19.0337,122.5863,377.5,4.3,1.9,2014-11-06,0619,Aqua,MODIS,100,6.2,301.2,1062.8,D,0
-19.0592,122.55,369.2,4.3,1.9,2014-11-06,0619,Aqua,MODIS,100,6.2,301.3,816.1,D,0
-19.0483,122.5819,382.1,4.3,1.9,2014-11-06,0619,Aqua,MODIS,100,6.2,301,1223.1,D,0
-19.0564,122.5418,365,4.3,1.9,2014-11-06,0619,Aqua,MODIS,100,6.2,302,706.6,D,0
-19.0312,122.578,381.3,4.3,1.9,2014-11-06,0619,Aqua,MODIS,100,6.2,301.4,1197.8,D,0
-19.0395,122.5378,369.8,4.3,1.9,2014-11-06,0619,Aqua,MODIS,100,6.2,302.5,833.6,D,0
-19.5643,122.3313,334.1,4,1.9,2014-11-06,0619,Aqua,MODIS,0,6.2,280.7,136.4,D,0
-19.0508,122.5902,358.6,4.3,1.9,2014-11-06,0619,Aqua,MODIS,99,6.2,299.3,568.7,D,0
-18.7047,122.6555,333,4.4,1.9,2014-11-06,0619,Aqua,MODIS,85,6.2,298.1,177,D,0
-18.7033,122.647,326.1,4.4,1.9,2014-11-06,0619,Aqua,MODIS,67,6.2,298.3,100.6,D,0
-19.5437,122.2435,344.6,4,1.9,2014-11-06,0619,Aqua,MODIS,79,6.2,305.6,266.3,D,0
-19.5469,122.2491,345.9,4,1.9,2014-11-06,0619,Aqua,MODIS,90,6.2,302.5,277.7,D,0
-18.5487,122.5202,332.9,4.4,1.9,2014-11-06,0619,Aqua,MODIS,63,6.2,297.3,170.3,D,0
-19.0403,122.8963,353.8,4.5,2,2014-11-06,0619,Aqua,MODIS,97,6.2,300.3,525.8,D,0
-19.033,122.9344,349.2,4.6,2,2014-11-06,0619,Aqua,MODIS,72,6.2,295.7,455,D,0
-19.0311,122.9392,346.2,4.6,2,2014-11-06,0619,Aqua,MODIS,71,6.2,295.6,385.9,D,0
-19.7083,121.7981,328.9,3.7,1.8,2014-11-06,0619,Aqua,MODIS,0,6.2,290.4,119.4,D,0
-19.6655,122.0079,325.8,3.8,1.8,2014-11-06,0619,Aqua,MODIS,0,6.2,291.1,93.9,D,0
-26.9424,150.7856,337,1.5,1.2,2014-11-06,1225,Terra,MODIS,100,6.2,289,72.3,N,0
-26.9441,150.7703,303.5,1.5,1.2,2014-11-06,1225,Terra,MODIS,55,6.2,288.3,11.2,N,0
-24.4751,151.8531,317.2,1.2,1.1,2014-11-06,1225,Terra,MODIS,95,6.2,289.9,21.2,N,0
-24.4766,151.8412,307.2,1.2,1.1,2014-11-06,1225,Terra,MODIS,71,6.2,289.4,11.1,N,0
-23.105,146.2977,306,2.8,1.6,2014-11-06,1226,Terra,MODIS,66,6.2,291.7,27.6,N,0
-23.3708,150.1445,317.1,1.5,1.2,2014-11-06,1226,Terra,MODIS,94,6.2,291.8,25.6,N,0
-23.3726,150.1295,324.2,1.5,1.2,2014-11-06,1226,Terra,MODIS,100,6.2,291.9,37.4,N,0
-23.1074,146.3046,304.8,2.8,1.6,2014-11-06,1226,Terra,MODIS,62,6.2,291.5,25.6,N,0
-22.8385,148.661,303,1.8,1.3,2014-11-06,1226,Terra,MODIS,53,6.2,291.9,11.4,N,0
-22.8404,148.6429,303.1,1.9,1.3,2014-11-06,1226,Terra,MODIS,53,6.2,291.8,11.6,N,0
-22.8455,148.6555,313,1.8,1.3,2014-11-06,1226,Terra,MODIS,86,6.2,292.3,28.2,N,0
-23.369,150.16,305.3,1.5,1.2,2014-11-06,1226,Terra,MODIS,16,6.2,291,10.1,N,0
-28.6602,142.4302,304.6,3.9,1.8,2014-11-06,1402,Terra,MODIS,61,6.2,285.9,61.1,N,0
-28.6509,142.4701,313.7,4,1.9,2014-11-06,1402,Terra,MODIS,88,6.2,285.4,107.8,N,0
-28.4287,127.3536,311.3,1.3,1.1,2014-11-06,1403,Terra,MODIS,72,6.2,297,11,N,0
-28.4184,127.352,327.8,1.3,1.1,2014-11-06,1403,Terra,MODIS,100,6.2,297.7,34.7,N,0
-28.4082,127.3504,309.2,1.3,1.1,2014-11-06,1403,Terra,MODIS,77,6.2,296.5,9.9,N,0
-28.4266,127.3454,313.7,1.3,1.1,2014-11-06,1403,Terra,MODIS,88,6.2,298,14.2,N,0
-29.1931,129.6379,306.5,1.1,1,2014-11-06,1403,Terra,MODIS,30,6.2,295.3,5.8,N,0
-29.2562,129.4459,336.1,1.1,1,2014-11-06,1403,Terra,MODIS,100,6.2,298.9,39.5,N,0
-29.2547,129.457,338.9,1.1,1,2014-11-06,1403,Terra,MODIS,100,6.2,299.1,44.1,N,0
-29.2655,129.4475,341.2,1.1,1,2014-11-06,1403,Terra,MODIS,100,6.2,302.3,48.9,N,0
-28.6576,129.3083,309.8,1.1,1,2014-11-06,1403,Terra,MODIS,78,6.2,294.8,9.3,N,0
-28.42,127.3386,329.7,1.3,1.1,2014-11-06,1403,Terra,MODIS,100,6.2,297.3,38.3,N,0
-29.2674,129.4763,313.8,1.1,1,2014-11-06,1403,Terra,MODIS,87,6.2,297,11.1,N,0
-28.931,130.3011,306.6,1,1,2014-11-06,1403,Terra,MODIS,69,6.2,294.9,6,N,0
-23.7614,120.4373,310.8,3.4,1.7,2014-11-06,1404,Terra,MODIS,28,6.2,288.9,56.5,N,0
-23.1873,127.4335,326.2,1.1,1.1,2014-11-06,1404,Terra,MODIS,100,6.2,298.3,26.8,N,0
-23.1888,127.4224,325.5,1.1,1.1,2014-11-06,1404,Terra,MODIS,100,6.2,298.2,25.7,N,0
-23.1777,127.4321,310.2,1.1,1.1,2014-11-06,1404,Terra,MODIS,77,6.2,296.6,9.2,N,0
-23.1242,127.4692,311.8,1.1,1.1,2014-11-06,1404,Terra,MODIS,81,6.2,296.2,11.1,N,0
-23.1036,127.4488,311.1,1.1,1.1,2014-11-06,1404,Terra,MODIS,79,6.2,297.9,9.5,N,0
-23.105,127.4377,325.4,1.1,1.1,2014-11-06,1404,Terra,MODIS,100,6.2,298.6,25.6,N,0
-23.0926,127.4584,317.4,1.1,1.1,2014-11-06,1404,Terra,MODIS,94,6.2,297.7,16,N,0
-23.094,127.4473,315.3,1.1,1.1,2014-11-06,1404,Terra,MODIS,90,6.2,297.6,13.8,N,0
-23.0816,127.468,328.3,1.1,1.1,2014-11-06,1404,Terra,MODIS,100,6.2,297.5,30,N,0
-23.083,127.4569,325.1,1.1,1.1,2014-11-06,1404,Terra,MODIS,100,6.2,296.9,25.5,N,0
-19.8068,129.6482,305,1,1,2014-11-06,1405,Terra,MODIS,62,6.2,292.1,5.5,N,0
-20.9993,118.805,309,4.2,1.9,2014-11-06,1405,Terra,MODIS,69,6.2,293.5,49.7,N,0
-20.9965,118.7983,309.1,4.2,1.9,2014-11-06,1405,Terra,MODIS,76,6.2,293.7,53.8,N,0
-21.206,118.673,307.1,4.3,1.9,2014-11-06,1405,Terra,MODIS,30,6.2,288,62.1,N,0
-21.2008,118.7062,308.6,4.3,1.9,2014-11-06,1405,Terra,MODIS,29,6.2,287.5,74.6,N,0
-23.1751,122.4112,316.7,2.4,1.5,2014-11-06,1405,Terra,MODIS,94,6.2,297.1,43.5,N,0
-23.1774,122.3877,318.5,2.4,1.5,2014-11-06,1405,Terra,MODIS,97,6.2,297.5,49.1,N,0
-19.5127,130.0844,302.2,1,1,2014-11-06,1405,Terra,MODIS,35,6.2,291.5,3.6,N,0
-23.1616,122.4097,307.7,2.4,1.5,2014-11-06,1405,Terra,MODIS,21,6.2,296.4,18.8,N,0
-19.2389,130.0698,306.1,1,1,2014-11-06,1405,Terra,MODIS,67,6.2,274.3,9.2,N,0
-19.2403,130.0601,300.8,1,1,2014-11-06,1405,Terra,MODIS,34,6.2,273.1,6.2,N,0
-23.1639,122.3861,310.6,2.4,1.5,2014-11-06,1405,Terra,MODIS,53,6.2,297,25.7,N,0
-20.8096,126.3858,313.5,1.2,1.1,2014-11-06,1405,Terra,MODIS,33,6.2,298,11,N,0
-20.8081,126.3974,311.2,1.2,1.1,2014-11-06,1405,Terra,MODIS,27,6.2,298.1,8,N,0
-19.5204,130.0957,320.9,1,1,2014-11-06,1405,Terra,MODIS,100,6.2,292.8,17.7,N,0
-20.8194,126.3872,341.5,1.2,1.1,2014-11-06,1405,Terra,MODIS,100,6.2,298.6,57.1,N,0
-19.5113,130.0941,306.2,1,1,2014-11-06,1405,Terra,MODIS,67,6.2,291.4,5.9,N,0
-20.818,126.3988,319.8,1.2,1.1,2014-11-06,1405,Terra,MODIS,99,6.2,298.6,18.5,N,0
-21.4061,121.7952,312.2,2.5,1.5,2014-11-06,1405,Terra,MODIS,21,6.2,299.8,21.8,N,0
-21.4372,121.8288,313.6,2.5,1.5,2014-11-06,1405,Terra,MODIS,44,6.2,299,26.2,N,0
-21.4348,121.853,341.3,2.5,1.5,2014-11-06,1405,Terra,MODIS,100,6.2,301,156,N,0
-21.4535,121.806,318.2,2.5,1.5,2014-11-06,1405,Terra,MODIS,96,6.2,296.9,48.2,N,0
-21.4649,121.8319,313.8,2.5,1.5,2014-11-06,1405,Terra,MODIS,80,6.2,298.4,32.9,N,0
-21.4624,121.8561,329.5,2.5,1.5,2014-11-06,1405,Terra,MODIS,100,6.2,300.4,92.7,N,0
-21.4599,121.8803,313.7,2.5,1.5,2014-11-06,1405,Terra,MODIS,88,6.2,299.1,30.7,N,0
-21.4593,121.8131,318.5,2.5,1.5,2014-11-06,1405,Terra,MODIS,97,6.2,297,49.3,N,0
-21.457,121.8375,319.3,2.5,1.5,2014-11-06,1405,Terra,MODIS,98,6.2,299.5,48.8,N,0
-21.4547,121.8617,311.3,2.5,1.5,2014-11-06,1405,Terra,MODIS,50,6.2,298.8,22.4,N,0
-21.4685,121.8633,328,2.5,1.5,2014-11-06,1405,Terra,MODIS,100,6.2,299.6,86,N,0
-20.2427,120.9653,328.3,2.8,1.6,2014-11-06,1405,Terra,MODIS,100,6.2,294.8,106.1,N,0
-20.2309,120.9364,326.7,2.8,1.6,2014-11-06,1405,Terra,MODIS,100,6.2,296.1,99.4,N,0
-20.2164,120.9347,312.3,2.8,1.6,2014-11-06,1405,Terra,MODIS,85,6.2,295.2,38.1,N,0
-20.219,120.9074,308.7,2.8,1.6,2014-11-06,1405,Terra,MODIS,75,6.2,293.7,28,N,0
-20.2294,120.9309,324.9,2.8,1.6,2014-11-06,1405,Terra,MODIS,100,6.2,296.3,88.6,N,0
-20.2149,120.9292,308.8,2.8,1.6,2014-11-06,1405,Terra,MODIS,76,6.2,294.7,26.9,N,0
-20.2176,120.902,304.6,2.8,1.6,2014-11-06,1405,Terra,MODIS,21,6.2,293.7,15.4,N,0
-21.3784,121.7921,310.5,2.5,1.5,2014-11-06,1405,Terra,MODIS,55,6.2,299.4,20.6,N,0
-21.3923,121.7936,332.6,2.5,1.5,2014-11-06,1405,Terra,MODIS,100,6.2,301.5,106.9,N,0
-21.3898,121.8179,348.8,2.5,1.5,2014-11-06,1405,Terra,MODIS,100,6.2,301.8,213.3,N,0
-21.4036,121.8195,346,2.5,1.5,2014-11-06,1405,Terra,MODIS,100,6.2,303.6,188.8,N,0
-21.401,121.8437,320.7,2.5,1.5,2014-11-06,1405,Terra,MODIS,100,6.2,300.2,55.7,N,0
-21.3844,121.7981,326.1,2.5,1.5,2014-11-06,1405,Terra,MODIS,100,6.2,300.4,75.3,N,0
-21.4005,121.7753,315.9,2.5,1.5,2014-11-06,1405,Terra,MODIS,92,6.2,299.6,34.6,N,0
-21.3982,121.7997,336.2,2.5,1.5,2014-11-06,1405,Terra,MODIS,100,6.2,301.9,125,N,0
-21.3958,121.824,368.9,2.5,1.5,2014-11-06,1405,Terra,MODIS,100,6.2,304.6,416.5,N,0
-21.412,121.8013,311,2.5,1.5,2014-11-06,1405,Terra,MODIS,24,6.2,299.2,20.2,N,0
-21.4234,121.8272,330.9,2.5,1.5,2014-11-06,1405,Terra,MODIS,100,6.2,301.5,94.8,N,0
-21.421,121.8514,335.6,2.5,1.5,2014-11-06,1405,Terra,MODIS,100,6.2,301.5,120.6,N,0
-20.8387,121.6217,308.8,2.6,1.5,2014-11-06,1405,Terra,MODIS,74,6.2,298.2,19.9,N,0
-20.6003,120.6904,318.6,3,1.6,2014-11-06,1405,Terra,MODIS,88,6.2,287.3,77.1,N,0
-20.603,120.6617,317.6,3,1.6,2014-11-06,1405,Terra,MODIS,89,6.2,280.6,71.7,N,0
-20.6008,120.6851,325.6,3,1.6,2014-11-06,1405,Terra,MODIS,100,6.2,287.9,110.2,N,0
-20.6036,120.6564,309.8,3,1.6,2014-11-06,1405,Terra,MODIS,22,6.2,280.5,38.6,N,0
-20.1353,120.3681,324.8,3.1,1.7,2014-11-06,1405,Terra,MODIS,100,6.2,294.3,106.1,N,0
-20.1382,120.3382,328.5,3.1,1.7,2014-11-06,1405,Terra,MODIS,100,6.2,294.4,131.3,N,0
-20.1202,120.3665,314.1,3.1,1.7,2014-11-06,1405,Terra,MODIS,88,6.2,293.2,53.2,N,0
-20.123,120.3364,343.3,3.1,1.7,2014-11-06,1405,Terra,MODIS,100,6.2,294.3,246.7,N,0
-20.6586,121.6145,310.4,2.5,1.5,2014-11-06,1405,Terra,MODIS,80,6.2,295.9,29.9,N,0
-20.1258,120.3066,305.4,3.1,1.7,2014-11-06,1405,Terra,MODIS,48,6.2,292.7,23,N,0
-20.5152,121.2864,307.6,2.7,1.6,2014-11-06,1405,Terra,MODIS,58,6.2,296.1,21.8,N,0
-20.6235,122.0846,312.9,2.3,1.5,2014-11-06,1405,Terra,MODIS,23,6.2,290.5,36.1,N,0
-22.4074,125.7099,370.9,1.4,1.2,2014-11-06,1405,Terra,MODIS,100,6.2,299.7,187.1,N,0
-22.414,125.703,350.8,1.4,1.2,2014-11-06,1405,Terra,MODIS,100,6.2,296.8,99.1,N,0
-22.4057,125.7233,338,1.4,1.2,2014-11-06,1405,Terra,MODIS,100,6.2,297.4,60.8,N,0
-20.6674,120.4606,306.7,3.1,1.7,2014-11-06,1405,Terra,MODIS,44,6.2,275.5,38.6,N,0
-22.4179,125.7114,351.9,1.4,1.2,2014-11-06,1405,Terra,MODIS,100,6.2,298.2,103.3,N,0
-22.4124,125.7164,386.1,1.4,1.2,2014-11-06,1405,Terra,MODIS,100,6.2,300.7,286.6,N,0
-20.6522,120.4591,318.5,3.1,1.7,2014-11-06,1405,Terra,MODIS,61,6.2,285.8,80.7,N,0
-20.6494,120.4889,319.4,3.1,1.7,2014-11-06,1405,Terra,MODIS,98,6.2,276.7,81.2,N,0
-21.8714,123.2787,309.8,2,1.4,2014-11-06,1405,Terra,MODIS,78,6.2,296,20.7,N,0
-19.2399,140.4539,306.8,4.8,2,2014-11-06,1405,Terra,MODIS,19,6.2,296,46.9,N,0
-19.2493,140.4087,314.1,4.8,2,2014-11-06,1405,Terra,MODIS,88,6.2,296,100.5,N,0
-19.2371,140.4581,309.5,4.8,2,2014-11-06,1405,Terra,MODIS,78,6.2,296,65.5,N,0
-19.2221,140.4496,309,4.8,2,2014-11-06,1405,Terra,MODIS,27,6.2,295.4,58.4,N,0
-19.2468,140.4129,317,4.8,2,2014-11-06,1405,Terra,MODIS,94,6.2,296.1,124.6,N,0
-19.1892,140.4346,307.8,4.8,2,2014-11-06,1405,Terra,MODIS,68,6.2,295.9,55.2,N,0
-16.7615,133.7725,331.2,1.8,1.3,2014-11-06,1406,Terra,MODIS,100,6.2,295.4,58.3,N,0
-16.7643,133.7562,320.4,1.8,1.3,2014-11-06,1406,Terra,MODIS,29,6.2,292.9,28.2,N,0
-16.7699,133.7236,325.9,1.7,1.3,2014-11-06,1406,Terra,MODIS,82,6.2,290.5,40.4,N,0
-16.7439,133.7355,313.5,1.8,1.3,2014-11-06,1406,Terra,MODIS,62,6.2,286.9,17,N,0
-16.829,133.7071,320.8,1.7,1.3,2014-11-06,1406,Terra,MODIS,66,6.2,283.1,33.6,N,0
-15.7512,129.8105,310.6,1.1,1,2014-11-06,1406,Terra,MODIS,66,6.2,291.8,7.7,N,0
-15.7527,129.8005,313,1.1,1,2014-11-06,1406,Terra,MODIS,79,6.2,295,9.5,N,0
-16.235,129.5285,304,1,1,2014-11-06,1406,Terra,MODIS,34,6.2,292.3,2.3,N,0
-15.4993,129.9657,310.8,1.1,1,2014-11-06,1406,Terra,MODIS,79,6.2,296.7,7.8,N,0
-15.8411,130.0779,307.3,1.1,1,2014-11-06,1406,Terra,MODIS,57,6.2,296.1,4.7,N,0
-18.3995,129.7051,311.4,1,1,2014-11-06,1406,Terra,MODIS,53,6.2,287.7,8.9,N,0
-18.3981,129.7147,312.7,1,1,2014-11-06,1406,Terra,MODIS,76,6.2,288.4,10.3,N,0
-15.5276,130.0076,308.9,1.1,1,2014-11-06,1406,Terra,MODIS,73,6.2,296.7,5.4,N,0
-15.5261,130.0177,310.2,1.1,1,2014-11-06,1406,Terra,MODIS,77,6.2,296.1,6.6,N,0
-15.5213,129.9859,313.1,1.1,1,2014-11-06,1406,Terra,MODIS,65,6.2,297.4,8,N,0
-15.8379,130.0358,307,1.1,1,2014-11-06,1406,Terra,MODIS,65,6.2,295.5,5.3,N,0
-15.8364,130.046,308.5,1.1,1,2014-11-06,1406,Terra,MODIS,71,6.2,296,6.4,N,0
-15.5711,129.9733,308.7,1.1,1,2014-11-06,1406,Terra,MODIS,69,6.2,296.4,5.3,N,0
-16.685,130.5225,310.6,1.1,1.1,2014-11-06,1406,Terra,MODIS,75,6.2,298.8,6.5,N,0
-16.8184,129.1352,309.7,1,1,2014-11-06,1406,Terra,MODIS,36,6.2,291.7,6.3,N,0
-18.4367,129.6424,307.7,1,1,2014-11-06,1406,Terra,MODIS,56,6.2,281.7,8.8,N,0
-15.8472,130.0374,312.9,1.1,1,2014-11-06,1406,Terra,MODIS,81,6.2,295.8,9.1,N,0
-15.8396,130.088,307.5,1.1,1,2014-11-06,1406,Terra,MODIS,64,6.2,296.1,4.8,N,0
-15.8346,130.8102,345.8,1.2,1.1,2014-11-06,1406,Terra,MODIS,100,6.2,298.5,63.6,N,0
-15.8457,130.0475,312.1,1.1,1,2014-11-06,1406,Terra,MODIS,78,6.2,296.1,8.4,N,0
-16.6678,130.445,312.5,1.1,1.1,2014-11-06,1406,Terra,MODIS,81,6.2,297.4,8.3,N,0
-15.493,130.3613,310.8,1.1,1.1,2014-11-06,1406,Terra,MODIS,79,6.2,292.2,10.4,N,0
-16.6945,130.46,312.1,1.1,1.1,2014-11-06,1406,Terra,MODIS,80,6.2,298.1,7.5,N,0
-15.431,130.8931,310.6,1.2,1.1,2014-11-06,1406,Terra,MODIS,78,6.2,296.1,8.3,N,0
-15.4097,130.9011,313.5,1.2,1.1,2014-11-06,1406,Terra,MODIS,86,6.2,296.4,10.6,N,0
-15.3998,130.8996,307.9,1.2,1.1,2014-11-06,1406,Terra,MODIS,31,6.2,295.9,5.4,N,0
-15.4033,130.8774,306.9,1.2,1.1,2014-11-06,1406,Terra,MODIS,37,6.2,295.7,4.6,N,0
-16.6867,130.4481,312.6,1.1,1.1,2014-11-06,1406,Terra,MODIS,82,6.2,297.7,7.9,N,0
-16.6883,130.4377,313.1,1.1,1.1,2014-11-06,1406,Terra,MODIS,83,6.2,297.8,8.2,N,0
-16.6929,130.4705,312.4,1.1,1.1,2014-11-06,1406,Terra,MODIS,81,6.2,297.9,8,N,0
-16.6694,130.4346,311.6,1.1,1.1,2014-11-06,1406,Terra,MODIS,79,6.2,297,7.5,N,0
-15.5229,129.9759,317.7,1.1,1,2014-11-06,1406,Terra,MODIS,95,6.2,297.6,12.8,N,0
-18.2703,129.7109,304.2,1,1,2014-11-06,1406,Terra,MODIS,20,6.2,266.9,7.6,N,0
-18.278,129.722,309.6,1,1,2014-11-06,1406,Terra,MODIS,74,6.2,268.4,11.7,N,0
-16.6756,130.5209,311.2,1.1,1.1,2014-11-06,1406,Terra,MODIS,77,6.2,298.2,6.8,N,0
-15.5696,129.9834,339.8,1.1,1,2014-11-06,1406,Terra,MODIS,100,6.2,297.8,44.7,N,0
-16.6772,130.5104,316,1.1,1.1,2014-11-06,1406,Terra,MODIS,91,6.2,298.2,11.6,N,0
-15.833,130.804,340.2,1.2,1.1,2014-11-06,1406,Terra,MODIS,100,6.2,298.9,50.6,N,0
-16.6961,130.4496,322.4,1.1,1.1,2014-11-06,1406,Terra,MODIS,100,6.2,298.5,18.3,N,0
-16.6977,130.4393,325.1,1.1,1.1,2014-11-06,1406,Terra,MODIS,100,6.2,298,21.7,N,0
-15.2832,128.8723,324.8,1,1,2014-11-06,1406,Terra,MODIS,82,6.2,295.9,21.3,N,0
-15.8313,130.8149,319.6,1.2,1.1,2014-11-06,1406,Terra,MODIS,99,6.2,296.9,16.9,N,0
-15.8363,130.7993,327.4,1.2,1.1,2014-11-06,1406,Terra,MODIS,100,6.2,297.6,27.2,N,0
-18.3874,129.6676,301.7,1,1,2014-11-06,1406,Terra,MODIS,20,6.2,286.7,4.6,N,0
-19.1646,122.6237,320.1,2,1.4,2014-11-06,1406,Terra,MODIS,90,6.2,292.3,47.3,N,0
-19.143,122.5762,325.3,2.1,1.4,2014-11-06,1406,Terra,MODIS,99,6.2,291.5,58.2,N,0
-19.129,122.5999,317.1,2.1,1.4,2014-11-06,1406,Terra,MODIS,53,6.2,290.2,32.2,N,0
-18.872,123.0238,314.8,1.9,1.3,2014-11-06,1406,Terra,MODIS,90,6.2,294.1,27.3,N,0
-18.8842,123.0253,314.7,1.9,1.3,2014-11-06,1406,Terra,MODIS,90,6.2,294.3,26.3,N,0
-18.8963,123.0267,306,1.9,1.3,2014-11-06,1406,Terra,MODIS,29,6.2,294.3,10,N,0
-18.8883,123.0314,305.9,1.9,1.3,2014-11-06,1406,Terra,MODIS,43,6.2,294,10.1,N,0
-18.9267,123.018,306.2,1.9,1.3,2014-11-06,1406,Terra,MODIS,37,6.2,294.4,10.3,N,0
-18.9247,123.0359,316.3,1.9,1.3,2014-11-06,1406,Terra,MODIS,93,6.2,294.9,29.5,N,0
-18.9388,123.0195,320.6,1.9,1.3,2014-11-06,1406,Terra,MODIS,100,6.2,294.8,39.5,N,0
-18.9368,123.0375,340.8,1.9,1.3,2014-11-06,1406,Terra,MODIS,100,6.2,295.7,106.5,N,0
-19.1563,122.5833,331.4,2.1,1.4,2014-11-06,1406,Terra,MODIS,100,6.2,292.6,81,N,0
-19.1416,122.6014,367.9,2.1,1.4,2014-11-06,1406,Terra,MODIS,100,6.2,294.4,303.2,N,0
-19.1437,122.5818,353.4,2.1,1.4,2014-11-06,1406,Terra,MODIS,100,6.2,292.8,191.9,N,0
-19.1311,122.5803,317.1,2.1,1.4,2014-11-06,1406,Terra,MODIS,32,6.2,289.7,33.5,N,0
-19.0926,122.57,310.1,2.1,1.4,2014-11-06,1406,Terra,MODIS,56,6.2,291,25.8,N,0
-19.1052,122.5715,345.8,2.1,1.4,2014-11-06,1406,Terra,MODIS,100,6.2,292.4,151.9,N,0
-19.103,122.5912,325,2.1,1.4,2014-11-06,1406,Terra,MODIS,97,6.2,292.7,62.1,N,0
-19.1178,122.5731,317.7,2.1,1.4,2014-11-06,1406,Terra,MODIS,96,6.2,291.3,40.4,N,0
-19.1156,122.5927,312.7,2.1,1.4,2014-11-06,1406,Terra,MODIS,85,6.2,292,27.4,N,0
-19.1282,122.5943,319.4,2.1,1.4,2014-11-06,1406,Terra,MODIS,98,6.2,289.6,41.3,N,0
-19.1407,122.5958,368.4,2.1,1.4,2014-11-06,1406,Terra,MODIS,100,6.2,295,308.6,N,0
-18.9742,122.3479,323.5,2.1,1.4,2014-11-06,1406,Terra,MODIS,76,6.2,290.9,60.8,N,0
-18.9748,122.3424,325,2.1,1.4,2014-11-06,1406,Terra,MODIS,91,6.2,289.6,66.9,N,0
-15.6356,127.4352,310.3,1,1,2014-11-06,1406,Terra,MODIS,80,6.2,295.3,7.3,N,0
-15.6471,127.4848,315.7,1,1,2014-11-06,1406,Terra,MODIS,92,6.2,294.4,11.9,N,0
-19.1185,122.5787,319.3,2.1,1.4,2014-11-06,1406,Terra,MODIS,98,6.2,291.4,41.9,N,0
-18.7068,122.413,306.1,2.1,1.4,2014-11-06,1406,Terra,MODIS,34,6.2,286.6,19.2,N,0
-19.1304,122.5747,310.4,2.1,1.4,2014-11-06,1406,Terra,MODIS,25,6.2,289.6,20.6,N,0
-18.9764,122.3275,314.7,2.1,1.4,2014-11-06,1406,Terra,MODIS,32,6.2,285.9,35.2,N,0
-19.1542,122.6028,344.8,2.1,1.4,2014-11-06,1406,Terra,MODIS,100,6.2,293.6,141.7,N,0
-15.1821,125.3594,328.7,1.2,1.1,2014-11-06,1407,Terra,MODIS,100,6.2,297.1,30.7,N,0
-13.2943,130.6837,304.3,1.3,1.1,2014-11-06,1407,Terra,MODIS,59,6.2,293.3,5.2,N,0
-15.2769,128.8519,307.3,1,1,2014-11-06,1407,Terra,MODIS,53,6.2,295.3,5.5,N,0
-15.2755,128.8614,305.7,1,1,2014-11-06,1407,Terra,MODIS,60,6.2,295.3,4.7,N,0
-21.4788,148.3995,301.7,1,1,2014-11-06,1534,Aqua,MODIS,44,6.2,291,5.2,N,0
-19.1948,140.4502,308.7,2.3,1.5,2014-11-06,1534,Aqua,MODIS,57,6.2,296.4,21.6,N,0
-19.1922,140.4456,312.9,2.3,1.5,2014-11-06,1534,Aqua,MODIS,86,6.2,297,32.1,N,0
-18.9088,146.0724,301.1,1.1,1,2014-11-06,1534,Aqua,MODIS,38,6.2,289.4,5.8,N,0
-19.2224,140.4616,323.1,2.3,1.5,2014-11-06,1534,Aqua,MODIS,100,6.2,297.9,59.8,N,0
-19.2354,140.4589,329.7,2.3,1.5,2014-11-06,1534,Aqua,MODIS,100,6.2,299.1,86.5,N,0
-19.2485,140.4562,313.6,2.3,1.5,2014-11-06,1534,Aqua,MODIS,87,6.2,297.6,32.9,N,0
-19.2445,140.4347,308.5,2.3,1.5,2014-11-06,1534,Aqua,MODIS,65,6.2,296.6,21.4,N,0
-19.1909,140.4286,311.5,2.3,1.5,2014-11-06,1534,Aqua,MODIS,83,6.2,296.6,28.1,N,0
-19.2314,140.4374,309.4,2.3,1.5,2014-11-06,1534,Aqua,MODIS,42,6.2,296.4,21.7,N,0
-23.3705,150.1442,311.6,1.3,1.1,2014-11-06,1535,Aqua,MODIS,36,6.2,290.6,14,N,0
-23.3667,150.1379,312.7,1.3,1.1,2014-11-06,1535,Aqua,MODIS,30,6.2,290.6,15.3,N,0
-23.3468,147.8455,314.6,1,1,2014-11-06,1535,Aqua,MODIS,90,6.2,293.1,13.2,N,0
-24.732,147.7072,303.5,1.1,1,2014-11-06,1535,Aqua,MODIS,55,6.2,290,6.3,N,0
-23.1064,146.2988,315.4,1,1,2014-11-06,1535,Aqua,MODIS,77,6.2,294.4,11.6,N,0
-23.1169,146.307,306.6,1,1,2014-11-06,1535,Aqua,MODIS,10,6.2,293.4,5.8,N,0
-23.0989,146.31,308.8,1,1,2014-11-06,1535,Aqua,MODIS,40,6.2,293.5,7.4,N,0
-23.0974,146.3003,314.1,1,1,2014-11-06,1535,Aqua,MODIS,88,6.2,294.1,11.1,N,0
-23.1079,146.3085,322.5,1,1,2014-11-06,1535,Aqua,MODIS,100,6.2,294.5,18.5,N,0
-22.8424,148.6565,308.2,1.1,1,2014-11-06,1535,Aqua,MODIS,74,6.2,290.7,10.1,N,0
-26.9357,150.779,303.7,1.6,1.2,2014-11-06,1536,Aqua,MODIS,56,6.2,283.7,14.5,N,0
-26.9374,150.7951,323.6,1.6,1.2,2014-11-06,1536,Aqua,MODIS,100,6.2,285,46.6,N,0
-28.6421,142.4631,321.2,1.2,1.1,2014-11-06,1536,Aqua,MODIS,100,6.2,285.7,27,N,0
-28.6517,142.4611,320.7,1.2,1.1,2014-11-06,1536,Aqua,MODIS,100,6.2,285.5,26.4,N,0
-11.2767,131.1352,305.3,2.2,1.5,2014-11-06,1710,Aqua,MODIS,26,6.2,292.5,16.8,N,0
-15.7457,129.7909,305.3,2.1,1.4,2014-11-06,1711,Aqua,MODIS,64,6.2,294.6,11.9,N,0
-15.748,129.8102,308.1,2.1,1.4,2014-11-06,1711,Aqua,MODIS,74,6.2,294.7,17,N,0
-15.171,125.3561,309.3,1.1,1,2014-11-06,1711,Aqua,MODIS,73,6.2,296.4,6.5,N,0
-15.1803,125.3548,309.1,1.1,1,2014-11-06,1711,Aqua,MODIS,71,6.2,297,6.3,N,0
-15.1896,125.3535,314.6,1.1,1,2014-11-06,1711,Aqua,MODIS,90,6.2,296.7,10.7,N,0
-15.1817,125.3646,317.9,1.1,1,2014-11-06,1711,Aqua,MODIS,96,6.2,297.2,14.1,N,0
-15.191,125.3633,326.7,1.1,1,2014-11-06,1711,Aqua,MODIS,100,6.2,297,23.8,N,0
-15.5214,129.9925,305,2.1,1.4,2014-11-06,1711,Aqua,MODIS,62,6.2,294.2,10.9,N,0
-16.7065,130.4557,331.7,2.4,1.5,2014-11-06,1712,Aqua,MODIS,100,6.2,296.2,99.7,N,0
-16.7092,130.4784,307.2,2.4,1.5,2014-11-06,1712,Aqua,MODIS,49,6.2,294.9,15.4,N,0
-16.6884,130.4526,306.2,2.4,1.5,2014-11-06,1712,Aqua,MODIS,45,6.2,294.5,12.9,N,0
-19.2413,130.0756,300.8,2.4,1.5,2014-11-06,1712,Aqua,MODIS,27,6.2,287.4,19.6,N,0
-16.6931,130.4573,326,2.4,1.5,2014-11-06,1712,Aqua,MODIS,100,6.2,295.5,74.7,N,0
-16.7018,130.4509,338.6,2.4,1.5,2014-11-06,1712,Aqua,MODIS,100,6.2,296.3,134.1,N,0
-16.6957,130.4801,307.9,2.4,1.5,2014-11-06,1712,Aqua,MODIS,61,6.2,294.6,16.9,N,0
-16.7043,130.4736,323.4,2.4,1.5,2014-11-06,1712,Aqua,MODIS,100,6.2,295.5,63.6,N,0
-18.7772,122.3034,304.7,1,1,2014-11-06,1712,Aqua,MODIS,61,6.2,294.7,4.6,N,0
-18.9471,122.3312,305.6,1,1,2014-11-06,1712,Aqua,MODIS,65,6.2,294.9,4.8,N,0
-18.9372,122.329,306,1,1,2014-11-06,1712,Aqua,MODIS,50,6.2,295,4.9,N,0
-20.6649,120.5011,324.7,1.1,1,2014-11-06,1713,Aqua,MODIS,90,6.2,296.6,20.3,N,0
-21.9509,120.7745,303,1,1,2014-11-06,1713,Aqua,MODIS,11,6.2,289.6,2.5,N,0
-20.6446,120.494,328,1.1,1,2014-11-06,1713,Aqua,MODIS,100,6.2,296.9,24.1,N,0
-20.6429,120.4836,333.8,1.1,1,2014-11-06,1713,Aqua,MODIS,100,6.2,298.2,33.8,N,0
-20.6506,120.4715,311.6,1.1,1,2014-11-06,1713,Aqua,MODIS,30,6.2,297.5,7.6,N,0
-22.0874,123.4457,330.4,1,1,2014-11-06,1713,Aqua,MODIS,100,6.2,300,28.2,N,0
-21.7021,126.376,309.5,1.4,1.2,2014-11-06,1713,Aqua,MODIS,77,6.2,274.8,21.4,N,0
-20.6413,120.4731,310.5,1.1,1,2014-11-06,1713,Aqua,MODIS,35,6.2,297.1,6.9,N,0
-22.6947,124.2604,303.8,1.1,1.1,2014-11-06,1713,Aqua,MODIS,40,6.2,276.7,7.9,N,0
-21.9525,120.7846,311.6,1,1,2014-11-06,1713,Aqua,MODIS,83,6.2,295.2,8.2,N,0
-20.6352,120.4957,327.9,1.1,1,2014-11-06,1713,Aqua,MODIS,100,6.2,297.5,25.6,N,0
-20.66,120.4698,308.8,1.1,1,2014-11-06,1713,Aqua,MODIS,73,6.2,297.7,6.3,N,0
-20.6523,120.4819,318.8,1.1,1,2014-11-06,1713,Aqua,MODIS,61,6.2,298.1,13.6,N,0
-21.1034,127.402,387.5,1.6,1.3,2014-11-06,1713,Aqua,MODIS,100,6.2,302.7,380.5,N,0
-21.1166,127.4164,336.5,1.6,1.3,2014-11-06,1713,Aqua,MODIS,100,6.2,297.7,73.8,N,0
-21.1052,127.4178,369.2,1.6,1.3,2014-11-06,1713,Aqua,MODIS,100,6.2,299.9,231.4,N,0
-21.1016,127.3862,355,1.6,1.3,2014-11-06,1713,Aqua,MODIS,100,6.2,298,147.7,N,0
-21.1148,127.4006,342.1,1.6,1.3,2014-11-06,1713,Aqua,MODIS,100,6.2,297.3,92.2,N,0
-20.9716,118.7935,328.3,1.3,1.1,2014-11-06,1713,Aqua,MODIS,100,6.2,297.1,36.5,N,0
-20.9737,118.806,325.1,1.3,1.1,2014-11-06,1713,Aqua,MODIS,100,6.2,297.1,30.9,N,0
-20.9817,118.7916,321.8,1.3,1.1,2014-11-06,1713,Aqua,MODIS,100,6.2,296.2,26.3,N,0
-20.6385,120.5165,370.5,1.1,1,2014-11-06,1713,Aqua,MODIS,100,6.2,304.3,130.2,N,0
-20.6369,120.5061,418.4,1.1,1,2014-11-06,1713,Aqua,MODIS,100,6.2,308.6,429.9,N,0
-21.4575,121.8197,335,1,1,2014-11-06,1713,Aqua,MODIS,100,6.2,298.7,33.7,N,0
-20.1228,120.413,374.4,1.1,1.1,2014-11-06,1713,Aqua,MODIS,100,6.2,307.7,150.7,N,0
-20.8462,120.9462,321.1,1.1,1,2014-11-06,1713,Aqua,MODIS,100,6.2,300.5,15.7,N,0
-20.3483,121.2572,308.1,1,1,2014-11-06,1713,Aqua,MODIS,62,6.2,296.2,6.3,N,0
-20.3409,121.255,313.7,1,1,2014-11-06,1713,Aqua,MODIS,13,6.2,296.8,9.3,N,0
-20.3257,121.2779,308.1,1,1,2014-11-06,1713,Aqua,MODIS,73,6.2,296.9,6.3,N,0
-20.301,120.9957,306.5,1.1,1,2014-11-06,1713,Aqua,MODIS,68,6.2,296.4,5.3,N,0
-20.2502,120.9735,313.8,1.1,1,2014-11-06,1713,Aqua,MODIS,88,6.2,296.1,10.9,N,0
-20.6349,121.558,312.8,1,1,2014-11-06,1713,Aqua,MODIS,34,6.2,287.3,6.2,N,0
-20.6318,121.5984,311.3,1,1,2014-11-06,1713,Aqua,MODIS,62,6.2,290.5,6.6,N,0
-20.2442,120.9952,307.9,1.1,1,2014-11-06,1713,Aqua,MODIS,73,6.2,297,6.1,N,0
-21.4235,121.841,336.9,1,1,2014-11-06,1713,Aqua,MODIS,100,6.2,299.9,35.3,N,0
-20.8119,122.7481,341.6,1,1,2014-11-06,1713,Aqua,MODIS,100,6.2,296.8,44.7,N,0
-20.2426,120.9852,317,1.1,1,2014-11-06,1713,Aqua,MODIS,94,6.2,297.1,13.7,N,0
-20.6303,121.5887,318.3,1,1,2014-11-06,1713,Aqua,MODIS,96,6.2,293.1,11.9,N,0
-20.6288,121.579,342.7,1,1,2014-11-06,1713,Aqua,MODIS,100,6.2,303.5,44.6,N,0
-20.6273,121.5692,342.4,1,1,2014-11-06,1713,Aqua,MODIS,100,6.2,299.8,43.5,N,0
-21.422,121.8313,315.6,1,1,2014-11-06,1713,Aqua,MODIS,91,6.2,298.4,10.3,N,0
-21.4054,121.844,311.2,1,1,2014-11-06,1713,Aqua,MODIS,81,6.2,298.8,6.8,N,0
-21.3979,121.8551,327.9,1,1,2014-11-06,1713,Aqua,MODIS,100,6.2,300.4,23.5,N,0
-21.3964,121.8455,334.7,1,1,2014-11-06,1713,Aqua,MODIS,100,6.2,300.4,32.7,N,0
-21.3892,121.7973,311.9,1,1,2014-11-06,1713,Aqua,MODIS,83,6.2,299.5,7.8,N,0
-21.3744,121.7602,311.9,1,1,2014-11-06,1713,Aqua,MODIS,84,6.2,299.4,8,N,0
-20.1011,120.4333,374.3,1.1,1.1,2014-11-06,1713,Aqua,MODIS,100,6.2,303.3,149.3,N,0
-20.0994,120.4228,430.1,1.1,1.1,2014-11-06,1713,Aqua,MODIS,100,6.2,318.1,563.7,N,0
-20.2206,120.9059,309.3,1.1,1,2014-11-06,1713,Aqua,MODIS,77,6.2,295.9,8.1,N,0
-20.09,120.4245,315.2,1.1,1.1,2014-11-06,1713,Aqua,MODIS,91,6.2,296.9,11.8,N,0
-20.0977,120.4122,354.5,1.1,1.1,2014-11-06,1713,Aqua,MODIS,100,6.2,303.8,79.4,N,0
-20.2146,120.9278,313.4,1.1,1,2014-11-06,1713,Aqua,MODIS,87,6.2,296.1,10.9,N,0
-20.1089,120.4211,463.2,1.1,1.1,2014-11-06,1713,Aqua,MODIS,100,6.2,326.9,1043.6,N,0
-20.1105,120.4317,334.9,1.1,1.1,2014-11-06,1713,Aqua,MODIS,100,6.2,299.7,36.8,N,0
-20.1183,120.4194,335.8,1.1,1.1,2014-11-06,1713,Aqua,MODIS,100,6.2,299.2,37.6,N,0
-21.355,121.1476,325.3,1,1,2014-11-06,1713,Aqua,MODIS,91,6.2,301.7,19.9,N,0
-21.3428,121.1294,330.6,1,1,2014-11-06,1713,Aqua,MODIS,100,6.2,302.3,26.4,N,0
-20.8133,122.7577,330.3,1,1,2014-11-06,1713,Aqua,MODIS,100,6.2,288.2,27.5,N,0
-20.671,121.6116,308.3,1,1,2014-11-06,1713,Aqua,MODIS,72,6.2,296.6,5.8,N,0
-20.6695,121.6019,385.8,1,1,2014-11-06,1713,Aqua,MODIS,100,6.2,302.3,179.8,N,0
-20.668,121.5922,346.7,1,1,2014-11-06,1713,Aqua,MODIS,100,6.2,298.8,53.2,N,0
-20.6208,122.0711,346.6,1,1,2014-11-06,1713,Aqua,MODIS,100,6.2,297.7,54.7,N,0
-20.6198,121.5805,313.2,1,1,2014-11-06,1713,Aqua,MODIS,70,6.2,296.7,8.1,N,0
-21.379,121.7297,308.6,1,1,2014-11-06,1713,Aqua,MODIS,14,6.2,296.8,6.3,N,0
-20.6118,122.0725,342.1,1,1,2014-11-06,1713,Aqua,MODIS,100,6.2,296.7,46.8,N,0
-21.4618,121.8486,310.1,1,1,2014-11-06,1713,Aqua,MODIS,79,6.2,298.4,7.5,N,0
-21.4604,121.839,311.5,1,1,2014-11-06,1713,Aqua,MODIS,83,6.2,298.8,8.4,N,0
-20.8294,120.9594,313.8,1.1,1,2014-11-06,1713,Aqua,MODIS,88,6.2,299.7,8.6,N,0
-20.8386,120.9578,318.5,1.1,1,2014-11-06,1713,Aqua,MODIS,97,6.2,300.7,12.7,N,0
-20.8401,120.9678,330,1,1,2014-11-06,1713,Aqua,MODIS,100,6.2,300.6,26.7,N,0
-20.8417,120.9779,332.3,1,1,2014-11-06,1713,Aqua,MODIS,100,6.2,298.9,30.6,N,0
-20.6462,120.5044,373.9,1.1,1,2014-11-06,1713,Aqua,MODIS,100,6.2,305.1,141.8,N,0
-20.5406,119.9065,309.5,1.2,1.1,2014-11-06,1713,Aqua,MODIS,76,6.2,294.9,9,N,0
-20.6222,122.0806,321.5,1,1,2014-11-06,1713,Aqua,MODIS,91,6.2,297,19.2,N,0
-20.8478,120.9562,346.4,1.1,1,2014-11-06,1713,Aqua,MODIS,100,6.2,302.2,54.1,N,0
-20.8493,120.9662,325.2,1,1,2014-11-06,1713,Aqua,MODIS,100,6.2,299.4,20.5,N,0
-20.8509,120.9763,316.7,1,1,2014-11-06,1713,Aqua,MODIS,94,6.2,297.3,12.1,N,0
-20.5896,119.8804,314.2,1.2,1.1,2014-11-06,1713,Aqua,MODIS,89,6.2,295.7,13.8,N,0
-20.1055,120.3999,337.5,1.1,1.1,2014-11-06,1713,Aqua,MODIS,100,6.2,300.6,41.3,N,0
-20.1072,120.4106,428,1.1,1.1,2014-11-06,1713,Aqua,MODIS,100,6.2,318.6,542,N,0
-20.115,120.3982,393.5,1.1,1.1,2014-11-06,1713,Aqua,MODIS,100,6.2,310.9,249,N,0
-20.1166,120.4089,440.2,1.1,1.1,2014-11-06,1713,Aqua,MODIS,100,6.2,320.2,688.7,N,0
-20.1125,120.3493,307.3,1.1,1.1,2014-11-06,1713,Aqua,MODIS,27,6.2,295.9,5.9,N,0
-20.1177,120.3812,312.3,1.1,1.1,2014-11-06,1713,Aqua,MODIS,85,6.2,298,10,N,0
-20.1194,120.3918,344,1.1,1.1,2014-11-06,1713,Aqua,MODIS,100,6.2,303.3,55.6,N,0
-20.1211,120.4024,431.1,1.1,1.1,2014-11-06,1713,Aqua,MODIS,100,6.2,323.8,578.4,N,0
-20.6619,121.6132,319.1,1,1,2014-11-06,1713,Aqua,MODIS,98,6.2,298.2,14,N,0
-20.8685,121.6395,312.3,1,1,2014-11-06,1713,Aqua,MODIS,83,6.2,298.3,9.3,N,0
-20.8575,121.6273,332.2,1,1,2014-11-06,1713,Aqua,MODIS,100,6.2,298.5,30,N,0
-20.856,121.6176,309.8,1,1,2014-11-06,1713,Aqua,MODIS,76,6.2,297.1,6.8,N,0
-20.8484,121.6288,317.3,1,1,2014-11-06,1713,Aqua,MODIS,94,6.2,297.3,12.5,N,0
-20.847,121.6191,322.2,1,1,2014-11-06,1713,Aqua,MODIS,100,6.2,297.9,17.2,N,0
-20.8394,121.6303,307.6,1,1,2014-11-06,1713,Aqua,MODIS,36,6.2,295,5.5,N,0
-20.8379,121.6207,317.6,1,1,2014-11-06,1713,Aqua,MODIS,95,6.2,297,13.1,N,0
-21.459,121.8294,311.8,1,1,2014-11-06,1713,Aqua,MODIS,83,6.2,298.4,8.7,N,0
-20.6604,121.6035,431.6,1,1,2014-11-06,1713,Aqua,MODIS,100,6.2,321.5,509.2,N,0
-20.6666,120.5115,332.2,1.1,1,2014-11-06,1713,Aqua,MODIS,100,6.2,297.9,32.4,N,0
-20.6572,120.5132,316.1,1.1,1,2014-11-06,1713,Aqua,MODIS,36,6.2,297.3,11.6,N,0
-20.6479,120.5148,364.7,1.1,1,2014-11-06,1713,Aqua,MODIS,100,6.2,304.9,108.5,N,0
-20.1254,120.3689,316,1.1,1.1,2014-11-06,1713,Aqua,MODIS,92,6.2,297,13.5,N,0
-20.1271,120.3795,334.7,1.1,1.1,2014-11-06,1713,Aqua,MODIS,100,6.2,299,38.4,N,0
-20.0961,120.4016,317.5,1.1,1.1,2014-11-06,1713,Aqua,MODIS,95,6.2,298.2,13.5,N,0
-20.0883,120.4139,314.5,1.1,1.1,2014-11-06,1713,Aqua,MODIS,77,6.2,297.2,10.9,N,0
-20.0866,120.4032,314,1.1,1.1,2014-11-06,1713,Aqua,MODIS,83,6.2,296.5,10.8,N,0
-20.6122,120.687,311.7,1.1,1,2014-11-06,1713,Aqua,MODIS,76,6.2,297.5,9.8,N,0
-20.6138,120.6972,313.4,1.1,1,2014-11-06,1713,Aqua,MODIS,46,6.2,296.6,11.9,N,0
-21.4561,121.8101,371.4,1,1,2014-11-06,1713,Aqua,MODIS,100,6.2,300.5,119.8,N,0
-21.4546,121.8004,334.6,1,1,2014-11-06,1713,Aqua,MODIS,100,6.2,296.3,33.4,N,0
-20.3604,121.2145,331.1,1,1,2014-11-06,1713,Aqua,MODIS,100,6.2,296.7,29.8,N,0
-20.1288,120.3902,311.6,1.1,1.1,2014-11-06,1713,Aqua,MODIS,71,6.2,297.5,9,N,0
-21.4528,121.8502,324.6,1,1,2014-11-06,1713,Aqua,MODIS,100,6.2,299.4,20.4,N,0
-20.1305,120.4007,319.8,1.1,1.1,2014-11-06,1713,Aqua,MODIS,99,6.2,296.4,17.1,N,0
-20.1322,120.4113,306.4,1.1,1.1,2014-11-06,1713,Aqua,MODIS,52,6.2,296,5,N,0
-20.128,120.3247,305.6,1.1,1.1,2014-11-06,1713,Aqua,MODIS,34,6.2,295,5.4,N,0
-21.4514,121.8405,320.1,1,1,2014-11-06,1713,Aqua,MODIS,100,6.2,298.5,15.6,N,0
-20.659,121.5938,414.4,1,1,2014-11-06,1713,Aqua,MODIS,100,6.2,311.6,354.9,N,0
-20.8029,122.7495,316.2,1,1,2014-11-06,1713,Aqua,MODIS,93,6.2,297,12.8,N,0
-20.8043,122.7591,306.2,1,1,2014-11-06,1713,Aqua,MODIS,65,6.2,294,5.2,N,0
-20.6575,121.5841,349.2,1,1,2014-11-06,1713,Aqua,MODIS,100,6.2,298.7,56.9,N,0
-20.6514,121.605,344.9,1,1,2014-11-06,1713,Aqua,MODIS,100,6.2,301.5,49.4,N,0
-20.6499,121.5953,413.4,1,1,2014-11-06,1713,Aqua,MODIS,100,6.2,315.8,346.5,N,0
-20.6484,121.5856,373.7,1,1,2014-11-06,1713,Aqua,MODIS,100,6.2,302.8,127.6,N,0
-20.6469,121.5759,357.9,1,1,2014-11-06,1713,Aqua,MODIS,100,6.2,295.9,77.7,N,0
-20.6455,121.5662,328.3,1,1,2014-11-06,1713,Aqua,MODIS,100,6.2,288.5,21,N,0
-20.3574,121.2556,306.7,1,1,2014-11-06,1713,Aqua,MODIS,23,6.2,296.2,5.4,N,0
-20.3559,121.2457,364.4,1,1,2014-11-06,1713,Aqua,MODIS,100,6.2,299.5,101.9,N,0
-20.6408,121.5968,317.5,1,1,2014-11-06,1713,Aqua,MODIS,95,6.2,295.8,11.6,N,0
-20.6394,121.5871,365,1,1,2014-11-06,1713,Aqua,MODIS,100,6.2,303,98,N,0
-20.6379,121.5774,427.5,1,1,2014-11-06,1713,Aqua,MODIS,100,6.2,317.8,468.7,N,0
-20.6364,121.5677,385.9,1,1,2014-11-06,1713,Aqua,MODIS,100,6.2,303.1,177.3,N,0
-23.1407,122.3848,348.3,1,1,2014-11-06,1714,Aqua,MODIS,100,6.2,299.5,56.7,N,0
-23.8998,124.1154,310.2,1.1,1.1,2014-11-06,1714,Aqua,MODIS,79,6.2,295.9,9.5,N,0
-23.1421,122.3946,336.8,1,1,2014-11-06,1714,Aqua,MODIS,100,6.2,298.7,35.5,N,0
-23.1601,122.3916,318.6,1,1,2014-11-06,1714,Aqua,MODIS,78,6.2,297.4,13.2,N,0
-23.1616,122.4014,314.9,1,1,2014-11-06,1714,Aqua,MODIS,31,6.2,297.3,10.1,N,0
-23.1706,122.3999,311,1,1,2014-11-06,1714,Aqua,MODIS,26,6.2,295.6,8.3,N,0
-23.5695,121.2947,346.2,1,1,2014-11-06,1714,Aqua,MODIS,100,6.2,301,50.5,N,0
-23.568,121.2849,328.4,1,1,2014-11-06,1714,Aqua,MODIS,95,6.2,298.8,22.9,N,0
-23.5485,121.2782,315.2,1,1,2014-11-06,1714,Aqua,MODIS,31,6.2,297,10.6,N,0
-24.85,121.9914,310.5,1,1,2014-11-06,1714,Aqua,MODIS,59,6.2,292.2,11.3,N,0
-23.1316,122.3863,338.4,1,1,2014-11-06,1714,Aqua,MODIS,100,6.2,298.9,38.8,N,0
-23.1331,122.3961,322.7,1,1,2014-11-06,1714,Aqua,MODIS,100,6.2,297.5,17.6,N,0
-23.114,124.5832,308.3,1.2,1.1,2014-11-06,1714,Aqua,MODIS,72,6.2,298.3,6.3,N,0
-23.1175,124.5887,317.2,1.2,1.1,2014-11-06,1714,Aqua,MODIS,66,6.2,298.6,16.9,N,0
-23.1155,124.5946,313,1.2,1.1,2014-11-06,1714,Aqua,MODIS,85,6.2,298.3,10.7,N,0
-23.7716,123.5442,310.1,1.1,1,2014-11-06,1714,Aqua,MODIS,79,6.2,296.4,8.9,N,0
-28.4536,122.1501,303.8,1.1,1,2014-11-06,1715,Aqua,MODIS,34,6.2,292,6.4,N,0
-11.1155,142.4594,324.2,1,1,2014-11-07,0056,Terra,MODIS,77,6.2,290.6,11.9,D,0
-11.0811,142.6024,317.6,1,1,2014-11-07,0056,Terra,MODIS,26,6.2,295.1,7,D,0
-11.1064,142.4606,357.4,1,1,2014-11-07,0056,Terra,MODIS,93,6.2,292.7,70.3,D,0
-11.0395,142.5707,323.2,1,1,2014-11-07,0056,Terra,MODIS,66,6.2,294.8,12.7,D,0
-11.0764,142.4428,366.4,1,1,2014-11-07,0056,Terra,MODIS,100,6.2,293.7,94,D,0
-11.0057,142.5254,325.5,1,1,2014-11-07,0056,Terra,MODIS,73,6.2,291.4,15.4,D,0
-10.9966,142.5267,317.2,1,1,2014-11-07,0056,Terra,MODIS,53,6.2,290.1,8.4,D,0
-11.1107,142.5544,333.4,1,1,2014-11-07,0056,Terra,MODIS,74,6.2,294.1,24.6,D,0
-11.0673,142.444,330.4,1,1,2014-11-07,0056,Terra,MODIS,83,6.2,289.2,17.5,D,0
-11.0687,142.4533,323.8,1,1,2014-11-07,0056,Terra,MODIS,77,6.2,293.4,9.7,D,0
-11.0777,142.452,334.1,1,1,2014-11-07,0056,Terra,MODIS,86,6.2,296.8,22.5,D,0
-11.1171,142.5345,344.5,1,1,2014-11-07,0056,Terra,MODIS,87,6.2,297.4,43,D,0
-11.063,142.6051,316.3,1,1,2014-11-07,0056,Terra,MODIS,32,6.2,294.7,6.6,D,0
-11.1158,142.5253,364.8,1,1,2014-11-07,0056,Terra,MODIS,87,6.2,295.5,90.6,D,0
-11.1144,142.5161,357.1,1,1,2014-11-07,0056,Terra,MODIS,86,6.2,293.6,69,D,0
-11.1131,142.5068,324.3,1,1,2014-11-07,0056,Terra,MODIS,42,6.2,293.6,11.3,D,0
-11.1184,142.5438,321.8,1,1,2014-11-07,0056,Terra,MODIS,28,6.2,293.8,10.4,D,0
-11.1182,142.4778,355.8,1,1,2014-11-07,0056,Terra,MODIS,98,6.2,296.7,65.4,D,0
-11.1208,142.4963,352,1,1,2014-11-07,0056,Terra,MODIS,96,6.2,296.4,55.8,D,0
-11.1195,142.487,342.3,1,1,2014-11-07,0056,Terra,MODIS,82,6.2,296.7,36.4,D,0
-11.1121,142.5636,319.2,1,1,2014-11-07,0056,Terra,MODIS,32,6.2,291.3,8.5,D,0
-11.1168,142.4686,353.7,1,1,2014-11-07,0056,Terra,MODIS,97,6.2,292.7,61.8,D,0
-12.6993,142.7838,324,1.1,1,2014-11-07,0057,Terra,MODIS,22,6.2,298.4,8.9,D,0
-12.6887,142.7755,324.6,1.1,1,2014-11-07,0057,Terra,MODIS,48,6.2,297.9,8.3,D,0
-12.7705,142.8361,327.8,1.1,1,2014-11-07,0057,Terra,MODIS,57,6.2,299.8,13.1,D,0
-12.8079,142.9,323.5,1.1,1,2014-11-07,0057,Terra,MODIS,57,6.2,297.4,10.1,D,0
-12.7986,142.9014,321.9,1.1,1,2014-11-07,0057,Terra,MODIS,40,6.2,296.4,8.3,D,0
-12.7972,142.8916,334.1,1.1,1,2014-11-07,0057,Terra,MODIS,83,6.2,297.5,23.5,D,0
-12.6198,143.0695,319.3,1.1,1,2014-11-07,0057,Terra,MODIS,61,6.2,297.7,8.1,D,0
-13.9335,141.7139,333.3,1,1,2014-11-07,0057,Terra,MODIS,80,6.2,302,18,D,0
-12.5195,136.6894,323.6,1.6,1.2,2014-11-07,0057,Terra,MODIS,59,6.2,297.2,15.7,D,0
-14.6649,144.6743,328.2,1.4,1.2,2014-11-07,0057,Terra,MODIS,68,6.2,306.6,17.2,D,0
-14.712,144.4959,334.7,1.3,1.1,2014-11-07,0057,Terra,MODIS,79,6.2,306.5,30.9,D,0
-14.7017,144.4973,343.5,1.3,1.1,2014-11-07,0057,Terra,MODIS,90,6.2,304.5,53.9,D,0
-13.907,141.6574,332.7,1,1,2014-11-07,0057,Terra,MODIS,61,6.2,302.4,14.9,D,0
-13.9006,141.6773,332.9,1,1,2014-11-07,0057,Terra,MODIS,77,6.2,303,17.2,D,0
-12.5121,142.8918,331.4,1.1,1,2014-11-07,0057,Terra,MODIS,78,6.2,293.8,21.5,D,0
-15.0367,145.0552,328.7,1.5,1.2,2014-11-07,0057,Terra,MODIS,75,6.2,300.7,34.3,D,0
-13.9097,141.676,334,1,1,2014-11-07,0057,Terra,MODIS,73,6.2,305.1,16.9,D,0
-12.6667,143.0868,325.8,1.1,1,2014-11-07,0057,Terra,MODIS,47,6.2,299,13.1,D,0
-12.6626,143.0574,332.3,1.1,1,2014-11-07,0057,Terra,MODIS,78,6.2,299.4,23.4,D,0
-14.6736,144.6598,328.9,1.4,1.2,2014-11-07,0057,Terra,MODIS,74,6.2,304.6,18.5,D,0
-14.7002,144.65,333.8,1.4,1.2,2014-11-07,0057,Terra,MODIS,81,6.2,304.7,34.7,D,0
-14.6944,144.6566,326.9,1.4,1.2,2014-11-07,0057,Terra,MODIS,42,6.2,304.3,17.2,D,0
-14.684,144.6577,334.5,1.4,1.2,2014-11-07,0057,Terra,MODIS,81,6.2,305,32.3,D,0
-14.6753,144.6727,331,1.4,1.2,2014-11-07,0057,Terra,MODIS,76,6.2,305,23.9,D,0
-14.6911,144.6317,403.3,1.4,1.2,2014-11-07,0057,Terra,MODIS,100,6.2,310.3,408.9,D,0
-14.6928,144.644,387.3,1.4,1.2,2014-11-07,0057,Terra,MODIS,100,6.2,309.3,270.9,D,0
-13.9083,141.6667,350.7,1,1,2014-11-07,0057,Terra,MODIS,94,6.2,304.2,46.9,D,0
-12.6212,143.0794,320.3,1.1,1,2014-11-07,0057,Terra,MODIS,64,6.2,299.1,9,D,0
-14.6986,144.6372,372.5,1.4,1.2,2014-11-07,0057,Terra,MODIS,100,6.2,306.7,177.6,D,0
-14.697,144.6247,344.8,1.4,1.2,2014-11-07,0057,Terra,MODIS,90,6.2,304.5,61.5,D,0
-14.6954,144.6123,324.8,1.4,1.2,2014-11-07,0057,Terra,MODIS,47,6.2,303.5,15,D,0
-14.6998,144.6173,328.4,1.4,1.2,2014-11-07,0057,Terra,MODIS,57,6.2,304.4,20.6,D,0
-12.5107,142.8822,340.9,1.1,1,2014-11-07,0057,Terra,MODIS,89,6.2,295.4,36.3,D,0
-13.083,136.2623,327.3,1.7,1.3,2014-11-07,0057,Terra,MODIS,57,6.2,300.6,25.4,D,0
-13.9372,141.6754,331.1,1,1,2014-11-07,0057,Terra,MODIS,71,6.2,305.2,10.8,D,0
-12.6705,143.0463,332.6,1.1,1,2014-11-07,0057,Terra,MODIS,82,6.2,298.4,24,D,0
-13.0804,136.2568,326.1,1.7,1.3,2014-11-07,0057,Terra,MODIS,51,6.2,300.8,22.6,D,0
-13.083,136.272,324.4,1.7,1.3,2014-11-07,0057,Terra,MODIS,21,6.2,299.6,19,D,0
-13.9281,141.6767,328.2,1,1,2014-11-07,0057,Terra,MODIS,53,6.2,303.9,7.9,D,0
-15.0475,145.0539,373.9,1.5,1.2,2014-11-07,0057,Terra,MODIS,100,6.2,301.6,217.1,D,0
-12.5029,142.8932,330.7,1.1,1,2014-11-07,0057,Terra,MODIS,80,6.2,295.9,19.3,D,0
-12.4714,142.9374,321.6,1.1,1,2014-11-07,0057,Terra,MODIS,41,6.2,294.3,9.8,D,0
-12.495,142.9042,343.1,1.1,1,2014-11-07,0057,Terra,MODIS,90,6.2,296.5,40.1,D,0
-12.4872,142.9153,329,1.1,1,2014-11-07,0057,Terra,MODIS,47,6.2,296.3,17.1,D,0
-12.5042,142.9029,330.7,1.1,1,2014-11-07,0057,Terra,MODIS,72,6.2,293.1,20.5,D,0
-13.9385,141.6847,330.3,1,1,2014-11-07,0057,Terra,MODIS,69,6.2,305.7,10.5,D,0
-13.8515,141.6562,327,1,1,2014-11-07,0057,Terra,MODIS,62,6.2,303.9,7.3,D,0
-13.5183,135.8401,332,1.8,1.3,2014-11-07,0057,Terra,MODIS,71,6.2,300.6,35.8,D,0
-12.3793,142.9366,319.2,1.1,1,2014-11-07,0057,Terra,MODIS,31,6.2,291.4,9.7,D,0
-14.7994,142.5003,335.5,1.1,1,2014-11-07,0057,Terra,MODIS,74,6.2,307.3,17.4,D,0
-12.4635,142.9483,318.9,1.1,1,2014-11-07,0057,Terra,MODIS,48,6.2,294.3,8.3,D,0
-12.4543,142.9495,325.8,1.1,1,2014-11-07,0057,Terra,MODIS,52,6.2,295,15.1,D,0
-12.6026,143.082,326.3,1.1,1,2014-11-07,0057,Terra,MODIS,75,6.2,299.4,16,D,0
-12.5299,142.8337,321.5,1.1,1,2014-11-07,0057,Terra,MODIS,60,6.2,293.7,9,D,0
-12.9821,136.152,325.9,1.7,1.3,2014-11-07,0057,Terra,MODIS,58,6.2,300.2,25.6,D,0
-13.5272,135.8219,332.4,1.8,1.3,2014-11-07,0057,Terra,MODIS,82,6.2,300.5,38,D,0
-13.53,135.838,337,1.8,1.3,2014-11-07,0057,Terra,MODIS,75,6.2,300.3,52.4,D,0
-12.5285,142.8241,321,1.1,1,2014-11-07,0057,Terra,MODIS,57,6.2,294.1,8.3,D,0
-13.8007,141.8124,323.2,1,1,2014-11-07,0057,Terra,MODIS,53,6.2,298.7,7.5,D,0
-13.802,141.8217,325.2,1,1,2014-11-07,0057,Terra,MODIS,59,6.2,300.7,9.2,D,0
-13.8422,141.8443,336.7,1,1,2014-11-07,0057,Terra,MODIS,83,6.2,299.9,23.3,D,0
-13.8409,141.835,328.4,1,1,2014-11-07,0057,Terra,MODIS,71,6.2,300,12.1,D,0
-12.4643,136.1489,335.3,1.8,1.3,2014-11-07,0057,Terra,MODIS,63,6.2,301.4,45.6,D,0
-12.5861,142.7667,322.7,1.1,1,2014-11-07,0057,Terra,MODIS,46,6.2,296.8,8.8,D,0
-12.6335,142.7834,328.1,1.1,1,2014-11-07,0057,Terra,MODIS,77,6.2,298.5,15,D,0
-12.5312,142.8433,328.4,1.1,1,2014-11-07,0057,Terra,MODIS,78,6.2,293.7,16.9,D,0
-12.7598,142.8278,328.6,1.1,1,2014-11-07,0057,Terra,MODIS,60,6.2,298.2,15.4,D,0
-12.6427,142.7821,340,1.1,1,2014-11-07,0057,Terra,MODIS,88,6.2,296.9,32.9,D,0
-12.5186,142.8712,333,1.1,1,2014-11-07,0057,Terra,MODIS,82,6.2,294.5,23.6,D,0
-12.5847,142.7571,325.3,1.1,1,2014-11-07,0057,Terra,MODIS,60,6.2,296.3,11.3,D,0
-12.7612,142.8375,328.1,1.1,1,2014-11-07,0057,Terra,MODIS,42,6.2,298.4,14,D,0
-12.5264,142.8603,335.2,1.1,1,2014-11-07,0057,Terra,MODIS,84,6.2,295.3,26.6,D,0
-12.7585,142.8181,347.1,1.1,1,2014-11-07,0057,Terra,MODIS,93,6.2,298.8,47.6,D,0
-12.5326,142.8529,325.2,1.1,1,2014-11-07,0057,Terra,MODIS,70,6.2,293.7,13.4,D,0
-12.6413,142.7724,327.8,1.1,1,2014-11-07,0057,Terra,MODIS,77,6.2,297.9,14.1,D,0
-12.7571,142.8084,365.4,1.1,1,2014-11-07,0057,Terra,MODIS,100,6.2,298.5,98.3,D,0
-14.9213,145.0683,324.4,1.5,1.2,2014-11-07,0057,Terra,MODIS,65,6.2,296.6,26.8,D,0
-12.6301,136.4509,318.2,1.7,1.3,2014-11-07,0057,Terra,MODIS,38,6.2,292.1,14.1,D,0
-15.2438,144.9865,319.1,1.5,1.2,2014-11-07,0057,Terra,MODIS,15,6.2,296.7,16.2,D,0
-12.7677,142.8168,328.9,1.1,1,2014-11-07,0057,Terra,MODIS,68,6.2,298,16.1,D,0
-15.2456,145,319.5,1.5,1.2,2014-11-07,0057,Terra,MODIS,28,6.2,296.4,17.8,D,0
-15.7429,136.4593,348,1.5,1.2,2014-11-07,0058,Terra,MODIS,92,6.2,304.7,75,D,0
-15.3248,135.9599,342.1,1.6,1.2,2014-11-07,0058,Terra,MODIS,87,6.2,305,61.7,D,0
-15.3237,135.9533,327.9,1.6,1.2,2014-11-07,0058,Terra,MODIS,68,6.2,305.2,20.1,D,0
-15.3273,135.9747,326.5,1.6,1.2,2014-11-07,0058,Terra,MODIS,62,6.2,305.4,15.8,D,0
-15.7322,136.4612,342.1,1.5,1.2,2014-11-07,0058,Terra,MODIS,88,6.2,307.2,51.9,D,0
-15.3263,135.9682,334.2,1.6,1.2,2014-11-07,0058,Terra,MODIS,79,6.2,305.7,35.7,D,0
-17.6471,145.5036,347.5,1.7,1.3,2014-11-07,0058,Terra,MODIS,92,6.2,301.6,113.9,D,0
-15.1334,143.065,329.1,1.1,1.1,2014-11-07,0058,Terra,MODIS,71,6.2,306.1,12.9,D,0
-18.4912,141.3731,332.6,1,1,2014-11-07,0058,Terra,MODIS,38,6.2,310.8,13.4,D,0
-14.072,135.0818,330.3,2,1.4,2014-11-07,0058,Terra,MODIS,78,6.2,298.5,41,D,0
-14.2255,136.8305,330.4,1.5,1.2,2014-11-07,0058,Terra,MODIS,74,6.2,301.5,24.7,D,0
-14.1922,136.6966,332.6,1.5,1.2,2014-11-07,0058,Terra,MODIS,80,6.2,302.2,27.4,D,0
-14.1961,136.6537,326.6,1.5,1.2,2014-11-07,0058,Terra,MODIS,59,6.2,302,14.1,D,0
-14.2115,136.679,332.5,1.5,1.2,2014-11-07,0058,Terra,MODIS,80,6.2,301.9,26,D,0
-14.2138,136.6928,329,1.5,1.2,2014-11-07,0058,Terra,MODIS,41,6.2,302.8,18.2,D,0
-14.0323,135.1444,325.8,2,1.4,2014-11-07,0058,Terra,MODIS,38,6.2,299.4,26.2,D,0
-14.2377,136.7028,337.6,1.5,1.2,2014-11-07,0058,Terra,MODIS,85,6.2,304.3,43.2,D,0
-15.8273,130.7923,322.6,3.8,1.8,2014-11-07,0058,Terra,MODIS,59,6.2,298,61.6,D,0
-15.8345,130.8289,341.2,3.8,1.8,2014-11-07,0058,Terra,MODIS,88,6.2,298.6,236.2,D,0
-15.4402,130.9036,327.1,3.8,1.8,2014-11-07,0058,Terra,MODIS,67,6.2,297.7,87.8,D,0
-15.4299,130.8997,323.7,3.8,1.8,2014-11-07,0058,Terra,MODIS,56,6.2,298.5,60,D,0
-15.8403,130.8201,336.3,3.8,1.8,2014-11-07,0058,Terra,MODIS,83,6.2,297.7,181.1,D,0
-17.2232,143.0846,336.2,1.2,1.1,2014-11-07,0058,Terra,MODIS,73,6.2,314.1,19.4,D,0
-17.2051,143.0985,356.3,1.2,1.1,2014-11-07,0058,Terra,MODIS,97,6.2,314.5,69.9,D,0
-16.7503,133.8291,332.2,2.2,1.4,2014-11-07,0058,Terra,MODIS,58,6.2,301.9,44.5,D,0
-16.7539,133.8491,332,2.2,1.4,2014-11-07,0058,Terra,MODIS,53,6.2,304.6,47.7,D,0
-16.7631,133.8266,334.3,2.2,1.4,2014-11-07,0058,Terra,MODIS,76,6.2,300.7,55,D,0
-16.7666,133.8466,342.6,2.2,1.4,2014-11-07,0058,Terra,MODIS,87,6.2,305.4,99.5,D,0
-16.785,133.8016,348,2.2,1.4,2014-11-07,0058,Terra,MODIS,92,6.2,304.5,133.1,D,0
-16.7833,133.7951,349.8,2.2,1.4,2014-11-07,0058,Terra,MODIS,93,6.2,305,145.9,D,0
-16.7558,133.7864,345.2,2.2,1.4,2014-11-07,0058,Terra,MODIS,89,6.2,306.2,106.8,D,0
-16.7814,133.7814,335.2,2.2,1.4,2014-11-07,0058,Terra,MODIS,68,6.2,302.8,60.7,D,0
-16.7834,133.7177,331.1,2.2,1.4,2014-11-07,0058,Terra,MODIS,44,6.2,307.5,40,D,0
-16.8181,133.7674,346.2,2.2,1.4,2014-11-07,0058,Terra,MODIS,90,6.2,304.6,126,D,0
-16.84,133.7421,337.7,2.2,1.4,2014-11-07,0058,Terra,MODIS,82,6.2,303.9,81,D,0
-16.8437,133.7624,342,2.2,1.4,2014-11-07,0058,Terra,MODIS,86,6.2,305.2,104.2,D,0
-16.8492,133.7192,339.3,2.2,1.4,2014-11-07,0058,Terra,MODIS,84,6.2,302.5,94.4,D,0
-17.0074,142.9922,349.2,1.2,1.1,2014-11-07,0058,Terra,MODIS,92,6.2,315.4,45.4,D,0
-16.7798,133.6971,332.7,2.2,1.4,2014-11-07,0058,Terra,MODIS,67,6.2,305.9,43.2,D,0
-16.789,133.6739,341.3,2.2,1.4,2014-11-07,0058,Terra,MODIS,86,6.2,302.2,96.2,D,0
-16.7927,133.6946,359.5,2.2,1.4,2014-11-07,0058,Terra,MODIS,99,6.2,309,219.6,D,0
-16.7811,133.7112,339.1,2.2,1.4,2014-11-07,0058,Terra,MODIS,83,6.2,307.4,80.8,D,0
-16.7902,133.6882,355.7,2.2,1.4,2014-11-07,0058,Terra,MODIS,97,6.2,306.9,190.3,D,0
-16.794,133.7088,328.8,2.2,1.4,2014-11-07,0058,Terra,MODIS,31,6.2,307.5,34.6,D,0
-16.8031,133.6857,383.5,2.2,1.4,2014-11-07,0058,Terra,MODIS,100,6.2,306.9,492.1,D,0
-16.8069,133.7063,368,2.2,1.4,2014-11-07,0058,Terra,MODIS,100,6.2,308.7,302.1,D,0
-16.8161,133.6833,340,2.2,1.4,2014-11-07,0058,Terra,MODIS,84,6.2,302.1,99.3,D,0
-16.8198,133.7038,372.6,2.2,1.4,2014-11-07,0058,Terra,MODIS,100,6.2,306.8,355.9,D,0
-16.8327,133.7013,342.9,2.2,1.4,2014-11-07,0058,Terra,MODIS,87,6.2,302.7,113.5,D,0
-16.9933,142.9608,340.8,1.2,1.1,2014-11-07,0058,Terra,MODIS,84,6.2,313.2,28.8,D,0
-17.0237,132.077,326.1,2.9,1.6,2014-11-07,0058,Terra,MODIS,43,6.2,304.6,40.8,D,0
-14.2962,134.7752,341.6,2.1,1.4,2014-11-07,0058,Terra,MODIS,78,6.2,301.6,92.2,D,0
-17.0041,132.0529,329.8,2.9,1.6,2014-11-07,0058,Terra,MODIS,69,6.2,305.9,64.9,D,0
-17.0186,132.0499,330.5,2.9,1.6,2014-11-07,0058,Terra,MODIS,71,6.2,306.2,69.9,D,0
-17.0331,132.0469,324.4,2.9,1.6,2014-11-07,0058,Terra,MODIS,40,6.2,303.4,38.6,D,0
-17.0044,132.0458,328.5,2.9,1.6,2014-11-07,0058,Terra,MODIS,63,6.2,306.6,58,D,0
-17.019,132.0429,326.6,2.9,1.6,2014-11-07,0058,Terra,MODIS,44,6.2,306.2,47.4,D,0
-17.0242,132.0699,330.1,2.9,1.6,2014-11-07,0058,Terra,MODIS,69,6.2,305,64.1,D,0
-17.0059,142.9813,346.6,1.2,1.1,2014-11-07,0058,Terra,MODIS,90,6.2,314.4,38.3,D,0
-17.2084,135.7148,334.1,1.6,1.2,2014-11-07,0058,Terra,MODIS,76,6.2,311.2,22.9,D,0
-17.2194,135.7127,335.6,1.6,1.2,2014-11-07,0058,Terra,MODIS,79,6.2,311.2,28.7,D,0
-17.6375,145.4948,328,1.7,1.3,2014-11-07,0058,Terra,MODIS,71,6.2,300,43.1,D,0
-17.6395,145.5112,343.7,1.7,1.3,2014-11-07,0058,Terra,MODIS,89,6.2,300.7,98,D,0
-17.6355,145.5052,320.6,1.7,1.3,2014-11-07,0058,Terra,MODIS,41,6.2,300.1,28.9,D,0
-16.4938,139.7308,315.7,1,1,2014-11-07,0058,Terra,MODIS,48,6.2,300.6,8.5,D,3
-17.284,142.8567,336.1,1.2,1.1,2014-11-07,0058,Terra,MODIS,74,6.2,312.6,19.3,D,0
-17.2699,142.8255,338.9,1.2,1.1,2014-11-07,0058,Terra,MODIS,83,6.2,311.9,27.9,D,0
-14.2399,136.7165,328.4,1.5,1.2,2014-11-07,0058,Terra,MODIS,67,6.2,303.2,21.2,D,0
-17.0801,142.9983,338.7,1.2,1.1,2014-11-07,0058,Terra,MODIS,38,6.2,314.6,16,D,0
-17.2684,142.8147,346.3,1.2,1.1,2014-11-07,0058,Terra,MODIS,90,6.2,309.7,45.4,D,0
-17.1938,143.0887,339.8,1.2,1.1,2014-11-07,0058,Terra,MODIS,70,6.2,313.1,23.6,D,0
-17.1743,143.0914,339.7,1.2,1.1,2014-11-07,0058,Terra,MODIS,53,6.2,316.2,24.5,D,0
-17.128,143.0591,340.8,1.2,1.1,2014-11-07,0058,Terra,MODIS,69,6.2,315.1,22.5,D,0
-17.163,143.0817,340.6,1.2,1.1,2014-11-07,0058,Terra,MODIS,61,6.2,315.4,25.2,D,0
-17.1518,143.0719,336.6,1.2,1.1,2014-11-07,0058,Terra,MODIS,18,6.2,316.2,17.6,D,0
-16.7864,133.6676,328.8,2.2,1.4,2014-11-07,0058,Terra,MODIS,47,6.2,301.8,40.1,D,0
-17.1953,143.0999,343.3,1.2,1.1,2014-11-07,0058,Terra,MODIS,84,6.2,314.3,32.9,D,0
-17.2036,143.0873,338.5,1.2,1.1,2014-11-07,0058,Terra,MODIS,75,6.2,311.3,21.3,D,0
-17.0787,142.9874,346.4,1.2,1.1,2014-11-07,0058,Terra,MODIS,81,6.2,313.1,34.9,D,0
-19.161,142.8711,334.8,1.2,1.1,2014-11-07,0059,Terra,MODIS,82,6.2,311.5,20.8,D,0
-19.8105,129.6218,352.9,3.8,1.8,2014-11-07,0059,Terra,MODIS,96,6.2,308,401.3,D,0
-19.1595,142.8595,341.7,1.2,1.1,2014-11-07,0059,Terra,MODIS,88,6.2,311,36.8,D,0
-20.584,148.6203,323,3.2,1.7,2014-11-07,0059,Terra,MODIS,39,6.2,303.5,50.3,D,0
-19.1679,142.8466,333.3,1.2,1.1,2014-11-07,0059,Terra,MODIS,68,6.2,307.4,20.9,D,0
-19.1694,142.8582,347.5,1.2,1.1,2014-11-07,0059,Terra,MODIS,93,6.2,310.3,51.6,D,0
-20.5877,148.6253,325.4,3.2,1.7,2014-11-07,0059,Terra,MODIS,53,6.2,302.7,64,D,0
-22.6124,147.6439,329.2,2.9,1.6,2014-11-07,0059,Terra,MODIS,60,6.2,310.9,32.7,D,0
-22.6103,147.6087,332,2.9,1.6,2014-11-07,0059,Terra,MODIS,72,6.2,311.2,54.5,D,0
-22.6129,147.6369,333.3,2.9,1.6,2014-11-07,0059,Terra,MODIS,75,6.2,311.2,61.1,D,0
-19.8045,129.6288,336.3,3.8,1.8,2014-11-07,0059,Terra,MODIS,71,6.2,306.4,190,D,0
-22.6096,147.6156,335.7,2.9,1.6,2014-11-07,0059,Terra,MODIS,79,6.2,311.4,78.6,D,0
-19.2509,130.1237,337.5,3.6,1.8,2014-11-07,0059,Terra,MODIS,62,6.2,311.2,153.6,D,0
-19.2281,130.0933,341,3.6,1.8,2014-11-07,0059,Terra,MODIS,87,6.2,311.2,189,D,0
-19.253,130.095,356.3,3.6,1.8,2014-11-07,0059,Terra,MODIS,97,6.2,312.2,394.4,D,0
-19.237,130.0558,331.4,3.7,1.8,2014-11-07,0059,Terra,MODIS,72,6.2,308.5,87.4,D,0
-18.5933,131.3665,362.8,3,1.7,2014-11-07,0059,Terra,MODIS,100,6.2,311.1,385.3,D,0
-18.5465,131.4422,333,3,1.6,2014-11-07,0059,Terra,MODIS,64,6.2,309.8,76.3,D,0
-16.8424,129.1588,328.3,4.8,2,2014-11-07,0059,Terra,MODIS,56,6.2,299.3,117.2,D,0
-19.2371,130.0987,352.9,3.6,1.8,2014-11-07,0059,Terra,MODIS,95,6.2,312.9,336.6,D,0
-18.2468,129.7469,331.9,4.1,1.9,2014-11-07,0059,Terra,MODIS,58,6.2,305,107.7,D,0
-19.244,130.0899,360.5,3.6,1.8,2014-11-07,0059,Terra,MODIS,100,6.2,312.5,461.1,D,0
-18.6081,131.3633,332.2,3,1.7,2014-11-07,0059,Terra,MODIS,70,6.2,306.3,77.3,D,0
-18.5988,131.3946,360.7,3,1.7,2014-11-07,0059,Terra,MODIS,100,6.2,309.6,357.7,D,0
-19.2303,130.0646,342.8,3.7,1.8,2014-11-07,0059,Terra,MODIS,88,6.2,309.7,201.6,D,0
-19.261,140.4482,362,1,1,2014-11-07,0059,Terra,MODIS,100,6.2,287.2,76.6,D,0
-19.252,140.4496,347.7,1,1,2014-11-07,0059,Terra,MODIS,61,6.2,302.5,39.8,D,0
-19.2596,140.4386,341.9,1,1,2014-11-07,0059,Terra,MODIS,88,6.2,287.7,30.5,D,0
-21.1357,140.3782,333.1,1,1,2014-11-07,0059,Terra,MODIS,74,6.2,294.5,21.7,D,0
-18.5786,131.3697,333.3,3,1.7,2014-11-07,0059,Terra,MODIS,58,6.2,312.9,79.8,D,0
-18.5799,131.3764,338.4,3,1.7,2014-11-07,0059,Terra,MODIS,82,6.2,312.2,119.2,D,0
-18.5878,131.3383,338,3,1.7,2014-11-07,0059,Terra,MODIS,82,6.2,314.3,112.1,D,0
-18.5455,131.4352,331.1,3,1.6,2014-11-07,0059,Terra,MODIS,57,6.2,310.8,63.6,D,0
-19.0652,131.2634,337.9,3,1.7,2014-11-07,0059,Terra,MODIS,84,6.2,314.7,96.9,D,0
-19.0638,131.2564,334.6,3,1.7,2014-11-07,0059,Terra,MODIS,80,6.2,315.1,72.3,D,0
-18.5853,131.4046,330,3,1.7,2014-11-07,0059,Terra,MODIS,49,6.2,307.6,62.7,D,0
-18.5841,131.3978,335.7,3,1.7,2014-11-07,0059,Terra,MODIS,74,6.2,308.8,99,D,0
-16.836,129.1214,332.4,4.8,2,2014-11-07,0059,Terra,MODIS,73,6.2,300.1,168.3,D,0
-16.8332,129.1144,328.2,4.8,2,2014-11-07,0059,Terra,MODIS,40,6.2,300.3,113.1,D,0
-23.1467,127.5322,337.2,4.5,2,2014-11-07,0100,Terra,MODIS,81,6.2,308,198.9,D,0
-23.164,127.5279,332.2,4.5,2,2014-11-07,0100,Terra,MODIS,72,6.2,307.5,145.1,D,0
-23.1814,127.5236,324.9,4.5,2,2014-11-07,0100,Terra,MODIS,40,6.2,306.5,76.7,D,0
-23.1638,127.5224,327.5,4.5,2,2014-11-07,0100,Terra,MODIS,42,6.2,307.8,95.3,D,0
-23.521,127.6413,335.3,4.3,1.9,2014-11-07,0100,Terra,MODIS,78,6.2,307.5,172.1,D,0
-23.5214,127.6334,330,4.3,1.9,2014-11-07,0100,Terra,MODIS,67,6.2,307.6,110.8,D,0
-23.5308,127.6753,328.8,4.3,1.9,2014-11-07,0100,Terra,MODIS,63,6.2,306.2,96,D,0
-23.0956,127.5532,334.7,4.5,2,2014-11-07,0100,Terra,MODIS,78,6.2,306.6,168.9,D,0
-23.1052,127.5965,326.3,4.5,1.9,2014-11-07,0100,Terra,MODIS,46,6.2,304.8,72.1,D,0
-23.1129,127.5487,350.4,4.5,2,2014-11-07,0100,Terra,MODIS,93,6.2,308.4,410.1,D,0
-23.1225,127.592,344,4.5,1.9,2014-11-07,0100,Terra,MODIS,88,6.2,306.3,297.8,D,0
-23.1302,127.5442,334.9,4.5,2,2014-11-07,0100,Terra,MODIS,78,6.2,306.8,160.5,D,0
-23.1397,127.5876,352.9,4.5,1.9,2014-11-07,0100,Terra,MODIS,95,6.2,304.8,452.5,D,0
-23.1491,127.6306,325.3,4.4,1.9,2014-11-07,0100,Terra,MODIS,49,6.2,303.9,74.8,D,0
-23.1476,127.5398,341.2,4.5,2,2014-11-07,0100,Terra,MODIS,86,6.2,307.7,252.5,D,0
-23.157,127.5832,343.5,4.5,1.9,2014-11-07,0100,Terra,MODIS,88,6.2,304,290.2,D,0
-23.1663,127.6262,327.8,4.4,1.9,2014-11-07,0100,Terra,MODIS,63,6.2,302.6,105.6,D,0
-23.0947,127.5454,332.7,4.5,2,2014-11-07,0100,Terra,MODIS,75,6.2,306.9,145.3,D,0
-23.1046,127.5887,329.8,4.5,1.9,2014-11-07,0100,Terra,MODIS,68,6.2,305.1,110.1,D,0
-23.112,127.541,345.8,4.5,2,2014-11-07,0100,Terra,MODIS,90,6.2,308.3,331.9,D,0
-23.1219,127.5843,349.2,4.5,1.9,2014-11-07,0100,Terra,MODIS,93,6.2,306.7,390.4,D,0
-23.1294,127.5366,328.7,4.5,2,2014-11-07,0100,Terra,MODIS,50,6.2,307.1,94.8,D,0
-23.1391,127.5799,349.7,4.5,1.9,2014-11-07,0100,Terra,MODIS,93,6.2,304.8,399,D,0
-23.1488,127.6228,329.2,4.4,1.9,2014-11-07,0100,Terra,MODIS,67,6.2,303.7,121.1,D,0
-23.1564,127.5756,343.5,4.5,1.9,2014-11-07,0100,Terra,MODIS,88,6.2,304.7,294.2,D,0
-23.166,127.6185,329.9,4.4,1.9,2014-11-07,0100,Terra,MODIS,63,6.2,302.4,126.6,D,0
-23.1737,127.5713,332.4,4.5,1.9,2014-11-07,0100,Terra,MODIS,64,6.2,303.7,148.1,D,0
-23.1738,127.5657,330.6,4.5,1.9,2014-11-07,0100,Terra,MODIS,53,6.2,304.3,129.7,D,0
-23.5301,127.6832,326.2,4.3,1.9,2014-11-07,0100,Terra,MODIS,52,6.2,306,71.7,D,0
-24.4078,146.2617,329.1,2.4,1.5,2014-11-07,0100,Terra,MODIS,53,6.2,312.4,34.5,D,0
-23.1044,146.3034,329.7,2.4,1.5,2014-11-07,0100,Terra,MODIS,59,6.2,305.3,53.9,D,0
-21.0788,130.6311,334.4,3,1.7,2014-11-07,0100,Terra,MODIS,62,6.2,313.5,65.2,D,0
-21.0797,130.6368,335.5,3,1.7,2014-11-07,0100,Terra,MODIS,72,6.2,312.9,75.1,D,0
-21.223,130.8855,405.7,2.9,1.6,2014-11-07,0100,Terra,MODIS,100,6.2,324.2,1253,D,0
-21.2085,130.8887,343.3,2.9,1.6,2014-11-07,0100,Terra,MODIS,82,6.2,317.5,117.6,D,0
-21.2318,130.8618,388,2.9,1.6,2014-11-07,0100,Terra,MODIS,100,6.2,316,791.9,D,0
-21.2174,130.858,351,2.9,1.6,2014-11-07,0100,Terra,MODIS,93,6.2,317.8,202.7,D,0
-21.1939,130.8992,336.6,2.9,1.6,2014-11-07,0100,Terra,MODIS,77,6.2,316.7,72.5,D,0
-21.2174,130.8651,371.7,2.9,1.6,2014-11-07,0100,Terra,MODIS,100,6.2,319.4,468.7,D,0
-21.2029,130.8612,344,2.9,1.6,2014-11-07,0100,Terra,MODIS,85,6.2,319.6,124.6,D,0
-21.2373,130.8894,395.8,2.9,1.6,2014-11-07,0100,Terra,MODIS,100,6.2,319.1,977,D,0
-21.2029,130.8683,346.9,2.9,1.6,2014-11-07,0100,Terra,MODIS,90,6.2,319.4,151.2,D,0
-21.2084,130.8959,339.4,2.9,1.6,2014-11-07,0100,Terra,MODIS,75,6.2,316.7,86.1,D,0
-21.2228,130.8927,391.3,2.9,1.6,2014-11-07,0100,Terra,MODIS,100,6.2,322,853.4,D,0
-21.2374,130.8823,401.6,2.9,1.6,2014-11-07,0100,Terra,MODIS,100,6.2,318.7,1134.7,D,0
-21.2318,130.8548,360,2.9,1.6,2014-11-07,0100,Terra,MODIS,99,6.2,313.7,311.1,D,0
-28.8066,142.5193,340.4,1.5,1.2,2014-11-07,0101,Terra,MODIS,81,6.2,322.6,43.9,D,0
-28.8049,142.5035,332,1.5,1.2,2014-11-07,0101,Terra,MODIS,62,6.2,321.4,19.9,D,0
-28.6641,142.4717,365.5,1.5,1.2,2014-11-07,0101,Terra,MODIS,100,6.2,322.1,147.3,D,0
-28.6513,142.4577,393.6,1.5,1.2,2014-11-07,0101,Terra,MODIS,100,6.2,328.8,358.4,D,0
-28.6822,142.5327,357.9,1.5,1.2,2014-11-07,0101,Terra,MODIS,98,6.2,321.6,109,D,0
-28.6786,142.5014,349.5,1.5,1.2,2014-11-07,0101,Terra,MODIS,92,6.2,320.3,70.6,D,0
-28.6711,142.5343,345.6,1.5,1.2,2014-11-07,0101,Terra,MODIS,88,6.2,322.6,60.1,D,0
-28.6794,142.4955,341.4,1.5,1.2,2014-11-07,0101,Terra,MODIS,83,6.2,319.9,42.6,D,0
-28.7322,142.5681,395.2,1.5,1.2,2014-11-07,0101,Terra,MODIS,100,6.2,326.4,388.7,D,0
-28.6811,142.5111,344.7,1.5,1.2,2014-11-07,0101,Terra,MODIS,87,6.2,320.2,52.5,D,0
-28.7304,142.5523,418.2,1.5,1.2,2014-11-07,0101,Terra,MODIS,100,6.2,330.6,678.6,D,0
-28.6828,142.5269,360.3,1.5,1.2,2014-11-07,0101,Terra,MODIS,100,6.2,322.6,121.1,D,0
-28.6804,142.5171,359.1,1.5,1.2,2014-11-07,0101,Terra,MODIS,99,6.2,321.8,112.5,D,0
-28.6623,142.4561,367.8,1.5,1.2,2014-11-07,0101,Terra,MODIS,100,6.2,321.1,160.2,D,0
-28.6531,142.4732,377.8,1.5,1.2,2014-11-07,0101,Terra,MODIS,100,6.2,325.8,225.7,D,0
-28.6729,142.55,340.2,1.5,1.2,2014-11-07,0101,Terra,MODIS,81,6.2,323.1,44,D,0
-31.3972,135.3181,335.7,1,1,2014-11-07,0102,Terra,MODIS,76,6.2,318.2,19.1,D,0
-28.4347,127.3763,328.4,3.4,1.7,2014-11-07,0102,Terra,MODIS,63,6.2,310.2,51.8,D,0
-29.2729,129.4691,344,2.4,1.5,2014-11-07,0102,Terra,MODIS,87,6.2,311.8,110.3,D,0
-29.2665,129.4637,331.8,2.4,1.5,2014-11-07,0102,Terra,MODIS,63,6.2,312.4,40.9,D,0
-29.2797,129.4599,344.4,2.4,1.5,2014-11-07,0102,Terra,MODIS,87,6.2,311.5,112.7,D,0
-28.4961,127.1207,328.6,3.6,1.8,2014-11-07,0102,Terra,MODIS,63,6.2,307.8,56.1,D,0
-28.4884,127.1287,327.1,3.6,1.8,2014-11-07,0102,Terra,MODIS,58,6.2,307.5,42.9,D,0
-28.4429,127.3667,331.2,3.4,1.7,2014-11-07,0102,Terra,MODIS,70,6.2,309.2,71.1,D,0
-28.4349,127.3322,330.2,3.5,1.8,2014-11-07,0102,Terra,MODIS,68,6.2,309.3,64.6,D,0
-29.2679,129.4448,332.3,2.4,1.5,2014-11-07,0102,Terra,MODIS,62,6.2,311.9,43.5,D,0
-28.4269,127.3419,336.5,3.5,1.8,2014-11-07,0102,Terra,MODIS,80,6.2,310.3,119.2,D,0
-29.2139,129.5674,333.9,2.4,1.5,2014-11-07,0102,Terra,MODIS,73,6.2,311.6,46.7,D,0
-29.2089,129.5434,371.1,2.4,1.5,2014-11-07,0102,Terra,MODIS,100,6.2,314,351,D,0
-29.2036,129.5389,339.1,2.4,1.5,2014-11-07,0102,Terra,MODIS,81,6.2,312.6,77.6,D,0
-29.2087,129.5629,330,2.4,1.5,2014-11-07,0102,Terra,MODIS,61,6.2,312,29.4,D,0
-29.2168,129.5353,351.5,2.4,1.5,2014-11-07,0102,Terra,MODIS,94,6.2,312.7,161.7,D,0
-29.2219,129.5593,339.1,2.4,1.5,2014-11-07,0102,Terra,MODIS,81,6.2,311.3,76.6,D,0
-15.1788,125.3551,320.5,3.6,1.8,2014-11-07,0236,Terra,MODIS,35,6.2,296.4,61,D,0
-15.1862,125.3615,324.7,3.6,1.8,2014-11-07,0236,Terra,MODIS,73,6.2,296.4,93.9,D,0
-15.1899,125.3954,313,3.6,1.8,2014-11-07,0236,Terra,MODIS,41,6.2,295.3,24.3,D,0
-19.0642,124.9017,331.7,3.7,1.8,2014-11-07,0237,Terra,MODIS,76,6.2,303.2,96.1,D,0
-19.0879,124.894,359.7,3.7,1.8,2014-11-07,0237,Terra,MODIS,99,6.2,302.5,461.5,D,0
-19.075,124.9306,338,3.7,1.8,2014-11-07,0237,Terra,MODIS,83,6.2,303.2,155.6,D,0
-19.0951,124.8861,341.5,3.7,1.8,2014-11-07,0237,Terra,MODIS,86,6.2,302.1,204.7,D,0
-19.0717,124.8957,338.1,3.7,1.8,2014-11-07,0237,Terra,MODIS,83,6.2,302.9,162.1,D,0
-19.0913,124.9289,352.2,3.7,1.8,2014-11-07,0237,Terra,MODIS,95,6.2,301.7,335.5,D,0
-19.0982,124.921,338.1,3.7,1.8,2014-11-07,0237,Terra,MODIS,83,6.2,300.8,159.4,D,0
-18.8614,123.0633,336.3,2.7,1.6,2014-11-07,0237,Terra,MODIS,81,6.2,306.2,84.8,D,0
-18.6371,122.5939,327.4,2.4,1.5,2014-11-07,0237,Terra,MODIS,39,6.2,303.2,32,D,0
-19.1743,122.5853,334.4,2.5,1.5,2014-11-07,0237,Terra,MODIS,79,6.2,306.1,72.2,D,0
-18.6445,122.5875,328.8,2.4,1.5,2014-11-07,0237,Terra,MODIS,70,6.2,303.1,41.6,D,0
-19.181,122.5903,338.3,2.5,1.5,2014-11-07,0237,Terra,MODIS,83,6.2,305.4,93.1,D,0
-18.9519,122.3221,330.5,2.3,1.5,2014-11-07,0237,Terra,MODIS,57,6.2,303.8,36.8,D,0
-18.9564,122.3271,332.8,2.3,1.5,2014-11-07,0237,Terra,MODIS,76,6.2,304.4,47.4,D,0
-18.8572,123.0693,333.9,2.7,1.6,2014-11-07,0237,Terra,MODIS,79,6.2,305.3,69.6,D,0
-18.8544,123.044,334.7,2.7,1.6,2014-11-07,0237,Terra,MODIS,62,6.2,306.8,72.9,D,0
-19.188,122.5839,331,2.5,1.5,2014-11-07,0237,Terra,MODIS,65,6.2,304.3,57.1,D,0
-21.885,120.7892,342.1,2,1.4,2014-11-07,0238,Terra,MODIS,87,6.2,306.1,84.5,D,0
-21.8787,123.2863,357.5,3,1.7,2014-11-07,0238,Terra,MODIS,98,6.2,306.9,300.5,D,0
-21.8637,123.2878,394.7,3,1.7,2014-11-07,0238,Terra,MODIS,100,6.2,310.5,1015.1,D,0
-21.8666,123.3172,354.6,3,1.7,2014-11-07,0238,Terra,MODIS,96,6.2,306.1,257.8,D,0
-21.8871,120.8084,328.7,2,1.4,2014-11-07,0238,Terra,MODIS,24,6.2,307.5,25.1,D,0
-21.8664,120.8245,335.3,2,1.4,2014-11-07,0238,Terra,MODIS,73,6.2,306.8,49.3,D,0
-21.8872,120.783,335.7,2,1.4,2014-11-07,0238,Terra,MODIS,66,6.2,306.6,54.4,D,0
-21.8892,120.8022,335.3,2,1.4,2014-11-07,0238,Terra,MODIS,71,6.2,307.4,47.7,D,0
-21.8975,120.7623,336,2,1.4,2014-11-07,0238,Terra,MODIS,49,6.2,306.9,60.4,D,0
-21.8996,120.7814,333.3,2,1.4,2014-11-07,0238,Terra,MODIS,47,6.2,308.6,39.4,D,0
-21.9016,120.8006,347.4,2,1.4,2014-11-07,0238,Terra,MODIS,92,6.2,308.7,100.2,D,0
-21.9223,120.7591,341.2,2,1.4,2014-11-07,0238,Terra,MODIS,64,6.2,306.5,76.9,D,0
-21.9762,120.7917,339.1,2,1.4,2014-11-07,0238,Terra,MODIS,84,6.2,310.1,61.4,D,0
-21.9782,120.7849,333,2,1.4,2014-11-07,0238,Terra,MODIS,57,6.2,309.5,36.9,D,0
-20.6484,120.4806,334.9,1.8,1.3,2014-11-07,0238,Terra,MODIS,60,6.2,272.8,57.2,D,0
-20.6427,120.4878,344.3,1.8,1.3,2014-11-07,0238,Terra,MODIS,75,6.2,288.9,91.9,D,0
-21.1612,126.048,346.8,4.7,2,2014-11-07,0238,Terra,MODIS,91,6.2,310.5,345.8,D,0
-21.1578,126.0027,351,4.7,2,2014-11-07,0238,Terra,MODIS,94,6.2,311.2,437.2,D,0
-21.1632,126.055,344.6,4.7,2,2014-11-07,0238,Terra,MODIS,89,6.2,309.5,307.9,D,0
-21.1595,126.0098,356.7,4.7,2,2014-11-07,0238,Terra,MODIS,98,6.2,311.8,559.3,D,0
-21.8809,120.8425,332.3,2,1.4,2014-11-07,0238,Terra,MODIS,73,6.2,308.1,31.6,D,0
-21.8684,120.844,336.2,2,1.4,2014-11-07,0238,Terra,MODIS,75,6.2,308.2,49,D,0
-21.8791,120.8486,336.6,2,1.4,2014-11-07,0238,Terra,MODIS,82,6.2,308.4,50.2,D,0
-22.1649,124.3089,333.6,3.6,1.8,2014-11-07,0238,Terra,MODIS,78,6.2,305.4,103.1,D,0
-22.168,124.3444,327.7,3.7,1.8,2014-11-07,0238,Terra,MODIS,61,6.2,304.6,55.4,D,0
-21.8769,120.8291,346.1,2,1.4,2014-11-07,0238,Terra,MODIS,91,6.2,308.4,98.9,D,0
-21.8644,120.8305,331.3,2,1.4,2014-11-07,0238,Terra,MODIS,68,6.2,307.1,36.1,D,0
-21.88,123.3089,363.1,3,1.7,2014-11-07,0238,Terra,MODIS,100,6.2,305.9,384.5,D,0
-21.8773,123.2794,356.6,3,1.7,2014-11-07,0238,Terra,MODIS,98,6.2,307.1,296,D,0
-21.865,123.3104,363.8,3,1.7,2014-11-07,0238,Terra,MODIS,100,6.2,306.7,387.6,D,0
-21.8623,123.281,375.1,3,1.7,2014-11-07,0238,Terra,MODIS,100,6.2,309.4,573.3,D,0
-21.8816,123.3157,346.2,3,1.7,2014-11-07,0238,Terra,MODIS,91,6.2,305.4,173.8,D,0
-21.2027,118.682,340.8,1.4,1.2,2014-11-07,0238,Terra,MODIS,83,6.2,317.8,36.9,D,0
-21.2043,118.6955,340.9,1.4,1.2,2014-11-07,0238,Terra,MODIS,83,6.2,319.1,36.4,D,0
-21.3523,121.1285,359.3,2.1,1.4,2014-11-07,0238,Terra,MODIS,99,6.2,309.4,187.7,D,0
-21.353,121.1228,344.9,2.1,1.4,2014-11-07,0238,Terra,MODIS,89,6.2,308.8,92,D,0
-21.3672,121.1468,338.1,2.1,1.4,2014-11-07,0238,Terra,MODIS,82,6.2,309,64.4,D,0
-21.3545,121.1483,371.7,2.1,1.4,2014-11-07,0238,Terra,MODIS,100,6.2,309.6,302.8,D,0
-20.1057,120.3681,332,1.7,1.3,2014-11-07,0238,Terra,MODIS,18,6.2,307.6,27.7,D,0
-20.1207,120.3261,335.7,1.7,1.3,2014-11-07,0238,Terra,MODIS,69,6.2,304.7,40.8,D,0
-20.0932,120.3972,331.3,1.8,1.3,2014-11-07,0238,Terra,MODIS,48,6.2,306.3,22.4,D,0
-20.6488,120.5401,342.4,1.8,1.3,2014-11-07,0238,Terra,MODIS,62,6.2,295.6,76.7,D,0
-20.6349,120.5241,372.4,1.8,1.3,2014-11-07,0238,Terra,MODIS,100,6.2,304,263.6,D,0
-21.3397,121.13,328.1,2.1,1.4,2014-11-07,0238,Terra,MODIS,28,6.2,304.8,24.3,D,0
-20.2244,120.9134,331.8,1.9,1.4,2014-11-07,0238,Terra,MODIS,72,6.2,304.6,34.7,D,0
-20.6468,120.5227,352.2,1.8,1.3,2014-11-07,0238,Terra,MODIS,66,6.2,303.1,123.4,D,0
-20.6369,120.5416,346,1.8,1.3,2014-11-07,0238,Terra,MODIS,85,6.2,293.2,95.4,D,0
-20.6328,120.5067,349.6,1.8,1.3,2014-11-07,0238,Terra,MODIS,63,6.2,300.9,111.4,D,0
-21.4929,121.8352,326.5,2.3,1.5,2014-11-07,0238,Terra,MODIS,54,6.2,300,36.1,D,0
-21.4795,121.8367,347.4,2.3,1.5,2014-11-07,0238,Terra,MODIS,91,6.2,301.6,146.5,D,0
-21.3677,121.1411,338.4,2.1,1.4,2014-11-07,0238,Terra,MODIS,83,6.2,309,65.3,D,0
-21.355,121.1425,370.1,2.1,1.4,2014-11-07,0238,Terra,MODIS,100,6.2,310.2,284.6,D,0
-21.4772,121.8142,327.9,2.3,1.5,2014-11-07,0238,Terra,MODIS,51,6.2,301.1,39.9,D,0
-26.1333,122.6899,339.3,3.1,1.7,2014-11-07,0239,Terra,MODIS,0,6.2,311.7,121.4,D,0
-23.7423,123.5281,346.1,3.3,1.7,2014-11-07,0239,Terra,MODIS,91,6.2,304.7,201,D,0
-23.7473,123.5332,360.4,3.3,1.7,2014-11-07,0239,Terra,MODIS,100,6.2,304.8,394.2,D,0
-23.7345,123.5678,338.4,3.4,1.7,2014-11-07,0239,Terra,MODIS,85,6.2,302.8,127.1,D,0
-23.716,123.5362,361.9,3.3,1.7,2014-11-07,0239,Terra,MODIS,100,6.2,304.5,414.4,D,0
-23.7188,123.5692,335.9,3.4,1.7,2014-11-07,0239,Terra,MODIS,82,6.2,302.6,104,D,0
-23.7606,123.5596,362.9,3.4,1.7,2014-11-07,0239,Terra,MODIS,100,6.2,301.3,445.3,D,0
-23.7449,123.5612,379.2,3.4,1.7,2014-11-07,0239,Terra,MODIS,100,6.2,306.7,761,D,0
-23.7501,123.5663,392.6,3.4,1.7,2014-11-07,0239,Terra,MODIS,100,6.2,305.9,1123.3,D,0
-23.7316,123.5347,348.4,3.3,1.7,2014-11-07,0239,Terra,MODIS,93,6.2,304.4,226.5,D,0
-23.5644,121.2231,341.2,2.3,1.5,2014-11-07,0239,Terra,MODIS,87,6.2,307.4,85.5,D,0
-23.5754,121.1993,399.2,2.2,1.5,2014-11-07,0239,Terra,MODIS,100,6.2,317.5,739,D,0
-23.5776,121.2215,351,2.3,1.5,2014-11-07,0239,Terra,MODIS,94,6.2,311.6,138.1,D,0
-23.5885,121.198,358.4,2.2,1.5,2014-11-07,0239,Terra,MODIS,99,6.2,317.3,193.9,D,0
-23.5651,121.2061,375,2.2,1.5,2014-11-07,0239,Terra,MODIS,100,6.2,309.7,376.2,D,0
-23.5674,121.2283,334.2,2.3,1.5,2014-11-07,0239,Terra,MODIS,66,6.2,307.8,49.6,D,0
-23.5622,121.2009,351.4,2.2,1.5,2014-11-07,0239,Terra,MODIS,95,6.2,308.2,150.3,D,0
-32.0621,115.9236,310.3,1.3,1.1,2014-11-07,0241,Terra,MODIS,47,6.2,287.1,10.8,D,0
-31.7965,115.8366,314.4,1.3,1.1,2014-11-07,0241,Terra,MODIS,37,6.2,295.8,7.5,D,0
-37.1332,148.8869,307,1.7,1.3,2014-11-07,0340,Aqua,MODIS,47,6.2,293.6,11.1,D,0
-37.135,148.868,311.9,1.7,1.3,2014-11-07,0340,Aqua,MODIS,69,6.2,293.4,19.4,D,0
-28.8106,142.4923,334.5,3.6,1.8,2014-11-07,0342,Aqua,MODIS,70,6.2,319,92.1,D,0
-28.808,142.5289,330.9,3.5,1.8,2014-11-07,0342,Aqua,MODIS,57,6.2,319,62.4,D,0
-28.6683,142.431,337.5,3.6,1.8,2014-11-07,0342,Aqua,MODIS,69,6.2,322.2,105.1,D,0
-28.7334,142.5551,353.1,3.5,1.8,2014-11-07,0342,Aqua,MODIS,95,6.2,320.7,306.2,D,0
-28.6657,142.4678,349.2,3.6,1.8,2014-11-07,0342,Aqua,MODIS,91,6.2,322.4,238.6,D,0
-28.6764,142.5423,333.5,3.5,1.8,2014-11-07,0342,Aqua,MODIS,65,6.2,322,86.1,D,0
-28.6791,142.5059,334.8,3.5,1.8,2014-11-07,0342,Aqua,MODIS,62,6.2,319.9,91.2,D,0
-28.736,142.5186,333.4,3.5,1.8,2014-11-07,0342,Aqua,MODIS,65,6.2,320.9,88.9,D,0
-28.7437,142.5233,336.3,3.5,1.8,2014-11-07,0342,Aqua,MODIS,72,6.2,319.1,111,D,0
-28.7413,142.5598,352.8,3.5,1.8,2014-11-07,0342,Aqua,MODIS,94,6.2,321.2,295.8,D,0
-24.787,147.9594,373.4,1.3,1.1,2014-11-07,0343,Aqua,MODIS,100,6.2,303,179.6,D,0
-25.2554,147.4795,342.9,1.5,1.2,2014-11-07,0343,Aqua,MODIS,86,6.2,314.1,52.7,D,0
-25.2571,147.4651,328.3,1.5,1.2,2014-11-07,0343,Aqua,MODIS,31,6.2,312.4,16.6,D,0
-24.818,147.7882,346.4,1.4,1.2,2014-11-07,0343,Aqua,MODIS,84,6.2,308.5,69.1,D,0
-24.7973,147.9609,370,1.3,1.1,2014-11-07,0343,Aqua,MODIS,100,6.2,316.3,160.9,D,0
-26.9446,150.7889,344.7,1.1,1,2014-11-07,0343,Aqua,MODIS,90,6.2,315.9,36.4,D,0
-24.8196,147.7745,368.3,1.4,1.2,2014-11-07,0343,Aqua,MODIS,100,6.2,310.4,157.1,D,0
-25.3319,148.9915,327.5,1.2,1.1,2014-11-07,0343,Aqua,MODIS,55,6.2,312.6,13.5,D,0
-24.9087,148.7077,338.9,1.2,1.1,2014-11-07,0343,Aqua,MODIS,83,6.2,311.8,33.2,D,0
-24.9195,148.7025,333.4,1.2,1.1,2014-11-07,0343,Aqua,MODIS,75,6.2,312.1,23.8,D,0
-24.9095,148.701,331.8,1.2,1.1,2014-11-07,0343,Aqua,MODIS,72,6.2,311.7,21.1,D,0
-24.918,148.7146,337.8,1.2,1.1,2014-11-07,0343,Aqua,MODIS,77,6.2,312.3,29.6,D,0
-24.7854,147.9724,363.5,1.3,1.1,2014-11-07,0343,Aqua,MODIS,100,6.2,305.7,129.8,D,0
-26.6929,149.0651,343.3,1.2,1.1,2014-11-07,0343,Aqua,MODIS,88,6.2,320,37,D,0
-26.6944,149.0527,335.3,1.2,1.1,2014-11-07,0343,Aqua,MODIS,80,6.2,319.9,19.5,D,0
-26.6939,149.0597,340.9,1.2,1.1,2014-11-07,0343,Aqua,MODIS,86,6.2,320.3,31.2,D,0
-24.4509,151.8257,333.5,1,1,2014-11-07,0343,Aqua,MODIS,82,6.2,303.7,23.6,D,0
-24.4524,151.8158,319.2,1,1,2014-11-07,0343,Aqua,MODIS,52,6.2,302.6,6.7,D,0
-24.7849,152.0603,336.9,1,1,2014-11-07,0343,Aqua,MODIS,84,6.2,305.3,26.1,D,0
-24.7863,152.0505,338.5,1,1,2014-11-07,0343,Aqua,MODIS,85,6.2,306.6,28.9,D,0
-24.5962,148.2657,333.7,1.3,1.1,2014-11-07,0343,Aqua,MODIS,50,6.2,304.6,32.3,D,0
-24.3569,151.7722,329.9,1,1,2014-11-07,0343,Aqua,MODIS,77,6.2,303.5,18.2,D,0
-24.7482,148.0205,341.2,1.3,1.1,2014-11-07,0343,Aqua,MODIS,64,6.2,303.9,55.1,D,0
-24.7467,148.0332,352.8,1.3,1.1,2014-11-07,0343,Aqua,MODIS,86,6.2,310.1,88.8,D,0
-22.0045,149.1994,333.2,1.1,1,2014-11-07,0344,Aqua,MODIS,74,6.2,305,21,D,0
-21.9937,149.2088,332.8,1.1,1,2014-11-07,0344,Aqua,MODIS,73,6.2,304.7,21.6,D,0
-22.003,149.2102,370,1.1,1,2014-11-07,0344,Aqua,MODIS,100,6.2,307.7,116,D,0
-22.0097,149.2069,343.1,1.1,1,2014-11-07,0344,Aqua,MODIS,87,6.2,302.2,39.7,D,0
-22.9421,149.852,324,1.1,1,2014-11-07,0344,Aqua,MODIS,30,6.2,303.1,11.6,D,0
-17.9211,142.5828,381.1,2.6,1.5,2014-11-07,0345,Aqua,MODIS,75,6.2,301.5,566.1,D,0
-19.2822,146.3004,349.1,1.4,1.2,2014-11-07,0345,Aqua,MODIS,93,6.2,313.6,77.2,D,0
-19.5377,142.9759,327.2,2.5,1.5,2014-11-07,0345,Aqua,MODIS,47,6.2,299.7,59.8,D,0
-17.6437,145.497,337.6,1.6,1.2,2014-11-07,0345,Aqua,MODIS,84,6.2,302.4,60.5,D,0
-18.9207,146.0544,323,1.5,1.2,2014-11-07,0345,Aqua,MODIS,51,6.2,302.5,21,D,0
-18.919,146.0684,338.8,1.5,1.2,2014-11-07,0345,Aqua,MODIS,86,6.2,303.6,60.1,D,0
-18.0876,143.7832,333,2.1,1.4,2014-11-07,0345,Aqua,MODIS,73,6.2,315.5,35.8,D,0
-18.9081,146.0672,327.1,1.5,1.2,2014-11-07,0345,Aqua,MODIS,65,6.2,300.6,32.2,D,0
-14.9333,145.0626,341.1,1.5,1.2,2014-11-07,0346,Aqua,MODIS,88,6.2,292.5,72.9,D,0
-14.9352,145.0479,326.7,1.5,1.2,2014-11-07,0346,Aqua,MODIS,71,6.2,290.5,35.4,D,0
-14.6614,144.6822,326.7,1.6,1.2,2014-11-07,0346,Aqua,MODIS,61,6.2,304.7,19.8,D,0
-14.9205,145.075,327.3,1.5,1.2,2014-11-07,0346,Aqua,MODIS,62,6.2,290.4,32.8,D,0
-14.936,145.0535,337.7,1.5,1.2,2014-11-07,0346,Aqua,MODIS,85,6.2,292.1,61.4,D,0
-14.9315,145.0765,321.5,1.5,1.2,2014-11-07,0346,Aqua,MODIS,45,6.2,292,21.8,D,0
-14.9343,145.0679,320.5,1.5,1.2,2014-11-07,0346,Aqua,MODIS,31,6.2,292.6,20.2,D,0
-14.9223,145.061,329.6,1.5,1.2,2014-11-07,0346,Aqua,MODIS,75,6.2,289.3,40.5,D,0
-17.0309,143.0054,335.1,2.3,1.5,2014-11-07,0346,Aqua,MODIS,48,6.2,309.9,53.9,D,0
-17.2842,142.8059,346.8,2.4,1.5,2014-11-07,0346,Aqua,MODIS,91,6.2,307,142.2,D,0
-15.0495,145.0601,325.3,1.5,1.2,2014-11-07,0346,Aqua,MODIS,55,6.2,296,28,D,0
-13.9692,141.6767,328.4,2.7,1.6,2014-11-07,0346,Aqua,MODIS,70,6.2,294.4,60.4,D,0
-13.9741,141.6841,328.3,2.7,1.6,2014-11-07,0346,Aqua,MODIS,78,6.2,294.4,62,D,0
-17.0089,142.9978,386.4,2.3,1.5,2014-11-07,0346,Aqua,MODIS,100,6.2,306.6,561.5,D,0
-14.7064,144.5974,326.2,1.6,1.3,2014-11-07,0346,Aqua,MODIS,60,6.2,302.2,23.1,D,0
-17.0153,143.0255,336.7,2.3,1.5,2014-11-07,0346,Aqua,MODIS,80,6.2,303.2,68.4,D,0
-16.9934,142.9787,343.9,2.3,1.5,2014-11-07,0346,Aqua,MODIS,89,6.2,300.3,115,D,0
-17.0176,143.0038,380.8,2.3,1.5,2014-11-07,0346,Aqua,MODIS,100,6.2,313.6,468.7,D,0
-17.0064,143.0195,335.4,2.3,1.5,2014-11-07,0346,Aqua,MODIS,81,6.2,304.5,71.3,D,0
-17.0196,143.0211,343.6,2.3,1.5,2014-11-07,0346,Aqua,MODIS,89,6.2,306.2,109.3,D,0
-17.0222,142.9994,348.7,2.3,1.5,2014-11-07,0346,Aqua,MODIS,93,6.2,312.8,137.7,D,0
-17.0043,143.0021,360.3,2.3,1.5,2014-11-07,0346,Aqua,MODIS,100,6.2,298.1,235.8,D,0
-17.02,142.9819,336.1,2.3,1.5,2014-11-07,0346,Aqua,MODIS,70,6.2,303.9,57.7,D,0
-17.0067,142.9803,350.5,2.3,1.5,2014-11-07,0346,Aqua,MODIS,94,6.2,305.6,153.7,D,0
-16.998,142.9347,344.1,2.3,1.5,2014-11-07,0346,Aqua,MODIS,89,6.2,308.7,113.4,D,0
-15.0385,145.0378,327.1,1.5,1.2,2014-11-07,0346,Aqua,MODIS,64,6.2,293.1,32.3,D,0
-16.9956,142.9962,328.7,2.3,1.5,2014-11-07,0346,Aqua,MODIS,8,6.2,302.1,36.2,D,0
-15.0512,145.0459,373.9,1.5,1.2,2014-11-07,0346,Aqua,MODIS,100,6.2,300.1,229.3,D,0
-17.0114,142.976,336.3,2.3,1.5,2014-11-07,0346,Aqua,MODIS,61,6.2,305.1,71.6,D,0
-16.9957,142.9567,349.6,2.3,1.5,2014-11-07,0346,Aqua,MODIS,93,6.2,291.3,151.8,D,0
-16.9981,142.9744,346,2.3,1.5,2014-11-07,0346,Aqua,MODIS,91,6.2,301.2,130.7,D,0
-15.0367,145.0518,327.4,1.5,1.2,2014-11-07,0346,Aqua,MODIS,64,6.2,295.1,31,D,0
-13.8442,141.8521,322.6,2.6,1.5,2014-11-07,0346,Aqua,MODIS,51,6.2,297.7,30.4,D,0
-15.0402,145.0447,353.4,1.5,1.2,2014-11-07,0346,Aqua,MODIS,96,6.2,296,116.8,D,0
-15.137,145.1768,326.1,1.5,1.2,2014-11-07,0346,Aqua,MODIS,63,6.2,297.1,26,D,0
-15.0529,145.032,327.6,1.5,1.2,2014-11-07,0346,Aqua,MODIS,72,6.2,295.3,34.4,D,0
-14.699,144.4718,351.9,1.7,1.3,2014-11-07,0346,Aqua,MODIS,95,6.2,307.8,109.3,D,0
-14.2799,144.4396,327.2,1.7,1.3,2014-11-07,0346,Aqua,MODIS,58,6.2,302.3,32.9,D,0
-14.7085,144.4887,331.3,1.7,1.3,2014-11-07,0346,Aqua,MODIS,68,6.2,307.7,31.8,D,0
-14.6971,144.4872,335.6,1.7,1.3,2014-11-07,0346,Aqua,MODIS,83,6.2,305.8,46.8,D,0
-14.6727,144.6837,330.9,1.6,1.2,2014-11-07,0346,Aqua,MODIS,77,6.2,302.4,31.9,D,0
-16.9872,142.9509,355.6,2.3,1.5,2014-11-07,0346,Aqua,MODIS,97,6.2,291.6,202.4,D,0
-16.9897,142.9288,332.3,2.3,1.5,2014-11-07,0346,Aqua,MODIS,41,6.2,307.2,55.2,D,0
-16.4113,144.8457,328.8,1.7,1.3,2014-11-07,0346,Aqua,MODIS,35,6.2,309.8,22.9,D,0
-14.6857,144.6707,326.9,1.6,1.2,2014-11-07,0346,Aqua,MODIS,64,6.2,300.4,24.6,D,0
-14.6894,144.6411,352.4,1.6,1.3,2014-11-07,0346,Aqua,MODIS,95,6.2,301.8,110.4,D,0
-13.9089,141.6648,326.1,2.7,1.6,2014-11-07,0346,Aqua,MODIS,50,6.2,289.9,50.2,D,0
-14.7007,144.643,342.1,1.6,1.3,2014-11-07,0346,Aqua,MODIS,88,6.2,301,70.2,D,0
-14.6875,144.6567,351.8,1.6,1.3,2014-11-07,0346,Aqua,MODIS,95,6.2,301.2,107.3,D,0
-13.9129,141.67,326.1,2.7,1.6,2014-11-07,0346,Aqua,MODIS,28,6.2,289.5,45.6,D,0
-13.8696,141.6352,338.8,2.7,1.6,2014-11-07,0346,Aqua,MODIS,66,6.2,291.2,127.4,D,0
-13.8667,141.6597,323.4,2.7,1.6,2014-11-07,0346,Aqua,MODIS,64,6.2,291.1,42,D,0
-14.6745,144.669,330.1,1.6,1.2,2014-11-07,0346,Aqua,MODIS,76,6.2,303.6,30,D,0
-15.157,145.1942,331,1.5,1.2,2014-11-07,0346,Aqua,MODIS,78,6.2,298.3,38.5,D,0
-15.1462,145.1924,319.7,1.5,1.2,2014-11-07,0346,Aqua,MODIS,29,6.2,297.7,15.6,D,0
-17.2626,142.7966,331.7,2.4,1.5,2014-11-07,0346,Aqua,MODIS,62,6.2,305.5,58.3,D,0
-16.3979,144.8603,332.4,1.7,1.3,2014-11-07,0346,Aqua,MODIS,64,6.2,310.3,36.8,D,0
-17.2871,142.8225,336.2,2.4,1.5,2014-11-07,0346,Aqua,MODIS,82,6.2,307.9,73.2,D,0
-17.166,143.0948,344,2.3,1.5,2014-11-07,0346,Aqua,MODIS,89,6.2,309.4,103.8,D,0
-17.1792,143.0963,345.8,2.3,1.5,2014-11-07,0346,Aqua,MODIS,90,6.2,311.8,113.1,D,0
-17.1642,143.0775,345.4,2.3,1.5,2014-11-07,0346,Aqua,MODIS,90,6.2,312.1,110.2,D,0
-17.1752,143.1008,346.2,2.3,1.5,2014-11-07,0346,Aqua,MODIS,91,6.2,310.8,116,D,0
-17.1287,143.0684,346.9,2.3,1.5,2014-11-07,0346,Aqua,MODIS,92,6.2,309.3,124.2,D,0
-17.1552,143.0715,344.8,2.3,1.5,2014-11-07,0346,Aqua,MODIS,90,6.2,310.7,108.4,D,0
-17.1685,143.0731,337.5,2.3,1.5,2014-11-07,0346,Aqua,MODIS,69,6.2,312,62.6,D,0
-17.1311,143.0467,341.5,2.3,1.5,2014-11-07,0346,Aqua,MODIS,87,6.2,308.1,87.8,D,0
-13.8469,141.8284,321.9,2.6,1.5,2014-11-07,0346,Aqua,MODIS,52,6.2,296,29.8,D,0
-16.4093,144.8616,329.6,1.7,1.3,2014-11-07,0346,Aqua,MODIS,54,6.2,309,27.7,D,0
-14.6446,144.4595,321.7,1.7,1.3,2014-11-07,0346,Aqua,MODIS,58,6.2,300.2,16.7,D,0
-13.8734,141.6402,336,2.7,1.6,2014-11-07,0346,Aqua,MODIS,85,6.2,290.9,102,D,0
-15.0111,145.0775,329,1.5,1.2,2014-11-07,0346,Aqua,MODIS,75,6.2,296.4,34.1,D,0
-14.7026,144.628,350.6,1.6,1.3,2014-11-07,0346,Aqua,MODIS,94,6.2,302.9,102.8,D,0
-14.7045,144.6126,337,1.6,1.3,2014-11-07,0346,Aqua,MODIS,84,6.2,303.2,52.5,D,0
-12.5445,142.8115,324.6,2.1,1.4,2014-11-07,0347,Aqua,MODIS,71,6.2,292.2,35.9,D,0
-12.5398,142.8497,345.2,2.1,1.4,2014-11-07,0347,Aqua,MODIS,93,6.2,289.3,120.8,D,0
-12.5779,142.7644,322.5,2.1,1.4,2014-11-07,0347,Aqua,MODIS,75,6.2,293.6,29.7,D,0
-12.5895,142.7592,321.8,2.1,1.4,2014-11-07,0347,Aqua,MODIS,60,6.2,293.5,26.3,D,0
-12.5273,142.848,325.5,2.1,1.4,2014-11-07,0347,Aqua,MODIS,45,6.2,290.8,38.6,D,0
-12.5769,142.7577,321.6,2.1,1.4,2014-11-07,0347,Aqua,MODIS,35,6.2,293.6,23.9,D,0
-12.5905,142.7659,320.1,2.1,1.4,2014-11-07,0347,Aqua,MODIS,56,6.2,293.6,22.4,D,0
-12.5249,142.867,324.2,2,1.4,2014-11-07,0347,Aqua,MODIS,38,6.2,286.2,35.7,D,0
-12.5422,142.8306,328.3,2.1,1.4,2014-11-07,0347,Aqua,MODIS,64,6.2,291.9,47.2,D,0
-12.6702,143.0653,342.5,2,1.4,2014-11-07,0347,Aqua,MODIS,91,6.2,291.1,107.3,D,0
-11.1022,142.4738,319.3,2.1,1.4,2014-11-07,0347,Aqua,MODIS,21,6.2,270.7,28.1,D,0
-12.6725,143.0469,342.8,2,1.4,2014-11-07,0347,Aqua,MODIS,91,6.2,289.6,112.7,D,0
-12.6849,143.0485,333.9,2,1.4,2014-11-07,0347,Aqua,MODIS,86,6.2,289.5,71.9,D,0
-13.8022,141.7918,327.9,2.6,1.5,2014-11-07,0347,Aqua,MODIS,78,6.2,292.6,60.8,D,0
-13.808,141.7997,344.2,2.6,1.5,2014-11-07,0347,Aqua,MODIS,91,6.2,296.4,156.6,D,0
-11.1149,142.4753,326.3,2.1,1.4,2014-11-07,0347,Aqua,MODIS,27,6.2,273.4,46.8,D,0
-12.6825,143.0672,338.3,2,1.4,2014-11-07,0347,Aqua,MODIS,89,6.2,292.3,85.8,D,0
-11.0145,142.5527,312.8,2.1,1.4,2014-11-07,0347,Aqua,MODIS,55,6.2,272.7,26,D,0
-12.6949,143.0687,325.6,2,1.4,2014-11-07,0347,Aqua,MODIS,75,6.2,292.4,40.7,D,0
-11.1046,142.4546,326.4,2.1,1.4,2014-11-07,0347,Aqua,MODIS,46,6.2,275,48.4,D,0
-11.1173,142.4562,363.1,2.1,1.4,2014-11-07,0347,Aqua,MODIS,100,6.2,279.5,254.6,D,0
-11.1197,142.4371,347.9,2.1,1.4,2014-11-07,0347,Aqua,MODIS,94,6.2,278.5,149,D,0
-13.7993,141.8156,334.3,2.6,1.5,2014-11-07,0347,Aqua,MODIS,85,6.2,295.7,90.4,D,0
-13.7964,141.8393,329.3,2.6,1.5,2014-11-07,0347,Aqua,MODIS,80,6.2,296.5,62,D,0
-13.7914,141.8219,327.7,2.6,1.5,2014-11-07,0347,Aqua,MODIS,78,6.2,293,54.9,D,0
-13.8053,141.8235,332.2,2.6,1.5,2014-11-07,0347,Aqua,MODIS,82,6.2,297.5,77,D,0
-11.107,142.4355,358.9,2.1,1.4,2014-11-07,0347,Aqua,MODIS,99,6.2,278.4,226,D,0
-11.1094,142.4163,322.5,2.1,1.4,2014-11-07,0347,Aqua,MODIS,69,6.2,273.2,43.2,D,0
-12.6579,143.0635,317.3,2,1.4,2014-11-07,0347,Aqua,MODIS,34,6.2,289.6,20.9,D,0
-13.7887,141.8456,336.7,2.6,1.5,2014-11-07,0347,Aqua,MODIS,86,6.2,295.8,101,D,0
-13.7826,141.8376,331,2.6,1.5,2014-11-07,0347,Aqua,MODIS,81,6.2,295.1,72,D,0
-31.4075,135.3181,331.6,1.9,1.3,2014-11-07,0520,Aqua,MODIS,45,6.2,318.1,23.5,D,0
-31.3956,135.3147,347.7,1.9,1.3,2014-11-07,0520,Aqua,MODIS,90,6.2,321.1,88.2,D,0
-28.9386,130.3295,364,1.1,1,2014-11-07,0521,Aqua,MODIS,100,6.2,324,78.3,D,0
-28.9498,130.3203,343.1,1.1,1,2014-11-07,0521,Aqua,MODIS,76,6.2,324,22.1,D,0
-28.4921,127.154,356.5,1,1,2014-11-07,0521,Aqua,MODIS,98,6.2,314.9,57.3,D,0
-28.948,130.3315,377.4,1.1,1,2014-11-07,0521,Aqua,MODIS,100,6.2,326.1,131.7,D,0
-28.9404,130.3183,368,1.1,1,2014-11-07,0521,Aqua,MODIS,100,6.2,325.5,92.6,D,0
-28.9461,130.3428,345.7,1.1,1,2014-11-07,0521,Aqua,MODIS,76,6.2,322.7,29.2,D,0
-28.4845,127.1461,349.4,1,1,2014-11-07,0521,Aqua,MODIS,70,6.2,317.2,39,D,0
-28.4859,127.1358,362,1,1,2014-11-07,0521,Aqua,MODIS,75,6.2,322.5,70.4,D,0
-28.4936,127.1437,385.2,1,1,2014-11-07,0521,Aqua,MODIS,100,6.2,325.1,155.8,D,0
-24.8325,122.0165,344.8,1.6,1.2,2014-11-07,0522,Aqua,MODIS,71,6.2,316.3,66.7,D,0
-24.8307,122.0323,346.8,1.6,1.2,2014-11-07,0522,Aqua,MODIS,90,6.2,313.1,79.9,D,0
-24.8194,122.0308,371.4,1.6,1.2,2014-11-07,0522,Aqua,MODIS,100,6.2,314.4,213,D,0
-24.8331,121.7031,338.9,1.7,1.3,2014-11-07,0522,Aqua,MODIS,82,6.2,295.1,67.8,D,0
-24.8423,122.0231,362.4,1.6,1.2,2014-11-07,0522,Aqua,MODIS,100,6.2,316.4,140.8,D,0
-24.844,122.0073,353.5,1.6,1.2,2014-11-07,0522,Aqua,MODIS,95,6.2,316.9,94,D,0
-24.8293,122.0375,353.2,1.6,1.2,2014-11-07,0522,Aqua,MODIS,95,6.2,311.5,100.9,D,0
-24.831,122.0217,354.4,1.6,1.2,2014-11-07,0522,Aqua,MODIS,96,6.2,317.2,102.2,D,0
-24.8327,122.0059,345.4,1.6,1.2,2014-11-07,0522,Aqua,MODIS,89,6.2,313.6,62,D,0
-24.8344,121.9899,337.1,1.6,1.2,2014-11-07,0522,Aqua,MODIS,66,6.2,312.4,35.1,D,0
-24.8181,122.0361,351.1,1.6,1.2,2014-11-07,0522,Aqua,MODIS,94,6.2,312.6,97.2,D,0
-24.8198,122.0202,346.3,1.6,1.2,2014-11-07,0522,Aqua,MODIS,84,6.2,312.9,73.3,D,0
-23.25,127.4925,351.3,1,1,2014-11-07,0522,Aqua,MODIS,52,6.2,325.1,31.3,D,0
-23.2911,127.5267,371.7,1,1,2014-11-07,0522,Aqua,MODIS,100,6.2,310.2,105.9,D,0
-23.2833,127.5187,352.5,1,1,2014-11-07,0522,Aqua,MODIS,53,6.2,317,42.3,D,0
-23.2757,127.5072,395.4,1,1,2014-11-07,0522,Aqua,MODIS,100,6.2,326.2,202.1,D,0
-23.2772,127.4973,356.1,1,1,2014-11-07,0522,Aqua,MODIS,97,6.2,322,44.5,D,0
-23.2681,127.4957,371.2,1,1,2014-11-07,0522,Aqua,MODIS,100,6.2,327.4,89.5,D,0
-23.2591,127.4941,365.9,1,1,2014-11-07,0522,Aqua,MODIS,100,6.2,327.4,71.1,D,0
-23.5435,127.6812,342.5,1,1,2014-11-07,0522,Aqua,MODIS,79,6.2,314,24.3,D,0
-23.2728,127.527,357.7,1,1,2014-11-07,0522,Aqua,MODIS,85,6.2,317.2,56.5,D,0
-23.1587,129.0944,366,1.1,1.1,2014-11-07,0522,Aqua,MODIS,100,6.2,323.6,90.1,D,0
-23.1605,129.0833,356.5,1.1,1.1,2014-11-07,0522,Aqua,MODIS,97,6.2,322.4,59.9,D,0
-23.866,126.2845,364.4,1,1,2014-11-07,0522,Aqua,MODIS,100,6.2,322.1,69.7,D,0
-23.8569,126.283,381.1,1,1,2014-11-07,0522,Aqua,MODIS,100,6.2,326.5,131.2,D,0
-23.8646,126.2944,407.2,1,1,2014-11-07,0522,Aqua,MODIS,100,6.2,327.8,273.4,D,0
-23.8722,126.3058,394.2,1,1,2014-11-07,0522,Aqua,MODIS,100,6.2,311.7,199.1,D,0
-23.8632,126.3042,359.9,1,1,2014-11-07,0522,Aqua,MODIS,99,6.2,311.5,63,D,0
-20.7698,120.5081,365.8,1.8,1.3,2014-11-07,0523,Aqua,MODIS,88,6.2,307.6,203.2,D,0
-22.1744,124.3251,371,1.1,1,2014-11-07,0523,Aqua,MODIS,100,6.2,320.2,106.3,D,0
-22.1758,124.3144,339.9,1.1,1,2014-11-07,0523,Aqua,MODIS,22,6.2,318.9,17.6,D,0
-22.1694,124.3298,349,1.1,1,2014-11-07,0523,Aqua,MODIS,82,6.2,319,39.4,D,0
-22.1708,124.3191,345.8,1.1,1,2014-11-07,0523,Aqua,MODIS,64,6.2,320,30.2,D,0
-22.1722,124.3084,346.6,1.1,1,2014-11-07,0523,Aqua,MODIS,76,6.2,319.9,31.5,D,0
-20.7678,120.5253,351.7,1.8,1.3,2014-11-07,0523,Aqua,MODIS,82,6.2,305.7,117.3,D,0
-21.218,126.0347,359.6,1,1,2014-11-07,0523,Aqua,MODIS,94,6.2,312.4,66.2,D,0
-21.2076,126.0428,362.9,1,1,2014-11-07,0523,Aqua,MODIS,94,6.2,317.1,72,D,0
-20.8129,120.5011,334.5,1.8,1.3,2014-11-07,0523,Aqua,MODIS,28,6.2,303.7,37.2,D,0
-22.173,124.3358,337.5,1.1,1,2014-11-07,0523,Aqua,MODIS,52,6.2,313.2,12.7,D,0
-21.1313,127.4466,355.8,1,1,2014-11-07,0523,Aqua,MODIS,80,6.2,319.3,51,D,0
-21.1328,127.4367,367.9,1,1,2014-11-07,0523,Aqua,MODIS,94,6.2,321.5,80.9,D,0
-21.1221,127.4451,437.8,1,1,2014-11-07,0523,Aqua,MODIS,100,6.2,332.8,566.6,D,0
-21.1236,127.4351,458,1,1,2014-11-07,0523,Aqua,MODIS,100,6.2,400.1,831.9,D,0
-21.113,127.4435,354.5,1,1,2014-11-07,0523,Aqua,MODIS,95,6.2,322.4,43.1,D,0
-21.1145,127.4335,372.9,1,1,2014-11-07,0523,Aqua,MODIS,100,6.2,328.1,97.7,D,0
-21.0905,127.4126,351.5,1,1,2014-11-07,0523,Aqua,MODIS,41,6.2,324,42.6,D,0
-21.0649,130.648,347.9,1.5,1.2,2014-11-07,0523,Aqua,MODIS,78,6.2,327.6,38.2,D,0
-19.2336,130.0907,344.4,1.5,1.2,2014-11-07,0523,Aqua,MODIS,62,6.2,323.3,37.5,D,0
-19.5096,130.09,341.4,1.5,1.2,2014-11-07,0523,Aqua,MODIS,62,6.2,322.8,27.2,D,0
-19.5653,130.0863,366.8,1.5,1.2,2014-11-07,0523,Aqua,MODIS,100,6.2,323.5,128.5,D,0
-19.5607,130.0781,351.6,1.5,1.2,2014-11-07,0523,Aqua,MODIS,93,6.2,324.7,59.7,D,0
-19.5583,130.0918,355.2,1.5,1.2,2014-11-07,0523,Aqua,MODIS,96,6.2,321,73.5,D,0
-19.576,130.0529,374.2,1.4,1.2,2014-11-07,0523,Aqua,MODIS,100,6.2,323.4,182.6,D,0
-19.5737,130.0665,367.5,1.4,1.2,2014-11-07,0523,Aqua,MODIS,100,6.2,323.7,137.9,D,0
-19.5713,130.0802,366.2,1.5,1.2,2014-11-07,0523,Aqua,MODIS,100,6.2,323.7,130.3,D,0
-19.569,130.0939,347.7,1.5,1.2,2014-11-07,0523,Aqua,MODIS,90,6.2,317.7,48.6,D,0
-19.5843,130.0686,412.6,1.4,1.2,2014-11-07,0523,Aqua,MODIS,100,6.2,326.7,541.4,D,0
-19.582,130.0823,414.6,1.5,1.2,2014-11-07,0523,Aqua,MODIS,100,6.2,327.3,567.5,D,0
-21.1509,127.3788,357.4,1,1,2014-11-07,0523,Aqua,MODIS,77,6.2,309.8,57.9,D,0
-21.1494,127.3887,355.3,1,1,2014-11-07,0523,Aqua,MODIS,74,6.2,316.4,49.4,D,0
-21.16,127.3804,440.5,1,1,2014-11-07,0523,Aqua,MODIS,87,6.2,332.1,600,D,0
-21.1585,127.3903,388.8,1,1,2014-11-07,0523,Aqua,MODIS,87,6.2,315.9,176.6,D,0
-21.1691,127.382,413.7,1,1,2014-11-07,0523,Aqua,MODIS,87,6.2,309.1,338.6,D,0
-23.5802,121.3043,351.4,1.7,1.3,2014-11-07,0523,Aqua,MODIS,71,6.2,301.1,114.5,D,0
-23.5821,121.2875,363.7,1.7,1.3,2014-11-07,0523,Aqua,MODIS,96,6.2,305.7,185.3,D,0
-19.3105,130.1111,363.4,1.5,1.2,2014-11-07,0523,Aqua,MODIS,100,6.2,327,111.5,D,0
-19.2527,130.1088,338.5,1.5,1.2,2014-11-07,0523,Aqua,MODIS,59,6.2,320.2,17.3,D,0
-19.3081,130.125,379.9,1.5,1.2,2014-11-07,0523,Aqua,MODIS,100,6.2,325.5,214.3,D,0
-19.3212,130.1131,390.9,1.5,1.2,2014-11-07,0523,Aqua,MODIS,100,6.2,329.5,300.9,D,0
-19.3189,130.127,370.4,1.5,1.2,2014-11-07,0523,Aqua,MODIS,100,6.2,324.1,150,D,0
-19.3319,130.1151,364.3,1.5,1.2,2014-11-07,0523,Aqua,MODIS,100,6.2,323.2,119.2,D,0
-21.1434,127.4284,347.3,1,1,2014-11-07,0523,Aqua,MODIS,53,6.2,320.4,23.8,D,0
-21.1314,130.6095,390.2,1.5,1.2,2014-11-07,0523,Aqua,MODIS,100,6.2,324.7,298.2,D,0
-21.132,130.6465,343.2,1.5,1.2,2014-11-07,0523,Aqua,MODIS,76,6.2,322.3,28.4,D,0
-21.1343,130.6323,356.8,1.5,1.2,2014-11-07,0523,Aqua,MODIS,97,6.2,316.6,79.6,D,0
-21.1367,130.6181,394.1,1.5,1.2,2014-11-07,0523,Aqua,MODIS,100,6.2,323.8,334.4,D,0
-21.1236,130.6301,354.8,1.5,1.2,2014-11-07,0523,Aqua,MODIS,96,6.2,324.6,66.2,D,0
-21.126,130.6159,422.6,1.5,1.2,2014-11-07,0523,Aqua,MODIS,100,6.2,332.9,680.3,D,0
-21.1152,130.6138,355,1.5,1.2,2014-11-07,0523,Aqua,MODIS,94,6.2,327.6,63.7,D,0
-21.1045,130.6117,351.6,1.5,1.2,2014-11-07,0523,Aqua,MODIS,93,6.2,328.7,47.7,D,0
-21.3902,121.8479,367.7,1.5,1.2,2014-11-07,0523,Aqua,MODIS,100,6.2,305.2,152.8,D,0
-21.3886,121.8621,340.7,1.5,1.2,2014-11-07,0523,Aqua,MODIS,84,6.2,306.1,37.5,D,0
-21.4011,121.8494,366.9,1.5,1.2,2014-11-07,0523,Aqua,MODIS,100,6.2,313.2,149.4,D,0
-21.3994,121.8636,369.6,1.5,1.2,2014-11-07,0523,Aqua,MODIS,100,6.2,309.8,163.8,D,0
-20.3431,121.244,346.6,1.6,1.2,2014-11-07,0523,Aqua,MODIS,85,6.2,294.8,74.1,D,0
-19.589,130.0412,348,1.4,1.2,2014-11-07,0523,Aqua,MODIS,90,6.2,318,62,D,0
-19.5866,130.0549,388.7,1.4,1.2,2014-11-07,0523,Aqua,MODIS,100,6.2,324.5,292.5,D,0
-21.4102,121.8651,358,1.5,1.2,2014-11-07,0523,Aqua,MODIS,98,6.2,308.9,105.2,D,0
-21.2333,130.8727,351.7,1.5,1.2,2014-11-07,0523,Aqua,MODIS,93,6.2,327.1,61.5,D,0
-21.2358,130.8581,364.4,1.5,1.2,2014-11-07,0523,Aqua,MODIS,100,6.2,326.1,122.8,D,0
-20.8446,120.5401,351,1.8,1.3,2014-11-07,0523,Aqua,MODIS,94,6.2,310.3,107.6,D,0
-20.8465,120.5229,344.3,1.8,1.3,2014-11-07,0523,Aqua,MODIS,74,6.2,311.9,75.8,D,0
-21.4336,121.8538,331.1,1.5,1.2,2014-11-07,0523,Aqua,MODIS,47,6.2,308.5,19.8,D,0
-21.4695,121.8296,339.2,1.5,1.2,2014-11-07,0523,Aqua,MODIS,82,6.2,308,40.4,D,0
-21.4678,121.8439,342.7,1.5,1.2,2014-11-07,0523,Aqua,MODIS,86,6.2,308.3,51.1,D,0
-21.4804,121.8311,332.8,1.5,1.2,2014-11-07,0523,Aqua,MODIS,52,6.2,309.4,21.7,D,0
-21.4722,121.8367,352.1,1.5,1.2,2014-11-07,0523,Aqua,MODIS,94,6.2,308.5,82.8,D,0
-21.483,121.8381,357.7,1.5,1.2,2014-11-07,0523,Aqua,MODIS,98,6.2,308.1,104.8,D,0
-20.5937,119.8609,348.3,2,1.4,2014-11-07,0523,Aqua,MODIS,64,6.2,310.9,109.2,D,0
-20.916,121.602,327.2,1.5,1.2,2014-11-07,0523,Aqua,MODIS,20,6.2,305.7,15.5,D,0
-20.9142,121.6165,341.5,1.5,1.2,2014-11-07,0523,Aqua,MODIS,85,6.2,307.9,50.8,D,0
-19.084,131.2421,346.8,1.8,1.3,2014-11-07,0523,Aqua,MODIS,84,6.2,322.7,55.4,D,0
-20.649,120.5551,335.9,1.8,1.3,2014-11-07,0523,Aqua,MODIS,78,6.2,305.3,47.4,D,0
-19.0896,131.2486,355.1,1.8,1.3,2014-11-07,0523,Aqua,MODIS,93,6.2,321.3,108.6,D,0
-20.5662,122.0604,347.6,1.4,1.2,2014-11-07,0523,Aqua,MODIS,92,6.2,309.9,49,D,0
-19.0812,131.2588,344.5,1.8,1.3,2014-11-07,0523,Aqua,MODIS,69,6.2,323,46,D,0
-21.1587,130.6441,345.8,1.5,1.2,2014-11-07,0523,Aqua,MODIS,72,6.2,315.2,56.2,D,0
-21.1612,130.63,356.1,1.5,1.2,2014-11-07,0523,Aqua,MODIS,97,6.2,312.9,98.4,D,0
-21.1504,130.6279,370.5,1.5,1.2,2014-11-07,0523,Aqua,MODIS,100,6.2,316,165.8,D,0
-21.1529,130.6138,357.4,1.5,1.2,2014-11-07,0523,Aqua,MODIS,98,6.2,319.1,97.5,D,0
-21.1397,130.6258,383.7,1.5,1.2,2014-11-07,0523,Aqua,MODIS,100,6.2,313.7,248.2,D,0
-21.1421,130.6116,363.9,1.5,1.2,2014-11-07,0523,Aqua,MODIS,100,6.2,318.4,121.5,D,0
-21.1289,130.6236,402.4,1.5,1.2,2014-11-07,0523,Aqua,MODIS,100,6.2,326.6,419.4,D,0
-20.9822,118.7354,344.2,2.4,1.5,2014-11-07,0523,Aqua,MODIS,88,6.2,317,85.6,D,0
-20.9754,118.7297,340.7,2.4,1.5,2014-11-07,0523,Aqua,MODIS,84,6.2,315.9,69.2,D,0
-20.9729,118.7533,343.6,2.4,1.5,2014-11-07,0523,Aqua,MODIS,87,6.2,317.4,85.4,D,0
-23.1817,127.5256,356.9,1,1,2014-11-07,0523,Aqua,MODIS,91,6.2,327.6,47.7,D,0
-23.1826,127.633,347.3,1,1,2014-11-07,0523,Aqua,MODIS,68,6.2,312.7,31.3,D,0
-23.1802,127.5354,349.3,1,1,2014-11-07,0523,Aqua,MODIS,58,6.2,322.4,31.6,D,0
-20.9522,118.8213,355,2.4,1.5,2014-11-07,0523,Aqua,MODIS,96,6.2,314.3,184.1,D,0
-20.957,118.7749,342,2.4,1.5,2014-11-07,0523,Aqua,MODIS,86,6.2,313.2,83.6,D,0
-20.5983,119.8493,336.6,2,1.4,2014-11-07,0523,Aqua,MODIS,54,6.2,309.3,54.1,D,0
-20.5482,119.8166,359,2,1.4,2014-11-07,0523,Aqua,MODIS,99,6.2,309.2,184.7,D,0
-19.7167,121.801,347.3,1.4,1.2,2014-11-07,0524,Aqua,MODIS,67,6.2,308,57.7,D,0
-19.0686,124.9201,358.1,1,1,2014-11-07,0524,Aqua,MODIS,98,6.2,318.7,51.7,D,0
-19.07,124.9105,348.4,1,1,2014-11-07,0524,Aqua,MODIS,91,6.2,319.8,29,D,0
-17.2232,135.6992,338.8,4.1,1.9,2014-11-07,0524,Aqua,MODIS,82,6.2,299.5,229,D,0
-17.219,135.6906,340.6,4.1,1.9,2014-11-07,0524,Aqua,MODIS,79,6.2,296.5,250,D,0
-19.0726,124.8913,337,1,1,2014-11-07,0524,Aqua,MODIS,42,6.2,317.6,9.8,D,0
-19.0777,124.9215,367.7,1,1,2014-11-07,0524,Aqua,MODIS,100,6.2,320.4,80.3,D,0
-19.0764,124.9312,340.3,1,1,2014-11-07,0524,Aqua,MODIS,77,6.2,317.2,14.4,D,0
-19.8713,124.0111,335.9,1.1,1,2014-11-07,0524,Aqua,MODIS,42,6.2,316,16.2,D,0
-19.8619,124.0096,335.3,1.1,1,2014-11-07,0524,Aqua,MODIS,45,6.2,314.2,13.5,D,0
-19.7544,124.9414,376,1,1,2014-11-07,0524,Aqua,MODIS,100,6.2,320.6,110.9,D,0
-19.7558,124.9317,369.4,1,1,2014-11-07,0524,Aqua,MODIS,100,6.2,322.6,86.4,D,0
-19.7467,124.9303,340.9,1,1,2014-11-07,0524,Aqua,MODIS,82,6.2,319.5,14.4,D,0
-19.748,124.9205,353.7,1,1,2014-11-07,0524,Aqua,MODIS,95,6.2,320.1,39.9,D,0
-19.1126,124.9369,360.5,1,1,2014-11-07,0524,Aqua,MODIS,100,6.2,311.5,65.2,D,0
-19.1139,124.9272,343.1,1,1,2014-11-07,0524,Aqua,MODIS,86,6.2,312.5,25.4,D,0
-19.1035,124.9354,343.9,1,1,2014-11-07,0524,Aqua,MODIS,82,6.2,315,25.8,D,0
-19.1049,124.9258,340.5,1,1,2014-11-07,0524,Aqua,MODIS,68,6.2,316,19.5,D,0
-19.0854,124.9326,361.6,1,1,2014-11-07,0524,Aqua,MODIS,100,6.2,318.9,63.2,D,0
-19.0867,124.923,351.3,1,1,2014-11-07,0524,Aqua,MODIS,93,6.2,319.5,35.8,D,0
-19.7193,124.0603,388.4,1.1,1,2014-11-07,0524,Aqua,MODIS,100,6.2,313.5,191.6,D,0
-19.7207,124.05,348,1.1,1,2014-11-07,0524,Aqua,MODIS,91,6.2,312.5,41,D,0
-19.7096,124.1319,348.3,1.1,1,2014-11-07,0524,Aqua,MODIS,91,6.2,307.9,46.1,D,0
-19.71,124.0589,358.1,1.1,1,2014-11-07,0524,Aqua,MODIS,98,6.2,313.2,67.8,D,0
-19.7113,124.0486,338.9,1.1,1,2014-11-07,0524,Aqua,MODIS,81,6.2,312.7,21.4,D,0
-19.7006,124.0575,346.7,1.1,1,2014-11-07,0524,Aqua,MODIS,90,6.2,314.5,36.5,D,0
-19.702,124.0472,342.3,1.1,1,2014-11-07,0524,Aqua,MODIS,85,6.2,314.6,26,D,0
-19.682,124.0547,334.2,1.1,1,2014-11-07,0524,Aqua,MODIS,49,6.2,313.5,10.8,D,0
-19.654,124.0504,340.3,1.1,1,2014-11-07,0524,Aqua,MODIS,82,6.2,315.7,20.8,D,0
-18.6193,131.3305,340.8,1.8,1.3,2014-11-07,0524,Aqua,MODIS,62,6.2,317.8,40.1,D,0
-15.8596,130.794,389.9,1.9,1.3,2014-11-07,0524,Aqua,MODIS,100,6.2,306.5,467.1,D,0
-15.4337,130.8883,338,2,1.4,2014-11-07,0524,Aqua,MODIS,45,6.2,303.6,67.9,D,0
-15.8536,130.8055,362.4,1.9,1.3,2014-11-07,0524,Aqua,MODIS,100,6.2,304.9,201.8,D,0
-15.8354,130.79,331.1,1.9,1.3,2014-11-07,0524,Aqua,MODIS,58,6.2,291.6,38.9,D,0
-18.6164,131.3189,346.8,1.8,1.3,2014-11-07,0524,Aqua,MODIS,89,6.2,318.1,68.5,D,0
-18.6223,131.3132,340.4,1.8,1.3,2014-11-07,0524,Aqua,MODIS,40,6.2,317.2,37.3,D,0
-15.8566,130.8113,357.4,1.9,1.3,2014-11-07,0524,Aqua,MODIS,98,6.2,305,161.8,D,0
-15.8564,130.7883,362.8,1.9,1.3,2014-11-07,0524,Aqua,MODIS,100,6.2,303.7,203,D,0
-15.8338,130.079,335.8,1.7,1.3,2014-11-07,0524,Aqua,MODIS,46,6.2,311.9,26.2,D,0
-15.8322,130.7844,331.9,1.9,1.3,2014-11-07,0524,Aqua,MODIS,50,6.2,296.1,40.4,D,0
-18.6413,122.5945,331.4,1.2,1.1,2014-11-07,0524,Aqua,MODIS,22,6.2,310.7,12.2,D,0
-19.1865,122.6244,344.7,1.2,1.1,2014-11-07,0524,Aqua,MODIS,90,6.2,310.5,42.6,D,0
-18.6626,122.5856,333.5,1.2,1.1,2014-11-07,0524,Aqua,MODIS,74,6.2,311.5,17.5,D,0
-18.6611,122.5973,345.1,1.2,1.1,2014-11-07,0524,Aqua,MODIS,89,6.2,311.7,42.6,D,0
-18.701,122.3621,337.1,1.3,1.1,2014-11-07,0524,Aqua,MODIS,46,6.2,311.3,22.6,D,0
-19.1879,122.6126,391.6,1.2,1.1,2014-11-07,0524,Aqua,MODIS,100,6.2,317.2,254.4,D,0
-19.1894,122.6007,379,1.2,1.1,2014-11-07,0524,Aqua,MODIS,100,6.2,317.2,174.7,D,0
-19.1867,122.6178,363.4,1.2,1.1,2014-11-07,0524,Aqua,MODIS,100,6.2,313.4,101.4,D,0
-19.0356,123.0003,413.3,1.2,1.1,2014-11-07,0524,Aqua,MODIS,100,6.2,306.6,415.6,D,0
-19.0371,122.989,412.3,1.2,1.1,2014-11-07,0524,Aqua,MODIS,100,6.2,314.4,405.5,D,0
-18.6934,122.422,342.2,1.3,1.1,2014-11-07,0524,Aqua,MODIS,61,6.2,313.5,35.7,D,0
-19.1337,122.6344,390.4,1.2,1.1,2014-11-07,0524,Aqua,MODIS,100,6.2,315.4,240.4,D,0
-19.1352,122.6227,362.1,1.2,1.1,2014-11-07,0524,Aqua,MODIS,100,6.2,316.9,91,D,0
-18.7065,122.3996,342.8,1.3,1.1,2014-11-07,0524,Aqua,MODIS,78,6.2,312.8,33,D,0
-18.705,122.4115,336.1,1.3,1.1,2014-11-07,0524,Aqua,MODIS,40,6.2,315,17.4,D,0
-18.708,122.3876,337.8,1.3,1.1,2014-11-07,0524,Aqua,MODIS,59,6.2,313.5,22.4,D,0
-19.1253,122.6213,395.3,1.2,1.1,2014-11-07,0524,Aqua,MODIS,100,6.2,318.8,274.6,D,0
-18.9101,122.3176,332.9,1.3,1.1,2014-11-07,0524,Aqua,MODIS,57,6.2,311.9,12.7,D,0
-19.1882,122.606,385.8,1.2,1.1,2014-11-07,0524,Aqua,MODIS,100,6.2,318.8,213.1,D,0
-19.1782,122.6046,337.7,1.2,1.1,2014-11-07,0524,Aqua,MODIS,64,6.2,312.8,18.1,D,0
-19.1797,122.5928,340.7,1.2,1.1,2014-11-07,0524,Aqua,MODIS,87,6.2,315.2,25.2,D,0
-16.5356,124.8954,335.8,1,1,2014-11-07,0524,Aqua,MODIS,81,6.2,312,17.7,D,0
-19.1238,122.633,346.7,1.2,1.1,2014-11-07,0524,Aqua,MODIS,91,6.2,312.8,41.1,D,0
-18.5688,131.3385,368.7,1.9,1.3,2014-11-07,0524,Aqua,MODIS,100,6.2,319.3,209.4,D,0
-18.6552,131.238,337.3,1.8,1.3,2014-11-07,0524,Aqua,MODIS,54,6.2,307.1,49.8,D,0
-18.0869,133.07,347.5,2.5,1.5,2014-11-07,0524,Aqua,MODIS,90,6.2,316.4,112.6,D,0
-18.5476,131.3885,341.5,1.9,1.3,2014-11-07,0524,Aqua,MODIS,68,6.2,320.9,42.7,D,0
-18.5657,131.3559,355.4,1.9,1.3,2014-11-07,0524,Aqua,MODIS,96,6.2,317.7,115,D,0
-18.6522,131.255,349,1.8,1.3,2014-11-07,0524,Aqua,MODIS,91,6.2,294.4,98.3,D,0
-20.3041,120.9901,337.6,1.6,1.3,2014-11-07,0524,Aqua,MODIS,69,6.2,305,42.7,D,0
-18.667,131.2404,393.6,1.8,1.3,2014-11-07,0524,Aqua,MODIS,100,6.2,317.1,475.8,D,0
-20.3054,120.9834,344.9,1.6,1.3,2014-11-07,0524,Aqua,MODIS,88,6.2,305.4,65.4,D,0
-18.6107,131.2821,343.2,1.8,1.3,2014-11-07,0524,Aqua,MODIS,54,6.2,316.8,59,D,0
-18.664,131.2574,374.5,1.8,1.3,2014-11-07,0524,Aqua,MODIS,100,6.2,305,270.8,D,0
-18.6076,131.2993,346.4,1.8,1.3,2014-11-07,0524,Aqua,MODIS,78,6.2,317.9,66.9,D,0
-20.2225,120.9193,335.2,1.6,1.3,2014-11-07,0524,Aqua,MODIS,76,6.2,302.1,33.5,D,0
-18.6163,131.2764,368.1,1.8,1.3,2014-11-07,0524,Aqua,MODIS,100,6.2,318.3,208.7,D,0
-18.6758,131.2598,337.4,1.8,1.3,2014-11-07,0524,Aqua,MODIS,72,6.2,302.1,45.2,D,0
-20.2244,120.9036,340.7,1.6,1.3,2014-11-07,0524,Aqua,MODIS,84,6.2,302.4,53.5,D,0
-18.6728,131.2768,338,1.8,1.3,2014-11-07,0524,Aqua,MODIS,37,6.2,310.2,42.3,D,0
-18.6195,131.3016,369.9,1.8,1.3,2014-11-07,0524,Aqua,MODIS,100,6.2,319.4,215.1,D,0
-20.2111,120.9178,333.3,1.6,1.3,2014-11-07,0524,Aqua,MODIS,72,6.2,302.9,28.5,D,0
-20.3059,120.9745,345,1.6,1.3,2014-11-07,0524,Aqua,MODIS,88,6.2,304.2,70.6,D,0
-18.0963,133.0966,338.8,2.5,1.5,2014-11-07,0524,Aqua,MODIS,74,6.2,318.4,51.1,D,0
-18.6788,131.1727,331.2,1.8,1.3,2014-11-07,0524,Aqua,MODIS,50,6.2,312.6,24.4,D,0
-18.6699,131.2938,338.9,1.8,1.3,2014-11-07,0524,Aqua,MODIS,30,6.2,314,39.1,D,0
-20.2218,120.9083,362.5,1.6,1.3,2014-11-07,0524,Aqua,MODIS,100,6.2,303.7,155.8,D,0
-18.0826,133.0938,353.6,2.5,1.5,2014-11-07,0524,Aqua,MODIS,95,6.2,317.6,166.5,D,0
-20.213,120.9021,338,1.6,1.3,2014-11-07,0524,Aqua,MODIS,80,6.2,302.4,45.8,D,0
-20.095,120.9276,330.8,1.6,1.3,2014-11-07,0524,Aqua,MODIS,65,6.2,305.9,19.2,D,0
-20.1064,120.9291,335,1.6,1.3,2014-11-07,0524,Aqua,MODIS,75,6.2,304.6,31.6,D,0
-18.6225,131.2844,406.4,1.8,1.3,2014-11-07,0524,Aqua,MODIS,100,6.2,322.2,651.6,D,0
-18.6344,131.2868,346.5,1.8,1.3,2014-11-07,0524,Aqua,MODIS,76,6.2,310.9,71.8,D,0
-18.6281,131.2788,370.1,1.8,1.3,2014-11-07,0524,Aqua,MODIS,100,6.2,315.7,224.3,D,0
-18.6252,131.2959,355.9,1.8,1.3,2014-11-07,0524,Aqua,MODIS,97,6.2,316.3,115.9,D,0
-18.6134,131.2935,389,1.8,1.3,2014-11-07,0524,Aqua,MODIS,100,6.2,321.1,406.5,D,0
-18.0935,133.0787,358.5,2.5,1.5,2014-11-07,0524,Aqua,MODIS,99,6.2,317.6,205.3,D,0
-18.089,133.1024,343.4,2.5,1.5,2014-11-07,0524,Aqua,MODIS,86,6.2,317.8,81.2,D,0
-18.1027,133.1052,341.8,2.5,1.5,2014-11-07,0524,Aqua,MODIS,84,6.2,319.9,69.8,D,0
-18.6104,131.3108,340.4,1.8,1.3,2014-11-07,0524,Aqua,MODIS,72,6.2,317.6,38.8,D,0
-13.7582,135.4745,323.9,4.7,2,2014-11-07,0525,Aqua,MODIS,62,6.2,298.3,83.1,D,0
-13.7578,135.4826,327.8,4.7,2,2014-11-07,0525,Aqua,MODIS,68,6.2,298.3,116.6,D,0
-13.7499,135.518,323.5,4.7,2,2014-11-07,0525,Aqua,MODIS,58,6.2,297.4,81.2,D,0
-14.548,130.6812,333.9,2,1.4,2014-11-07,0525,Aqua,MODIS,41,6.2,308.1,37.1,D,0
-14.1871,135.2425,328.2,4.4,1.9,2014-11-07,0525,Aqua,MODIS,0,6.2,292.6,130.2,D,0
-15.6003,127.4695,342.2,1.2,1.1,2014-11-07,0525,Aqua,MODIS,77,6.2,308.3,36,D,0
-14.4192,130.6682,326.1,2,1.4,2014-11-07,0525,Aqua,MODIS,59,6.2,303.1,26.2,D,0
-14.4223,130.6501,333.8,2,1.4,2014-11-07,0525,Aqua,MODIS,79,6.2,299.6,53.6,D,0
-15.4762,127.8638,335.6,1.2,1.1,2014-11-07,0525,Aqua,MODIS,36,6.2,313.8,15.3,D,0
-15.4745,127.8751,340.3,1.2,1.1,2014-11-07,0525,Aqua,MODIS,84,6.2,313.2,25.6,D,0
-15.589,127.4786,359.7,1.2,1.1,2014-11-07,0525,Aqua,MODIS,92,6.2,314.8,83.5,D,0
-15.2763,128.8556,331.3,1.4,1.2,2014-11-07,0525,Aqua,MODIS,43,6.2,306,17,D,0
-14.5114,134.1417,325,3.6,1.8,2014-11-07,0525,Aqua,MODIS,67,6.2,291.4,73.2,D,0
-12.336,131.6241,324.7,2.6,1.5,2014-11-07,0525,Aqua,MODIS,59,6.2,298.9,39.9,D,0
-12.3401,131.6007,327.6,2.6,1.5,2014-11-07,0525,Aqua,MODIS,68,6.2,298.6,54.7,D,0
-12.3222,131.6216,322.4,2.6,1.5,2014-11-07,0525,Aqua,MODIS,30,6.2,299.5,29.6,D,0
-12.3263,131.5982,329.3,2.6,1.5,2014-11-07,0525,Aqua,MODIS,77,6.2,299,61.6,D,0
-15.1901,125.3601,336,1,1,2014-11-07,0525,Aqua,MODIS,69,6.2,309.3,23.5,D,0
-15.1915,125.3509,332.5,1,1,2014-11-07,0525,Aqua,MODIS,51,6.2,306.5,18.8,D,0
-15.1811,125.3587,341.1,1,1,2014-11-07,0525,Aqua,MODIS,73,6.2,308.8,31.2,D,0
-14.6029,125.5368,330.3,1,1,2014-11-07,0525,Aqua,MODIS,72,6.2,305.7,14,D,0
-14.6043,125.5274,334.7,1,1,2014-11-07,0525,Aqua,MODIS,79,6.2,306.3,19.8,D,0
-15.1798,125.368,334.4,1,1,2014-11-07,0525,Aqua,MODIS,55,6.2,307.8,20.1,D,0
-15.6117,127.4602,333.9,1.2,1.1,2014-11-07,0525,Aqua,MODIS,51,6.2,303,21.1,D,0
-30.1848,147.8178,302.1,1.1,1,2014-11-07,1307,Terra,MODIS,47,6.2,285.8,8.4,N,0
-30.0549,150.1131,304.7,1.4,1.2,2014-11-07,1307,Terra,MODIS,61,6.2,290.1,11.2,N,0
-30.0574,150.0995,304.3,1.4,1.2,2014-11-07,1307,Terra,MODIS,60,6.2,290.5,10.8,N,0
-30.2822,147.8751,309.2,1.1,1,2014-11-07,1307,Terra,MODIS,77,6.2,286.8,12.9,N,0
-28.8228,142.5263,309.1,1.1,1.1,2014-11-07,1307,Terra,MODIS,76,6.2,290.7,11,N,0
-28.8146,142.5129,304.9,1.2,1.1,2014-11-07,1307,Terra,MODIS,62,6.2,291.4,7.9,N,0
-28.8243,142.5145,331.1,1.2,1.1,2014-11-07,1307,Terra,MODIS,100,6.2,293.6,37.4,N,0
-28.8263,142.5211,308.2,1.2,1.1,2014-11-07,1307,Terra,MODIS,50,6.2,291.5,9.9,N,0
-24.8392,147.7672,306,1.3,1.1,2014-11-07,1308,Terra,MODIS,59,6.2,291.8,9.7,N,0
-24.8557,147.7315,305.1,1.3,1.1,2014-11-07,1308,Terra,MODIS,63,6.2,291.7,9.8,N,0
-24.837,147.78,302.3,1.3,1.1,2014-11-07,1308,Terra,MODIS,14,6.2,291.8,6.8,N,0
-24.9156,148.7073,360,1.5,1.2,2014-11-07,1308,Terra,MODIS,100,6.2,301.8,149.5,N,0
-23.3514,150.1395,302.2,2,1.4,2014-11-07,1308,Terra,MODIS,29,6.2,291,11.5,N,0
-23.3587,147.8403,311.1,1.4,1.2,2014-11-07,1308,Terra,MODIS,82,6.2,295.6,13,N,0
-24.8398,147.7747,309.2,1.3,1.1,2014-11-07,1308,Terra,MODIS,43,6.2,292.7,12.5,N,0
-24.7153,147.7164,349.6,1.3,1.1,2014-11-07,1308,Terra,MODIS,100,6.2,298.6,87.8,N,0
-24.7173,147.7039,335.2,1.3,1.1,2014-11-07,1308,Terra,MODIS,100,6.2,296.9,50.4,N,0
-24.8942,148.7028,350.3,1.5,1.2,2014-11-07,1308,Terra,MODIS,100,6.2,301.6,107.5,N,0
-24.9074,148.6908,319.1,1.5,1.2,2014-11-07,1308,Terra,MODIS,98,6.2,296.8,25.5,N,0
-24.7645,147.9739,319.1,1.3,1.1,2014-11-07,1308,Terra,MODIS,55,6.2,293.1,22.4,N,0
-24.9024,148.7193,310.8,1.5,1.2,2014-11-07,1308,Terra,MODIS,69,6.2,295.6,15.7,N,0
-24.9049,148.7051,341.9,1.5,1.2,2014-11-07,1308,Terra,MODIS,100,6.2,300.2,78.8,N,0
-24.7893,147.952,305.7,1.3,1.1,2014-11-07,1308,Terra,MODIS,65,6.2,290.8,9.7,N,0
-24.7587,147.9452,304.8,1.3,1.1,2014-11-07,1308,Terra,MODIS,43,6.2,292.1,8.2,N,0
-24.7995,147.9541,311.9,1.3,1.1,2014-11-07,1308,Terra,MODIS,81,6.2,291.8,15.8,N,0
-24.7544,147.9706,322.5,1.3,1.1,2014-11-07,1308,Terra,MODIS,87,6.2,294.2,27.6,N,0
-24.9181,148.6929,330,1.5,1.2,2014-11-07,1308,Terra,MODIS,100,6.2,297.3,47.5,N,0
-24.7522,147.9839,314.2,1.3,1.1,2014-11-07,1308,Terra,MODIS,53,6.2,292.9,17.3,N,0
-24.7689,147.9476,311.7,1.3,1.1,2014-11-07,1308,Terra,MODIS,30,6.2,291.6,14.1,N,0
-24.7566,147.9579,338.9,1.3,1.1,2014-11-07,1308,Terra,MODIS,100,6.2,295.9,61.2,N,0
-24.7666,147.961,323.4,1.3,1.1,2014-11-07,1308,Terra,MODIS,77,6.2,293.2,29,N,0
-26.0677,146.7807,306.8,1.1,1.1,2014-11-07,1308,Terra,MODIS,69,6.2,292.7,9,N,0
-24.886,148.6864,342.9,1.5,1.2,2014-11-07,1308,Terra,MODIS,100,6.2,298.2,81.9,N,0
-24.5994,148.2105,304.6,1.4,1.2,2014-11-07,1308,Terra,MODIS,60,6.2,291.3,8.4,N,0
-24.6028,148.2532,304.9,1.4,1.2,2014-11-07,1308,Terra,MODIS,14,6.2,293.2,8.4,N,0
-24.6052,148.2396,314.3,1.4,1.2,2014-11-07,1308,Terra,MODIS,79,6.2,294.7,18.3,N,0
-24.6075,148.2258,318.4,1.4,1.2,2014-11-07,1308,Terra,MODIS,85,6.2,296.5,23.5,N,0
-24.6099,148.2122,328.2,1.4,1.2,2014-11-07,1308,Terra,MODIS,100,6.2,296.5,41.2,N,0
-24.59,148.2648,313.7,1.4,1.2,2014-11-07,1308,Terra,MODIS,88,6.2,292.8,19.4,N,0
-24.597,148.2241,305.8,1.4,1.2,2014-11-07,1308,Terra,MODIS,33,6.2,292.4,8.8,N,0
-24.7776,147.7096,303.6,1.3,1.1,2014-11-07,1308,Terra,MODIS,56,6.2,290.9,8.3,N,0
-24.9154,148.1105,310.5,1.3,1.2,2014-11-07,1308,Terra,MODIS,80,6.2,290.7,16.1,N,0
-24.7327,148.0358,302.5,1.3,1.1,2014-11-07,1308,Terra,MODIS,50,6.2,291.2,7.5,N,0
-25.696,148.6597,303.5,1.4,1.2,2014-11-07,1308,Terra,MODIS,55,6.2,288.3,11.7,N,0
-24.9132,148.7216,305.6,1.5,1.2,2014-11-07,1308,Terra,MODIS,51,6.2,294.8,10.7,N,0
-24.8835,148.7006,352.3,1.5,1.2,2014-11-07,1308,Terra,MODIS,100,6.2,300.1,115.3,N,0
-24.8967,148.6887,325.8,1.5,1.2,2014-11-07,1308,Terra,MODIS,100,6.2,296.6,37.5,N,0
-24.8795,147.7759,300.8,1.3,1.1,2014-11-07,1308,Terra,MODIS,28,6.2,290,6.8,N,0
-24.8753,147.8013,302.1,1.3,1.1,2014-11-07,1308,Terra,MODIS,43,6.2,289.8,8.4,N,0
-23.3479,150.1584,317.3,2,1.4,2014-11-07,1308,Terra,MODIS,95,6.2,291.4,41.3,N,0
-23.3153,147.7431,311.4,1.4,1.2,2014-11-07,1309,Terra,MODIS,82,6.2,295.2,13.2,N,0
-23.3175,147.7299,306,1.4,1.2,2014-11-07,1309,Terra,MODIS,24,6.2,294.9,7.7,N,0
-21.9955,149.2014,302.8,1.8,1.3,2014-11-07,1309,Terra,MODIS,41,6.2,292.2,10.7,N,0
-17.9786,142.6527,310.6,1,1,2014-11-07,1310,Terra,MODIS,66,6.2,289.6,6.8,N,0
-17.9799,142.6433,332.7,1,1,2014-11-07,1310,Terra,MODIS,100,6.2,291.3,29.7,N,0
-17.9813,142.6339,303.6,1,1,2014-11-07,1310,Terra,MODIS,15,6.2,289,2.9,N,0
-17.9683,142.6606,311.8,1,1,2014-11-07,1310,Terra,MODIS,49,6.2,292.3,7.8,N,0
-17.9696,142.6512,339.8,1,1,2014-11-07,1310,Terra,MODIS,100,6.2,290,39.7,N,0
-17.9709,142.6419,327.3,1,1,2014-11-07,1310,Terra,MODIS,100,6.2,286.2,22.4,N,0
-17.9723,142.6325,339.2,1,1,2014-11-07,1310,Terra,MODIS,100,6.2,287.7,39.6,N,0
-17.9593,142.6592,311.7,1,1,2014-11-07,1310,Terra,MODIS,64,6.2,291.9,7.6,N,0
-17.9606,142.6498,342.3,1,1,2014-11-07,1310,Terra,MODIS,100,6.2,290.7,43.7,N,0
-17.962,142.6404,343,1,1,2014-11-07,1310,Terra,MODIS,100,6.2,288.8,44.9,N,0
-17.9633,142.631,355.6,1,1,2014-11-07,1310,Terra,MODIS,100,6.2,289.8,71.7,N,0
-17.9503,142.6578,302.7,1,1,2014-11-07,1310,Terra,MODIS,25,6.2,288.2,2.2,N,0
-17.953,142.639,338.1,1,1,2014-11-07,1310,Terra,MODIS,100,6.2,290.1,37,N,0
-17.9543,142.6296,368.3,1,1,2014-11-07,1310,Terra,MODIS,100,6.2,292.2,107.5,N,0
-17.2115,143.1226,353.9,1,1,2014-11-07,1310,Terra,MODIS,100,6.2,299.4,68.4,N,0
-17.944,142.6375,318.7,1,1,2014-11-07,1310,Terra,MODIS,97,6.2,289.5,13.7,N,0
-17.9453,142.6282,340.7,1,1,2014-11-07,1310,Terra,MODIS,100,6.2,289.3,41.8,N,0
-17.9467,142.6188,348,1,1,2014-11-07,1310,Terra,MODIS,100,6.2,290.8,55.3,N,0
-17.9377,142.6173,344.6,1,1,2014-11-07,1310,Terra,MODIS,100,6.2,293.1,48.9,N,0
-17.9287,142.6159,328.7,1,1,2014-11-07,1310,Terra,MODIS,100,6.2,289.1,24.5,N,0
-17.1844,143.1182,310.9,1,1,2014-11-07,1310,Terra,MODIS,34,6.2,294.2,6.2,N,0
-17.2038,143.1116,315.6,1,1,2014-11-07,1310,Terra,MODIS,56,6.2,296.1,9.3,N,0
-17.2024,143.1211,320.3,1,1,2014-11-07,1310,Terra,MODIS,100,6.2,296.7,14.1,N,0
-17.9301,142.6065,372.9,1,1,2014-11-07,1310,Terra,MODIS,100,6.2,293.9,123,N,0
-17.9314,142.5971,350.5,1,1,2014-11-07,1310,Terra,MODIS,100,6.2,294.6,60.4,N,0
-17.9327,142.5877,307.9,1,1,2014-11-07,1310,Terra,MODIS,61,6.2,293,5.2,N,0
-17.9211,142.6051,320.8,1,1,2014-11-07,1310,Terra,MODIS,100,6.2,289.4,15.5,N,0
-17.9134,142.5942,323.7,1,1,2014-11-07,1310,Terra,MODIS,100,6.2,290.2,17.9,N,0
-17.9044,142.5928,312,1,1,2014-11-07,1310,Terra,MODIS,70,6.2,289.5,8.1,N,0
-17.9058,142.5834,325.3,1,1,2014-11-07,1310,Terra,MODIS,100,6.2,292.1,20.8,N,0
-17.895,142.5949,310.8,1,1,2014-11-07,1310,Terra,MODIS,80,6.2,289.5,7.7,N,0
-17.8963,142.5855,305,1,1,2014-11-07,1310,Terra,MODIS,60,6.2,290.2,4.2,N,0
-17.8617,142.5704,307.3,1,1,2014-11-07,1310,Terra,MODIS,70,6.2,290.2,6,N,0
-17.863,142.561,303.9,1,1,2014-11-07,1310,Terra,MODIS,55,6.2,289.5,4.2,N,0
-16.9902,143.0005,312.4,1,1,2014-11-07,1310,Terra,MODIS,73,6.2,298.2,6.6,N,0
-16.4043,144.8665,319.6,1.2,1.1,2014-11-07,1310,Terra,MODIS,68,6.2,295.1,18.6,N,0
-16.414,144.8683,304.5,1.2,1.1,2014-11-07,1310,Terra,MODIS,15,6.2,294.4,5.2,N,0
-16.4156,144.8575,308.6,1.2,1.1,2014-11-07,1310,Terra,MODIS,58,6.2,294.9,8.6,N,0
-16.377,144.8505,333,1.2,1.1,2014-11-07,1310,Terra,MODIS,100,6.2,295.8,39.2,N,0
-17.7316,142.4512,311.1,1,1,2014-11-07,1310,Terra,MODIS,80,6.2,295.1,8.4,N,0
-17.6353,145.4994,302,1.2,1.1,2014-11-07,1310,Terra,MODIS,17,6.2,288.5,7,N,0
-16.9825,142.9896,309.9,1,1,2014-11-07,1310,Terra,MODIS,63,6.2,297.8,5.1,N,0
-16.9978,143.0114,314.1,1,1,2014-11-07,1310,Terra,MODIS,67,6.2,298.4,7.7,N,0
-17.0508,143.0262,310.8,1,1,2014-11-07,1310,Terra,MODIS,31,6.2,298.9,5.2,N,0
-17.0688,143.0292,311.4,1,1,2014-11-07,1310,Terra,MODIS,34,6.2,298.8,5.6,N,0
-17.1948,143.1102,309.2,1,1,2014-11-07,1310,Terra,MODIS,43,6.2,294.3,5,N,0
-17.1766,143.1106,315,1,1,2014-11-07,1310,Terra,MODIS,90,6.2,293.8,10,N,0
-17.1676,143.1092,307.4,1,1,2014-11-07,1310,Terra,MODIS,3,6.2,293.3,4.2,N,0
-16.3946,144.865,315.2,1.2,1.1,2014-11-07,1310,Terra,MODIS,36,6.2,294.9,13.4,N,0
-17.2219,143.1146,355.6,1,1,2014-11-07,1310,Terra,MODIS,100,6.2,301.7,72.5,N,0
-17.0598,143.0277,313.6,1,1,2014-11-07,1310,Terra,MODIS,64,6.2,299.2,7.4,N,0
-17.2233,143.1051,338.7,1,1,2014-11-07,1310,Terra,MODIS,100,6.2,299.6,38.1,N,0
-17.1934,143.1196,317.4,1,1,2014-11-07,1310,Terra,MODIS,95,6.2,295.9,11.9,N,0
-17.2128,143.1131,375,1,1,2014-11-07,1310,Terra,MODIS,100,6.2,303,131.9,N,0
-17.2142,143.1036,313.9,1,1,2014-11-07,1310,Terra,MODIS,63,6.2,296.6,7.9,N,0
-17.0951,142.9754,309.4,1,1,2014-11-07,1310,Terra,MODIS,77,6.2,298.3,5.2,N,0
-18.1889,139.4676,307.2,1.3,1.1,2014-11-07,1310,Terra,MODIS,68,6.2,294.2,8.4,N,0
-18.1904,139.4558,304.2,1.3,1.1,2014-11-07,1310,Terra,MODIS,43,6.2,293.6,5.5,N,0
-18.1789,139.4662,316.1,1.3,1.1,2014-11-07,1310,Terra,MODIS,76,6.2,294.9,18,N,0
-18.1804,139.4544,316.7,1.3,1.1,2014-11-07,1310,Terra,MODIS,73,6.2,294.7,18.8,N,0
-16.3849,144.8633,309.7,1.2,1.1,2014-11-07,1310,Terra,MODIS,57,6.2,294.2,9.3,N,0
-18.0633,143.7752,308.2,1,1,2014-11-07,1310,Terra,MODIS,34,6.2,294.6,5.9,N,0
-17.6568,145.4974,318.6,1.2,1.1,2014-11-07,1310,Terra,MODIS,97,6.2,289.1,22.9,N,0
-18.1216,143.7509,319.9,1,1,2014-11-07,1310,Terra,MODIS,99,6.2,295.4,15.6,N,0
-18.908,146.062,301.3,1.3,1.1,2014-11-07,1310,Terra,MODIS,40,6.2,290.2,6.9,N,0
-18.0648,143.7655,324.9,1,1,2014-11-07,1310,Terra,MODIS,100,6.2,295.6,21.3,N,0
-18.123,143.7413,327.3,1,1,2014-11-07,1310,Terra,MODIS,100,6.2,296.2,23.9,N,0
-18.0739,143.767,307.3,1,1,2014-11-07,1310,Terra,MODIS,36,6.2,293.9,5.4,N,0
-18.1321,143.7428,306.1,1,1,2014-11-07,1310,Terra,MODIS,57,6.2,295.1,4.7,N,0
-18.1292,143.7621,304.9,1,1,2014-11-07,1310,Terra,MODIS,62,6.2,294.5,4.2,N,0
-17.6586,145.4863,308,1.2,1.1,2014-11-07,1310,Terra,MODIS,73,6.2,288.2,11.3,N,0
-18.1307,143.7524,309.5,1,1,2014-11-07,1310,Terra,MODIS,78,6.2,295.3,7.3,N,0
-16.3752,144.8614,318.3,1.2,1.1,2014-11-07,1310,Terra,MODIS,97,6.2,295.5,18,N,0
-15.2391,144.9865,303.8,1.2,1.1,2014-11-07,1311,Terra,MODIS,24,6.2,292.9,6.1,N,0
-15.1046,142.8658,306.5,1,1,2014-11-07,1311,Terra,MODIS,50,6.2,293.2,5.1,N,0
-14.9163,145.0852,313.4,1.3,1.1,2014-11-07,1311,Terra,MODIS,87,6.2,293.9,15.2,N,0
-14.93,145.0634,306.9,1.3,1.1,2014-11-07,1311,Terra,MODIS,70,6.2,294.1,9.1,N,0
-14.92,145.0619,313,1.3,1.1,2014-11-07,1311,Terra,MODIS,86,6.2,293.5,14.7,N,0
-15.3472,145.2742,317.9,1.3,1.1,2014-11-07,1311,Terra,MODIS,96,6.2,290.4,22.4,N,0
-15.0791,142.8558,308.8,1,1,2014-11-07,1311,Terra,MODIS,53,6.2,293.6,6.2,N,0
-15.0623,142.8435,309.7,1,1,2014-11-07,1311,Terra,MODIS,76,6.2,294.4,7,N,0
-15.2395,144.9803,306.2,1.2,1.1,2014-11-07,1311,Terra,MODIS,45,6.2,293,7.9,N,0
-15.106,142.8564,304.4,1,1,2014-11-07,1311,Terra,MODIS,12,6.2,293.6,3.7,N,0
-15.1297,143.0741,305.6,1,1,2014-11-07,1311,Terra,MODIS,24,6.2,294.4,4.7,N,0
-15.1388,143.0756,306,1,1,2014-11-07,1311,Terra,MODIS,30,6.2,293.8,5,N,0
-15.1479,143.0771,307.6,1,1,2014-11-07,1311,Terra,MODIS,64,6.2,293.1,6.3,N,0
-14.9182,145.0735,311.7,1.3,1.1,2014-11-07,1311,Terra,MODIS,83,6.2,293.7,13.2,N,0
-16.8278,133.7948,309.2,3.1,1.7,2014-11-07,1311,Terra,MODIS,55,6.2,288.1,34.6,N,0
-16.8307,133.7662,319.4,3.1,1.7,2014-11-07,1311,Terra,MODIS,98,6.2,286.1,79.7,N,0
-16.8913,133.6254,313.2,3.2,1.7,2014-11-07,1311,Terra,MODIS,34,6.2,280.3,50.1,N,0
-16.9008,133.5358,314.5,3.2,1.7,2014-11-07,1311,Terra,MODIS,54,6.2,277.2,57.3,N,0
-16.873,133.6533,311.6,3.1,1.7,2014-11-07,1311,Terra,MODIS,45,6.2,284,48.5,N,0
-16.8548,133.6809,314.7,3.1,1.7,2014-11-07,1311,Terra,MODIS,89,6.2,285.6,63.9,N,0
-15.0359,145.0402,306.7,1.3,1.1,2014-11-07,1311,Terra,MODIS,33,6.2,294.1,7.5,N,0
-15.0458,145.042,327.5,1.3,1.1,2014-11-07,1311,Terra,MODIS,100,6.2,295.9,32.5,N,0
-15.034,145.0519,308.1,1.3,1.1,2014-11-07,1311,Terra,MODIS,42,6.2,293.9,8.5,N,0
-14.6986,144.6435,304.1,1.2,1.1,2014-11-07,1311,Terra,MODIS,11,6.2,292.8,5.5,N,0
-12.9413,143.4874,305.5,1.1,1.1,2014-11-07,1311,Terra,MODIS,64,6.2,294.4,6.3,N,0
-15.0468,145.0364,328.6,1.3,1.1,2014-11-07,1311,Terra,MODIS,100,6.2,295.2,34.1,N,0
-15.0449,145.0482,317.4,1.3,1.1,2014-11-07,1311,Terra,MODIS,57,6.2,295.4,17.6,N,0
-14.6719,144.6854,308.8,1.2,1.1,2014-11-07,1311,Terra,MODIS,72,6.2,294.5,9.1,N,0
-15.0548,145.05,306.1,1.3,1.1,2014-11-07,1311,Terra,MODIS,52,6.2,294.9,7.3,N,0
-14.7003,144.6324,304.3,1.2,1.1,2014-11-07,1311,Terra,MODIS,43,6.2,292.5,5.8,N,0
-13.913,141.695,302.4,1,1,2014-11-07,1311,Terra,MODIS,49,6.2,291.8,3.1,N,0
-14.5281,134.1342,309.5,2.7,1.6,2014-11-07,1311,Terra,MODIS,73,6.2,296.7,25,N,0
-12.9319,143.4858,319.8,1.1,1.1,2014-11-07,1311,Terra,MODIS,99,6.2,294.2,19,N,0
-14.5308,134.1095,309.7,2.7,1.6,2014-11-07,1311,Terra,MODIS,75,6.2,297.4,25.2,N,0
-14.7054,144.5994,307.9,1.2,1.1,2014-11-07,1311,Terra,MODIS,73,6.2,292.5,9.3,N,0
-14.1873,135.0795,310.9,2.2,1.4,2014-11-07,1311,Terra,MODIS,79,6.2,296.4,24.2,N,0
-14.1849,135.0858,307.2,2.2,1.4,2014-11-07,1311,Terra,MODIS,65,6.2,296.3,15.2,N,0
-14.702,144.6213,312.7,1.2,1.1,2014-11-07,1311,Terra,MODIS,86,6.2,292.8,12.9,N,0
-14.7037,144.6104,312.8,1.2,1.1,2014-11-07,1311,Terra,MODIS,86,6.2,293,13.4,N,0
-12.5464,142.7967,304,1.1,1,2014-11-07,1312,Terra,MODIS,39,6.2,293.1,5.1,N,0
-13.1339,131.6969,306.4,3.9,1.8,2014-11-07,1312,Terra,MODIS,68,6.2,290.6,40.2,N,0
-12.5449,142.8063,305.5,1.1,1,2014-11-07,1312,Terra,MODIS,59,6.2,293.5,6.1,N,0
-13.1455,131.6914,305.7,3.9,1.8,2014-11-07,1312,Terra,MODIS,65,6.2,290.6,37.3,N,0
-12.7611,142.4088,306.9,1,1,2014-11-07,1312,Terra,MODIS,62,6.2,293.7,6.5,N,0
-12.7715,142.4009,310.3,1,1,2014-11-07,1312,Terra,MODIS,63,6.2,293.3,8.3,N,0
-12.599,143.0603,341.5,1.1,1,2014-11-07,1312,Terra,MODIS,100,6.2,296.5,49.3,N,0
-12.619,143.0534,326.2,1.1,1,2014-11-07,1312,Terra,MODIS,100,6.2,294.5,25.5,N,0
-12.6175,143.0633,310.3,1.1,1,2014-11-07,1312,Terra,MODIS,36,6.2,294.3,8.9,N,0
-12.5061,142.8932,304.8,1.1,1,2014-11-07,1312,Terra,MODIS,30,6.2,292.3,5.4,N,0
-12.6005,143.0504,334.2,1.1,1,2014-11-07,1312,Terra,MODIS,100,6.2,295.1,36.9,N,0
-12.3699,142.935,303.4,1.1,1,2014-11-07,1312,Terra,MODIS,46,6.2,292,4.5,N,0
-12.494,142.9112,304.6,1.1,1,2014-11-07,1312,Terra,MODIS,24,6.2,292,5.4,N,0
-11.1026,142.4872,306.9,1.1,1,2014-11-07,1312,Terra,MODIS,50,6.2,289.2,7.5,N,0
-12.4711,142.9376,302.7,1.1,1,2014-11-07,1312,Terra,MODIS,12,6.2,292.5,4.3,N,0
-11.0022,142.5441,313.1,1.1,1,2014-11-07,1312,Terra,MODIS,81,6.2,286.3,12.8,N,0
-12.5912,143.0489,325.9,1.1,1,2014-11-07,1312,Terra,MODIS,100,6.2,293.4,25.3,N,0
-12.6832,143.0494,309,1.1,1,2014-11-07,1312,Terra,MODIS,58,6.2,294.3,7.8,N,0
-12.6776,143.0427,305,1.1,1,2014-11-07,1312,Terra,MODIS,43,6.2,293.4,5.5,N,0
-12.5897,143.0587,311.9,1.1,1,2014-11-07,1312,Terra,MODIS,67,6.2,293.2,10.4,N,0
-12.4605,142.9457,304.7,1.1,1,2014-11-07,1312,Terra,MODIS,55,6.2,293.2,5.5,N,0
-13.5389,135.8127,305.1,1.9,1.4,2014-11-07,1312,Terra,MODIS,61,6.2,294.9,9.8,N,0
-13.5367,135.8303,316.4,1.9,1.4,2014-11-07,1312,Terra,MODIS,93,6.2,295.5,30.5,N,0
-11.488,142.5478,301.5,1.1,1,2014-11-07,1312,Terra,MODIS,42,6.2,280.6,6.3,N,0
-12.8361,142.3976,308.4,1,1,2014-11-07,1312,Terra,MODIS,74,6.2,293.9,8,N,0
-24.6683,152.0347,303.5,2.6,1.5,2014-11-07,1440,Aqua,MODIS,56,6.2,288.6,25,N,0
-24.6631,152.0098,300.4,2.6,1.5,2014-11-07,1440,Aqua,MODIS,26,6.2,288.6,18.2,N,0
-24.9042,148.7248,302.3,4.3,1.9,2014-11-07,1440,Aqua,MODIS,28,6.2,279.1,56.3,N,0
-24.6737,152.0148,306.6,2.6,1.5,2014-11-07,1440,Aqua,MODIS,69,6.2,288.4,32.7,N,0
-28.4239,122.0712,310.9,1.1,1,2014-11-07,1446,Terra,MODIS,81,6.2,291.7,10.9,N,0
-29.7891,123.7267,321.5,1.2,1.1,2014-11-07,1446,Terra,MODIS,46,6.2,283.2,21.8,N,0
-29.7912,123.7145,340.9,1.2,1.1,2014-11-07,1446,Terra,MODIS,100,6.2,278,53.3,N,0
-29.7932,123.7023,377.7,1.2,1.1,2014-11-07,1446,Terra,MODIS,100,6.2,282.2,179.9,N,0
-29.7814,123.7123,341.3,1.2,1.1,2014-11-07,1446,Terra,MODIS,100,6.2,277.8,54.1,N,0
-28.4147,122.0693,303,1.1,1,2014-11-07,1446,Terra,MODIS,53,6.2,291.5,5.7,N,0
-29.8069,123.6802,327,1.2,1.1,2014-11-07,1446,Terra,MODIS,90,6.2,279.3,26.9,N,0
-29.809,123.668,330.3,1.2,1.1,2014-11-07,1446,Terra,MODIS,84,6.2,287.9,32.9,N,0
-29.7973,123.678,399.6,1.2,1.1,2014-11-07,1446,Terra,MODIS,100,6.2,292.7,314.1,N,0
-29.7876,123.6759,348.6,1.2,1.1,2014-11-07,1446,Terra,MODIS,100,6.2,289.3,70.3,N,0
-29.7613,123.702,306.6,1.2,1.1,2014-11-07,1446,Terra,MODIS,36,6.2,286.5,8.5,N,0
-29.8878,123.6295,330.4,1.2,1.1,2014-11-07,1446,Terra,MODIS,100,6.2,291.1,35.6,N,0
-29.8761,123.6394,367,1.2,1.1,2014-11-07,1446,Terra,MODIS,100,6.2,293.9,130.2,N,0
-29.8781,123.6273,319.6,1.2,1.1,2014-11-07,1446,Terra,MODIS,54,6.2,290,18.4,N,0
-29.8644,123.6493,313.6,1.2,1.1,2014-11-07,1446,Terra,MODIS,17,6.2,290.3,9.2,N,0
-29.8664,123.6372,316.9,1.2,1.1,2014-11-07,1446,Terra,MODIS,31,6.2,290.4,13.5,N,0
-29.8517,123.6526,311.7,1.2,1.1,2014-11-07,1446,Terra,MODIS,12,6.2,290.5,11.7,N,0
-29.8537,123.6405,363.3,1.2,1.1,2014-11-07,1446,Terra,MODIS,100,6.2,293.6,120,N,0
-29.8556,123.6285,335.5,1.2,1.1,2014-11-07,1446,Terra,MODIS,100,6.2,291.3,44.2,N,0
-29.8576,123.6164,412.1,1.2,1.1,2014-11-07,1446,Terra,MODIS,100,6.2,306.1,418,N,0
-29.8596,123.6043,466.7,1.2,1.1,2014-11-07,1446,Terra,MODIS,100,6.2,322.6,1197,N,0
-29.8616,123.5923,340.2,1.2,1.1,2014-11-07,1446,Terra,MODIS,100,6.2,292.8,52.3,N,0
-29.842,123.6504,318.4,1.2,1.1,2014-11-07,1446,Terra,MODIS,64,6.2,290.5,18.4,N,0
-29.844,123.6383,317.7,1.2,1.1,2014-11-07,1446,Terra,MODIS,60,6.2,290.1,17.4,N,0
-29.848,123.6142,426.7,1.2,1.1,2014-11-07,1446,Terra,MODIS,100,6.2,302.7,569.6,N,0
-29.85,123.6021,435.5,1.2,1.1,2014-11-07,1446,Terra,MODIS,100,6.2,300.2,678.6,N,0
-29.8323,123.6481,320.6,1.2,1.1,2014-11-07,1446,Terra,MODIS,87,6.2,290.5,20.1,N,0
-29.8363,123.624,318.9,1.2,1.1,2014-11-07,1446,Terra,MODIS,96,6.2,291.7,18.3,N,0
-29.8383,123.6119,420.5,1.2,1.1,2014-11-07,1446,Terra,MODIS,100,6.2,301.7,502.4,N,0
-29.8403,123.5999,314.9,1.2,1.1,2014-11-07,1446,Terra,MODIS,89,6.2,291,14.6,N,0
-29.8792,123.7408,313.6,1.2,1.1,2014-11-07,1446,Terra,MODIS,28,6.2,290.4,14.1,N,0
-29.8695,123.7386,313.4,1.2,1.1,2014-11-07,1446,Terra,MODIS,54,6.2,290.8,13.7,N,0
-29.8578,123.7486,337.8,1.2,1.1,2014-11-07,1446,Terra,MODIS,100,6.2,292,49.4,N,0
-29.8598,123.7364,356,1.2,1.1,2014-11-07,1446,Terra,MODIS,100,6.2,293.8,94.8,N,0
-29.8853,123.7043,315.1,1.2,1.1,2014-11-07,1446,Terra,MODIS,14,6.2,289.8,13,N,0
-29.8619,123.7242,361.6,1.2,1.1,2014-11-07,1446,Terra,MODIS,100,6.2,294.5,111.6,N,0
-29.8639,123.712,320.2,1.2,1.1,2014-11-07,1446,Terra,MODIS,77,6.2,291.2,17.3,N,0
-29.8522,123.722,344.1,1.2,1.1,2014-11-07,1446,Terra,MODIS,100,6.2,293.4,59.5,N,0
-29.8542,123.7099,371.4,1.2,1.1,2014-11-07,1446,Terra,MODIS,100,6.2,297.1,149.2,N,0
-29.8563,123.6977,368.7,1.2,1.1,2014-11-07,1446,Terra,MODIS,100,6.2,298.3,137.1,N,0
-29.8583,123.6856,390.8,1.2,1.1,2014-11-07,1446,Terra,MODIS,100,6.2,305,252.2,N,0
-29.8603,123.6735,347.7,1.2,1.1,2014-11-07,1446,Terra,MODIS,100,6.2,295.5,66.7,N,0
-29.8514,123.7156,356.8,1.2,1.1,2014-11-07,1446,Terra,MODIS,100,6.2,296.5,97.7,N,0
-29.8534,123.7034,356.2,1.2,1.1,2014-11-07,1446,Terra,MODIS,100,6.2,296.1,95.7,N,0
-29.8554,123.6912,391.7,1.2,1.1,2014-11-07,1446,Terra,MODIS,100,6.2,306.8,261.7,N,0
-29.8574,123.6791,392.1,1.2,1.1,2014-11-07,1446,Terra,MODIS,100,6.2,306.9,264.2,N,0
-29.8594,123.667,324.8,1.2,1.1,2014-11-07,1446,Terra,MODIS,53,6.2,292.1,26.5,N,0
-29.8417,123.7133,367.9,1.2,1.1,2014-11-07,1446,Terra,MODIS,100,6.2,297.2,137.2,N,0
-29.8437,123.7012,363.7,1.2,1.1,2014-11-07,1446,Terra,MODIS,100,6.2,298.8,121.2,N,0
-29.8457,123.689,427,1.2,1.1,2014-11-07,1446,Terra,MODIS,100,6.2,318,581.2,N,0
-29.8477,123.6769,441,1.2,1.1,2014-11-07,1446,Terra,MODIS,100,6.2,310.3,763.9,N,0
-29.8497,123.6647,359.9,1.2,1.1,2014-11-07,1446,Terra,MODIS,100,6.2,293.9,107.8,N,0
-29.832,123.7111,365.5,1.2,1.1,2014-11-07,1446,Terra,MODIS,100,6.2,300.2,127.6,N,0
-29.834,123.699,407.9,1.2,1.1,2014-11-07,1446,Terra,MODIS,100,6.2,312.8,385.7,N,0
-29.836,123.6868,500,1.2,1.1,2014-11-07,1446,Terra,MODIS,100,6.2,347.9,2046.8,N,0
-29.838,123.6746,500,1.2,1.1,2014-11-07,1446,Terra,MODIS,100,6.2,338,2043.3,N,0
-29.84,123.6625,322.7,1.2,1.1,2014-11-07,1446,Terra,MODIS,0,6.2,293.1,23.3,N,0
-29.8223,123.7089,380.8,1.2,1.1,2014-11-07,1446,Terra,MODIS,100,6.2,303.9,196.3,N,0
-29.8243,123.6968,402.2,1.2,1.1,2014-11-07,1446,Terra,MODIS,100,6.2,307.2,335.6,N,0
-29.8263,123.6846,500,1.2,1.1,2014-11-07,1446,Terra,MODIS,100,6.2,333,2046.5,N,0
-29.8283,123.6724,424.7,1.2,1.1,2014-11-07,1446,Terra,MODIS,100,6.2,301.9,553.2,N,0
-29.8106,123.7189,318.1,1.2,1.1,2014-11-07,1446,Terra,MODIS,64,6.2,275.6,15.5,N,0
-29.8126,123.7067,376.3,1.2,1.1,2014-11-07,1446,Terra,MODIS,100,6.2,282.7,173.4,N,0
-29.8146,123.6946,374.9,1.2,1.1,2014-11-07,1446,Terra,MODIS,100,6.2,284.2,165.2,N,0
-29.8166,123.6824,428.7,1.2,1.1,2014-11-07,1446,Terra,MODIS,100,6.2,293.4,598.9,N,0
-29.8187,123.6702,377.7,1.2,1.1,2014-11-07,1446,Terra,MODIS,100,6.2,290.8,179,N,0
-29.7952,123.6902,469.1,1.2,1.1,2014-11-07,1446,Terra,MODIS,100,6.2,310.4,1262.6,N,0
-29.7835,123.7002,396.2,1.2,1.1,2014-11-07,1446,Terra,MODIS,100,6.2,289.9,291.4,N,0
-29.7855,123.688,400,1.2,1.1,2014-11-07,1446,Terra,MODIS,100,6.2,287.2,319.2,N,0
-28.4022,127.3243,318.8,2.1,1.4,2014-11-07,1446,Terra,MODIS,97,6.2,266.2,53.7,N,0
-24.8913,121.9451,327.3,1.1,1.1,2014-11-07,1447,Terra,MODIS,100,6.2,294.1,30.5,N,0
-24.9122,121.9377,310.3,1.1,1.1,2014-11-07,1447,Terra,MODIS,80,6.2,292.2,11.3,N,0
-23.5672,121.1761,360.4,1.1,1,2014-11-07,1447,Terra,MODIS,100,6.2,296.6,98,N,0
-23.5578,121.1744,328.4,1.1,1,2014-11-07,1447,Terra,MODIS,100,6.2,293.6,28.9,N,0
-24.9217,121.9396,301.8,1.1,1.1,2014-11-07,1447,Terra,MODIS,41,6.2,291.2,5.3,N,0
-23.5655,121.1868,374.3,1.1,1,2014-11-07,1447,Terra,MODIS,100,6.2,300.2,148.5,N,0
-24.8931,121.9339,339.5,1.1,1.1,2014-11-07,1447,Terra,MODIS,100,6.2,294.9,50.9,N,0
-24.9027,121.9358,316.5,1.1,1.1,2014-11-07,1447,Terra,MODIS,93,6.2,293.3,17,N,0
-23.5765,121.1779,384.6,1.1,1,2014-11-07,1447,Terra,MODIS,100,6.2,300.9,196,N,0
-23.5749,121.1886,368.6,1.1,1,2014-11-07,1447,Terra,MODIS,100,6.2,298.8,126.2,N,0
-23.5562,121.185,382.7,1.1,1,2014-11-07,1447,Terra,MODIS,100,6.2,302.5,187.4,N,0
-23.5545,121.1957,309.1,1.1,1,2014-11-07,1447,Terra,MODIS,77,6.2,294.9,9.1,N,0
-23.1271,127.603,311.2,2.8,1.6,2014-11-07,1447,Terra,MODIS,79,6.2,291.8,42,N,0
-23.1128,127.5996,305.6,2.8,1.6,2014-11-07,1447,Terra,MODIS,52,6.2,292.3,26.1,N,0
-23.1258,127.5974,310.7,2.8,1.6,2014-11-07,1447,Terra,MODIS,79,6.2,291.7,40.9,N,0
-23.1115,127.594,306.7,2.8,1.6,2014-11-07,1447,Terra,MODIS,58,6.2,292.1,31,N,0
-23.1943,127.6542,311.7,2.8,1.6,2014-11-07,1447,Terra,MODIS,60,6.2,284.9,47.5,N,0
-23.18,127.6509,323.8,2.8,1.6,2014-11-07,1447,Terra,MODIS,100,6.2,291.7,97.2,N,0
-23.1932,127.6474,315.7,2.8,1.6,2014-11-07,1447,Terra,MODIS,92,6.2,286.3,63.6,N,0
-23.1734,127.6714,306.1,2.9,1.6,2014-11-07,1447,Terra,MODIS,43,6.2,293.1,28.7,N,0
-23.1789,127.644,316.6,2.8,1.6,2014-11-07,1447,Terra,MODIS,93,6.2,291.9,65.5,N,0
-26.1213,122.6943,304.3,1.2,1.1,2014-11-07,1447,Terra,MODIS,59,6.2,292.2,7.9,N,0
-26.1232,122.6825,307.9,1.2,1.1,2014-11-07,1447,Terra,MODIS,73,6.2,292.5,10.6,N,0
-19.8618,128.1232,310.6,3.6,1.8,2014-11-07,1448,Terra,MODIS,81,6.2,293.1,52.2,N,0
-19.8689,128.0887,318.6,3.6,1.8,2014-11-07,1448,Terra,MODIS,97,6.2,293.7,95.1,N,0
-19.8702,128.1199,312.5,3.6,1.8,2014-11-07,1448,Terra,MODIS,85,6.2,293.7,62.6,N,0
-19.8771,128.0853,308.6,3.6,1.8,2014-11-07,1448,Terra,MODIS,75,6.2,293.4,44.5,N,0
-19.8613,128.0815,304.9,3.6,1.8,2014-11-07,1448,Terra,MODIS,62,6.2,293,30.4,N,0
-19.9645,128.1537,323.1,3.6,1.8,2014-11-07,1448,Terra,MODIS,60,6.2,287.7,131.8,N,0
-19.9715,128.1198,327,3.6,1.8,2014-11-07,1448,Terra,MODIS,0,6.2,292.6,157.3,N,0
-19.9486,128.1497,361.5,3.6,1.8,2014-11-07,1448,Terra,MODIS,100,6.2,287,577.2,N,0
-19.9556,128.116,386.3,3.6,1.8,2014-11-07,1448,Terra,MODIS,100,6.2,297.5,1156.7,N,0
-19.9573,128.1451,373.3,3.6,1.8,2014-11-07,1448,Terra,MODIS,100,6.2,292.7,825.2,N,0
-19.964,128.1112,363.6,3.6,1.8,2014-11-07,1448,Terra,MODIS,100,6.2,296.2,614.5,N,0
-19.9414,128.1412,320.4,3.6,1.8,2014-11-07,1448,Terra,MODIS,0,6.2,288.3,106.6,N,0
-19.9482,128.1074,339.4,3.6,1.8,2014-11-07,1448,Terra,MODIS,92,6.2,294.3,261.1,N,0
-19.4212,121.9913,307,1.4,1.2,2014-11-07,1448,Terra,MODIS,70,6.2,293.9,10.2,N,0
-20.9792,118.8567,321.3,1,1,2014-11-07,1448,Terra,MODIS,100,6.2,297.9,16.1,N,0
-20.5968,116.7782,312.7,1.1,1,2014-11-07,1448,Terra,MODIS,80,6.2,298.4,9.3,N,2
-20.9806,118.8471,311.1,1,1,2014-11-07,1448,Terra,MODIS,77,6.2,297.3,7.5,N,0
-20.9425,118.7916,307.7,1,1,2014-11-07,1448,Terra,MODIS,63,6.2,296.9,5.5,N,0
-19.919,123.9733,306.4,1.8,1.3,2014-11-07,1448,Terra,MODIS,68,6.2,295.6,12.1,N,0
-21.248,118.7138,326.7,1,1,2014-11-07,1448,Terra,MODIS,100,6.2,299.5,21.8,N,0
-21.2494,118.7042,309.6,1,1,2014-11-07,1448,Terra,MODIS,67,6.2,298,6,N,0
-21.239,118.7123,324.9,1,1,2014-11-07,1448,Terra,MODIS,100,6.2,299.5,18.8,N,0
-21.2404,118.7027,320.2,1,1,2014-11-07,1448,Terra,MODIS,100,6.2,299,13.8,N,0
-21.2301,118.7108,311.1,1,1,2014-11-07,1448,Terra,MODIS,29,6.2,297.3,6.1,N,0
-21.222,118.7032,308.5,1,1,2014-11-07,1448,Terra,MODIS,62,6.2,297.8,5.3,N,0
-21.2248,118.684,315.4,1,1,2014-11-07,1448,Terra,MODIS,88,6.2,299.6,9.8,N,0
-21.2261,118.6744,315.8,1,1,2014-11-07,1448,Terra,MODIS,89,6.2,299.6,10,N,0
-22.7153,121.442,327.8,1.1,1.1,2014-11-07,1448,Terra,MODIS,100,6.2,295.1,30.5,N,0
-22.7058,121.4402,341.4,1.1,1.1,2014-11-07,1448,Terra,MODIS,100,6.2,296.6,54.9,N,0
-22.7136,121.4531,340,1.1,1.1,2014-11-07,1448,Terra,MODIS,100,6.2,296.1,51.7,N,0
-22.704,121.4513,307.4,1.1,1.1,2014-11-07,1448,Terra,MODIS,71,6.2,294,8.1,N,0
-22.9085,122.2178,306.2,1.2,1.1,2014-11-07,1448,Terra,MODIS,20,6.2,294.9,7.2,N,0
-22.7232,121.4549,328.3,1.1,1.1,2014-11-07,1448,Terra,MODIS,100,6.2,294,31.4,N,0
-20.8248,120.9067,309.1,1.1,1.1,2014-11-07,1448,Terra,MODIS,75,6.2,296.4,6.8,N,0
-21.8957,120.7292,310.8,1.1,1,2014-11-07,1448,Terra,MODIS,81,6.2,295,9.7,N,0
-22.0857,126.3284,308.8,2.4,1.5,2014-11-07,1448,Terra,MODIS,76,6.2,294.5,26.6,N,0
-21.9253,120.7238,304.5,1.1,1,2014-11-07,1448,Terra,MODIS,60,6.2,294.2,5,N,0
-21.8973,120.7186,308.5,1.1,1,2014-11-07,1448,Terra,MODIS,75,6.2,295.1,7.8,N,0
-22.0786,126.3211,304.9,2.4,1.5,2014-11-07,1448,Terra,MODIS,30,6.2,294.1,15.9,N,0
-20.7514,120.508,308.1,1.1,1,2014-11-07,1448,Terra,MODIS,72,6.2,296.4,7.1,N,0
-20.764,120.4887,308,1.1,1,2014-11-07,1448,Terra,MODIS,46,6.2,296.7,6.2,N,0
-20.7656,120.4782,314.5,1.1,1,2014-11-07,1448,Terra,MODIS,89,6.2,296.8,12,N,0
-21.8863,120.7275,311.5,1.1,1,2014-11-07,1448,Terra,MODIS,83,6.2,294,9.9,N,0
-20.8187,120.8833,308.2,1.1,1.1,2014-11-07,1448,Terra,MODIS,44,6.2,297.2,6.3,N,0
-21.9623,120.7689,305.4,1.1,1,2014-11-07,1448,Terra,MODIS,64,6.2,293.9,5.7,N,0
-20.8266,120.8959,306.8,1.1,1.1,2014-11-07,1448,Terra,MODIS,67,6.2,296.7,4.9,N,0
-20.817,120.8941,311.5,1.1,1.1,2014-11-07,1448,Terra,MODIS,82,6.2,297.2,8.8,N,0
-21.4709,120.0161,308.5,1,1,2014-11-07,1448,Terra,MODIS,51,6.2,297.4,5.5,N,0
-20.6537,120.4201,307,1.1,1,2014-11-07,1448,Terra,MODIS,68,6.2,296.4,6.4,N,0
-21.0902,120.3895,310.9,1.1,1,2014-11-07,1448,Terra,MODIS,79,6.2,298.5,7,N,0
-21.0979,120.4015,310.6,1.1,1,2014-11-07,1448,Terra,MODIS,78,6.2,298.4,6.7,N,0
-20.6553,120.4097,309.2,1.1,1,2014-11-07,1448,Terra,MODIS,75,6.2,296.8,8,N,0
-21.1056,120.4136,317.1,1.1,1,2014-11-07,1448,Terra,MODIS,94,6.2,298.6,13,N,0
-21.1866,120.4238,308.8,1.1,1,2014-11-07,1448,Terra,MODIS,73,6.2,298.2,5.7,N,0
-20.6646,120.4114,311.5,1.1,1,2014-11-07,1448,Terra,MODIS,82,6.2,296.7,9.3,N,0
-21.2258,120.6406,310.2,1.1,1,2014-11-07,1448,Terra,MODIS,65,6.2,291.1,8.1,N,0
-21.3317,120.1403,309.6,1.1,1,2014-11-07,1448,Terra,MODIS,74,6.2,296.7,7.2,N,0
-21.3301,120.1504,309.1,1.1,1,2014-11-07,1448,Terra,MODIS,72,6.2,296.7,6.9,N,0
-21.3286,120.1605,313.5,1.1,1,2014-11-07,1448,Terra,MODIS,85,6.2,296.1,10.3,N,0
-21.3409,120.1419,311,1.1,1,2014-11-07,1448,Terra,MODIS,42,6.2,297.1,7.5,N,0
-20.6725,120.5804,316.4,1.1,1,2014-11-07,1448,Terra,MODIS,93,6.2,297.5,13.6,N,0
-20.6742,120.5698,319.3,1.1,1,2014-11-07,1448,Terra,MODIS,98,6.2,297.7,16.7,N,0
-20.6686,120.5738,325.1,1.1,1,2014-11-07,1448,Terra,MODIS,100,6.2,297.7,24.1,N,0
-20.6498,120.5704,310.3,1.1,1,2014-11-07,1448,Terra,MODIS,79,6.2,297.2,8,N,0
-20.6514,120.5599,326,1.1,1,2014-11-07,1448,Terra,MODIS,100,6.2,297.6,24.7,N,0
-20.642,120.5582,323.3,1.1,1,2014-11-07,1448,Terra,MODIS,100,6.2,296.7,21.6,N,0
-20.6248,120.5442,315,1.1,1,2014-11-07,1448,Terra,MODIS,90,6.2,296.9,12.7,N,0
-20.663,120.4218,310.4,1.1,1,2014-11-07,1448,Terra,MODIS,79,6.2,297,8.4,N,0
-21.1002,120.5734,312.9,1.1,1,2014-11-07,1448,Terra,MODIS,85,6.2,297.9,9.4,N,0
-21.4801,120.0177,310,1,1,2014-11-07,1448,Terra,MODIS,75,6.2,297.7,6.5,N,0
-21.4816,120.0077,311.3,1,1,2014-11-07,1448,Terra,MODIS,79,6.2,297.7,7.6,N,0
-21.2628,120.2999,306.5,1.1,1,2014-11-07,1448,Terra,MODIS,61,6.2,296,5.2,N,0
-21.4724,120.0061,324.5,1,1,2014-11-07,1448,Terra,MODIS,100,6.2,298,20.7,N,0
-17.1188,128.9983,313.4,4.8,2,2014-11-07,1449,Terra,MODIS,31,6.2,280.4,126.4,N,0
-17.1546,129.0059,335.1,4.8,2,2014-11-07,1449,Terra,MODIS,80,6.2,281.3,342.3,N,0
-17.1212,128.9942,315.9,4.8,2,2014-11-07,1449,Terra,MODIS,92,6.2,280.3,154.4,N,0
-17.157,129.0017,321,4.8,2,2014-11-07,1449,Terra,MODIS,86,6.2,282.7,194.3,N,0
-17.1391,128.998,317.2,4.8,2,2014-11-07,1449,Terra,MODIS,90,6.2,276.9,163.9,N,0
-14.7063,144.6288,303.7,2.3,1.5,2014-11-07,1615,Aqua,MODIS,31,6.2,293.6,14.7,N,0
-13.1407,131.7063,314.4,2.1,1.4,2014-11-07,1615,Aqua,MODIS,89,6.2,291.5,34.7,N,0
-14.7026,144.624,304.7,2.3,1.5,2014-11-07,1615,Aqua,MODIS,61,6.2,293.7,18.3,N,0
-15.0498,145.0464,306.2,2.5,1.5,2014-11-07,1615,Aqua,MODIS,67,6.2,293.5,26,N,0
-12.6127,143.0575,315.1,1.7,1.3,2014-11-07,1615,Aqua,MODIS,89,6.2,291,26.9,N,0
-12.5899,143.0603,329.3,1.7,1.3,2014-11-07,1615,Aqua,MODIS,100,6.2,292.4,57.9,N,0
-12.588,143.0451,309.5,1.7,1.3,2014-11-07,1615,Aqua,MODIS,73,6.2,290.5,17.6,N,0
-12.3097,131.6062,302.3,2.2,1.4,2014-11-07,1615,Aqua,MODIS,48,6.2,290.9,13.6,N,0
-12.5926,143.0674,321.6,1.7,1.3,2014-11-07,1615,Aqua,MODIS,100,6.2,291.3,38.6,N,0
-12.5906,143.0519,328.2,1.7,1.3,2014-11-07,1615,Aqua,MODIS,100,6.2,291.5,53.8,N,0
-14.2637,136.6971,316.6,1,1,2014-11-07,1616,Aqua,MODIS,93,6.2,294.5,14.5,N,0
-17.9221,142.6153,315.6,1.8,1.3,2014-11-07,1616,Aqua,MODIS,92,6.2,295.2,27.4,N,0
-16.8006,133.7998,304.9,1.3,1.1,2014-11-07,1616,Aqua,MODIS,41,6.2,294.9,5.1,N,0
-17.9281,142.6093,337.2,1.8,1.3,2014-11-07,1616,Aqua,MODIS,100,6.2,296.5,89,N,0
-16.8108,133.798,328.2,1.3,1.1,2014-11-07,1616,Aqua,MODIS,100,6.2,295.6,35.2,N,0
-16.8128,133.8101,308,1.3,1.1,2014-11-07,1616,Aqua,MODIS,59,6.2,294.9,7.4,N,0
-16.8209,133.7962,310.4,1.3,1.1,2014-11-07,1616,Aqua,MODIS,50,6.2,295.3,9.7,N,0
-17.93,142.6266,312.6,1.8,1.3,2014-11-07,1616,Aqua,MODIS,80,6.2,294.9,22.1,N,0
-17.942,142.6251,325.2,1.8,1.3,2014-11-07,1616,Aqua,MODIS,100,6.2,295.2,51.5,N,0
-17.944,142.6425,314.9,1.8,1.3,2014-11-07,1616,Aqua,MODIS,90,6.2,294.6,27.5,N,0
-17.956,142.641,333.4,1.8,1.3,2014-11-07,1616,Aqua,MODIS,100,6.2,295.7,77.2,N,0
-17.9581,142.6584,321.1,1.9,1.3,2014-11-07,1616,Aqua,MODIS,100,6.2,295.1,42.2,N,0
-17.968,142.6394,322,1.8,1.3,2014-11-07,1616,Aqua,MODIS,100,6.2,295,44,N,0
-16.8189,133.7841,312.4,1.3,1.1,2014-11-07,1616,Aqua,MODIS,66,6.2,295.4,12.3,N,0
-17.9701,142.6569,317.5,1.9,1.3,2014-11-07,1616,Aqua,MODIS,95,6.2,295.1,33.9,N,0
-16.837,133.521,332.2,1.4,1.2,2014-11-07,1616,Aqua,MODIS,100,6.2,296.7,44.3,N,0
-16.8988,133.5745,320.4,1.3,1.1,2014-11-07,1616,Aqua,MODIS,100,6.2,296,21.9,N,0
-16.9043,133.5665,313.2,1.3,1.1,2014-11-07,1616,Aqua,MODIS,58,6.2,295.5,11.4,N,0
-16.9083,133.5272,313.4,1.3,1.2,2014-11-07,1616,Aqua,MODIS,48,6.2,295.9,10.6,N,0
-17.9081,142.5996,307.7,1.8,1.3,2014-11-07,1616,Aqua,MODIS,61,6.2,294.4,14.3,N,0
-17.92,142.5981,318,1.8,1.3,2014-11-07,1616,Aqua,MODIS,96,6.2,295.1,32.6,N,0
-17.9141,142.5935,315.4,1.8,1.3,2014-11-07,1616,Aqua,MODIS,91,6.2,294.8,27.6,N,0
-16.8434,133.6864,305.2,1.3,1.1,2014-11-07,1616,Aqua,MODIS,41,6.2,294.2,6.3,N,0
-16.7511,133.8651,308.9,1.3,1.1,2014-11-07,1616,Aqua,MODIS,74,6.2,294.4,10.3,N,0
-14.2716,136.699,335.9,1,1,2014-11-07,1616,Aqua,MODIS,100,6.2,293.8,35.9,N,3
-16.3677,144.8476,301.5,2.6,1.5,2014-11-07,1616,Aqua,MODIS,24,6.2,277.2,20.8,N,0
-16.7599,133.6173,305.8,1.3,1.1,2014-11-07,1616,Aqua,MODIS,63,6.2,294.4,6.2,N,0
-16.7764,133.5888,306.9,1.3,1.1,2014-11-07,1616,Aqua,MODIS,68,6.2,294.9,7.2,N,0
-16.8094,133.5313,306.8,1.4,1.2,2014-11-07,1616,Aqua,MODIS,55,6.2,295.3,6.8,N,0
-16.8163,133.5247,316.8,1.4,1.2,2014-11-07,1616,Aqua,MODIS,87,6.2,295.8,17.3,N,0
-16.8267,133.5228,321,1.4,1.2,2014-11-07,1616,Aqua,MODIS,100,6.2,296.1,23.7,N,0
-16.762,133.6297,305.3,1.3,1.1,2014-11-07,1616,Aqua,MODIS,61,6.2,295,6,N,0
-16.9186,133.5253,322.8,1.3,1.2,2014-11-07,1616,Aqua,MODIS,100,6.2,296.2,23.5,N,0
-16.9331,133.5485,311.9,1.3,1.1,2014-11-07,1616,Aqua,MODIS,56,6.2,295.8,10.6,N,0
-16.9351,133.4966,314.3,1.4,1.2,2014-11-07,1616,Aqua,MODIS,58,6.2,294.3,15.9,N,0
-16.9371,133.5091,316.6,1.4,1.2,2014-11-07,1616,Aqua,MODIS,80,6.2,296.3,17.9,N,0
-16.9413,133.5342,310,1.3,1.1,2014-11-07,1616,Aqua,MODIS,42,6.2,295.4,8.3,N,0
-16.9434,133.5467,317.7,1.3,1.1,2014-11-07,1616,Aqua,MODIS,95,6.2,296,18.5,N,0
-16.9454,133.4947,314.3,1.4,1.2,2014-11-07,1616,Aqua,MODIS,89,6.2,293.2,15.4,N,0
-16.9475,133.5073,313,1.4,1.2,2014-11-07,1616,Aqua,MODIS,83,6.2,296.1,13.4,N,0
-13.9288,134.1529,304.8,1.4,1.2,2014-11-07,1616,Aqua,MODIS,41,6.2,290.2,9.3,N,0
-13.9308,134.1653,319.2,1.4,1.2,2014-11-07,1616,Aqua,MODIS,98,6.2,289.7,26.6,N,0
-15.5794,129.9585,304.6,2.6,1.5,2014-11-07,1616,Aqua,MODIS,61,6.2,292.6,14.9,N,0
-15.453,130.9301,312.6,2.2,1.4,2014-11-07,1616,Aqua,MODIS,85,6.2,293.8,26.1,N,0
-15.4437,130.9519,307.5,2.2,1.4,2014-11-07,1616,Aqua,MODIS,54,6.2,294.2,14.4,N,0
-15.4535,130.9356,317.3,2.2,1.4,2014-11-07,1616,Aqua,MODIS,95,6.2,293.9,37.7,N,0
-15.4406,130.9377,308.1,2.2,1.4,2014-11-07,1616,Aqua,MODIS,19,6.2,293.8,14.8,N,0
-15.4021,130.9446,307.7,2.2,1.4,2014-11-07,1616,Aqua,MODIS,23,6.2,293.8,14.7,N,0
-15.3893,130.9472,310,2.2,1.4,2014-11-07,1616,Aqua,MODIS,50,6.2,293.8,20.3,N,0
-15.2701,128.8635,306.3,3.2,1.7,2014-11-07,1616,Aqua,MODIS,66,6.2,290.9,27.2,N,0
-15.2754,128.8924,303.8,3.1,1.7,2014-11-07,1616,Aqua,MODIS,32,6.2,290.8,19,N,0
-15.2689,128.8589,304.2,3.2,1.7,2014-11-07,1616,Aqua,MODIS,59,6.2,290.9,22.3,N,0
-15.2743,128.8877,306.1,3.1,1.7,2014-11-07,1616,Aqua,MODIS,67,6.2,290.9,28.5,N,0
-15.5065,129.9795,305.5,2.6,1.5,2014-11-07,1616,Aqua,MODIS,58,6.2,293,15.4,N,0
-15.5839,129.9831,304.6,2.6,1.5,2014-11-07,1616,Aqua,MODIS,61,6.2,292.8,14.2,N,0
-15.4565,130.9496,311,2.2,1.4,2014-11-07,1616,Aqua,MODIS,81,6.2,294.1,21.9,N,0
-15.5109,130.0037,307.1,2.6,1.5,2014-11-07,1616,Aqua,MODIS,42,6.2,293.3,17.6,N,0
-16.833,129.1819,306.4,2.8,1.6,2014-11-07,1617,Aqua,MODIS,15,6.2,289.3,30.6,N,0
-19.2701,130.1771,305.6,2.1,1.4,2014-11-07,1617,Aqua,MODIS,50,6.2,293.6,16.9,N,0
-18.5122,131.4526,309.8,1.7,1.3,2014-11-07,1617,Aqua,MODIS,78,6.2,295.3,18,N,0
-18.5151,131.4689,365.7,1.7,1.3,2014-11-07,1617,Aqua,MODIS,100,6.2,300,227.5,N,0
-18.518,131.4851,338.4,1.7,1.3,2014-11-07,1617,Aqua,MODIS,100,6.2,299.3,87,N,0
-17.1544,129.009,314.7,2.8,1.6,2014-11-07,1617,Aqua,MODIS,75,6.2,290.7,54.9,N,0
-18.5093,131.5036,312.7,1.7,1.3,2014-11-07,1617,Aqua,MODIS,86,6.2,297,21.6,N,0
-18.5065,131.4874,352.7,1.7,1.3,2014-11-07,1617,Aqua,MODIS,100,6.2,298.9,148.5,N,0
-16.7997,129.1617,302.8,2.8,1.6,2014-11-07,1617,Aqua,MODIS,9,6.2,285,20.4,N,0
-19.5246,130.1327,302.7,2.1,1.4,2014-11-07,1617,Aqua,MODIS,30,6.2,292.7,9.9,N,0
-19.5475,130.1028,306.3,2.1,1.4,2014-11-07,1617,Aqua,MODIS,57,6.2,293.2,15.7,N,0
-19.5462,130.108,306.3,2.1,1.4,2014-11-07,1617,Aqua,MODIS,42,6.2,293.5,15.4,N,0
-19.2711,130.1842,305,2.1,1.4,2014-11-07,1617,Aqua,MODIS,48,6.2,293.8,16.1,N,0
-17.1593,129.0349,324.3,2.8,1.6,2014-11-07,1617,Aqua,MODIS,100,6.2,290.2,94,N,0
-19.6164,130.1215,309.3,2.1,1.4,2014-11-07,1617,Aqua,MODIS,25,6.2,294.3,17.8,N,0
-18.5036,131.4712,321.2,1.7,1.3,2014-11-07,1617,Aqua,MODIS,100,6.2,296.1,38,N,0
-19.6172,130.1287,308.4,2.1,1.4,2014-11-07,1617,Aqua,MODIS,50,6.2,294.4,17.5,N,0
-20.7346,139.4761,311.4,1.2,1.1,2014-11-07,1617,Aqua,MODIS,80,6.2,293.4,11.7,N,2
-17.0522,132.1477,312.1,1.7,1.3,2014-11-07,1617,Aqua,MODIS,84,6.2,293.7,16.7,N,0
-17.0808,132.1102,308.1,1.7,1.3,2014-11-07,1617,Aqua,MODIS,43,6.2,291.8,11.8,N,0
-17.121,130.9006,301.3,2,1.4,2014-11-07,1617,Aqua,MODIS,39,6.2,291,10.4,N,0
-19.2872,130.2012,313.6,2.1,1.4,2014-11-07,1617,Aqua,MODIS,88,6.2,293.6,29.6,N,0
-19.2907,130.2207,366,2.1,1.4,2014-11-07,1617,Aqua,MODIS,100,6.2,298,293.8,N,0
-19.2941,130.2402,328.8,2.1,1.4,2014-11-07,1617,Aqua,MODIS,100,6.2,295.1,73.8,N,0
-19.2899,130.2136,355.5,2.1,1.4,2014-11-07,1617,Aqua,MODIS,100,6.2,296.5,211.1,N,0
-19.2935,130.233,347.9,2.1,1.4,2014-11-07,1617,Aqua,MODIS,100,6.2,297,162.7,N,0
-19.2971,130.2524,306.3,2.1,1.4,2014-11-07,1617,Aqua,MODIS,68,6.2,293.7,15.8,N,0
-22.0841,126.3409,305.9,3.4,1.7,2014-11-07,1618,Aqua,MODIS,66,6.2,293.3,37.8,N,0
-28.8171,142.5311,313.8,2.5,1.5,2014-11-07,1619,Aqua,MODIS,88,6.2,289.1,56.3,N,0
-29.785,123.7173,300.6,3.4,1.7,2014-11-07,1620,Aqua,MODIS,30,6.2,285.8,33.9,N,0
-29.7925,123.6775,335.5,3.4,1.7,2014-11-07,1620,Aqua,MODIS,100,6.2,287.6,227.6,N,0
-29.8001,123.6379,328.7,3.5,1.8,2014-11-07,1620,Aqua,MODIS,100,6.2,287.8,175.3,N,0
-29.8079,123.6728,319.1,3.4,1.7,2014-11-07,1620,Aqua,MODIS,98,6.2,287.8,105.7,N,0
-29.7839,123.6717,324,3.4,1.7,2014-11-07,1620,Aqua,MODIS,100,6.2,286.5,135.4,N,0
-29.8068,123.6278,324.1,3.5,1.8,2014-11-07,1620,Aqua,MODIS,100,6.2,287,139,N,0
-29.7921,123.7068,323.4,3.4,1.7,2014-11-07,1620,Aqua,MODIS,100,6.2,286.9,130.8,N,0
-29.8155,123.6331,310.2,3.5,1.8,2014-11-07,1620,Aqua,MODIS,79,6.2,286.5,71,N,0
-29.8004,123.7125,320.9,3.4,1.7,2014-11-07,1620,Aqua,MODIS,100,6.2,286.9,118.4,N,0
-29.8158,123.7076,317.7,3.4,1.7,2014-11-07,1620,Aqua,MODIS,96,6.2,286.8,97.2,N,0
-29.8234,123.6679,325.8,3.4,1.7,2014-11-07,1620,Aqua,MODIS,100,6.2,288.3,144.7,N,0
-29.8311,123.7025,313.8,3.4,1.7,2014-11-07,1620,Aqua,MODIS,36,6.2,287,72.1,N,0
-29.8075,123.702,321.3,3.4,1.7,2014-11-07,1620,Aqua,MODIS,93,6.2,287.1,115.5,N,0
-29.8148,123.6625,330.1,3.4,1.7,2014-11-07,1620,Aqua,MODIS,68,6.2,288.9,169.2,N,0
-29.8382,123.6922,321.9,3.4,1.7,2014-11-07,1620,Aqua,MODIS,79,6.2,287.9,105.9,N,0
-20.9472,118.8431,307.7,2.4,1.5,2014-11-07,1756,Aqua,MODIS,72,6.2,292.4,25.6,N,0
-20.9289,118.7991,331.2,2.4,1.5,2014-11-07,1756,Aqua,MODIS,100,6.2,295.1,103,N,0
-20.9313,118.8219,306.1,2.4,1.5,2014-11-07,1756,Aqua,MODIS,53,6.2,293.2,20.4,N,0
-20.9423,118.7975,341.9,2.4,1.5,2014-11-07,1756,Aqua,MODIS,100,6.2,294.9,159.4,N,0
-20.9447,118.8203,310.5,2.4,1.5,2014-11-07,1756,Aqua,MODIS,80,6.2,293,31,N,0
-20.9366,118.7912,338.4,2.4,1.5,2014-11-07,1756,Aqua,MODIS,100,6.2,295.2,137.1,N,0
-20.9388,118.814,328.4,2.4,1.5,2014-11-07,1756,Aqua,MODIS,100,6.2,295.3,87.8,N,0
-21.2285,118.7171,305.7,2.3,1.5,2014-11-07,1756,Aqua,MODIS,55,6.2,292.7,18.3,N,0
-21.8781,120.8564,308.7,3.4,1.7,2014-11-07,1756,Aqua,MODIS,75,6.2,291.1,50.1,N,0
-21.8854,120.8637,306.9,3.4,1.7,2014-11-07,1756,Aqua,MODIS,70,6.2,291.5,42.6,N,0
-15.05,145.0296,314.5,3.8,1.8,2014-11-08,0002,Terra,MODIS,61,6.2,295.6,46.6,D,0
-15.0435,145.0365,314.9,3.8,1.8,2014-11-08,0002,Terra,MODIS,41,6.2,296.1,44,D,0
-14.6851,144.6824,317.7,4.1,1.9,2014-11-08,0002,Terra,MODIS,49,6.2,300.2,46.3,D,0
-14.6887,144.675,318.8,4.1,1.9,2014-11-08,0002,Terra,MODIS,55,6.2,300.1,56,D,0
-16.4148,144.8694,325.2,3.6,1.8,2014-11-08,0003,Terra,MODIS,62,6.2,306.8,70.8,D,0
-16.9737,142.9793,322.5,4.8,2,2014-11-08,0003,Terra,MODIS,55,6.2,304.1,77.2,D,0
-16.3535,144.8568,321,3.6,1.8,2014-11-08,0003,Terra,MODIS,66,6.2,305.1,55.4,D,0
-16.9762,142.9845,323.1,4.8,2,2014-11-08,0003,Terra,MODIS,56,6.2,303.9,82,D,0
-16.361,144.8485,325.2,3.6,1.8,2014-11-08,0003,Terra,MODIS,78,6.2,305.8,84.6,D,0
-18.0797,143.7827,323.4,4,1.9,2014-11-08,0003,Terra,MODIS,52,6.2,298.7,72.6,D,0
-18.0919,143.786,323.1,4,1.9,2014-11-08,0003,Terra,MODIS,36,6.2,300,70.2,D,0
-23.3021,147.7398,335.6,1.6,1.3,2014-11-08,0004,Terra,MODIS,80,6.2,306.6,44.5,D,0
-23.3133,147.7374,327.7,1.6,1.3,2014-11-08,0004,Terra,MODIS,65,6.2,307.4,24,D,0
-22.0013,149.2094,326.3,1.4,1.2,2014-11-08,0004,Terra,MODIS,70,6.2,294.5,23.8,D,0
-21.785,149.3768,328.5,1.4,1.2,2014-11-08,0004,Terra,MODIS,75,6.2,298.6,26.7,D,0
-21.7747,149.3788,326.6,1.4,1.2,2014-11-08,0004,Terra,MODIS,72,6.2,297,24.2,D,0
-22.931,149.8461,326.1,1.2,1.1,2014-11-08,0004,Terra,MODIS,65,6.2,300.7,18.9,D,0
-27.6171,152.9286,320.6,1,1,2014-11-08,0005,Terra,MODIS,25,6.2,306.2,6.4,D,0
-24.9021,148.6946,348,1.3,1.1,2014-11-08,0005,Terra,MODIS,92,6.2,308.1,64,D,0
-24.8942,148.7099,337.7,1.3,1.1,2014-11-08,0005,Terra,MODIS,78,6.2,308.9,35,D,0
-24.9213,148.6982,358.2,1.3,1.1,2014-11-08,0005,Terra,MODIS,99,6.2,308.2,104.3,D,0
-24.9146,148.7056,352.8,1.3,1.1,2014-11-08,0005,Terra,MODIS,95,6.2,310.3,80.7,D,0
-24.9066,148.7207,332,1.3,1.1,2014-11-08,0005,Terra,MODIS,54,6.2,309.2,17.9,D,0
-24.9044,148.7076,343.7,1.3,1.1,2014-11-08,0005,Terra,MODIS,89,6.2,310.8,49.5,D,0
-24.9236,148.7111,353.8,1.3,1.1,2014-11-08,0005,Terra,MODIS,96,6.2,308.8,83.6,D,0
-24.9168,148.7187,346,1.3,1.1,2014-11-08,0005,Terra,MODIS,91,6.2,308.8,52.8,D,0
-24.9248,148.7035,370.9,1.3,1.1,2014-11-08,0005,Terra,MODIS,100,6.2,308.5,159.4,D,0
-24.9716,153.2495,317.6,1,1,2014-11-08,0005,Terra,MODIS,42,6.2,300.9,8.6,D,0
-27.3228,152.9825,322.5,1,1,2014-11-08,0005,Terra,MODIS,46,6.2,305.5,6.7,D,2
-27.6604,153.0387,321.4,1,1,2014-11-08,0005,Terra,MODIS,32,6.2,306.6,6.2,D,0
-25.3322,148.9888,336.5,1.3,1.1,2014-11-08,0005,Terra,MODIS,81,6.2,310.7,34,D,0
-24.7505,147.9507,327.4,1.5,1.2,2014-11-08,0005,Terra,MODIS,42,6.2,304,25.1,D,0
-27.6845,153.0776,322.5,1,1,2014-11-08,0005,Terra,MODIS,46,6.2,305.3,7.4,D,0
-24.761,147.9468,331.5,1.5,1.2,2014-11-08,0005,Terra,MODIS,41,6.2,303.9,32.3,D,0
-24.7791,147.9868,333.6,1.5,1.2,2014-11-08,0005,Terra,MODIS,51,6.2,307.3,31.6,D,0
-24.8794,148.6856,327.2,1.3,1.1,2014-11-08,0005,Terra,MODIS,65,6.2,308.5,17,D,0
-24.6115,148.2101,341.9,1.4,1.2,2014-11-08,0005,Terra,MODIS,86,6.2,306.6,55.1,D,0
-24.6033,148.226,325.2,1.4,1.2,2014-11-08,0005,Terra,MODIS,32,6.2,307.9,14.2,D,0
-24.614,148.2245,338.3,1.4,1.2,2014-11-08,0005,Terra,MODIS,77,6.2,305,44.6,D,0
-24.8944,148.5875,361.1,1.3,1.1,2014-11-08,0005,Terra,MODIS,100,6.2,313,106.6,D,0
-24.8817,148.6988,359.4,1.3,1.1,2014-11-08,0005,Terra,MODIS,99,6.2,309.9,106.7,D,0
-24.8841,148.5897,341.2,1.3,1.1,2014-11-08,0005,Terra,MODIS,86,6.2,313.2,40.2,D,0
-24.8966,148.6007,337.9,1.3,1.1,2014-11-08,0005,Terra,MODIS,83,6.2,313.3,29,D,0
-24.7309,148.0271,328.3,1.5,1.2,2014-11-08,0005,Terra,MODIS,67,6.2,307,27.5,D,0
-24.7415,148.0245,329.2,1.5,1.2,2014-11-08,0005,Terra,MODIS,65,6.2,307.6,27.2,D,0
-24.8919,148.6967,345.6,1.3,1.1,2014-11-08,0005,Terra,MODIS,90,6.2,309.4,57.4,D,0
-27.3136,152.984,322.2,1,1,2014-11-08,0005,Terra,MODIS,53,6.2,304.2,6.3,D,2
-24.8626,147.7315,328.2,1.5,1.2,2014-11-08,0005,Terra,MODIS,67,6.2,310.5,25.1,D,0
-28.8188,142.5287,341.9,2.8,1.6,2014-11-08,0006,Terra,MODIS,85,6.2,318.1,122.5,D,0
-28.834,142.5172,329.7,2.8,1.6,2014-11-08,0006,Terra,MODIS,59,6.2,315.7,44.7,D,0
-28.8329,142.5247,335.6,2.8,1.6,2014-11-08,0006,Terra,MODIS,72,6.2,315.8,78.3,D,0
-28.8198,142.5211,346,2.8,1.6,2014-11-08,0006,Terra,MODIS,89,6.2,318.8,157.5,D,0
-29.9067,152.4153,315.3,1,1,2014-11-08,0006,Terra,MODIS,52,6.2,297.7,9.8,D,0
-28.4484,149.8157,330.6,1.1,1,2014-11-08,0006,Terra,MODIS,65,6.2,313.1,9.9,D,0
-31.444,146.2164,329.4,1.4,1.2,2014-11-08,0007,Terra,MODIS,64,6.2,316.7,18.9,D,0
-33.4276,149.7411,327.7,1,1,2014-11-08,0007,Terra,MODIS,76,6.2,308,14.9,D,0
-33.7564,150.9115,319.5,1,1,2014-11-08,0007,Terra,MODIS,64,6.2,305,5.1,D,0
-34.4591,150.88,322.5,1,1,2014-11-08,0007,Terra,MODIS,57,6.2,305.3,10.9,D,2
-33.7966,150.8751,318.6,1,1,2014-11-08,0007,Terra,MODIS,17,6.2,304.7,5.9,D,0
-33.0604,151.5238,309.3,1,1,2014-11-08,0007,Terra,MODIS,0,6.2,298.7,4.4,D,0
-33.9365,150.8858,317.7,1,1,2014-11-08,0007,Terra,MODIS,65,6.2,303.4,3.6,D,0
-41.2246,148.2747,319.6,1,1,2014-11-08,0009,Terra,MODIS,59,6.2,295.4,12.8,D,0
-41.2138,148.265,316.1,1,1,2014-11-08,0009,Terra,MODIS,34,6.2,297.8,8.9,D,0
-13.2856,130.7002,334.1,1,1,2014-11-08,0140,Terra,MODIS,58,6.2,310.3,18,D,0
-14.2003,135.08,344.9,1.6,1.3,2014-11-08,0140,Terra,MODIS,88,6.2,310,66.6,D,0
-13.7411,135.5079,332,1.7,1.3,2014-11-08,0140,Terra,MODIS,68,6.2,309.2,29.1,D,0
-13.8989,135.7939,332,1.8,1.3,2014-11-08,0140,Terra,MODIS,62,6.2,308,27.8,D,0
-13.8933,135.8003,331.1,1.8,1.3,2014-11-08,0140,Terra,MODIS,46,6.2,306.5,26.7,D,0
-12.3011,136.3938,330,1.9,1.4,2014-11-08,0140,Terra,MODIS,36,6.2,309.4,33.4,D,0
-14.2387,135.2948,340.5,1.7,1.3,2014-11-08,0140,Terra,MODIS,84,6.2,310,54.4,D,0
-14.1512,135.2327,350,1.7,1.3,2014-11-08,0140,Terra,MODIS,93,6.2,311.4,83.3,D,0
-14.1877,135.2439,336.7,1.7,1.3,2014-11-08,0140,Terra,MODIS,79,6.2,312.2,31,D,0
-13.739,135.4918,331.1,1.7,1.3,2014-11-08,0140,Terra,MODIS,59,6.2,309.3,25.3,D,0
-14.0119,134.0649,332.6,1.4,1.2,2014-11-08,0140,Terra,MODIS,72,6.2,310.4,22.4,D,0
-13.2946,130.6988,332.3,1,1,2014-11-08,0140,Terra,MODIS,57,6.2,308.6,14.7,D,0
-14.0442,136.5863,335.1,2.1,1.4,2014-11-08,0140,Terra,MODIS,76,6.2,301.9,69.4,D,0
-13.1467,131.7102,339.1,1,1,2014-11-08,0140,Terra,MODIS,73,6.2,312.5,15.5,D,0
-13.9329,134.1602,340,1.4,1.2,2014-11-08,0140,Terra,MODIS,73,6.2,312.6,37.2,D,0
-13.1454,131.7007,340.7,1,1,2014-11-08,0140,Terra,MODIS,84,6.2,311.5,19.5,D,0
-13.7527,135.5066,330.1,1.7,1.3,2014-11-08,0140,Terra,MODIS,56,6.2,309.3,21.1,D,0
-14.0466,136.606,328.9,2.1,1.4,2014-11-08,0140,Terra,MODIS,61,6.2,303.5,44.7,D,0
-13.1362,131.702,344.4,1,1,2014-11-08,0140,Terra,MODIS,88,6.2,313,27.6,D,0
-14.1989,136.6822,326.4,2.2,1.4,2014-11-08,0140,Terra,MODIS,46,6.2,304,30,D,0
-14.1659,135.0751,346.5,1.6,1.3,2014-11-08,0140,Terra,MODIS,90,6.2,311,69.5,D,0
-13.1349,131.6925,337.7,1,1,2014-11-08,0140,Terra,MODIS,74,6.2,310.8,16.6,D,0
-11.9302,132.7176,334.1,1.1,1,2014-11-08,0140,Terra,MODIS,53,6.2,309.9,21.1,D,0
-14.2648,136.6891,325.6,2.2,1.4,2014-11-08,0140,Terra,MODIS,15,6.2,303.2,20.4,D,0
-14.2575,135.1658,330.8,1.7,1.3,2014-11-08,0140,Terra,MODIS,59,6.2,309,25.6,D,0
-13.3449,133.7938,335.4,1.3,1.1,2014-11-08,0140,Terra,MODIS,40,6.2,315.3,19,D,0
-12.1074,136.3062,328.4,1.9,1.3,2014-11-08,0140,Terra,MODIS,81,6.2,305.9,26.2,D,0
-13.3686,133.8151,332.1,1.3,1.1,2014-11-08,0140,Terra,MODIS,46,6.2,312.7,12.5,D,0
-14.2541,134.7796,338,1.6,1.2,2014-11-08,0140,Terra,MODIS,77,6.2,314.4,35.3,D,0
-13.3417,133.7699,356.2,1.3,1.1,2014-11-08,0140,Terra,MODIS,97,6.2,314.6,81.6,D,0
-14.2558,135.2449,343.5,1.7,1.3,2014-11-08,0140,Terra,MODIS,87,6.2,310.5,63.7,D,0
-12.4206,132.8679,332.2,1.1,1.1,2014-11-08,0140,Terra,MODIS,56,6.2,312.2,16.3,D,0
-14.2689,134.8073,333.2,1.6,1.2,2014-11-08,0140,Terra,MODIS,35,6.2,310.8,20.6,D,0
-12.4928,136.6705,325.1,2,1.4,2014-11-08,0140,Terra,MODIS,43,6.2,303.1,27.3,D,0
-14.246,135.1674,333,1.7,1.3,2014-11-08,0140,Terra,MODIS,67,6.2,309.8,30.4,D,0
-13.3433,133.7818,347.8,1.3,1.1,2014-11-08,0140,Terra,MODIS,92,6.2,317.3,52.5,D,0
-13.3519,133.7684,334,1.3,1.1,2014-11-08,0140,Terra,MODIS,67,6.2,313.6,19.1,D,0
-12.7408,136.3616,326.4,2,1.4,2014-11-08,0140,Terra,MODIS,23,6.2,305.3,20.4,D,0
-14.3265,134.8091,332.7,1.6,1.2,2014-11-08,0140,Terra,MODIS,41,6.2,312.4,24.6,D,0
-12.6229,131.6531,327.9,1,1,2014-11-08,0140,Terra,MODIS,27,6.2,311,13.5,D,0
-11.8495,132.7969,336.3,1.1,1.1,2014-11-08,0140,Terra,MODIS,28,6.2,312,21.1,D,0
-11.2912,131.161,337.3,1,1,2014-11-08,0140,Terra,MODIS,53,6.2,303.4,20.5,D,0
-11.2769,131.1259,333.8,1,1,2014-11-08,0140,Terra,MODIS,68,6.2,300.7,19.2,D,0
-11.2782,131.135,342.8,1,1,2014-11-08,0140,Terra,MODIS,91,6.2,300.5,33.1,D,0
-11.2795,131.1441,344.7,1,1,2014-11-08,0140,Terra,MODIS,92,6.2,302.4,36.1,D,0
-11.2809,131.1532,349.6,1,1,2014-11-08,0140,Terra,MODIS,90,6.2,304.6,46.6,D,0
-11.2822,131.1623,330.4,1,1,2014-11-08,0140,Terra,MODIS,0,6.2,303,13.6,D,0
-13.1136,136.0875,327.7,1.9,1.3,2014-11-08,0140,Terra,MODIS,49,6.2,308.6,19.5,D,0
-13.1092,136.0946,328.7,1.9,1.3,2014-11-08,0140,Terra,MODIS,58,6.2,308.6,23.4,D,0
-14.3265,134.8148,334.9,1.6,1.2,2014-11-08,0140,Terra,MODIS,60,6.2,311.4,28.8,D,0
-12.3135,131.6078,347.4,1,1,2014-11-08,0140,Terra,MODIS,92,6.2,306.3,42.5,D,0
-12.3121,131.5985,347.4,1,1,2014-11-08,0140,Terra,MODIS,92,6.2,306.5,44.4,D,0
-12.3148,131.6172,329,1,1,2014-11-08,0140,Terra,MODIS,38,6.2,305.6,11.5,D,0
-12.3057,131.6185,326.6,1,1,2014-11-08,0140,Terra,MODIS,43,6.2,305.1,9.4,D,0
-12.3044,131.6091,339.8,1,1,2014-11-08,0140,Terra,MODIS,86,6.2,306.1,28.9,D,0
-12.7386,136.3439,338.9,1.9,1.4,2014-11-08,0140,Terra,MODIS,85,6.2,304.6,63.7,D,0
-14.5577,135.1876,332.7,1.7,1.3,2014-11-08,0140,Terra,MODIS,52,6.2,312.6,24,D,0
-12.9618,136.1364,333.6,1.9,1.3,2014-11-08,0140,Terra,MODIS,70,6.2,308.8,40.1,D,0
-12.9597,136.119,332.3,1.9,1.3,2014-11-08,0140,Terra,MODIS,60,6.2,308.9,32.4,D,0
-12.4702,130.7281,332.5,1,1,2014-11-08,0140,Terra,MODIS,67,6.2,311.9,13.1,D,0
-13.6222,130.1118,333.9,1,1,2014-11-08,0140,Terra,MODIS,53,6.2,310.3,21,D,0
-13.5781,130.1249,336.4,1,1,2014-11-08,0140,Terra,MODIS,60,6.2,311,23.9,D,0
-13.0034,130.4086,337.7,1,1,2014-11-08,0140,Terra,MODIS,32,6.2,314.8,22.5,D,0
-13.6326,130.1196,332.6,1,1,2014-11-08,0140,Terra,MODIS,73,6.2,309.6,19,D,0
-13.1526,130.3609,333.8,1,1,2014-11-08,0140,Terra,MODIS,40,6.2,310.4,13.6,D,0
-13.6161,130.3818,332.2,1,1,2014-11-08,0140,Terra,MODIS,67,6.2,309.1,18,D,0
-13.6203,130.0369,332.4,1,1,2014-11-08,0140,Terra,MODIS,31,6.2,306.5,14.8,D,0
-12.9675,130.3546,340.9,1,1,2014-11-08,0140,Terra,MODIS,73,6.2,313.6,27.2,D,0
-13.158,130.1481,330.5,1,1,2014-11-08,0140,Terra,MODIS,58,6.2,302.6,16.2,D,0
-16.2616,124.9191,326.7,1.6,1.2,2014-11-08,0141,Terra,MODIS,51,6.2,300.6,16.9,D,0
-15.5835,129.9262,330.6,1,1,2014-11-08,0141,Terra,MODIS,47,6.2,305.8,10.6,D,0
-16.2605,124.9127,329.1,1.6,1.2,2014-11-08,0141,Terra,MODIS,73,6.2,300.4,23.5,D,0
-15.5283,129.9252,331.3,1,1,2014-11-08,0141,Terra,MODIS,41,6.2,305.5,10.1,D,0
-15.5418,129.03,335.7,1,1,2014-11-08,0141,Terra,MODIS,71,6.2,308.3,16.6,D,0
-15.6173,127.4432,333.2,1.2,1.1,2014-11-08,0141,Terra,MODIS,65,6.2,307.2,13.9,D,0
-15.5642,129.9197,331.3,1,1,2014-11-08,0141,Terra,MODIS,37,6.2,307.6,9.5,D,0
-15.5432,129.0395,335.3,1,1,2014-11-08,0141,Terra,MODIS,69,6.2,306.7,16.6,D,0
-16.9219,133.6302,354.7,1.4,1.2,2014-11-08,0141,Terra,MODIS,96,6.2,305.3,94.8,D,0
-16.9236,133.6435,341.4,1.4,1.2,2014-11-08,0141,Terra,MODIS,71,6.2,306.5,49.6,D,0
-16.9269,133.6703,369.9,1.4,1.2,2014-11-08,0141,Terra,MODIS,100,6.2,308.4,166.8,D,0
-16.9309,133.6154,333,1.4,1.2,2014-11-08,0141,Terra,MODIS,70,6.2,301.7,32.5,D,0
-16.9326,133.6288,346,1.4,1.2,2014-11-08,0141,Terra,MODIS,89,6.2,301.5,67.4,D,0
-16.9342,133.6421,347.6,1.4,1.2,2014-11-08,0141,Terra,MODIS,90,6.2,303.3,72.5,D,0
-16.9315,133.5348,337.2,1.4,1.2,2014-11-08,0141,Terra,MODIS,78,6.2,309.2,27.5,D,0
-16.9476,133.4926,331.1,1.4,1.2,2014-11-08,0141,Terra,MODIS,41,6.2,307.2,20.6,D,0
-16.9543,133.5452,333.8,1.4,1.2,2014-11-08,0141,Terra,MODIS,48,6.2,307.8,25.5,D,0
-16.9632,133.5306,335.5,1.4,1.2,2014-11-08,0141,Terra,MODIS,63,6.2,306.1,30.9,D,0
-16.9649,133.5437,334.9,1.4,1.2,2014-11-08,0141,Terra,MODIS,65,6.2,305.5,30.6,D,0
-16.9666,133.5569,333,1.4,1.2,2014-11-08,0141,Terra,MODIS,70,6.2,306.7,27.6,D,0
-16.9772,133.5555,351.9,1.4,1.2,2014-11-08,0141,Terra,MODIS,94,6.2,305.8,85.4,D,0
-16.9789,133.5687,373.8,1.4,1.2,2014-11-08,0141,Terra,MODIS,100,6.2,307.3,191.4,D,0
-16.682,133.8511,336.9,1.5,1.2,2014-11-08,0141,Terra,MODIS,79,6.2,309.5,32.3,D,0
-16.6838,133.8647,349.4,1.5,1.2,2014-11-08,0141,Terra,MODIS,92,6.2,308.9,74.6,D,0
-16.6868,133.8579,349.4,1.5,1.2,2014-11-08,0141,Terra,MODIS,92,6.2,310.1,73.9,D,0
-16.6885,133.8716,331.7,1.5,1.2,2014-11-08,0141,Terra,MODIS,69,6.2,307.9,22.1,D,0
-16.6976,133.8565,336.6,1.5,1.2,2014-11-08,0141,Terra,MODIS,78,6.2,310.2,34.5,D,0
-16.6993,133.8702,332.3,1.5,1.2,2014-11-08,0141,Terra,MODIS,70,6.2,309.2,23.5,D,0
-16.7083,133.8551,378.5,1.5,1.2,2014-11-08,0141,Terra,MODIS,100,6.2,311.1,227.6,D,0
-16.71,133.8688,360.5,1.5,1.2,2014-11-08,0141,Terra,MODIS,100,6.2,311.8,123.7,D,0
-16.7191,133.8537,370.3,1.5,1.2,2014-11-08,0141,Terra,MODIS,100,6.2,305.4,174.1,D,0
-16.7208,133.8674,412.4,1.5,1.2,2014-11-08,0141,Terra,MODIS,100,6.2,312.6,557.4,D,0
-16.7226,133.8811,354.4,1.5,1.2,2014-11-08,0141,Terra,MODIS,96,6.2,308.3,95.1,D,0
-16.9895,133.5673,328.5,1.4,1.2,2014-11-08,0141,Terra,MODIS,52,6.2,303.6,21.8,D,0
-16.8514,133.8302,328.9,1.5,1.2,2014-11-08,0141,Terra,MODIS,14,6.2,306,20,D,0
-16.8603,133.8151,343.2,1.5,1.2,2014-11-08,0141,Terra,MODIS,86,6.2,304.2,57.2,D,0
-16.8621,133.8287,340.4,1.5,1.2,2014-11-08,0141,Terra,MODIS,83,6.2,304.4,51.5,D,0
-16.8617,133.7944,335.7,1.5,1.2,2014-11-08,0141,Terra,MODIS,63,6.2,304.1,36.5,D,0
-16.8651,133.8217,337.5,1.5,1.2,2014-11-08,0141,Terra,MODIS,77,6.2,303.2,43,D,0
-16.8668,133.8354,328.9,1.5,1.2,2014-11-08,0141,Terra,MODIS,56,6.2,302.9,23.8,D,0
-16.8353,133.7908,342.2,1.5,1.2,2014-11-08,0141,Terra,MODIS,85,6.2,308.7,40.1,D,0
-16.9184,133.4306,339.7,1.4,1.2,2014-11-08,0141,Terra,MODIS,82,6.2,306.3,42.8,D,0
-16.92,133.4436,335,1.4,1.2,2014-11-08,0141,Terra,MODIS,74,6.2,304.8,31.9,D,0
-16.9289,133.4292,344.2,1.4,1.2,2014-11-08,0141,Terra,MODIS,87,6.2,307.6,55.9,D,0
-16.9305,133.4421,343.2,1.4,1.2,2014-11-08,0141,Terra,MODIS,86,6.2,306.7,53.7,D,0
-16.941,133.4407,340.7,1.4,1.2,2014-11-08,0141,Terra,MODIS,83,6.2,307,47.3,D,0
-16.838,133.4341,332.2,1.4,1.2,2014-11-08,0141,Terra,MODIS,68,6.2,307.5,19.5,D,0
-16.8396,133.4469,327.6,1.4,1.2,2014-11-08,0141,Terra,MODIS,30,6.2,306,11.3,D,0
-16.8679,133.6701,334.2,1.4,1.2,2014-11-08,0141,Terra,MODIS,44,6.2,308.4,21.6,D,0
-16.8501,133.4455,327.7,1.4,1.2,2014-11-08,0141,Terra,MODIS,28,6.2,303.2,13,D,0
-16.86,133.5233,338.6,1.4,1.2,2014-11-08,0141,Terra,MODIS,80,6.2,307.4,32,D,0
-16.8589,133.4312,327.8,1.4,1.2,2014-11-08,0141,Terra,MODIS,32,6.2,307.9,13.6,D,0
-16.8706,133.5219,346.6,1.4,1.2,2014-11-08,0141,Terra,MODIS,90,6.2,308,55.8,D,0
-16.8807,133.6008,339.7,1.4,1.2,2014-11-08,0141,Terra,MODIS,82,6.2,309.9,32.4,D,0
-16.8841,133.6273,331.5,1.4,1.2,2014-11-08,0141,Terra,MODIS,58,6.2,309.2,12.8,D,0
-16.8794,133.5075,332.6,1.4,1.2,2014-11-08,0141,Terra,MODIS,53,6.2,307.8,20.3,D,0
-16.8811,133.5205,336.6,1.4,1.2,2014-11-08,0141,Terra,MODIS,77,6.2,308.2,27.5,D,0
-16.8947,133.6259,349.9,1.4,1.2,2014-11-08,0141,Terra,MODIS,92,6.2,308.3,67.2,D,0
-16.8964,133.6392,331.4,1.4,1.2,2014-11-08,0141,Terra,MODIS,66,6.2,308.7,12.8,D,0
-16.8916,133.5191,334.4,1.4,1.2,2014-11-08,0141,Terra,MODIS,69,6.2,308.2,21.8,D,0
-16.9053,133.6245,341.9,1.4,1.2,2014-11-08,0141,Terra,MODIS,83,6.2,307.3,43.2,D,0
-16.9008,133.4255,338.9,1.4,1.2,2014-11-08,0141,Terra,MODIS,81,6.2,307.8,40.4,D,0
-16.9025,133.4384,334.6,1.4,1.2,2014-11-08,0141,Terra,MODIS,74,6.2,306,30.7,D,0
-16.9079,133.432,341.8,1.4,1.2,2014-11-08,0141,Terra,MODIS,84,6.2,306.7,49.9,D,0
-14.5031,134.1541,332.7,1.4,1.2,2014-11-08,0141,Terra,MODIS,64,6.2,313,19.5,D,0
-14.5356,134.1161,328.8,1.4,1.2,2014-11-08,0141,Terra,MODIS,25,6.2,310.1,12,D,0
-14.5373,134.1292,330.4,1.4,1.2,2014-11-08,0141,Terra,MODIS,35,6.2,310.9,14.4,D,0
-16.81,133.4314,328.3,1.4,1.2,2014-11-08,0141,Terra,MODIS,51,6.2,308.5,11.9,D,0
-16.817,133.4368,338.5,1.4,1.2,2014-11-08,0141,Terra,MODIS,80,6.2,309.4,33.8,D,0
-16.8275,133.4354,346.8,1.4,1.2,2014-11-08,0141,Terra,MODIS,90,6.2,309.7,58.3,D,0
-16.8291,133.4483,340.3,1.4,1.2,2014-11-08,0141,Terra,MODIS,83,6.2,308.6,40.2,D,0
-15.4572,126.5795,346.8,1.3,1.1,2014-11-08,0141,Terra,MODIS,82,6.2,307.5,49.3,D,0
-15.4592,126.5915,385.2,1.3,1.1,2014-11-08,0141,Terra,MODIS,100,6.2,307.7,223,D,0
-15.4612,126.6034,331.8,1.3,1.1,2014-11-08,0141,Terra,MODIS,30,6.2,306.6,12.2,D,0
-16.914,133.6912,343.5,1.4,1.2,2014-11-08,0141,Terra,MODIS,87,6.2,306.4,52.5,D,0
-16.9246,133.6898,345.7,1.4,1.2,2014-11-08,0141,Terra,MODIS,89,6.2,306,59.9,D,0
-16.9353,133.6884,345.1,1.4,1.2,2014-11-08,0141,Terra,MODIS,88,6.2,305.6,60.8,D,0
-16.9285,133.6837,371.9,1.4,1.2,2014-11-08,0141,Terra,MODIS,100,6.2,308.3,179.5,D,0
-16.9302,133.6972,328.3,1.4,1.2,2014-11-08,0141,Terra,MODIS,39,6.2,305.1,18.8,D,0
-16.9392,133.6823,344.9,1.4,1.2,2014-11-08,0141,Terra,MODIS,88,6.2,304.9,62.9,D,0
-16.9409,133.6957,329.4,1.4,1.2,2014-11-08,0141,Terra,MODIS,58,6.2,304.4,22.9,D,0
-17.0245,132.1337,340.7,1.2,1.1,2014-11-08,0141,Terra,MODIS,67,6.2,314.2,25.3,D,0
-17.0565,132.1514,338.9,1.2,1.1,2014-11-08,0141,Terra,MODIS,68,6.2,314.7,21.3,D,0
-17.0729,132.1269,338.7,1.2,1.1,2014-11-08,0141,Terra,MODIS,78,6.2,313.2,18.8,D,0
-17.0759,132.1487,348.1,1.2,1.1,2014-11-08,0141,Terra,MODIS,90,6.2,314.9,42.7,D,0
-17.0796,132.1037,354.4,1.2,1.1,2014-11-08,0141,Terra,MODIS,95,6.2,312.1,62.4,D,0
-17.0811,132.1146,357.9,1.2,1.1,2014-11-08,0141,Terra,MODIS,98,6.2,312.9,72.7,D,0
-17.0826,132.1255,341.7,1.2,1.1,2014-11-08,0141,Terra,MODIS,82,6.2,311.8,26.4,D,0
-17.0841,132.1365,339.8,1.2,1.1,2014-11-08,0141,Terra,MODIS,79,6.2,312.6,22.8,D,0
-17.0856,132.1474,347.9,1.2,1.1,2014-11-08,0141,Terra,MODIS,90,6.2,313.4,43.2,D,0
-17.08,132.0093,343.6,1.2,1.1,2014-11-08,0141,Terra,MODIS,85,6.2,309,37.4,D,0
-16.7675,133.8892,340.2,1.5,1.2,2014-11-08,0141,Terra,MODIS,79,6.2,308.1,43,D,0
-16.4667,132.9199,340.3,1.3,1.1,2014-11-08,0141,Terra,MODIS,84,6.2,307,35.6,D,0
-16.4654,132.914,332.5,1.3,1.1,2014-11-08,0141,Terra,MODIS,70,6.2,307.3,19.5,D,0
-16.4669,132.9259,331.1,1.3,1.1,2014-11-08,0141,Terra,MODIS,66,6.2,307.2,17.2,D,0
-17.0893,132.1024,361.8,1.2,1.1,2014-11-08,0141,Terra,MODIS,100,6.2,308.1,91.5,D,0
-17.0908,132.1133,384.1,1.2,1.1,2014-11-08,0141,Terra,MODIS,100,6.2,311.6,192.1,D,0
-17.0923,132.1242,356.8,1.2,1.1,2014-11-08,0141,Terra,MODIS,96,6.2,308.9,74.6,D,0
-17.0938,132.1351,340.7,1.2,1.1,2014-11-08,0141,Terra,MODIS,71,6.2,308.8,32.1,D,0
-17.093,132.107,364.7,1.2,1.1,2014-11-08,0141,Terra,MODIS,100,6.2,306.1,105.8,D,0
-17.1263,130.8656,350.5,1,1,2014-11-08,0141,Terra,MODIS,92,6.2,310,46.4,D,0
-17.1277,130.8753,335.8,1,1,2014-11-08,0141,Terra,MODIS,71,6.2,313,17.7,D,0
-17.1355,130.8642,337.7,1,1,2014-11-08,0141,Terra,MODIS,76,6.2,309.5,21.6,D,0
-17.0774,132.0157,352.8,1.2,1.1,2014-11-08,0141,Terra,MODIS,94,6.2,312.2,59.4,D,0
-17.0814,132.0201,334.1,1.2,1.1,2014-11-08,0141,Terra,MODIS,52,6.2,311.5,18,D,0
-14.5513,134.1545,330.9,1.4,1.2,2014-11-08,0141,Terra,MODIS,49,6.2,308.3,16,D,0
-16.5717,133.7076,331.5,1.4,1.2,2014-11-08,0141,Terra,MODIS,42,6.2,307.4,18,D,0
-16.5759,133.701,333.4,1.4,1.2,2014-11-08,0141,Terra,MODIS,53,6.2,308.7,21.5,D,0
-16.5775,133.7143,332.1,1.4,1.2,2014-11-08,0141,Terra,MODIS,47,6.2,308.3,18.9,D,0
-16.6089,133.7917,336.3,1.4,1.2,2014-11-08,0141,Terra,MODIS,54,6.2,309.6,29,D,0
-16.6214,133.8038,339.4,1.4,1.2,2014-11-08,0141,Terra,MODIS,60,6.2,309.2,36.2,D,0
-16.745,133.5059,330.7,1.4,1.2,2014-11-08,0141,Terra,MODIS,60,6.2,309.2,18.6,D,0
-16.7466,133.5189,335.4,1.4,1.2,2014-11-08,0141,Terra,MODIS,72,6.2,309.1,30.8,D,0
-16.7598,133.6237,328.9,1.4,1.2,2014-11-08,0141,Terra,MODIS,43,6.2,304.1,18.7,D,0
-16.7571,133.5174,348,1.4,1.2,2014-11-08,0141,Terra,MODIS,91,6.2,307.8,65.3,D,0
-16.792,133.5391,333.5,1.4,1.2,2014-11-08,0141,Terra,MODIS,35,6.2,310.5,20.4,D,0
-16.8301,133.5407,333.3,1.4,1.2,2014-11-08,0141,Terra,MODIS,57,6.2,309.2,14.9,D,0
-16.8165,136.9807,347.9,2.5,1.5,2014-11-08,0141,Terra,MODIS,92,6.2,305,154.2,D,0
-16.819,137.0038,347.1,2.5,1.5,2014-11-08,0141,Terra,MODIS,91,6.2,304.3,149.5,D,0
-15.1712,125.3553,324.6,1.6,1.2,2014-11-08,0141,Terra,MODIS,0,6.2,300.5,22.3,D,0
-14.6002,125.5293,339.6,1.6,1.2,2014-11-08,0141,Terra,MODIS,84,6.2,302.8,53.8,D,0
-16.9122,133.6778,333,1.4,1.2,2014-11-08,0141,Terra,MODIS,51,6.2,307,19.8,D,0
-16.9159,133.623,365.3,1.4,1.2,2014-11-08,0141,Terra,MODIS,100,6.2,307.4,139.2,D,0
-16.9177,133.6364,356.5,1.4,1.2,2014-11-08,0141,Terra,MODIS,97,6.2,306.7,99.2,D,0
-16.9229,133.6764,384.7,1.4,1.2,2014-11-08,0141,Terra,MODIS,100,6.2,308.8,259.4,D,0
-16.9248,133.6084,336.6,1.4,1.2,2014-11-08,0141,Terra,MODIS,77,6.2,303.5,39.5,D,0
-16.9266,133.6217,370.2,1.4,1.2,2014-11-08,0141,Terra,MODIS,100,6.2,304.4,172.1,D,0
-16.9283,133.6349,371,1.4,1.2,2014-11-08,0141,Terra,MODIS,100,6.2,304.5,175.2,D,0
-16.93,133.6483,337.7,1.4,1.2,2014-11-08,0141,Terra,MODIS,58,6.2,305.2,39.3,D,0
-16.9335,133.675,371.9,1.4,1.2,2014-11-08,0141,Terra,MODIS,100,6.2,306.9,178.4,D,0
-16.9203,133.6169,362.5,1.4,1.2,2014-11-08,0141,Terra,MODIS,100,6.2,307.3,132.2,D,0
-17.5106,131.4437,336.4,1.1,1,2014-11-08,0141,Terra,MODIS,52,6.2,315.4,14.1,D,0
-14.5421,130.6701,333.7,1,1,2014-11-08,0141,Terra,MODIS,38,6.2,309.3,15.3,D,0
-17.5425,131.397,343.6,1.1,1,2014-11-08,0141,Terra,MODIS,71,6.2,311.4,29.2,D,0
-15.7482,136.4871,328.7,2.2,1.4,2014-11-08,0141,Terra,MODIS,41,6.2,302.2,37.9,D,0
-17.1324,129.012,338.4,1,1,2014-11-08,0141,Terra,MODIS,64,6.2,307.9,19.2,D,0
-15.5947,127.4252,354.5,1.2,1.1,2014-11-08,0141,Terra,MODIS,96,6.2,304.3,69.4,D,0
-15.2684,128.8724,332,1,1,2014-11-08,0141,Terra,MODIS,58,6.2,308.7,10.4,D,0
-15.2699,128.8819,331.1,1,1,2014-11-08,0141,Terra,MODIS,39,6.2,307.6,9.4,D,0
-15.3832,130.89,336.5,1,1,2014-11-08,0141,Terra,MODIS,76,6.2,310.3,16.3,D,0
-15.2731,128.8423,333.3,1,1,2014-11-08,0141,Terra,MODIS,70,6.2,306.4,12.7,D,0
-17.2477,128.9201,336.4,1,1,2014-11-08,0141,Terra,MODIS,73,6.2,308.9,18.2,D,0
-15.4645,127.8877,333.5,1.1,1,2014-11-08,0141,Terra,MODIS,47,6.2,305.7,10.6,D,0
-15.4588,127.8848,341.9,1.1,1,2014-11-08,0141,Terra,MODIS,84,6.2,304.2,29.1,D,0
-15.551,127.4826,330.9,1.2,1.1,2014-11-08,0141,Terra,MODIS,58,6.2,306.7,10.9,D,0
-15.5527,127.4932,341.1,1.2,1.1,2014-11-08,0141,Terra,MODIS,83,6.2,308.1,28.4,D,0
-15.5544,127.5038,338.7,1.1,1.1,2014-11-08,0141,Terra,MODIS,80,6.2,309.3,22.5,D,0
-15.556,127.5143,338.7,1.1,1.1,2014-11-08,0141,Terra,MODIS,80,6.2,309.6,22.5,D,0
-15.3822,130.9482,333.5,1,1,2014-11-08,0141,Terra,MODIS,54,6.2,308.3,13.3,D,0
-15.5589,127.4703,340.3,1.2,1.1,2014-11-08,0141,Terra,MODIS,82,6.2,305,28.9,D,0
-15.3782,130.9198,333.3,1,1,2014-11-08,0141,Terra,MODIS,61,6.2,309.4,10.3,D,0
-15.5606,127.481,338,1.2,1.1,2014-11-08,0141,Terra,MODIS,79,6.2,307.1,22.4,D,0
-15.5012,129.9922,337,1,1,2014-11-08,0141,Terra,MODIS,75,6.2,309.2,15.3,D,0
-15.5025,130.0015,333.4,1,1,2014-11-08,0141,Terra,MODIS,44,6.2,308.6,10.8,D,0
-15.5039,130.0107,332,1,1,2014-11-08,0141,Terra,MODIS,33,6.2,308.5,9.8,D,0
-15.3768,130.9103,335.7,1,1,2014-11-08,0141,Terra,MODIS,74,6.2,309.4,13.4,D,0
-15.3755,130.9008,338.7,1,1,2014-11-08,0141,Terra,MODIS,80,6.2,309.4,19,D,0
-15.5623,127.4916,336.4,1.2,1.1,2014-11-08,0141,Terra,MODIS,73,6.2,308.6,17.6,D,0
-15.5668,127.4581,331.8,1.2,1.1,2014-11-08,0141,Terra,MODIS,51,6.2,303,13.9,D,0
-15.4263,130.932,367.6,1,1,2014-11-08,0141,Terra,MODIS,100,6.2,307.3,90.2,D,0
-16.8056,129.1658,337.6,1,1,2014-11-08,0141,Terra,MODIS,79,6.2,310.2,16.9,D,0
-15.4382,130.9496,339.4,1,1,2014-11-08,0141,Terra,MODIS,81,6.2,306.2,27.2,D,0
-15.4473,130.9483,362.5,1,1,2014-11-08,0141,Terra,MODIS,100,6.2,306.6,78.4,D,0
-15.3973,130.859,355.6,1,1,2014-11-08,0141,Terra,MODIS,97,6.2,309.8,55.2,D,0
-14.4204,130.6562,335.9,1,1,2014-11-08,0141,Terra,MODIS,81,6.2,304.5,22.8,D,0
-15.8382,130.7913,334.8,1,1,2014-11-08,0141,Terra,MODIS,73,6.2,306.2,13.6,D,0
-15.4536,130.9278,380,1,1,2014-11-08,0141,Terra,MODIS,100,6.2,308.8,138.9,D,0
-15.455,130.9373,334.1,1,1,2014-11-08,0141,Terra,MODIS,56,6.2,304,15.6,D,0
-14.7727,127.0982,339.4,1.2,1.1,2014-11-08,0141,Terra,MODIS,76,6.2,306.6,30.6,D,0
-15.8369,130.7819,329.9,1,1,2014-11-08,0141,Terra,MODIS,31,6.2,308.2,6.9,D,0
-15.82,130.7939,336.7,1,1,2014-11-08,0141,Terra,MODIS,78,6.2,307.9,17.1,D,0
-15.5052,130.02,342.2,1,1,2014-11-08,0141,Terra,MODIS,84,6.2,308.7,26.6,D,0
-15.3999,129.7427,334.7,1,1,2014-11-08,0141,Terra,MODIS,73,6.2,306.6,13.8,D,0
-15.7852,127.0897,332.5,1.2,1.1,2014-11-08,0141,Terra,MODIS,70,6.2,310.1,16.7,D,0
-14.7745,127.1097,346.3,1.2,1.1,2014-11-08,0141,Terra,MODIS,90,6.2,308.2,46.3,D,0
-14.7825,127.0966,338.7,1.2,1.1,2014-11-08,0141,Terra,MODIS,76,6.2,303.1,30.7,D,0
-14.7843,127.108,348.4,1.2,1.1,2014-11-08,0141,Terra,MODIS,91,6.2,306.3,53.5,D,0
-14.7841,127.1015,347.3,1.2,1.1,2014-11-08,0141,Terra,MODIS,91,6.2,304.7,51.1,D,0
-14.7859,127.1129,331.2,1.2,1.1,2014-11-08,0141,Terra,MODIS,55,6.2,306.9,12.9,D,0
-15.5748,127.4458,331.4,1.2,1.1,2014-11-08,0141,Terra,MODIS,53,6.2,303.4,15.3,D,0
-15.5772,127.439,333,1.2,1.1,2014-11-08,0141,Terra,MODIS,54,6.2,303.7,16.1,D,0
-15.5789,127.4496,332.8,1.2,1.1,2014-11-08,0141,Terra,MODIS,69,6.2,304.8,13.3,D,0
-15.5851,127.4268,353.3,1.2,1.1,2014-11-08,0141,Terra,MODIS,95,6.2,304.9,64.6,D,0
-15.5868,127.4374,363.1,1.2,1.1,2014-11-08,0141,Terra,MODIS,100,6.2,307.5,93.8,D,0
-15.5066,130.0292,334.1,1,1,2014-11-08,0141,Terra,MODIS,66,6.2,306.2,14.4,D,0
-15.5964,127.4359,366.5,1.2,1.1,2014-11-08,0141,Terra,MODIS,100,6.2,307.8,107.1,D,0
-15.3985,129.7335,338.9,1,1,2014-11-08,0141,Terra,MODIS,80,6.2,308.1,20.7,D,0
-15.6059,127.4341,343.3,1.2,1.1,2014-11-08,0141,Terra,MODIS,86,6.2,305,36.8,D,0
-15.3833,129.7548,335,1,1,2014-11-08,0141,Terra,MODIS,58,6.2,308.8,16.9,D,0
-15.3819,129.7455,339.9,1,1,2014-11-08,0141,Terra,MODIS,80,6.2,309.2,24.6,D,0
-16.807,129.1752,329.9,1,1,2014-11-08,0141,Terra,MODIS,51,6.2,309.1,7.1,D,0
-16.825,129.1724,335.3,1,1,2014-11-08,0141,Terra,MODIS,71,6.2,309.9,13.5,D,0
-16.834,129.1709,337.4,1,1,2014-11-08,0141,Terra,MODIS,79,6.2,309.8,16.9,D,0
-16.843,129.1695,337,1,1,2014-11-08,0141,Terra,MODIS,78,6.2,309.4,16.4,D,0
-15.4881,129.9658,334.5,1,1,2014-11-08,0141,Terra,MODIS,46,6.2,309,12.2,D,0
-15.4867,129.9566,332.9,1,1,2014-11-08,0141,Terra,MODIS,41,6.2,308.4,10.3,D,0
-15.6077,127.4449,342.1,1.2,1.1,2014-11-08,0141,Terra,MODIS,85,6.2,306.8,31.3,D,0
-15.4998,129.983,334.8,1,1,2014-11-08,0141,Terra,MODIS,39,6.2,309.8,12.1,D,0
-17.1775,129.0049,349.6,1,1,2014-11-08,0141,Terra,MODIS,92,6.2,306.5,41.6,D,0
-17.2106,129.0417,331.8,1,1,2014-11-08,0141,Terra,MODIS,69,6.2,309.4,10,D,0
-17.2168,129.0214,336.1,1,1,2014-11-08,0141,Terra,MODIS,63,6.2,309.4,14.8,D,0
-17.2182,129.0308,352.1,1,1,2014-11-08,0141,Terra,MODIS,94,6.2,310.1,45.6,D,0
-15.425,130.9225,333,1,1,2014-11-08,0141,Terra,MODIS,67,6.2,308.4,10.4,D,0
-15.3987,130.8684,346.6,1,1,2014-11-08,0141,Terra,MODIS,89,6.2,310.1,34.8,D,0
-15.3896,130.8698,336,1,1,2014-11-08,0141,Terra,MODIS,75,6.2,309,15.9,D,0
-15.3927,130.9564,355.9,1,1,2014-11-08,0141,Terra,MODIS,97,6.2,307.7,60.4,D,0
-17.2196,129.0402,333.7,1,1,2014-11-08,0141,Terra,MODIS,74,6.2,308.4,12.8,D,0
-15.3744,126.6369,339.9,1.3,1.1,2014-11-08,0141,Terra,MODIS,83,6.2,306.4,35.3,D,0
-17.1699,129.0157,337.8,1,1,2014-11-08,0141,Terra,MODIS,80,6.2,305.7,21,D,0
-17.1671,128.9969,332.8,1,1,2014-11-08,0141,Terra,MODIS,72,6.2,306.7,11.2,D,0
-17.1581,128.9984,335.3,1,1,2014-11-08,0141,Terra,MODIS,72,6.2,306.2,12.9,D,0
-17.2758,128.8028,334.9,1,1,2014-11-08,0141,Terra,MODIS,29,6.2,310,14,D,0
-17.1429,129.02,338.9,1,1,2014-11-08,0141,Terra,MODIS,82,6.2,305.9,21.2,D,0
-17.1353,129.0308,346.1,1,1,2014-11-08,0141,Terra,MODIS,90,6.2,304.3,34.8,D,0
-17.1338,129.0214,385.3,1,1,2014-11-08,0141,Terra,MODIS,100,6.2,310.4,157.2,D,0
-19.342,130.286,359.3,1,1,2014-11-08,0142,Terra,MODIS,99,6.2,324,60,D,0
-18.6584,131.3229,337.9,1.1,1.1,2014-11-08,0142,Terra,MODIS,54,6.2,319.8,7.9,D,0
-18.3719,129.6732,339.6,1,1,2014-11-08,0142,Terra,MODIS,38,6.2,315.7,13.9,D,0
-18.3795,129.6623,340.8,1,1,2014-11-08,0142,Terra,MODIS,71,6.2,314.1,18.2,D,0
-18.2235,129.7282,348.1,1,1,2014-11-08,0142,Terra,MODIS,90,6.2,315.3,34.2,D,0
-18.2249,129.7376,342,1,1,2014-11-08,0142,Terra,MODIS,83,6.2,314.2,22.4,D,0
-18.2263,129.747,346.3,1,1,2014-11-08,0142,Terra,MODIS,83,6.2,314,30.7,D,0
-18.2277,129.7565,348.2,1,1,2014-11-08,0142,Terra,MODIS,68,6.2,314.1,34.7,D,0
-18.2303,129.7115,336,1,1,2014-11-08,0142,Terra,MODIS,63,6.2,312,12.9,D,0
-18.2317,129.7209,343,1,1,2014-11-08,0142,Terra,MODIS,84,6.2,313.8,24.3,D,0
-18.2379,129.7006,331.4,1,1,2014-11-08,0142,Terra,MODIS,38,6.2,311.8,7.2,D,0
-19.3708,130.2916,341.9,1,1,2014-11-08,0142,Terra,MODIS,28,6.2,315.8,23.8,D,0
-19.363,130.3029,353.6,1,1,2014-11-08,0142,Terra,MODIS,91,6.2,318.3,42.1,D,0
-19.3553,130.3141,340.1,1,1,2014-11-08,0142,Terra,MODIS,52,6.2,318.9,15.3,D,0
-17.7879,126.7843,329.5,1.2,1.1,2014-11-08,0142,Terra,MODIS,32,6.2,304.2,12.4,D,0
-21.1504,130.9017,346.1,1.1,1.1,2014-11-08,0142,Terra,MODIS,88,6.2,319.3,24.9,D,0
-21.1484,130.9189,356.6,1.1,1.1,2014-11-08,0142,Terra,MODIS,97,6.2,319.6,60.6,D,0
-21.1518,130.9125,360.5,1.1,1.1,2014-11-08,0142,Terra,MODIS,100,6.2,320.7,68,D,0
-21.1709,130.9097,351.9,1.1,1.1,2014-11-08,0142,Terra,MODIS,93,6.2,322.2,42.5,D,0
-21.1469,130.9081,348.1,1.1,1.1,2014-11-08,0142,Terra,MODIS,90,6.2,318.4,36.2,D,0
-21.1723,130.9205,351.9,1.1,1.1,2014-11-08,0142,Terra,MODIS,93,6.2,319.8,43.6,D,0
-21.1804,130.9083,347.2,1.1,1.1,2014-11-08,0142,Terra,MODIS,89,6.2,321.5,30.2,D,0
-19.0186,123.0157,352.1,2,1.4,2014-11-08,0142,Terra,MODIS,94,6.2,306.3,124.7,D,0
-19.3128,130.2667,348.8,1,1,2014-11-08,0142,Terra,MODIS,91,6.2,319.9,32.1,D,0
-19.3114,130.2569,398.2,1,1,2014-11-08,0142,Terra,MODIS,100,6.2,322.4,224.3,D,0
-19.3023,130.2583,404.5,1,1,2014-11-08,0142,Terra,MODIS,100,6.2,328.1,265.5,D,0
-19.3009,130.2485,353,1,1,2014-11-08,0142,Terra,MODIS,94,6.2,322.6,40.4,D,0
-19.2995,130.2387,351.4,1,1,2014-11-08,0142,Terra,MODIS,89,6.2,320.9,36.2,D,0
-18.4565,129.0599,336.2,1,1,2014-11-08,0142,Terra,MODIS,49,6.2,312.2,13.7,D,0
-18.4489,129.0707,340.7,1,1,2014-11-08,0142,Terra,MODIS,75,6.2,310.8,20.7,D,0
-17.9551,122.4593,331.7,2.3,1.5,2014-11-08,0142,Terra,MODIS,69,6.2,305.2,38.3,D,0
-18.4497,122.4313,341.1,2.2,1.4,2014-11-08,0142,Terra,MODIS,85,6.2,303.5,90.6,D,0
-18.4338,129.0924,352.9,1,1,2014-11-08,0142,Terra,MODIS,94,6.2,310.9,47,D,0
-18.915,122.3058,330.6,2.2,1.4,2014-11-08,0142,Terra,MODIS,48,6.2,306.1,32.2,D,0
-19.3604,128.823,331.4,1,1,2014-11-08,0142,Terra,MODIS,54,6.2,310.9,8.2,D,0
-19.3618,128.8325,342.8,1,1,2014-11-08,0142,Terra,MODIS,84,6.2,310.2,26,D,0
-19.3632,128.842,405.1,1,1,2014-11-08,0142,Terra,MODIS,100,6.2,317.3,263.4,D,0
-19.3646,128.8514,348.2,1,1,2014-11-08,0142,Terra,MODIS,90,6.2,310.7,37.8,D,0
-19.3694,128.8216,353.4,1,1,2014-11-08,0142,Terra,MODIS,95,6.2,313.3,47.2,D,0
-19.3708,128.8311,343.9,1,1,2014-11-08,0142,Terra,MODIS,85,6.2,313,27.6,D,0
-19.3722,128.8405,339,1,1,2014-11-08,0142,Terra,MODIS,78,6.2,313.4,19.5,D,0
-19.3941,128.8018,348.2,1,1,2014-11-08,0142,Terra,MODIS,88,6.2,314.5,38.2,D,0
-19.4017,128.7909,333.9,1,1,2014-11-08,0142,Terra,MODIS,66,6.2,313.4,10.4,D,0
-19.1912,122.5933,331.4,2.1,1.4,2014-11-08,0142,Terra,MODIS,38,6.2,306.2,29,D,0
-19.1748,122.5696,333.3,2.1,1.4,2014-11-08,0142,Terra,MODIS,68,6.2,305.2,41,D,0
-17.9513,122.4381,333.6,2.3,1.5,2014-11-08,0142,Terra,MODIS,66,6.2,306.3,47.4,D,0
-18.4469,129.1192,334.6,1,1,2014-11-08,0142,Terra,MODIS,68,6.2,310.1,14.2,D,0
-18.4483,129.1286,340.2,1,1,2014-11-08,0142,Terra,MODIS,80,6.2,310.2,23.3,D,0
-19.1947,122.6063,335.7,2.1,1.4,2014-11-08,0142,Terra,MODIS,73,6.2,308.3,49.2,D,0
-19.2072,122.6037,370.9,2.1,1.4,2014-11-08,0142,Terra,MODIS,100,6.2,305.7,292.8,D,0
-19.2108,122.6233,370.5,2.1,1.4,2014-11-08,0142,Terra,MODIS,100,6.2,309.6,286.7,D,0
-19.2233,122.6207,364.4,2.1,1.4,2014-11-08,0142,Terra,MODIS,100,6.2,303.9,236.4,D,0
-18.4497,129.138,346.5,1,1,2014-11-08,0142,Terra,MODIS,88,6.2,309,34.7,D,0
-19.2269,122.6402,356.5,2.1,1.4,2014-11-08,0142,Terra,MODIS,97,6.2,308.1,171.3,D,0
-19.2305,122.6595,342.8,2.1,1.4,2014-11-08,0142,Terra,MODIS,86,6.2,306.3,84.9,D,0
-18.4573,129.1272,334,1,1,2014-11-08,0142,Terra,MODIS,66,6.2,309,14,D,0
-18.6846,122.4144,335.7,2.2,1.4,2014-11-08,0142,Terra,MODIS,78,6.2,304.8,61.6,D,0
-18.6975,122.4119,348.7,2.2,1.4,2014-11-08,0142,Terra,MODIS,92,6.2,305.9,127.9,D,0
-18.6957,122.4065,348.2,2.2,1.4,2014-11-08,0142,Terra,MODIS,91,6.2,305.4,124,D,0
-18.6995,122.4271,335.6,2.2,1.4,2014-11-08,0142,Terra,MODIS,71,6.2,307.8,53.6,D,0
-18.7008,122.3622,348.4,2.2,1.4,2014-11-08,0142,Terra,MODIS,92,6.2,306.9,129.9,D,0
-18.6969,122.3413,327.3,2.2,1.4,2014-11-08,0142,Terra,MODIS,29,6.2,304.8,23.3,D,0
-19.2394,122.6376,370.9,2.1,1.4,2014-11-08,0142,Terra,MODIS,100,6.2,302.8,297.2,D,0
-19.243,122.657,337.2,2.1,1.4,2014-11-08,0142,Terra,MODIS,78,6.2,303.9,61.2,D,0
-19.4107,128.7894,334.3,1,1,2014-11-08,0142,Terra,MODIS,17,6.2,313.9,10.4,D,0
-19.4211,128.7975,341,1,1,2014-11-08,0142,Terra,MODIS,72,6.2,314.5,22.7,D,0
-19.4287,128.7865,333.6,1,1,2014-11-08,0142,Terra,MODIS,51,6.2,313.8,12.1,D,0
-19.4301,128.796,332.3,1,1,2014-11-08,0142,Terra,MODIS,35,6.2,312.3,11.4,D,0
-19.0562,123.0843,333.2,1.9,1.4,2014-11-08,0142,Terra,MODIS,44,6.2,305.7,32.2,D,0
-19.0153,122.9972,334.8,2,1.4,2014-11-08,0142,Terra,MODIS,63,6.2,307.1,39.7,D,0
-19.0519,122.99,331.3,2,1.4,2014-11-08,0142,Terra,MODIS,49,6.2,308.4,18.2,D,0
-19.8594,128.1009,342.3,1,1,2014-11-08,0142,Terra,MODIS,84,6.2,313.9,25.8,D,0
-19.8609,128.1105,362,1,1,2014-11-08,0142,Terra,MODIS,100,6.2,315.5,71.7,D,0
-19.8624,128.1202,347.8,1,1,2014-11-08,0142,Terra,MODIS,90,6.2,311.9,37.1,D,0
-19.8641,128.0705,335.2,1,1,2014-11-08,0142,Terra,MODIS,70,6.2,311.2,14.6,D,0
-19.8655,128.0801,336.3,1,1,2014-11-08,0142,Terra,MODIS,72,6.2,313.1,15.9,D,0
-19.8731,128.069,331,1,1,2014-11-08,0142,Terra,MODIS,54,6.2,311.5,9.2,D,0
-19.9196,128.1304,334.9,1,1,2014-11-08,0142,Terra,MODIS,71,6.2,309.1,17.7,D,0
-19.921,128.14,333.3,1,1,2014-11-08,0142,Terra,MODIS,66,6.2,307.4,16.2,D,0
-19.927,128.1227,349.8,1,1,2014-11-08,0142,Terra,MODIS,92,6.2,309,42.7,D,0
-19.9285,128.1323,361.5,1,1,2014-11-08,0142,Terra,MODIS,100,6.2,311.2,72,D,0
-19.9299,128.142,336.7,1,1,2014-11-08,0142,Terra,MODIS,77,6.2,306.7,19.2,D,0
-19.9346,128.1116,362.9,1,1,2014-11-08,0142,Terra,MODIS,100,6.2,310.2,75.9,D,0
-19.936,128.1212,342.9,1,1,2014-11-08,0142,Terra,MODIS,85,6.2,310.8,28.5,D,0
-19.9375,128.1308,338.1,1,1,2014-11-08,0142,Terra,MODIS,79,6.2,309.7,20,D,0
-19.939,128.1405,334.1,1,1,2014-11-08,0142,Terra,MODIS,60,6.2,307.7,14.7,D,0
-19.9436,128.1101,344.2,1,1,2014-11-08,0142,Terra,MODIS,87,6.2,310.1,31.7,D,0
-19.9451,128.1197,332,1,1,2014-11-08,0142,Terra,MODIS,66,6.2,311.2,11.3,D,0
-19.9465,128.1293,361.1,1,1,2014-11-08,0142,Terra,MODIS,100,6.2,311.9,70.3,D,0
-19.948,128.139,338.6,1,1,2014-11-08,0142,Terra,MODIS,80,6.2,309.5,21.5,D,0
-19.9495,128.1487,341,1,1,2014-11-08,0142,Terra,MODIS,83,6.2,308.2,26.4,D,0
-19.9556,128.1278,338.8,1,1,2014-11-08,0142,Terra,MODIS,80,6.2,311.7,22.6,D,0
-19.9585,128.1471,339.8,1,1,2014-11-08,0142,Terra,MODIS,81,6.2,309,24.3,D,0
-18.3984,127.6561,332.7,1.1,1,2014-11-08,0142,Terra,MODIS,62,6.2,302.4,18.7,D,0
-19.9186,123.9802,330.9,1.6,1.2,2014-11-08,0142,Terra,MODIS,39,6.2,308.5,18.4,D,0
-19.1198,124.9135,337.9,1.4,1.2,2014-11-08,0142,Terra,MODIS,79,6.2,310.2,26.2,D,0
-19.1259,124.9205,331.5,1.4,1.2,2014-11-08,0142,Terra,MODIS,66,6.2,309.2,11.3,D,0
-19.7192,124.1622,354.5,1.6,1.2,2014-11-08,0142,Terra,MODIS,96,6.2,308,97.4,D,0
-19.7217,124.1772,332.5,1.6,1.2,2014-11-08,0142,Terra,MODIS,54,6.2,308.3,18.7,D,0
-19.6152,129.5563,348.8,1,1,2014-11-08,0142,Terra,MODIS,91,6.2,317.7,35.8,D,0
-19.6166,129.5658,351.4,1,1,2014-11-08,0142,Terra,MODIS,93,6.2,317.1,41.1,D,0
-23.1712,127.4034,340.3,1,1,2014-11-08,0143,Terra,MODIS,85,6.2,305.4,26.1,D,0
-23.1727,127.4132,337.6,1,1,2014-11-08,0143,Terra,MODIS,44,6.2,308.4,20.3,D,0
-23.287,127.498,334.5,1,1,2014-11-08,0143,Terra,MODIS,75,6.2,308.1,14.9,D,0
-23.4792,127.6731,358.5,1,1,2014-11-08,0143,Terra,MODIS,99,6.2,312.3,62.1,D,0
-23.4867,127.6618,339.6,1,1,2014-11-08,0143,Terra,MODIS,86,6.2,311.9,21.3,D,0
-23.4957,127.6602,345.1,1,1,2014-11-08,0143,Terra,MODIS,90,6.2,313.1,29.8,D,0
-23.5032,127.6489,342.8,1,1,2014-11-08,0143,Terra,MODIS,88,6.2,312.4,23.8,D,0
-23.1455,127.5353,336.9,1,1,2014-11-08,0143,Terra,MODIS,79,6.2,314.8,11.1,D,0
-23.0413,127.6396,337.5,1,1,2014-11-08,0143,Terra,MODIS,54,6.2,312.5,17.1,D,0
-23.0474,127.6185,381.7,1,1,2014-11-08,0143,Terra,MODIS,100,6.2,314.6,137.7,D,0
-23.0489,127.6283,388.5,1,1,2014-11-08,0143,Terra,MODIS,100,6.2,318.2,168.5,D,0
-23.0503,127.638,352.9,1,1,2014-11-08,0143,Terra,MODIS,95,6.2,314.5,46.6,D,0
-23.0518,127.6478,346.8,1,1,2014-11-08,0143,Terra,MODIS,90,6.2,310.4,36.5,D,0
-23.0579,127.6267,346.6,1,1,2014-11-08,0143,Terra,MODIS,88,6.2,312.2,31.8,D,0
-23.0593,127.6365,342,1,1,2014-11-08,0143,Terra,MODIS,72,6.2,309.8,24.8,D,0
-23.0717,127.5983,352.7,1,1,2014-11-08,0143,Terra,MODIS,95,6.2,314.6,42.6,D,0
-23.0792,127.5869,390.1,1,1,2014-11-08,0143,Terra,MODIS,100,6.2,315,176.6,D,0
-23.0807,127.5967,387,1,1,2014-11-08,0143,Terra,MODIS,100,6.2,318,159.8,D,0
-23.1235,129.0824,342.9,1,1,2014-11-08,0143,Terra,MODIS,85,6.2,317.1,24.3,D,0
-23.1326,129.0809,334.1,1,1,2014-11-08,0143,Terra,MODIS,70,6.2,315.6,10.4,D,0
-23.1249,129.0923,336.3,1,1,2014-11-08,0143,Terra,MODIS,56,6.2,316,13,D,0
-23.134,129.0909,336.3,1,1,2014-11-08,0143,Terra,MODIS,75,6.2,316.7,14.1,D,0
-20.5636,119.8242,336.1,3.1,1.7,2014-11-08,0143,Terra,MODIS,79,6.2,309,100.4,D,0
-20.5615,119.8188,335,3.1,1.7,2014-11-08,0143,Terra,MODIS,77,6.2,308.9,91,D,0
-20.9343,118.8376,342.9,3.6,1.8,2014-11-08,0143,Terra,MODIS,86,6.2,309.9,194.9,D,0
-20.9265,118.8335,332,3.6,1.8,2014-11-08,0143,Terra,MODIS,52,6.2,309.5,85.8,D,0
-20.9424,118.83,333,3.6,1.8,2014-11-08,0143,Terra,MODIS,69,6.2,309.7,93.8,D,0
-20.9203,118.7689,332,3.6,1.8,2014-11-08,0143,Terra,MODIS,70,6.2,308.2,91.3,D,0
-20.9362,118.7652,333.5,3.6,1.8,2014-11-08,0143,Terra,MODIS,73,6.2,309.7,101.3,D,0
-20.9279,118.7613,336,3.6,1.8,2014-11-08,0143,Terra,MODIS,78,6.2,309.3,128.6,D,0
-21.2198,118.6733,341.7,3.6,1.8,2014-11-08,0143,Terra,MODIS,85,6.2,309.5,191.2,D,0
-21.2269,118.707,344,3.6,1.8,2014-11-08,0143,Terra,MODIS,88,6.2,311,217.5,D,0
-21.2427,118.7033,346.2,3.6,1.8,2014-11-08,0143,Terra,MODIS,90,6.2,310.4,246.3,D,0
-21.2506,118.6957,337.2,3.6,1.8,2014-11-08,0143,Terra,MODIS,80,6.2,309.5,145.7,D,0
-21.2579,118.7299,327,3.6,1.8,2014-11-08,0143,Terra,MODIS,52,6.2,309,56.4,D,0
-21.8738,120.7058,356.3,2.5,1.5,2014-11-08,0143,Terra,MODIS,97,6.2,312.7,228.3,D,0
-21.1424,125.9885,393.9,1.2,1.1,2014-11-08,0143,Terra,MODIS,100,6.2,313.1,243.3,D,0
-21.1442,125.9996,451.9,1.2,1.1,2014-11-08,0143,Terra,MODIS,100,6.2,326,887.9,D,0
-21.9797,120.7759,354.9,2.5,1.5,2014-11-08,0143,Terra,MODIS,96,6.2,313.4,199,D,0
-21.9629,120.7234,356.8,2.5,1.5,2014-11-08,0143,Terra,MODIS,98,6.2,311.7,226.6,D,0
-21.9676,120.7469,395.2,2.5,1.5,2014-11-08,0143,Terra,MODIS,100,6.2,316.7,778.1,D,0
-21.8798,120.6988,374.9,2.5,1.5,2014-11-08,0143,Terra,MODIS,100,6.2,314.5,446.2,D,0
-21.9723,120.7705,359.7,2.5,1.5,2014-11-08,0143,Terra,MODIS,99,6.2,314.5,245.8,D,0
-21.8982,120.7199,364.6,2.5,1.5,2014-11-08,0143,Terra,MODIS,100,6.2,313.9,306.2,D,0
-21.1406,125.9773,359.5,1.2,1.1,2014-11-08,0143,Terra,MODIS,99,6.2,306.9,78.2,D,0
-21.8845,120.7227,377.8,2.5,1.5,2014-11-08,0143,Terra,MODIS,100,6.2,316.7,482.1,D,0
-21.1309,125.9791,449.1,1.2,1.1,2014-11-08,0143,Terra,MODIS,100,6.2,320.8,853.1,D,0
-21.9207,120.69,354.7,2.5,1.5,2014-11-08,0143,Terra,MODIS,96,6.2,312.8,210.2,D,0
-21.9858,120.7676,349.2,2.5,1.5,2014-11-08,0143,Terra,MODIS,92,6.2,312.4,155.9,D,0
-21.9253,120.7138,346.2,2.5,1.5,2014-11-08,0143,Terra,MODIS,90,6.2,313.9,134.2,D,0
-21.9343,120.6869,361.1,2.5,1.5,2014-11-08,0143,Terra,MODIS,100,6.2,311.8,275.5,D,0
-21.9389,120.7108,353.5,2.5,1.5,2014-11-08,0143,Terra,MODIS,95,6.2,313,197.7,D,0
-21.892,120.7269,365.8,2.5,1.5,2014-11-08,0143,Terra,MODIS,100,6.2,315.2,319.4,D,0
-21.8875,120.703,384.2,2.5,1.5,2014-11-08,0143,Terra,MODIS,100,6.2,316.2,588.9,D,0
-21.8784,120.7297,349,2.5,1.5,2014-11-08,0143,Terra,MODIS,92,6.2,313.4,160.6,D,0
-20.7544,120.4733,339.4,2.8,1.6,2014-11-08,0143,Terra,MODIS,83,6.2,308.9,108,D,0
-21.8934,120.696,353.4,2.5,1.5,2014-11-08,0143,Terra,MODIS,95,6.2,312.9,200,D,0
-21.9571,120.7317,371.5,2.5,1.5,2014-11-08,0143,Terra,MODIS,100,6.2,314.7,387.3,D,0
-21.9617,120.7554,383.1,2.5,1.5,2014-11-08,0143,Terra,MODIS,100,6.2,317.5,551.1,D,0
-21.9662,120.7789,337.6,2.5,1.5,2014-11-08,0143,Terra,MODIS,80,6.2,314.3,71.3,D,0
-21.9707,120.7287,336.6,2.5,1.5,2014-11-08,0143,Terra,MODIS,79,6.2,310.1,73.8,D,0
-21.1291,125.9679,358.4,1.2,1.1,2014-11-08,0143,Terra,MODIS,93,6.2,301.3,77.6,D,0
-21.2508,126.0884,333.7,1.2,1.1,2014-11-08,0143,Terra,MODIS,61,6.2,307.5,16,D,0
-21.2395,126.0792,344.5,1.2,1.1,2014-11-08,0143,Terra,MODIS,87,6.2,309.4,37.5,D,0
-21.2299,126.081,333.2,1.2,1.1,2014-11-08,0143,Terra,MODIS,63,6.2,305.8,13.7,D,0
-20.8151,120.8887,331.2,2.6,1.5,2014-11-08,0143,Terra,MODIS,70,6.2,308.1,40.8,D,0
-21.8829,120.6788,364.5,2.5,1.5,2014-11-08,0143,Terra,MODIS,100,6.2,311.6,322.9,D,0
-21.875,120.6747,337.2,2.5,1.5,2014-11-08,0143,Terra,MODIS,80,6.2,309,88.1,D,0
-21.8887,120.6718,348.1,2.5,1.5,2014-11-08,0143,Terra,MODIS,91,6.2,310.2,163.8,D,0
-23.3868,119.9313,334.3,2.7,1.6,2014-11-08,0143,Terra,MODIS,75,6.2,312.5,63.5,D,0
-21.9752,120.7523,353.7,2.5,1.5,2014-11-08,0143,Terra,MODIS,95,6.2,311.6,190,D,0
-20.8202,120.8818,328.2,2.6,1.5,2014-11-08,0143,Terra,MODIS,60,6.2,308.3,29.3,D,0
-21.1538,125.9978,339.4,1.2,1.1,2014-11-08,0143,Terra,MODIS,69,6.2,310.7,16.8,D,0
-21.152,125.9867,343.8,1.2,1.1,2014-11-08,0143,Terra,MODIS,67,6.2,307.9,30.2,D,0
-21.146,126.0108,394.4,1.2,1.1,2014-11-08,0143,Terra,MODIS,100,6.2,316.4,241.7,D,0
-21.9905,120.7911,329.3,2.5,1.5,2014-11-08,0143,Terra,MODIS,61,6.2,312,33.9,D,0
-21.1327,125.9902,412.9,1.2,1.1,2014-11-08,0143,Terra,MODIS,100,6.2,316.8,397,D,0
-21.1345,126.0014,377.6,1.2,1.1,2014-11-08,0143,Terra,MODIS,100,6.2,313.8,146.9,D,0
-21.1966,127.3313,357.7,1,1,2014-11-08,0143,Terra,MODIS,98,6.2,316.4,53.6,D,0
-21.1951,127.3214,362.8,1,1,2014-11-08,0143,Terra,MODIS,100,6.2,312.3,68.5,D,0
-22.9731,122.1998,335.3,1.9,1.3,2014-11-08,0143,Terra,MODIS,60,6.2,316,33.1,D,0
-22.7259,121.4392,335.5,2.1,1.4,2014-11-08,0143,Terra,MODIS,76,6.2,313.5,48.1,D,0
-21.146,127.4784,342.4,1,1,2014-11-08,0143,Terra,MODIS,83,6.2,313.8,24.1,D,0
-21.1444,127.4685,350.9,1,1,2014-11-08,0143,Terra,MODIS,93,6.2,315.8,40.3,D,0
-21.218,127.3481,398,1,1,2014-11-08,0143,Terra,MODIS,100,6.2,320,222.3,D,0
-21.2195,127.358,340.3,1,1,2014-11-08,0143,Terra,MODIS,58,6.2,314.3,15.1,D,0
-21.2256,127.3365,433.6,1,1,2014-11-08,0143,Terra,MODIS,87,6.2,319.1,520.2,D,0
-21.2271,127.3465,362.6,1,1,2014-11-08,0143,Terra,MODIS,94,6.2,312.6,68,D,0
-22.9219,122.192,336.1,1.9,1.3,2014-11-08,0143,Terra,MODIS,72,6.2,313.8,34.9,D,0
-22.9253,122.21,341.4,1.9,1.3,2014-11-08,0143,Terra,MODIS,84,6.2,316.5,54.2,D,0
-23.5405,121.1358,338.5,2.2,1.4,2014-11-08,0143,Terra,MODIS,51,6.2,311.1,66.4,D,0
-23.5445,121.1566,337.9,2.2,1.4,2014-11-08,0143,Terra,MODIS,50,6.2,314.2,60.6,D,0
-23.5429,121.1501,342.3,2.2,1.4,2014-11-08,0143,Terra,MODIS,68,6.2,313.8,81.2,D,0
-23.5889,121.1828,334,2.1,1.4,2014-11-08,0143,Terra,MODIS,51,6.2,313.6,29.1,D,0
-23.6476,122.9243,341,1.6,1.3,2014-11-08,0143,Terra,MODIS,84,6.2,314.8,45.6,D,0
-23.5897,121.1176,340.7,2.2,1.4,2014-11-08,0143,Terra,MODIS,75,6.2,309.6,74.3,D,0
-23.5937,121.1384,351.3,2.2,1.4,2014-11-08,0143,Terra,MODIS,94,6.2,311.8,132.7,D,0
-21.2104,127.3596,357.6,1,1,2014-11-08,0143,Terra,MODIS,98,6.2,316.8,52.2,D,0
-20.6135,123.7298,336.3,1.6,1.3,2014-11-08,0143,Terra,MODIS,67,6.2,312.1,30.1,D,0
-23.5976,121.1591,348.2,2.1,1.4,2014-11-08,0143,Terra,MODIS,91,6.2,312.5,106.5,D,0
-20.6022,123.732,343,1.6,1.3,2014-11-08,0143,Terra,MODIS,86,6.2,308.1,55,D,0
-21.2149,127.3282,343.8,1,1,2014-11-08,0143,Terra,MODIS,26,6.2,313.2,22,D,0
-21.2164,127.3381,366.9,1,1,2014-11-08,0143,Terra,MODIS,100,6.2,319.3,79,D,0
-21.2042,127.3198,343.3,1,1,2014-11-08,0143,Terra,MODIS,45,6.2,310,21.1,D,0
-20.0701,120.3603,337,2.9,1.6,2014-11-08,0143,Terra,MODIS,80,6.2,303.7,105.5,D,0
-20.2797,120.8051,327.8,2.7,1.6,2014-11-08,0143,Terra,MODIS,58,6.2,301.1,39.8,D,0
-20.8532,121.5999,332.7,2.3,1.5,2014-11-08,0143,Terra,MODIS,60,6.2,311.9,35.7,D,0
-20.8569,121.6058,332.4,2.3,1.5,2014-11-08,0143,Terra,MODIS,63,6.2,312.6,33.6,D,0
-20.1175,120.2862,371.1,2.9,1.6,2014-11-08,0143,Terra,MODIS,100,6.2,305.2,502.1,D,0
-20.1228,120.3201,355.8,2.9,1.6,2014-11-08,0143,Terra,MODIS,97,6.2,306.9,274.3,D,0
-21.1962,120.3719,333.1,2.8,1.6,2014-11-08,0143,Terra,MODIS,72,6.2,309.3,71.1,D,0
-20.8529,121.5842,337.8,2.3,1.5,2014-11-08,0143,Terra,MODIS,81,6.2,310.8,62,D,0
-21.3749,121.699,337.3,2.2,1.4,2014-11-08,0143,Terra,MODIS,79,6.2,313.9,55.2,D,0
-21.3621,121.7018,332.1,2.2,1.4,2014-11-08,0143,Terra,MODIS,70,6.2,315.6,33.9,D,0
-20.6348,120.5602,328.9,2.7,1.6,2014-11-08,0143,Terra,MODIS,61,6.2,306.2,35.4,D,0
-20.6154,120.5374,368,2.8,1.6,2014-11-08,0143,Terra,MODIS,100,6.2,308.2,400.5,D,0
-20.6102,120.5113,349.7,2.8,1.6,2014-11-08,0143,Terra,MODIS,93,6.2,305.2,193.5,D,0
-20.6465,120.5646,327.7,2.7,1.6,2014-11-08,0143,Terra,MODIS,55,6.2,306.8,29.8,D,0
-20.6324,120.5678,326.3,2.7,1.6,2014-11-08,0143,Terra,MODIS,37,6.2,305.6,25.1,D,0
-20.6274,120.5418,337.7,2.8,1.6,2014-11-08,0143,Terra,MODIS,81,6.2,306.9,92.9,D,0
-20.6223,120.5157,333.9,2.8,1.6,2014-11-08,0143,Terra,MODIS,74,6.2,306.5,69,D,0
-20.6132,120.545,359.3,2.8,1.6,2014-11-08,0143,Terra,MODIS,99,6.2,307,291.7,D,0
-20.6081,120.5189,360.7,2.8,1.6,2014-11-08,0143,Terra,MODIS,100,6.2,305.8,311.5,D,0
-20.1174,120.2924,378.8,2.9,1.6,2014-11-08,0143,Terra,MODIS,100,6.2,306.2,635.8,D,0
-20.1082,120.3232,332.5,2.9,1.6,2014-11-08,0143,Terra,MODIS,24,6.2,303.8,66.7,D,0
-20.0992,120.3542,336.9,2.9,1.6,2014-11-08,0143,Terra,MODIS,79,6.2,305.9,90.8,D,0
-20.0937,120.3265,378.1,2.9,1.6,2014-11-08,0143,Terra,MODIS,100,6.2,307.3,620.8,D,0
-20.2159,120.878,331.3,2.7,1.6,2014-11-08,0143,Terra,MODIS,65,6.2,300.5,56.9,D,0
-20.235,120.9778,332,2.6,1.6,2014-11-08,0143,Terra,MODIS,71,6.2,301.2,57.7,D,0
-20.2199,120.871,328.3,2.7,1.6,2014-11-08,0143,Terra,MODIS,50,6.2,300.5,41.6,D,0
-20.2248,120.8958,330.7,2.6,1.6,2014-11-08,0143,Terra,MODIS,61,6.2,302.2,52.1,D,0
-20.2847,120.8307,342.2,2.7,1.6,2014-11-08,0143,Terra,MODIS,86,6.2,302.6,125.4,D,0
-20.0901,120.3848,338.5,2.9,1.6,2014-11-08,0143,Terra,MODIS,82,6.2,305.6,105.1,D,0
-20.3554,121.1974,338.7,2.5,1.5,2014-11-08,0143,Terra,MODIS,82,6.2,302.1,91.3,D,0
-21.3335,120.1324,327.8,2.8,1.6,2014-11-08,0143,Terra,MODIS,45,6.2,311.6,36.4,D,0
-21.2013,120.3978,354.4,2.7,1.6,2014-11-08,0143,Terra,MODIS,96,6.2,311.9,237,D,0
-20.0846,120.3573,414.2,2.9,1.6,2014-11-08,0143,Terra,MODIS,100,6.2,311.7,1571,D,0
-20.1231,120.3139,365.3,2.9,1.6,2014-11-08,0143,Terra,MODIS,100,6.2,307.2,402.4,D,0
-20.0792,120.3296,424.8,2.9,1.6,2014-11-08,0143,Terra,MODIS,100,6.2,311.4,2017.9,D,0
-21.0808,120.4039,326.7,2.8,1.6,2014-11-08,0143,Terra,MODIS,29,6.2,310.5,28.6,D,0
-28.4061,127.324,339.2,1,1,2014-11-08,0144,Terra,MODIS,83,6.2,312.9,22.6,D,0
-28.4076,127.3342,345.3,1,1,2014-11-08,0144,Terra,MODIS,89,6.2,314.7,33.1,D,0
-24.9449,121.9221,344.6,1.8,1.3,2014-11-08,0144,Terra,MODIS,89,6.2,297.4,87.3,D,0
-23.8901,120.6153,342.8,2.3,1.5,2014-11-08,0144,Terra,MODIS,86,6.2,314.2,99.1,D,0
-23.886,120.6101,335.5,2.3,1.5,2014-11-08,0144,Terra,MODIS,76,6.2,314.3,58.3,D,0
-23.8905,120.6326,331.6,2.3,1.5,2014-11-08,0144,Terra,MODIS,67,6.2,313.3,38.2,D,0
-28.3849,127.3698,336.6,1,1,2014-11-08,0144,Terra,MODIS,80,6.2,311.4,19.2,D,0
-28.3866,127.317,331.9,1,1,2014-11-08,0144,Terra,MODIS,73,6.2,311.3,14.7,D,0
-28.3881,127.3273,331.1,1,1,2014-11-08,0144,Terra,MODIS,53,6.2,311.7,12.4,D,0
-28.3939,127.3682,360.5,1,1,2014-11-08,0144,Terra,MODIS,100,6.2,314.1,67.9,D,0
-28.3954,127.3784,344.7,1,1,2014-11-08,0144,Terra,MODIS,89,6.2,313.3,31.2,D,0
-25.7615,131.263,338.2,1.3,1.1,2014-11-08,0144,Terra,MODIS,85,6.2,294,41.9,D,0
-25.7718,131.2615,345.7,1.3,1.1,2014-11-08,0144,Terra,MODIS,91,6.2,292.5,63.5,D,0
-24.9505,122.0822,326.9,1.7,1.3,2014-11-08,0144,Terra,MODIS,62,6.2,294.6,27.6,D,0
-24.8982,121.9326,331.8,1.8,1.3,2014-11-08,0144,Terra,MODIS,74,6.2,302.5,34.1,D,0
-24.9099,121.9301,326.3,1.8,1.3,2014-11-08,0144,Terra,MODIS,44,6.2,300.9,16.7,D,0
-24.9183,121.91,348.6,1.8,1.3,2014-11-08,0144,Terra,MODIS,92,6.2,301.4,99.6,D,0
-24.9215,121.9274,339.7,1.8,1.3,2014-11-08,0144,Terra,MODIS,84,6.2,301.1,61,D,0
-24.9299,121.9073,392.8,1.8,1.3,2014-11-08,0144,Terra,MODIS,100,6.2,304,461.5,D,0
-24.9332,121.9247,380.5,1.8,1.3,2014-11-08,0144,Terra,MODIS,100,6.2,304,325.7,D,0
-24.9364,121.9421,337.9,1.8,1.3,2014-11-08,0144,Terra,MODIS,82,6.2,301.8,56.3,D,0
-27.6655,123.27,344.4,1.3,1.1,2014-11-08,0144,Terra,MODIS,88,6.2,316.8,45,D,0
-27.6554,123.2723,336.6,1.3,1.1,2014-11-08,0144,Terra,MODIS,56,6.2,316.2,24.5,D,0
-27.6678,123.2832,336,1.3,1.1,2014-11-08,0144,Terra,MODIS,42,6.2,317.1,23.3,D,0
-27.6747,123.3226,333.6,1.3,1.1,2014-11-08,0144,Terra,MODIS,75,6.2,315.9,19.9,D,0
-27.6152,122.8023,334.4,1.4,1.2,2014-11-08,0144,Terra,MODIS,76,6.2,312.7,27.9,D,0
-27.6177,122.8162,327.8,1.4,1.2,2014-11-08,0144,Terra,MODIS,54,6.2,314.7,14,D,0
-25.7599,131.2498,346.2,1.3,1.1,2014-11-08,0144,Terra,MODIS,91,6.2,292.2,63.3,D,0
-25.7684,131.256,345.6,1.3,1.1,2014-11-08,0144,Terra,MODIS,91,6.2,295.7,64.7,D,0
-28.4715,122.0839,340,1.5,1.2,2014-11-08,0145,Terra,MODIS,85,6.2,305.4,49.2,D,0
-28.4718,122.1461,327.1,1.5,1.2,2014-11-08,0145,Terra,MODIS,28,6.2,311.3,13.7,D,0
-28.4688,122.0688,352.8,1.5,1.2,2014-11-08,0145,Terra,MODIS,95,6.2,304.5,95.5,D,0
-28.4691,122.1312,361,1.5,1.2,2014-11-08,0145,Terra,MODIS,100,6.2,314.6,126.4,D,0
-28.4636,122.1013,386.1,1.5,1.2,2014-11-08,0145,Terra,MODIS,100,6.2,316.5,286.7,D,0
-28.4663,122.1163,378.6,1.5,1.2,2014-11-08,0145,Terra,MODIS,100,6.2,316.2,228,D,0
-28.4608,122.0864,400.4,1.5,1.2,2014-11-08,0145,Terra,MODIS,100,6.2,320.1,424.2,D,0
-28.458,122.0714,395.7,1.5,1.2,2014-11-08,0145,Terra,MODIS,100,6.2,316.6,379.8,D,0
-28.4528,122.1039,336.5,1.5,1.2,2014-11-08,0145,Terra,MODIS,79,6.2,313.4,30.4,D,0
-28.4365,122.0764,364.7,1.5,1.2,2014-11-08,0145,Terra,MODIS,100,6.2,312.8,141.4,D,0
-28.4213,122.0704,328.5,1.5,1.2,2014-11-08,0145,Terra,MODIS,42,6.2,313.1,17,D,0
-28.4337,122.0614,344.5,1.5,1.2,2014-11-08,0145,Terra,MODIS,81,6.2,309.7,57.3,D,0
-28.4347,122.0829,338.1,1.5,1.2,2014-11-08,0145,Terra,MODIS,67,6.2,312.2,35.8,D,0
-28.432,122.0679,344.7,1.5,1.2,2014-11-08,0145,Terra,MODIS,89,6.2,311.1,58.5,D,0
-29.8121,123.6223,339.5,1.2,1.1,2014-11-08,0145,Terra,MODIS,85,6.2,308.8,34,D,0
-29.8141,123.6343,359,1.2,1.1,2014-11-08,0145,Terra,MODIS,99,6.2,312.9,84.3,D,0
-29.8156,123.628,356.6,1.2,1.1,2014-11-08,0145,Terra,MODIS,98,6.2,310.9,78.9,D,0
-29.8176,123.64,337.5,1.2,1.1,2014-11-08,0145,Terra,MODIS,84,6.2,311.2,29.4,D,0
-29.8348,123.6236,372.9,1.2,1.1,2014-11-08,0145,Terra,MODIS,100,6.2,311.7,139.2,D,0
-29.8369,123.6356,388.4,1.2,1.1,2014-11-08,0145,Terra,MODIS,100,6.2,315.7,217.3,D,0
-29.8389,123.6476,360.1,1.2,1.1,2014-11-08,0145,Terra,MODIS,100,6.2,313.7,84.4,D,0
-29.8424,123.6094,356.5,1.2,1.1,2014-11-08,0145,Terra,MODIS,98,6.2,308.4,79.2,D,0
-29.8445,123.6214,334.4,1.2,1.1,2014-11-08,0145,Terra,MODIS,80,6.2,308.9,23.9,D,0
-29.8521,123.6072,382,1.2,1.1,2014-11-08,0145,Terra,MODIS,100,6.2,310.3,183.1,D,0
-29.8541,123.6192,380.3,1.2,1.1,2014-11-08,0145,Terra,MODIS,100,6.2,312.5,171.5,D,0
-29.8561,123.6312,336.8,1.2,1.1,2014-11-08,0145,Terra,MODIS,83,6.2,308.6,24,D,0
-29.885,123.6247,341.4,1.2,1.1,2014-11-08,0145,Terra,MODIS,87,6.2,311.5,33.3,D,0
-29.8871,123.6367,330.9,1.2,1.1,2014-11-08,0145,Terra,MODIS,72,6.2,311.1,12.7,D,0
-29.8947,123.6226,369.5,1.2,1.1,2014-11-08,0145,Terra,MODIS,100,6.2,314.7,121,D,0
-29.8967,123.6346,366.8,1.2,1.1,2014-11-08,0145,Terra,MODIS,100,6.2,316.7,107.8,D,0
-29.8987,123.6466,375.2,1.2,1.1,2014-11-08,0145,Terra,MODIS,100,6.2,314.7,143.8,D,0
-29.9023,123.6084,341.2,1.2,1.1,2014-11-08,0145,Terra,MODIS,77,6.2,302.5,39.6,D,0
-29.9043,123.6204,366.4,1.2,1.1,2014-11-08,0145,Terra,MODIS,100,6.2,305.6,112.9,D,0
-29.9063,123.6324,386.2,1.2,1.1,2014-11-08,0145,Terra,MODIS,100,6.2,307.8,205.9,D,0
-29.9083,123.6445,333.6,1.2,1.1,2014-11-08,0145,Terra,MODIS,55,6.2,305.7,21.9,D,0
-29.9055,123.6135,338.9,1.2,1.1,2014-11-08,0145,Terra,MODIS,85,6.2,302.4,36.7,D,0
-29.9076,123.6255,347.9,1.2,1.1,2014-11-08,0145,Terra,MODIS,92,6.2,303.8,56,D,0
-29.8935,123.7343,368.6,1.2,1.1,2014-11-08,0145,Terra,MODIS,100,6.2,312,117.6,D,0
-30.8665,121.4941,337.4,1.5,1.2,2014-11-08,0145,Terra,MODIS,85,6.2,308.1,43.9,D,2
-29.841,123.6595,335.5,1.2,1.1,2014-11-08,0145,Terra,MODIS,79,6.2,312.5,20.1,D,0
-29.843,123.6715,343,1.2,1.1,2014-11-08,0145,Terra,MODIS,89,6.2,314.3,35.1,D,0
-29.8511,123.7191,330.9,1.2,1.1,2014-11-08,0145,Terra,MODIS,51,6.2,311.1,14.4,D,0
-29.8526,123.6693,352.6,1.2,1.1,2014-11-08,0145,Terra,MODIS,95,6.2,311.1,59.6,D,0
-29.8875,123.6987,348.7,1.2,1.1,2014-11-08,0145,Terra,MODIS,93,6.2,312,49.4,D,0
-29.8895,123.7106,340.7,1.2,1.1,2014-11-08,0145,Terra,MODIS,87,6.2,311.2,31.6,D,0
-29.8915,123.7225,357.3,1.2,1.1,2014-11-08,0145,Terra,MODIS,98,6.2,311.3,76,D,0
-29.8971,123.6966,332.3,1.2,1.1,2014-11-08,0145,Terra,MODIS,50,6.2,307.9,17.7,D,0
-29.9007,123.6586,378.6,1.2,1.1,2014-11-08,0145,Terra,MODIS,100,6.2,312.4,160.8,D,0
-29.9027,123.6705,389.9,1.2,1.1,2014-11-08,0145,Terra,MODIS,100,6.2,312.8,224.9,D,0
-29.9047,123.6825,360.5,1.2,1.1,2014-11-08,0145,Terra,MODIS,100,6.2,310.3,88.2,D,0
-30.8637,121.479,321.6,1.5,1.2,2014-11-08,0145,Terra,MODIS,55,6.2,307,9.4,D,0
-29.3803,124.8389,339.7,1.1,1,2014-11-08,0145,Terra,MODIS,85,6.2,311,29.1,D,0
-29.3786,124.828,325.5,1.1,1,2014-11-08,0145,Terra,MODIS,54,6.2,310.3,7.7,D,0
-29.0603,128.5952,330,1.1,1,2014-11-08,0145,Terra,MODIS,73,6.2,310.7,13.8,D,0
-29.3711,124.8408,333.9,1.1,1,2014-11-08,0145,Terra,MODIS,78,6.2,312.4,19.2,D,0
-29.3693,124.8299,326.9,1.1,1,2014-11-08,0145,Terra,MODIS,63,6.2,311.1,9.2,D,0
-41.2227,148.2615,313.5,1.1,1.1,2014-11-08,0422,Aqua,MODIS,70,6.2,291.6,10,D,0
-37.4436,144.4971,324.2,1,1,2014-11-08,0423,Aqua,MODIS,75,6.2,304.1,13.9,D,0
-37.4419,144.5084,320.9,1,1,2014-11-08,0423,Aqua,MODIS,56,6.2,304.1,10.3,D,0
-37.7648,144.308,315.7,1,1,2014-11-08,0423,Aqua,MODIS,59,6.2,285.4,9.1,D,0
-37.7664,144.2967,314.3,1,1,2014-11-08,0423,Aqua,MODIS,61,6.2,283.2,8.7,D,0
-28.8239,142.5276,352,1,1,2014-11-08,0425,Aqua,MODIS,94,6.2,321.7,41.4,D,0
-28.8525,142.5226,341,1,1,2014-11-08,0425,Aqua,MODIS,57,6.2,324.4,15.4,D,0
-28.8345,142.5191,384.5,1,1,2014-11-08,0425,Aqua,MODIS,100,6.2,331.2,140.7,D,0
-28.8149,142.5259,363,1,1,2014-11-08,0425,Aqua,MODIS,100,6.2,326.6,67.7,D,0
-28.8164,142.5156,352.8,1,1,2014-11-08,0425,Aqua,MODIS,91,6.2,332.3,39.6,D,0
-28.833,142.5294,411.2,1,1,2014-11-08,0425,Aqua,MODIS,100,6.2,328.3,298.4,D,0
-28.854,142.5123,340.1,1,1,2014-11-08,0425,Aqua,MODIS,65,6.2,326.6,12,D,0
-28.8255,142.5173,347.3,1,1,2014-11-08,0425,Aqua,MODIS,76,6.2,328.5,28.8,D,0
-28.842,142.5311,400.6,1,1,2014-11-08,0425,Aqua,MODIS,94,6.2,326.5,227.3,D,0
-28.6694,142.4538,352.8,1,1,2014-11-08,0425,Aqua,MODIS,94,6.2,329.4,38,D,0
-28.6709,142.4435,351.9,1,1,2014-11-08,0425,Aqua,MODIS,93,6.2,330.1,35.6,D,0
-28.8435,142.5208,395.1,1,1,2014-11-08,0425,Aqua,MODIS,100,6.2,333.1,193.5,D,0
-28.8059,142.5241,350.1,1,1,2014-11-08,0425,Aqua,MODIS,92,6.2,325.4,35.4,D,0
-28.8074,142.5138,350.8,1,1,2014-11-08,0425,Aqua,MODIS,92,6.2,329.6,35.7,D,0
-25.2481,147.5103,332.8,2,1.4,2014-11-08,0426,Aqua,MODIS,66,6.2,309.9,41.4,D,0
-24.7864,147.9977,330.4,2.2,1.4,2014-11-08,0426,Aqua,MODIS,46,6.2,301,52.9,D,0
-24.8076,147.9576,333.8,2.2,1.4,2014-11-08,0426,Aqua,MODIS,74,6.2,304.3,73,D,0
-25.3894,149.9523,327.1,2.9,1.6,2014-11-08,0426,Aqua,MODIS,48,6.2,307.3,40.3,D,0
-24.7915,147.9688,338.2,2.2,1.4,2014-11-08,0426,Aqua,MODIS,81,6.2,304.1,88.3,D,0
-24.8084,147.9497,332.7,2.2,1.4,2014-11-08,0426,Aqua,MODIS,49,6.2,304.7,66.6,D,0
-24.7875,147.9901,344.6,2.2,1.4,2014-11-08,0426,Aqua,MODIS,88,6.2,301.2,121,D,0
-24.8975,148.719,327.2,2.4,1.5,2014-11-08,0426,Aqua,MODIS,25,6.2,306.7,25.7,D,0
-24.9109,148.7225,325.4,2.4,1.5,2014-11-08,0426,Aqua,MODIS,19,6.2,307.5,20.4,D,0
-24.8753,148.6898,357.4,2.4,1.5,2014-11-08,0426,Aqua,MODIS,98,6.2,309.5,226.1,D,0
-24.9155,148.6989,337.8,2.4,1.5,2014-11-08,0426,Aqua,MODIS,81,6.2,305,84.6,D,0
-24.7906,147.9765,350.4,2.2,1.4,2014-11-08,0426,Aqua,MODIS,93,6.2,303.8,156.2,D,0
-24.8887,148.6928,344.3,2.4,1.5,2014-11-08,0426,Aqua,MODIS,88,6.2,309.3,123.1,D,0
-24.9021,148.696,335.9,2.4,1.5,2014-11-08,0426,Aqua,MODIS,79,6.2,306.7,71,D,0
-24.8211,147.9527,328.5,2.2,1.4,2014-11-08,0426,Aqua,MODIS,53,6.2,301.7,52,D,0
-24.8986,148.5733,344.4,2.4,1.5,2014-11-08,0426,Aqua,MODIS,88,6.2,315.7,112.5,D,0
-24.8939,148.5965,338.7,2.4,1.5,2014-11-08,0426,Aqua,MODIS,82,6.2,315.9,79.1,D,0
-26.6609,147.1219,351.4,1.7,1.3,2014-11-08,0426,Aqua,MODIS,93,6.2,322.2,82.3,D,0
-26.6641,147.1047,366.4,1.7,1.3,2014-11-08,0426,Aqua,MODIS,100,6.2,324.8,171,D,0
-23.3345,147.7794,330.9,2.3,1.5,2014-11-08,0427,Aqua,MODIS,52,6.2,302.8,49,D,0
-22.0145,149.1836,327.4,3,1.7,2014-11-08,0427,Aqua,MODIS,67,6.2,300.8,76.4,D,0
-17.2631,142.728,358.6,1.3,1.1,2014-11-08,0428,Aqua,MODIS,99,6.2,318.8,87.7,D,0
-18.7304,141.5525,346.8,1.1,1,2014-11-08,0428,Aqua,MODIS,89,6.2,320,29.3,D,0
-17.2509,142.7385,366.7,1.3,1.1,2014-11-08,0428,Aqua,MODIS,100,6.2,323.1,123.1,D,0
-17.2529,142.7262,388.5,1.3,1.1,2014-11-08,0428,Aqua,MODIS,100,6.2,323.7,254.5,D,0
-17.2427,142.7244,366.4,1.3,1.1,2014-11-08,0428,Aqua,MODIS,100,6.2,313,130.4,D,0
-17.2407,142.7367,400.7,1.3,1.1,2014-11-08,0428,Aqua,MODIS,100,6.2,316.2,357.9,D,0
-16.9766,142.9806,346.7,1.4,1.2,2014-11-08,0428,Aqua,MODIS,83,6.2,319.8,40.6,D,0
-16.9745,142.9935,341.8,1.4,1.2,2014-11-08,0428,Aqua,MODIS,65,6.2,318.3,27.9,D,0
-19.2002,142.8458,354.5,1.3,1.1,2014-11-08,0428,Aqua,MODIS,84,6.2,314,77.2,D,0
-16.9683,142.9659,367.8,1.4,1.2,2014-11-08,0428,Aqua,MODIS,100,6.2,319.1,128.4,D,0
-16.9787,142.9678,341.3,1.4,1.2,2014-11-08,0428,Aqua,MODIS,57,6.2,319.9,23.5,D,0
-17.0596,143.0421,349.8,1.4,1.2,2014-11-08,0428,Aqua,MODIS,85,6.2,320.2,49.1,D,0
-17.0199,143.0217,341.7,1.4,1.2,2014-11-08,0428,Aqua,MODIS,61,6.2,320,24.6,D,0
-17.0491,143.0402,345.4,1.4,1.2,2014-11-08,0428,Aqua,MODIS,65,6.2,320.5,35,D,0
-19.1983,142.8576,355.8,1.3,1.1,2014-11-08,0428,Aqua,MODIS,91,6.2,308.7,81.2,D,0
-16.6758,145.2546,358.9,2,1.4,2014-11-08,0428,Aqua,MODIS,99,6.2,308.2,198.9,D,0
-17.2387,142.749,354,1.3,1.1,2014-11-08,0428,Aqua,MODIS,93,6.2,311,74.9,D,0
-16.9704,142.9531,339.5,1.4,1.2,2014-11-08,0428,Aqua,MODIS,74,6.2,316.4,21.8,D,0
-19.1902,142.8439,367.5,1.3,1.1,2014-11-08,0428,Aqua,MODIS,87,6.2,313.2,126.9,D,0
-18.71,141.5596,336.6,1.1,1,2014-11-08,0428,Aqua,MODIS,56,6.2,312.1,13.2,D,0
-19.1883,142.8558,360.4,1.3,1.1,2014-11-08,0428,Aqua,MODIS,75,6.2,287.2,96.3,D,0
-18.7288,141.5629,344.2,1.1,1,2014-11-08,0428,Aqua,MODIS,86,6.2,316.1,24.7,D,0
-17.2469,142.7631,345.5,1.3,1.1,2014-11-08,0428,Aqua,MODIS,70,6.2,316.2,39.7,D,0
-17.2489,142.7508,352.1,1.3,1.1,2014-11-08,0428,Aqua,MODIS,86,6.2,318.1,61.7,D,0
-18.8519,141.9545,338,1.1,1.1,2014-11-08,0428,Aqua,MODIS,45,6.2,314.1,15.4,D,0
-18.7194,141.5613,361.7,1.1,1,2014-11-08,0428,Aqua,MODIS,100,6.2,316.9,73.2,D,0
-17.2983,142.8361,339.4,1.3,1.1,2014-11-08,0428,Aqua,MODIS,60,6.2,321.4,15.4,D,0
-16.931,142.8676,337.6,1.4,1.2,2014-11-08,0428,Aqua,MODIS,42,6.2,318.3,15.4,D,0
-17.2611,142.7403,347.5,1.3,1.1,2014-11-08,0428,Aqua,MODIS,89,6.2,318.8,47.4,D,0
-17.2551,142.7773,343.9,1.3,1.1,2014-11-08,0428,Aqua,MODIS,65,6.2,319.5,31.7,D,0
-17.1057,143.056,344.2,1.4,1.2,2014-11-08,0428,Aqua,MODIS,54,6.2,320.2,30.7,D,0
-17.0909,143.0477,343.9,1.4,1.2,2014-11-08,0428,Aqua,MODIS,29,6.2,319.9,29.6,D,0
-17.0953,143.0541,368.1,1.4,1.2,2014-11-08,0428,Aqua,MODIS,100,6.2,321.5,128.9,D,0
-16.9434,142.8568,337.9,1.4,1.2,2014-11-08,0428,Aqua,MODIS,31,6.2,319.6,17.2,D,0
-16.9414,142.8695,341.2,1.4,1.2,2014-11-08,0428,Aqua,MODIS,76,6.2,319.2,25,D,0
-17.1245,143.0727,345.8,1.4,1.2,2014-11-08,0428,Aqua,MODIS,68,6.2,321,35.3,D,0
-17.1433,143.0894,347.3,1.4,1.2,2014-11-08,0428,Aqua,MODIS,89,6.2,319,40.8,D,0
-17.1516,143.1042,346.4,1.4,1.2,2014-11-08,0428,Aqua,MODIS,71,6.2,319.7,38.7,D,0
-17.1781,143.1158,350.1,1.4,1.2,2014-11-08,0428,Aqua,MODIS,91,6.2,319.9,49.3,D,0
-17.2775,142.7686,341.6,1.3,1.1,2014-11-08,0428,Aqua,MODIS,62,6.2,316.7,25.9,D,0
-16.8741,142.9172,344.8,1.4,1.2,2014-11-08,0428,Aqua,MODIS,68,6.2,319.3,35.1,D,0
-16.9331,142.855,358.7,1.4,1.2,2014-11-08,0428,Aqua,MODIS,99,6.2,318,84.3,D,0
-16.9361,142.8629,354.3,1.4,1.2,2014-11-08,0428,Aqua,MODIS,95,6.2,319.5,67.3,D,0
-17.2755,142.7809,339.9,1.3,1.1,2014-11-08,0428,Aqua,MODIS,39,6.2,319.2,20,D,0
-16.9382,142.8503,341.5,1.4,1.2,2014-11-08,0428,Aqua,MODIS,80,6.2,319,26.9,D,0
-19.3677,130.2763,362.2,3.5,1.8,2014-11-08,0428,Aqua,MODIS,100,6.2,313.8,463.7,D,0
-19.2718,130.1574,337,3.6,1.8,2014-11-08,0428,Aqua,MODIS,69,6.2,289.4,184.1,D,0
-19.5803,130.1664,341.2,3.6,1.8,2014-11-08,0428,Aqua,MODIS,0,6.2,288.7,261.7,D,0
-19.3518,130.2746,340.2,3.5,1.8,2014-11-08,0428,Aqua,MODIS,69,6.2,309.7,163.3,D,0
-19.3836,130.278,337.6,3.5,1.8,2014-11-08,0428,Aqua,MODIS,67,6.2,308.5,135.9,D,0
-19.39,130.2709,331.6,3.5,1.8,2014-11-08,0428,Aqua,MODIS,30,6.2,303,83.5,D,0
-21.1732,130.9083,350.1,3.3,1.7,2014-11-08,0428,Aqua,MODIS,88,6.2,311.5,257.9,D,0
-21.1837,130.9138,359.7,3.3,1.7,2014-11-08,0428,Aqua,MODIS,99,6.2,310.1,392.2,D,0
-19.5891,130.1744,327.6,3.6,1.8,2014-11-08,0428,Aqua,MODIS,28,6.2,291.7,121.7,D,0
-19.3707,130.2431,343.7,3.5,1.8,2014-11-08,0428,Aqua,MODIS,76,6.2,304.3,208.7,D,0
-19.3741,130.2692,363.2,3.5,1.8,2014-11-08,0428,Aqua,MODIS,100,6.2,311.3,480,D,0
-19.3582,130.2676,349.1,3.5,1.8,2014-11-08,0428,Aqua,MODIS,93,6.2,309.9,265.7,D,0
-18.0917,143.7791,345.2,1.5,1.2,2014-11-08,0428,Aqua,MODIS,60,6.2,321.8,40.3,D,0
-18.1333,143.7296,354.3,1.5,1.2,2014-11-08,0428,Aqua,MODIS,96,6.2,320.8,80.2,D,0
-18.0602,143.7534,353.3,1.5,1.2,2014-11-08,0428,Aqua,MODIS,95,6.2,320.2,72.1,D,0
-17.6512,145.4678,332.4,2,1.4,2014-11-08,0428,Aqua,MODIS,74,6.2,303.9,57.5,D,0
-18.0625,143.7393,374.1,1.5,1.2,2014-11-08,0428,Aqua,MODIS,100,6.2,324.2,182.4,D,0
-17.6544,145.4495,332.8,2,1.4,2014-11-08,0428,Aqua,MODIS,75,6.2,304.9,56.4,D,0
-18.0647,143.7256,354.6,1.5,1.2,2014-11-08,0428,Aqua,MODIS,96,6.2,315.4,82.9,D,0
-18.0732,143.7414,346.3,1.5,1.2,2014-11-08,0428,Aqua,MODIS,38,6.2,323,41.9,D,0
-18.0772,143.7337,345.1,1.5,1.2,2014-11-08,0428,Aqua,MODIS,44,6.2,320.6,43.4,D,0
-18.0755,143.7276,343.9,1.5,1.2,2014-11-08,0428,Aqua,MODIS,35,6.2,317.6,39.5,D,0
-18.1287,143.7572,337.3,1.5,1.2,2014-11-08,0428,Aqua,MODIS,46,6.2,319.1,18.8,D,0
-18.131,143.7434,338.9,1.5,1.2,2014-11-08,0428,Aqua,MODIS,23,6.2,319.4,23.7,D,0
-18.1263,143.7711,339.2,1.5,1.2,2014-11-08,0428,Aqua,MODIS,47,6.2,319.8,22.5,D,0
-15.1402,143.0783,344.3,1.5,1.2,2014-11-08,0429,Aqua,MODIS,84,6.2,317.8,45.9,D,0
-15.2491,144.9824,348.7,2.1,1.4,2014-11-08,0429,Aqua,MODIS,92,6.2,306.2,135.6,D,0
-15.143,143.0855,337.1,1.5,1.2,2014-11-08,0429,Aqua,MODIS,58,6.2,316.6,24.9,D,0
-15.1186,143.0744,348.2,1.5,1.2,2014-11-08,0429,Aqua,MODIS,90,6.2,316.5,57.3,D,0
-15.1208,143.0606,343.5,1.5,1.2,2014-11-08,0429,Aqua,MODIS,85,6.2,319.2,40.5,D,0
-16.0139,135.4299,354.8,1.3,1.1,2014-11-08,0429,Aqua,MODIS,96,6.2,310.8,84.4,D,0
-16.0257,135.419,354.3,1.3,1.1,2014-11-08,0429,Aqua,MODIS,96,6.2,309.9,84.9,D,0
-15.0744,142.8509,346.2,1.5,1.2,2014-11-08,0429,Aqua,MODIS,88,6.2,318.2,47.7,D,0
-14.665,144.6971,330.9,2,1.4,2014-11-08,0429,Aqua,MODIS,46,6.2,310.4,31.9,D,0
-15.0722,142.8643,343,1.5,1.2,2014-11-08,0429,Aqua,MODIS,84,6.2,317.5,38,D,0
-15.151,143.0802,335.5,1.5,1.2,2014-11-08,0429,Aqua,MODIS,41,6.2,316.5,20.6,D,0
-15.0637,142.849,342.9,1.5,1.2,2014-11-08,0429,Aqua,MODIS,84,6.2,316.2,37.3,D,0
-15.1294,143.0764,347.4,1.5,1.2,2014-11-08,0429,Aqua,MODIS,89,6.2,317.6,56.2,D,0
-14.7144,144.6296,374.9,2,1.4,2014-11-08,0429,Aqua,MODIS,100,6.2,310.6,319.9,D,0
-14.7174,144.6115,337.2,2,1.4,2014-11-08,0429,Aqua,MODIS,77,6.2,305.6,64.2,D,0
-14.2095,136.6801,331.2,1.1,1,2014-11-08,0429,Aqua,MODIS,68,6.2,310.8,10.4,D,0
-14.7023,144.6532,334.5,2,1.4,2014-11-08,0429,Aqua,MODIS,58,6.2,308.3,49.6,D,0
-14.2122,136.6601,338.1,1.1,1,2014-11-08,0429,Aqua,MODIS,89,6.2,312.4,21.6,D,0
-14.2136,136.6501,333.4,1.1,1,2014-11-08,0429,Aqua,MODIS,82,6.2,312.5,14.4,D,0
-14.1935,136.6575,332.8,1.1,1,2014-11-08,0429,Aqua,MODIS,80,6.2,312.1,12.6,D,0
-14.2118,136.8026,336.6,1.1,1,2014-11-08,0429,Aqua,MODIS,82,6.2,312.1,22,D,0
-14.1501,136.6559,329.6,1.1,1,2014-11-08,0429,Aqua,MODIS,47,6.2,311.7,11,D,0
-14.0552,136.6049,336.3,1.1,1,2014-11-08,0429,Aqua,MODIS,87,6.2,313.2,20.9,D,0
-14.2167,135.0863,333.1,1.3,1.1,2014-11-08,0429,Aqua,MODIS,36,6.2,312,22.4,D,0
-14.2184,136.8238,341.5,1.1,1,2014-11-08,0429,Aqua,MODIS,91,6.2,312.7,31.4,D,0
-14.2356,135.2596,339.5,1.3,1.1,2014-11-08,0429,Aqua,MODIS,28,6.2,312.5,24.6,D,0
-14.2138,135.2686,338.4,1.3,1.1,2014-11-08,0429,Aqua,MODIS,63,6.2,314.7,18.5,D,0
-14.0486,136.5835,375.5,1.1,1,2014-11-08,0429,Aqua,MODIS,100,6.2,315.7,132.2,D,0
-14.0472,136.5936,352.4,1.1,1,2014-11-08,0429,Aqua,MODIS,96,6.2,315,54.9,D,0
-14.0459,136.6037,328.7,1.1,1,2014-11-08,0429,Aqua,MODIS,70,6.2,312.1,9.8,D,0
-14.0566,136.5949,335.6,1.1,1,2014-11-08,0429,Aqua,MODIS,87,6.2,314.8,19.5,D,0
-14.2229,136.6514,328.2,1.1,1,2014-11-08,0429,Aqua,MODIS,55,6.2,310.6,7,D,0
-14.2216,136.6614,337.7,1.1,1,2014-11-08,0429,Aqua,MODIS,88,6.2,311.7,21.2,D,0
-14.7177,144.6373,369.3,2,1.4,2014-11-08,0429,Aqua,MODIS,100,6.2,309.6,266.5,D,0
-14.7208,144.6192,366.1,2,1.4,2014-11-08,0429,Aqua,MODIS,100,6.2,308.3,238.2,D,0
-16.9361,133.6604,333,1.8,1.3,2014-11-08,0429,Aqua,MODIS,51,6.2,297.7,44.8,D,0
-16.9422,133.6561,336.4,1.8,1.3,2014-11-08,0429,Aqua,MODIS,48,6.2,301.9,57.6,D,0
-16.6879,137.356,330.8,1.1,1,2014-11-08,0429,Aqua,MODIS,54,6.2,307.7,8.9,D,0
-14.7017,144.4803,331.3,1.9,1.4,2014-11-08,0429,Aqua,MODIS,35,6.2,314.6,35.2,D,0
-14.6867,144.6694,334.8,2,1.4,2014-11-08,0429,Aqua,MODIS,62,6.2,310.6,48.8,D,0
-14.3312,134.7416,333.2,1.4,1.2,2014-11-08,0429,Aqua,MODIS,31,6.2,304.6,31.1,D,0
-13.9801,141.6796,364.5,1.3,1.1,2014-11-08,0429,Aqua,MODIS,100,6.2,321.4,111,D,0
-13.9682,141.6896,345.8,1.3,1.1,2014-11-08,0429,Aqua,MODIS,89,6.2,318.1,44.2,D,0
-13.9783,141.6912,362.4,1.3,1.1,2014-11-08,0429,Aqua,MODIS,100,6.2,320.9,101,D,0
-13.988,141.6866,336.3,1.3,1.1,2014-11-08,0429,Aqua,MODIS,71,6.2,313.8,25.1,D,0
-13.9765,141.7029,343.3,1.3,1.1,2014-11-08,0429,Aqua,MODIS,87,6.2,315.8,38,D,0
-14.0553,141.9114,343.4,1.3,1.1,2014-11-08,0429,Aqua,MODIS,87,6.2,316.1,38.3,D,0
-13.9883,141.6929,332.7,1.3,1.1,2014-11-08,0429,Aqua,MODIS,70,6.2,313.1,17.6,D,0
-13.9861,141.6983,336.7,1.3,1.1,2014-11-08,0429,Aqua,MODIS,66,6.2,314.1,25.3,D,0
-13.7889,141.7925,349.6,1.3,1.1,2014-11-08,0429,Aqua,MODIS,88,6.2,317.3,56,D,0
-13.9664,141.7013,340.8,1.3,1.1,2014-11-08,0429,Aqua,MODIS,84,6.2,318.1,30.3,D,0
-13.7769,141.8027,365.7,1.3,1.1,2014-11-08,0429,Aqua,MODIS,100,6.2,314.6,116.7,D,0
-13.7877,141.7858,363.2,1.3,1.1,2014-11-08,0429,Aqua,MODIS,100,6.2,315,104.5,D,0
-13.7852,141.8164,338.3,1.3,1.1,2014-11-08,0429,Aqua,MODIS,70,6.2,316.9,21.4,D,0
-13.9206,141.7297,342.3,1.3,1.1,2014-11-08,0429,Aqua,MODIS,67,6.2,311.3,34.2,D,0
-14.728,141.9944,334.9,1.3,1.1,2014-11-08,0429,Aqua,MODIS,73,6.2,317.2,19.9,D,0
-13.7839,141.8096,340.3,1.3,1.1,2014-11-08,0429,Aqua,MODIS,78,6.2,317,24,D,0
-13.7819,141.8215,337.5,1.3,1.1,2014-11-08,0429,Aqua,MODIS,80,6.2,315.9,16.8,D,0
-13.7858,141.7977,359.8,1.3,1.1,2014-11-08,0429,Aqua,MODIS,99,6.2,318.4,88,D,0
-16.8751,133.5094,335.1,1.8,1.3,2014-11-08,0429,Aqua,MODIS,0,6.2,297.7,65.2,D,0
-14.0673,141.9012,346.3,1.3,1.1,2014-11-08,0429,Aqua,MODIS,82,6.2,319.5,45,D,0
-14.5102,134.1072,333.6,1.5,1.2,2014-11-08,0429,Aqua,MODIS,52,6.2,309.7,23,D,0
-13.9289,141.7432,339.4,1.3,1.1,2014-11-08,0429,Aqua,MODIS,70,6.2,316.6,27,D,0
-13.927,141.755,334.9,1.3,1.1,2014-11-08,0429,Aqua,MODIS,60,6.2,314.6,18.6,D,0
-13.97,141.6779,335.8,1.3,1.1,2014-11-08,0429,Aqua,MODIS,63,6.2,313.7,21,D,0
-13.9646,141.713,356.5,1.3,1.1,2014-11-08,0429,Aqua,MODIS,97,6.2,318.4,77,D,0
-13.9545,141.7113,340.9,1.3,1.1,2014-11-08,0429,Aqua,MODIS,84,6.2,316.3,29.7,D,0
-13.7787,141.7908,369.4,1.3,1.1,2014-11-08,0429,Aqua,MODIS,100,6.2,313.4,137.6,D,0
-14.241,135.2965,352.2,1.3,1.1,2014-11-08,0429,Aqua,MODIS,94,6.2,316,62.9,D,0
-13.9527,141.7231,339.7,1.3,1.1,2014-11-08,0429,Aqua,MODIS,82,6.2,318.9,26.8,D,0
-13.9509,141.7348,342.1,1.3,1.1,2014-11-08,0429,Aqua,MODIS,86,6.2,318,33,D,0
-13.8493,141.8575,337.8,1.3,1.1,2014-11-08,0429,Aqua,MODIS,59,6.2,317.4,20,D,0
-16.4251,144.8611,341.3,1.9,1.3,2014-11-08,0429,Aqua,MODIS,84,6.2,313.5,66.3,D,0
-14.7381,144.487,357.6,1.9,1.4,2014-11-08,0429,Aqua,MODIS,98,6.2,314.7,158.1,D,0
-16.4222,144.8784,335.9,1.9,1.4,2014-11-08,0429,Aqua,MODIS,64,6.2,311.6,48.1,D,0
-14.7351,144.5047,337.2,1.9,1.4,2014-11-08,0429,Aqua,MODIS,73,6.2,310.8,54.6,D,0
-14.0572,141.8995,354.3,1.3,1.1,2014-11-08,0429,Aqua,MODIS,96,6.2,315.8,73.7,D,0
-14.2469,136.875,336,1.1,1,2014-11-08,0429,Aqua,MODIS,16,6.2,312.6,17.7,D,0
-16.5976,133.7449,358.5,1.8,1.3,2014-11-08,0429,Aqua,MODIS,99,6.2,304.2,157.9,D,0
-14.7333,144.4749,332.1,1.9,1.4,2014-11-08,0429,Aqua,MODIS,31,6.2,311,28.5,D,0
-16.7991,133.8813,347.4,1.7,1.3,2014-11-08,0429,Aqua,MODIS,92,6.2,304.1,94.9,D,0
-16.4621,132.916,335.7,2,1.4,2014-11-08,0429,Aqua,MODIS,82,6.2,303.5,63.3,D,0
-14.7302,144.4925,342.5,1.9,1.4,2014-11-08,0429,Aqua,MODIS,84,6.2,311.2,74.8,D,0
-16.4281,144.8674,350.1,1.9,1.3,2014-11-08,0429,Aqua,MODIS,92,6.2,312.8,111.5,D,0
-13.9188,141.7415,359.5,1.3,1.1,2014-11-08,0429,Aqua,MODIS,99,6.2,316.3,91.2,D,0
-14.7424,144.4947,351.3,1.9,1.4,2014-11-08,0429,Aqua,MODIS,93,6.2,313.1,121.1,D,0
-14.7454,144.4771,334.3,1.9,1.4,2014-11-08,0429,Aqua,MODIS,58,6.2,312.3,36.6,D,0
-16.0154,135.4176,404.2,1.3,1.1,2014-11-08,0429,Aqua,MODIS,94,6.2,313.8,398.5,D,0
-17.1093,132.0997,361.2,2.4,1.5,2014-11-08,0429,Aqua,MODIS,100,6.2,311.7,258.7,D,0
-14.4998,134.1111,337.9,1.5,1.2,2014-11-08,0429,Aqua,MODIS,79,6.2,308.3,35.5,D,0
-14.2497,135.1524,343,1.3,1.1,2014-11-08,0429,Aqua,MODIS,81,6.2,307.7,44.6,D,0
-13.7907,141.7806,337.6,1.3,1.1,2014-11-08,0429,Aqua,MODIS,55,6.2,313.1,26,D,0
-14.7047,144.4627,342.4,1.9,1.4,2014-11-08,0429,Aqua,MODIS,84,6.2,311.5,77.4,D,0
-15.0402,145.0506,350.2,2.1,1.4,2014-11-08,0429,Aqua,MODIS,93,6.2,305.9,152.1,D,0
-17.1013,132.0938,356.3,2.4,1.5,2014-11-08,0429,Aqua,MODIS,92,6.2,304.6,210.2,D,0
-17.135,130.8431,339.1,3,1.6,2014-11-08,0429,Aqua,MODIS,85,6.2,308.8,110.6,D,0
-17.1344,130.8361,338.2,3,1.6,2014-11-08,0429,Aqua,MODIS,72,6.2,307.9,114.7,D,0
-13.9143,141.7046,358.9,1.3,1.1,2014-11-08,0429,Aqua,MODIS,99,6.2,316.7,87.9,D,0
-17.1315,130.8636,336.9,2.9,1.6,2014-11-08,0429,Aqua,MODIS,77,6.2,310.8,104.1,D,0
-17.2534,135.674,332,1.3,1.1,2014-11-08,0429,Aqua,MODIS,40,6.2,311.3,14.2,D,0
-16.3565,144.8263,328.9,1.9,1.3,2014-11-08,0429,Aqua,MODIS,29,6.2,308.7,31.1,D,0
-13.7959,141.7994,338.9,1.3,1.1,2014-11-08,0429,Aqua,MODIS,50,6.2,317.3,23.2,D,0
-13.9225,141.718,337.9,1.3,1.1,2014-11-08,0429,Aqua,MODIS,47,6.2,315.9,24.5,D,0
-13.8162,141.8028,354.7,1.3,1.1,2014-11-08,0429,Aqua,MODIS,96,6.2,316.1,73.3,D,0
-13.8586,141.7977,336.5,1.3,1.1,2014-11-08,0429,Aqua,MODIS,79,6.2,311.2,26,D,0
-16.3684,144.829,332.9,1.9,1.3,2014-11-08,0429,Aqua,MODIS,45,6.2,309.8,40.7,D,0
-15.0436,145.0311,359.6,2.1,1.4,2014-11-08,0429,Aqua,MODIS,99,6.2,305.6,220.1,D,0
-13.9061,141.6912,334.9,1.3,1.1,2014-11-08,0429,Aqua,MODIS,50,6.2,310.4,20.3,D,0
-13.9162,141.6929,358.9,1.3,1.1,2014-11-08,0429,Aqua,MODIS,99,6.2,317.9,86.8,D,0
-13.918,141.6812,363.1,1.3,1.1,2014-11-08,0429,Aqua,MODIS,100,6.2,317,103.6,D,0
-14.5567,134.1038,324.1,1.5,1.2,2014-11-08,0429,Aqua,MODIS,25,6.2,297.8,16.4,D,0
-14.5549,134.1183,339.2,1.5,1.2,2014-11-08,0429,Aqua,MODIS,79,6.2,302.3,54,D,0
-14.5219,134.1139,338.4,1.5,1.2,2014-11-08,0429,Aqua,MODIS,63,6.2,311,38.5,D,0
-14.5236,134.0998,335.9,1.5,1.2,2014-11-08,0429,Aqua,MODIS,59,6.2,307.9,35.5,D,0
-13.8906,141.6578,332.4,1.3,1.1,2014-11-08,0429,Aqua,MODIS,52,6.2,309.8,21.9,D,0
-14.696,144.6638,345.7,2,1.4,2014-11-08,0429,Aqua,MODIS,88,6.2,309.7,101.1,D,0
-14.6805,144.6808,329.2,2,1.4,2014-11-08,0429,Aqua,MODIS,22,6.2,310.9,28.4,D,0
-13.8788,141.6678,336.5,1.3,1.1,2014-11-08,0429,Aqua,MODIS,73,6.2,308.9,26.5,D,0
-13.8806,141.6561,352.4,1.3,1.1,2014-11-08,0429,Aqua,MODIS,95,6.2,310.8,70.1,D,0
-14.3343,134.7486,331.3,1.4,1.2,2014-11-08,0429,Aqua,MODIS,40,6.2,302.2,24.8,D,0
-14.5108,134.1126,334.8,1.5,1.2,2014-11-08,0429,Aqua,MODIS,31,6.2,310.5,28.1,D,0
-14.7972,142.5142,352.5,1.4,1.2,2014-11-08,0429,Aqua,MODIS,94,6.2,321.8,64.9,D,0
-14.7867,142.5125,345.9,1.4,1.2,2014-11-08,0429,Aqua,MODIS,80,6.2,322.1,41.8,D,0
-14.7804,142.5188,338.5,1.4,1.2,2014-11-08,0429,Aqua,MODIS,53,6.2,318.9,24.3,D,0
-14.2605,135.2269,359.1,1.3,1.1,2014-11-08,0429,Aqua,MODIS,99,6.2,316.9,88.5,D,0
-14.2691,135.2345,344.3,1.3,1.1,2014-11-08,0429,Aqua,MODIS,88,6.2,316,39.2,D,0
-14.0813,141.8789,358.9,1.3,1.1,2014-11-08,0429,Aqua,MODIS,99,6.2,315.6,91.3,D,0
-14.2736,135.1987,331.7,1.3,1.1,2014-11-08,0429,Aqua,MODIS,49,6.2,312.3,12.8,D,0
-14.0877,141.9046,337.6,1.3,1.1,2014-11-08,0429,Aqua,MODIS,52,6.2,319,19.2,D,0
-13.853,141.8335,349.6,1.3,1.1,2014-11-08,0429,Aqua,MODIS,92,6.2,316,54.4,D,0
-14.2637,135.203,347.4,1.3,1.1,2014-11-08,0429,Aqua,MODIS,91,6.2,313.5,51.2,D,0
-16.6054,133.7792,340.1,1.7,1.3,2014-11-08,0429,Aqua,MODIS,80,6.2,306.9,67.2,D,0
-16.801,133.8652,340.9,1.7,1.3,2014-11-08,0429,Aqua,MODIS,50,6.2,307.2,69.9,D,0
-16.8195,133.5128,350.5,1.8,1.3,2014-11-08,0429,Aqua,MODIS,94,6.2,307.3,114.2,D,0
-14.2551,135.1896,336.3,1.3,1.1,2014-11-08,0429,Aqua,MODIS,69,6.2,308.8,25.3,D,0
-14.2653,135.191,364,1.3,1.1,2014-11-08,0429,Aqua,MODIS,100,6.2,314.7,112.1,D,0
-13.8511,141.8455,351.4,1.3,1.1,2014-11-08,0429,Aqua,MODIS,94,6.2,316,58.5,D,0
-13.8549,141.8216,381.7,1.3,1.1,2014-11-08,0429,Aqua,MODIS,100,6.2,318.2,203,D,0
-14.0896,141.8926,353.8,1.3,1.1,2014-11-08,0429,Aqua,MODIS,95,6.2,319.7,68.7,D,0
-14.2426,135.2847,383.9,1.3,1.1,2014-11-08,0429,Aqua,MODIS,100,6.2,319.1,209.6,D,0
-14.3578,134.7842,346.1,1.4,1.2,2014-11-08,0429,Aqua,MODIS,90,6.2,311.2,55.4,D,0
-14.0794,141.8909,381.5,1.3,1.1,2014-11-08,0429,Aqua,MODIS,100,6.2,319.9,199.5,D,0
-14.0915,141.8806,345.4,1.3,1.1,2014-11-08,0429,Aqua,MODIS,83,6.2,315.7,45.2,D,0
-14.0775,141.9028,353.1,1.3,1.1,2014-11-08,0429,Aqua,MODIS,95,6.2,319.2,63.2,D,0
-14.3489,134.7701,364.6,1.4,1.2,2014-11-08,0429,Aqua,MODIS,100,6.2,312.6,129.7,D,0
-14.3505,134.7574,357.9,1.4,1.2,2014-11-08,0429,Aqua,MODIS,98,6.2,309.5,102.5,D,0
-13.8567,141.8096,362.6,1.3,1.1,2014-11-08,0429,Aqua,MODIS,100,6.2,312.4,105.4,D,0
-16.8188,136.9963,335.7,1.1,1.1,2014-11-08,0429,Aqua,MODIS,75,6.2,305.2,29.2,D,0
-16.8093,136.9949,334.1,1.1,1.1,2014-11-08,0429,Aqua,MODIS,76,6.2,304.6,25.2,D,0
-18.2473,129.6625,343.7,3.8,1.8,2014-11-08,0429,Aqua,MODIS,87,6.2,299.2,274.5,D,0
-15.4638,130.9434,319.9,2.8,1.6,2014-11-08,0429,Aqua,MODIS,0,6.2,285.3,43,D,0
-17.1448,129.0299,335.6,4.1,1.9,2014-11-08,0429,Aqua,MODIS,68,6.2,296.7,196.1,D,0
-17.1403,129.0222,335.3,4.1,1.9,2014-11-08,0429,Aqua,MODIS,63,6.2,294.7,191.9,D,0
-15.3863,129.7383,337.1,3.4,1.7,2014-11-08,0429,Aqua,MODIS,83,6.2,301.1,151.8,D,0
-15.3805,129.7422,332,3.4,1.7,2014-11-08,0429,Aqua,MODIS,73,6.2,300.6,108.7,D,0
-15.3962,129.7439,332.7,3.4,1.7,2014-11-08,0429,Aqua,MODIS,78,6.2,301.2,109.6,D,0
-15.5055,130.0137,325,3.2,1.7,2014-11-08,0429,Aqua,MODIS,45,6.2,294.1,64.9,D,0
-16.8067,129.1621,328.3,3.9,1.8,2014-11-08,0429,Aqua,MODIS,39,6.2,302.8,61.6,D,0
-18.2372,129.6661,337.3,3.8,1.8,2014-11-08,0429,Aqua,MODIS,78,6.2,292.3,200.1,D,0
-16.8177,129.1556,328.3,3.9,1.8,2014-11-08,0429,Aqua,MODIS,26,6.2,302.8,57.6,D,0
-18.4475,129.0898,379.6,4.2,1.9,2014-11-08,0429,Aqua,MODIS,100,6.2,291.7,1113,D,0
-18.4402,129.1213,344.8,4.1,1.9,2014-11-08,0429,Aqua,MODIS,83,6.2,286.6,325.3,D,0
-18.4441,129.082,352.5,4.2,1.9,2014-11-08,0429,Aqua,MODIS,89,6.2,290.9,445.4,D,0
-12.7319,136.3538,330.9,1.1,1,2014-11-08,0430,Aqua,MODIS,53,6.2,311,10.2,D,0
-12.7333,136.3438,344.5,1.1,1,2014-11-08,0430,Aqua,MODIS,89,6.2,313.2,35.7,D,0
-12.7413,136.3551,334.6,1.1,1,2014-11-08,0430,Aqua,MODIS,73,6.2,312.7,15.4,D,0
-12.7472,136.3515,335.4,1.1,1,2014-11-08,0430,Aqua,MODIS,59,6.2,315.2,14.5,D,0
-12.7347,136.3338,356.9,1.1,1,2014-11-08,0430,Aqua,MODIS,98,6.2,313.3,66.4,D,0
-12.3515,131.6008,330.4,2.2,1.4,2014-11-08,0430,Aqua,MODIS,48,6.2,303.6,53.8,D,0
-12.8,142.8956,329,1.6,1.2,2014-11-08,0430,Aqua,MODIS,32,6.2,310.3,20.2,D,0
-12.5446,142.8326,323.1,1.6,1.2,2014-11-08,0430,Aqua,MODIS,36,6.2,304,18.1,D,0
-12.6251,143.0513,374.8,1.6,1.3,2014-11-08,0430,Aqua,MODIS,100,6.2,313.2,250.3,D,0
-12.6226,143.0665,328.4,1.7,1.3,2014-11-08,0430,Aqua,MODIS,39,6.2,307,27,D,0
-12.6566,143.0722,340.8,1.7,1.3,2014-11-08,0430,Aqua,MODIS,85,6.2,303.9,60.9,D,0
-12.6025,143.047,365.3,1.6,1.3,2014-11-08,0430,Aqua,MODIS,100,6.2,308.3,186.9,D,0
-12.6113,143.0645,346.4,1.7,1.3,2014-11-08,0430,Aqua,MODIS,91,6.2,306.3,84.3,D,0
-12.6275,143.0362,350.4,1.6,1.3,2014-11-08,0430,Aqua,MODIS,94,6.2,308.7,108.3,D,0
-12.6088,143.0797,332.8,1.7,1.3,2014-11-08,0430,Aqua,MODIS,75,6.2,307.3,40.1,D,0
-12.6,143.0624,337.9,1.7,1.3,2014-11-08,0430,Aqua,MODIS,81,6.2,306.7,55.7,D,0
-12.6138,143.0491,345.8,1.6,1.3,2014-11-08,0430,Aqua,MODIS,90,6.2,309.4,84.5,D,0
-12.5912,143.0451,376.5,1.6,1.3,2014-11-08,0430,Aqua,MODIS,100,6.2,311.5,267,D,0
-12.5887,143.0602,346,1.7,1.3,2014-11-08,0430,Aqua,MODIS,90,6.2,306,85.3,D,0
-12.5786,143.0517,354.1,1.7,1.3,2014-11-08,0430,Aqua,MODIS,96,6.2,306.4,122.7,D,0
-12.7753,142.4101,349.9,1.5,1.2,2014-11-08,0430,Aqua,MODIS,93,6.2,313.1,71.5,D,0
-12.7797,142.3832,339.7,1.5,1.2,2014-11-08,0430,Aqua,MODIS,84,6.2,313.2,35.9,D,0
-12.7775,142.3966,354.7,1.5,1.2,2014-11-08,0430,Aqua,MODIS,96,6.2,314,89.6,D,0
-12.5799,143.0433,400.9,1.6,1.3,2014-11-08,0430,Aqua,MODIS,100,6.2,310.9,513.3,D,0
-12.3644,131.6024,328.3,2.2,1.4,2014-11-08,0430,Aqua,MODIS,58,6.2,302.4,49.5,D,0
-12.7561,142.3737,332.2,1.5,1.2,2014-11-08,0430,Aqua,MODIS,43,6.2,312.8,17.5,D,0
-12.7754,142.3908,346.8,1.5,1.2,2014-11-08,0430,Aqua,MODIS,91,6.2,313,58.7,D,0
-12.7733,142.4043,351,1.5,1.2,2014-11-08,0430,Aqua,MODIS,94,6.2,313.7,74.9,D,0
-12.7454,142.3718,337.8,1.5,1.2,2014-11-08,0430,Aqua,MODIS,75,6.2,313.8,31.2,D,0
-12.3619,131.6225,324.5,2.2,1.4,2014-11-08,0430,Aqua,MODIS,43,6.2,303.2,32.6,D,0
-12.7475,142.3584,349.8,1.5,1.2,2014-11-08,0430,Aqua,MODIS,93,6.2,311.4,70.5,D,0
-12.3502,131.6077,329.6,2.2,1.4,2014-11-08,0430,Aqua,MODIS,67,6.2,304,54.2,D,0
-12.7582,142.3603,340.5,1.5,1.2,2014-11-08,0430,Aqua,MODIS,85,6.2,311.7,40.4,D,0
-12.581,143.0365,390.6,1.6,1.3,2014-11-08,0430,Aqua,MODIS,100,6.2,312.7,395.2,D,0
-12.3632,131.6093,333.8,2.2,1.4,2014-11-08,0430,Aqua,MODIS,80,6.2,303.3,75.1,D,0
-12.8894,143.3269,335.8,1.7,1.3,2014-11-08,0430,Aqua,MODIS,67,6.2,305.5,51.6,D,0
-12.328,131.5774,326.7,2.2,1.4,2014-11-08,0430,Aqua,MODIS,28,6.2,303,37.5,D,0
-12.3256,131.5976,343.6,2.2,1.4,2014-11-08,0430,Aqua,MODIS,89,6.2,305.2,114.3,D,0
-12.9352,143.4807,340,1.8,1.3,2014-11-08,0430,Aqua,MODIS,72,6.2,302.3,76.4,D,0
-13.0681,136.2311,341.2,1.1,1.1,2014-11-08,0430,Aqua,MODIS,85,6.2,310.8,30.2,D,0
-12.3101,131.616,324.8,2.2,1.4,2014-11-08,0430,Aqua,MODIS,36,6.2,304.2,28.8,D,0
-13.0775,136.2324,335.3,1.1,1.1,2014-11-08,0430,Aqua,MODIS,57,6.2,313.6,17.8,D,0
-13.0734,136.2629,336.7,1.1,1,2014-11-08,0430,Aqua,MODIS,50,6.2,310.3,20.9,D,0
-13.0748,136.2528,338.9,1.1,1,2014-11-08,0430,Aqua,MODIS,68,6.2,312.2,24,D,0
-13.0667,136.2413,332.6,1.1,1.1,2014-11-08,0430,Aqua,MODIS,48,6.2,310.8,13.9,D,0
-12.4845,136.6764,332.8,1.1,1,2014-11-08,0430,Aqua,MODIS,58,6.2,308.8,16,D,0
-12.4938,136.6777,332.6,1.1,1,2014-11-08,0430,Aqua,MODIS,69,6.2,310.3,17,D,0
-12.3126,131.5959,343.9,2.2,1.4,2014-11-08,0430,Aqua,MODIS,89,6.2,305.9,117.4,D,0
-12.4859,136.6667,335.6,1.1,1,2014-11-08,0430,Aqua,MODIS,72,6.2,310.3,19,D,0
-12.5103,142.9016,326.5,1.6,1.3,2014-11-08,0430,Aqua,MODIS,21,6.2,304.8,25.7,D,0
-12.3683,142.9256,342.1,1.6,1.3,2014-11-08,0430,Aqua,MODIS,88,6.2,304.3,73.8,D,0
-13.3569,133.7524,337.5,1.6,1.2,2014-11-08,0430,Aqua,MODIS,68,6.2,304.4,43.4,D,0
-12.3151,131.5757,329,2.2,1.4,2014-11-08,0430,Aqua,MODIS,60,6.2,303.8,46.3,D,0
-13.3432,133.7586,342.6,1.6,1.2,2014-11-08,0430,Aqua,MODIS,82,6.2,309.3,57.6,D,0
-13.5199,135.8182,333.5,1.2,1.1,2014-11-08,0430,Aqua,MODIS,63,6.2,312.9,15.1,D,0
-11.1281,142.4801,325.7,1.6,1.2,2014-11-08,0430,Aqua,MODIS,48,6.2,298.9,23,D,0
-12.5679,141.8069,336.3,1.4,1.2,2014-11-08,0430,Aqua,MODIS,62,6.2,306.9,36,D,0
-12.1107,136.3092,339.9,1.1,1,2014-11-08,0430,Aqua,MODIS,84,6.2,312.9,23.2,D,0
-11.1234,142.509,341.5,1.6,1.2,2014-11-08,0430,Aqua,MODIS,91,6.2,304.9,65.4,D,0
-12.6927,143.053,332.3,1.6,1.3,2014-11-08,0430,Aqua,MODIS,71,6.2,308.2,38.4,D,0
-12.738,136.1699,340.3,1.1,1.1,2014-11-08,0430,Aqua,MODIS,84,6.2,310.8,29.4,D,0
-11.2886,131.1453,325.6,2.3,1.5,2014-11-08,0430,Aqua,MODIS,0,6.2,300.6,41.6,D,0
-11.2754,131.1437,331,2.3,1.5,2014-11-08,0430,Aqua,MODIS,0,6.2,299,63.1,D,0
-12.7394,136.1597,331.2,1.1,1.1,2014-11-08,0430,Aqua,MODIS,39,6.2,311.7,12,D,0
-11.1111,142.3744,325.5,1.6,1.2,2014-11-08,0430,Aqua,MODIS,0,6.2,301.9,17.9,D,0
-11.1193,142.4638,331.4,1.6,1.2,2014-11-08,0430,Aqua,MODIS,84,6.2,302.6,36.7,D,0
-11.1092,142.3831,324.6,1.6,1.2,2014-11-08,0430,Aqua,MODIS,23,6.2,303.1,16.4,D,0
-12.5697,143.0347,338.7,1.6,1.3,2014-11-08,0430,Aqua,MODIS,84,6.2,307,63.1,D,0
-12.9691,136.1375,335.8,1.1,1.1,2014-11-08,0430,Aqua,MODIS,51,6.2,313.9,16.5,D,0
-12.961,136.1258,336.3,1.1,1.1,2014-11-08,0430,Aqua,MODIS,44,6.2,311.1,17.1,D,0
-12.9772,136.149,336.1,1.1,1.1,2014-11-08,0430,Aqua,MODIS,63,6.2,310.5,17.7,D,0
-12.5711,143.0263,334.2,1.6,1.3,2014-11-08,0430,Aqua,MODIS,59,6.2,306.4,48.9,D,0
-12.6557,134.9626,337.5,1.3,1.1,2014-11-08,0430,Aqua,MODIS,27,6.2,306.9,32.7,D,0
-12.6568,134.9563,342.5,1.3,1.1,2014-11-08,0430,Aqua,MODIS,82,6.2,307.4,47.3,D,0
-12.5824,143.0282,370.3,1.6,1.3,2014-11-08,0430,Aqua,MODIS,100,6.2,305.9,220.8,D,0
-14.1688,135.0742,359,1.3,1.1,2014-11-08,0430,Aqua,MODIS,99,6.2,312.4,94,D,0
-14.0249,135.0726,385.8,1.3,1.1,2014-11-08,0430,Aqua,MODIS,100,6.2,314.3,228.7,D,0
-14.0311,135.024,377.3,1.3,1.1,2014-11-08,0430,Aqua,MODIS,100,6.2,315.1,181.8,D,0
-14.0326,135.0118,374.2,1.3,1.1,2014-11-08,0430,Aqua,MODIS,100,6.2,312.1,168.6,D,0
-14.0147,135.0712,359,1.3,1.1,2014-11-08,0430,Aqua,MODIS,99,6.2,311.2,91.7,D,0
-14.0193,135.0348,377.9,1.3,1.1,2014-11-08,0430,Aqua,MODIS,100,6.2,309.3,190.6,D,0
-14.0208,135.0226,390.5,1.3,1.1,2014-11-08,0430,Aqua,MODIS,100,6.2,310.6,279,D,0
-14.0194,135.0541,330.5,1.3,1.1,2014-11-08,0430,Aqua,MODIS,58,6.2,304.4,17.6,D,0
-14.021,135.0419,339.7,1.3,1.1,2014-11-08,0430,Aqua,MODIS,83,6.2,305.8,39.9,D,0
-14.0226,135.0298,393.1,1.3,1.1,2014-11-08,0430,Aqua,MODIS,100,6.2,316.6,298.6,D,0
-14.0243,135.0176,362.9,1.3,1.1,2014-11-08,0430,Aqua,MODIS,100,6.2,311.2,120.9,D,0
-14.0259,135.0055,335.4,1.3,1.1,2014-11-08,0430,Aqua,MODIS,49,6.2,306.4,34.8,D,0
-14.1823,135.0514,339.6,1.3,1.1,2014-11-08,0430,Aqua,MODIS,83,6.2,305,39.4,D,0
-14.0342,134.9997,349.2,1.3,1.1,2014-11-08,0430,Aqua,MODIS,92,6.2,308,65.5,D,0
-14.0413,135.0254,344.3,1.3,1.1,2014-11-08,0430,Aqua,MODIS,77,6.2,312.2,42.2,D,0
-14.0586,135.0526,339.4,1.3,1.1,2014-11-08,0430,Aqua,MODIS,60,6.2,312.3,27.3,D,0
-12.5264,142.8742,323.9,1.6,1.2,2014-11-08,0430,Aqua,MODIS,26,6.2,302.9,21.8,D,0
-14.15,135.2181,337.5,1.3,1.1,2014-11-08,0430,Aqua,MODIS,65,6.2,312.5,26.4,D,0
-12.2532,136.8167,335,1,1,2014-11-08,0430,Aqua,MODIS,78,6.2,312.6,17.3,D,0
-14.1452,135.0956,338.3,1.3,1.1,2014-11-08,0430,Aqua,MODIS,45,6.2,313.3,26.4,D,0
-12.6568,142.7847,328.7,1.6,1.2,2014-11-08,0430,Aqua,MODIS,66,6.2,311.1,20.3,D,0
-12.6591,142.7703,328.6,1.6,1.2,2014-11-08,0430,Aqua,MODIS,65,6.2,310.6,17.9,D,0
-12.5493,142.8038,331.2,1.6,1.2,2014-11-08,0430,Aqua,MODIS,74,6.2,306.8,33.8,D,0
-13.1342,131.692,330.9,2.2,1.4,2014-11-08,0430,Aqua,MODIS,44,6.2,307.1,32.6,D,0
-12.5517,142.7895,329.6,1.6,1.2,2014-11-08,0430,Aqua,MODIS,71,6.2,305.7,28.5,D,0
-14.1105,135.0415,334.5,1.3,1.1,2014-11-08,0430,Aqua,MODIS,70,6.2,306.8,26.1,D,0
-14.1602,135.0608,356.5,1.3,1.1,2014-11-08,0430,Aqua,MODIS,97,6.2,308.1,90.3,D,0
-14.1586,135.0728,363.9,1.3,1.1,2014-11-08,0430,Aqua,MODIS,100,6.2,312,115.8,D,0
-14.1736,135.0379,348.4,1.3,1.1,2014-11-08,0430,Aqua,MODIS,91,6.2,307.6,67.5,D,0
-13.9569,134.1402,336.2,1.5,1.2,2014-11-08,0430,Aqua,MODIS,54,6.2,300.1,44.1,D,0
-12.7575,142.8668,332.4,1.6,1.2,2014-11-08,0430,Aqua,MODIS,43,6.2,310.2,30.9,D,0
-14.0162,135.0783,364,1.3,1.1,2014-11-08,0430,Aqua,MODIS,100,6.2,315.1,114.9,D,0
-14.0146,135.0903,339.1,1.3,1.1,2014-11-08,0430,Aqua,MODIS,82,6.2,311.1,31.7,D,0
-14.0131,135.0833,345.5,1.3,1.1,2014-11-08,0430,Aqua,MODIS,89,6.2,313.2,44.1,D,0
-14.0116,135.0953,335.2,1.3,1.1,2014-11-08,0430,Aqua,MODIS,49,6.2,311.2,17.9,D,0
-14.0233,135.0847,349.6,1.3,1.1,2014-11-08,0430,Aqua,MODIS,93,6.2,312.9,52.8,D,0
-14.0258,135.146,335.9,1.3,1.1,2014-11-08,0430,Aqua,MODIS,47,6.2,314.8,19.9,D,0
-14.172,135.05,347.9,1.3,1.1,2014-11-08,0430,Aqua,MODIS,91,6.2,298.8,63.6,D,0
-14.4238,130.6462,324.2,2.8,1.6,2014-11-08,0430,Aqua,MODIS,42,6.2,300.6,45.8,D,0
-14.4267,130.6201,329.7,2.8,1.6,2014-11-08,0430,Aqua,MODIS,63,6.2,298.9,81.8,D,0
-32.0643,115.9119,321.5,1.1,1,2014-11-08,0603,Aqua,MODIS,37,6.2,303.7,6.5,D,2
-32.0737,115.9135,320.4,1.1,1,2014-11-08,0603,Aqua,MODIS,8,6.2,303.2,5.3,D,2
-32.0628,115.9235,321.2,1.1,1,2014-11-08,0603,Aqua,MODIS,28,6.2,303.4,5.9,D,2
-30.3442,125.1205,334.7,2.2,1.4,2014-11-08,0603,Aqua,MODIS,76,6.2,314.3,44.6,D,0
-30.3346,125.1128,333,2.2,1.4,2014-11-08,0603,Aqua,MODIS,72,6.2,313.9,36.7,D,0
-33.372,115.6861,315.3,1.1,1.1,2014-11-08,0603,Aqua,MODIS,22,6.2,299.9,6.8,D,0
-28.1758,125.0179,338.2,2.4,1.5,2014-11-08,0604,Aqua,MODIS,79,6.2,318.9,60.2,D,0
-29.3808,124.8357,338.8,2.2,1.4,2014-11-08,0604,Aqua,MODIS,82,6.2,316.1,71.9,D,0
-28.3975,127.3084,326.2,3.4,1.7,2014-11-08,0604,Aqua,MODIS,27,6.2,310.9,41.3,D,0
-31.3387,115.6297,336.7,1.1,1,2014-11-08,0604,Aqua,MODIS,81,6.2,307.4,32.8,D,0
-29.3825,124.8285,331.3,2.2,1.4,2014-11-08,0604,Aqua,MODIS,69,6.2,315.5,36.3,D,0
-29.3698,124.825,328.3,2.2,1.4,2014-11-08,0604,Aqua,MODIS,47,6.2,312.4,24,D,0
-28.4532,122.0764,400.7,1.5,1.2,2014-11-08,0604,Aqua,MODIS,100,6.2,328.3,421.3,D,0
-28.4424,122.0738,340.3,1.5,1.2,2014-11-08,0604,Aqua,MODIS,37,6.2,320.3,29.4,D,0
-28.4805,122.0508,338.1,1.5,1.2,2014-11-08,0604,Aqua,MODIS,52,6.2,316,32.4,D,0
-28.4504,122.0918,374.5,1.5,1.2,2014-11-08,0604,Aqua,MODIS,100,6.2,323.6,188.7,D,0
-28.4885,122.0687,350.7,1.5,1.2,2014-11-08,0604,Aqua,MODIS,90,6.2,313.1,75.5,D,0
-28.4913,122.0534,358.9,1.5,1.2,2014-11-08,0604,Aqua,MODIS,99,6.2,313.6,112.5,D,0
-27.6831,123.2904,363.1,1.9,1.3,2014-11-08,0604,Aqua,MODIS,100,6.2,322,174.5,D,0
-27.6795,123.3092,351.1,1.9,1.3,2014-11-08,0604,Aqua,MODIS,93,6.2,321.6,98.8,D,0
-29.8092,123.683,336.6,1.8,1.3,2014-11-08,0604,Aqua,MODIS,74,6.2,316.5,35.5,D,0
-29.9215,123.6409,377.3,1.8,1.3,2014-11-08,0604,Aqua,MODIS,100,6.2,311.8,297.4,D,0
-29.9249,123.6228,378.2,1.8,1.3,2014-11-08,0604,Aqua,MODIS,100,6.2,310,305.9,D,0
-29.9098,123.6379,336.7,1.8,1.3,2014-11-08,0604,Aqua,MODIS,62,6.2,311.4,50.6,D,0
-29.9133,123.6198,384.2,1.8,1.3,2014-11-08,0604,Aqua,MODIS,100,6.2,313.8,360.5,D,0
-29.9168,123.6017,368.7,1.8,1.3,2014-11-08,0604,Aqua,MODIS,100,6.2,309,227.2,D,0
-29.8548,123.6373,337.5,1.8,1.3,2014-11-08,0604,Aqua,MODIS,63,6.2,310.5,44.8,D,0
-29.8583,123.6191,356.9,1.8,1.3,2014-11-08,0604,Aqua,MODIS,98,6.2,310.1,139.1,D,0
-29.8618,123.6008,341.1,1.8,1.3,2014-11-08,0604,Aqua,MODIS,84,6.2,308.6,66,D,0
-29.8315,123.6309,370.1,1.8,1.3,2014-11-08,0604,Aqua,MODIS,100,6.2,311.5,223,D,0
-29.8199,123.6277,335,1.8,1.3,2014-11-08,0604,Aqua,MODIS,53,6.2,314,34.3,D,0
-29.9038,123.7326,344.4,1.8,1.3,2014-11-08,0604,Aqua,MODIS,88,6.2,311.7,81.9,D,0
-29.8607,123.7355,337.1,1.8,1.3,2014-11-08,0604,Aqua,MODIS,75,6.2,313.7,47.1,D,0
-27.6198,122.8095,339.7,1.8,1.3,2014-11-08,0604,Aqua,MODIS,79,6.2,320.3,40.8,D,0
-27.6232,122.7919,365.1,1.8,1.3,2014-11-08,0604,Aqua,MODIS,100,6.2,320.2,172.3,D,0
-27.6266,122.7742,348.4,1.7,1.3,2014-11-08,0604,Aqua,MODIS,90,6.2,317.1,76.1,D,0
-27.6258,122.8053,342.5,1.8,1.3,2014-11-08,0604,Aqua,MODIS,83,6.2,320,52.9,D,0
-27.629,122.7877,351.5,1.8,1.3,2014-11-08,0604,Aqua,MODIS,93,6.2,317.8,94.2,D,0
-27.6142,122.8025,339.8,1.8,1.3,2014-11-08,0604,Aqua,MODIS,79,6.2,319.4,42.1,D,0
-27.6174,122.7849,355.4,1.8,1.3,2014-11-08,0604,Aqua,MODIS,96,6.2,321.2,114.3,D,0
-27.6207,122.7672,332.6,1.7,1.3,2014-11-08,0604,Aqua,MODIS,45,6.2,318.3,17.9,D,0
-29.9073,123.7141,399.4,1.8,1.3,2014-11-08,0604,Aqua,MODIS,100,6.2,316,552.1,D,0
-29.9109,123.6957,364.9,1.8,1.3,2014-11-08,0604,Aqua,MODIS,100,6.2,310.6,197,D,0
-29.9144,123.6774,354.4,1.8,1.3,2014-11-08,0604,Aqua,MODIS,96,6.2,310.5,133.5,D,0
-29.918,123.6591,357.5,1.8,1.3,2014-11-08,0604,Aqua,MODIS,98,6.2,310.7,150.9,D,0
-29.8956,123.7111,337.6,1.8,1.3,2014-11-08,0604,Aqua,MODIS,68,6.2,315.1,48,D,0
-29.8992,123.6926,348.7,1.8,1.3,2014-11-08,0604,Aqua,MODIS,92,6.2,314.2,94.5,D,0
-29.8569,123.7203,339.5,1.8,1.3,2014-11-08,0604,Aqua,MODIS,78,6.2,312.4,51.3,D,0
-29.8642,123.717,334.4,1.8,1.3,2014-11-08,0604,Aqua,MODIS,62,6.2,313.1,34.2,D,0
-29.8595,123.6771,329.9,1.8,1.3,2014-11-08,0604,Aqua,MODIS,27,6.2,312.3,18.1,D,0
-29.8408,123.7108,346.9,1.8,1.3,2014-11-08,0604,Aqua,MODIS,90,6.2,315.3,83.5,D,0
-26.1143,122.7032,343.8,1.9,1.3,2014-11-08,0605,Aqua,MODIS,82,6.2,320.3,53.8,D,0
-26.1177,122.6849,364.8,1.9,1.3,2014-11-08,0605,Aqua,MODIS,0,6.2,324.6,175.6,D,0
-23.5337,121.1306,352.9,1.6,1.3,2014-11-08,0605,Aqua,MODIS,94,6.2,316.7,90.4,D,0
-23.559,121.1196,344.1,1.6,1.3,2014-11-08,0605,Aqua,MODIS,78,6.2,316.8,52.7,D,0
-23.5365,121.1148,362.9,1.6,1.3,2014-11-08,0605,Aqua,MODIS,100,6.2,318.6,146.2,D,0
-23.5309,121.1465,359.8,1.6,1.3,2014-11-08,0605,Aqua,MODIS,99,6.2,312.6,124.3,D,0
-23.5478,121.1172,355,1.6,1.3,2014-11-08,0605,Aqua,MODIS,96,6.2,314.9,101.7,D,0
-23.5449,121.133,353.2,1.6,1.3,2014-11-08,0605,Aqua,MODIS,95,6.2,315.4,89.6,D,0
-19.4277,123.6588,337.9,3,1.7,2014-11-08,0606,Aqua,MODIS,63,6.2,306,96.4,D,0
-19.4074,123.684,334.2,3,1.7,2014-11-08,0606,Aqua,MODIS,55,6.2,308.1,67.4,D,0
-19.4077,123.676,335.8,3,1.7,2014-11-08,0606,Aqua,MODIS,70,6.2,308.1,78.1,D,0
-20.3603,119.126,358.1,1.4,1.2,2014-11-08,0606,Aqua,MODIS,98,6.2,310.7,98.3,D,0
-20.3625,119.1129,367.2,1.4,1.2,2014-11-08,0606,Aqua,MODIS,100,6.2,311.7,139.4,D,0
-20.3647,119.0998,353.7,1.4,1.2,2014-11-08,0606,Aqua,MODIS,95,6.2,311.2,81.3,D,0
-20.3499,119.124,330.5,1.4,1.2,2014-11-08,0606,Aqua,MODIS,56,6.2,309.3,14.7,D,0
-19.9167,123.9849,331.8,3.1,1.7,2014-11-08,0606,Aqua,MODIS,59,6.2,306.3,72.2,D,0
-19.9226,123.9556,356.5,3.1,1.7,2014-11-08,0606,Aqua,MODIS,98,6.2,305.6,306.2,D,0
-19.9077,123.9523,347.4,3.1,1.7,2014-11-08,0606,Aqua,MODIS,94,6.2,307.1,192.2,D,0
-19.8869,123.9784,340.1,3.1,1.7,2014-11-08,0606,Aqua,MODIS,90,6.2,307.1,126.2,D,0
-19.918,123.9777,342.2,3.1,1.7,2014-11-08,0606,Aqua,MODIS,86,6.2,307.1,148.5,D,0
-19.9031,123.9744,337.8,3.1,1.7,2014-11-08,0606,Aqua,MODIS,80,6.2,306.8,107.1,D,0
-19.9088,123.945,343.1,3.1,1.7,2014-11-08,0606,Aqua,MODIS,87,6.2,306.7,149.4,D,0
-19.8882,123.9711,339.1,3.1,1.7,2014-11-08,0606,Aqua,MODIS,82,6.2,307.6,116.7,D,0
-19.8824,124.0005,332.4,3.1,1.7,2014-11-08,0606,Aqua,MODIS,70,6.2,304.9,65.6,D,0
-20.9452,118.7513,354.3,1.3,1.1,2014-11-08,0606,Aqua,MODIS,90,6.2,319.2,65.7,D,0
-20.9473,118.739,344.1,1.3,1.1,2014-11-08,0606,Aqua,MODIS,85,6.2,316.2,36.4,D,0
-20.9279,118.7423,398.2,1.3,1.1,2014-11-08,0606,Aqua,MODIS,100,6.2,326.8,309.7,D,0
-19.746,124.1524,334.4,3.2,1.7,2014-11-08,0606,Aqua,MODIS,67,6.2,307,83.6,D,0
-19.9329,123.981,335.7,3.1,1.7,2014-11-08,0606,Aqua,MODIS,77,6.2,301.5,102.5,D,0
-21.9128,120.631,397.9,1.6,1.3,2014-11-08,0606,Aqua,MODIS,87,6.2,316.4,445.8,D,0
-21.9124,120.6415,418.1,1.6,1.3,2014-11-08,0606,Aqua,MODIS,0,6.2,302,730.7,D,0
-21.9324,120.6514,338.9,1.6,1.3,2014-11-08,0606,Aqua,MODIS,57,6.2,303.7,39.6,D,0
-21.924,120.6334,374.4,1.6,1.3,2014-11-08,0606,Aqua,MODIS,87,6.2,306,223.3,D,0
-21.9212,120.7143,356.8,1.6,1.3,2014-11-08,0606,Aqua,MODIS,97,6.2,316.3,109.2,D,0
-21.924,120.6984,366.2,1.6,1.3,2014-11-08,0606,Aqua,MODIS,100,6.2,318.2,162.3,D,0
-21.9128,120.7068,356.4,1.6,1.3,2014-11-08,0606,Aqua,MODIS,97,6.2,316.4,111.9,D,0
-21.9263,120.6283,334.9,1.6,1.3,2014-11-08,0606,Aqua,MODIS,60,6.2,305.6,28.2,D,0
-21.9381,120.685,336,1.6,1.3,2014-11-08,0606,Aqua,MODIS,37,6.2,315.9,25.6,D,0
-19.5472,122.0795,332.9,2.3,1.5,2014-11-08,0606,Aqua,MODIS,72,6.2,305.6,39.8,D,0
-19.5693,122.1067,332.8,2.3,1.5,2014-11-08,0606,Aqua,MODIS,56,6.2,308,36.1,D,0
-21.9151,120.6259,384.6,1.6,1.3,2014-11-08,0606,Aqua,MODIS,94,6.2,317.9,307.9,D,0
-21.2037,120.3367,336.5,1.6,1.2,2014-11-08,0606,Aqua,MODIS,42,6.2,313.8,31.9,D,0
-21.2063,120.3215,351,1.6,1.2,2014-11-08,0606,Aqua,MODIS,93,6.2,314.5,86.3,D,0
-21.1064,120.5595,339.6,1.7,1.3,2014-11-08,0606,Aqua,MODIS,33,6.2,318.8,30.9,D,0
-21.2491,120.2051,355.8,1.6,1.2,2014-11-08,0606,Aqua,MODIS,97,6.2,317.5,101.8,D,0
-21.2381,120.203,340.8,1.6,1.2,2014-11-08,0606,Aqua,MODIS,81,6.2,314.6,41.8,D,0
-20.1053,120.2847,381.5,1.7,1.3,2014-11-08,0606,Aqua,MODIS,100,6.2,303.4,296.7,D,0
-20.108,120.269,333.1,1.7,1.3,2014-11-08,0606,Aqua,MODIS,70,6.2,301.3,33.1,D,0
-20.0912,120.2983,337.8,1.7,1.3,2014-11-08,0606,Aqua,MODIS,79,6.2,302.9,41.9,D,0
-21.2406,120.1881,336,1.6,1.2,2014-11-08,0606,Aqua,MODIS,72,6.2,314.7,26.6,D,0
-21.3104,120.116,346.3,1.5,1.2,2014-11-08,0606,Aqua,MODIS,81,6.2,316.8,56.6,D,0
-21.251,120.1958,346.1,1.6,1.2,2014-11-08,0606,Aqua,MODIS,88,6.2,316.3,59.5,D,0
-20.094,120.2826,367.9,1.7,1.3,2014-11-08,0606,Aqua,MODIS,100,6.2,303.7,190.2,D,0
-21.2484,120.2107,348.1,1.6,1.2,2014-11-08,0606,Aqua,MODIS,90,6.2,317.3,67.2,D,0
-20.0716,120.3437,330.2,1.7,1.3,2014-11-08,0606,Aqua,MODIS,40,6.2,301.1,22.8,D,0
-20.0826,120.2804,358.3,1.7,1.3,2014-11-08,0606,Aqua,MODIS,98,6.2,302.6,134.7,D,0
-20.0853,120.2646,328.2,1.7,1.3,2014-11-08,0606,Aqua,MODIS,46,6.2,301.2,20.6,D,0
-20.0713,120.2781,327.9,1.7,1.3,2014-11-08,0606,Aqua,MODIS,32,6.2,301.3,19,D,0
-21.1814,120.3322,346.2,1.6,1.2,2014-11-08,0606,Aqua,MODIS,88,6.2,314.7,62.4,D,0
-21.1787,120.3474,412.6,1.6,1.2,2014-11-08,0606,Aqua,MODIS,100,6.2,323.2,626.4,D,0
-21.2526,120.4484,357.3,1.6,1.3,2014-11-08,0606,Aqua,MODIS,98,6.2,319.3,106.5,D,0
-21.2498,120.464,383,1.6,1.3,2014-11-08,0606,Aqua,MODIS,100,6.2,321.8,282,D,0
-21.1761,120.3627,372.7,1.6,1.2,2014-11-08,0606,Aqua,MODIS,100,6.2,317,200.5,D,0
-21.1952,120.3193,388.1,1.6,1.2,2014-11-08,0606,Aqua,MODIS,100,6.2,314.6,333.5,D,0
-21.1925,120.3345,338.5,1.6,1.2,2014-11-08,0606,Aqua,MODIS,77,6.2,313.4,38.6,D,0
-21.1873,120.3649,338.8,1.6,1.2,2014-11-08,0606,Aqua,MODIS,42,6.2,313.5,29.5,D,0
-21.1846,120.3801,367.4,1.6,1.2,2014-11-08,0606,Aqua,MODIS,100,6.2,316.9,162.7,D,0
-21.2215,120.3617,360,1.6,1.2,2014-11-08,0606,Aqua,MODIS,75,6.2,293.1,135,D,0
-21.2243,120.3464,336.9,1.6,1.2,2014-11-08,0606,Aqua,MODIS,74,6.2,307.6,40.3,D,0
-21.2234,120.3563,343,1.6,1.2,2014-11-08,0606,Aqua,MODIS,76,6.2,297.5,58.2,D,0
-21.2122,120.3541,387.5,1.6,1.2,2014-11-08,0606,Aqua,MODIS,94,6.2,316.3,328.7,D,0
-18.7005,122.3835,358.5,2.5,1.5,2014-11-08,0607,Aqua,MODIS,99,6.2,304.1,254,D,0
-19.2587,122.6634,332.1,2.6,1.5,2014-11-08,0607,Aqua,MODIS,56,6.2,294.7,63.5,D,0
-19.2538,122.6123,337.5,2.5,1.5,2014-11-08,0607,Aqua,MODIS,21,6.2,299.7,92.8,D,0
-19.1715,122.5647,335.3,2.5,1.5,2014-11-08,0607,Aqua,MODIS,58,6.2,309.7,55.4,D,0
-17.8307,124.6376,328.4,3.8,1.8,2014-11-08,0607,Aqua,MODIS,54,6.2,302,52.4,D,0
-19.2692,122.6484,344.1,2.6,1.5,2014-11-08,0607,Aqua,MODIS,88,6.2,303.3,133.6,D,0
-19.26,122.6215,350.7,2.5,1.5,2014-11-08,0607,Aqua,MODIS,93,6.2,306.6,189.6,D,0
-24.9441,148.6933,319.5,3.3,1.7,2014-11-08,1213,Terra,MODIS,99,6.2,295,88.1,N,0
-24.9414,148.7253,306.4,3.3,1.7,2014-11-08,1213,Terra,MODIS,38,6.2,293.9,29.7,N,0
-25.3891,149.9641,308,2.7,1.6,2014-11-08,1213,Terra,MODIS,73,6.2,293.5,30.6,N,0
-24.9286,148.6912,312.1,3.3,1.7,2014-11-08,1213,Terra,MODIS,44,6.2,294.7,49.6,N,0
-24.871,148.6796,307,3.3,1.7,2014-11-08,1213,Terra,MODIS,14,6.2,294.3,30.5,N,0
-25.3924,149.9713,317.9,2.7,1.6,2014-11-08,1213,Terra,MODIS,96,6.2,293.9,60.7,N,0
-25.4066,149.9727,305.9,2.7,1.6,2014-11-08,1213,Terra,MODIS,66,6.2,293.6,22.9,N,0
-24.7989,147.971,301.4,3.7,1.8,2014-11-08,1213,Terra,MODIS,32,6.2,291,25.2,N,0
-24.7898,147.975,301.9,3.7,1.8,2014-11-08,1213,Terra,MODIS,45,6.2,290.7,26.8,N,0
-25.4033,149.9654,313.4,2.7,1.6,2014-11-08,1213,Terra,MODIS,87,6.2,293.8,45.8,N,0
-33.0107,137.5921,313.9,1.1,1,2014-11-08,1349,Terra,MODIS,88,6.2,288.3,14.9,N,2
-33.0032,137.5784,300.3,1.1,1,2014-11-08,1349,Terra,MODIS,24,6.2,288.1,5.8,N,0
-29.9169,123.6307,320.2,3.9,1.8,2014-11-08,1350,Terra,MODIS,100,6.2,290,135.7,N,0
-29.9194,123.5894,302,3.9,1.8,2014-11-08,1350,Terra,MODIS,43,6.2,288.7,39.4,N,0
-30.3253,125.1031,303.7,3.1,1.7,2014-11-08,1350,Terra,MODIS,28,6.2,290.2,29,N,0
-30.3276,125.0701,302.2,3.2,1.7,2014-11-08,1350,Terra,MODIS,19,6.2,290.2,24.7,N,0
-23.1149,129.1003,326.4,1.4,1.2,2014-11-08,1352,Terra,MODIS,100,6.2,296.4,33.9,N,0
-23.1357,129.1032,322.4,1.4,1.2,2014-11-08,1352,Terra,MODIS,87,6.2,289.9,29.3,N,0
-23.1253,129.1018,345.4,1.4,1.2,2014-11-08,1352,Terra,MODIS,100,6.2,296.4,80,N,0
-17.9772,142.6179,305.3,4.4,1.9,2014-11-08,1353,Terra,MODIS,22,6.2,287.6,41.4,N,0
-17.9255,142.6063,306.3,4.4,1.9,2014-11-08,1353,Terra,MODIS,27,6.2,284.2,48.2,N,0
-17.8739,142.5946,308.4,4.4,1.9,2014-11-08,1353,Terra,MODIS,74,6.2,283.9,64.3,N,0
-17.669,134.9506,309.9,1.3,1.1,2014-11-08,1353,Terra,MODIS,22,6.2,296.4,8,N,0
-17.6809,134.9405,307.7,1.3,1.1,2014-11-08,1353,Terra,MODIS,26,6.2,296.5,6,N,0
-17.2929,142.7339,309.3,4.6,2,2014-11-08,1353,Terra,MODIS,54,6.2,291.4,57.3,N,0
-17.2838,142.7771,313.1,4.7,2,2014-11-08,1353,Terra,MODIS,86,6.2,291.5,83.3,N,0
-17.2851,142.7702,313.8,4.7,2,2014-11-08,1353,Terra,MODIS,88,6.2,291.8,91,N,0
-18.1123,135.5611,307.3,1.4,1.2,2014-11-08,1353,Terra,MODIS,71,6.2,294.8,7.7,N,0
-18.1144,135.5484,317.1,1.4,1.2,2014-11-08,1353,Terra,MODIS,94,6.2,295.5,19.3,N,0
-18.1041,135.5464,312,1.4,1.2,2014-11-08,1353,Terra,MODIS,84,6.2,295.1,11.9,N,0
-18.1062,135.5338,317.2,1.4,1.2,2014-11-08,1353,Terra,MODIS,95,6.2,295.4,18,N,0
-18.1083,135.5211,325.3,1.4,1.2,2014-11-08,1353,Terra,MODIS,100,6.2,295.7,31,N,0
-18.1022,135.494,310.8,1.3,1.1,2014-11-08,1353,Terra,MODIS,81,6.2,294.6,11,N,0
-18.1042,135.501,306.5,1.3,1.2,2014-11-08,1353,Terra,MODIS,68,6.2,294.8,6.8,N,0
-18.1614,138.3215,303.1,2.1,1.4,2014-11-08,1353,Terra,MODIS,44,6.2,276.4,17,N,0
-18.1615,138.3152,300.8,2.1,1.4,2014-11-08,1353,Terra,MODIS,34,6.2,276.9,14.6,N,0
-19.6034,129.5452,305.6,1.2,1.1,2014-11-08,1353,Terra,MODIS,65,6.2,293.6,6.8,N,0
-17.2939,142.727,306.8,4.6,2,2014-11-08,1353,Terra,MODIS,40,6.2,291.5,43.6,N,0
-19.305,130.2693,315.8,1.1,1,2014-11-08,1353,Terra,MODIS,91,6.2,295.3,14.2,N,0
-19.3528,130.2406,307.3,1.1,1,2014-11-08,1353,Terra,MODIS,70,6.2,294.6,7.1,N,0
-19.3542,130.2303,316.1,1.1,1,2014-11-08,1353,Terra,MODIS,92,6.2,294.2,14.6,N,0
-18.4571,129.0493,309.4,1.2,1.1,2014-11-08,1353,Terra,MODIS,77,6.2,293.7,9.4,N,0
-18.7582,138.5885,312.4,2.1,1.4,2014-11-08,1353,Terra,MODIS,85,6.2,292.2,27.7,N,0
-18.7503,138.5598,317,2.1,1.4,2014-11-08,1353,Terra,MODIS,69,6.2,289.9,46.4,N,0
-18.7747,138.5708,352.8,2.1,1.4,2014-11-08,1353,Terra,MODIS,100,6.2,293.6,202.8,N,0
-18.7709,138.5912,310.4,2.1,1.4,2014-11-08,1353,Terra,MODIS,66,6.2,291.5,22.8,N,0
-18.763,138.5623,330.7,2.1,1.4,2014-11-08,1353,Terra,MODIS,100,6.2,291.3,88.4,N,0
-18.7756,138.5653,339.2,2.1,1.4,2014-11-08,1353,Terra,MODIS,100,6.2,292,123.6,N,0
-18.762,138.5678,338.7,2.1,1.4,2014-11-08,1353,Terra,MODIS,100,6.2,293.3,121.3,N,0
-18.7593,138.5827,325.2,2.1,1.4,2014-11-08,1353,Terra,MODIS,100,6.2,293.2,66.1,N,0
-18.772,138.5855,326.9,2.1,1.4,2014-11-08,1353,Terra,MODIS,100,6.2,292.1,70.6,N,0
-18.7466,138.5802,311,2.1,1.4,2014-11-08,1353,Terra,MODIS,52,6.2,290.6,29.1,N,0
-18.2214,129.708,308.8,1.1,1.1,2014-11-08,1353,Terra,MODIS,76,6.2,295.6,7.6,N,0
-19.3339,130.3836,309.3,1.1,1,2014-11-08,1353,Terra,MODIS,76,6.2,296.7,7.8,N,0
-19.3137,130.416,320.1,1.1,1,2014-11-08,1353,Terra,MODIS,100,6.2,296.8,17.7,N,0
-19.3099,130.374,309,1.1,1,2014-11-08,1353,Terra,MODIS,75,6.2,295.6,8.1,N,0
-19.5024,130.1638,315.6,1.1,1,2014-11-08,1353,Terra,MODIS,91,6.2,296.9,12.8,N,0
-19.5146,130.1444,311.2,1.1,1,2014-11-08,1353,Terra,MODIS,77,6.2,295.2,8.9,N,0
-19.5132,130.1548,324.1,1.1,1,2014-11-08,1353,Terra,MODIS,100,6.2,296.7,22.2,N,0
-19.5226,130.1562,339.3,1.1,1,2014-11-08,1353,Terra,MODIS,100,6.2,297.7,45.8,N,0
-19.3124,130.4261,313.7,1.1,1,2014-11-08,1353,Terra,MODIS,87,6.2,297,11.7,N,0
-18.2173,129.701,312.9,1.1,1.1,2014-11-08,1353,Terra,MODIS,86,6.2,295.3,11.9,N,0
-18.2159,129.7115,305.4,1.1,1.1,2014-11-08,1353,Terra,MODIS,64,6.2,294.9,5.8,N,0
-18.2227,129.6976,307.8,1.1,1.1,2014-11-08,1353,Terra,MODIS,73,6.2,295.8,6.7,N,0
-18.6667,131.1772,315.1,1,1,2014-11-08,1353,Terra,MODIS,89,6.2,295.3,12.7,N,0
-18.6577,131.1797,328.3,1,1,2014-11-08,1353,Terra,MODIS,100,6.2,296,26.2,N,0
-18.6654,131.1868,321.5,1,1,2014-11-08,1353,Terra,MODIS,100,6.2,295.9,18.3,N,0
-18.6564,131.1893,310.2,1,1,2014-11-08,1353,Terra,MODIS,51,6.2,295.5,8.3,N,0
-13.9537,134.0379,370.6,1.3,1.1,2014-11-08,1354,Terra,MODIS,100,6.2,301,163.3,N,0
-13.9519,134.0497,349.2,1.3,1.1,2014-11-08,1354,Terra,MODIS,100,6.2,298.8,81.9,N,0
-13.9655,134.0282,343.6,1.3,1.1,2014-11-08,1354,Terra,MODIS,100,6.2,299.1,66.7,N,0
-17.5327,131.4677,310.6,1,1,2014-11-08,1354,Terra,MODIS,78,6.2,298,7,N,0
-17.534,131.4583,322.7,1,1,2014-11-08,1354,Terra,MODIS,100,6.2,298.5,17.6,N,0
-13.9355,134.0232,327.5,1.3,1.1,2014-11-08,1354,Terra,MODIS,100,6.2,296.1,32.6,N,0
-13.7811,134.2828,326.9,1.3,1.1,2014-11-08,1354,Terra,MODIS,100,6.2,299.3,33.4,N,0
-13.9573,134.1472,311.8,1.3,1.1,2014-11-08,1354,Terra,MODIS,81,6.2,296.4,12.5,N,0
-13.7792,134.295,316.7,1.3,1.1,2014-11-08,1354,Terra,MODIS,93,6.2,298.4,17.2,N,0
-13.9628,134.1118,329.8,1.3,1.1,2014-11-08,1354,Terra,MODIS,100,6.2,296.8,37.4,N,0
-13.9646,134.1,317.6,1.3,1.1,2014-11-08,1354,Terra,MODIS,95,6.2,296.5,19.1,N,0
-13.9591,134.1354,339.4,1.3,1.1,2014-11-08,1354,Terra,MODIS,100,6.2,297.2,58.4,N,0
-13.9391,134,307.1,1.3,1.1,2014-11-08,1354,Terra,MODIS,63,6.2,295.9,7.2,N,0
-13.7842,134.2775,310.3,1.3,1.1,2014-11-08,1354,Terra,MODIS,57,6.2,298,9.7,N,0
-13.9555,134.0265,335.9,1.3,1.1,2014-11-08,1354,Terra,MODIS,100,6.2,298.1,47.9,N,0
-13.9746,134.1018,314.3,1.3,1.1,2014-11-08,1354,Terra,MODIS,87,6.2,296.9,14.8,N,0
-13.9373,134.0116,332.8,1.3,1.1,2014-11-08,1354,Terra,MODIS,100,6.2,296.9,42.5,N,0
-13.9637,134.0397,355.9,1.3,1.1,2014-11-08,1354,Terra,MODIS,100,6.2,300.4,103.8,N,0
-17.5237,131.4663,334.8,1,1,2014-11-08,1354,Terra,MODIS,100,6.2,299.8,32.3,N,0
-13.9664,134.0883,308.9,1.3,1.1,2014-11-08,1354,Terra,MODIS,71,6.2,296,9.1,N,0
-17.525,131.4569,327.6,1,1,2014-11-08,1354,Terra,MODIS,100,6.2,299.2,22.9,N,0
-13.7665,134.3243,309.6,1.3,1.1,2014-11-08,1354,Terra,MODIS,74,6.2,297.5,9.7,N,0
-13.7702,134.3,325.8,1.3,1.1,2014-11-08,1354,Terra,MODIS,100,6.2,298.8,30.2,N,0
-13.7721,134.2878,347.5,1.3,1.1,2014-11-08,1354,Terra,MODIS,100,6.2,300.7,81.1,N,0
-13.9609,134.1235,361.2,1.3,1.1,2014-11-08,1354,Terra,MODIS,100,6.2,298.8,126.1,N,0
-13.9728,134.1135,334.2,1.3,1.1,2014-11-08,1354,Terra,MODIS,100,6.2,297.9,46.3,N,0
-17.5155,131.4591,312.4,1,1,2014-11-08,1354,Terra,MODIS,84,6.2,298.3,8.2,N,0
-13.7823,134.2896,310.7,1.3,1.1,2014-11-08,1354,Terra,MODIS,20,6.2,298.1,9.6,N,0
-15.4307,135.8784,332,1.6,1.2,2014-11-08,1354,Terra,MODIS,100,6.2,294.5,58.2,N,0
-15.4283,135.893,376.7,1.6,1.2,2014-11-08,1354,Terra,MODIS,100,6.2,297.4,272.1,N,0
-16.6815,133.8669,307.9,1.1,1.1,2014-11-08,1354,Terra,MODIS,24,6.2,296.2,5.2,N,0
-13.9974,141.6824,317.5,4.6,2,2014-11-08,1354,Terra,MODIS,94,6.2,292.5,138.9,N,0
-13.997,141.6873,316.8,4.6,2,2014-11-08,1354,Terra,MODIS,92,6.2,292.4,133.6,N,0
-17.0303,133.5532,324.1,1.1,1,2014-11-08,1354,Terra,MODIS,100,6.2,298.1,19.7,N,0
-17.0335,133.5326,312.1,1.1,1,2014-11-08,1354,Terra,MODIS,55,6.2,297.4,6.8,N,0
-17.0351,133.5224,313.4,1.1,1,2014-11-08,1354,Terra,MODIS,75,6.2,297.5,8.2,N,0
-17.0366,133.5121,312.4,1.1,1,2014-11-08,1354,Terra,MODIS,85,6.2,297.4,7.7,N,0
-17.0244,133.5569,310,1.1,1,2014-11-08,1354,Terra,MODIS,41,6.2,295.8,6.7,N,0
-17.026,133.5466,315.1,1.1,1,2014-11-08,1354,Terra,MODIS,91,6.2,297.2,10.7,N,0
-17.0306,133.5157,312.5,1.1,1,2014-11-08,1354,Terra,MODIS,79,6.2,297.4,8.1,N,0
-17.0213,133.5141,319.4,1.1,1,2014-11-08,1354,Terra,MODIS,98,6.2,297.1,14.9,N,0
-16.5944,131.4064,308.8,1,1,2014-11-08,1354,Terra,MODIS,75,6.2,297.9,5.2,N,0
-16.5531,133.7846,308.5,1.1,1.1,2014-11-08,1354,Terra,MODIS,13,6.2,296.3,4.6,N,0
-16.5073,133.7378,312.9,1.1,1.1,2014-11-08,1354,Terra,MODIS,71,6.2,293.3,10,N,0
-16.8338,134.1386,307.4,1.2,1.1,2014-11-08,1354,Terra,MODIS,16,6.2,294.3,7.3,N,0
-17.1582,132.09,321,1,1,2014-11-08,1354,Terra,MODIS,81,6.2,294.5,16.5,N,0
-17.1489,132.0918,319.9,1,1,2014-11-08,1354,Terra,MODIS,23,6.2,288.2,17.3,N,0
-17.0951,130.8531,305.4,1,1,2014-11-08,1354,Terra,MODIS,53,6.2,295.2,3.2,N,0
-17.0964,130.8437,327.5,1,1,2014-11-08,1354,Terra,MODIS,100,6.2,297.1,22.7,N,0
-17.0978,130.8342,312,1,1,2014-11-08,1354,Terra,MODIS,83,6.2,297.8,7,N,0
-17.0887,130.8328,324.6,1,1,2014-11-08,1354,Terra,MODIS,100,6.2,298.5,18.6,N,0
-17.09,130.8233,318.7,1,1,2014-11-08,1354,Terra,MODIS,97,6.2,298.7,12.6,N,0
-17.1502,132.0824,327.7,1,1,2014-11-08,1354,Terra,MODIS,67,6.2,294.1,24.6,N,0
-17.1232,132.078,323.6,1,1,2014-11-08,1354,Terra,MODIS,51,6.2,294.1,18.7,N,0
-17.1246,132.0686,337.1,1,1,2014-11-08,1354,Terra,MODIS,99,6.2,297.8,35.5,N,0
-17.1507,130.8487,310.3,1,1,2014-11-08,1354,Terra,MODIS,78,6.2,297.3,6.3,N,0
-17.156,130.8108,309.8,1,1,2014-11-08,1354,Terra,MODIS,71,6.2,298.5,4.8,N,0
-17.1573,130.8013,313.5,1,1,2014-11-08,1354,Terra,MODIS,86,6.2,299.4,7.6,N,0
-17.1417,130.8506,310.4,1,1,2014-11-08,1354,Terra,MODIS,79,6.2,296.5,6.8,N,0
-17.147,130.8127,308.3,1,1,2014-11-08,1354,Terra,MODIS,70,6.2,298.3,4.4,N,0
-17.1483,130.8032,319.7,1,1,2014-11-08,1354,Terra,MODIS,99,6.2,299.3,13.8,N,0
-17.1156,132.0672,317.5,1,1,2014-11-08,1354,Terra,MODIS,75,6.2,292,12.6,N,0
-18.146,127.0578,325.6,1.6,1.2,2014-11-08,1354,Terra,MODIS,85,6.2,295.3,42.6,N,0
-16.7698,133.5756,306.7,1.1,1.1,2014-11-08,1354,Terra,MODIS,67,6.2,296.6,4.8,N,0
-16.6275,133.8358,308.9,1.1,1.1,2014-11-08,1354,Terra,MODIS,37,6.2,296.4,5.1,N,0
-18.5992,122.409,322.4,3.6,1.8,2014-11-08,1354,Terra,MODIS,100,6.2,289.9,116.1,N,0
-18.596,122.4428,316.5,3.6,1.8,2014-11-08,1354,Terra,MODIS,91,6.2,289.7,81.2,N,0
-18.6152,122.4108,319.7,3.6,1.8,2014-11-08,1354,Terra,MODIS,99,6.2,289.8,100.6,N,0
-18.612,122.4446,306,3.6,1.8,2014-11-08,1354,Terra,MODIS,28,6.2,289.3,35.3,N,0
-18.6345,122.3783,313.7,3.6,1.8,2014-11-08,1354,Terra,MODIS,80,6.2,289.5,71.3,N,0
-15.6171,124.5448,343.7,2.2,1.4,2014-11-08,1354,Terra,MODIS,100,6.2,292.8,150.9,N,0
-15.6146,124.566,316,2.2,1.4,2014-11-08,1354,Terra,MODIS,67,6.2,292,33.5,N,0
-15.604,124.5433,309.9,2.2,1.4,2014-11-08,1354,Terra,MODIS,79,6.2,290.3,21.2,N,0
-18.4349,122.4129,306.1,3.6,1.8,2014-11-08,1354,Terra,MODIS,17,6.2,280.2,40.9,N,0
-18.4189,122.4111,324.4,3.6,1.8,2014-11-08,1354,Terra,MODIS,100,6.2,276.8,140.3,N,0
-18.4262,122.4064,323.9,3.6,1.8,2014-11-08,1354,Terra,MODIS,98,6.2,276.8,134.4,N,0
-15.6301,124.5463,317.4,2.2,1.4,2014-11-08,1354,Terra,MODIS,95,6.2,292.2,39.9,N,0
-15.6407,124.5691,305.6,2.2,1.4,2014-11-08,1354,Terra,MODIS,52,6.2,291.7,13.8,N,0
-16.8525,129.1088,307.5,1.1,1.1,2014-11-08,1354,Terra,MODIS,62,6.2,297.3,4.9,N,0
-18.5907,122.4025,326.9,3.6,1.8,2014-11-08,1354,Terra,MODIS,100,6.2,289.9,148.9,N,0
-18.5874,122.4363,340.8,3.6,1.8,2014-11-08,1354,Terra,MODIS,100,6.2,290.1,271.5,N,0
-18.6067,122.4043,315.2,3.6,1.8,2014-11-08,1354,Terra,MODIS,87,6.2,289.8,72,N,0
-18.6034,122.438,311.7,3.6,1.8,2014-11-08,1354,Terra,MODIS,74,6.2,289.9,55.2,N,0
-18.5832,122.4072,327.8,3.6,1.8,2014-11-08,1354,Terra,MODIS,100,6.2,289.8,154.5,N,0
-18.5801,122.4412,322.1,3.6,1.8,2014-11-08,1354,Terra,MODIS,100,6.2,289.4,114.3,N,0
-16.8801,129.047,317.3,1.2,1.1,2014-11-08,1354,Terra,MODIS,94,6.2,297.9,14.1,N,0
-16.1678,129.362,422.5,1.1,1,2014-11-08,1354,Terra,MODIS,100,6.2,304.5,475,N,0
-16.8014,129.1711,309.1,1.1,1.1,2014-11-08,1354,Terra,MODIS,54,6.2,298.2,5.1,N,0
-16.8,129.1816,309.6,1.1,1.1,2014-11-08,1354,Terra,MODIS,63,6.2,298.2,5.5,N,0
-16.5452,130.1108,310.1,1,1,2014-11-08,1354,Terra,MODIS,71,6.2,294.7,7.6,N,0
-15.9019,129.8559,315.8,1.1,1,2014-11-08,1354,Terra,MODIS,92,6.2,295.6,12.2,N,0
-15.2662,128.8467,313.8,1.1,1.1,2014-11-08,1354,Terra,MODIS,87,6.2,291.6,12.2,N,0
-15.2701,128.8901,309.8,1.1,1.1,2014-11-08,1354,Terra,MODIS,76,6.2,293.5,8.3,N,0
-15.496,129.999,308.2,1,1,2014-11-08,1354,Terra,MODIS,72,6.2,296.6,4.6,N,0
-15.2676,128.8362,307,1.1,1.1,2014-11-08,1354,Terra,MODIS,58,6.2,290.3,6.3,N,0
-15.6515,124.5758,336,2.2,1.4,2014-11-08,1354,Terra,MODIS,100,6.2,291.8,112.6,N,0
-15.8793,130.8085,311,1,1,2014-11-08,1354,Terra,MODIS,73,6.2,296.3,6.2,N,0
-15.8806,130.7992,323.3,1,1,2014-11-08,1354,Terra,MODIS,100,6.2,297,16.7,N,0
-15.8832,130.7805,314.2,1,1,2014-11-08,1354,Terra,MODIS,53,6.2,297.5,7.5,N,0
-15.6513,124.5909,321.8,2.2,1.4,2014-11-08,1354,Terra,MODIS,100,6.2,291.7,55,N,0
-15.6538,124.5704,328.5,2.2,1.4,2014-11-08,1354,Terra,MODIS,100,6.2,291.8,79.4,N,0
-15.8845,130.7711,317.4,1,1,2014-11-08,1354,Terra,MODIS,95,6.2,297.9,10.9,N,0
-16.8705,129.0457,308,1.2,1.1,2014-11-08,1354,Terra,MODIS,65,6.2,297.5,5.6,N,0
-16.1338,129.3616,311.7,1.1,1,2014-11-08,1354,Terra,MODIS,27,6.2,294.8,7.2,N,0
-16.1244,129.3603,309.5,1.1,1,2014-11-08,1354,Terra,MODIS,74,6.2,295.2,6.5,N,0
-15.8926,129.8546,312.1,1.1,1,2014-11-08,1354,Terra,MODIS,83,6.2,295.3,8.8,N,0
-17.1548,129.0486,317.3,1.2,1.1,2014-11-08,1354,Terra,MODIS,67,6.2,288,16.6,N,0
-16.1433,129.363,313.8,1.1,1,2014-11-08,1354,Terra,MODIS,63,6.2,295.6,9.2,N,0
-16.1527,129.3644,328.2,1.1,1,2014-11-08,1354,Terra,MODIS,100,6.2,297.1,26.2,N,0
-15.8716,130.7979,309.5,1,1,2014-11-08,1354,Terra,MODIS,54,6.2,296.4,4.8,N,0
-15.8729,130.7885,321.3,1,1,2014-11-08,1354,Terra,MODIS,100,6.2,297.6,14.3,N,0
-15.8635,130.7903,310,1,1,2014-11-08,1354,Terra,MODIS,79,6.2,296.8,5.2,N,0
-15.8648,130.7809,314.6,1,1,2014-11-08,1354,Terra,MODIS,90,6.2,297.5,8.7,N,0
-16.1584,129.3606,338.8,1.1,1,2014-11-08,1354,Terra,MODIS,100,6.2,297.5,41.6,N,0
-15.5387,127.5376,307.2,1.4,1.2,2014-11-08,1354,Terra,MODIS,15,6.2,293.6,6.9,N,0
-16.1571,129.3709,322.9,1.1,1,2014-11-08,1354,Terra,MODIS,100,6.2,297.3,17.5,N,0
-16.1352,129.3514,310.8,1.1,1,2014-11-08,1354,Terra,MODIS,24,6.2,294.9,6.7,N,0
-15.6492,124.5963,311.1,2.2,1.4,2014-11-08,1354,Terra,MODIS,74,6.2,291.2,25.1,N,0
-15.8675,130.7621,311.2,1,1,2014-11-08,1354,Terra,MODIS,82,6.2,297.4,6.5,N,0
-15.3013,124.9136,304.6,2.1,1.4,2014-11-08,1354,Terra,MODIS,20,6.2,283.7,25.7,N,0
-16.1665,129.3723,402.7,1.1,1,2014-11-08,1354,Terra,MODIS,100,6.2,302.9,305.2,N,0
-16.8523,129.185,312.6,1.1,1.1,2014-11-08,1354,Terra,MODIS,81,6.2,298.5,8.5,N,0
-16.8413,129.1941,310.2,1.1,1.1,2014-11-08,1354,Terra,MODIS,51,6.2,298.7,5.8,N,0
-16.8427,129.1836,332,1.1,1.1,2014-11-08,1354,Terra,MODIS,100,6.2,299.3,32.4,N,0
-16.8095,129.183,317.7,1.1,1.1,2014-11-08,1354,Terra,MODIS,94,6.2,298.6,13.1,N,0
-15.5403,127.5252,314.5,1.4,1.2,2014-11-08,1354,Terra,MODIS,89,6.2,293.7,15.3,N,0
-15.5111,130.6164,307.6,1,1,2014-11-08,1354,Terra,MODIS,23,6.2,293.1,7.2,N,0
-16.1786,129.353,309.1,1.1,1,2014-11-08,1354,Terra,MODIS,57,6.2,295.6,5.1,N,0
-16.1773,129.3633,369.8,1.1,1,2014-11-08,1354,Terra,MODIS,100,6.2,299.4,128.3,N,0
-16.1759,129.3736,373,1.1,1,2014-11-08,1354,Terra,MODIS,100,6.2,300,140.7,N,0
-15.5331,127.4988,318.6,1.4,1.2,2014-11-08,1354,Terra,MODIS,97,6.2,293.1,21.4,N,0
-15.8913,129.8643,313.6,1.1,1,2014-11-08,1354,Terra,MODIS,87,6.2,295.5,10.1,N,0
-13.0946,130.2819,311.1,1,1,2014-11-08,1355,Terra,MODIS,82,6.2,294.6,8.4,N,0
-13.9927,126.9176,310.7,1.4,1.2,2014-11-08,1355,Terra,MODIS,72,6.2,293.6,11.6,N,0
-13.3564,133.7992,311.4,1.3,1.1,2014-11-08,1355,Terra,MODIS,80,6.2,296.4,11.1,N,0
-13.356,133.6711,307.5,1.2,1.1,2014-11-08,1355,Terra,MODIS,43,6.2,295.9,7.7,N,0
-13.3623,133.6953,321.2,1.2,1.1,2014-11-08,1355,Terra,MODIS,98,6.2,297.1,20.6,N,0
-13.3658,133.6727,311.7,1.2,1.1,2014-11-08,1355,Terra,MODIS,61,6.2,296.1,11.2,N,0
-13.3641,133.684,334.4,1.2,1.1,2014-11-08,1355,Terra,MODIS,100,6.2,298.1,42.9,N,0
-11.2767,131.1559,313.3,1,1,2014-11-08,1355,Terra,MODIS,11,6.2,295.9,8.2,N,0
-11.2781,131.1467,317.2,1,1,2014-11-08,1355,Terra,MODIS,94,6.2,296.1,12.3,N,0
-11.2794,131.1374,309.5,1,1,2014-11-08,1355,Terra,MODIS,55,6.2,296,6.2,N,0
-11.2704,131.136,320.2,1,1,2014-11-08,1355,Terra,MODIS,100,6.2,295.9,14.8,N,0
-11.2717,131.1267,321.5,1,1,2014-11-08,1355,Terra,MODIS,100,6.2,296.3,16.2,N,0
-12.3675,131.6237,332.3,1,1,2014-11-08,1355,Terra,MODIS,100,6.2,295.3,31.5,N,0
-12.3584,131.6222,347.9,1,1,2014-11-08,1355,Terra,MODIS,100,6.2,295.9,58.1,N,0
-12.3598,131.6128,311.6,1,1,2014-11-08,1355,Terra,MODIS,70,6.2,293.7,8.6,N,0
-12.3689,131.6142,309.1,1,1,2014-11-08,1355,Terra,MODIS,73,6.2,293.6,7.4,N,0
-12.3507,131.6114,307.6,1,1,2014-11-08,1355,Terra,MODIS,57,6.2,294,5.8,N,0
-12.2966,131.6068,311.4,1,1,2014-11-08,1355,Terra,MODIS,78,6.2,294.9,7.9,N,0
-12.3176,131.5907,312.4,1,1,2014-11-08,1355,Terra,MODIS,83,6.2,295.4,9.4,N,0
-12.3493,131.6208,311,1,1,2014-11-08,1355,Terra,MODIS,79,6.2,294.5,8,N,0
-12.3162,131.6002,314.7,1,1,2014-11-08,1355,Terra,MODIS,89,6.2,296,11.2,N,0
-12.5368,136.1973,307.5,1.9,1.3,2014-11-08,1355,Terra,MODIS,69,6.2,293.2,17.9,N,0
-15.3481,145.2769,301.6,2,1.4,2014-11-08,1520,Aqua,MODIS,31,6.2,291.2,11.1,N,0
-13.9899,141.6775,302.9,4.1,1.9,2014-11-08,1520,Aqua,MODIS,52,6.2,290.8,44.1,N,0
-13.992,141.6687,301.7,4.1,1.9,2014-11-08,1520,Aqua,MODIS,44,6.2,290.6,38.9,N,0
-15.0317,145.0547,307.5,2.1,1.4,2014-11-08,1520,Aqua,MODIS,72,6.2,293.4,20.2,N,0
-14.6983,144.6484,307.9,2.3,1.5,2014-11-08,1520,Aqua,MODIS,73,6.2,294.1,23.4,N,0
-15.0386,145.0941,311.6,2.1,1.4,2014-11-08,1520,Aqua,MODIS,83,6.2,293.4,27.7,N,0
-14.7097,144.6609,304.9,2.3,1.5,2014-11-08,1520,Aqua,MODIS,22,6.2,294,15.7,N,0
-14.7021,144.6704,317.5,2.3,1.5,2014-11-08,1520,Aqua,MODIS,95,6.2,294.1,49,N,0
-18.4707,141.3477,324.5,3.4,1.7,2014-11-08,1521,Aqua,MODIS,84,6.2,292.6,135.8,N,0
-18.4642,141.3153,312.1,3.5,1.8,2014-11-08,1521,Aqua,MODIS,65,6.2,293.2,62.3,N,0
-17.2586,142.6934,305.1,2.9,1.6,2014-11-08,1521,Aqua,MODIS,53,6.2,292.1,19.1,N,0
-17.2066,143.1428,312.5,2.7,1.6,2014-11-08,1521,Aqua,MODIS,85,6.2,293.1,39.4,N,0
-17.8659,142.5847,303.6,2.9,1.6,2014-11-08,1521,Aqua,MODIS,17,6.2,293.4,16.5,N,0
-17.8704,142.6042,304.8,2.9,1.6,2014-11-08,1521,Aqua,MODIS,61,6.2,293.8,20.1,N,0
-17.8849,142.6012,316.8,2.9,1.6,2014-11-08,1521,Aqua,MODIS,94,6.2,294,57.1,N,0
-17.6394,145.4473,309.3,1.8,1.3,2014-11-08,1521,Aqua,MODIS,30,6.2,290,20.5,N,0
-17.6359,145.4588,308.6,1.8,1.3,2014-11-08,1521,Aqua,MODIS,75,6.2,290.1,21,N,0
-16.4229,144.8763,309.7,2.1,1.4,2014-11-08,1521,Aqua,MODIS,78,6.2,292.8,27,N,0
-16.4237,144.8834,315.1,2.1,1.4,2014-11-08,1521,Aqua,MODIS,91,6.2,293.4,39.5,N,0
-16.4264,144.8955,304.5,2.1,1.4,2014-11-08,1521,Aqua,MODIS,60,6.2,293.1,17.3,N,0
-17.2046,143.1505,309.2,2.7,1.6,2014-11-08,1521,Aqua,MODIS,61,6.2,292.9,29.4,N,0
-17.1999,143.1253,309.7,2.7,1.6,2014-11-08,1521,Aqua,MODIS,68,6.2,292.8,30.8,N,0
-17.6423,145.4643,308.3,1.8,1.3,2014-11-08,1521,Aqua,MODIS,28,6.2,290,19,N,0
-18.0863,143.7418,304,2.3,1.5,2014-11-08,1521,Aqua,MODIS,58,6.2,291.8,15.2,N,0
-17.6476,145.4566,307.2,1.8,1.3,2014-11-08,1521,Aqua,MODIS,71,6.2,289.7,19,N,0
-23.3564,147.8514,306.4,1.1,1,2014-11-08,1522,Aqua,MODIS,53,6.2,285.3,8.8,N,0
-20.7475,148.4501,301,1.1,1,2014-11-08,1522,Aqua,MODIS,37,6.2,289.9,5.8,N,0
-23.3561,150.1663,317.9,1,1,2014-11-08,1522,Aqua,MODIS,96,6.2,291.2,15.4,N,0
-23.3665,150.1746,303.2,1,1,2014-11-08,1522,Aqua,MODIS,17,6.2,289.4,4.8,N,0
-24.7799,147.9939,305.9,1,1,2014-11-08,1523,Aqua,MODIS,27,6.2,289.4,6.6,N,0
-24.9272,148.7145,324.3,1,1,2014-11-08,1523,Aqua,MODIS,75,6.2,294.4,19.8,N,0
-24.9362,148.7129,328.6,1,1,2014-11-08,1523,Aqua,MODIS,100,6.2,295.1,25.8,N,0
-24.9452,148.7113,312.1,1,1,2014-11-08,1523,Aqua,MODIS,63,6.2,293.5,9.7,N,0
-24.9182,148.7161,323.2,1,1,2014-11-08,1523,Aqua,MODIS,72,6.2,294.1,19.3,N,0
-25.3858,149.9692,303.3,1,1,2014-11-08,1523,Aqua,MODIS,55,6.2,292,5.1,N,0
-24.9437,148.7014,325.8,1,1,2014-11-08,1523,Aqua,MODIS,100,6.2,294.5,22.5,N,0
-25.3872,149.9793,309.2,1,1,2014-11-08,1523,Aqua,MODIS,77,6.2,292.1,9,N,0
-24.8693,148.7,324.1,1,1,2014-11-08,1523,Aqua,MODIS,100,6.2,294.7,20.2,N,0
-24.8678,148.69,333.1,1,1,2014-11-08,1523,Aqua,MODIS,100,6.2,294.9,31.7,N,0
-25.3963,149.9777,312.9,1,1,2014-11-08,1523,Aqua,MODIS,86,6.2,292.6,11.2,N,0
-24.9106,148.7276,314.6,1,1,2014-11-08,1523,Aqua,MODIS,17,6.2,293.2,11.4,N,0
-24.9152,148.6963,332,1,1,2014-11-08,1523,Aqua,MODIS,100,6.2,294.9,30.9,N,0
-24.9242,148.6946,313.7,1,1,2014-11-08,1523,Aqua,MODIS,68,6.2,293.8,10.3,N,0
-24.7962,147.9853,316.5,1,1,2014-11-08,1523,Aqua,MODIS,93,6.2,288.5,15.7,N,0
-24.7946,147.975,315.7,1,1,2014-11-08,1523,Aqua,MODIS,92,6.2,287.8,14.8,N,0
-24.7875,147.9821,305.1,1,1,2014-11-08,1523,Aqua,MODIS,33,6.2,288.2,5.5,N,0
-24.1407,149.0612,305.1,1,1,2014-11-08,1523,Aqua,MODIS,63,6.2,290.8,6.7,N,0
-24.8895,148.5885,307.5,1,1,2014-11-08,1523,Aqua,MODIS,72,6.2,293.4,7.6,N,0
-24.76,147.6963,305.2,1.1,1,2014-11-08,1523,Aqua,MODIS,63,6.2,288.7,6.9,N,0
-24.9189,148.124,304.7,1,1,2014-11-08,1523,Aqua,MODIS,61,6.2,288.5,7,N,0
-24.9046,148.6879,314.9,1,1,2014-11-08,1523,Aqua,MODIS,90,6.2,293.7,12.8,N,0
-24.8038,147.9734,317.9,1,1,2014-11-08,1523,Aqua,MODIS,96,6.2,287.7,17.2,N,0
-24.7283,148.0246,303.7,1,1,2014-11-08,1523,Aqua,MODIS,37,6.2,291.2,5.4,N,0
-24.7192,148.0262,303.4,1,1,2014-11-08,1523,Aqua,MODIS,15,6.2,290.9,5.1,N,0
-24.7267,148.0145,304.8,1,1,2014-11-08,1523,Aqua,MODIS,45,6.2,290.9,6.1,N,0
-24.8769,148.6884,315.2,1,1,2014-11-08,1523,Aqua,MODIS,28,6.2,293.8,11.1,N,0
-24.9061,148.6979,319.4,1,1,2014-11-08,1523,Aqua,MODIS,99,6.2,294.2,17,N,0
-24.9347,148.703,325.7,1,1,2014-11-08,1523,Aqua,MODIS,100,6.2,294.6,21.6,N,0
-24.8798,148.7083,322.2,1,1,2014-11-08,1523,Aqua,MODIS,46,6.2,294.2,16.8,N,0
-30.0633,150.1049,305.8,1.1,1,2014-11-08,1524,Aqua,MODIS,66,6.2,292.5,8.3,N,0
-30.0587,150.1109,307.3,1.1,1,2014-11-08,1524,Aqua,MODIS,71,6.2,293,8.7,N,0
-35.9518,145.6102,302.2,1,1,2014-11-08,1526,Aqua,MODIS,48,6.2,284.7,6.8,N,0
-13.7654,134.292,304.9,2.5,1.5,2014-11-08,1658,Aqua,MODIS,54,6.2,294,17.8,N,0
-12.3132,131.6079,306.5,1.5,1.2,2014-11-08,1658,Aqua,MODIS,68,6.2,294.4,10.9,N,0
-12.3524,131.6245,305.2,1.5,1.2,2014-11-08,1658,Aqua,MODIS,63,6.2,293.3,10.2,N,0
-12.3114,131.5945,310.2,1.5,1.2,2014-11-08,1658,Aqua,MODIS,79,6.2,294.3,15.3,N,0
-11.2694,131.1333,313.5,1.3,1.1,2014-11-08,1658,Aqua,MODIS,87,6.2,294.3,14.5,N,0
-11.271,131.1455,313.1,1.3,1.1,2014-11-08,1658,Aqua,MODIS,86,6.2,294.3,15,N,0
-11.2726,131.1576,307.6,1.3,1.1,2014-11-08,1658,Aqua,MODIS,72,6.2,294.1,9,N,0
-12.3165,131.6017,311.3,1.5,1.2,2014-11-08,1658,Aqua,MODIS,82,6.2,294.7,16.9,N,0
-16.9677,133.6418,313.1,2.4,1.5,2014-11-08,1659,Aqua,MODIS,59,6.2,290.4,46.2,N,0
-16.9788,133.6174,307,2.4,1.5,2014-11-08,1659,Aqua,MODIS,44,6.2,290.4,29.4,N,0
-16.9813,133.6403,323.6,2.4,1.5,2014-11-08,1659,Aqua,MODIS,100,6.2,288.5,81.4,N,0
-16.9208,134.0938,339.2,2.6,1.6,2014-11-08,1659,Aqua,MODIS,100,6.2,294.6,165.8,N,0
-16.9236,134.1185,312.9,2.7,1.6,2014-11-08,1659,Aqua,MODIS,86,6.2,293.7,40.2,N,0
-16.913,134.1123,303.4,2.7,1.6,2014-11-08,1659,Aqua,MODIS,46,6.2,293.2,14.5,N,0
-16.9245,134.086,328.1,2.6,1.6,2014-11-08,1659,Aqua,MODIS,100,6.2,293.9,100.7,N,0
-16.9271,134.1107,325.9,2.7,1.6,2014-11-08,1659,Aqua,MODIS,100,6.2,294.4,90.5,N,0
-17.1173,132.1197,308.2,1.9,1.3,2014-11-08,1659,Aqua,MODIS,61,6.2,294.7,15.1,N,0
-17.1445,132.0931,319,1.9,1.3,2014-11-08,1659,Aqua,MODIS,98,6.2,295.6,35.2,N,0
-17.1565,132.0915,338.9,1.9,1.3,2014-11-08,1659,Aqua,MODIS,100,6.2,296.4,100,N,0
-17.1586,132.1092,312.1,1.9,1.3,2014-11-08,1659,Aqua,MODIS,84,6.2,295.2,22.9,N,0
-17.0847,130.8267,313.6,1.5,1.2,2014-11-08,1659,Aqua,MODIS,87,6.2,295.8,18.5,N,0
-17.0864,130.8409,337.2,1.5,1.2,2014-11-08,1659,Aqua,MODIS,100,6.2,296.4,68.3,N,0
-17.0992,130.8538,307.2,1.5,1.2,2014-11-08,1659,Aqua,MODIS,68,6.2,294.9,10.6,N,0
-17.1131,132.0845,314.9,1.9,1.3,2014-11-08,1659,Aqua,MODIS,79,6.2,295.6,27,N,0
-17.1183,132.0786,325,1.9,1.3,2014-11-08,1659,Aqua,MODIS,100,6.2,296,50.3,N,0
-17.1252,132.083,326,1.9,1.3,2014-11-08,1659,Aqua,MODIS,100,6.2,296.1,53.3,N,0
-17.0882,130.8552,359.1,1.5,1.2,2014-11-08,1659,Aqua,MODIS,100,6.2,298.2,152.3,N,0
-17.0899,130.8696,335.9,1.5,1.2,2014-11-08,1659,Aqua,MODIS,100,6.2,296.5,65.1,N,0
-17.1009,130.8681,326.1,1.5,1.2,2014-11-08,1659,Aqua,MODIS,100,6.2,296.2,41.9,N,0
-14.5614,134.1602,304.7,2.5,1.5,2014-11-08,1659,Aqua,MODIS,55,6.2,294.2,15.7,N,0
-14.5689,134.1664,308,2.5,1.5,2014-11-08,1659,Aqua,MODIS,68,6.2,294.3,22,N,0
-18.0574,135.5549,314.4,3.5,1.8,2014-11-08,1659,Aqua,MODIS,89,6.2,294.4,71.3,N,0
-14.9815,131.5449,310.4,1.6,1.2,2014-11-08,1659,Aqua,MODIS,80,6.2,293.9,16,N,0
-14.9703,131.5462,327.6,1.6,1.2,2014-11-08,1659,Aqua,MODIS,100,6.2,294.5,48.1,N,0
-14.9715,131.5531,318.2,1.6,1.2,2014-11-08,1659,Aqua,MODIS,96,6.2,294.2,28.5,N,0
-14.9695,131.5382,318.3,1.6,1.2,2014-11-08,1659,Aqua,MODIS,97,6.2,294,28.6,N,0
-15.7958,130.7474,308.9,1.4,1.2,2014-11-08,1659,Aqua,MODIS,74,6.2,295,11.4,N,0
-15.5355,127.5111,305.9,1,1,2014-11-08,1659,Aqua,MODIS,65,6.2,295,4.4,N,0
-16.1504,129.3992,309,1.2,1.1,2014-11-08,1659,Aqua,MODIS,65,6.2,295.4,7.2,N,0
-16.1461,129.3588,318.8,1.2,1.1,2014-11-08,1659,Aqua,MODIS,97,6.2,295.5,17.7,N,0
-16.8351,129.1847,307.8,1.2,1.1,2014-11-08,1659,Aqua,MODIS,60,6.2,294.8,6.7,N,0
-16.8366,129.1959,313.6,1.2,1.1,2014-11-08,1659,Aqua,MODIS,86,6.2,295.4,12.1,N,0
-16.1603,129.3911,327.1,1.2,1.1,2014-11-08,1659,Aqua,MODIS,100,6.2,295.6,28.7,N,0
-15.7942,130.7341,305.5,1.4,1.2,2014-11-08,1659,Aqua,MODIS,61,6.2,294.5,7.6,N,0
-17.2053,129.0628,315.1,1.2,1.1,2014-11-08,1659,Aqua,MODIS,74,6.2,291,13.6,N,0
-17.2059,129.0559,305.2,1.2,1.1,2014-11-08,1659,Aqua,MODIS,53,6.2,290.6,6.3,N,0
-17.2074,129.0671,312.5,1.2,1.1,2014-11-08,1659,Aqua,MODIS,85,6.2,291.1,12.9,N,0
-15.5291,127.5314,326.2,1,1,2014-11-08,1659,Aqua,MODIS,100,6.2,296.6,21.7,N,0
-15.485,130.9218,310.6,1.5,1.2,2014-11-08,1659,Aqua,MODIS,80,6.2,294.6,12.7,N,0
-16.1458,129.3655,325.7,1.2,1.1,2014-11-08,1659,Aqua,MODIS,100,6.2,295.9,26.2,N,0
-16.1505,129.3925,316.3,1.2,1.1,2014-11-08,1659,Aqua,MODIS,92,6.2,295,14.1,N,0
-16.1589,129.3798,310.7,1.2,1.1,2014-11-08,1659,Aqua,MODIS,43,6.2,294.8,8.3,N,0
-15.0671,130.8866,309,1.4,1.2,2014-11-08,1659,Aqua,MODIS,76,6.2,294.9,9.4,N,0
-15.5305,127.5409,306.6,1,1,2014-11-08,1659,Aqua,MODIS,59,6.2,295.6,4.6,N,0
-15.8793,130.8032,316.1,1.5,1.2,2014-11-08,1659,Aqua,MODIS,90,6.2,295.5,17.9,N,0
-15.8723,130.7982,312.4,1.5,1.2,2014-11-08,1659,Aqua,MODIS,46,6.2,295.6,12.4,N,0
-15.5278,127.5219,311.6,1,1,2014-11-08,1659,Aqua,MODIS,57,6.2,294.8,7.4,N,0
-16.1476,129.37,314.9,1.2,1.1,2014-11-08,1659,Aqua,MODIS,88,6.2,295.4,12.5,N,0
-16.8057,129.1891,305.9,1.2,1.1,2014-11-08,1659,Aqua,MODIS,53,6.2,294.8,4.9,N,0
-15.7976,128.3144,311.1,1.1,1,2014-11-08,1659,Aqua,MODIS,80,6.2,295.9,7.7,N,0
-15.7962,128.3044,308,1.1,1,2014-11-08,1659,Aqua,MODIS,69,6.2,295.9,5.4,N,0
-18.0976,123.2517,309.2,1.2,1.1,2014-11-08,1700,Aqua,MODIS,77,6.2,293.1,9.2,N,0
-18.0994,123.263,308.7,1.2,1.1,2014-11-08,1700,Aqua,MODIS,75,6.2,292.9,8.6,N,0
-18.0963,123.2577,313.2,1.2,1.1,2014-11-08,1700,Aqua,MODIS,70,6.2,293.3,12.3,N,0
-18.3399,123.1733,315.8,1.2,1.1,2014-11-08,1700,Aqua,MODIS,92,6.2,287.6,17.8,N,0
-18.4366,129.1273,305,1.2,1.1,2014-11-08,1700,Aqua,MODIS,47,6.2,293.4,8,N,0
-18.07,135.5821,333.3,3.6,1.8,2014-11-08,1700,Aqua,MODIS,100,6.2,294.7,196.1,N,0
-18.0668,135.5486,335.4,3.5,1.8,2014-11-08,1700,Aqua,MODIS,100,6.2,294.8,213.3,N,0
-18.0734,135.5532,337.5,3.5,1.8,2014-11-08,1700,Aqua,MODIS,100,6.2,294.7,236.6,N,0
-18.15,127.082,308.1,1,1,2014-11-08,1700,Aqua,MODIS,32,6.2,277.3,7.9,N,0
-18.1486,127.0723,321.1,1,1,2014-11-08,1700,Aqua,MODIS,100,6.2,278.7,18.8,N,0
-18.1563,127.0613,308.4,1,1,2014-11-08,1700,Aqua,MODIS,27,6.2,279.3,7.7,N,0
-18.1577,127.071,319,1,1,2014-11-08,1700,Aqua,MODIS,96,6.2,281.8,16.8,N,0
-18.1586,127.0117,303.8,1,1,2014-11-08,1700,Aqua,MODIS,24,6.2,282.5,4.5,N,0
-18.1795,127.0283,313.5,1,1,2014-11-08,1700,Aqua,MODIS,69,6.2,285.5,11.4,N,0
-18.1808,127.0379,336.3,1,1,2014-11-08,1700,Aqua,MODIS,100,6.2,287.7,39,N,0
-18.1963,127.0159,318.8,1,1,2014-11-08,1700,Aqua,MODIS,97,6.2,287.5,16.4,N,0
-18.0768,135.5868,328.2,3.6,1.8,2014-11-08,1700,Aqua,MODIS,100,6.2,294.2,157.4,N,0
-18.086,135.5805,304.7,3.6,1.8,2014-11-08,1700,Aqua,MODIS,29,6.2,294.2,25.8,N,0
-19.3342,130.1882,305.4,1.5,1.2,2014-11-08,1700,Aqua,MODIS,64,6.2,292.8,11.2,N,0
-19.3479,130.3895,311.7,1.5,1.2,2014-11-08,1700,Aqua,MODIS,83,6.2,293.1,19.3,N,0
-19.3184,130.4228,307.5,1.5,1.2,2014-11-08,1700,Aqua,MODIS,64,6.2,280.4,14.8,N,0
-20.6158,120.5758,315.1,1.6,1.2,2014-11-08,1701,Aqua,MODIS,90,6.2,294.6,24.2,N,0
-20.6131,120.5604,313.3,1.6,1.3,2014-11-08,1701,Aqua,MODIS,87,6.2,294.1,21.2,N,0
-20.627,120.5735,307.5,1.6,1.2,2014-11-08,1701,Aqua,MODIS,72,6.2,294.4,12.8,N,0
-20.0309,120.7342,304.1,1.6,1.2,2014-11-08,1701,Aqua,MODIS,58,6.2,294,9.5,N,0
-20.442,121.102,304.3,1.5,1.2,2014-11-08,1701,Aqua,MODIS,59,6.2,293.8,8.8,N,0
-23.1032,129.076,315,1.4,1.2,2014-11-08,1701,Aqua,MODIS,40,6.2,291.8,18.6,N,0
-23.1049,129.0898,328.6,1.4,1.2,2014-11-08,1701,Aqua,MODIS,100,6.2,293,40.6,N,0
-21.3015,118.712,306.9,2.1,1.4,2014-11-08,1701,Aqua,MODIS,34,6.2,294.6,16.7,N,0
-21.2542,118.6663,306.7,2.1,1.4,2014-11-08,1701,Aqua,MODIS,28,6.2,294.7,15.2,N,0
-21.258,118.6865,316.6,2.1,1.4,2014-11-08,1701,Aqua,MODIS,94,6.2,295,37.5,N,0
-21.2559,118.6796,317.4,2.1,1.4,2014-11-08,1701,Aqua,MODIS,95,6.2,295.2,37.2,N,0
-28.4261,122.0592,300.3,1.1,1,2014-11-08,1703,Aqua,MODIS,18,6.2,273.3,6.4,N,0
-27.6777,123.29,311.6,1,1,2014-11-08,1703,Aqua,MODIS,83,6.2,293.6,10.3,N,0
-29.9171,123.6249,301.2,1,1,2014-11-08,1703,Aqua,MODIS,39,6.2,288.8,5.2,N,0
-29.8516,123.7397,300.4,1,1,2014-11-08,1703,Aqua,MODIS,28,6.2,289.8,4.9,N,0
-30.3337,125.0541,300.5,1.1,1,2014-11-08,1703,Aqua,MODIS,29,6.2,289.3,5.5,N,0
-30.3268,125.0496,304.5,1.1,1,2014-11-08,1703,Aqua,MODIS,57,6.2,289,7.3,N,0
-12.3672,142.9104,328.1,1.1,1,2014-11-09,0044,Terra,MODIS,65,6.2,302.6,15.7,D,0
-11.0356,142.5812,327,1.1,1.1,2014-11-09,0044,Terra,MODIS,80,6.2,298.9,17.6,D,0
-11.0022,142.5547,325.7,1.1,1.1,2014-11-09,0044,Terra,MODIS,58,6.2,299.5,16.1,D,0
-10.9878,142.5251,321.2,1.1,1.1,2014-11-09,0044,Terra,MODIS,37,6.2,297.6,11.4,D,0
-12.3917,142.9465,324.2,1.1,1,2014-11-09,0044,Terra,MODIS,17,6.2,305.6,9.3,D,0
-12.3687,142.9202,332.1,1.1,1,2014-11-09,0044,Terra,MODIS,75,6.2,305.5,20.4,D,0
-11.1244,142.4973,335.7,1.1,1.1,2014-11-09,0044,Terra,MODIS,87,6.2,301.5,31.1,D,0
-11.1291,142.4646,325.2,1.1,1.1,2014-11-09,0044,Terra,MODIS,49,6.2,299.2,12.5,D,0
-12.3502,142.9232,350.6,1.1,1,2014-11-09,0044,Terra,MODIS,94,6.2,303,58.4,D,0
-12.3517,142.9329,331.6,1.1,1,2014-11-09,0044,Terra,MODIS,74,6.2,303.8,22.6,D,0
-12.5581,142.7675,333.7,1.1,1,2014-11-09,0045,Terra,MODIS,79,6.2,310.2,18.5,D,0
-12.5533,142.7985,340.9,1.1,1,2014-11-09,0045,Terra,MODIS,87,6.2,309.2,30.3,D,0
-14.7229,144.6187,361.2,1,1,2014-11-09,0045,Terra,MODIS,100,6.2,309.5,75,D,0
-13.9716,134.0305,325,4.1,1.9,2014-11-09,0045,Terra,MODIS,26,6.2,299.7,67.1,D,0
-14.2337,135.1627,332.7,3.3,1.7,2014-11-09,0045,Terra,MODIS,79,6.2,304,89.8,D,0
-13.9677,134.0369,328.2,4.1,1.9,2014-11-09,0045,Terra,MODIS,52,6.2,300.2,91.2,D,0
-12.5346,142.8617,338.6,1.1,1,2014-11-09,0045,Terra,MODIS,85,6.2,308.4,28.8,D,0
-14.0372,136.5909,331.7,2.6,1.6,2014-11-09,0045,Terra,MODIS,77,6.2,305.1,75.6,D,0
-12.5488,142.769,328.1,1.1,1,2014-11-09,0045,Terra,MODIS,64,6.2,308.1,10.1,D,0
-14.1122,135.027,327.6,3.4,1.7,2014-11-09,0045,Terra,MODIS,68,6.2,302.6,68.7,D,0
-13.773,134.3097,327.7,3.9,1.8,2014-11-09,0045,Terra,MODIS,71,6.2,300.7,82.6,D,0
-14.1177,135.0319,325.6,3.4,1.7,2014-11-09,0045,Terra,MODIS,51,6.2,302.6,51.1,D,0
-14.2367,136.715,328.2,2.5,1.5,2014-11-09,0045,Terra,MODIS,62,6.2,304.3,46.1,D,0
-14.0653,135.0098,336.2,3.4,1.7,2014-11-09,0045,Terra,MODIS,83,6.2,304.3,130.5,D,0
-12.5548,142.8083,343.1,1.1,1,2014-11-09,0045,Terra,MODIS,89,6.2,309.8,34.7,D,0
-12.86,143.3023,348.9,1,1,2014-11-09,0045,Terra,MODIS,93,6.2,309.8,48.8,D,0
-12.5518,142.7887,332.5,1.1,1,2014-11-09,0045,Terra,MODIS,77,6.2,309,15.6,D,0
-12.8585,143.2929,337.1,1,1,2014-11-09,0045,Terra,MODIS,57,6.2,309.6,27.8,D,0
-14.2071,135.1049,333.8,3.4,1.7,2014-11-09,0045,Terra,MODIS,80,6.2,303.2,94.3,D,0
-13.7612,134.2813,335.7,3.9,1.8,2014-11-09,0045,Terra,MODIS,82,6.2,301.1,156.4,D,0
-14.0091,135.0282,324.7,3.4,1.7,2014-11-09,0045,Terra,MODIS,28,6.2,304.4,44,D,0
-13.7843,134.3132,323,3.9,1.8,2014-11-09,0045,Terra,MODIS,58,6.2,300.1,47.6,D,0
-12.2524,136.8217,320.3,2.7,1.6,2014-11-09,0045,Terra,MODIS,69,6.2,304.7,30,D,0
-13.7679,134.3166,326.6,3.9,1.8,2014-11-09,0045,Terra,MODIS,69,6.2,300.8,71.4,D,0
-14.7216,144.6093,333.8,1,1,2014-11-09,0045,Terra,MODIS,58,6.2,307,19.5,D,0
-14.7243,144.628,362.6,1,1,2014-11-09,0045,Terra,MODIS,100,6.2,309.3,80.5,D,0
-14.7038,144.6755,352.2,1,1,2014-11-09,0045,Terra,MODIS,95,6.2,306.2,54.8,D,0
-12.6453,142.7977,331.8,1.1,1,2014-11-09,0045,Terra,MODIS,76,6.2,311.9,13,D,0
-14.0809,135.0067,336.3,3.4,1.7,2014-11-09,0045,Terra,MODIS,83,6.2,302.2,133.3,D,0
-13.7432,135.5069,325.1,3.2,1.7,2014-11-09,0045,Terra,MODIS,55,6.2,305.8,43,D,0
-14.2053,135.0342,332.4,3.4,1.7,2014-11-09,0045,Terra,MODIS,50,6.2,303.1,92.8,D,0
-13.7661,134.2744,332,3.9,1.8,2014-11-09,0045,Terra,MODIS,78,6.2,301.2,120.8,D,0
-14.2383,134.726,328.2,3.6,1.8,2014-11-09,0045,Terra,MODIS,73,6.2,303,76.3,D,0
-14.1898,135.0372,332.9,3.4,1.7,2014-11-09,0045,Terra,MODIS,44,6.2,304.5,87.5,D,0
-14.0417,136.5711,322.8,2.6,1.6,2014-11-09,0045,Terra,MODIS,58,6.2,304.7,31.8,D,0
-14.0459,136.5953,337,2.6,1.6,2014-11-09,0045,Terra,MODIS,84,6.2,305.5,107.6,D,0
-14.1841,134.9808,333.1,3.4,1.7,2014-11-09,0045,Terra,MODIS,79,6.2,303,107.1,D,0
-14.1778,134.9748,323.5,3.4,1.7,2014-11-09,0045,Terra,MODIS,44,6.2,302.9,42,D,0
-14.1839,135.0063,340.2,3.4,1.7,2014-11-09,0045,Terra,MODIS,87,6.2,304.6,166.9,D,0
-14.1957,135.0433,332.4,3.4,1.7,2014-11-09,0045,Terra,MODIS,73,6.2,304,86.7,D,0
-14.19,135.0123,350.8,3.4,1.7,2014-11-09,0045,Terra,MODIS,94,6.2,304.2,282.2,D,0
-14.1994,135.0031,334.4,3.4,1.7,2014-11-09,0045,Terra,MODIS,81,6.2,301.9,118.2,D,0
-12.5206,142.894,332.5,1.1,1,2014-11-09,0045,Terra,MODIS,70,6.2,306.2,20.2,D,0
-14.3132,144.522,328.1,1,1,2014-11-09,0045,Terra,MODIS,73,6.2,298.1,18.2,D,0
-15.112,143.0804,339,1,1,2014-11-09,0045,Terra,MODIS,81,6.2,314.1,19.2,D,0
-12.557,143.0072,341.6,1.1,1,2014-11-09,0045,Terra,MODIS,87,6.2,307.9,36.1,D,0
-12.5397,136.2083,327.1,3,1.6,2014-11-09,0045,Terra,MODIS,73,6.2,303.6,56.4,D,0
-15.1316,143.0904,354.4,1,1,2014-11-09,0045,Terra,MODIS,96,6.2,317,49.9,D,0
-15.1302,143.081,340.8,1,1,2014-11-09,0045,Terra,MODIS,83,6.2,316.6,20.5,D,0
-12.6166,143.0275,328.8,1.1,1,2014-11-09,0045,Terra,MODIS,54,6.2,304.1,15.1,D,0
-15.1106,143.0709,339.8,1,1,2014-11-09,0045,Terra,MODIS,82,6.2,316.2,20.1,D,0
-15.2519,144.9702,335.5,1,1,2014-11-09,0045,Terra,MODIS,79,6.2,301.7,26.4,D,0
-12.5478,143.0086,338.2,1.1,1,2014-11-09,0045,Terra,MODIS,84,6.2,310.7,28.8,D,0
-12.5463,142.999,374.7,1.1,1,2014-11-09,0045,Terra,MODIS,100,6.2,312.6,129.2,D,0
-15.1421,143.0984,332.5,1,1,2014-11-09,0045,Terra,MODIS,61,6.2,314.3,12,D,0
-12.7101,136.4649,320,2.8,1.6,2014-11-09,0045,Terra,MODIS,51,6.2,303.8,30.8,D,0
-15.1225,143.0918,335.3,1,1,2014-11-09,0045,Terra,MODIS,49,6.2,313.2,11.7,D,0
-15.1211,143.0824,339.1,1,1,2014-11-09,0045,Terra,MODIS,80,6.2,314.3,16.9,D,0
-12.5448,142.9893,327.6,1.1,1,2014-11-09,0045,Terra,MODIS,52,6.2,306.6,14.8,D,0
-12.5555,142.9976,327,1.1,1,2014-11-09,0045,Terra,MODIS,25,6.2,305.3,13.6,D,0
-12.5599,143.0265,334,1.1,1,2014-11-09,0045,Terra,MODIS,55,6.2,309.3,21.9,D,0
-12.7297,136.3267,325.6,2.9,1.6,2014-11-09,0045,Terra,MODIS,65,6.2,303.7,46,D,0
-12.547,142.8196,340.4,1.1,1,2014-11-09,0045,Terra,MODIS,86,6.2,308.9,30.3,D,0
-14.7225,141.9882,330.2,1.1,1,2014-11-09,0045,Terra,MODIS,54,6.2,313,11.6,D,0
-14.0003,141.6249,393.3,1.2,1.1,2014-11-09,0045,Terra,MODIS,87,6.2,306.8,249.1,D,0
-12.7982,142.9011,327,1.1,1,2014-11-09,0045,Terra,MODIS,53,6.2,311.2,10.4,D,0
-13.9861,141.6602,341.8,1.2,1.1,2014-11-09,0045,Terra,MODIS,85,6.2,312.3,29.6,D,0
-13.9844,141.6494,347.9,1.2,1.1,2014-11-09,0045,Terra,MODIS,91,6.2,311.8,43.2,D,0
-13.9827,141.6387,376.4,1.2,1.1,2014-11-09,0045,Terra,MODIS,100,6.2,310.2,147.7,D,0
-12.5486,142.8294,337.7,1.1,1,2014-11-09,0045,Terra,MODIS,84,6.2,307.5,24.3,D,0
-13.981,141.628,352.6,1.2,1.1,2014-11-09,0045,Terra,MODIS,95,6.2,307.1,59.6,D,0
-13.7817,141.6792,334.2,1.2,1.1,2014-11-09,0045,Terra,MODIS,63,6.2,312.6,11.4,D,0
-13.9975,141.6693,343.7,1.2,1.1,2014-11-09,0045,Terra,MODIS,87,6.2,309.9,34.9,D,0
-13.9924,141.6372,355.2,1.2,1.1,2014-11-09,0045,Terra,MODIS,96,6.2,307.7,68,D,0
-13.9913,141.6922,338.1,1.2,1.1,2014-11-09,0045,Terra,MODIS,71,6.2,311.1,22.5,D,0
-13.9941,141.6479,332.8,1.2,1.1,2014-11-09,0045,Terra,MODIS,50,6.2,308.4,12.1,D,0
-13.9958,141.6586,339.9,1.2,1.1,2014-11-09,0045,Terra,MODIS,80,6.2,310.6,25.7,D,0
-14.0037,141.6463,350.7,1.2,1.1,2014-11-09,0045,Terra,MODIS,88,6.2,307.9,53.7,D,0
-14.002,141.6356,405,1.2,1.1,2014-11-09,0045,Terra,MODIS,87,6.2,311.7,333.6,D,0
-14.0054,141.657,345,1.2,1.1,2014-11-09,0045,Terra,MODIS,88,6.2,309.2,39.3,D,0
-12.757,142.327,335.9,1.1,1.1,2014-11-09,0045,Terra,MODIS,81,6.2,310,20.7,D,0
-13.965,141.7353,334.7,1.2,1.1,2014-11-09,0045,Terra,MODIS,70,6.2,309.3,18.6,D,0
-13.7838,141.7556,359.8,1.2,1.1,2014-11-09,0045,Terra,MODIS,99,6.2,309.5,80.1,D,0
-12.7884,142.4054,335.7,1.1,1.1,2014-11-09,0045,Terra,MODIS,68,6.2,311,17.6,D,0
-13.3541,143.5208,324,1,1,2014-11-09,0045,Terra,MODIS,49,6.2,304.4,13,D,0
-13.9906,141.6264,362.2,1.2,1.1,2014-11-09,0045,Terra,MODIS,100,6.2,306.3,92.9,D,0
-13.9475,141.749,346,1.2,1.1,2014-11-09,0045,Terra,MODIS,90,6.2,313.2,38,D,0
-14.0708,141.8846,335.5,1.1,1.1,2014-11-09,0045,Terra,MODIS,67,6.2,310.1,19.1,D,0
-14.0691,141.8742,343.4,1.1,1.1,2014-11-09,0045,Terra,MODIS,87,6.2,307.8,36.4,D,0
-13.9889,141.6157,395.9,1.2,1.1,2014-11-09,0045,Terra,MODIS,100,6.2,308.9,269.9,D,0
-12.7868,142.3953,350.5,1.1,1.1,2014-11-09,0045,Terra,MODIS,94,6.2,312.3,48,D,0
-13.9571,141.7475,350.3,1.2,1.1,2014-11-09,0045,Terra,MODIS,93,6.2,311.1,51.4,D,0
-14.7081,144.5165,335.9,1,1,2014-11-09,0045,Terra,MODIS,79,6.2,307.7,23.7,D,0
-13.9491,141.7596,337.5,1.2,1.1,2014-11-09,0045,Terra,MODIS,62,6.2,311.7,21.6,D,0
-12.7805,142.417,332.5,1.1,1,2014-11-09,0045,Terra,MODIS,63,6.2,309.7,13.5,D,0
-12.6515,143.0844,333.6,1.1,1,2014-11-09,0045,Terra,MODIS,74,6.2,307.6,19.3,D,0
-12.7601,142.3474,335.5,1.1,1.1,2014-11-09,0045,Terra,MODIS,76,6.2,310.8,18,D,0
-12.779,142.4069,354.9,1.1,1.1,2014-11-09,0045,Terra,MODIS,97,6.2,312.7,60.8,D,0
-12.7617,142.3576,341.3,1.1,1.1,2014-11-09,0045,Terra,MODIS,87,6.2,312.9,28.9,D,0
-12.7711,142.4185,329.7,1.1,1,2014-11-09,0045,Terra,MODIS,71,6.2,310.4,10.3,D,0
-12.7696,142.4084,331.2,1.1,1.1,2014-11-09,0045,Terra,MODIS,72,6.2,312.9,11.9,D,0
-12.7774,142.3968,332.5,1.1,1.1,2014-11-09,0045,Terra,MODIS,48,6.2,312,11.9,D,0
-14.7428,144.5018,338,1,1,2014-11-09,0045,Terra,MODIS,79,6.2,310.7,22.9,D,0
-12.6273,143.0489,328.3,1.1,1,2014-11-09,0045,Terra,MODIS,70,6.2,307.9,15.3,D,0
-12.6287,143.0585,339.1,1.1,1,2014-11-09,0045,Terra,MODIS,85,6.2,308.9,31.4,D,0
-13.8904,141.7212,348.2,1.2,1.1,2014-11-09,0045,Terra,MODIS,91,6.2,310.6,45.8,D,0
-13.7854,141.7662,354.7,1.2,1.1,2014-11-09,0045,Terra,MODIS,96,6.2,312,64.2,D,0
-13.7871,141.7768,336.6,1.2,1.1,2014-11-09,0045,Terra,MODIS,79,6.2,311.3,20.5,D,0
-12.9172,143.4952,332.3,1,1,2014-11-09,0045,Terra,MODIS,45,6.2,301.6,21.2,D,0
-13.9108,141.7659,351,1.2,1.1,2014-11-09,0045,Terra,MODIS,94,6.2,312.9,52.4,D,0
-13.3831,133.8311,322.6,4.3,1.9,2014-11-09,0045,Terra,MODIS,49,6.2,300.7,44.7,D,0
-14.7415,144.4925,386,1,1,2014-11-09,0045,Terra,MODIS,100,6.2,311.7,162.6,D,0
-13.7897,141.6669,339,1.2,1.1,2014-11-09,0045,Terra,MODIS,82,6.2,312.5,21.1,D,0
-16.3474,144.8498,325.2,1,1,2014-11-09,0045,Terra,MODIS,29,6.2,311.1,9.4,D,0
-14.2456,134.7306,327.3,3.6,1.8,2014-11-09,0045,Terra,MODIS,68,6.2,302.7,69.8,D,0
-13.0702,136.2706,327.5,2.9,1.6,2014-11-09,0045,Terra,MODIS,56,6.2,302.2,69.1,D,0
-13.0656,136.2443,319.9,2.9,1.6,2014-11-09,0045,Terra,MODIS,46,6.2,302.1,34.4,D,0
-13.0713,136.2646,328.8,2.9,1.6,2014-11-09,0045,Terra,MODIS,72,6.2,302.6,76.6,D,0
-13.8678,141.703,339.2,1.2,1.1,2014-11-09,0045,Terra,MODIS,73,6.2,307.5,29.2,D,0
-13.7783,141.6577,355.5,1.2,1.1,2014-11-09,0045,Terra,MODIS,97,6.2,311.6,63,D,0
-13.78,141.6685,388.2,1.2,1.1,2014-11-09,0045,Terra,MODIS,100,6.2,315.2,207.7,D,0
-12.5129,142.9051,334.8,1.1,1,2014-11-09,0045,Terra,MODIS,80,6.2,308.3,24.4,D,0
-16.4329,144.8706,333.6,1,1,2014-11-09,0045,Terra,MODIS,71,6.2,311,15.6,D,0
-12.4977,142.9136,333.1,1.1,1,2014-11-09,0045,Terra,MODIS,61,6.2,309.9,17.3,D,0
-13.8661,141.6923,337.4,1.2,1.1,2014-11-09,0045,Terra,MODIS,73,6.2,306.6,25.3,D,0
-12.4699,142.9178,338.5,1.1,1,2014-11-09,0045,Terra,MODIS,85,6.2,308.4,27.3,D,0
-14.3597,134.7953,328.3,3.5,1.8,2014-11-09,0045,Terra,MODIS,72,6.2,302.3,83.1,D,0
-14.367,134.8011,327.9,3.5,1.8,2014-11-09,0045,Terra,MODIS,72,6.2,302.1,78.4,D,0
-12.4884,136.682,321.2,2.8,1.6,2014-11-09,0045,Terra,MODIS,48,6.2,302.7,32.8,D,0
-13.8644,141.6816,354.9,1.2,1.1,2014-11-09,0045,Terra,MODIS,96,6.2,308,68.4,D,0
-12.5113,142.8954,333.7,1.1,1,2014-11-09,0045,Terra,MODIS,79,6.2,309.7,21.6,D,0
-16.4251,144.8815,331.7,1,1,2014-11-09,0045,Terra,MODIS,40,6.2,309.3,15.3,D,0
-13.8695,141.7137,342.8,1.2,1.1,2014-11-09,0045,Terra,MODIS,86,6.2,309.1,37.6,D,0
-14.6948,144.677,334.4,1,1,2014-11-09,0045,Terra,MODIS,46,6.2,307.3,20.8,D,0
-14.3146,144.5312,330,1,1,2014-11-09,0045,Terra,MODIS,76,6.2,301.5,20,D,0
-13.9017,141.647,340.1,1.2,1.1,2014-11-09,0045,Terra,MODIS,83,6.2,309.9,24.4,D,0
-14.6871,144.6877,333.2,1,1,2014-11-09,0045,Terra,MODIS,59,6.2,309.1,16.3,D,0
-14.6794,144.6984,335.4,1,1,2014-11-09,0045,Terra,MODIS,67,6.2,309.7,18.8,D,0
-14.3612,134.7696,323.8,3.5,1.8,2014-11-09,0045,Terra,MODIS,54,6.2,301.7,53.1,D,0
-13.8903,141.6379,333.7,1.2,1.1,2014-11-09,0045,Terra,MODIS,70,6.2,312.6,12.8,D,0
-13.9,141.6363,348.3,1.2,1.1,2014-11-09,0045,Terra,MODIS,91,6.2,312,44.3,D,0
-13.8636,141.8017,343.6,1.2,1.1,2014-11-09,0045,Terra,MODIS,86,6.2,310.8,34.6,D,0
-13.8523,141.7927,332,1.2,1.1,2014-11-09,0045,Terra,MODIS,52,6.2,309.7,13.2,D,0
-13.892,141.6486,335.7,1.2,1.1,2014-11-09,0045,Terra,MODIS,77,6.2,311.1,15.6,D,0
-13.8619,141.7912,340.4,1.2,1.1,2014-11-09,0045,Terra,MODIS,84,6.2,310.2,29.2,D,0
-13.849,141.7716,372.7,1.2,1.1,2014-11-09,0045,Terra,MODIS,100,6.2,309.5,132.8,D,0
-14.7966,142.5267,334,1.1,1,2014-11-09,0045,Terra,MODIS,39,6.2,315.8,12.3,D,0
-14.7773,142.1555,333.9,1.1,1,2014-11-09,0045,Terra,MODIS,71,6.2,313.4,14.3,D,0
-12.935,136.1096,336.4,3,1.6,2014-11-09,0045,Terra,MODIS,84,6.2,303.9,113.2,D,0
-14.2441,135.1535,328.9,3.3,1.7,2014-11-09,0045,Terra,MODIS,44,6.2,304.6,61,D,0
-12.8509,142.4,338.3,1.1,1,2014-11-09,0045,Terra,MODIS,79,6.2,315.2,21.1,D,0
-12.9345,136.1026,331,3,1.6,2014-11-09,0045,Terra,MODIS,76,6.2,304.4,75.7,D,0
-13.8444,141.8049,335.5,1.2,1.1,2014-11-09,0045,Terra,MODIS,54,6.2,309.5,16.7,D,0
-14.5598,134.137,325.3,3.9,1.8,2014-11-09,0045,Terra,MODIS,36,6.2,302.4,57.6,D,0
-13.8428,141.7943,339.6,1.2,1.1,2014-11-09,0045,Terra,MODIS,82,6.2,309.3,26.5,D,0
-12.4194,142.9422,326.5,1.1,1,2014-11-09,0045,Terra,MODIS,35,6.2,305.9,10.7,D,0
-12.6776,143.0707,328.9,1.1,1,2014-11-09,0045,Terra,MODIS,40,6.2,309.4,11.5,D,0
-12.9082,143.4966,327.5,1,1,2014-11-09,0045,Terra,MODIS,34,6.2,301.8,16.7,D,0
-13.9057,141.7341,352.5,1.2,1.1,2014-11-09,0045,Terra,MODIS,95,6.2,310.4,54.5,D,0
-13.8944,141.725,351.5,1.2,1.1,2014-11-09,0045,Terra,MODIS,94,6.2,311.8,52.4,D,0
-12.9158,143.4859,334.3,1,1,2014-11-09,0045,Terra,MODIS,79,6.2,300,25.7,D,0
-12.9395,136.1295,328.1,3,1.6,2014-11-09,0045,Terra,MODIS,57,6.2,302.1,60.5,D,0
-12.724,136.3066,326.1,2.9,1.6,2014-11-09,0045,Terra,MODIS,48,6.2,303.9,51.3,D,0
-12.7249,136.3003,323.4,2.9,1.6,2014-11-09,0045,Terra,MODIS,30,6.2,303.9,37.5,D,0
-12.5721,143.0443,343.3,1.1,1,2014-11-09,0045,Terra,MODIS,82,6.2,308.6,39.9,D,0
-13.8461,141.8154,336.1,1.1,1.1,2014-11-09,0045,Terra,MODIS,63,6.2,312.5,17,D,0
-13.8557,141.8138,332,1.1,1.1,2014-11-09,0045,Terra,MODIS,39,6.2,312.2,11.9,D,0
-16.9789,133.6449,330.6,3.8,1.8,2014-11-09,0046,Terra,MODIS,75,6.2,302.6,103.5,D,0
-17.1913,143.1265,344.3,1,1,2014-11-09,0046,Terra,MODIS,79,6.2,319.4,22.5,D,0
-16.6734,133.8799,327.8,3.7,1.8,2014-11-09,0046,Terra,MODIS,68,6.2,300.7,77.8,D,0
-16.6894,133.8765,325.1,3.7,1.8,2014-11-09,0046,Terra,MODIS,50,6.2,300.5,55.3,D,0
-16.6807,133.8726,325.1,3.7,1.8,2014-11-09,0046,Terra,MODIS,42,6.2,300.9,54.9,D,0
-16.995,133.6413,347.2,3.8,1.8,2014-11-09,0046,Terra,MODIS,92,6.2,301.8,289.9,D,0
-17.0112,133.6378,348.4,3.8,1.8,2014-11-09,0046,Terra,MODIS,93,6.2,300.4,309.3,D,0
-17.0179,133.6728,330.9,3.8,1.8,2014-11-09,0046,Terra,MODIS,76,6.2,298.7,118.1,D,0
-16.9852,133.6376,331.4,3.8,1.8,2014-11-09,0046,Terra,MODIS,77,6.2,302.1,107.4,D,0
-16.9922,133.6725,349,3.8,1.8,2014-11-09,0046,Terra,MODIS,93,6.2,301.9,314.7,D,0
-17.0014,133.6342,342.9,3.8,1.8,2014-11-09,0046,Terra,MODIS,89,6.2,301.2,234.3,D,0
-17.0084,133.6691,349.8,3.8,1.8,2014-11-09,0046,Terra,MODIS,94,6.2,299.7,332.9,D,0
-17.0176,133.6307,337,3.8,1.8,2014-11-09,0046,Terra,MODIS,84,6.2,299.8,174.9,D,0
-17.0245,133.6656,329.3,3.8,1.8,2014-11-09,0046,Terra,MODIS,74,6.2,298.6,108.9,D,0
-17.2867,142.7813,333.8,1,1,2014-11-09,0046,Terra,MODIS,46,6.2,316.5,9.2,D,0
-17.197,142.6759,329,1,1,2014-11-09,0046,Terra,MODIS,23,6.2,312.1,5.5,D,0
-16.9935,137.2009,328.5,2.1,1.4,2014-11-09,0046,Terra,MODIS,70,6.2,305.9,31.4,D,0
-16.9968,137.2198,327.6,2,1.4,2014-11-09,0046,Terra,MODIS,67,6.2,305.8,28.9,D,0
-17.0059,137.1984,340.9,2.1,1.4,2014-11-09,0046,Terra,MODIS,86,6.2,305.6,82.1,D,0
-17.0092,137.2174,332.9,2,1.4,2014-11-09,0046,Terra,MODIS,77,6.2,305.7,47.6,D,0
-16.9976,137.2127,333.9,2,1.4,2014-11-09,0046,Terra,MODIS,79,6.2,306.5,51.2,D,0
-17.0065,137.1912,326.1,2.1,1.4,2014-11-09,0046,Terra,MODIS,64,6.2,305.7,21.5,D,0
-17.01,137.2103,336.5,2,1.4,2014-11-09,0046,Terra,MODIS,82,6.2,305.4,61.7,D,0
-16.9998,143.0159,346.5,1,1,2014-11-09,0046,Terra,MODIS,82,6.2,318.8,26.5,D,0
-16.9548,134.0793,323.8,3.5,1.8,2014-11-09,0046,Terra,MODIS,30,6.2,299.7,47.9,D,0
-16.9474,134.0733,324.6,3.5,1.8,2014-11-09,0046,Terra,MODIS,29,6.2,300.4,52.7,D,0
-16.8617,133.8569,358.8,3.7,1.8,2014-11-09,0046,Terra,MODIS,99,6.2,301.1,443.7,D,0
-16.8777,133.8536,398.1,3.7,1.8,2014-11-09,0046,Terra,MODIS,100,6.2,302.7,1490.6,D,0
-17.1955,142.6664,332.4,1,1,2014-11-09,0046,Terra,MODIS,66,6.2,311.9,11.6,D,0
-16.5114,133.7777,322.8,3.8,1.8,2014-11-09,0046,Terra,MODIS,51,6.2,300.9,55.9,D,0
-16.9602,133.7213,328.5,3.7,1.8,2014-11-09,0046,Terra,MODIS,59,6.2,299.8,87,D,0
-16.9856,133.6797,332.2,3.8,1.8,2014-11-09,0046,Terra,MODIS,78,6.2,301.1,121.3,D,0
-17.0018,133.6762,359.7,3.8,1.8,2014-11-09,0046,Terra,MODIS,99,6.2,300.8,490.3,D,0
-17.2013,142.7043,338,1,1,2014-11-09,0046,Terra,MODIS,78,6.2,315.5,17.7,D,0
-17.6091,134.9278,341.7,2.9,1.6,2014-11-09,0046,Terra,MODIS,88,6.2,303.2,134.6,D,0
-17.6089,134.934,354.6,2.9,1.6,2014-11-09,0046,Terra,MODIS,97,6.2,304.2,260,D,0
-17.1999,142.6948,333.3,1,1,2014-11-09,0046,Terra,MODIS,46,6.2,314.7,10.4,D,0
-17.1927,143.1359,355.9,1,1,2014-11-09,0046,Terra,MODIS,97,6.2,317.4,48.6,D,0
-17.6144,134.9552,343.5,2.9,1.6,2014-11-09,0046,Terra,MODIS,89,6.2,306.4,146.7,D,0
-17.2017,143.1345,347.7,1,1,2014-11-09,0046,Terra,MODIS,89,6.2,318.7,30.1,D,0
-17.1823,143.128,345.1,1,1,2014-11-09,0046,Terra,MODIS,86,6.2,318.5,25.4,D,0
-16.9268,134.1861,326.4,3.4,1.7,2014-11-09,0046,Terra,MODIS,21,6.2,300.5,55.8,D,0
-16.9907,143.0173,342.2,1,1,2014-11-09,0046,Terra,MODIS,58,6.2,317.1,20.5,D,0
-16.9581,142.9841,344.2,1,1,2014-11-09,0046,Terra,MODIS,76,6.2,318.8,23.8,D,0
-16.9462,142.9668,343.9,1,1,2014-11-09,0046,Terra,MODIS,78,6.2,316.1,23.1,D,0
-17.614,134.9613,339.3,2.9,1.6,2014-11-09,0046,Terra,MODIS,84,6.2,306.6,110.5,D,0
-16.8642,134.172,336.8,3.5,1.8,2014-11-09,0046,Terra,MODIS,83,6.2,302.6,150.7,D,0
-16.8798,134.1686,335.7,3.5,1.8,2014-11-09,0046,Terra,MODIS,82,6.2,302.7,134.4,D,0
-16.8736,134.1641,333,3.5,1.8,2014-11-09,0046,Terra,MODIS,77,6.2,303,113,D,0
-16.8937,133.8501,333.6,3.7,1.8,2014-11-09,0046,Terra,MODIS,71,6.2,295.8,137.3,D,0
-16.8889,133.7006,328.3,3.8,1.8,2014-11-09,0046,Terra,MODIS,46,6.2,300.7,78.1,D,0
-16.9441,133.7248,324.8,3.7,1.8,2014-11-09,0046,Terra,MODIS,35,6.2,300.5,60.3,D,0
-15.4392,135.8862,325.6,2.8,1.6,2014-11-09,0046,Terra,MODIS,64,6.2,300.7,50.7,D,0
-16.5276,133.7743,328.9,3.8,1.8,2014-11-09,0046,Terra,MODIS,64,6.2,300.8,94.5,D,0
-16.5174,133.7689,327.4,3.8,1.8,2014-11-09,0046,Terra,MODIS,53,6.2,301.5,84.7,D,0
-15.9654,135.4105,333.2,2.9,1.6,2014-11-09,0046,Terra,MODIS,77,6.2,302.8,82.9,D,0
-15.9651,135.4175,332.1,2.9,1.6,2014-11-09,0046,Terra,MODIS,76,6.2,302.8,74.1,D,0
-17.1115,132.1871,325.1,4.8,2,2014-11-09,0046,Terra,MODIS,56,6.2,301.7,61.6,D,0
-17.1202,132.1385,327.3,4.8,2,2014-11-09,0046,Terra,MODIS,60,6.2,302.1,85.9,D,0
-17.1381,132.1347,339.8,4.8,2,2014-11-09,0046,Terra,MODIS,86,6.2,303.4,263.6,D,0
-17.1087,132.1796,326.3,4.8,2,2014-11-09,0046,Terra,MODIS,66,6.2,301.9,78.9,D,0
-17.1171,132.1312,326.6,4.8,2,2014-11-09,0046,Terra,MODIS,67,6.2,302.3,83.4,D,0
-17.135,132.1274,341,4.8,2,2014-11-09,0046,Terra,MODIS,87,6.2,303.4,285.2,D,0
-17.1528,132.1235,326.3,4.8,2,2014-11-09,0046,Terra,MODIS,67,6.2,301.4,92.2,D,0
-19.4422,142.5993,370.9,1,1,2014-11-09,0046,Terra,MODIS,100,6.2,321.5,90.9,D,0
-19.4394,142.5803,341.9,1,1,2014-11-09,0046,Terra,MODIS,78,6.2,317,19.9,D,0
-19.1945,142.8523,339.8,1,1,2014-11-09,0046,Terra,MODIS,62,6.2,320.5,15.8,D,0
-16.9448,142.9574,339.2,1,1,2014-11-09,0046,Terra,MODIS,55,6.2,315.8,15.5,D,0
-19.4436,142.6088,339.8,1,1,2014-11-09,0046,Terra,MODIS,40,6.2,320.6,13.8,D,0
-16.9434,142.948,334.3,1,1,2014-11-09,0046,Terra,MODIS,27,6.2,315.6,9,D,0
-16.8785,136.2749,328.5,2.4,1.5,2014-11-09,0046,Terra,MODIS,71,6.2,305.2,41.4,D,0
-17.2089,142.6934,375.2,1,1,2014-11-09,0046,Terra,MODIS,100,6.2,317.7,112.2,D,0
-17.2017,142.646,331.8,1,1,2014-11-09,0046,Terra,MODIS,45,6.2,310.2,12.2,D,0
-19.5766,143.0082,336.4,1,1,2014-11-09,0046,Terra,MODIS,76,6.2,314.4,16.4,D,0
-19.5392,143.0045,337.1,1,1,2014-11-09,0046,Terra,MODIS,67,6.2,314.3,14.5,D,0
-17.2933,142.7028,355.9,1,1,2014-11-09,0046,Terra,MODIS,97,6.2,315.3,52.4,D,0
-17.2631,142.6846,343.5,1,1,2014-11-09,0046,Terra,MODIS,75,6.2,316.9,25.9,D,0
-17.2031,142.6555,336.8,1,1,2014-11-09,0046,Terra,MODIS,70,6.2,312.9,18.4,D,0
-17.2075,142.6839,346.3,1,1,2014-11-09,0046,Terra,MODIS,89,6.2,311.2,31.6,D,0
-17.2146,142.7312,336.2,1,1,2014-11-09,0046,Terra,MODIS,43,6.2,316.8,12.9,D,0
-17.2132,142.7218,344.5,1,1,2014-11-09,0046,Terra,MODIS,87,6.2,317.5,27.2,D,0
-17.2103,142.7028,350.7,1,1,2014-11-09,0046,Terra,MODIS,93,6.2,316.8,39.9,D,0
-17.2857,142.7137,389.9,1,1,2014-11-09,0046,Terra,MODIS,100,6.2,322.3,176.1,D,0
-17.2842,142.7043,402.7,1,1,2014-11-09,0046,Terra,MODIS,100,6.2,321.1,249.1,D,0
-17.2646,142.6941,338.7,1,1,2014-11-09,0046,Terra,MODIS,49,6.2,318.2,15.1,D,0
-17.2904,142.6839,343,1,1,2014-11-09,0046,Terra,MODIS,72,6.2,308.1,29.6,D,0
-17.2947,142.7123,345.1,1,1,2014-11-09,0046,Terra,MODIS,71,6.2,316.8,28.4,D,0
-17.0791,143.0544,342.4,1,1,2014-11-09,0046,Terra,MODIS,56,6.2,318.5,19,D,0
-15.9215,134.0109,329.2,3.7,1.8,2014-11-09,0046,Terra,MODIS,49,6.2,301.4,81.4,D,0
-15.9309,134.0148,337.5,3.7,1.8,2014-11-09,0046,Terra,MODIS,83,6.2,301,160.3,D,0
-15.9376,134.0076,328.6,3.7,1.8,2014-11-09,0046,Terra,MODIS,36,6.2,301.4,75.7,D,0
-16.8541,133.8643,361.1,3.7,1.8,2014-11-09,0046,Terra,MODIS,100,6.2,301.5,480.8,D,0
-16.8701,133.8609,372.8,3.7,1.8,2014-11-09,0046,Terra,MODIS,100,6.2,302.8,726.7,D,0
-16.8458,133.8602,340.2,3.7,1.8,2014-11-09,0046,Terra,MODIS,86,6.2,301.2,187.1,D,0
-16.8844,133.8873,384.5,3.6,1.8,2014-11-09,0046,Terra,MODIS,100,6.2,301.9,1030.5,D,0
-16.7701,133.5172,333.9,3.9,1.8,2014-11-09,0046,Terra,MODIS,80,6.2,301.2,142.7,D,0
-16.7772,133.5534,329.1,3.9,1.8,2014-11-09,0046,Terra,MODIS,58,6.2,301.5,88.1,D,0
-16.7865,133.5138,324.5,3.9,1.8,2014-11-09,0046,Terra,MODIS,35,6.2,300.1,59.8,D,0
-16.7756,133.5102,332.1,3.9,1.8,2014-11-09,0046,Terra,MODIS,75,6.2,300.8,126.7,D,0
-16.7828,133.5464,329.3,3.9,1.8,2014-11-09,0046,Terra,MODIS,59,6.2,301.5,90.3,D,0
-17.1525,143.1135,338.9,1,1,2014-11-09,0046,Terra,MODIS,37,6.2,319,14.9,D,0
-17.1311,143.0942,339.7,1,1,2014-11-09,0046,Terra,MODIS,63,6.2,318.1,15.8,D,0
-17.1325,143.1035,339,1,1,2014-11-09,0046,Terra,MODIS,26,6.2,316.3,15.2,D,0
-17.1429,143.1115,341.9,1,1,2014-11-09,0046,Terra,MODIS,65,6.2,317.2,19.7,D,0
-19.5676,143.0096,335.4,1,1,2014-11-09,0046,Terra,MODIS,66,6.2,315,14,D,0
-16.8127,133.9078,333.2,3.6,1.8,2014-11-09,0046,Terra,MODIS,67,6.2,300.5,115.4,D,0
-16.8287,133.9046,340.9,3.6,1.8,2014-11-09,0046,Terra,MODIS,87,6.2,299.4,197.8,D,0
-16.8765,133.8946,331.4,3.6,1.8,2014-11-09,0046,Terra,MODIS,56,6.2,299.2,105.3,D,0
-16.8206,133.9004,341.2,3.6,1.8,2014-11-09,0046,Terra,MODIS,87,6.2,300.2,197.3,D,0
-16.9423,134.1828,328.1,3.4,1.7,2014-11-09,0046,Terra,MODIS,60,6.2,300.1,71.2,D,0
-19.5752,142.9987,359.5,1,1,2014-11-09,0046,Terra,MODIS,99,6.2,316.1,63.7,D,0
-19.019,146.2735,321.1,1.3,1.1,2014-11-09,0046,Terra,MODIS,74,6.2,295.4,19.2,D,0
-19.5662,143.0002,340.3,1,1,2014-11-09,0046,Terra,MODIS,82,6.2,316.8,21.3,D,0
-19.5572,143.0016,337.9,1,1,2014-11-09,0046,Terra,MODIS,72,6.2,315.9,16.5,D,0
-18.1544,138.3097,330.9,1.6,1.3,2014-11-09,0046,Terra,MODIS,55,6.2,310.1,19.6,D,0
-18.157,138.325,331.1,1.6,1.3,2014-11-09,0046,Terra,MODIS,44,6.2,310.2,17.7,D,0
-18.1656,138.3078,334.4,1.6,1.3,2014-11-09,0046,Terra,MODIS,79,6.2,310.5,31.1,D,0
-16.8292,137.0164,336,2.1,1.4,2014-11-09,0046,Terra,MODIS,81,6.2,307.1,55.9,D,0
-16.6573,133.8833,331.3,3.7,1.8,2014-11-09,0046,Terra,MODIS,77,6.2,300.7,110.5,D,0
-16.6647,133.876,334.9,3.7,1.8,2014-11-09,0046,Terra,MODIS,81,6.2,301.1,139.3,D,0
-18.4728,141.3313,334.7,1.1,1,2014-11-09,0046,Terra,MODIS,72,6.2,312.4,11.7,D,0
-18.9119,146.0776,313,1.2,1.1,2014-11-09,0046,Terra,MODIS,17,6.2,298.3,8.7,D,0
-18.7755,138.5652,341.7,1.5,1.2,2014-11-09,0046,Terra,MODIS,85,6.2,305.7,51.4,D,0
-18.7912,138.5915,331.4,1.5,1.2,2014-11-09,0046,Terra,MODIS,69,6.2,302.8,25.1,D,0
-18.78,137.8678,335.6,1.7,1.3,2014-11-09,0046,Terra,MODIS,79,6.2,306.7,49.2,D,0
-18.7828,138.6077,331.4,1.5,1.2,2014-11-09,0046,Terra,MODIS,60,6.2,307.3,21.7,D,0
-18.772,137.8761,335.5,1.7,1.3,2014-11-09,0046,Terra,MODIS,79,6.2,308.2,47.3,D,0
-18.7453,138.5854,335.1,1.5,1.2,2014-11-09,0046,Terra,MODIS,77,6.2,311.9,24.8,D,0
-18.7772,137.8519,325.6,1.7,1.3,2014-11-09,0046,Terra,MODIS,50,6.2,304.5,20.1,D,0
-18.0379,143.7496,334.7,1,1,2014-11-09,0046,Terra,MODIS,19,6.2,314.8,12.6,D,0
-18.7692,137.8602,338.2,1.7,1.3,2014-11-09,0046,Terra,MODIS,82,6.2,307.5,56.2,D,0
-18.7807,137.8579,337.6,1.7,1.3,2014-11-09,0046,Terra,MODIS,82,6.2,304.9,55.3,D,0
-18.7695,138.5955,374.1,1.5,1.2,2014-11-09,0046,Terra,MODIS,100,6.2,311.7,201.2,D,0
-18.7429,138.5716,337.2,1.5,1.2,2014-11-09,0046,Terra,MODIS,80,6.2,309.9,31,D,0
-18.0483,143.7577,337.2,1,1,2014-11-09,0046,Terra,MODIS,39,6.2,315.7,14.5,D,0
-15.425,135.8889,336.2,2.8,1.6,2014-11-09,0046,Terra,MODIS,82,6.2,301.9,112.7,D,0
-18.1026,143.7524,337.8,1,1,2014-11-09,0046,Terra,MODIS,73,6.2,315.4,13,D,0
-18.7803,138.5936,347.3,1.5,1.2,2014-11-09,0046,Terra,MODIS,91,6.2,304.9,68.8,D,0
-18.0908,143.7349,345.2,1,1,2014-11-09,0046,Terra,MODIS,88,6.2,317,25.1,D,0
-21.1119,140.4052,335.5,1.1,1.1,2014-11-09,0047,Terra,MODIS,65,6.2,315.6,12.3,D,0
-23.0733,150.1683,324.7,2.7,1.6,2014-11-09,0047,Terra,MODIS,62,6.2,306.5,47.2,D,0
-22.0225,149.2068,324.2,2.2,1.4,2014-11-09,0047,Terra,MODIS,60,6.2,303.3,34,D,0
-23.5127,150.538,328.9,2.9,1.6,2014-11-09,0047,Terra,MODIS,73,6.2,306.4,66.3,D,0
-23.5154,150.5668,330.9,2.9,1.6,2014-11-09,0047,Terra,MODIS,76,6.2,307.3,79.1,D,0
-23.5135,150.5325,322.7,2.9,1.6,2014-11-09,0047,Terra,MODIS,56,6.2,306.2,34.4,D,0
-23.516,150.5614,331.8,2.9,1.6,2014-11-09,0047,Terra,MODIS,77,6.2,307.4,85,D,0
-23.0708,150.1425,327.9,2.7,1.6,2014-11-09,0047,Terra,MODIS,70,6.2,305,65,D,0
-24.8081,147.9769,350.1,2,1.4,2014-11-09,0048,Terra,MODIS,95,6.2,299.2,147,D,0
-24.7732,148.0025,322.5,2,1.4,2014-11-09,0048,Terra,MODIS,26,6.2,301.5,27.5,D,0
-24.7856,148.0005,329.6,2,1.4,2014-11-09,0048,Terra,MODIS,49,6.2,301.4,46.3,D,0
-24.91,148.6983,332.2,2.2,1.4,2014-11-09,0048,Terra,MODIS,54,6.2,301.9,51.8,D,0
-24.8991,148.7214,332.9,2.2,1.4,2014-11-09,0048,Terra,MODIS,69,6.2,303.3,49.8,D,0
-24.8687,148.6815,327.7,2.2,1.4,2014-11-09,0048,Terra,MODIS,62,6.2,302.4,44.4,D,0
-24.8124,147.9885,328.6,2,1.4,2014-11-09,0048,Terra,MODIS,71,6.2,294.8,53.4,D,0
-24.8061,147.958,337.2,2,1.4,2014-11-09,0048,Terra,MODIS,80,6.2,297.8,84.6,D,0
-24.8086,147.9507,319.2,2,1.4,2014-11-09,0048,Terra,MODIS,37,6.2,296.2,30.9,D,0
-24.8106,147.97,346.4,2,1.4,2014-11-09,0048,Terra,MODIS,92,6.2,297.9,130.5,D,0
-24.7958,147.9794,334.5,2,1.4,2014-11-09,0048,Terra,MODIS,63,6.2,302.1,65.6,D,0
-24.8708,148.7029,328.9,2.2,1.4,2014-11-09,0048,Terra,MODIS,52,6.2,301.8,44.5,D,0
-24.9075,148.6919,331.6,2.2,1.4,2014-11-09,0048,Terra,MODIS,30,6.2,301.7,51.4,D,0
-24.7257,148.0271,322.2,2,1.4,2014-11-09,0048,Terra,MODIS,61,6.2,298.4,32.6,D,0
-24.7232,148.0334,318.5,2,1.4,2014-11-09,0048,Terra,MODIS,51,6.2,296.8,25.5,D,0
-25.7804,131.2371,328.7,3.6,1.8,2014-11-09,0049,Terra,MODIS,76,6.2,304.6,74.6,D,0
-25.7886,131.2425,332.5,3.6,1.8,2014-11-09,0049,Terra,MODIS,80,6.2,304,106.6,D,0
-25.7415,131.2551,324.6,3.6,1.8,2014-11-09,0049,Terra,MODIS,69,6.2,304.7,39.4,D,0
-25.7962,131.2773,327.6,3.5,1.8,2014-11-09,0049,Terra,MODIS,74,6.2,304.2,65.9,D,0
-25.7883,131.2719,328.6,3.5,1.8,2014-11-09,0049,Terra,MODIS,76,6.2,305.3,73.1,D,0
-29.061,128.5648,336.4,4.4,1.9,2014-11-09,0050,Terra,MODIS,84,6.2,305.8,235.5,D,0
-29.0617,128.5726,337.7,4.4,1.9,2014-11-09,0050,Terra,MODIS,85,6.2,305.8,255.2,D,0
-29.0509,128.5279,322.3,4.5,1.9,2014-11-09,0050,Terra,MODIS,60,6.2,304.2,86.2,D,0
-37.6479,144.9473,312.2,1.8,1.3,2014-11-09,0051,Terra,MODIS,23,6.2,297.7,8.5,D,0
-15.6274,125.0898,326.5,2,1.4,2014-11-09,0224,Terra,MODIS,65,6.2,302.3,31.4,D,0
-15.5658,124.5986,330.7,1.8,1.3,2014-11-09,0224,Terra,MODIS,72,6.2,304.9,24,D,0
-15.6198,125.1037,324,2,1.4,2014-11-09,0224,Terra,MODIS,57,6.2,301.3,24.6,D,0
-15.641,124.5657,331.4,1.8,1.3,2014-11-09,0224,Terra,MODIS,67,6.2,304.9,26.7,D,0
-15.6296,125.108,322.6,2,1.4,2014-11-09,0224,Terra,MODIS,46,6.2,301.5,19.6,D,0
-15.6351,124.5601,332.2,1.8,1.3,2014-11-09,0224,Terra,MODIS,67,6.2,304.5,31,D,0
-15.5837,124.5904,332.1,1.8,1.3,2014-11-09,0224,Terra,MODIS,77,6.2,305.6,25.6,D,0
-14.6158,125.5315,322.8,2.1,1.4,2014-11-09,0224,Terra,MODIS,61,6.2,299.5,21.5,D,0
-17.1418,129.0016,333.1,4.1,1.9,2014-11-09,0224,Terra,MODIS,38,6.2,306.6,104.9,D,0
-15.3432,129.3023,328.3,4.1,1.9,2014-11-09,0224,Terra,MODIS,73,6.2,298.7,106.4,D,0
-15.5244,127.5293,330.9,3,1.7,2014-11-09,0224,Terra,MODIS,47,6.2,301.6,63.7,D,0
-15.5254,127.535,329.2,3,1.7,2014-11-09,0224,Terra,MODIS,31,6.2,301.7,54.1,D,0
-15.2764,128.8662,323.1,3.8,1.8,2014-11-09,0224,Terra,MODIS,35,6.2,299.5,53.5,D,0
-17.4184,126.5098,334.6,2.7,1.6,2014-11-09,0224,Terra,MODIS,81,6.2,306,81,D,0
-15.8823,129.8748,327.6,4.6,2,2014-11-09,0224,Terra,MODIS,69,6.2,298.7,111.1,D,0
-15.8831,129.8817,327.1,4.6,2,2014-11-09,0224,Terra,MODIS,63,6.2,298.5,102.9,D,0
-15.0633,126.2414,327.3,2.4,1.5,2014-11-09,0224,Terra,MODIS,53,6.2,302.2,32.3,D,0
-15.8653,129.8835,322,4.6,2,2014-11-09,0224,Terra,MODIS,29,6.2,298.5,55,D,0
-17.1287,129.0425,332.7,4.2,1.9,2014-11-09,0224,Terra,MODIS,78,6.2,305.3,129.6,D,0
-15.3602,129.3005,323.8,4.1,1.9,2014-11-09,0224,Terra,MODIS,39,6.2,298.3,63.2,D,0
-16.8237,129.2094,327.6,4.3,1.9,2014-11-09,0224,Terra,MODIS,25,6.2,296.5,88.5,D,0
-17.1457,129.0407,338.8,4.2,1.9,2014-11-09,0224,Terra,MODIS,85,6.2,305.7,195.6,D,0
-17.0944,129.0014,330.8,4.1,1.9,2014-11-09,0224,Terra,MODIS,69,6.2,305.6,80.2,D,0
-16.3294,124.7287,320.5,1.9,1.3,2014-11-09,0224,Terra,MODIS,29,6.2,300.4,13.6,D,0
-16.3314,124.7459,328,1.9,1.4,2014-11-09,0224,Terra,MODIS,73,6.2,300.8,34.2,D,0
-17.132,129.0368,332.3,4.2,1.9,2014-11-09,0224,Terra,MODIS,59,6.2,306,118.8,D,0
-16.3415,124.7273,323.2,1.9,1.3,2014-11-09,0224,Terra,MODIS,48,6.2,301.4,21,D,0
-16.3436,124.7442,339.4,1.9,1.4,2014-11-09,0224,Terra,MODIS,82,6.2,302.7,75.6,D,0
-17.1491,129.035,333.3,4.2,1.9,2014-11-09,0224,Terra,MODIS,47,6.2,305.7,118.1,D,0
-17.4042,126.5114,344.8,2.7,1.6,2014-11-09,0224,Terra,MODIS,90,6.2,305.6,158.8,D,0
-17.4221,126.5037,329.4,2.7,1.6,2014-11-09,0224,Terra,MODIS,64,6.2,306.1,51.3,D,0
-17.4079,126.5054,343.4,2.7,1.6,2014-11-09,0224,Terra,MODIS,89,6.2,306.1,145.9,D,0
-17.2262,128.9035,331.8,4.1,1.9,2014-11-09,0224,Terra,MODIS,72,6.2,304.5,78,D,0
-17.2227,128.911,333.2,4.1,1.9,2014-11-09,0224,Terra,MODIS,75,6.2,304.2,91.6,D,0
-15.9213,129.9095,328.8,4.7,2,2014-11-09,0224,Terra,MODIS,70,6.2,298.3,124.1,D,0
-15.9221,129.9146,332.3,4.7,2,2014-11-09,0224,Terra,MODIS,77,6.2,298.2,164.6,D,0
-16.0552,124.6209,319.5,1.9,1.3,2014-11-09,0224,Terra,MODIS,36,6.2,299.9,18.6,D,0
-15.2727,128.8303,323.2,3.8,1.8,2014-11-09,0224,Terra,MODIS,38,6.2,299.3,55,D,0
-15.6137,124.6386,340.4,1.8,1.3,2014-11-09,0224,Terra,MODIS,86,6.2,304.8,68,D,0
-15.6039,124.6572,332.5,1.8,1.3,2014-11-09,0224,Terra,MODIS,70,6.2,301.9,41.6,D,0
-15.6018,124.6399,339.1,1.8,1.3,2014-11-09,0224,Terra,MODIS,85,6.2,304.4,62.1,D,0
-16.1244,129.4103,323.2,4.3,1.9,2014-11-09,0224,Terra,MODIS,28,6.2,298.9,52.8,D,0
-16.1204,129.3697,324.5,4.3,1.9,2014-11-09,0224,Terra,MODIS,48,6.2,300.5,64.5,D,0
-16.118,129.3756,324,4.3,1.9,2014-11-09,0224,Terra,MODIS,19,6.2,300.1,57.4,D,0
-15.2827,124.915,324.2,1.9,1.3,2014-11-09,0224,Terra,MODIS,33,6.2,299.2,23.8,D,0
-15.2867,124.6972,374.4,1.8,1.3,2014-11-09,0224,Terra,MODIS,0,6.2,300.3,289.6,D,0
-15.2812,124.7048,360.3,1.8,1.3,2014-11-09,0224,Terra,MODIS,0,6.2,298,181.8,D,0
-15.0684,126.286,325.1,2.4,1.5,2014-11-09,0224,Terra,MODIS,45,6.2,302.5,25.1,D,0
-15.0549,126.2877,326.8,2.4,1.5,2014-11-09,0224,Terra,MODIS,45,6.2,301.6,29.6,D,0
-18.2147,129.7119,331.9,4.8,2,2014-11-09,0225,Terra,MODIS,61,6.2,305.2,110.2,D,0
-18.2172,129.7188,331.1,4.8,2,2014-11-09,0225,Terra,MODIS,66,6.2,305.3,106.6,D,0
-18.4618,129.0547,326.7,4.3,1.9,2014-11-09,0225,Terra,MODIS,61,6.2,306.1,60.1,D,0
-18.4287,122.3048,330.2,1.4,1.2,2014-11-09,0225,Terra,MODIS,68,6.2,305.9,19,D,0
-19.4729,128.7754,328.7,4.3,1.9,2014-11-09,0225,Terra,MODIS,59,6.2,305.2,78,D,0
-18.4331,129.1474,325.1,4.4,1.9,2014-11-09,0225,Terra,MODIS,51,6.2,303.3,57.3,D,0
-20.4055,121.0705,355.9,1.2,1.1,2014-11-09,0225,Terra,MODIS,97,6.2,309.7,74.3,D,0
-20.404,121.0587,411.1,1.2,1.1,2014-11-09,0225,Terra,MODIS,100,6.2,313.9,418.9,D,0
-20.4024,121.047,343.9,1.2,1.1,2014-11-09,0225,Terra,MODIS,88,6.2,304.6,45.7,D,0
-20.6249,120.5771,352.1,1.2,1.1,2014-11-09,0225,Terra,MODIS,94,6.2,306.4,62.4,D,0
-20.3082,121.2605,383.5,1.3,1.1,2014-11-09,0225,Terra,MODIS,100,6.2,313.6,203.4,D,0
-20.6038,120.0311,333.2,1.1,1,2014-11-09,0225,Terra,MODIS,55,6.2,309.6,10.9,D,0
-20.6234,120.5659,350.6,1.2,1.1,2014-11-09,0225,Terra,MODIS,93,6.2,309.3,57.5,D,0
-20.6137,120.5673,348.4,1.2,1.1,2014-11-09,0225,Terra,MODIS,91,6.2,306.2,54.4,D,0
-20.6266,120.5703,347.6,1.2,1.1,2014-11-09,0225,Terra,MODIS,90,6.2,308.5,46.1,D,0
-20.3098,121.2726,354,1.3,1.1,2014-11-09,0225,Terra,MODIS,96,6.2,312.7,66.6,D,0
-20.6251,120.5592,335.1,1.2,1.1,2014-11-09,0225,Terra,MODIS,49,6.2,309.6,18.7,D,0
-20.6024,120.0205,347.9,1.1,1,2014-11-09,0225,Terra,MODIS,90,6.2,308.9,41.1,D,0
-20.3956,121.0719,344.9,1.2,1.1,2014-11-09,0225,Terra,MODIS,89,6.2,309.2,41.2,D,0
-20.394,121.0602,341.2,1.2,1.1,2014-11-09,0225,Terra,MODIS,85,6.2,308.5,35.9,D,0
-20.3036,121.2245,336.3,1.3,1.1,2014-11-09,0225,Terra,MODIS,79,6.2,309,22.6,D,0
-20.3872,121.0851,360.6,1.2,1.1,2014-11-09,0225,Terra,MODIS,100,6.2,309.9,88.2,D,0
-20.3856,121.0733,353.8,1.2,1.1,2014-11-09,0225,Terra,MODIS,96,6.2,308,66.5,D,0
-19.5182,121.9903,339.1,1.4,1.2,2014-11-09,0225,Terra,MODIS,84,6.2,308.5,32.7,D,0
-19.5303,122.0018,337.1,1.4,1.2,2014-11-09,0225,Terra,MODIS,82,6.2,311.9,27.6,D,0
-19.532,122.0148,336.1,1.4,1.2,2014-11-09,0225,Terra,MODIS,51,6.2,311.9,19.2,D,0
-19.5255,121.996,344.8,1.4,1.2,2014-11-09,0225,Terra,MODIS,89,6.2,310.5,49,D,0
-19.5271,122.009,335.9,1.4,1.2,2014-11-09,0225,Terra,MODIS,54,6.2,311.4,19.4,D,0
-19.5359,121.9946,359.7,1.4,1.2,2014-11-09,0225,Terra,MODIS,99,6.2,309.7,105.7,D,0
-18.1512,127.0019,336.4,3,1.7,2014-11-09,0225,Terra,MODIS,81,6.2,302.1,112.3,D,0
-18.1661,127,328.7,3,1.7,2014-11-09,0225,Terra,MODIS,45,6.2,303.3,53.8,D,0
-18.1656,126.9949,326.9,3,1.7,2014-11-09,0225,Terra,MODIS,52,6.2,303.2,36.4,D,0
-21.0655,118.9912,330.4,1,1,2014-11-09,0226,Terra,MODIS,45,6.2,306.9,13.3,D,0
-21.0747,118.9898,349.6,1,1,2014-11-09,0226,Terra,MODIS,92,6.2,305,48.2,D,0
-20.8797,119.2315,386.8,1,1,2014-11-09,0226,Terra,MODIS,100,6.2,310.6,171.8,D,0
-20.9711,118.8411,339.2,1,1,2014-11-09,0226,Terra,MODIS,80,6.2,313.2,19.1,D,0
-20.8888,119.2301,372.7,1,1,2014-11-09,0226,Terra,MODIS,100,6.2,307.3,113.2,D,0
-20.8903,119.2401,425.1,1,1,2014-11-09,0226,Terra,MODIS,100,6.2,312.2,448.7,D,0
-20.8917,119.2501,354.8,1,1,2014-11-09,0226,Terra,MODIS,96,6.2,305.5,59.6,D,0
-20.898,119.2287,358,1,1,2014-11-09,0226,Terra,MODIS,98,6.2,302.7,68.8,D,0
-20.8994,119.2387,374,1,1,2014-11-09,0226,Terra,MODIS,100,6.2,304.3,122.1,D,0
-20.8577,119.2758,331.1,1,1,2014-11-09,0226,Terra,MODIS,32,6.2,308.6,11.7,D,0
-20.8627,119.2444,336.9,1,1,2014-11-09,0226,Terra,MODIS,76,6.2,310,15.8,D,0
-20.8641,119.2544,346.7,1,1,2014-11-09,0226,Terra,MODIS,89,6.2,310.6,34.6,D,0
-20.8719,119.2429,362.4,1,1,2014-11-09,0226,Terra,MODIS,100,6.2,309.8,75.2,D,0
-20.8733,119.2529,358,1,1,2014-11-09,0226,Terra,MODIS,98,6.2,310.2,63.9,D,0
-20.8747,119.263,356.4,1,1,2014-11-09,0226,Terra,MODIS,97,6.2,307.5,62.8,D,0
-20.8811,119.2415,409.2,1,1,2014-11-09,0226,Terra,MODIS,100,6.2,313.5,310.6,D,0
-20.8839,119.2615,334.6,1,1,2014-11-09,0226,Terra,MODIS,72,6.2,305.2,18.8,D,0
-20.8825,119.2515,385.6,1,1,2014-11-09,0226,Terra,MODIS,100,6.2,310.1,168.4,D,0
-21.2593,118.6671,337,1,1,2014-11-09,0226,Terra,MODIS,77,6.2,313.7,17.6,D,0
-21.267,118.6559,346,1,1,2014-11-09,0226,Terra,MODIS,88,6.2,312.6,34,D,0
-21.2684,118.6657,340.3,1,1,2014-11-09,0226,Terra,MODIS,82,6.2,313.1,22.8,D,0
-21.276,118.6545,356.7,1,1,2014-11-09,0226,Terra,MODIS,97,6.2,311.4,58.1,D,0
-21.2774,118.6642,339.9,1,1,2014-11-09,0226,Terra,MODIS,81,6.2,312.2,22.3,D,0
-22.0195,120.7282,338.3,1.2,1.1,2014-11-09,0226,Terra,MODIS,83,6.2,304.7,27.2,D,0
-21.8662,120.7204,338.9,1.2,1.1,2014-11-09,0226,Terra,MODIS,83,6.2,307.9,29.1,D,0
-21.8632,120.6967,334.5,1.2,1.1,2014-11-09,0226,Terra,MODIS,78,6.2,308.2,19.3,D,0
-21.8563,120.7218,331.4,1.2,1.1,2014-11-09,0226,Terra,MODIS,52,6.2,306.8,15.8,D,0
-21.8548,120.71,339.4,1.2,1.1,2014-11-09,0226,Terra,MODIS,84,6.2,307.6,31.1,D,0
-22.0405,120.7314,409.5,1.2,1.1,2014-11-09,0226,Terra,MODIS,0,6.2,288,404.5,D,0
-22.039,120.7195,364.5,1.2,1.1,2014-11-09,0226,Terra,MODIS,75,6.2,294.3,109.8,D,0
-22.0321,120.7447,346,1.2,1.1,2014-11-09,0226,Terra,MODIS,78,6.2,302.5,49.6,D,0
-22.0306,120.7328,397.1,1.2,1.1,2014-11-09,0226,Terra,MODIS,94,6.2,309.1,296.4,D,0
-22.0221,120.7461,358.1,1.2,1.1,2014-11-09,0226,Terra,MODIS,98,6.2,305.1,86.8,D,0
-22.0206,120.7342,366.2,1.2,1.1,2014-11-09,0226,Terra,MODIS,100,6.2,304.5,115.2,D,0
-22.0011,120.7429,331.6,1.2,1.1,2014-11-09,0226,Terra,MODIS,73,6.2,307.2,14.3,D,0
-22.0027,120.7549,330.4,1.2,1.1,2014-11-09,0226,Terra,MODIS,51,6.2,307.2,12.1,D,0
-22.0111,120.7415,365.9,1.2,1.1,2014-11-09,0226,Terra,MODIS,100,6.2,307.7,113.3,D,0
-22.0126,120.7534,350,1.2,1.1,2014-11-09,0226,Terra,MODIS,93,6.2,306.3,57.8,D,0
-22.021,120.74,388,1.2,1.1,2014-11-09,0226,Terra,MODIS,100,6.2,307.5,230.3,D,0
-21.9279,120.6448,332.8,1.2,1.1,2014-11-09,0226,Terra,MODIS,75,6.2,307.1,17.5,D,0
-21.9264,120.633,341.3,1.2,1.1,2014-11-09,0226,Terra,MODIS,86,6.2,307.8,34.8,D,0
-23.925,120.5979,344.4,1.3,1.1,2014-11-09,0226,Terra,MODIS,79,6.2,310.6,45.1,D,0
-23.9603,120.5609,340.1,1.3,1.1,2014-11-09,0226,Terra,MODIS,60,6.2,310,32.7,D,0
-23.9331,120.5903,340.3,1.3,1.1,2014-11-09,0226,Terra,MODIS,66,6.2,314.7,30.8,D,0
-23.9619,120.5734,382.4,1.3,1.1,2014-11-09,0226,Terra,MODIS,94,6.2,312.3,204,D,0
-23.9634,120.586,412.3,1.3,1.1,2014-11-09,0226,Terra,MODIS,94,6.2,315.9,450.4,D,0
-23.5536,121.0537,338.3,1.3,1.1,2014-11-09,0226,Terra,MODIS,81,6.2,297.4,37.2,D,0
-23.272,120.9923,336.1,1.3,1.1,2014-11-09,0226,Terra,MODIS,78,6.2,310.9,23.8,D,0
-23.9447,120.6015,348.7,1.3,1.1,2014-11-09,0226,Terra,MODIS,71,6.2,311.7,56.5,D,0
-23.972,120.572,341.5,1.3,1.1,2014-11-09,0226,Terra,MODIS,0,6.2,288,38.8,D,0
-23.9346,120.6029,350.4,1.3,1.1,2014-11-09,0226,Terra,MODIS,93,6.2,313.4,62.1,D,0
-23.2736,121.0052,379.5,1.3,1.1,2014-11-09,0226,Terra,MODIS,100,6.2,313.5,196.8,D,0
-23.9432,120.5889,347.3,1.3,1.1,2014-11-09,0226,Terra,MODIS,91,6.2,312.9,49.2,D,0
-20.7341,120.3906,334.8,1.1,1.1,2014-11-09,0226,Terra,MODIS,58,6.2,308.4,20.2,D,0
-21.2494,120.6742,334.4,1.2,1.1,2014-11-09,0226,Terra,MODIS,72,6.2,307.1,21.2,D,0
-20.7317,120.4472,335.3,1.2,1.1,2014-11-09,0226,Terra,MODIS,62,6.2,307.7,19.4,D,0
-21.2691,120.6713,335.1,1.2,1.1,2014-11-09,0226,Terra,MODIS,76,6.2,306.4,21.6,D,0
-21.3804,121.6983,331,1.4,1.2,2014-11-09,0226,Terra,MODIS,56,6.2,308.3,12.1,D,0
-21.2706,120.6828,343.9,1.2,1.1,2014-11-09,0226,Terra,MODIS,87,6.2,306.8,41.5,D,0
-21.2804,120.6814,342.8,1.2,1.1,2014-11-09,0226,Terra,MODIS,86,6.2,306.6,38,D,0
-21.2819,120.6928,340.9,1.2,1.1,2014-11-09,0226,Terra,MODIS,84,6.2,305.3,35,D,0
-21.2826,120.6869,346.6,1.2,1.1,2014-11-09,0226,Terra,MODIS,90,6.2,306.3,48.1,D,0
-20.7355,120.4016,341.2,1.2,1.1,2014-11-09,0226,Terra,MODIS,82,6.2,309.8,31.4,D,0
-21.285,120.6277,338,1.2,1.1,2014-11-09,0226,Terra,MODIS,80,6.2,305.2,30,D,0
-20.7437,120.3892,348.6,1.1,1.1,2014-11-09,0226,Terra,MODIS,91,6.2,308.1,48.5,D,0
-21.2865,120.6392,371,1.2,1.1,2014-11-09,0226,Terra,MODIS,100,6.2,309,133,D,0
-20.6118,120.0191,401.7,1.1,1,2014-11-09,0226,Terra,MODIS,100,6.2,311.8,279.7,D,0
-21.3061,120.6363,397.5,1.2,1.1,2014-11-09,0226,Terra,MODIS,94,6.2,300.8,292.6,D,0
-21.2002,120.3017,335.1,1.2,1.1,2014-11-09,0226,Terra,MODIS,65,6.2,309,17.3,D,0
-21.1593,120.3641,332.3,1.2,1.1,2014-11-09,0226,Terra,MODIS,48,6.2,306.9,14.3,D,0
-21.2607,120.6842,333.8,1.2,1.1,2014-11-09,0226,Terra,MODIS,72,6.2,306.8,21.2,D,0
-24.976,121.9101,399.1,1.6,1.2,2014-11-09,0227,Terra,MODIS,100,6.2,314.3,451.8,D,0
-24.9182,121.9016,335.1,1.6,1.2,2014-11-09,0227,Terra,MODIS,40,6.2,311.7,26.2,D,0
-24.9778,121.9259,364.5,1.6,1.2,2014-11-09,0227,Terra,MODIS,100,6.2,303.1,161.6,D,0
-24.7885,118.8817,340.7,1.1,1,2014-11-09,0227,Terra,MODIS,78,6.2,313.3,25.2,D,0
-24.9666,121.9274,339.5,1.6,1.2,2014-11-09,0227,Terra,MODIS,43,6.2,308.3,49.4,D,0
-24.79,118.8924,334.4,1.1,1,2014-11-09,0227,Terra,MODIS,42,6.2,315.4,13.2,D,0
-30.3199,125.1163,329.8,3.1,1.7,2014-11-09,0228,Terra,MODIS,73,6.2,313.3,59.2,D,0
-30.2809,123.3552,326.3,2.3,1.5,2014-11-09,0228,Terra,MODIS,65,6.2,309.1,37.8,D,0
-33.36,115.6779,318.6,1,1,2014-11-09,0229,Terra,MODIS,21,6.2,305.7,6.1,D,0
-31.8568,115.8954,322.9,1,1,2014-11-09,0229,Terra,MODIS,38,6.2,306,4.3,D,0
-31.8583,115.9061,322.6,1,1,2014-11-09,0229,Terra,MODIS,24,6.2,306,3.8,D,0
-31.9091,115.8133,323.6,1,1,2014-11-09,0229,Terra,MODIS,24,6.2,304.7,9.2,D,0
-32.0628,115.9208,324.7,1,1,2014-11-09,0229,Terra,MODIS,52,6.2,306,6,D,2
-31.9529,115.9256,322.1,1,1,2014-11-09,0229,Terra,MODIS,42,6.2,305.9,5.4,D,0
-32.0704,115.9083,324,1,1,2014-11-09,0229,Terra,MODIS,30,6.2,305.7,5.3,D,0
-31.7922,115.8261,322.5,1,1,2014-11-09,0229,Terra,MODIS,19,6.2,306.6,5,D,0
-33.3539,147.7739,337.5,2.8,1.6,2014-11-09,0329,Aqua,MODIS,86,6.2,312.6,105.7,D,0
-32.5157,152.1365,318.6,1.4,1.2,2014-11-09,0329,Aqua,MODIS,62,6.2,298,20.6,D,0
-32.5174,152.1208,323.5,1.4,1.2,2014-11-09,0329,Aqua,MODIS,72,6.2,300,27.8,D,0
-33.3517,147.8048,337.8,2.8,1.6,2014-11-09,0329,Aqua,MODIS,86,6.2,309.9,107.8,D,0
-27.7364,152.3943,326.3,1.2,1.1,2014-11-09,0330,Aqua,MODIS,50,6.2,304.6,15.9,D,0
-27.3192,152.9749,324.3,1.1,1.1,2014-11-09,0330,Aqua,MODIS,37,6.2,305.8,9.7,D,0
-24.9076,148.6834,328.4,1.9,1.4,2014-11-09,0331,Aqua,MODIS,10,6.2,300,39,D,0
-23.764,150.6649,345.7,1.4,1.2,2014-11-09,0331,Aqua,MODIS,91,6.2,312.6,60.6,D,0
-23.7535,150.6634,336.4,1.4,1.2,2014-11-09,0331,Aqua,MODIS,83,6.2,311.5,34,D,0
-25.5909,150.9193,328.2,1.4,1.2,2014-11-09,0331,Aqua,MODIS,48,6.2,313.2,11.1,D,0
-26.4261,150.6065,333.3,1.5,1.2,2014-11-09,0331,Aqua,MODIS,75,6.2,308.4,36.1,D,0
-23.5246,150.5589,332.2,1.4,1.2,2014-11-09,0331,Aqua,MODIS,77,6.2,310.6,26.3,D,0
-23.5262,150.5454,345.5,1.4,1.2,2014-11-09,0331,Aqua,MODIS,90,6.2,311.1,60.1,D,0
-24.9302,148.0848,325.6,2.1,1.4,2014-11-09,0331,Aqua,MODIS,64,6.2,293.8,55.2,D,0
-25.5958,150.9266,330,1.4,1.2,2014-11-09,0331,Aqua,MODIS,52,6.2,312.8,13.5,D,0
-24.8118,147.9748,340.7,2.2,1.4,2014-11-09,0331,Aqua,MODIS,87,6.2,295.3,113.5,D,0
-24.8106,147.9898,333.4,2.2,1.4,2014-11-09,0331,Aqua,MODIS,51,6.2,297.5,75.4,D,0
-24.8128,147.9678,329.6,2.2,1.4,2014-11-09,0331,Aqua,MODIS,48,6.2,292.8,62.2,D,0
-23.0739,150.1422,340.7,1.4,1.2,2014-11-09,0331,Aqua,MODIS,87,6.2,315.5,49.4,D,0
-24.1407,149.0587,326.1,1.8,1.3,2014-11-09,0331,Aqua,MODIS,61,6.2,308.5,27.8,D,0
-24.1289,149.0574,351.4,1.8,1.3,2014-11-09,0331,Aqua,MODIS,95,6.2,308.4,121.8,D,0
-24.1308,149.0402,345.5,1.8,1.3,2014-11-09,0331,Aqua,MODIS,90,6.2,307.7,93.7,D,0
-24.4191,151.3757,324.1,1.3,1.1,2014-11-09,0331,Aqua,MODIS,36,6.2,306.5,12.9,D,0
-24.7293,148.0219,326.8,2.1,1.4,2014-11-09,0331,Aqua,MODIS,67,6.2,295.5,53.8,D,0
-24.7308,148.0171,323.1,2.1,1.4,2014-11-09,0331,Aqua,MODIS,43,6.2,294.5,42.5,D,0
-24.4837,151.6795,324.7,1.2,1.1,2014-11-09,0331,Aqua,MODIS,62,6.2,305.4,15.4,D,0
-23.7656,150.6514,324.6,1.4,1.2,2014-11-09,0331,Aqua,MODIS,53,6.2,309.5,9.9,D,0
-22.9474,149.8498,335.6,1.5,1.2,2014-11-09,0331,Aqua,MODIS,82,6.2,310.2,43.9,D,0
-22.9491,149.8358,337.6,1.5,1.2,2014-11-09,0331,Aqua,MODIS,84,6.2,309.2,50,D,0
-22.9365,149.8482,341.6,1.5,1.2,2014-11-09,0331,Aqua,MODIS,88,6.2,311.2,61,D,0
-22.9382,149.8339,334.7,1.5,1.2,2014-11-09,0331,Aqua,MODIS,81,6.2,308.1,41.3,D,0
-22.0319,149.2003,323.5,1.6,1.3,2014-11-09,0332,Aqua,MODIS,30,6.2,299.3,21.8,D,0
-22.7508,149.781,330.5,1.5,1.2,2014-11-09,0332,Aqua,MODIS,33,6.2,311.3,26.4,D,0
-22.7348,149.8237,345.3,1.5,1.2,2014-11-09,0332,Aqua,MODIS,91,6.2,309.6,67.7,D,0
-22.7365,149.8089,334.8,1.5,1.2,2014-11-09,0332,Aqua,MODIS,49,6.2,310.7,34,D,0
-16.9524,142.9823,326.4,4,1.9,2014-11-09,0333,Aqua,MODIS,40,6.2,304.7,57.1,D,0
-16.9484,142.9771,326.7,4,1.9,2014-11-09,0333,Aqua,MODIS,53,6.2,304.6,63.3,D,0
-19.4478,142.5715,330.4,4.6,2,2014-11-09,0333,Aqua,MODIS,65,6.2,306.7,91.3,D,0
-16.9561,142.9446,328.3,4,1.9,2014-11-09,0333,Aqua,MODIS,60,6.2,305.4,67.7,D,0
-19.3382,142.4108,327.1,4.7,2,2014-11-09,0333,Aqua,MODIS,70,6.2,304.8,77.1,D,0
-16.9523,142.9394,325.7,4,1.9,2014-11-09,0333,Aqua,MODIS,25,6.2,304.9,47.9,D,0
-19.5753,142.9839,326.1,4.3,1.9,2014-11-09,0333,Aqua,MODIS,49,6.2,301.4,74.1,D,0
-19.449,142.5682,330,4.6,2,2014-11-09,0333,Aqua,MODIS,71,6.2,306.6,91.6,D,0
-17.2,142.6738,350.7,4.3,1.9,2014-11-09,0333,Aqua,MODIS,94,6.2,305.5,396.1,D,0
-17.1963,142.7137,332.8,4.2,1.9,2014-11-09,0333,Aqua,MODIS,73,6.2,305.5,129.7,D,0
-17.2135,142.7155,325.6,4.2,1.9,2014-11-09,0333,Aqua,MODIS,20,6.2,305.8,57.5,D,0
-17.2727,142.6407,334.5,4.3,1.9,2014-11-09,0333,Aqua,MODIS,66,6.2,303.7,160.2,D,0
-17.2689,142.6809,331.9,4.3,1.9,2014-11-09,0333,Aqua,MODIS,53,6.2,306.4,117.4,D,0
-17.2105,142.7077,328.8,4.2,1.9,2014-11-09,0333,Aqua,MODIS,65,6.2,306,91.9,D,0
-17.1973,142.666,346.2,4.3,1.9,2014-11-09,0333,Aqua,MODIS,91,6.2,304.8,327,D,0
-17.1934,142.706,338.1,4.2,1.9,2014-11-09,0333,Aqua,MODIS,85,6.2,305.3,198.8,D,0
-19.574,142.98,324,4.3,1.9,2014-11-09,0333,Aqua,MODIS,46,6.2,301.5,54.6,D,0
-18.1119,143.7644,328.8,3.6,1.8,2014-11-09,0333,Aqua,MODIS,44,6.2,307.2,64.8,D,0
-18.1195,143.77,328.4,3.6,1.8,2014-11-09,0333,Aqua,MODIS,50,6.2,307.9,64.6,D,0
-15.1265,143.0724,326,3.7,1.8,2014-11-09,0334,Aqua,MODIS,58,6.2,306.6,44.9,D,0
-15.1199,143.0672,332.1,3.7,1.8,2014-11-09,0334,Aqua,MODIS,79,6.2,305.9,94.3,D,0
-15.1102,143.0706,329.5,3.7,1.8,2014-11-09,0334,Aqua,MODIS,75,6.2,305.3,70.8,D,0
-12.6205,143.0285,334,3.5,1.8,2014-11-09,0334,Aqua,MODIS,85,6.2,299.1,155,D,0
-15.2572,144.976,326.3,2.7,1.6,2014-11-09,0334,Aqua,MODIS,71,6.2,299.7,70.4,D,0
-15.2458,144.9489,328.9,2.7,1.6,2014-11-09,0334,Aqua,MODIS,75,6.2,300.6,78.4,D,0
-15.2431,144.9739,329.7,2.7,1.6,2014-11-09,0334,Aqua,MODIS,77,6.2,301.9,84,D,0
-15.2536,144.9703,341.2,2.7,1.6,2014-11-09,0334,Aqua,MODIS,88,6.2,301.9,156.5,D,0
-15.2565,144.945,321.2,2.7,1.6,2014-11-09,0334,Aqua,MODIS,49,6.2,301.8,42.9,D,0
-13.865,141.8509,324.5,4.4,1.9,2014-11-09,0334,Aqua,MODIS,34,6.2,303.8,84.7,D,0
-15.0367,145.031,324.8,2.6,1.6,2014-11-09,0334,Aqua,MODIS,43,6.2,295.7,61.3,D,0
-14.0112,141.6628,326,4.6,2,2014-11-09,0334,Aqua,MODIS,32,6.2,301.2,100.4,D,0
-12.7663,142.3223,326.3,3.9,1.8,2014-11-09,0334,Aqua,MODIS,61,6.2,303.9,73.9,D,0
-15.034,145.0552,322.9,2.6,1.6,2014-11-09,0334,Aqua,MODIS,33,6.2,295,51.6,D,0
-14.7357,141.9676,325.5,4.5,1.9,2014-11-09,0334,Aqua,MODIS,70,6.2,305.7,92.8,D,0
-13.7992,141.8021,323.4,4.5,1.9,2014-11-09,0334,Aqua,MODIS,56,6.2,302.8,65.3,D,0
-14.082,141.8516,339.4,4.5,1.9,2014-11-09,0334,Aqua,MODIS,89,6.2,303.5,269.9,D,0
-12.7552,142.3288,353.5,3.9,1.8,2014-11-09,0334,Aqua,MODIS,97,6.2,304.7,412.3,D,0
-13.79,141.7168,322.3,4.5,2,2014-11-09,0334,Aqua,MODIS,42,6.2,301.4,61.3,D,0
-13.8605,141.7244,348.8,4.5,2,2014-11-09,0334,Aqua,MODIS,95,6.2,300.9,416,D,0
-14.059,141.8831,321.4,4.4,1.9,2014-11-09,0334,Aqua,MODIS,74,6.2,303,72.9,D,0
-14.0604,141.8909,319.4,4.4,1.9,2014-11-09,0334,Aqua,MODIS,37,6.2,303.1,50.4,D,0
-14.0634,141.842,320.8,4.5,1.9,2014-11-09,0334,Aqua,MODIS,69,6.2,301.4,70.7,D,0
-14.0645,141.8498,324.9,4.5,1.9,2014-11-09,0334,Aqua,MODIS,76,6.2,301.7,103.3,D,0
-14.0765,141.885,330.3,4.4,1.9,2014-11-09,0334,Aqua,MODIS,78,6.2,304.6,149.2,D,0
-14.0778,141.8928,324.5,4.4,1.9,2014-11-09,0334,Aqua,MODIS,60,6.2,304.6,89,D,0
-12.5855,143.0565,326.3,3.4,1.7,2014-11-09,0334,Aqua,MODIS,31,6.2,296.8,93.2,D,0
-12.9185,143.4857,310.7,3.2,1.7,2014-11-09,0334,Aqua,MODIS,0,6.2,289.7,30.8,D,0
-13.7858,141.7587,326,4.5,2,2014-11-09,0334,Aqua,MODIS,74,6.2,302.9,94.5,D,0
-13.7858,141.7547,327.3,4.5,2,2014-11-09,0334,Aqua,MODIS,80,6.2,302.8,107.4,D,0
-12.617,143.0598,325.2,3.4,1.7,2014-11-09,0334,Aqua,MODIS,48,6.2,299,86.4,D,0
-14.0147,141.6237,334,4.6,2,2014-11-09,0334,Aqua,MODIS,62,6.2,302.8,187.8,D,0
-14.6875,144.4951,331.2,2.9,1.6,2014-11-09,0334,Aqua,MODIS,75,6.2,299.5,96.2,D,0
-13.8609,141.7323,358,4.5,2,2014-11-09,0334,Aqua,MODIS,99,6.2,301.6,599,D,0
-12.759,142.2924,337.9,4,1.9,2014-11-09,0334,Aqua,MODIS,89,6.2,303.5,198.2,D,0
-14.6952,144.449,324.1,2.9,1.6,2014-11-09,0334,Aqua,MODIS,49,6.2,296.9,52.8,D,0
-14.6923,144.4757,343.3,2.9,1.6,2014-11-09,0334,Aqua,MODIS,89,6.2,297.7,184.3,D,0
-12.7538,142.2841,324.2,4,1.9,2014-11-09,0334,Aqua,MODIS,63,6.2,301.9,65.7,D,0
-14.6937,144.4417,321.3,2.9,1.6,2014-11-09,0334,Aqua,MODIS,27,6.2,296.8,40.8,D,0
-14.6906,144.4685,339.3,2.9,1.6,2014-11-09,0334,Aqua,MODIS,87,6.2,297.2,152.6,D,0
-12.7806,142.4047,322.3,3.9,1.8,2014-11-09,0334,Aqua,MODIS,64,6.2,304.2,51.4,D,0
-13.8562,141.7662,357.6,4.5,2,2014-11-09,0334,Aqua,MODIS,99,6.2,304.5,582.1,D,0
-13.8568,141.7741,347.8,4.5,2,2014-11-09,0334,Aqua,MODIS,94,6.2,304.4,383.7,D,0
-12.7496,142.3204,358.2,3.9,1.8,2014-11-09,0334,Aqua,MODIS,99,6.2,303.9,496.9,D,0
-14.7009,144.6638,320,2.8,1.6,2014-11-09,0334,Aqua,MODIS,17,6.2,298.4,39.1,D,0
-13.8744,141.7762,327.1,4.5,2,2014-11-09,0334,Aqua,MODIS,43,6.2,302.1,98.2,D,0
-14.5816,144.5045,318.3,2.8,1.6,2014-11-09,0334,Aqua,MODIS,11,6.2,298.4,25.7,D,0
-13.8703,141.8177,349.5,4.5,1.9,2014-11-09,0334,Aqua,MODIS,95,6.2,304.5,423.8,D,0
-13.8693,141.8097,349.7,4.5,1.9,2014-11-09,0334,Aqua,MODIS,95,6.2,304.7,422.7,D,0
-13.799,141.7981,324.6,4.5,1.9,2014-11-09,0334,Aqua,MODIS,76,6.2,302.8,78.3,D,0
-13.8034,141.7606,324.5,4.5,2,2014-11-09,0334,Aqua,MODIS,67,6.2,301,81.6,D,0
-13.8034,141.7566,323.3,4.5,2,2014-11-09,0334,Aqua,MODIS,62,6.2,300.9,72.2,D,0
-12.6364,143.0301,327.4,3.5,1.8,2014-11-09,0334,Aqua,MODIS,80,6.2,296.8,104.4,D,0
-13.9802,141.6163,324.3,4.6,2,2014-11-09,0334,Aqua,MODIS,43,6.2,303,89.7,D,0
-14.0158,141.62,333.6,4.6,2,2014-11-09,0334,Aqua,MODIS,77,6.2,302.8,187.2,D,0
-14.081,141.8438,335.4,4.5,1.9,2014-11-09,0334,Aqua,MODIS,76,6.2,302.8,215,D,0
-12.7718,142.3306,325,3.9,1.8,2014-11-09,0334,Aqua,MODIS,70,6.2,303.6,64.7,D,0
-14.7212,144.6133,323.5,2.8,1.6,2014-11-09,0334,Aqua,MODIS,21,6.2,300.2,54.6,D,0
-12.751,142.8202,342.4,3.6,1.8,2014-11-09,0334,Aqua,MODIS,91,6.2,302.7,249,D,0
-15.0498,145.0863,337,2.6,1.6,2014-11-09,0334,Aqua,MODIS,64,6.2,299.2,120.9,D,0
-15.0452,145.0809,333.7,2.6,1.6,2014-11-09,0334,Aqua,MODIS,61,6.2,299.3,104.3,D,0
-14.8221,141.6307,324,4.7,2,2014-11-09,0334,Aqua,MODIS,42,6.2,306.5,76.2,D,0
-12.7472,142.8535,325.1,3.6,1.8,2014-11-09,0334,Aqua,MODIS,78,6.2,300.6,93.5,D,0
-14.7347,141.9598,327,4.5,1.9,2014-11-09,0334,Aqua,MODIS,74,6.2,305.9,105.9,D,0
-14.8188,141.6668,324.7,4.7,2,2014-11-09,0334,Aqua,MODIS,65,6.2,305.9,87.7,D,0
-14.8178,141.6747,322.3,4.7,2,2014-11-09,0334,Aqua,MODIS,46,6.2,305.8,62.6,D,0
-12.8623,143.2959,323.8,3.3,1.7,2014-11-09,0334,Aqua,MODIS,77,6.2,297.3,95.5,D,0
-12.8509,143.2872,319.8,3.3,1.7,2014-11-09,0334,Aqua,MODIS,43,6.2,296.2,67.1,D,0
-14.7183,144.6391,326.6,2.8,1.6,2014-11-09,0334,Aqua,MODIS,45,6.2,300.7,69.8,D,0
-12.5579,142.7859,318.4,3.6,1.8,2014-11-09,0335,Aqua,MODIS,69,6.2,300.4,42.4,D,0
-12.5517,142.9845,332.7,3.5,1.8,2014-11-09,0335,Aqua,MODIS,85,6.2,298.9,154.6,D,0
-12.3527,142.9103,321.5,3.5,1.8,2014-11-09,0335,Aqua,MODIS,74,6.2,299.2,73.4,D,0
-12.0246,142.4139,345.2,3.8,1.8,2014-11-09,0335,Aqua,MODIS,93,6.2,304,292.5,D,0
-12.5761,143.0508,325.5,3.4,1.7,2014-11-09,0335,Aqua,MODIS,56,6.2,294.3,90.1,D,0
-12.5918,143.0528,327.2,3.4,1.7,2014-11-09,0335,Aqua,MODIS,50,6.2,298.7,102,D,0
-12.0136,142.4401,325.2,3.8,1.8,2014-11-09,0335,Aqua,MODIS,78,6.2,303.9,86.9,D,0
-12.0284,142.3789,322,3.8,1.8,2014-11-09,0335,Aqua,MODIS,60,6.2,302.6,63.2,D,0
-12.0177,142.4055,338.2,3.8,1.8,2014-11-09,0335,Aqua,MODIS,89,6.2,303,208.8,D,0
-12.034,142.4078,325.7,3.8,1.8,2014-11-09,0335,Aqua,MODIS,79,6.2,302,94.3,D,0
-11.1206,142.4225,317.3,3.7,1.8,2014-11-09,0335,Aqua,MODIS,68,6.2,291.3,60.1,D,0
-28.8513,142.5177,348.6,4,1.9,2014-11-09,0508,Aqua,MODIS,92,6.2,315.2,300.4,D,0
-28.8535,142.5234,350.8,4,1.9,2014-11-09,0508,Aqua,MODIS,93,6.2,315.1,334.2,D,0
-30.2849,123.3136,353.4,2.5,1.5,2014-11-09,0508,Aqua,MODIS,96,6.2,310.6,203.7,D,0
-30.2904,123.3337,338.5,2.5,1.5,2014-11-09,0508,Aqua,MODIS,84,6.2,310.9,93.6,D,0
-30.2765,123.3323,385.2,2.5,1.5,2014-11-09,0508,Aqua,MODIS,100,6.2,317.1,605.3,D,0
-30.2788,123.3059,331,2.5,1.5,2014-11-09,0508,Aqua,MODIS,74,6.2,310.5,54.1,D,0
-30.2828,123.34,379.8,2.5,1.5,2014-11-09,0508,Aqua,MODIS,100,6.2,316.4,516.2,D,0
-30.2689,123.3385,333,2.5,1.5,2014-11-09,0508,Aqua,MODIS,77,6.2,312.7,60.4,D,0
-30.2743,123.3587,333.6,2.5,1.5,2014-11-09,0508,Aqua,MODIS,78,6.2,312.9,62.3,D,0
-30.3185,125.1131,337.5,1.9,1.3,2014-11-09,0508,Aqua,MODIS,79,6.2,317.6,42.7,D,0
-30.377,125.0671,332.3,1.9,1.3,2014-11-09,0508,Aqua,MODIS,73,6.2,316.3,19.5,D,0
-30.3165,125.1329,335.6,1.9,1.3,2014-11-09,0508,Aqua,MODIS,68,6.2,317.8,34.6,D,0
-30.312,125.0992,334.3,1.9,1.3,2014-11-09,0508,Aqua,MODIS,62,6.2,315.8,30.6,D,0
-30.3224,125.1206,340.9,1.9,1.3,2014-11-09,0508,Aqua,MODIS,85,6.2,319.4,54.9,D,0
-25.8116,131.2374,357.4,1,1,2014-11-09,0509,Aqua,MODIS,98,6.2,300.1,66.5,D,0
-28.4904,122.0963,334.3,2.9,1.6,2014-11-09,0509,Aqua,MODIS,54,6.2,305.6,97.2,D,0
-28.4901,122.1006,332.3,2.9,1.6,2014-11-09,0509,Aqua,MODIS,28,6.2,305,83.2,D,0
-29.0589,128.5695,342.4,1.1,1.1,2014-11-09,0509,Aqua,MODIS,83,6.2,323,26.8,D,0
-29.0536,128.5324,333.6,1.2,1.1,2014-11-09,0509,Aqua,MODIS,59,6.2,320,11.7,D,0
-28.9543,130.3537,333.4,1,1,2014-11-09,0509,Aqua,MODIS,64,6.2,321.3,9.3,D,0
-29.0603,128.5576,345.9,1.2,1.1,2014-11-09,0509,Aqua,MODIS,88,6.2,324.9,35.1,D,0
-29.3655,124.835,358.3,1.9,1.4,2014-11-09,0509,Aqua,MODIS,99,6.2,316.9,161.2,D,0
-29.3674,124.8151,345.6,1.9,1.4,2014-11-09,0509,Aqua,MODIS,89,6.2,315.1,87.4,D,0
-24.8171,118.8528,346.7,4.5,1.9,2014-11-09,0510,Aqua,MODIS,80,6.2,297.4,357.9,D,0
-24.7999,118.8477,344,4.5,1.9,2014-11-09,0510,Aqua,MODIS,85,6.2,299,311,D,0
-24.8176,118.8487,345.4,4.5,1.9,2014-11-09,0510,Aqua,MODIS,79,6.2,297.8,331.1,D,0
-24.7994,118.8518,345.4,4.5,1.9,2014-11-09,0510,Aqua,MODIS,86,6.2,298.9,336.4,D,0
-19.6745,130.1135,347,1,1,2014-11-09,0511,Aqua,MODIS,86,6.2,318.2,26.3,D,0
-18.2168,129.7003,343.3,1,1,2014-11-09,0511,Aqua,MODIS,23,6.2,323.8,16.4,D,0
-18.2303,129.6728,415.6,1,1,2014-11-09,0511,Aqua,MODIS,100,6.2,333.9,347.1,D,0
-19.5589,130.0171,358.6,1,1,2014-11-09,0511,Aqua,MODIS,60,6.2,289.9,64.6,D,0
-19.58,130.0007,363,1,1,2014-11-09,0511,Aqua,MODIS,82,6.2,306.4,70.5,D,0
-18.2408,129.6647,407.6,1,1,2014-11-09,0511,Aqua,MODIS,87,6.2,319.4,290.3,D,0
-18.2317,129.6632,396.1,1,1,2014-11-09,0511,Aqua,MODIS,100,6.2,321.9,215.1,D,0
-18.2183,129.6906,365.1,1,1,2014-11-09,0511,Aqua,MODIS,100,6.2,326,70.2,D,0
-19.5786,130.0104,356.5,1,1,2014-11-09,0511,Aqua,MODIS,77,6.2,314.5,50.5,D,0
-18.2394,129.6743,398.6,1,1,2014-11-09,0511,Aqua,MODIS,94,6.2,318.8,229.3,D,0
-18.2197,129.681,355.1,1,1,2014-11-09,0511,Aqua,MODIS,88,6.2,322.4,44.2,D,0
-19.6759,130.1037,358.2,1,1,2014-11-09,0511,Aqua,MODIS,98,6.2,320.4,52.5,D,0
-18.2274,129.6921,356,1,1,2014-11-09,0511,Aqua,MODIS,85,6.2,327.1,43.3,D,0
-19.5604,130.0074,398.7,1,1,2014-11-09,0511,Aqua,MODIS,0,6.2,297.8,232.6,D,0
-19.5695,130.0089,421.5,1,1,2014-11-09,0511,Aqua,MODIS,94,6.2,326.1,399,D,0
-18.2288,129.6825,371.7,1,1,2014-11-09,0511,Aqua,MODIS,94,6.2,328.5,94.3,D,0
-19.5709,129.9992,382.3,1,1,2014-11-09,0511,Aqua,MODIS,75,6.2,295.5,145.1,D,0
-18.0679,135.5288,338.7,2.3,1.5,2014-11-09,0511,Aqua,MODIS,82,6.2,310.1,65.4,D,0
-17.7257,135.4568,338.9,2.3,1.5,2014-11-09,0511,Aqua,MODIS,82,6.2,305.5,86,D,0
-17.7514,135.4446,330.4,2.3,1.5,2014-11-09,0511,Aqua,MODIS,47,6.2,300.8,49.3,D,0
-20.8843,119.2114,334.6,3.8,1.8,2014-11-09,0511,Aqua,MODIS,80,6.2,302.5,125,D,0
-21.2976,118.6163,343.9,4.3,1.9,2014-11-09,0511,Aqua,MODIS,90,6.2,300.2,268.6,D,0
-21.2951,118.6087,335.2,4.3,1.9,2014-11-09,0511,Aqua,MODIS,81,6.2,300.2,151.2,D,0
-19.4839,128.773,351.9,1,1,2014-11-09,0511,Aqua,MODIS,93,6.2,320.8,43.3,D,0
-21.0674,118.977,338.4,4,1.9,2014-11-09,0511,Aqua,MODIS,84,6.2,297.1,190.5,D,0
-17.7214,135.4607,350.7,2.3,1.5,2014-11-09,0511,Aqua,MODIS,93,6.2,305.9,161.3,D,0
-17.7219,135.4782,331.8,2.3,1.5,2014-11-09,0511,Aqua,MODIS,64,6.2,306.4,48.3,D,0
-20.8909,119.2191,338.4,3.8,1.8,2014-11-09,0511,Aqua,MODIS,85,6.2,302.4,169.3,D,0
-18.1066,135.5198,331.2,2.3,1.5,2014-11-09,0511,Aqua,MODIS,22,6.2,308.9,29.5,D,0
-18.0766,135.5357,333,2.3,1.5,2014-11-09,0511,Aqua,MODIS,47,6.2,309.6,35.1,D,0
-18.0805,135.5146,334.4,2.3,1.5,2014-11-09,0511,Aqua,MODIS,68,6.2,308.7,39.8,D,0
-18.1591,138.3069,331.6,3.6,1.8,2014-11-09,0511,Aqua,MODIS,67,6.2,299.3,97.7,D,0
-20.8811,119.2479,330.1,3.8,1.8,2014-11-09,0511,Aqua,MODIS,74,6.2,302.1,86.9,D,0
-21.2944,118.6577,342.2,4.2,1.9,2014-11-09,0511,Aqua,MODIS,88,6.2,299.8,248,D,0
-21.2916,118.65,349.5,4.2,1.9,2014-11-09,0511,Aqua,MODIS,93,6.2,299.8,358.3,D,0
-19.6865,130.0954,355.7,1,1,2014-11-09,0511,Aqua,MODIS,97,6.2,320.2,46,D,0
-19.6986,130.0774,394.4,1,1,2014-11-09,0511,Aqua,MODIS,100,6.2,322.5,202.7,D,0
-19.7015,130.0579,469.6,1,1,2014-11-09,0511,Aqua,MODIS,75,6.2,331.8,1017.9,D,0
-19.7,130.0676,469.4,1,1,2014-11-09,0511,Aqua,MODIS,100,6.2,340.5,1015.8,D,0
-19.5891,130.0022,481.6,1,1,2014-11-09,0511,Aqua,MODIS,100,6.2,400.1,1239.3,D,0
-19.6742,130.0532,342.4,1,1,2014-11-09,0511,Aqua,MODIS,58,6.2,312.1,29.1,D,0
-19.5877,130.012,363.6,1,1,2014-11-09,0511,Aqua,MODIS,100,6.2,316.3,70.3,D,0
-19.6833,130.0547,433.9,1,1,2014-11-09,0511,Aqua,MODIS,94,6.2,327.6,526.1,D,0
-19.5906,129.9925,363,1,1,2014-11-09,0511,Aqua,MODIS,81,6.2,315.1,79.1,D,0
-18.6626,131.1756,351.1,1.2,1.1,2014-11-09,0511,Aqua,MODIS,68,6.2,313.6,55.5,D,0
-19.6909,130.0661,382.2,1,1,2014-11-09,0511,Aqua,MODIS,100,6.2,318.4,140.6,D,0
-19.688,130.0856,345.1,1,1,2014-11-09,0511,Aqua,MODIS,55,6.2,322.2,21.7,D,0
-19.6971,130.0872,384.3,1,1,2014-11-09,0511,Aqua,MODIS,100,6.2,321,149.5,D,0
-19.6924,130.0563,407.6,1,1,2014-11-09,0511,Aqua,MODIS,87,6.2,319.8,291.6,D,0
-19.6818,130.0645,367,1,1,2014-11-09,0511,Aqua,MODIS,100,6.2,318.8,85.8,D,0
-20.3136,121.2682,350,2.6,1.6,2014-11-09,0511,Aqua,MODIS,92,6.2,301.7,195.4,D,0
-20.6248,120.5572,325.6,3,1.6,2014-11-09,0511,Aqua,MODIS,43,6.2,296.2,64.7,D,0
-20.7319,120.3906,339,3.1,1.7,2014-11-09,0511,Aqua,MODIS,85,6.2,299.1,124.8,D,0
-20.7446,120.3967,341.5,3.1,1.7,2014-11-09,0511,Aqua,MODIS,87,6.2,301.6,154,D,0
-19.4934,122.0614,345.9,2.2,1.4,2014-11-09,0511,Aqua,MODIS,90,6.2,310.3,111.4,D,0
-19.457,128.7687,345.8,1,1,2014-11-09,0511,Aqua,MODIS,47,6.2,314.2,31.6,D,0
-19.4911,122.0827,349.8,2.2,1.4,2014-11-09,0511,Aqua,MODIS,93,6.2,306.8,129.8,D,0
-19.4722,128.7905,362,1,1,2014-11-09,0511,Aqua,MODIS,100,6.2,320.8,65.5,D,0
-18.7554,138.5565,353.3,3.7,1.8,2014-11-09,0511,Aqua,MODIS,95,6.2,302.8,344.6,D,0
-18.7394,138.553,377.9,3.7,1.8,2014-11-09,0511,Aqua,MODIS,100,6.2,300.1,840.7,D,0
-18.7808,137.874,348.7,3.3,1.7,2014-11-09,0511,Aqua,MODIS,92,6.2,304.1,246.5,D,0
-18.7656,137.8706,326.6,3.3,1.7,2014-11-09,0511,Aqua,MODIS,29,6.2,303.5,55.1,D,0
-18.8016,137.9188,335.5,3.3,1.7,2014-11-09,0511,Aqua,MODIS,76,6.2,301.2,117.2,D,0
-18.7314,138.5434,327.8,3.7,1.8,2014-11-09,0511,Aqua,MODIS,38,6.2,291.6,54.5,D,0
-18.7901,137.9081,352.9,3.3,1.7,2014-11-09,0511,Aqua,MODIS,95,6.2,301.8,297.2,D,0
-18.7862,138.6045,337.4,3.7,1.8,2014-11-09,0511,Aqua,MODIS,74,6.2,303,153.1,D,0
-18.7804,138.5987,330.5,3.7,1.8,2014-11-09,0511,Aqua,MODIS,50,6.2,302.9,86,D,0
-18.7708,137.8671,327.9,3.3,1.7,2014-11-09,0511,Aqua,MODIS,57,6.2,303.9,65.3,D,0
-18.7649,137.8979,331.3,3.3,1.7,2014-11-09,0511,Aqua,MODIS,68,6.2,302.5,84.8,D,0
-18.8078,137.8881,327.9,3.3,1.7,2014-11-09,0511,Aqua,MODIS,49,6.2,300.6,64.6,D,0
-18.8053,137.9115,335.5,3.3,1.7,2014-11-09,0511,Aqua,MODIS,77,6.2,300.9,118,D,0
-18.7748,137.9047,360.5,3.3,1.7,2014-11-09,0511,Aqua,MODIS,100,6.2,302.9,401.5,D,0
-18.7965,138.6023,330.7,3.7,1.8,2014-11-09,0511,Aqua,MODIS,53,6.2,302.1,90.7,D,0
-15.4275,135.8826,329.6,2.7,1.6,2014-11-09,0512,Aqua,MODIS,58,6.2,305.5,62.3,D,0
-15.4295,135.8881,329.6,2.7,1.6,2014-11-09,0512,Aqua,MODIS,60,6.2,305.5,62,D,0
-14.1339,134.9922,361,2.5,1.5,2014-11-09,0512,Aqua,MODIS,100,6.2,308.8,273.7,D,0
-13.7392,135.4939,334.5,2.8,1.6,2014-11-09,0512,Aqua,MODIS,72,6.2,310.2,69.5,D,0
-14.1722,135.3396,343.3,2.6,1.6,2014-11-09,0512,Aqua,MODIS,86,6.2,308.5,130.4,D,0
-14.168,135.3639,332.6,2.7,1.6,2014-11-09,0512,Aqua,MODIS,66,6.2,307.8,61.4,D,0
-14.1775,135.3483,340.8,2.6,1.6,2014-11-09,0512,Aqua,MODIS,84,6.2,308.3,112.4,D,0
-14.1731,135.3725,326.9,2.7,1.6,2014-11-09,0512,Aqua,MODIS,30,6.2,306.7,34.2,D,0
-14.1635,135.3456,328.5,2.6,1.6,2014-11-09,0512,Aqua,MODIS,45,6.2,306.6,37.5,D,0
-13.8363,134.3055,331.3,2.2,1.4,2014-11-09,0512,Aqua,MODIS,53,6.2,309.4,30.7,D,0
-13.9904,134.0982,332.4,2.1,1.4,2014-11-09,0512,Aqua,MODIS,30,6.2,308,37.5,D,0
-13.9038,134.1358,342.4,2.2,1.4,2014-11-09,0512,Aqua,MODIS,85,6.2,309,78.8,D,0
-13.9939,134.0786,351.1,2.1,1.4,2014-11-09,0512,Aqua,MODIS,93,6.2,310.2,136.8,D,0
-13.9974,134.059,335.2,2.1,1.4,2014-11-09,0512,Aqua,MODIS,55,6.2,308.3,52.4,D,0
-13.9936,134.0714,350.1,2.1,1.4,2014-11-09,0512,Aqua,MODIS,93,6.2,309.6,128.5,D,0
-13.9072,134.1162,349.7,2.2,1.4,2014-11-09,0512,Aqua,MODIS,92,6.2,307.3,122.9,D,0
-13.9057,134.1307,343.6,2.2,1.4,2014-11-09,0512,Aqua,MODIS,87,6.2,309.4,91.6,D,0
-13.909,134.1111,333,2.2,1.4,2014-11-09,0512,Aqua,MODIS,48,6.2,305.8,36.6,D,0
-14.0915,134.9556,337.5,2.5,1.5,2014-11-09,0512,Aqua,MODIS,68,6.2,305.5,87.8,D,0
-14.0644,134.9501,335.6,2.5,1.5,2014-11-09,0512,Aqua,MODIS,51,6.2,308.5,74.3,D,0
-14.196,134.9572,338.7,2.5,1.5,2014-11-09,0512,Aqua,MODIS,76,6.2,307.4,95,D,0
-14.2239,135.0884,331.5,2.5,1.5,2014-11-09,0512,Aqua,MODIS,25,6.2,307.7,42,D,0
-14.2062,135.1087,328.5,2.5,1.5,2014-11-09,0512,Aqua,MODIS,29,6.2,307.7,26.8,D,0
-13.953,134.0039,339.2,2.1,1.4,2014-11-09,0512,Aqua,MODIS,76,6.2,304,70.2,D,0
-14.1204,134.9894,336.7,2.5,1.5,2014-11-09,0512,Aqua,MODIS,69,6.2,306.7,84.9,D,0
-14.1068,134.9868,354,2.5,1.5,2014-11-09,0512,Aqua,MODIS,96,6.2,306.7,207.8,D,0
-14.1106,135.0065,347.8,2.5,1.5,2014-11-09,0512,Aqua,MODIS,91,6.2,311.5,142.7,D,0
-14.097,135.0038,358.1,2.5,1.5,2014-11-09,0512,Aqua,MODIS,98,6.2,307.1,225.7,D,0
-14.101,134.981,344.7,2.5,1.5,2014-11-09,0512,Aqua,MODIS,74,6.2,305.8,126.7,D,0
-14.105,134.9583,339.3,2.5,1.5,2014-11-09,0512,Aqua,MODIS,77,6.2,303.3,101,D,0
-13.7639,134.2631,344.5,2.2,1.4,2014-11-09,0512,Aqua,MODIS,88,6.2,311.7,98.7,D,0
-13.7673,134.2429,344.5,2.2,1.4,2014-11-09,0512,Aqua,MODIS,88,6.2,311,100.1,D,0
-13.9222,134.0327,361.6,2.1,1.4,2014-11-09,0512,Aqua,MODIS,100,6.2,309,212,D,0
-13.9189,134.0522,330,2.1,1.4,2014-11-09,0512,Aqua,MODIS,28,6.2,308,25.7,D,0
-13.921,134.0379,348.1,2.1,1.4,2014-11-09,0512,Aqua,MODIS,91,6.2,308.1,116.1,D,0
-14.1311,135.0867,335.6,2.5,1.5,2014-11-09,0512,Aqua,MODIS,76,6.2,310.1,53.3,D,0
-14.122,135.1039,332.8,2.5,1.5,2014-11-09,0512,Aqua,MODIS,70,6.2,310.9,34.9,D,0
-14.1818,135.3239,356.8,2.6,1.6,2014-11-09,0512,Aqua,MODIS,97,6.2,309.8,247.8,D,0
-14.1862,135.2998,345.9,2.6,1.6,2014-11-09,0512,Aqua,MODIS,89,6.2,303.5,149.4,D,0
-14.1679,135.3213,372.7,2.6,1.6,2014-11-09,0512,Aqua,MODIS,100,6.2,305.6,443,D,0
-14.1723,135.2972,357.9,2.6,1.6,2014-11-09,0512,Aqua,MODIS,98,6.2,300.8,260.5,D,0
-14.1765,135.3151,382.6,2.6,1.6,2014-11-09,0512,Aqua,MODIS,100,6.2,311.5,604.3,D,0
-14.1806,135.2912,336.2,2.6,1.6,2014-11-09,0512,Aqua,MODIS,77,6.2,301.7,85.2,D,0
-13.9176,134.0574,331.8,2.1,1.4,2014-11-09,0512,Aqua,MODIS,53,6.2,307.5,31.7,D,0
-13.9496,134.0231,336.1,2.1,1.4,2014-11-09,0512,Aqua,MODIS,33,6.2,306.5,52.4,D,0
-13.9656,134.0062,340.1,2.1,1.4,2014-11-09,0512,Aqua,MODIS,79,6.2,305.7,74,D,0
-13.9683,134.0666,333.1,2.1,1.4,2014-11-09,0512,Aqua,MODIS,62,6.2,308.1,28.2,D,0
-13.9875,134.0301,334.1,2.1,1.4,2014-11-09,0512,Aqua,MODIS,50,6.2,309,43.2,D,0
-13.9843,134.0495,333.7,2.1,1.4,2014-11-09,0512,Aqua,MODIS,42,6.2,307.7,36.6,D,0
-13.9776,134.0887,335.2,2.1,1.4,2014-11-09,0512,Aqua,MODIS,74,6.2,307,39.2,D,0
-13.7862,134.2889,336.8,2.2,1.4,2014-11-09,0512,Aqua,MODIS,32,6.2,308,47.6,D,0
-14.0686,135.1666,337.7,2.6,1.5,2014-11-09,0512,Aqua,MODIS,80,6.2,310.8,64.3,D,0
-14.0731,135.1725,337.5,2.6,1.5,2014-11-09,0512,Aqua,MODIS,79,6.2,311.1,62.7,D,0
-14.0178,135.1326,333,2.6,1.5,2014-11-09,0512,Aqua,MODIS,54,6.2,307.9,47.4,D,0
-13.7603,134.2837,339,2.2,1.4,2014-11-09,0512,Aqua,MODIS,76,6.2,309.4,66.9,D,0
-13.7568,134.3044,348.1,2.2,1.5,2014-11-09,0512,Aqua,MODIS,91,6.2,310,118.1,D,0
-13.7827,134.3094,336.4,2.2,1.5,2014-11-09,0512,Aqua,MODIS,59,6.2,310.9,43,D,0
-13.7792,134.3301,338.7,2.3,1.5,2014-11-09,0512,Aqua,MODIS,66,6.2,311.5,57.4,D,0
-14.0058,135.0744,336,2.5,1.5,2014-11-09,0512,Aqua,MODIS,70,6.2,307.7,66.9,D,0
-14.0002,135.0255,332.4,2.5,1.5,2014-11-09,0512,Aqua,MODIS,50,6.2,306.5,49.2,D,0
-14.0042,135.0027,333.1,2.5,1.5,2014-11-09,0512,Aqua,MODIS,48,6.2,306.2,52.2,D,0
-14.0159,135.5652,328.7,2.8,1.6,2014-11-09,0512,Aqua,MODIS,42,6.2,307.1,39.2,D,0
-14.1882,135.0023,338.1,2.5,1.5,2014-11-09,0512,Aqua,MODIS,62,6.2,308.9,65.4,D,0
-14.1282,134.9859,350.6,2.5,1.5,2014-11-09,0512,Aqua,MODIS,93,6.2,306.7,179.5,D,0
-14.1556,134.949,328.4,2.5,1.5,2014-11-09,0512,Aqua,MODIS,23,6.2,304.1,43.9,D,0
-14.1515,134.9718,356.7,2.5,1.5,2014-11-09,0512,Aqua,MODIS,97,6.2,306.5,229.1,D,0
-14.1474,134.9949,366.8,2.5,1.5,2014-11-09,0512,Aqua,MODIS,100,6.2,309.1,324.9,D,0
-14.165,134.9746,340.7,2.5,1.5,2014-11-09,0512,Aqua,MODIS,63,6.2,309.4,99.1,D,0
-14.161,134.9975,352.4,2.5,1.5,2014-11-09,0512,Aqua,MODIS,94,6.2,311.7,172.4,D,0
-14.1826,134.9544,332.3,2.5,1.5,2014-11-09,0512,Aqua,MODIS,48,6.2,306,62,D,0
-14.0739,134.9758,338.8,2.5,1.5,2014-11-09,0512,Aqua,MODIS,68,6.2,309.5,85.3,D,0
-13.7357,135.4858,333.7,2.8,1.6,2014-11-09,0512,Aqua,MODIS,67,6.2,309.8,66.6,D,0
-13.7402,135.4602,330.4,2.8,1.6,2014-11-09,0512,Aqua,MODIS,50,6.2,310.1,41.7,D,0
-14.2252,135.1607,337,2.5,1.5,2014-11-09,0512,Aqua,MODIS,79,6.2,310.3,67.7,D,0
-14.0332,136.5744,362.6,3.3,1.7,2014-11-09,0512,Aqua,MODIS,100,6.2,300.9,462.7,D,0
-14.0485,136.5775,332.7,3.3,1.7,2014-11-09,0512,Aqua,MODIS,72,6.2,304,113.4,D,0
-14.0489,136.551,327.9,3.3,1.7,2014-11-09,0512,Aqua,MODIS,54,6.2,301.2,75,D,0
-14.0434,136.5807,370.4,3.3,1.7,2014-11-09,0512,Aqua,MODIS,100,6.2,304.2,600.2,D,0
-14.2294,135.1371,340.3,2.5,1.5,2014-11-09,0512,Aqua,MODIS,83,6.2,307.5,87.7,D,0
-13.8945,134.114,343.5,2.2,1.4,2014-11-09,0512,Aqua,MODIS,86,6.2,302.2,92,D,0
-14.2281,135.0653,350.5,2.5,1.5,2014-11-09,0512,Aqua,MODIS,93,6.2,307.4,173.8,D,0
-14.2322,135.0423,335.9,2.5,1.5,2014-11-09,0512,Aqua,MODIS,61,6.2,304.6,76.3,D,0
-14.2091,135.0143,338.7,2.5,1.5,2014-11-09,0512,Aqua,MODIS,62,6.2,307,89.3,D,0
-14.1914,135.0344,342.8,2.5,1.5,2014-11-09,0512,Aqua,MODIS,86,6.2,311.4,101,D,0
-14.2209,135.0563,345.7,2.5,1.5,2014-11-09,0512,Aqua,MODIS,89,6.2,308.3,129,D,0
-14.1977,135.0279,334.7,2.5,1.5,2014-11-09,0512,Aqua,MODIS,41,6.2,309.8,50.3,D,0
-14.1488,135.0663,337.7,2.5,1.5,2014-11-09,0512,Aqua,MODIS,80,6.2,308.8,64.2,D,0
-14.1529,135.0431,335.3,2.5,1.5,2014-11-09,0512,Aqua,MODIS,72,6.2,309.8,50.6,D,0
-14.2132,134.9916,348.4,2.5,1.5,2014-11-09,0512,Aqua,MODIS,91,6.2,306.1,163.8,D,0
-14.2037,134.9664,332.3,2.5,1.5,2014-11-09,0512,Aqua,MODIS,70,6.2,306.5,64.5,D,0
-14.2152,135.0079,339.9,2.5,1.5,2014-11-09,0512,Aqua,MODIS,66,6.2,306.3,94.7,D,0
-14.2191,134.9852,333,2.5,1.5,2014-11-09,0512,Aqua,MODIS,63,6.2,305.6,63.4,D,0
-14.157,135.0201,347.5,2.5,1.5,2014-11-09,0512,Aqua,MODIS,91,6.2,312,131.1,D,0
-14.1434,135.0177,347.5,2.5,1.5,2014-11-09,0512,Aqua,MODIS,90,6.2,309.5,133.4,D,0
-14.1298,135.0152,341.7,2.5,1.5,2014-11-09,0512,Aqua,MODIS,75,6.2,310.3,102.6,D,0
-14.1162,135.0127,336.7,2.5,1.5,2014-11-09,0512,Aqua,MODIS,62,6.2,310.1,73.6,D,0
-14.0984,135.0331,342.5,2.5,1.5,2014-11-09,0512,Aqua,MODIS,86,6.2,309.3,97,D,0
-14.1026,135.01,365.5,2.5,1.5,2014-11-09,0512,Aqua,MODIS,100,6.2,309.9,312.5,D,0
-14.1242,135.0092,350.6,2.5,1.5,2014-11-09,0512,Aqua,MODIS,93,6.2,310.6,169.7,D,0
-14.1066,135.0297,347.8,2.5,1.5,2014-11-09,0512,Aqua,MODIS,91,6.2,309.5,135.1,D,0
-15.8332,130.8783,332.1,1.2,1.1,2014-11-09,0512,Aqua,MODIS,25,6.2,303.7,19.9,D,0
-16.8255,129.2166,339.3,1,1,2014-11-09,0512,Aqua,MODIS,63,6.2,311,24.2,D,0
-15.9507,129.8972,332.9,1.1,1,2014-11-09,0512,Aqua,MODIS,18,6.2,310.4,14.4,D,0
-15.4273,130.9749,346.1,1.2,1.1,2014-11-09,0512,Aqua,MODIS,68,6.2,304.2,47.8,D,0
-15.8465,129.3629,346.6,1,1,2014-11-09,0512,Aqua,MODIS,89,6.2,311.2,38.6,D,0
-15.4055,129.301,329,1,1,2014-11-09,0512,Aqua,MODIS,39,6.2,304.8,9.6,D,0
-17.0562,126.5438,333,1.1,1,2014-11-09,0512,Aqua,MODIS,76,6.2,305.3,16.5,D,0
-17.0576,126.5335,331.9,1.1,1,2014-11-09,0512,Aqua,MODIS,63,6.2,309.4,14.3,D,0
-17.0469,126.5424,331.3,1.1,1,2014-11-09,0512,Aqua,MODIS,53,6.2,308.2,15.3,D,0
-15.4946,129.9365,356.6,1.1,1,2014-11-09,0512,Aqua,MODIS,97,6.2,313.2,58.5,D,0
-15.4931,129.9467,341.9,1.1,1,2014-11-09,0512,Aqua,MODIS,85,6.2,312.7,23,D,0
-15.5284,130.5995,367.2,1.2,1.1,2014-11-09,0512,Aqua,MODIS,100,6.2,302.9,111.5,D,0
-15.5188,130.5979,359.6,1.2,1.1,2014-11-09,0512,Aqua,MODIS,99,6.2,309.2,84.6,D,0
-15.9491,129.9072,334.7,1.1,1,2014-11-09,0512,Aqua,MODIS,46,6.2,308.9,16.1,D,0
-15.5091,130.5963,356.9,1.2,1.1,2014-11-09,0512,Aqua,MODIS,98,6.2,314.8,77.8,D,0
-15.5108,130.5854,369,1.2,1.1,2014-11-09,0512,Aqua,MODIS,94,6.2,310.8,121.9,D,0
-15.3706,131.0122,361.2,1.2,1.1,2014-11-09,0512,Aqua,MODIS,98,6.2,305.4,95.4,D,0
-15.3724,131.0007,367.4,1.2,1.1,2014-11-09,0512,Aqua,MODIS,98,6.2,309,121.7,D,0
-15.3625,130.999,354.4,1.2,1.1,2014-11-09,0512,Aqua,MODIS,96,6.2,302.2,74.5,D,0
-15.3643,130.9876,360.5,1.2,1.1,2014-11-09,0512,Aqua,MODIS,94,6.2,302.7,95.4,D,0
-15.4994,130.5947,394.4,1.2,1.1,2014-11-09,0512,Aqua,MODIS,100,6.2,317,259.1,D,0
-15.5011,130.5839,396.3,1.2,1.1,2014-11-09,0512,Aqua,MODIS,100,6.2,314.9,272,D,0
-15.4953,130.5984,356.4,1.2,1.1,2014-11-09,0512,Aqua,MODIS,85,6.2,305,76.6,D,0
-15.4969,130.5876,389.8,1.2,1.1,2014-11-09,0512,Aqua,MODIS,87,6.2,316.2,229.6,D,0
-15.49,129.967,335.7,1.1,1,2014-11-09,0512,Aqua,MODIS,48,6.2,312.6,12.2,D,0
-15.8779,129.9002,335.9,1.1,1,2014-11-09,0512,Aqua,MODIS,50,6.2,311.8,15.8,D,0
-15.8764,129.9102,337.9,1.1,1,2014-11-09,0512,Aqua,MODIS,39,6.2,311.1,19.6,D,0
-15.8824,129.9065,344,1.1,1,2014-11-09,0512,Aqua,MODIS,86,6.2,309.3,33.7,D,0
-15.3662,130.9762,352.7,1.2,1.1,2014-11-09,0512,Aqua,MODIS,89,6.2,297.7,71.2,D,0
-15.2594,128.8545,333.7,1,1,2014-11-09,0512,Aqua,MODIS,51,6.2,308.8,13,D,0
-15.4885,129.9771,342.5,1.1,1,2014-11-09,0512,Aqua,MODIS,83,6.2,309.1,26.7,D,0
-15.6575,124.5593,330.7,1.3,1.1,2014-11-09,0512,Aqua,MODIS,41,6.2,306.4,23.5,D,0
-15.6559,124.5715,332.9,1.3,1.1,2014-11-09,0512,Aqua,MODIS,58,6.2,306.4,28.4,D,0
-15.8297,130.9007,333.5,1.2,1.1,2014-11-09,0512,Aqua,MODIS,58,6.2,310.7,16.1,D,0
-15.8314,130.8895,363.7,1.2,1.1,2014-11-09,0512,Aqua,MODIS,100,6.2,310.8,103.1,D,0
-15.8199,130.899,334.2,1.2,1.1,2014-11-09,0512,Aqua,MODIS,34,6.2,310.7,17.7,D,0
-15.8217,130.8878,343.6,1.2,1.1,2014-11-09,0512,Aqua,MODIS,74,6.2,310.4,41.4,D,0
-15.8235,130.8766,355.2,1.2,1.1,2014-11-09,0512,Aqua,MODIS,91,6.2,305,75.3,D,0
-15.8203,130.8808,344,1.2,1.1,2014-11-09,0512,Aqua,MODIS,79,6.2,308.9,40.7,D,0
-15.8071,130.9015,337.2,1.2,1.1,2014-11-09,0512,Aqua,MODIS,57,6.2,311.3,25.2,D,0
-15.8105,130.8791,350.7,1.2,1.1,2014-11-09,0512,Aqua,MODIS,93,6.2,311.2,58.1,D,0
-15.7892,130.8871,341.2,1.2,1.1,2014-11-09,0512,Aqua,MODIS,77,6.2,313.5,30.7,D,0
-15.7909,130.8759,338.1,1.2,1.1,2014-11-09,0512,Aqua,MODIS,42,6.2,314,23.8,D,0
-15.5375,127.495,339.6,1,1,2014-11-09,0512,Aqua,MODIS,53,6.2,312.1,24.2,D,0
-15.5388,127.4857,341.3,1,1,2014-11-09,0512,Aqua,MODIS,77,6.2,310,28.9,D,0
-15.2817,128.829,334.8,1,1,2014-11-09,0512,Aqua,MODIS,70,6.2,307.9,17.8,D,0
-15.281,128.8967,340.2,1,1,2014-11-09,0512,Aqua,MODIS,79,6.2,308.9,25.7,D,0
-15.4502,127.8518,346.7,1,1,2014-11-09,0512,Aqua,MODIS,90,6.2,311.9,32.2,D,0
-15.4489,127.8611,369.5,1,1,2014-11-09,0512,Aqua,MODIS,100,6.2,314.9,90.8,D,0
-15.4579,127.8624,340.1,1,1,2014-11-09,0512,Aqua,MODIS,84,6.2,313.6,20.1,D,0
-15.2698,128.8465,333.8,1,1,2014-11-09,0512,Aqua,MODIS,42,6.2,309.9,12.2,D,0
-17.2135,128.8905,354.3,1,1,2014-11-09,0512,Aqua,MODIS,96,6.2,317.4,45.3,D,0
-15.2712,128.8371,333.5,1,1,2014-11-09,0512,Aqua,MODIS,45,6.2,309.3,13.5,D,0
-16.1442,129.3965,337.6,1,1,2014-11-09,0512,Aqua,MODIS,52,6.2,309.8,18.6,D,0
-16.1352,129.4089,345.1,1,1,2014-11-09,0512,Aqua,MODIS,68,6.2,309.1,36.5,D,0
-16.1366,129.3992,342.5,1,1,2014-11-09,0512,Aqua,MODIS,73,6.2,312.7,29.6,D,0
-16.126,129.4074,366.7,1,1,2014-11-09,0512,Aqua,MODIS,94,6.2,300.5,91.9,D,0
-16.1275,129.3977,362.8,1,1,2014-11-09,0512,Aqua,MODIS,100,6.2,314,78.5,D,0
-16.1346,129.3495,353.1,1,1,2014-11-09,0512,Aqua,MODIS,93,6.2,314.1,55.8,D,0
-16.136,129.3399,346,1,1,2014-11-09,0512,Aqua,MODIS,80,6.2,311.6,41,D,0
-16.1183,129.3962,343.1,1,1,2014-11-09,0512,Aqua,MODIS,78,6.2,311.3,29.8,D,0
-15.8,130.7534,341,1.2,1.1,2014-11-09,0512,Aqua,MODIS,64,6.2,311.7,26.2,D,0
-15.8827,130.8185,335.6,1.2,1.1,2014-11-09,0512,Aqua,MODIS,44,6.2,311.1,20.5,D,0
-16.8055,128.0878,342.2,1,1,2014-11-09,0512,Aqua,MODIS,78,6.2,313.9,24.6,D,0
-16.8042,128.0971,359.9,1,1,2014-11-09,0512,Aqua,MODIS,99,6.2,315.7,62.6,D,0
-15.8373,129.3613,341,1,1,2014-11-09,0512,Aqua,MODIS,83,6.2,309.7,27.6,D,0
-15.8359,129.371,342.1,1,1,2014-11-09,0512,Aqua,MODIS,84,6.2,309.9,30,D,0
-15.8493,129.3436,335,1,1,2014-11-09,0512,Aqua,MODIS,73,6.2,304.1,18.4,D,0
-16.8028,128.1065,338.7,1,1,2014-11-09,0512,Aqua,MODIS,82,6.2,313.5,16.8,D,0
-16.8131,128.0985,337.4,1,1,2014-11-09,0512,Aqua,MODIS,71,6.2,309.4,16.3,D,0
-17.2179,129.0523,352.9,1,1,2014-11-09,0512,Aqua,MODIS,72,6.2,321.3,45.7,D,0
-17.2296,128.9094,369.2,1,1,2014-11-09,0512,Aqua,MODIS,100,6.2,319.2,84.2,D,0
-17.231,128.9,349.9,1,1,2014-11-09,0512,Aqua,MODIS,92,6.2,319.7,31.2,D,0
-15.5076,130.9257,343.7,1.2,1.1,2014-11-09,0512,Aqua,MODIS,75,6.2,303.2,43.9,D,0
-15.5059,130.9365,345.8,1.2,1.1,2014-11-09,0512,Aqua,MODIS,84,6.2,301.6,49.9,D,0
-15.4412,130.9608,340.2,1.2,1.1,2014-11-09,0512,Aqua,MODIS,35,6.2,300.4,38.7,D,0
-15.4476,127.8703,342.4,1,1,2014-11-09,0512,Aqua,MODIS,86,6.2,315.4,21.8,D,0
-15.8571,129.3548,360.4,1,1,2014-11-09,0512,Aqua,MODIS,100,6.2,309.6,73.8,D,0
-15.8479,129.3532,392.3,1,1,2014-11-09,0512,Aqua,MODIS,100,6.2,312.8,203.2,D,0
-15.3959,130.9812,363.2,1.2,1.1,2014-11-09,0512,Aqua,MODIS,93,6.2,304.2,104.4,D,0
-15.394,130.9927,342.1,1.2,1.1,2014-11-09,0512,Aqua,MODIS,74,6.2,294.9,37.8,D,0
-15.4075,130.9716,349.2,1.2,1.1,2014-11-09,0512,Aqua,MODIS,92,6.2,298.4,61.4,D,0
-15.9336,129.884,359.7,1.1,1,2014-11-09,0512,Aqua,MODIS,99,6.2,311.1,75.5,D,0
-15.0182,127.3319,348.8,1,1,2014-11-09,0512,Aqua,MODIS,84,6.2,311.5,40.9,D,0
-15.4174,130.9732,351.1,1.2,1.1,2014-11-09,0512,Aqua,MODIS,94,6.2,303.3,65,D,0
-15.4291,130.9636,339.4,1.2,1.1,2014-11-09,0512,Aqua,MODIS,49,6.2,300.5,35.7,D,0
-16.7021,137.3498,325.7,3.3,1.7,2014-11-09,0512,Aqua,MODIS,50,6.2,301,46.9,D,0
-14.3843,134.7747,335.3,2.4,1.5,2014-11-09,0512,Aqua,MODIS,76,6.2,309.6,58.2,D,0
-14.3671,134.7446,340.4,2.4,1.5,2014-11-09,0512,Aqua,MODIS,79,6.2,310.4,87.1,D,0
-14.3786,134.7296,347.5,2.3,1.5,2014-11-09,0512,Aqua,MODIS,91,6.2,307.9,138.6,D,0
-17.0289,133.6703,331.7,1.7,1.3,2014-11-09,0512,Aqua,MODIS,38,6.2,301.8,30.4,D,0
-17.0059,133.6091,334.5,1.7,1.3,2014-11-09,0512,Aqua,MODIS,65,6.2,305.6,39.2,D,0
-16.9894,133.7063,350.1,1.8,1.3,2014-11-09,0512,Aqua,MODIS,88,6.2,298.5,106.2,D,0
-16.9922,133.69,336.2,1.8,1.3,2014-11-09,0512,Aqua,MODIS,61,6.2,302.7,44.4,D,0
-16.9778,133.7041,351.8,1.8,1.3,2014-11-09,0512,Aqua,MODIS,89,6.2,304.1,111.5,D,0
-16.9806,133.6878,337.2,1.8,1.3,2014-11-09,0512,Aqua,MODIS,71,6.2,304.8,45.8,D,0
-16.9662,133.702,343.3,1.8,1.3,2014-11-09,0512,Aqua,MODIS,87,6.2,305.6,69.4,D,0
-14.2513,135.0933,349.4,2.5,1.5,2014-11-09,0512,Aqua,MODIS,92,6.2,310,165.4,D,0
-14.2649,135.096,381.6,2.5,1.5,2014-11-09,0512,Aqua,MODIS,100,6.2,310.9,545.8,D,0
-14.2609,135.119,348.1,2.5,1.5,2014-11-09,0512,Aqua,MODIS,91,6.2,309.4,149.6,D,0
-14.2744,135.0788,326.8,2.5,1.5,2014-11-09,0512,Aqua,MODIS,23,6.2,304.5,28.1,D,0
-14.2702,135.1017,367.3,2.5,1.5,2014-11-09,0512,Aqua,MODIS,100,6.2,309,342.3,D,0
-14.266,135.1247,336.3,2.5,1.5,2014-11-09,0512,Aqua,MODIS,61,6.2,307.7,64.1,D,0
-14.2472,135.1162,335.1,2.5,1.5,2014-11-09,0512,Aqua,MODIS,63,6.2,309.7,61.6,D,0
-17.0623,131.9577,345,1.3,1.1,2014-11-09,0512,Aqua,MODIS,83,6.2,305.3,51.9,D,0
-16.8992,133.7005,348.1,1.8,1.3,2014-11-09,0512,Aqua,MODIS,91,6.2,303.9,94.4,D,0
-15.4342,135.863,331.1,2.7,1.6,2014-11-09,0512,Aqua,MODIS,65,6.2,305,70.4,D,0
-17.0726,131.9595,332.6,1.3,1.1,2014-11-09,0512,Aqua,MODIS,48,6.2,306.3,18.3,D,0
-16.4755,132.9302,335.5,1.6,1.2,2014-11-09,0512,Aqua,MODIS,54,6.2,310.8,30.2,D,0
-16.4779,132.9155,346.6,1.6,1.2,2014-11-09,0512,Aqua,MODIS,85,6.2,310.6,69.5,D,0
-14.2538,134.7828,329.6,2.4,1.5,2014-11-09,0512,Aqua,MODIS,25,6.2,307.4,36.6,D,0
-16.0016,135.3667,328.4,2.4,1.5,2014-11-09,0512,Aqua,MODIS,52,6.2,303.4,28.9,D,0
-15.9976,135.3888,343.3,2.4,1.5,2014-11-09,0512,Aqua,MODIS,87,6.2,305.5,110.6,D,0
-15.9706,135.3838,330.1,2.4,1.5,2014-11-09,0512,Aqua,MODIS,40,6.2,305.9,35.6,D,0
-15.9882,135.364,327.8,2.4,1.5,2014-11-09,0512,Aqua,MODIS,51,6.2,304.8,27.8,D,0
-15.9841,135.3862,343,2.4,1.5,2014-11-09,0512,Aqua,MODIS,87,6.2,305.1,109.2,D,0
-15.9761,135.3773,333.6,2.4,1.5,2014-11-09,0512,Aqua,MODIS,72,6.2,306.2,52.4,D,0
-16.003,135.3825,333.7,2.4,1.5,2014-11-09,0512,Aqua,MODIS,73,6.2,303.4,55.1,D,0
-15.972,135.4002,332.9,2.5,1.5,2014-11-09,0512,Aqua,MODIS,71,6.2,306.3,49.4,D,0
-15.9896,135.3798,341.2,2.4,1.5,2014-11-09,0512,Aqua,MODIS,84,6.2,305.9,97.1,D,0
-17.0756,130.8444,343.3,1.2,1.1,2014-11-09,0512,Aqua,MODIS,85,6.2,314,28.8,D,0
-17.0773,130.8336,339.1,1.2,1.1,2014-11-09,0512,Aqua,MODIS,80,6.2,314.5,20.3,D,0
-17.1152,130.8692,339.3,1.2,1.1,2014-11-09,0512,Aqua,MODIS,38,6.2,309.3,24.8,D,0
-17.1107,130.8727,340.1,1.2,1.1,2014-11-09,0512,Aqua,MODIS,57,6.2,310.7,23,D,0
-17.1011,130.871,348.3,1.2,1.1,2014-11-09,0512,Aqua,MODIS,88,6.2,308.5,40,D,0
-17.0847,130.9129,381.2,1.2,1.1,2014-11-09,0512,Aqua,MODIS,100,6.2,317.2,165.8,D,0
-17.0864,130.902,358,1.2,1.1,2014-11-09,0512,Aqua,MODIS,98,6.2,313.4,68.8,D,0
-17.0801,130.8786,340.4,1.2,1.1,2014-11-09,0512,Aqua,MODIS,81,6.2,314.5,24.2,D,0
-17.0818,130.8677,347.7,1.2,1.1,2014-11-09,0512,Aqua,MODIS,90,6.2,316.6,39.3,D,0
-17.0835,130.8569,348.5,1.2,1.1,2014-11-09,0512,Aqua,MODIS,91,6.2,316.4,41.8,D,0
-17.0739,130.8552,335.2,1.2,1.1,2014-11-09,0512,Aqua,MODIS,42,6.2,313.2,13.8,D,0
-16.8937,136.2543,328.3,2.7,1.6,2014-11-09,0512,Aqua,MODIS,42,6.2,300.1,48.8,D,0
-18.1381,127.0804,330.8,1.1,1,2014-11-09,0512,Aqua,MODIS,39,6.2,312.1,7.6,D,0
-14.2628,134.7921,332.7,2.4,1.5,2014-11-09,0512,Aqua,MODIS,70,6.2,308.6,51.4,D,0
-18.2044,127.0089,336.4,1.1,1,2014-11-09,0512,Aqua,MODIS,63,6.2,314.5,15.7,D,0
-18.1965,126.9976,335.6,1.1,1,2014-11-09,0512,Aqua,MODIS,59,6.2,314.5,13.4,D,0
-18.1979,126.9876,337.6,1.1,1,2014-11-09,0512,Aqua,MODIS,72,6.2,313.4,16.9,D,0
-18.1886,126.9862,360.1,1.1,1,2014-11-09,0512,Aqua,MODIS,100,6.2,315,67.8,D,0
-18.1687,126.9936,360,1.1,1,2014-11-09,0512,Aqua,MODIS,99,6.2,314.2,68.7,D,0
-18.1701,126.9835,347.6,1.1,1,2014-11-09,0512,Aqua,MODIS,89,6.2,314.2,36.1,D,0
-18.1594,126.9921,356.7,1.1,1,2014-11-09,0512,Aqua,MODIS,97,6.2,310,63,D,0
-16.7445,133.5257,342,1.7,1.3,2014-11-09,0512,Aqua,MODIS,61,6.2,306.1,67.2,D,0
-14.2801,135.1711,331.5,2.5,1.5,2014-11-09,0512,Aqua,MODIS,55,6.2,307.2,39.6,D,0
-14.2849,135.1766,336.1,2.5,1.5,2014-11-09,0512,Aqua,MODIS,73,6.2,308.2,63.5,D,0
-14.2807,135.2002,346.5,2.6,1.5,2014-11-09,0512,Aqua,MODIS,90,6.2,309,134.6,D,0
-14.2719,135.2182,333.3,2.6,1.5,2014-11-09,0512,Aqua,MODIS,65,6.2,310,48.3,D,0
-14.276,135.1947,354.3,2.6,1.5,2014-11-09,0512,Aqua,MODIS,96,6.2,309.6,201.2,D,0
-14.2669,135.1975,333.3,2.6,1.5,2014-11-09,0512,Aqua,MODIS,55,6.2,310.8,45,D,0
-14.4889,134.1002,337,2.1,1.4,2014-11-09,0512,Aqua,MODIS,79,6.2,309,57.2,D,0
-15.7794,130.8854,339.1,1.2,1.1,2014-11-09,0512,Aqua,MODIS,71,6.2,312.5,26.4,D,0
-15.7812,130.8741,344.1,1.2,1.1,2014-11-09,0512,Aqua,MODIS,86,6.2,312,37.6,D,0
-15.6132,129.9263,331,1.1,1,2014-11-09,0512,Aqua,MODIS,62,6.2,308.1,11.6,D,0
-15.8916,129.8463,335.6,1.1,1,2014-11-09,0512,Aqua,MODIS,52,6.2,311.8,18.4,D,0
-14.2498,135.2921,331.9,2.6,1.6,2014-11-09,0512,Aqua,MODIS,61,6.2,308,50.9,D,0
-14.3616,134.7482,334.1,2.4,1.5,2014-11-09,0512,Aqua,MODIS,55,6.2,309.8,52.7,D,0
-14.3749,134.7507,349.9,2.4,1.5,2014-11-09,0512,Aqua,MODIS,93,6.2,311.1,152.8,D,0
-14.3881,134.7535,330.7,2.4,1.5,2014-11-09,0512,Aqua,MODIS,49,6.2,309,38.5,D,0
-17.7322,123.7608,335.6,1.6,1.2,2014-11-09,0512,Aqua,MODIS,78,6.2,307.2,36,D,0
-15.5111,129.9241,335.3,1.1,1,2014-11-09,0512,Aqua,MODIS,38,6.2,306.9,11.1,D,0
-15.5719,129.9028,336.3,1.1,1,2014-11-09,0512,Aqua,MODIS,73,6.2,309.8,17.8,D,0
-15.5813,129.9043,347.3,1.1,1,2014-11-09,0512,Aqua,MODIS,90,6.2,311.3,40.7,D,0
-17.8282,124.8386,337.5,1.3,1.2,2014-11-09,0512,Aqua,MODIS,78,6.2,304.9,31.5,D,0
-16.8646,129.077,345.7,1,1,2014-11-09,0512,Aqua,MODIS,70,6.2,309.1,30.1,D,0
-17.8402,124.8273,333.8,1.4,1.2,2014-11-09,0512,Aqua,MODIS,68,6.2,306.8,23.8,D,0
-17.8386,124.84,402.3,1.3,1.2,2014-11-09,0512,Aqua,MODIS,100,6.2,314.5,385.3,D,0
-17.837,124.8527,362.8,1.3,1.1,2014-11-09,0512,Aqua,MODIS,100,6.2,307.7,116.6,D,0
-16.8619,129.096,344.7,1,1,2014-11-09,0512,Aqua,MODIS,81,6.2,305.3,31.4,D,0
-16.8681,129.1164,340.7,1,1,2014-11-09,0512,Aqua,MODIS,67,6.2,307,27.3,D,0
-17.849,124.8414,370.3,1.3,1.2,2014-11-09,0512,Aqua,MODIS,100,6.2,311.1,153,D,0
-17.8474,124.8541,369.2,1.3,1.1,2014-11-09,0512,Aqua,MODIS,100,6.2,309.6,146.4,D,0
-17.8593,124.8428,341.3,1.3,1.2,2014-11-09,0512,Aqua,MODIS,84,6.2,309.4,41.2,D,0
-17.8577,124.8555,338.6,1.3,1.1,2014-11-09,0512,Aqua,MODIS,80,6.2,308.4,33.6,D,0
-17.721,123.7593,328.9,1.6,1.2,2014-11-09,0512,Aqua,MODIS,53,6.2,305.3,15.9,D,0
-15.4977,130.6055,334.8,1.2,1.1,2014-11-09,0512,Aqua,MODIS,62,6.2,303.9,23.5,D,0
-14.0078,126.9347,326.1,1,1,2014-11-09,0513,Aqua,MODIS,67,6.2,307.1,9.2,D,0
-14.0135,126.9612,348.1,1,1,2014-11-09,0513,Aqua,MODIS,91,6.2,307.4,41.1,D,0
-14.0148,126.9519,336.2,1,1,2014-11-09,0513,Aqua,MODIS,77,6.2,308.2,20.8,D,0
-14.0051,126.9534,328.8,1,1,2014-11-09,0513,Aqua,MODIS,43,6.2,306.8,9.8,D,0
-14.0065,126.944,328.3,1,1,2014-11-09,0513,Aqua,MODIS,54,6.2,307.9,10.3,D,0
-12.5374,136.2104,327.1,3.3,1.7,2014-11-09,0513,Aqua,MODIS,35,6.2,308.1,54.3,D,0
-13.0834,132.9509,344.7,1.8,1.3,2014-11-09,0513,Aqua,MODIS,89,6.2,304.8,88.2,D,0
-13.4653,133.7771,337.8,2.1,1.4,2014-11-09,0513,Aqua,MODIS,72,6.2,307.9,66.9,D,0
-12.1458,136.2447,331.7,3.4,1.7,2014-11-09,0513,Aqua,MODIS,65,6.2,305.4,94.4,D,0
-13.0805,132.9676,360,1.8,1.3,2014-11-09,0513,Aqua,MODIS,100,6.2,308.8,172,D,0
-13.0742,132.9593,337.7,1.8,1.3,2014-11-09,0513,Aqua,MODIS,79,6.2,304.3,59,D,0
-12.1082,136.2934,327.8,3.4,1.7,2014-11-09,0513,Aqua,MODIS,63,6.2,309.2,68.2,D,0
-12.3267,135.9389,325.7,3.2,1.7,2014-11-09,0513,Aqua,MODIS,50,6.2,305.8,48.5,D,0
-12.4814,136.1686,370.7,3.3,1.7,2014-11-09,0513,Aqua,MODIS,87,6.2,308.3,579,D,0
-13.0861,132.9614,355.5,1.8,1.3,2014-11-09,0513,Aqua,MODIS,97,6.2,305.7,143.2,D,0
-12.3228,135.9431,331.4,3.2,1.7,2014-11-09,0513,Aqua,MODIS,75,6.2,305.5,92,D,0
-13.0833,132.9781,333.8,1.8,1.3,2014-11-09,0513,Aqua,MODIS,76,6.2,303,41.4,D,0
-12.729,136.3297,337.3,3.4,1.7,2014-11-09,0513,Aqua,MODIS,82,6.2,304.7,144.9,D,0
-12.3572,131.6251,333.1,1.5,1.2,2014-11-09,0513,Aqua,MODIS,75,6.2,303.1,32.8,D,0
-12.7175,136.3194,330.1,3.4,1.7,2014-11-09,0513,Aqua,MODIS,72,6.2,303.4,90.5,D,0
-12.3594,131.6113,332.7,1.5,1.2,2014-11-09,0513,Aqua,MODIS,71,6.2,304,33.5,D,0
-12.3269,131.6059,329.7,1.5,1.2,2014-11-09,0513,Aqua,MODIS,64,6.2,305.2,20.6,D,0
-12.3291,131.5922,330,1.5,1.2,2014-11-09,0513,Aqua,MODIS,57,6.2,304.8,22.7,D,0
-12.3161,131.604,332.2,1.5,1.2,2014-11-09,0513,Aqua,MODIS,74,6.2,305.7,27.3,D,0
-12.3763,136.4296,325.7,3.5,1.8,2014-11-09,0513,Aqua,MODIS,55,6.2,306.2,64.9,D,0
-12.369,136.433,324.7,3.5,1.8,2014-11-09,0513,Aqua,MODIS,32,6.2,305.5,52.9,D,0
-13.0951,130.9714,338.1,1.3,1.1,2014-11-09,0513,Aqua,MODIS,46,6.2,303.5,33.1,D,0
-13.3185,133.7259,338.7,2.1,1.4,2014-11-09,0513,Aqua,MODIS,75,6.2,299.7,67.5,D,0
-13.3218,133.707,339.6,2.1,1.4,2014-11-09,0513,Aqua,MODIS,72,6.2,306.3,75.8,D,0
-13.0665,136.2327,325.4,3.2,1.7,2014-11-09,0513,Aqua,MODIS,22,6.2,302.5,61.6,D,0
-13.337,133.7679,345.9,2.1,1.4,2014-11-09,0513,Aqua,MODIS,90,6.2,310.7,92.8,D,0
-12.4868,136.1387,327.4,3.3,1.7,2014-11-09,0513,Aqua,MODIS,34,6.2,309.2,54.1,D,0
-13.3403,133.7489,346.9,2.1,1.4,2014-11-09,0513,Aqua,MODIS,91,6.2,311,95.6,D,0
-12.4851,136.6624,324.8,3.6,1.8,2014-11-09,0513,Aqua,MODIS,58,6.2,302.5,76.5,D,0
-13.3781,133.6783,337,2,1.4,2014-11-09,0513,Aqua,MODIS,58,6.2,303.5,59.3,D,0
-13.3717,133.7157,341.3,2.1,1.4,2014-11-09,0513,Aqua,MODIS,66,6.2,309.5,71.6,D,0
-13.3294,133.7206,368.1,2.1,1.4,2014-11-09,0513,Aqua,MODIS,100,6.2,311.9,263.9,D,0
-13.3813,133.6596,362.2,2,1.4,2014-11-09,0513,Aqua,MODIS,100,6.2,303,218.3,D,0
-13.331,133.728,369.1,2.1,1.4,2014-11-09,0513,Aqua,MODIS,100,6.2,311.6,266.7,D,0
-11.2836,131.1501,334.4,1.5,1.2,2014-11-09,0513,Aqua,MODIS,65,6.2,307,27.3,D,0
-11.2729,131.1483,341.8,1.5,1.2,2014-11-09,0513,Aqua,MODIS,69,6.2,306.2,50.4,D,0
-11.275,131.1351,351.6,1.5,1.2,2014-11-09,0513,Aqua,MODIS,90,6.2,307.8,83.4,D,0
-11.2771,131.122,338.6,1.4,1.2,2014-11-09,0513,Aqua,MODIS,66,6.2,306.6,40.8,D,0
-11.2702,131.1423,332.4,1.5,1.2,2014-11-09,0513,Aqua,MODIS,58,6.2,306.1,27.3,D,0
-11.2722,131.1291,339.2,1.5,1.2,2014-11-09,0513,Aqua,MODIS,75,6.2,307.6,46,D,0
-12.1502,136.2376,332.8,3.4,1.7,2014-11-09,0513,Aqua,MODIS,65,6.2,305.1,102.5,D,0
-12.3183,131.5903,338.2,1.5,1.2,2014-11-09,0513,Aqua,MODIS,82,6.2,307.5,44,D,0
-13.3388,133.7415,336,2.1,1.4,2014-11-09,0513,Aqua,MODIS,50,6.2,310.3,42.4,D,0
-13.3357,133.7606,348.7,2.1,1.4,2014-11-09,0513,Aqua,MODIS,92,6.2,311.4,111.3,D,0
-13.3278,133.7467,351.6,2.1,1.4,2014-11-09,0513,Aqua,MODIS,94,6.2,307.4,129.3,D,0
-13.3263,133.7393,364,2.1,1.4,2014-11-09,0513,Aqua,MODIS,100,6.2,308.1,224.3,D,0
-33.3434,147.8,306.8,1.1,1,2014-11-09,1254,Terra,MODIS,69,6.2,294.2,8.4,N,0
-24.7936,148.005,312.9,1,1,2014-11-09,1256,Terra,MODIS,58,6.2,292.2,10.3,N,0
-24.7845,148.0034,315.6,1,1,2014-11-09,1256,Terra,MODIS,92,6.2,291.3,13.2,N,0
-24.898,148.7228,320.7,1,1,2014-11-09,1256,Terra,MODIS,100,6.2,296.7,17.2,N,0
-24.9134,148.6835,315.9,1,1,2014-11-09,1256,Terra,MODIS,58,6.2,295.4,11.8,N,0
-24.9439,148.7166,320.4,1,1,2014-11-09,1256,Terra,MODIS,54,6.2,296.5,16.2,N,0
-24.8751,148.687,314.3,1,1,2014-11-09,1256,Terra,MODIS,45,6.2,295.6,10.1,N,0
-24.9026,148.6921,327.6,1,1,2014-11-09,1256,Terra,MODIS,72,6.2,297.4,22.5,N,0
-24.6449,148.1979,303.4,1,1,2014-11-09,1256,Terra,MODIS,53,6.2,292.9,4.4,N,0
-24.9562,148.6977,308.3,1,1,2014-11-09,1256,Terra,MODIS,56,6.2,295.3,6.6,N,0
-24.8644,148.6955,323.1,1,1,2014-11-09,1256,Terra,MODIS,100,6.2,296.9,19.3,N,0
-24.8041,147.9966,331,1,1,2014-11-09,1256,Terra,MODIS,100,6.2,294.5,28.6,N,0
-24.866,148.6853,321.4,1,1,2014-11-09,1256,Terra,MODIS,100,6.2,295.5,17.4,N,0
-23.3725,147.846,305.4,1,1,2014-11-09,1256,Terra,MODIS,51,6.2,295.2,4.6,N,0
-23.3619,147.8543,318.9,1,1,2014-11-09,1256,Terra,MODIS,98,6.2,296,15.4,N,0
-23.3634,147.8444,306.4,1,1,2014-11-09,1256,Terra,MODIS,68,6.2,295,5.4,N,0
-24.795,147.9951,325.9,1,1,2014-11-09,1256,Terra,MODIS,100,6.2,293.4,22.7,N,0
-22.7288,149.8171,303.9,1.2,1.1,2014-11-09,1256,Terra,MODIS,21,6.2,290.7,7.5,N,0
-22.7306,149.8054,302.6,1.2,1.1,2014-11-09,1256,Terra,MODIS,4,6.2,290.4,6.3,N,0
-24.8736,148.6973,319.9,1,1,2014-11-09,1256,Terra,MODIS,66,6.2,296.6,15,N,0
-24.0343,148.4698,305.9,1,1,2014-11-09,1256,Terra,MODIS,66,6.2,295.6,5.6,N,0
-24.8341,147.9815,303.1,1,1,2014-11-09,1256,Terra,MODIS,53,6.2,292.7,5,N,0
-24.8161,147.9782,331.9,1,1,2014-11-09,1256,Terra,MODIS,100,6.2,294.6,29.6,N,0
-24.8251,147.9798,328.2,1,1,2014-11-09,1256,Terra,MODIS,100,6.2,294.1,25.8,N,0
-24.872,148.7075,313.1,1,1,2014-11-09,1256,Terra,MODIS,64,6.2,295.6,9.7,N,0
-24.8055,147.9867,320.8,1,1,2014-11-09,1256,Terra,MODIS,72,6.2,293.6,16.5,N,0
-24.8266,147.9699,311.7,1,1,2014-11-09,1256,Terra,MODIS,24,6.2,293.3,9.5,N,0
-24.8935,148.6904,319.5,1,1,2014-11-09,1256,Terra,MODIS,9,6.2,296.3,13.5,N,0
-24.8175,147.9683,320.7,1,1,2014-11-09,1256,Terra,MODIS,77,6.2,293.5,16.8,N,0
-24.8888,148.7211,312.8,1,1,2014-11-09,1256,Terra,MODIS,24,6.2,295.7,9.5,N,0
-24.9042,148.6819,331.5,1,1,2014-11-09,1256,Terra,MODIS,100,6.2,295.8,28.8,N,0
-24.8904,148.7108,320.9,1,1,2014-11-09,1256,Terra,MODIS,34,6.2,296.8,15.6,N,0
-24.8146,147.9882,319,1,1,2014-11-09,1256,Terra,MODIS,52,6.2,293.3,14.7,N,0
-24.254,150.9529,301.6,1.3,1.1,2014-11-09,1256,Terra,MODIS,43,6.2,286.6,8.3,N,0
-24.9071,148.7246,317.6,1,1,2014-11-09,1256,Terra,MODIS,66,6.2,295.9,14,N,0
-24.9455,148.7063,332.5,1,1,2014-11-09,1256,Terra,MODIS,100,6.2,296.7,31.1,N,0
-24.7498,147.9295,302.6,1,1,2014-11-09,1256,Terra,MODIS,50,6.2,291.2,4.8,N,0
-24.7666,147.6885,308.7,1,1,2014-11-09,1256,Terra,MODIS,40,6.2,292,6.7,N,0
-24.9143,148.1249,307.8,1,1,2014-11-09,1256,Terra,MODIS,72,6.2,290.6,7.6,N,0
-24.423,151.3958,305.8,1.4,1.2,2014-11-09,1256,Terra,MODIS,66,6.2,291.3,11.1,N,0
-24.4172,151.3667,304.2,1.4,1.2,2014-11-09,1256,Terra,MODIS,41,6.2,291.6,9.3,N,0
-24.927,148.7177,317.6,1,1,2014-11-09,1256,Terra,MODIS,64,6.2,296.4,14.2,N,0
-24.9332,148.7253,313,1,1,2014-11-09,1256,Terra,MODIS,28,6.2,295.7,10.1,N,0
-24.9471,148.6961,314.5,1,1,2014-11-09,1256,Terra,MODIS,42,6.2,295.6,10.4,N,0
-22.9508,149.8419,303.1,1.2,1.1,2014-11-09,1256,Terra,MODIS,17,6.2,289.7,5.8,N,0
-22.941,149.8402,314.9,1.2,1.1,2014-11-09,1256,Terra,MODIS,90,6.2,292.9,16.7,N,0
-22.9429,149.8283,310.3,1.2,1.1,2014-11-09,1256,Terra,MODIS,57,6.2,291.8,11.7,N,0
-24.9348,148.7149,318.2,1,1,2014-11-09,1256,Terra,MODIS,12,6.2,296.4,13,N,0
-24.0201,149.04,302.5,1.1,1,2014-11-09,1256,Terra,MODIS,50,6.2,291.1,5.2,N,0
-24.9225,148.6852,309.8,1,1,2014-11-09,1256,Terra,MODIS,26,6.2,294.4,7.4,N,0
-23.3679,150.1745,309.2,1.2,1.1,2014-11-09,1256,Terra,MODIS,37,6.2,291,11.1,N,0
-18.8914,146.2155,304.8,1,1,2014-11-09,1257,Terra,MODIS,62,6.2,292.9,6,N,0
-21.6581,141.1326,308.6,1.7,1.3,2014-11-09,1257,Terra,MODIS,72,6.2,297.4,13.3,N,0
-19.0095,146.289,303.8,1,1,2014-11-09,1257,Terra,MODIS,57,6.2,292,5.3,N,0
-20.7485,148.4338,321.1,1.1,1,2014-11-09,1257,Terra,MODIS,100,6.2,290.4,23.1,N,0
-20.7469,148.4442,305.2,1.1,1.1,2014-11-09,1257,Terra,MODIS,63,6.2,289.5,8.9,N,0
-19.4332,142.5592,314.3,1.3,1.1,2014-11-09,1257,Terra,MODIS,88,6.2,298.4,13.9,N,0
-17.1825,142.6601,310.6,1.2,1.1,2014-11-09,1258,Terra,MODIS,80,6.2,297.2,6.6,N,0
-17.1741,142.6474,312.9,1.2,1.1,2014-11-09,1258,Terra,MODIS,76,6.2,294.5,10,N,0
-16.914,136.2653,305.8,3.4,1.7,2014-11-09,1258,Terra,MODIS,61,6.2,295.4,21,N,0
-15.937,145.3345,305.6,1,1,2014-11-09,1258,Terra,MODIS,65,6.2,293.6,6.2,N,0
-17.1829,143.1364,309.8,1.1,1.1,2014-11-09,1258,Terra,MODIS,13,6.2,296.5,6.1,N,0
-17.1854,142.6374,314.5,1.2,1.1,2014-11-09,1258,Terra,MODIS,89,6.2,294.9,11.2,N,0
-17.308,142.7068,323.9,1.2,1.1,2014-11-09,1258,Terra,MODIS,100,6.2,298.2,22.3,N,0
-17.3065,142.7181,338.4,1.2,1.1,2014-11-09,1258,Terra,MODIS,100,6.2,299.3,48,N,0
-17.184,142.6488,322.3,1.2,1.1,2014-11-09,1258,Terra,MODIS,100,6.2,297.3,20.4,N,0
-17.3208,142.6856,308.2,1.2,1.1,2014-11-09,1258,Terra,MODIS,69,6.2,297.6,5.2,N,0
-17.311,142.6842,335,1.2,1.1,2014-11-09,1258,Terra,MODIS,100,6.2,298.8,41,N,0
-17.1869,142.6261,325.1,1.2,1.1,2014-11-09,1258,Terra,MODIS,100,6.2,296.6,25.4,N,0
-17.0773,143.0652,305.6,1.1,1.1,2014-11-09,1258,Terra,MODIS,14,6.2,293.9,4.1,N,0
-17.2953,142.7279,332.7,1.2,1.1,2014-11-09,1258,Terra,MODIS,100,6.2,298.1,36.9,N,0
-17.3095,142.6955,324.8,1.2,1.1,2014-11-09,1258,Terra,MODIS,100,6.2,298.2,23.7,N,0
-17.2967,142.7167,329.7,1.2,1.1,2014-11-09,1258,Terra,MODIS,100,6.2,298,31.4,N,0
-19.1948,142.8328,310.1,1.2,1.1,2014-11-09,1258,Terra,MODIS,38,6.2,297.8,9.5,N,0
-17.2308,143.1433,308.6,1.1,1.1,2014-11-09,1258,Terra,MODIS,75,6.2,296.6,6,N,0
-18.0371,143.6872,313.8,1.1,1,2014-11-09,1258,Terra,MODIS,21,6.2,296.6,9.2,N,0
-15.252,144.9801,317.7,1,1,2014-11-09,1258,Terra,MODIS,95,6.2,293.6,14.3,N,0
-15.2533,144.9709,308.8,1,1,2014-11-09,1258,Terra,MODIS,76,6.2,293.7,7.2,N,0
-18.0653,143.6916,315.8,1.1,1,2014-11-09,1258,Terra,MODIS,92,6.2,296.1,12.4,N,0
-18.0385,143.6768,317.4,1.1,1,2014-11-09,1258,Terra,MODIS,71,6.2,296.7,13.2,N,0
-18.0277,143.6858,312.2,1.1,1,2014-11-09,1258,Terra,MODIS,18,6.2,296.4,8.4,N,0
-18.0209,143.7374,309.9,1.1,1,2014-11-09,1258,Terra,MODIS,78,6.2,295.8,7.4,N,0
-15.2443,144.9695,304.5,1,1,2014-11-09,1258,Terra,MODIS,32,6.2,293.3,4.5,N,0
-18.0559,143.6902,319.6,1.1,1,2014-11-09,1258,Terra,MODIS,80,6.2,296.7,15.1,N,0
-18.0303,143.7389,315.4,1.1,1,2014-11-09,1258,Terra,MODIS,91,6.2,296.5,12,N,0
-14.9069,145.0784,312.9,1,1,2014-11-09,1259,Terra,MODIS,50,6.2,293.6,9.1,N,0
-14.9199,145.0521,309,1,1,2014-11-09,1259,Terra,MODIS,62,6.2,293.6,6.8,N,0
-14.9146,145.0891,305,1,1,2014-11-09,1259,Terra,MODIS,54,6.2,294.3,4.6,N,0
-15.136,143.1038,308.8,1.1,1,2014-11-09,1259,Terra,MODIS,19,6.2,295.5,6.6,N,0
-14.9056,145.0877,317.7,1,1,2014-11-09,1259,Terra,MODIS,96,6.2,294.2,13.6,N,0
-14.9159,145.0798,308.8,1,1,2014-11-09,1259,Terra,MODIS,63,6.2,294.2,6.6,N,0
-15.1105,143.0794,305.4,1.1,1,2014-11-09,1259,Terra,MODIS,14,6.2,295.3,4.5,N,0
-15.1454,143.1052,308.1,1.1,1,2014-11-09,1259,Terra,MODIS,50,6.2,295.4,6.6,N,0
-14.3158,144.5144,308.4,1,1,2014-11-09,1259,Terra,MODIS,74,6.2,295.7,6.7,N,0
-14.9289,145.0535,324.8,1,1,2014-11-09,1259,Terra,MODIS,100,6.2,295,20.5,N,0
-12.3524,142.9023,310.6,1.1,1,2014-11-09,1259,Terra,MODIS,47,6.2,294.5,8.2,N,0
-14.3171,144.5052,313.5,1,1,2014-11-09,1259,Terra,MODIS,87,6.2,295.8,10.6,N,0
-14.7243,144.6168,308.9,1,1,2014-11-09,1259,Terra,MODIS,76,6.2,295.3,7.2,N,0
-15.1058,145.1025,305.1,1,1,2014-11-09,1259,Terra,MODIS,63,6.2,294.4,5,N,0
-14.7088,144.6617,305.5,1,1,2014-11-09,1259,Terra,MODIS,36,6.2,294.8,4.5,N,0
-14.7191,144.6538,312.8,1,1,2014-11-09,1259,Terra,MODIS,85,6.2,294.9,9.8,N,0
-12.5209,142.8929,305.9,1.1,1,2014-11-09,1259,Terra,MODIS,65,6.2,293.9,6.3,N,0
-12.5309,142.8708,307.3,1.1,1,2014-11-09,1259,Terra,MODIS,70,6.2,294.2,6.8,N,0
-15.045,145.0777,307.7,1,1,2014-11-09,1259,Terra,MODIS,32,6.2,294.4,6,N,0
-14.7178,144.6631,307.7,1,1,2014-11-09,1259,Terra,MODIS,44,6.2,294.9,6,N,0
-15.0526,145.0884,304.6,1,1,2014-11-09,1259,Terra,MODIS,25,6.2,293.9,4.3,N,0
-15.0539,145.0791,307,1,1,2014-11-09,1259,Terra,MODIS,57,6.2,293.8,5.8,N,0
-12.5614,142.785,308.3,1.1,1,2014-11-09,1259,Terra,MODIS,74,6.2,294.8,7.7,N,0
-14.7204,144.6446,313.2,1,1,2014-11-09,1259,Terra,MODIS,86,6.2,295,9.8,N,0
-14.193,135.3076,305.8,3.7,1.8,2014-11-09,1259,Terra,MODIS,37,6.2,294.2,36.6,N,0
-14.1837,135.3137,310.2,3.7,1.8,2014-11-09,1259,Terra,MODIS,70,6.2,294.2,56.8,N,0
-14.7217,144.6353,312,1,1,2014-11-09,1259,Terra,MODIS,84,6.2,295.3,9.1,N,0
-12.5627,142.7752,305.9,1.1,1,2014-11-09,1259,Terra,MODIS,66,6.2,294.8,5.9,N,0
-15.0605,145.0329,322.8,1,1,2014-11-09,1259,Terra,MODIS,100,6.2,294.8,18.7,N,0
-15.0592,145.0421,312.1,1,1,2014-11-09,1259,Terra,MODIS,79,6.2,294.5,8.9,N,0
-15.0529,145.0222,306.3,1,1,2014-11-09,1259,Terra,MODIS,16,6.2,293.5,5.2,N,0
-15.0426,145.0301,316.2,1,1,2014-11-09,1259,Terra,MODIS,88,6.2,294.6,11.8,N,0
-15.0207,145.0551,304.7,1,1,2014-11-09,1259,Terra,MODIS,14,6.2,293.9,4.1,N,0
-12.7967,142.4011,305.9,1.1,1.1,2014-11-09,1259,Terra,MODIS,59,6.2,294.3,5.9,N,0
-15.031,145.0472,312.5,1,1,2014-11-09,1259,Terra,MODIS,85,6.2,294.3,8.7,N,0
-13.9164,143.5542,306.7,1,1,2014-11-09,1259,Terra,MODIS,68,6.2,295,5.6,N,0
-14.0161,141.6476,328.4,1.3,1.1,2014-11-09,1259,Terra,MODIS,100,6.2,294.1,35.9,N,0
-14.0146,141.6592,363.6,1.3,1.1,2014-11-09,1259,Terra,MODIS,100,6.2,297.1,133.1,N,0
-14.0101,141.694,322.6,1.3,1.1,2014-11-09,1259,Terra,MODIS,100,6.2,295.6,25.2,N,0
-14.0261,141.649,315.8,1.3,1.1,2014-11-09,1259,Terra,MODIS,92,6.2,294.5,18,N,0
-14.0231,141.6722,349.9,1.3,1.1,2014-11-09,1259,Terra,MODIS,100,6.2,298.2,84.8,N,0
-14.0246,141.6606,337.2,1.3,1.1,2014-11-09,1259,Terra,MODIS,100,6.2,296.2,52.4,N,0
-14.0116,141.6824,321.7,1.3,1.1,2014-11-09,1259,Terra,MODIS,100,6.2,295.9,23.8,N,0
-14.0131,141.6709,371.6,1.3,1.1,2014-11-09,1259,Terra,MODIS,100,6.2,299.3,168.5,N,0
-14.0086,141.7056,309.4,1.3,1.1,2014-11-09,1259,Terra,MODIS,67,6.2,294.5,9.5,N,0
-13.8963,143.5741,307.6,1,1,2014-11-09,1259,Terra,MODIS,72,6.2,295.2,6.9,N,0
-13.9072,143.5528,304.6,1,1,2014-11-09,1259,Terra,MODIS,54,6.2,294.4,4.2,N,0
-13.9059,143.5624,311.2,1,1,2014-11-09,1259,Terra,MODIS,81,6.2,295.2,8.6,N,0
-12.9064,143.4836,308.5,1,1,2014-11-09,1259,Terra,MODIS,75,6.2,294.1,7.3,N,0
-12.5637,143.0435,307.1,1.1,1,2014-11-09,1259,Terra,MODIS,33,6.2,293.7,6.7,N,0
-13.8834,141.7286,304.1,1.2,1.1,2014-11-09,1259,Terra,MODIS,38,6.2,294,5,N,0
-12.7859,142.41,317.4,1.1,1.1,2014-11-09,1259,Terra,MODIS,95,6.2,295.1,16,N,0
-12.7872,142.3997,308.4,1.1,1.1,2014-11-09,1259,Terra,MODIS,71,6.2,294.9,7.7,N,0
-12.4548,142.9626,304.7,1.1,1,2014-11-09,1259,Terra,MODIS,28,6.2,293.7,4.8,N,0
-13.3755,133.7091,311.5,4.8,2,2014-11-09,1259,Terra,MODIS,82,6.2,293,85,N,0
-13.3775,133.7046,313.1,4.8,2,2014-11-09,1259,Terra,MODIS,86,6.2,293.1,97.6,N,0
-13.8067,141.7704,318.7,1.2,1.1,2014-11-09,1259,Terra,MODIS,97,6.2,294.5,19.6,N,0
-14.6959,144.688,305.3,1,1,2014-11-09,1259,Terra,MODIS,39,6.2,294.7,4.4,N,0
-12.5684,141.8066,307,1.2,1.1,2014-11-09,1259,Terra,MODIS,68,6.2,294.7,7.7,N,0
-13.8152,141.7831,305,1.2,1.1,2014-11-09,1259,Terra,MODIS,61,6.2,294.6,5.3,N,0
-13.8053,141.7817,307.1,1.2,1.1,2014-11-09,1259,Terra,MODIS,69,6.2,294.5,7,N,0
-13.8167,141.7717,305.8,1.2,1.1,2014-11-09,1259,Terra,MODIS,64,6.2,294.6,6.2,N,0
-12.4561,142.9529,307.5,1.1,1,2014-11-09,1259,Terra,MODIS,61,6.2,293.9,6.7,N,0
-12.3656,142.9438,306.7,1.1,1,2014-11-09,1259,Terra,MODIS,13,6.2,293.6,5.5,N,0
-13.4595,133.7691,316.3,4.8,2,2014-11-09,1259,Terra,MODIS,90,6.2,293.8,119.2,N,0
-12.4144,142.931,305.5,1.1,1,2014-11-09,1259,Terra,MODIS,32,6.2,294,5.2,N,0
-12.5716,143.0545,307.9,1.1,1,2014-11-09,1259,Terra,MODIS,36,6.2,293.8,7,N,0
-13.461,133.7623,316.4,4.8,2,2014-11-09,1259,Terra,MODIS,93,6.2,293.9,120.4,N,0
-11.0362,142.5908,307.6,1.1,1,2014-11-09,1300,Terra,MODIS,41,6.2,294.2,6,N,0
-10.988,142.5483,311.1,1.1,1,2014-11-09,1300,Terra,MODIS,49,6.2,294.2,9.6,N,0
-11.0283,142.5797,311.7,1.1,1,2014-11-09,1300,Terra,MODIS,75,6.2,294.4,9,N,0
-11.0204,142.5687,310,1.1,1,2014-11-09,1300,Terra,MODIS,69,6.2,294.2,7.8,N,0
-11.1229,142.56,307.4,1.1,1,2014-11-09,1300,Terra,MODIS,54,6.2,294,6.5,N,0
-10.9959,142.5593,314.4,1.1,1,2014-11-09,1300,Terra,MODIS,85,6.2,294.5,11.8,N,0
-11.0052,142.5606,313,1.1,1,2014-11-09,1300,Terra,MODIS,80,6.2,294.4,10.4,N,0
-10.9801,142.5372,312.5,1.1,1,2014-11-09,1300,Terra,MODIS,46,6.2,292.7,11.9,N,0
-30.3013,125.0893,304.1,1,1,2014-11-09,1433,Terra,MODIS,8,6.2,279.8,6.2,N,0
-30.2922,125.0875,311.5,1,1,2014-11-09,1433,Terra,MODIS,56,6.2,281.8,11.2,N,0
-30.2996,125.1,322.1,1,1,2014-11-09,1433,Terra,MODIS,100,6.2,282.1,21.2,N,0
-18.1888,123.4489,306.3,1.1,1.1,2014-11-09,1436,Terra,MODIS,67,6.2,296.2,4.9,N,0
-22.0807,116.5774,313.6,1.7,1.3,2014-11-09,1436,Terra,MODIS,87,6.2,294.9,22.8,N,0
-22.5809,117.1784,303.1,1.6,1.2,2014-11-09,1436,Terra,MODIS,27,6.2,289.4,10.1,N,0
-22.0826,116.5608,316.6,1.7,1.3,2014-11-09,1436,Terra,MODIS,94,6.2,295.3,28,N,0
-18.2255,123.4663,306.7,1.2,1.1,2014-11-09,1436,Terra,MODIS,69,6.2,296.3,5.7,N,0
-18.2238,123.4772,308.8,1.2,1.1,2014-11-09,1436,Terra,MODIS,75,6.2,296.7,7.3,N,0
-17.8655,124.8255,307.8,1.4,1.2,2014-11-09,1436,Terra,MODIS,73,6.2,294.8,8.7,N,0
-20.7249,120.4504,336.6,1,1,2014-11-09,1436,Terra,MODIS,94,6.2,282.9,38.1,N,0
-18.4402,129.037,311.8,2.7,1.6,2014-11-09,1436,Terra,MODIS,83,6.2,294.1,39.5,N,0
-18.4354,129.0622,310.1,2.7,1.6,2014-11-09,1436,Terra,MODIS,79,6.2,293.8,34.2,N,0
-17.8551,124.8235,305.1,1.4,1.2,2014-11-09,1436,Terra,MODIS,56,6.2,294.3,5.6,N,0
-18.3461,123.1552,316.2,1.1,1.1,2014-11-09,1436,Terra,MODIS,93,6.2,296,13.6,N,0
-18.1871,123.4597,311,1.2,1.1,2014-11-09,1436,Terra,MODIS,82,6.2,296.4,8.8,N,0
-18.3366,123.1535,306.6,1.1,1.1,2014-11-09,1436,Terra,MODIS,48,6.2,294.7,5.7,N,0
-22.0905,116.5684,314.2,1.7,1.3,2014-11-09,1436,Terra,MODIS,89,6.2,294.7,25.5,N,0
-19.2635,121.7583,312.8,1,1,2014-11-09,1436,Terra,MODIS,79,6.2,277,13.8,N,0
-17.0631,130.8447,304.8,3.9,1.8,2014-11-09,1436,Terra,MODIS,44,6.2,294,24.6,N,0
-16.6768,131.1366,314,4.2,1.9,2014-11-09,1436,Terra,MODIS,88,6.2,293.9,79.8,N,0
-16.6847,131.0976,309.1,4.2,1.9,2014-11-09,1436,Terra,MODIS,49,6.2,293.2,50,N,0
-16.66,131.1329,305.1,4.2,1.9,2014-11-09,1436,Terra,MODIS,17,6.2,293.4,30.8,N,0
-16.6679,131.0939,308.8,4.2,1.9,2014-11-09,1436,Terra,MODIS,72,6.2,293.1,49.5,N,0
-17.1101,130.9002,305.8,3.9,1.8,2014-11-09,1436,Terra,MODIS,66,6.2,293.2,35.9,N,0
-17.1053,130.8921,303.7,3.9,1.8,2014-11-09,1436,Terra,MODIS,44,6.2,292.9,25.3,N,0
-19.3342,121.653,328.2,1,1,2014-11-09,1436,Terra,MODIS,24,6.2,284.6,25.6,N,0
-19.3238,121.661,350.2,1,1,2014-11-09,1436,Terra,MODIS,98,6.2,274,60.4,N,0
-19.3252,121.6515,393.1,1,1,2014-11-09,1436,Terra,MODIS,100,6.2,290.5,212.8,N,0
-21.2258,118.6273,372.1,1.2,1.1,2014-11-09,1436,Terra,MODIS,100,6.2,296.2,164,N,0
-21.2159,118.6258,367.9,1.2,1.1,2014-11-09,1436,Terra,MODIS,100,6.2,290.5,145.5,N,0
-21.2147,118.6319,365.9,1.2,1.1,2014-11-09,1436,Terra,MODIS,100,6.2,293,137.2,N,0
-21.2163,118.62,333.1,1.2,1.1,2014-11-09,1436,Terra,MODIS,100,6.2,286.2,42.2,N,0
-21.2656,118.633,337.1,1.2,1.1,2014-11-09,1436,Terra,MODIS,98,6.2,288,49.5,N,0
-21.2556,118.6317,321,1.2,1.1,2014-11-09,1436,Terra,MODIS,26,6.2,291.4,22.1,N,0
-21.2616,118.5839,328.2,1.2,1.1,2014-11-09,1436,Terra,MODIS,63,6.2,290,37.8,N,0
-21.117,119.0058,315.9,1.2,1.1,2014-11-09,1436,Terra,MODIS,92,6.2,292.5,15,N,0
-21.1199,118.9833,305.5,1.2,1.1,2014-11-09,1436,Terra,MODIS,33,6.2,292,5.5,N,0
-21.1073,119.0043,314.2,1.2,1.1,2014-11-09,1436,Terra,MODIS,89,6.2,292.5,13.3,N,0
-21.0879,119.0014,316.7,1.2,1.1,2014-11-09,1436,Terra,MODIS,94,6.2,292.3,16.6,N,0
-20.9586,118.8895,315.2,1.2,1.1,2014-11-09,1436,Terra,MODIS,91,6.2,292.9,14.5,N,0
-20.9601,118.8782,314,1.2,1.1,2014-11-09,1436,Terra,MODIS,87,6.2,292.3,13.4,N,0
-20.9503,118.8768,306.6,1.2,1.1,2014-11-09,1436,Terra,MODIS,12,6.2,292.5,6.5,N,0
-20.876,119.2293,304.2,1.1,1.1,2014-11-09,1436,Terra,MODIS,44,6.2,292,6.6,N,0
-20.9308,118.8739,354.6,1.2,1.1,2014-11-09,1436,Terra,MODIS,100,6.2,295.2,90.5,N,0
-20.9322,118.8625,332.3,1.2,1.1,2014-11-09,1436,Terra,MODIS,100,6.2,293.2,37.8,N,0
-20.9196,118.8838,306.8,1.2,1.1,2014-11-09,1436,Terra,MODIS,30,6.2,292.8,6.8,N,0
-20.921,118.8725,325.9,1.2,1.1,2014-11-09,1436,Terra,MODIS,100,6.2,293.7,28.3,N,0
-21.2641,118.6449,321.6,1.2,1.1,2014-11-09,1436,Terra,MODIS,41,6.2,286.3,23.3,N,0
-21.2442,118.6423,337.4,1.2,1.1,2014-11-09,1436,Terra,MODIS,100,6.2,293.6,49.1,N,0
-21.2243,118.6394,368.6,1.2,1.1,2014-11-09,1436,Terra,MODIS,100,6.2,295.2,146.9,N,0
-21.2144,118.6377,340.7,1.2,1.1,2014-11-09,1436,Terra,MODIS,100,6.2,291.3,56.9,N,0
-19.7409,130.0315,310.3,3,1.6,2014-11-09,1436,Terra,MODIS,80,6.2,295.4,36.2,N,0
-19.7207,130.0567,359.7,3,1.7,2014-11-09,1436,Terra,MODIS,100,6.2,298.7,413.1,N,0
-19.6947,130.1107,331.9,3,1.7,2014-11-09,1436,Terra,MODIS,100,6.2,295.9,146.8,N,0
-19.7341,130.0653,308.1,3,1.7,2014-11-09,1436,Terra,MODIS,74,6.2,296.1,28.8,N,0
-19.7398,130.0368,312.9,3,1.6,2014-11-09,1436,Terra,MODIS,86,6.2,296,46.3,N,0
-19.7354,130.0599,312.6,3,1.7,2014-11-09,1436,Terra,MODIS,85,6.2,296.2,44.5,N,0
-19.7262,130.0282,328.1,3,1.6,2014-11-09,1436,Terra,MODIS,100,6.2,295.5,120,N,0
-20.7224,120.3996,357.7,1,1,2014-11-09,1436,Terra,MODIS,100,6.2,275.8,79.5,N,0
-20.7238,120.3896,389.5,1,1,2014-11-09,1436,Terra,MODIS,100,6.2,285.1,201.5,N,0
-19.7151,130.0854,317.7,3,1.7,2014-11-09,1436,Terra,MODIS,96,6.2,296.6,66.1,N,0
-19.7003,130.082,325.8,3,1.7,2014-11-09,1436,Terra,MODIS,100,6.2,295.4,107.4,N,0
-20.7066,120.4476,323.7,1,1,2014-11-09,1436,Terra,MODIS,100,6.2,275,17.6,N,0
-16.6746,131.129,320.3,4.2,1.9,2014-11-09,1437,Terra,MODIS,100,6.2,294,128.2,N,0
-16.6822,131.0899,306.9,4.2,1.9,2014-11-09,1437,Terra,MODIS,70,6.2,293,42.4,N,0
-15.9879,129.8928,312.9,3.5,1.8,2014-11-09,1437,Terra,MODIS,75,6.2,293.6,51.9,N,0
-15.9729,129.9166,306.1,3.5,1.8,2014-11-09,1437,Terra,MODIS,27,6.2,293.1,24.2,N,0
-17.8018,123.8229,355.3,1.2,1.1,2014-11-09,1437,Terra,MODIS,100,6.2,295,94.2,N,0
-17.8116,123.8247,319.4,1.2,1.1,2014-11-09,1437,Terra,MODIS,63,6.2,289.1,17.8,N,0
-17.8035,123.8116,343.8,1.2,1.1,2014-11-09,1437,Terra,MODIS,92,6.2,285.6,64.8,N,0
-17.8053,123.8003,326,1.2,1.1,2014-11-09,1437,Terra,MODIS,76,6.2,279.4,33.8,N,0
-17.7919,123.8212,330.8,1.2,1.1,2014-11-09,1437,Terra,MODIS,97,6.2,293.4,36.1,N,0
-17.7821,123.8195,326.8,1.2,1.1,2014-11-09,1437,Terra,MODIS,92,6.2,293.8,29.8,N,0
-16.7943,129.2187,315.4,3,1.7,2014-11-09,1437,Terra,MODIS,91,6.2,293.1,57.8,N,0
-15.9948,129.8873,306.4,3.5,1.8,2014-11-09,1437,Terra,MODIS,20,6.2,293.3,26.1,N,0
-16.7933,129.2238,317.4,3,1.7,2014-11-09,1437,Terra,MODIS,95,6.2,293.2,66,N,0
-16.7619,130.0335,305.6,3.5,1.8,2014-11-09,1437,Terra,MODIS,65,6.2,293.4,28.6,N,0
-15.9791,129.8841,308.9,3.5,1.8,2014-11-09,1437,Terra,MODIS,56,6.2,293.3,36.5,N,0
-10.9911,142.5631,305.9,1,1,2014-11-09,1602,Aqua,MODIS,11,6.2,294.1,5.1,N,0
-10.9794,142.5458,315.2,1,1,2014-11-09,1602,Aqua,MODIS,87,6.2,294.7,11.6,N,0
-11.0002,142.5618,308.2,1,1,2014-11-09,1602,Aqua,MODIS,17,6.2,294.4,6.4,N,0
-15.0604,145.0354,308.9,1.5,1.2,2014-11-09,1603,Aqua,MODIS,76,6.2,292.3,14.7,N,0
-15.0637,145.0421,304,1.5,1.2,2014-11-09,1603,Aqua,MODIS,15,6.2,292.1,8.8,N,0
-14.0118,141.6907,306.8,1,1,2014-11-09,1603,Aqua,MODIS,67,6.2,293.1,6.6,N,0
-14.0154,141.6521,302.3,1,1,2014-11-09,1603,Aqua,MODIS,48,6.2,292.2,4.6,N,0
-12.9069,143.4987,303.9,1.1,1.1,2014-11-09,1603,Aqua,MODIS,57,6.2,293.7,5.2,N,0
-12.9054,143.4882,305.7,1.1,1.1,2014-11-09,1603,Aqua,MODIS,65,6.2,292.1,6.8,N,0
-12.7897,142.4081,309.3,1,1,2014-11-09,1603,Aqua,MODIS,77,6.2,292.9,9.3,N,0
-12.7821,142.4151,310.2,1,1,2014-11-09,1603,Aqua,MODIS,69,6.2,293.1,9.2,N,0
-13.4589,133.7653,305.9,2.5,1.5,2014-11-09,1603,Aqua,MODIS,45,6.2,293.2,20.9,N,0
-12.5808,143.0659,306.2,1.1,1,2014-11-09,1603,Aqua,MODIS,55,6.2,293.4,6.8,N,0
-12.5701,143.0574,303.9,1.1,1,2014-11-09,1603,Aqua,MODIS,21,6.2,293,5.4,N,0
-12.5655,141.8057,311.7,1,1,2014-11-09,1603,Aqua,MODIS,83,6.2,293.5,10.5,N,0
-13.4552,133.7943,307.6,2.5,1.5,2014-11-09,1603,Aqua,MODIS,72,6.2,293.5,25.2,N,0
-13.3246,133.7715,302.6,2.5,1.5,2014-11-09,1603,Aqua,MODIS,50,6.2,292.6,16.3,N,0
-12.3559,142.9097,305.5,1.1,1,2014-11-09,1603,Aqua,MODIS,35,6.2,293.7,5.3,N,0
-14.9162,145.0589,302,1.5,1.2,2014-11-09,1603,Aqua,MODIS,45,6.2,291.4,8.1,N,0
-13.463,133.7879,316.7,2.5,1.5,2014-11-09,1603,Aqua,MODIS,94,6.2,294.4,51.3,N,0
-14.2138,134.983,301.6,2,1.4,2014-11-09,1603,Aqua,MODIS,42,6.2,291.4,9.2,N,0
-14.0059,134.1047,314.5,2.3,1.5,2014-11-09,1603,Aqua,MODIS,89,6.2,293.4,38.8,N,0
-13.4765,133.7853,304.8,2.5,1.5,2014-11-09,1603,Aqua,MODIS,52,6.2,293.4,19,N,0
-14.0284,136.5976,305.1,1.5,1.2,2014-11-09,1603,Aqua,MODIS,63,6.2,293.6,9.1,N,0
-12.3207,135.9551,305.7,1.8,1.3,2014-11-09,1603,Aqua,MODIS,65,6.2,294.6,13,N,0
-14.1305,134.9668,306.3,2,1.4,2014-11-09,1603,Aqua,MODIS,68,6.2,291.7,16.3,N,0
-14.0022,134.0836,304.1,2.3,1.5,2014-11-09,1603,Aqua,MODIS,58,6.2,293.4,15.3,N,0
-13.9871,134.1513,305,2.3,1.5,2014-11-09,1603,Aqua,MODIS,63,6.2,292.7,18,N,0
-14.2099,134.9891,303.8,2,1.4,2014-11-09,1603,Aqua,MODIS,57,6.2,291.3,12,N,0
-13.7826,136.9091,319.7,1.4,1.2,2014-11-09,1603,Aqua,MODIS,99,6.2,295.1,29.1,N,0
-18.034,143.6813,308.6,1.3,1.1,2014-11-09,1604,Aqua,MODIS,9,6.2,294,9.2,N,0
-18.0666,143.6892,309.4,1.3,1.1,2014-11-09,1604,Aqua,MODIS,60,6.2,293.5,11.3,N,0
-18.0253,143.6952,319,1.3,1.1,2014-11-09,1604,Aqua,MODIS,98,6.2,294.7,22.4,N,0
-18.0356,143.6937,309.3,1.3,1.1,2014-11-09,1604,Aqua,MODIS,35,6.2,293.7,9.8,N,0
-16.1409,129.419,306.3,4.7,2,2014-11-09,1604,Aqua,MODIS,44,6.2,290,44.6,N,0
-16.1413,129.4144,304.2,4.7,2,2014-11-09,1604,Aqua,MODIS,59,6.2,290,37.8,N,0
-16.1498,129.4564,308.4,4.6,2,2014-11-09,1604,Aqua,MODIS,75,6.2,290.1,60.6,N,0
-16.1491,129.461,307.5,4.6,2,2014-11-09,1604,Aqua,MODIS,62,6.2,290.1,49.8,N,0
-17.1765,142.65,307.1,1.1,1.1,2014-11-09,1604,Aqua,MODIS,70,6.2,294.5,6,N,0
-16.9653,133.8618,305.3,2.1,1.4,2014-11-09,1604,Aqua,MODIS,39,6.2,294.9,12.1,N,0
-17.061,130.8532,305,3.5,1.8,2014-11-09,1604,Aqua,MODIS,44,6.2,293.9,21.6,N,0
-16.8685,136.2791,307.2,1.4,1.2,2014-11-09,1604,Aqua,MODIS,59,6.2,288.4,12,N,0
-16.6803,131.125,307.3,3.4,1.7,2014-11-09,1604,Aqua,MODIS,71,6.2,293.5,36.7,N,0
-17.0671,130.8856,304.8,3.5,1.8,2014-11-09,1604,Aqua,MODIS,45,6.2,294.1,20.4,N,0
-17.1121,130.902,312.2,3.5,1.8,2014-11-09,1604,Aqua,MODIS,84,6.2,293.4,59.4,N,0
-17.1071,130.898,309.2,3.5,1.8,2014-11-09,1604,Aqua,MODIS,77,6.2,293.1,47,N,0
-17.1242,133.8031,313.2,2.1,1.4,2014-11-09,1604,Aqua,MODIS,87,6.2,293.9,27.2,N,0
-17.1368,133.8006,313.5,2.1,1.4,2014-11-09,1604,Aqua,MODIS,87,6.2,294.4,27.4,N,0
-17.1252,133.7977,310.7,2.1,1.4,2014-11-09,1604,Aqua,MODIS,79,6.2,294.1,20.4,N,0
-17.1378,133.7953,311.4,2.1,1.4,2014-11-09,1604,Aqua,MODIS,82,6.2,294.6,22.2,N,0
-17.127,143.1125,304.6,1.2,1.1,2014-11-09,1604,Aqua,MODIS,34,6.2,293.1,5.5,N,0
-16.8682,133.9133,309.9,2.1,1.4,2014-11-09,1604,Aqua,MODIS,51,6.2,294.2,20.6,N,0
-16.8808,133.9108,324.1,2.1,1.4,2014-11-09,1604,Aqua,MODIS,100,6.2,294.9,56.3,N,0
-16.8797,133.9038,316.1,2.1,1.4,2014-11-09,1604,Aqua,MODIS,67,6.2,294.4,33.3,N,0
-16.8706,133.9255,307.1,2.1,1.4,2014-11-09,1604,Aqua,MODIS,11,6.2,293.7,14.5,N,0
-16.8832,133.9231,315.3,2.1,1.4,2014-11-09,1604,Aqua,MODIS,61,6.2,294.3,31.1,N,0
-19.5363,143.0181,307,1.3,1.1,2014-11-09,1604,Aqua,MODIS,70,6.2,295.2,8.2,N,0
-17.2132,143.1514,309.3,1.2,1.1,2014-11-09,1604,Aqua,MODIS,72,6.2,294.7,10.1,N,0
-17.1384,143.1225,305.6,1.2,1.1,2014-11-09,1604,Aqua,MODIS,37,6.2,293.7,6.2,N,0
-19.5175,128.7593,310.7,4.4,1.9,2014-11-09,1605,Aqua,MODIS,24,6.2,275.2,67.8,N,0
-19.6863,130.1127,307,3.5,1.8,2014-11-09,1605,Aqua,MODIS,26,6.2,293.9,28.6,N,0
-19.7211,130.0657,345,3.5,1.8,2014-11-09,1605,Aqua,MODIS,100,6.2,296.8,301.5,N,0
-19.702,130.1092,369,3.5,1.8,2014-11-09,1605,Aqua,MODIS,100,6.2,298.1,674.1,N,0
-19.7123,130.1021,362.5,3.5,1.8,2014-11-09,1605,Aqua,MODIS,100,6.2,299.5,546.9,N,0
-19.7368,130.0623,350.4,3.5,1.8,2014-11-09,1605,Aqua,MODIS,100,6.2,297,373.1,N,0
-19.7424,130.0656,313,3.5,1.8,2014-11-09,1605,Aqua,MODIS,86,6.2,295.5,52,N,0
-19.7267,130.0691,364.9,3.5,1.8,2014-11-09,1605,Aqua,MODIS,100,6.2,298.8,600,N,0
-19.7176,130.1055,354.8,3.5,1.8,2014-11-09,1605,Aqua,MODIS,100,6.2,297.9,423.7,N,0
-19.7201,130.0361,307.9,3.5,1.8,2014-11-09,1605,Aqua,MODIS,33,6.2,294.3,31.1,N,0
-19.7436,130.0949,309.7,3.5,1.8,2014-11-09,1605,Aqua,MODIS,66,6.2,295.5,37.7,N,0
-19.7279,130.0985,316.3,3.5,1.8,2014-11-09,1605,Aqua,MODIS,85,6.2,295.9,65.6,N,0
-19.711,130.0727,319,3.5,1.8,2014-11-09,1605,Aqua,MODIS,69,6.2,294.9,78.5,N,0
-20.7283,139.4837,308.6,1,1,2014-11-09,1605,Aqua,MODIS,58,6.2,296.2,6.3,N,2
-21.099,140.4033,307,1,1,2014-11-09,1605,Aqua,MODIS,70,6.2,296.8,5.4,N,0
-20.7357,139.476,308.6,1,1,2014-11-09,1605,Aqua,MODIS,72,6.2,295.2,8.4,N,2
-21.6677,141.1229,310.5,1.1,1,2014-11-09,1605,Aqua,MODIS,80,6.2,296.8,8.4,N,0
-21.6691,141.1334,314.8,1.1,1,2014-11-09,1605,Aqua,MODIS,90,6.2,297.8,12.1,N,0
-24.867,148.7061,300.4,3.8,1.8,2014-11-09,1606,Aqua,MODIS,14,6.2,289.8,28.1,N,0
-24.8235,147.9922,302.9,3.3,1.7,2014-11-09,1606,Aqua,MODIS,26,6.2,289.4,31.1,N,0
-24.7925,147.9983,300.2,3.3,1.7,2014-11-09,1606,Aqua,MODIS,1,6.2,289.1,22.2,N,0
-24.808,147.9948,303.7,3.3,1.7,2014-11-09,1606,Aqua,MODIS,46,6.2,289.7,34.2,N,0
-24.8176,147.9848,303.4,3.3,1.7,2014-11-09,1606,Aqua,MODIS,36,6.2,289.6,33.6,N,0
-23.7842,118.372,310.4,1.5,1.2,2014-11-09,1744,Aqua,MODIS,80,6.2,291.6,15.9,N,0
-20.5721,119.8346,308.4,1.6,1.3,2014-11-09,1744,Aqua,MODIS,74,6.2,292.2,16.6,N,0
-20.9341,118.8709,315.9,1.4,1.2,2014-11-09,1744,Aqua,MODIS,57,6.2,292.6,24,N,0
-21.1453,120.3852,308.9,1.8,1.3,2014-11-09,1744,Aqua,MODIS,39,6.2,290.6,18,N,0
-20.6043,120.0096,316,1.7,1.3,2014-11-09,1744,Aqua,MODIS,92,6.2,291.9,29.3,N,0
-21.1395,120.391,313.3,1.8,1.3,2014-11-09,1744,Aqua,MODIS,60,6.2,290.8,24.7,N,0
-21.8811,117.0465,303.7,1.2,1.1,2014-11-09,1744,Aqua,MODIS,57,6.2,290,7,N,0
-22.6133,148.4097,358.2,2.5,1.5,2014-11-09,2352,Terra,MODIS,99,6.2,305.6,256.8,D,0
-22.6243,148.426,347.1,2.5,1.5,2014-11-09,2352,Terra,MODIS,92,6.2,302.3,164,D,0
-22.6196,148.4023,349.4,2.5,1.5,2014-11-09,2352,Terra,MODIS,94,6.2,302.2,183.2,D,0
-22.6269,148.4066,326.2,2.5,1.5,2014-11-09,2352,Terra,MODIS,72,6.2,299.5,44.8,D,0
-22.6179,148.4334,333.4,2.5,1.5,2014-11-09,2352,Terra,MODIS,82,6.2,303.6,74.1,D,0
-24.2504,150.9489,318.1,1.5,1.2,2014-11-09,2352,Terra,MODIS,25,6.2,296,14.2,D,0
-24.2614,150.9471,323.7,1.5,1.2,2014-11-09,2352,Terra,MODIS,64,6.2,297,24.3,D,0
-24.264,150.9616,325.1,1.5,1.2,2014-11-09,2352,Terra,MODIS,70,6.2,298.3,27.6,D,0
-22.9495,149.838,321.8,1.9,1.4,2014-11-09,2352,Terra,MODIS,62,6.2,302.8,24.6,D,0
-23.3419,150.1574,324.2,1.8,1.3,2014-11-09,2352,Terra,MODIS,69,6.2,302,28.1,D,0
-23.3572,150.1737,330.8,1.8,1.3,2014-11-09,2352,Terra,MODIS,69,6.2,301.7,42.8,D,0
-27.4461,153.5163,323.3,1,1,2014-11-09,2353,Terra,MODIS,39,6.2,301.1,13.3,D,0
-24.8369,147.9765,323.5,2.4,1.5,2014-11-09,2353,Terra,MODIS,42,6.2,297.4,48.9,D,0
-24.8025,147.9893,324.6,2.4,1.5,2014-11-09,2353,Terra,MODIS,23,6.2,298,41.3,D,0
-24.8237,147.9796,325.4,2.4,1.5,2014-11-09,2353,Terra,MODIS,31,6.2,299,49.3,D,0
-31.4424,150.3222,342.3,1.3,1.1,2014-11-09,2354,Terra,MODIS,88,6.2,314,38.5,D,0
-31.4447,150.3354,342.1,1.3,1.1,2014-11-09,2354,Terra,MODIS,88,6.2,314.2,37.7,D,0
-31.3129,151.3546,329.5,1.1,1.1,2014-11-09,2354,Terra,MODIS,77,6.2,305,24,D,0
-31.0523,152.6392,315.6,1,1,2014-11-09,2354,Terra,MODIS,34,6.2,298.2,8.8,D,0
-33.3423,147.7971,324.2,1.6,1.2,2014-11-09,2355,Terra,MODIS,68,6.2,312.8,14.4,D,0
-12.7875,142.3969,326.8,3.3,1.7,2014-11-10,0127,Terra,MODIS,49,6.2,302.3,61.7,D,0
-12.7991,142.3888,323.8,3.3,1.7,2014-11-10,0127,Terra,MODIS,51,6.2,302.2,45,D,0
-12.8025,142.4191,324.6,3.3,1.7,2014-11-10,0127,Terra,MODIS,66,6.2,300.9,53.9,D,0
-12.7308,142.3359,321.3,3.3,1.7,2014-11-10,0127,Terra,MODIS,54,6.2,300.7,29.7,D,0
-12.7342,142.3421,322.5,3.3,1.7,2014-11-10,0127,Terra,MODIS,63,6.2,301.1,37,D,0
-12.6337,143.0396,322.5,3.7,1.8,2014-11-10,0127,Terra,MODIS,75,6.2,296.7,91.7,D,0
-12.03,142.3827,321.1,3.2,1.7,2014-11-10,0127,Terra,MODIS,41,6.2,296.8,42.3,D,0
-12.569,143.0468,317.7,3.7,1.8,2014-11-10,0127,Terra,MODIS,64,6.2,292.7,58.6,D,0
-12.5614,143.0534,324.6,3.7,1.8,2014-11-10,0127,Terra,MODIS,78,6.2,291,106.7,D,0
-12.4251,142.9385,312.4,3.6,1.8,2014-11-10,0127,Terra,MODIS,33,6.2,293.3,38.5,D,0
-11.2676,131.1359,338.9,1.2,1.1,2014-11-10,0127,Terra,MODIS,82,6.2,306.6,32.4,D,0
-11.2693,131.147,352.9,1.2,1.1,2014-11-10,0127,Terra,MODIS,91,6.2,307,68.4,D,0
-11.2711,131.158,335.6,1.2,1.1,2014-11-10,0127,Terra,MODIS,0,6.2,302.7,24.7,D,0
-11.2809,131.1564,331.3,1.2,1.1,2014-11-10,0127,Terra,MODIS,32,6.2,306.1,15.7,D,0
-12.5574,143.0194,315.2,3.7,1.8,2014-11-10,0127,Terra,MODIS,59,6.2,292.6,45.8,D,0
-12.0113,142.3555,322.8,3.2,1.7,2014-11-10,0127,Terra,MODIS,58,6.2,298.9,50.2,D,0
-12.5718,142.7802,318,3.5,1.8,2014-11-10,0127,Terra,MODIS,69,6.2,291.2,50.6,D,0
-14.1914,135.0348,342.8,1.1,1,2014-11-10,0128,Terra,MODIS,85,6.2,315.9,24.4,D,0
-13.2853,130.7521,334,1.2,1.1,2014-11-10,0128,Terra,MODIS,48,6.2,308.9,19.3,D,0
-12.3307,133.0704,336.2,1,1,2014-11-10,0128,Terra,MODIS,57,6.2,311.4,13,D,0
-13.4629,133.7495,336.1,1,1,2014-11-10,0128,Terra,MODIS,71,6.2,312.5,17.8,D,0
-13.4643,133.7587,377,1,1,2014-11-10,0128,Terra,MODIS,100,6.2,320.3,120.9,D,0
-13.4656,133.7679,342.9,1,1,2014-11-10,0128,Terra,MODIS,72,6.2,315.9,25.9,D,0
-13.467,133.777,342,1,1,2014-11-10,0128,Terra,MODIS,74,6.2,315.4,22.8,D,0
-13.4725,133.751,364.7,1,1,2014-11-10,0128,Terra,MODIS,100,6.2,307.8,80.6,D,0
-13.4739,133.7602,400.3,1,1,2014-11-10,0128,Terra,MODIS,100,6.2,316.8,235.6,D,0
-14.2171,135.106,344.7,1.1,1,2014-11-10,0128,Terra,MODIS,87,6.2,311.3,31.6,D,0
-13.9709,134.0137,333.3,1,1,2014-11-10,0128,Terra,MODIS,49,6.2,313.5,13.5,D,0
-13.9799,134.0123,343.4,1,1,2014-11-10,0128,Terra,MODIS,86,6.2,309.2,29.2,D,0
-14.1073,134.9763,335.4,1.1,1,2014-11-10,0128,Terra,MODIS,59,6.2,310.1,14.2,D,0
-13.9695,134.0044,333.6,1,1,2014-11-10,0128,Terra,MODIS,53,6.2,311.2,14.2,D,0
-13.9786,134.0031,333.6,1,1,2014-11-10,0128,Terra,MODIS,49,6.2,308.5,13.8,D,0
-13.8354,134.3516,331,1,1,2014-11-10,0128,Terra,MODIS,58,6.2,311,9.1,D,0
-13.8341,134.3422,375.7,1,1,2014-11-10,0128,Terra,MODIS,100,6.2,315.2,118.6,D,0
-13.4752,133.7694,365.2,1,1,2014-11-10,0128,Terra,MODIS,100,6.2,314.8,79.7,D,0
-13.4766,133.7786,345.8,1,1,2014-11-10,0128,Terra,MODIS,89,6.2,313.6,31.6,D,0
-13.8327,134.3328,339.5,1,1,2014-11-10,0128,Terra,MODIS,80,6.2,311.2,21.3,D,0
-13.8265,134.3493,333.5,1,1,2014-11-10,0128,Terra,MODIS,64,6.2,311.2,10.2,D,0
-13.8251,134.3399,337.5,1,1,2014-11-10,0128,Terra,MODIS,77,6.2,313.1,15.9,D,0
-14.1928,135.0447,335.4,1.1,1,2014-11-10,0128,Terra,MODIS,71,6.2,314.1,11.3,D,0
-14.1155,135.0356,341.2,1.1,1,2014-11-10,0128,Terra,MODIS,64,6.2,313.7,23.6,D,0
-13.7245,135.4602,330.9,1.1,1.1,2014-11-10,0128,Terra,MODIS,65,6.2,309.6,12.6,D,0
-14.0534,136.6104,336.2,1.3,1.1,2014-11-10,0128,Terra,MODIS,79,6.2,307.1,33.1,D,0
-14.0316,136.6013,330.1,1.3,1.1,2014-11-10,0128,Terra,MODIS,62,6.2,304.9,20.2,D,0
-14.03,136.5895,344.3,1.3,1.1,2014-11-10,0128,Terra,MODIS,88,6.2,308.6,51.4,D,0
-14.8309,131.4582,336.3,1.1,1,2014-11-10,0128,Terra,MODIS,78,6.2,308.9,18.6,D,0
-14.0284,136.5778,328.7,1.3,1.1,2014-11-10,0128,Terra,MODIS,54,6.2,308.4,18,D,0
-14.8324,131.4681,340.5,1.1,1,2014-11-10,0128,Terra,MODIS,83,6.2,308,26.2,D,0
-14.834,131.478,332,1.1,1,2014-11-10,0128,Terra,MODIS,69,6.2,307.7,12,D,0
-14.1235,135.0243,338.7,1.1,1,2014-11-10,0128,Terra,MODIS,79,6.2,311.4,16.1,D,0
-14.1248,135.0342,353.3,1.1,1,2014-11-10,0128,Terra,MODIS,95,6.2,310.9,49.7,D,0
-14.1476,135.0613,335,1.1,1,2014-11-10,0128,Terra,MODIS,52,6.2,312.6,13.2,D,0
-14.226,135.0336,341.5,1.1,1,2014-11-10,0128,Terra,MODIS,84,6.2,313.9,24.1,D,0
-14.0191,134.0921,373.5,1,1,2014-11-10,0128,Terra,MODIS,100,6.2,313.6,110.4,D,0
-13.9818,134.1513,334.7,1,1,2014-11-10,0128,Terra,MODIS,54,6.2,312.7,11.7,D,0
-14.1405,136.6525,325.8,1.3,1.1,2014-11-10,0128,Terra,MODIS,40,6.2,304.8,14,D,0
-14.1793,134.7006,335.4,1.1,1,2014-11-10,0128,Terra,MODIS,74,6.2,309.2,19.7,D,0
-13.8174,134.3506,333.9,1,1,2014-11-10,0128,Terra,MODIS,62,6.2,310.9,10.7,D,0
-14.2353,135.0323,348.5,1.1,1,2014-11-10,0128,Terra,MODIS,91,6.2,311.6,39.6,D,0
-14.2007,135.0334,350.6,1.1,1,2014-11-10,0128,Terra,MODIS,93,6.2,312.9,41.3,D,0
-14.234,135.0224,341.2,1.1,1,2014-11-10,0128,Terra,MODIS,83,6.2,309.9,24.3,D,0
-14.1272,134.9834,335.1,1.1,1,2014-11-10,0128,Terra,MODIS,49,6.2,312,11.1,D,0
-14.1324,134.9525,357,1.1,1,2014-11-10,0128,Terra,MODIS,98,6.2,312.8,63.3,D,0
-14.1416,134.9511,341.7,1.1,1,2014-11-10,0128,Terra,MODIS,84,6.2,310.8,28.5,D,0
-14.1509,134.9498,354.6,1.1,1,2014-11-10,0128,Terra,MODIS,96,6.2,308.8,58.6,D,0
-13.7287,135.4909,330.1,1.1,1.1,2014-11-10,0128,Terra,MODIS,48,6.2,310.8,10.7,D,0
-14.1523,134.9596,337.2,1.1,1,2014-11-10,0128,Terra,MODIS,63,6.2,308.8,19.2,D,0
-14.1871,135.005,332.9,1.1,1,2014-11-10,0128,Terra,MODIS,56,6.2,312.7,8.1,D,0
-14.2205,134.994,335,1.1,1,2014-11-10,0128,Terra,MODIS,71,6.2,312.2,14.2,D,0
-14.2219,135.0039,358.7,1.1,1,2014-11-10,0128,Terra,MODIS,99,6.2,313.2,67,D,0
-13.7315,135.5114,331.8,1.1,1.1,2014-11-10,0128,Terra,MODIS,35,6.2,310.4,12.3,D,0
-14.1142,135.0257,337.9,1.1,1,2014-11-10,0128,Terra,MODIS,70,6.2,313.6,14.5,D,0
-14.0163,135.5794,366.7,1.1,1.1,2014-11-10,0128,Terra,MODIS,100,6.2,311.7,102.1,D,0
-14.0177,135.5898,332.6,1.1,1.1,2014-11-10,0128,Terra,MODIS,47,6.2,308.9,14,D,0
-13.8161,134.3412,334.9,1,1,2014-11-10,0128,Terra,MODIS,70,6.2,313.8,11.3,D,0
-13.991,134.9855,334.6,1.1,1,2014-11-10,0128,Terra,MODIS,73,6.2,311.3,16.4,D,0
-13.9887,135.036,335.4,1.1,1,2014-11-10,0128,Terra,MODIS,47,6.2,312.9,13.9,D,0
-13.9808,135.0472,334.5,1.1,1,2014-11-10,0128,Terra,MODIS,26,6.2,310.9,14,D,0
-13.9794,135.0374,342.8,1.1,1,2014-11-10,0128,Terra,MODIS,85,6.2,311.7,29.3,D,0
-13.7965,134.3345,339.7,1,1,2014-11-10,0128,Terra,MODIS,81,6.2,312.9,16.5,D,0
-14.0922,134.9846,333.9,1.1,1,2014-11-10,0128,Terra,MODIS,62,6.2,313.6,10.7,D,0
-14.0101,134.0934,339.2,1,1,2014-11-10,0128,Terra,MODIS,59,6.2,312,20.1,D,0
-14.2184,135.116,336.4,1.1,1,2014-11-10,0128,Terra,MODIS,62,6.2,310.7,14.4,D,0
-13.4683,133.7862,348.6,1,1,2014-11-10,0128,Terra,MODIS,91,6.2,313.6,35.2,D,0
-13.9718,136.5381,327.2,1.3,1.1,2014-11-10,0128,Terra,MODIS,57,6.2,306,14,D,0
-13.0811,132.9754,332.7,1,1,2014-11-10,0128,Terra,MODIS,68,6.2,305.8,13.4,D,0
-13.7259,135.4704,336,1.1,1.1,2014-11-10,0128,Terra,MODIS,77,6.2,310.6,20.4,D,0
-13.7273,135.4807,344.5,1.1,1.1,2014-11-10,0128,Terra,MODIS,88,6.2,311.5,37.3,D,0
-14.0531,136.6161,331.9,1.3,1.1,2014-11-10,0128,Terra,MODIS,71,6.2,306.4,25.3,D,0
-13.0873,132.9555,327.9,1,1,2014-11-10,0128,Terra,MODIS,37,6.2,307.5,7.7,D,0
-14.2246,135.0237,361.6,1.1,1,2014-11-10,0128,Terra,MODIS,100,6.2,314,74,D,0
-14.2233,135.0138,332.8,1.1,1,2014-11-10,0128,Terra,MODIS,55,6.2,310.6,10.7,D,0
-14.2317,134.6733,332.8,1,1,2014-11-10,0128,Terra,MODIS,45,6.2,308.7,14,D,0
-14.2253,134.6938,344.4,1.1,1,2014-11-10,0128,Terra,MODIS,87,6.2,311.8,30.8,D,0
-14.2239,134.6842,342.3,1,1,2014-11-10,0128,Terra,MODIS,85,6.2,309.2,28.6,D,0
-14.2188,134.7144,334.3,1.1,1,2014-11-10,0128,Terra,MODIS,41,6.2,313.3,12.7,D,0
-14.2161,134.6952,336.8,1.1,1,2014-11-10,0128,Terra,MODIS,67,6.2,311.9,17.6,D,0
-14.195,134.6786,333,1,1,2014-11-10,0128,Terra,MODIS,45,6.2,308.7,12.9,D,0
-14.6008,134.1698,339.1,1,1,2014-11-10,0128,Terra,MODIS,68,6.2,312.7,18,D,0
-13.9764,141.7274,329.6,3,1.7,2014-11-10,0128,Terra,MODIS,78,6.2,303.4,71.3,D,0
-14.7426,141.975,321.3,3.3,1.7,2014-11-10,0128,Terra,MODIS,52,6.2,303.3,31.1,D,0
-14.5953,134.1321,341.2,1,1,2014-11-10,0128,Terra,MODIS,81,6.2,313.1,23.5,D,0
-14.594,134.1227,338,1,1,2014-11-10,0128,Terra,MODIS,66,6.2,312.6,18,D,0
-12.3638,136.4123,324.8,1.2,1.1,2014-11-10,0128,Terra,MODIS,14,6.2,302.4,12.5,D,0
-14.0293,141.6595,343,3,1.7,2014-11-10,0128,Terra,MODIS,86,6.2,304,172.5,D,0
-14.0297,141.6649,341.3,3,1.7,2014-11-10,0128,Terra,MODIS,91,6.2,303.7,155.9,D,0
-14.3118,134.6556,331.4,1,1,2014-11-10,0128,Terra,MODIS,57,6.2,308,13.4,D,0
-13.3638,133.8267,342.8,1,1,2014-11-10,0128,Terra,MODIS,86,6.2,313.9,24.4,D,0
-14.6099,134.1685,355.8,1,1,2014-11-10,0128,Terra,MODIS,97,6.2,311.1,54.7,D,0
-14.6021,134.1792,339.5,1,1,2014-11-10,0128,Terra,MODIS,71,6.2,313.2,17.2,D,0
-14.6112,134.1779,351.4,1,1,2014-11-10,0128,Terra,MODIS,93,6.2,311.9,43.6,D,0
-14.6189,134.1671,339.4,1,1,2014-11-10,0128,Terra,MODIS,77,6.2,307.6,23.2,D,0
-14.6203,134.1766,333.3,1,1,2014-11-10,0128,Terra,MODIS,41,6.2,310.5,12.8,D,0
-14.3105,134.646,340.3,1,1,2014-11-10,0128,Terra,MODIS,82,6.2,307.5,28,D,0
-13.3157,133.7495,340.4,1,1,2014-11-10,0128,Terra,MODIS,70,6.2,314.8,17.2,D,0
-13.3144,133.7403,341.2,1,1,2014-11-10,0128,Terra,MODIS,76,6.2,316.7,18.6,D,0
-13.3171,133.7586,339.7,1,1,2014-11-10,0128,Terra,MODIS,69,6.2,314,16.9,D,0
-13.3624,133.8175,339.7,1,1,2014-11-10,0128,Terra,MODIS,82,6.2,316,18,D,0
-13.3534,133.8188,336.9,1,1,2014-11-10,0128,Terra,MODIS,78,6.2,314.9,14.1,D,0
-13.3418,133.8018,336.2,1,1,2014-11-10,0128,Terra,MODIS,76,6.2,315.5,12.4,D,0
-13.383,133.7052,377.2,1,1,2014-11-10,0128,Terra,MODIS,100,6.2,314.3,121,D,0
-13.8941,141.8005,326,3.1,1.7,2014-11-10,0128,Terra,MODIS,63,6.2,302.4,53.3,D,0
-13.3816,133.696,361.4,1,1,2014-11-10,0128,Terra,MODIS,100,6.2,314.1,70,D,0
-12.4932,136.6823,332.9,1.2,1.1,2014-11-10,0128,Terra,MODIS,68,6.2,306.3,24.4,D,0
-13.3803,133.6869,336.8,1,1,2014-11-10,0128,Terra,MODIS,51,6.2,311.4,18.2,D,0
-13.0454,136.2457,327.2,1.2,1.1,2014-11-10,0128,Terra,MODIS,39,6.2,308,11,D,0
-13.3754,133.7157,339.7,1,1,2014-11-10,0128,Terra,MODIS,82,6.2,314.8,20,D,0
-13.374,133.7065,336.7,1,1,2014-11-10,0128,Terra,MODIS,62,6.2,315.5,15.7,D,0
-13.3727,133.6974,332.6,1,1,2014-11-10,0128,Terra,MODIS,54,6.2,314,11.3,D,0
-14.2596,135.0694,333.9,1.1,1,2014-11-10,0128,Terra,MODIS,61,6.2,310.7,14.9,D,0
-13.0567,136.2553,332,1.2,1.1,2014-11-10,0128,Terra,MODIS,46,6.2,310.7,17.3,D,0
-13.3906,133.6947,345.3,1,1,2014-11-10,0128,Terra,MODIS,83,6.2,308.7,34.5,D,0
-13.3843,133.7144,348.9,1,1,2014-11-10,0128,Terra,MODIS,92,6.2,312.2,37.9,D,0
-13.9775,141.7341,333.7,3,1.7,2014-11-10,0128,Terra,MODIS,86,6.2,303,98.9,D,0
-12.6338,131.3678,336,1.1,1.1,2014-11-10,0128,Terra,MODIS,48,6.2,314,18,D,0
-13.4607,133.7968,353.2,1,1,2014-11-10,0128,Terra,MODIS,95,6.2,313.4,44.6,D,0
-13.4593,133.7876,337.7,1,1,2014-11-10,0128,Terra,MODIS,66,6.2,315.5,13.9,D,0
-13.4517,133.7981,335.7,1,1,2014-11-10,0128,Terra,MODIS,40,6.2,315.2,11.4,D,0
-13.8171,141.7863,331.6,3.1,1.7,2014-11-10,0128,Terra,MODIS,84,6.2,303,82.4,D,0
-13.8139,141.7582,323.7,3,1.7,2014-11-10,0128,Terra,MODIS,64,6.2,302.3,36,D,0
-14.554,134.1671,338.5,1,1,2014-11-10,0128,Terra,MODIS,59,6.2,313.7,15,D,0
-14.2785,134.8188,336.3,1.1,1,2014-11-10,0128,Terra,MODIS,52,6.2,314,16,D,0
-12.5159,130.9942,327,1.2,1.1,2014-11-10,0128,Terra,MODIS,22,6.2,305.8,9.5,D,0
-14.2581,134.6733,332.4,1,1,2014-11-10,0128,Terra,MODIS,67,6.2,309.9,14.7,D,0
-14.2673,134.672,330.4,1,1,2014-11-10,0128,Terra,MODIS,44,6.2,309.5,11.1,D,0
-14.5863,134.1335,338.6,1,1,2014-11-10,0128,Terra,MODIS,78,6.2,313.9,17.3,D,0
-14.4018,134.7747,330.4,1.1,1,2014-11-10,0128,Terra,MODIS,41,6.2,309.4,11.8,D,0
-14.5931,134.1806,344,1,1,2014-11-10,0128,Terra,MODIS,86,6.2,313.9,23.8,D,0
-14.3755,134.7884,345.4,1.1,1,2014-11-10,0128,Terra,MODIS,88,6.2,312.4,33.8,D,0
-13.8352,141.8128,325.9,3.1,1.7,2014-11-10,0128,Terra,MODIS,77,6.2,304.5,41,D,0
-14.2857,134.6693,329.9,1,1,2014-11-10,0128,Terra,MODIS,50,6.2,308.7,10.6,D,0
-12.3388,131.6237,348.6,1.1,1.1,2014-11-10,0128,Terra,MODIS,92,6.2,305.4,47.2,D,0
-13.3287,133.7756,342.9,1,1,2014-11-10,0128,Terra,MODIS,83,6.2,314,21.8,D,0
-13.3274,133.7665,345.8,1,1,2014-11-10,0128,Terra,MODIS,89,6.2,315.8,27.3,D,0
-13.4891,130.3534,332.1,1.3,1.1,2014-11-10,0128,Terra,MODIS,52,6.2,307.8,23.7,D,0
-12.9038,130.3443,330.7,1.3,1.1,2014-11-10,0128,Terra,MODIS,31,6.2,308.7,20.4,D,0
-12.934,130.3393,333.4,1.3,1.1,2014-11-10,0128,Terra,MODIS,38,6.2,309.8,23,D,0
-12.9056,130.356,332.6,1.3,1.1,2014-11-10,0128,Terra,MODIS,34,6.2,309.7,22.4,D,0
-12.9138,130.3426,331.5,1.3,1.1,2014-11-10,0128,Terra,MODIS,30,6.2,309.4,21.5,D,0
-12.9157,130.3543,333.1,1.3,1.1,2014-11-10,0128,Terra,MODIS,19,6.2,310.4,23.4,D,0
-12.9176,130.366,332.6,1.3,1.1,2014-11-10,0128,Terra,MODIS,25,6.2,310.1,22.4,D,0
-12.9239,130.341,333.5,1.3,1.1,2014-11-10,0128,Terra,MODIS,41,6.2,310.9,24.2,D,0
-12.9321,130.3276,332.9,1.3,1.1,2014-11-10,0128,Terra,MODIS,37,6.2,309.4,23.1,D,0
-15.4225,135.8893,332.6,1.2,1.1,2014-11-10,0128,Terra,MODIS,67,6.2,307.2,20.3,D,0
-15.4245,135.8941,335.4,1.2,1.1,2014-11-10,0128,Terra,MODIS,75,6.2,306.8,25.9,D,0
-15.1275,143.1055,325.5,4,1.9,2014-11-10,0128,Terra,MODIS,67,6.2,304.5,61,D,0
-15.423,135.8828,332.2,1.2,1.1,2014-11-10,0128,Terra,MODIS,67,6.2,307.2,19.3,D,0
-15.1322,143.0995,326.4,4,1.9,2014-11-10,0128,Terra,MODIS,68,6.2,305.4,73.4,D,0
-16.0201,135.3969,333.4,1.2,1.1,2014-11-10,0129,Terra,MODIS,60,6.2,304.7,14.9,D,0
-17.7895,135.3782,359.6,1.2,1.1,2014-11-10,0129,Terra,MODIS,99,6.2,314.9,79.6,D,0
-17.791,135.3896,362.1,1.2,1.1,2014-11-10,0129,Terra,MODIS,100,6.2,316.5,89.6,D,0
-18.4339,129.0569,340.3,1.3,1.1,2014-11-10,0129,Terra,MODIS,78,6.2,311.7,26.9,D,0
-18.4239,129.0587,340.4,1.3,1.1,2014-11-10,0129,Terra,MODIS,80,6.2,309.9,28.7,D,0
-15.5901,129.9104,343.1,1.2,1.1,2014-11-10,0129,Terra,MODIS,87,6.2,302.2,39.3,D,0
-15.5292,129.9145,333.2,1.3,1.1,2014-11-10,0129,Terra,MODIS,42,6.2,304.8,21.1,D,0
-18.432,129.0449,338.4,1.3,1.1,2014-11-10,0129,Terra,MODIS,77,6.2,311.8,24.1,D,0
-15.5273,129.9029,344.8,1.3,1.1,2014-11-10,0129,Terra,MODIS,88,6.2,306.8,47.9,D,0
-15.5392,129.9128,356.4,1.3,1.1,2014-11-10,0129,Terra,MODIS,97,6.2,302.4,85,D,0
-17.5887,134.9576,337.7,1.1,1.1,2014-11-10,0129,Terra,MODIS,53,6.2,314.8,16.4,D,0
-16.6866,133.901,337.3,1,1,2014-11-10,0129,Terra,MODIS,57,6.2,310.8,17.9,D,0
-16.6944,133.89,346.2,1,1,2014-11-10,0129,Terra,MODIS,89,6.2,311.9,31.5,D,0
-16.6958,133.8997,340.5,1,1,2014-11-10,0129,Terra,MODIS,69,6.2,308.7,22.5,D,0
-16.7035,133.8887,374.9,1,1,2014-11-10,0129,Terra,MODIS,100,6.2,313.9,114.5,D,0
-16.7049,133.8983,400.5,1,1,2014-11-10,0129,Terra,MODIS,100,6.2,313.4,244.9,D,0
-16.712,133.8912,347.6,1,1,2014-11-10,0129,Terra,MODIS,90,6.2,309.9,37.7,D,0
-16.7134,133.9009,339.9,1,1,2014-11-10,0129,Terra,MODIS,82,6.2,307.2,23.7,D,0
-16.7225,133.8995,332.5,1,1,2014-11-10,0129,Terra,MODIS,54,6.2,307.2,11.9,D,0
-17.7429,135.4143,342.5,1.2,1.1,2014-11-10,0129,Terra,MODIS,67,6.2,309.2,38.1,D,0
-17.1196,133.6484,332.9,1,1,2014-11-10,0129,Terra,MODIS,62,6.2,310.8,15.7,D,0
-17.5791,134.959,367.3,1.1,1.1,2014-11-10,0129,Terra,MODIS,100,6.2,313.2,102,D,0
-17.0221,133.6104,338.5,1,1,2014-11-10,0129,Terra,MODIS,78,6.2,310.1,19.1,D,0
-17.0433,133.5041,334.8,1,1,2014-11-10,0129,Terra,MODIS,52,6.2,315.1,11.3,D,0
-17.0569,133.5993,351.8,1,1,2014-11-10,0129,Terra,MODIS,93,6.2,314.6,46.3,D,0
-17.0583,133.6088,349,1,1,2014-11-10,0129,Terra,MODIS,91,6.2,311.6,40.4,D,0
-17.066,133.5979,332.8,1,1,2014-11-10,0129,Terra,MODIS,53,6.2,312.4,11.7,D,0
-16.4941,133.776,334.6,1,1,2014-11-10,0129,Terra,MODIS,40,6.2,304.2,19.5,D,0
-17.1873,133.7397,333.5,1,1,2014-11-10,0129,Terra,MODIS,53,6.2,312,14.7,D,0
-16.9559,133.7246,361.9,1,1,2014-11-10,0129,Terra,MODIS,100,6.2,311.7,71.8,D,0
-16.9573,133.7342,355.6,1,1,2014-11-10,0129,Terra,MODIS,97,6.2,307.8,57.1,D,0
-16.9644,133.7265,339.5,1,1,2014-11-10,0129,Terra,MODIS,72,6.2,308.9,23.7,D,0
-16.9658,133.7361,336.4,1,1,2014-11-10,0129,Terra,MODIS,74,6.2,307.2,20.1,D,0
-16.9807,133.842,335.1,1,1,2014-11-10,0129,Terra,MODIS,60,6.2,309.4,17.8,D,0
-16.9821,133.8516,337.3,1,1,2014-11-10,0129,Terra,MODIS,58,6.2,307.7,21.2,D,0
-16.9912,133.8503,342.8,1,1,2014-11-10,0129,Terra,MODIS,79,6.2,306.6,32.3,D,0
-16.9981,133.7019,339.9,1,1,2014-11-10,0129,Terra,MODIS,46,6.2,311.6,19.8,D,0
-16.9995,133.7115,341,1,1,2014-11-10,0129,Terra,MODIS,72,6.2,311,25.1,D,0
-17.0058,133.691,341.3,1,1,2014-11-10,0129,Terra,MODIS,79,6.2,312.5,17.7,D,0
-17.0072,133.7005,338,1,1,2014-11-10,0129,Terra,MODIS,47,6.2,310,16.9,D,0
-17.0086,133.7101,338,1,1,2014-11-10,0129,Terra,MODIS,66,6.2,308.2,20.3,D,0
-17.0163,133.6992,357.9,1,1,2014-11-10,0129,Terra,MODIS,98,6.2,311,59.8,D,0
-17.024,133.6882,360.2,1,1,2014-11-10,0129,Terra,MODIS,100,6.2,313.3,64.1,D,0
-17.0254,133.6978,423.8,1,1,2014-11-10,0129,Terra,MODIS,100,6.2,319.9,422.5,D,0
-17.0268,133.7074,339.7,1,1,2014-11-10,0129,Terra,MODIS,80,6.2,308.2,24.9,D,0
-17.1889,142.6359,327.2,3.9,1.8,2014-11-10,0129,Terra,MODIS,43,6.2,308,73,D,0
-17.5681,134.9496,351,1.1,1.1,2014-11-10,0129,Terra,MODIS,93,6.2,312.6,50,D,0
-17.5777,134.9483,336.1,1.1,1.1,2014-11-10,0129,Terra,MODIS,43,6.2,315.4,16.9,D,0
-17.1774,142.6319,327.3,3.9,1.8,2014-11-10,0129,Terra,MODIS,47,6.2,306.6,74.4,D,0
-16.8552,134.1914,348.8,1.1,1,2014-11-10,0129,Terra,MODIS,92,6.2,312.6,41.7,D,0
-17.7361,135.4385,344.4,1.2,1.1,2014-11-10,0129,Terra,MODIS,66,6.2,312.8,37.7,D,0
-16.9259,133.906,349.2,1,1,2014-11-10,0129,Terra,MODIS,86,6.2,307.4,44.9,D,0
-16.935,133.9046,337.8,1,1,2014-11-10,0129,Terra,MODIS,57,6.2,304.3,24,D,0
-16.94,133.8743,332.3,1,1,2014-11-10,0129,Terra,MODIS,52,6.2,310.8,10,D,0
-16.9492,133.8729,335.7,1,1,2014-11-10,0129,Terra,MODIS,69,6.2,312.3,14.5,D,0
-16.9506,133.8826,367.8,1,1,2014-11-10,0129,Terra,MODIS,100,6.2,311.2,94,D,0
-16.9597,133.8812,339.1,1,1,2014-11-10,0129,Terra,MODIS,71,6.2,309.6,25.2,D,0
-16.9661,133.8605,335.8,1,1,2014-11-10,0129,Terra,MODIS,63,6.2,311,15,D,0
-16.9688,133.8799,341.5,1,1,2014-11-10,0129,Terra,MODIS,83,6.2,310.8,31.1,D,0
-16.9702,133.8895,333.1,1,1,2014-11-10,0129,Terra,MODIS,66,6.2,306.8,19.4,D,0
-16.5121,132.8878,345.2,1,1,2014-11-10,0129,Terra,MODIS,88,6.2,309.6,32.2,D,0
-16.5211,132.8864,341.4,1,1,2014-11-10,0129,Terra,MODIS,84,6.2,307.3,26.8,D,0
-16.5224,132.8958,331.7,1,1,2014-11-10,0129,Terra,MODIS,48,6.2,308,11.7,D,0
-16.925,133.7684,375.9,1,1,2014-11-10,0129,Terra,MODIS,100,6.2,312.2,124.2,D,0
-16.9363,133.7177,345.1,1,1,2014-11-10,0129,Terra,MODIS,87,6.2,305,31.9,D,0
-16.9377,133.7273,377.3,1,1,2014-11-10,0129,Terra,MODIS,100,6.2,310.2,126.7,D,0
-17.7345,135.4271,347.3,1.2,1.1,2014-11-10,0129,Terra,MODIS,80,6.2,310,49,D,0
-17.0816,131.9538,335,1,1,2014-11-10,0129,Terra,MODIS,55,6.2,313.3,15.3,D,0
-17.0906,131.9524,338.6,1,1,2014-11-10,0129,Terra,MODIS,61,6.2,310.5,21.2,D,0
-17.092,131.9618,343.9,1,1,2014-11-10,0129,Terra,MODIS,82,6.2,311.8,30.4,D,0
-16.501,132.9371,346.2,1,1,2014-11-10,0129,Terra,MODIS,89,6.2,311.3,33.8,D,0
-16.51,132.9357,361.7,1,1,2014-11-10,0129,Terra,MODIS,100,6.2,311.9,69.4,D,0
-16.5113,132.9451,347.8,1,1,2014-11-10,0129,Terra,MODIS,91,6.2,309.4,36.9,D,0
-16.5189,132.9344,352.4,1,1,2014-11-10,0129,Terra,MODIS,94,6.2,308.4,47.6,D,0
-16.5203,132.9437,329.4,1,1,2014-11-10,0129,Terra,MODIS,52,6.2,306,8.4,D,0
-16.5279,132.933,343.9,1,1,2014-11-10,0129,Terra,MODIS,87,6.2,307.4,31.6,D,0
-16.7435,133.9161,345.1,1,1,2014-11-10,0129,Terra,MODIS,69,6.2,309.3,37.2,D,0
-17.4576,131.4611,336.2,1,1,2014-11-10,0129,Terra,MODIS,72,6.2,315.3,12.6,D,0
-17.7095,135.4656,346.6,1.2,1.1,2014-11-10,0129,Terra,MODIS,89,6.2,310.5,49.1,D,0
-15.9501,135.4129,334,1.2,1.1,2014-11-10,0129,Terra,MODIS,70,6.2,305.7,16.6,D,0
-17.7447,135.4192,346.7,1.2,1.1,2014-11-10,0129,Terra,MODIS,58,6.2,311.8,41.7,D,0
-17.0592,130.8444,338.2,1.1,1,2014-11-10,0129,Terra,MODIS,54,6.2,312.2,16.6,D,0
-17.7728,135.4037,361.9,1.2,1.1,2014-11-10,0129,Terra,MODIS,100,6.2,311.2,89.9,D,0
-17.7698,135.381,364.3,1.2,1.1,2014-11-10,0129,Terra,MODIS,100,6.2,311.4,106.3,D,0
-17.7713,135.3923,370.3,1.2,1.1,2014-11-10,0129,Terra,MODIS,100,6.2,309.7,127.2,D,0
-17.5695,134.9604,341,1.1,1.1,2014-11-10,0129,Terra,MODIS,83,6.2,306.7,27.3,D,0
-16.8667,136.2623,338.1,1.3,1.1,2014-11-10,0129,Terra,MODIS,83,6.2,308.9,30.9,D,0
-16.8683,136.2747,330.6,1.3,1.1,2014-11-10,0129,Terra,MODIS,63,6.2,307.7,14.8,D,0
-16.6579,131.1064,348.2,1.1,1,2014-11-10,0129,Terra,MODIS,90,6.2,314.2,37,D,0
-16.6595,131.1164,343.7,1.1,1,2014-11-10,0129,Terra,MODIS,85,6.2,312.5,26.4,D,0
-16.6636,131.0995,338.2,1.1,1,2014-11-10,0129,Terra,MODIS,57,6.2,314.7,18.9,D,0
-16.6652,131.1094,346,1.1,1,2014-11-10,0129,Terra,MODIS,88,6.2,314.8,31.9,D,0
-16.6683,131.1293,360.7,1.1,1,2014-11-10,0129,Terra,MODIS,100,6.2,313.8,69.9,D,0
-16.6698,131.1392,338.8,1.1,1,2014-11-10,0129,Terra,MODIS,78,6.2,310.7,19.4,D,0
-16.6775,131.1278,336.9,1.1,1,2014-11-10,0129,Terra,MODIS,74,6.2,313.3,15.7,D,0
-16.6791,131.1377,336.7,1.1,1,2014-11-10,0129,Terra,MODIS,74,6.2,311.5,15.4,D,0
-17.5902,134.9684,342.1,1.1,1.1,2014-11-10,0129,Terra,MODIS,67,6.2,313.8,23,D,0
-17.7796,135.3796,375.4,1.2,1.1,2014-11-10,0129,Terra,MODIS,100,6.2,316.6,150.7,D,0
-17.7812,135.391,383.6,1.2,1.1,2014-11-10,0129,Terra,MODIS,100,6.2,314.8,192.6,D,0
-17.7827,135.4023,345.6,1.2,1.1,2014-11-10,0129,Terra,MODIS,87,6.2,316.5,39.6,D,0
-17.1125,130.9014,369.1,1.1,1,2014-11-10,0129,Terra,MODIS,100,6.2,315.4,94.1,D,0
-17.1141,130.9115,351.4,1.1,1,2014-11-10,0129,Terra,MODIS,93,6.2,314.3,43,D,0
-16.8905,136.2842,334.9,1.3,1.1,2014-11-10,0129,Terra,MODIS,79,6.2,308.4,24.6,D,0
-16.9008,136.283,333.1,1.3,1.1,2014-11-10,0129,Terra,MODIS,73,6.2,306.8,20.6,D,0
-16.9111,136.2815,326.7,1.3,1.1,2014-11-10,0129,Terra,MODIS,42,6.2,306.5,9.4,D,0
-16.6034,133.8316,333.4,1,1,2014-11-10,0129,Terra,MODIS,58,6.2,309.8,13.6,D,0
-17.1115,133.7869,333.6,1,1,2014-11-10,0129,Terra,MODIS,24,6.2,311.8,14.1,D,0
-17.1297,133.7842,336.3,1,1,2014-11-10,0129,Terra,MODIS,55,6.2,308.4,16.5,D,0
-17.0345,133.6964,356.4,1,1,2014-11-10,0129,Terra,MODIS,97,6.2,308.7,58.6,D,0
-17.1046,133.7388,336.8,1,1,2014-11-10,0129,Terra,MODIS,57,6.2,312.8,17.1,D,0
-17.106,133.7484,340.3,1,1,2014-11-10,0129,Terra,MODIS,78,6.2,311.8,22.3,D,0
-17.1074,133.758,334.7,1,1,2014-11-10,0129,Terra,MODIS,48,6.2,311.9,13.6,D,0
-17.1292,133.7155,357.1,1,1,2014-11-10,0129,Terra,MODIS,97,6.2,310.5,58.3,D,0
-17.1361,133.7635,332.9,1,1,2014-11-10,0129,Terra,MODIS,35,6.2,312.6,11.5,D,0
-17.1375,133.7732,349.2,1,1,2014-11-10,0129,Terra,MODIS,91,6.2,310.3,40.6,D,0
-17.1452,133.7622,336.7,1,1,2014-11-10,0129,Terra,MODIS,68,6.2,309.4,18.3,D,0
-17.1466,133.7718,336.1,1,1,2014-11-10,0129,Terra,MODIS,68,6.2,307.1,16.9,D,0
-17.1559,133.7149,349.7,1,1,2014-11-10,0129,Terra,MODIS,91,6.2,310,45.7,D,0
-17.1613,133.7534,335.9,1,1,2014-11-10,0129,Terra,MODIS,72,6.2,307.6,19.7,D,0
-16.8472,133.9337,331.9,1,1,2014-11-10,0129,Terra,MODIS,46,6.2,307.5,13.9,D,0
-16.8563,133.9323,331.1,1,1,2014-11-10,0129,Terra,MODIS,47,6.2,308.1,12.9,D,0
-16.8746,133.9296,333.1,1,1,2014-11-10,0129,Terra,MODIS,56,6.2,304.2,15.1,D,0
-16.8929,133.9268,351.7,1,1,2014-11-10,0129,Terra,MODIS,94,6.2,308.6,50.2,D,0
-16.8943,133.9365,357.8,1,1,2014-11-10,0129,Terra,MODIS,98,6.2,305.9,68.3,D,0
-16.8998,133.9198,342.7,1,1,2014-11-10,0129,Terra,MODIS,75,6.2,308,35.1,D,0
-16.9012,133.9295,335.6,1,1,2014-11-10,0129,Terra,MODIS,62,6.2,304.4,24.7,D,0
-16.0149,130.4412,370.5,1.2,1.1,2014-11-10,0129,Terra,MODIS,100,6.2,312.6,121.3,D,0
-16.0166,130.4519,348,1.2,1.1,2014-11-10,0129,Terra,MODIS,91,6.2,309.7,46.7,D,0
-16.0245,130.4395,346.7,1.2,1.1,2014-11-10,0129,Terra,MODIS,90,6.2,305.1,43.2,D,0
-15.6101,129.9073,338.9,1.2,1.1,2014-11-10,0129,Terra,MODIS,82,6.2,305.5,31.3,D,0
-15.6119,129.9188,327.7,1.2,1.1,2014-11-10,0129,Terra,MODIS,35,6.2,303.2,8.5,D,0
-15.8942,129.827,345.1,1.3,1.1,2014-11-10,0129,Terra,MODIS,88,6.2,308,39,D,0
-15.8961,129.8386,345.3,1.2,1.1,2014-11-10,0129,Terra,MODIS,88,6.2,310.4,39.5,D,0
-16.0114,130.4198,332.3,1.2,1.1,2014-11-10,0129,Terra,MODIS,68,6.2,309.1,16.4,D,0
-16.0131,130.4305,347.1,1.2,1.1,2014-11-10,0129,Terra,MODIS,90,6.2,311.7,45.9,D,0
-16.0227,130.4288,351.2,1.2,1.1,2014-11-10,0129,Terra,MODIS,93,6.2,308.3,55.8,D,0
-18.7834,137.8147,352.3,1.8,1.3,2014-11-10,0129,Terra,MODIS,95,6.2,309.4,105,D,0
-18.7775,137.8089,348.5,1.8,1.3,2014-11-10,0129,Terra,MODIS,92,6.2,309.7,89.3,D,0
-18.7795,137.8259,337.4,1.8,1.3,2014-11-10,0129,Terra,MODIS,71,6.2,310.7,40.4,D,0
-15.3838,129.149,331,1.4,1.2,2014-11-10,0129,Terra,MODIS,55,6.2,305.6,21.4,D,0
-14.6132,125.556,325.4,2.6,1.6,2014-11-10,0129,Terra,MODIS,59,6.2,298.7,42.6,D,0
-18.2089,129.6847,340.9,1.2,1.1,2014-11-10,0129,Terra,MODIS,69,6.2,316,20,D,0
-15.0305,127.3079,335.9,1.9,1.4,2014-11-10,0129,Terra,MODIS,78,6.2,305.4,45,D,0
-15.2727,128.8347,331.3,1.5,1.2,2014-11-10,0129,Terra,MODIS,46,6.2,307.1,17.6,D,0
-16.7048,128.288,335.8,1.5,1.2,2014-11-10,0129,Terra,MODIS,77,6.2,306.9,36.9,D,0
-15.4695,129.9903,335.7,1.2,1.1,2014-11-10,0129,Terra,MODIS,76,6.2,308.2,20,D,0
-15.4714,130.0019,351.7,1.2,1.1,2014-11-10,0129,Terra,MODIS,94,6.2,307,61.7,D,0
-15.4689,129.9838,334.8,1.2,1.1,2014-11-10,0129,Terra,MODIS,75,6.2,308.4,15.9,D,0
-15.025,127.3199,333.9,1.9,1.3,2014-11-10,0129,Terra,MODIS,66,6.2,307.2,37.1,D,0
-15.0334,127.3254,333.9,1.9,1.3,2014-11-10,0129,Terra,MODIS,70,6.2,305.2,38.2,D,0
-16.0054,129.8785,331.2,1.2,1.1,2014-11-10,0129,Terra,MODIS,56,6.2,305.7,11.8,D,0
-15.287,124.7285,346.9,3,1.6,2014-11-10,0129,Terra,MODIS,0,6.2,294.8,226,D,0
-15.3017,124.7259,322.1,3,1.6,2014-11-10,0129,Terra,MODIS,0,6.2,294.4,50.6,D,0
-16.147,129.4303,330.3,1.3,1.1,2014-11-10,0129,Terra,MODIS,43,6.2,307.2,17.2,D,0
-15.4708,129.9953,342.4,1.2,1.1,2014-11-10,0129,Terra,MODIS,86,6.2,308.3,33.4,D,0
-15.4727,130.0068,353.4,1.2,1.1,2014-11-10,0129,Terra,MODIS,95,6.2,305.2,66.3,D,0
-15.498,130.2973,336.1,1.2,1.1,2014-11-10,0129,Terra,MODIS,66,6.2,309.6,21,D,0
-15.4656,130.9847,363.6,1.1,1,2014-11-10,0129,Terra,MODIS,100,6.2,312.7,83.5,D,0
-15.0371,127.3177,331.8,1.9,1.3,2014-11-10,0129,Terra,MODIS,64,6.2,304.3,32.5,D,0
-15.464,130.9743,345.6,1.1,1.1,2014-11-10,0129,Terra,MODIS,88,6.2,310.9,32.6,D,0
-15.4746,130.0184,332.5,1.2,1.1,2014-11-10,0129,Terra,MODIS,56,6.2,302.2,15.8,D,0
-16.0035,130.4321,333,1.2,1.1,2014-11-10,0129,Terra,MODIS,70,6.2,310.9,16.4,D,0
-15.9994,130.4279,332.6,1.2,1.1,2014-11-10,0129,Terra,MODIS,56,6.2,310.5,14.5,D,0
-15.4963,130.2862,332.6,1.2,1.1,2014-11-10,0129,Terra,MODIS,53,6.2,307.9,15.6,D,0
-15.4611,131.0171,348.5,1.1,1,2014-11-10,0129,Terra,MODIS,91,6.2,308.2,46.3,D,0
-16.0035,129.867,343.2,1.2,1.1,2014-11-10,0129,Terra,MODIS,86,6.2,310.4,38.2,D,0
-16.8006,129.2223,338,1.3,1.1,2014-11-10,0129,Terra,MODIS,71,6.2,310.7,22.1,D,0
-16.7986,129.2101,339,1.3,1.1,2014-11-10,0129,Terra,MODIS,79,6.2,312,22.8,D,0
-15.245,128.8672,337.6,1.5,1.2,2014-11-10,0129,Terra,MODIS,81,6.2,305.6,33.5,D,0
-15.4998,130.3083,342,1.2,1.1,2014-11-10,0129,Terra,MODIS,85,6.2,306.5,32.2,D,0
-15.5348,130.592,337.1,1.2,1.1,2014-11-10,0129,Terra,MODIS,57,6.2,309.3,15.8,D,0
-15.5982,129.8972,336,1.3,1.1,2014-11-10,0129,Terra,MODIS,77,6.2,304.9,26.8,D,0
-17.2173,129.0789,339,1.3,1.1,2014-11-10,0129,Terra,MODIS,66,6.2,313.9,16.3,D,0
-16.0022,129.8618,341.1,1.2,1.1,2014-11-10,0129,Terra,MODIS,84,6.2,309.7,32.9,D,0
-16.7584,130.0426,331.1,1.2,1.1,2014-11-10,0129,Terra,MODIS,37,6.2,310.2,12.7,D,0
-16.7699,130.052,347.6,1.2,1.1,2014-11-10,0129,Terra,MODIS,89,6.2,308.5,46.2,D,0
-16.7716,130.063,333.2,1.2,1.1,2014-11-10,0129,Terra,MODIS,63,6.2,308,14.8,D,0
-16.7729,130.0561,341.1,1.2,1.1,2014-11-10,0129,Terra,MODIS,81,6.2,307.4,33.2,D,0
-16.7826,130.0545,337.9,1.2,1.1,2014-11-10,0129,Terra,MODIS,76,6.2,306.6,26.1,D,0
-16.7844,130.0655,348.9,1.2,1.1,2014-11-10,0129,Terra,MODIS,91,6.2,307.5,50.7,D,0
-15.9557,129.9521,338.2,1.2,1.1,2014-11-10,0129,Terra,MODIS,61,6.2,311,21.3,D,0
-15.5623,130.642,327.8,1.1,1.1,2014-11-10,0129,Terra,MODIS,18,6.2,305.8,8.7,D,0
-15.559,130.6208,340,1.1,1.1,2014-11-10,0129,Terra,MODIS,72,6.2,306.8,24.6,D,0
-15.5573,130.6103,354.5,1.1,1.1,2014-11-10,0129,Terra,MODIS,96,6.2,309.8,59.5,D,0
-15.5544,130.6544,344.6,1.1,1.1,2014-11-10,0129,Terra,MODIS,87,6.2,307.3,39.7,D,0
-15.5527,130.6437,347.1,1.1,1.1,2014-11-10,0129,Terra,MODIS,90,6.2,308.6,44,D,0
-15.5449,130.656,339.8,1.1,1.1,2014-11-10,0129,Terra,MODIS,73,6.2,311,26.1,D,0
-15.5432,130.6454,348.8,1.1,1.1,2014-11-10,0129,Terra,MODIS,89,6.2,312.2,44.3,D,0
-15.537,130.6682,359.2,1.1,1.1,2014-11-10,0129,Terra,MODIS,99,6.2,311,75,D,0
-15.5353,130.6576,339.8,1.1,1.1,2014-11-10,0129,Terra,MODIS,75,6.2,311.6,24.1,D,0
-15.5336,130.6469,342.6,1.1,1.1,2014-11-10,0129,Terra,MODIS,82,6.2,312.2,28.2,D,0
-15.5274,130.6697,361.8,1.1,1.1,2014-11-10,0129,Terra,MODIS,100,6.2,311.3,82.9,D,0
-15.5258,130.6592,389.4,1.1,1.1,2014-11-10,0129,Terra,MODIS,100,6.2,311.8,209.5,D,0
-15.5241,130.6485,346.6,1.1,1.1,2014-11-10,0129,Terra,MODIS,89,6.2,308.7,35.5,D,0
-15.5162,130.6607,333.5,1.1,1.1,2014-11-10,0129,Terra,MODIS,70,6.2,308.2,11.8,D,0
-15.5145,130.6501,354.6,1.1,1.1,2014-11-10,0129,Terra,MODIS,96,6.2,310.5,57.5,D,0
-15.5331,130.5813,355.7,1.2,1.1,2014-11-10,0129,Terra,MODIS,97,6.2,309.1,61.9,D,0
-15.5218,130.5722,335.2,1.2,1.1,2014-11-10,0129,Terra,MODIS,56,6.2,310.8,11.7,D,0
-15.4901,130.3099,353.6,1.2,1.1,2014-11-10,0129,Terra,MODIS,95,6.2,307.1,63.3,D,0
-15.5122,130.5738,339.6,1.2,1.1,2014-11-10,0129,Terra,MODIS,80,6.2,311.1,18.2,D,0
-15.9576,129.9635,335.8,1.2,1.1,2014-11-10,0129,Terra,MODIS,73,6.2,309.3,20.7,D,0
-16.0153,129.8768,343.8,1.2,1.1,2014-11-10,0129,Terra,MODIS,87,6.2,305.6,39.4,D,0
-15.472,131.0253,328.5,1.1,1,2014-11-10,0129,Terra,MODIS,49,6.2,304.1,11.7,D,0
-16.0134,129.8653,333,1.2,1.1,2014-11-10,0129,Terra,MODIS,70,6.2,306.3,16.2,D,0
-15.2705,128.8213,331.3,1.5,1.2,2014-11-10,0129,Terra,MODIS,63,6.2,304.9,19.9,D,0
-15.4317,130.9864,335.2,1.1,1.1,2014-11-10,0129,Terra,MODIS,50,6.2,311.2,10.5,D,0
-15.4255,131.0082,372.9,1.1,1,2014-11-10,0129,Terra,MODIS,100,6.2,309.9,121.9,D,0
-15.4239,130.9982,357,1.1,1,2014-11-10,0129,Terra,MODIS,98,6.2,312.1,62,D,0
-15.4223,130.988,336.1,1.1,1.1,2014-11-10,0129,Terra,MODIS,53,6.2,312.1,11.6,D,0
-15.4144,130.9995,337.3,1.1,1,2014-11-10,0129,Terra,MODIS,50,6.2,310.7,14.1,D,0
-15.4082,131.0215,341.2,1.1,1,2014-11-10,0129,Terra,MODIS,84,6.2,309.6,25.5,D,0
-15.5105,130.5631,340.9,1.2,1.1,2014-11-10,0129,Terra,MODIS,83,6.2,310.7,21.9,D,0
-15.4066,131.0113,336.6,1.1,1,2014-11-10,0129,Terra,MODIS,62,6.2,310.7,14.9,D,0
-15.5173,130.9446,334,1.1,1.1,2014-11-10,0129,Terra,MODIS,72,6.2,307.8,14.4,D,0
-15.8496,130.8968,375.9,1.1,1,2014-11-10,0129,Terra,MODIS,100,6.2,311.9,135.9,D,0
-15.848,130.8865,345.4,1.1,1.1,2014-11-10,0129,Terra,MODIS,89,6.2,311.7,37.6,D,0
-15.8402,130.8983,356.9,1.1,1,2014-11-10,0129,Terra,MODIS,98,6.2,309.9,66.2,D,0
-15.8386,130.888,338,1.1,1.1,2014-11-10,0129,Terra,MODIS,80,6.2,311.1,20.8,D,0
-15.5095,130.9565,337.4,1.1,1.1,2014-11-10,0129,Terra,MODIS,78,6.2,308.3,19.9,D,0
-15.5079,130.9464,335.9,1.1,1.1,2014-11-10,0129,Terra,MODIS,76,6.2,309.7,16.8,D,0
-15.5015,130.9053,332.9,1.1,1.1,2014-11-10,0129,Terra,MODIS,59,6.2,309.7,12.9,D,0
-15.4999,130.8949,335.3,1.1,1.1,2014-11-10,0129,Terra,MODIS,74,6.2,308.5,17.5,D,0
-15.4767,130.9934,338.7,1.1,1,2014-11-10,0129,Terra,MODIS,80,6.2,306.5,26.3,D,0
-15.475,130.9831,340.9,1.1,1,2014-11-10,0129,Terra,MODIS,76,6.2,308.4,26.8,D,0
-15.4734,130.9728,343.1,1.1,1.1,2014-11-10,0129,Terra,MODIS,84,6.2,309,29.4,D,0
-15.8324,130.91,345.7,1.1,1,2014-11-10,0129,Terra,MODIS,89,6.2,310,38.1,D,0
-15.8308,130.8998,333.9,1.1,1,2014-11-10,0129,Terra,MODIS,58,6.2,311.6,13.9,D,0
-16.004,129.8734,340.6,1.2,1.1,2014-11-10,0129,Terra,MODIS,83,6.2,308.4,29.2,D,0
-15.462,130.9008,336.3,1.1,1.1,2014-11-10,0129,Terra,MODIS,70,6.2,310.1,15,D,0
-15.409,129.2371,335.1,1.4,1.2,2014-11-10,0129,Terra,MODIS,76,6.2,305.2,30.8,D,0
-15.4705,131.0155,357.2,1.1,1,2014-11-10,0129,Terra,MODIS,98,6.2,307.8,71.1,D,0
-15.4689,131.0053,339.4,1.1,1,2014-11-10,0129,Terra,MODIS,77,6.2,309.6,27.5,D,0
-15.4673,130.9951,344.4,1.1,1,2014-11-10,0129,Terra,MODIS,79,6.2,311.3,34.7,D,0
-15.2472,128.8807,333.9,1.5,1.2,2014-11-10,0129,Terra,MODIS,73,6.2,304.9,23.8,D,0
-15.4004,131.033,332.2,1.1,1,2014-11-10,0129,Terra,MODIS,52,6.2,308.5,10.9,D,0
-15.4595,131.0069,340.9,1.1,1,2014-11-10,0129,Terra,MODIS,76,6.2,309.9,27.5,D,0
-15.4579,130.9967,336.6,1.1,1,2014-11-10,0129,Terra,MODIS,38,6.2,311.1,16.9,D,0
-15.4562,130.9863,334.9,1.1,1,2014-11-10,0129,Terra,MODIS,43,6.2,310.6,11.2,D,0
-19.4436,130.1756,344.7,1.1,1,2014-11-10,0130,Terra,MODIS,51,6.2,317.5,28,D,0
-19.5779,131.2836,342,1,1,2014-11-10,0130,Terra,MODIS,83,6.2,314.5,24.9,D,0
-19.7259,129.9946,335.5,1.1,1,2014-11-10,0130,Terra,MODIS,52,6.2,314.1,14.7,D,0
-19.453,130.174,356.9,1.1,1,2014-11-10,0130,Terra,MODIS,97,6.2,311.9,62.7,D,0
-19.7366,130.1209,337.4,1.1,1,2014-11-10,0130,Terra,MODIS,27,6.2,315.8,13.7,D,0
-19.7007,130.1124,338.6,1.1,1,2014-11-10,0130,Terra,MODIS,22,6.2,317.4,13.3,D,0
-19.4403,130.1549,342.1,1.1,1,2014-11-10,0130,Terra,MODIS,40,6.2,312.7,27.7,D,0
-19.4452,130.1859,347.2,1.1,1,2014-11-10,0130,Terra,MODIS,72,6.2,314.7,32.5,D,0
-19.7304,130.1178,342.3,1.1,1,2014-11-10,0130,Terra,MODIS,62,6.2,317.2,21.9,D,0
-19.4497,130.1533,350.7,1.1,1,2014-11-10,0130,Terra,MODIS,80,6.2,308.7,50.8,D,0
-19.442,130.1653,360.9,1.1,1,2014-11-10,0130,Terra,MODIS,100,6.2,317.3,72.5,D,0
-19.4391,130.2082,346.7,1.1,1,2014-11-10,0130,Terra,MODIS,82,6.2,317.1,30.3,D,0
-19.4078,130.1924,341.5,1.1,1,2014-11-10,0130,Terra,MODIS,76,6.2,316.9,17.7,D,0
-20.2895,121.1998,324.1,4.2,1.9,2014-11-10,0130,Terra,MODIS,47,6.2,299.7,63,D,0
-20.1333,120.9884,335.7,4.4,1.9,2014-11-10,0130,Terra,MODIS,83,6.2,298.1,207.6,D,0
-20.2639,121.1639,330.2,4.2,1.9,2014-11-10,0130,Terra,MODIS,74,6.2,298.2,124.3,D,0
-20.1242,120.9469,323.7,4.4,1.9,2014-11-10,0130,Terra,MODIS,65,6.2,297.2,80.6,D,0
-20.2791,121.168,323.4,4.2,1.9,2014-11-10,0130,Terra,MODIS,46,6.2,298.3,61.9,D,0
-20.6892,120.4089,332,4.7,2,2014-11-10,0130,Terra,MODIS,79,6.2,298.2,162.4,D,0
-20.6797,120.3643,342.3,4.7,2,2014-11-10,0130,Terra,MODIS,89,6.2,298.2,312.4,D,0
-20.2622,121.172,329.5,4.2,1.9,2014-11-10,0130,Terra,MODIS,71,6.2,298.2,115.1,D,0
-20.1496,120.9904,336,4.4,1.9,2014-11-10,0130,Terra,MODIS,83,6.2,298,211.8,D,0
-20.6041,120.5285,328.5,4.6,2,2014-11-10,0130,Terra,MODIS,75,6.2,298.5,122.2,D,0
-20.6973,120.3599,336.2,4.7,2,2014-11-10,0130,Terra,MODIS,83,6.2,297.8,213.1,D,0
-20.7126,120.3484,347,4.7,2,2014-11-10,0130,Terra,MODIS,92,6.2,298.5,392.6,D,0
-20.7068,120.4045,345.2,4.7,2,2014-11-10,0130,Terra,MODIS,91,6.2,298.9,353.5,D,0
-20.6128,120.5664,325.9,4.6,2,2014-11-10,0130,Terra,MODIS,69,6.2,298.4,93.2,D,0
-20.7302,120.344,329.8,4.7,2,2014-11-10,0130,Terra,MODIS,75,6.2,297.7,130.7,D,0
-20.6032,120.523,326.1,4.6,2,2014-11-10,0130,Terra,MODIS,69,6.2,298.4,97.2,D,0
-20.6773,120.357,331.2,4.7,2,2014-11-10,0130,Terra,MODIS,77,6.2,297.7,153.4,D,0
-20.1236,120.9527,324.1,4.4,1.9,2014-11-10,0130,Terra,MODIS,66,6.2,297.2,84.2,D,0
-20.6871,120.4015,332.3,4.7,2,2014-11-10,0130,Terra,MODIS,79,6.2,298,164,D,0
-20.7149,120.3555,348.6,4.7,2,2014-11-10,0130,Terra,MODIS,93,6.2,299,414,D,0
-20.1324,120.9943,328.8,4.4,1.9,2014-11-10,0130,Terra,MODIS,75,6.2,297.7,127.6,D,0
-20.1408,120.9488,324.8,4.4,1.9,2014-11-10,0130,Terra,MODIS,68,6.2,297.2,92.5,D,0
-20.6134,120.5719,323.6,4.6,2,2014-11-10,0130,Terra,MODIS,64,6.2,298.2,71.1,D,0
-20.6949,120.3527,333.7,4.7,2,2014-11-10,0130,Terra,MODIS,80,6.2,297.5,179.7,D,0
-20.7047,120.3972,348.8,4.7,2,2014-11-10,0130,Terra,MODIS,93,6.2,298.7,421,D,0
-20.1505,120.9845,329.2,4.4,1.9,2014-11-10,0130,Terra,MODIS,75,6.2,297.9,129.9,D,0
-21.6914,141.1268,337.9,3.5,1.8,2014-11-10,0130,Terra,MODIS,76,6.2,306.1,134.8,D,0
-21.6823,141.1339,332.3,3.5,1.8,2014-11-10,0130,Terra,MODIS,60,6.2,305.6,77.7,D,0
-19.5212,128.6906,340.8,1.3,1.1,2014-11-10,0130,Terra,MODIS,52,6.2,311.7,28.5,D,0
-19.606,128.7686,334.2,1.3,1.1,2014-11-10,0130,Terra,MODIS,67,6.2,311,18,D,0
-19.614,128.7547,336.3,1.3,1.1,2014-11-10,0130,Terra,MODIS,73,6.2,309.3,21.4,D,0
-19.5474,128.7232,373.8,1.3,1.1,2014-11-10,0130,Terra,MODIS,100,6.2,314,147.2,D,0
-19.5494,128.7354,354.7,1.3,1.1,2014-11-10,0130,Terra,MODIS,96,6.2,316.2,65.6,D,0
-19.5575,128.7214,340.1,1.3,1.1,2014-11-10,0130,Terra,MODIS,72,6.2,309.9,26,D,0
-19.5595,128.7335,336.7,1.3,1.1,2014-11-10,0130,Terra,MODIS,48,6.2,312.6,17.9,D,0
-19.5635,128.7577,336.3,1.3,1.1,2014-11-10,0130,Terra,MODIS,52,6.2,311.4,20,D,0
-19.5696,128.7317,332.8,1.3,1.1,2014-11-10,0130,Terra,MODIS,48,6.2,310.9,13.2,D,0
-19.5736,128.7559,336.5,1.3,1.1,2014-11-10,0130,Terra,MODIS,63,6.2,310.2,21.5,D,0
-19.5836,128.754,331.6,1.3,1.1,2014-11-10,0130,Terra,MODIS,24,6.2,308.2,11.6,D,0
-23.1483,127.3726,341.9,1.4,1.2,2014-11-10,0131,Terra,MODIS,46,6.2,311.4,44.6,D,0
-23.1586,127.3706,402,1.4,1.2,2014-11-10,0131,Terra,MODIS,100,6.2,309.9,384.8,D,0
-23.1608,127.3837,363.4,1.4,1.2,2014-11-10,0131,Terra,MODIS,100,6.2,307.7,118.7,D,0
-23.1537,127.3649,367.6,1.4,1.2,2014-11-10,0131,Terra,MODIS,100,6.2,307.6,140.2,D,0
-23.156,127.378,390.2,1.4,1.2,2014-11-10,0131,Terra,MODIS,100,6.2,315.1,281.8,D,0
-24.6732,129.5416,334.9,1,1,2014-11-10,0131,Terra,MODIS,72,6.2,316.9,12.3,D,0
-24.7114,129.4968,334.2,1,1,2014-11-10,0131,Terra,MODIS,63,6.2,319.5,12.7,D,0
-24.713,129.5071,335.5,1,1,2014-11-10,0131,Terra,MODIS,68,6.2,318.9,14.6,D,0
-21.1989,120.293,322.3,4.6,2,2014-11-10,0131,Terra,MODIS,51,6.2,298.4,76.4,D,0
-20.7287,120.3389,330.8,4.7,2,2014-11-10,0131,Terra,MODIS,76,6.2,297.6,144.3,D,0
-21.1893,120.2485,323.3,4.7,2,2014-11-10,0131,Terra,MODIS,63,6.2,296.9,89.4,D,0
-21.1871,120.2413,320.8,4.7,2,2014-11-10,0131,Terra,MODIS,49,6.2,296.5,66.8,D,0
-21.197,120.2857,324.7,4.6,2,2014-11-10,0131,Terra,MODIS,65,6.2,298.2,100.5,D,0
-21.1288,120.3103,356.3,4.6,2,2014-11-10,0131,Terra,MODIS,98,6.2,300.7,581.1,D,0
-21.119,120.2659,343.5,4.7,2,2014-11-10,0131,Terra,MODIS,90,6.2,297.6,336.2,D,0
-21.1299,120.3157,353.5,4.6,2,2014-11-10,0131,Terra,MODIS,96,6.2,300.6,520.8,D,0
-21.1203,120.2712,350.5,4.7,2,2014-11-10,0131,Terra,MODIS,94,6.2,297.9,467.1,D,0
-21.7434,121.2749,322.5,3.8,1.8,2014-11-10,0131,Terra,MODIS,19,6.2,300.4,45,D,0
-21.7272,121.279,326.4,3.8,1.8,2014-11-10,0131,Terra,MODIS,55,6.2,300.6,70.8,D,0
-21.738,121.2821,329.9,3.8,1.8,2014-11-10,0131,Terra,MODIS,71,6.2,301,100.4,D,0
-21.7303,121.2448,325.5,3.9,1.8,2014-11-10,0131,Terra,MODIS,63,6.2,299.5,70.4,D,0
-21.3327,120.5705,319.7,4.4,1.9,2014-11-10,0131,Terra,MODIS,40,6.2,296.9,63.8,D,0
-21.3336,120.5646,320.4,4.4,1.9,2014-11-10,0131,Terra,MODIS,44,6.2,296.8,67.3,D,0
-29.1495,129.5911,351.7,1,1,2014-11-10,0132,Terra,MODIS,94,6.2,314.5,45.9,D,0
-29.1585,129.5894,327.9,1,1,2014-11-10,0132,Terra,MODIS,34,6.2,312.9,5.7,D,0
-29.1511,129.6013,341.8,1,1,2014-11-10,0132,Terra,MODIS,86,6.2,314,25.8,D,0
-42.4342,147.4138,312.1,1,1,2014-11-10,0409,Aqua,MODIS,66,6.2,291.4,10.3,D,0
-38.3357,144.1872,311.7,1.2,1.1,2014-11-10,0410,Aqua,MODIS,61,6.2,296.4,8.9,D,0
-38.0124,145.2659,316.2,1.1,1,2014-11-10,0410,Aqua,MODIS,47,6.2,300.6,7.1,D,0
-37.9055,145.2394,313.7,1.1,1,2014-11-10,0410,Aqua,MODIS,66,6.2,296.6,5,D,0
-37.8427,145.2782,313.9,1.1,1,2014-11-10,0411,Aqua,MODIS,38,6.2,299,5.3,D,0
-37.7752,144.8117,339.2,1.1,1.1,2014-11-10,0411,Aqua,MODIS,90,6.2,302.8,38.9,D,0
-37.1642,148.8753,322.2,1,1,2014-11-10,0411,Aqua,MODIS,81,6.2,296.4,18.6,D,0
-36.3148,146.5206,326.5,1,1,2014-11-10,0411,Aqua,MODIS,76,6.2,310.7,12.5,D,0
-33.3554,147.7937,337.1,1,1,2014-11-10,0412,Aqua,MODIS,81,6.2,318.2,19.3,D,0
-33.3484,147.7981,340.3,1,1,2014-11-10,0412,Aqua,MODIS,84,6.2,319.5,27,D,0
-33.3375,147.8073,332.4,1,1,2014-11-10,0412,Aqua,MODIS,73,6.2,316.5,14.6,D,0
-33.3393,147.7961,356.5,1,1,2014-11-10,0412,Aqua,MODIS,97,6.2,322.2,62.8,D,0
-33.5828,147.8228,338.9,1,1,2014-11-10,0412,Aqua,MODIS,84,6.2,318.9,24,D,0
-28.7613,149.107,346.5,1.3,1.1,2014-11-10,0413,Aqua,MODIS,64,6.2,320.2,46.6,D,0
-28.0968,148.6698,362.9,1.3,1.1,2014-11-10,0413,Aqua,MODIS,100,6.2,323.5,98.8,D,0
-23.3676,147.8517,338.3,1.4,1.2,2014-11-10,0414,Aqua,MODIS,80,6.2,312,31.2,D,0
-23.37,147.8381,334.3,1.4,1.2,2014-11-10,0414,Aqua,MODIS,71,6.2,311.6,20.8,D,0
-23.3743,147.8475,336.9,1.4,1.2,2014-11-10,0414,Aqua,MODIS,77,6.2,312.3,27.8,D,0
-23.3616,147.8588,333.7,1.4,1.2,2014-11-10,0414,Aqua,MODIS,64,6.2,312.2,18.6,D,0
-22.7529,150.3364,325.7,2.1,1.4,2014-11-10,0414,Aqua,MODIS,62,6.2,306.9,34.7,D,0
-22.7567,150.3161,323,2.1,1.4,2014-11-10,0414,Aqua,MODIS,46,6.2,302.2,24,D,0
-22.7644,150.2756,338.9,2.1,1.4,2014-11-10,0414,Aqua,MODIS,85,6.2,304.1,86.1,D,0
-22.7543,150.3316,328.1,2.1,1.4,2014-11-10,0414,Aqua,MODIS,21,6.2,307.1,38.1,D,0
-22.7655,150.2706,340.9,2.1,1.4,2014-11-10,0414,Aqua,MODIS,87,6.2,304.3,93.7,D,0
-24.8361,147.9727,341.6,1.3,1.1,2014-11-10,0414,Aqua,MODIS,87,6.2,304.9,50.9,D,0
-24.8384,147.9595,327.5,1.3,1.1,2014-11-10,0414,Aqua,MODIS,36,6.2,303.7,20.5,D,0
-22.7318,149.7333,323.6,1.9,1.4,2014-11-10,0414,Aqua,MODIS,40,6.2,305.4,19,D,0
-24.7804,148.0126,339.1,1.4,1.2,2014-11-10,0414,Aqua,MODIS,77,6.2,314.4,35.9,D,0
-24.8034,148.0028,346,1.4,1.2,2014-11-10,0414,Aqua,MODIS,88,6.2,310.4,58.1,D,0
-24.8213,147.997,338.6,1.4,1.2,2014-11-10,0414,Aqua,MODIS,64,6.2,308.1,40.4,D,0
-24.7864,147.9148,325.3,1.3,1.1,2014-11-10,0414,Aqua,MODIS,41,6.2,300.8,20.3,D,0
-24.8464,147.9748,355.1,1.3,1.1,2014-11-10,0414,Aqua,MODIS,97,6.2,306.5,94.3,D,0
-24.7827,147.9993,343.5,1.4,1.2,2014-11-10,0414,Aqua,MODIS,88,6.2,312.7,46.8,D,0
-24.9597,148.7038,338.5,1.5,1.2,2014-11-10,0414,Aqua,MODIS,43,6.2,303.6,47.8,D,0
-24.8338,147.9864,333.1,1.3,1.2,2014-11-10,0414,Aqua,MODIS,62,6.2,305.4,29.2,D,0
-24.784,147.9291,326.5,1.3,1.1,2014-11-10,0414,Aqua,MODIS,32,6.2,303.6,20,D,0
-23.1081,146.2784,335.1,1.2,1.1,2014-11-10,0414,Aqua,MODIS,63,6.2,315.2,18.1,D,0
-24.1961,150.7376,325.6,2.1,1.4,2014-11-10,0414,Aqua,MODIS,48,6.2,303.5,35.4,D,0
-24.8161,147.9908,340.5,1.4,1.2,2014-11-10,0414,Aqua,MODIS,56,6.2,308.9,43.2,D,0
-24.7158,148.0334,331.5,1.4,1.2,2014-11-10,0414,Aqua,MODIS,72,6.2,306.9,25.8,D,0
-24.7181,148.0197,340.8,1.4,1.2,2014-11-10,0414,Aqua,MODIS,86,6.2,308.9,48.3,D,0
-22.7682,150.2556,348.7,2.1,1.4,2014-11-10,0414,Aqua,MODIS,93,6.2,301.7,138.9,D,0
-22.7691,150.2506,334.1,2.1,1.4,2014-11-10,0414,Aqua,MODIS,79,6.2,300,63,D,0
-22.9372,149.8558,325.5,1.9,1.4,2014-11-10,0414,Aqua,MODIS,44,6.2,305.6,24.8,D,0
-23.0281,150.3547,326.9,2.1,1.4,2014-11-10,0414,Aqua,MODIS,64,6.2,307.8,35.8,D,0
-23.0319,150.3346,324.6,2.1,1.4,2014-11-10,0414,Aqua,MODIS,53,6.2,306.5,27.8,D,0
-23.0275,150.3474,328,2.1,1.4,2014-11-10,0414,Aqua,MODIS,63,6.2,308.3,35.7,D,0
-19.5076,143.0103,406.4,1,1,2014-11-10,0415,Aqua,MODIS,100,6.2,327.2,271.5,D,0
-19.5062,143.0198,337.5,1,1,2014-11-10,0415,Aqua,MODIS,66,6.2,314.2,17,D,0
-19.5166,143.0118,353.6,1,1,2014-11-10,0415,Aqua,MODIS,95,6.2,323.3,46.8,D,0
-19.5808,143.0086,339.8,1,1,2014-11-10,0415,Aqua,MODIS,47,6.2,325.4,14.2,D,0
-19.5794,143.0181,346.5,1,1,2014-11-10,0415,Aqua,MODIS,86,6.2,323.5,26.7,D,0
-19.5152,143.0213,343.9,1,1,2014-11-10,0415,Aqua,MODIS,85,6.2,318.5,27,D,0
-19.5615,143.0151,387.7,1,1,2014-11-10,0415,Aqua,MODIS,100,6.2,328.7,156.1,D,0
-19.5179,143.0023,351.4,1,1,2014-11-10,0415,Aqua,MODIS,93,6.2,322.8,40.7,D,0
-19.5089,143.0008,368.6,1,1,2014-11-10,0415,Aqua,MODIS,100,6.2,324.1,88.4,D,0
-19.5704,143.0166,357.8,1,1,2014-11-10,0415,Aqua,MODIS,98,6.2,324.9,50.6,D,0
-17.1185,133.652,323.7,3.1,1.7,2014-11-10,0416,Aqua,MODIS,29,6.2,295,60.8,D,0
-17.12,133.645,323.6,3.1,1.7,2014-11-10,0416,Aqua,MODIS,23,6.2,294.7,57.5,D,0
-17.0285,137.1785,333,1.7,1.3,2014-11-10,0416,Aqua,MODIS,70,6.2,303,39.3,D,0
-16.9808,137.188,348.4,1.7,1.3,2014-11-10,0416,Aqua,MODIS,92,6.2,299.9,101.6,D,0
-16.9819,137.1988,324.9,1.7,1.3,2014-11-10,0416,Aqua,MODIS,35,6.2,298.5,24.7,D,0
-16.9838,137.183,346.8,1.7,1.3,2014-11-10,0416,Aqua,MODIS,91,6.2,299.5,97.1,D,0
-16.9753,134.1638,326.7,2.8,1.6,2014-11-10,0416,Aqua,MODIS,64,6.2,303.2,35.2,D,0
-17.0475,133.6075,325.1,3.1,1.7,2014-11-10,0416,Aqua,MODIS,32,6.2,292.6,58.6,D,0
-17.05,133.6031,325.3,3.1,1.7,2014-11-10,0416,Aqua,MODIS,32,6.2,294.7,59.5,D,0
-17.7384,142.458,350.7,1,1,2014-11-10,0416,Aqua,MODIS,92,6.2,324,36.4,D,0
-18.9145,141.6087,360.1,1,1,2014-11-10,0416,Aqua,MODIS,100,6.2,325.3,54.8,D,0
-17.1859,133.7227,335.4,3.1,1.7,2014-11-10,0416,Aqua,MODIS,65,6.2,296.6,122.4,D,0
-17.1879,133.7181,334.7,3.1,1.7,2014-11-10,0416,Aqua,MODIS,53,6.2,297.7,116,D,0
-17.2144,143.1497,342.3,1,1,2014-11-10,0416,Aqua,MODIS,28,6.2,324.6,16.5,D,0
-17.1775,142.6484,334.4,1,1,2014-11-10,0416,Aqua,MODIS,47,6.2,321.3,10,D,0
-17.7716,142.4787,335.1,1,1,2014-11-10,0416,Aqua,MODIS,70,6.2,321.4,9.7,D,0
-17.5794,134.9835,338.8,2.5,1.5,2014-11-10,0416,Aqua,MODIS,77,6.2,302.8,94.6,D,0
-16.9505,143.0004,337.7,1,1,2014-11-10,0416,Aqua,MODIS,54,6.2,318.1,15.1,D,0
-16.9595,143.0018,339,1,1,2014-11-10,0416,Aqua,MODIS,43,6.2,319.3,15.6,D,0
-16.9762,143.0142,344.4,1,1,2014-11-10,0416,Aqua,MODIS,69,6.2,319.4,24.5,D,0
-16.9748,143.0237,341.9,1,1,2014-11-10,0416,Aqua,MODIS,61,6.2,317.8,20.6,D,0
-16.9838,143.0251,335.2,1,1,2014-11-10,0416,Aqua,MODIS,53,6.2,317.8,10.6,D,0
-16.9929,143.0266,349.3,1,1,2014-11-10,0416,Aqua,MODIS,91,6.2,320.3,34.6,D,0
-17.0096,143.039,341.2,1,1,2014-11-10,0416,Aqua,MODIS,64,6.2,321.6,19,D,0
-17.7362,135.4489,343.9,2.3,1.5,2014-11-10,0416,Aqua,MODIS,87,6.2,304.4,121.4,D,0
-18.9132,141.6184,354,1,1,2014-11-10,0416,Aqua,MODIS,91,6.2,324.1,39.4,D,0
-18.8706,141.9272,342,1,1,2014-11-10,0416,Aqua,MODIS,83,6.2,327.6,12.9,D,0
-17.1687,143.1451,356.8,1,1,2014-11-10,0416,Aqua,MODIS,97,6.2,322.9,47.4,D,0
-16.8634,136.2625,326.9,2,1.4,2014-11-10,0416,Aqua,MODIS,46,6.2,302.7,26.1,D,0
-16.8655,136.2442,336,2,1.4,2014-11-10,0416,Aqua,MODIS,77,6.2,302.8,58.7,D,0
-17.7545,135.3672,351.5,2.3,1.5,2014-11-10,0416,Aqua,MODIS,94,6.2,304.1,174.2,D,0
-19.3132,142.4364,335.6,1,1,2014-11-10,0416,Aqua,MODIS,65,6.2,321.6,8.1,D,0
-17.7702,135.3466,340.5,2.4,1.5,2014-11-10,0416,Aqua,MODIS,78,6.2,304.2,91.5,D,0
-18.1259,138.282,341.9,1.5,1.2,2014-11-10,0416,Aqua,MODIS,71,6.2,309.7,48.2,D,0
-17.2284,135.2415,335.2,2.4,1.5,2014-11-10,0416,Aqua,MODIS,67,6.2,306,53.6,D,0
-17.7788,135.3924,346.3,2.3,1.5,2014-11-10,0416,Aqua,MODIS,89,6.2,308.1,116.4,D,0
-17.7678,135.3688,346.7,2.3,1.5,2014-11-10,0416,Aqua,MODIS,90,6.2,302.8,130.7,D,0
-16.8981,136.2854,327.5,1.9,1.4,2014-11-10,0416,Aqua,MODIS,39,6.2,302.5,28.2,D,0
-17.0186,143.0405,338.2,1,1,2014-11-10,0416,Aqua,MODIS,41,6.2,320.8,13.2,D,0
-18.1118,138.3078,363.6,1.5,1.2,2014-11-10,0416,Aqua,MODIS,100,6.2,307.5,126.2,D,0
-17.1868,143.148,362.1,1,1,2014-11-10,0416,Aqua,MODIS,100,6.2,326.6,63.6,D,0
-17.7229,135.4473,328.8,2.3,1.5,2014-11-10,0416,Aqua,MODIS,49,6.2,303.8,44.5,D,0
-17.1959,143.1495,344.6,1,1,2014-11-10,0416,Aqua,MODIS,56,6.2,324.6,22.4,D,0
-17.0615,143.0638,342.6,1,1,2014-11-10,0416,Aqua,MODIS,84,6.2,319.5,23.8,D,0
-17.0629,143.0543,354.1,1,1,2014-11-10,0416,Aqua,MODIS,95,6.2,323.6,47.4,D,0
-18.7145,141.5292,341.5,1,1,2014-11-10,0416,Aqua,MODIS,62,6.2,317.5,18.1,D,0
-17.1778,143.1465,398.5,1,1,2014-11-10,0416,Aqua,MODIS,100,6.2,330.7,217.7,D,0
-18.7159,141.5194,344,1,1,2014-11-10,0416,Aqua,MODIS,69,6.2,320,23.2,D,0
-18.9236,141.6101,343.2,1,1,2014-11-10,0416,Aqua,MODIS,33,6.2,324.9,15,D,0
-17.2053,143.1483,341.6,1,1,2014-11-10,0416,Aqua,MODIS,34,6.2,325.4,14.6,D,0
-17.1984,142.7533,349.3,1,1,2014-11-10,0416,Aqua,MODIS,91,6.2,320.9,32.2,D,0
-17.0005,143.0375,349,1,1,2014-11-10,0416,Aqua,MODIS,86,6.2,321.7,32.8,D,0
-17.1353,143.1202,343.3,1,1,2014-11-10,0416,Aqua,MODIS,63,6.2,321.4,21.4,D,0
-16.9519,142.9909,337.7,1,1,2014-11-10,0416,Aqua,MODIS,48,6.2,319.4,14.4,D,0
-17.0019,143.0281,346,1,1,2014-11-10,0416,Aqua,MODIS,68,6.2,322.3,26.4,D,0
-17.143,143.1312,360.7,1,1,2014-11-10,0416,Aqua,MODIS,100,6.2,321.8,60.6,D,0
-18.9067,141.5975,359.4,1,1,2014-11-10,0416,Aqua,MODIS,99,6.2,322.2,54,D,0
-18.9041,141.617,357.3,1,1,2014-11-10,0416,Aqua,MODIS,98,6.2,319.7,49.9,D,0
-17.2234,143.1512,344.5,1,1,2014-11-10,0416,Aqua,MODIS,48,6.2,323.2,21.3,D,0
-17.152,143.1326,347.1,1,1,2014-11-10,0416,Aqua,MODIS,50,6.2,324,25.3,D,0
-17.7397,142.4486,340.8,1,1,2014-11-10,0416,Aqua,MODIS,81,6.2,321.7,17.4,D,0
-17.7462,135.3611,343.4,2.3,1.5,2014-11-10,0416,Aqua,MODIS,87,6.2,304.2,124.3,D,0
-17.7595,135.3627,347.3,2.3,1.5,2014-11-10,0416,Aqua,MODIS,90,6.2,304.4,145.5,D,0
-17.7621,135.3405,334.9,2.4,1.5,2014-11-10,0416,Aqua,MODIS,55,6.2,305.8,70.9,D,0
-17.3169,142.7024,342.1,1,1,2014-11-10,0416,Aqua,MODIS,73,6.2,322.6,17.4,D,0
-17.2344,142.7591,340.6,1,1,2014-11-10,0416,Aqua,MODIS,60,6.2,321.5,14.2,D,0
-17.7568,135.345,345.8,2.4,1.5,2014-11-10,0416,Aqua,MODIS,89,6.2,305.9,134.1,D,0
-18.9054,141.6073,398.2,1,1,2014-11-10,0416,Aqua,MODIS,100,6.2,325.4,219.4,D,0
-17.113,143.0915,342.2,1,1,2014-11-10,0416,Aqua,MODIS,64,6.2,321.8,20.1,D,0
-17.2074,142.7547,339.9,1,1,2014-11-10,0416,Aqua,MODIS,51,6.2,322,14.7,D,0
-17.1611,143.1341,343.4,1,1,2014-11-10,0416,Aqua,MODIS,46,6.2,323.7,17.9,D,0
-17.2325,143.1527,338.9,1,1,2014-11-10,0416,Aqua,MODIS,56,6.2,322.2,13.7,D,0
-18.1237,138.3288,345.9,1.4,1.2,2014-11-10,0416,Aqua,MODIS,88,6.2,315.1,43.6,D,0
-18.1286,138.2877,346.7,1.5,1.2,2014-11-10,0416,Aqua,MODIS,68,6.2,310.8,58.3,D,0
-18.1315,138.3245,340.5,1.4,1.2,2014-11-10,0416,Aqua,MODIS,61,6.2,317.4,27,D,0
-18.7905,137.7961,391.6,1.6,1.2,2014-11-10,0416,Aqua,MODIS,100,6.2,316.8,365.5,D,0
-18.7923,137.7809,350,1.6,1.2,2014-11-10,0416,Aqua,MODIS,92,6.2,311.2,79.2,D,0
-18.7793,137.7946,345.5,1.6,1.2,2014-11-10,0416,Aqua,MODIS,81,6.2,316.5,55.7,D,0
-18.0721,143.6964,347.5,1,1,2014-11-10,0416,Aqua,MODIS,87,6.2,324.6,27.4,D,0
-18.0553,143.6837,346,1,1,2014-11-10,0416,Aqua,MODIS,71,6.2,325.8,22.9,D,0
-18.0301,143.733,346.4,1,1,2014-11-10,0416,Aqua,MODIS,88,6.2,325.7,27.3,D,0
-18.0315,143.7233,342.7,1,1,2014-11-10,0416,Aqua,MODIS,55,6.2,322.4,17.6,D,0
-18.7238,137.8794,361.3,1.6,1.2,2014-11-10,0416,Aqua,MODIS,100,6.2,317.8,125.6,D,0
-18.7246,137.8738,355.3,1.6,1.2,2014-11-10,0416,Aqua,MODIS,91,6.2,317,97.8,D,0
-18.0465,143.7421,344.5,1,1,2014-11-10,0416,Aqua,MODIS,77,6.2,326.5,20.9,D,0
-18.0267,143.6925,342.9,1,1,2014-11-10,0416,Aqua,MODIS,57,6.2,323,19.2,D,0
-18.0253,143.7022,343.5,1,1,2014-11-10,0416,Aqua,MODIS,66,6.2,323.6,20.4,D,0
-18.0568,143.674,358.3,1,1,2014-11-10,0416,Aqua,MODIS,98,6.2,325.1,54.3,D,0
-18.0311,143.6634,336.5,1,1,2014-11-10,0416,Aqua,MODIS,26,6.2,320,13.2,D,0
-18.0296,143.6731,338.8,1,1,2014-11-10,0416,Aqua,MODIS,16,6.2,322.3,15.4,D,0
-18.7227,137.8888,344.7,1.6,1.2,2014-11-10,0416,Aqua,MODIS,65,6.2,317.6,54.9,D,0
-15.1484,143.1142,343.6,1,1,2014-11-10,0417,Aqua,MODIS,86,6.2,315.1,28.8,D,0
-15.4244,135.8671,328.9,2,1.4,2014-11-10,0417,Aqua,MODIS,68,6.2,302.3,34.5,D,0
-15.1301,143.1112,335.4,1,1,2014-11-10,0417,Aqua,MODIS,24,6.2,312.8,13.6,D,0
-15.1392,143.1127,357.2,1,1,2014-11-10,0417,Aqua,MODIS,98,6.2,316.7,59.2,D,0
-15.4221,135.8855,329.6,2,1.4,2014-11-10,0417,Aqua,MODIS,70,6.2,302.9,37.6,D,0
-12.52,142.9046,332.6,1.1,1,2014-11-10,0417,Aqua,MODIS,76,6.2,304.3,22.9,D,0
-15.245,144.962,341.8,1.3,1.1,2014-11-10,0417,Aqua,MODIS,55,6.2,309.4,42.9,D,0
-12.5551,143.0271,345.4,1.1,1,2014-11-10,0417,Aqua,MODIS,90,6.2,304.6,43.3,D,0
-15.425,135.8925,333.1,2,1.4,2014-11-10,0417,Aqua,MODIS,77,6.2,302.8,50.3,D,0
-15.4271,135.8741,329.8,2,1.4,2014-11-10,0417,Aqua,MODIS,72,6.2,303,38.9,D,0
-15.1147,143.089,337.7,1,1,2014-11-10,0417,Aqua,MODIS,70,6.2,313.6,18.8,D,0
-12.7966,142.8966,327.7,1.1,1,2014-11-10,0417,Aqua,MODIS,64,6.2,307.7,12.4,D,0
-14.2572,136.7092,328.5,1.7,1.3,2014-11-10,0417,Aqua,MODIS,0,6.2,303.4,19.4,D,0
-14.3536,134.7258,328.3,2.3,1.5,2014-11-10,0417,Aqua,MODIS,45,6.2,304.8,34.3,D,0
-14.3511,134.7084,327.1,2.4,1.5,2014-11-10,0417,Aqua,MODIS,45,6.2,304.6,33.2,D,0
-14.3486,134.7303,327,2.3,1.5,2014-11-10,0417,Aqua,MODIS,20,6.2,304.7,28,D,0
-14.0504,141.876,362.1,1,1,2014-11-10,0417,Aqua,MODIS,100,6.2,315.3,71.9,D,0
-14.0518,141.8668,358.6,1,1,2014-11-10,0417,Aqua,MODIS,99,6.2,312.4,63,D,0
-12.5536,143.037,345.6,1.1,1,2014-11-10,0417,Aqua,MODIS,90,6.2,306.2,44.7,D,0
-12.729,143.1584,327.3,1.1,1,2014-11-10,0417,Aqua,MODIS,60,6.2,305.2,19.5,D,0
-13.3615,133.816,329.2,2.7,1.6,2014-11-10,0417,Aqua,MODIS,58,6.2,307.1,28,D,0
-14.2591,136.6938,332.3,1.7,1.3,2014-11-10,0417,Aqua,MODIS,55,6.2,308,30.5,D,0
-14.2413,135.1146,333.5,2.2,1.4,2014-11-10,0417,Aqua,MODIS,77,6.2,306.2,40.3,D,0
-14.7368,141.9652,332.7,1,1,2014-11-10,0417,Aqua,MODIS,45,6.2,314.5,8.5,D,0
-14.7444,141.9758,335.5,1,1,2014-11-10,0417,Aqua,MODIS,71,6.2,315,13.2,D,0
-14.2825,135.099,333.9,2.2,1.4,2014-11-10,0417,Aqua,MODIS,72,6.2,305.4,49.2,D,0
-12.5707,143.0498,370.2,1.1,1,2014-11-10,0417,Aqua,MODIS,100,6.2,314.9,115.2,D,0
-16.8245,133.4468,323.8,3.2,1.7,2014-11-10,0417,Aqua,MODIS,0,6.2,289.8,63.5,D,0
-13.8186,141.7621,337.7,1,1,2014-11-10,0417,Aqua,MODIS,58,6.2,311.9,21,D,0
-13.82,141.7529,338.3,1,1,2014-11-10,0417,Aqua,MODIS,57,6.2,310.4,24,D,0
-12.5515,142.8199,325.4,1.1,1,2014-11-10,0417,Aqua,MODIS,58,6.2,307.7,7.2,D,0
-12.5501,142.8296,327.2,1.1,1,2014-11-10,0417,Aqua,MODIS,59,6.2,308.4,10.2,D,0
-14.2995,135.1673,343,2.2,1.4,2014-11-10,0417,Aqua,MODIS,88,6.2,308.4,87.2,D,0
-15.061,145.0266,346.6,1.3,1.1,2014-11-10,0417,Aqua,MODIS,91,6.2,303.8,63.2,D,0
-14.2401,135.0107,326.9,2.2,1.4,2014-11-10,0417,Aqua,MODIS,37,6.2,303,31.8,D,0
-14.0092,141.5913,325.8,1,1,2014-11-10,0417,Aqua,MODIS,16,6.2,305.3,9.9,D,0
-14.0334,141.6757,339.6,1,1,2014-11-10,0417,Aqua,MODIS,83,6.2,307.3,24.8,D,0
-14.2424,135.1077,330.8,2.2,1.4,2014-11-10,0417,Aqua,MODIS,67,6.2,306.5,29.7,D,0
-13.8095,141.7646,340.9,1,1,2014-11-10,0417,Aqua,MODIS,85,6.2,312.7,23.6,D,0
-14.0491,141.8852,338.5,1,1,2014-11-10,0417,Aqua,MODIS,63,6.2,312.6,19.5,D,0
-13.9028,143.5721,338.1,1.1,1,2014-11-10,0417,Aqua,MODIS,83,6.2,306.9,29.5,D,0
-14.0604,141.9341,351.5,1,1,2014-11-10,0417,Aqua,MODIS,94,6.2,313.9,44.5,D,0
-14.0451,141.9129,337.9,1,1,2014-11-10,0417,Aqua,MODIS,56,6.2,313.6,19.2,D,0
-14.027,141.656,342.2,1,1,2014-11-10,0417,Aqua,MODIS,86,6.2,311.4,29.7,D,0
-14.0257,141.6652,349.4,1,1,2014-11-10,0417,Aqua,MODIS,92,6.2,310.1,43,D,0
-14.0347,141.6665,353.2,1,1,2014-11-10,0417,Aqua,MODIS,95,6.2,310.3,51.3,D,0
-14.6073,134.1137,331.9,2.6,1.6,2014-11-10,0417,Aqua,MODIS,59,6.2,302.9,54.4,D,0
-14.036,141.6573,354.7,1,1,2014-11-10,0417,Aqua,MODIS,96,6.2,311.3,54.9,D,0
-14.2437,135.0941,330.6,2.2,1.4,2014-11-10,0417,Aqua,MODIS,45,6.2,306.3,32,D,0
-13.7799,141.7789,333.5,1,1,2014-11-10,0417,Aqua,MODIS,74,6.2,314.3,10.4,D,0
-14.0218,141.6928,341.3,1,1,2014-11-10,0417,Aqua,MODIS,85,6.2,305.8,28,D,0
-14.0204,141.702,336.8,1,1,2014-11-10,0417,Aqua,MODIS,80,6.2,304.8,21.3,D,0
-14.0373,141.6481,347.6,1,1,2014-11-10,0417,Aqua,MODIS,91,6.2,310.2,40.5,D,0
-16.8384,134.1635,341.9,2.8,1.6,2014-11-10,0417,Aqua,MODIS,88,6.2,305.9,134.4,D,0
-14.0244,141.6744,336.1,1,1,2014-11-10,0417,Aqua,MODIS,79,6.2,308.1,19.3,D,0
-14.0231,141.6836,341,1,1,2014-11-10,0417,Aqua,MODIS,85,6.2,306.9,27.2,D,0
-13.3098,133.7293,330.6,2.7,1.6,2014-11-10,0417,Aqua,MODIS,42,6.2,308.1,44.2,D,0
-13.3211,133.7561,334.8,2.7,1.6,2014-11-10,0417,Aqua,MODIS,81,6.2,307.5,63.2,D,0
-13.7812,141.7697,334.9,1,1,2014-11-10,0417,Aqua,MODIS,77,6.2,312.7,13.1,D,0
-13.317,133.7483,334.9,2.7,1.6,2014-11-10,0417,Aqua,MODIS,81,6.2,307.5,66.1,D,0
-13.8108,141.7554,334.9,1,1,2014-11-10,0417,Aqua,MODIS,54,6.2,310.9,15.5,D,0
-15.949,135.3954,326.1,2.2,1.4,2014-11-10,0417,Aqua,MODIS,35,6.2,292.2,37.1,D,0
-12.5692,143.0598,350,1.1,1,2014-11-10,0417,Aqua,MODIS,93,6.2,308.2,54.9,D,0
-14.2538,134.7949,332.8,2.3,1.5,2014-11-10,0417,Aqua,MODIS,71,6.2,304.8,51.8,D,0
-14.0079,141.6005,343.1,1,1,2014-11-10,0417,Aqua,MODIS,87,6.2,306.7,34.9,D,0
-13.3719,133.8125,328.8,2.7,1.6,2014-11-10,0417,Aqua,MODIS,46,6.2,306.9,25.2,D,0
-13.0503,136.2301,327.5,1.7,1.3,2014-11-10,0417,Aqua,MODIS,55,6.2,306.3,24.9,D,0
-12.7971,142.4008,335.2,1,1,2014-11-10,0417,Aqua,MODIS,53,6.2,311.6,15.5,D,0
-13.8695,141.8547,336,1,1,2014-11-10,0417,Aqua,MODIS,56,6.2,313.6,14.3,D,0
-13.8682,141.8639,335.3,1,1,2014-11-10,0417,Aqua,MODIS,40,6.2,313.1,14,D,0
-16.6965,131.0919,330.7,4.8,2,2014-11-10,0417,Aqua,MODIS,69,6.2,299.5,145.4,D,0
-16.6827,131.0788,332.4,4.8,2,2014-11-10,0417,Aqua,MODIS,27,6.2,299.8,183.7,D,0
-13.8852,141.81,335.3,1,1,2014-11-10,0417,Aqua,MODIS,36,6.2,315.1,13.7,D,0
-13.8812,141.8376,351.7,1,1,2014-11-10,0417,Aqua,MODIS,94,6.2,314.5,43.9,D,0
-13.8825,141.8284,337.6,1,1,2014-11-10,0417,Aqua,MODIS,70,6.2,313.1,17.2,D,0
-12.4541,142.9645,323.1,1.1,1,2014-11-10,0417,Aqua,MODIS,16,6.2,304.5,10.3,D,0
-12.7957,142.4102,342,1,1,2014-11-10,0417,Aqua,MODIS,80,6.2,311.9,27.5,D,0
-12.8037,142.4077,340.1,1,1,2014-11-10,0417,Aqua,MODIS,70,6.2,310.3,23.4,D,0
-14.0088,141.719,332.3,1,1,2014-11-10,0417,Aqua,MODIS,42,6.2,304.8,14.6,D,0
-13.0483,136.2459,330.1,1.7,1.3,2014-11-10,0417,Aqua,MODIS,73,6.2,306.8,30.4,D,0
-12.6369,143.0364,337.7,1.1,1,2014-11-10,0417,Aqua,MODIS,77,6.2,310,28.2,D,0
-13.3867,133.7185,332.3,2.7,1.6,2014-11-10,0417,Aqua,MODIS,33,6.2,306.5,60.5,D,0
-13.3837,133.7134,334.1,2.7,1.6,2014-11-10,0417,Aqua,MODIS,58,6.2,306.7,73.8,D,0
-12.7403,142.3438,337.7,1,1,2014-11-10,0417,Aqua,MODIS,83,6.2,310.1,17.9,D,0
-12.7312,142.3424,337.2,1,1,2014-11-10,0417,Aqua,MODIS,82,6.2,309.4,18.3,D,0
-14.0101,141.7098,379.3,1,1,2014-11-10,0417,Aqua,MODIS,100,6.2,309.1,133.3,D,0
-13.3895,133.6934,347.4,2.7,1.6,2014-11-10,0417,Aqua,MODIS,92,6.2,306.1,179.7,D,0
-14.2505,134.8013,327.9,2.3,1.5,2014-11-10,0417,Aqua,MODIS,42,6.2,304.2,31.5,D,0
-14.0168,141.6019,330,1,1,2014-11-10,0417,Aqua,MODIS,65,6.2,307.9,14.9,D,0
-14.0115,141.7006,362.1,1,1,2014-11-10,0417,Aqua,MODIS,100,6.2,307.3,74.8,D,0
-13.0599,136.2474,330.9,1.7,1.3,2014-11-10,0417,Aqua,MODIS,66,6.2,308.7,30.9,D,0
-13.0579,136.2632,338.5,1.7,1.3,2014-11-10,0417,Aqua,MODIS,84,6.2,307,55.8,D,0
-12.3625,142.8934,339.8,1.1,1,2014-11-10,0417,Aqua,MODIS,85,6.2,303.4,33.9,D,0
-12.6036,143.0856,329.2,1.1,1,2014-11-10,0417,Aqua,MODIS,22,6.2,307.8,15.1,D,0
-12.7866,142.4088,334.8,1,1,2014-11-10,0417,Aqua,MODIS,62,6.2,313.2,15.7,D,0
-14.7918,142.5412,351.1,1,1,2014-11-10,0417,Aqua,MODIS,86,6.2,315.6,41.9,D,0
-14.8008,142.5426,342.7,1,1,2014-11-10,0417,Aqua,MODIS,48,6.2,316.3,22.4,D,0
-12.4893,142.92,324.8,1.1,1,2014-11-10,0417,Aqua,MODIS,32,6.2,305.8,11,D,0
-13.3867,133.6883,345.5,2.7,1.6,2014-11-10,0417,Aqua,MODIS,91,6.2,305.4,166.5,D,0
-12.48,142.9185,325.9,1.1,1,2014-11-10,0417,Aqua,MODIS,41,6.2,306.9,12.1,D,0
-13.9242,141.6723,338.1,1,1,2014-11-10,0417,Aqua,MODIS,81,6.2,311.5,18.5,D,0
-12.6384,143.0264,342.4,1.1,1,2014-11-10,0417,Aqua,MODIS,87,6.2,310.3,38.2,D,0
-14.2529,134.7798,328.6,2.3,1.5,2014-11-10,0417,Aqua,MODIS,63,6.2,305.1,32,D,0
-12.4555,142.9546,325.7,1.1,1,2014-11-10,0417,Aqua,MODIS,42,6.2,305.3,12.8,D,0
-12.4755,142.9481,330.4,1.1,1,2014-11-10,0417,Aqua,MODIS,70,6.2,306.1,20.2,D,0
-13.1154,136.0916,328.8,1.8,1.3,2014-11-10,0417,Aqua,MODIS,49,6.2,309.6,22.3,D,0
-13.8326,141.7925,349,1,1,2014-11-10,0417,Aqua,MODIS,92,6.2,313,38.3,D,0
-12.8458,143.3177,330.4,1.1,1,2014-11-10,0417,Aqua,MODIS,62,6.2,308.4,22.6,D,0
-14.2858,135.1807,344.1,2.2,1.4,2014-11-10,0417,Aqua,MODIS,89,6.2,308.7,89.9,D,0
-13.8173,141.7713,334.7,1,1,2014-11-10,0417,Aqua,MODIS,58,6.2,311,14.9,D,0
-14.2739,135.2795,331,2.1,1.4,2014-11-10,0417,Aqua,MODIS,64,6.2,305.9,37.2,D,0
-14.2955,135.1004,350.4,2.2,1.4,2014-11-10,0417,Aqua,MODIS,94,6.2,306.3,140.2,D,0
-12.4463,142.9532,330.9,1.1,1,2014-11-10,0417,Aqua,MODIS,51,6.2,306.5,19.2,D,0
-12.5629,143.0385,406,1.1,1,2014-11-10,0417,Aqua,MODIS,100,6.2,321.7,310.2,D,0
-13.8548,141.7019,338.1,1,1,2014-11-10,0417,Aqua,MODIS,81,6.2,306.6,23.4,D,0
-14.3035,135.1425,359.2,2.2,1.4,2014-11-10,0417,Aqua,MODIS,99,6.2,308.1,198.3,D,0
-12.6942,143.0354,339,1.1,1,2014-11-10,0417,Aqua,MODIS,84,6.2,303.6,32.3,D,0
-12.5786,143.0612,331.3,1.1,1,2014-11-10,0417,Aqua,MODIS,56,6.2,302.8,19,D,0
-12.6927,143.0453,346,1.1,1,2014-11-10,0417,Aqua,MODIS,90,6.2,306.7,45.9,D,0
-14.3011,135.1625,355.3,2.2,1.4,2014-11-10,0417,Aqua,MODIS,97,6.2,308.9,166,D,0
-14.3017,135.1473,364.5,2.2,1.4,2014-11-10,0417,Aqua,MODIS,100,6.2,309,246.1,D,0
-14.3146,135.1489,333.4,2.2,1.4,2014-11-10,0417,Aqua,MODIS,20,6.2,305.2,36.9,D,0
-13.5429,135.8353,329.6,1.9,1.3,2014-11-10,0417,Aqua,MODIS,0,6.2,307.1,27.2,D,0
-13.1219,136.0975,330.3,1.8,1.3,2014-11-10,0417,Aqua,MODIS,65,6.2,309.2,25.6,D,0
-14.2763,135.2599,328.8,2.1,1.4,2014-11-10,0417,Aqua,MODIS,40,6.2,305.6,25.8,D,0
-13.8562,141.6927,331.7,1,1,2014-11-10,0417,Aqua,MODIS,65,6.2,308.2,13.5,D,0
-14.0361,141.9115,340.7,1,1,2014-11-10,0417,Aqua,MODIS,72,6.2,308.8,25.2,D,0
-13.8905,141.7732,362.4,1,1,2014-11-10,0417,Aqua,MODIS,100,6.2,312,73.7,D,0
-14.0234,141.6178,341.1,1,1,2014-11-10,0417,Aqua,MODIS,74,6.2,311.2,28.2,D,0
-14.2829,134.6655,331.3,2.4,1.5,2014-11-10,0417,Aqua,MODIS,73,6.2,304.6,47.2,D,0
-13.8891,141.7824,350.6,1,1,2014-11-10,0417,Aqua,MODIS,91,6.2,313.1,42.8,D,0
-14.2811,135.2204,339.5,2.1,1.4,2014-11-10,0417,Aqua,MODIS,84,6.2,307.3,67.2,D,0
-13.9817,141.7187,351.3,1,1,2014-11-10,0417,Aqua,MODIS,94,6.2,311.9,46.5,D,0
-14.0414,141.8746,359.8,1,1,2014-11-10,0417,Aqua,MODIS,99,6.2,312.7,68.3,D,0
-14.0428,141.8654,347,1,1,2014-11-10,0417,Aqua,MODIS,86,6.2,309.8,39.3,D,0
-13.9008,141.7654,335.6,1,1,2014-11-10,0417,Aqua,MODIS,61,6.2,313.4,19.4,D,0
-16.85,134.1914,341.8,2.8,1.6,2014-11-10,0417,Aqua,MODIS,88,6.2,302.7,128.7,D,0
-16.8355,134.1897,338.9,2.8,1.6,2014-11-10,0417,Aqua,MODIS,85,6.2,304.4,111.3,D,0
-13.9186,141.7748,337,1,1,2014-11-10,0417,Aqua,MODIS,75,6.2,309.3,17.3,D,0
-13.9262,141.7854,336.8,1,1,2014-11-10,0417,Aqua,MODIS,72,6.2,312.3,18.1,D,0
-13.8994,141.7746,343,1,1,2014-11-10,0417,Aqua,MODIS,76,6.2,312.6,30,D,0
-13.9172,141.784,337.6,1,1,2014-11-10,0417,Aqua,MODIS,78,6.2,311.8,19.3,D,0
-14.631,144.4464,333,1.2,1.1,2014-11-10,0417,Aqua,MODIS,76,6.2,304.8,22.9,D,0
-14.2651,134.6702,326,2.4,1.5,2014-11-10,0417,Aqua,MODIS,40,6.2,303,23.5,D,0
-13.8276,141.7635,334.8,1,1,2014-11-10,0417,Aqua,MODIS,47,6.2,309.8,15.2,D,0
-12.5614,143.0484,412.5,1.1,1,2014-11-10,0417,Aqua,MODIS,100,6.2,315.4,362.8,D,0
-14.0323,141.6192,358.8,1,1,2014-11-10,0417,Aqua,MODIS,93,6.2,309.1,66.7,D,0
-14.6276,144.4684,324.7,1.2,1.1,2014-11-10,0417,Aqua,MODIS,45,6.2,303.2,11.1,D,0
-13.8303,141.7451,386.8,1,1,2014-11-10,0417,Aqua,MODIS,100,6.2,314.9,167.4,D,0
-13.8704,141.6573,333.1,1,1,2014-11-10,0417,Aqua,MODIS,73,6.2,311.5,12.4,D,0
-13.8691,141.6665,330.5,1,1,2014-11-10,0417,Aqua,MODIS,62,6.2,311.1,9.5,D,0
-14.6293,144.4574,332,1.2,1.1,2014-11-10,0417,Aqua,MODIS,76,6.2,303.4,21.3,D,0
-14.2882,135.1609,341,2.2,1.4,2014-11-10,0417,Aqua,MODIS,86,6.2,309.7,74.9,D,0
-14.2635,135.2583,339.2,2.1,1.4,2014-11-10,0417,Aqua,MODIS,84,6.2,306.9,69.7,D,0
-14.2612,135.278,338.9,2.1,1.4,2014-11-10,0417,Aqua,MODIS,84,6.2,308.2,70.2,D,0
-14.2785,134.6718,330,2.4,1.5,2014-11-10,0417,Aqua,MODIS,71,6.2,304.5,41.2,D,0
-12.8051,142.3983,353.9,1,1,2014-11-10,0417,Aqua,MODIS,96,6.2,314.3,51.8,D,0
-13.8625,141.7125,348.1,1,1,2014-11-10,0417,Aqua,MODIS,91,6.2,307.3,41.5,D,0
-13.8638,141.7033,328.8,1,1,2014-11-10,0417,Aqua,MODIS,37,6.2,308.9,10.7,D,0
-13.8931,141.7548,357,1,1,2014-11-10,0417,Aqua,MODIS,98,6.2,307.7,60.4,D,0
-14.0247,141.6086,339.9,1,1,2014-11-10,0417,Aqua,MODIS,83,6.2,311.1,27.5,D,0
-14.3836,134.779,327.9,2.3,1.5,2014-11-10,0417,Aqua,MODIS,59,6.2,306.2,31.9,D,0
-13.8535,141.7111,351.4,1,1,2014-11-10,0417,Aqua,MODIS,94,6.2,305,49,D,0
-13.8944,141.7456,377.7,1,1,2014-11-10,0417,Aqua,MODIS,100,6.2,313.4,125.1,D,0
-14.031,141.6284,338.7,1,1,2014-11-10,0417,Aqua,MODIS,71,6.2,309,24.3,D,0
-14.0336,141.61,336.1,1,1,2014-11-10,0417,Aqua,MODIS,79,6.2,307.9,21.8,D,0
-14.1854,135.3603,334.9,2.1,1.4,2014-11-10,0417,Aqua,MODIS,66,6.2,306.4,46.7,D,0
-13.9596,133.9707,337.9,2.7,1.6,2014-11-10,0417,Aqua,MODIS,75,6.2,303.2,90.6,D,0
-13.9568,133.995,333.5,2.6,1.6,2014-11-10,0417,Aqua,MODIS,50,6.2,307.4,56,D,0
-13.9737,133.9723,342.1,2.7,1.6,2014-11-10,0417,Aqua,MODIS,87,6.2,304.1,121.1,D,0
-13.9759,134.0041,339.4,2.6,1.6,2014-11-10,0417,Aqua,MODIS,81,6.2,307.5,94,D,0
-13.9785,133.9797,365.8,2.7,1.6,2014-11-10,0417,Aqua,MODIS,100,6.2,305.2,351,D,0
-14.1731,134.9129,341.1,2.3,1.5,2014-11-10,0417,Aqua,MODIS,86,6.2,303.3,99.5,D,0
-14.1577,134.9317,330.5,2.3,1.5,2014-11-10,0417,Aqua,MODIS,39,6.2,304.3,40.5,D,0
-14.16,134.9112,337.4,2.3,1.5,2014-11-10,0417,Aqua,MODIS,82,6.2,303.4,79.8,D,0
-14.1446,134.9299,341.6,2.3,1.5,2014-11-10,0417,Aqua,MODIS,85,6.2,305.2,95.9,D,0
-13.9708,133.9967,341.9,2.6,1.6,2014-11-10,0417,Aqua,MODIS,85,6.2,307.5,111.7,D,0
-14.1608,134.927,341.7,2.3,1.5,2014-11-10,0417,Aqua,MODIS,87,6.2,304.3,98.5,D,0
-14.1632,134.9066,343.7,2.3,1.5,2014-11-10,0417,Aqua,MODIS,88,6.2,303.4,117.1,D,0
-13.9849,133.9983,348,2.6,1.6,2014-11-10,0417,Aqua,MODIS,92,6.2,304.9,161.3,D,0
-14.1477,134.9252,343.4,2.3,1.5,2014-11-10,0417,Aqua,MODIS,88,6.2,305.1,111.5,D,0
-13.841,134.3335,335.2,2.5,1.5,2014-11-10,0417,Aqua,MODIS,52,6.2,305.9,68.5,D,0
-13.9878,133.9739,350.8,2.7,1.6,2014-11-10,0417,Aqua,MODIS,94,6.2,303.5,192.4,D,0
-14.2215,136.8123,342.4,1.6,1.3,2014-11-10,0417,Aqua,MODIS,87,6.2,304,66.1,D,0
-14.1907,135.3287,337.9,2.1,1.4,2014-11-10,0417,Aqua,MODIS,82,6.2,305.7,61.1,D,0
-14.1885,135.348,344.2,2.1,1.4,2014-11-10,0417,Aqua,MODIS,89,6.2,306.4,94.4,D,0
-14.1297,134.9649,335.9,2.2,1.4,2014-11-10,0417,Aqua,MODIS,72,6.2,305,57.2,D,0
-14.2025,136.7793,328.5,1.6,1.3,2014-11-10,0417,Aqua,MODIS,31,6.2,303.4,21.8,D,0
-14.2035,136.7728,329.3,1.6,1.3,2014-11-10,0417,Aqua,MODIS,0,6.2,304,24.6,D,0
-12.8497,143.3241,334.3,1.1,1,2014-11-10,0417,Aqua,MODIS,64,6.2,306.8,24.3,D,0
-14.1863,135.3673,330.2,2.1,1.4,2014-11-10,0417,Aqua,MODIS,50,6.2,305.4,32.2,D,0
-13.4692,133.7533,332.4,2.7,1.6,2014-11-10,0417,Aqua,MODIS,66,6.2,300.5,61.1,D,0
-13.4834,133.7548,339.1,2.7,1.6,2014-11-10,0417,Aqua,MODIS,85,6.2,305.8,105.7,D,0
-14.1942,136.6637,337.2,1.7,1.3,2014-11-10,0417,Aqua,MODIS,81,6.2,304.9,50.7,D,0
-14.7278,144.6045,343.9,1.2,1.1,2014-11-10,0417,Aqua,MODIS,77,6.2,303.4,49.2,D,0
-13.4759,133.7358,328.5,2.7,1.6,2014-11-10,0417,Aqua,MODIS,40,6.2,302.4,46.8,D,0
-14.0333,136.5839,341.8,1.7,1.3,2014-11-10,0417,Aqua,MODIS,86,6.2,306.1,68.4,D,0
-14.0352,136.5683,324.1,1.7,1.3,2014-11-10,0417,Aqua,MODIS,7,6.2,304.1,15.4,D,0
-14.1878,135.341,338.5,2.1,1.4,2014-11-10,0417,Aqua,MODIS,83,6.2,306.7,61.6,D,0
-14.2206,135.2929,328.6,2.1,1.4,2014-11-10,0417,Aqua,MODIS,43,6.2,306.7,27.2,D,0
-14.2183,135.3125,336.5,2.1,1.4,2014-11-10,0417,Aqua,MODIS,81,6.2,306.8,58.3,D,0
-14.0321,134.9042,331.4,2.3,1.5,2014-11-10,0417,Aqua,MODIS,73,6.2,305.9,42,D,0
-14.2334,135.2945,337.4,2.1,1.4,2014-11-10,0417,Aqua,MODIS,82,6.2,307,63.2,D,0
-14.2311,135.3141,333.7,2.1,1.4,2014-11-10,0417,Aqua,MODIS,77,6.2,306.7,46.5,D,0
-14.0346,134.8835,333.2,2.3,1.5,2014-11-10,0417,Aqua,MODIS,76,6.2,305.2,51.8,D,0
-13.9833,134.997,354,2.2,1.4,2014-11-10,0417,Aqua,MODIS,96,6.2,305,176.1,D,0
-13.9808,135.0175,344.5,2.2,1.4,2014-11-10,0417,Aqua,MODIS,89,6.2,305.9,111,D,0
-13.981,135.0018,356.1,2.2,1.4,2014-11-10,0417,Aqua,MODIS,97,6.2,304.8,187.3,D,0
-13.9786,135.0222,331,2.2,1.4,2014-11-10,0417,Aqua,MODIS,59,6.2,305.6,38.2,D,0
-13.994,135.0034,359.8,2.2,1.4,2014-11-10,0417,Aqua,MODIS,99,6.2,306.1,212.6,D,0
-13.9916,135.024,332.7,2.2,1.4,2014-11-10,0417,Aqua,MODIS,51,6.2,307.1,40.2,D,0
-13.9892,135.044,332.7,2.2,1.4,2014-11-10,0417,Aqua,MODIS,48,6.2,306.5,38.3,D,0
-12.7353,142.8214,327.7,1.1,1,2014-11-10,0417,Aqua,MODIS,31,6.2,311,12.2,D,0
-14.2288,135.0026,331.6,2.2,1.4,2014-11-10,0417,Aqua,MODIS,66,6.2,303.1,46.9,D,0
-13.738,134.315,336.3,2.5,1.5,2014-11-10,0417,Aqua,MODIS,80,6.2,306.5,64.5,D,0
-14.016,135.1489,335.3,2.2,1.4,2014-11-10,0417,Aqua,MODIS,66,6.2,307.2,47.3,D,0
-14.0477,134.8853,347.5,2.3,1.5,2014-11-10,0417,Aqua,MODIS,91,6.2,305.2,131.7,D,0
-12.5472,142.8491,331.6,1.1,1,2014-11-10,0417,Aqua,MODIS,39,6.2,308.1,16.4,D,0
-12.5457,142.8588,330.5,1.1,1,2014-11-10,0417,Aqua,MODIS,54,6.2,306.7,16.2,D,0
-14.2012,135.3496,340,2.1,1.4,2014-11-10,0417,Aqua,MODIS,85,6.2,303.9,78.9,D,0
-14.2004,135.3426,353.7,2.1,1.4,2014-11-10,0417,Aqua,MODIS,96,6.2,304.6,152,D,0
-14.1962,136.6482,326,1.7,1.3,2014-11-10,0417,Aqua,MODIS,55,6.2,304.1,17.8,D,0
-12.8512,143.3139,334.3,1.1,1,2014-11-10,0417,Aqua,MODIS,69,6.2,310.5,23.7,D,0
-14.1012,134.982,339.2,2.2,1.4,2014-11-10,0417,Aqua,MODIS,83,6.2,304.3,71.9,D,0
-14.1036,134.9614,343.5,2.2,1.4,2014-11-10,0417,Aqua,MODIS,88,6.2,305.7,100.2,D,0
-14.2295,135.1059,334.6,2.2,1.4,2014-11-10,0417,Aqua,MODIS,79,6.2,305.9,47.4,D,0
-14.2308,135.0923,327.9,2.2,1.4,2014-11-10,0417,Aqua,MODIS,33,6.2,305.2,22.4,D,0
-13.4731,133.7609,332.8,2.7,1.6,2014-11-10,0417,Aqua,MODIS,67,6.2,302.7,63.3,D,0
-12.5322,142.8865,328.1,1.1,1,2014-11-10,0417,Aqua,MODIS,50,6.2,305.4,14.4,D,0
-14.1486,136.6577,325.7,1.7,1.3,2014-11-10,0417,Aqua,MODIS,40,6.2,303.7,20.9,D,0
-14.0238,134.0832,330.7,2.6,1.6,2014-11-10,0417,Aqua,MODIS,64,6.2,306.6,42.2,D,0
-14.0098,134.0817,330,2.6,1.6,2014-11-10,0417,Aqua,MODIS,33,6.2,306.8,34,D,0
-13.9869,135.0643,366.5,2.2,1.4,2014-11-10,0417,Aqua,MODIS,100,6.2,307.3,266.8,D,0
-12.5336,142.8768,335.1,1.1,1,2014-11-10,0417,Aqua,MODIS,80,6.2,307.3,24.4,D,0
-13.8962,134.1045,331.9,2.6,1.5,2014-11-10,0417,Aqua,MODIS,74,6.2,304.5,48.5,D,0
-13.8872,134.1086,334.8,2.6,1.5,2014-11-10,0417,Aqua,MODIS,78,6.2,304.5,66.1,D,0
-12.5215,142.8948,323.8,1.1,1,2014-11-10,0417,Aqua,MODIS,23,6.2,305.1,9.7,D,0
-14.8344,141.6688,334.5,1,1,2014-11-10,0417,Aqua,MODIS,37,6.2,312.4,13,D,0
-13.7276,135.4853,339.9,2,1.4,2014-11-10,0417,Aqua,MODIS,84,6.2,309,67.2,D,0
-13.9845,135.0844,334.8,2.2,1.4,2014-11-10,0417,Aqua,MODIS,72,6.2,305.6,50.7,D,0
-13.9951,135.1059,331.5,2.2,1.4,2014-11-10,0417,Aqua,MODIS,52,6.2,305.2,35.6,D,0
-13.7789,135.4967,374.2,2,1.4,2014-11-10,0417,Aqua,MODIS,100,6.2,312.7,302.1,D,0
-13.7334,135.4541,329.7,2,1.4,2014-11-10,0417,Aqua,MODIS,56,6.2,308,23.5,D,0
-14.1418,136.6359,325.7,1.7,1.3,2014-11-10,0417,Aqua,MODIS,55,6.2,302.7,22.7,D,0
-14.2271,135.0092,332.5,2.2,1.4,2014-11-10,0417,Aqua,MODIS,70,6.2,303.2,52.1,D,0
-13.7312,135.4725,342.5,2,1.4,2014-11-10,0417,Aqua,MODIS,87,6.2,309.1,77.1,D,0
-13.7299,135.4671,342.8,2,1.4,2014-11-10,0417,Aqua,MODIS,87,6.2,308.7,81.1,D,0
-13.7811,135.4783,360.5,2,1.4,2014-11-10,0417,Aqua,MODIS,100,6.2,311.8,180.4,D,0
-14.2134,134.6793,332.1,2.4,1.5,2014-11-10,0417,Aqua,MODIS,74,6.2,304.3,55.9,D,0
-14.2012,135.1231,328.5,2.2,1.4,2014-11-10,0417,Aqua,MODIS,54,6.2,305.5,21.7,D,0
-14.2141,135.1248,328.5,2.2,1.4,2014-11-10,0417,Aqua,MODIS,60,6.2,304.8,21.4,D,0
-14.2108,134.7018,332.8,2.3,1.5,2014-11-10,0417,Aqua,MODIS,71,6.2,305.5,56.1,D,0
-13.9957,134.1454,330.5,2.6,1.5,2014-11-10,0417,Aqua,MODIS,46,6.2,306.1,28,D,0
-13.9878,134.1514,332.8,2.6,1.5,2014-11-10,0417,Aqua,MODIS,59,6.2,308,39.5,D,0
-14.2267,134.6813,337.2,2.4,1.5,2014-11-10,0417,Aqua,MODIS,82,6.2,307.1,78.2,D,0
-14.2241,134.7037,330.1,2.3,1.5,2014-11-10,0417,Aqua,MODIS,68,6.2,307.5,38.4,D,0
-14.0522,136.6088,327.2,1.7,1.3,2014-11-10,0417,Aqua,MODIS,62,6.2,305.1,24.7,D,0
-12.5583,142.8168,335.6,1.1,1,2014-11-10,0417,Aqua,MODIS,80,6.2,306.9,21.3,D,0
-14.0407,136.6074,326.9,1.7,1.3,2014-11-10,0417,Aqua,MODIS,42,6.2,303.7,21.4,D,0
-14.0426,136.5919,327.3,1.7,1.3,2014-11-10,0417,Aqua,MODIS,44,6.2,305.5,22,D,0
-14.0427,136.6009,331,1.7,1.3,2014-11-10,0417,Aqua,MODIS,56,6.2,304.5,31.7,D,0
-12.5597,142.8072,335.6,1.1,1,2014-11-10,0417,Aqua,MODIS,80,6.2,305.1,21.6,D,0
-12.5612,142.7975,331,1.1,1,2014-11-10,0417,Aqua,MODIS,74,6.2,307.8,14.9,D,0
-12.5627,142.7878,325.2,1.1,1,2014-11-10,0417,Aqua,MODIS,45,6.2,307.6,7.3,D,0
-14.7497,141.9389,333,1,1,2014-11-10,0417,Aqua,MODIS,54,6.2,315.6,10.3,D,0
-12.3551,142.9426,338.3,1.1,1,2014-11-10,0417,Aqua,MODIS,62,6.2,304.4,31.9,D,0
-14.2216,134.7254,333.1,2.3,1.5,2014-11-10,0417,Aqua,MODIS,76,6.2,306.6,51.3,D,0
-14.6327,144.4355,348.2,1.2,1.1,2014-11-10,0417,Aqua,MODIS,92,6.2,305.9,58,D,0
-13.7664,135.4952,331.5,2,1.4,2014-11-10,0417,Aqua,MODIS,62,6.2,310.6,24.9,D,0
-13.7291,135.4908,337.1,2,1.4,2014-11-10,0417,Aqua,MODIS,78,6.2,309,53.4,D,0
-13.4804,133.7797,328.8,2.7,1.6,2014-11-10,0417,Aqua,MODIS,33,6.2,306.3,35.8,D,0
-14.1504,136.6423,326.3,1.7,1.3,2014-11-10,0417,Aqua,MODIS,49,6.2,303.8,21.2,D,0
-14.1458,135.0495,330.5,2.2,1.4,2014-11-10,0417,Aqua,MODIS,69,6.2,302.6,29.3,D,0
-12.5719,142.7892,327.9,1.1,1,2014-11-10,0417,Aqua,MODIS,67,6.2,305.5,10.1,D,0
-12.5486,142.8393,330.5,1.1,1,2014-11-10,0417,Aqua,MODIS,55,6.2,308.5,15,D,0
-12.5307,142.8963,323,1.1,1,2014-11-10,0417,Aqua,MODIS,19,6.2,304.2,9.6,D,0
-14.0452,134.9059,340.7,2.3,1.5,2014-11-10,0417,Aqua,MODIS,85,6.2,306.7,86.2,D,0
-14.1901,135.3219,334.2,2.1,1.4,2014-11-10,0417,Aqua,MODIS,71,6.2,304.5,42.3,D,0
-14.2179,135.3056,334.1,2.1,1.4,2014-11-10,0417,Aqua,MODIS,78,6.2,307.3,49.2,D,0
-14.2034,135.3303,351.1,2.1,1.4,2014-11-10,0417,Aqua,MODIS,94,6.2,303.9,140,D,0
-12.013,142.3458,334.5,1,1,2014-11-10,0418,Aqua,MODIS,81,6.2,307.5,19.5,D,0
-12.0235,142.3377,337.3,1,1,2014-11-10,0418,Aqua,MODIS,84,6.2,305.9,23.3,D,0
-12.457,136.1416,331.3,1.7,1.3,2014-11-10,0418,Aqua,MODIS,33,6.2,306.3,26.8,D,0
-12.4539,136.148,341.9,1.7,1.3,2014-11-10,0418,Aqua,MODIS,67,6.2,306.2,63.3,D,0
-12.3323,135.9419,349.9,1.8,1.3,2014-11-10,0418,Aqua,MODIS,94,6.2,307.5,108.5,D,0
-12.0938,136.296,330.2,1.7,1.3,2014-11-10,0418,Aqua,MODIS,46,6.2,307.9,24,D,0
-13.0807,132.9467,331.6,3.1,1.7,2014-11-10,0418,Aqua,MODIS,78,6.2,302.5,86.7,D,0
-12.3344,135.9256,328.8,1.8,1.3,2014-11-10,0418,Aqua,MODIS,71,6.2,303.6,27.9,D,0
-12.3303,135.9581,328.4,1.8,1.3,2014-11-10,0418,Aqua,MODIS,38,6.2,305.8,24.2,D,0
-12.0376,142.3689,339.4,1,1,2014-11-10,0418,Aqua,MODIS,86,6.2,309.4,26.4,D,0
-12.039,142.3595,342.1,1,1,2014-11-10,0418,Aqua,MODIS,88,6.2,310.2,31.9,D,0
-12.0298,142.3581,330.1,1,1,2014-11-10,0418,Aqua,MODIS,60,6.2,307.4,11.1,D,0
-12.0221,142.3472,341,1,1,2014-11-10,0418,Aqua,MODIS,87,6.2,307.1,29.1,D,0
-12.0207,142.3567,331.1,1,1,2014-11-10,0418,Aqua,MODIS,46,6.2,308,12.6,D,0
-12.0144,142.3363,364.1,1,1,2014-11-10,0418,Aqua,MODIS,100,6.2,307.9,86.2,D,0
-12.3441,135.9435,359.9,1.8,1.3,2014-11-10,0418,Aqua,MODIS,99,6.2,304.7,162.6,D,0
-12.0193,142.3661,332.5,1,1,2014-11-10,0418,Aqua,MODIS,71,6.2,308,14.6,D,0
-12.1052,136.2975,334.4,1.7,1.3,2014-11-10,0418,Aqua,MODIS,73,6.2,311.4,34.1,D,0
-12.3283,135.9741,328.1,1.8,1.3,2014-11-10,0418,Aqua,MODIS,53,6.2,305.9,23.8,D,0
-12.3263,135.9902,327.1,1.8,1.3,2014-11-10,0418,Aqua,MODIS,31,6.2,307.5,21.1,D,0
-12.342,135.9596,334.7,1.8,1.3,2014-11-10,0418,Aqua,MODIS,80,6.2,304.7,43.7,D,0
-11.9295,142.2201,325.8,1,1,2014-11-10,0418,Aqua,MODIS,64,6.2,308,9.8,D,0
-12.001,142.4898,334.3,1,1,2014-11-10,0418,Aqua,MODIS,78,6.2,310.6,14.9,D,0
-11.9904,142.4979,328.6,1,1,2014-11-10,0418,Aqua,MODIS,59,6.2,311.5,7.4,D,0
-12.0024,142.4803,336,1,1,2014-11-10,0418,Aqua,MODIS,83,6.2,311.2,17.2,D,0
-11.9735,142.4855,335.6,1,1,2014-11-10,0418,Aqua,MODIS,82,6.2,312,16.5,D,0
-12.7361,136.4527,332.2,1.6,1.3,2014-11-10,0418,Aqua,MODIS,68,6.2,307.2,35.9,D,0
-12.0292,142.4259,334.2,1,1,2014-11-10,0418,Aqua,MODIS,56,6.2,312.3,15.1,D,0
-12.7342,136.4677,327.4,1.6,1.3,2014-11-10,0418,Aqua,MODIS,28,6.2,306.2,22.3,D,0
-12.3435,131.6216,321.1,3.8,1.8,2014-11-10,0418,Aqua,MODIS,23,6.2,296.8,57.4,D,0
-12.3626,136.4252,328.5,1.6,1.3,2014-11-10,0418,Aqua,MODIS,62,6.2,306,27.8,D,0
-12.3275,133.0624,328.2,3,1.6,2014-11-10,0418,Aqua,MODIS,70,6.2,299,71.9,D,0
-11.1348,142.4409,334.1,1.1,1,2014-11-10,0418,Aqua,MODIS,73,6.2,306.2,23.8,D,0
-11.1418,142.4381,331.5,1.1,1,2014-11-10,0418,Aqua,MODIS,60,6.2,302,20,D,0
-12.0306,142.4164,333.8,1,1,2014-11-10,0418,Aqua,MODIS,39,6.2,310.9,13.7,D,0
-12.0362,142.3784,339.4,1,1,2014-11-10,0418,Aqua,MODIS,82,6.2,309.4,25.1,D,0
-12.7248,136.4512,327.9,1.6,1.3,2014-11-10,0418,Aqua,MODIS,46,6.2,307.7,23.4,D,0
-11.674,142.6363,330.4,1.1,1,2014-11-10,0418,Aqua,MODIS,75,6.2,305.8,19.3,D,0
-12.4357,134.9814,328,2.1,1.4,2014-11-10,0418,Aqua,MODIS,52,6.2,298.2,45.4,D,0
-12.0348,142.3879,337.5,1,1,2014-11-10,0418,Aqua,MODIS,73,6.2,309.3,20.7,D,0
-12.1033,136.3126,352.2,1.6,1.3,2014-11-10,0418,Aqua,MODIS,95,6.2,312.6,100.3,D,0
-12.0919,136.3111,340.7,1.6,1.3,2014-11-10,0418,Aqua,MODIS,87,6.2,309.4,56.2,D,0
-12.4798,136.6764,338,1.6,1.2,2014-11-10,0418,Aqua,MODIS,85,6.2,307.6,47.3,D,0
-12.4909,136.6779,328.9,1.6,1.2,2014-11-10,0418,Aqua,MODIS,34,6.2,307.6,22.9,D,0
-12.48,136.6712,334.4,1.6,1.2,2014-11-10,0418,Aqua,MODIS,79,6.2,307.9,36,D,0
-11.1229,142.5637,327.6,1.1,1,2014-11-10,0418,Aqua,MODIS,22,6.2,299.1,14.9,D,0
-11.6726,142.646,326.4,1.1,1,2014-11-10,0418,Aqua,MODIS,67,6.2,308,14.2,D,0
-11.1215,142.5734,333.7,1.1,1,2014-11-10,0418,Aqua,MODIS,76,6.2,298.6,24.3,D,0
-11.1322,142.5651,326.9,1.1,1,2014-11-10,0418,Aqua,MODIS,30,6.2,299.1,14.8,D,0
-11.1259,142.5443,328.7,1.1,1,2014-11-10,0418,Aqua,MODIS,49,6.2,302.1,16.3,D,0
-11.2818,131.1381,318.8,4,1.9,2014-11-10,0418,Aqua,MODIS,0,6.2,296.4,57.5,D,0
-11.1346,142.4863,339.3,1.1,1,2014-11-10,0418,Aqua,MODIS,89,6.2,307.2,31.2,D,0
-11.1331,142.4959,335.4,1.1,1,2014-11-10,0418,Aqua,MODIS,84,6.2,307.8,25,D,0
-12.7498,136.1561,328.9,1.7,1.3,2014-11-10,0418,Aqua,MODIS,49,6.2,309.4,22.3,D,0
-11.1163,142.5667,319.1,1.1,1,2014-11-10,0418,Aqua,MODIS,26,6.2,297.3,8.9,D,0
-11.4777,142.5482,364.6,1.1,1,2014-11-10,0418,Aqua,MODIS,100,6.2,307.6,95,D,0
-11.1319,142.4602,336.7,1.1,1,2014-11-10,0418,Aqua,MODIS,82,6.2,301.7,27.9,D,0
-11.4855,142.5593,333.6,1.1,1,2014-11-10,0418,Aqua,MODIS,69,6.2,305.2,23.3,D,0
-11.1305,142.4698,332.2,1.1,1,2014-11-10,0418,Aqua,MODIS,70,6.2,304.5,21.7,D,0
-11.482,142.5192,330.9,1.1,1,2014-11-10,0418,Aqua,MODIS,75,6.2,305.9,18.9,D,0
-11.0286,142.583,316,1.1,1,2014-11-10,0418,Aqua,MODIS,0,6.2,281.5,9.7,D,0
-11.1333,142.4505,336.2,1.1,1,2014-11-10,0418,Aqua,MODIS,82,6.2,304.9,27.4,D,0
-11.4714,142.5275,336.2,1.1,1,2014-11-10,0418,Aqua,MODIS,84,6.2,299.8,27.2,D,0
-11.4806,142.5289,385.9,1.1,1,2014-11-10,0418,Aqua,MODIS,100,6.2,314.9,180.9,D,0
-11.4792,142.5385,381.5,1.1,1,2014-11-10,0418,Aqua,MODIS,100,6.2,311.8,159.9,D,0
-11.4699,142.5371,356.3,1.1,1,2014-11-10,0418,Aqua,MODIS,98,6.2,304.7,70.7,D,0
-24.7402,129.4557,349.6,3.6,1.8,2014-11-10,0552,Aqua,MODIS,92,6.2,315.5,251.2,D,0
-24.7241,129.4806,335.3,3.6,1.8,2014-11-10,0552,Aqua,MODIS,70,6.2,316.9,81.4,D,0
-24.725,129.5259,338.3,3.6,1.8,2014-11-10,0552,Aqua,MODIS,80,6.2,315.9,120.1,D,0
-24.7326,129.4907,386.7,3.6,1.8,2014-11-10,0552,Aqua,MODIS,100,6.2,319.8,1027.4,D,0
-24.7167,129.5159,337.8,3.6,1.8,2014-11-10,0552,Aqua,MODIS,78,6.2,316.4,107.9,D,0
-24.9772,128.9253,342.7,3.2,1.7,2014-11-10,0552,Aqua,MODIS,85,6.2,311.7,153.3,D,0
-24.9925,128.9283,352.8,3.2,1.7,2014-11-10,0552,Aqua,MODIS,95,6.2,309.7,270.1,D,0
-24.9185,128.9759,330.6,3.3,1.7,2014-11-10,0552,Aqua,MODIS,46,6.2,310.6,57.5,D,0
-24.924,128.9725,337.7,3.3,1.7,2014-11-10,0552,Aqua,MODIS,79,6.2,311,116.2,D,0
-24.9892,128.935,360.7,3.2,1.7,2014-11-10,0552,Aqua,MODIS,100,6.2,310.7,380.2,D,0
-24.925,128.9452,343.8,3.3,1.7,2014-11-10,0552,Aqua,MODIS,86,6.2,311.4,171.5,D,0
-24.9302,128.9422,337.7,3.3,1.7,2014-11-10,0552,Aqua,MODIS,79,6.2,311.5,114.5,D,0
-24.9739,128.932,333.6,3.2,1.7,2014-11-10,0552,Aqua,MODIS,55,6.2,310.6,70.6,D,0
-23.1854,127.3677,355.2,2.8,1.6,2014-11-10,0553,Aqua,MODIS,95,6.2,306.5,247.9,D,0
-23.1712,127.3645,380.7,2.8,1.6,2014-11-10,0553,Aqua,MODIS,100,6.2,310.4,605.4,D,0
-23.184,127.3627,369.6,2.8,1.6,2014-11-10,0553,Aqua,MODIS,100,6.2,307.8,427.4,D,0
-23.1645,127.3862,350.8,2.8,1.6,2014-11-10,0553,Aqua,MODIS,89,6.2,305.3,199.5,D,0
-23.1698,127.3594,355.3,2.8,1.6,2014-11-10,0553,Aqua,MODIS,97,6.2,309.9,246.3,D,0
-23.321,127.3807,343.4,2.8,1.6,2014-11-10,0553,Aqua,MODIS,82,6.2,302.2,137.4,D,0
-23.4932,127.5184,334.9,2.8,1.6,2014-11-10,0553,Aqua,MODIS,0,6.2,293,89.2,D,0
-21.1354,119.0224,386.9,1,1,2014-11-10,0554,Aqua,MODIS,100,6.2,315.3,163.2,D,0
-21.1368,119.0127,413.4,1,1,2014-11-10,0554,Aqua,MODIS,100,6.2,324.1,323.1,D,0
-18.0866,125.1179,333.7,2.4,1.5,2014-11-10,0554,Aqua,MODIS,69,6.2,312.1,35.6,D,0
-20.4057,124.1688,371,1.9,1.3,2014-11-10,0554,Aqua,MODIS,100,6.2,315.3,233.6,D,0
-20.4176,124.1712,342.8,1.9,1.3,2014-11-10,0554,Aqua,MODIS,84,6.2,315,56.2,D,0
-20.4208,124.1536,336.8,1.9,1.3,2014-11-10,0554,Aqua,MODIS,64,6.2,314.8,31.1,D,0
-21.1875,120.2749,334.6,1.1,1,2014-11-10,0554,Aqua,MODIS,28,6.2,313.7,11.3,D,0
-21.7392,121.2744,337.2,1.2,1.1,2014-11-10,0554,Aqua,MODIS,75,6.2,317.2,14.1,D,0
-20.1766,120.9983,356.7,1.2,1.1,2014-11-10,0554,Aqua,MODIS,82,6.2,305.5,74.2,D,0
-20.1633,121.0008,360.3,1.2,1.1,2014-11-10,0554,Aqua,MODIS,87,6.2,308.8,79.9,D,0
-20.3728,120.7769,345.7,1.1,1.1,2014-11-10,0554,Aqua,MODIS,71,6.2,313.1,34,D,0
-21.3504,121.781,357.1,1.3,1.1,2014-11-10,0554,Aqua,MODIS,97,6.2,318.8,65,D,0
-21.3484,121.7931,349.4,1.3,1.1,2014-11-10,0554,Aqua,MODIS,76,6.2,317.9,42.3,D,0
-21.3604,121.7829,363.5,1.3,1.1,2014-11-10,0554,Aqua,MODIS,100,6.2,323.6,86.8,D,0
-21.3584,121.7949,405.2,1.3,1.1,2014-11-10,0554,Aqua,MODIS,100,6.2,322.8,355.1,D,0
-21.476,121.7611,339.4,1.2,1.1,2014-11-10,0554,Aqua,MODIS,78,6.2,315.5,21.5,D,0
-21.4641,121.7712,349.3,1.2,1.1,2014-11-10,0554,Aqua,MODIS,91,6.2,315,44.4,D,0
-21.4661,121.7592,425,1.2,1.1,2014-11-10,0554,Aqua,MODIS,100,6.2,325.1,566.3,D,0
-21.468,121.7473,338.7,1.2,1.1,2014-11-10,0554,Aqua,MODIS,40,6.2,317.8,15.4,D,0
-21.3684,121.7968,374.1,1.3,1.1,2014-11-10,0554,Aqua,MODIS,100,6.2,320,138.7,D,0
-21.3664,121.8089,367.6,1.3,1.1,2014-11-10,0554,Aqua,MODIS,100,6.2,312.4,112.5,D,0
-21.3784,121.7987,345.2,1.3,1.1,2014-11-10,0554,Aqua,MODIS,58,6.2,319.3,29.8,D,0
-20.7395,120.4166,341.4,1.1,1,2014-11-10,0554,Aqua,MODIS,59,6.2,300.8,25.9,D,0
-20.7411,120.4061,354.5,1.1,1,2014-11-10,0554,Aqua,MODIS,96,6.2,312.9,58.1,D,0
-20.7301,120.4149,349.2,1.1,1,2014-11-10,0554,Aqua,MODIS,79,6.2,309.4,38.3,D,0
-20.7317,120.4044,371.1,1.1,1,2014-11-10,0554,Aqua,MODIS,100,6.2,316.4,108.5,D,0
-20.7264,120.4085,345,1.1,1,2014-11-10,0554,Aqua,MODIS,82,6.2,315.1,28.1,D,0
-20.7154,120.4173,338.8,1.1,1,2014-11-10,0554,Aqua,MODIS,29,6.2,312.9,19.9,D,0
-20.5299,120.4256,345.8,1.1,1,2014-11-10,0554,Aqua,MODIS,86,6.2,318.9,32.6,D,0
-20.5283,120.4362,335.9,1.1,1,2014-11-10,0554,Aqua,MODIS,26,6.2,314.7,13.3,D,0
-20.5393,120.4273,349.9,1.1,1,2014-11-10,0554,Aqua,MODIS,69,6.2,318.8,42.8,D,0
-20.5444,120.4232,343,1.1,1,2014-11-10,0554,Aqua,MODIS,51,6.2,319.8,21.5,D,0
-20.5538,120.4249,368,1.1,1,2014-11-10,0554,Aqua,MODIS,100,6.2,320.9,94.4,D,0
-20.5521,120.4354,394,1.1,1,2014-11-10,0554,Aqua,MODIS,100,6.2,320.7,225.4,D,0
-20.5759,120.4072,352.8,1.1,1,2014-11-10,0554,Aqua,MODIS,71,6.2,318.2,47,D,0
-20.5742,120.4177,398.6,1.1,1,2014-11-10,0554,Aqua,MODIS,100,6.2,319.1,250.4,D,0
-20.5869,120.3984,353.4,1.1,1,2014-11-10,0554,Aqua,MODIS,83,6.2,316,50.5,D,0
-20.5853,120.4089,354.5,1.1,1,2014-11-10,0554,Aqua,MODIS,55,6.2,316.2,55.9,D,0
-20.5836,120.4194,402.9,1.1,1,2014-11-10,0554,Aqua,MODIS,100,6.2,320.6,285,D,0
-20.582,120.43,346.6,1.1,1,2014-11-10,0554,Aqua,MODIS,64,6.2,289.4,36.3,D,0
-20.5947,120.4106,359.4,1.1,1,2014-11-10,0554,Aqua,MODIS,82,6.2,313,71.3,D,0
-20.593,120.4211,383.8,1.1,1,2014-11-10,0554,Aqua,MODIS,100,6.2,313.9,169.7,D,0
-20.6073,120.3913,339.9,1.1,1,2014-11-10,0554,Aqua,MODIS,57,6.2,315.2,15.7,D,0
-20.6057,120.4018,420.5,1.1,1,2014-11-10,0554,Aqua,MODIS,100,6.2,319.1,430.1,D,0
-20.6041,120.4123,364.5,1.1,1,2014-11-10,0554,Aqua,MODIS,94,6.2,309,87.7,D,0
-20.1918,120.9664,346.8,1.2,1.1,2014-11-10,0554,Aqua,MODIS,84,6.2,303.2,45,D,0
-20.1936,120.9552,334.7,1.2,1.1,2014-11-10,0554,Aqua,MODIS,51,6.2,304.5,18.8,D,0
-20.1785,120.9871,377.4,1.2,1.1,2014-11-10,0554,Aqua,MODIS,100,6.2,317,157.7,D,0
-20.1821,120.9647,358.5,1.2,1.1,2014-11-10,0554,Aqua,MODIS,98,6.2,310.8,75.1,D,0
-20.1839,120.9534,343,1.2,1.1,2014-11-10,0554,Aqua,MODIS,84,6.2,307.2,33.4,D,0
-20.1747,120.9913,358.9,1.2,1.1,2014-11-10,0554,Aqua,MODIS,81,6.2,314.2,75.5,D,0
-20.165,120.9896,374.6,1.2,1.1,2014-11-10,0554,Aqua,MODIS,100,6.2,317,136.4,D,0
-20.1359,120.9843,348.1,1.2,1.1,2014-11-10,0554,Aqua,MODIS,90,6.2,315.4,37.2,D,0
-20.1377,120.9731,360.9,1.2,1.1,2014-11-10,0554,Aqua,MODIS,100,6.2,318,72.8,D,0
-20.128,120.9713,357.9,1.2,1.1,2014-11-10,0554,Aqua,MODIS,98,6.2,317,64,D,0
-20.1298,120.9601,353.6,1.2,1.1,2014-11-10,0554,Aqua,MODIS,95,6.2,320.2,50.1,D,0
-21.3764,121.8108,378.6,1.3,1.1,2014-11-10,0554,Aqua,MODIS,100,6.2,315,167.9,D,0
-21.3864,121.8127,347.5,1.3,1.1,2014-11-10,0554,Aqua,MODIS,62,6.2,313,40.6,D,0
-20.6009,119.961,343.4,1.1,1,2014-11-10,0554,Aqua,MODIS,85,6.2,318.9,22.1,D,0
-20.5993,119.9711,342.6,1.1,1,2014-11-10,0554,Aqua,MODIS,84,6.2,320.4,20,D,0
-21.3297,120.5481,337.9,1.1,1,2014-11-10,0554,Aqua,MODIS,76,6.2,314.5,20.3,D,0
-21.1237,120.3166,339.1,1.1,1,2014-11-10,0554,Aqua,MODIS,42,6.2,315.7,19.8,D,0
-21.1301,120.2753,360.3,1.1,1,2014-11-10,0554,Aqua,MODIS,100,6.2,312.9,69.8,D,0
-21.1591,120.3974,402.7,1.1,1,2014-11-10,0554,Aqua,MODIS,94,6.2,318.2,274.9,D,0
-21.1607,120.3869,388.4,1.1,1,2014-11-10,0554,Aqua,MODIS,100,6.2,321.6,186.4,D,0
-21.1497,120.3958,349.9,1.1,1,2014-11-10,0554,Aqua,MODIS,92,6.2,319.6,39.1,D,0
-21.1514,120.3853,342.9,1.1,1,2014-11-10,0554,Aqua,MODIS,84,6.2,319.5,24.6,D,0
-21.1404,120.3941,336.6,1.1,1,2014-11-10,0554,Aqua,MODIS,20,6.2,315.8,10.6,D,0
-21.1317,120.265,365.5,1.1,1,2014-11-10,0554,Aqua,MODIS,100,6.2,317.4,85.7,D,0
-21.141,120.2666,384.3,1.1,1,2014-11-10,0554,Aqua,MODIS,100,6.2,316.8,164.2,D,0
-21.1394,120.2769,379.2,1.1,1,2014-11-10,0554,Aqua,MODIS,100,6.2,313.9,141.4,D,0
-21.1532,120.3112,356.8,1.1,1,2014-11-10,0554,Aqua,MODIS,97,6.2,311.5,60.8,D,0
-21.1517,120.3215,339.7,1.1,1,2014-11-10,0554,Aqua,MODIS,73,6.2,311.8,20.5,D,0
-21.1891,120.2646,343,1.1,1,2014-11-10,0554,Aqua,MODIS,80,6.2,317.1,25.2,D,0
-21.3313,120.5376,332.8,1.1,1,2014-11-10,0554,Aqua,MODIS,58,6.2,312.7,11.8,D,0
-21.3204,120.5463,333.3,1.1,1,2014-11-10,0554,Aqua,MODIS,62,6.2,313.3,11.9,D,0
-21.1192,120.2839,337.1,1.1,1,2014-11-10,0554,Aqua,MODIS,71,6.2,304.9,18.4,D,0
-21.1984,120.2663,345.7,1.1,1,2014-11-10,0554,Aqua,MODIS,80,6.2,317.6,31.8,D,0
-21.2134,120.2756,358.2,1.1,1,2014-11-10,0554,Aqua,MODIS,98,6.2,314,68.5,D,0
-21.1148,120.2775,334.5,1.1,1,2014-11-10,0554,Aqua,MODIS,40,6.2,313.5,12.3,D,0
-21.1224,120.2633,335.5,1.1,1,2014-11-10,0554,Aqua,MODIS,66,6.2,314.7,12.5,D,0
-21.1208,120.2736,341.1,1.1,1,2014-11-10,0554,Aqua,MODIS,81,6.2,315.3,23.3,D,0
-20.7089,120.4594,344.8,1.1,1,2014-11-10,0554,Aqua,MODIS,86,6.2,314.2,31.8,D,0
-18.3347,123.1638,350.6,1.7,1.3,2014-11-10,0554,Aqua,MODIS,80,6.2,291.6,114.2,D,0
-17.7864,123.9147,337.1,2,1.4,2014-11-10,0555,Aqua,MODIS,79,6.2,302.5,58.8,D,0
-17.7472,123.8493,355.8,2,1.4,2014-11-10,0555,Aqua,MODIS,97,6.2,308,155.5,D,0
-17.8177,123.8824,364.5,2,1.4,2014-11-10,0555,Aqua,MODIS,98,6.2,307.5,223.6,D,0
-17.8209,123.8638,387.6,2,1.4,2014-11-10,0555,Aqua,MODIS,91,6.2,313.2,463.5,D,0
-17.7774,123.8937,327,2,1.4,2014-11-10,0555,Aqua,MODIS,34,6.2,303.3,23.4,D,0
-17.7898,123.896,392.6,2,1.4,2014-11-10,0555,Aqua,MODIS,100,6.2,310.3,540.9,D,0
-17.8054,123.8799,350.3,2,1.4,2014-11-10,0555,Aqua,MODIS,93,6.2,310.3,126.7,D,0
-16.5117,124.9306,327.3,2.5,1.5,2014-11-10,0555,Aqua,MODIS,66,6.2,300.6,39.8,D,0
-16.516,124.9071,344.7,2.5,1.5,2014-11-10,0555,Aqua,MODIS,90,6.2,302.8,142,D,0
-18.0835,123.2732,334.1,1.8,1.3,2014-11-10,0555,Aqua,MODIS,66,6.2,310.3,29.7,D,0
-17.7684,123.8726,337.2,2,1.4,2014-11-10,0555,Aqua,MODIS,79,6.2,304.4,58.3,D,0
-17.7808,123.875,330.3,2,1.4,2014-11-10,0555,Aqua,MODIS,56,6.2,304.4,32.2,D,0
-17.8021,123.8985,357.8,2,1.4,2014-11-10,0555,Aqua,MODIS,98,6.2,306.2,176.4,D,0
-17.7674,123.8671,338.8,2,1.4,2014-11-10,0555,Aqua,MODIS,82,6.2,305.4,67.9,D,0
-17.7505,123.8309,352.2,2,1.4,2014-11-10,0555,Aqua,MODIS,88,6.2,312,124.9,D,0
-17.746,123.8437,363,2,1.4,2014-11-10,0555,Aqua,MODIS,100,6.2,309.7,208.3,D,0
-14.6244,125.5337,322.3,3.1,1.7,2014-11-10,0555,Aqua,MODIS,62,6.2,299.2,32.2,D,0
-14.62,125.5543,326.7,3.1,1.7,2014-11-10,0555,Aqua,MODIS,63,6.2,298.7,56.1,D,0
-14.6192,125.5619,324,3.1,1.7,2014-11-10,0555,Aqua,MODIS,76,6.2,298.4,44.4,D,0
-15.2986,124.7115,326.5,2.6,1.5,2014-11-10,0555,Aqua,MODIS,0,6.2,301.6,54.1,D,0
-15.2885,124.7265,331.6,2.6,1.5,2014-11-10,0555,Aqua,MODIS,0,6.2,300,80.9,D,0
-14.634,125.5652,339.6,3.1,1.7,2014-11-10,0555,Aqua,MODIS,90,6.2,298.4,148.5,D,0
-15.3023,124.729,327.1,2.6,1.5,2014-11-10,0555,Aqua,MODIS,0,6.2,299.5,57.3,D,0
-15.2942,124.7353,321.8,2.6,1.5,2014-11-10,0555,Aqua,MODIS,0,6.2,299.1,33.7,D,0
-14.6392,125.5367,331.6,3.1,1.7,2014-11-10,0555,Aqua,MODIS,84,6.2,299.3,84.7,D,0
-24.9202,128.9402,320.5,2.4,1.5,2014-11-10,1339,Terra,MODIS,94,6.2,297,57.8,N,0
-24.9178,128.9648,309,2.4,1.5,2014-11-10,1339,Terra,MODIS,17,6.2,295.1,24.3,N,0
-21.1814,127.559,309.8,2.7,1.6,2014-11-10,1340,Terra,MODIS,51,6.2,278.5,34.3,N,0
-21.184,127.5327,346.3,2.7,1.6,2014-11-10,1340,Terra,MODIS,100,6.2,285.9,231.6,N,0
-21.1871,127.5395,354.9,2.7,1.6,2014-11-10,1340,Terra,MODIS,100,6.2,288.9,308.3,N,0
-19.4308,142.821,309.1,2.5,1.5,2014-11-10,1340,Terra,MODIS,76,6.2,296.5,29.2,N,0
-19.4293,142.7895,310.4,2.5,1.5,2014-11-10,1340,Terra,MODIS,53,6.2,296.1,29.4,N,0
-19.4207,142.8369,315.9,2.5,1.5,2014-11-10,1340,Terra,MODIS,92,6.2,295.6,47.4,N,0
-19.4217,142.7945,317.4,2.5,1.5,2014-11-10,1340,Terra,MODIS,95,6.2,295.8,53.2,N,0
-19.5141,142.9435,308.7,2.6,1.5,2014-11-10,1340,Terra,MODIS,75,6.2,296.6,24.7,N,0
-19.425,142.8132,312.8,2.5,1.5,2014-11-10,1340,Terra,MODIS,85,6.2,296.1,37,N,0
-19.4263,142.8447,311.7,2.5,1.5,2014-11-10,1340,Terra,MODIS,83,6.2,295.5,36.8,N,0
-21.0815,140.3428,325.2,1.6,1.2,2014-11-10,1340,Terra,MODIS,87,6.2,288.1,44.2,N,0
-21.0789,140.3577,314.9,1.6,1.2,2014-11-10,1340,Terra,MODIS,33,6.2,290.6,24.5,N,0
-21.6822,141.1279,317.2,1.7,1.3,2014-11-10,1340,Terra,MODIS,95,6.2,277.1,34.1,N,0
-19.7367,130.1136,322.6,1.7,1.3,2014-11-10,1341,Terra,MODIS,100,6.2,295.6,40.5,N,0
-19.6775,130.1222,326.9,1.7,1.3,2014-11-10,1341,Terra,MODIS,100,6.2,295.9,50.7,N,0
-19.5201,131.0666,307.4,1.4,1.2,2014-11-10,1341,Terra,MODIS,14,6.2,295.6,8.5,N,0
-19.552,131.2012,306.9,1.4,1.2,2014-11-10,1341,Terra,MODIS,58,6.2,296.7,7.9,N,0
-19.7482,130.1151,318.7,1.7,1.3,2014-11-10,1341,Terra,MODIS,97,6.2,295.4,33.1,N,0
-19.5077,131.0788,352.1,1.4,1.2,2014-11-10,1341,Terra,MODIS,100,6.2,299.1,108.5,N,0
-19.4733,130.126,303.8,1.7,1.3,2014-11-10,1341,Terra,MODIS,57,6.2,293.5,9.9,N,0
-19.689,130.1237,307.6,1.7,1.3,2014-11-10,1341,Terra,MODIS,72,6.2,295.1,14.2,N,0
-19.511,131.0515,311.6,1.4,1.2,2014-11-10,1341,Terra,MODIS,65,6.2,295.2,14.3,N,0
-19.5094,131.0652,309.9,1.4,1.2,2014-11-10,1341,Terra,MODIS,34,6.2,295.5,11.5,N,0
-19.4711,130.132,311.3,1.7,1.3,2014-11-10,1341,Terra,MODIS,82,6.2,294.1,19.4,N,0
-19.7349,130.1296,325.5,1.7,1.3,2014-11-10,1341,Terra,MODIS,100,6.2,296.1,47.1,N,0
-19.7463,130.131,308.3,1.7,1.3,2014-11-10,1341,Terra,MODIS,74,6.2,294.9,15.2,N,0
-19.7454,130.1203,331.7,1.7,1.3,2014-11-10,1341,Terra,MODIS,100,6.2,296.4,63.7,N,0
-19.6617,130.0554,307.9,1.7,1.3,2014-11-10,1341,Terra,MODIS,73,6.2,294.7,13.9,N,0
-19.6648,130.0493,330.3,1.7,1.3,2014-11-10,1341,Terra,MODIS,100,6.2,295.7,60.2,N,0
-19.5101,131.148,319.7,1.4,1.2,2014-11-10,1341,Terra,MODIS,99,6.2,296.4,24.5,N,0
-19.5028,131.1196,313.5,1.4,1.2,2014-11-10,1341,Terra,MODIS,55,6.2,296.7,15.5,N,0
-18.4883,131.1969,305.4,1.4,1.2,2014-11-10,1341,Terra,MODIS,62,6.2,294.6,8.8,N,0
-19.5118,131.1345,324.6,1.4,1.2,2014-11-10,1341,Terra,MODIS,100,6.2,298.3,32.7,N,0
-19.5308,131.1982,311.1,1.4,1.2,2014-11-10,1341,Terra,MODIS,60,6.2,297.5,11.8,N,0
-19.5061,131.0924,326.2,1.4,1.2,2014-11-10,1341,Terra,MODIS,100,6.2,296.6,35.1,N,0
-19.6732,130.0568,323,1.7,1.3,2014-11-10,1341,Terra,MODIS,100,6.2,294.9,41.5,N,0
-19.675,130.0407,309.3,1.7,1.3,2014-11-10,1341,Terra,MODIS,72,6.2,293.4,16.1,N,0
-19.5134,131.121,311,1.4,1.2,2014-11-10,1341,Terra,MODIS,19,6.2,297.4,11.8,N,0
-19.5207,131.1495,318.3,1.4,1.2,2014-11-10,1341,Terra,MODIS,97,6.2,297.1,22.6,N,0
-19.5224,131.136,307.5,1.4,1.2,2014-11-10,1341,Terra,MODIS,44,6.2,296.7,8.9,N,0
-19.5241,131.1224,307.6,1.4,1.2,2014-11-10,1341,Terra,MODIS,30,6.2,296.8,8.9,N,0
-16.7188,133.9069,309.7,1,1,2014-11-10,1341,Terra,MODIS,30,6.2,297,6,N,0
-16.702,133.8984,310.9,1,1,2014-11-10,1341,Terra,MODIS,56,6.2,297.3,6.9,N,0
-16.6916,133.9065,310,1,1,2014-11-10,1341,Terra,MODIS,73,6.2,296.8,6.7,N,0
-16.6826,133.9051,318.9,1,1,2014-11-10,1341,Terra,MODIS,97,6.2,296.5,14,N,0
-16.5058,133.7887,306.5,1,1,2014-11-10,1341,Terra,MODIS,39,6.2,294,4.3,N,0
-15.0591,145.0417,300.9,4.5,2,2014-11-10,1341,Terra,MODIS,25,6.2,290.2,37.9,N,0
-15.0587,145.0467,300.2,4.5,2,2014-11-10,1341,Terra,MODIS,20,6.2,290.2,37,N,0
-16.8886,134.2046,329.7,1,1,2014-11-10,1341,Terra,MODIS,100,6.2,299.2,24.8,N,0
-16.8899,134.1953,325.9,1,1,2014-11-10,1341,Terra,MODIS,100,6.2,299.4,20.1,N,0
-16.8796,134.2032,320.6,1,1,2014-11-10,1341,Terra,MODIS,100,6.2,298.8,14.6,N,0
-16.8809,134.1939,315.8,1,1,2014-11-10,1341,Terra,MODIS,91,6.2,298.5,10.1,N,0
-16.9592,133.8979,309.5,1,1,2014-11-10,1341,Terra,MODIS,73,6.2,296.9,6.8,N,0
-16.9505,133.7608,306.3,1,1,2014-11-10,1341,Terra,MODIS,17,6.2,295.9,3.8,N,0
-16.4926,132.9424,307.4,1.1,1,2014-11-10,1341,Terra,MODIS,61,6.2,296.2,5.5,N,0
-16.7963,133.9443,317.1,1,1,2014-11-10,1341,Terra,MODIS,93,6.2,296.8,12.3,N,0
-16.4193,132.9458,306.4,1.1,1,2014-11-10,1341,Terra,MODIS,55,6.2,296.3,5,N,0
-18.1937,138.9987,306.5,1.4,1.2,2014-11-10,1341,Terra,MODIS,57,6.2,279.3,14.2,N,0
-17.5664,134.9983,314.7,1,1,2014-11-10,1341,Terra,MODIS,53,6.2,297.9,10.4,N,0
-16.7145,131.068,312.4,1.3,1.1,2014-11-10,1341,Terra,MODIS,81,6.2,299.2,10.4,N,0
-16.7177,131.0627,316.2,1.3,1.1,2014-11-10,1341,Terra,MODIS,91,6.2,299.6,15.3,N,0
-16.6658,131.1427,313.8,1.3,1.1,2014-11-10,1341,Terra,MODIS,85,6.2,299.3,12.8,N,0
-16.6295,131.1004,319,1.3,1.1,2014-11-10,1341,Terra,MODIS,97,6.2,300.3,18.4,N,0
-16.6208,131.0867,312.8,1.3,1.1,2014-11-10,1341,Terra,MODIS,82,6.2,299.2,10.5,N,0
-16.6223,131.0744,310.7,1.3,1.1,2014-11-10,1341,Terra,MODIS,53,6.2,299.1,8.3,N,0
-16.6238,131.0807,309.8,1.3,1.1,2014-11-10,1341,Terra,MODIS,68,6.2,299.3,7.8,N,0
-16.6222,131.093,310.5,1.3,1.1,2014-11-10,1341,Terra,MODIS,75,6.2,299.4,8.5,N,0
-16.6642,131.1549,311.5,1.3,1.1,2014-11-10,1341,Terra,MODIS,78,6.2,299.3,10.4,N,0
-17.7154,135.4297,355,1,1,2014-11-10,1341,Terra,MODIS,100,6.2,300.3,71,N,0
-17.7286,135.4027,320.8,1,1,2014-11-10,1341,Terra,MODIS,0,6.2,281,15.2,N,0
-17.7272,135.4122,322,1,1,2014-11-10,1341,Terra,MODIS,0,6.2,288.5,15.2,N,0
-17.7196,135.4013,322.6,1,1,2014-11-10,1341,Terra,MODIS,51,6.2,283.1,19.1,N,0
-17.7182,135.4107,330.8,1,1,2014-11-10,1341,Terra,MODIS,83,6.2,292.3,26.8,N,0
-17.7168,135.4202,348,1,1,2014-11-10,1341,Terra,MODIS,100,6.2,297.8,55,N,0
-16.888,136.296,313.1,1.1,1,2014-11-10,1341,Terra,MODIS,83,6.2,297,8.3,N,0
-16.8787,136.2944,309.8,1.1,1,2014-11-10,1341,Terra,MODIS,26,6.2,296.8,5.6,N,0
-17.091,135.4211,306.9,1,1,2014-11-10,1341,Terra,MODIS,70,6.2,296.8,3.8,N,0
-17.0938,133.7852,311.8,1,1,2014-11-10,1341,Terra,MODIS,80,6.2,297.5,7.8,N,0
-17.1588,133.717,308.1,1,1,2014-11-10,1341,Terra,MODIS,41,6.2,297.8,4.9,N,0
-17.0951,133.7756,312.5,1,1,2014-11-10,1341,Terra,MODIS,82,6.2,297.5,8.3,N,0
-17.0977,133.7565,307.1,1,1,2014-11-10,1341,Terra,MODIS,62,6.2,296.8,5,N,0
-16.8699,133.946,312,1,1,2014-11-10,1341,Terra,MODIS,80,6.2,297.2,8.3,N,0
-16.8608,133.9446,317,1,1,2014-11-10,1341,Terra,MODIS,93,6.2,297,12.3,N,0
-16.8415,133.9513,312.5,1,1,2014-11-10,1341,Terra,MODIS,82,6.2,296.3,8.8,N,0
-16.8428,133.9418,323.1,1,1,2014-11-10,1341,Terra,MODIS,100,6.2,297.4,18.5,N,0
-16.8324,133.9499,318.3,1,1,2014-11-10,1341,Terra,MODIS,96,6.2,296.6,13.6,N,0
-16.8337,133.9404,324.3,1,1,2014-11-10,1341,Terra,MODIS,100,6.2,297.4,19.8,N,0
-16.8234,133.9485,314.7,1,1,2014-11-10,1341,Terra,MODIS,88,6.2,296.3,10.6,N,0
-16.8247,133.939,320.3,1,1,2014-11-10,1341,Terra,MODIS,100,6.2,296.8,15.8,N,0
-16.8144,133.9471,316.7,1,1,2014-11-10,1341,Terra,MODIS,92,6.2,296.4,12.1,N,0
-16.8157,133.9377,321.8,1,1,2014-11-10,1341,Terra,MODIS,100,6.2,296.8,17.1,N,0
-16.8053,133.9457,314,1,1,2014-11-10,1341,Terra,MODIS,86,6.2,296.7,9.7,N,0
-16.8066,133.9363,313.1,1,1,2014-11-10,1341,Terra,MODIS,83,6.2,296.9,9,N,0
-18.7799,137.7096,318.1,1.2,1.1,2014-11-10,1341,Terra,MODIS,45,6.2,288.2,16.4,N,0
-18.7278,137.8497,315.4,1.2,1.1,2014-11-10,1341,Terra,MODIS,25,6.2,292.9,17.9,N,0
-18.7368,137.6677,318.5,1.2,1.1,2014-11-10,1341,Terra,MODIS,44,6.2,296.6,15.9,N,0
-14.3532,134.6997,308.4,1,1,2014-11-10,1342,Terra,MODIS,64,6.2,297.8,5.3,N,0
-14.3442,134.6983,318.3,1,1,2014-11-10,1342,Terra,MODIS,96,6.2,297.6,13.3,N,0
-14.2455,136.7204,306.9,1.2,1.1,2014-11-10,1342,Terra,MODIS,49,6.2,294.8,7.8,N,0
-14.0437,141.6313,311.7,2.6,1.6,2014-11-10,1342,Terra,MODIS,83,6.2,292.5,39.3,N,0
-13.3105,133.7617,306.9,1,1,2014-11-10,1342,Terra,MODIS,60,6.2,296.5,4.5,N,0
-13.3118,133.7526,307.1,1,1,2014-11-10,1342,Terra,MODIS,61,6.2,296.6,4.6,N,0
-14.7718,132.6335,301.2,1.1,1,2014-11-10,1342,Terra,MODIS,24,6.2,286.6,3.2,N,0
-14.7643,132.6362,307.2,1.1,1,2014-11-10,1342,Terra,MODIS,69,6.2,287,7.1,N,0
-13.3819,133.7133,310.4,1,1,2014-11-10,1342,Terra,MODIS,75,6.2,296.5,6.8,N,0
-13.3884,133.6675,311.4,1,1,2014-11-10,1342,Terra,MODIS,78,6.2,295.5,8.5,N,0
-14.255,134.6781,311,1,1,2014-11-10,1342,Terra,MODIS,75,6.2,298.5,6.7,N,0
-15.9804,130.4339,318.2,1.4,1.2,2014-11-10,1342,Terra,MODIS,96,6.2,297.8,21.4,N,0
-15.8789,129.9481,336.4,1.5,1.2,2014-11-10,1342,Terra,MODIS,100,6.2,297,65.6,N,0
-15.3055,130.9621,311.5,1.3,1.1,2014-11-10,1342,Terra,MODIS,82,6.2,294.9,11.7,N,0
-15.3583,131.024,308.3,1.3,1.1,2014-11-10,1342,Terra,MODIS,73,6.2,296.4,7.4,N,0
-15.976,130.427,315.4,1.4,1.2,2014-11-10,1342,Terra,MODIS,90,6.2,297.3,17.4,N,0
-15.9744,130.44,309.3,1.4,1.2,2014-11-10,1342,Terra,MODIS,69,6.2,296.9,10.1,N,0
-15.982,130.4207,310.4,1.4,1.2,2014-11-10,1342,Terra,MODIS,77,6.2,297.3,10.2,N,0
-15.8772,129.9623,326.5,1.5,1.2,2014-11-10,1342,Terra,MODIS,100,6.2,296.4,41,N,0
-15.519,130.9668,307.4,1.3,1.1,2014-11-10,1342,Terra,MODIS,69,6.2,296.2,7.4,N,0
-15.4817,130.0282,307.1,1.5,1.2,2014-11-10,1342,Terra,MODIS,65,6.2,296.4,7.7,N,0
-14.2026,135.3432,312.3,1,1,2014-11-10,1342,Terra,MODIS,81,6.2,296.7,9.5,N,0
-14.2012,135.3528,323.4,1,1,2014-11-10,1342,Terra,MODIS,100,6.2,297,20.3,N,0
-14.0004,134.9708,310,1,1,2014-11-10,1342,Terra,MODIS,72,6.2,297.2,6.5,N,0
-14.2267,135.3077,310,1,1,2014-11-10,1342,Terra,MODIS,73,6.2,296.8,7.4,N,0
-12.3393,135.9343,313.1,1.1,1.1,2014-11-10,1342,Terra,MODIS,85,6.2,296.2,11,N,0
-14.0311,136.5938,306.6,1.2,1.1,2014-11-10,1342,Terra,MODIS,62,6.2,295.5,6.1,N,0
-14.0161,134.1031,316,1,1,2014-11-10,1342,Terra,MODIS,90,6.2,294.7,10.7,N,0
-14.0052,134.1139,304.8,1,1,2014-11-10,1342,Terra,MODIS,42,6.2,294.7,3.4,N,0
-14.1932,135.3551,311.3,1,1,2014-11-10,1342,Terra,MODIS,77,6.2,296.3,9,N,0
-13.4735,133.7801,316.5,1,1,2014-11-10,1342,Terra,MODIS,92,6.2,297.9,10.8,N,0
-12.3488,135.9358,309.5,1.1,1.1,2014-11-10,1342,Terra,MODIS,74,6.2,296.5,8.1,N,0
-13.9863,133.9888,318.8,1,1,2014-11-10,1342,Terra,MODIS,97,6.2,295.3,14.8,N,0
-13.471,133.7328,310.4,1,1,2014-11-10,1342,Terra,MODIS,52,6.2,297.3,6.1,N,0
-13.4697,133.742,318.8,1,1,2014-11-10,1342,Terra,MODIS,97,6.2,297.9,12.7,N,0
-13.985,133.998,310.5,1,1,2014-11-10,1342,Terra,MODIS,59,6.2,295.5,7.6,N,0
-13.788,136.9052,313.5,1.2,1.1,2014-11-10,1342,Terra,MODIS,81,6.2,296.4,12.6,N,0
-13.9896,134.1585,315.8,1,1,2014-11-10,1342,Terra,MODIS,90,6.2,297.2,11.2,N,0
-14.1946,135.3455,318.5,1,1,2014-11-10,1342,Terra,MODIS,96,6.2,296.6,15.3,N,0
-13.4774,133.7525,315.5,1,1,2014-11-10,1342,Terra,MODIS,90,6.2,298.1,9.7,N,0
-14.0264,134.0953,310.3,1,1,2014-11-10,1342,Terra,MODIS,36,6.2,296.3,6.3,N,0
-14.0148,134.1123,307,1,1,2014-11-10,1342,Terra,MODIS,21,6.2,292.7,4.2,N,0
-14.0065,134.1047,305.5,1,1,2014-11-10,1342,Terra,MODIS,49,6.2,295.2,3.6,N,0
-14.7528,141.9438,304.3,2.7,1.6,2014-11-10,1342,Terra,MODIS,59,6.2,292.4,18.7,N,0
-13.4824,133.7814,313.5,1,1,2014-11-10,1342,Terra,MODIS,85,6.2,297.7,8.6,N,0
-13.4838,133.7722,315.7,1,1,2014-11-10,1342,Terra,MODIS,90,6.2,297.6,10.1,N,0
-13.4851,133.7631,323.2,1,1,2014-11-10,1342,Terra,MODIS,100,6.2,298,17.3,N,0
-11.9876,135.6946,306.7,1.1,1.1,2014-11-10,1343,Terra,MODIS,62,6.2,296.4,6,N,0
-11.986,135.7048,318.7,1.1,1.1,2014-11-10,1343,Terra,MODIS,97,6.2,296.9,17.1,N,0
-12.3186,131.584,312.9,1.1,1.1,2014-11-10,1343,Terra,MODIS,84,6.2,294.3,10.9,N,0
-11.2757,131.1542,306.2,1.1,1.1,2014-11-10,1343,Terra,MODIS,24,6.2,295,5.2,N,0
-11.2662,131.1528,315.7,1.1,1.1,2014-11-10,1343,Terra,MODIS,89,6.2,295.4,12.8,N,0
-11.2676,131.1425,321.6,1.1,1.1,2014-11-10,1343,Terra,MODIS,100,6.2,295.7,19.9,N,0
-11.269,131.1322,305.8,1.1,1.1,2014-11-10,1343,Terra,MODIS,20,6.2,294.9,4.9,N,0
-12.3173,131.5941,309.7,1.1,1,2014-11-10,1343,Terra,MODIS,49,6.2,294.1,8.1,N,0
-12.3281,131.5853,307.8,1.1,1.1,2014-11-10,1343,Terra,MODIS,54,6.2,293.8,7.1,N,0
-15.0646,145.0376,308.1,3.7,1.8,2014-11-10,1508,Aqua,MODIS,59,6.2,290.7,56.4,N,0
-20.749,148.43,300.6,1.6,1.2,2014-11-10,1510,Aqua,MODIS,20,6.2,288.9,9.4,N,0
-20.7408,148.4484,301.7,1.6,1.2,2014-11-10,1510,Aqua,MODIS,34,6.2,288.1,10.2,N,0
-20.7489,148.4359,302.9,1.6,1.2,2014-11-10,1510,Aqua,MODIS,28,6.2,289.1,12.8,N,0
-22.945,149.8426,312.1,1.2,1.1,2014-11-10,1510,Aqua,MODIS,84,6.2,291.6,14.2,N,0
-22.947,149.854,307.9,1.2,1.1,2014-11-10,1510,Aqua,MODIS,73,6.2,291.4,10.2,N,0
-23.3471,150.1728,307.7,1.2,1.1,2014-11-10,1510,Aqua,MODIS,40,6.2,290.7,9.3,N,0
-23.3618,150.1862,305.6,1.1,1.1,2014-11-10,1510,Aqua,MODIS,55,6.2,290.3,8.2,N,0
-23.3504,150.1771,311.4,1.2,1.1,2014-11-10,1510,Aqua,MODIS,79,6.2,290.6,12.8,N,0
-23.3713,150.1845,311.1,1.1,1.1,2014-11-10,1510,Aqua,MODIS,67,6.2,290.4,12.2,N,0
-24.8779,148.5885,306.4,1.3,1.1,2014-11-10,1511,Aqua,MODIS,68,6.2,292.7,10.5,N,0
-24.9493,148.7144,314.1,1.3,1.1,2014-11-10,1511,Aqua,MODIS,54,6.2,293.7,16.1,N,0
-24.8375,147.9613,330.4,1.4,1.2,2014-11-10,1511,Aqua,MODIS,92,6.2,291.3,47.8,N,0
-24.8506,147.9729,318,1.4,1.2,2014-11-10,1511,Aqua,MODIS,61,6.2,291.1,25.8,N,0
-24.7788,148.0224,305.3,1.4,1.2,2014-11-10,1511,Aqua,MODIS,19,6.2,290.8,10.3,N,0
-24.8553,148.6924,306.2,1.3,1.1,2014-11-10,1511,Aqua,MODIS,7,6.2,292.9,8.3,N,0
-24.8923,148.7325,311.2,1.3,1.1,2014-11-10,1511,Aqua,MODIS,40,6.2,293.4,12.8,N,0
-24.8799,148.7218,313.3,1.3,1.1,2014-11-10,1511,Aqua,MODIS,15,6.2,293.5,14,N,0
-24.9263,148.6857,326.6,1.3,1.1,2014-11-10,1511,Aqua,MODIS,100,6.2,294.8,34.1,N,0
-24.951,148.7077,311.7,1.3,1.1,2014-11-10,1511,Aqua,MODIS,16,6.2,293.6,12.3,N,0
-24.8575,148.7054,308,1.3,1.1,2014-11-10,1511,Aqua,MODIS,28,6.2,293.3,10.1,N,0
-24.9139,148.6749,313.7,1.3,1.1,2014-11-10,1511,Aqua,MODIS,79,6.2,293.8,15.5,N,0
-24.9227,148.7266,311.9,1.3,1.1,2014-11-10,1511,Aqua,MODIS,6,6.2,293.4,12.4,N,0
-24.9161,148.6879,329.6,1.3,1.1,2014-11-10,1511,Aqua,MODIS,100,6.2,295.5,38.8,N,0
-24.9241,148.6729,318.3,1.3,1.1,2014-11-10,1511,Aqua,MODIS,97,6.2,294.2,21.7,N,0
-24.8881,148.5863,313.5,1.3,1.1,2014-11-10,1511,Aqua,MODIS,87,6.2,293.1,17.6,N,0
-24.8481,147.9591,314.9,1.4,1.2,2014-11-10,1511,Aqua,MODIS,40,6.2,290.5,21.3,N,0
-24.816,147.9646,322,1.4,1.2,2014-11-10,1511,Aqua,MODIS,0,6.2,290.7,28.1,N,0
-30.0057,148.2349,300.1,1.2,1.1,2014-11-10,1512,Aqua,MODIS,16,6.2,287.7,7,N,0
-30.0436,123.7793,302.7,3.6,1.8,2014-11-10,1516,Terra,MODIS,51,6.2,287.2,38.4,N,0
-30.0594,123.7502,318.8,3.6,1.8,2014-11-10,1516,Terra,MODIS,98,6.2,288.1,111.2,N,0
-30.0519,123.7428,321,3.6,1.8,2014-11-10,1516,Terra,MODIS,100,6.2,288.4,122.2,N,0
-30.0532,123.6331,324.9,3.5,1.8,2014-11-10,1516,Terra,MODIS,100,6.2,289.3,145.1,N,0
-30.0377,123.6282,322.2,3.5,1.8,2014-11-10,1516,Terra,MODIS,100,6.2,288.3,122.5,N,0
-30.0526,123.666,302,3.5,1.8,2014-11-10,1516,Terra,MODIS,39,6.2,287.1,33.8,N,0
-30.037,123.6611,303.2,3.5,1.8,2014-11-10,1516,Terra,MODIS,43,6.2,287.5,36.4,N,0
-30.0616,123.5975,306.9,3.5,1.8,2014-11-10,1516,Terra,MODIS,42,6.2,287.8,49,N,0
-30.0461,123.5927,311.8,3.5,1.8,2014-11-10,1516,Terra,MODIS,46,6.2,287.3,66.6,N,0
-30.0452,123.6252,340.7,3.5,1.8,2014-11-10,1516,Terra,MODIS,100,6.2,290.7,280.9,N,0
-30.0533,123.5896,313.1,3.5,1.8,2014-11-10,1516,Terra,MODIS,86,6.2,288,77.8,N,0
-21.1309,119.0151,305.5,2.7,1.6,2014-11-10,1519,Terra,MODIS,64,6.2,293.8,17.6,N,0
-21.1258,119.0409,311.1,2.7,1.6,2014-11-10,1519,Terra,MODIS,82,6.2,294,34.2,N,0
-21.1227,119.0336,313.9,2.7,1.6,2014-11-10,1519,Terra,MODIS,88,6.2,293.9,43.8,N,0
-20.2586,121.2803,318.3,4.1,1.9,2014-11-10,1519,Terra,MODIS,86,6.2,293.4,111.3,N,0
-20.5632,120.4879,314,3.6,1.8,2014-11-10,1519,Terra,MODIS,57,6.2,289.4,74,N,0
-20.5073,120.4382,333.3,3.5,1.8,2014-11-10,1519,Terra,MODIS,100,6.2,293.4,199.9,N,0
-21.1818,120.2976,307.4,3.3,1.7,2014-11-10,1519,Terra,MODIS,29,6.2,287.7,40.1,N,0
-20.1249,121.0362,308,4,1.9,2014-11-10,1519,Terra,MODIS,52,6.2,293.7,46,N,0
-20.499,120.4296,316.6,3.5,1.8,2014-11-10,1519,Terra,MODIS,93,6.2,293.5,78.3,N,0
-20.4923,120.4633,316.4,3.6,1.8,2014-11-10,1519,Terra,MODIS,93,6.2,293.4,75.8,N,0
-20.5713,120.4951,313,3.6,1.8,2014-11-10,1519,Terra,MODIS,63,6.2,290.8,70.7,N,0
-20.5782,120.4616,317.4,3.5,1.8,2014-11-10,1519,Terra,MODIS,95,6.2,291.6,93,N,0
-20.5004,120.472,318.9,3.6,1.8,2014-11-10,1519,Terra,MODIS,98,6.2,293.7,93.7,N,0
-14.0071,134.105,304.9,1.4,1.2,2014-11-10,1646,Aqua,MODIS,48,6.2,292.9,7.7,N,0
-13.9926,134.1605,303.3,1.4,1.2,2014-11-10,1646,Aqua,MODIS,48,6.2,290.4,7.4,N,0
-13.4792,133.7875,304.7,1.3,1.1,2014-11-10,1646,Aqua,MODIS,7,6.2,292.8,5.3,N,0
-13.4753,133.7813,305.8,1.3,1.1,2014-11-10,1646,Aqua,MODIS,40,6.2,290.9,6.8,N,0
-14.0177,134.1036,317.5,1.4,1.2,2014-11-10,1646,Aqua,MODIS,95,6.2,294.1,22.9,N,0
-14.0088,134.118,326.8,1.4,1.2,2014-11-10,1646,Aqua,MODIS,100,6.2,292.5,39.3,N,0
-14.3453,134.6996,307.1,1.6,1.2,2014-11-10,1646,Aqua,MODIS,66,6.2,294,11.3,N,0
-12.3209,131.626,328.6,1,1,2014-11-10,1646,Aqua,MODIS,100,6.2,296.4,26.2,N,0
-12.3195,131.6166,310,1,1,2014-11-10,1646,Aqua,MODIS,78,6.2,294.8,7.3,N,0
-12.3168,131.5977,304.9,1,1,2014-11-10,1646,Aqua,MODIS,58,6.2,294.8,4.3,N,0
-11.2679,131.1494,313.3,1,1,2014-11-10,1646,Aqua,MODIS,82,6.2,294.5,10.1,N,0
-16.9594,133.7669,307.5,1.5,1.2,2014-11-10,1647,Aqua,MODIS,3,6.2,295.6,8.5,N,0
-16.9776,133.7364,306.2,1.5,1.2,2014-11-10,1647,Aqua,MODIS,9,6.2,295,7.9,N,0
-16.5217,132.9462,308.6,1.3,1.1,2014-11-10,1647,Aqua,MODIS,75,6.2,295.5,9.5,N,0
-16.5319,132.9448,331.2,1.3,1.1,2014-11-10,1647,Aqua,MODIS,100,6.2,296.9,41.1,N,0
-16.6186,131.0831,321.8,1.1,1,2014-11-10,1647,Aqua,MODIS,100,6.2,298.6,18.2,N,0
-16.6199,131.093,309.5,1.1,1,2014-11-10,1647,Aqua,MODIS,60,6.2,298.1,6.3,N,0
-16.6213,131.1028,310.6,1.1,1,2014-11-10,1647,Aqua,MODIS,78,6.2,298.6,7.8,N,0
-16.6227,131.1127,309.7,1.1,1,2014-11-10,1647,Aqua,MODIS,75,6.2,298.8,6.9,N,0
-16.7176,131.0627,309.9,1.1,1,2014-11-10,1647,Aqua,MODIS,75,6.2,298.1,7,N,0
-16.719,131.0726,309.7,1.1,1,2014-11-10,1647,Aqua,MODIS,75,6.2,298.5,7,N,0
-17.0868,133.7869,305.1,1.5,1.2,2014-11-10,1647,Aqua,MODIS,63,6.2,294.9,7.6,N,0
-18.7268,137.7443,313.1,3.1,1.7,2014-11-10,1647,Aqua,MODIS,86,6.2,293.1,51.3,N,0
-18.7297,137.7736,323.9,3.1,1.7,2014-11-10,1647,Aqua,MODIS,100,6.2,293.3,105.1,N,0
-18.7359,137.6844,303.9,3,1.7,2014-11-10,1647,Aqua,MODIS,47,6.2,292.3,19.8,N,0
-18.7449,137.7721,321.1,3.1,1.7,2014-11-10,1647,Aqua,MODIS,100,6.2,293,89.5,N,0
-18.769,137.7105,318,3.1,1.7,2014-11-10,1647,Aqua,MODIS,96,6.2,293.2,70.2,N,0
-18.7353,137.6794,304.2,3,1.7,2014-11-10,1647,Aqua,MODIS,5,6.2,292.2,19.6,N,0
-18.7437,137.7673,320.7,3.1,1.7,2014-11-10,1647,Aqua,MODIS,100,6.2,293.2,86.8,N,0
-18.7682,137.7056,315.3,3.1,1.7,2014-11-10,1647,Aqua,MODIS,91,6.2,293,59.5,N,0
-18.771,137.7348,308.9,3.1,1.7,2014-11-10,1647,Aqua,MODIS,35,6.2,292.6,34.3,N,0
-18.4995,131.0622,323.9,1.1,1,2014-11-10,1647,Aqua,MODIS,100,6.2,294.8,24.3,N,0
-18.5009,131.0725,307.5,1.1,1,2014-11-10,1647,Aqua,MODIS,71,6.2,293.7,8,N,0
-18.5525,131.1968,336.9,1.1,1,2014-11-10,1647,Aqua,MODIS,100,6.2,294.6,43.7,N,0
-18.5384,131.2047,305.6,1.1,1,2014-11-10,1647,Aqua,MODIS,65,6.2,295,6.8,N,0
-18.5398,131.2151,325.6,1.1,1,2014-11-10,1647,Aqua,MODIS,100,6.2,295.9,26.2,N,0
-18.5412,131.2255,310.9,1.1,1.1,2014-11-10,1647,Aqua,MODIS,81,6.2,295.1,10.1,N,0
-18.5431,131.1982,312.1,1.1,1,2014-11-10,1647,Aqua,MODIS,84,6.2,294.9,11.6,N,0
-18.5445,131.2086,337,1.1,1,2014-11-10,1647,Aqua,MODIS,100,6.2,302.1,43.7,N,0
-18.5459,131.2191,333.4,1.1,1.1,2014-11-10,1647,Aqua,MODIS,100,6.2,298,37.3,N,0
-18.5473,131.2295,314.8,1.1,1.1,2014-11-10,1647,Aqua,MODIS,90,6.2,296.4,13.6,N,0
-18.5487,131.24,320.6,1.1,1.1,2014-11-10,1647,Aqua,MODIS,100,6.2,298.5,20.1,N,0
-18.5539,131.2072,396.9,1.1,1,2014-11-10,1647,Aqua,MODIS,100,6.2,303.9,272.3,N,0
-18.5553,131.2177,321.4,1.1,1.1,2014-11-10,1647,Aqua,MODIS,100,6.2,296,20.8,N,0
-18.5567,131.2282,338.2,1.1,1.1,2014-11-10,1647,Aqua,MODIS,100,6.2,296.2,45.8,N,0
-18.5581,131.2386,351.9,1.1,1.1,2014-11-10,1647,Aqua,MODIS,100,6.2,299.2,76.6,N,0
-18.4981,131.0519,305.1,1.1,1,2014-11-10,1647,Aqua,MODIS,63,6.2,293.2,6.4,N,0
-18.7146,137.903,314,3.2,1.7,2014-11-10,1647,Aqua,MODIS,88,6.2,292.8,55,N,0
-18.7025,137.9347,352.2,3.2,1.7,2014-11-10,1647,Aqua,MODIS,100,6.2,295.5,350,N,0
-18.7294,137.9243,312.9,3.2,1.7,2014-11-10,1647,Aqua,MODIS,86,6.2,292.7,53.6,N,0
-18.696,137.8974,356,3.2,1.7,2014-11-10,1647,Aqua,MODIS,100,6.2,294.6,395.3,N,0
-18.7141,137.926,334.8,3.2,1.7,2014-11-10,1647,Aqua,MODIS,100,6.2,294.6,181.9,N,0
-18.7177,137.9331,327.4,3.2,1.7,2014-11-10,1647,Aqua,MODIS,100,6.2,293.9,125.8,N,0
-18.6993,137.9045,372.5,3.2,1.7,2014-11-10,1647,Aqua,MODIS,100,6.2,296.6,654.6,N,0
-18.7112,137.8958,307.6,3.2,1.7,2014-11-10,1647,Aqua,MODIS,72,6.2,292.4,34,N,0
-18.6989,137.9275,368,3.2,1.7,2014-11-10,1647,Aqua,MODIS,100,6.2,297.4,580.1,N,0
-15.873,129.9758,303.6,1,1,2014-11-10,1647,Aqua,MODIS,55,6.2,284,5.4,N,0
-15.9751,130.4307,307.3,1,1,2014-11-10,1647,Aqua,MODIS,70,6.2,295.2,5.5,N,0
-16.7769,129.2429,310.8,1,1,2014-11-10,1647,Aqua,MODIS,81,6.2,296.9,7.8,N,0
-15.308,130.9769,308,1,1,2014-11-10,1647,Aqua,MODIS,67,6.2,296.4,6.3,N,0
-15.3094,130.9865,335.1,1,1,2014-11-10,1647,Aqua,MODIS,100,6.2,298.4,35.1,N,0
-15.3107,130.996,312,1,1,2014-11-10,1647,Aqua,MODIS,62,6.2,296.6,8.8,N,0
-15.8716,129.9665,327.7,1,1,2014-11-10,1647,Aqua,MODIS,100,6.2,286.5,26.2,N,0
-21.1798,127.5376,314.3,1,1,2014-11-10,1648,Aqua,MODIS,89,6.2,294.4,11.3,N,0
-19.472,130.1341,307.5,1,1,2014-11-10,1648,Aqua,MODIS,72,6.2,293.1,7.6,N,0
-19.4643,130.1453,316,1,1,2014-11-10,1648,Aqua,MODIS,92,6.2,294.6,13.9,N,0
-19.4629,130.1355,324.9,1,1,2014-11-10,1648,Aqua,MODIS,100,6.2,293,23.2,N,0
-19.5089,131.059,312.3,1.1,1.1,2014-11-10,1648,Aqua,MODIS,85,6.2,296.6,11.1,N,0
-19.5104,131.0695,320.4,1.1,1.1,2014-11-10,1648,Aqua,MODIS,100,6.2,296.1,18.1,N,0
-19.5118,131.0801,332.9,1.1,1.1,2014-11-10,1648,Aqua,MODIS,100,6.2,297.1,35.4,N,0
-19.5169,131.047,312.1,1.1,1.1,2014-11-10,1648,Aqua,MODIS,84,6.2,296,10.9,N,0
-19.5184,131.0576,313.1,1.1,1.1,2014-11-10,1648,Aqua,MODIS,86,6.2,296.4,11.6,N,0
-19.5279,131.0562,311.6,1.1,1.1,2014-11-10,1648,Aqua,MODIS,83,6.2,295.4,10.3,N,0
-19.5293,131.0668,318,1.1,1.1,2014-11-10,1648,Aqua,MODIS,84,6.2,296.1,15.4,N,0
-19.5353,131.0806,306.1,1.1,1.1,2014-11-10,1648,Aqua,MODIS,28,6.2,295.2,5.9,N,0
-19.5448,131.0792,308.4,1.1,1.1,2014-11-10,1648,Aqua,MODIS,74,6.2,295.3,7.8,N,0
-19.5685,131.1846,307.4,1.1,1.1,2014-11-10,1648,Aqua,MODIS,71,6.2,296,7.2,N,0
-19.5656,131.1631,315.3,1.1,1.1,2014-11-10,1648,Aqua,MODIS,91,6.2,295.4,13.7,N,0
-19.5642,131.1524,320.8,1.1,1.1,2014-11-10,1648,Aqua,MODIS,100,6.2,295.7,20.2,N,0
-19.5547,131.1538,309.4,1.1,1.1,2014-11-10,1648,Aqua,MODIS,77,6.2,294.4,9.5,N,0
-19.5482,131.2054,306.3,1.1,1.1,2014-11-10,1648,Aqua,MODIS,31,6.2,295.6,5.6,N,0
-18.2618,128.4,308.7,1,1,2014-11-10,1648,Aqua,MODIS,11,6.2,294.8,6.3,N,0
-18.2632,128.4096,342.9,1,1,2014-11-10,1648,Aqua,MODIS,100,6.2,297.7,47.2,N,0
-18.2708,128.3985,310,1,1,2014-11-10,1648,Aqua,MODIS,16,6.2,296.2,7.1,N,0
-18.2723,128.4081,314.3,1,1,2014-11-10,1648,Aqua,MODIS,78,6.2,294.4,10.2,N,0
-18.2784,128.3875,313.2,1,1,2014-11-10,1648,Aqua,MODIS,52,6.2,294,9.9,N,0
-18.298,128.3941,323.5,1,1,2014-11-10,1648,Aqua,MODIS,100,6.2,294.5,20.5,N,0
-18.2994,128.4037,323.4,1,1,2014-11-10,1648,Aqua,MODIS,100,6.2,294.9,20.3,N,0
-21.1602,127.5309,316,1,1,2014-11-10,1648,Aqua,MODIS,92,6.2,294.9,14,N,0
-21.1617,127.5407,307.9,1,1,2014-11-10,1648,Aqua,MODIS,55,6.2,293.6,7.6,N,0
-21.1708,127.5392,311.3,1,1,2014-11-10,1648,Aqua,MODIS,77,6.2,294.8,9.2,N,0
-21.1813,127.5474,323.5,1,1,2014-11-10,1648,Aqua,MODIS,100,6.2,293.7,20.7,N,0
-21.1995,127.5443,319.7,1,1,2014-11-10,1648,Aqua,MODIS,99,6.2,294.9,17.2,N,0
-21.201,127.5541,325.9,1,1,2014-11-10,1648,Aqua,MODIS,100,6.2,294.2,24.2,N,0
-19.6741,130.1311,307.6,1,1,2014-11-10,1648,Aqua,MODIS,53,6.2,292.6,7.8,N,0
-19.6663,130.1424,305.2,1,1,2014-11-10,1648,Aqua,MODIS,17,6.2,293.2,5.8,N,0
-19.5372,131.196,312.4,1.1,1.1,2014-11-10,1648,Aqua,MODIS,76,6.2,296.2,10.4,N,0
-19.5263,131.1867,353.2,1.1,1.1,2014-11-10,1648,Aqua,MODIS,100,6.2,303,80.4,N,0
-19.5037,131.0921,307.3,1.1,1.1,2014-11-10,1648,Aqua,MODIS,52,6.2,295.3,6.2,N,0
-19.5358,131.1853,307.6,1.1,1.1,2014-11-10,1648,Aqua,MODIS,57,6.2,295.6,6.5,N,0
-19.5009,131.0709,313.4,1.1,1.1,2014-11-10,1648,Aqua,MODIS,58,6.2,297,11.5,N,0
-19.4905,131.1375,322.7,1.1,1.1,2014-11-10,1648,Aqua,MODIS,34,6.2,298.2,19.8,N,0
-20.4958,120.4561,301.2,2.8,1.6,2014-11-10,1648,Aqua,MODIS,33,6.2,283.7,13.3,N,0
-19.5248,131.176,342.4,1.1,1.1,2014-11-10,1648,Aqua,MODIS,100,6.2,296.6,53.3,N,0
-19.5023,131.0815,317.4,1.1,1.1,2014-11-10,1648,Aqua,MODIS,95,6.2,297.6,15.8,N,0
-20.2481,121.3,327.3,2.4,1.5,2014-11-10,1648,Aqua,MODIS,100,6.2,296,81.9,N,0
-19.5,131.1361,320.2,1.1,1.1,2014-11-10,1648,Aqua,MODIS,15,6.2,298.2,15.2,N,0
-20.2354,121.2843,312.2,2.4,1.5,2014-11-10,1648,Aqua,MODIS,84,6.2,295.2,30.6,N,0
-19.489,131.1268,326.4,1.1,1.1,2014-11-10,1648,Aqua,MODIS,76,6.2,299.6,25,N,0
-19.4795,131.1282,308.5,1.1,1.1,2014-11-10,1648,Aqua,MODIS,55,6.2,295.2,8.3,N,0
-20.2531,121.3042,311.8,2.4,1.5,2014-11-10,1648,Aqua,MODIS,83,6.2,295.4,28.3,N,0
-20.2436,121.2773,308.8,2.4,1.5,2014-11-10,1648,Aqua,MODIS,23,6.2,295.1,21.9,N,0
-20.2396,121.307,319.5,2.4,1.5,2014-11-10,1648,Aqua,MODIS,99,6.2,295.7,51.8,N,0
-20.2488,121.2814,307.8,2.4,1.5,2014-11-10,1648,Aqua,MODIS,44,6.2,295.1,19.9,N,0
-18.0868,125.091,316.6,1.4,1.2,2014-11-10,1648,Aqua,MODIS,93,6.2,295.4,21.4,N,0
-17.8253,123.977,340.4,1.7,1.3,2014-11-10,1648,Aqua,MODIS,100,6.2,297.2,89.9,N,0
-17.8282,123.9932,351.4,1.7,1.3,2014-11-10,1648,Aqua,MODIS,100,6.2,298.8,137.6,N,0
-17.7911,123.9724,321.3,1.7,1.3,2014-11-10,1648,Aqua,MODIS,100,6.2,295.5,36.8,N,0
-17.7939,123.9885,327.3,1.7,1.3,2014-11-10,1648,Aqua,MODIS,100,6.2,295.6,51.3,N,0
-17.7796,123.9746,318.3,1.7,1.3,2014-11-10,1648,Aqua,MODIS,97,6.2,295.1,31.9,N,0
-17.7823,123.9908,305.1,1.7,1.3,2014-11-10,1648,Aqua,MODIS,54,6.2,294.1,9.5,N,0
-17.7762,123.9696,309.1,1.7,1.3,2014-11-10,1648,Aqua,MODIS,72,6.2,294.6,14.2,N,0
-17.7907,123.9836,332.3,1.7,1.3,2014-11-10,1648,Aqua,MODIS,100,6.2,295.9,63.6,N,0
-17.8022,123.9814,342.7,1.7,1.3,2014-11-10,1648,Aqua,MODIS,100,6.2,297.1,99.2,N,0
-17.8051,123.9975,315.4,1.7,1.3,2014-11-10,1648,Aqua,MODIS,59,6.2,294.9,22.8,N,0
-17.8431,123.8723,308.3,1.8,1.3,2014-11-10,1648,Aqua,MODIS,74,6.2,295,12.6,N,0
-17.8138,123.9792,354.6,1.7,1.3,2014-11-10,1648,Aqua,MODIS,100,6.2,297.8,153.8,N,0
-17.8166,123.9954,340.4,1.7,1.3,2014-11-10,1648,Aqua,MODIS,100,6.2,296.8,90.8,N,0
-17.84,123.9236,320.6,1.7,1.3,2014-11-10,1648,Aqua,MODIS,100,6.2,295.1,32.4,N,0
-19.4556,130.2171,305.4,1,1,2014-11-10,1648,Aqua,MODIS,64,6.2,294.7,5.9,N,0
-17.8369,123.9747,314.7,1.7,1.3,2014-11-10,1648,Aqua,MODIS,90,6.2,295.7,20.5,N,0
-17.8397,123.991,348.3,1.7,1.3,2014-11-10,1648,Aqua,MODIS,100,6.2,298.1,123.6,N,0
-17.7759,123.7648,310.5,1.8,1.3,2014-11-10,1648,Aqua,MODIS,80,6.2,294.2,18.2,N,0
-17.8284,123.9259,308.4,1.7,1.3,2014-11-10,1648,Aqua,MODIS,17,6.2,294.5,10.1,N,0
-17.8513,123.9887,312.9,1.7,1.3,2014-11-10,1648,Aqua,MODIS,86,6.2,295.7,18.9,N,0
-20.6996,120.4783,303.6,2.7,1.6,2014-11-10,1649,Aqua,MODIS,56,6.2,293,16.7,N,0
-29.8386,123.7413,300.7,1.1,1.1,2014-11-10,1651,Aqua,MODIS,32,6.2,288.8,6.5,N,0
-30.0492,123.761,302.7,1.1,1.1,2014-11-10,1651,Aqua,MODIS,10,6.2,288.7,6.9,N,0
-30.0548,123.7355,307.2,1.1,1.1,2014-11-10,1651,Aqua,MODIS,71,6.2,288.4,10.7,N,0
-30.0568,123.7472,306.7,1.1,1.1,2014-11-10,1651,Aqua,MODIS,43,6.2,288.5,9.8,N,0
-30.0389,123.6412,303.7,1.1,1.1,2014-11-10,1651,Aqua,MODIS,28,6.2,288.7,7.7,N,0
-30.0409,123.653,300.1,1.1,1.1,2014-11-10,1651,Aqua,MODIS,13,6.2,288.2,5.7,N,0
-30.0528,123.7238,305.6,1.1,1.1,2014-11-10,1651,Aqua,MODIS,65,6.2,287.8,9.7,N,0
-30.0445,123.6154,303,1.2,1.1,2014-11-10,1651,Aqua,MODIS,17,6.2,289.4,7.5,N,0
-30.0465,123.6273,317.8,1.1,1.1,2014-11-10,1651,Aqua,MODIS,96,6.2,290.9,20.5,N,0
-30.0541,123.6133,311.6,1.2,1.1,2014-11-10,1651,Aqua,MODIS,70,6.2,288.2,14.2,N,0
-11.481,142.546,319.7,1.8,1.3,2014-11-11,0032,Terra,MODIS,44,6.2,297.2,20.4,D,0
-12.7323,142.365,332.7,1.7,1.3,2014-11-11,0032,Terra,MODIS,81,6.2,302.6,41,D,0
-12.7396,142.3568,341.2,1.7,1.3,2014-11-11,0032,Terra,MODIS,89,6.2,303.1,70,D,0
-12.7368,142.3408,324.5,1.7,1.3,2014-11-11,0032,Terra,MODIS,42,6.2,299.1,17.5,D,0
-12.7413,142.3471,336,1.7,1.3,2014-11-11,0032,Terra,MODIS,85,6.2,301.1,52.4,D,0
-12.7297,142.3491,331.3,1.7,1.3,2014-11-11,0032,Terra,MODIS,80,6.2,303.2,37.5,D,0
-12.7964,142.4118,328.8,1.7,1.3,2014-11-11,0032,Terra,MODIS,74,6.2,300.9,30.3,D,0
-12.808,142.4098,332.1,1.7,1.3,2014-11-11,0032,Terra,MODIS,81,6.2,302.7,39.5,D,0
-12.6939,143.0391,318.7,1.6,1.2,2014-11-11,0032,Terra,MODIS,50,6.2,297.1,13.9,D,0
-11.4783,142.5299,327.1,1.8,1.3,2014-11-11,0032,Terra,MODIS,80,6.2,297,37.3,D,0
-12.473,142.957,317.3,1.6,1.2,2014-11-11,0032,Terra,MODIS,23,6.2,298.1,12.3,D,0
-11.1303,142.5534,315.5,1.8,1.3,2014-11-11,0032,Terra,MODIS,37,6.2,293.1,16.8,D,0
-11.4834,142.5359,331,1.8,1.3,2014-11-11,0032,Terra,MODIS,84,6.2,297.2,52.3,D,0
-11.4743,142.5538,315.4,1.8,1.3,2014-11-11,0032,Terra,MODIS,42,6.2,296.9,16.1,D,0
-12.3257,142.9054,322,1.6,1.2,2014-11-11,0032,Terra,MODIS,66,6.2,295.7,21.1,D,0
-15.4244,135.8727,333.6,4.7,2,2014-11-11,0033,Terra,MODIS,86,6.2,297.2,229.3,D,0
-15.5204,145.2292,330.2,1.1,1,2014-11-11,0033,Terra,MODIS,50,6.2,302.9,19.4,D,0
-15.4266,135.88,330,4.7,2,2014-11-11,0033,Terra,MODIS,83,6.2,297.2,180,D,0
-15.1703,143.1183,336.9,1.4,1.2,2014-11-11,0033,Terra,MODIS,81,6.2,309.9,32,D,0
-15.4089,135.8837,320.8,4.7,2,2014-11-11,0033,Terra,MODIS,73,6.2,297.1,84.1,D,0
-15.2308,144.9651,336.6,1.1,1,2014-11-11,0033,Terra,MODIS,83,6.2,302.3,27.8,D,0
-15.1262,143.1127,333.1,1.4,1.2,2014-11-11,0033,Terra,MODIS,55,6.2,310.3,20.1,D,0
-15.5219,145.2391,324.6,1.1,1,2014-11-11,0033,Terra,MODIS,38,6.2,300.1,11.8,D,0
-15.1493,143.122,335,1.4,1.2,2014-11-11,0033,Terra,MODIS,70,6.2,310.4,25.2,D,0
-14.0506,136.6232,315.9,4.4,1.9,2014-11-11,0033,Terra,MODIS,54,6.2,296.3,45.1,D,0
-14.7061,144.6873,340.5,1.2,1.1,2014-11-11,0033,Terra,MODIS,82,6.2,305.2,35.4,D,0
-14.0488,141.6439,329.1,1.9,1.3,2014-11-11,0033,Terra,MODIS,54,6.2,305.6,29.2,D,0
-13.8332,141.7473,339.5,1.8,1.3,2014-11-11,0033,Terra,MODIS,86,6.2,305.7,64.1,D,0
-16.9415,142.9949,338.4,1.3,1.1,2014-11-11,0033,Terra,MODIS,72,6.2,314.3,27.6,D,0
-13.8396,141.752,334.1,1.8,1.3,2014-11-11,0033,Terra,MODIS,81,6.2,306.4,44.5,D,0
-14.1657,141.7892,333.1,1.8,1.3,2014-11-11,0033,Terra,MODIS,79,6.2,303.2,46.1,D,0
-14.0517,141.6608,328,1.9,1.3,2014-11-11,0033,Terra,MODIS,33,6.2,306.6,26.7,D,0
-13.8277,141.7542,327.4,1.8,1.3,2014-11-11,0033,Terra,MODIS,70,6.2,305.8,22.3,D,0
-13.8249,141.7373,337.9,1.8,1.3,2014-11-11,0033,Terra,MODIS,85,6.2,304.9,58.5,D,0
-13.8368,141.7352,325.9,1.8,1.3,2014-11-11,0033,Terra,MODIS,58,6.2,303.5,19,D,0
-13.8302,141.7304,335.5,1.8,1.3,2014-11-11,0033,Terra,MODIS,83,6.2,303.5,49.4,D,0
-13.9158,141.8018,335.1,1.8,1.3,2014-11-11,0033,Terra,MODIS,82,6.2,305.5,48.7,D,0
-14.7918,142.5624,326.5,1.5,1.2,2014-11-11,0033,Terra,MODIS,37,6.2,308.2,16.2,D,0
-14.0282,141.706,328.1,1.8,1.3,2014-11-11,0033,Terra,MODIS,53,6.2,304.8,20.2,D,0
-14.0337,141.6989,335.2,1.8,1.3,2014-11-11,0033,Terra,MODIS,76,6.2,305.5,48,D,0
-13.9276,141.7997,325.7,1.8,1.3,2014-11-11,0033,Terra,MODIS,25,6.2,305.5,18.8,D,0
-14.0112,141.6037,335.9,1.9,1.3,2014-11-11,0033,Terra,MODIS,54,6.2,308.1,48.2,D,0
-14.0083,141.5865,337.4,1.9,1.3,2014-11-11,0033,Terra,MODIS,70,6.2,305.7,58.2,D,0
-14.0568,141.8323,324.5,1.8,1.3,2014-11-11,0033,Terra,MODIS,54,6.2,301.3,20.6,D,0
-14.0504,141.8395,329.5,1.8,1.3,2014-11-11,0033,Terra,MODIS,73,6.2,304.6,33.7,D,0
-17.1486,142.7049,337.6,1.4,1.2,2014-11-11,0033,Terra,MODIS,80,6.2,315.1,27.7,D,0
-17.1433,142.7119,332.2,1.4,1.2,2014-11-11,0033,Terra,MODIS,67,6.2,313.3,16.7,D,0
-14.7894,142.5482,329.6,1.6,1.2,2014-11-11,0033,Terra,MODIS,34,6.2,311,21.2,D,0
-18.8098,137.7485,330,2.9,1.6,2014-11-11,0034,Terra,MODIS,58,6.2,312,48.2,D,0
-18.1997,138.9968,330.4,2.4,1.5,2014-11-11,0034,Terra,MODIS,72,6.2,305.4,54,D,0
-18.2131,138.9941,332.5,2.4,1.5,2014-11-11,0034,Terra,MODIS,75,6.2,304.4,64.9,D,0
-19.4332,142.8051,361,1.3,1.1,2014-11-11,0034,Terra,MODIS,100,6.2,319.7,94.3,D,0
-16.8884,136.3144,323.8,4.1,1.9,2014-11-11,0034,Terra,MODIS,65,6.2,299.2,59.9,D,0
-16.8921,136.3078,323.7,4.1,1.9,2014-11-11,0034,Terra,MODIS,64,6.2,299.1,58.6,D,0
-19.4844,142.9298,338.6,1.2,1.1,2014-11-11,0034,Terra,MODIS,45,6.2,318.5,21.9,D,0
-16.8641,136.2797,322.5,4.1,1.9,2014-11-11,0034,Terra,MODIS,49,6.2,299.1,46.5,D,0
-16.8676,136.2731,323.1,4.1,1.9,2014-11-11,0034,Terra,MODIS,61,6.2,299.5,53,D,0
-19.4824,142.9181,343.1,1.2,1.1,2014-11-11,0034,Terra,MODIS,83,6.2,317.2,33.6,D,0
-19.4836,142.9233,341.3,1.2,1.1,2014-11-11,0034,Terra,MODIS,61,6.2,317.7,27.3,D,0
-19.4915,142.9098,341.6,1.2,1.1,2014-11-11,0034,Terra,MODIS,80,6.2,316.7,30.9,D,0
-18.1653,138.2453,335.7,2.8,1.6,2014-11-11,0034,Terra,MODIS,72,6.2,308.2,88.5,D,0
-18.1795,138.2421,340.8,2.8,1.6,2014-11-11,0034,Terra,MODIS,86,6.2,308.5,128.7,D,0
-18.1843,138.2679,329.4,2.8,1.6,2014-11-11,0034,Terra,MODIS,44,6.2,309.4,49.3,D,0
-18.1678,138.2388,335.9,2.8,1.6,2014-11-11,0034,Terra,MODIS,75,6.2,307.8,93.3,D,0
-18.1728,138.2643,333,2.8,1.6,2014-11-11,0034,Terra,MODIS,63,6.2,310.5,68.8,D,0
-18.1819,138.2353,327.7,2.8,1.6,2014-11-11,0034,Terra,MODIS,51,6.2,307.3,50.6,D,0
-18.187,138.2614,329.2,2.8,1.6,2014-11-11,0034,Terra,MODIS,55,6.2,308.9,51.4,D,0
-19.4232,142.8069,346.8,1.3,1.1,2014-11-11,0034,Terra,MODIS,89,6.2,320.9,46.8,D,0
-19.4252,142.8188,353.4,1.3,1.1,2014-11-11,0034,Terra,MODIS,95,6.2,320.3,66.1,D,0
-19.4391,142.8408,339,1.3,1.1,2014-11-11,0034,Terra,MODIS,80,6.2,316.9,25.9,D,0
-19.4352,142.817,341.9,1.3,1.1,2014-11-11,0034,Terra,MODIS,84,6.2,317.4,34,D,0
-20.6883,143.145,339.4,1.2,1.1,2014-11-11,0034,Terra,MODIS,79,6.2,320.3,15.3,D,0
-19.4291,142.8426,345.7,1.3,1.1,2014-11-11,0034,Terra,MODIS,88,6.2,323.2,42.2,D,0
-19.4311,142.8545,347,1.3,1.1,2014-11-11,0034,Terra,MODIS,90,6.2,320.8,45.1,D,0
-19.4411,142.8527,332.7,1.3,1.1,2014-11-11,0034,Terra,MODIS,67,6.2,316.9,12.6,D,0
-17.331,142.7318,336.1,1.4,1.2,2014-11-11,0034,Terra,MODIS,40,6.2,314.1,22.6,D,0
-17.7358,142.4543,334.6,1.4,1.2,2014-11-11,0034,Terra,MODIS,74,6.2,314.5,21.2,D,0
-20.75,148.4206,319,1.2,1.1,2014-11-11,0034,Terra,MODIS,68,6.2,299.3,13,D,0
-18.7564,137.8013,349.2,2.9,1.6,2014-11-11,0034,Terra,MODIS,93,6.2,313.8,188.6,D,0
-18.7566,137.7941,351,2.9,1.6,2014-11-11,0034,Terra,MODIS,94,6.2,313.1,206.5,D,0
-18.7841,137.7028,335.5,2.9,1.6,2014-11-11,0034,Terra,MODIS,55,6.2,315.4,83.2,D,0
-18.804,137.7271,346.9,2.9,1.6,2014-11-11,0034,Terra,MODIS,91,6.2,314,171.7,D,0
-18.8044,137.7212,340.5,2.9,1.6,2014-11-11,0034,Terra,MODIS,85,6.2,313.9,122.2,D,0
-18.0465,143.6611,344.5,1.2,1.1,2014-11-11,0034,Terra,MODIS,88,6.2,316.8,36.5,D,0
-18.748,137.915,332.7,2.8,1.6,2014-11-11,0034,Terra,MODIS,64,6.2,312.7,56.9,D,0
-18.7049,137.924,328.6,2.8,1.6,2014-11-11,0034,Terra,MODIS,37,6.2,311.9,46.6,D,0
-18.0829,143.7007,336.4,1.2,1.1,2014-11-11,0034,Terra,MODIS,57,6.2,315.1,16.4,D,0
-18.089,143.6768,355,1.2,1.1,2014-11-11,0034,Terra,MODIS,96,6.2,316.2,64.9,D,0
-18.0483,143.6722,338.4,1.2,1.1,2014-11-11,0034,Terra,MODIS,81,6.2,317.9,22.5,D,0
-18.6997,137.8975,342.2,2.9,1.6,2014-11-11,0034,Terra,MODIS,87,6.2,313.3,139.7,D,0
-18.0908,143.688,341.9,1.2,1.1,2014-11-11,0034,Terra,MODIS,80,6.2,315.2,29.9,D,0
-18.7193,137.921,343.3,2.8,1.6,2014-11-11,0034,Terra,MODIS,88,6.2,312.8,138.7,D,0
-18.6983,137.9037,344.9,2.9,1.6,2014-11-11,0034,Terra,MODIS,89,6.2,313.6,166.7,D,0
-18.0793,143.6784,333.4,1.2,1.1,2014-11-11,0034,Terra,MODIS,50,6.2,315.3,13.4,D,0
-18.0811,143.6897,333.4,1.2,1.1,2014-11-11,0034,Terra,MODIS,38,6.2,315.6,12.5,D,0
-18.0732,143.7023,336,1.2,1.1,2014-11-11,0034,Terra,MODIS,69,6.2,316.9,14.5,D,0
-21.6818,141.1379,342.9,1.5,1.2,2014-11-11,0035,Terra,MODIS,84,6.2,314.8,45,D,0
-21.1304,140.3795,344.2,1.7,1.3,2014-11-11,0035,Terra,MODIS,86,6.2,314.4,60,D,0
-21.6793,141.1238,335.6,1.5,1.2,2014-11-11,0035,Terra,MODIS,71,6.2,315.7,24.3,D,0
-21.1645,140.439,339.3,1.7,1.3,2014-11-11,0035,Terra,MODIS,79,6.2,314.3,45,D,0
-21.6925,141.1356,334.3,1.5,1.2,2014-11-11,0035,Terra,MODIS,65,6.2,313.6,20.2,D,0
-21.1701,140.4708,331.1,1.7,1.3,2014-11-11,0035,Terra,MODIS,51,6.2,313.5,19.9,D,0
-21.6766,141.1304,337.8,1.5,1.2,2014-11-11,0035,Terra,MODIS,75,6.2,315.3,28,D,0
-21.1275,140.3635,357.1,1.7,1.3,2014-11-11,0035,Terra,MODIS,97,6.2,314.6,119.9,D,0
-21.1673,140.455,344,1.7,1.3,2014-11-11,0035,Terra,MODIS,85,6.2,315.5,62.8,D,0
-24.9185,148.6756,337.3,1.4,1.2,2014-11-11,0035,Terra,MODIS,84,6.2,307.1,36.9,D,0
-24.9081,148.6772,328.6,1.4,1.2,2014-11-11,0035,Terra,MODIS,64,6.2,308.5,17.3,D,0
-24.8849,148.7139,334.4,1.4,1.2,2014-11-11,0035,Terra,MODIS,80,6.2,306.9,28.4,D,0
-24.9129,148.6829,333,1.4,1.2,2014-11-11,0035,Terra,MODIS,79,6.2,307.7,27.3,D,0
-24.9289,148.674,353.5,1.4,1.2,2014-11-11,0035,Terra,MODIS,96,6.2,307.6,87.9,D,0
-24.9201,148.6889,330.8,1.4,1.2,2014-11-11,0035,Terra,MODIS,64,6.2,307.1,21.4,D,0
-24.9305,148.6874,357.9,1.4,1.2,2014-11-11,0035,Terra,MODIS,98,6.2,307.3,104.6,D,0
-24.6578,145.0982,344.7,1,1,2014-11-11,0035,Terra,MODIS,86,6.2,318.7,23,D,0
-24.6593,145.108,339,1,1,2014-11-11,0035,Terra,MODIS,78,6.2,318.4,12.4,D,0
-24.6668,145.0966,362.8,1,1,2014-11-11,0035,Terra,MODIS,100,6.2,319.3,64.9,D,0
-24.6683,145.1065,350.4,1,1,2014-11-11,0035,Terra,MODIS,92,6.2,318.4,33.4,D,0
-24.6849,145.0936,341.4,1,1,2014-11-11,0035,Terra,MODIS,82,6.2,318.8,16.9,D,0
-24.6924,145.0822,350.1,1,1,2014-11-11,0035,Terra,MODIS,92,6.2,319.4,33.7,D,0
-24.6939,145.092,357.7,1,1,2014-11-11,0035,Terra,MODIS,98,6.2,319.3,51.4,D,0
-24.9409,148.6859,330,1.4,1.2,2014-11-11,0035,Terra,MODIS,61,6.2,302.7,25.2,D,0
-24.8202,147.9466,324.9,1.2,1.1,2014-11-11,0035,Terra,MODIS,43,6.2,305.5,16.8,D,0
-22.7428,150.2633,330.1,1.6,1.2,2014-11-11,0035,Terra,MODIS,63,6.2,306.1,29.8,D,0
-22.7541,150.2618,346.1,1.6,1.2,2014-11-11,0035,Terra,MODIS,92,6.2,307.6,79.2,D,0
-24.9113,148.6696,326.1,1.4,1.2,2014-11-11,0035,Terra,MODIS,45,6.2,307.4,12.7,D,0
-24.8216,147.9586,349.9,1.2,1.1,2014-11-11,0035,Terra,MODIS,94,6.2,307.9,68.4,D,0
-24.8315,147.9567,330.5,1.2,1.1,2014-11-11,0035,Terra,MODIS,31,6.2,303.4,23.1,D,0
-24.8208,147.953,353.9,1.2,1.1,2014-11-11,0035,Terra,MODIS,96,6.2,307.2,79.3,D,0
-22.7464,150.2946,326.3,1.6,1.3,2014-11-11,0035,Terra,MODIS,39,6.2,306.6,22.4,D,0
-22.7577,150.2932,326.1,1.6,1.3,2014-11-11,0035,Terra,MODIS,18,6.2,306.8,20.1,D,0
-24.8108,147.9545,350.2,1.2,1.1,2014-11-11,0035,Terra,MODIS,94,6.2,311.9,65.4,D,0
-24.8261,147.9946,323.9,1.2,1.1,2014-11-11,0035,Terra,MODIS,37,6.2,302.8,11.8,D,0
-24.8529,147.9656,326.5,1.2,1.1,2014-11-11,0035,Terra,MODIS,52,6.2,303.8,19.8,D,0
-24.8169,148.0025,331.6,1.2,1.1,2014-11-11,0035,Terra,MODIS,45,6.2,305.5,21.6,D,0
-24.7986,148.0181,331.1,1.2,1.1,2014-11-11,0035,Terra,MODIS,12,6.2,307.3,21.5,D,0
-24.7872,148.0082,335.6,1.2,1.1,2014-11-11,0035,Terra,MODIS,67,6.2,313.2,26.5,D,0
-24.7887,148.0201,342.5,1.2,1.1,2014-11-11,0035,Terra,MODIS,79,6.2,310.7,44.5,D,0
-24.8624,148.7036,332.3,1.4,1.2,2014-11-11,0035,Terra,MODIS,75,6.2,307.6,25.8,D,0
-24.8223,147.9647,336.8,1.2,1.1,2014-11-11,0035,Terra,MODIS,81,6.2,305.9,32.4,D,0
-24.8415,147.955,340.5,1.2,1.1,2014-11-11,0035,Terra,MODIS,79,6.2,303.3,45.3,D,0
-24.8124,147.9666,334.6,1.2,1.1,2014-11-11,0035,Terra,MODIS,69,6.2,309.9,26,D,0
-24.8608,148.6904,331.6,1.4,1.2,2014-11-11,0035,Terra,MODIS,77,6.2,308.5,25,D,0
-24.7312,148.0477,325.3,1.2,1.1,2014-11-11,0035,Terra,MODIS,39,6.2,309.6,14.1,D,0
-24.4905,151.6853,316.6,2.1,1.4,2014-11-11,0035,Terra,MODIS,37,6.2,300.4,17.4,D,0
-22.7767,150.2588,333.2,1.6,1.2,2014-11-11,0035,Terra,MODIS,80,6.2,307.1,40.5,D,0
-23.5827,150.3416,339.9,1.7,1.3,2014-11-11,0035,Terra,MODIS,86,6.2,300.8,74.5,D,0
-22.7825,148.4738,346.4,1.2,1.1,2014-11-11,0035,Terra,MODIS,91,6.2,307.3,57.7,D,0
-22.7855,148.4981,328.5,1.3,1.1,2014-11-11,0035,Terra,MODIS,47,6.2,306.1,17.5,D,0
-22.7956,148.4966,327.1,1.3,1.1,2014-11-11,0035,Terra,MODIS,60,6.2,303.8,15.4,D,0
-22.9571,149.8447,320,1.5,1.2,2014-11-11,0035,Terra,MODIS,16,6.2,299,15.8,D,0
-23.3484,150.1772,323.2,1.6,1.3,2014-11-11,0035,Terra,MODIS,31,6.2,297.6,23.1,D,0
-11.2614,131.1486,320,2.9,1.6,2014-11-11,0210,Terra,MODIS,0,6.2,298.4,34.4,D,0
-12.3117,131.6103,322.8,3.3,1.7,2014-11-11,0211,Terra,MODIS,42,6.2,298.4,45.4,D,0
-12.3153,131.6167,326.3,3.3,1.7,2014-11-11,0211,Terra,MODIS,58,6.2,298.5,62.8,D,0
-12.3271,131.6086,325.2,3.3,1.7,2014-11-11,0211,Terra,MODIS,53,6.2,298.5,61.3,D,0
-12.314,132.29,319.6,3.7,1.8,2014-11-11,0211,Terra,MODIS,41,6.2,296.4,58,D,0
-14.5852,125.5347,336,1.3,1.1,2014-11-11,0211,Terra,MODIS,82,6.2,305.9,27.6,D,0
-14.5868,125.5462,327.9,1.3,1.1,2014-11-11,0211,Terra,MODIS,36,6.2,307.6,12.3,D,0
-14.6237,125.5177,334.4,1.3,1.1,2014-11-11,0211,Terra,MODIS,81,6.2,305.2,23.8,D,0
-15.2281,128.8887,326.7,2.2,1.4,2014-11-11,0211,Terra,MODIS,53,6.2,302.1,31.9,D,0
-15.4113,130.9901,328.6,3.2,1.7,2014-11-11,0211,Terra,MODIS,29,6.2,300.4,48.9,D,0
-14.6358,125.5332,340.2,1.3,1.1,2014-11-11,0211,Terra,MODIS,80,6.2,310,33.3,D,0
-15.3041,131.002,328.8,3.2,1.7,2014-11-11,0211,Terra,MODIS,67,6.2,297.6,62.1,D,0
-14.6253,125.5293,347.5,1.3,1.1,2014-11-11,0211,Terra,MODIS,92,6.2,308.8,53.4,D,0
-15.1139,128.4884,324.1,2.1,1.4,2014-11-11,0211,Terra,MODIS,48,6.2,299.5,23.5,D,0
-15.1026,128.4843,321.4,2.1,1.4,2014-11-11,0211,Terra,MODIS,30,6.2,299.8,16.9,D,0
-15.1151,128.4826,326.1,2.1,1.4,2014-11-11,0211,Terra,MODIS,65,6.2,299.3,29.9,D,0
-15.1173,128.5016,326.2,2.1,1.4,2014-11-11,0211,Terra,MODIS,66,6.2,300.8,28.7,D,0
-15.1276,128.481,339.5,2.1,1.4,2014-11-11,0211,Terra,MODIS,86,6.2,299.8,82,D,0
-15.1299,128.5,344.7,2.1,1.4,2014-11-11,0211,Terra,MODIS,90,6.2,300.9,108.1,D,0
-15.3075,131.0086,324.9,3.2,1.7,2014-11-11,0211,Terra,MODIS,52,6.2,297.1,38.2,D,0
-15.3347,130.9986,345.6,3.2,1.7,2014-11-11,0211,Terra,MODIS,91,6.2,299.3,199.9,D,0
-15.3194,131.0004,327.8,3.2,1.7,2014-11-11,0211,Terra,MODIS,39,6.2,297.3,52.1,D,0
-15.2256,128.8682,335,2.2,1.4,2014-11-11,0211,Terra,MODIS,81,6.2,302.1,65.9,D,0
-15.3042,130.9788,336.8,3.2,1.7,2014-11-11,0211,Terra,MODIS,84,6.2,299.6,122,D,0
-15.2261,128.8822,327.6,2.2,1.4,2014-11-11,0211,Terra,MODIS,56,6.2,302.1,35.6,D,0
-14.6401,125.5628,335.5,1.3,1.1,2014-11-11,0211,Terra,MODIS,65,6.2,310.6,22.5,D,0
-14.6332,125.5876,329,1.3,1.1,2014-11-11,0211,Terra,MODIS,44,6.2,308.3,13.8,D,0
-14.61,125.5667,329.2,1.3,1.1,2014-11-11,0211,Terra,MODIS,47,6.2,306.8,12.9,D,0
-15.239,128.8806,332.9,2.2,1.4,2014-11-11,0211,Terra,MODIS,71,6.2,302.8,54.2,D,0
-15.2237,128.8617,325.9,2.2,1.4,2014-11-11,0211,Terra,MODIS,24,6.2,301.3,29.1,D,0
-15.3277,127.8672,328.9,1.9,1.3,2014-11-11,0211,Terra,MODIS,40,6.2,307.4,15.8,D,0
-15.4115,131.0161,333.9,3.2,1.7,2014-11-11,0211,Terra,MODIS,75,6.2,299.2,96.2,D,0
-15.4149,131.0214,333,3.2,1.7,2014-11-11,0211,Terra,MODIS,71,6.2,298.7,86.9,D,0
-14.6343,125.5216,334.5,1.3,1.1,2014-11-11,0211,Terra,MODIS,77,6.2,305.3,23.3,D,0
-14.6369,125.5396,337.4,1.3,1.1,2014-11-11,0211,Terra,MODIS,78,6.2,310.9,26.3,D,0
-14.6353,125.528,343,1.3,1.1,2014-11-11,0211,Terra,MODIS,89,6.2,307.9,41.6,D,0
-14.6269,125.5409,333.2,1.3,1.1,2014-11-11,0211,Terra,MODIS,31,6.2,311,17,D,0
-14.0655,126.9896,328.5,1.5,1.2,2014-11-11,0211,Terra,MODIS,60,6.2,304.5,19.4,D,0
-15.3009,130.9721,331.5,3.2,1.7,2014-11-11,0211,Terra,MODIS,77,6.2,299.6,78.6,D,0
-14.0272,126.9518,332.8,1.5,1.2,2014-11-11,0211,Terra,MODIS,67,6.2,305.3,27.3,D,0
-15.241,128.8871,326.5,2.2,1.4,2014-11-11,0211,Terra,MODIS,45,6.2,302.6,30.7,D,0
-14.1824,132.7292,316.2,4.2,1.9,2014-11-11,0211,Terra,MODIS,14,6.2,290.1,54.7,D,0
-13.9654,131.2808,321.7,3.2,1.7,2014-11-11,0211,Terra,MODIS,51,6.2,297.3,51.7,D,0
-18.1714,127.4096,363.6,1.9,1.3,2014-11-11,0212,Terra,MODIS,100,6.2,312.5,191.5,D,0
-18.1757,127.4026,379.5,1.9,1.3,2014-11-11,0212,Terra,MODIS,100,6.2,315.5,329.7,D,0
-18.1777,127.4204,353.3,1.9,1.3,2014-11-11,0212,Terra,MODIS,95,6.2,314.6,122.2,D,0
-18.1878,127.4012,339.8,1.9,1.3,2014-11-11,0212,Terra,MODIS,77,6.2,313.3,55.1,D,0
-18.2099,127.3805,336.4,1.9,1.3,2014-11-11,0212,Terra,MODIS,66,6.2,312.6,42.5,D,0
-18.212,127.3982,339.6,1.9,1.3,2014-11-11,0212,Terra,MODIS,80,6.2,314.5,56.4,D,0
-18.5571,126.5651,335.3,1.7,1.3,2014-11-11,0212,Terra,MODIS,72,6.2,313.9,25.4,D,0
-18.5647,126.5322,339.2,1.6,1.3,2014-11-11,0212,Terra,MODIS,79,6.2,313.4,36.3,D,0
-16.7411,131.0365,337.8,3.4,1.7,2014-11-11,0212,Terra,MODIS,82,6.2,299.5,131.9,D,0
-16.7568,131.0349,324.6,3.4,1.7,2014-11-11,0212,Terra,MODIS,22,6.2,295.2,36,D,0
-16.6909,131.0101,332.3,3.4,1.7,2014-11-11,0212,Terra,MODIS,41,6.2,305.3,64.1,D,0
-16.7512,131.0287,331.7,3.4,1.7,2014-11-11,0212,Terra,MODIS,72,6.2,297.8,81.7,D,0
-18.2585,127.0202,350.4,1.8,1.3,2014-11-11,0212,Terra,MODIS,92,6.2,311.3,96.6,D,0
-18.2703,127.0189,336.9,1.8,1.3,2014-11-11,0212,Terra,MODIS,46,6.2,310,35.3,D,0
-18.2723,127.0355,338.9,1.8,1.3,2014-11-11,0212,Terra,MODIS,57,6.2,315,41.1,D,0
-18.2881,127.0675,337.5,1.8,1.3,2014-11-11,0212,Terra,MODIS,69,6.2,312.8,38,D,0
-18.2938,127.016,334.4,1.8,1.3,2014-11-11,0212,Terra,MODIS,61,6.2,311.3,30.9,D,0
-18.2959,127.0327,332.1,1.8,1.3,2014-11-11,0212,Terra,MODIS,34,6.2,311.8,22.2,D,0
-18.2907,127.0268,336.5,1.8,1.3,2014-11-11,0212,Terra,MODIS,75,6.2,313,38.1,D,0
-18.2468,127.0217,360,1.8,1.3,2014-11-11,0212,Terra,MODIS,99,6.2,311.1,153.9,D,0
-18.2487,127.0384,344.9,1.8,1.3,2014-11-11,0212,Terra,MODIS,83,6.2,311.7,72,D,0
-18.3207,122.3979,362.5,1,1,2014-11-11,0212,Terra,MODIS,100,6.2,304.7,78.8,D,0
-17.8323,124.155,349.6,1.2,1.1,2014-11-11,0212,Terra,MODIS,91,6.2,314.5,49.9,D,0
-17.816,124.0367,372.5,1.1,1.1,2014-11-11,0212,Terra,MODIS,100,6.2,310.4,130,D,0
-17.8352,124.1767,358.9,1.2,1.1,2014-11-11,0212,Terra,MODIS,99,6.2,311.7,79.6,D,0
-17.8275,123.803,337.9,1.1,1.1,2014-11-11,0212,Terra,MODIS,73,6.2,314.5,14.6,D,0
-17.8197,124.1348,339.1,1.2,1.1,2014-11-11,0212,Terra,MODIS,78,6.2,314.4,24.8,D,0
-17.8337,124.1659,358.7,1.2,1.1,2014-11-11,0212,Terra,MODIS,99,6.2,314.2,76.5,D,0
-18.3298,122.3965,348.3,1,1,2014-11-11,0212,Terra,MODIS,88,6.2,302.9,42.8,D,0
-17.7992,123.9848,346.2,1.1,1.1,2014-11-11,0212,Terra,MODIS,88,6.2,317.3,26.8,D,0
-17.8007,123.9954,341.7,1.1,1.1,2014-11-11,0212,Terra,MODIS,58,6.2,316,19.3,D,0
-17.8065,124.038,330.2,1.1,1.1,2014-11-11,0212,Terra,MODIS,36,6.2,308.1,13.1,D,0
-17.8308,124.1442,333.3,1.2,1.1,2014-11-11,0212,Terra,MODIS,59,6.2,314,14.6,D,0
-17.8241,124.1673,338.9,1.2,1.1,2014-11-11,0212,Terra,MODIS,78,6.2,312,25.1,D,0
-18.3465,122.388,347.6,1,1,2014-11-11,0212,Terra,MODIS,94,6.2,311.4,40,D,0
-17.8226,124.1564,337.7,1.2,1.1,2014-11-11,0212,Terra,MODIS,76,6.2,313.2,23.1,D,0
-18.3451,122.3784,346.4,1,1,2014-11-11,0212,Terra,MODIS,80,6.2,315.3,34.7,D,0
-18.3374,122.3894,354.9,1,1,2014-11-11,0212,Terra,MODIS,97,6.2,313,55.9,D,0
-18.3284,122.387,361,1,1,2014-11-11,0212,Terra,MODIS,100,6.2,312.6,68.9,D,0
-17.805,124.0273,356.9,1.1,1.1,2014-11-11,0212,Terra,MODIS,97,6.2,310.5,70.6,D,0
-17.8036,124.0167,352.8,1.1,1.1,2014-11-11,0212,Terra,MODIS,94,6.2,312.4,54.5,D,0
-18.3188,122.3202,340.1,1,1,2014-11-11,0212,Terra,MODIS,59,6.2,313.4,17.1,D,0
-18.3193,122.3884,352.8,1,1,2014-11-11,0212,Terra,MODIS,92,6.2,310.9,49.4,D,0
-18.2826,122.3257,365.2,1,1,2014-11-11,0212,Terra,MODIS,100,6.2,312.8,79.3,D,0
-17.826,123.7926,337.5,1.1,1.1,2014-11-11,0212,Terra,MODIS,57,6.2,314.2,13.6,D,0
-17.8152,123.7835,347.4,1.1,1.1,2014-11-11,0212,Terra,MODIS,89,6.2,316.7,35.6,D,0
-18.36,123.1391,336.7,1.1,1,2014-11-11,0212,Terra,MODIS,45,6.2,315.3,14,D,0
-18.2812,122.3162,390.7,1,1,2014-11-11,0212,Terra,MODIS,100,6.2,314.7,183.1,D,0
-18.2798,122.3067,342.1,1,1,2014-11-11,0212,Terra,MODIS,91,6.2,311.6,26.7,D,0
-18.3356,122.3116,360.2,1,1,2014-11-11,0212,Terra,MODIS,100,6.2,314.7,62.9,D,0
-18.3369,122.3211,370.2,1,1,2014-11-11,0212,Terra,MODIS,100,6.2,317,92.4,D,0
-17.8367,124.1876,338.1,1.2,1.1,2014-11-11,0212,Terra,MODIS,76,6.2,308.9,26.5,D,0
-17.8271,124.189,341.4,1.2,1.1,2014-11-11,0212,Terra,MODIS,82,6.2,309,32.7,D,0
-17.8256,124.1781,369.7,1.2,1.1,2014-11-11,0212,Terra,MODIS,100,6.2,313.7,118.9,D,0
-17.8138,123.7731,361.2,1.1,1.1,2014-11-11,0212,Terra,MODIS,100,6.2,312.1,75.3,D,0
-17.8146,124.026,382.8,1.1,1.1,2014-11-11,0212,Terra,MODIS,100,6.2,313.8,176.9,D,0
-17.8131,124.0153,344.9,1.1,1.1,2014-11-11,0212,Terra,MODIS,76,6.2,312.5,36.1,D,0
-17.8212,124.1456,333.5,1.2,1.1,2014-11-11,0212,Terra,MODIS,57,6.2,313.9,14.6,D,0
-18.356,129.3681,339.3,2.7,1.6,2014-11-11,0212,Terra,MODIS,80,6.2,315.3,85.6,D,0
-18.3587,129.3933,334.8,2.7,1.6,2014-11-11,0212,Terra,MODIS,67,6.2,317.2,48.8,D,0
-18.36,129.3609,334.1,2.7,1.6,2014-11-11,0212,Terra,MODIS,44,6.2,313.8,49.7,D,0
-18.3626,129.3861,335.3,2.7,1.6,2014-11-11,0212,Terra,MODIS,63,6.2,315.8,49.6,D,0
-16.8348,130.0958,330.7,2.9,1.6,2014-11-11,0212,Terra,MODIS,67,6.2,305.2,55.6,D,0
-16.8358,130.0888,329.5,2.9,1.6,2014-11-11,0212,Terra,MODIS,64,6.2,305.4,50.5,D,0
-16.0125,129.8722,327.4,2.7,1.6,2014-11-11,0212,Terra,MODIS,41,6.2,304.1,41.6,D,0
-15.828,129.347,329.6,2.4,1.5,2014-11-11,0212,Terra,MODIS,43,6.2,303.2,37.7,D,0
-15.8354,129.3397,332.4,2.4,1.5,2014-11-11,0212,Terra,MODIS,75,6.2,304.1,51.7,D,0
-15.9061,129.9926,331.1,2.8,1.6,2014-11-11,0212,Terra,MODIS,71,6.2,302.3,52.2,D,0
-15.8859,129.9758,328.8,2.7,1.6,2014-11-11,0212,Terra,MODIS,60,6.2,301.4,43.7,D,0
-15.9002,129.9741,331.8,2.7,1.6,2014-11-11,0212,Terra,MODIS,74,6.2,303.7,59.1,D,0
-15.9031,129.9996,328.6,2.8,1.6,2014-11-11,0212,Terra,MODIS,60,6.2,301.2,37.5,D,0
-16.8025,130.0714,331.7,2.9,1.6,2014-11-11,0212,Terra,MODIS,62,6.2,308.5,63.2,D,0
-18.1772,129.6601,335.3,2.8,1.6,2014-11-11,0212,Terra,MODIS,52,6.2,318.4,49.3,D,0
-16.8038,130.0645,331.2,2.9,1.6,2014-11-11,0212,Terra,MODIS,63,6.2,308.2,55.6,D,0
-18.3392,129.3446,333,2.7,1.6,2014-11-11,0212,Terra,MODIS,46,6.2,312,53.2,D,0
-18.3419,129.3697,349.6,2.7,1.6,2014-11-11,0212,Terra,MODIS,92,6.2,318.6,167.9,D,0
-21.1847,127.4959,425.5,2.1,1.4,2014-11-11,0213,Terra,MODIS,100,6.2,325.2,1235.2,D,0
-21.1742,127.5177,346.9,2.1,1.4,2014-11-11,0213,Terra,MODIS,89,6.2,324.4,74.7,D,0
-21.1847,127.4902,414.6,2.1,1.4,2014-11-11,0213,Terra,MODIS,100,6.2,322.5,970.1,D,0
-21.1868,127.5106,383.7,2.1,1.4,2014-11-11,0213,Terra,MODIS,100,6.2,321.8,424.6,D,0
-21.076,126.3842,344.9,1.7,1.3,2014-11-11,0213,Terra,MODIS,46,6.2,316.9,59.6,D,0
-21.0643,126.3857,353.6,1.7,1.3,2014-11-11,0213,Terra,MODIS,92,6.2,310,103.8,D,0
-21.0569,126.3925,340.9,1.7,1.3,2014-11-11,0213,Terra,MODIS,75,6.2,296.7,55.3,D,0
-21.1741,127.512,355,2.1,1.4,2014-11-11,0213,Terra,MODIS,96,6.2,325.6,131.5,D,0
-21.1719,127.4917,380.7,2.1,1.4,2014-11-11,0213,Terra,MODIS,100,6.2,330.2,376.9,D,0
-21.1698,127.4715,362.7,2.1,1.4,2014-11-11,0213,Terra,MODIS,100,6.2,320.2,192.6,D,0
-21.1826,127.47,348.9,2.1,1.4,2014-11-11,0213,Terra,MODIS,76,6.2,312.4,104.8,D,0
-21.187,127.5162,357.9,2.1,1.4,2014-11-11,0213,Terra,MODIS,98,6.2,320.6,155.4,D,0
-21.1824,127.4756,370.3,2.1,1.4,2014-11-11,0213,Terra,MODIS,100,6.2,314.1,269.1,D,0
-21.172,127.4974,382.4,2.1,1.4,2014-11-11,0213,Terra,MODIS,100,6.2,330.1,393.9,D,0
-21.1697,127.4771,378.4,2.1,1.4,2014-11-11,0213,Terra,MODIS,100,6.2,323.4,344.6,D,0
-19.5277,130.9608,350.1,3.6,1.8,2014-11-11,0213,Terra,MODIS,70,6.2,308.1,277.5,D,0
-19.521,130.8917,341.2,3.6,1.8,2014-11-11,0213,Terra,MODIS,79,6.2,303.7,204.8,D,0
-19.5176,130.8577,339.7,3.6,1.8,2014-11-11,0213,Terra,MODIS,82,6.2,302.7,199.1,D,0
-19.5049,130.8933,336.7,3.6,1.8,2014-11-11,0213,Terra,MODIS,65,6.2,308.7,143.3,D,0
-19.5016,130.8591,333,3.6,1.8,2014-11-11,0213,Terra,MODIS,70,6.2,304.8,123.3,D,0
-20.6424,126.2694,363.7,1.7,1.3,2014-11-11,0213,Terra,MODIS,100,6.2,320.8,139.4,D,0
-19.4888,130.895,346.3,3.6,1.8,2014-11-11,0213,Terra,MODIS,89,6.2,308,238.7,D,0
-19.5344,131.0306,349,3.7,1.8,2014-11-11,0213,Terra,MODIS,86,6.2,311.3,258.6,D,0
-19.5196,130.9564,351.9,3.6,1.8,2014-11-11,0213,Terra,MODIS,72,6.2,310.8,305,D,0
-19.5259,131.0263,343.1,3.7,1.8,2014-11-11,0213,Terra,MODIS,68,6.2,311.8,184.3,D,0
-19.5358,130.9548,336.1,3.6,1.8,2014-11-11,0213,Terra,MODIS,40,6.2,298.6,140.8,D,0
-20.6405,126.2532,347.8,1.7,1.3,2014-11-11,0213,Terra,MODIS,90,6.2,319.8,57.3,D,0
-19.5115,130.9623,345.6,3.6,1.8,2014-11-11,0213,Terra,MODIS,61,6.2,312.2,196.5,D,0
-21.1278,119.0193,334.6,1.1,1,2014-11-11,0213,Terra,MODIS,37,6.2,314.7,11.6,D,0
-21.1294,119.0297,339.9,1.1,1,2014-11-11,0213,Terra,MODIS,80,6.2,314.2,21.9,D,0
-19.3067,121.7122,348.3,1,1,2014-11-11,0213,Terra,MODIS,90,6.2,313,32.5,D,0
-19.3081,121.7217,341.9,1,1,2014-11-11,0213,Terra,MODIS,78,6.2,313.5,20.9,D,0
-19.3342,121.5854,343.1,1,1,2014-11-11,0213,Terra,MODIS,84,6.2,313.2,24.2,D,0
-19.3432,121.584,334,1,1,2014-11-11,0213,Terra,MODIS,31,6.2,312.3,10.7,D,0
-19.364,121.6001,334.2,1,1,2014-11-11,0213,Terra,MODIS,21,6.2,312.8,9.7,D,0
-19.3654,121.6096,342.1,1,1,2014-11-11,0213,Terra,MODIS,82,6.2,313.7,21.4,D,0
-19.3668,121.6191,335.7,1,1,2014-11-11,0213,Terra,MODIS,39,6.2,314.8,10.5,D,0
-20.8657,119.2331,339.3,1.1,1,2014-11-11,0213,Terra,MODIS,34,6.2,315,18,D,0
-19.3508,121.6993,339.5,1,1,2014-11-11,0213,Terra,MODIS,71,6.2,315,16.4,D,0
-19.3522,121.7088,336.6,1,1,2014-11-11,0213,Terra,MODIS,48,6.2,312.8,12.4,D,0
-21.2538,120.5599,354.1,1,1,2014-11-11,0213,Terra,MODIS,95,6.2,310.5,49.9,D,0
-21.2552,120.5695,386,1,1,2014-11-11,0213,Terra,MODIS,100,6.2,314.5,156,D,0
-21.2566,120.5791,362.1,1,1,2014-11-11,0213,Terra,MODIS,100,6.2,313.1,69.1,D,0
-21.2599,120.5391,372.8,1,1,2014-11-11,0213,Terra,MODIS,100,6.2,311.9,107.7,D,0
-21.2613,120.5488,345.7,1,1,2014-11-11,0213,Terra,MODIS,77,6.2,311.2,31.8,D,0
-21.2628,120.5584,335.1,1,1,2014-11-11,0213,Terra,MODIS,26,6.2,310.1,14.6,D,0
-21.2642,120.568,348.2,1,1,2014-11-11,0213,Terra,MODIS,90,6.2,310.8,33.4,D,0
-21.2656,120.5776,345.7,1,1,2014-11-11,0213,Terra,MODIS,88,6.2,310.8,29.7,D,0
-20.5668,120.4027,338.6,1,1,2014-11-11,0213,Terra,MODIS,56,6.2,318,10.3,D,0
-20.5639,120.3835,356.9,1,1,2014-11-11,0213,Terra,MODIS,97,6.2,316.4,52.1,D,0
-20.5625,120.3738,337,1,1,2014-11-11,0213,Terra,MODIS,49,6.2,313,12.8,D,0
-21.1607,120.2494,330,1,1,2014-11-11,0213,Terra,MODIS,43,6.2,309.2,10.2,D,0
-21.1698,120.2479,336.1,1,1,2014-11-11,0213,Terra,MODIS,73,6.2,309.7,18.4,D,0
-21.1712,120.2575,340.1,1,1,2014-11-11,0213,Terra,MODIS,81,6.2,309.7,25,D,0
-21.1771,120.2962,340.9,1,1,2014-11-11,0213,Terra,MODIS,82,6.2,309.8,26,D,0
-20.5578,120.4042,340.2,1,1,2014-11-11,0213,Terra,MODIS,72,6.2,317.8,12.8,D,0
-20.5549,120.385,350.1,1,1,2014-11-11,0213,Terra,MODIS,92,6.2,318.6,36,D,0
-20.5534,120.3753,354,1,1,2014-11-11,0213,Terra,MODIS,95,6.2,315.2,45.3,D,0
-21.1847,120.285,334.8,1,1,2014-11-11,0213,Terra,MODIS,70,6.2,305.8,16.2,D,0
-21.1861,120.2947,335.7,1,1,2014-11-11,0213,Terra,MODIS,72,6.2,307.4,17,D,0
-21.2193,120.2693,338.2,1,1,2014-11-11,0213,Terra,MODIS,77,6.2,311.7,19.9,D,0
-21.2208,120.2789,333.4,1,1,2014-11-11,0213,Terra,MODIS,63,6.2,310.1,12.8,D,0
-20.5473,120.3961,345.6,1,1,2014-11-11,0213,Terra,MODIS,71,6.2,316.2,24.1,D,0
-20.5459,120.3865,340.5,1,1,2014-11-11,0213,Terra,MODIS,28,6.2,317.2,17,D,0
-20.5368,120.388,345.1,1,1,2014-11-11,0213,Terra,MODIS,84,6.2,314.2,28.9,D,0
-20.5354,120.3784,335.1,1,1,2014-11-11,0213,Terra,MODIS,49,6.2,313.7,13,D,0
-20.5278,120.3895,346.9,1,1,2014-11-11,0213,Terra,MODIS,89,6.2,312.6,33.3,D,0
-20.5263,120.3799,369.8,1,1,2014-11-11,0213,Terra,MODIS,100,6.2,315,96.2,D,0
-20.5188,120.3877,335.6,1,1,2014-11-11,0213,Terra,MODIS,71,6.2,311.6,15,D,0
-20.5174,120.378,383.2,1,1,2014-11-11,0213,Terra,MODIS,100,6.2,314.7,149.6,D,0
-20.5066,120.4292,344.7,1,1,2014-11-11,0213,Terra,MODIS,86,6.2,314.5,28.3,D,0
-20.5051,120.4196,342.1,1,1,2014-11-11,0213,Terra,MODIS,83,6.2,312.8,24.3,D,0
-21.2253,120.5547,358.7,1,1,2014-11-11,0213,Terra,MODIS,99,6.2,311.2,65.1,D,0
-20.2542,121.2687,339.8,1,1,2014-11-11,0213,Terra,MODIS,63,6.2,317.9,12.7,D,0
-20.2452,121.2702,343.1,1,1,2014-11-11,0213,Terra,MODIS,81,6.2,319,20.1,D,0
-20.2438,121.2607,347,1,1,2014-11-11,0213,Terra,MODIS,89,6.2,317.7,27.2,D,0
-20.219,121.3427,392.3,1,1,2014-11-11,0213,Terra,MODIS,100,6.2,323.6,182.3,D,0
-19.5165,130.9217,368.9,3.6,1.8,2014-11-11,0213,Terra,MODIS,100,6.2,309,618.3,D,0
-20.1191,120.5483,337.7,1,1,2014-11-11,0213,Terra,MODIS,46,6.2,315.1,13,D,0
-20.1205,120.5579,339,1,1,2014-11-11,0213,Terra,MODIS,32,6.2,313.5,15.9,D,0
-20.122,120.5675,342.1,1,1,2014-11-11,0213,Terra,MODIS,60,6.2,312.6,22.2,D,0
-20.1296,120.5564,377,1,1,2014-11-11,0213,Terra,MODIS,100,6.2,317.8,115.5,D,0
-20.131,120.566,410.4,1,1,2014-11-11,0213,Terra,MODIS,100,6.2,321.3,297.8,D,0
-19.5082,130.9276,372.6,3.6,1.8,2014-11-11,0213,Terra,MODIS,100,6.2,312.5,678.6,D,0
-19.5243,130.9261,339.3,3.6,1.8,2014-11-11,0213,Terra,MODIS,53,6.2,303.9,163.5,D,0
-20.2218,121.3617,351.1,1,1,2014-11-11,0213,Terra,MODIS,78,6.2,319.7,38.1,D,0
-20.0416,121.0138,360.9,1,1,2014-11-11,0213,Terra,MODIS,81,6.2,311.1,68.6,D,0
-20.1333,121.0118,348.3,1,1,2014-11-11,0213,Terra,MODIS,47,6.2,318.5,30.7,D,0
-21.2329,120.5436,359.5,1,1,2014-11-11,0213,Terra,MODIS,99,6.2,308.8,68.6,D,0
-21.2343,120.5532,361.5,1,1,2014-11-11,0213,Terra,MODIS,100,6.2,312.4,71.4,D,0
-21.2358,120.5628,349.6,1,1,2014-11-11,0213,Terra,MODIS,92,6.2,313,41.5,D,0
-21.2419,120.5421,354.6,1,1,2014-11-11,0213,Terra,MODIS,96,6.2,309,56.4,D,0
-21.2433,120.5518,384.1,1,1,2014-11-11,0213,Terra,MODIS,100,6.2,312.5,152.3,D,0
-20.0312,121.0057,375.5,1,1,2014-11-11,0213,Terra,MODIS,88,6.2,312,117.5,D,0
-20.0402,121.0042,401.1,1,1,2014-11-11,0213,Terra,MODIS,94,6.2,312.9,241,D,0
-21.2448,120.5614,357.2,1,1,2014-11-11,0213,Terra,MODIS,98,6.2,311.9,58.1,D,0
-21.2462,120.5709,364.8,1,1,2014-11-11,0213,Terra,MODIS,100,6.2,313.3,78.9,D,0
-21.2509,120.5406,378.5,1,1,2014-11-11,0213,Terra,MODIS,100,6.2,313.7,129.7,D,0
-21.2523,120.5502,346.9,1,1,2014-11-11,0213,Terra,MODIS,84,6.2,311.2,34.2,D,0
-21.2915,120.5669,338.5,1,1,2014-11-11,0213,Terra,MODIS,79,6.2,308.7,19.5,D,0
-21.293,120.5765,356.4,1,1,2014-11-11,0213,Terra,MODIS,97,6.2,311.7,55.4,D,0
-21.0928,120.2868,363.5,1,1,2014-11-11,0213,Terra,MODIS,100,6.2,311.3,78.2,D,0
-21.0942,120.2965,333.5,1,1,2014-11-11,0213,Terra,MODIS,66,6.2,309.9,14,D,0
-21.2944,120.5861,350.3,1,1,2014-11-11,0213,Terra,MODIS,92,6.2,312.2,41,D,0
-21.2958,120.5957,333.6,1,1,2014-11-11,0213,Terra,MODIS,69,6.2,312.9,11.1,D,0
-21.2947,120.5269,365.5,1,1,2014-11-11,0213,Terra,MODIS,94,6.2,309.7,86.3,D,0
-21.2962,120.5365,371.5,1,1,2014-11-11,0213,Terra,MODIS,100,6.2,313.2,103.6,D,0
-21.2991,120.5558,332.2,1,1,2014-11-11,0213,Terra,MODIS,54,6.2,310,10.6,D,0
-21.3052,120.535,355,1,1,2014-11-11,0213,Terra,MODIS,68,6.2,310.5,55.7,D,0
-20.1086,120.5402,365,1,1,2014-11-11,0213,Terra,MODIS,100,6.2,317,76.4,D,0
-20.5429,120.3672,339.4,1,1,2014-11-11,0213,Terra,MODIS,79,6.2,312,20.5,D,0
-20.5339,120.3687,337.3,1,1,2014-11-11,0213,Terra,MODIS,75,6.2,312.6,19.2,D,0
-20.1101,120.5498,341.8,1,1,2014-11-11,0213,Terra,MODIS,83,6.2,314.3,22.1,D,0
-20.1176,120.5387,342.8,1,1,2014-11-11,0213,Terra,MODIS,84,6.2,316.2,21.8,D,0
-20.5324,120.3591,331.9,1,1,2014-11-11,0213,Terra,MODIS,49,6.2,309.6,11.4,D,0
-20.5234,120.3606,344.5,1,1,2014-11-11,0213,Terra,MODIS,86,6.2,310,32.9,D,0
-20.5144,120.3587,357.9,1,1,2014-11-11,0213,Terra,MODIS,98,6.2,308.7,63.7,D,0
-21.2225,120.5355,338.5,1,1,2014-11-11,0213,Terra,MODIS,78,6.2,306.8,27.1,D,0
-21.2239,120.5451,364.6,1,1,2014-11-11,0213,Terra,MODIS,100,6.2,311,84.3,D,0
-20.199,121.3324,365.4,1,1,2014-11-11,0213,Terra,MODIS,100,6.2,314.6,77.7,D,0
-20.2004,121.3419,363.4,1,1,2014-11-11,0213,Terra,MODIS,100,6.2,315.7,70.9,D,0
-20.2086,121.3346,383.8,1,1,2014-11-11,0213,Terra,MODIS,100,6.2,319.8,140.6,D,0
-20.21,121.3441,369.2,1,1,2014-11-11,0213,Terra,MODIS,100,6.2,320.8,85.4,D,0
-20.2176,121.3331,366.3,1,1,2014-11-11,0213,Terra,MODIS,100,6.2,317.4,75.5,D,0
-20.4661,120.4064,356.7,1,1,2014-11-11,0213,Terra,MODIS,97,6.2,312.6,58.7,D,0
-20.4751,120.4049,362,1,1,2014-11-11,0213,Terra,MODIS,100,6.2,312.7,71.9,D,0
-20.4766,120.4145,359.6,1,1,2014-11-11,0213,Terra,MODIS,99,6.2,315,64.8,D,0
-20.4841,120.4034,342.1,1,1,2014-11-11,0213,Terra,MODIS,83,6.2,313,26,D,0
-20.4856,120.413,377.3,1,1,2014-11-11,0213,Terra,MODIS,100,6.2,316.9,122.4,D,0
-20.4871,120.4226,375.6,1,1,2014-11-11,0213,Terra,MODIS,100,6.2,317.8,114.2,D,0
-20.4885,120.4323,334.3,1,1,2014-11-11,0213,Terra,MODIS,65,6.2,313.1,11,D,0
-20.4961,120.4211,354,1,1,2014-11-11,0213,Terra,MODIS,95,6.2,314.7,49.2,D,0
-20.4976,120.4307,345.1,1,1,2014-11-11,0213,Terra,MODIS,87,6.2,314.8,29.3,D,0
-20.499,120.4404,338.1,1,1,2014-11-11,0213,Terra,MODIS,76,6.2,314.3,16.4,D,0
-20.5159,120.3684,411.6,1,1,2014-11-11,0213,Terra,MODIS,100,6.2,314,316.8,D,0
-20.5249,120.3703,360.3,1,1,2014-11-11,0213,Terra,MODIS,100,6.2,314,69,D,0
-20.2488,121.3574,342.6,1,1,2014-11-11,0213,Terra,MODIS,71,6.2,317.5,18,D,0
-20.2474,121.3479,345.6,1,1,2014-11-11,0213,Terra,MODIS,81,6.2,319.6,22.4,D,0
-20.2348,121.2621,350,1,1,2014-11-11,0213,Terra,MODIS,92,6.2,316.9,34.7,D,0
-19.4921,130.9293,336.2,3.6,1.8,2014-11-11,0213,Terra,MODIS,52,6.2,311.7,107.1,D,0
-21.2703,120.5473,355.1,1,1,2014-11-11,0213,Terra,MODIS,96,6.2,312.3,55,D,0
-21.2746,120.5761,333.1,1,1,2014-11-11,0213,Terra,MODIS,56,6.2,308.9,10.6,D,0
-21.2793,120.5458,347.7,1,1,2014-11-11,0213,Terra,MODIS,82,6.2,309.6,37.2,D,0
-21.2808,120.5554,362.3,1,1,2014-11-11,0213,Terra,MODIS,100,6.2,312.5,72.1,D,0
-21.2836,120.5746,363.7,1,1,2014-11-11,0213,Terra,MODIS,100,6.2,312.5,72.7,D,0
-21.2851,120.5842,359.7,1,1,2014-11-11,0213,Terra,MODIS,99,6.2,313.4,62.8,D,0
-21.2865,120.5938,335.4,1,1,2014-11-11,0213,Terra,MODIS,71,6.2,312.3,14.3,D,0
-21.2872,120.538,343.2,1,1,2014-11-11,0213,Terra,MODIS,85,6.2,309.8,31,D,0
-21.2886,120.5477,347.6,1,1,2014-11-11,0213,Terra,MODIS,90,6.2,310.5,37.5,D,0
-21.2901,120.5573,344.3,1,1,2014-11-11,0213,Terra,MODIS,87,6.2,309.7,30,D,0
-19.4664,130.2072,333.5,3.2,1.7,2014-11-11,0213,Terra,MODIS,61,6.2,316.4,62.5,D,0
-19.4691,130.2122,336.7,3.2,1.7,2014-11-11,0213,Terra,MODIS,76,6.2,315.6,85.9,D,0
-18.4427,122.2886,341.1,1,1,2014-11-11,0213,Terra,MODIS,85,6.2,314.6,19.8,D,0
-22.1138,119.3698,328.2,1,1,2014-11-11,0214,Terra,MODIS,61,6.2,307.5,11,D,0
-22.0724,120.7416,330.2,1,1,2014-11-11,0214,Terra,MODIS,58,6.2,306.4,10.7,D,0
-23.1914,127.3515,335.5,2.2,1.4,2014-11-11,0214,Terra,MODIS,53,6.2,308.1,44.5,D,0
-23.1958,127.3947,350.1,2.2,1.4,2014-11-11,0214,Terra,MODIS,81,6.2,313.9,122,D,0
-23.2089,127.3932,393.6,2.2,1.4,2014-11-11,0214,Terra,MODIS,100,6.2,314.9,618.1,D,0
-23.2111,127.4149,365,2.2,1.4,2014-11-11,0214,Terra,MODIS,100,6.2,316.2,247.3,D,0
-23.2219,127.3916,334.4,2.2,1.4,2014-11-11,0214,Terra,MODIS,44,6.2,307.3,43.6,D,0
-23.474,127.5897,351.4,2.3,1.5,2014-11-11,0214,Terra,MODIS,94,6.2,314.8,146.8,D,0
-23.485,127.5657,347.8,2.3,1.5,2014-11-11,0214,Terra,MODIS,91,6.2,316,110.7,D,0
-23.4872,127.5882,340,2.3,1.5,2014-11-11,0214,Terra,MODIS,58,6.2,312.8,69.3,D,0
-23.4982,127.5642,393.2,2.3,1.5,2014-11-11,0214,Terra,MODIS,100,6.2,319.6,640.9,D,0
-23.5005,127.5866,352.6,2.3,1.5,2014-11-11,0214,Terra,MODIS,94,6.2,312.1,154.8,D,0
-23.5115,127.5627,339.9,2.3,1.5,2014-11-11,0214,Terra,MODIS,70,6.2,311.3,67.1,D,0
-23.1027,127.6337,338.9,2.3,1.5,2014-11-11,0214,Terra,MODIS,79,6.2,316,55.5,D,0
-23.0934,127.6415,343.8,2.3,1.5,2014-11-11,0214,Terra,MODIS,85,6.2,317.1,79.3,D,0
-23.1005,127.709,343.8,2.3,1.5,2014-11-11,0214,Terra,MODIS,85,6.2,315.7,85.9,D,0
-23.1028,127.7318,345.1,2.3,1.5,2014-11-11,0214,Terra,MODIS,87,6.2,314.8,100.7,D,0
-23.1114,127.6849,333.7,2.3,1.5,2014-11-11,0214,Terra,MODIS,35,6.2,314.9,26.1,D,0
-23.1138,127.7075,390.8,2.3,1.5,2014-11-11,0214,Terra,MODIS,100,6.2,320.6,610.2,D,0
-23.1162,127.7302,366.7,2.3,1.5,2014-11-11,0214,Terra,MODIS,100,6.2,314.4,282.9,D,0
-23.0983,127.7256,341.7,2.3,1.5,2014-11-11,0214,Terra,MODIS,83,6.2,315.4,77.9,D,0
-23.1094,127.7013,363,2.3,1.5,2014-11-11,0214,Terra,MODIS,100,6.2,317.2,240.6,D,0
-23.1116,127.724,384.5,2.3,1.5,2014-11-11,0214,Terra,MODIS,100,6.2,317.9,514.5,D,0
-23.1227,127.6997,411.4,2.3,1.5,2014-11-11,0214,Terra,MODIS,100,6.2,322.5,1045.3,D,0
-23.1249,127.7224,366.2,2.3,1.5,2014-11-11,0214,Terra,MODIS,100,6.2,313.9,284.7,D,0
-23.136,127.698,350.7,2.3,1.5,2014-11-11,0214,Terra,MODIS,93,6.2,311.4,148.3,D,0
-26.4408,150.5935,322.9,2.5,1.5,2014-11-11,0318,Aqua,MODIS,46,6.2,306.1,33.4,D,0
-26.3787,152.8332,326.1,1.7,1.3,2014-11-11,0318,Aqua,MODIS,64,6.2,301.1,33.2,D,0
-22.7182,150.3286,335.9,2.3,1.5,2014-11-11,0319,Aqua,MODIS,83,6.2,303.9,83.1,D,0
-22.7225,150.3245,324.2,2.3,1.5,2014-11-11,0319,Aqua,MODIS,62,6.2,302.7,37.1,D,0
-22.7092,150.3231,330.8,2.3,1.5,2014-11-11,0319,Aqua,MODIS,77,6.2,303.8,65.4,D,0
-22.7453,150.2354,322.7,2.3,1.5,2014-11-11,0319,Aqua,MODIS,35,6.2,305.8,27.3,D,0
-22.7271,150.3748,328.9,2.3,1.5,2014-11-11,0319,Aqua,MODIS,66,6.2,304,53.5,D,0
-22.7311,150.3706,329.6,2.3,1.5,2014-11-11,0319,Aqua,MODIS,62,6.2,304.8,55.6,D,0
-24.9407,148.6526,328.6,3.2,1.7,2014-11-11,0319,Aqua,MODIS,58,6.2,303,64.8,D,0
-24.8319,147.9491,338,3.6,1.8,2014-11-11,0319,Aqua,MODIS,80,6.2,303,196.6,D,0
-24.8401,147.9433,341.9,3.6,1.8,2014-11-11,0319,Aqua,MODIS,78,6.2,302.2,231,D,0
-24.938,148.6858,335.7,3.2,1.7,2014-11-11,0319,Aqua,MODIS,79,6.2,303.8,110.6,D,0
-24.5008,151.6738,344.5,1.9,1.4,2014-11-11,0319,Aqua,MODIS,90,6.2,305.3,108.6,D,0
-24.5028,151.6541,322.4,1.9,1.4,2014-11-11,0319,Aqua,MODIS,48,6.2,303,26.6,D,0
-24.4762,151.6702,330.6,1.9,1.4,2014-11-11,0319,Aqua,MODIS,77,6.2,304.1,47.8,D,0
-24.4975,151.666,331.1,1.9,1.4,2014-11-11,0319,Aqua,MODIS,77,6.2,305.4,51.2,D,0
-24.4832,151.6834,321.2,1.9,1.4,2014-11-11,0319,Aqua,MODIS,23,6.2,303.8,19.9,D,0
-24.4852,151.6643,335.3,1.9,1.4,2014-11-11,0319,Aqua,MODIS,82,6.2,305.2,65.7,D,0
-24.7422,151.6967,320.3,1.9,1.4,2014-11-11,0319,Aqua,MODIS,45,6.2,304.9,19.6,D,0
-22.7968,148.4866,331.2,3.1,1.7,2014-11-11,0319,Aqua,MODIS,78,6.2,305.2,99.3,D,0
-22.7816,148.485,329.5,3.1,1.7,2014-11-11,0319,Aqua,MODIS,75,6.2,304.1,87.9,D,0
-22.7842,148.4545,322,3.2,1.7,2014-11-11,0319,Aqua,MODIS,25,6.2,301.5,48.6,D,0
-22.799,148.4793,329.4,3.1,1.7,2014-11-11,0319,Aqua,MODIS,75,6.2,305.3,89.5,D,0
-22.7838,148.4778,335.6,3.1,1.7,2014-11-11,0319,Aqua,MODIS,83,6.2,304.7,134.4,D,0
-24.848,147.9524,327.1,3.6,1.8,2014-11-11,0319,Aqua,MODIS,37,6.2,301.8,101.6,D,0
-22.9451,149.8462,322.3,2.5,1.5,2014-11-11,0319,Aqua,MODIS,40,6.2,304,32.6,D,0
-22.9531,149.8434,324.2,2.5,1.5,2014-11-11,0319,Aqua,MODIS,49,6.2,303.6,40.2,D,0
-22.9418,149.8167,321.9,2.5,1.5,2014-11-11,0319,Aqua,MODIS,30,6.2,301,33.5,D,0
-21.8492,146.65,333.3,4.2,1.9,2014-11-11,0320,Aqua,MODIS,80,6.2,310.9,128.3,D,0
-21.8524,146.6578,333.2,4.2,1.9,2014-11-11,0320,Aqua,MODIS,80,6.2,310.7,132.6,D,0
-18.3504,146.0425,317.7,4.2,1.9,2014-11-11,0321,Aqua,MODIS,64,6.2,299.7,92.3,D,0
-18.3536,146.0502,313,4.2,1.9,2014-11-11,0321,Aqua,MODIS,30,6.2,299.4,57.9,D,0
-14.7137,144.6772,313.7,4.8,2,2014-11-11,0322,Aqua,MODIS,51,6.2,289.6,64.7,D,0
-14.7152,144.6691,315,4.8,2,2014-11-11,0322,Aqua,MODIS,56,6.2,290,74.2,D,0
-41.4347,145.6314,324.1,1.9,1.4,2014-11-11,0452,Aqua,MODIS,83,6.2,289.9,55.2,D,0
-41.5334,145.8459,306.5,2,1.4,2014-11-11,0452,Aqua,MODIS,52,6.2,288.8,17.4,D,0
-41.5404,145.8315,307.1,2,1.4,2014-11-11,0452,Aqua,MODIS,59,6.2,288.7,19.4,D,0
-41.4466,145.636,307.9,1.9,1.4,2014-11-11,0452,Aqua,MODIS,51,6.2,288.9,17.5,D,0
-42.6184,147.508,303.2,2.3,1.5,2014-11-11,0452,Aqua,MODIS,37,6.2,289.9,12.8,D,0
-42.6239,147.484,306.1,2.3,1.5,2014-11-11,0452,Aqua,MODIS,47,6.2,293.2,16.9,D,0
-41.4395,145.6089,325.3,1.9,1.3,2014-11-11,0452,Aqua,MODIS,84,6.2,293,58.9,D,0
-41.5029,145.6865,303.6,1.9,1.4,2014-11-11,0452,Aqua,MODIS,57,6.2,290.5,14.7,D,0
-24.7453,129.5026,351.5,1.3,1.1,2014-11-11,0457,Aqua,MODIS,91,6.2,324.3,52.3,D,0
-24.7469,129.4896,353.5,1.3,1.1,2014-11-11,0457,Aqua,MODIS,93,6.2,324.1,58.8,D,0
-24.9364,129.0249,332.1,1.4,1.2,2014-11-11,0457,Aqua,MODIS,60,6.2,296.4,27.1,D,0
-25.8173,131.2638,339.5,1.1,1.1,2014-11-11,0457,Aqua,MODIS,30,6.2,326.5,10.4,D,0
-21.2118,127.5506,351,1.6,1.2,2014-11-11,0458,Aqua,MODIS,93,6.2,325.5,62.9,D,0
-21.2136,127.5352,346.1,1.6,1.2,2014-11-11,0458,Aqua,MODIS,68,6.2,326.1,42.7,D,0
-21.2006,127.5491,344.8,1.6,1.2,2014-11-11,0458,Aqua,MODIS,71,6.2,325.1,37.3,D,0
-21.1819,127.5086,344.9,1.6,1.2,2014-11-11,0458,Aqua,MODIS,39,6.2,328,33.1,D,0
-23.2262,127.3656,351,1.7,1.3,2014-11-11,0458,Aqua,MODIS,93,6.2,318,78.5,D,0
-23.1813,127.3426,344,1.7,1.3,2014-11-11,0458,Aqua,MODIS,85,6.2,318.6,55.3,D,0
-23.1832,127.3256,353.1,1.8,1.3,2014-11-11,0458,Aqua,MODIS,94,6.2,315.5,99.1,D,0
-23.3079,127.348,346.2,1.8,1.3,2014-11-11,0458,Aqua,MODIS,77,6.2,290.1,87.9,D,0
-19.4861,143.0044,335,4.4,1.9,2014-11-11,0458,Aqua,MODIS,57,6.2,312.8,143.9,D,0
-19.4841,142.9095,336.6,4.4,1.9,2014-11-11,0458,Aqua,MODIS,68,6.2,310.4,175.2,D,0
-23.1275,127.7217,340.1,1.6,1.3,2014-11-11,0458,Aqua,MODIS,48,6.2,319.9,32,D,0
-23.1179,127.7041,360.8,1.6,1.3,2014-11-11,0458,Aqua,MODIS,100,6.2,323.3,121,D,0
-23.1048,127.7186,358.3,1.6,1.3,2014-11-11,0458,Aqua,MODIS,98,6.2,323.5,104.9,D,0
-23.1065,127.7026,361.6,1.6,1.3,2014-11-11,0458,Aqua,MODIS,100,6.2,322.1,121.1,D,0
-23.0958,127.7124,346.1,1.6,1.3,2014-11-11,0458,Aqua,MODIS,87,6.2,325.3,50,D,0
-18.2099,127.3834,333.2,1.5,1.2,2014-11-11,0459,Aqua,MODIS,0,6.2,286.5,28.5,D,0
-18.0996,138.2543,354.8,2.1,1.4,2014-11-11,0459,Aqua,MODIS,85,6.2,312.7,158.8,D,0
-18.6576,126.7737,359.2,1.7,1.3,2014-11-11,0459,Aqua,MODIS,99,6.2,319.5,125.7,D,0
-19.6142,128.7843,344.7,1.3,1.1,2014-11-11,0459,Aqua,MODIS,82,6.2,322.1,32,D,0
-16.8688,137.5426,328.1,2,1.4,2014-11-11,0459,Aqua,MODIS,66,6.2,300.2,27.8,D,0
-16.8565,137.5402,326.3,2,1.4,2014-11-11,0459,Aqua,MODIS,45,6.2,300.1,21,D,0
-17.0999,131.8927,340.5,1,1,2014-11-11,0459,Aqua,MODIS,54,6.2,304,27,D,0
-17.0833,131.8804,348.9,1,1,2014-11-11,0459,Aqua,MODIS,85,6.2,306.2,47.4,D,0
-18.1333,138.8603,347.8,2.4,1.5,2014-11-11,0459,Aqua,MODIS,91,6.2,307.9,138,D,0
-18.1159,138.8797,329.5,2.4,1.5,2014-11-11,0459,Aqua,MODIS,63,6.2,304.6,36.8,D,0
-18.12,138.8576,328.9,2.4,1.5,2014-11-11,0459,Aqua,MODIS,48,6.2,306.6,32.2,D,0
-18.1351,138.8788,325.9,2.4,1.5,2014-11-11,0459,Aqua,MODIS,20,6.2,304.5,20.2,D,0
-18.1178,138.8983,328.9,2.4,1.5,2014-11-11,0459,Aqua,MODIS,55,6.2,305.5,32.6,D,0
-18.1218,138.8761,337.5,2.4,1.5,2014-11-11,0459,Aqua,MODIS,80,6.2,303.2,74.4,D,0
-18.1257,138.854,345,2.4,1.5,2014-11-11,0459,Aqua,MODIS,89,6.2,307.6,117.9,D,0
-16.8731,136.2914,350.8,1.6,1.3,2014-11-11,0459,Aqua,MODIS,94,6.2,309.8,84.5,D,0
-18.1612,138.212,340.5,2.1,1.4,2014-11-11,0459,Aqua,MODIS,61,6.2,309.6,67.9,D,0
-18.1648,138.1925,343,2.1,1.4,2014-11-11,0459,Aqua,MODIS,78,6.2,307.6,92.1,D,0
-18.145,138.2291,376.2,2.1,1.4,2014-11-11,0459,Aqua,MODIS,100,6.2,305.1,343.4,D,0
-18.1486,138.2094,339.1,2.1,1.4,2014-11-11,0459,Aqua,MODIS,46,6.2,293.7,68.5,D,0
-18.1447,138.2216,380.4,2.1,1.4,2014-11-11,0459,Aqua,MODIS,100,6.2,300.3,397.5,D,0
-18.1159,138.2366,354.3,2.1,1.4,2014-11-11,0459,Aqua,MODIS,90,6.2,305.7,149.9,D,0
-16.8843,136.2935,342.4,1.6,1.3,2014-11-11,0459,Aqua,MODIS,87,6.2,311.8,50.1,D,0
-17.1168,132.0301,366.9,1,1,2014-11-11,0459,Aqua,MODIS,100,6.2,315,83.2,D,0
-18.2367,127.344,332.2,1.5,1.2,2014-11-11,0459,Aqua,MODIS,43,6.2,288.2,20.5,D,0
-18.2133,127.3553,362.5,1.5,1.2,2014-11-11,0459,Aqua,MODIS,0,6.2,286.7,135.7,D,0
-18.1645,127.0957,336.9,1.6,1.2,2014-11-11,0459,Aqua,MODIS,73,6.2,308.7,37.5,D,0
-19.3652,121.7656,347.7,4,1.9,2014-11-11,0459,Aqua,MODIS,90,6.2,300.9,297.8,D,0
-19.3686,121.7272,379.8,4,1.9,2014-11-11,0459,Aqua,MODIS,100,6.2,300.8,1016,D,0
-19.3517,121.7255,333.9,4,1.9,2014-11-11,0459,Aqua,MODIS,71,6.2,298.3,122,D,0
-19.3179,121.7224,332.3,4,1.9,2014-11-11,0459,Aqua,MODIS,63,6.2,300.5,98.6,D,0
-19.3613,121.7608,356,4,1.9,2014-11-11,0459,Aqua,MODIS,97,6.2,300.6,432.6,D,0
-19.3649,121.7224,379.5,4,1.9,2014-11-11,0459,Aqua,MODIS,100,6.2,300.4,1000.2,D,0
-19.3143,121.7176,332.2,4,1.9,2014-11-11,0459,Aqua,MODIS,65,6.2,301,93.6,D,0
-19.372,121.6884,328.7,4.1,1.9,2014-11-11,0459,Aqua,MODIS,41,6.2,294.9,76.7,D,0
-19.3754,121.6495,328.8,4.1,1.9,2014-11-11,0459,Aqua,MODIS,42,6.2,298.9,80.8,D,0
-19.3686,121.6836,328.5,4.1,1.9,2014-11-11,0459,Aqua,MODIS,38,6.2,295.1,70,D,0
-18.7865,137.6792,343.4,1.9,1.3,2014-11-11,0459,Aqua,MODIS,70,6.2,318.8,51.2,D,0
-18.7628,137.7776,340.9,1.9,1.3,2014-11-11,0459,Aqua,MODIS,47,6.2,320.3,42.1,D,0
-18.7783,137.6886,340.6,1.9,1.3,2014-11-11,0459,Aqua,MODIS,53,6.2,319.1,37.8,D,0
-18.7476,137.7931,350.4,1.9,1.4,2014-11-11,0459,Aqua,MODIS,92,6.2,318,85.4,D,0
-18.7323,137.8087,360.3,1.9,1.4,2014-11-11,0459,Aqua,MODIS,100,6.2,317.5,151.7,D,0
-18.7355,137.7907,355.2,1.9,1.4,2014-11-11,0459,Aqua,MODIS,96,6.2,316.2,113.7,D,0
-18.7387,137.7728,365.4,1.9,1.3,2014-11-11,0459,Aqua,MODIS,100,6.2,318.5,186.7,D,0
-18.7605,137.6486,350.3,1.9,1.3,2014-11-11,0459,Aqua,MODIS,92,6.2,317,88.4,D,0
-18.7636,137.6311,339.3,1.9,1.3,2014-11-11,0459,Aqua,MODIS,62,6.2,316.2,42.8,D,0
-18.7202,137.8063,342.6,1.9,1.4,2014-11-11,0459,Aqua,MODIS,84,6.2,317.7,55.8,D,0
-18.7486,137.6462,342.8,1.9,1.3,2014-11-11,0459,Aqua,MODIS,70,6.2,315.7,57.5,D,0
-18.7517,137.6287,351.4,1.9,1.3,2014-11-11,0459,Aqua,MODIS,87,6.2,315.6,106.3,D,0
-18.7548,137.6112,342.8,1.9,1.3,2014-11-11,0459,Aqua,MODIS,68,6.2,311.4,69.8,D,0
-18.7146,137.7679,366.3,1.9,1.3,2014-11-11,0459,Aqua,MODIS,100,6.2,319.3,207.4,D,0
-18.7178,137.75,404.3,1.9,1.3,2014-11-11,0459,Aqua,MODIS,100,6.2,322.9,658.1,D,0
-18.7336,137.6613,348.8,1.9,1.3,2014-11-11,0459,Aqua,MODIS,78,6.2,318.3,91.3,D,0
-18.7398,137.6262,355,1.9,1.3,2014-11-11,0459,Aqua,MODIS,96,6.2,314,133.7,D,0
-18.7025,137.7654,347.6,1.9,1.3,2014-11-11,0459,Aqua,MODIS,78,6.2,315,88.8,D,0
-18.7057,137.7475,374.7,1.9,1.3,2014-11-11,0459,Aqua,MODIS,100,6.2,316.8,285.8,D,0
-18.709,137.7296,339.6,1.9,1.3,2014-11-11,0459,Aqua,MODIS,32,6.2,314.2,58.1,D,0
-18.684,137.8499,333.4,1.9,1.4,2014-11-11,0459,Aqua,MODIS,57,6.2,313.3,37.1,D,0
-18.6996,137.7593,349,1.9,1.3,2014-11-11,0459,Aqua,MODIS,91,6.2,309.4,99.9,D,0
-18.7027,137.7414,349.3,1.9,1.3,2014-11-11,0459,Aqua,MODIS,91,6.2,312.3,107.8,D,0
-19.5791,129.2202,338.5,1.2,1.1,2014-11-11,0459,Aqua,MODIS,59,6.2,316,24.3,D,0
-19.5678,129.2303,350.5,1.2,1.1,2014-11-11,0459,Aqua,MODIS,85,6.2,319.6,48.1,D,0
-19.5693,129.2189,362.2,1.2,1.1,2014-11-11,0459,Aqua,MODIS,100,6.2,320.4,86.9,D,0
-19.558,129.2287,344.4,1.2,1.1,2014-11-11,0459,Aqua,MODIS,63,6.2,321.3,31.1,D,0
-19.5484,130.8997,385.2,1,1,2014-11-11,0459,Aqua,MODIS,100,6.2,316.2,164.6,D,0
-19.5957,131.1512,356.1,1,1,2014-11-11,0459,Aqua,MODIS,97,6.2,323.2,49.2,D,0
-19.4889,130.864,349.1,1,1,2014-11-11,0459,Aqua,MODIS,91,6.2,317.4,44.8,D,0
-19.4876,130.8738,341.4,1,1,2014-11-11,0459,Aqua,MODIS,71,6.2,316.9,28.5,D,0
-19.7962,127.3743,342.3,1.6,1.2,2014-11-11,0459,Aqua,MODIS,72,6.2,320.4,35.8,D,0
-19.8073,127.3758,341.3,1.6,1.2,2014-11-11,0459,Aqua,MODIS,79,6.2,322.1,32.6,D,0
-19.4862,130.8836,338.2,1,1,2014-11-11,0459,Aqua,MODIS,67,6.2,317,23.3,D,0
-19.4848,130.8933,332.9,1,1,2014-11-11,0459,Aqua,MODIS,62,6.2,310.3,14,D,0
-19.4835,130.9031,330.9,1,1,2014-11-11,0459,Aqua,MODIS,40,6.2,310.7,11.5,D,0
-19.634,131.0084,423.2,1,1,2014-11-11,0459,Aqua,MODIS,100,6.2,330.9,411.3,D,0
-20.4346,124.1316,373,2.8,1.6,2014-11-11,0459,Aqua,MODIS,100,6.2,310.2,491.4,D,0
-19.6327,131.0181,420,1,1,2014-11-11,0459,Aqua,MODIS,94,6.2,324.5,380.5,D,0
-19.6236,131.0167,380.4,1,1,2014-11-11,0459,Aqua,MODIS,100,6.2,326.9,128.5,D,0
-19.5518,131.0099,358.5,1,1,2014-11-11,0459,Aqua,MODIS,95,6.2,318.7,54.5,D,0
-19.5532,131.0001,349.1,1,1,2014-11-11,0459,Aqua,MODIS,57,6.2,311.7,34.2,D,0
-19.5545,130.9904,342.7,1,1,2014-11-11,0459,Aqua,MODIS,42,6.2,303.8,24.9,D,0
-19.54,131.0279,340.9,1,1,2014-11-11,0459,Aqua,MODIS,37,6.2,318.7,13.3,D,0
-19.5414,131.0182,348.6,1,1,2014-11-11,0459,Aqua,MODIS,89,6.2,316.9,28.4,D,0
-19.543,130.9388,355.8,1,1,2014-11-11,0459,Aqua,MODIS,97,6.2,318.9,54.4,D,0
-18.3232,129.3148,365.7,1.1,1.1,2014-11-11,0459,Aqua,MODIS,100,6.2,316.8,101.4,D,0
-18.3217,129.3256,414.7,1.1,1.1,2014-11-11,0459,Aqua,MODIS,100,6.2,327.6,404.6,D,0
-18.3268,129.3097,367,1.1,1.1,2014-11-11,0459,Aqua,MODIS,99,6.2,312.4,104.6,D,0
-18.3254,129.3205,440.5,1.1,1.1,2014-11-11,0459,Aqua,MODIS,100,6.2,332.7,701.6,D,0
-18.324,129.3313,417.4,1.1,1.1,2014-11-11,0459,Aqua,MODIS,100,6.2,327.3,423.4,D,0
-18.3364,129.3111,368.2,1.1,1.1,2014-11-11,0459,Aqua,MODIS,88,6.2,315.1,102.2,D,0
-18.335,129.3219,375.2,1.1,1.1,2014-11-11,0459,Aqua,MODIS,100,6.2,321.7,126.2,D,0
-18.3336,129.3327,361.8,1.1,1.1,2014-11-11,0459,Aqua,MODIS,100,6.2,317.8,69.8,D,0
-19.649,131.1661,357.9,1,1,2014-11-11,0459,Aqua,MODIS,98,6.2,322.5,53.3,D,0
-19.6386,131.1743,365.2,1,1,2014-11-11,0459,Aqua,MODIS,100,6.2,317.5,74.3,D,0
-19.6399,131.1646,480.1,1,1,2014-11-11,0459,Aqua,MODIS,94,6.2,340.9,1190.5,D,0
-19.6047,131.1526,350.5,1,1,2014-11-11,0459,Aqua,MODIS,91,6.2,320,34.7,D,0
-18.3308,129.3543,342.5,1.1,1.1,2014-11-11,0459,Aqua,MODIS,58,6.2,320.3,21.8,D,0
-18.3322,129.3435,355.4,1.1,1.1,2014-11-11,0459,Aqua,MODIS,96,6.2,320.9,50.7,D,0
-19.6249,131.007,457.9,1,1,2014-11-11,0459,Aqua,MODIS,100,6.2,400.1,820.5,D,0
-19.6263,130.9972,394.9,1,1,2014-11-11,0459,Aqua,MODIS,100,6.2,323.7,204.6,D,0
-18.3475,129.3016,356.7,1.2,1.1,2014-11-11,0459,Aqua,MODIS,84,6.2,313.5,64.2,D,0
-19.6198,130.9763,353.6,1,1,2014-11-11,0459,Aqua,MODIS,95,6.2,313.2,50.8,D,0
-19.5471,130.9095,392.6,1,1,2014-11-11,0459,Aqua,MODIS,100,6.2,318,200.6,D,0
-18.3226,129.3421,358.5,1.1,1.1,2014-11-11,0459,Aqua,MODIS,97,6.2,319.3,64.4,D,0
-17.837,124.1999,335.5,2.5,1.5,2014-11-11,0459,Aqua,MODIS,75,6.2,307.9,64.4,D,0
-18.3008,122.3084,326.7,3.5,1.8,2014-11-11,0459,Aqua,MODIS,23,6.2,301.5,56.9,D,0
-17.8475,124.1718,394.9,2.5,1.5,2014-11-11,0459,Aqua,MODIS,100,6.2,313.6,791,D,0
-17.8419,124.1524,337.5,2.5,1.5,2014-11-11,0459,Aqua,MODIS,67,6.2,309.9,73,D,0
-17.8557,124.154,332.2,2.5,1.5,2014-11-11,0459,Aqua,MODIS,57,6.2,305.1,48.7,D,0
-17.8394,124.1761,349.9,2.5,1.5,2014-11-11,0459,Aqua,MODIS,93,6.2,311.3,162.8,D,0
-17.8191,124.0472,334,2.6,1.5,2014-11-11,0459,Aqua,MODIS,36,6.2,310.2,49.7,D,0
-17.8507,124.2014,332.2,2.5,1.5,2014-11-11,0459,Aqua,MODIS,67,6.2,305.7,49.8,D,0
-17.8532,124.1777,393.7,2.5,1.5,2014-11-11,0459,Aqua,MODIS,100,6.2,310.3,766.3,D,0
-18.31,122.3166,326.9,3.5,1.8,2014-11-11,0459,Aqua,MODIS,22,6.2,301.9,53.3,D,0
-17.8449,124.1955,360.9,2.5,1.5,2014-11-11,0459,Aqua,MODIS,100,6.2,307.5,267,D,0
-17.8217,124.0229,348.8,2.6,1.5,2014-11-11,0459,Aqua,MODIS,90,6.2,312.6,147.3,D,0
-17.7395,123.8058,340.7,2.7,1.6,2014-11-11,0459,Aqua,MODIS,84,6.2,314.6,68.6,D,0
-17.8311,124.194,332.6,2.5,1.5,2014-11-11,0459,Aqua,MODIS,61,6.2,309.4,49.5,D,0
-18.565,131.1001,350.8,1,1,2014-11-11,0459,Aqua,MODIS,78,6.2,299.6,46,D,0
-19.6126,130.8251,345.6,1,1,2014-11-11,0459,Aqua,MODIS,76,6.2,310.1,37.8,D,0
-18.552,131.1273,435.7,1,1,2014-11-11,0459,Aqua,MODIS,100,6.2,329.6,526.1,D,0
-19.6099,130.8447,335.3,1,1,2014-11-11,0459,Aqua,MODIS,66,6.2,294.2,18.1,D,0
-19.6112,130.8349,350.2,1,1,2014-11-11,0459,Aqua,MODIS,87,6.2,299.4,46.9,D,0
-18.5256,131.1166,352.9,1,1,2014-11-11,0459,Aqua,MODIS,92,6.2,316.2,46.8,D,0
-18.5296,131.088,340.7,1,1,2014-11-11,0459,Aqua,MODIS,37,6.2,306.7,25,D,0
-18.531,131.0785,382.1,1,1,2014-11-11,0459,Aqua,MODIS,0,6.2,307.9,144.6,D,0
-19.5457,130.9193,354.2,1,1,2014-11-11,0459,Aqua,MODIS,95,6.2,314.1,52.6,D,0
-18.5219,131.0771,344.9,1,1,2014-11-11,0459,Aqua,MODIS,61,6.2,291.6,35.7,D,0
-18.6038,131.0866,351.8,1,1,2014-11-11,0459,Aqua,MODIS,93,6.2,313.5,48.1,D,0
-19.5863,130.8811,334.4,1,1,2014-11-11,0459,Aqua,MODIS,49,6.2,307.9,21.2,D,0
-18.5443,131.1163,345.6,1,1,2014-11-11,0459,Aqua,MODIS,61,6.2,302.3,31.2,D,0
-18.5493,131.1464,375.1,1,1,2014-11-11,0459,Aqua,MODIS,87,6.2,305.8,113.2,D,0
-18.5546,131.1082,353.3,1,1,2014-11-11,0459,Aqua,MODIS,63,6.2,301,48.8,D,0
-18.5506,131.1368,392,1,1,2014-11-11,0459,Aqua,MODIS,100,6.2,311.4,186.2,D,0
-19.5876,130.8714,345.5,1,1,2014-11-11,0459,Aqua,MODIS,80,6.2,308.8,41.3,D,0
-18.5637,131.1096,341.6,1,1,2014-11-11,0459,Aqua,MODIS,49,6.2,310.9,24.7,D,0
-19.6034,130.8236,396.8,1,1,2014-11-11,0459,Aqua,MODIS,100,6.2,316.6,230.4,D,0
-19.4905,131.0499,361.5,1,1,2014-11-11,0459,Aqua,MODIS,98,6.2,310,72.2,D,0
-19.4919,131.0402,349.5,1,1,2014-11-11,0459,Aqua,MODIS,61,6.2,317.9,39.5,D,0
-19.5444,130.929,345.7,1,1,2014-11-11,0459,Aqua,MODIS,87,6.2,316.9,32.2,D,0
-18.5533,131.1178,458.5,1,1,2014-11-11,0459,Aqua,MODIS,94,6.2,343.2,816.4,D,0
-19.502,131.1012,343.9,1,1,2014-11-11,0459,Aqua,MODIS,72,6.2,314.4,26.4,D,0
-18.574,131.1015,343.8,1,1,2014-11-11,0459,Aqua,MODIS,68,6.2,309.7,30.4,D,0
-19.5111,131.1027,347.4,1,1,2014-11-11,0459,Aqua,MODIS,89,6.2,316.1,32.3,D,0
-20.4138,120.8217,328,4.8,2,2014-11-11,0459,Aqua,MODIS,37,6.2,302.6,63.6,D,0
-18.6919,137.8947,346.9,2,1.4,2014-11-11,0459,Aqua,MODIS,79,6.2,319.3,79.7,D,0
-18.6797,137.8923,347.1,2,1.4,2014-11-11,0459,Aqua,MODIS,82,6.2,314.5,85.8,D,0
-18.6742,137.8533,332.8,1.9,1.4,2014-11-11,0459,Aqua,MODIS,54,6.2,310.4,35.9,D,0
-18.6809,137.8681,350.2,1.9,1.4,2014-11-11,0459,Aqua,MODIS,92,6.2,313.9,113.8,D,0
-18.6777,137.8864,346.5,2,1.4,2014-11-11,0459,Aqua,MODIS,89,6.2,313.5,91.7,D,0
-18.6952,137.8764,342.7,1.9,1.4,2014-11-11,0459,Aqua,MODIS,48,6.2,318.1,56.4,D,0
-18.7528,137.907,340.1,2,1.4,2014-11-11,0459,Aqua,MODIS,63,6.2,315.6,38.6,D,0
-18.683,137.874,364.7,1.9,1.4,2014-11-11,0459,Aqua,MODIS,100,6.2,315.3,200.9,D,0
-15.4209,135.8749,334.1,1.6,1.2,2014-11-11,0500,Aqua,MODIS,60,6.2,312.1,27.2,D,0
-15.4185,135.8898,334.1,1.6,1.2,2014-11-11,0500,Aqua,MODIS,46,6.2,312.6,27.2,D,0
-12.6558,134.9758,327.8,1.6,1.2,2014-11-11,0500,Aqua,MODIS,40,6.2,300,24.7,D,0
-15.4207,135.8819,338.8,1.6,1.2,2014-11-11,0500,Aqua,MODIS,79,6.2,312.6,42.7,D,0
-12.6448,134.9739,326.8,1.6,1.2,2014-11-11,0500,Aqua,MODIS,32,6.2,301.2,23.6,D,0
-15.6434,127.4026,338.3,1.4,1.2,2014-11-11,0500,Aqua,MODIS,84,6.2,310,29.9,D,0
-15.506,129.902,340.6,1,1,2014-11-11,0500,Aqua,MODIS,71,6.2,303.9,31.9,D,0
-15.6384,127.4074,333.8,1.4,1.2,2014-11-11,0500,Aqua,MODIS,79,6.2,310.3,19.5,D,0
-14.3603,134.6882,355.4,1.4,1.2,2014-11-11,0500,Aqua,MODIS,97,6.2,313.5,89.4,D,0
-14.3519,134.6738,332.8,1.4,1.2,2014-11-11,0500,Aqua,MODIS,39,6.2,307,21.8,D,0
-14.3498,134.6865,336.2,1.4,1.2,2014-11-11,0500,Aqua,MODIS,67,6.2,310.4,29,D,0
-14.3623,134.6755,344,1.4,1.2,2014-11-11,0500,Aqua,MODIS,87,6.2,311,51.2,D,0
-14.7204,125.278,327.3,1.9,1.3,2014-11-11,0500,Aqua,MODIS,39,6.2,303.5,25.3,D,0
-14.7152,125.2708,324.5,1.9,1.3,2014-11-11,0500,Aqua,MODIS,32,6.2,303.4,18.1,D,0
-14.3728,134.6772,351.9,1.4,1.2,2014-11-11,0500,Aqua,MODIS,94,6.2,311.8,78.9,D,0
-14.3708,134.6899,341.7,1.4,1.2,2014-11-11,0500,Aqua,MODIS,84,6.2,311.1,44.9,D,0
-12.4663,136.6746,338.5,2.1,1.4,2014-11-11,0500,Aqua,MODIS,84,6.2,303.7,76.6,D,0
-14.2492,136.7217,340.2,1.9,1.4,2014-11-11,0500,Aqua,MODIS,61,6.2,307.4,65.4,D,0
-14.2523,136.7039,335.8,1.9,1.4,2014-11-11,0500,Aqua,MODIS,62,6.2,309.5,45.7,D,0
-14.2469,136.7158,337.4,1.9,1.4,2014-11-11,0500,Aqua,MODIS,67,6.2,308.1,58.2,D,0
-14.262,136.7002,333.8,1.9,1.4,2014-11-11,0500,Aqua,MODIS,0,6.2,308,37.6,D,0
-14.2413,136.9016,328.9,2,1.4,2014-11-11,0500,Aqua,MODIS,35,6.2,303.2,27.4,D,0
-13.3096,133.7561,340.1,1.3,1.1,2014-11-11,0500,Aqua,MODIS,48,6.2,312.7,25.5,D,0
-13.3178,133.7693,349,1.3,1.1,2014-11-11,0500,Aqua,MODIS,92,6.2,314.3,48.2,D,0
-14.2793,134.681,341.2,1.4,1.2,2014-11-11,0500,Aqua,MODIS,84,6.2,307.6,38,D,0
-16.6624,131.0322,343.5,1,1,2014-11-11,0500,Aqua,MODIS,85,6.2,316.8,21.2,D,0
-16.6172,131.092,342.5,1,1,2014-11-11,0500,Aqua,MODIS,70,6.2,312.5,19.9,D,0
-16.6262,131.0934,345,1,1,2014-11-11,0500,Aqua,MODIS,86,6.2,316.5,23.8,D,0
-13.0607,136.2764,329.2,1.9,1.3,2014-11-11,0500,Aqua,MODIS,30,6.2,305.8,24,D,0
-14.0431,141.672,319.9,4.6,2,2014-11-11,0500,Aqua,MODIS,56,6.2,296.2,87.9,D,0
-16.0375,130.3788,349.4,1,1,2014-11-11,0500,Aqua,MODIS,77,6.2,307.4,44.3,D,0
-16.0388,130.3693,344,1,1,2014-11-11,0500,Aqua,MODIS,76,6.2,302.8,35.8,D,0
-16.0284,130.3775,346.2,1,1,2014-11-11,0500,Aqua,MODIS,79,6.2,309.5,35.8,D,0
-16.0298,130.368,351.4,1,1,2014-11-11,0500,Aqua,MODIS,93,6.2,308.5,48.6,D,0
-13.0482,136.2508,329.4,1.9,1.3,2014-11-11,0500,Aqua,MODIS,57,6.2,307,31.6,D,0
-14.035,141.7063,345.4,4.7,2,2014-11-11,0500,Aqua,MODIS,93,6.2,295.6,408.2,D,0
-13.0516,136.257,329.8,1.9,1.3,2014-11-11,0500,Aqua,MODIS,40,6.2,307,30.2,D,0
-14.027,141.7491,318.4,4.7,2,2014-11-11,0500,Aqua,MODIS,29,6.2,293.8,75.8,D,0
-14.0348,141.7145,354.5,4.7,2,2014-11-11,0500,Aqua,MODIS,97,6.2,295.3,597.5,D,0
-12.5701,135.0718,323.9,1.6,1.2,2014-11-11,0500,Aqua,MODIS,25,6.2,297.7,19.9,D,0
-12.6991,136.4608,328.7,2,1.4,2014-11-11,0500,Aqua,MODIS,56,6.2,307.2,29.7,D,0
-14.278,135.2658,345.3,1.5,1.2,2014-11-11,0500,Aqua,MODIS,88,6.2,311.7,55.4,D,0
-12.4789,136.6768,327.5,2.1,1.4,2014-11-11,0500,Aqua,MODIS,66,6.2,304.7,32.6,D,0
-13.0574,136.2702,328.7,1.9,1.3,2014-11-11,0500,Aqua,MODIS,27,6.2,306,26.9,D,0
-14.2889,135.2678,331.7,1.5,1.2,2014-11-11,0500,Aqua,MODIS,51,6.2,308.9,17.2,D,0
-15.8872,134.0253,340.1,1.2,1.1,2014-11-11,0500,Aqua,MODIS,62,6.2,313.8,25.7,D,0
-15.2252,125.0631,335.9,2,1.4,2014-11-11,0500,Aqua,MODIS,83,6.2,303.1,61.5,D,0
-14.2861,134.8418,335.3,1.4,1.2,2014-11-11,0500,Aqua,MODIS,37,6.2,309.3,27.5,D,0
-14.4719,134.1168,347.7,1.3,1.1,2014-11-11,0500,Aqua,MODIS,81,6.2,314.3,51.8,D,0
-14.2625,135.292,340.3,1.5,1.2,2014-11-11,0500,Aqua,MODIS,58,6.2,313.8,37.9,D,0
-15.8348,129.3917,330.6,1.1,1,2014-11-11,0500,Aqua,MODIS,48,6.2,308.7,9,D,0
-15.8362,129.3816,332.3,1.1,1,2014-11-11,0500,Aqua,MODIS,55,6.2,310.2,10.5,D,0
-14.4738,134.105,339.8,1.3,1.1,2014-11-11,0500,Aqua,MODIS,74,6.2,310.1,29.1,D,0
-14.2803,135.2518,331.1,1.5,1.2,2014-11-11,0500,Aqua,MODIS,20,6.2,308.7,13.4,D,0
-14.4637,134.1033,360.5,1.3,1.1,2014-11-11,0500,Aqua,MODIS,100,6.2,305.6,94.2,D,0
-14.4619,134.1152,361.2,1.3,1.1,2014-11-11,0500,Aqua,MODIS,100,6.2,312.5,99,D,0
-13.1042,136.0913,331.5,1.8,1.3,2014-11-11,0500,Aqua,MODIS,64,6.2,309,29,D,0
-14.2648,135.2779,337.8,1.5,1.2,2014-11-11,0500,Aqua,MODIS,37,6.2,314.2,30.6,D,0
-14.2757,135.2799,334.4,1.5,1.2,2014-11-11,0500,Aqua,MODIS,25,6.2,312.4,21.2,D,0
-14.1733,141.7562,320.8,4.7,2,2014-11-11,0500,Aqua,MODIS,47,6.2,296.4,79.1,D,0
-14.6579,125.5383,339,1.8,1.3,2014-11-11,0500,Aqua,MODIS,84,6.2,304.8,60.2,D,0
-15.476,128.7577,365.2,1.1,1.1,2014-11-11,0500,Aqua,MODIS,100,6.2,311.5,97.9,D,0
-15.4746,128.7682,332.1,1.1,1.1,2014-11-11,0500,Aqua,MODIS,76,6.2,310.6,14.2,D,0
-15.4295,130.2637,336.7,1,1,2014-11-11,0500,Aqua,MODIS,72,6.2,304.1,22.9,D,0
-15.9882,130.4005,336.7,1,1,2014-11-11,0500,Aqua,MODIS,61,6.2,309.9,15.7,D,0
-14.6363,125.5187,331,1.8,1.3,2014-11-11,0500,Aqua,MODIS,63,6.2,305.4,32.7,D,0
-14.6461,125.5368,334.1,1.8,1.3,2014-11-11,0500,Aqua,MODIS,53,6.2,306,39.1,D,0
-14.6599,125.522,329.9,1.8,1.3,2014-11-11,0500,Aqua,MODIS,47,6.2,304.8,30.9,D,0
-14.6558,125.555,340.8,1.8,1.3,2014-11-11,0500,Aqua,MODIS,86,6.2,303.7,64.9,D,0
-14.6717,125.5234,323.3,1.8,1.3,2014-11-11,0500,Aqua,MODIS,40,6.2,303.9,16.9,D,0
-15.582,130.6115,327.8,1,1,2014-11-11,0500,Aqua,MODIS,36,6.2,304.9,10.2,D,0
-16.7766,130.0092,341.4,1,1,2014-11-11,0500,Aqua,MODIS,74,6.2,303,31.7,D,0
-14.6697,125.5397,355.3,1.8,1.3,2014-11-11,0500,Aqua,MODIS,97,6.2,305,142.5,D,0
-14.6676,125.5562,323.3,1.8,1.3,2014-11-11,0500,Aqua,MODIS,29,6.2,302.3,16,D,0
-14.6815,125.5414,332.6,1.8,1.3,2014-11-11,0500,Aqua,MODIS,76,6.2,301.9,42.6,D,0
-14.6786,125.5308,330.1,1.8,1.3,2014-11-11,0500,Aqua,MODIS,73,6.2,303.3,34.9,D,0
-14.6767,125.5473,341.4,1.8,1.3,2014-11-11,0500,Aqua,MODIS,87,6.2,302.6,74.4,D,0
-15.8338,129.3298,332.5,1.1,1,2014-11-11,0500,Aqua,MODIS,63,6.2,308.5,11.8,D,0
-14.6421,125.5696,354.2,1.8,1.3,2014-11-11,0500,Aqua,MODIS,96,6.2,305.7,125.4,D,0
-14.6401,125.586,342.1,1.8,1.3,2014-11-11,0500,Aqua,MODIS,87,6.2,305.5,69.7,D,0
-14.6538,125.5714,332.6,1.8,1.3,2014-11-11,0500,Aqua,MODIS,71,6.2,302.7,35.3,D,0
-15.8776,130.8659,333.6,1,1,2014-11-11,0500,Aqua,MODIS,65,6.2,306.1,17,D,0
-15.8762,130.8752,356.9,1,1,2014-11-11,0500,Aqua,MODIS,98,6.2,309.5,60.6,D,0
-15.8749,130.8845,345.2,1,1,2014-11-11,0500,Aqua,MODIS,85,6.2,308,33.2,D,0
-15.8736,130.8938,332.1,1,1,2014-11-11,0500,Aqua,MODIS,38,6.2,306.5,11.2,D,0
-15.8852,130.8766,333.4,1,1,2014-11-11,0500,Aqua,MODIS,56,6.2,304.4,18.5,D,0
-15.8109,129.3575,334.3,1.1,1,2014-11-11,0500,Aqua,MODIS,47,6.2,311.2,14.2,D,0
-15.8123,129.3474,343.1,1.1,1,2014-11-11,0500,Aqua,MODIS,86,6.2,310.2,30.2,D,0
-14.6518,125.5875,351,1.8,1.3,2014-11-11,0500,Aqua,MODIS,94,6.2,304.8,110.1,D,0
-14.6498,125.6038,326.3,1.8,1.3,2014-11-11,0500,Aqua,MODIS,58,6.2,304.3,18.5,D,0
-16.1143,129.4055,340.9,1.1,1,2014-11-11,0500,Aqua,MODIS,77,6.2,314.3,19.6,D,0
-16.1129,129.4155,335.5,1.1,1,2014-11-11,0500,Aqua,MODIS,50,6.2,314.4,10.6,D,0
-15.9766,130.418,336.2,1,1,2014-11-11,0500,Aqua,MODIS,72,6.2,311,14.9,D,0
-15.3073,124.9035,321.3,2,1.4,2014-11-11,0500,Aqua,MODIS,0,6.2,300.1,17.2,D,0
-15.5013,130.2707,348.2,1,1,2014-11-11,0500,Aqua,MODIS,92,6.2,309.6,40.6,D,0
-16.0272,129.8623,365.1,1,1,2014-11-11,0500,Aqua,MODIS,100,6.2,313.4,80.5,D,0
-16.0286,129.8526,415.4,1,1,2014-11-11,0500,Aqua,MODIS,100,6.2,318.6,359.6,D,0
-14.5769,125.5564,324.6,1.8,1.3,2014-11-11,0500,Aqua,MODIS,26,6.2,303.9,17.1,D,0
-16.0299,129.8428,361.7,1,1,2014-11-11,0500,Aqua,MODIS,100,6.2,310.9,76.5,D,0
-16.0194,129.8512,358.8,1,1,2014-11-11,0500,Aqua,MODIS,99,6.2,312.7,64.2,D,0
-16.0207,129.8414,335.6,1,1,2014-11-11,0500,Aqua,MODIS,56,6.2,310.2,17.7,D,0
-16.001,129.8484,347.1,1,1,2014-11-11,0500,Aqua,MODIS,82,6.2,312.3,34.2,D,0
-14.0477,126.9639,353.6,1.4,1.2,2014-11-11,0500,Aqua,MODIS,95,6.2,308.1,83.8,D,0
-14.0413,126.9705,340.9,1.4,1.2,2014-11-11,0500,Aqua,MODIS,90,6.2,309.6,37.4,D,0
-14.043,126.9578,348.4,1.4,1.2,2014-11-11,0500,Aqua,MODIS,94,6.2,307.7,61.5,D,0
-16.0023,129.8387,334.8,1,1,2014-11-11,0500,Aqua,MODIS,61,6.2,310.8,15,D,0
-15.9918,129.8471,345.6,1,1,2014-11-11,0500,Aqua,MODIS,88,6.2,312.9,33.4,D,0
-14.7019,125.7331,325.2,1.7,1.3,2014-11-11,0500,Aqua,MODIS,59,6.2,304.7,18.8,D,0
-15.9931,129.8373,334.2,1,1,2014-11-11,0500,Aqua,MODIS,71,6.2,311.3,14.9,D,0
-15.4875,130.5658,357.6,1,1,2014-11-11,0500,Aqua,MODIS,93,6.2,305.3,66.7,D,0
-15.9161,129.9973,336,1,1,2014-11-11,0500,Aqua,MODIS,37,6.2,304,19.4,D,0
-15.8887,129.9932,344.3,1,1,2014-11-11,0500,Aqua,MODIS,86,6.2,302.4,33.9,D,0
-15.2995,130.9866,335.1,1,1,2014-11-11,0500,Aqua,MODIS,24,6.2,307.8,14.8,D,0
-15.8718,129.9809,341.2,1,1,2014-11-11,0500,Aqua,MODIS,84,6.2,300.3,29.5,D,0
-15.2107,125.0562,344.4,2,1.4,2014-11-11,0500,Aqua,MODIS,78,6.2,303.6,99.7,D,0
-15.8506,130.8618,335.2,1,1,2014-11-11,0500,Aqua,MODIS,52,6.2,311.1,14.2,D,0
-15.8569,130.8818,332.3,1,1,2014-11-11,0500,Aqua,MODIS,52,6.2,311.7,8.2,D,0
-15.8686,130.8645,347.4,1,1,2014-11-11,0500,Aqua,MODIS,86,6.2,308.2,38.2,D,0
-15.8672,130.8738,348.6,1,1,2014-11-11,0500,Aqua,MODIS,83,6.2,309.6,38.4,D,0
-15.3572,131.0297,333.3,1,1,2014-11-11,0500,Aqua,MODIS,61,6.2,308.5,10.5,D,0
-15.3586,131.0204,344.9,1,1,2014-11-11,0500,Aqua,MODIS,90,6.2,309.8,29.5,D,0
-15.2026,125.0416,322.1,2,1.4,2014-11-11,0500,Aqua,MODIS,0,6.2,300.4,14.5,D,0
-15.2149,125.0435,349.2,2,1.4,2014-11-11,0500,Aqua,MODIS,81,6.2,304.2,124.8,D,0
-15.2128,125.0613,340.7,2,1.4,2014-11-11,0500,Aqua,MODIS,87,6.2,303.1,80.3,D,0
-15.8646,130.8925,342.8,1,1,2014-11-11,0500,Aqua,MODIS,86,6.2,312,25.8,D,0
-15.8633,130.9018,333,1,1,2014-11-11,0500,Aqua,MODIS,56,6.2,312.3,11.7,D,0
-15.2273,125.0448,343.1,2,1.4,2014-11-11,0500,Aqua,MODIS,84,6.2,302.9,93.5,D,0
-15.8927,129.9643,345.1,1,1,2014-11-11,0500,Aqua,MODIS,88,6.2,308.8,31,D,0
-15.8914,129.9739,342.4,1,1,2014-11-11,0500,Aqua,MODIS,85,6.2,301.8,26.1,D,0
-15.89,129.9836,362.4,1,1,2014-11-11,0500,Aqua,MODIS,100,6.2,303.7,76.6,D,0
-15.3419,131.0084,365.2,1,1,2014-11-11,0500,Aqua,MODIS,100,6.2,308.8,80.2,D,0
-15.3432,130.9991,329.3,1,1,2014-11-11,0500,Aqua,MODIS,28,6.2,307.5,7.5,D,0
-15.3328,131.0106,344.4,1,1,2014-11-11,0500,Aqua,MODIS,90,6.2,307.5,31.5,D,0
-15.3341,131.0014,355.6,1,1,2014-11-11,0500,Aqua,MODIS,97,6.2,311.7,55.3,D,0
-15.3238,131.0092,335.3,1,1,2014-11-11,0500,Aqua,MODIS,81,6.2,305.5,15.8,D,0
-15.3252,131,385.5,1,1,2014-11-11,0500,Aqua,MODIS,100,6.2,310,157,D,0
-15.3265,130.9907,337.3,1,1,2014-11-11,0500,Aqua,MODIS,49,6.2,309.2,18.8,D,0
-16.0558,124.6253,345.2,2.2,1.4,2014-11-11,0500,Aqua,MODIS,79,6.2,304.6,132,D,0
-16.0568,124.6114,326.8,2.2,1.4,2014-11-11,0500,Aqua,MODIS,0,6.2,303.1,36.6,D,0
-16.0546,124.632,346.9,2.2,1.4,2014-11-11,0500,Aqua,MODIS,87,6.2,304.2,136.2,D,0
-15.079,126.2825,326.7,1.6,1.2,2014-11-11,0500,Aqua,MODIS,30,6.2,306.9,14,D,0
-13.8022,134.2044,367.1,1.3,1.1,2014-11-11,0500,Aqua,MODIS,100,6.2,311,125.8,D,0
-13.8048,135.7629,332,1.7,1.3,2014-11-11,0500,Aqua,MODIS,51,6.2,307.4,29.6,D,0
-14.2312,134.7782,360.8,1.4,1.2,2014-11-11,0500,Aqua,MODIS,100,6.2,311.9,110.4,D,0
-14.2333,134.7653,345.4,1.4,1.2,2014-11-11,0500,Aqua,MODIS,84,6.2,312.9,50,D,0
-13.7197,135.5064,335.1,1.6,1.3,2014-11-11,0500,Aqua,MODIS,28,6.2,313.6,23,D,0
-13.7222,135.4916,342.8,1.6,1.3,2014-11-11,0500,Aqua,MODIS,85,6.2,312.6,46.3,D,0
-13.7216,135.5014,340.3,1.6,1.3,2014-11-11,0500,Aqua,MODIS,76,6.2,314,43.1,D,0
-14.0771,134.861,348.3,1.4,1.2,2014-11-11,0500,Aqua,MODIS,91,6.2,309,61.4,D,0
-14.0197,134.1916,392.5,1.3,1.1,2014-11-11,0500,Aqua,MODIS,100,6.2,309.9,289.3,D,0
-13.0774,132.9388,330.3,1.1,1.1,2014-11-11,0500,Aqua,MODIS,44,6.2,307.4,10.7,D,0
-13.0806,132.9825,342.6,1.2,1.1,2014-11-11,0500,Aqua,MODIS,87,6.2,306.6,35.5,D,0
-13.0902,132.984,330.9,1.2,1.1,2014-11-11,0500,Aqua,MODIS,28,6.2,307.5,13.7,D,0
-12.3483,135.9554,334,1.9,1.3,2014-11-11,0500,Aqua,MODIS,71,6.2,300.9,47.6,D,0
-12.3455,135.9723,338.9,1.9,1.3,2014-11-11,0500,Aqua,MODIS,73,6.2,297.8,64.9,D,0
-12.3629,135.9406,336.2,1.8,1.3,2014-11-11,0500,Aqua,MODIS,66,6.2,299.8,53.2,D,0
-12.3526,135.9616,334.4,1.9,1.3,2014-11-11,0500,Aqua,MODIS,55,6.2,300.1,45.9,D,0
-13.8105,134.2183,336.1,1.3,1.1,2014-11-11,0500,Aqua,MODIS,48,6.2,309.5,19.8,D,0
-14.2094,135.3408,346.8,1.5,1.2,2014-11-11,0500,Aqua,MODIS,90,6.2,314.5,61.2,D,0
-14.2203,135.3427,339.8,1.5,1.2,2014-11-11,0500,Aqua,MODIS,82,6.2,311.7,38.3,D,0
-14.0834,134.8213,334.3,1.4,1.2,2014-11-11,0500,Aqua,MODIS,69,6.2,305.5,24.3,D,0
-14.0813,134.8344,339.6,1.4,1.2,2014-11-11,0500,Aqua,MODIS,82,6.2,305.6,38.3,D,0
-14.0877,134.8629,337.3,1.4,1.2,2014-11-11,0500,Aqua,MODIS,63,6.2,309.4,31,D,0
-13.8662,134.1232,333.1,1.3,1.1,2014-11-11,0500,Aqua,MODIS,31,6.2,309.5,15.8,D,0
-13.8643,134.1351,343.8,1.3,1.1,2014-11-11,0500,Aqua,MODIS,87,6.2,309.8,40.5,D,0
-13.8624,134.1471,342.7,1.3,1.1,2014-11-11,0500,Aqua,MODIS,81,6.2,306.7,37.9,D,0
-13.8041,134.1922,384.6,1.3,1.1,2014-11-11,0500,Aqua,MODIS,100,6.2,311.3,228.1,D,0
-13.8865,134.1266,336.9,1.3,1.1,2014-11-11,0500,Aqua,MODIS,56,6.2,309.2,23.6,D,0
-13.8143,134.194,387.8,1.3,1.1,2014-11-11,0500,Aqua,MODIS,100,6.2,313.3,248.6,D,0
-13.8124,134.2062,369.8,1.3,1.1,2014-11-11,0500,Aqua,MODIS,100,6.2,313,137.1,D,0
-13.8226,134.2079,351.7,1.3,1.1,2014-11-11,0500,Aqua,MODIS,94,6.2,310.6,62.4,D,0
-14.0041,134.9727,338.7,1.5,1.2,2014-11-11,0500,Aqua,MODIS,71,6.2,311.7,33.8,D,0
-13.9697,135.0307,335.5,1.5,1.2,2014-11-11,0500,Aqua,MODIS,43,6.2,309.8,28,D,0
-13.9783,134.9765,334.8,1.5,1.2,2014-11-11,0500,Aqua,MODIS,51,6.2,307,23.5,D,0
-13.9805,134.9631,368.6,1.5,1.2,2014-11-11,0500,Aqua,MODIS,100,6.2,312.9,160,D,0
-13.9611,135.0153,346.7,1.5,1.2,2014-11-11,0500,Aqua,MODIS,85,6.2,306,66,D,0
-13.9633,135.0018,342.7,1.5,1.2,2014-11-11,0500,Aqua,MODIS,75,6.2,304.9,52.2,D,0
-13.9654,134.9882,339.5,1.5,1.2,2014-11-11,0500,Aqua,MODIS,59,6.2,304.6,42.4,D,0
-13.9676,134.9745,354.8,1.5,1.2,2014-11-11,0500,Aqua,MODIS,96,6.2,307.7,94.8,D,0
-13.9698,134.9611,346.5,1.5,1.2,2014-11-11,0500,Aqua,MODIS,89,6.2,310.6,63.2,D,0
-14.2227,135.3285,333,1.5,1.2,2014-11-11,0500,Aqua,MODIS,23,6.2,308.4,15.8,D,0
-13.9569,134.9724,340.8,1.5,1.2,2014-11-11,0500,Aqua,MODIS,69,6.2,306.6,49,D,0
-13.9591,134.9592,343.4,1.5,1.2,2014-11-11,0500,Aqua,MODIS,86,6.2,306.9,56,D,0
-14.2117,135.3266,344.2,1.5,1.2,2014-11-11,0500,Aqua,MODIS,87,6.2,309.7,48.6,D,0
-14.2188,135.3357,342.2,1.5,1.2,2014-11-11,0500,Aqua,MODIS,85,6.2,311.8,44.3,D,0
-14.2078,135.3338,349.4,1.5,1.2,2014-11-11,0500,Aqua,MODIS,92,6.2,313.6,69.1,D,0
-14.0913,135.0084,342.4,1.5,1.2,2014-11-11,0500,Aqua,MODIS,61,6.2,311.4,41.3,D,0
-14.145,135.2358,343.6,1.5,1.2,2014-11-11,0500,Aqua,MODIS,86,6.2,311.1,48.7,D,0
-13.1067,131.7024,336.6,1,1,2014-11-11,0500,Aqua,MODIS,64,6.2,311.8,10.6,D,0
-13.1081,131.6929,374.5,1,1,2014-11-11,0500,Aqua,MODIS,100,6.2,311.7,108.8,D,0
-13.1095,131.6834,355.2,1,1,2014-11-11,0500,Aqua,MODIS,97,6.2,315.1,49.1,D,0
-14.2175,135.1341,333.7,1.5,1.2,2014-11-11,0500,Aqua,MODIS,48,6.2,310.2,17.9,D,0
-14.0077,134.202,347.7,1.3,1.1,2014-11-11,0500,Aqua,MODIS,90,6.2,296.5,54.1,D,0
-13.7239,135.4865,337.5,1.6,1.3,2014-11-11,0500,Aqua,MODIS,64,6.2,312.5,32,D,0
-13.7175,135.455,336.1,1.6,1.2,2014-11-11,0500,Aqua,MODIS,72,6.2,312.7,29.5,D,0
-14.0096,134.1899,358.6,1.3,1.1,2014-11-11,0500,Aqua,MODIS,93,6.2,308.6,95.6,D,0
-13.8948,134.1402,336.5,1.3,1.1,2014-11-11,0500,Aqua,MODIS,47,6.2,312.3,21.6,D,0
-14.181,134.7245,336.8,1.4,1.2,2014-11-11,0500,Aqua,MODIS,77,6.2,309.2,27.9,D,0
-14.2017,134.6622,334.3,1.4,1.2,2014-11-11,0500,Aqua,MODIS,51,6.2,311.9,19.4,D,0
-14.1956,134.7005,341.3,1.4,1.2,2014-11-11,0500,Aqua,MODIS,84,6.2,311.5,35.7,D,0
-14.2061,134.7021,339.4,1.4,1.2,2014-11-11,0500,Aqua,MODIS,72,6.2,311.7,29,D,0
-13.8846,134.1386,357.8,1.3,1.1,2014-11-11,0500,Aqua,MODIS,98,6.2,310.2,84,D,0
-11.1702,132.3495,327,1.1,1.1,2014-11-11,0501,Aqua,MODIS,0,6.2,306.5,8.6,D,0
-12.3218,131.5888,335.2,1,1,2014-11-11,0501,Aqua,MODIS,34,6.2,307.3,20.2,D,0
-11.2726,131.1513,344.5,1,1,2014-11-11,0501,Aqua,MODIS,81,6.2,309.6,34.6,D,0
-11.2657,131.1446,338.5,1,1,2014-11-11,0501,Aqua,MODIS,78,6.2,308.6,26.9,D,0
-24.9623,148.704,313.6,1.1,1,2014-11-11,1243,Terra,MODIS,42,6.2,292.4,11.3,N,0
-24.9358,148.6888,315.7,1.1,1,2014-11-11,1243,Terra,MODIS,71,6.2,291,11,N,0
-24.9451,148.6903,325.2,1.1,1,2014-11-11,1243,Terra,MODIS,100,6.2,294.3,21.9,N,0
-24.8207,148.0065,328.1,1.1,1.1,2014-11-11,1243,Terra,MODIS,100,6.2,293.3,29.5,N,0
-24.9293,148.666,325.4,1.1,1,2014-11-11,1243,Terra,MODIS,85,6.2,295.4,22.8,N,0
-24.9372,148.6782,324.9,1.1,1,2014-11-11,1243,Terra,MODIS,100,6.2,295,21.5,N,0
-24.9134,148.6683,328.3,1.1,1,2014-11-11,1243,Terra,MODIS,100,6.2,295,26.7,N,0
-24.9465,148.6797,319.3,1.1,1,2014-11-11,1243,Terra,MODIS,73,6.2,293.7,16.1,N,0
-24.9386,148.6676,328.2,1.1,1,2014-11-11,1243,Terra,MODIS,100,6.2,295.5,27.1,N,0
-26.4273,150.6109,307.8,1,1,2014-11-11,1243,Terra,MODIS,59,6.2,294.6,5.8,N,0
-26.4288,150.6009,304.8,1,1,2014-11-11,1243,Terra,MODIS,18,6.2,294.3,3.9,N,0
-24.8426,147.9874,320.4,1.1,1.1,2014-11-11,1243,Terra,MODIS,65,6.2,292.9,18.8,N,0
-26.3684,152.8458,306.9,1.1,1,2014-11-11,1243,Terra,MODIS,62,6.2,290.2,8.7,N,0
-26.3702,152.8348,322.1,1.1,1,2014-11-11,1243,Terra,MODIS,100,6.2,291.8,23.1,N,0
-26.3608,152.833,307.1,1.1,1,2014-11-11,1243,Terra,MODIS,70,6.2,289.8,9.1,N,0
-24.8264,147.933,315.1,1.1,1.1,2014-11-11,1243,Terra,MODIS,90,6.2,291.6,15.3,N,0
-24.8317,147.9968,314.3,1.1,1.1,2014-11-11,1243,Terra,MODIS,33,6.2,292.8,12.5,N,0
-24.825,147.9439,301.4,1.1,1.1,2014-11-11,1243,Terra,MODIS,12,6.2,290.5,4,N,0
-24.8957,148.7302,316.3,1.1,1,2014-11-11,1243,Terra,MODIS,93,6.2,295.3,14.3,N,0
-24.8235,147.9552,305.8,1.1,1.1,2014-11-11,1243,Terra,MODIS,66,6.2,291.4,7.2,N,0
-24.897,148.7198,312.9,1.1,1,2014-11-11,1243,Terra,MODIS,81,6.2,295.2,10.8,N,0
-24.912,148.6789,309.7,1.1,1,2014-11-11,1243,Terra,MODIS,78,6.2,292.7,7.3,N,0
-24.921,148.7296,336.5,1.1,1,2014-11-11,1243,Terra,MODIS,100,6.2,296.4,39.1,N,0
-24.851,147.9206,305,1.1,1.1,2014-11-11,1243,Terra,MODIS,1,6.2,290.5,6.3,N,0
-24.4212,151.8592,301.9,1.1,1,2014-11-11,1243,Terra,MODIS,45,6.2,289.4,5.9,N,0
-24.8606,147.9222,327.9,1.1,1.1,2014-11-11,1243,Terra,MODIS,100,6.2,292.3,30.2,N,0
-24.916,148.131,300.2,1.1,1.1,2014-11-11,1243,Terra,MODIS,12,6.2,286.3,3.9,N,0
-24.9027,148.6773,306,1.1,1,2014-11-11,1243,Terra,MODIS,31,6.2,294,4.6,N,0
-24.8877,148.7183,319.4,1.1,1,2014-11-11,1243,Terra,MODIS,99,6.2,296,16,N,0
-25.2346,151.0999,303.1,1,1,2014-11-11,1243,Terra,MODIS,53,6.2,292.4,4.8,N,0
-24.8591,147.9338,317.9,1.1,1.1,2014-11-11,1243,Terra,MODIS,33,6.2,291.5,16.3,N,0
-24.8864,148.7287,318.8,1.1,1,2014-11-11,1243,Terra,MODIS,97,6.2,295.8,15.7,N,0
-24.8534,148.691,315.6,1.1,1,2014-11-11,1243,Terra,MODIS,91,6.2,294.3,12.7,N,0
-24.8748,148.6729,314.9,1.1,1,2014-11-11,1243,Terra,MODIS,90,6.2,294.6,12.1,N,0
-24.852,148.7016,308.1,1.1,1,2014-11-11,1243,Terra,MODIS,20,6.2,294.3,6.7,N,0
-24.8613,148.7032,320.3,1.1,1,2014-11-11,1243,Terra,MODIS,100,6.2,296,16.7,N,0
-24.4371,151.3933,308.7,1,1,2014-11-11,1243,Terra,MODIS,75,6.2,291.1,8.8,N,0
-24.5031,151.679,302.6,1,1,2014-11-11,1243,Terra,MODIS,44,6.2,291.5,5.5,N,0
-24.8706,148.7047,317.2,1.1,1,2014-11-11,1243,Terra,MODIS,86,6.2,295.4,13.1,N,0
-26.7656,152.4833,305.1,1.1,1,2014-11-11,1243,Terra,MODIS,47,6.2,279.9,8.6,N,0
-26.7584,152.4866,304.9,1.1,1,2014-11-11,1243,Terra,MODIS,62,6.2,278.2,9.2,N,0
-26.76,152.4764,303.1,1.1,1,2014-11-11,1243,Terra,MODIS,53,6.2,280,8,N,0
-24.9146,148.1422,307.2,1.1,1.1,2014-11-11,1243,Terra,MODIS,71,6.2,289.1,8.7,N,0
-24.7958,148.0194,306.1,1.1,1.1,2014-11-11,1243,Terra,MODIS,22,6.2,292.7,6.6,N,0
-24.8401,147.9297,319.7,1.1,1.1,2014-11-11,1243,Terra,MODIS,27,6.2,292.7,17.5,N,0
-24.8176,148.0005,304.7,1.1,1.1,2014-11-11,1243,Terra,MODIS,8,6.2,292,5.4,N,0
-24.8163,148.0112,319.7,1.1,1.1,2014-11-11,1243,Terra,MODIS,99,6.2,292.8,18.9,N,0
-24.8082,147.9987,311.2,1.1,1.1,2014-11-11,1243,Terra,MODIS,80,6.2,293,10.7,N,0
-24.8053,148.0212,311,1.1,1.1,2014-11-11,1243,Terra,MODIS,65,6.2,292.7,10.5,N,0
-24.8785,148.7167,321.7,1.1,1,2014-11-11,1243,Terra,MODIS,100,6.2,295.8,18.4,N,0
-27.7193,150.5021,303.7,1,1,2014-11-11,1243,Terra,MODIS,56,6.2,293.2,4.1,N,0
-27.7207,150.4919,313.5,1,1,2014-11-11,1243,Terra,MODIS,87,6.2,294.5,10.8,N,0
-23.3636,150.1799,320.2,1,1,2014-11-11,1244,Terra,MODIS,100,6.2,291.6,17,N,0
-23.3366,150.1753,311.1,1,1,2014-11-11,1244,Terra,MODIS,82,6.2,291.3,10.4,N,0
-23.3726,150.1814,314.7,1,1,2014-11-11,1244,Terra,MODIS,90,6.2,291.4,12.3,N,0
-23.3816,150.183,305.7,1,1,2014-11-11,1244,Terra,MODIS,33,6.2,291.2,6.3,N,0
-23.338,150.1655,322.4,1,1,2014-11-11,1244,Terra,MODIS,100,6.2,292.3,20.1,N,0
-23.3456,150.1768,311.6,1,1,2014-11-11,1244,Terra,MODIS,83,6.2,291.7,10.5,N,0
-23.3546,150.1783,312.9,1,1,2014-11-11,1244,Terra,MODIS,67,6.2,291.2,10.9,N,0
-23.3757,147.853,312.7,1.1,1.1,2014-11-11,1244,Terra,MODIS,85,6.2,295.7,11.7,N,0
-23.3706,147.8575,316.1,1.1,1.1,2014-11-11,1244,Terra,MODIS,93,6.2,296,15.3,N,0
-23.372,147.8466,312.1,1.1,1.1,2014-11-11,1244,Terra,MODIS,84,6.2,295.3,11.6,N,0
-23.3597,147.8669,319.5,1.1,1.1,2014-11-11,1244,Terra,MODIS,99,6.2,295.7,19.4,N,0
-23.3611,147.856,317.4,1.1,1.1,2014-11-11,1244,Terra,MODIS,95,6.2,295.4,16.8,N,0
-22.7696,150.2804,303.4,1,1,2014-11-11,1244,Terra,MODIS,55,6.2,291.8,5.5,N,0
-24.7811,147.9044,305.9,1.1,1.1,2014-11-11,1244,Terra,MODIS,59,6.2,290.8,7.3,N,0
-24.7907,147.9059,320.9,1.1,1.1,2014-11-11,1244,Terra,MODIS,100,6.2,291.9,21.2,N,0
-24.7921,147.8949,321.2,1.1,1.1,2014-11-11,1244,Terra,MODIS,100,6.2,291.7,22.3,N,0
-24.7936,147.8834,306.9,1.1,1.1,2014-11-11,1244,Terra,MODIS,64,6.2,290.3,8.4,N,0
-24.7826,147.8931,302.8,1.1,1.1,2014-11-11,1244,Terra,MODIS,26,6.2,290.5,5.2,N,0
-24.7823,147.659,320.4,1.2,1.1,2014-11-11,1244,Terra,MODIS,100,6.2,293.8,21.2,N,0
-24.7809,147.6706,323.6,1.2,1.1,2014-11-11,1244,Terra,MODIS,100,6.2,294.2,25.5,N,0
-21.8469,146.6579,307.1,1.2,1.1,2014-11-11,1244,Terra,MODIS,70,6.2,296.5,7.7,N,0
-24.7024,148.0328,306.2,1.1,1.1,2014-11-11,1244,Terra,MODIS,67,6.2,292.6,7.4,N,0
-22.9615,149.8413,302.3,1,1,2014-11-11,1244,Terra,MODIS,21,6.2,292,3.8,N,0
-22.9511,149.8494,307.1,1,1,2014-11-11,1244,Terra,MODIS,58,6.2,292.6,6.4,N,0
-22.9525,149.8397,313.7,1,1,2014-11-11,1244,Terra,MODIS,88,6.2,292.8,11.1,N,0
-22.9359,149.827,303.1,1,1,2014-11-11,1244,Terra,MODIS,31,6.2,292.1,4.5,N,0
-20.7399,148.4452,303.7,1,1,2014-11-11,1245,Terra,MODIS,56,6.2,289.1,6.2,N,0
-19.5156,142.9183,322.5,2,1.4,2014-11-11,1245,Terra,MODIS,100,6.2,296.9,51.2,N,0
-20.7413,148.4354,307.2,1,1,2014-11-11,1245,Terra,MODIS,71,6.2,289.7,8.5,N,0
-18.7538,137.9331,305.7,4.6,2,2014-11-11,1245,Terra,MODIS,57,6.2,295,34.7,N,0
-18.7549,137.9262,306.1,4.6,2,2014-11-11,1245,Terra,MODIS,58,6.2,294.9,35.7,N,0
-14.922,145.0483,308,1.2,1.1,2014-11-11,1246,Terra,MODIS,73,6.2,293.1,9.6,N,0
-15.5291,145.2327,304.4,1.2,1.1,2014-11-11,1246,Terra,MODIS,60,6.2,294.1,6.3,N,0
-15.5276,145.2442,307.6,1.2,1.1,2014-11-11,1246,Terra,MODIS,72,6.2,294.1,8.9,N,0
-15.2554,144.989,314.9,1.3,1.1,2014-11-11,1246,Terra,MODIS,90,6.2,292.1,17.7,N,0
-17.2253,143.1684,307.9,1.8,1.3,2014-11-11,1246,Terra,MODIS,70,6.2,297,11.4,N,0
-15.1663,145.2044,308.7,1.2,1.1,2014-11-11,1246,Terra,MODIS,75,6.2,293.5,10.2,N,0
-18.1939,138.1862,308.8,4.4,1.9,2014-11-11,1246,Terra,MODIS,72,6.2,295.8,48.4,N,0
-18.1765,138.1844,307.4,4.4,1.9,2014-11-11,1246,Terra,MODIS,64,6.2,295.4,40.7,N,0
-14.8065,142.5544,305.8,1.8,1.3,2014-11-11,1246,Terra,MODIS,61,6.2,295.1,10.7,N,0
-14.8001,142.56,305.3,1.8,1.3,2014-11-11,1246,Terra,MODIS,62,6.2,295,10.7,N,0
-17.1953,143.1591,309.1,1.8,1.3,2014-11-11,1246,Terra,MODIS,47,6.2,296.8,12.3,N,0
-17.2017,143.1655,310.5,1.8,1.3,2014-11-11,1246,Terra,MODIS,37,6.2,297,14.1,N,0
-17.1899,143.164,309.1,1.8,1.3,2014-11-11,1246,Terra,MODIS,51,6.2,296.7,12.3,N,0
-17.1343,142.7037,311,1.9,1.4,2014-11-11,1246,Terra,MODIS,80,6.2,296.7,20,N,0
-17.3245,142.7395,318.8,1.9,1.4,2014-11-11,1246,Terra,MODIS,97,6.2,297,35.1,N,0
-17.3465,142.6934,308.2,1.9,1.4,2014-11-11,1246,Terra,MODIS,70,6.2,296.7,15.5,N,0
-17.3403,142.748,320.8,1.9,1.4,2014-11-11,1246,Terra,MODIS,100,6.2,297.8,41.6,N,0
-17.3367,142.741,321,1.9,1.4,2014-11-11,1246,Terra,MODIS,100,6.2,297.6,41.4,N,0
-17.3224,142.7575,316.8,1.9,1.4,2014-11-11,1246,Terra,MODIS,93,6.2,296.8,30.9,N,0
-17.3346,142.759,309.2,1.9,1.4,2014-11-11,1246,Terra,MODIS,74,6.2,296.8,16.2,N,0
-17.3281,142.7464,327.8,1.9,1.4,2014-11-11,1246,Terra,MODIS,100,6.2,297.8,60.9,N,0
-17.3159,142.7449,312.9,1.9,1.4,2014-11-11,1246,Terra,MODIS,85,6.2,296.6,22.8,N,0
-15.0606,145.0795,302.9,1.2,1.1,2014-11-11,1246,Terra,MODIS,27,6.2,291.4,6.7,N,0
-15.1121,145.0743,310.2,1.2,1.1,2014-11-11,1246,Terra,MODIS,79,6.2,292.3,12.3,N,0
-12.9112,143.449,309.7,1.5,1.2,2014-11-11,1247,Terra,MODIS,78,6.2,294.1,15.1,N,0
-13.9042,143.5504,309.5,1.5,1.2,2014-11-11,1247,Terra,MODIS,77,6.2,294.3,14.9,N,0
-12.5714,143.0688,306.2,1.6,1.2,2014-11-11,1247,Terra,MODIS,67,6.2,293,11.7,N,0
-12.9094,143.4627,307.3,1.5,1.2,2014-11-11,1247,Terra,MODIS,71,6.2,292.6,11.7,N,0
-12.8986,143.4611,310.1,1.5,1.2,2014-11-11,1247,Terra,MODIS,55,6.2,293.3,13.4,N,0
-12.3667,142.8767,304.2,1.6,1.2,2014-11-11,1247,Terra,MODIS,59,6.2,292.9,8.8,N,0
-12.8172,142.3996,306.5,1.8,1.3,2014-11-11,1247,Terra,MODIS,58,6.2,293.5,12.3,N,0
-12.8128,142.4053,305.5,1.8,1.3,2014-11-11,1247,Terra,MODIS,64,6.2,293.4,11.5,N,0
-13.906,143.5365,320.5,1.5,1.2,2014-11-11,1247,Terra,MODIS,100,6.2,294.6,32.1,N,0
-12.9004,143.4475,325.5,1.5,1.2,2014-11-11,1247,Terra,MODIS,100,6.2,293.6,38.7,N,0
-12.3182,142.9004,303,1.6,1.2,2014-11-11,1247,Terra,MODIS,17,6.2,292.4,6.9,N,0
-12.3574,142.8606,310.4,1.6,1.2,2014-11-11,1247,Terra,MODIS,67,6.2,292.9,16,N,0
-12.3555,142.8754,310.1,1.6,1.2,2014-11-11,1247,Terra,MODIS,53,6.2,293.2,15.3,N,0
-12.3313,142.8872,304.2,1.6,1.2,2014-11-11,1247,Terra,MODIS,40,6.2,292.6,8.3,N,0
-29.1459,129.5863,300.6,1.2,1.1,2014-11-11,1421,Terra,MODIS,30,6.2,283.4,6.8,N,0
-19.5496,130.895,335.9,2.1,1.4,2014-11-11,1423,Terra,MODIS,100,6.2,297.4,101.3,N,0
-21.0556,126.4012,308.3,1.1,1,2014-11-11,1423,Terra,MODIS,63,6.2,297.7,6.5,N,0
-19.5457,130.9081,355,2.1,1.4,2014-11-11,1423,Terra,MODIS,100,6.2,299,207.9,N,0
-19.5492,130.8885,308.6,2.1,1.4,2014-11-11,1423,Terra,MODIS,75,6.2,296.5,17.4,N,0
-19.6246,130.9105,332.9,2.1,1.4,2014-11-11,1423,Terra,MODIS,100,6.2,298.6,85.8,N,0
-19.6337,130.9326,319.9,2.1,1.4,2014-11-11,1423,Terra,MODIS,99,6.2,298.2,41.1,N,0
-19.6156,130.8884,307.7,2.1,1.4,2014-11-11,1423,Terra,MODIS,16,6.2,295.5,18.3,N,0
-19.6427,130.9606,327.2,2.1,1.4,2014-11-11,1423,Terra,MODIS,100,6.2,299.2,66.3,N,0
-19.6281,130.8909,332,2.1,1.4,2014-11-11,1423,Terra,MODIS,100,6.2,298.6,83.4,N,0
-19.616,130.894,310.9,2.1,1.4,2014-11-11,1423,Terra,MODIS,23,6.2,296,20.8,N,0
-19.6391,130.9803,343.7,2.1,1.4,2014-11-11,1423,Terra,MODIS,100,6.2,299,138.2,N,0
-19.6338,130.9382,322.3,2.1,1.4,2014-11-11,1423,Terra,MODIS,100,6.2,298.4,50.5,N,0
-19.6249,130.9161,323.2,2.1,1.4,2014-11-11,1423,Terra,MODIS,100,6.2,298,50.3,N,0
-19.6355,131,391.5,2.1,1.4,2014-11-11,1423,Terra,MODIS,100,6.2,300.9,601.4,N,0
-19.6285,130.8966,334.5,2.1,1.4,2014-11-11,1423,Terra,MODIS,100,6.2,298.7,91.4,N,0
-19.6321,130.8771,316.3,2.1,1.4,2014-11-11,1423,Terra,MODIS,49,6.2,296.7,35.4,N,0
-19.6319,131.0199,319.4,2.1,1.4,2014-11-11,1423,Terra,MODIS,98,6.2,296.9,43.1,N,0
-19.6464,130.9408,313.5,2.1,1.4,2014-11-11,1423,Terra,MODIS,87,6.2,298,27.1,N,0
-19.6517,130.9828,322.5,2.1,1.4,2014-11-11,1423,Terra,MODIS,100,6.2,297.3,51.8,N,0
-19.546,130.9146,355.5,2.1,1.4,2014-11-11,1423,Terra,MODIS,100,6.2,298.8,211.7,N,0
-19.6445,131.0225,308.6,2.1,1.4,2014-11-11,1423,Terra,MODIS,75,6.2,296.9,18.2,N,0
-19.6481,131.0026,377.5,2.1,1.4,2014-11-11,1423,Terra,MODIS,100,6.2,302.5,416.5,N,0
-23.2651,127.3198,301.5,1.1,1,2014-11-11,1423,Terra,MODIS,31,6.2,287.1,4.7,N,0
-21.1596,120.2315,310.2,1.5,1.2,2014-11-11,1423,Terra,MODIS,79,6.2,295.9,11.2,N,0
-21.1486,120.23,309.6,1.5,1.2,2014-11-11,1423,Terra,MODIS,78,6.2,296,10.8,N,0
-21.2877,120.5085,308.4,1.5,1.2,2014-11-11,1423,Terra,MODIS,57,6.2,285.2,11.9,N,0
-21.3043,120.5538,307.2,1.5,1.2,2014-11-11,1423,Terra,MODIS,38,6.2,285.4,8.5,N,0
-21.3026,120.5678,326.8,1.4,1.2,2014-11-11,1423,Terra,MODIS,100,6.2,288.7,40.3,N,0
-20.4909,120.4861,307.9,1.4,1.2,2014-11-11,1424,Terra,MODIS,73,6.2,296.9,7.5,N,0
-20.5007,120.4035,310.6,1.4,1.2,2014-11-11,1424,Terra,MODIS,70,6.2,295.3,12.4,N,0
-20.4482,120.4804,308.6,1.4,1.2,2014-11-11,1424,Terra,MODIS,75,6.2,296.7,8.5,N,0
-16.3609,132.6622,303.7,3.3,1.7,2014-11-11,1424,Terra,MODIS,50,6.2,293,25.5,N,0
-18.5992,131.1888,313.1,2.3,1.5,2014-11-11,1424,Terra,MODIS,80,6.2,296.6,28.7,N,0
-18.6148,131.1039,322.2,2.2,1.5,2014-11-11,1424,Terra,MODIS,100,6.2,297.3,54.5,N,0
-20.4163,120.8417,327.9,1.4,1.2,2014-11-11,1424,Terra,MODIS,100,6.2,295.6,35.9,N,0
-18.6186,131.0829,316,2.2,1.4,2014-11-11,1424,Terra,MODIS,92,6.2,296.8,36.3,N,0
-20.4818,120.471,310.9,1.4,1.2,2014-11-11,1424,Terra,MODIS,74,6.2,296.8,10.8,N,0
-18.6123,131.1914,306.9,2.3,1.5,2014-11-11,1424,Terra,MODIS,38,6.2,296.8,14.4,N,0
-20.4105,120.8351,320.7,1.4,1.2,2014-11-11,1424,Terra,MODIS,95,6.2,293.3,25.2,N,0
-18.62,131.1489,315.6,2.3,1.5,2014-11-11,1424,Terra,MODIS,92,6.2,297.5,33.2,N,0
-20.4925,120.4724,312.6,1.4,1.2,2014-11-11,1424,Terra,MODIS,85,6.2,297,13.3,N,0
-16.3264,132.6604,329.1,3.3,1.7,2014-11-11,1424,Terra,MODIS,100,6.2,294,144.9,N,0
-16.3417,132.6635,333.4,3.3,1.7,2014-11-11,1424,Terra,MODIS,100,6.2,294.1,179.8,N,0
-16.3456,132.6591,328.4,3.3,1.7,2014-11-11,1424,Terra,MODIS,100,6.2,294.1,142.9,N,0
-16.3569,132.6666,305.1,3.3,1.7,2014-11-11,1424,Terra,MODIS,63,6.2,293,30.4,N,0
-20.4179,120.8287,322.4,1.4,1.2,2014-11-11,1424,Terra,MODIS,81,6.2,298,26,N,0
-16.3151,132.6527,320.8,3.3,1.7,2014-11-11,1424,Terra,MODIS,100,6.2,293.8,94.6,N,0
-16.2999,132.6496,309.3,3.3,1.7,2014-11-11,1424,Terra,MODIS,76,6.2,293,44.1,N,0
-16.3304,132.656,324.8,3.3,1.7,2014-11-11,1424,Terra,MODIS,100,6.2,293.7,116.2,N,0
-18.6239,131.1276,309.3,2.3,1.5,2014-11-11,1424,Terra,MODIS,50,6.2,297.1,17.7,N,0
-17.6907,135.2852,309.7,4.7,2,2014-11-11,1424,Terra,MODIS,78,6.2,294.2,63.8,N,0
-17.719,135.2408,314.7,4.7,2,2014-11-11,1424,Terra,MODIS,89,6.2,294.8,93.9,N,0
-17.0193,131.1042,314.1,2.4,1.5,2014-11-11,1424,Terra,MODIS,89,6.2,295.4,34.7,N,0
-17.0254,131.0998,311.3,2.4,1.5,2014-11-11,1424,Terra,MODIS,82,6.2,295.3,25.8,N,0
-17.6998,135.2411,308.2,4.7,2,2014-11-11,1424,Terra,MODIS,69,6.2,294.5,51.7,N,0
-17.7102,135.285,311,4.7,2,2014-11-11,1424,Terra,MODIS,61,6.2,294.7,68.9,N,0
-17.7014,135.2366,307,4.7,2,2014-11-11,1424,Terra,MODIS,69,6.2,294.5,46.8,N,0
-17.7175,135.2453,318,4.7,2,2014-11-11,1424,Terra,MODIS,96,6.2,295,117.7,N,0
-17.6925,135.2807,312.6,4.7,2,2014-11-11,1424,Terra,MODIS,85,6.2,294.3,86.4,N,0
-16.2679,130.2362,310.6,2.2,1.4,2014-11-11,1424,Terra,MODIS,80,6.2,284.9,29.8,N,0
-19.8917,124.6933,318.2,1,1,2014-11-11,1424,Terra,MODIS,96,6.2,298.6,14.1,N,0
-19.8931,124.6838,317.6,1,1,2014-11-11,1424,Terra,MODIS,95,6.2,298.9,13.5,N,0
-17.7084,135.2894,309.3,4.7,2,2014-11-11,1424,Terra,MODIS,13,6.2,294.6,54.4,N,0
-17.7528,135.2536,307.1,4.7,2,2014-11-11,1424,Terra,MODIS,25,6.2,295.2,41.7,N,0
-17.7508,135.2605,306.7,4.7,2,2014-11-11,1424,Terra,MODIS,50,6.2,295.3,40.3,N,0
-18.3255,129.3598,308,1.7,1.3,2014-11-11,1424,Terra,MODIS,41,6.2,297.3,10.5,N,0
-15.8861,130.0122,325.5,2.1,1.4,2014-11-11,1424,Terra,MODIS,100,6.2,290.4,64.9,N,0
-15.8827,130.0317,332.2,2.1,1.4,2014-11-11,1424,Terra,MODIS,100,6.2,290.7,89.3,N,0
-20.4354,124.1645,305.4,1,1,2014-11-11,1424,Terra,MODIS,22,6.2,294,5.1,N,0
-18.3849,129.345,323.8,1.7,1.3,2014-11-11,1424,Terra,MODIS,83,6.2,295.1,43.5,N,0
-17.8782,124.0496,320.8,1,1,2014-11-11,1424,Terra,MODIS,100,6.2,300.1,13.4,N,0
-17.8795,124.0402,311.8,1,1,2014-11-11,1424,Terra,MODIS,16,6.2,299.6,5.9,N,0
-17.8687,124.0514,320.8,1,1,2014-11-11,1424,Terra,MODIS,88,6.2,299.8,12.9,N,0
-17.8713,124.0326,313.9,1,1,2014-11-11,1424,Terra,MODIS,62,6.2,299.3,7.7,N,0
-17.8673,124.0608,337.4,1,1,2014-11-11,1424,Terra,MODIS,100,6.2,300.6,33.8,N,0
-17.8583,124.0594,311.9,1,1,2014-11-11,1424,Terra,MODIS,26,6.2,299,5.7,N,0
-17.7785,125.8567,315.5,1.1,1,2014-11-11,1424,Terra,MODIS,90,6.2,300.6,10.4,N,0
-17.8265,123.7661,310.4,1,1,2014-11-11,1424,Terra,MODIS,80,6.2,298.7,5.1,N,0
-17.2445,126.149,309.9,1.1,1.1,2014-11-11,1424,Terra,MODIS,79,6.2,298.4,6.9,N,0
-17.2461,126.1384,309,1.1,1.1,2014-11-11,1424,Terra,MODIS,76,6.2,298.3,6,N,0
-17.235,126.1473,311.7,1.1,1.1,2014-11-11,1424,Terra,MODIS,72,6.2,298.2,8.1,N,0
-17.8314,124.0551,309.2,1,1,2014-11-11,1424,Terra,MODIS,33,6.2,298.6,4.1,N,0
-17.8845,124.0698,311.3,1,1,2014-11-11,1424,Terra,MODIS,65,6.2,299.5,6.2,N,0
-17.8859,124.0604,317.3,1,1,2014-11-11,1424,Terra,MODIS,95,6.2,299.9,11.1,N,0
-17.8755,124.0684,335.9,1,1,2014-11-11,1424,Terra,MODIS,100,6.2,300.5,32,N,0
-17.8769,124.059,351.3,1,1,2014-11-11,1424,Terra,MODIS,100,6.2,302.2,59.7,N,0
-15.6306,127.416,303.9,1.4,1.2,2014-11-11,1425,Terra,MODIS,54,6.2,289.1,5.7,N,0
-15.3741,124.8752,311.7,1.1,1,2014-11-11,1425,Terra,MODIS,83,6.2,295.8,7.4,N,0
-15.3726,124.8848,319.3,1.1,1,2014-11-11,1425,Terra,MODIS,98,6.2,295.9,14.4,N,0
-14.5926,125.5523,310.4,1.1,1.1,2014-11-11,1425,Terra,MODIS,68,6.2,290.4,8.9,N,0
-12.5684,143.0671,306.9,1,1,2014-11-11,1550,Aqua,MODIS,70,6.2,291.5,7.5,N,0
-12.8075,142.4142,304.6,1.1,1,2014-11-11,1550,Aqua,MODIS,61,6.2,290.9,7,N,0
-12.3549,142.8764,310.6,1.1,1,2014-11-11,1550,Aqua,MODIS,64,6.2,293,9.1,N,0
-12.3534,142.8667,309.6,1.1,1,2014-11-11,1550,Aqua,MODIS,60,6.2,291.8,8.6,N,0
-12.3128,142.8987,303.3,1.1,1,2014-11-11,1550,Aqua,MODIS,35,6.2,293.1,4,N,0
-15.2544,144.9924,309.5,1,1,2014-11-11,1551,Aqua,MODIS,77,6.2,293,9.1,N,0
-14.9133,145.0481,303.4,1,1,2014-11-11,1551,Aqua,MODIS,8,6.2,293,4,N,0
-14.9238,145.0563,305.2,1,1,2014-11-11,1551,Aqua,MODIS,19,6.2,293.1,5,N,0
-14.9147,145.0578,304.8,1,1,2014-11-11,1551,Aqua,MODIS,15,6.2,293.3,4.8,N,0
-15.0554,145.0834,310.5,1,1,2014-11-11,1551,Aqua,MODIS,80,6.2,293.5,9.9,N,0
-15.0541,145.0739,331.6,1,1,2014-11-11,1551,Aqua,MODIS,100,6.2,294.6,32.1,N,0
-14.7368,144.6551,308.5,1,1,2014-11-11,1551,Aqua,MODIS,49,6.2,294.2,6.8,N,0
-15.0643,145.0136,306.3,1,1,2014-11-11,1551,Aqua,MODIS,10,6.2,293.6,6,N,0
-14.1785,141.7856,309.7,1.1,1.1,2014-11-11,1551,Aqua,MODIS,78,6.2,293.6,10.1,N,0
-15.0243,145.0547,305.1,1,1,2014-11-11,1551,Aqua,MODIS,63,6.2,293.6,5.7,N,0
-14.1769,141.7752,327.9,1.1,1.1,2014-11-11,1551,Aqua,MODIS,100,6.2,294.6,30.7,N,0
-15.0656,145.0232,311.2,1,1,2014-11-11,1551,Aqua,MODIS,78,6.2,294,9.7,N,0
-15.0683,145.0424,311,1,1,2014-11-11,1551,Aqua,MODIS,77,6.2,294,9.7,N,0
-14.169,141.7872,303.9,1.1,1.1,2014-11-11,1551,Aqua,MODIS,45,6.2,293.6,5.4,N,0
-14.1674,141.7767,317.1,1.1,1.1,2014-11-11,1551,Aqua,MODIS,94,6.2,294.5,17.2,N,0
-13.9034,143.5502,301.1,1,1,2014-11-11,1551,Aqua,MODIS,10,6.2,288.8,3.2,N,0
-17.0642,143.0762,309.4,1,1,2014-11-11,1551,Aqua,MODIS,76,6.2,295.4,7.4,N,0
-15.1644,145.2093,309.8,1.1,1,2014-11-11,1551,Aqua,MODIS,78,6.2,294.1,9.1,N,0
-14.0386,141.5995,303.1,1.2,1.1,2014-11-11,1551,Aqua,MODIS,53,6.2,292.7,5.7,N,0
-13.4011,143.278,303.1,1,1,2014-11-11,1551,Aqua,MODIS,53,6.2,285.7,6.1,N,0
-17.1365,142.6934,310.2,1,1,2014-11-11,1552,Aqua,MODIS,78,6.2,296.8,7.3,N,0
-17.19,143.1751,306.3,1,1,2014-11-11,1552,Aqua,MODIS,17,6.2,295.5,4.5,N,0
-19.5182,142.9223,317.1,1,1,2014-11-11,1552,Aqua,MODIS,94,6.2,296.8,14.2,N,0
-18.1758,138.2096,307.6,1.6,1.3,2014-11-11,1552,Aqua,MODIS,55,6.2,296.8,10.9,N,0
-18.1844,138.1922,306.6,1.6,1.3,2014-11-11,1552,Aqua,MODIS,62,6.2,295.8,10.1,N,0
-17.199,143.1737,308.1,1,1,2014-11-11,1552,Aqua,MODIS,46,6.2,295.8,5.6,N,0
-17.3425,142.7156,307.5,1,1,2014-11-11,1552,Aqua,MODIS,44,6.2,296.6,5,N,0
-17.3515,142.7142,307.7,1,1,2014-11-11,1552,Aqua,MODIS,45,6.2,296.7,5.2,N,0
-18.1999,139.0186,309.9,1.4,1.2,2014-11-11,1552,Aqua,MODIS,72,6.2,292.2,13.4,N,0
-18.2105,139.0166,308.3,1.4,1.2,2014-11-11,1552,Aqua,MODIS,41,6.2,293.1,10.8,N,0
-18.2128,139.03,317.3,1.4,1.2,2014-11-11,1552,Aqua,MODIS,95,6.2,294.8,22.8,N,0
-18.7426,137.9479,314.8,1.6,1.3,2014-11-11,1552,Aqua,MODIS,89,6.2,296.4,21.6,N,0
-18.1017,143.6863,310.4,1,1,2014-11-11,1552,Aqua,MODIS,80,6.2,295,8.4,N,0
-18.1003,143.6769,308.8,1,1,2014-11-11,1552,Aqua,MODIS,76,6.2,295.3,7.4,N,0
-21.7014,141.1511,310.4,1,1,2014-11-11,1553,Aqua,MODIS,80,6.2,296.1,8,N,0
-20.7287,139.483,305.9,1.2,1.1,2014-11-11,1553,Aqua,MODIS,55,6.2,295.6,6.4,N,0
-21.6999,141.1412,312.3,1,1,2014-11-11,1553,Aqua,MODIS,84,6.2,296.3,9.4,N,0
-21.6908,141.1428,305.8,1,1,2014-11-11,1553,Aqua,MODIS,49,6.2,295.5,4.5,N,0
-24.6874,145.0837,301.5,1.3,1.1,2014-11-11,1553,Aqua,MODIS,42,6.2,291.3,5.9,N,0
-24.8622,147.9521,308.1,2,1.4,2014-11-11,1553,Aqua,MODIS,31,6.2,288.3,21.7,N,0
-24.86,147.9311,311.3,2,1.4,2014-11-11,1553,Aqua,MODIS,72,6.2,287.9,28.8,N,0
-24.915,148.7388,308.4,2.3,1.5,2014-11-11,1553,Aqua,MODIS,44,6.2,291.1,24.5,N,0
-24.8772,148.7277,303.7,2.3,1.5,2014-11-11,1553,Aqua,MODIS,26,6.2,290.9,15.5,N,0
-24.8187,148.0201,309.9,2,1.4,2014-11-11,1553,Aqua,MODIS,57,6.2,287.3,25.1,N,0
-24.9369,148.6907,317.3,2.2,1.5,2014-11-11,1553,Aqua,MODIS,60,6.2,290.8,44.6,N,0
-24.9522,148.711,307.8,2.3,1.5,2014-11-11,1553,Aqua,MODIS,32,6.2,291.3,23.2,N,0
-15.6237,127.3403,308.3,3,1.6,2014-11-11,1730,Aqua,MODIS,74,6.2,280.4,40.9,N,0
-15.6267,127.3684,305.4,3,1.7,2014-11-11,1730,Aqua,MODIS,64,6.2,280.5,31.4,N,0
-15.6101,127.3495,308.6,3,1.6,2014-11-11,1730,Aqua,MODIS,23,6.2,280,39,N,0
-15.6088,127.342,303.9,3,1.6,2014-11-11,1730,Aqua,MODIS,26,6.2,280.1,26.3,N,0
-17.8784,124.0711,308.9,1.8,1.3,2014-11-11,1730,Aqua,MODIS,69,6.2,296.6,14.3,N,0
-17.8804,124.0883,338,1.8,1.3,2014-11-11,1730,Aqua,MODIS,100,6.2,297.8,91.1,N,0
-17.8426,124.0755,307.6,1.8,1.3,2014-11-11,1730,Aqua,MODIS,56,6.2,296,11.3,N,0
-20.4365,124.1747,327.5,2,1.4,2014-11-11,1731,Aqua,MODIS,100,6.2,296.5,68,N,0
-19.5727,129.2883,319.5,4.7,2,2014-11-11,1731,Aqua,MODIS,99,6.2,295,147.9,N,0
-19.5907,129.2866,315.6,4.7,2,2014-11-11,1731,Aqua,MODIS,92,6.2,294.8,113.4,N,0
-19.5702,129.2803,324.1,4.7,2,2014-11-11,1731,Aqua,MODIS,100,6.2,295.5,192.2,N,0
-19.5881,129.2785,328.3,4.7,2,2014-11-11,1731,Aqua,MODIS,100,6.2,296,236,N,0
-19.5686,129.2427,340.2,4.7,2,2014-11-11,1731,Aqua,MODIS,100,6.2,296.6,394.6,N,0
-19.5865,129.2409,335.6,4.7,2,2014-11-11,1731,Aqua,MODIS,100,6.2,296.7,326.8,N,0
-19.5664,129.2348,327.7,4.7,2,2014-11-11,1731,Aqua,MODIS,100,6.2,295.8,228.9,N,0
-19.5843,129.2329,333.8,4.7,2,2014-11-11,1731,Aqua,MODIS,100,6.2,296.5,301.7,N,0
-21.2483,120.5058,317.4,1.2,1.1,2014-11-11,1731,Aqua,MODIS,80,6.2,293.4,16.4,N,0
-20.4904,120.4865,311.2,1.2,1.1,2014-11-11,1731,Aqua,MODIS,82,6.2,296.9,8.8,N,0
-21.2271,120.5145,323.5,1.2,1.1,2014-11-11,1731,Aqua,MODIS,100,6.2,294.2,23.8,N,0
-21.2256,120.5031,325.1,1.2,1.1,2014-11-11,1731,Aqua,MODIS,100,6.2,294.6,26.6,N,0
-21.2173,120.5159,327.8,1.2,1.1,2014-11-11,1731,Aqua,MODIS,100,6.2,296.6,30.9,N,0
-21.2159,120.5045,316.9,1.2,1.1,2014-11-11,1731,Aqua,MODIS,91,6.2,294.8,16.4,N,0
-20.4956,120.4516,309.9,1.2,1.1,2014-11-11,1731,Aqua,MODIS,79,6.2,296.4,7.9,N,0
-21.2278,120.5963,306.6,1.2,1.1,2014-11-11,1731,Aqua,MODIS,10,6.2,293.3,9.9,N,0
-21.1513,120.2384,307.5,1.2,1.1,2014-11-11,1731,Aqua,MODIS,71,6.2,294.4,7.8,N,0
-20.4792,120.4767,314,1.2,1.1,2014-11-11,1731,Aqua,MODIS,88,6.2,297.1,11.4,N,0
-20.4874,120.4642,317.4,1.2,1.1,2014-11-11,1731,Aqua,MODIS,95,6.2,296.7,14.7,N,0
-20.4889,120.4753,329.3,1.2,1.1,2014-11-11,1731,Aqua,MODIS,100,6.2,297.8,30.5,N,0
-21.2263,120.5848,309.3,1.2,1.1,2014-11-11,1731,Aqua,MODIS,52,6.2,293.8,11.5,N,0
-21.2776,120.5014,315.1,1.2,1.1,2014-11-11,1731,Aqua,MODIS,66,6.2,293.6,14.2,N,0
-21.2354,120.5017,339.2,1.2,1.1,2014-11-11,1731,Aqua,MODIS,100,6.2,296.7,51.4,N,0
-40.8647,144.9399,308.2,2.4,1.5,2014-11-11,2345,Terra,MODIS,67,6.2,289.7,30.5,D,0
-40.9295,144.9969,306.4,2.3,1.5,2014-11-11,2345,Terra,MODIS,63,6.2,290,24.1,D,0
-40.871,144.93,310.2,2.4,1.5,2014-11-11,2345,Terra,MODIS,70,6.2,290.1,32.8,D,0
-41.4035,148.0896,307.6,1.5,1.2,2014-11-11,2345,Terra,MODIS,66,6.2,285.3,16.2,D,0
-12.3623,142.856,319.7,2,1.4,2014-11-12,0115,Terra,MODIS,67,6.2,291.4,26.5,D,0
-11.9813,135.6963,364.9,1,1,2014-11-12,0115,Terra,MODIS,100,6.2,309.7,90.7,D,0
-12.0961,136.3356,336.6,1,1,2014-11-12,0115,Terra,MODIS,82,6.2,312.5,18.9,D,0
-11.9842,135.7152,330.1,1,1,2014-11-12,0115,Terra,MODIS,55,6.2,308.5,13.6,D,0
-11.9933,135.7138,327.7,1,1,2014-11-12,0115,Terra,MODIS,36,6.2,307.9,14.2,D,0
-11.9088,142.2119,319.2,1.8,1.3,2014-11-12,0115,Terra,MODIS,58,6.2,289.5,22.4,D,0
-12.0561,142.3708,320.3,1.8,1.3,2014-11-12,0115,Terra,MODIS,38,6.2,290.6,27.2,D,0
-11.9828,135.7057,343,1,1,2014-11-12,0115,Terra,MODIS,92,6.2,309.3,35.4,D,0
-12.3513,135.9504,343.6,1,1,2014-11-12,0115,Terra,MODIS,88,6.2,312,28.6,D,0
-11.9137,142.2171,323.2,1.8,1.3,2014-11-12,0115,Terra,MODIS,76,6.2,290.4,33.3,D,0
-12.391,132.8724,332.5,1.4,1.2,2014-11-12,0115,Terra,MODIS,72,6.2,312.1,22,D,0
-12.354,142.87,330.2,2,1.4,2014-11-12,0115,Terra,MODIS,82,6.2,294,58.4,D,0
-12.3522,142.8758,330.2,2,1.4,2014-11-12,0115,Terra,MODIS,83,6.2,293.7,61.3,D,0
-12.7265,136.4868,333,1,1,2014-11-12,0115,Terra,MODIS,50,6.2,311.9,14.6,D,0
-13.9886,141.5753,342.4,1.7,1.3,2014-11-12,0115,Terra,MODIS,73,6.2,309.4,67.2,D,0
-14.0626,141.6245,347.2,1.7,1.3,2014-11-12,0115,Terra,MODIS,92,6.2,307.8,86.4,D,0
-12.5724,135.0507,332.3,1.1,1,2014-11-12,0115,Terra,MODIS,51,6.2,304.6,20.1,D,0
-12.5739,135.0606,346.8,1.1,1,2014-11-12,0115,Terra,MODIS,90,6.2,307,45.9,D,0
-13.975,141.5611,368.9,1.7,1.3,2014-11-12,0115,Terra,MODIS,100,6.2,301,216.7,D,0
-13.977,141.5768,370.7,1.7,1.3,2014-11-12,0115,Terra,MODIS,94,6.2,306.9,223.5,D,0
-14.0087,141.735,326.2,1.8,1.3,2014-11-12,0115,Terra,MODIS,38,6.2,306.8,16.4,D,0
-12.3229,131.6053,326.4,1.8,1.3,2014-11-12,0115,Terra,MODIS,31,6.2,303.8,24,D,0
-13.9731,141.5454,323.5,1.7,1.3,2014-11-12,0115,Terra,MODIS,29,6.2,301,20.5,D,0
-14.0509,141.6259,340.2,1.7,1.3,2014-11-12,0115,Terra,MODIS,76,6.2,310,52.4,D,0
-12.8165,142.416,327.5,1.9,1.3,2014-11-12,0115,Terra,MODIS,33,6.2,304.9,24.2,D,0
-14.0426,141.8135,328.8,1.8,1.3,2014-11-12,0115,Terra,MODIS,74,6.2,307.3,30.3,D,0
-12.5838,141.839,364,1.7,1.3,2014-11-12,0115,Terra,MODIS,0,6.2,305.4,179.5,D,0
-14.0328,141.8315,328.4,1.8,1.3,2014-11-12,0115,Terra,MODIS,56,6.2,306.3,27.4,D,0
-12.9232,136.138,334.8,1,1,2014-11-12,0115,Terra,MODIS,64,6.2,309.9,19.6,D,0
-12.5722,141.8405,360,1.7,1.3,2014-11-12,0115,Terra,MODIS,94,6.2,308.3,160.2,D,0
-12.4602,136.6768,350,1,1,2014-11-12,0115,Terra,MODIS,93,6.2,311.6,42.4,D,0
-14.0397,141.6983,333.6,1.8,1.3,2014-11-12,0115,Terra,MODIS,74,6.2,307.8,37.1,D,0
-12.4615,136.6859,382.5,1,1,2014-11-12,0115,Terra,MODIS,100,6.2,313.9,143.6,D,0
-13.8848,141.8569,326.9,1.8,1.3,2014-11-12,0115,Terra,MODIS,46,6.2,306.4,23,D,0
-13.9161,141.8196,332.1,1.8,1.3,2014-11-12,0115,Terra,MODIS,79,6.2,307.8,36,D,0
-14.0225,141.7498,330.6,1.8,1.3,2014-11-12,0115,Terra,MODIS,66,6.2,308.2,32,D,0
-14.0108,141.7512,330.3,1.8,1.3,2014-11-12,0115,Terra,MODIS,69,6.2,307,30.7,D,0
-14.0342,141.7482,328.3,1.8,1.3,2014-11-12,0115,Terra,MODIS,62,6.2,306.4,27.1,D,0
-14.0374,141.7092,327.4,1.8,1.3,2014-11-12,0115,Terra,MODIS,49,6.2,308.2,22.3,D,0
-14.0322,141.7321,327.1,1.8,1.3,2014-11-12,0115,Terra,MODIS,45,6.2,308,22.5,D,0
-13.0564,136.29,337.2,1,1,2014-11-12,0115,Terra,MODIS,12,6.2,308.2,22.1,D,0
-12.0947,136.3264,338.9,1,1,2014-11-12,0115,Terra,MODIS,79,6.2,312.7,23,D,0
-12.4808,136.6923,335.5,1,1,2014-11-12,0115,Terra,MODIS,49,6.2,310.8,16.3,D,0
-13.0668,136.2978,340.5,1,1,2014-11-12,0115,Terra,MODIS,70,6.2,309.4,23.2,D,0
-12.4705,136.6845,340.6,1,1,2014-11-12,0115,Terra,MODIS,86,6.2,313.2,23.7,D,0
-14.049,141.61,340.3,1.7,1.3,2014-11-12,0115,Terra,MODIS,73,6.2,306.3,53.3,D,0
-14.0543,141.8121,328.8,1.8,1.3,2014-11-12,0115,Terra,MODIS,71,6.2,307.5,29.2,D,0
-14.0492,141.807,330.9,1.8,1.3,2014-11-12,0115,Terra,MODIS,74,6.2,306.6,34.2,D,0
-14.3668,134.6716,337,1.1,1,2014-11-12,0116,Terra,MODIS,53,6.2,315.6,17.7,D,0
-14.2435,136.7209,341.1,1,1,2014-11-12,0116,Terra,MODIS,78,6.2,312,23.5,D,0
-16.9619,137.2066,344.4,1.1,1,2014-11-12,0116,Terra,MODIS,87,6.2,314,31.4,D,0
-17.0135,137.2392,332.4,1.1,1,2014-11-12,0116,Terra,MODIS,50,6.2,313.4,10,D,0
-14.5222,134.1777,341.4,1.1,1.1,2014-11-12,0116,Terra,MODIS,82,6.2,316.9,19,D,0
-14.2664,136.8779,337.6,1,1,2014-11-12,0116,Terra,MODIS,82,6.2,310.1,18.8,D,0
-17.1274,142.6787,330.5,2.3,1.5,2014-11-12,0116,Terra,MODIS,55,6.2,313.4,31.1,D,0
-17.1407,142.6771,334.6,2.3,1.5,2014-11-12,0116,Terra,MODIS,68,6.2,314.2,48.8,D,0
-14.7552,141.9658,332.4,1.9,1.3,2014-11-12,0116,Terra,MODIS,77,6.2,308.6,35.8,D,0
-14.2454,135.3137,351.4,1,1,2014-11-12,0116,Terra,MODIS,93,6.2,316.4,43.7,D,0
-14.2754,136.8766,378.3,1,1,2014-11-12,0116,Terra,MODIS,94,6.2,310.9,126.2,D,0
-16.9336,143.0103,333.6,2.4,1.5,2014-11-12,0116,Terra,MODIS,65,6.2,311.2,53.4,D,0
-14.2468,135.3232,339.6,1,1,2014-11-12,0116,Terra,MODIS,77,6.2,313.6,20.9,D,0
-14.2545,135.3123,350.2,1,1,2014-11-12,0116,Terra,MODIS,92,6.2,312.8,41.7,D,0
-14.5206,134.1674,356.7,1.1,1.1,2014-11-12,0116,Terra,MODIS,97,6.2,317.6,56.3,D,0
-14.3653,134.6617,346.3,1.1,1,2014-11-12,0116,Terra,MODIS,88,6.2,316.1,37.6,D,0
-14.1854,141.7832,327.1,1.8,1.3,2014-11-12,0116,Terra,MODIS,60,6.2,307.9,17.2,D,0
-14.1834,141.7667,348,1.8,1.3,2014-11-12,0116,Terra,MODIS,93,6.2,306.3,95.1,D,0
-14.2448,136.7301,357.4,1,1,2014-11-12,0116,Terra,MODIS,85,6.2,312,58.7,D,0
-16.8558,137.5588,336.3,1.1,1,2014-11-12,0116,Terra,MODIS,61,6.2,314.3,16.5,D,0
-16.8572,137.5688,353.2,1.1,1,2014-11-12,0116,Terra,MODIS,95,6.2,314.5,53.7,D,0
-16.8651,137.5574,344.2,1.1,1,2014-11-12,0116,Terra,MODIS,87,6.2,310.6,32.5,D,0
-16.8665,137.5675,357.8,1.1,1,2014-11-12,0116,Terra,MODIS,98,6.2,310.9,67.3,D,0
-16.833,137.5315,337.3,1.1,1,2014-11-12,0116,Terra,MODIS,78,6.2,312.7,20.2,D,0
-16.8344,137.5415,340.2,1.1,1,2014-11-12,0116,Terra,MODIS,82,6.2,314.9,24.6,D,0
-17.1382,142.6557,332.1,2.3,1.5,2014-11-12,0116,Terra,MODIS,54,6.2,310,39.5,D,0
-14.2408,136.8912,334.1,1,1,2014-11-12,0116,Terra,MODIS,82,6.2,308,15.2,D,0
-15.0512,145.0597,319.5,3.3,1.7,2014-11-12,0116,Terra,MODIS,32,6.2,292,59.3,D,0
-14.3746,134.6602,353.8,1.1,1,2014-11-12,0116,Terra,MODIS,95,6.2,315.3,56,D,0
-16.3689,132.6475,353.4,1.3,1.1,2014-11-12,0116,Terra,MODIS,95,6.2,314.1,68.2,D,0
-16.3708,132.6594,397.7,1.3,1.1,2014-11-12,0116,Terra,MODIS,100,6.2,319.2,310.8,D,0
-16.3727,132.6712,343.9,1.3,1.1,2014-11-12,0116,Terra,MODIS,87,6.2,313,40.5,D,0
-16.377,132.6339,344.4,1.3,1.1,2014-11-12,0116,Terra,MODIS,84,6.2,310.7,46.4,D,0
-16.3789,132.6458,351.4,1.3,1.1,2014-11-12,0116,Terra,MODIS,94,6.2,312.6,65.4,D,0
-16.3808,132.6576,417.3,1.3,1.1,2014-11-12,0116,Terra,MODIS,100,6.2,322.2,505.8,D,0
-16.3828,132.6695,361.4,1.3,1.1,2014-11-12,0116,Terra,MODIS,100,6.2,314,97.2,D,0
-16.387,132.6321,385.9,1.3,1.1,2014-11-12,0116,Terra,MODIS,100,6.2,312.1,234.3,D,0
-16.389,132.644,379.1,1.3,1.1,2014-11-12,0116,Terra,MODIS,100,6.2,314.5,192.4,D,0
-16.3909,132.6559,421.5,1.3,1.1,2014-11-12,0116,Terra,MODIS,100,6.2,317.6,557.5,D,0
-16.3928,132.6677,370.9,1.3,1.1,2014-11-12,0116,Terra,MODIS,100,6.2,312.9,141.2,D,0
-16.3971,132.6304,377.5,1.3,1.1,2014-11-12,0116,Terra,MODIS,100,6.2,305.9,184.1,D,0
-16.399,132.6423,411,1.3,1.1,2014-11-12,0116,Terra,MODIS,100,6.2,313.3,444.4,D,0
-16.401,132.6542,333.8,1.3,1.1,2014-11-12,0116,Terra,MODIS,73,6.2,308.3,23.2,D,0
-14.7752,142.5566,347.7,2.1,1.4,2014-11-12,0116,Terra,MODIS,92,6.2,310.6,110.3,D,0
-16.8801,136.3112,341.4,1,1,2014-11-12,0116,Terra,MODIS,83,6.2,316.4,21,D,0
-16.8878,136.3005,346.2,1,1,2014-11-12,0116,Terra,MODIS,88,6.2,317,29.8,D,0
-16.8892,136.3098,376.5,1,1,2014-11-12,0116,Terra,MODIS,100,6.2,321.5,116.8,D,0
-16.8905,136.3192,334.4,1,1,2014-11-12,0116,Terra,MODIS,62,6.2,317.4,12.2,D,0
-16.8971,136.3021,379.2,1,1,2014-11-12,0116,Terra,MODIS,100,6.2,316.1,131,D,0
-16.8984,136.3115,401.6,1,1,2014-11-12,0116,Terra,MODIS,100,6.2,322.6,244.4,D,0
-16.8998,136.3208,339.4,1,1,2014-11-12,0116,Terra,MODIS,79,6.2,316,21.9,D,0
-16.8553,136.2671,342.5,1,1,2014-11-12,0116,Terra,MODIS,84,6.2,316.5,23.1,D,0
-16.8567,136.2765,335.6,1,1,2014-11-12,0116,Terra,MODIS,42,6.2,316.3,11.2,D,0
-16.8698,136.3032,336.2,1,1,2014-11-12,0116,Terra,MODIS,63,6.2,315.6,12.7,D,0
-14.2952,135.2803,370,1,1,2014-11-12,0116,Terra,MODIS,100,6.2,314.5,98.8,D,0
-14.7748,142.5633,352.5,2.1,1.4,2014-11-12,0116,Terra,MODIS,95,6.2,310,144.8,D,0
-14.2938,135.2708,392,1,1,2014-11-12,0116,Terra,MODIS,100,6.2,316.6,195.8,D,0
-14.4299,134.7725,334.9,1.1,1,2014-11-12,0116,Terra,MODIS,66,6.2,312.4,15.9,D,0
-14.2396,134.7955,349.9,1.1,1,2014-11-12,0116,Terra,MODIS,92,6.2,316.9,41.6,D,0
-14.1598,141.7697,348,1.8,1.3,2014-11-12,0116,Terra,MODIS,93,6.2,305.2,101.3,D,0
-14.1716,141.7682,338.1,1.8,1.3,2014-11-12,0116,Terra,MODIS,80,6.2,307.1,57.2,D,0
-15.8734,129.4486,326.3,2.2,1.4,2014-11-12,0116,Terra,MODIS,52,6.2,303.9,30.4,D,0
-15.8719,129.4427,324.6,2.2,1.4,2014-11-12,0116,Terra,MODIS,51,6.2,304.1,23.3,D,0
-13.4894,134.5253,334.4,1.1,1.1,2014-11-12,0116,Terra,MODIS,59,6.2,312.5,15.1,D,0
-17.13,143.1384,335.7,2.5,1.5,2014-11-12,0116,Terra,MODIS,67,6.2,313.3,58.8,D,0
-14.2861,135.2818,333.4,1,1,2014-11-12,0116,Terra,MODIS,42,6.2,312.8,11.4,D,0
-17.1501,142.6694,330.2,2.3,1.5,2014-11-12,0116,Terra,MODIS,22,6.2,312.1,29.6,D,0
-14.2671,134.8512,344.1,1.1,1,2014-11-12,0116,Terra,MODIS,74,6.2,316.6,27.4,D,0
-14.7774,142.5759,333.3,2.1,1.4,2014-11-12,0116,Terra,MODIS,53,6.2,308.3,43.3,D,0
-14.2822,134.8423,335.5,1.1,1,2014-11-12,0116,Terra,MODIS,54,6.2,316.5,14.5,D,0
-14.4314,134.7823,350.4,1.1,1,2014-11-12,0116,Terra,MODIS,92,6.2,314.6,45.9,D,0
-14.373,134.6503,349.5,1.1,1,2014-11-12,0116,Terra,MODIS,91,6.2,311.4,47.1,D,0
-14.2768,136.8858,345.3,1,1,2014-11-12,0116,Terra,MODIS,88,6.2,307.6,32.1,D,0
-17.7379,142.4548,334.4,2.3,1.5,2014-11-12,0116,Terra,MODIS,78,6.2,315.1,44.2,D,0
-14.4634,134.1129,337,1.1,1.1,2014-11-12,0116,Terra,MODIS,64,6.2,317.3,14.3,D,0
-14.2837,134.8521,341,1.1,1,2014-11-12,0116,Terra,MODIS,81,6.2,316.5,25.3,D,0
-14.4522,134.1039,337.2,1.1,1.1,2014-11-12,0116,Terra,MODIS,58,6.2,315.4,14.7,D,0
-17.3639,142.72,332.1,2.3,1.5,2014-11-12,0116,Terra,MODIS,70,6.2,308.8,50.3,D,0
-14.4207,134.774,380.9,1.1,1,2014-11-12,0116,Terra,MODIS,100,6.2,315.5,148.5,D,0
-14.4052,134.7966,336.6,1.1,1,2014-11-12,0116,Terra,MODIS,73,6.2,316,16.2,D,0
-14.4237,134.7936,335.9,1.1,1,2014-11-12,0116,Terra,MODIS,72,6.2,314.2,15.6,D,0
-14.4222,134.7838,377,1.1,1,2014-11-12,0116,Terra,MODIS,100,6.2,319.2,130.5,D,0
-14.3623,134.8095,334.4,1.1,1,2014-11-12,0116,Terra,MODIS,41,6.2,316.3,10.2,D,0
-14.2412,134.8053,335.6,1.1,1,2014-11-12,0116,Terra,MODIS,71,6.2,316.2,14,D,0
-14.2549,134.8331,331.9,1.1,1,2014-11-12,0116,Terra,MODIS,28,6.2,314.6,8.5,D,0
-14.3698,134.8122,334.7,1.1,1,2014-11-12,0116,Terra,MODIS,54,6.2,317,9.8,D,0
-15.5536,129.8764,327.6,2.1,1.4,2014-11-12,0116,Terra,MODIS,46,6.2,299.5,30.4,D,0
-15.1485,127.7064,338.1,3,1.7,2014-11-12,0116,Terra,MODIS,85,6.2,300.7,121.9,D,0
-15.9659,130.4467,332,1.8,1.3,2014-11-12,0116,Terra,MODIS,74,6.2,305.2,37.7,D,0
-15.8862,129.4461,327.4,2.2,1.4,2014-11-12,0116,Terra,MODIS,66,6.2,302.9,31.1,D,0
-15.8847,129.4403,326.7,2.2,1.4,2014-11-12,0116,Terra,MODIS,62,6.2,303.4,29.1,D,0
-14.0261,134.1403,381,1.1,1.1,2014-11-12,0116,Terra,MODIS,100,6.2,317.9,158.8,D,0
-14.0876,134.8823,341.7,1.1,1,2014-11-12,0116,Terra,MODIS,82,6.2,314.5,22.4,D,0
-13.2293,132.3346,345.7,1.5,1.2,2014-11-12,0116,Terra,MODIS,90,6.2,307.1,64.4,D,0
-13.8544,134.1592,342.8,1.1,1.1,2014-11-12,0116,Terra,MODIS,82,6.2,315.6,24,D,0
-14.1058,134.8328,332.4,1.1,1,2014-11-12,0116,Terra,MODIS,42,6.2,313,9.5,D,0
-13.8561,134.1697,338.6,1.1,1.1,2014-11-12,0116,Terra,MODIS,67,6.2,315.7,13.6,D,0
-14.1043,134.823,335.9,1.1,1,2014-11-12,0116,Terra,MODIS,72,6.2,313.7,15.5,D,0
-14.0996,134.8539,334.7,1.1,1,2014-11-12,0116,Terra,MODIS,44,6.2,316.5,12.9,D,0
-13.4694,133.7893,337.3,1.2,1.1,2014-11-12,0116,Terra,MODIS,59,6.2,313.4,16.7,D,0
-13.4791,133.7877,343.4,1.2,1.1,2014-11-12,0116,Terra,MODIS,86,6.2,313.1,32.2,D,0
-14.1422,136.6579,330.7,1,1,2014-11-12,0116,Terra,MODIS,52,6.2,311.7,11.1,D,0
-14.1904,134.6614,334.2,1.1,1,2014-11-12,0116,Terra,MODIS,67,6.2,316.3,15,D,0
-14.0345,136.6142,343.9,1,1,2014-11-12,0116,Terra,MODIS,87,6.2,310.1,31.9,D,0
-16.3649,132.6236,342.3,1.3,1.1,2014-11-12,0116,Terra,MODIS,82,6.2,309.5,36.7,D,0
-14.0468,134.1476,341.8,1.1,1.1,2014-11-12,0116,Terra,MODIS,83,6.2,315.1,27.8,D,0
-16.3549,132.6254,339.5,1.3,1.1,2014-11-12,0116,Terra,MODIS,79,6.2,313,26.2,D,0
-14.0449,136.6221,331,1,1,2014-11-12,0116,Terra,MODIS,57,6.2,309.7,13.1,D,0
-14.1997,134.7211,356.5,1.1,1,2014-11-12,0116,Terra,MODIS,97,6.2,318.8,58.3,D,0
-14.0452,134.1372,362.1,1.1,1.1,2014-11-12,0116,Terra,MODIS,100,6.2,316.2,83.7,D,0
-14.0435,134.1267,335.1,1.1,1.1,2014-11-12,0116,Terra,MODIS,66,6.2,312.7,16.2,D,0
-13.227,132.341,358.1,1.5,1.2,2014-11-12,0116,Terra,MODIS,98,6.2,306.7,116.6,D,0
-14.0373,134.1492,339.2,1.1,1.1,2014-11-12,0116,Terra,MODIS,74,6.2,315.9,19.8,D,0
-13.9792,135.0844,342.5,1.1,1,2014-11-12,0116,Terra,MODIS,74,6.2,318.2,23.6,D,0
-14.2104,135.3289,347.9,1,1,2014-11-12,0116,Terra,MODIS,90,6.2,317.4,32.2,D,0
-14.2195,135.3275,340.3,1,1,2014-11-12,0116,Terra,MODIS,64,6.2,316.9,18.4,D,0
-13.9519,135.0294,354.7,1.1,1,2014-11-12,0116,Terra,MODIS,96,6.2,315,53.5,D,0
-13.9521,134.9698,351.3,1.1,1,2014-11-12,0116,Terra,MODIS,93,6.2,311.4,46.5,D,0
-13.9536,134.9794,378.9,1.1,1,2014-11-12,0116,Terra,MODIS,100,6.2,315.7,137.2,D,0
-13.9551,134.9891,371.5,1.1,1,2014-11-12,0116,Terra,MODIS,100,6.2,314.1,105.7,D,0
-13.9611,135.0279,354.2,1.1,1,2014-11-12,0116,Terra,MODIS,95,6.2,317,49.2,D,0
-13.9626,135.0376,337.5,1.1,1,2014-11-12,0116,Terra,MODIS,44,6.2,315.9,15.5,D,0
-16.3004,132.6658,337.7,1.3,1.1,2014-11-12,0116,Terra,MODIS,55,6.2,313,26.1,D,0
-16.3224,132.6742,337,1.3,1.1,2014-11-12,0116,Terra,MODIS,58,6.2,313.1,22,D,0
-16.3325,132.6725,337.8,1.3,1.1,2014-11-12,0116,Terra,MODIS,64,6.2,312.6,22.3,D,0
-16.3526,132.6746,334.1,1.3,1.1,2014-11-12,0116,Terra,MODIS,22,6.2,312.1,16,D,0
-16.3568,132.6373,335.3,1.3,1.1,2014-11-12,0116,Terra,MODIS,68,6.2,311.6,16.3,D,0
-16.3607,132.6611,336.1,1.3,1.1,2014-11-12,0116,Terra,MODIS,68,6.2,311.8,19.4,D,0
-16.3627,132.6729,335.3,1.3,1.1,2014-11-12,0116,Terra,MODIS,71,6.2,312.6,19.9,D,0
-15.0546,145.0903,319.3,3.3,1.7,2014-11-12,0116,Terra,MODIS,22,6.2,292.3,56,D,0
-13.2315,132.3482,347.6,1.5,1.2,2014-11-12,0116,Terra,MODIS,91,6.2,305.2,69.7,D,0
-13.2423,132.3463,332.3,1.5,1.2,2014-11-12,0116,Terra,MODIS,73,6.2,305.5,22.9,D,0
-14.0969,134.8808,338,1.1,1,2014-11-12,0116,Terra,MODIS,60,6.2,315.5,16.1,D,0
-13.4934,133.7513,345.6,1.2,1.1,2014-11-12,0116,Terra,MODIS,88,6.2,312.2,41.8,D,0
-14.1768,136.6432,343.1,1,1,2014-11-12,0116,Terra,MODIS,85,6.2,311.9,27.6,D,0
-14.1864,136.6447,331.2,1,1,2014-11-12,0116,Terra,MODIS,57,6.2,312.3,11.8,D,0
-13.9914,134.1953,338.6,1.1,1.1,2014-11-12,0116,Terra,MODIS,68,6.2,315.2,11,D,0
-13.9803,134.1864,351.8,1.1,1.1,2014-11-12,0116,Terra,MODIS,93,6.2,315.8,41.7,D,0
-14.0244,134.1299,347.5,1.1,1.1,2014-11-12,0116,Terra,MODIS,89,6.2,313.8,39.5,D,0
-14.0277,134.1507,341.6,1.1,1.1,2014-11-12,0116,Terra,MODIS,83,6.2,314.8,21.4,D,0
-14.034,134.1283,361.6,1.1,1.1,2014-11-12,0116,Terra,MODIS,100,6.2,312.9,82.1,D,0
-14.0356,134.1388,383,1.1,1.1,2014-11-12,0116,Terra,MODIS,100,6.2,317.9,171.3,D,0
-14.212,136.8199,328.5,1,1,2014-11-12,0116,Terra,MODIS,35,6.2,307.5,7.6,D,0
-14.1318,134.8787,331.5,1.1,1,2014-11-12,0116,Terra,MODIS,38,6.2,313.4,8.8,D,0
-14.1334,134.8885,333.6,1.1,1,2014-11-12,0116,Terra,MODIS,55,6.2,314,11.1,D,0
-14.0921,134.9116,355.3,1.1,1,2014-11-12,0116,Terra,MODIS,96,6.2,316.9,53.4,D,0
-14.0906,134.9018,339.7,1.1,1,2014-11-12,0116,Terra,MODIS,63,6.2,314.2,18.4,D,0
-14.0844,134.9227,338.2,1.1,1,2014-11-12,0116,Terra,MODIS,65,6.2,316.9,18,D,0
-13.969,134.957,335.4,1.1,1,2014-11-12,0116,Terra,MODIS,56,6.2,314.5,13,D,0
-13.9675,134.9473,346.9,1.1,1,2014-11-12,0116,Terra,MODIS,89,6.2,315,34.9,D,0
-13.966,134.9375,346.9,1.1,1,2014-11-12,0116,Terra,MODIS,89,6.2,313.1,35.8,D,0
-13.5032,133.7496,333.3,1.2,1.1,2014-11-12,0116,Terra,MODIS,61,6.2,311,15.5,D,0
-13.4952,133.7623,344.3,1.2,1.1,2014-11-12,0116,Terra,MODIS,87,6.2,312.7,37.4,D,0
-13.9645,134.9278,370.7,1.1,1,2014-11-12,0116,Terra,MODIS,100,6.2,312.5,106,D,0
-14.1411,134.8772,332.8,1.1,1,2014-11-12,0116,Terra,MODIS,49,6.2,313.3,11.1,D,0
-14.1426,134.8871,341.1,1.1,1,2014-11-12,0116,Terra,MODIS,81,6.2,313.5,24.1,D,0
-13.7238,135.5201,331.9,1,1,2014-11-12,0116,Terra,MODIS,62,6.2,310.9,12.1,D,0
-14.1181,134.8509,334.5,1.1,1,2014-11-12,0116,Terra,MODIS,33,6.2,313.4,12.4,D,0
-14.1088,134.8524,349.2,1.1,1,2014-11-12,0116,Terra,MODIS,91,6.2,316.9,40.7,D,0
-13.7878,136.8772,325.2,1,1,2014-11-12,0116,Terra,MODIS,56,6.2,304.9,8.3,D,0
-13.2378,132.3391,338.4,1.5,1.2,2014-11-12,0116,Terra,MODIS,82,6.2,303.9,40.7,D,0
-13.7995,136.8942,340,1,1,2014-11-12,0116,Terra,MODIS,85,6.2,304.6,28.2,D,0
-13.24,132.3528,332.6,1.5,1.2,2014-11-12,0116,Terra,MODIS,74,6.2,305.3,24,D,0
-14.0332,136.605,334.1,1,1,2014-11-12,0116,Terra,MODIS,63,6.2,311.5,14.8,D,0
-13.2292,132.3547,329.6,1.5,1.2,2014-11-12,0116,Terra,MODIS,63,6.2,304.3,19.2,D,0
-13.4879,134.5151,334.8,1.1,1.1,2014-11-12,0116,Terra,MODIS,53,6.2,314,15.1,D,0
-13.4935,134.5181,339.3,1.1,1.1,2014-11-12,0116,Terra,MODIS,80,6.2,313.2,23.4,D,0
-13.503,134.5166,339.9,1.1,1.1,2014-11-12,0116,Terra,MODIS,81,6.2,312.8,24.2,D,0
-14.1073,134.8426,350.6,1.1,1,2014-11-12,0116,Terra,MODIS,92,6.2,316.2,43.6,D,0
-14.0005,135.5834,332.7,1,1,2014-11-12,0116,Terra,MODIS,42,6.2,310.9,11.8,D,0
-15.6199,127.4353,329.3,3.1,1.7,2014-11-12,0116,Terra,MODIS,69,6.2,298.6,68.1,D,0
-15.1447,143.1414,335.7,2.3,1.5,2014-11-12,0116,Terra,MODIS,81,6.2,308.3,58.8,D,0
-15.4082,135.88,337.7,1,1,2014-11-12,0116,Terra,MODIS,68,6.2,312.1,18.1,D,0
-15.4213,135.9064,351.8,1,1,2014-11-12,0116,Terra,MODIS,93,6.2,314.3,45.9,D,0
-15.1538,143.1348,338.6,2.3,1.5,2014-11-12,0116,Terra,MODIS,84,6.2,308.4,77.7,D,0
-13.709,135.4838,338.6,1,1,2014-11-12,0116,Terra,MODIS,80,6.2,310.3,25,D,0
-15.4096,135.8893,339.3,1,1,2014-11-12,0116,Terra,MODIS,71,6.2,314.1,20.9,D,0
-18.0962,143.6723,333.4,2.8,1.6,2014-11-12,0117,Terra,MODIS,74,6.2,312.1,66.2,D,0
-17.7604,135.2271,351.1,1,1,2014-11-12,0117,Terra,MODIS,93,6.2,313.5,42.1,D,0
-17.8076,135.2966,338.4,1,1,2014-11-12,0117,Terra,MODIS,39,6.2,318.7,12.3,D,0
-17.7826,135.2525,405.8,1,1,2014-11-12,0117,Terra,MODIS,100,6.2,324.3,264.2,D,0
-18.0983,143.6668,329.4,2.8,1.6,2014-11-12,0117,Terra,MODIS,59,6.2,311.5,45.7,D,0
-18.7357,137.9529,347.9,1.2,1.1,2014-11-12,0117,Terra,MODIS,90,6.2,316.7,43.5,D,0
-18.7343,137.9419,349.1,1.2,1.1,2014-11-12,0117,Terra,MODIS,91,6.2,316.3,46.5,D,0
-18.7038,137.9352,345.3,1.2,1.1,2014-11-12,0117,Terra,MODIS,87,6.2,317,36.9,D,0
-18.6802,137.905,336.7,1.2,1.1,2014-11-12,0117,Terra,MODIS,41,6.2,315.7,14.4,D,0
-17.7812,135.2431,355.3,1,1,2014-11-12,0117,Terra,MODIS,96,6.2,316,48.4,D,0
-18.608,131.2001,361.9,1.5,1.2,2014-11-12,0117,Terra,MODIS,100,6.2,315.7,112.6,D,0
-19.6845,130.9509,383.6,1.4,1.2,2014-11-12,0117,Terra,MODIS,100,6.2,315.5,247.2,D,0
-18.613,131.0999,334.8,1.5,1.2,2014-11-12,0117,Terra,MODIS,58,6.2,313.6,18.3,D,0
-19.6202,130.8348,360.8,1.5,1.2,2014-11-12,0117,Terra,MODIS,100,6.2,315,112,D,0
-19.6283,130.8394,380.4,1.5,1.2,2014-11-12,0117,Terra,MODIS,100,6.2,316.1,230.5,D,0
-18.6261,131.1118,336.1,1.5,1.2,2014-11-12,0117,Terra,MODIS,72,6.2,312.4,23.5,D,0
-18.6187,131.1982,345.9,1.5,1.2,2014-11-12,0117,Terra,MODIS,88,6.2,313.6,48.5,D,0
-19.6175,130.8414,362.7,1.5,1.2,2014-11-12,0117,Terra,MODIS,100,6.2,316.8,114.8,D,0
-19.6822,130.9372,404.2,1.4,1.2,2014-11-12,0117,Terra,MODIS,100,6.2,315.5,440.9,D,0
-18.6237,131.0979,338.9,1.5,1.2,2014-11-12,0117,Terra,MODIS,78,6.2,311.6,32,D,0
-19.6939,131.0053,346.6,1.4,1.2,2014-11-12,0117,Terra,MODIS,88,6.2,312.6,53.4,D,0
-19.6962,131.0188,334.2,1.4,1.2,2014-11-12,0117,Terra,MODIS,54,6.2,313.2,18.3,D,0
-19.6798,130.9235,332.4,1.5,1.2,2014-11-12,0117,Terra,MODIS,42,6.2,309.7,16.6,D,0
-19.6334,130.8467,344.5,1.5,1.2,2014-11-12,0117,Terra,MODIS,74,6.2,314.6,53.4,D,0
-19.6309,130.8328,351.8,1.5,1.2,2014-11-12,0117,Terra,MODIS,91,6.2,311.1,81.1,D,0
-18.1633,127.4174,333.4,2.8,1.6,2014-11-12,0117,Terra,MODIS,73,6.2,306.1,69.5,D,0
-18.151,127.4128,330.3,2.8,1.6,2014-11-12,0117,Terra,MODIS,65,6.2,305.7,51.9,D,0
-18.1561,127.4388,327.5,2.8,1.6,2014-11-12,0117,Terra,MODIS,51,6.2,305.4,36.5,D,0
-20.6057,142.4577,342.5,2.5,1.5,2014-11-12,0117,Terra,MODIS,83,6.2,316.4,82.6,D,0
-17.71,135.2605,377.6,1,1,2014-11-12,0117,Terra,MODIS,100,6.2,327,113.7,D,0
-17.6996,135.2525,354.9,1,1,2014-11-12,0117,Terra,MODIS,96,6.2,318.3,50.2,D,0
-19.5714,143.0329,334.4,2.7,1.6,2014-11-12,0117,Terra,MODIS,70,6.2,311.9,61.5,D,0
-18.085,138.2586,337.3,1.2,1.1,2014-11-12,0117,Terra,MODIS,46,6.2,318.4,14.6,D,0
-16.123,129.75,325.6,2,1.4,2014-11-12,0117,Terra,MODIS,33,6.2,302.9,17.1,D,0
-19.5673,143.0401,335.3,2.7,1.6,2014-11-12,0117,Terra,MODIS,75,6.2,312,65.1,D,0
-20.5985,142.4517,342.8,2.5,1.5,2014-11-12,0117,Terra,MODIS,84,6.2,316.7,84.3,D,0
-17.6867,135.3507,348.5,1,1,2014-11-12,0117,Terra,MODIS,55,6.2,319.7,30,D,0
-16.8754,133.0483,329.9,1.2,1.1,2014-11-12,0117,Terra,MODIS,55,6.2,311.4,11.8,D,0
-16.1198,129.7311,345,2.1,1.4,2014-11-12,0117,Terra,MODIS,89,6.2,303.8,102.3,D,0
-16.9371,131.0813,332.5,1.6,1.2,2014-11-12,0117,Terra,MODIS,65,6.2,313.7,22.6,D,0
-16.1207,129.7249,333.1,2.1,1.4,2014-11-12,0117,Terra,MODIS,74,6.2,303.9,46.6,D,0
-17.1365,135.4275,343.9,1,1,2014-11-12,0117,Terra,MODIS,85,6.2,317,28.1,D,0
-17.1379,135.4368,336.5,1,1,2014-11-12,0117,Terra,MODIS,72,6.2,315.6,16.7,D,0
-18.1811,138.216,338.4,1.2,1.1,2014-11-12,0117,Terra,MODIS,69,6.2,314,23.1,D,0
-19.4463,142.8295,334.7,2.5,1.5,2014-11-12,0117,Terra,MODIS,75,6.2,313.9,59.2,D,0
-19.4403,142.8356,334.3,2.5,1.5,2014-11-12,0117,Terra,MODIS,75,6.2,315,59.7,D,0
-17.3763,135.492,352.3,1,1,2014-11-12,0117,Terra,MODIS,94,6.2,320.1,41.6,D,0
-17.3769,135.4344,345.5,1,1,2014-11-12,0117,Terra,MODIS,69,6.2,317.8,25.8,D,0
-17.3783,135.4438,365.2,1,1,2014-11-12,0117,Terra,MODIS,100,6.2,320.7,72.9,D,0
-17.3921,135.4128,344.1,1,1,2014-11-12,0117,Terra,MODIS,86,6.2,318.7,25.3,D,0
-17.7086,135.2511,413.2,1,1,2014-11-12,0117,Terra,MODIS,100,6.2,326.1,317.8,D,0
-17.4191,135.4696,336.9,1,1,2014-11-12,0117,Terra,MODIS,74,6.2,317.8,14.5,D,0
-17.4281,135.4682,341.1,1,1,2014-11-12,0117,Terra,MODIS,82,6.2,317.3,20.6,D,0
-17.7011,135.2619,355.3,1,1,2014-11-12,0117,Terra,MODIS,87,6.2,320.8,47.1,D,0
-20.6637,143.1386,335,2.8,1.6,2014-11-12,0117,Terra,MODIS,69,6.2,314.9,49.9,D,0
-17.7528,135.238,352.7,1,1,2014-11-12,0117,Terra,MODIS,94,6.2,317.3,45.1,D,0
-17.7162,135.2403,345.8,1,1,2014-11-12,0117,Terra,MODIS,80,6.2,313.8,34.5,D,0
-17.7356,135.2468,361.2,1,1,2014-11-12,0117,Terra,MODIS,80,6.2,321.8,60.8,D,0
-17.7176,135.2497,392.9,1,1,2014-11-12,0117,Terra,MODIS,100,6.2,324.6,187,D,0
-18.6176,126.976,332.6,2.9,1.6,2014-11-12,0117,Terra,MODIS,71,6.2,306.7,63.6,D,0
-18.6175,126.9691,330.6,2.9,1.6,2014-11-12,0117,Terra,MODIS,66,6.2,306.5,50.3,D,0
-17.7252,135.2388,392.1,1,1,2014-11-12,0117,Terra,MODIS,100,6.2,317.7,188.4,D,0
-17.7342,135.2374,347.7,1,1,2014-11-12,0117,Terra,MODIS,50,6.2,314.3,33.8,D,0
-17.719,135.2591,352.5,1,1,2014-11-12,0117,Terra,MODIS,80,6.2,323.2,33.8,D,0
-17.7266,135.2482,416.5,1,1,2014-11-12,0117,Terra,MODIS,100,6.2,328.9,340.6,D,0
-17.7618,135.2365,372.7,1,1,2014-11-12,0117,Terra,MODIS,100,6.2,320,102.6,D,0
-17.7542,135.2474,341.9,1,1,2014-11-12,0117,Terra,MODIS,67,6.2,322.4,22.4,D,0
-16.2656,130.2598,330.8,1.9,1.3,2014-11-12,0117,Terra,MODIS,53,6.2,307.5,27.9,D,0
-16.2685,130.2769,329.1,1.9,1.3,2014-11-12,0117,Terra,MODIS,48,6.2,306.9,23.7,D,0
-16.1116,129.7462,327.7,2,1.4,2014-11-12,0117,Terra,MODIS,55,6.2,303.1,25,D,0
-18.2033,139.0183,338.9,1.3,1.1,2014-11-12,0117,Terra,MODIS,71,6.2,313.2,29.2,D,0
-18.2151,139.0293,333.2,1.3,1.1,2014-11-12,0117,Terra,MODIS,45,6.2,314.1,16.6,D,0
-16.1241,129.7439,327.4,2,1.4,2014-11-12,0117,Terra,MODIS,49,6.2,303.2,23.9,D,0
-16.2824,129.7401,343.8,2,1.4,2014-11-12,0117,Terra,MODIS,88,6.2,304,91.8,D,0
-16.2777,129.7276,340.9,2,1.4,2014-11-12,0117,Terra,MODIS,85,6.2,305.9,72.1,D,0
-16.281,129.7465,335.3,2,1.4,2014-11-12,0117,Terra,MODIS,64,6.2,303.5,52.9,D,0
-16.279,129.7213,338.1,2,1.4,2014-11-12,0117,Terra,MODIS,78,6.2,306.7,58.4,D,0
-16.2901,129.7254,337.4,2,1.4,2014-11-12,0117,Terra,MODIS,79,6.2,305.3,55.1,D,0
-16.1082,129.7272,334.8,2.1,1.4,2014-11-12,0117,Terra,MODIS,77,6.2,304.5,54.2,D,0
-16.6229,130.09,328.1,1.9,1.3,2014-11-12,0117,Terra,MODIS,34,6.2,307.6,19.9,D,0
-19.6371,130.9315,371.5,1.5,1.2,2014-11-12,0117,Terra,MODIS,100,6.2,317.3,157.4,D,0
-19.6679,130.9821,355.8,1.4,1.2,2014-11-12,0117,Terra,MODIS,96,6.2,316.2,77.6,D,0
-19.6226,130.8487,354.5,1.5,1.2,2014-11-12,0117,Terra,MODIS,91,6.2,317.8,82.4,D,0
-19.5973,131.2696,347.9,1.4,1.2,2014-11-12,0117,Terra,MODIS,90,6.2,316.8,45.7,D,0
-19.6077,131.2677,339.7,1.4,1.2,2014-11-12,0117,Terra,MODIS,54,6.2,314.9,22.5,D,0
-16.8017,129.2635,345,2.2,1.4,2014-11-12,0117,Terra,MODIS,89,6.2,306.3,98.9,D,0
-19.6022,131.2622,350.8,1.4,1.2,2014-11-12,0117,Terra,MODIS,92,6.2,317.2,60.1,D,0
-19.7019,130.1242,347.9,1.6,1.3,2014-11-12,0117,Terra,MODIS,80,6.2,313,77.4,D,0
-19.6446,130.9362,377.7,1.5,1.2,2014-11-12,0117,Terra,MODIS,100,6.2,317.6,197.6,D,0
-19.6703,130.9958,361.1,1.4,1.2,2014-11-12,0117,Terra,MODIS,100,6.2,317.5,102.3,D,0
-19.6715,130.9392,366.9,1.4,1.2,2014-11-12,0117,Terra,MODIS,100,6.2,315.6,140.3,D,0
-16.789,129.2661,344.9,2.2,1.4,2014-11-12,0117,Terra,MODIS,89,6.2,307.5,99.7,D,0
-19.6045,131.2752,335.4,1.4,1.2,2014-11-12,0117,Terra,MODIS,50,6.2,315.3,16.4,D,0
-18.3219,129.3644,334.2,2,1.4,2014-11-12,0117,Terra,MODIS,43,6.2,312.6,28.8,D,0
-18.303,129.3298,340.3,2,1.4,2014-11-12,0117,Terra,MODIS,81,6.2,311.3,61,D,0
-18.3186,129.3459,334.4,2,1.4,2014-11-12,0117,Terra,MODIS,41,6.2,312.6,30.7,D,0
-19.6423,130.9225,375.5,1.5,1.2,2014-11-12,0117,Terra,MODIS,100,6.2,313.8,183.1,D,0
-19.6339,130.9382,343.8,1.5,1.2,2014-11-12,0117,Terra,MODIS,74,6.2,315.8,31.3,D,0
-19.6478,130.9295,371.3,1.5,1.2,2014-11-12,0117,Terra,MODIS,100,6.2,315,160.6,D,0
-19.6382,130.8743,338.7,1.5,1.2,2014-11-12,0117,Terra,MODIS,50,6.2,315.4,26.7,D,0
-16.6031,128.885,334.5,2.3,1.5,2014-11-12,0117,Terra,MODIS,78,6.2,308.1,47.7,D,0
-15.6176,127.4289,327,3.1,1.7,2014-11-12,0117,Terra,MODIS,47,6.2,298,58.1,D,0
-22.2938,124.399,333.3,3.7,1.8,2014-11-12,0118,Terra,MODIS,70,6.2,309.8,99.1,D,0
-22.2853,124.4381,355.9,3.7,1.8,2014-11-12,0118,Terra,MODIS,97,6.2,310.6,375.7,D,0
-22.2777,124.4029,413.7,3.7,1.8,2014-11-12,0118,Terra,MODIS,100,6.2,315.4,2200.2,D,0
-22.27,124.3673,339.1,3.8,1.8,2014-11-12,0118,Terra,MODIS,81,6.2,308.3,156.6,D,0
-22.2616,124.4066,381.5,3.7,1.8,2014-11-12,0118,Terra,MODIS,100,6.2,312.7,954.8,D,0
-22.2946,124.4415,339.7,3.7,1.8,2014-11-12,0118,Terra,MODIS,81,6.2,309.9,153.2,D,0
-22.2872,124.4063,383.5,3.7,1.8,2014-11-12,0118,Terra,MODIS,100,6.2,311.7,1001.6,D,0
-22.2798,124.3707,336.4,3.8,1.8,2014-11-12,0118,Terra,MODIS,76,6.2,309.1,123.7,D,0
-22.2786,124.4455,327.8,3.7,1.8,2014-11-12,0118,Terra,MODIS,29,6.2,309.5,48,D,0
-22.2712,124.4101,413.9,3.7,1.8,2014-11-12,0118,Terra,MODIS,100,6.2,316.2,2214.1,D,0
-22.2168,124.2328,355.5,3.8,1.8,2014-11-12,0118,Terra,MODIS,97,6.2,306.1,401.9,D,0
-22.2637,124.3746,357.9,3.8,1.8,2014-11-12,0118,Terra,MODIS,98,6.2,308.4,421.3,D,0
-22.2551,124.4139,346.8,3.7,1.8,2014-11-12,0118,Terra,MODIS,90,6.2,309.8,257.2,D,0
-22.2246,124.2698,372.1,3.8,1.8,2014-11-12,0118,Terra,MODIS,100,6.2,309.5,740.9,D,0
-22.2409,124.2658,366.6,3.8,1.8,2014-11-12,0118,Terra,MODIS,100,6.2,309.3,614.8,D,0
-22.2222,124.2256,344,3.8,1.8,2014-11-12,0118,Terra,MODIS,87,6.2,305.9,231.4,D,0
-22.2303,124.2626,392,3.8,1.8,2014-11-12,0118,Terra,MODIS,100,6.2,311.6,1339.4,D,0
-22.2465,124.2586,333.3,3.8,1.8,2014-11-12,0118,Terra,MODIS,70,6.2,307.7,111.3,D,0
-21.7068,141.1409,336.5,2.1,1.4,2014-11-12,0118,Terra,MODIS,73,6.2,316.2,38.9,D,0
-21.7061,141.1476,339.5,2.1,1.4,2014-11-12,0118,Terra,MODIS,79,6.2,316.2,52.5,D,0
-20.4186,124.1887,333.2,4.3,1.9,2014-11-12,0118,Terra,MODIS,66,6.2,308,112.2,D,0
-20.4164,124.1948,335.3,4.3,1.9,2014-11-12,0118,Terra,MODIS,72,6.2,308.1,134.7,D,0
-21.0389,126.3837,343,2.9,1.6,2014-11-12,0118,Terra,MODIS,84,6.2,317.4,113.7,D,0
-21.2064,127.5539,336.8,2.3,1.5,2014-11-12,0118,Terra,MODIS,74,6.2,320,47.5,D,0
-19.8049,127.3959,335.2,2.6,1.5,2014-11-12,0118,Terra,MODIS,73,6.2,315.2,53.8,D,0
-19.8097,127.388,336.8,2.6,1.5,2014-11-12,0118,Terra,MODIS,76,6.2,315.3,63.3,D,0
-20.4369,124.1765,330.4,4.3,1.9,2014-11-12,0118,Terra,MODIS,42,6.2,309.2,81.1,D,0
-21.0991,126.4492,335.6,2.8,1.6,2014-11-12,0118,Terra,MODIS,62,6.2,316.5,56.1,D,0
-21.0938,126.4222,348.9,2.8,1.6,2014-11-12,0118,Terra,MODIS,91,6.2,314.6,163.3,D,0
-21.0848,126.4525,372.2,2.8,1.6,2014-11-12,0118,Terra,MODIS,100,6.2,319,447.7,D,0
-21.0795,126.4254,417.5,2.8,1.6,2014-11-12,0118,Terra,MODIS,100,6.2,325.4,1599.8,D,0
-21.0399,126.3775,343.7,2.9,1.6,2014-11-12,0118,Terra,MODIS,85,6.2,317.7,119.1,D,0
-20.4355,124.1847,330,4.3,1.9,2014-11-12,0118,Terra,MODIS,41,6.2,308.9,77.4,D,0
-22.6273,123.5623,327,4.2,1.9,2014-11-12,0119,Terra,MODIS,33,6.2,301.7,88,D,0
-23.3206,127.3453,342.7,2.2,1.4,2014-11-12,0119,Terra,MODIS,85,6.2,318,71.8,D,0
-23.3334,127.3424,373.5,2.2,1.4,2014-11-12,0119,Terra,MODIS,100,6.2,320.6,321.3,D,0
-23.3224,127.3601,338,2.2,1.4,2014-11-12,0119,Terra,MODIS,68,6.2,317,46.1,D,0
-23.3352,127.3572,337.2,2.2,1.4,2014-11-12,0119,Terra,MODIS,77,6.2,316.8,47,D,0
-23.348,127.3544,342.5,2.2,1.4,2014-11-12,0119,Terra,MODIS,85,6.2,316.3,78.4,D,0
-23.2612,127.3146,334.3,2.2,1.4,2014-11-12,0119,Terra,MODIS,63,6.2,316.8,38.3,D,0
-23.2699,127.2904,336.5,2.2,1.4,2014-11-12,0119,Terra,MODIS,73,6.2,315.9,48.1,D,0
-23.274,127.3117,354.6,2.2,1.4,2014-11-12,0119,Terra,MODIS,96,6.2,317.9,153.3,D,0
-23.2828,127.2875,356,2.2,1.4,2014-11-12,0119,Terra,MODIS,97,6.2,317.8,167.7,D,0
-23.2869,127.3088,362.6,2.2,1.4,2014-11-12,0119,Terra,MODIS,100,6.2,318.6,217.4,D,0
-23.2956,127.2845,368.1,2.2,1.4,2014-11-12,0119,Terra,MODIS,100,6.2,315.7,278.9,D,0
-23.2997,127.3058,362.2,2.2,1.4,2014-11-12,0119,Terra,MODIS,100,6.2,316.3,217.3,D,0
-23.3166,127.3241,342.7,2.2,1.4,2014-11-12,0119,Terra,MODIS,83,6.2,317.6,72,D,0
-23.3141,127.3178,338.9,2.2,1.4,2014-11-12,0119,Terra,MODIS,59,6.2,316.5,52.6,D,0
-23.3183,127.339,340.7,2.2,1.4,2014-11-12,0119,Terra,MODIS,81,6.2,318.1,58.2,D,0
-23.3253,127.2999,338.6,2.2,1.4,2014-11-12,0119,Terra,MODIS,78,6.2,315.5,57.5,D,0
-23.3294,127.3212,372.6,2.2,1.4,2014-11-12,0119,Terra,MODIS,100,6.2,320.1,315.6,D,0
-23.3382,127.297,337,2.2,1.4,2014-11-12,0119,Terra,MODIS,77,6.2,315.6,54.7,D,0
-23.3422,127.3183,388.9,2.2,1.4,2014-11-12,0119,Terra,MODIS,100,6.2,320.2,535.7,D,0
-23.3462,127.3396,388.3,2.2,1.4,2014-11-12,0119,Terra,MODIS,100,6.2,318.4,518.8,D,0
-23.3269,127.3149,355.9,2.2,1.4,2014-11-12,0119,Terra,MODIS,97,6.2,317.9,167.3,D,0
-23.3311,127.3362,366.8,2.2,1.4,2014-11-12,0119,Terra,MODIS,100,6.2,320.4,254.5,D,0
-23.3397,127.312,374.5,2.2,1.4,2014-11-12,0119,Terra,MODIS,100,6.2,319.1,349,D,0
-23.3439,127.3333,402.7,2.2,1.4,2014-11-12,0119,Terra,MODIS,100,6.2,321.2,772,D,0
-23.3484,127.2879,336.9,2.2,1.4,2014-11-12,0119,Terra,MODIS,77,6.2,314.5,54.4,D,0
-23.3525,127.3092,379.4,2.2,1.4,2014-11-12,0119,Terra,MODIS,100,6.2,317.3,407.7,D,0
-23.3567,127.3305,351.2,2.2,1.4,2014-11-12,0119,Terra,MODIS,93,6.2,314.3,130.9,D,0
-23.3612,127.285,337.6,2.2,1.4,2014-11-12,0119,Terra,MODIS,78,6.2,312.7,60.2,D,0
-23.3654,127.3063,352.2,2.2,1.4,2014-11-12,0119,Terra,MODIS,94,6.2,313,146,D,0
-23.3741,127.2821,365,2.2,1.4,2014-11-12,0119,Terra,MODIS,100,6.2,312.7,256.1,D,0
-23.3782,127.3035,359.7,2.2,1.4,2014-11-12,0119,Terra,MODIS,99,6.2,313.7,205.3,D,0
-30.0808,123.8406,336.6,2.7,1.6,2014-11-12,0121,Terra,MODIS,87,6.2,303.9,106.3,D,0
-30.0867,123.8678,336.8,2.7,1.6,2014-11-12,0121,Terra,MODIS,87,6.2,303.4,111.5,D,0
-37.9148,141.0297,312.3,3.1,1.7,2014-11-12,0122,Terra,MODIS,36,6.2,301.2,27.3,D,0
-37.9113,141.0226,313,3.1,1.7,2014-11-12,0122,Terra,MODIS,54,6.2,302.2,31.8,D,0
-19.8768,121.7645,328.4,4.8,2,2014-11-12,0256,Terra,MODIS,49,6.2,305.3,75.5,D,0
-19.874,121.7577,331.1,4.8,2,2014-11-12,0256,Terra,MODIS,73,6.2,305.6,110.4,D,0
-19.3397,121.5705,330.9,4.6,2,2014-11-12,0256,Terra,MODIS,55,6.2,302.9,97.1,D,0
-19.3435,121.6143,332.6,4.6,2,2014-11-12,0256,Terra,MODIS,81,6.2,304.8,113.3,D,0
-19.3575,121.569,332.8,4.6,2,2014-11-12,0256,Terra,MODIS,74,6.2,303.7,128.9,D,0
-19.3614,121.6128,340.9,4.6,2,2014-11-12,0256,Terra,MODIS,90,6.2,306.4,239.5,D,0
-19.3426,121.6093,330.6,4.6,2,2014-11-12,0256,Terra,MODIS,80,6.2,304.7,92.7,D,0
-19.3604,121.6078,344.1,4.6,2,2014-11-12,0256,Terra,MODIS,92,6.2,306.4,290.4,D,0
-19.8184,121.7234,326.6,4.8,2,2014-11-12,0256,Terra,MODIS,75,6.2,304.5,65.4,D,0
-19.8365,121.7217,329.6,4.8,2,2014-11-12,0256,Terra,MODIS,72,6.2,306.1,97.7,D,0
-19.834,121.715,330.3,4.8,2,2014-11-12,0256,Terra,MODIS,72,6.2,306,101.8,D,0
-19.3348,121.7114,331.5,4.7,2,2014-11-12,0256,Terra,MODIS,84,6.2,304.8,86.8,D,0
-19.3332,121.7045,328.9,4.7,2,2014-11-12,0256,Terra,MODIS,72,6.2,304.7,56.3,D,0
-37.6978,147.7941,315.7,1.1,1.1,2014-11-12,0358,Aqua,MODIS,30,6.2,295.7,11.3,D,0
-37.6948,147.8017,319.6,1.1,1.1,2014-11-12,0358,Aqua,MODIS,78,6.2,295.2,17.7,D,0
-37.6963,147.8071,321.8,1.1,1.1,2014-11-12,0358,Aqua,MODIS,71,6.2,295.7,17.6,D,0
-38.2722,147.028,311.9,1.2,1.1,2014-11-12,0358,Aqua,MODIS,59,6.2,274.5,14.9,D,0
-36.9195,144.9618,328.8,1.5,1.2,2014-11-12,0358,Aqua,MODIS,75,6.2,297.4,31.7,D,0
-36.9178,144.979,324.8,1.5,1.2,2014-11-12,0358,Aqua,MODIS,27,6.2,299.9,21.2,D,0
-36.9182,144.974,328.1,1.5,1.2,2014-11-12,0358,Aqua,MODIS,70,6.2,298.5,29.2,D,0
-35.1793,147.855,333,1.1,1,2014-11-12,0359,Aqua,MODIS,77,6.2,313.5,16.2,D,0
-31.4432,146.2062,330.6,1.1,1.1,2014-11-12,0400,Aqua,MODIS,17,6.2,316,12.2,D,0
-24.7907,152.0603,329.8,1.6,1.2,2014-11-12,0401,Aqua,MODIS,64,6.2,305.5,30.6,D,0
-26.3777,151.7863,344.2,1.4,1.2,2014-11-12,0401,Aqua,MODIS,81,6.2,312.6,45.2,D,0
-26.3648,151.798,362.3,1.4,1.2,2014-11-12,0401,Aqua,MODIS,100,6.2,317.7,112.4,D,0
-26.3672,151.7841,414,1.4,1.2,2014-11-12,0401,Aqua,MODIS,100,6.2,325.8,527.5,D,0
-26.3568,151.7818,337.7,1.4,1.2,2014-11-12,0401,Aqua,MODIS,79,6.2,316.9,23,D,0
-26.4439,150.6098,328.2,1.2,1.1,2014-11-12,0401,Aqua,MODIS,16,6.2,311.7,11.7,D,0
-26.4442,150.6042,333,1.2,1.1,2014-11-12,0401,Aqua,MODIS,52,6.2,313,16.9,D,0
-26.4324,150.6142,333.5,1.2,1.1,2014-11-12,0401,Aqua,MODIS,67,6.2,313.1,19.2,D,0
-26.4344,150.6022,355.7,1.2,1.1,2014-11-12,0401,Aqua,MODIS,97,6.2,315.8,73.6,D,0
-26.4364,150.5902,332.4,1.2,1.1,2014-11-12,0401,Aqua,MODIS,67,6.2,315.4,15.9,D,0
-26.4246,150.6001,340.5,1.2,1.1,2014-11-12,0401,Aqua,MODIS,83,6.2,314.5,32.7,D,0
-25.5906,150.9253,330.8,1.3,1.1,2014-11-12,0401,Aqua,MODIS,47,6.2,314.3,9.9,D,0
-28.4407,149.5203,339.3,1,1,2014-11-12,0401,Aqua,MODIS,79,6.2,322.5,14.3,D,0
-26.4985,147.3379,348.9,1,1,2014-11-12,0401,Aqua,MODIS,91,6.2,320.4,32.9,D,0
-26.5766,147.1768,359.4,1,1,2014-11-12,0401,Aqua,MODIS,99,6.2,326.4,55.4,D,0
-27.9777,145.9608,345.7,1.1,1,2014-11-12,0401,Aqua,MODIS,87,6.2,330.4,26.2,D,0
-25.4615,152.1925,330.1,1.5,1.2,2014-11-12,0401,Aqua,MODIS,63,6.2,305,30,D,0
-26.7361,152.4978,328,1.5,1.2,2014-11-12,0401,Aqua,MODIS,60,6.2,299.9,34.3,D,0
-25.516,150.4503,331.3,1.2,1.1,2014-11-12,0401,Aqua,MODIS,60,6.2,313.4,14,D,0
-25.4807,150.4183,337.6,1.2,1.1,2014-11-12,0401,Aqua,MODIS,77,6.2,316.3,21.9,D,0
-27.7493,148.0429,340.8,1,1,2014-11-12,0401,Aqua,MODIS,81,6.2,327.7,13.7,D,0
-25.6115,152.6452,326.8,1.6,1.3,2014-11-12,0401,Aqua,MODIS,54,6.2,306,22,D,0
-27.7238,150.4964,342,1.1,1.1,2014-11-12,0401,Aqua,MODIS,84,6.2,313,32.4,D,0
-25.6086,152.6613,327,1.6,1.3,2014-11-12,0401,Aqua,MODIS,56,6.2,304.8,23,D,0
-23.3657,150.183,335.7,1.3,1.1,2014-11-12,0402,Aqua,MODIS,65,6.2,306.7,27,D,0
-23.3456,150.1792,344.7,1.3,1.1,2014-11-12,0402,Aqua,MODIS,87,6.2,308.3,48.2,D,0
-23.3356,150.1779,342.2,1.3,1.1,2014-11-12,0402,Aqua,MODIS,85,6.2,307.8,42.1,D,0
-23.3734,150.1902,340.1,1.3,1.1,2014-11-12,0402,Aqua,MODIS,82,6.2,306.5,38.2,D,0
-23.3756,150.185,331.9,1.3,1.1,2014-11-12,0402,Aqua,MODIS,38,6.2,306.4,19.4,D,0
-24.8368,148.0077,351,1,1,2014-11-12,0402,Aqua,MODIS,93,6.2,306.6,52.8,D,0
-24.9644,148.6907,344.6,1,1,2014-11-12,0402,Aqua,MODIS,88,6.2,310,37.1,D,0
-22.693,150.3427,327.3,1.3,1.1,2014-11-12,0402,Aqua,MODIS,26,6.2,306.1,17.6,D,0
-22.6951,150.3302,339.1,1.3,1.1,2014-11-12,0402,Aqua,MODIS,83,6.2,307.5,41.3,D,0
-22.6971,150.3176,328.3,1.3,1.1,2014-11-12,0402,Aqua,MODIS,51,6.2,306.2,17.4,D,0
-24.6247,148.194,340.1,1,1,2014-11-12,0402,Aqua,MODIS,82,6.2,311.2,24.4,D,0
-24.9628,148.701,344.9,1,1,2014-11-12,0402,Aqua,MODIS,87,6.2,311.2,36.2,D,0
-24.9612,148.7114,344.9,1.1,1,2014-11-12,0402,Aqua,MODIS,88,6.2,310.9,34.6,D,0
-22.9047,146.6256,398,1,1,2014-11-12,0402,Aqua,MODIS,100,6.2,325.8,212.4,D,0
-23.9915,150.1752,352.6,1.2,1.1,2014-11-12,0402,Aqua,MODIS,95,6.2,314.5,58.9,D,0
-23.9796,150.1853,341.6,1.2,1.1,2014-11-12,0402,Aqua,MODIS,84,6.2,315.8,28.5,D,0
-23.9816,150.1732,366.6,1.2,1.1,2014-11-12,0402,Aqua,MODIS,100,6.2,315.5,109.1,D,0
-22.9201,146.5851,339.6,1,1,2014-11-12,0402,Aqua,MODIS,79,6.2,311.7,20.7,D,0
-22.9249,146.6157,338.4,1,1,2014-11-12,0402,Aqua,MODIS,77,6.2,318.5,14.5,D,0
-24.8819,147.9539,347.6,1,1,2014-11-12,0402,Aqua,MODIS,91,6.2,304.6,47,D,0
-24.8758,147.9324,347.8,1,1,2014-11-12,0402,Aqua,MODIS,91,6.2,304.2,44.1,D,0
-22.7288,150.3701,329.7,1.3,1.1,2014-11-12,0402,Aqua,MODIS,48,6.2,309.2,16.8,D,0
-24.8729,147.9523,344.4,1,1,2014-11-12,0402,Aqua,MODIS,86,6.2,307.2,38.3,D,0
-23.3238,150.1245,328,1.3,1.1,2014-11-12,0402,Aqua,MODIS,26,6.2,310.7,16.4,D,0
-24.8488,147.9892,353.6,1,1,2014-11-12,0402,Aqua,MODIS,95,6.2,308.5,58.9,D,0
-23.3763,147.8616,341.6,1,1,2014-11-12,0402,Aqua,MODIS,82,6.2,312.3,24.7,D,0
-23.3778,147.8516,338.3,1,1,2014-11-12,0402,Aqua,MODIS,77,6.2,310.6,19.5,D,0
-23.3684,147.8646,368.3,1,1,2014-11-12,0402,Aqua,MODIS,100,6.2,317.8,89.2,D,0
-23.3593,147.863,333.3,1,1,2014-11-12,0402,Aqua,MODIS,64,6.2,314.4,9.8,D,0
-24.9552,148.689,362.7,1,1,2014-11-12,0402,Aqua,MODIS,100,6.2,313.7,80.6,D,0
-24.8328,147.9188,361.3,1,1,2014-11-12,0402,Aqua,MODIS,100,6.2,308.1,82.3,D,0
-24.8579,147.9909,338,1,1,2014-11-12,0402,Aqua,MODIS,80,6.2,304,29.7,D,0
-24.8714,147.9624,337,1,1,2014-11-12,0402,Aqua,MODIS,46,6.2,305.4,25.4,D,0
-22.7966,150.2787,332.7,1.3,1.1,2014-11-12,0402,Aqua,MODIS,60,6.2,305.5,24.5,D,0
-22.7864,150.2766,343.9,1.3,1.1,2014-11-12,0402,Aqua,MODIS,88,6.2,308,49.8,D,0
-22.7619,150.298,350.6,1.3,1.1,2014-11-12,0402,Aqua,MODIS,93,6.2,310.5,66.4,D,0
-22.7433,150.3467,334.2,1.3,1.1,2014-11-12,0402,Aqua,MODIS,69,6.2,308.6,21.8,D,0
-22.7454,150.334,343.4,1.3,1.1,2014-11-12,0402,Aqua,MODIS,87,6.2,308.5,43.4,D,0
-22.731,150.3573,331.9,1.3,1.1,2014-11-12,0402,Aqua,MODIS,57,6.2,308.4,19.4,D,0
-22.7395,150.3066,335.7,1.3,1.1,2014-11-12,0402,Aqua,MODIS,78,6.2,308.8,25.2,D,0
-22.7416,150.294,343.2,1.3,1.1,2014-11-12,0402,Aqua,MODIS,87,6.2,308.2,45.3,D,0
-22.7293,150.3046,340.6,1.3,1.1,2014-11-12,0402,Aqua,MODIS,84,6.2,309.3,39.2,D,0
-22.7314,150.2919,340.9,1.3,1.1,2014-11-12,0402,Aqua,MODIS,85,6.2,307.2,41.3,D,0
-24.946,148.6874,349.9,1,1,2014-11-12,0402,Aqua,MODIS,93,6.2,314.5,43.7,D,0
-22.9173,146.6045,363.8,1,1,2014-11-12,0402,Aqua,MODIS,100,6.2,313,70.7,D,0
-24.8548,147.9492,331.7,1,1,2014-11-12,0402,Aqua,MODIS,46,6.2,306.6,14.2,D,0
-24.8262,148.0161,348.5,1,1,2014-11-12,0402,Aqua,MODIS,91,6.2,308.7,46.2,D,0
-23.3669,147.8746,343.9,1,1,2014-11-12,0402,Aqua,MODIS,85,6.2,316.1,26.4,D,0
-22.9187,146.5948,392.4,1,1,2014-11-12,0402,Aqua,MODIS,100,6.2,319.3,187,D,0
-22.9277,146.5963,352.7,1,1,2014-11-12,0402,Aqua,MODIS,94,6.2,315,43.5,D,0
-22.9263,146.606,373.4,1,1,2014-11-12,0402,Aqua,MODIS,100,6.2,320,102.6,D,0
-24.9476,148.677,348.7,1,1,2014-11-12,0402,Aqua,MODIS,92,6.2,312.2,41.2,D,0
-24.8277,148.006,333,1,1,2014-11-12,0402,Aqua,MODIS,53,6.2,308,19.1,D,0
-24.8473,147.9993,336.5,1,1,2014-11-12,0402,Aqua,MODIS,67,6.2,305.4,25.5,D,0
-24.8624,148.6979,346.3,1.1,1,2014-11-12,0402,Aqua,MODIS,89,6.2,314.3,34.2,D,0
-24.9125,148.66,331.8,1,1,2014-11-12,0402,Aqua,MODIS,34,6.2,312.7,9.3,D,0
-24.8383,147.9976,337.8,1,1,2014-11-12,0402,Aqua,MODIS,80,6.2,305.5,26.1,D,0
-24.8398,147.9875,330.1,1,1,2014-11-12,0402,Aqua,MODIS,64,6.2,305.5,15.3,D,0
-22.8895,146.6032,337.5,1,1,2014-11-12,0402,Aqua,MODIS,68,6.2,317.7,11.4,D,0
-24.7984,148.0255,343.9,1,1,2014-11-12,0402,Aqua,MODIS,87,6.2,312.3,33.9,D,0
-24.797,148.0354,332.7,1,1,2014-11-12,0402,Aqua,MODIS,44,6.2,307.4,17.2,D,0
-24.9289,148.7375,333.8,1.1,1,2014-11-12,0402,Aqua,MODIS,48,6.2,314.5,9.8,D,0
-24.9217,148.6617,338.6,1,1,2014-11-12,0402,Aqua,MODIS,79,6.2,311.8,18.3,D,0
-22.9074,146.6062,467.1,1,1,2014-11-12,0402,Aqua,MODIS,100,6.2,400.1,931.6,D,0
-22.9061,146.6159,476.7,1,1,2014-11-12,0402,Aqua,MODIS,100,6.2,400.1,1093.9,D,0
-24.818,148.019,364.8,1,1,2014-11-12,0402,Aqua,MODIS,100,6.2,310.9,87.9,D,0
-22.8985,146.6047,468,1,1,2014-11-12,0402,Aqua,MODIS,100,6.2,400.1,944.6,D,0
-24.8195,148.0089,340.4,1,1,2014-11-12,0402,Aqua,MODIS,75,6.2,308.2,31.5,D,0
-24.9109,148.6703,349.4,1,1,2014-11-12,0402,Aqua,MODIS,92,6.2,315,42.8,D,0
-24.9308,148.6634,334.2,1,1,2014-11-12,0402,Aqua,MODIS,37,6.2,311,11.6,D,0
-24.94,148.6651,338,1,1,2014-11-12,0402,Aqua,MODIS,73,6.2,310.7,19.7,D,0
-22.8957,146.6241,341.2,1,1,2014-11-12,0402,Aqua,MODIS,71,6.2,320.8,16.3,D,0
-22.8971,146.6144,420.4,1,1,2014-11-12,0402,Aqua,MODIS,100,6.2,328,369.4,D,0
-22.5775,146.4732,395.9,1,1,2014-11-12,0402,Aqua,MODIS,100,6.2,328.6,200.7,D,0
-22.5879,146.465,341.3,1,1,2014-11-12,0402,Aqua,MODIS,82,6.2,320.9,18.9,D,0
-22.5789,146.4635,440.8,1,1,2014-11-12,0402,Aqua,MODIS,100,6.2,341.3,573.5,D,0
-24.9201,148.672,344,1,1,2014-11-12,0402,Aqua,MODIS,87,6.2,313.9,29.4,D,0
-24.6231,148.204,343.2,1,1,2014-11-12,0402,Aqua,MODIS,86,6.2,312.8,31,D,0
-24.8532,148.6962,361.3,1.1,1,2014-11-12,0402,Aqua,MODIS,100,6.2,316.6,73,D,0
-24.8313,147.929,333.8,1,1,2014-11-12,0402,Aqua,MODIS,62,6.2,306,24,D,0
-24.8011,147.8823,334.9,1,1,2014-11-12,0402,Aqua,MODIS,72,6.2,303.4,26.6,D,0
-22.5671,146.4814,353.4,1,1,2014-11-12,0402,Aqua,MODIS,95,6.2,323.8,39.9,D,0
-24.9504,148.1165,331,1,1,2014-11-12,0402,Aqua,MODIS,53,6.2,300.2,21.6,D,0
-24.0593,149.0597,332.1,1.1,1,2014-11-12,0402,Aqua,MODIS,53,6.2,312.1,12.5,D,0
-22.5816,146.4441,336.2,1,1,2014-11-12,0402,Aqua,MODIS,49,6.2,311.7,15.9,D,0
-22.5803,146.4538,418.7,1,1,2014-11-12,0402,Aqua,MODIS,100,6.2,330,361.5,D,0
-24.7868,147.6662,347.3,1,1,2014-11-12,0402,Aqua,MODIS,90,6.2,310.3,42.3,D,0
-22.5601,146.4636,426.2,1,1,2014-11-12,0402,Aqua,MODIS,100,6.2,341.4,423.2,D,0
-22.5713,146.4523,385,1,1,2014-11-12,0402,Aqua,MODIS,100,6.2,319.3,152.1,D,0
-22.5699,146.462,457.5,1,1,2014-11-12,0402,Aqua,MODIS,100,6.2,400.1,787.7,D,0
-22.5685,146.4717,428.6,1,1,2014-11-12,0402,Aqua,MODIS,100,6.2,338.6,442.5,D,0
-22.5587,146.4733,439.7,1,1,2014-11-12,0402,Aqua,MODIS,100,6.2,400.1,560.3,D,0
-22.5573,146.483,365.4,1,1,2014-11-12,0402,Aqua,MODIS,100,6.2,322.6,74.8,D,0
-24.7958,147.6678,345.9,1,1,2014-11-12,0402,Aqua,MODIS,89,6.2,308.4,38.7,D,0
-24.7853,147.6761,330.1,1,1,2014-11-12,0402,Aqua,MODIS,58,6.2,308.5,13.9,D,0
-24.7972,147.6579,356.3,1,1,2014-11-12,0402,Aqua,MODIS,97,6.2,309.5,62.3,D,0
-24.7785,147.6581,333.2,1,1,2014-11-12,0402,Aqua,MODIS,70,6.2,309.8,19.6,D,0
-24.7882,147.6563,366.1,1,1,2014-11-12,0402,Aqua,MODIS,100,6.2,312.1,90.6,D,0
-24.7771,147.668,330.4,1,1,2014-11-12,0402,Aqua,MODIS,57,6.2,309.3,15.3,D,0
-22.5483,146.4815,334.6,1,1,2014-11-12,0402,Aqua,MODIS,68,6.2,319.7,8.3,D,0
-24.4454,146.7821,345.5,1,1,2014-11-12,0402,Aqua,MODIS,80,6.2,309.1,37.3,D,0
-22.5497,146.4718,353.3,1,1,2014-11-12,0402,Aqua,MODIS,95,6.2,321.5,42.7,D,0
-22.5511,146.4621,342.1,1,1,2014-11-12,0402,Aqua,MODIS,83,6.2,320.7,20.2,D,0
-24.9609,148.1082,332.7,1,1,2014-11-12,0402,Aqua,MODIS,72,6.2,300.1,24.9,D,0
-24.8608,148.7082,345.7,1.1,1,2014-11-12,0402,Aqua,MODIS,89,6.2,313,32.7,D,0
-24.8868,148.7237,347.5,1.1,1,2014-11-12,0402,Aqua,MODIS,90,6.2,314.6,37.4,D,0
-24.6353,148.1856,329.5,1,1,2014-11-12,0402,Aqua,MODIS,51,6.2,311.5,9.4,D,0
-22.7986,150.2661,329.2,1.3,1.1,2014-11-12,0402,Aqua,MODIS,46,6.2,302.1,19,D,0
-22.7885,150.2641,330,1.3,1.1,2014-11-12,0402,Aqua,MODIS,26,6.2,304.7,18.4,D,0
-23.5958,150.3365,330.5,1.3,1.1,2014-11-12,0402,Aqua,MODIS,65,6.2,309.4,21.8,D,0
-23.5857,150.3347,334.6,1.3,1.1,2014-11-12,0402,Aqua,MODIS,75,6.2,309.9,28.7,D,0
-23.5878,150.3224,340.8,1.3,1.1,2014-11-12,0402,Aqua,MODIS,84,6.2,309.3,41.9,D,0
-23.5777,150.3206,329.9,1.3,1.1,2014-11-12,0402,Aqua,MODIS,63,6.2,309,18.7,D,0
-24.8773,147.9224,359.4,1,1,2014-11-12,0402,Aqua,MODIS,99,6.2,304.4,72.3,D,0
-24.87,148.7099,347.9,1.1,1,2014-11-12,0402,Aqua,MODIS,91,6.2,313.3,37.5,D,0
-24.8792,148.7116,337,1.1,1,2014-11-12,0402,Aqua,MODIS,66,6.2,311.6,18.1,D,0
-24.8747,148.679,351,1,1,2014-11-12,0402,Aqua,MODIS,93,6.2,315.2,46.7,D,0
-22.9582,149.8478,363.1,1.2,1.1,2014-11-12,0402,Aqua,MODIS,100,6.2,308.4,105.8,D,0
-22.9601,149.8358,349.6,1.2,1.1,2014-11-12,0402,Aqua,MODIS,92,6.2,308.5,61.5,D,0
-22.9463,149.8586,334.9,1.2,1.1,2014-11-12,0402,Aqua,MODIS,73,6.2,308.8,23.1,D,0
-22.9483,149.8463,333.5,1.2,1.1,2014-11-12,0402,Aqua,MODIS,53,6.2,309.7,20.8,D,0
-22.9305,149.8306,332.1,1.2,1.1,2014-11-12,0402,Aqua,MODIS,55,6.2,308.2,17.3,D,0
-22.9324,149.8187,331.4,1.2,1.1,2014-11-12,0402,Aqua,MODIS,59,6.2,308.6,17.6,D,0
-24.0406,149.0561,332.7,1.1,1,2014-11-12,0402,Aqua,MODIS,57,6.2,313.4,14.2,D,0
-19.5418,143.0353,347.1,1.2,1.1,2014-11-12,0403,Aqua,MODIS,89,6.2,321.4,35.4,D,0
-19.5827,143.0294,342.1,1.2,1.1,2014-11-12,0403,Aqua,MODIS,66,6.2,321.9,23.5,D,0
-20.7458,148.438,344.6,1.1,1.1,2014-11-12,0403,Aqua,MODIS,87,6.2,305.5,50.7,D,0
-19.5064,142.9052,348.1,1.2,1.1,2014-11-12,0403,Aqua,MODIS,90,6.2,320.5,41,D,0
-19.4451,142.8313,332.7,1.2,1.1,2014-11-12,0403,Aqua,MODIS,33,6.2,317.8,10.5,D,0
-19.4624,142.9346,343,1.2,1.1,2014-11-12,0403,Aqua,MODIS,73,6.2,317.8,29.3,D,0
-19.5263,142.9081,336.9,1.2,1.1,2014-11-12,0403,Aqua,MODIS,20,6.2,320.5,14.6,D,0
-19.5332,142.9328,355.7,1.2,1.1,2014-11-12,0403,Aqua,MODIS,96,6.2,322,61.5,D,0
-19.5233,142.9314,354.2,1.2,1.1,2014-11-12,0403,Aqua,MODIS,95,6.2,321.8,55.2,D,0
-19.5079,142.8936,336.8,1.2,1.1,2014-11-12,0403,Aqua,MODIS,23,6.2,319.2,15.5,D,0
-19.4628,142.9291,338,1.2,1.1,2014-11-12,0403,Aqua,MODIS,37,6.2,318.5,20.8,D,0
-19.5517,143.0367,350.3,1.2,1.1,2014-11-12,0403,Aqua,MODIS,92,6.2,324.1,43.7,D,0
-19.4346,142.9132,382.1,1.2,1.1,2014-11-12,0403,Aqua,MODIS,100,6.2,318.6,187.2,D,0
-19.446,142.903,344.5,1.2,1.1,2014-11-12,0403,Aqua,MODIS,81,6.2,318.5,36.4,D,0
-19.4529,142.9277,342,1.2,1.1,2014-11-12,0403,Aqua,MODIS,57,6.2,316,30,D,0
-19.4361,142.9015,383.6,1.2,1.1,2014-11-12,0403,Aqua,MODIS,100,6.2,326.7,196.9,D,0
-20.6671,143.1385,339.1,1.2,1.1,2014-11-12,0403,Aqua,MODIS,78,6.2,322.1,15.4,D,0
-19.4262,142.9001,354.1,1.2,1.1,2014-11-12,0403,Aqua,MODIS,95,6.2,318.9,66.2,D,0
-19.4818,143.0199,360.2,1.2,1.1,2014-11-12,0403,Aqua,MODIS,100,6.2,321.4,79.9,D,0
-19.4734,143.0069,337.8,1.2,1.1,2014-11-12,0403,Aqua,MODIS,58,6.2,318.7,20.2,D,0
-19.4916,143.0212,349.3,1.2,1.1,2014-11-12,0403,Aqua,MODIS,85,6.2,322.8,42.2,D,0
-19.5502,143.0482,340,1.2,1.1,2014-11-12,0403,Aqua,MODIS,31,6.2,321.5,18.9,D,0
-19.4833,143.0083,343.6,1.2,1.1,2014-11-12,0403,Aqua,MODIS,57,6.2,322.6,28.5,D,0
-19.5842,143.0178,344.3,1.2,1.1,2014-11-12,0403,Aqua,MODIS,82,6.2,324.6,29.3,D,0
-19.5615,143.0381,349.8,1.2,1.1,2014-11-12,0403,Aqua,MODIS,69,6.2,324.3,40.8,D,0
-19.8925,143.9454,357,1.1,1,2014-11-12,0403,Aqua,MODIS,97,6.2,318,66.9,D,0
-21.1561,140.4367,334,1.9,1.3,2014-11-12,0403,Aqua,MODIS,27,6.2,313.2,26,D,0
-19.9006,143.9573,339.6,1.1,1,2014-11-12,0403,Aqua,MODIS,79,6.2,319.3,24.2,D,0
-18.745,145.8824,349.8,1,1,2014-11-12,0403,Aqua,MODIS,93,6.2,309.7,48,D,0
-21.1663,140.4562,332.1,1.9,1.3,2014-11-12,0403,Aqua,MODIS,20,6.2,313.5,19.3,D,0
-18.7463,145.873,352.4,1,1,2014-11-12,0403,Aqua,MODIS,94,6.2,308.2,55.3,D,0
-19.902,143.9469,336.8,1.1,1,2014-11-12,0403,Aqua,MODIS,67,6.2,319.3,19.2,D,0
-15.2569,144.9406,350.7,1,1,2014-11-12,0404,Aqua,MODIS,94,6.2,311.1,46.7,D,0
-18.0261,143.7193,340.1,1.1,1,2014-11-12,0404,Aqua,MODIS,21,6.2,323.5,14.2,D,0
-17.7574,135.1808,411.2,4.2,1.9,2014-11-12,0404,Aqua,MODIS,100,6.2,307.9,2445.7,D,0
-17.6988,135.2073,375.6,4.1,1.9,2014-11-12,0404,Aqua,MODIS,100,6.2,308.3,949.7,D,0
-18.6732,137.8629,335.9,2.7,1.6,2014-11-12,0404,Aqua,MODIS,74,6.2,309,71.5,D,0
-17.7707,135.2216,356.7,4.1,1.9,2014-11-12,0404,Aqua,MODIS,98,6.2,302.8,457.9,D,0
-17.804,135.2682,338.1,4.1,1.9,2014-11-12,0404,Aqua,MODIS,68,6.2,309.1,175.7,D,0
-15.2479,144.9392,348.5,1,1,2014-11-12,0404,Aqua,MODIS,92,6.2,315.4,42.4,D,0
-17.7536,135.22,393.2,4.1,1.9,2014-11-12,0404,Aqua,MODIS,94,6.2,305.6,1536.1,D,0
-17.7366,135.2183,390.9,4.1,1.9,2014-11-12,0404,Aqua,MODIS,94,6.2,300.8,1452.1,D,0
-18.6889,137.8975,341.8,2.7,1.6,2014-11-12,0404,Aqua,MODIS,86,6.2,314.2,108.3,D,0
-17.7745,135.1824,384.8,4.2,1.9,2014-11-12,0404,Aqua,MODIS,94,6.2,301.9,1232.8,D,0
-18.6747,137.896,371.3,2.7,1.6,2014-11-12,0404,Aqua,MODIS,100,6.2,310.2,425.5,D,0
-17.7403,135.1792,389.5,4.2,1.9,2014-11-12,0404,Aqua,MODIS,100,6.2,303,1429.8,D,0
-18.0451,143.6488,339.6,1.1,1,2014-11-12,0404,Aqua,MODIS,66,6.2,321,17.9,D,0
-17.7565,135.2243,373.9,4.1,1.9,2014-11-12,0404,Aqua,MODIS,94,6.2,304.5,860.3,D,0
-18.6773,137.8706,365.2,2.7,1.6,2014-11-12,0404,Aqua,MODIS,100,6.2,311.6,346.1,D,0
-18.7005,137.9243,336.3,2.7,1.6,2014-11-12,0404,Aqua,MODIS,75,6.2,312.9,64.2,D,0
-18.6819,137.915,333.2,2.7,1.6,2014-11-12,0404,Aqua,MODIS,60,6.2,309.6,48.4,D,0
-18.6846,137.8898,357.8,2.7,1.6,2014-11-12,0404,Aqua,MODIS,98,6.2,314.6,251.8,D,0
-17.7062,135.1759,358,4.2,1.9,2014-11-12,0404,Aqua,MODIS,98,6.2,303.1,543.8,D,0
-17.7159,135.2088,356,4.1,1.9,2014-11-12,0404,Aqua,MODIS,91,6.2,310,478.3,D,0
-15.2466,144.9484,333,1,1,2014-11-12,0404,Aqua,MODIS,52,6.2,314,14.9,D,0
-18.006,143.7267,338,1.1,1,2014-11-12,0404,Aqua,MODIS,57,6.2,320.9,14.7,D,0
-15.2592,144.9882,336,1,1,2014-11-12,0404,Aqua,MODIS,58,6.2,308,24.3,D,0
-18.0167,143.7179,345.8,1.1,1,2014-11-12,0404,Aqua,MODIS,63,6.2,324.4,26.6,D,0
-15.2682,144.9896,342.6,1,1,2014-11-12,0404,Aqua,MODIS,87,6.2,305.2,36.2,D,0
-17.6818,135.2058,326.3,4.1,1.9,2014-11-12,0404,Aqua,MODIS,29,6.2,293.9,88.8,D,0
-17.7735,135.2259,345.3,4.1,1.9,2014-11-12,0404,Aqua,MODIS,80,6.2,303.3,255.4,D,0
-15.2337,144.9683,329.1,1,1,2014-11-12,0404,Aqua,MODIS,42,6.2,310,11,D,0
-15.2492,144.9299,338.4,1,1,2014-11-12,0404,Aqua,MODIS,82,6.2,309.8,24.8,D,0
-18.0154,143.7281,344.5,1.1,1,2014-11-12,0404,Aqua,MODIS,65,6.2,322,24.7,D,0
-17.76,135.1851,413.9,4.2,1.9,2014-11-12,0404,Aqua,MODIS,100,6.2,306.9,2592.3,D,0
-17.7025,135.215,373.6,4.1,1.9,2014-11-12,0404,Aqua,MODIS,100,6.2,311,894,D,0
-17.7771,135.1867,374.3,4.2,1.9,2014-11-12,0404,Aqua,MODIS,94,6.2,300.1,888.5,D,0
-18.0074,143.7165,339.8,1.1,1,2014-11-12,0404,Aqua,MODIS,57,6.2,321.3,17.5,D,0
-17.7027,135.1682,339.1,4.2,1.9,2014-11-12,0404,Aqua,MODIS,65,6.2,301.3,234.5,D,0
-18.0357,143.6474,347.4,1.1,1,2014-11-12,0404,Aqua,MODIS,84,6.2,320.3,33.4,D,0
-17.7196,135.2166,353.8,4.1,1.9,2014-11-12,0404,Aqua,MODIS,90,6.2,306.4,435.5,D,0
-18.6705,137.8882,374,2.7,1.6,2014-11-12,0404,Aqua,MODIS,100,6.2,308.9,462.5,D,0
-15.1695,143.1251,344.6,1.1,1,2014-11-12,0404,Aqua,MODIS,86,6.2,319.3,27.1,D,0
-17.7429,135.1834,408.5,4.2,1.9,2014-11-12,0404,Aqua,MODIS,100,6.2,306.1,2300.4,D,0
-15.2556,144.9498,379.8,1,1,2014-11-12,0404,Aqua,MODIS,100,6.2,316.5,135.1,D,0
-14.9187,145.0528,332.3,1,1,2014-11-12,0404,Aqua,MODIS,69,6.2,290.3,26.2,D,0
-17.6855,135.2134,338.5,4.1,1.9,2014-11-12,0404,Aqua,MODIS,75,6.2,296.8,217.8,D,0
-17.7395,135.2225,387.4,4.1,1.9,2014-11-12,0404,Aqua,MODIS,87,6.2,299.9,1307.2,D,0
-14.72,144.7015,340,1,1,2014-11-12,0404,Aqua,MODIS,84,6.2,303.9,28.3,D,0
-15.1086,145.0755,336.7,1,1,2014-11-12,0404,Aqua,MODIS,81,6.2,304.4,29.1,D,0
-15.1073,145.0848,332.2,1,1,2014-11-12,0404,Aqua,MODIS,64,6.2,305.5,20.6,D,0
-15.0624,145.0778,353.9,1,1,2014-11-12,0404,Aqua,MODIS,96,6.2,301.6,60.1,D,0
-14.7613,144.6104,358.4,1,1,2014-11-12,0404,Aqua,MODIS,99,6.2,304.6,68.5,D,0
-14.7111,144.7001,333.1,1,1,2014-11-12,0404,Aqua,MODIS,74,6.2,306.4,17.7,D,0
-14.76,144.6197,356.1,1,1,2014-11-12,0404,Aqua,MODIS,97,6.2,305.7,62,D,0
-14.7523,144.6091,357.9,1,1,2014-11-12,0404,Aqua,MODIS,98,6.2,306.5,67.6,D,0
-14.7341,144.6724,327.3,1,1,2014-11-12,0404,Aqua,MODIS,43,6.2,303.8,12,D,0
-14.7328,144.6816,327.1,1,1,2014-11-12,0404,Aqua,MODIS,45,6.2,301.3,11.9,D,0
-15.0637,145.0686,391,1,1,2014-11-12,0404,Aqua,MODIS,100,6.2,307.1,192.4,D,0
-14.769,144.621,345.8,1,1,2014-11-12,0404,Aqua,MODIS,89,6.2,304.3,39.9,D,0
-14.7471,144.646,326.8,1,1,2014-11-12,0404,Aqua,MODIS,40,6.2,303,10.6,D,0
-15.0547,145.0672,375.7,1,1,2014-11-12,0404,Aqua,MODIS,100,6.2,305.7,124.8,D,0
-14.7703,144.6118,334.8,1,1,2014-11-12,0404,Aqua,MODIS,76,6.2,302.2,21.6,D,0
-14.7457,144.6553,333.9,1,1,2014-11-12,0404,Aqua,MODIS,74,6.2,302,20.2,D,0
-14.742,144.6169,333.2,1,1,2014-11-12,0404,Aqua,MODIS,73,6.2,304.4,18.1,D,0
-14.7433,144.6077,358.2,1,1,2014-11-12,0404,Aqua,MODIS,98,6.2,305,68,D,0
-15.1059,145.0941,328.3,1,1,2014-11-12,0404,Aqua,MODIS,64,6.2,304.7,16,D,0
-14.751,144.6183,336.3,1,1,2014-11-12,0404,Aqua,MODIS,78,6.2,305.6,23.6,D,0
-14.7213,144.6923,341.5,1,1,2014-11-12,0404,Aqua,MODIS,86,6.2,302.3,31,D,0
-14.7464,144.5166,358.9,1,1,2014-11-12,0404,Aqua,MODIS,99,6.2,311.8,66.3,D,0
-14.7477,144.5074,366.9,1,1,2014-11-12,0404,Aqua,MODIS,100,6.2,313.9,88.6,D,0
-14.7345,144.5999,325.8,1,1,2014-11-12,0404,Aqua,MODIS,40,6.2,304.4,9,D,0
-14.6938,144.4991,328.9,1,1,2014-11-12,0404,Aqua,MODIS,40,6.2,308.9,9.8,D,0
-14.7348,144.5338,341.5,1,1,2014-11-12,0404,Aqua,MODIS,85,6.2,307.1,31.1,D,0
-17.1638,142.7584,347,1.2,1.1,2014-11-12,0404,Aqua,MODIS,89,6.2,319.4,36.1,D,0
-17.0237,137.2245,330,2.9,1.6,2014-11-12,0404,Aqua,MODIS,56,6.2,307.7,46.5,D,0
-17.0227,137.2199,327.9,2.9,1.6,2014-11-12,0404,Aqua,MODIS,37,6.2,307.8,35.2,D,0
-16.9672,137.1865,337.9,2.9,1.6,2014-11-12,0404,Aqua,MODIS,82,6.2,309.2,100.6,D,0
-16.9625,137.2063,330,2.9,1.6,2014-11-12,0404,Aqua,MODIS,70,6.2,308.2,47.8,D,0
-16.9656,137.1792,330,2.9,1.6,2014-11-12,0404,Aqua,MODIS,70,6.2,308.9,49.1,D,0
-17.0034,143.0604,339,1.1,1.1,2014-11-12,0404,Aqua,MODIS,73,6.2,315.1,22.4,D,0
-14.7361,144.5245,330.1,1,1,2014-11-12,0404,Aqua,MODIS,60,6.2,306.6,12.5,D,0
-15.0524,145.0196,363.7,1,1,2014-11-12,0404,Aqua,MODIS,100,6.2,309.2,85.2,D,0
-17.1491,142.6432,357.2,1.2,1.1,2014-11-12,0404,Aqua,MODIS,98,6.2,317.7,67.6,D,0
-14.7446,144.5984,333.2,1,1,2014-11-12,0404,Aqua,MODIS,73,6.2,300,20.6,D,0
-14.6848,144.4978,348.1,1,1,2014-11-12,0404,Aqua,MODIS,91,6.2,308.2,42.7,D,0
-16.914,142.9648,340.7,1.1,1.1,2014-11-12,0404,Aqua,MODIS,67,6.2,312.8,28.5,D,0
-15.1659,145.1848,335.3,1,1,2014-11-12,0404,Aqua,MODIS,79,6.2,300.1,27.1,D,0
-16.8794,137.563,327,2.7,1.6,2014-11-12,0404,Aqua,MODIS,54,6.2,305.9,35.8,D,0
-16.8397,137.5328,328.9,2.7,1.6,2014-11-12,0404,Aqua,MODIS,66,6.2,309.2,43.6,D,0
-16.8363,137.5275,328.1,2.7,1.6,2014-11-12,0404,Aqua,MODIS,50,6.2,308.6,36.9,D,0
-14.7451,144.5259,332.5,1,1,2014-11-12,0404,Aqua,MODIS,72,6.2,307,15.2,D,0
-16.9208,142.9875,364.2,1.1,1.1,2014-11-12,0404,Aqua,MODIS,100,6.2,315.1,93,D,0
-17.1169,142.6613,348.7,1.2,1.1,2014-11-12,0404,Aqua,MODIS,80,6.2,313.7,43.4,D,0
-17.1266,142.6627,343.5,1.2,1.1,2014-11-12,0404,Aqua,MODIS,57,6.2,316.3,27,D,0
-17.1183,142.6502,367.4,1.2,1.1,2014-11-12,0404,Aqua,MODIS,100,6.2,317.3,107.8,D,0
-17.116,142.6556,355.6,1.2,1.1,2014-11-12,0404,Aqua,MODIS,96,6.2,316.2,66.6,D,0
-15.0627,145.0117,348,1,1,2014-11-12,0404,Aqua,MODIS,92,6.2,301.6,45.8,D,0
-15.1646,145.194,337.4,1,1,2014-11-12,0404,Aqua,MODIS,82,6.2,303.3,29.1,D,0
-16.9126,142.9755,367.8,1.1,1.1,2014-11-12,0404,Aqua,MODIS,100,6.2,313.8,109.5,D,0
-17.1328,143.1388,340.6,1.1,1.1,2014-11-12,0404,Aqua,MODIS,52,6.2,320.4,19.7,D,0
-15.0614,145.021,343.9,1,1,2014-11-12,0404,Aqua,MODIS,71,6.2,306.7,37.1,D,0
-16.9222,142.9769,373.3,1.1,1.1,2014-11-12,0404,Aqua,MODIS,100,6.2,320.2,129.4,D,0
-16.9236,142.9662,345.9,1.1,1.1,2014-11-12,0404,Aqua,MODIS,88,6.2,317.3,38.3,D,0
-15.073,145.0039,338.8,1,1,2014-11-12,0404,Aqua,MODIS,83,6.2,301.1,31.4,D,0
-15.0793,145.0237,334,1,1,2014-11-12,0404,Aqua,MODIS,55,6.2,299.4,23.2,D,0
-15.0717,145.0131,352.7,1,1,2014-11-12,0404,Aqua,MODIS,95,6.2,304.6,57.1,D,0
-15.078,145.033,333.4,1,1,2014-11-12,0404,Aqua,MODIS,57,6.2,300.7,22.8,D,0
-15.065,145.0593,348.4,1,1,2014-11-12,0404,Aqua,MODIS,92,6.2,302,47.5,D,0
-15.0537,145.0103,343.9,1,1,2014-11-12,0404,Aqua,MODIS,88,6.2,304.6,38.9,D,0
-18.2503,138.9973,335.2,2.2,1.4,2014-11-12,0404,Aqua,MODIS,59,6.2,309.4,46.2,D,0
-18.1158,138.9113,337.4,2.2,1.4,2014-11-12,0404,Aqua,MODIS,81,6.2,312,53.4,D,0
-18.118,138.8905,334.4,2.2,1.4,2014-11-12,0404,Aqua,MODIS,77,6.2,313.3,40.3,D,0
-18.1182,138.9065,335.8,2.2,1.4,2014-11-12,0404,Aqua,MODIS,78,6.2,313,46.8,D,0
-18.1052,138.9049,332.7,2.2,1.4,2014-11-12,0404,Aqua,MODIS,69,6.2,311.2,34.9,D,0
-16.8512,136.2464,337.5,3.4,1.7,2014-11-12,0404,Aqua,MODIS,82,6.2,309.4,116.4,D,0
-16.8526,136.2717,333.5,3.4,1.7,2014-11-12,0404,Aqua,MODIS,76,6.2,309.2,81.9,D,0
-16.8559,136.2399,332.4,3.4,1.7,2014-11-12,0404,Aqua,MODIS,75,6.2,309.5,74.1,D,0
-15.0422,145.0209,326.5,1,1,2014-11-12,0404,Aqua,MODIS,61,6.2,299.8,15.9,D,0
-15.0292,145.0472,328.5,1,1,2014-11-12,0404,Aqua,MODIS,64,6.2,297.5,18.6,D,0
-17.1597,135.4317,333.1,3.9,1.8,2014-11-12,0404,Aqua,MODIS,75,6.2,307.3,122.1,D,0
-17.1633,135.3949,356.3,3.9,1.8,2014-11-12,0404,Aqua,MODIS,97,6.2,306.4,445,D,0
-17.1541,135.4239,343.7,3.9,1.8,2014-11-12,0404,Aqua,MODIS,88,6.2,307.5,239.9,D,0
-17.1579,135.387,341.3,3.9,1.8,2014-11-12,0404,Aqua,MODIS,86,6.2,306.1,212.5,D,0
-17.0144,143.0511,339.1,1.1,1.1,2014-11-12,0404,Aqua,MODIS,67,6.2,318.6,21.1,D,0
-16.9207,136.2912,326.9,3.4,1.7,2014-11-12,0404,Aqua,MODIS,51,6.2,307.7,39.3,D,0
-16.9105,136.2851,333.1,3.4,1.7,2014-11-12,0404,Aqua,MODIS,75,6.2,308.4,81.7,D,0
-16.3512,144.8066,333.4,1,1,2014-11-12,0404,Aqua,MODIS,52,6.2,315.4,14.7,D,0
-17.3985,135.3968,339.5,4,1.9,2014-11-12,0404,Aqua,MODIS,84,6.2,305.3,206.6,D,0
-17.3941,135.3927,339.3,4,1.9,2014-11-12,0404,Aqua,MODIS,80,6.2,303.5,201.2,D,0
-14.7757,142.5659,339.6,1.1,1.1,2014-11-12,0404,Aqua,MODIS,69,6.2,314.4,22.7,D,0
-17.2006,143.1767,356.6,1.1,1.1,2014-11-12,0404,Aqua,MODIS,97,6.2,320.4,56.4,D,0
-14.7852,142.5672,338.9,1.1,1.1,2014-11-12,0404,Aqua,MODIS,56,6.2,317.1,19.5,D,0
-17.013,143.0618,338.2,1.1,1.1,2014-11-12,0404,Aqua,MODIS,57,6.2,316.1,20.6,D,0
-17.1409,143.1507,344.1,1.1,1.1,2014-11-12,0404,Aqua,MODIS,85,6.2,320.3,28.4,D,0
-17.1314,143.1494,349.1,1.1,1.1,2014-11-12,0404,Aqua,MODIS,91,6.2,319.7,40.2,D,0
-16.9953,143.0484,338.9,1.1,1.1,2014-11-12,0404,Aqua,MODIS,78,6.2,314.3,22,D,0
-14.7675,142.554,342.4,1.1,1.1,2014-11-12,0404,Aqua,MODIS,68,6.2,314.8,28.2,D,0
-17.1423,143.1401,339.1,1.1,1.1,2014-11-12,0404,Aqua,MODIS,71,6.2,319.7,16.6,D,0
-17.0225,143.0632,337.6,1.1,1.1,2014-11-12,0404,Aqua,MODIS,59,6.2,316.3,20.7,D,0
-17.1462,143.1472,383.6,1.1,1.1,2014-11-12,0404,Aqua,MODIS,100,6.2,323.6,166.8,D,0
-16.9467,143.013,344.4,1.1,1.1,2014-11-12,0404,Aqua,MODIS,83,6.2,316.8,30.7,D,0
-16.9857,143.047,356.8,1.1,1.1,2014-11-12,0404,Aqua,MODIS,97,6.2,318.3,64.4,D,0
-16.9843,143.0576,343,1.1,1.1,2014-11-12,0404,Aqua,MODIS,84,6.2,316.5,29.5,D,0
-17.1911,143.1753,388.7,1.1,1.1,2014-11-12,0404,Aqua,MODIS,100,6.2,325.4,194.7,D,0
-16.9776,143.035,341.5,1.1,1.1,2014-11-12,0404,Aqua,MODIS,78,6.2,320.5,24.5,D,0
-16.9762,143.0456,340.6,1.1,1.1,2014-11-12,0404,Aqua,MODIS,81,6.2,316.3,23.1,D,0
-15.1735,145.1954,327.5,1,1,2014-11-12,0404,Aqua,MODIS,63,6.2,302.8,14.4,D,0
-16.974,143.0278,337.6,1.1,1.1,2014-11-12,0404,Aqua,MODIS,43,6.2,320.8,16.1,D,0
-16.9725,143.0385,398.7,1.1,1.1,2014-11-12,0404,Aqua,MODIS,100,6.2,324.2,266.2,D,0
-17.0048,143.0498,365,1.1,1.1,2014-11-12,0404,Aqua,MODIS,100,6.2,318.5,92.1,D,0
-14.8043,142.57,336.3,1.1,1.1,2014-11-12,0404,Aqua,MODIS,61,6.2,316.4,16.4,D,0
-17.1218,143.1479,338.2,1.1,1.1,2014-11-12,0404,Aqua,MODIS,52,6.2,314.7,18.6,D,0
-17.1233,143.1374,352.2,1.1,1.1,2014-11-12,0404,Aqua,MODIS,92,6.2,319.2,49.5,D,0
-17.1137,143.136,341.5,1.1,1.1,2014-11-12,0404,Aqua,MODIS,67,6.2,313.3,27.1,D,0
-17.1056,143.124,365.8,1.1,1.1,2014-11-12,0404,Aqua,MODIS,100,6.2,313.3,96.4,D,0
-17.1151,143.1254,350.4,1.1,1.1,2014-11-12,0404,Aqua,MODIS,76,6.2,319.4,46,D,0
-17.0989,143.1015,344.1,1.1,1.1,2014-11-12,0404,Aqua,MODIS,57,6.2,316.5,31,D,0
-17.107,143.1135,364.6,1.1,1.1,2014-11-12,0404,Aqua,MODIS,100,6.2,319.2,89.7,D,0
-17.0975,143.1121,344.7,1.1,1.1,2014-11-12,0404,Aqua,MODIS,67,6.2,312.7,35.2,D,0
-17.0826,143.0775,338.3,1.1,1.1,2014-11-12,0404,Aqua,MODIS,42,6.2,317.3,19.6,D,0
-16.963,143.0371,341.9,1.1,1.1,2014-11-12,0404,Aqua,MODIS,80,6.2,315.3,25.2,D,0
-17.695,135.2461,343.2,4.1,1.9,2014-11-12,0404,Aqua,MODIS,41,6.2,305.6,264.8,D,0
-17.6784,135.2907,328.6,4.1,1.9,2014-11-12,0404,Aqua,MODIS,46,6.2,295.5,104.2,D,0
-17.6873,135.323,332.8,4.1,1.9,2014-11-12,0404,Aqua,MODIS,70,6.2,291.8,142.3,D,0
-15.1722,145.2047,341.8,1,1,2014-11-12,0404,Aqua,MODIS,87,6.2,306.5,35.6,D,0
-17.1815,143.1739,367.2,1.1,1.1,2014-11-12,0404,Aqua,MODIS,100,6.2,319.7,94.4,D,0
-16.929,142.9996,346.1,1.1,1.1,2014-11-12,0404,Aqua,MODIS,88,6.2,315.5,39.1,D,0
-17.1734,143.162,365.5,1.1,1.1,2014-11-12,0404,Aqua,MODIS,100,6.2,321.8,87.2,D,0
-17.172,143.1725,364.1,1.1,1.1,2014-11-12,0404,Aqua,MODIS,100,6.2,315.6,83.3,D,0
-17.1829,143.1634,346.7,1.1,1.1,2014-11-12,0404,Aqua,MODIS,52,6.2,323.3,30.8,D,0
-17.3465,142.7629,343.8,1.2,1.1,2014-11-12,0404,Aqua,MODIS,80,6.2,320.2,27.8,D,0
-14.6194,144.4442,329.5,1,1,2014-11-12,0404,Aqua,MODIS,67,6.2,304,14.1,D,0
-17.3538,142.7073,336.6,1.2,1.1,2014-11-12,0404,Aqua,MODIS,52,6.2,318.1,16.5,D,0
-14.3724,134.6834,325.9,4.1,1.9,2014-11-12,0405,Aqua,MODIS,29,6.2,309.1,63.1,D,0
-11.4745,142.5416,319.8,1.1,1,2014-11-12,0405,Aqua,MODIS,41,6.2,301.1,10.6,D,0
-11.4732,142.5513,321.9,1.1,1,2014-11-12,0405,Aqua,MODIS,69,6.2,300.2,13.5,D,0
-13.927,141.8219,333.3,1.2,1.1,2014-11-12,0405,Aqua,MODIS,27,6.2,310.2,20.2,D,0
-12.0303,142.4376,330.2,1.1,1,2014-11-12,0405,Aqua,MODIS,73,6.2,302.2,19.4,D,0
-14.2951,135.2561,346.1,3.7,1.8,2014-11-12,0405,Aqua,MODIS,93,6.2,307.7,248.9,D,0
-12.8266,142.4058,341.2,1.1,1,2014-11-12,0405,Aqua,MODIS,86,6.2,304.2,34.7,D,0
-14.2552,136.714,328,2.9,1.6,2014-11-12,0405,Aqua,MODIS,0,6.2,306,52,D,0
-12.5572,142.8207,328.6,1.1,1,2014-11-12,0405,Aqua,MODIS,75,6.2,302.1,18.1,D,0
-11.1439,142.5484,320.5,1.1,1,2014-11-12,0405,Aqua,MODIS,55,6.2,296.7,9.8,D,0
-14.3795,134.649,328.5,4.1,1.9,2014-11-12,0405,Aqua,MODIS,67,6.2,307.8,90.4,D,0
-14.3764,134.6448,326.8,4.1,1.9,2014-11-12,0405,Aqua,MODIS,80,6.2,308,80.3,D,0
-13.9723,141.5496,335.7,1.3,1.1,2014-11-12,0405,Aqua,MODIS,80,6.2,303,37.6,D,0
-13.8499,141.7139,350.4,1.2,1.1,2014-11-12,0405,Aqua,MODIS,94,6.2,313.7,63.8,D,0
-13.9708,141.5612,339.5,1.3,1.1,2014-11-12,0405,Aqua,MODIS,84,6.2,303.6,43.7,D,0
-13.8514,141.7025,355.8,1.2,1.1,2014-11-12,0405,Aqua,MODIS,97,6.2,309.4,84.9,D,0
-13.0522,136.2721,323.1,3,1.6,2014-11-12,0405,Aqua,MODIS,33,6.2,303.5,38.7,D,0
-14.2487,136.8975,336.2,2.8,1.6,2014-11-12,0405,Aqua,MODIS,87,6.2,301.1,98.4,D,0
-14.2404,136.8774,331.8,2.8,1.6,2014-11-12,0405,Aqua,MODIS,83,6.2,302.4,67.3,D,0
-12.4655,142.9595,326.7,1.1,1,2014-11-12,0405,Aqua,MODIS,73,6.2,300.2,18.3,D,0
-12.5462,143.0355,332.8,1,1,2014-11-12,0405,Aqua,MODIS,76,6.2,303.3,24.4,D,0
-12.5619,143.0573,323.7,1,1,2014-11-12,0405,Aqua,MODIS,54,6.2,300.3,12,D,0
-13.8989,143.5454,328,1,1,2014-11-12,0405,Aqua,MODIS,41,6.2,306.1,14,D,0
-14.2517,136.8719,332.7,2.8,1.6,2014-11-12,0405,Aqua,MODIS,85,6.2,300.8,75.9,D,0
-12.3719,142.9001,335.2,1.1,1,2014-11-12,0405,Aqua,MODIS,83,6.2,298.1,29.3,D,0
-11.0687,142.6161,320.7,1.1,1,2014-11-12,0405,Aqua,MODIS,57,6.2,297.1,12.3,D,0
-11.1481,142.4501,326.9,1.1,1,2014-11-12,0405,Aqua,MODIS,69,6.2,300.5,15.3,D,0
-12.0437,142.4091,329.7,1.1,1,2014-11-12,0405,Aqua,MODIS,73,6.2,305.1,16.6,D,0
-11.1467,142.4599,324.5,1.1,1,2014-11-12,0405,Aqua,MODIS,39,6.2,299.9,12,D,0
-12.0572,142.3805,328.8,1.1,1,2014-11-12,0405,Aqua,MODIS,73,6.2,303.4,14.4,D,0
-13.0471,143.3974,319.7,1,1,2014-11-12,0405,Aqua,MODIS,47,6.2,299.1,12.2,D,0
-11.1425,142.558,321.8,1.1,1,2014-11-12,0405,Aqua,MODIS,51,6.2,298.9,11,D,0
-11.0272,142.5947,349.8,1.1,1,2014-11-12,0405,Aqua,MODIS,95,6.2,299.1,57.6,D,0
-12.4646,136.6747,323.6,2.7,1.6,2014-11-12,0405,Aqua,MODIS,34,6.2,304.8,33.4,D,0
-14.2824,135.22,330.4,3.7,1.8,2014-11-12,0405,Aqua,MODIS,77,6.2,307.2,75.4,D,0
-14.3113,135.2578,327.5,3.7,1.8,2014-11-12,0405,Aqua,MODIS,37,6.2,307.1,61.3,D,0
-14.4528,134.0817,328.6,4.6,2,2014-11-12,0405,Aqua,MODIS,78,6.2,307.1,80.6,D,0
-14.4522,134.0851,329.6,4.6,2,2014-11-12,0405,Aqua,MODIS,82,6.2,307.1,93.5,D,0
-11.0194,142.5838,326,1.1,1,2014-11-12,0405,Aqua,MODIS,42,6.2,298,16.8,D,0
-14.2874,135.2477,330.4,3.7,1.8,2014-11-12,0405,Aqua,MODIS,35,6.2,307,74.5,D,0
-12.3589,142.8587,363.9,1.1,1,2014-11-12,0405,Aqua,MODIS,100,6.2,303,92.9,D,0
-12.5359,142.9068,322.6,1.1,1,2014-11-12,0405,Aqua,MODIS,44,6.2,298.2,11.7,D,0
-12.3272,142.8838,327.9,1.1,1,2014-11-12,0405,Aqua,MODIS,69,6.2,297.8,17.1,D,0
-12.3456,142.8864,332.7,1.1,1,2014-11-12,0405,Aqua,MODIS,76,6.2,300.5,22.4,D,0
-13.9721,135.0581,335.6,3.8,1.8,2014-11-12,0405,Aqua,MODIS,72,6.2,308.2,123.7,D,0
-13.9708,134.9146,340.4,3.9,1.8,2014-11-12,0405,Aqua,MODIS,85,6.2,310.2,195.7,D,0
-13.9649,134.9063,331.6,3.9,1.8,2014-11-12,0405,Aqua,MODIS,76,6.2,308.2,99.2,D,0
-14.2373,136.8701,324.3,2.8,1.6,2014-11-12,0405,Aqua,MODIS,42,6.2,302.4,33.2,D,0
-14.1874,136.6488,321.5,2.9,1.6,2014-11-12,0405,Aqua,MODIS,71,6.2,303.6,32,D,0
-14.0504,134.1357,328.7,4.5,1.9,2014-11-12,0405,Aqua,MODIS,59,6.2,309,70,D,0
-12.3602,142.849,358,1.1,1,2014-11-12,0405,Aqua,MODIS,99,6.2,302,76.5,D,0
-14.1017,134.9039,337.4,3.9,1.8,2014-11-12,0405,Aqua,MODIS,82,6.2,309.5,140.3,D,0
-14.1183,134.9055,331.3,3.9,1.8,2014-11-12,0405,Aqua,MODIS,73,6.2,307.6,73.1,D,0
-13.9782,135.0627,343,3.8,1.8,2014-11-12,0405,Aqua,MODIS,88,6.2,309.5,208.3,D,0
-13.9684,135.093,330.9,3.8,1.8,2014-11-12,0405,Aqua,MODIS,37,6.2,307.1,82.7,D,0
-14.0427,136.5984,323.7,2.9,1.6,2014-11-12,0405,Aqua,MODIS,37,6.2,303.4,41.6,D,0
-13.7155,135.461,325.8,3.5,1.8,2014-11-12,0405,Aqua,MODIS,58,6.2,307.3,46.9,D,0
-13.8572,134.1121,352.9,4.5,1.9,2014-11-12,0405,Aqua,MODIS,96,6.2,307.1,440.4,D,0
-13.8396,134.1107,341.5,4.5,1.9,2014-11-12,0405,Aqua,MODIS,91,6.2,304.8,247.8,D,0
-13.8561,134.1046,354.1,4.5,1.9,2014-11-12,0405,Aqua,MODIS,97,6.2,306.6,465.2,D,0
-13.8385,134.1034,333.1,4.5,1.9,2014-11-12,0405,Aqua,MODIS,73,6.2,304,139.8,D,0
-12.5518,142.8596,330.2,1.1,1,2014-11-12,0405,Aqua,MODIS,68,6.2,303.3,21.2,D,0
-12.5373,142.8971,349,1.1,1,2014-11-12,0405,Aqua,MODIS,94,6.2,298.5,54.4,D,0
-13.8517,134.1454,337.9,4.4,1.9,2014-11-12,0405,Aqua,MODIS,88,6.2,308.7,182,D,0
-14.0998,134.8601,336.9,3.9,1.8,2014-11-12,0405,Aqua,MODIS,81,6.2,307.9,143.7,D,0
-14.1204,134.8256,336.2,4,1.9,2014-11-12,0405,Aqua,MODIS,76,6.2,305.1,153.8,D,0
-14.1165,134.8619,345.6,3.9,1.8,2014-11-12,0405,Aqua,MODIS,90,6.2,306.7,255.1,D,0
-14.1257,134.8336,337,4,1.9,2014-11-12,0405,Aqua,MODIS,73,6.2,305.4,156.5,D,0
-14.1424,134.8358,345.5,4,1.9,2014-11-12,0405,Aqua,MODIS,90,6.2,307.1,263.2,D,0
-14.1591,134.8381,326.6,4,1.9,2014-11-12,0405,Aqua,MODIS,40,6.2,307.7,58.2,D,0
-14.2341,134.7713,329.2,4,1.9,2014-11-12,0405,Aqua,MODIS,61,6.2,309.1,79,D,0
-14.238,134.7758,329,4,1.9,2014-11-12,0405,Aqua,MODIS,53,6.2,309.4,74.5,D,0
-12.0585,142.3705,335.5,1.1,1,2014-11-12,0405,Aqua,MODIS,86,6.2,303.7,25.8,D,0
-12.0599,142.3605,328.1,1.1,1,2014-11-12,0405,Aqua,MODIS,70,6.2,303.7,15.6,D,0
-13.9594,135.0213,331,3.8,1.8,2014-11-12,0405,Aqua,MODIS,31,6.2,309,81.1,D,0
-13.9467,134.9842,331.2,3.8,1.8,2014-11-12,0405,Aqua,MODIS,62,6.2,305.9,94.9,D,0
-13.9528,135.013,333.2,3.8,1.8,2014-11-12,0405,Aqua,MODIS,72,6.2,308.1,110.4,D,0
-13.9568,134.9776,333.5,3.8,1.8,2014-11-12,0405,Aqua,MODIS,79,6.2,307,115,D,0
-12.3547,142.9564,325.4,1,1,2014-11-12,0405,Aqua,MODIS,62,6.2,299.3,15.7,D,0
-12.3455,142.955,325.3,1,1,2014-11-12,0405,Aqua,MODIS,61,6.2,300.5,14.1,D,0
-12.3469,142.9454,328.8,1.1,1,2014-11-12,0405,Aqua,MODIS,59,6.2,301.4,18.2,D,0
-12.339,142.9345,323.5,1.1,1,2014-11-12,0405,Aqua,MODIS,59,6.2,299.8,11.8,D,0
-11.9889,135.6746,334,3.2,1.7,2014-11-12,0405,Aqua,MODIS,65,6.2,298.9,148.7,D,0
-11.9855,135.7039,326.1,3.2,1.7,2014-11-12,0405,Aqua,MODIS,0,6.2,300.6,92.4,D,0
-14.1126,134.8975,340.3,3.9,1.8,2014-11-12,0405,Aqua,MODIS,85,6.2,308.2,172.8,D,0
-14.1331,134.8638,350.1,3.9,1.8,2014-11-12,0405,Aqua,MODIS,93,6.2,308.9,319.9,D,0
-14.1497,134.8661,344.4,3.9,1.8,2014-11-12,0405,Aqua,MODIS,89,6.2,309.7,236.1,D,0
-14.1053,134.8679,342.4,3.9,1.8,2014-11-12,0405,Aqua,MODIS,87,6.2,307.6,210.6,D,0
-14.122,134.8698,347,3.9,1.8,2014-11-12,0405,Aqua,MODIS,91,6.2,307.6,270.3,D,0
-14.1386,134.8719,347.5,3.9,1.8,2014-11-12,0405,Aqua,MODIS,92,6.2,309.7,279.7,D,0
-14.1552,134.8746,334.9,3.9,1.8,2014-11-12,0405,Aqua,MODIS,79,6.2,308.8,131.2,D,0
-14.0959,134.896,338.2,3.9,1.8,2014-11-12,0405,Aqua,MODIS,83,6.2,309.8,146.5,D,0
-29.1429,118.8239,331.5,1.5,1.2,2014-11-12,0539,Aqua,MODIS,60,6.2,309.3,31.4,D,0
-29.8379,123.8396,355,1,1,2014-11-12,0539,Aqua,MODIS,97,6.2,313.6,58.8,D,0
-29.8394,123.8292,359,1,1,2014-11-12,0539,Aqua,MODIS,99,6.2,309,69.5,D,0
-29.8304,123.8275,340.7,1,1,2014-11-12,0539,Aqua,MODIS,66,6.2,312.7,29.9,D,0
-30.0846,123.8531,350.3,1,1,2014-11-12,0539,Aqua,MODIS,79,6.2,317.3,42.6,D,0
-30.0861,123.8427,361.8,1,1,2014-11-12,0539,Aqua,MODIS,94,6.2,317.2,69.2,D,0
-30.0995,123.7495,366.1,1,1,2014-11-12,0539,Aqua,MODIS,94,6.2,307.6,89.7,D,0
-25.0339,128.918,337.4,2,1.4,2014-11-12,0540,Aqua,MODIS,70,6.2,322,33.6,D,0
-24.0252,122.0019,342.7,1,1,2014-11-12,0541,Aqua,MODIS,88,6.2,310.5,32,D,0
-19.6489,131.2367,343.7,3.8,1.8,2014-11-12,0541,Aqua,MODIS,87,6.2,296.5,225.9,D,0
-24.0342,122.0034,338.6,1,1,2014-11-12,0541,Aqua,MODIS,84,6.2,310.6,27.4,D,0
-24.0266,121.9921,339.1,1,1,2014-11-12,0541,Aqua,MODIS,83,6.2,307.6,27.4,D,0
-23.3231,127.364,353.5,1.7,1.3,2014-11-12,0541,Aqua,MODIS,95,6.2,324.9,85.9,D,0
-23.5405,127.7023,406.6,1.7,1.3,2014-11-12,0541,Aqua,MODIS,100,6.2,325.6,593.8,D,0
-23.5435,127.6855,360.8,1.7,1.3,2014-11-12,0541,Aqua,MODIS,100,6.2,324.9,126.7,D,0
-23.5289,127.6999,367.9,1.7,1.3,2014-11-12,0541,Aqua,MODIS,100,6.2,323.5,173.9,D,0
-23.532,127.683,345.1,1.7,1.3,2014-11-12,0541,Aqua,MODIS,37,6.2,324.4,42.1,D,0
-23.5174,127.6973,384.5,1.7,1.3,2014-11-12,0541,Aqua,MODIS,100,6.2,329,315.2,D,0
-23.5059,127.6947,350.4,1.7,1.3,2014-11-12,0541,Aqua,MODIS,92,6.2,326.5,64.6,D,0
-23.5065,127.7056,341.7,1.7,1.3,2014-11-12,0541,Aqua,MODIS,23,6.2,325.2,29.1,D,0
-23.5095,127.6888,351.1,1.7,1.3,2014-11-12,0541,Aqua,MODIS,93,6.2,327.3,67.3,D,0
-23.312,127.2953,363.4,1.6,1.3,2014-11-12,0541,Aqua,MODIS,100,6.2,327.3,123.2,D,0
-23.2895,127.2905,349.5,1.6,1.3,2014-11-12,0541,Aqua,MODIS,52,6.2,327.7,47.7,D,0
-23.2924,127.2855,346.4,1.6,1.3,2014-11-12,0541,Aqua,MODIS,45,6.2,326.6,37.3,D,0
-23.3233,127.2978,403.3,1.6,1.3,2014-11-12,0541,Aqua,MODIS,100,6.2,330.3,493.6,D,0
-23.3262,127.2818,345.6,1.6,1.3,2014-11-12,0541,Aqua,MODIS,49,6.2,323.6,38.6,D,0
-22.2105,124.2227,346.3,1.1,1.1,2014-11-12,0541,Aqua,MODIS,63,6.2,314.1,37.7,D,0
-17.8404,124.0724,376.8,1.3,1.1,2014-11-12,0542,Aqua,MODIS,100,6.2,317.1,166.5,D,0
-17.8313,124.0639,349.6,1.3,1.1,2014-11-12,0542,Aqua,MODIS,91,6.2,314.7,46.4,D,0
-18.3656,122.3924,339.2,1.1,1,2014-11-12,0542,Aqua,MODIS,76,6.2,313.4,16.6,D,0
-17.8394,124.0776,358.4,1.3,1.1,2014-11-12,0542,Aqua,MODIS,98,6.2,314.3,82.1,D,0
-17.8413,124.0657,352.9,1.3,1.1,2014-11-12,0542,Aqua,MODIS,84,6.2,316.7,60.2,D,0
-18.3229,122.4259,336,1.1,1,2014-11-12,0542,Aqua,MODIS,52,6.2,315.3,12.1,D,0
-18.3214,122.4358,335.3,1.1,1,2014-11-12,0542,Aqua,MODIS,48,6.2,313.3,11.1,D,0
-18.3671,122.3825,352.4,1.1,1,2014-11-12,0542,Aqua,MODIS,94,6.2,316.1,44.2,D,0
-18.4549,122.2817,335.6,1,1,2014-11-12,0542,Aqua,MODIS,50,6.2,314.7,12,D,0
-18.2016,127.4473,340.6,2.1,1.4,2014-11-12,0542,Aqua,MODIS,69,6.2,299.6,80.2,D,0
-18.205,127.4277,332.7,2.1,1.4,2014-11-12,0542,Aqua,MODIS,52,6.2,293.9,47.4,D,0
-18.1637,127.4398,339.5,2.1,1.4,2014-11-12,0542,Aqua,MODIS,76,6.2,297.3,68.4,D,0
-18.1672,127.4201,347.8,2.1,1.4,2014-11-12,0542,Aqua,MODIS,85,6.2,304.7,118.2,D,0
-18.1545,127.4176,350.6,2.1,1.4,2014-11-12,0542,Aqua,MODIS,87,6.2,294.9,134.2,D,0
-18.6584,126.7946,368.7,1.9,1.3,2014-11-12,0542,Aqua,MODIS,100,6.2,317,219.1,D,0
-17.0157,131.036,342.1,4.1,1.9,2014-11-12,0542,Aqua,MODIS,87,6.2,306.4,243.4,D,0
-19.8713,121.7307,341.2,1,1,2014-11-12,0542,Aqua,MODIS,58,6.2,315.9,17.5,D,0
-19.3916,121.6145,380.7,1,1,2014-11-12,0542,Aqua,MODIS,100,6.2,315.8,130.9,D,0
-19.393,121.605,344.5,1,1,2014-11-12,0542,Aqua,MODIS,86,6.2,315.7,25.5,D,0
-19.3826,121.613,356.4,1,1,2014-11-12,0542,Aqua,MODIS,97,6.2,316.3,50,D,0
-19.384,121.6035,374.3,1,1,2014-11-12,0542,Aqua,MODIS,100,6.2,320.3,104.8,D,0
-19.3854,121.594,339.1,1,1,2014-11-12,0542,Aqua,MODIS,77,6.2,315.3,15.5,D,0
-19.3764,121.5925,336.7,1,1,2014-11-12,0542,Aqua,MODIS,37,6.2,316.3,11.6,D,0
-19.3584,121.5895,342.9,1,1,2014-11-12,0542,Aqua,MODIS,77,6.2,315.9,20.5,D,0
-19.3597,121.58,342.1,1,1,2014-11-12,0542,Aqua,MODIS,72,6.2,313.6,20.9,D,0
-19.3507,121.5785,347.3,1,1,2014-11-12,0542,Aqua,MODIS,89,6.2,314.5,30.8,D,0
-19.8566,121.702,365.5,1,1,2014-11-12,0542,Aqua,MODIS,75,6.2,310.3,81.5,D,0
-19.8476,121.7005,337.3,1,1,2014-11-12,0542,Aqua,MODIS,44,6.2,294.3,17.2,D,0
-18.6638,126.8027,353.9,1.9,1.3,2014-11-12,0542,Aqua,MODIS,95,6.2,311,117.1,D,0
-18.667,126.7852,347.7,1.9,1.3,2014-11-12,0542,Aqua,MODIS,90,6.2,314.2,84.8,D,0
-16.248,130.1606,324,3.7,1.8,2014-11-12,0542,Aqua,MODIS,20,6.2,297,53,D,0
-21.0101,121.5524,339.3,1,1,2014-11-12,0542,Aqua,MODIS,68,6.2,319.2,10.7,D,0
-21.2424,120.2873,337.9,1,1,2014-11-12,0542,Aqua,MODIS,59,6.2,316.4,11,D,0
-21.241,120.2973,338.5,1,1,2014-11-12,0542,Aqua,MODIS,62,6.2,316.7,12.3,D,0
-17.7448,126.3931,332.1,1.8,1.3,2014-11-12,0542,Aqua,MODIS,59,6.2,309.8,27.1,D,0
-17.2008,124.4183,337.3,1.4,1.2,2014-11-12,0542,Aqua,MODIS,42,6.2,314.8,18.6,D,0
-20.4443,124.1916,341.9,1.2,1.1,2014-11-12,0542,Aqua,MODIS,62,6.2,301.5,34.2,D,0
-16.0571,124.652,335,1.5,1.2,2014-11-12,0543,Aqua,MODIS,69,6.2,303.6,38.2,D,0
-15.4933,128.721,328.2,3,1.6,2014-11-12,0543,Aqua,MODIS,59,6.2,299.3,57,D,0
-15.1235,128.4808,336.3,2.9,1.6,2014-11-12,0543,Aqua,MODIS,82,6.2,302.8,105.7,D,0
-15.1179,128.5126,324.1,2.9,1.6,2014-11-12,0543,Aqua,MODIS,56,6.2,302.2,33.1,D,0
-15.123,128.4855,339.8,2.9,1.6,2014-11-12,0543,Aqua,MODIS,85,6.2,302.8,134.1,D,0
-15.1378,126.3795,323.5,2,1.4,2014-11-12,0543,Aqua,MODIS,48,6.2,301.2,20.2,D,0
-15.1383,126.3853,331.9,2,1.4,2014-11-12,0543,Aqua,MODIS,78,6.2,301,47.1,D,0
-14.6132,125.5877,336.4,1.8,1.3,2014-11-12,0543,Aqua,MODIS,83,6.2,304.2,46.5,D,0
-15.4918,128.7254,327.8,3,1.6,2014-11-12,0543,Aqua,MODIS,59,6.2,300.2,57.6,D,0
-15.664,127.3611,370.7,2.3,1.5,2014-11-12,0543,Aqua,MODIS,100,6.2,299.1,355.6,D,0
-15.1187,128.5078,330.9,2.9,1.6,2014-11-12,0543,Aqua,MODIS,75,6.2,302.4,70.8,D,0
-14.5746,125.5295,330.7,1.8,1.3,2014-11-12,0543,Aqua,MODIS,65,6.2,303.9,30.5,D,0
-37.3917,144.5679,314,1,1,2014-11-12,1323,Terra,MODIS,88,6.2,286.5,16.1,N,0
-37.3845,144.5716,301.8,1,1,2014-11-12,1323,Terra,MODIS,44,6.2,285.6,8.2,N,0
-30.4698,148.0539,314.5,2,1.4,2014-11-12,1325,Terra,MODIS,89,6.2,290,39.5,N,0
-30.4657,148.0749,309.6,2,1.4,2014-11-12,1325,Terra,MODIS,78,6.2,290.9,29.1,N,0
-30.4701,148.0606,322.7,2,1.4,2014-11-12,1325,Terra,MODIS,100,6.2,291.1,61.3,N,0
-24.8344,147.92,304.9,2.7,1.6,2014-11-12,1326,Terra,MODIS,42,6.2,291,21.3,N,0
-24.9124,148.6597,307.6,3,1.6,2014-11-12,1326,Terra,MODIS,37,6.2,293.6,28.8,N,0
-24.9418,148.6668,308.6,3,1.6,2014-11-12,1326,Terra,MODIS,23,6.2,293.9,32,N,0
-27.969,145.9577,311.9,1.7,1.3,2014-11-12,1326,Terra,MODIS,84,6.2,293,23.9,N,0
-24.8316,148.0052,306.7,2.7,1.6,2014-11-12,1326,Terra,MODIS,48,6.2,291.8,26.2,N,0
-24.8125,147.8844,314.1,2.7,1.6,2014-11-12,1326,Terra,MODIS,78,6.2,290.9,46.3,N,0
-24.9407,148.6729,309.4,3,1.6,2014-11-12,1326,Terra,MODIS,46,6.2,294.1,34.5,N,0
-24.8451,147.9168,305.5,2.7,1.6,2014-11-12,1326,Terra,MODIS,32,6.2,291,22.4,N,0
-24.809,147.878,316.5,2.7,1.6,2014-11-12,1326,Terra,MODIS,93,6.2,290.9,56,N,0
-24.795,147.8747,303.1,2.7,1.6,2014-11-12,1326,Terra,MODIS,40,6.2,290.1,18.6,N,0
-24.8312,147.9131,307.3,2.7,1.6,2014-11-12,1326,Terra,MODIS,43,6.2,291.1,27.3,N,0
-22.9131,146.6254,335.2,2.4,1.5,2014-11-12,1327,Terra,MODIS,100,6.2,296,121.4,N,0
-22.891,146.5963,312.7,2.4,1.5,2014-11-12,1327,Terra,MODIS,85,6.2,294.2,34.3,N,0
-22.9087,146.5765,313.1,2.4,1.5,2014-11-12,1327,Terra,MODIS,86,6.2,294.3,34.4,N,0
-23.3784,147.8662,311,2.9,1.6,2014-11-12,1327,Terra,MODIS,73,6.2,292,46.4,N,0
-23.3641,147.8626,305.5,2.9,1.6,2014-11-12,1327,Terra,MODIS,56,6.2,291.3,30.1,N,0
-23.3776,147.8605,312.6,2.9,1.6,2014-11-12,1327,Terra,MODIS,85,6.2,292.3,51.5,N,0
-23.3632,147.8569,303,2.9,1.6,2014-11-12,1327,Terra,MODIS,39,6.2,291.3,22.3,N,0
-22.9042,146.5994,327.4,2.4,1.5,2014-11-12,1327,Terra,MODIS,100,6.2,295.2,84.1,N,0
-22.8998,146.6224,319.5,2.4,1.5,2014-11-12,1327,Terra,MODIS,99,6.2,294.6,54.5,N,0
-22.9219,146.5796,304.5,2.4,1.5,2014-11-12,1327,Terra,MODIS,60,6.2,294,14.8,N,0
-22.9175,146.6025,328.3,2.4,1.5,2014-11-12,1327,Terra,MODIS,100,6.2,295.7,88.9,N,0
-22.5633,146.449,307.2,2.4,1.5,2014-11-12,1327,Terra,MODIS,71,6.2,294.8,21.2,N,0
-22.5589,146.4718,325.7,2.4,1.5,2014-11-12,1327,Terra,MODIS,100,6.2,295.7,77.9,N,0
-22.5765,146.4521,319.5,2.4,1.5,2014-11-12,1327,Terra,MODIS,99,6.2,295.7,54.1,N,0
-22.5722,146.4749,312.7,2.4,1.5,2014-11-12,1327,Terra,MODIS,85,6.2,295,33.5,N,0
-24.8947,129.0654,337.5,3.9,1.8,2014-11-12,1327,Terra,MODIS,100,6.2,296.3,269.6,N,0
-24.9037,129.0991,308.1,3.9,1.8,2014-11-12,1327,Terra,MODIS,73,6.2,295,42.2,N,0
-24.9282,129.0687,310,3.9,1.8,2014-11-12,1327,Terra,MODIS,79,6.2,295.5,51.7,N,0
-24.9265,129.0219,312.2,4,1.9,2014-11-12,1327,Terra,MODIS,84,6.2,295.4,63.3,N,0
-24.9234,129.0623,318.5,3.9,1.8,2014-11-12,1327,Terra,MODIS,97,6.2,296.1,101.4,N,0
-24.9311,129.0288,315.3,4,1.9,2014-11-12,1327,Terra,MODIS,91,6.2,295.5,82.4,N,0
-24.9114,129.0678,320.6,3.9,1.8,2014-11-12,1327,Terra,MODIS,100,6.2,296.4,117.3,N,0
-24.9143,129.0273,306.9,4,1.9,2014-11-12,1327,Terra,MODIS,69,6.2,295.5,36.8,N,0
-24.8899,129.0584,310.7,3.9,1.8,2014-11-12,1327,Terra,MODIS,81,6.2,295.4,55.3,N,0
-24.9067,129.06,335.7,3.9,1.8,2014-11-12,1327,Terra,MODIS,100,6.2,297,252.2,N,0
-21.6724,141.1417,309,1.1,1.1,2014-11-12,1327,Terra,MODIS,73,6.2,298.4,6.3,N,0
-21.7058,141.1432,309.7,1.1,1.1,2014-11-12,1327,Terra,MODIS,75,6.2,298.4,7.5,N,0
-21.7041,141.154,309.6,1.1,1.1,2014-11-12,1327,Terra,MODIS,75,6.2,297.9,7.3,N,0
-19.8833,143.9456,305.3,1.8,1.3,2014-11-12,1328,Terra,MODIS,64,6.2,294.4,12,N,0
-20.7375,139.4735,312.7,1,1,2014-11-12,1328,Terra,MODIS,84,6.2,298.5,8.1,N,2
-19.8863,143.9289,305.4,1.8,1.3,2014-11-12,1328,Terra,MODIS,64,6.2,294.5,11.8,N,0
-17.3619,142.7185,309.4,1.6,1.3,2014-11-12,1328,Terra,MODIS,51,6.2,296.9,10.8,N,0
-19.4922,142.8753,313.5,1.5,1.2,2014-11-12,1328,Terra,MODIS,87,6.2,297.2,18.4,N,0
-17.3594,142.7336,319.1,1.6,1.3,2014-11-12,1328,Terra,MODIS,98,6.2,297.5,26.2,N,0
-18.8894,141.9017,316.1,1.3,1.1,2014-11-12,1328,Terra,MODIS,91,6.2,299.1,16.1,N,0
-18.8935,141.8764,310.1,1.3,1.1,2014-11-12,1328,Terra,MODIS,38,6.2,299,8.8,N,0
-19.451,142.9061,321.9,1.5,1.2,2014-11-12,1328,Terra,MODIS,100,6.2,298.3,31.1,N,0
-17.3756,142.7056,308,1.6,1.2,2014-11-12,1328,Terra,MODIS,36,6.2,297.1,8.9,N,0
-17.3746,142.7119,317.1,1.6,1.2,2014-11-12,1328,Terra,MODIS,94,6.2,297.6,22.9,N,0
-17.3731,142.7206,314.7,1.6,1.3,2014-11-12,1328,Terra,MODIS,89,6.2,297.5,18.8,N,0
-18.1916,139.0131,308.6,1,1,2014-11-12,1328,Terra,MODIS,75,6.2,297.1,5.6,N,0
-17.3543,142.7639,309.9,1.6,1.3,2014-11-12,1328,Terra,MODIS,76,6.2,297.4,12.2,N,0
-19.6452,130.7749,306.3,2.5,1.5,2014-11-12,1328,Terra,MODIS,68,6.2,295.7,20.8,N,0
-19.6373,130.7793,305.5,2.5,1.5,2014-11-12,1328,Terra,MODIS,65,6.2,295.2,18,N,0
-19.7416,130.919,307.5,2.5,1.5,2014-11-12,1328,Terra,MODIS,72,6.2,295.5,24.6,N,0
-19.6441,131.2498,308.5,2.3,1.5,2014-11-12,1328,Terra,MODIS,75,6.2,295.8,21.1,N,0
-16.8036,129.2791,314,3,1.7,2014-11-12,1329,Terra,MODIS,88,6.2,297.4,43.7,N,0
-15.5211,130.9947,310.9,2.1,1.4,2014-11-12,1329,Terra,MODIS,77,6.2,294.1,20.2,N,0
-15.5217,130.9883,310.3,2.1,1.4,2014-11-12,1329,Terra,MODIS,41,6.2,294.3,18.7,N,0
-15.4937,131.0054,307.4,2.1,1.4,2014-11-12,1329,Terra,MODIS,30,6.2,290.4,13.9,N,0
-16.7886,129.2778,319.2,3,1.7,2014-11-12,1329,Terra,MODIS,98,6.2,297.5,66,N,0
-16.7908,129.2559,312.2,3,1.7,2014-11-12,1329,Terra,MODIS,84,6.2,297.2,35.6,N,0
-16.788,129.2842,314.1,3,1.7,2014-11-12,1329,Terra,MODIS,89,6.2,297.2,43.3,N,0
-16.8057,129.2574,310.4,3,1.7,2014-11-12,1329,Terra,MODIS,80,6.2,297.2,29.7,N,0
-16.8029,129.2854,311.9,3,1.7,2014-11-12,1329,Terra,MODIS,84,6.2,297.2,35.3,N,0
-16.2965,130.2127,327.9,2.5,1.5,2014-11-12,1329,Terra,MODIS,100,6.2,297.4,81.7,N,0
-16.324,130.2161,314.8,2.5,1.5,2014-11-12,1329,Terra,MODIS,76,6.2,297.1,33.1,N,0
-16.3377,130.2177,312.5,2.5,1.5,2014-11-12,1329,Terra,MODIS,77,6.2,297,27.7,N,0
-15.7115,127.3714,303.1,4.1,1.9,2014-11-12,1329,Terra,MODIS,36,6.2,290,25.6,N,0
-16.9524,143.0351,308.1,1.7,1.3,2014-11-12,1329,Terra,MODIS,33,6.2,296.3,10.6,N,0
-16.9321,143.0146,306.5,1.7,1.3,2014-11-12,1329,Terra,MODIS,15,6.2,295.9,8.3,N,0
-17.1814,142.7664,312.7,1.6,1.3,2014-11-12,1329,Terra,MODIS,84,6.2,297.5,16.4,N,0
-17.1796,142.7726,308.4,1.6,1.3,2014-11-12,1329,Terra,MODIS,71,6.2,297.4,9.9,N,0
-17.1822,142.7573,310,1.6,1.3,2014-11-12,1329,Terra,MODIS,76,6.2,297.2,12.2,N,0
-17.1701,142.7642,309,1.6,1.3,2014-11-12,1329,Terra,MODIS,73,6.2,297.4,11.2,N,0
-17.1369,142.6177,316.1,1.6,1.2,2014-11-12,1329,Terra,MODIS,92,6.2,297.3,21.7,N,0
-13.9584,141.5641,306.1,1.5,1.2,2014-11-12,1329,Terra,MODIS,67,6.2,290.2,12.6,N,0
-15.0608,145.0575,317,2.7,1.6,2014-11-12,1329,Terra,MODIS,94,6.2,292.3,60.4,N,0
-16.8558,134.0746,328.3,1.3,1.1,2014-11-12,1329,Terra,MODIS,100,6.2,298.2,36,N,0
-16.4269,132.6381,316.2,1.7,1.3,2014-11-12,1329,Terra,MODIS,92,6.2,297.2,23.4,N,0
-16.4291,132.6321,328.6,1.7,1.3,2014-11-12,1329,Terra,MODIS,100,6.2,298,49.3,N,0
-16.4157,132.6462,320.3,1.7,1.3,2014-11-12,1329,Terra,MODIS,100,6.2,297.3,30.1,N,0
-16.8438,134.0857,309.7,1.3,1.1,2014-11-12,1329,Terra,MODIS,76,6.2,296.7,9.4,N,0
-16.8454,134.0731,309.1,1.3,1.1,2014-11-12,1329,Terra,MODIS,75,6.2,297.3,8.7,N,0
-15.057,145.0514,314.8,2.7,1.6,2014-11-12,1329,Terra,MODIS,90,6.2,292,52.7,N,0
-16.4401,132.624,319.6,1.7,1.3,2014-11-12,1329,Terra,MODIS,99,6.2,297.3,31,N,0
-16.4287,132.6225,324.2,1.7,1.3,2014-11-12,1329,Terra,MODIS,100,6.2,297.3,40.3,N,0
-16.431,132.6166,316.3,1.7,1.3,2014-11-12,1329,Terra,MODIS,93,6.2,296.9,23.2,N,0
-15.4857,145.1731,309.7,2.7,1.6,2014-11-12,1329,Terra,MODIS,78,6.2,292.6,35.3,N,0
-16.8434,136.2666,310.8,1.1,1,2014-11-12,1329,Terra,MODIS,74,6.2,298.2,6.7,N,0
-14.0666,141.6034,313.6,1.5,1.2,2014-11-12,1329,Terra,MODIS,78,6.2,293.1,19.1,N,0
-14.0675,141.61,308.5,1.5,1.2,2014-11-12,1329,Terra,MODIS,75,6.2,292.9,14.1,N,0
-17.138,135.4362,311.2,1.1,1.1,2014-11-12,1329,Terra,MODIS,62,6.2,297.5,7.7,N,0
-14.0698,141.5958,305.9,1.5,1.2,2014-11-12,1329,Terra,MODIS,61,6.2,292.5,10.4,N,0
-17.2247,135.4005,358.5,1.1,1.1,2014-11-12,1329,Terra,MODIS,100,6.2,301.5,94.7,N,0
-17.2261,135.3898,345,1.1,1.1,2014-11-12,1329,Terra,MODIS,100,6.2,300.3,57,N,0
-17.2151,135.3991,353.8,1.1,1.1,2014-11-12,1329,Terra,MODIS,100,6.2,300.3,80.8,N,0
-17.2041,135.4084,324.1,1.1,1.1,2014-11-12,1329,Terra,MODIS,100,6.2,297.9,21.1,N,0
-17.2055,135.3977,330.7,1.1,1.1,2014-11-12,1329,Terra,MODIS,100,6.2,298.2,30.3,N,0
-17.1945,135.407,316.3,1.1,1.1,2014-11-12,1329,Terra,MODIS,83,6.2,297.4,11.8,N,0
-17.1806,135.4096,307.3,1.1,1.1,2014-11-12,1329,Terra,MODIS,47,6.2,297.1,4.7,N,0
-17.1586,135.4283,308.1,1.1,1.1,2014-11-12,1329,Terra,MODIS,27,6.2,297.6,4.9,N,0
-17.3211,135.2877,346.2,1.2,1.1,2014-11-12,1329,Terra,MODIS,100,6.2,301.7,63.2,N,0
-17.3225,135.2768,328.1,1.2,1.1,2014-11-12,1329,Terra,MODIS,100,6.2,299.5,28,N,0
-17.3114,135.2863,334.9,1.2,1.1,2014-11-12,1329,Terra,MODIS,100,6.2,300.4,39.6,N,0
-17.3129,135.2754,308.8,1.2,1.1,2014-11-12,1329,Terra,MODIS,66,6.2,298.1,5.8,N,0
-17.3018,135.285,323.2,1.2,1.1,2014-11-12,1329,Terra,MODIS,100,6.2,299.1,20.8,N,0
-17.2357,135.3912,347,1.1,1.1,2014-11-12,1329,Terra,MODIS,100,6.2,301.5,63.3,N,0
-17.31,135.2973,313.4,1.2,1.1,2014-11-12,1329,Terra,MODIS,83,6.2,298.5,9.7,N,0
-17.3004,135.2959,312.4,1.2,1.1,2014-11-12,1329,Terra,MODIS,80,6.2,298.6,8.6,N,0
-17.2893,135.3054,349.6,1.2,1.1,2014-11-12,1329,Terra,MODIS,100,6.2,300.1,72.1,N,0
-17.2907,135.2945,330.3,1.2,1.1,2014-11-12,1329,Terra,MODIS,100,6.2,299.5,31.2,N,0
-17.2921,135.2836,313.6,1.2,1.1,2014-11-12,1329,Terra,MODIS,84,6.2,298.5,9.8,N,0
-17.2857,135.3101,328.3,1.2,1.1,2014-11-12,1329,Terra,MODIS,100,6.2,298.7,29,N,0
-17.2871,135.2993,344.6,1.2,1.1,2014-11-12,1329,Terra,MODIS,100,6.2,300.6,59.7,N,0
-17.2886,135.2884,317.9,1.2,1.1,2014-11-12,1329,Terra,MODIS,95,6.2,298.9,15.1,N,0
-17.276,135.3087,341,1.2,1.1,2014-11-12,1329,Terra,MODIS,100,6.2,300,51.8,N,0
-17.2774,135.2978,329.8,1.2,1.1,2014-11-12,1329,Terra,MODIS,100,6.2,299.3,30.6,N,0
-17.2789,135.2869,315.4,1.2,1.1,2014-11-12,1329,Terra,MODIS,89,6.2,298.3,12.1,N,0
-17.2664,135.3073,322.1,1.2,1.1,2014-11-12,1329,Terra,MODIS,100,6.2,298.1,19.5,N,0
-17.2678,135.2964,319.5,1.2,1.1,2014-11-12,1329,Terra,MODIS,98,6.2,298.1,15.6,N,0
-17.2692,135.2855,313.3,1.2,1.1,2014-11-12,1329,Terra,MODIS,80,6.2,298,9.2,N,0
-17.2553,135.3168,316.3,1.2,1.1,2014-11-12,1329,Terra,MODIS,60,6.2,298.2,11.5,N,0
-17.2596,135.2841,321.7,1.2,1.1,2014-11-12,1329,Terra,MODIS,100,6.2,298.5,18.5,N,0
-17.2485,135.2936,314,1.2,1.1,2014-11-12,1329,Terra,MODIS,30,6.2,297.6,8.4,N,0
-17.2499,135.2827,321.4,1.2,1.1,2014-11-12,1329,Terra,MODIS,95,6.2,298.5,17.5,N,0
-17.2195,135.2894,314.4,1.2,1.1,2014-11-12,1329,Terra,MODIS,13,6.2,297.9,9.6,N,0
-17.195,135.3017,309.4,1.2,1.1,2014-11-12,1329,Terra,MODIS,32,6.2,297.2,6.3,N,0
-17.1839,135.3112,308.9,1.2,1.1,2014-11-12,1329,Terra,MODIS,33,6.2,297.1,5.8,N,0
-17.1465,135.3719,307.7,1.1,1.1,2014-11-12,1329,Terra,MODIS,59,6.2,297.6,5.4,N,0
-17.1479,135.3611,309.3,1.2,1.1,2014-11-12,1329,Terra,MODIS,67,6.2,297.4,6.8,N,0
-17.1493,135.3503,308.6,1.2,1.1,2014-11-12,1329,Terra,MODIS,39,6.2,297.2,5.7,N,0
-17.1344,142.6327,309.4,1.6,1.2,2014-11-12,1329,Terra,MODIS,69,6.2,297.1,10.1,N,0
-17.2467,135.3818,314.7,1.2,1.1,2014-11-12,1329,Terra,MODIS,66,6.2,298.5,10.6,N,0
-17.2496,135.3602,310.7,1.2,1.1,2014-11-12,1329,Terra,MODIS,28,6.2,298.2,6.7,N,0
-17.2399,135.3587,314.5,1.2,1.1,2014-11-12,1329,Terra,MODIS,38,6.2,298.3,9.4,N,0
-17.2317,135.3465,317.5,1.2,1.1,2014-11-12,1329,Terra,MODIS,94,6.2,298.1,12.4,N,0
-17.1904,135.3625,311.4,1.2,1.1,2014-11-12,1329,Terra,MODIS,29,6.2,298,6.8,N,0
-17.1864,135.3666,310.5,1.2,1.1,2014-11-12,1329,Terra,MODIS,72,6.2,298,7.7,N,0
-17.1878,135.3558,308.6,1.2,1.1,2014-11-12,1329,Terra,MODIS,64,6.2,297.4,5.9,N,0
-17.1632,135.3192,312.5,1.2,1.1,2014-11-12,1329,Terra,MODIS,56,6.2,297.6,8.8,N,0
-17.1522,135.3287,307.9,1.2,1.1,2014-11-12,1329,Terra,MODIS,26,6.2,297.3,5.1,N,0
-17.1517,142.6669,309.2,1.6,1.3,2014-11-12,1329,Terra,MODIS,74,6.2,296.8,10.4,N,0
-17.1629,142.669,317.3,1.6,1.3,2014-11-12,1329,Terra,MODIS,94,6.2,297.6,23.6,N,0
-17.0292,143.0561,309,1.7,1.3,2014-11-12,1329,Terra,MODIS,73,6.2,296.2,13.1,N,0
-17.0408,143.0583,306.6,1.7,1.3,2014-11-12,1329,Terra,MODIS,48,6.2,296.2,9.3,N,0
-17.0367,143.063,308.8,1.7,1.3,2014-11-12,1329,Terra,MODIS,58,6.2,296.3,12.2,N,0
-15.77,133.4265,317.7,1.4,1.2,2014-11-12,1329,Terra,MODIS,95,6.2,297.6,20.9,N,0
-17.1679,142.6389,310.5,1.6,1.2,2014-11-12,1329,Terra,MODIS,78,6.2,297.6,12.8,N,0
-17.1654,142.6539,342.2,1.6,1.2,2014-11-12,1329,Terra,MODIS,100,6.2,299.1,88,N,0
-17.1542,142.6519,317,1.6,1.2,2014-11-12,1329,Terra,MODIS,94,6.2,297.2,22.7,N,0
-17.1567,142.6369,344.6,1.6,1.2,2014-11-12,1329,Terra,MODIS,100,6.2,299.4,95.7,N,0
-17.1593,142.6219,322.1,1.6,1.2,2014-11-12,1329,Terra,MODIS,100,6.2,297.4,32.5,N,0
-17.7023,135.0949,308.3,1.2,1.1,2014-11-12,1329,Terra,MODIS,62,6.2,297.7,5.4,N,0
-17.6809,135.2626,309.4,1.2,1.1,2014-11-12,1329,Terra,MODIS,31,6.2,297.9,6.1,N,0
-17.0917,143.0901,312.1,1.7,1.3,2014-11-12,1329,Terra,MODIS,82,6.2,296.6,17.7,N,0
-17.0801,143.0879,307.5,1.7,1.3,2014-11-12,1329,Terra,MODIS,67,6.2,296.2,10.7,N,0
-16.4494,133.7545,309.3,1.4,1.2,2014-11-12,1329,Terra,MODIS,76,6.2,297.4,9.3,N,0
-16.8357,133.9815,323.2,1.4,1.2,2014-11-12,1329,Terra,MODIS,100,6.2,299,24.7,N,0
-16.8373,133.9688,318.6,1.4,1.2,2014-11-12,1329,Terra,MODIS,71,6.2,298.2,18,N,0
-16.8253,133.9801,312.1,1.4,1.2,2014-11-12,1329,Terra,MODIS,50,6.2,297.8,10,N,0
-17.6823,135.2516,309.6,1.2,1.1,2014-11-12,1329,Terra,MODIS,69,6.2,297.5,6.5,N,0
-16.2939,130.2359,332.6,2.5,1.5,2014-11-12,1329,Terra,MODIS,100,6.2,297.4,104.5,N,0
-16.2802,130.2343,317.8,2.5,1.5,2014-11-12,1329,Terra,MODIS,89,6.2,296.7,40.9,N,0
-16.2526,130.2314,309.7,2.5,1.5,2014-11-12,1329,Terra,MODIS,16,6.2,296.5,16.6,N,0
-16.2827,130.211,321.4,2.5,1.5,2014-11-12,1329,Terra,MODIS,100,6.2,297.1,54.7,N,0
-16.2763,130.2049,311.5,2.5,1.5,2014-11-12,1329,Terra,MODIS,36,6.2,296.5,22,N,0
-16.2403,130.1528,307.7,2.5,1.5,2014-11-12,1329,Terra,MODIS,63,6.2,296.2,16.1,N,0
-15.7039,127.4019,315,4.1,1.9,2014-11-12,1329,Terra,MODIS,89,6.2,290.4,88.2,N,0
-15.7079,127.4091,308,4.1,1.9,2014-11-12,1329,Terra,MODIS,68,6.2,290.3,48,N,0
-17.6603,135.1747,312.8,1.2,1.1,2014-11-12,1329,Terra,MODIS,81,6.2,297.4,9.7,N,0
-15.4773,145.1906,321,2.7,1.6,2014-11-12,1329,Terra,MODIS,100,6.2,292.1,74.5,N,0
-15.4812,145.1977,320.8,2.7,1.6,2014-11-12,1329,Terra,MODIS,100,6.2,291.9,74.9,N,0
-17.6535,135.1509,309.6,1.2,1.1,2014-11-12,1329,Terra,MODIS,69,6.2,297.3,7.3,N,0
-15.4914,145.1931,306,2.7,1.6,2014-11-12,1329,Terra,MODIS,66,6.2,292.6,25.7,N,0
-16.3323,132.6764,306.4,1.6,1.3,2014-11-12,1329,Terra,MODIS,35,6.2,295.7,8.8,N,0
-18.6083,130.9722,305.6,2.4,1.5,2014-11-12,1329,Terra,MODIS,51,6.2,295.2,16.3,N,0
-18.6106,130.9497,306.9,2.4,1.5,2014-11-12,1329,Terra,MODIS,66,6.2,295.6,19.3,N,0
-18.6134,130.9663,309.3,2.4,1.5,2014-11-12,1329,Terra,MODIS,74,6.2,295.7,26.9,N,0
-15.0527,145.0758,302.5,2.7,1.6,2014-11-12,1329,Terra,MODIS,50,6.2,291.6,18.2,N,0
-18.6517,131.2005,308.4,2.3,1.5,2014-11-12,1329,Terra,MODIS,71,6.2,297.1,21.6,N,0
-13.5003,133.7469,325.2,1.3,1.1,2014-11-12,1330,Terra,MODIS,100,6.2,298.5,29.4,N,0
-13.5018,133.7351,316.8,1.3,1.1,2014-11-12,1330,Terra,MODIS,93,6.2,296.9,17.5,N,0
-13.937,134.9697,307.8,1.1,1.1,2014-11-12,1330,Terra,MODIS,68,6.2,297.4,6.9,N,0
-14.0619,134.1256,310.1,1.2,1.1,2014-11-12,1330,Terra,MODIS,74,6.2,295.8,9.5,N,0
-14.0227,136.602,310.3,1,1,2014-11-12,1330,Terra,MODIS,77,6.2,296.5,7.4,N,0
-13.834,134.0759,325.1,1.2,1.1,2014-11-12,1330,Terra,MODIS,100,6.2,298.7,27.3,N,0
-13.8355,134.0645,337.4,1.2,1.1,2014-11-12,1330,Terra,MODIS,100,6.2,300.1,49.9,N,0
-13.837,134.0531,320.2,1.2,1.1,2014-11-12,1330,Terra,MODIS,100,6.2,298.5,21.1,N,0
-13.8255,134.0632,314.8,1.2,1.1,2014-11-12,1330,Terra,MODIS,88,6.2,297.8,14.5,N,0
-13.827,134.0518,319.9,1.2,1.1,2014-11-12,1330,Terra,MODIS,99,6.2,297.6,21,N,0
-13.7821,136.8736,305.4,1,1,2014-11-12,1330,Terra,MODIS,57,6.2,295.2,4.8,N,0
-14.9104,130.7711,307.3,2.2,1.4,2014-11-12,1330,Terra,MODIS,68,6.2,288.8,17.9,N,0
-14.9093,130.7762,306.2,2.2,1.4,2014-11-12,1330,Terra,MODIS,52,6.2,289.2,13.8,N,0
-14.0304,136.6126,306.5,1,1,2014-11-12,1330,Terra,MODIS,47,6.2,295.4,4.5,N,0
-14.1455,134.8169,314.7,1.1,1.1,2014-11-12,1330,Terra,MODIS,88,6.2,297.6,11.7,N,0
-11.9818,135.6872,306.1,1,1,2014-11-12,1330,Terra,MODIS,62,6.2,295.8,5,N,0
-14.0338,134.1038,321.6,1.2,1.1,2014-11-12,1330,Terra,MODIS,100,6.2,297.2,23.8,N,0
-13.8631,134.1601,314.3,1.2,1.1,2014-11-12,1330,Terra,MODIS,87,6.2,297.9,13.8,N,0
-13.8649,134.1553,311.2,1.2,1.1,2014-11-12,1330,Terra,MODIS,79,6.2,297.2,10.9,N,0
-13.8634,134.1665,308.2,1.2,1.1,2014-11-12,1330,Terra,MODIS,68,6.2,297.9,8.1,N,0
-14.0034,134.9435,320.4,1.1,1.1,2014-11-12,1330,Terra,MODIS,100,6.2,297.6,18.6,N,0
-13.9939,134.9421,312.9,1.1,1.1,2014-11-12,1330,Terra,MODIS,84,6.2,296.6,10.8,N,0
-13.941,134.9767,309.4,1.1,1.1,2014-11-12,1330,Terra,MODIS,73,6.2,297.9,7.1,N,0
-13.5088,133.76,310.9,1.3,1.1,2014-11-12,1330,Terra,MODIS,78,6.2,297.3,11.4,N,0
-13.4987,133.7586,330.5,1.3,1.1,2014-11-12,1330,Terra,MODIS,100,6.2,298.7,38.4,N,0
-15.1293,129.0035,307.9,3,1.6,2014-11-12,1330,Terra,MODIS,72,6.2,295,24.5,N,0
-15.1291,129.0087,308.6,3,1.6,2014-11-12,1330,Terra,MODIS,73,6.2,295,26.4,N,0
-13.4016,133.6437,305.9,1.3,1.1,2014-11-12,1330,Terra,MODIS,59,6.2,295,7.3,N,0
-12.5799,141.8313,305.2,1.7,1.3,2014-11-12,1330,Terra,MODIS,63,6.2,293.8,10.2,N,0
-14.7612,132.6401,317.4,1.6,1.2,2014-11-12,1330,Terra,MODIS,94,6.2,297.7,24.2,N,0
-13.4,133.6556,311,1.3,1.1,2014-11-12,1330,Terra,MODIS,79,6.2,295.6,12.2,N,0
-13.1375,136.0993,307.4,1,1,2014-11-12,1330,Terra,MODIS,67,6.2,296,6.1,N,0
-13.1478,136.0875,313.8,1,1,2014-11-12,1330,Terra,MODIS,87,6.2,297.5,9.9,N,0
-13.1465,136.0969,308,1,1,2014-11-12,1330,Terra,MODIS,37,6.2,296.9,5.2,N,0
-13.1362,136.1086,311.4,1,1,2014-11-12,1330,Terra,MODIS,80,6.2,296.2,9,N,0
-12.4572,136.6847,305.1,1,1,2014-11-12,1330,Terra,MODIS,59,6.2,294.5,5,N,0
-12.3255,142.8818,303,2.1,1.4,2014-11-12,1330,Terra,MODIS,52,6.2,292.9,11,N,0
-23.3693,150.1989,304,1.8,1.3,2014-11-12,1458,Aqua,MODIS,49,6.2,289.6,14.1,N,0
-23.3311,150.1885,300.3,1.8,1.3,2014-11-12,1458,Aqua,MODIS,16,6.2,289.6,9.7,N,0
-24.8088,147.8981,318,2.4,1.5,2014-11-12,1458,Aqua,MODIS,96,6.2,290.8,53.9,N,0
-22.9076,146.644,313.5,3.2,1.7,2014-11-12,1458,Aqua,MODIS,87,6.2,293,57.6,N,0
-24.8397,147.9304,307.9,2.4,1.5,2014-11-12,1458,Aqua,MODIS,73,6.2,290.7,26.2,N,0
-23.3605,147.8768,302.8,2.6,1.5,2014-11-12,1458,Aqua,MODIS,51,6.2,291.2,19.4,N,0
-23.3743,147.8738,312,2.6,1.5,2014-11-12,1458,Aqua,MODIS,84,6.2,292,42.2,N,0
-24.8223,147.9127,304.1,2.4,1.5,2014-11-12,1458,Aqua,MODIS,29,6.2,290.4,17.5,N,0
-24.9502,148.6946,307.8,2.1,1.4,2014-11-12,1458,Aqua,MODIS,20,6.2,293.5,17.6,N,0
-24.8474,148.7037,307,2.1,1.4,2014-11-12,1458,Aqua,MODIS,40,6.2,292.7,17.9,N,0
-22.9164,146.6093,310.5,3.2,1.7,2014-11-12,1458,Aqua,MODIS,79,6.2,292.9,46.2,N,0
-24.8042,148.0145,303.9,2.3,1.5,2014-11-12,1458,Aqua,MODIS,15,6.2,291.4,16.9,N,0
-24.8435,148.0047,305.7,2.3,1.5,2014-11-12,1458,Aqua,MODIS,47,6.2,291.2,21,N,0
-22.9013,146.613,319.8,3.2,1.7,2014-11-12,1458,Aqua,MODIS,99,6.2,293.5,88.8,N,0
-24.8401,148.0006,309.5,2.3,1.5,2014-11-12,1458,Aqua,MODIS,78,6.2,291.3,30.4,N,0
-22.9206,146.6362,306.4,3.2,1.7,2014-11-12,1458,Aqua,MODIS,68,6.2,292.8,33.8,N,0
-22.899,146.6089,317.1,3.2,1.7,2014-11-12,1458,Aqua,MODIS,94,6.2,293.3,77.5,N,0
-24.8303,148.0075,313.8,2.3,1.5,2014-11-12,1458,Aqua,MODIS,62,6.2,291.8,38.5,N,0
-22.9141,146.6052,313,3.2,1.7,2014-11-12,1458,Aqua,MODIS,86,6.2,293,59.7,N,0
-24.9506,148.1438,303.4,2.3,1.5,2014-11-12,1458,Aqua,MODIS,55,6.2,289.1,19,N,0
-22.9055,146.6398,313.9,3.2,1.7,2014-11-12,1458,Aqua,MODIS,88,6.2,293.1,61.2,N,0
-24.835,148.0312,318.1,2.3,1.5,2014-11-12,1458,Aqua,MODIS,90,6.2,291.9,51.1,N,0
-24.8316,148.0264,326.1,2.3,1.5,2014-11-12,1458,Aqua,MODIS,100,6.2,292.7,80,N,0
-24.8047,147.8945,320.6,2.4,1.5,2014-11-12,1458,Aqua,MODIS,100,6.2,290.7,61.1,N,0
-24.8394,147.9125,318.8,2.4,1.5,2014-11-12,1458,Aqua,MODIS,97,6.2,290.7,54.9,N,0
-22.5749,146.4727,307.4,3.4,1.7,2014-11-12,1458,Aqua,MODIS,71,6.2,293.2,38.7,N,0
-24.8354,147.9088,314.2,2.4,1.5,2014-11-12,1458,Aqua,MODIS,89,6.2,290.7,43,N,0
-22.5596,146.4765,310.2,3.4,1.7,2014-11-12,1458,Aqua,MODIS,28,6.2,293.3,46.2,N,0
-22.5666,146.483,309.7,3.4,1.7,2014-11-12,1458,Aqua,MODIS,78,6.2,293.2,48.9,N,0
-22.5512,146.4867,306.1,3.4,1.7,2014-11-12,1458,Aqua,MODIS,43,6.2,293,33.9,N,0
-26.4268,150.6107,301.9,1.4,1.2,2014-11-12,1459,Aqua,MODIS,45,6.2,291.6,7.5,N,0
-28.3933,150.2226,305,1.4,1.2,2014-11-12,1459,Aqua,MODIS,63,6.2,292.3,10.2,N,0
-30.4616,148.0663,313.7,1.7,1.3,2014-11-12,1500,Aqua,MODIS,88,6.2,292.2,29.9,N,0
-30.4651,148.0842,302.4,1.7,1.3,2014-11-12,1500,Aqua,MODIS,49,6.2,290.9,12.9,N,0
-36.8141,143.0305,301.2,2.5,1.5,2014-11-12,1502,Aqua,MODIS,39,6.2,277.5,28,N,0
-36.8263,143.0522,300.1,2.5,1.5,2014-11-12,1502,Aqua,MODIS,8,6.2,279.5,23.9,N,0
-20.4679,120.537,313.3,2.1,1.4,2014-11-12,1506,Terra,MODIS,87,6.2,295.2,28.4,N,0
-20.4257,120.8308,307.4,2.3,1.5,2014-11-12,1506,Terra,MODIS,50,6.2,294.9,19.4,N,0
-20.4248,120.8464,313.3,2.3,1.5,2014-11-12,1506,Terra,MODIS,81,6.2,295.7,34.8,N,0
-20.4852,120.5131,317.7,2.1,1.4,2014-11-12,1506,Terra,MODIS,96,6.2,295.9,40.1,N,0
-20.4844,120.5193,317.1,2.1,1.4,2014-11-12,1506,Terra,MODIS,94,6.2,296,37.6,N,0
-20.4688,120.5308,310.2,2.1,1.4,2014-11-12,1506,Terra,MODIS,79,6.2,295.3,22.6,N,0
-20.4217,120.852,311.3,2.3,1.5,2014-11-12,1506,Terra,MODIS,64,6.2,295.7,29.9,N,0
-22.4077,118.1538,323.8,1.4,1.2,2014-11-12,1506,Terra,MODIS,100,6.2,295.8,30.5,N,0
-22.4099,118.1406,324.4,1.4,1.2,2014-11-12,1506,Terra,MODIS,100,6.2,295.9,31,N,0
-22.3996,118.1385,309.9,1.4,1.2,2014-11-12,1506,Terra,MODIS,50,6.2,294.5,11.2,N,0
-22.3974,118.1519,314.4,1.4,1.2,2014-11-12,1506,Terra,MODIS,89,6.2,294.3,17.3,N,0
-17.8917,124.4519,310.8,4.7,2,2014-11-12,1507,Terra,MODIS,36,6.2,290.3,91.1,N,0
-17.8931,124.4453,308.8,4.7,2,2014-11-12,1507,Terra,MODIS,17,6.2,290.3,76.4,N,0
-13.8369,134.0761,307.7,1,1,2014-11-12,1634,Aqua,MODIS,41,6.2,296.6,5.4,N,0
-14.1736,134.828,309,1.1,1,2014-11-12,1634,Aqua,MODIS,75,6.2,296.9,7.4,N,0
-14.0725,131.2687,302.4,1.1,1,2014-11-12,1634,Aqua,MODIS,46,6.2,291.6,4.4,N,0
-14.0352,134.1109,311,1,1,2014-11-12,1634,Aqua,MODIS,81,6.2,295.3,9.3,N,0
-14.0551,134.1213,307.1,1,1,2014-11-12,1634,Aqua,MODIS,68,6.2,293.5,6.6,N,0
-14.0565,134.1307,315,1,1,2014-11-12,1634,Aqua,MODIS,90,6.2,294.2,12.6,N,0
-13.8342,134.0574,307.3,1,1,2014-11-12,1634,Aqua,MODIS,59,6.2,296.5,5.7,N,0
-13.8356,134.0668,322.4,1,1,2014-11-12,1634,Aqua,MODIS,100,6.2,297.5,18.3,N,0
-13.4982,133.7668,316.2,1,1,2014-11-12,1634,Aqua,MODIS,92,6.2,295.9,12.8,N,0
-13.4968,133.7576,310.3,1,1,2014-11-12,1634,Aqua,MODIS,79,6.2,296,8.1,N,0
-14.9233,130.787,328.3,1.1,1.1,2014-11-12,1634,Aqua,MODIS,100,6.2,295.2,30.1,N,0
-14.9216,130.7766,338,1.1,1.1,2014-11-12,1634,Aqua,MODIS,100,6.2,295.1,46.5,N,0
-14.9192,130.784,347.2,1.1,1.1,2014-11-12,1634,Aqua,MODIS,100,6.2,295.2,65.1,N,0
-14.9175,130.7734,324.9,1.1,1.1,2014-11-12,1634,Aqua,MODIS,100,6.2,294.1,24.6,N,0
-14.9096,130.7852,319.9,1.1,1.1,2014-11-12,1634,Aqua,MODIS,99,6.2,293,18.3,N,0
-14.908,130.7748,312.9,1.1,1.1,2014-11-12,1634,Aqua,MODIS,85,6.2,292.7,11.6,N,0
-14.9063,130.7643,307.9,1.1,1.1,2014-11-12,1634,Aqua,MODIS,72,6.2,293,7.6,N,0
-15.4973,131.0099,308.5,1.1,1,2014-11-12,1634,Aqua,MODIS,68,6.2,298.4,5.8,N,0
-15.1191,129.0325,304.1,1.4,1.2,2014-11-12,1634,Aqua,MODIS,46,6.2,292.7,5.6,N,0
-17.1639,142.6398,308.5,4,1.9,2014-11-12,1634,Aqua,MODIS,75,6.2,293.4,53.1,N,0
-17.1675,142.6316,305.9,4,1.9,2014-11-12,1634,Aqua,MODIS,66,6.2,293.2,40,N,0
-13.4075,133.6546,303.4,1,1,2014-11-12,1634,Aqua,MODIS,52,6.2,293.1,4.8,N,0
-13.1357,136.1072,306.3,1.2,1.1,2014-11-12,1634,Aqua,MODIS,57,6.2,295.4,6.9,N,0
-13.1537,136.0936,312.1,1.2,1.1,2014-11-12,1634,Aqua,MODIS,75,6.2,295.9,11.2,N,0
-17.6508,135.1408,376.1,1.2,1.1,2014-11-12,1635,Aqua,MODIS,100,6.2,303.3,171.9,N,0
-17.6531,135.084,328.5,1.2,1.1,2014-11-12,1635,Aqua,MODIS,100,6.2,297.8,30.3,N,0
-17.6628,135.0826,309.5,1.2,1.1,2014-11-12,1635,Aqua,MODIS,77,6.2,296.6,8,N,0
-17.6546,135.0951,323,1.2,1.1,2014-11-12,1635,Aqua,MODIS,100,6.2,297.3,21.6,N,0
-16.9947,131.8312,311.3,1,1,2014-11-12,1635,Aqua,MODIS,35,6.2,298.9,5.6,N,0
-17.0023,131.8202,359.7,1,1,2014-11-12,1635,Aqua,MODIS,100,6.2,302.4,82.7,N,0
-17.0037,131.8297,349.8,1,1,2014-11-12,1635,Aqua,MODIS,100,6.2,302.3,58.2,N,0
-17.0099,131.8093,315.9,1,1,2014-11-12,1635,Aqua,MODIS,92,6.2,298.9,9.5,N,0
-17.0113,131.8188,343.4,1,1,2014-11-12,1635,Aqua,MODIS,100,6.2,300.4,45.5,N,0
-17.0128,131.8282,331.6,1,1,2014-11-12,1635,Aqua,MODIS,100,6.2,299.9,26.2,N,0
-17.0142,131.8377,320.7,1,1,2014-11-12,1635,Aqua,MODIS,100,6.2,300,12.6,N,0
-17.0182,131.8023,327.8,1,1,2014-11-12,1635,Aqua,MODIS,100,6.2,298.8,21.8,N,0
-17.0196,131.8117,334.8,1,1,2014-11-12,1635,Aqua,MODIS,100,6.2,300.8,31.1,N,0
-17.021,131.8212,327.1,1,1,2014-11-12,1635,Aqua,MODIS,100,6.2,300,20.6,N,0
-17.0225,131.8307,315.8,1,1,2014-11-12,1635,Aqua,MODIS,52,6.2,299.3,8.7,N,0
-17.0258,131.7913,310.6,1,1,2014-11-12,1635,Aqua,MODIS,80,6.2,295.1,5.4,N,0
-17.0272,131.8008,338.7,1,1,2014-11-12,1635,Aqua,MODIS,100,6.2,297.8,37.4,N,0
-17.0287,131.8103,341.1,1,1,2014-11-12,1635,Aqua,MODIS,100,6.2,299.6,41.3,N,0
-17.0301,131.8197,314,1,1,2014-11-12,1635,Aqua,MODIS,88,6.2,299.1,7.6,N,0
-17.0315,131.8292,332.3,1,1,2014-11-12,1635,Aqua,MODIS,100,6.2,300.6,27,N,0
-17.0348,131.7899,332.7,1,1,2014-11-12,1635,Aqua,MODIS,100,6.2,298.4,28.3,N,0
-17.0363,131.7993,345.1,1,1,2014-11-12,1635,Aqua,MODIS,100,6.2,300.3,48.5,N,0
-17.0406,131.8278,318.1,1,1,2014-11-12,1635,Aqua,MODIS,96,6.2,300,10.8,N,0
-17.042,131.8372,320.2,1,1,2014-11-12,1635,Aqua,MODIS,100,6.2,299.9,12.7,N,0
-16.8624,134.0781,310.5,1.1,1,2014-11-12,1635,Aqua,MODIS,79,6.2,295.9,8.3,N,0
-16.9518,132.9717,323.9,1,1,2014-11-12,1635,Aqua,MODIS,100,6.2,298.6,19.1,N,0
-16.9532,132.981,359.3,1,1,2014-11-12,1635,Aqua,MODIS,100,6.2,304.5,80.8,N,0
-16.9608,132.9703,335.3,1,1,2014-11-12,1635,Aqua,MODIS,100,6.2,299.5,33,N,0
-16.9622,132.9796,367.5,1,1,2014-11-12,1635,Aqua,MODIS,100,6.2,307.6,104.4,N,0
-16.9635,132.989,342.4,1,1,2014-11-12,1635,Aqua,MODIS,100,6.2,302,43.5,N,0
-16.9698,132.9689,371,1,1,2014-11-12,1635,Aqua,MODIS,100,6.2,301.7,116.8,N,0
-16.9712,132.9783,448.1,1,1,2014-11-12,1635,Aqua,MODIS,100,6.2,325.6,686.1,N,0
-16.9725,132.9876,354.7,1,1,2014-11-12,1635,Aqua,MODIS,100,6.2,303.7,69.2,N,0
-16.9802,132.9769,311.7,1,1,2014-11-12,1635,Aqua,MODIS,82,6.2,298.7,6.9,N,0
-16.9609,131.914,324.9,1,1,2014-11-12,1635,Aqua,MODIS,100,6.2,300.1,18.8,N,0
-16.9623,131.9235,318.4,1,1,2014-11-12,1635,Aqua,MODIS,97,6.2,299.4,12.2,N,0
-16.9637,131.9329,322.3,1,1,2014-11-12,1635,Aqua,MODIS,100,6.2,299.7,16,N,0
-16.9652,131.9423,319.8,1,1,2014-11-12,1635,Aqua,MODIS,99,6.2,299.4,13.1,N,0
-16.9666,131.9518,316.2,1,1,2014-11-12,1635,Aqua,MODIS,93,6.2,299,10.2,N,0
-16.9685,131.9032,327.9,1,1,2014-11-12,1635,Aqua,MODIS,100,6.2,300.4,21.5,N,0
-16.9699,131.9126,320.9,1,1,2014-11-12,1635,Aqua,MODIS,84,6.2,299.6,13.1,N,0
-16.9713,131.922,322.2,1,1,2014-11-12,1635,Aqua,MODIS,100,6.2,299.6,14.5,N,0
-16.9728,131.9314,319.5,1,1,2014-11-12,1635,Aqua,MODIS,91,6.2,299.3,11.9,N,0
-16.9742,131.9409,320.5,1,1,2014-11-12,1635,Aqua,MODIS,98,6.2,299.7,12.9,N,0
-16.9756,131.9503,320.2,1,1,2014-11-12,1635,Aqua,MODIS,94,6.2,299.8,12.7,N,0
-16.977,131.9597,323.1,1,1,2014-11-12,1635,Aqua,MODIS,100,6.2,299.4,16.1,N,0
-16.9775,131.9017,317.2,1,1,2014-11-12,1635,Aqua,MODIS,82,6.2,299.2,10.2,N,0
-16.979,131.9111,320,1,1,2014-11-12,1635,Aqua,MODIS,100,6.2,299.2,12.8,N,0
-16.9804,131.9206,320.4,1,1,2014-11-12,1635,Aqua,MODIS,74,6.2,299.3,11.9,N,0
-16.9818,131.93,319.4,1,1,2014-11-12,1635,Aqua,MODIS,82,6.2,299.4,11.3,N,0
-16.9832,131.9394,317.8,1,1,2014-11-12,1635,Aqua,MODIS,69,6.2,299.5,10,N,0
-16.9846,131.9489,323.4,1,1,2014-11-12,1635,Aqua,MODIS,100,6.2,300,14.9,N,0
-16.9861,131.9583,328.7,1,1,2014-11-12,1635,Aqua,MODIS,100,6.2,300.3,21.7,N,0
-16.9875,131.9677,327.8,1,1,2014-11-12,1635,Aqua,MODIS,100,6.2,299.9,21.1,N,0
-16.9889,131.9771,315.4,1,1,2014-11-12,1635,Aqua,MODIS,81,6.2,298.8,8.8,N,0
-16.9922,131.938,315.1,1,1,2014-11-12,1635,Aqua,MODIS,65,6.2,299,7.9,N,0
-16.9937,131.9474,320.2,1,1,2014-11-12,1635,Aqua,MODIS,100,6.2,299.4,12.3,N,0
-16.9951,131.9568,312.5,1,1,2014-11-12,1635,Aqua,MODIS,65,6.2,299.3,5.9,N,0
-16.9979,131.9757,312.6,1,1,2014-11-12,1635,Aqua,MODIS,85,6.2,299,6.3,N,0
-16.9993,131.9851,318.4,1,1,2014-11-12,1635,Aqua,MODIS,97,6.2,299,11,N,0
-17.0007,131.9945,313,1,1,2014-11-12,1635,Aqua,MODIS,86,6.2,298.2,7.3,N,0
-17.0098,131.9931,316.2,1,1,2014-11-12,1635,Aqua,MODIS,93,6.2,298.8,9.4,N,0
-17.0112,132.0025,314.3,1,1,2014-11-12,1635,Aqua,MODIS,89,6.2,297.7,8.3,N,0
-17.0482,131.8168,333.9,1,1,2014-11-12,1635,Aqua,MODIS,100,6.2,300.1,28.8,N,0
-17.0496,131.8263,356.9,1,1,2014-11-12,1635,Aqua,MODIS,100,6.2,304,73.1,N,0
-17.051,131.8358,354.2,1,1,2014-11-12,1635,Aqua,MODIS,100,6.2,303.3,66.7,N,0
-17.0572,131.8154,365,1,1,2014-11-12,1635,Aqua,MODIS,100,6.2,302.2,96.6,N,0
-17.0586,131.8248,406.8,1,1,2014-11-12,1635,Aqua,MODIS,100,6.2,313.5,295.6,N,0
-17.0601,131.8343,365.1,1,1,2014-11-12,1635,Aqua,MODIS,100,6.2,306.4,96.8,N,0
-16.4171,132.6474,315.5,1,1,2014-11-12,1635,Aqua,MODIS,91,6.2,296.3,11.4,N,0
-16.4248,132.6367,323,1,1,2014-11-12,1635,Aqua,MODIS,100,6.2,296.1,18,N,0
-16.4261,132.646,325.8,1,1,2014-11-12,1635,Aqua,MODIS,100,6.2,297.4,21.2,N,0
-16.4337,132.6353,347.2,1,1,2014-11-12,1635,Aqua,MODIS,100,6.2,299,54.1,N,0
-16.4351,132.6446,328.5,1,1,2014-11-12,1635,Aqua,MODIS,100,6.2,297.4,24.4,N,0
-16.4427,132.6339,330.1,1,1,2014-11-12,1635,Aqua,MODIS,100,6.2,297.1,27,N,0
-16.4441,132.6432,315.6,1,1,2014-11-12,1635,Aqua,MODIS,91,6.2,295.2,11.7,N,0
-17.0663,131.8139,397.4,1,1,2014-11-12,1635,Aqua,MODIS,100,6.2,308.3,237.4,N,0
-17.0677,131.8234,433.5,1,1,2014-11-12,1635,Aqua,MODIS,100,6.2,322.5,525,N,0
-17.0691,131.8329,348.5,1,1,2014-11-12,1635,Aqua,MODIS,100,6.2,303.7,54.2,N,0
-17.0753,131.8125,400.2,1,1,2014-11-12,1635,Aqua,MODIS,100,6.2,307.5,253.9,N,0
-17.0767,131.8219,388.3,1,1,2014-11-12,1635,Aqua,MODIS,100,6.2,307.9,188,N,0
-17.0525,131.8452,323.1,1,1,2014-11-12,1635,Aqua,MODIS,100,6.2,300.4,15.4,N,0
-16.8958,133.0254,313,1,1,2014-11-12,1635,Aqua,MODIS,84,6.2,298.1,8.1,N,0
-16.898,132.9772,316.8,1,1,2014-11-12,1635,Aqua,MODIS,57,6.2,298.3,11.3,N,0
-16.9021,133.0052,317,1,1,2014-11-12,1635,Aqua,MODIS,66,6.2,297.6,9.7,N,0
-16.9642,131.8748,313.8,1,1,2014-11-12,1635,Aqua,MODIS,88,6.2,298.6,8.5,N,0
-16.9657,131.8843,319.2,1,1,2014-11-12,1635,Aqua,MODIS,98,6.2,299.6,12.8,N,0
-16.9671,131.8937,323.3,1,1,2014-11-12,1635,Aqua,MODIS,100,6.2,300,16.7,N,0
-16.9718,131.8639,318,1,1,2014-11-12,1635,Aqua,MODIS,96,6.2,298.6,11.7,N,0
-16.9733,131.8734,328.7,1,1,2014-11-12,1635,Aqua,MODIS,100,6.2,300.3,23.5,N,0
-16.9747,131.8828,322.8,1,1,2014-11-12,1635,Aqua,MODIS,100,6.2,300.4,16,N,0
-16.9761,131.8923,318.8,1,1,2014-11-12,1635,Aqua,MODIS,97,6.2,299.6,11.9,N,0
-16.978,131.8436,309.4,1,1,2014-11-12,1635,Aqua,MODIS,77,6.2,298.2,5,N,0
-16.9794,131.853,330.9,1,1,2014-11-12,1635,Aqua,MODIS,100,6.2,300,26.7,N,0
-16.9809,131.8625,348.1,1,1,2014-11-12,1635,Aqua,MODIS,100,6.2,301.5,55.2,N,0
-16.9823,131.8719,323.3,1,1,2014-11-12,1635,Aqua,MODIS,100,6.2,300.3,16.5,N,0
-16.9837,131.8814,319.4,1,1,2014-11-12,1635,Aqua,MODIS,67,6.2,299.9,11.7,N,0
-16.9851,131.8908,319.9,1,1,2014-11-12,1635,Aqua,MODIS,64,6.2,300.1,11.8,N,0
-16.9871,131.8421,320.5,1,1,2014-11-12,1635,Aqua,MODIS,100,6.2,298.9,13.6,N,0
-16.9885,131.8516,343.4,1,1,2014-11-12,1635,Aqua,MODIS,100,6.2,302,45.6,N,0
-16.9899,131.861,319.3,1,1,2014-11-12,1635,Aqua,MODIS,98,6.2,300.1,12.6,N,0
-16.9913,131.8705,318.1,1,1,2014-11-12,1635,Aqua,MODIS,92,6.2,299.3,10.7,N,0
-16.9928,131.8799,325.2,1,1,2014-11-12,1635,Aqua,MODIS,100,6.2,300,17.7,N,0
-16.9942,131.8894,324.2,1,1,2014-11-12,1635,Aqua,MODIS,100,6.2,300.7,16.6,N,0
-16.9961,131.8406,332.7,1,1,2014-11-12,1635,Aqua,MODIS,100,6.2,300.2,28,N,0
-16.9975,131.8501,357.9,1,1,2014-11-12,1635,Aqua,MODIS,100,6.2,304.3,77,N,0
-16.9989,131.8596,331.9,1,1,2014-11-12,1635,Aqua,MODIS,100,6.2,301.6,26.4,N,0
-17.0004,131.869,318.3,1,1,2014-11-12,1635,Aqua,MODIS,80,6.2,299.8,10.5,N,0
-17.0018,131.8785,317.1,1,1,2014-11-12,1635,Aqua,MODIS,56,6.2,299.8,9.3,N,0
-17.0046,131.8974,313.5,1,1,2014-11-12,1635,Aqua,MODIS,15,6.2,298.7,6.4,N,0
-17.0051,131.8392,317.2,1,1,2014-11-12,1635,Aqua,MODIS,49,6.2,299.7,9.7,N,0
-17.0066,131.8486,327.5,1,1,2014-11-12,1635,Aqua,MODIS,100,6.2,300.7,20.1,N,0
-17.008,131.8581,321.6,1,1,2014-11-12,1635,Aqua,MODIS,100,6.2,300.1,13.6,N,0
-17.0156,131.8472,319.5,1,1,2014-11-12,1635,Aqua,MODIS,99,6.2,300.3,11.3,N,0
-17.0239,131.8401,319.4,1,1,2014-11-12,1635,Aqua,MODIS,88,6.2,299.8,11.6,N,0
-17.0254,131.8496,322.1,1,1,2014-11-12,1635,Aqua,MODIS,100,6.2,299.8,15,N,0
-17.033,131.8387,329.2,1,1,2014-11-12,1635,Aqua,MODIS,100,6.2,300.9,23,N,0
-17.0358,131.8576,310.2,1,1,2014-11-12,1635,Aqua,MODIS,77,6.2,299.4,4.7,N,0
-17.0434,131.8467,314.6,1,1,2014-11-12,1635,Aqua,MODIS,44,6.2,299.6,7,N,0
-16.9545,132.9904,361.9,1,1,2014-11-12,1635,Aqua,MODIS,100,6.2,304,88,N,0
-16.907,132.9758,312.1,1,1,2014-11-12,1635,Aqua,MODIS,19,6.2,298.2,7.6,N,0
-16.9083,132.9851,336.3,1,1,2014-11-12,1635,Aqua,MODIS,100,6.2,300.6,33.3,N,0
-16.9097,132.9945,321.2,1,1,2014-11-12,1635,Aqua,MODIS,77,6.2,298.5,13.7,N,0
-16.9111,133.0039,323.4,1,1,2014-11-12,1635,Aqua,MODIS,97,6.2,298.2,16.2,N,0
-16.9158,132.9772,338.3,1,1,2014-11-12,1635,Aqua,MODIS,100,6.2,300,38.7,N,0
-16.9171,132.9866,342.8,1,1,2014-11-12,1635,Aqua,MODIS,100,6.2,302.8,46.1,N,0
-16.9185,132.996,317.5,1,1,2014-11-12,1635,Aqua,MODIS,95,6.2,298.8,12.9,N,0
-16.9199,133.0053,319.5,1,1,2014-11-12,1635,Aqua,MODIS,99,6.2,298.2,14.8,N,0
-16.9248,132.9758,338,1,1,2014-11-12,1635,Aqua,MODIS,100,6.2,298.8,38.1,N,0
-16.9261,132.9852,357.8,1,1,2014-11-12,1635,Aqua,MODIS,100,6.2,302.7,78.1,N,0
-16.9275,132.9946,334,1,1,2014-11-12,1635,Aqua,MODIS,100,6.2,301.3,31.4,N,0
-16.9289,133.0039,315.7,1,1,2014-11-12,1635,Aqua,MODIS,91,6.2,298.4,11,N,0
-16.9338,132.9744,310.7,1,1,2014-11-12,1635,Aqua,MODIS,79,6.2,297.9,7.4,N,0
-16.9352,132.9838,334.3,1,1,2014-11-12,1635,Aqua,MODIS,100,6.2,301.1,32,N,0
-16.9365,132.9932,362.8,1,1,2014-11-12,1635,Aqua,MODIS,100,6.2,303.9,91.7,N,0
-16.9379,133.0025,327,1,1,2014-11-12,1635,Aqua,MODIS,100,6.2,299.5,21.9,N,0
-16.9428,132.9731,327.4,1,1,2014-11-12,1635,Aqua,MODIS,100,6.2,298.4,23.2,N,0
-16.9442,132.9824,351.5,1,1,2014-11-12,1635,Aqua,MODIS,100,6.2,302.9,62,N,0
-16.9455,132.9918,353.4,1,1,2014-11-12,1635,Aqua,MODIS,100,6.2,302.5,67.1,N,0
-16.949,131.8966,310,1,1,2014-11-12,1635,Aqua,MODIS,79,6.2,298.5,5.7,N,0
-16.9504,131.9061,320.6,1,1,2014-11-12,1635,Aqua,MODIS,100,6.2,299,14.8,N,0
-16.9519,131.9155,318.8,1,1,2014-11-12,1635,Aqua,MODIS,97,6.2,298.8,13.2,N,0
-16.9533,131.9249,315.9,1,1,2014-11-12,1635,Aqua,MODIS,92,6.2,298.5,10.1,N,0
-16.9547,131.9343,313.5,1,1,2014-11-12,1635,Aqua,MODIS,87,6.2,298.6,8.5,N,0
-16.9561,131.9438,308.1,1,1,2014-11-12,1635,Aqua,MODIS,74,6.2,298.1,4.4,N,0
-16.9566,131.8857,315.2,1,1,2014-11-12,1635,Aqua,MODIS,91,6.2,298.7,9.5,N,0
-16.958,131.8952,326.7,1,1,2014-11-12,1635,Aqua,MODIS,100,6.2,300.3,21,N,0
-16.9595,131.9046,325.2,1,1,2014-11-12,1635,Aqua,MODIS,100,6.2,300.3,19.3,N,0
-17.1294,131.9325,309.4,1,1,2014-11-12,1635,Aqua,MODIS,77,6.2,298.8,5.4,N,0
-17.2182,135.4048,309.4,1.2,1.1,2014-11-12,1635,Aqua,MODIS,44,6.2,295.9,7.9,N,0
-17.2281,135.4034,342.4,1.2,1.1,2014-11-12,1635,Aqua,MODIS,100,6.2,298.3,58.7,N,0
-16.881,132.7982,310,1,1,2014-11-12,1635,Aqua,MODIS,68,6.2,297.2,6.4,N,0
-17.2379,135.402,322.4,1.2,1.1,2014-11-12,1635,Aqua,MODIS,100,6.2,296.5,22.2,N,0
-17.2463,135.3893,316.7,1.2,1.1,2014-11-12,1635,Aqua,MODIS,86,6.2,296,14.4,N,0
-17.2477,135.3937,310.4,1.2,1.1,2014-11-12,1635,Aqua,MODIS,69,6.2,295.9,9.1,N,0
-17.2575,135.3923,306.6,1.2,1.1,2014-11-12,1635,Aqua,MODIS,67,6.2,295.4,6.1,N,0
-17.3144,135.2926,313.4,1.2,1.1,2014-11-12,1635,Aqua,MODIS,62,6.2,296.3,11,N,0
-17.2737,135.2869,317.6,1.2,1.1,2014-11-12,1635,Aqua,MODIS,61,6.2,296.6,14.5,N,0
-17.2462,135.3824,308.8,1.2,1.1,2014-11-12,1635,Aqua,MODIS,44,6.2,295.8,7.2,N,0
-17.2561,135.3811,313.2,1.2,1.1,2014-11-12,1635,Aqua,MODIS,87,6.2,295.6,12.1,N,0
-16.3364,129.7611,319.9,1.2,1.1,2014-11-12,1635,Aqua,MODIS,99,6.2,297.6,18.7,N,0
-17.6434,135.0854,311.2,1.2,1.1,2014-11-12,1635,Aqua,MODIS,74,6.2,296.5,8.9,N,0
-17.6448,135.0964,322.3,1.2,1.1,2014-11-12,1635,Aqua,MODIS,100,6.2,297,20.5,N,0
-17.6381,135.1199,308.8,1.2,1.1,2014-11-12,1635,Aqua,MODIS,22,6.2,296.5,6,N,0
-17.7069,135.0933,307.7,1.2,1.1,2014-11-12,1635,Aqua,MODIS,71,6.2,296.5,6.4,N,0
-17.6298,135.1324,318,1.2,1.1,2014-11-12,1635,Aqua,MODIS,96,6.2,296.9,15.5,N,0
-17.6313,135.1435,360,1.2,1.1,2014-11-12,1635,Aqua,MODIS,100,6.2,302.9,105.2,N,0
-17.6396,135.131,345.5,1.2,1.1,2014-11-12,1635,Aqua,MODIS,100,6.2,299.1,63,N,0
-17.6411,135.1422,424.7,1.2,1.1,2014-11-12,1635,Aqua,MODIS,100,6.2,316.3,553.8,N,0
-17.6493,135.1297,341.5,1.2,1.1,2014-11-12,1635,Aqua,MODIS,100,6.2,298.5,53.6,N,0
-17.7211,135.1253,315.4,1.2,1.1,2014-11-12,1635,Aqua,MODIS,91,6.2,297,13.6,N,0
-17.6757,135.2515,306.1,1.2,1.1,2014-11-12,1635,Aqua,MODIS,66,6.2,295.2,5.7,N,0
-17.6689,135.2755,305.3,1.2,1.1,2014-11-12,1635,Aqua,MODIS,47,6.2,295.1,5.5,N,0
-17.6463,135.1075,313.8,1.2,1.1,2014-11-12,1635,Aqua,MODIS,62,6.2,296.9,10.3,N,0
-16.2149,130.234,308.6,1.2,1.1,2014-11-12,1635,Aqua,MODIS,68,6.2,297,6.3,N,0
-16.2387,130.235,310.6,1.2,1.1,2014-11-12,1635,Aqua,MODIS,76,6.2,297.2,7.7,N,0
-16.2404,130.2457,313.2,1.2,1.1,2014-11-12,1635,Aqua,MODIS,84,6.2,297.5,9.9,N,0
-16.25,130.2441,333,1.2,1.1,2014-11-12,1635,Aqua,MODIS,100,6.2,297.7,36.6,N,0
-16.2518,130.2548,346.7,1.2,1.1,2014-11-12,1635,Aqua,MODIS,100,6.2,298.9,64.8,N,0
-16.2868,130.2268,308.9,1.2,1.1,2014-11-12,1635,Aqua,MODIS,42,6.2,297.3,5.8,N,0
-16.2885,130.2375,310.1,1.2,1.1,2014-11-12,1635,Aqua,MODIS,74,6.2,297.1,7.3,N,0
-16.2902,130.2483,315.9,1.2,1.1,2014-11-12,1635,Aqua,MODIS,91,6.2,297.2,13,N,0
-16.2834,130.2052,307.5,1.2,1.1,2014-11-12,1635,Aqua,MODIS,38,6.2,296.7,5,N,0
-16.2851,130.216,322,1.2,1.1,2014-11-12,1635,Aqua,MODIS,100,6.2,297.9,20,N,0
-19.6592,130.8151,308,1,1,2014-11-12,1635,Aqua,MODIS,73,6.2,294.1,7.7,N,0
-19.6364,130.7888,308.1,1,1,2014-11-12,1635,Aqua,MODIS,74,6.2,295.5,7.9,N,0
-17.6245,135.1672,308.6,1.2,1.1,2014-11-12,1635,Aqua,MODIS,75,6.2,296.6,6.8,N,0
-17.644,135.1644,330.4,1.2,1.1,2014-11-12,1635,Aqua,MODIS,100,6.2,299.8,31.8,N,0
-17.6328,135.1547,379.4,1.2,1.1,2014-11-12,1635,Aqua,MODIS,100,6.2,305.7,188.4,N,0
-17.6425,135.1533,478.1,1.2,1.1,2014-11-12,1635,Aqua,MODIS,100,6.2,333.5,1470.8,N,0
-17.6343,135.1658,341.5,1.2,1.1,2014-11-12,1635,Aqua,MODIS,100,6.2,298.7,53.5,N,0
-17.8389,135.2509,308.3,1.2,1.1,2014-11-12,1635,Aqua,MODIS,74,6.2,296.8,7.1,N,0
-17.6357,135.177,315.3,1.2,1.1,2014-11-12,1635,Aqua,MODIS,56,6.2,296.8,12.5,N,0
-17.6523,135.1519,351.1,1.2,1.1,2014-11-12,1635,Aqua,MODIS,100,6.2,299.5,78.2,N,0
-17.6553,135.1742,308,1.2,1.1,2014-11-12,1635,Aqua,MODIS,73,6.2,296.1,6.7,N,0
-17.6568,135.1854,307.2,1.2,1.1,2014-11-12,1635,Aqua,MODIS,71,6.2,296,6.3,N,0
-18.6634,137.889,306,1.8,1.3,2014-11-12,1635,Aqua,MODIS,66,6.2,295.1,11.3,N,0
-17.6538,135.1631,319.1,1.2,1.1,2014-11-12,1635,Aqua,MODIS,98,6.2,296.5,17,N,0
-17.623,135.156,315.4,1.2,1.1,2014-11-12,1635,Aqua,MODIS,91,6.2,297.1,13.5,N,0
-15.6953,127.41,303.8,1.8,1.3,2014-11-12,1635,Aqua,MODIS,57,6.2,291.8,8.6,N,0
-15.7071,127.4079,314.2,1.8,1.3,2014-11-12,1635,Aqua,MODIS,89,6.2,292.8,25.8,N,0
-16.3094,125.0873,313.5,2.6,1.6,2014-11-12,1635,Aqua,MODIS,66,6.2,291.6,55.5,N,0
-18.2998,129.353,310.1,1.2,1.1,2014-11-12,1635,Aqua,MODIS,78,6.2,294.7,10,N,0
-18.2979,129.3415,305.9,1.2,1.1,2014-11-12,1635,Aqua,MODIS,38,6.2,295.6,6.1,N,0
-16.2982,130.2359,310.3,1.2,1.1,2014-11-12,1635,Aqua,MODIS,60,6.2,297.6,7.1,N,0
-19.6424,131.2511,325.5,1,1,2014-11-12,1635,Aqua,MODIS,100,6.2,297.9,21.8,N,0
-19.6438,131.2607,324.6,1,1,2014-11-12,1635,Aqua,MODIS,100,6.2,297.8,20.7,N,0
-16.7802,129.2803,311.6,1.3,1.1,2014-11-12,1635,Aqua,MODIS,79,6.2,298.9,10,N,0
-16.7922,129.2901,315,1.3,1.1,2014-11-12,1635,Aqua,MODIS,89,6.2,299.2,13.4,N,0
-16.7782,129.2682,314.1,1.3,1.1,2014-11-12,1635,Aqua,MODIS,86,6.2,298.5,12.8,N,0
-16.2948,130.2144,316.2,1.2,1.1,2014-11-12,1635,Aqua,MODIS,91,6.2,297.4,12.4,N,0
-16.2965,130.2251,319.5,1.2,1.1,2014-11-12,1635,Aqua,MODIS,98,6.2,298.1,16.1,N,0
-21.0883,126.4462,310.9,1.7,1.3,2014-11-12,1636,Aqua,MODIS,81,6.2,297.5,15.7,N,0
-19.7411,130.9347,311.6,1,1,2014-11-12,1636,Aqua,MODIS,83,6.2,296.7,9.5,N,0
-19.7487,130.9235,315.4,1,1,2014-11-12,1636,Aqua,MODIS,91,6.2,296.1,12.8,N,0
-19.7594,130.8717,309.2,1,1,2014-11-12,1636,Aqua,MODIS,77,6.2,295.3,8.6,N,0
-19.7517,130.9429,328.1,1,1,2014-11-12,1636,Aqua,MODIS,100,6.2,298.2,26.1,N,0
-24.9896,128.951,310.4,1.1,1,2014-11-12,1637,Aqua,MODIS,80,6.2,295.8,8.5,N,0
-25.025,128.9331,306.8,1.1,1,2014-11-12,1637,Aqua,MODIS,69,6.2,295.5,6,N,0
-23.1601,127.3229,317.7,1.3,1.1,2014-11-12,1637,Aqua,MODIS,96,6.2,297,21.8,N,0
-23.1624,127.3359,311.9,1.3,1.1,2014-11-12,1637,Aqua,MODIS,84,6.2,296.5,14.5,N,0
-23.2005,127.4352,311.4,1.3,1.1,2014-11-12,1637,Aqua,MODIS,82,6.2,296.8,13.4,N,0
-12.893,143.4386,318.3,2.5,1.5,2014-11-13,0020,Terra,MODIS,65,6.2,297,32,D,0
-12.8993,143.4435,318.6,2.5,1.5,2014-11-13,0020,Terra,MODIS,22,6.2,297.3,27.9,D,0
-13.9478,141.5757,341.6,3.2,1.7,2014-11-13,0020,Terra,MODIS,0,6.2,304.2,168,D,0
-14.1962,141.7558,322,3.1,1.7,2014-11-13,0020,Terra,MODIS,31,6.2,303.4,32.9,D,0
-12.5754,141.8483,317.6,3.3,1.7,2014-11-13,0020,Terra,MODIS,0,6.2,301.6,39.9,D,0
-14.0533,141.7313,325.6,3.1,1.7,2014-11-13,0020,Terra,MODIS,64,6.2,300.7,63.3,D,0
-14.0406,141.7397,332.3,3.1,1.7,2014-11-13,0020,Terra,MODIS,80,6.2,302.3,100.8,D,0
-14.0383,141.7341,329.2,3.1,1.7,2014-11-13,0020,Terra,MODIS,76,6.2,302.8,82.9,D,0
-14.0159,141.7743,323.2,3.1,1.7,2014-11-13,0020,Terra,MODIS,58,6.2,302.3,44.7,D,0
-13.9037,141.8326,324.1,3.1,1.7,2014-11-13,0020,Terra,MODIS,57,6.2,302.4,50.5,D,0
-13.0485,143.4038,315,2.5,1.5,2014-11-13,0020,Terra,MODIS,61,6.2,296,25.6,D,0
-13.9055,141.8382,324.9,3.1,1.7,2014-11-13,0020,Terra,MODIS,58,6.2,302.2,53.7,D,0
-11.9108,142.2369,316,3.2,1.7,2014-11-13,0020,Terra,MODIS,65,6.2,298.4,27,D,0
-12.3401,142.944,317.4,2.8,1.6,2014-11-13,0020,Terra,MODIS,66,6.2,293.9,37.3,D,0
-15.0599,145.0771,326,1.7,1.3,2014-11-13,0021,Terra,MODIS,31,6.2,300.6,28.1,D,0
-15.1715,145.1921,339.3,1.6,1.3,2014-11-13,0021,Terra,MODIS,87,6.2,299.9,64.9,D,0
-17.1725,142.6236,334.6,2.3,1.5,2014-11-13,0021,Terra,MODIS,44,6.2,311.3,52.3,D,0
-17.1593,142.6262,334.4,2.3,1.5,2014-11-13,0021,Terra,MODIS,49,6.2,313.2,50.4,D,0
-15.174,145.207,337.7,1.6,1.3,2014-11-13,0021,Terra,MODIS,86,6.2,300.9,58.9,D,0
-17.1683,142.6184,338.4,2.3,1.5,2014-11-13,0021,Terra,MODIS,68,6.2,311.4,74.1,D,0
-15.1765,145.222,323.7,1.6,1.3,2014-11-13,0021,Terra,MODIS,39,6.2,301,19.2,D,0
-15.1627,145.2089,321.3,1.6,1.3,2014-11-13,0021,Terra,MODIS,28,6.2,301.5,16.1,D,0
-15.0571,145.0609,343.4,1.7,1.3,2014-11-13,0021,Terra,MODIS,90,6.2,301.1,83.3,D,0
-15.1602,145.1942,332.2,1.6,1.3,2014-11-13,0021,Terra,MODIS,80,6.2,299.2,43.7,D,0
-14.761,142.5663,328,2.6,1.6,2014-11-13,0021,Terra,MODIS,50,6.2,304.6,43.4,D,0
-17.0858,143.1007,335,2.2,1.4,2014-11-13,0021,Terra,MODIS,68,6.2,312.5,47.2,D,0
-16.9701,143.0457,330.1,2.2,1.4,2014-11-13,0021,Terra,MODIS,17,6.2,312.3,28.5,D,0
-14.7565,142.5421,328,2.6,1.6,2014-11-13,0021,Terra,MODIS,39,6.2,305.8,42.8,D,0
-14.7521,142.5491,334.8,2.6,1.6,2014-11-13,0021,Terra,MODIS,83,6.2,304.8,81.9,D,0
-15.4834,145.195,335.3,1.6,1.3,2014-11-13,0021,Terra,MODIS,70,6.2,304.1,48.6,D,0
-15.4845,145.2034,328.7,1.6,1.3,2014-11-13,0021,Terra,MODIS,62,6.2,302.9,31.9,D,0
-18.6559,137.8836,397.1,4.8,2,2014-11-13,0022,Terra,MODIS,100,6.2,306.9,2147.9,D,0
-18.6737,137.8794,350.7,4.8,2,2014-11-13,0022,Terra,MODIS,94,6.2,302.1,475.2,D,0
-19.8832,143.9493,334.8,1.7,1.3,2014-11-13,0022,Terra,MODIS,70,6.2,312,35.5,D,0
-18.6581,137.8885,411.5,4.8,2,2014-11-13,0022,Terra,MODIS,100,6.2,307.8,3046.9,D,0
-18.6403,137.8928,348.9,4.8,2,2014-11-13,0022,Terra,MODIS,92,6.2,304.5,449.5,D,0
-18.6801,137.9168,369.6,4.8,2,2014-11-13,0022,Terra,MODIS,100,6.2,304.6,962.6,D,0
-18.6673,137.9331,383.2,4.8,2,2014-11-13,0022,Terra,MODIS,100,6.2,305.7,1461.5,D,0
-19.8918,143.9313,341.7,1.7,1.3,2014-11-13,0022,Terra,MODIS,85,6.2,313,59,D,0
-21.6819,141.1399,333.1,2.4,1.5,2014-11-13,0022,Terra,MODIS,65,6.2,311.7,41.5,D,0
-19.8945,143.9471,331.7,1.7,1.3,2014-11-13,0022,Terra,MODIS,36,6.2,313.5,26.1,D,0
-18.6654,137.9282,387.3,4.8,2,2014-11-13,0022,Terra,MODIS,100,6.2,306.6,1641.8,D,0
-18.6704,137.8723,359.3,4.8,2,2014-11-13,0022,Terra,MODIS,99,6.2,302.3,674.8,D,0
-19.8921,143.9406,335.9,1.7,1.3,2014-11-13,0022,Terra,MODIS,74,6.2,313.3,38.5,D,0
-21.6805,141.1581,329.9,2.4,1.5,2014-11-13,0022,Terra,MODIS,46,6.2,311.1,27.3,D,0
-18.6381,137.8879,340.3,4.8,2,2014-11-13,0022,Terra,MODIS,85,6.2,304.2,296,D,0
-18.6496,137.9373,328.7,4.8,2,2014-11-13,0022,Terra,MODIS,67,6.2,303.3,129.5,D,0
-18.6476,137.9324,330.8,4.8,2,2014-11-13,0022,Terra,MODIS,72,6.2,303.4,157.8,D,0
-18.6831,137.924,350.3,4.8,2,2014-11-13,0022,Terra,MODIS,93,6.2,303.9,464.7,D,0
-21.676,141.1354,331,2.4,1.5,2014-11-13,0022,Terra,MODIS,56,6.2,311.9,32.1,D,0
-19.5521,143.0441,332.7,1.9,1.4,2014-11-13,0022,Terra,MODIS,52,6.2,315.6,26.6,D,0
-22.8051,150.2868,340.6,1.1,1,2014-11-13,0022,Terra,MODIS,87,6.2,310,30.9,D,0
-22.8144,150.2854,365.1,1.1,1,2014-11-13,0022,Terra,MODIS,100,6.2,310.1,94.3,D,0
-22.8192,150.2786,342.9,1.1,1,2014-11-13,0022,Terra,MODIS,89,6.2,311,34.6,D,0
-22.8206,150.2891,333.2,1.1,1,2014-11-13,0022,Terra,MODIS,79,6.2,308,18.2,D,0
-22.8286,150.2771,360.6,1.1,1,2014-11-13,0022,Terra,MODIS,100,6.2,309.1,79.9,D,0
-22.83,150.2877,327,1.1,1,2014-11-13,0022,Terra,MODIS,64,6.2,307.8,10.1,D,0
-20.7528,148.4165,324.7,1,1,2014-11-13,0022,Terra,MODIS,39,6.2,304.1,13.5,D,0
-22.3862,148.6296,335.9,1,1,2014-11-13,0022,Terra,MODIS,78,6.2,309.9,18.5,D,0
-19.579,143.0316,332,1.9,1.4,2014-11-13,0022,Terra,MODIS,46,6.2,312.9,28.4,D,0
-19.4975,142.8808,332,2,1.4,2014-11-13,0022,Terra,MODIS,72,6.2,314.3,31.7,D,0
-19.499,142.8734,330.1,2,1.4,2014-11-13,0022,Terra,MODIS,47,6.2,313.2,23,D,0
-18.8796,141.872,340.3,2.4,1.5,2014-11-13,0022,Terra,MODIS,85,6.2,309.2,90.6,D,0
-18.8868,141.8645,357.9,2.4,1.5,2014-11-13,0022,Terra,MODIS,98,6.2,309.8,230.2,D,0
-18.8955,141.9103,332.2,2.4,1.5,2014-11-13,0022,Terra,MODIS,67,6.2,308.6,46.6,D,0
-18.9046,141.8846,336.7,2.4,1.5,2014-11-13,0022,Terra,MODIS,81,6.2,308.9,72.8,D,0
-18.9002,141.8617,336.7,2.4,1.5,2014-11-13,0022,Terra,MODIS,81,6.2,307.7,74.2,D,0
-22.8309,150.223,331.6,1.1,1,2014-11-13,0022,Terra,MODIS,76,6.2,309.8,14.8,D,0
-22.851,150.2307,335.1,1.1,1,2014-11-13,0022,Terra,MODIS,81,6.2,307.3,22.1,D,0
-22.562,146.4739,339.8,1.1,1,2014-11-13,0022,Terra,MODIS,76,6.2,315.5,20.8,D,0
-22.5636,146.4844,335.2,1.1,1,2014-11-13,0022,Terra,MODIS,30,6.2,313.8,11.7,D,0
-22.5526,146.4756,333,1.1,1,2014-11-13,0022,Terra,MODIS,44,6.2,314.4,10.3,D,0
-22.9545,149.852,333.8,1.1,1,2014-11-13,0022,Terra,MODIS,71,6.2,306.5,20.7,D,0
-22.5713,146.4722,335.4,1.1,1,2014-11-13,0022,Terra,MODIS,46,6.2,314.9,13.1,D,0
-24.8204,147.9122,336.2,1,1,2014-11-13,0023,Terra,MODIS,57,6.2,306.6,22.7,D,0
-26.4317,150.605,324.4,1.2,1.1,2014-11-13,0023,Terra,MODIS,35,6.2,309,11.5,D,0
-23.3691,147.8712,337.3,1,1,2014-11-13,0023,Terra,MODIS,78,6.2,312,19.1,D,0
-23.3767,147.8599,333,1,1,2014-11-13,0023,Terra,MODIS,64,6.2,310.2,13.1,D,0
-23.3781,147.8696,343.3,1,1,2014-11-13,0023,Terra,MODIS,86,6.2,309.9,29.2,D,0
-25.2326,151.0955,331.6,1.3,1.1,2014-11-13,0023,Terra,MODIS,73,6.2,306.3,20,D,0
-24.6307,148.1859,330.4,1,1,2014-11-13,0023,Terra,MODIS,63,6.2,309.8,12.2,D,0
-24.801,147.9054,331.1,1,1,2014-11-13,0023,Terra,MODIS,64,6.2,303.6,17.3,D,0
-24.7873,147.9381,328.9,1,1,2014-11-13,0023,Terra,MODIS,32,6.2,309.6,14,D,0
-24.7859,147.9282,340.3,1,1,2014-11-13,0023,Terra,MODIS,85,6.2,309.6,31.5,D,0
-23.08,147.9698,337.5,1,1,2014-11-13,0023,Terra,MODIS,78,6.2,316.2,15.4,D,0
-24.8279,147.9008,345.2,1,1,2014-11-13,0023,Terra,MODIS,90,6.2,307.3,40.4,D,0
-24.8169,148.0137,332.2,1,1,2014-11-13,0023,Terra,MODIS,40,6.2,309.1,12.5,D,0
-22.9222,146.598,332.4,1.1,1,2014-11-13,0023,Terra,MODIS,65,6.2,314.3,11.6,D,0
-24.9739,148.1424,337.3,1,1,2014-11-13,0023,Terra,MODIS,82,6.2,300.6,31.8,D,0
-24.8439,148.0091,331,1,1,2014-11-13,0023,Terra,MODIS,31,6.2,305.1,16.7,D,0
-24.8453,148.0189,346,1,1,2014-11-13,0023,Terra,MODIS,90,6.2,305,42.9,D,0
-24.8378,148.0303,332.5,1,1,2014-11-13,0023,Terra,MODIS,44,6.2,306.6,19.5,D,0
-24.8424,147.9993,350.3,1,1,2014-11-13,0023,Terra,MODIS,94,6.2,309.6,49.2,D,0
-24.8561,147.9666,332.4,1,1,2014-11-13,0023,Terra,MODIS,66,6.2,309,14.9,D,0
-24.8755,147.9733,326.3,1,1,2014-11-13,0023,Terra,MODIS,46,6.2,306,11.7,D,0
-24.8273,148.0221,335.4,1,1,2014-11-13,0023,Terra,MODIS,37,6.2,311,20.3,D,0
-24.8665,147.9749,337.9,1,1,2014-11-13,0023,Terra,MODIS,81,6.2,307,26.3,D,0
-24.9113,148.6683,347.4,1,1,2014-11-13,0023,Terra,MODIS,92,6.2,311.1,39.4,D,0
-24.9385,148.6637,336.3,1,1,2014-11-13,0023,Terra,MODIS,75,6.2,308.2,19.3,D,0
-24.8079,148.0153,345.1,1,1,2014-11-13,0023,Terra,MODIS,90,6.2,308.4,33.7,D,0
-24.7925,148.0346,331.3,1,1,2014-11-13,0023,Terra,MODIS,42,6.2,308.7,13.8,D,0
-24.9559,148.1455,350.6,1,1,2014-11-13,0023,Terra,MODIS,74,6.2,305.6,51.8,D,0
-24.9634,148.134,341.9,1,1,2014-11-13,0023,Terra,MODIS,59,6.2,302.7,34,D,0
-24.8525,148.705,340.2,1,1,2014-11-13,0023,Terra,MODIS,85,6.2,310,26,D,0
-24.8678,148.682,334.4,1,1,2014-11-13,0023,Terra,MODIS,79,6.2,310.9,18.6,D,0
-24.8369,147.8992,343.2,1,1,2014-11-13,0023,Terra,MODIS,82,6.2,307.2,34.2,D,0
-25.2342,151.108,331.1,1.3,1.1,2014-11-13,0023,Terra,MODIS,68,6.2,308.7,18.5,D,0
-24.8363,148.0205,357.4,1,1,2014-11-13,0023,Terra,MODIS,98,6.2,311.4,64.9,D,0
-24.8334,148.0008,343.3,1,1,2014-11-13,0023,Terra,MODIS,88,6.2,309.6,32.2,D,0
-24.8349,148.0107,339.3,1,1,2014-11-13,0023,Terra,MODIS,73,6.2,308.4,25.5,D,0
-24.7801,147.8889,330.1,1,1,2014-11-13,0023,Terra,MODIS,46,6.2,305.2,17.1,D,0
-24.832,147.9909,331.1,1,1,2014-11-13,0023,Terra,MODIS,68,6.2,309,13,D,0
-24.9695,148.1128,335.2,1,1,2014-11-13,0023,Terra,MODIS,77,6.2,304.9,24.7,D,0
-24.9109,148.1532,323.6,1,1,2014-11-13,0023,Terra,MODIS,29,6.2,301.3,12.9,D,0
-24.7795,147.6366,333.4,1,1,2014-11-13,0023,Terra,MODIS,69,6.2,305.2,21,D,0
-24.7824,147.6563,328.2,1,1,2014-11-13,0023,Terra,MODIS,20,6.2,310.6,12.5,D,0
-24.816,147.8827,361.1,1,1,2014-11-13,0023,Terra,MODIS,100,6.2,310.1,77.5,D,0
-24.8146,147.8728,324,1,1,2014-11-13,0023,Terra,MODIS,16,6.2,302.9,10.1,D,0
-24.8056,147.8744,356.4,1,1,2014-11-13,0023,Terra,MODIS,97,6.2,307.2,63.6,D,0
-24.8071,147.8842,341.8,1,1,2014-11-13,0023,Terra,MODIS,71,6.2,308.1,32.7,D,0
-24.8175,147.8925,345.7,1,1,2014-11-13,0023,Terra,MODIS,80,6.2,306.3,39.7,D,0
-24.7966,147.8759,337,1,1,2014-11-13,0023,Terra,MODIS,77,6.2,305,26.4,D,0
-24.7839,147.6661,328.5,1,1,2014-11-13,0023,Terra,MODIS,46,6.2,312.2,12.7,D,0
-24.8549,147.8961,348.5,1,1,2014-11-13,0023,Terra,MODIS,92,6.2,304.1,47.8,D,0
-24.971,148.1227,339,1,1,2014-11-13,0023,Terra,MODIS,84,6.2,303.5,31.9,D,0
-24.8384,147.9091,340.4,1,1,2014-11-13,0023,Terra,MODIS,76,6.2,310.2,26.9,D,0
-24.8398,147.9189,333.4,1,1,2014-11-13,0023,Terra,MODIS,71,6.2,309.6,14.6,D,0
-24.8474,147.9075,377.7,1,1,2014-11-13,0023,Terra,MODIS,100,6.2,315.5,128.2,D,0
-24.8459,147.8977,357.8,1,1,2014-11-13,0023,Terra,MODIS,98,6.2,310.3,67.4,D,0
-24.722,148.0569,339.9,1,1,2014-11-13,0023,Terra,MODIS,85,6.2,310,28.4,D,0
-24.7206,148.047,327.9,1,1,2014-11-13,0023,Terra,MODIS,31,6.2,308.5,10.5,D,0
-24.8488,147.9173,333,1,1,2014-11-13,0023,Terra,MODIS,44,6.2,310.4,15.4,D,0
-24.8563,147.9059,361.6,1,1,2014-11-13,0023,Terra,MODIS,100,6.2,307,77.1,D,0
-25.4541,152.19,326,1.5,1.2,2014-11-13,0023,Terra,MODIS,65,6.2,303.6,22.8,D,0
-24.8763,147.9167,334.3,1,1,2014-11-13,0023,Terra,MODIS,70,6.2,307.9,21.2,D,0
-23.367,150.1889,334.1,1.1,1,2014-11-13,0023,Terra,MODIS,73,6.2,304.1,24.4,D,0
-23.3952,150.1849,338.5,1.1,1,2014-11-13,0023,Terra,MODIS,83,6.2,306.1,32.5,D,0
-23.3764,150.1873,333.5,1.1,1,2014-11-13,0023,Terra,MODIS,73,6.2,304.3,23.5,D,0
-23.4074,150.2047,336.7,1.1,1,2014-11-13,0023,Terra,MODIS,81,6.2,309.1,27.5,D,0
-23.3966,150.1955,332.7,1.1,1,2014-11-13,0023,Terra,MODIS,72,6.2,307,22.3,D,0
-25.6088,152.6538,323.4,1.6,1.2,2014-11-13,0023,Terra,MODIS,52,6.2,304.8,16.6,D,0
-23.3421,150.1881,332.2,1.1,1,2014-11-13,0023,Terra,MODIS,52,6.2,307.8,18.9,D,0
-23.3328,150.1895,330.9,1.1,1,2014-11-13,0023,Terra,MODIS,37,6.2,306.1,16.5,D,0
-29.0628,149.235,344.5,1.1,1.1,2014-11-13,0024,Terra,MODIS,86,6.2,318.9,30.9,D,0
-29.0583,149.2005,345.7,1.1,1.1,2014-11-13,0024,Terra,MODIS,87,6.2,318.2,33.2,D,0
-29.0598,149.212,359.3,1.1,1.1,2014-11-13,0024,Terra,MODIS,99,6.2,319,69.3,D,0
-29.0488,149.202,334.8,1.1,1.1,2014-11-13,0024,Terra,MODIS,69,6.2,318.5,12.2,D,0
-30.1363,152.1585,323.5,1.7,1.3,2014-11-13,0024,Terra,MODIS,67,6.2,296.7,37.6,D,0
-29.0503,149.2135,343.5,1.1,1.1,2014-11-13,0024,Terra,MODIS,85,6.2,318.8,28.8,D,0
-29.0613,149.2235,371.6,1.1,1.1,2014-11-13,0024,Terra,MODIS,100,6.2,319.8,113.3,D,0
-29.0518,149.2251,349.3,1.1,1.1,2014-11-13,0024,Terra,MODIS,91,6.2,319,41.6,D,0
-27.9693,145.9544,340.2,1,1,2014-11-13,0024,Terra,MODIS,80,6.2,326.4,13.4,D,0
-27.9709,145.9648,347.7,1,1,2014-11-13,0024,Terra,MODIS,89,6.2,326.2,28.2,D,0
-26.7125,145.827,338.7,1.1,1,2014-11-13,0024,Terra,MODIS,78,6.2,320.9,16.6,D,0
-26.7142,145.8376,340.6,1.1,1,2014-11-13,0024,Terra,MODIS,81,6.2,321.2,20,D,0
-27.2327,152.423,342.9,1.6,1.2,2014-11-13,0024,Terra,MODIS,88,6.2,306.1,65.3,D,0
-32.5784,148.557,327.7,1.1,1.1,2014-11-13,0025,Terra,MODIS,63,6.2,309,12.9,D,0
-31.4443,146.2138,335.7,1,1,2014-11-13,0025,Terra,MODIS,71,6.2,321,14.9,D,0
-32.5799,148.5692,329,1.1,1.1,2014-11-13,0025,Terra,MODIS,73,6.2,307.9,14.3,D,0
-37.7516,147.2689,321.7,1.1,1.1,2014-11-13,0026,Terra,MODIS,79,6.2,301.9,16.2,D,0
-36.9081,144.9995,334.2,1,1,2014-11-13,0026,Terra,MODIS,85,6.2,313.8,15.1,D,0
-13.6987,135.4663,323.9,3.9,1.8,2014-11-13,0158,Terra,MODIS,35,6.2,304.4,52.7,D,0
-12.799,130.8152,323.3,1.7,1.3,2014-11-13,0158,Terra,MODIS,38,6.2,301.6,25.7,D,0
-13.4048,133.6395,343.9,2.8,1.6,2014-11-13,0158,Terra,MODIS,89,6.2,306.1,153,D,0
-13.4077,133.665,345.6,2.8,1.6,2014-11-13,0158,Terra,MODIS,91,6.2,307.7,164.8,D,0
-13.4905,134.5315,349.2,3.3,1.7,2014-11-13,0158,Terra,MODIS,93,6.2,307.4,249.7,D,0
-13.5059,134.5296,330.6,3.3,1.7,2014-11-13,0158,Terra,MODIS,74,6.2,305.1,76.8,D,0
-13.4941,134.5367,358.7,3.3,1.7,2014-11-13,0158,Terra,MODIS,99,6.2,306.7,372.8,D,0
-13.4938,134.5618,326.6,3.3,1.7,2014-11-13,0158,Terra,MODIS,65,6.2,304.1,45.5,D,0
-11.9875,135.7063,315.1,3.8,1.8,2014-11-13,0158,Terra,MODIS,0,6.2,295.3,49.2,D,0
-13.5084,133.7529,345.3,2.9,1.6,2014-11-13,0158,Terra,MODIS,90,6.2,306.6,171.4,D,0
-13.7025,135.5018,323.6,3.9,1.8,2014-11-13,0158,Terra,MODIS,34,6.2,302.2,56.4,D,0
-12.3073,132.4936,319.2,2.2,1.4,2014-11-13,0158,Terra,MODIS,19,6.2,299.7,24.1,D,0
-11.9773,135.702,314.4,3.8,1.8,2014-11-13,0158,Terra,MODIS,0,6.2,294.2,42.3,D,0
-13.8438,134.0478,336,3,1.7,2014-11-13,0159,Terra,MODIS,81,6.2,305.4,100.4,D,0
-15.9184,131.4723,337.5,2.1,1.4,2014-11-13,0159,Terra,MODIS,82,6.2,307.2,63.7,D,0
-13.9849,134.9242,329,3.6,1.8,2014-11-13,0159,Terra,MODIS,46,6.2,307.9,51.1,D,0
-16.2537,136.2047,333.3,4.8,2,2014-11-13,0159,Terra,MODIS,76,6.2,302.6,168.3,D,0
-15.9051,131.4806,333.7,2.1,1.4,2014-11-13,0159,Terra,MODIS,76,6.2,307.2,47.8,D,0
-14.1778,134.8892,327.1,3.6,1.8,2014-11-13,0159,Terra,MODIS,60,6.2,305.6,42.6,D,0
-14.196,134.8164,328.7,3.5,1.8,2014-11-13,0159,Terra,MODIS,30,6.2,305.9,63.3,D,0
-14.2118,134.8143,363,3.5,1.8,2014-11-13,0159,Terra,MODIS,100,6.2,305.4,486.8,D,0
-15.9206,131.4915,327.8,2.1,1.4,2014-11-13,0159,Terra,MODIS,55,6.2,306.4,26.4,D,0
-14.9289,130.7942,331,1.8,1.3,2014-11-13,0159,Terra,MODIS,74,6.2,303.6,28.7,D,0
-14.1707,134.824,327.7,3.5,1.8,2014-11-13,0159,Terra,MODIS,46,6.2,306.7,54.5,D,0
-14.1742,134.8561,328.7,3.6,1.8,2014-11-13,0159,Terra,MODIS,67,6.2,306.8,58.8,D,0
-14.9221,130.8015,360.3,1.8,1.3,2014-11-13,0159,Terra,MODIS,100,6.2,304.6,163.8,D,0
-14.92,130.7843,368.3,1.8,1.3,2014-11-13,0159,Terra,MODIS,100,6.2,306.6,217.4,D,0
-15.9163,131.453,333.7,2.1,1.4,2014-11-13,0159,Terra,MODIS,76,6.2,306.9,47.1,D,0
-14.1867,134.8226,327.8,3.5,1.8,2014-11-13,0159,Terra,MODIS,48,6.2,306.5,56.3,D,0
-14.2025,134.8205,344.6,3.5,1.8,2014-11-13,0159,Terra,MODIS,89,6.2,306.1,222.8,D,0
-14.1902,134.8547,333,3.6,1.8,2014-11-13,0159,Terra,MODIS,76,6.2,305.1,97.8,D,0
-13.6977,131.4205,340.8,1.9,1.3,2014-11-13,0159,Terra,MODIS,87,6.2,303.8,75.3,D,0
-14.2148,134.7862,326.2,3.5,1.8,2014-11-13,0159,Terra,MODIS,30,6.2,304.9,48,D,0
-14.9062,130.7698,328.5,1.8,1.3,2014-11-13,0159,Terra,MODIS,68,6.2,304.4,26.2,D,0
-15.9177,131.479,341.8,2.1,1.4,2014-11-13,0159,Terra,MODIS,86,6.2,307.4,84.3,D,0
-15.9131,131.4407,328.7,2.1,1.4,2014-11-13,0159,Terra,MODIS,65,6.2,306,26.9,D,0
-14.2184,134.8185,351.2,3.5,1.8,2014-11-13,0159,Terra,MODIS,94,6.2,304.1,302.8,D,0
-14.0655,134.1335,327.6,3.1,1.7,2014-11-13,0159,Terra,MODIS,37,6.2,305.4,31.8,D,0
-14.0637,134.127,328.9,3.1,1.7,2014-11-13,0159,Terra,MODIS,57,6.2,306.4,42,D,0
-15.9154,131.4598,332.3,2.1,1.4,2014-11-13,0159,Terra,MODIS,74,6.2,307.2,41.5,D,0
-16.2561,136.2117,334.2,4.8,2,2014-11-13,0159,Terra,MODIS,78,6.2,302.3,180.1,D,0
-13.8417,134.0267,325.4,3,1.7,2014-11-13,0159,Terra,MODIS,49,6.2,305.4,36.6,D,0
-13.8449,134.0546,335.9,3,1.7,2014-11-13,0159,Terra,MODIS,81,6.2,305.2,103.6,D,0
-14.7104,125.2612,331.2,1,1,2014-11-13,0159,Terra,MODIS,68,6.2,303.4,15.1,D,0
-14.7118,125.2704,327.4,1,1,2014-11-13,0159,Terra,MODIS,54,6.2,302.8,10.7,D,0
-14.7311,125.2769,326.1,1,1,2014-11-13,0159,Terra,MODIS,61,6.2,299.7,11.5,D,0
-16.5503,131.8905,330.6,2.3,1.5,2014-11-13,0159,Terra,MODIS,56,6.2,309.1,33.6,D,0
-16.561,131.8679,332.8,2.3,1.5,2014-11-13,0159,Terra,MODIS,46,6.2,310.1,37.4,D,0
-16.5634,131.8891,341,2.3,1.5,2014-11-13,0159,Terra,MODIS,85,6.2,308.4,80.8,D,0
-17.1087,132.9872,326.4,2.8,1.6,2014-11-13,0159,Terra,MODIS,39,6.2,304.3,46.5,D,0
-17.012,132.9571,338.9,2.8,1.6,2014-11-13,0159,Terra,MODIS,82,6.2,302.3,141.9,D,0
-17.0149,132.983,341.1,2.8,1.6,2014-11-13,0159,Terra,MODIS,78,6.2,306.2,141.5,D,0
-17.0264,132.9554,327.5,2.8,1.6,2014-11-13,0159,Terra,MODIS,31,6.2,301.5,62.8,D,0
-17.0293,132.9815,332.5,2.8,1.6,2014-11-13,0159,Terra,MODIS,41,6.2,305.2,79.3,D,0
-17.0144,132.9501,328.5,2.8,1.6,2014-11-13,0159,Terra,MODIS,26,6.2,301,65.6,D,0
-17.0171,132.9761,335.7,2.8,1.6,2014-11-13,0159,Terra,MODIS,55,6.2,305.6,100.3,D,0
-17.0575,132.9453,343.8,2.8,1.6,2014-11-13,0159,Terra,MODIS,85,6.2,304.2,159.8,D,0
-17.0603,132.9714,354.1,2.8,1.6,2014-11-13,0159,Terra,MODIS,96,6.2,306.9,249.7,D,0
-17.0747,132.9698,336,2.8,1.6,2014-11-13,0159,Terra,MODIS,72,6.2,305.1,97.9,D,0
-16.9517,132.9375,336.1,2.8,1.6,2014-11-13,0159,Terra,MODIS,63,6.2,303.6,97.7,D,0
-16.9545,132.9634,352.9,2.8,1.6,2014-11-13,0159,Terra,MODIS,95,6.2,308.5,234,D,0
-16.9661,132.9359,349.3,2.8,1.6,2014-11-13,0159,Terra,MODIS,92,6.2,302.2,206.6,D,0
-16.9689,132.9618,367.9,2.8,1.6,2014-11-13,0159,Terra,MODIS,100,6.2,308.4,418.9,D,0
-16.9804,132.9344,365.4,2.8,1.6,2014-11-13,0159,Terra,MODIS,100,6.2,300.2,395.6,D,0
-16.9832,132.9602,400.7,2.8,1.6,2014-11-13,0159,Terra,MODIS,100,6.2,306.1,1084.6,D,0
-16.9976,132.9587,366.3,2.8,1.6,2014-11-13,0159,Terra,MODIS,100,6.2,299.7,417.1,D,0
-17.0005,132.9846,330.2,2.8,1.6,2014-11-13,0159,Terra,MODIS,18,6.2,301.3,67.7,D,0
-16.9856,132.9533,396.5,2.8,1.6,2014-11-13,0159,Terra,MODIS,100,6.2,304.1,984.2,D,0
-16.9883,132.9793,336.9,2.8,1.6,2014-11-13,0159,Terra,MODIS,69,6.2,304.6,110.2,D,0
-17,132.9518,354.8,2.8,1.6,2014-11-13,0159,Terra,MODIS,96,6.2,299.9,278.4,D,0
-17.0027,132.9777,340.1,2.8,1.6,2014-11-13,0159,Terra,MODIS,79,6.2,300.5,133.8,D,0
-16.9868,131.9444,334.2,2.3,1.5,2014-11-13,0159,Terra,MODIS,42,6.2,308.6,41.7,D,0
-16.9893,131.9661,340.9,2.3,1.5,2014-11-13,0159,Terra,MODIS,74,6.2,308.6,80.4,D,0
-17.0078,132.0082,334.2,2.3,1.5,2014-11-13,0159,Terra,MODIS,58,6.2,308.5,37,D,0
-16.9852,131.961,337,2.3,1.5,2014-11-13,0159,Terra,MODIS,65,6.2,308.2,61.4,D,0
-17.0167,132.0015,331.9,2.3,1.5,2014-11-13,0159,Terra,MODIS,41,6.2,309.6,27.7,D,0
-17.0608,131.7997,338.8,2.3,1.5,2014-11-13,0159,Terra,MODIS,67,6.2,308.7,70.9,D,0
-17.0633,131.8209,334.9,2.3,1.5,2014-11-13,0159,Terra,MODIS,71,6.2,309.3,45.6,D,0
-16.3943,132.6829,333.7,2.6,1.5,2014-11-13,0159,Terra,MODIS,69,6.2,307.1,58.6,D,0
-16.4361,132.6779,336.8,2.6,1.5,2014-11-13,0159,Terra,MODIS,79,6.2,305.9,77.1,D,0
-16.4439,132.695,327.7,2.6,1.6,2014-11-13,0159,Terra,MODIS,35,6.2,304.8,34.8,D,0
-16.4665,132.6434,337.1,2.6,1.5,2014-11-13,0159,Terra,MODIS,80,6.2,306.5,75.6,D,0
-16.4692,132.6676,334.1,2.6,1.5,2014-11-13,0159,Terra,MODIS,72,6.2,305.5,62.4,D,0
-16.4804,132.6418,331.8,2.6,1.5,2014-11-13,0159,Terra,MODIS,67,6.2,306.1,46.1,D,0
-16.4831,132.666,338.7,2.6,1.5,2014-11-13,0159,Terra,MODIS,82,6.2,305.2,89.3,D,0
-17.1035,132.9666,337,2.8,1.6,2014-11-13,0159,Terra,MODIS,79,6.2,303.4,106.5,D,0
-17.0658,131.8423,336.1,2.3,1.5,2014-11-13,0159,Terra,MODIS,60,6.2,308.7,58.9,D,0
-16.9029,133.0547,336.6,2.8,1.6,2014-11-13,0159,Terra,MODIS,79,6.2,305.5,96.1,D,0
-16.8943,132.9759,329.5,2.8,1.6,2014-11-13,0159,Terra,MODIS,42,6.2,306.6,48.9,D,0
-17.0394,131.8453,332.4,2.3,1.5,2014-11-13,0159,Terra,MODIS,29,6.2,309.6,39.4,D,0
-17.0418,131.8666,331.2,2.3,1.5,2014-11-13,0159,Terra,MODIS,37,6.2,307.1,33.8,D,0
-14.3033,135.2171,328.4,3.8,1.8,2014-11-13,0159,Terra,MODIS,35,6.2,303.8,69,D,0
-16.8955,131.9397,393.3,2.3,1.5,2014-11-13,0159,Terra,MODIS,100,6.2,310.1,676.8,D,0
-16.898,131.9614,377.4,2.3,1.5,2014-11-13,0159,Terra,MODIS,100,6.2,308,434.7,D,0
-16.8938,131.9553,348.4,2.3,1.5,2014-11-13,0159,Terra,MODIS,91,6.2,306.5,147.7,D,0
-16.9047,131.932,395,2.3,1.5,2014-11-13,0159,Terra,MODIS,100,6.2,309,707.7,D,0
-16.9601,133.0158,328.1,2.8,1.6,2014-11-13,0159,Terra,MODIS,46,6.2,305.3,40.8,D,0
-16.9746,133.0142,332.6,2.8,1.6,2014-11-13,0159,Terra,MODIS,68,6.2,305.5,63.5,D,0
-16.989,133.0125,330.2,2.8,1.6,2014-11-13,0159,Terra,MODIS,38,6.2,306.1,49,D,0
-17.0034,133.0109,338.1,2.8,1.6,2014-11-13,0159,Terra,MODIS,81,6.2,305.8,105.4,D,0
-17.0178,133.0093,350.1,2.8,1.6,2014-11-13,0159,Terra,MODIS,93,6.2,305.6,206.4,D,0
-17.0323,133.0078,328.7,2.8,1.6,2014-11-13,0159,Terra,MODIS,45,6.2,304.4,45.5,D,0
-16.9937,133.032,326,2.8,1.6,2014-11-13,0159,Terra,MODIS,29,6.2,305.2,32.8,D,0
-17.0082,133.0304,327.6,2.8,1.6,2014-11-13,0159,Terra,MODIS,55,6.2,305.3,44.6,D,0
-17.0891,132.9683,341.9,2.8,1.6,2014-11-13,0159,Terra,MODIS,86,6.2,304.8,142.7,D,0
-17.0772,132.9642,332.8,2.8,1.6,2014-11-13,0159,Terra,MODIS,68,6.2,304.8,82.3,D,0
-17.0916,132.9626,340.6,2.8,1.6,2014-11-13,0159,Terra,MODIS,84,6.2,304.2,134.3,D,0
-17.0943,132.9889,328.7,2.8,1.6,2014-11-13,0159,Terra,MODIS,53,6.2,304.9,53.8,D,0
-14.3813,134.6588,324.8,3.4,1.7,2014-11-13,0159,Terra,MODIS,44,6.2,304.5,56,D,0
-16.991,133.0056,328.1,2.8,1.6,2014-11-13,0159,Terra,MODIS,35,6.2,306.2,48.6,D,0
-17.0054,133.0039,340.4,2.8,1.6,2014-11-13,0159,Terra,MODIS,84,6.2,305.9,125.8,D,0
-17.0199,133.0023,350.2,2.8,1.6,2014-11-13,0159,Terra,MODIS,93,6.2,305.6,207.4,D,0
-17.0343,133.0008,331.5,2.8,1.6,2014-11-13,0159,Terra,MODIS,69,6.2,304.7,61.7,D,0
-16.9712,131.047,332.7,2,1.4,2014-11-13,0159,Terra,MODIS,64,6.2,311.7,22,D,0
-16.9086,132.9743,333.3,2.8,1.6,2014-11-13,0159,Terra,MODIS,58,6.2,306.9,67.6,D,0
-16.9144,133.0267,333.5,2.8,1.6,2014-11-13,0159,Terra,MODIS,70,6.2,305.5,68.9,D,0
-16.9174,133.0531,328.7,2.8,1.6,2014-11-13,0159,Terra,MODIS,43,6.2,304.5,45.9,D,0
-16.923,132.9727,336.9,2.8,1.6,2014-11-13,0159,Terra,MODIS,77,6.2,307.7,90.6,D,0
-16.9259,132.9988,338.5,2.8,1.6,2014-11-13,0159,Terra,MODIS,82,6.2,307.4,97.9,D,0
-16.9289,133.0251,350.3,2.8,1.6,2014-11-13,0159,Terra,MODIS,93,6.2,305.2,200.7,D,0
-16.9374,132.9711,339,2.8,1.6,2014-11-13,0159,Terra,MODIS,76,6.2,309,108.8,D,0
-16.9051,133.0487,334.8,2.8,1.6,2014-11-13,0159,Terra,MODIS,63,6.2,305.4,79.6,D,0
-16.9114,132.9683,339,2.8,1.6,2014-11-13,0159,Terra,MODIS,82,6.2,306.9,104.6,D,0
-16.9168,133.0207,333.5,2.8,1.6,2014-11-13,0159,Terra,MODIS,65,6.2,306,66.1,D,0
-16.9258,132.9666,334.2,2.8,1.6,2014-11-13,0159,Terra,MODIS,27,6.2,307.8,70.4,D,0
-16.9313,133.0191,350.6,2.8,1.6,2014-11-13,0159,Terra,MODIS,93,6.2,305.6,197.7,D,0
-16.9401,132.965,343.1,2.8,1.6,2014-11-13,0159,Terra,MODIS,84,6.2,308.9,138.4,D,0
-16.9088,131.9382,388.9,2.3,1.5,2014-11-13,0159,Terra,MODIS,100,6.2,305.5,601.8,D,0
-16.9113,131.9599,340.5,2.3,1.5,2014-11-13,0159,Terra,MODIS,84,6.2,304.3,95.7,D,0
-16.9071,131.9537,400.6,2.3,1.5,2014-11-13,0159,Terra,MODIS,100,6.2,307.8,823.6,D,0
-16.9156,131.9087,328.6,2.3,1.5,2014-11-13,0159,Terra,MODIS,55,6.2,303.8,35.9,D,0
-16.9288,131.9072,341.3,2.3,1.5,2014-11-13,0159,Terra,MODIS,85,6.2,304.7,99.3,D,0
-16.9396,131.884,326,2.3,1.5,2014-11-13,0159,Terra,MODIS,22,6.2,305.7,23.6,D,0
-16.942,131.9056,399.5,2.3,1.5,2014-11-13,0159,Terra,MODIS,100,6.2,309.1,792.6,D,0
-16.9445,131.9273,330.8,2.3,1.5,2014-11-13,0159,Terra,MODIS,67,6.2,301.7,49.9,D,0
-16.9528,131.8824,335.2,2.3,1.5,2014-11-13,0159,Terra,MODIS,77,6.2,307.2,60.2,D,0
-16.9553,131.904,350.6,2.3,1.5,2014-11-13,0159,Terra,MODIS,93,6.2,306.1,157.1,D,0
-16.9578,131.9258,332.7,2.3,1.5,2014-11-13,0159,Terra,MODIS,60,6.2,304.3,53.4,D,0
-16.9602,131.9475,327.2,2.3,1.5,2014-11-13,0159,Terra,MODIS,48,6.2,303.8,33.3,D,0
-17.1815,135.4088,341.2,4.3,1.9,2014-11-13,0159,Terra,MODIS,81,6.2,305.1,234.4,D,0
-17.1838,135.4026,335.4,4.3,1.9,2014-11-13,0159,Terra,MODIS,66,6.2,305.1,158.1,D,0
-17.3122,135.263,327,4.2,1.9,2014-11-13,0159,Terra,MODIS,41,6.2,302.9,82,D,0
-16.8785,132.7909,328.1,2.7,1.6,2014-11-13,0159,Terra,MODIS,38,6.2,308.3,39.4,D,0
-17.2528,135.3952,331.9,4.3,1.9,2014-11-13,0159,Terra,MODIS,53,6.2,303.6,124.2,D,0
-17.2547,135.3885,330.8,4.3,1.9,2014-11-13,0159,Terra,MODIS,20,6.2,303.7,103.8,D,0
-17.2753,135.2734,331.1,4.2,1.9,2014-11-13,0159,Terra,MODIS,50,6.2,304.2,105.9,D,0
-17.278,135.2665,337.1,4.2,1.9,2014-11-13,0159,Terra,MODIS,70,6.2,304.1,169.8,D,0
-17.2951,135.2648,350.5,4.2,1.9,2014-11-13,0159,Terra,MODIS,93,6.2,304.1,374.5,D,0
-17.298,135.2595,337.7,4.2,1.9,2014-11-13,0159,Terra,MODIS,81,6.2,303.5,189.8,D,0
-14.2423,135.3357,328.5,3.9,1.8,2014-11-13,0159,Terra,MODIS,37,6.2,301.8,90.1,D,0
-17.1564,135.3308,328.2,4.2,1.9,2014-11-13,0159,Terra,MODIS,55,6.2,305.2,47.1,D,0
-17.1736,135.3293,334.1,4.2,1.9,2014-11-13,0159,Terra,MODIS,76,6.2,305.6,106.3,D,0
-17.1592,135.3247,328.9,4.2,1.9,2014-11-13,0159,Terra,MODIS,61,6.2,305.2,54.4,D,0
-17.1764,135.3231,332.1,4.2,1.9,2014-11-13,0159,Terra,MODIS,72,6.2,305.3,87.6,D,0
-17.2833,135.352,330.6,4.3,1.9,2014-11-13,0159,Terra,MODIS,26,6.2,302.1,107.7,D,0
-17.2682,135.3468,341.7,4.3,1.9,2014-11-13,0159,Terra,MODIS,86,6.2,303.9,230.9,D,0
-14.8982,131.9766,332.2,2.2,1.4,2014-11-13,0159,Terra,MODIS,77,6.2,304.4,42.1,D,0
-14.8969,131.97,332.7,2.2,1.4,2014-11-13,0159,Terra,MODIS,78,6.2,304.8,44.3,D,0
-16.3118,129.7791,345,1.6,1.2,2014-11-13,0159,Terra,MODIS,61,6.2,308.6,58.9,D,0
-16.3229,129.7776,342.5,1.6,1.2,2014-11-13,0159,Terra,MODIS,57,6.2,309.8,50.9,D,0
-16.3247,129.7923,337.4,1.6,1.2,2014-11-13,0159,Terra,MODIS,70,6.2,306.2,41.2,D,0
-16.334,129.7761,338.7,1.6,1.2,2014-11-13,0159,Terra,MODIS,40,6.2,308.9,39.5,D,0
-16.0134,130.3203,328.3,1.7,1.3,2014-11-13,0159,Terra,MODIS,49,6.2,306.9,17.1,D,0
-16.8736,134.026,328.9,3.3,1.7,2014-11-13,0159,Terra,MODIS,42,6.2,301.7,46.6,D,0
-16.869,134.021,330.5,3.3,1.7,2014-11-13,0159,Terra,MODIS,49,6.2,301.9,66.4,D,0
-15.7136,129.6677,337.7,1.5,1.2,2014-11-13,0159,Terra,MODIS,81,6.2,305.5,45.1,D,0
-15.7154,129.6816,333.7,1.5,1.2,2014-11-13,0159,Terra,MODIS,75,6.2,304.4,34.9,D,0
-15.717,129.6751,347.4,1.5,1.2,2014-11-13,0159,Terra,MODIS,91,6.2,304.8,78.3,D,0
-16.2452,130.2453,340.6,1.7,1.3,2014-11-13,0159,Terra,MODIS,83,6.2,309.3,52.1,D,0
-16.2424,130.2399,337.2,1.7,1.3,2014-11-13,0159,Terra,MODIS,72,6.2,308.4,39.3,D,0
-16.2558,130.2543,332.5,1.7,1.3,2014-11-13,0159,Terra,MODIS,50,6.2,310.3,23,D,0
-16.2578,130.2702,342,1.7,1.3,2014-11-13,0159,Terra,MODIS,85,6.2,310.3,56,D,0
-16.2884,130.2341,331.2,1.7,1.3,2014-11-13,0159,Terra,MODIS,45,6.2,308.7,17.4,D,0
-16.2904,130.2499,338.7,1.7,1.3,2014-11-13,0159,Terra,MODIS,80,6.2,309.3,41.5,D,0
-16.2238,130.1682,333.8,1.7,1.3,2014-11-13,0159,Terra,MODIS,63,6.2,311.4,24.4,D,0
-16.2257,130.1833,335.8,1.7,1.3,2014-11-13,0159,Terra,MODIS,73,6.2,309.2,30,D,0
-16.2234,130.178,335.3,1.7,1.3,2014-11-13,0159,Terra,MODIS,75,6.2,309.7,27.4,D,0
-14.5663,125.5314,352.3,1,1,2014-11-13,0159,Terra,MODIS,95,6.2,303.7,51.6,D,0
-14.5676,125.5406,345.9,1,1,2014-11-13,0159,Terra,MODIS,91,6.2,301.8,38.3,D,0
-16.6352,130.0846,328.4,1.7,1.3,2014-11-13,0159,Terra,MODIS,33,6.2,309.7,15.9,D,0
-15.1594,126.3798,327.7,1,1,2014-11-13,0159,Terra,MODIS,59,6.2,307.6,9.2,D,0
-16.6237,130.0859,336.3,1.7,1.3,2014-11-13,0159,Terra,MODIS,76,6.2,310.3,37.9,D,0
-16.6084,130.1514,355.4,1.7,1.3,2014-11-13,0159,Terra,MODIS,97,6.2,310.8,114.4,D,0
-15.8874,130.8837,326.8,1.9,1.3,2014-11-13,0159,Terra,MODIS,56,6.2,306.7,20.5,D,0
-15.1685,126.3784,328.1,1,1,2014-11-13,0159,Terra,MODIS,71,6.2,306.8,10.4,D,0
-15.1353,128.9991,338.1,1.3,1.1,2014-11-13,0159,Terra,MODIS,83,6.2,306.9,32.6,D,0
-16.0631,124.6371,323.4,1,1,2014-11-13,0159,Terra,MODIS,22,6.2,303.8,8.4,D,0
-15.1234,128.9881,339.8,1.3,1.1,2014-11-13,0159,Terra,MODIS,85,6.2,305.6,37.2,D,0
-15.1163,129.0144,333.7,1.3,1.1,2014-11-13,0159,Terra,MODIS,63,6.2,307.6,18.1,D,0
-15.1131,128.9895,344.6,1.3,1.1,2014-11-13,0159,Terra,MODIS,85,6.2,309.2,48.5,D,0
-15.106,129.0158,342.9,1.3,1.1,2014-11-13,0159,Terra,MODIS,88,6.2,309.9,40.8,D,0
-15.1457,128.9977,330,1.3,1.1,2014-11-13,0159,Terra,MODIS,49,6.2,304.8,15.3,D,0
-15.156,128.9963,339.9,1.3,1.1,2014-11-13,0159,Terra,MODIS,85,6.2,305.1,37.5,D,0
-15.1577,129.0087,334.4,1.3,1.1,2014-11-13,0159,Terra,MODIS,78,6.2,304.5,24.2,D,0
-15.125,129.0005,333.6,1.3,1.1,2014-11-13,0159,Terra,MODIS,60,6.2,309.3,21.1,D,0
-15.1337,128.9867,333.6,1.3,1.1,2014-11-13,0159,Terra,MODIS,68,6.2,304.2,23.6,D,0
-15.0851,128.4709,345,1.2,1.1,2014-11-13,0159,Terra,MODIS,90,6.2,310.2,48.2,D,0
-16.5996,130.1587,337.3,1.7,1.3,2014-11-13,0159,Terra,MODIS,67,6.2,311.1,35.3,D,0
-15.0866,128.4824,345.6,1.2,1.1,2014-11-13,0159,Terra,MODIS,90,6.2,306.6,48.7,D,0
-15.9922,130.3385,337,1.7,1.3,2014-11-13,0159,Terra,MODIS,79,6.2,307.4,44,D,0
-16.6371,130.1002,330.3,1.7,1.3,2014-11-13,0159,Terra,MODIS,54,6.2,309.9,19.7,D,0
-15.0821,128.9938,334.1,1.3,1.1,2014-11-13,0159,Terra,MODIS,66,6.2,311.2,17.6,D,0
-16.3078,130.2961,370.7,1.7,1.3,2014-11-13,0159,Terra,MODIS,100,6.2,309.3,218,D,0
-16.2963,130.2976,352.7,1.7,1.3,2014-11-13,0159,Terra,MODIS,95,6.2,310,105.9,D,0
-16.2943,130.2817,341.3,1.7,1.3,2014-11-13,0159,Terra,MODIS,84,6.2,308,55.2,D,0
-16.2673,129.785,352.5,1.6,1.2,2014-11-13,0159,Terra,MODIS,91,6.2,305.1,92.4,D,0
-16.2672,129.7915,360.6,1.6,1.2,2014-11-13,0159,Terra,MODIS,100,6.2,303.9,131.7,D,0
-16.2561,129.793,367.7,1.6,1.2,2014-11-13,0159,Terra,MODIS,100,6.2,306.5,174.7,D,0
-16.2542,129.7784,359.3,1.6,1.2,2014-11-13,0159,Terra,MODIS,99,6.2,308.9,122.3,D,0
-16.2449,129.7945,335.9,1.6,1.2,2014-11-13,0159,Terra,MODIS,73,6.2,305.5,33.9,D,0
-16.2431,129.7799,348.5,1.6,1.2,2014-11-13,0159,Terra,MODIS,91,6.2,307.9,74.1,D,0
-16.2597,130.2861,330.9,1.7,1.3,2014-11-13,0159,Terra,MODIS,38,6.2,310.1,22.2,D,0
-16.343,130.2204,332.6,1.7,1.3,2014-11-13,0159,Terra,MODIS,38,6.2,310.4,26,D,0
-16.3543,129.7583,337.4,1.6,1.2,2014-11-13,0159,Terra,MODIS,60,6.2,310.4,30.8,D,0
-15.4103,128.3895,332,1.2,1.1,2014-11-13,0159,Terra,MODIS,57,6.2,311.4,10,D,0
-15.499,131.0362,328.3,1.9,1.3,2014-11-13,0159,Terra,MODIS,28,6.2,305.2,20.2,D,0
-16.3229,130.2296,336.3,1.7,1.3,2014-11-13,0159,Terra,MODIS,67,6.2,310.1,35.7,D,0
-16.3636,129.7425,333.6,1.6,1.2,2014-11-13,0159,Terra,MODIS,68,6.2,309.1,24.3,D,0
-15.5446,129.8611,333.3,1.6,1.2,2014-11-13,0159,Terra,MODIS,34,6.2,306.2,27.6,D,0
-16.3654,129.7569,360.4,1.6,1.2,2014-11-13,0159,Terra,MODIS,100,6.2,311.4,128.1,D,0
-16.3673,129.7713,382.1,1.6,1.2,2014-11-13,0159,Terra,MODIS,100,6.2,313.5,278.8,D,0
-16.3692,129.7859,330.1,1.6,1.2,2014-11-13,0159,Terra,MODIS,60,6.2,305.8,25.2,D,0
-16.3547,129.7525,332.2,1.6,1.2,2014-11-13,0159,Terra,MODIS,58,6.2,310.2,21.1,D,0
-16.3565,129.767,332.5,1.6,1.2,2014-11-13,0159,Terra,MODIS,45,6.2,309.7,26.2,D,0
-16.3659,129.7511,349.8,1.6,1.2,2014-11-13,0159,Terra,MODIS,92,6.2,309.8,84.7,D,0
-16.3676,129.7655,376.1,1.6,1.2,2014-11-13,0159,Terra,MODIS,100,6.2,313.7,235.5,D,0
-16.3694,129.7801,362,1.6,1.2,2014-11-13,0159,Terra,MODIS,100,6.2,308.4,150.3,D,0
-16.3787,129.7641,345.3,1.6,1.2,2014-11-13,0159,Terra,MODIS,88,6.2,306.6,73.6,D,0
-16.3805,129.7785,341.6,1.6,1.2,2014-11-13,0159,Terra,MODIS,84,6.2,305.4,63.4,D,0
-19.6769,131.3082,333.3,2.3,1.5,2014-11-13,0200,Terra,MODIS,67,6.2,310.6,34.9,D,0
-17.158,126.7926,353.6,1.1,1,2014-11-13,0200,Terra,MODIS,95,6.2,314.2,53.1,D,0
-17.2866,126.1487,339.3,1,1,2014-11-13,0200,Terra,MODIS,84,6.2,313.9,18.1,D,0
-16.7986,129.2883,341.5,1.5,1.2,2014-11-13,0200,Terra,MODIS,83,6.2,312.2,42.5,D,0
-18.315,129.3654,337.6,1.6,1.2,2014-11-13,0200,Terra,MODIS,45,6.2,309.4,32.3,D,0
-19.6487,131.2731,349.4,2.3,1.5,2014-11-13,0200,Terra,MODIS,92,6.2,315.4,122.6,D,0
-18.2873,129.3241,339.6,1.6,1.2,2014-11-13,0200,Terra,MODIS,70,6.2,312.3,37.2,D,0
-18.3002,129.3373,368.2,1.6,1.2,2014-11-13,0200,Terra,MODIS,100,6.2,314,163.8,D,0
-18.3021,129.352,348.6,1.6,1.2,2014-11-13,0200,Terra,MODIS,90,6.2,312,68.2,D,0
-19.646,131.268,343.8,2.3,1.5,2014-11-13,0200,Terra,MODIS,86,6.2,315.4,89.1,D,0
-19.6592,131.2664,359.9,2.3,1.5,2014-11-13,0200,Terra,MODIS,99,6.2,316.1,204.4,D,0
-19.5396,131.2283,336.2,2.2,1.4,2014-11-13,0200,Terra,MODIS,74,6.2,314,41.2,D,0
-19.6615,131.288,360.5,2.3,1.5,2014-11-13,0200,Terra,MODIS,100,6.2,315.2,213.7,D,0
-19.6723,131.265,379.7,2.3,1.5,2014-11-13,0200,Terra,MODIS,100,6.2,317.8,420.5,D,0
-19.6746,131.2866,375.7,2.3,1.5,2014-11-13,0200,Terra,MODIS,100,6.2,314.6,372.8,D,0
-16.7878,129.2895,335.1,1.5,1.2,2014-11-13,0200,Terra,MODIS,73,6.2,310.5,24.7,D,0
-17.1487,126.794,362.9,1.1,1,2014-11-13,0200,Terra,MODIS,100,6.2,313.1,82.6,D,0
-17.1473,126.7838,377,1.1,1,2014-11-13,0200,Terra,MODIS,100,6.2,314.2,136.2,D,0
-17.1459,126.7737,336.8,1.1,1,2014-11-13,0200,Terra,MODIS,78,6.2,311.9,20.6,D,0
-19.6483,131.2895,331.2,2.3,1.5,2014-11-13,0200,Terra,MODIS,62,6.2,313.1,27.4,D,0
-17.1379,126.7852,379.9,1.1,1,2014-11-13,0200,Terra,MODIS,100,6.2,314.6,149.7,D,0
-19.6569,131.2451,337.7,2.2,1.5,2014-11-13,0200,Terra,MODIS,78,6.2,314.4,50.6,D,0
-19.6878,131.2851,364.3,2.3,1.5,2014-11-13,0200,Terra,MODIS,100,6.2,312.8,249,D,0
-19.6901,131.3067,375,2.3,1.5,2014-11-13,0200,Terra,MODIS,100,6.2,311.8,367.2,D,0
-17.6412,135.1274,329.8,4.1,1.9,2014-11-13,0200,Terra,MODIS,49,6.2,304.9,85.8,D,0
-18.2103,127.4624,334.8,1.2,1.1,2014-11-13,0200,Terra,MODIS,64,6.2,313.9,18.4,D,0
-18.2118,127.4737,335.2,1.2,1.1,2014-11-13,0200,Terra,MODIS,66,6.2,312.7,19.7,D,0
-17.6545,135.0872,326.7,4.1,1.9,2014-11-13,0200,Terra,MODIS,24,6.2,305.2,53.5,D,0
-17.1141,131.9393,329.7,2.3,1.5,2014-11-13,0200,Terra,MODIS,42,6.2,307.7,29.3,D,0
-17.0469,131.8161,330.3,2.3,1.5,2014-11-13,0200,Terra,MODIS,21,6.2,308.4,37.9,D,0
-17.0578,131.7933,334.5,2.3,1.5,2014-11-13,0200,Terra,MODIS,51,6.2,308.4,51.4,D,0
-17.0601,131.8146,337.8,2.3,1.5,2014-11-13,0200,Terra,MODIS,75,6.2,309,62.1,D,0
-17.102,131.8313,330.2,2.3,1.5,2014-11-13,0200,Terra,MODIS,25,6.2,308.3,38.4,D,0
-17.1152,131.8298,336.5,2.3,1.5,2014-11-13,0200,Terra,MODIS,78,6.2,308.2,69.6,D,0
-17.1284,131.8282,347.1,2.3,1.5,2014-11-13,0200,Terra,MODIS,90,6.2,306.8,132.4,D,0
-17.079,131.8407,332.6,2.3,1.5,2014-11-13,0200,Terra,MODIS,38,6.2,308.3,40.4,D,0
-17.1176,131.8512,329.6,2.3,1.5,2014-11-13,0200,Terra,MODIS,42,6.2,306.3,35.4,D,0
-17.1308,131.8496,341.6,2.3,1.5,2014-11-13,0200,Terra,MODIS,85,6.2,306.1,97.3,D,0
-17.1441,131.8481,340,2.3,1.5,2014-11-13,0200,Terra,MODIS,83,6.2,304.4,88.8,D,0
-17.1406,131.8429,341.6,2.3,1.5,2014-11-13,0200,Terra,MODIS,85,6.2,305,99.3,D,0
-17.4681,135.404,325.7,4.3,1.9,2014-11-13,0200,Terra,MODIS,10,6.2,304.5,64.3,D,0
-17.47,135.3965,329.8,4.3,1.9,2014-11-13,0200,Terra,MODIS,64,6.2,304.5,116.5,D,0
-16.9613,131.0417,334,2,1.4,2014-11-13,0200,Terra,MODIS,53,6.2,311.8,28.2,D,0
-17.1274,131.9378,332.3,2.3,1.5,2014-11-13,0200,Terra,MODIS,59,6.2,307.8,41.3,D,0
-17.1031,131.7236,333.6,2.2,1.5,2014-11-13,0200,Terra,MODIS,68,6.2,307.7,48.2,D,0
-17.1162,131.722,332.5,2.2,1.5,2014-11-13,0200,Terra,MODIS,47,6.2,307.7,38.5,D,0
-19.3429,121.5754,338.8,1.2,1.1,2014-11-13,0200,Terra,MODIS,72,6.2,307.1,28.4,D,0
-19.3527,121.5736,341.4,1.2,1.1,2014-11-13,0200,Terra,MODIS,79,6.2,306.6,36.2,D,0
-19.3625,121.5719,348.5,1.2,1.1,2014-11-13,0200,Terra,MODIS,91,6.2,305.7,55.3,D,0
-19.3723,121.5701,344.7,1.2,1.1,2014-11-13,0200,Terra,MODIS,87,6.2,304.5,44.6,D,0
-19.376,121.5929,335.9,1.2,1.1,2014-11-13,0200,Terra,MODIS,34,6.2,306.8,17.8,D,0
-18.1361,127.1263,335.7,1.1,1.1,2014-11-13,0200,Terra,MODIS,71,6.2,312.2,18.2,D,0
-18.1375,127.1371,342.6,1.1,1.1,2014-11-13,0200,Terra,MODIS,84,6.2,312.5,32.1,D,0
-18.1389,127.1479,341.2,1.1,1.1,2014-11-13,0200,Terra,MODIS,82,6.2,311.7,29.5,D,0
-19.3314,121.7006,337,1.2,1.1,2014-11-13,0200,Terra,MODIS,67,6.2,312.1,9.5,D,0
-19.3332,121.7119,338.1,1.2,1.1,2014-11-13,0200,Terra,MODIS,78,6.2,313.8,12.8,D,0
-19.3411,121.6989,347.5,1.2,1.1,2014-11-13,0200,Terra,MODIS,90,6.2,311.8,33.9,D,0
-19.3429,121.7101,355.2,1.2,1.1,2014-11-13,0200,Terra,MODIS,96,6.2,312.4,56.2,D,0
-19.344,121.7032,354.4,1.2,1.1,2014-11-13,0200,Terra,MODIS,96,6.2,312,52.6,D,0
-19.3458,121.7144,339.2,1.2,1.1,2014-11-13,0200,Terra,MODIS,73,6.2,312.7,14.4,D,0
-19.3421,121.692,337.6,1.2,1.1,2014-11-13,0200,Terra,MODIS,67,6.2,311.9,11.3,D,0
-17.7128,135.1154,331.6,4.1,1.9,2014-11-13,0200,Terra,MODIS,65,6.2,304.9,98.7,D,0
-19.8327,130.8349,341,2.1,1.4,2014-11-13,0200,Terra,MODIS,83,6.2,311.3,75.6,D,0
-19.7759,130.9086,344.3,2.1,1.4,2014-11-13,0200,Terra,MODIS,87,6.2,313.8,79.3,D,0
-19.7009,131.2836,364.3,2.3,1.5,2014-11-13,0200,Terra,MODIS,100,6.2,314.2,254,D,0
-19.7033,131.3053,379.6,2.3,1.5,2014-11-13,0200,Terra,MODIS,100,6.2,316,432.9,D,0
-19.7164,131.3038,402.3,2.3,1.5,2014-11-13,0200,Terra,MODIS,100,6.2,314.7,822.4,D,0
-19.682,130.7582,336,2.1,1.4,2014-11-13,0200,Terra,MODIS,75,6.2,314.4,37.2,D,0
-19.6814,130.765,335.5,2.1,1.4,2014-11-13,0200,Terra,MODIS,72,6.2,315,33.1,D,0
-19.7189,131.3254,352,2.3,1.5,2014-11-13,0200,Terra,MODIS,94,6.2,310.8,157.5,D,0
-19.7131,131.2974,395.9,2.3,1.5,2014-11-13,0200,Terra,MODIS,100,6.2,316.7,695.9,D,0
-19.7154,131.3191,372.2,2.3,1.5,2014-11-13,0200,Terra,MODIS,100,6.2,312.7,345.8,D,0
-19.7736,130.8883,334.8,2.1,1.4,2014-11-13,0200,Terra,MODIS,70,6.2,313.1,31,D,0
-19.777,131.0329,360.9,2.2,1.4,2014-11-13,0200,Terra,MODIS,94,6.2,308.5,221.3,D,0
-19.77,130.9712,369,2.1,1.4,2014-11-13,0200,Terra,MODIS,100,6.2,314.2,288.2,D,0
-19.8474,130.8467,332.9,2.1,1.4,2014-11-13,0200,Terra,MODIS,62,6.2,305.2,49.5,D,0
-19.7782,130.9289,335.1,2.1,1.4,2014-11-13,0200,Terra,MODIS,73,6.2,312.7,30.6,D,0
-18.6157,131.2094,335.2,2.2,1.4,2014-11-13,0200,Terra,MODIS,41,6.2,314.7,31.6,D,0
-18.6438,131.2268,342.4,2.2,1.4,2014-11-13,0200,Terra,MODIS,84,6.2,314.1,60.3,D,0
-18.6425,131.2204,341.1,2.2,1.4,2014-11-13,0200,Terra,MODIS,83,6.2,313.8,55.7,D,0
-19.8177,130.8163,335,2.1,1.4,2014-11-13,0200,Terra,MODIS,33,6.2,312.2,37,D,0
-19.7677,130.9508,368.3,2.1,1.4,2014-11-13,0200,Terra,MODIS,100,6.2,318,266.9,D,0
-19.7654,130.9304,338.7,2.1,1.4,2014-11-13,0200,Terra,MODIS,80,6.2,315.4,43.7,D,0
-19.7641,131.0345,352.6,2.2,1.4,2014-11-13,0200,Terra,MODIS,94,6.2,309.3,149.4,D,0
-19.7618,131.0138,352,2.2,1.4,2014-11-13,0200,Terra,MODIS,88,6.2,312.8,140.7,D,0
-19.7549,130.9523,338.5,2.1,1.4,2014-11-13,0200,Terra,MODIS,67,6.2,312.7,48.6,D,0
-19.7526,130.9319,341.5,2.1,1.4,2014-11-13,0200,Terra,MODIS,83,6.2,314.3,57.6,D,0
-19.7512,131.036,338.7,2.2,1.4,2014-11-13,0200,Terra,MODIS,80,6.2,310.9,60.2,D,0
-19.7489,131.0154,347.3,2.2,1.4,2014-11-13,0200,Terra,MODIS,90,6.2,314.3,104.6,D,0
-19.7444,130.9743,335,2.1,1.4,2014-11-13,0200,Terra,MODIS,70,6.2,314.8,29.9,D,0
-19.7421,130.9538,370,2.1,1.4,2014-11-13,0200,Terra,MODIS,100,6.2,316.5,274,D,0
-19.7309,130.8529,335.7,2.1,1.4,2014-11-13,0200,Terra,MODIS,32,6.2,313.4,35.2,D,0
-19.736,131.0169,336.8,2.2,1.4,2014-11-13,0200,Terra,MODIS,57,6.2,313.9,46.5,D,0
-18.632,131.1256,333.5,2.1,1.4,2014-11-13,0200,Terra,MODIS,66,6.2,313,31.5,D,0
-18.6314,131.1192,336.9,2.1,1.4,2014-11-13,0200,Terra,MODIS,77,6.2,313.4,48.8,D,0
-19.5371,131.2219,357.4,2.2,1.4,2014-11-13,0200,Terra,MODIS,98,6.2,315.2,176.5,D,0
-19.5349,131.2008,368.7,2.2,1.4,2014-11-13,0200,Terra,MODIS,100,6.2,317.3,274.8,D,0
-19.5219,131.2024,347.9,2.2,1.4,2014-11-13,0200,Terra,MODIS,90,6.2,315.5,103.4,D,0
-19.5196,131.1813,338.4,2.2,1.4,2014-11-13,0200,Terra,MODIS,75,6.2,315.1,43.6,D,0
-19.5372,131.2072,378.9,2.2,1.4,2014-11-13,0200,Terra,MODIS,100,6.2,317,394.1,D,0
-19.5242,131.2088,351.4,2.2,1.4,2014-11-13,0200,Terra,MODIS,93,6.2,315.7,128,D,0
-19.5218,131.1877,343.4,2.2,1.4,2014-11-13,0200,Terra,MODIS,86,6.2,315.5,71.1,D,0
-19.7883,130.9015,375.8,2.1,1.4,2014-11-13,0200,Terra,MODIS,100,6.2,315.4,349.6,D,0
-19.7821,130.9643,412.5,2.1,1.4,2014-11-13,0200,Terra,MODIS,100,6.2,317.1,970.9,D,0
-19.7799,130.9438,351.6,2.1,1.4,2014-11-13,0200,Terra,MODIS,94,6.2,314.6,134.3,D,0
-19.7756,130.9031,342.7,2.1,1.4,2014-11-13,0200,Terra,MODIS,85,6.2,313.8,76.6,D,0
-19.7757,131.0276,360,2.2,1.4,2014-11-13,0200,Terra,MODIS,94,6.2,310.7,211.7,D,0
-19.7692,130.9658,364.3,2.1,1.4,2014-11-13,0200,Terra,MODIS,100,6.2,315.5,237.6,D,0
-19.7671,130.9454,351.5,2.1,1.4,2014-11-13,0200,Terra,MODIS,94,6.2,317.2,126.3,D,0
-19.7649,130.9249,337.7,2.1,1.4,2014-11-13,0200,Terra,MODIS,78,6.2,314.4,42.9,D,0
-19.7957,130.9682,334.9,2.1,1.4,2014-11-13,0200,Terra,MODIS,41,6.2,306.5,62.6,D,0
-19.791,130.9274,360.3,2.1,1.4,2014-11-13,0200,Terra,MODIS,100,6.2,311.8,195.9,D,0
-19.7887,130.9071,394,2.1,1.4,2014-11-13,0200,Terra,MODIS,100,6.2,317.1,590.7,D,0
-19.7829,130.9697,405.5,2.1,1.4,2014-11-13,0200,Terra,MODIS,100,6.2,314.1,822.9,D,0
-19.7806,130.9493,378.3,2.1,1.4,2014-11-13,0200,Terra,MODIS,100,6.2,316.2,380.2,D,0
-19.82,130.8364,344.9,2.1,1.4,2014-11-13,0200,Terra,MODIS,85,6.2,312.2,87.6,D,0
-19.8072,130.8379,338.3,2.1,1.4,2014-11-13,0200,Terra,MODIS,71,6.2,312.4,52,D,0
-19.81,130.9816,333.6,2.2,1.4,2014-11-13,0200,Terra,MODIS,52,6.2,293.7,64.8,D,0
-19.7945,130.8395,354.6,2.1,1.4,2014-11-13,0200,Terra,MODIS,96,6.2,314.7,142.3,D,0
-19.7905,130.9219,377.5,2.1,1.4,2014-11-13,0200,Terra,MODIS,100,6.2,313.8,375.4,D,0
-17.6483,135.1612,335.7,4.2,1.9,2014-11-13,0200,Terra,MODIS,71,6.2,305.5,154.1,D,0
-17.645,135.1665,333.1,4.2,1.9,2014-11-13,0200,Terra,MODIS,59,6.2,304.9,130,D,0
-17.6621,135.1649,333.1,4.2,1.9,2014-11-13,0200,Terra,MODIS,63,6.2,306,122,D,0
-17.2163,126.2352,338.9,1,1,2014-11-13,0200,Terra,MODIS,81,6.2,311.5,21.1,D,0
-17.2341,126.163,339.2,1,1,2014-11-13,0200,Terra,MODIS,83,6.2,314.5,14.3,D,0
-17.2241,126.2241,389.7,1,1,2014-11-13,0200,Terra,MODIS,100,6.2,316.4,182.7,D,0
-17.2071,126.2365,333,1,1,2014-11-13,0200,Terra,MODIS,75,6.2,311.8,12.9,D,0
-18.6815,123.2026,335.7,1,1,2014-11-13,0200,Terra,MODIS,61,6.2,300.6,23.6,D,0
-17.2669,126.1417,335.5,1,1,2014-11-13,0200,Terra,MODIS,58,6.2,314.5,11.8,D,0
-17.2085,126.2463,347.3,1,1,2014-11-13,0200,Terra,MODIS,91,6.2,311.3,38.4,D,0
-16.3211,125.0704,326,1,1,2014-11-13,0200,Terra,MODIS,25,6.2,305.2,7.8,D,0
-17.6987,129.7322,334.8,1.6,1.3,2014-11-13,0200,Terra,MODIS,39,6.2,312.1,25,D,0
-17.2227,126.2143,336.2,1,1,2014-11-13,0200,Terra,MODIS,80,6.2,313.6,11.8,D,0
-17.2044,126.2171,332.5,1,1,2014-11-13,0200,Terra,MODIS,38,6.2,310.7,10.1,D,0
-17.8269,125.8722,334.4,1,1,2014-11-13,0200,Terra,MODIS,86,6.2,312.8,10.5,D,0
-17.2502,126.2102,341.2,1,1,2014-11-13,0200,Terra,MODIS,86,6.2,311.8,21.9,D,0
-17.8177,125.8736,334.8,1,1,2014-11-13,0200,Terra,MODIS,86,6.2,313.4,10.7,D,0
-16.3225,125.0797,334.9,1,1,2014-11-13,0200,Terra,MODIS,79,6.2,306.7,19.6,D,0
-17.2254,126.2338,344.7,1,1,2014-11-13,0200,Terra,MODIS,89,6.2,310.4,29.6,D,0
-17.2177,126.2449,335.3,1,1,2014-11-13,0200,Terra,MODIS,74,6.2,310.4,15.9,D,0
-22.4197,118.1391,343.8,1.8,1.3,2014-11-13,0201,Terra,MODIS,53,6.2,311.9,73.8,D,0
-22.402,118.1079,340.5,1.8,1.3,2014-11-13,0201,Terra,MODIS,79,6.2,311.6,63.9,D,0
-22.4113,118.1166,339.4,1.8,1.3,2014-11-13,0201,Terra,MODIS,46,6.2,313.2,57.9,D,0
-20.6028,122.8056,370.8,1,1,2014-11-13,0201,Terra,MODIS,100,6.2,307.9,108.7,D,0
-20.4305,120.8363,336.5,1.3,1.1,2014-11-13,0201,Terra,MODIS,56,6.2,315.7,15.8,D,0
-20.4728,120.541,336.8,1.3,1.1,2014-11-13,0201,Terra,MODIS,53,6.2,310.7,18.4,D,0
-20.3416,120.7959,341.3,1.3,1.1,2014-11-13,0201,Terra,MODIS,77,6.2,313.7,28.3,D,0
-20.4326,120.8485,337.3,1.3,1.1,2014-11-13,0201,Terra,MODIS,66,6.2,315.3,17.6,D,0
-20.376,120.8148,339.7,1.3,1.1,2014-11-13,0201,Terra,MODIS,64,6.2,315.7,19.1,D,0
-20.5921,122.7972,336.6,1,1,2014-11-13,0201,Terra,MODIS,75,6.2,304.8,22.5,D,0
-20.5937,122.8072,334,1,1,2014-11-13,0201,Terra,MODIS,61,6.2,303.5,19,D,0
-20.6013,122.7956,362.8,1,1,2014-11-13,0201,Terra,MODIS,100,6.2,305.8,81.8,D,0
-20.4692,124.1754,365.3,1,1,2014-11-13,0201,Terra,MODIS,87,6.2,309.3,84,D,0
-21.2109,127.605,380.9,1.3,1.1,2014-11-13,0201,Terra,MODIS,100,6.2,313.9,196.7,D,0
-21.2093,127.5924,338.2,1.3,1.1,2014-11-13,0201,Terra,MODIS,77,6.2,313.4,21.1,D,0
-21.1991,127.5938,375.3,1.3,1.1,2014-11-13,0201,Terra,MODIS,100,6.2,313.7,164.1,D,0
-21.1975,127.5812,385.2,1.3,1.1,2014-11-13,0201,Terra,MODIS,100,6.2,315.7,223.7,D,0
-21.2094,127.6121,358,1.3,1.1,2014-11-13,0201,Terra,MODIS,98,6.2,313,83.5,D,0
-21.2078,127.5995,362.5,1.3,1.1,2014-11-13,0201,Terra,MODIS,100,6.2,313.5,101,D,0
-21.2063,127.5868,349.3,1.3,1.1,2014-11-13,0201,Terra,MODIS,91,6.2,314.6,50.6,D,0
-21.2047,127.5742,337.6,1.3,1.1,2014-11-13,0201,Terra,MODIS,76,6.2,314.1,17.8,D,0
-21.1958,127.5687,339.5,1.3,1.1,2014-11-13,0201,Terra,MODIS,79,6.2,313.4,25.6,D,0
-21.0829,126.4606,339.5,1.1,1.1,2014-11-13,0201,Terra,MODIS,50,6.2,305.3,29.1,D,0
-21.2126,127.6176,337.3,1.3,1.1,2014-11-13,0201,Terra,MODIS,75,6.2,311.4,20.8,D,0
-20.7804,117.1184,336.8,2.2,1.5,2014-11-13,0201,Terra,MODIS,77,6.2,311.3,53.6,D,0
-20.7934,117.1154,332.2,2.2,1.5,2014-11-13,0201,Terra,MODIS,67,6.2,311.8,35.2,D,0
-20.7764,117.097,338.4,2.3,1.5,2014-11-13,0201,Terra,MODIS,79,6.2,312.4,60.8,D,0
-20.7893,117.0941,332,2.3,1.5,2014-11-13,0201,Terra,MODIS,66,6.2,312.8,33.2,D,0
-23.1908,127.2905,351.3,1.3,1.1,2014-11-13,0201,Terra,MODIS,88,6.2,299.3,80.1,D,0
-23.2457,127.3096,343.9,1.3,1.1,2014-11-13,0201,Terra,MODIS,56,6.2,310.6,45.8,D,0
-23.2473,127.3227,386.6,1.3,1.1,2014-11-13,0201,Terra,MODIS,87,6.2,305,249.4,D,0
-23.2489,127.3358,341.3,1.3,1.1,2014-11-13,0201,Terra,MODIS,34,6.2,291.6,41.6,D,0
-19.8718,121.6812,370.7,1.2,1.1,2014-11-13,0201,Terra,MODIS,100,6.2,310.2,123.1,D,0
-19.8735,121.6923,340.7,1.2,1.1,2014-11-13,0201,Terra,MODIS,81,6.2,304.8,28.4,D,0
-19.8814,121.6795,335.3,1.2,1.1,2014-11-13,0201,Terra,MODIS,58,6.2,307.4,19.9,D,0
-19.3956,121.5894,346.5,1.2,1.1,2014-11-13,0201,Terra,MODIS,89,6.2,307.2,44.1,D,0
-19.4145,121.6443,395.3,1.2,1.1,2014-11-13,0201,Terra,MODIS,100,6.2,306,263.1,D,0
-23.5103,127.7132,350.3,1.4,1.2,2014-11-13,0201,Terra,MODIS,92,6.2,313.1,65.9,D,0
-23.5121,127.7273,388.4,1.4,1.2,2014-11-13,0201,Terra,MODIS,100,6.2,316.1,284.5,D,0
-23.5138,127.7413,354.9,1.4,1.2,2014-11-13,0201,Terra,MODIS,96,6.2,310.5,88.9,D,0
-23.505,127.7217,350.4,1.4,1.2,2014-11-13,0201,Terra,MODIS,92,6.2,312.6,68.3,D,0
-23.5066,127.7358,333.6,1.4,1.2,2014-11-13,0201,Terra,MODIS,62,6.2,310.5,20.8,D,0
-23.5157,127.7203,376.1,1.4,1.2,2014-11-13,0201,Terra,MODIS,100,6.2,314,194.9,D,0
-23.5173,127.7343,386.6,1.4,1.2,2014-11-13,0201,Terra,MODIS,100,6.2,313.6,273.6,D,0
-23.519,127.7484,343.6,1.4,1.2,2014-11-13,0201,Terra,MODIS,85,6.2,305.8,51,D,0
-23.2576,127.3213,349.6,1.3,1.1,2014-11-13,0201,Terra,MODIS,86,6.2,310.9,58.6,D,0
-19.8567,121.6495,370.4,1.2,1.1,2014-11-13,0201,Terra,MODIS,100,6.2,306.5,129.1,D,0
-19.8585,121.6606,359,1.2,1.1,2014-11-13,0201,Terra,MODIS,99,6.2,309.2,84.8,D,0
-19.8663,121.6477,362.8,1.2,1.1,2014-11-13,0201,Terra,MODIS,100,6.2,301.9,99.4,D,0
-19.8682,121.6589,424.8,1.2,1.1,2014-11-13,0201,Terra,MODIS,100,6.2,316.1,533,D,0
-19.87,121.6701,342.5,1.2,1.1,2014-11-13,0201,Terra,MODIS,73,6.2,308.7,35.5,D,0
-19.8778,121.6572,398,1.2,1.1,2014-11-13,0201,Terra,MODIS,100,6.2,307.1,286.8,D,0
-19.8796,121.6683,361.6,1.2,1.1,2014-11-13,0201,Terra,MODIS,100,6.2,307.1,91.2,D,0
-21.0747,126.473,353.6,1.1,1.1,2014-11-13,0201,Terra,MODIS,95,6.2,307.2,65.1,D,0
-21.0791,126.5059,429.4,1.1,1.1,2014-11-13,0201,Terra,MODIS,100,6.2,316.3,564.3,D,0
-21.0901,126.5155,340.8,1.1,1.1,2014-11-13,0201,Terra,MODIS,82,6.2,305.3,30.8,D,0
-19.4048,121.6461,363.8,1.2,1.1,2014-11-13,0201,Terra,MODIS,100,6.2,312.4,91.4,D,0
-19.4066,121.6573,372.3,1.2,1.1,2014-11-13,0201,Terra,MODIS,100,6.2,314,124.2,D,0
-19.4163,121.6556,375.2,1.2,1.1,2014-11-13,0201,Terra,MODIS,100,6.2,308.9,141.6,D,0
-20.9694,119.7321,368.4,1.5,1.2,2014-11-13,0201,Terra,MODIS,100,6.2,309,161.5,D,0
-20.9718,119.7456,363.7,1.5,1.2,2014-11-13,0201,Terra,MODIS,100,6.2,311.3,139.5,D,0
-20.9801,119.7298,336.5,1.5,1.2,2014-11-13,0201,Terra,MODIS,40,6.2,308.5,29.8,D,0
-20.9824,119.7434,356.4,1.5,1.2,2014-11-13,0201,Terra,MODIS,97,6.2,310.5,100.9,D,0
-20.9907,119.7276,339.4,1.5,1.2,2014-11-13,0201,Terra,MODIS,69,6.2,312.5,35,D,0
-24.763,129.5204,338.6,2,1.4,2014-11-13,0202,Terra,MODIS,77,6.2,319,44.1,D,0
-24.765,129.54,344.2,2,1.4,2014-11-13,0202,Terra,MODIS,86,6.2,317.4,71.6,D,0
-24.7774,129.5385,350,2,1.4,2014-11-13,0202,Terra,MODIS,92,6.2,314.9,103.5,D,0
-25.0116,128.9577,362.7,1.8,1.3,2014-11-13,0202,Terra,MODIS,100,6.2,312,175.9,D,0
-24.9858,128.9421,334,1.8,1.3,2014-11-13,0202,Terra,MODIS,63,6.2,310.8,29.6,D,0
-24.9878,128.9605,340.2,1.8,1.3,2014-11-13,0202,Terra,MODIS,80,6.2,312.2,54.7,D,0
-24.9977,128.9407,358.4,1.8,1.3,2014-11-13,0202,Terra,MODIS,98,6.2,313.8,145.5,D,0
-24.9997,128.9592,399.1,1.8,1.3,2014-11-13,0202,Terra,MODIS,100,6.2,319.1,544.3,D,0
-25.0054,128.9527,390.9,1.8,1.3,2014-11-13,0202,Terra,MODIS,100,6.2,318.7,437.3,D,0
-25.0072,128.9701,346.3,1.8,1.3,2014-11-13,0202,Terra,MODIS,88,6.2,310.6,81.8,D,0
-26.1269,131.1551,339.9,2.7,1.6,2014-11-13,0202,Terra,MODIS,81,6.2,321,87.2,D,0
-26.1446,131.1476,347.3,2.7,1.6,2014-11-13,0202,Terra,MODIS,90,6.2,319.8,147.2,D,0
-26.1304,131.1492,341.1,2.7,1.6,2014-11-13,0202,Terra,MODIS,83,6.2,320.9,95.3,D,0
-26.1412,131.1535,353,2.7,1.6,2014-11-13,0202,Terra,MODIS,95,6.2,320.8,193,D,0
-30.1436,152.128,312.5,3.5,1.8,2014-11-13,0305,Aqua,MODIS,53,6.2,292.3,47.8,D,0
-30.1414,152.1599,313.3,3.5,1.8,2014-11-13,0305,Aqua,MODIS,58,6.2,294.2,53.1,D,0
-25.4589,152.1812,327,3.1,1.7,2014-11-13,0306,Aqua,MODIS,71,6.2,298.9,86.2,D,0
-22.8495,150.2618,322.6,3.9,1.8,2014-11-13,0307,Aqua,MODIS,27,6.2,302.1,63.1,D,0
-23.3554,150.1853,324.2,4,1.9,2014-11-13,0307,Aqua,MODIS,46,6.2,300.8,71.7,D,0
-23.342,150.1864,323.9,4,1.9,2014-11-13,0307,Aqua,MODIS,47,6.2,300.8,73,D,0
-29.0625,149.2106,333,4.3,1.9,2014-11-13,0443,Aqua,MODIS,58,6.2,313,72.2,D,0
-31.8829,145.8478,340.9,2.2,1.4,2014-11-13,0443,Aqua,MODIS,82,6.2,320.8,62.6,D,0
-31.8856,145.8321,343.1,2.2,1.4,2014-11-13,0443,Aqua,MODIS,85,6.2,322.4,78.2,D,0
-24.826,147.8623,326.7,4.4,1.9,2014-11-13,0444,Aqua,MODIS,40,6.2,302.3,108.8,D,0
-24.976,148.0993,325.7,4.6,2,2014-11-13,0444,Aqua,MODIS,45,6.2,297.7,156.9,D,0
-27.7341,147.5589,332.7,3.6,1.8,2014-11-13,0444,Aqua,MODIS,55,6.2,318.3,68.5,D,0
-24.9741,148.1035,326.3,4.6,2,2014-11-13,0444,Aqua,MODIS,48,6.2,297.6,161.9,D,0
-24.817,147.9018,327.4,4.5,1.9,2014-11-13,0444,Aqua,MODIS,50,6.2,299.9,118.2,D,0
-27.9781,145.9551,341.2,2.8,1.6,2014-11-13,0444,Aqua,MODIS,82,6.2,324.2,80.7,D,0
-24.8647,148.0228,343.9,4.5,2,2014-11-13,0444,Aqua,MODIS,88,6.2,298.3,376,D,0
-24.8482,148.0079,326.8,4.5,2,2014-11-13,0444,Aqua,MODIS,39,6.2,300,133.5,D,0
-24.8752,147.9778,328.1,4.5,2,2014-11-13,0444,Aqua,MODIS,58,6.2,298.5,155.7,D,0
-24.8646,148.0133,343.9,4.5,2,2014-11-13,0444,Aqua,MODIS,88,6.2,298.9,374.9,D,0
-24.8746,147.9694,327.3,4.5,2,2014-11-13,0444,Aqua,MODIS,47,6.2,298.6,141,D,0
-24.8466,148.0118,328.7,4.5,2,2014-11-13,0444,Aqua,MODIS,62,6.2,299.9,162.2,D,0
-23.5275,127.747,338.3,2.8,1.6,2014-11-13,0445,Aqua,MODIS,58,6.2,307.2,88,D,0
-23.5081,127.7995,332.1,2.7,1.6,2014-11-13,0445,Aqua,MODIS,65,6.2,306.8,53,D,0
-23.5106,127.7727,374.5,2.8,1.6,2014-11-13,0445,Aqua,MODIS,100,6.2,311.4,491.2,D,0
-23.5131,127.7456,368.6,2.8,1.6,2014-11-13,0445,Aqua,MODIS,100,6.2,314.2,392.7,D,0
-23.5156,127.7184,342.1,2.8,1.6,2014-11-13,0445,Aqua,MODIS,83,6.2,313.1,100.7,D,0
-21.8611,146.5649,331.2,4.2,1.9,2014-11-13,0445,Aqua,MODIS,49,6.2,309.5,85.3,D,0
-21.8494,146.5964,332.6,4.3,1.9,2014-11-13,0445,Aqua,MODIS,62,6.2,310.9,101.5,D,0
-25.0111,128.964,339.5,2.4,1.5,2014-11-13,0445,Aqua,MODIS,64,6.2,297.5,88.2,D,0
-24.9866,128.9784,362.3,2.3,1.5,2014-11-13,0445,Aqua,MODIS,100,6.2,310.5,251.5,D,0
-24.9843,128.9607,360.3,2.4,1.5,2014-11-13,0445,Aqua,MODIS,100,6.2,314.1,232,D,0
-24.989,128.9547,352.4,2.4,1.5,2014-11-13,0445,Aqua,MODIS,95,6.2,314.9,162.2,D,0
-24.982,128.9852,345.6,2.3,1.5,2014-11-13,0445,Aqua,MODIS,79,6.2,308,119,D,0
-23.2154,127.3858,345.2,2.9,1.6,2014-11-13,0446,Aqua,MODIS,68,6.2,309.2,150.8,D,0
-23.2179,127.3571,355.8,2.9,1.6,2014-11-13,0446,Aqua,MODIS,97,6.2,303.6,267.5,D,0
-23.2155,127.3811,355.5,2.9,1.6,2014-11-13,0446,Aqua,MODIS,97,6.2,309.6,251.3,D,0
-23.2182,127.3525,350.9,2.9,1.6,2014-11-13,0446,Aqua,MODIS,93,6.2,301.3,207.4,D,0
-23.2008,127.3795,343.9,2.9,1.6,2014-11-13,0446,Aqua,MODIS,87,6.2,307.4,134.1,D,0
-23.2034,127.3511,338.9,2.9,1.6,2014-11-13,0446,Aqua,MODIS,77,6.2,304.7,98.9,D,0
-23.2865,127.4216,333,2.9,1.6,2014-11-13,0446,Aqua,MODIS,54,6.2,307.5,45,D,0
-23.2892,127.393,360.2,2.9,1.6,2014-11-13,0446,Aqua,MODIS,100,6.2,310.8,298,D,0
-23.2718,127.4201,350.5,2.9,1.6,2014-11-13,0446,Aqua,MODIS,93,6.2,307.3,193,D,0
-23.2744,127.3915,375,2.9,1.6,2014-11-13,0446,Aqua,MODIS,100,6.2,312.3,525,D,0
-19.505,142.8721,346.6,2.6,1.5,2014-11-13,0446,Aqua,MODIS,89,6.2,314.3,128.2,D,0
-19.5661,143.0456,335.4,2.7,1.6,2014-11-13,0446,Aqua,MODIS,65,6.2,313.1,49.7,D,0
-19.436,142.9334,333,2.6,1.6,2014-11-13,0446,Aqua,MODIS,61,6.2,314.5,39.6,D,0
-19.5692,143.0515,333.5,2.7,1.6,2014-11-13,0446,Aqua,MODIS,53,6.2,312.1,39.8,D,0
-23.4962,127.7712,342.7,2.8,1.6,2014-11-13,0446,Aqua,MODIS,86,6.2,307.9,119.8,D,0
-23.4986,127.7442,383.4,2.8,1.6,2014-11-13,0446,Aqua,MODIS,100,6.2,311.3,636.4,D,0
-23.5011,127.717,345.6,2.8,1.6,2014-11-13,0446,Aqua,MODIS,89,6.2,311.5,126.7,D,0
-23.4958,127.7371,332.4,2.8,1.6,2014-11-13,0446,Aqua,MODIS,27,6.2,309.9,40.2,D,0
-19.5017,142.8536,346,2.6,1.5,2014-11-13,0446,Aqua,MODIS,88,6.2,313.1,125.3,D,0
-19.5108,142.8806,332.7,2.6,1.5,2014-11-13,0446,Aqua,MODIS,37,6.2,313.2,36,D,0
-19.4734,142.9998,333.6,2.6,1.6,2014-11-13,0446,Aqua,MODIS,46,6.2,313.5,42.1,D,0
-18.9048,141.8979,339,2.3,1.5,2014-11-13,0446,Aqua,MODIS,60,6.2,316.8,48.5,D,0
-19.5094,142.8479,340.6,2.6,1.5,2014-11-13,0446,Aqua,MODIS,82,6.2,312.4,88,D,0
-19.7447,131.238,344.4,1.4,1.2,2014-11-13,0446,Aqua,MODIS,85,6.2,304.6,58.1,D,0
-19.7698,131.2951,402.7,1.4,1.2,2014-11-13,0446,Aqua,MODIS,100,6.2,318.1,407.3,D,0
-19.7578,131.3067,362.2,1.4,1.2,2014-11-13,0446,Aqua,MODIS,97,6.2,317.6,116.5,D,0
-19.7594,131.2936,409.9,1.4,1.2,2014-11-13,0446,Aqua,MODIS,100,6.2,325,483.2,D,0
-19.7489,131.2922,426,1.4,1.2,2014-11-13,0446,Aqua,MODIS,100,6.2,327.3,686.4,D,0
-19.7384,131.2907,355.7,1.4,1.2,2014-11-13,0446,Aqua,MODIS,78,6.2,314.3,87,D,0
-19.7336,131.2845,370,1.4,1.2,2014-11-13,0446,Aqua,MODIS,89,6.2,316,142.2,D,0
-19.74,131.2776,400.3,1.4,1.2,2014-11-13,0446,Aqua,MODIS,100,6.2,318.4,378.4,D,0
-19.7416,131.2644,371.6,1.4,1.2,2014-11-13,0446,Aqua,MODIS,100,6.2,315,167.6,D,0
-19.7431,131.2512,432.4,1.4,1.2,2014-11-13,0446,Aqua,MODIS,100,6.2,322.3,794.7,D,0
-19.7311,131.263,448.1,1.4,1.2,2014-11-13,0446,Aqua,MODIS,100,6.2,337.1,1071.8,D,0
-19.7326,131.2498,462.2,1.4,1.2,2014-11-13,0446,Aqua,MODIS,100,6.2,334.7,1399.2,D,0
-19.7352,131.2714,382.3,1.4,1.2,2014-11-13,0446,Aqua,MODIS,100,6.2,323.2,221,D,0
-19.7369,131.2582,432.3,1.4,1.2,2014-11-13,0446,Aqua,MODIS,100,6.2,332.1,780.6,D,0
-19.7385,131.2451,407.1,1.4,1.2,2014-11-13,0446,Aqua,MODIS,100,6.2,320.9,451.3,D,0
-19.7247,131.27,373.2,1.4,1.2,2014-11-13,0446,Aqua,MODIS,91,6.2,322.1,166.3,D,0
-19.7264,131.2568,466.8,1.4,1.2,2014-11-13,0446,Aqua,MODIS,100,6.2,342.7,1482.6,D,0
-19.728,131.2436,389.8,1.4,1.2,2014-11-13,0446,Aqua,MODIS,100,6.2,320.6,285.5,D,0
-19.7159,131.2554,371.3,1.4,1.2,2014-11-13,0446,Aqua,MODIS,95,6.2,322.3,150.1,D,0
-19.707,131.2408,383.7,1.4,1.2,2014-11-13,0446,Aqua,MODIS,100,6.2,317.2,240.1,D,0
-19.6383,130.7818,348.2,1.5,1.2,2014-11-13,0446,Aqua,MODIS,83,6.2,322.4,48.7,D,0
-19.64,130.7677,343.1,1.5,1.2,2014-11-13,0446,Aqua,MODIS,70,6.2,319.7,34.9,D,0
-19.6657,130.8283,364.8,1.5,1.2,2014-11-13,0446,Aqua,MODIS,100,6.2,316.1,131.3,D,0
-19.9055,143.9317,343.4,3,1.7,2014-11-13,0446,Aqua,MODIS,85,6.2,313.4,160.2,D,0
-18.6358,137.8939,365.7,1.2,1.1,2014-11-13,0446,Aqua,MODIS,87,6.2,318.7,101.8,D,0
-18.6518,137.9204,345.3,1.2,1.1,2014-11-13,0446,Aqua,MODIS,58,6.2,318.9,32.1,D,0
-21.1505,140.4339,340.9,1.6,1.2,2014-11-13,0446,Aqua,MODIS,71,6.2,316.7,35.2,D,0
-18.1206,143.6956,336.4,3.2,1.7,2014-11-13,0446,Aqua,MODIS,70,6.2,314.6,79.7,D,0
-18.661,137.8629,350.3,1.2,1.1,2014-11-13,0446,Aqua,MODIS,76,6.2,316.1,51,D,0
-18.1245,143.6916,337.7,3.2,1.7,2014-11-13,0446,Aqua,MODIS,75,6.2,314.6,90.6,D,0
-18.6297,137.869,342.2,1.2,1.1,2014-11-13,0446,Aqua,MODIS,49,6.2,319.7,29.2,D,0
-18.6413,137.8593,356.7,1.2,1.1,2014-11-13,0446,Aqua,MODIS,84,6.2,316.6,73.5,D,0
-19.8908,143.9285,342.7,3,1.7,2014-11-13,0446,Aqua,MODIS,84,6.2,312.2,156.4,D,0
-18.6315,137.8575,352.6,1.2,1.1,2014-11-13,0446,Aqua,MODIS,65,6.2,319.9,60.1,D,0
-18.6339,137.9054,353,1.2,1.1,2014-11-13,0446,Aqua,MODIS,85,6.2,321.8,59.3,D,0
-18.6419,137.9186,349.4,1.2,1.1,2014-11-13,0446,Aqua,MODIS,84,6.2,319.7,46.1,D,0
-17.6511,135.1894,347.5,1,1,2014-11-13,0447,Aqua,MODIS,89,6.2,316.7,29.3,D,0
-17.5859,135.1915,336.5,1,1,2014-11-13,0447,Aqua,MODIS,40,6.2,316.1,13.3,D,0
-17.6233,135.1879,340.2,1,1,2014-11-13,0447,Aqua,MODIS,33,6.2,318.1,17.6,D,0
-17.5949,135.193,348.1,1,1,2014-11-13,0447,Aqua,MODIS,90,6.2,316.8,33.6,D,0
-15.4108,135.901,345.8,1.1,1,2014-11-13,0447,Aqua,MODIS,87,6.2,315.6,32.5,D,0
-17.6691,135.1923,343.5,1,1,2014-11-13,0447,Aqua,MODIS,75,6.2,312.9,19.4,D,0
-17.6413,135.1909,341.9,1,1,2014-11-13,0447,Aqua,MODIS,83,6.2,315.7,21.5,D,0
-15.1886,145.1891,337.9,4.7,2,2014-11-13,0447,Aqua,MODIS,63,6.2,296.5,303.2,D,0
-17.6705,135.1828,346.3,1,1,2014-11-13,0447,Aqua,MODIS,88,6.2,319.6,24.4,D,0
-15.4123,135.891,352.3,1.1,1,2014-11-13,0447,Aqua,MODIS,94,6.2,318.3,47.2,D,0
-17.6615,135.1814,363.5,1,1,2014-11-13,0447,Aqua,MODIS,100,6.2,321.2,66.5,D,0
-17.644,135.172,348.6,1,1,2014-11-13,0447,Aqua,MODIS,90,6.2,316.8,33.9,D,0
-17.5768,135.1901,337.4,1,1,2014-11-13,0447,Aqua,MODIS,70,6.2,316.2,15.1,D,0
-15.1893,145.1804,332.9,4.7,2,2014-11-13,0447,Aqua,MODIS,59,6.2,296.8,237.5,D,0
-17.6601,135.1908,368.4,1,1,2014-11-13,0447,Aqua,MODIS,100,6.2,316.9,82.3,D,0
-17.6143,135.1865,340.6,1,1,2014-11-13,0447,Aqua,MODIS,66,6.2,318.3,18.8,D,0
-17.6752,135.0872,335.7,1,1,2014-11-13,0447,Aqua,MODIS,55,6.2,311.1,16.4,D,0
-17.3658,142.7513,333.6,2.8,1.6,2014-11-13,0447,Aqua,MODIS,66,6.2,313.3,51.7,D,0
-17.0386,137.2416,343.3,1.2,1.1,2014-11-13,0447,Aqua,MODIS,84,6.2,316.5,30.8,D,0
-17.0272,137.2509,336.7,1.2,1.1,2014-11-13,0447,Aqua,MODIS,42,6.2,315.8,15,D,0
-16.9998,137.2347,344.8,1.2,1.1,2014-11-13,0447,Aqua,MODIS,86,6.2,317.4,32.1,D,0
-16.9724,137.2186,337.1,1.2,1.1,2014-11-13,0447,Aqua,MODIS,65,6.2,312.1,15.2,D,0
-16.9703,137.2116,336.1,1.2,1.1,2014-11-13,0447,Aqua,MODIS,62,6.2,313.5,16.2,D,0
-16.992,133.4839,337.2,1,1,2014-11-13,0447,Aqua,MODIS,50,6.2,315.2,16.7,D,0
-18.114,138.2078,347.3,1.3,1.1,2014-11-13,0447,Aqua,MODIS,82,6.2,314.8,42.5,D,0
-18.1039,138.2059,336.1,1.3,1.1,2014-11-13,0447,Aqua,MODIS,52,6.2,312.3,16.9,D,0
-18.1036,138.2114,333.5,1.3,1.1,2014-11-13,0447,Aqua,MODIS,35,6.2,311,10.8,D,0
-17.0484,137.2432,347.3,1.2,1.1,2014-11-13,0447,Aqua,MODIS,89,6.2,314.1,42.5,D,0
-17.0501,137.2321,350.9,1.2,1.1,2014-11-13,0447,Aqua,MODIS,93,6.2,313.4,51.6,D,0
-17.0404,137.2305,338,1.2,1.1,2014-11-13,0447,Aqua,MODIS,55,6.2,316.1,18.8,D,0
-17.1529,142.5884,337.3,2.8,1.6,2014-11-13,0447,Aqua,MODIS,48,6.2,312.4,72.5,D,0
-16.9882,133.444,343.5,1,1,2014-11-13,0447,Aqua,MODIS,78,6.2,314.2,29.4,D,0
-16.9778,133.4522,337.8,1,1,2014-11-13,0447,Aqua,MODIS,36,6.2,313.8,17.8,D,0
-16.9791,133.4426,346.8,1,1,2014-11-13,0447,Aqua,MODIS,86,6.2,315.2,36.5,D,0
-15.88,136.5176,333.6,1.1,1.1,2014-11-13,0447,Aqua,MODIS,52,6.2,311.6,13.3,D,0
-15.8828,136.5238,353.7,1.1,1.1,2014-11-13,0447,Aqua,MODIS,0,6.2,311.4,59,D,0
-17.0224,133.7324,338.7,1,1,2014-11-13,0447,Aqua,MODIS,59,6.2,317.4,14.8,D,0
-17.1578,142.5629,340,2.7,1.6,2014-11-13,0447,Aqua,MODIS,64,6.2,310.5,99,D,0
-16.8846,137.5679,334.8,1.2,1.1,2014-11-13,0447,Aqua,MODIS,37,6.2,312.1,14.8,D,0
-16.8728,137.5777,358.7,1.2,1.1,2014-11-13,0447,Aqua,MODIS,99,6.2,313.2,80.7,D,0
-16.8629,137.576,338.7,1.2,1.1,2014-11-13,0447,Aqua,MODIS,67,6.2,313.7,22.2,D,0
-17.0666,132.9361,381.5,1.1,1,2014-11-13,0447,Aqua,MODIS,94,6.2,313.2,155,D,0
-17.0679,132.9261,357.8,1.1,1,2014-11-13,0447,Aqua,MODIS,93,6.2,308.8,70.6,D,0
-17.0573,132.9347,404.4,1.1,1,2014-11-13,0447,Aqua,MODIS,100,6.2,318.9,287.8,D,0
-17.0587,132.9247,394.2,1.1,1,2014-11-13,0447,Aqua,MODIS,100,6.2,313.7,225.5,D,0
-17.0467,132.9433,358.2,1.1,1,2014-11-13,0447,Aqua,MODIS,92,6.2,313.3,62,D,0
-17.0481,132.9333,399.7,1.1,1,2014-11-13,0447,Aqua,MODIS,100,6.2,319.4,255.6,D,0
-17.0494,132.9233,408,1.1,1,2014-11-13,0447,Aqua,MODIS,100,6.2,320.5,318,D,0
-17.0391,132.9457,352.7,1.1,1,2014-11-13,0447,Aqua,MODIS,86,6.2,313.8,49.4,D,0
-17.0405,132.9357,347.9,1.1,1,2014-11-13,0447,Aqua,MODIS,89,6.2,315.4,41.8,D,0
-17.0419,132.9257,362.9,1.1,1,2014-11-13,0447,Aqua,MODIS,100,6.2,317.8,84.9,D,0
-17.0432,132.9157,364.4,1.1,1,2014-11-13,0447,Aqua,MODIS,100,6.2,314,91.9,D,0
-17.0298,132.9443,345.2,1.1,1,2014-11-13,0447,Aqua,MODIS,54,6.2,315.7,31.4,D,0
-17.0312,132.9343,357.5,1.1,1,2014-11-13,0447,Aqua,MODIS,98,6.2,316.6,64.3,D,0
-16.8552,134.0663,344,1,1,2014-11-13,0447,Aqua,MODIS,10,6.2,320.6,16.4,D,0
-17.0326,132.9243,378.4,1.1,1,2014-11-13,0447,Aqua,MODIS,100,6.2,316.3,141.7,D,0
-17.0339,132.9144,353.4,1.1,1,2014-11-13,0447,Aqua,MODIS,95,6.2,308.7,58.1,D,0
-17.0219,132.9329,340.3,1.1,1,2014-11-13,0447,Aqua,MODIS,73,6.2,312,23,D,0
-17.01,132.9515,352.6,1.1,1,2014-11-13,0447,Aqua,MODIS,71,6.2,318.6,43.4,D,0
-17.0075,132.9003,347.1,1.1,1,2014-11-13,0447,Aqua,MODIS,89,6.2,307.8,42.1,D,0
-16.9955,132.9188,343.3,1.1,1,2014-11-13,0447,Aqua,MODIS,71,6.2,316.4,26.9,D,0
-16.9968,132.9089,378.5,1.1,1,2014-11-13,0447,Aqua,MODIS,100,6.2,319.8,136,D,0
-16.9982,132.8989,491.4,1.1,1,2014-11-13,0447,Aqua,MODIS,100,6.2,400.1,1538.6,D,0
-16.9995,132.8889,387.1,1.1,1,2014-11-13,0447,Aqua,MODIS,100,6.2,311.8,186.1,D,0
-16.9889,132.8975,474.5,1.1,1,2014-11-13,0447,Aqua,MODIS,100,6.2,400.1,1174.7,D,0
-16.9903,132.8875,422.4,1.1,1,2014-11-13,0447,Aqua,MODIS,100,6.2,319.5,442.3,D,0
-16.9796,132.8961,450.5,1.1,1,2014-11-13,0447,Aqua,MODIS,100,6.2,335.1,771.5,D,0
-16.981,132.8861,423.5,1.1,1,2014-11-13,0447,Aqua,MODIS,100,6.2,321.1,452.3,D,0
-16.965,132.9346,342,1.1,1,2014-11-13,0447,Aqua,MODIS,50,6.2,315.2,16.8,D,0
-16.969,132.9047,363.5,1.1,1,2014-11-13,0447,Aqua,MODIS,79,6.2,316.7,82.3,D,0
-16.9704,132.8947,434.8,1.1,1,2014-11-13,0447,Aqua,MODIS,100,6.2,326.9,569.2,D,0
-16.9717,132.8847,385.3,1.1,1,2014-11-13,0447,Aqua,MODIS,100,6.2,308.4,178,D,0
-16.9584,132.9133,366.2,1.1,1,2014-11-13,0447,Aqua,MODIS,93,6.2,319.2,88.9,D,0
-16.9597,132.9033,406.8,1.1,1,2014-11-13,0447,Aqua,MODIS,100,6.2,319.3,306,D,0
-16.9518,132.9169,376.3,1.1,1,2014-11-13,0447,Aqua,MODIS,100,6.2,318.5,134.3,D,0
-16.9531,132.9069,409.3,1.1,1,2014-11-13,0447,Aqua,MODIS,100,6.2,324.1,326.8,D,0
-17.0363,132.1508,335.7,1.1,1.1,2014-11-13,0447,Aqua,MODIS,34,6.2,316.5,13.5,D,0
-15.4495,135.8723,336.5,1.1,1,2014-11-13,0447,Aqua,MODIS,68,6.2,315.6,15.7,D,0
-17.0459,132.1521,358.5,1.1,1.1,2014-11-13,0447,Aqua,MODIS,99,6.2,317.9,67,D,0
-16.4795,132.663,336.3,1.1,1,2014-11-13,0447,Aqua,MODIS,48,6.2,312.7,10.7,D,0
-16.4581,132.6804,338,1.1,1,2014-11-13,0447,Aqua,MODIS,16,6.2,315.3,15.1,D,0
-16.4395,132.6777,343.6,1.1,1,2014-11-13,0447,Aqua,MODIS,84,6.2,317.2,23.2,D,0
-16.4332,132.6814,336.7,1.1,1,2014-11-13,0447,Aqua,MODIS,27,6.2,315.7,10.3,D,0
-16.4346,132.6713,336.9,1.1,1,2014-11-13,0447,Aqua,MODIS,45,6.2,316.8,9.8,D,0
-17.1288,132.9656,360.8,1.1,1,2014-11-13,0447,Aqua,MODIS,100,6.2,313.6,71.8,D,0
-17.1301,132.9557,361,1.1,1,2014-11-13,0447,Aqua,MODIS,100,6.2,308,72.6,D,0
-17.1195,132.9642,368.9,1.1,1,2014-11-13,0447,Aqua,MODIS,99,6.2,320.8,96.3,D,0
-17.1102,132.9629,346.8,1.1,1,2014-11-13,0447,Aqua,MODIS,59,6.2,316.3,36.3,D,0
-17.1116,132.9529,349.4,1.1,1,2014-11-13,0447,Aqua,MODIS,70,6.2,315.5,44.6,D,0
-17.1023,132.9515,348.5,1.1,1,2014-11-13,0447,Aqua,MODIS,85,6.2,301.5,44.4,D,0
-17.1037,132.9415,353,1.1,1,2014-11-13,0447,Aqua,MODIS,93,6.2,310.4,59.2,D,0
-17.149,131.838,351.4,1.2,1.1,2014-11-13,0447,Aqua,MODIS,94,6.2,310.6,60.2,D,0
-17.1505,131.8268,351.4,1.2,1.1,2014-11-13,0447,Aqua,MODIS,94,6.2,310.3,59.9,D,0
-17.1392,131.8365,341.6,1.2,1.1,2014-11-13,0447,Aqua,MODIS,84,6.2,310.3,32.9,D,0
-17.1407,131.8254,364.2,1.2,1.1,2014-11-13,0447,Aqua,MODIS,100,6.2,312.3,100.7,D,0
-17.1475,131.8491,367.7,1.2,1.1,2014-11-13,0447,Aqua,MODIS,100,6.2,310.4,116.7,D,0
-17.1378,131.8477,334.3,1.2,1.1,2014-11-13,0447,Aqua,MODIS,45,6.2,308.6,18.9,D,0
-17.128,131.8463,338.3,1.2,1.1,2014-11-13,0447,Aqua,MODIS,74,6.2,309,28.1,D,0
-17.1168,131.856,336.6,1.2,1.1,2014-11-13,0447,Aqua,MODIS,71,6.2,307.1,25.9,D,0
-17.1182,131.8449,344.4,1.2,1.1,2014-11-13,0447,Aqua,MODIS,87,6.2,309.6,40.8,D,0
-17.1085,131.8435,340.6,1.2,1.1,2014-11-13,0447,Aqua,MODIS,81,6.2,308.8,31.3,D,0
-17.0973,131.8533,333.7,1.2,1.1,2014-11-13,0447,Aqua,MODIS,49,6.2,306.7,19.4,D,0
-17.0987,131.8421,346.5,1.2,1.1,2014-11-13,0447,Aqua,MODIS,89,6.2,308.9,45.6,D,0
-17.0964,131.8476,340.3,1.2,1.1,2014-11-13,0447,Aqua,MODIS,81,6.2,307.7,32.5,D,0
-17.0754,131.856,356.3,1.2,1.1,2014-11-13,0447,Aqua,MODIS,97,6.2,308.1,74.9,D,0
-17.0656,131.8546,350,1.2,1.1,2014-11-13,0447,Aqua,MODIS,92,6.2,307.2,55.9,D,0
-17.0671,131.8435,335.7,1.2,1.1,2014-11-13,0447,Aqua,MODIS,59,6.2,310.2,21.1,D,0
-17.0573,131.8421,336.2,1.2,1.1,2014-11-13,0447,Aqua,MODIS,76,6.2,306.9,22.7,D,0
-16.8616,133.0249,337.1,1.1,1,2014-11-13,0447,Aqua,MODIS,59,6.2,314.6,13.7,D,0
-16.9,132.9498,345,1.1,1,2014-11-13,0447,Aqua,MODIS,87,6.2,310.3,33,D,0
-16.8881,132.9683,354,1.1,1,2014-11-13,0447,Aqua,MODIS,95,6.2,314.9,49.1,D,0
-16.8894,132.9584,346.7,1.1,1,2014-11-13,0447,Aqua,MODIS,89,6.2,313.8,34.9,D,0
-16.8762,132.9867,336.5,1.1,1,2014-11-13,0447,Aqua,MODIS,23,6.2,313.6,12.4,D,0
-17.0461,131.8518,330.8,1.2,1.1,2014-11-13,0447,Aqua,MODIS,46,6.2,304.8,15.5,D,0
-16.8462,134.0649,386.5,1,1,2014-11-13,0447,Aqua,MODIS,100,6.2,322.6,146.8,D,0
-16.7989,134.0135,330.9,1,1,2014-11-13,0447,Aqua,MODIS,12,6.2,313.2,10.2,D,0
-15.451,135.8624,333.9,1.1,1,2014-11-13,0447,Aqua,MODIS,59,6.2,316.9,11.6,D,0
-15.9422,135.4182,335,1,1,2014-11-13,0447,Aqua,MODIS,47,6.2,317.2,7.4,D,0
-17.0203,133.0138,370.6,1.1,1,2014-11-13,0447,Aqua,MODIS,100,6.2,315.5,106.2,D,0
-16.9714,133.0267,340.9,1.1,1,2014-11-13,0447,Aqua,MODIS,42,6.2,315.8,20.7,D,0
-16.9728,133.0168,342.9,1.1,1,2014-11-13,0447,Aqua,MODIS,54,6.2,319.3,24.2,D,0
-17.0931,132.9501,353.3,1.1,1,2014-11-13,0447,Aqua,MODIS,86,6.2,309.4,53.7,D,0
-17.0944,132.9402,358.5,1.1,1,2014-11-13,0447,Aqua,MODIS,98,6.2,314.5,73.1,D,0
-17.0958,132.9302,339.4,1.1,1,2014-11-13,0447,Aqua,MODIS,75,6.2,310.5,32.3,D,0
-17.0851,132.9388,345.3,1.1,1,2014-11-13,0447,Aqua,MODIS,79,6.2,305.1,39,D,0
-17.0865,132.9288,336.1,1.1,1,2014-11-13,0447,Aqua,MODIS,44,6.2,309.9,25.1,D,0
-17.494,135.384,352,1,1,2014-11-13,0447,Aqua,MODIS,94,6.2,315.1,43,D,0
-17.4968,135.365,346,1,1,2014-11-13,0447,Aqua,MODIS,88,6.2,316.4,31.1,D,0
-17.4982,135.3555,346,1,1,2014-11-13,0447,Aqua,MODIS,88,6.2,314.3,30.8,D,0
-17.4877,135.3635,343.1,1,1,2014-11-13,0447,Aqua,MODIS,84,6.2,316.8,24,D,0
-17.4745,135.3905,341.7,1,1,2014-11-13,0447,Aqua,MODIS,65,6.2,314.6,18.3,D,0
-17.4488,135.3766,338.8,1,1,2014-11-13,0447,Aqua,MODIS,56,6.2,319.1,12.7,D,0
-17.0217,133.0039,374.2,1.1,1,2014-11-13,0447,Aqua,MODIS,100,6.2,316.6,117.9,D,0
-16.9411,133.0423,349.5,1.1,1,2014-11-13,0447,Aqua,MODIS,91,6.2,317.1,37.9,D,0
-16.9424,133.0324,358,1.1,1,2014-11-13,0447,Aqua,MODIS,98,6.2,312,60.4,D,0
-16.9341,133.0457,340.7,1.1,1,2014-11-13,0447,Aqua,MODIS,82,6.2,316.4,21.8,D,0
-16.9354,133.0358,378.9,1.1,1,2014-11-13,0447,Aqua,MODIS,100,6.2,320.4,133.4,D,0
-16.9368,133.026,354.4,1.1,1,2014-11-13,0447,Aqua,MODIS,96,6.2,309.1,54.1,D,0
-16.9248,133.0443,342.6,1.1,1,2014-11-13,0447,Aqua,MODIS,71,6.2,315.2,23.2,D,0
-16.9262,133.0345,354.7,1.1,1,2014-11-13,0447,Aqua,MODIS,96,6.2,313.2,49.8,D,0
-16.9275,133.0246,341.2,1.1,1,2014-11-13,0447,Aqua,MODIS,76,6.2,306.6,23.3,D,0
-16.9156,133.043,352.4,1.1,1,2014-11-13,0447,Aqua,MODIS,94,6.2,317,42.7,D,0
-16.917,133.0331,355.8,1.1,1,2014-11-13,0447,Aqua,MODIS,97,6.2,315.2,51.4,D,0
-16.9319,132.9241,393.4,1.1,1,2014-11-13,0447,Aqua,MODIS,100,6.2,318,219.3,D,0
-16.9199,132.9426,338.3,1.1,1,2014-11-13,0447,Aqua,MODIS,48,6.2,301.4,25.4,D,0
-16.9213,132.9327,346.8,1.1,1,2014-11-13,0447,Aqua,MODIS,39,6.2,311.7,45,D,0
-16.9093,132.9512,355.2,1.1,1,2014-11-13,0447,Aqua,MODIS,91,6.2,307.9,57.5,D,0
-16.9281,131.9743,360.7,1.2,1.1,2014-11-13,0447,Aqua,MODIS,92,6.2,310,89.8,D,0
-16.917,131.9838,350.4,1.2,1.1,2014-11-13,0447,Aqua,MODIS,74,6.2,305.8,57.6,D,0
-16.9144,131.9277,337.8,1.2,1.1,2014-11-13,0447,Aqua,MODIS,43,6.2,310.3,24,D,0
-16.8433,136.2725,338.7,1.1,1,2014-11-13,0447,Aqua,MODIS,61,6.2,315.4,16.1,D,0
-16.8448,136.2625,349.7,1.1,1,2014-11-13,0447,Aqua,MODIS,91,6.2,313.5,38.7,D,0
-16.8464,136.2525,342.2,1.1,1,2014-11-13,0447,Aqua,MODIS,83,6.2,315.6,22.5,D,0
-17.0334,136.8956,340.7,1.1,1.1,2014-11-13,0447,Aqua,MODIS,80,6.2,309.9,28.9,D,0
-17.1441,135.4485,343.9,1,1,2014-11-13,0447,Aqua,MODIS,73,6.2,313.9,25.1,D,0
-18.218,138.1947,344.6,1.3,1.1,2014-11-13,0447,Aqua,MODIS,68,6.2,311.6,42.9,D,0
-18.22,138.1827,343,1.3,1.1,2014-11-13,0447,Aqua,MODIS,49,6.2,303.7,41.8,D,0
-18.2079,138.1929,356.1,1.3,1.1,2014-11-13,0447,Aqua,MODIS,91,6.2,314.8,77.1,D,0
-18.1978,138.191,347.9,1.3,1.1,2014-11-13,0447,Aqua,MODIS,72,6.2,316,48.7,D,0
-18.1987,138.198,340.9,1.3,1.1,2014-11-13,0447,Aqua,MODIS,42,6.2,316.7,26.2,D,0
-18.2007,138.186,343.9,1.3,1.1,2014-11-13,0447,Aqua,MODIS,54,6.2,314.6,34.5,D,0
-17.2306,135.4194,341.8,1,1,2014-11-13,0447,Aqua,MODIS,57,6.2,315.2,20.8,D,0
-17.1929,135.4231,338.8,1,1,2014-11-13,0447,Aqua,MODIS,37,6.2,316.8,16.8,D,0
-17.3704,135.2797,331.7,1,1,2014-11-13,0447,Aqua,MODIS,54,6.2,311.4,11.3,D,0
-17.3614,135.2782,332.2,1,1,2014-11-13,0447,Aqua,MODIS,59,6.2,310,13.4,D,0
-17.318,135.2655,337.8,1,1,2014-11-13,0447,Aqua,MODIS,43,6.2,311,18.9,D,0
-17.2909,135.3871,339.3,1,1,2014-11-13,0447,Aqua,MODIS,79,6.2,316.6,17.6,D,0
-17.2805,135.3952,344.6,1,1,2014-11-13,0447,Aqua,MODIS,86,6.2,318.1,26.3,D,0
-17.2701,135.4032,338,1,1,2014-11-13,0447,Aqua,MODIS,76,6.2,313.7,14.3,D,0
-17.2715,135.3937,345.5,1,1,2014-11-13,0447,Aqua,MODIS,84,6.2,316.1,26.3,D,0
-17.241,135.4114,341.3,1,1,2014-11-13,0447,Aqua,MODIS,57,6.2,317.6,18.4,D,0
-17.3028,135.2437,341.9,1,1,2014-11-13,0447,Aqua,MODIS,68,6.2,314.5,19.1,D,0
-17.3042,135.2343,341.3,1,1,2014-11-13,0447,Aqua,MODIS,34,6.2,314.9,23.7,D,0
-17.3055,135.2248,358.9,1,1,2014-11-13,0447,Aqua,MODIS,99,6.2,316,65.6,D,0
-17.3069,135.2154,394.9,1,1,2014-11-13,0447,Aqua,MODIS,100,6.2,318.1,209.1,D,0
-17.2951,135.2328,339.5,1,1,2014-11-13,0447,Aqua,MODIS,45,6.2,313.9,19,D,0
-17.2965,135.2234,356.4,1,1,2014-11-13,0447,Aqua,MODIS,97,6.2,312.5,57.4,D,0
-17.2979,135.2139,335.5,1,1,2014-11-13,0447,Aqua,MODIS,52,6.2,310.5,17.6,D,0
-17.2847,135.2408,342.9,1,1,2014-11-13,0447,Aqua,MODIS,65,6.2,314.2,22.4,D,0
-17.2757,135.2393,384.8,1,1,2014-11-13,0447,Aqua,MODIS,100,6.2,318.2,150.5,D,0
-17.2771,135.2299,346.5,1,1,2014-11-13,0447,Aqua,MODIS,88,6.2,313.9,32.5,D,0
-17.3236,135.2277,340.6,1,1,2014-11-13,0447,Aqua,MODIS,81,6.2,309.5,28.7,D,0
-17.325,135.2183,409,1,1,2014-11-13,0447,Aqua,MODIS,100,6.2,317.6,300.3,D,0
-17.3263,135.2088,372.7,1,1,2014-11-13,0447,Aqua,MODIS,100,6.2,309,112.6,D,0
-17.3132,135.2357,349,1,1,2014-11-13,0447,Aqua,MODIS,89,6.2,313,40.2,D,0
-17.3146,135.2263,367,1,1,2014-11-13,0447,Aqua,MODIS,100,6.2,316,90.3,D,0
-17.3159,135.2168,435.2,1,1,2014-11-13,0447,Aqua,MODIS,100,6.2,328.2,529.7,D,0
-17.3173,135.2074,387.6,1,1,2014-11-13,0447,Aqua,MODIS,100,6.2,312.8,174,D,0
-17.3278,135.3252,334.3,1,1,2014-11-13,0447,Aqua,MODIS,67,6.2,309.4,17.3,D,0
-17.3292,135.3157,345.4,1,1,2014-11-13,0447,Aqua,MODIS,87,6.2,309.1,35.9,D,0
-17.3306,135.3062,331.1,1,1,2014-11-13,0447,Aqua,MODIS,45,6.2,306.5,12.6,D,0
-17.3188,135.3237,336,1,1,2014-11-13,0447,Aqua,MODIS,54,6.2,308.5,19,D,0
-17.3215,135.3048,343,1,1,2014-11-13,0447,Aqua,MODIS,84,6.2,308.9,30.5,D,0
-17.3042,135.3601,338.4,1,1,2014-11-13,0447,Aqua,MODIS,65,6.2,308.8,20.6,D,0
-17.3111,135.3128,333,1,1,2014-11-13,0447,Aqua,MODIS,47,6.2,306,11.2,D,0
-17.3125,135.3033,331.2,1,1,2014-11-13,0447,Aqua,MODIS,34,6.2,309.6,9.5,D,0
-17.2951,135.3587,421.7,1,1,2014-11-13,0447,Aqua,MODIS,100,6.2,325.6,394.4,D,0
-17.2965,135.3492,360.3,1,1,2014-11-13,0447,Aqua,MODIS,94,6.2,312.5,65.6,D,0
-17.3035,135.3018,333.7,1,1,2014-11-13,0447,Aqua,MODIS,63,6.2,311.5,12.7,D,0
-17.3049,135.2924,335.8,1,1,2014-11-13,0447,Aqua,MODIS,56,6.2,312.7,14.8,D,0
-17.2833,135.2502,339.5,1,1,2014-11-13,0447,Aqua,MODIS,28,6.2,316.5,14,D,0
-17.2743,135.2488,341,1,1,2014-11-13,0447,Aqua,MODIS,39,6.2,314.6,16.4,D,0
-17.2646,135.2503,337.1,1,1,2014-11-13,0447,Aqua,MODIS,41,6.2,315.6,15.1,D,0
-17.2542,135.2583,355.1,1,1,2014-11-13,0447,Aqua,MODIS,96,6.2,318,48.4,D,0
-17.2437,135.2663,359.7,1,1,2014-11-13,0447,Aqua,MODIS,99,6.2,318.9,56.4,D,0
-17.2451,135.2569,378,1,1,2014-11-13,0447,Aqua,MODIS,100,6.2,318.1,117.9,D,0
-17.2319,135.2838,341.5,1,1,2014-11-13,0447,Aqua,MODIS,73,6.2,319.2,15.5,D,0
-17.2333,135.2743,341.5,1,1,2014-11-13,0447,Aqua,MODIS,77,6.2,317.6,16.5,D,0
-17.1826,135.3049,336.2,1,1,2014-11-13,0447,Aqua,MODIS,28,6.2,318,7.6,D,0
-17.1736,135.3034,338.3,1,1,2014-11-13,0447,Aqua,MODIS,35,6.2,319.1,10.1,D,0
-17.1636,135.3155,338.2,1,1,2014-11-13,0447,Aqua,MODIS,41,6.2,309.6,11.5,D,0
-17.165,135.306,346.3,1,1,2014-11-13,0447,Aqua,MODIS,88,6.2,319,26,D,0
-17.1546,135.314,341.2,1,1,2014-11-13,0447,Aqua,MODIS,64,6.2,317.8,16.1,D,0
-17.1462,135.3709,337.8,1,1,2014-11-13,0447,Aqua,MODIS,28,6.2,318.9,7.2,D,0
-17.1476,135.3614,339.9,1,1,2014-11-13,0447,Aqua,MODIS,74,6.2,319.1,11.8,D,0
-17.149,135.3519,339.4,1,1,2014-11-13,0447,Aqua,MODIS,43,6.2,319.4,10.9,D,0
-17.1504,135.3425,340.8,1,1,2014-11-13,0447,Aqua,MODIS,66,6.2,319.8,15,D,0
-17.1069,142.6509,331.8,2.8,1.6,2014-11-13,0447,Aqua,MODIS,56,6.2,314.7,38.3,D,0
-16.9211,142.9968,328.6,3,1.6,2014-11-13,0447,Aqua,MODIS,60,6.2,310.7,39.9,D,0
-17.2923,135.3777,338.3,1,1,2014-11-13,0447,Aqua,MODIS,70,6.2,316.3,16.7,D,0
-17.2937,135.3681,377.5,1,1,2014-11-13,0447,Aqua,MODIS,100,6.2,318.6,123.5,D,0
-17.2819,135.3857,341.9,1,1,2014-11-13,0447,Aqua,MODIS,70,6.2,318.1,20.5,D,0
-17.2847,135.3667,407.6,1,1,2014-11-13,0447,Aqua,MODIS,100,6.2,323.5,282,D,0
-17.2861,135.3572,397.8,1,1,2014-11-13,0447,Aqua,MODIS,100,6.2,324.1,218.9,D,0
-17.2729,135.3842,344.5,1,1,2014-11-13,0447,Aqua,MODIS,83,6.2,315.1,24.3,D,0
-17.2757,135.3652,353.8,1,1,2014-11-13,0447,Aqua,MODIS,95,6.2,316.4,42.4,D,0
-17.2771,135.3558,352.9,1,1,2014-11-13,0447,Aqua,MODIS,93,6.2,318.1,40.2,D,0
-17.2666,135.3638,367.4,1,1,2014-11-13,0447,Aqua,MODIS,100,6.2,318.3,76.1,D,0
-17.268,135.3543,354.5,1,1,2014-11-13,0447,Aqua,MODIS,96,6.2,318.3,42.1,D,0
-17.2708,135.3353,350.4,1,1,2014-11-13,0447,Aqua,MODIS,92,6.2,318,35,D,0
-17.2722,135.3259,345.3,1,1,2014-11-13,0447,Aqua,MODIS,66,6.2,317.2,25.6,D,0
-17.2576,135.3623,346,1,1,2014-11-13,0447,Aqua,MODIS,50,6.2,319,21.7,D,0
-17.2618,135.3339,384,1,1,2014-11-13,0447,Aqua,MODIS,100,6.2,319.7,142.4,D,0
-17.2632,135.3244,349.2,1,1,2014-11-13,0447,Aqua,MODIS,85,6.2,317.7,31.9,D,0
-17.2507,135.3449,344.4,1,1,2014-11-13,0447,Aqua,MODIS,83,6.2,317.4,23.4,D,0
-17.2521,135.3355,376.3,1,1,2014-11-13,0447,Aqua,MODIS,100,6.2,319.1,111.8,D,0
-17.2535,135.326,345.4,1,1,2014-11-13,0447,Aqua,MODIS,66,6.2,317.8,25,D,0
-17.2403,135.353,340.6,1,1,2014-11-13,0447,Aqua,MODIS,54,6.2,316.5,14.1,D,0
-17.2417,135.3435,346.9,1,1,2014-11-13,0447,Aqua,MODIS,88,6.2,313.1,26.3,D,0
-17.2431,135.334,351.7,1,1,2014-11-13,0447,Aqua,MODIS,93,6.2,314.2,36,D,0
-17.2445,135.3245,358.9,1,1,2014-11-13,0447,Aqua,MODIS,99,6.2,318.9,54.4,D,0
-17.234,135.3326,349.3,1,1,2014-11-13,0447,Aqua,MODIS,91,6.2,318.3,28.9,D,0
-17.2354,135.3231,342.2,1,1,2014-11-13,0447,Aqua,MODIS,83,6.2,318.4,14.8,D,0
-17.1518,135.333,344,1,1,2014-11-13,0447,Aqua,MODIS,73,6.2,318.5,20.4,D,0
-17.1532,135.3235,343.1,1,1,2014-11-13,0447,Aqua,MODIS,78,6.2,319,20.2,D,0
-15.9408,135.4277,338.9,1,1,2014-11-13,0447,Aqua,MODIS,75,6.2,316.9,13.9,D,0
-16.9156,143.0166,328.6,3,1.6,2014-11-13,0447,Aqua,MODIS,43,6.2,310.1,38,D,0
-15.7679,133.4366,337.8,1,1,2014-11-13,0447,Aqua,MODIS,58,6.2,318.5,14.6,D,0
-16.3132,129.7735,331.5,1.6,1.2,2014-11-13,0447,Aqua,MODIS,45,6.2,286.3,27,D,0
-17.6879,135.3792,343.9,1,1,2014-11-13,0447,Aqua,MODIS,65,6.2,319.7,19,D,0
-14.7641,142.5549,343.1,3.1,1.7,2014-11-13,0447,Aqua,MODIS,89,6.2,308.7,143.5,D,0
-14.7588,142.5829,344.5,3.1,1.7,2014-11-13,0447,Aqua,MODIS,90,6.2,305.9,162.7,D,0
-15.7511,133.4245,336.4,1,1,2014-11-13,0447,Aqua,MODIS,50,6.2,316.2,11.8,D,0
-14.7737,142.5859,328.6,3.1,1.7,2014-11-13,0447,Aqua,MODIS,49,6.2,306.4,41.5,D,0
-17.1243,143.1385,331.7,3,1.7,2014-11-13,0447,Aqua,MODIS,48,6.2,313.8,46.8,D,0
-14.7594,142.5757,350.7,3.1,1.7,2014-11-13,0447,Aqua,MODIS,94,6.2,306.6,226.6,D,0
-14.7742,142.5787,334.9,3.1,1.7,2014-11-13,0447,Aqua,MODIS,74,6.2,307.3,82,D,0
-17.1224,143.1427,334.3,3,1.7,2014-11-13,0447,Aqua,MODIS,56,6.2,313.5,60,D,0
-17.0399,133.731,360.6,1,1,2014-11-13,0447,Aqua,MODIS,100,6.2,316.8,66.8,D,0
-17.0412,133.7214,383.8,1,1,2014-11-13,0447,Aqua,MODIS,100,6.2,317.6,152.7,D,0
-17.0308,133.7296,359.9,1,1,2014-11-13,0447,Aqua,MODIS,99,6.2,316.5,63.6,D,0
-17.0322,133.72,353.3,1,1,2014-11-13,0447,Aqua,MODIS,95,6.2,313.6,48.2,D,0
-16.4496,133.7529,341,1,1,2014-11-13,0447,Aqua,MODIS,77,6.2,316.4,21.8,D,0
-16.4509,133.7435,357,1,1,2014-11-13,0447,Aqua,MODIS,97,6.2,317.5,56.4,D,0
-16.4522,133.734,345.4,1,1,2014-11-13,0447,Aqua,MODIS,87,6.2,314.9,32.3,D,0
-17.7126,135.0836,339.9,1,1,2014-11-13,0447,Aqua,MODIS,64,6.2,311.2,22.3,D,0
-16.8759,134.0503,339.3,1,1,2014-11-13,0447,Aqua,MODIS,79,6.2,309.8,19.1,D,0
-16.8772,134.0409,338,1,1,2014-11-13,0447,Aqua,MODIS,69,6.2,301.1,16.7,D,0
-16.8785,134.0315,332.6,1,1,2014-11-13,0447,Aqua,MODIS,55,6.2,308.8,9.8,D,0
-16.8669,134.0489,351.7,1,1,2014-11-13,0447,Aqua,MODIS,78,6.2,314.7,38.3,D,0
-16.8682,134.0395,342.3,1,1,2014-11-13,0447,Aqua,MODIS,42,6.2,309.3,21.4,D,0
-16.8695,134.0301,340.3,1,1,2014-11-13,0447,Aqua,MODIS,44,6.2,299.5,19.6,D,0
-16.8565,134.0569,373.8,1,1,2014-11-13,0447,Aqua,MODIS,100,6.2,318.8,95.6,D,0
-16.8578,134.0475,369.9,1,1,2014-11-13,0447,Aqua,MODIS,100,6.2,318,85,D,0
-16.8592,134.0381,411,1,1,2014-11-13,0447,Aqua,MODIS,100,6.2,323.8,297.8,D,0
-16.8605,134.0287,453.6,1,1,2014-11-13,0447,Aqua,MODIS,100,6.2,330.9,736.5,D,0
-16.8671,133.9818,343.7,1,1,2014-11-13,0447,Aqua,MODIS,81,6.2,307.4,27.8,D,0
-16.8685,133.9724,345.9,1,1,2014-11-13,0447,Aqua,MODIS,87,6.2,311.9,33.5,D,0
-16.8488,134.0461,354.7,1,1,2014-11-13,0447,Aqua,MODIS,96,6.2,316.9,38.3,D,0
-16.8502,134.0367,379.5,1,1,2014-11-13,0447,Aqua,MODIS,100,6.2,322.2,119.9,D,0
-16.8515,134.0273,381.7,1,1,2014-11-13,0447,Aqua,MODIS,100,6.2,321.6,128.8,D,0
-16.8581,133.9804,341.3,1,1,2014-11-13,0447,Aqua,MODIS,61,6.2,309,22.1,D,0
-16.8594,133.971,350,1,1,2014-11-13,0447,Aqua,MODIS,92,6.2,312.2,41,D,0
-16.8398,134.0447,368.7,1,1,2014-11-13,0447,Aqua,MODIS,100,6.2,318.7,79.8,D,0
-16.8412,134.0353,361.2,1,1,2014-11-13,0447,Aqua,MODIS,100,6.2,318,57.7,D,0
-16.8221,133.9748,344.2,1,1,2014-11-13,0447,Aqua,MODIS,82,6.2,317,22.9,D,0
-16.8104,133.9922,348.3,1,1,2014-11-13,0447,Aqua,MODIS,76,6.2,316.8,30.5,D,0
-16.8002,134.0041,333.1,1,1,2014-11-13,0447,Aqua,MODIS,54,6.2,314.8,13.5,D,0
-17.6685,135.2598,344.2,1,1,2014-11-13,0447,Aqua,MODIS,86,6.2,316.4,27.5,D,0
-17.6671,135.2693,347.5,1,1,2014-11-13,0447,Aqua,MODIS,86,6.2,318.9,32,D,0
-17.6699,135.2504,361.3,1,1,2014-11-13,0447,Aqua,MODIS,100,6.2,314.3,68.6,D,0
-17.6712,135.2409,348.7,1,1,2014-11-13,0447,Aqua,MODIS,79,6.2,303.2,39.1,D,0
-16.2216,130.2471,337.5,1.4,1.2,2014-11-13,0447,Aqua,MODIS,78,6.2,307.1,42.7,D,0
-16.2233,130.2338,333.6,1.4,1.2,2014-11-13,0447,Aqua,MODIS,47,6.2,309.2,32.1,D,0
-16.2764,129.7981,344.6,1.6,1.2,2014-11-13,0447,Aqua,MODIS,77,6.2,305.8,69.5,D,0
-16.2165,130.1722,334.1,1.5,1.2,2014-11-13,0447,Aqua,MODIS,57,6.2,304.8,30.5,D,0
-16.5838,133.8434,338.3,1,1,2014-11-13,0447,Aqua,MODIS,25,6.2,315.8,17.7,D,0
-16.0047,129.4982,331.3,1.6,1.3,2014-11-13,0447,Aqua,MODIS,43,6.2,308.8,18.3,D,0
-16.3584,129.7865,346,1.6,1.2,2014-11-13,0447,Aqua,MODIS,90,6.2,307,71.5,D,0
-16.3712,129.7736,341.9,1.6,1.2,2014-11-13,0447,Aqua,MODIS,60,6.2,305.6,55.3,D,0
-16.349,129.7704,344,1.6,1.2,2014-11-13,0447,Aqua,MODIS,75,6.2,309.5,59.5,D,0
-16.0122,129.4377,338.8,1.6,1.3,2014-11-13,0447,Aqua,MODIS,82,6.2,308.9,39.6,D,0
-16.3575,129.7798,345.6,1.6,1.2,2014-11-13,0447,Aqua,MODIS,89,6.2,308.1,67.7,D,0
-16.3695,129.7882,345.8,1.6,1.2,2014-11-13,0447,Aqua,MODIS,90,6.2,306.7,72.2,D,0
-16.7835,129.2761,342.4,1.7,1.3,2014-11-13,0447,Aqua,MODIS,85,6.2,312,54.5,D,0
-17.2771,126.2609,342.5,3,1.6,2014-11-13,0447,Aqua,MODIS,83,6.2,297.6,165.8,D,0
-15.9005,130.8747,335.5,1.3,1.1,2014-11-13,0447,Aqua,MODIS,70,6.2,310.3,24.9,D,0
-16.7719,129.2745,364.2,1.7,1.3,2014-11-13,0447,Aqua,MODIS,100,6.2,309.4,166.8,D,0
-16.7933,129.2931,331.7,1.7,1.3,2014-11-13,0447,Aqua,MODIS,51,6.2,305.8,18.3,D,0
-16.7738,129.2582,338.9,1.7,1.3,2014-11-13,0447,Aqua,MODIS,66,6.2,313.6,40.2,D,0
-16.7732,129.2843,345.7,1.7,1.3,2014-11-13,0447,Aqua,MODIS,90,6.2,307.7,71.2,D,0
-16.7752,129.2683,356.9,1.7,1.3,2014-11-13,0447,Aqua,MODIS,98,6.2,313.6,127.4,D,0
-16.3601,129.772,347.1,1.6,1.2,2014-11-13,0447,Aqua,MODIS,84,6.2,309.6,69.1,D,0
-15.6942,136.147,348.8,1.1,1,2014-11-13,0447,Aqua,MODIS,91,6.2,316.5,38.2,D,0
-15.6833,136.1556,350.3,1.1,1,2014-11-13,0447,Aqua,MODIS,92,6.2,316.2,43.3,D,0
-15.6926,136.1572,341.8,1.1,1,2014-11-13,0447,Aqua,MODIS,83,6.2,315.8,24.3,D,0
-16.2943,132.6748,335.9,1.1,1,2014-11-13,0447,Aqua,MODIS,21,6.2,309.9,16.7,D,0
-16.2863,132.6635,338.5,1.1,1,2014-11-13,0447,Aqua,MODIS,29,6.2,312.8,19.9,D,0
-16.2587,136.1948,337.4,1.1,1,2014-11-13,0447,Aqua,MODIS,58,6.2,318,13.1,D,0
-16.268,136.1963,345,1.1,1,2014-11-13,0447,Aqua,MODIS,82,6.2,315.5,28,D,0
-16.2276,136.2104,342.4,1.1,1,2014-11-13,0447,Aqua,MODIS,83,6.2,319.9,20.4,D,0
-15.6848,136.1455,338.7,1.1,1,2014-11-13,0447,Aqua,MODIS,78,6.2,316.6,17.2,D,0
-16.2261,136.2205,339.2,1.1,1,2014-11-13,0447,Aqua,MODIS,78,6.2,317.8,14.4,D,0
-18.6228,130.9663,354,1.4,1.2,2014-11-13,0447,Aqua,MODIS,89,6.2,309.8,84.5,D,0
-16.3301,132.6903,340.4,1.1,1,2014-11-13,0447,Aqua,MODIS,62,6.2,316.6,19.9,D,0
-13.8362,134.0245,346.9,1,1,2014-11-13,0448,Aqua,MODIS,89,6.2,311.6,35.3,D,0
-14.2189,134.8711,334.1,1,1,2014-11-13,0448,Aqua,MODIS,37,6.2,316.4,9.7,D,0
-14.1809,134.8777,336.9,1,1,2014-11-13,0448,Aqua,MODIS,41,6.2,317.1,11.4,D,0
-13.9364,134.9723,342.3,1,1,2014-11-13,0448,Aqua,MODIS,83,6.2,319.8,20.7,D,0
-13.935,134.9817,336.3,1,1,2014-11-13,0448,Aqua,MODIS,38,6.2,318.3,10.2,D,0
-13.9413,135.0022,339.1,1,1,2014-11-13,0448,Aqua,MODIS,24,6.2,320.2,14,D,0
-13.9399,135.0117,340.9,1,1,2014-11-13,0448,Aqua,MODIS,69,6.2,319.8,18.3,D,0
-13.9462,135.0322,348,1,1,2014-11-13,0448,Aqua,MODIS,84,6.2,320.1,30.7,D,0
-13.9447,135.0417,341.2,1,1,2014-11-13,0448,Aqua,MODIS,44,6.2,319.2,18.1,D,0
-12.3217,135.9736,346.1,1.2,1.1,2014-11-13,0448,Aqua,MODIS,90,6.2,308.6,42.5,D,0
-12.3201,135.9842,361.1,1.2,1.1,2014-11-13,0448,Aqua,MODIS,100,6.2,310.1,87.8,D,0
-14.0104,134.8485,362.4,1,1,2014-11-13,0448,Aqua,MODIS,93,6.2,315.4,71.3,D,0
-14.0211,134.8374,333.2,1,1,2014-11-13,0448,Aqua,MODIS,62,6.2,310.7,14.9,D,0
-14.0197,134.8468,394.2,1,1,2014-11-13,0448,Aqua,MODIS,100,6.2,317.9,208.1,D,0
-14.0184,134.8562,343.2,1,1,2014-11-13,0448,Aqua,MODIS,84,6.2,314.2,29.1,D,0
-13.5149,133.7632,349.5,1,1,2014-11-13,0448,Aqua,MODIS,91,6.2,317.4,35.9,D,0
-13.5162,133.7541,347.5,1,1,2014-11-13,0448,Aqua,MODIS,89,6.2,315.9,33,D,0
-14.0362,134.1015,338.3,1,1,2014-11-13,0448,Aqua,MODIS,47,6.2,319,13.1,D,0
-12.3634,135.9586,334.9,1.2,1.1,2014-11-13,0448,Aqua,MODIS,43,6.2,309,19.8,D,0
-14.2286,134.8052,334.4,1,1,2014-11-13,0448,Aqua,MODIS,40,6.2,313,10.1,D,0
-14.2112,134.8602,353,1,1,2014-11-13,0448,Aqua,MODIS,94,6.2,318.6,45,D,0
-14.2168,134.8225,339.7,1,1,2014-11-13,0448,Aqua,MODIS,53,6.2,315.1,19,D,0
-14.2021,134.8588,349.1,1,1,2014-11-13,0448,Aqua,MODIS,82,6.2,315.8,32.5,D,0
-14.2105,134.8024,341.5,1,1,2014-11-13,0448,Aqua,MODIS,75,6.2,313.7,22.4,D,0
-14.2119,134.793,364.2,1,1,2014-11-13,0448,Aqua,MODIS,100,6.2,315.1,77,D,0
-14.2132,134.7836,342.9,1,1,2014-11-13,0448,Aqua,MODIS,84,6.2,314,29,D,0
-14.1927,134.8603,354.8,1,1,2014-11-13,0448,Aqua,MODIS,96,6.2,319.2,44.3,D,0
-14.2024,134.7945,353.8,1,1,2014-11-13,0448,Aqua,MODIS,93,6.2,312.6,45.1,D,0
-14.2051,134.7757,371.2,1,1,2014-11-13,0448,Aqua,MODIS,100,6.2,314.1,101.6,D,0
-14.1837,134.8589,345.6,1,1,2014-11-13,0448,Aqua,MODIS,83,6.2,316.7,24.6,D,0
-14.1933,134.7931,347.7,1,1,2014-11-13,0448,Aqua,MODIS,70,6.2,311.4,30.4,D,0
-13.9693,135.0652,340.1,1,1,2014-11-13,0448,Aqua,MODIS,48,6.2,319.1,14.9,D,0
-13.8206,134.0691,340.8,1,1,2014-11-13,0448,Aqua,MODIS,76,6.2,313.3,20.7,D,0
-14.1774,134.8386,350.2,1,1,2014-11-13,0448,Aqua,MODIS,92,6.2,317.4,35.7,D,0
-13.8348,134.0337,347.4,1,1,2014-11-13,0448,Aqua,MODIS,89,6.2,312.1,35.8,D,0
-13.8335,134.0429,355.6,1,1,2014-11-13,0448,Aqua,MODIS,96,6.2,313.5,52.4,D,0
-13.8295,134.0705,350.8,1,1,2014-11-13,0448,Aqua,MODIS,92,6.2,316.1,39.9,D,0
-14.044,136.6214,345.6,1.2,1.1,2014-11-13,0448,Aqua,MODIS,88,6.2,311.5,44.6,D,0
-14.0343,136.6197,338.1,1.2,1.1,2014-11-13,0448,Aqua,MODIS,70,6.2,310.6,26,D,0
-14.0241,136.6124,330.8,1.2,1.1,2014-11-13,0448,Aqua,MODIS,35,6.2,309.5,15.7,D,0
-13.9986,134.8659,347.7,1,1,2014-11-13,0448,Aqua,MODIS,84,6.2,318,30.5,D,0
-13.9881,134.8739,346.1,1,1,2014-11-13,0448,Aqua,MODIS,85,6.2,318.9,29.9,D,0
-13.9895,134.8645,342,1,1,2014-11-13,0448,Aqua,MODIS,83,6.2,315.6,22.2,D,0
-13.7801,136.8708,337.6,1.2,1.1,2014-11-13,0448,Aqua,MODIS,73,6.2,306.4,32,D,0
-13.7901,136.8724,340.2,1.2,1.1,2014-11-13,0448,Aqua,MODIS,80,6.2,306.9,36.1,D,0
-13.8269,134.0889,334.9,1,1,2014-11-13,0448,Aqua,MODIS,38,6.2,315.9,11.6,D,0
-14.1752,134.7902,366,1,1,2014-11-13,0448,Aqua,MODIS,100,6.2,316,81.6,D,0
-14.1634,134.8076,344.1,1,1,2014-11-13,0448,Aqua,MODIS,62,6.2,317,22.6,D,0
-14.1647,134.7982,348.2,1,1,2014-11-13,0448,Aqua,MODIS,81,6.2,316.9,32,D,0
-14.1661,134.7888,340.6,1,1,2014-11-13,0448,Aqua,MODIS,47,6.2,314.3,20.2,D,0
-14.1362,134.8033,337.8,1,1,2014-11-13,0448,Aqua,MODIS,69,6.2,319.6,13.2,D,0
-14.1376,134.7939,337.8,1,1,2014-11-13,0448,Aqua,MODIS,64,6.2,318.4,14.5,D,0
-13.8502,134.0549,339.1,1,1,2014-11-13,0448,Aqua,MODIS,51,6.2,315.8,13.8,D,0
-13.9776,134.8819,342.9,1,1,2014-11-13,0448,Aqua,MODIS,74,6.2,321.2,19.6,D,0
-13.979,134.8725,340.9,1,1,2014-11-13,0448,Aqua,MODIS,53,6.2,320.3,17.6,D,0
-13.9504,134.8776,339.4,1,1,2014-11-13,0448,Aqua,MODIS,59,6.2,320.1,13.4,D,0
-13.718,135.5193,336.7,1.1,1,2014-11-13,0448,Aqua,MODIS,65,6.2,319.8,14.5,D,0
-13.7087,135.5178,339,1.1,1,2014-11-13,0448,Aqua,MODIS,53,6.2,317.7,20,D,0
-14.0194,136.5779,337.4,1.2,1.1,2014-11-13,0448,Aqua,MODIS,75,6.2,310.6,25.8,D,0
-14.1045,136.5531,330.3,1.2,1.1,2014-11-13,0448,Aqua,MODIS,36,6.2,307.2,15.1,D,0
-13.9518,134.8682,342,1,1,2014-11-13,0448,Aqua,MODIS,75,6.2,318.5,19.6,D,0
-14.1923,135.3659,353.5,1.1,1,2014-11-13,0448,Aqua,MODIS,95,6.2,318,43.4,D,0
-14.1908,135.3756,345.7,1.1,1,2014-11-13,0448,Aqua,MODIS,72,6.2,319.1,27.1,D,0
-14.1511,135.3891,341,1.1,1,2014-11-13,0448,Aqua,MODIS,53,6.2,319.8,19.4,D,0
-14.215,135.3397,340.7,1.1,1,2014-11-13,0448,Aqua,MODIS,47,6.2,320.3,17.5,D,0
-13.7101,135.508,343.9,1.1,1,2014-11-13,0448,Aqua,MODIS,71,6.2,316.7,29.4,D,0
-13.7116,135.4981,345.8,1.1,1,2014-11-13,0448,Aqua,MODIS,74,6.2,316.1,34.4,D,0
-14.1285,134.9178,341.7,1,1,2014-11-13,0448,Aqua,MODIS,65,6.2,317.4,16.1,D,0
-14.2119,134.9183,335.1,1,1,2014-11-13,0448,Aqua,MODIS,65,6.2,317.1,10,D,0
-13.5059,133.7619,344.4,1,1,2014-11-13,0448,Aqua,MODIS,67,6.2,319.3,23.7,D,0
-13.5072,133.7527,342.7,1,1,2014-11-13,0448,Aqua,MODIS,60,6.2,319.7,22.6,D,0
-13.4739,133.7289,341.6,1,1,2014-11-13,0448,Aqua,MODIS,74,6.2,318.4,20.4,D,0
-14.17,134.6363,345.5,1,1,2014-11-13,0448,Aqua,MODIS,87,6.2,315.4,31.6,D,0
-14.1686,134.6456,351,1,1,2014-11-13,0448,Aqua,MODIS,93,6.2,315.7,43.1,D,0
-14.1777,134.6471,333.9,1,1,2014-11-13,0448,Aqua,MODIS,62,6.2,316.8,12.6,D,0
-14.2135,135.3494,343.2,1.1,1,2014-11-13,0448,Aqua,MODIS,70,6.2,321.2,24.4,D,0
-14.2029,134.7274,334.2,1,1,2014-11-13,0448,Aqua,MODIS,66,6.2,314.2,13.2,D,0
-14.2015,134.7368,335.9,1,1,2014-11-13,0448,Aqua,MODIS,68,6.2,313.2,15.9,D,0
-12.5467,142.8799,323.1,3.6,1.8,2014-11-13,0448,Aqua,MODIS,75,6.2,298.8,73.7,D,0
-13.6917,131.4141,333.6,1.2,1.1,2014-11-13,0448,Aqua,MODIS,42,6.2,312.3,16,D,0
-13.6999,131.426,334,1.1,1.1,2014-11-13,0448,Aqua,MODIS,35,6.2,313.1,14,D,0
-13.7109,131.4168,337.6,1.2,1.1,2014-11-13,0448,Aqua,MODIS,69,6.2,313.3,19.6,D,0
-13.7095,131.4274,335.2,1.1,1.1,2014-11-13,0448,Aqua,MODIS,47,6.2,314.8,14.4,D,0
-13.8256,134.0981,350.1,1,1,2014-11-13,0448,Aqua,MODIS,92,6.2,316.4,37.4,D,0
-13.7496,131.5256,328.9,1.1,1.1,2014-11-13,0448,Aqua,MODIS,39,6.2,310.7,7.8,D,0
-13.9948,135.5829,340.7,1.1,1,2014-11-13,0448,Aqua,MODIS,81,6.2,318.4,23.4,D,0
-13.9963,135.573,336.7,1.1,1,2014-11-13,0448,Aqua,MODIS,65,6.2,320.7,15.4,D,0
-14.2313,135.3382,337.2,1.1,1,2014-11-13,0448,Aqua,MODIS,39,6.2,313.7,13.2,D,0
-14.2207,135.3464,362.3,1.1,1,2014-11-13,0448,Aqua,MODIS,100,6.2,320.6,69.3,D,0
-13.8242,134.1073,366.8,1,1,2014-11-13,0448,Aqua,MODIS,100,6.2,316.8,80.9,D,0
-13.4752,133.7197,344.3,1,1,2014-11-13,0448,Aqua,MODIS,86,6.2,316.6,26.4,D,0
-14.1109,135.0998,338.2,1,1,2014-11-13,0448,Aqua,MODIS,53,6.2,317.6,11.2,D,0
-14.1029,136.564,343.9,1.2,1.1,2014-11-13,0448,Aqua,MODIS,86,6.2,307.1,42.7,D,0
-14.1496,135.3989,346.1,1.1,1,2014-11-13,0448,Aqua,MODIS,66,6.2,316.5,31.9,D,0
-14.1095,135.1094,360.1,1,1,2014-11-13,0448,Aqua,MODIS,100,6.2,321,59,D,0
-14.0263,136.6071,337.4,1.2,1.1,2014-11-13,0448,Aqua,MODIS,52,6.2,310.7,21.9,D,0
-14.0258,136.6014,331.1,1.2,1.1,2014-11-13,0448,Aqua,MODIS,29,6.2,310.8,15.4,D,0
-13.7959,135.78,338.7,1.1,1,2014-11-13,0448,Aqua,MODIS,78,6.2,311.3,27.2,D,0
-13.5301,134.4846,334.7,1,1,2014-11-13,0448,Aqua,MODIS,65,6.2,316.9,11.4,D,0
-13.233,132.3679,336.5,1,1,2014-11-13,0448,Aqua,MODIS,36,6.2,314.2,14,D,0
-13.9574,134.9562,337.8,1,1,2014-11-13,0448,Aqua,MODIS,64,6.2,320.1,12,D,0
-13.9917,134.9132,387.1,1,1,2014-11-13,0448,Aqua,MODIS,100,6.2,321.8,161.4,D,0
-13.9903,134.9226,366.8,1,1,2014-11-13,0448,Aqua,MODIS,100,6.2,320.1,78.3,D,0
-14.0007,134.9146,381.6,1,1,2014-11-13,0448,Aqua,MODIS,100,6.2,318.3,136.2,D,0
-13.9994,134.9241,365.5,1,1,2014-11-13,0448,Aqua,MODIS,100,6.2,317.6,74.7,D,0
-14.0211,136.5669,330,1.2,1.1,2014-11-13,0448,Aqua,MODIS,13,6.2,310.8,11.6,D,0
-14.1166,134.9354,339,1,1,2014-11-13,0448,Aqua,MODIS,53,6.2,317.8,11.9,D,0
-13.9923,134.8456,336.2,1,1,2014-11-13,0448,Aqua,MODIS,59,6.2,309.9,16.3,D,0
-13.9909,134.8551,359.9,1,1,2014-11-13,0448,Aqua,MODIS,99,6.2,315.7,65.1,D,0
-14.0013,134.847,343.8,1,1,2014-11-13,0448,Aqua,MODIS,61,6.2,312,26.6,D,0
-14,134.8565,358,1,1,2014-11-13,0448,Aqua,MODIS,98,6.2,317.9,56.9,D,0
-14.3262,134.8263,367,1,1,2014-11-13,0448,Aqua,MODIS,100,6.2,315,83.1,D,0
-14.3171,134.8249,399.5,1,1,2014-11-13,0448,Aqua,MODIS,100,6.2,321.8,229.8,D,0
-11.0235,142.5882,313.8,3.7,1.8,2014-11-13,0448,Aqua,MODIS,38,6.2,293.3,33.7,D,0
-14.0282,141.7969,337.7,2.8,1.6,2014-11-13,0448,Aqua,MODIS,87,6.2,305.1,110.6,D,0
-12.1329,133.5828,339.4,1,1,2014-11-13,0448,Aqua,MODIS,83,6.2,317.9,16,D,0
-14.2697,136.8845,358.1,1.2,1.1,2014-11-13,0448,Aqua,MODIS,99,6.2,310.8,81.3,D,0
-13.0378,136.2374,336.2,1.2,1.1,2014-11-13,0448,Aqua,MODIS,77,6.2,308.3,24.2,D,0
-13.0395,136.2267,328.5,1.2,1.1,2014-11-13,0448,Aqua,MODIS,34,6.2,307.8,12.8,D,0
-13.0426,136.2714,342.6,1.2,1.1,2014-11-13,0448,Aqua,MODIS,86,6.2,307,38.2,D,0
-13.4151,133.6852,345.6,1,1,2014-11-13,0448,Aqua,MODIS,87,6.2,317.1,26.4,D,0
-14.2442,136.9084,332.8,1.2,1.1,2014-11-13,0448,Aqua,MODIS,75,6.2,307.8,11.4,D,0
-14.2562,136.9054,348.5,1.2,1.1,2014-11-13,0448,Aqua,MODIS,94,6.2,307.7,51.8,D,0
-14.2679,136.8958,359.9,1.2,1.1,2014-11-13,0448,Aqua,MODIS,99,6.2,306.9,87.5,D,0
-13.9492,141.8004,332.2,2.8,1.6,2014-11-13,0448,Aqua,MODIS,65,6.2,305.8,71.8,D,0
-14.2576,136.8874,345.2,1.2,1.1,2014-11-13,0448,Aqua,MODIS,93,6.2,310.2,38.8,D,0
-14.258,136.8941,375.4,1.2,1.1,2014-11-13,0448,Aqua,MODIS,100,6.2,310.1,153.8,D,0
-14.2558,136.8987,361,1.2,1.1,2014-11-13,0448,Aqua,MODIS,100,6.2,309,89.1,D,0
-14.2598,136.8828,342.8,1.2,1.1,2014-11-13,0448,Aqua,MODIS,86,6.2,309.7,34.4,D,0
-14.2459,136.897,335.6,1.2,1.1,2014-11-13,0448,Aqua,MODIS,82,6.2,308.8,17.2,D,0
-14.3184,135.1943,351.2,1,1,2014-11-13,0448,Aqua,MODIS,93,6.2,315.1,44,D,0
-13.0362,136.2482,333.7,1.2,1.1,2014-11-13,0448,Aqua,MODIS,73,6.2,307.7,19.2,D,0
-14.242,135.33,338.4,1.1,1,2014-11-13,0448,Aqua,MODIS,77,6.2,316,19,D,0
-13.9349,141.7978,331.6,2.8,1.6,2014-11-13,0448,Aqua,MODIS,72,6.2,307.2,65.9,D,0
-12.9898,136.1637,334.3,1.2,1.1,2014-11-13,0448,Aqua,MODIS,55,6.2,309.2,20.9,D,0
-13.0011,136.1545,337.2,1.2,1.1,2014-11-13,0448,Aqua,MODIS,69,6.2,306.9,28.6,D,0
-12.9914,136.153,335.7,1.2,1.1,2014-11-13,0448,Aqua,MODIS,55,6.2,309.6,23.8,D,0
-14.3157,134.8343,395.2,1,1,2014-11-13,0448,Aqua,MODIS,100,6.2,323.1,206.1,D,0
-12.3541,136.4324,339.3,1.2,1.1,2014-11-13,0448,Aqua,MODIS,84,6.2,308.8,29.4,D,0
-14.3128,135.2327,338.5,1,1,2014-11-13,0448,Aqua,MODIS,73,6.2,315.1,17.5,D,0
-13.5046,134.5309,336.1,1,1,2014-11-13,0448,Aqua,MODIS,49,6.2,317.1,10,D,0
-12.1419,133.5841,342.8,1,1,2014-11-13,0448,Aqua,MODIS,87,6.2,317.9,20.9,D,0
-13.4955,134.5295,346.7,1,1,2014-11-13,0448,Aqua,MODIS,88,6.2,321,28,D,0
-14.332,135.2225,337.8,1,1,2014-11-13,0448,Aqua,MODIS,68,6.2,313.9,15,D,0
-13.4114,133.6472,337.8,1,1,2014-11-13,0448,Aqua,MODIS,73,6.2,317.3,17.7,D,0
-13.4217,133.6394,348.2,1,1,2014-11-13,0448,Aqua,MODIS,90,6.2,315.4,37.4,D,0
-13.4204,133.6485,335.5,1,1,2014-11-13,0448,Aqua,MODIS,58,6.2,315.3,13.4,D,0
-14.3085,135.2616,334.2,1,1,2014-11-13,0448,Aqua,MODIS,44,6.2,317.6,10,D,0
-14.3114,135.2423,343.2,1,1,2014-11-13,0448,Aqua,MODIS,84,6.2,315.6,25.3,D,0
-14.2502,134.8472,335.8,1,1,2014-11-13,0448,Aqua,MODIS,44,6.2,316,11.6,D,0
-13.4127,133.638,371.2,1,1,2014-11-13,0448,Aqua,MODIS,100,6.2,318,99.8,D,0
-14.2516,134.8377,340.3,1,1,2014-11-13,0448,Aqua,MODIS,68,6.2,317.2,18,D,0
-13.4037,133.6366,353,1,1,2014-11-13,0448,Aqua,MODIS,94,6.2,313.3,47.9,D,0
-13.414,133.6288,341.8,1,1,2014-11-13,0448,Aqua,MODIS,82,6.2,310.6,26.4,D,0
-13.9441,141.5625,323.7,2.7,1.6,2014-11-13,0448,Aqua,MODIS,0,6.2,303,43.4,D,0
-14.3079,135.2024,337.8,1,1,2014-11-13,0448,Aqua,MODIS,53,6.2,315,16.5,D,0
-14.3093,135.1928,342.8,1,1,2014-11-13,0448,Aqua,MODIS,84,6.2,314.5,26.3,D,0
-14.2405,135.3396,335.2,1.1,1,2014-11-13,0448,Aqua,MODIS,48,6.2,316.2,12.2,D,0
-13.4138,133.6944,343.7,1,1,2014-11-13,0448,Aqua,MODIS,76,6.2,318.2,22.3,D,0
-13.3858,133.6339,334.6,1,1,2014-11-13,0448,Aqua,MODIS,63,6.2,312.6,14.6,D,0
-13.4024,133.6458,378.5,1,1,2014-11-13,0448,Aqua,MODIS,100,6.2,317.5,124.1,D,0
-13.3845,133.6431,336.6,1,1,2014-11-13,0448,Aqua,MODIS,59,6.2,315,15.1,D,0
-13.3948,133.6353,337,1,1,2014-11-13,0448,Aqua,MODIS,69,6.2,312.7,17.8,D,0
-13.3935,133.6444,342,1,1,2014-11-13,0448,Aqua,MODIS,74,6.2,314.8,23.3,D,0
-14.3621,134.7074,339.7,1,1,2014-11-13,0448,Aqua,MODIS,79,6.2,315.6,20.1,D,0
-14.8922,131.9691,336.5,1.1,1.1,2014-11-13,0448,Aqua,MODIS,31,6.2,309.7,22,D,0
-11.1475,142.443,320,3.6,1.8,2014-11-13,0448,Aqua,MODIS,30,6.2,298.5,40.6,D,0
-14.2511,135.3314,362.9,1.1,1,2014-11-13,0448,Aqua,MODIS,100,6.2,317.1,76.3,D,0
-12.5111,134.9037,336.8,1,1,2014-11-13,0448,Aqua,MODIS,14,6.2,313.4,21,D,0
-12.6715,135.0001,333.8,1.1,1,2014-11-13,0448,Aqua,MODIS,59,6.2,306.7,19.9,D,0
-12.6652,134.9794,337.9,1.1,1,2014-11-13,0448,Aqua,MODIS,72,6.2,304.9,25.3,D,0
-12.0517,142.414,323.5,3.4,1.7,2014-11-13,0448,Aqua,MODIS,61,6.2,301.9,46.3,D,0
-13.4011,133.655,340,1,1,2014-11-13,0448,Aqua,MODIS,80,6.2,316.2,18.6,D,0
-12.9127,136.1346,337.9,1.2,1.1,2014-11-13,0448,Aqua,MODIS,68,6.2,310.1,24.9,D,0
-13.4062,133.6839,356.9,1,1,2014-11-13,0448,Aqua,MODIS,97,6.2,319.2,51.4,D,0
-13.4035,133.7022,335.8,1,1,2014-11-13,0448,Aqua,MODIS,28,6.2,319.9,9.2,D,0
-13.1717,134.7972,342.4,1,1,2014-11-13,0448,Aqua,MODIS,84,6.2,317.8,23.9,D,0
-13.9866,141.7551,324,2.8,1.6,2014-11-13,0448,Aqua,MODIS,56,6.2,301.3,40.5,D,0
-13.1731,134.7878,343.3,1,1,2014-11-13,0448,Aqua,MODIS,85,6.2,318.4,25.1,D,0
-14.3248,134.8357,362.4,1,1,2014-11-13,0448,Aqua,MODIS,100,6.2,315.4,70.2,D,0
-13.0345,136.259,333.7,1.2,1.1,2014-11-13,0448,Aqua,MODIS,73,6.2,306,19.3,D,0
-14.2761,134.8608,335.1,1,1,2014-11-13,0448,Aqua,MODIS,39,6.2,315.2,8.7,D,0
-14.4449,134.7748,335,1,1,2014-11-13,0448,Aqua,MODIS,55,6.2,318.1,10.7,D,0
-13.5596,135.8382,331.8,1.1,1.1,2014-11-13,0448,Aqua,MODIS,0,6.2,309.4,11.2,D,0
-13.9822,141.7805,325,2.8,1.6,2014-11-13,0448,Aqua,MODIS,54,6.2,303.5,43.1,D,0
-14.0327,141.7715,345.7,2.8,1.6,2014-11-13,0448,Aqua,MODIS,93,6.2,303.2,169.1,D,0
-14.2948,134.8503,341.6,1,1,2014-11-13,0448,Aqua,MODIS,62,6.2,316.2,19.5,D,0
-14.2951,135.289,335.8,1,1,2014-11-13,0448,Aqua,MODIS,49,6.2,315.6,12.9,D,0
-14.3143,134.8437,351.3,1,1,2014-11-13,0448,Aqua,MODIS,93,6.2,316.9,41.9,D,0
-14.308,134.8235,339.9,1,1,2014-11-13,0448,Aqua,MODIS,77,6.2,317.4,15.7,D,0
-15.7321,129.6758,337.2,1.6,1.2,2014-11-13,0448,Aqua,MODIS,51,6.2,306.8,41.2,D,0
-15.7302,129.685,331.9,1.6,1.2,2014-11-13,0448,Aqua,MODIS,37,6.2,306.5,24.9,D,0
-14.3067,134.8329,342.8,1,1,2014-11-13,0448,Aqua,MODIS,81,6.2,317.3,21.7,D,0
-14.4482,134.1141,351.1,1,1,2014-11-13,0448,Aqua,MODIS,93,6.2,315.6,39.2,D,0
-12.3021,134.6929,336.9,1,1,2014-11-13,0448,Aqua,MODIS,73,6.2,313.6,18.1,D,0
-14.4469,134.1233,340.3,1,1,2014-11-13,0448,Aqua,MODIS,77,6.2,315.6,17.4,D,0
-14.4572,134.1155,344.6,1,1,2014-11-13,0448,Aqua,MODIS,86,6.2,318.3,23.9,D,0
-14.4559,134.1247,339.4,1,1,2014-11-13,0448,Aqua,MODIS,70,6.2,316.3,14.1,D,0
-14.3928,134.8145,336.2,1,1,2014-11-13,0448,Aqua,MODIS,40,6.2,317.8,10.8,D,0
-13.9901,141.7635,326.6,2.8,1.6,2014-11-13,0448,Aqua,MODIS,80,6.2,302,54,D,0
-12.4999,135.8207,334.2,1.1,1.1,2014-11-13,0448,Aqua,MODIS,39,6.2,313.5,15.9,D,0
-14.2526,135.3218,356.9,1.1,1,2014-11-13,0448,Aqua,MODIS,97,6.2,317,59.3,D,0
-12.3189,142.8847,317.1,3.6,1.8,2014-11-13,0448,Aqua,MODIS,67,6.2,296.3,47.7,D,0
-12.5446,143.0229,325.1,3.7,1.8,2014-11-13,0448,Aqua,MODIS,43,6.2,300.8,87.4,D,0
-13.6926,135.4346,340,1.1,1,2014-11-13,0448,Aqua,MODIS,80,6.2,314.2,23.7,D,0
-12.3337,142.8617,315.6,3.6,1.8,2014-11-13,0448,Aqua,MODIS,63,6.2,295.8,36.9,D,0
-13.696,135.4754,348.2,1.1,1,2014-11-13,0448,Aqua,MODIS,85,6.2,310,41.7,D,0
-13.6975,135.4656,348,1.1,1,2014-11-13,0448,Aqua,MODIS,90,6.2,312.9,39.9,D,0
-12.5384,143.0164,322.4,3.7,1.8,2014-11-13,0448,Aqua,MODIS,46,6.2,300,73,D,0
-13.6912,135.4444,338.2,1.1,1,2014-11-13,0448,Aqua,MODIS,76,6.2,316.4,20.1,D,0
-13.7004,135.4459,373.3,1.1,1,2014-11-13,0448,Aqua,MODIS,100,6.2,321.3,117.2,D,0
-13.6989,135.4558,370,1.1,1,2014-11-13,0448,Aqua,MODIS,100,6.2,319.5,103.5,D,0
-13.7019,135.4361,360.4,1.1,1,2014-11-13,0448,Aqua,MODIS,100,6.2,315.2,72.6,D,0
-16.327,125.0742,323.5,3.5,1.8,2014-11-13,0448,Aqua,MODIS,59,6.2,298,53.1,D,0
-16.3336,125.0679,322.5,3.5,1.8,2014-11-13,0448,Aqua,MODIS,48,6.2,298.1,47.8,D,0
-15.5824,129.8609,371.8,1.5,1.2,2014-11-13,0448,Aqua,MODIS,100,6.2,303.9,191.2,D,0
-15.5933,129.8623,333.8,1.5,1.2,2014-11-13,0448,Aqua,MODIS,63,6.2,302.1,33.5,D,0
-15.5715,129.8594,332.7,1.5,1.2,2014-11-13,0448,Aqua,MODIS,27,6.2,304.6,23.4,D,0
-15.1838,129.0238,330.2,1.7,1.3,2014-11-13,0448,Aqua,MODIS,59,6.2,305.7,25.6,D,0
-15.0806,128.4613,327.4,1.9,1.3,2014-11-13,0448,Aqua,MODIS,54,6.2,305.6,23.8,D,0
-15.1058,129.0071,334.3,1.7,1.3,2014-11-13,0448,Aqua,MODIS,68,6.2,309,24.8,D,0
-15.1559,128.9815,338.7,1.7,1.3,2014-11-13,0448,Aqua,MODIS,77,6.2,307.7,46.3,D,0
-15.1539,128.9973,333.4,1.7,1.3,2014-11-13,0448,Aqua,MODIS,45,6.2,309.6,27.2,D,0
-15.1655,128.9988,339.7,1.7,1.3,2014-11-13,0448,Aqua,MODIS,86,6.2,308.5,50,D,0
-15.1635,129.0146,332,1.7,1.3,2014-11-13,0448,Aqua,MODIS,53,6.2,309,23.3,D,0
-15.1771,129.0003,334.3,1.7,1.3,2014-11-13,0448,Aqua,MODIS,77,6.2,307,34,D,0
-15.1645,128.9892,342,1.7,1.3,2014-11-13,0448,Aqua,MODIS,87,6.2,307.1,61.2,D,0
-15.1626,129.005,334.5,1.7,1.3,2014-11-13,0448,Aqua,MODIS,79,6.2,309.1,34.1,D,0
-15.176,128.9907,331.1,1.7,1.3,2014-11-13,0448,Aqua,MODIS,71,6.2,305.9,28.1,D,0
-15.0905,128.4804,332.2,1.9,1.3,2014-11-13,0448,Aqua,MODIS,77,6.2,306.3,36.3,D,0
-15.1742,129.0065,335.6,1.7,1.3,2014-11-13,0448,Aqua,MODIS,81,6.2,307.7,41.5,D,0
-15.1876,128.9922,330.6,1.7,1.3,2014-11-13,0448,Aqua,MODIS,71,6.2,304.8,28.5,D,0
-15.1857,129.008,342.4,1.7,1.3,2014-11-13,0448,Aqua,MODIS,88,6.2,306,67.1,D,0
-15.5607,129.8578,336.3,1.5,1.2,2014-11-13,0448,Aqua,MODIS,65,6.2,307.2,32.7,D,0
-11.7426,130.3657,324.7,1.2,1.1,2014-11-13,0449,Aqua,MODIS,62,6.2,304.4,11,D,0
-11.1849,132.2912,329.9,1,1,2014-11-13,0449,Aqua,MODIS,65,6.2,309.8,9.1,D,0
-11.1681,132.3457,330.6,1,1,2014-11-13,0449,Aqua,MODIS,0,6.2,309,12.6,D,0
-29.4687,124.7951,316.7,4.4,1.9,2014-11-13,0622,Aqua,MODIS,66,6.2,282.6,94.1,D,0
-21.1962,121.7032,336,4.3,1.9,2014-11-13,0624,Aqua,MODIS,50,6.2,303,205.6,D,0
-21.1966,121.7082,336.1,4.3,1.9,2014-11-13,0624,Aqua,MODIS,51,6.2,302.5,204.6,D,0
-22.4285,118.1756,409.1,2.3,1.5,2014-11-13,0624,Aqua,MODIS,100,6.2,318.9,956.3,D,0
-23.0898,118.0191,331.5,2.1,1.4,2014-11-13,0624,Aqua,MODIS,66,6.2,314.7,26.9,D,0
-22.4325,118.1538,363.1,2.2,1.5,2014-11-13,0624,Aqua,MODIS,100,6.2,316.1,242.9,D,0
-22.4067,118.148,339.2,2.2,1.5,2014-11-13,0624,Aqua,MODIS,81,6.2,316.3,71.5,D,0
-22.4155,118.1729,361.5,2.3,1.5,2014-11-13,0624,Aqua,MODIS,100,6.2,318.9,228.9,D,0
-22.3725,118.1858,340.7,2.3,1.5,2014-11-13,0624,Aqua,MODIS,83,6.2,313.3,79.4,D,0
-22.4157,118.1557,336.1,2.2,1.5,2014-11-13,0624,Aqua,MODIS,76,6.2,316.3,59.2,D,0
-22.3684,118.2076,337.7,2.3,1.5,2014-11-13,0624,Aqua,MODIS,79,6.2,311.8,66.1,D,0
-22.3851,118.1195,341.3,2.2,1.4,2014-11-13,0624,Aqua,MODIS,84,6.2,315.7,77.8,D,0
-22.4199,118.1337,360.6,2.2,1.4,2014-11-13,0624,Aqua,MODIS,100,6.2,317.1,220,D,0
-22.3854,118.1889,338,2.3,1.5,2014-11-13,0624,Aqua,MODIS,68,6.2,312.9,60,D,0
-23.0898,118.0264,331.9,2.1,1.4,2014-11-13,0624,Aqua,MODIS,64,6.2,314.7,27.9,D,0
-22.3813,118.2107,363.7,2.3,1.5,2014-11-13,0624,Aqua,MODIS,100,6.2,315.3,254.8,D,0
-22.4114,118.1774,364.8,2.3,1.5,2014-11-13,0624,Aqua,MODIS,100,6.2,316.8,265.8,D,0
-22.4286,118.1585,375.1,2.2,1.5,2014-11-13,0624,Aqua,MODIS,100,6.2,318.3,369.5,D,0
-22.3772,118.2326,392.9,2.3,1.5,2014-11-13,0624,Aqua,MODIS,100,6.2,313.6,652.5,D,0
-22.3984,118.1918,356.9,2.3,1.5,2014-11-13,0624,Aqua,MODIS,97,6.2,312.5,192.2,D,0
-22.3943,118.2137,374.1,2.3,1.5,2014-11-13,0624,Aqua,MODIS,100,6.2,315.5,371.3,D,0
-22.3902,118.2356,421.5,2.3,1.5,2014-11-13,0624,Aqua,MODIS,100,6.2,317.4,1306.9,D,0
-22.3979,118.1232,362.1,2.2,1.4,2014-11-13,0624,Aqua,MODIS,100,6.2,316.6,226.5,D,0
-22.3937,118.1452,367.8,2.2,1.5,2014-11-13,0624,Aqua,MODIS,100,6.2,316.2,277.5,D,0
-23.1024,118.0219,333.1,2.1,1.4,2014-11-13,0624,Aqua,MODIS,71,6.2,315.8,34.3,D,0
-22.4148,118.1048,339.8,2.2,1.4,2014-11-13,0624,Aqua,MODIS,82,6.2,315.8,79.8,D,0
-22.433,118.136,339.2,2.2,1.4,2014-11-13,0624,Aqua,MODIS,81,6.2,313.8,70.8,D,0
-22.4114,118.1947,369.7,2.3,1.5,2014-11-13,0624,Aqua,MODIS,100,6.2,312.3,316.6,D,0
-22.4202,118.2021,354.2,2.3,1.5,2014-11-13,0624,Aqua,MODIS,96,6.2,309.1,171.1,D,0
-22.4073,118.2165,397.6,2.3,1.5,2014-11-13,0624,Aqua,MODIS,100,6.2,314.4,735.7,D,0
-22.3987,118.243,382.9,2.3,1.5,2014-11-13,0624,Aqua,MODIS,100,6.2,306.9,503.6,D,0
-22.4244,118.1802,420,2.3,1.5,2014-11-13,0624,Aqua,MODIS,100,6.2,321.8,1226.2,D,0
-22.4029,118.221,414.4,2.3,1.5,2014-11-13,0624,Aqua,MODIS,100,6.2,318,1107.1,D,0
-22.4072,118.1992,380.8,2.3,1.5,2014-11-13,0624,Aqua,MODIS,100,6.2,313.1,448.6,D,0
-22.4244,118.1976,379.3,2.3,1.5,2014-11-13,0624,Aqua,MODIS,100,6.2,311.1,435,D,0
-22.3766,118.1642,331.9,2.3,1.5,2014-11-13,0624,Aqua,MODIS,63,6.2,313.6,32.1,D,0
-22.4196,118.151,342.1,2.2,1.5,2014-11-13,0624,Aqua,MODIS,85,6.2,316.4,85.1,D,0
-22.402,118.1014,338.7,2.2,1.4,2014-11-13,0624,Aqua,MODIS,70,6.2,313.4,70.2,D,0
-22.4032,118.2385,390.7,2.3,1.5,2014-11-13,0624,Aqua,MODIS,100,6.2,306.5,622.8,D,0
-22.4238,118.1285,368.3,2.2,1.4,2014-11-13,0624,Aqua,MODIS,100,6.2,317.7,294.2,D,0
-22.4279,118.1065,341.6,2.2,1.4,2014-11-13,0624,Aqua,MODIS,84,6.2,314.5,88.4,D,0
-22.4025,118.17,340.7,2.3,1.5,2014-11-13,0624,Aqua,MODIS,83,6.2,315.3,78.3,D,0
-22.4243,118.1113,356.6,2.2,1.4,2014-11-13,0624,Aqua,MODIS,97,6.2,316.4,186.6,D,0
-20.8029,117.1151,337.8,2,1.4,2014-11-13,0625,Aqua,MODIS,79,6.2,317.3,41.1,D,0
-20.7869,117.1319,375.2,2,1.4,2014-11-13,0625,Aqua,MODIS,100,6.2,317.4,313.4,D,0
-20.7905,117.1124,358.2,2,1.4,2014-11-13,0625,Aqua,MODIS,98,6.2,318.3,159.2,D,0
-20.7869,117.1266,374,2,1.4,2014-11-13,0625,Aqua,MODIS,100,6.2,318.5,300.6,D,0
-19.4233,121.639,335.7,4.6,2,2014-11-13,0625,Aqua,MODIS,85,6.2,292.5,209.2,D,0
-19.6718,121.7695,328.2,4.7,2,2014-11-13,0625,Aqua,MODIS,62,6.2,294.6,192.5,D,0
-19.6543,121.7651,360,4.7,2,2014-11-13,0625,Aqua,MODIS,100,6.2,295.1,736.2,D,0
-19.6367,121.7608,339.7,4.7,2,2014-11-13,0625,Aqua,MODIS,72,6.2,284.3,327.8,D,0
-19.6746,121.7652,326.8,4.7,2,2014-11-13,0625,Aqua,MODIS,58,6.2,294.5,178.6,D,0
-19.657,121.7607,363.5,4.7,2,2014-11-13,0625,Aqua,MODIS,100,6.2,295.5,824.9,D,0
-19.6394,121.7564,350.4,4.7,2,2014-11-13,0625,Aqua,MODIS,82,6.2,286.5,512.5,D,0
-19.6637,121.7216,350.7,4.6,2,2014-11-13,0625,Aqua,MODIS,94,6.2,295.8,495.5,D,0
-19.6462,121.7172,334.2,4.6,2,2014-11-13,0625,Aqua,MODIS,71,6.2,291,217.6,D,0
-19.6662,121.7172,341,4.6,2,2014-11-13,0625,Aqua,MODIS,87,6.2,295.6,323.8,D,0
-19.6487,121.7127,331.7,4.6,2,2014-11-13,0625,Aqua,MODIS,70,6.2,292,183.9,D,0
-19.4314,121.6945,342.6,4.7,2,2014-11-13,0625,Aqua,MODIS,69,6.2,289.9,304.4,D,0
-19.4231,121.6469,335.4,4.6,2,2014-11-13,0625,Aqua,MODIS,79,6.2,292,197.9,D,0
-19.4318,121.6868,341.7,4.7,2,2014-11-13,0625,Aqua,MODIS,79,6.2,290.5,287.8,D,0
-27.9704,145.9588,307.3,2.6,1.6,2014-11-13,1230,Terra,MODIS,69,6.2,295.2,26.2,N,0
-27.7201,150.4936,313.8,1.3,1.1,2014-11-13,1230,Terra,MODIS,88,6.2,295,15.9,N,0
-28.3985,150.2319,306.7,1.4,1.2,2014-11-13,1230,Terra,MODIS,69,6.2,294.9,9,N,0
-27.7216,150.4804,306.8,1.3,1.1,2014-11-13,1230,Terra,MODIS,69,6.2,294.4,8.5,N,0
-23.3825,150.1952,309.6,1.2,1.1,2014-11-13,1231,Terra,MODIS,53,6.2,291.9,10.8,N,0
-24.8538,148.0132,326.7,1.7,1.3,2014-11-13,1231,Terra,MODIS,71,6.2,294.5,44.1,N,0
-24.8556,148.7166,305.8,1.5,1.2,2014-11-13,1231,Terra,MODIS,56,6.2,294.9,8.8,N,0
-24.7912,147.8618,312.4,1.8,1.3,2014-11-13,1231,Terra,MODIS,85,6.2,292.1,23.1,N,0
-24.9297,148.1508,311.9,1.7,1.3,2014-11-13,1231,Terra,MODIS,69,6.2,291.5,20.1,N,0
-24.9438,148.6405,313.7,1.6,1.2,2014-11-13,1231,Terra,MODIS,31,6.2,294.9,17.2,N,0
-24.803,147.8628,346.6,1.8,1.3,2014-11-13,1231,Terra,MODIS,100,6.2,296.1,122.5,N,0
-24.9514,148.6735,316.5,1.6,1.2,2014-11-13,1231,Terra,MODIS,64,6.2,296.2,19.4,N,0
-24.9799,148.0931,315,1.7,1.3,2014-11-13,1231,Terra,MODIS,90,6.2,293.6,25.6,N,0
-24.9727,152.3581,314,1,1,2014-11-13,1231,Terra,MODIS,88,6.2,290.8,13.8,N,0
-24.9412,148.1526,314.5,1.7,1.3,2014-11-13,1231,Terra,MODIS,46,6.2,291.2,23,N,0
-24.9713,152.3683,375.1,1,1,2014-11-13,1231,Terra,MODIS,100,6.2,296.3,141.4,N,0
-24.97,152.3785,317.5,1,1,2014-11-13,1231,Terra,MODIS,95,6.2,289.8,16.8,N,0
-24.97,148.1039,315.3,1.7,1.3,2014-11-13,1231,Terra,MODIS,85,6.2,292.8,24.9,N,0
-24.8179,147.9061,314,1.7,1.3,2014-11-13,1231,Terra,MODIS,55,6.2,292.5,20.6,N,0
-24.9164,148.1655,305.5,1.7,1.3,2014-11-13,1231,Terra,MODIS,40,6.2,291.8,11.2,N,0
-24.8107,147.9,314.5,1.7,1.3,2014-11-13,1231,Terra,MODIS,31,6.2,291.9,21.7,N,0
-24.7973,147.9145,310.9,1.7,1.3,2014-11-13,1231,Terra,MODIS,26,6.2,292.5,17.3,N,0
-24.7892,147.8796,306.8,1.8,1.3,2014-11-13,1231,Terra,MODIS,12,6.2,291.4,12.8,N,0
-24.8147,147.8643,321.5,1.8,1.3,2014-11-13,1231,Terra,MODIS,66,6.2,293.6,38,N,0
-24.8519,148.0302,322.2,1.7,1.3,2014-11-13,1231,Terra,MODIS,52,6.2,293.9,36,N,0
-24.9421,148.6562,335.2,1.6,1.2,2014-11-13,1231,Terra,MODIS,100,6.2,297.8,61.1,N,0
-24.873,148.0223,314.4,1.7,1.3,2014-11-13,1231,Terra,MODIS,31,6.2,293.1,23.5,N,0
-24.875,148.0343,309.1,1.7,1.3,2014-11-13,1231,Terra,MODIS,47,6.2,292.1,16.6,N,0
-24.8463,148.6996,312.4,1.5,1.2,2014-11-13,1231,Terra,MODIS,80,6.2,295,16.5,N,0
-24.8712,148.0405,308.5,1.7,1.3,2014-11-13,1231,Terra,MODIS,30,6.2,291.9,15.2,N,0
-24.8783,147.9714,307.6,1.7,1.3,2014-11-13,1231,Terra,MODIS,36,6.2,292.2,14,N,0
-24.8765,147.9884,312.9,1.7,1.3,2014-11-13,1231,Terra,MODIS,70,6.2,292.5,21.9,N,0
-24.9532,148.6576,322.8,1.6,1.2,2014-11-13,1231,Terra,MODIS,86,6.2,296.8,31.7,N,0
-24.8654,148.015,318.1,1.7,1.3,2014-11-13,1231,Terra,MODIS,17,6.2,293.2,28.2,N,0
-24.8807,147.9828,316.7,1.7,1.3,2014-11-13,1231,Terra,MODIS,59,6.2,292.8,27.9,N,0
-24.8691,147.981,309,1.7,1.3,2014-11-13,1231,Terra,MODIS,37,6.2,292.7,15.7,N,0
-24.8634,148.0325,321.1,1.7,1.3,2014-11-13,1231,Terra,MODIS,72,6.2,293.2,36.4,N,0
-24.8573,148.7014,308.5,1.5,1.2,2014-11-13,1231,Terra,MODIS,74,6.2,295.5,11.4,N,0
-24.7981,147.8683,335.4,1.8,1.3,2014-11-13,1231,Terra,MODIS,100,6.2,294.1,76.2,N,0
-24.4382,151.4077,308.6,1.1,1,2014-11-13,1231,Terra,MODIS,75,6.2,292.2,9.5,N,0
-24.8591,148.6859,316.2,1.5,1.2,2014-11-13,1231,Terra,MODIS,93,6.2,295.7,22,N,0
-25.5643,147.8302,307.9,1.8,1.3,2014-11-13,1231,Terra,MODIS,66,6.2,295.4,14.9,N,0
-24.9006,148.0955,305.6,1.7,1.3,2014-11-13,1231,Terra,MODIS,59,6.2,291.2,12.5,N,0
-24.8117,147.8513,313.1,1.8,1.3,2014-11-13,1231,Terra,MODIS,41,6.2,293.2,22,N,0
-24.9024,148.0783,303.8,1.7,1.3,2014-11-13,1231,Terra,MODIS,52,6.2,291.7,10.6,N,0
-25.5661,147.8121,306.4,1.8,1.3,2014-11-13,1231,Terra,MODIS,64,6.2,294.8,11.6,N,0
-24.8404,148.0283,319.7,1.7,1.3,2014-11-13,1231,Terra,MODIS,44,6.2,293.6,30.6,N,0
-25.2289,151.1072,301.9,1.1,1.1,2014-11-13,1231,Terra,MODIS,45,6.2,291.8,4.6,N,0
-24.9087,148.6457,316.5,1.6,1.2,2014-11-13,1231,Terra,MODIS,93,6.2,296,21.8,N,0
-24.9069,148.6611,311,1.6,1.2,2014-11-13,1231,Terra,MODIS,45,6.2,295.9,13,N,0
-24.9087,148.6516,316.1,1.6,1.2,2014-11-13,1231,Terra,MODIS,92,6.2,296.3,21.2,N,0
-24.9309,148.6546,321.5,1.6,1.2,2014-11-13,1231,Terra,MODIS,73,6.2,296.4,29.1,N,0
-24.9198,148.6531,332.1,1.6,1.2,2014-11-13,1231,Terra,MODIS,100,6.2,297.4,53.6,N,0
-24.6163,148.2029,305,1.7,1.3,2014-11-13,1231,Terra,MODIS,62,6.2,294,8.8,N,0
-24.6181,148.1861,310.1,1.7,1.3,2014-11-13,1231,Terra,MODIS,79,6.2,294,15.9,N,0
-24.7806,147.624,307.4,1.8,1.3,2014-11-13,1231,Terra,MODIS,40,6.2,294.5,12.5,N,0
-24.7785,147.6433,309.2,1.8,1.3,2014-11-13,1231,Terra,MODIS,71,6.2,293.7,15.8,N,0
-24.8216,147.8708,324.7,1.8,1.3,2014-11-13,1231,Terra,MODIS,96,6.2,293.6,44.6,N,0
-24.9878,148.1288,311.7,1.7,1.3,2014-11-13,1231,Terra,MODIS,20,6.2,293,18.4,N,0
-24.978,148.1113,333.4,1.7,1.3,2014-11-13,1231,Terra,MODIS,100,6.2,294.1,68.2,N,0
-24.8098,147.8699,340.7,1.8,1.3,2014-11-13,1231,Terra,MODIS,100,6.2,295.1,94.4,N,0
-24.6881,148.0533,309.6,1.7,1.3,2014-11-13,1231,Terra,MODIS,13,6.2,293.3,14.1,N,0
-24.968,148.1217,313.6,1.7,1.3,2014-11-13,1231,Terra,MODIS,23,6.2,291.7,19.8,N,0
-24.6999,148.0532,309.1,1.7,1.3,2014-11-13,1231,Terra,MODIS,23,6.2,294.7,13.6,N,0
-24.9762,148.1279,325.3,1.7,1.3,2014-11-13,1231,Terra,MODIS,100,6.2,293.3,45.5,N,0
-24.9897,148.1115,324.4,1.7,1.3,2014-11-13,1231,Terra,MODIS,100,6.2,294.3,44.4,N,0
-24.9664,148.1101,305.9,1.7,1.3,2014-11-13,1231,Terra,MODIS,35,6.2,291.7,10.9,N,0
-24.6917,148.0469,318.8,1.7,1.3,2014-11-13,1231,Terra,MODIS,97,6.2,294.3,30.8,N,0
-24.8316,147.8889,317.4,1.8,1.3,2014-11-13,1231,Terra,MODIS,53,6.2,292.8,26.2,N,0
-24.6898,148.0369,312.5,1.7,1.3,2014-11-13,1231,Terra,MODIS,48,6.2,293.2,18.9,N,0
-24.855,147.8918,307.9,1.8,1.3,2014-11-13,1231,Terra,MODIS,25,6.2,292.2,14.4,N,0
-24.8352,147.8545,325.9,1.8,1.3,2014-11-13,1231,Terra,MODIS,93,6.2,294.2,48.7,N,0
-24.8334,147.8717,355.6,1.8,1.3,2014-11-13,1231,Terra,MODIS,100,6.2,297.1,163.8,N,0
-23.3805,147.8566,309.7,1.7,1.3,2014-11-13,1232,Terra,MODIS,56,6.2,295.2,15,N,0
-23.3787,147.8733,316,1.7,1.3,2014-11-13,1232,Terra,MODIS,92,6.2,295.6,25.4,N,0
-21.8429,146.587,317.8,2,1.4,2014-11-13,1232,Terra,MODIS,96,6.2,296.4,37,N,0
-21.8405,146.5811,307.4,2,1.4,2014-11-13,1232,Terra,MODIS,71,6.2,295.8,16.7,N,0
-21.8528,146.5826,313.5,2,1.4,2014-11-13,1232,Terra,MODIS,87,6.2,296.8,27.7,N,0
-22.9565,149.8581,309.6,1.2,1.1,2014-11-13,1232,Terra,MODIS,78,6.2,293.2,11.2,N,0
-22.9579,149.8466,306.7,1.2,1.1,2014-11-13,1232,Terra,MODIS,69,6.2,292.6,8.7,N,0
-23.3344,150.1692,312.4,1.2,1.1,2014-11-13,1232,Terra,MODIS,50,6.2,292.8,13,N,0
-23.3244,150.1684,330,1.2,1.1,2014-11-13,1232,Terra,MODIS,100,6.2,292.8,37,N,0
-23.3314,150.1926,305.8,1.2,1.1,2014-11-13,1232,Terra,MODIS,17,6.2,292,8.1,N,0
-23.323,150.1798,316.9,1.2,1.1,2014-11-13,1232,Terra,MODIS,94,6.2,292.8,18.5,N,0
-23.3216,150.1911,312,1.2,1.1,2014-11-13,1232,Terra,MODIS,79,6.2,292.5,13.8,N,0
-19.8851,143.9246,305.6,2.9,1.6,2014-11-13,1233,Terra,MODIS,65,6.2,295.1,24.3,N,0
-17.3902,142.7215,307.9,3.3,1.7,2014-11-13,1233,Terra,MODIS,70,6.2,297.1,27,N,0
-17.1377,142.5477,306.6,3.4,1.7,2014-11-13,1233,Terra,MODIS,49,6.2,295.4,26.8,N,0
-17.1352,142.5214,306.7,3.4,1.7,2014-11-13,1233,Terra,MODIS,69,6.2,294.7,31.4,N,0
-17.3855,142.7264,310.5,3.3,1.7,2014-11-13,1233,Terra,MODIS,80,6.2,297,39.1,N,0
-17.3869,142.7527,308,3.3,1.7,2014-11-13,1233,Terra,MODIS,73,6.2,297.4,26.6,N,0
-13.9495,141.8205,304.6,3.5,1.8,2014-11-13,1234,Terra,MODIS,61,6.2,292,28.3,N,0
-13.9462,141.7943,302.8,3.5,1.8,2014-11-13,1234,Terra,MODIS,52,6.2,292,21.5,N,0
-14.0647,141.679,312.8,3.6,1.8,2014-11-13,1234,Terra,MODIS,86,6.2,291.2,64.5,N,0
-15.0637,145.0582,312.7,2.1,1.4,2014-11-13,1234,Terra,MODIS,85,6.2,291.9,31.3,N,0
-14.0486,141.6772,326.8,3.6,1.8,2014-11-13,1234,Terra,MODIS,100,6.2,291.2,153.7,N,0
-14.0564,141.673,328.9,3.6,1.8,2014-11-13,1234,Terra,MODIS,100,6.2,291.3,168.4,N,0
-14.0527,141.7063,337.1,3.6,1.8,2014-11-13,1234,Terra,MODIS,100,6.2,291.7,236.8,N,0
-14.0611,141.7124,324.4,3.6,1.8,2014-11-13,1234,Terra,MODIS,100,6.2,291.8,131.5,N,0
-14.0576,141.7455,302.5,3.6,1.8,2014-11-13,1234,Terra,MODIS,50,6.2,290.8,19.6,N,0
-14.0451,141.7105,313.1,3.6,1.8,2014-11-13,1234,Terra,MODIS,86,6.2,290.3,63.5,N,0
-13.9428,141.8268,302.8,3.5,1.8,2014-11-13,1234,Terra,MODIS,51,6.2,292,21.4,N,0
-15.0614,145.0778,304.8,2,1.4,2014-11-13,1234,Terra,MODIS,62,6.2,291.8,15.3,N,0
-28.1499,125.4459,300.1,1.4,1.2,2014-11-13,1409,Terra,MODIS,16,6.2,287.7,7.5,N,0
-20.6042,122.8728,311.9,1.6,1.2,2014-11-13,1411,Terra,MODIS,84,6.2,295.6,15.8,N,0
-21.2979,120.5871,309.7,2.4,1.5,2014-11-13,1411,Terra,MODIS,78,6.2,296,21.1,N,0
-20.5592,122.867,319,1.6,1.2,2014-11-13,1411,Terra,MODIS,98,6.2,295.9,27.1,N,0
-20.6722,122.7777,324.1,1.6,1.3,2014-11-13,1411,Terra,MODIS,100,6.2,297.5,39,N,0
-20.6853,122.7634,323.3,1.6,1.3,2014-11-13,1411,Terra,MODIS,100,6.2,295.9,38.4,N,0
-20.5903,122.8929,321.2,1.6,1.2,2014-11-13,1411,Terra,MODIS,100,6.2,295.8,31.5,N,0
-19.7107,131.2256,307.8,1.3,1.1,2014-11-13,1411,Terra,MODIS,73,6.2,297,7.8,N,0
-20.5911,122.8867,349,1.6,1.2,2014-11-13,1411,Terra,MODIS,100,6.2,297,113.1,N,0
-20.5929,122.8713,335.8,1.6,1.2,2014-11-13,1411,Terra,MODIS,100,6.2,296.2,66.8,N,0
-20.6023,122.8882,307.3,1.6,1.2,2014-11-13,1411,Terra,MODIS,61,6.2,295.4,9.3,N,0
-20.592,122.8775,357.4,1.6,1.2,2014-11-13,1411,Terra,MODIS,100,6.2,297,153.2,N,0
-20.4452,120.8557,349.9,2.2,1.4,2014-11-13,1411,Terra,MODIS,100,6.2,290.9,194.8,N,0
-20.4555,120.8633,352,2.2,1.4,2014-11-13,1411,Terra,MODIS,100,6.2,290.6,206.9,N,0
-20.4583,120.8572,329.5,2.2,1.4,2014-11-13,1411,Terra,MODIS,100,6.2,289,84.3,N,0
-20.4424,120.8618,354.7,2.2,1.4,2014-11-13,1411,Terra,MODIS,100,6.2,290.8,227,N,0
-19.7126,131.3234,313.8,1.3,1.2,2014-11-13,1411,Terra,MODIS,88,6.2,296.7,15.1,N,0
-20.5722,122.853,314.8,1.6,1.2,2014-11-13,1411,Terra,MODIS,90,6.2,295.7,19.7,N,0
-20.5704,122.8684,307.3,1.6,1.2,2014-11-13,1411,Terra,MODIS,57,6.2,295.6,8.5,N,0
-21.2956,120.61,314.6,2.4,1.5,2014-11-13,1411,Terra,MODIS,90,6.2,296.3,34.5,N,0
-20.6032,122.879,317.6,1.6,1.2,2014-11-13,1411,Terra,MODIS,95,6.2,295.9,25.8,N,0
-21.2879,120.6036,321.8,2.4,1.5,2014-11-13,1411,Terra,MODIS,100,6.2,296.5,59.1,N,0
-20.674,122.762,393.9,1.6,1.3,2014-11-13,1411,Terra,MODIS,100,6.2,301.5,444.9,N,0
-20.4429,120.877,341.2,2.2,1.4,2014-11-13,1411,Terra,MODIS,100,6.2,289.9,144.4,N,0
-20.456,120.8785,314.6,2.2,1.4,2014-11-13,1411,Terra,MODIS,74,6.2,289.6,38.4,N,0
-20.5574,122.8822,319.7,1.6,1.2,2014-11-13,1411,Terra,MODIS,99,6.2,295.9,28.5,N,0
-19.7147,131.3106,308.2,1.3,1.1,2014-11-13,1411,Terra,MODIS,74,6.2,296.9,8.9,N,0
-22.3478,118.2711,304.9,3.7,1.8,2014-11-13,1411,Terra,MODIS,61,6.2,293.3,30.7,N,0
-22.4289,118.1755,314.6,3.8,1.8,2014-11-13,1411,Terra,MODIS,69,6.2,292.5,75,N,0
-23.0664,118.0469,309.7,3.9,1.8,2014-11-13,1411,Terra,MODIS,78,6.2,292.9,60.6,N,0
-22.4317,118.1402,315.1,3.8,1.8,2014-11-13,1411,Terra,MODIS,76,6.2,292.6,78.2,N,0
-23.0693,118.0088,312.4,3.9,1.8,2014-11-13,1411,Terra,MODIS,85,6.2,293.1,76,N,0
-23.078,118.0412,308.2,3.9,1.8,2014-11-13,1411,Terra,MODIS,74,6.2,293.1,52,N,0
-23.0813,118.003,310.6,3.9,1.8,2014-11-13,1411,Terra,MODIS,81,6.2,293.2,65.2,N,0
-23.0614,118.0397,310.5,3.9,1.8,2014-11-13,1411,Terra,MODIS,80,6.2,292.9,63,N,0
-23.0646,118.0017,303.1,3.9,1.8,2014-11-13,1411,Terra,MODIS,34,6.2,292.9,29.5,N,0
-22.4385,118.1717,309.6,3.8,1.8,2014-11-13,1411,Terra,MODIS,50,6.2,292.9,51.9,N,0
-22.4417,118.1357,306,3.8,1.8,2014-11-13,1411,Terra,MODIS,21,6.2,292.6,36.2,N,0
-22.3569,118.2654,307.1,3.7,1.8,2014-11-13,1411,Terra,MODIS,43,6.2,293.2,37.8,N,0
-22.3954,118.0957,314.3,3.8,1.8,2014-11-13,1411,Terra,MODIS,66,6.2,292.9,72.2,N,0
-22.3984,118.0596,307.7,3.8,1.8,2014-11-13,1411,Terra,MODIS,64,6.2,292.4,45,N,0
-22.3789,118.0937,326.9,3.8,1.8,2014-11-13,1411,Terra,MODIS,100,6.2,294.2,160.4,N,0
-22.382,118.0568,310.9,3.8,1.8,2014-11-13,1411,Terra,MODIS,81,6.2,292.9,60.6,N,0
-22.3566,118.1642,306.2,3.8,1.8,2014-11-13,1411,Terra,MODIS,44,6.2,292.7,35.7,N,0
-22.364,118.2725,304.1,3.7,1.8,2014-11-13,1411,Terra,MODIS,14,6.2,292.8,25.9,N,0
-22.3729,118.0855,326.2,3.8,1.8,2014-11-13,1411,Terra,MODIS,100,6.2,293.9,157,N,0
-23.086,118.0102,312.4,3.9,1.8,2014-11-13,1411,Terra,MODIS,85,6.2,293.3,73.5,N,0
-22.4068,118.2456,301.9,3.7,1.8,2014-11-13,1411,Terra,MODIS,42,6.2,291.7,23.5,N,0
-22.3507,118.2354,305.3,3.7,1.8,2014-11-13,1411,Terra,MODIS,19,6.2,293,30,N,0
-22.3536,118.1999,311.7,3.7,1.8,2014-11-13,1411,Terra,MODIS,83,6.2,292.8,59.4,N,0
-22.3469,118.1929,314.6,3.7,1.8,2014-11-13,1411,Terra,MODIS,72,6.2,293.2,71.9,N,0
-20.9727,119.7175,309.6,2.8,1.6,2014-11-13,1411,Terra,MODIS,42,6.2,288.7,31.3,N,0
-17.656,135.2508,305.7,2.8,1.6,2014-11-13,1411,Terra,MODIS,58,6.2,294.3,15.8,N,0
-17.6232,135.1895,305.8,2.8,1.6,2014-11-13,1411,Terra,MODIS,59,6.2,294.3,16.6,N,0
-18.6421,137.9315,306.3,4.2,1.9,2014-11-13,1411,Terra,MODIS,36,6.2,294.8,30.3,N,0
-18.6396,137.9258,308.4,4.2,1.9,2014-11-13,1411,Terra,MODIS,72,6.2,294.7,42.7,N,0
-17.1893,126.2335,308.5,1,1,2014-11-13,1412,Terra,MODIS,73,6.2,295.6,5.4,N,0
-17.1906,126.224,327.7,1,1,2014-11-13,1412,Terra,MODIS,100,6.2,296.5,23.7,N,0
-15.7269,127.4597,329.5,1,1,2014-11-13,1412,Terra,MODIS,100,6.2,285.5,27.6,N,0
-16.3741,128.8658,302.9,1.1,1,2014-11-13,1412,Terra,MODIS,52,6.2,281.5,6.6,N,0
-16.8498,124.8912,311.2,1.1,1,2014-11-13,1412,Terra,MODIS,59,6.2,295.9,7,N,0
-17.2047,126.2552,317.1,1,1,2014-11-13,1412,Terra,MODIS,94,6.2,296.1,11.5,N,0
-17.2062,126.1779,307.4,1,1,2014-11-13,1412,Terra,MODIS,69,6.2,295.9,4.8,N,0
-15.7346,127.4706,321.4,1,1,2014-11-13,1412,Terra,MODIS,100,6.2,290,17.4,N,0
-17.1996,126.2254,311.2,1,1,2014-11-13,1412,Terra,MODIS,81,6.2,296,7,N,0
-17.1983,126.2349,326.6,1,1,2014-11-13,1412,Terra,MODIS,100,6.2,296.8,21.8,N,0
-15.7193,127.4488,313.3,1,1,2014-11-13,1412,Terra,MODIS,87,6.2,278.6,12.1,N,0
-15.7179,127.4583,306.8,1,1,2014-11-13,1412,Terra,MODIS,58,6.2,277.4,6.7,N,0
-16.8512,124.8809,309.2,1.1,1,2014-11-13,1412,Terra,MODIS,40,6.2,295.6,5.4,N,0
-16.8431,124.8692,309,1.1,1,2014-11-13,1412,Terra,MODIS,52,6.2,293.4,4.8,N,0
-16.3403,125.0562,306,1.1,1,2014-11-13,1412,Terra,MODIS,67,6.2,293.5,3.2,N,0
-17.2138,126.2566,312.2,1,1,2014-11-13,1412,Terra,MODIS,83,6.2,296.2,7.7,N,0
-15.7283,127.4503,314.7,1,1,2014-11-13,1412,Terra,MODIS,84,6.2,278.7,12.6,N,0
-17.2825,126.157,308.8,1,1,2014-11-13,1412,Terra,MODIS,73,6.2,296.4,5,N,0
-17.7419,129.7034,314.9,1.2,1.1,2014-11-13,1412,Terra,MODIS,89,6.2,297.3,11.5,N,0
-15.8958,130.8873,321.7,1.5,1.2,2014-11-13,1412,Terra,MODIS,100,6.2,292.4,29.7,N,0
-15.898,130.8736,311.9,1.5,1.2,2014-11-13,1412,Terra,MODIS,82,6.2,290.8,14.6,N,0
-17.3069,126.2482,319.4,1,1,2014-11-13,1412,Terra,MODIS,98,6.2,296.6,13.7,N,0
-15.1746,129.0333,305.3,1.2,1.1,2014-11-13,1412,Terra,MODIS,61,6.2,271.3,8.6,N,0
-17.74,129.6971,317.7,1.2,1.1,2014-11-13,1412,Terra,MODIS,95,6.2,297.4,15,N,0
-17.7437,129.6925,307.4,1.2,1.1,2014-11-13,1412,Terra,MODIS,30,6.2,296.9,4.8,N,0
-15.0932,128.4937,300.2,1.1,1,2014-11-13,1412,Terra,MODIS,17,6.2,274.9,4.2,N,0
-17.1216,126.7808,315,1,1,2014-11-13,1412,Terra,MODIS,89,6.2,295.3,10.3,N,0
-17.1203,126.7902,311.3,1,1,2014-11-13,1412,Terra,MODIS,79,6.2,296,7.5,N,0
-17.1293,126.7916,306.7,1,1,2014-11-13,1412,Terra,MODIS,63,6.2,296.2,4.8,N,0
-15.8987,130.8939,315.9,1.5,1.2,2014-11-13,1412,Terra,MODIS,92,6.2,291.8,20.3,N,0
-15.901,130.8801,331.6,1.5,1.2,2014-11-13,1412,Terra,MODIS,100,6.2,292.3,49.7,N,0
-17.7287,129.7064,307.9,1.2,1.1,2014-11-13,1412,Terra,MODIS,63,6.2,297,6.1,N,0
-15.9941,130.3136,311.4,1.3,1.1,2014-11-13,1412,Terra,MODIS,82,6.2,296.9,8.9,N,0
-15.1722,129.0266,301.6,1.2,1.1,2014-11-13,1412,Terra,MODIS,40,6.2,271.3,6.7,N,0
-16.3458,130.3049,308.8,1.3,1.1,2014-11-13,1412,Terra,MODIS,73,6.2,296.3,8.5,N,0
-16.3477,130.2928,312.5,1.3,1.1,2014-11-13,1412,Terra,MODIS,84,6.2,295.7,12.6,N,0
-18.2389,127.3925,316.3,1,1,2014-11-13,1412,Terra,MODIS,93,6.2,295.2,11.5,N,0
-18.2403,127.3831,309.2,1,1,2014-11-13,1412,Terra,MODIS,77,6.2,295.1,6.3,N,0
-17.0677,132.9011,312.6,1.9,1.4,2014-11-13,1412,Terra,MODIS,22,6.2,296.8,17.3,N,0
-17.1495,132.961,320.3,1.9,1.4,2014-11-13,1412,Terra,MODIS,100,6.2,297.8,37.4,N,0
-17.1526,132.943,315.1,1.9,1.4,2014-11-13,1412,Terra,MODIS,72,6.2,297.4,24.8,N,0
-17.1373,132.9587,319.3,1.9,1.4,2014-11-13,1412,Terra,MODIS,98,6.2,297.3,33.9,N,0
-17.104,132.9083,316.8,1.9,1.4,2014-11-13,1412,Terra,MODIS,68,6.2,297.5,26.6,N,0
-16.8755,132.9453,308.8,2,1.4,2014-11-13,1412,Terra,MODIS,47,6.2,296.3,13.1,N,0
-17.0487,133.0099,328.6,2,1.4,2014-11-13,1412,Terra,MODIS,100,6.2,297.9,63.4,N,0
-17.0365,133.0075,328.7,2,1.4,2014-11-13,1412,Terra,MODIS,100,6.2,297.9,64.4,N,0
-17.021,133.0234,311.9,2,1.4,2014-11-13,1412,Terra,MODIS,80,6.2,296.6,21.2,N,0
-17.0184,133.0175,313.8,2,1.4,2014-11-13,1412,Terra,MODIS,86,6.2,296.5,25.2,N,0
-17.0919,132.9059,324.5,1.9,1.4,2014-11-13,1412,Terra,MODIS,100,6.2,297.6,45.9,N,0
-17.0519,132.9916,325.6,2,1.4,2014-11-13,1412,Terra,MODIS,100,6.2,297.2,52.8,N,0
-17.0243,133.0051,317.1,2,1.4,2014-11-13,1412,Terra,MODIS,94,6.2,296.5,31.9,N,0
-16.9418,133.0217,307.1,2,1.4,2014-11-13,1412,Terra,MODIS,63,6.2,296.2,12.2,N,0
-19.5114,121.6779,307.5,1.9,1.3,2014-11-13,1412,Terra,MODIS,72,6.2,294.2,15.9,N,0
-17.083,131.7343,313.6,1.6,1.2,2014-11-13,1412,Terra,MODIS,84,6.2,294.9,18.8,N,0
-18.1295,127.1282,308.1,1,1,2014-11-13,1412,Terra,MODIS,73,6.2,296.9,4.2,N,0
-17.4168,135.2912,306.6,2.9,1.6,2014-11-13,1412,Terra,MODIS,47,6.2,293,28,N,0
-16.2386,130.267,314.5,1.3,1.1,2014-11-13,1412,Terra,MODIS,89,6.2,297.2,12.5,N,0
-16.0165,129.1415,307.1,1.1,1.1,2014-11-13,1412,Terra,MODIS,59,6.2,291,6.1,N,0
-13.4186,133.6379,303.8,2.6,1.5,2014-11-13,1413,Terra,MODIS,23,6.2,293.4,14.2,N,0
-13.4239,133.6443,303.9,2.6,1.5,2014-11-13,1413,Terra,MODIS,57,6.2,293.3,15.5,N,0
-12.8719,143.4999,314.3,1.4,1.2,2014-11-13,1538,Aqua,MODIS,89,6.2,292.5,20.2,N,0
-12.8697,143.487,311.7,1.4,1.2,2014-11-13,1538,Aqua,MODIS,83,6.2,291.7,16.9,N,0
-14.7348,144.689,311.6,1.1,1.1,2014-11-13,1539,Aqua,MODIS,83,6.2,294.1,10.6,N,0
-17.3914,142.745,308.6,1.3,1.1,2014-11-13,1539,Aqua,MODIS,73,6.2,296.7,8.8,N,0
-17.3935,142.7575,306.9,1.3,1.1,2014-11-13,1539,Aqua,MODIS,61,6.2,296.8,6.8,N,0
-14.0523,141.6854,305.1,1.8,1.3,2014-11-13,1539,Aqua,MODIS,63,6.2,293.9,12,N,0
-14.0556,141.7428,312.2,1.8,1.3,2014-11-13,1539,Aqua,MODIS,84,6.2,293.9,21.4,N,0
-15.0609,145.0592,309,1.1,1,2014-11-13,1539,Aqua,MODIS,70,6.2,290.5,11.3,N,0
-14.0529,141.7263,324.3,1.8,1.3,2014-11-13,1539,Aqua,MODIS,100,6.2,294.6,46.8,N,0
-14.0501,141.7098,312,1.8,1.3,2014-11-13,1539,Aqua,MODIS,84,6.2,294.3,21.6,N,0
-14.0552,141.702,314.2,1.8,1.3,2014-11-13,1539,Aqua,MODIS,89,6.2,294.4,26.4,N,0
-14.058,141.7185,332.8,1.8,1.3,2014-11-13,1539,Aqua,MODIS,100,6.2,295.4,72.1,N,0
-14.0609,141.735,314.9,1.8,1.3,2014-11-13,1539,Aqua,MODIS,90,6.2,294.2,27.2,N,0
-14.0669,141.6999,311.3,1.8,1.3,2014-11-13,1539,Aqua,MODIS,82,6.2,294.4,20.7,N,0
-15.2606,144.9733,303.8,1.1,1,2014-11-13,1539,Aqua,MODIS,34,6.2,290.2,7.3,N,0
-18.6694,137.9362,306.7,2.8,1.6,2014-11-13,1540,Aqua,MODIS,39,6.2,294.9,20.3,N,0
-21.1687,140.4074,309.4,1.6,1.3,2014-11-13,1540,Aqua,MODIS,76,6.2,297.1,14.4,N,0
-18.6551,137.9392,317.3,2.8,1.6,2014-11-13,1540,Aqua,MODIS,94,6.2,295.5,54.7,N,0
-21.1547,140.394,311.9,1.6,1.3,2014-11-13,1540,Aqua,MODIS,83,6.2,297.4,17.3,N,0
-18.6216,137.9194,305.5,2.8,1.6,2014-11-13,1540,Aqua,MODIS,9,6.2,294.7,16.3,N,0
-18.6327,137.9221,307.2,2.8,1.6,2014-11-13,1540,Aqua,MODIS,8,6.2,294.8,20,N,0
-19.8759,143.9552,302.8,1.1,1,2014-11-13,1540,Aqua,MODIS,14,6.2,292.7,4.6,N,0
-17.3974,135.3354,306.4,4.6,2,2014-11-13,1540,Aqua,MODIS,65,6.2,292.4,47.4,N,0
-17.3982,135.3305,306.8,4.6,2,2014-11-13,1540,Aqua,MODIS,66,6.2,292.4,52.4,N,0
-24.86,148.6929,319.2,1.4,1.2,2014-11-13,1541,Aqua,MODIS,98,6.2,293.5,24.6,N,0
-24.8322,147.8727,335.2,1.2,1.1,2014-11-13,1541,Aqua,MODIS,95,6.2,295,45,N,0
-24.7993,147.8578,313.1,1.2,1.1,2014-11-13,1541,Aqua,MODIS,37,6.2,291.8,14.6,N,0
-24.8208,147.8672,327,1.2,1.1,2014-11-13,1541,Aqua,MODIS,86,6.2,293.2,32,N,0
-24.8108,147.8684,341.8,1.2,1.1,2014-11-13,1541,Aqua,MODIS,100,6.2,294.4,61.2,N,0
-24.8222,147.8739,323,1.2,1.1,2014-11-13,1541,Aqua,MODIS,51,6.2,292.9,23.3,N,0
-24.8094,147.8567,314,1.2,1.1,2014-11-13,1541,Aqua,MODIS,63,6.2,291.7,15.8,N,0
-23.3791,147.872,313.4,1.2,1.1,2014-11-13,1541,Aqua,MODIS,87,6.2,293.1,14.6,N,0
-23.3693,147.8734,302.8,1.2,1.1,2014-11-13,1541,Aqua,MODIS,24,6.2,292.2,5.5,N,0
-24.9713,148.0996,308.1,1.3,1.1,2014-11-13,1541,Aqua,MODIS,34,6.2,291.9,10.5,N,0
-24.8009,147.8699,324.6,1.2,1.1,2014-11-13,1541,Aqua,MODIS,98,6.2,293.3,28.6,N,0
-24.9759,148.1374,341.2,1.3,1.1,2014-11-13,1541,Aqua,MODIS,100,6.2,295.5,63.3,N,0
-24.9512,148.6879,310.6,1.4,1.2,2014-11-13,1541,Aqua,MODIS,34,6.2,293.8,11.8,N,0
-24.8511,148.708,305.2,1.4,1.2,2014-11-13,1541,Aqua,MODIS,33,6.2,292.8,8.2,N,0
-24.8337,147.8851,320.5,1.2,1.1,2014-11-13,1541,Aqua,MODIS,61,6.2,293,20.6,N,0
-24.8575,147.9956,319.3,1.3,1.1,2014-11-13,1541,Aqua,MODIS,44,6.2,292.1,20,N,0
-24.9076,148.6447,307.9,1.4,1.2,2014-11-13,1541,Aqua,MODIS,66,6.2,292.6,11.2,N,0
-24.948,148.6609,321.1,1.4,1.2,2014-11-13,1541,Aqua,MODIS,97,6.2,294.3,26.9,N,0
-24.9198,148.6568,315.8,1.4,1.2,2014-11-13,1541,Aqua,MODIS,83,6.2,293.9,19.4,N,0
-24.9093,148.6583,320.8,1.4,1.2,2014-11-13,1541,Aqua,MODIS,100,6.2,294.4,27.9,N,0
-24.9375,148.6625,319.2,1.4,1.2,2014-11-13,1541,Aqua,MODIS,98,6.2,294.6,24,N,0
-24.9149,148.6519,320.6,1.4,1.2,2014-11-13,1541,Aqua,MODIS,68,6.2,293.7,25.7,N,0
-24.9165,148.6655,319,1.4,1.2,2014-11-13,1541,Aqua,MODIS,68,6.2,294.6,22.5,N,0
-24.9214,148.6703,310.3,1.4,1.2,2014-11-13,1541,Aqua,MODIS,51,6.2,293.9,11.9,N,0
-24.8429,148.0407,320.3,1.3,1.1,2014-11-13,1541,Aqua,MODIS,16,6.2,290.8,20.9,N,0
-24.9397,148.1613,310.6,1.3,1.1,2014-11-13,1541,Aqua,MODIS,42,6.2,289.8,13.1,N,0
-24.7832,147.6525,306.3,1.2,1.1,2014-11-13,1541,Aqua,MODIS,64,6.2,293.1,7.6,N,0
-24.7718,147.6417,303.5,1.2,1.1,2014-11-13,1541,Aqua,MODIS,26,6.2,292.4,5,N,0
-24.9109,148.6719,305.2,1.4,1.2,2014-11-13,1541,Aqua,MODIS,24,6.2,293.4,7.2,N,0
-24.6927,148.0582,302.7,1.3,1.1,2014-11-13,1541,Aqua,MODIS,28,6.2,291.9,6.1,N,0
-24.9743,148.1243,330.4,1.3,1.1,2014-11-13,1541,Aqua,MODIS,100,6.2,292.6,38.9,N,0
-24.9195,148.1646,310.5,1.3,1.1,2014-11-13,1541,Aqua,MODIS,49,6.2,290.5,13.2,N,0
-24.6911,148.0453,306,1.3,1.1,2014-11-13,1541,Aqua,MODIS,66,6.2,291.5,8.9,N,0
-24.6825,148.0585,310.7,1.3,1.1,2014-11-13,1541,Aqua,MODIS,73,6.2,291,13.3,N,0
-24.6809,148.0457,318.7,1.3,1.1,2014-11-13,1541,Aqua,MODIS,97,6.2,291.1,22.6,N,0
-24.9092,148.1658,306.9,1.3,1.1,2014-11-13,1541,Aqua,MODIS,46,6.2,289.7,10.1,N,0
-24.872,148.0305,320.2,1.3,1.1,2014-11-13,1541,Aqua,MODIS,66,6.2,291.8,23.5,N,0
-24.9727,148.1115,324,1.3,1.1,2014-11-13,1541,Aqua,MODIS,100,6.2,293.1,29.1,N,0
-24.8589,148.0071,331.8,1.3,1.1,2014-11-13,1541,Aqua,MODIS,99,6.2,293.4,38.5,N,0
-24.9844,148.1228,323.9,1.3,1.1,2014-11-13,1541,Aqua,MODIS,91,6.2,292.4,28.4,N,0
-24.9829,148.1103,325.2,1.3,1.1,2014-11-13,1541,Aqua,MODIS,92,6.2,292.9,30.7,N,0
-23.3246,150.1902,300.9,1.6,1.3,2014-11-13,1541,Aqua,MODIS,33,6.2,290.5,9.4,N,0
-23.3227,150.1729,303.7,1.6,1.3,2014-11-13,1541,Aqua,MODIS,56,6.2,290.2,12.1,N,0
-14.9227,132.0061,301.2,3.9,1.8,2014-11-13,1717,Aqua,MODIS,38,6.2,288.2,24,N,0
-15.7045,127.4688,324.9,1.8,1.3,2014-11-13,1717,Aqua,MODIS,100,6.2,292.6,47.6,N,0
-15.7104,127.4612,325.4,1.8,1.3,2014-11-13,1717,Aqua,MODIS,100,6.2,293.1,48.9,N,0
-15.7124,127.478,311.5,1.8,1.3,2014-11-13,1717,Aqua,MODIS,33,6.2,292.8,18.1,N,0
-18.1252,127.1339,311.7,1.8,1.3,2014-11-13,1718,Aqua,MODIS,83,6.2,293.5,20.5,N,0
-18.1313,127.1281,307.9,1.8,1.3,2014-11-13,1718,Aqua,MODIS,68,6.2,293.9,15.6,N,0
-20.9411,119.7571,313.6,1,1,2014-11-13,1719,Aqua,MODIS,86,6.2,296.1,9.7,N,0
-20.9457,119.7261,331.1,1,1,2014-11-13,1719,Aqua,MODIS,100,6.2,295.1,27.3,N,0
-20.9472,119.7359,326,1,1,2014-11-13,1719,Aqua,MODIS,100,6.2,294.3,21.1,N,0
-20.9518,119.7048,344.8,1,1,2014-11-13,1719,Aqua,MODIS,100,6.2,300.2,49.1,N,0
-20.9533,119.7147,340.4,1,1,2014-11-13,1719,Aqua,MODIS,100,6.2,300.2,40.3,N,0
-20.9548,119.7245,348.1,1,1,2014-11-13,1719,Aqua,MODIS,100,6.2,299.9,55.7,N,0
-20.9609,119.7032,408.7,1,1,2014-11-13,1719,Aqua,MODIS,100,6.2,306.8,318.2,N,0
-20.9624,119.7131,401.6,1,1,2014-11-13,1719,Aqua,MODIS,100,6.2,313.5,269.2,N,0
-20.9639,119.723,318.1,1,1,2014-11-13,1719,Aqua,MODIS,61,6.2,299.4,11.3,N,0
-20.9683,119.6962,308.8,1,1,2014-11-13,1719,Aqua,MODIS,63,6.2,295.5,5.4,N,0
-20.9698,119.7061,352.7,1,1,2014-11-13,1719,Aqua,MODIS,100,6.2,300.9,67.7,N,0
-20.9714,119.716,351.2,1,1,2014-11-13,1719,Aqua,MODIS,100,6.2,303.7,64.1,N,0
-20.9805,119.7144,311.4,1,1,2014-11-13,1719,Aqua,MODIS,71,6.2,298,7.2,N,0
-21.8621,120.8026,311.5,1,1,2014-11-13,1719,Aqua,MODIS,83,6.2,294.1,8.4,N,0
-21.8607,120.793,308.4,1,1,2014-11-13,1719,Aqua,MODIS,46,6.2,294.1,6.1,N,0
-21.8593,120.7833,312.3,1,1,2014-11-13,1719,Aqua,MODIS,85,6.2,294.9,9.1,N,0
-21.8707,120.7954,304.8,1,1,2014-11-13,1719,Aqua,MODIS,62,6.2,293.4,4.6,N,0
-21.8693,120.7858,309,1,1,2014-11-13,1719,Aqua,MODIS,76,6.2,294,7.3,N,0
-21.8678,120.7761,315.7,1,1,2014-11-13,1719,Aqua,MODIS,92,6.2,293.9,12.3,N,0
-20.897,122.8958,311.5,1.1,1,2014-11-13,1719,Aqua,MODIS,33,6.2,290.7,10.7,N,0
-20.8876,122.8972,324.5,1.1,1,2014-11-13,1719,Aqua,MODIS,100,6.2,290.8,24.9,N,0
-20.889,122.9078,307.8,1.1,1,2014-11-13,1719,Aqua,MODIS,70,6.2,292.8,8.5,N,0
-20.8942,122.8748,302.7,1.1,1,2014-11-13,1719,Aqua,MODIS,23,6.2,281.1,6.1,N,0
-20.5967,122.8906,308.1,1.1,1,2014-11-13,1719,Aqua,MODIS,38,6.2,293.7,9.5,N,0
-20.8956,122.8853,318.2,1.1,1,2014-11-13,1719,Aqua,MODIS,96,6.2,286.5,17.8,N,0
-20.6763,122.7602,302.2,1.1,1,2014-11-13,1719,Aqua,MODIS,36,6.2,289,6,N,0
-20.9051,122.8839,313.4,1.1,1,2014-11-13,1719,Aqua,MODIS,87,6.2,287.5,13.2,N,0
-21.8503,120.7848,325,1,1,2014-11-13,1719,Aqua,MODIS,100,6.2,295,20.5,N,0
-21.8488,120.7752,319.1,1,1,2014-11-13,1719,Aqua,MODIS,98,6.2,294.1,14.8,N,0
-22.4099,118.2605,312.7,1.1,1.1,2014-11-13,1720,Aqua,MODIS,85,6.2,290.8,14.2,N,0
-22.3711,118.1728,314.1,1.1,1.1,2014-11-13,1720,Aqua,MODIS,89,6.2,290.7,15.1,N,0
-22.3815,118.0868,325.6,1.1,1.1,2014-11-13,1720,Aqua,MODIS,100,6.2,293.2,26.6,N,0
-23.0756,118.0244,305.6,1.1,1.1,2014-11-13,1720,Aqua,MODIS,64,6.2,291.7,7.2,N,0
-23.0678,118.0371,320.9,1.1,1.1,2014-11-13,1720,Aqua,MODIS,100,6.2,292,20.7,N,0
-23.085,118.0226,314.3,1.1,1.1,2014-11-13,1720,Aqua,MODIS,63,6.2,292.3,13.7,N,0
-23.0773,118.0353,310,1.1,1.1,2014-11-13,1720,Aqua,MODIS,77,6.2,291.5,10.3,N,0
-22.3584,118.2756,304.3,1.1,1.1,2014-11-13,1720,Aqua,MODIS,59,6.2,291.1,6.2,N,0
-22.4278,118.1904,305.9,1.1,1.1,2014-11-13,1720,Aqua,MODIS,66,6.2,291,8.4,N,0
-22.4261,118.1796,301.3,1.1,1.1,2014-11-13,1720,Aqua,MODIS,20,6.2,290.2,4.7,N,0
-22.3694,118.1619,302.5,1.1,1.1,2014-11-13,1720,Aqua,MODIS,47,6.2,290.2,5.7,N,0
-22.3444,118.1891,305.3,1.1,1.1,2014-11-13,1720,Aqua,MODIS,64,6.2,291.8,7.1,N,0
-22.3359,118.2575,301.9,1.1,1.1,2014-11-13,1720,Aqua,MODIS,26,6.2,291.8,4.6,N,0
-22.4303,118.1453,305.3,1.1,1.1,2014-11-13,1720,Aqua,MODIS,62,6.2,291.3,7.5,N,0
-22.432,118.1561,304.9,1.1,1.1,2014-11-13,1720,Aqua,MODIS,44,6.2,290.7,6.9,N,0
-22.4338,118.167,313.7,1.1,1.1,2014-11-13,1720,Aqua,MODIS,74,6.2,290.7,13.5,N,0
-22.4356,118.1779,311.6,1.1,1.1,2014-11-13,1720,Aqua,MODIS,67,6.2,291.7,11.9,N,0
-22.4268,118.1239,328,1.1,1.1,2014-11-13,1720,Aqua,MODIS,100,6.2,292.4,31.1,N,0
-22.4286,118.1346,315.2,1.1,1.1,2014-11-13,1720,Aqua,MODIS,91,6.2,291.6,15.7,N,0
-22.4251,118.1129,325.4,1.1,1.1,2014-11-13,1720,Aqua,MODIS,100,6.2,292.6,28,N,0
-22.4155,118.1143,313.1,1.1,1.1,2014-11-13,1720,Aqua,MODIS,86,6.2,291.5,13.8,N,0
-22.4137,118.1034,328,1.1,1.1,2014-11-13,1720,Aqua,MODIS,100,6.2,292.6,31,N,0
-22.4024,118.0944,311.4,1.1,1.1,2014-11-13,1720,Aqua,MODIS,34,6.2,291.3,11.1,N,0
-22.3616,118.1747,311.3,1.1,1.1,2014-11-13,1720,Aqua,MODIS,72,6.2,291.8,11.8,N,0
-29.0709,149.2403,326.7,4.1,1.9,2014-11-13,2329,Terra,MODIS,77,6.2,305.4,68.6,D,0
-30.1301,152.1547,317.8,2.5,1.5,2014-11-13,2329,Terra,MODIS,42,6.2,297.9,34.1,D,0
-29.0592,149.2075,331.1,4.1,1.9,2014-11-13,2329,Terra,MODIS,81,6.2,305.8,108.1,D,0
-30.1379,152.1595,323,2.5,1.5,2014-11-13,2329,Terra,MODIS,71,6.2,297.9,53.8,D,0
-29.0758,149.2023,324.7,4.1,1.9,2014-11-13,2329,Terra,MODIS,74,6.2,305.6,50.2,D,0
-29.0609,149.199,331.1,4.1,1.9,2014-11-13,2329,Terra,MODIS,81,6.2,305.8,109.4,D,0
-28.3387,148.9202,326.4,4.5,1.9,2014-11-13,2329,Terra,MODIS,76,6.2,305.1,87.8,D,0
-28.3384,148.9145,326.9,4.5,1.9,2014-11-13,2329,Terra,MODIS,76,6.2,305.3,93.2,D,0
-11.0056,142.5878,318.8,1.2,1.1,2014-11-14,0102,Terra,MODIS,44,6.2,297.6,13.4,D,0
-13.9488,141.8208,336.5,1.1,1.1,2014-11-14,0103,Terra,MODIS,73,6.2,310,22.4,D,0
-13.9913,141.7454,327.5,1.1,1.1,2014-11-14,0103,Terra,MODIS,52,6.2,307.6,7.3,D,0
-14.6794,144.515,337,1.7,1.3,2014-11-14,0103,Terra,MODIS,81,6.2,300.9,56.2,D,0
-14.2457,136.9115,335.3,1.2,1.1,2014-11-14,0103,Terra,MODIS,57,6.2,306.4,21.2,D,0
-13.9473,141.8104,344.9,1.1,1.1,2014-11-14,0103,Terra,MODIS,90,6.2,310.4,38,D,0
-13.8892,141.8824,330.9,1.1,1.1,2014-11-14,0103,Terra,MODIS,76,6.2,305.6,17.2,D,0
-13.8877,141.8719,325.9,1.1,1.1,2014-11-14,0103,Terra,MODIS,30,6.2,307,8.4,D,0
-13.0474,136.2187,344.1,1.3,1.1,2014-11-14,0103,Terra,MODIS,90,6.2,302.6,61.2,D,0
-14.0109,141.8168,332.7,1.1,1.1,2014-11-14,0103,Terra,MODIS,60,6.2,309.8,15.4,D,0
-14.6782,144.525,322.5,1.7,1.3,2014-11-14,0103,Terra,MODIS,40,6.2,301.2,23.5,D,0
-13.9618,141.8131,332.9,1.1,1.1,2014-11-14,0103,Terra,MODIS,47,6.2,309.5,16.5,D,0
-13.9699,141.8013,332.2,1.1,1.1,2014-11-14,0103,Terra,MODIS,53,6.2,310.3,15.7,D,0
-13.9604,141.8027,332.7,1.1,1.1,2014-11-14,0103,Terra,MODIS,51,6.2,309.6,14.9,D,0
-13.9522,141.8144,350.6,1.1,1.1,2014-11-14,0103,Terra,MODIS,94,6.2,311,54.2,D,0
-13.9713,141.8117,335.2,1.1,1.1,2014-11-14,0103,Terra,MODIS,71,6.2,309.1,21.7,D,0
-14.0095,141.8064,330.6,1.1,1.1,2014-11-14,0103,Terra,MODIS,46,6.2,310.4,11.3,D,0
-14.0876,141.7782,341.9,1.1,1.1,2014-11-14,0103,Terra,MODIS,88,6.2,308.9,35.2,D,0
-12.3428,136.4229,328.5,1.3,1.1,2014-11-14,0103,Terra,MODIS,44,6.2,301.8,19.8,D,0
-14.6763,144.5095,323.6,1.7,1.3,2014-11-14,0103,Terra,MODIS,54,6.2,297.9,23.7,D,0
-13.5074,134.5475,330.9,1.7,1.3,2014-11-14,0103,Terra,MODIS,70,6.2,301.9,39.5,D,0
-14.0775,141.7056,328.9,1.1,1.1,2014-11-14,0103,Terra,MODIS,56,6.2,306.5,13.2,D,0
-14.0666,141.6966,351.6,1.1,1.1,2014-11-14,0103,Terra,MODIS,95,6.2,309.7,55.2,D,0
-14.068,141.7069,355.4,1.1,1.1,2014-11-14,0103,Terra,MODIS,97,6.2,308.5,66.2,D,0
-14.0695,141.7173,347.9,1.1,1.1,2014-11-14,0103,Terra,MODIS,92,6.2,304.9,47.8,D,0
-14.0747,141.685,350.4,1.1,1.1,2014-11-14,0103,Terra,MODIS,94,6.2,306.7,54,D,0
-14.0466,141.7628,341.1,1.1,1.1,2014-11-14,0103,Terra,MODIS,87,6.2,310,29.5,D,0
-13.9875,141.7882,371.1,1.1,1.1,2014-11-14,0103,Terra,MODIS,100,6.2,313.1,117.6,D,0
-14.0732,141.6747,338.1,1.1,1.1,2014-11-14,0103,Terra,MODIS,83,6.2,306.7,28.2,D,0
-13.9861,141.7778,335.8,1.1,1.1,2014-11-14,0103,Terra,MODIS,80,6.2,309.3,17.5,D,0
-12.3448,136.4351,328.1,1.3,1.1,2014-11-14,0103,Terra,MODIS,57,6.2,300.6,19.2,D,0
-12.5115,142.9238,319,1.2,1.1,2014-11-14,0103,Terra,MODIS,43,6.2,294.6,14.7,D,0
-14.7209,142.5357,330.9,1.3,1.1,2014-11-14,0103,Terra,MODIS,40,6.2,307.2,19.7,D,0
-14.0657,141.7601,335.4,1.1,1.1,2014-11-14,0103,Terra,MODIS,59,6.2,307.4,21,D,0
-13.9927,141.7557,333.3,1.1,1.1,2014-11-14,0103,Terra,MODIS,78,6.2,307.9,15.3,D,0
-14.9087,143.1869,333.9,1.4,1.2,2014-11-14,0103,Terra,MODIS,70,6.2,307.2,31.5,D,0
-14.7589,142.5899,337,1.3,1.1,2014-11-14,0103,Terra,MODIS,71,6.2,310.9,31.1,D,0
-12.3953,142.969,316.2,1.3,1.1,2014-11-14,0103,Terra,MODIS,31,6.2,294.4,12.3,D,0
-12.8494,142.4058,326.4,1.2,1.1,2014-11-14,0103,Terra,MODIS,43,6.2,299,16.2,D,0
-14.0685,141.7809,336.4,1.1,1.1,2014-11-14,0103,Terra,MODIS,80,6.2,309.1,21,D,0
-14.0671,141.7705,341,1.1,1.1,2014-11-14,0103,Terra,MODIS,86,6.2,308.7,30.4,D,0
-14.7317,142.4636,357.5,1.2,1.1,2014-11-14,0103,Terra,MODIS,98,6.2,303.3,90.7,D,0
-14.731,142.5344,339.8,1.3,1.1,2014-11-14,0103,Terra,MODIS,87,6.2,311.3,37.5,D,0
-12.3023,142.8844,323.4,1.2,1.1,2014-11-14,0103,Terra,MODIS,76,6.2,297.3,21.6,D,0
-14.0643,141.7497,333.4,1.1,1.1,2014-11-14,0103,Terra,MODIS,44,6.2,306.4,18,D,0
-12.3038,142.8956,318,1.2,1.1,2014-11-14,0103,Terra,MODIS,57,6.2,297.8,14,D,0
-14.0614,141.729,357.9,1.1,1.1,2014-11-14,0103,Terra,MODIS,98,6.2,307,73.5,D,0
-14.06,141.7186,353.2,1.1,1.1,2014-11-14,0103,Terra,MODIS,96,6.2,307,58.4,D,0
-14.0557,141.6877,341,1.1,1.1,2014-11-14,0103,Terra,MODIS,87,6.2,309.3,28.4,D,0
-13.7786,136.8743,331.1,1.2,1.1,2014-11-14,0103,Terra,MODIS,61,6.2,305.1,17.4,D,0
-12.5461,142.8779,328.1,1.2,1.1,2014-11-14,0103,Terra,MODIS,78,6.2,296.8,24.5,D,0
-13.8416,134.131,335.5,1.8,1.3,2014-11-14,0103,Terra,MODIS,76,6.2,304,42.8,D,0
-13.2345,132.3707,323.4,2.5,1.5,2014-11-14,0103,Terra,MODIS,60,6.2,297.2,40.1,D,0
-12.7296,143.178,321.4,1.3,1.1,2014-11-14,0103,Terra,MODIS,66,6.2,297.2,20.9,D,0
-14.0478,134.8125,332.7,1.6,1.2,2014-11-14,0103,Terra,MODIS,63,6.2,300.3,39.9,D,0
-13.9371,135.0524,330.2,1.6,1.2,2014-11-14,0103,Terra,MODIS,52,6.2,303.1,27.6,D,0
-13.9348,135.0383,337.3,1.6,1.2,2014-11-14,0103,Terra,MODIS,84,6.2,304.4,44.7,D,0
-12.0639,142.344,321.6,1.1,1.1,2014-11-14,0103,Terra,MODIS,60,6.2,299.3,11.6,D,0
-13.9377,135.0456,339,1.6,1.2,2014-11-14,0103,Terra,MODIS,86,6.2,306.4,53.6,D,0
-12.3069,142.9183,329.5,1.2,1.1,2014-11-14,0103,Terra,MODIS,82,6.2,297.2,28.3,D,0
-13.8444,134.1474,340.9,1.8,1.3,2014-11-14,0103,Terra,MODIS,87,6.2,306.2,64.3,D,0
-12.8753,143.4999,331.6,1.4,1.2,2014-11-14,0103,Terra,MODIS,83,6.2,297,36.2,D,0
-12.8736,143.4875,338.5,1.4,1.2,2014-11-14,0103,Terra,MODIS,83,6.2,298.6,51.4,D,0
-13.4702,133.7183,336.6,2,1.4,2014-11-14,0103,Terra,MODIS,84,6.2,303.1,70.3,D,0
-11.9811,135.6948,322.1,1.5,1.2,2014-11-14,0103,Terra,MODIS,27,6.2,299.9,15.1,D,0
-11.9789,135.6811,329.3,1.5,1.2,2014-11-14,0103,Terra,MODIS,82,6.2,299,30.8,D,0
-11.9703,135.6967,327.8,1.5,1.2,2014-11-14,0103,Terra,MODIS,70,6.2,296.7,26.8,D,0
-12.3054,142.9071,330.7,1.2,1.1,2014-11-14,0103,Terra,MODIS,83,6.2,297.5,31.1,D,0
-17.596,135.2058,352,1.3,1.1,2014-11-14,0104,Terra,MODIS,94,6.2,312.6,69.3,D,0
-17.594,135.1935,334.3,1.3,1.1,2014-11-14,0104,Terra,MODIS,70,6.2,314.3,20.4,D,0
-17.6369,135.1986,345.4,1.3,1.1,2014-11-14,0104,Terra,MODIS,88,6.2,315.5,46.1,D,0
-18.1344,143.6703,328.2,1.7,1.3,2014-11-14,0104,Terra,MODIS,58,6.2,312.2,14.1,D,0
-17.5735,135.1971,331.6,1.3,1.1,2014-11-14,0104,Terra,MODIS,52,6.2,313.3,14.6,D,0
-18.1453,143.678,332.8,1.7,1.3,2014-11-14,0104,Terra,MODIS,76,6.2,311.7,30.9,D,0
-17.6456,135.2031,334.5,1.3,1.1,2014-11-14,0104,Terra,MODIS,54,6.2,314.2,18.6,D,0
-17.6389,135.2109,331.7,1.3,1.1,2014-11-14,0104,Terra,MODIS,29,6.2,313,14.1,D,0
-17.5837,135.1953,336.3,1.3,1.1,2014-11-14,0104,Terra,MODIS,67,6.2,314,23.6,D,0
-17.6559,135.2013,340.5,1.3,1.1,2014-11-14,0104,Terra,MODIS,82,6.2,313.2,31.1,D,0
-17.6267,135.2004,331.1,1.3,1.1,2014-11-14,0104,Terra,MODIS,25,6.2,313.1,12.7,D,0
-17.5858,135.2076,343.4,1.3,1.1,2014-11-14,0104,Terra,MODIS,86,6.2,311.8,42,D,0
-18.0072,143.6616,335,1.6,1.3,2014-11-14,0104,Terra,MODIS,74,6.2,314.5,30.9,D,0
-16.2612,136.1921,336.5,1.2,1.1,2014-11-14,0104,Terra,MODIS,54,6.2,308,23.9,D,0
-16.3032,132.6842,338.4,2.1,1.4,2014-11-14,0104,Terra,MODIS,77,6.2,309.3,62,D,0
-16.2906,132.6865,333.7,2.1,1.4,2014-11-14,0104,Terra,MODIS,57,6.2,308.3,45.3,D,0
-16.3193,132.6943,347.5,2.1,1.4,2014-11-14,0104,Terra,MODIS,92,6.2,309.2,109.2,D,0
-16.3067,132.6966,344.4,2.1,1.4,2014-11-14,0104,Terra,MODIS,89,6.2,308.4,94.3,D,0
-16.3065,132.7034,332,2.1,1.4,2014-11-14,0104,Terra,MODIS,52,6.2,307.6,38.3,D,0
-17.6768,135.3797,336.2,1.3,1.1,2014-11-14,0104,Terra,MODIS,75,6.2,314.4,21.6,D,0
-16.7372,133.9496,339.3,1.7,1.3,2014-11-14,0104,Terra,MODIS,67,6.2,310,45.4,D,0
-17.0031,137.2522,333.8,1.1,1,2014-11-14,0104,Terra,MODIS,57,6.2,311,14.8,D,0
-17.0125,133.4796,329.9,1.8,1.3,2014-11-14,0104,Terra,MODIS,31,6.2,310.7,16.1,D,0
-17.0694,143.0869,339.1,1.5,1.2,2014-11-14,0104,Terra,MODIS,79,6.2,313.5,32.9,D,0
-17.0329,133.4587,332.6,1.8,1.3,2014-11-14,0104,Terra,MODIS,53,6.2,309.2,27.4,D,0
-17.1102,142.6838,331.5,1.4,1.2,2014-11-14,0104,Terra,MODIS,51,6.2,314.8,9.9,D,0
-17.7679,142.4865,344.4,1.4,1.2,2014-11-14,0104,Terra,MODIS,88,6.2,316.3,45.2,D,0
-17.7783,142.4851,336.9,1.4,1.2,2014-11-14,0104,Terra,MODIS,79,6.2,316.4,25.2,D,0
-16.9131,133.9675,330.9,1.6,1.3,2014-11-14,0104,Terra,MODIS,63,6.2,309.9,22.2,D,0
-16.8512,137.5825,344.7,1,1,2014-11-14,0104,Terra,MODIS,89,6.2,313,33.1,D,0
-16.9244,133.9654,334.4,1.6,1.3,2014-11-14,0104,Terra,MODIS,73,6.2,309,33.5,D,0
-16.927,133.9806,330.3,1.6,1.3,2014-11-14,0104,Terra,MODIS,60,6.2,308.7,22.7,D,0
-16.9356,133.9634,356.5,1.6,1.3,2014-11-14,0104,Terra,MODIS,97,6.2,309.3,122.3,D,0
-16.9382,133.9786,345.2,1.6,1.3,2014-11-14,0104,Terra,MODIS,88,6.2,310.1,72.3,D,0
-16.8772,134.2273,342.6,1.6,1.2,2014-11-14,0104,Terra,MODIS,85,6.2,313.4,52.2,D,0
-17.1585,132.9805,337.4,1.9,1.3,2014-11-14,0104,Terra,MODIS,57,6.2,309.4,49.3,D,0
-17.1706,132.9781,343.1,1.9,1.3,2014-11-14,0104,Terra,MODIS,84,6.2,311.1,72.9,D,0
-17.1624,132.9737,337.5,1.9,1.3,2014-11-14,0104,Terra,MODIS,57,6.2,311.4,48.7,D,0
-17.0666,132.8867,339.4,1.9,1.4,2014-11-14,0104,Terra,MODIS,79,6.2,312.8,47,D,0
-16.8569,134.1091,333.2,1.6,1.2,2014-11-14,0104,Terra,MODIS,68,6.2,312.1,19.1,D,0
-16.8681,134.1071,337.6,1.6,1.2,2014-11-14,0104,Terra,MODIS,79,6.2,311,33.4,D,0
-16.9837,131.9926,331.5,2.3,1.5,2014-11-14,0104,Terra,MODIS,66,6.2,303.2,36.6,D,0
-16.9805,131.987,329.6,2.3,1.5,2014-11-14,0104,Terra,MODIS,54,6.2,302.1,28.5,D,0
-17.1073,131.9552,331.4,2.3,1.5,2014-11-14,0104,Terra,MODIS,70,6.2,304.8,38.4,D,0
-16.9442,132.8094,378.6,2,1.4,2014-11-14,0104,Terra,MODIS,100,6.2,308.8,346.7,D,0
-16.9629,132.8439,383.2,2,1.4,2014-11-14,0104,Terra,MODIS,100,6.2,313.9,390.7,D,0
-16.9752,132.8415,337.8,2,1.4,2014-11-14,0104,Terra,MODIS,38,6.2,308.4,54.1,D,0
-16.9465,132.8031,339.1,2,1.4,2014-11-14,0104,Terra,MODIS,68,6.2,306.2,59.8,D,0
-16.9499,132.8215,338.3,2,1.4,2014-11-14,0104,Terra,MODIS,57,6.2,307.9,54.4,D,0
-16.9655,132.8375,374,2,1.4,2014-11-14,0104,Terra,MODIS,100,6.2,312.4,296.7,D,0
-16.9688,132.8558,355.3,2,1.4,2014-11-14,0104,Terra,MODIS,97,6.2,312.6,140.1,D,0
-16.9933,132.8512,364.7,2,1.4,2014-11-14,0104,Terra,MODIS,100,6.2,310.9,216.4,D,0
-16.4644,132.7005,329,2.1,1.4,2014-11-14,0104,Terra,MODIS,30,6.2,307.8,24.6,D,0
-16.4735,132.679,342.3,2.1,1.4,2014-11-14,0104,Terra,MODIS,87,6.2,310.7,79,D,0
-16.4769,132.6981,337.4,2.1,1.4,2014-11-14,0104,Terra,MODIS,82,6.2,308,57.6,D,0
-16.4861,132.6765,365.1,2.1,1.4,2014-11-14,0104,Terra,MODIS,100,6.2,312,234.1,D,0
-16.4894,132.6958,370.6,2.1,1.4,2014-11-14,0104,Terra,MODIS,100,6.2,310.1,285.6,D,0
-16.4648,132.6936,332.6,2.1,1.4,2014-11-14,0104,Terra,MODIS,64,6.2,308.7,38.7,D,0
-16.4738,132.6721,332.3,2.1,1.4,2014-11-14,0104,Terra,MODIS,74,6.2,310.6,33.8,D,0
-16.4773,132.6911,345.3,2.1,1.4,2014-11-14,0104,Terra,MODIS,90,6.2,309.4,96.7,D,0
-16.4864,132.6697,337.2,2.1,1.4,2014-11-14,0104,Terra,MODIS,81,6.2,311.4,55.1,D,0
-16.4898,132.6888,382.3,2.1,1.4,2014-11-14,0104,Terra,MODIS,100,6.2,311.5,415.7,D,0
-17.0848,131.7586,332.9,2.4,1.5,2014-11-14,0104,Terra,MODIS,74,6.2,304.4,43.8,D,0
-17.1064,132.8978,335.9,1.9,1.4,2014-11-14,0104,Terra,MODIS,78,6.2,311.9,33.6,D,0
-17.146,132.9088,337,1.9,1.4,2014-11-14,0104,Terra,MODIS,79,6.2,310.3,40.3,D,0
-17.1554,132.9627,335.3,1.9,1.4,2014-11-14,0104,Terra,MODIS,48,6.2,311.9,36.8,D,0
-17.1644,132.9424,355.4,1.9,1.4,2014-11-14,0104,Terra,MODIS,97,6.2,311.3,134.4,D,0
-17.1675,132.9603,353.9,1.9,1.4,2014-11-14,0104,Terra,MODIS,96,6.2,312.6,125.6,D,0
-17.1494,132.9021,331.8,1.9,1.4,2014-11-14,0104,Terra,MODIS,52,6.2,310.1,22,D,0
-17.1527,132.9201,331.6,1.9,1.4,2014-11-14,0104,Terra,MODIS,48,6.2,309.8,22.1,D,0
-17.1559,132.938,336.9,1.9,1.4,2014-11-14,0104,Terra,MODIS,76,6.2,311.1,41.6,D,0
-17.1592,132.9559,343.3,1.9,1.4,2014-11-14,0104,Terra,MODIS,87,6.2,312.1,69.3,D,0
-17.098,131.7561,346.3,2.4,1.5,2014-11-14,0104,Terra,MODIS,90,6.2,304.7,125.4,D,0
-17.1113,131.7536,338.9,2.4,1.5,2014-11-14,0104,Terra,MODIS,83,6.2,303.3,79.3,D,0
-17.1199,131.746,333.1,2.4,1.5,2014-11-14,0104,Terra,MODIS,72,6.2,302.8,52,D,0
-17.0658,131.8594,328.3,2.3,1.5,2014-11-14,0104,Terra,MODIS,54,6.2,304.1,25.6,D,0
-17.0653,131.8751,328.7,2.3,1.5,2014-11-14,0104,Terra,MODIS,61,6.2,302.9,29,D,0
-16.7485,133.9475,351.6,1.7,1.3,2014-11-14,0104,Terra,MODIS,94,6.2,310.2,94.4,D,0
-16.7598,133.9455,334.6,1.7,1.3,2014-11-14,0104,Terra,MODIS,58,6.2,309.5,30.7,D,0
-16.9661,132.8622,343.9,2,1.4,2014-11-14,0104,Terra,MODIS,88,6.2,313,70.1,D,0
-16.9965,132.8694,341.7,2,1.4,2014-11-14,0104,Terra,MODIS,85,6.2,311.4,70.3,D,0
-17.0608,132.876,335.1,2,1.4,2014-11-14,0104,Terra,MODIS,58,6.2,311.7,33.7,D,0
-16.9701,133.0288,345.1,1.9,1.3,2014-11-14,0104,Terra,MODIS,89,6.2,313.4,79,D,0
-16.9822,133.0266,376,1.9,1.3,2014-11-14,0104,Terra,MODIS,100,6.2,313.4,299.9,D,0
-16.9853,133.0443,339.6,1.9,1.3,2014-11-14,0104,Terra,MODIS,82,6.2,309.2,59.4,D,0
-16.986,133.02,347.9,1.9,1.3,2014-11-14,0104,Terra,MODIS,91,6.2,311.2,95,D,0
-16.9892,133.0377,343.9,1.9,1.3,2014-11-14,0104,Terra,MODIS,88,6.2,309.4,79.3,D,0
-17.1765,132.9401,370,1.9,1.4,2014-11-14,0104,Terra,MODIS,100,6.2,311.4,245.3,D,0
-17.1796,132.958,359.9,1.9,1.4,2014-11-14,0104,Terra,MODIS,99,6.2,310,165.2,D,0
-17.1713,132.9536,377,1.9,1.4,2014-11-14,0104,Terra,MODIS,100,6.2,312.5,307.8,D,0
-17.1745,132.9714,338.3,1.9,1.3,2014-11-14,0104,Terra,MODIS,80,6.2,311.5,50.9,D,0
-17.1801,132.9333,341.8,1.9,1.4,2014-11-14,0104,Terra,MODIS,85,6.2,311,67.4,D,0
-17.1834,132.9512,334.2,1.9,1.4,2014-11-14,0104,Terra,MODIS,72,6.2,308.9,33.4,D,0
-17.073,132.8737,331.6,2,1.4,2014-11-14,0104,Terra,MODIS,55,6.2,312.4,20.4,D,0
-18.1792,139.0026,331.1,1,1,2014-11-14,0104,Terra,MODIS,62,6.2,310,9.6,D,0
-16.9164,132.7957,333.9,2,1.4,2014-11-14,0104,Terra,MODIS,75,6.2,309.6,33.8,D,0
-16.9197,132.8142,344.4,2,1.4,2014-11-14,0104,Terra,MODIS,88,6.2,310.4,79.7,D,0
-16.9287,132.7934,365.8,2,1.4,2014-11-14,0104,Terra,MODIS,100,6.2,311.4,222.9,D,0
-16.932,132.8118,405.8,2,1.4,2014-11-14,0104,Terra,MODIS,100,6.2,316.4,730.1,D,0
-16.9129,133.0578,330.8,1.9,1.3,2014-11-14,0104,Terra,MODIS,44,6.2,312,27.3,D,0
-16.9214,133.0633,333.2,1.9,1.3,2014-11-14,0104,Terra,MODIS,53,6.2,311.9,34.3,D,0
-16.9281,133.0732,334.4,1.9,1.3,2014-11-14,0104,Terra,MODIS,48,6.2,309.8,38.2,D,0
-16.9315,132.0028,335.5,2.3,1.5,2014-11-14,0104,Terra,MODIS,79,6.2,304.8,55.2,D,0
-16.9354,132.0238,329.9,2.3,1.5,2014-11-14,0104,Terra,MODIS,69,6.2,306.4,30.1,D,0
-16.9407,131.979,335.1,2.3,1.5,2014-11-14,0104,Terra,MODIS,76,6.2,304.3,53.3,D,0
-16.9445,132.0002,342,2.3,1.5,2014-11-14,0104,Terra,MODIS,86,6.2,304.9,89.7,D,0
-16.9537,131.9764,336.5,2.3,1.5,2014-11-14,0104,Terra,MODIS,77,6.2,303.1,61.1,D,0
-16.9576,131.9977,342.6,2.3,1.5,2014-11-14,0104,Terra,MODIS,87,6.2,303.9,92.9,D,0
-17.0318,136.9093,330.8,1.1,1,2014-11-14,0104,Terra,MODIS,56,6.2,310.8,10.8,D,0
-17.0412,136.9077,353.7,1.1,1,2014-11-14,0104,Terra,MODIS,95,6.2,311.2,57.3,D,0
-17.094,131.7341,331.9,2.4,1.5,2014-11-14,0104,Terra,MODIS,72,6.2,306.3,43.7,D,0
-17.1073,131.7316,333,2.4,1.5,2014-11-14,0104,Terra,MODIS,74,6.2,305.9,47.4,D,0
-17.2014,135.4206,338.1,1.3,1.1,2014-11-14,0104,Terra,MODIS,43,6.2,314.9,23.8,D,0
-17.2033,135.4327,349.8,1.3,1.1,2014-11-14,0104,Terra,MODIS,91,6.2,312.4,58.9,D,0
-17.2115,135.4188,337.7,1.3,1.1,2014-11-14,0104,Terra,MODIS,51,6.2,314.5,21.4,D,0
-17.2415,135.4201,340.5,1.3,1.1,2014-11-14,0104,Terra,MODIS,75,6.2,313.7,31.5,D,0
-17.2435,135.4322,341.8,1.3,1.1,2014-11-14,0104,Terra,MODIS,83,6.2,312.4,36.7,D,0
-17.2719,135.4148,330.7,1.3,1.1,2014-11-14,0104,Terra,MODIS,37,6.2,310.8,12.8,D,0
-17.3809,135.3261,337.5,1.3,1.1,2014-11-14,0104,Terra,MODIS,54,6.2,310.4,23.8,D,0
-17.3829,135.3384,345.1,1.3,1.1,2014-11-14,0104,Terra,MODIS,87,6.2,308.7,45.7,D,0
-17.3891,135.312,343.4,1.3,1.1,2014-11-14,0104,Terra,MODIS,85,6.2,314.6,37.7,D,0
-17.3911,135.3243,342.7,1.3,1.1,2014-11-14,0104,Terra,MODIS,80,6.2,311.7,37.9,D,0
-17.3861,135.3064,334.2,1.3,1.1,2014-11-14,0104,Terra,MODIS,70,6.2,314.5,17.6,D,0
-17.3882,135.3186,338,1.3,1.1,2014-11-14,0104,Terra,MODIS,77,6.2,312.7,28.2,D,0
-17.3963,135.3046,375.2,1.3,1.1,2014-11-14,0104,Terra,MODIS,100,6.2,318.5,165.7,D,0
-17.3984,135.3169,374.1,1.3,1.1,2014-11-14,0104,Terra,MODIS,100,6.2,317,161.1,D,0
-17.4004,135.3291,343.3,1.3,1.1,2014-11-14,0104,Terra,MODIS,85,6.2,310.8,42.7,D,0
-17.4065,135.3028,348,1.3,1.1,2014-11-14,0104,Terra,MODIS,90,6.2,314.6,53.8,D,0
-17.4085,135.3151,356.3,1.3,1.1,2014-11-14,0104,Terra,MODIS,97,6.2,310.9,82.6,D,0
-17.4106,135.3273,351.5,1.3,1.1,2014-11-14,0104,Terra,MODIS,93,6.2,310.2,68.4,D,0
-17.332,135.3474,338.2,1.3,1.1,2014-11-14,0104,Terra,MODIS,72,6.2,316.1,23.4,D,0
-17.3341,135.3597,347.5,1.3,1.1,2014-11-14,0104,Terra,MODIS,90,6.2,314.3,50.4,D,0
-17.3422,135.3457,347.2,1.3,1.1,2014-11-14,0104,Terra,MODIS,89,6.2,315.5,46.4,D,0
-17.3442,135.3579,342.2,1.3,1.1,2014-11-14,0104,Terra,MODIS,78,6.2,313.9,35,D,0
-17.3524,135.3438,341,1.3,1.1,2014-11-14,0104,Terra,MODIS,82,6.2,313.1,31.5,D,0
-17.3544,135.356,369.6,1.3,1.1,2014-11-14,0104,Terra,MODIS,100,6.2,314.8,137.1,D,0
-17.3564,135.3683,334.4,1.3,1.1,2014-11-14,0104,Terra,MODIS,70,6.2,312.5,21.5,D,0
-17.3626,135.342,356.8,1.3,1.1,2014-11-14,0104,Terra,MODIS,97,6.2,312.5,82,D,0
-17.3646,135.3542,345.4,1.3,1.1,2014-11-14,0104,Terra,MODIS,88,6.2,311.5,46.6,D,0
-17.3707,135.328,335.7,1.3,1.1,2014-11-14,0104,Terra,MODIS,58,6.2,315.3,19.9,D,0
-17.1445,135.3299,336,1.3,1.1,2014-11-14,0104,Terra,MODIS,68,6.2,314.9,13.5,D,0
-17.1425,135.3176,336,1.3,1.1,2014-11-14,0104,Terra,MODIS,73,6.2,314.9,13.9,D,0
-16.9345,143.0344,342.4,1.4,1.2,2014-11-14,0104,Terra,MODIS,78,6.2,314.5,40.8,D,0
-16.8832,142.9731,330.8,1.4,1.2,2014-11-14,0104,Terra,MODIS,29,6.2,312.1,13.3,D,0
-18.9346,141.9208,334.3,1.3,1.1,2014-11-14,0104,Terra,MODIS,40,6.2,316.9,16,D,0
-18.933,141.9085,337.4,1.3,1.1,2014-11-14,0104,Terra,MODIS,57,6.2,315.8,21.3,D,0
-17.4048,142.7583,332.2,1.4,1.2,2014-11-14,0104,Terra,MODIS,44,6.2,313.4,17.6,D,0
-16.8956,142.985,335.6,1.4,1.2,2014-11-14,0104,Terra,MODIS,40,6.2,313.1,22.2,D,0
-16.9114,143.0238,333.9,1.4,1.2,2014-11-14,0104,Terra,MODIS,30,6.2,314.4,21.9,D,0
-16.9238,143.0358,342.7,1.4,1.2,2014-11-14,0104,Terra,MODIS,68,6.2,313.2,42.4,D,0
-16.922,143.0224,339.9,1.4,1.2,2014-11-14,0104,Terra,MODIS,44,6.2,313.8,32.6,D,0
-17.0412,143.0688,334.4,1.5,1.2,2014-11-14,0104,Terra,MODIS,42,6.2,314.8,19.9,D,0
-17.1613,143.1804,336.6,1.5,1.2,2014-11-14,0104,Terra,MODIS,35,6.2,316.5,24.1,D,0
-17.1339,142.5379,333.7,1.3,1.2,2014-11-14,0104,Terra,MODIS,40,6.2,314.2,17.7,D,0
-17.1323,142.5253,349,1.3,1.1,2014-11-14,0104,Terra,MODIS,92,6.2,313.2,61.3,D,0
-17.0305,143.0702,337.7,1.5,1.2,2014-11-14,0104,Terra,MODIS,69,6.2,315.6,28,D,0
-17.009,143.073,339.7,1.5,1.2,2014-11-14,0104,Terra,MODIS,72,6.2,315.4,33.5,D,0
-17.3836,142.7612,332.4,1.4,1.2,2014-11-14,0104,Terra,MODIS,25,6.2,314.7,15.9,D,0
-18.8751,141.8476,334.5,1.3,1.1,2014-11-14,0104,Terra,MODIS,56,6.2,317.2,15.2,D,0
-16.9966,143.0609,335.1,1.5,1.2,2014-11-14,0104,Terra,MODIS,58,6.2,315.8,20.1,D,0
-17.1426,142.5239,335.1,1.3,1.1,2014-11-14,0104,Terra,MODIS,53,6.2,312.1,24.4,D,0
-17.0853,143.1266,339.6,1.5,1.2,2014-11-14,0104,Terra,MODIS,81,6.2,313.2,35.7,D,0
-17.0871,143.1404,342.1,1.5,1.2,2014-11-14,0104,Terra,MODIS,80,6.2,313,43.2,D,0
-17.0711,143.1006,337.4,1.5,1.2,2014-11-14,0104,Terra,MODIS,73,6.2,315.6,30,D,0
-17.0836,143.1129,332,1.5,1.2,2014-11-14,0104,Terra,MODIS,54,6.2,314.2,16.3,D,0
-17.0749,133.7008,341.9,1.7,1.3,2014-11-14,0104,Terra,MODIS,85,6.2,310.5,61.6,D,0
-17.0777,133.7166,337.5,1.7,1.3,2014-11-14,0104,Terra,MODIS,79,6.2,309.9,44.4,D,0
-17.0864,133.6987,356.1,1.7,1.3,2014-11-14,0104,Terra,MODIS,97,6.2,309.6,125.5,D,0
-17.0891,133.7144,354.8,1.7,1.3,2014-11-14,0104,Terra,MODIS,96,6.2,309.7,116.2,D,0
-17.4031,142.7452,343.5,1.4,1.2,2014-11-14,0104,Terra,MODIS,87,6.2,312.8,47.3,D,0
-17.1591,143.1872,339.3,1.5,1.2,2014-11-14,0104,Terra,MODIS,59,6.2,315.1,32.3,D,0
-16.8812,133.9801,334.9,1.6,1.3,2014-11-14,0104,Terra,MODIS,74,6.2,308.9,28,D,0
-16.8838,133.9953,333.4,1.6,1.3,2014-11-14,0104,Terra,MODIS,66,6.2,309,23.7,D,0
-16.9027,134.0388,333.7,1.6,1.3,2014-11-14,0104,Terra,MODIS,67,6.2,308.4,29.1,D,0
-16.882,133.9889,333.9,1.6,1.3,2014-11-14,0104,Terra,MODIS,69,6.2,308.9,27.5,D,0
-16.9012,134.0323,332.5,1.6,1.3,2014-11-14,0104,Terra,MODIS,68,6.2,308.6,27,D,0
-16.9038,134.0474,329.4,1.6,1.3,2014-11-14,0104,Terra,MODIS,47,6.2,309.1,17.8,D,0
-17.6641,135.2504,335.4,1.3,1.1,2014-11-14,0104,Terra,MODIS,39,6.2,314.5,17.5,D,0
-17.6764,135.3856,335.5,1.3,1.1,2014-11-14,0104,Terra,MODIS,49,6.2,314.6,17.8,D,0
-17.6787,135.3917,334.5,1.3,1.1,2014-11-14,0104,Terra,MODIS,71,6.2,313.8,18,D,0
-17.6591,135.2704,345.2,1.3,1.1,2014-11-14,0104,Terra,MODIS,88,6.2,313.4,47.1,D,0
-17.6551,135.2459,330.6,1.3,1.1,2014-11-14,0104,Terra,MODIS,46,6.2,311.6,14.6,D,0
-17.656,135.2644,341.4,1.3,1.1,2014-11-14,0104,Terra,MODIS,72,6.2,313.1,33.9,D,0
-17.6581,135.2766,336.8,1.3,1.1,2014-11-14,0104,Terra,MODIS,47,6.2,312.6,23,D,0
-17.1739,143.1929,335.1,1.5,1.2,2014-11-14,0104,Terra,MODIS,36,6.2,313.7,22.8,D,0
-17.163,143.1944,336.6,1.5,1.2,2014-11-14,0104,Terra,MODIS,41,6.2,313.7,26.8,D,0
-16.2387,130.2682,326.4,3.2,1.7,2014-11-14,0104,Terra,MODIS,50,6.2,301.1,45.4,D,0
-17.1268,142.5646,337.3,1.4,1.2,2014-11-14,0104,Terra,MODIS,75,6.2,314.8,23,D,0
-15.0965,128.4862,321.2,4.5,2,2014-11-14,0104,Terra,MODIS,61,6.2,291.5,99.2,D,0
-16.0281,129.8036,322.1,3.5,1.8,2014-11-14,0104,Terra,MODIS,34,6.2,295.9,49,D,0
-16.2766,130.3135,333.9,3.1,1.7,2014-11-14,0104,Terra,MODIS,78,6.2,299.9,98,D,0
-15.0956,128.4785,319.4,4.5,2,2014-11-14,0104,Terra,MODIS,46,6.2,291.8,77.9,D,0
-15.9713,130.4854,326.9,3.1,1.7,2014-11-14,0104,Terra,MODIS,60,6.2,299,52.3,D,0
-15.9657,130.4567,334.9,3.1,1.7,2014-11-14,0104,Terra,MODIS,80,6.2,296.4,110.3,D,0
-16.0278,129.8311,322.2,3.4,1.7,2014-11-14,0104,Terra,MODIS,31,6.2,295.9,50.1,D,0
-19.8538,131.3337,355.2,2.2,1.4,2014-11-14,0105,Terra,MODIS,96,6.2,307.9,163.4,D,0
-19.7768,131.2003,343.2,2.3,1.5,2014-11-14,0105,Terra,MODIS,87,6.2,307.4,95.4,D,0
-19.7697,131.0886,328.9,2.3,1.5,2014-11-14,0105,Terra,MODIS,49,6.2,305.1,27,D,0
-19.7738,131.1106,328.4,2.3,1.5,2014-11-14,0105,Terra,MODIS,56,6.2,304.6,26,D,0
-19.7899,131.1976,356,2.3,1.5,2014-11-14,0105,Terra,MODIS,97,6.2,307.1,184.8,D,0
-19.7696,131.1057,330.5,2.3,1.5,2014-11-14,0105,Terra,MODIS,62,6.2,303.6,33.1,D,0
-19.7863,131.1926,352,2.3,1.5,2014-11-14,0105,Terra,MODIS,94,6.2,307,152.5,D,0
-19.6663,131.3195,357.8,2.3,1.5,2014-11-14,0105,Terra,MODIS,98,6.2,307.4,198.5,D,0
-19.6624,131.2983,375.5,2.3,1.5,2014-11-14,0105,Terra,MODIS,100,6.2,308.9,379.4,D,0
-19.6631,130.8612,361,2.4,1.5,2014-11-14,0105,Terra,MODIS,100,6.2,306.8,241.2,D,0
-19.6673,130.8841,335.5,2.4,1.5,2014-11-14,0105,Terra,MODIS,77,6.2,306.6,50.5,D,0
-19.6564,130.8555,333.6,2.4,1.5,2014-11-14,0105,Terra,MODIS,73,6.2,305.8,40.6,D,0
-19.6608,130.8783,332.5,2.4,1.5,2014-11-14,0105,Terra,MODIS,71,6.2,306.5,35.7,D,0
-19.6699,130.8527,344.5,2.4,1.5,2014-11-14,0105,Terra,MODIS,88,6.2,305.8,109.3,D,0
-19.6742,130.8755,341.4,2.4,1.5,2014-11-14,0105,Terra,MODIS,85,6.2,305.5,88.4,D,0
-19.9003,131.3677,336.1,2.2,1.4,2014-11-14,0105,Terra,MODIS,56,6.2,291.2,72.2,D,0
-19.8914,131.3913,383.6,2.2,1.4,2014-11-14,0105,Terra,MODIS,100,6.2,301,479.9,D,0
-19.8875,131.3703,463.2,2.2,1.4,2014-11-14,0105,Terra,MODIS,94,6.2,316.2,2803.1,D,0
-19.8836,131.3494,410,2.2,1.4,2014-11-14,0105,Terra,MODIS,87,6.2,306.7,964.4,D,0
-19.8796,131.3284,349.4,2.2,1.4,2014-11-14,0105,Terra,MODIS,79,6.2,303.3,136.8,D,0
-19.8757,131.3073,398.7,2.2,1.4,2014-11-14,0105,Terra,MODIS,94,6.2,306.6,728.5,D,0
-19.8785,131.394,360.1,2.2,1.4,2014-11-14,0105,Terra,MODIS,100,6.2,304.4,211.4,D,0
-19.8746,131.373,398.1,2.2,1.4,2014-11-14,0105,Terra,MODIS,100,6.2,317.9,708.5,D,0
-19.8707,131.352,436.8,2.2,1.4,2014-11-14,0105,Terra,MODIS,100,6.2,317.6,1713.8,D,0
-19.8667,131.331,386.9,2.2,1.4,2014-11-14,0105,Terra,MODIS,100,6.2,309.8,522,D,0
-19.8628,131.31,415.8,2.2,1.4,2014-11-14,0105,Terra,MODIS,100,6.2,317.9,1095.3,D,0
-19.8617,131.3757,353.4,2.2,1.4,2014-11-14,0105,Terra,MODIS,95,6.2,309.5,155.3,D,0
-19.8578,131.3547,378.8,2.2,1.4,2014-11-14,0105,Terra,MODIS,100,6.2,310.4,405.3,D,0
-19.8498,131.3126,349.8,2.2,1.4,2014-11-14,0105,Terra,MODIS,93,6.2,309.3,121.8,D,0
-19.8488,131.3783,376.5,2.2,1.4,2014-11-14,0105,Terra,MODIS,100,6.2,308.9,374.7,D,0
-19.8449,131.3573,383.2,2.2,1.4,2014-11-14,0105,Terra,MODIS,100,6.2,311.1,460.1,D,0
-19.8409,131.3364,368.2,2.2,1.4,2014-11-14,0105,Terra,MODIS,100,6.2,308.4,274.7,D,0
-19.8369,131.3153,356.4,2.2,1.4,2014-11-14,0105,Terra,MODIS,97,6.2,307,164.2,D,0
-19.8359,131.381,412.2,2.2,1.4,2014-11-14,0105,Terra,MODIS,100,6.2,313.6,993.3,D,0
-19.8319,131.36,389,2.2,1.4,2014-11-14,0105,Terra,MODIS,100,6.2,313.2,544.8,D,0
-19.8279,131.339,369,2.2,1.4,2014-11-14,0105,Terra,MODIS,100,6.2,310.2,284.1,D,0
-19.823,131.3835,369.5,2.2,1.4,2014-11-14,0105,Terra,MODIS,100,6.2,311.1,293.7,D,0
-19.851,131.3836,356.3,2.2,1.4,2014-11-14,0105,Terra,MODIS,97,6.2,307.6,174.2,D,0
-19.8472,131.3626,389.1,2.2,1.4,2014-11-14,0105,Terra,MODIS,100,6.2,311.3,549.4,D,0
-19.8433,131.3415,367.7,2.2,1.4,2014-11-14,0105,Terra,MODIS,100,6.2,308.9,271.9,D,0
-19.8395,131.3204,364.9,2.2,1.4,2014-11-14,0105,Terra,MODIS,100,6.2,307.3,241.7,D,0
-19.8356,131.2993,338.4,2.2,1.5,2014-11-14,0105,Terra,MODIS,81,6.2,307.6,48,D,0
-19.8381,131.3862,399.6,2.2,1.4,2014-11-14,0105,Terra,MODIS,100,6.2,310.9,727.9,D,0
-19.8343,131.3652,406,2.2,1.4,2014-11-14,0105,Terra,MODIS,100,6.2,314.2,858,D,0
-19.8304,131.3442,384.7,2.2,1.4,2014-11-14,0105,Terra,MODIS,100,6.2,311.2,485,D,0
-19.8266,131.3231,335.1,2.2,1.4,2014-11-14,0105,Terra,MODIS,63,6.2,307.8,38.2,D,0
-19.8252,131.3888,367,2.2,1.4,2014-11-14,0105,Terra,MODIS,100,6.2,310,273.3,D,0
-19.8588,131.2889,344.7,2.2,1.5,2014-11-14,0105,Terra,MODIS,87,6.2,307.8,93.9,D,0
-19.8329,131.2942,333.6,2.2,1.5,2014-11-14,0105,Terra,MODIS,73,6.2,307.2,24.2,D,0
-19.6159,130.7188,330.5,2.5,1.5,2014-11-14,0105,Terra,MODIS,66,6.2,304.7,36.7,D,0
-19.6476,130.7368,387.7,2.5,1.5,2014-11-14,0105,Terra,MODIS,100,6.2,305.7,637.2,D,0
-19.6431,130.7132,351.1,2.5,1.5,2014-11-14,0105,Terra,MODIS,94,6.2,304.5,178,D,0
-19.6431,130.7864,331.8,2.5,1.5,2014-11-14,0105,Terra,MODIS,60,6.2,306.9,36.4,D,0
-19.646,130.7687,330.6,2.5,1.5,2014-11-14,0105,Terra,MODIS,56,6.2,305,23.1,D,0
-19.6417,130.7453,369.3,2.5,1.5,2014-11-14,0105,Terra,MODIS,100,6.2,306.2,351.5,D,0
-19.6237,130.7245,340.8,2.5,1.5,2014-11-14,0105,Terra,MODIS,84,6.2,305.1,95.3,D,0
-19.6281,130.748,341,2.5,1.5,2014-11-14,0105,Terra,MODIS,84,6.2,306.8,92.5,D,0
-19.6373,130.7216,358.7,2.5,1.5,2014-11-14,0105,Terra,MODIS,99,6.2,305.6,240,D,0
-19.6205,130.7424,334.4,2.5,1.5,2014-11-14,0105,Terra,MODIS,75,6.2,306.1,52.2,D,0
-19.625,130.7659,335.4,2.5,1.5,2014-11-14,0105,Terra,MODIS,77,6.2,306.3,52.6,D,0
-19.6341,130.7396,337.2,2.5,1.5,2014-11-14,0105,Terra,MODIS,79,6.2,306.1,72.9,D,0
-19.7354,130.7854,390.6,2.5,1.5,2014-11-14,0105,Terra,MODIS,100,6.2,305.7,683.6,D,0
-19.731,130.7624,345.5,2.5,1.5,2014-11-14,0105,Terra,MODIS,89,6.2,301.6,138.6,D,0
-19.7264,130.8113,369.3,2.4,1.5,2014-11-14,0105,Terra,MODIS,100,6.2,307.3,342.1,D,0
-19.7219,130.7883,402.9,2.5,1.5,2014-11-14,0105,Terra,MODIS,100,6.2,309.3,939.7,D,0
-19.7174,130.7651,361.6,2.5,1.5,2014-11-14,0105,Terra,MODIS,100,6.2,303.9,277.6,D,0
-19.7129,130.8141,360.7,2.4,1.5,2014-11-14,0105,Terra,MODIS,100,6.2,308.1,253.3,D,0
-19.6325,130.7715,357.4,2.5,1.5,2014-11-14,0105,Terra,MODIS,98,6.2,307,214.3,D,0
-19.6386,130.7631,354.9,2.5,1.5,2014-11-14,0105,Terra,MODIS,96,6.2,306.5,198.8,D,0
-19.7236,130.8415,338.3,2.4,1.5,2014-11-14,0105,Terra,MODIS,81,6.2,307,69.3,D,0
-19.7371,130.8387,341.8,2.4,1.5,2014-11-14,0105,Terra,MODIS,85,6.2,307.3,88.2,D,0
-19.7174,130.837,335,2.4,1.5,2014-11-14,0105,Terra,MODIS,76,6.2,306.8,52.1,D,0
-19.7308,130.8342,359.6,2.4,1.5,2014-11-14,0105,Terra,MODIS,99,6.2,307.6,232.3,D,0
-19.742,130.7898,380.7,2.5,1.5,2014-11-14,0105,Terra,MODIS,100,6.2,304.2,511.8,D,0
-19.7377,130.7667,363.5,2.5,1.5,2014-11-14,0105,Terra,MODIS,100,6.2,301.5,296.7,D,0
-19.7328,130.8157,369.1,2.4,1.5,2014-11-14,0105,Terra,MODIS,100,6.2,306.1,345.3,D,0
-19.7285,130.7926,383.9,2.5,1.5,2014-11-14,0105,Terra,MODIS,100,6.2,306,561.2,D,0
-19.7242,130.7695,381,2.5,1.5,2014-11-14,0105,Terra,MODIS,100,6.2,304.4,525.4,D,0
-19.7193,130.8185,371.6,2.4,1.5,2014-11-14,0105,Terra,MODIS,100,6.2,308.3,370.1,D,0
-19.715,130.7954,368,2.5,1.5,2014-11-14,0105,Terra,MODIS,100,6.2,307.9,337.7,D,0
-19.7107,130.7722,354,2.5,1.5,2014-11-14,0105,Terra,MODIS,96,6.2,305.2,201.4,D,0
-19.7059,130.8213,344.6,2.4,1.5,2014-11-14,0105,Terra,MODIS,88,6.2,307.1,115.4,D,0
-19.7905,131.2141,346.8,2.3,1.5,2014-11-14,0105,Terra,MODIS,90,6.2,308.2,110.4,D,0
-19.7939,131.2191,337.3,2.3,1.5,2014-11-14,0105,Terra,MODIS,79,6.2,307.8,56.4,D,0
-19.815,131.3417,346.5,2.2,1.4,2014-11-14,0105,Terra,MODIS,90,6.2,309.1,96.8,D,0
-19.9015,131.0259,328.3,2.3,1.5,2014-11-14,0105,Terra,MODIS,59,6.2,305.2,30.4,D,0
-19.8085,131.3706,342.8,2.2,1.4,2014-11-14,0105,Terra,MODIS,86,6.2,308.4,92.4,D,0
-19.8175,131.3469,355.8,2.2,1.4,2014-11-14,0105,Terra,MODIS,97,6.2,309.7,171.9,D,0
-19.8214,131.3679,387.5,2.2,1.4,2014-11-14,0105,Terra,MODIS,100,6.2,313.2,529.4,D,0
-19.819,131.3626,369.1,2.2,1.4,2014-11-14,0105,Terra,MODIS,100,6.2,311.6,286.1,D,0
-19.8843,143.9619,326.6,1.8,1.3,2014-11-14,0105,Terra,MODIS,31,6.2,311.7,18.1,D,0
-18.6353,137.9207,340.7,1,1,2014-11-14,0105,Terra,MODIS,82,6.2,316.4,20.6,D,0
-18.6833,137.9323,336.7,1,1,2014-11-14,0105,Terra,MODIS,38,6.2,318,12.6,D,0
-18.6262,137.9188,352.3,1,1,2014-11-14,0105,Terra,MODIS,94,6.2,316.1,45.2,D,0
-18.6562,137.9367,339.9,1,1,2014-11-14,0105,Terra,MODIS,74,6.2,312.7,20.5,D,0
-21.1574,140.469,337.5,1.2,1.1,2014-11-14,0105,Terra,MODIS,74,6.2,317.7,19.4,D,0
-21.684,141.1564,340,1.3,1.1,2014-11-14,0105,Terra,MODIS,80,6.2,320.9,25.8,D,0
-18.6252,137.8541,336.7,1,1,2014-11-14,0105,Terra,MODIS,30,6.2,317,13.4,D,0
-21.6941,141.1551,342.9,1.3,1.1,2014-11-14,0105,Terra,MODIS,84,6.2,320.1,31.9,D,0
-21.6739,141.1578,332.7,1.3,1.1,2014-11-14,0105,Terra,MODIS,23,6.2,318.7,9.7,D,0
-18.6233,137.8998,347.9,1,1,2014-11-14,0105,Terra,MODIS,90,6.2,315.6,35.2,D,0
-18.6247,137.9093,357.7,1,1,2014-11-14,0105,Terra,MODIS,98,6.2,317.5,57.9,D,0
-19.4543,142.8091,334.1,1.5,1.2,2014-11-14,0105,Terra,MODIS,73,6.2,315.7,23.2,D,0
-19.4561,142.8234,332.7,1.5,1.2,2014-11-14,0105,Terra,MODIS,68,6.2,315.7,19.6,D,0
-19.4107,142.9233,330.6,1.5,1.2,2014-11-14,0105,Terra,MODIS,52,6.2,315.9,13.8,D,0
-18.6223,137.8351,339.3,1,1,2014-11-14,0105,Terra,MODIS,55,6.2,313.5,18.7,D,0
-18.6237,137.8446,344.4,1,1,2014-11-14,0105,Terra,MODIS,81,6.2,316.4,27.5,D,0
-18.6313,137.8336,336.8,1,1,2014-11-14,0105,Terra,MODIS,55,6.2,316.8,15.2,D,0
-24.8637,148.0031,326.9,4.2,1.9,2014-11-14,0106,Terra,MODIS,52,6.2,299.9,130.6,D,0
-24.8378,147.8791,323.4,4.1,1.9,2014-11-14,0106,Terra,MODIS,24,6.2,300.2,81.1,D,0
-24.8614,148.0094,324.4,4.2,1.9,2014-11-14,0106,Terra,MODIS,41,6.2,299.6,108.6,D,0
-25.5661,147.8684,325.1,4.2,1.9,2014-11-14,0106,Terra,MODIS,53,6.2,306.2,89.2,D,0
-25.5684,147.8614,326,4.2,1.9,2014-11-14,0106,Terra,MODIS,57,6.2,306.2,96.8,D,0
-19.9192,121.5513,350.5,2.7,1.6,2014-11-14,0244,Terra,MODIS,95,6.2,299.5,218.9,D,0
-19.9078,121.547,344.8,2.7,1.6,2014-11-14,0244,Terra,MODIS,93,6.2,299,172.6,D,0
-19.9221,121.5453,338.3,2.7,1.6,2014-11-14,0244,Terra,MODIS,89,6.2,298.5,119.1,D,0
-19.9507,121.5421,334.7,2.7,1.6,2014-11-14,0244,Terra,MODIS,86,6.2,298.8,94.8,D,0
-19.9848,121.5913,362.1,2.8,1.6,2014-11-14,0244,Terra,MODIS,100,6.2,296.5,343.7,D,0
-19.9873,121.5842,353.3,2.8,1.6,2014-11-14,0244,Terra,MODIS,97,6.2,297.1,245,D,0
-22.3858,118.0532,338.9,1.6,1.3,2014-11-14,0244,Terra,MODIS,77,6.2,306.4,57.6,D,0
-22.3764,118.0721,331.2,1.6,1.3,2014-11-14,0244,Terra,MODIS,50,6.2,310.6,29.8,D,0
-23.0523,118.0201,328.6,1.7,1.3,2014-11-14,0244,Terra,MODIS,55,6.2,311,22.1,D,0
-22.3953,118.0361,328.5,1.6,1.3,2014-11-14,0244,Terra,MODIS,35,6.2,303.1,31.4,D,0
-22.3387,118.2317,333.7,1.7,1.3,2014-11-14,0244,Terra,MODIS,77,6.2,310.8,39.2,D,0
-22.4257,118.0977,375.8,1.7,1.3,2014-11-14,0244,Terra,MODIS,100,6.2,313.2,244.3,D,0
-22.3972,118.0518,358.8,1.6,1.3,2014-11-14,0244,Terra,MODIS,99,6.2,309.6,146.6,D,0
-22.4348,118.0902,344.1,1.7,1.3,2014-11-14,0244,Terra,MODIS,75,6.2,301.1,76.2,D,0
-22.4353,118.1794,348.4,1.7,1.3,2014-11-14,0244,Terra,MODIS,92,6.2,314.5,81.9,D,0
-22.4162,118.2155,328.3,1.7,1.3,2014-11-14,0244,Terra,MODIS,44,6.2,313.1,12.7,D,0
-22.3549,118.1899,330.7,1.7,1.3,2014-11-14,0244,Terra,MODIS,24,6.2,313.4,22.5,D,0
-22.4199,118.06,433.4,1.6,1.3,2014-11-14,0244,Terra,MODIS,100,6.2,323.5,1059.5,D,0
-22.4334,118.1632,337.6,1.7,1.3,2014-11-14,0244,Terra,MODIS,71,6.2,316.3,39,D,0
-22.3559,118.1796,347.6,1.7,1.3,2014-11-14,0244,Terra,MODIS,92,6.2,313.8,83.2,D,0
-22.4422,118.1563,342.5,1.7,1.3,2014-11-14,0244,Terra,MODIS,77,6.2,313.7,62.5,D,0
-22.433,118.0739,357.2,1.7,1.3,2014-11-14,0244,Terra,MODIS,98,6.2,299.6,140.9,D,0
-22.4199,118.0489,369.5,1.6,1.3,2014-11-14,0244,Terra,MODIS,100,6.2,303.5,213.9,D,0
-23.0505,118.0038,328.4,1.7,1.3,2014-11-14,0244,Terra,MODIS,48,6.2,311.8,21.9,D,0
-22.4085,118.0503,359.8,1.6,1.3,2014-11-14,0244,Terra,MODIS,99,6.2,308.5,152,D,0
-23.0648,118.0085,326.5,1.7,1.3,2014-11-14,0244,Terra,MODIS,25,6.2,311.4,16.6,D,0
-22.3627,118.1558,335.8,1.7,1.3,2014-11-14,0244,Terra,MODIS,62,6.2,313.9,36.6,D,0
-22.4124,118.0834,345.1,1.7,1.3,2014-11-14,0244,Terra,MODIS,64,6.2,315.5,70,D,0
-22.4219,118.0657,467,1.6,1.3,2014-11-14,0244,Terra,MODIS,100,6.2,328.9,1965.1,D,0
-22.4238,118.0816,414.8,1.7,1.3,2014-11-14,0244,Terra,MODIS,100,6.2,319.7,700.2,D,0
-22.4325,118.174,333.1,1.7,1.3,2014-11-14,0244,Terra,MODIS,42,6.2,315.8,31.1,D,0
-22.4235,118.0924,373.1,1.7,1.3,2014-11-14,0244,Terra,MODIS,100,6.2,316.1,230.1,D,0
-22.4217,118.0763,415.7,1.7,1.3,2014-11-14,0244,Terra,MODIS,100,6.2,327.1,721.7,D,0
-22.353,118.1734,351.8,1.7,1.3,2014-11-14,0244,Terra,MODIS,95,6.2,314.4,101.9,D,0
-22.443,118.1452,340.2,1.7,1.3,2014-11-14,0244,Terra,MODIS,68,6.2,310.4,50.6,D,0
-22.444,118.1724,335.5,1.7,1.3,2014-11-14,0244,Terra,MODIS,57,6.2,311.5,39.4,D,0
-23.0533,118.0099,337.2,1.7,1.3,2014-11-14,0244,Terra,MODIS,83,6.2,312.2,48.2,D,0
-22.354,118.1632,346,1.7,1.3,2014-11-14,0244,Terra,MODIS,90,6.2,312.8,77.2,D,0
-22.4105,118.067,380.1,1.6,1.3,2014-11-14,0244,Terra,MODIS,100,6.2,318.5,286.3,D,0
-31.8592,115.8962,317.4,1.6,1.2,2014-11-14,0247,Terra,MODIS,58,6.2,297.4,13,D,0
-37.3788,149.0092,317.1,1.4,1.2,2014-11-14,0346,Aqua,MODIS,64,6.2,278.3,19.8,D,0
-37.3803,148.9945,318,1.4,1.2,2014-11-14,0346,Aqua,MODIS,52,6.2,280.5,21.6,D,0
-32.514,152.1338,330.2,1,1,2014-11-14,0347,Aqua,MODIS,82,6.2,300.9,20.9,D,0
-32.505,152.132,324.8,1,1,2014-11-14,0347,Aqua,MODIS,76,6.2,300.2,14.8,D,0
-33.7301,150.5946,340.1,1.1,1,2014-11-14,0347,Aqua,MODIS,87,6.2,303.4,34.9,D,0
-33.7316,150.5829,322.8,1.1,1,2014-11-14,0347,Aqua,MODIS,64,6.2,302.3,9.5,D,0
-33.7409,150.5846,322.5,1.1,1,2014-11-14,0347,Aqua,MODIS,58,6.2,302,9,D,0
-33.7395,150.5962,353.5,1.1,1,2014-11-14,0347,Aqua,MODIS,96,6.2,304,64.2,D,0
-31.8243,151.4842,322.8,1,1,2014-11-14,0347,Aqua,MODIS,58,6.2,299.1,14.9,D,0
-28.3353,148.9167,340.5,1.1,1,2014-11-14,0348,Aqua,MODIS,80,6.2,323.8,16.2,D,0
-28.3409,148.9128,346.1,1.1,1,2014-11-14,0348,Aqua,MODIS,88,6.2,325,26.5,D,0
-28.3368,148.9054,340.9,1.1,1,2014-11-14,0348,Aqua,MODIS,81,6.2,325.6,16.8,D,0
-30.1462,152.1599,335.2,1,1,2014-11-14,0348,Aqua,MODIS,82,6.2,306.2,23,D,0
-30.1477,152.1494,334.8,1,1,2014-11-14,0348,Aqua,MODIS,82,6.2,305.3,22.7,D,0
-29.0108,149.1347,340.1,1.1,1,2014-11-14,0348,Aqua,MODIS,80,6.2,322.7,13.9,D,0
-31.5952,147.9954,336.7,1.3,1.1,2014-11-14,0348,Aqua,MODIS,36,6.2,319,21.8,D,0
-27.7294,150.4832,335.3,1,1,2014-11-14,0348,Aqua,MODIS,70,6.2,314.1,14.6,D,0
-30.1403,152.137,348.5,1,1,2014-11-14,0348,Aqua,MODIS,93,6.2,307.8,48.1,D,0
-30.1387,152.1474,335.4,1,1,2014-11-14,0348,Aqua,MODIS,82,6.2,308.5,24.4,D,0
-30.1356,152.1684,346,1,1,2014-11-14,0348,Aqua,MODIS,91,6.2,308.6,42.8,D,0
-30.1372,152.1579,350.6,1,1,2014-11-14,0348,Aqua,MODIS,94,6.2,311.5,51.6,D,0
-28.4928,151.948,337.1,1,1,2014-11-14,0348,Aqua,MODIS,82,6.2,305.3,23,D,0
-27.728,150.4934,351.4,1,1,2014-11-14,0348,Aqua,MODIS,93,6.2,313.9,43.8,D,0
-30.1313,152.1353,334,1,1,2014-11-14,0348,Aqua,MODIS,81,6.2,307,23.7,D,0
-30.1297,152.1457,333.7,1,1,2014-11-14,0348,Aqua,MODIS,81,6.2,306.4,23.4,D,0
-28.4944,151.9377,329.1,1,1,2014-11-14,0348,Aqua,MODIS,69,6.2,307,11.3,D,0
-29.074,149.2097,345.4,1.1,1,2014-11-14,0348,Aqua,MODIS,87,6.2,324.1,23.7,D,0
-28.4558,152.1325,334,1,1,2014-11-14,0348,Aqua,MODIS,73,6.2,310.6,16.3,D,0
-28.4542,152.143,330.8,1,1,2014-11-14,0348,Aqua,MODIS,71,6.2,311.8,11,D,0
-24.9811,148.1337,344.5,1.1,1,2014-11-14,0349,Aqua,MODIS,87,6.2,306.7,45.3,D,0
-24.8504,147.875,332.2,1.1,1.1,2014-11-14,0349,Aqua,MODIS,22,6.2,307.4,16.7,D,0
-24.8602,148.7164,413.9,1.1,1,2014-11-14,0349,Aqua,MODIS,100,6.2,320.8,351,D,0
-25.719,149.6905,337.1,1,1,2014-11-14,0349,Aqua,MODIS,74,6.2,317.1,12.6,D,0
-24.9659,148.6869,334.4,1.1,1,2014-11-14,0349,Aqua,MODIS,65,6.2,310.8,16,D,0
-24.9701,148.6552,339,1.1,1,2014-11-14,0349,Aqua,MODIS,77,6.2,313.2,21.3,D,0
-24.9687,148.6658,349.7,1.1,1,2014-11-14,0349,Aqua,MODIS,92,6.2,309.1,43.5,D,0
-24.834,147.8501,364,1.1,1.1,2014-11-14,0349,Aqua,MODIS,100,6.2,314.4,96,D,0
-24.8422,147.8624,340.7,1.1,1.1,2014-11-14,0349,Aqua,MODIS,81,6.2,309.2,31.5,D,0
-24.8489,147.8862,336.7,1.1,1.1,2014-11-14,0349,Aqua,MODIS,61,6.2,309.3,23.7,D,0
-24.8518,147.8638,362.4,1.1,1.1,2014-11-14,0349,Aqua,MODIS,100,6.2,309.8,90.2,D,0
-24.7425,147.9987,341.3,1.1,1.1,2014-11-14,0349,Aqua,MODIS,83,6.2,311,34,D,0
-24.7993,148.0473,332.8,1.1,1.1,2014-11-14,0349,Aqua,MODIS,46,6.2,309.3,17,D,0
-24.8088,148.0486,337.1,1.1,1.1,2014-11-14,0349,Aqua,MODIS,78,6.2,309.7,25.9,D,0
-24.733,147.9969,338.6,1.1,1.1,2014-11-14,0349,Aqua,MODIS,80,6.2,312.7,29.3,D,0
-24.7196,147.9504,330.8,1.1,1.1,2014-11-14,0349,Aqua,MODIS,51,6.2,308.4,18.5,D,0
-24.8394,147.8848,330,1.1,1.1,2014-11-14,0349,Aqua,MODIS,15,6.2,308.9,11.8,D,0
-24.8891,148.571,330.4,1.1,1,2014-11-14,0349,Aqua,MODIS,50,6.2,314.9,8.2,D,0
-25.5608,147.8124,340.1,1.2,1.1,2014-11-14,0349,Aqua,MODIS,81,6.2,318.8,25.4,D,0
-25.5565,147.847,341.5,1.2,1.1,2014-11-14,0349,Aqua,MODIS,79,6.2,318.3,27,D,0
-24.8755,147.9814,345.6,1.1,1.1,2014-11-14,0349,Aqua,MODIS,88,6.2,311.2,42.6,D,0
-24.8741,147.9924,365.7,1.1,1.1,2014-11-14,0349,Aqua,MODIS,100,6.2,313.1,99.8,D,0
-24.8905,148.5604,330.1,1.1,1,2014-11-14,0349,Aqua,MODIS,54,6.2,315.3,8.3,D,0
-24.8532,147.8526,344.7,1.1,1.1,2014-11-14,0349,Aqua,MODIS,87,6.2,308.3,40.7,D,0
-24.893,148.1021,334.5,1.1,1.1,2014-11-14,0349,Aqua,MODIS,71,6.2,305.2,26.3,D,0
-24.7235,147.9952,332.4,1.1,1.1,2014-11-14,0349,Aqua,MODIS,58,6.2,310.2,20.4,D,0
-24.8669,148.0479,337.8,1.1,1.1,2014-11-14,0349,Aqua,MODIS,65,6.2,304,28.7,D,0
-24.9948,148.1015,335.7,1.1,1.1,2014-11-14,0349,Aqua,MODIS,76,6.2,306.6,28.4,D,0
-24.958,148.6749,332.7,1.1,1,2014-11-14,0349,Aqua,MODIS,57,6.2,310.8,13.5,D,0
-24.9853,148.1004,334.8,1.1,1.1,2014-11-14,0349,Aqua,MODIS,74,6.2,307.6,26.1,D,0
-24.8431,148.7029,341,1.1,1,2014-11-14,0349,Aqua,MODIS,83,6.2,316.1,23.3,D,0
-24.8694,148.7179,341.2,1.1,1,2014-11-14,0349,Aqua,MODIS,83,6.2,311.3,25.9,D,0
-24.8326,147.8611,335.2,1.1,1.1,2014-11-14,0349,Aqua,MODIS,21,6.2,309.7,21.4,D,0
-24.8436,147.8512,360.6,1.1,1.1,2014-11-14,0349,Aqua,MODIS,100,6.2,311.3,83.9,D,0
-25.2214,151.1053,330.5,1,1,2014-11-14,0349,Aqua,MODIS,45,6.2,310.8,7.8,D,0
-24.788,147.871,329.8,1.1,1.1,2014-11-14,0349,Aqua,MODIS,56,6.2,307.5,20.1,D,0
-25.5648,147.8599,341,1.2,1.1,2014-11-14,0349,Aqua,MODIS,79,6.2,319,24.7,D,0
-25.5662,147.8484,351.2,1.2,1.1,2014-11-14,0349,Aqua,MODIS,93,6.2,321.6,49.4,D,0
-25.5705,147.8139,334.5,1.2,1.1,2014-11-14,0349,Aqua,MODIS,61,6.2,317.8,14.6,D,0
-24.8574,148.0463,342.5,1.1,1.1,2014-11-14,0349,Aqua,MODIS,74,6.2,306.7,37.6,D,0
-24.8713,148.0142,336.2,1.1,1.1,2014-11-14,0349,Aqua,MODIS,31,6.2,310.9,21.7,D,0
-24.4482,151.4113,340.8,1,1,2014-11-14,0349,Aqua,MODIS,85,6.2,304.5,34.4,D,0
-24.4391,151.4095,330.4,1,1,2014-11-14,0349,Aqua,MODIS,57,6.2,306.1,18,D,0
-24.816,147.9157,338.7,1.1,1.1,2014-11-14,0349,Aqua,MODIS,76,6.2,307.3,29.1,D,0
-24.8242,147.9278,331,1.1,1.1,2014-11-14,0349,Aqua,MODIS,52,6.2,309.4,13.9,D,0
-24.8133,147.9369,331.4,1.1,1.1,2014-11-14,0349,Aqua,MODIS,55,6.2,310.1,14.5,D,0
-24.9824,148.1231,328.6,1.1,1.1,2014-11-14,0349,Aqua,MODIS,44,6.2,308.5,16.1,D,0
-24.9906,148.1348,332.7,1.1,1,2014-11-14,0349,Aqua,MODIS,69,6.2,304.5,24.1,D,0
-24.8244,147.8489,334.5,1.1,1.1,2014-11-14,0349,Aqua,MODIS,37,6.2,309,21.3,D,0
-24.8661,147.9797,334.7,1.1,1.1,2014-11-14,0349,Aqua,MODIS,63,6.2,310.9,20.4,D,0
-24.8616,148.706,350.8,1.1,1,2014-11-14,0349,Aqua,MODIS,93,6.2,316.1,44.9,D,0
-24.9608,148.6537,353.8,1.1,1,2014-11-14,0349,Aqua,MODIS,95,6.2,316.4,51.9,D,0
-25.5759,147.8498,337.9,1.2,1.1,2014-11-14,0349,Aqua,MODIS,71,6.2,319.1,19.3,D,0
-24.9024,148.1037,333.7,1.1,1.1,2014-11-14,0349,Aqua,MODIS,71,6.2,305.7,24.7,D,0
-24.8552,147.9888,332.4,1.1,1.1,2014-11-14,0349,Aqua,MODIS,56,6.2,310.3,15.6,D,0
-24.8479,148.0448,355,1.1,1.1,2014-11-14,0349,Aqua,MODIS,96,6.2,307.8,67.6,D,0
-24.7481,147.9549,331.1,1.1,1.1,2014-11-14,0349,Aqua,MODIS,61,6.2,309.6,17,D,0
-24.8014,147.9182,328.3,1.1,1.1,2014-11-14,0349,Aqua,MODIS,37,6.2,307.2,14.6,D,0
-24.9516,148.6522,337.8,1.1,1,2014-11-14,0349,Aqua,MODIS,77,6.2,313.8,16.5,D,0
-24.8065,147.9144,337.3,1.1,1.1,2014-11-14,0349,Aqua,MODIS,75,6.2,307.9,28.2,D,0
-24.9934,148.1128,331.9,1.1,1.1,2014-11-14,0349,Aqua,MODIS,65,6.2,307.3,22.1,D,0
-24.8644,148.685,333.8,1.1,1,2014-11-14,0349,Aqua,MODIS,68,6.2,314.8,14.4,D,0
-24.8445,148.6924,334.3,1.1,1,2014-11-14,0349,Aqua,MODIS,35,6.2,315.6,13.1,D,0
-24.8537,148.6939,334.9,1.1,1,2014-11-14,0349,Aqua,MODIS,15,6.2,314.7,13.3,D,0
-24.9594,148.6642,361.1,1.1,1,2014-11-14,0349,Aqua,MODIS,100,6.2,312.5,72.7,D,0
-24.8566,147.9779,343.7,1.1,1.1,2014-11-14,0349,Aqua,MODIS,86,6.2,310.5,37.8,D,0
-24.8523,148.7045,337.9,1.1,1,2014-11-14,0349,Aqua,MODIS,54,6.2,314.3,17.5,D,0
-24.8551,148.6835,335.3,1.1,1,2014-11-14,0349,Aqua,MODIS,44,6.2,314,15.5,D,0
-24.8386,148.0427,332.1,1.1,1.1,2014-11-14,0349,Aqua,MODIS,36,6.2,307.7,16.6,D,0
-24.8306,148.0298,334.3,1.1,1.1,2014-11-14,0349,Aqua,MODIS,36,6.2,311.1,17.3,D,0
-24.992,148.1239,346,1.1,1.1,2014-11-14,0349,Aqua,MODIS,89,6.2,307.4,49,D,0
-24.799,147.8611,340.9,1.1,1.1,2014-11-14,0349,Aqua,MODIS,83,6.2,307.3,38.8,D,0
-24.84,148.0319,334.7,1.1,1.1,2014-11-14,0349,Aqua,MODIS,58,6.2,310.4,18.8,D,0
-26.7945,150.2041,337.1,1,1,2014-11-14,0349,Aqua,MODIS,75,6.2,318.5,12.5,D,0
-24.9501,148.6628,347.4,1.1,1,2014-11-14,0349,Aqua,MODIS,90,6.2,312.8,35.6,D,0
-25.4765,150.4291,343.3,1,1,2014-11-14,0349,Aqua,MODIS,85,6.2,315.6,26.6,D,0
-25.0029,148.1139,348.6,1.1,1.1,2014-11-14,0349,Aqua,MODIS,91,6.2,307.3,57.5,D,0
-24.7882,147.6394,345.7,1.2,1.1,2014-11-14,0349,Aqua,MODIS,88,6.2,310.6,48.9,D,0
-24.7467,147.9656,338,1.1,1.1,2014-11-14,0349,Aqua,MODIS,79,6.2,309.4,28.1,D,0
-24.7344,147.986,331.5,1.1,1.1,2014-11-14,0349,Aqua,MODIS,57,6.2,309.9,18.4,D,0
-24.7867,147.651,328.9,1.2,1.1,2014-11-14,0349,Aqua,MODIS,38,6.2,310.4,15.9,D,0
-24.7964,147.6523,334.6,1.2,1.1,2014-11-14,0349,Aqua,MODIS,72,6.2,309.5,23.7,D,0
-24.4892,151.6889,332.3,1.1,1,2014-11-14,0349,Aqua,MODIS,74,6.2,307.3,17.9,D,0
-24.9423,148.6507,337.3,1.1,1,2014-11-14,0349,Aqua,MODIS,78,6.2,313,15.7,D,0
-27.2387,152.4387,338.7,1.1,1,2014-11-14,0349,Aqua,MODIS,78,6.2,311.1,21.7,D,0
-24.9251,148.6372,345.5,1.1,1,2014-11-14,0349,Aqua,MODIS,89,6.2,319.7,31.1,D,0
-25.463,152.1879,328.1,1.1,1,2014-11-14,0349,Aqua,MODIS,52,6.2,310.3,11.6,D,0
-24.9224,148.6582,337.3,1.1,1,2014-11-14,0349,Aqua,MODIS,67,6.2,314.2,16.8,D,0
-24.9237,148.6477,374.1,1.1,1,2014-11-14,0349,Aqua,MODIS,100,6.2,318.8,115.9,D,0
-24.7127,148.0046,333,1.1,1.1,2014-11-14,0349,Aqua,MODIS,62,6.2,312.1,21.4,D,0
-24.7112,148.0157,334.4,1.1,1.1,2014-11-14,0349,Aqua,MODIS,71,6.2,311.8,22.4,D,0
-27.2403,152.4281,372.2,1.1,1,2014-11-14,0349,Aqua,MODIS,100,6.2,314.1,110.3,D,0
-24.6962,148.0577,340.7,1.1,1.1,2014-11-14,0349,Aqua,MODIS,83,6.2,308,32,D,0
-24.7152,148.0606,335.2,1.1,1.1,2014-11-14,0349,Aqua,MODIS,74,6.2,309.5,23,D,0
-24.6929,148.0519,334.7,1.1,1.1,2014-11-14,0349,Aqua,MODIS,71,6.2,309,23.8,D,0
-27.2311,152.4263,334.5,1.1,1,2014-11-14,0349,Aqua,MODIS,55,6.2,314.3,14.3,D,0
-24.8647,147.9906,339.9,1.1,1.1,2014-11-14,0349,Aqua,MODIS,82,6.2,311.4,28.5,D,0
-24.9117,148.6672,345.7,1.1,1,2014-11-14,0349,Aqua,MODIS,89,6.2,315.9,35.3,D,0
-24.9131,148.6567,365.9,1.1,1,2014-11-14,0349,Aqua,MODIS,100,6.2,318.1,87.7,D,0
-24.9145,148.6462,350.9,1.1,1,2014-11-14,0349,Aqua,MODIS,93,6.2,317.5,44.8,D,0
-25.0015,148.1249,341.3,1.1,1.1,2014-11-14,0349,Aqua,MODIS,84,6.2,305,41.3,D,0
-27.719,150.4918,340.5,1,1,2014-11-14,0349,Aqua,MODIS,81,6.2,314.7,24.1,D,0
-23.3245,150.1777,363,1,1,2014-11-14,0350,Aqua,MODIS,100,6.2,313,74.9,D,0
-23.386,150.1983,359,1,1,2014-11-14,0350,Aqua,MODIS,99,6.2,308.9,68,D,0
-23.3958,150.1968,334.3,1,1,2014-11-14,0350,Aqua,MODIS,56,6.2,308.4,17.4,D,0
-23.3944,150.2065,334.3,1,1,2014-11-14,0350,Aqua,MODIS,41,6.2,308.9,15.6,D,0
-23.4034,150.2081,331.1,1,1,2014-11-14,0350,Aqua,MODIS,41,6.2,312.4,11.7,D,0
-23.3349,150.1695,329.4,1,1,2014-11-14,0350,Aqua,MODIS,27,6.2,307.3,10.5,D,0
-23.3231,150.1875,342.7,1,1,2014-11-14,0350,Aqua,MODIS,81,6.2,312.9,27,D,0
-23.3141,150.1859,335.7,1,1,2014-11-14,0350,Aqua,MODIS,33,6.2,314.2,16.2,D,0
-23.3259,150.1679,354.1,1,1,2014-11-14,0350,Aqua,MODIS,96,6.2,312.8,54.6,D,0
-23.3875,150.1886,328.4,1,1,2014-11-14,0350,Aqua,MODIS,23,6.2,306.9,12.2,D,0
-21.6818,141.1583,332.6,2.8,1.6,2014-11-14,0350,Aqua,MODIS,56,6.2,317.9,33.5,D,0
-23.4426,150.4458,336,1,1,2014-11-14,0350,Aqua,MODIS,76,6.2,310.2,18,D,0
-22.7102,150.3591,331.6,1,1,2014-11-14,0350,Aqua,MODIS,57,6.2,310.1,15.8,D,0
-22.7116,150.3493,331.6,1,1,2014-11-14,0350,Aqua,MODIS,47,6.2,310.1,14.8,D,0
-22.7007,150.2974,345.6,1,1,2014-11-14,0350,Aqua,MODIS,90,6.2,309.5,35.9,D,0
-22.7021,150.2876,368.6,1,1,2014-11-14,0350,Aqua,MODIS,100,6.2,310.4,96,D,0
-22.7036,150.2779,327.3,1,1,2014-11-14,0350,Aqua,MODIS,17,6.2,307.3,9.7,D,0
-22.6903,150.3056,337.3,1,1,2014-11-14,0350,Aqua,MODIS,81,6.2,310.1,22.2,D,0
-22.6917,150.2958,348.6,1,1,2014-11-14,0350,Aqua,MODIS,92,6.2,309.7,42.3,D,0
-22.6931,150.2861,337,1,1,2014-11-14,0350,Aqua,MODIS,81,6.2,308.6,22,D,0
-23.1194,146.2639,338,1.3,1.1,2014-11-14,0350,Aqua,MODIS,76,6.2,313.8,31.5,D,0
-23.1091,146.2626,355.5,1.3,1.1,2014-11-14,0350,Aqua,MODIS,96,6.2,315.4,82.7,D,0
-22.7234,150.3871,334.3,1,1,2014-11-14,0350,Aqua,MODIS,71,6.2,310,17.7,D,0
-22.7192,150.3607,327.6,1,1,2014-11-14,0350,Aqua,MODIS,53,6.2,310.4,11.4,D,0
-23.1107,146.2497,357.5,1.3,1.1,2014-11-14,0350,Aqua,MODIS,98,6.2,317.8,91.4,D,0
-23.3963,147.8633,351.8,1.1,1,2014-11-14,0350,Aqua,MODIS,93,6.2,312.9,49,D,0
-23.3869,147.8618,340.5,1.1,1,2014-11-14,0350,Aqua,MODIS,80,6.2,315.2,24,D,0
-23.3761,147.8713,339.2,1.1,1,2014-11-14,0350,Aqua,MODIS,78,6.2,316,21.6,D,0
-22.8257,150.3213,344.4,1,1,2014-11-14,0350,Aqua,MODIS,89,6.2,310.5,36.2,D,0
-22.8272,150.3116,347.5,1,1,2014-11-14,0350,Aqua,MODIS,91,6.2,309.2,41.5,D,0
-22.8286,150.3018,336.4,1,1,2014-11-14,0350,Aqua,MODIS,53,6.2,309.1,22.2,D,0
-22.8189,150.3035,334,1,1,2014-11-14,0350,Aqua,MODIS,49,6.2,308,17.4,D,0
-22.8099,150.3019,332.8,1,1,2014-11-14,0350,Aqua,MODIS,58,6.2,307.8,15.9,D,0
-23.3949,147.8741,350.2,1.1,1,2014-11-14,0350,Aqua,MODIS,92,6.2,311.4,44.3,D,0
-23.3855,147.8727,359,1.1,1,2014-11-14,0350,Aqua,MODIS,99,6.2,316,68.7,D,0
-20.7552,148.4019,332.5,1,1,2014-11-14,0350,Aqua,MODIS,73,6.2,307,20.8,D,0
-20.7461,148.4007,328.6,1,1,2014-11-14,0350,Aqua,MODIS,53,6.2,304,16.3,D,0
-23.1209,146.2511,340.4,1.3,1.1,2014-11-14,0350,Aqua,MODIS,80,6.2,312.6,38.8,D,0
-24.1244,149.0667,333.7,1,1,2014-11-14,0350,Aqua,MODIS,39,6.2,313.5,13.8,D,0
-24.1153,149.0652,332.6,1,1,2014-11-14,0350,Aqua,MODIS,41,6.2,313.9,12.4,D,0
-24.4337,146.8148,348.7,1.3,1.1,2014-11-14,0350,Aqua,MODIS,91,6.2,313.7,57,D,0
-22.9656,149.8665,361.1,1,1,2014-11-14,0350,Aqua,MODIS,100,6.2,311.8,70.1,D,0
-22.967,149.8568,361.8,1,1,2014-11-14,0350,Aqua,MODIS,100,6.2,311.4,72.4,D,0
-22.9684,149.8471,339.6,1,1,2014-11-14,0350,Aqua,MODIS,83,6.2,310.2,24.6,D,0
-22.9566,149.865,327.6,1,1,2014-11-14,0350,Aqua,MODIS,27,6.2,311.5,6.9,D,0
-22.958,149.8553,343.6,1,1,2014-11-14,0350,Aqua,MODIS,87,6.2,310.3,31,D,0
-22.9324,149.841,331.8,1,1,2014-11-14,0350,Aqua,MODIS,57,6.2,310.9,12.6,D,0
-22.9338,149.8313,336,1,1,2014-11-14,0350,Aqua,MODIS,78,6.2,309,19.6,D,0
-24.0168,149.0427,331.1,1,1,2014-11-14,0350,Aqua,MODIS,46,6.2,312,11.2,D,0
-22.9352,149.8216,329.1,1,1,2014-11-14,0350,Aqua,MODIS,62,6.2,308.5,11.4,D,0
-19.5834,143.0513,350.8,1.9,1.4,2014-11-14,0351,Aqua,MODIS,93,6.2,319.2,102.2,D,0
-19.4678,142.7965,357.5,2,1.4,2014-11-14,0351,Aqua,MODIS,98,6.2,318.1,157.6,D,0
-19.4656,142.8156,364.9,2,1.4,2014-11-14,0351,Aqua,MODIS,100,6.2,319.2,212.2,D,0
-19.4692,142.8016,370.9,2,1.4,2014-11-14,0351,Aqua,MODIS,100,6.2,318.9,269.9,D,0
-19.4672,142.8207,349.7,2,1.4,2014-11-14,0351,Aqua,MODIS,92,6.2,318,109.1,D,0
-19.4532,142.814,343.3,2,1.4,2014-11-14,0351,Aqua,MODIS,86,6.2,319.5,70.6,D,0
-18.9414,141.9114,344.2,2.3,1.5,2014-11-14,0351,Aqua,MODIS,87,6.2,318.1,94.8,D,0
-19.4383,142.9459,339.5,2,1.4,2014-11-14,0351,Aqua,MODIS,76,6.2,320.1,46,D,0
-18.9314,141.9034,338.5,2.3,1.5,2014-11-14,0351,Aqua,MODIS,53,6.2,318.2,55.7,D,0
-19.4553,142.7949,336,2,1.4,2014-11-14,0351,Aqua,MODIS,74,6.2,318,38.5,D,0
-18.9446,141.905,340.3,2.3,1.5,2014-11-14,0351,Aqua,MODIS,78,6.2,317.3,71.8,D,0
-19.5855,143.0328,346.2,1.9,1.4,2014-11-14,0351,Aqua,MODIS,89,6.2,319.9,78,D,0
-18.8743,141.847,339.1,2.3,1.5,2014-11-14,0351,Aqua,MODIS,57,6.2,318.2,53.9,D,0
-18.8831,141.8533,336.4,2.3,1.5,2014-11-14,0351,Aqua,MODIS,31,6.2,319.4,39.1,D,0
-18.918,146.0584,330.4,1.2,1.1,2014-11-14,0351,Aqua,MODIS,72,6.2,305.1,26.2,D,0
-19.9059,143.9081,332.3,1.7,1.3,2014-11-14,0351,Aqua,MODIS,55,6.2,315.7,30.4,D,0
-18.6337,137.9023,330.1,4.5,2,2014-11-14,0351,Aqua,MODIS,59,6.2,303.6,106.2,D,0
-19.9074,143.9196,346.1,1.7,1.3,2014-11-14,0351,Aqua,MODIS,77,6.2,318.7,71.2,D,0
-21.1662,140.3921,333.5,3.2,1.7,2014-11-14,0351,Aqua,MODIS,64,6.2,316.2,51.9,D,0
-19.8844,143.9166,332.9,1.7,1.3,2014-11-14,0351,Aqua,MODIS,58,6.2,317.1,31,D,0
-19.904,143.9245,348.6,1.7,1.3,2014-11-14,0351,Aqua,MODIS,90,6.2,318.5,85.3,D,0
-19.9054,143.9359,362.6,1.7,1.3,2014-11-14,0351,Aqua,MODIS,100,6.2,320.2,152.7,D,0
-18.1456,143.6707,336.5,1.7,1.3,2014-11-14,0351,Aqua,MODIS,76,6.2,317.8,33,D,0
-19.9022,143.9408,340.7,1.7,1.3,2014-11-14,0351,Aqua,MODIS,77,6.2,318.7,50.4,D,0
-19.9137,143.9422,349.7,1.7,1.3,2014-11-14,0351,Aqua,MODIS,91,6.2,317.8,88.2,D,0
-18.634,137.9098,327.7,4.5,2,2014-11-14,0351,Aqua,MODIS,47,6.2,302.7,84.4,D,0
-19.8889,143.9553,334.1,1.7,1.3,2014-11-14,0351,Aqua,MODIS,30,6.2,315.2,27.7,D,0
-18.1475,143.6548,336.1,1.7,1.3,2014-11-14,0351,Aqua,MODIS,75,6.2,317.1,31.7,D,0
-19.9155,143.926,360.8,1.7,1.3,2014-11-14,0351,Aqua,MODIS,100,6.2,316.4,147.2,D,0
-19.8806,143.9489,337.7,1.7,1.3,2014-11-14,0351,Aqua,MODIS,76,6.2,315.3,43.1,D,0
-19.8825,143.9327,336,1.7,1.3,2014-11-14,0351,Aqua,MODIS,72,6.2,317.4,39.8,D,0
-17.0649,143.0931,339.9,1.8,1.3,2014-11-14,0352,Aqua,MODIS,76,6.2,316.9,40.6,D,0
-17.2137,142.7607,337,1.9,1.3,2014-11-14,0352,Aqua,MODIS,70,6.2,317.7,33.1,D,0
-16.9127,142.9989,348.6,1.8,1.3,2014-11-14,0352,Aqua,MODIS,91,6.2,315.7,85,D,0
-13.9973,141.7669,333,2,1.4,2014-11-14,0352,Aqua,MODIS,58,6.2,303.8,47.5,D,0
-17.2001,143.1893,350.8,1.7,1.3,2014-11-14,0352,Aqua,MODIS,93,6.2,317.4,87,D,0
-17.1651,143.1847,338.2,1.7,1.3,2014-11-14,0352,Aqua,MODIS,32,6.2,318.7,30.1,D,0
-16.9324,143.0353,336.5,1.8,1.3,2014-11-14,0352,Aqua,MODIS,44,6.2,316.2,30.4,D,0
-17.1227,142.611,336.7,1.9,1.4,2014-11-14,0352,Aqua,MODIS,75,6.2,316.9,33.8,D,0
-17.1281,142.5983,337.2,1.9,1.4,2014-11-14,0352,Aqua,MODIS,72,6.2,316.6,32.9,D,0
-17.1261,142.6164,335.9,1.9,1.4,2014-11-14,0352,Aqua,MODIS,61,6.2,317.5,27,D,0
-17.2118,143.1907,353.7,1.7,1.3,2014-11-14,0352,Aqua,MODIS,95,6.2,315.4,105.8,D,0
-16.9207,143.0338,334.6,1.8,1.3,2014-11-14,0352,Aqua,MODIS,54,6.2,313.9,26.2,D,0
-16.9066,142.9931,362.5,1.8,1.3,2014-11-14,0352,Aqua,MODIS,100,6.2,314.8,163.3,D,0
-16.9009,142.9974,356.5,1.8,1.3,2014-11-14,0352,Aqua,MODIS,97,6.2,314.3,126.5,D,0
-16.9319,141.0557,332.2,2.5,1.5,2014-11-14,0352,Aqua,MODIS,65,6.2,304.1,59.8,D,0
-13.907,143.5084,321.3,1.5,1.2,2014-11-14,0352,Aqua,MODIS,47,6.2,298,17.8,D,0
-17.1382,142.5074,334.8,2,1.4,2014-11-14,0352,Aqua,MODIS,67,6.2,312,41.4,D,0
-16.9046,143.0097,345.8,1.8,1.3,2014-11-14,0352,Aqua,MODIS,88,6.2,314.8,70.8,D,0
-17.1357,142.5021,335.1,2,1.4,2014-11-14,0352,Aqua,MODIS,72,6.2,311.6,42.4,D,0
-17.0317,143.072,341.6,1.8,1.3,2014-11-14,0352,Aqua,MODIS,82,6.2,318.2,47.6,D,0
-17.0434,143.0735,338.6,1.8,1.3,2014-11-14,0352,Aqua,MODIS,69,6.2,316.9,35.2,D,0
-17.0669,143.0765,337.1,1.8,1.3,2014-11-14,0352,Aqua,MODIS,69,6.2,316.4,28.3,D,0
-16.9258,141.0498,335.9,2.5,1.5,2014-11-14,0352,Aqua,MODIS,67,6.2,304.7,80.1,D,0
-17.0082,143.069,338.7,1.8,1.3,2014-11-14,0352,Aqua,MODIS,55,6.2,317.6,35.1,D,0
-17.02,143.0706,336.1,1.8,1.3,2014-11-14,0352,Aqua,MODIS,57,6.2,317,27.8,D,0
-17.0843,143.129,337,1.8,1.3,2014-11-14,0352,Aqua,MODIS,45,6.2,316.7,30.2,D,0
-17.1126,143.1544,349.3,1.7,1.3,2014-11-14,0352,Aqua,MODIS,92,6.2,319,75.9,D,0
-17.0911,143.1349,342.5,1.8,1.3,2014-11-14,0352,Aqua,MODIS,78,6.2,317.5,48.2,D,0
-14.0616,141.7563,329,2,1.4,2014-11-14,0352,Aqua,MODIS,49,6.2,297.5,41.6,D,0
-14.7078,142.4824,337.7,1.8,1.3,2014-11-14,0352,Aqua,MODIS,68,6.2,303.8,51.5,D,0
-11.4808,142.5573,315.1,1.6,1.2,2014-11-14,0353,Aqua,MODIS,38,6.2,296.5,14.4,D,0
-13.9558,141.799,330,2,1.4,2014-11-14,0353,Aqua,MODIS,54,6.2,305.9,41.2,D,0
-13.4015,143.4515,315,1.5,1.2,2014-11-14,0353,Aqua,MODIS,39,6.2,293.6,15.6,D,0
-12.7136,142.8351,326,1.6,1.2,2014-11-14,0353,Aqua,MODIS,70,6.2,297.8,27.6,D,0
-12.5796,141.8335,323.5,1.9,1.3,2014-11-14,0353,Aqua,MODIS,0,6.2,295.7,36.8,D,0
-11.1325,142.3361,313.4,1.6,1.3,2014-11-14,0353,Aqua,MODIS,55,6.2,277.6,15.3,D,0
-12.7043,142.8188,319.6,1.6,1.2,2014-11-14,0353,Aqua,MODIS,57,6.2,296.7,15.6,D,0
-12.5395,143.0376,327.8,1.5,1.2,2014-11-14,0353,Aqua,MODIS,40,6.2,298.3,29.6,D,0
-11.1514,142.4493,326,1.6,1.2,2014-11-14,0353,Aqua,MODIS,79,6.2,290,34.5,D,0
-13.0608,143.3403,315.7,1.5,1.2,2014-11-14,0353,Aqua,MODIS,20,6.2,296.7,14.7,D,0
-13.0591,143.3538,320.2,1.5,1.2,2014-11-14,0353,Aqua,MODIS,57,6.2,296.3,20.8,D,0
-12.5609,142.8672,319.2,1.6,1.2,2014-11-14,0353,Aqua,MODIS,26,6.2,295.5,15,D,0
-12.5591,142.8817,325.3,1.6,1.2,2014-11-14,0353,Aqua,MODIS,76,6.2,299.5,29.2,D,0
-12.5203,143.0011,323.2,1.5,1.2,2014-11-14,0353,Aqua,MODIS,55,6.2,296.1,23.8,D,0
-29.5361,124.7942,320.6,1.1,1,2014-11-14,0527,Aqua,MODIS,68,6.2,295.7,13.9,D,0
-29.5375,124.7831,320.9,1.1,1,2014-11-14,0527,Aqua,MODIS,49,6.2,300,14.9,D,0
-29.5173,124.791,325.7,1.1,1,2014-11-14,0527,Aqua,MODIS,32,6.2,296.6,15.8,D,0
-29.5253,124.8037,336.8,1.1,1,2014-11-14,0527,Aqua,MODIS,87,6.2,287.3,33.7,D,0
-29.5267,124.7926,332,1.1,1,2014-11-14,0527,Aqua,MODIS,78,6.2,291.5,26.1,D,0
-29.5145,124.8132,356,1.1,1,2014-11-14,0527,Aqua,MODIS,98,6.2,293.2,77.1,D,0
-29.47,124.823,325.3,1.1,1,2014-11-14,0527,Aqua,MODIS,61,6.2,295,17.7,D,0
-29.4823,124.8025,343.5,1.1,1,2014-11-14,0527,Aqua,MODIS,87,6.2,302.4,44.6,D,0
-29.4729,124.8009,327.3,1.1,1,2014-11-14,0527,Aqua,MODIS,75,6.2,300.5,18.6,D,0
-29.4808,124.8135,373.4,1.1,1,2014-11-14,0527,Aqua,MODIS,75,6.2,302.2,133.2,D,0
-29.5118,124.7961,343.8,1.1,1,2014-11-14,0527,Aqua,MODIS,81,6.2,299.4,47.2,D,0
-29.4715,124.812,366.4,1.1,1,2014-11-14,0527,Aqua,MODIS,94,6.2,304.3,107.2,D,0
-19.8621,131.4083,376.9,2.3,1.5,2014-11-14,0529,Aqua,MODIS,94,6.2,307.2,394.7,D,0
-19.6905,131.3378,338.3,2.3,1.5,2014-11-14,0529,Aqua,MODIS,56,6.2,307,86.2,D,0
-19.8683,131.4396,356.8,2.3,1.5,2014-11-14,0529,Aqua,MODIS,85,6.2,303.6,182.7,D,0
-19.8723,131.4181,341.5,2.3,1.5,2014-11-14,0529,Aqua,MODIS,75,6.2,308.6,69.8,D,0
-19.8712,131.4325,361.6,2.3,1.5,2014-11-14,0529,Aqua,MODIS,94,6.2,304.8,229,D,0
-19.8581,131.4297,419.7,2.3,1.5,2014-11-14,0529,Aqua,MODIS,94,6.2,311.8,1242.5,D,0
-19.8541,131.4514,347.1,2.3,1.5,2014-11-14,0529,Aqua,MODIS,79,6.2,298.8,123.1,D,0
-22.4399,118.1489,338.5,2.2,1.4,2014-11-14,0529,Aqua,MODIS,35,6.2,313.7,61.7,D,0
-22.4442,118.1231,347.6,2.2,1.4,2014-11-14,0529,Aqua,MODIS,76,6.2,309.7,118.4,D,0
-22.4441,118.1069,346.5,2.2,1.4,2014-11-14,0529,Aqua,MODIS,79,6.2,308.4,119.5,D,0
-22.4506,118.1721,379.2,2.2,1.4,2014-11-14,0529,Aqua,MODIS,100,6.2,314.4,402.5,D,0
-22.4503,118.1886,334.8,2.2,1.4,2014-11-14,0529,Aqua,MODIS,54,6.2,309.7,40.7,D,0
-22.4526,118.167,370.9,2.2,1.4,2014-11-14,0529,Aqua,MODIS,100,6.2,312.9,305.3,D,0
-22.4375,118.1863,332.1,2.2,1.4,2014-11-14,0529,Aqua,MODIS,59,6.2,313.8,25.6,D,0
-22.4397,118.165,347.6,2.2,1.4,2014-11-14,0529,Aqua,MODIS,91,6.2,315.2,106.8,D,0
-23.102,118.002,328.4,2.3,1.5,2014-11-14,0529,Aqua,MODIS,52,6.2,315.2,29.5,D,0
-22.4528,118.1503,378.5,2.2,1.4,2014-11-14,0529,Aqua,MODIS,100,6.2,312.7,400.1,D,0
-22.4138,118.036,341.8,2.2,1.4,2014-11-14,0529,Aqua,MODIS,83,6.2,306.2,99.3,D,0
-22.442,118.128,349.7,2.2,1.4,2014-11-14,0529,Aqua,MODIS,78,6.2,310.6,129.4,D,0
-22.3543,118.2321,332.6,2.1,1.4,2014-11-14,0529,Aqua,MODIS,68,6.2,313.7,40.9,D,0
-22.3538,118.239,334.2,2.1,1.4,2014-11-14,0529,Aqua,MODIS,69,6.2,314.2,46.7,D,0
-22.4549,118.1456,347.5,2.2,1.4,2014-11-14,0529,Aqua,MODIS,76,6.2,310.2,117.1,D,0
-22.442,118.1442,358.7,2.2,1.4,2014-11-14,0529,Aqua,MODIS,99,6.2,313.7,187.5,D,0
-22.3601,118.1769,330.7,2.2,1.4,2014-11-14,0529,Aqua,MODIS,42,6.2,314.7,28.3,D,0
-22.4356,118.0807,336.2,2.2,1.4,2014-11-14,0529,Aqua,MODIS,52,6.2,309.6,62.6,D,0
-22.4333,118.1018,335.5,2.2,1.4,2014-11-14,0529,Aqua,MODIS,47,6.2,310.8,56.4,D,0
-22.4351,118.0645,335.1,2.2,1.4,2014-11-14,0529,Aqua,MODIS,66,6.2,308.3,67.4,D,0
-21.7476,131.282,374.8,2,1.4,2014-11-14,0529,Aqua,MODIS,100,6.2,310.3,326.8,D,0
-19.705,131.3261,350.1,2.3,1.5,2014-11-14,0529,Aqua,MODIS,81,6.2,305,156.7,D,0
-21.7423,131.2937,389.6,2,1.4,2014-11-14,0529,Aqua,MODIS,100,6.2,310.2,507.3,D,0
-19.6944,131.3164,342.5,2.3,1.5,2014-11-14,0529,Aqua,MODIS,75,6.2,308.8,109.1,D,0
-21.7439,131.3015,388.4,2,1.4,2014-11-14,0529,Aqua,MODIS,100,6.2,309.6,495.6,D,0
-19.7074,131.3192,332,2.3,1.5,2014-11-14,0529,Aqua,MODIS,34,6.2,303.1,54.9,D,0
-21.7459,131.2742,341.2,2,1.4,2014-11-14,0529,Aqua,MODIS,86,6.2,307.8,76.6,D,0
-19.7035,131.3406,330.1,2.3,1.5,2014-11-14,0529,Aqua,MODIS,0,6.2,292.9,48.7,D,0
-16.2697,132.6357,336.1,3.3,1.7,2014-11-14,0530,Aqua,MODIS,57,6.2,308.5,91.1,D,0
-15.5329,131.0146,330.7,2.6,1.6,2014-11-14,0530,Aqua,MODIS,64,6.2,300.3,50.1,D,0
-15.5411,131.009,336.3,2.6,1.6,2014-11-14,0530,Aqua,MODIS,81,6.2,302.8,84.6,D,0
-15.5373,130.9906,338.8,2.6,1.5,2014-11-14,0530,Aqua,MODIS,80,6.2,307,98.7,D,0
-17.0182,133.7307,330.7,3.9,1.8,2014-11-14,0530,Aqua,MODIS,53,6.2,306,92,D,0
-17.0254,133.695,333.3,3.8,1.8,2014-11-14,0530,Aqua,MODIS,73,6.2,305.5,110.2,D,0
-17.0282,133.725,332.9,3.9,1.8,2014-11-14,0530,Aqua,MODIS,64,6.2,305.1,113.8,D,0
-16.9736,133.9502,327.7,4,1.9,2014-11-14,0530,Aqua,MODIS,48,6.2,299.8,99.4,D,0
-16.9852,133.9448,346,4,1.9,2014-11-14,0530,Aqua,MODIS,89,6.2,304.5,312.9,D,0
-16.9686,133.9412,338.1,4,1.9,2014-11-14,0530,Aqua,MODIS,70,6.2,294.6,199.2,D,0
-16.9978,133.9165,348.5,4,1.9,2014-11-14,0530,Aqua,MODIS,92,6.2,302.2,353.4,D,0
-16.9812,133.9129,365.6,4,1.9,2014-11-14,0530,Aqua,MODIS,100,6.2,304.4,669.9,D,0
-16.9926,133.9075,361.5,4,1.9,2014-11-14,0530,Aqua,MODIS,100,6.2,303.6,579.6,D,0
-16.976,133.9038,344,4,1.9,2014-11-14,0530,Aqua,MODIS,83,6.2,301.1,275.8,D,0
-17.0527,132.1544,331.8,3,1.6,2014-11-14,0530,Aqua,MODIS,41,6.2,307.8,47.1,D,0
-17.0537,132.1499,332.1,3,1.6,2014-11-14,0530,Aqua,MODIS,30,6.2,308.5,54,D,0
-17.0164,132.8183,342.6,3.3,1.7,2014-11-14,0530,Aqua,MODIS,86,6.2,303.5,173.6,D,0
-16.9586,132.8261,341.2,3.3,1.7,2014-11-14,0530,Aqua,MODIS,85,6.2,308.8,138,D,0
-17.1579,132.8859,339.9,3.3,1.7,2014-11-14,0530,Aqua,MODIS,83,6.2,310.5,110.5,D,0
-17.1365,132.9136,338.7,3.4,1.7,2014-11-14,0530,Aqua,MODIS,82,6.2,309,107,D,0
-17.1425,132.8826,344.9,3.3,1.7,2014-11-14,0530,Aqua,MODIS,89,6.2,309.9,162.2,D,0
-17.1427,132.9098,345.4,3.4,1.7,2014-11-14,0530,Aqua,MODIS,89,6.2,309.4,177.8,D,0
-17.1485,132.8788,338,3.3,1.7,2014-11-14,0530,Aqua,MODIS,81,6.2,310.8,94.2,D,0
-16.867,132.9699,333.3,3.4,1.7,2014-11-14,0530,Aqua,MODIS,60,6.2,309.7,79.2,D,0
-16.8731,132.938,335.7,3.4,1.7,2014-11-14,0530,Aqua,MODIS,79,6.2,309.4,104.5,D,0
-16.7444,133.9528,334.8,4.1,1.9,2014-11-14,0530,Aqua,MODIS,64,6.2,302.1,161.7,D,0
-16.9161,132.8818,331.7,3.4,1.7,2014-11-14,0530,Aqua,MODIS,51,6.2,308.2,56.5,D,0
-16.8725,132.7757,332.8,3.3,1.7,2014-11-14,0530,Aqua,MODIS,73,6.2,309.8,69.3,D,0
-16.8784,132.745,334.5,3.3,1.7,2014-11-14,0530,Aqua,MODIS,77,6.2,309.6,76.5,D,0
-16.8761,132.7688,334.3,3.3,1.7,2014-11-14,0530,Aqua,MODIS,77,6.2,310.4,80.6,D,0
-19.6562,121.6934,334.8,1.2,1.1,2014-11-14,0530,Aqua,MODIS,76,6.2,303.7,26.1,D,0
-19.6451,121.7032,335.9,1.2,1.1,2014-11-14,0530,Aqua,MODIS,84,6.2,305.7,26.6,D,0
-19.6465,121.6921,376.5,1.2,1.1,2014-11-14,0530,Aqua,MODIS,100,6.2,310.9,157.5,D,0
-19.648,121.6809,359.3,1.2,1.1,2014-11-14,0530,Aqua,MODIS,99,6.2,308.8,88.8,D,0
-19.8569,121.6487,346.3,1.2,1.1,2014-11-14,0530,Aqua,MODIS,91,6.2,306.3,47,D,0
-17.0743,133.7056,327,3.8,1.8,2014-11-14,0530,Aqua,MODIS,41,6.2,304.6,62.7,D,0
-17.084,133.7,327.1,3.8,1.8,2014-11-14,0530,Aqua,MODIS,42,6.2,305.3,64.5,D,0
-15.6361,129.8605,347.3,2.1,1.4,2014-11-14,0530,Aqua,MODIS,78,6.2,295.7,132.1,D,0
-15.634,129.875,333,2.1,1.4,2014-11-14,0530,Aqua,MODIS,26,6.2,296.6,48.4,D,0
-15.6247,129.8535,351,2.1,1.4,2014-11-14,0530,Aqua,MODIS,94,6.2,304.2,144.4,D,0
-15.6119,129.8515,338.7,2.1,1.4,2014-11-14,0530,Aqua,MODIS,84,6.2,307.1,71.9,D,0
-17.6639,135.235,333.2,4.8,2,2014-11-14,0530,Aqua,MODIS,68,6.2,301.4,162.7,D,0
-17.6655,135.2271,334.2,4.8,2,2014-11-14,0530,Aqua,MODIS,71,6.2,302,178,D,0
-19.0527,123.6237,341.6,1,1,2014-11-14,0530,Aqua,MODIS,78,6.2,310,24.6,D,0
-15.1297,128.4975,339.3,1.7,1.3,2014-11-14,0531,Aqua,MODIS,85,6.2,303.6,56.9,D,0
-15.1181,128.4955,337.9,1.7,1.3,2014-11-14,0531,Aqua,MODIS,84,6.2,304.9,47.1,D,0
-15.2025,129.0183,329.8,1.9,1.3,2014-11-14,0531,Aqua,MODIS,61,6.2,305.3,22.6,D,0
-15.1039,128.5094,331.7,1.7,1.3,2014-11-14,0531,Aqua,MODIS,77,6.2,303.9,28.5,D,0
-15.1066,128.4935,330.2,1.7,1.3,2014-11-14,0531,Aqua,MODIS,62,6.2,304.6,21.6,D,0
-15.3259,124.7161,333,1,1,2014-11-14,0531,Aqua,MODIS,80,6.2,302.5,20.5,D,0
-15.3168,124.7147,333,1,1,2014-11-14,0531,Aqua,MODIS,57,6.2,303.8,19.8,D,0
-15.2808,124.7124,323.3,1,1,2014-11-14,0531,Aqua,MODIS,32,6.2,303.2,9,D,0
-14.0963,127.0791,339.3,1.4,1.2,2014-11-14,0531,Aqua,MODIS,81,6.2,300.4,43.5,D,0
-15.2331,129.0113,338,1.9,1.3,2014-11-14,0531,Aqua,MODIS,83,6.2,301.9,61.3,D,0
-15.2264,129.0226,343.3,1.9,1.3,2014-11-14,0531,Aqua,MODIS,89,6.2,303.7,78.7,D,0
-15.2293,129.0053,334.3,1.9,1.3,2014-11-14,0531,Aqua,MODIS,73,6.2,303,46.3,D,0
-15.2144,129.0204,344.9,1.9,1.3,2014-11-14,0531,Aqua,MODIS,90,6.2,304.4,83.1,D,0
-15.2174,129.0031,338.6,1.9,1.3,2014-11-14,0531,Aqua,MODIS,84,6.2,303.7,58.8,D,0
-15.1995,129.0356,335,1.9,1.3,2014-11-14,0531,Aqua,MODIS,80,6.2,304.6,37.8,D,0
-15.1043,128.9754,339.1,1.9,1.3,2014-11-14,0531,Aqua,MODIS,85,6.2,306.7,46.8,D,0
-15.127,128.5135,344.7,1.7,1.3,2014-11-14,0531,Aqua,MODIS,90,6.2,302.3,79.1,D,0
-14.0633,127.0544,330.6,1.4,1.2,2014-11-14,0531,Aqua,MODIS,19,6.2,303.6,17.2,D,0
-15.1964,128.9816,327.7,1.9,1.3,2014-11-14,0531,Aqua,MODIS,59,6.2,303.1,20,D,0
-15.1155,128.5114,341.8,1.7,1.3,2014-11-14,0531,Aqua,MODIS,88,6.2,304.1,63.8,D,0
-42.6476,147.5028,300.4,1,1,2014-11-14,1309,Terra,MODIS,26,6.2,279.9,7.2,N,0
-42.6206,147.4957,306.1,1,1,2014-11-14,1309,Terra,MODIS,67,6.2,279.7,10.3,N,0
-42.6189,147.5079,310.2,1,1,2014-11-14,1309,Terra,MODIS,80,6.2,279.9,13.6,N,0
-42.6459,147.5151,311.7,1,1,2014-11-14,1309,Terra,MODIS,83,6.2,280.3,14.4,N,0
-30.1327,152.146,305.5,2.4,1.5,2014-11-14,1312,Terra,MODIS,26,6.2,281.9,25.3,N,0
-30.1457,152.1514,306.1,2.4,1.5,2014-11-14,1312,Terra,MODIS,25,6.2,277.8,26.6,N,0
-28.4608,152.1401,302.2,2.6,1.6,2014-11-14,1313,Terra,MODIS,48,6.2,291.9,19,N,0
-24.8437,148.0376,307.2,1.7,1.3,2014-11-14,1314,Terra,MODIS,7,6.2,292.4,10.5,N,0
-24.969,148.6879,312.2,1.8,1.3,2014-11-14,1314,Terra,MODIS,29,6.2,296.4,18.8,N,0
-24.9722,148.6706,320.1,1.8,1.3,2014-11-14,1314,Terra,MODIS,100,6.2,297.4,35.7,N,0
-24.8508,148.6938,310.5,1.8,1.3,2014-11-14,1314,Terra,MODIS,61,6.2,295.5,17.6,N,0
-24.8221,147.8421,311.2,1.6,1.3,2014-11-14,1314,Terra,MODIS,42,6.2,292.4,16.4,N,0
-24.9478,148.1684,345,1.7,1.3,2014-11-14,1314,Terra,MODIS,100,6.2,294.4,109.6,N,0
-24.9447,148.1857,312.6,1.7,1.3,2014-11-14,1314,Terra,MODIS,85,6.2,293,20.8,N,0
-24.959,148.1719,320.7,1.7,1.3,2014-11-14,1314,Terra,MODIS,100,6.2,293.4,36.8,N,0
-24.8407,148.0537,309.8,1.7,1.3,2014-11-14,1314,Terra,MODIS,35,6.2,292.4,14.8,N,0
-24.7128,147.9989,306.4,1.7,1.3,2014-11-14,1314,Terra,MODIS,39,6.2,292.7,10.7,N,0
-24.9851,148.0934,318.9,1.7,1.3,2014-11-14,1314,Terra,MODIS,98,6.2,294.3,31.7,N,0
-24.8773,148.1122,302.1,1.7,1.3,2014-11-14,1314,Terra,MODIS,40,6.2,292,7.1,N,0
-24.9364,148.1659,319.5,1.7,1.3,2014-11-14,1314,Terra,MODIS,99,6.2,292.3,34.6,N,0
-24.9572,148.6852,313.5,1.8,1.3,2014-11-14,1314,Terra,MODIS,26,6.2,296.4,19.8,N,0
-23.3941,147.8673,314.4,1.7,1.3,2014-11-14,1314,Terra,MODIS,86,6.2,296.1,22.8,N,0
-23.3869,147.8602,307.1,1.7,1.3,2014-11-14,1314,Terra,MODIS,59,6.2,295.6,11.6,N,0
-24.9963,148.0963,318.3,1.7,1.3,2014-11-14,1314,Terra,MODIS,97,6.2,294.8,30.4,N,0
-24.8436,148.0486,313.6,1.7,1.3,2014-11-14,1314,Terra,MODIS,88,6.2,292.6,21.4,N,0
-23.384,147.8767,308.3,1.7,1.3,2014-11-14,1314,Terra,MODIS,71,6.2,295.6,13.6,N,0
-24.8474,148.7119,309.9,1.8,1.3,2014-11-14,1314,Terra,MODIS,32,6.2,294.9,17.3,N,0
-24.855,148.0509,312.1,1.7,1.3,2014-11-14,1314,Terra,MODIS,59,6.2,292.2,18.4,N,0
-24.9332,148.1836,305.3,1.7,1.3,2014-11-14,1314,Terra,MODIS,44,6.2,292.6,10.5,N,0
-24.8442,147.8484,315.1,1.6,1.3,2014-11-14,1314,Terra,MODIS,90,6.2,294.1,23.6,N,0
-24.8332,147.8449,318.3,1.6,1.3,2014-11-14,1314,Terra,MODIS,97,6.2,293.5,28.5,N,0
-24.7843,147.8605,305.6,1.6,1.3,2014-11-14,1314,Terra,MODIS,27,6.2,291.9,10.9,N,0
-24.8075,147.9231,321.5,1.6,1.3,2014-11-14,1314,Terra,MODIS,100,6.2,293.9,37,N,0
-24.722,147.948,302.6,1.6,1.3,2014-11-14,1314,Terra,MODIS,48,6.2,291.8,7.5,N,0
-24.8186,147.9259,306.2,1.6,1.3,2014-11-14,1314,Terra,MODIS,67,6.2,293,11.7,N,0
-24.6444,148.2437,308.1,1.7,1.3,2014-11-14,1314,Terra,MODIS,73,6.2,295,14.3,N,0
-24.8801,148.0966,303.1,1.7,1.3,2014-11-14,1314,Terra,MODIS,23,6.2,292.1,8,N,0
-24.9198,148.6535,314.8,1.8,1.3,2014-11-14,1314,Terra,MODIS,74,6.2,296.3,24.2,N,0
-24.9604,148.6679,335.7,1.8,1.3,2014-11-14,1314,Terra,MODIS,100,6.2,298.2,80.2,N,0
-24.9131,148.6574,310.3,1.8,1.3,2014-11-14,1314,Terra,MODIS,16,6.2,296.2,15.7,N,0
-24.9282,148.6425,314.7,1.8,1.3,2014-11-14,1314,Terra,MODIS,26,6.2,295.3,23.4,N,0
-24.9486,148.6651,342.9,1.8,1.3,2014-11-14,1314,Terra,MODIS,100,6.2,298.4,109.7,N,0
-24.8385,147.8802,311.9,1.6,1.3,2014-11-14,1314,Terra,MODIS,79,6.2,292.5,18.5,N,0
-24.8413,147.8643,309.4,1.6,1.3,2014-11-14,1314,Terra,MODIS,51,6.2,293.3,14.5,N,0
-24.8593,148.7142,317.3,1.8,1.3,2014-11-14,1314,Terra,MODIS,95,6.2,295.9,30.5,N,0
-24.908,148.6507,307.8,1.8,1.3,2014-11-14,1314,Terra,MODIS,16,6.2,296.1,12.2,N,0
-24.8349,148.0313,305,1.7,1.3,2014-11-14,1314,Terra,MODIS,45,6.2,293.1,8.7,N,0
-24.7784,147.6335,306.9,1.6,1.2,2014-11-14,1314,Terra,MODIS,69,6.2,294.6,10.4,N,0
-24.8712,148.7168,327.1,1.8,1.3,2014-11-14,1314,Terra,MODIS,100,6.2,296.8,55.7,N,0
-24.8679,148.7346,320.8,1.9,1.3,2014-11-14,1314,Terra,MODIS,100,6.2,296.4,40.6,N,0
-24.7008,148.0655,310.2,1.7,1.3,2014-11-14,1314,Terra,MODIS,62,6.2,295,15.8,N,0
-24.8858,148.5716,305.2,1.8,1.3,2014-11-14,1314,Terra,MODIS,63,6.2,294.6,10.9,N,0
-24.9934,148.1126,310.5,1.7,1.3,2014-11-14,1314,Terra,MODIS,57,6.2,293.9,16.7,N,0
-24.6896,148.0617,309.1,1.7,1.3,2014-11-14,1314,Terra,MODIS,76,6.2,294.1,14.8,N,0
-25.0047,148.1158,304.9,1.7,1.3,2014-11-14,1314,Terra,MODIS,52,6.2,293.5,10.3,N,0
-24.9906,148.1285,321.8,1.7,1.3,2014-11-14,1314,Terra,MODIS,100,6.2,294.3,37.6,N,0
-23.0997,146.2514,311,1.4,1.2,2014-11-14,1315,Terra,MODIS,81,6.2,296,12.7,N,0
-21.6694,141.143,320,1,1,2014-11-14,1315,Terra,MODIS,99,6.2,299.7,14.4,N,0
-21.6771,141.1542,311,1,1,2014-11-14,1315,Terra,MODIS,79,6.2,299.3,7,N,0
-17.5971,135.2086,307.1,1.9,1.3,2014-11-14,1316,Terra,MODIS,48,6.2,297,9.9,N,0
-18.9226,146.0551,306.7,1.6,1.2,2014-11-14,1316,Terra,MODIS,69,6.2,290.2,15.9,N,0
-19.9089,143.9251,311.1,1.1,1.1,2014-11-14,1316,Terra,MODIS,82,6.2,294.9,10.7,N,0
-19.91,143.9428,312.3,1.1,1.1,2014-11-14,1316,Terra,MODIS,85,6.2,295.2,11.3,N,0
-19.9134,143.9212,308.2,1.1,1.1,2014-11-14,1316,Terra,MODIS,74,6.2,294.6,8.2,N,0
-17.6278,135.2009,307.1,1.9,1.3,2014-11-14,1316,Terra,MODIS,24,6.2,296.9,9.5,N,0
-18.1461,143.6872,308,1.2,1.1,2014-11-14,1316,Terra,MODIS,71,6.2,296.6,7.4,N,0
-18.6149,137.8978,309.8,1.3,1.1,2014-11-14,1316,Terra,MODIS,65,6.2,298.7,7.4,N,0
-19.8768,143.9417,308.5,1.1,1.1,2014-11-14,1316,Terra,MODIS,75,6.2,294.2,8.6,N,0
-18.9225,146.0608,302.8,1.6,1.2,2014-11-14,1316,Terra,MODIS,51,6.2,289.9,11.9,N,0
-19.9117,143.932,322.8,1.1,1.1,2014-11-14,1316,Terra,MODIS,100,6.2,296.3,23.1,N,0
-18.622,137.9233,317.3,1.3,1.1,2014-11-14,1316,Terra,MODIS,73,6.2,298.8,14.7,N,0
-18.6505,137.933,310.6,1.3,1.1,2014-11-14,1316,Terra,MODIS,64,6.2,298.9,7.6,N,0
-19.9072,143.9359,319.9,1.1,1.1,2014-11-14,1316,Terra,MODIS,99,6.2,295.7,19.8,N,0
-18.6134,137.9098,309.4,1.3,1.1,2014-11-14,1316,Terra,MODIS,34,6.2,298.7,6.6,N,0
-19.8752,143.9525,311.6,1.1,1.1,2014-11-14,1316,Terra,MODIS,83,6.2,294.8,11.4,N,0
-19.7794,131.4085,302.6,3.9,1.8,2014-11-14,1316,Terra,MODIS,27,6.2,290,27.3,N,0
-19.7879,131.3786,302,3.9,1.8,2014-11-14,1316,Terra,MODIS,19,6.2,290.9,26.4,N,0
-17.1207,143.172,310.6,1.1,1.1,2014-11-14,1316,Terra,MODIS,69,6.2,297.7,7.3,N,0
-17.0131,143.0823,312.2,1.1,1.1,2014-11-14,1316,Terra,MODIS,64,6.2,298.1,8.2,N,0
-17.3837,142.7203,308.5,1.1,1,2014-11-14,1316,Terra,MODIS,65,6.2,298.2,5.3,N,0
-17.0321,143.0856,310.2,1.1,1.1,2014-11-14,1316,Terra,MODIS,31,6.2,297.7,6.3,N,0
-17.051,143.0888,315.4,1.1,1.1,2014-11-14,1316,Terra,MODIS,89,6.2,298.1,11.2,N,0
-17.1667,143.1907,309.8,1.1,1.1,2014-11-14,1316,Terra,MODIS,73,6.2,297.8,7.1,N,0
-19.5897,143.0425,312.6,1.1,1,2014-11-14,1316,Terra,MODIS,85,6.2,299,9,N,0
-19.4578,142.8231,318.7,1,1,2014-11-14,1316,Terra,MODIS,97,6.2,299.3,13.6,N,0
-19.467,142.8246,316.9,1,1,2014-11-14,1316,Terra,MODIS,94,6.2,298.9,11.9,N,0
-19.4685,142.8147,314.7,1,1,2014-11-14,1316,Terra,MODIS,87,6.2,298.9,9.7,N,0
-17.2093,142.7825,316.6,1.1,1,2014-11-14,1316,Terra,MODIS,92,6.2,299.5,11.2,N,0
-17.2095,143.1929,314.9,1.1,1.1,2014-11-14,1316,Terra,MODIS,80,6.2,298.2,10.9,N,0
-19.4381,142.9527,313.2,1.1,1,2014-11-14,1316,Terra,MODIS,86,6.2,298.8,9.3,N,0
-19.5007,142.8508,315.3,1.1,1,2014-11-14,1316,Terra,MODIS,90,6.2,299.1,11.4,N,0
-17.2108,142.7724,318.4,1.1,1,2014-11-14,1316,Terra,MODIS,96,6.2,299.2,13,N,0
-16.8909,142.9956,308.8,1.1,1.1,2014-11-14,1316,Terra,MODIS,68,6.2,297.9,6,N,0
-17.0526,143.0783,316.8,1.1,1.1,2014-11-14,1316,Terra,MODIS,93,6.2,298.1,12.7,N,0
-17.0432,143.0767,316.2,1.1,1.1,2014-11-14,1316,Terra,MODIS,91,6.2,297.8,11.9,N,0
-17.1302,143.1736,314.7,1.1,1.1,2014-11-14,1316,Terra,MODIS,88,6.2,298,11.2,N,0
-17.0826,143.1374,309.8,1.1,1.1,2014-11-14,1316,Terra,MODIS,57,6.2,297.8,6.6,N,0
-17.0747,143.1252,309.8,1.1,1.1,2014-11-14,1316,Terra,MODIS,45,6.2,298,6.4,N,0
-17.6459,135.2569,309.4,1.9,1.3,2014-11-14,1316,Terra,MODIS,69,6.2,297.7,13.5,N,0
-17.1112,143.1703,308.5,1.1,1.1,2014-11-14,1316,Terra,MODIS,67,6.2,297.7,5.9,N,0
-17.231,142.7654,309.6,1.1,1,2014-11-14,1316,Terra,MODIS,38,6.2,299,5.6,N,0
-14.0945,141.749,306.3,1.1,1,2014-11-14,1317,Terra,MODIS,35,6.2,294.6,4.5,N,0
-16.9891,131.9925,312.1,3.2,1.7,2014-11-14,1317,Terra,MODIS,82,6.2,296.2,46,N,0
-16.9772,131.9861,305.8,3.2,1.7,2014-11-14,1317,Terra,MODIS,40,6.2,295.7,20.9,N,0
-17.1445,131.7693,302.3,3.4,1.7,2014-11-14,1317,Terra,MODIS,12,6.2,289.1,18.6,N,0
-14.7109,144.7153,306.6,1.5,1.2,2014-11-14,1317,Terra,MODIS,40,6.2,293.1,11.8,N,0
-14.0788,141.6808,308.1,1.1,1,2014-11-14,1317,Terra,MODIS,71,6.2,294.2,7,N,0
-14.096,141.7393,307.6,1.1,1,2014-11-14,1317,Terra,MODIS,43,6.2,294.6,5.6,N,0
-14.0773,141.6905,307,1.1,1,2014-11-14,1317,Terra,MODIS,67,6.2,294.3,5.9,N,0
-14.9078,143.1829,308.9,1.2,1.1,2014-11-14,1317,Terra,MODIS,73,6.2,295.2,8.7,N,0
-14.0848,141.6876,310.2,1.1,1,2014-11-14,1317,Terra,MODIS,56,6.2,294.6,7.8,N,0
-14.0867,141.7378,307.8,1.1,1,2014-11-14,1317,Terra,MODIS,4,6.2,294.2,5,N,0
-14.073,141.7198,304.4,1.1,1,2014-11-14,1317,Terra,MODIS,55,6.2,294.2,4.4,N,0
-14.2942,134.8828,306.4,1.8,1.3,2014-11-14,1317,Terra,MODIS,68,6.2,294.8,8.9,N,0
-12.8452,142.4159,307.3,1.2,1.1,2014-11-14,1317,Terra,MODIS,38,6.2,292.9,7.2,N,0
-12.8564,142.4068,306.4,1.2,1.1,2014-11-14,1317,Terra,MODIS,33,6.2,293,6.3,N,0
-14.0759,141.7003,313.2,1.1,1,2014-11-14,1317,Terra,MODIS,86,6.2,294.4,10.3,N,0
-14.6968,142.476,306.9,1.1,1.1,2014-11-14,1317,Terra,MODIS,65,6.2,296.3,6.2,N,0
-14.7085,142.4309,308.3,1.1,1.1,2014-11-14,1317,Terra,MODIS,31,6.2,296.3,6,N,0
-14.7069,142.4412,307.4,1.1,1.1,2014-11-14,1317,Terra,MODIS,28,6.2,296.3,5,N,0
-14.721,142.5388,306.8,1.1,1.1,2014-11-14,1317,Terra,MODIS,47,6.2,296.4,5.2,N,0
-14.6984,142.4657,310.5,1.1,1.1,2014-11-14,1317,Terra,MODIS,78,6.2,296.5,8.8,N,0
-14.703,142.4348,307.7,1.1,1.1,2014-11-14,1317,Terra,MODIS,68,6.2,296.3,6.6,N,0
-14.7015,142.445,308.4,1.1,1.1,2014-11-14,1317,Terra,MODIS,71,6.2,296.4,7.2,N,0
-14.2961,134.8664,311.2,1.8,1.3,2014-11-14,1317,Terra,MODIS,82,6.2,294.7,16.7,N,0
-15.9266,130.9075,308.7,3.8,1.8,2014-11-14,1317,Terra,MODIS,70,6.2,293.5,33.1,N,0
-15.5389,131.0149,311.5,3.7,1.8,2014-11-14,1317,Terra,MODIS,81,6.2,296.1,45,N,0
-15.5478,131.0088,311.7,3.7,1.8,2014-11-14,1317,Terra,MODIS,82,6.2,295.9,46.2,N,0
-12.5733,141.8385,305.8,1.1,1,2014-11-14,1318,Terra,MODIS,66,6.2,290.1,6.1,N,0
-12.4958,142.9637,317.4,1.3,1.1,2014-11-14,1318,Terra,MODIS,95,6.2,292.4,19.1,N,0
-12.4941,142.9753,318.5,1.3,1.1,2014-11-14,1318,Terra,MODIS,97,6.2,292,20.7,N,0
-12.512,142.9253,303,1.3,1.1,2014-11-14,1318,Terra,MODIS,30,6.2,291.4,5,N,0
-12.4894,142.939,312.2,1.3,1.1,2014-11-14,1318,Terra,MODIS,84,6.2,291.8,13.6,N,0
-12.4876,142.9505,348.6,1.3,1.1,2014-11-14,1318,Terra,MODIS,100,6.2,293.4,81.7,N,0
-12.3016,142.8958,302.6,1.3,1.1,2014-11-14,1318,Terra,MODIS,43,6.2,285.8,6.6,N,0
-12.4717,136.6965,305.8,1.3,1.1,2014-11-14,1318,Terra,MODIS,66,6.2,294.8,7.5,N,0
-12.0572,142.4266,306.3,1.2,1.1,2014-11-14,1318,Terra,MODIS,67,6.2,288.1,7.4,N,0
-12.0458,142.4359,303.6,1.2,1.1,2014-11-14,1318,Terra,MODIS,36,6.2,287.4,5.7,N,0
-12.2998,142.9075,300.4,1.3,1.1,2014-11-14,1318,Terra,MODIS,10,6.2,285.9,4.9,N,0
-12.3168,142.8634,303.2,1.3,1.1,2014-11-14,1318,Terra,MODIS,36,6.2,287.8,6.9,N,0
-12.3185,142.852,300.3,1.2,1.1,2014-11-14,1318,Terra,MODIS,23,6.2,287.8,5.1,N,0
-24.9419,148.1726,306,3.7,1.8,2014-11-14,1446,Aqua,MODIS,67,6.2,290.5,43,N,0
-24.9486,148.2029,305.5,3.7,1.8,2014-11-14,1446,Aqua,MODIS,65,6.2,292,39.5,N,0
-24.994,148.1475,303.4,3.7,1.8,2014-11-14,1446,Aqua,MODIS,55,6.2,291.9,33.5,N,0
-24.9377,148.1979,308.5,3.7,1.8,2014-11-14,1446,Aqua,MODIS,75,6.2,291.9,51.3,N,0
-24.9307,148.1666,302.1,3.7,1.8,2014-11-14,1446,Aqua,MODIS,23,6.2,290.1,26.9,N,0
-24.9894,148.158,302.7,3.7,1.8,2014-11-14,1446,Aqua,MODIS,32,6.2,291.6,28.4,N,0
-24.8401,148.7103,303.2,3.4,1.7,2014-11-14,1446,Aqua,MODIS,24,6.2,292.2,24.9,N,0
-24.8558,148.7072,303.2,3.4,1.7,2014-11-14,1446,Aqua,MODIS,52,6.2,292.8,25.2,N,0
-24.8033,147.9317,300.9,3.9,1.8,2014-11-14,1446,Aqua,MODIS,35,6.2,290.9,25.6,N,0
-24.8439,147.8823,301.4,3.9,1.8,2014-11-14,1446,Aqua,MODIS,41,6.2,291,28.7,N,0
-24.8357,147.8456,302.9,3.9,1.8,2014-11-14,1446,Aqua,MODIS,52,6.2,291.2,34.6,N,0
-24.8296,147.8521,306,3.9,1.8,2014-11-14,1446,Aqua,MODIS,62,6.2,291.2,45.5,N,0
-24.8376,147.889,301,3.9,1.8,2014-11-14,1446,Aqua,MODIS,3,6.2,290.8,24.9,N,0
-24.8708,148.7307,304,3.4,1.7,2014-11-14,1446,Aqua,MODIS,32,6.2,292.9,26.3,N,0
-24.863,148.7406,305.8,3.4,1.7,2014-11-14,1446,Aqua,MODIS,60,6.2,292.9,35.4,N,0
-24.9408,148.6775,307.2,3.4,1.7,2014-11-14,1446,Aqua,MODIS,47,6.2,293,36.9,N,0
-24.9562,148.6734,313.6,3.4,1.7,2014-11-14,1446,Aqua,MODIS,88,6.2,293.3,63.9,N,0
-24.9515,148.6697,313.6,3.4,1.7,2014-11-14,1446,Aqua,MODIS,69,6.2,292.9,62.6,N,0
-30.1353,152.1817,306.3,1.5,1.2,2014-11-14,1447,Aqua,MODIS,24,6.2,291.6,11.6,N,0
-30.1367,152.1756,313.2,1.5,1.2,2014-11-14,1447,Aqua,MODIS,48,6.2,292.3,19.9,N,0
-30.1433,152.1633,314.1,1.5,1.2,2014-11-14,1447,Aqua,MODIS,24,6.2,292.2,20.3,N,0
-30.1447,152.1577,315.8,1.5,1.2,2014-11-14,1447,Aqua,MODIS,47,6.2,292.6,23.5,N,0
-30.1379,152.1343,308.3,1.5,1.2,2014-11-14,1447,Aqua,MODIS,66,6.2,291.8,15.6,N,0
-30.1324,152.1664,314,1.5,1.2,2014-11-14,1447,Aqua,MODIS,70,6.2,292.7,21.2,N,0
-30.1269,152.1361,312.8,1.5,1.2,2014-11-14,1447,Aqua,MODIS,82,6.2,291.9,21.2,N,0
-30.1216,152.1694,320.6,1.5,1.2,2014-11-14,1447,Aqua,MODIS,100,6.2,293.6,32.5,N,0
-30.1311,152.1458,314.1,1.5,1.2,2014-11-14,1447,Aqua,MODIS,49,6.2,292.8,21.4,N,0
-30.1281,152.1304,307.8,1.5,1.2,2014-11-14,1447,Aqua,MODIS,24,6.2,291.2,14,N,0
-30.142,152.1435,317.8,1.5,1.2,2014-11-14,1447,Aqua,MODIS,59,6.2,292.6,27.1,N,0
-30.1407,152.1493,323.8,1.5,1.2,2014-11-14,1447,Aqua,MODIS,100,6.2,293.5,38.4,N,0
-32.504,152.1322,316.7,1.4,1.2,2014-11-14,1448,Aqua,MODIS,94,6.2,294.1,22.7,N,0
-32.5067,152.1469,315.7,1.4,1.2,2014-11-14,1448,Aqua,MODIS,92,6.2,294.8,21,N,0
-21.1719,118.555,301,1.1,1,2014-11-14,1454,Terra,MODIS,12,6.2,277.9,8.2,N,0
-21.5646,119.8099,304.2,1.2,1.1,2014-11-14,1454,Terra,MODIS,59,6.2,272.5,11,N,0
-22.5552,118.0357,314.8,1,1,2014-11-14,1454,Terra,MODIS,90,6.2,291.6,12.9,N,0
-23.0762,117.9966,308.1,1,1,2014-11-14,1454,Terra,MODIS,46,6.2,293.5,6.5,N,0
-23.0776,117.9869,310.8,1,1,2014-11-14,1454,Terra,MODIS,72,6.2,293.9,8.4,N,0
-22.4757,118.0756,309.1,1,1,2014-11-14,1454,Terra,MODIS,33,6.2,293.3,6.1,N,0
-22.4682,118.0642,351.9,1,1,2014-11-14,1454,Terra,MODIS,100,6.2,297.6,64.8,N,0
-22.4696,118.0545,329.2,1,1,2014-11-14,1454,Terra,MODIS,100,6.2,295,26,N,0
-22.479,118.1162,306.5,1,1,2014-11-14,1454,Terra,MODIS,18,6.2,292.2,6,N,0
-22.3794,118.0427,308.9,1,1,2014-11-14,1454,Terra,MODIS,76,6.2,293,7.6,N,0
-22.4093,118.0278,305.3,1,1,2014-11-14,1454,Terra,MODIS,64,6.2,291.8,5.9,N,0
-22.4534,118.1015,308,1,1,2014-11-14,1454,Terra,MODIS,39,6.2,292.1,6.6,N,0
-22.4591,118.0626,313.1,1,1,2014-11-14,1454,Terra,MODIS,68,6.2,294.1,9.8,N,0
-23.0956,117.99,311.6,1,1,2014-11-14,1454,Terra,MODIS,69,6.2,294.1,9,N,0
-22.4653,118.0836,324,1,1,2014-11-14,1454,Terra,MODIS,88,6.2,295,18.5,N,0
-22.5399,118.0167,306.8,1,1,2014-11-14,1454,Terra,MODIS,69,6.2,291.6,6.8,N,0
-22.4335,118.052,313.6,1,1,2014-11-14,1454,Terra,MODIS,87,6.2,291.7,11.8,N,0
-22.3779,118.0525,305.5,1,1,2014-11-14,1454,Terra,MODIS,26,6.2,292.8,5.3,N,0
-22.4667,118.074,333.2,1,1,2014-11-14,1454,Terra,MODIS,100,6.2,296.8,30.6,N,0
-22.4628,118.1636,311.6,1,1,2014-11-14,1454,Terra,MODIS,63,6.2,291.9,9.4,N,0
-22.5067,117.9909,310.5,1,1,2014-11-14,1454,Terra,MODIS,80,6.2,292.7,9.5,N,0
-22.4508,118.1815,313,1,1,2014-11-14,1454,Terra,MODIS,45,6.2,293.6,10.1,N,0
-16.8407,123.8083,310,2.6,1.6,2014-11-14,1455,Terra,MODIS,79,6.2,292.4,30.8,N,0
-12.5047,134.8981,304.2,1.1,1,2014-11-14,1621,Aqua,MODIS,59,6.2,293.7,4.5,N,0
-12.4644,136.7034,310.1,1,1,2014-11-14,1621,Aqua,MODIS,79,6.2,294.2,8.8,N,0
-13.7967,136.8767,308.3,1,1,2014-11-14,1621,Aqua,MODIS,60,6.2,295.8,7.3,N,0
-11.9654,135.7015,305.7,1,1,2014-11-14,1621,Aqua,MODIS,25,6.2,294.1,4.9,N,0
-14.0042,134.8125,312.7,1.1,1,2014-11-14,1622,Aqua,MODIS,85,6.2,295.7,9.9,N,0
-14.9311,132.0215,308.6,1.4,1.2,2014-11-14,1622,Aqua,MODIS,46,6.2,293,9.9,N,0
-14.9289,132.0081,306.5,1.4,1.2,2014-11-14,1622,Aqua,MODIS,28,6.2,290.7,7.7,N,0
-13.5036,133.773,303.6,1.2,1.1,2014-11-14,1622,Aqua,MODIS,54,6.2,292.7,4.5,N,0
-14.9418,132.0196,319,1.4,1.2,2014-11-14,1622,Aqua,MODIS,93,6.2,292.7,24.7,N,0
-16.373,130.331,306,1.8,1.3,2014-11-14,1622,Aqua,MODIS,66,6.2,290.5,12.9,N,0
-16.376,130.3478,304.6,1.8,1.3,2014-11-14,1622,Aqua,MODIS,61,6.2,289.8,10.9,N,0
-16.9189,133.0805,308.1,1.2,1.1,2014-11-14,1622,Aqua,MODIS,70,6.2,297.7,6.9,N,0
-16.9303,133.0898,314.2,1.2,1.1,2014-11-14,1622,Aqua,MODIS,88,6.2,297.7,12.2,N,0
-16.94,133.0881,310.5,1.2,1.1,2014-11-14,1622,Aqua,MODIS,78,6.2,297.7,8.9,N,0
-14.7685,132.6458,306.6,1.3,1.1,2014-11-14,1622,Aqua,MODIS,66,6.2,294.3,7.5,N,0
-14.273,134.8898,306.1,1.1,1,2014-11-14,1622,Aqua,MODIS,67,6.2,295.9,4.4,N,0
-16.9331,141.0623,304.7,1.8,1.3,2014-11-14,1622,Aqua,MODIS,10,6.2,293.5,9,N,0
-15.9235,130.928,316.2,1.7,1.3,2014-11-14,1622,Aqua,MODIS,93,6.2,294.5,24.1,N,0
-16.2923,130.4021,308.1,1.8,1.3,2014-11-14,1622,Aqua,MODIS,74,6.2,293.2,14.1,N,0
-14.4325,134.1325,304.9,1.1,1.1,2014-11-14,1622,Aqua,MODIS,62,6.2,294.2,3.9,N,0
-16.9549,141.0862,305.2,1.8,1.3,2014-11-14,1622,Aqua,MODIS,28,6.2,293.7,10.4,N,0
-17.1475,132.9839,309.4,1.2,1.1,2014-11-14,1623,Aqua,MODIS,76,6.2,297.6,7.8,N,0
-17.0578,132.1738,300.8,1.3,1.1,2014-11-14,1623,Aqua,MODIS,34,6.2,285.4,5.7,N,0
-17.139,131.7914,303.4,1.4,1.2,2014-11-14,1623,Aqua,MODIS,55,6.2,282.3,9.8,N,0
-16.9928,133.0454,308.7,1.2,1.1,2014-11-14,1623,Aqua,MODIS,56,6.2,298.6,7,N,0
-16.9806,132.015,337.3,1.3,1.1,2014-11-14,1623,Aqua,MODIS,100,6.2,282.1,60.9,N,0
-16.9909,132.0132,310.9,1.3,1.1,2014-11-14,1623,Aqua,MODIS,76,6.2,277.7,15.6,N,0
-17.6443,135.2541,308.4,1,1,2014-11-14,1623,Aqua,MODIS,69,6.2,296.7,6.2,N,0
-17.6193,135.21,308.5,1,1,2014-11-14,1623,Aqua,MODIS,69,6.2,296.8,6.2,N,0
-18.6752,137.9432,312.7,1.2,1.1,2014-11-14,1623,Aqua,MODIS,82,6.2,297.1,11.1,N,0
-18.6363,137.9488,319.4,1.2,1.1,2014-11-14,1623,Aqua,MODIS,98,6.2,298,17.9,N,0
-17.6207,135.2194,307.9,1,1,2014-11-14,1623,Aqua,MODIS,66,6.2,296.7,5.7,N,0
-17.6297,135.218,310.4,1,1,2014-11-14,1623,Aqua,MODIS,70,6.2,296.6,6.9,N,0
-18.646,137.9473,343.5,1.2,1.1,2014-11-14,1623,Aqua,MODIS,100,6.2,300.4,59.2,N,0
-18.6214,137.9339,317.7,1.2,1.1,2014-11-14,1623,Aqua,MODIS,95,6.2,297.5,15.7,N,0
-18.6557,137.946,318.1,1.2,1.1,2014-11-14,1623,Aqua,MODIS,96,6.2,298,16.2,N,0
-18.6311,137.9325,313.2,1.2,1.1,2014-11-14,1623,Aqua,MODIS,70,6.2,297.2,10.6,N,0
-18.6474,137.9585,318.8,1.2,1.1,2014-11-14,1623,Aqua,MODIS,97,6.2,298.3,16.9,N,0
-22.4614,118.0631,301.8,2.8,1.6,2014-11-14,1803,Aqua,MODIS,22,6.2,290.8,18.5,N,0
-22.4572,118.1749,320,2.9,1.6,2014-11-14,1803,Aqua,MODIS,100,6.2,290,82.9,N,0
-14.8973,143.1883,317,4,1.9,2014-11-15,0008,Terra,MODIS,63,6.2,294.8,47.3,D,0
-14.9016,143.1816,318.1,4,1.9,2014-11-15,0008,Terra,MODIS,64,6.2,295.5,54.3,D,0
-22.7316,150.2614,330.5,1,1,2014-11-15,0010,Terra,MODIS,46,6.2,310.9,8.7,D,0
-20.7574,148.4023,328.1,1.3,1.1,2014-11-15,0010,Terra,MODIS,63,6.2,308.3,19.9,D,0
-22.8131,150.313,336.8,1,1,2014-11-15,0010,Terra,MODIS,69,6.2,310.1,18.3,D,0
-22.8147,150.323,338.6,1,1,2014-11-15,0010,Terra,MODIS,81,6.2,310.9,22.7,D,0
-20.7552,148.3896,327.7,1.3,1.1,2014-11-15,0010,Terra,MODIS,58,6.2,307.9,18.3,D,0
-19.48,142.8071,325.7,3.4,1.7,2014-11-15,0010,Terra,MODIS,37,6.2,310.2,42.3,D,0
-19.4865,142.8392,326.4,3.4,1.7,2014-11-15,0010,Terra,MODIS,32,6.2,310.5,44.6,D,0
-19.4645,142.8105,331.1,3.4,1.7,2014-11-15,0010,Terra,MODIS,67,6.2,312.4,81,D,0
-19.471,142.8427,331.7,3.4,1.7,2014-11-15,0010,Terra,MODIS,72,6.2,311.3,82.6,D,0
-19.5914,143.046,331.3,3.3,1.7,2014-11-15,0010,Terra,MODIS,74,6.2,310.6,76.4,D,0
-19.5869,143.0399,325.6,3.3,1.7,2014-11-15,0010,Terra,MODIS,50,6.2,311,41.9,D,0
-18.9591,141.8853,321.8,4.1,1.9,2014-11-15,0010,Terra,MODIS,34,6.2,303.2,47.9,D,0
-18.9452,141.8809,330,4.1,1.9,2014-11-15,0010,Terra,MODIS,74,6.2,304.3,117.3,D,0
-18.9424,141.8891,328.1,4.1,1.9,2014-11-15,0010,Terra,MODIS,70,6.2,304.7,94.2,D,0
-23.3868,150.2045,328.8,1,1,2014-11-15,0010,Terra,MODIS,35,6.2,305.9,10.7,D,0
-23.3334,150.1625,329.3,1,1,2014-11-15,0010,Terra,MODIS,51,6.2,307.2,11.2,D,0
-23.3425,150.1608,328,1,1,2014-11-15,0010,Terra,MODIS,47,6.2,307.1,9.5,D,0
-25.2174,151.1098,328.8,1,1,2014-11-15,0011,Terra,MODIS,35,6.2,308.7,8.1,D,0
-24.97,148.6792,341.2,1.1,1.1,2014-11-15,0011,Terra,MODIS,82,6.2,308.8,29,D,0
-24.9682,148.6681,332.3,1.1,1.1,2014-11-15,0011,Terra,MODIS,44,6.2,311,10.8,D,0
-26.1341,149.9728,333.6,1,1,2014-11-15,0011,Terra,MODIS,67,6.2,315.3,9.8,D,0
-24.8789,148.129,328.6,1.2,1.1,2014-11-15,0011,Terra,MODIS,52,6.2,307.8,18.4,D,0
-24.7824,147.8631,331.6,1.2,1.1,2014-11-15,0011,Terra,MODIS,66,6.2,307.9,21.8,D,0
-24.6844,148.0712,328.2,1.2,1.1,2014-11-15,0011,Terra,MODIS,31,6.2,307.4,13.8,D,0
-24.694,148.0684,363.4,1.2,1.1,2014-11-15,0011,Terra,MODIS,100,6.2,310.2,103,D,0
-24.8673,148.0599,330.6,1.2,1.1,2014-11-15,0011,Terra,MODIS,62,6.2,306.5,19.5,D,0
-24.4349,151.421,327.2,1,1,2014-11-15,0011,Terra,MODIS,62,6.2,302,16,D,0
-24.9827,148.1379,331.6,1.2,1.1,2014-11-15,0011,Terra,MODIS,54,6.2,309.1,20,D,0
-27.3123,152.9777,328,1.2,1.1,2014-11-15,0011,Terra,MODIS,32,6.2,309,8.4,D,0
-27.3158,152.9825,328.9,1.2,1.1,2014-11-15,0011,Terra,MODIS,57,6.2,308.5,11.4,D,2
-24.8411,147.8447,333.5,1.2,1.1,2014-11-15,0011,Terra,MODIS,28,6.2,311.5,15.9,D,0
-24.8391,147.8329,331.6,1.2,1.1,2014-11-15,0011,Terra,MODIS,22,6.2,310.2,13.1,D,0
-24.8156,147.9409,329.7,1.2,1.1,2014-11-15,0011,Terra,MODIS,48,6.2,310.1,10.9,D,0
-24.8137,147.9295,338,1.2,1.1,2014-11-15,0011,Terra,MODIS,81,6.2,310.1,28.5,D,0
-24.7627,147.9274,332,1.2,1.1,2014-11-15,0011,Terra,MODIS,70,6.2,309.8,19,D,0
-24.7646,147.9389,328.4,1.2,1.1,2014-11-15,0011,Terra,MODIS,48,6.2,310.4,10.7,D,0
-24.8039,147.9316,331.6,1.2,1.1,2014-11-15,0011,Terra,MODIS,53,6.2,310.8,15,D,0
-24.8159,147.935,332.8,1.2,1.1,2014-11-15,0011,Terra,MODIS,68,6.2,309.8,16.8,D,0
-24.8139,147.9238,332.8,1.2,1.1,2014-11-15,0011,Terra,MODIS,64,6.2,310.5,17.3,D,0
-24.8575,148.0612,336,1.2,1.1,2014-11-15,0011,Terra,MODIS,72,6.2,306.8,27.6,D,0
-24.8549,148.7185,329.3,1.1,1.1,2014-11-15,0011,Terra,MODIS,37,6.2,310.4,7.8,D,0
-24.8461,148.6927,335.3,1.1,1.1,2014-11-15,0011,Terra,MODIS,50,6.2,312.3,17.3,D,0
-24.8512,148.6965,335.1,1.1,1.1,2014-11-15,0011,Terra,MODIS,77,6.2,312,17.5,D,0
-24.9605,148.681,345.4,1.1,1.1,2014-11-15,0011,Terra,MODIS,89,6.2,309.4,38.4,D,0
-24.8661,148.7279,339.1,1.1,1.1,2014-11-15,0011,Terra,MODIS,82,6.2,309.8,23.5,D,0
-24.8643,148.7168,342.2,1.1,1.1,2014-11-15,0011,Terra,MODIS,86,6.2,311.4,30.4,D,0
-24.9587,148.6699,351.4,1.1,1.1,2014-11-15,0011,Terra,MODIS,94,6.2,311.4,50.7,D,0
-24.853,147.8544,330.8,1.2,1.1,2014-11-15,0011,Terra,MODIS,41,6.2,311.7,12.3,D,0
-25.0019,148.1333,330,1.2,1.1,2014-11-15,0011,Terra,MODIS,48,6.2,305.8,17.5,D,0
-24.9215,148.649,333,1.1,1.1,2014-11-15,0011,Terra,MODIS,21,6.2,313.5,9.9,D,0
-24.0138,149.0433,332.9,1.1,1,2014-11-15,0011,Terra,MODIS,67,6.2,311.7,18.6,D,0
-24.0156,149.054,329.3,1.1,1,2014-11-15,0011,Terra,MODIS,46,6.2,309.8,13.3,D,0
-31.4195,152.2543,317.3,1.2,1.1,2014-11-15,0012,Terra,MODIS,42,6.2,296.1,9.9,D,0
-29.3311,152.2776,326.2,1.1,1.1,2014-11-15,0012,Terra,MODIS,53,6.2,303,17.7,D,0
-30.1164,152.1584,339.9,1.1,1.1,2014-11-15,0012,Terra,MODIS,85,6.2,309.1,36.1,D,0
-30.1412,152.1733,336.5,1.1,1.1,2014-11-15,0012,Terra,MODIS,84,6.2,307.8,30.6,D,0
-30.1397,152.1609,340.8,1.1,1.1,2014-11-15,0012,Terra,MODIS,87,6.2,310,39.2,D,0
-30.1381,152.1484,322.8,1.1,1.1,2014-11-15,0012,Terra,MODIS,60,6.2,308.9,10.1,D,0
-30.1366,152.1365,342.8,1.1,1.1,2014-11-15,0012,Terra,MODIS,89,6.2,310.3,43.3,D,0
-30.1351,152.1246,337.4,1.1,1.1,2014-11-15,0012,Terra,MODIS,84,6.2,308.4,31.5,D,0
-30.1372,152.1681,344.3,1.1,1.1,2014-11-15,0012,Terra,MODIS,90,6.2,310.2,43.7,D,0
-30.134,152.1436,326.3,1.1,1.1,2014-11-15,0012,Terra,MODIS,56,6.2,309.6,13.4,D,0
-30.1325,152.1318,351.5,1.1,1.1,2014-11-15,0012,Terra,MODIS,95,6.2,310.6,62.5,D,0
-30.1276,152.1697,342.3,1.1,1.1,2014-11-15,0012,Terra,MODIS,84,6.2,309.2,40.4,D,0
-30.126,152.1575,344.4,1.1,1.1,2014-11-15,0012,Terra,MODIS,86,6.2,308.7,43.7,D,0
-30.1245,152.1456,327.6,1.1,1.1,2014-11-15,0012,Terra,MODIS,16,6.2,307.2,14.5,D,0
-30.118,152.1711,330.7,1.1,1.1,2014-11-15,0012,Terra,MODIS,40,6.2,309.1,20.1,D,0
-28.4659,152.1455,345.6,1.1,1,2014-11-15,0012,Terra,MODIS,90,6.2,310.9,38.8,D,0
-28.4629,152.1231,336.3,1.1,1,2014-11-15,0012,Terra,MODIS,74,6.2,311.6,22.3,D,0
-28.4644,152.1343,386.4,1.1,1,2014-11-15,0012,Terra,MODIS,100,6.2,315.2,184.6,D,0
-28.4565,152.1472,333.7,1.1,1,2014-11-15,0012,Terra,MODIS,78,6.2,314.7,16.5,D,0
-28.455,152.136,371,1.1,1,2014-11-15,0012,Terra,MODIS,100,6.2,316.3,114.5,D,0
-28.4535,152.1247,343.8,1.1,1,2014-11-15,0012,Terra,MODIS,89,6.2,313,35.6,D,0
-42.3401,147.2802,311.2,1,1,2014-11-15,0015,Terra,MODIS,39,6.2,296.9,6.3,D,0
-41.2303,146.3945,310.9,1,1,2014-11-15,0015,Terra,MODIS,61,6.2,294.1,6.9,D,0
-40.9855,147.7786,311,1,1,2014-11-15,0015,Terra,MODIS,45,6.2,297.8,8,D,0
-42.6467,147.5122,314.5,1,1,2014-11-15,0016,Terra,MODIS,56,6.2,289.6,10.3,D,0
-42.6195,147.4986,310.1,1,1,2014-11-15,0016,Terra,MODIS,24,6.2,293.2,6.9,D,0
-42.6211,147.511,322.8,1,1,2014-11-15,0016,Terra,MODIS,82,6.2,290.6,19,D,0
-42.6161,147.4734,311.2,1,1,2014-11-15,0016,Terra,MODIS,56,6.2,293.9,7.2,D,0
-13.812,134.0572,336.6,1.8,1.3,2014-11-15,0146,Terra,MODIS,84,6.2,301.7,58.8,D,0
-13.8095,134.0684,330.3,1.8,1.3,2014-11-15,0146,Terra,MODIS,60,6.2,302.9,38,D,0
-13.9154,134.9718,328.9,2.1,1.4,2014-11-15,0146,Terra,MODIS,44,6.2,302.6,43.7,D,0
-13.9186,134.9851,336.9,2.1,1.4,2014-11-15,0146,Terra,MODIS,81,6.2,304.2,69.8,D,0
-13.6971,135.5235,323.1,2.3,1.5,2014-11-15,0146,Terra,MODIS,40,6.2,299.8,28.4,D,0
-13.9178,134.9906,333.8,2.1,1.4,2014-11-15,0146,Terra,MODIS,73,6.2,303.1,60.2,D,0
-13.9226,135.0294,323.3,2.1,1.4,2014-11-15,0146,Terra,MODIS,24,6.2,299,20.1,D,0
-14.2128,135.3828,331.4,2.3,1.5,2014-11-15,0146,Terra,MODIS,78,6.2,301.2,58.8,D,0
-12.9932,130.4135,333.4,1.1,1,2014-11-15,0146,Terra,MODIS,42,6.2,309.3,20.1,D,0
-14.2492,136.7427,324.9,2.9,1.6,2014-11-15,0146,Terra,MODIS,17,6.2,303.5,29.7,D,0
-12.5737,135.0554,316.3,2,1.4,2014-11-15,0146,Terra,MODIS,21,6.2,293.5,19.4,D,0
-12.5718,135.0621,317.8,2,1.4,2014-11-15,0146,Terra,MODIS,24,6.2,297.2,22.5,D,0
-13.4976,134.5488,328.8,1.9,1.3,2014-11-15,0146,Terra,MODIS,76,6.2,299.8,30.7,D,0
-13.033,136.2797,323.9,2.5,1.5,2014-11-15,0146,Terra,MODIS,55,6.2,299.9,41.5,D,0
-13.4855,134.5503,326.7,1.9,1.3,2014-11-15,0146,Terra,MODIS,73,6.2,300.4,23.6,D,0
-12.3549,131.6228,321,1.2,1.1,2014-11-15,0146,Terra,MODIS,45,6.2,299.5,12.3,D,0
-12.275,133.0599,331.4,1.4,1.2,2014-11-15,0146,Terra,MODIS,63,6.2,306.6,28.2,D,0
-11.8447,132.8205,323.8,1.4,1.2,2014-11-15,0146,Terra,MODIS,16,6.2,302.1,17.7,D,0
-14.308,134.8737,330.8,2.1,1.4,2014-11-15,0146,Terra,MODIS,72,6.2,304.7,43.9,D,0
-17.1139,137.1669,332.1,3.4,1.7,2014-11-15,0147,Terra,MODIS,75,6.2,300.4,106.5,D,0
-17.1296,137.1651,343.6,3.4,1.7,2014-11-15,0147,Terra,MODIS,88,6.2,303.5,214.9,D,0
-17.1453,137.1634,332.4,3.4,1.7,2014-11-15,0147,Terra,MODIS,75,6.2,297.6,109.6,D,0
-17.1399,137.1572,336.9,3.4,1.7,2014-11-15,0147,Terra,MODIS,81,6.2,299.4,146.1,D,0
-16.8195,139.1228,310.6,4.7,2,2014-11-15,0147,Terra,MODIS,40,6.2,297.6,61.5,D,3
-15.6673,126.5988,338.3,1.1,1,2014-11-15,0147,Terra,MODIS,84,6.2,305.8,22.9,D,0
-15.6689,126.6087,333.4,1.1,1,2014-11-15,0147,Terra,MODIS,76,6.2,306.3,14.7,D,0
-15.6782,126.6072,338.3,1.1,1,2014-11-15,0147,Terra,MODIS,84,6.2,307.5,22.3,D,0
-17.1458,132.9796,342.8,1.6,1.3,2014-11-15,0147,Terra,MODIS,52,6.2,313.6,47.9,D,0
-16.471,132.7037,335.9,1.5,1.2,2014-11-15,0147,Terra,MODIS,64,6.2,314.2,27.5,D,0
-17.1343,132.8882,336.6,1.6,1.3,2014-11-15,0147,Terra,MODIS,50,6.2,316.3,17.7,D,0
-17.1362,132.9033,342.4,1.6,1.3,2014-11-15,0147,Terra,MODIS,84,6.2,316,37.7,D,0
-17.1351,132.8975,339.6,1.6,1.3,2014-11-15,0147,Terra,MODIS,71,6.2,316,28.9,D,0
-17.1303,131.7655,357.8,1.4,1.2,2014-11-15,0147,Terra,MODIS,98,6.2,315.4,86.8,D,0
-17.1457,131.8024,336.7,1.4,1.2,2014-11-15,0147,Terra,MODIS,26,6.2,316.8,17.3,D,0
-16.8578,133.0513,331,1.6,1.3,2014-11-15,0147,Terra,MODIS,42,6.2,312.8,18.2,D,0
-16.8596,132.9734,336.1,1.6,1.3,2014-11-15,0147,Terra,MODIS,41,6.2,315.4,27.3,D,0
-16.8615,132.9886,334.4,1.6,1.3,2014-11-15,0147,Terra,MODIS,44,6.2,314.4,23.6,D,0
-16.8744,132.9099,346.4,1.6,1.2,2014-11-15,0147,Terra,MODIS,88,6.2,313.1,67.6,D,0
-16.8735,132.9035,334.6,1.6,1.2,2014-11-15,0147,Terra,MODIS,42,6.2,311.5,26.1,D,0
-16.8753,132.9185,343.4,1.6,1.2,2014-11-15,0147,Terra,MODIS,81,6.2,314.8,52,D,0
-16.7955,134.0359,340.5,1.9,1.4,2014-11-15,0147,Terra,MODIS,57,6.2,314.8,59.6,D,0
-15.6984,126.5527,345.6,1.1,1,2014-11-15,0147,Terra,MODIS,90,6.2,305.7,38.6,D,0
-15.6999,126.5627,344.1,1.1,1,2014-11-15,0147,Terra,MODIS,89,6.2,305.9,34.3,D,0
-15.7051,126.5558,392.4,1.1,1,2014-11-15,0147,Terra,MODIS,100,6.2,309.5,217.1,D,0
-15.7067,126.5659,352.6,1.1,1,2014-11-15,0147,Terra,MODIS,95,6.2,307.3,55.4,D,0
-16.9923,133.0372,338,1.6,1.3,2014-11-15,0147,Terra,MODIS,63,6.2,313,34.9,D,0
-16.9942,133.0526,334.7,1.7,1.3,2014-11-15,0147,Terra,MODIS,51,6.2,310.1,28.1,D,0
-17.4694,135.262,342.7,2.5,1.5,2014-11-15,0147,Terra,MODIS,86,6.2,309.2,115.4,D,0
-17.4719,135.2849,339.7,2.5,1.5,2014-11-15,0147,Terra,MODIS,83,6.2,309,94.5,D,0
-16.9092,132.8229,334.8,1.6,1.2,2014-11-15,0147,Terra,MODIS,43,6.2,313.5,20.9,D,0
-16.9241,132.8513,337.2,1.6,1.2,2014-11-15,0147,Terra,MODIS,48,6.2,315.4,26.1,D,0
-16.9316,132.82,338.2,1.6,1.2,2014-11-15,0147,Terra,MODIS,67,6.2,316,25.4,D,0
-16.9335,132.8349,343.8,1.6,1.2,2014-11-15,0147,Terra,MODIS,86,6.2,315.3,45,D,0
-15.9256,129.309,341.9,1,1,2014-11-15,0147,Terra,MODIS,72,6.2,308.9,28.9,D,0
-16.0414,129.5404,333.4,1,1,2014-11-15,0147,Terra,MODIS,52,6.2,312,9.4,D,0
-16.0185,129.1276,344.8,1,1,2014-11-15,0147,Terra,MODIS,89,6.2,308.1,32,D,0
-16.0199,129.137,341.3,1,1,2014-11-15,0147,Terra,MODIS,86,6.2,310.2,25.2,D,0
-17.0978,133.7217,334.6,1.9,1.3,2014-11-15,0147,Terra,MODIS,63,6.2,314.9,30.3,D,0
-16.7515,129.2406,345.6,1,1,2014-11-15,0147,Terra,MODIS,89,6.2,306.2,34.9,D,0
-17.1107,137.1354,326.5,3.4,1.7,2014-11-15,0147,Terra,MODIS,47,6.2,302.7,62.3,D,0
-16.358,132.7099,335,1.5,1.2,2014-11-15,0147,Terra,MODIS,32,6.2,315.3,23.8,D,0
-15.6962,127.4457,339.5,1,1,2014-11-15,0147,Terra,MODIS,62,6.2,308.4,22,D,0
-15.6872,127.4471,340.4,1,1,2014-11-15,0147,Terra,MODIS,78,6.2,310.5,26.4,D,0
-15.8291,127.4085,340.3,1,1,2014-11-15,0147,Terra,MODIS,85,6.2,305.8,23.6,D,0
-15.6857,127.4377,334.8,1,1,2014-11-15,0147,Terra,MODIS,42,6.2,308,16.7,D,0
-15.669,127.45,347.2,1,1,2014-11-15,0147,Terra,MODIS,91,6.2,306.3,39.7,D,0
-15.6676,127.4405,341.7,1,1,2014-11-15,0147,Terra,MODIS,87,6.2,304.6,28.8,D,0
-15.6661,127.4311,337.1,1,1,2014-11-15,0147,Terra,MODIS,75,6.2,303.9,21.8,D,0
-15.6948,127.4362,337.8,1,1,2014-11-15,0147,Terra,MODIS,40,6.2,306.9,18.1,D,0
-15.7458,128.5791,346.5,1,1,2014-11-15,0147,Terra,MODIS,90,6.2,308.4,36.3,D,0
-15.7211,128.5989,336.1,1,1,2014-11-15,0147,Terra,MODIS,61,6.2,310.6,15.4,D,0
-15.7273,128.5789,334.6,1,1,2014-11-15,0147,Terra,MODIS,58,6.2,309.3,18.8,D,0
-15.7355,128.5712,342.4,1,1,2014-11-15,0147,Terra,MODIS,86,6.2,305.5,30.9,D,0
-15.7368,128.5805,350.9,1,1,2014-11-15,0147,Terra,MODIS,94,6.2,310.9,46.6,D,0
-15.8224,128.6624,334.5,1,1,2014-11-15,0147,Terra,MODIS,66,6.2,312.3,13.7,D,0
-15.8157,127.3815,333.3,1,1,2014-11-15,0147,Terra,MODIS,62,6.2,304.7,14.7,D,0
-15.7885,127.3858,360.9,1,1,2014-11-15,0147,Terra,MODIS,100,6.2,304.9,67.7,D,0
-15.8171,127.3909,333.5,1,1,2014-11-15,0147,Terra,MODIS,63,6.2,307.7,13.7,D,0
-15.7472,128.5884,341.6,1,1,2014-11-15,0147,Terra,MODIS,81,6.2,310,26.3,D,0
-15.7382,128.5897,344.7,1,1,2014-11-15,0147,Terra,MODIS,85,6.2,310.4,32.6,D,0
-15.7899,127.3953,351,1,1,2014-11-15,0147,Terra,MODIS,94,6.2,310.1,43.3,D,0
-15.8262,127.3895,335.1,1,1,2014-11-15,0147,Terra,MODIS,79,6.2,306.2,15.8,D,0
-18.6248,137.9437,331.1,4.1,1.9,2014-11-15,0147,Terra,MODIS,56,6.2,309.8,86.3,D,0
-17.6582,135.2044,336.1,2.4,1.5,2014-11-15,0147,Terra,MODIS,67,6.2,310.3,51.7,D,0
-17.6101,135.2157,332.7,2.4,1.5,2014-11-15,0147,Terra,MODIS,66,6.2,309.5,50.5,D,0
-17.5829,135.2189,331.1,2.4,1.5,2014-11-15,0147,Terra,MODIS,66,6.2,307.7,45.1,D,0
-17.6038,135.2108,333.5,2.4,1.5,2014-11-15,0147,Terra,MODIS,51,6.2,310.7,52.4,D,0
-17.5902,135.2124,331.3,2.4,1.5,2014-11-15,0147,Terra,MODIS,50,6.2,309.1,42.9,D,0
-17.5965,135.2173,333.9,2.4,1.5,2014-11-15,0147,Terra,MODIS,73,6.2,309.3,58.4,D,0
-17.6446,135.206,333.9,2.4,1.5,2014-11-15,0147,Terra,MODIS,45,6.2,311,45.2,D,0
-15.4098,135.8811,326.1,2.6,1.5,2014-11-15,0147,Terra,MODIS,60,6.2,305.6,50.6,D,0
-18.6211,137.9053,334.2,4,1.9,2014-11-15,0147,Terra,MODIS,71,6.2,311.3,117.5,D,0
-17.6471,135.2292,334.6,2.5,1.5,2014-11-15,0147,Terra,MODIS,43,6.2,308.5,49,D,0
-15.8954,130.8888,332.2,1.2,1.1,2014-11-15,0147,Terra,MODIS,69,6.2,311.3,14.6,D,0
-14.0578,127.0418,342.5,1.1,1,2014-11-15,0147,Terra,MODIS,87,6.2,306.1,30.1,D,0
-15.7358,127.3457,336,1,1,2014-11-15,0147,Terra,MODIS,67,6.2,304.1,19.5,D,0
-15.8369,129.2737,333.6,1,1,2014-11-15,0147,Terra,MODIS,76,6.2,308.4,16.3,D,0
-15.8383,129.2832,334.7,1,1,2014-11-15,0147,Terra,MODIS,77,6.2,309.2,18.2,D,0
-15.7947,127.3654,360.7,1,1,2014-11-15,0147,Terra,MODIS,100,6.2,306.5,75.2,D,0
-15.9989,129.8215,335.6,1.1,1,2014-11-15,0147,Terra,MODIS,71,6.2,307.7,15.9,D,0
-15.787,127.3764,334.5,1,1,2014-11-15,0147,Terra,MODIS,50,6.2,304,17.1,D,0
-15.8219,129.2921,336.2,1,1,2014-11-15,0147,Terra,MODIS,75,6.2,308.1,16.8,D,0
-15.3241,124.7188,343,1.4,1.2,2014-11-15,0147,Terra,MODIS,77,6.2,303.1,52.8,D,0
-15.3345,124.7172,325.6,1.4,1.2,2014-11-15,0147,Terra,MODIS,28,6.2,299.8,13.3,D,0
-15.8052,127.3734,352.4,1,1,2014-11-15,0147,Terra,MODIS,95,6.2,310.7,52.8,D,0
-15.8143,127.372,339.8,1,1,2014-11-15,0147,Terra,MODIS,85,6.2,305.4,26.8,D,0
-15.7961,127.3749,346.9,1,1,2014-11-15,0147,Terra,MODIS,91,6.2,310,40,D,0
-15.8037,127.364,357.8,1,1,2014-11-15,0147,Terra,MODIS,93,6.2,303.5,66.6,D,0
-15.8585,130.8563,330.5,1.2,1.1,2014-11-15,0147,Terra,MODIS,62,6.2,309.9,8.8,D,0
-15.7343,127.3361,334.6,1,1,2014-11-15,0147,Terra,MODIS,63,6.2,302.6,18.2,D,0
-16.0003,129.8314,337.8,1.1,1,2014-11-15,0147,Terra,MODIS,62,6.2,309.2,17.7,D,0
-15.857,130.8454,334.6,1.2,1.1,2014-11-15,0147,Terra,MODIS,73,6.2,310.5,15.1,D,0
-15.7272,127.3437,353,1,1,2014-11-15,0147,Terra,MODIS,95,6.2,305.6,53.9,D,0
-19.7489,131.1648,335.5,1.3,1.1,2014-11-15,0148,Terra,MODIS,71,6.2,309.6,21.5,D,0
-20.4191,124.0245,338.7,1.3,1.1,2014-11-15,0148,Terra,MODIS,69,6.2,311.7,21.7,D,0
-20.4171,124.0125,369.2,1.3,1.1,2014-11-15,0148,Terra,MODIS,100,6.2,308.9,126.7,D,0
-20.4151,124.0005,337.9,1.3,1.1,2014-11-15,0148,Terra,MODIS,78,6.2,304,25.2,D,0
-20.409,124.0263,357.6,1.3,1.1,2014-11-15,0148,Terra,MODIS,98,6.2,313.5,74.9,D,0
-20.4071,124.0143,438.5,1.3,1.1,2014-11-15,0148,Terra,MODIS,100,6.2,321.4,772.9,D,0
-20.4491,124.019,350,1.3,1.1,2014-11-15,0148,Terra,MODIS,92,6.2,308.2,57.9,D,0
-20.459,124.0171,346.2,1.3,1.1,2014-11-15,0148,Terra,MODIS,89,6.2,303.6,49.9,D,0
-20.4577,124.0113,341.7,1.3,1.1,2014-11-15,0148,Terra,MODIS,84,6.2,298.5,40.3,D,0
-20.4598,124.0233,341.4,1.3,1.1,2014-11-15,0148,Terra,MODIS,84,6.2,306.1,38.2,D,0
-20.405,124.0023,363.6,1.3,1.1,2014-11-15,0148,Terra,MODIS,100,6.2,307.4,103.5,D,0
-17.1504,124.0527,361.6,1.4,1.2,2014-11-15,0148,Terra,MODIS,100,6.2,305.5,121.4,D,0
-17.1482,124.0396,325.4,1.4,1.2,2014-11-15,0148,Terra,MODIS,26,6.2,301.9,8.6,D,0
-17.1458,124.0596,351,1.4,1.2,2014-11-15,0148,Terra,MODIS,94,6.2,306.5,77.7,D,0
-17.1437,124.0464,344.1,1.4,1.2,2014-11-15,0148,Terra,MODIS,89,6.2,304.5,53.9,D,0
-19.7265,131.1549,350.6,1.3,1.1,2014-11-15,0148,Terra,MODIS,92,6.2,309.6,64.7,D,0
-19.7282,131.1677,349.8,1.3,1.1,2014-11-15,0148,Terra,MODIS,92,6.2,311.6,62.1,D,0
-19.7385,131.1663,333.6,1.3,1.1,2014-11-15,0148,Terra,MODIS,65,6.2,311,17.5,D,0
-19.7505,131.1777,355.4,1.3,1.2,2014-11-15,0148,Terra,MODIS,96,6.2,313.4,80.6,D,0
-19.7609,131.1762,337.5,1.3,1.2,2014-11-15,0148,Terra,MODIS,75,6.2,311.5,26.4,D,0
-19.7566,131.1702,347.1,1.3,1.2,2014-11-15,0148,Terra,MODIS,89,6.2,311.9,51.7,D,0
-19.7582,131.1831,340.7,1.4,1.2,2014-11-15,0148,Terra,MODIS,81,6.2,312.8,32.6,D,0
-16.8165,123.8057,328.1,1.5,1.2,2014-11-15,0148,Terra,MODIS,65,6.2,299.5,24.9,D,0
-16.8188,123.8195,330.8,1.5,1.2,2014-11-15,0148,Terra,MODIS,73,6.2,301.7,27.8,D,0
-16.8273,123.8037,349.5,1.5,1.2,2014-11-15,0148,Terra,MODIS,93,6.2,303.3,87.5,D,0
-16.8295,123.8175,356.4,1.5,1.2,2014-11-15,0148,Terra,MODIS,97,6.2,307,111.4,D,0
-16.8318,123.8312,332.5,1.5,1.2,2014-11-15,0148,Terra,MODIS,71,6.2,305.9,31.9,D,0
-16.8211,123.8124,341,1.5,1.2,2014-11-15,0148,Terra,MODIS,86,6.2,303,55.2,D,0
-16.8235,123.8262,328.4,1.5,1.2,2014-11-15,0148,Terra,MODIS,42,6.2,304,22.3,D,0
-16.8319,123.8105,367.4,1.5,1.2,2014-11-15,0148,Terra,MODIS,100,6.2,306.5,165.7,D,0
-16.8342,123.8242,334.6,1.5,1.2,2014-11-15,0148,Terra,MODIS,39,6.2,306.5,33.5,D,0
-16.8366,123.8379,330.2,1.5,1.2,2014-11-15,0148,Terra,MODIS,31,6.2,305.3,19.7,D,0
-16.8426,123.8085,351.4,1.5,1.2,2014-11-15,0148,Terra,MODIS,93,6.2,302,92.2,D,0
-16.845,123.8223,367.4,1.5,1.2,2014-11-15,0148,Terra,MODIS,100,6.2,307.2,164.2,D,0
-16.8473,123.836,333.6,1.5,1.2,2014-11-15,0148,Terra,MODIS,42,6.2,306.2,29,D,0
-17.148,124.0727,335.6,1.4,1.2,2014-11-15,0148,Terra,MODIS,80,6.2,304.2,33.6,D,0
-17.1526,124.0658,351.8,1.4,1.2,2014-11-15,0148,Terra,MODIS,94,6.2,306.8,82.5,D,0
-19.6031,131.3219,334.6,1.4,1.2,2014-11-15,0148,Terra,MODIS,68,6.2,310.8,18.8,D,0
-19.6136,131.3205,360.9,1.4,1.2,2014-11-15,0148,Terra,MODIS,100,6.2,313.4,103.7,D,0
-19.6152,131.3336,353.4,1.4,1.2,2014-11-15,0148,Terra,MODIS,95,6.2,313.7,72.9,D,0
-18.0654,122.6031,338.7,1.7,1.3,2014-11-15,0148,Terra,MODIS,85,6.2,306.1,45.3,D,0
-19.5936,121.6363,337,1.9,1.3,2014-11-15,0148,Terra,MODIS,80,6.2,303.5,55.3,D,0
-19.5977,121.6286,332.7,1.9,1.3,2014-11-15,0148,Terra,MODIS,72,6.2,302,38.8,D,0
-19.6009,121.6462,330.3,1.9,1.3,2014-11-15,0148,Terra,MODIS,59,6.2,304.5,28.6,D,0
-19.6725,121.6317,339,1.9,1.3,2014-11-15,0148,Terra,MODIS,82,6.2,307,53.6,D,0
-19.6772,121.6249,337.2,1.9,1.3,2014-11-15,0148,Terra,MODIS,80,6.2,306.4,47.9,D,0
-18.3397,124.3488,328.9,1.3,1.1,2014-11-15,0148,Terra,MODIS,53,6.2,304.1,13.3,D,0
-19.0351,123.7724,335.3,1.4,1.2,2014-11-15,0148,Terra,MODIS,78,6.2,308.9,20.8,D,0
-19.0427,123.7777,338.8,1.4,1.2,2014-11-15,0148,Terra,MODIS,83,6.2,309.4,27.9,D,0
-19.0509,123.7629,356.5,1.4,1.2,2014-11-15,0148,Terra,MODIS,97,6.2,308.5,85.3,D,0
-19.053,123.7757,365.1,1.4,1.2,2014-11-15,0148,Terra,MODIS,100,6.2,309.3,121.8,D,0
-19.0612,123.7609,358.4,1.4,1.2,2014-11-15,0148,Terra,MODIS,99,6.2,307.1,92.8,D,0
-19.0634,123.7738,341,1.4,1.2,2014-11-15,0148,Terra,MODIS,86,6.2,307.8,33.9,D,0
-19.8961,130.8883,336.1,1.3,1.1,2014-11-15,0148,Terra,MODIS,71,6.2,307.7,22.8,D,0
-18.6083,131.2414,346.7,1.3,1.1,2014-11-15,0148,Terra,MODIS,88,6.2,316.5,42.2,D,0
-19.7959,131.404,338.1,1.4,1.2,2014-11-15,0148,Terra,MODIS,45,6.2,313.7,20.4,D,0
-19.7844,131.3582,333.5,1.4,1.2,2014-11-15,0148,Terra,MODIS,49,6.2,311.9,15,D,0
-22.4888,118.0973,339.9,2.9,1.6,2014-11-15,0149,Terra,MODIS,81,6.2,273.7,126.2,D,0
-22.5121,118.0629,360.2,2.9,1.6,2014-11-15,0149,Terra,MODIS,100,6.2,299.5,357.8,D,0
-22.5063,118.035,363.5,3,1.6,2014-11-15,0149,Terra,MODIS,100,6.2,299.3,408.1,D,0
-22.5091,118.1219,335.8,2.9,1.6,2014-11-15,0149,Terra,MODIS,43,6.2,289.8,115.1,D,0
-22.5036,118.0954,340.8,2.9,1.6,2014-11-15,0149,Terra,MODIS,85,6.2,283.9,144.2,D,0
-22.4973,118.0653,341.2,2.9,1.6,2014-11-15,0149,Terra,MODIS,77,6.2,294.4,145.9,D,0
-22.4945,118.1249,342.5,2.9,1.6,2014-11-15,0149,Terra,MODIS,69,6.2,282.9,167.1,D,0
-22.4826,118.0677,333.6,2.9,1.6,2014-11-15,0149,Terra,MODIS,47,6.2,278.1,80,D,0
-22.5121,118.0687,355.6,2.9,1.6,2014-11-15,0149,Terra,MODIS,97,6.2,297.2,293.7,D,0
-22.5065,118.0406,378.1,3,1.6,2014-11-15,0149,Terra,MODIS,100,6.2,301.1,641.7,D,0
-22.5034,118.1009,345.2,2.9,1.6,2014-11-15,0149,Terra,MODIS,82,6.2,284,179.5,D,0
-22.4974,118.0712,341,2.9,1.6,2014-11-15,0149,Terra,MODIS,65,6.2,290.5,142.2,D,0
-22.4886,118.1031,338,2.9,1.6,2014-11-15,0149,Terra,MODIS,50,6.2,274.6,111.2,D,0
-23.114,117.9933,329.9,2.9,1.6,2014-11-15,0149,Terra,MODIS,78,6.2,298.9,81,D,0
-23.1083,117.9654,330.6,2.9,1.6,2014-11-15,0149,Terra,MODIS,79,6.2,302.7,82.3,D,0
-33.4393,116.1509,312.2,2.2,1.4,2014-11-15,0152,Terra,MODIS,54,6.2,293.4,28.4,D,0
-41.7238,147.4383,323,1.2,1.1,2014-11-15,0428,Aqua,MODIS,80,6.2,304.6,14.4,D,0
-41.3517,147.3834,307,1.2,1.1,2014-11-15,0428,Aqua,MODIS,62,6.2,294.9,7.1,D,0
-41.0193,147.0995,310.4,1.2,1.1,2014-11-15,0428,Aqua,MODIS,62,6.2,297.2,7.8,D,0
-41.2016,146.3427,314.3,1.1,1,2014-11-15,0428,Aqua,MODIS,52,6.2,297.7,9.2,D,0
-41.2038,146.3295,345.8,1.1,1,2014-11-15,0428,Aqua,MODIS,94,6.2,296.8,55.9,D,0
-27.7337,150.5152,379.4,3.5,1.8,2014-11-15,0431,Aqua,MODIS,100,6.2,309.6,835.3,D,0
-27.7268,150.521,383.6,3.5,1.8,2014-11-15,0431,Aqua,MODIS,100,6.2,309.1,940.9,D,0
-27.7347,150.486,377.7,3.5,1.8,2014-11-15,0431,Aqua,MODIS,100,6.2,310.9,774.5,D,0
-27.7414,150.4801,343,3.5,1.8,2014-11-15,0431,Aqua,MODIS,86,6.2,308.8,188.4,D,0
-27.7258,150.4755,343.1,3.5,1.8,2014-11-15,0431,Aqua,MODIS,86,6.2,308.3,181.3,D,0
-27.7181,150.5107,368.3,3.5,1.8,2014-11-15,0431,Aqua,MODIS,100,6.2,309.2,577.9,D,0
-24.9766,148.6647,331,3.1,1.7,2014-11-15,0432,Aqua,MODIS,43,6.2,308.5,40,D,0
-24.9619,148.6608,334.3,3.1,1.7,2014-11-15,0432,Aqua,MODIS,70,6.2,309.7,66.6,D,0
-24.9629,148.6535,331.2,3.1,1.7,2014-11-15,0432,Aqua,MODIS,38,6.2,310.4,45.4,D,0
-24.8702,148.7236,340.1,3.1,1.7,2014-11-15,0432,Aqua,MODIS,83,6.2,307.8,119.9,D,0
-24.8735,148.7198,342.1,3.1,1.7,2014-11-15,0432,Aqua,MODIS,85,6.2,307.7,138.1,D,0
-24.8552,148.7203,331.9,3.1,1.7,2014-11-15,0432,Aqua,MODIS,51,6.2,309.7,54.3,D,0
-24.8586,148.7163,332.6,3.1,1.7,2014-11-15,0432,Aqua,MODIS,55,6.2,308.9,61.8,D,0
-24.0253,149.055,333.8,3.4,1.7,2014-11-15,0432,Aqua,MODIS,58,6.2,303.1,115.8,D,0
-23.3411,147.7667,334.3,2.9,1.6,2014-11-15,0433,Aqua,MODIS,69,6.2,306.3,70.4,D,0
-23.3467,147.739,331,2.9,1.6,2014-11-15,0433,Aqua,MODIS,56,6.2,308,51.3,D,0
-23.3267,147.763,343.1,2.9,1.6,2014-11-15,0433,Aqua,MODIS,85,6.2,309.2,139.5,D,0
-23.3324,147.7353,358,2.9,1.6,2014-11-15,0433,Aqua,MODIS,98,6.2,310,289.1,D,0
-23.3253,147.7551,347.1,2.9,1.6,2014-11-15,0433,Aqua,MODIS,89,6.2,309.8,174.1,D,0
-23.3308,147.7273,338,2.9,1.6,2014-11-15,0433,Aqua,MODIS,77,6.2,309.4,100.1,D,0
-23.0992,146.2507,330.9,2.3,1.5,2014-11-15,0433,Aqua,MODIS,41,6.2,313.1,37.3,D,0
-21.6859,141.165,346.6,1.1,1.1,2014-11-15,0433,Aqua,MODIS,88,6.2,327.7,25,D,0
-20.5576,140.7232,353,1.1,1.1,2014-11-15,0434,Aqua,MODIS,94,6.2,325.5,40,D,0
-18.6182,137.9254,349.7,1,1,2014-11-15,0434,Aqua,MODIS,91,6.2,323.7,31.1,D,0
-18.6258,137.9363,350.3,1,1,2014-11-15,0434,Aqua,MODIS,84,6.2,322.2,32,D,0
-19.8786,143.9632,330.9,1.8,1.3,2014-11-15,0434,Aqua,MODIS,32,6.2,313,17.1,D,0
-19.8816,143.9465,333.7,1.8,1.3,2014-11-15,0434,Aqua,MODIS,46,6.2,315.7,26.5,D,0
-18.6362,137.9283,343.2,1,1,2014-11-15,0434,Aqua,MODIS,57,6.2,323.5,17.2,D,0
-18.6249,137.8783,358.6,1,1,2014-11-15,0434,Aqua,MODIS,99,6.2,320.6,53.6,D,0
-18.6146,137.8902,342.7,1,1,2014-11-15,0434,Aqua,MODIS,74,6.2,320.1,18.7,D,0
-18.6501,137.9595,353,1,1,2014-11-15,0434,Aqua,MODIS,94,6.2,320.5,40.9,D,0
-18.6133,137.8997,344.1,1,1,2014-11-15,0434,Aqua,MODIS,69,6.2,320,19.8,D,0
-18.6348,137.9378,345.1,1,1,2014-11-15,0434,Aqua,MODIS,66,6.2,322.4,21.6,D,0
-18.154,143.6966,336.1,1.9,1.3,2014-11-15,0434,Aqua,MODIS,58,6.2,320,27.6,D,0
-18.6452,137.9298,376.1,1,1,2014-11-15,0434,Aqua,MODIS,100,6.2,322.9,106.1,D,0
-18.6236,137.8877,343.4,1,1,2014-11-15,0434,Aqua,MODIS,77,6.2,321,19.1,D,0
-18.6159,137.8808,337.7,1,1,2014-11-15,0434,Aqua,MODIS,46,6.2,319.6,10.7,D,0
-18.6119,137.9091,342,1,1,2014-11-15,0434,Aqua,MODIS,79,6.2,321.8,17.4,D,0
-18.6339,137.8797,347.2,1,1,2014-11-15,0434,Aqua,MODIS,89,6.2,318.4,27.2,D,0
-17.1039,143.1572,356.8,1.8,1.3,2014-11-15,0434,Aqua,MODIS,97,6.2,320.1,118.7,D,0
-17.101,143.1739,340.7,1.8,1.3,2014-11-15,0434,Aqua,MODIS,68,6.2,319,40.8,D,0
-17.1245,143.1784,362.3,1.8,1.3,2014-11-15,0434,Aqua,MODIS,100,6.2,322.1,154.7,D,0
-17.1363,143.1806,336.4,1.8,1.3,2014-11-15,0434,Aqua,MODIS,41,6.2,319.2,24.5,D,0
-18.094,138.1804,349,1,1,2014-11-15,0434,Aqua,MODIS,86,6.2,316.2,38.6,D,0
-18.0954,138.171,348.2,1,1,2014-11-15,0434,Aqua,MODIS,83,6.2,314.9,37.2,D,0
-19.5604,143.0842,339.5,1.6,1.2,2014-11-15,0434,Aqua,MODIS,75,6.2,320.5,26.4,D,0
-17.2187,143.2087,334.4,1.8,1.3,2014-11-15,0434,Aqua,MODIS,46,6.2,318.5,23.5,D,0
-19.563,143.076,369.4,1.6,1.2,2014-11-15,0434,Aqua,MODIS,100,6.2,322.7,165.2,D,0
-17.2136,143.202,338.3,1.8,1.3,2014-11-15,0434,Aqua,MODIS,49,6.2,318.3,33.3,D,0
-19.4491,142.798,344.8,1.5,1.2,2014-11-15,0434,Aqua,MODIS,46,6.2,324.3,36.6,D,0
-17.3677,142.691,348.9,1.6,1.3,2014-11-15,0434,Aqua,MODIS,90,6.2,318,70,D,0
-17.3651,142.7063,339.9,1.6,1.3,2014-11-15,0434,Aqua,MODIS,47,6.2,321.1,29.7,D,0
-17.379,142.6931,339.1,1.6,1.3,2014-11-15,0434,Aqua,MODIS,43,6.2,317.8,30.8,D,0
-19.4572,142.9506,344.6,1.6,1.2,2014-11-15,0434,Aqua,MODIS,81,6.2,321.6,43,D,0
-19.4265,142.9296,339.5,1.6,1.2,2014-11-15,0434,Aqua,MODIS,61,6.2,321.7,21.9,D,0
-18.966,141.8896,343.4,1.4,1.2,2014-11-15,0434,Aqua,MODIS,78,6.2,310.3,43.6,D,0
-17.1128,143.1761,343,1.8,1.3,2014-11-15,0434,Aqua,MODIS,85,6.2,320.5,50.9,D,0
-17.0716,143.1338,342.4,1.8,1.3,2014-11-15,0434,Aqua,MODIS,70,6.2,316.5,46.5,D,0
-18.9453,141.8858,337.4,1.4,1.2,2014-11-15,0434,Aqua,MODIS,40,6.2,315.5,21,D,0
-19.5629,143.0692,369,1.6,1.2,2014-11-15,0434,Aqua,MODIS,100,6.2,325.5,164,D,0
-19.5656,143.061,356.7,1.6,1.2,2014-11-15,0434,Aqua,MODIS,97,6.2,324.9,91.4,D,0
-19.6041,143.0377,336.7,1.6,1.2,2014-11-15,0434,Aqua,MODIS,49,6.2,318.9,22.3,D,0
-19.5767,143.0632,344.1,1.6,1.2,2014-11-15,0434,Aqua,MODIS,63,6.2,319.5,40,D,0
-19.4556,143.0272,354.2,1.6,1.2,2014-11-15,0434,Aqua,MODIS,95,6.2,323.4,82.3,D,0
-19.6015,143.0526,336,1.6,1.2,2014-11-15,0434,Aqua,MODIS,38,6.2,317.8,19.3,D,0
-19.5518,143.067,338.9,1.6,1.2,2014-11-15,0434,Aqua,MODIS,67,6.2,323.5,22.7,D,0
-17.6361,135.2372,379.3,1.2,1.1,2014-11-15,0435,Aqua,MODIS,100,6.2,319.8,152.6,D,0
-13.9896,141.8112,337.5,1.6,1.3,2014-11-15,0435,Aqua,MODIS,84,6.2,302.1,41.5,D,0
-16.7033,133.9428,338.9,1.3,1.1,2014-11-15,0435,Aqua,MODIS,41,6.2,316,25.7,D,0
-16.7049,133.9302,407.6,1.3,1.1,2014-11-15,0435,Aqua,MODIS,100,6.2,324.8,423.1,D,0
-16.7065,133.9177,349.5,1.3,1.1,2014-11-15,0435,Aqua,MODIS,92,6.2,318.5,49.9,D,0
-13.885,141.7496,329.9,1.6,1.3,2014-11-15,0435,Aqua,MODIS,64,6.2,306.8,16.3,D,0
-16.8958,138.7589,343.9,1,1,2014-11-15,0435,Aqua,MODIS,87,6.2,307.9,32,D,0
-16.8852,138.767,332.2,1,1,2014-11-15,0435,Aqua,MODIS,68,6.2,309,12.1,D,0
-16.8867,138.7574,328.4,1,1,2014-11-15,0435,Aqua,MODIS,35,6.2,307.8,7.3,D,0
-17.1444,137.1698,336.4,1,1,2014-11-15,0435,Aqua,MODIS,11,6.2,312.7,16,D,0
-17.1471,137.151,339.9,1,1,2014-11-15,0435,Aqua,MODIS,61,6.2,314.1,21.3,D,0
-14.0674,141.6875,336.5,1.6,1.2,2014-11-15,0435,Aqua,MODIS,58,6.2,305.1,40.8,D,0
-17.0572,143.1085,335.6,1.8,1.3,2014-11-15,0435,Aqua,MODIS,53,6.2,316,24.3,D,0
-13.9984,141.8282,348.8,1.6,1.3,2014-11-15,0435,Aqua,MODIS,93,6.2,305.6,88.5,D,0
-13.8826,141.7645,330.8,1.6,1.3,2014-11-15,0435,Aqua,MODIS,66,6.2,307.6,19,D,0
-13.8844,141.7562,336.9,1.6,1.3,2014-11-15,0435,Aqua,MODIS,84,6.2,307.3,35.7,D,0
-13.9959,141.8432,337.5,1.6,1.3,2014-11-15,0435,Aqua,MODIS,74,6.2,305.7,47.9,D,0
-13.9646,141.8222,334.6,1.6,1.3,2014-11-15,0435,Aqua,MODIS,79,6.2,302.6,39.6,D,0
-17.6347,135.2481,342.1,1.2,1.1,2014-11-15,0435,Aqua,MODIS,71,6.2,316.8,25.8,D,0
-17.6458,135.2386,353,1.2,1.1,2014-11-15,0435,Aqua,MODIS,93,6.2,322.5,47.1,D,0
-16.5639,133.8477,334.3,1.4,1.2,2014-11-15,0435,Aqua,MODIS,54,6.2,315.5,20.1,D,0
-16.5655,133.8351,343.6,1.4,1.2,2014-11-15,0435,Aqua,MODIS,86,6.2,318.8,41.6,D,0
-16.9018,132.884,335.2,1.6,1.2,2014-11-15,0435,Aqua,MODIS,32,6.2,308.2,35.7,D,0
-16.9024,132.8789,334.9,1.6,1.2,2014-11-15,0435,Aqua,MODIS,21,6.2,308.5,29.9,D,0
-16.8526,133.0063,342.4,1.6,1.2,2014-11-15,0435,Aqua,MODIS,75,6.2,314.7,48,D,0
-16.8562,132.9773,339.4,1.6,1.2,2014-11-15,0435,Aqua,MODIS,67,6.2,315.3,38.4,D,0
-16.8598,132.9481,335.6,1.6,1.2,2014-11-15,0435,Aqua,MODIS,50,6.2,315.4,25.6,D,0
-16.8616,132.9335,339.4,1.6,1.2,2014-11-15,0435,Aqua,MODIS,81,6.2,313.9,38.2,D,0
-16.8634,132.9189,340.3,1.6,1.2,2014-11-15,0435,Aqua,MODIS,82,6.2,312.4,43.6,D,0
-16.8653,132.9041,330.5,1.6,1.2,2014-11-15,0435,Aqua,MODIS,43,6.2,312.3,16.1,D,0
-16.8398,133.0194,345,1.5,1.2,2014-11-15,0435,Aqua,MODIS,84,6.2,311.6,59.9,D,0
-16.8416,133.0049,344.2,1.6,1.2,2014-11-15,0435,Aqua,MODIS,76,6.2,309.9,56.1,D,0
-16.7698,133.9701,354.7,1.3,1.1,2014-11-15,0435,Aqua,MODIS,96,6.2,317.8,72.3,D,0
-16.7714,133.9576,353.2,1.3,1.1,2014-11-15,0435,Aqua,MODIS,95,6.2,318.3,64.8,D,0
-14.7794,144.5401,355.8,2.5,1.5,2014-11-15,0435,Aqua,MODIS,91,6.2,299.6,231.1,D,0
-17.4807,135.3242,340.8,1.1,1.1,2014-11-15,0435,Aqua,MODIS,31,6.2,323.5,18,D,0
-17.4821,135.3134,338,1.1,1.1,2014-11-15,0435,Aqua,MODIS,59,6.2,320.1,15,D,0
-17.4711,135.3228,377.5,1.1,1.1,2014-11-15,0435,Aqua,MODIS,100,6.2,322.8,137.2,D,0
-17.4725,135.312,371.4,1.1,1.1,2014-11-15,0435,Aqua,MODIS,100,6.2,320.5,112.1,D,0
-17.4672,135.2782,335.7,1.2,1.1,2014-11-15,0435,Aqua,MODIS,41,6.2,318.8,10.8,D,0
-17.4686,135.2674,337.7,1.2,1.1,2014-11-15,0435,Aqua,MODIS,63,6.2,319.9,16,D,0
-16.9183,132.8408,339,1.6,1.2,2014-11-15,0435,Aqua,MODIS,34,6.2,302.4,39.7,D,0
-17.1478,135.4629,339,1.1,1.1,2014-11-15,0435,Aqua,MODIS,78,6.2,318.3,19.3,D,0
-17.1383,135.4616,334.2,1.1,1.1,2014-11-15,0435,Aqua,MODIS,60,6.2,316.4,10.1,D,0
-17.1288,135.4603,335.7,1.1,1.1,2014-11-15,0435,Aqua,MODIS,22,6.2,315.4,10.7,D,0
-17.1193,135.459,338,1.1,1.1,2014-11-15,0435,Aqua,MODIS,61,6.2,317.1,15.4,D,0
-17.1161,135.4528,334.6,1.1,1.1,2014-11-15,0435,Aqua,MODIS,68,6.2,317.6,14.2,D,0
-14.7972,144.5196,331,2.5,1.5,2014-11-15,0435,Aqua,MODIS,32,6.2,300.7,62.2,D,0
-14.793,144.5427,335.5,2.5,1.5,2014-11-15,0435,Aqua,MODIS,60,6.2,302.6,84,D,0
-14.788,144.5367,355.3,2.5,1.5,2014-11-15,0435,Aqua,MODIS,91,6.2,302.3,226.4,D,0
-14.7839,144.5599,335.6,2.5,1.5,2014-11-15,0435,Aqua,MODIS,51,6.2,302.3,78.1,D,0
-16.9035,132.8691,352.1,1.6,1.2,2014-11-15,0435,Aqua,MODIS,94,6.2,305.9,98.2,D,0
-16.9043,132.8641,348,1.6,1.2,2014-11-15,0435,Aqua,MODIS,86,6.2,303.8,77.8,D,0
-16.8593,132.7668,376,1.6,1.2,2014-11-15,0435,Aqua,MODIS,100,6.2,316.2,233.1,D,0
-14.0986,141.7149,327.3,1.6,1.2,2014-11-15,0435,Aqua,MODIS,33,6.2,293.4,20.6,D,0
-14.8016,144.5394,328.6,2.5,1.5,2014-11-15,0435,Aqua,MODIS,35,6.2,297.8,50.2,D,0
-15.8535,129.2456,324.1,2.9,1.6,2014-11-15,0435,Aqua,MODIS,29,6.2,300.7,51.3,D,0
-15.8526,129.2408,325.6,2.9,1.6,2014-11-15,0435,Aqua,MODIS,45,6.2,300.8,55.9,D,0
-16.2596,130.0851,334.7,2.5,1.5,2014-11-15,0435,Aqua,MODIS,72,6.2,301.8,99.9,D,0
-14.0962,141.7296,348.3,1.6,1.2,2014-11-15,0435,Aqua,MODIS,81,6.2,297.3,82.3,D,0
-14.732,142.5508,337.2,1.8,1.3,2014-11-15,0435,Aqua,MODIS,81,6.2,312.2,33.2,D,0
-14.7047,142.3714,333.7,1.7,1.3,2014-11-15,0435,Aqua,MODIS,66,6.2,301.6,42.2,D,0
-17.6444,135.2495,352.6,1.2,1.1,2014-11-15,0435,Aqua,MODIS,89,6.2,322.6,49.1,D,0
-14.6878,142.4016,331.8,1.8,1.3,2014-11-15,0435,Aqua,MODIS,44,6.2,304.4,29.6,D,0
-14.7787,142.5989,335.5,1.8,1.3,2014-11-15,0435,Aqua,MODIS,64,6.2,314.7,29.7,D,0
-16.4239,139.5746,345.8,1.1,1.1,2014-11-15,0435,Aqua,MODIS,93,6.2,310.5,43.2,D,0
-14.7641,142.6133,332.4,1.8,1.3,2014-11-15,0435,Aqua,MODIS,49,6.2,312.7,20.5,D,0
-17.0692,133.7706,343.1,1.4,1.2,2014-11-15,0435,Aqua,MODIS,82,6.2,319.9,38.5,D,0
-17.0708,133.7576,337.5,1.4,1.2,2014-11-15,0435,Aqua,MODIS,34,6.2,316.9,23.8,D,0
-17.0636,133.7632,336.7,1.4,1.2,2014-11-15,0435,Aqua,MODIS,35,6.2,317.5,22.7,D,0
-17.0337,133.746,365.5,1.4,1.2,2014-11-15,0435,Aqua,MODIS,100,6.2,318.9,124,D,0
-17.0354,133.7329,348.6,1.4,1.2,2014-11-15,0435,Aqua,MODIS,90,6.2,318.4,54.8,D,0
-14.1074,141.7316,342.2,1.6,1.2,2014-11-15,0435,Aqua,MODIS,88,6.2,303.4,62.4,D,0
-16.8506,134.2255,343.7,1.3,1.1,2014-11-15,0435,Aqua,MODIS,54,6.2,320.4,31,D,0
-14.6984,142.3936,333.9,1.8,1.3,2014-11-15,0435,Aqua,MODIS,73,6.2,305.7,32.4,D,0
-14.7024,142.5115,336.3,1.8,1.3,2014-11-15,0435,Aqua,MODIS,54,6.2,312.7,29.9,D,0
-14.7203,142.5486,334.6,1.8,1.3,2014-11-15,0435,Aqua,MODIS,56,6.2,314.3,25,D,0
-17.6526,135.2618,346.8,1.2,1.1,2014-11-15,0435,Aqua,MODIS,61,6.2,320.9,30.7,D,0
-16.1785,129.5974,343.2,2.7,1.6,2014-11-15,0435,Aqua,MODIS,81,6.2,302.4,135.9,D,0
-16.1758,129.592,343.9,2.7,1.6,2014-11-15,0435,Aqua,MODIS,74,6.2,301.6,153.4,D,0
-17.1484,137.1415,341.9,1,1,2014-11-15,0435,Aqua,MODIS,80,6.2,313.5,26.1,D,0
-17.1394,137.1401,335.5,1,1,2014-11-15,0435,Aqua,MODIS,50,6.2,308.1,17.6,D,0
-17.6512,135.2726,373.8,1.2,1.1,2014-11-15,0435,Aqua,MODIS,100,6.2,320.5,124.8,D,0
-17.6594,135.2849,355,1.2,1.1,2014-11-15,0435,Aqua,MODIS,92,6.2,318.8,54,D,0
-15.8897,131.4088,339.4,2,1.4,2014-11-15,0435,Aqua,MODIS,75,6.2,304.9,62.2,D,0
-14.7936,144.5859,328.1,2.5,1.5,2014-11-15,0435,Aqua,MODIS,25,6.2,302,49.9,D,0
-16.276,132.6849,337.2,1.6,1.2,2014-11-15,0435,Aqua,MODIS,41,6.2,312.2,30.4,D,0
-16.2872,132.6863,338.2,1.6,1.2,2014-11-15,0435,Aqua,MODIS,48,6.2,313.4,35.8,D,0
-16.2481,132.6287,343.7,1.6,1.3,2014-11-15,0435,Aqua,MODIS,71,6.2,315.3,50.3,D,0
-16.2575,132.6452,348.6,1.6,1.2,2014-11-15,0435,Aqua,MODIS,91,6.2,316.2,72.1,D,0
-15.8865,131.4015,334.7,2,1.4,2014-11-15,0435,Aqua,MODIS,62,6.2,305.7,39.4,D,0
-16.2778,132.6699,348.8,1.6,1.2,2014-11-15,0435,Aqua,MODIS,91,6.2,313.2,68.9,D,0
-16.2763,132.6781,349.5,1.6,1.2,2014-11-15,0435,Aqua,MODIS,92,6.2,313.3,75,D,0
-16.3923,130.277,333.2,2.4,1.5,2014-11-15,0435,Aqua,MODIS,0,6.2,294,73.7,D,0
-18.0464,130.6544,335.1,2.4,1.5,2014-11-15,0435,Aqua,MODIS,64,6.2,313.2,42.3,D,0
-15.7318,127.33,330.2,4,1.9,2014-11-15,0435,Aqua,MODIS,61,6.2,294.4,153.4,D,0
-15.1043,131.2191,317.4,2,1.4,2014-11-15,0435,Aqua,MODIS,0,6.2,285.4,22,D,0
-15.7191,127.3331,329.5,4,1.9,2014-11-15,0435,Aqua,MODIS,59,6.2,293.2,143,D,0
-15.092,131.2176,328.2,2,1.4,2014-11-15,0435,Aqua,MODIS,0,6.2,285.1,52.3,D,0
-15.7587,128.5631,327.8,3.2,1.7,2014-11-15,0435,Aqua,MODIS,49,6.2,298.5,90.9,D,0
-16.0331,129.1137,330.4,3,1.6,2014-11-15,0435,Aqua,MODIS,63,6.2,296.3,92.9,D,0
-16.0334,129.1094,327.7,3,1.6,2014-11-15,0435,Aqua,MODIS,48,6.2,296.8,81.5,D,0
-15.7593,128.5884,324.3,3.2,1.7,2014-11-15,0435,Aqua,MODIS,26,6.2,299,62.8,D,0
-17.577,135.211,338.9,1.2,1.1,2014-11-15,0435,Aqua,MODIS,78,6.2,318.2,19.9,D,0
-17.5963,135.2138,342.2,1.2,1.1,2014-11-15,0435,Aqua,MODIS,66,6.2,318.5,23.4,D,0
-17.5949,135.2247,339.8,1.2,1.1,2014-11-15,0435,Aqua,MODIS,53,6.2,315.9,18.4,D,0
-17.6472,135.2277,352.2,1.2,1.1,2014-11-15,0435,Aqua,MODIS,86,6.2,320.5,46.6,D,0
-17.6293,135.214,336.7,1.2,1.1,2014-11-15,0435,Aqua,MODIS,48,6.2,314.4,16.6,D,0
-15.4062,135.8733,336.4,1,1,2014-11-15,0435,Aqua,MODIS,73,6.2,316.2,17.5,D,0
-17.5866,135.2124,368,1.2,1.1,2014-11-15,0435,Aqua,MODIS,100,6.2,319.9,104.1,D,0
-17.6279,135.2249,341.2,1.2,1.1,2014-11-15,0435,Aqua,MODIS,75,6.2,313.2,24.3,D,0
-17.5852,135.2233,358.2,1.2,1.1,2014-11-15,0435,Aqua,MODIS,98,6.2,318.5,69,D,0
-17.639,135.2154,373.7,1.2,1.1,2014-11-15,0435,Aqua,MODIS,100,6.2,318.4,130.3,D,0
-17.6376,135.2263,435.3,1.2,1.1,2014-11-15,0435,Aqua,MODIS,100,6.2,330.2,640,D,0
-13.6861,135.4845,356.8,1.1,1,2014-11-15,0436,Aqua,MODIS,98,6.2,301.9,70.8,D,0
-12.3147,142.8569,324.5,2.1,1.4,2014-11-15,0436,Aqua,MODIS,50,6.2,291.2,38.1,D,0
-12.3154,142.8518,323.2,2.1,1.4,2014-11-15,0436,Aqua,MODIS,46,6.2,291.5,34.8,D,0
-14.0731,127.0423,324,4,1.9,2014-11-15,0436,Aqua,MODIS,54,6.2,299.7,57.7,D,0
-15.2344,128.9618,333.9,3,1.6,2014-11-15,0436,Aqua,MODIS,84,6.2,290.7,120.3,D,0
-12.3313,134.9783,331.1,1.1,1,2014-11-15,0436,Aqua,MODIS,71,6.2,305.1,15.3,D,0
-12.33,134.9881,334.6,1.1,1,2014-11-15,0436,Aqua,MODIS,78,6.2,304.2,19,D,0
-12.653,134.9826,331.8,1.1,1,2014-11-15,0436,Aqua,MODIS,71,6.2,303.5,19,D,0
-14.2601,136.8978,335.3,1,1,2014-11-15,0436,Aqua,MODIS,87,6.2,309.3,16.1,D,0
-12.5866,135.0529,334.9,1.1,1,2014-11-15,0436,Aqua,MODIS,65,6.2,300.9,27.3,D,0
-12.5614,135.0537,328.8,1.1,1,2014-11-15,0436,Aqua,MODIS,41,6.2,304.4,16.4,D,0
-12.0663,142.2992,333.5,1.9,1.4,2014-11-15,0436,Aqua,MODIS,76,6.2,299.2,49.7,D,0
-12.3319,136.4243,333.8,1,1,2014-11-15,0436,Aqua,MODIS,81,6.2,302.9,20.3,D,0
-13.0398,136.2918,339.6,1,1,2014-11-15,0436,Aqua,MODIS,0,6.2,310,23.3,D,0
-13.022,136.2233,339.7,1,1,2014-11-15,0436,Aqua,MODIS,80,6.2,312.2,24.4,D,0
-13.0284,136.2431,350.8,1,1,2014-11-15,0436,Aqua,MODIS,94,6.2,313.4,43.5,D,0
-13.5001,134.5507,337.1,1.1,1.1,2014-11-15,0436,Aqua,MODIS,46,6.2,310.6,22.2,D,0
-13.0348,136.2628,333.8,1,1,2014-11-15,0436,Aqua,MODIS,58,6.2,313.8,12.6,D,0
-13.0271,136.2523,340.2,1,1,2014-11-15,0436,Aqua,MODIS,85,6.2,313.2,23.2,D,0
-13.0321,136.2813,334.9,1,1,2014-11-15,0436,Aqua,MODIS,64,6.2,310,15.9,D,0
-13.0411,136.2826,340.5,1,1,2014-11-15,0436,Aqua,MODIS,77,6.2,313.1,23.8,D,0
-12.0692,142.2818,348.2,1.9,1.4,2014-11-15,0436,Aqua,MODIS,89,6.2,301.9,117.3,D,0
-12.0721,142.2644,328.7,1.9,1.4,2014-11-15,0436,Aqua,MODIS,51,6.2,301.2,39,D,0
-13.0258,136.2615,332.2,1,1,2014-11-15,0436,Aqua,MODIS,61,6.2,311.6,11.9,D,0
-12.7349,136.5,331.8,1,1,2014-11-15,0436,Aqua,MODIS,48,6.2,307.6,13.9,D,0
-12.4596,136.6891,328.7,1,1,2014-11-15,0436,Aqua,MODIS,42,6.2,308.2,10,D,0
-12.073,142.4093,342,2,1.4,2014-11-15,0436,Aqua,MODIS,91,6.2,303.8,89.6,D,0
-12.076,142.3916,348.2,2,1.4,2014-11-15,0436,Aqua,MODIS,94,6.2,303.4,120.8,D,0
-12.4955,136.6945,328.4,1,1,2014-11-15,0436,Aqua,MODIS,34,6.2,307.6,9.8,D,0
-12.4762,136.7009,345.4,1,1,2014-11-15,0436,Aqua,MODIS,91,6.2,308.2,35,D,0
-12.8428,142.4312,326,1.9,1.3,2014-11-15,0436,Aqua,MODIS,46,6.2,297.4,25.9,D,0
-12.4672,136.6996,341,1,1,2014-11-15,0436,Aqua,MODIS,88,6.2,308.7,27.8,D,0
-14.2749,135.3477,334.8,1.1,1,2014-11-15,0436,Aqua,MODIS,74,6.2,309.1,20,D,0
-12.5879,135.0431,382.8,1.1,1,2014-11-15,0436,Aqua,MODIS,100,6.2,302.9,172.6,D,0
-14.2983,135.297,348.3,1.1,1,2014-11-15,0436,Aqua,MODIS,80,6.2,303.4,50.5,D,0
-12.5972,135.0445,346.3,1.1,1,2014-11-15,0436,Aqua,MODIS,92,6.2,299.9,52,D,0
-14.321,134.8707,335.6,1.1,1.1,2014-11-15,0436,Aqua,MODIS,30,6.2,312.4,18.7,D,0
-12.5826,135.0369,329.4,1.1,1,2014-11-15,0436,Aqua,MODIS,60,6.2,299.9,20.8,D,0
-12.5893,135.0334,346.9,1.1,1,2014-11-15,0436,Aqua,MODIS,87,6.2,296.3,53.2,D,0
-12.5627,135.044,331.9,1.1,1,2014-11-15,0436,Aqua,MODIS,64,6.2,303,21.8,D,0
-12.5733,135.0356,328.7,1.1,1,2014-11-15,0436,Aqua,MODIS,58,6.2,300.4,19.3,D,0
-14.3101,134.8796,343.7,1.1,1.1,2014-11-15,0436,Aqua,MODIS,83,6.2,313.6,33,D,0
-12.572,135.0453,339.8,1.1,1,2014-11-15,0436,Aqua,MODIS,87,6.2,304.6,35.9,D,0
-12.0579,142.4249,325.9,2,1.4,2014-11-15,0436,Aqua,MODIS,66,6.2,301.4,27.9,D,0
-13.1569,136.1841,340.9,1,1,2014-11-15,0436,Aqua,MODIS,0,6.2,314.6,23.4,D,0
-12.0549,142.4427,322.6,2,1.4,2014-11-15,0436,Aqua,MODIS,40,6.2,300.4,17.1,D,0
-12.0701,142.427,327.6,2,1.4,2014-11-15,0436,Aqua,MODIS,71,6.2,302.4,32.7,D,0
-12.0541,142.274,337.4,1.9,1.4,2014-11-15,0436,Aqua,MODIS,78,6.2,301.9,68.3,D,0
-14.2186,134.8818,344.2,1.1,1.1,2014-11-15,0436,Aqua,MODIS,71,6.2,315.9,33.3,D,0
-13.8012,135.7774,341.9,1,1,2014-11-15,0436,Aqua,MODIS,85,6.2,310.8,29.3,D,0
-14.2172,134.892,338,1.1,1.1,2014-11-15,0436,Aqua,MODIS,40,6.2,315.7,18.6,D,0
-13.2331,131.1784,336.3,1.9,1.3,2014-11-15,0436,Aqua,MODIS,76,6.2,299.6,63.8,D,0
-12.0571,142.2797,339.4,1.9,1.4,2014-11-15,0436,Aqua,MODIS,89,6.2,302.7,75.4,D,0
-14.2066,136.8171,329.8,1,1,2014-11-15,0436,Aqua,MODIS,50,6.2,307,11.2,D,0
-14.2143,136.8277,330,1,1,2014-11-15,0436,Aqua,MODIS,67,6.2,308.2,11.8,D,0
-13.9997,134.7855,338.2,1.1,1.1,2014-11-15,0436,Aqua,MODIS,61,6.2,307.4,28.4,D,0
-12.876,143.4971,321,2.3,1.5,2014-11-15,0436,Aqua,MODIS,42,6.2,294.1,34.5,D,0
-12.5576,142.8919,322.5,2.1,1.4,2014-11-15,0436,Aqua,MODIS,61,6.2,293.4,31.7,D,0
-13.4671,133.7186,331.7,1.3,1.1,2014-11-15,0436,Aqua,MODIS,51,6.2,304.4,24.9,D,0
-14.0172,136.6009,326.1,1,1,2014-11-15,0436,Aqua,MODIS,42,6.2,307.2,12.7,D,0
-13.4687,133.707,355.8,1.3,1.1,2014-11-15,0436,Aqua,MODIS,97,6.2,304.8,90,D,0
-13.7776,136.8626,338.7,1,1,2014-11-15,0436,Aqua,MODIS,81,6.2,307,26.5,D,0
-13.9099,136.446,335.1,1,1,2014-11-15,0436,Aqua,MODIS,72,6.2,312,18.8,D,0
-13.9086,136.4553,342.6,1,1,2014-11-15,0436,Aqua,MODIS,86,6.2,309.5,30.8,D,0
-11.975,135.6926,330.6,1,1,2014-11-15,0436,Aqua,MODIS,61,6.2,304,16.9,D,0
-11.9763,135.6833,334.2,1,1,2014-11-15,0436,Aqua,MODIS,70,6.2,304.7,21.5,D,0
-11.9776,135.674,340.5,1,1,2014-11-15,0436,Aqua,MODIS,87,6.2,301.1,32.8,D,0
-13.7763,136.8717,339.6,1,1,2014-11-15,0436,Aqua,MODIS,83,6.2,306.8,27.5,D,0
-14.2072,135.358,339,1.1,1,2014-11-15,0436,Aqua,MODIS,83,6.2,311,23.8,D,0
-13.8075,134.0674,355.4,1.2,1.1,2014-11-15,0436,Aqua,MODIS,97,6.2,309.5,76.1,D,0
-13.806,134.0785,369.7,1.2,1.1,2014-11-15,0436,Aqua,MODIS,100,6.2,312.4,128.6,D,0
-13.8045,134.0896,347,1.2,1.1,2014-11-15,0436,Aqua,MODIS,82,6.2,313.9,50.1,D,0
-14.2059,135.3678,333.4,1.1,1,2014-11-15,0436,Aqua,MODIS,55,6.2,310.5,13.9,D,0
-14.2045,135.3777,333.4,1.1,1,2014-11-15,0436,Aqua,MODIS,58,6.2,310.8,13.3,D,0
-14.2152,135.3692,333.6,1.1,1,2014-11-15,0436,Aqua,MODIS,68,6.2,313,15.5,D,0
-12.5607,142.8731,323.1,2.1,1.4,2014-11-15,0436,Aqua,MODIS,61,6.2,294.3,31.4,D,0
-11.9892,135.7231,336.7,1,1,2014-11-15,0436,Aqua,MODIS,0,6.2,305.2,24.1,D,0
-11.9814,135.7125,326.9,1,1,2014-11-15,0436,Aqua,MODIS,49,6.2,302.7,11.5,D,0
-13.7245,135.536,334,1,1,2014-11-15,0436,Aqua,MODIS,58,6.2,309.7,14.7,D,0
-13.7153,135.5347,331.8,1,1,2014-11-15,0436,Aqua,MODIS,27,6.2,311.8,12.1,D,0
-13.6913,135.5148,344,1,1,2014-11-15,0436,Aqua,MODIS,88,6.2,308.5,37,D,0
-11.3413,131.1595,327.9,1.8,1.3,2014-11-15,0437,Aqua,MODIS,59,6.2,302.2,25.8,D,0
-29.5055,124.791,321.3,2.7,1.6,2014-11-15,0610,Aqua,MODIS,28,6.2,306.3,31.4,D,0
-29.5164,124.7869,340.3,2.7,1.6,2014-11-15,0610,Aqua,MODIS,87,6.2,306.9,140.5,D,0
-29.5195,124.7951,339.1,2.7,1.6,2014-11-15,0610,Aqua,MODIS,87,6.2,306.8,132.1,D,0
-29.5256,124.7671,335.7,2.7,1.6,2014-11-15,0610,Aqua,MODIS,84,6.2,305.8,109.3,D,0
-29.5335,124.7993,334.3,2.7,1.6,2014-11-15,0610,Aqua,MODIS,82,6.2,305.8,101.5,D,0
-29.5223,124.7588,325.9,2.7,1.6,2014-11-15,0610,Aqua,MODIS,66,6.2,304.8,53.7,D,0
-22.4573,118.2045,340.4,1.4,1.2,2014-11-15,0612,Aqua,MODIS,60,6.2,286.7,39.8,D,0
-22.458,124.8087,332.8,4,1.9,2014-11-15,0612,Aqua,MODIS,78,6.2,308.2,96.5,D,0
-22.4597,118.1908,401,1.4,1.2,2014-11-15,0612,Aqua,MODIS,94,6.2,308.5,390.8,D,0
-22.4492,118.1886,346.3,1.4,1.2,2014-11-15,0612,Aqua,MODIS,82,6.2,303.6,57.7,D,0
-20.4945,118.8796,328.7,1.7,1.3,2014-11-15,0612,Aqua,MODIS,51,6.2,303.2,24.9,D,0
-20.4973,118.8638,387.1,1.7,1.3,2014-11-15,0612,Aqua,MODIS,100,6.2,306.1,356.6,D,0
-20.4859,118.8616,352.8,1.7,1.3,2014-11-15,0612,Aqua,MODIS,95,6.2,303.8,108,D,0
-20.4887,118.8458,328.9,1.7,1.3,2014-11-15,0612,Aqua,MODIS,59,6.2,302.2,21.5,D,0
-20.5086,118.866,339.5,1.7,1.3,2014-11-15,0612,Aqua,MODIS,82,6.2,303.3,63.3,D,0
-18.341,124.3416,334.2,4.6,2,2014-11-15,0613,Aqua,MODIS,86,6.2,296.3,188.8,D,0
-18.3409,124.3335,330.7,4.6,2,2014-11-15,0613,Aqua,MODIS,83,6.2,296.4,148,D,0
-30.1098,152.1839,305.9,1.7,1.3,2014-11-15,1217,Terra,MODIS,25,6.2,291,13.2,N,0
-30.1478,152.1245,316.5,1.7,1.3,2014-11-15,1217,Terra,MODIS,51,6.2,292.1,27.4,N,0
-30.1246,152.1209,321.5,1.7,1.3,2014-11-15,1217,Terra,MODIS,98,6.2,291.8,37.9,N,0
-30.1228,152.1385,318.1,1.7,1.3,2014-11-15,1217,Terra,MODIS,58,6.2,292.4,28.8,N,0
-30.1077,152.1726,313.6,1.7,1.3,2014-11-15,1217,Terra,MODIS,87,6.2,291.1,24,N,0
-30.1094,152.1557,308.3,1.7,1.3,2014-11-15,1217,Terra,MODIS,63,6.2,290.3,15.1,N,0
-30.1117,152.1663,325.1,1.7,1.3,2014-11-15,1217,Terra,MODIS,100,6.2,292.1,48.1,N,0
-30.1211,152.1564,316.6,1.7,1.3,2014-11-15,1217,Terra,MODIS,88,6.2,292.3,27.2,N,0
-30.1134,152.1499,313.8,1.7,1.3,2014-11-15,1217,Terra,MODIS,51,6.2,290.6,23.5,N,0
-30.1262,152.1037,306.1,1.7,1.3,2014-11-15,1217,Terra,MODIS,19,6.2,290.1,13.2,N,0
-30.1195,152.1725,315,1.7,1.3,2014-11-15,1217,Terra,MODIS,86,6.2,292.7,25.3,N,0
-30.1379,152.1057,309.5,1.7,1.3,2014-11-15,1217,Terra,MODIS,33,6.2,289.3,17.5,N,0
-30.1361,152.1233,348.3,1.7,1.3,2014-11-15,1217,Terra,MODIS,100,6.2,295.1,125.1,N,0
-27.7313,150.4883,319.5,2.1,1.4,2014-11-15,1218,Terra,MODIS,99,6.2,297.4,38.3,N,0
-27.7163,150.5012,316.2,2.1,1.4,2014-11-15,1218,Terra,MODIS,92,6.2,297.2,31.5,N,0
-27.7186,150.4867,307.3,2.1,1.4,2014-11-15,1218,Terra,MODIS,56,6.2,296,10.8,N,0
-27.7269,150.5237,318.2,2.1,1.4,2014-11-15,1218,Terra,MODIS,96,6.2,298.9,35.2,N,0
-27.729,150.5027,350,2.1,1.4,2014-11-15,1218,Terra,MODIS,100,6.2,301.4,168.6,N,0
-27.7293,150.5093,355.5,2.1,1.4,2014-11-15,1218,Terra,MODIS,100,6.2,302.2,204.3,N,0
-27.7167,150.5078,318.5,2.1,1.4,2014-11-15,1218,Terra,MODIS,97,6.2,297.8,36.1,N,0
-29.3271,152.2767,308,1.6,1.3,2014-11-15,1218,Terra,MODIS,73,6.2,294.1,13.8,N,0
-29.3385,152.2782,304.5,1.6,1.3,2014-11-15,1218,Terra,MODIS,36,6.2,293.3,9,N,0
-27.241,152.435,314.2,1.5,1.2,2014-11-15,1218,Terra,MODIS,87,6.2,300.1,16.8,N,0
-24.9699,148.6697,310.6,2.6,1.5,2014-11-15,1219,Terra,MODIS,79,6.2,293.5,30.1,N,0
-24.9675,148.6962,308,2.5,1.5,2014-11-15,1219,Terra,MODIS,59,6.2,294.6,23.2,N,0
-24.6991,148.0007,307,2.8,1.6,2014-11-15,1219,Terra,MODIS,67,6.2,293.2,23.5,N,0
-24.7005,148.0069,306,2.8,1.6,2014-11-15,1219,Terra,MODIS,47,6.2,293.1,19.1,N,0
-24.8352,147.8231,304.1,2.9,1.6,2014-11-15,1219,Terra,MODIS,18,6.2,292.9,18.1,N,0
-24.8687,148.1186,304,2.8,1.6,2014-11-15,1219,Terra,MODIS,54,6.2,293,17.3,N,0
-24.7883,147.8475,303.4,2.9,1.6,2014-11-15,1219,Terra,MODIS,9,6.2,293,16.6,N,0
-24.938,148.1884,308.4,2.8,1.6,2014-11-15,1219,Terra,MODIS,66,6.2,293.1,27.7,N,0
-24.8441,152.2006,311.3,1.4,1.2,2014-11-15,1219,Terra,MODIS,81,6.2,294.2,16.4,N,0
-24.9237,148.1852,309.2,2.8,1.6,2014-11-15,1219,Terra,MODIS,72,6.2,293.4,30.5,N,0
-24.956,148.6684,305.8,2.6,1.5,2014-11-15,1219,Terra,MODIS,27,6.2,292.7,16.3,N,0
-24.8329,148.0267,304.4,2.8,1.6,2014-11-15,1219,Terra,MODIS,56,6.2,292.7,17.9,N,0
-24.771,147.8748,303.9,2.9,1.6,2014-11-15,1219,Terra,MODIS,43,6.2,293,18.3,N,0
-24.8352,147.8285,306,2.9,1.6,2014-11-15,1219,Terra,MODIS,63,6.2,293,24.6,N,0
-25.2232,151.1096,309.9,1.7,1.3,2014-11-15,1219,Terra,MODIS,76,6.2,296.5,15.8,N,0
-24.8602,148.7293,311.6,2.5,1.5,2014-11-15,1219,Terra,MODIS,82,6.2,292.7,33.7,N,0
-24.8764,148.7055,310,2.5,1.5,2014-11-15,1219,Terra,MODIS,78,6.2,292.9,26.4,N,0
-25.0031,148.1411,302.9,2.8,1.6,2014-11-15,1219,Terra,MODIS,47,6.2,292.4,15.3,N,0
-24.8304,148.0557,307.4,2.8,1.6,2014-11-15,1219,Terra,MODIS,69,6.2,293.4,26.1,N,0
-24.874,148.7307,326.7,2.5,1.5,2014-11-15,1219,Terra,MODIS,100,6.2,293.8,87.7,N,0
-24.8706,148.1243,304.3,2.8,1.6,2014-11-15,1219,Terra,MODIS,56,6.2,293.2,18.1,N,0
-23.381,150.2025,304.3,1.9,1.3,2014-11-15,1219,Terra,MODIS,58,6.2,293.6,12.2,N,0
-18.5578,131.2602,312.9,1,1,2014-11-15,1359,Terra,MODIS,84,6.2,296,8.6,N,0
-18.5564,131.2698,316.3,1,1,2014-11-15,1359,Terra,MODIS,92,6.2,296.8,11.6,N,0
-18.5759,131.2632,312.2,1,1,2014-11-15,1359,Terra,MODIS,82,6.2,295.5,7.9,N,0
-18.5668,131.2617,330.2,1,1,2014-11-15,1359,Terra,MODIS,100,6.2,296.7,26.2,N,0
-18.5654,131.2713,336.6,1,1,2014-11-15,1359,Terra,MODIS,100,6.2,297.7,35.6,N,0
-17.1231,135.474,310.7,1.8,1.3,2014-11-15,1359,Terra,MODIS,75,6.2,298,15.4,N,0
-17.1165,135.4659,312,1.8,1.3,2014-11-15,1359,Terra,MODIS,79,6.2,297.7,17.6,N,0
-18.9148,141.9462,311.3,4.8,2,2014-11-15,1359,Terra,MODIS,53,6.2,295.8,74.4,N,0
-18.9353,141.9462,334.4,4.8,2,2014-11-15,1359,Terra,MODIS,100,6.2,297.6,309.5,N,0
-18.9326,141.9505,334.3,4.8,2,2014-11-15,1359,Terra,MODIS,100,6.2,297.4,314.6,N,0
-18.9422,141.9055,306.3,4.8,2,2014-11-15,1359,Terra,MODIS,42,6.2,295.9,48.4,N,0
-18.9175,141.9418,311.2,4.8,2,2014-11-15,1359,Terra,MODIS,68,6.2,295.8,76.6,N,0
-18.6269,137.9475,316.2,2.5,1.5,2014-11-15,1359,Terra,MODIS,62,6.2,298.1,37.6,N,0
-17.6167,135.2188,310.7,1.7,1.3,2014-11-15,1359,Terra,MODIS,24,6.2,299.1,12.1,N,0
-17.5939,135.2247,320.2,1.7,1.3,2014-11-15,1359,Terra,MODIS,100,6.2,298.9,28.7,N,0
-18.6208,137.9406,321,2.5,1.5,2014-11-15,1359,Terra,MODIS,100,6.2,297.9,54.4,N,0
-18.6497,137.9772,321.4,2.5,1.5,2014-11-15,1359,Terra,MODIS,100,6.2,298.4,58.6,N,0
-18.6541,137.9536,323.3,2.5,1.5,2014-11-15,1359,Terra,MODIS,100,6.2,298.4,66.7,N,0
-18.7874,125.727,314.7,1.6,1.2,2014-11-15,1359,Terra,MODIS,90,6.2,294,20.6,N,0
-18.7892,125.7177,323.8,1.6,1.2,2014-11-15,1359,Terra,MODIS,100,6.2,293.9,36.4,N,0
-18.7892,125.7121,314,1.6,1.2,2014-11-15,1359,Terra,MODIS,88,6.2,294.3,19.1,N,0
-15.8234,129.2969,308.1,1,1,2014-11-15,1400,Terra,MODIS,66,6.2,295.4,4.3,N,0
-16.3084,130.0906,308.2,1,1,2014-11-15,1400,Terra,MODIS,55,6.2,297.5,4.1,N,0
-16.3173,130.092,315.5,1,1,2014-11-15,1400,Terra,MODIS,89,6.2,297.8,9.2,N,0
-16.3263,130.0935,315.8,1,1,2014-11-15,1400,Terra,MODIS,89,6.2,297.4,9.6,N,0
-15.9979,129.8177,307.8,1,1,2014-11-15,1400,Terra,MODIS,58,6.2,295.2,4.6,N,0
-16.424,130.3727,315.9,1,1,2014-11-15,1400,Terra,MODIS,89,6.2,297.2,9.5,N,0
-15.1357,128.5576,327.6,1,1,2014-11-15,1400,Terra,MODIS,100,6.2,293.2,24.1,N,0
-16.433,130.3741,337.3,1,1,2014-11-15,1400,Terra,MODIS,100,6.2,297.8,35,N,0
-16.4343,130.3647,325.7,1,1,2014-11-15,1400,Terra,MODIS,100,6.2,297.1,19.6,N,0
-16.4253,130.3633,326.4,1,1,2014-11-15,1400,Terra,MODIS,100,6.2,297.3,19.9,N,0
-16.4163,130.3619,317,1,1,2014-11-15,1400,Terra,MODIS,92,6.2,297.1,10.4,N,0
-16.4217,130.3244,317.5,1,1,2014-11-15,1400,Terra,MODIS,93,6.2,296.7,10.9,N,0
-16.406,130.3698,308.2,1,1,2014-11-15,1400,Terra,MODIS,59,6.2,296.4,4.3,N,0
-15.1285,128.5506,311.6,1,1,2014-11-15,1400,Terra,MODIS,81,6.2,292.8,8.3,N,0
-16.4114,130.3324,309.4,1,1,2014-11-15,1400,Terra,MODIS,41,6.2,296.5,4.4,N,0
-16.4267,130.3539,318,1,1,2014-11-15,1400,Terra,MODIS,83,6.2,296.6,10.6,N,0
-15.1103,128.5479,324.4,1,1,2014-11-15,1400,Terra,MODIS,100,6.2,293.5,20.2,N,0
-16.415,130.3712,313.7,1,1,2014-11-15,1400,Terra,MODIS,83,6.2,297.1,7.8,N,0
-16.41,130.3417,315.3,1,1,2014-11-15,1400,Terra,MODIS,88,6.2,296.9,9,N,0
-15.8479,130.8491,306.1,1,1,2014-11-15,1400,Terra,MODIS,44,6.2,295.4,3.8,N,0
-16.4785,134.097,311.3,1.5,1.2,2014-11-15,1400,Terra,MODIS,50,6.2,297.9,11.3,N,0
-16.4807,134.0835,315.8,1.5,1.2,2014-11-15,1400,Terra,MODIS,90,6.2,298.4,17.5,N,0
-16.4678,134.095,308.2,1.5,1.2,2014-11-15,1400,Terra,MODIS,24,6.2,297.9,7.8,N,0
-16.47,134.0815,308.9,1.5,1.2,2014-11-15,1400,Terra,MODIS,53,6.2,297.9,8.9,N,0
-16.6902,133.9284,308.1,1.4,1.2,2014-11-15,1400,Terra,MODIS,62,6.2,298.1,7.7,N,0
-17.0322,133.8941,323,1.4,1.2,2014-11-15,1400,Terra,MODIS,100,6.2,299.6,27,N,0
-16.8611,134.2387,309.2,1.5,1.2,2014-11-15,1400,Terra,MODIS,69,6.2,298.6,9.2,N,0
-17.1386,132.9755,314.7,1.2,1.1,2014-11-15,1400,Terra,MODIS,88,6.2,297.6,13.7,N,0
-16.5528,133.8377,309.8,1.4,1.2,2014-11-15,1400,Terra,MODIS,71,6.2,298.7,8.7,N,0
-17.1074,131.9768,309,1.1,1,2014-11-15,1400,Terra,MODIS,52,6.2,298,5.6,N,0
-17.0996,131.965,308.7,1.1,1,2014-11-15,1400,Terra,MODIS,72,6.2,297.8,5.3,N,0
-16.4512,132.7321,320.6,1.2,1.1,2014-11-15,1400,Terra,MODIS,100,6.2,299,18.7,N,0
-16.3864,132.7493,310.4,1.2,1.1,2014-11-15,1400,Terra,MODIS,49,6.2,299.3,7.6,N,0
-16.3882,132.7381,309.8,1.2,1.1,2014-11-15,1400,Terra,MODIS,47,6.2,299.1,6.9,N,0
-16.3766,132.7477,349.3,1.2,1.1,2014-11-15,1400,Terra,MODIS,100,6.2,301.8,75.1,N,0
-16.3784,132.7364,326.5,1.2,1.1,2014-11-15,1400,Terra,MODIS,100,6.2,299.7,26.7,N,0
-16.5492,133.8295,308.8,1.4,1.2,2014-11-15,1400,Terra,MODIS,34,6.2,298.3,7.1,N,0
-16.4829,134.0699,315.2,1.4,1.2,2014-11-15,1400,Terra,MODIS,88,6.2,298.3,16.9,N,0
-16.4722,134.068,311.4,1.4,1.2,2014-11-15,1400,Terra,MODIS,78,6.2,297.6,12,N,0
-16.4841,132.7147,308.6,1.2,1.1,2014-11-15,1400,Terra,MODIS,31,6.2,298.5,6.1,N,0
-16.4858,132.7036,310,1.2,1.1,2014-11-15,1400,Terra,MODIS,63,6.2,298.1,7.7,N,0
-16.4743,132.7131,319.3,1.2,1.1,2014-11-15,1400,Terra,MODIS,98,6.2,298.6,16.7,N,0
-16.4628,132.7226,324.7,1.2,1.1,2014-11-15,1400,Terra,MODIS,100,6.2,299.2,23.7,N,0
-16.453,132.7209,317.1,1.2,1.1,2014-11-15,1400,Terra,MODIS,93,6.2,298.8,14.1,N,0
-16.4504,132.7258,325.1,1.2,1.1,2014-11-15,1400,Terra,MODIS,100,6.2,299.3,25.8,N,0
-16.4406,132.7241,324.2,1.2,1.1,2014-11-15,1400,Terra,MODIS,100,6.2,299.7,24.2,N,0
-16.4309,132.7224,329.4,1.2,1.1,2014-11-15,1400,Terra,MODIS,100,6.2,299.7,32,N,0
-16.413,132.7078,320,1.2,1.1,2014-11-15,1400,Terra,MODIS,99,6.2,299.1,18.1,N,0
-16.7766,133.9631,311.1,1.4,1.2,2014-11-15,1400,Terra,MODIS,76,6.2,298.7,10.5,N,0
-16.764,133.9743,308.7,1.4,1.2,2014-11-15,1400,Terra,MODIS,67,6.2,298.6,8,N,0
-17.0443,132.8602,310.1,1.2,1.1,2014-11-15,1400,Terra,MODIS,75,6.2,297.7,9,N,0
-16.9844,133.0483,311.7,1.2,1.1,2014-11-15,1400,Terra,MODIS,80,6.2,297.7,10.9,N,0
-17.1896,131.7276,340.7,1.1,1,2014-11-15,1400,Terra,MODIS,100,6.2,299.6,44.5,N,0
-17.1911,131.7176,320.3,1.1,1,2014-11-15,1400,Terra,MODIS,100,6.2,298.1,15.1,N,0
-17.1788,131.736,309.2,1.1,1,2014-11-15,1400,Terra,MODIS,74,6.2,298,5.4,N,0
-17.1803,131.726,356.2,1.1,1,2014-11-15,1400,Terra,MODIS,100,6.2,300.8,79.9,N,0
-17.1819,131.716,351.8,1.1,1,2014-11-15,1400,Terra,MODIS,100,6.2,300.1,68.5,N,0
-17.1711,131.7244,317.5,1.1,1,2014-11-15,1400,Terra,MODIS,95,6.2,298.4,12.3,N,0
-17.1726,131.7145,318.5,1.1,1,2014-11-15,1400,Terra,MODIS,94,6.2,298.1,13.6,N,0
-17.1603,131.7329,315.7,1.1,1,2014-11-15,1400,Terra,MODIS,91,6.2,297.9,10.5,N,0
-17.1618,131.7229,318.5,1.1,1,2014-11-15,1400,Terra,MODIS,97,6.2,298,13.2,N,0
-17.1547,131.7256,319.8,1.1,1,2014-11-15,1400,Terra,MODIS,99,6.2,297.9,15.5,N,0
-16.8961,132.8222,311.1,1.2,1.1,2014-11-15,1400,Terra,MODIS,77,6.2,297.4,9.8,N,0
-15.7439,133.4423,309.6,1.4,1.2,2014-11-15,1400,Terra,MODIS,72,6.2,298.2,9,N,0
-16.2449,130.0838,312.1,1,1,2014-11-15,1400,Terra,MODIS,78,6.2,297.4,6.6,N,0
-15.9357,129.349,314.5,1,1,2014-11-15,1400,Terra,MODIS,87,6.2,296.8,8.8,N,0
-16.0619,129.5615,314.2,1,1,2014-11-15,1400,Terra,MODIS,85,6.2,297.6,7.8,N,0
-16.0529,129.5601,312.7,1,1,2014-11-15,1400,Terra,MODIS,81,6.2,297.1,7,N,0
-16.0542,129.5508,309.6,1,1,2014-11-15,1400,Terra,MODIS,69,6.2,297.2,4.7,N,0
-16.7295,129.3243,310,1,1,2014-11-15,1400,Terra,MODIS,71,6.2,297.5,4.9,N,0
-17.0572,133.7411,312.3,1.4,1.2,2014-11-15,1400,Terra,MODIS,80,6.2,299.2,10.5,N,0
-17.0468,133.7393,311.3,1.4,1.2,2014-11-15,1400,Terra,MODIS,77,6.2,298.7,9.4,N,0
-16.1965,129.5851,313.5,1,1,2014-11-15,1400,Terra,MODIS,82,6.2,297.9,7.5,N,0
-16.1888,129.5744,309.6,1,1,2014-11-15,1400,Terra,MODIS,67,6.2,297.6,4.7,N,0
-16.727,129.2758,310.2,1,1,2014-11-15,1400,Terra,MODIS,40,6.2,296.8,5,N,0
-16.7167,129.2838,313.1,1,1,2014-11-15,1400,Terra,MODIS,55,6.2,296.9,8.3,N,0
-14.3117,134.8767,309.2,1.8,1.3,2014-11-15,1400,Terra,MODIS,70,6.2,297.2,14.4,N,0
-16.3467,132.7365,340.1,1.2,1.1,2014-11-15,1400,Terra,MODIS,100,6.2,300.9,53,N,0
-14.2027,135.3752,306.7,2,1.4,2014-11-15,1400,Terra,MODIS,57,6.2,295.7,15.5,N,0
-14.066,134.1333,307.1,1.6,1.2,2014-11-15,1400,Terra,MODIS,62,6.2,295.5,9.3,N,0
-16.3092,132.7185,317.3,1.2,1.1,2014-11-15,1400,Terra,MODIS,93,6.2,298.2,15.7,N,0
-16.319,132.7202,334.5,1.2,1.1,2014-11-15,1400,Terra,MODIS,100,6.2,299.7,41.7,N,0
-16.3288,132.7219,324.4,1.2,1.1,2014-11-15,1400,Terra,MODIS,100,6.2,298.7,24.4,N,0
-16.3386,132.7236,326.8,1.2,1.1,2014-11-15,1400,Terra,MODIS,100,6.2,298.8,27.6,N,0
-16.3369,132.7349,340.4,1.2,1.1,2014-11-15,1400,Terra,MODIS,100,6.2,300.3,52.9,N,0
-16.3449,132.7478,309.6,1.2,1.1,2014-11-15,1400,Terra,MODIS,64,6.2,297.9,7.8,N,0
-16.3484,132.7253,336.4,1.2,1.1,2014-11-15,1400,Terra,MODIS,100,6.2,299.9,44.3,N,0
-16.3668,132.746,347.8,1.2,1.1,2014-11-15,1400,Terra,MODIS,100,6.2,301.3,70.1,N,0
-16.357,132.7443,360.8,1.2,1.1,2014-11-15,1400,Terra,MODIS,100,6.2,302.8,110.7,N,0
-16.3588,132.733,335.1,1.2,1.1,2014-11-15,1400,Terra,MODIS,100,6.2,300.4,40.7,N,0
-16.3565,132.7382,349.8,1.2,1.1,2014-11-15,1400,Terra,MODIS,100,6.2,302.7,76.6,N,0
-16.3548,132.7495,336.8,1.2,1.1,2014-11-15,1400,Terra,MODIS,100,6.2,300,45.7,N,0
-15.762,128.6196,318.9,1,1,2014-11-15,1400,Terra,MODIS,98,6.2,292.7,14.8,N,0
-15.7704,128.6173,309.9,1,1,2014-11-15,1400,Terra,MODIS,44,6.2,293,6.4,N,0
-16.7878,123.8383,304.4,2,1.4,2014-11-15,1400,Terra,MODIS,55,6.2,293.2,10,N,0
-14.0995,141.7009,307.8,3.1,1.7,2014-11-15,1526,Aqua,MODIS,73,6.2,292,37.1,N,0
-14.1047,141.729,301.7,3.1,1.7,2014-11-15,1526,Aqua,MODIS,32,6.2,291.6,18.3,N,0
-17.2285,143.2085,307.9,2.1,1.4,2014-11-15,1527,Aqua,MODIS,73,6.2,295.7,16.2,N,0
-17.3849,142.6859,305.5,2.2,1.4,2014-11-15,1527,Aqua,MODIS,64,6.2,295.3,15.3,N,0
-17.3863,142.6911,309.3,2.2,1.4,2014-11-15,1527,Aqua,MODIS,77,6.2,295.6,22.1,N,0
-17.1912,143.2159,306,2.1,1.4,2014-11-15,1527,Aqua,MODIS,59,6.2,295.3,12.7,N,0
-19.448,142.7885,309.5,2,1.4,2014-11-15,1528,Aqua,MODIS,78,6.2,296.1,20.3,N,0
-19.4828,142.8397,306.9,2,1.4,2014-11-15,1528,Aqua,MODIS,70,6.2,295.9,16,N,0
-20.7429,148.3962,304.7,1,1,2014-11-15,1528,Aqua,MODIS,61,6.2,291.8,6,N,0
-18.9807,141.8924,306.5,2.4,1.5,2014-11-15,1528,Aqua,MODIS,68,6.2,294.9,21.7,N,0
-18.9743,141.8865,312.5,2.4,1.5,2014-11-15,1528,Aqua,MODIS,85,6.2,295.9,36.4,N,0
-23.3671,150.2041,312.1,1.1,1,2014-11-15,1528,Aqua,MODIS,81,6.2,293.2,11.4,N,0
-23.3685,150.215,306.2,1.1,1,2014-11-15,1528,Aqua,MODIS,22,6.2,293,6.6,N,0
-23.3765,150.2024,303.3,1.1,1,2014-11-15,1528,Aqua,MODIS,44,6.2,292.9,5.2,N,0
-23.378,150.2134,308.2,1.1,1,2014-11-15,1528,Aqua,MODIS,74,6.2,293.3,8.7,N,0
-19.88,143.9685,305.1,1.6,1.2,2014-11-15,1528,Aqua,MODIS,39,6.2,293.3,10.4,N,0
-19.8661,143.9552,308.9,1.6,1.3,2014-11-15,1528,Aqua,MODIS,76,6.2,293.3,15.8,N,0
-24.8949,148.1639,310.1,1,1,2014-11-15,1529,Aqua,MODIS,58,6.2,293.3,7.5,N,0
-24.6976,148.0078,308.2,1,1,2014-11-15,1529,Aqua,MODIS,66,6.2,293.4,6.3,N,0
-24.9691,148.6839,322.1,1,1,2014-11-15,1529,Aqua,MODIS,100,6.2,297,16.7,N,0
-24.9663,148.6638,308.5,1,1,2014-11-15,1529,Aqua,MODIS,11,6.2,296.1,5.9,N,0
-24.9642,148.7157,305.9,1,1,2014-11-15,1529,Aqua,MODIS,59,6.2,295.6,5,N,0
-24.8191,147.833,319.5,1,1,2014-11-15,1529,Aqua,MODIS,88,6.2,294.1,15.2,N,0
-24.8116,147.8444,308.3,1,1,2014-11-15,1529,Aqua,MODIS,68,6.2,292.8,6.8,N,0
-23.3262,147.7584,306.9,1,1,2014-11-15,1529,Aqua,MODIS,44,6.2,295.8,5,N,0
-25.0025,148.14,316.2,1,1,2014-11-15,1529,Aqua,MODIS,93,6.2,293.7,13,N,0
-24.8683,148.1077,306.7,1,1,2014-11-15,1529,Aqua,MODIS,30,6.2,293,5.5,N,0
-24.8281,147.8315,321.5,1,1,2014-11-15,1529,Aqua,MODIS,100,6.2,294.5,17.4,N,0
-24.9569,148.2088,314.4,1,1,2014-11-15,1529,Aqua,MODIS,85,6.2,295.2,10.7,N,0
-24.6734,148.0321,307,1,1,2014-11-15,1529,Aqua,MODIS,43,6.2,294.7,5.5,N,0
-24.927,148.1935,325.2,1,1,2014-11-15,1529,Aqua,MODIS,100,6.2,297.6,21,N,0
-24.9479,148.2103,322.5,1,1,2014-11-15,1529,Aqua,MODIS,100,6.2,296.9,17.8,N,0
-24.8845,148.1558,308,1,1,2014-11-15,1529,Aqua,MODIS,73,6.2,295.1,6.5,N,0
-24.8536,148.0698,304.6,1,1,2014-11-15,1529,Aqua,MODIS,41,6.2,293.4,4.6,N,0
-24.8327,148.0531,326.9,1,1,2014-11-15,1529,Aqua,MODIS,100,6.2,295.2,23.1,N,0
-24.8726,148.1376,311,1,1,2014-11-15,1529,Aqua,MODIS,55,6.2,295.2,8,N,0
-24.9465,148.2003,328.5,1,1,2014-11-15,1529,Aqua,MODIS,100,6.2,296,24.1,N,0
-24.8341,148.063,309.1,1,1,2014-11-15,1529,Aqua,MODIS,55,6.2,294.1,6.9,N,0
-24.9374,148.2019,329.9,1,1,2014-11-15,1529,Aqua,MODIS,100,6.2,297.9,26.9,N,0
-24.9284,148.2034,322.3,1,1,2014-11-15,1529,Aqua,MODIS,100,6.2,296.6,17.9,N,0
-24.9256,148.1835,313,1,1,2014-11-15,1529,Aqua,MODIS,86,6.2,295.3,10.1,N,0
-24.9113,148.0843,302,1,1,2014-11-15,1529,Aqua,MODIS,46,6.2,291.6,4.4,N,0
-24.8076,148.0069,306.3,1,1,2014-11-15,1529,Aqua,MODIS,68,6.2,294.5,5.9,N,0
-24.7975,147.9378,309.3,1,1,2014-11-15,1529,Aqua,MODIS,59,6.2,295,7,N,0
-24.7961,147.9279,310.8,1,1,2014-11-15,1529,Aqua,MODIS,79,6.2,294.8,8,N,0
-24.8313,148.0433,320.4,1,1,2014-11-15,1529,Aqua,MODIS,100,6.2,294.5,16.2,N,0
-24.9706,148.1757,307.3,1,1,2014-11-15,1529,Aqua,MODIS,36,6.2,293,6.1,N,0
-24.8963,148.1738,331.2,1,1,2014-11-15,1529,Aqua,MODIS,100,6.2,294.8,28.7,N,0
-24.8237,148.0547,308.4,1,1,2014-11-15,1529,Aqua,MODIS,63,6.2,293.9,6.5,N,0
-24.7881,148.0574,306.6,1,1,2014-11-15,1529,Aqua,MODIS,69,6.2,293.3,5.9,N,0
-24.8223,148.0449,326.7,1,1,2014-11-15,1529,Aqua,MODIS,100,6.2,294.3,23.3,N,0
-24.809,148.0167,304.7,1,1,2014-11-15,1529,Aqua,MODIS,61,6.2,294.4,4.7,N,0
-24.7916,147.6459,311.1,1,1,2014-11-15,1529,Aqua,MODIS,82,6.2,296.5,8.1,N,0
-24.7107,147.9695,312,1,1,2014-11-15,1529,Aqua,MODIS,47,6.2,294.7,8.5,N,0
-24.7212,147.9778,309.2,1,1,2014-11-15,1529,Aqua,MODIS,21,6.2,294.4,6.3,N,0
-24.7197,147.9679,310.6,1,1,2014-11-15,1529,Aqua,MODIS,38,6.2,293.9,7.3,N,0
-24.7302,147.9763,317,1,1,2014-11-15,1529,Aqua,MODIS,83,6.2,295,12.1,N,0
-24.7697,147.8684,317.4,1,1,2014-11-15,1529,Aqua,MODIS,95,6.2,293.3,13.7,N,0
-24.864,148.7183,309.5,1,1,2014-11-15,1529,Aqua,MODIS,77,6.2,295.6,6.2,N,0
-24.96,148.6854,317.7,1,1,2014-11-15,1529,Aqua,MODIS,86,6.2,297,12.3,N,0
-24.9495,148.6768,310.8,1,1,2014-11-15,1529,Aqua,MODIS,18,6.2,296.3,6.3,N,0
-24.8563,148.7299,320.5,1,1,2014-11-15,1529,Aqua,MODIS,100,6.2,296.4,16.2,N,0
-24.7773,147.857,312.5,1,1,2014-11-15,1529,Aqua,MODIS,68,6.2,293.3,9.7,N,0
-24.8549,148.7199,311.6,1,1,2014-11-15,1529,Aqua,MODIS,54,6.2,295.5,8,N,0
-24.8745,148.7269,335.1,1,1,2014-11-15,1529,Aqua,MODIS,100,6.2,297.9,34.2,N,0
-24.8668,148.7385,326.3,1,1,2014-11-15,1529,Aqua,MODIS,100,6.2,296.7,22.5,N,0
-24.8654,148.7283,318.8,1,1,2014-11-15,1529,Aqua,MODIS,97,6.2,296.3,14.3,N,0
-24.8759,148.737,322.7,1,1,2014-11-15,1529,Aqua,MODIS,100,6.2,296.8,18.5,N,0
-24.8697,148.1176,305.4,1,1,2014-11-15,1529,Aqua,MODIS,25,6.2,293.4,4.6,N,0
-24.7846,147.8491,309.9,1,1,2014-11-15,1529,Aqua,MODIS,79,6.2,293.4,8.6,N,0
-24.8712,148.1276,307,1,1,2014-11-15,1529,Aqua,MODIS,40,6.2,294.4,5.5,N,0
-27.7255,150.5202,310.5,1.3,1.1,2014-11-15,1530,Aqua,MODIS,55,6.2,281,14.1,N,0
-27.7239,150.5073,315.3,1.3,1.1,2014-11-15,1530,Aqua,MODIS,88,6.2,276.7,19.4,N,0
-15.6639,127.5055,306.6,1.1,1.1,2014-11-15,1705,Aqua,MODIS,30,6.2,289.7,5.2,N,0
-15.7629,128.6281,311.9,1.3,1.1,2014-11-15,1705,Aqua,MODIS,83,6.2,291.3,12.4,N,0
-15.7613,128.6158,316,1.3,1.1,2014-11-15,1705,Aqua,MODIS,92,6.2,290.9,17.7,N,0
-15.6624,127.4947,318,1.1,1.1,2014-11-15,1705,Aqua,MODIS,96,6.2,292.2,15.9,N,0
-15.7043,127.4833,307.9,1.1,1.1,2014-11-15,1705,Aqua,MODIS,38,6.2,293,7,N,0
-15.6851,127.4861,308.3,1.1,1.1,2014-11-15,1705,Aqua,MODIS,26,6.2,293.3,6.6,N,0
-16.3828,132.7567,306.2,2.7,1.6,2014-11-15,1705,Aqua,MODIS,66,6.2,291.4,23.5,N,0
-16.4568,132.7411,302.9,2.7,1.6,2014-11-15,1705,Aqua,MODIS,49,6.2,291.4,16.1,N,0
-16.7135,129.2851,304.9,1.5,1.2,2014-11-15,1705,Aqua,MODIS,62,6.2,292.1,7.7,N,0
-16.7244,129.2837,310,1.5,1.2,2014-11-15,1705,Aqua,MODIS,79,6.2,291.9,12.9,N,0
-16.7443,129.2667,305.9,1.5,1.2,2014-11-15,1705,Aqua,MODIS,66,6.2,291.8,8,N,0
-18.7993,125.7479,307.1,1,1,2014-11-15,1706,Aqua,MODIS,70,6.2,294.6,6.1,N,0
-18.8099,125.7564,304.7,1,1,2014-11-15,1706,Aqua,MODIS,28,6.2,294.3,4.2,N,0
-18.8007,125.7578,306.6,1,1,2014-11-15,1706,Aqua,MODIS,67,6.2,294.5,5.6,N,0
-18.8085,125.7466,305.4,1,1,2014-11-15,1706,Aqua,MODIS,40,6.2,294.1,4.7,N,0
-12.0597,142.4423,340.3,1,1,2014-11-16,0050,Terra,MODIS,86,6.2,307.5,26.5,D,0
-12.0506,142.4437,332.7,1,1,2014-11-16,0050,Terra,MODIS,78,6.2,306.9,15,D,0
-12.0583,142.4331,332.3,1,1,2014-11-16,0050,Terra,MODIS,78,6.2,308,13.8,D,0
-12.0673,142.4318,348.4,1,1,2014-11-16,0050,Terra,MODIS,93,6.2,308.1,41.1,D,0
-12.0749,142.4212,373.7,1,1,2014-11-16,0050,Terra,MODIS,100,6.2,310.2,112.2,D,0
-12.0659,142.4225,343.9,1,1,2014-11-16,0050,Terra,MODIS,89,6.2,309.8,33,D,0
-12.0694,142.3843,334.1,1,1,2014-11-16,0050,Terra,MODIS,80,6.2,308.1,17.6,D,0
-12.0763,142.4304,334.4,1,1,2014-11-16,0050,Terra,MODIS,80,6.2,308.7,16.3,D,0
-11.0058,142.6013,326.7,1,1,2014-11-16,0050,Terra,MODIS,26,6.2,300.7,12.1,D,0
-10.994,142.5842,329.3,1,1,2014-11-16,0050,Terra,MODIS,61,6.2,304.8,16.7,D,0
-12.0673,142.309,333.3,1,1,2014-11-16,0050,Terra,MODIS,79,6.2,308,15.7,D,0
-12.068,142.3751,337,1,1,2014-11-16,0050,Terra,MODIS,83,6.2,307.2,22.4,D,0
-12.2966,142.9184,335.6,1,1,2014-11-16,0050,Terra,MODIS,80,6.2,305.7,23.7,D,0
-12.0604,142.3857,360.8,1,1,2014-11-16,0050,Terra,MODIS,100,6.2,308.3,73.2,D,0
-12.0618,142.3949,355.5,1,1,2014-11-16,0050,Terra,MODIS,97,6.2,307.8,59,D,0
-12.0812,142.4013,337.3,1,1,2014-11-16,0050,Terra,MODIS,84,6.2,309.4,20.6,D,0
-12.0798,142.3921,335.7,1,1,2014-11-16,0050,Terra,MODIS,82,6.2,309.2,18.6,D,0
-12.0826,142.4106,336.1,1,1,2014-11-16,0050,Terra,MODIS,82,6.2,310,18.9,D,0
-12.0784,142.3829,331.2,1,1,2014-11-16,0050,Terra,MODIS,76,6.2,309.6,12.9,D,0
-12.0736,142.4119,342.8,1,1,2014-11-16,0050,Terra,MODIS,89,6.2,310.1,30.4,D,0
-12.043,142.4543,325.8,1,1,2014-11-16,0050,Terra,MODIS,30,6.2,306.2,6.3,D,0
-12.0687,142.3182,335.9,1,1,2014-11-16,0050,Terra,MODIS,82,6.2,307.6,20.1,D,0
-12.0416,142.4451,331.5,1,1,2014-11-16,0050,Terra,MODIS,77,6.2,307.3,13.3,D,0
-11.9098,142.2442,334.1,1,1,2014-11-16,0050,Terra,MODIS,81,6.2,306.1,18.3,D,0
-12.2884,142.8636,325.2,1,1,2014-11-16,0050,Terra,MODIS,58,6.2,305.3,10.7,D,0
-12.2988,142.8714,330.7,1,1,2014-11-16,0050,Terra,MODIS,62,6.2,306.7,15.5,D,0
-12.2974,142.8623,357.2,1,1,2014-11-16,0050,Terra,MODIS,98,6.2,306.9,64.9,D,0
-12.2898,142.8727,334.5,1,1,2014-11-16,0050,Terra,MODIS,79,6.2,306,22.7,D,0
-12.2961,142.8531,327.9,1,1,2014-11-16,0050,Terra,MODIS,53,6.2,304,12.5,D,0
-12.3419,142.9769,328,1,1,2014-11-16,0050,Terra,MODIS,37,6.2,306.3,11.2,D,0
-12.0833,142.3538,334.4,1,1,2014-11-16,0050,Terra,MODIS,80,6.2,308.9,18.1,D,0
-12.0847,142.3631,335.4,1,1,2014-11-16,0050,Terra,MODIS,82,6.2,309.3,19.5,D,0
-12.3186,142.9431,328,1,1,2014-11-16,0050,Terra,MODIS,45,6.2,306.2,12.3,D,0
-12.3069,142.9261,326.2,1,1,2014-11-16,0050,Terra,MODIS,15,6.2,305.8,10.4,D,0
-12.2952,142.9092,324.6,1,1,2014-11-16,0050,Terra,MODIS,47,6.2,305.3,9.9,D,0
-12.305,142.8518,352.2,1,1,2014-11-16,0050,Terra,MODIS,95,6.2,307.1,52.5,D,0
-12.3064,142.8609,341.6,1,1,2014-11-16,0050,Terra,MODIS,87,6.2,307.6,30.8,D,0
-12.314,142.8504,325.8,1,1,2014-11-16,0050,Terra,MODIS,19,6.2,307.3,9.3,D,0
-13.6804,135.4746,327.2,2.5,1.5,2014-11-16,0051,Terra,MODIS,52,6.2,306.9,34.7,D,0
-13.6773,135.5043,326.4,2.5,1.5,2014-11-16,0051,Terra,MODIS,69,6.2,304.7,34.7,D,0
-13.6845,135.4972,325.8,2.5,1.5,2014-11-16,0051,Terra,MODIS,54,6.2,303.9,28.5,D,0
-12.5618,142.9063,328.3,1,1,2014-11-16,0051,Terra,MODIS,70,6.2,307,12.8,D,0
-13.6886,135.5199,324.9,2.4,1.5,2014-11-16,0051,Terra,MODIS,36,6.2,305.9,26.2,D,0
-13.6735,135.4818,325.8,2.5,1.5,2014-11-16,0051,Terra,MODIS,57,6.2,306.3,31.8,D,0
-12.3333,142.8569,331.7,1,1,2014-11-16,0051,Terra,MODIS,75,6.2,307.2,14.9,D,0
-12.5591,142.8881,344.2,1,1,2014-11-16,0051,Terra,MODIS,89,6.2,308.6,35.2,D,0
-12.5604,142.8972,334.2,1,1,2014-11-16,0051,Terra,MODIS,80,6.2,307.3,19.7,D,0
-12.7175,142.8396,331.8,1,1,2014-11-16,0051,Terra,MODIS,53,6.2,306.7,14.7,D,0
-14.0253,136.6174,325.8,2,1.4,2014-11-16,0051,Terra,MODIS,28,6.2,307.3,23.9,D,0
-13.8059,136.8782,336.1,1.9,1.4,2014-11-16,0051,Terra,MODIS,62,6.2,303.6,58.2,D,0
-13.8092,136.8708,331.6,1.9,1.4,2014-11-16,0051,Terra,MODIS,71,6.2,303.2,42.2,D,0
-14.7716,144.6651,339.2,1.1,1.1,2014-11-16,0051,Terra,MODIS,84,6.2,308.7,32.9,D,0
-13.706,135.5399,327.5,2.4,1.5,2014-11-16,0051,Terra,MODIS,55,6.2,306.6,36.8,D,0
-12.5577,142.8789,336.8,1,1,2014-11-16,0051,Terra,MODIS,83,6.2,308,21.9,D,0
-14.7422,144.6962,331.9,1.1,1.1,2014-11-16,0051,Terra,MODIS,30,6.2,309.3,19.3,D,0
-14.7473,144.7003,327,1.1,1.1,2014-11-16,0051,Terra,MODIS,22,6.2,308.6,10.7,D,0
-14.7592,144.6457,330.7,1.1,1.1,2014-11-16,0051,Terra,MODIS,72,6.2,307.4,19,D,0
-14.7901,144.5886,330.5,1.1,1.1,2014-11-16,0051,Terra,MODIS,37,6.2,312.6,13.9,D,0
-12.0769,135.6926,316.4,2.5,1.5,2014-11-16,0051,Terra,MODIS,62,6.2,299.8,18.2,D,0
-14.7687,144.6441,331.6,1.1,1.1,2014-11-16,0051,Terra,MODIS,74,6.2,307.5,20,D,0
-14.7981,144.577,338.5,1.1,1.1,2014-11-16,0051,Terra,MODIS,78,6.2,309.3,24.1,D,0
-14.7996,144.5873,348.6,1.1,1.1,2014-11-16,0051,Terra,MODIS,92,6.2,310.7,48.4,D,0
-15.0611,145.0795,323.9,1.2,1.1,2014-11-16,0051,Terra,MODIS,36,6.2,305,13.4,D,0
-15.0627,145.0909,348.7,1.2,1.1,2014-11-16,0051,Terra,MODIS,93,6.2,306.7,62.7,D,0
-15.088,145.1148,332.3,1.2,1.1,2014-11-16,0051,Terra,MODIS,66,6.2,308.4,24,D,0
-15.1807,145.1976,339,1.2,1.1,2014-11-16,0051,Terra,MODIS,85,6.2,303.3,39.4,D,0
-14.1047,141.708,338.4,1,1,2014-11-16,0051,Terra,MODIS,68,6.2,306.8,18.8,D,0
-14.7294,142.5606,336.4,1,1,2014-11-16,0051,Terra,MODIS,50,6.2,316.3,13.3,D,0
-12.8021,142.9139,322.6,1,1,2014-11-16,0051,Terra,MODIS,34,6.2,304,6.5,D,0
-12.5618,135.0644,322.4,2.8,1.6,2014-11-16,0051,Terra,MODIS,48,6.2,303.4,46.3,D,0
-14.8167,144.5364,330.6,1.1,1.1,2014-11-16,0051,Terra,MODIS,68,6.2,309.1,16,D,0
-14.1542,141.7327,332.9,1,1,2014-11-16,0051,Terra,MODIS,67,6.2,310.8,13.7,D,0
-14.1075,141.7268,341,1,1,2014-11-16,0051,Terra,MODIS,72,6.2,312.6,22.7,D,0
-13.8816,141.8798,330.2,1,1,2014-11-16,0051,Terra,MODIS,40,6.2,312.4,7.3,D,0
-13.986,141.8384,333,1,1,2014-11-16,0051,Terra,MODIS,57,6.2,312,12.9,D,0
-13.9846,141.8291,340.4,1,1,2014-11-16,0051,Terra,MODIS,82,6.2,311.7,22.8,D,0
-14.6779,142.4617,355.3,1,1,2014-11-16,0051,Terra,MODIS,96,6.2,318.4,49.5,D,0
-14.1061,141.7174,360.8,1,1,2014-11-16,0051,Terra,MODIS,100,6.2,312.2,67.6,D,0
-14.1152,141.716,363.5,1,1,2014-11-16,0051,Terra,MODIS,100,6.2,311.6,77.6,D,0
-12.6968,142.824,325.3,1,1,2014-11-16,0051,Terra,MODIS,52,6.2,307.7,8.4,D,0
-12.4641,136.7144,327.7,2.1,1.4,2014-11-16,0051,Terra,MODIS,40,6.2,300,40.5,D,0
-14.691,142.488,336.8,1,1,2014-11-16,0051,Terra,MODIS,67,6.2,315.4,11.1,D,0
-14.7191,142.5527,340,1,1,2014-11-16,0051,Terra,MODIS,69,6.2,318,19.4,D,0
-14.1186,141.677,331.2,1,1,2014-11-16,0051,Terra,MODIS,24,6.2,311.1,11.1,D,0
-14.8181,144.5467,329.7,1.1,1.1,2014-11-16,0051,Terra,MODIS,58,6.2,309.7,14.7,D,0
-12.4884,142.9705,345.9,1,1,2014-11-16,0051,Terra,MODIS,90,6.2,313.8,36.2,D,0
-12.4898,142.9796,353.2,1,1,2014-11-16,0051,Terra,MODIS,96,6.2,312.5,52.8,D,0
-14.4061,134.6642,329.9,2.8,1.6,2014-11-16,0051,Terra,MODIS,74,6.2,308.9,60,D,0
-14.4089,134.6577,327.7,2.8,1.6,2014-11-16,0051,Terra,MODIS,70,6.2,308.4,50.3,D,0
-14.8153,144.5262,327.8,1.1,1.1,2014-11-16,0051,Terra,MODIS,49,6.2,308.6,11.4,D,0
-14.6765,142.4524,340.6,1,1,2014-11-16,0051,Terra,MODIS,78,6.2,316.5,20.5,D,0
-14.1604,141.7125,330.3,1,1,2014-11-16,0051,Terra,MODIS,53,6.2,309.7,10.5,D,0
-12.51,142.93,330,1,1,2014-11-16,0051,Terra,MODIS,61,6.2,307.5,13.2,D,0
-12.4996,142.9222,342.1,1,1,2014-11-16,0051,Terra,MODIS,88,6.2,307.1,31.4,D,0
-14.6689,142.463,352.8,1,1,2014-11-16,0051,Terra,MODIS,95,6.2,315.2,45.3,D,0
-12.7098,142.8501,324.5,1,1,2014-11-16,0051,Terra,MODIS,45,6.2,304.7,8.9,D,0
-14.6931,142.3775,341.1,1,1,2014-11-16,0051,Terra,MODIS,82,6.2,318.5,21.7,D,0
-14.6676,142.4538,342.2,1,1,2014-11-16,0051,Terra,MODIS,84,6.2,313.7,24.7,D,0
-12.8583,142.4246,336.8,1,1,2014-11-16,0051,Terra,MODIS,82,6.2,308.6,19.4,D,0
-13.4967,134.5519,326,2.9,1.6,2014-11-16,0051,Terra,MODIS,60,6.2,305.3,36.5,D,0
-14.7915,142.6078,336.2,1,1,2014-11-16,0051,Terra,MODIS,34,6.2,316,10.8,D,0
-14.6918,142.3683,335.4,1,1,2014-11-16,0051,Terra,MODIS,65,6.2,315.7,13.6,D,0
-13.4508,133.7163,327.3,3.4,1.7,2014-11-16,0051,Terra,MODIS,65,6.2,306.7,57.2,D,0
-12.8517,142.4414,331.1,1,1,2014-11-16,0051,Terra,MODIS,63,6.2,306,12.5,D,0
-12.4055,142.9703,332,1,1,2014-11-16,0051,Terra,MODIS,76,6.2,307,16.6,D,0
-12.4144,142.969,329.4,1,1,2014-11-16,0051,Terra,MODIS,71,6.2,307.2,13.2,D,0
-12.4337,142.9754,323.6,1,1,2014-11-16,0051,Terra,MODIS,30,6.2,305.8,6.9,D,0
-14.7177,142.5435,336.4,1,1,2014-11-16,0051,Terra,MODIS,41,6.2,317.6,13.2,D,0
-14.6849,142.3851,350.8,1,1,2014-11-16,0051,Terra,MODIS,93,6.2,318.7,38,D,0
-14.676,142.3865,341.6,1,1,2014-11-16,0051,Terra,MODIS,76,6.2,315.5,21.1,D,0
-14.6991,142.5433,341.4,1,1,2014-11-16,0051,Terra,MODIS,65,6.2,317.2,17.1,D,0
-12.8503,142.4323,334.4,1,1,2014-11-16,0051,Terra,MODIS,66,6.2,308.7,15.5,D,0
-14.6836,142.3759,355.3,1,1,2014-11-16,0051,Terra,MODIS,96,6.2,316.4,49.1,D,0
-14.8909,143.1617,337.8,1,1,2014-11-16,0051,Terra,MODIS,71,6.2,316.4,18.4,D,0
-12.8597,142.4338,333.1,1,1,2014-11-16,0051,Terra,MODIS,77,6.2,307,15.2,D,0
-13.4564,133.7224,329.5,3.4,1.7,2014-11-16,0051,Terra,MODIS,74,6.2,306.9,71.2,D,0
-14.312,134.8938,338,2.7,1.6,2014-11-16,0051,Terra,MODIS,84,6.2,311.2,89.4,D,0
-13.4972,134.5459,325,2.9,1.6,2014-11-16,0051,Terra,MODIS,53,6.2,306.8,33.8,D,0
-14.4125,134.1073,327.5,3,1.7,2014-11-16,0051,Terra,MODIS,44,6.2,307.4,32.4,D,0
-14.8832,143.1724,332,1,1,2014-11-16,0051,Terra,MODIS,39,6.2,313.7,9.3,D,0
-14.8818,143.163,337.8,1,1,2014-11-16,0051,Terra,MODIS,75,6.2,313.4,18.8,D,0
-12.8673,142.4233,342.5,1,1,2014-11-16,0051,Terra,MODIS,88,6.2,307.5,29.2,D,0
-14.3357,134.8649,330.6,2.7,1.6,2014-11-16,0051,Terra,MODIS,56,6.2,308,47,D,0
-14.8922,143.171,334.5,1,1,2014-11-16,0051,Terra,MODIS,59,6.2,315.5,12.5,D,0
-12.875,142.4127,346.9,1,1,2014-11-16,0051,Terra,MODIS,91,6.2,308.1,35.9,D,0
-16.8845,141.0835,332.1,1,1,2014-11-16,0052,Terra,MODIS,48,6.2,311.5,12.2,D,0
-17.2138,143.2081,330.7,1,1,2014-11-16,0052,Terra,MODIS,26,6.2,313.5,8.6,D,0
-17.2305,142.8023,362.5,1,1,2014-11-16,0052,Terra,MODIS,100,6.2,315.2,71.7,D,0
-17.3887,142.688,332.9,1,1,2014-11-16,0052,Terra,MODIS,20,6.2,315.3,9.8,D,0
-19.5286,143.0714,342.3,1.1,1,2014-11-16,0052,Terra,MODIS,63,6.2,318,22.5,D,0
-17.0136,137.2567,333.9,1.6,1.2,2014-11-16,0052,Terra,MODIS,63,6.2,315.1,21.2,D,0
-17.0157,137.2646,336.3,1.6,1.2,2014-11-16,0052,Terra,MODIS,76,6.2,314.3,29.4,D,0
-19.4538,143.0576,345.8,1.1,1,2014-11-16,0052,Terra,MODIS,77,6.2,320.2,30.3,D,0
-19.5193,143.0728,343,1.1,1,2014-11-16,0052,Terra,MODIS,68,6.2,321.3,25.6,D,0
-18.0768,138.1763,342,1.3,1.1,2014-11-16,0052,Terra,MODIS,83,6.2,312.8,32.4,D,0
-18.0788,138.1886,352.1,1.3,1.1,2014-11-16,0052,Terra,MODIS,94,6.2,315.7,62.8,D,0
-17.2046,143.2094,334.1,1,1,2014-11-16,0052,Terra,MODIS,43,6.2,313.3,12.2,D,0
-17.1163,137.1799,342.9,1.6,1.2,2014-11-16,0052,Terra,MODIS,81,6.2,314.4,49.3,D,0
-17.139,143.1959,367.3,1,1,2014-11-16,0052,Terra,MODIS,100,6.2,318.8,85.3,D,0
-17.2228,142.8132,336.6,1,1,2014-11-16,0052,Terra,MODIS,68,6.2,315.8,15.6,D,0
-16.8918,141.0759,333,1,1,2014-11-16,0052,Terra,MODIS,44,6.2,312.3,10.8,D,0
-19.5672,143.0759,335.4,1.1,1,2014-11-16,0052,Terra,MODIS,47,6.2,320.2,10.8,D,0
-16.9977,143.101,354.8,1,1,2014-11-16,0052,Terra,MODIS,96,6.2,319.2,46.6,D,0
-19.4524,143.0475,343.1,1.1,1,2014-11-16,0052,Terra,MODIS,54,6.2,322.5,23.3,D,0
-19.574,143.0789,353.3,1.1,1,2014-11-16,0052,Terra,MODIS,95,6.2,321.1,49.5,D,0
-18.9772,141.9071,342.3,1,1,2014-11-16,0052,Terra,MODIS,83,6.2,309.4,30.9,D,0
-17.2319,142.8118,372.2,1,1,2014-11-16,0052,Terra,MODIS,100,6.2,315.7,104.3,D,0
-17.6026,135.2435,329.9,2.1,1.4,2014-11-16,0052,Terra,MODIS,62,6.2,305.2,39.6,D,0
-17.5899,135.246,337,2.1,1.4,2014-11-16,0052,Terra,MODIS,79,6.2,305.9,68,D,0
-17.5749,135.2352,351,2.2,1.4,2014-11-16,0052,Terra,MODIS,94,6.2,305.6,147.4,D,0
-17.2335,143.2151,337.4,1,1,2014-11-16,0052,Terra,MODIS,54,6.2,314.3,19.7,D,0
-17.1875,143.2085,346.4,1,1,2014-11-16,0052,Terra,MODIS,88,6.2,318.5,30.1,D,0
-17.5876,135.2327,342.9,2.2,1.4,2014-11-16,0052,Terra,MODIS,87,6.2,305.3,99.8,D,0
-19.5726,143.0688,345,1.1,1,2014-11-16,0052,Terra,MODIS,87,6.2,320.1,30.6,D,0
-19.5712,143.0586,337,1.1,1,2014-11-16,0052,Terra,MODIS,45,6.2,320.3,14.8,D,0
-19.5912,143.066,348.2,1.1,1,2014-11-16,0052,Terra,MODIS,90,6.2,318.5,36.3,D,0
-19.4617,143.0461,352,1.1,1,2014-11-16,0052,Terra,MODIS,85,6.2,321.3,42,D,0
-19.5819,143.0674,342.4,1.1,1,2014-11-16,0052,Terra,MODIS,73,6.2,319.7,24.8,D,0
-17.1481,132.9933,332.6,3.2,1.7,2014-11-16,0052,Terra,MODIS,48,6.2,305.4,78,D,0
-17.1633,132.9902,331.6,3.2,1.7,2014-11-16,0052,Terra,MODIS,52,6.2,305.9,67.2,D,0
-17.1594,132.9839,331.3,3.2,1.7,2014-11-16,0052,Terra,MODIS,46,6.2,306.4,65.1,D,0
-17.5911,135.2527,328.6,2.1,1.4,2014-11-16,0052,Terra,MODIS,47,6.2,305.4,32,D,0
-16.3975,132.7747,324.3,3.5,1.8,2014-11-16,0052,Terra,MODIS,36,6.2,301,48.7,D,0
-16.4383,132.733,333.7,3.5,1.8,2014-11-16,0052,Terra,MODIS,64,6.2,304,110.4,D,0
-16.4317,132.7284,329.8,3.5,1.8,2014-11-16,0052,Terra,MODIS,43,6.2,303.8,75.4,D,0
-17.217,131.7464,331.9,4,1.9,2014-11-16,0052,Terra,MODIS,72,6.2,302.4,94,D,0
-16.8553,133.0044,326.9,3.3,1.7,2014-11-16,0052,Terra,MODIS,39,6.2,304.3,38,D,0
-16.751,133.9795,330,2.8,1.6,2014-11-16,0052,Terra,MODIS,56,6.2,303.6,53.8,D,0
-19.4873,142.8417,358.2,1.1,1,2014-11-16,0052,Terra,MODIS,98,6.2,323.4,57.6,D,0
-17.3978,142.6866,333.3,1,1,2014-11-16,0052,Terra,MODIS,30,6.2,315,11.1,D,0
-17.0317,132.8656,330.8,3.3,1.7,2014-11-16,0052,Terra,MODIS,61,6.2,305.8,59.6,D,0
-17.1955,133.0074,342.8,3.2,1.7,2014-11-16,0052,Terra,MODIS,87,6.2,304.9,163.6,D,0
-17.4649,135.2837,338.3,2.1,1.4,2014-11-16,0052,Terra,MODIS,81,6.2,308.5,63.6,D,0
-17.4939,135.2987,333.3,2.1,1.4,2014-11-16,0052,Terra,MODIS,48,6.2,307.8,43,D,0
-16.4958,139.7313,317.8,1.1,1.1,2014-11-16,0052,Terra,MODIS,66,6.2,305.3,13,D,3
-17.184,133.0168,340.4,3.2,1.7,2014-11-16,0052,Terra,MODIS,85,6.2,305.2,144.4,D,0
-17.6316,135.2585,395.3,2.1,1.4,2014-11-16,0052,Terra,MODIS,100,6.2,313,623.9,D,0
-16.9394,133.1116,353.7,3.2,1.7,2014-11-16,0052,Terra,MODIS,96,6.2,305.4,287.8,D,0
-16.9545,133.1085,355.4,3.2,1.7,2014-11-16,0052,Terra,MODIS,97,6.2,304.7,308.8,D,0
-16.9602,133.138,348.5,3.2,1.7,2014-11-16,0052,Terra,MODIS,92,6.2,304.2,227.8,D,0
-16.9696,133.1053,374.4,3.2,1.7,2014-11-16,0052,Terra,MODIS,100,6.2,303.3,619.5,D,0
-16.9753,133.1349,373.4,3.2,1.7,2014-11-16,0052,Terra,MODIS,100,6.2,304.8,602,D,0
-16.9847,133.1022,328.8,3.2,1.7,2014-11-16,0052,Terra,MODIS,51,6.2,300,64.7,D,0
-16.9903,133.1318,335.1,3.2,1.7,2014-11-16,0052,Terra,MODIS,78,6.2,301.3,113.1,D,0
-16.9662,133.0987,358.2,3.2,1.7,2014-11-16,0052,Terra,MODIS,98,6.2,302.9,354.4,D,0
-16.972,133.1283,377.9,3.2,1.7,2014-11-16,0052,Terra,MODIS,100,6.2,306,695.5,D,0
-16.9813,133.0956,327.9,3.2,1.7,2014-11-16,0052,Terra,MODIS,53,6.2,300.4,61.7,D,0
-16.9871,133.1252,356.8,3.2,1.7,2014-11-16,0052,Terra,MODIS,98,6.2,301.7,341.5,D,0
-17.2098,131.7093,343.4,4,1.9,2014-11-16,0052,Terra,MODIS,87,6.2,303.7,226.9,D,0
-17.2051,131.7433,326.1,4,1.9,2014-11-16,0052,Terra,MODIS,33,6.2,302.6,40.3,D,0
-17.2142,131.7026,334.3,4,1.9,2014-11-16,0052,Terra,MODIS,76,6.2,303.2,119.8,D,0
-17.2216,131.7397,333.5,4,1.9,2014-11-16,0052,Terra,MODIS,75,6.2,302.4,111.5,D,0
-17.1976,131.7062,331.1,4,1.9,2014-11-16,0052,Terra,MODIS,70,6.2,304.7,84.4,D,0
-17.1179,135.479,332.8,2.1,1.4,2014-11-16,0052,Terra,MODIS,72,6.2,309.9,42.2,D,0
-17.1305,135.4765,329.7,2.1,1.4,2014-11-16,0052,Terra,MODIS,56,6.2,309.2,29,D,0
-18.1776,138.1646,332,1.3,1.1,2014-11-16,0052,Terra,MODIS,41,6.2,310.7,12.5,D,0
-18.1796,138.1769,333.4,1.3,1.1,2014-11-16,0052,Terra,MODIS,45,6.2,311.8,13.6,D,0
-17.628,135.2385,335.8,2.1,1.4,2014-11-16,0052,Terra,MODIS,58,6.2,306.4,48,D,0
-17.2441,135.4494,341.6,2.1,1.4,2014-11-16,0052,Terra,MODIS,85,6.2,308.7,79,D,0
-16.902,132.8354,327.1,3.4,1.7,2014-11-16,0052,Terra,MODIS,32,6.2,305.9,38.3,D,0
-17.2436,135.4425,336.7,2.1,1.4,2014-11-16,0052,Terra,MODIS,70,6.2,309,54.1,D,0
-17.2941,135.4327,328.4,2.1,1.4,2014-11-16,0052,Terra,MODIS,33,6.2,305.2,26.7,D,0
-17.3284,135.4055,328.9,2.1,1.4,2014-11-16,0052,Terra,MODIS,49,6.2,304.8,28,D,0
-17.3281,135.3996,328.8,2.1,1.4,2014-11-16,0052,Terra,MODIS,47,6.2,304.3,26.9,D,0
-17.3484,142.665,332.8,1,1,2014-11-16,0052,Terra,MODIS,30,6.2,314.5,10.6,D,0
-17.6226,135.2809,357.2,2.1,1.4,2014-11-16,0052,Terra,MODIS,98,6.2,306.6,184.9,D,0
-17.6352,135.2784,398.3,2.1,1.4,2014-11-16,0052,Terra,MODIS,100,6.2,312.1,675.2,D,0
-18.9758,141.8976,342.6,1,1,2014-11-16,0052,Terra,MODIS,84,6.2,310.8,30.7,D,0
-16.9748,142.3713,339.6,1,1,2014-11-16,0052,Terra,MODIS,79,6.2,315.7,16.9,D,0
-18.9668,141.899,334.7,1,1,2014-11-16,0052,Terra,MODIS,63,6.2,310.5,17.3,D,0
-16.9761,142.3807,337,1,1,2014-11-16,0052,Terra,MODIS,74,6.2,315.6,13,D,0
-17.2394,142.8047,366.5,1,1,2014-11-16,0052,Terra,MODIS,100,6.2,312.7,84.9,D,0
-17.6153,135.241,338.3,2.1,1.4,2014-11-16,0052,Terra,MODIS,71,6.2,303,67.5,D,0
-18.9952,141.9043,365.1,1,1,2014-11-16,0052,Terra,MODIS,100,6.2,306,86.9,D,0
-18.9848,141.8962,344.4,1,1,2014-11-16,0052,Terra,MODIS,83,6.2,309.7,34.8,D,0
-18.9938,141.8948,368.1,1,1,2014-11-16,0052,Terra,MODIS,100,6.2,310.6,94.5,D,0
-19.0042,141.9029,351.2,1,1,2014-11-16,0052,Terra,MODIS,93,6.2,303.3,52.3,D,0
-19.0028,141.8934,358.6,1,1,2014-11-16,0052,Terra,MODIS,99,6.2,306,69.6,D,0
-19.4684,142.7736,341.4,1,1,2014-11-16,0052,Terra,MODIS,67,6.2,321.3,18.2,D,0
-17.3461,142.9092,344.8,1,1,2014-11-16,0052,Terra,MODIS,86,6.2,314.7,31.5,D,0
-17.2215,142.8037,353.4,1,1,2014-11-16,0052,Terra,MODIS,95,6.2,316.4,47.3,D,0
-17.3208,142.9194,348.9,1,1,2014-11-16,0052,Terra,MODIS,86,6.2,318,34,D,0
-17.3299,142.9181,364.6,1,1,2014-11-16,0052,Terra,MODIS,100,6.2,315.7,75,D,0
-17.3475,142.9188,358,1,1,2014-11-16,0052,Terra,MODIS,98,6.2,315.6,62.7,D,0
-17.339,142.9167,343.4,1,1,2014-11-16,0052,Terra,MODIS,57,6.2,316.1,24.8,D,0
-19.4417,143.0388,339.2,1.1,1,2014-11-16,0052,Terra,MODIS,45,6.2,321.9,15.6,D,0
-17.3575,142.6637,335.7,1,1,2014-11-16,0052,Terra,MODIS,57,6.2,314.5,14.7,D,0
-17.3588,142.6731,339,1,1,2014-11-16,0052,Terra,MODIS,65,6.2,315.8,18.6,D,0
-18.9509,141.8531,338.8,1,1,2014-11-16,0052,Terra,MODIS,75,6.2,312,19.9,D,0
-18.9793,141.8583,333.9,1,1,2014-11-16,0052,Terra,MODIS,46,6.2,310.4,16.2,D,0
-18.991,141.8758,340.5,1,1,2014-11-16,0052,Terra,MODIS,80,6.2,306.1,26.5,D,0
-18.9924,141.8853,334.6,1,1,2014-11-16,0052,Terra,MODIS,41,6.2,308.6,17.2,D,0
-18.9744,141.8882,339,1,1,2014-11-16,0052,Terra,MODIS,78,6.2,308.2,23.1,D,0
-18.9834,141.8867,336,1,1,2014-11-16,0052,Terra,MODIS,26,6.2,310.3,19,D,0
-18.592,137.9434,334,1.3,1.1,2014-11-16,0052,Terra,MODIS,56,6.2,297.4,25.3,D,0
-19.8706,143.9478,342.7,1.2,1.1,2014-11-16,0052,Terra,MODIS,85,6.2,318.9,34,D,0
-19.8735,143.9698,348.2,1.2,1.1,2014-11-16,0052,Terra,MODIS,90,6.2,316.9,46.5,D,0
-17.5713,135.2151,351.8,2.2,1.4,2014-11-16,0052,Terra,MODIS,94,6.2,304,152.8,D,0
-19.8961,143.9717,334.7,1.2,1.1,2014-11-16,0052,Terra,MODIS,71,6.2,317.4,15.2,D,0
-18.6395,137.9925,337.4,1.3,1.1,2014-11-16,0052,Terra,MODIS,76,6.2,304.8,32.6,D,0
-17.5697,135.2085,328.5,2.2,1.4,2014-11-16,0052,Terra,MODIS,32,6.2,303.4,31.4,D,0
-17.5862,135.226,332.5,2.2,1.4,2014-11-16,0052,Terra,MODIS,71,6.2,303.6,50.7,D,0
-17.6189,135.261,394.6,2.1,1.4,2014-11-16,0052,Terra,MODIS,100,6.2,309.7,618.4,D,0
-19.8752,143.9632,345.2,1.2,1.1,2014-11-16,0052,Terra,MODIS,87,6.2,317,35,D,0
-19.9305,143.9329,343.7,1.2,1.1,2014-11-16,0052,Terra,MODIS,86,6.2,318.5,34.5,D,0
-19.9291,143.9218,341.4,1.2,1.1,2014-11-16,0052,Terra,MODIS,83,6.2,318,30.8,D,0
-17.5734,135.2285,364.4,2.2,1.4,2014-11-16,0052,Terra,MODIS,100,6.2,305.8,252.5,D,0
-19.8609,143.9492,382.8,1.2,1.1,2014-11-16,0052,Terra,MODIS,100,6.2,317.5,184.6,D,0
-18.6477,137.9782,333.9,1.3,1.1,2014-11-16,0052,Terra,MODIS,67,6.2,306.1,23.1,D,0
-18.6374,137.98,342.6,1.3,1.1,2014-11-16,0052,Terra,MODIS,84,6.2,304.9,44.9,D,0
-19.8738,143.9522,339.9,1.2,1.1,2014-11-16,0052,Terra,MODIS,81,6.2,318,22.6,D,0
-19.872,143.9588,352.3,1.2,1.1,2014-11-16,0052,Terra,MODIS,94,6.2,316.8,58.2,D,0
-18.6498,137.9906,343.9,1.3,1.1,2014-11-16,0052,Terra,MODIS,86,6.2,306.9,48.5,D,0
-19.8623,143.9601,360.5,1.2,1.1,2014-11-16,0052,Terra,MODIS,100,6.2,315.5,86.9,D,0
-19.8864,143.973,345.7,1.2,1.1,2014-11-16,0052,Terra,MODIS,88,6.2,318.1,37.5,D,0
-18.5676,131.2258,371.9,4.1,1.9,2014-11-16,0053,Terra,MODIS,100,6.2,308.3,780.1,D,0
-18.5624,131.2612,337.5,4,1.9,2014-11-16,0053,Terra,MODIS,81,6.2,308,146.9,D,0
-18.5752,131.264,362.7,4,1.9,2014-11-16,0053,Terra,MODIS,100,6.2,307.8,557.9,D,0
-18.579,131.2574,359.6,4,1.9,2014-11-16,0053,Terra,MODIS,99,6.2,307,488.7,D,0
-18.5711,131.2193,355.9,4.1,1.9,2014-11-16,0053,Terra,MODIS,97,6.2,306.6,421,D,0
-24.8986,148.1836,323.6,2.6,1.6,2014-11-16,0054,Terra,MODIS,36,6.2,300.5,50.6,D,0
-24.8944,148.1912,324.6,2.6,1.6,2014-11-16,0054,Terra,MODIS,50,6.2,299.9,55.5,D,0
-24.7227,147.9955,327.2,2.5,1.5,2014-11-16,0054,Terra,MODIS,24,6.2,306.2,39.2,D,0
-24.7782,147.8484,330.2,2.5,1.5,2014-11-16,0054,Terra,MODIS,70,6.2,305.9,66.1,D,0
-24.7668,147.8753,326.8,2.5,1.5,2014-11-16,0054,Terra,MODIS,55,6.2,304.1,47.5,D,0
-24.7739,147.8796,328.4,2.5,1.5,2014-11-16,0054,Terra,MODIS,52,6.2,304.5,52.9,D,0
-24.8193,147.8437,340.9,2.5,1.5,2014-11-16,0054,Terra,MODIS,86,6.2,307.5,111.6,D,0
-24.7773,148.0595,327.8,2.5,1.5,2014-11-16,0054,Terra,MODIS,60,6.2,304.4,55.1,D,0
-24.819,148.0551,346.3,2.5,1.5,2014-11-16,0054,Terra,MODIS,90,6.2,308.3,162.6,D,0
-24.8245,148.0487,341.5,2.5,1.5,2014-11-16,0054,Terra,MODIS,86,6.2,308.8,122.9,D,0
-24.7261,147.9617,327.1,2.5,1.5,2014-11-16,0054,Terra,MODIS,17,6.2,307.6,42.6,D,0
-24.7913,148.0585,329.2,2.5,1.5,2014-11-16,0054,Terra,MODIS,61,6.2,305.6,60.6,D,0
-24.7806,148.0285,331.3,2.5,1.5,2014-11-16,0054,Terra,MODIS,67,6.2,307.4,62.2,D,0
-24.7714,147.8542,327.8,2.5,1.5,2014-11-16,0054,Terra,MODIS,59,6.2,305,54.2,D,0
-24.892,148.1662,323.8,2.6,1.6,2014-11-16,0054,Terra,MODIS,35,6.2,302.9,48.4,D,0
-24.7926,147.9292,325.9,2.5,1.5,2014-11-16,0054,Terra,MODIS,45,6.2,306.7,40.2,D,0
-24.7828,148.0533,330.8,2.5,1.5,2014-11-16,0054,Terra,MODIS,64,6.2,305.3,66.1,D,0
-24.7749,148.0344,337,2.5,1.5,2014-11-16,0054,Terra,MODIS,81,6.2,307.5,97.6,D,0
-24.7201,147.9693,333.6,2.5,1.5,2014-11-16,0054,Terra,MODIS,63,6.2,307.4,73,D,0
-24.8106,148.0506,328.7,2.5,1.5,2014-11-16,0054,Terra,MODIS,40,6.2,306.7,50.9,D,0
-24.7285,147.9876,350.2,2.5,1.5,2014-11-16,0054,Terra,MODIS,93,6.2,308,185.3,D,0
-24.7967,148.0516,325.3,2.5,1.5,2014-11-16,0054,Terra,MODIS,23,6.2,305.6,39.7,D,0
-41.7125,147.4524,316.6,3.5,1.8,2014-11-16,0058,Terra,MODIS,66,6.2,294.5,67.5,D,0
-41.7048,147.4592,313.3,3.5,1.8,2014-11-16,0058,Terra,MODIS,57,6.2,292.7,50.6,D,0
-16.7794,123.842,328.5,2.2,1.4,2014-11-16,0230,Terra,MODIS,59,6.2,292.7,46.9,D,0
-18.0915,123.3912,322.2,2.1,1.4,2014-11-16,0231,Terra,MODIS,19,6.2,296.5,20.5,D,0
-22.4561,118.2104,333.4,1.1,1.1,2014-11-16,0232,Terra,MODIS,76,6.2,307.9,20.2,D,0
-22.4466,118.2119,329.9,1.1,1.1,2014-11-16,0232,Terra,MODIS,70,6.2,308.7,13.8,D,0
-31.9079,115.9371,323.5,1.1,1,2014-11-16,0235,Terra,MODIS,38,6.2,309,6.9,D,0
-33.3624,115.6756,317.8,1.1,1.1,2014-11-16,0235,Terra,MODIS,50,6.2,303.3,8.6,D,0
-33.3357,115.6495,319.1,1.1,1.1,2014-11-16,0235,Terra,MODIS,40,6.2,302,6.4,D,0
-31.8624,115.8851,324.4,1.1,1,2014-11-16,0235,Terra,MODIS,23,6.2,307.6,6.2,D,0
-31.8628,115.8138,322.7,1.1,1,2014-11-16,0235,Terra,MODIS,49,6.2,308.2,6.7,D,0
-32.0615,115.9344,324.1,1.1,1.1,2014-11-16,0235,Terra,MODIS,42,6.2,309.2,6,D,0
-31.7915,115.8208,324,1.1,1,2014-11-16,0235,Terra,MODIS,30,6.2,307.3,8.2,D,0
-31.793,115.8323,324.4,1.1,1,2014-11-16,0235,Terra,MODIS,29,6.2,307.4,7.6,D,0
-32.1254,115.8692,323.1,1.1,1,2014-11-16,0235,Terra,MODIS,62,6.2,306.9,7.4,D,0
-32.06,115.9226,326.7,1.1,1.1,2014-11-16,0235,Terra,MODIS,72,6.2,307.5,9.2,D,0
-31.4294,152.2675,326.3,1.2,1.1,2014-11-16,0335,Aqua,MODIS,76,6.2,307,16.4,D,0
-31.4612,152.2491,327.9,1.2,1.1,2014-11-16,0335,Aqua,MODIS,80,6.2,304.4,22.3,D,0
-31.4322,152.2441,331.2,1.2,1.1,2014-11-16,0335,Aqua,MODIS,82,6.2,305.2,25.7,D,0
-32.7155,151.5119,314,1.3,1.1,2014-11-16,0335,Aqua,MODIS,29,6.2,300,5.2,D,0
-30.1088,152.1783,328.9,1.1,1.1,2014-11-16,0336,Aqua,MODIS,83,6.2,300.4,22.6,D,0
-30.1184,152.179,332.9,1.1,1.1,2014-11-16,0336,Aqua,MODIS,78,6.2,304.6,28.8,D,0
-30.1207,152.1847,350.4,1.1,1.1,2014-11-16,0336,Aqua,MODIS,96,6.2,305.3,62.1,D,0
-30.1169,152.1911,329.1,1.1,1.1,2014-11-16,0336,Aqua,MODIS,67,6.2,302.4,22.5,D,0
-29.5946,152.2384,390.7,1.1,1.1,2014-11-16,0336,Aqua,MODIS,100,6.2,311.3,225.2,D,0
-29.6041,152.2397,335.2,1.1,1.1,2014-11-16,0336,Aqua,MODIS,86,6.2,306.6,31.2,D,0
-29.5932,152.2495,352.9,1.1,1.1,2014-11-16,0336,Aqua,MODIS,96,6.2,307,68.8,D,0
-30.1619,152.1681,333.8,1.1,1.1,2014-11-16,0336,Aqua,MODIS,80,6.2,302.7,27.2,D,0
-30.1634,152.1561,346.4,1.1,1.1,2014-11-16,0336,Aqua,MODIS,94,6.2,301.9,52.7,D,0
-30.1662,152.1332,327.7,1.1,1.1,2014-11-16,0336,Aqua,MODIS,76,6.2,301.9,18.1,D,0
-30.1567,152.1312,340.5,1.1,1.1,2014-11-16,0336,Aqua,MODIS,91,6.2,303.5,38.3,D,0
-30.1581,152.1197,351.2,1.1,1.1,2014-11-16,0336,Aqua,MODIS,96,6.2,303.9,64.3,D,0
-30.147,152.1303,334.3,1.1,1.1,2014-11-16,0336,Aqua,MODIS,75,6.2,301.7,25.6,D,0
-30.1484,152.119,338.1,1.1,1.1,2014-11-16,0336,Aqua,MODIS,89,6.2,299.5,34.7,D,0
-29.5836,152.2482,338,1.1,1.1,2014-11-16,0336,Aqua,MODIS,88,6.2,304.7,36.7,D,0
-29.585,152.2378,339.9,1.1,1.1,2014-11-16,0336,Aqua,MODIS,89,6.2,302.9,40.7,D,0
-29.596,152.2267,362.4,1.1,1.1,2014-11-16,0336,Aqua,MODIS,100,6.2,306,99,D,0
-30.1264,152.1386,332,1.1,1.1,2014-11-16,0336,Aqua,MODIS,69,6.2,302.8,21,D,0
-30.1146,152.1319,328.3,1.1,1.1,2014-11-16,0336,Aqua,MODIS,82,6.2,299.9,21.3,D,0
-30.1131,152.1437,325.5,1.1,1.1,2014-11-16,0336,Aqua,MODIS,77,6.2,302.3,16.9,D,0
-30.1116,152.1553,358.5,1.1,1.1,2014-11-16,0336,Aqua,MODIS,99,6.2,305,88.7,D,0
-30.1102,152.1666,322.5,1.1,1.1,2014-11-16,0336,Aqua,MODIS,73,6.2,301.9,13.8,D,0
-30.1257,152.1214,337.2,1.1,1.1,2014-11-16,0336,Aqua,MODIS,89,6.2,302.1,37.2,D,0
-30.1272,152.1098,324.7,1.1,1.1,2014-11-16,0336,Aqua,MODIS,47,6.2,301.6,17.5,D,0
-30.1243,152.1328,341.4,1.1,1.1,2014-11-16,0336,Aqua,MODIS,91,6.2,303.4,43.9,D,0
-30.1228,152.1448,342.1,1.1,1.1,2014-11-16,0336,Aqua,MODIS,91,6.2,304,44.8,D,0
-30.1212,152.1566,327.4,1.1,1.1,2014-11-16,0336,Aqua,MODIS,69,6.2,304.8,20,D,0
-30.1292,152.1158,341.1,1.1,1.1,2014-11-16,0336,Aqua,MODIS,90,6.2,303.6,41.9,D,0
-30.1278,152.1271,333,1.1,1.1,2014-11-16,0336,Aqua,MODIS,80,6.2,302.1,24.9,D,0
-27.7238,150.5134,340.5,1.3,1.1,2014-11-16,0336,Aqua,MODIS,66,6.2,307,41.6,D,0
-23.3751,150.1951,341.4,1.2,1.1,2014-11-16,0337,Aqua,MODIS,82,6.2,312,31.7,D,0
-23.3737,150.2067,357,1.2,1.1,2014-11-16,0337,Aqua,MODIS,97,6.2,311.7,73.1,D,0
-24.8631,148.7316,362,1.5,1.2,2014-11-16,0337,Aqua,MODIS,100,6.2,304.3,128,D,0
-24.8659,148.722,349.7,1.5,1.2,2014-11-16,0337,Aqua,MODIS,92,6.2,306.5,73.8,D,0
-24.8643,148.737,358.8,1.5,1.2,2014-11-16,0337,Aqua,MODIS,99,6.2,304.7,112.2,D,0
-24.8769,148.7233,332.4,1.5,1.2,2014-11-16,0337,Aqua,MODIS,37,6.2,308.7,17.9,D,0
-24.874,148.7328,336.8,1.5,1.2,2014-11-16,0337,Aqua,MODIS,56,6.2,310.9,30.5,D,0
-24.8447,148.6981,342.4,1.5,1.2,2014-11-16,0337,Aqua,MODIS,84,6.2,313.6,48.4,D,0
-25.2243,151.1085,358.6,1.1,1.1,2014-11-16,0337,Aqua,MODIS,99,6.2,311.8,72.2,D,0
-25.2229,151.1196,349.6,1.1,1.1,2014-11-16,0337,Aqua,MODIS,94,6.2,310.9,46.2,D,0
-25.2192,151.1124,348.9,1.1,1.1,2014-11-16,0337,Aqua,MODIS,93,6.2,311.1,46.3,D,0
-24.7912,148.0508,338.2,1.7,1.3,2014-11-16,0337,Aqua,MODIS,71,6.2,305.4,54.6,D,0
-24.6814,148.0141,346,1.7,1.3,2014-11-16,0337,Aqua,MODIS,88,6.2,310.2,81.2,D,0
-24.8542,148.0995,336.1,1.7,1.3,2014-11-16,0337,Aqua,MODIS,39,6.2,297.9,49.3,D,0
-24.8636,148.1198,341.9,1.6,1.3,2014-11-16,0337,Aqua,MODIS,72,6.2,290,68.9,D,0
-24.8793,148.1874,357.8,1.6,1.3,2014-11-16,0337,Aqua,MODIS,85,6.2,292.3,139,D,0
-24.8561,148.0929,345.3,1.7,1.3,2014-11-16,0337,Aqua,MODIS,71,6.2,302.3,85.7,D,0
-24.6704,148.0226,335,1.7,1.3,2014-11-16,0337,Aqua,MODIS,45,6.2,309.9,39.1,D,0
-24.8519,152.2098,325,1,1,2014-11-16,0337,Aqua,MODIS,63,6.2,304.6,11.1,D,0
-24.8559,148.0834,351.8,1.7,1.3,2014-11-16,0337,Aqua,MODIS,69,6.2,305,111.1,D,0
-24.4525,151.4157,336.6,1.1,1,2014-11-16,0337,Aqua,MODIS,80,6.2,304.7,27.5,D,0
-24.8906,148.19,371.5,1.6,1.3,2014-11-16,0337,Aqua,MODIS,87,6.2,298.8,223.9,D,0
-24.9019,148.1917,334.3,1.6,1.3,2014-11-16,0337,Aqua,MODIS,55,6.2,302,47.1,D,0
-24.9206,148.7297,337.1,1.5,1.2,2014-11-16,0337,Aqua,MODIS,61,6.2,315,26.7,D,0
-24.9163,148.0616,335.3,1.7,1.3,2014-11-16,0337,Aqua,MODIS,69,6.2,307.1,52.5,D,0
-24.3487,150.9473,326.3,1.1,1.1,2014-11-16,0337,Aqua,MODIS,24,6.2,307.5,14.8,D,0
-24.3501,150.9365,328.2,1.1,1.1,2014-11-16,0337,Aqua,MODIS,50,6.2,307.5,16.9,D,0
-24.7775,147.8486,334.8,1.7,1.3,2014-11-16,0337,Aqua,MODIS,53,6.2,300.6,50.3,D,0
-24.8924,148.1738,351.5,1.6,1.3,2014-11-16,0337,Aqua,MODIS,93,6.2,308.7,108.8,D,0
-24.8812,148.1706,350.7,1.6,1.3,2014-11-16,0337,Aqua,MODIS,91,6.2,306.7,102.8,D,0
-24.7992,147.639,341.4,1.8,1.3,2014-11-16,0337,Aqua,MODIS,84,6.2,307.3,72.7,D,0
-24.7933,147.6328,342.5,1.8,1.3,2014-11-16,0337,Aqua,MODIS,84,6.2,308.4,79.4,D,0
-24.0386,149.0772,366.1,1.4,1.2,2014-11-16,0337,Aqua,MODIS,100,6.2,312.9,137.9,D,0
-24.0401,149.0637,334.8,1.4,1.2,2014-11-16,0337,Aqua,MODIS,64,6.2,312.9,24.3,D,0
-24.0296,149.0623,332.8,1.4,1.2,2014-11-16,0337,Aqua,MODIS,39,6.2,311.8,21.2,D,0
-24.019,149.0606,333.3,1.4,1.2,2014-11-16,0337,Aqua,MODIS,51,6.2,310.9,23.7,D,0
-24.0206,149.047,333.6,1.4,1.2,2014-11-16,0337,Aqua,MODIS,61,6.2,313.7,22,D,0
-24.01,149.0457,348.6,1.4,1.2,2014-11-16,0337,Aqua,MODIS,91,6.2,312.1,63.1,D,0
-24.0116,149.0321,345.4,1.4,1.2,2014-11-16,0337,Aqua,MODIS,88,6.2,314.3,49,D,0
-24.005,149.0386,361.5,1.4,1.2,2014-11-16,0337,Aqua,MODIS,100,6.2,314,116.1,D,0
-22.6838,150.2802,332,1.2,1.1,2014-11-16,0338,Aqua,MODIS,68,6.2,310.2,16.5,D,0
-23.3474,147.7297,345.7,1.7,1.3,2014-11-16,0338,Aqua,MODIS,87,6.2,316.7,60.9,D,0
-23.3359,147.7283,348.8,1.7,1.3,2014-11-16,0338,Aqua,MODIS,91,6.2,313.7,75,D,0
-23.3376,147.7119,335.2,1.7,1.3,2014-11-16,0338,Aqua,MODIS,35,6.2,314.8,24.7,D,0
-23.3373,147.74,334.6,1.7,1.3,2014-11-16,0338,Aqua,MODIS,39,6.2,311.6,23.1,D,0
-23.3392,147.7236,355.1,1.7,1.3,2014-11-16,0338,Aqua,MODIS,96,6.2,315.4,105,D,0
-20.7435,148.3823,352.1,1.4,1.2,2014-11-16,0338,Aqua,MODIS,94,6.2,309.5,87.9,D,0
-20.7417,148.3971,332.9,1.4,1.2,2014-11-16,0338,Aqua,MODIS,64,6.2,307.4,33.1,D,0
-22.9392,149.8598,329,1.2,1.1,2014-11-16,0338,Aqua,MODIS,49,6.2,312.8,12.6,D,0
-22.9336,149.8231,335.2,1.2,1.1,2014-11-16,0338,Aqua,MODIS,74,6.2,309.6,25,D,0
-16.9561,143.0667,328.3,3,1.7,2014-11-16,0339,Aqua,MODIS,32,6.2,308.3,40.7,D,0
-19.6029,143.0796,332.2,3.3,1.7,2014-11-16,0339,Aqua,MODIS,66,6.2,307.8,71.9,D,0
-17.1107,143.1766,328.9,3,1.6,2014-11-16,0339,Aqua,MODIS,34,6.2,311,31.5,D,0
-19.5874,143.078,343.5,3.3,1.7,2014-11-16,0339,Aqua,MODIS,87,6.2,308.8,169,D,0
-17.1255,143.1782,347.9,3,1.6,2014-11-16,0339,Aqua,MODIS,92,6.2,312,176,D,0
-17.1403,143.1799,346.2,3,1.6,2014-11-16,0339,Aqua,MODIS,90,6.2,313.8,155.8,D,0
-16.9006,143.0268,347.7,3,1.7,2014-11-16,0339,Aqua,MODIS,91,6.2,310,198.1,D,0
-17.0542,143.1349,335.4,3,1.6,2014-11-16,0339,Aqua,MODIS,66,6.2,310.9,78.7,D,0
-19.4564,143.0526,331.3,3.3,1.7,2014-11-16,0339,Aqua,MODIS,58,6.2,309.8,61.2,D,0
-19.5292,143.0646,333.3,3.3,1.7,2014-11-16,0339,Aqua,MODIS,63,6.2,311.5,71.8,D,0
-19.5446,143.0664,333,3.3,1.7,2014-11-16,0339,Aqua,MODIS,61,6.2,310.7,68.5,D,0
-17.3862,142.6901,331.3,3.3,1.7,2014-11-16,0339,Aqua,MODIS,60,6.2,309.2,62.2,D,0
-19.5904,143.0466,328.9,3.3,1.7,2014-11-16,0339,Aqua,MODIS,24,6.2,310.4,44.4,D,0
-19.5755,143.0696,330.7,3.3,1.7,2014-11-16,0339,Aqua,MODIS,42,6.2,310.4,57.6,D,0
-19.1224,142.354,335.7,3.6,1.8,2014-11-16,0339,Aqua,MODIS,78,6.2,306.3,112.1,D,0
-19.4846,142.764,330.9,3.4,1.7,2014-11-16,0339,Aqua,MODIS,51,6.2,310.9,40.8,D,0
-17.1373,143.2077,337.5,3,1.6,2014-11-16,0339,Aqua,MODIS,68,6.2,313.2,83.9,D,0
-19.119,142.3886,333.3,3.6,1.8,2014-11-16,0339,Aqua,MODIS,74,6.2,306.9,87.9,D,0
-19.1143,142.3605,340.1,3.6,1.8,2014-11-16,0339,Aqua,MODIS,84,6.2,307.4,162.4,D,0
-16.971,143.0683,328.7,3,1.7,2014-11-16,0339,Aqua,MODIS,40,6.2,309.1,43.5,D,0
-17.0573,143.1138,341.1,3,1.6,2014-11-16,0339,Aqua,MODIS,84,6.2,313.3,121.6,D,0
-17.1249,143.1828,342.4,3,1.6,2014-11-16,0339,Aqua,MODIS,87,6.2,311.6,125.6,D,0
-17.3893,142.6592,335.9,3.3,1.7,2014-11-16,0339,Aqua,MODIS,81,6.2,307.6,102.8,D,0
-17.1397,143.1845,360.8,3,1.6,2014-11-16,0339,Aqua,MODIS,100,6.2,314.3,324,D,0
-17.1812,143.2173,337.8,3,1.6,2014-11-16,0339,Aqua,MODIS,82,6.2,312.6,85.6,D,0
-17.1842,143.1895,334.4,3,1.6,2014-11-16,0339,Aqua,MODIS,62,6.2,313.1,57,D,0
-17.196,143.2191,331.6,3,1.6,2014-11-16,0339,Aqua,MODIS,64,6.2,311.9,46,D,0
-17.1369,143.2124,332.4,3,1.6,2014-11-16,0339,Aqua,MODIS,55,6.2,313.2,51.3,D,0
-17.1845,143.1967,337.5,3,1.6,2014-11-16,0339,Aqua,MODIS,82,6.2,312.8,79.4,D,0
-19.591,143.071,346.4,3.3,1.7,2014-11-16,0339,Aqua,MODIS,90,6.2,309.2,203,D,0
-17.3343,142.8979,342.5,3.1,1.7,2014-11-16,0339,Aqua,MODIS,87,6.2,311.6,140.6,D,0
-16.9572,143.062,329.1,3,1.7,2014-11-16,0339,Aqua,MODIS,33,6.2,308.5,44.8,D,0
-17.1661,142.8029,331.7,3.2,1.7,2014-11-16,0339,Aqua,MODIS,61,6.2,310.2,56.1,D,0
-17.1225,143.2061,331.7,3,1.6,2014-11-16,0339,Aqua,MODIS,22,6.2,312.5,47.1,D,0
-19.453,142.7606,336.4,3.4,1.7,2014-11-16,0339,Aqua,MODIS,71,6.2,310.7,82,D,0
-19.4814,142.7967,331.3,3.4,1.7,2014-11-16,0339,Aqua,MODIS,49,6.2,311.4,48.9,D,0
-19.4396,142.7849,332.8,3.4,1.7,2014-11-16,0339,Aqua,MODIS,60,6.2,311.6,62.2,D,0
-19.4342,142.7917,331.3,3.4,1.7,2014-11-16,0339,Aqua,MODIS,49,6.2,312.1,53.7,D,0
-17.3647,142.9013,330.5,3.1,1.7,2014-11-16,0339,Aqua,MODIS,33,6.2,312.2,45,D,0
-17.3371,142.8937,341.5,3.1,1.7,2014-11-16,0339,Aqua,MODIS,86,6.2,311.5,128.3,D,0
-17.0573,143.1067,334.9,3,1.6,2014-11-16,0339,Aqua,MODIS,48,6.2,313.7,71.2,D,0
-18.1695,143.7009,333.1,2.8,1.6,2014-11-16,0339,Aqua,MODIS,53,6.2,316,46.3,D,0
-18.1712,143.706,333.8,2.8,1.6,2014-11-16,0339,Aqua,MODIS,74,6.2,316,54.4,D,0
-19.8781,143.9589,336.7,2.8,1.6,2014-11-16,0339,Aqua,MODIS,65,6.2,313.5,81.8,D,0
-19.8635,143.9574,346.5,2.8,1.6,2014-11-16,0339,Aqua,MODIS,89,6.2,313.4,163.5,D,0
-19.8614,143.95,343.9,2.8,1.6,2014-11-16,0339,Aqua,MODIS,86,6.2,313.2,148.3,D,0
-19.8663,143.9294,335.7,2.8,1.6,2014-11-16,0339,Aqua,MODIS,60,6.2,314.4,83.8,D,0
-19.8926,143.9602,335.3,2.8,1.6,2014-11-16,0339,Aqua,MODIS,72,6.2,315.6,69.9,D,0
-14.7376,144.5397,327.6,2.2,1.4,2014-11-16,0340,Aqua,MODIS,62,6.2,302.6,41.5,D,0
-14.6556,142.3259,330.9,3.2,1.7,2014-11-16,0340,Aqua,MODIS,42,6.2,308.2,75.3,D,0
-14.6523,142.33,335.5,3.2,1.7,2014-11-16,0340,Aqua,MODIS,59,6.2,307.4,101.7,D,0
-14.8203,144.4935,336.6,2.2,1.4,2014-11-16,0340,Aqua,MODIS,80,6.2,302.1,76.3,D,0
-14.121,141.7214,324.7,3.5,1.8,2014-11-16,0340,Aqua,MODIS,56,6.2,301.7,53.5,D,0
-14.1149,141.7287,323.5,3.5,1.8,2014-11-16,0340,Aqua,MODIS,35,6.2,302.8,44.3,D,0
-14.8835,143.1324,332.8,2.8,1.6,2014-11-16,0340,Aqua,MODIS,51,6.2,311,61.2,D,0
-13.981,141.8349,327.7,3.4,1.7,2014-11-16,0340,Aqua,MODIS,43,6.2,304.3,64.5,D,0
-13.8752,141.875,347.6,3.4,1.7,2014-11-16,0340,Aqua,MODIS,92,6.2,307.1,245.8,D,0
-13.9843,141.8033,329.6,3.4,1.7,2014-11-16,0340,Aqua,MODIS,55,6.2,305.6,74.1,D,0
-13.9904,141.7999,329.7,3.4,1.7,2014-11-16,0340,Aqua,MODIS,70,6.2,306.7,78.3,D,0
-13.9869,141.8315,336.2,3.4,1.7,2014-11-16,0340,Aqua,MODIS,83,6.2,305.7,135.7,D,0
-14.8261,144.5556,338.8,2.2,1.4,2014-11-16,0340,Aqua,MODIS,83,6.2,303,85.5,D,0
-14.8133,144.554,331.5,2.2,1.4,2014-11-16,0340,Aqua,MODIS,72,6.2,305.6,49.6,D,0
-14.7747,144.5492,333,2.2,1.4,2014-11-16,0340,Aqua,MODIS,75,6.2,304.4,58.1,D,0
-14.7762,144.5443,326.1,2.2,1.4,2014-11-16,0340,Aqua,MODIS,56,6.2,304.2,32.6,D,0
-14.1625,141.734,325.8,3.5,1.8,2014-11-16,0340,Aqua,MODIS,64,6.2,303.5,59.1,D,0
-15.1763,145.2023,326.2,2,1.4,2014-11-16,0340,Aqua,MODIS,30,6.2,306.2,35.3,D,0
-15.1818,145.192,334.8,2,1.4,2014-11-16,0340,Aqua,MODIS,78,6.2,303.9,64.6,D,0
-15.1798,145.2098,332.8,2,1.4,2014-11-16,0340,Aqua,MODIS,62,6.2,305.8,56.5,D,0
-14.8308,144.5153,355.3,2.2,1.4,2014-11-16,0340,Aqua,MODIS,97,6.2,305.8,190.2,D,0
-13.0457,143.3391,318.7,2.5,1.5,2014-11-16,0340,Aqua,MODIS,25,6.2,297.2,35.5,D,0
-14.8285,144.5355,345.6,2.2,1.4,2014-11-16,0340,Aqua,MODIS,90,6.2,305.5,123.9,D,0
-14.8461,144.4967,340,2.2,1.4,2014-11-16,0340,Aqua,MODIS,84,6.2,300.8,93.8,D,0
-14.8776,143.1508,342.1,2.8,1.6,2014-11-16,0340,Aqua,MODIS,87,6.2,310.7,129.2,D,0
-14.6613,142.3907,337.1,3.2,1.7,2014-11-16,0340,Aqua,MODIS,35,6.2,309.8,96.6,D,0
-14.6796,142.3631,331.8,3.2,1.7,2014-11-16,0340,Aqua,MODIS,38,6.2,312.1,63.2,D,0
-14.8413,144.5371,378.3,2.2,1.4,2014-11-16,0340,Aqua,MODIS,100,6.2,305.7,416.8,D,0
-14.8332,144.4951,358.5,2.2,1.4,2014-11-16,0340,Aqua,MODIS,99,6.2,303.6,217.1,D,0
-14.6642,142.3865,343.1,3.2,1.7,2014-11-16,0340,Aqua,MODIS,81,6.2,310.7,160.8,D,0
-14.6644,142.3613,349.4,3.2,1.7,2014-11-16,0340,Aqua,MODIS,93,6.2,312.5,222.8,D,0
-14.6492,142.3596,352.7,3.2,1.7,2014-11-16,0340,Aqua,MODIS,95,6.2,309.1,271.5,D,0
-14.6523,142.3554,357.2,3.2,1.7,2014-11-16,0340,Aqua,MODIS,98,6.2,310.3,340.1,D,0
-14.6675,142.3571,341.9,3.2,1.7,2014-11-16,0340,Aqua,MODIS,83,6.2,312.2,154.1,D,0
-14.895,143.16,332.6,2.8,1.6,2014-11-16,0340,Aqua,MODIS,70,6.2,314.6,60.5,D,0
-14.8437,144.5169,380,2.2,1.4,2014-11-16,0340,Aqua,MODIS,100,6.2,305.1,436.4,D,0
-14.8806,143.1584,350.7,2.8,1.6,2014-11-16,0340,Aqua,MODIS,94,6.2,312,201.8,D,0
-14.7589,144.6884,346.5,2.1,1.4,2014-11-16,0340,Aqua,MODIS,90,6.2,306.7,122.3,D,0
-14.7612,144.6686,353.5,2.1,1.4,2014-11-16,0340,Aqua,MODIS,96,6.2,307.3,165.9,D,0
-14.7724,144.5694,325.6,2.2,1.4,2014-11-16,0340,Aqua,MODIS,42,6.2,303.9,27.4,D,0
-14.8109,144.5741,344.5,2.2,1.4,2014-11-16,0340,Aqua,MODIS,89,6.2,307,111.9,D,0
-14.8238,144.5756,333.5,2.2,1.4,2014-11-16,0340,Aqua,MODIS,75,6.2,303.3,58.9,D,0
-14.7958,144.5925,339.4,2.1,1.4,2014-11-16,0340,Aqua,MODIS,83,6.2,305.9,85.4,D,0
-14.8086,144.594,344.7,2.1,1.4,2014-11-16,0340,Aqua,MODIS,89,6.2,305.4,112.1,D,0
-14.7418,144.7223,328.2,2.1,1.4,2014-11-16,0340,Aqua,MODIS,57,6.2,303.7,42.7,D,0
-15.0618,145.0908,335,2,1.4,2014-11-16,0340,Aqua,MODIS,75,6.2,304.1,66.2,D,0
-14.7443,144.7016,328.4,2.1,1.4,2014-11-16,0340,Aqua,MODIS,53,6.2,305.4,40,D,0
-14.7618,144.6635,341.3,2.1,1.4,2014-11-16,0340,Aqua,MODIS,86,6.2,307,95,D,0
-14.7594,144.6833,354.6,2.1,1.4,2014-11-16,0340,Aqua,MODIS,96,6.2,307.3,174.2,D,0
-14.797,144.5874,330.6,2.1,1.4,2014-11-16,0340,Aqua,MODIS,71,6.2,305.9,44.7,D,0
-14.7737,144.5644,331.8,2.2,1.4,2014-11-16,0340,Aqua,MODIS,73,6.2,304,53,D,0
-14.7745,144.6653,326.3,2.1,1.4,2014-11-16,0340,Aqua,MODIS,44,6.2,306.4,33.8,D,0
-14.7945,144.6074,331.5,2.1,1.4,2014-11-16,0340,Aqua,MODIS,60,6.2,305.2,46.1,D,0
-12.7225,142.8292,318.7,2.7,1.6,2014-11-16,0341,Aqua,MODIS,43,6.2,299.3,27.6,D,0
-12.3321,142.9331,317.9,2.7,1.6,2014-11-16,0341,Aqua,MODIS,58,6.2,300.2,27.1,D,0
-12.5683,142.8824,333,2.7,1.6,2014-11-16,0341,Aqua,MODIS,85,6.2,301.1,92.1,D,0
-12.3229,142.9389,320.5,2.7,1.6,2014-11-16,0341,Aqua,MODIS,66,6.2,300.1,36,D,0
-12.0836,142.3703,336.7,2.9,1.6,2014-11-16,0341,Aqua,MODIS,88,6.2,303.8,112.1,D,0
-12.3292,142.9568,318.4,2.6,1.6,2014-11-16,0341,Aqua,MODIS,55,6.2,300.5,26.4,D,0
-12.8712,143.5132,316.5,2.4,1.5,2014-11-16,0341,Aqua,MODIS,0,6.2,297.8,22.7,D,0
-11.1487,142.3565,391.1,2.8,1.6,2014-11-16,0341,Aqua,MODIS,100,6.2,304.8,873.9,D,0
-12.2986,142.8542,322.8,2.7,1.6,2014-11-16,0341,Aqua,MODIS,76,6.2,300.5,46.2,D,0
-12.0774,142.4234,326.9,2.9,1.6,2014-11-16,0341,Aqua,MODIS,38,6.2,304.2,46.6,D,0
-11.1462,142.3493,371.3,2.8,1.6,2014-11-16,0341,Aqua,MODIS,100,6.2,302.8,490.9,D,0
-12.0579,142.4406,323.2,2.9,1.6,2014-11-16,0341,Aqua,MODIS,27,6.2,304.4,26.9,D,0
-12.9403,143.4595,324,2.5,1.5,2014-11-16,0341,Aqua,MODIS,67,6.2,296.6,57.8,D,0
-12.0743,142.3073,323.8,2.9,1.6,2014-11-16,0341,Aqua,MODIS,39,6.2,300,39.5,D,0
-11.1457,142.3822,338.6,2.8,1.6,2014-11-16,0341,Aqua,MODIS,89,6.2,304.2,125,D,0
-11.1574,142.3767,335.3,2.8,1.6,2014-11-16,0341,Aqua,MODIS,87,6.2,302.9,103.7,D,0
-11.143,142.375,356.6,2.8,1.6,2014-11-16,0341,Aqua,MODIS,98,6.2,304.8,288.2,D,0
-12.2957,142.879,328.4,2.7,1.6,2014-11-16,0341,Aqua,MODIS,81,6.2,300.7,74.3,D,0
-11.1607,142.351,336.3,2.8,1.6,2014-11-16,0341,Aqua,MODIS,87,6.2,302.1,116.4,D,0
-12.8797,142.4087,324.2,3,1.6,2014-11-16,0341,Aqua,MODIS,55,6.2,294.2,43,D,0
-12.2928,142.9038,324.7,2.7,1.6,2014-11-16,0341,Aqua,MODIS,78,6.2,300.7,53.5,D,0
-12.5653,142.9077,324.1,2.7,1.6,2014-11-16,0341,Aqua,MODIS,67,6.2,300.4,48.8,D,0
-29.5123,124.8099,364.1,1.5,1.2,2014-11-16,0515,Aqua,MODIS,100,6.2,310.8,151.5,D,0
-29.4901,124.8068,330.8,1.5,1.2,2014-11-16,0515,Aqua,MODIS,61,6.2,310.5,28.2,D,0
-29.4893,124.7999,328.7,1.5,1.2,2014-11-16,0515,Aqua,MODIS,37,6.2,312.1,23.4,D,0
-29.5362,124.797,332.6,1.5,1.2,2014-11-16,0515,Aqua,MODIS,61,6.2,312.9,26.3,D,0
-29.5345,124.8129,332.6,1.5,1.2,2014-11-16,0515,Aqua,MODIS,69,6.2,309.7,27.1,D,0
-29.5234,124.8114,376.1,1.5,1.2,2014-11-16,0515,Aqua,MODIS,100,6.2,312.1,226.4,D,0
-17.5623,135.2288,345.8,2.9,1.6,2014-11-16,0517,Aqua,MODIS,89,6.2,311.8,172.7,D,0
-20.4517,118.5884,365.7,3.2,1.7,2014-11-16,0517,Aqua,MODIS,100,6.2,302.5,475.3,D,0
-20.4363,118.5867,359.2,3.2,1.7,2014-11-16,0517,Aqua,MODIS,99,6.2,303.2,374.7,D,0
-20.4402,118.5823,356.1,3.2,1.7,2014-11-16,0517,Aqua,MODIS,97,6.2,303.6,328.6,D,0
-20.4546,118.5574,349.6,3.2,1.7,2014-11-16,0517,Aqua,MODIS,93,6.2,302.3,256,D,0
-20.4392,118.5558,329,3.2,1.7,2014-11-16,0517,Aqua,MODIS,72,6.2,301.7,69.4,D,0
-14.3415,134.82,335,3.1,1.7,2014-11-16,0518,Aqua,MODIS,76,6.2,308.1,73,D,0
-17.1024,133.6423,333.3,2.2,1.5,2014-11-16,0518,Aqua,MODIS,72,6.2,308.9,51.1,D,0
-16.9133,133.9557,341.5,2.4,1.5,2014-11-16,0518,Aqua,MODIS,84,6.2,310.3,95.2,D,0
-16.9174,133.9335,340.3,2.4,1.5,2014-11-16,0518,Aqua,MODIS,78,6.2,309.4,89.2,D,0
-16.9178,133.9491,349.6,2.4,1.5,2014-11-16,0518,Aqua,MODIS,92,6.2,311.3,152.8,D,0
-14.4225,134.6326,332.7,3,1.7,2014-11-16,0518,Aqua,MODIS,71,6.2,312.7,62.8,D,0
-17.1396,132.9922,333.2,2,1.4,2014-11-16,0518,Aqua,MODIS,50,6.2,302.5,35.4,D,0
-14.4175,134.6597,340.6,3,1.7,2014-11-16,0518,Aqua,MODIS,84,6.2,313.8,126,D,0
-16.8654,132.9003,337.8,2,1.4,2014-11-16,0518,Aqua,MODIS,55,6.2,308.1,45.9,D,0
-16.8687,132.8818,341.2,2,1.4,2014-11-16,0518,Aqua,MODIS,74,6.2,306.6,65.1,D,0
-16.8498,132.9166,341.1,2,1.4,2014-11-16,0518,Aqua,MODIS,77,6.2,308.7,61.2,D,0
-16.8493,132.7593,342.2,2,1.4,2014-11-16,0518,Aqua,MODIS,70,6.2,310.9,72.9,D,0
-16.8524,132.7412,336.8,1.9,1.4,2014-11-16,0518,Aqua,MODIS,40,6.2,306.5,50,D,0
-16.8205,136.2823,335.2,3.6,1.8,2014-11-16,0518,Aqua,MODIS,78,6.2,309.6,95.1,D,0
-16.827,136.2497,343.4,3.6,1.8,2014-11-16,0518,Aqua,MODIS,87,6.2,309.4,177.1,D,0
-16.8271,136.2758,344.9,3.6,1.8,2014-11-16,0518,Aqua,MODIS,89,6.2,310.5,203.1,D,0
-16.8334,136.2431,339.2,3.6,1.8,2014-11-16,0518,Aqua,MODIS,83,6.2,310.2,137.7,D,0
-17.1056,135.4528,334.2,3.1,1.7,2014-11-16,0518,Aqua,MODIS,67,6.2,307.4,79.9,D,0
-17.108,135.4486,337,3.1,1.7,2014-11-16,0518,Aqua,MODIS,80,6.2,307,100.4,D,0
-14.8545,133.1837,329.2,2.3,1.5,2014-11-16,0518,Aqua,MODIS,55,6.2,305.6,42.6,D,0
-14.8441,133.1746,331.4,2.3,1.5,2014-11-16,0518,Aqua,MODIS,52,6.2,305.6,54,D,0
-14.8714,131.9632,339.7,1.9,1.3,2014-11-16,0518,Aqua,MODIS,62,6.2,309.6,57.7,D,0
-14.3376,134.8409,353.3,3.1,1.7,2014-11-16,0518,Aqua,MODIS,95,6.2,309.5,260.1,D,0
-15.9513,129.2775,345.3,1.2,1.1,2014-11-16,0518,Aqua,MODIS,73,6.2,313.9,37.2,D,0
-15.949,129.2827,343.9,1.2,1.1,2014-11-16,0518,Aqua,MODIS,46,6.2,314,32.9,D,0
-16.325,130.0845,351.5,1.3,1.1,2014-11-16,0518,Aqua,MODIS,88,6.2,312.6,55.2,D,0
-16.3168,130.0704,380.7,1.3,1.1,2014-11-16,0518,Aqua,MODIS,94,6.2,314,194.5,D,0
-16.3086,130.0565,356.4,1.3,1.1,2014-11-16,0518,Aqua,MODIS,0,6.2,302.8,79.5,D,0
-16.2743,130.0814,363.2,1.3,1.1,2014-11-16,0518,Aqua,MODIS,100,6.2,313.9,107.5,D,0
-16.2763,130.0691,357.1,1.3,1.1,2014-11-16,0518,Aqua,MODIS,74,6.2,307.4,81.4,D,0
-16.0224,129.3348,337.9,1.2,1.1,2014-11-16,0518,Aqua,MODIS,46,6.2,312.1,23.4,D,0
-14.3969,134.1017,333.3,2.8,1.6,2014-11-16,0518,Aqua,MODIS,44,6.2,311.8,46.2,D,0
-14.4077,134.6299,330.2,3,1.7,2014-11-16,0518,Aqua,MODIS,30,6.2,310,45,D,0
-18.6134,126.8904,331,1,1,2014-11-16,0518,Aqua,MODIS,54,6.2,298,9.5,D,0
-18.6035,126.8917,386.1,1,1,2014-11-16,0518,Aqua,MODIS,100,6.2,308.1,157.7,D,0
-16.7215,129.3228,363.1,1.2,1.1,2014-11-16,0518,Aqua,MODIS,100,6.2,319.7,86.8,D,0
-16.4918,133.6597,350.6,2.3,1.5,2014-11-16,0518,Aqua,MODIS,0,6.2,298.3,169.7,D,0
-16.4797,133.6741,335.2,2.3,1.5,2014-11-16,0518,Aqua,MODIS,59,6.2,302.1,74.2,D,0
-16.4835,133.6528,342.9,2.3,1.5,2014-11-16,0518,Aqua,MODIS,81,6.2,303.2,117.1,D,0
-16.4666,133.6715,340.4,2.3,1.5,2014-11-16,0518,Aqua,MODIS,66,6.2,307.1,103.3,D,0
-16.4208,130.3866,348.5,1.4,1.2,2014-11-16,0518,Aqua,MODIS,77,6.2,307.2,64.3,D,0
-14.4175,134.652,337.6,3,1.7,2014-11-16,0518,Aqua,MODIS,76,6.2,313.7,97.8,D,0
-14.4136,134.0738,331.3,2.7,1.6,2014-11-16,0518,Aqua,MODIS,29,6.2,309.4,35.7,D,0
-14.3173,134.867,331.5,3.2,1.7,2014-11-16,0518,Aqua,MODIS,58,6.2,310.2,57.7,D,0
-14.3361,134.8484,351.6,3.1,1.7,2014-11-16,0518,Aqua,MODIS,94,6.2,310,240.3,D,0
-14.3511,134.8515,333.6,3.1,1.7,2014-11-16,0518,Aqua,MODIS,74,6.2,309.9,65.6,D,0
-14.3323,134.87,334.9,3.2,1.7,2014-11-16,0518,Aqua,MODIS,76,6.2,310.9,85.3,D,0
-14.3525,134.8439,330.4,3.1,1.7,2014-11-16,0518,Aqua,MODIS,59,6.2,309.9,44.2,D,0
-15.2982,128.9945,348.1,1.2,1.1,2014-11-16,0518,Aqua,MODIS,86,6.2,300.1,51.2,D,0
-16.7757,129.3166,370.7,1.2,1.1,2014-11-16,0518,Aqua,MODIS,100,6.2,309.3,121,D,0
-16.7715,129.3202,360.8,1.2,1.1,2014-11-16,0518,Aqua,MODIS,100,6.2,308.5,82.1,D,0
-16.774,129.3275,341.2,1.2,1.1,2014-11-16,0518,Aqua,MODIS,28,6.2,305.7,28.5,D,0
-15.2755,129.013,338.7,1.2,1.1,2014-11-16,0518,Aqua,MODIS,51,6.2,306.5,27,D,0
-15.2903,128.9821,359.3,1.2,1.1,2014-11-16,0518,Aqua,MODIS,99,6.2,310,80.7,D,0
-15.2823,128.9696,339.6,1.2,1.1,2014-11-16,0518,Aqua,MODIS,76,6.2,309.4,25.8,D,0
-15.2886,128.9929,339,1.2,1.1,2014-11-16,0518,Aqua,MODIS,52,6.2,307.9,26.6,D,0
-15.2999,128.9837,352.1,1.2,1.1,2014-11-16,0518,Aqua,MODIS,94,6.2,308.1,62.1,D,0
-16.8195,122.7204,331.2,1.4,1.2,2014-11-16,0518,Aqua,MODIS,52,6.2,304.8,21.7,D,0
-15.2806,128.9804,342.4,1.2,1.1,2014-11-16,0518,Aqua,MODIS,82,6.2,310,31.4,D,0
-15.2726,128.968,340.5,1.2,1.1,2014-11-16,0518,Aqua,MODIS,83,6.2,311.4,28.5,D,0
-14.2139,136.5287,336,4.2,1.9,2014-11-16,0518,Aqua,MODIS,58,6.2,301.6,203.7,D,0
-14.0021,134.7507,332,3.1,1.7,2014-11-16,0518,Aqua,MODIS,39,6.2,312.1,49.4,D,0
-14.0007,134.7581,335.3,3.1,1.7,2014-11-16,0518,Aqua,MODIS,59,6.2,313.1,69.9,D,0
-13.9239,135.0096,339,3.3,1.7,2014-11-16,0518,Aqua,MODIS,82,6.2,310.2,120.4,D,0
-13.9183,135.0404,335.1,3.3,1.7,2014-11-16,0518,Aqua,MODIS,71,6.2,310.9,91,D,0
-15.2327,128.9557,342.7,1.2,1.1,2014-11-16,0518,Aqua,MODIS,85,6.2,312.3,34.6,D,0
-15.1495,128.9573,336.1,1.2,1.1,2014-11-16,0518,Aqua,MODIS,41,6.2,314,11.6,D,0
-15.2213,128.9649,337,1.2,1.1,2014-11-16,0518,Aqua,MODIS,34,6.2,313,16,D,0
-15.1592,128.9589,339.1,1.2,1.1,2014-11-16,0518,Aqua,MODIS,75,6.2,314.3,17.9,D,0
-15.2083,128.985,336.4,1.2,1.1,2014-11-16,0518,Aqua,MODIS,44,6.2,313.1,15,D,0
-15.1205,128.9525,361.6,1.2,1.1,2014-11-16,0518,Aqua,MODIS,100,6.2,311.5,81.3,D,0
-15.0568,128.4853,333.2,1.1,1.1,2014-11-16,0518,Aqua,MODIS,74,6.2,312.4,17.1,D,0
-15.0552,128.4956,333.2,1.1,1.1,2014-11-16,0518,Aqua,MODIS,69,6.2,311.8,16.9,D,0
-15.1302,128.9541,335,1.2,1.1,2014-11-16,0518,Aqua,MODIS,46,6.2,311.5,12,D,0
-15.1092,128.9617,352.2,1.2,1.1,2014-11-16,0518,Aqua,MODIS,94,6.2,311.9,54.5,D,0
-15.1109,128.9509,349.1,1.2,1.1,2014-11-16,0518,Aqua,MODIS,92,6.2,311.2,43.4,D,0
-15.2423,128.9573,343.3,1.2,1.1,2014-11-16,0518,Aqua,MODIS,86,6.2,310.7,36.4,D,0
-16.2481,130.3633,335.6,1.4,1.2,2014-11-16,0518,Aqua,MODIS,38,6.2,310.8,13.2,D,0
-16.3351,130.0862,358.2,1.3,1.1,2014-11-16,0518,Aqua,MODIS,86,6.2,311.3,85.6,D,0
-15.088,128.5076,353.7,1.1,1.1,2014-11-16,0518,Aqua,MODIS,96,6.2,312.1,53.4,D,0
-16.2435,130.3431,338.5,1.4,1.2,2014-11-16,0518,Aqua,MODIS,45,6.2,312.2,24.9,D,0
-16.2439,130.3241,338.2,1.4,1.2,2014-11-16,0518,Aqua,MODIS,50,6.2,308.9,20,D,0
-15.0613,128.4926,341.8,1.1,1.1,2014-11-16,0518,Aqua,MODIS,71,6.2,313.7,27.8,D,0
-15.26,128.9713,340.7,1.2,1.1,2014-11-16,0518,Aqua,MODIS,82,6.2,311.9,30.6,D,0
-15.263,128.9664,366.8,1.2,1.1,2014-11-16,0518,Aqua,MODIS,100,6.2,312.3,106.7,D,0
-15.231,128.9665,332.8,1.2,1.1,2014-11-16,0518,Aqua,MODIS,46,6.2,308.9,13.1,D,0
-15.1022,128.5418,332.5,1.1,1.1,2014-11-16,0518,Aqua,MODIS,45,6.2,310.2,13.2,D,0
-15.21,128.9741,362.6,1.2,1.1,2014-11-16,0518,Aqua,MODIS,100,6.2,314.5,84,D,0
-15.2616,128.9605,340.7,1.2,1.1,2014-11-16,0518,Aqua,MODIS,83,6.2,310.6,31.6,D,0
-15.173,128.9568,344.3,1.2,1.1,2014-11-16,0518,Aqua,MODIS,87,6.2,313.7,31,D,0
-15.1672,128.9714,340.7,1.2,1.1,2014-11-16,0518,Aqua,MODIS,83,6.2,314.4,21.3,D,0
-15.223,128.9541,337.3,1.2,1.1,2014-11-16,0518,Aqua,MODIS,52,6.2,313.4,19.6,D,0
-15.1189,128.9633,368.1,1.2,1.1,2014-11-16,0518,Aqua,MODIS,100,6.2,312.2,108.5,D,0
-15.1713,128.9677,355.3,1.2,1.1,2014-11-16,0518,Aqua,MODIS,96,6.2,314.1,59.1,D,0
-15.1689,128.9605,351.2,1.2,1.1,2014-11-16,0518,Aqua,MODIS,93,6.2,314.9,46.5,D,0
-16.2416,130.3555,338.7,1.4,1.2,2014-11-16,0518,Aqua,MODIS,64,6.2,313,25.5,D,0
-15.2407,128.9681,351.3,1.2,1.1,2014-11-16,0518,Aqua,MODIS,93,6.2,310.8,54.5,D,0
-16.4687,130.337,354.2,1.3,1.1,2014-11-16,0518,Aqua,MODIS,90,6.2,309.1,76.5,D,0
-16.0544,129.7929,354.2,1.3,1.1,2014-11-16,0518,Aqua,MODIS,84,6.2,310,67,D,0
-16.0443,129.7911,360.9,1.3,1.1,2014-11-16,0518,Aqua,MODIS,100,6.2,314.2,88.6,D,0
-15.2197,128.9757,346.3,1.2,1.1,2014-11-16,0518,Aqua,MODIS,89,6.2,312.7,35.6,D,0
-16.4563,130.3479,336.8,1.3,1.2,2014-11-16,0518,Aqua,MODIS,48,6.2,311.6,24.8,D,0
-16.0523,129.798,368.2,1.3,1.1,2014-11-16,0518,Aqua,MODIS,94,6.2,310.5,125.2,D,0
-15.2277,128.9882,333.5,1.2,1.1,2014-11-16,0518,Aqua,MODIS,48,6.2,309,14.3,D,0
-16.2501,130.3509,362.9,1.4,1.2,2014-11-16,0518,Aqua,MODIS,100,6.2,314.3,102.8,D,0
-15.084,125.1778,341.9,1,1,2014-11-16,0519,Aqua,MODIS,0,6.2,298.2,38,D,0
-15.0776,125.1712,379.6,1,1,2014-11-16,0519,Aqua,MODIS,100,6.2,302.3,150.3,D,3
-15.0853,125.1682,384.5,1,1,2014-11-16,0519,Aqua,MODIS,100,6.2,302.5,173.7,D,3
-13.6722,135.4709,338.6,3.6,1.8,2014-11-16,0519,Aqua,MODIS,81,6.2,308.9,151.5,D,0
-13.6782,135.4379,333.3,3.6,1.8,2014-11-16,0519,Aqua,MODIS,61,6.2,308.2,102.6,D,0
-13.681,135.4812,338.8,3.6,1.8,2014-11-16,0519,Aqua,MODIS,81,6.2,310.3,145.4,D,0
-13.6872,135.4482,329.9,3.6,1.8,2014-11-16,0519,Aqua,MODIS,17,6.2,309.3,61.9,D,0
-13.4544,133.6896,335.8,2.7,1.6,2014-11-16,0519,Aqua,MODIS,65,6.2,312.4,75.7,D,0
-13.4501,133.7144,343.7,2.7,1.6,2014-11-16,0519,Aqua,MODIS,88,6.2,314.4,124.5,D,0
-13.5154,134.5668,328.9,3.1,1.7,2014-11-16,0519,Aqua,MODIS,53,6.2,308.9,36.1,D,0
-13.4548,133.7225,335.4,2.7,1.6,2014-11-16,0519,Aqua,MODIS,58,6.2,314.5,65.9,D,0
-13.4592,133.6979,338.9,2.7,1.6,2014-11-16,0519,Aqua,MODIS,76,6.2,313.5,95.6,D,0
-13.5014,134.5567,328.2,3.1,1.7,2014-11-16,0519,Aqua,MODIS,13,6.2,308.6,30,D,0
-13.5152,133.7086,333.7,2.7,1.6,2014-11-16,0519,Aqua,MODIS,54,6.2,311.8,56.6,D,0
-13.5277,133.7416,333.7,2.7,1.6,2014-11-16,0519,Aqua,MODIS,54,6.2,313.1,53.4,D,0
-13.5108,133.7334,338.1,2.7,1.6,2014-11-16,0519,Aqua,MODIS,80,6.2,311.9,81.5,D,0
-13.7386,135.5265,329.4,3.6,1.8,2014-11-16,0519,Aqua,MODIS,41,6.2,310,65.7,D,0
-14.422,131.5702,329.2,1.8,1.3,2014-11-16,0519,Aqua,MODIS,36,6.2,301.7,25.5,D,0
-42.3594,147.6015,300.8,1.1,1.1,2014-11-16,1257,Terra,MODIS,34,6.2,280.4,9.3,N,0
-41.8243,147.4077,300.3,1.1,1.1,2014-11-16,1257,Terra,MODIS,25,6.2,281.3,8.8,N,0
-40.9903,147.5928,324.2,1.1,1,2014-11-16,1258,Terra,MODIS,100,6.2,282.8,29.4,N,0
-30.4737,148.0646,315.1,1,1,2014-11-16,1300,Terra,MODIS,91,6.2,286.5,15.7,N,0
-31.4318,152.2434,303.1,1.5,1.2,2014-11-16,1300,Terra,MODIS,53,6.2,289.1,10.6,N,0
-26.8885,150.5429,301.9,1.4,1.2,2014-11-16,1301,Terra,MODIS,26,6.2,291.4,5,N,0
-24.763,148.0431,314.1,1.1,1.1,2014-11-16,1302,Terra,MODIS,64,6.2,290.7,13.3,N,0
-24.7172,145.0667,317.2,1,1,2014-11-16,1302,Terra,MODIS,94,6.2,297.4,12.4,N,0
-24.7186,145.0567,310.6,1,1,2014-11-16,1302,Terra,MODIS,76,6.2,297.6,7,N,0
-24.8036,147.8477,320.3,1.1,1,2014-11-16,1302,Terra,MODIS,100,6.2,296.5,17.4,N,0
-23.3357,147.7399,309.3,1.1,1.1,2014-11-16,1302,Terra,MODIS,23,6.2,297.1,6.2,N,0
-23.3375,147.7289,314.4,1.1,1.1,2014-11-16,1302,Terra,MODIS,80,6.2,297.6,10.7,N,0
-23.3392,147.718,310.4,1.1,1.1,2014-11-16,1302,Terra,MODIS,12,6.2,296.8,6.9,N,0
-23.328,147.7271,316.5,1.1,1.1,2014-11-16,1302,Terra,MODIS,93,6.2,297.6,12.8,N,0
-23.3185,147.7252,316.1,1.1,1.1,2014-11-16,1302,Terra,MODIS,89,6.2,297.6,12.6,N,0
-24.7609,147.8731,331.2,1.1,1,2014-11-16,1302,Terra,MODIS,100,6.2,298.3,30.9,N,0
-24.7591,147.8842,331.8,1.1,1,2014-11-16,1302,Terra,MODIS,100,6.2,298.8,32.1,N,0
-24.8164,147.8279,310.4,1.1,1,2014-11-16,1302,Terra,MODIS,12,6.2,296,7.5,N,0
-24.7575,147.8948,308.7,1.1,1,2014-11-16,1302,Terra,MODIS,34,6.2,296.7,6.4,N,0
-24.813,147.8495,307.8,1.1,1,2014-11-16,1302,Terra,MODIS,38,6.2,295.1,6.7,N,0
-24.847,147.8515,304.4,1.1,1,2014-11-16,1302,Terra,MODIS,51,6.2,292.3,6.4,N,0
-24.8368,147.8207,314.6,1.1,1,2014-11-16,1302,Terra,MODIS,89,6.2,295.1,13.2,N,0
-24.8197,147.8065,335.3,1.1,1,2014-11-16,1302,Terra,MODIS,100,6.2,296.7,39.4,N,0
-24.8384,147.81,318.1,1.1,1,2014-11-16,1302,Terra,MODIS,96,6.2,294.8,17.2,N,0
-24.818,147.8172,339,1.1,1,2014-11-16,1302,Terra,MODIS,100,6.2,298.5,45.3,N,0
-24.8291,147.8082,332.1,1.1,1,2014-11-16,1302,Terra,MODIS,100,6.2,298.6,34.6,N,0
-24.8274,147.8189,313.9,1.1,1,2014-11-16,1302,Terra,MODIS,88,6.2,296.4,11.7,N,0
-24.7644,147.8509,318,1.1,1,2014-11-16,1302,Terra,MODIS,89,6.2,297.1,14.3,N,0
-24.7596,148.0648,316.4,1.1,1.1,2014-11-16,1302,Terra,MODIS,93,6.2,297.3,14,N,0
-24.7627,147.8618,323.7,1.1,1,2014-11-16,1302,Terra,MODIS,100,6.2,297.8,20.6,N,0
-24.8601,148.1361,331.2,1.1,1.1,2014-11-16,1302,Terra,MODIS,94,6.2,292.3,33.4,N,0
-24.7784,148.0693,311.8,1.1,1.1,2014-11-16,1302,Terra,MODIS,58,6.2,295.7,9.1,N,0
-24.7802,148.058,319,1.1,1.1,2014-11-16,1302,Terra,MODIS,98,6.2,297.4,16.9,N,0
-24.807,147.8262,343.1,1.1,1,2014-11-16,1302,Terra,MODIS,100,6.2,301.5,52.8,N,0
-24.8053,147.837,336.1,1.1,1,2014-11-16,1302,Terra,MODIS,100,6.2,300.5,38.9,N,0
-24.8249,148.0502,309.6,1.1,1.1,2014-11-16,1302,Terra,MODIS,41,6.2,296.2,7.4,N,0
-24.7708,148.0554,321.8,1.1,1.1,2014-11-16,1302,Terra,MODIS,100,6.2,297.4,20,N,0
-24.6633,148.0294,309.6,1.1,1.1,2014-11-16,1302,Terra,MODIS,37,6.2,288.4,11.2,N,0
-24.6669,148.007,312.6,1.1,1.1,2014-11-16,1302,Terra,MODIS,3,6.2,288.4,10.6,N,0
-24.7672,148.0784,315.7,1.1,1.1,2014-11-16,1302,Terra,MODIS,92,6.2,296.1,13.3,N,0
-24.769,148.067,342.3,1.1,1.1,2014-11-16,1302,Terra,MODIS,100,6.2,299.6,52.1,N,0
-24.7959,147.8353,340.2,1.1,1,2014-11-16,1302,Terra,MODIS,100,6.2,298.6,46.4,N,0
-24.7976,147.8245,326,1.1,1,2014-11-16,1302,Terra,MODIS,99,6.2,295.7,24.1,N,0
-24.7661,147.8403,318,1.1,1,2014-11-16,1302,Terra,MODIS,90,6.2,295.9,14.8,N,0
-24.7614,148.0536,319.2,1.1,1.1,2014-11-16,1302,Terra,MODIS,91,6.2,296.8,17.5,N,0
-24.7533,147.8601,309.5,1.1,1,2014-11-16,1302,Terra,MODIS,26,6.2,296.7,7.2,N,0
-24.6927,147.9668,315.9,1.1,1.1,2014-11-16,1302,Terra,MODIS,62,6.2,290.2,11.2,N,0
-24.7888,147.6357,323.6,1.1,1,2014-11-16,1302,Terra,MODIS,100,6.2,297.1,21.2,N,0
-24.691,147.9774,336.2,1.1,1.1,2014-11-16,1302,Terra,MODIS,100,6.2,296.9,39.5,N,0
-24.9056,148.1844,328.7,1.1,1.1,2014-11-16,1302,Terra,MODIS,100,6.2,293.6,29.7,N,0
-24.7669,147.8965,312.9,1.1,1,2014-11-16,1302,Terra,MODIS,86,6.2,296.3,10.2,N,0
-24.7005,147.9791,321.7,1.1,1.1,2014-11-16,1302,Terra,MODIS,71,6.2,296.4,18.6,N,0
-24.8078,148.0063,317.2,1.1,1.1,2014-11-16,1302,Terra,MODIS,95,6.2,298.4,15.5,N,0
-24.867,148.0922,315.6,1.1,1.1,2014-11-16,1302,Terra,MODIS,81,6.2,295.4,12.5,N,0
-24.9641,148.1856,311.6,1.1,1.1,2014-11-16,1302,Terra,MODIS,61,6.2,295.1,10.1,N,0
-24.0397,149.084,308.7,1.3,1.1,2014-11-16,1302,Terra,MODIS,28,6.2,292.7,8.6,N,0
-24.0296,149.0819,310.9,1.3,1.1,2014-11-16,1302,Terra,MODIS,25,6.2,293.9,11.9,N,0
-24.8619,148.1247,324,1.1,1.1,2014-11-16,1302,Terra,MODIS,100,6.2,295.7,22.1,N,0
-23.3636,150.2028,305.4,1.5,1.2,2014-11-16,1302,Terra,MODIS,64,6.2,293.1,10.1,N,0
-19.8389,143.9529,320.5,1,1,2014-11-16,1303,Terra,MODIS,100,6.2,297,16.1,N,0
-19.8375,143.9625,319.6,1,1,2014-11-16,1303,Terra,MODIS,99,6.2,297.4,14.9,N,0
-19.8308,144.0105,313.1,1,1,2014-11-16,1303,Terra,MODIS,85,6.2,296.5,9.6,N,0
-19.448,143.0583,313.9,1.1,1,2014-11-16,1303,Terra,MODIS,86,6.2,299.4,10,N,0
-19.8492,143.9448,314.9,1,1,2014-11-16,1303,Terra,MODIS,30,6.2,297.5,10,N,0
-19.5385,143.0683,333,1.1,1,2014-11-16,1303,Terra,MODIS,100,6.2,299.9,32.2,N,0
-19.8295,144.0201,322.4,1,1,2014-11-16,1303,Terra,MODIS,100,6.2,297.2,18,N,0
-19.8205,144.0186,308.2,1,1,2014-11-16,1303,Terra,MODIS,71,6.2,295.8,6.4,N,0
-19.8218,144.009,322.4,1,1,2014-11-16,1303,Terra,MODIS,100,6.2,296.8,18.6,N,0
-19.9333,143.935,309.7,1,1,2014-11-16,1303,Terra,MODIS,76,6.2,298.1,6.6,N,0
-19.9346,143.9253,343.6,1,1,2014-11-16,1303,Terra,MODIS,100,6.2,299.2,48,N,0
-19.8903,143.9808,307.9,1,1,2014-11-16,1303,Terra,MODIS,31,6.2,297,5.4,N,0
-19.8917,143.9712,317.7,1,1,2014-11-16,1303,Terra,MODIS,95,6.2,297.7,12.9,N,0
-19.8813,143.9794,310.2,1,1,2014-11-16,1303,Terra,MODIS,21,6.2,297.2,6.6,N,0
-19.8556,143.9655,315.4,1,1,2014-11-16,1303,Terra,MODIS,54,6.2,297.4,9.7,N,0
-19.8465,143.964,320.5,1,1,2014-11-16,1303,Terra,MODIS,90,6.2,298.3,14.9,N,0
-19.8479,143.9544,318.9,1,1,2014-11-16,1303,Terra,MODIS,73,6.2,298.8,13.3,N,0
-19.4831,142.8689,318.7,1.1,1,2014-11-16,1303,Terra,MODIS,97,6.2,297.7,15.7,N,0
-17.185,143.2187,327.9,1,1,2014-11-16,1304,Terra,MODIS,100,6.2,298.8,22.6,N,0
-16.9533,137.2046,307.2,2.2,1.4,2014-11-16,1304,Terra,MODIS,71,6.2,295.2,14.9,N,0
-16.9403,137.2029,306.8,2.2,1.4,2014-11-16,1304,Terra,MODIS,69,6.2,294.8,14.2,N,0
-16.8794,142.9726,312.4,1,1,2014-11-16,1304,Terra,MODIS,80,6.2,298.5,8.2,N,0
-16.9812,143.1015,311.2,1,1,2014-11-16,1304,Terra,MODIS,76,6.2,298.2,7.2,N,0
-17.1489,137.1982,308.4,2.2,1.5,2014-11-16,1304,Terra,MODIS,74,6.2,295.1,17,N,0
-17.1513,137.177,306.3,2.3,1.5,2014-11-16,1304,Terra,MODIS,68,6.2,294.9,12.6,N,0
-17.1321,143.2047,310.3,1,1,2014-11-16,1304,Terra,MODIS,21,6.2,297.8,6,N,0
-17.1759,143.2173,315.2,1,1,2014-11-16,1304,Terra,MODIS,88,6.2,298.2,9.7,N,0
-17.1578,143.2145,312.9,1,1,2014-11-16,1304,Terra,MODIS,56,6.2,298.4,7.8,N,0
-17.0392,143.1453,328.7,1,1,2014-11-16,1304,Terra,MODIS,100,6.2,299.5,23.6,N,0
-17.0482,143.1467,311.1,1,1,2014-11-16,1304,Terra,MODIS,37,6.2,298.3,6.2,N,0
-17.0559,143.1576,318.5,1,1,2014-11-16,1304,Terra,MODIS,96,6.2,298.8,13.2,N,0
-17.065,143.159,310.9,1,1,2014-11-16,1304,Terra,MODIS,72,6.2,298.5,7,N,0
-17.2007,142.844,332,1,1,2014-11-16,1304,Terra,MODIS,100,6.2,300.3,28.2,N,0
-16.9978,143.1099,346,1,1,2014-11-16,1304,Terra,MODIS,100,6.2,300.3,51.6,N,0
-17.0314,143.1344,310.5,1,1,2014-11-16,1304,Terra,MODIS,26,6.2,298.3,5.6,N,0
-17.2496,143.2155,306.5,1,1,2014-11-16,1304,Terra,MODIS,52,6.2,296.3,4.8,N,0
-16.9875,143.118,309.7,1,1,2014-11-16,1304,Terra,MODIS,21,6.2,298.3,5.5,N,0
-17.2117,142.8219,310.2,1,1,2014-11-16,1304,Terra,MODIS,59,6.2,299.3,5.9,N,0
-16.9991,143.1004,323.6,1,1,2014-11-16,1304,Terra,MODIS,100,6.2,298,17.6,N,0
-17.1398,143.2156,309.1,1,1,2014-11-16,1304,Terra,MODIS,18,6.2,298,5.1,N,0
-16.874,133.0797,306.4,4.6,2,2014-11-16,1304,Terra,MODIS,65,6.2,294.2,43.4,N,0
-17.2393,143.2271,310.7,1,1,2014-11-16,1304,Terra,MODIS,74,6.2,298.6,7,N,0
-17.0727,143.1665,315.4,1,1,2014-11-16,1304,Terra,MODIS,89,6.2,298.3,9.9,N,0
-16.9939,133.1411,304.8,4.5,2,2014-11-16,1304,Terra,MODIS,57,6.2,294.5,37.4,N,0
-16.8194,136.2617,309.1,2.6,1.6,2014-11-16,1304,Terra,MODIS,76,6.2,296.1,20.5,N,0
-16.8144,136.2544,309.6,2.6,1.6,2014-11-16,1304,Terra,MODIS,77,6.2,296,22.8,N,0
-17.2212,143.2243,311.6,1,1,2014-11-16,1304,Terra,MODIS,63,6.2,298.7,6.7,N,0
-17.1062,143.191,310.3,1,1,2014-11-16,1304,Terra,MODIS,13,6.2,297.6,6,N,0
-17.2198,143.2337,314.9,1,1,2014-11-16,1304,Terra,MODIS,87,6.2,299.2,9.3,N,0
-17.2289,143.2351,313,1,1,2014-11-16,1304,Terra,MODIS,82,6.2,298.8,8.6,N,0
-19.1239,142.3818,309.1,1.1,1,2014-11-16,1304,Terra,MODIS,69,6.2,298.1,7.3,N,0
-16.9567,143.0783,307.6,1,1,2014-11-16,1304,Terra,MODIS,27,6.2,297.2,4.7,N,0
-17.2406,143.2175,312.2,1,1,2014-11-16,1304,Terra,MODIS,75,6.2,297.6,8.2,N,0
-17.1929,142.8329,329.6,1,1,2014-11-16,1304,Terra,MODIS,100,6.2,300.9,25.2,N,0
-16.9888,143.1085,318.6,1,1,2014-11-16,1304,Terra,MODIS,96,6.2,299.1,12.9,N,0
-16.9779,142.3929,320.9,1.1,1,2014-11-16,1304,Terra,MODIS,100,6.2,300.7,15.7,N,0
-16.9765,142.4028,359.6,1.1,1,2014-11-16,1304,Terra,MODIS,100,6.2,304,88.3,N,0
-17.074,143.157,327.1,1,1,2014-11-16,1304,Terra,MODIS,100,6.2,299.5,22,N,0
-17.2021,142.8343,329.6,1,1,2014-11-16,1304,Terra,MODIS,100,6.2,301.2,24.8,N,0
-17.5858,135.2373,312.7,3.2,1.7,2014-11-16,1304,Terra,MODIS,5,6.2,285.5,62.7,N,0
-17.1746,143.2268,323.2,1,1,2014-11-16,1304,Terra,MODIS,100,6.2,299,17.3,N,0
-17.2482,142.8274,331.7,1,1,2014-11-16,1304,Terra,MODIS,100,6.2,301.5,28,N,0
-17.2286,142.8343,327.8,1,1,2014-11-16,1304,Terra,MODIS,100,6.2,301.4,22.4,N,0
-17.2495,142.8177,313.2,1,1,2014-11-16,1304,Terra,MODIS,77,6.2,299.2,8.3,N,0
-17.2299,142.8246,330.7,1,1,2014-11-16,1304,Terra,MODIS,100,6.2,301.4,26.5,N,0
-17.2456,142.8468,388.4,1,1,2014-11-16,1304,Terra,MODIS,100,6.2,309.4,195.9,N,0
-18.9721,141.9618,325,1.1,1.1,2014-11-16,1304,Terra,MODIS,100,6.2,300.8,23.8,N,0
-17.2469,142.8371,367.4,1,1,2014-11-16,1304,Terra,MODIS,100,6.2,306.1,108.5,N,0
-17.2442,142.8564,358.7,1,1,2014-11-16,1304,Terra,MODIS,100,6.2,302.4,82.8,N,0
-17.332,142.886,309.8,1,1,2014-11-16,1304,Terra,MODIS,69,6.2,298.7,6,N,0
-18.9625,141.9604,322,1.1,1.1,2014-11-16,1304,Terra,MODIS,100,6.2,300.7,20.1,N,0
-17.1655,142.8288,324,1,1,2014-11-16,1304,Terra,MODIS,100,6.2,299.8,18.6,N,0
-16.914,143.0523,313.7,1,1,2014-11-16,1304,Terra,MODIS,84,6.2,297.8,9.3,N,0
-17.1927,143.2296,309.9,1,1,2014-11-16,1304,Terra,MODIS,70,6.2,297.8,5.8,N,0
-18.964,141.9495,323.6,1.1,1.1,2014-11-16,1304,Terra,MODIS,100,6.2,300.5,22.1,N,0
-18.9654,141.9387,313.3,1.1,1.1,2014-11-16,1304,Terra,MODIS,82,6.2,299.2,10.8,N,0
-17.341,142.9562,311.4,1,1,2014-11-16,1304,Terra,MODIS,34,6.2,299.3,6.9,N,0
-17.3423,142.9466,311,1,1,2014-11-16,1304,Terra,MODIS,18,6.2,300.5,6.4,N,0
-17.3554,142.9191,312.8,1,1,2014-11-16,1304,Terra,MODIS,77,6.2,299,7.9,N,0
-17.3514,142.948,316.7,1,1,2014-11-16,1304,Terra,MODIS,92,6.2,301.1,11.6,N,0
-17.3541,142.9287,313.7,1,1,2014-11-16,1304,Terra,MODIS,68,6.2,299.7,8.4,N,0
-17.3528,142.9384,317.4,1,1,2014-11-16,1304,Terra,MODIS,94,6.2,300.8,11.8,N,0
-17.1837,143.2282,336.4,1,1,2014-11-16,1304,Terra,MODIS,100,6.2,299.6,34.3,N,0
-16.8898,142.9644,310.3,1,1,2014-11-16,1304,Terra,MODIS,72,6.2,297.9,6.6,N,0
-17.2108,143.2324,337.7,1,1,2014-11-16,1304,Terra,MODIS,100,6.2,301.7,36.2,N,0
-17.2121,143.2229,322,1,1,2014-11-16,1304,Terra,MODIS,100,6.2,300.2,15.8,N,0
-17.2031,143.2215,328,1,1,2014-11-16,1304,Terra,MODIS,100,6.2,299.5,22.8,N,0
-17.2018,143.231,337.9,1,1,2014-11-16,1304,Terra,MODIS,100,6.2,300.2,36.8,N,0
-16.8885,142.974,320.7,1,1,2014-11-16,1304,Terra,MODIS,100,6.2,298.1,15.5,N,0
-17.1825,142.8412,313.3,1,1,2014-11-16,1304,Terra,MODIS,44,6.2,299.6,7.6,N,0
-17.1453,137.1119,305,2.3,1.5,2014-11-16,1304,Terra,MODIS,62,6.2,294.5,11.8,N,0
-17.172,142.8495,339.8,1,1,2014-11-16,1304,Terra,MODIS,100,6.2,300.5,40.5,N,0
-17.1733,142.8398,317.5,1,1,2014-11-16,1304,Terra,MODIS,59,6.2,300.6,11.2,N,0
-19.0081,141.8615,312.6,1.2,1.1,2014-11-16,1304,Terra,MODIS,80,6.2,299.4,9.6,N,0
-16.9049,143.0509,310,1,1,2014-11-16,1304,Terra,MODIS,71,6.2,298.1,6.3,N,0
-19.0067,141.8725,336.8,1.2,1.1,2014-11-16,1304,Terra,MODIS,100,6.2,301.2,43.1,N,0
-18.1835,143.7024,325.7,1,1,2014-11-16,1304,Terra,MODIS,100,6.2,299.5,19.6,N,0
-18.5898,145.7809,342.8,1.1,1,2014-11-16,1304,Terra,MODIS,100,6.2,294.1,52.7,N,0
-18.599,145.7824,306.2,1.1,1,2014-11-16,1304,Terra,MODIS,67,6.2,290.4,8.5,N,0
-18.1758,143.6916,325.2,1,1,2014-11-16,1304,Terra,MODIS,100,6.2,299.7,18.9,N,0
-18.5913,145.771,311.9,1.1,1,2014-11-16,1304,Terra,MODIS,84,6.2,291.3,12.2,N,0
-18.351,146.0164,303.4,1.1,1,2014-11-16,1304,Terra,MODIS,55,6.2,292,5.8,N,0
-18.1848,143.693,340.2,1,1,2014-11-16,1304,Terra,MODIS,100,6.2,302.3,39.9,N,0
-18.1928,143.7001,331.8,1,1,2014-11-16,1304,Terra,MODIS,100,6.2,299.9,28.3,N,0
-18.5883,145.7909,318.8,1.1,1,2014-11-16,1304,Terra,MODIS,98,6.2,292,18.3,N,0
-18.515,145.8552,307.2,1.1,1,2014-11-16,1304,Terra,MODIS,71,6.2,292,8.3,N,0
-18.9568,142.0036,312.8,1.1,1.1,2014-11-16,1304,Terra,MODIS,80,6.2,299.4,10.4,N,0
-15.0679,145.0694,303.8,1.1,1,2014-11-16,1305,Terra,MODIS,16,6.2,293.7,4.8,N,0
-14.757,144.6864,305.5,1,1,2014-11-16,1305,Terra,MODIS,31,6.2,294.4,5,N,0
-15.0541,145.0977,304.4,1.1,1,2014-11-16,1305,Terra,MODIS,60,6.2,292.7,6,N,0
-15.0556,145.0877,309.7,1.1,1,2014-11-16,1305,Terra,MODIS,78,6.2,293.6,9.4,N,0
-12.7252,142.8393,313,1,1,2014-11-16,1305,Terra,MODIS,86,6.2,294.7,10.1,N,0
-14.781,144.6509,310,1,1,2014-11-16,1305,Terra,MODIS,58,6.2,294.9,7.7,N,0
-14.745,144.7041,311.8,1,1,2014-11-16,1305,Terra,MODIS,83,6.2,295.2,9.7,N,0
-14.7733,144.6398,306.7,1,1,2014-11-16,1305,Terra,MODIS,30,6.2,295.2,5.6,N,0
-14.7436,144.7135,306.2,1,1,2014-11-16,1305,Terra,MODIS,67,6.2,294.6,5.9,N,0
-15.0649,145.0893,320.8,1.1,1,2014-11-16,1305,Terra,MODIS,100,6.2,294.4,19.1,N,0
-15.0664,145.0791,310.5,1.1,1,2014-11-16,1305,Terra,MODIS,68,6.2,293.9,9.4,N,0
-14.7584,144.6768,306.6,1,1,2014-11-16,1305,Terra,MODIS,33,6.2,294.5,5.5,N,0
-14.9257,143.2074,314.9,1,1,2014-11-16,1305,Terra,MODIS,90,6.2,295.1,11.7,N,0
-14.5833,142.439,307,1,1,2014-11-16,1305,Terra,MODIS,29,6.2,297,4.5,N,0
-14.6025,142.4289,313.9,1,1,2014-11-16,1305,Terra,MODIS,49,6.2,297.7,7,N,0
-14.6012,142.4384,313.7,1,1,2014-11-16,1305,Terra,MODIS,37,6.2,297.8,6.8,N,0
-16.2911,135.5305,311.2,2.9,1.6,2014-11-16,1305,Terra,MODIS,79,6.2,294.7,34.6,N,0
-12.0646,142.4391,311.1,1,1,2014-11-16,1305,Terra,MODIS,66,6.2,293.2,8.8,N,0
-12.0749,142.4312,307.2,1,1,2014-11-16,1305,Terra,MODIS,25,6.2,293.8,6,N,0
-14.6102,142.4397,315.8,1,1,2014-11-16,1305,Terra,MODIS,91,6.2,297.9,9.2,N,0
-16.8743,133.0747,307,4.6,2,2014-11-16,1305,Terra,MODIS,67,6.2,294.2,47.5,N,0
-16.8292,132.9834,306.7,4.6,2,2014-11-16,1305,Terra,MODIS,65,6.2,293.8,43.7,N,0
-16.8332,132.9398,304.9,4.7,2,2014-11-16,1305,Terra,MODIS,30,6.2,293.5,31.1,N,0
-16.8373,132.8962,322.9,4.7,2,2014-11-16,1305,Terra,MODIS,100,6.2,294.5,168.5,N,0
-16.8386,132.8891,319.8,4.7,2,2014-11-16,1305,Terra,MODIS,99,6.2,294.4,137.1,N,0
-16.8252,133.0266,307.8,4.6,2,2014-11-16,1305,Terra,MODIS,70,6.2,293.7,49.2,N,0
-16.8257,133.0195,309,4.6,2,2014-11-16,1305,Terra,MODIS,10,6.2,293.9,52,N,0
-14.5924,142.4404,317.2,1,1,2014-11-16,1305,Terra,MODIS,94,6.2,298.2,12.3,N,0
-15.1776,145.2052,304.5,1.1,1,2014-11-16,1305,Terra,MODIS,60,6.2,293.8,5.7,N,0
-14.6517,142.4748,327.2,1,1,2014-11-16,1305,Terra,MODIS,100,6.2,298.3,21.3,N,0
-15.0693,145.0597,310,1.1,1,2014-11-16,1305,Terra,MODIS,79,6.2,294.1,10,N,0
-14.64,142.4923,323.1,1,1,2014-11-16,1305,Terra,MODIS,100,6.2,297.9,17,N,0
-14.653,142.4654,315.2,1,1,2014-11-16,1305,Terra,MODIS,51,6.2,297.7,8.8,N,0
-14.1202,141.6664,312.9,1.1,1,2014-11-16,1305,Terra,MODIS,84,6.2,296.3,10.8,N,0
-15.1791,145.1952,304.5,1.1,1,2014-11-16,1305,Terra,MODIS,60,6.2,294.1,5.9,N,0
-12.7149,142.8472,325,1,1,2014-11-16,1305,Terra,MODIS,100,6.2,295.1,21.5,N,0
-14.7561,142.6468,307.1,1,1,2014-11-16,1305,Terra,MODIS,54,6.2,297.1,4.5,N,0
-14.0139,141.5646,312.3,1.1,1,2014-11-16,1305,Terra,MODIS,83,6.2,295.3,10.4,N,0
-14.6109,142.3077,312.6,1,1,2014-11-16,1305,Terra,MODIS,84,6.2,296.7,9,N,0
-14.7109,142.576,313.1,1,1,2014-11-16,1305,Terra,MODIS,47,6.2,298,7.3,N,0
-14.72,142.5774,308.9,1,1,2014-11-16,1305,Terra,MODIS,12,6.2,297.6,4.6,N,0
-14.7355,142.5989,307.9,1,1,2014-11-16,1305,Terra,MODIS,21,6.2,297.6,4.6,N,0
-14.7574,142.6374,309.9,1,1,2014-11-16,1305,Terra,MODIS,77,6.2,297.3,6.4,N,0
-16.4947,133.6703,313.6,4.1,1.9,2014-11-16,1305,Terra,MODIS,86,6.2,295.1,70.6,N,0
-16.4778,133.6685,306.8,4.1,1.9,2014-11-16,1305,Terra,MODIS,47,6.2,295,32.7,N,0
-16.4908,133.6646,318.3,4.1,1.9,2014-11-16,1305,Terra,MODIS,96,6.2,295.3,101.1,N,0
-12.8663,142.4255,307.7,1,1,2014-11-16,1305,Terra,MODIS,35,6.2,291.7,5.6,N,0
-14.8576,144.5036,311.5,1,1,2014-11-16,1305,Terra,MODIS,83,6.2,293.8,9.7,N,0
-14.6115,142.4303,326.6,1,1,2014-11-16,1305,Terra,MODIS,100,6.2,298.4,20.3,N,0
-14.859,144.4941,339.1,1,1,2014-11-16,1305,Terra,MODIS,100,6.2,295.4,42.8,N,0
-14.6194,142.3056,328.7,1,1,2014-11-16,1305,Terra,MODIS,100,6.2,297.4,25.4,N,0
-12.865,142.4347,310.5,1,1,2014-11-16,1305,Terra,MODIS,69,6.2,293,7.6,N,0
-12.2879,142.8734,303.9,1,1,2014-11-16,1305,Terra,MODIS,57,6.2,293.6,4.4,N,0
-14.6376,142.3083,322.1,1,1,2014-11-16,1305,Terra,MODIS,100,6.2,296.6,17.8,N,0
-14.6363,142.3178,310.2,1,1,2014-11-16,1305,Terra,MODIS,65,6.2,296.7,6.8,N,0
-14.6701,142.3423,310.1,1,1,2014-11-16,1305,Terra,MODIS,77,6.2,296.5,7.6,N,0
-14.6181,142.3151,308.9,1,1,2014-11-16,1305,Terra,MODIS,54,6.2,296.9,5.6,N,0
-16.2905,135.5251,313.9,2.9,1.6,2014-11-16,1305,Terra,MODIS,86,6.2,294.9,44,N,0
-12.8753,142.4268,312.4,1,1,2014-11-16,1305,Terra,MODIS,73,6.2,292.5,8.9,N,0
-12.2866,142.8825,304.6,1,1,2014-11-16,1305,Terra,MODIS,57,6.2,293.2,4.7,N,0
-12.8856,142.4189,316.6,1,1,2014-11-16,1305,Terra,MODIS,93,6.2,293.2,12.5,N,0
-12.8869,142.4097,317.2,1,1,2014-11-16,1305,Terra,MODIS,95,6.2,293.1,13.2,N,0
-12.8766,142.4176,306.4,1,1,2014-11-16,1305,Terra,MODIS,37,6.2,291.9,4.9,N,0
-14.5743,142.3701,313,1,1,2014-11-16,1305,Terra,MODIS,85,6.2,297.4,8.3,N,0
-15.3222,145.0426,324.2,1.1,1,2014-11-16,1305,Terra,MODIS,100,6.2,293.5,24.1,N,0
-12.0543,142.4469,307.3,1,1,2014-11-16,1306,Terra,MODIS,40,6.2,293.2,6.3,N,0
-11.002,142.6039,309.2,1,1,2014-11-16,1306,Terra,MODIS,65,6.2,295.1,7.2,N,0
-11.011,142.6053,311.5,1,1,2014-11-16,1306,Terra,MODIS,75,6.2,295.2,8.6,N,0
-11.0097,142.6143,310.1,1,1,2014-11-16,1306,Terra,MODIS,69,6.2,295.1,7.4,N,0
-12.0724,142.3185,305.8,1,1,2014-11-16,1306,Terra,MODIS,66,6.2,294.7,5,N,0
-30.1178,152.2272,315.7,2.4,1.5,2014-11-16,1435,Aqua,MODIS,38,6.2,290.9,46.6,N,0
-30.1075,152.2148,316.1,2.4,1.5,2014-11-16,1435,Aqua,MODIS,83,6.2,290.1,50.8,N,0
-30.1026,152.1915,309,2.4,1.5,2014-11-16,1435,Aqua,MODIS,22,6.2,289.3,31.2,N,0
-30.1553,152.1388,301.1,2.4,1.5,2014-11-16,1435,Aqua,MODIS,36,6.2,289,21.5,N,0
-30.0975,152.1671,302.7,2.4,1.5,2014-11-16,1435,Aqua,MODIS,4,6.2,287.7,19.3,N,0
-29.5347,124.8041,300.6,1.1,1.1,2014-11-16,1439,Terra,MODIS,31,6.2,288.8,5.7,N,0
-23.973,114.697,325.9,1.9,1.4,2014-11-16,1441,Terra,MODIS,100,6.2,292.2,61.3,N,0
-23.9676,114.7089,306.5,1.9,1.3,2014-11-16,1441,Terra,MODIS,68,6.2,289.6,18.7,N,0
-23.9696,114.6901,340.1,1.9,1.4,2014-11-16,1441,Terra,MODIS,100,6.2,293.4,114,N,0
-23.9716,114.6711,305.8,1.9,1.4,2014-11-16,1441,Terra,MODIS,60,6.2,292,17.7,N,0
-20.4352,118.5785,312.6,1,1,2014-11-16,1442,Terra,MODIS,84,6.2,295.2,10.9,N,0
-21.2481,119.5517,312.1,1,1,2014-11-16,1442,Terra,MODIS,82,6.2,295.7,8.9,N,0
-20.8631,118.5456,306.3,1.1,1,2014-11-16,1442,Terra,MODIS,54,6.2,295.3,5.6,N,0
-16.1628,123.7424,302.9,1.6,1.2,2014-11-16,1443,Terra,MODIS,17,6.2,287.7,4.5,N,0
-16.1913,123.7778,316.4,1.6,1.2,2014-11-16,1443,Terra,MODIS,93,6.2,290.6,23.1,N,0
-11.0012,142.6109,307.3,1.2,1.1,2014-11-16,1608,Aqua,MODIS,53,6.2,293.2,8.8,N,0
-12.8707,142.4262,306.9,1.2,1.1,2014-11-16,1609,Aqua,MODIS,43,6.2,294.3,7.7,N,0
-14.6067,142.2975,305.7,1.2,1.1,2014-11-16,1609,Aqua,MODIS,39,6.2,295.2,6.4,N,0
-12.8805,142.4248,310.4,1.2,1.1,2014-11-16,1609,Aqua,MODIS,44,6.2,294,10.6,N,0
-14.6083,142.3089,305.3,1.2,1.1,2014-11-16,1609,Aqua,MODIS,43,6.2,295.2,5.9,N,0
-14.6183,142.3076,310.7,1.2,1.1,2014-11-16,1609,Aqua,MODIS,64,6.2,295.5,10.5,N,0
-14.5983,142.3103,306.4,1.2,1.1,2014-11-16,1609,Aqua,MODIS,29,6.2,295.2,6.6,N,0
-14.6434,142.4932,308.9,1.3,1.1,2014-11-16,1609,Aqua,MODIS,56,6.2,295.4,8.7,N,0
-13.9204,134.9499,313.5,1.5,1.2,2014-11-16,1609,Aqua,MODIS,87,6.2,296,19.2,N,0
-14.4292,131.6165,303.8,2.7,1.6,2014-11-16,1610,Aqua,MODIS,19,6.2,289.8,15.9,N,0
-14.4476,131.6382,305.9,2.7,1.6,2014-11-16,1610,Aqua,MODIS,63,6.2,290.4,22.1,N,0
-14.4432,131.6139,308,2.7,1.6,2014-11-16,1610,Aqua,MODIS,71,6.2,290.4,27.9,N,0
-14.4405,131.6217,314.5,2.7,1.6,2014-11-16,1610,Aqua,MODIS,89,6.2,290.5,46.3,N,0
-17.1433,137.1946,308,1.1,1,2014-11-16,1610,Aqua,MODIS,12,6.2,293.1,7.1,N,0
-16.8344,132.9015,308,1.9,1.4,2014-11-16,1610,Aqua,MODIS,73,6.2,297.2,14.7,N,0
-16.8375,132.9192,308.6,1.9,1.3,2014-11-16,1610,Aqua,MODIS,75,6.2,296.9,16,N,0
-17.2482,143.2374,309.7,1.5,1.2,2014-11-16,1610,Aqua,MODIS,78,6.2,296.7,12.4,N,0
-17.1891,142.8474,311.4,1.4,1.2,2014-11-16,1610,Aqua,MODIS,82,6.2,297.4,12,N,0
-17.2179,142.8161,308,1.4,1.2,2014-11-16,1610,Aqua,MODIS,68,6.2,296.9,8.2,N,0
-14.4168,134.6787,312.1,1.6,1.2,2014-11-16,1610,Aqua,MODIS,82,6.2,296.1,15.9,N,0
-18.9085,141.9723,307.8,1.3,1.1,2014-11-16,1610,Aqua,MODIS,72,6.2,296.2,10,N,0
-17.1875,142.8338,307,1.4,1.2,2014-11-16,1610,Aqua,MODIS,14,6.2,297,6.6,N,0
-17.3703,142.9556,332,1.5,1.2,2014-11-16,1610,Aqua,MODIS,100,6.2,298.5,47.4,N,0
-18.9586,141.9526,307.2,1.3,1.1,2014-11-16,1610,Aqua,MODIS,70,6.2,296.4,8,N,0
-17.3577,142.9432,309,1.5,1.2,2014-11-16,1610,Aqua,MODIS,29,6.2,297.1,8.1,N,0
-17.3595,142.957,330.4,1.5,1.2,2014-11-16,1610,Aqua,MODIS,100,6.2,298,45.1,N,0
-17.3487,142.9585,314.9,1.5,1.2,2014-11-16,1610,Aqua,MODIS,90,6.2,297.3,16.6,N,0
-17.3667,142.928,314.3,1.5,1.2,2014-11-16,1610,Aqua,MODIS,55,6.2,297.3,15.3,N,0
-16.4204,133.7082,308.2,1.7,1.3,2014-11-16,1610,Aqua,MODIS,74,6.2,294.6,13.7,N,0
-17.3685,142.9418,320.7,1.5,1.2,2014-11-16,1610,Aqua,MODIS,100,6.2,297.8,24,N,0
-17.3626,142.9511,325.8,1.5,1.2,2014-11-16,1610,Aqua,MODIS,100,6.2,297.9,33.4,N,0
-17.3718,142.9358,318.5,1.5,1.2,2014-11-16,1610,Aqua,MODIS,62,6.2,297.5,20.9,N,0
-17.3735,142.9496,344.2,1.5,1.2,2014-11-16,1610,Aqua,MODIS,100,6.2,299.1,81.9,N,0
-17.3843,142.9482,324.5,1.5,1.2,2014-11-16,1610,Aqua,MODIS,100,6.2,297.5,33.1,N,0
-17.3752,142.9635,318.3,1.5,1.2,2014-11-16,1610,Aqua,MODIS,82,6.2,297.5,21.8,N,0
-17.386,142.9621,308.6,1.5,1.2,2014-11-16,1610,Aqua,MODIS,74,6.2,296.9,9.6,N,0
-14.4278,134.6766,311.8,1.6,1.2,2014-11-16,1610,Aqua,MODIS,82,6.2,296.3,15.6,N,0
-17.2196,142.8296,308.3,1.4,1.2,2014-11-16,1610,Aqua,MODIS,44,6.2,297.2,8.1,N,0
-17.2579,142.8451,314.8,1.4,1.2,2014-11-16,1610,Aqua,MODIS,39,6.2,297.4,15.7,N,0
-17.2552,142.8524,309.9,1.4,1.2,2014-11-16,1610,Aqua,MODIS,30,6.2,297.5,9.7,N,0
-18.1669,143.662,317.1,1.7,1.3,2014-11-16,1610,Aqua,MODIS,94,6.2,297.3,26.2,N,0
-18.1939,143.691,317.2,1.7,1.3,2014-11-16,1610,Aqua,MODIS,95,6.2,296.4,25.9,N,0
-18.1784,143.6606,307.6,1.7,1.3,2014-11-16,1610,Aqua,MODIS,58,6.2,296.9,10.8,N,0
-18.1959,143.7069,320.1,1.7,1.3,2014-11-16,1610,Aqua,MODIS,100,6.2,295.9,33.3,N,0
-18.1823,143.6925,312.9,1.7,1.3,2014-11-16,1610,Aqua,MODIS,78,6.2,296.3,18.2,N,0
-18.1688,143.6779,325.7,1.7,1.3,2014-11-16,1610,Aqua,MODIS,100,6.2,298.3,45,N,0
-18.1929,143.7019,327.6,1.7,1.3,2014-11-16,1610,Aqua,MODIS,100,6.2,297,50.8,N,0
-18.1776,143.6715,322.2,1.7,1.3,2014-11-16,1610,Aqua,MODIS,100,6.2,297.8,35.8,N,0
-18.6099,137.9909,319.6,1,1,2014-11-16,1611,Aqua,MODIS,99,6.2,299.1,13.2,N,0
-18.5915,137.8678,307,1,1,2014-11-16,1611,Aqua,MODIS,56,6.2,290.4,4.6,N,0
-18.6291,138.0004,314.3,1,1,2014-11-16,1611,Aqua,MODIS,89,6.2,298.6,8.6,N,0
-18.5758,137.948,315.6,1,1,2014-11-16,1611,Aqua,MODIS,92,6.2,299.4,10.1,N,0
-18.5849,137.9465,311.2,1,1,2014-11-16,1611,Aqua,MODIS,82,6.2,298.9,6.5,N,0
-19.8489,143.9694,301.5,1.9,1.3,2014-11-16,1611,Aqua,MODIS,10,6.2,289.1,10.4,N,0
-19.8422,143.9578,305.1,1.9,1.3,2014-11-16,1611,Aqua,MODIS,48,6.2,290.5,17.6,N,0
-19.4373,142.7506,306.7,1.5,1.2,2014-11-16,1611,Aqua,MODIS,30,6.2,295.5,10,N,0
-19.4843,142.8634,303,1.6,1.2,2014-11-16,1611,Aqua,MODIS,51,6.2,292.2,8,N,0
-19.4478,142.756,306.8,1.5,1.2,2014-11-16,1611,Aqua,MODIS,34,6.2,295.1,10.1,N,0
-19.9355,143.9347,300.3,1.9,1.3,2014-11-16,1611,Aqua,MODIS,19,6.2,290.2,10.6,N,0
-19.4483,142.7491,306.9,1.5,1.2,2014-11-16,1611,Aqua,MODIS,47,6.2,295.2,10.3,N,0
-24.7559,147.8885,316.8,4.2,1.9,2014-11-16,1612,Aqua,MODIS,94,6.2,292.3,113,N,0
-24.7531,147.8932,316.6,4.2,1.9,2014-11-16,1612,Aqua,MODIS,94,6.2,292.5,113.1,N,0
-24.749,148.0694,306.4,4.3,1.9,2014-11-16,1612,Aqua,MODIS,68,6.2,293.2,49.2,N,0
-24.7508,148.0653,306.2,4.3,1.9,2014-11-16,1612,Aqua,MODIS,67,6.2,293.2,48.3,N,0
-24.6586,148.0311,304.6,4.3,1.9,2014-11-16,1612,Aqua,MODIS,28,6.2,293.5,35.4,N,0
-24.7871,147.8416,304.9,4.2,1.9,2014-11-16,1612,Aqua,MODIS,32,6.2,291.1,43.9,N,0
-24.8014,147.8007,302.5,4.2,1.9,2014-11-16,1612,Aqua,MODIS,22,6.2,289.8,33.4,N,0
-24.7887,147.8336,305.1,4.2,1.9,2014-11-16,1612,Aqua,MODIS,33,6.2,291,44.4,N,0
-24.6581,148.0395,306.1,4.3,1.9,2014-11-16,1612,Aqua,MODIS,55,6.2,293.6,43.3,N,0
-24.8044,147.8408,317,4.2,1.9,2014-11-16,1612,Aqua,MODIS,94,6.2,291.6,115.9,N,0
-24.6903,147.9849,303.9,4.3,1.9,2014-11-16,1612,Aqua,MODIS,21,6.2,292.8,32.1,N,0
-24.8059,147.8326,317.7,4.2,1.9,2014-11-16,1612,Aqua,MODIS,95,6.2,291.3,119,N,0
-20.5921,116.7786,306.3,1.3,1.1,2014-11-16,1750,Aqua,MODIS,68,6.2,295.1,7.8,N,0
-21.2403,119.556,302.3,2.1,1.4,2014-11-16,1750,Aqua,MODIS,29,6.2,289.8,13.9,N,0
-15.7178,145.0646,320.1,4.7,2,2014-11-16,2356,Terra,MODIS,64,6.2,302.7,77.3,D,0
-15.7165,145.0598,321.3,4.7,2,2014-11-16,2356,Terra,MODIS,74,6.2,302.7,92.7,D,0
-15.0645,145.1041,313.3,4.8,2,2014-11-16,2356,Terra,MODIS,53,6.2,296.9,42.5,D,0
-15.5419,145.1966,325.8,4.6,2,2014-11-16,2356,Terra,MODIS,79,6.2,301.9,123.1,D,0
-15.543,145.202,323.9,4.6,2,2014-11-16,2356,Terra,MODIS,72,6.2,301.9,101.8,D,0
-18.3579,146.0118,315.5,3.5,1.8,2014-11-16,2357,Terra,MODIS,58,6.2,296.8,54,D,0
-18.5849,145.7672,311.4,3.6,1.8,2014-11-16,2357,Terra,MODIS,45,6.2,296.7,33.6,D,0
-18.5917,145.8002,313.7,3.6,1.8,2014-11-16,2357,Terra,MODIS,59,6.2,297.5,46.8,D,0
-18.5932,145.7713,312.6,3.6,1.8,2014-11-16,2357,Terra,MODIS,54,6.2,297.2,38.7,D,0
-18.3492,146.0177,320.3,3.5,1.8,2014-11-16,2357,Terra,MODIS,72,6.2,298.4,79.7,D,0
-18.5182,145.8568,317.6,3.6,1.8,2014-11-16,2357,Terra,MODIS,67,6.2,297.4,59.2,D,0
-24.9651,152.4698,330.9,1.1,1,2014-11-16,2358,Terra,MODIS,54,6.2,310.4,14.9,D,0
-24.0292,149.0845,326.8,1.6,1.3,2014-11-16,2358,Terra,MODIS,15,6.2,308.1,16.3,D,0
-24.0404,149.0821,329.9,1.6,1.3,2014-11-16,2358,Terra,MODIS,52,6.2,308.5,22.7,D,0
-24.8079,148.1029,331.3,1.8,1.3,2014-11-16,2359,Terra,MODIS,69,6.2,303.5,38,D,0
-24.8227,148.1162,339,1.8,1.3,2014-11-16,2359,Terra,MODIS,83,6.2,306.5,68.4,D,0
-24.7564,147.8309,325.2,1.9,1.3,2014-11-16,2359,Terra,MODIS,42,6.2,300.3,34.7,D,0
-24.7395,147.8736,355.3,1.9,1.3,2014-11-16,2359,Terra,MODIS,97,6.2,303.3,155.2,D,0
-25.2219,151.1208,339,1.2,1.1,2014-11-16,2359,Terra,MODIS,80,6.2,314.9,22.6,D,0
-24.8345,148.1136,334.1,1.8,1.3,2014-11-16,2359,Terra,MODIS,72,6.2,304.9,50.2,D,0
-24.684,148.0032,329.4,1.9,1.3,2014-11-16,2359,Terra,MODIS,33,6.2,308,27.7,D,0
-26.6138,152.462,334.3,1,1,2014-11-16,2359,Terra,MODIS,39,6.2,310,15.9,D,0
-24.8551,148.1228,326.5,1.8,1.3,2014-11-16,2359,Terra,MODIS,43,6.2,302.5,27.2,D,0
-24.6722,148.0063,333.8,1.9,1.3,2014-11-16,2359,Terra,MODIS,53,6.2,307.4,43.1,D,0
-24.7653,148.0733,333.9,1.8,1.3,2014-11-16,2359,Terra,MODIS,76,6.2,308.3,44.5,D,0
-24.7547,147.8875,336.2,1.9,1.3,2014-11-16,2359,Terra,MODIS,74,6.2,304.6,59.7,D,0
-24.7622,148.0567,326.8,1.8,1.3,2014-11-16,2359,Terra,MODIS,40,6.2,306.1,19.7,D,0
-25.3445,148.4324,333.9,1.7,1.3,2014-11-16,2359,Terra,MODIS,74,6.2,308.3,36.3,D,0
-27.2396,152.4574,335.8,1,1,2014-11-16,2359,Terra,MODIS,53,6.2,311.4,16,D,0
-24.7147,147.9017,327.5,1.9,1.3,2014-11-16,2359,Terra,MODIS,27,6.2,304.2,33.6,D,0
-25.2083,151.0996,336.9,1.2,1.1,2014-11-16,2359,Terra,MODIS,76,6.2,311.5,18,D,0
-24.7534,148.0753,330,1.8,1.3,2014-11-16,2359,Terra,MODIS,59,6.2,307.7,31.4,D,0
-24.811,148.1192,340.7,1.8,1.3,2014-11-16,2359,Terra,MODIS,85,6.2,306.9,74.1,D,0
-24.6808,147.9865,331.6,1.9,1.3,2014-11-16,2359,Terra,MODIS,44,6.2,305,36.1,D,0
-24.7572,148.0634,342.7,1.8,1.3,2014-11-16,2359,Terra,MODIS,87,6.2,307.5,76.6,D,0
-24.7342,147.9112,325.1,1.9,1.3,2014-11-16,2359,Terra,MODIS,20,6.2,306,20.4,D,0
-25.5323,150.4099,337.5,1.3,1.1,2014-11-16,2359,Terra,MODIS,77,6.2,312.2,26.7,D,0
-25.5201,150.3994,331.1,1.3,1.1,2014-11-16,2359,Terra,MODIS,61,6.2,311.2,14.9,D,0
-25.5,150.4034,334.2,1.3,1.1,2014-11-16,2359,Terra,MODIS,70,6.2,311.7,19.1,D,0
-25.5301,150.3973,345.8,1.3,1.1,2014-11-16,2359,Terra,MODIS,88,6.2,313.5,47.9,D,0
-24.7603,148.0798,342.1,1.8,1.3,2014-11-16,2359,Terra,MODIS,86,6.2,308.1,74.3,D,0
-24.7683,147.8274,327.5,1.9,1.3,2014-11-16,2359,Terra,MODIS,57,6.2,299.5,40.9,D,0
-25.2055,151.0945,332.7,1.2,1.1,2014-11-16,2359,Terra,MODIS,54,6.2,312.1,13,D,0
-24.8585,148.1105,325.5,1.8,1.3,2014-11-16,2359,Terra,MODIS,32,6.2,302.2,27.2,D,0
-25.2074,151.1063,334.8,1.2,1.1,2014-11-16,2359,Terra,MODIS,62,6.2,311.4,15.9,D,0
-24.7513,147.8698,374.6,1.9,1.3,2014-11-16,2359,Terra,MODIS,100,6.2,305.1,303.5,D,0
-24.6858,147.9471,383.8,1.9,1.3,2014-11-16,2359,Terra,MODIS,100,6.2,307.3,395.1,D,0
-25.22,151.1093,335.2,1.2,1.1,2014-11-16,2359,Terra,MODIS,52,6.2,313.5,15,D,0
-24.7501,148.0582,332.6,1.8,1.3,2014-11-16,2359,Terra,MODIS,72,6.2,306,37.9,D,0
-24.7478,147.8517,337,1.9,1.3,2014-11-16,2359,Terra,MODIS,80,6.2,299.4,69.5,D,0
-24.7426,147.8898,342.6,1.9,1.3,2014-11-16,2359,Terra,MODIS,87,6.2,304.6,86.5,D,0
-30.1028,152.2033,323.8,1,1,2014-11-17,0000,Terra,MODIS,26,6.2,300.3,10.5,D,0
-30.1012,152.193,333.9,1,1,2014-11-17,0000,Terra,MODIS,71,6.2,300.7,22.2,D,0
-30.0997,152.1826,332.1,1,1,2014-11-17,0000,Terra,MODIS,66,6.2,299.7,19.5,D,0
-30.0816,152.1813,340.3,1,1,2014-11-17,0000,Terra,MODIS,88,6.2,309.2,34.2,D,0
-30.0906,152.1843,365.9,1,1,2014-11-17,0000,Terra,MODIS,100,6.2,310.1,90.2,D,0
-30.1118,152.2016,323,1,1,2014-11-17,0000,Terra,MODIS,20,6.2,301.9,10.2,D,0
-30.1255,152.2307,325.8,1,1,2014-11-17,0000,Terra,MODIS,72,6.2,305.2,14.7,D,0
-30.124,152.2203,330.7,1,1,2014-11-17,0000,Terra,MODIS,73,6.2,304.9,19.9,D,0
-30.1134,152.2118,326.5,1,1,2014-11-17,0000,Terra,MODIS,36,6.2,303.5,14.2,D,0
-31.4361,152.2499,317.1,1,1,2014-11-17,0000,Terra,MODIS,37,6.2,300.2,8.5,D,0
-31.4345,152.2394,353.9,1,1,2014-11-17,0000,Terra,MODIS,97,6.2,301.9,65.5,D,0
-29.6009,152.232,326,1,1,2014-11-17,0000,Terra,MODIS,53,6.2,300.6,17,D,0
-29.5829,152.236,328.2,1,1,2014-11-17,0000,Terra,MODIS,50,6.2,298.3,19.8,D,0
-29.5754,152.2477,339,1,1,2014-11-17,0000,Terra,MODIS,85,6.2,302.1,34.7,D,0
-29.0674,149.2267,336.8,1.3,1.1,2014-11-17,0000,Terra,MODIS,78,6.2,317.6,23.3,D,0
-30.1114,152.1375,327.5,1,1,2014-11-17,0000,Terra,MODIS,74,6.2,302.5,16.6,D,0
-30.0891,152.1739,363.3,1,1,2014-11-17,0000,Terra,MODIS,100,6.2,306,84.9,D,0
-30.0981,152.1722,322.5,1,1,2014-11-17,0000,Terra,MODIS,65,6.2,299.6,9.9,D,0
-30.1055,152.16,354.7,1,1,2014-11-17,0000,Terra,MODIS,97,6.2,304.3,63.8,D,0
-30.1008,152.1289,317.9,1,1,2014-11-17,0000,Terra,MODIS,28,6.2,303.1,6.8,D,0
-29.0651,149.2135,338.9,1.3,1.1,2014-11-17,0000,Terra,MODIS,81,6.2,317.7,28.5,D,0
-30.1039,152.1496,326.7,1,1,2014-11-17,0000,Terra,MODIS,36,6.2,302.3,14.7,D,0
-30.1204,152.1356,317.5,1,1,2014-11-17,0000,Terra,MODIS,13,6.2,300.3,6.1,D,0
-30.1071,152.1703,326.4,1,1,2014-11-17,0000,Terra,MODIS,70,6.2,299.5,14.9,D,0
-30.113,152.1478,344.1,1,1,2014-11-17,0000,Terra,MODIS,91,6.2,302.2,40.7,D,0
-30.08,152.1709,357,1,1,2014-11-17,0000,Terra,MODIS,98,6.2,310.1,69,D,0
-30.1145,152.1582,326.6,1,1,2014-11-17,0000,Terra,MODIS,67,6.2,301.8,15.2,D,0
-30.1188,152.1252,341.9,1,1,2014-11-17,0000,Terra,MODIS,89,6.2,302.3,37.3,D,0
-33.3448,148.3237,322.7,1.2,1.1,2014-11-17,0001,Terra,MODIS,73,6.2,306,13.1,D,0
-42.654,147.5175,330.5,1,1,2014-11-17,0003,Terra,MODIS,87,6.2,293.5,28.8,D,0
-42.618,147.4546,340.8,1,1,2014-11-17,0003,Terra,MODIS,92,6.2,297.2,42.8,D,0
-42.6519,147.5048,322.4,1,1,2014-11-17,0003,Terra,MODIS,82,6.2,295.1,18.5,D,0
-42.62,147.4673,359.3,1,1,2014-11-17,0003,Terra,MODIS,99,6.2,298.8,85.1,D,0
-12.5739,142.9082,323.5,4.7,2,2014-11-17,0133,Terra,MODIS,76,6.2,297.9,120.5,D,0
-12.5749,142.9126,322.3,4.7,2,2014-11-17,0133,Terra,MODIS,73,6.2,297.7,106.8,D,0
-12.1851,141.9383,321.8,3.9,1.8,2014-11-17,0133,Terra,MODIS,57,6.2,306.7,72.4,D,0
-11.9264,142.2505,316.7,4.1,1.9,2014-11-17,0133,Terra,MODIS,40,6.2,298.8,43.2,D,0
-12.1004,142.3804,318.5,4.2,1.9,2014-11-17,0133,Terra,MODIS,33,6.2,299.9,42.5,D,0
-12.4639,136.7149,330.2,1.6,1.2,2014-11-17,0134,Terra,MODIS,55,6.2,306.7,22,D,0
-14.6312,142.2982,330.7,4.5,2,2014-11-17,0134,Terra,MODIS,71,6.2,302.8,134.5,D,0
-12.5475,135.0617,326.5,1.2,1.1,2014-11-17,0134,Terra,MODIS,32,6.2,304.1,12.8,D,0
-12.5458,135.0564,331.8,1.2,1.1,2014-11-17,0134,Terra,MODIS,64,6.2,303.4,24.1,D,0
-12.4509,136.702,330.9,1.6,1.2,2014-11-17,0134,Terra,MODIS,67,6.2,305.6,24,D,0
-14.631,142.3053,333.3,4.5,2,2014-11-17,0134,Terra,MODIS,78,6.2,303.1,156.7,D,0
-14.5958,142.3087,339.7,4.5,2,2014-11-17,0134,Terra,MODIS,86,6.2,302,252.8,D,0
-12.092,133.226,331.5,1,1,2014-11-17,0134,Terra,MODIS,21,6.2,312.4,8.5,D,0
-12.5544,135.0379,336,1.2,1.1,2014-11-17,0134,Terra,MODIS,74,6.2,304.8,33,D,0
-13.4501,133.7178,360.6,1.1,1,2014-11-17,0134,Terra,MODIS,100,6.2,316.5,70.9,D,0
-13.4515,133.7277,346,1.1,1,2014-11-17,0134,Terra,MODIS,89,6.2,314.3,32.1,D,0
-12.0907,133.2166,333.1,1,1,2014-11-17,0134,Terra,MODIS,52,6.2,313.1,11.2,D,0
-14.3437,134.8584,334,1.3,1.1,2014-11-17,0134,Terra,MODIS,54,6.2,312.7,16.1,D,0
-14.3453,134.8701,337.5,1.3,1.1,2014-11-17,0134,Terra,MODIS,75,6.2,311.2,23.9,D,0
-13.013,136.2719,326.6,1.5,1.2,2014-11-17,0134,Terra,MODIS,38,6.2,304.3,17.4,D,0
-14.1207,141.7099,322.1,4,1.9,2014-11-17,0134,Terra,MODIS,41,6.2,299.3,57.4,D,0
-13.0113,136.2582,332.7,1.5,1.2,2014-11-17,0134,Terra,MODIS,72,6.2,305.6,30.1,D,0
-14.596,142.3017,338.7,4.5,2,2014-11-17,0134,Terra,MODIS,84,6.2,301.5,242,D,0
-13.0221,136.2568,328,1.5,1.2,2014-11-17,0134,Terra,MODIS,47,6.2,307,19,D,0
-14.6135,142.4774,340.2,4.6,2,2014-11-17,0134,Terra,MODIS,90,6.2,302.9,268.8,D,0
-14.6126,142.4704,338.5,4.6,2,2014-11-17,0134,Terra,MODIS,89,6.2,302.9,244.9,D,0
-14.6169,142.5135,325.1,4.7,2,2014-11-17,0134,Terra,MODIS,44,6.2,302.1,89.7,D,0
-14.8531,133.1749,353.3,1.1,1,2014-11-17,0134,Terra,MODIS,95,6.2,311.1,51.8,D,0
-14.3613,134.8383,339.2,1.3,1.1,2014-11-17,0134,Terra,MODIS,81,6.2,308.7,26.6,D,0
-14.9492,132.0565,333.5,1,1,2014-11-17,0134,Terra,MODIS,39,6.2,310.9,10.2,D,0
-14.3474,134.811,335.3,1.2,1.1,2014-11-17,0134,Terra,MODIS,76,6.2,307.5,19.2,D,0
-14.3483,134.8167,331.8,1.3,1.1,2014-11-17,0134,Terra,MODIS,61,6.2,307.8,11.9,D,0
-15.7305,142.152,323.8,4.5,2,2014-11-17,0134,Terra,MODIS,37,6.2,303.5,78.1,D,0
-13.5,134.5677,333.1,1.2,1.1,2014-11-17,0134,Terra,MODIS,52,6.2,314.3,12.9,D,0
-12.5529,135.0267,328.2,1.2,1.1,2014-11-17,0134,Terra,MODIS,24,6.2,304,20.1,D,0
-12.7198,136.4896,331.7,1.5,1.2,2014-11-17,0134,Terra,MODIS,65,6.2,310.2,24.8,D,0
-12.5976,131.6558,337.4,1,1,2014-11-17,0134,Terra,MODIS,56,6.2,318,17.1,D,0
-13.4857,134.554,341.9,1.2,1.1,2014-11-17,0134,Terra,MODIS,84,6.2,314.5,28.5,D,0
-13.476,134.5554,350.8,1.2,1.1,2014-11-17,0134,Terra,MODIS,93,6.2,314.7,51.7,D,0
-11.8475,132.8112,333.6,1,1,2014-11-17,0134,Terra,MODIS,33,6.2,316.4,14.6,D,0
-14.2983,134.9005,340.9,1.3,1.1,2014-11-17,0134,Terra,MODIS,84,6.2,309.4,33.2,D,0
-14.7152,142.5914,328.4,4.7,2,2014-11-17,0134,Terra,MODIS,81,6.2,307.2,107.5,D,0
-14.2593,134.9124,338.3,1.3,1.1,2014-11-17,0134,Terra,MODIS,80,6.2,310.6,25.3,D,0
-14.2694,134.9109,336.6,1.3,1.1,2014-11-17,0134,Terra,MODIS,71,6.2,311.4,22.1,D,0
-14.2577,134.9008,345.2,1.3,1.1,2014-11-17,0134,Terra,MODIS,88,6.2,311.2,40.3,D,0
-14.2782,134.9031,335.9,1.3,1.1,2014-11-17,0134,Terra,MODIS,59,6.2,312.5,21.8,D,0
-14.7136,142.5866,328.5,4.7,2,2014-11-17,0134,Terra,MODIS,81,6.2,307.3,110.8,D,0
-14.7179,142.6303,325.9,4.8,2,2014-11-17,0134,Terra,MODIS,52,6.2,306.6,79.5,D,0
-12.7217,136.5037,329.1,1.5,1.2,2014-11-17,0134,Terra,MODIS,45,6.2,309.9,20.7,D,0
-14.4307,134.6707,336.8,1.2,1.1,2014-11-17,0134,Terra,MODIS,77,6.2,307.6,27.1,D,0
-14.2967,134.8887,335.4,1.3,1.1,2014-11-17,0134,Terra,MODIS,76,6.2,308.7,20.8,D,0
-13.4888,134.5582,341.3,1.2,1.1,2014-11-17,0134,Terra,MODIS,81,6.2,314,27.7,D,0
-12.2208,134.123,336.2,1.1,1,2014-11-17,0134,Terra,MODIS,43,6.2,316,19.5,D,0
-12.7089,136.4911,337.1,1.5,1.2,2014-11-17,0134,Terra,MODIS,77,6.2,307.3,36.7,D,0
-14.4246,131.6195,379.3,1,1,2014-11-17,0134,Terra,MODIS,100,6.2,312.9,127.9,D,0
-13.7425,135.5476,337.8,1.4,1.2,2014-11-17,0134,Terra,MODIS,79,6.2,311.3,30.7,D,0
-13.7321,135.549,333.6,1.4,1.2,2014-11-17,0134,Terra,MODIS,47,6.2,312.1,20.3,D,0
-13.7217,135.5503,333.4,1.4,1.2,2014-11-17,0134,Terra,MODIS,61,6.2,311.4,20.2,D,0
-13.7201,135.5379,335.1,1.4,1.2,2014-11-17,0134,Terra,MODIS,74,6.2,313.2,22.8,D,0
-13.7139,135.5445,336.9,1.4,1.2,2014-11-17,0134,Terra,MODIS,73,6.2,312.1,27.2,D,0
-13.7035,135.5458,334.4,1.4,1.2,2014-11-17,0134,Terra,MODIS,49,6.2,311.4,21.5,D,0
-13.9818,134.741,345.2,1.2,1.1,2014-11-17,0134,Terra,MODIS,87,6.2,309.8,42.7,D,0
-13.9902,134.7283,355.6,1.2,1.1,2014-11-17,0134,Terra,MODIS,96,6.2,310,73.5,D,0
-13.9917,134.7397,336.3,1.2,1.1,2014-11-17,0134,Terra,MODIS,66,6.2,306.9,22.6,D,0
-13.6591,135.451,333.6,1.3,1.1,2014-11-17,0134,Terra,MODIS,60,6.2,310.7,21,D,0
-13.7831,135.776,330,1.4,1.2,2014-11-17,0134,Terra,MODIS,59,6.2,308.8,21.5,D,0
-12.3142,132.2284,335,1,1,2014-11-17,0134,Terra,MODIS,15,6.2,316.8,14.7,D,0
-13.669,135.5252,338,1.4,1.2,2014-11-17,0134,Terra,MODIS,73,6.2,310.7,30.7,D,0
-12.0802,135.6841,325.6,1.3,1.1,2014-11-17,0134,Terra,MODIS,47,6.2,307.6,15.2,D,0
-13.9072,135.0209,339.4,1.3,1.1,2014-11-17,0134,Terra,MODIS,73,6.2,313.6,26.6,D,0
-13.9024,134.9858,335.5,1.3,1.1,2014-11-17,0134,Terra,MODIS,73,6.2,310.2,21.6,D,0
-13.4741,133.7083,335.9,1.1,1,2014-11-17,0134,Terra,MODIS,60,6.2,315.5,14.8,D,0
-13.4834,133.707,408.6,1.1,1,2014-11-17,0134,Terra,MODIS,100,6.2,320.7,320.4,D,0
-13.4848,133.7169,412.1,1.1,1,2014-11-17,0134,Terra,MODIS,100,6.2,324.2,347.6,D,0
-13.4932,133.7768,336.3,1.1,1,2014-11-17,0134,Terra,MODIS,30,6.2,317.3,11.5,D,0
-13.4928,133.7057,344.8,1.1,1,2014-11-17,0134,Terra,MODIS,87,6.2,312.7,33.4,D,0
-13.4942,133.7156,336.4,1.1,1,2014-11-17,0134,Terra,MODIS,71,6.2,313.8,15.5,D,0
-13.4956,133.7256,345.7,1.1,1,2014-11-17,0134,Terra,MODIS,88,6.2,314.1,31.2,D,0
-13.4969,133.7356,335.8,1.1,1,2014-11-17,0134,Terra,MODIS,48,6.2,313.3,10.7,D,0
-13.8962,136.7445,347.2,1.7,1.3,2014-11-17,0134,Terra,MODIS,90,6.2,306.9,82,D,0
-13.8943,136.7294,346.7,1.6,1.3,2014-11-17,0134,Terra,MODIS,90,6.2,307.2,80.2,D,0
-14.4551,131.6372,333.5,1,1,2014-11-17,0134,Terra,MODIS,74,6.2,304.2,16.7,D,0
-14.4481,131.6536,332,1,1,2014-11-17,0134,Terra,MODIS,67,6.2,304.5,13.4,D,0
-14.4467,131.6444,347.5,1,1,2014-11-17,0134,Terra,MODIS,91,6.2,305.8,39,D,0
-14.4453,131.6352,338.7,1,1,2014-11-17,0134,Terra,MODIS,82,6.2,306,22.8,D,0
-14.444,131.626,331.8,1,1,2014-11-17,0134,Terra,MODIS,37,6.2,306.3,11.9,D,0
-14.4364,131.6366,338.5,1,1,2014-11-17,0134,Terra,MODIS,81,6.2,306.2,18.1,D,0
-14.435,131.6273,338.1,1,1,2014-11-17,0134,Terra,MODIS,67,6.2,307.6,17.1,D,0
-14.4274,131.6379,341.2,1,1,2014-11-17,0134,Terra,MODIS,85,6.2,308.9,23.8,D,0
-14.426,131.6287,417.9,1,1,2014-11-17,0134,Terra,MODIS,100,6.2,314.2,355.9,D,0
-14.417,131.6301,332.1,1,1,2014-11-17,0134,Terra,MODIS,23,6.2,310.4,10.7,D,0
-14.0189,129.7431,328.3,1.1,1.1,2014-11-17,0134,Terra,MODIS,26,6.2,307.6,12.5,D,0
-13.7123,130.434,331,1.1,1,2014-11-17,0134,Terra,MODIS,24,6.2,308.7,14.4,D,0
-14.5825,142.3452,331.9,4.5,2,2014-11-17,0134,Terra,MODIS,60,6.2,302.8,159.1,D,0
-14.5648,142.3469,326.2,4.5,2,2014-11-17,0134,Terra,MODIS,49,6.2,300.5,114.1,D,0
-13.6674,135.513,339.6,1.4,1.2,2014-11-17,0134,Terra,MODIS,76,6.2,312.1,34.1,D,0
-13.6678,135.4373,332.2,1.3,1.1,2014-11-17,0134,Terra,MODIS,63,6.2,309.8,18.6,D,0
-14.5649,142.3539,327.1,4.5,2,2014-11-17,0134,Terra,MODIS,51,6.2,300.7,125.6,D,0
-14.5825,142.3522,328.8,4.5,2,2014-11-17,0134,Terra,MODIS,33,6.2,303,127.4,D,0
-18.578,137.8549,342.4,2.3,1.5,2014-11-17,0135,Terra,MODIS,85,6.2,315,87.7,D,0
-18.5913,137.8533,349.1,2.3,1.5,2014-11-17,0135,Terra,MODIS,92,6.2,316.6,130.3,D,0
-18.9749,141.9804,330,4.8,2,2014-11-17,0135,Terra,MODIS,49,6.2,299.2,101.7,D,0
-16.3581,132.7691,346.9,1.1,1,2014-11-17,0135,Terra,MODIS,89,6.2,312.5,34.6,D,0
-16.2614,132.6835,334.5,1,1,2014-11-17,0135,Terra,MODIS,48,6.2,313.4,10.4,D,0
-16.231,132.6542,340.3,1,1,2014-11-17,0135,Terra,MODIS,48,6.2,313.8,18.9,D,0
-16.2415,132.6626,339.7,1,1,2014-11-17,0135,Terra,MODIS,69,6.2,314.4,18.8,D,0
-18.9593,141.9865,331,4.8,2,2014-11-17,0135,Terra,MODIS,65,6.2,299.9,105.2,D,0
-15.2817,129.045,337.2,1.2,1.1,2014-11-17,0135,Terra,MODIS,77,6.2,310.3,16.4,D,0
-15.3327,128.9924,331,1.2,1.1,2014-11-17,0135,Terra,MODIS,60,6.2,306.4,11.8,D,0
-16.2024,123.7676,324.8,2.6,1.5,2014-11-17,0135,Terra,MODIS,0,6.2,295.4,38.8,D,0
-16.7756,123.8411,327.1,2.5,1.5,2014-11-17,0135,Terra,MODIS,59,6.2,292.4,51.3,D,0
-16.7683,123.8351,330.4,2.5,1.5,2014-11-17,0135,Terra,MODIS,69,6.2,291.9,64.2,D,0
-16.1834,123.7783,321.4,2.6,1.5,2014-11-17,0135,Terra,MODIS,0,6.2,295,22.5,D,0
-16.1887,123.7706,331.7,2.6,1.5,2014-11-17,0135,Terra,MODIS,0,6.2,296,62.7,D,0
-16.6752,133.9399,330.7,1.2,1.1,2014-11-17,0135,Terra,MODIS,28,6.2,302.7,13.1,D,0
-16.6767,133.951,335.9,1.2,1.1,2014-11-17,0135,Terra,MODIS,73,6.2,303.7,23.8,D,0
-16.6865,133.9497,338.6,1.2,1.1,2014-11-17,0135,Terra,MODIS,51,6.2,307,27.4,D,0
-16.688,133.9608,352.7,1.2,1.1,2014-11-17,0135,Terra,MODIS,94,6.2,306.7,63,D,0
-16.9319,137.2005,331.8,2,1.4,2014-11-17,0135,Terra,MODIS,55,6.2,302.5,40.9,D,0
-17.0401,133.8524,344.1,1.2,1.1,2014-11-17,0135,Terra,MODIS,86,6.2,302.4,42.4,D,0
-17.0417,133.8635,333.2,1.2,1.1,2014-11-17,0135,Terra,MODIS,59,6.2,303,18.3,D,0
-17.0819,133.8514,340.9,1.2,1.1,2014-11-17,0135,Terra,MODIS,82,6.2,304.8,36.2,D,0
-17.1145,137.2032,333.8,2,1.4,2014-11-17,0135,Terra,MODIS,48,6.2,306.2,34.7,D,0
-17.1269,137.2015,335.5,2,1.4,2014-11-17,0135,Terra,MODIS,57,6.2,306,40.2,D,0
-17.1166,137.1962,335.3,2,1.4,2014-11-17,0135,Terra,MODIS,59,6.2,307.5,38.9,D,0
-17.1163,137.0841,337.5,2,1.4,2014-11-17,0135,Terra,MODIS,80,6.2,308.5,53.2,D,0
-16.5404,133.8412,336.3,1.2,1.1,2014-11-17,0135,Terra,MODIS,61,6.2,311.8,21,D,0
-16.5419,133.8522,338.5,1.2,1.1,2014-11-17,0135,Terra,MODIS,67,6.2,310.7,25.3,D,0
-16.5516,133.8508,332.5,1.2,1.1,2014-11-17,0135,Terra,MODIS,31,6.2,312.3,13.6,D,0
-16.5531,133.8618,333.6,1.2,1.1,2014-11-17,0135,Terra,MODIS,50,6.2,309.9,17.2,D,0
-17.1094,131.9836,337.7,1,1,2014-11-17,0135,Terra,MODIS,66,6.2,317.2,10.5,D,0
-16.5457,133.8071,333.6,1.2,1.1,2014-11-17,0135,Terra,MODIS,58,6.2,313.7,14.2,D,0
-16.5472,133.818,331.8,1.2,1.1,2014-11-17,0135,Terra,MODIS,33,6.2,311.5,11.1,D,0
-17.2137,131.7482,339,1,1,2014-11-17,0135,Terra,MODIS,51,6.2,317.8,11.2,D,0
-16.8436,132.7713,345.3,1.1,1,2014-11-17,0135,Terra,MODIS,87,6.2,315.2,30.5,D,0
-17.2731,131.7139,339.2,1,1,2014-11-17,0135,Terra,MODIS,70,6.2,318.1,13.1,D,0
-16.7627,134.0581,355.2,1.2,1.1,2014-11-17,0135,Terra,MODIS,96,6.2,311.2,71.4,D,0
-16.7642,134.0694,340,1.2,1.1,2014-11-17,0135,Terra,MODIS,81,6.2,307.7,31.6,D,0
-16.7726,134.0567,338.7,1.2,1.1,2014-11-17,0135,Terra,MODIS,79,6.2,311.3,26.7,D,0
-16.7741,134.068,337.1,1.2,1.1,2014-11-17,0135,Terra,MODIS,76,6.2,307.9,24.2,D,0
-16.7854,134.0779,330.1,1.2,1.1,2014-11-17,0135,Terra,MODIS,35,6.2,308.4,10.5,D,0
-16.787,134.0892,333,1.2,1.1,2014-11-17,0135,Terra,MODIS,63,6.2,309.7,16.7,D,0
-16.8347,132.8906,336.5,1.1,1,2014-11-17,0135,Terra,MODIS,73,6.2,311,15.5,D,0
-16.8361,132.9007,340.4,1.1,1,2014-11-17,0135,Terra,MODIS,80,6.2,313.2,22.2,D,0
-16.8375,132.9107,339.6,1.1,1,2014-11-17,0135,Terra,MODIS,77,6.2,314.2,20.5,D,0
-16.8389,132.9208,339,1.1,1,2014-11-17,0135,Terra,MODIS,66,6.2,313.8,18.9,D,0
-16.8403,132.9308,340.9,1.1,1,2014-11-17,0135,Terra,MODIS,75,6.2,312.9,22.6,D,0
-16.8418,132.9409,355,1.1,1,2014-11-17,0135,Terra,MODIS,96,6.2,314.4,55.1,D,0
-16.8076,134.1676,332.4,1.2,1.1,2014-11-17,0135,Terra,MODIS,58,6.2,302.6,18.4,D,0
-16.7537,133.9905,347.1,1.2,1.1,2014-11-17,0135,Terra,MODIS,89,6.2,309.2,45.7,D,0
-16.7552,134.0017,357.1,1.2,1.1,2014-11-17,0135,Terra,MODIS,98,6.2,311.6,76.7,D,0
-16.7597,134.0355,363.9,1.2,1.1,2014-11-17,0135,Terra,MODIS,100,6.2,308,100.6,D,0
-16.7612,134.0468,357.2,1.2,1.1,2014-11-17,0135,Terra,MODIS,98,6.2,309.9,77.6,D,0
-16.7635,133.9891,344.2,1.2,1.1,2014-11-17,0135,Terra,MODIS,86,6.2,308.9,36.9,D,0
-16.765,134.0004,331.6,1.2,1.1,2014-11-17,0135,Terra,MODIS,52,6.2,309,12.2,D,0
-16.8208,132.9954,332.9,1.1,1,2014-11-17,0135,Terra,MODIS,44,6.2,311,13.7,D,0
-17.5177,135.1922,338.9,1.4,1.2,2014-11-17,0135,Terra,MODIS,44,6.2,309.9,38.6,D,0
-16.7898,136.2372,331.9,1.7,1.3,2014-11-17,0135,Terra,MODIS,59,6.2,307.1,25.1,D,0
-16.7917,136.2527,348.5,1.7,1.3,2014-11-17,0135,Terra,MODIS,92,6.2,310.3,82.5,D,0
-16.7936,136.2682,333.7,1.7,1.3,2014-11-17,0135,Terra,MODIS,60,6.2,310.9,25.9,D,0
-16.8051,136.2668,350,1.7,1.3,2014-11-17,0135,Terra,MODIS,93,6.2,313,83.4,D,0
-17.2654,131.7247,338.1,1,1,2014-11-17,0135,Terra,MODIS,51,6.2,317.6,11.4,D,0
-17.2175,135.4527,357.7,1.5,1.2,2014-11-17,0135,Terra,MODIS,98,6.2,310.1,106.1,D,0
-17.2192,135.4666,340.7,1.5,1.2,2014-11-17,0135,Terra,MODIS,80,6.2,309.5,44,D,0
-17.2283,135.4512,338.3,1.5,1.2,2014-11-17,0135,Terra,MODIS,63,6.2,313,29.4,D,0
-17.2301,135.4651,342.7,1.5,1.2,2014-11-17,0135,Terra,MODIS,76,6.2,313.4,45.8,D,0
-16.856,132.861,336.7,1.1,1,2014-11-17,0135,Terra,MODIS,50,6.2,312.5,14.4,D,0
-16.8704,132.8283,345,1.1,1,2014-11-17,0135,Terra,MODIS,87,6.2,312.4,30.5,D,0
-17.0756,135.4277,335,1.5,1.2,2014-11-17,0135,Terra,MODIS,71,6.2,312.5,21.5,D,0
-17.0774,135.4416,340.6,1.5,1.2,2014-11-17,0135,Terra,MODIS,83,6.2,311.2,38.2,D,0
-17.0883,135.4401,343.9,1.5,1.2,2014-11-17,0135,Terra,MODIS,87,6.2,314.9,47,D,0
-17.0901,135.4541,340,1.5,1.2,2014-11-17,0135,Terra,MODIS,79,6.2,314,35.5,D,0
-17.0797,135.4349,342.4,1.5,1.2,2014-11-17,0135,Terra,MODIS,85,6.2,313.4,42.4,D,0
-17.0814,135.4489,333.6,1.5,1.2,2014-11-17,0135,Terra,MODIS,33,6.2,311.2,18.2,D,0
-17.0923,135.4474,342.9,1.5,1.2,2014-11-17,0135,Terra,MODIS,86,6.2,315.5,43.8,D,0
-17.3139,135.4051,337.1,1.5,1.2,2014-11-17,0135,Terra,MODIS,79,6.2,313.1,28.1,D,0
-17.3156,135.419,333.9,1.5,1.2,2014-11-17,0135,Terra,MODIS,63,6.2,312.1,18.5,D,0
-17.3265,135.4176,340,1.5,1.2,2014-11-17,0135,Terra,MODIS,83,6.2,313.5,37.8,D,0
-17.3373,135.4162,332.8,1.5,1.2,2014-11-17,0135,Terra,MODIS,35,6.2,312.8,18.2,D,0
-17.6436,135.2948,340.2,1.5,1.2,2014-11-17,0135,Terra,MODIS,60,6.2,313,36.2,D,0
-17.1532,137.0793,336.9,2,1.4,2014-11-17,0135,Terra,MODIS,79,6.2,306.6,51.1,D,0
-15.9753,129.2857,338,1.1,1.1,2014-11-17,0135,Terra,MODIS,76,6.2,312.7,16.6,D,0
-17.1553,137.0977,352.3,2,1.4,2014-11-17,0135,Terra,MODIS,94,6.2,310.3,123.9,D,0
-16.2265,130.0659,337.8,1,1,2014-11-17,0135,Terra,MODIS,46,6.2,310.6,21.9,D,0
-16.3262,130.0536,340.2,1,1,2014-11-17,0135,Terra,MODIS,68,6.2,308.2,23.8,D,0
-15.8928,129.3479,337.6,1.1,1,2014-11-17,0135,Terra,MODIS,71,6.2,306.5,19.6,D,0
-15.9769,129.2961,338.6,1.1,1.1,2014-11-17,0135,Terra,MODIS,77,6.2,309.7,17.4,D,0
-17.6328,135.2962,364.3,1.5,1.2,2014-11-17,0135,Terra,MODIS,100,6.2,312.7,136.6,D,0
-17.6311,135.2824,371.9,1.5,1.2,2014-11-17,0135,Terra,MODIS,100,6.2,314.9,175.2,D,0
-17.1286,137.0825,349.8,2,1.4,2014-11-17,0135,Terra,MODIS,92,6.2,309.9,113.6,D,0
-18.6329,137.9851,331.1,2.4,1.5,2014-11-17,0135,Terra,MODIS,28,6.2,313.7,29.3,D,0
-18.6354,138.0079,332.6,2.4,1.5,2014-11-17,0135,Terra,MODIS,58,6.2,312.8,40.5,D,0
-16.3015,135.5244,364.4,1.5,1.2,2014-11-17,0135,Terra,MODIS,100,6.2,311.8,136.5,D,0
-16.2998,135.5106,369.5,1.5,1.2,2014-11-17,0135,Terra,MODIS,100,6.2,312.5,163.1,D,0
-17.1452,137.1176,334.2,2,1.4,2014-11-17,0135,Terra,MODIS,64,6.2,310.2,31.6,D,0
-17.143,137.0992,361.8,2,1.4,2014-11-17,0135,Terra,MODIS,100,6.2,309,185.5,D,0
-17.1575,137.116,334.1,2,1.4,2014-11-17,0135,Terra,MODIS,63,6.2,309.9,33.2,D,0
-18.971,141.9348,327.4,4.8,2,2014-11-17,0135,Terra,MODIS,24,6.2,299.9,72,D,0
-18.9733,141.9394,332.6,4.8,2,2014-11-17,0135,Terra,MODIS,70,6.2,299.8,128.3,D,0
-16.8023,134.2034,340.7,1.2,1.1,2014-11-17,0135,Terra,MODIS,82,6.2,304.8,36.5,D,0
-16.8153,134.2251,330.7,1.2,1.1,2014-11-17,0135,Terra,MODIS,45,6.2,305.7,13.7,D,0
-16.8253,134.2237,337.6,1.2,1.1,2014-11-17,0135,Terra,MODIS,77,6.2,305.9,25.3,D,0
-16.8268,134.2353,346.3,1.2,1.1,2014-11-17,0135,Terra,MODIS,89,6.2,304.3,47.3,D,0
-16.4198,133.6994,344,1.2,1.1,2014-11-17,0135,Terra,MODIS,86,6.2,310.1,37.7,D,0
-16.4213,133.7101,336,1.2,1.1,2014-11-17,0135,Terra,MODIS,64,6.2,311.9,20.4,D,0
-16.4241,133.7316,336.2,1.2,1.1,2014-11-17,0135,Terra,MODIS,73,6.2,311.9,19,D,0
-16.427,133.7531,339.7,1.2,1.1,2014-11-17,0135,Terra,MODIS,80,6.2,311.4,26.7,D,0
-16.4285,133.7639,341.7,1.2,1.1,2014-11-17,0135,Terra,MODIS,83,6.2,311.1,31.6,D,0
-16.4381,133.7625,330.5,1.2,1.1,2014-11-17,0135,Terra,MODIS,34,6.2,310.5,10.5,D,0
-16.4568,133.6832,330.6,1.1,1.1,2014-11-17,0135,Terra,MODIS,24,6.2,310.3,11.5,D,0
-16.8383,134.2455,346.2,1.2,1.1,2014-11-17,0135,Terra,MODIS,89,6.2,303.1,47.3,D,0
-16.8399,134.257,346.2,1.2,1.1,2014-11-17,0135,Terra,MODIS,89,6.2,300.6,49.7,D,0
-16.8394,134.2512,349.8,1.2,1.1,2014-11-17,0135,Terra,MODIS,92,6.2,303,59.7,D,0
-16.8494,134.2498,332.3,1.2,1.1,2014-11-17,0135,Terra,MODIS,34,6.2,303.6,17.2,D,0
-15.6923,129.6497,339.5,1.1,1,2014-11-17,0135,Terra,MODIS,79,6.2,311.1,22.5,D,0
-15.6079,129.8227,338.2,1.1,1,2014-11-17,0135,Terra,MODIS,66,6.2,309.5,21.8,D,0
-17.1307,137.1008,339.8,2,1.4,2014-11-17,0135,Terra,MODIS,82,6.2,311.9,58.2,D,0
-16.2907,135.5258,361.9,1.5,1.2,2014-11-17,0135,Terra,MODIS,100,6.2,312.6,121.8,D,0
-16.289,135.512,377.7,1.5,1.2,2014-11-17,0135,Terra,MODIS,100,6.2,314.2,213.5,D,0
-16.2799,135.5273,338.8,1.5,1.2,2014-11-17,0135,Terra,MODIS,79,6.2,311.9,31.2,D,0
-16.2782,135.5135,339.7,1.5,1.2,2014-11-17,0135,Terra,MODIS,80,6.2,312,34.7,D,0
-18.5641,137.8171,336.6,2.3,1.5,2014-11-17,0135,Terra,MODIS,77,6.2,309.5,66.7,D,0
-18.5666,137.8392,346.2,2.3,1.5,2014-11-17,0135,Terra,MODIS,89,6.2,313.9,121.4,D,0
-18.5622,137.8341,341,2.3,1.5,2014-11-17,0135,Terra,MODIS,83,6.2,313,88.3,D,0
-18.5756,137.8327,361.1,2.3,1.5,2014-11-17,0135,Terra,MODIS,100,6.2,314.3,237.4,D,0
-18.5841,137.7872,340.8,2.3,1.5,2014-11-17,0135,Terra,MODIS,83,6.2,303,101.5,D,0
-18.5865,137.8091,390.5,2.3,1.5,2014-11-17,0135,Terra,MODIS,100,6.2,311.6,632,D,0
-18.5889,137.8312,367.5,2.3,1.5,2014-11-17,0135,Terra,MODIS,100,6.2,315.6,302,D,0
-17.1696,124.0076,339.6,2.3,1.5,2014-11-17,0135,Terra,MODIS,84,6.2,300.2,97.4,D,0
-16.0246,129.4769,342.2,1.1,1,2014-11-17,0135,Terra,MODIS,83,6.2,312.5,22.4,D,0
-16.0339,129.4753,342.5,1.1,1,2014-11-17,0135,Terra,MODIS,83,6.2,312.2,23.1,D,0
-18.2247,130.6732,360.8,1,1,2014-11-17,0135,Terra,MODIS,100,6.2,318.8,59.3,D,0
-18.2233,130.6638,340.1,1,1,2014-11-17,0135,Terra,MODIS,71,6.2,317.1,14.7,D,0
-16.378,130.1572,359.9,1,1,2014-11-17,0135,Terra,MODIS,99,6.2,308.9,71.8,D,0
-16.1215,129.8126,377.6,1.1,1,2014-11-17,0135,Terra,MODIS,100,6.2,317.6,128.1,D,0
-16.2354,130.3688,334.1,1,1,2014-11-17,0135,Terra,MODIS,41,6.2,312.7,9.9,D,0
-16.2459,130.3768,336,1,1,2014-11-17,0135,Terra,MODIS,19,6.2,314.6,11.9,D,0
-16.3689,130.1587,368.7,1,1,2014-11-17,0135,Terra,MODIS,100,6.2,311.3,95.7,D,0
-16.7713,123.8175,333.1,2.5,1.5,2014-11-17,0135,Terra,MODIS,75,6.2,292.5,81,D,0
-16.3532,130.3535,336.3,1,1,2014-11-17,0135,Terra,MODIS,27,6.2,313.7,12.1,D,0
-16.393,130.1941,372.7,1,1,2014-11-17,0135,Terra,MODIS,100,6.2,308,111.3,D,0
-16.39,130.1749,335,1,1,2014-11-17,0135,Terra,MODIS,52,6.2,303.4,16.9,D,0
-15.0895,128.5495,341.6,1.2,1.1,2014-11-17,0135,Terra,MODIS,85,6.2,307.4,32.3,D,0
-16.3651,130.3711,335.9,1,1,2014-11-17,0135,Terra,MODIS,51,6.2,313,12.2,D,0
-16.3598,130.1602,383.4,1,1,2014-11-17,0135,Terra,MODIS,100,6.2,311,149.7,D,0
-16.3795,130.1668,366,1,1,2014-11-17,0135,Terra,MODIS,100,6.2,311.1,88.7,D,0
-16.3703,130.1683,348.8,1,1,2014-11-17,0135,Terra,MODIS,86,6.2,303.6,39.6,D,0
-16.1307,129.8111,335.4,1.1,1,2014-11-17,0135,Terra,MODIS,56,6.2,309.8,17.1,D,0
-16.4065,130.2214,340.5,1,1,2014-11-17,0135,Terra,MODIS,64,6.2,309.3,23.6,D,0
-16.405,130.2119,340,1,1,2014-11-17,0135,Terra,MODIS,72,6.2,307.9,24.3,D,0
-15.8918,130.898,341.5,1,1,2014-11-17,0135,Terra,MODIS,82,6.2,312.5,21.1,D,0
-15.49,128.8196,330.5,1.2,1.1,2014-11-17,0135,Terra,MODIS,36,6.2,306.7,12.3,D,0
-16.3886,130.1653,344.3,1,1,2014-11-17,0135,Terra,MODIS,81,6.2,305.4,34.2,D,0
-18.2219,130.6544,338.4,1,1,2014-11-17,0135,Terra,MODIS,72,6.2,316.2,13,D,0
-16.123,129.8225,357.9,1.1,1,2014-11-17,0135,Terra,MODIS,98,6.2,315.8,59.4,D,0
-16.3809,130.1764,337.1,1,1,2014-11-17,0135,Terra,MODIS,38,6.2,312,20.9,D,0
-15.9851,129.817,339.4,1.1,1,2014-11-17,0135,Terra,MODIS,61,6.2,311.5,17.1,D,0
-16.1034,129.8019,335.9,1.1,1,2014-11-17,0135,Terra,MODIS,64,6.2,313.3,10.8,D,0
-15.6849,127.362,336.7,1.4,1.2,2014-11-17,0135,Terra,MODIS,75,6.2,307.3,20.8,D,0
-17.1656,123.9857,335.8,2.4,1.5,2014-11-17,0135,Terra,MODIS,79,6.2,296,76.4,D,0
-18.2295,130.6436,341.2,1,1,2014-11-17,0135,Terra,MODIS,82,6.2,316.5,19,D,0
-17.1869,124.0268,325.5,2.3,1.5,2014-11-17,0135,Terra,MODIS,36,6.2,299.5,27.2,D,0
-17.1829,124.005,342.1,2.3,1.5,2014-11-17,0135,Terra,MODIS,86,6.2,299.3,109.2,D,0
-17.1747,124.0135,338,2.3,1.5,2014-11-17,0135,Terra,MODIS,82,6.2,300.7,84.6,D,0
-17.1707,123.9915,345.1,2.4,1.5,2014-11-17,0135,Terra,MODIS,89,6.2,297,129.2,D,0
-15.2214,128.9953,342,1.2,1.1,2014-11-17,0135,Terra,MODIS,80,6.2,309.2,25.2,D,0
-15.2511,129.039,337.7,1.2,1.1,2014-11-17,0135,Terra,MODIS,78,6.2,312.4,17.1,D,0
-15.259,129.0267,360.4,1.2,1.1,2014-11-17,0135,Terra,MODIS,100,6.2,312.6,76,D,0
-15.2607,129.0375,361.2,1.2,1.1,2014-11-17,0135,Terra,MODIS,100,6.2,312.1,79.1,D,0
-15.8383,130.8491,336.6,1,1,2014-11-17,0135,Terra,MODIS,73,6.2,312.4,11.9,D,0
-15.1317,128.9494,345.7,1.2,1.1,2014-11-17,0135,Terra,MODIS,89,6.2,310.3,37.5,D,0
-19.7041,121.3611,389.5,3.3,1.7,2014-11-17,0136,Terra,MODIS,87,6.2,299.2,1015.2,D,0
-19.7101,121.3918,357.1,3.2,1.7,2014-11-17,0136,Terra,MODIS,93,6.2,299.2,359.9,D,0
-19.7253,121.3882,327,3.2,1.7,2014-11-17,0136,Terra,MODIS,70,6.2,297.9,67.5,D,0
-19.6999,121.3559,363.6,3.3,1.7,2014-11-17,0136,Terra,MODIS,94,6.2,298,458.5,D,0
-19.7062,121.3867,363.7,3.2,1.7,2014-11-17,0136,Terra,MODIS,94,6.2,299.3,459.2,D,0
-19.7213,121.3832,337.1,3.2,1.7,2014-11-17,0136,Terra,MODIS,77,6.2,298.6,144,D,0
-18.7136,126.7794,349.3,1.4,1.2,2014-11-17,0136,Terra,MODIS,87,6.2,310.4,60.9,D,0
-18.7158,126.7925,335.3,1.4,1.2,2014-11-17,0136,Terra,MODIS,75,6.2,309.5,20.9,D,0
-21.2099,119.4985,331.6,4.1,1.9,2014-11-17,0137,Terra,MODIS,75,6.2,297.9,150.5,D,0
-21.2122,119.4902,334.6,4.1,1.9,2014-11-17,0137,Terra,MODIS,79,6.2,297.8,179.3,D,0
-21.2184,119.5381,327.5,4.1,1.9,2014-11-17,0137,Terra,MODIS,67,6.2,299.8,103,D,0
-21.2351,119.5344,330,4.1,1.9,2014-11-17,0137,Terra,MODIS,72,6.2,300.3,125.5,D,0
-21.2517,119.5301,358.4,4.1,1.9,2014-11-17,0137,Terra,MODIS,99,6.2,299.4,536.1,D,0
-21.2597,119.5683,328.6,4.1,1.9,2014-11-17,0137,Terra,MODIS,70,6.2,298.6,108,D,0
-21.2209,119.5297,329.6,4.1,1.9,2014-11-17,0137,Terra,MODIS,71,6.2,299.9,119.1,D,0
-21.2376,119.5259,341,4.1,1.9,2014-11-17,0137,Terra,MODIS,86,6.2,300.5,250.4,D,0
-21.2459,119.5641,325.3,4.1,1.9,2014-11-17,0137,Terra,MODIS,56,6.2,299.3,73.1,D,0
-21.2543,119.522,352.8,4.1,1.9,2014-11-17,0137,Terra,MODIS,95,6.2,298.5,435.9,D,0
-21.2626,119.5602,326.7,4.1,1.9,2014-11-17,0137,Terra,MODIS,64,6.2,298.4,93,D,0
-21.2267,119.4947,341.6,4.1,1.9,2014-11-17,0137,Terra,MODIS,87,6.2,298.4,268.5,D,0
-21.2435,119.491,326.7,4.1,1.9,2014-11-17,0137,Terra,MODIS,65,6.2,296.7,108.2,D,0
-21.229,119.4863,333.3,4.1,1.9,2014-11-17,0137,Terra,MODIS,77,6.2,297.3,171.5,D,0
-21.5564,119.9071,326.3,3.8,1.8,2014-11-17,0137,Terra,MODIS,62,6.2,298.4,83.9,D,0
-42.347,147.2795,337.4,1,1,2014-11-17,0415,Aqua,MODIS,90,6.2,294.6,35.9,D,0
-42.3488,147.2673,328.4,1,1,2014-11-17,0415,Aqua,MODIS,81,6.2,291.5,24,D,0
-41.821,147.4184,335.2,1,1,2014-11-17,0416,Aqua,MODIS,89,6.2,299.5,29.7,D,0
-41.02,147.0929,310.9,1,1,2014-11-17,0416,Aqua,MODIS,70,6.2,295.2,6.7,D,0
-30.0932,152.1588,328.9,2.5,1.5,2014-11-17,0418,Aqua,MODIS,69,6.2,300.9,69,D,0
-27.7363,150.5091,338.2,2.2,1.4,2014-11-17,0419,Aqua,MODIS,63,6.2,316.8,65.4,D,0
-30.4015,148.1475,347.2,1.4,1.2,2014-11-17,0419,Aqua,MODIS,89,6.2,320,51.1,D,0
-30.5475,144.5593,335.9,1,1,2014-11-17,0419,Aqua,MODIS,72,6.2,321,13,D,0
-30.546,144.5697,332.2,1,1,2014-11-17,0419,Aqua,MODIS,59,6.2,320.1,7.6,D,0
-24.9766,148.6922,331.8,1.9,1.3,2014-11-17,0420,Aqua,MODIS,40,6.2,308.1,28,D,0
-24.905,148.2149,327.9,1.7,1.3,2014-11-17,0420,Aqua,MODIS,56,6.2,298.4,35.5,D,0
-24.9082,148.1973,339.4,1.7,1.3,2014-11-17,0420,Aqua,MODIS,83,6.2,300.4,72.4,D,0
-25.2112,151.1009,335.5,2.7,1.6,2014-11-17,0420,Aqua,MODIS,75,6.2,308.6,68.2,D,0
-25.2235,151.0993,334,2.7,1.6,2014-11-17,0420,Aqua,MODIS,72,6.2,306.5,58.5,D,0
-25.2094,151.096,333,2.7,1.6,2014-11-17,0420,Aqua,MODIS,64,6.2,309,52.9,D,0
-25.4762,150.409,331.3,2.4,1.5,2014-11-17,0420,Aqua,MODIS,60,6.2,311.1,37.9,D,0
-25.5075,150.392,339.9,2.4,1.5,2014-11-17,0420,Aqua,MODIS,82,6.2,311.2,84.4,D,0
-25.5028,150.4156,333.3,2.4,1.5,2014-11-17,0420,Aqua,MODIS,65,6.2,308,50.7,D,0
-25.5341,150.3984,333.6,2.4,1.5,2014-11-17,0420,Aqua,MODIS,70,6.2,310.7,49.8,D,0
-25.5208,150.3952,342.8,2.4,1.5,2014-11-17,0420,Aqua,MODIS,85,6.2,311.6,105.3,D,0
-24.0557,149.0885,331.9,2.1,1.4,2014-11-17,0420,Aqua,MODIS,50,6.2,301.6,49.6,D,0
-24.055,149.0808,338.8,2.1,1.4,2014-11-17,0420,Aqua,MODIS,73,6.2,305,75.8,D,0
-20.743,148.374,331.6,2.2,1.4,2014-11-17,0421,Aqua,MODIS,47,6.2,307.5,48.3,D,0
-16.913,143.0585,338.4,1.1,1.1,2014-11-17,0422,Aqua,MODIS,77,6.2,319.4,12.9,D,0
-17.6477,135.2951,339.1,1.8,1.3,2014-11-17,0422,Aqua,MODIS,58,6.2,314.7,41.6,D,0
-17.3762,142.9844,340.5,1.1,1.1,2014-11-17,0422,Aqua,MODIS,74,6.2,315.1,22.7,D,0
-17.3873,142.9755,342.2,1.1,1.1,2014-11-17,0422,Aqua,MODIS,79,6.2,316.1,26.4,D,0
-16.9114,143.0692,336.8,1.1,1.1,2014-11-17,0422,Aqua,MODIS,59,6.2,319.2,9.9,D,0
-17.273,142.864,351.8,1.1,1.1,2014-11-17,0422,Aqua,MODIS,93,6.2,314.1,49,D,0
-17.1363,143.2147,344.2,1.2,1.1,2014-11-17,0422,Aqua,MODIS,82,6.2,319.2,27,D,0
-16.9784,143.1093,340.5,1.1,1.1,2014-11-17,0422,Aqua,MODIS,53,6.2,319,18.3,D,0
-16.98,143.0986,339.3,1.1,1.1,2014-11-17,0422,Aqua,MODIS,41,6.2,318.7,16.4,D,0
-16.9322,143.0618,343.9,1.1,1.1,2014-11-17,0422,Aqua,MODIS,85,6.2,321.4,24.3,D,0
-17.8274,142.5087,344.4,1.1,1,2014-11-17,0422,Aqua,MODIS,86,6.2,320.4,22.2,D,0
-17.7671,142.4818,344.3,1.1,1,2014-11-17,0422,Aqua,MODIS,86,6.2,318.9,22.7,D,0
-17.7686,142.4718,351.5,1.1,1,2014-11-17,0422,Aqua,MODIS,93,6.2,319.6,37.9,D,0
-17.1442,143.2271,339.8,1.2,1.1,2014-11-17,0422,Aqua,MODIS,54,6.2,320.5,17.8,D,0
-17.3573,142.9812,337.1,1.1,1.1,2014-11-17,0422,Aqua,MODIS,70,6.2,311.6,16.7,D,0
-17.0229,143.1389,348,1.2,1.1,2014-11-17,0422,Aqua,MODIS,90,6.2,319.5,33.9,D,0
-19.5908,143.0887,358.2,1.1,1,2014-11-17,0422,Aqua,MODIS,86,6.2,316.5,64.9,D,0
-18.9967,141.83,351.4,1,1,2014-11-17,0422,Aqua,MODIS,86,6.2,313.6,46.1,D,0
-17.1676,142.855,339.4,1.1,1.1,2014-11-17,0422,Aqua,MODIS,75,6.2,316.9,18.1,D,0
-17.0441,143.1481,342.5,1.2,1.1,2014-11-17,0422,Aqua,MODIS,83,6.2,320.2,18.9,D,0
-17.1061,143.1918,343.5,1.2,1.1,2014-11-17,0422,Aqua,MODIS,64,6.2,321.4,21.6,D,0
-17.3589,142.9707,352,1.1,1.1,2014-11-17,0422,Aqua,MODIS,93,6.2,314.6,50,D,0
-17.0325,143.1405,342.9,1.2,1.1,2014-11-17,0422,Aqua,MODIS,84,6.2,320.7,23.3,D,0
-17.3859,142.6304,344.6,1.1,1,2014-11-17,0422,Aqua,MODIS,86,6.2,316.6,27.6,D,0
-16.9226,143.0602,362.4,1.1,1.1,2014-11-17,0422,Aqua,MODIS,100,6.2,320.3,75.6,D,0
-16.9209,143.0708,364.6,1.1,1.1,2014-11-17,0422,Aqua,MODIS,100,6.2,319.2,84,D,0
-17.2409,145.5171,335.2,1.6,1.2,2014-11-17,0422,Aqua,MODIS,70,6.2,315.6,25.1,D,0
-17.3299,142.6209,335.5,1.1,1,2014-11-17,0422,Aqua,MODIS,20,6.2,315.8,14.6,D,0
-17.5214,135.1872,336.7,1.8,1.3,2014-11-17,0422,Aqua,MODIS,33,6.2,317,25.7,D,0
-17.644,135.2843,347.9,1.8,1.3,2014-11-17,0422,Aqua,MODIS,82,6.2,317,73.1,D,0
-17.3672,142.6272,364.5,1.1,1,2014-11-17,0422,Aqua,MODIS,100,6.2,314.7,84.7,D,0
-17.0886,143.1778,355.6,1.2,1.1,2014-11-17,0422,Aqua,MODIS,96,6.2,320.6,53.4,D,0
-17.3687,142.6171,336.6,1.1,1,2014-11-17,0422,Aqua,MODIS,58,6.2,312.9,16.7,D,0
-17.0711,143.1637,339,1.2,1.1,2014-11-17,0422,Aqua,MODIS,20,6.2,319.4,12.1,D,0
-17.0965,143.1902,343.6,1.2,1.1,2014-11-17,0422,Aqua,MODIS,79,6.2,320.2,21.8,D,0
-17.1692,142.8446,341.5,1.1,1.1,2014-11-17,0422,Aqua,MODIS,82,6.2,316.8,23,D,0
-16.9626,143.0847,337.9,1.1,1.1,2014-11-17,0422,Aqua,MODIS,69,6.2,319.6,15.7,D,0
-17.5803,135.252,336.2,1.8,1.3,2014-11-17,0422,Aqua,MODIS,53,6.2,314.4,27.7,D,0
-17.1747,143.2213,353.7,1.2,1.1,2014-11-17,0422,Aqua,MODIS,95,6.2,314.6,55,D,0
-17.0246,143.1281,341.9,1.1,1.1,2014-11-17,0422,Aqua,MODIS,66,6.2,317.9,19.2,D,0
-19.1588,142.3537,376.2,1,1,2014-11-17,0422,Aqua,MODIS,100,6.2,320.9,116.3,D,0
-19.1125,142.5371,355.8,1,1,2014-11-17,0422,Aqua,MODIS,83,6.2,320.1,54.8,D,0
-19.1573,142.3635,347,1,1,2014-11-17,0422,Aqua,MODIS,76,6.2,318.5,29.8,D,0
-19.111,142.547,375.2,1,1,2014-11-17,0422,Aqua,MODIS,100,6.2,321.8,113.8,D,0
-19.1511,142.3424,363,1,1,2014-11-17,0422,Aqua,MODIS,100,6.2,319.8,75.3,D,0
-19.1202,142.5486,349.5,1,1,2014-11-17,0422,Aqua,MODIS,57,6.2,323.1,36.7,D,0
-19.1497,142.3522,393.5,1,1,2014-11-17,0422,Aqua,MODIS,100,6.2,325.4,199.5,D,0
-19.1391,142.3604,350.6,1,1,2014-11-17,0422,Aqua,MODIS,88,6.2,319.2,40.1,D,0
-19.1208,142.3573,357.4,1,1,2014-11-17,0422,Aqua,MODIS,98,6.2,314.6,55.8,D,0
-19.1405,142.3506,377.6,1,1,2014-11-17,0422,Aqua,MODIS,100,6.2,321.2,123.9,D,0
-19.13,142.3589,357.8,1,1,2014-11-17,0422,Aqua,MODIS,98,6.2,316.3,55.8,D,0
-19.142,142.3409,344.9,1,1,2014-11-17,0422,Aqua,MODIS,69,6.2,316.9,32,D,0
-19.1088,142.3753,349.1,1,1,2014-11-17,0422,Aqua,MODIS,86,6.2,303.1,37.1,D,0
-17.3857,142.986,345.4,1.1,1.1,2014-11-17,0422,Aqua,MODIS,87,6.2,315.1,33.6,D,0
-17.5922,135.2535,339.3,1.8,1.3,2014-11-17,0422,Aqua,MODIS,72,6.2,316.6,39.4,D,0
-17.2382,142.8735,339.5,1.1,1.1,2014-11-17,0422,Aqua,MODIS,53,6.2,315,20.5,D,0
-17.0071,143.1142,351.9,1.1,1.1,2014-11-17,0422,Aqua,MODIS,93,6.2,316.1,45.1,D,0
-17.2697,142.8575,340.2,1.1,1.1,2014-11-17,0422,Aqua,MODIS,80,6.2,313.2,21.1,D,0
-17.5902,135.2707,336.1,1.8,1.3,2014-11-17,0422,Aqua,MODIS,54,6.2,313.1,30.4,D,0
-17.2681,142.8679,341.5,1.1,1.1,2014-11-17,0422,Aqua,MODIS,82,6.2,314.4,24.8,D,0
-17.2746,142.8536,341.7,1.1,1.1,2014-11-17,0422,Aqua,MODIS,82,6.2,313.5,25.4,D,0
-17.2665,142.8783,335.9,1.1,1.1,2014-11-17,0422,Aqua,MODIS,59,6.2,313.6,15.5,D,0
-16.879,143.0035,337.9,1.1,1.1,2014-11-17,0422,Aqua,MODIS,71,6.2,315.5,17.5,D,0
-16.9496,143.0757,340.7,1.1,1.1,2014-11-17,0422,Aqua,MODIS,81,6.2,319.2,20.3,D,0
-17.0519,143.1605,347.4,1.2,1.1,2014-11-17,0422,Aqua,MODIS,89,6.2,321,31.5,D,0
-17.2225,142.8495,336.4,1.1,1.1,2014-11-17,0422,Aqua,MODIS,24,6.2,314.7,12.1,D,0
-17.4224,142.6848,334.5,1.1,1,2014-11-17,0422,Aqua,MODIS,43,6.2,316.4,9,D,0
-17.6378,135.2766,342.1,1.8,1.3,2014-11-17,0422,Aqua,MODIS,65,6.2,315.8,50.3,D,0
-17.6358,135.2936,349.4,1.8,1.3,2014-11-17,0422,Aqua,MODIS,92,6.2,314,88.4,D,0
-17.3765,142.6288,339.4,1.1,1,2014-11-17,0422,Aqua,MODIS,72,6.2,316.6,19.4,D,0
-17.3206,142.6193,358.2,1.1,1,2014-11-17,0422,Aqua,MODIS,98,6.2,318.7,64.5,D,0
-17.2323,143.2481,338.9,1.2,1.1,2014-11-17,0422,Aqua,MODIS,48,6.2,318.4,17.3,D,0
-17.7516,142.4587,342.3,1.1,1,2014-11-17,0422,Aqua,MODIS,83,6.2,318.1,18.2,D,0
-17.1894,142.8759,334,1.1,1.1,2014-11-17,0422,Aqua,MODIS,58,6.2,314.7,11.1,D,0
-17.2335,142.8407,338,1.1,1.1,2014-11-17,0422,Aqua,MODIS,71,6.2,315.7,15.4,D,0
-17.3097,142.6279,356.1,1.1,1,2014-11-17,0422,Aqua,MODIS,97,6.2,315.7,56.4,D,0
-17.3112,142.6178,340.5,1.1,1,2014-11-17,0422,Aqua,MODIS,63,6.2,313.5,20.9,D,0
-17.2004,142.8671,334.8,1.1,1.1,2014-11-17,0422,Aqua,MODIS,19,6.2,314.6,11.5,D,0
-17.1988,142.8774,364.8,1.1,1.1,2014-11-17,0422,Aqua,MODIS,100,6.2,316.1,87.8,D,0
-17.7594,142.4702,355.9,1.1,1,2014-11-17,0422,Aqua,MODIS,97,6.2,319.5,49.6,D,0
-17.7501,142.4687,339.3,1.1,1,2014-11-17,0422,Aqua,MODIS,67,6.2,317.7,12.8,D,0
-17.2714,142.8743,343.1,1.1,1.1,2014-11-17,0422,Aqua,MODIS,84,6.2,313.6,29.3,D,0
-17.2083,142.8791,339.6,1.1,1.1,2014-11-17,0422,Aqua,MODIS,61,6.2,315,21.2,D,0
-16.9305,143.0725,347.4,1.1,1.1,2014-11-17,0422,Aqua,MODIS,89,6.2,319.4,32.5,D,0
-17.173,143.2321,363.5,1.2,1.1,2014-11-17,0422,Aqua,MODIS,100,6.2,318.4,86,D,0
-17.242,143.2498,339.4,1.2,1.1,2014-11-17,0422,Aqua,MODIS,68,6.2,317.8,19.1,D,0
-17.2241,142.8391,343.3,1.1,1.1,2014-11-17,0422,Aqua,MODIS,85,6.2,313.5,27.5,D,0
-17.2131,143.2448,342.8,1.2,1.1,2014-11-17,0422,Aqua,MODIS,73,6.2,319.1,25.4,D,0
-17.2227,143.2464,343.8,1.2,1.1,2014-11-17,0422,Aqua,MODIS,85,6.2,318.5,28,D,0
-16.8877,143.0324,344.6,1.1,1.1,2014-11-17,0422,Aqua,MODIS,86,6.2,316.6,28,D,0
-17.3875,142.9113,341.9,1.1,1.1,2014-11-17,0422,Aqua,MODIS,83,6.2,314.2,28.4,D,0
-17.3937,142.9337,339.6,1.1,1.1,2014-11-17,0422,Aqua,MODIS,72,6.2,312.2,23,D,0
-17.3781,142.9097,375,1.1,1.1,2014-11-17,0422,Aqua,MODIS,100,6.2,317.8,130.4,D,0
-17.3765,142.9201,348.1,1.1,1.1,2014-11-17,0422,Aqua,MODIS,90,6.2,316.1,41,D,0
-17.2516,143.2514,337.5,1.2,1.1,2014-11-17,0422,Aqua,MODIS,72,6.2,318.6,18.2,D,0
-17.1538,143.2288,345.1,1.2,1.1,2014-11-17,0422,Aqua,MODIS,71,6.2,320,28.7,D,0
-17.2499,143.2623,337.1,1.2,1.1,2014-11-17,0422,Aqua,MODIS,75,6.2,317.8,17.2,D,0
-17.2824,142.8656,364.8,1.1,1.1,2014-11-17,0422,Aqua,MODIS,100,6.2,315.3,88.5,D,0
-17.2808,142.8759,332.7,1.1,1.1,2014-11-17,0422,Aqua,MODIS,46,6.2,312.3,9.7,D,0
-18.6198,137.838,351.5,1.3,1.1,2014-11-17,0422,Aqua,MODIS,87,6.2,319.8,47.8,D,0
-18.6091,137.842,348.2,1.3,1.1,2014-11-17,0422,Aqua,MODIS,40,6.2,322.4,33.3,D,0
-18.6107,137.8301,359,1.3,1.1,2014-11-17,0422,Aqua,MODIS,97,6.2,322.3,68.5,D,0
-18.572,137.8123,348.1,1.3,1.1,2014-11-17,0422,Aqua,MODIS,38,6.2,319.7,36.5,D,0
-18.5604,137.823,346.7,1.3,1.1,2014-11-17,0422,Aqua,MODIS,33,6.2,319.1,37,D,0
-18.5619,137.8111,355.4,1.3,1.1,2014-11-17,0422,Aqua,MODIS,92,6.2,321.1,67.5,D,0
-18.5634,137.7991,349.1,1.3,1.1,2014-11-17,0422,Aqua,MODIS,79,6.2,318.3,51.6,D,0
-18.5649,137.7871,345.4,1.3,1.1,2014-11-17,0422,Aqua,MODIS,68,6.2,313.8,43.7,D,0
-18.5518,137.8099,339.3,1.3,1.1,2014-11-17,0422,Aqua,MODIS,79,6.2,316,28.7,D,0
-18.5533,137.798,330.7,1.3,1.1,2014-11-17,0422,Aqua,MODIS,23,6.2,313,13.5,D,0
-18.9512,142.0122,344.4,1,1,2014-11-17,0422,Aqua,MODIS,52,6.2,319,19.9,D,0
-18.5908,145.7894,351.9,1.6,1.2,2014-11-17,0422,Aqua,MODIS,93,6.2,307.5,108.1,D,0
-18.5217,145.85,340.5,1.6,1.2,2014-11-17,0422,Aqua,MODIS,81,6.2,309.9,58.8,D,0
-17.5294,135.2232,346.8,1.8,1.3,2014-11-17,0422,Aqua,MODIS,86,6.2,315.2,72.2,D,0
-18.6019,145.7913,347.7,1.6,1.2,2014-11-17,0422,Aqua,MODIS,90,6.2,306.6,90.4,D,0
-18.2286,143.6805,338.7,1.2,1.1,2014-11-17,0422,Aqua,MODIS,64,6.2,315.9,16.6,D,0
-18.5243,145.8344,336.8,1.6,1.2,2014-11-17,0422,Aqua,MODIS,75,6.2,305.7,49.1,D,0
-18.5933,145.7745,337,1.6,1.2,2014-11-17,0422,Aqua,MODIS,75,6.2,303.8,52,D,0
-18.2252,143.7023,339.9,1.2,1.1,2014-11-17,0422,Aqua,MODIS,50,6.2,316.6,22.9,D,0
-18.2235,143.7134,335.4,1.2,1.1,2014-11-17,0422,Aqua,MODIS,28,6.2,313.6,14.8,D,0
-18.2269,143.6914,343.3,1.2,1.1,2014-11-17,0422,Aqua,MODIS,85,6.2,316,27.5,D,0
-18.2499,130.6051,339.9,4.2,1.9,2014-11-17,0422,Aqua,MODIS,82,6.2,296.9,196.4,D,0
-18.2353,130.6077,354,4.2,1.9,2014-11-17,0422,Aqua,MODIS,95,6.2,302.7,419,D,0
-18.2328,130.6036,342.8,4.2,1.9,2014-11-17,0422,Aqua,MODIS,85,6.2,303.1,237.5,D,0
-15.9933,129.8109,330,4.5,1.9,2014-11-17,0423,Aqua,MODIS,70,6.2,298.1,141.8,D,0
-15.9932,129.8158,328.2,4.5,1.9,2014-11-17,0423,Aqua,MODIS,50,6.2,298.4,113.5,D,0
-16.1784,129.757,328.4,4.5,2,2014-11-17,0423,Aqua,MODIS,31,6.2,298.8,117.5,D,0
-16.0439,129.4737,327.5,4.7,2,2014-11-17,0423,Aqua,MODIS,37,6.2,299.4,104.8,D,0
-14.8591,131.9492,340.5,3,1.6,2014-11-17,0423,Aqua,MODIS,85,6.2,301.3,143.9,D,0
-16.1779,129.7605,328.4,4.5,2,2014-11-17,0423,Aqua,MODIS,42,6.2,299,117.8,D,0
-13.9976,134.7225,346.4,1.8,1.3,2014-11-17,0423,Aqua,MODIS,90,6.2,316.6,70.5,D,0
-12.7175,142.8531,334.3,1.3,1.1,2014-11-17,0423,Aqua,MODIS,70,6.2,310.9,22.7,D,0
-12.7193,142.8418,331.7,1.3,1.1,2014-11-17,0423,Aqua,MODIS,10,6.2,313.2,16.2,D,0
-14.7636,144.691,337.4,1.5,1.2,2014-11-17,0423,Aqua,MODIS,75,6.2,309.2,38.6,D,0
-14.7478,144.7115,330.7,1.5,1.2,2014-11-17,0423,Aqua,MODIS,40,6.2,309,20.9,D,0
-14.7632,144.6854,330,1.5,1.2,2014-11-17,0423,Aqua,MODIS,24,6.2,309,18.8,D,0
-14.77,144.6431,331.6,1.5,1.2,2014-11-17,0423,Aqua,MODIS,49,6.2,307.4,25.9,D,0
-14.7613,144.6275,362.9,1.5,1.2,2014-11-17,0423,Aqua,MODIS,100,6.2,309,146,D,0
-14.8034,144.6546,350.2,1.5,1.2,2014-11-17,0423,Aqua,MODIS,92,6.2,307.6,88.6,D,0
-14.8057,144.6406,342.1,1.5,1.2,2014-11-17,0423,Aqua,MODIS,83,6.2,305.5,61.2,D,0
-14.7902,144.6667,355.9,1.5,1.2,2014-11-17,0423,Aqua,MODIS,97,6.2,309.3,108.2,D,0
-14.7925,144.6529,350,1.5,1.2,2014-11-17,0423,Aqua,MODIS,92,6.2,307.8,83.6,D,0
-14.7948,144.6388,344.4,1.5,1.2,2014-11-17,0423,Aqua,MODIS,86,6.2,305.7,66.3,D,0
-14.7769,144.6787,348.4,1.5,1.2,2014-11-17,0423,Aqua,MODIS,90,6.2,308.8,74.6,D,0
-14.7792,144.6651,338.9,1.5,1.2,2014-11-17,0423,Aqua,MODIS,78,6.2,307.4,41.2,D,0
-14.7816,144.6508,338,1.5,1.2,2014-11-17,0423,Aqua,MODIS,73,6.2,307.6,40.4,D,0
-16.231,132.6346,330.6,2.8,1.6,2014-11-17,0423,Aqua,MODIS,21,6.2,305.7,58.2,D,0
-14.7839,144.6368,368.7,1.5,1.2,2014-11-17,0423,Aqua,MODIS,100,6.2,309.1,179,D,0
-14.773,144.635,339.3,1.5,1.2,2014-11-17,0423,Aqua,MODIS,79,6.2,307.5,49.3,D,0
-14.7743,144.6867,346.5,1.5,1.2,2014-11-17,0423,Aqua,MODIS,88,6.2,309.7,68.7,D,0
-14.7764,144.6732,342.7,1.5,1.2,2014-11-17,0423,Aqua,MODIS,84,6.2,308.6,54.2,D,0
-14.781,144.645,351.9,1.5,1.2,2014-11-17,0423,Aqua,MODIS,93,6.2,308.6,92.1,D,0
-14.7832,144.6312,346.9,1.5,1.2,2014-11-17,0423,Aqua,MODIS,89,6.2,307.4,75.3,D,0
-14.7723,144.6293,350.2,1.5,1.2,2014-11-17,0423,Aqua,MODIS,92,6.2,306.9,86.5,D,0
-14.8256,144.5873,350.4,1.5,1.2,2014-11-17,0423,Aqua,MODIS,92,6.2,308,85.5,D,0
-13.9088,134.901,339.6,1.7,1.3,2014-11-17,0423,Aqua,MODIS,82,6.2,313.7,46.2,D,0
-13.9086,134.9964,348.9,1.7,1.3,2014-11-17,0423,Aqua,MODIS,92,6.2,317.1,73.4,D,0
-13.9067,135.0118,361.5,1.7,1.3,2014-11-17,0423,Aqua,MODIS,100,6.2,319.4,137.6,D,0
-13.9181,135.0135,345.2,1.7,1.3,2014-11-17,0423,Aqua,MODIS,88,6.2,318.9,55.1,D,0
-13.7483,135.5394,339.2,1.5,1.2,2014-11-17,0423,Aqua,MODIS,63,6.2,320,31.5,D,0
-13.7593,135.5409,349.1,1.5,1.2,2014-11-17,0423,Aqua,MODIS,91,6.2,318.1,64.3,D,0
-13.9932,134.7002,371.9,1.8,1.3,2014-11-17,0423,Aqua,MODIS,100,6.2,319.4,229.2,D,0
-13.9912,134.7164,348.3,1.8,1.3,2014-11-17,0423,Aqua,MODIS,91,6.2,317.4,77.2,D,0
-13.9898,134.6884,334,1.8,1.3,2014-11-17,0423,Aqua,MODIS,62,6.2,313.7,28.1,D,0
-13.9878,134.7049,350.4,1.8,1.3,2014-11-17,0423,Aqua,MODIS,93,6.2,316.9,93.7,D,0
-13.9068,134.917,334.8,1.7,1.3,2014-11-17,0423,Aqua,MODIS,62,6.2,312.9,28.9,D,0
-13.9164,134.9343,333,1.7,1.3,2014-11-17,0423,Aqua,MODIS,60,6.2,313.8,23.1,D,0
-14.0016,134.6898,335.5,1.8,1.3,2014-11-17,0423,Aqua,MODIS,76,6.2,313.4,33.3,D,0
-13.9996,134.7063,374.4,1.8,1.3,2014-11-17,0423,Aqua,MODIS,100,6.2,318,252.2,D,0
-12.6829,142.8125,330.1,1.3,1.1,2014-11-17,0423,Aqua,MODIS,51,6.2,311.9,14.2,D,0
-14.352,134.8084,339.3,1.8,1.3,2014-11-17,0423,Aqua,MODIS,83,6.2,314.4,35.9,D,0
-14.7703,144.5719,334.7,1.5,1.2,2014-11-17,0423,Aqua,MODIS,68,6.2,306.4,35.3,D,0
-14.5995,142.4668,335.2,1.1,1.1,2014-11-17,0423,Aqua,MODIS,61,6.2,313.7,18.8,D,0
-14.1519,141.6523,342.8,1.1,1,2014-11-17,0423,Aqua,MODIS,84,6.2,309.4,36.1,D,0
-14.579,142.4099,335.4,1.1,1.1,2014-11-17,0423,Aqua,MODIS,32,6.2,312.9,16.5,D,0
-17.0049,137.2626,337.4,1.3,1.1,2014-11-17,0423,Aqua,MODIS,72,6.2,315.2,21.6,D,0
-17.0064,137.2505,340.5,1.3,1.1,2014-11-17,0423,Aqua,MODIS,81,6.2,314.6,27.8,D,0
-16.9584,137.2188,329.7,1.3,1.1,2014-11-17,0423,Aqua,MODIS,20,6.2,309.3,12.6,D,0
-16.9413,137.2109,336.5,1.3,1.1,2014-11-17,0423,Aqua,MODIS,74,6.2,311.5,25.7,D,0
-16.9326,137.1972,334.9,1.3,1.1,2014-11-17,0423,Aqua,MODIS,62,6.2,310.6,24,D,0
-14.6282,142.28,355.8,1.1,1.1,2014-11-17,0423,Aqua,MODIS,97,6.2,319.5,56.9,D,0
-17.0876,133.8509,332.3,2.3,1.5,2014-11-17,0423,Aqua,MODIS,48,6.2,309.6,38,D,0
-17.0899,133.8294,331.5,2.3,1.5,2014-11-17,0423,Aqua,MODIS,36,6.2,307.6,32.4,D,0
-17.0881,133.8659,332.1,2.3,1.5,2014-11-17,0423,Aqua,MODIS,46,6.2,310,36.8,D,0
-17.0906,133.8446,333.6,2.3,1.5,2014-11-17,0423,Aqua,MODIS,65,6.2,309,43.7,D,0
-17.0378,133.8383,338.7,2.3,1.5,2014-11-17,0423,Aqua,MODIS,80,6.2,309.4,69.7,D,0
-17.1546,137.1954,333.1,1.3,1.1,2014-11-17,0423,Aqua,MODIS,27,6.2,310.3,15.1,D,0
-14.3751,134.0641,355.4,2,1.4,2014-11-17,0423,Aqua,MODIS,97,6.2,309.1,148.6,D,0
-17.0128,133.8516,328.2,2.3,1.5,2014-11-17,0423,Aqua,MODIS,34,6.2,306.4,22.1,D,0
-14.5934,142.2898,334.7,1.1,1.1,2014-11-17,0423,Aqua,MODIS,45,6.2,312.7,17.3,D,0
-14.3729,134.0826,351.1,2,1.4,2014-11-17,0423,Aqua,MODIS,94,6.2,306.4,116.2,D,0
-14.5918,142.3002,339.8,1.1,1.1,2014-11-17,0423,Aqua,MODIS,70,6.2,313.9,25.5,D,0
-12.8758,142.4285,335.1,1.2,1.1,2014-11-17,0423,Aqua,MODIS,45,6.2,309,15.2,D,0
-12.8742,142.4394,342,1.2,1.1,2014-11-17,0423,Aqua,MODIS,85,6.2,314.5,30.4,D,0
-14.1323,141.7196,373.5,1.1,1,2014-11-17,0423,Aqua,MODIS,100,6.2,311.3,119.8,D,0
-14.1664,141.7453,342.9,1.1,1,2014-11-17,0423,Aqua,MODIS,84,6.2,311,33.2,D,0
-14.1649,141.7551,354.5,1.1,1,2014-11-17,0423,Aqua,MODIS,96,6.2,308,60,D,0
-12.8986,142.41,344.4,1.2,1.1,2014-11-17,0423,Aqua,MODIS,87,6.2,319.5,30.2,D,0
-14.1556,141.7536,349.3,1.1,1,2014-11-17,0423,Aqua,MODIS,91,6.2,309.5,49,D,0
-15.1739,145.2028,341.5,1.6,1.3,2014-11-17,0423,Aqua,MODIS,82,6.2,308.1,68.7,D,0
-14.3875,134.0656,336.7,2,1.4,2014-11-17,0423,Aqua,MODIS,73,6.2,311.8,43.1,D,0
-14.4356,134.6752,335.6,1.8,1.3,2014-11-17,0423,Aqua,MODIS,78,6.2,311.9,37.6,D,0
-12.8969,142.4208,349.2,1.2,1.1,2014-11-17,0423,Aqua,MODIS,92,6.2,315.2,45.3,D,0
-14.3853,134.0842,350.2,2,1.4,2014-11-17,0423,Aqua,MODIS,93,6.2,311.2,106.6,D,0
-14.6345,142.3022,340.2,1.1,1.1,2014-11-17,0423,Aqua,MODIS,57,6.2,320.8,15.8,D,0
-14.4292,134.6673,336,1.8,1.3,2014-11-17,0423,Aqua,MODIS,78,6.2,312.7,38.3,D,0
-14.4411,134.6688,335.6,1.8,1.3,2014-11-17,0423,Aqua,MODIS,78,6.2,312.3,38,D,0
-14.6361,142.2919,353.6,1.1,1.1,2014-11-17,0423,Aqua,MODIS,95,6.2,321.4,49.1,D,0
-13.9379,141.8487,331.6,1.1,1,2014-11-17,0423,Aqua,MODIS,60,6.2,300,16.3,D,0
-12.8547,142.4363,333.4,1.2,1.1,2014-11-17,0423,Aqua,MODIS,43,6.2,314.3,13.4,D,0
-12.8644,142.4378,345.7,1.2,1.1,2014-11-17,0423,Aqua,MODIS,89,6.2,314.9,39.4,D,0
-14.8922,144.4787,378.1,1.5,1.2,2014-11-17,0423,Aqua,MODIS,100,6.2,304.9,235.4,D,0
-17.1556,137.0499,351,1.4,1.2,2014-11-17,0423,Aqua,MODIS,93,6.2,308.8,69.8,D,0
-13.955,141.8617,352.5,1.1,1,2014-11-17,0423,Aqua,MODIS,94,6.2,300.9,57.2,D,0
-13.9644,141.8632,343.9,1.1,1,2014-11-17,0423,Aqua,MODIS,79,6.2,310.2,36.5,D,0
-13.9629,141.8732,342.2,1.1,1,2014-11-17,0423,Aqua,MODIS,78,6.2,303.9,33.2,D,0
-13.9674,141.8433,345.8,1.1,1,2014-11-17,0423,Aqua,MODIS,88,6.2,310,37.7,D,0
-13.9659,141.8533,352.5,1.1,1,2014-11-17,0423,Aqua,MODIS,94,6.2,310.9,54.9,D,0
-16.8074,134.1561,342.8,2.1,1.4,2014-11-17,0423,Aqua,MODIS,54,6.2,306.4,98.7,D,0
-16.8096,134.1359,374.8,2.2,1.4,2014-11-17,0423,Aqua,MODIS,100,6.2,312.4,357.8,D,0
-16.7945,134.1544,375.5,2.1,1.4,2014-11-17,0423,Aqua,MODIS,100,6.2,310,365,D,0
-16.7968,134.1343,376.7,2.2,1.4,2014-11-17,0423,Aqua,MODIS,94,6.2,306.8,383,D,0
-16.7934,134.1696,338.9,2.1,1.4,2014-11-17,0423,Aqua,MODIS,62,6.2,306.9,79.1,D,0
-16.7958,134.1495,377,2.1,1.4,2014-11-17,0423,Aqua,MODIS,100,6.2,311.8,384.1,D,0
-16.7982,134.1293,361.7,2.2,1.4,2014-11-17,0423,Aqua,MODIS,94,6.2,306.6,233.4,D,0
-16.7584,134.0213,349.8,2.2,1.4,2014-11-17,0423,Aqua,MODIS,93,6.2,308.4,145.2,D,0
-13.9119,141.8591,364,1.1,1,2014-11-17,0423,Aqua,MODIS,100,6.2,314.7,86.3,D,0
-14.2982,134.8949,335.2,1.7,1.3,2014-11-17,0423,Aqua,MODIS,53,6.2,313.7,26.2,D,0
-14.5916,142.4548,337.7,1.1,1.1,2014-11-17,0423,Aqua,MODIS,55,6.2,311.9,23.4,D,0
-14.9343,143.2136,342.6,1.2,1.1,2014-11-17,0423,Aqua,MODIS,84,6.2,320.1,28.8,D,0
-16.9914,133.1841,332,2.6,1.5,2014-11-17,0423,Aqua,MODIS,59,6.2,309.5,42,D,0
-16.98,133.1583,333.6,2.6,1.5,2014-11-17,0423,Aqua,MODIS,52,6.2,308.2,45.3,D,0
-16.9853,133.1766,337,2.6,1.5,2014-11-17,0423,Aqua,MODIS,79,6.2,309,65.7,D,0
-16.9714,133.175,336.2,2.6,1.5,2014-11-17,0423,Aqua,MODIS,77,6.2,308.5,60.1,D,0
-16.7886,136.2497,363.6,1.5,1.2,2014-11-17,0423,Aqua,MODIS,100,6.2,315.1,131,D,0
-16.7904,136.2355,361.8,1.5,1.2,2014-11-17,0423,Aqua,MODIS,100,6.2,313.9,122.4,D,0
-15.7045,145.0534,330.9,1.6,1.2,2014-11-17,0423,Aqua,MODIS,48,6.2,313.9,19,D,0
-15.7069,145.0387,337.9,1.6,1.2,2014-11-17,0423,Aqua,MODIS,76,6.2,312.4,39.6,D,0
-16.7977,136.2654,343.8,1.5,1.2,2014-11-17,0423,Aqua,MODIS,78,6.2,315.4,46.6,D,0
-15.7275,145.064,333.3,1.6,1.2,2014-11-17,0423,Aqua,MODIS,64,6.2,312.2,27.7,D,0
-15.7189,145.0477,364.7,1.6,1.2,2014-11-17,0423,Aqua,MODIS,100,6.2,314.8,154.7,D,0
-15.7164,145.0623,331.4,1.6,1.2,2014-11-17,0423,Aqua,MODIS,51,6.2,311.8,22.1,D,0
-15.7299,145.0495,367.5,1.6,1.2,2014-11-17,0423,Aqua,MODIS,100,6.2,312.6,172.2,D,0
-15.7179,145.0405,370.9,1.6,1.2,2014-11-17,0423,Aqua,MODIS,100,6.2,315.7,192.4,D,0
-15.7266,145.0569,352.5,1.6,1.2,2014-11-17,0423,Aqua,MODIS,94,6.2,313,94,D,0
-15.7155,145.0552,342.7,1.6,1.2,2014-11-17,0423,Aqua,MODIS,84,6.2,312.7,54.2,D,0
-15.729,145.0425,362.5,1.6,1.2,2014-11-17,0423,Aqua,MODIS,100,6.2,311.3,142.5,D,0
-14.4313,134.6504,332.8,1.8,1.3,2014-11-17,0423,Aqua,MODIS,73,6.2,311.6,26.4,D,0
-14.4375,134.6585,341.5,1.8,1.3,2014-11-17,0423,Aqua,MODIS,85,6.2,312.6,60.1,D,0
-14.4335,134.6332,347.2,1.8,1.3,2014-11-17,0423,Aqua,MODIS,91,6.2,311.4,85.6,D,0
-15.0705,145.0632,337.2,1.6,1.2,2014-11-17,0423,Aqua,MODIS,75,6.2,307.4,49.4,D,0
-14.1505,141.6621,334.6,1.1,1,2014-11-17,0423,Aqua,MODIS,55,6.2,307.8,20.4,D,0
-17.228,135.4553,350.6,1.7,1.3,2014-11-17,0423,Aqua,MODIS,93,6.2,314.6,87.3,D,0
-14.1293,141.7393,333,1.1,1,2014-11-17,0423,Aqua,MODIS,51,6.2,307,16.5,D,0
-14.6266,142.2903,362.2,1.1,1.1,2014-11-17,0423,Aqua,MODIS,100,6.2,321.4,74.9,D,0
-14.7094,142.6109,346.2,1.2,1.1,2014-11-17,0423,Aqua,MODIS,88,6.2,323.2,28.3,D,0
-14.9244,143.2119,342.5,1.2,1.1,2014-11-17,0423,Aqua,MODIS,83,6.2,317.5,28.9,D,0
-14.6265,142.4821,338.9,1.1,1.1,2014-11-17,0423,Aqua,MODIS,63,6.2,312.8,20.8,D,0
-14.6249,142.4926,339.5,1.1,1.1,2014-11-17,0423,Aqua,MODIS,54,6.2,314.4,24.4,D,0
-14.6604,142.4837,340.4,1.1,1.1,2014-11-17,0423,Aqua,MODIS,69,6.2,318.8,17.3,D,0
-14.6587,142.4942,338.9,1.1,1.1,2014-11-17,0423,Aqua,MODIS,45,6.2,319,16.3,D,0
-14.9123,143.2147,337.1,1.2,1.1,2014-11-17,0423,Aqua,MODIS,64,6.2,318.6,17,D,0
-14.9145,143.2102,340.8,1.2,1.1,2014-11-17,0423,Aqua,MODIS,57,6.2,319,23.2,D,0
-14.8716,133.1632,330.9,2.4,1.5,2014-11-17,0423,Aqua,MODIS,63,6.2,301.7,51.8,D,0
-14.853,133.2056,326.5,2.4,1.5,2014-11-17,0423,Aqua,MODIS,36,6.2,301.8,31.7,D,0
-14.8556,133.1836,343.6,2.4,1.5,2014-11-17,0423,Aqua,MODIS,88,6.2,304.5,120.8,D,0
-14.8421,133.1818,332.9,2.4,1.5,2014-11-17,0423,Aqua,MODIS,60,6.2,303.9,64.6,D,0
-14.6376,142.2816,342.5,1.1,1.1,2014-11-17,0423,Aqua,MODIS,76,6.2,319.6,24.2,D,0
-14.8899,144.4923,377.9,1.5,1.2,2014-11-17,0423,Aqua,MODIS,100,6.2,309.5,233.7,D,0
-16.3103,135.5023,333.7,1.7,1.3,2014-11-17,0423,Aqua,MODIS,60,6.2,312.9,19.3,D,0
-15.7313,145.0282,331.8,1.6,1.2,2014-11-17,0423,Aqua,MODIS,29,6.2,306.1,24.7,D,0
-14.6951,142.5759,347.1,1.1,1.1,2014-11-17,0423,Aqua,MODIS,75,6.2,323.1,30.3,D,0
-14.8586,131.9537,339.6,3,1.6,2014-11-17,0423,Aqua,MODIS,85,6.2,300.9,136.4,D,0
-14.3578,134.8588,337.8,1.8,1.3,2014-11-17,0423,Aqua,MODIS,63,6.2,317.4,32.7,D,0
-17.1491,137.1003,343.2,1.3,1.1,2014-11-17,0423,Aqua,MODIS,85,6.2,315,29.2,D,0
-15.1852,145.2048,337.3,1.6,1.3,2014-11-17,0423,Aqua,MODIS,75,6.2,306.5,52.3,D,0
-17.1213,137.0708,332.1,1.3,1.1,2014-11-17,0423,Aqua,MODIS,45,6.2,310.9,12.5,D,0
-17.142,137.0737,341.3,1.3,1.1,2014-11-17,0423,Aqua,MODIS,63,6.2,314.1,31.2,D,0
-14.3638,134.8098,334.8,1.8,1.3,2014-11-17,0423,Aqua,MODIS,62,6.2,313.6,20.6,D,0
-15.7371,145.0067,349.7,1.6,1.2,2014-11-17,0423,Aqua,MODIS,91,6.2,309,87.6,D,0
-15.7347,145.021,349,1.6,1.2,2014-11-17,0423,Aqua,MODIS,91,6.2,309.1,84.9,D,0
-15.7213,145.0332,377.8,1.6,1.2,2014-11-17,0423,Aqua,MODIS,100,6.2,313.2,240.8,D,0
-15.7336,145.014,343.2,1.6,1.2,2014-11-17,0423,Aqua,MODIS,84,6.2,310.6,62.3,D,0
-14.3618,134.8262,352.5,1.8,1.3,2014-11-17,0423,Aqua,MODIS,95,6.2,315.7,94.1,D,0
-16.3084,135.5178,339.4,1.7,1.3,2014-11-17,0423,Aqua,MODIS,82,6.2,314.2,37.3,D,0
-17.1523,137.0752,355.5,1.3,1.1,2014-11-17,0423,Aqua,MODIS,96,6.2,309.2,75,D,0
-17.1404,137.0863,341.6,1.3,1.1,2014-11-17,0423,Aqua,MODIS,83,6.2,315.5,26.8,D,0
-17.1365,137.0342,335.6,1.4,1.2,2014-11-17,0423,Aqua,MODIS,64,6.2,311.1,27.4,D,0
-15.7202,145.0263,343.8,1.6,1.2,2014-11-17,0423,Aqua,MODIS,85,6.2,310.4,61.6,D,0
-17.1181,137.096,334.6,1.3,1.1,2014-11-17,0423,Aqua,MODIS,40,6.2,312.6,14.4,D,0
-17.1436,137.0611,341.6,1.3,1.2,2014-11-17,0423,Aqua,MODIS,72,6.2,312.4,37.5,D,0
-14.6407,142.1356,344,1.1,1,2014-11-17,0423,Aqua,MODIS,85,6.2,317.9,27.3,D,0
-14.1272,141.713,342.9,1.1,1,2014-11-17,0423,Aqua,MODIS,84,6.2,310.7,31.6,D,0
-14.8781,144.4694,372.5,1.5,1.2,2014-11-17,0423,Aqua,MODIS,100,6.2,307.1,197.7,D,0
-14.6871,142.5637,375.7,1.1,1.1,2014-11-17,0423,Aqua,MODIS,100,6.2,322.7,134.4,D,0
-17.1333,137.0596,340.4,1.3,1.2,2014-11-17,0423,Aqua,MODIS,81,6.2,312.6,33,D,0
-14.1338,141.7097,356.2,1.1,1,2014-11-17,0423,Aqua,MODIS,97,6.2,311.2,62.9,D,0
-14.9024,143.213,347.7,1.2,1.1,2014-11-17,0423,Aqua,MODIS,89,6.2,320.7,42.5,D,0
-14.6967,142.5653,346.9,1.1,1.1,2014-11-17,0423,Aqua,MODIS,79,6.2,322.5,30.7,D,0
-14.136,141.654,335.7,1.1,1,2014-11-17,0423,Aqua,MODIS,51,6.2,309,18.6,D,0
-17.167,137.0955,340.2,1.3,1.1,2014-11-17,0423,Aqua,MODIS,79,6.2,311.8,29,D,0
-14.6855,142.5743,394.3,1.1,1.1,2014-11-17,0423,Aqua,MODIS,100,6.2,326.1,236.7,D,0
-14.1258,141.7229,341.2,1.1,1,2014-11-17,0423,Aqua,MODIS,82,6.2,308,28.5,D,0
-14.7656,142.6475,340.2,1.2,1.1,2014-11-17,0423,Aqua,MODIS,57,6.2,320.6,16.8,D,0
-16.4263,133.7457,334.7,2.3,1.5,2014-11-17,0423,Aqua,MODIS,44,6.2,307.2,74.3,D,0
-16.4156,133.7227,344.4,2.3,1.5,2014-11-17,0423,Aqua,MODIS,88,6.2,303.7,126.5,D,0
-16.418,133.7013,374.4,2.3,1.5,2014-11-17,0423,Aqua,MODIS,100,6.2,307.2,402.4,D,0
-16.4204,133.6798,328,2.3,1.5,2014-11-17,0423,Aqua,MODIS,44,6.2,294.9,51.1,D,0
-15.7237,133.4153,327.9,2.4,1.5,2014-11-17,0423,Aqua,MODIS,57,6.2,296.1,51.3,D,0
-17.1452,137.0484,339.2,1.4,1.2,2014-11-17,0423,Aqua,MODIS,80,6.2,310.9,36.8,D,0
-17.1284,137.0974,337,1.3,1.1,2014-11-17,0423,Aqua,MODIS,31,6.2,315.3,17.9,D,0
-14.5979,142.4773,332.1,1.1,1.1,2014-11-17,0423,Aqua,MODIS,39,6.2,312.6,14.7,D,0
-14.8387,144.5754,345.1,1.5,1.2,2014-11-17,0423,Aqua,MODIS,87,6.2,306.6,65.2,D,0
-14.8518,144.5635,346.5,1.5,1.2,2014-11-17,0423,Aqua,MODIS,88,6.2,305.3,70.9,D,0
-14.8865,144.5554,337.5,1.5,1.2,2014-11-17,0423,Aqua,MODIS,75,6.2,302,45.8,D,0
-14.8496,144.5773,337.3,1.5,1.2,2014-11-17,0423,Aqua,MODIS,75,6.2,304.9,41.6,D,0
-14.3831,134.1026,352.5,2,1.4,2014-11-17,0423,Aqua,MODIS,95,6.2,309,116.9,D,0
-14.6172,142.2888,341.6,1.1,1.1,2014-11-17,0423,Aqua,MODIS,44,6.2,316.8,20.9,D,0
-14.8785,144.5609,343.1,1.5,1.2,2014-11-17,0423,Aqua,MODIS,84,6.2,304.7,62,D,0
-14.1287,141.7032,344.7,1.1,1,2014-11-17,0423,Aqua,MODIS,86,6.2,309.6,35.2,D,0
-14.8808,144.5471,375,1.5,1.2,2014-11-17,0423,Aqua,MODIS,100,6.2,305.9,217.3,D,0
-14.8759,144.483,381,1.5,1.2,2014-11-17,0423,Aqua,MODIS,100,6.2,311.1,254.1,D,0
-17.1613,137.0563,365.2,1.4,1.2,2014-11-17,0423,Aqua,MODIS,100,6.2,311.4,125.7,D,0
-17.154,137.0626,347.6,1.3,1.2,2014-11-17,0423,Aqua,MODIS,84,6.2,310,54.7,D,0
-17.1598,137.0689,336.8,1.3,1.2,2014-11-17,0423,Aqua,MODIS,76,6.2,309.7,25.6,D,0
-17.1686,137.0829,331.3,1.3,1.1,2014-11-17,0423,Aqua,MODIS,17,6.2,305.9,10,D,0
-14.8649,144.5516,335.1,1.5,1.2,2014-11-17,0423,Aqua,MODIS,70,6.2,303.9,38.6,D,0
-14.8671,144.5378,334.8,1.5,1.2,2014-11-17,0423,Aqua,MODIS,69,6.2,302.4,37.8,D,0
-14.1194,141.7017,331.2,1.1,1,2014-11-17,0423,Aqua,MODIS,42,6.2,308.1,12.6,D,0
-14.8693,144.5241,332.6,1.5,1.2,2014-11-17,0423,Aqua,MODIS,61,6.2,303.6,32.5,D,0
-14.2614,134.9059,338.6,1.7,1.3,2014-11-17,0423,Aqua,MODIS,75,6.2,317.4,34.9,D,0
-14.8888,144.4713,359,1.5,1.2,2014-11-17,0423,Aqua,MODIS,99,6.2,303.3,124.6,D,0
-14.8867,144.4849,415.7,1.5,1.2,2014-11-17,0423,Aqua,MODIS,100,6.2,316,617.2,D,0
-14.8757,144.5535,367.3,1.5,1.2,2014-11-17,0423,Aqua,MODIS,100,6.2,306.4,169.8,D,0
-14.8779,144.5397,350.3,1.5,1.2,2014-11-17,0423,Aqua,MODIS,92,6.2,305.1,89.1,D,0
-14.8845,144.4986,360.3,1.5,1.2,2014-11-17,0423,Aqua,MODIS,100,6.2,306.9,130.3,D,0
-14.8823,144.5123,334.9,1.5,1.2,2014-11-17,0423,Aqua,MODIS,69,6.2,304.7,38.9,D,0
-14.6839,142.5849,363.6,1.2,1.1,2014-11-17,0423,Aqua,MODIS,100,6.2,319.3,83.1,D,0
-14.6187,142.2785,340.7,1.1,1.1,2014-11-17,0423,Aqua,MODIS,52,6.2,314.5,21.2,D,0
-14.8681,143.1723,347.5,1.2,1.1,2014-11-17,0423,Aqua,MODIS,83,6.2,321.4,38.7,D,0
-14.8737,144.4967,333,1.5,1.2,2014-11-17,0423,Aqua,MODIS,58,6.2,308.2,31.6,D,0
-15.1765,145.1872,340.9,1.6,1.3,2014-11-17,0423,Aqua,MODIS,81,6.2,304.1,64.7,D,0
-17.1349,137.0469,332.1,1.4,1.2,2014-11-17,0423,Aqua,MODIS,37,6.2,310.3,17.8,D,0
-14.8887,144.5416,331,1.5,1.2,2014-11-17,0423,Aqua,MODIS,50,6.2,300.6,29.8,D,0
-14.8715,144.5104,334.1,1.5,1.2,2014-11-17,0423,Aqua,MODIS,64,6.2,305.9,34.4,D,0
-16.6654,133.9193,331.5,2.2,1.4,2014-11-17,0423,Aqua,MODIS,42,6.2,302.4,54.7,D,0
-15.5317,145.1996,337.4,1.6,1.3,2014-11-17,0423,Aqua,MODIS,75,6.2,309,44.5,D,0
-13.6962,135.4115,334.8,1.6,1.2,2014-11-17,0423,Aqua,MODIS,30,6.2,316.7,19.1,D,0
-15.5928,136.1388,334,1.5,1.2,2014-11-17,0423,Aqua,MODIS,72,6.2,312.7,23,D,0
-15.3518,144.8184,388.9,1.5,1.2,2014-11-17,0423,Aqua,MODIS,100,6.2,316.7,322.2,D,0
-13.6851,135.41,356.6,1.6,1.2,2014-11-17,0423,Aqua,MODIS,97,6.2,321,99.1,D,0
-15.3409,144.8164,341.7,1.5,1.2,2014-11-17,0423,Aqua,MODIS,82,6.2,312.8,45.9,D,0
-13.6758,135.3943,352.1,1.6,1.2,2014-11-17,0424,Aqua,MODIS,93,6.2,316.1,83.5,D,0
-13.6722,135.4228,377.3,1.6,1.2,2014-11-17,0424,Aqua,MODIS,100,6.2,322.3,220,D,0
-13.674,135.4086,401,1.6,1.2,2014-11-17,0424,Aqua,MODIS,100,6.2,324.5,447.8,D,0
-12.3248,142.9432,327.3,1.3,1.1,2014-11-17,0424,Aqua,MODIS,29,6.2,306.8,13.7,D,0
-12.3147,142.9415,326.7,1.3,1.1,2014-11-17,0424,Aqua,MODIS,16,6.2,306.1,13,D,0
-13.5051,133.7252,335.8,2.1,1.4,2014-11-17,0424,Aqua,MODIS,29,6.2,313.1,39.4,D,0
-13.6611,135.4214,345.7,1.6,1.2,2014-11-17,0424,Aqua,MODIS,78,6.2,319.2,54.8,D,0
-13.5096,133.6872,341.3,2.1,1.4,2014-11-17,0424,Aqua,MODIS,86,6.2,310.1,80.5,D,0
-13.5074,133.7062,366.8,2.1,1.4,2014-11-17,0424,Aqua,MODIS,100,6.2,314.7,249.2,D,0
-12.5709,142.8758,333.8,1.3,1.1,2014-11-17,0424,Aqua,MODIS,53,6.2,309.9,16.3,D,0
-12.3229,142.955,328.4,1.3,1.1,2014-11-17,0424,Aqua,MODIS,42,6.2,307.7,14.7,D,0
-13.4821,133.7031,335.2,2.1,1.4,2014-11-17,0424,Aqua,MODIS,64,6.2,309.8,44.7,D,0
-13.5177,133.7269,345.5,2.1,1.4,2014-11-17,0424,Aqua,MODIS,90,6.2,311,89.3,D,0
-12.0841,135.6748,340.9,1.4,1.2,2014-11-17,0424,Aqua,MODIS,86,6.2,306.5,52.3,D,0
-12.0718,135.6863,330.9,1.4,1.2,2014-11-17,0424,Aqua,MODIS,74,6.2,307.8,26.9,D,0
-13.5279,133.7475,346.2,2.1,1.4,2014-11-17,0424,Aqua,MODIS,90,6.2,313.3,94.2,D,0
-13.5303,133.7286,357.2,2.1,1.4,2014-11-17,0424,Aqua,MODIS,98,6.2,313,165.7,D,0
-13.5131,133.7647,333.9,2.1,1.4,2014-11-17,0424,Aqua,MODIS,43,6.2,312.8,34.9,D,0
-13.52,133.7079,360.8,2.1,1.4,2014-11-17,0424,Aqua,MODIS,100,6.2,311.2,197.4,D,0
-12.5726,142.8643,329.8,1.3,1.1,2014-11-17,0424,Aqua,MODIS,13,6.2,310.7,10.2,D,0
-12.0907,142.3347,335.6,1.2,1.1,2014-11-17,0424,Aqua,MODIS,66,6.2,311.4,19.3,D,0
-12.0923,142.3237,353.5,1.2,1.1,2014-11-17,0424,Aqua,MODIS,96,6.2,311.5,63.5,D,0
-12.0826,142.3221,334.2,1.2,1.1,2014-11-17,0424,Aqua,MODIS,75,6.2,312,19.1,D,0
-13.4925,133.7236,336.4,2.1,1.4,2014-11-17,0424,Aqua,MODIS,69,6.2,312.2,43.5,D,0
-10.962,142.2944,329.9,1.2,1.1,2014-11-17,0424,Aqua,MODIS,68,6.2,308,18,D,0
-12.458,136.6996,334.5,1.2,1.1,2014-11-17,0424,Aqua,MODIS,38,6.2,312.9,16.5,D,0
-12.6324,134.975,336.7,1.6,1.3,2014-11-17,0424,Aqua,MODIS,58,6.2,303.7,51.1,D,0
-10.9504,142.3041,325.8,1.2,1.1,2014-11-17,0424,Aqua,MODIS,75,6.2,303.2,13.5,D,0
-10.9603,142.3057,335.1,1.2,1.1,2014-11-17,0424,Aqua,MODIS,87,6.2,308.4,29,D,0
-12.2842,142.8827,336.2,1.3,1.1,2014-11-17,0424,Aqua,MODIS,78,6.2,305.6,28.9,D,0
-12.0642,142.443,338.2,1.2,1.1,2014-11-17,0424,Aqua,MODIS,83,6.2,312.2,25.7,D,0
-12.2824,142.8942,332.3,1.3,1.1,2014-11-17,0424,Aqua,MODIS,71,6.2,306.9,21.9,D,0
-12.5016,142.924,333.8,1.3,1.1,2014-11-17,0424,Aqua,MODIS,72,6.2,309.4,21.4,D,0
-10.9895,142.586,328.1,1.3,1.1,2014-11-17,0424,Aqua,MODIS,63,6.2,302.9,21.5,D,0
-12.3484,136.4495,331.7,1.3,1.1,2014-11-17,0424,Aqua,MODIS,59,6.2,314.6,12.3,D,0
-12.097,133.2129,329,2.2,1.4,2014-11-17,0424,Aqua,MODIS,35,6.2,300.3,42,D,0
-11.0078,142.6009,323.8,1.3,1.1,2014-11-17,0424,Aqua,MODIS,39,6.2,303.6,12.5,D,0
-11.9344,142.237,334.6,1.2,1.1,2014-11-17,0424,Aqua,MODIS,64,6.2,307.7,23.5,D,0
-12.0757,142.4336,340.7,1.2,1.1,2014-11-17,0424,Aqua,MODIS,86,6.2,312.1,31.9,D,0
-12.074,142.4446,337.3,1.2,1.1,2014-11-17,0424,Aqua,MODIS,82,6.2,311.4,24.8,D,0
-12.0901,142.4201,367.2,1.2,1.1,2014-11-17,0424,Aqua,MODIS,100,6.2,314.3,111.5,D,0
-12.0872,142.4241,351.3,1.2,1.1,2014-11-17,0424,Aqua,MODIS,94,6.2,314.4,57.3,D,0
-12.0855,142.4352,336.3,1.2,1.1,2014-11-17,0424,Aqua,MODIS,81,6.2,313.9,22.4,D,0
-12.0884,142.4311,341.5,1.2,1.1,2014-11-17,0424,Aqua,MODIS,86,6.2,314.3,32.3,D,0
-13.0192,136.2298,330.2,1.3,1.1,2014-11-17,0424,Aqua,MODIS,46,6.2,309.5,17.9,D,0
-11.1563,142.3609,340,1.2,1.1,2014-11-17,0424,Aqua,MODIS,90,6.2,310,32.6,D,0
-12.033,142.4494,334.4,1.2,1.1,2014-11-17,0424,Aqua,MODIS,70,6.2,310.9,16.8,D,0
-12.1123,133.1947,342.2,2.2,1.4,2014-11-17,0424,Aqua,MODIS,88,6.2,296.8,107.2,D,0
-13.4534,133.7122,332.8,2.1,1.4,2014-11-17,0424,Aqua,MODIS,62,6.2,311.7,32.5,D,0
-13.4431,133.6919,332.1,2.1,1.4,2014-11-17,0424,Aqua,MODIS,57,6.2,312,32.5,D,0
-12.5099,142.9374,330.8,1.3,1.1,2014-11-17,0424,Aqua,MODIS,37,6.2,309.5,16,D,0
-12.5558,135.033,327.3,1.6,1.2,2014-11-17,0424,Aqua,MODIS,60,6.2,299.7,32.7,D,0
-12.094,142.3129,356,1.2,1.1,2014-11-17,0424,Aqua,MODIS,97,6.2,311.6,72.8,D,0
-12.5025,142.9846,334.1,1.3,1.1,2014-11-17,0424,Aqua,MODIS,32,6.2,312.9,21.7,D,0
-13.0247,136.2681,341.3,1.3,1.1,2014-11-17,0424,Aqua,MODIS,86,6.2,310.5,41.3,D,0
-12.0842,142.3112,365.2,1.2,1.1,2014-11-17,0424,Aqua,MODIS,100,6.2,313.2,106.9,D,0
-12.0859,142.3004,331,1.2,1.1,2014-11-17,0424,Aqua,MODIS,69,6.2,308.4,14.6,D,0
-12.7115,136.4759,345.1,1.3,1.1,2014-11-17,0424,Aqua,MODIS,89,6.2,316,43,D,0
-12.35,136.4379,331,1.3,1.1,2014-11-17,0424,Aqua,MODIS,55,6.2,312.6,11.2,D,0
-11.1546,142.3721,331.6,1.2,1.1,2014-11-17,0424,Aqua,MODIS,63,6.2,311.9,14.4,D,0
-13.0176,136.2422,364.9,1.3,1.1,2014-11-17,0424,Aqua,MODIS,100,6.2,312.6,125.6,D,0
-13.0144,136.2667,332.9,1.3,1.1,2014-11-17,0424,Aqua,MODIS,49,6.2,310.6,22.8,D,0
-13.016,136.2544,359.6,1.3,1.1,2014-11-17,0424,Aqua,MODIS,99,6.2,314.2,102.4,D,0
-12.0918,142.409,357.1,1.2,1.1,2014-11-17,0424,Aqua,MODIS,98,6.2,310.8,73.1,D,0
-12.0888,142.4131,358.8,1.2,1.1,2014-11-17,0424,Aqua,MODIS,99,6.2,312.4,79.5,D,0
-12.7014,136.4746,338.4,1.3,1.1,2014-11-17,0424,Aqua,MODIS,83,6.2,312.9,25.8,D,0
-13.4408,133.7108,334.7,2.1,1.4,2014-11-17,0424,Aqua,MODIS,77,6.2,313.6,39.8,D,0
-12.4245,142.9656,327.1,1.3,1.1,2014-11-17,0424,Aqua,MODIS,20,6.2,307.8,13.3,D,0
-12.1051,142.3887,348.5,1.2,1.1,2014-11-17,0424,Aqua,MODIS,92,6.2,310.8,46.5,D,0
-11.006,142.6125,325.3,1.3,1.1,2014-11-17,0424,Aqua,MODIS,53,6.2,303.6,15.8,D,0
-11.0262,142.6157,327.7,1.3,1.1,2014-11-17,0424,Aqua,MODIS,56,6.2,303.3,18.8,D,0
-12.6043,135.0164,354.9,1.6,1.2,2014-11-17,0424,Aqua,MODIS,97,6.2,302.8,129.6,D,0
-12.1099,133.2145,380.7,2.2,1.4,2014-11-17,0424,Aqua,MODIS,100,6.2,304.5,444.8,D,0
-34.7519,117.128,332.1,1.2,1.1,2014-11-17,0556,Aqua,MODIS,86,6.2,299.3,32.1,D,0
-34.7512,117.0467,350.6,1.2,1.1,2014-11-17,0556,Aqua,MODIS,96,6.2,295.7,73.8,D,0
-34.7527,117.0334,315.3,1.2,1.1,2014-11-17,0556,Aqua,MODIS,26,6.2,294.9,8.5,D,0
-34.755,117.1015,338.1,1.2,1.1,2014-11-17,0556,Aqua,MODIS,89,6.2,295.6,42.5,D,0
-34.7015,117.1273,323.6,1.2,1.1,2014-11-17,0557,Aqua,MODIS,73,6.2,293.4,19.3,D,0
-21.2077,119.5552,338.4,1.2,1.1,2014-11-17,0600,Aqua,MODIS,63,6.2,311.3,21.7,D,0
-21.2095,119.5441,344,1.2,1.1,2014-11-17,0600,Aqua,MODIS,86,6.2,313.7,33.3,D,0
-21.2112,119.5331,338.7,1.2,1.1,2014-11-17,0600,Aqua,MODIS,43,6.2,312.7,22.3,D,0
-21.213,119.522,338.7,1.2,1.1,2014-11-17,0600,Aqua,MODIS,72,6.2,309.2,21.8,D,0
-20.4978,118.6143,344,1.1,1,2014-11-17,0600,Aqua,MODIS,85,6.2,315.8,26.3,D,0
-20.4994,118.604,337.6,1.1,1,2014-11-17,0600,Aqua,MODIS,72,6.2,316.3,14.8,D,0
-20.4901,118.6024,336.3,1.1,1,2014-11-17,0600,Aqua,MODIS,73,6.2,316.4,13.3,D,0
-20.3613,119.204,345.8,1.1,1.1,2014-11-17,0600,Aqua,MODIS,88,6.2,310,38.7,D,0
-20.363,119.193,422.8,1.1,1.1,2014-11-17,0600,Aqua,MODIS,100,6.2,319.5,483.6,D,0
-20.3647,119.1821,359.3,1.1,1.1,2014-11-17,0600,Aqua,MODIS,99,6.2,314.1,71.8,D,0
-20.3517,119.2022,350.6,1.1,1.1,2014-11-17,0600,Aqua,MODIS,92,6.2,311.6,47.6,D,0
-20.3534,119.1913,383.5,1.1,1.1,2014-11-17,0600,Aqua,MODIS,100,6.2,316.4,174.7,D,0
-20.3551,119.1804,356.9,1.1,1.1,2014-11-17,0600,Aqua,MODIS,97,6.2,313.2,62.9,D,0
-20.3421,119.2005,334.1,1.1,1.1,2014-11-17,0600,Aqua,MODIS,67,6.2,311.5,10.6,D,0
-20.3439,119.1896,361.1,1.1,1.1,2014-11-17,0600,Aqua,MODIS,100,6.2,314.5,78,D,0
-20.3456,119.1787,350.5,1.1,1.1,2014-11-17,0600,Aqua,MODIS,92,6.2,313.4,45.2,D,0
-20.9123,118.5017,385.1,1.1,1,2014-11-17,0600,Aqua,MODIS,100,6.2,308.9,172.2,D,0
-20.9107,118.5118,442.9,1.1,1,2014-11-17,0600,Aqua,MODIS,94,6.2,314.3,662.7,D,0
-20.9092,118.522,349.4,1.1,1,2014-11-17,0600,Aqua,MODIS,69,6.2,289,47.2,D,0
-20.9215,118.5033,346.4,1.1,1,2014-11-17,0600,Aqua,MODIS,88,6.2,301.6,38,D,0
-20.92,118.5135,448.9,1.1,1,2014-11-17,0600,Aqua,MODIS,100,6.2,320.2,742.1,D,0
-20.886,118.5493,354,1.1,1,2014-11-17,0600,Aqua,MODIS,0,6.2,283.2,62.7,D,0
-20.9015,118.5102,353.5,1.1,1,2014-11-17,0600,Aqua,MODIS,82,6.2,298,58.5,D,0
-20.9153,118.544,377,1.1,1,2014-11-17,0600,Aqua,MODIS,0,6.2,287.6,137.9,D,0
-20.9292,118.5151,392.6,1.1,1,2014-11-17,0600,Aqua,MODIS,94,6.2,309.2,209.3,D,0
-20.6247,119.6787,373.8,1.2,1.1,2014-11-17,0600,Aqua,MODIS,100,6.2,313.4,142.7,D,0
-20.6266,119.6673,394.1,1.2,1.1,2014-11-17,0600,Aqua,MODIS,100,6.2,314.6,259.2,D,0
-20.9277,118.5253,365.9,1.1,1,2014-11-17,0600,Aqua,MODIS,87,6.2,303.7,91,D,0
-21.3022,119.545,339.9,1.2,1.1,2014-11-17,0600,Aqua,MODIS,71,6.2,297.9,29.3,D,0
-21.304,119.5339,351.3,1.2,1.1,2014-11-17,0600,Aqua,MODIS,93,6.2,310.6,54.4,D,0
-21.3058,119.5227,338.9,1.2,1.1,2014-11-17,0600,Aqua,MODIS,70,6.2,309.2,25.5,D,0
-21.2908,119.5544,371.8,1.2,1.1,2014-11-17,0600,Aqua,MODIS,94,6.2,308.7,128.8,D,0
-21.2926,119.5433,434.4,1.2,1.1,2014-11-17,0600,Aqua,MODIS,94,6.2,320.7,634.1,D,0
-21.2944,119.5321,384.9,1.2,1.1,2014-11-17,0600,Aqua,MODIS,100,6.2,319.7,188.9,D,0
-21.2962,119.521,380.1,1.2,1.1,2014-11-17,0600,Aqua,MODIS,100,6.2,315.2,163.1,D,0
-21.2812,119.5526,367.6,1.2,1.1,2014-11-17,0600,Aqua,MODIS,100,6.2,312.3,110,D,0
-21.283,119.5415,454.9,1.2,1.1,2014-11-17,0600,Aqua,MODIS,100,6.2,332.2,940.1,D,0
-21.2848,119.5303,402.9,1.2,1.1,2014-11-17,0600,Aqua,MODIS,100,6.2,322.5,308.4,D,0
-21.2866,119.5192,353.1,1.2,1.1,2014-11-17,0600,Aqua,MODIS,95,6.2,315.1,56.6,D,0
-21.2716,119.5508,453.9,1.2,1.1,2014-11-17,0600,Aqua,MODIS,100,6.2,324.2,923.6,D,0
-21.2734,119.5397,442.6,1.2,1.1,2014-11-17,0600,Aqua,MODIS,100,6.2,329.1,743.3,D,0
-21.2752,119.5286,355.9,1.2,1.1,2014-11-17,0600,Aqua,MODIS,97,6.2,312.4,64.3,D,0
-21.277,119.5175,357.6,1.2,1.1,2014-11-17,0600,Aqua,MODIS,98,6.2,314.7,67.4,D,0
-21.262,119.5491,394.1,1.2,1.1,2014-11-17,0600,Aqua,MODIS,100,6.2,315.3,245.8,D,0
-21.2638,119.5379,360.9,1.2,1.1,2014-11-17,0600,Aqua,MODIS,100,6.2,314.9,80.1,D,0
-21.2576,119.553,343.2,1.2,1.1,2014-11-17,0600,Aqua,MODIS,47,6.2,310.8,32.6,D,0
-21.2593,119.5419,347.5,1.2,1.1,2014-11-17,0600,Aqua,MODIS,41,6.2,315.5,41.7,D,0
-21.2462,119.5624,367.6,1.2,1.1,2014-11-17,0600,Aqua,MODIS,94,6.2,306.4,107.6,D,0
-21.248,119.5512,341.8,1.2,1.1,2014-11-17,0600,Aqua,MODIS,52,6.2,310.2,29.4,D,0
-21.2173,119.557,336.8,1.2,1.1,2014-11-17,0600,Aqua,MODIS,37,6.2,307.8,19,D,0
-21.2979,119.51,333,1.2,1.1,2014-11-17,0600,Aqua,MODIS,51,6.2,310.9,11.7,D,0
-21.2883,119.5083,348.9,1.2,1.1,2014-11-17,0600,Aqua,MODIS,91,6.2,312.7,43.1,D,0
-21.2787,119.5065,352.3,1.2,1.1,2014-11-17,0600,Aqua,MODIS,94,6.2,314.1,52.8,D,0
-20.9246,118.5457,450.9,1.1,1,2014-11-17,0600,Aqua,MODIS,75,6.2,310,776.7,D,0
-20.9169,118.5338,451.2,1.1,1,2014-11-17,0600,Aqua,MODIS,87,6.2,317,778.7,D,0
-20.9261,118.5355,406.1,1.1,1,2014-11-17,0600,Aqua,MODIS,75,6.2,311,301,D,0
-20.9184,118.5237,452.7,1.1,1,2014-11-17,0600,Aqua,MODIS,94,6.2,325.1,798.2,D,0
-22.8859,118.5446,332.5,1,1,2014-11-17,0600,Aqua,MODIS,70,6.2,301.6,19.4,D,0
-22.3793,115.9845,337.4,1,1,2014-11-17,0600,Aqua,MODIS,61,6.2,315.2,18.2,D,0
-22.3871,115.996,344.2,1,1,2014-11-17,0600,Aqua,MODIS,88,6.2,314.8,28.9,D,0
-16.7621,123.8381,358.7,2.7,1.6,2014-11-17,0601,Aqua,MODIS,99,6.2,298.4,290.2,D,0
-16.7598,123.833,332.8,2.7,1.6,2014-11-17,0601,Aqua,MODIS,85,6.2,298.5,74.7,D,0
-16.7763,123.8403,339,2.7,1.6,2014-11-17,0601,Aqua,MODIS,89,6.2,298.2,114.6,D,0
-16.2016,123.7878,337.9,2.8,1.6,2014-11-17,0601,Aqua,MODIS,0,6.2,294.4,123.4,D,0
-16.2063,123.7617,327.2,2.8,1.6,2014-11-17,0601,Aqua,MODIS,0,6.2,295.5,57.6,D,0
-17.2009,124.0398,326.8,2.8,1.6,2014-11-17,0601,Aqua,MODIS,77,6.2,296.5,38.7,D,0
-17.1915,124.0115,328.7,2.7,1.6,2014-11-17,0601,Aqua,MODIS,79,6.2,299.3,44.8,D,0
-17.1867,124.0369,328.5,2.8,1.6,2014-11-17,0601,Aqua,MODIS,77,6.2,299.4,46.5,D,0
-17.2056,124.0144,326.6,2.7,1.6,2014-11-17,0601,Aqua,MODIS,74,6.2,295.2,35,D,0
-16.7668,123.8131,336.5,2.7,1.6,2014-11-17,0601,Aqua,MODIS,88,6.2,299.3,97.7,D,0
-15.4376,124.8348,320.7,3.4,1.7,2014-11-17,0601,Aqua,MODIS,70,6.2,292.8,42.4,D,0
-15.2721,125.3072,324.4,3.8,1.8,2014-11-17,0601,Aqua,MODIS,77,6.2,295.1,81.8,D,0
-15.4438,124.8026,322.5,3.4,1.7,2014-11-17,0601,Aqua,MODIS,75,6.2,294.9,55.5,D,0
-15.2644,125.2984,328.1,3.8,1.8,2014-11-17,0601,Aqua,MODIS,81,6.2,295.7,112.6,D,0
-15.4446,124.8308,323.4,3.4,1.7,2014-11-17,0601,Aqua,MODIS,76,6.2,292.1,59.7,D,0
-15.4506,124.7987,319.4,3.4,1.7,2014-11-17,0601,Aqua,MODIS,68,6.2,294.5,38.4,D,0
-42.6566,147.5097,311.9,1.8,1.3,2014-11-17,1340,Terra,MODIS,84,6.2,279.4,36.5,N,0
-41.8263,147.4089,313,1.9,1.3,2014-11-17,1340,Terra,MODIS,86,6.2,281.1,38.1,N,0
-41.8215,147.4313,352.1,1.9,1.3,2014-11-17,1340,Terra,MODIS,100,6.2,284.8,180.6,N,0
-42.6645,147.5074,306.7,1.8,1.3,2014-11-17,1340,Terra,MODIS,68,6.2,278.1,27.9,N,0
-41.8238,147.439,348.4,1.9,1.3,2014-11-17,1340,Terra,MODIS,100,6.2,283.8,160,N,0
-41.8287,147.4166,327.7,1.9,1.3,2014-11-17,1340,Terra,MODIS,100,6.2,282.1,75.1,N,0
-32.9965,137.5855,300.1,1,1,2014-11-17,1343,Terra,MODIS,15,6.2,289.3,4.3,N,0
-19.8293,143.9881,304.2,3.9,1.8,2014-11-17,1346,Terra,MODIS,57,6.2,293.7,28.2,N,0
-19.8419,143.9599,304,3.9,1.8,2014-11-17,1346,Terra,MODIS,56,6.2,293.8,26.2,N,0
-19.8344,143.9957,307.9,3.9,1.8,2014-11-17,1346,Terra,MODIS,72,6.2,294,45.2,N,0
-17.1283,137.2018,311.7,1.4,1.2,2014-11-17,1347,Terra,MODIS,73,6.2,297.9,11.4,N,0
-17.1327,137.2104,313.8,1.4,1.2,2014-11-17,1347,Terra,MODIS,85,6.2,298.3,14,N,0
-17.0205,133.8441,312.2,1,1,2014-11-17,1347,Terra,MODIS,84,6.2,299.2,6.6,N,0
-17.0289,133.7874,306.9,1,1,2014-11-17,1347,Terra,MODIS,46,6.2,296.2,4.6,N,0
-17.3324,142.9558,307.6,3.7,1.8,2014-11-17,1347,Terra,MODIS,43,6.2,297.1,26,N,0
-16.7819,136.2565,314.9,1.3,1.1,2014-11-17,1347,Terra,MODIS,90,6.2,300.2,12.5,N,0
-17.3965,142.97,313.6,3.7,1.8,2014-11-17,1347,Terra,MODIS,64,6.2,297.4,51.5,N,0
-17.3807,143.0076,310,3.7,1.8,2014-11-17,1347,Terra,MODIS,32,6.2,297.1,34.3,N,0
-17.3875,142.9731,313.6,3.7,1.8,2014-11-17,1347,Terra,MODIS,86,6.2,297.2,52.3,N,0
-17.3738,143.0009,309,3.7,1.8,2014-11-17,1347,Terra,MODIS,12,6.2,297,30.3,N,0
-18.6383,138.0133,319.3,1.5,1.2,2014-11-17,1347,Terra,MODIS,98,6.2,299.2,24.8,N,0
-18.6407,137.9989,324.7,1.5,1.2,2014-11-17,1347,Terra,MODIS,100,6.2,299.2,34.8,N,0
-18.6274,138.0112,322.2,1.5,1.2,2014-11-17,1347,Terra,MODIS,100,6.2,298.5,30.2,N,0
-18.6298,137.9968,312.5,1.5,1.2,2014-11-17,1347,Terra,MODIS,83,6.2,298.2,13.9,N,0
-18.6237,137.9661,337.2,1.5,1.2,2014-11-17,1347,Terra,MODIS,100,6.2,300.8,65.1,N,0
-17.4036,142.9767,309.3,3.7,1.8,2014-11-17,1347,Terra,MODIS,38,6.2,297.4,32,N,0
-17.0893,133.8165,311,1,1,2014-11-17,1347,Terra,MODIS,56,6.2,298.2,6.1,N,0
-17.1991,143.2518,306.5,3.9,1.8,2014-11-17,1347,Terra,MODIS,64,6.2,296,27.4,N,0
-18.6127,137.833,313.2,1.5,1.2,2014-11-17,1347,Terra,MODIS,85,6.2,299.7,13.1,N,0
-18.6151,137.819,315,1.5,1.2,2014-11-17,1347,Terra,MODIS,89,6.2,299.9,15.2,N,0
-18.6174,137.8052,311.6,1.5,1.2,2014-11-17,1347,Terra,MODIS,81,6.2,299.7,10.9,N,0
-18.5626,137.846,384.8,1.5,1.2,2014-11-17,1347,Terra,MODIS,100,6.2,305.2,302.9,N,0
-18.5458,137.8137,311.8,1.5,1.2,2014-11-17,1347,Terra,MODIS,62,6.2,299.9,10.7,N,0
-16.6603,133.9168,307.9,1,1,2014-11-17,1347,Terra,MODIS,72,6.2,297.7,4.5,N,0
-18.154,143.6512,308.7,4,1.9,2014-11-17,1347,Terra,MODIS,75,6.2,295.3,41.9,N,0
-18.5603,137.8599,355.4,1.5,1.2,2014-11-17,1347,Terra,MODIS,100,6.2,301.9,125.9,N,0
-18.1498,143.6454,308.4,4,1.9,2014-11-17,1347,Terra,MODIS,74,6.2,295.3,41.4,N,0
-18.2407,143.6781,306,4,1.9,2014-11-17,1347,Terra,MODIS,44,6.2,293.6,30.5,N,0
-14.4447,134.6323,320.5,1.1,1.1,2014-11-17,1348,Terra,MODIS,100,6.2,301.1,16.1,N,0
-14.4401,134.6629,310.6,1.1,1.1,2014-11-17,1348,Terra,MODIS,73,6.2,300.2,6.5,N,0
-14.3016,134.9022,314.2,1.2,1.1,2014-11-17,1348,Terra,MODIS,85,6.2,300.7,10.8,N,0
-14.8639,133.1748,311.5,1,1,2014-11-17,1348,Terra,MODIS,77,6.2,292.7,9.2,N,0
-14.503,132.1624,304.8,1,1,2014-11-17,1348,Terra,MODIS,56,6.2,290.5,3.9,N,0
-13.5047,134.5654,309.4,1.1,1.1,2014-11-17,1348,Terra,MODIS,71,6.2,298,7.7,N,0
-14.1641,141.6543,306.9,3.4,1.7,2014-11-17,1348,Terra,MODIS,50,6.2,295.2,35.2,N,0
-14.4385,134.6733,310.9,1.1,1.1,2014-11-17,1348,Terra,MODIS,74,6.2,300.6,6.7,N,0
-14.2696,134.9185,316.8,1.2,1.1,2014-11-17,1348,Terra,MODIS,92,6.2,300.6,13.8,N,0
-14.2921,134.9005,315.7,1.2,1.1,2014-11-17,1348,Terra,MODIS,89,6.2,300.7,12.6,N,0
-16.4878,133.7119,309.9,1,1,2014-11-17,1348,Terra,MODIS,79,6.2,299.3,4.5,N,0
-16.4788,133.7104,313.9,1,1,2014-11-17,1348,Terra,MODIS,88,6.2,299,7.6,N,0
-14.2654,134.9224,314.9,1.2,1.1,2014-11-17,1348,Terra,MODIS,87,6.2,300.7,12.8,N,0
-13.8256,136.8818,306.9,1.5,1.2,2014-11-17,1348,Terra,MODIS,35,6.2,295.1,10.6,N,0
-13.5065,133.7745,308.8,1.1,1,2014-11-17,1348,Terra,MODIS,69,6.2,297.2,6.5,N,0
-14.4558,131.648,303.3,1,1,2014-11-17,1348,Terra,MODIS,12,6.2,277.7,4.7,N,0
-14.4597,131.6198,303.7,1,1,2014-11-17,1348,Terra,MODIS,52,6.2,275.3,5.6,N,0
-14.4454,131.6561,312.9,1,1,2014-11-17,1348,Terra,MODIS,50,6.2,280.5,10.3,N,0
-14.4208,131.6332,304,1,1,2014-11-17,1348,Terra,MODIS,42,6.2,274.6,5.5,N,0
-13.4783,133.7107,311.8,1.1,1,2014-11-17,1348,Terra,MODIS,80,6.2,297.1,8.4,N,0
-14.0003,134.7199,309.8,1.1,1.1,2014-11-17,1348,Terra,MODIS,71,6.2,298.6,7.1,N,0
-13.5256,133.7083,312.5,1.1,1,2014-11-17,1348,Terra,MODIS,32,6.2,298.1,8,N,0
-13.5335,133.7061,311,1,1,2014-11-17,1348,Terra,MODIS,55,6.2,297.8,7.9,N,0
-14.2174,135.3802,307.5,1.2,1.1,2014-11-17,1348,Terra,MODIS,59,6.2,297.4,7.2,N,0
-13.5157,133.776,307.1,1.1,1,2014-11-17,1348,Terra,MODIS,50,6.2,296.9,5.1,N,0
-13.5171,133.7664,313,1.1,1,2014-11-17,1348,Terra,MODIS,83,6.2,296.9,9.3,N,0
-14.0129,134.7005,313.8,1.1,1.1,2014-11-17,1348,Terra,MODIS,85,6.2,299.7,9.9,N,0
-13.5136,133.7262,310.6,1.1,1,2014-11-17,1348,Terra,MODIS,27,6.2,297.3,6.4,N,0
-13.7501,135.5521,303.5,1.3,1.1,2014-11-17,1348,Terra,MODIS,12,6.2,292.2,4.8,N,0
-14.0145,134.6901,314.4,1.1,1.1,2014-11-17,1348,Terra,MODIS,86,6.2,300.3,10.8,N,0
-13.5321,133.7157,309.9,1.1,1,2014-11-17,1348,Terra,MODIS,30,6.2,298,6.9,N,0
-13.8146,136.8798,328.1,1.5,1.2,2014-11-17,1348,Terra,MODIS,100,6.2,295.1,45.5,N,0
-16.205,129.7991,315.1,1.3,1.1,2014-11-17,1348,Terra,MODIS,91,6.2,297.3,10.9,N,0
-16.2366,129.7915,324.5,1.3,1.1,2014-11-17,1348,Terra,MODIS,100,6.2,297.8,25.7,N,0
-16.2351,129.8033,334.6,1.3,1.1,2014-11-17,1348,Terra,MODIS,100,6.2,298.9,44.5,N,0
-16.1384,129.8435,317.7,1.2,1.1,2014-11-17,1348,Terra,MODIS,96,6.2,298.9,14,N,0
-16.2251,129.8018,385.8,1.3,1.1,2014-11-17,1348,Terra,MODIS,100,6.2,303.2,242.4,N,0
-15.98,129.8089,309.3,1.2,1.1,2014-11-17,1348,Terra,MODIS,77,6.2,297.1,6.5,N,0
-16.218,129.777,311.2,1.3,1.1,2014-11-17,1348,Terra,MODIS,12,6.2,298,7,N,0
-16.2165,129.7887,337.6,1.3,1.1,2014-11-17,1348,Terra,MODIS,100,6.2,299.3,47.3,N,0
-16.11,129.8275,310.5,1.2,1.1,2014-11-17,1348,Terra,MODIS,45,6.2,297.7,6.7,N,0
-16.1484,129.8449,313.7,1.2,1.1,2014-11-17,1348,Terra,MODIS,81,6.2,298.9,9,N,0
-16.198,129.7742,312.7,1.3,1.1,2014-11-17,1348,Terra,MODIS,86,6.2,297.5,9.4,N,0
-15.2489,125.2979,301.4,2.5,1.5,2014-11-17,1348,Terra,MODIS,33,6.2,282,24.3,N,0
-16.215,129.8004,329,1.3,1.1,2014-11-17,1348,Terra,MODIS,100,6.2,298.8,30.7,N,0
-16.1085,129.8391,310.8,1.2,1.1,2014-11-17,1348,Terra,MODIS,48,6.2,297.8,7.1,N,0
-16.2266,129.7901,362.4,1.3,1.1,2014-11-17,1348,Terra,MODIS,100,6.2,301.9,122.8,N,0
-16.195,129.7977,315.7,1.3,1.1,2014-11-17,1348,Terra,MODIS,92,6.2,297.7,12.3,N,0
-16.1935,129.8093,317.9,1.3,1.1,2014-11-17,1348,Terra,MODIS,96,6.2,298.1,14.7,N,0
-16.208,129.7756,319.1,1.3,1.1,2014-11-17,1348,Terra,MODIS,98,6.2,298.2,16.6,N,0
-16.2065,129.7873,317.3,1.3,1.1,2014-11-17,1348,Terra,MODIS,95,6.2,297.6,13.3,N,0
-12.5513,135.034,306.8,1.2,1.1,2014-11-17,1349,Terra,MODIS,65,6.2,295.6,8,N,0
-12.5891,135.058,305.3,1.2,1.1,2014-11-17,1349,Terra,MODIS,8,6.2,294.7,5.8,N,0
-12.553,135.0227,315.6,1.2,1.1,2014-11-17,1349,Terra,MODIS,91,6.2,295.6,16.8,N,0
-12.5959,135.0068,326.9,1.2,1.1,2014-11-17,1349,Terra,MODIS,100,6.2,296.3,30.6,N,0
-12.5978,135.0021,323.7,1.2,1.1,2014-11-17,1349,Terra,MODIS,100,6.2,295.4,25.4,N,0
-12.6141,135.0276,308.1,1.2,1.1,2014-11-17,1349,Terra,MODIS,70,6.2,296,8.6,N,0
-12.5961,135.0132,315.8,1.2,1.1,2014-11-17,1349,Terra,MODIS,50,6.2,296.4,14.8,N,0
-12.586,135.0052,308.5,1.2,1.1,2014-11-17,1349,Terra,MODIS,72,6.2,294.5,9.4,N,0
-12.5843,135.0164,306.4,1.2,1.1,2014-11-17,1349,Terra,MODIS,59,6.2,294.8,7.4,N,0
-12.6235,130.8139,309.8,1,1,2014-11-17,1349,Terra,MODIS,75,6.2,295.4,6.7,N,0
-12.6327,130.8153,342.9,1,1,2014-11-17,1349,Terra,MODIS,100,6.2,296.9,48.2,N,0
-12.6313,130.8248,348.7,1,1,2014-11-17,1349,Terra,MODIS,100,6.2,297.1,60,N,0
-18.6023,145.7854,301.6,2.1,1.4,2014-11-17,1515,Aqua,MODIS,33,6.2,290.9,14.8,N,0
-18.5217,145.8439,304,2.1,1.4,2014-11-17,1515,Aqua,MODIS,58,6.2,292.7,17.9,N,0
-19.4869,143.0663,311.8,3.2,1.7,2014-11-17,1516,Aqua,MODIS,72,6.2,294.3,41.5,N,0
-19.4929,143.0963,335.7,3.2,1.7,2014-11-17,1516,Aqua,MODIS,100,6.2,296.2,182.3,N,0
-19.5079,143.0929,309,3.2,1.7,2014-11-17,1516,Aqua,MODIS,76,6.2,295.3,33.4,N,0
-19.4778,143.0997,320.6,3.2,1.7,2014-11-17,1516,Aqua,MODIS,100,6.2,294.3,84.7,N,0
-19.4884,143.0899,327.2,3.2,1.7,2014-11-17,1516,Aqua,MODIS,100,6.2,295.5,122.4,N,0
-19.5034,143.0865,321.7,3.2,1.7,2014-11-17,1516,Aqua,MODIS,100,6.2,295.4,89.4,N,0
-19.4688,142.8379,319.7,3.3,1.7,2014-11-17,1516,Aqua,MODIS,99,6.2,291.8,86.6,N,0
-19.4811,142.8751,319.5,3.3,1.7,2014-11-17,1516,Aqua,MODIS,99,6.2,295,86.8,N,0
-19.475,142.8439,328.3,3.3,1.7,2014-11-17,1516,Aqua,MODIS,100,6.2,294.8,140.3,N,0
-19.836,143.9887,306,2.7,1.6,2014-11-17,1516,Aqua,MODIS,42,6.2,293.6,27.4,N,0
-19.4751,142.8691,326,3.3,1.7,2014-11-17,1516,Aqua,MODIS,100,6.2,294.9,125,N,0
-24.7172,147.8846,321.4,1.2,1.1,2014-11-17,1517,Aqua,MODIS,100,6.2,295.6,20.8,N,0
-24.7344,148.0488,328.8,1.2,1.1,2014-11-17,1517,Aqua,MODIS,100,6.2,291.9,32.1,N,0
-24.8453,148.7288,310.3,1.1,1,2014-11-17,1517,Aqua,MODIS,64,6.2,295.2,7.9,N,0
-24.7363,148.0606,323.5,1.2,1.1,2014-11-17,1517,Aqua,MODIS,96,6.2,292.7,24.3,N,0
-24.733,147.8584,321,1.2,1.1,2014-11-17,1517,Aqua,MODIS,100,6.2,294.2,20.2,N,0
-24.7094,147.8982,311,1.2,1.1,2014-11-17,1517,Aqua,MODIS,81,6.2,293,9.8,N,0
-24.7074,147.8863,338.4,1.2,1.1,2014-11-17,1517,Aqua,MODIS,100,6.2,295.4,50.4,N,0
-24.6392,148.0271,312.5,1.2,1.1,2014-11-17,1517,Aqua,MODIS,62,6.2,293.1,12.1,N,0
-24.647,148.0138,310.5,1.2,1.1,2014-11-17,1517,Aqua,MODIS,62,6.2,294.8,8.7,N,0
-24.6451,148.0023,311.5,1.2,1.1,2014-11-17,1517,Aqua,MODIS,83,6.2,294.5,10.3,N,0
-24.7289,147.8944,319.4,1.2,1.1,2014-11-17,1517,Aqua,MODIS,98,6.2,293.9,18.6,N,0
-24.7191,147.8962,313.2,1.2,1.1,2014-11-17,1517,Aqua,MODIS,71,6.2,293.6,11.6,N,0
-24.888,148.2208,306.9,1.2,1.1,2014-11-17,1517,Aqua,MODIS,55,6.2,289.3,9.3,N,0
-24.7251,147.8716,311.5,1.2,1.1,2014-11-17,1517,Aqua,MODIS,28,6.2,293.4,9.6,N,0
-24.727,147.8831,342.6,1.2,1.1,2014-11-17,1517,Aqua,MODIS,100,6.2,296.5,58.4,N,0
-24.7232,147.8601,316.4,1.2,1.1,2014-11-17,1517,Aqua,MODIS,93,6.2,293.3,15.5,N,0
-24.7441,148.0472,321.2,1.2,1.1,2014-11-17,1517,Aqua,MODIS,100,6.2,287.6,22.4,N,0
-24.3492,150.9499,302.2,1,1,2014-11-17,1517,Aqua,MODIS,47,6.2,291.5,4,N,0
-24.6372,148.0153,322.1,1.2,1.1,2014-11-17,1517,Aqua,MODIS,100,6.2,294.5,22.4,N,0
-24.7363,147.8647,316.9,1.2,1.1,2014-11-17,1517,Aqua,MODIS,94,6.2,293.2,15.6,N,0
-24.7342,147.8522,313.6,1.2,1.1,2014-11-17,1517,Aqua,MODIS,37,6.2,293.6,11.5,N,0
-24.744,147.8504,309.1,1.2,1.1,2014-11-17,1517,Aqua,MODIS,39,6.2,292.9,8.3,N,0
-24.74,147.8269,323.6,1.2,1.1,2014-11-17,1517,Aqua,MODIS,100,6.2,292.7,24.4,N,0
-24.8435,148.718,306.4,1.1,1,2014-11-17,1517,Aqua,MODIS,33,6.2,293.8,4.9,N,0
-24.6315,148.0413,309.5,1.2,1.1,2014-11-17,1517,Aqua,MODIS,69,6.2,292.5,11.7,N,0
-24.6667,147.9438,308.1,1.2,1.1,2014-11-17,1517,Aqua,MODIS,10,6.2,293.4,7.3,N,0
-24.6353,148.0038,311.1,1.2,1.1,2014-11-17,1517,Aqua,MODIS,76,6.2,293.6,10.6,N,0
-27.7241,150.5049,309.8,1,1,2014-11-17,1517,Aqua,MODIS,78,6.2,293.1,8.4,N,0
-30.2773,148.4826,304.1,1,1,2014-11-17,1518,Aqua,MODIS,58,6.2,281,8.6,N,0
-30.4707,148.0723,303.4,1,1,2014-11-17,1518,Aqua,MODIS,55,6.2,282.3,8.7,N,0
-30.279,148.4932,303.2,1,1,2014-11-17,1518,Aqua,MODIS,54,6.2,282.9,8.2,N,0
-20.6349,119.6959,315.4,4,1.9,2014-11-17,1525,Terra,MODIS,91,6.2,294.1,93.1,N,0
-20.6231,119.728,306.6,4,1.9,2014-11-17,1525,Terra,MODIS,69,6.2,294,46.9,N,0
-20.631,119.6899,313.7,4,1.9,2014-11-17,1525,Terra,MODIS,88,6.2,293.9,84.3,N,0
-21.2828,119.5758,305.7,3.8,1.8,2014-11-17,1525,Terra,MODIS,50,6.2,294.7,27.7,N,0
-21.2666,119.5719,307.9,3.8,1.8,2014-11-17,1525,Terra,MODIS,73,6.2,294.9,38.5,N,0
-21.2607,119.5653,306.4,3.8,1.8,2014-11-17,1525,Terra,MODIS,32,6.2,294.9,30.9,N,0
-13.5112,133.7741,310.4,1.7,1.3,2014-11-17,1652,Aqua,MODIS,62,6.2,294.7,17.4,N,0
-14.0111,134.7188,317.4,2,1.4,2014-11-17,1652,Aqua,MODIS,95,6.2,296.5,36.5,N,0
-14.0087,134.6999,315.1,2,1.4,2014-11-17,1652,Aqua,MODIS,90,6.2,296.5,30.5,N,0
-14.0131,134.7132,323.6,2,1.4,2014-11-17,1652,Aqua,MODIS,100,6.2,297,54.3,N,0
-13.5137,133.7793,308.7,1.7,1.3,2014-11-17,1652,Aqua,MODIS,74,6.2,294.7,15.1,N,0
-14.4638,131.6598,300.5,1.3,1.1,2014-11-17,1653,Aqua,MODIS,9,6.2,278.4,5.3,N,0
-15.2465,125.2933,309,1.2,1.1,2014-11-17,1653,Aqua,MODIS,56,6.2,291.4,10.2,N,0
-15.2462,125.299,309.4,1.2,1.1,2014-11-17,1653,Aqua,MODIS,71,6.2,289.9,10.4,N,0
-16.9142,133.1532,313.8,1.7,1.3,2014-11-17,1653,Aqua,MODIS,88,6.2,294,22.8,N,0
-16.9173,133.1584,330.2,1.7,1.3,2014-11-17,1653,Aqua,MODIS,100,6.2,294,59.9,N,0
-16.9193,133.1745,311.1,1.7,1.3,2014-11-17,1653,Aqua,MODIS,82,6.2,291.3,18.6,N,0
-16.9161,133.1693,317.2,1.7,1.3,2014-11-17,1653,Aqua,MODIS,95,6.2,291.9,29.2,N,0
-16.9258,133.1518,305.4,1.7,1.3,2014-11-17,1653,Aqua,MODIS,64,6.2,292.9,10.3,N,0
-16.9277,133.1679,322,1.7,1.3,2014-11-17,1653,Aqua,MODIS,100,6.2,293.3,40.1,N,0
-16.9432,133.1988,303.1,1.7,1.3,2014-11-17,1653,Aqua,MODIS,15,6.2,290.9,9.5,N,0
-17.3316,135.4633,307.1,2.6,1.5,2014-11-17,1653,Aqua,MODIS,70,6.2,286.2,39.5,N,0
-20.6269,119.7141,310.3,2.4,1.5,2014-11-17,1655,Aqua,MODIS,80,6.2,294.2,32.8,N,0
-20.62,119.7082,305.7,2.4,1.5,2014-11-17,1655,Aqua,MODIS,65,6.2,293.8,20.4,N,0
-21.2211,119.589,306,2.4,1.5,2014-11-17,1655,Aqua,MODIS,45,6.2,283.8,25.1,N,0
-21.5611,121.2387,313.3,1.8,1.3,2014-11-17,1655,Aqua,MODIS,87,6.2,293.2,23.9,N,0
-21.554,121.2457,303.2,1.8,1.3,2014-11-17,1655,Aqua,MODIS,39,6.2,292.5,8.6,N,0
-21.5656,121.2432,306.4,1.8,1.3,2014-11-17,1655,Aqua,MODIS,68,6.2,293,13.2,N,0
-20.2489,120.4529,309.6,2.2,1.4,2014-11-17,1655,Aqua,MODIS,78,6.2,293.1,25.4,N,0
-30.868,121.4993,323.6,1.2,1.1,2014-11-17,1657,Aqua,MODIS,100,6.2,289.2,28.6,N,2
-30.8658,121.487,321,1.2,1.1,2014-11-17,1657,Aqua,MODIS,100,6.2,289.5,25.2,N,2
-30.8646,121.4928,335.8,1.2,1.1,2014-11-17,1657,Aqua,MODIS,100,6.2,289.5,49,N,2
-12.2792,142.8912,321.9,1.3,1.1,2014-11-18,0038,Terra,MODIS,74,6.2,277.5,21.8,D,0
-12.8644,142.4457,330.6,1.3,1.1,2014-11-18,0038,Terra,MODIS,36,6.2,303.9,18.2,D,0
-12.8729,142.4503,327.1,1.3,1.1,2014-11-18,0038,Terra,MODIS,50,6.2,304.1,10.9,D,0
-12.8812,142.4365,333,1.3,1.1,2014-11-18,0038,Terra,MODIS,61,6.2,306,21.4,D,0
-12.7227,142.8473,320.2,1.3,1.1,2014-11-18,0038,Terra,MODIS,40,6.2,292.1,10.9,D,0
-14.7609,144.7051,344.5,1,1,2014-11-18,0039,Terra,MODIS,90,6.2,304.6,38.6,D,0
-13.6604,135.4691,322.7,4.2,1.9,2014-11-18,0039,Terra,MODIS,35,6.2,301.7,54.9,D,0
-14.8158,144.6423,327.4,1,1,2014-11-18,0039,Terra,MODIS,51,6.2,305,10.2,D,0
-14.7533,144.716,325.8,1,1,2014-11-18,0039,Terra,MODIS,44,6.2,302.1,9.8,D,0
-14.5422,142.3774,333.3,1.3,1.1,2014-11-18,0039,Terra,MODIS,73,6.2,309.9,19.7,D,0
-14.5522,142.3757,328.8,1.3,1.1,2014-11-18,0039,Terra,MODIS,52,6.2,306.7,10.2,D,0
-14.5579,142.4108,344.9,1.3,1.1,2014-11-18,0039,Terra,MODIS,88,6.2,310.6,46.4,D,0
-14.5717,142.4324,330.2,1.3,1.1,2014-11-18,0039,Terra,MODIS,66,6.2,309.1,13.5,D,0
-14.556,142.3991,343.3,1.3,1.1,2014-11-18,0039,Terra,MODIS,87,6.2,310.3,41.9,D,0
-14.5541,142.3874,349.5,1.3,1.1,2014-11-18,0039,Terra,MODIS,92,6.2,310.3,58.7,D,0
-14.5698,142.4207,344.9,1.3,1.1,2014-11-18,0039,Terra,MODIS,88,6.2,310.5,45.6,D,0
-14.5598,142.4225,334,1.3,1.1,2014-11-18,0039,Terra,MODIS,75,6.2,310,21.4,D,0
-14.5679,142.4091,333.7,1.3,1.1,2014-11-18,0039,Terra,MODIS,74,6.2,309.9,19.8,D,0
-14.1269,141.6976,335.2,1.4,1.2,2014-11-18,0039,Terra,MODIS,76,6.2,310.6,22.7,D,0
-14.5591,142.2897,329.6,1.3,1.1,2014-11-18,0039,Terra,MODIS,38,6.2,307.3,14.9,D,0
-14.1504,141.7413,336.6,1.4,1.2,2014-11-18,0039,Terra,MODIS,79,6.2,309.8,34.2,D,0
-15.73,145.026,353.4,1,1,2014-11-18,0039,Terra,MODIS,96,6.2,307.6,52.3,D,0
-14.7381,144.5542,323.3,1,1,2014-11-18,0039,Terra,MODIS,38,6.2,300.1,9.3,D,0
-12.9017,142.4331,330.9,1.3,1.1,2014-11-18,0039,Terra,MODIS,59,6.2,304.3,17,D,0
-14.5754,142.4556,331.4,1.3,1.1,2014-11-18,0039,Terra,MODIS,61,6.2,310.5,15.3,D,0
-15.721,145.0273,342.6,1,1,2014-11-18,0039,Terra,MODIS,81,6.2,309.6,30.1,D,0
-14.9114,143.2232,337,1.1,1.1,2014-11-18,0039,Terra,MODIS,73,6.2,312.3,18,D,0
-15.7044,145.0394,358.4,1,1,2014-11-18,0039,Terra,MODIS,99,6.2,310.4,63.2,D,0
-15.7418,145.0432,340.3,1,1,2014-11-18,0039,Terra,MODIS,68,6.2,305.8,27.7,D,0
-15.7162,145.0566,341.1,1,1,2014-11-18,0039,Terra,MODIS,76,6.2,309.1,25.9,D,0
-15.7058,145.0487,339,1,1,2014-11-18,0039,Terra,MODIS,51,6.2,312.8,22.7,D,0
-15.7432,145.0524,341.2,1,1,2014-11-18,0039,Terra,MODIS,81,6.2,305.3,29.9,D,0
-14.5891,142.4771,334.6,1.3,1.1,2014-11-18,0039,Terra,MODIS,43,6.2,313.1,18.4,D,0
-14.6127,142.4968,333.9,1.3,1.1,2014-11-18,0039,Terra,MODIS,31,6.2,312.5,14.9,D,0
-14.9353,143.2239,337.8,1.1,1.1,2014-11-18,0039,Terra,MODIS,76,6.2,314,20.4,D,0
-14.9258,143.2255,336.4,1.1,1.1,2014-11-18,0039,Terra,MODIS,78,6.2,313.9,19.3,D,0
-14.9241,143.215,334.1,1.1,1.1,2014-11-18,0039,Terra,MODIS,72,6.2,314.5,14.9,D,0
-14.8907,143.2159,348.8,1.1,1.1,2014-11-18,0039,Terra,MODIS,92,6.2,314.7,44.1,D,0
-14.9019,143.2248,335.9,1.1,1.1,2014-11-18,0039,Terra,MODIS,70,6.2,312.1,16.2,D,0
-14.9002,143.2143,339.1,1.1,1.1,2014-11-18,0039,Terra,MODIS,79,6.2,315.7,21.8,D,0
-16.4488,144.8447,334.6,1,1,2014-11-18,0039,Terra,MODIS,61,6.2,316.4,10.1,D,0
-14.1312,141.6909,351.4,1.4,1.2,2014-11-18,0039,Terra,MODIS,94,6.2,310.9,73.9,D,0
-15.7031,145.0302,346,1,1,2014-11-18,0039,Terra,MODIS,91,6.2,304.4,36.9,D,0
-14.889,143.2054,335.7,1.1,1.1,2014-11-18,0039,Terra,MODIS,38,6.2,313.7,13.4,D,0
-14.1334,141.704,332.5,1.4,1.2,2014-11-18,0039,Terra,MODIS,58,6.2,310.6,20.1,D,0
-16.4475,144.8354,337.5,1,1,2014-11-18,0039,Terra,MODIS,81,6.2,317.2,14.5,D,0
-13.0222,136.2937,320.3,3.8,1.8,2014-11-18,0039,Terra,MODIS,63,6.2,303,45.9,D,0
-14.129,141.6778,338.1,1.4,1.2,2014-11-18,0039,Terra,MODIS,75,6.2,308.9,32.5,D,0
-15.748,145.0231,327.4,1,1,2014-11-18,0039,Terra,MODIS,33,6.2,303.2,11.7,D,0
-14.1248,141.6844,346.4,1.4,1.2,2014-11-18,0039,Terra,MODIS,90,6.2,310.2,56,D,0
-14.6398,142.2823,335.1,1.3,1.1,2014-11-18,0039,Terra,MODIS,49,6.2,312.9,19.7,D,0
-14.6359,142.2586,334.4,1.3,1.1,2014-11-18,0039,Terra,MODIS,47,6.2,309.5,21.7,D,0
-14.6378,142.2704,333.8,1.3,1.1,2014-11-18,0039,Terra,MODIS,34,6.2,311.9,18.1,D,0
-12.6055,135.0192,312.5,4.8,2,2014-11-18,0039,Terra,MODIS,11,6.2,297,44.4,D,0
-15.1886,145.2233,322.2,1,1,2014-11-18,0039,Terra,MODIS,45,6.2,300.1,7.9,D,0
-15.3852,135.8613,328,3.6,1.8,2014-11-18,0039,Terra,MODIS,81,6.2,299.8,88.5,D,0
-15.3989,135.8859,341.8,3.6,1.8,2014-11-18,0039,Terra,MODIS,91,6.2,300.6,216.9,D,0
-15.3915,135.8947,336.9,3.6,1.8,2014-11-18,0039,Terra,MODIS,88,6.2,300,164.9,D,0
-14.5365,142.3421,335.2,1.3,1.1,2014-11-18,0039,Terra,MODIS,77,6.2,308.4,24.9,D,0
-14.5384,142.3539,331.7,1.3,1.1,2014-11-18,0039,Terra,MODIS,69,6.2,309.9,17.3,D,0
-18.2112,143.6432,343.3,1,1,2014-11-18,0040,Terra,MODIS,80,6.2,320,23,D,0
-18.2688,145.9679,332,1,1,2014-11-18,0040,Terra,MODIS,66,6.2,312.7,16.3,D,0
-18.2391,143.7117,338.4,1,1,2014-11-18,0040,Terra,MODIS,77,6.2,318.8,17,D,0
-18.1474,143.6538,333,1,1,2014-11-18,0040,Terra,MODIS,35,6.2,317.5,6.8,D,0
-17.3895,142.9971,371.7,1.1,1,2014-11-18,0040,Terra,MODIS,100,6.2,323.2,109.9,D,0
-16.9155,143.0721,342.8,1.1,1,2014-11-18,0040,Terra,MODIS,72,6.2,316.8,22.3,D,0
-17.2394,143.2742,334.4,1.1,1,2014-11-18,0040,Terra,MODIS,67,6.2,316.4,13.2,D,0
-16.9782,143.1291,346.5,1.1,1,2014-11-18,0040,Terra,MODIS,77,6.2,317.6,31.9,D,0
-17.3241,142.5891,337.7,1.1,1.1,2014-11-18,0040,Terra,MODIS,65,6.2,314.9,18.3,D,0
-17.3145,142.5907,332.3,1.1,1.1,2014-11-18,0040,Terra,MODIS,31,6.2,313.5,9.4,D,0
-17.3023,142.5994,345.1,1.1,1.1,2014-11-18,0040,Terra,MODIS,87,6.2,314.6,32.4,D,0
-17.3258,142.5998,339.8,1.1,1.1,2014-11-18,0040,Terra,MODIS,65,6.2,315.1,21.1,D,0
-16.9309,143.074,336.3,1.1,1,2014-11-18,0040,Terra,MODIS,34,6.2,316.1,12.6,D,0
-16.8224,137.5818,355.3,2.5,1.5,2014-11-18,0040,Terra,MODIS,91,6.2,296.7,231.6,D,0
-17.3538,142.9886,344.9,1.1,1,2014-11-18,0040,Terra,MODIS,67,6.2,318.9,26.7,D,0
-18.9922,141.8195,334.9,1.2,1.1,2014-11-18,0040,Terra,MODIS,66,6.2,314.3,12,D,0
-19.4916,143.1035,337.3,1,1,2014-11-18,0040,Terra,MODIS,48,6.2,309.2,16.6,D,0
-16.8714,143.0372,336.6,1.1,1,2014-11-18,0040,Terra,MODIS,34,6.2,318,12.8,D,0
-16.8698,143.0269,336.6,1.1,1,2014-11-18,0040,Terra,MODIS,36,6.2,317,12.4,D,0
-19.2762,146.2141,339.4,1.1,1,2014-11-18,0040,Terra,MODIS,83,6.2,309.8,27.9,D,0
-19.6005,143.0892,356.5,1,1,2014-11-18,0040,Terra,MODIS,95,6.2,313.9,61.4,D,0
-19.5562,143.1069,336.6,1,1,2014-11-18,0040,Terra,MODIS,29,6.2,312.8,16.5,D,0
-19.547,143.1085,352.1,1,1,2014-11-18,0040,Terra,MODIS,94,6.2,318.6,48,D,0
-19.5069,143.0806,341.6,1,1,2014-11-18,0040,Terra,MODIS,61,6.2,310.9,27.1,D,0
-16.7452,134.0754,326.7,4.6,2,2014-11-18,0040,Terra,MODIS,32,6.2,299.4,94.5,D,0
-17.4362,142.6514,354.9,1.1,1.1,2014-11-18,0040,Terra,MODIS,96,6.2,317.8,53.3,D,0
-16.7365,134.0327,328.5,4.6,2,2014-11-18,0040,Terra,MODIS,41,6.2,299.7,108.5,D,0
-16.7356,134.0274,328.9,4.6,2,2014-11-18,0040,Terra,MODIS,41,6.2,299.8,106.3,D,0
-19.5008,143.102,348.8,1,1,2014-11-18,0040,Terra,MODIS,91,6.2,307,39,D,0
-19.5455,143.0986,357,1,1,2014-11-18,0040,Terra,MODIS,97,6.2,312.6,58.9,D,0
-19.5148,143.0834,339,1,1,2014-11-18,0040,Terra,MODIS,59,6.2,307,24.1,D,0
-19.5133,143.0734,349,1,1,2014-11-18,0040,Terra,MODIS,79,6.2,308.7,46.3,D,0
-19.5225,143.0719,338,1,1,2014-11-18,0040,Terra,MODIS,65,6.2,306.8,24,D,0
-17.503,135.2304,331.2,3.7,1.8,2014-11-18,0040,Terra,MODIS,64,6.2,307.4,84.9,D,0
-17.5098,135.2217,332.7,3.7,1.8,2014-11-18,0040,Terra,MODIS,73,6.2,309.2,98.5,D,0
-17.4964,135.1962,341.8,3.7,1.8,2014-11-18,0040,Terra,MODIS,87,6.2,309.3,193.5,D,0
-17.487,135.1909,335.9,3.7,1.8,2014-11-18,0040,Terra,MODIS,81,6.2,307.9,130.8,D,0
-17.1468,142.8445,335.6,1.1,1.1,2014-11-18,0040,Terra,MODIS,64,6.2,315.7,8.2,D,0
-16.7748,136.2394,327.6,3.2,1.7,2014-11-18,0040,Terra,MODIS,68,6.2,301.8,49.9,D,0
-17.1016,143.2063,349.5,1.1,1,2014-11-18,0040,Terra,MODIS,91,6.2,318.2,36.5,D,0
-17.2041,135.4537,368.8,3.6,1.8,2014-11-18,0040,Terra,MODIS,100,6.2,304.2,610.1,D,0
-17.2106,135.4869,356,3.6,1.8,2014-11-18,0040,Terra,MODIS,97,6.2,304,386.9,D,0
-17.2123,135.4462,336.3,3.6,1.8,2014-11-18,0040,Terra,MODIS,82,6.2,303.6,129.3,D,0
-17.219,135.4794,327.9,3.6,1.8,2014-11-18,0040,Terra,MODIS,65,6.2,303.3,65.4,D,0
-16.953,143.0913,339.9,1.1,1,2014-11-18,0040,Terra,MODIS,39,6.2,317,16.9,D,0
-17.3296,135.4563,342.5,3.6,1.8,2014-11-18,0040,Terra,MODIS,88,6.2,307.6,187.3,D,0
-17.3453,135.4527,374.3,3.6,1.8,2014-11-18,0040,Terra,MODIS,100,6.2,308.8,705,D,0
-17.3218,135.4507,333,3.6,1.8,2014-11-18,0040,Terra,MODIS,74,6.2,306.7,95.1,D,0
-17.3231,135.423,338,3.6,1.8,2014-11-18,0040,Terra,MODIS,84,6.2,305.6,137.7,D,0
-17.3389,135.4195,351.9,3.6,1.8,2014-11-18,0040,Terra,MODIS,95,6.2,306.7,297.3,D,0
-17.3309,135.4139,338,3.6,1.8,2014-11-18,0040,Terra,MODIS,83,6.2,305.4,134.8,D,0
-17.3375,135.4472,378,3.6,1.8,2014-11-18,0040,Terra,MODIS,100,6.2,310.1,799.5,D,0
-17.3533,135.4436,345,3.6,1.8,2014-11-18,0040,Terra,MODIS,90,6.2,306.9,208.2,D,0
-17.3758,143.0059,340.1,1.1,1,2014-11-18,0040,Terra,MODIS,53,6.2,317,18.9,D,0
-19.1574,142.3335,342.6,1.1,1.1,2014-11-18,0040,Terra,MODIS,68,6.2,317.6,22.5,D,0
-17.3554,142.9988,364.6,1.1,1,2014-11-18,0040,Terra,MODIS,100,6.2,317.8,83.6,D,0
-19.1411,142.2927,341.1,1.1,1.1,2014-11-18,0040,Terra,MODIS,61,6.2,317.3,22.3,D,0
-17.0079,143.1346,339.2,1.1,1,2014-11-18,0040,Terra,MODIS,23,6.2,318.4,14,D,0
-17.2699,142.886,341.4,1.1,1.1,2014-11-18,0040,Terra,MODIS,71,6.2,317.2,23.4,D,0
-19.1256,142.3173,343.8,1.1,1.1,2014-11-18,0040,Terra,MODIS,66,6.2,317.1,24.9,D,0
-19.1557,142.3229,341.4,1.1,1.1,2014-11-18,0040,Terra,MODIS,39,6.2,317.3,18.3,D,0
-19.1506,142.2911,359.2,1.1,1.1,2014-11-18,0040,Terra,MODIS,99,6.2,316.8,68.6,D,0
-19.1523,142.3017,347.6,1.1,1.1,2014-11-18,0040,Terra,MODIS,80,6.2,315.4,34.4,D,0
-19.1642,142.3759,338.4,1.1,1.1,2014-11-18,0040,Terra,MODIS,74,6.2,315.5,18.2,D,0
-19.1652,142.3213,368.1,1.1,1.1,2014-11-18,0040,Terra,MODIS,100,6.2,319.1,98,D,0
-19.1669,142.3319,373.2,1.1,1.1,2014-11-18,0040,Terra,MODIS,100,6.2,318.2,119.1,D,0
-19.1659,142.3864,335.8,1.1,1.1,2014-11-18,0040,Terra,MODIS,71,6.2,314.4,14.2,D,0
-19.1601,142.2894,345.3,1.1,1.1,2014-11-18,0040,Terra,MODIS,87,6.2,312.6,33.9,D,0
-17.2794,142.8844,343.9,1.1,1.1,2014-11-18,0040,Terra,MODIS,85,6.2,317,28.1,D,0
-17.6331,135.2948,352.7,3.6,1.8,2014-11-18,0040,Terra,MODIS,95,6.2,310.4,319,D,0
-17.4005,143.0057,354.9,1.1,1,2014-11-18,0040,Terra,MODIS,96,6.2,315.5,55.2,D,0
-19.0121,141.9423,358.9,1.2,1.1,2014-11-18,0040,Terra,MODIS,99,6.2,313.1,72.5,D,0
-19.0042,141.9551,354.6,1.2,1.1,2014-11-18,0040,Terra,MODIS,96,6.2,315.8,57.6,D,0
-17.2326,143.2715,340.6,1.1,1,2014-11-18,0040,Terra,MODIS,44,6.2,317.7,19.8,D,0
-17.351,142.5735,344.2,1.1,1.1,2014-11-18,0040,Terra,MODIS,86,6.2,312.6,32.9,D,0
-19.0024,141.944,354,1.2,1.1,2014-11-18,0040,Terra,MODIS,95,6.2,317.2,55.4,D,0
-19.0139,141.9534,358.2,1.2,1.1,2014-11-18,0040,Terra,MODIS,98,6.2,313.9,71.2,D,0
-17.3493,142.5628,332.5,1.1,1.1,2014-11-18,0040,Terra,MODIS,38,6.2,313.2,10.3,D,0
-16.7967,134.2404,325.5,4.5,1.9,2014-11-18,0040,Terra,MODIS,62,6.2,301.7,90.6,D,0
-16.814,134.2366,325.1,4.5,1.9,2014-11-18,0040,Terra,MODIS,58,6.2,301.2,86.2,D,0
-16.8223,134.2781,322.9,4.4,1.9,2014-11-18,0040,Terra,MODIS,44,6.2,301.3,69.1,D,0
-16.7971,134.2348,326.2,4.5,1.9,2014-11-18,0040,Terra,MODIS,57,6.2,301.8,96.6,D,0
-16.823,134.2725,324.5,4.4,1.9,2014-11-18,0040,Terra,MODIS,54,6.2,301.2,83.6,D,0
-17.3911,143.0073,372.4,1.1,1,2014-11-18,0040,Terra,MODIS,100,6.2,320,113.9,D,0
-17.3989,142.9955,374.9,1.1,1,2014-11-18,0040,Terra,MODIS,100,6.2,317.9,122.4,D,0
-17.6173,135.2983,330.8,3.6,1.8,2014-11-18,0040,Terra,MODIS,50,6.2,307.1,77,D,0
-19.8371,143.9806,344.6,1,1,2014-11-18,0040,Terra,MODIS,86,6.2,314.8,28.1,D,0
-19.8356,143.9711,339.1,1,1,2014-11-18,0040,Terra,MODIS,79,6.2,316.6,18.4,D,0
-16.855,142.9336,336.4,1.1,1.1,2014-11-18,0040,Terra,MODIS,49,6.2,315.4,13.8,D,0
-19.8304,143.9975,337.3,1,1,2014-11-18,0040,Terra,MODIS,56,6.2,313.4,14.3,D,0
-19.8333,144.0165,332.3,1,1,2014-11-18,0040,Terra,MODIS,56,6.2,316.8,9.1,D,0
-19.8319,144.007,338.9,1,1,2014-11-18,0040,Terra,MODIS,79,6.2,315.9,18.7,D,0
-19.8461,143.9792,330.5,1,1,2014-11-18,0040,Terra,MODIS,43,6.2,315.1,6.8,D,0
-17.4189,142.693,340.1,1.1,1.1,2014-11-18,0040,Terra,MODIS,58,6.2,315.5,19.6,D,0
-17.1814,143.2491,339.6,1.1,1,2014-11-18,0040,Terra,MODIS,35,6.2,320.1,16.6,D,0
-19.8399,143.9997,346.1,1,1,2014-11-18,0040,Terra,MODIS,88,6.2,315.5,31.2,D,0
-19.477,142.8433,339.5,1.1,1,2014-11-18,0040,Terra,MODIS,52,6.2,321.2,14.4,D,0
-17.2548,142.884,340.6,1.1,1.1,2014-11-18,0040,Terra,MODIS,53,6.2,317.3,18.4,D,0
-19.9029,143.9893,331.2,1,1,2014-11-18,0040,Terra,MODIS,52,6.2,314.4,7.5,D,0
-19.9015,143.9798,336.3,1,1,2014-11-18,0040,Terra,MODIS,73,6.2,315.3,15,D,0
-18.5297,137.7884,334.1,2.3,1.5,2014-11-18,0040,Terra,MODIS,68,6.2,304.5,60,D,0
-18.6152,137.8146,334.7,2.2,1.4,2014-11-18,0040,Terra,MODIS,52,6.2,311.2,45.2,D,0
-18.619,137.8357,334.7,2.2,1.4,2014-11-18,0040,Terra,MODIS,75,6.2,311.5,39,D,0
-18.6243,137.7908,342.7,2.2,1.5,2014-11-18,0040,Terra,MODIS,86,6.2,308.7,93.4,D,0
-18.6282,137.8121,338.7,2.2,1.4,2014-11-18,0040,Terra,MODIS,76,6.2,309.4,65.5,D,0
-18.6166,137.83,331.4,2.2,1.4,2014-11-18,0040,Terra,MODIS,56,6.2,311.8,26.4,D,0
-18.6216,137.7853,336.6,2.2,1.5,2014-11-18,0040,Terra,MODIS,77,6.2,307.8,59.6,D,0
-18.6256,137.8065,349,2.2,1.4,2014-11-18,0040,Terra,MODIS,92,6.2,310.1,127.8,D,0
-17.2109,143.2545,338,1.1,1,2014-11-18,0040,Terra,MODIS,48,6.2,318.1,14.6,D,0
-18.9594,142.0032,339.4,1.2,1.1,2014-11-18,0040,Terra,MODIS,77,6.2,317.9,17.6,D,0
-18.969,142.0014,336.5,1.2,1.1,2014-11-18,0040,Terra,MODIS,34,6.2,316.5,11.5,D,0
-18.9788,141.9823,336.9,1.2,1.1,2014-11-18,0040,Terra,MODIS,42,6.2,315.7,14.9,D,0
-24.6653,147.9296,327.4,1.5,1.2,2014-11-18,0041,Terra,MODIS,13,6.2,305.4,21,D,0
-24.7378,148.0749,329.1,1.6,1.2,2014-11-18,0041,Terra,MODIS,46,6.2,306,20.9,D,0
-24.7514,147.8115,330.5,1.5,1.2,2014-11-18,0041,Terra,MODIS,57,6.2,305.9,25.6,D,0
-24.7297,147.8146,330.9,1.5,1.2,2014-11-18,0041,Terra,MODIS,60,6.2,305.4,28.8,D,0
-24.7405,147.8129,327.7,1.5,1.2,2014-11-18,0041,Terra,MODIS,38,6.2,305.8,20.6,D,0
-24.7535,147.8056,328.5,1.5,1.2,2014-11-18,0041,Terra,MODIS,40,6.2,305.3,21.8,D,0
-24.7361,148.0605,336.2,1.5,1.2,2014-11-18,0041,Terra,MODIS,79,6.2,308.4,38.5,D,0
-24.6492,148.0004,326.4,1.5,1.2,2014-11-18,0041,Terra,MODIS,16,6.2,307.3,17.4,D,0
-24.8016,147.6522,372.3,1.5,1.2,2014-11-18,0041,Terra,MODIS,100,6.2,310.9,192.3,D,0
-24.715,147.8781,333.6,1.5,1.2,2014-11-18,0041,Terra,MODIS,44,6.2,308.4,31.6,D,0
-24.7258,147.8759,338.4,1.5,1.2,2014-11-18,0041,Terra,MODIS,82,6.2,307.3,42.6,D,0
-24.6982,147.925,343.6,1.5,1.2,2014-11-18,0041,Terra,MODIS,87,6.2,307,62.1,D,0
-24.7041,147.8801,338.1,1.5,1.2,2014-11-18,0041,Terra,MODIS,79,6.2,308.4,46.4,D,0
-24.0623,149.0749,326.1,1.8,1.3,2014-11-18,0041,Terra,MODIS,41,6.2,303.6,21.1,D,0
-24.724,147.8606,332.1,1.5,1.2,2014-11-18,0041,Terra,MODIS,29,6.2,304.8,25.4,D,0
-24.7999,147.6377,341.8,1.5,1.2,2014-11-18,0041,Terra,MODIS,86,6.2,306.3,57.5,D,0
-24.8468,148.1323,325.9,1.6,1.2,2014-11-18,0041,Terra,MODIS,22,6.2,304.1,18.1,D,0
-24.0187,149.0691,328.5,1.8,1.3,2014-11-18,0041,Terra,MODIS,44,6.2,304.1,26.6,D,0
-24.0206,149.0865,327,1.8,1.3,2014-11-18,0041,Terra,MODIS,31,6.2,303.5,23.9,D,0
-24.0462,149.1013,331.6,1.8,1.3,2014-11-18,0041,Terra,MODIS,66,6.2,304.3,37.8,D,0
-24.0541,149.0647,328.7,1.8,1.3,2014-11-18,0041,Terra,MODIS,54,6.2,304.5,23.9,D,0
-24.056,149.0824,337.8,1.8,1.3,2014-11-18,0041,Terra,MODIS,82,6.2,304.8,56.5,D,0
-24.058,149.1,324.8,1.8,1.3,2014-11-18,0041,Terra,MODIS,10,6.2,303,19.5,D,0
-24.8763,148.1911,325.3,1.6,1.2,2014-11-18,0041,Terra,MODIS,28,6.2,303.7,18.9,D,0
-30.1072,152.104,324.6,3.4,1.7,2014-11-18,0043,Terra,MODIS,43,6.2,296.4,85.3,D,0
-36.8242,144.9167,315,1.4,1.2,2014-11-18,0045,Terra,MODIS,61,6.2,299.4,11.1,D,0
-41.815,147.4262,311.6,2.3,1.5,2014-11-18,0046,Terra,MODIS,37,6.2,276.2,38,D,0
-12.6371,130.8563,327.3,3.8,1.8,2014-11-18,0217,Terra,MODIS,60,6.2,297.8,105.8,D,0
-12.6334,130.8214,334.4,3.8,1.8,2014-11-18,0217,Terra,MODIS,81,6.2,299.3,167.1,D,0
-12.6428,130.8251,335.7,3.8,1.8,2014-11-18,0217,Terra,MODIS,82,6.2,298.2,181.1,D,0
-12.6467,130.8599,320.1,3.8,1.8,2014-11-18,0217,Terra,MODIS,22,6.2,296.9,49.7,D,0
-15.8921,125.7529,338.7,1.7,1.3,2014-11-18,0218,Terra,MODIS,88,6.2,293.9,74.1,D,0
-15.9004,125.7468,328.2,1.7,1.3,2014-11-18,0218,Terra,MODIS,66,6.2,295.4,38.5,D,0
-17.6533,123.7572,342.4,1.3,1.1,2014-11-18,0218,Terra,MODIS,86,6.2,308.3,38.5,D,0
-17.9281,124.6966,329.8,1.5,1.2,2014-11-18,0218,Terra,MODIS,68,6.2,304.8,13.9,D,0
-17.6636,123.7558,340.7,1.3,1.1,2014-11-18,0218,Terra,MODIS,85,6.2,308.6,34.1,D,0
-17.6621,123.7433,352.7,1.3,1.1,2014-11-18,0218,Terra,MODIS,95,6.2,308.2,72,D,0
-17.6605,123.7309,331.7,1.3,1.1,2014-11-18,0218,Terra,MODIS,62,6.2,306.1,16.4,D,0
-17.6518,123.7447,341.4,1.3,1.1,2014-11-18,0218,Terra,MODIS,85,6.2,306.8,37.1,D,0
-18.2014,130.4218,344.4,4.2,1.9,2014-11-18,0218,Terra,MODIS,89,6.2,306.7,242.8,D,0
-18.2461,130.4923,329.5,4.2,1.9,2014-11-18,0218,Terra,MODIS,25,6.2,300.8,82.6,D,0
-18.2326,130.5338,340.5,4.3,1.9,2014-11-18,0218,Terra,MODIS,79,6.2,306.4,202.8,D,0
-17.2331,124.0508,328,1.4,1.2,2014-11-18,0218,Terra,MODIS,36,6.2,304.9,14.2,D,0
-18.2633,130.4907,326.9,4.2,1.9,2014-11-18,0218,Terra,MODIS,30,6.2,302.1,63.7,D,0
-18.2289,130.4937,332.6,4.2,1.9,2014-11-18,0218,Terra,MODIS,42,6.2,302.3,108.6,D,0
-18.2362,130.5741,345.6,4.3,1.9,2014-11-18,0218,Terra,MODIS,90,6.2,307,273.9,D,0
-18.2301,130.5394,345,4.3,1.9,2014-11-18,0218,Terra,MODIS,90,6.2,306.9,267.5,D,0
-18.2052,130.4609,341.4,4.2,1.9,2014-11-18,0218,Terra,MODIS,87,6.2,305.9,210.3,D,0
-18.2046,130.4161,339.3,4.2,1.9,2014-11-18,0218,Terra,MODIS,83,6.2,305.9,176.1,D,0
-18.2081,130.4554,344.2,4.2,1.9,2014-11-18,0218,Terra,MODIS,89,6.2,305.5,254.9,D,0
-16.5087,130.3557,328.5,3.9,1.8,2014-11-18,0218,Terra,MODIS,76,6.2,299.6,92,D,0
-18.2262,130.4992,340.8,4.2,1.9,2014-11-18,0218,Terra,MODIS,73,6.2,304.2,216,D,0
-18.2226,130.6167,330.4,4.3,1.9,2014-11-18,0218,Terra,MODIS,48,6.2,305.3,82.7,D,0
-18.2153,130.5351,334,4.3,1.9,2014-11-18,0218,Terra,MODIS,78,6.2,305.5,139.6,D,0
-15.2761,125.3153,320.7,1.6,1.2,2014-11-18,0218,Terra,MODIS,52,6.2,287.1,23.8,D,0
-18.2513,130.5784,334.2,4.3,1.9,2014-11-18,0218,Terra,MODIS,78,6.2,305.3,103.7,D,0
-16.7444,123.8052,331.1,1.3,1.1,2014-11-18,0218,Terra,MODIS,79,6.2,302.4,21.8,D,0
-18.2117,130.4949,331.1,4.2,1.9,2014-11-18,0218,Terra,MODIS,49,6.2,305.3,99.5,D,0
-20.4899,118.6111,335.6,1,1,2014-11-18,0219,Terra,MODIS,61,6.2,314.8,11.6,D,0
-20.4913,118.6208,340.3,1,1,2014-11-18,0219,Terra,MODIS,80,6.2,313.8,19.1,D,0
-19.6804,121.3235,346.4,1.1,1,2014-11-18,0219,Terra,MODIS,89,6.2,299.7,42,D,0
-19.6818,121.3336,352.4,1.1,1,2014-11-18,0219,Terra,MODIS,96,6.2,303.6,55.8,D,0
-19.6897,121.3221,355.6,1.1,1,2014-11-18,0219,Terra,MODIS,97,6.2,303.9,61.7,D,0
-19.6911,121.3322,384.9,1.1,1,2014-11-18,0219,Terra,MODIS,100,6.2,303.3,170.7,D,0
-19.3559,121.5628,338.4,1.1,1,2014-11-18,0219,Terra,MODIS,66,6.2,313.7,21.2,D,0
-19.3616,121.6037,338.4,1.1,1,2014-11-18,0219,Terra,MODIS,60,6.2,313.9,17.4,D,0
-20.3545,119.1796,340.1,1,1,2014-11-18,0219,Terra,MODIS,75,6.2,312.8,16,D,0
-20.356,119.1891,344.2,1,1,2014-11-18,0219,Terra,MODIS,86,6.2,316.6,24.1,D,0
-20.9805,119.8039,332.9,1,1,2014-11-18,0219,Terra,MODIS,62,6.2,311,10.2,D,0
-20.9777,119.7847,340.5,1,1,2014-11-18,0219,Terra,MODIS,81,6.2,310.7,21.2,D,0
-20.9791,119.7943,341.4,1,1,2014-11-18,0219,Terra,MODIS,82,6.2,311,23.2,D,0
-20.9853,119.7736,334.4,1,1,2014-11-18,0219,Terra,MODIS,39,6.2,309.6,11.4,D,0
-20.9867,119.7832,373.6,1,1,2014-11-18,0219,Terra,MODIS,100,6.2,312.6,107,D,0
-20.9881,119.7928,352.9,1,1,2014-11-18,0219,Terra,MODIS,94,6.2,311,46.5,D,0
-20.9943,119.7722,357.3,1,1,2014-11-18,0219,Terra,MODIS,98,6.2,308.4,58,D,0
-20.9957,119.7818,378.2,1,1,2014-11-18,0219,Terra,MODIS,100,6.2,310.2,126,D,0
-20.9971,119.7914,331.1,1,1,2014-11-18,0219,Terra,MODIS,35,6.2,309.4,9,D,0
-20.6821,119.7135,361.8,1,1,2014-11-18,0219,Terra,MODIS,100,6.2,315.1,63,D,0
-20.6925,119.7216,338.7,1,1,2014-11-18,0219,Terra,MODIS,49,6.2,312.9,13.6,D,0
-20.6717,119.7054,342.8,1,1,2014-11-18,0219,Terra,MODIS,80,6.2,313,19.7,D,0
-20.6731,119.715,342.4,1,1,2014-11-18,0219,Terra,MODIS,75,6.2,314.4,18.2,D,0
-19.8331,122.9821,339.4,1.3,1.1,2014-11-18,0219,Terra,MODIS,80,6.2,312.8,28.3,D,0
-19.823,122.9835,337.5,1.3,1.1,2014-11-18,0219,Terra,MODIS,77,6.2,312,24,D,0
-19.8313,122.9759,337.8,1.3,1.1,2014-11-18,0219,Terra,MODIS,78,6.2,312.8,23.9,D,0
-19.8329,122.988,335.7,1.3,1.1,2014-11-18,0219,Terra,MODIS,74,6.2,312.2,18.5,D,0
-21.5685,121.2443,340,1.1,1,2014-11-18,0220,Terra,MODIS,83,6.2,310.2,28,D,0
-21.5765,121.2325,429.8,1.1,1,2014-11-18,0220,Terra,MODIS,100,6.2,320.9,528.7,D,0
-21.5779,121.243,395.6,1.1,1,2014-11-18,0220,Terra,MODIS,100,6.2,314.1,237.3,D,0
-21.5859,121.231,351.7,1.1,1,2014-11-18,0220,Terra,MODIS,94,6.2,308.3,53.2,D,0
-21.5873,121.2416,336.4,1.1,1,2014-11-18,0220,Terra,MODIS,79,6.2,309.3,20.7,D,0
-21.5671,121.2339,347.7,1.1,1,2014-11-18,0220,Terra,MODIS,91,6.2,311.9,44.1,D,0
-21.1892,119.5315,335.4,1,1,2014-11-18,0220,Terra,MODIS,73,6.2,310.2,15.8,D,0
-21.1906,119.5411,334.1,1,1,2014-11-18,0220,Terra,MODIS,63,6.2,310.3,13.7,D,0
-21.1971,119.5238,351.9,1,1,2014-11-18,0220,Terra,MODIS,94,6.2,310.5,45.8,D,0
-21.1985,119.5334,352.8,1,1,2014-11-18,0220,Terra,MODIS,94,6.2,311.5,46.8,D,0
-21.2235,119.5784,331.6,1,1,2014-11-18,0220,Terra,MODIS,43,6.2,311.4,7.6,D,0
-21.2581,119.563,344.5,1,1,2014-11-18,0220,Terra,MODIS,87,6.2,310.9,26.2,D,0
-21.2595,119.5726,338.1,1,1,2014-11-18,0220,Terra,MODIS,78,6.2,310.8,14.6,D,0
-21.2699,119.5807,348.2,1,1,2014-11-18,0220,Terra,MODIS,91,6.2,313.1,33.2,D,0
-21.3078,119.5882,335.2,1,1,2014-11-18,0220,Terra,MODIS,71,6.2,311.3,15.4,D,0
-21.3092,119.5979,331.5,1,1,2014-11-18,0220,Terra,MODIS,62,6.2,311.8,9.2,D,0
-21.3154,119.5772,363.7,1,1,2014-11-18,0220,Terra,MODIS,100,6.2,310.8,78,D,0
-21.3168,119.5868,345.5,1,1,2014-11-18,0220,Terra,MODIS,88,6.2,310.5,33.8,D,0
-21.3244,119.5757,364.3,1,1,2014-11-18,0220,Terra,MODIS,100,6.2,307.8,81.2,D,0
-30.099,152.18,341.4,1.7,1.3,2014-11-18,0323,Aqua,MODIS,69,6.2,299.2,78.9,D,0
-30.178,152.1765,322.6,1.7,1.3,2014-11-18,0323,Aqua,MODIS,45,6.2,300.7,26,D,0
-30.1179,152.111,347.3,1.7,1.3,2014-11-18,0323,Aqua,MODIS,93,6.2,302.6,97.8,D,0
-30.1255,152.1175,317,1.7,1.3,2014-11-18,0323,Aqua,MODIS,46,6.2,302.2,10.8,D,0
-30.1121,152.1342,384.9,1.7,1.3,2014-11-18,0323,Aqua,MODIS,94,6.2,304.8,348.9,D,0
-30.1139,152.116,366.5,1.7,1.3,2014-11-18,0323,Aqua,MODIS,100,6.2,305.7,201.2,D,0
-30.1156,152.0985,367.1,1.7,1.3,2014-11-18,0323,Aqua,MODIS,100,6.2,306.7,204.9,D,0
-30.1173,152.0816,346.3,1.7,1.3,2014-11-18,0323,Aqua,MODIS,92,6.2,305.3,91.8,D,0
-30.116,152.1291,348.8,1.7,1.3,2014-11-18,0323,Aqua,MODIS,94,6.2,300.8,104.7,D,0
-30.1196,152.094,351.1,1.7,1.3,2014-11-18,0323,Aqua,MODIS,95,6.2,303.9,114.6,D,0
-30.1214,152.077,328.5,1.7,1.3,2014-11-18,0323,Aqua,MODIS,43,6.2,305.2,32.6,D,0
-30.1007,152.1629,362.2,1.7,1.3,2014-11-18,0323,Aqua,MODIS,94,6.2,304.5,177.1,D,0
-30.1025,152.1457,369.7,1.7,1.3,2014-11-18,0323,Aqua,MODIS,100,6.2,304,224.4,D,0
-30.1043,152.1282,397.4,1.7,1.3,2014-11-18,0323,Aqua,MODIS,100,6.2,311.8,487.4,D,0
-30.1062,152.1104,341.4,1.7,1.3,2014-11-18,0323,Aqua,MODIS,84,6.2,304.6,75.8,D,0
-30.108,152.0929,340.8,1.7,1.3,2014-11-18,0323,Aqua,MODIS,89,6.2,306.5,73.7,D,0
-29.5703,152.2429,331.6,1.6,1.3,2014-11-18,0324,Aqua,MODIS,74,6.2,302.4,47.4,D,0
-29.5808,152.2348,319.1,1.6,1.3,2014-11-18,0324,Aqua,MODIS,22,6.2,300.4,20.3,D,0
-29.5694,152.2336,327.7,1.6,1.3,2014-11-18,0324,Aqua,MODIS,73,6.2,299.9,39.4,D,0
-29.5718,152.2294,323.2,1.6,1.3,2014-11-18,0324,Aqua,MODIS,52,6.2,299.3,28.7,D,0
-26.6927,147.1069,337.8,3.4,1.7,2014-11-18,0324,Aqua,MODIS,21,6.2,311.7,119.1,D,0
-22.7008,150.2712,330.8,1.8,1.3,2014-11-18,0325,Aqua,MODIS,71,6.2,305.3,30.7,D,0
-22.689,150.2697,339.1,1.8,1.3,2014-11-18,0325,Aqua,MODIS,84,6.2,305.8,60.1,D,0
-23.0863,146.2773,335.6,3.5,1.8,2014-11-18,0325,Aqua,MODIS,76,6.2,307.1,126.5,D,0
-22.6909,150.2522,336.9,1.8,1.3,2014-11-18,0325,Aqua,MODIS,81,6.2,305,53.3,D,0
-22.6772,150.2682,334.2,1.8,1.3,2014-11-18,0325,Aqua,MODIS,77,6.2,304.8,44.4,D,0
-22.679,150.2508,339.4,1.8,1.3,2014-11-18,0325,Aqua,MODIS,84,6.2,304.4,64.2,D,0
-22.695,150.2655,340.4,1.8,1.3,2014-11-18,0325,Aqua,MODIS,85,6.2,306,66.5,D,0
-22.697,150.248,323.8,1.8,1.3,2014-11-18,0325,Aqua,MODIS,25,6.2,303.9,14.6,D,0
-22.6832,150.264,348.4,1.8,1.3,2014-11-18,0325,Aqua,MODIS,92,6.2,306,103.1,D,0
-22.6852,150.2466,334.9,1.8,1.3,2014-11-18,0325,Aqua,MODIS,79,6.2,304.7,48.8,D,0
-22.5952,149.7874,331.2,1.9,1.4,2014-11-18,0325,Aqua,MODIS,71,6.2,306.4,37.6,D,0
-23.0785,146.2807,335.3,3.5,1.8,2014-11-18,0325,Aqua,MODIS,76,6.2,307.7,123.5,D,0
-22.9306,149.8158,325.9,1.9,1.4,2014-11-18,0325,Aqua,MODIS,39,6.2,303.7,23.4,D,0
-24.0152,149.0795,330.8,2.3,1.5,2014-11-18,0325,Aqua,MODIS,60,6.2,303.4,54.1,D,0
-24.0174,149.0572,331.2,2.3,1.5,2014-11-18,0325,Aqua,MODIS,47,6.2,304.3,50.7,D,0
-19.2793,146.2011,326.7,3.2,1.7,2014-11-18,0326,Aqua,MODIS,58,6.2,306.4,52.1,D,0
-19.8423,144.0072,345.2,4.7,2,2014-11-18,0326,Aqua,MODIS,90,6.2,306.7,335.3,D,0
-19.84,144.0107,344.9,4.7,2,2014-11-18,0326,Aqua,MODIS,89,6.2,307.1,326.6,D,0
-19.8437,143.964,351.4,4.8,2,2014-11-18,0326,Aqua,MODIS,94,6.2,306.9,453.1,D,0
-19.2756,146.2052,324.5,3.2,1.7,2014-11-18,0326,Aqua,MODIS,32,6.2,305.9,35.1,D,0
-19.8283,143.9577,325.1,4.8,2,2014-11-18,0326,Aqua,MODIS,40,6.2,306.6,59.8,D,0
-19.8243,144.0048,327.4,4.7,2,2014-11-18,0326,Aqua,MODIS,64,6.2,306.8,85,D,0
-19.8463,143.9604,348.2,4.8,2,2014-11-18,0326,Aqua,MODIS,92,6.2,307.1,393.2,D,0
-19.2947,146.2023,336.1,3.2,1.7,2014-11-18,0326,Aqua,MODIS,82,6.2,306.7,117.4,D,0
-19.291,146.2064,334.9,3.2,1.7,2014-11-18,0326,Aqua,MODIS,80,6.2,306.9,103.2,D,0
-18.5371,145.814,325.9,3.4,1.7,2014-11-18,0327,Aqua,MODIS,61,6.2,301.6,92.1,D,0
-18.5494,145.8479,339.9,3.3,1.7,2014-11-18,0327,Aqua,MODIS,87,6.2,302.1,202.5,D,0
-18.5452,145.8531,349.6,3.3,1.7,2014-11-18,0327,Aqua,MODIS,94,6.2,302.8,305.3,D,0
-18.5297,145.8499,326.7,3.3,1.7,2014-11-18,0327,Aqua,MODIS,65,6.2,303.5,92.2,D,0
-18.548,145.8239,347.5,3.4,1.7,2014-11-18,0327,Aqua,MODIS,92,6.2,301.4,286.7,D,0
-18.5341,145.8434,347.5,3.3,1.7,2014-11-18,0327,Aqua,MODIS,92,6.2,304.1,278.3,D,0
-18.5524,145.8187,326.7,3.4,1.7,2014-11-18,0327,Aqua,MODIS,68,6.2,299.6,100.2,D,0
-15.748,145.0305,334.8,3.5,1.8,2014-11-18,0327,Aqua,MODIS,78,6.2,301.8,144.3,D,0
-15.7096,145.0334,328.3,3.5,1.8,2014-11-18,0327,Aqua,MODIS,51,6.2,301,87.3,D,0
-15.7161,145.027,328.7,3.5,1.8,2014-11-18,0327,Aqua,MODIS,61,6.2,301.3,92.4,D,0
-15.7443,145.064,332.1,3.5,1.8,2014-11-18,0327,Aqua,MODIS,61,6.2,299.7,120.2,D,0
-15.7255,145.0353,325.9,3.5,1.8,2014-11-18,0327,Aqua,MODIS,58,6.2,301.8,77,D,0
-15.7574,145.0385,325.1,3.5,1.8,2014-11-18,0327,Aqua,MODIS,58,6.2,299.8,77.4,D,0
-15.7414,145.037,336.7,3.5,1.8,2014-11-18,0327,Aqua,MODIS,88,6.2,301.9,170.4,D,0
-15.7289,145.0017,322.6,3.6,1.8,2014-11-18,0327,Aqua,MODIS,29,6.2,299.6,53.7,D,0
-15.7448,145.0034,327,3.6,1.8,2014-11-18,0327,Aqua,MODIS,47,6.2,301.2,84.4,D,0
-16.934,145.8807,312.9,3.2,1.7,2014-11-18,0327,Aqua,MODIS,53,6.2,293.1,38.4,D,0
-14.8982,144.4708,321.4,3.8,1.8,2014-11-18,0328,Aqua,MODIS,55,6.2,294.1,62.4,D,0
-14.9018,144.4354,324,3.8,1.8,2014-11-18,0328,Aqua,MODIS,70,6.2,294.5,82.9,D,0
-15.199,145.1997,313.2,3.4,1.7,2014-11-18,0328,Aqua,MODIS,37,6.2,294.4,42.9,D,0
-15.3487,145.0363,321,3.5,1.8,2014-11-18,0328,Aqua,MODIS,73,6.2,291.5,82,D,0
-14.7843,144.623,319.1,3.7,1.8,2014-11-18,0328,Aqua,MODIS,33,6.2,297.3,39.2,D,0
-14.8237,144.6317,327,3.7,1.8,2014-11-18,0328,Aqua,MODIS,73,6.2,297.1,99.1,D,0
-29.5563,124.7813,333,2.5,1.5,2014-11-18,0502,Aqua,MODIS,74,6.2,308.1,60.4,D,0
-29.5541,124.8069,400.9,2.5,1.5,2014-11-18,0502,Aqua,MODIS,100,6.2,313.8,908.4,D,0
-29.5403,124.8055,344.9,2.5,1.5,2014-11-18,0502,Aqua,MODIS,89,6.2,311.1,130.3,D,0
-23.3444,119.9998,323.5,4.6,2,2014-11-18,0504,Aqua,MODIS,39,6.2,301.1,98.4,D,0
-18.8077,125.7689,340.1,1.5,1.2,2014-11-18,0505,Aqua,MODIS,80,6.2,312.4,28.9,D,0
-19.8373,122.9819,334.3,2.5,1.5,2014-11-18,0505,Aqua,MODIS,60,6.2,307.5,53.6,D,0
-18.8043,125.7764,335.9,1.5,1.2,2014-11-18,0505,Aqua,MODIS,73,6.2,313.2,16.1,D,0
-21.5783,121.2365,349.6,3.6,1.8,2014-11-18,0505,Aqua,MODIS,93,6.2,302.7,291.9,D,0
-21.5705,121.2312,326.6,3.6,1.8,2014-11-18,0505,Aqua,MODIS,43,6.2,302.6,56.4,D,0
-17.609,135.2757,344,1.7,1.3,2014-11-18,0505,Aqua,MODIS,86,6.2,305,56.1,D,0
-16.83,137.5289,331.1,2.6,1.6,2014-11-18,0505,Aqua,MODIS,65,6.2,298.7,54,D,0
-16.8346,137.5045,360.1,2.6,1.5,2014-11-18,0505,Aqua,MODIS,100,6.2,299.5,282.1,D,0
-16.8207,137.502,327.4,2.6,1.5,2014-11-18,0505,Aqua,MODIS,30,6.2,297.1,37.4,D,0
-16.8383,137.5229,339.2,2.6,1.6,2014-11-18,0505,Aqua,MODIS,81,6.2,299,103.1,D,0
-16.8428,137.4983,337.6,2.6,1.5,2014-11-18,0505,Aqua,MODIS,79,6.2,298.5,92.6,D,0
-16.8245,137.5203,334.8,2.6,1.6,2014-11-18,0505,Aqua,MODIS,74,6.2,298.9,79.6,D,0
-16.8289,137.4958,340.9,2.6,1.5,2014-11-18,0505,Aqua,MODIS,84,6.2,297.4,118.4,D,0
-19.2352,121.7427,334,3.1,1.7,2014-11-18,0505,Aqua,MODIS,44,6.2,307.6,98.8,D,0
-17.4924,135.2148,342.7,1.7,1.3,2014-11-18,0505,Aqua,MODIS,63,6.2,314.3,40.1,D,0
-17.4951,135.1989,346.4,1.7,1.3,2014-11-18,0505,Aqua,MODIS,82,6.2,321.7,51.7,D,0
-17.4837,135.1967,361.5,1.7,1.3,2014-11-18,0505,Aqua,MODIS,100,6.2,320.7,131.8,D,0
-17.283,135.471,335.2,1.8,1.3,2014-11-18,0505,Aqua,MODIS,23,6.2,307.3,41.1,D,0
-20.7039,119.7208,331,4.5,2,2014-11-18,0505,Aqua,MODIS,54,6.2,295.8,146.8,D,0
-20.7036,119.7126,334.8,4.5,2,2014-11-18,0505,Aqua,MODIS,73,6.2,297.2,187.2,D,0
-21.3227,119.591,328.5,4.7,2,2014-11-18,0505,Aqua,MODIS,59,6.2,294.7,146,D,0
-18.2051,130.5024,351.5,1,1,2014-11-18,0505,Aqua,MODIS,87,6.2,318.6,38.1,D,0
-18.2223,130.4473,371.1,1,1,2014-11-18,0505,Aqua,MODIS,100,6.2,315.4,93.9,D,0
-18.2715,130.5478,340.3,1,1,2014-11-18,0505,Aqua,MODIS,35,6.2,313,24.7,D,0
-18.2701,130.5573,340.9,1,1,2014-11-18,0505,Aqua,MODIS,48,6.2,313.9,23.9,D,0
-18.221,130.4567,343.6,1,1,2014-11-18,0505,Aqua,MODIS,61,6.2,313.1,22.1,D,0
-18.2778,130.5682,345.8,1,1,2014-11-18,0505,Aqua,MODIS,66,6.2,315.9,31.9,D,0
-18.2764,130.5776,360.2,1,1,2014-11-18,0505,Aqua,MODIS,100,6.2,318.1,63.4,D,0
-18.284,130.5885,363.1,1,1,2014-11-18,0505,Aqua,MODIS,100,6.2,314.9,72,D,0
-18.2854,130.5791,345.4,1,1,2014-11-18,0505,Aqua,MODIS,60,6.2,315.9,32.2,D,0
-18.2141,130.5038,363.5,1,1,2014-11-18,0505,Aqua,MODIS,100,6.2,317.6,66.7,D,0
-18.2038,130.5118,342.7,1,1,2014-11-18,0505,Aqua,MODIS,34,6.2,318.9,20.3,D,0
-16.8356,123.7976,366.3,2,1.4,2014-11-18,0506,Aqua,MODIS,87,6.2,304,241.7,D,0
-16.8335,123.8163,331.4,2,1.4,2014-11-18,0506,Aqua,MODIS,60,6.2,304.6,40,D,0
-16.843,123.8104,331.4,2,1.4,2014-11-18,0506,Aqua,MODIS,66,6.2,305,41.4,D,0
-16.8408,123.829,330.2,2,1.4,2014-11-18,0506,Aqua,MODIS,51,6.2,306,37.5,D,0
-16.8377,123.779,339.1,2,1.4,2014-11-18,0506,Aqua,MODIS,0,6.2,299.5,73.3,D,0
-15.2197,128.9986,369.4,1,1,2014-11-18,0506,Aqua,MODIS,100,6.2,307.2,96.8,D,0
-16.7543,123.8183,328.5,2,1.4,2014-11-18,0506,Aqua,MODIS,60,6.2,301.4,24,D,0
-16.8329,123.7903,362.5,2,1.4,2014-11-18,0506,Aqua,MODIS,75,6.2,301.9,213.4,D,0
-16.8306,123.809,340,2,1.4,2014-11-18,0506,Aqua,MODIS,81,6.2,304.1,75.8,D,0
-15.2107,128.9972,348.9,1,1,2014-11-18,0506,Aqua,MODIS,93,6.2,306.9,40.9,D,0
-14.8235,135.1934,366.6,1.9,1.3,2014-11-18,0506,Aqua,MODIS,100,6.2,317.2,215.7,D,0
-14.8356,135.1957,351,1.9,1.3,2014-11-18,0506,Aqua,MODIS,93,6.2,319.7,111,D,0
-16.4538,133.6283,343.9,1.4,1.2,2014-11-18,0506,Aqua,MODIS,83,6.2,310.7,47.1,D,0
-14.8463,135.1688,341,1.9,1.3,2014-11-18,0506,Aqua,MODIS,81,6.2,316.4,66.4,D,0
-14.8385,135.1781,354.3,1.9,1.3,2014-11-18,0506,Aqua,MODIS,95,6.2,321.8,129.1,D,0
-14.8294,135.1584,374.4,1.9,1.3,2014-11-18,0506,Aqua,MODIS,100,6.2,316.3,279.2,D,0
-14.8265,135.1759,373.8,1.9,1.3,2014-11-18,0506,Aqua,MODIS,100,6.2,317.9,275.4,D,0
-14.4533,134.6595,336.3,1.8,1.3,2014-11-18,0506,Aqua,MODIS,70,6.2,315.1,25,D,0
-16.5124,133.6975,351.6,1.4,1.2,2014-11-18,0506,Aqua,MODIS,94,6.2,312.1,70.7,D,0
-16.5019,133.6956,356.7,1.4,1.2,2014-11-18,0506,Aqua,MODIS,92,6.2,315.6,90.8,D,0
-16.8291,132.8162,355.8,1.2,1.1,2014-11-18,0506,Aqua,MODIS,97,6.2,312.2,73.2,D,0
-16.8266,132.769,340.2,1.2,1.1,2014-11-18,0506,Aqua,MODIS,80,6.2,312,27.8,D,0
-16.7816,134.1002,346.8,1.5,1.2,2014-11-18,0506,Aqua,MODIS,84,6.2,315.2,56.9,D,0
-16.7774,134.1078,344,1.5,1.2,2014-11-18,0506,Aqua,MODIS,75,6.2,312.8,46.9,D,0
-16.7689,134.0923,336.8,1.5,1.2,2014-11-18,0506,Aqua,MODIS,51,6.2,311.4,24.6,D,0
-16.7581,134.0903,337.2,1.5,1.2,2014-11-18,0506,Aqua,MODIS,49,6.2,310.6,25.6,D,0
-16.8741,133.179,340.3,1.3,1.1,2014-11-18,0506,Aqua,MODIS,58,6.2,312,29,D,0
-16.8219,133.0533,347.1,1.3,1.1,2014-11-18,0506,Aqua,MODIS,90,6.2,311.6,46,D,0
-16.8238,133.0415,336.7,1.3,1.1,2014-11-18,0506,Aqua,MODIS,51,6.2,310.5,19.8,D,0
-16.8064,132.8947,339.9,1.2,1.1,2014-11-18,0506,Aqua,MODIS,40,6.2,311,32.8,D,0
-16.8167,132.7673,358,1.2,1.1,2014-11-18,0506,Aqua,MODIS,98,6.2,307.9,80.2,D,0
-16.8185,132.756,367.8,1.2,1.1,2014-11-18,0506,Aqua,MODIS,100,6.2,299.6,116.2,D,0
-16.8171,132.7618,365.7,1.2,1.1,2014-11-18,0506,Aqua,MODIS,94,6.2,305.9,111.6,D,0
-14.8443,135.1433,335.5,1.9,1.3,2014-11-18,0506,Aqua,MODIS,59,6.2,308.3,38.5,D,0
-16.942,133.1966,343.1,1.3,1.1,2014-11-18,0506,Aqua,MODIS,84,6.2,315.4,27.3,D,0
-16.9338,133.1829,345.8,1.3,1.1,2014-11-18,0506,Aqua,MODIS,84,6.2,313.4,35.1,D,0
-16.9345,133.1897,341.8,1.3,1.1,2014-11-18,0506,Aqua,MODIS,84,6.2,313.6,26.4,D,0
-14.4559,134.6437,336.6,1.8,1.3,2014-11-18,0506,Aqua,MODIS,59,6.2,316.5,24.5,D,0
-14.4613,134.6115,339.1,1.8,1.3,2014-11-18,0506,Aqua,MODIS,80,6.2,317.1,37.3,D,0
-14.4586,134.6276,338.5,1.8,1.3,2014-11-18,0506,Aqua,MODIS,79,6.2,316.5,33.1,D,0
-14.8372,133.1682,339.3,1.4,1.2,2014-11-18,0506,Aqua,MODIS,81,6.2,304.2,39.3,D,0
-14.8247,133.1791,343.7,1.4,1.2,2014-11-18,0506,Aqua,MODIS,86,6.2,304.8,47.6,D,0
-14.4245,134.6878,334.7,1.8,1.3,2014-11-18,0506,Aqua,MODIS,40,6.2,313.3,24.4,D,0
-14.8414,135.1606,375,1.9,1.3,2014-11-18,0506,Aqua,MODIS,100,6.2,317.3,288,D,0
-13.4789,134.569,333.1,1.8,1.3,2014-11-18,0506,Aqua,MODIS,26,6.2,313,18.5,D,0
-14.242,135.3655,349.7,2,1.4,2014-11-18,0506,Aqua,MODIS,91,6.2,312.7,109.8,D,0
-13.0006,136.2271,341.5,2.5,1.5,2014-11-18,0506,Aqua,MODIS,78,6.2,303.1,123.6,D,0
-13.0197,136.2775,359,2.5,1.5,2014-11-18,0506,Aqua,MODIS,81,6.2,303.9,260.7,D,0
-13.0157,136.3003,350.5,2.5,1.5,2014-11-18,0506,Aqua,MODIS,82,6.2,306.2,184.8,D,0
-14.2451,135.3469,333.6,2,1.4,2014-11-18,0506,Aqua,MODIS,47,6.2,312.5,27.9,D,0
-16.4518,133.6412,363.1,1.4,1.2,2014-11-18,0506,Aqua,MODIS,100,6.2,315.7,119,D,0
-16.435,133.6781,341.1,1.4,1.2,2014-11-18,0506,Aqua,MODIS,37,6.2,306.6,39.9,D,0
-13.0123,136.2687,329,2.5,1.5,2014-11-18,0506,Aqua,MODIS,29,6.2,287.5,55.8,D,0
-13.022,136.2941,338.2,2.5,1.5,2014-11-18,0506,Aqua,MODIS,67,6.2,308,100.3,D,0
-17.6691,123.7567,331.7,2.1,1.4,2014-11-18,0506,Aqua,MODIS,69,6.2,306.2,31.1,D,0
-17.661,123.7163,330,2.1,1.4,2014-11-18,0506,Aqua,MODIS,65,6.2,303.6,25.9,D,0
-16.75,123.8315,329.4,2,1.4,2014-11-18,0506,Aqua,MODIS,54,6.2,301.5,26.5,D,0
-17.6588,123.7357,331.2,2.1,1.4,2014-11-18,0506,Aqua,MODIS,68,6.2,305.8,31,D,0
-16.7523,123.8368,326.5,2,1.4,2014-11-18,0506,Aqua,MODIS,29,6.2,301.9,19.2,D,0
-17.6714,123.7373,330.1,2.1,1.4,2014-11-18,0506,Aqua,MODIS,65,6.2,303.8,27.1,D,0
-17.6613,123.7215,334.8,2.1,1.4,2014-11-18,0506,Aqua,MODIS,76,6.2,304,45.2,D,0
-16.1997,123.6524,324.7,2,1.4,2014-11-18,0506,Aqua,MODIS,72,6.2,298.5,26.3,D,0
-16.202,123.6331,328.2,2,1.4,2014-11-18,0506,Aqua,MODIS,67,6.2,298.1,37,D,0
-17.6717,123.7426,333.1,2.1,1.4,2014-11-18,0506,Aqua,MODIS,73,6.2,304.6,39.5,D,0
-13.9826,135.5785,331.7,2.1,1.4,2014-11-18,0506,Aqua,MODIS,46,6.2,309.7,33.7,D,0
-14.1234,135.3768,341.3,2,1.4,2014-11-18,0506,Aqua,MODIS,82,6.2,309.8,69,D,0
-14.1451,135.4,334.2,2,1.4,2014-11-18,0506,Aqua,MODIS,48,6.2,309.5,38.3,D,0
-13.6866,135.5387,337.6,2.1,1.4,2014-11-18,0506,Aqua,MODIS,44,6.2,317.1,44.4,D,0
-13.5168,133.7705,340.8,1.6,1.2,2014-11-18,0506,Aqua,MODIS,71,6.2,313.2,40.9,D,0
-13.6996,135.5485,337.1,2.1,1.4,2014-11-18,0506,Aqua,MODIS,34,6.2,317.5,42.7,D,0
-13.5157,133.7758,341,1.6,1.2,2014-11-18,0506,Aqua,MODIS,65,6.2,314.9,41.3,D,0
-13.5341,133.7341,336.4,1.6,1.2,2014-11-18,0506,Aqua,MODIS,41,6.2,310.5,24.8,D,0
-14.4695,131.6604,356.2,1.1,1.1,2014-11-18,0506,Aqua,MODIS,97,6.2,315.1,63,D,0
-14.4711,131.6498,339.6,1.1,1.1,2014-11-18,0506,Aqua,MODIS,82,6.2,314.1,21,D,0
-14.4615,131.6483,340.1,1.1,1.1,2014-11-18,0506,Aqua,MODIS,71,6.2,315.6,20.4,D,0
-15.6759,136.1364,330.1,2.2,1.4,2014-11-18,0506,Aqua,MODIS,43,6.2,307.8,24.2,D,0
-13.5317,133.7486,338.6,1.6,1.2,2014-11-18,0506,Aqua,MODIS,55,6.2,307.8,33,D,0
-13.9041,134.9632,340.1,1.9,1.3,2014-11-18,0506,Aqua,MODIS,80,6.2,313.1,49.9,D,0
-13.5292,133.7631,340.7,1.6,1.2,2014-11-18,0506,Aqua,MODIS,63,6.2,311.7,40.8,D,0
-16.3017,132.782,332,1.2,1.1,2014-11-18,0506,Aqua,MODIS,50,6.2,303.3,15.1,D,0
-16.3036,132.7705,338.7,1.2,1.1,2014-11-18,0506,Aqua,MODIS,74,6.2,307.1,26.7,D,0
-13.6518,135.5128,335.3,2.1,1.4,2014-11-18,0506,Aqua,MODIS,43,6.2,317.8,36,D,0
-13.6458,135.4716,364.3,2.1,1.4,2014-11-18,0506,Aqua,MODIS,100,6.2,314.8,218.1,D,0
-13.6491,135.4524,377.2,2.1,1.4,2014-11-18,0506,Aqua,MODIS,100,6.2,313.6,347.1,D,0
-13.6524,135.4331,376.5,2.1,1.4,2014-11-18,0506,Aqua,MODIS,100,6.2,313.9,341.4,D,0
-13.6557,135.4139,338.1,2.1,1.4,2014-11-18,0506,Aqua,MODIS,69,6.2,315.1,49.4,D,0
-13.6589,135.3949,339.1,2.1,1.4,2014-11-18,0506,Aqua,MODIS,75,6.2,315.2,57,D,0
-13.6622,135.3759,336.2,2.1,1.4,2014-11-18,0506,Aqua,MODIS,69,6.2,312.9,45.6,D,0
-13.8227,130.9406,351.7,1.1,1,2014-11-18,0506,Aqua,MODIS,94,6.2,310.6,53.8,D,0
-16.2246,132.6923,331.2,1.2,1.1,2014-11-18,0506,Aqua,MODIS,47,6.2,303.9,13.4,D,0
-15.3911,135.8803,330.7,2.1,1.4,2014-11-18,0506,Aqua,MODIS,48,6.2,308.4,33.2,D,0
-15.5836,136.1324,332.5,2.2,1.4,2014-11-18,0506,Aqua,MODIS,65,6.2,308.6,38.2,D,0
-15.5994,136.122,330.2,2.2,1.4,2014-11-18,0506,Aqua,MODIS,52,6.2,307.4,29.4,D,0
-15.5958,136.142,340.6,2.2,1.4,2014-11-18,0506,Aqua,MODIS,82,6.2,310.2,78.2,D,0
-15.5963,136.1348,343.5,2.2,1.4,2014-11-18,0506,Aqua,MODIS,86,6.2,310.1,93.5,D,0
-11.7699,130.383,324.9,1.1,1,2014-11-18,0507,Aqua,MODIS,57,6.2,306.9,8.5,D,0
-12.6369,134.9837,328.8,2,1.4,2014-11-18,0507,Aqua,MODIS,26,6.2,306.8,34.3,D,0
-12.6261,130.8127,336.1,1.1,1,2014-11-18,0507,Aqua,MODIS,42,6.2,309.1,19.5,D,0
-12.1035,133.1833,338.2,1.5,1.2,2014-11-18,0507,Aqua,MODIS,79,6.2,303.7,40.2,D,0
-12.0794,133.1935,338.9,1.5,1.2,2014-11-18,0507,Aqua,MODIS,70,6.2,310.4,32.2,D,0
-12.1013,133.1972,359.2,1.5,1.2,2014-11-18,0507,Aqua,MODIS,99,6.2,309.6,119.4,D,0
-12.099,133.2111,341.2,1.5,1.2,2014-11-18,0507,Aqua,MODIS,83,6.2,309.9,40.7,D,0
-12.0903,133.1954,374.4,1.5,1.2,2014-11-18,0507,Aqua,MODIS,100,6.2,310.3,203.5,D,0
-12.0881,133.2093,344.9,1.5,1.2,2014-11-18,0507,Aqua,MODIS,88,6.2,311.2,50.1,D,0
-12.3353,134.9887,331.8,2.1,1.4,2014-11-18,0507,Aqua,MODIS,59,6.2,309,33.1,D,0
-12.3701,135.7166,329.8,2.3,1.5,2014-11-18,0507,Aqua,MODIS,63,6.2,306.2,39,D,0
-11.3563,131.1528,343,1.2,1.1,2014-11-18,0507,Aqua,MODIS,88,6.2,312.8,33.7,D,0
-12.3385,134.9701,331.5,2,1.4,2014-11-18,0507,Aqua,MODIS,57,6.2,307.8,31.8,D,0
-12.6183,135.0185,340.5,2,1.4,2014-11-18,0507,Aqua,MODIS,84,6.2,305.8,88.1,D,0
-12.6059,135.0163,334.5,2,1.4,2014-11-18,0507,Aqua,MODIS,56,6.2,303.5,60.1,D,0
-12.609,134.9978,332.8,2,1.4,2014-11-18,0507,Aqua,MODIS,59,6.2,301.1,54.8,D,0
-12.1078,133.2269,338.8,1.5,1.2,2014-11-18,0507,Aqua,MODIS,79,6.2,310.1,37.4,D,0
-12.0844,135.6746,340.2,2.3,1.5,2014-11-18,0507,Aqua,MODIS,83,6.2,305,110.5,D,0
-12.0763,135.6684,337.2,2.3,1.5,2014-11-18,0507,Aqua,MODIS,79,6.2,304.2,94.5,D,0
-12.0977,135.6769,326.4,2.3,1.5,2014-11-18,0507,Aqua,MODIS,35,6.2,305.2,42.3,D,0
-12.0728,135.6896,327.2,2.3,1.5,2014-11-18,0507,Aqua,MODIS,46,6.2,302.6,48.3,D,0
-12.0896,135.6707,341.1,2.3,1.5,2014-11-18,0507,Aqua,MODIS,84,6.2,304.8,116,D,0
-12.0881,135.6536,328,2.3,1.5,2014-11-18,0507,Aqua,MODIS,56,6.2,302.6,47.7,D,0
-12.38,135.7256,326.8,2.3,1.5,2014-11-18,0507,Aqua,MODIS,37,6.2,305.2,25.6,D,0
-22.3851,116.0036,341,3.4,1.7,2014-11-18,0643,Aqua,MODIS,84,6.2,313.3,146.1,D,0
-22.3901,115.9968,332.1,3.4,1.7,2014-11-18,0643,Aqua,MODIS,61,6.2,313.3,62.9,D,0
-30.1126,152.0865,306.6,1.1,1,2014-11-18,1248,Terra,MODIS,69,6.2,288.9,9.7,N,0
-30.1056,152.131,308.9,1.1,1,2014-11-18,1248,Terra,MODIS,49,6.2,289.7,10.4,N,0
-30.1108,152.0977,306.9,1.1,1,2014-11-18,1248,Terra,MODIS,67,6.2,288.6,8.9,N,0
-30.1091,152.1089,315.8,1.1,1,2014-11-18,1248,Terra,MODIS,87,6.2,290,15.7,N,0
-30.1024,152.2114,302,1.1,1,2014-11-18,1248,Terra,MODIS,21,6.2,288.6,5.8,N,0
-30.1173,152.2392,307.3,1.1,1,2014-11-18,1248,Terra,MODIS,71,6.2,290.6,9.4,N,0
-29.5907,152.2227,301.7,1.1,1,2014-11-18,1248,Terra,MODIS,42,6.2,286.8,7.5,N,0
-30.1808,152.177,309.6,1.1,1,2014-11-18,1248,Terra,MODIS,78,6.2,290.4,11.1,N,0
-30.1826,152.166,318.8,1.1,1,2014-11-18,1248,Terra,MODIS,97,6.2,291.5,19.6,N,0
-26.645,147.3476,314.8,1.1,1,2014-11-18,1249,Terra,MODIS,90,6.2,295.3,13.3,N,0
-26.6464,147.3367,323.6,1.1,1,2014-11-18,1249,Terra,MODIS,100,6.2,296.1,22.9,N,0
-26.5241,150.256,306.4,1,1,2014-11-18,1249,Terra,MODIS,68,6.2,290.3,7.1,N,0
-26.1879,148.5708,306.9,1,1,2014-11-18,1249,Terra,MODIS,70,6.2,292.5,6.8,N,0
-26.6478,147.3258,307.1,1.1,1,2014-11-18,1249,Terra,MODIS,70,6.2,294.4,7.2,N,0
-26.684,147.1186,316.8,1.1,1,2014-11-18,1249,Terra,MODIS,94,6.2,288.9,17.7,N,0
-23.0647,146.2896,315.5,1.1,1,2014-11-18,1250,Terra,MODIS,90,6.2,298.9,11,N,0
-23.077,146.2696,322.1,1.1,1,2014-11-18,1250,Terra,MODIS,100,6.2,299.5,18.8,N,0
-24.6269,148.0406,309.4,1,1,2014-11-18,1250,Terra,MODIS,77,6.2,287.5,7.1,N,0
-24.6656,147.894,355.7,1,1,2014-11-18,1250,Terra,MODIS,100,6.2,292.6,73.9,N,0
-24.667,147.8838,375.2,1,1,2014-11-18,1250,Terra,MODIS,100,6.2,298.3,135,N,0
-23.0756,146.2804,336.6,1.1,1,2014-11-18,1250,Terra,MODIS,100,6.2,302.3,39.5,N,0
-23.0728,146.3018,313.6,1.1,1,2014-11-18,1250,Terra,MODIS,62,6.2,298.7,10.3,N,0
-24.6579,147.8824,354.5,1,1,2014-11-18,1250,Terra,MODIS,100,6.2,297.5,70.4,N,0
-24.6297,148.0205,310.2,1,1,2014-11-18,1250,Terra,MODIS,64,6.2,287.7,7.5,N,0
-24.6283,148.0305,313.1,1,1,2014-11-18,1250,Terra,MODIS,86,6.2,289.1,10.2,N,0
-24.6565,147.8924,323.4,1,1,2014-11-18,1250,Terra,MODIS,0,6.2,291.3,18,N,0
-23.0553,146.2882,359.5,1.1,1,2014-11-18,1250,Terra,MODIS,100,6.2,302.1,94.9,N,0
-24.6733,147.9056,309.4,1,1,2014-11-18,1250,Terra,MODIS,10,6.2,280.5,7.4,N,0
-23.2308,149.2513,306.3,1,1,2014-11-18,1250,Terra,MODIS,63,6.2,296,4.2,N,0
-23.2221,149.2539,347.3,1,1,2014-11-18,1250,Terra,MODIS,100,6.2,299.2,56.2,N,0
-23.2235,149.244,323,1,1,2014-11-18,1250,Terra,MODIS,100,6.2,296.5,19.2,N,0
-23.213,149.2523,315,1,1,2014-11-18,1250,Terra,MODIS,90,6.2,295.5,11.7,N,0
-23.0742,146.2911,316.4,1.1,1,2014-11-18,1250,Terra,MODIS,90,6.2,299.3,12.1,N,0
-24.067,149.074,315,1,1,2014-11-18,1250,Terra,MODIS,65,6.2,295.1,10.2,N,0
-24.0595,149.0626,310,1,1,2014-11-18,1250,Terra,MODIS,60,6.2,294.7,6.1,N,0
-23.0539,146.2989,322.9,1.1,1,2014-11-18,1250,Terra,MODIS,98,6.2,296.8,21.3,N,0
-24.4131,146.7507,305.3,1.1,1,2014-11-18,1250,Terra,MODIS,64,6.2,291.4,5.3,N,0
-24.058,149.0724,309.8,1,1,2014-11-18,1250,Terra,MODIS,66,6.2,294.9,6,N,0
-24.0191,149.0857,322.6,1,1,2014-11-18,1250,Terra,MODIS,88,6.2,295.3,18.7,N,0
-24.0206,149.0759,311.8,1,1,2014-11-18,1250,Terra,MODIS,83,6.2,294.9,7.5,N,0
-24.0087,149.0939,326.4,1,1,2014-11-18,1250,Terra,MODIS,84,6.2,294.4,23.8,N,0
-24.0101,149.0841,322.8,1,1,2014-11-18,1250,Terra,MODIS,100,6.2,294.9,18.3,N,0
-24.0116,149.0743,316.4,1,1,2014-11-18,1250,Terra,MODIS,93,6.2,294.9,11.5,N,0
-23.9993,149.0318,318.3,1,1,2014-11-18,1250,Terra,MODIS,97,6.2,295.6,13.2,N,0
-24.6997,147.8482,307.5,1,1,2014-11-18,1250,Terra,MODIS,19,6.2,282.3,8.9,N,0
-19.1251,142.4,316.3,1.7,1.3,2014-11-18,1251,Terra,MODIS,93,6.2,290.8,27.3,N,0
-19.0097,141.8184,314.8,1.8,1.3,2014-11-18,1251,Terra,MODIS,90,6.2,299.9,21.2,N,0
-19.8285,143.9794,328,1.3,1.1,2014-11-18,1251,Terra,MODIS,100,6.2,297.2,36.2,N,0
-19.8388,143.9812,317.1,1.3,1.1,2014-11-18,1251,Terra,MODIS,94,6.2,297.1,18.3,N,0
-19.8269,143.9923,319,1.3,1.1,2014-11-18,1251,Terra,MODIS,98,6.2,296.9,21.4,N,0
-19.5688,143.0931,312.3,1.5,1.2,2014-11-18,1251,Terra,MODIS,65,6.2,295.7,16.3,N,0
-19.1233,142.4158,331.4,1.7,1.3,2014-11-18,1251,Terra,MODIS,100,6.2,286.9,62.3,N,0
-19.189,142.333,306.2,1.7,1.3,2014-11-18,1251,Terra,MODIS,65,6.2,288,13.4,N,0
-19.8372,143.994,310.7,1.3,1.1,2014-11-18,1251,Terra,MODIS,81,6.2,296.7,10.5,N,0
-19.1119,142.4143,305.1,1.7,1.3,2014-11-18,1251,Terra,MODIS,63,6.2,286.3,11.3,N,0
-19.1137,142.3985,325.2,1.7,1.3,2014-11-18,1251,Terra,MODIS,100,6.2,290.7,46.3,N,0
-19.9088,143.9833,313.6,1.3,1.1,2014-11-18,1251,Terra,MODIS,87,6.2,296.6,13.9,N,0
-19.9357,143.9346,302.4,1.4,1.2,2014-11-18,1251,Terra,MODIS,49,6.2,291,2.8,N,0
-19.1974,140.4413,327.4,2.3,1.5,2014-11-18,1251,Terra,MODIS,100,6.2,295.9,79.5,N,0
-19.2017,140.4364,315.5,2.3,1.5,2014-11-18,1251,Terra,MODIS,91,6.2,295.1,39.4,N,0
-19.2965,146.2067,306.9,1,1,2014-11-18,1251,Terra,MODIS,36,6.2,295.6,5.2,N,0
-19.2062,140.4869,310.2,2.3,1.5,2014-11-18,1251,Terra,MODIS,62,6.2,288.3,29.8,N,0
-18.5096,145.8494,307.1,1.1,1,2014-11-18,1251,Terra,MODIS,67,6.2,294.8,6,N,0
-19.29,146.1856,307.5,1,1,2014-11-18,1251,Terra,MODIS,42,6.2,296.1,5.6,N,0
-19.1951,140.4633,319.2,2.3,1.5,2014-11-18,1251,Terra,MODIS,98,6.2,294.8,49.3,N,0
-18.6,145.7887,310.4,1.1,1,2014-11-18,1251,Terra,MODIS,79,6.2,293.1,9.9,N,0
-18.5478,145.8456,316.1,1.1,1,2014-11-18,1251,Terra,MODIS,54,6.2,295.5,13,N,0
-19.186,140.4569,313.1,2.3,1.5,2014-11-18,1251,Terra,MODIS,56,6.2,297,31,N,0
-18.5373,145.8536,307.5,1.1,1,2014-11-18,1251,Terra,MODIS,17,6.2,295.2,5.8,N,0
-19.1993,140.4585,324.8,2.3,1.5,2014-11-18,1251,Terra,MODIS,100,6.2,292.9,69.2,N,0
-18.9629,142.0199,308.6,1.8,1.3,2014-11-18,1251,Terra,MODIS,75,6.2,294.9,14.9,N,0
-15.0717,145.0796,304.9,1.1,1,2014-11-18,1252,Terra,MODIS,45,6.2,294.2,5.3,N,0
-15.0704,145.0892,305.8,1.1,1,2014-11-18,1252,Terra,MODIS,57,6.2,294.5,6.1,N,0
-17.3312,142.9932,323.6,1.4,1.2,2014-11-18,1252,Terra,MODIS,58,6.2,286.9,38,N,0
-17.3418,142.9946,320.7,1.4,1.2,2014-11-18,1252,Terra,MODIS,37,6.2,293.9,31.9,N,0
-16.9321,143.0899,309.7,1.4,1.2,2014-11-18,1252,Terra,MODIS,43,6.2,297.7,8.9,N,0
-17.1596,142.903,315.2,1.4,1.2,2014-11-18,1252,Terra,MODIS,89,6.2,296.8,17.8,N,0
-16.9692,143.1348,310.2,1.4,1.2,2014-11-18,1252,Terra,MODIS,62,6.2,298.2,8.4,N,0
-16.9797,143.1362,309.6,1.4,1.2,2014-11-18,1252,Terra,MODIS,69,6.2,298.2,8,N,0
-15.567,142.0234,304.8,1.6,1.2,2014-11-18,1252,Terra,MODIS,12,6.2,294.3,6.6,N,0
-15.5653,142.0321,308.3,1.6,1.2,2014-11-18,1252,Terra,MODIS,65,6.2,294.6,11.2,N,0
-16.9337,143.0769,308.5,1.4,1.2,2014-11-18,1252,Terra,MODIS,31,6.2,297.3,8,N,0
-16.9902,143.1377,311.3,1.4,1.2,2014-11-18,1252,Terra,MODIS,37,6.2,298.3,9.3,N,0
-16.9604,143.1203,310.8,1.4,1.2,2014-11-18,1252,Terra,MODIS,59,6.2,297,8.8,N,0
-17.2414,142.8928,314.9,1.5,1.2,2014-11-18,1252,Terra,MODIS,63,6.2,284.8,20.9,N,0
-16.9849,143.1432,311,1.4,1.2,2014-11-18,1252,Terra,MODIS,27,6.2,297.7,9,N,0
-17.2165,143.266,316,1.4,1.2,2014-11-18,1252,Terra,MODIS,85,6.2,290.1,26.5,N,0
-17.2149,143.2788,310.3,1.4,1.2,2014-11-18,1252,Terra,MODIS,63,6.2,285.9,20.2,N,0
-17.1719,142.8909,324.3,1.4,1.2,2014-11-18,1252,Terra,MODIS,100,6.2,299.6,33.1,N,0
-17.2397,142.9064,345.8,1.4,1.2,2014-11-18,1252,Terra,MODIS,100,6.2,293.3,90.8,N,0
-17.1629,142.8759,310.3,1.5,1.2,2014-11-18,1252,Terra,MODIS,74,6.2,297.4,11.2,N,0
-17.2166,142.9171,311.3,1.4,1.2,2014-11-18,1252,Terra,MODIS,10,6.2,287.9,12.9,N,0
-17.1968,142.9007,326.4,1.4,1.2,2014-11-18,1252,Terra,MODIS,96,6.2,292.6,38.4,N,0
-17.1952,142.9142,324.6,1.4,1.2,2014-11-18,1252,Terra,MODIS,97,6.2,296.1,33.7,N,0
-17.3761,143.0194,307.5,1.4,1.2,2014-11-18,1252,Terra,MODIS,54,6.2,282.5,18.4,N,0
-17.1917,142.9074,331.6,1.4,1.2,2014-11-18,1252,Terra,MODIS,100,6.2,296.5,47.1,N,0
-17.1612,142.8895,330.2,1.4,1.2,2014-11-18,1252,Terra,MODIS,100,6.2,298.3,44.8,N,0
-17.1703,142.9045,322.2,1.4,1.2,2014-11-18,1252,Terra,MODIS,100,6.2,298.8,29,N,0
-16.8518,142.912,313.4,1.4,1.2,2014-11-18,1252,Terra,MODIS,83,6.2,296.8,15,N,0
-17.4467,142.707,309.1,1.5,1.2,2014-11-18,1252,Terra,MODIS,38,6.2,296.5,11.4,N,0
-16.8501,142.9253,317.5,1.4,1.2,2014-11-18,1252,Terra,MODIS,94,6.2,297.1,20.3,N,0
-17.4576,142.7085,311.2,1.5,1.2,2014-11-18,1252,Terra,MODIS,55,6.2,295.8,13.1,N,0
-18.5497,137.767,321.3,3.6,1.8,2014-11-18,1252,Terra,MODIS,100,6.2,297.7,93,N,0
-18.5529,137.7316,321.3,3.7,1.8,2014-11-18,1252,Terra,MODIS,100,6.2,297.2,91.1,N,0
-18.5548,137.7967,309.5,3.6,1.8,2014-11-18,1252,Terra,MODIS,78,6.2,297.7,34.4,N,0
-18.5581,137.7626,325.7,3.6,1.8,2014-11-18,1252,Terra,MODIS,100,6.2,298.7,127.9,N,0
-18.5615,137.7276,317.8,3.7,1.8,2014-11-18,1252,Terra,MODIS,96,6.2,297.3,73.8,N,0
-18.252,143.6757,314.7,1.3,1.1,2014-11-18,1252,Terra,MODIS,87,6.2,299.2,13.9,N,0
-18.259,143.7029,314.5,1.3,1.1,2014-11-18,1252,Terra,MODIS,87,6.2,299.8,13.3,N,0
-15.3348,144.823,306,1.1,1,2014-11-18,1252,Terra,MODIS,63,6.2,295.9,4.8,N,0
-18.2503,143.6886,316.3,1.3,1.1,2014-11-18,1252,Terra,MODIS,91,6.2,299.9,15.8,N,0
-18.2607,143.6899,320.5,1.3,1.1,2014-11-18,1252,Terra,MODIS,100,6.2,300.5,21.6,N,0
-14.5185,142.3523,305.2,1.4,1.2,2014-11-18,1253,Terra,MODIS,4,6.2,290.4,5.8,N,0
-14.765,144.7074,305.9,1.1,1,2014-11-18,1253,Terra,MODIS,58,6.2,295.8,6.2,N,0
-14.6527,142.2169,316.1,1.5,1.2,2014-11-18,1253,Terra,MODIS,92,6.2,295.1,20.2,N,0
-14.8823,143.2215,306.9,1.3,1.1,2014-11-18,1253,Terra,MODIS,45,6.2,293.9,6.7,N,0
-14.5517,142.2947,306.3,1.5,1.2,2014-11-18,1253,Terra,MODIS,63,6.2,291.2,8.2,N,0
-14.9229,143.227,307,1.3,1.1,2014-11-18,1253,Terra,MODIS,38,6.2,294,6.9,N,0
-14.6534,142.3003,316.9,1.5,1.2,2014-11-18,1253,Terra,MODIS,94,6.2,292.5,22.1,N,0
-14.6426,142.2988,306,1.5,1.2,2014-11-18,1253,Terra,MODIS,38,6.2,291.6,9,N,0
-14.5891,142.2583,301.7,1.5,1.2,2014-11-18,1253,Terra,MODIS,12,6.2,287.9,5.8,N,0
-14.651,142.2307,311.3,1.5,1.2,2014-11-18,1253,Terra,MODIS,60,6.2,294.5,12.4,N,0
-14.6602,142.2458,317.4,1.5,1.2,2014-11-18,1253,Terra,MODIS,94,6.2,294.6,20.7,N,0
-14.6585,142.2595,309.8,1.5,1.2,2014-11-18,1253,Terra,MODIS,69,6.2,294.2,10,N,0
-14.6551,142.2867,321.8,1.5,1.2,2014-11-18,1253,Terra,MODIS,100,6.2,293.9,28.7,N,0
-14.671,142.2473,313.6,1.5,1.2,2014-11-18,1253,Terra,MODIS,83,6.2,294.7,14.8,N,0
-30.8656,121.4925,322.2,1.4,1.2,2014-11-18,1427,Terra,MODIS,100,6.2,284.9,33.4,N,2
-23.5558,122.9014,349.1,1,1,2014-11-18,1429,Terra,MODIS,100,6.2,298.7,59.4,N,0
-23.5467,122.8999,307.4,1,1,2014-11-18,1429,Terra,MODIS,71,6.2,295.7,5,N,0
-23.5544,122.9114,346.5,1,1,2014-11-18,1429,Terra,MODIS,100,6.2,297,53.9,N,0
-22.3673,116.0355,305.6,2.4,1.5,2014-11-18,1429,Terra,MODIS,63,6.2,295,18.9,N,0
-21.1812,119.5432,308.7,1.3,1.1,2014-11-18,1430,Terra,MODIS,67,6.2,297.1,6.8,N,0
-17.133,131.0767,310,3.1,1.7,2014-11-18,1430,Terra,MODIS,68,6.2,294.4,32.6,N,0
-17.1125,131.1026,306.5,3.1,1.7,2014-11-18,1430,Terra,MODIS,25,6.2,294.5,21.1,N,0
-17.1181,131.0735,309.5,3.1,1.7,2014-11-18,1430,Terra,MODIS,69,6.2,294.6,31.9,N,0
-21.2053,119.5788,309.4,1.3,1.1,2014-11-18,1430,Terra,MODIS,64,6.2,297.8,7,N,0
-21.2068,119.5661,323.7,1.3,1.1,2014-11-18,1430,Terra,MODIS,100,6.2,298,26.6,N,0
-21.1965,119.5645,318.4,1.3,1.1,2014-11-18,1430,Terra,MODIS,96,6.2,297.8,17.4,N,0
-21.1987,119.5721,317.9,1.3,1.1,2014-11-18,1430,Terra,MODIS,84,6.2,298,16.3,N,0
-21.2171,119.5676,311.9,1.3,1.1,2014-11-18,1430,Terra,MODIS,72,6.2,297.6,9.8,N,0
-20.8705,119.9972,306.8,1.2,1.1,2014-11-18,1430,Terra,MODIS,64,6.2,295.9,7.3,N,0
-20.8696,120.0035,310.7,1.2,1.1,2014-11-18,1430,Terra,MODIS,77,6.2,296,10.1,N,0
-16.2052,123.6278,311.8,1.1,1,2014-11-18,1431,Terra,MODIS,63,6.2,290.8,7.5,N,0
-12.0529,142.4674,310,1,1,2014-11-18,1556,Aqua,MODIS,14,6.2,293.6,6.3,N,0
-10.9754,142.592,307.6,1,1,2014-11-18,1556,Aqua,MODIS,55,6.2,293.9,5.4,N,0
-12.0439,142.4688,309.3,1,1,2014-11-18,1556,Aqua,MODIS,77,6.2,293.5,6.3,N,0
-12.0619,142.466,309.1,1,1,2014-11-18,1556,Aqua,MODIS,36,6.2,293.5,5.9,N,0
-12.4691,142.9775,302.8,1,1,2014-11-18,1556,Aqua,MODIS,51,6.2,292.2,3.6,N,0
-14.527,142.3838,311.6,1,1,2014-11-18,1557,Aqua,MODIS,83,6.2,294.9,8.4,N,0
-14.5374,142.3917,305,1,1,2014-11-18,1557,Aqua,MODIS,63,6.2,293.7,4.2,N,0
-15.08,145.0036,305.4,1.2,1.1,2014-11-18,1557,Aqua,MODIS,64,6.2,293.7,7.8,N,0
-12.8881,142.4445,304.4,1,1,2014-11-18,1557,Aqua,MODIS,37,6.2,293.7,3.6,N,0
-14.0511,141.6005,304.2,1,1,2014-11-18,1557,Aqua,MODIS,59,6.2,291.7,5.2,N,0
-14.8789,143.2201,306.9,1,1,2014-11-18,1557,Aqua,MODIS,57,6.2,295.2,5.4,N,0
-17.397,143.0233,320.6,1,1,2014-11-18,1558,Aqua,MODIS,100,6.2,298.4,13.7,N,0
-17.3694,143.0274,311.4,1,1,2014-11-18,1558,Aqua,MODIS,22,6.2,298.1,6,N,0
-17.3497,143.0204,310.8,1,1,2014-11-18,1558,Aqua,MODIS,27,6.2,297.9,5.7,N,0
-17.2675,143.2756,327.7,1.1,1,2014-11-18,1558,Aqua,MODIS,100,6.2,298.5,23.1,N,0
-17.2597,143.2869,311.9,1.1,1,2014-11-18,1558,Aqua,MODIS,24,6.2,297.5,6.7,N,0
-17.2689,143.2855,320.8,1.1,1,2014-11-18,1558,Aqua,MODIS,100,6.2,298,14.9,N,0
-17.2782,143.2842,321.6,1.1,1,2014-11-18,1558,Aqua,MODIS,100,6.2,298.1,16,N,0
-17.4304,143.0116,310.3,1,1,2014-11-18,1558,Aqua,MODIS,75,6.2,297.8,6.1,N,0
-17.4245,143.0192,313.7,1,1,2014-11-18,1558,Aqua,MODIS,37,6.2,298.5,7.6,N,0
-17.2928,143.2753,325.3,1.1,1,2014-11-18,1558,Aqua,MODIS,100,6.2,298.3,21.2,N,0
-15.7364,133.3784,307.9,3.2,1.7,2014-11-18,1558,Aqua,MODIS,49,6.2,283.3,42.5,N,0
-17.2768,143.2743,336.5,1.1,1,2014-11-18,1558,Aqua,MODIS,100,6.2,299.3,36.5,N,0
-17.2822,143.2668,324.3,1.1,1,2014-11-18,1558,Aqua,MODIS,100,6.2,297.9,19.8,N,0
-19.0052,141.7998,308.1,1,1,2014-11-18,1558,Aqua,MODIS,12,6.2,297.4,6.5,N,0
-17.3159,142.9717,311.8,1,1,2014-11-18,1558,Aqua,MODIS,47,6.2,298.1,6.5,N,0
-17.168,142.9018,311.1,1,1,2014-11-18,1558,Aqua,MODIS,33,6.2,298.2,5.8,N,0
-17.288,142.9067,312.6,1,1,2014-11-18,1558,Aqua,MODIS,30,6.2,298.2,7,N,0
-17.2914,143.2654,322.6,1.1,1,2014-11-18,1558,Aqua,MODIS,100,6.2,297.6,18,N,0
-17.3146,142.962,309.7,1,1,2014-11-18,1558,Aqua,MODIS,54,6.2,298.1,5.2,N,0
-17.2108,143.2739,308,1.1,1,2014-11-18,1558,Aqua,MODIS,8,6.2,297,4.3,N,0
-17.2121,143.2838,308.1,1.1,1,2014-11-18,1558,Aqua,MODIS,15,6.2,297,4.3,N,0
-17.2214,143.2824,311.5,1.1,1,2014-11-18,1558,Aqua,MODIS,26,6.2,297.2,6.6,N,0
-17.2836,143.2767,323.5,1.1,1,2014-11-18,1558,Aqua,MODIS,100,6.2,298.3,19.1,N,0
-15.7418,133.4075,306.2,3.1,1.7,2014-11-18,1558,Aqua,MODIS,24,6.2,283.4,40,N,0
-19.1728,142.3351,304.9,1,1,2014-11-18,1558,Aqua,MODIS,6,6.2,294.3,5,N,0
-19.1833,142.3434,322.7,1,1,2014-11-18,1558,Aqua,MODIS,100,6.2,297.6,19.6,N,0
-17.3132,142.9523,309.5,1,1,2014-11-18,1558,Aqua,MODIS,71,6.2,298.1,5.6,N,0
-17.2729,142.6055,307.8,1,1,2014-11-18,1558,Aqua,MODIS,43,6.2,297.3,4.6,N,0
-16.9507,143.1206,308.6,1,1,2014-11-18,1558,Aqua,MODIS,39,6.2,297.2,4.9,N,0
-17.4639,142.7201,315.9,1,1,2014-11-18,1558,Aqua,MODIS,91,6.2,297.8,10.7,N,0
-18.537,137.714,311.6,1.4,1.2,2014-11-18,1558,Aqua,MODIS,83,6.2,298.1,10.2,N,0
-18.5432,137.6868,311.1,1.4,1.2,2014-11-18,1558,Aqua,MODIS,82,6.2,298,10.4,N,0
-18.5453,137.6995,347.7,1.4,1.2,2014-11-18,1558,Aqua,MODIS,100,6.2,300.6,84.2,N,0
-18.5474,137.7121,328,1.4,1.2,2014-11-18,1558,Aqua,MODIS,100,6.2,299.5,33.8,N,0
-18.5494,137.7249,310.2,1.4,1.2,2014-11-18,1558,Aqua,MODIS,15,6.2,297.7,6.9,N,0
-18.5537,137.7507,312,1.4,1.2,2014-11-18,1558,Aqua,MODIS,52,6.2,297.2,9.6,N,0
-18.5558,137.7634,308.3,1.3,1.2,2014-11-18,1558,Aqua,MODIS,25,6.2,295.2,6.2,N,0
-18.5415,137.6946,330.1,1.4,1.2,2014-11-18,1558,Aqua,MODIS,100,6.2,299,39.5,N,0
-18.5436,137.7072,328.9,1.4,1.2,2014-11-18,1558,Aqua,MODIS,100,6.2,300.2,36,N,0
-18.5458,137.7199,319.9,1.4,1.2,2014-11-18,1558,Aqua,MODIS,99,6.2,298.6,19.7,N,0
-18.5502,137.7456,312.3,1.4,1.2,2014-11-18,1558,Aqua,MODIS,35,6.2,297.1,9.8,N,0
-18.5518,137.6928,313.6,1.4,1.2,2014-11-18,1558,Aqua,MODIS,87,6.2,298,13.8,N,0
-18.554,137.7054,316.1,1.4,1.2,2014-11-18,1558,Aqua,MODIS,93,6.2,298.2,16.2,N,0
-18.5605,137.7437,320.2,1.4,1.2,2014-11-18,1558,Aqua,MODIS,100,6.2,298.9,21.1,N,0
-19.1987,140.4996,321,1,1,2014-11-18,1558,Aqua,MODIS,100,6.2,297.6,15.3,N,0
-19.1424,140.4949,317.6,1,1,2014-11-18,1558,Aqua,MODIS,95,6.2,297.7,12.5,N,0
-18.2549,143.6737,315.1,1.1,1.1,2014-11-18,1558,Aqua,MODIS,83,6.2,296.9,12.6,N,0
-18.2643,143.6723,317.1,1.1,1.1,2014-11-18,1558,Aqua,MODIS,94,6.2,297.4,14.9,N,0
-19.1897,140.5011,344.3,1,1,2014-11-18,1558,Aqua,MODIS,100,6.2,298.6,48.4,N,0
-19.1747,140.4641,326,1,1,2014-11-18,1558,Aqua,MODIS,100,6.2,298.8,20.9,N,0
-19.2078,140.4981,328.5,1,1,2014-11-18,1558,Aqua,MODIS,100,6.2,296.9,24.3,N,0
-18.542,145.8556,307.1,1.5,1.2,2014-11-18,1558,Aqua,MODIS,43,6.2,293.9,12.6,N,0
-18.2576,143.6944,307.5,1.1,1.1,2014-11-18,1558,Aqua,MODIS,59,6.2,296.5,5.8,N,0
-18.5297,145.8645,305.6,1.5,1.2,2014-11-18,1558,Aqua,MODIS,21,6.2,294.2,9.5,N,0
-19.1439,140.5045,312.6,1,1,2014-11-18,1558,Aqua,MODIS,78,6.2,298.9,8.1,N,0
-19.1515,140.4934,305.7,1,1,2014-11-18,1558,Aqua,MODIS,42,6.2,293.1,3.4,N,0
-19.1911,140.5107,316.4,1,1,2014-11-18,1558,Aqua,MODIS,69,6.2,297.7,10.6,N,0
-19.2005,140.45,309.3,1,1,2014-11-18,1558,Aqua,MODIS,46,6.2,295.3,6.4,N,0
-18.2563,143.6841,314.3,1.1,1.1,2014-11-18,1558,Aqua,MODIS,88,6.2,297.4,11.5,N,0
-18.2658,143.6828,323.2,1.1,1.1,2014-11-18,1558,Aqua,MODIS,100,6.2,297.4,21.3,N,0
-20.5578,140.7174,313.4,1,1,2014-11-18,1559,Aqua,MODIS,70,6.2,294.8,9.7,N,0
-27.6528,136.696,305.4,1.1,1.1,2014-11-18,1601,Aqua,MODIS,64,6.2,289.4,10,N,0
-27.6548,136.7076,302.9,1.1,1.1,2014-11-18,1601,Aqua,MODIS,52,6.2,288.8,8.2,N,0
-21.1787,119.5468,308,1.3,1.1,2014-11-18,1738,Aqua,MODIS,73,6.2,295.8,7.6,N,0
-21.1802,119.5589,313,1.3,1.1,2014-11-18,1738,Aqua,MODIS,86,6.2,296.2,12.8,N,0
-21.192,119.5699,324.9,1.3,1.1,2014-11-18,1738,Aqua,MODIS,100,6.2,297.1,28.1,N,0
-21.1935,119.5822,319.8,1.3,1.1,2014-11-18,1738,Aqua,MODIS,99,6.2,297.1,20.8,N,0
-23.3186,120.0354,306,1.5,1.2,2014-11-18,1738,Aqua,MODIS,41,6.2,288.4,11.7,N,0
-22.3653,116.02,303.3,1,1,2014-11-18,1738,Aqua,MODIS,54,6.2,292,5.2,N,0
-41.0661,147.5224,310.3,1.4,1.2,2014-11-18,2351,Terra,MODIS,67,6.2,297.9,11.8,D,0
-40.9431,147.9679,315.7,1.3,1.1,2014-11-18,2351,Terra,MODIS,64,6.2,294,17.3,D,0
-42.6491,147.4922,318.9,1.3,1.1,2014-11-18,2351,Terra,MODIS,77,6.2,295.7,15.3,D,0
-41.7144,147.4342,316,1.4,1.2,2014-11-18,2351,Terra,MODIS,75,6.2,302.3,12.2,D,0
-41.8203,147.4428,315.6,1.4,1.2,2014-11-18,2351,Terra,MODIS,67,6.2,303.4,11.1,D,0
-42.6623,147.5051,327.2,1.3,1.1,2014-11-18,2351,Terra,MODIS,82,6.2,293.6,27.2,D,0
-42.6451,147.5277,331.9,1.3,1.1,2014-11-18,2351,Terra,MODIS,88,6.2,297.1,37.1,D,0
-42.6522,147.5084,317.6,1.3,1.1,2014-11-18,2351,Terra,MODIS,69,6.2,296.9,14.2,D,0
-11.9705,135.6606,333.9,1,1,2014-11-19,0121,Terra,MODIS,73,6.2,296.5,20.8,D,0
-11.9718,135.6698,324.6,1,1,2014-11-19,0121,Terra,MODIS,35,6.2,297.5,8.5,D,0
-12.1653,136.3716,334.6,1,1,2014-11-19,0121,Terra,MODIS,75,6.2,309,15.2,D,0
-12.0996,135.6631,324.3,1,1,2014-11-19,0121,Terra,MODIS,33,6.2,299.9,7.4,D,0
-12.164,136.3621,332.8,1,1,2014-11-19,0121,Terra,MODIS,64,6.2,310.4,12.4,D,0
-12.116,142.3274,329.6,2.4,1.5,2014-11-19,0121,Terra,MODIS,82,6.2,297.3,64.3,D,0
-12.1079,142.3338,327.5,2.4,1.5,2014-11-19,0121,Terra,MODIS,81,6.2,297.2,52.4,D,0
-12.2455,134.7824,340.6,1,1,2014-11-19,0121,Terra,MODIS,80,6.2,304.6,30.8,D,0
-12.1731,136.3608,337,1,1,2014-11-19,0121,Terra,MODIS,70,6.2,309.8,20.1,D,0
-11.9405,142.2337,314.6,2.4,1.5,2014-11-19,0121,Terra,MODIS,29,6.2,292,14.7,D,0
-12.1139,133.1878,333.4,1.1,1.1,2014-11-19,0121,Terra,MODIS,54,6.2,309.1,12,D,0
-12.0563,142.4758,322.5,2.5,1.5,2014-11-19,0121,Terra,MODIS,62,6.2,296.6,35,D,0
-12.2807,141.7413,325.5,2.2,1.4,2014-11-19,0121,Terra,MODIS,75,6.2,298.1,37.1,D,0
-12.2832,141.7613,333.9,2.2,1.4,2014-11-19,0121,Terra,MODIS,86,6.2,300.2,71.8,D,0
-12.2961,141.7596,333.6,2.2,1.4,2014-11-19,0121,Terra,MODIS,86,6.2,299.1,68.7,D,0
-11.8692,132.7336,336.2,1.2,1.1,2014-11-19,0121,Terra,MODIS,58,6.2,313.9,22.6,D,0
-12.2378,134.7929,332.7,1,1,2014-11-19,0121,Terra,MODIS,56,6.2,304.7,18.2,D,0
-12.325,134.5755,331.3,1,1,2014-11-19,0121,Terra,MODIS,70,6.2,307.1,13.6,D,0
-15.6216,142.0748,341.2,2.6,1.5,2014-11-19,0122,Terra,MODIS,76,6.2,302.3,120,D,0
-14.8209,135.2022,353,1,1,2014-11-19,0122,Terra,MODIS,94,6.2,312.3,47.2,D,0
-14.2886,135.3384,381.7,1,1,2014-11-19,0122,Terra,MODIS,100,6.2,312.7,139.7,D,0
-12.5337,135.0477,328.7,1,1,2014-11-19,0122,Terra,MODIS,28,6.2,302.4,13.1,D,0
-12.544,135.0555,333.8,1,1,2014-11-19,0122,Terra,MODIS,62,6.2,305.3,17.3,D,0
-12.535,135.0568,331.2,1,1,2014-11-19,0122,Terra,MODIS,42,6.2,304.9,15.4,D,0
-17.0048,143.1462,331.9,3.3,1.7,2014-11-19,0122,Terra,MODIS,63,6.2,304.3,64.5,D,0
-14.8222,135.2115,341,1,1,2014-11-19,0122,Terra,MODIS,81,6.2,312,24.2,D,0
-17.0089,143.1525,332.5,3.3,1.7,2014-11-19,0122,Terra,MODIS,65,6.2,303.9,68.5,D,0
-14.4562,134.6629,336.5,1,1,2014-11-19,0122,Terra,MODIS,73,6.2,308.9,14.3,D,0
-12.6178,130.8295,331.3,1.5,1.2,2014-11-19,0122,Terra,MODIS,44,6.2,305.1,29.8,D,0
-16.3053,137.0933,329.4,1.2,1.1,2014-11-19,0122,Terra,MODIS,39,6.2,309.4,9,D,0
-14.3224,135.3179,344.6,1,1,2014-11-19,0122,Terra,MODIS,86,6.2,310.9,31.4,D,0
-14.3211,135.3086,362.7,1,1,2014-11-19,0122,Terra,MODIS,100,6.2,313.6,73.7,D,0
-12.5413,135.0372,346.5,1,1,2014-11-19,0122,Terra,MODIS,90,6.2,304.1,40.2,D,0
-17.2025,143.2768,328.7,3.4,1.7,2014-11-19,0122,Terra,MODIS,23,6.2,303.7,50.4,D,0
-12.5399,135.028,338.5,1,1,2014-11-19,0122,Terra,MODIS,82,6.2,304.3,27.4,D,0
-12.5386,135.0189,326.6,1,1,2014-11-19,0122,Terra,MODIS,41,6.2,303.6,12.2,D,0
-12.5489,135.0267,334.1,1,1,2014-11-19,0122,Terra,MODIS,71,6.2,304.4,19,D,0
-12.5427,135.0463,369.1,1,1,2014-11-19,0122,Terra,MODIS,100,6.2,306.3,97.4,D,0
-15.766,145.0593,325,4.4,1.9,2014-11-19,0122,Terra,MODIS,61,6.2,286.4,135.5,D,0
-12.5476,135.0175,388,1,1,2014-11-19,0122,Terra,MODIS,100,6.2,306.9,175.5,D,0
-15.767,145.0521,321.7,4.4,1.9,2014-11-19,0122,Terra,MODIS,45,6.2,284.7,106.1,D,0
-15.6052,136.1125,345.3,1.1,1,2014-11-19,0122,Terra,MODIS,87,6.2,311.2,34.2,D,0
-14.867,133.1758,365.3,1.1,1,2014-11-19,0122,Terra,MODIS,100,6.2,311.4,82.1,D,0
-14.8763,133.1743,344.1,1.1,1,2014-11-19,0122,Terra,MODIS,85,6.2,309.4,28.4,D,0
-14.8224,133.1929,334.2,1.1,1,2014-11-19,0122,Terra,MODIS,50,6.2,311.2,10.5,D,0
-14.362,134.0326,343.9,1,1,2014-11-19,0122,Terra,MODIS,85,6.2,313.3,26.3,D,0
-12.8728,136.3606,340.5,1,1,2014-11-19,0122,Terra,MODIS,84,6.2,311,24.9,D,0
-14.3606,134.0233,333.9,1,1,2014-11-19,0122,Terra,MODIS,58,6.2,312,9.9,D,0
-14.3578,134.0045,332.3,1,1,2014-11-19,0122,Terra,MODIS,60,6.2,310,8.1,D,0
-14.3592,134.0139,335.7,1,1,2014-11-19,0122,Terra,MODIS,71,6.2,310.9,12.9,D,0
-13.5148,134.5866,343.7,1,1,2014-11-19,0122,Terra,MODIS,85,6.2,314.7,24.3,D,0
-13.4851,134.5723,349.5,1,1,2014-11-19,0122,Terra,MODIS,91,6.2,314.1,35.7,D,0
-13.4774,134.5828,336.1,1,1,2014-11-19,0122,Terra,MODIS,59,6.2,312,12.4,D,0
-13.4761,134.5736,337.9,1,1,2014-11-19,0122,Terra,MODIS,76,6.2,313.2,14.8,D,0
-17.1604,142.8808,329.9,3.1,1.7,2014-11-19,0122,Terra,MODIS,45,6.2,305,44.6,D,0
-16.3038,137.0822,361.3,1.2,1.1,2014-11-19,0122,Terra,MODIS,100,6.2,309.3,88.4,D,0
-15.6126,142.0689,340.3,2.6,1.5,2014-11-19,0122,Terra,MODIS,82,6.2,301.9,114.6,D,0
-14.2873,135.3291,384.3,1,1,2014-11-19,0122,Terra,MODIS,100,6.2,313,149.7,D,0
-15.7395,133.3959,340.1,1,1,2014-11-19,0122,Terra,MODIS,70,6.2,312.5,19.1,D,0
-15.7486,133.3945,338.2,1,1,2014-11-19,0122,Terra,MODIS,52,6.2,309.7,17.3,D,0
-13.0001,136.291,337.9,1,1,2014-11-19,0122,Terra,MODIS,55,6.2,309.4,20.9,D,0
-15.7227,133.4084,348,1,1,2014-11-19,0122,Terra,MODIS,90,6.2,310.2,29.7,D,0
-12.6202,135.0098,339.4,1,1,2014-11-19,0122,Terra,MODIS,77,6.2,307.3,28.2,D,0
-14.2782,135.3305,333.3,1,1,2014-11-19,0122,Terra,MODIS,40,6.2,312.6,8.2,D,0
-12.6188,135.0007,335.9,1,1,2014-11-19,0122,Terra,MODIS,67,6.2,303.3,23.1,D,0
-12.5732,135.0043,341,1,1,2014-11-19,0122,Terra,MODIS,64,6.2,301.5,31.7,D,0
-12.5821,135.003,365.7,1,1,2014-11-19,0122,Terra,MODIS,100,6.2,304.9,89.7,D,0
-15.7016,133.3922,332.7,1,1,2014-11-19,0122,Terra,MODIS,29,6.2,310.5,7.3,D,0
-13.7427,135.5707,343.8,1,1,2014-11-19,0122,Terra,MODIS,85,6.2,311.1,29,D,0
-13.9913,136.5988,337.5,1.1,1,2014-11-19,0122,Terra,MODIS,77,6.2,308.1,24.5,D,0
-14.002,136.6074,331.4,1.1,1,2014-11-19,0122,Terra,MODIS,55,6.2,309.4,14.9,D,0
-13.5366,133.7578,345.1,1,1,2014-11-19,0122,Terra,MODIS,87,6.2,313.7,28.5,D,0
-13.5129,133.7774,344.1,1,1,2014-11-19,0122,Terra,MODIS,79,6.2,314.2,24.5,D,0
-14.299,132.0292,336.3,1.2,1.1,2014-11-19,0122,Terra,MODIS,73,6.2,311.6,18.3,D,0
-13.9086,134.9435,333.4,1,1,2014-11-19,0122,Terra,MODIS,29,6.2,313.6,8.1,D,0
-13.4815,133.6943,354.4,1,1,2014-11-19,0122,Terra,MODIS,96,6.2,311.3,50.6,D,0
-12.3227,132.5453,333.2,1.2,1.1,2014-11-19,0122,Terra,MODIS,68,6.2,309.1,18.9,D,0
-14.0064,134.7343,339,1,1,2014-11-19,0122,Terra,MODIS,71,6.2,315,14.6,D,0
-14.0077,134.7435,338.6,1,1,2014-11-19,0122,Terra,MODIS,67,6.2,313.9,13.9,D,0
-14.0313,134.715,336.8,1,1,2014-11-19,0122,Terra,MODIS,67,6.2,313.6,16.3,D,0
-15.6123,136.1151,350.6,1.1,1,2014-11-19,0122,Terra,MODIS,92,6.2,312,46,D,0
-14.4756,131.6611,338.1,1.3,1.1,2014-11-19,0122,Terra,MODIS,66,6.2,310.4,21.5,D,0
-14.4775,131.6727,348.5,1.3,1.1,2014-11-19,0122,Terra,MODIS,91,6.2,308.6,49.8,D,0
-14.4765,131.6669,345.9,1.3,1.1,2014-11-19,0122,Terra,MODIS,88,6.2,310.2,44.7,D,0
-14.4784,131.6785,331.3,1.3,1.1,2014-11-19,0122,Terra,MODIS,60,6.2,307.9,12.2,D,0
-13.876,134.9732,347.8,1,1,2014-11-19,0122,Terra,MODIS,90,6.2,314.3,34.3,D,0
-13.8773,134.9824,334.6,1,1,2014-11-19,0122,Terra,MODIS,43,6.2,314.7,10.8,D,0
-12.3001,132.7327,335.5,1.2,1.1,2014-11-19,0122,Terra,MODIS,22,6.2,310.7,16.1,D,0
-13.6361,135.4701,335.9,1,1,2014-11-19,0122,Terra,MODIS,43,6.2,313.4,13.6,D,0
-13.6334,135.4517,338.9,1,1,2014-11-19,0122,Terra,MODIS,70,6.2,312,19.2,D,0
-13.6347,135.4609,348.2,1,1,2014-11-19,0122,Terra,MODIS,90,6.2,314.3,35.9,D,0
-13.7413,135.5614,332.5,1,1,2014-11-19,0122,Terra,MODIS,55,6.2,311.3,9.1,D,0
-13.7323,135.5628,342.5,1,1,2014-11-19,0122,Terra,MODIS,84,6.2,311,25,D,0
-13.7233,135.5641,334.1,1,1,2014-11-19,0122,Terra,MODIS,52,6.2,310,12,D,0
-13.7143,135.5654,335.6,1,1,2014-11-19,0122,Terra,MODIS,64,6.2,310.1,14.8,D,0
-13.7684,135.5574,332.3,1,1,2014-11-19,0122,Terra,MODIS,59,6.2,312.2,8.8,D,0
-13.7698,135.5667,333.9,1,1,2014-11-19,0122,Terra,MODIS,63,6.2,313.4,11.5,D,0
-14.0034,136.6173,329.9,1.1,1,2014-11-19,0122,Terra,MODIS,37,6.2,307.9,13.1,D,0
-13.9352,135.0616,343.4,1,1,2014-11-19,0122,Terra,MODIS,70,6.2,314.8,23.5,D,0
-13.7607,135.568,332.6,1,1,2014-11-19,0122,Terra,MODIS,42,6.2,311.8,10,D,0
-13.483,133.7039,340.2,1,1,2014-11-19,0122,Terra,MODIS,77,6.2,314.9,19.6,D,0
-13.7517,135.5694,345.9,1,1,2014-11-19,0122,Terra,MODIS,88,6.2,312,33,D,0
-14.1792,135.4086,336.8,1,1,2014-11-19,0122,Terra,MODIS,69,6.2,311.2,16.8,D,0
-14.214,135.3939,345.2,1,1,2014-11-19,0122,Terra,MODIS,87,6.2,310.3,31.3,D,0
-13.9497,134.7241,333.2,1,1,2014-11-19,0122,Terra,MODIS,48,6.2,313.4,8,D,0
-14.2255,135.3478,339.3,1,1,2014-11-19,0122,Terra,MODIS,79,6.2,313.7,17.3,D,0
-14.2269,135.3571,344.9,1,1,2014-11-19,0122,Terra,MODIS,86,6.2,311.3,27.5,D,0
-14.4005,131.5778,336.7,1.3,1.1,2014-11-19,0122,Terra,MODIS,50,6.2,314,16.9,D,0
-14.1522,135.4126,333.6,1,1,2014-11-19,0122,Terra,MODIS,32,6.2,310.2,11.8,D,0
-13.6428,135.5163,342.5,1,1,2014-11-19,0122,Terra,MODIS,82,6.2,311.9,25.3,D,0
-13.91,134.9527,333,1,1,2014-11-19,0122,Terra,MODIS,16,6.2,313,7.2,D,0
-15.6066,136.1224,336.1,1.1,1,2014-11-19,0122,Terra,MODIS,72,6.2,313,16.2,D,0
-15.3893,135.8876,335.5,1,1,2014-11-19,0122,Terra,MODIS,71,6.2,313.9,15.4,D,0
-15.3879,135.878,334.6,1,1,2014-11-19,0122,Terra,MODIS,68,6.2,313.8,14,D,0
-13.2287,130.2774,327.7,1.6,1.3,2014-11-19,0122,Terra,MODIS,26,6.2,306,20.1,D,0
-13.2276,130.2692,327.7,1.6,1.3,2014-11-19,0122,Terra,MODIS,35,6.2,306.1,20.1,D,0
-16.4779,130.3233,335.2,1.4,1.2,2014-11-19,0123,Terra,MODIS,67,6.2,310.5,19.2,D,0
-16.4716,130.317,334.2,1.4,1.2,2014-11-19,0123,Terra,MODIS,62,6.2,309.4,18.8,D,0
-16.4757,130.3102,335,1.4,1.2,2014-11-19,0123,Terra,MODIS,65,6.2,310.3,19.8,D,0
-16.3273,132.7928,335.2,1.1,1,2014-11-19,0123,Terra,MODIS,41,6.2,310.5,15.8,D,0
-17.2736,143.2894,327.7,3.4,1.7,2014-11-19,0123,Terra,MODIS,58,6.2,302.1,65.2,D,0
-17.2147,137.0397,338.9,1.2,1.1,2014-11-19,0123,Terra,MODIS,79,6.2,312.7,23.2,D,0
-17.2945,143.2926,336.3,3.4,1.7,2014-11-19,0123,Terra,MODIS,81,6.2,301,135.9,D,0
-17.2788,143.2942,330.5,3.4,1.7,2014-11-19,0123,Terra,MODIS,71,6.2,301.5,81.1,D,0
-17.2893,143.2878,340.9,3.4,1.7,2014-11-19,0123,Terra,MODIS,86,6.2,301.1,185,D,0
-16.9926,137.2884,336,1.2,1.1,2014-11-19,0123,Terra,MODIS,78,6.2,309.7,19.9,D,0
-17.1012,133.8745,334.6,1,1,2014-11-19,0123,Terra,MODIS,64,6.2,314.5,12.2,D,0
-17.3049,143.2861,326.7,3.4,1.7,2014-11-19,0123,Terra,MODIS,60,6.2,300.6,65.2,D,0
-17.1582,142.8743,329.8,3.1,1.7,2014-11-19,0123,Terra,MODIS,56,6.2,305.1,46,D,0
-19.0221,141.8139,335.7,2.8,1.6,2014-11-19,0123,Terra,MODIS,77,6.2,304.6,72.6,D,0
-17.3201,142.9716,329.3,3.2,1.7,2014-11-19,0123,Terra,MODIS,20,6.2,305,52.9,D,0
-19.0246,141.8071,337.2,2.8,1.6,2014-11-19,0123,Terra,MODIS,79,6.2,304.4,85.2,D,0
-17.2862,143.2561,324.8,3.4,1.7,2014-11-19,0123,Terra,MODIS,50,6.2,301.5,52.2,D,0
-16.86,137.596,353.5,1.3,1.1,2014-11-19,0123,Terra,MODIS,96,6.2,304.4,71.2,D,0
-16.8701,137.5946,341,1.3,1.1,2014-11-19,0123,Terra,MODIS,86,6.2,302.2,37.1,D,0
-16.8403,134.2875,339.8,1,1,2014-11-19,0123,Terra,MODIS,47,6.2,314.9,18.6,D,0
-19.0193,141.7877,340.7,2.8,1.6,2014-11-19,0123,Terra,MODIS,84,6.2,304.8,107.1,D,0
-19.022,141.7809,335.8,2.8,1.6,2014-11-19,0123,Terra,MODIS,76,6.2,304.3,74.9,D,0
-17.1097,132.001,340.9,1.1,1.1,2014-11-19,0123,Terra,MODIS,81,6.2,317.7,15,D,0
-16.4547,132.7756,337.3,1.1,1,2014-11-19,0123,Terra,MODIS,44,6.2,313.2,13.6,D,0
-16.4732,132.7726,346,1.1,1,2014-11-19,0123,Terra,MODIS,88,6.2,313.1,32.1,D,0
-16.4747,132.7825,335.6,1.1,1,2014-11-19,0123,Terra,MODIS,53,6.2,311.2,13.2,D,0
-16.4824,132.7711,347.4,1.1,1,2014-11-19,0123,Terra,MODIS,89,6.2,310.7,36.1,D,0
-16.4839,132.781,343.3,1.1,1,2014-11-19,0123,Terra,MODIS,84,6.2,311,27.3,D,0
-16.5192,133.6777,353.5,1,1,2014-11-19,0123,Terra,MODIS,95,6.2,312.8,49.6,D,0
-17.1541,131.7589,341.5,1.2,1.1,2014-11-19,0123,Terra,MODIS,79,6.2,317.8,13.3,D,0
-16.7375,134.0906,348.9,1,1,2014-11-19,0123,Terra,MODIS,91,6.2,314.4,35.7,D,0
-16.7479,134.0985,335.5,1,1,2014-11-19,0123,Terra,MODIS,30,6.2,312.1,11.6,D,0
-16.7672,134.105,337.4,1,1,2014-11-19,0123,Terra,MODIS,72,6.2,313.4,16.1,D,0
-16.8975,133.1967,333.7,1,1,2014-11-19,0123,Terra,MODIS,57,6.2,311.6,10.9,D,0
-16.7791,133.0249,349,1,1,2014-11-19,0123,Terra,MODIS,91,6.2,314,36.8,D,0
-16.7883,133.0235,351.5,1,1,2014-11-19,0123,Terra,MODIS,93,6.2,315.4,42.8,D,0
-16.7898,133.0332,349,1,1,2014-11-19,0123,Terra,MODIS,91,6.2,312.2,37.2,D,0
-17.4907,135.2182,338.3,1,1,2014-11-19,0123,Terra,MODIS,42,6.2,314.1,15.1,D,0
-17.467,135.1824,335.2,1,1,2014-11-19,0123,Terra,MODIS,30,6.2,311.4,10.9,D,0
-17.4684,135.1921,339.5,1,1,2014-11-19,0123,Terra,MODIS,66,6.2,313,17.2,D,0
-16.9157,133.1938,333.6,1,1,2014-11-19,0123,Terra,MODIS,53,6.2,313.4,9.8,D,0
-16.9172,133.2034,333.4,1,1,2014-11-19,0123,Terra,MODIS,55,6.2,314,9.8,D,0
-17.1234,131.116,338.9,1.2,1.1,2014-11-19,0123,Terra,MODIS,24,6.2,304.4,21.6,D,0
-17.1333,131.1143,348.9,1.2,1.1,2014-11-19,0123,Terra,MODIS,0,6.2,297.3,51.7,D,0
-17.1352,131.1259,390.7,1.2,1.1,2014-11-19,0123,Terra,MODIS,94,6.2,315.2,244.7,D,0
-17.137,131.1375,386.5,1.2,1.1,2014-11-19,0123,Terra,MODIS,100,6.2,319.6,212,D,0
-17.1451,131.1242,339.5,1.2,1.1,2014-11-19,0123,Terra,MODIS,43,6.2,298.7,26.1,D,0
-17.147,131.1358,359.9,1.2,1.1,2014-11-19,0123,Terra,MODIS,99,6.2,308.8,83.6,D,0
-17.1488,131.1474,349.6,1.2,1.1,2014-11-19,0123,Terra,MODIS,91,6.2,311.8,48.7,D,0
-17.3246,135.4735,334.7,1,1,2014-11-19,0123,Terra,MODIS,61,6.2,312.3,10.9,D,0
-17.3337,135.4722,344.4,1,1,2014-11-19,0123,Terra,MODIS,86,6.2,312.8,27.1,D,0
-17.3351,135.4819,345.9,1,1,2014-11-19,0123,Terra,MODIS,88,6.2,310.8,30.8,D,0
-16.3479,135.5195,336.3,1,1,2014-11-19,0123,Terra,MODIS,72,6.2,308.6,15.1,D,0
-19.1937,142.3102,331.8,3,1.7,2014-11-19,0123,Terra,MODIS,61,6.2,304.6,57.8,D,0
-19.1947,142.3154,336.2,3,1.7,2014-11-19,0123,Terra,MODIS,77,6.2,304.6,89.2,D,0
-19.1151,142.4183,334.3,3.1,1.7,2014-11-19,0123,Terra,MODIS,74,6.2,305.5,71.3,D,0
-19.1134,142.4118,330.4,3.1,1.7,2014-11-19,0123,Terra,MODIS,62,6.2,305.5,48.3,D,0
-16.5282,133.6763,383.6,1,1,2014-11-19,0123,Terra,MODIS,100,6.2,312.7,150.3,D,0
-16.3863,133.7145,333.1,1,1,2014-11-19,0123,Terra,MODIS,54,6.2,311.3,12.3,D,0
-16.3925,133.6943,331.1,1,1,2014-11-19,0123,Terra,MODIS,41,6.2,310.2,10,D,0
-16.3939,133.7037,332.7,1,1,2014-11-19,0123,Terra,MODIS,10,6.2,312.4,11.2,D,0
-16.3968,133.7225,341.4,1,1,2014-11-19,0123,Terra,MODIS,72,6.2,313,21.9,D,0
-16.4219,133.7666,332.8,1,1,2014-11-19,0123,Terra,MODIS,54,6.2,312.2,10.4,D,0
-16.8479,134.2768,338,1,1,2014-11-19,0123,Terra,MODIS,28,6.2,317.1,13.5,D,0
-16.8493,134.2861,348.6,1,1,2014-11-19,0123,Terra,MODIS,89,6.2,315.1,34.5,D,0
-16.8583,134.2847,336.7,1,1,2014-11-19,0123,Terra,MODIS,41,6.2,312.5,15.8,D,0
-16.8596,134.294,337.1,1,1,2014-11-19,0123,Terra,MODIS,63,6.2,312.6,17.7,D,0
-17.7506,142.4771,332.1,3,1.6,2014-11-19,0123,Terra,MODIS,74,6.2,306.6,60.6,D,0
-17.7479,142.4546,333.9,3,1.6,2014-11-19,0123,Terra,MODIS,77,6.2,306.5,69.9,D,0
-17.7478,142.4491,330.4,3,1.6,2014-11-19,0123,Terra,MODIS,71,6.2,306.1,47.6,D,0
-17.6229,135.3146,347.2,1,1,2014-11-19,0123,Terra,MODIS,85,6.2,312.7,38.3,D,0
-17.6321,135.3132,354.3,1,1,2014-11-19,0123,Terra,MODIS,95,6.2,313.1,52.7,D,0
-16.7112,134.0374,342,1,1,2014-11-19,0123,Terra,MODIS,68,6.2,312,23,D,0
-17.2912,143.2609,334.1,3.4,1.7,2014-11-19,0123,Terra,MODIS,78,6.2,301.3,115.6,D,0
-16.6357,133.9025,333,1,1,2014-11-19,0123,Terra,MODIS,43,6.2,312.2,11,D,0
-16.6385,133.9212,342.6,1,1,2014-11-19,0123,Terra,MODIS,70,6.2,313.7,23.8,D,0
-19.1603,140.4736,346.1,2.2,1.4,2014-11-19,0123,Terra,MODIS,89,6.2,313.7,95.6,D,0
-19.1622,140.479,346.2,2.2,1.4,2014-11-19,0123,Terra,MODIS,89,6.2,313.5,94.9,D,0
-19.1906,140.4968,356,2.2,1.4,2014-11-19,0123,Terra,MODIS,97,6.2,313.6,161.3,D,0
-19.1728,140.4565,334.1,2.2,1.4,2014-11-19,0123,Terra,MODIS,48,6.2,312.8,40,D,0
-19.1885,140.4914,349,2.2,1.4,2014-11-19,0123,Terra,MODIS,91,6.2,313.2,112.4,D,0
-19.1598,140.4581,336.9,2.2,1.4,2014-11-19,0123,Terra,MODIS,67,6.2,313.5,48.5,D,0
-21.239,123.7092,334.6,3.4,1.7,2014-11-19,0124,Terra,MODIS,76,6.2,301.2,105.5,D,0
-21.2327,123.7034,332.2,3.4,1.7,2014-11-19,0124,Terra,MODIS,71,6.2,300.7,85.1,D,0
-22.1767,126.0706,377.4,2.2,1.4,2014-11-19,0124,Terra,MODIS,100,6.2,312.4,385.2,D,0
-22.1727,126.0495,342.9,2.2,1.4,2014-11-19,0124,Terra,MODIS,86,6.2,310.3,83.5,D,0
-19.2087,127.6516,331,1.9,1.4,2014-11-19,0124,Terra,MODIS,51,6.2,309.2,28.7,D,0
-22.1874,126.0624,362.9,2.2,1.4,2014-11-19,0125,Terra,MODIS,100,6.2,310,230.9,D,0
-22.1895,126.0679,345.5,2.2,1.4,2014-11-19,0125,Terra,MODIS,67,6.2,309.3,99.5,D,0
-22.1746,126.0652,360.5,2.2,1.4,2014-11-19,0125,Terra,MODIS,100,6.2,312.1,208.8,D,0
-27.6505,136.7006,334.5,1.6,1.2,2014-11-19,0126,Terra,MODIS,68,6.2,321.2,19.5,D,0
-27.6616,136.6991,345.6,1.6,1.2,2014-11-19,0126,Terra,MODIS,87,6.2,320.5,53.8,D,0
-27.6634,136.715,345.4,1.6,1.2,2014-11-19,0126,Terra,MODIS,87,6.2,321.5,53,D,0
-27.6616,136.6934,338.3,1.6,1.2,2014-11-19,0126,Terra,MODIS,77,6.2,320,29.3,D,0
-27.6633,136.7093,346.7,1.6,1.2,2014-11-19,0126,Terra,MODIS,88,6.2,321.7,57.9,D,0
-42.4332,146.6424,316.8,1.2,1.1,2014-11-19,0403,Aqua,MODIS,75,6.2,295.1,14.6,D,0
-42.4281,146.5953,308.8,1.2,1.1,2014-11-19,0403,Aqua,MODIS,55,6.2,294.7,6.8,D,0
-42.3869,147.7526,329.5,1.1,1.1,2014-11-19,0403,Aqua,MODIS,85,6.2,289.3,28.7,D,0
-41.7025,147.444,349.2,1.1,1.1,2014-11-19,0403,Aqua,MODIS,96,6.2,296.3,63.4,D,0
-42.3852,147.7664,327.5,1.1,1.1,2014-11-19,0403,Aqua,MODIS,84,6.2,292.2,25.8,D,0
-41.7041,147.4303,341.3,1.1,1.1,2014-11-19,0403,Aqua,MODIS,92,6.2,299.3,45.8,D,0
-42.5995,147.4984,328.8,1.1,1.1,2014-11-19,0403,Aqua,MODIS,83,6.2,289.8,26.2,D,0
-42.6494,147.4944,335.3,1.1,1.1,2014-11-19,0403,Aqua,MODIS,64,6.2,294.2,30.9,D,0
-42.6461,147.5229,343.9,1.1,1.1,2014-11-19,0403,Aqua,MODIS,89,6.2,291.3,49.8,D,0
-41.5683,148.2281,316.1,1.1,1,2014-11-19,0403,Aqua,MODIS,74,6.2,297,11.4,D,0
-42.6609,147.5041,343.4,1.1,1.1,2014-11-19,0403,Aqua,MODIS,93,6.2,292.7,49.3,D,0
-41.0915,147.6134,302.7,1.1,1,2014-11-19,0403,Aqua,MODIS,53,6.2,281.4,4.8,D,0
-41.566,148.2088,338.3,1.1,1,2014-11-19,0403,Aqua,MODIS,91,6.2,301.7,41.5,D,0
-41.0899,147.6265,312.9,1.1,1,2014-11-19,0403,Aqua,MODIS,73,6.2,284.7,12.9,D,0
-41.5643,148.2216,338.5,1.1,1,2014-11-19,0403,Aqua,MODIS,91,6.2,298.7,41.4,D,0
-41.6929,147.4422,320.3,1.1,1.1,2014-11-19,0403,Aqua,MODIS,79,6.2,294.4,14.2,D,0
-41.6945,147.4283,324,1.1,1.1,2014-11-19,0403,Aqua,MODIS,82,6.2,296,18.9,D,0
-41.0761,146.9823,301.8,1.2,1.1,2014-11-19,0403,Aqua,MODIS,30,6.2,288.3,6,D,0
-41.5699,148.2152,356.9,1.1,1,2014-11-19,0403,Aqua,MODIS,98,6.2,302.5,81.9,D,0
-41.0943,147.6193,304.8,1.1,1,2014-11-19,0403,Aqua,MODIS,19,6.2,281.5,5.6,D,0
-37.9509,145.0668,324.7,1.3,1.1,2014-11-19,0404,Aqua,MODIS,69,6.2,309.3,11.4,D,0
-38.1015,145.1653,320.5,1.3,1.1,2014-11-19,0404,Aqua,MODIS,33,6.2,305,8.1,D,0
-38.1063,142.9555,317.6,1.7,1.3,2014-11-19,0404,Aqua,MODIS,57,6.2,304.3,12,D,0
-36.4026,147.2319,316.1,1,1,2014-11-19,0405,Aqua,MODIS,51,6.2,301.8,8.6,D,0
-33.6384,138.1967,342.4,3,1.6,2014-11-19,0406,Aqua,MODIS,87,6.2,307.4,162.6,D,0
-33.6401,138.1932,349.6,3,1.6,2014-11-19,0406,Aqua,MODIS,93,6.2,307.4,231.6,D,0
-33.6274,138.1588,335.6,3,1.6,2014-11-19,0406,Aqua,MODIS,80,6.2,311.3,111.2,D,0
-33.6425,138.16,365.8,3,1.6,2014-11-19,0406,Aqua,MODIS,100,6.2,311.2,438.5,D,0
-33.6405,138.1639,372.9,3,1.6,2014-11-19,0406,Aqua,MODIS,100,6.2,311.9,553.8,D,0
-33.6254,138.1628,332.8,3,1.6,2014-11-19,0406,Aqua,MODIS,76,6.2,310.6,89.3,D,0
-30.1947,152.1604,329.3,1.6,1.2,2014-11-19,0406,Aqua,MODIS,72,6.2,297.5,33.2,D,0
-30.1804,152.1758,328.8,1.6,1.2,2014-11-19,0406,Aqua,MODIS,76,6.2,300.2,34.2,D,0
-30.1835,152.1592,323.8,1.6,1.2,2014-11-19,0406,Aqua,MODIS,66,6.2,300.5,21.8,D,0
-28.4285,149.5136,346.2,1.2,1.1,2014-11-19,0407,Aqua,MODIS,79,6.2,315,42.7,D,0
-27.6627,136.7089,341.1,3.2,1.7,2014-11-19,0407,Aqua,MODIS,81,6.2,320.5,112.1,D,0
-27.6675,136.7048,341.6,3.2,1.7,2014-11-19,0407,Aqua,MODIS,82,6.2,320.1,116.1,D,0
-19.6077,143.0699,358.5,1,1,2014-11-19,0409,Aqua,MODIS,99,6.2,318,63.4,D,0
-19.2943,146.1871,339.9,1.1,1,2014-11-19,0409,Aqua,MODIS,37,6.2,317.3,17.6,D,0
-19.3084,146.1579,349.6,1.1,1,2014-11-19,0409,Aqua,MODIS,91,6.2,312.8,41,D,0
-19.2958,146.2403,335.7,1.1,1,2014-11-19,0409,Aqua,MODIS,61,6.2,316.4,12.1,D,0
-19.2864,146.2386,338.9,1.1,1,2014-11-19,0409,Aqua,MODIS,54,6.2,317.9,17.8,D,0
-19.2991,146.1563,353,1.1,1,2014-11-19,0409,Aqua,MODIS,94,6.2,314.4,49.9,D,0
-19.2975,146.1666,345.6,1.1,1,2014-11-19,0409,Aqua,MODIS,87,6.2,316.8,31.3,D,0
-19.3068,146.1682,349.6,1.1,1,2014-11-19,0409,Aqua,MODIS,91,6.2,314.6,40.2,D,0
-19.2866,146.175,344.8,1.1,1,2014-11-19,0409,Aqua,MODIS,63,6.2,316.6,28,D,0
-19.2882,146.1648,347.7,1.1,1,2014-11-19,0409,Aqua,MODIS,89,6.2,316.4,36.9,D,0
-19.2898,146.1546,333.5,1.1,1,2014-11-19,0409,Aqua,MODIS,56,6.2,315.2,10.3,D,0
-19.2942,146.2506,334,1.1,1,2014-11-19,0409,Aqua,MODIS,28,6.2,315.4,8.7,D,0
-15.3427,145.05,333.1,1.1,1,2014-11-19,0410,Aqua,MODIS,76,6.2,301.1,26.4,D,0
-15.3565,144.8313,327.8,1.1,1,2014-11-19,0410,Aqua,MODIS,63,6.2,299.3,13.8,D,0
-18.545,145.8572,360,1.1,1,2014-11-19,0410,Aqua,MODIS,99,6.2,309.6,78.6,D,0
-18.531,145.8237,338.9,1.1,1,2014-11-19,0410,Aqua,MODIS,65,6.2,305,30.7,D,0
-18.5527,137.8545,338.8,2,1.4,2014-11-19,0410,Aqua,MODIS,63,6.2,307.8,71,D,0
-18.6193,145.7816,356.9,1.1,1,2014-11-19,0410,Aqua,MODIS,97,6.2,308,71.4,D,0
-15.1951,145.224,328.2,1.1,1,2014-11-19,0410,Aqua,MODIS,60,6.2,300.6,16.8,D,0
-19.1868,140.4867,340.7,1.4,1.2,2014-11-19,0410,Aqua,MODIS,33,6.2,312.6,34.2,D,0
-18.5094,145.8408,339.6,1.1,1,2014-11-19,0410,Aqua,MODIS,68,6.2,308,27.6,D,0
-19.1885,140.4737,349.4,1.4,1.2,2014-11-19,0410,Aqua,MODIS,78,6.2,314.8,58.7,D,0
-18.3458,146.0194,326.7,1.1,1,2014-11-19,0410,Aqua,MODIS,53,6.2,303.2,18.2,D,0
-19.166,140.4838,344.5,1.4,1.2,2014-11-19,0410,Aqua,MODIS,85,6.2,313.2,50.3,D,0
-15.358,144.8216,329.4,1.1,1,2014-11-19,0410,Aqua,MODIS,69,6.2,301.1,14.3,D,0
-18.5681,145.767,332.9,1.1,1,2014-11-19,0410,Aqua,MODIS,69,6.2,304.8,25,D,0
-18.5341,145.866,328.4,1.1,1,2014-11-19,0410,Aqua,MODIS,24,6.2,307,11.4,D,0
-18.5696,145.757,330.7,1.1,1,2014-11-19,0410,Aqua,MODIS,62,6.2,305.3,20.6,D,0
-18.5466,145.8468,344.8,1.1,1,2014-11-19,0410,Aqua,MODIS,76,6.2,308.2,40.6,D,0
-18.5588,145.7655,327.8,1.1,1,2014-11-19,0410,Aqua,MODIS,33,6.2,304.3,18.1,D,0
-18.5078,145.8511,352,1.1,1,2014-11-19,0410,Aqua,MODIS,94,6.2,309.9,52.7,D,0
-15.3442,145.04,328.9,1.1,1,2014-11-19,0410,Aqua,MODIS,68,6.2,300.7,20.2,D,0
-18.5001,145.8393,334.8,1.1,1,2014-11-19,0410,Aqua,MODIS,41,6.2,306.2,20.2,D,0
-17.4292,143.0248,330.7,1,1,2014-11-19,0410,Aqua,MODIS,43,6.2,311.1,8.9,D,0
-17.4098,143.0316,337,1,1,2014-11-19,0410,Aqua,MODIS,49,6.2,311,16.7,D,0
-17.4004,143.0334,344.9,1,1,2014-11-19,0410,Aqua,MODIS,83,6.2,311.9,32.8,D,0
-17.4516,142.5981,339.9,1,1,2014-11-19,0410,Aqua,MODIS,72,6.2,312.2,19.8,D,0
-17.4188,143.033,337.4,1,1,2014-11-19,0410,Aqua,MODIS,75,6.2,311.9,16.3,D,0
-17.4849,142.6197,334.9,1,1,2014-11-19,0410,Aqua,MODIS,38,6.2,314.1,10.1,D,0
-16.9237,143.0948,335.6,1,1,2014-11-19,0410,Aqua,MODIS,35,6.2,313.6,9.9,D,0
-16.9799,143.1478,340.2,1,1,2014-11-19,0410,Aqua,MODIS,53,6.2,316.1,16.6,D,0
-17.4383,143.0262,337.4,1,1,2014-11-19,0410,Aqua,MODIS,75,6.2,311.5,18.7,D,0
-17.007,143.152,342.8,1,1,2014-11-19,0410,Aqua,MODIS,56,6.2,318.1,20.1,D,0
-17.0243,143.1611,342.9,1,1,2014-11-19,0410,Aqua,MODIS,57,6.2,311.6,22.7,D,0
-17.3276,142.5638,338.4,1,1,2014-11-19,0410,Aqua,MODIS,68,6.2,314.6,16.5,D,0
-17.1874,142.9107,344.9,1,1,2014-11-19,0410,Aqua,MODIS,86,6.2,313.3,28.1,D,0
-17.7628,142.4583,338.1,1.1,1,2014-11-19,0410,Aqua,MODIS,51,6.2,313.6,10.8,D,0
-17.7545,142.4717,338.5,1.1,1,2014-11-19,0410,Aqua,MODIS,39,6.2,316.3,11.6,D,0
-17.7559,142.4618,358.3,1.1,1,2014-11-19,0410,Aqua,MODIS,98,6.2,316.4,56.4,D,0
-16.8151,137.4801,329.8,2.1,1.4,2014-11-19,0410,Aqua,MODIS,58,6.2,307.6,24.6,D,0
-16.9413,143.0936,352.1,1,1,2014-11-19,0410,Aqua,MODIS,94,6.2,316.1,43.5,D,0
-17.0488,143.1841,348.6,1,1,2014-11-19,0410,Aqua,MODIS,90,6.2,318.7,33.8,D,0
-17.0681,143.1775,335.3,1,1,2014-11-19,0410,Aqua,MODIS,26,6.2,314.9,7.4,D,0
-17.4202,143.0235,332.3,1,1,2014-11-19,0410,Aqua,MODIS,44,6.2,311.5,9.8,D,0
-17.3641,143.0279,344.2,1,1,2014-11-19,0410,Aqua,MODIS,86,6.2,311.8,31.2,D,0
-17.3655,143.0183,336.4,1,1,2014-11-19,0410,Aqua,MODIS,59,6.2,309.1,18.2,D,0
-16.8932,137.5941,333,2,1.4,2014-11-19,0410,Aqua,MODIS,65,6.2,305.2,45.7,D,0
-16.8807,137.5925,334,2,1.4,2014-11-19,0410,Aqua,MODIS,65,6.2,306.9,42.8,D,0
-16.866,137.6097,336.3,2,1.4,2014-11-19,0410,Aqua,MODIS,80,6.2,307.1,49.9,D,0
-16.8682,137.5909,332.1,2,1.4,2014-11-19,0410,Aqua,MODIS,51,6.2,307.8,29.2,D,0
-16.8536,137.6082,330.8,2,1.4,2014-11-19,0410,Aqua,MODIS,48,6.2,307.5,28.2,D,0
-17.3564,143.017,355.6,1,1,2014-11-19,0410,Aqua,MODIS,96,6.2,310.1,55.9,D,0
-16.8372,142.9203,337.7,1,1,2014-11-19,0410,Aqua,MODIS,64,6.2,313.5,12.6,D,0
-17.3473,143.0155,332.9,1,1,2014-11-19,0410,Aqua,MODIS,20,6.2,309.3,10.8,D,0
-15.7765,145.2225,331.7,1.1,1,2014-11-19,0410,Aqua,MODIS,72,6.2,309,21.1,D,0
-17.3103,143.2811,334.9,1,1,2014-11-19,0410,Aqua,MODIS,41,6.2,314.7,15.8,D,0
-17.3228,142.9923,334.6,1,1,2014-11-19,0410,Aqua,MODIS,40,6.2,311.4,12.9,D,0
-17.1063,143.2278,335.6,1,1,2014-11-19,0410,Aqua,MODIS,38,6.2,312.6,11.9,D,0
-15.8066,145.0853,366.1,1.1,1,2014-11-19,0410,Aqua,MODIS,100,6.2,304.7,94.7,D,0
-16.1011,144.3379,348.1,1,1,2014-11-19,0410,Aqua,MODIS,91,6.2,320.4,34.6,D,0
-15.8173,145.0769,338.1,1.1,1,2014-11-19,0410,Aqua,MODIS,61,6.2,301.5,26.8,D,0
-15.8158,145.0868,349.4,1.1,1,2014-11-19,0410,Aqua,MODIS,90,6.2,308.5,49.3,D,0
-15.8051,145.0951,342.5,1.1,1,2014-11-19,0410,Aqua,MODIS,87,6.2,309.7,34.4,D,0
-15.7696,145.0792,344,1.1,1,2014-11-19,0410,Aqua,MODIS,88,6.2,312.1,34,D,0
-15.7973,145.0838,343.2,1.1,1,2014-11-19,0410,Aqua,MODIS,80,6.2,304.5,34.4,D,0
-15.7959,145.0936,328.9,1.1,1,2014-11-19,0410,Aqua,MODIS,49,6.2,306.2,11.4,D,0
-15.808,145.0754,359.2,1.1,1,2014-11-19,0410,Aqua,MODIS,99,6.2,300.7,74.8,D,0
-15.7818,145.0611,358,1.1,1,2014-11-19,0410,Aqua,MODIS,98,6.2,305.2,72.9,D,0
-15.7988,145.0739,338.9,1.1,1,2014-11-19,0410,Aqua,MODIS,59,6.2,302,27.9,D,0
-15.7789,145.0807,355.6,1.1,1,2014-11-19,0410,Aqua,MODIS,97,6.2,311.9,62.5,D,0
-15.7803,145.0709,359,1.1,1,2014-11-19,0410,Aqua,MODIS,99,6.2,310.6,72.2,D,0
-15.7896,145.0724,337.5,1.1,1,2014-11-19,0410,Aqua,MODIS,52,6.2,303.6,25.4,D,0
-15.7881,145.0822,347.6,1.1,1,2014-11-19,0410,Aqua,MODIS,86,6.2,308.5,44,D,0
-15.7711,145.0694,365,1.1,1,2014-11-19,0410,Aqua,MODIS,100,6.2,313.9,88.3,D,0
-15.7556,145.0467,334.3,1.1,1,2014-11-19,0410,Aqua,MODIS,59,6.2,311.9,14.3,D,0
-15.7527,145.0663,338.8,1.1,1,2014-11-19,0410,Aqua,MODIS,78,6.2,312.1,22,D,0
-15.7726,145.0596,352.1,1.1,1,2014-11-19,0410,Aqua,MODIS,94,6.2,310,52.6,D,0
-15.7649,145.0482,336.6,1.1,1,2014-11-19,0410,Aqua,MODIS,39,6.2,308.4,20,D,0
-15.7619,145.0679,334.3,1.1,1,2014-11-19,0410,Aqua,MODIS,14,6.2,311,14.5,D,0
-17.2896,143.2972,337.5,1,1,2014-11-19,0410,Aqua,MODIS,54,6.2,310.3,15.6,D,0
-17.3012,143.2797,350.4,1,1,2014-11-19,0410,Aqua,MODIS,92,6.2,314.2,41.4,D,0
-17.1076,143.2183,335.6,1,1,2014-11-19,0410,Aqua,MODIS,40,6.2,312,12.9,D,0
-17.2909,143.2877,371.6,1,1,2014-11-19,0410,Aqua,MODIS,100,6.2,314.8,99.4,D,0
-17.0745,143.1978,342.1,1,1,2014-11-19,0410,Aqua,MODIS,75,6.2,315,19.1,D,0
-16.9889,143.1492,351,1,1,2014-11-19,0410,Aqua,MODIS,93,6.2,318.7,36.9,D,0
-15.8238,145.0846,344.8,1.1,1,2014-11-19,0410,Aqua,MODIS,89,6.2,309.4,39.3,D,0
-16.9979,143.1506,347.5,1,1,2014-11-19,0410,Aqua,MODIS,89,6.2,318.7,27,D,0
-17.2819,143.2863,337.2,1,1,2014-11-19,0410,Aqua,MODIS,45,6.2,310.6,19.3,D,0
-17.2009,143.2778,347.7,1,1,2014-11-19,0410,Aqua,MODIS,89,6.2,314,34.2,D,0
-17.2357,143.2928,365.8,1,1,2014-11-19,0410,Aqua,MODIS,100,6.2,317.5,82.8,D,0
-17.21,143.2792,354.1,1,1,2014-11-19,0410,Aqua,MODIS,95,6.2,313.4,49,D,0
-17.2267,143.2914,339.6,1,1,2014-11-19,0410,Aqua,MODIS,57,6.2,299.1,18.4,D,0
-19.1275,142.2815,347.1,1.1,1,2014-11-19,0410,Aqua,MODIS,80,6.2,320.7,28,D,0
-19.1261,142.2919,357.6,1.1,1,2014-11-19,0410,Aqua,MODIS,98,6.2,319.9,55.9,D,0
-19.1834,142.3388,350.4,1.1,1,2014-11-19,0410,Aqua,MODIS,92,6.2,317.1,38.2,D,0
-19.1647,142.2617,343.2,1.1,1,2014-11-19,0410,Aqua,MODIS,71,6.2,315.1,24.1,D,0
-19.1167,142.2905,356.3,1.1,1,2014-11-19,0410,Aqua,MODIS,97,6.2,317.7,55,D,0
-17.2576,142.9376,338.5,1,1,2014-11-19,0410,Aqua,MODIS,59,6.2,315.2,16.2,D,0
-17.4319,142.6051,338,1,1,2014-11-19,0410,Aqua,MODIS,52,6.2,314.7,13.7,D,0
-16.94,143.1031,338.7,1,1,2014-11-19,0410,Aqua,MODIS,59,6.2,316.3,15.9,D,0
-17.3147,142.9268,358.7,1,1,2014-11-19,0410,Aqua,MODIS,99,6.2,309,64.1,D,0
-19.0318,141.9493,333.1,1.1,1.1,2014-11-19,0410,Aqua,MODIS,51,6.2,311.4,12.1,D,0
-17.3241,142.9828,334.6,1,1,2014-11-19,0410,Aqua,MODIS,49,6.2,310.1,12.6,D,0
-17.2029,142.9325,334.3,1,1,2014-11-19,0410,Aqua,MODIS,46,6.2,313.2,9.8,D,0
-17.469,142.7364,335.9,1,1,2014-11-19,0410,Aqua,MODIS,71,6.2,314,11.8,D,0
-17.1978,142.9025,335.1,1,1,2014-11-19,0410,Aqua,MODIS,37,6.2,313.2,12.6,D,0
-17.4306,142.6149,338.7,1,1,2014-11-19,0410,Aqua,MODIS,60,6.2,315.8,13.7,D,0
-17.1693,142.9079,336,1,1,2014-11-19,0410,Aqua,MODIS,64,6.2,312,12.9,D,0
-17.2485,142.9363,337.5,1,1,2014-11-19,0410,Aqua,MODIS,40,6.2,316.5,13.7,D,0
-17.4794,142.7281,341.9,1,1,2014-11-19,0410,Aqua,MODIS,83,6.2,312.6,23,D,0
-17.1965,142.912,365.3,1,1,2014-11-19,0410,Aqua,MODIS,100,6.2,314.1,79.1,D,0
-17.1783,142.9093,339.4,1,1,2014-11-19,0410,Aqua,MODIS,79,6.2,315,18.9,D,0
-18.5806,137.719,344.8,2.1,1.4,2014-11-19,0410,Aqua,MODIS,88,6.2,307.3,97.4,D,0
-18.9339,141.9937,337.9,1.1,1.1,2014-11-19,0410,Aqua,MODIS,26,6.2,315,15.5,D,0
-13.9015,136.7245,331.6,2.1,1.4,2014-11-19,0411,Aqua,MODIS,74,6.2,304,55,D,0
-14.7667,144.7126,331.1,1.1,1,2014-11-19,0411,Aqua,MODIS,69,6.2,297.2,16.9,D,0
-14.22,135.7539,337.5,2.6,1.5,2014-11-19,0411,Aqua,MODIS,78,6.2,307,92.8,D,0
-13.6396,135.4002,338.1,2.7,1.6,2014-11-19,0411,Aqua,MODIS,78,6.2,307.1,87.7,D,0
-13.6928,135.5546,331.8,2.6,1.6,2014-11-19,0411,Aqua,MODIS,53,6.2,309.4,50.5,D,0
-13.8984,136.7492,325.4,2.1,1.4,2014-11-19,0411,Aqua,MODIS,42,6.2,302.2,35.2,D,0
-13.6381,135.3682,365.5,2.7,1.6,2014-11-19,0411,Aqua,MODIS,100,6.2,306.7,350.5,D,0
-13.6341,135.4492,340.5,2.7,1.6,2014-11-19,0411,Aqua,MODIS,86,6.2,311.2,104.2,D,0
-13.6368,135.4248,374.1,2.7,1.6,2014-11-19,0411,Aqua,MODIS,100,6.2,312.5,463.8,D,0
-14.7469,144.719,323.8,1.1,1,2014-11-19,0411,Aqua,MODIS,22,6.2,293.2,8.2,D,0
-13.6292,135.4419,337.8,2.7,1.6,2014-11-19,0411,Aqua,MODIS,83,6.2,310.3,90.8,D,0
-13.8645,134.3283,334.2,3.3,1.7,2014-11-19,0411,Aqua,MODIS,79,6.2,300.1,98.6,D,0
-12.1232,142.3198,337.9,1,1,2014-11-19,0411,Aqua,MODIS,85,6.2,305.8,22.5,D,0
-14.2174,135.7774,332.2,2.5,1.5,2014-11-19,0411,Aqua,MODIS,66,6.2,305.8,63.4,D,0
-14.7682,144.7028,331.1,1.1,1,2014-11-19,0411,Aqua,MODIS,74,6.2,297.8,16.7,D,0
-13.8799,134.3301,330.2,3.3,1.7,2014-11-19,0411,Aqua,MODIS,62,6.2,300.2,69.8,D,0
-13.5444,133.7245,349.9,3.6,1.8,2014-11-19,0411,Aqua,MODIS,94,6.2,302,310.8,D,0
-14.2286,135.7499,329.4,2.6,1.5,2014-11-19,0411,Aqua,MODIS,60,6.2,305.5,47.5,D,0
-13.6426,135.4991,334.4,2.6,1.6,2014-11-19,0411,Aqua,MODIS,63,6.2,311.3,62.9,D,0
-13.6321,135.4176,336.5,2.7,1.6,2014-11-19,0411,Aqua,MODIS,78,6.2,308.5,80,D,0
-13.6351,135.3928,336,2.7,1.6,2014-11-19,0411,Aqua,MODIS,77,6.2,305.5,77.5,D,0
-13.6453,135.4751,331.9,2.6,1.6,2014-11-19,0411,Aqua,MODIS,56,6.2,309.6,45.7,D,0
-14.2258,135.7735,337.9,2.5,1.5,2014-11-19,0411,Aqua,MODIS,63,6.2,304.9,97.4,D,0
-15.6121,136.1057,336.2,2.5,1.5,2014-11-19,0411,Aqua,MODIS,81,6.2,308.1,69.5,D,0
-12.2937,142.9334,323.7,1,1,2014-11-19,0411,Aqua,MODIS,32,6.2,299.7,8.2,D,0
-12.3103,142.9453,333.1,1,1,2014-11-19,0411,Aqua,MODIS,79,6.2,299.8,19.7,D,0
-12.309,142.9544,325.2,1,1,2014-11-19,0411,Aqua,MODIS,34,6.2,298.8,8.9,D,0
-12.1219,142.329,333.6,1,1,2014-11-19,0411,Aqua,MODIS,81,6.2,305.8,15.6,D,0
-14.778,144.6909,336.4,1.1,1,2014-11-19,0411,Aqua,MODIS,84,6.2,300.3,24.4,D,0
-14.7887,144.6827,328,1.1,1,2014-11-19,0411,Aqua,MODIS,68,6.2,300.7,13.1,D,0
-14.8094,144.6072,328.8,1,1,2014-11-19,0411,Aqua,MODIS,44,6.2,302.1,12.5,D,0
-14.8007,144.665,326.6,1,1,2014-11-19,0411,Aqua,MODIS,55,6.2,300,10.6,D,0
-14.7993,144.6746,327.6,1,1,2014-11-19,0411,Aqua,MODIS,73,6.2,301.4,13.4,D,0
-14.8171,144.6182,333.2,1,1,2014-11-19,0411,Aqua,MODIS,71,6.2,301.3,19,D,0
-14.8157,144.6279,340.2,1,1,2014-11-19,0411,Aqua,MODIS,87,6.2,304.1,29.3,D,0
-14.8248,144.6293,370.5,1,1,2014-11-19,0411,Aqua,MODIS,100,6.2,305,109.7,D,0
-15.6179,136.1112,340.6,2.5,1.5,2014-11-19,0411,Aqua,MODIS,86,6.2,308.8,95.4,D,0
-13.6424,135.3754,392.6,2.7,1.6,2014-11-19,0411,Aqua,MODIS,100,6.2,309.2,813.4,D,0
-13.6594,135.3526,337.8,2.7,1.6,2014-11-19,0411,Aqua,MODIS,83,6.2,309.7,92.4,D,0
-12.1129,142.3276,330.7,1,1,2014-11-19,0411,Aqua,MODIS,77,6.2,305.8,11.2,D,0
-14.834,144.6308,359.1,1,1,2014-11-19,0411,Aqua,MODIS,99,6.2,303.5,73.9,D,0
-14.8326,144.6404,333.5,1,1,2014-11-19,0411,Aqua,MODIS,81,6.2,302.8,19.9,D,0
-14.8234,144.6389,337.8,1,1,2014-11-19,0411,Aqua,MODIS,85,6.2,304.1,25.9,D,0
-14.7455,144.7288,334.6,1.1,1,2014-11-19,0411,Aqua,MODIS,82,6.2,293.9,23.7,D,0
-13.5406,133.7572,327,3.6,1.8,2014-11-19,0411,Aqua,MODIS,56,6.2,299,63.3,D,0
-13.5524,133.73,348.5,3.6,1.8,2014-11-19,0411,Aqua,MODIS,93,6.2,299.6,285.7,D,0
-13.8991,136.7443,333.5,2.1,1.4,2014-11-19,0411,Aqua,MODIS,77,6.2,302.5,64.1,D,0
-13.9007,136.7294,340.3,2.1,1.4,2014-11-19,0411,Aqua,MODIS,85,6.2,303.8,96.5,D,0
-14.6668,142.2721,330.9,1,1,2014-11-19,0411,Aqua,MODIS,36,6.2,303.6,15.4,D,0
-14.9059,144.5105,371.3,1,1,2014-11-19,0411,Aqua,MODIS,100,6.2,298.3,111.6,D,0
-14.8882,144.5665,340.3,1,1,2014-11-19,0411,Aqua,MODIS,87,6.2,300.9,30.5,D,0
-14.5495,142.2616,412.9,1,1,2014-11-19,0411,Aqua,MODIS,100,6.2,319.1,334.6,D,0
-14.5404,142.2603,351.9,1,1,2014-11-19,0411,Aqua,MODIS,95,6.2,307.2,53.6,D,0
-14.5612,142.2441,353.4,1,1,2014-11-19,0411,Aqua,MODIS,96,6.2,308.3,57,D,0
-14.5508,142.2522,381.1,1,1,2014-11-19,0411,Aqua,MODIS,100,6.2,312,148.3,D,0
-14.8912,143.2292,340.7,1,1,2014-11-19,0411,Aqua,MODIS,86,6.2,312.8,23.6,D,0
-14.9045,144.52,330.2,1,1,2014-11-19,0411,Aqua,MODIS,36,6.2,297.9,14.4,D,0
-14.9208,144.4737,371.7,1,1,2014-11-19,0411,Aqua,MODIS,75,6.2,287.7,116.9,D,0
-14.9179,144.4928,336.9,1,1,2014-11-19,0411,Aqua,MODIS,56,6.2,293.2,25.7,D,0
-14.927,144.4942,358.8,1,1,2014-11-19,0411,Aqua,MODIS,93,6.2,291.7,74.7,D,0
-14.5701,142.4445,357.6,1,1,2014-11-19,0411,Aqua,MODIS,98,6.2,311,64.8,D,0
-14.8279,135.172,331.5,2.9,1.6,2014-11-19,0411,Aqua,MODIS,74,6.2,308.6,66.1,D,0
-14.5599,142.2535,333.7,1,1,2014-11-19,0411,Aqua,MODIS,51,6.2,302.2,18.8,D,0
-14.8161,135.1431,333.2,2.9,1.6,2014-11-19,0411,Aqua,MODIS,77,6.2,307.7,76.1,D,0
-14.8274,135.167,332.1,2.9,1.6,2014-11-19,0411,Aqua,MODIS,75,6.2,308.7,68.9,D,0
-14.8896,144.5569,327.8,1,1,2014-11-19,0411,Aqua,MODIS,34,6.2,301.6,11.4,D,0
-11.9409,142.243,327.7,1,1,2014-11-19,0411,Aqua,MODIS,54,6.2,303.9,10.4,D,0
-14.5714,142.4351,345.8,1,1,2014-11-19,0411,Aqua,MODIS,69,6.2,314.5,37.4,D,0
-14.8954,144.5186,330.5,1,1,2014-11-19,0411,Aqua,MODIS,25,6.2,298.4,13.6,D,0
-14.9074,144.5009,358.3,1,1,2014-11-19,0411,Aqua,MODIS,99,6.2,295.7,71.2,D,0
-14.8939,144.5281,339.4,1,1,2014-11-19,0411,Aqua,MODIS,86,6.2,299.3,28.1,D,0
-14.5429,142.3088,350.9,1,1,2014-11-19,0411,Aqua,MODIS,95,6.2,307.7,49.9,D,0
-14.8822,143.2278,340,1,1,2014-11-19,0411,Aqua,MODIS,78,6.2,311.8,23.8,D,0
-14.8814,144.5008,352.8,1,1,2014-11-19,0411,Aqua,MODIS,96,6.2,300.7,56.2,D,0
-14.8526,144.506,329.4,1,1,2014-11-19,0411,Aqua,MODIS,59,6.2,302.2,12.9,D,0
-14.5442,142.2994,392.3,1,1,2014-11-19,0411,Aqua,MODIS,100,6.2,317,199.9,D,0
-14.8835,143.2186,335.6,1,1,2014-11-19,0411,Aqua,MODIS,66,6.2,311.1,16.9,D,0
-14.5455,142.29,423.2,1,1,2014-11-19,0411,Aqua,MODIS,100,6.2,323.9,417.6,D,0
-12.0149,142.4379,346,1,1,2014-11-19,0411,Aqua,MODIS,92,6.2,306.5,38.4,D,0
-12.0136,142.4471,336.4,1,1,2014-11-19,0411,Aqua,MODIS,84,6.2,305.7,20.3,D,0
-12.0651,142.4699,332.8,1,1,2014-11-19,0411,Aqua,MODIS,80,6.2,304.5,16.4,D,0
-12.0857,142.4543,329.6,1,1,2014-11-19,0411,Aqua,MODIS,67,6.2,302,13.8,D,0
-12.0559,142.472,332.9,1,1,2014-11-19,0411,Aqua,MODIS,81,6.2,301,17.2,D,0
-13.9234,141.8745,375,1,1,2014-11-19,0411,Aqua,MODIS,94,6.2,309.9,122.3,D,0
-13.9809,141.8634,340.3,1,1,2014-11-19,0411,Aqua,MODIS,67,6.2,311.2,28.5,D,0
-13.9142,141.8731,337.5,1,1,2014-11-19,0411,Aqua,MODIS,56,6.2,310.7,19.9,D,0
-12.897,142.444,327.8,1,1,2014-11-19,0411,Aqua,MODIS,59,6.2,294.1,9.9,D,0
-12.9073,142.4361,336.2,1,1,2014-11-19,0411,Aqua,MODIS,85,6.2,294.5,21.1,D,0
-14.5468,142.2805,368,1,1,2014-11-19,0411,Aqua,MODIS,100,6.2,315.3,94.1,D,0
-14.9362,143.2324,340.7,1,1,2014-11-19,0411,Aqua,MODIS,74,6.2,306.2,30.1,D,0
-14.8305,135.1399,331.7,2.9,1.6,2014-11-19,0411,Aqua,MODIS,72,6.2,308.1,65.3,D,0
-13.8649,141.8982,334.9,1,1,2014-11-19,0411,Aqua,MODIS,82,6.2,306.7,18.9,D,0
-14.5816,142.494,337.1,1,1,2014-11-19,0411,Aqua,MODIS,43,6.2,313.1,18.7,D,0
-12.1065,142.308,331.9,1,1,2014-11-19,0411,Aqua,MODIS,71,6.2,305.6,12.6,D,0
-12.1168,142.3002,377.9,1,1,2014-11-19,0411,Aqua,MODIS,100,6.2,305.3,129.2,D,0
-12.1155,142.3093,355.3,1,1,2014-11-19,0411,Aqua,MODIS,97,6.2,304.7,57.1,D,0
-12.1245,142.3107,326.9,1,1,2014-11-19,0411,Aqua,MODIS,63,6.2,303.8,8.9,D,0
-12.4721,142.9727,321.6,1,1,2014-11-19,0411,Aqua,MODIS,38,6.2,295.9,9.3,D,0
-14.9165,144.5023,339,1,1,2014-11-19,0411,Aqua,MODIS,61,6.2,296.6,31.2,D,0
-14.8903,133.1631,326.9,4.1,1.9,2014-11-19,0411,Aqua,MODIS,50,6.2,300.2,64.8,D,0
-14.8872,133.1588,327.1,4.1,1.9,2014-11-19,0411,Aqua,MODIS,61,6.2,299.3,67.4,D,0
-14.5481,142.2711,395.8,1,1,2014-11-19,0411,Aqua,MODIS,100,6.2,318,218.4,D,0
-14.5377,142.2792,353.2,1,1,2014-11-19,0411,Aqua,MODIS,96,6.2,309.4,55.8,D,0
-14.9273,143.231,335.6,1,1,2014-11-19,0411,Aqua,MODIS,42,6.2,304.5,20.2,D,0
-12.71,142.8528,331.7,1,1,2014-11-19,0411,Aqua,MODIS,68,6.2,302.2,18,D,0
-12.2845,141.7648,327.9,1,1,2014-11-19,0411,Aqua,MODIS,30,6.2,302.1,11.7,D,0
-12.2768,141.7541,340.1,1,1,2014-11-19,0411,Aqua,MODIS,87,6.2,301,29.6,D,0
-12.2781,141.7447,329.5,1,1,2014-11-19,0411,Aqua,MODIS,36,6.2,299.3,14,D,0
-14.5391,142.2697,363.1,1,1,2014-11-19,0411,Aqua,MODIS,100,6.2,310.8,81.6,D,0
-14.8511,144.5155,328,1,1,2014-11-19,0411,Aqua,MODIS,55,6.2,301.6,10.4,D,0
-14.9256,144.5038,362,1,1,2014-11-19,0411,Aqua,MODIS,94,6.2,294.8,84.9,D,0
-14.9122,144.5311,344.1,1,1,2014-11-19,0411,Aqua,MODIS,90,6.2,295.3,39.4,D,0
-14.9136,144.5215,329.6,1,1,2014-11-19,0411,Aqua,MODIS,52,6.2,295.5,16.6,D,0
-14.9299,144.4751,363.9,1,1,2014-11-19,0411,Aqua,MODIS,100,6.2,288.1,90.7,D,0
-12.4877,142.9283,329,1,1,2014-11-19,0411,Aqua,MODIS,75,6.2,301.7,14.7,D,0
-12.4966,142.9297,328,1,1,2014-11-19,0411,Aqua,MODIS,70,6.2,300.9,14.3,D,0
-15.1873,145.2124,326.8,1.1,1,2014-11-19,0411,Aqua,MODIS,58,6.2,300.2,14.7,D,0
-13.1621,143.418,324.4,1,1,2014-11-19,0411,Aqua,MODIS,72,6.2,295,16.9,D,0
-12.1052,142.3171,330,1,1,2014-11-19,0411,Aqua,MODIS,72,6.2,306,9.5,D,0
-12.1142,142.3185,336.9,1,1,2014-11-19,0411,Aqua,MODIS,84,6.2,304.7,20.1,D,0
-12.1115,142.4022,329.8,1,1,2014-11-19,0411,Aqua,MODIS,49,6.2,305.7,11.2,D,0
-12.4246,142.9776,321.6,1,1,2014-11-19,0411,Aqua,MODIS,24,6.2,298.2,8.7,D,0
-14.9193,144.4832,356.7,1,1,2014-11-19,0411,Aqua,MODIS,85,6.2,291,68.4,D,0
-12.1102,142.4113,334.9,1,1,2014-11-19,0411,Aqua,MODIS,82,6.2,305.1,19.1,D,0
-14.9285,144.4847,358.4,1,1,2014-11-19,0411,Aqua,MODIS,93,6.2,289.8,74,D,0
-15.1858,145.2225,329.9,1.1,1,2014-11-19,0411,Aqua,MODIS,61,6.2,299.3,18.6,D,0
-15.6066,142.0652,356.8,1.1,1,2014-11-19,0411,Aqua,MODIS,98,6.2,311.4,67.9,D,0
-14.5245,142.3734,353.6,1,1,2014-11-19,0411,Aqua,MODIS,96,6.2,310.4,58.6,D,0
-10.9797,142.5964,324.4,1,1,2014-11-19,0412,Aqua,MODIS,49,6.2,296.2,12.1,D,0
-12.642,135.0095,324.3,2.8,1.6,2014-11-19,0412,Aqua,MODIS,56,6.2,296.1,51.1,D,0
-12.6398,135.0046,326.7,2.8,1.6,2014-11-19,0412,Aqua,MODIS,65,6.2,296.3,63.5,D,0
-10.9403,142.2974,324,1,1,2014-11-19,0412,Aqua,MODIS,56,6.2,300.8,9.8,D,0
-10.939,142.3065,327.5,1,1,2014-11-19,0412,Aqua,MODIS,81,6.2,299.7,14.2,D,0
-12.1169,133.1931,328.7,3.8,1.8,2014-11-19,0412,Aqua,MODIS,74,6.2,296.7,83.5,D,0
-12.1105,133.1885,329.5,3.8,1.8,2014-11-19,0412,Aqua,MODIS,82,6.2,296.8,88.2,D,0
-11.0771,142.627,325.5,1,1,2014-11-19,0412,Aqua,MODIS,79,6.2,295.3,15.9,D,0
-10.9707,142.595,322.9,1,1,2014-11-19,0412,Aqua,MODIS,55,6.2,295.7,11.2,D,0
-12.5508,135.0195,325.2,2.8,1.6,2014-11-19,0412,Aqua,MODIS,54,6.2,295.1,61.5,D,0
-12.548,135.0448,336.9,2.8,1.6,2014-11-19,0412,Aqua,MODIS,85,6.2,298.3,132.1,D,0
-12.5445,135.0372,332.6,2.8,1.6,2014-11-19,0412,Aqua,MODIS,80,6.2,297.7,105.7,D,0
-11.1662,142.451,327.4,1,1,2014-11-19,0412,Aqua,MODIS,39,6.2,299.2,11.7,D,0
-12.0632,135.6723,325,2.4,1.5,2014-11-19,0412,Aqua,MODIS,51,6.2,299.5,42.9,D,0
-11.0578,142.6334,316.3,1,1,2014-11-19,0412,Aqua,MODIS,18,6.2,295.7,6.5,D,0
-11.0412,142.6216,325.5,1,1,2014-11-19,0412,Aqua,MODIS,75,6.2,295,13.6,D,0
-11.0425,142.6125,323.9,1,1,2014-11-19,0412,Aqua,MODIS,66,6.2,298.3,11.8,D,0
-11.022,142.6213,320.3,1,1,2014-11-19,0412,Aqua,MODIS,39,6.2,295.8,9.6,D,0
-11.004,142.6186,330.2,1,1,2014-11-19,0412,Aqua,MODIS,83,6.2,296.3,19.2,D,0
-11.0053,142.6095,321.9,1,1,2014-11-19,0412,Aqua,MODIS,20,6.2,299.2,8.7,D,0
-12.1742,136.3727,325.5,2.1,1.4,2014-11-19,0412,Aqua,MODIS,44,6.2,299.6,19.2,D,0
-12.1037,135.6777,325.7,2.4,1.5,2014-11-19,0412,Aqua,MODIS,53,6.2,300.1,47.1,D,0
-12.0767,135.6742,322.4,2.4,1.5,2014-11-19,0412,Aqua,MODIS,47,6.2,300,34.6,D,0
-12.2574,134.7708,323.3,2.9,1.6,2014-11-19,0412,Aqua,MODIS,66,6.2,300.7,43.6,D,0
-12.2449,134.7765,327.2,2.9,1.6,2014-11-19,0412,Aqua,MODIS,69,6.2,301.3,64.4,D,0
-34.6986,116.1233,337.2,2.1,1.4,2014-11-19,0544,Aqua,MODIS,88,6.2,280,113.6,D,0
-30.8683,121.4882,328.4,1,1,2014-11-19,0545,Aqua,MODIS,63,6.2,299.5,17.7,D,2
-22.0756,124.346,335.3,1.4,1.2,2014-11-19,0547,Aqua,MODIS,58,6.2,305,28.2,D,0
-22.0779,124.3325,355.5,1.4,1.2,2014-11-19,0547,Aqua,MODIS,96,6.2,304.1,92.8,D,0
-23.3208,120.026,327.8,1,1,2014-11-19,0547,Aqua,MODIS,66,6.2,300.1,15.1,D,0
-21.2168,123.7304,378.2,1.3,1.1,2014-11-19,0548,Aqua,MODIS,94,6.2,315.7,191.7,D,0
-21.2189,123.7177,415,1.3,1.1,2014-11-19,0548,Aqua,MODIS,87,6.2,314.3,509.5,D,0
-20.8749,120.0965,352.8,1,1,2014-11-19,0548,Aqua,MODIS,90,6.2,320,42.4,D,0
-20.8673,120.0854,340.2,1,1,2014-11-19,0548,Aqua,MODIS,78,6.2,320.8,15.9,D,0
-20.8659,120.095,341.6,1,1,2014-11-19,0548,Aqua,MODIS,82,6.2,320.8,18.9,D,0
-20.8735,120.106,341.2,1,1,2014-11-19,0548,Aqua,MODIS,63,6.2,317.4,19.2,D,0
-21.1834,119.5472,340.2,1,1,2014-11-19,0548,Aqua,MODIS,80,6.2,318.7,16.1,D,0
-20.7242,119.7362,346.6,1,1,2014-11-19,0548,Aqua,MODIS,88,6.2,323.7,20.8,D,0
-20.7319,119.7472,357.7,1,1,2014-11-19,0548,Aqua,MODIS,98,6.2,321.7,45.2,D,0
-20.7332,119.7376,400.2,1,1,2014-11-19,0548,Aqua,MODIS,100,6.2,329,220.1,D,0
-20.7346,119.7281,341.4,1,1,2014-11-19,0548,Aqua,MODIS,45,6.2,321.9,11.1,D,0
-21.1807,119.5665,338.7,1,1,2014-11-19,0548,Aqua,MODIS,78,6.2,316.9,14,D,0
-21.182,119.5569,339,1,1,2014-11-19,0548,Aqua,MODIS,72,6.2,317.9,13.5,D,0
-16.2041,123.6553,332.7,1.6,1.2,2014-11-19,0549,Aqua,MODIS,85,6.2,303.9,31.9,D,0
-16.2128,123.6719,326.9,1.6,1.2,2014-11-19,0549,Aqua,MODIS,50,6.2,301.4,18.3,D,0
-16.2065,123.6413,328.7,1.6,1.2,2014-11-19,0549,Aqua,MODIS,39,6.2,305.2,20.3,D,0
-16.2264,123.6591,326.3,1.6,1.2,2014-11-19,0549,Aqua,MODIS,57,6.2,301.3,17.6,D,0
-16.2288,123.6449,343.5,1.6,1.2,2014-11-19,0549,Aqua,MODIS,87,6.2,303.1,63.2,D,0
-16.2153,123.6571,358.8,1.6,1.2,2014-11-19,0549,Aqua,MODIS,99,6.2,303.3,132.4,D,0
-16.2177,123.6428,338.8,1.6,1.2,2014-11-19,0549,Aqua,MODIS,77,6.2,304.2,46.2,D,0
-27.6568,136.7164,313.9,1.1,1,2014-11-19,1332,Terra,MODIS,88,6.2,294.3,12.9,N,0
-27.6582,136.7054,307.8,1.1,1,2014-11-19,1332,Terra,MODIS,73,6.2,294.2,8,N,0
-27.6596,136.6944,308.6,1.1,1,2014-11-19,1332,Terra,MODIS,75,6.2,294.8,8.5,N,0
-22.9234,146.832,304.4,3.2,1.7,2014-11-19,1333,Terra,MODIS,60,6.2,290.9,25.5,N,0
-23.0582,146.249,305.1,2.9,1.6,2014-11-19,1333,Terra,MODIS,63,6.2,292.7,20.6,N,0
-22.9117,146.8226,307.2,3.2,1.7,2014-11-19,1333,Terra,MODIS,71,6.2,291.3,32.5,N,0
-19.1682,140.5131,324.2,1.4,1.2,2014-11-19,1334,Terra,MODIS,100,6.2,299.2,27.9,N,0
-19.1627,140.5062,310.2,1.4,1.2,2014-11-19,1334,Terra,MODIS,65,6.2,299.1,8.4,N,0
-14.5944,142.1851,311.3,2.2,1.4,2014-11-19,1335,Terra,MODIS,81,6.2,295.7,23.7,N,0
-14.5978,142.1651,316,2.2,1.4,2014-11-19,1335,Terra,MODIS,92,6.2,295.8,35.3,N,0
-16.5135,133.8516,309.4,1.1,1.1,2014-11-19,1335,Terra,MODIS,68,6.2,297.7,6,N,0
-17.2876,142.9564,342.2,2.2,1.4,2014-11-19,1335,Terra,MODIS,100,6.2,295.3,131.2,N,0
-17.2961,143.2844,321.2,2.3,1.5,2014-11-19,1335,Terra,MODIS,100,6.2,294.5,50.1,N,0
-16.5096,133.8081,309.3,1.1,1.1,2014-11-19,1335,Terra,MODIS,68,6.2,298.2,5.8,N,0
-16.5014,133.7962,308.6,1.1,1.1,2014-11-19,1335,Terra,MODIS,65,6.2,297.7,5.3,N,0
-16.8979,143.0861,310.3,2.3,1.5,2014-11-19,1335,Terra,MODIS,77,6.2,292.9,18.8,N,0
-17.2922,143.306,312.1,2.3,1.5,2014-11-19,1335,Terra,MODIS,84,6.2,294.7,23.8,N,0
-18.4033,139.5572,311.4,1.2,1.1,2014-11-19,1335,Terra,MODIS,56,6.2,298.9,8.5,N,0
-17.3092,143.2871,329.3,2.3,1.5,2014-11-19,1335,Terra,MODIS,100,6.2,294.8,81.5,N,0
-18.4019,139.563,310,1.2,1.1,2014-11-19,1335,Terra,MODIS,79,6.2,298.7,8.2,N,0
-17.3182,143.2953,332.7,2.3,1.5,2014-11-19,1335,Terra,MODIS,100,6.2,294.3,95.5,N,0
-17.3353,143.2764,315.7,2.3,1.5,2014-11-19,1335,Terra,MODIS,92,6.2,293.8,32.3,N,0
-17.3314,143.298,322.7,2.3,1.5,2014-11-19,1335,Terra,MODIS,100,6.2,293.7,55.3,N,0
-17.3054,143.3087,319.5,2.3,1.5,2014-11-19,1335,Terra,MODIS,99,6.2,294.2,45.8,N,0
-17.3262,143.2681,310.1,2.3,1.5,2014-11-19,1335,Terra,MODIS,79,6.2,294.2,18.1,N,0
-17.3222,143.2738,324.1,2.3,1.5,2014-11-19,1335,Terra,MODIS,100,6.2,294.1,59.1,N,0
-17.3224,143.2897,342.7,2.3,1.5,2014-11-19,1335,Terra,MODIS,100,6.2,295.2,151.6,N,0
-17.2919,143.2901,319.1,2.3,1.5,2014-11-19,1335,Terra,MODIS,98,6.2,294.6,41.8,N,0
-17.3011,143.3143,309.6,2.3,1.5,2014-11-19,1335,Terra,MODIS,73,6.2,293.8,17.3,N,0
-17.3051,143.2927,339.9,2.3,1.5,2014-11-19,1335,Terra,MODIS,100,6.2,295.1,134.6,N,0
-17.2791,143.3034,322.1,2.3,1.5,2014-11-19,1335,Terra,MODIS,100,6.2,295.3,54,N,0
-16.8225,133.0411,324.9,1.2,1.1,2014-11-19,1335,Terra,MODIS,100,6.2,298.8,25.6,N,0
-16.8241,133.0294,309.1,1.3,1.1,2014-11-19,1335,Terra,MODIS,54,6.2,298,5.9,N,0
-16.8126,133.0397,320.5,1.2,1.1,2014-11-19,1335,Terra,MODIS,100,6.2,298.5,18.7,N,0
-17.2308,143.2881,309.4,2.3,1.5,2014-11-19,1335,Terra,MODIS,51,6.2,294.4,16.2,N,0
-16.1304,144.3062,305.7,2.9,1.6,2014-11-19,1335,Terra,MODIS,36,6.2,294.3,22.2,N,0
-17.1761,142.9218,311.2,2.2,1.4,2014-11-19,1335,Terra,MODIS,47,6.2,293,19.1,N,0
-18.1571,141.2304,308.7,1.6,1.2,2014-11-19,1335,Terra,MODIS,75,6.2,292,10.1,N,0
-18.1596,141.2156,307.3,1.6,1.2,2014-11-19,1335,Terra,MODIS,52,6.2,293.6,9,N,0
-17.2603,142.9665,314,2.2,1.4,2014-11-19,1335,Terra,MODIS,65,6.2,294.8,23.5,N,0
-17.174,142.9282,311.1,2.2,1.4,2014-11-19,1335,Terra,MODIS,55,6.2,294,19.5,N,0
-17.2767,142.9487,343,2.2,1.4,2014-11-19,1335,Terra,MODIS,100,6.2,295.3,136.8,N,0
-17.2732,142.9691,321.6,2.2,1.4,2014-11-19,1335,Terra,MODIS,100,6.2,294.9,45.4,N,0
-17.2896,142.9512,329.1,2.2,1.4,2014-11-19,1335,Terra,MODIS,100,6.2,294.9,70.4,N,0
-17.2263,143.2927,308.2,2.3,1.5,2014-11-19,1335,Terra,MODIS,54,6.2,294.3,14,N,0
-17.2748,142.9539,339.5,2.2,1.4,2014-11-19,1335,Terra,MODIS,100,6.2,295.2,117.1,N,0
-17.262,142.9512,315.7,2.2,1.4,2014-11-19,1335,Terra,MODIS,90,6.2,294.6,27.4,N,0
-17.2913,142.9361,323.1,2.2,1.4,2014-11-19,1335,Terra,MODIS,100,6.2,293.9,48.8,N,0
-17.2931,142.9308,313,2.2,1.4,2014-11-19,1335,Terra,MODIS,46,6.2,294,20.1,N,0
-17.1781,143.2774,309.2,2.3,1.5,2014-11-19,1335,Terra,MODIS,77,6.2,293.8,16.8,N,0
-17.7567,142.4709,306.6,2,1.4,2014-11-19,1335,Terra,MODIS,68,6.2,296.3,9.8,N,0
-17.1869,142.9307,311.7,2.2,1.4,2014-11-19,1335,Terra,MODIS,51,6.2,294.3,19.7,N,0
-17.3005,142.9589,311.9,2.2,1.4,2014-11-19,1335,Terra,MODIS,47,6.2,293.6,17.8,N,0
-17.2475,142.9639,309.8,2.2,1.4,2014-11-19,1335,Terra,MODIS,19,6.2,294.7,14,N,0
-17.2639,142.946,313.6,2.2,1.4,2014-11-19,1335,Terra,MODIS,63,6.2,294.4,22.1,N,0
-17.2511,142.9435,314.4,2.2,1.4,2014-11-19,1335,Terra,MODIS,89,6.2,294.4,24.9,N,0
-17.2785,142.9335,316.4,2.2,1.4,2014-11-19,1335,Terra,MODIS,75,6.2,294,28.2,N,0
-16.8061,134.2665,304,1.1,1,2014-11-19,1335,Terra,MODIS,23,6.2,291.5,6.5,N,0
-17.2659,143.3007,310.8,2.3,1.5,2014-11-19,1335,Terra,MODIS,79,6.2,294.8,19.6,N,0
-17.1889,142.9243,309.2,2.2,1.4,2014-11-19,1335,Terra,MODIS,10,6.2,293.7,14.4,N,0
-17.2395,143.2954,336.4,2.3,1.5,2014-11-19,1335,Terra,MODIS,100,6.2,295.7,114.7,N,0
-18.5781,137.7396,309.6,1,1,2014-11-19,1335,Terra,MODIS,78,6.2,298.1,4.5,N,0
-16.6337,133.9287,307.1,1.1,1.1,2014-11-19,1335,Terra,MODIS,31,6.2,293.2,6.4,N,0
-12.6007,134.9924,314.4,1,1,2014-11-19,1336,Terra,MODIS,87,6.2,296.9,11.3,N,0
-12.5992,130.8388,325.3,1.5,1.2,2014-11-19,1336,Terra,MODIS,100,6.2,294.6,36.4,N,0
-12.9086,142.4356,308.1,2.4,1.5,2014-11-19,1336,Terra,MODIS,72,6.2,294.2,24.8,N,0
-12.5422,135.0147,317.5,1,1,2014-11-19,1336,Terra,MODIS,94,6.2,297.2,14.3,N,0
-12.5396,135.033,315.5,1,1,2014-11-19,1336,Terra,MODIS,90,6.2,297,12,N,0
-12.601,130.8249,308,1.5,1.2,2014-11-19,1336,Terra,MODIS,68,6.2,294.2,8.7,N,0
-12.5382,135.0421,317.6,1,1,2014-11-19,1336,Terra,MODIS,95,6.2,297.1,13.7,N,0
-12.5724,134.9975,309.8,1,1,2014-11-19,1336,Terra,MODIS,44,6.2,295.9,7.3,N,0
-12.5409,135.0238,308.7,1,1,2014-11-19,1336,Terra,MODIS,69,6.2,296.8,7.2,N,0
-12.5917,134.991,319.9,1,1,2014-11-19,1336,Terra,MODIS,99,6.2,297.8,15.9,N,0
-12.5711,135.0066,316.7,1,1,2014-11-19,1336,Terra,MODIS,93,6.2,296.4,12.7,N,0
-12.2607,141.7639,309.6,2.2,1.4,2014-11-19,1336,Terra,MODIS,67,6.2,294.2,21.9,N,0
-13.4865,134.5764,310.5,1,1,2014-11-19,1336,Terra,MODIS,70,6.2,298,6.8,N,0
-12.6121,135.0408,309.7,1,1,2014-11-19,1336,Terra,MODIS,73,6.2,297,8,N,0
-13.0182,136.305,307.4,1,1,2014-11-19,1336,Terra,MODIS,30,6.2,296.7,5.4,N,0
-13.0091,136.3035,309.7,1,1,2014-11-19,1336,Terra,MODIS,70,6.2,296.9,7.1,N,0
-12.9419,130.567,303.3,1.6,1.2,2014-11-19,1336,Terra,MODIS,47,6.2,289.2,8.8,N,0
-15.1433,130.2978,314.2,1.8,1.3,2014-11-19,1336,Terra,MODIS,89,6.2,294.9,22.8,N,0
-15.1355,130.2618,313.6,1.8,1.3,2014-11-19,1336,Terra,MODIS,86,6.2,290.5,23.4,N,0
-15.1474,130.2635,305.5,1.8,1.3,2014-11-19,1336,Terra,MODIS,25,6.2,288.9,10.5,N,0
-15.1453,130.2806,335.6,1.8,1.3,2014-11-19,1336,Terra,MODIS,100,6.2,295.6,81.5,N,0
-14.875,133.1426,309.2,1.2,1.1,2014-11-19,1336,Terra,MODIS,49,6.2,298.5,6.2,N,0
-14.2178,135.7766,317.4,1,1,2014-11-19,1336,Terra,MODIS,94,6.2,298.8,13,N,0
-13.6306,135.3807,307.7,1,1,2014-11-19,1336,Terra,MODIS,62,6.2,296.6,6,N,0
-13.6315,135.5029,309.1,1,1,2014-11-19,1336,Terra,MODIS,69,6.2,297.8,5.9,N,0
-13.867,134.3493,314.2,1,1,2014-11-19,1336,Terra,MODIS,86,6.2,299.2,9.2,N,0
-13.8683,134.3398,311.9,1,1,2014-11-19,1336,Terra,MODIS,79,6.2,299.2,7.3,N,0
-13.536,133.7584,311.1,1.1,1,2014-11-19,1336,Terra,MODIS,77,6.2,297.5,8.5,N,0
-14.4881,131.6385,308.4,1.4,1.2,2014-11-19,1336,Terra,MODIS,63,6.2,296.3,6.4,N,0
-14.4865,131.6516,313.7,1.4,1.2,2014-11-19,1336,Terra,MODIS,84,6.2,296.5,12.8,N,0
-13.9732,136.4485,336.1,1,1,2014-11-19,1336,Terra,MODIS,100,6.2,299.2,36.2,N,0
-13.9628,136.4565,315.7,1,1,2014-11-19,1336,Terra,MODIS,90,6.2,297.2,12,N,0
-13.9641,136.4471,348.6,1,1,2014-11-19,1336,Terra,MODIS,100,6.2,298.2,59.3,N,0
-14.4848,131.6646,312.9,1.4,1.2,2014-11-19,1336,Terra,MODIS,81,6.2,296.5,11.6,N,0
-14.4971,131.6531,310.5,1.4,1.2,2014-11-19,1336,Terra,MODIS,73,6.2,296.5,8.7,N,0
-13.9718,136.4579,315.2,1,1,2014-11-19,1336,Terra,MODIS,89,6.2,298.3,11.5,N,0
-13.7597,135.5723,309.5,1,1,2014-11-19,1336,Terra,MODIS,70,6.2,298.4,6.3,N,0
-22.9186,146.8245,307.8,2.4,1.5,2014-11-19,1504,Aqua,MODIS,72,6.2,291.2,24.5,N,0
-22.9186,146.844,301.2,2.4,1.5,2014-11-19,1504,Aqua,MODIS,39,6.2,290.9,12.4,N,0
-22.914,146.8208,304.9,2.4,1.5,2014-11-19,1504,Aqua,MODIS,62,6.2,291.2,19.5,N,0
-28.4223,149.5164,304.5,1.3,1.1,2014-11-19,1505,Aqua,MODIS,60,6.2,294.2,7.3,N,0
-23.3054,120.0252,319.8,2.2,1.4,2014-11-19,1512,Terra,MODIS,99,6.2,295.6,50.3,N,0
-23.2911,120.0391,307.7,2.2,1.4,2014-11-19,1512,Terra,MODIS,72,6.2,295.2,18.4,N,0
-23.3012,120.0472,306.5,2.2,1.4,2014-11-19,1512,Terra,MODIS,68,6.2,295.1,16.6,N,0
-12.5974,130.8496,306.7,1,1,2014-11-19,1640,Aqua,MODIS,68,6.2,285.3,6,N,0
-14.8868,133.1668,324.6,1.1,1,2014-11-19,1640,Aqua,MODIS,100,6.2,298.6,21.8,N,0
-14.893,133.1604,330.4,1.1,1,2014-11-19,1640,Aqua,MODIS,100,6.2,298.9,30.8,N,0
-14.8943,133.1703,321.6,1.1,1,2014-11-19,1640,Aqua,MODIS,100,6.2,297.9,19.3,N,0
-13.7475,135.5822,307.3,1.4,1.2,2014-11-19,1640,Aqua,MODIS,13,6.2,296.9,8.8,N,0
-14.0168,134.7542,308.9,1.3,1.1,2014-11-19,1640,Aqua,MODIS,75,6.2,296.5,9.8,N,0
-14.4875,131.6735,318.3,1,1,2014-11-19,1640,Aqua,MODIS,96,6.2,297.7,13,N,0
-13.6964,135.5684,320.6,1.4,1.2,2014-11-19,1640,Aqua,MODIS,100,6.2,296.8,26.2,N,0
-16.4978,133.81,306.6,1.2,1.1,2014-11-19,1641,Aqua,MODIS,37,6.2,295.5,6.6,N,0
-18.4032,139.5776,332.5,3.2,1.7,2014-11-19,1641,Aqua,MODIS,100,6.2,295.7,167,N,0
-18.4061,139.6081,308,3.2,1.7,2014-11-19,1641,Aqua,MODIS,73,6.2,293.1,35.9,N,0
-18.4059,139.5825,332.8,3.2,1.7,2014-11-19,1641,Aqua,MODIS,100,6.2,295.7,168,N,0
-15.7741,131.0328,331.8,1,1,2014-11-19,1641,Aqua,MODIS,100,6.2,297.1,27.1,N,0
-15.2795,125.345,300.2,2,1.4,2014-11-19,1641,Aqua,MODIS,19,6.2,285.1,6.8,N,0
-15.7844,131.0435,325.8,1,1,2014-11-19,1641,Aqua,MODIS,66,6.2,296.5,24.8,N,0
-15.7652,131.0342,318.6,1,1,2014-11-19,1641,Aqua,MODIS,73,6.2,294.7,13,N,0
-15.7755,131.0421,332.9,1,1,2014-11-19,1641,Aqua,MODIS,100,6.2,297.9,29.4,N,0
-12.9215,142.4302,327.5,2.2,1.4,2014-11-20,0026,Terra,MODIS,61,6.2,303.7,33.1,D,0
-12.4774,142.988,318.9,2.1,1.4,2014-11-20,0026,Terra,MODIS,54,6.2,298.2,26.6,D,0
-12.4784,142.9821,322.2,2.1,1.4,2014-11-20,0026,Terra,MODIS,54,6.2,298.3,31.8,D,0
-12.4742,142.9693,318.7,2.1,1.4,2014-11-20,0026,Terra,MODIS,43,6.2,298.3,25.7,D,0
-12.1226,142.3015,320.9,2.3,1.5,2014-11-20,0026,Terra,MODIS,65,6.2,297,26.9,D,0
-12.1153,142.3973,324.7,2.3,1.5,2014-11-20,0026,Terra,MODIS,75,6.2,294.3,42.7,D,0
-12.128,142.4097,320.3,2.3,1.5,2014-11-20,0026,Terra,MODIS,39,6.2,293.5,26.3,D,0
-16.8264,142.9113,330.2,1.7,1.3,2014-11-20,0027,Terra,MODIS,61,6.2,305.7,16.4,D,0
-14.9339,143.3085,329.3,1.7,1.3,2014-11-20,0027,Terra,MODIS,62,6.2,303.7,19.8,D,0
-14.5199,142.3976,330.1,2.1,1.4,2014-11-20,0027,Terra,MODIS,73,6.2,304.8,37.6,D,0
-14.5992,142.1692,356.6,2.2,1.4,2014-11-20,0027,Terra,MODIS,98,6.2,305.3,191.5,D,0
-14.59,142.1913,333,2.1,1.4,2014-11-20,0027,Terra,MODIS,65,6.2,304.4,50.9,D,0
-16.8324,142.9993,349.9,1.7,1.3,2014-11-20,0027,Terra,MODIS,92,6.2,307.4,90.2,D,0
-14.5865,142.1715,336.6,2.2,1.4,2014-11-20,0027,Terra,MODIS,75,6.2,301.8,72.4,D,0
-14.9417,143.2631,372.5,1.8,1.3,2014-11-20,0027,Terra,MODIS,100,6.2,307,250.1,D,0
-16.9729,143.1534,332.3,1.6,1.3,2014-11-20,0027,Terra,MODIS,62,6.2,307.2,24,D,0
-17.3391,142.541,337.7,1.8,1.3,2014-11-20,0027,Terra,MODIS,80,6.2,300.9,55.6,D,0
-14.504,142.3807,324.3,2.1,1.4,2014-11-20,0027,Terra,MODIS,25,6.2,303.2,20,D,0
-14.5166,142.3784,323.7,2.1,1.4,2014-11-20,0027,Terra,MODIS,19,6.2,302.7,17.4,D,0
-16.8289,142.9929,341.4,1.7,1.3,2014-11-20,0027,Terra,MODIS,85,6.2,306.3,53.2,D,0
-16.8317,143.0087,336.2,1.7,1.3,2014-11-20,0027,Terra,MODIS,78,6.2,307,35.6,D,0
-14.8333,144.6164,346.4,1.4,1.2,2014-11-20,0027,Terra,MODIS,91,6.2,304.7,62.1,D,0
-14.934,144.4698,331.8,1.4,1.2,2014-11-20,0027,Terra,MODIS,56,6.2,303.4,29.9,D,0
-14.8896,143.2389,329.9,1.8,1.3,2014-11-20,0027,Terra,MODIS,70,6.2,304.7,25.8,D,0
-14.8522,144.5995,328.1,1.4,1.2,2014-11-20,0027,Terra,MODIS,32,6.2,305.3,17.1,D,0
-14.9455,143.3064,333.6,1.7,1.3,2014-11-20,0027,Terra,MODIS,78,6.2,307.5,33.4,D,0
-14.5427,142.4457,326,2.1,1.4,2014-11-20,0027,Terra,MODIS,27,6.2,304.3,22.6,D,0
-14.5393,142.4267,333.8,2.1,1.4,2014-11-20,0027,Terra,MODIS,79,6.2,304.2,50.4,D,0
-14.536,142.4077,327.9,2.1,1.4,2014-11-20,0027,Terra,MODIS,62,6.2,303.5,27.1,D,0
-16.1081,144.3206,340.1,1.4,1.2,2014-11-20,0027,Terra,MODIS,86,6.2,311.7,37.9,D,0
-14.5201,142.3909,328.6,2.1,1.4,2014-11-20,0027,Terra,MODIS,70,6.2,304.6,32.1,D,0
-17.2753,143.2343,351.7,1.6,1.2,2014-11-20,0027,Terra,MODIS,95,6.2,301.2,97.9,D,0
-17.2779,143.2492,344,1.6,1.2,2014-11-20,0027,Terra,MODIS,89,6.2,304.2,64.2,D,0
-15.7926,145.0874,334.9,1.3,1.1,2014-11-20,0027,Terra,MODIS,61,6.2,306.9,34.1,D,0
-15.7383,145.0723,333.6,1.3,1.1,2014-11-20,0027,Terra,MODIS,60,6.2,310.3,30.6,D,0
-14.677,142.3094,333.4,2.1,1.4,2014-11-20,0027,Terra,MODIS,77,6.2,305.4,46,D,0
-14.6738,142.2969,331.6,2.1,1.4,2014-11-20,0027,Terra,MODIS,71,6.2,305.1,39,D,0
-14.6227,142.5216,326.5,2,1.4,2014-11-20,0027,Terra,MODIS,34,6.2,305.4,19.2,D,0
-15.1793,145.2291,327.5,1.3,1.1,2014-11-20,0027,Terra,MODIS,0,6.2,301.6,16.5,D,0
-15.1774,145.2173,334.5,1.3,1.1,2014-11-20,0027,Terra,MODIS,76,6.2,303.3,29.7,D,0
-14.9212,143.2837,356.2,1.8,1.3,2014-11-20,0027,Terra,MODIS,97,6.2,307.2,133.5,D,0
-14.9273,143.2489,335.2,1.8,1.3,2014-11-20,0027,Terra,MODIS,75,6.2,301.9,44.1,D,0
-14.9239,143.2998,351.2,1.8,1.3,2014-11-20,0027,Terra,MODIS,94,6.2,307.5,107.2,D,0
-14.9355,143.2977,348.5,1.8,1.3,2014-11-20,0027,Terra,MODIS,93,6.2,305.4,91.6,D,0
-14.939,143.2468,358.7,1.8,1.3,2014-11-20,0027,Terra,MODIS,99,6.2,302,155.8,D,0
-14.5957,142.1493,349.1,2.2,1.4,2014-11-20,0027,Terra,MODIS,93,6.2,302.1,145.2,D,0
-14.9301,143.2653,361.9,1.8,1.3,2014-11-20,0027,Terra,MODIS,100,6.2,306.4,169.3,D,0
-14.9328,143.2816,342.7,1.8,1.3,2014-11-20,0027,Terra,MODIS,88,6.2,307.6,66,D,0
-16.1208,144.332,333.9,1.4,1.2,2014-11-20,0027,Terra,MODIS,53,6.2,310.2,21.1,D,0
-16.1355,144.3228,335.9,1.4,1.2,2014-11-20,0027,Terra,MODIS,80,6.2,309.1,29.5,D,0
-16.1059,144.3073,333.6,1.4,1.2,2014-11-20,0027,Terra,MODIS,64,6.2,310.7,22.1,D,0
-17.2987,142.9719,336.8,1.7,1.3,2014-11-20,0027,Terra,MODIS,83,6.2,303.8,40.5,D,0
-14.9444,143.2794,362.4,1.8,1.3,2014-11-20,0027,Terra,MODIS,100,6.2,306,171.3,D,0
-14.937,143.2579,377.8,1.8,1.3,2014-11-20,0027,Terra,MODIS,100,6.2,308.8,294.8,D,0
-14.9254,143.2601,338.5,1.8,1.3,2014-11-20,0027,Terra,MODIS,84,6.2,302.1,55.8,D,0
-14.9399,143.2742,357.6,1.8,1.3,2014-11-20,0027,Terra,MODIS,98,6.2,308.4,141.4,D,0
-17.1906,142.9494,331.1,1.7,1.3,2014-11-20,0027,Terra,MODIS,43,6.2,304.9,23.3,D,0
-14.9471,143.2955,335.8,1.8,1.3,2014-11-20,0027,Terra,MODIS,81,6.2,305.2,38.5,D,0
-14.9342,143.2417,336,1.8,1.3,2014-11-20,0027,Terra,MODIS,75,6.2,300.8,50.5,D,0
-14.9283,143.2764,352.5,1.8,1.3,2014-11-20,0027,Terra,MODIS,95,6.2,307.2,113.7,D,0
-14.9311,143.2925,350.8,1.8,1.3,2014-11-20,0027,Terra,MODIS,94,6.2,308.2,100.7,D,0
-17.296,142.9562,344.8,1.7,1.3,2014-11-20,0027,Terra,MODIS,90,6.2,304.2,66.6,D,0
-14.9515,143.272,340.5,1.8,1.3,2014-11-20,0027,Terra,MODIS,86,6.2,304.9,59,D,0
-14.9487,143.2558,337.7,1.8,1.3,2014-11-20,0027,Terra,MODIS,83,6.2,301.6,52.7,D,0
-14.9427,143.2904,356.7,1.8,1.3,2014-11-20,0027,Terra,MODIS,98,6.2,305.3,133,D,0
-15.352,144.8371,327.2,1.4,1.2,2014-11-20,0027,Terra,MODIS,44,6.2,305.8,17.9,D,0
-15.3397,144.8264,328.3,1.4,1.2,2014-11-20,0027,Terra,MODIS,57,6.2,304.7,20.8,D,0
-14.5041,142.374,323.6,2.1,1.4,2014-11-20,0027,Terra,MODIS,39,6.2,303.3,18.7,D,0
-17.7566,145.2488,324.3,1.2,1.1,2014-11-20,0027,Terra,MODIS,74,6.2,293.7,15.3,D,0
-17.7519,145.2333,319.5,1.2,1.1,2014-11-20,0027,Terra,MODIS,35,6.2,292.5,6.8,D,0
-17.7536,145.2444,332.4,1.2,1.1,2014-11-20,0027,Terra,MODIS,82,6.2,294.2,26.1,D,0
-17.7548,145.2377,331.9,1.2,1.1,2014-11-20,0027,Terra,MODIS,82,6.2,293.5,26.8,D,0
-17.3059,145.3137,346.9,1.2,1.1,2014-11-20,0027,Terra,MODIS,91,6.2,307.6,52.1,D,0
-14.7491,144.7311,332.3,1.4,1.2,2014-11-20,0027,Terra,MODIS,39,6.2,305.4,27.6,D,0
-14.8354,144.6296,351.4,1.4,1.2,2014-11-20,0027,Terra,MODIS,95,6.2,303.1,82.7,D,0
-17.3077,145.3249,327,1.2,1.1,2014-11-20,0027,Terra,MODIS,48,6.2,307.1,11.7,D,0
-17.3046,145.32,343.1,1.2,1.1,2014-11-20,0027,Terra,MODIS,88,6.2,307.5,43.5,D,0
-17.3028,145.3086,340.4,1.2,1.1,2014-11-20,0027,Terra,MODIS,85,6.2,307,36.9,D,0
-14.7595,144.7289,328.7,1.4,1.2,2014-11-20,0027,Terra,MODIS,31,6.2,303.7,22.7,D,0
-18.5411,145.8661,322.3,1.1,1,2014-11-20,0028,Terra,MODIS,35,6.2,296.4,12.4,D,0
-18.4957,145.8587,349.4,1.1,1,2014-11-20,0028,Terra,MODIS,95,6.2,297.4,56.4,D,0
-18.5504,145.8646,346.5,1.1,1,2014-11-20,0028,Terra,MODIS,87,6.2,299.1,53.1,D,0
-18.5642,145.7686,341.4,1.1,1,2014-11-20,0028,Terra,MODIS,89,6.2,295.5,46.3,D,0
-18.348,139.6576,329.2,2.8,1.6,2014-11-20,0028,Terra,MODIS,69,6.2,301.7,37.3,D,0
-17.5212,142.7308,331.1,1.7,1.3,2014-11-20,0028,Terra,MODIS,77,6.2,299.5,30,D,0
-18.3458,139.6642,328.7,2.8,1.6,2014-11-20,0028,Terra,MODIS,69,6.2,301.6,32.8,D,0
-18.1132,141.1984,328.5,2.2,1.4,2014-11-20,0028,Terra,MODIS,70,6.2,299.6,37.2,D,0
-18.1752,141.2489,357.9,2.1,1.4,2014-11-20,0028,Terra,MODIS,98,6.2,300.6,194.4,D,0
-18.1739,141.2422,356.2,2.1,1.4,2014-11-20,0028,Terra,MODIS,97,6.2,300.4,181.3,D,0
-18.1866,141.2396,334.8,2.1,1.4,2014-11-20,0028,Terra,MODIS,63,6.2,292.5,63.8,D,0
-18.425,139.58,330.6,2.8,1.6,2014-11-20,0028,Terra,MODIS,60,6.2,301.8,47.8,D,0
-18.4237,139.5872,333.6,2.8,1.6,2014-11-20,0028,Terra,MODIS,70,6.2,301.4,67.1,D,0
-17.4391,142.5847,326.6,1.8,1.3,2014-11-20,0028,Terra,MODIS,37,6.2,297.7,19.7,D,0
-17.5254,142.7369,332,1.7,1.3,2014-11-20,0028,Terra,MODIS,58,6.2,299.7,30.6,D,0
-19.0826,146.3809,334.8,1,1,2014-11-20,0028,Terra,MODIS,82,6.2,301.2,27.7,D,0
-19.0811,146.3711,338,1,1,2014-11-20,0028,Terra,MODIS,85,6.2,299.5,33.2,D,0
-23.0623,146.2557,332.7,1,1,2014-11-20,0029,Terra,MODIS,68,6.2,310.2,14.6,D,0
-22.9252,146.8199,353.4,1,1,2014-11-20,0029,Terra,MODIS,95,6.2,311.7,50.2,D,0
-22.9177,146.8311,336.8,1,1,2014-11-20,0029,Terra,MODIS,77,6.2,311.5,18.1,D,0
-22.9073,146.8229,331.3,1,1,2014-11-20,0029,Terra,MODIS,66,6.2,311.5,9.8,D,0
-23.0727,146.2639,332.5,1,1,2014-11-20,0029,Terra,MODIS,67,6.2,308.1,13.4,D,0
-22.8001,147.8008,333.6,1,1,2014-11-20,0029,Terra,MODIS,76,6.2,310.6,13.9,D,0
-22.9162,146.8214,333.7,1,1,2014-11-20,0029,Terra,MODIS,71,6.2,312.8,13.1,D,0
-22.1989,146.0291,335.4,1,1,2014-11-20,0029,Terra,MODIS,73,6.2,311.3,15.3,D,0
-24.9186,148.2412,325.4,1.1,1,2014-11-20,0029,Terra,MODIS,70,6.2,300.5,15.1,D,0
-24.9248,148.2456,323.7,1.1,1,2014-11-20,0029,Terra,MODIS,64,6.2,300.2,13.1,D,0
-24.1696,147.0916,332.6,1,1,2014-11-20,0029,Terra,MODIS,75,6.2,311.4,13.6,D,0
-26.6202,147.3344,332.6,1,1,2014-11-20,0030,Terra,MODIS,61,6.2,315.4,7.8,D,0
-26.6217,147.3449,338.8,1,1,2014-11-20,0030,Terra,MODIS,78,6.2,316,17.4,D,0
-26.498,147.318,335.7,1,1,2014-11-20,0030,Terra,MODIS,71,6.2,316.1,13.7,D,0
-26.4994,147.3285,339.3,1,1,2014-11-20,0030,Terra,MODIS,79,6.2,315.1,19.9,D,0
-26.4887,147.3195,332.6,1,1,2014-11-20,0030,Terra,MODIS,44,6.2,314.7,9.2,D,0
-26.4902,147.33,342.6,1,1,2014-11-20,0030,Terra,MODIS,84,6.2,315,25.7,D,0
-26.1774,148.5723,336.5,1.2,1.1,2014-11-20,0030,Terra,MODIS,79,6.2,313.3,19.6,D,0
-27.2348,150.8627,324.8,1.6,1.2,2014-11-20,0030,Terra,MODIS,49,6.2,305.9,20.8,D,0
-26.6754,147.1375,333.9,1,1,2014-11-20,0030,Terra,MODIS,66,6.2,315.1,10.7,D,0
-28.2026,150.6669,334.5,1.6,1.2,2014-11-20,0030,Terra,MODIS,79,6.2,309,28.6,D,0
-28.1913,150.6684,335.7,1.6,1.2,2014-11-20,0030,Terra,MODIS,81,6.2,310.3,32.5,D,0
-31.0394,152.6587,318.3,2.4,1.5,2014-11-20,0031,Terra,MODIS,25,6.2,298.1,33.1,D,0
-12.2391,134.6442,317,4.3,1.9,2014-11-20,0204,Terra,MODIS,49,6.2,294.5,74.4,D,0
-12.2366,134.651,316,4.3,1.9,2014-11-20,0204,Terra,MODIS,31,6.2,294,64.5,D,0
-11.7824,132.6975,323.5,3,1.6,2014-11-20,0204,Terra,MODIS,45,6.2,297.9,64.1,D,0
-11.7828,132.6921,324,3,1.6,2014-11-20,0204,Terra,MODIS,47,6.2,298.2,65.8,D,0
-15.7015,133.3609,328.5,3.8,1.8,2014-11-20,0205,Terra,MODIS,49,6.2,304.1,63.5,D,0
-14.8841,133.1594,330,3.6,1.8,2014-11-20,0205,Terra,MODIS,64,6.2,305.5,67,D,0
-14.9001,133.1579,352.4,3.6,1.8,2014-11-20,0205,Terra,MODIS,95,6.2,305.2,311.8,D,0
-14.9037,133.1909,348.8,3.6,1.8,2014-11-20,0205,Terra,MODIS,92,6.2,305.2,255.7,D,0
-14.9161,133.1563,328.1,3.6,1.8,2014-11-20,0205,Terra,MODIS,48,6.2,302.3,60.6,D,0
-14.8931,133.1531,335.3,3.6,1.8,2014-11-20,0205,Terra,MODIS,78,6.2,305.1,121.1,D,0
-14.8965,133.186,340.9,3.6,1.8,2014-11-20,0205,Terra,MODIS,85,6.2,305.3,172.1,D,0
-14.909,133.1515,338.6,3.6,1.8,2014-11-20,0205,Terra,MODIS,83,6.2,303,164,D,0
-14.9125,133.1845,340.3,3.6,1.8,2014-11-20,0205,Terra,MODIS,85,6.2,304.3,176.8,D,0
-14.8117,133.1743,327.3,3.6,1.8,2014-11-20,0205,Terra,MODIS,57,6.2,305,47.3,D,0
-14.8237,133.1996,326.6,3.6,1.8,2014-11-20,0205,Terra,MODIS,55,6.2,304.2,42.2,D,0
-15.708,133.3538,328.5,3.8,1.8,2014-11-20,0205,Terra,MODIS,47,6.2,304.7,63.3,D,0
-15.6661,129.6272,340.2,2,1.4,2014-11-20,0205,Terra,MODIS,85,6.2,307.8,67.1,D,0
-15.6568,129.6219,328.2,2,1.4,2014-11-20,0205,Terra,MODIS,57,6.2,306.1,22.5,D,0
-15.6691,129.6204,330.9,2,1.4,2014-11-20,0205,Terra,MODIS,71,6.2,307,31,D,0
-13.4881,133.6729,320.8,3.7,1.8,2014-11-20,0205,Terra,MODIS,13,6.2,299,39.1,D,0
-13.5373,133.743,327.1,3.8,1.8,2014-11-20,0205,Terra,MODIS,67,6.2,299.9,70.7,D,0
-14.0466,134.7433,336.3,4.6,2,2014-11-20,0205,Terra,MODIS,81,6.2,300.8,183.3,D,0
-14.0421,134.7004,328.7,4.5,2,2014-11-20,0205,Terra,MODIS,69,6.2,301.9,97.3,D,0
-13.9139,134.8478,337.2,4.6,2,2014-11-20,0205,Terra,MODIS,82,6.2,300.1,209.6,D,0
-13.4917,133.7077,325.7,3.8,1.8,2014-11-20,0205,Terra,MODIS,32,6.2,302.5,68.2,D,0
-14.0463,134.7362,339.9,4.6,2,2014-11-20,0205,Terra,MODIS,85,6.2,301.2,235.1,D,0
-13.9182,134.89,336.4,4.7,2,2014-11-20,0205,Terra,MODIS,81,6.2,300.3,199.1,D,0
-13.9147,134.8553,345.2,4.6,2,2014-11-20,0205,Terra,MODIS,90,6.2,300,332,D,0
-13.9192,134.8977,333.8,4.7,2,2014-11-20,0205,Terra,MODIS,78,6.2,300.2,161,D,0
-13.5482,133.7717,324.3,3.8,1.8,2014-11-20,0205,Terra,MODIS,46,6.2,301.1,51.7,D,0
-13.5444,133.7366,326.7,3.8,1.8,2014-11-20,0205,Terra,MODIS,61,6.2,302.5,74.2,D,0
-15.7556,131.0107,334.3,2.5,1.5,2014-11-20,0205,Terra,MODIS,77,6.2,306.5,68.3,D,0
-15.7926,131.0252,331.3,2.5,1.5,2014-11-20,0205,Terra,MODIS,72,6.2,302.4,56.9,D,0
-15.7899,131.0015,332,2.5,1.5,2014-11-20,0205,Terra,MODIS,73,6.2,300.7,61.4,D,0
-15.7788,131.0264,327.7,2.5,1.5,2014-11-20,0205,Terra,MODIS,56,6.2,306.9,38.9,D,0
-15.7762,131.0029,348.7,2.5,1.5,2014-11-20,0205,Terra,MODIS,92,6.2,306.8,167.2,D,0
-15.5848,129.8102,340.3,2,1.4,2014-11-20,0205,Terra,MODIS,85,6.2,308,69.4,D,0
-13.2207,130.2653,338,2,1.4,2014-11-20,0205,Terra,MODIS,85,6.2,298.6,82.9,D,0
-15.7624,131.0043,332.2,2.5,1.5,2014-11-20,0205,Terra,MODIS,74,6.2,306.6,59.5,D,0
-15.2918,125.3124,321.1,1.1,1,2014-11-20,0206,Terra,MODIS,28,6.2,303,7.2,D,0
-15.2932,125.3223,328.7,1.1,1,2014-11-20,0206,Terra,MODIS,72,6.2,302.8,16.7,D,0
-16.7203,123.788,342.3,1,1,2014-11-20,0206,Terra,MODIS,87,6.2,309.3,26.6,D,0
-16.7217,123.7973,371.8,1,1,2014-11-20,0206,Terra,MODIS,100,6.2,311.4,101.2,D,0
-16.534,130.3618,332.4,2.3,1.5,2014-11-20,0206,Terra,MODIS,63,6.2,306,41.1,D,0
-15.2946,125.332,322.8,1.1,1,2014-11-20,0206,Terra,MODIS,44,6.2,302.2,8.4,D,0
-15.2873,125.3295,326.7,1.1,1,2014-11-20,0206,Terra,MODIS,48,6.2,303.6,10.9,D,0
-16.7168,123.8268,362.5,1,1,2014-11-20,0206,Terra,MODIS,100,6.2,312,69.8,D,0
-18.6732,123.4244,334.6,1,1,2014-11-20,0206,Terra,MODIS,48,6.2,309.2,17.8,D,0
-18.6794,123.4041,331.8,1,1,2014-11-20,0206,Terra,MODIS,63,6.2,306.9,9.8,D,0
-16.7119,123.8562,373.9,1,1,2014-11-20,0206,Terra,MODIS,100,6.2,313,110.5,D,0
-16.1991,123.623,341.2,1,1,2014-11-20,0206,Terra,MODIS,68,6.2,306.7,27.5,D,0
-16.1852,123.6537,351.7,1,1,2014-11-20,0206,Terra,MODIS,91,6.2,307.5,47.1,D,0
-16.7181,123.8361,336.8,1,1,2014-11-20,0206,Terra,MODIS,24,6.2,311.4,14.3,D,0
-16.2288,123.6374,346.4,1,1,2014-11-20,0206,Terra,MODIS,88,6.2,307.5,32.6,D,0
-16.7195,123.8455,339.5,1,1,2014-11-20,0206,Terra,MODIS,65,6.2,312.5,18.6,D,0
-18.6718,123.4149,346.3,1,1,2014-11-20,0206,Terra,MODIS,89,6.2,310.1,36.2,D,0
-16.7132,123.8656,334.4,1,1,2014-11-20,0206,Terra,MODIS,78,6.2,310.3,14.6,D,0
-16.188,123.6722,332.7,1,1,2014-11-20,0206,Terra,MODIS,74,6.2,307.1,13.4,D,0
-16.1776,123.6643,336.9,1,1,2014-11-20,0206,Terra,MODIS,76,6.2,306.1,21.1,D,0
-16.1866,123.6629,375.8,1,1,2014-11-20,0206,Terra,MODIS,100,6.2,310.3,117.9,D,0
-16.2198,123.6388,334.2,1,1,2014-11-20,0206,Terra,MODIS,69,6.2,308.2,12.9,D,0
-19.1201,122.5255,345.7,1,1,2014-11-20,0207,Terra,MODIS,77,6.2,306,38,D,0
-19.1277,122.5146,343.8,1,1,2014-11-20,0207,Terra,MODIS,77,6.2,308.3,32.3,D,0
-19.1263,122.5051,344.2,1,1,2014-11-20,0207,Terra,MODIS,42,6.2,311.9,32.4,D,0
-18.9941,123.165,332.7,1,1,2014-11-20,0207,Terra,MODIS,65,6.2,297.6,13.5,D,0
-19.0017,123.1541,351.4,1,1,2014-11-20,0207,Terra,MODIS,94,6.2,305.6,46.2,D,0
-19.0031,123.1636,348.2,1,1,2014-11-20,0207,Terra,MODIS,91,6.2,304.3,39.8,D,0
-19.0093,123.1432,334.2,1,1,2014-11-20,0207,Terra,MODIS,55,6.2,303.7,14.9,D,0
-19.0107,123.1527,354,1,1,2014-11-20,0207,Terra,MODIS,96,6.2,308.6,51.4,D,0
-19.1187,122.516,358.2,1,1,2014-11-20,0207,Terra,MODIS,93,6.2,311.6,64.1,D,0
-20.4505,122.8066,334.8,1,1,2014-11-20,0207,Terra,MODIS,73,6.2,313.5,13.9,D,0
-20.8438,120.0857,341.1,1.1,1.1,2014-11-20,0207,Terra,MODIS,69,6.2,316.4,22.6,D,0
-20.8456,120.0966,345.2,1.1,1.1,2014-11-20,0207,Terra,MODIS,87,6.2,318.1,31,D,0
-20.4398,122.7952,361.8,1,1,2014-11-20,0207,Terra,MODIS,100,6.2,313.5,69.8,D,0
-20.4308,122.7966,379.3,1,1,2014-11-20,0207,Terra,MODIS,100,6.2,315,130.2,D,0
-20.4412,122.8047,347.8,1,1,2014-11-20,0207,Terra,MODIS,90,6.2,313.4,35.8,D,0
-21.1675,119.5457,341.4,1.2,1.1,2014-11-20,0207,Terra,MODIS,77,6.2,319.4,26.9,D,0
-21.1773,119.5439,336.3,1.2,1.1,2014-11-20,0207,Terra,MODIS,49,6.2,318.5,14.5,D,0
-21.1694,119.5572,337.3,1.2,1.1,2014-11-20,0207,Terra,MODIS,61,6.2,319.6,17.3,D,0
-23.3044,120.0199,342.1,1.1,1,2014-11-20,0208,Terra,MODIS,83,6.2,317,29.7,D,0
-23.295,120.0215,349.7,1.1,1,2014-11-20,0208,Terra,MODIS,92,6.2,314,44.7,D,0
-23.3061,120.0304,336.3,1.1,1,2014-11-20,0208,Terra,MODIS,74,6.2,317.7,18.1,D,0
-23.2967,120.032,341.9,1.1,1,2014-11-20,0208,Terra,MODIS,83,6.2,315.4,27.4,D,0
-30.1997,152.1645,318.1,2.7,1.6,2014-11-20,0311,Aqua,MODIS,35,6.2,288.5,46.8,D,0
-30.1973,152.1601,321.5,2.7,1.6,2014-11-20,0311,Aqua,MODIS,45,6.2,289.8,58,D,0
-26.5597,147.2218,333,4.6,2,2014-11-20,0450,Aqua,MODIS,73,6.2,308.6,133.9,D,0
-26.5622,147.2183,333.3,4.6,2,2014-11-20,0450,Aqua,MODIS,67,6.2,308.1,143.3,D,0
-26.5707,147.1761,333.4,4.6,2,2014-11-20,0450,Aqua,MODIS,74,6.2,308.4,140.7,D,0
-26.7162,147.0287,333.3,4.5,1.9,2014-11-20,0450,Aqua,MODIS,56,6.2,298,163.9,D,0
-29.5408,124.8228,330,4,1.9,2014-11-20,0450,Aqua,MODIS,74,6.2,307.2,101.5,D,0
-29.5434,124.7812,326,4.1,1.9,2014-11-20,0450,Aqua,MODIS,61,6.2,309.3,70.9,D,0
-29.5378,124.8188,332.5,4,1.9,2014-11-20,0450,Aqua,MODIS,78,6.2,307.4,127.5,D,0
-21.6694,125.5196,322.1,2.9,1.6,2014-11-20,0452,Aqua,MODIS,0,6.2,286.7,54.7,D,0
-19.096,141.9538,338.6,2.9,1.6,2014-11-20,0452,Aqua,MODIS,79,6.2,307.2,99.8,D,0
-19.0968,141.9619,336.7,2.9,1.6,2014-11-20,0452,Aqua,MODIS,75,6.2,305.8,87.3,D,0
-19.0761,141.9783,336,3,1.6,2014-11-20,0452,Aqua,MODIS,74,6.2,307,75.8,D,0
-19.0814,141.9507,330.5,2.9,1.6,2014-11-20,0452,Aqua,MODIS,34,6.2,308.2,39.9,D,0
-16.5221,133.8636,336.6,1,1,2014-11-20,0453,Aqua,MODIS,73,6.2,315.8,13,D,0
-16.513,133.8622,335.4,1,1,2014-11-20,0453,Aqua,MODIS,70,6.2,314.2,10.9,D,0
-16.5144,133.8526,346.2,1,1,2014-11-20,0453,Aqua,MODIS,88,6.2,318.2,29.8,D,0
-16.5158,133.8431,344.6,1,1,2014-11-20,0453,Aqua,MODIS,86,6.2,320.4,26.4,D,0
-16.5172,133.8336,354.5,1,1,2014-11-20,0453,Aqua,MODIS,96,6.2,319.3,48.2,D,0
-16.5186,133.824,338,1,1,2014-11-20,0453,Aqua,MODIS,30,6.2,313.8,14.7,D,0
-16.511,133.813,342.6,1,1,2014-11-20,0453,Aqua,MODIS,75,6.2,317.6,25.5,D,0
-16.5019,133.8116,362.9,1,1,2014-11-20,0453,Aqua,MODIS,100,6.2,318.9,70.4,D,0
-16.5033,133.802,363,1,1,2014-11-20,0453,Aqua,MODIS,100,6.2,321.1,68.7,D,0
-16.5047,133.7925,344.4,1,1,2014-11-20,0453,Aqua,MODIS,66,6.2,320.9,22.1,D,0
-17.3236,142.5286,333.6,3.5,1.8,2014-11-20,0453,Aqua,MODIS,64,6.2,300.2,100,D,0
-17.2689,142.5385,329.4,3.6,1.8,2014-11-20,0453,Aqua,MODIS,34,6.2,299.7,74.2,D,0
-17.2626,142.5715,333.8,3.6,1.8,2014-11-20,0453,Aqua,MODIS,73,6.2,301.5,103.7,D,0
-17.2605,142.5415,334.3,3.6,1.8,2014-11-20,0453,Aqua,MODIS,72,6.2,300.2,117.2,D,0
-17.2539,142.5745,345.2,3.6,1.8,2014-11-20,0453,Aqua,MODIS,89,6.2,300.6,224.9,D,0
-17.2468,142.5681,336.8,3.6,1.8,2014-11-20,0453,Aqua,MODIS,80,6.2,299.9,136.6,D,0
-17.5254,142.6881,339.9,3.6,1.8,2014-11-20,0453,Aqua,MODIS,84,6.2,297.4,162.7,D,0
-16.8352,143.0007,328.4,3.9,1.8,2014-11-20,0453,Aqua,MODIS,47,6.2,302.1,62.5,D,0
-16.8947,137.6261,339.8,1.6,1.2,2014-11-20,0453,Aqua,MODIS,79,6.2,307.9,41,D,0
-16.8972,137.6115,359.1,1.6,1.2,2014-11-20,0453,Aqua,MODIS,99,6.2,308.8,118.3,D,0
-16.8996,137.597,337,1.6,1.2,2014-11-20,0453,Aqua,MODIS,36,6.2,310.2,28.5,D,0
-16.8837,137.6242,342.1,1.6,1.2,2014-11-20,0453,Aqua,MODIS,83,6.2,310.1,46.3,D,0
-16.8861,137.6096,349.2,1.6,1.2,2014-11-20,0453,Aqua,MODIS,91,6.2,312,70.8,D,0
-16.8726,137.6222,337,1.6,1.2,2014-11-20,0453,Aqua,MODIS,65,6.2,310.5,26.5,D,0
-16.8264,137.4887,339.6,1.5,1.2,2014-11-20,0453,Aqua,MODIS,79,6.2,311.8,31.3,D,0
-16.8876,134.3096,344.2,1,1,2014-11-20,0453,Aqua,MODIS,86,6.2,317.9,25.4,D,0
-16.8891,134.2998,347.1,1,1,2014-11-20,0453,Aqua,MODIS,89,6.2,318.2,31.1,D,0
-16.8906,134.29,359.9,1,1,2014-11-20,0453,Aqua,MODIS,99,6.2,318.2,65.1,D,0
-16.8785,134.308,346,1,1,2014-11-20,0453,Aqua,MODIS,87,6.2,318.2,27.3,D,0
-16.8799,134.2983,341,1,1,2014-11-20,0453,Aqua,MODIS,41,6.2,319,17.5,D,0
-16.8188,142.9972,326.3,3.9,1.8,2014-11-20,0453,Aqua,MODIS,32,6.2,301.1,50.9,D,0
-16.8313,142.9956,326.9,3.9,1.8,2014-11-20,0453,Aqua,MODIS,22,6.2,301.8,50.7,D,0
-16.547,133.8734,338.9,1,1,2014-11-20,0453,Aqua,MODIS,65,6.2,318.4,15.7,D,0
-16.5365,133.8815,338,1,1,2014-11-20,0453,Aqua,MODIS,62,6.2,315.5,15.1,D,0
-16.5379,133.8719,344.6,1,1,2014-11-20,0453,Aqua,MODIS,86,6.2,318,25.9,D,0
-17.1176,131.8822,337.9,1,1,2014-11-20,0453,Aqua,MODIS,55,6.2,318.3,11.4,D,0
-16.7559,134.1461,364.6,1,1,2014-11-20,0453,Aqua,MODIS,100,6.2,313.9,76.5,D,0
-16.7574,134.1365,373.4,1,1,2014-11-20,0453,Aqua,MODIS,94,6.2,322.2,107.7,D,0
-16.7602,134.1171,345.7,1,1,2014-11-20,0453,Aqua,MODIS,54,6.2,319.6,25,D,0
-16.7343,134.103,348.6,1,1,2014-11-20,0453,Aqua,MODIS,57,6.2,320.6,30,D,0
-16.7357,134.0933,353,1,1,2014-11-20,0453,Aqua,MODIS,94,6.2,321.9,36.7,D,0
-16.7266,134.0918,347.5,1,1,2014-11-20,0453,Aqua,MODIS,75,6.2,317.8,25.6,D,0
-16.7098,134.0792,345.6,1,1,2014-11-20,0453,Aqua,MODIS,76,6.2,319,25.1,D,0
-16.7112,134.0696,342.6,1,1,2014-11-20,0453,Aqua,MODIS,56,6.2,318.2,18,D,0
-17.1811,142.9096,328.8,3.8,1.8,2014-11-20,0453,Aqua,MODIS,64,6.2,301.8,55.7,D,0
-16.8167,142.9217,326.7,3.9,1.8,2014-11-20,0453,Aqua,MODIS,23,6.2,301,52.2,D,0
-18.1824,141.1976,331.4,2.7,1.6,2014-11-20,0453,Aqua,MODIS,61,6.2,302.6,56.7,D,0
-18.1403,141.1889,335.6,2.7,1.6,2014-11-20,0453,Aqua,MODIS,73,6.2,298.4,83.2,D,0
-18.136,141.1807,349.7,2.7,1.6,2014-11-20,0453,Aqua,MODIS,92,6.2,300.1,189.3,D,0
-18.122,141.1778,330.5,2.7,1.6,2014-11-20,0453,Aqua,MODIS,54,6.2,300,50.4,D,0
-16.451,135.4957,341.5,1.2,1.1,2014-11-20,0453,Aqua,MODIS,69,6.2,310.3,26.6,D,0
-16.4396,135.505,347.5,1.2,1.1,2014-11-20,0453,Aqua,MODIS,72,6.2,312,43.3,D,0
-16.4413,135.4941,344.2,1.2,1.1,2014-11-20,0453,Aqua,MODIS,58,6.2,314.8,34,D,0
-16.3717,135.4934,353.6,1.2,1.1,2014-11-20,0453,Aqua,MODIS,89,6.2,314,63,D,0
-16.3679,135.4975,341.6,1.2,1.1,2014-11-20,0453,Aqua,MODIS,61,6.2,314.7,28.4,D,0
-17.2252,143.2717,326.4,4,1.9,2014-11-20,0453,Aqua,MODIS,30,6.2,298.2,62.9,D,0
-17.5095,142.6847,333.3,3.6,1.8,2014-11-20,0453,Aqua,MODIS,74,6.2,297.6,91.8,D,0
-17.5323,142.6819,334.1,3.6,1.8,2014-11-20,0453,Aqua,MODIS,75,6.2,298.5,100.1,D,0
-17.5165,142.6785,341.6,3.6,1.8,2014-11-20,0453,Aqua,MODIS,86,6.2,297.2,172,D,0
-15.595,142.0395,324.6,3.5,1.8,2014-11-20,0453,Aqua,MODIS,40,6.2,297.8,57.9,D,0
-17.5319,142.6548,330.7,3.6,1.8,2014-11-20,0453,Aqua,MODIS,62,6.2,297.5,77.1,D,0
-17.1373,143.2446,326.2,4,1.9,2014-11-20,0453,Aqua,MODIS,38,6.2,299.3,49.7,D,0
-16.7728,134.2151,348.1,1,1,2014-11-20,0453,Aqua,MODIS,56,6.2,315.5,38.2,D,0
-16.4845,133.7406,388.6,1,1,2014-11-20,0453,Aqua,MODIS,100,6.2,321.4,167.3,D,0
-16.4859,133.7311,339.4,1,1,2014-11-20,0453,Aqua,MODIS,52,6.2,316.1,15.2,D,0
-16.3859,133.7181,357.2,1,1,2014-11-20,0453,Aqua,MODIS,91,6.2,317.4,56,D,0
-16.4243,133.6467,348.4,1,1,2014-11-20,0453,Aqua,MODIS,90,6.2,317.8,33.2,D,0
-16.4256,133.6373,344.2,1,1,2014-11-20,0453,Aqua,MODIS,86,6.2,316.7,25.2,D,0
-17.1539,143.2482,327.4,4,1.9,2014-11-20,0453,Aqua,MODIS,56,6.2,300.6,62.1,D,0
-16.8693,134.3065,348.5,1,1,2014-11-20,0453,Aqua,MODIS,82,6.2,317.7,31,D,0
-16.8587,134.3148,347.8,1,1,2014-11-20,0453,Aqua,MODIS,82,6.2,317.3,31.5,D,0
-16.8601,134.305,357.9,1,1,2014-11-20,0453,Aqua,MODIS,98,6.2,320,53.2,D,0
-16.851,134.3035,346,1,1,2014-11-20,0453,Aqua,MODIS,55,6.2,316,24.9,D,0
-17.1699,142.9121,331.5,3.8,1.8,2014-11-20,0453,Aqua,MODIS,71,6.2,301.5,78,D,0
-18.2776,124.3575,333,3.2,1.7,2014-11-20,0453,Aqua,MODIS,77,6.2,301.1,89,D,0
-18.2816,124.3535,332.4,3.2,1.7,2014-11-20,0453,Aqua,MODIS,73,6.2,300.9,79.4,D,0
-16.7064,134.0392,344.1,1,1,2014-11-20,0453,Aqua,MODIS,86,6.2,319.3,23.9,D,0
-16.6973,134.0377,337.6,1,1,2014-11-20,0453,Aqua,MODIS,76,6.2,315.8,13,D,0
-16.6988,134.0281,338.9,1,1,2014-11-20,0453,Aqua,MODIS,78,6.2,317.6,14,D,0
-16.7002,134.0185,341.2,1,1,2014-11-20,0453,Aqua,MODIS,82,6.2,319,17.8,D,0
-16.6462,133.9548,341.9,1,1,2014-11-20,0453,Aqua,MODIS,57,6.2,318.8,16,D,0
-16.6386,133.9438,346.7,1,1,2014-11-20,0453,Aqua,MODIS,76,6.2,320.1,24.7,D,0
-16.6309,133.9327,341.9,1,1,2014-11-20,0453,Aqua,MODIS,54,6.2,318.7,17.5,D,0
-16.2994,135.68,345.8,1.2,1.1,2014-11-20,0453,Aqua,MODIS,82,6.2,314.9,36.6,D,0
-19.1306,122.513,348,4.5,2,2014-11-20,0453,Aqua,MODIS,91,6.2,300.7,369.2,D,0
-19.1129,122.5113,339.5,4.5,2,2014-11-20,0453,Aqua,MODIS,83,6.2,298.5,231.8,D,0
-19.1091,122.5548,347.3,4.5,2,2014-11-20,0453,Aqua,MODIS,91,6.2,300.4,347.7,D,0
-19.1087,122.5587,344.2,4.5,2,2014-11-20,0453,Aqua,MODIS,88,6.2,300.3,292.5,D,0
-18.672,123.4072,330.1,3.8,1.8,2014-11-20,0453,Aqua,MODIS,54,6.2,300,102.2,D,0
-18.6773,123.4125,330.6,3.8,1.8,2014-11-20,0453,Aqua,MODIS,45,6.2,299.7,103.8,D,0
-19.1267,122.5566,341.6,4.5,2,2014-11-20,0453,Aqua,MODIS,86,6.2,300,252.1,D,0
-19.0235,123.1246,327.2,4.1,1.9,2014-11-20,0453,Aqua,MODIS,52,6.2,301.4,59.8,D,0
-19.1122,122.5152,343.7,4.5,2,2014-11-20,0453,Aqua,MODIS,88,6.2,298.4,295.1,D,0
-16.7188,123.8627,330.7,3.4,1.7,2014-11-20,0454,Aqua,MODIS,74,6.2,301.4,83,D,0
-16.7032,123.8611,341.9,3.4,1.7,2014-11-20,0454,Aqua,MODIS,89,6.2,300.6,187.2,D,0
-16.7087,123.8571,339.7,3.4,1.7,2014-11-20,0454,Aqua,MODIS,88,6.2,301.4,163.4,D,0
-14.8091,135.1974,337.9,1.2,1.1,2014-11-20,0454,Aqua,MODIS,58,6.2,312.8,18.8,D,0
-14.596,142.1059,351,3.8,1.8,2014-11-20,0454,Aqua,MODIS,96,6.2,296.2,354.3,D,0
-12.6572,135.0137,329.9,1.2,1.1,2014-11-20,0454,Aqua,MODIS,31,6.2,305.1,14.9,D,0
-14.5721,142.178,348.9,3.8,1.8,2014-11-20,0454,Aqua,MODIS,89,6.2,296.4,325.9,D,0
-14.5833,142.175,348.4,3.8,1.8,2014-11-20,0454,Aqua,MODIS,94,6.2,301.3,311.6,D,0
-14.5769,142.2099,332.9,3.8,1.8,2014-11-20,0454,Aqua,MODIS,82,6.2,298.5,129.1,D,0
-14.8171,135.2101,341.3,1.2,1.1,2014-11-20,0454,Aqua,MODIS,82,6.2,312.6,27.9,D,0
-15.6959,133.404,339.5,1,1,2014-11-20,0454,Aqua,MODIS,79,6.2,320.6,13.3,D,0
-15.6972,133.3946,341,1,1,2014-11-20,0454,Aqua,MODIS,81,6.2,319.7,15.3,D,0
-15.7,133.3758,343.7,1,1,2014-11-20,0454,Aqua,MODIS,85,6.2,317.5,20.1,D,0
-14.5503,142.4697,335.2,4,1.9,2014-11-20,0454,Aqua,MODIS,87,6.2,297.6,172.3,D,0
-14.5147,142.3869,325,3.9,1.8,2014-11-20,0454,Aqua,MODIS,65,6.2,300.1,76.9,D,0
-15.4356,135.9034,338.7,1.3,1.1,2014-11-20,0454,Aqua,MODIS,73,6.2,313.9,22.3,D,0
-14.8108,135.1864,345.7,1.2,1.1,2014-11-20,0454,Aqua,MODIS,87,6.2,313.7,35.4,D,0
-14.8125,135.1755,369.5,1.2,1.1,2014-11-20,0454,Aqua,MODIS,100,6.2,313.7,113.4,D,0
-14.5788,142.1434,348.9,3.8,1.8,2014-11-20,0454,Aqua,MODIS,89,6.2,302.5,329,D,0
-14.5854,142.109,356.1,3.8,1.8,2014-11-20,0454,Aqua,MODIS,92,6.2,300.1,445.2,D,0
-16.4578,132.785,340.7,1,1,2014-11-20,0454,Aqua,MODIS,40,6.2,318.5,16,D,0
-16.3912,132.7966,339.4,1,1,2014-11-20,0454,Aqua,MODIS,52,6.2,319.2,12.9,D,0
-15.4457,135.9051,336,1.3,1.1,2014-11-20,0454,Aqua,MODIS,55,6.2,312.4,16.3,D,0
-15.6986,133.3852,339.8,1,1,2014-11-20,0454,Aqua,MODIS,57,6.2,318.3,12.4,D,0
-15.5985,136.1039,334.9,1.3,1.1,2014-11-20,0454,Aqua,MODIS,51,6.2,311.9,12.8,D,0
-12.5895,134.991,330.7,1.2,1.1,2014-11-20,0454,Aqua,MODIS,46,6.2,301.1,25.5,D,0
-14.5735,142.137,337.8,3.8,1.8,2014-11-20,0454,Aqua,MODIS,83,6.2,297.6,200.9,D,0
-14.921,133.1692,381.4,1,1,2014-11-20,0454,Aqua,MODIS,100,6.2,324.6,131.6,D,0
-14.9224,133.1598,392.4,1,1,2014-11-20,0454,Aqua,MODIS,100,6.2,325,185.9,D,0
-14.9237,133.1505,355.7,1,1,2014-11-20,0454,Aqua,MODIS,96,6.2,316.3,51.6,D,0
-14.912,133.1677,345.2,1,1,2014-11-20,0454,Aqua,MODIS,39,6.2,322.5,17.8,D,0
-14.9057,133.1476,343.4,1,1,2014-11-20,0454,Aqua,MODIS,35,6.2,319.1,20.2,D,0
-14.8336,133.1965,339,1,1,2014-11-20,0454,Aqua,MODIS,35,6.2,317.7,11.2,D,0
-14.8246,133.1951,354,1,1,2014-11-20,0454,Aqua,MODIS,95,6.2,319.8,42,D,0
-14.8224,133.1469,349.7,1,1,2014-11-20,0454,Aqua,MODIS,91,6.2,319.4,33.6,D,0
-14.8106,133.1642,341.6,1,1,2014-11-20,0454,Aqua,MODIS,70,6.2,318.4,16.4,D,0
-14.812,133.1548,348.5,1,1,2014-11-20,0454,Aqua,MODIS,90,6.2,320.3,29.9,D,0
-12.5408,135.0345,339.9,1.3,1.1,2014-11-20,0454,Aqua,MODIS,83,6.2,305,36,D,0
-15.8096,130.9793,340.6,1.1,1,2014-11-20,0454,Aqua,MODIS,79,6.2,309.9,28.4,D,0
-12.5391,135.0459,336.5,1.3,1.1,2014-11-20,0454,Aqua,MODIS,70,6.2,302.8,28.3,D,0
-12.5508,135.0361,336.3,1.3,1.1,2014-11-20,0454,Aqua,MODIS,74,6.2,304.5,28.6,D,0
-14.2388,135.3751,348.7,1.2,1.1,2014-11-20,0454,Aqua,MODIS,91,6.2,314.9,47.8,D,0
-12.9821,136.268,330.4,1.5,1.2,2014-11-20,0454,Aqua,MODIS,42,6.2,306.2,16,D,0
-15.6752,129.6236,341.8,1.2,1.1,2014-11-20,0454,Aqua,MODIS,75,6.2,312.7,37.4,D,0
-15.6667,129.6107,340.3,1.2,1.1,2014-11-20,0454,Aqua,MODIS,71,6.2,309.4,35.7,D,0
-13.5019,133.6774,373.9,1.1,1,2014-11-20,0454,Aqua,MODIS,100,6.2,314,118.2,D,0
-13.4927,133.6759,367,1.1,1,2014-11-20,0454,Aqua,MODIS,94,6.2,299.1,91.6,D,0
-13.4913,133.6856,363.2,1.1,1,2014-11-20,0454,Aqua,MODIS,94,6.2,307.5,76.7,D,0
-14.2297,135.7516,347,1.3,1.1,2014-11-20,0454,Aqua,MODIS,89,6.2,311.3,48.8,D,0
-14.0404,134.7366,337.2,1.2,1.1,2014-11-20,0454,Aqua,MODIS,46,6.2,307,19.9,D,0
-14.0517,134.7275,357.1,1.2,1.1,2014-11-20,0454,Aqua,MODIS,98,6.2,312,69.3,D,0
-14.5031,131.6501,363.2,1,1,2014-11-20,0454,Aqua,MODIS,100,6.2,312.2,70.9,D,0
-14.5109,131.6608,334,1,1,2014-11-20,0454,Aqua,MODIS,62,6.2,307.5,12.1,D,0
-14.5096,131.6701,347.6,1,1,2014-11-20,0454,Aqua,MODIS,89,6.2,311.1,35.4,D,0
-14.2278,135.7636,341.7,1.3,1.1,2014-11-20,0454,Aqua,MODIS,79,6.2,311.7,34.2,D,0
-14.05,134.7382,357.7,1.2,1.1,2014-11-20,0454,Aqua,MODIS,92,6.2,308.8,70.5,D,0
-14.8147,133.1362,367.8,1,1,2014-11-20,0454,Aqua,MODIS,100,6.2,318.8,82.6,D,0
-14.8133,133.1455,371.8,1,1,2014-11-20,0454,Aqua,MODIS,100,6.2,322.1,95.1,D,0
-14.2316,135.7395,332.6,1.3,1.1,2014-11-20,0454,Aqua,MODIS,37,6.2,309.5,14,D,0
-15.3397,132.2377,339.5,1,1,2014-11-20,0454,Aqua,MODIS,79,6.2,313,17.3,D,0
-14.8237,133.1376,352.4,1,1,2014-11-20,0454,Aqua,MODIS,94,6.2,318.4,40.6,D,0
-13.8617,134.9599,348.5,1.2,1.1,2014-11-20,0454,Aqua,MODIS,90,6.2,315.1,47.4,D,0
-14.8396,133.0924,338.6,1,1,2014-11-20,0454,Aqua,MODIS,77,6.2,316.3,14.6,D,0
-14.8486,133.0938,339.6,1,1,2014-11-20,0454,Aqua,MODIS,79,6.2,317.2,16.5,D,0
-14.8806,133.1275,347.6,1,1,2014-11-20,0454,Aqua,MODIS,84,6.2,319.4,32.2,D,0
-14.8792,133.1368,340.7,1,1,2014-11-20,0454,Aqua,MODIS,52,6.2,319.4,19.9,D,0
-15.3294,132.2456,340.7,1,1,2014-11-20,0454,Aqua,MODIS,81,6.2,313.7,18.9,D,0
-15.3191,132.2535,336.4,1,1,2014-11-20,0454,Aqua,MODIS,70,6.2,314.9,12.6,D,0
-13.5338,133.7689,340.6,1.1,1,2014-11-20,0454,Aqua,MODIS,52,6.2,312,24.6,D,0
-15.3204,132.2442,342.7,1,1,2014-11-20,0454,Aqua,MODIS,84,6.2,315.2,21.9,D,0
-15.3217,132.2349,348.1,1,1,2014-11-20,0454,Aqua,MODIS,90,6.2,315.1,31.8,D,0
-15.323,132.2256,342.1,1,1,2014-11-20,0454,Aqua,MODIS,83,6.2,315.2,21.5,D,0
-12.2594,136.3988,335.5,1.5,1.2,2014-11-20,0454,Aqua,MODIS,53,6.2,311.2,29.4,D,0
-15.479,136.1391,334.2,1.3,1.1,2014-11-20,0454,Aqua,MODIS,61,6.2,311.8,14.2,D,0
-13.9829,135.5695,339.4,1.3,1.1,2014-11-20,0454,Aqua,MODIS,68,6.2,315.5,24.6,D,0
-13.5445,133.7606,343.4,1.1,1,2014-11-20,0454,Aqua,MODIS,61,6.2,313,25,D,0
-13.5005,133.6871,360.7,1.1,1,2014-11-20,0454,Aqua,MODIS,100,6.2,311.3,70.2,D,0
-14.1703,135.4157,338.8,1.3,1.1,2014-11-20,0454,Aqua,MODIS,62,6.2,312.7,24.3,D,0
-14.172,135.4109,341,1.2,1.1,2014-11-20,0454,Aqua,MODIS,70,6.2,313.7,27.2,D,0
-14.2214,135.7378,349.6,1.3,1.1,2014-11-20,0454,Aqua,MODIS,92,6.2,313.5,55.9,D,0
-13.6258,135.4968,378.3,1.3,1.1,2014-11-20,0454,Aqua,MODIS,100,6.2,309.8,180.4,D,0
-16.2756,132.7728,345.2,1,1,2014-11-20,0454,Aqua,MODIS,79,6.2,318.3,23.7,D,0
-16.2832,132.7835,343.5,1,1,2014-11-20,0454,Aqua,MODIS,62,6.2,319,19.3,D,0
-14.8112,133.0975,340.5,1,1,2014-11-20,0454,Aqua,MODIS,78,6.2,318.8,17.3,D,0
-16.3257,132.8053,340.1,1,1,2014-11-20,0454,Aqua,MODIS,61,6.2,317.4,13.9,D,0
-14.8202,133.0989,340.1,1,1,2014-11-20,0454,Aqua,MODIS,76,6.2,317,16.7,D,0
-13.7368,135.5694,336.3,1.3,1.1,2014-11-20,0454,Aqua,MODIS,25,6.2,314.7,14.4,D,0
-13.908,134.8737,347.9,1.2,1.1,2014-11-20,0454,Aqua,MODIS,70,6.2,310.1,46,D,0
-16.3346,132.8067,350.9,1,1,2014-11-20,0454,Aqua,MODIS,93,6.2,320.2,34.3,D,0
-16.3333,132.816,342.5,1,1,2014-11-20,0454,Aqua,MODIS,73,6.2,318,18.7,D,0
-14.2234,135.7258,335.5,1.3,1.1,2014-11-20,0454,Aqua,MODIS,50,6.2,313.6,18.4,D,0
-13.6214,135.4597,334.2,1.3,1.1,2014-11-20,0454,Aqua,MODIS,44,6.2,308.4,20.2,D,0
-13.6232,135.448,339.4,1.3,1.1,2014-11-20,0454,Aqua,MODIS,64,6.2,305.6,30.5,D,0
-13.627,135.4246,344.1,1.3,1.1,2014-11-20,0454,Aqua,MODIS,78,6.2,307.7,40.8,D,0
-13.8633,134.9489,346.3,1.2,1.1,2014-11-20,0454,Aqua,MODIS,86,6.2,314.4,41.5,D,0
-13.6243,135.3765,336.6,1.3,1.1,2014-11-20,0454,Aqua,MODIS,33,6.2,308.2,23.5,D,0
-13.634,135.5104,340,1.3,1.1,2014-11-20,0454,Aqua,MODIS,77,6.2,308.2,28.4,D,0
-13.6809,135.5422,336.6,1.3,1.1,2014-11-20,0454,Aqua,MODIS,74,6.2,313,20,D,0
-13.6359,135.4986,337.2,1.3,1.1,2014-11-20,0454,Aqua,MODIS,59,6.2,312.1,20.8,D,0
-13.638,135.3549,338.5,1.3,1.1,2014-11-20,0454,Aqua,MODIS,53,6.2,308.8,27,D,0
-13.8307,130.9303,337.7,1,1,2014-11-20,0454,Aqua,MODIS,61,6.2,313.5,18.4,D,0
-14.4967,131.63,333.9,1,1,2014-11-20,0454,Aqua,MODIS,41,6.2,312.7,10.2,D,0
-14.4954,131.6394,349.9,1,1,2014-11-20,0454,Aqua,MODIS,92,6.2,313.1,37,D,0
-14.4941,131.6487,338.9,1,1,2014-11-20,0454,Aqua,MODIS,61,6.2,315.9,15.2,D,0
-14.5045,131.6407,356.1,1,1,2014-11-20,0454,Aqua,MODIS,97,6.2,313.7,52.6,D,0
-13.4898,133.6954,339.1,1.1,1,2014-11-20,0454,Aqua,MODIS,45,6.2,312.9,16.9,D,0
-15.791,130.9766,394.6,1.1,1,2014-11-20,0454,Aqua,MODIS,100,6.2,316.5,226.1,D,0
-16.7221,123.831,331.4,3.4,1.7,2014-11-20,0454,Aqua,MODIS,81,6.2,302.9,88.1,D,0
-16.7064,123.8295,332,3.4,1.7,2014-11-20,0454,Aqua,MODIS,81,6.2,301.2,96.8,D,0
-16.7121,123.8255,328.3,3.4,1.7,2014-11-20,0454,Aqua,MODIS,77,6.2,302.2,67.6,D,0
-15.5509,130.1784,357.1,1.2,1.1,2014-11-20,0454,Aqua,MODIS,98,6.2,320.1,63.6,D,0
-15.1534,130.2607,332.1,1.1,1.1,2014-11-20,0454,Aqua,MODIS,12,6.2,311.8,10.2,D,0
-15.1438,130.2592,336.6,1.1,1.1,2014-11-20,0454,Aqua,MODIS,73,6.2,314,18.2,D,0
-15.7908,131.0476,334.6,1.1,1,2014-11-20,0454,Aqua,MODIS,44,6.2,313.5,8.8,D,0
-15.7962,131.0078,344.1,1.1,1,2014-11-20,0454,Aqua,MODIS,78,6.2,312.5,26.5,D,0
-15.7976,130.9978,344.9,1.1,1,2014-11-20,0454,Aqua,MODIS,77,6.2,313.2,29.1,D,0
-15.7815,131.0461,340.7,1.1,1,2014-11-20,0454,Aqua,MODIS,81,6.2,315.2,19.9,D,0
-15.7869,131.0065,345.5,1.1,1,2014-11-20,0454,Aqua,MODIS,87,6.2,316.8,28.2,D,0
-15.7722,131.0449,338.7,1.1,1,2014-11-20,0454,Aqua,MODIS,76,6.2,316.3,15.5,D,0
-15.755,131.0322,340.6,1.1,1,2014-11-20,0454,Aqua,MODIS,81,6.2,315.4,19.9,D,0
-15.7563,131.0223,345.5,1.1,1,2014-11-20,0454,Aqua,MODIS,87,6.2,315.4,29.1,D,0
-15.7577,131.0124,337,1.1,1,2014-11-20,0454,Aqua,MODIS,43,6.2,316,12.4,D,0
-15.759,131.0025,340,1.1,1,2014-11-20,0454,Aqua,MODIS,70,6.2,315.6,18.4,D,0
-16.5445,130.2881,368.5,1.2,1.1,2014-11-20,0454,Aqua,MODIS,100,6.2,311.2,118.2,D,0
-16.5459,130.2774,361.6,1.2,1.1,2014-11-20,0454,Aqua,MODIS,100,6.2,311.2,94.9,D,0
-16.5362,130.2758,388.3,1.2,1.1,2014-11-20,0454,Aqua,MODIS,100,6.2,312.2,221.6,D,0
-16.5377,130.265,341.1,1.2,1.1,2014-11-20,0454,Aqua,MODIS,71,6.2,303.9,39.1,D,0
-13.2425,130.2758,328.2,1.1,1,2014-11-20,0454,Aqua,MODIS,37,6.2,298.4,17.8,D,0
-13.2345,130.2644,356.9,1.1,1,2014-11-20,0454,Aqua,MODIS,85,6.2,294.8,74.8,D,0
-13.213,130.2818,361,1.1,1,2014-11-20,0454,Aqua,MODIS,100,6.2,299.1,89.5,D,0
-13.2144,130.2717,343.2,1.1,1,2014-11-20,0454,Aqua,MODIS,82,6.2,297,44.3,D,0
-15.7989,130.9879,352.6,1.1,1,2014-11-20,0454,Aqua,MODIS,94,6.2,312.2,49.7,D,0
-15.8003,130.9779,437.1,1.1,1,2014-11-20,0454,Aqua,MODIS,100,6.2,323.9,601.1,D,0
-15.8016,130.968,392.3,1.1,1,2014-11-20,0454,Aqua,MODIS,100,6.2,313,217.3,D,0
-15.7896,130.9866,370,1.1,1,2014-11-20,0454,Aqua,MODIS,100,6.2,315.7,100.8,D,0
-15.7923,130.9666,363.8,1.1,1,2014-11-20,0454,Aqua,MODIS,100,6.2,310.3,91.6,D,0
-15.7803,130.9852,338.1,1.1,1,2014-11-20,0454,Aqua,MODIS,51,6.2,315.3,20.1,D,0
-15.7816,130.9753,351.8,1.1,1,2014-11-20,0454,Aqua,MODIS,90,6.2,314.5,51.1,D,0
-15.783,130.9653,333.8,1.1,1,2014-11-20,0454,Aqua,MODIS,53,6.2,309.5,20.6,D,0
-15.771,130.9839,348.2,1.1,1,2014-11-20,0454,Aqua,MODIS,90,6.2,315.2,37.3,D,0
-15.7603,130.9925,342.8,1.1,1,2014-11-20,0454,Aqua,MODIS,83,6.2,315.7,24.6,D,0
-15.7617,130.9825,336.3,1.1,1,2014-11-20,0454,Aqua,MODIS,52,6.2,314.4,14,D,0
-15.5966,136.116,341,1.3,1.1,2014-11-20,0454,Aqua,MODIS,81,6.2,313.6,26.2,D,0
-12.2434,134.7831,336,1.2,1.1,2014-11-20,0455,Aqua,MODIS,74,6.2,306.4,25.1,D,0
-12.0755,135.659,351.7,1.4,1.2,2014-11-20,0455,Aqua,MODIS,94,6.2,302.2,78.5,D,0
-11.6284,133.0883,326.6,1,1,2014-11-20,0455,Aqua,MODIS,67,6.2,304.9,7.3,D,0
-11.6193,133.0869,334.1,1,1,2014-11-20,0455,Aqua,MODIS,86,6.2,305.1,17.7,D,0
-12.1129,135.6716,353.8,1.4,1.2,2014-11-20,0455,Aqua,MODIS,95,6.2,303.8,89.2,D,0
-11.6207,133.0774,343.6,1,1,2014-11-20,0455,Aqua,MODIS,92,6.2,304.9,33.9,D,0
-12.2407,134.7875,334.8,1.2,1.1,2014-11-20,0455,Aqua,MODIS,57,6.2,307.9,22.9,D,0
-12.1049,135.6767,335.8,1.4,1.2,2014-11-20,0455,Aqua,MODIS,74,6.2,304.4,31.1,D,0
-12.9475,130.5572,328.4,1.1,1,2014-11-20,0455,Aqua,MODIS,49,6.2,304.7,10.1,D,0
-12.9518,130.5734,332.8,1.1,1,2014-11-20,0455,Aqua,MODIS,67,6.2,303.6,15.5,D,0
-12.9531,130.5637,329.4,1.1,1,2014-11-20,0455,Aqua,MODIS,54,6.2,302.6,10.2,D,0
-12.9461,130.5669,328.2,1.1,1,2014-11-20,0455,Aqua,MODIS,43,6.2,303.4,10.4,D,0
-12.4418,131.1461,330.3,1,1,2014-11-20,0455,Aqua,MODIS,47,6.2,306.2,14.9,D,0
-12.6089,130.8025,332.6,1,1,2014-11-20,0455,Aqua,MODIS,18,6.2,307.8,16.7,D,0
-12.0611,135.6826,326.8,1.4,1.2,2014-11-20,0455,Aqua,MODIS,30,6.2,303.3,15.5,D,0
-23.3004,120.0361,333.5,3.8,1.8,2014-11-20,0630,Aqua,MODIS,64,6.2,314.7,85.1,D,0
-20.8649,120.1215,354.7,4.3,1.9,2014-11-20,0631,Aqua,MODIS,96,6.2,310.2,440.9,D,0
-20.8478,120.1175,375.7,4.3,1.9,2014-11-20,0631,Aqua,MODIS,100,6.2,311.7,969.4,D,0
-20.8566,120.0765,334.1,4.3,1.9,2014-11-20,0631,Aqua,MODIS,46,6.2,313.1,100.9,D,0
-20.8307,120.1134,354.5,4.3,1.9,2014-11-20,0631,Aqua,MODIS,96,6.2,311.1,435.6,D,0
-20.8458,120.1083,365.9,4.3,1.9,2014-11-20,0631,Aqua,MODIS,100,6.2,313,695.6,D,0
-20.8287,120.1042,342.8,4.3,1.9,2014-11-20,0631,Aqua,MODIS,84,6.2,311.3,232.8,D,0
-20.865,120.1258,342,4.3,1.9,2014-11-20,0631,Aqua,MODIS,74,6.2,309.8,225.5,D,0
-21.1812,119.52,351.8,3.9,1.8,2014-11-20,0631,Aqua,MODIS,93,6.2,315.7,301.6,D,0
-21.1858,119.5546,340.7,3.9,1.8,2014-11-20,0631,Aqua,MODIS,81,6.2,316.1,147.5,D,0
-21.1934,119.518,341,3.9,1.8,2014-11-20,0631,Aqua,MODIS,81,6.2,315.7,149.2,D,0
-21.1694,119.5513,336.3,3.9,1.8,2014-11-20,0631,Aqua,MODIS,73,6.2,316,107.2,D,0
-21.1771,119.5142,337.9,3.9,1.8,2014-11-20,0631,Aqua,MODIS,76,6.2,314.9,122,D,0
-21.1734,119.5567,341.7,3.9,1.8,2014-11-20,0631,Aqua,MODIS,82,6.2,316.3,163.1,D,0
-30.1919,152.1567,311.3,1,1,2014-11-20,1236,Terra,MODIS,15,6.2,272.3,11.4,N,0
-26.6895,147.0431,306.1,1.6,1.3,2014-11-20,1237,Terra,MODIS,59,6.2,289.8,11,N,0
-25.1065,147.3507,309.3,1.5,1.2,2014-11-20,1237,Terra,MODIS,41,6.2,294.7,11,N,0
-25.1082,147.3356,307.8,1.5,1.2,2014-11-20,1237,Terra,MODIS,18,6.2,294.6,9,N,0
-26.558,147.2019,306.2,1.6,1.2,2014-11-20,1237,Terra,MODIS,67,6.2,293.7,9.6,N,0
-27.1689,151.1098,306.9,1,1,2014-11-20,1237,Terra,MODIS,70,6.2,293.8,6.1,N,0
-25.1098,147.3424,313.7,1.5,1.2,2014-11-20,1237,Terra,MODIS,88,6.2,294.9,17.2,N,0
-26.6986,147.0498,306.7,1.6,1.3,2014-11-20,1237,Terra,MODIS,69,6.2,290.1,12.1,N,0
-25.1224,147.3288,310,1.5,1.2,2014-11-20,1237,Terra,MODIS,79,6.2,294.6,12.2,N,0
-24.7974,147.076,306.3,1.6,1.2,2014-11-20,1237,Terra,MODIS,68,6.2,295.2,8.1,N,0
-26.6786,147.1308,305.3,1.6,1.3,2014-11-20,1237,Terra,MODIS,48,6.2,290.1,14.2,N,0
-25.1208,147.3438,315.5,1.5,1.2,2014-11-20,1237,Terra,MODIS,91,6.2,295.2,20.3,N,0
-26.7004,147.0331,310.7,1.7,1.3,2014-11-20,1237,Terra,MODIS,81,6.2,290.2,18,N,0
-22.9248,146.8176,317.8,1.5,1.2,2014-11-20,1238,Terra,MODIS,95,6.2,297.4,22.8,N,0
-24.235,147.5972,307.1,1.4,1.2,2014-11-20,1238,Terra,MODIS,70,6.2,292.9,9.5,N,0
-23.0669,146.2611,318.7,1.7,1.3,2014-11-20,1238,Terra,MODIS,97,6.2,297.5,26,N,0
-23.0651,146.2772,315,1.7,1.3,2014-11-20,1238,Terra,MODIS,89,6.2,297.2,19.6,N,0
-23.0554,146.2596,309.3,1.7,1.3,2014-11-20,1238,Terra,MODIS,72,6.2,296.8,10.6,N,0
-24.1825,147.073,316.9,1.5,1.2,2014-11-20,1238,Terra,MODIS,72,6.2,288.6,32.5,N,0
-22.8,147.7923,305.9,1.3,1.1,2014-11-20,1238,Terra,MODIS,60,6.2,295.2,6.5,N,0
-18.4803,145.8322,305.2,1.5,1.2,2014-11-20,1239,Terra,MODIS,63,6.2,291.2,11.1,N,0
-18.2002,141.2827,307.5,3.3,1.7,2014-11-20,1239,Terra,MODIS,29,6.2,295.9,21.9,N,0
-18.2051,141.2779,306.6,3.3,1.7,2014-11-20,1239,Terra,MODIS,50,6.2,295.9,20.6,N,0
-19.0955,141.9871,307.7,3,1.7,2014-11-20,1239,Terra,MODIS,64,6.2,297.4,19.2,N,0
-19.0984,141.9582,311.8,3,1.7,2014-11-20,1239,Terra,MODIS,80,6.2,297.6,34,N,0
-19.0805,141.9855,311.6,3,1.7,2014-11-20,1239,Terra,MODIS,79,6.2,297.4,32,N,0
-19.0834,141.9566,314.4,3,1.7,2014-11-20,1239,Terra,MODIS,87,6.2,297.6,43.1,N,0
-18.5285,145.8167,304.8,1.6,1.2,2014-11-20,1239,Terra,MODIS,51,6.2,292.8,11.6,N,0
-18.4913,145.834,301.6,1.5,1.2,2014-11-20,1239,Terra,MODIS,24,6.2,291.2,7.1,N,0
-14.6021,142.0775,314.4,2.6,1.5,2014-11-20,1240,Terra,MODIS,88,6.2,295.4,36.5,N,0
-16.8346,143.0398,307.7,2.3,1.5,2014-11-20,1240,Terra,MODIS,33,6.2,297.2,12,N,0
-14.5935,142.0831,308,2.6,1.5,2014-11-20,1240,Terra,MODIS,43,6.2,295.3,17.7,N,0
-16.8391,143.0337,309.1,2.3,1.5,2014-11-20,1240,Terra,MODIS,70,6.2,297.4,16,N,0
-14.8291,144.6128,310.2,1.7,1.3,2014-11-20,1240,Terra,MODIS,76,6.2,295.6,15,N,0
-15.0702,145.0643,305.6,1.6,1.2,2014-11-20,1240,Terra,MODIS,52,6.2,294.8,9.2,N,0
-16.1559,144.3086,311.3,1.8,1.3,2014-11-20,1240,Terra,MODIS,49,6.2,295.5,17.5,N,0
-16.1514,144.2967,308.6,1.8,1.3,2014-11-20,1240,Terra,MODIS,17,6.2,295.6,12.7,N,0
-14.6503,142.5153,312.1,2.4,1.5,2014-11-20,1240,Terra,MODIS,82,6.2,295.8,28.1,N,0
-14.9396,144.4579,306.2,1.7,1.3,2014-11-20,1240,Terra,MODIS,33,6.2,295.2,10.1,N,0
-14.6478,142.5375,308.2,2.4,1.5,2014-11-20,1240,Terra,MODIS,45,6.2,295.7,17.9,N,0
-14.6529,142.5325,314.1,2.4,1.5,2014-11-20,1240,Terra,MODIS,83,6.2,295.9,32.2,N,0
-14.673,142.312,306.2,2.5,1.5,2014-11-20,1240,Terra,MODIS,61,6.2,295.6,15.6,N,0
-14.6556,142.5104,309.5,2.4,1.5,2014-11-20,1240,Terra,MODIS,27,6.2,295.7,19.8,N,0
-17.2715,143.2266,314.6,2.3,1.5,2014-11-20,1240,Terra,MODIS,88,6.2,297.8,30.3,N,0
-14.6074,142.0848,321.9,2.6,1.5,2014-11-20,1240,Terra,MODIS,100,6.2,295.6,63.9,N,0
-14.6048,142.1087,316.3,2.6,1.5,2014-11-20,1240,Terra,MODIS,92,6.2,295.5,42.1,N,0
-17.4178,143.0555,308.3,2.4,1.5,2014-11-20,1240,Terra,MODIS,69,6.2,297.1,16.9,N,0
-14.626,142.5293,305.8,2.4,1.5,2014-11-20,1240,Terra,MODIS,25,6.2,295.6,12.8,N,0
-17.2833,143.2116,309.9,2.3,1.5,2014-11-20,1240,Terra,MODIS,75,6.2,297.8,19.4,N,0
-17.2847,143.2282,317,2.3,1.5,2014-11-20,1240,Terra,MODIS,93,6.2,298.3,37.3,N,0
-17.281,143.2332,323.9,2.3,1.5,2014-11-20,1240,Terra,MODIS,100,6.2,298.3,60.6,N,0
-17.2607,143.2034,309,2.3,1.5,2014-11-20,1240,Terra,MODIS,51,6.2,297.3,17.4,N,0
-17.5463,142.6999,309.5,2.5,1.5,2014-11-20,1240,Terra,MODIS,72,6.2,297,21.1,N,0
-16.1341,144.2882,316.1,1.8,1.3,2014-11-20,1240,Terra,MODIS,91,6.2,295.9,27.2,N,0
-16.1362,144.2708,306.9,1.9,1.3,2014-11-20,1240,Terra,MODIS,27,6.2,295.5,10.8,N,0
-17.2981,143.3223,308.2,2.3,1.5,2014-11-20,1240,Terra,MODIS,65,6.2,298.1,13.3,N,0
-17.5405,142.694,314.7,2.5,1.5,2014-11-20,1240,Terra,MODIS,88,6.2,297,36.1,N,0
-17.3268,143.3041,311.4,2.3,1.5,2014-11-20,1240,Terra,MODIS,75,6.2,298.1,21.1,N,0
-17.5489,142.6759,314.7,2.6,1.5,2014-11-20,1240,Terra,MODIS,88,6.2,297.2,36.7,N,0
-16.1419,144.3242,312.4,1.8,1.3,2014-11-20,1240,Terra,MODIS,82,6.2,295.6,20.5,N,0
-16.1494,144.3142,317.4,1.8,1.3,2014-11-20,1240,Terra,MODIS,94,6.2,295.7,29.9,N,0
-17.5432,142.67,312.2,2.6,1.5,2014-11-20,1240,Terra,MODIS,81,6.2,297.1,28.5,N,0
-17.5196,142.5492,308.6,2.6,1.6,2014-11-20,1240,Terra,MODIS,68,6.2,296.6,18.5,N,0
-17.3136,143.3025,322.5,2.3,1.5,2014-11-20,1240,Terra,MODIS,100,6.2,298.3,53.1,N,0
-14.5993,142.1015,322.6,2.6,1.5,2014-11-20,1240,Terra,MODIS,100,6.2,295.5,65.4,N,0
-14.9157,143.2638,307.3,2.1,1.4,2014-11-20,1240,Terra,MODIS,65,6.2,295.3,15.1,N,0
-17.3237,145.2992,316.3,1.6,1.3,2014-11-20,1240,Terra,MODIS,92,6.2,292.2,27.2,N,0
-17.3217,145.315,315.5,1.6,1.3,2014-11-20,1240,Terra,MODIS,91,6.2,291.9,26,N,0
-17.3226,145.3058,318.3,1.6,1.3,2014-11-20,1240,Terra,MODIS,96,6.2,292.4,32,N,0
-17.3207,145.3216,307.1,1.6,1.3,2014-11-20,1240,Terra,MODIS,68,6.2,291.2,14.1,N,0
-14.7453,144.7364,304.9,1.6,1.3,2014-11-20,1240,Terra,MODIS,29,6.2,294.4,10.5,N,0
-15.0814,145.0654,305.2,1.6,1.2,2014-11-20,1240,Terra,MODIS,42,6.2,295,8.5,N,0
-29.5506,124.772,314.7,1.3,1.1,2014-11-20,1415,Terra,MODIS,90,6.2,292.8,18.7,N,0
-29.549,124.7851,326.8,1.3,1.1,2014-11-20,1415,Terra,MODIS,100,6.2,294,35.6,N,0
-24.7324,129.6447,304.2,1.1,1.1,2014-11-20,1416,Terra,MODIS,59,6.2,289.6,6.1,N,0
-24.7306,129.6559,330.2,1.1,1.1,2014-11-20,1416,Terra,MODIS,100,6.2,294.1,34.7,N,0
-24.6797,129.3329,313.9,1.1,1,2014-11-20,1416,Terra,MODIS,88,6.2,294.4,12.4,N,0
-24.6703,129.331,400.3,1.1,1,2014-11-20,1416,Terra,MODIS,100,6.2,295.8,292.6,N,0
-24.672,129.3202,397,1.1,1,2014-11-20,1416,Terra,MODIS,100,6.2,306.7,269,N,0
-24.6737,129.3093,317.7,1.1,1,2014-11-20,1416,Terra,MODIS,54,6.2,297.6,14.2,N,0
-24.6609,129.329,339.3,1.1,1,2014-11-20,1416,Terra,MODIS,100,6.2,286.9,45.2,N,0
-24.6626,129.3181,379.1,1.1,1,2014-11-20,1416,Terra,MODIS,100,6.2,305,169.3,N,0
-24.6643,129.3073,342.1,1.1,1,2014-11-20,1416,Terra,MODIS,100,6.2,303,50.1,N,0
-24.6532,129.3161,309.3,1.1,1,2014-11-20,1416,Terra,MODIS,72,6.2,289,7.2,N,0
-24.1633,128.7914,319.8,1.1,1,2014-11-20,1416,Terra,MODIS,99,6.2,295.2,17.9,N,0
-24.154,128.7896,304.8,1.1,1,2014-11-20,1416,Terra,MODIS,18,6.2,291.8,5.3,N,0
-16.9266,134.2858,315,3.2,1.7,2014-11-20,1418,Terra,MODIS,90,6.2,296,49.8,N,0
-16.9057,134.3125,313.3,3.2,1.7,2014-11-20,1418,Terra,MODIS,87,6.2,295.8,41.8,N,0
-16.9115,134.2826,310.1,3.2,1.7,2014-11-20,1418,Terra,MODIS,74,6.2,295.6,27.8,N,0
-16.8905,134.3093,308.3,3.2,1.7,2014-11-20,1418,Terra,MODIS,63,6.2,295.4,22.2,N,0
-16.9303,134.2799,307.7,3.2,1.7,2014-11-20,1418,Terra,MODIS,72,6.2,295.8,21.6,N,0
-16.9096,134.3066,314,3.2,1.7,2014-11-20,1418,Terra,MODIS,88,6.2,296,44.8,N,0
-16.9152,134.2767,310.4,3.2,1.7,2014-11-20,1418,Terra,MODIS,72,6.2,295.6,29.3,N,0
-16.8944,134.3034,312,3.2,1.7,2014-11-20,1418,Terra,MODIS,59,6.2,295.5,35,N,0
-18.2447,124.3913,316.5,1,1,2014-11-20,1418,Terra,MODIS,40,6.2,297.2,14.1,N,0
-15.7518,130.9884,316.7,1.9,1.4,2014-11-20,1418,Terra,MODIS,91,6.2,298.4,25.1,N,0
-15.755,130.9946,317.5,1.9,1.4,2014-11-20,1418,Terra,MODIS,94,6.2,298.4,25.7,N,0
-17.5381,123.7702,308.3,1.1,1,2014-11-20,1418,Terra,MODIS,17,6.2,292.1,7.1,N,0
-17.5368,123.7803,309.7,1.1,1,2014-11-20,1418,Terra,MODIS,58,6.2,289.1,8.1,N,0
-15.7519,131.0127,314.2,1.9,1.4,2014-11-20,1418,Terra,MODIS,82,6.2,298.6,18.4,N,0
-15.7487,131.0065,315.4,1.9,1.4,2014-11-20,1418,Terra,MODIS,88,6.2,298.6,22,N,0
-15.7976,130.9659,312.4,1.9,1.4,2014-11-20,1418,Terra,MODIS,63,6.2,298,15.1,N,0
-15.7582,130.9767,311.8,1.9,1.4,2014-11-20,1418,Terra,MODIS,76,6.2,298,14.7,N,0
-15.6008,130.1679,311.6,1.7,1.3,2014-11-20,1419,Terra,MODIS,79,6.2,297.5,12.9,N,0
-13.2456,130.3407,315.3,1.9,1.4,2014-11-20,1419,Terra,MODIS,90,6.2,292.7,32.1,N,0
-13.2334,130.3385,311.4,1.9,1.4,2014-11-20,1419,Terra,MODIS,80,6.2,292.4,24.2,N,0
-13.2485,130.3231,307.1,1.9,1.4,2014-11-20,1419,Terra,MODIS,43,6.2,292.9,15.2,N,0
-13.2482,130.2511,309.1,1.9,1.3,2014-11-20,1419,Terra,MODIS,51,6.2,293.4,16.8,N,0
-13.2453,130.2685,326.1,1.9,1.3,2014-11-20,1419,Terra,MODIS,100,6.2,294.3,57.5,N,0
-13.2364,130.3209,307.7,1.9,1.4,2014-11-20,1419,Terra,MODIS,45,6.2,292.7,16.1,N,0
-13.2573,130.2706,311,1.9,1.3,2014-11-20,1419,Terra,MODIS,21,6.2,293.9,19.9,N,0
-15.1727,130.31,306.7,1.8,1.3,2014-11-20,1419,Terra,MODIS,52,6.2,296.2,8.3,N,0
-14.8166,133.1133,307.9,2.9,1.6,2014-11-20,1419,Terra,MODIS,22,6.2,296.2,18.8,N,0
-14.8306,133.111,307.5,2.9,1.6,2014-11-20,1419,Terra,MODIS,42,6.2,296.2,19,N,0
-15.6122,130.17,313.8,1.7,1.3,2014-11-20,1419,Terra,MODIS,85,6.2,297.5,17.1,N,0
-13.506,133.6639,313.2,3.4,1.7,2014-11-20,1419,Terra,MODIS,84,6.2,294.5,56.1,N,0
-16.9124,143.1128,312.2,1.1,1,2014-11-20,1545,Aqua,MODIS,80,6.2,297.7,8.1,N,0
-14.5997,142.0897,327.4,1.3,1.1,2014-11-20,1545,Aqua,MODIS,100,6.2,296.2,32.3,N,0
-15.6297,142.0632,306.3,1.3,1.1,2014-11-20,1545,Aqua,MODIS,58,6.2,295.7,6.4,N,0
-14.5709,142.1001,310.8,1.3,1.1,2014-11-20,1545,Aqua,MODIS,72,6.2,295.1,10.6,N,0
-14.5978,142.0777,307.3,1.3,1.1,2014-11-20,1545,Aqua,MODIS,22,6.2,295.2,6.6,N,0
-14.6017,142.1016,319,1.3,1.1,2014-11-20,1545,Aqua,MODIS,98,6.2,295.9,19.8,N,0
-14.6098,142.0879,334.8,1.3,1.1,2014-11-20,1545,Aqua,MODIS,100,6.2,296.3,47,N,0
-14.5958,142.0657,309.6,1.3,1.1,2014-11-20,1545,Aqua,MODIS,58,6.2,295.2,9.3,N,0
-17.0239,143.1712,308.1,1.1,1,2014-11-20,1545,Aqua,MODIS,49,6.2,297.4,5.1,N,0
-17.0053,143.1743,308.1,1.1,1,2014-11-20,1545,Aqua,MODIS,11,6.2,297.5,4.7,N,0
-17.0146,143.1727,324.8,1.1,1,2014-11-20,1545,Aqua,MODIS,100,6.2,298.4,21,N,0
-16.9015,143.1042,309.4,1.1,1,2014-11-20,1545,Aqua,MODIS,69,6.2,297.5,6.1,N,0
-16.8546,143.0495,308.2,1.1,1,2014-11-20,1545,Aqua,MODIS,64,6.2,297.7,5.3,N,0
-16.8162,143.0208,307.3,1.1,1,2014-11-20,1545,Aqua,MODIS,59,6.2,297.3,4.6,N,0
-16.942,143.1182,315.3,1.1,1,2014-11-20,1545,Aqua,MODIS,89,6.2,297.7,11.4,N,0
-16.1555,144.3062,310.3,1,1,2014-11-20,1545,Aqua,MODIS,52,6.2,295.3,7.3,N,0
-15.0726,145.064,321.4,1,1,2014-11-20,1545,Aqua,MODIS,100,6.2,295.5,17.7,N,0
-14.9358,144.4608,305.4,1,1,2014-11-20,1545,Aqua,MODIS,64,6.2,294.1,5.2,N,0
-15.7768,145.0945,308.1,1,1,2014-11-20,1545,Aqua,MODIS,74,6.2,294,7.1,N,0
-14.9344,144.4513,308.3,1,1,2014-11-20,1545,Aqua,MODIS,73,6.2,294.4,6.9,N,0
-16.9233,143.1213,318.4,1.1,1,2014-11-20,1545,Aqua,MODIS,96,6.2,298.2,14,N,0
-16.9327,143.1198,313.5,1.1,1,2014-11-20,1545,Aqua,MODIS,84,6.2,298,9.3,N,0
-16.1331,144.2807,313.2,1,1,2014-11-20,1545,Aqua,MODIS,87,6.2,295.7,10,N,0
-16.1346,144.2902,308.4,1,1,2014-11-20,1545,Aqua,MODIS,74,6.2,295.6,6.3,N,0
-14.6079,142.0759,322.7,1.3,1.1,2014-11-20,1545,Aqua,MODIS,100,6.2,295.6,25.2,N,0
-16.1403,144.3279,306.8,1,1,2014-11-20,1545,Aqua,MODIS,46,6.2,294.9,5.2,N,0
-16.1479,144.3171,312,1,1,2014-11-20,1545,Aqua,MODIS,84,6.2,295.2,8.5,N,0
-14.5693,142.0948,306.8,1.3,1.1,2014-11-20,1545,Aqua,MODIS,35,6.2,295.1,6.2,N,0
-15.074,145.0733,305.3,1,1,2014-11-20,1545,Aqua,MODIS,49,6.2,294.7,4.7,N,0
-17.3276,145.3174,303.3,1,1,2014-11-20,1545,Aqua,MODIS,43,6.2,291,5.1,N,0
-17.3248,145.2987,320.1,1,1,2014-11-20,1545,Aqua,MODIS,100,6.2,292.3,17.7,N,0
-17.3262,145.308,320.9,1,1,2014-11-20,1545,Aqua,MODIS,100,6.2,292.7,18.7,N,0
-18.5693,145.7793,303.6,1,1,2014-11-20,1546,Aqua,MODIS,56,6.2,290.4,6.7,N,0
-17.2883,143.2211,333,1.1,1,2014-11-20,1546,Aqua,MODIS,100,6.2,298.9,32.2,N,0
-17.4102,143.0649,313.9,1.1,1,2014-11-20,1546,Aqua,MODIS,85,6.2,298,9.4,N,0
-17.1802,143.2967,307.6,1.1,1,2014-11-20,1546,Aqua,MODIS,26,6.2,297.2,4.3,N,0
-17.3747,143.0566,310.1,1.1,1,2014-11-20,1546,Aqua,MODIS,21,6.2,297.3,5.8,N,0
-17.2983,142.9967,309.1,1.1,1,2014-11-20,1546,Aqua,MODIS,28,6.2,297.8,5.2,N,0
-17.4009,143.0664,307.9,1.1,1,2014-11-20,1546,Aqua,MODIS,62,6.2,297.6,4.7,N,0
-17.2822,143.2425,320.1,1.1,1,2014-11-20,1546,Aqua,MODIS,100,6.2,298.6,15.3,N,0
-17.288,142.973,308.9,1.1,1,2014-11-20,1546,Aqua,MODIS,21,6.2,297.7,4.9,N,0
-17.2914,143.241,324,1.1,1,2014-11-20,1546,Aqua,MODIS,100,6.2,298.7,19.5,N,0
-17.3948,143.0636,315.9,1.1,1,2014-11-20,1546,Aqua,MODIS,90,6.2,297.7,10.8,N,0
-17.3007,143.2395,322.4,1.1,1,2014-11-20,1546,Aqua,MODIS,100,6.2,298.2,18,N,0
-17.2853,143.3235,314.4,1.1,1,2014-11-20,1546,Aqua,MODIS,86,6.2,297.8,9.4,N,0
-17.2945,143.3219,312.4,1.1,1,2014-11-20,1546,Aqua,MODIS,80,6.2,297.8,7.8,N,0
-17.4195,143.0633,318.5,1.1,1,2014-11-20,1546,Aqua,MODIS,96,6.2,298.4,13.5,N,0
-17.4179,143.0532,320.3,1.1,1,2014-11-20,1546,Aqua,MODIS,100,6.2,298.3,15.6,N,0
-17.1786,143.2868,308.8,1.1,1,2014-11-20,1546,Aqua,MODIS,45,6.2,297.1,5.3,N,0
-17.2791,143.2226,314,1.1,1,2014-11-20,1546,Aqua,MODIS,85,6.2,298,9.3,N,0
-17.2761,143.325,319.7,1.1,1,2014-11-20,1546,Aqua,MODIS,99,6.2,297.9,14.8,N,0
-17.2806,143.2326,312.4,1.1,1,2014-11-20,1546,Aqua,MODIS,80,6.2,298.1,7.5,N,0
-17.2838,143.3136,320.9,1.1,1,2014-11-20,1546,Aqua,MODIS,100,6.2,297.7,15.8,N,0
-17.2309,143.3188,319.6,1.1,1,2014-11-20,1546,Aqua,MODIS,99,6.2,297.9,14.8,N,0
-17.2745,143.3151,324.8,1.1,1,2014-11-20,1546,Aqua,MODIS,100,6.2,297.9,20.7,N,0
-17.5392,142.7157,314.4,1.1,1.1,2014-11-20,1546,Aqua,MODIS,86,6.2,298.6,10.1,N,0
-17.1894,143.2952,311.9,1.1,1,2014-11-20,1546,Aqua,MODIS,34,6.2,297.4,7.2,N,0
-17.3114,143.309,349.1,1.1,1,2014-11-20,1546,Aqua,MODIS,100,6.2,299.6,61.6,N,0
-17.3037,143.3204,309.3,1.1,1,2014-11-20,1546,Aqua,MODIS,69,6.2,297.6,5.8,N,0
-17.2991,143.2295,334.6,1.1,1,2014-11-20,1546,Aqua,MODIS,100,6.2,298.7,34.5,N,0
-17.1951,142.9639,311.4,1.1,1,2014-11-20,1546,Aqua,MODIS,54,6.2,297.8,6.9,N,0
-17.3314,143.3158,342.7,1.1,1,2014-11-20,1546,Aqua,MODIS,100,6.2,299.8,48.5,N,0
-17.3207,143.3074,331.5,1.1,1,2014-11-20,1546,Aqua,MODIS,100,6.2,298.4,29.3,N,0
-17.313,143.3189,338.8,1.1,1,2014-11-20,1546,Aqua,MODIS,100,6.2,299.4,40.8,N,0
-17.2007,142.9668,314.4,1.1,1,2014-11-20,1546,Aqua,MODIS,86,6.2,298,9.7,N,0
-17.2899,143.231,332.3,1.1,1,2014-11-20,1546,Aqua,MODIS,100,6.2,299.5,30.5,N,0
-17.2402,143.3173,311.4,1.1,1,2014-11-20,1546,Aqua,MODIS,77,6.2,297.6,7.3,N,0
-17.5531,142.6814,319.9,1.1,1.1,2014-11-20,1546,Aqua,MODIS,99,6.2,298.9,15,N,0
-17.5548,142.6918,313.4,1.1,1.1,2014-11-20,1546,Aqua,MODIS,48,6.2,298.7,8.3,N,0
-17.3299,143.3059,331.3,1.1,1,2014-11-20,1546,Aqua,MODIS,100,6.2,298.5,29.4,N,0
-17.2561,143.3182,314,1.1,1,2014-11-20,1546,Aqua,MODIS,85,6.2,297.5,9.7,N,0
-17.3222,143.3174,316.1,1.1,1,2014-11-20,1546,Aqua,MODIS,91,6.2,298,11,N,0
-25.1105,147.3444,307.9,1.4,1.2,2014-11-20,1547,Aqua,MODIS,25,6.2,291.5,12.5,N,0
-25.1122,147.3586,312.9,1.4,1.2,2014-11-20,1547,Aqua,MODIS,80,6.2,292.2,17.7,N,0
-24.805,147.0806,311.8,1.4,1.2,2014-11-20,1547,Aqua,MODIS,83,6.2,292.4,16,N,0
-20.5574,140.7352,331.4,1.3,1.1,2014-11-20,1547,Aqua,MODIS,100,6.2,300.9,36.9,N,0
-20.5553,140.7231,316.8,1.3,1.1,2014-11-20,1547,Aqua,MODIS,91,6.2,300.4,14.2,N,0
-26.695,147.0445,316.1,1.4,1.2,2014-11-20,1548,Aqua,MODIS,93,6.2,296.9,20.6,N,0
-26.6694,147.1429,308.6,1.5,1.2,2014-11-20,1548,Aqua,MODIS,75,6.2,296,11.2,N,0
-26.6726,147.1368,310.3,1.5,1.2,2014-11-20,1548,Aqua,MODIS,80,6.2,296.3,13,N,0
-24.0779,129.2037,305.8,4.1,1.9,2014-11-20,1726,Aqua,MODIS,66,6.2,269.9,64.4,N,0
-24.0808,129.1961,307.3,4.1,1.9,2014-11-20,1726,Aqua,MODIS,71,6.2,272.9,71.1,N,0
-29.5511,124.7758,305.3,2.3,1.5,2014-11-20,1728,Aqua,MODIS,64,6.2,292.1,23.8,N,0
-30.1978,152.1795,328.7,1.9,1.4,2014-11-20,2336,Terra,MODIS,74,6.2,298.1,43.5,D,0
-30.1693,152.1645,328.4,1.9,1.4,2014-11-20,2336,Terra,MODIS,75,6.2,299.5,40.2,D,0
-30.1903,152.1417,322.3,1.9,1.4,2014-11-20,2336,Terra,MODIS,36,6.2,299.4,23.7,D,0
-30.1942,152.1613,329.7,1.9,1.4,2014-11-20,2336,Terra,MODIS,77,6.2,298.2,46.7,D,0
-30.197,152.1555,328.3,1.9,1.4,2014-11-20,2336,Terra,MODIS,68,6.2,298.3,40.5,D,0
-30.2007,152.1738,327,1.9,1.4,2014-11-20,2336,Terra,MODIS,70,6.2,297.5,37.5,D,0
-12.3298,131.6087,327.4,2.3,1.5,2014-11-21,0109,Terra,MODIS,23,6.2,302.1,38.6,D,0
-13.9002,141.9121,331.3,1.4,1.2,2014-11-21,0109,Terra,MODIS,70,6.2,308.8,19.8,D,0
-13.9019,141.9251,341.6,1.4,1.2,2014-11-21,0109,Terra,MODIS,86,6.2,309.2,47.3,D,0
-13.8546,141.892,330.6,1.4,1.2,2014-11-21,0109,Terra,MODIS,63,6.2,311.3,15.9,D,0
-12.4266,132.8728,328.8,1.8,1.3,2014-11-21,0109,Terra,MODIS,49,6.2,305.6,28.7,D,0
-12.4384,132.8707,324.5,1.8,1.3,2014-11-21,0109,Terra,MODIS,28,6.2,301.5,18.7,D,0
-12.4521,142.9912,322,1.6,1.2,2014-11-21,0109,Terra,MODIS,56,6.2,299.4,17.6,D,0
-12.5338,135.0174,324.7,1.3,1.1,2014-11-21,0109,Terra,MODIS,51,6.2,295.1,17.5,D,0
-12.4757,131.307,325.7,2.4,1.5,2014-11-21,0109,Terra,MODIS,46,6.2,300.9,43.8,D,0
-11.1473,142.7254,316.4,1.5,1.2,2014-11-21,0109,Terra,MODIS,66,6.2,291.9,17.6,D,0
-11.1455,142.712,315.4,1.5,1.2,2014-11-21,0109,Terra,MODIS,64,6.2,293.1,15.8,D,0
-12.9908,136.2971,333,1.1,1,2014-11-21,0109,Terra,MODIS,59,6.2,303.6,20.7,D,0
-11.6185,133.0688,331.3,1.8,1.3,2014-11-21,0109,Terra,MODIS,77,6.2,303.3,39.7,D,0
-12.2692,132.7395,333.1,1.9,1.3,2014-11-21,0109,Terra,MODIS,75,6.2,307.8,47.9,D,0
-11.6213,133.0853,323.7,1.8,1.3,2014-11-21,0109,Terra,MODIS,54,6.2,303.5,17.9,D,0
-12.3726,132.1754,327.1,2.1,1.4,2014-11-21,0109,Terra,MODIS,44,6.2,302.2,34.3,D,0
-15.1708,129.4628,331.5,2.9,1.6,2014-11-21,0110,Terra,MODIS,72,6.2,297.7,67.2,D,0
-12.9252,130.3589,321.8,2.8,1.6,2014-11-21,0110,Terra,MODIS,22,6.2,296.5,42.5,D,0
-13.243,130.3261,323.2,2.7,1.6,2014-11-21,0110,Terra,MODIS,13,6.2,297.1,42.3,D,0
-13.2405,130.3337,335.5,2.7,1.6,2014-11-21,0110,Terra,MODIS,80,6.2,298.3,110.9,D,0
-12.9472,130.2966,323,2.8,1.6,2014-11-21,0110,Terra,MODIS,36,6.2,297.5,42.1,D,0
-15.7475,130.9946,328.9,2.2,1.4,2014-11-21,0110,Terra,MODIS,43,6.2,305.3,25.7,D,0
-15.1651,129.4419,326.1,2.9,1.6,2014-11-21,0110,Terra,MODIS,41,6.2,297.2,35.9,D,0
-13.2264,130.3363,332,2.7,1.6,2014-11-21,0110,Terra,MODIS,75,6.2,298.5,87.3,D,0
-15.1701,129.469,332.7,2.9,1.6,2014-11-21,0110,Terra,MODIS,74,6.2,297.9,75.9,D,0
-13.2476,130.351,324.2,2.7,1.6,2014-11-21,0110,Terra,MODIS,38,6.2,295.4,45.3,D,0
-15.1912,130.3248,328.3,2.5,1.5,2014-11-21,0110,Terra,MODIS,54,6.2,298.6,44.5,D,0
-15.1869,130.3017,333.9,2.5,1.5,2014-11-21,0110,Terra,MODIS,76,6.2,301.2,73.4,D,0
-15.1808,130.3087,339.5,2.5,1.5,2014-11-21,0110,Terra,MODIS,84,6.2,301.2,98.5,D,0
-15.1849,130.332,335.8,2.5,1.5,2014-11-21,0110,Terra,MODIS,79,6.2,299.3,76.1,D,0
-15.1775,130.3272,336.9,2.5,1.5,2014-11-21,0110,Terra,MODIS,80,6.2,300.2,88.8,D,0
-15.7495,131.008,331.7,2.2,1.4,2014-11-21,0110,Terra,MODIS,69,6.2,306,34.7,D,0
-13.2289,130.3287,340.6,2.7,1.6,2014-11-21,0110,Terra,MODIS,86,6.2,299.9,142,D,0
-13.7079,135.5761,331.5,1.2,1.1,2014-11-21,0110,Terra,MODIS,47,6.2,309.7,10,D,0
-14.8331,133.1345,333,1.6,1.2,2014-11-21,0110,Terra,MODIS,66,6.2,308,18,D,0
-14.8306,133.1198,333.9,1.6,1.2,2014-11-21,0110,Terra,MODIS,69,6.2,309.4,21.1,D,0
-14.7951,133.1178,338.1,1.6,1.2,2014-11-21,0110,Terra,MODIS,78,6.2,306.8,33.5,D,0
-13.6394,135.3324,351.3,1.2,1.1,2014-11-21,0110,Terra,MODIS,93,6.2,311.8,48.3,D,0
-16.3009,132.8172,348.6,1.6,1.2,2014-11-21,0110,Terra,MODIS,91,6.2,306.7,74.6,D,0
-16.2898,132.8191,332.1,1.6,1.2,2014-11-21,0110,Terra,MODIS,21,6.2,306.3,21.7,D,0
-16.2627,132.7941,333.7,1.6,1.2,2014-11-21,0110,Terra,MODIS,51,6.2,308.2,22,D,0
-15.2803,131.4747,361.8,2,1.4,2014-11-21,0110,Terra,MODIS,100,6.2,304.1,211.8,D,0
-15.2795,131.4818,361.9,2,1.4,2014-11-21,0110,Terra,MODIS,100,6.2,304.3,211.2,D,0
-15.2763,131.463,341.4,2.1,1.4,2014-11-21,0110,Terra,MODIS,84,6.2,303.2,82.3,D,0
-16.2199,132.7482,330.1,1.6,1.2,2014-11-21,0110,Terra,MODIS,31,6.2,308.6,14.6,D,0
-16.231,132.7462,361.9,1.6,1.2,2014-11-21,0110,Terra,MODIS,100,6.2,310.5,135.1,D,0
-16.2491,132.7815,333.7,1.6,1.2,2014-11-21,0110,Terra,MODIS,48,6.2,308.3,22.9,D,0
-16.2466,132.7669,345.1,1.6,1.2,2014-11-21,0110,Terra,MODIS,88,6.2,309,56.5,D,0
-16.2355,132.7689,331.8,1.6,1.2,2014-11-21,0110,Terra,MODIS,38,6.2,308.7,18.2,D,0
-16.247,132.7736,343.3,1.6,1.2,2014-11-21,0110,Terra,MODIS,86,6.2,308.7,53,D,0
-14.8243,144.605,331.9,2.3,1.5,2014-11-21,0110,Terra,MODIS,67,6.2,305.9,47.4,D,0
-14.8074,144.6925,345.2,2.3,1.5,2014-11-21,0110,Terra,MODIS,90,6.2,304.3,139.9,D,0
-14.8051,144.6716,347.1,2.3,1.5,2014-11-21,0110,Terra,MODIS,91,6.2,303,148.4,D,0
-14.8117,144.6987,329.2,2.3,1.5,2014-11-21,0110,Terra,MODIS,69,6.2,303,53.9,D,0
-14.8092,144.6777,352,2.3,1.5,2014-11-21,0110,Terra,MODIS,95,6.2,303,182.1,D,0
-14.7984,144.7001,332.2,2.3,1.5,2014-11-21,0110,Terra,MODIS,75,6.2,304.4,64.3,D,0
-14.7958,144.6787,336.3,2.3,1.5,2014-11-21,0110,Terra,MODIS,81,6.2,304.2,80.8,D,0
-14.7851,144.7019,328.4,2.3,1.5,2014-11-21,0110,Terra,MODIS,66,6.2,304,45.8,D,0
-14.84,144.6244,330.9,2.3,1.5,2014-11-21,0110,Terra,MODIS,49,6.2,306.5,48.7,D,0
-14.8267,144.6259,331.7,2.3,1.5,2014-11-21,0110,Terra,MODIS,60,6.2,306.9,51,D,0
-16.2334,132.7609,361.9,1.6,1.2,2014-11-21,0110,Terra,MODIS,100,6.2,310,136.4,D,0
-16.2445,132.7589,339.2,1.6,1.2,2014-11-21,0110,Terra,MODIS,78,6.2,309.5,36,D,0
-16.2304,132.7396,344.9,1.6,1.2,2014-11-21,0110,Terra,MODIS,87,6.2,310.8,54.7,D,0
-16.233,132.7543,363.8,1.6,1.2,2014-11-21,0110,Terra,MODIS,100,6.2,310.8,144.8,D,0
-16.2441,132.7522,332.8,1.6,1.2,2014-11-21,0110,Terra,MODIS,45,6.2,310.6,15.3,D,0
-15.0739,145.0813,324.5,2.5,1.5,2014-11-21,0110,Terra,MODIS,45,6.2,300.3,44,D,0
-14.0468,134.7452,335.9,1.3,1.1,2014-11-21,0110,Terra,MODIS,55,6.2,310.3,18.5,D,0
-13.5634,134.5384,331.4,1.3,1.1,2014-11-21,0110,Terra,MODIS,64,6.2,310.8,13.4,D,0
-13.6208,135.4198,339,1.2,1.1,2014-11-21,0110,Terra,MODIS,64,6.2,310.8,22.9,D,0
-13.623,135.497,339.8,1.2,1.1,2014-11-21,0110,Terra,MODIS,80,6.2,310.7,24.3,D,0
-13.5698,134.5123,342,1.3,1.1,2014-11-21,0110,Terra,MODIS,84,6.2,311.7,36.4,D,0
-13.5718,134.5246,362.7,1.3,1.1,2014-11-21,0110,Terra,MODIS,100,6.2,311.1,109,D,0
-14.7611,144.7276,327.1,2.3,1.5,2014-11-21,0110,Terra,MODIS,40,6.2,305.3,42.4,D,0
-13.5737,134.5367,359.3,1.3,1.1,2014-11-21,0110,Terra,MODIS,99,6.2,311.2,94.7,D,0
-13.5803,134.5291,338.2,1.3,1.1,2014-11-21,0110,Terra,MODIS,79,6.2,308.5,27.2,D,0
-13.5823,134.5412,331.7,1.3,1.1,2014-11-21,0110,Terra,MODIS,50,6.2,310.5,11.5,D,0
-13.666,135.561,331,1.2,1.1,2014-11-21,0110,Terra,MODIS,37,6.2,309,10.9,D,0
-13.6757,135.5595,336.9,1.2,1.1,2014-11-21,0110,Terra,MODIS,76,6.2,310.2,20.2,D,0
-13.687,135.5687,340.4,1.2,1.1,2014-11-21,0110,Terra,MODIS,81,6.2,309.6,27,D,0
-13.6162,135.4539,339.3,1.2,1.1,2014-11-21,0110,Terra,MODIS,66,6.2,310.6,23.1,D,0
-13.6145,135.4431,345.5,1.2,1.1,2014-11-21,0110,Terra,MODIS,88,6.2,310.7,37.8,D,0
-15.2487,131.5262,333.5,2,1.4,2014-11-21,0110,Terra,MODIS,64,6.2,305.6,34.6,D,0
-15.2703,131.5029,338.5,2,1.4,2014-11-21,0110,Terra,MODIS,81,6.2,303.6,64.7,D,0
-15.2735,131.5216,328.3,2,1.4,2014-11-21,0110,Terra,MODIS,49,6.2,301.4,22.1,D,0
-15.2713,131.4957,333.7,2,1.4,2014-11-21,0110,Terra,MODIS,73,6.2,304.1,45.9,D,0
-15.2746,131.5144,332.7,2,1.4,2014-11-21,0110,Terra,MODIS,71,6.2,301.8,39.6,D,0
-17.3187,145.3218,330.1,2.8,1.6,2014-11-21,0110,Terra,MODIS,68,6.2,300.1,86.8,D,0
-17.3305,145.2953,330.4,2.8,1.6,2014-11-21,0110,Terra,MODIS,68,6.2,299.5,85.3,D,0
-17.3209,145.3162,329.9,2.8,1.6,2014-11-21,0110,Terra,MODIS,63,6.2,299.7,80.9,D,0
-17.3235,145.3423,326.8,2.8,1.6,2014-11-21,0110,Terra,MODIS,41,6.2,299.4,66,D,0
-14.0075,136.6205,330.6,1,1,2014-11-21,0110,Terra,MODIS,57,6.2,304.4,13.7,D,0
-13.6887,135.5793,331.4,1.2,1.1,2014-11-21,0110,Terra,MODIS,50,6.2,308.7,11.1,D,0
-13.7497,135.5911,333,1.2,1.1,2014-11-21,0110,Terra,MODIS,53,6.2,310.1,12.2,D,0
-13.6983,135.5777,340.8,1.2,1.1,2014-11-21,0110,Terra,MODIS,82,6.2,309.6,28.2,D,0
-14.8687,133.1431,331.4,1.6,1.2,2014-11-21,0110,Terra,MODIS,49,6.2,306.7,13.6,D,0
-14.5239,142.2946,331.5,1.5,1.2,2014-11-21,0110,Terra,MODIS,27,6.2,310.2,18.9,D,0
-15.6248,142.062,337.2,1.5,1.2,2014-11-21,0110,Terra,MODIS,71,6.2,309.9,36.8,D,0
-14.5227,142.3012,334.5,1.5,1.2,2014-11-21,0110,Terra,MODIS,75,6.2,310.3,30.2,D,0
-14.5136,142.4035,335.1,1.6,1.2,2014-11-21,0110,Terra,MODIS,78,6.2,311.2,30.1,D,0
-16.9223,143.1208,333.5,1.9,1.3,2014-11-21,0110,Terra,MODIS,55,6.2,310.7,28.3,D,0
-14.6122,142.0935,344.7,1.5,1.2,2014-11-21,0110,Terra,MODIS,88,6.2,310.9,54.8,D,0
-14.6213,142.0784,340.7,1.5,1.2,2014-11-21,0110,Terra,MODIS,84,6.2,305,45.3,D,0
-14.5753,142.0902,329,1.5,1.2,2014-11-21,0110,Terra,MODIS,36,6.2,306.7,20.9,D,0
-16.9829,137.2876,334.1,1,1,2014-11-21,0110,Terra,MODIS,66,6.2,312.3,9.6,D,0
-14.5736,142.0766,330.9,1.5,1.2,2014-11-21,0110,Terra,MODIS,57,6.2,306.2,26,D,0
-14.5844,142.0752,345.8,1.5,1.2,2014-11-21,0110,Terra,MODIS,90,6.2,308,67.7,D,0
-14.5608,142.1479,334.4,1.5,1.2,2014-11-21,0110,Terra,MODIS,70,6.2,308,32.4,D,0
-16.5034,133.8409,335.2,1.3,1.1,2014-11-21,0110,Terra,MODIS,52,6.2,310,20.7,D,0
-16.5054,133.8532,336.2,1.3,1.1,2014-11-21,0110,Terra,MODIS,63,6.2,310.1,23.3,D,0
-16.5074,133.8655,334.2,1.3,1.1,2014-11-21,0110,Terra,MODIS,52,6.2,309.5,18.9,D,0
-16.5196,133.8761,336.4,1.3,1.1,2014-11-21,0110,Terra,MODIS,71,6.2,308.1,24.9,D,0
-16.5164,133.8706,335.9,1.3,1.1,2014-11-21,0110,Terra,MODIS,67,6.2,310.5,23.9,D,0
-14.559,142.1342,328.3,1.5,1.2,2014-11-21,0110,Terra,MODIS,44,6.2,306.2,18.3,D,0
-17.2699,142.9812,334.8,1.9,1.3,2014-11-21,0110,Terra,MODIS,55,6.2,312,30,D,0
-16.4315,133.7895,337.8,1.3,1.1,2014-11-21,0110,Terra,MODIS,76,6.2,310.6,29.3,D,0
-16.4336,133.802,332.1,1.3,1.1,2014-11-21,0110,Terra,MODIS,57,6.2,309,16.9,D,0
-16.4439,133.8002,357.4,1.3,1.1,2014-11-21,0110,Terra,MODIS,98,6.2,307.7,92.2,D,0
-17.258,142.5314,332.4,1.7,1.3,2014-11-21,0110,Terra,MODIS,34,6.2,310.2,24.1,D,0
-14.5007,142.3907,330.6,1.6,1.2,2014-11-21,0110,Terra,MODIS,38,6.2,310.5,19.4,D,0
-14.5889,142.0827,329.1,1.5,1.2,2014-11-21,0110,Terra,MODIS,15,6.2,309.3,16.9,D,0
-17.2965,142.4871,330.4,1.7,1.3,2014-11-21,0110,Terra,MODIS,14,6.2,307.3,20.8,D,0
-17.2869,142.4784,336.8,1.7,1.3,2014-11-21,0110,Terra,MODIS,79,6.2,308,44.1,D,0
-16.804,137.5729,336.1,1,1,2014-11-21,0110,Terra,MODIS,64,6.2,312.4,12.8,D,0
-17.5609,142.676,336.7,1.8,1.3,2014-11-21,0110,Terra,MODIS,49,6.2,309.3,38.3,D,0
-14.614,142.1072,331.4,1.5,1.2,2014-11-21,0110,Terra,MODIS,60,6.2,308.4,16.1,D,0
-17.0523,143.2012,352.1,1.9,1.4,2014-11-21,0110,Terra,MODIS,94,6.2,311.3,116.3,D,0
-14.5871,142.069,335.4,1.5,1.2,2014-11-21,0110,Terra,MODIS,59,6.2,306.2,34.7,D,0
-15.6358,142.0605,334.6,1.5,1.2,2014-11-21,0110,Terra,MODIS,76,6.2,309.3,32.4,D,0
-13.4997,133.6444,334.8,1.5,1.2,2014-11-21,0110,Terra,MODIS,74,6.2,305.3,34.6,D,0
-13.5615,134.5262,332.7,1.3,1.1,2014-11-21,0110,Terra,MODIS,68,6.2,311.8,15.6,D,0
-16.9958,143.1782,332.7,1.9,1.4,2014-11-21,0110,Terra,MODIS,51,6.2,311,26.8,D,0
-16.9993,143.1712,335.5,1.9,1.4,2014-11-21,0110,Terra,MODIS,61,6.2,312,33.6,D,0
-17.008,143.1767,338.5,1.9,1.4,2014-11-21,0110,Terra,MODIS,79,6.2,311.4,46.7,D,0
-14.828,144.6112,339.3,2.3,1.5,2014-11-21,0110,Terra,MODIS,84,6.2,306.7,84,D,0
-17.3354,145.315,338.9,2.8,1.6,2014-11-21,0110,Terra,MODIS,83,6.2,299.4,145.1,D,0
-14.5204,142.2664,328.6,1.5,1.2,2014-11-21,0110,Terra,MODIS,39,6.2,308.8,16,D,0
-16.809,142.9928,335.3,1.9,1.3,2014-11-21,0110,Terra,MODIS,77,6.2,309.9,36.8,D,0
-16.8041,142.9999,332,1.9,1.3,2014-11-21,0110,Terra,MODIS,60,6.2,309.1,25.4,D,0
-16.802,142.9827,331.1,1.8,1.3,2014-11-21,0110,Terra,MODIS,54,6.2,309.6,22.4,D,0
-14.5434,142.4517,332.6,1.6,1.2,2014-11-21,0110,Terra,MODIS,64,6.2,311.6,20.4,D,0
-16.4827,132.8018,348.6,1.6,1.2,2014-11-21,0110,Terra,MODIS,91,6.2,306.9,74,D,0
-14.5245,142.3153,331.7,1.5,1.2,2014-11-21,0110,Terra,MODIS,59,6.2,310,21.5,D,0
-14.6248,142.1058,341.6,1.5,1.2,2014-11-21,0110,Terra,MODIS,85,6.2,310.6,43.7,D,0
-14.6231,142.0921,363.1,1.5,1.2,2014-11-21,0110,Terra,MODIS,100,6.2,308.7,131.7,D,0
-16.6957,134.0815,337.4,1.3,1.1,2014-11-21,0110,Terra,MODIS,34,6.2,312.1,22.8,D,0
-17.038,143.1847,334,1.9,1.4,2014-11-21,0110,Terra,MODIS,45,6.2,312.3,28.8,D,0
-14.519,142.2731,334.8,1.5,1.2,2014-11-21,0110,Terra,MODIS,78,6.2,309.5,33,D,0
-17.0115,143.1698,333.6,1.9,1.4,2014-11-21,0110,Terra,MODIS,58,6.2,311.5,26.3,D,0
-14.547,142.4873,338,1.6,1.2,2014-11-21,0110,Terra,MODIS,78,6.2,309.5,39.8,D,0
-17.1533,142.925,332.9,1.9,1.3,2014-11-21,0110,Terra,MODIS,51,6.2,311.4,18.4,D,0
-15.6742,142.0988,330.7,1.5,1.2,2014-11-21,0110,Terra,MODIS,33,6.2,310,17.9,D,0
-14.5265,142.4164,333,1.6,1.2,2014-11-21,0110,Terra,MODIS,68,6.2,311.7,21.7,D,0
-14.5581,142.4793,332.5,1.6,1.2,2014-11-21,0110,Terra,MODIS,52,6.2,311.1,20,D,0
-16.762,136.2486,339.6,1,1,2014-11-21,0110,Terra,MODIS,79,6.2,312.1,18.9,D,0
-16.7635,136.2582,347.1,1,1,2014-11-21,0110,Terra,MODIS,89,6.2,311.7,33.4,D,0
-16.7938,136.273,337.8,1,1,2014-11-21,0110,Terra,MODIS,76,6.2,312,15.1,D,0
-17.3333,145.3206,343.5,2.8,1.6,2014-11-21,0110,Terra,MODIS,88,6.2,299.1,179.4,D,0
-14.5302,142.4452,337,1.6,1.2,2014-11-21,0110,Terra,MODIS,71,6.2,310.8,35.2,D,0
-14.5582,142.4859,333.2,1.6,1.2,2014-11-21,0110,Terra,MODIS,46,6.2,311,23.5,D,0
-14.5284,142.4308,338,1.6,1.2,2014-11-21,0110,Terra,MODIS,82,6.2,311.4,37,D,0
-17.1603,142.9307,337.8,1.9,1.3,2014-11-21,0110,Terra,MODIS,81,6.2,313.1,35.2,D,0
-17.2578,142.9826,336.1,1.9,1.3,2014-11-21,0110,Terra,MODIS,62,6.2,311.9,34.8,D,0
-16.801,142.9241,334.1,1.8,1.3,2014-11-21,0110,Terra,MODIS,74,6.2,310.2,28.7,D,0
-16.1667,144.3071,333.7,2.3,1.5,2014-11-21,0110,Terra,MODIS,53,6.2,307.5,57.7,D,0
-14.9226,144.4393,335.7,2.2,1.4,2014-11-21,0110,Terra,MODIS,73,6.2,305.1,67.8,D,0
-15.7814,145.0985,337.2,2.6,1.5,2014-11-21,0110,Terra,MODIS,82,6.2,304.2,101.5,D,0
-15.7866,145.0919,328.6,2.6,1.5,2014-11-21,0110,Terra,MODIS,25,6.2,305.2,54.4,D,0
-15.7727,145.0933,330.2,2.6,1.5,2014-11-21,0110,Terra,MODIS,52,6.2,303.2,62,D,0
-17.2994,143.3261,339.2,2,1.4,2014-11-21,0110,Terra,MODIS,83,6.2,309.7,60.2,D,0
-14.6643,142.3281,335.6,1.5,1.2,2014-11-21,0110,Terra,MODIS,44,6.2,314,21.8,D,0
-17.2353,143.3151,334.1,2,1.4,2014-11-21,0110,Terra,MODIS,42,6.2,311,31.3,D,0
-17.3389,143.3156,328.1,2,1.4,2014-11-21,0110,Terra,MODIS,61,6.2,309.1,24.2,D,0
-17.3265,143.3171,329.5,2,1.4,2014-11-21,0110,Terra,MODIS,53,6.2,309.5,27,D,0
-14.865,133.1885,336.5,1.6,1.2,2014-11-21,0110,Terra,MODIS,75,6.2,307.6,29.6,D,0
-17.3158,143.2246,334.9,2,1.4,2014-11-21,0110,Terra,MODIS,73,6.2,306.4,51.1,D,0
-14.8024,133.1615,337.7,1.6,1.2,2014-11-21,0110,Terra,MODIS,77,6.2,308.2,33.1,D,0
-14.8206,133.2027,331.7,1.6,1.2,2014-11-21,0110,Terra,MODIS,56,6.2,307.4,16.7,D,0
-17.2337,142.9856,334.8,1.9,1.3,2014-11-21,0110,Terra,MODIS,34,6.2,310.3,30.9,D,0
-16.908,143.1046,332.9,1.9,1.3,2014-11-21,0110,Terra,MODIS,60,6.2,310.4,24.2,D,0
-14.6213,142.5306,333,1.6,1.2,2014-11-21,0110,Terra,MODIS,56,6.2,312.2,22.7,D,0
-17.3893,142.6023,333.6,1.8,1.3,2014-11-21,0110,Terra,MODIS,63,6.2,309.7,22.7,D,0
-17.392,142.591,333.1,1.8,1.3,2014-11-21,0110,Terra,MODIS,62,6.2,309.5,22.3,D,0
-17.3941,142.6076,333.4,1.8,1.3,2014-11-21,0110,Terra,MODIS,62,6.2,310.5,21.2,D,0
-14.5257,142.3087,331.5,1.5,1.2,2014-11-21,0110,Terra,MODIS,66,6.2,310.5,19.6,D,0
-17.3179,143.2429,330,2,1.4,2014-11-21,0110,Terra,MODIS,47,6.2,307.1,31.3,D,0
-17.3017,143.3201,334.8,2,1.4,2014-11-21,0110,Terra,MODIS,72,6.2,309.4,42.9,D,0
-13.4906,134.5942,344.8,1.3,1.1,2014-11-21,0110,Terra,MODIS,88,6.2,311,39.3,D,0
-13.4925,134.6063,347.2,1.3,1.1,2014-11-21,0110,Terra,MODIS,90,6.2,310,47.9,D,0
-16.8075,142.9297,333.3,1.8,1.3,2014-11-21,0110,Terra,MODIS,54,6.2,311.6,25.3,D,0
-14.2408,135.3852,343,1.2,1.1,2014-11-21,0110,Terra,MODIS,82,6.2,312.1,31.4,D,0
-17.2861,143.2153,334.3,2,1.4,2014-11-21,0110,Terra,MODIS,37,6.2,309.1,37.8,D,0
-14.5208,142.2871,328.3,1.5,1.2,2014-11-21,0110,Terra,MODIS,48,6.2,309.7,16.2,D,0
-13.5106,133.6425,354.4,1.5,1.2,2014-11-21,0110,Terra,MODIS,96,6.2,306.6,100.5,D,0
-16.955,143.147,336.6,1.9,1.3,2014-11-21,0110,Terra,MODIS,66,6.2,310.4,38.6,D,0
-17.1955,142.9726,336.2,1.9,1.3,2014-11-21,0110,Terra,MODIS,62,6.2,310.6,35.5,D,0
-17.179,143.2909,338.3,2,1.4,2014-11-21,0110,Terra,MODIS,80,6.2,310.2,48.8,D,0
-12.6157,131.43,323.1,2.3,1.5,2014-11-21,0110,Terra,MODIS,13,6.2,298.1,32.2,D,0
-17.2624,142.9764,334.6,1.9,1.3,2014-11-21,0110,Terra,MODIS,36,6.2,313.3,28.8,D,0
-17.1934,142.9552,336.4,1.9,1.3,2014-11-21,0110,Terra,MODIS,66,6.2,312.7,34.6,D,0
-17.2059,143.3064,334.1,2,1.4,2014-11-21,0110,Terra,MODIS,37,6.2,311.8,31.7,D,0
-16.3966,133.7507,332,1.4,1.2,2014-11-21,0110,Terra,MODIS,32,6.2,309.2,13.4,D,0
-17.2866,142.9734,333.4,1.9,1.3,2014-11-21,0110,Terra,MODIS,38,6.2,310.2,20.8,D,0
-15.6256,130.1815,332.2,2.5,1.5,2014-11-21,0110,Terra,MODIS,72,6.2,304.3,45.9,D,0
-15.6392,130.1789,333.3,2.5,1.5,2014-11-21,0110,Terra,MODIS,75,6.2,303.5,51.1,D,0
-17.4421,142.5454,336.9,1.8,1.3,2014-11-21,0110,Terra,MODIS,76,6.2,309.8,35.9,D,0
-17.2962,143.1956,332.9,1.9,1.4,2014-11-21,0110,Terra,MODIS,46,6.2,305.9,38.4,D,0
-16.6222,133.9401,336.7,1.3,1.1,2014-11-21,0110,Terra,MODIS,74,6.2,311.9,25,D,0
-16.6334,133.9564,336.6,1.3,1.1,2014-11-21,0110,Terra,MODIS,61,6.2,312,20.6,D,0
-16.6456,133.9668,333.2,1.3,1.1,2014-11-21,0110,Terra,MODIS,41,6.2,311.7,15.1,D,0
-15.4013,135.9155,340.7,1.1,1,2014-11-21,0110,Terra,MODIS,81,6.2,308.4,26.9,D,0
-16.303,135.6644,336.6,1.1,1,2014-11-21,0110,Terra,MODIS,29,6.2,313.3,10.5,D,0
-15.3981,135.8955,340.4,1.1,1,2014-11-21,0110,Terra,MODIS,80,6.2,309.3,23.5,D,0
-15.3966,135.8855,332.7,1.1,1,2014-11-21,0110,Terra,MODIS,59,6.2,310.8,10.4,D,0
-15.3888,135.897,338.6,1.1,1,2014-11-21,0110,Terra,MODIS,77,6.2,310.1,21.1,D,0
-15.1434,135.7278,332.6,1.1,1,2014-11-21,0110,Terra,MODIS,43,6.2,310.1,13.3,D,0
-15.409,135.904,331.6,1.1,1,2014-11-21,0110,Terra,MODIS,39,6.2,309.1,9.5,D,0
-19.0625,141.9825,330.8,1.7,1.3,2014-11-21,0111,Terra,MODIS,56,6.2,307.1,17.8,D,0
-19.094,141.972,336.7,1.7,1.3,2014-11-21,0111,Terra,MODIS,78,6.2,308.2,38.3,D,0
-19.101,142.3374,333.6,1.8,1.3,2014-11-21,0111,Terra,MODIS,56,6.2,308.8,23.8,D,0
-19.0959,141.9879,350,1.7,1.3,2014-11-21,0111,Terra,MODIS,92,6.2,307.3,89.5,D,0
-19.1074,141.9865,343.4,1.7,1.3,2014-11-21,0111,Terra,MODIS,86,6.2,306,61.5,D,0
-16.8792,134.3254,340.7,1.2,1.1,2014-11-21,0111,Terra,MODIS,81,6.2,309.2,29.7,D,0
-16.9206,134.33,332.4,1.2,1.1,2014-11-21,0111,Terra,MODIS,33,6.2,309.2,13.9,D,0
-16.9089,134.3203,335.7,1.2,1.1,2014-11-21,0111,Terra,MODIS,46,6.2,308.7,18.3,D,0
-16.9187,134.3186,340.5,1.2,1.1,2014-11-21,0111,Terra,MODIS,75,6.2,310.3,28.7,D,0
-19.1384,142.2474,330.3,1.8,1.3,2014-11-21,0111,Terra,MODIS,21,6.2,307.5,17.9,D,0
-19.0034,141.7836,332.9,1.6,1.3,2014-11-21,0111,Terra,MODIS,63,6.2,308.9,20.1,D,0
-16.8227,134.2945,341.9,1.2,1.1,2014-11-21,0111,Terra,MODIS,56,6.2,312.7,27.4,D,0
-16.8345,134.3043,346.3,1.2,1.1,2014-11-21,0111,Terra,MODIS,79,6.2,313.4,38.8,D,0
-16.4937,132.7998,330.1,1.6,1.2,2014-11-21,0111,Terra,MODIS,23,6.2,307.8,16.1,D,0
-16.8595,133.1333,331.5,1.5,1.2,2014-11-21,0111,Terra,MODIS,47,6.2,309.8,14,D,0
-16.816,132.7902,339.4,1.5,1.2,2014-11-21,0111,Terra,MODIS,77,6.2,310.4,31.4,D,0
-16.8184,132.8045,335.9,1.5,1.2,2014-11-21,0111,Terra,MODIS,66,6.2,309.7,22.2,D,0
-16.7215,134.1135,337.4,1.3,1.1,2014-11-21,0111,Terra,MODIS,51,6.2,313.2,20.9,D,0
-16.7435,134.1219,338.1,1.3,1.1,2014-11-21,0111,Terra,MODIS,65,6.2,312.7,19.2,D,0
-16.7454,134.1337,343.9,1.3,1.1,2014-11-21,0111,Terra,MODIS,85,6.2,312.8,34.8,D,0
-16.7473,134.1456,335.9,1.3,1.1,2014-11-21,0111,Terra,MODIS,44,6.2,314,16.5,D,0
-16.7421,134.1161,336.4,1.3,1.1,2014-11-21,0111,Terra,MODIS,51,6.2,313.6,16.5,D,0
-16.744,134.128,343.4,1.3,1.1,2014-11-21,0111,Terra,MODIS,85,6.2,312.8,33.8,D,0
-16.746,134.1398,338.7,1.3,1.1,2014-11-21,0111,Terra,MODIS,72,6.2,313.7,22.1,D,0
-16.8648,133.1398,332.2,1.5,1.2,2014-11-21,0111,Terra,MODIS,59,6.2,310.2,16.8,D,0
-18.1435,141.2175,330.8,1.4,1.2,2014-11-21,0111,Terra,MODIS,58,6.2,305.1,23.8,D,0
-17.1497,131.1104,336.5,2,1.4,2014-11-21,0111,Terra,MODIS,73,6.2,312.3,39.2,D,0
-18.1895,141.289,333.5,1.5,1.2,2014-11-21,0111,Terra,MODIS,70,6.2,304.5,25.8,D,0
-18.2003,141.2875,331.6,1.5,1.2,2014-11-21,0111,Terra,MODIS,59,6.2,304.8,21.4,D,0
-18.202,141.3013,329.9,1.5,1.2,2014-11-21,0111,Terra,MODIS,61,6.2,304.4,18.9,D,0
-19.0948,142.3446,330.6,1.8,1.3,2014-11-21,0111,Terra,MODIS,40,6.2,307.6,17,D,0
-16.7715,134.2318,337.4,1.3,1.1,2014-11-21,0111,Terra,MODIS,64,6.2,311.7,20.6,D,0
-16.7853,134.2533,340.5,1.2,1.1,2014-11-21,0111,Terra,MODIS,46,6.2,314.5,23.9,D,0
-17.6348,135.3385,341.8,1.1,1,2014-11-21,0111,Terra,MODIS,77,6.2,313.3,23.9,D,0
-18.7683,126.7381,324.4,3.9,1.8,2014-11-21,0111,Terra,MODIS,22,6.2,291.4,59.1,D,0
-18.7728,126.7295,324.4,3.9,1.8,2014-11-21,0111,Terra,MODIS,20,6.2,290.9,58.9,D,0
-16.8462,134.3141,347,1.2,1.1,2014-11-21,0111,Terra,MODIS,89,6.2,313.4,42.5,D,0
-16.8481,134.3256,341.8,1.2,1.1,2014-11-21,0111,Terra,MODIS,83,6.2,311.3,31.8,D,0
-16.8561,134.3124,361,1.2,1.1,2014-11-21,0111,Terra,MODIS,100,6.2,313.1,85.7,D,0
-16.858,134.3239,371.1,1.2,1.1,2014-11-21,0111,Terra,MODIS,100,6.2,313,130.6,D,0
-16.8679,134.3222,334.3,1.2,1.1,2014-11-21,0111,Terra,MODIS,48,6.2,310.5,13.7,D,0
-16.8697,134.3336,333.4,1.2,1.1,2014-11-21,0111,Terra,MODIS,36,6.2,311.1,13.5,D,0
-16.8693,134.3271,334.2,1.2,1.1,2014-11-21,0111,Terra,MODIS,53,6.2,311.6,16.1,D,0
-17.6239,135.3299,341.6,1.1,1,2014-11-21,0111,Terra,MODIS,67,6.2,313.5,23,D,0
-18.5265,137.8458,346.3,1,1,2014-11-21,0111,Terra,MODIS,88,6.2,314,30.3,D,0
-18.5343,137.8348,339.6,1,1,2014-11-21,0111,Terra,MODIS,79,6.2,313.7,17.3,D,0
-18.5356,137.8444,336.5,1,1,2014-11-21,0111,Terra,MODIS,59,6.2,314.1,12.1,D,0
-18.5433,137.8334,334.9,1,1,2014-11-21,0111,Terra,MODIS,45,6.2,313.8,8.8,D,0
-18.5609,137.7621,337.7,1,1,2014-11-21,0111,Terra,MODIS,68,6.2,314.9,12.4,D,0
-18.5623,137.7717,341.5,1,1,2014-11-21,0111,Terra,MODIS,82,6.2,313.7,18.7,D,0
-24.979,129.4292,337.4,1.8,1.3,2014-11-21,0113,Terra,MODIS,30,6.2,321.2,28.1,D,0
-24.0824,129.1871,346.6,2,1.4,2014-11-21,0113,Terra,MODIS,89,6.2,317.1,90.6,D,0
-24.0861,129.2065,361.3,2,1.4,2014-11-21,0113,Terra,MODIS,100,6.2,315.5,184.2,D,0
-24.0947,129.1842,339.5,2,1.4,2014-11-21,0113,Terra,MODIS,81,6.2,315.9,55.7,D,0
-24.0983,129.2036,334,2,1.4,2014-11-21,0113,Terra,MODIS,70,6.2,315.1,32,D,0
-24.0838,129.1799,340.9,2,1.4,2014-11-21,0113,Terra,MODIS,82,6.2,316.8,58.7,D,0
-24.0876,129.1993,359.4,2,1.4,2014-11-21,0113,Terra,MODIS,99,6.2,316.9,167.3,D,0
-24.0913,129.2187,337,2,1.4,2014-11-21,0113,Terra,MODIS,75,6.2,313.9,40,D,0
-24.0998,129.1965,334.4,2,1.4,2014-11-21,0113,Terra,MODIS,69,6.2,315.1,34.9,D,0
-24.0961,129.1771,332.7,2,1.4,2014-11-21,0113,Terra,MODIS,63,6.2,315.1,27.9,D,0
-24.1677,128.7996,362.9,2.1,1.4,2014-11-21,0113,Terra,MODIS,100,6.2,319.3,211.4,D,0
-24.1717,128.8202,378,2.1,1.4,2014-11-21,0113,Terra,MODIS,100,6.2,316.5,366.5,D,0
-24.1803,128.7968,346.6,2.1,1.4,2014-11-21,0113,Terra,MODIS,88,6.2,317.3,95.8,D,0
-24.1843,128.8173,337.7,2.1,1.4,2014-11-21,0113,Terra,MODIS,70,6.2,315.7,52.2,D,0
-24.7375,129.6569,339.8,1.8,1.3,2014-11-21,0113,Terra,MODIS,79,6.2,316.7,46,D,0
-24.7407,129.6745,335.3,1.8,1.3,2014-11-21,0113,Terra,MODIS,70,6.2,314.6,30.1,D,0
-24.7344,129.6687,334.8,1.8,1.3,2014-11-21,0113,Terra,MODIS,65,6.2,316,28.9,D,0
-24.7462,129.6661,332,1.8,1.3,2014-11-21,0113,Terra,MODIS,40,6.2,314.9,20.2,D,0
-25.0129,129.4778,369.7,1.8,1.3,2014-11-21,0113,Terra,MODIS,100,6.2,319.9,216.9,D,0
-25.0163,129.4958,373.5,1.8,1.3,2014-11-21,0113,Terra,MODIS,100,6.2,318.8,250.9,D,0
-25.0095,129.4599,370.3,1.8,1.3,2014-11-21,0113,Terra,MODIS,100,6.2,321.6,220.5,D,0
-29.5525,124.7633,330.6,3,1.7,2014-11-21,0114,Terra,MODIS,74,6.2,311.7,64.9,D,0
-29.5592,124.7935,326.6,3,1.6,2014-11-21,0114,Terra,MODIS,54,6.2,310.6,39.9,D,0
-29.5446,124.7978,338.5,3,1.6,2014-11-21,0114,Terra,MODIS,84,6.2,313.6,115.3,D,0
-19.0807,122.5791,331.4,4.2,1.9,2014-11-21,0250,Terra,MODIS,84,6.2,291.2,133.1,D,0
-19.0837,122.5736,334.8,4.2,1.9,2014-11-21,0250,Terra,MODIS,86,6.2,293.2,170.9,D,0
-20.812,120.1307,332.5,2.9,1.6,2014-11-21,0250,Terra,MODIS,17,6.2,314.7,41.9,D,0
-20.7973,120.1323,336.3,2.9,1.6,2014-11-21,0250,Terra,MODIS,72,6.2,313.3,70.2,D,0
-22.3404,116.0074,337,1.5,1.2,2014-11-21,0251,Terra,MODIS,76,6.2,319.4,28.5,D,0
-22.3421,116.0222,340.3,1.5,1.2,2014-11-21,0251,Terra,MODIS,82,6.2,320.8,36.7,D,0
-37.9082,145.2368,314.5,1.9,1.3,2014-11-21,0352,Aqua,MODIS,51,6.2,298.8,12.6,D,0
-38.0416,144.2041,319.4,2.2,1.4,2014-11-21,0352,Aqua,MODIS,75,6.2,304.2,22.8,D,0
-38.0577,144.2013,331.2,2.2,1.4,2014-11-21,0352,Aqua,MODIS,85,6.2,305.1,62.9,D,0
-38.0426,144.2244,320.2,2.2,1.4,2014-11-21,0352,Aqua,MODIS,76,6.2,304.1,22.9,D,0
-38.0446,144.1998,363.9,2.2,1.4,2014-11-21,0352,Aqua,MODIS,100,6.2,306,270.1,D,0
-38.0565,144.1807,325.6,2.2,1.4,2014-11-21,0352,Aqua,MODIS,81,6.2,303.3,43.4,D,0
-38.0546,144.2057,368.6,2.2,1.4,2014-11-21,0352,Aqua,MODIS,100,6.2,306.5,316.3,D,0
-37.9596,142.7219,317.3,2.7,1.6,2014-11-21,0352,Aqua,MODIS,70,6.2,305.3,23.8,D,0
-37.9617,142.6909,317.4,2.7,1.6,2014-11-21,0352,Aqua,MODIS,70,6.2,305.4,24.9,D,0
-37.9637,142.6954,319,2.7,1.6,2014-11-21,0352,Aqua,MODIS,73,6.2,305.3,32.5,D,0
-30.1382,152.0794,331,1.1,1,2014-11-21,0354,Aqua,MODIS,39,6.2,310.5,15.3,D,0
-30.1196,152.0753,361.2,1.1,1,2014-11-21,0354,Aqua,MODIS,100,6.2,308.3,85.6,D,0
-30.1346,152.1017,336.3,1.1,1,2014-11-21,0354,Aqua,MODIS,82,6.2,299.7,27.3,D,0
-30.1364,152.0905,361.6,1.1,1,2014-11-21,0354,Aqua,MODIS,100,6.2,310.7,85,D,0
-30.1928,152.19,337.9,1.1,1,2014-11-21,0354,Aqua,MODIS,72,6.2,306.7,32.7,D,0
-30.1945,152.1794,344.6,1.1,1,2014-11-21,0354,Aqua,MODIS,85,6.2,308.2,44.5,D,0
-30.1835,152.1882,336.7,1.1,1,2014-11-21,0354,Aqua,MODIS,76,6.2,305,31.3,D,0
-30.2057,152.1698,362.3,1.1,1,2014-11-21,0354,Aqua,MODIS,100,6.2,304.7,92.1,D,0
-30.2076,152.1582,359.9,1.1,1,2014-11-21,0354,Aqua,MODIS,94,6.2,304.2,84.1,D,0
-30.1983,152.1559,348.7,1.1,1,2014-11-21,0354,Aqua,MODIS,86,6.2,301.7,51.4,D,0
-30.1796,152.1523,332.3,1.1,1,2014-11-21,0354,Aqua,MODIS,48,6.2,286.7,19.2,D,0
-30.1814,152.1408,342.8,1.1,1,2014-11-21,0354,Aqua,MODIS,84,6.2,301,38.3,D,0
-26.7051,147.0387,361,1.1,1,2014-11-21,0355,Aqua,MODIS,100,6.2,325.2,66.2,D,0
-24.9719,152.3044,324.4,1.3,1.1,2014-11-21,0355,Aqua,MODIS,58,6.2,300.2,17.2,D,0
-25.8139,151.0285,337.6,1.1,1,2014-11-21,0355,Aqua,MODIS,81,6.2,304.7,26.9,D,0
-26.5128,147.3292,346.7,1.1,1,2014-11-21,0355,Aqua,MODIS,88,6.2,322,29.8,D,0
-26.7037,147.0497,388.4,1.1,1,2014-11-21,0355,Aqua,MODIS,100,6.2,325.9,183,D,0
-27.3244,152.1153,350.6,1.2,1.1,2014-11-21,0355,Aqua,MODIS,94,6.2,301.3,64.1,D,0
-26.6957,147.0372,374.2,1.1,1,2014-11-21,0355,Aqua,MODIS,100,6.2,325.1,115.3,D,0
-26.6829,147.1362,356.6,1.1,1,2014-11-21,0355,Aqua,MODIS,97,6.2,321.5,53.9,D,0
-26.6843,147.1253,338.4,1.1,1,2014-11-21,0355,Aqua,MODIS,57,6.2,320.5,12.3,D,0
-26.6561,147.1207,339.9,1.1,1,2014-11-21,0355,Aqua,MODIS,76,6.2,322,12.6,D,0
-25.5294,150.4224,360.7,1.1,1,2014-11-21,0355,Aqua,MODIS,100,6.2,312.1,70.5,D,0
-25.5202,150.4206,332.8,1.1,1,2014-11-21,0355,Aqua,MODIS,44,6.2,310.3,9.7,D,0
-25.5218,150.4102,338.8,1.1,1,2014-11-21,0355,Aqua,MODIS,82,6.2,312.1,19.1,D,0
-25.5126,150.4085,334.4,1.1,1,2014-11-21,0355,Aqua,MODIS,73,6.2,311.7,11.8,D,0
-25.531,150.4119,350,1.1,1,2014-11-21,0355,Aqua,MODIS,93,6.2,312.9,42.6,D,0
-26.6942,147.0482,380.6,1.1,1,2014-11-21,0355,Aqua,MODIS,100,6.2,324.6,144.3,D,0
-23.0427,146.2458,333,1.1,1,2014-11-21,0356,Aqua,MODIS,49,6.2,306.9,20.8,D,0
-25.105,147.3633,334.8,1,1,2014-11-21,0356,Aqua,MODIS,74,6.2,311.2,17.9,D,0
-25.1063,147.3529,361.8,1,1,2014-11-21,0356,Aqua,MODIS,100,6.2,310.3,77.6,D,0
-24.8394,148.1648,331.9,1,1,2014-11-21,0356,Aqua,MODIS,57,6.2,306.7,14.2,D,0
-24.8484,148.1663,328.5,1,1,2014-11-21,0356,Aqua,MODIS,16,6.2,308.3,9.6,D,0
-24.3133,151.8891,339.1,1.3,1.1,2014-11-21,0356,Aqua,MODIS,86,6.2,303.1,43.6,D,0
-24.3153,151.8768,324.6,1.2,1.1,2014-11-21,0356,Aqua,MODIS,66,6.2,301.9,16.3,D,0
-24.3033,151.8871,329.5,1.3,1.1,2014-11-21,0356,Aqua,MODIS,76,6.2,302.7,23.2,D,0
-25.1142,147.3647,347.7,1,1,2014-11-21,0356,Aqua,MODIS,91,6.2,309.6,42.2,D,0
-21.4793,147.4185,342.8,1,1,2014-11-21,0356,Aqua,MODIS,84,6.2,318.8,19,D,0
-21.4734,147.4019,365.9,1,1,2014-11-21,0356,Aqua,MODIS,100,6.2,320.6,73.8,D,0
-24.7222,148.0771,336.1,1,1,2014-11-21,0356,Aqua,MODIS,77,6.2,309.5,16.4,D,0
-21.4807,147.4088,359.9,1,1,2014-11-21,0356,Aqua,MODIS,99,6.2,319.6,56.1,D,0
-25.1077,147.3425,329.7,1,1,2014-11-21,0356,Aqua,MODIS,48,6.2,307.1,10.6,D,0
-23.5597,149.6161,338.9,1,1,2014-11-21,0356,Aqua,MODIS,80,6.2,311.3,21.1,D,0
-23.5506,149.6145,337.8,1,1,2014-11-21,0356,Aqua,MODIS,78,6.2,311.6,17.9,D,0
-21.482,147.3991,340.5,1,1,2014-11-21,0356,Aqua,MODIS,81,6.2,318.8,14.2,D,0
-24.8574,148.1678,327.9,1,1,2014-11-21,0356,Aqua,MODIS,35,6.2,309,9.1,D,0
-21.472,147.4116,342.3,1,1,2014-11-21,0356,Aqua,MODIS,83,6.2,318.8,17.7,D,0
-25.1156,147.3544,369,1,1,2014-11-21,0356,Aqua,MODIS,100,6.2,309.5,101.4,D,0
-24.8032,147.0879,339.1,1.1,1,2014-11-21,0356,Aqua,MODIS,79,6.2,310.7,25.3,D,0
-24.8046,147.0774,381.2,1.1,1,2014-11-21,0356,Aqua,MODIS,100,6.2,315.7,151.5,D,0
-24.0096,150.9922,328.7,1.1,1.1,2014-11-21,0356,Aqua,MODIS,35,6.2,302.5,19.7,D,0
-24.0114,150.9811,348,1.1,1.1,2014-11-21,0356,Aqua,MODIS,92,6.2,305.1,56.2,D,0
-21.463,147.4101,350.7,1,1,2014-11-21,0356,Aqua,MODIS,92,6.2,318.9,33.9,D,0
-24.2519,151.0795,323.2,1.1,1.1,2014-11-21,0356,Aqua,MODIS,56,6.2,299.4,11.6,D,0
-24.2423,151.0777,338.5,1.1,1.1,2014-11-21,0356,Aqua,MODIS,85,6.2,298.8,35.8,D,0
-24.2442,151.0666,325.6,1.1,1.1,2014-11-21,0356,Aqua,MODIS,63,6.2,298.6,15,D,0
-24.866,148.1647,336.2,1,1,2014-11-21,0356,Aqua,MODIS,78,6.2,309,19.6,D,0
-25.1183,147.3336,335.8,1,1,2014-11-21,0356,Aqua,MODIS,71,6.2,306.7,19.3,D,0
-24.7299,148.0886,334.2,1,1,2014-11-21,0356,Aqua,MODIS,72,6.2,309.5,14.4,D,0
-22.9323,149.8144,326.7,1.1,1,2014-11-21,0356,Aqua,MODIS,36,6.2,307.3,8.9,D,0
-22.9215,149.823,342.1,1.1,1,2014-11-21,0356,Aqua,MODIS,85,6.2,307.6,30.8,D,0
-22.9231,149.8128,329,1.1,1,2014-11-21,0356,Aqua,MODIS,54,6.2,307,10.6,D,0
-21.4643,147.4005,377.5,1,1,2014-11-21,0356,Aqua,MODIS,100,6.2,320.9,114.2,D,0
-19.0718,141.993,336.9,1.7,1.3,2014-11-21,0357,Aqua,MODIS,68,6.2,309.8,26.2,D,0
-19.101,141.9461,335.6,1.8,1.3,2014-11-21,0357,Aqua,MODIS,70,6.2,311.6,22.3,D,0
-19.1205,141.9824,333.9,1.7,1.3,2014-11-21,0357,Aqua,MODIS,66,6.2,310.6,22.2,D,0
-19.1186,141.999,332.4,1.7,1.3,2014-11-21,0357,Aqua,MODIS,56,6.2,309.6,17,D,0
-19.0854,141.9779,339.8,1.7,1.3,2014-11-21,0357,Aqua,MODIS,79,6.2,310.3,36.4,D,0
-19.0971,141.9794,354.1,1.7,1.3,2014-11-21,0357,Aqua,MODIS,95,6.2,311.5,102.2,D,0
-19.1069,141.9975,335.5,1.7,1.3,2014-11-21,0357,Aqua,MODIS,71,6.2,309.6,26.3,D,0
-19.1088,141.9809,340.9,1.7,1.3,2014-11-21,0357,Aqua,MODIS,81,6.2,310.7,45.8,D,0
-18.9272,142.5603,334.3,1.6,1.2,2014-11-21,0357,Aqua,MODIS,57,6.2,312.9,18.2,D,0
-19.0737,141.9764,339.4,1.7,1.3,2014-11-21,0357,Aqua,MODIS,79,6.2,313,33.7,D,0
-19.006,141.7748,335.9,1.8,1.3,2014-11-21,0357,Aqua,MODIS,60,6.2,312.4,22,D,0
-19.0288,142.5636,353,1.6,1.2,2014-11-21,0357,Aqua,MODIS,94,6.2,311.6,88.7,D,0
-18.8027,142.4552,336.2,1.6,1.2,2014-11-21,0357,Aqua,MODIS,72,6.2,310.1,33.1,D,0
-19.0364,142.5951,334.8,1.6,1.2,2014-11-21,0357,Aqua,MODIS,58,6.2,310,26.6,D,0
-19.0382,142.5801,354,1.6,1.2,2014-11-21,0357,Aqua,MODIS,95,6.2,310.7,95.3,D,0
-18.9254,142.5753,369.1,1.6,1.2,2014-11-21,0357,Aqua,MODIS,100,6.2,315.5,174.8,D,0
-18.9236,142.5902,337,1.6,1.2,2014-11-21,0357,Aqua,MODIS,74,6.2,312.3,31.7,D,0
-19.0436,142.5349,347.2,1.6,1.2,2014-11-21,0357,Aqua,MODIS,89,6.2,311.5,63,D,0
-18.9477,142.5782,345.3,1.6,1.2,2014-11-21,0357,Aqua,MODIS,87,6.2,310.2,58.5,D,0
-19.1155,142.4117,347.8,1.6,1.3,2014-11-21,0357,Aqua,MODIS,90,6.2,313.4,64.4,D,0
-19.1137,142.4272,336.9,1.6,1.3,2014-11-21,0357,Aqua,MODIS,66,6.2,311.7,27.5,D,0
-19.0306,142.5485,337.8,1.6,1.2,2014-11-21,0357,Aqua,MODIS,70,6.2,311.6,31.1,D,0
-18.9625,142.5497,332.9,1.6,1.2,2014-11-21,0357,Aqua,MODIS,45,6.2,306.7,13.8,D,0
-18.9643,142.5347,340.1,1.6,1.2,2014-11-21,0357,Aqua,MODIS,80,6.2,313.6,34.3,D,0
-18.9143,142.5738,366.9,1.6,1.2,2014-11-21,0357,Aqua,MODIS,100,6.2,314.9,160.6,D,0
-18.9716,142.4741,339.5,1.6,1.2,2014-11-21,0357,Aqua,MODIS,79,6.2,313.3,31.8,D,0
-18.9495,142.5632,353.7,1.6,1.2,2014-11-21,0357,Aqua,MODIS,95,6.2,311.2,90.5,D,0
-18.9289,142.5453,337,1.6,1.2,2014-11-21,0357,Aqua,MODIS,74,6.2,312.9,24.1,D,0
-18.9734,142.4588,339.5,1.6,1.2,2014-11-21,0357,Aqua,MODIS,79,6.2,312.9,33,D,0
-18.916,142.5588,343.5,1.6,1.2,2014-11-21,0357,Aqua,MODIS,85,6.2,313.4,46.7,D,0
-18.9178,142.5438,349.7,1.6,1.2,2014-11-21,0357,Aqua,MODIS,91,6.2,313.7,69.1,D,0
-18.9366,142.5767,338,1.6,1.2,2014-11-21,0357,Aqua,MODIS,76,6.2,310.7,34.8,D,0
-21.4553,147.399,363.4,1,1,2014-11-21,0357,Aqua,MODIS,100,6.2,321.1,66.3,D,0
-21.454,147.4086,353.8,1,1,2014-11-21,0357,Aqua,MODIS,95,6.2,319.5,41.3,D,0
-18.5754,145.7832,325.5,1.1,1,2014-11-21,0357,Aqua,MODIS,40,6.2,298,17,D,0
-18.6286,145.7868,336.8,1.1,1,2014-11-21,0357,Aqua,MODIS,78,6.2,297.4,32.3,D,0
-18.5647,145.8615,322.8,1,1,2014-11-21,0357,Aqua,MODIS,29,6.2,295.7,12.8,D,0
-18.5781,145.7634,330.6,1.1,1,2014-11-21,0357,Aqua,MODIS,74,6.2,293.6,23.7,D,0
-18.5768,145.7733,334.9,1.1,1,2014-11-21,0357,Aqua,MODIS,62,6.2,298.9,29.2,D,0
-18.6391,145.7783,328.5,1.1,1,2014-11-21,0357,Aqua,MODIS,54,6.2,298,19.3,D,0
-18.5516,145.82,324.5,1,1,2014-11-21,0357,Aqua,MODIS,41,6.2,297.8,14.5,D,0
-18.5852,145.7599,333.4,1.1,1,2014-11-21,0357,Aqua,MODIS,78,6.2,292.2,27,D,0
-18.6378,145.7883,355.9,1.1,1,2014-11-21,0357,Aqua,MODIS,92,6.2,294.6,72.5,D,0
-15.3352,144.8274,338.1,1.1,1,2014-11-21,0358,Aqua,MODIS,79,6.2,313.8,23.2,D,0
-15.1896,145.2182,327.7,1,1,2014-11-21,0358,Aqua,MODIS,61,6.2,306.7,14.8,D,0
-15.3751,144.8129,337,1.1,1,2014-11-21,0358,Aqua,MODIS,80,6.2,312,20.5,D,0
-15.1883,145.2278,324.3,1,1,2014-11-21,0358,Aqua,MODIS,24,6.2,304.2,10,D,0
-15.3617,144.8414,334.4,1.1,1,2014-11-21,0358,Aqua,MODIS,55,6.2,311.4,17.7,D,0
-17.3944,143.0678,341,1.4,1.2,2014-11-21,0358,Aqua,MODIS,63,6.2,315.2,29.7,D,0
-16.9603,143.1349,342.3,1.4,1.2,2014-11-21,0358,Aqua,MODIS,83,6.2,315.3,31.4,D,0
-17.4859,142.7668,339.3,1.5,1.2,2014-11-21,0358,Aqua,MODIS,59,6.2,315.9,22.8,D,0
-16.9203,143.1164,336.4,1.4,1.2,2014-11-21,0358,Aqua,MODIS,32,6.2,316.6,15.6,D,0
-16.9587,143.1476,354.4,1.4,1.2,2014-11-21,0358,Aqua,MODIS,95,6.2,317.7,70.9,D,0
-15.2712,145.1019,329,1,1,2014-11-21,0358,Aqua,MODIS,60,6.2,303.5,19.3,D,0
-17.2432,143.3212,340.9,1.3,1.1,2014-11-21,0358,Aqua,MODIS,74,6.2,317.3,25.3,D,0
-14.901,144.5698,350.4,1.1,1,2014-11-21,0358,Aqua,MODIS,93,6.2,313.1,50,D,0
-17.2448,143.3087,343.2,1.3,1.1,2014-11-21,0358,Aqua,MODIS,84,6.2,317.4,31,D,0
-14.8997,144.5799,348.8,1.1,1,2014-11-21,0358,Aqua,MODIS,92,6.2,311.8,45.6,D,0
-14.9267,144.4496,337.3,1.1,1,2014-11-21,0358,Aqua,MODIS,76,6.2,309.1,24.5,D,0
-17.026,143.1765,378.2,1.4,1.2,2014-11-21,0358,Aqua,MODIS,100,6.2,318.8,183.4,D,0
-17.0555,143.1935,349.4,1.4,1.2,2014-11-21,0358,Aqua,MODIS,91,6.2,319.6,49,D,0
-16.9948,143.1722,344.3,1.4,1.2,2014-11-21,0358,Aqua,MODIS,85,6.2,317.9,33.6,D,0
-17.3846,142.5766,340.7,1.5,1.2,2014-11-21,0358,Aqua,MODIS,68,6.2,314,30.2,D,0
-17.0052,143.1736,347.4,1.4,1.2,2014-11-21,0358,Aqua,MODIS,89,6.2,318.3,43,D,0
-16.9883,143.1646,341.1,1.4,1.2,2014-11-21,0358,Aqua,MODIS,81,6.2,316.4,26.3,D,0
-16.9675,143.1618,343.1,1.4,1.2,2014-11-21,0358,Aqua,MODIS,84,6.2,318.4,34.4,D,0
-16.9779,143.1632,341.6,1.4,1.2,2014-11-21,0358,Aqua,MODIS,72,6.2,318.7,27,D,0
-17.0156,143.1751,346.5,1.4,1.2,2014-11-21,0358,Aqua,MODIS,88,6.2,320.1,41.5,D,0
-17.2437,142.9817,354.6,1.4,1.2,2014-11-21,0358,Aqua,MODIS,96,6.2,313.9,78.8,D,0
-17.256,142.9699,336.8,1.4,1.2,2014-11-21,0358,Aqua,MODIS,57,6.2,314.9,20.5,D,0
-17.2543,142.9831,348.4,1.4,1.2,2014-11-21,0358,Aqua,MODIS,90,6.2,315,55.8,D,0
-17.2226,142.9788,335.6,1.4,1.2,2014-11-21,0358,Aqua,MODIS,50,6.2,314.8,17.9,D,0
-17.2332,142.9802,341.2,1.4,1.2,2014-11-21,0358,Aqua,MODIS,82,6.2,315.5,35,D,0
-17.2454,142.9685,333.4,1.4,1.2,2014-11-21,0358,Aqua,MODIS,45,6.2,313.2,12.3,D,0
-17.3137,142.5044,351.9,1.5,1.2,2014-11-21,0358,Aqua,MODIS,93,6.2,311.2,78.5,D,0
-17.4499,142.5202,334.1,1.5,1.2,2014-11-21,0358,Aqua,MODIS,42,6.2,311.7,18.3,D,0
-17.4462,142.5273,342.2,1.5,1.2,2014-11-21,0358,Aqua,MODIS,72,6.2,313.1,38.8,D,0
-15.7183,144.989,327.5,1.1,1,2014-11-21,0358,Aqua,MODIS,63,6.2,308.3,9.6,D,0
-17.2137,142.9642,339.5,1.4,1.2,2014-11-21,0358,Aqua,MODIS,77,6.2,316.7,25.7,D,0
-15.7935,145.1064,337.1,1.1,1,2014-11-21,0358,Aqua,MODIS,61,6.2,309.1,23.3,D,0
-17.4276,143.059,336.2,1.4,1.2,2014-11-21,0358,Aqua,MODIS,48,6.2,315.2,17.7,D,0
-16.8342,137.5979,326.8,3.5,1.8,2014-11-21,0358,Aqua,MODIS,37,6.2,299.5,46.9,D,0
-16.8252,137.5924,327.5,3.5,1.8,2014-11-21,0358,Aqua,MODIS,43,6.2,299.8,53.6,D,0
-15.1805,145.2169,344.6,1,1,2014-11-21,0358,Aqua,MODIS,89,6.2,307.3,41.9,D,0
-17.4701,142.5374,341.3,1.5,1.2,2014-11-21,0358,Aqua,MODIS,61,6.2,310.2,34.3,D,0
-17.1361,143.2744,346.3,1.3,1.1,2014-11-21,0358,Aqua,MODIS,88,6.2,318,39.5,D,0
-16.8231,143.0259,336,1.4,1.2,2014-11-21,0358,Aqua,MODIS,56,6.2,316.1,15.3,D,0
-17.1769,142.9526,337.7,1.4,1.2,2014-11-21,0358,Aqua,MODIS,62,6.2,315.2,18.5,D,0
-17.3081,143.0224,331.8,1.4,1.2,2014-11-21,0358,Aqua,MODIS,51,6.2,311.6,16.4,D,0
-17.3456,145.3106,343.8,1.1,1,2014-11-21,0358,Aqua,MODIS,90,6.2,310.6,34.9,D,0
-14.9359,144.5234,333.9,1.1,1,2014-11-21,0358,Aqua,MODIS,73,6.2,310.4,15.1,D,0
-17.3442,145.3207,345.1,1.1,1,2014-11-21,0358,Aqua,MODIS,91,6.2,311.6,38.3,D,0
-17.368,143.0574,340.8,1.4,1.2,2014-11-21,0358,Aqua,MODIS,81,6.2,312.9,33.1,D,0
-15.0903,145.0136,339.6,1.1,1,2014-11-21,0358,Aqua,MODIS,84,6.2,302.5,32.5,D,0
-15.089,145.0232,338.7,1.1,1,2014-11-21,0358,Aqua,MODIS,83,6.2,303,31.4,D,0
-14.8629,144.5995,336.4,1.1,1,2014-11-21,0358,Aqua,MODIS,77,6.2,309.3,20.5,D,0
-15.093,144.994,339.6,1.1,1,2014-11-21,0358,Aqua,MODIS,84,6.2,303.2,32.8,D,0
-15.0917,145.004,327.1,1.1,1,2014-11-21,0358,Aqua,MODIS,49,6.2,303.3,13.7,D,0
-16.8379,143.0474,336.6,1.4,1.2,2014-11-21,0358,Aqua,MODIS,60,6.2,316,15.2,D,0
-16.8483,143.0489,344.4,1.4,1.2,2014-11-21,0358,Aqua,MODIS,86,6.2,316.4,34.5,D,0
-17.3097,143.0093,357.3,1.4,1.2,2014-11-21,0358,Aqua,MODIS,98,6.2,315,94.5,D,0
-17.2992,143.0078,356.1,1.4,1.2,2014-11-21,0358,Aqua,MODIS,97,6.2,310,88.9,D,0
-16.8126,143.0244,337.6,1.4,1.2,2014-11-21,0358,Aqua,MODIS,68,6.2,315.9,19.7,D,0
-17.3008,142.9947,347.9,1.4,1.2,2014-11-21,0358,Aqua,MODIS,90,6.2,311.6,57.5,D,0
-17.3376,145.2993,344.8,1.1,1,2014-11-21,0358,Aqua,MODIS,90,6.2,308.2,38.5,D,0
-17.3335,145.3295,338.1,1.1,1,2014-11-21,0358,Aqua,MODIS,85,6.2,311.1,24,D,0
-17.3363,145.3093,338.1,1.1,1,2014-11-21,0358,Aqua,MODIS,81,6.2,310.9,23.2,D,0
-17.3349,145.3195,334.5,1.1,1,2014-11-21,0358,Aqua,MODIS,81,6.2,312.2,17.5,D,0
-16.8038,143.0101,338.4,1.4,1.2,2014-11-21,0358,Aqua,MODIS,76,6.2,315.8,23.9,D,0
-16.8143,143.0115,337,1.4,1.2,2014-11-21,0358,Aqua,MODIS,45,6.2,316.6,18.3,D,0
-17.1538,145.4875,334.2,1.1,1,2014-11-21,0358,Aqua,MODIS,81,6.2,308.1,20.3,D,0
-14.8508,144.6182,343.6,1.1,1,2014-11-21,0358,Aqua,MODIS,87,6.2,307.5,34,D,0
-14.8643,144.5895,339.9,1.1,1,2014-11-21,0358,Aqua,MODIS,82,6.2,313.1,26.8,D,0
-15.7368,144.9918,339.1,1.1,1,2014-11-21,0358,Aqua,MODIS,84,6.2,308.1,26.8,D,0
-15.7262,145.0003,330.4,1.1,1,2014-11-21,0358,Aqua,MODIS,66,6.2,308.5,12.6,D,0
-17.4482,142.5344,347.6,1.5,1.2,2014-11-21,0358,Aqua,MODIS,85,6.2,314.3,56.6,D,0
-14.8415,144.6169,335.5,1.1,1,2014-11-21,0358,Aqua,MODIS,44,6.2,310.4,18.8,D,0
-14.8522,144.6082,345.9,1.1,1,2014-11-21,0358,Aqua,MODIS,89,6.2,306.2,38.4,D,0
-14.8456,144.5867,332.7,1.1,1,2014-11-21,0358,Aqua,MODIS,56,6.2,308.7,14.8,D,0
-14.8335,144.6055,334,1.1,1,2014-11-21,0358,Aqua,MODIS,63,6.2,308.4,17.3,D,0
-15.7275,144.9904,325.6,1.1,1,2014-11-21,0358,Aqua,MODIS,45,6.2,307.7,6.9,D,0
-15.7354,145.0017,342.1,1.1,1,2014-11-21,0358,Aqua,MODIS,87,6.2,310.3,31.6,D,0
-14.9441,144.4626,328.4,1.1,1,2014-11-21,0358,Aqua,MODIS,42,6.2,306.3,11.1,D,0
-17.3828,142.5907,357.8,1.5,1.2,2014-11-21,0358,Aqua,MODIS,98,6.2,314.3,92.7,D,0
-15.1791,145.2265,338,1,1,2014-11-21,0358,Aqua,MODIS,54,6.2,302.1,28.7,D,0
-14.875,144.5808,347.6,1.1,1,2014-11-21,0358,Aqua,MODIS,91,6.2,309.1,41.8,D,0
-17.168,142.9379,343.5,1.4,1.2,2014-11-21,0358,Aqua,MODIS,85,6.2,317.6,33.7,D,0
-14.9173,144.4483,337.6,1.1,1,2014-11-21,0358,Aqua,MODIS,79,6.2,306.7,25.4,D,0
-16.1295,144.2999,338.5,1.1,1.1,2014-11-21,0358,Aqua,MODIS,76,6.2,319.3,14.9,D,0
-16.8021,136.2548,328.7,4.4,1.9,2014-11-21,0358,Aqua,MODIS,68,6.2,302.1,70.6,D,0
-14.9414,144.4829,334.3,1.1,1,2014-11-21,0358,Aqua,MODIS,74,6.2,307.8,19.4,D,0
-15.7725,145.053,333.1,1.1,1,2014-11-21,0358,Aqua,MODIS,59,6.2,311.4,14.8,D,0
-16.8081,142.8914,335.9,1.4,1.2,2014-11-21,0358,Aqua,MODIS,72,6.2,312.6,20.3,D,0
-16.8065,142.9046,347.3,1.4,1.2,2014-11-21,0358,Aqua,MODIS,89,6.2,313.9,53.3,D,0
-15.8317,145.0885,330.6,1.1,1,2014-11-21,0358,Aqua,MODIS,50,6.2,311.2,12.8,D,0
-17.2329,143.3198,361.8,1.3,1.1,2014-11-21,0358,Aqua,MODIS,100,6.2,321.2,95.8,D,0
-15.7763,145.0939,352.4,1.1,1,2014-11-21,0358,Aqua,MODIS,95,6.2,310.7,52.5,D,0
-18.1897,141.273,334.1,1.9,1.3,2014-11-21,0358,Aqua,MODIS,66,6.2,305.9,35.1,D,0
-18.143,141.2489,332.3,1.9,1.4,2014-11-21,0358,Aqua,MODIS,60,6.2,304.5,32,D,0
-18.1451,141.2307,342.1,1.9,1.4,2014-11-21,0358,Aqua,MODIS,83,6.2,306,73,D,0
-18.1471,141.2126,340.4,1.9,1.4,2014-11-21,0358,Aqua,MODIS,81,6.2,307.6,67.2,D,0
-18.1389,141.1745,337.1,1.9,1.4,2014-11-21,0358,Aqua,MODIS,76,6.2,307.5,54.5,D,0
-18.1533,141.2249,333.8,1.9,1.4,2014-11-21,0358,Aqua,MODIS,69,6.2,306,39.1,D,0
-18.139,141.2415,343.9,1.9,1.4,2014-11-21,0358,Aqua,MODIS,86,6.2,306.1,79.6,D,0
-15.8304,145.0984,333.6,1.1,1,2014-11-21,0358,Aqua,MODIS,63,6.2,310.2,17.8,D,0
-15.775,145.1039,340.1,1.1,1,2014-11-21,0358,Aqua,MODIS,85,6.2,309.2,28.6,D,0
-15.7842,145.1052,346,1.1,1,2014-11-21,0358,Aqua,MODIS,90,6.2,309.6,39.7,D,0
-15.7856,145.0953,340.7,1.1,1,2014-11-21,0358,Aqua,MODIS,82,6.2,311.5,27.1,D,0
-15.8041,145.0979,336.6,1.1,1,2014-11-21,0358,Aqua,MODIS,60,6.2,310.6,20.1,D,0
-15.0836,145.0621,350.7,1,1,2014-11-21,0358,Aqua,MODIS,94,6.2,301.8,55.5,D,0
-15.7948,145.0965,348.9,1.1,1,2014-11-21,0358,Aqua,MODIS,93,6.2,311.9,44,D,0
-15.0758,145.0511,325,1.1,1,2014-11-21,0358,Aqua,MODIS,36,6.2,302.1,13.1,D,0
-14.9373,144.5133,337.9,1.1,1,2014-11-21,0358,Aqua,MODIS,80,6.2,311.4,22.4,D,0
-17.2819,143.3192,336.1,1.3,1.1,2014-11-21,0358,Aqua,MODIS,27,6.2,315,14.8,D,0
-17.0803,143.2154,342,1.4,1.2,2014-11-21,0358,Aqua,MODIS,60,6.2,318.6,25,D,0
-17.4372,142.533,339.8,1.5,1.2,2014-11-21,0358,Aqua,MODIS,56,6.2,312.7,31.1,D,0
-15.0744,145.0608,344.4,1,1,2014-11-21,0358,Aqua,MODIS,89,6.2,302.2,43.6,D,0
-17.3025,143.322,339.5,1.3,1.1,2014-11-21,0358,Aqua,MODIS,72,6.2,317.5,25,D,0
-17.2922,143.3206,338.8,1.3,1.1,2014-11-21,0358,Aqua,MODIS,68,6.2,314,22.3,D,0
-17.3129,143.3234,339,1.3,1.1,2014-11-21,0358,Aqua,MODIS,65,6.2,318.1,23.5,D,0
-17.3351,143.3138,345.7,1.3,1.1,2014-11-21,0358,Aqua,MODIS,85,6.2,317.2,41.3,D,0
-15.085,145.0524,327.5,1.1,1,2014-11-21,0358,Aqua,MODIS,41,6.2,302.6,14.5,D,0
-15.7592,145.0812,337.6,1.1,1,2014-11-21,0358,Aqua,MODIS,83,6.2,309.9,20.8,D,0
-15.8119,145.1094,337,1.1,1,2014-11-21,0358,Aqua,MODIS,62,6.2,307.9,25.8,D,0
-15.596,136.0891,324.1,4.3,1.9,2014-11-21,0358,Aqua,MODIS,66,6.2,300.9,55.1,D,0
-15.598,136.0968,329.4,4.3,1.9,2014-11-21,0358,Aqua,MODIS,82,6.2,301.1,109.4,D,0
-17.3955,142.578,347.5,1.5,1.2,2014-11-21,0358,Aqua,MODIS,89,6.2,314.7,52.1,D,0
-17.3937,142.5921,353.8,1.5,1.2,2014-11-21,0358,Aqua,MODIS,95,6.2,317.2,74.8,D,0
-17.4683,142.5516,347.8,1.5,1.2,2014-11-21,0358,Aqua,MODIS,88,6.2,311.2,51.6,D,0
-15.8423,145.08,330.5,1.1,1,2014-11-21,0358,Aqua,MODIS,57,6.2,306.9,12.8,D,0
-17.4793,142.553,354.8,1.5,1.2,2014-11-21,0358,Aqua,MODIS,96,6.2,315.4,81.9,D,0
-15.8409,145.0899,350.9,1.1,1,2014-11-21,0358,Aqua,MODIS,94,6.2,309.4,51,D,0
-16.1309,144.2892,340.8,1.1,1.1,2014-11-21,0358,Aqua,MODIS,78,6.2,318.8,20.8,D,0
-16.1337,144.2677,338.5,1.2,1.1,2014-11-21,0358,Aqua,MODIS,61,6.2,316.2,21.2,D,0
-14.9279,144.5119,334.2,1.1,1,2014-11-21,0358,Aqua,MODIS,71,6.2,310.4,15.2,D,0
-17.1083,143.245,341.8,1.3,1.1,2014-11-21,0358,Aqua,MODIS,75,6.2,317.5,26.3,D,0
-15.7606,145.0714,339.4,1.1,1,2014-11-21,0358,Aqua,MODIS,85,6.2,309.8,23.3,D,0
-17.1964,142.9686,338,1.4,1.2,2014-11-21,0358,Aqua,MODIS,53,6.2,315.4,20,D,0
-14.9427,144.4727,331,1.1,1,2014-11-21,0358,Aqua,MODIS,66,6.2,306.9,14.6,D,0
-14.9265,144.5221,354.4,1.1,1,2014-11-21,0358,Aqua,MODIS,96,6.2,313.6,58.6,D,0
-17.0347,143.1906,344.8,1.4,1.2,2014-11-21,0358,Aqua,MODIS,86,6.2,318.2,34.7,D,0
-15.2739,145.0825,366.3,1.1,1,2014-11-21,0358,Aqua,MODIS,100,6.2,302.4,101.9,D,0
-17.3292,143.0253,333.2,1.4,1.2,2014-11-21,0358,Aqua,MODIS,22,6.2,312.7,16,D,0
-17.3591,143.0428,335.6,1.4,1.2,2014-11-21,0358,Aqua,MODIS,54,6.2,313,19.8,D,0
-17.481,142.5388,380.1,1.5,1.2,2014-11-21,0358,Aqua,MODIS,100,6.2,314.7,235.7,D,0
-17.2226,143.3184,347.3,1.3,1.1,2014-11-21,0358,Aqua,MODIS,89,6.2,317.6,42.9,D,0
-15.833,145.0786,331.4,1.1,1,2014-11-21,0358,Aqua,MODIS,66,6.2,309.8,14,D,0
-15.8211,145.1106,339.1,1.1,1,2014-11-21,0358,Aqua,MODIS,69,6.2,308.6,29.9,D,0
-15.8225,145.1007,337.7,1.1,1,2014-11-21,0358,Aqua,MODIS,52,6.2,311.5,26.1,D,0
-15.2794,145.0999,328.4,1.1,1,2014-11-21,0358,Aqua,MODIS,46,6.2,300.3,13.9,D,0
-17.3785,143.0588,337.9,1.4,1.2,2014-11-21,0358,Aqua,MODIS,65,6.2,315.7,24.1,D,0
-17.0451,143.1921,338.2,1.4,1.2,2014-11-21,0358,Aqua,MODIS,42,6.2,317.9,17.7,D,0
-17.1671,143.2788,344.5,1.3,1.1,2014-11-21,0358,Aqua,MODIS,78,6.2,316.6,34.7,D,0
-16.1746,144.3284,348.3,1.1,1.1,2014-11-21,0358,Aqua,MODIS,91,6.2,313.9,41.7,D,0
-16.165,144.327,348.2,1.1,1.1,2014-11-21,0358,Aqua,MODIS,91,6.2,317.4,40,D,0
-17.2649,142.9845,343,1.4,1.2,2014-11-21,0358,Aqua,MODIS,84,6.2,314.6,40.4,D,0
-17.0363,143.1779,351.4,1.4,1.2,2014-11-21,0358,Aqua,MODIS,93,6.2,317.9,55.4,D,0
-14.8903,144.5785,340.4,1.1,1,2014-11-21,0358,Aqua,MODIS,84,6.2,310.9,28.2,D,0
-17.375,143.0518,339.6,1.4,1.2,2014-11-21,0358,Aqua,MODIS,79,6.2,315.1,28.3,D,0
-17.2918,142.98,337,1.4,1.2,2014-11-21,0358,Aqua,MODIS,68,6.2,310.4,23.2,D,0
-14.8723,143.2416,336,1.3,1.1,2014-11-21,0358,Aqua,MODIS,73,6.2,313.8,17.6,D,0
-15.75,145.0799,339.2,1.1,1,2014-11-21,0358,Aqua,MODIS,84,6.2,312.2,24.1,D,0
-14.8736,144.5908,375.9,1.1,1,2014-11-21,0358,Aqua,MODIS,100,6.2,311.9,132,D,0
-15.7167,145.0694,341.7,1.1,1,2014-11-21,0358,Aqua,MODIS,86,6.2,310.6,29.7,D,0
-15.7153,145.0792,331.5,1.1,1,2014-11-21,0358,Aqua,MODIS,60,6.2,309.3,13.8,D,0
-15.7246,145.0806,343.8,1.1,1,2014-11-21,0358,Aqua,MODIS,88,6.2,310.8,34.3,D,0
-14.8857,144.5721,337.5,1.1,1,2014-11-21,0358,Aqua,MODIS,79,6.2,310.3,21.4,D,0
-17.2509,143.3149,340.4,1.3,1.1,2014-11-21,0358,Aqua,MODIS,57,6.2,317.4,23.5,D,0
-14.8722,144.6009,331.7,1.1,1,2014-11-21,0358,Aqua,MODIS,65,6.2,309.3,13,D,0
-14.8843,144.5821,343.7,1.1,1,2014-11-21,0358,Aqua,MODIS,87,6.2,309.8,33.1,D,0
-15.2647,145.0811,335.1,1.1,1,2014-11-21,0358,Aqua,MODIS,78,6.2,302.4,27.9,D,0
-17.3397,143.0268,336.6,1.4,1.2,2014-11-21,0358,Aqua,MODIS,73,6.2,312.8,24.3,D,0
-17.3486,143.0414,331.8,1.4,1.2,2014-11-21,0358,Aqua,MODIS,31,6.2,312.2,12.5,D,0
-17.3381,143.0399,332.4,1.4,1.2,2014-11-21,0358,Aqua,MODIS,39,6.2,312.5,15,D,0
-17.2857,143.2038,348.9,1.4,1.2,2014-11-21,0358,Aqua,MODIS,91,6.2,311,62,D,0
-17.3017,143.2449,337,1.4,1.2,2014-11-21,0358,Aqua,MODIS,70,6.2,313.7,22.8,D,0
-17.2242,143.3058,341.9,1.3,1.1,2014-11-21,0358,Aqua,MODIS,80,6.2,317.3,27.1,D,0
-17.5156,142.5289,348,1.5,1.2,2014-11-21,0358,Aqua,MODIS,90,6.2,310.4,64.7,D,0
-17.5138,142.5432,357.9,1.5,1.2,2014-11-21,0358,Aqua,MODIS,98,6.2,313.6,102.5,D,0
-17.2035,143.3031,341.4,1.3,1.1,2014-11-21,0358,Aqua,MODIS,81,6.2,318.1,26.1,D,0
-17.1637,143.2848,342.5,1.3,1.1,2014-11-21,0358,Aqua,MODIS,68,6.2,316.9,30,D,0
-17.2738,143.2151,335.7,1.4,1.2,2014-11-21,0358,Aqua,MODIS,50,6.2,311,23,D,0
-17.1932,143.3016,338.8,1.3,1.1,2014-11-21,0358,Aqua,MODIS,42,6.2,318.3,19.4,D,0
-17.1653,143.2722,344.4,1.3,1.1,2014-11-21,0358,Aqua,MODIS,81,6.2,315.5,35.8,D,0
-17.1741,143.2862,337.7,1.3,1.1,2014-11-21,0358,Aqua,MODIS,64,6.2,316.2,19.3,D,0
-17.1844,143.2876,337.5,1.3,1.1,2014-11-21,0358,Aqua,MODIS,75,6.2,316.6,18.9,D,0
-14.7801,144.7196,338.6,1.1,1,2014-11-21,0358,Aqua,MODIS,81,6.2,309,26.2,D,0
-14.8481,144.6383,326.9,1.1,1,2014-11-21,0358,Aqua,MODIS,22,6.2,307.8,8.7,D,0
-14.8494,144.6283,367.4,1.1,1,2014-11-21,0358,Aqua,MODIS,100,6.2,310.7,101,D,0
-14.8388,144.6369,334.8,1.1,1,2014-11-21,0358,Aqua,MODIS,52,6.2,309.9,19.1,D,0
-14.8401,144.6269,362.7,1.1,1,2014-11-21,0358,Aqua,MODIS,100,6.2,312.3,83.8,D,0
-14.8294,144.6356,343.1,1.1,1,2014-11-21,0358,Aqua,MODIS,86,6.2,310.3,34.5,D,0
-14.8134,144.6841,354.7,1.1,1,2014-11-21,0358,Aqua,MODIS,96,6.2,308.8,64.5,D,0
-14.8147,144.6741,360.4,1.1,1,2014-11-21,0358,Aqua,MODIS,100,6.2,308.5,79.8,D,0
-14.8188,144.6443,327.2,1.1,1,2014-11-21,0358,Aqua,MODIS,36,6.2,307.3,9.3,D,0
-14.8228,144.6142,330.4,1.1,1,2014-11-21,0358,Aqua,MODIS,25,6.2,307.2,11.6,D,0
-14.8242,144.6041,331.5,1.1,1,2014-11-21,0358,Aqua,MODIS,35,6.2,307.4,13.3,D,0
-14.8027,144.6929,339.6,1.1,1,2014-11-21,0358,Aqua,MODIS,82,6.2,308.2,28.7,D,0
-14.8041,144.6828,343,1.1,1,2014-11-21,0358,Aqua,MODIS,86,6.2,309.8,35,D,0
-14.8054,144.6728,388.7,1.1,1,2014-11-21,0358,Aqua,MODIS,100,6.2,313,195.1,D,0
-14.8067,144.6629,339.3,1.1,1,2014-11-21,0358,Aqua,MODIS,82,6.2,304.6,27.8,D,0
-14.7934,144.6916,339.3,1.1,1,2014-11-21,0358,Aqua,MODIS,82,6.2,308.8,26.5,D,0
-14.8028,144.6215,343,1.1,1,2014-11-21,0358,Aqua,MODIS,86,6.2,307.1,35.8,D,0
-14.8042,144.6114,339.3,1.1,1,2014-11-21,0358,Aqua,MODIS,82,6.2,306.2,28.8,D,0
-17.3242,145.3283,339.1,1.1,1,2014-11-21,0358,Aqua,MODIS,86,6.2,312.5,25.6,D,0
-17.315,145.3268,375.1,1.1,1,2014-11-21,0358,Aqua,MODIS,100,6.2,314.1,126.8,D,0
-17.3163,145.3168,355.8,1.1,1,2014-11-21,0358,Aqua,MODIS,97,6.2,314.1,62.6,D,0
-17.3191,145.2965,334.1,1.1,1,2014-11-21,0358,Aqua,MODIS,37,6.2,309.1,19.4,D,0
-17.3057,145.3253,341.7,1.1,1,2014-11-21,0358,Aqua,MODIS,88,6.2,312.8,32.7,D,0
-17.2965,145.324,356.7,1.1,1,2014-11-21,0358,Aqua,MODIS,98,6.2,311.8,69.1,D,0
-17.2978,145.314,340.7,1.1,1,2014-11-21,0358,Aqua,MODIS,77,6.2,310.2,32.4,D,0
-15.6134,136.0909,324.3,4.3,1.9,2014-11-21,0358,Aqua,MODIS,44,6.2,300.7,51.8,D,0
-14.7815,144.7097,348.2,1.1,1,2014-11-21,0358,Aqua,MODIS,91,6.2,309.5,44.9,D,0
-14.774,144.7122,342.8,1.1,1,2014-11-21,0358,Aqua,MODIS,86,6.2,311.6,33.1,D,0
-15.0717,145.0803,325.8,1,1,2014-11-21,0358,Aqua,MODIS,35,6.2,300.3,13.2,D,0
-15.0809,145.0815,344.2,1,1,2014-11-21,0358,Aqua,MODIS,88,6.2,300.7,42.5,D,0
-14.7235,144.7352,328.8,1.1,1,2014-11-21,0358,Aqua,MODIS,38,6.2,310.6,12.8,D,0
-14.7407,144.7479,337.1,1.1,1,2014-11-21,0358,Aqua,MODIS,65,6.2,307.7,25.6,D,0
-14.7634,144.7208,333.2,1.1,1,2014-11-21,0358,Aqua,MODIS,52,6.2,309.8,15.9,D,0
-14.762,144.7307,335.6,1.1,1,2014-11-21,0358,Aqua,MODIS,69,6.2,309.5,20.7,D,0
-13.6296,135.4626,325.3,4.6,2,2014-11-21,0359,Aqua,MODIS,12,6.2,300,77.8,D,0
-15.4008,135.887,324.2,4.5,1.9,2014-11-21,0359,Aqua,MODIS,70,6.2,299.7,76.8,D,0
-15.4009,135.8912,324.1,4.5,1.9,2014-11-21,0359,Aqua,MODIS,77,6.2,299.6,77.3,D,0
-14.5396,142.3265,334.5,1.4,1.2,2014-11-21,0359,Aqua,MODIS,68,6.2,313.6,17,D,0
-12.9282,143.444,329.1,1.2,1.1,2014-11-21,0359,Aqua,MODIS,72,6.2,304.5,23.6,D,0
-11.156,142.6844,313.8,1.2,1.1,2014-11-21,0359,Aqua,MODIS,56,6.2,296.1,8.8,D,0
-12.293,141.799,330.6,1.4,1.2,2014-11-21,0359,Aqua,MODIS,57,6.2,302.1,29.5,D,0
-14.5507,142.1994,353.6,1.5,1.2,2014-11-21,0359,Aqua,MODIS,95,6.2,310.5,87.6,D,0
-14.5489,142.2129,337.7,1.5,1.2,2014-11-21,0359,Aqua,MODIS,75,6.2,310.9,33.5,D,0
-14.5631,142.1874,334.4,1.5,1.2,2014-11-21,0359,Aqua,MODIS,57,6.2,310.8,26.4,D,0
-14.5561,142.1932,336.9,1.5,1.2,2014-11-21,0359,Aqua,MODIS,68,6.2,310.5,32.2,D,0
-14.5544,142.2066,333.1,1.5,1.2,2014-11-21,0359,Aqua,MODIS,56,6.2,311,21.9,D,0
-14.5577,142.1797,353.7,1.5,1.2,2014-11-21,0359,Aqua,MODIS,95,6.2,311,89.7,D,0
-14.5524,142.1859,341.7,1.5,1.2,2014-11-21,0359,Aqua,MODIS,81,6.2,310.4,47.7,D,0
-14.5275,142.21,328.7,1.5,1.2,2014-11-21,0359,Aqua,MODIS,53,6.2,309.1,16.4,D,0
-14.5037,142.3951,334,1.4,1.2,2014-11-21,0359,Aqua,MODIS,64,6.2,312.6,18.9,D,0
-14.5542,142.1725,338.7,1.5,1.2,2014-11-21,0359,Aqua,MODIS,81,6.2,308.7,41.2,D,0
-14.5365,142.2248,333.9,1.4,1.2,2014-11-21,0359,Aqua,MODIS,64,6.2,309,23.8,D,0
-14.533,142.2516,338,1.4,1.2,2014-11-21,0359,Aqua,MODIS,80,6.2,310.6,32.7,D,0
-14.5258,142.2234,353.6,1.4,1.2,2014-11-21,0359,Aqua,MODIS,95,6.2,311,89.7,D,0
-11.9374,142.2476,327.3,1.3,1.1,2014-11-21,0359,Aqua,MODIS,79,6.2,303.9,18.8,D,0
-14.5594,142.1318,328,1.5,1.2,2014-11-21,0359,Aqua,MODIS,33,6.2,308.4,16,D,0
-14.5644,142.1254,327.8,1.5,1.2,2014-11-21,0359,Aqua,MODIS,17,6.2,307.7,14.1,D,0
-14.5577,142.1454,331.5,1.5,1.2,2014-11-21,0359,Aqua,MODIS,60,6.2,308.5,23,D,0
-14.6309,142.1203,337.6,1.5,1.2,2014-11-21,0359,Aqua,MODIS,79,6.2,312.3,29.1,D,0
-14.6253,142.0778,354.2,1.5,1.2,2014-11-21,0359,Aqua,MODIS,96,6.2,311.1,88.5,D,0
-13.939,141.8957,331.5,1.5,1.2,2014-11-21,0359,Aqua,MODIS,54,6.2,310.5,22.1,D,0
-14.6849,142.3248,344.9,1.4,1.2,2014-11-21,0359,Aqua,MODIS,83,6.2,313.4,46,D,0
-14.5444,142.4602,338.5,1.4,1.2,2014-11-21,0359,Aqua,MODIS,72,6.2,312.5,28.4,D,0
-14.55,142.5003,334.4,1.4,1.2,2014-11-21,0359,Aqua,MODIS,42,6.2,314.2,19.5,D,0
-14.5266,142.4314,339.9,1.4,1.2,2014-11-21,0359,Aqua,MODIS,83,6.2,314.4,29.8,D,0
-14.5355,142.4458,342,1.4,1.2,2014-11-21,0359,Aqua,MODIS,85,6.2,313.8,37,D,0
-14.5282,142.4184,335.5,1.4,1.2,2014-11-21,0359,Aqua,MODIS,70,6.2,315.2,18.2,D,0
-14.5302,142.4384,337.7,1.4,1.2,2014-11-21,0359,Aqua,MODIS,75,6.2,314.4,28,D,0
-14.5231,142.4111,338.7,1.4,1.2,2014-11-21,0359,Aqua,MODIS,81,6.2,315,27.9,D,0
-14.5142,142.3966,338.6,1.4,1.2,2014-11-21,0359,Aqua,MODIS,81,6.2,314.5,28.4,D,0
-14.5605,142.5017,341.8,1.4,1.2,2014-11-21,0359,Aqua,MODIS,85,6.2,313.3,37.2,D,0
-12.287,142.9213,322.8,1.2,1.1,2014-11-21,0359,Aqua,MODIS,17,6.2,303.5,9,D,0
-14.5533,142.4745,335.7,1.4,1.2,2014-11-21,0359,Aqua,MODIS,44,6.2,313.1,20.4,D,0
-14.5517,142.4874,336.7,1.4,1.2,2014-11-21,0359,Aqua,MODIS,57,6.2,313.9,23.8,D,0
-12.1468,142.2882,328.5,1.3,1.1,2014-11-21,0359,Aqua,MODIS,57,6.2,305.1,14.7,D,0
-14.6866,142.3115,346.2,1.4,1.2,2014-11-21,0359,Aqua,MODIS,89,6.2,312.4,53.4,D,0
-14.5261,142.3047,332.1,1.4,1.2,2014-11-21,0359,Aqua,MODIS,52,6.2,313.2,15.4,D,0
-14.5351,142.3192,333.7,1.4,1.2,2014-11-21,0359,Aqua,MODIS,50,6.2,313.6,16.2,D,0
-12.4625,142.9812,327.2,1.2,1.1,2014-11-21,0359,Aqua,MODIS,50,6.2,303.2,15.8,D,0
-14.5313,142.2649,332.5,1.4,1.2,2014-11-21,0359,Aqua,MODIS,70,6.2,311.7,18.2,D,0
-14.5206,142.2635,342.5,1.4,1.2,2014-11-21,0359,Aqua,MODIS,86,6.2,312.6,46.4,D,0
-14.5172,142.29,334.3,1.4,1.2,2014-11-21,0359,Aqua,MODIS,63,6.2,310.9,21.8,D,0
-14.5189,142.2767,346.8,1.4,1.2,2014-11-21,0359,Aqua,MODIS,90,6.2,312.6,58.6,D,0
-11.0963,142.7552,330.8,1.2,1.1,2014-11-21,0359,Aqua,MODIS,42,6.2,297.9,26,D,0
-12.4882,142.9388,323.6,1.2,1.1,2014-11-21,0359,Aqua,MODIS,31,6.2,305.3,10.3,D,0
-12.9891,136.2595,330.3,3.9,1.8,2014-11-21,0359,Aqua,MODIS,83,6.2,300.3,116.8,D,0
-12.9839,136.2544,328.4,3.9,1.8,2014-11-21,0359,Aqua,MODIS,77,6.2,299.8,97.7,D,0
-13.0005,136.2562,323.6,3.9,1.8,2014-11-21,0359,Aqua,MODIS,41,6.2,301.2,59.1,D,0
-12.71,143.0329,324.4,1.2,1.1,2014-11-21,0359,Aqua,MODIS,56,6.2,306.4,12,D,0
-11.1175,142.747,331.5,1.2,1.1,2014-11-21,0359,Aqua,MODIS,76,6.2,297.7,28.4,D,0
-29.5652,124.7993,356.4,1,1,2014-11-21,0533,Aqua,MODIS,73,6.2,326.1,42.8,D,0
-29.5638,124.8096,352.8,1,1,2014-11-21,0533,Aqua,MODIS,79,6.2,324.6,36.3,D,0
-29.5233,124.8339,340.3,1,1,2014-11-21,0533,Aqua,MODIS,80,6.2,320.5,17.7,D,0
-29.5248,124.8235,342.1,1,1,2014-11-21,0533,Aqua,MODIS,74,6.2,322.3,18.6,D,0
-29.5591,124.7769,344.2,1,1,2014-11-21,0533,Aqua,MODIS,34,6.2,324.5,19.1,D,0
-29.5606,124.7666,364.1,1,1,2014-11-21,0533,Aqua,MODIS,100,6.2,325.2,67.5,D,0
-29.5472,124.7959,353.5,1,1,2014-11-21,0533,Aqua,MODIS,82,6.2,325.9,35.4,D,0
-24.2078,129.5999,343.6,1.8,1.3,2014-11-21,0534,Aqua,MODIS,85,6.2,318.5,54.5,D,0
-24.211,129.5826,349.1,1.8,1.3,2014-11-21,0534,Aqua,MODIS,91,6.2,318.9,75.4,D,0
-24.2143,129.5653,403.1,1.8,1.3,2014-11-21,0534,Aqua,MODIS,100,6.2,325.4,563.1,D,0
-24.2126,129.5944,348.7,1.8,1.3,2014-11-21,0534,Aqua,MODIS,90,6.2,317.9,77.7,D,0
-24.204,129.5745,351.8,1.8,1.3,2014-11-21,0534,Aqua,MODIS,93,6.2,319.4,92.5,D,0
-24.2071,129.5572,393.8,1.8,1.3,2014-11-21,0534,Aqua,MODIS,100,6.2,323.4,443.4,D,0
-24.2102,129.5399,355.3,1.8,1.3,2014-11-21,0534,Aqua,MODIS,96,6.2,320.8,110.4,D,0
-24.5466,129.6574,347.9,1.8,1.3,2014-11-21,0534,Aqua,MODIS,77,6.2,321.8,61.4,D,0
-24.5497,129.64,345.1,1.8,1.3,2014-11-21,0534,Aqua,MODIS,61,6.2,322.2,50,D,0
-24.535,129.6548,419.8,1.8,1.3,2014-11-21,0534,Aqua,MODIS,100,6.2,329,839.5,D,0
-24.5381,129.6374,391.4,1.8,1.3,2014-11-21,0534,Aqua,MODIS,100,6.2,330,404.8,D,0
-24.5413,129.6202,339.3,1.8,1.3,2014-11-21,0534,Aqua,MODIS,54,6.2,323,33.2,D,0
-24.5233,129.6522,352.1,1.8,1.3,2014-11-21,0534,Aqua,MODIS,94,6.2,319.9,87.3,D,0
-24.5265,129.6349,386.4,1.8,1.3,2014-11-21,0534,Aqua,MODIS,100,6.2,324.5,351.6,D,0
-24.5296,129.6176,342.8,1.8,1.3,2014-11-21,0534,Aqua,MODIS,84,6.2,322.5,48.5,D,0
-24.2163,129.6199,342,1.8,1.3,2014-11-21,0534,Aqua,MODIS,80,6.2,315.4,54.6,D,0
-24.2195,129.6024,346.9,1.8,1.3,2014-11-21,0534,Aqua,MODIS,89,6.2,317,70.5,D,0
-24.2227,129.5851,346.2,1.8,1.3,2014-11-21,0534,Aqua,MODIS,88,6.2,317.4,63.7,D,0
-24.2259,129.5678,346.2,1.8,1.3,2014-11-21,0534,Aqua,MODIS,88,6.2,318.2,63,D,0
-24.2291,129.5507,340.3,1.8,1.3,2014-11-21,0534,Aqua,MODIS,71,6.2,319.4,38.6,D,0
-24.2174,129.5481,382.3,1.8,1.3,2014-11-21,0534,Aqua,MODIS,100,6.2,324,310,D,0
-24.2157,129.577,353.3,1.8,1.3,2014-11-21,0534,Aqua,MODIS,95,6.2,319.5,94.3,D,0
-24.2188,129.5597,364.8,1.8,1.3,2014-11-21,0534,Aqua,MODIS,100,6.2,323.4,166.7,D,0
-24.2219,129.5425,338.6,1.8,1.3,2014-11-21,0534,Aqua,MODIS,77,6.2,320.9,31,D,0
-24.1202,129.2002,349.2,1.7,1.3,2014-11-21,0534,Aqua,MODIS,80,6.2,321.5,64.3,D,0
-24.1088,129.1977,365.5,1.7,1.3,2014-11-21,0534,Aqua,MODIS,100,6.2,323.5,148.4,D,0
-24.1118,129.1814,365.3,1.7,1.3,2014-11-21,0534,Aqua,MODIS,100,6.2,323.9,146.3,D,0
-24.0854,129.2609,341.9,1.7,1.3,2014-11-21,0534,Aqua,MODIS,83,6.2,319.9,39.1,D,0
-24.0884,129.2444,350.9,1.7,1.3,2014-11-21,0534,Aqua,MODIS,93,6.2,322.4,75.6,D,0
-24.0945,129.2115,355.8,1.7,1.3,2014-11-21,0534,Aqua,MODIS,97,6.2,323.9,86.6,D,0
-24.0974,129.1952,343.8,1.7,1.3,2014-11-21,0534,Aqua,MODIS,51,6.2,324,36,D,0
-24.1004,129.1789,343.3,1.7,1.3,2014-11-21,0534,Aqua,MODIS,53,6.2,324.1,35,D,0
-24.08,129.2255,349.1,1.7,1.3,2014-11-21,0534,Aqua,MODIS,77,6.2,321.4,59.7,D,0
-24.0882,129.2547,341.5,1.7,1.3,2014-11-21,0534,Aqua,MODIS,82,6.2,320.4,39,D,0
-24.0911,129.2382,341.9,1.7,1.3,2014-11-21,0534,Aqua,MODIS,83,6.2,321.5,39.1,D,0
-24.0797,129.2357,349.1,1.7,1.3,2014-11-21,0534,Aqua,MODIS,91,6.2,321.6,70.9,D,0
-24.0826,129.2193,348.8,1.7,1.3,2014-11-21,0534,Aqua,MODIS,63,6.2,322.1,60.2,D,0
-24.6959,129.3463,346.2,1.7,1.3,2014-11-21,0534,Aqua,MODIS,88,6.2,323.2,51.6,D,0
-24.6846,129.3438,351.9,1.7,1.3,2014-11-21,0534,Aqua,MODIS,93,6.2,323.4,77.1,D,0
-24.6875,129.3274,341.8,1.7,1.3,2014-11-21,0534,Aqua,MODIS,82,6.2,323,35.3,D,0
-24.1888,128.8194,346.3,1.6,1.2,2014-11-21,0534,Aqua,MODIS,77,6.2,323.2,46.2,D,0
-24.1916,128.804,364.9,1.6,1.2,2014-11-21,0534,Aqua,MODIS,100,6.2,324.4,131.5,D,0
-24.1556,128.8122,359.2,1.6,1.2,2014-11-21,0534,Aqua,MODIS,98,6.2,304.2,104.2,D,0
-24.1584,128.7969,354.7,1.6,1.2,2014-11-21,0534,Aqua,MODIS,96,6.2,321.4,78.8,D,0
-24.1612,128.7815,346.9,1.6,1.2,2014-11-21,0534,Aqua,MODIS,78,6.2,324.6,43.5,D,0
-24.1554,128.8055,372.9,1.6,1.2,2014-11-21,0534,Aqua,MODIS,100,6.2,310.5,186.8,D,0
-24.1581,128.7901,357.4,1.6,1.2,2014-11-21,0534,Aqua,MODIS,98,6.2,324.1,93.1,D,0
-24.1608,128.7748,341.8,1.6,1.2,2014-11-21,0534,Aqua,MODIS,77,6.2,324,27.9,D,0
-24.147,128.7877,345.3,1.6,1.2,2014-11-21,0534,Aqua,MODIS,83,6.2,322.5,39.3,D,0
-24.7409,129.7197,344.4,1.8,1.3,2014-11-21,0534,Aqua,MODIS,86,6.2,322.1,48.8,D,0
-24.7706,129.6903,366.6,1.8,1.3,2014-11-21,0534,Aqua,MODIS,100,6.2,321.1,171.3,D,0
-24.7674,129.7076,364,1.8,1.3,2014-11-21,0534,Aqua,MODIS,100,6.2,322.7,153.3,D,0
-24.7642,129.7249,349.6,1.8,1.3,2014-11-21,0534,Aqua,MODIS,91,6.2,322,72,D,0
-24.761,129.7422,351.4,1.8,1.3,2014-11-21,0534,Aqua,MODIS,93,6.2,321.9,80,D,0
-24.779,129.7101,338.1,1.8,1.3,2014-11-21,0534,Aqua,MODIS,76,6.2,320.7,25.4,D,0
-24.7758,129.7275,364.3,1.8,1.3,2014-11-21,0534,Aqua,MODIS,100,6.2,324.6,157.8,D,0
-24.7726,129.7448,356,1.8,1.3,2014-11-21,0534,Aqua,MODIS,97,6.2,322.9,106.4,D,0
-24.7843,129.7474,352.3,1.8,1.3,2014-11-21,0534,Aqua,MODIS,94,6.2,322.6,86.3,D,0
-24.7864,129.8025,417.7,1.8,1.3,2014-11-21,0534,Aqua,MODIS,100,6.2,335,820.4,D,0
-24.7832,129.82,493.4,1.8,1.3,2014-11-21,0534,Aqua,MODIS,100,6.2,400.1,3376.4,D,0
-24.78,129.8376,373.1,1.8,1.3,2014-11-21,0534,Aqua,MODIS,100,6.2,303,242.7,D,0
-25.03,129.4789,352.1,1.7,1.3,2014-11-21,0534,Aqua,MODIS,94,6.2,327.3,73.5,D,0
-25.0414,129.4814,346.6,1.7,1.3,2014-11-21,0534,Aqua,MODIS,56,6.2,325.8,48.6,D,0
-24.5875,129.7456,338.7,1.8,1.3,2014-11-21,0534,Aqua,MODIS,60,6.2,310.8,37,D,0
-24.5907,129.7281,361.6,1.8,1.3,2014-11-21,0534,Aqua,MODIS,100,6.2,314.2,145.7,D,0
-24.5939,129.7107,354.6,1.8,1.3,2014-11-21,0534,Aqua,MODIS,96,6.2,319.1,98.5,D,0
-24.5854,129.6908,371.7,1.8,1.3,2014-11-21,0534,Aqua,MODIS,100,6.2,325.1,211.5,D,0
-24.5758,129.743,377.6,1.8,1.3,2014-11-21,0534,Aqua,MODIS,100,6.2,314.2,278.2,D,0
-24.579,129.7255,498.9,1.8,1.3,2014-11-21,0534,Aqua,MODIS,100,6.2,400.1,3633.4,D,0
-24.5822,129.7081,490,1.8,1.3,2014-11-21,0534,Aqua,MODIS,100,6.2,400.1,3151,D,0
-24.7928,129.7675,360.4,1.8,1.3,2014-11-21,0534,Aqua,MODIS,100,6.2,321.1,137.8,D,0
-24.7682,129.835,349.5,1.8,1.3,2014-11-21,0534,Aqua,MODIS,87,6.2,305.4,80.7,D,0
-24.7715,129.8174,468.2,1.8,1.3,2014-11-21,0534,Aqua,MODIS,100,6.2,325,2241.6,D,0
-24.7767,129.8553,338.1,1.8,1.3,2014-11-21,0534,Aqua,MODIS,41,6.2,287.4,39.8,D,0
-24.7981,129.8051,340.9,1.8,1.3,2014-11-21,0534,Aqua,MODIS,81,6.2,316.9,46,D,0
-24.7747,129.7999,473.2,1.8,1.3,2014-11-21,0534,Aqua,MODIS,100,6.2,400.1,2426.6,D,0
-24.7779,129.7823,372.6,1.8,1.3,2014-11-21,0534,Aqua,MODIS,100,6.2,322.6,225.4,D,0
-24.7811,129.7648,374.2,1.8,1.3,2014-11-21,0534,Aqua,MODIS,100,6.2,324.4,234.3,D,0
-24.7597,129.8148,360.8,1.8,1.3,2014-11-21,0534,Aqua,MODIS,100,6.2,315.6,139.9,D,0
-24.7949,129.8226,355.9,1.8,1.3,2014-11-21,0534,Aqua,MODIS,88,6.2,313.7,123.4,D,0
-24.763,129.7972,412,1.8,1.3,2014-11-21,0534,Aqua,MODIS,100,6.2,324.3,708.5,D,0
-24.7662,129.7797,374,1.8,1.3,2014-11-21,0534,Aqua,MODIS,100,6.2,324.1,234.3,D,0
-24.7694,129.7623,357.4,1.8,1.3,2014-11-21,0534,Aqua,MODIS,98,6.2,320.7,114.4,D,0
-24.7545,129.7771,353.3,1.8,1.3,2014-11-21,0534,Aqua,MODIS,95,6.2,320.5,92.7,D,0
-24.7578,129.7597,364.7,1.8,1.3,2014-11-21,0534,Aqua,MODIS,100,6.2,323.9,159.1,D,0
-24.7461,129.7571,341.3,1.8,1.3,2014-11-21,0534,Aqua,MODIS,82,6.2,319.8,36,D,0
-25.5088,131.1604,348.3,2.1,1.4,2014-11-21,0534,Aqua,MODIS,84,6.2,304.9,107.2,D,0
-25.0426,129.5214,339.4,1.7,1.3,2014-11-21,0534,Aqua,MODIS,60,6.2,323.8,27.6,D,0
-25.0457,129.5049,337.5,1.7,1.3,2014-11-21,0534,Aqua,MODIS,31,6.2,324.4,20.2,D,0
-25.0469,129.5171,342.6,1.7,1.3,2014-11-21,0534,Aqua,MODIS,82,6.2,323.9,40.1,D,0
-25.4962,131.1574,375.3,2.1,1.4,2014-11-21,0534,Aqua,MODIS,100,6.2,318.9,337.3,D,0
-25.5003,131.1363,342.2,2.1,1.4,2014-11-21,0534,Aqua,MODIS,49,6.2,312.5,69.8,D,0
-25.4943,131.174,341.8,2.2,1.4,2014-11-21,0534,Aqua,MODIS,65,6.2,316.1,65.8,D,0
-25.4983,131.1528,366.5,2.1,1.4,2014-11-21,0534,Aqua,MODIS,100,6.2,319.2,245.6,D,0
-25.4856,131.1497,355.1,2.1,1.4,2014-11-21,0534,Aqua,MODIS,96,6.2,317,149.6,D,0
-24.5653,129.6682,346.9,1.8,1.3,2014-11-21,0534,Aqua,MODIS,74,6.2,320,54.6,D,0
-24.5574,129.7322,334.6,1.8,1.3,2014-11-21,0534,Aqua,MODIS,59,6.2,317.5,17.6,D,0
-24.5621,129.6856,358.4,1.8,1.3,2014-11-21,0534,Aqua,MODIS,98,6.2,321.7,111.9,D,0
-24.5589,129.7029,373.1,1.8,1.3,2014-11-21,0534,Aqua,MODIS,100,6.2,321.7,217.6,D,0
-24.5556,129.7203,339,1.8,1.3,2014-11-21,0534,Aqua,MODIS,47,6.2,318.2,28.8,D,0
-24.5551,129.6773,341.9,1.8,1.3,2014-11-21,0534,Aqua,MODIS,74,6.2,320.1,37.7,D,0
-24.552,129.6947,342.5,1.8,1.3,2014-11-21,0534,Aqua,MODIS,39,6.2,320.3,39.9,D,0
-24.5699,129.6626,340.8,1.8,1.3,2014-11-21,0534,Aqua,MODIS,68,6.2,320.8,33.3,D,0
-24.5668,129.6799,370.9,1.8,1.3,2014-11-21,0534,Aqua,MODIS,100,6.2,324.8,204.5,D,0
-24.577,129.6708,369.7,1.8,1.3,2014-11-21,0534,Aqua,MODIS,100,6.2,324.1,192.3,D,0
-24.5637,129.6973,369.5,1.8,1.3,2014-11-21,0534,Aqua,MODIS,100,6.2,325.6,194,D,0
-24.7493,129.7397,363.2,1.8,1.3,2014-11-21,0534,Aqua,MODIS,100,6.2,324.3,147.7,D,0
-24.5605,129.7147,378.2,1.8,1.3,2014-11-21,0534,Aqua,MODIS,100,6.2,323,275.1,D,0
-24.5738,129.6882,425.2,1.8,1.3,2014-11-21,0534,Aqua,MODIS,100,6.2,334.1,945.5,D,0
-24.5705,129.7055,410.1,1.8,1.3,2014-11-21,0534,Aqua,MODIS,100,6.2,333.8,666.2,D,0
-24.5673,129.7229,418.1,1.8,1.3,2014-11-21,0534,Aqua,MODIS,100,6.2,326.8,819.6,D,0
-24.7441,129.7024,345.4,1.8,1.3,2014-11-21,0534,Aqua,MODIS,76,6.2,321.9,48,D,0
-24.7473,129.6852,344.6,1.8,1.3,2014-11-21,0534,Aqua,MODIS,76,6.2,322.6,44.7,D,0
-24.7506,129.668,344.4,1.8,1.3,2014-11-21,0534,Aqua,MODIS,75,6.2,323.2,46.6,D,0
-24.7357,129.6826,369.6,1.8,1.3,2014-11-21,0534,Aqua,MODIS,100,6.2,323.8,189.9,D,0
-24.7389,129.6654,370.6,1.8,1.3,2014-11-21,0534,Aqua,MODIS,100,6.2,326.3,200,D,0
-24.5641,129.7404,339,1.8,1.3,2014-11-21,0534,Aqua,MODIS,70,6.2,315.2,36.4,D,0
-24.7424,129.7311,346.5,1.8,1.3,2014-11-21,0534,Aqua,MODIS,88,6.2,322.7,58.3,D,0
-24.7455,129.7138,343.7,1.8,1.3,2014-11-21,0534,Aqua,MODIS,47,6.2,323,43.2,D,0
-24.737,129.6939,351.1,1.8,1.3,2014-11-21,0534,Aqua,MODIS,86,6.2,321.5,72.1,D,0
-24.7622,129.6705,353.8,1.8,1.3,2014-11-21,0534,Aqua,MODIS,95,6.2,321.6,92.8,D,0
-24.7517,129.6792,340.7,1.8,1.3,2014-11-21,0534,Aqua,MODIS,64,6.2,322.3,30.9,D,0
-24.759,129.6877,378.1,1.8,1.3,2014-11-21,0534,Aqua,MODIS,100,6.2,323.9,262.8,D,0
-24.7558,129.705,342.5,1.8,1.3,2014-11-21,0534,Aqua,MODIS,48,6.2,321.1,37.5,D,0
-24.7896,129.7849,370.5,1.8,1.3,2014-11-21,0534,Aqua,MODIS,100,6.2,323.8,210.7,D,0
-24.7525,129.7223,346.4,1.8,1.3,2014-11-21,0534,Aqua,MODIS,80,6.2,322.9,53,D,0
-24.7401,129.6766,359.4,1.8,1.3,2014-11-21,0534,Aqua,MODIS,99,6.2,324.8,120.3,D,0
-24.7285,129.674,359.9,1.8,1.3,2014-11-21,0534,Aqua,MODIS,99,6.2,322.4,124.3,D,0
-24.7316,129.6568,355,1.8,1.3,2014-11-21,0534,Aqua,MODIS,96,6.2,323.6,95.4,D,0
-24.0768,129.2522,342.9,1.7,1.3,2014-11-21,0534,Aqua,MODIS,84,6.2,321.2,45.7,D,0
-24.077,129.2419,341.3,1.7,1.3,2014-11-21,0534,Aqua,MODIS,82,6.2,321,36.2,D,0
-22.1391,126.1473,360.2,1.2,1.1,2014-11-21,0535,Aqua,MODIS,55,6.2,325.5,68,D,0
-23.8779,127.4806,357.9,1.3,1.1,2014-11-21,0535,Aqua,MODIS,98,6.2,325.4,68.5,D,0
-23.8801,127.4677,356.1,1.3,1.1,2014-11-21,0535,Aqua,MODIS,97,6.2,327.5,59.9,D,0
-23.8823,127.4548,347.1,1.3,1.1,2014-11-21,0535,Aqua,MODIS,63,6.2,326.9,29.2,D,0
-23.8721,127.4528,350.8,1.3,1.1,2014-11-21,0535,Aqua,MODIS,92,6.2,331,42.8,D,0
-21.1583,118.6459,387.9,1.5,1.2,2014-11-21,0536,Aqua,MODIS,100,6.2,325.9,282.2,D,0
-21.1865,119.5324,341.5,1.3,1.1,2014-11-21,0536,Aqua,MODIS,81,6.2,322.9,23.7,D,0
-20.4416,118.6296,371.9,1.5,1.2,2014-11-21,0536,Aqua,MODIS,100,6.2,321.4,164.9,D,0
-20.4432,118.6156,363.9,1.5,1.2,2014-11-21,0536,Aqua,MODIS,100,6.2,319.7,121.2,D,0
-20.4324,118.6141,336,1.5,1.2,2014-11-21,0536,Aqua,MODIS,56,6.2,317.6,19.4,D,0
-19.0852,122.5592,345.2,1,1,2014-11-21,0536,Aqua,MODIS,29,6.2,320.8,22.9,D,0
-16.5533,130.2505,334.9,2.9,1.6,2014-11-21,0536,Aqua,MODIS,53,6.2,300.2,79.8,D,0
-20.0562,121.8577,341.9,1,1,2014-11-21,0536,Aqua,MODIS,13,6.2,321.6,13.8,D,0
-20.8071,120.1233,342.8,1.2,1.1,2014-11-21,0536,Aqua,MODIS,76,6.2,325.6,19.6,D,0
-20.0653,121.8591,364.8,1,1,2014-11-21,0536,Aqua,MODIS,100,6.2,324.7,68.9,D,0
-15.2899,131.4866,328.5,3.8,1.8,2014-11-21,0537,Aqua,MODIS,51,6.2,299.1,63.7,D,0
-15.2845,131.4802,330.1,3.8,1.8,2014-11-21,0537,Aqua,MODIS,64,6.2,299.7,79.7,D,0
-15.3834,131.4344,332.1,3.7,1.8,2014-11-21,0537,Aqua,MODIS,69,6.2,300.5,90.5,D,0
-15.3753,131.4403,335.2,3.7,1.8,2014-11-21,0537,Aqua,MODIS,76,6.2,300.7,123.6,D,0
-13.2524,130.2861,347,3.4,1.7,2014-11-21,0537,Aqua,MODIS,94,6.2,293.7,261.9,D,0
-13.2579,130.2557,330.2,3.3,1.7,2014-11-21,0537,Aqua,MODIS,33,6.2,294.1,103.8,D,0
-14.828,125.5004,329.8,1.4,1.2,2014-11-21,0537,Aqua,MODIS,72,6.2,304,18.5,D,0
-14.8365,125.515,327.2,1.4,1.2,2014-11-21,0537,Aqua,MODIS,43,6.2,301.8,14.7,D,0
-13.1191,130.1583,317.8,3.3,1.7,2014-11-21,0537,Aqua,MODIS,47,6.2,297.4,34,D,0
-15.7522,130.9934,335.2,3.4,1.7,2014-11-21,0537,Aqua,MODIS,75,6.2,303.6,100.4,D,0
-13.2619,130.293,333.7,3.4,1.7,2014-11-21,0537,Aqua,MODIS,81,6.2,293.3,140,D,0
-13.2676,130.2626,326.5,3.3,1.7,2014-11-21,0537,Aqua,MODIS,0,6.2,293.8,92.7,D,0
-15.2069,130.3092,333.9,3.1,1.7,2014-11-21,0537,Aqua,MODIS,61,6.2,299.3,98.2,D,0
-15.1728,126.3576,329.8,1.6,1.2,2014-11-21,0537,Aqua,MODIS,64,6.2,299.4,23.4,D,0
-13.237,130.2832,331.2,3.4,1.7,2014-11-21,0537,Aqua,MODIS,34,6.2,294.3,109.7,D,0
-13.2155,130.2398,324.8,3.3,1.7,2014-11-21,0537,Aqua,MODIS,0,6.2,294.9,66.9,D,0
-16.3708,127.1981,356.2,1.7,1.3,2014-11-21,0537,Aqua,MODIS,92,6.2,312.9,115,D,0
-14.4253,126.0749,346.2,1.5,1.2,2014-11-21,0537,Aqua,MODIS,84,6.2,297.1,79.3,D,0
-16.1863,123.6184,341.8,1.1,1,2014-11-21,0537,Aqua,MODIS,68,6.2,312.8,24,D,0
-16.1677,123.6153,333.5,1.1,1,2014-11-21,0537,Aqua,MODIS,0,6.2,303.8,13.6,D,0
-16.262,124.845,338.8,1.2,1.1,2014-11-21,0537,Aqua,MODIS,73,6.2,306.1,30.6,D,0
-16.7651,124.0464,365.2,1.1,1,2014-11-21,0537,Aqua,MODIS,100,6.2,314.5,86,D,0
-16.7558,124.0448,347.2,1.1,1,2014-11-21,0537,Aqua,MODIS,91,6.2,310.5,36.5,D,0
-16.1973,123.6709,335,1.1,1,2014-11-21,0537,Aqua,MODIS,77,6.2,311,15.9,D,0
-16.1958,123.6809,334.3,1.1,1,2014-11-21,0537,Aqua,MODIS,77,6.2,310.3,15.9,D,0
-16.2736,124.8356,336.4,1.2,1.1,2014-11-21,0537,Aqua,MODIS,60,6.2,310,23.5,D,0
-16.177,123.6168,344.9,1.1,1,2014-11-21,0537,Aqua,MODIS,0,6.2,312.4,30.4,D,0
-16.1755,123.6268,365.5,1.1,1,2014-11-21,0537,Aqua,MODIS,75,6.2,307.7,85.4,D,0
-16.2718,124.8467,353.1,1.2,1.1,2014-11-21,0537,Aqua,MODIS,95,6.2,308.3,64.3,D,0
-16.5035,124.8647,331.8,1.2,1.1,2014-11-21,0537,Aqua,MODIS,70,6.2,308.1,16.2,D,0
-16.1847,123.6284,408.7,1.1,1,2014-11-21,0537,Aqua,MODIS,94,6.2,314.8,313.8,D,0
-16.1832,123.6383,366.5,1.1,1,2014-11-21,0537,Aqua,MODIS,87,6.2,306.6,89,D,0
-37.7282,143.6813,300.8,1,1,2014-11-21,1317,Terra,MODIS,34,6.2,284.7,6.8,N,0
-30.1961,152.1717,305.3,3.1,1.7,2014-11-21,1319,Terra,MODIS,29,6.2,291.7,32.7,N,0
-30.1738,152.1307,305.4,3.1,1.7,2014-11-21,1319,Terra,MODIS,22,6.2,290.4,29.3,N,0
-30.176,152.1255,304,3.1,1.7,2014-11-21,1319,Terra,MODIS,8,6.2,289.7,25,N,0
-26.6958,147.0382,320.2,1.7,1.3,2014-11-21,1320,Terra,MODIS,100,6.2,297.3,34.4,N,0
-24.9991,129.4554,307.5,4.7,2,2014-11-21,1321,Terra,MODIS,33,6.2,295.7,44.9,N,0
-25.0014,129.4483,309.6,4.7,2,2014-11-21,1321,Terra,MODIS,71,6.2,296,59.2,N,0
-21.4578,147.4239,304.1,2.3,1.5,2014-11-21,1321,Terra,MODIS,32,6.2,293.4,11.3,N,0
-24.8725,129.9766,315.8,4.3,1.9,2014-11-21,1321,Terra,MODIS,52,6.2,296.3,90,N,0
-24.8736,129.9819,314.1,4.3,1.9,2014-11-21,1321,Terra,MODIS,55,6.2,295.9,79.3,N,0
-24.7524,129.9162,310.2,4.4,1.9,2014-11-21,1321,Terra,MODIS,56,6.2,297.3,53.9,N,0
-24.7174,129.9142,310.5,4.4,1.9,2014-11-21,1321,Terra,MODIS,22,6.2,298,53,N,0
-24.8562,129.9805,315,4.3,1.9,2014-11-21,1321,Terra,MODIS,36,6.2,294.6,83.4,N,0
-24.8506,129.7989,344.2,4.5,1.9,2014-11-21,1321,Terra,MODIS,100,6.2,299,403.7,N,0
-24.8539,129.7543,362,4.5,2,2014-11-21,1321,Terra,MODIS,100,6.2,302.1,769.3,N,0
-24.8183,129.7562,318.6,4.5,2,2014-11-21,1321,Terra,MODIS,70,6.2,299.1,102.9,N,0
-24.7564,129.8796,309.6,4.4,1.9,2014-11-21,1321,Terra,MODIS,12,6.2,296.7,44.2,N,0
-24.7556,129.873,311.4,4.4,1.9,2014-11-21,1321,Terra,MODIS,58,6.2,296.8,57.8,N,0
-24.8359,129.7578,331.3,4.5,2,2014-11-21,1321,Terra,MODIS,100,6.2,300.3,227.4,N,0
-24.8683,129.8055,371.8,4.5,1.9,2014-11-21,1321,Terra,MODIS,100,6.2,300.5,1027.2,N,0
-24.8008,129.7498,318.1,4.5,2,2014-11-21,1321,Terra,MODIS,77,6.2,298.6,103.5,N,0
-24.8536,129.7593,366.5,4.5,2,2014-11-21,1321,Terra,MODIS,100,6.2,302.8,884.5,N,0
-25.0333,129.4626,311,4.7,2,2014-11-21,1321,Terra,MODIS,82,6.2,295.4,69.5,N,0
-24.8271,129.8904,336.8,4.4,1.9,2014-11-21,1321,Terra,MODIS,100,6.2,291.8,279.7,N,0
-24.8242,129.9339,339.3,4.4,1.9,2014-11-21,1321,Terra,MODIS,100,6.2,292.9,321.8,N,0
-24.8713,129.7608,378.4,4.5,2,2014-11-21,1321,Terra,MODIS,100,6.2,302.3,1255.9,N,0
-24.7535,129.9229,310.7,4.4,1.9,2014-11-21,1321,Terra,MODIS,24,6.2,297.3,52.6,N,0
-24.7831,129.7483,308.7,4.5,2,2014-11-21,1321,Terra,MODIS,25,6.2,297.1,42.5,N,0
-24.8409,129.9303,309.2,4.4,1.9,2014-11-21,1321,Terra,MODIS,15,6.2,291.9,43.2,N,0
-24.8234,129.9288,340.1,4.4,1.9,2014-11-21,1321,Terra,MODIS,100,6.2,292.8,337.8,N,0
-24.8266,129.8854,331.3,4.4,1.9,2014-11-21,1321,Terra,MODIS,100,6.2,291.9,218.7,N,0
-24.8362,129.7528,330.1,4.5,2,2014-11-21,1321,Terra,MODIS,100,6.2,300.1,220,N,0
-24.8185,129.7513,318.3,4.5,2,2014-11-21,1321,Terra,MODIS,62,6.2,299.2,103.9,N,0
-24.7862,129.7034,308.3,4.5,2,2014-11-21,1321,Terra,MODIS,39,6.2,297.6,41.9,N,0
-24.8682,129.8004,379.3,4.5,1.9,2014-11-21,1321,Terra,MODIS,100,6.2,301.9,1272.9,N,0
-24.8716,129.7558,370.5,4.5,2,2014-11-21,1321,Terra,MODIS,100,6.2,301.2,1002.1,N,0
-24.8506,129.8039,327.3,4.5,1.9,2014-11-21,1321,Terra,MODIS,100,6.2,297.7,178.3,N,0
-25.0483,129.5115,307.4,4.7,2,2014-11-21,1321,Terra,MODIS,71,6.2,296,49.5,N,0
-25.05,129.507,307.4,4.7,2,2014-11-21,1321,Terra,MODIS,45,6.2,296.1,47.2,N,0
-24.8008,129.7431,317.6,4.5,2,2014-11-21,1321,Terra,MODIS,95,6.2,298.7,105,N,0
-24.7831,129.7416,310.7,4.5,2,2014-11-21,1321,Terra,MODIS,76,6.2,297.4,58.2,N,0
-25.0353,129.4583,309.8,4.7,2,2014-11-21,1321,Terra,MODIS,52,6.2,295.4,60.5,N,0
-24.7389,129.8781,322.1,4.4,1.9,2014-11-21,1321,Terra,MODIS,100,6.2,297.7,131.7,N,0
-24.7381,129.8716,321.7,4.4,1.9,2014-11-21,1321,Terra,MODIS,100,6.2,297.7,132.7,N,0
-24.8096,129.8889,314.1,4.4,1.9,2014-11-21,1321,Terra,MODIS,21,6.2,292.5,64.4,N,0
-18.7072,135.5207,311.1,1.4,1.2,2014-11-21,1322,Terra,MODIS,82,6.2,298.3,9,N,0
-18.6966,135.5193,331.6,1.4,1.2,2014-11-21,1322,Terra,MODIS,100,6.2,299,44,N,0
-18.6982,135.5057,313.1,1.4,1.2,2014-11-21,1322,Terra,MODIS,86,6.2,298,11.4,N,0
-18.6843,135.5314,316.8,1.4,1.2,2014-11-21,1322,Terra,MODIS,94,6.2,298.1,16,N,0
-18.6859,135.5178,322.8,1.4,1.2,2014-11-21,1322,Terra,MODIS,100,6.2,298.3,26.1,N,0
-18.6911,135.5266,321,1.4,1.2,2014-11-21,1322,Terra,MODIS,100,6.2,298.5,22.8,N,0
-18.6928,135.5131,327.2,1.4,1.2,2014-11-21,1322,Terra,MODIS,100,6.2,298.6,34.6,N,0
-18.6804,135.5252,318.6,1.4,1.2,2014-11-21,1322,Terra,MODIS,97,6.2,298,19.5,N,0
-18.6698,135.5238,315.1,1.4,1.2,2014-11-21,1322,Terra,MODIS,75,6.2,297.8,13.8,N,0
-18.6714,135.5102,312.4,1.4,1.2,2014-11-21,1322,Terra,MODIS,31,6.2,297.6,9.9,N,0
-18.6574,135.5359,314.4,1.4,1.2,2014-11-21,1322,Terra,MODIS,61,6.2,297.4,13.9,N,0
-18.6591,135.5223,330,1.4,1.2,2014-11-21,1322,Terra,MODIS,100,6.2,298.4,40.8,N,0
-18.7023,137.1904,325.3,1.2,1.1,2014-11-21,1322,Terra,MODIS,53,6.2,292.2,25.9,N,0
-18.7037,137.1795,314.6,1.2,1.1,2014-11-21,1322,Terra,MODIS,12,6.2,282.5,15,N,0
-18.6927,137.189,414.9,1.2,1.1,2014-11-21,1322,Terra,MODIS,100,6.2,308.7,432,N,0
-18.6941,137.1781,364.9,1.2,1.1,2014-11-21,1322,Terra,MODIS,100,6.2,289.7,121.1,N,0
-18.683,137.1877,437.6,1.2,1.1,2014-11-21,1322,Terra,MODIS,100,6.2,301.9,690.1,N,0
-18.6844,137.1768,364.7,1.2,1.1,2014-11-21,1322,Terra,MODIS,100,6.2,285.7,119.4,N,0
-18.6734,137.1862,350,1.2,1.1,2014-11-21,1322,Terra,MODIS,100,6.2,292,71.1,N,0
-18.6748,137.1754,328.5,1.2,1.1,2014-11-21,1322,Terra,MODIS,71,6.2,284.2,28.9,N,0
-18.6638,137.1849,328.6,1.2,1.1,2014-11-21,1322,Terra,MODIS,77,6.2,290.4,27,N,0
-18.6652,137.174,323.2,1.2,1.1,2014-11-21,1322,Terra,MODIS,54,6.2,286.9,18.7,N,0
-18.6598,137.1894,322.8,1.2,1.1,2014-11-21,1322,Terra,MODIS,0,6.2,292.8,22.4,N,0
-18.4339,137.3633,321.1,1.1,1.1,2014-11-21,1322,Terra,MODIS,0,6.2,290.8,16.7,N,0
-18.423,137.3725,328.5,1.1,1.1,2014-11-21,1322,Terra,MODIS,82,6.2,291.9,26,N,0
-18.4244,137.3619,360.1,1.1,1.1,2014-11-21,1322,Terra,MODIS,100,6.2,293.2,95.4,N,0
-18.4258,137.3512,325.5,1.1,1.1,2014-11-21,1322,Terra,MODIS,100,6.2,287.8,20,N,0
-18.4272,137.3406,314.6,1.1,1.1,2014-11-21,1322,Terra,MODIS,12,6.2,287,9.1,N,0
-18.4135,137.371,327.6,1.1,1.1,2014-11-21,1322,Terra,MODIS,83,6.2,286.3,24.5,N,0
-18.4163,137.3498,329.2,1.1,1.1,2014-11-21,1322,Terra,MODIS,100,6.2,287.3,26.6,N,0
-18.4149,137.3605,337.3,1.1,1.1,2014-11-21,1322,Terra,MODIS,100,6.2,285.8,39.3,N,0
-18.4026,137.3802,319.6,1.1,1.1,2014-11-21,1322,Terra,MODIS,51,6.2,287,13.7,N,0
-18.404,137.3696,324.5,1.1,1.1,2014-11-21,1322,Terra,MODIS,93,6.2,282.7,19.8,N,0
-18.4054,137.359,321.6,1.1,1.1,2014-11-21,1322,Terra,MODIS,77,6.2,279.1,15.1,N,0
-18.4068,137.3484,325.4,1.1,1.1,2014-11-21,1322,Terra,MODIS,100,6.2,282.4,20.9,N,0
-18.4082,137.3378,319.7,1.1,1.1,2014-11-21,1322,Terra,MODIS,56,6.2,288.8,13.8,N,0
-18.3931,137.3788,317.5,1.1,1.1,2014-11-21,1322,Terra,MODIS,66,6.2,283.4,12.3,N,0
-18.3945,137.3682,325.2,1.1,1.1,2014-11-21,1322,Terra,MODIS,92,6.2,282.5,20.3,N,0
-18.3959,137.3576,340.8,1.1,1.1,2014-11-21,1322,Terra,MODIS,100,6.2,285.5,45,N,0
-18.3973,137.347,329.8,1.1,1.1,2014-11-21,1322,Terra,MODIS,100,6.2,285.7,27,N,0
-18.3987,137.3364,318,1.1,1.1,2014-11-21,1322,Terra,MODIS,55,6.2,290.9,12.3,N,0
-18.3836,137.3774,316,1.1,1.1,2014-11-21,1322,Terra,MODIS,46,6.2,282.7,10.2,N,0
-18.385,137.3668,320.7,1.1,1.1,2014-11-21,1322,Terra,MODIS,80,6.2,281.6,14.3,N,0
-18.3864,137.3562,325,1.1,1.1,2014-11-21,1322,Terra,MODIS,94,6.2,281.2,19.3,N,0
-18.3878,137.3456,325.8,1.1,1.1,2014-11-21,1322,Terra,MODIS,85,6.2,285.4,21.9,N,0
-18.3741,137.376,362.1,1.1,1.1,2014-11-21,1322,Terra,MODIS,100,6.2,289.1,101.1,N,0
-18.3755,137.3654,369.8,1.1,1.1,2014-11-21,1322,Terra,MODIS,100,6.2,288.9,130.3,N,0
-18.3769,137.3548,320.7,1.1,1.1,2014-11-21,1322,Terra,MODIS,89,6.2,281.9,15,N,0
-18.3674,137.3534,313.2,1.1,1.1,2014-11-21,1322,Terra,MODIS,41,6.2,283.6,7.9,N,0
-18.3687,137.3428,309.1,1.1,1.1,2014-11-21,1322,Terra,MODIS,5,6.2,281.9,5,N,0
-18.3596,137.3783,308.4,1.1,1.1,2014-11-21,1322,Terra,MODIS,40,6.2,291.5,5.1,N,0
-18.3638,137.3465,307.1,1.1,1.1,2014-11-21,1322,Terra,MODIS,26,6.2,282.6,4.7,N,0
-18.6913,137.1999,341.2,1.2,1.1,2014-11-21,1322,Terra,MODIS,100,6.2,296.7,50.4,N,0
-18.6802,137.2094,321.9,1.1,1.1,2014-11-21,1322,Terra,MODIS,96,6.2,290.8,17.2,N,0
-18.6816,137.1985,379,1.2,1.1,2014-11-21,1322,Terra,MODIS,100,6.2,297.3,177.9,N,0
-18.6706,137.208,376.4,1.1,1.1,2014-11-21,1322,Terra,MODIS,100,6.2,295.9,163.8,N,0
-18.672,137.1971,389.8,1.2,1.1,2014-11-21,1322,Terra,MODIS,100,6.2,300.4,236,N,0
-18.661,137.2066,349.7,1.1,1.1,2014-11-21,1322,Terra,MODIS,100,6.2,294.6,68.4,N,0
-18.6624,137.1957,344.1,1.2,1.1,2014-11-21,1322,Terra,MODIS,100,6.2,292.2,55.1,N,0
-18.6584,137.2002,327.5,1.1,1.1,2014-11-21,1322,Terra,MODIS,0,6.2,293,28.7,N,0
-18.5247,137.8439,310.6,1.1,1,2014-11-21,1322,Terra,MODIS,80,6.2,292,6.1,N,0
-18.526,137.8337,334.4,1.1,1,2014-11-21,1322,Terra,MODIS,100,6.2,296.1,34,N,0
-18.5274,137.8235,351.9,1.1,1,2014-11-21,1322,Terra,MODIS,100,6.2,298.7,69.5,N,0
-18.5287,137.8134,339.9,1.1,1,2014-11-21,1322,Terra,MODIS,100,6.2,297.4,43.6,N,0
-18.5167,137.8323,320.7,1.1,1,2014-11-21,1322,Terra,MODIS,100,6.2,296.8,15.6,N,0
-18.5181,137.8221,326,1.1,1,2014-11-21,1322,Terra,MODIS,100,6.2,297.7,21.8,N,0
-18.5194,137.812,325.5,1.1,1,2014-11-21,1322,Terra,MODIS,100,6.2,296.9,21.4,N,0
-16.5585,143.4011,353.6,1.5,1.2,2014-11-21,1323,Terra,MODIS,100,6.2,299.5,115.7,N,0
-17.0161,143.1931,323.5,1.4,1.2,2014-11-21,1323,Terra,MODIS,100,6.2,298.2,26.3,N,0
-16.9128,143.1281,309.5,1.4,1.2,2014-11-21,1323,Terra,MODIS,75,6.2,297.9,6.5,N,0
-16.9233,143.13,319.8,1.4,1.2,2014-11-21,1323,Terra,MODIS,99,6.2,298.4,19.6,N,0
-16.9868,143.1744,310.3,1.4,1.2,2014-11-21,1323,Terra,MODIS,14,6.2,297.7,7.2,N,0
-17.3026,143.1963,323,1.4,1.2,2014-11-21,1323,Terra,MODIS,97,6.2,289,25.9,N,0
-17.3226,143.1797,365.6,1.4,1.2,2014-11-21,1323,Terra,MODIS,100,6.2,296.8,154.4,N,0
-16.532,143.4041,306.8,1.5,1.2,2014-11-21,1323,Terra,MODIS,65,6.2,296.7,6.6,N,0
-14.542,142.4664,308.6,1.4,1.2,2014-11-21,1323,Terra,MODIS,11,6.2,296.6,8.2,N,0
-14.5027,142.4016,314.9,1.4,1.2,2014-11-21,1323,Terra,MODIS,89,6.2,296.7,15.7,N,0
-16.9763,143.1726,312.3,1.4,1.2,2014-11-21,1323,Terra,MODIS,64,6.2,297.8,9.6,N,0
-14.4982,142.4072,311,1.4,1.2,2014-11-21,1323,Terra,MODIS,32,6.2,296.2,10.4,N,0
-14.5156,142.2511,310.8,1.3,1.1,2014-11-21,1323,Terra,MODIS,79,6.2,296,11.1,N,0
-16.9658,143.1707,309.7,1.4,1.2,2014-11-21,1323,Terra,MODIS,51,6.2,297.8,6.7,N,0
-16.4819,133.8108,310.5,1.8,1.3,2014-11-21,1323,Terra,MODIS,80,6.2,298.1,11.5,N,0
-16.4838,133.7943,311.2,1.8,1.3,2014-11-21,1323,Terra,MODIS,82,6.2,298,13.3,N,0
-17.4323,143.0743,328.3,1.4,1.2,2014-11-21,1323,Terra,MODIS,100,6.2,299,31.7,N,0
-16.5298,143.4177,307.1,1.5,1.2,2014-11-21,1323,Terra,MODIS,67,6.2,296.9,7.1,N,0
-17.1912,142.9869,319.1,1.3,1.1,2014-11-21,1323,Terra,MODIS,98,6.2,297.8,17.7,N,0
-14.4923,142.3999,306.6,1.4,1.2,2014-11-21,1323,Terra,MODIS,46,6.2,296.2,6.8,N,0
-16.5535,143.4078,327.3,1.5,1.2,2014-11-21,1323,Terra,MODIS,100,6.2,298,37,N,0
-16.5427,143.406,321.8,1.5,1.2,2014-11-21,1323,Terra,MODIS,100,6.2,297.3,27.3,N,0
-17.2588,143.2017,311.2,1.4,1.2,2014-11-21,1323,Terra,MODIS,71,6.2,297.2,8.9,N,0
-17.1767,142.9651,341,1.3,1.1,2014-11-21,1323,Terra,MODIS,100,6.2,299.8,61.8,N,0
-14.54,142.479,309.3,1.4,1.2,2014-11-21,1323,Terra,MODIS,74,6.2,296.3,9.4,N,0
-17.333,143.1816,341.9,1.4,1.2,2014-11-21,1323,Terra,MODIS,100,6.2,293,66.1,N,0
-17.1747,142.9776,315,1.3,1.1,2014-11-21,1323,Terra,MODIS,90,6.2,298,12.4,N,0
-17.7227,137.4507,314.6,1.1,1,2014-11-21,1323,Terra,MODIS,87,6.2,299.3,9.9,N,0
-15.0727,145.0598,306,2.1,1.4,2014-11-21,1323,Terra,MODIS,64,6.2,293.5,18.5,N,0
-17.4302,143.0869,326.8,1.4,1.2,2014-11-21,1323,Terra,MODIS,100,6.2,299.1,30.2,N,0
-17.2221,142.9924,357.1,1.3,1.1,2014-11-21,1323,Terra,MODIS,100,6.2,298.1,115.4,N,0
-17.2035,142.9762,337,1.3,1.1,2014-11-21,1323,Terra,MODIS,100,6.2,298.2,52.3,N,0
-15.077,145.0473,305.2,2,1.4,2014-11-21,1323,Terra,MODIS,59,6.2,293.3,17.3,N,0
-14.6873,142.3308,309.4,1.3,1.1,2014-11-21,1323,Terra,MODIS,32,6.2,296.4,8.4,N,0
-16.5692,143.4031,308.3,1.5,1.2,2014-11-21,1323,Terra,MODIS,73,6.2,297,7.9,N,0
-17.3308,143.1945,340.6,1.4,1.2,2014-11-21,1323,Terra,MODIS,100,6.2,293.8,63.3,N,0
-17.0265,143.195,310.3,1.4,1.2,2014-11-21,1323,Terra,MODIS,17,6.2,297.8,7.4,N,0
-17.0417,143.2036,315.7,1.4,1.2,2014-11-21,1323,Terra,MODIS,92,6.2,297.8,14.5,N,0
-17.0522,143.2055,310.1,1.4,1.2,2014-11-21,1323,Terra,MODIS,73,6.2,297.9,7.5,N,0
-17.3235,143.2001,316.1,1.4,1.2,2014-11-21,1323,Terra,MODIS,55,6.2,290.3,17.2,N,0
-17.2015,142.9888,345.8,1.3,1.1,2014-11-21,1323,Terra,MODIS,100,6.2,298.5,74.9,N,0
-14.6959,142.326,309.4,1.3,1.1,2014-11-21,1323,Terra,MODIS,26,6.2,296.4,8.7,N,0
-17.3276,143.1743,324.9,1.4,1.2,2014-11-21,1323,Terra,MODIS,100,6.2,294,27.3,N,0
-17.3256,143.1871,379.5,1.4,1.2,2014-11-21,1323,Terra,MODIS,100,6.2,300.5,234.1,N,0
-17.3151,143.1853,355.4,1.4,1.2,2014-11-21,1323,Terra,MODIS,100,6.2,297,111.1,N,0
-17.3131,143.1982,344,1.4,1.2,2014-11-21,1323,Terra,MODIS,100,6.2,291,75.2,N,0
-17.3172,143.1724,316.5,1.4,1.2,2014-11-21,1323,Terra,MODIS,93,6.2,292.8,14.5,N,0
-17.3068,143.1705,318.2,1.4,1.2,2014-11-21,1323,Terra,MODIS,96,6.2,295.3,17.7,N,0
-15.776,145.1045,304.3,2,1.4,2014-11-21,1323,Terra,MODIS,50,6.2,292.5,12.7,N,0
-17.1581,142.9489,309.6,1.3,1.1,2014-11-21,1323,Terra,MODIS,78,6.2,297.6,6.8,N,0
-17.0182,143.1801,328.7,1.4,1.2,2014-11-21,1323,Terra,MODIS,100,6.2,298.1,36.1,N,0
-17.1932,142.9744,348.4,1.3,1.1,2014-11-21,1323,Terra,MODIS,100,6.2,299.4,83.2,N,0
-17.1664,142.9632,342.2,1.3,1.1,2014-11-21,1323,Terra,MODIS,100,6.2,299.4,65.1,N,0
-17.1829,142.9725,354.3,1.3,1.1,2014-11-21,1323,Terra,MODIS,100,6.2,299.4,102.9,N,0
-16.9609,143.1634,313.5,1.4,1.2,2014-11-21,1323,Terra,MODIS,10,6.2,298,10.3,N,0
-17.2816,143.3266,312.7,1.4,1.2,2014-11-21,1323,Terra,MODIS,85,6.2,298.3,11.3,N,0
-17.3093,143.3245,313.4,1.4,1.2,2014-11-21,1323,Terra,MODIS,25,6.2,297.7,14.4,N,0
-17.3204,143.1926,367.4,1.4,1.2,2014-11-21,1323,Terra,MODIS,100,6.2,296.6,163.7,N,0
-17.2138,142.978,328.6,1.3,1.1,2014-11-21,1323,Terra,MODIS,100,6.2,297.8,35.2,N,0
-17.0475,143.1988,313.8,1.4,1.2,2014-11-21,1323,Terra,MODIS,87,6.2,297.9,12,N,0
-16.9337,143.1318,336.7,1.4,1.2,2014-11-21,1323,Terra,MODIS,100,6.2,299.8,53,N,0
-16.5722,130.2736,324.8,3.3,1.7,2014-11-21,1323,Terra,MODIS,100,6.2,294.1,103.2,N,0
-16.5761,130.2689,322.5,3.3,1.7,2014-11-21,1323,Terra,MODIS,100,6.2,293.8,87.8,N,0
-17.4345,143.0819,318.6,1.4,1.2,2014-11-21,1323,Terra,MODIS,90,6.2,298.8,17.6,N,0
-17.3556,143.306,331.8,1.4,1.2,2014-11-21,1323,Terra,MODIS,100,6.2,298.9,44,N,0
-17.2118,142.9906,352,1.3,1.1,2014-11-21,1323,Terra,MODIS,100,6.2,299.1,95.3,N,0
-17.4343,143.0617,313.5,1.3,1.2,2014-11-21,1323,Terra,MODIS,43,6.2,297.8,9.1,N,0
-17.185,142.96,316.3,1.3,1.1,2014-11-21,1323,Terra,MODIS,93,6.2,297.2,14.1,N,0
-17.1747,142.9582,339.2,1.3,1.1,2014-11-21,1323,Terra,MODIS,100,6.2,298.9,56.9,N,0
-17.1726,142.9707,343,1.3,1.1,2014-11-21,1323,Terra,MODIS,100,6.2,298.9,67.1,N,0
-17.3534,143.319,317.2,1.4,1.2,2014-11-21,1323,Terra,MODIS,95,6.2,296.4,17.2,N,0
-17.3661,143.3079,323.5,1.4,1.2,2014-11-21,1323,Terra,MODIS,100,6.2,298.5,27.7,N,0
-17.3429,143.3171,308.8,1.4,1.2,2014-11-21,1323,Terra,MODIS,22,6.2,293.2,7.5,N,0
-17.193,143.3046,311.5,1.4,1.2,2014-11-21,1323,Terra,MODIS,38,6.2,298.2,8.7,N,0
-16.5478,143.3992,338.5,1.5,1.2,2014-11-21,1323,Terra,MODIS,100,6.2,298.1,63.9,N,0
-16.5455,143.4128,311.2,1.5,1.2,2014-11-21,1323,Terra,MODIS,14,6.2,297,10,N,0
-16.9421,143.1467,309.8,1.4,1.2,2014-11-21,1323,Terra,MODIS,48,6.2,297.9,6.5,N,0
-17.4139,143.0781,320.8,1.4,1.2,2014-11-21,1323,Terra,MODIS,57,6.2,295.3,24.3,N,0
-17.2304,143.0069,318.9,1.3,1.2,2014-11-21,1323,Terra,MODIS,57,6.2,287.6,20.3,N,0
-17.3027,143.3305,311.4,1.4,1.2,2014-11-21,1323,Terra,MODIS,56,6.2,298.4,9.7,N,0
-17.2921,143.3285,310.4,1.4,1.2,2014-11-21,1323,Terra,MODIS,58,6.2,298.4,8.3,N,0
-17.2584,143.3359,311.9,1.4,1.2,2014-11-21,1323,Terra,MODIS,84,6.2,298.5,9.3,N,0
-17.4242,143.08,335.6,1.4,1.2,2014-11-21,1323,Terra,MODIS,100,6.2,298.8,50.7,N,0
-17.4385,143.0567,311.8,1.3,1.2,2014-11-21,1323,Terra,MODIS,37,6.2,297.8,7.7,N,0
-16.9441,143.1337,328.8,1.4,1.2,2014-11-21,1323,Terra,MODIS,100,6.2,299.1,36,N,0
-17.3829,143.0725,313,1.4,1.2,2014-11-21,1323,Terra,MODIS,39,6.2,291.8,16.2,N,0
-17.6824,136.8809,307.8,1.2,1.1,2014-11-21,1323,Terra,MODIS,33,6.2,278.1,10.7,N,0
-17.6838,136.87,342.1,1.2,1.1,2014-11-21,1323,Terra,MODIS,100,6.2,279.4,60,N,0
-17.1684,142.9507,320.3,1.3,1.1,2014-11-21,1323,Terra,MODIS,100,6.2,298.2,19.8,N,0
-17.2609,143.1887,309.7,1.4,1.2,2014-11-21,1323,Terra,MODIS,54,6.2,297,7.1,N,0
-17.2324,142.9943,340.4,1.3,1.1,2014-11-21,1323,Terra,MODIS,100,6.2,295.2,64.1,N,0
-17.3047,143.1834,327.4,1.4,1.2,2014-11-21,1323,Terra,MODIS,83,6.2,294.9,32.5,N,0
-17.1768,129.9573,319.6,3.5,1.8,2014-11-21,1323,Terra,MODIS,52,6.2,289.6,115.2,N,0
-17.1609,129.9555,345.6,3.5,1.8,2014-11-21,1323,Terra,MODIS,100,6.2,291,334.3,N,0
-17.1576,129.9884,325.6,3.5,1.8,2014-11-21,1323,Terra,MODIS,73,6.2,289,150.7,N,0
-15.2656,132.0776,307.4,2.3,1.5,2014-11-21,1323,Terra,MODIS,56,6.2,295.3,13.1,N,0
-15.351,131.4939,319.9,2.5,1.5,2014-11-21,1323,Terra,MODIS,99,6.2,295.7,49.1,N,0
-15.3372,131.4922,312.4,2.5,1.5,2014-11-21,1323,Terra,MODIS,42,6.2,295,24.1,N,0
-15.3233,131.4906,309.2,2.5,1.5,2014-11-21,1323,Terra,MODIS,65,6.2,294.8,17.3,N,0
-15.3732,131.478,310.8,2.5,1.5,2014-11-21,1323,Terra,MODIS,73,6.2,295.1,20.7,N,0
-15.3594,131.4764,316.1,2.5,1.5,2014-11-21,1323,Terra,MODIS,90,6.2,295.4,37.1,N,0
-15.3455,131.4747,327.3,2.5,1.5,2014-11-21,1323,Terra,MODIS,100,6.2,295.5,80.6,N,0
-15.3317,131.473,311.4,2.5,1.5,2014-11-21,1323,Terra,MODIS,38,6.2,294.8,21.5,N,0
-15.3537,131.4703,320.4,2.5,1.5,2014-11-21,1323,Terra,MODIS,100,6.2,295.3,51,N,0
-15.3399,131.4686,314.6,2.5,1.5,2014-11-21,1323,Terra,MODIS,71,6.2,294.9,31.3,N,0
-15.3568,131.5,309.2,2.5,1.5,2014-11-21,1323,Terra,MODIS,40,6.2,295.4,16.2,N,0
-15.343,131.4983,312.4,2.5,1.5,2014-11-21,1323,Terra,MODIS,44,6.2,295.1,23.8,N,0
-15.2559,132.0711,317.9,2.3,1.5,2014-11-21,1323,Terra,MODIS,95,6.2,295.5,41.1,N,0
-15.2524,132.076,316.3,2.3,1.5,2014-11-21,1323,Terra,MODIS,91,6.2,295.4,35.1,N,0
-16.5449,143.3923,311.7,1.5,1.2,2014-11-21,1323,Terra,MODIS,81,6.2,296.8,11.6,N,0
-16.5556,143.3942,339.7,1.5,1.2,2014-11-21,1323,Terra,MODIS,100,6.2,299,67.4,N,0
-16.5608,143.3876,326.1,1.5,1.2,2014-11-21,1323,Terra,MODIS,100,6.2,297.6,34.8,N,0
-16.5715,143.3895,307.6,1.5,1.2,2014-11-21,1323,Terra,MODIS,70,6.2,297.1,7,N,0
-15.1811,130.3306,307.2,3.1,1.7,2014-11-21,1324,Terra,MODIS,58,6.2,291.6,21,N,0
-12.5255,135.056,312.4,1.3,1.1,2014-11-21,1324,Terra,MODIS,39,6.2,295.8,11.8,N,0
-12.5256,135.0622,306.2,1.3,1.1,2014-11-21,1324,Terra,MODIS,27,6.2,295.4,6.6,N,0
-12.5233,132.5132,309.8,1.9,1.4,2014-11-21,1324,Terra,MODIS,74,6.2,293.4,16.9,N,0
-12.565,134.9897,306.2,1.3,1.1,2014-11-21,1324,Terra,MODIS,19,6.2,295.7,6.5,N,0
-14.4014,134.69,309.3,1.4,1.2,2014-11-21,1324,Terra,MODIS,62,6.2,298.9,7.3,N,0
-12.5315,135.0091,317.5,1.3,1.1,2014-11-21,1324,Terra,MODIS,94,6.2,296,17.7,N,0
-13.6052,135.4442,307.1,1.3,1.1,2014-11-21,1324,Terra,MODIS,50,6.2,296.3,6.2,N,0
-13.6067,135.4327,307.8,1.3,1.1,2014-11-21,1324,Terra,MODIS,55,6.2,296.6,7.1,N,0
-12.5335,135.0036,317.3,1.3,1.1,2014-11-21,1324,Terra,MODIS,91,6.2,296.6,18.3,N,0
-12.99,136.2998,308,1.1,1.1,2014-11-21,1324,Terra,MODIS,64,6.2,296.1,6.3,N,0
-26.6904,147.0414,305,3.1,1.7,2014-11-21,1453,Aqua,MODIS,62,6.2,294.1,28.1,N,0
-29.5987,152.186,306.3,1.3,1.1,2014-11-21,1453,Aqua,MODIS,60,6.2,292.7,9.3,N,0
-29.5654,152.2339,303.2,1.3,1.1,2014-11-21,1453,Aqua,MODIS,38,6.2,293,5.7,N,0
-27.2315,150.8573,305.6,1.7,1.3,2014-11-21,1453,Aqua,MODIS,65,6.2,293.9,10.5,N,0
-30.1583,152.1525,318.9,1.3,1.1,2014-11-21,1454,Aqua,MODIS,98,6.2,295.3,22.2,N,0
-30.1606,152.1656,306.5,1.2,1.1,2014-11-21,1454,Aqua,MODIS,68,6.2,294.3,8.5,N,0
-30.1559,152.1463,310.2,1.3,1.1,2014-11-21,1454,Aqua,MODIS,58,6.2,294.1,11.3,N,0
-30.1581,152.1589,313.6,1.2,1.1,2014-11-21,1454,Aqua,MODIS,87,6.2,294.7,14.7,N,0
-30.1661,152.1453,323,1.3,1.1,2014-11-21,1454,Aqua,MODIS,100,6.2,295.2,27,N,0
-30.1682,152.1571,313,1.2,1.1,2014-11-21,1454,Aqua,MODIS,31,6.2,295.1,13.6,N,0
-30.1762,152.1438,320,1.3,1.1,2014-11-21,1454,Aqua,MODIS,99,6.2,292.9,24.3,N,0
-30.2006,152.165,326.7,1.2,1.1,2014-11-21,1454,Aqua,MODIS,100,6.2,294.6,32.9,N,0
-30.2026,152.1768,315.4,1.2,1.1,2014-11-21,1454,Aqua,MODIS,55,6.2,294.6,17.2,N,0
-30.2083,152.1501,312.6,1.2,1.1,2014-11-21,1454,Aqua,MODIS,74,6.2,291.2,16.2,N,0
-30.1198,152.1093,303.8,1.3,1.1,2014-11-21,1454,Aqua,MODIS,57,6.2,293,7.2,N,0
-29.5029,124.8325,358.3,2.1,1.4,2014-11-21,1458,Terra,MODIS,100,6.2,297.8,246.7,N,0
-29.5111,124.858,314.4,2.1,1.4,2014-11-21,1458,Terra,MODIS,89,6.2,294.5,36.8,N,0
-29.4985,124.8545,350.9,2.1,1.4,2014-11-21,1458,Terra,MODIS,100,6.2,297.3,194,N,0
-29.5454,124.7521,321.3,2.1,1.4,2014-11-21,1458,Terra,MODIS,100,6.2,293,56.2,N,0
-29.5569,124.7621,303.6,2.1,1.4,2014-11-21,1458,Terra,MODIS,56,6.2,292.7,14.8,N,0
-29.5155,124.836,336.9,2.1,1.4,2014-11-21,1458,Terra,MODIS,100,6.2,295.7,115.8,N,0
-29.5411,124.7738,303.7,2.1,1.4,2014-11-21,1458,Terra,MODIS,57,6.2,292.3,15.1,N,0
-29.5444,124.7584,325.8,2.1,1.4,2014-11-21,1458,Terra,MODIS,100,6.2,293,69.5,N,0
-30.8658,121.4923,303.5,1.3,1.1,2014-11-21,1458,Terra,MODIS,55,6.2,291.2,8.3,N,2
-19.7832,126.4478,312.3,4.6,2,2014-11-21,1500,Terra,MODIS,70,6.2,290.7,83,N,0
-19.7564,126.487,342.3,4.6,2,2014-11-21,1500,Terra,MODIS,100,6.2,289.4,426.7,N,0
-19.7658,126.4435,354.4,4.6,2,2014-11-21,1500,Terra,MODIS,100,6.2,291.1,639.1,N,0
-19.775,126.4004,308.1,4.6,2,2014-11-21,1500,Terra,MODIS,74,6.2,290,56.4,N,0
-19.7843,126.441,309.5,4.6,2,2014-11-21,1500,Terra,MODIS,77,6.2,290.9,66.3,N,0
-19.7578,126.4802,350.5,4.6,2,2014-11-21,1500,Terra,MODIS,100,6.2,290,570.7,N,0
-19.7669,126.4366,346.2,4.6,2,2014-11-21,1500,Terra,MODIS,100,6.2,290.8,475.6,N,0
-21.1494,118.6587,318.3,1.2,1.1,2014-11-21,1500,Terra,MODIS,96,6.2,298.3,17.9,N,0
-21.1873,118.6779,312.3,1.2,1.1,2014-11-21,1500,Terra,MODIS,80,6.2,298.6,10.7,N,0
-21.7438,123.0922,308.7,2.4,1.5,2014-11-21,1500,Terra,MODIS,70,6.2,298,19,N,0
-19.8686,125.773,318.4,4.1,1.9,2014-11-21,1500,Terra,MODIS,97,6.2,277.7,148,N,0
-19.8716,125.7809,325.2,4.1,1.9,2014-11-21,1500,Terra,MODIS,100,6.2,278.4,202.3,N,0
-12.5211,135.0607,308.6,1,1,2014-11-21,1627,Aqua,MODIS,73,6.2,294.9,7.1,N,0
-12.5197,135.0515,305.5,1,1,2014-11-21,1627,Aqua,MODIS,26,6.2,294.8,4.7,N,0
-12.5668,134.9977,304.3,1,1,2014-11-21,1627,Aqua,MODIS,56,6.2,293.8,4.8,N,0
-12.535,135.0305,309.6,1,1,2014-11-21,1627,Aqua,MODIS,42,6.2,294.2,7,N,0
-12.5233,135.0136,307.8,1,1,2014-11-21,1627,Aqua,MODIS,30,6.2,294,6.1,N,0
-13.0361,136.3224,308.6,1,1,2014-11-21,1628,Aqua,MODIS,11,6.2,296.1,6.5,N,0
-17.3028,143.0485,306.5,3.3,1.7,2014-11-21,1628,Aqua,MODIS,36,6.2,279.4,37,N,0
-14.5259,142.4613,303,2.7,1.6,2014-11-21,1628,Aqua,MODIS,46,6.2,292.6,17.4,N,0
-14.6731,133.1398,301.3,1.1,1,2014-11-21,1628,Aqua,MODIS,26,6.2,278.5,3.8,N,0
-17.3189,143.2065,313.2,3.4,1.7,2014-11-21,1628,Aqua,MODIS,87,6.2,282.7,64.6,N,0
-17.3281,143.198,311.5,3.4,1.7,2014-11-21,1628,Aqua,MODIS,83,6.2,283.1,57.2,N,0
-15.3822,135.9016,309.9,1.1,1,2014-11-21,1628,Aqua,MODIS,74,6.2,296.5,8.2,N,0
-13.2635,130.2742,333.1,1.6,1.2,2014-11-21,1628,Aqua,MODIS,100,6.2,290.4,60.9,N,0
-15.7548,130.9703,314.5,1.3,1.1,2014-11-21,1628,Aqua,MODIS,88,6.2,289.3,14.2,N,0
-15.7446,130.9722,307.2,1.3,1.1,2014-11-21,1628,Aqua,MODIS,14,6.2,289.3,6.1,N,0
-13.2228,130.2362,305.9,1.6,1.2,2014-11-21,1628,Aqua,MODIS,26,6.2,291.5,10.3,N,0
-13.2611,130.2596,320.1,1.6,1.2,2014-11-21,1628,Aqua,MODIS,100,6.2,288.5,31.4,N,0
-13.2659,130.2887,313.8,1.6,1.2,2014-11-21,1628,Aqua,MODIS,70,6.2,289.6,20.5,N,0
-13.586,134.5439,306.4,1,1,2014-11-21,1628,Aqua,MODIS,64,6.2,296.1,4.4,N,0
-15.3548,131.4734,308.1,1.2,1.1,2014-11-21,1628,Aqua,MODIS,29,6.2,294.7,5.3,N,0
-15.3368,131.4881,316.5,1.2,1.1,2014-11-21,1628,Aqua,MODIS,92,6.2,293.8,14.7,N,0
-15.2557,132.0789,316.3,1.2,1.1,2014-11-21,1628,Aqua,MODIS,92,6.2,295.7,13.4,N,0
-15.2461,132.0805,311.6,1.2,1.1,2014-11-21,1628,Aqua,MODIS,79,6.2,295.4,8.9,N,0
-13.7767,135.5924,320.4,1,1,2014-11-21,1628,Aqua,MODIS,100,6.2,297.2,16.3,N,0
-15.2669,132.0879,310.8,1.2,1.1,2014-11-21,1628,Aqua,MODIS,77,6.2,295.6,8.2,N,0
-15.2573,132.0895,310.9,1.2,1.1,2014-11-21,1628,Aqua,MODIS,77,6.2,295.5,7.9,N,0
-16.3346,131.2543,310.5,1.2,1.1,2014-11-21,1629,Aqua,MODIS,31,6.2,297,9.1,N,0
-16.4795,133.8141,308.8,1,1,2014-11-21,1629,Aqua,MODIS,59,6.2,297.7,4.8,N,0
-16.3338,131.2495,312.7,1.2,1.1,2014-11-21,1629,Aqua,MODIS,52,6.2,297.1,10.9,N,0
-16.3292,127.2244,302,2.3,1.5,2014-11-21,1629,Aqua,MODIS,46,6.2,289.3,11.3,N,0
-21.821,126.7399,345.9,2,1.4,2014-11-21,1630,Aqua,MODIS,100,6.2,299.6,138,N,0
-21.8163,126.7288,338.2,2,1.4,2014-11-21,1630,Aqua,MODIS,100,6.2,297.8,103.1,N,0
-21.8198,126.7477,327.9,2,1.4,2014-11-21,1630,Aqua,MODIS,100,6.2,297.5,64.4,N,0
-21.8285,126.7262,370.5,2,1.4,2014-11-21,1630,Aqua,MODIS,100,6.2,299.7,310.7,N,0
-21.832,126.745,369.5,2,1.4,2014-11-21,1630,Aqua,MODIS,100,6.2,301.2,300,N,0
-21.8408,126.7236,327.7,2,1.4,2014-11-21,1630,Aqua,MODIS,100,6.2,296.2,62.6,N,0
-21.8442,126.7424,353.1,2,1.4,2014-11-21,1630,Aqua,MODIS,100,6.2,297.9,178.1,N,0
-21.8174,126.7212,329.1,2,1.4,2014-11-21,1630,Aqua,MODIS,100,6.2,296.8,67.4,N,0
-21.8296,126.7186,332,2,1.4,2014-11-21,1630,Aqua,MODIS,100,6.2,296.3,77.7,N,0
-21.8332,126.7373,389.6,2,1.4,2014-11-21,1630,Aqua,MODIS,100,6.2,302.9,520,N,0
-21.8367,126.756,319.9,2,1.4,2014-11-21,1630,Aqua,MODIS,99,6.2,297.5,39.3,N,0
-21.8454,126.7347,336.9,2,1.4,2014-11-21,1630,Aqua,MODIS,100,6.2,297,96.1,N,0
-21.8489,126.7534,307.2,2,1.4,2014-11-21,1630,Aqua,MODIS,71,6.2,296.5,12.6,N,0
-25.5097,131.1606,330.1,1,1,2014-11-21,1631,Aqua,MODIS,100,6.2,297.5,28.4,N,0
-25.5081,131.1505,340.7,1,1,2014-11-21,1631,Aqua,MODIS,100,6.2,297.9,44.5,N,0
-25.5188,131.159,305.9,1,1,2014-11-21,1631,Aqua,MODIS,66,6.2,295.7,5.8,N,0
-24.0828,129.1725,312,1.2,1.1,2014-11-21,1631,Aqua,MODIS,76,6.2,297.2,12.2,N,0
-29.542,124.757,333,1.9,1.3,2014-11-21,1632,Aqua,MODIS,100,6.2,292,83.2,N,0
-29.5037,124.8504,302.8,1.8,1.3,2014-11-21,1632,Aqua,MODIS,42,6.2,291.9,12.4,N,0
-13.9348,143.5303,323.8,3,1.6,2014-11-22,0014,Terra,MODIS,62,6.2,301.7,53.6,D,0
-13.9339,143.5234,325.6,3,1.6,2014-11-22,0014,Terra,MODIS,25,6.2,301.6,60,D,0
-13.9495,143.5276,324,3,1.6,2014-11-22,0014,Terra,MODIS,57,6.2,301.2,54,D,0
-13.9486,143.5206,325,3,1.6,2014-11-22,0014,Terra,MODIS,54,6.2,300.6,60.1,D,0
-14.5464,142.1852,325.2,3.7,1.8,2014-11-22,0015,Terra,MODIS,47,6.2,302.7,72.8,D,0
-16.9506,143.1603,327.9,2.8,1.6,2014-11-22,0015,Terra,MODIS,34,6.2,304.3,35.1,D,0
-14.5498,142.1137,327.8,3.7,1.8,2014-11-22,0015,Terra,MODIS,58,6.2,301.3,99.9,D,0
-14.5561,142.1479,330.9,3.7,1.8,2014-11-22,0015,Terra,MODIS,66,6.2,303.1,116.1,D,0
-14.9423,144.4068,324.9,2.5,1.5,2014-11-22,0015,Terra,MODIS,68,6.2,299.8,40.7,D,0
-14.5105,142.4332,322,3.5,1.8,2014-11-22,0015,Terra,MODIS,36,6.2,302.9,46.1,D,0
-17.4172,143.113,332.9,2.7,1.6,2014-11-22,0015,Terra,MODIS,55,6.2,302,69.1,D,0
-14.5566,142.1066,327.1,3.7,1.8,2014-11-22,0015,Terra,MODIS,62,6.2,301.6,93.1,D,0
-17.2782,143.1746,327.9,2.7,1.6,2014-11-22,0015,Terra,MODIS,39,6.2,303.3,37,D,0
-14.5303,142.1884,342.8,3.7,1.8,2014-11-22,0015,Terra,MODIS,90,6.2,301.7,244.2,D,0
-14.5206,142.2254,330.9,3.7,1.8,2014-11-22,0015,Terra,MODIS,75,6.2,302.4,114.1,D,0
-14.5366,142.2221,323.4,3.7,1.8,2014-11-22,0015,Terra,MODIS,36,6.2,302.7,55.8,D,0
-14.5281,142.218,332.6,3.7,1.8,2014-11-22,0015,Terra,MODIS,79,6.2,302.5,130.3,D,0
-16.5334,143.4148,326.6,2.7,1.6,2014-11-22,0015,Terra,MODIS,65,6.2,305.1,31.4,D,0
-16.5832,143.4241,328.8,2.7,1.6,2014-11-22,0015,Terra,MODIS,71,6.2,303.4,50.2,D,0
-16.5786,143.3989,331.5,2.7,1.6,2014-11-22,0015,Terra,MODIS,76,6.2,301.5,64,D,0
-17.5542,142.5439,333.9,3,1.6,2014-11-22,0015,Terra,MODIS,79,6.2,299.6,84.7,D,0
-14.5376,142.1812,339.3,3.7,1.8,2014-11-22,0015,Terra,MODIS,87,6.2,302,195.4,D,0
-17.3355,145.3487,327,1.9,1.3,2014-11-22,0015,Terra,MODIS,66,6.2,304,33.2,D,0
-17.5536,142.5379,331.1,3,1.6,2014-11-22,0015,Terra,MODIS,67,6.2,299.3,68.8,D,0
-17.3326,145.3316,335.3,1.9,1.3,2014-11-22,0015,Terra,MODIS,80,6.2,301.3,59.9,D,0
-17.3628,143.0778,328.4,2.8,1.6,2014-11-22,0015,Terra,MODIS,37,6.2,304.3,40.6,D,0
-17.3368,145.3245,330.9,1.9,1.3,2014-11-22,0015,Terra,MODIS,74,6.2,301.7,43.3,D,0
-17.3399,145.3418,333.6,1.9,1.3,2014-11-22,0015,Terra,MODIS,78,6.2,303.6,52.7,D,0
-14.5181,142.4391,336.1,3.5,1.8,2014-11-22,0015,Terra,MODIS,84,6.2,303.3,153.4,D,0
-16.1068,144.2716,342.7,2.4,1.5,2014-11-22,0015,Terra,MODIS,89,6.2,308.5,111.8,D,0
-16.1108,144.2935,329.5,2.4,1.5,2014-11-22,0015,Terra,MODIS,59,6.2,310.1,36.8,D,0
-16.1144,144.2631,342.8,2.4,1.5,2014-11-22,0015,Terra,MODIS,89,6.2,309.1,107.8,D,0
-14.5385,142.4946,330.1,3.5,1.8,2014-11-22,0015,Terra,MODIS,71,6.2,304.1,96.7,D,0
-14.5324,142.4625,335.9,3.5,1.8,2014-11-22,0015,Terra,MODIS,84,6.2,303.5,144.8,D,0
-14.524,142.4715,330.3,3.5,1.8,2014-11-22,0015,Terra,MODIS,70,6.2,303.3,100.2,D,0
-17.3698,143.096,330.3,2.8,1.6,2014-11-22,0015,Terra,MODIS,45,6.2,303.5,53.6,D,0
-16.1201,144.2688,332.7,2.4,1.5,2014-11-22,0015,Terra,MODIS,64,6.2,310.4,52.7,D,0
-14.5471,142.144,330.5,3.7,1.8,2014-11-22,0015,Terra,MODIS,63,6.2,301.9,111.3,D,0
-14.5173,142.2954,322.8,3.6,1.8,2014-11-22,0015,Terra,MODIS,39,6.2,302.6,52.6,D,0
-17.4123,143.0874,331.3,2.8,1.6,2014-11-22,0015,Terra,MODIS,63,6.2,302.7,55.5,D,0
-15.8322,145.0963,336.6,2.1,1.4,2014-11-22,0015,Terra,MODIS,84,6.2,300,80.6,D,0
-15.7121,145.0916,325.4,2.1,1.4,2014-11-22,0015,Terra,MODIS,67,6.2,298.9,36.8,D,0
-15.7086,145.0714,326.9,2.1,1.4,2014-11-22,0015,Terra,MODIS,70,6.2,299.9,40.7,D,0
-15.8448,145.0941,319.4,2.1,1.4,2014-11-22,0015,Terra,MODIS,29,6.2,295.4,19.9,D,0
-15.7116,145.0842,330.6,2.1,1.4,2014-11-22,0015,Terra,MODIS,77,6.2,299.5,53,D,0
-14.8033,144.6537,323.2,2.4,1.5,2014-11-22,0015,Terra,MODIS,34,6.2,302.7,24.3,D,0
-14.7532,144.7357,329.8,2.3,1.5,2014-11-22,0015,Terra,MODIS,77,6.2,301.5,56.7,D,0
-14.7572,144.7575,320.4,2.3,1.5,2014-11-22,0015,Terra,MODIS,28,6.2,301.1,22.5,D,0
-14.8072,144.6752,322.3,2.4,1.5,2014-11-22,0015,Terra,MODIS,21,6.2,302.4,24.2,D,0
-14.808,144.6587,325.9,2.4,1.5,2014-11-22,0015,Terra,MODIS,67,6.2,302.5,36,D,0
-17.328,145.3445,342.9,1.9,1.3,2014-11-22,0015,Terra,MODIS,88,6.2,303.8,90.5,D,0
-22.6665,150.2624,324.2,1,1,2014-11-22,0016,Terra,MODIS,47,6.2,299.9,12.5,D,0
-19.5277,146.4376,331.2,1.4,1.2,2014-11-22,0016,Terra,MODIS,72,6.2,304.6,23,D,0
-19.5384,146.4355,351.4,1.4,1.2,2014-11-22,0016,Terra,MODIS,94,6.2,305.1,82.8,D,0
-19.53,146.451,325.9,1.4,1.2,2014-11-22,0016,Terra,MODIS,51,6.2,305,12.6,D,0
-20.0361,148.2917,312.8,1.1,1.1,2014-11-22,0016,Terra,MODIS,53,6.2,300,8.7,D,3
-19.5406,146.4489,330.5,1.4,1.2,2014-11-22,0016,Terra,MODIS,71,6.2,304.3,22.2,D,0
-21.8118,149.3439,341.8,1,1,2014-11-22,0016,Terra,MODIS,86,6.2,300.2,36.8,D,0
-18.6297,145.7762,328.5,1.7,1.3,2014-11-22,0016,Terra,MODIS,70,6.2,300.5,35.2,D,0
-20.9318,140.8162,329.5,3.4,1.7,2014-11-22,0016,Terra,MODIS,67,6.2,300.9,70,D,0
-18.641,145.7741,325.4,1.7,1.3,2014-11-22,0016,Terra,MODIS,60,6.2,300.1,26.3,D,0
-18.6523,145.772,343,1.7,1.3,2014-11-22,0016,Terra,MODIS,88,6.2,301,79.5,D,0
-21.655,140.4517,334.6,3.5,1.8,2014-11-22,0017,Terra,MODIS,82,6.2,293.9,138,D,0
-21.6622,140.4576,327,3.5,1.8,2014-11-22,0017,Terra,MODIS,72,6.2,292,75.9,D,0
-21.6466,140.4612,336.1,3.5,1.8,2014-11-22,0017,Terra,MODIS,84,6.2,295.9,149.6,D,0
-23.0736,146.2361,332.4,1.3,1.1,2014-11-22,0017,Terra,MODIS,65,6.2,296.3,23.5,D,0
-25.1379,147.316,334.6,1.1,1,2014-11-22,0017,Terra,MODIS,73,6.2,311.7,15.3,D,0
-25.8041,151.0296,328.9,1.1,1,2014-11-22,0017,Terra,MODIS,64,6.2,302.4,14.7,D,0
-24.8908,148.5739,328.2,1,1,2014-11-22,0017,Terra,MODIS,29,6.2,308.3,8.1,D,0
-24.8893,148.5639,327.5,1,1,2014-11-22,0017,Terra,MODIS,43,6.2,307.7,7.6,D,0
-23.0758,146.2487,333.7,1.3,1.1,2014-11-22,0017,Terra,MODIS,63,6.2,295.2,27.3,D,0
-24.3354,151.488,321.8,1.1,1,2014-11-22,0017,Terra,MODIS,52,6.2,302.7,9.7,D,0
-25.8134,151.028,333.6,1.1,1,2014-11-22,0017,Terra,MODIS,77,6.2,302.4,22,D,0
-27.316,152.9828,325.9,1.4,1.2,2014-11-22,0018,Terra,MODIS,51,6.2,301.9,13.1,D,2
-26.5048,147.3306,355.2,1.1,1,2014-11-22,0018,Terra,MODIS,96,6.2,322.6,47.5,D,0
-30.1695,152.1513,341.2,1.4,1.2,2014-11-22,0018,Terra,MODIS,87,6.2,307.8,49.7,D,0
-30.1781,152.1343,333.5,1.4,1.2,2014-11-22,0018,Terra,MODIS,54,6.2,310.2,28.2,D,0
-30.1798,152.1486,333.7,1.4,1.2,2014-11-22,0018,Terra,MODIS,52,6.2,305.2,28.7,D,0
-30.2023,152.1593,350.8,1.4,1.2,2014-11-22,0018,Terra,MODIS,94,6.2,310.5,80,D,0
-30.2041,152.1746,328.8,1.4,1.2,2014-11-22,0018,Terra,MODIS,58,6.2,305.2,25,D,0
-30.211,152.1433,340.7,1.4,1.2,2014-11-22,0018,Terra,MODIS,77,6.2,311,43.4,D,0
-30.2127,152.1581,336.7,1.4,1.2,2014-11-22,0018,Terra,MODIS,58,6.2,306,37.8,D,0
-30.1258,152.1052,335.7,1.3,1.1,2014-11-22,0018,Terra,MODIS,69,6.2,306.9,31.6,D,0
-12.2783,132.3151,325.2,1.6,1.3,2014-11-22,0152,Terra,MODIS,31,6.2,303.1,26.9,D,0
-12.5912,131.6585,328.5,1.5,1.2,2014-11-22,0152,Terra,MODIS,69,6.2,302.9,23.9,D,0
-12.4301,132.8773,325.9,1.8,1.3,2014-11-22,0152,Terra,MODIS,35,6.2,301.3,32.4,D,0
-12.5407,135.032,335.3,2.7,1.6,2014-11-22,0152,Terra,MODIS,77,6.2,298.5,105.6,D,0
-12.4183,132.8789,329.9,1.8,1.3,2014-11-22,0152,Terra,MODIS,53,6.2,304.5,40.6,D,0
-12.511,132.5197,327.6,1.7,1.3,2014-11-22,0152,Terra,MODIS,55,6.2,303.6,31,D,0
-12.5956,131.6652,327.7,1.5,1.2,2014-11-22,0152,Terra,MODIS,31,6.2,302.3,21.6,D,0
-13.4756,134.6109,326.8,2.5,1.5,2014-11-22,0152,Terra,MODIS,57,6.2,295.3,54.4,D,0
-12.3082,132.2811,332.6,1.6,1.3,2014-11-22,0152,Terra,MODIS,29,6.2,308.1,33.8,D,0
-14.4137,126.0749,330.9,1,1,2014-11-22,0153,Terra,MODIS,72,6.2,301.8,14,D,0
-14.4228,126.0735,336.8,1,1,2014-11-22,0153,Terra,MODIS,81,6.2,301.3,22.6,D,0
-14.4333,126.0816,327.9,1,1,2014-11-22,0153,Terra,MODIS,55,6.2,300.3,10.6,D,0
-16.4273,134.108,325.1,2.6,1.5,2014-11-22,0153,Terra,MODIS,50,6.2,300.9,50.6,D,0
-13.9003,126.5181,318.7,1,1,2014-11-22,0153,Terra,MODIS,67,6.2,303.7,10.8,D,3
-13.9017,126.5274,314.7,1,1,2014-11-22,0153,Terra,MODIS,52,6.2,301.3,7.2,D,3
-16.4872,133.8358,326,2.4,1.5,2014-11-22,0153,Terra,MODIS,34,6.2,297.3,37.2,D,0
-14.0216,126.7113,321.7,1,1,2014-11-22,0153,Terra,MODIS,74,6.2,305,13.3,D,3
-14.023,126.7206,322.9,1,1,2014-11-22,0153,Terra,MODIS,76,6.2,305.3,14.4,D,3
-16.4846,133.813,326.9,2.4,1.5,2014-11-22,0153,Terra,MODIS,23,6.2,300.8,36.9,D,0
-16.3728,133.0733,328.6,2.1,1.4,2014-11-22,0153,Terra,MODIS,66,6.2,298.1,38.5,D,0
-16.8384,133.1707,337.5,2.2,1.4,2014-11-22,0153,Terra,MODIS,81,6.2,299.1,68.8,D,0
-16.849,133.1486,330.6,2.2,1.4,2014-11-22,0153,Terra,MODIS,66,6.2,300.9,39,D,0
-16.8514,133.1692,329.4,2.2,1.4,2014-11-22,0153,Terra,MODIS,62,6.2,301.7,33.7,D,0
-15.7891,133.647,324.6,2.3,1.5,2014-11-22,0153,Terra,MODIS,22,6.2,296.7,36.8,D,0
-14.5486,132.0196,329.9,1.7,1.3,2014-11-22,0153,Terra,MODIS,75,6.2,299.3,27.4,D,0
-16.1951,130.069,353.2,1.3,1.1,2014-11-22,0153,Terra,MODIS,95,6.2,309.4,72.7,D,0
-16.1966,130.0809,363.5,1.3,1.1,2014-11-22,0153,Terra,MODIS,100,6.2,311.1,110.2,D,0
-16.2069,130.0796,334.5,1.3,1.1,2014-11-22,0153,Terra,MODIS,46,6.2,310.1,15.7,D,0
-16.1881,130.0945,338.2,1.3,1.1,2014-11-22,0153,Terra,MODIS,71,6.2,308.2,32,D,0
-16.1849,130.0703,334.8,1.3,1.1,2014-11-22,0153,Terra,MODIS,69,6.2,305.6,26,D,0
-16.1865,130.0825,364.4,1.3,1.1,2014-11-22,0153,Terra,MODIS,100,6.2,308.5,118.4,D,0
-16.1935,130.0569,355.6,1.3,1.1,2014-11-22,0153,Terra,MODIS,96,6.2,307.5,82.4,D,0
-16.5719,130.2303,334.5,1.3,1.1,2014-11-22,0153,Terra,MODIS,70,6.2,308.5,18.7,D,0
-16.5839,130.2415,338,1.3,1.2,2014-11-22,0153,Terra,MODIS,78,6.2,308.5,26,D,0
-16.5855,130.2541,343.1,1.4,1.2,2014-11-22,0153,Terra,MODIS,85,6.2,309.4,38.6,D,0
-16.5872,130.2668,336.7,1.4,1.2,2014-11-22,0153,Terra,MODIS,75,6.2,309.6,22.1,D,0
-16.5888,130.2794,332.7,1.4,1.2,2014-11-22,0153,Terra,MODIS,52,6.2,308.6,13.1,D,0
-16.5905,130.2922,335.9,1.4,1.2,2014-11-22,0153,Terra,MODIS,69,6.2,309.5,21.7,D,0
-16.6357,133.9764,332.9,2.5,1.5,2014-11-22,0153,Terra,MODIS,73,6.2,297.1,83.8,D,0
-16.6284,133.9717,325.1,2.5,1.5,2014-11-22,0153,Terra,MODIS,45,6.2,295.9,49.6,D,0
-15.9903,132.4984,332,1.9,1.3,2014-11-22,0153,Terra,MODIS,72,6.2,307.4,31.4,D,0
-16.36,133.0748,330.4,2.1,1.4,2014-11-22,0153,Terra,MODIS,70,6.2,301.4,43.5,D,0
-14.82,131.4628,331.9,1.5,1.2,2014-11-22,0153,Terra,MODIS,32,6.2,307.2,32,D,0
-15.7717,132.9278,325.5,2,1.4,2014-11-22,0153,Terra,MODIS,12,6.2,299.6,24.3,D,0
-15.7842,132.9262,349.1,2,1.4,2014-11-22,0153,Terra,MODIS,93,6.2,298.9,134,D,0
-15.7259,132.8818,335.7,2,1.4,2014-11-22,0153,Terra,MODIS,80,6.2,301.3,58,D,0
-15.7864,132.9452,343.4,2,1.4,2014-11-22,0153,Terra,MODIS,88,6.2,298,100.5,D,0
-15.7739,132.9467,331.1,2,1.4,2014-11-22,0153,Terra,MODIS,73,6.2,299.1,42,D,0
-15.7851,132.9511,332,2,1.4,2014-11-22,0153,Terra,MODIS,75,6.2,298.1,44.2,D,0
-15.7827,132.9322,354.8,2,1.4,2014-11-22,0153,Terra,MODIS,97,6.2,299.9,164.6,D,0
-15.7702,132.9337,327,2,1.4,2014-11-22,0153,Terra,MODIS,57,6.2,299.5,26.3,D,0
-15.942,132.0485,331.1,1.8,1.3,2014-11-22,0153,Terra,MODIS,32,6.2,305.3,30.1,D,0
-14.5507,131.6782,325.5,1.6,1.2,2014-11-22,0153,Terra,MODIS,42,6.2,300.6,11.2,D,0
-14.5489,131.6635,327.8,1.6,1.2,2014-11-22,0153,Terra,MODIS,68,6.2,300.5,15.6,D,0
-14.547,131.6491,327,1.6,1.2,2014-11-22,0153,Terra,MODIS,50,6.2,302,12.6,D,0
-13.786,135.5945,323.9,3.1,1.7,2014-11-22,0153,Terra,MODIS,37,6.2,294.5,40.1,D,0
-16.0704,132.4102,334.6,1.9,1.3,2014-11-22,0153,Terra,MODIS,74,6.2,308.8,36.2,D,0
-16.0803,132.3913,333.9,1.9,1.3,2014-11-22,0153,Terra,MODIS,67,6.2,309.6,33.7,D,0
-16.0825,132.4087,333.4,1.9,1.3,2014-11-22,0153,Terra,MODIS,54,6.2,309.2,31.2,D,0
-16.235,132.7818,337.8,2,1.4,2014-11-22,0153,Terra,MODIS,82,6.2,301.7,58.2,D,0
-16.2372,132.8007,330.2,2,1.4,2014-11-22,0153,Terra,MODIS,63,6.2,299.7,30.7,D,0
-14.406,131.7094,328.6,1.6,1.2,2014-11-22,0153,Terra,MODIS,64,6.2,302.3,16.9,D,0
-16.0748,132.4453,335.1,1.9,1.3,2014-11-22,0153,Terra,MODIS,77,6.2,309.3,40.3,D,0
-16.0726,132.4277,334.4,1.9,1.3,2014-11-22,0153,Terra,MODIS,68,6.2,308.9,36.4,D,0
-16.0626,132.4468,333.4,1.9,1.3,2014-11-22,0153,Terra,MODIS,74,6.2,309.4,34.8,D,0
-15.6537,130.1318,356.3,1.3,1.1,2014-11-22,0153,Terra,MODIS,97,6.2,311.2,78.7,D,0
-15.6232,130.136,336.2,1.3,1.1,2014-11-22,0153,Terra,MODIS,75,6.2,308.8,24.1,D,0
-15.6217,130.124,337.6,1.3,1.1,2014-11-22,0153,Terra,MODIS,77,6.2,306.5,28.5,D,0
-15.6147,130.1494,336.3,1.3,1.1,2014-11-22,0153,Terra,MODIS,68,6.2,312.3,20.9,D,0
-15.6131,130.1374,346.6,1.3,1.1,2014-11-22,0153,Terra,MODIS,89,6.2,309.7,49.6,D,0
-15.1532,130.3466,334.5,1.3,1.1,2014-11-22,0153,Terra,MODIS,76,6.2,301.6,28.9,D,0
-15.1634,130.3452,336.5,1.3,1.1,2014-11-22,0153,Terra,MODIS,79,6.2,303.7,31.1,D,0
-15.1586,130.3091,335,1.3,1.1,2014-11-22,0153,Terra,MODIS,64,6.2,303.6,25.4,D,0
-15.1618,130.3332,328.6,1.3,1.1,2014-11-22,0153,Terra,MODIS,37,6.2,303.6,14.9,D,0
-16.5153,130.257,335.3,1.3,1.2,2014-11-22,0153,Terra,MODIS,67,6.2,309.5,20.3,D,0
-16.524,130.243,345.7,1.3,1.1,2014-11-22,0153,Terra,MODIS,88,6.2,307.8,47.5,D,0
-16.5257,130.2556,335.9,1.3,1.2,2014-11-22,0153,Terra,MODIS,63,6.2,309.1,19.8,D,0
-16.5327,130.2288,337,1.3,1.1,2014-11-22,0153,Terra,MODIS,73,6.2,308.1,32,D,0
-16.5343,130.2413,345.3,1.3,1.1,2014-11-22,0153,Terra,MODIS,83,6.2,308.9,46.4,D,0
-16.536,130.254,340.3,1.3,1.2,2014-11-22,0153,Terra,MODIS,80,6.2,310,29.3,D,0
-16.5305,130.2359,341,1.3,1.1,2014-11-22,0153,Terra,MODIS,58,6.2,307.5,34,D,0
-16.5321,130.2486,348.2,1.3,1.2,2014-11-22,0153,Terra,MODIS,90,6.2,309.7,51.8,D,0
-16.5377,130.2094,347.1,1.3,1.1,2014-11-22,0153,Terra,MODIS,89,6.2,304,61,D,0
-16.5393,130.222,385.1,1.3,1.1,2014-11-22,0153,Terra,MODIS,100,6.2,311.3,244.9,D,0
-16.5409,130.2345,366.8,1.3,1.1,2014-11-22,0153,Terra,MODIS,100,6.2,311,127.4,D,0
-16.5496,130.2206,371.8,1.3,1.1,2014-11-22,0153,Terra,MODIS,100,6.2,309,161,D,0
-16.5512,130.2332,356.4,1.3,1.1,2014-11-22,0153,Terra,MODIS,97,6.2,311.4,82.8,D,0
-16.5599,130.2192,346.4,1.3,1.1,2014-11-22,0153,Terra,MODIS,89,6.2,307.2,54.5,D,0
-16.5616,130.2317,364.5,1.3,1.1,2014-11-22,0153,Terra,MODIS,100,6.2,309.7,117.3,D,0
-16.5632,130.2443,335.9,1.3,1.2,2014-11-22,0153,Terra,MODIS,58,6.2,309,18.2,D,0
-13.8648,126.8328,335.3,1,1,2014-11-22,0153,Terra,MODIS,78,6.2,300.7,19.8,D,0
-15.674,130.1291,343.6,1.3,1.1,2014-11-22,0153,Terra,MODIS,86,6.2,308.3,38,D,0
-15.6655,130.1424,338.6,1.3,1.1,2014-11-22,0153,Terra,MODIS,79,6.2,310.8,24.9,D,0
-15.6639,130.1305,359.5,1.3,1.1,2014-11-22,0153,Terra,MODIS,99,6.2,309.5,89.9,D,0
-15.6623,130.1185,334.2,1.3,1.1,2014-11-22,0153,Terra,MODIS,70,6.2,306.8,16.9,D,0
-15.6521,130.1199,349.9,1.3,1.1,2014-11-22,0153,Terra,MODIS,92,6.2,308.3,58,D,0
-15.1387,130.2388,331.8,1.3,1.1,2014-11-22,0153,Terra,MODIS,70,6.2,306.5,16.2,D,0
-15.1286,130.2402,348,1.3,1.1,2014-11-22,0153,Terra,MODIS,91,6.2,305.4,55.6,D,0
-15.127,130.2283,353.1,1.3,1.1,2014-11-22,0153,Terra,MODIS,95,6.2,306.1,71.7,D,0
-14.5876,125.4077,328.4,1.1,1,2014-11-22,0153,Terra,MODIS,34,6.2,304.2,12.4,D,0
-14.6046,125.3948,327.4,1.1,1,2014-11-22,0153,Terra,MODIS,61,6.2,303.4,11.3,D,0
-14.6356,125.3495,336,1.1,1,2014-11-22,0153,Terra,MODIS,76,6.2,298.6,25.4,D,0
-15.6436,130.1332,349.6,1.3,1.1,2014-11-22,0153,Terra,MODIS,92,6.2,311.1,57.9,D,0
-15.642,130.1212,356.2,1.3,1.1,2014-11-22,0153,Terra,MODIS,97,6.2,309.4,80.7,D,0
-14.0904,127.3,334.8,1,1,2014-11-22,0153,Terra,MODIS,56,6.2,310.9,11.6,D,0
-15.6334,130.1346,337.1,1.3,1.1,2014-11-22,0153,Terra,MODIS,77,6.2,309.8,25.8,D,0
-15.4294,130.279,334.1,1.3,1.1,2014-11-22,0153,Terra,MODIS,72,6.2,310.2,18.3,D,0
-14.6637,129.9677,333.8,1.2,1.1,2014-11-22,0153,Terra,MODIS,77,6.2,308.5,18.3,D,0
-15.4278,130.2669,334.6,1.3,1.1,2014-11-22,0153,Terra,MODIS,68,6.2,309.9,19.1,D,0
-15.6318,130.1227,340.7,1.3,1.1,2014-11-22,0153,Terra,MODIS,82,6.2,308,35.8,D,0
-15.5701,129.8083,332.8,1.2,1.1,2014-11-22,0153,Terra,MODIS,28,6.2,307.2,16.2,D,0
-15.5617,129.8213,335.6,1.2,1.1,2014-11-22,0153,Terra,MODIS,63,6.2,307.5,21,D,0
-15.5619,129.8272,335.6,1.2,1.1,2014-11-22,0153,Terra,MODIS,72,6.2,308.2,22,D,0
-15.552,129.8287,343.2,1.2,1.1,2014-11-22,0153,Terra,MODIS,85,6.2,305.9,39.5,D,0
-15.7831,130.9561,334.5,1.5,1.2,2014-11-22,0153,Terra,MODIS,62,6.2,306.3,25.6,D,0
-15.7813,130.9423,345.8,1.5,1.2,2014-11-22,0153,Terra,MODIS,89,6.2,304.5,61.2,D,0
-15.7705,130.9438,328.2,1.5,1.2,2014-11-22,0153,Terra,MODIS,33,6.2,300.5,14.7,D,0
-15.7633,130.9726,336.8,1.5,1.2,2014-11-22,0153,Terra,MODIS,60,6.2,307.2,32.5,D,0
-15.7525,130.974,342.6,1.5,1.2,2014-11-22,0153,Terra,MODIS,78,6.2,305.2,53.4,D,0
-15.7508,130.9604,344.3,1.5,1.2,2014-11-22,0153,Terra,MODIS,87,6.2,303.2,62.6,D,0
-15.7417,130.9753,357.2,1.5,1.2,2014-11-22,0153,Terra,MODIS,98,6.2,305.6,110.4,D,0
-15.74,130.9618,336.9,1.5,1.2,2014-11-22,0153,Terra,MODIS,78,6.2,301.5,40.5,D,0
-15.731,130.977,330.5,1.5,1.2,2014-11-22,0153,Terra,MODIS,63,6.2,299.5,23.9,D,0
-15.2147,130.356,343.2,1.3,1.1,2014-11-22,0153,Terra,MODIS,87,6.2,300.8,46.4,D,0
-15.2164,130.3683,331.6,1.3,1.1,2014-11-22,0153,Terra,MODIS,62,6.2,304.2,19.1,D,0
-15.2234,130.3425,335.1,1.3,1.1,2014-11-22,0153,Terra,MODIS,76,6.2,304.8,26.4,D,0
-15.225,130.3547,353,1.3,1.1,2014-11-22,0153,Terra,MODIS,95,6.2,307,75.3,D,0
-15.2266,130.3669,337.8,1.3,1.1,2014-11-22,0153,Terra,MODIS,80,6.2,306.7,32.5,D,0
-15.1443,127.018,332.8,1,1,2014-11-22,0153,Terra,MODIS,70,6.2,307.5,13.2,D,0
-15.2352,130.3533,335.3,1.3,1.1,2014-11-22,0153,Terra,MODIS,75,6.2,305.9,24.7,D,0
-15.6756,130.1411,337.8,1.3,1.1,2014-11-22,0153,Terra,MODIS,78,6.2,309,22.5,D,0
-15.5948,130.1458,337.2,1.3,1.1,2014-11-22,0153,Terra,MODIS,77,6.2,311.6,23.3,D,0
-15.3863,129.2187,333.2,1.1,1.1,2014-11-22,0153,Terra,MODIS,67,6.2,306.9,17.5,D,0
-14.4493,129.8158,333.7,1.2,1.1,2014-11-22,0153,Terra,MODIS,78,6.2,308.9,16.2,D,0
-14.5966,126.0046,324.5,1,1,2014-11-22,0153,Terra,MODIS,48,6.2,297.7,9.4,D,0
-15.5984,129.7929,333.9,1.2,1.1,2014-11-22,0153,Terra,MODIS,61,6.2,308.3,18.5,D,0
-15.5785,129.7953,340.6,1.2,1.1,2014-11-22,0153,Terra,MODIS,82,6.2,306.1,32.9,D,0
-14.169,130.1485,326.1,1.2,1.1,2014-11-22,0153,Terra,MODIS,21,6.2,303.7,15.3,D,0
-15.5686,129.7968,337.2,1.2,1.1,2014-11-22,0153,Terra,MODIS,76,6.2,305.9,26.9,D,0
-14.5875,126.006,334.3,1,1,2014-11-22,0153,Terra,MODIS,78,6.2,301,20.8,D,0
-15.587,129.7829,341.8,1.2,1.1,2014-11-22,0153,Terra,MODIS,83,6.2,306.7,37.8,D,0
-14.598,126.0141,336.2,1,1,2014-11-22,0153,Terra,MODIS,81,6.2,300.4,25.1,D,0
-15.5885,129.7941,342.1,1.2,1.1,2014-11-22,0153,Terra,MODIS,84,6.2,308,36.4,D,0
-17.8577,124.5059,343.3,1.1,1,2014-11-22,0154,Terra,MODIS,84,6.2,314.3,21.1,D,0
-17.8561,124.4958,347.1,1.1,1,2014-11-22,0154,Terra,MODIS,89,6.2,316,27.9,D,0
-16.7314,123.8684,341.3,1.2,1.1,2014-11-22,0154,Terra,MODIS,82,6.2,312.2,19.5,D,0
-16.7271,123.903,338.4,1.2,1.1,2014-11-22,0154,Terra,MODIS,80,6.2,309.4,20.1,D,0
-16.7253,123.8921,336.6,1.2,1.1,2014-11-22,0154,Terra,MODIS,67,6.2,310.4,15.5,D,0
-16.284,124.8711,332.2,1.1,1,2014-11-22,0154,Terra,MODIS,38,6.2,310.7,11.5,D,0
-16.2793,124.8408,351.6,1.1,1,2014-11-22,0154,Terra,MODIS,94,6.2,312.4,50.3,D,0
-16.2887,124.8393,337.3,1.1,1,2014-11-22,0154,Terra,MODIS,80,6.2,310.9,21,D,0
-16.2654,124.8742,334.4,1.1,1,2014-11-22,0154,Terra,MODIS,56,6.2,311.5,14.4,D,0
-16.4313,124.5096,326,1.1,1.1,2014-11-22,0154,Terra,MODIS,22,6.2,305.4,8.1,D,0
-16.771,124.0521,347.6,1.2,1.1,2014-11-22,0154,Terra,MODIS,91,6.2,315.9,32.1,D,0
-16.7366,123.7764,341.2,1.2,1.1,2014-11-22,0154,Terra,MODIS,84,6.2,311,30.3,D,0
-16.2871,124.8291,342.6,1.1,1,2014-11-22,0154,Terra,MODIS,86,6.2,310,31,D,0
-16.2778,124.8307,333.9,1.1,1,2014-11-22,0154,Terra,MODIS,65,6.2,308.8,15,D,0
-17.0322,126.5869,331.1,1,1,2014-11-22,0154,Terra,MODIS,67,6.2,304.8,13.9,D,0
-16.7474,124.0892,367.5,1.2,1.1,2014-11-22,0154,Terra,MODIS,100,6.2,314.7,96.2,D,0
-16.757,124.0876,342.7,1.2,1.1,2014-11-22,0154,Terra,MODIS,76,6.2,317.2,21.7,D,0
-17.3273,133.9201,331.2,2.5,1.5,2014-11-22,0154,Terra,MODIS,68,6.2,300.9,66.5,D,0
-17.5787,137.016,339.3,4.4,1.9,2014-11-22,0154,Terra,MODIS,86,6.2,295,272.8,D,0
-17.5794,137.0089,332.8,4.4,1.9,2014-11-22,0154,Terra,MODIS,81,6.2,295,194.1,D,0
-17.152,132.3096,332.5,1.9,1.4,2014-11-22,0154,Terra,MODIS,75,6.2,307.5,28.7,D,0
-16.0945,125.4948,330.5,1,1,2014-11-22,0154,Terra,MODIS,59,6.2,307.3,11.8,D,0
-17.0419,132.9086,333.6,2.1,1.4,2014-11-22,0154,Terra,MODIS,75,6.2,307.9,38,D,0
-17.0443,132.9285,334.4,2.1,1.4,2014-11-22,0154,Terra,MODIS,63,6.2,308.2,44.9,D,0
-17.0467,132.9484,333.3,2.1,1.4,2014-11-22,0154,Terra,MODIS,65,6.2,307.9,40.4,D,0
-17.0514,132.9885,332.8,2.1,1.4,2014-11-22,0154,Terra,MODIS,48,6.2,307.6,46.9,D,0
-17.0595,132.9469,332,2.1,1.4,2014-11-22,0154,Terra,MODIS,44,6.2,307.1,35.8,D,0
-17.0674,132.8998,331.3,2.1,1.4,2014-11-22,0154,Terra,MODIS,31,6.2,306.7,31.8,D,0
-17.5827,137.0575,324.7,4.4,1.9,2014-11-22,0154,Terra,MODIS,61,6.2,291.8,120.1,D,0
-17.5832,137.0504,328.8,4.4,1.9,2014-11-22,0154,Terra,MODIS,73,6.2,292.1,168.9,D,0
-17.672,136.8762,334.3,4.3,1.9,2014-11-22,0154,Terra,MODIS,72,6.2,297.7,198.8,D,0
-17.6741,136.8706,344.7,4.3,1.9,2014-11-22,0154,Terra,MODIS,91,6.2,296.8,342.1,D,0
-17.6914,136.8689,366.9,4.3,1.9,2014-11-22,0154,Terra,MODIS,100,6.2,292.1,809,D,0
-17.7087,136.8673,342.4,4.3,1.9,2014-11-22,0154,Terra,MODIS,89,6.2,281.7,339.5,D,0
-17.693,136.8619,343.6,4.3,1.9,2014-11-22,0154,Terra,MODIS,90,6.2,288.6,348.8,D,0
-17.7103,136.8602,327.4,4.3,1.9,2014-11-22,0154,Terra,MODIS,60,6.2,280.3,157.9,D,0
-17.6761,136.9168,331.2,4.3,1.9,2014-11-22,0154,Terra,MODIS,52,6.2,294.5,165,D,0
-17.6779,136.9113,362,4.3,1.9,2014-11-22,0154,Terra,MODIS,100,6.2,295.5,680.5,D,0
-17.6952,136.9098,397.4,4.3,1.9,2014-11-22,0154,Terra,MODIS,100,6.2,294,1919.2,D,0
-17.7126,136.9082,347.3,4.3,1.9,2014-11-22,0154,Terra,MODIS,93,6.2,289.2,421.4,D,0
-17.6966,136.9028,389,4.3,1.9,2014-11-22,0154,Terra,MODIS,100,6.2,294.2,1555.8,D,0
-17.714,136.9012,350,4.3,1.9,2014-11-22,0154,Terra,MODIS,94,6.2,286.8,464.2,D,0
-16.7415,124.0742,335.9,1.2,1.1,2014-11-22,0154,Terra,MODIS,31,6.2,313.8,15.6,D,0
-17.5271,123.7769,340.4,1.2,1.1,2014-11-22,0154,Terra,MODIS,63,6.2,315.5,11.6,D,0
-16.7432,124.0849,374.3,1.2,1.1,2014-11-22,0154,Terra,MODIS,100,6.2,313.2,130.7,D,0
-16.7449,124.0956,339.5,1.2,1.1,2014-11-22,0154,Terra,MODIS,67,6.2,310.7,20.8,D,0
-16.3247,127.2234,336,1,1,2014-11-22,0154,Terra,MODIS,24,6.2,312.7,9.3,D,0
-19.6764,126.4848,342.1,1,1,2014-11-22,0154,Terra,MODIS,79,6.2,284.4,34.7,D,0
-19.666,126.4767,329.9,1,1,2014-11-22,0154,Terra,MODIS,68,6.2,286.8,16.2,D,0
-16.7439,124.0677,339.7,1.2,1.1,2014-11-22,0154,Terra,MODIS,49,6.2,314.7,16.3,D,0
-17.5253,123.7659,348.9,1.2,1.1,2014-11-22,0154,Terra,MODIS,91,6.2,313.1,32.4,D,0
-16.7457,124.0785,355.3,1.2,1.1,2014-11-22,0154,Terra,MODIS,96,6.2,316,53.8,D,0
-16.7398,124.0634,339.7,1.2,1.1,2014-11-22,0154,Terra,MODIS,69,6.2,312.7,22.3,D,0
-16.7319,124.0758,333.2,1.2,1.1,2014-11-22,0154,Terra,MODIS,58,6.2,309.7,11.6,D,0
-17.5236,123.7728,344.9,1.2,1.1,2014-11-22,0154,Terra,MODIS,74,6.2,313.6,27.9,D,0
-22.5337,131.5024,329.6,2,1.4,2014-11-22,0155,Terra,MODIS,66,6.2,307.9,25,D,0
-22.5295,131.4893,332.9,2,1.4,2014-11-22,0155,Terra,MODIS,74,6.2,308.2,36,D,0
-22.7459,130.7209,337,1.8,1.3,2014-11-22,0155,Terra,MODIS,81,6.2,310,42,D,0
-23.6652,129.7957,367.4,1.6,1.2,2014-11-22,0155,Terra,MODIS,100,6.2,313.7,164.9,D,0
-23.667,129.8111,331.8,1.6,1.2,2014-11-22,0155,Terra,MODIS,41,6.2,310.4,17.8,D,0
-22.5317,131.4831,332.2,2,1.4,2014-11-22,0155,Terra,MODIS,72,6.2,308.4,34.1,D,0
-19.8742,125.8245,328.1,1,1,2014-11-22,0155,Terra,MODIS,38,6.2,297.3,5.3,D,0
-19.8826,125.8815,358.3,1,1,2014-11-22,0155,Terra,MODIS,99,6.2,310.6,61.6,D,0
-19.8812,125.872,349.3,1,1,2014-11-22,0155,Terra,MODIS,83,6.2,310.5,40.3,D,0
-19.8784,125.853,345.4,1,1,2014-11-22,0155,Terra,MODIS,64,6.2,310.4,33,D,0
-19.877,125.8435,369.4,1,1,2014-11-22,0155,Terra,MODIS,100,6.2,313.8,93.6,D,0
-19.8756,125.834,361.9,1,1,2014-11-22,0155,Terra,MODIS,94,6.2,309.7,70.7,D,0
-19.8677,125.8418,358.4,1,1,2014-11-22,0155,Terra,MODIS,83,6.2,311.1,58.3,D,0
-19.8663,125.8323,344.6,1,1,2014-11-22,0155,Terra,MODIS,74,6.2,301.9,29.5,D,0
-19.8649,125.8228,345.3,1,1,2014-11-22,0155,Terra,MODIS,78,6.2,293.1,32.5,D,0
-23.6939,133.5258,332.7,2.9,1.6,2014-11-22,0155,Terra,MODIS,60,6.2,301.6,98.3,D,0
-23.7086,133.5243,331.6,2.9,1.6,2014-11-22,0155,Terra,MODIS,57,6.2,302.4,89.8,D,0
-24.2039,129.5336,335.1,1.5,1.2,2014-11-22,0156,Terra,MODIS,70,6.2,313.8,20.9,D,0
-24.2057,129.5487,334.1,1.5,1.2,2014-11-22,0156,Terra,MODIS,48,6.2,314,16.9,D,0
-24.2064,129.5421,336.6,1.5,1.2,2014-11-22,0156,Terra,MODIS,63,6.2,314.2,23.1,D,0
-24.5464,129.6336,337.3,1.6,1.2,2014-11-22,0156,Terra,MODIS,60,6.2,316.2,25.2,D,0
-25.0012,129.4318,336.8,1.5,1.2,2014-11-22,0156,Terra,MODIS,40,6.2,316.8,23.8,D,0
-24.2319,129.5694,342.3,1.5,1.2,2014-11-22,0156,Terra,MODIS,83,6.2,314.4,41,D,0
-23.8931,127.6038,344.1,1.2,1.1,2014-11-22,0156,Terra,MODIS,86,6.2,319.9,27,D,0
-23.9014,127.5909,344.8,1.2,1.1,2014-11-22,0156,Terra,MODIS,86,6.2,318,28.6,D,0
-23.9029,127.6024,345.4,1.2,1.1,2014-11-22,0156,Terra,MODIS,87,6.2,318,31,D,0
-23.9043,127.6139,348.4,1.2,1.1,2014-11-22,0156,Terra,MODIS,90,6.2,318,39.6,D,0
-23.8712,127.5312,350.6,1.2,1.1,2014-11-22,0156,Terra,MODIS,92,6.2,320,38.7,D,0
-23.8727,127.5426,365.9,1.2,1.1,2014-11-22,0156,Terra,MODIS,100,6.2,319.2,89,D,0
-23.8732,127.525,342.6,1.2,1.1,2014-11-22,0156,Terra,MODIS,50,6.2,319.8,18.8,D,0
-23.8746,127.5365,352.9,1.2,1.1,2014-11-22,0156,Terra,MODIS,94,6.2,319.8,45.7,D,0
-23.8761,127.5479,342.3,1.2,1.1,2014-11-22,0156,Terra,MODIS,74,6.2,315.8,19.3,D,0
-24.1405,128.7849,338,1.4,1.2,2014-11-22,0156,Terra,MODIS,71,6.2,316.3,16,D,0
-24.1494,128.77,337,1.4,1.2,2014-11-22,0156,Terra,MODIS,56,6.2,316.2,16.1,D,0
-24.151,128.7835,345.6,1.4,1.2,2014-11-22,0156,Terra,MODIS,87,6.2,318,38.8,D,0
-24.6186,129.8738,340,1.6,1.3,2014-11-22,0156,Terra,MODIS,80,6.2,311.1,40.4,D,0
-24.6618,129.951,387.7,1.7,1.3,2014-11-22,0156,Terra,MODIS,100,6.2,315.6,347.8,D,0
-24.6372,129.9375,334.7,1.6,1.3,2014-11-22,0156,Terra,MODIS,69,6.2,311.1,26.8,D,0
-24.5575,129.6322,345.7,1.6,1.2,2014-11-22,0156,Terra,MODIS,87,6.2,315.8,52.4,D,0
-24.5593,129.6477,383.8,1.6,1.2,2014-11-22,0156,Terra,MODIS,100,6.2,318.9,275.8,D,0
-24.5611,129.6632,337.9,1.6,1.2,2014-11-22,0156,Terra,MODIS,66,6.2,315.3,22.5,D,0
-24.5705,129.6462,353,1.6,1.2,2014-11-22,0156,Terra,MODIS,94,6.2,317.1,81.6,D,0
-24.5723,129.6617,350.4,1.6,1.2,2014-11-22,0156,Terra,MODIS,92,6.2,316,68.8,D,0
-24.5835,129.6603,374.4,1.6,1.2,2014-11-22,0156,Terra,MODIS,100,6.2,318.3,205.6,D,0
-24.5853,129.6759,381,1.6,1.2,2014-11-22,0156,Terra,MODIS,100,6.2,316.2,255.3,D,0
-24.5965,129.6744,378.9,1.6,1.2,2014-11-22,0156,Terra,MODIS,100,6.2,314,243,D,0
-24.5983,129.69,336.2,1.6,1.2,2014-11-22,0156,Terra,MODIS,57,6.2,310.4,25.2,D,0
-24.583,129.6538,353.2,1.6,1.2,2014-11-22,0156,Terra,MODIS,95,6.2,316.9,86.3,D,0
-24.5847,129.6694,376.8,1.6,1.2,2014-11-22,0156,Terra,MODIS,100,6.2,317.9,226.5,D,0
-24.5865,129.6851,340.8,1.6,1.2,2014-11-22,0156,Terra,MODIS,78,6.2,312.6,39.2,D,0
-24.5959,129.668,364.7,1.6,1.2,2014-11-22,0156,Terra,MODIS,100,6.2,314.3,149.9,D,0
-24.5977,129.6836,363,1.6,1.2,2014-11-22,0156,Terra,MODIS,100,6.2,311.8,141.4,D,0
-24.6141,129.7292,333.9,1.6,1.2,2014-11-22,0156,Terra,MODIS,48,6.2,310.3,22.5,D,0
-24.6254,129.7277,331.4,1.6,1.2,2014-11-22,0156,Terra,MODIS,49,6.2,310.9,20.3,D,0
-24.6468,129.9197,334.6,1.6,1.3,2014-11-22,0156,Terra,MODIS,68,6.2,312,29,D,0
-24.6271,129.7435,342.5,1.6,1.2,2014-11-22,0156,Terra,MODIS,83,6.2,313.7,53.2,D,0
-24.6289,129.7593,345.9,1.6,1.2,2014-11-22,0156,Terra,MODIS,88,6.2,313.1,66.5,D,0
-24.6383,129.7415,339.5,1.6,1.2,2014-11-22,0156,Terra,MODIS,79,6.2,310,43.2,D,0
-24.6401,129.7574,374.6,1.6,1.2,2014-11-22,0156,Terra,MODIS,100,6.2,314.4,224.6,D,0
-24.6419,129.7734,391.6,1.6,1.2,2014-11-22,0156,Terra,MODIS,100,6.2,313.8,374.2,D,0
-24.6486,129.9361,347.4,1.6,1.3,2014-11-22,0156,Terra,MODIS,89,6.2,313.5,73.8,D,0
-25.029,129.4688,344.8,1.6,1.2,2014-11-22,0156,Terra,MODIS,82,6.2,313.2,49.5,D,0
-25.0273,129.4534,339.9,1.6,1.2,2014-11-22,0156,Terra,MODIS,47,6.2,314.8,34.2,D,0
-25.0287,129.4747,338.8,1.6,1.2,2014-11-22,0156,Terra,MODIS,38,6.2,314.4,26.4,D,0
-25.014,129.4456,343.7,1.5,1.2,2014-11-22,0156,Terra,MODIS,68,6.2,317.1,42,D,0
-25.1748,130.3742,354.2,1.8,1.3,2014-11-22,0156,Terra,MODIS,95,6.2,314.8,114.4,D,0
-24.6504,129.9525,342.1,1.7,1.3,2014-11-22,0156,Terra,MODIS,83,6.2,312.6,53.3,D,0
-24.6354,129.921,337,1.6,1.3,2014-11-22,0156,Terra,MODIS,74,6.2,311.2,34.4,D,0
-25.161,130.3578,336.3,1.8,1.3,2014-11-22,0156,Terra,MODIS,73,6.2,314.7,32.9,D,0
-25.1629,130.3757,332.7,1.8,1.3,2014-11-22,0156,Terra,MODIS,53,6.2,314.4,20.2,D,0
-25.1729,130.3563,337.3,1.8,1.3,2014-11-22,0156,Terra,MODIS,74,6.2,313.9,36.8,D,0
-25.1768,130.3921,333.6,1.8,1.3,2014-11-22,0156,Terra,MODIS,57,6.2,314.5,25.1,D,0
-24.66,129.9346,345.4,1.6,1.3,2014-11-22,0156,Terra,MODIS,87,6.2,311.9,66.4,D,0
-24.7413,129.9513,346.1,1.7,1.3,2014-11-22,0156,Terra,MODIS,88,6.2,310.9,69.2,D,0
-24.624,129.9229,332.1,1.6,1.3,2014-11-22,0156,Terra,MODIS,49,6.2,312.1,18.2,D,0
-24.7395,129.9349,340,1.7,1.3,2014-11-22,0156,Terra,MODIS,80,6.2,311.8,43.1,D,0
-24.7281,129.9363,338.8,1.7,1.3,2014-11-22,0156,Terra,MODIS,65,6.2,310.9,44.9,D,0
-24.7166,129.9375,338.7,1.7,1.3,2014-11-22,0156,Terra,MODIS,76,6.2,310.3,48.6,D,0
-24.7189,129.9432,345.2,1.7,1.3,2014-11-22,0156,Terra,MODIS,87,6.2,310.8,70.3,D,0
-24.6733,129.9495,347.8,1.7,1.3,2014-11-22,0156,Terra,MODIS,90,6.2,310.9,79.7,D,0
-24.8462,129.7666,340.5,1.6,1.3,2014-11-22,0156,Terra,MODIS,65,6.2,318.3,35.5,D,0
-24.6637,129.9674,360.1,1.7,1.3,2014-11-22,0156,Terra,MODIS,100,6.2,311.5,137.3,D,0
-24.6751,129.9659,336.5,1.7,1.3,2014-11-22,0156,Terra,MODIS,73,6.2,309.6,37.6,D,0
-24.7299,129.9527,360.5,1.7,1.3,2014-11-22,0156,Terra,MODIS,100,6.2,310.1,144.4,D,0
-24.7509,129.9335,337.7,1.7,1.3,2014-11-22,0156,Terra,MODIS,76,6.2,313.8,33.5,D,0
-24.7528,129.9499,370.3,1.7,1.3,2014-11-22,0156,Terra,MODIS,100,6.2,315,199.4,D,0
-24.7546,129.9664,331.3,1.7,1.3,2014-11-22,0156,Terra,MODIS,41,6.2,310.5,19.9,D,0
-29.5516,124.7225,360.2,1,1,2014-11-22,0157,Terra,MODIS,100,6.2,316.9,73.3,D,0
-29.5531,124.7331,353.3,1,1,2014-11-22,0157,Terra,MODIS,95,6.2,318,54.8,D,0
-29.5545,124.7438,343.4,1,1,2014-11-22,0157,Terra,MODIS,83,6.2,317.7,30.1,D,0
-29.556,124.7545,346,1,1,2014-11-22,0157,Terra,MODIS,88,6.2,318.1,34.9,D,0
-29.5575,124.7652,336.4,1,1,2014-11-22,0157,Terra,MODIS,59,6.2,317.8,16.6,D,0
-29.5622,124.7315,357.6,1,1,2014-11-22,0157,Terra,MODIS,98,6.2,313.1,66.5,D,0
-29.5637,124.7422,335.2,1,1,2014-11-22,0157,Terra,MODIS,58,6.2,313.2,17.1,D,0
-29.5452,124.7297,331.1,1,1,2014-11-22,0157,Terra,MODIS,58,6.2,315.4,12.3,D,0
-29.5467,124.7403,344.8,1,1,2014-11-22,0157,Terra,MODIS,87,6.2,316.8,32.7,D,0
-29.5481,124.751,345.7,1,1,2014-11-22,0157,Terra,MODIS,81,6.2,319.6,31.9,D,0
-29.5496,124.7617,337.1,1,1,2014-11-22,0157,Terra,MODIS,36,6.2,320.5,15.8,D,0
-29.5502,124.7118,341.8,1,1,2014-11-22,0157,Terra,MODIS,84,6.2,313.4,30.6,D,0
-29.5049,124.8462,336.1,1,1,2014-11-22,0157,Terra,MODIS,28,6.2,320.3,14.7,D,0
-30.8664,121.4937,333.7,1.1,1,2014-11-22,0158,Terra,MODIS,79,6.2,309.1,18.4,D,2
-27.8476,153.1379,328.8,3.6,1.8,2014-11-22,0259,Aqua,MODIS,75,6.2,296.9,110.1,D,0
-27.8393,153.1297,329.6,3.6,1.8,2014-11-22,0259,Aqua,MODIS,82,6.2,297.2,117.7,D,0
-30.2105,152.173,316.9,4.4,1.9,2014-11-22,0259,Aqua,MODIS,26,6.2,289.3,73,D,0
-25.8124,151.0161,322.4,4.8,2,2014-11-22,0300,Aqua,MODIS,72,6.2,296.2,95.8,D,0
-25.8284,151.0253,334.3,4.8,2,2014-11-22,0300,Aqua,MODIS,86,6.2,296.3,237.5,D,0
-25.8313,150.978,321.2,4.8,2,2014-11-22,0300,Aqua,MODIS,43,6.2,295.4,83.6,D,0
-25.8305,151.0176,334.7,4.8,2,2014-11-22,0300,Aqua,MODIS,86,6.2,296.1,239.7,D,0
-37.7105,144.0378,323.7,1.1,1.1,2014-11-22,0435,Aqua,MODIS,79,6.2,294.5,18.7,D,0
-24.1125,129.1791,329.6,2.9,1.6,2014-11-22,0439,Aqua,MODIS,20,6.2,302,53.4,D,0
-23.9116,127.6184,333.2,3.7,1.8,2014-11-22,0439,Aqua,MODIS,31,6.2,300.5,121,D,0
-23.905,127.6134,340,3.7,1.8,2014-11-22,0439,Aqua,MODIS,49,6.2,306.6,189.1,D,0
-23.6915,129.8029,337,2.5,1.5,2014-11-22,0439,Aqua,MODIS,70,6.2,302.9,85.8,D,0
-25.2005,130.3684,345.5,2.4,1.5,2014-11-22,0439,Aqua,MODIS,55,6.2,303.1,142.8,D,0
-25.1846,130.3908,355.4,2.4,1.5,2014-11-22,0439,Aqua,MODIS,0,6.2,279.5,222.2,D,0
-25.1869,130.3669,385.5,2.4,1.5,2014-11-22,0439,Aqua,MODIS,75,6.2,293.7,588.8,D,0
-24.6712,129.7943,369.7,2.6,1.6,2014-11-22,0439,Aqua,MODIS,75,6.2,307.2,402.6,D,0
-25.1947,130.3748,390.2,2.4,1.5,2014-11-22,0439,Aqua,MODIS,75,6.2,307.6,682.1,D,0
-24.61,129.6814,341.7,2.7,1.6,2014-11-22,0439,Aqua,MODIS,47,6.2,302.7,109.4,D,0
-24.6595,129.7667,367,2.6,1.6,2014-11-22,0439,Aqua,MODIS,100,6.2,310.8,365.9,D,0
-24.8112,129.7693,345.9,2.6,1.6,2014-11-22,0439,Aqua,MODIS,67,6.2,301.4,153.2,D,0
-24.6068,129.6762,346.4,2.7,1.6,2014-11-22,0439,Aqua,MODIS,56,6.2,311.8,133.2,D,0
-25.1811,130.3732,358.6,2.4,1.5,2014-11-22,0439,Aqua,MODIS,86,6.2,272.7,257.4,D,0
-24.8419,129.7462,351.9,2.7,1.6,2014-11-22,0439,Aqua,MODIS,89,6.2,297.7,196.6,D,0
-24.6744,129.9822,335.7,2.5,1.5,2014-11-22,0439,Aqua,MODIS,35,6.2,296.8,97.3,D,0
-19.3143,146.1237,328.6,3.5,1.8,2014-11-22,0440,Aqua,MODIS,63,6.2,302.9,54.7,D,0
-20.1826,138.691,353.2,1.1,1,2014-11-22,0440,Aqua,MODIS,83,6.2,299,58.9,D,0
-20.9482,140.8187,367.7,1.4,1.2,2014-11-22,0440,Aqua,MODIS,100,6.2,312.7,124.9,D,0
-18.6666,145.755,328.5,3.4,1.7,2014-11-22,0440,Aqua,MODIS,63,6.2,299,101.6,D,0
-18.6448,145.7837,323.6,3.4,1.7,2014-11-22,0440,Aqua,MODIS,34,6.2,298,74,D,0
-20.9378,140.8168,340.2,1.4,1.2,2014-11-22,0440,Aqua,MODIS,66,6.2,312.3,22.3,D,0
-20.946,140.8317,340,1.4,1.2,2014-11-22,0440,Aqua,MODIS,80,6.2,312,23.5,D,0
-15.4032,135.9197,333.1,1,1,2014-11-22,0441,Aqua,MODIS,53,6.2,311.5,10.4,D,0
-15.3955,135.9091,335.3,1,1,2014-11-22,0441,Aqua,MODIS,58,6.2,312.8,11.9,D,0
-15.3868,135.9012,349.1,1,1,2014-11-22,0441,Aqua,MODIS,91,6.2,315.9,36.4,D,0
-15.3854,135.9105,337.4,1,1,2014-11-22,0441,Aqua,MODIS,75,6.2,311.7,15.7,D,0
-17.326,133.8929,341.6,1.1,1.1,2014-11-22,0441,Aqua,MODIS,43,6.2,313.7,27.3,D,0
-17.2604,143.1684,330.9,2.3,1.5,2014-11-22,0441,Aqua,MODIS,43,6.2,300.5,50.1,D,0
-14.5175,142.5166,332.3,2.4,1.5,2014-11-22,0441,Aqua,MODIS,73,6.2,306.6,45.8,D,0
-14.9058,144.5737,331,3.3,1.7,2014-11-22,0441,Aqua,MODIS,63,6.2,297.7,102.8,D,0
-17.2669,143.3337,339.7,2.4,1.5,2014-11-22,0441,Aqua,MODIS,84,6.2,310.6,90.7,D,0
-16.4985,133.8719,335,1.1,1.1,2014-11-22,0441,Aqua,MODIS,34,6.2,310.9,20.6,D,0
-16.4933,133.8395,342.7,1.1,1.1,2014-11-22,0441,Aqua,MODIS,66,6.2,312.1,33.6,D,0
-16.8034,137.5892,341,1.1,1,2014-11-22,0441,Aqua,MODIS,60,6.2,311.8,25.7,D,0
-17.2684,143.1749,339.6,2.3,1.5,2014-11-22,0441,Aqua,MODIS,84,6.2,300.8,94.1,D,0
-16.8373,137.6151,341.2,1.1,1,2014-11-22,0441,Aqua,MODIS,77,6.2,307.3,29.1,D,0
-14.5098,142.4191,327.7,2.3,1.5,2014-11-22,0441,Aqua,MODIS,39,6.2,308.3,23.7,D,0
-17.2566,143.1901,331.6,2.3,1.5,2014-11-22,0441,Aqua,MODIS,64,6.2,300.3,53.9,D,0
-17.1932,143.314,340.1,2.4,1.5,2014-11-22,0441,Aqua,MODIS,84,6.2,308.8,84.2,D,0
-17.1306,143.2787,345.6,2.4,1.5,2014-11-22,0441,Aqua,MODIS,90,6.2,309.4,116.4,D,0
-17.1351,143.2721,339.7,2.4,1.5,2014-11-22,0441,Aqua,MODIS,84,6.2,309.5,76.8,D,0
-17.1218,143.2695,333.9,2.4,1.5,2014-11-22,0441,Aqua,MODIS,59,6.2,307.7,43.2,D,0
-17.7346,137.4664,339.6,1,1,2014-11-22,0441,Aqua,MODIS,62,6.2,302.8,24.9,D,0
-17.7254,137.4649,344.7,1,1,2014-11-22,0441,Aqua,MODIS,88,6.2,307.5,34,D,0
-16.7405,134.1615,342.4,1.1,1,2014-11-22,0441,Aqua,MODIS,53,6.2,318,23.4,D,0
-17.7693,136.0307,325.2,1,1,2014-11-22,0441,Aqua,MODIS,52,6.2,297.3,8.8,D,0
-17.6045,137.0383,371.8,1,1,2014-11-22,0441,Aqua,MODIS,100,6.2,313.2,106.1,D,0
-17.5954,137.0368,345.7,1,1,2014-11-22,0441,Aqua,MODIS,90,6.2,311.7,35.6,D,0
-14.5325,142.4454,328.9,2.3,1.5,2014-11-22,0441,Aqua,MODIS,41,6.2,307.8,26.6,D,0
-14.5346,142.4976,347.3,2.3,1.5,2014-11-22,0441,Aqua,MODIS,91,6.2,310.3,126.2,D,0
-16.753,136.252,360.3,1,1,2014-11-22,0441,Aqua,MODIS,94,6.2,307.6,68.5,D,0
-16.7543,136.2426,349.2,1,1,2014-11-22,0441,Aqua,MODIS,77,6.2,311.3,42.5,D,0
-16.744,136.2505,343.4,1,1,2014-11-22,0441,Aqua,MODIS,75,6.2,310.6,28,D,0
-16.7453,136.2412,350.2,1,1,2014-11-22,0441,Aqua,MODIS,92,6.2,311.5,41.2,D,0
-14.5197,142.4284,329,2.3,1.5,2014-11-22,0441,Aqua,MODIS,45,6.2,308.1,27.2,D,0
-17.6121,137.0493,345.3,1,1,2014-11-22,0441,Aqua,MODIS,89,6.2,301.6,35.5,D,0
-17.6135,137.0397,347,1,1,2014-11-22,0441,Aqua,MODIS,91,6.2,306,38,D,0
-17.6031,137.0478,389.8,1,1,2014-11-22,0441,Aqua,MODIS,100,6.2,308.7,184.4,D,0
-17.594,137.0463,342.1,1,1,2014-11-22,0441,Aqua,MODIS,86,6.2,304,29.2,D,0
-14.5193,142.4428,329,2.3,1.5,2014-11-22,0441,Aqua,MODIS,37,6.2,307.5,27.2,D,0
-17.2802,143.3364,352.1,2.4,1.5,2014-11-22,0441,Aqua,MODIS,95,6.2,309.8,172.4,D,0
-15.0822,145.0475,338.1,3.6,1.8,2014-11-22,0441,Aqua,MODIS,80,6.2,297.7,186.4,D,0
-17.0899,143.2174,332.9,2.4,1.5,2014-11-22,0441,Aqua,MODIS,55,6.2,309.1,38.6,D,0
-17.3503,143.312,334.9,2.4,1.5,2014-11-22,0441,Aqua,MODIS,46,6.2,307.9,67.5,D,0
-15.5999,136.0863,335.9,1,1,2014-11-22,0441,Aqua,MODIS,47,6.2,316.2,9.5,D,0
-15.6088,136.0877,351.1,1,1,2014-11-22,0441,Aqua,MODIS,93,6.2,314.7,37.7,D,0
-15.5985,136.0956,337.5,1,1,2014-11-22,0441,Aqua,MODIS,39,6.2,316.8,11,D,0
-14.5092,142.2672,330.4,2.3,1.5,2014-11-22,0441,Aqua,MODIS,70,6.2,306.9,42.6,D,0
-14.5308,142.5191,333.5,2.4,1.5,2014-11-22,0441,Aqua,MODIS,74,6.2,309,49.4,D,0
-14.5056,142.288,326.7,2.3,1.5,2014-11-22,0441,Aqua,MODIS,32,6.2,308,24.6,D,0
-17.0992,143.242,341,2.4,1.5,2014-11-22,0441,Aqua,MODIS,85,6.2,308,81.5,D,0
-14.5214,142.495,337.7,2.3,1.5,2014-11-22,0441,Aqua,MODIS,81,6.2,307.6,70.5,D,0
-14.5383,142.4908,331.1,2.3,1.5,2014-11-22,0441,Aqua,MODIS,64,6.2,309.9,36.9,D,0
-14.5291,142.4522,336.4,2.3,1.5,2014-11-22,0441,Aqua,MODIS,79,6.2,308.2,58.6,D,0
-14.5346,142.5124,330.4,2.4,1.5,2014-11-22,0441,Aqua,MODIS,64,6.2,309.6,36.6,D,0
-16.7829,134.2709,343.5,1.1,1,2014-11-22,0441,Aqua,MODIS,64,6.2,313.9,34.7,D,0
-16.6912,134.0541,342.9,1.1,1,2014-11-22,0441,Aqua,MODIS,60,6.2,315.1,28.6,D,0
-16.6818,134.0528,335.7,1.1,1,2014-11-22,0441,Aqua,MODIS,23,6.2,312.2,17.4,D,0
-14.5288,142.4668,336.2,2.3,1.5,2014-11-22,0441,Aqua,MODIS,80,6.2,308.3,60.3,D,0
-14.5251,142.4883,336.9,2.3,1.5,2014-11-22,0441,Aqua,MODIS,81,6.2,308,68.8,D,0
-14.5214,142.5098,351.7,2.4,1.5,2014-11-22,0441,Aqua,MODIS,94,6.2,308.1,167.3,D,0
-16.7984,137.5717,341.1,1.1,1,2014-11-22,0441,Aqua,MODIS,83,6.2,313.6,23.6,D,0
-16.797,137.5816,345.7,1.1,1,2014-11-22,0441,Aqua,MODIS,88,6.2,312.5,33.1,D,0
-18.3287,137.3703,339.1,1,1,2014-11-22,0441,Aqua,MODIS,84,6.2,304.7,22,D,0
-18.3301,137.3607,342.8,1,1,2014-11-22,0441,Aqua,MODIS,88,6.2,307.7,27.4,D,0
-18.3196,137.3688,360.9,1,1,2014-11-22,0441,Aqua,MODIS,100,6.2,305.7,68.5,D,0
-18.321,137.3592,406.5,1,1,2014-11-22,0441,Aqua,MODIS,100,6.2,315.6,280.6,D,0
-18.3225,137.3496,349.1,1,1,2014-11-22,0441,Aqua,MODIS,93,6.2,312.6,39.2,D,0
-18.2965,137.3387,350.1,1,1,2014-11-22,0441,Aqua,MODIS,93,6.2,310.2,41.3,D,0
-17.7072,136.906,372.2,1,1,2014-11-22,0441,Aqua,MODIS,100,6.2,307.5,107.4,D,0
-17.7086,136.8965,341.8,1,1,2014-11-22,0441,Aqua,MODIS,75,6.2,308.9,27.5,D,0
-17.6982,136.9046,346.2,1,1,2014-11-22,0441,Aqua,MODIS,85,6.2,309.2,36.4,D,0
-16.6925,134.0439,353.4,1.1,1,2014-11-22,0441,Aqua,MODIS,95,6.2,311.8,53,D,0
-15.7255,132.8802,337.6,1.2,1.1,2014-11-22,0441,Aqua,MODIS,80,6.2,310.1,22.2,D,0
-16.2844,133.2685,351.5,1.2,1.1,2014-11-22,0441,Aqua,MODIS,94,6.2,313.3,54.7,D,0
-15.648,132.1316,340.3,1.3,1.1,2014-11-22,0441,Aqua,MODIS,86,6.2,304.6,42.7,D,0
-14.81,144.6728,334.8,3.4,1.7,2014-11-22,0441,Aqua,MODIS,70,6.2,299.6,127.6,D,0
-14.8158,144.6419,339.7,3.4,1.7,2014-11-22,0441,Aqua,MODIS,82,6.2,299.6,167.5,D,0
-15.6496,132.1191,332.7,1.3,1.2,2014-11-22,0441,Aqua,MODIS,57,6.2,301.9,25.8,D,0
-15.7854,130.9321,328.5,1.6,1.3,2014-11-22,0441,Aqua,MODIS,28,6.2,286.6,35.4,D,0
-17.1716,129.9431,345.3,2,1.4,2014-11-22,0441,Aqua,MODIS,90,6.2,309.7,83,D,0
-16.9021,129.3478,333.2,2.2,1.4,2014-11-22,0441,Aqua,MODIS,48,6.2,308.5,41.7,D,0
-17.173,129.948,339.7,2,1.4,2014-11-22,0441,Aqua,MODIS,78,6.2,309.6,56.2,D,0
-17.1738,129.9242,335.6,2,1.4,2014-11-22,0441,Aqua,MODIS,66,6.2,307.8,37.3,D,0
-17.1751,129.9291,342.6,2,1.4,2014-11-22,0441,Aqua,MODIS,88,6.2,308.2,70.4,D,0
-15.6445,130.1111,345,1.9,1.3,2014-11-22,0442,Aqua,MODIS,81,6.2,304.8,93.4,D,0
-15.6686,130.1141,356.3,1.9,1.3,2014-11-22,0442,Aqua,MODIS,97,6.2,307.7,152.2,D,0
-14.6474,125.3541,321,4.2,1.9,2014-11-22,0442,Aqua,MODIS,64,6.2,294.6,67.2,D,0
-14.4373,126.5865,322.7,3.3,1.7,2014-11-22,0442,Aqua,MODIS,47,6.2,298.5,44.9,D,0
-14.4405,126.5558,324.2,3.4,1.7,2014-11-22,0442,Aqua,MODIS,66,6.2,297.5,53.3,D,0
-14.4424,126.5824,323.8,3.3,1.7,2014-11-22,0442,Aqua,MODIS,69,6.2,298.6,55.6,D,0
-14.4458,126.5518,320.6,3.4,1.7,2014-11-22,0442,Aqua,MODIS,61,6.2,297.2,36.1,D,0
-12.6554,135.0017,347.9,1,1,2014-11-22,0442,Aqua,MODIS,92,6.2,305.5,39.2,D,0
-12.6528,135.02,334.5,1,1,2014-11-22,0442,Aqua,MODIS,48,6.2,310.5,17.3,D,0
-13.6056,135.4282,340.5,1,1,2014-11-22,0442,Aqua,MODIS,85,6.2,302.6,27.3,D,0
-12.536,135.0611,343.1,1,1,2014-11-22,0442,Aqua,MODIS,66,6.2,311.2,28.7,D,0
-12.527,135.0598,348.5,1,1,2014-11-22,0442,Aqua,MODIS,92,6.2,309.4,44.1,D,0
-12.5464,134.988,329.8,1,1,2014-11-22,0442,Aqua,MODIS,54,6.2,296.9,17.5,D,0
-12.5554,134.9894,339.6,1,1,2014-11-22,0442,Aqua,MODIS,73,6.2,302.4,30.7,D,0
-13.9284,141.9073,333.3,2.2,1.4,2014-11-22,0442,Aqua,MODIS,77,6.2,308.3,42.9,D,0
-12.5193,135.0493,342.5,1,1,2014-11-22,0442,Aqua,MODIS,88,6.2,306.6,34.2,D,0
-12.6003,132.5529,335,1.2,1.1,2014-11-22,0442,Aqua,MODIS,37,6.2,309.5,18.5,D,0
-12.1621,134.5263,339.7,1,1,2014-11-22,0442,Aqua,MODIS,78,6.2,305.4,26.6,D,0
-12.6042,134.9753,341.1,1,1,2014-11-22,0442,Aqua,MODIS,87,6.2,301.2,35.6,D,0
-12.518,135.0584,343.6,1,1,2014-11-22,0442,Aqua,MODIS,89,6.2,302.9,36.8,D,0
-12.6029,134.9844,325,1,1,2014-11-22,0442,Aqua,MODIS,31,6.2,295.9,12.2,D,0
-14.7802,132.6354,349.5,1.2,1.1,2014-11-22,0442,Aqua,MODIS,93,6.2,306.8,58.7,D,0
-12.4865,142.9732,323.5,2.8,1.6,2014-11-22,0442,Aqua,MODIS,55,6.2,301.8,42.6,D,0
-12.2763,141.7254,321.2,2.3,1.5,2014-11-22,0442,Aqua,MODIS,50,6.2,298.8,24.6,D,0
-12.4852,142.968,322.2,2.8,1.6,2014-11-22,0442,Aqua,MODIS,68,6.2,301.6,40.1,D,0
-12.5121,132.523,338.9,1.2,1.1,2014-11-22,0442,Aqua,MODIS,60,6.2,306.4,31.8,D,0
-12.2246,134.7938,331,1,1,2014-11-22,0442,Aqua,MODIS,63,6.2,306,11.3,D,0
-13.6043,135.4374,342.2,1,1,2014-11-22,0442,Aqua,MODIS,87,6.2,302.4,30.1,D,0
-13.6083,135.4098,327.1,1,1,2014-11-22,0442,Aqua,MODIS,40,6.2,297,8.6,D,0
-12.2785,141.7187,328.2,2.3,1.5,2014-11-22,0442,Aqua,MODIS,54,6.2,299.2,49.6,D,0
-13.607,135.419,328.8,1,1,2014-11-22,0442,Aqua,MODIS,26,6.2,300,10.8,D,0
-12.5386,135.0429,350,1,1,2014-11-22,0442,Aqua,MODIS,94,6.2,305.7,42.4,D,0
-12.5296,135.0415,337.5,1,1,2014-11-22,0442,Aqua,MODIS,81,6.2,305.1,23.9,D,0
-13.5196,133.6154,344.6,1.1,1,2014-11-22,0442,Aqua,MODIS,75,6.2,287.9,44.5,D,0
-13.5409,133.5984,347.9,1.1,1,2014-11-22,0442,Aqua,MODIS,87,6.2,275.6,57.7,D,0
-13.5316,133.597,336.3,1.1,1,2014-11-22,0442,Aqua,MODIS,72,6.2,278.1,33.4,D,0
-13.5209,133.6056,346.2,1.1,1,2014-11-22,0442,Aqua,MODIS,79,6.2,283.9,47.9,D,0
-12.5309,135.0324,332.7,1,1,2014-11-22,0442,Aqua,MODIS,40,6.2,303.4,17.2,D,0
-13.0333,136.3215,326.9,1,1,2014-11-22,0442,Aqua,MODIS,0,6.2,299.6,9.2,D,0
-12.5322,135.0232,340.9,1,1,2014-11-22,0442,Aqua,MODIS,84,6.2,303.9,31.9,D,0
-13.5103,133.6141,354.5,1.1,1,2014-11-22,0442,Aqua,MODIS,94,6.2,288.2,66.1,D,0
-12.3077,134.9864,330.4,1,1,2014-11-22,0442,Aqua,MODIS,22,6.2,309,8.6,D,0
-13.5116,133.6042,362.5,1.1,1,2014-11-22,0442,Aqua,MODIS,87,6.2,289.3,90.2,D,0
-12.9714,136.2479,333.6,1,1,2014-11-22,0442,Aqua,MODIS,75,6.2,295.9,19,D,0
-12.9819,136.2399,346.5,1,1,2014-11-22,0442,Aqua,MODIS,90,6.2,296,39.9,D,0
-12.984,136.2886,338.7,1,1,2014-11-22,0442,Aqua,MODIS,82,6.2,301.4,26.2,D,0
-12.9826,136.298,326.7,1,1,2014-11-22,0442,Aqua,MODIS,27,6.2,300.3,9.4,D,0
-12.9917,136.2995,336,1,1,2014-11-22,0442,Aqua,MODIS,76,6.2,301.8,21.9,D,0
-12.9791,136.2588,334.3,1,1,2014-11-22,0442,Aqua,MODIS,76,6.2,299.1,18.4,D,0
-12.9805,136.2494,378.9,1,1,2014-11-22,0442,Aqua,MODIS,100,6.2,301.4,138.4,D,0
-13.1789,136.2156,347,1,1,2014-11-22,0442,Aqua,MODIS,91,6.2,303.2,39,D,0
-13.1803,136.2062,333,1,1,2014-11-22,0442,Aqua,MODIS,64,6.2,307.4,14.1,D,0
-12.9854,136.2791,362,1,1,2014-11-22,0442,Aqua,MODIS,100,6.2,301.1,77.4,D,0
-12.9868,136.2697,335.5,1,1,2014-11-22,0442,Aqua,MODIS,75,6.2,298.6,18.9,D,0
-13.0176,136.3132,331.7,1,1,2014-11-22,0442,Aqua,MODIS,59,6.2,301.1,15.9,D,0
-13.0268,136.3147,329.7,1,1,2014-11-22,0442,Aqua,MODIS,0,6.2,301.5,13.5,D,0
-14.4386,126.0861,330,3.6,1.8,2014-11-22,0442,Aqua,MODIS,59,6.2,293.2,120.7,D,0
-14.6109,126.0126,320.5,3.7,1.8,2014-11-22,0442,Aqua,MODIS,25,6.2,293.8,67.3,D,0
-14.5947,126.0105,327,3.7,1.8,2014-11-22,0442,Aqua,MODIS,60,6.2,294.8,101.1,D,0
-14.447,126.0944,322.3,3.6,1.8,2014-11-22,0442,Aqua,MODIS,40,6.2,289.9,68.1,D,0
-12.2259,134.7847,337.3,1,1,2014-11-22,0442,Aqua,MODIS,77,6.2,307.3,19.8,D,0
-12.1313,135.6372,345.7,1,1,2014-11-22,0442,Aqua,MODIS,84,6.2,305.2,40.4,D,0
-12.121,135.6451,334.4,1,1,2014-11-22,0442,Aqua,MODIS,61,6.2,299,22.2,D,0
-13.6208,135.4558,329.2,1,1,2014-11-22,0442,Aqua,MODIS,66,6.2,298.4,11.2,D,0
-14.5405,131.6564,333.4,1.4,1.2,2014-11-22,0442,Aqua,MODIS,35,6.2,307.4,26.7,D,0
-13.7948,135.5888,333.7,1,1,2014-11-22,0442,Aqua,MODIS,74,6.2,301.4,16.2,D,0
-13.8538,134.9143,339.2,1,1,2014-11-22,0442,Aqua,MODIS,84,6.2,303.3,24.6,D,0
-13.5247,133.7858,334.4,1.1,1,2014-11-22,0442,Aqua,MODIS,68,6.2,307.3,20,D,0
-12.1196,135.6543,330.8,1,1,2014-11-22,0442,Aqua,MODIS,39,6.2,304.5,16.4,D,0
-14.1996,135.7794,336,1,1,2014-11-22,0442,Aqua,MODIS,75,6.2,312.4,15.4,D,0
-13.6219,135.5124,345.2,1,1,2014-11-22,0442,Aqua,MODIS,89,6.2,297.6,35.5,D,0
-13.7845,135.5966,333.9,1,1,2014-11-22,0442,Aqua,MODIS,69,6.2,301.9,16.5,D,0
-12.2464,134.7756,331.2,1,1,2014-11-22,0442,Aqua,MODIS,67,6.2,306.7,12.9,D,0
-12.2362,134.7769,327.6,1,1,2014-11-22,0442,Aqua,MODIS,46,6.2,305.5,5.8,D,0
-14.0145,134.752,344.9,1,1,2014-11-22,0442,Aqua,MODIS,89,6.2,310.7,27.5,D,0
-12.2349,134.786,352.7,1,1,2014-11-22,0442,Aqua,MODIS,90,6.2,307.8,48.9,D,0
-13.6142,135.5018,335.4,1,1,2014-11-22,0442,Aqua,MODIS,79,6.2,300.3,18.1,D,0
-14.0114,136.6213,329.1,1,1,2014-11-22,0442,Aqua,MODIS,54,6.2,296.3,16.9,D,0
-14.2078,135.4039,335.6,1,1,2014-11-22,0442,Aqua,MODIS,31,6.2,311,13.8,D,0
-14.2167,135.4053,334.5,1,1,2014-11-22,0442,Aqua,MODIS,52,6.2,308.5,13,D,0
-14.236,135.3988,336,1,1,2014-11-22,0442,Aqua,MODIS,50,6.2,309.3,16.9,D,0
-13.6195,135.465,339.2,1,1,2014-11-22,0442,Aqua,MODIS,83,6.2,299.2,25.1,D,0
-13.9721,135.5719,332.9,1,1,2014-11-22,0442,Aqua,MODIS,52,6.2,307.9,11.2,D,0
-13.6169,135.4834,345.9,1,1,2014-11-22,0442,Aqua,MODIS,90,6.2,303.5,36.3,D,0
-13.6155,135.4926,333.7,1,1,2014-11-22,0442,Aqua,MODIS,76,6.2,302.6,15.5,D,0
-11.6127,133.0648,332.4,1.1,1,2014-11-22,0443,Aqua,MODIS,83,6.2,308.9,14.1,D,0
-29.5027,124.8593,336.2,3.5,1.8,2014-11-22,0616,Aqua,MODIS,75,6.2,312.3,95.9,D,0
-29.5108,124.8236,338.5,3.5,1.8,2014-11-22,0616,Aqua,MODIS,77,6.2,313.8,113.5,D,0
-29.573,124.7672,370.1,3.4,1.7,2014-11-22,0616,Aqua,MODIS,100,6.2,321.3,553.4,D,0
-29.6053,124.7902,366.1,3.4,1.7,2014-11-22,0616,Aqua,MODIS,100,6.2,308.8,532.8,D,0
-29.6135,124.7552,348.1,3.4,1.7,2014-11-22,0616,Aqua,MODIS,92,6.2,312.5,247.4,D,0
-29.5881,124.8142,349.8,3.5,1.8,2014-11-22,0616,Aqua,MODIS,93,6.2,307.2,277.8,D,0
-29.5961,124.7789,419.2,3.4,1.7,2014-11-22,0616,Aqua,MODIS,100,6.2,320.9,2235.3,D,0
-29.604,124.7439,349.8,3.4,1.7,2014-11-22,0616,Aqua,MODIS,93,6.2,316.3,254.3,D,0
-29.5726,124.8093,386.2,3.5,1.8,2014-11-22,0616,Aqua,MODIS,100,6.2,313.9,972.1,D,0
-29.5807,124.774,417.8,3.4,1.7,2014-11-22,0616,Aqua,MODIS,100,6.2,326.9,2145.5,D,0
-29.5886,124.739,361.5,3.4,1.7,2014-11-22,0616,Aqua,MODIS,100,6.2,318.2,411.9,D,0
-29.5652,124.7692,344.3,3.4,1.7,2014-11-22,0616,Aqua,MODIS,87,6.2,316.9,164,D,0
-29.5733,124.7342,339.5,3.4,1.7,2014-11-22,0616,Aqua,MODIS,50,6.2,316.5,113,D,0
-29.518,124.8303,339.5,3.5,1.8,2014-11-22,0616,Aqua,MODIS,78,6.2,314.5,120.2,D,0
-29.5652,124.8026,359.8,3.5,1.8,2014-11-22,0616,Aqua,MODIS,99,6.2,315.3,375.9,D,0
-29.5808,124.7322,349.1,3.4,1.7,2014-11-22,0616,Aqua,MODIS,91,6.2,317.6,218.8,D,0
-29.5501,124.7223,337.2,3.4,1.7,2014-11-22,0616,Aqua,MODIS,54,6.2,314.8,102.9,D,0
-22.354,116.0166,338.3,1.3,1.1,2014-11-22,0618,Aqua,MODIS,52,6.2,322.2,12.8,D,0
-22.356,116.0043,343.8,1.3,1.1,2014-11-22,0618,Aqua,MODIS,85,6.2,323,27.4,D,0
-22.3552,115.9972,340,1.3,1.1,2014-11-22,0618,Aqua,MODIS,74,6.2,322.4,17.4,D,0
-22.3532,116.0095,347.8,1.3,1.1,2014-11-22,0618,Aqua,MODIS,90,6.2,323.5,37.7,D,0
-29.0023,152.3652,322.1,1.3,1.1,2014-11-22,1224,Terra,MODIS,100,6.2,294.9,24,N,0
-29.0753,152.3624,304.5,1.3,1.1,2014-11-22,1224,Terra,MODIS,59,6.2,294.1,6.4,N,0
-29.0008,152.3785,312.2,1.3,1.1,2014-11-22,1224,Terra,MODIS,55,6.2,294.7,12.4,N,0
-29.0736,152.3761,304.8,1.3,1.1,2014-11-22,1224,Terra,MODIS,60,6.2,293.9,6.8,N,0
-28.9951,152.3372,312.2,1.3,1.1,2014-11-22,1224,Terra,MODIS,52,6.2,294.4,12.5,N,0
-28.9981,152.3319,308.4,1.3,1.1,2014-11-22,1224,Terra,MODIS,73,6.2,294.2,9.7,N,0
-28.9965,152.345,308.3,1.3,1.1,2014-11-22,1224,Terra,MODIS,73,6.2,294.2,9.4,N,0
-27.1274,152.1021,305.8,1.3,1.1,2014-11-22,1224,Terra,MODIS,58,6.2,293.6,7.9,N,0
-28.9453,152.3395,311.9,1.3,1.1,2014-11-22,1224,Terra,MODIS,83,6.2,293.4,14.9,N,0
-28.9438,152.3521,304.3,1.3,1.1,2014-11-22,1224,Terra,MODIS,57,6.2,293.5,7.4,N,0
-30.1636,152.139,307.6,1.4,1.2,2014-11-22,1224,Terra,MODIS,72,6.2,293.7,11.2,N,0
-27.0577,149.3228,311.1,1.9,1.3,2014-11-22,1225,Terra,MODIS,76,6.2,297.9,16.9,N,0
-27.0737,149.3313,321.8,1.9,1.3,2014-11-22,1225,Terra,MODIS,100,6.2,298.2,40.7,N,0
-27.0615,149.3297,322.1,1.9,1.3,2014-11-22,1225,Terra,MODIS,100,6.2,297.9,41.7,N,0
-24.8824,148.5766,313.5,2,1.4,2014-11-22,1225,Terra,MODIS,87,6.2,295.4,26.1,N,0
-26.1131,152.8514,303.1,1.1,1.1,2014-11-22,1225,Terra,MODIS,53,6.2,292.6,4.9,N,0
-24.8844,148.5568,318.3,2,1.4,2014-11-22,1225,Terra,MODIS,97,6.2,294.9,37.5,N,0
-25.6972,147.3964,313.5,2.5,1.5,2014-11-22,1225,Terra,MODIS,87,6.2,293.6,39.8,N,0
-25.7036,147.4022,310.2,2.5,1.5,2014-11-22,1225,Terra,MODIS,78,6.2,293.7,30.7,N,0
-25.7058,147.3775,308.3,2.5,1.5,2014-11-22,1225,Terra,MODIS,73,6.2,292.9,26.4,N,0
-25.6899,147.4009,303.8,2.5,1.5,2014-11-22,1225,Terra,MODIS,52,6.2,292.9,14.4,N,0
-25.8139,151.0236,309.2,1.4,1.2,2014-11-22,1225,Terra,MODIS,75,6.2,294.6,10.7,N,0
-25.8155,151.0097,305.3,1.4,1.2,2014-11-22,1225,Terra,MODIS,37,6.2,294.4,6.4,N,0
-26.697,147.0468,306,2.7,1.6,2014-11-22,1225,Terra,MODIS,62,6.2,294,17.5,N,0
-25.8033,151.0221,311.5,1.4,1.2,2014-11-22,1225,Terra,MODIS,68,6.2,294.6,12.7,N,0
-27.0557,149.3418,311.2,1.9,1.3,2014-11-22,1225,Terra,MODIS,77,6.2,297.4,16.8,N,0
-25.7109,147.3977,305.9,2.5,1.5,2014-11-22,1225,Terra,MODIS,65,6.2,293.2,20.6,N,0
-25.8245,151.0253,310.1,1.4,1.2,2014-11-22,1225,Terra,MODIS,54,6.2,294.7,11.1,N,0
-24.7704,151.9548,306.5,1.2,1.1,2014-11-22,1225,Terra,MODIS,68,6.2,284.8,9.6,N,0
-22.4437,147.2186,326.3,2.3,1.5,2014-11-22,1226,Terra,MODIS,100,6.2,293.9,74.4,N,0
-22.4393,147.2234,335,2.3,1.5,2014-11-22,1226,Terra,MODIS,100,6.2,294,111.1,N,0
-22.4414,147.2412,348.5,2.3,1.5,2014-11-22,1226,Terra,MODIS,100,6.2,294.9,192.8,N,0
-22.4527,147.225,307,2.3,1.5,2014-11-22,1226,Terra,MODIS,70,6.2,293.1,17.7,N,0
-22.4372,147.246,342.1,2.3,1.5,2014-11-22,1226,Terra,MODIS,100,6.2,294.4,149.1,N,0
-22.4281,147.2397,308.6,2.3,1.5,2014-11-22,1226,Terra,MODIS,75,6.2,293,20.8,N,0
-17.7876,142.4689,303.3,4.6,2,2014-11-22,1227,Terra,MODIS,25,6.2,284.2,42.5,N,0
-17.2545,143.1522,326,4,1.9,2014-11-22,1227,Terra,MODIS,95,6.2,273.2,165,N,0
-17.2422,143.1558,320.1,4,1.9,2014-11-22,1227,Terra,MODIS,100,6.2,272.9,127.8,N,0
-17.2387,143.1933,310.1,4,1.9,2014-11-22,1227,Terra,MODIS,70,6.2,270.7,64.4,N,0
-17.2589,143.1576,319,4,1.9,2014-11-22,1227,Terra,MODIS,97,6.2,271.1,120.5,N,0
-17.2508,143.1897,318.5,4,1.9,2014-11-22,1227,Terra,MODIS,92,6.2,269.8,109.1,N,0
-18.5837,145.7504,301,2.7,1.6,2014-11-22,1227,Terra,MODIS,36,6.2,285.9,20.2,N,0
-29.5228,124.7124,337.7,2,1.4,2014-11-22,1403,Terra,MODIS,100,6.2,285,108,N,0
-29.5353,124.7139,357.2,2,1.4,2014-11-22,1403,Terra,MODIS,100,6.2,288.2,216.5,N,0
-29.5334,124.7347,352.2,2,1.4,2014-11-22,1403,Terra,MODIS,100,6.2,292.6,183,N,0
-29.5478,124.7153,310.1,2,1.4,2014-11-22,1403,Terra,MODIS,79,6.2,287.5,27.3,N,0
-29.5465,124.7097,314.3,2,1.4,2014-11-22,1403,Terra,MODIS,56,6.2,286.1,32.7,N,0
-29.5445,124.7304,313.1,2,1.4,2014-11-22,1403,Terra,MODIS,37,6.2,288.9,29.5,N,0
-29.532,124.729,363.1,2,1.4,2014-11-22,1403,Terra,MODIS,100,6.2,293.4,258.6,N,0
-29.534,124.7082,335.5,2,1.4,2014-11-22,1403,Terra,MODIS,100,6.2,284.3,98.2,N,0
-29.5195,124.7275,361,2,1.4,2014-11-22,1403,Terra,MODIS,100,6.2,290.3,244.7,N,0
-29.5215,124.7068,309.9,2,1.4,2014-11-22,1403,Terra,MODIS,66,6.2,282.7,26.1,N,0
-29.5209,124.7332,359.4,2,1.4,2014-11-22,1403,Terra,MODIS,100,6.2,291.9,230.5,N,0
-29.4705,124.8452,371.8,2,1.4,2014-11-22,1403,Terra,MODIS,100,6.2,293.9,324.7,N,0
-29.4953,124.8482,305,2,1.4,2014-11-22,1403,Terra,MODIS,60,6.2,289.1,14.6,N,0
-29.4829,124.8467,373.2,2,1.4,2014-11-22,1403,Terra,MODIS,100,6.2,295.6,336.9,N,0
-29.4848,124.8265,325.1,2,1.4,2014-11-22,1403,Terra,MODIS,100,6.2,289.9,58.6,N,0
-29.4686,124.8655,324.7,2,1.4,2014-11-22,1403,Terra,MODIS,100,6.2,291.3,56.4,N,0
-24.7044,129.6939,321.5,1,1,2014-11-22,1404,Terra,MODIS,100,6.2,298,16.8,N,0
-24.7072,129.674,356,1,1,2014-11-22,1404,Terra,MODIS,100,6.2,306.4,72.2,N,0
-24.7085,129.6641,431.1,1,1,2014-11-22,1404,Terra,MODIS,100,6.2,319.9,496.9,N,0
-24.6502,129.6884,371.9,1,1,2014-11-22,1404,Terra,MODIS,100,6.2,299.3,120.7,N,0
-24.7099,129.6541,399.1,1,1,2014-11-22,1404,Terra,MODIS,100,6.2,304.4,246,N,0
-24.694,129.7022,317,1,1,2014-11-22,1404,Terra,MODIS,94,6.2,296.4,12.5,N,0
-24.6592,129.6899,334.2,1,1,2014-11-22,1404,Terra,MODIS,100,6.2,298.2,31.3,N,0
-24.6488,129.6983,360.9,1,1,2014-11-22,1404,Terra,MODIS,100,6.2,300.6,86.1,N,0
-24.6954,129.6923,331.9,1,1,2014-11-22,1404,Terra,MODIS,100,6.2,298.8,28.4,N,0
-24.6967,129.6824,343.5,1,1,2014-11-22,1404,Terra,MODIS,100,6.2,302.8,46.2,N,0
-24.6981,129.6725,371,1,1,2014-11-22,1404,Terra,MODIS,100,6.2,305.5,116.9,N,0
-24.6995,129.6626,346.5,1,1,2014-11-22,1404,Terra,MODIS,100,6.2,297.9,51.8,N,0
-24.6863,129.6908,346.9,1,1,2014-11-22,1404,Terra,MODIS,100,6.2,299.5,52.2,N,0
-24.6877,129.6809,358.8,1,1,2014-11-22,1404,Terra,MODIS,100,6.2,301.4,79.3,N,0
-24.6891,129.6709,333.7,1,1,2014-11-22,1404,Terra,MODIS,100,6.2,296.7,30.6,N,0
-24.6773,129.6893,334.6,1,1,2014-11-22,1404,Terra,MODIS,100,6.2,297.4,31.2,N,0
-24.6787,129.6793,318.6,1,1,2014-11-22,1404,Terra,MODIS,46,6.2,296.1,12.5,N,0
-24.7148,129.6855,310.2,1,1,2014-11-22,1404,Terra,MODIS,54,6.2,296.1,6.6,N,0
-24.6516,129.6785,308.5,1,1,2014-11-22,1404,Terra,MODIS,37,6.2,291.6,5.6,N,0
-24.7162,129.6756,332.5,1,1,2014-11-22,1404,Terra,MODIS,100,6.2,299,29,N,0
-24.7176,129.6656,419.2,1,1,2014-11-22,1404,Terra,MODIS,100,6.2,317.6,388.8,N,0
-24.7189,129.6557,456,1,1,2014-11-22,1404,Terra,MODIS,100,6.2,323.4,796.8,N,0
-24.703,129.7038,307.2,1,1,2014-11-22,1404,Terra,MODIS,71,6.2,295.5,5.6,N,0
-24.7058,129.6839,334,1,1,2014-11-22,1404,Terra,MODIS,100,6.2,301.1,30.6,N,0
-18.8197,130.4381,315.2,1.1,1,2014-11-22,1405,Terra,MODIS,91,6.2,295.7,11.7,N,0
-18.8212,130.4281,332,1.1,1,2014-11-22,1405,Terra,MODIS,100,6.2,296.4,31.5,N,0
-19.6327,126.3884,309.7,1.2,1.1,2014-11-22,1405,Terra,MODIS,40,6.2,296.7,8.8,N,0
-20.3558,127.3175,319.2,1.1,1,2014-11-22,1405,Terra,MODIS,58,6.2,292.2,20.9,N,0
-18.832,130.4196,305.4,1.1,1,2014-11-22,1405,Terra,MODIS,64,6.2,295.3,4.6,N,0
-18.8305,130.4297,313.2,1.1,1,2014-11-22,1405,Terra,MODIS,86,6.2,296.1,10.4,N,0
-18.812,130.4265,319.1,1.1,1,2014-11-22,1405,Terra,MODIS,98,6.2,295.9,15.8,N,0
-19.7412,126.41,314.6,1.2,1.1,2014-11-22,1405,Terra,MODIS,54,6.2,298,13.8,N,0
-19.7315,126.4086,311,1.2,1.1,2014-11-22,1405,Terra,MODIS,80,6.2,297.5,9.3,N,0
-21.0538,129.2577,318.8,1,1,2014-11-22,1405,Terra,MODIS,87,6.2,268.7,16.7,N,0
-21.0552,129.2481,313,1,1,2014-11-22,1405,Terra,MODIS,67,6.2,277.3,11.2,N,0
-20.2148,121.5174,319.2,2.6,1.5,2014-11-22,1405,Terra,MODIS,98,6.2,294.8,57.3,N,0
-20.2123,121.5419,307.3,2.5,1.5,2014-11-22,1405,Terra,MODIS,71,6.2,294.5,20.5,N,0
-19.8598,125.7995,321.6,1.3,1.1,2014-11-22,1405,Terra,MODIS,100,6.2,298.9,22.4,N,0
-19.8581,125.8056,323.1,1.3,1.1,2014-11-22,1405,Terra,MODIS,100,6.2,298.9,24.6,N,0
-19.8582,125.8116,319.8,1.3,1.1,2014-11-22,1405,Terra,MODIS,99,6.2,298.9,19.5,N,0
-19.8567,125.8236,313.6,1.3,1.1,2014-11-22,1405,Terra,MODIS,88,6.2,298.7,11.5,N,0
-19.8596,125.7935,315.4,1.3,1.1,2014-11-22,1405,Terra,MODIS,91,6.2,298.3,14.6,N,0
-19.8567,125.8177,320.3,1.3,1.1,2014-11-22,1405,Terra,MODIS,100,6.2,298.9,20.3,N,0
-19.8638,125.8433,310.8,1.3,1.1,2014-11-22,1405,Terra,MODIS,81,6.2,298.6,8.9,N,0
-17.851,124.5392,308,1.4,1.2,2014-11-22,1406,Terra,MODIS,73,6.2,297.6,6.4,N,0
-17.7537,135.9956,312.6,2.5,1.5,2014-11-22,1406,Terra,MODIS,85,6.2,292.8,30.5,N,0
-16.5155,133.8875,312.7,1.8,1.3,2014-11-22,1406,Terra,MODIS,84,6.2,296.8,17.4,N,0
-16.5037,133.8853,308.6,1.8,1.3,2014-11-22,1406,Terra,MODIS,30,6.2,296.7,9.8,N,0
-16.486,133.8472,309.4,1.8,1.3,2014-11-22,1406,Terra,MODIS,42,6.2,296.9,11.2,N,0
-16.4063,133.7742,306.2,1.8,1.3,2014-11-22,1406,Terra,MODIS,30,6.2,291.4,9.4,N,0
-17.7472,136.0005,305.3,2.5,1.5,2014-11-22,1406,Terra,MODIS,15,6.2,292.7,12.7,N,0
-17.7607,136.0033,309.1,2.5,1.5,2014-11-22,1406,Terra,MODIS,41,6.2,293,20.5,N,0
-17.7877,136.0089,309.8,2.5,1.5,2014-11-22,1406,Terra,MODIS,77,6.2,293.2,23.5,N,0
-16.2179,136.0299,311.7,2.7,1.6,2014-11-22,1406,Terra,MODIS,79,6.2,295.6,32.2,N,0
-16.7302,134.1767,353.2,1.9,1.3,2014-11-22,1406,Terra,MODIS,100,6.2,298.5,165,N,0
-16.7332,134.1593,336.5,1.9,1.3,2014-11-22,1406,Terra,MODIS,100,6.2,297.4,85.5,N,0
-16.7182,134.1744,318.3,1.9,1.3,2014-11-22,1406,Terra,MODIS,96,6.2,295.6,30.5,N,0
-16.7213,134.157,331.1,1.9,1.3,2014-11-22,1406,Terra,MODIS,100,6.2,296,66.1,N,0
-16.7243,134.1396,317.2,1.9,1.3,2014-11-22,1406,Terra,MODIS,94,6.2,295.2,28.3,N,0
-16.7153,134.12,310.1,1.9,1.3,2014-11-22,1406,Terra,MODIS,33,6.2,295.5,14.3,N,0
-16.6988,134.1112,309.7,1.9,1.3,2014-11-22,1406,Terra,MODIS,13,6.2,295.9,13.6,N,0
-16.7491,134.2412,309.2,1.9,1.3,2014-11-22,1406,Terra,MODIS,43,6.2,296,11.6,N,0
-16.7543,134.254,308,1.9,1.3,2014-11-22,1406,Terra,MODIS,66,6.2,295.8,10.2,N,0
-16.7393,134.1965,307.9,1.9,1.3,2014-11-22,1406,Terra,MODIS,68,6.2,295.6,10.4,N,0
-16.7272,134.1942,316.3,1.9,1.3,2014-11-22,1406,Terra,MODIS,92,6.2,296.4,26.1,N,0
-16.4028,133.6552,317.1,1.8,1.3,2014-11-22,1406,Terra,MODIS,94,6.2,295.7,26.6,N,0
-16.4073,133.6505,310.4,1.8,1.3,2014-11-22,1406,Terra,MODIS,77,6.2,295.4,14.7,N,0
-16.3957,133.6483,306.8,1.8,1.3,2014-11-22,1406,Terra,MODIS,58,6.2,294,10.2,N,0
-16.6945,134.098,313.3,1.9,1.3,2014-11-22,1406,Terra,MODIS,38,6.2,296.4,19,N,0
-16.6898,134.0915,316.1,1.9,1.3,2014-11-22,1406,Terra,MODIS,65,6.2,296,24,N,0
-16.6808,134.0719,329.9,1.9,1.3,2014-11-22,1406,Terra,MODIS,100,6.2,296.9,60.6,N,0
-16.6689,134.0696,318.2,1.9,1.3,2014-11-22,1406,Terra,MODIS,66,6.2,295.9,30.6,N,0
-16.6718,134.0524,319.2,1.9,1.3,2014-11-22,1406,Terra,MODIS,76,6.2,294.9,35.3,N,0
-15.9155,136.353,304.6,2.8,1.6,2014-11-22,1406,Terra,MODIS,39,6.2,294.3,16.3,N,0
-16.6098,133.9459,310.1,1.8,1.3,2014-11-22,1406,Terra,MODIS,60,6.2,294.3,15.5,N,0
-17.5227,123.7559,326.5,1.6,1.2,2014-11-22,1406,Terra,MODIS,100,6.2,297.3,42.9,N,0
-18.8179,129.3318,307.4,1,1,2014-11-22,1406,Terra,MODIS,61,6.2,296.3,4.9,N,0
-17.5339,123.7574,320.5,1.6,1.2,2014-11-22,1406,Terra,MODIS,100,6.2,297.4,30,N,0
-15.7857,132.949,333.2,1.6,1.2,2014-11-22,1406,Terra,MODIS,100,6.2,286.3,64.5,N,0
-15.941,132.0824,302.4,1.4,1.2,2014-11-22,1406,Terra,MODIS,21,6.2,272.9,7.2,N,0
-15.9046,132.0701,305.7,1.4,1.2,2014-11-22,1406,Terra,MODIS,65,6.2,274.8,10.6,N,0
-15.9302,132.2144,310.2,1.4,1.2,2014-11-22,1406,Terra,MODIS,74,6.2,280.8,13.5,N,0
-15.9493,132.1639,314.3,1.4,1.2,2014-11-22,1406,Terra,MODIS,88,6.2,281.2,19.3,N,0
-15.9471,132.177,318.1,1.4,1.2,2014-11-22,1406,Terra,MODIS,96,6.2,281.5,23.8,N,0
-15.9429,132.2032,316.9,1.4,1.2,2014-11-22,1406,Terra,MODIS,92,6.2,281.3,21.7,N,0
-15.7641,132.9396,317.9,1.6,1.2,2014-11-22,1406,Terra,MODIS,37,6.2,284.4,32.2,N,0
-15.7752,132.9416,318.9,1.6,1.2,2014-11-22,1406,Terra,MODIS,28,6.2,288,34.9,N,0
-15.7863,132.9436,321.2,1.6,1.2,2014-11-22,1406,Terra,MODIS,31,6.2,286.6,37.4,N,0
-15.7839,132.9585,322.7,1.6,1.2,2014-11-22,1406,Terra,MODIS,97,6.2,285.3,38.6,N,0
-15.7745,132.947,321.6,1.6,1.2,2014-11-22,1406,Terra,MODIS,34,6.2,288,38.2,N,0
-15.7832,132.9639,307,1.6,1.2,2014-11-22,1406,Terra,MODIS,21,6.2,283.6,11.4,N,0
-15.9598,132.1658,302.2,1.4,1.2,2014-11-22,1406,Terra,MODIS,31,6.2,279.7,6.6,N,0
-15.9556,131.9276,304.6,1.4,1.2,2014-11-22,1406,Terra,MODIS,38,6.2,270.6,9.1,N,0
-15.9407,132.2163,325.5,1.4,1.2,2014-11-22,1406,Terra,MODIS,100,6.2,280.4,36,N,0
-15.7269,132.8872,313.5,1.6,1.2,2014-11-22,1406,Terra,MODIS,55,6.2,288,20.9,N,0
-15.7157,132.8852,315.3,1.6,1.2,2014-11-22,1406,Terra,MODIS,90,6.2,287.8,22.5,N,0
-12.5222,135.0111,304.5,2.6,1.6,2014-11-22,1407,Terra,MODIS,54,6.2,293.3,18.8,N,0
-14.4161,126.5888,307.2,1,1,2014-11-22,1407,Terra,MODIS,50,6.2,295.7,3.9,N,0
-14.4035,126.0817,308.4,1.1,1,2014-11-22,1407,Terra,MODIS,48,6.2,295.1,5.9,N,0
-12.5698,132.5496,307.4,1.7,1.3,2014-11-22,1407,Terra,MODIS,61,6.2,285,14.6,N,0
-14.5849,126.0279,309.2,1.1,1,2014-11-22,1407,Terra,MODIS,53,6.2,294.8,5.6,N,0
-14.5942,126.0293,314.3,1.1,1,2014-11-22,1407,Terra,MODIS,65,6.2,294.9,10.3,N,0
-14.5956,126.0192,323.1,1.1,1,2014-11-22,1407,Terra,MODIS,100,6.2,295.6,19.8,N,0
-14.5862,126.0178,326,1.1,1,2014-11-22,1407,Terra,MODIS,100,6.2,295.7,22.8,N,0
-14.589,125.9976,311.2,1.1,1,2014-11-22,1407,Terra,MODIS,35,6.2,295.5,6.1,N,0
-13.2817,130.2611,318.3,1.2,1.1,2014-11-22,1407,Terra,MODIS,83,6.2,294.9,15.8,N,0
-14.6346,125.3656,332.2,1.2,1.1,2014-11-22,1407,Terra,MODIS,100,6.2,296.3,35.6,N,0
-13.2766,130.2938,307.4,1.2,1.1,2014-11-22,1407,Terra,MODIS,10,6.2,294.1,6.2,N,0
-14.6124,125.3844,310.8,1.2,1.1,2014-11-22,1407,Terra,MODIS,76,6.2,297,6.6,N,0
-14.5837,125.9661,309.7,1.1,1,2014-11-22,1407,Terra,MODIS,72,6.2,296.3,5.2,N,0
-14.6637,125.3697,307.4,1.2,1.1,2014-11-22,1407,Terra,MODIS,43,6.2,295.9,6.7,N,0
-17.1894,143.3584,308.2,1.6,1.2,2014-11-22,1533,Aqua,MODIS,55,6.2,293.6,9,N,0
-17.295,143.0986,316.1,1.6,1.2,2014-11-22,1533,Aqua,MODIS,63,6.2,292.3,21,N,0
-14.503,142.4397,304.2,2,1.4,2014-11-22,1533,Aqua,MODIS,43,6.2,292.5,9.2,N,0
-17.4656,143.0908,317.8,1.6,1.2,2014-11-22,1533,Aqua,MODIS,59,6.2,291.9,25.6,N,0
-17.4684,143.1,315.3,1.6,1.2,2014-11-22,1533,Aqua,MODIS,71,6.2,292.4,18.8,N,0
-17.2716,143.17,309.2,1.6,1.2,2014-11-22,1533,Aqua,MODIS,36,6.2,291.8,10.8,N,0
-17.1319,143.2996,318.3,1.6,1.2,2014-11-22,1533,Aqua,MODIS,97,6.2,294.3,24.2,N,0
-17.1073,143.289,310.6,1.6,1.2,2014-11-22,1533,Aqua,MODIS,80,6.2,294.2,13.4,N,0
-17.1098,143.3037,306.3,1.6,1.2,2014-11-22,1533,Aqua,MODIS,44,6.2,294,7.7,N,0
-17.1354,143.3083,314.5,1.6,1.2,2014-11-22,1533,Aqua,MODIS,89,6.2,294.2,18.3,N,0
-17.1329,143.2937,309.8,1.6,1.2,2014-11-22,1533,Aqua,MODIS,78,6.2,293.9,11.6,N,0
-17.2828,143.168,306.8,1.6,1.2,2014-11-22,1533,Aqua,MODIS,29,6.2,291.7,8.1,N,0
-17.3528,143.3007,324.9,1.6,1.2,2014-11-22,1533,Aqua,MODIS,100,6.2,293.2,36.1,N,0
-17.2124,143.0258,306.3,1.6,1.3,2014-11-22,1533,Aqua,MODIS,68,6.2,293.2,8.8,N,0
-17.3368,143.2737,308.8,1.6,1.2,2014-11-22,1533,Aqua,MODIS,76,6.2,292.7,9.6,N,0
-15.7998,145.1142,306.3,1.3,1.1,2014-11-22,1533,Aqua,MODIS,45,6.2,293.6,7.7,N,0
-15.0835,145.0549,305.2,1.3,1.1,2014-11-22,1533,Aqua,MODIS,23,6.2,294.7,7.1,N,0
-17.2924,143.0836,339.3,1.6,1.2,2014-11-22,1533,Aqua,MODIS,100,6.2,293.8,77.5,N,0
-17.2898,143.0686,315.2,1.6,1.3,2014-11-22,1533,Aqua,MODIS,58,6.2,292.7,18.9,N,0
-17.403,143.1943,320.7,1.6,1.2,2014-11-22,1533,Aqua,MODIS,100,6.2,292.4,26.9,N,0
-17.3954,143.15,317.9,1.6,1.2,2014-11-22,1533,Aqua,MODIS,90,6.2,292.2,23.1,N,0
-17.2004,143.3564,308.2,1.6,1.2,2014-11-22,1533,Aqua,MODIS,58,6.2,293.7,8.8,N,0
-17.3809,143.1983,325.3,1.6,1.2,2014-11-22,1533,Aqua,MODIS,100,6.2,293.1,35.6,N,0
-17.3147,143.358,310.6,1.5,1.2,2014-11-22,1533,Aqua,MODIS,80,6.2,293.2,11.6,N,0
-17.5235,142.4854,319.1,1.8,1.3,2014-11-22,1533,Aqua,MODIS,97,6.2,291.2,35.8,N,0
-17.5206,142.4689,312.7,1.8,1.3,2014-11-22,1533,Aqua,MODIS,86,6.2,292,21.9,N,0
-17.5118,142.4876,314.4,1.8,1.3,2014-11-22,1533,Aqua,MODIS,55,6.2,290.7,27.9,N,0
-17.509,142.4711,311.9,1.8,1.3,2014-11-22,1533,Aqua,MODIS,64,6.2,292.2,21.3,N,0
-17.3955,143.3524,326.6,1.5,1.2,2014-11-22,1533,Aqua,MODIS,100,6.2,293.7,40.6,N,0
-17.3163,143.3522,308.9,1.5,1.2,2014-11-22,1533,Aqua,MODIS,49,6.2,293.2,9.3,N,0
-17.3403,143.2278,309,1.6,1.2,2014-11-22,1533,Aqua,MODIS,38,6.2,292.5,9.6,N,0
-17.3488,143.2111,309,1.6,1.2,2014-11-22,1533,Aqua,MODIS,59,6.2,292.3,9.4,N,0
-17.3256,143.356,313.3,1.5,1.2,2014-11-22,1533,Aqua,MODIS,87,6.2,293.3,15.3,N,0
-17.3882,143.1735,315,1.6,1.2,2014-11-22,1533,Aqua,MODIS,88,6.2,292.2,16.9,N,0
-17.3845,143.2197,315.3,1.6,1.2,2014-11-22,1533,Aqua,MODIS,91,6.2,293,18.6,N,0
-17.3503,143.2862,317,1.6,1.2,2014-11-22,1533,Aqua,MODIS,94,6.2,292.8,21.7,N,0
-17.3821,143.205,334.7,1.6,1.2,2014-11-22,1533,Aqua,MODIS,100,6.2,294,60.4,N,0
-17.3796,143.1903,311.3,1.6,1.2,2014-11-22,1533,Aqua,MODIS,59,6.2,292.5,11.5,N,0
-17.3956,143.2177,329.7,1.6,1.2,2014-11-22,1533,Aqua,MODIS,100,6.2,294,46.7,N,0
-17.3513,143.2258,308.9,1.6,1.2,2014-11-22,1533,Aqua,MODIS,53,6.2,292.4,9.3,N,0
-17.3517,143.3605,310.9,1.5,1.2,2014-11-22,1533,Aqua,MODIS,76,6.2,293.3,11.5,N,0
-17.3393,143.2882,318.2,1.6,1.2,2014-11-22,1533,Aqua,MODIS,96,6.2,293.1,24.1,N,0
-15.7898,145.116,312.5,1.3,1.1,2014-11-22,1533,Aqua,MODIS,75,6.2,294,13.5,N,0
-17.3407,143.3625,311.7,1.5,1.2,2014-11-22,1533,Aqua,MODIS,22,6.2,293.5,11.7,N,0
-17.3492,143.3462,307.9,1.5,1.2,2014-11-22,1533,Aqua,MODIS,36,6.2,293.1,7.8,N,0
-17.3931,143.203,350,1.6,1.2,2014-11-22,1533,Aqua,MODIS,100,6.2,295.2,112,N,0
-17.3383,143.3481,328.8,1.5,1.2,2014-11-22,1533,Aqua,MODIS,100,6.2,294.1,43.4,N,0
-17.3273,143.3502,310.8,1.5,1.2,2014-11-22,1533,Aqua,MODIS,35,6.2,293.1,11,N,0
-17.3736,143.3564,313.5,1.5,1.2,2014-11-22,1533,Aqua,MODIS,87,6.2,293.4,15.2,N,0
-17.3711,143.342,311.5,1.5,1.2,2014-11-22,1533,Aqua,MODIS,80,6.2,293.2,12.6,N,0
-17.3845,143.3544,324.9,1.5,1.2,2014-11-22,1533,Aqua,MODIS,100,6.2,294,36.3,N,0
-17.3931,143.338,325.5,1.5,1.2,2014-11-22,1533,Aqua,MODIS,100,6.2,293.2,38.4,N,0
-17.3907,143.1883,311.1,1.6,1.2,2014-11-22,1533,Aqua,MODIS,57,6.2,292.5,10.3,N,0
-15.8297,145.1089,308.8,1.3,1.1,2014-11-22,1533,Aqua,MODIS,76,6.2,293.8,10.4,N,0
-15.8316,145.1207,305.9,1.3,1.1,2014-11-22,1533,Aqua,MODIS,52,6.2,294,7.7,N,0
-17.3821,143.34,325.6,1.5,1.2,2014-11-22,1533,Aqua,MODIS,100,6.2,293.7,38.1,N,0
-15.7145,145.0985,303.5,1.3,1.1,2014-11-22,1533,Aqua,MODIS,41,6.2,293,5.8,N,0
-17.392,143.1963,332,1.6,1.2,2014-11-22,1533,Aqua,MODIS,100,6.2,293.4,52.2,N,0
-17.3418,143.3027,313.3,1.6,1.2,2014-11-22,1533,Aqua,MODIS,87,6.2,292.5,15.4,N,0
-15.7025,145.0879,310.2,1.3,1.1,2014-11-22,1533,Aqua,MODIS,80,6.2,293.1,12.1,N,0
-17.4484,143.1247,314.2,1.6,1.2,2014-11-22,1533,Aqua,MODIS,74,6.2,292.3,18.2,N,0
-15.7798,145.1179,308.1,1.3,1.1,2014-11-22,1533,Aqua,MODIS,68,6.2,293.6,9.7,N,0
-17.409,143.1627,319.6,1.6,1.2,2014-11-22,1533,Aqua,MODIS,99,6.2,292,25.3,N,0
-17.3945,143.211,352.1,1.6,1.2,2014-11-22,1533,Aqua,MODIS,100,6.2,295.8,121.3,N,0
-14.5219,142.4745,305.2,2,1.4,2014-11-22,1533,Aqua,MODIS,63,6.2,292.4,10.9,N,0
-17.4056,143.2089,383.3,1.6,1.2,2014-11-22,1533,Aqua,MODIS,100,6.2,297.1,317.5,N,0
-17.4081,143.2235,308.7,1.6,1.2,2014-11-22,1533,Aqua,MODIS,75,6.2,293.4,10,N,0
-17.3835,143.213,328.7,1.6,1.2,2014-11-22,1533,Aqua,MODIS,100,6.2,293.8,44.2,N,0
-17.3868,143.1668,313.8,1.6,1.2,2014-11-22,1533,Aqua,MODIS,63,6.2,291.8,15.5,N,0
-16.5582,143.3816,305.9,1.6,1.2,2014-11-22,1533,Aqua,MODIS,52,6.2,294,8.5,N,0
-16.5718,143.3943,305.6,1.6,1.2,2014-11-22,1533,Aqua,MODIS,57,6.2,293.8,7.4,N,0
-15.0753,145.0688,305.8,1.3,1.1,2014-11-22,1533,Aqua,MODIS,52,6.2,295,7.2,N,0
-17.2923,145.3404,301.2,1.2,1.1,2014-11-22,1533,Aqua,MODIS,39,6.2,289.1,5.6,N,0
-18.5746,145.7428,302.7,1.1,1,2014-11-22,1534,Aqua,MODIS,51,6.2,290.8,5.9,N,0
-18.5762,145.753,322.4,1.1,1,2014-11-22,1534,Aqua,MODIS,100,6.2,292.1,23.4,N,0
-22.4318,147.244,309.2,1,1,2014-11-22,1535,Aqua,MODIS,76,6.2,295.7,6.4,N,0
-25.5148,148.9202,305.1,1.2,1.1,2014-11-22,1535,Aqua,MODIS,62,6.2,294.8,6,N,0
-22.4073,147.1386,311.1,1,1,2014-11-22,1535,Aqua,MODIS,70,6.2,293.3,8.6,N,0
-22.3983,147.1401,304.8,1,1,2014-11-22,1535,Aqua,MODIS,33,6.2,290,4.5,N,0
-22.4422,147.2522,318.5,1,1,2014-11-22,1535,Aqua,MODIS,97,6.2,295.9,13.8,N,0
-22.4408,147.2425,351.2,1,1,2014-11-22,1535,Aqua,MODIS,100,6.2,298.9,62.7,N,0
-25.7045,147.3962,315,1,1,2014-11-22,1535,Aqua,MODIS,90,6.2,295.9,12.9,N,0
-22.4498,147.241,311.5,1,1,2014-11-22,1535,Aqua,MODIS,82,6.2,295.8,8.2,N,0
-22.4394,147.2328,330.4,1,1,2014-11-22,1535,Aqua,MODIS,100,6.2,297,26.9,N,0
-22.4484,147.2313,312.5,1,1,2014-11-22,1535,Aqua,MODIS,84,6.2,295.6,9,N,0
-24.881,148.5731,318.3,1.1,1.1,2014-11-22,1535,Aqua,MODIS,97,6.2,294.8,17.6,N,0
-25.6967,147.4081,307.8,1,1,2014-11-22,1535,Aqua,MODIS,63,6.2,295.2,6.9,N,0
-22.4332,147.2537,315.1,1,1,2014-11-22,1535,Aqua,MODIS,90,6.2,295.6,11.2,N,0
-25.7031,147.3858,305.5,1,1,2014-11-22,1535,Aqua,MODIS,49,6.2,294.6,5.4,N,0
-24.1473,147.0939,303.3,1,1,2014-11-22,1535,Aqua,MODIS,54,6.2,287.3,4.4,N,0
-25.6953,147.3977,316,1,1,2014-11-22,1535,Aqua,MODIS,92,6.2,295.9,13.6,N,0
-24.7993,147.0854,305.5,1,1,2014-11-22,1535,Aqua,MODIS,65,6.2,295,4.3,N,0
-24.0909,145.7706,310.9,1,1,2014-11-22,1535,Aqua,MODIS,81,6.2,271.2,11.9,N,0
-24.8007,147.0955,306.2,1,1,2014-11-22,1535,Aqua,MODIS,67,6.2,295.2,4.8,N,0
-27.0594,149.337,314.9,1.3,1.1,2014-11-22,1536,Aqua,MODIS,90,6.2,296.7,15.8,N,0
-27.0696,149.3355,315.7,1.3,1.1,2014-11-22,1536,Aqua,MODIS,91,6.2,296.9,16.9,N,0
-27.2309,150.8631,305.7,1.6,1.3,2014-11-22,1536,Aqua,MODIS,64,6.2,294.8,9.9,N,0
-14.6332,125.3708,307.6,1.1,1,2014-11-22,1711,Aqua,MODIS,68,6.2,296.6,3.9,N,0
-14.6239,125.3721,321.2,1.1,1,2014-11-22,1711,Aqua,MODIS,100,6.2,297.3,15.8,N,0
-14.6096,125.3901,311.8,1.1,1,2014-11-22,1711,Aqua,MODIS,81,6.2,296.3,7.1,N,0
-14.6253,125.382,311.6,1.1,1,2014-11-22,1711,Aqua,MODIS,70,6.2,297.1,6.5,N,0
-14.603,125.9934,320.7,1.1,1.1,2014-11-22,1711,Aqua,MODIS,100,6.2,294.9,17.5,N,0
-14.584,125.9962,311.9,1.1,1.1,2014-11-22,1711,Aqua,MODIS,81,6.2,294.6,8.2,N,0
-14.5855,126.0065,316.4,1.1,1.1,2014-11-22,1711,Aqua,MODIS,92,6.2,294.5,12.5,N,0
-14.6125,125.992,306.7,1.1,1.1,2014-11-22,1711,Aqua,MODIS,62,6.2,294.2,4.7,N,0
-14.5788,126.0287,352.6,1.1,1.1,2014-11-22,1711,Aqua,MODIS,100,6.2,296.7,76.8,N,0
-14.5774,126.0183,342.2,1.1,1.1,2014-11-22,1711,Aqua,MODIS,100,6.2,295.9,51.5,N,0
-14.5883,126.0273,315.5,1.1,1.1,2014-11-22,1711,Aqua,MODIS,90,6.2,295.2,11.9,N,0
-18.0475,129.1642,321.7,2,1.4,2014-11-22,1712,Aqua,MODIS,100,6.2,292.6,49.1,N,0
-18.06,129.1627,303.9,2,1.4,2014-11-22,1712,Aqua,MODIS,57,6.2,292.5,11.7,N,0
-18.0425,129.151,335.8,2,1.4,2014-11-22,1712,Aqua,MODIS,100,6.2,293.3,96.4,N,0
-18.0578,129.1439,304.7,2,1.4,2014-11-22,1712,Aqua,MODIS,61,6.2,292.6,12.2,N,0
-18.0454,129.1454,332.6,2,1.4,2014-11-22,1712,Aqua,MODIS,100,6.2,293.2,83.4,N,0
-19.6493,126.5069,306.9,1.4,1.2,2014-11-22,1713,Aqua,MODIS,49,6.2,289.9,10.1,N,0
-20.5792,128.5889,320.5,2,1.4,2014-11-22,1713,Aqua,MODIS,100,6.2,291.1,46.2,N,0
-19.6629,126.5315,308.2,1.4,1.2,2014-11-22,1713,Aqua,MODIS,51,6.2,293.1,12.2,N,0
-29.5047,124.7056,320,1.4,1.2,2014-11-22,1715,Aqua,MODIS,29,6.2,280.4,29.1,N,0
-29.4752,124.8306,335.4,1.4,1.2,2014-11-22,1715,Aqua,MODIS,100,6.2,279.2,63.2,N,0
-29.5074,124.826,303.9,1.4,1.2,2014-11-22,1715,Aqua,MODIS,34,6.2,272.8,13.2,N,0
-29.4859,124.8291,352.6,1.4,1.2,2014-11-22,1715,Aqua,MODIS,100,6.2,278.4,117,N,0
-29.5367,124.7012,353.4,1.4,1.2,2014-11-22,1715,Aqua,MODIS,100,6.2,282.1,115.2,N,0
-29.5261,124.7027,342.2,1.4,1.2,2014-11-22,1715,Aqua,MODIS,100,6.2,282.8,77.4,N,0
-29.5426,124.7096,322.4,1.4,1.2,2014-11-22,1715,Aqua,MODIS,19,6.2,281.2,32.5,N,0
-29.5384,124.7159,332.2,1.4,1.2,2014-11-22,1715,Aqua,MODIS,69,6.2,281.2,50.9,N,0
-30.8649,121.5075,301.6,1.1,1,2014-11-22,1716,Aqua,MODIS,42,6.2,288.6,6.2,N,2
-30.8634,121.4965,333.7,1,1,2014-11-22,1716,Aqua,MODIS,100,6.2,289.4,38.3,N,2
-15.1634,145.2215,324.2,1.5,1.2,2014-11-23,0057,Terra,MODIS,41,6.2,297.7,23.6,D,0
-14.4985,142.2975,337.6,1,1,2014-11-23,0057,Terra,MODIS,77,6.2,306.6,22.1,D,0
-12.2552,142.0456,330.6,1,1,2014-11-23,0057,Terra,MODIS,67,6.2,294.1,20.4,D,0
-12.9895,136.3023,335.4,1.7,1.3,2014-11-23,0057,Terra,MODIS,68,6.2,303.6,40.4,D,0
-14.4965,142.4166,334.4,1.1,1,2014-11-23,0057,Terra,MODIS,72,6.2,310.5,15.9,D,0
-14.5225,142.1372,341.6,1,1,2014-11-23,0057,Terra,MODIS,83,6.2,307.5,28.1,D,0
-14.1045,141.7901,356.2,1,1,2014-11-23,0057,Terra,MODIS,97,6.2,309.6,56.4,D,0
-11.9094,142.2626,321.8,1,1,2014-11-23,0057,Terra,MODIS,47,6.2,296.5,10,D,0
-14.4979,142.4263,337.2,1.1,1,2014-11-23,0057,Terra,MODIS,77,6.2,308.8,20.7,D,0
-14.5071,142.425,331.3,1.1,1,2014-11-23,0057,Terra,MODIS,63,6.2,308.1,11.4,D,0
-14.5098,142.4445,334,1.1,1,2014-11-23,0057,Terra,MODIS,72,6.2,309.1,16.2,D,0
-14.5084,142.4347,335.3,1.1,1,2014-11-23,0057,Terra,MODIS,74,6.2,308.6,18.1,D,0
-14.5175,142.1672,336.2,1,1,2014-11-23,0057,Terra,MODIS,75,6.2,307.3,19.4,D,0
-14.5161,142.1576,344.2,1,1,2014-11-23,0057,Terra,MODIS,86,6.2,307.6,33,D,0
-12.4721,132.1996,320.5,3.5,1.8,2014-11-23,0057,Terra,MODIS,46,6.2,296.3,46.8,D,0
-14.8897,144.5916,323.8,1.4,1.2,2014-11-23,0057,Terra,MODIS,51,6.2,296,16.2,D,0
-13.9578,141.9198,349.4,1,1,2014-11-23,0057,Terra,MODIS,92,6.2,308.8,42.5,D,0
-13.9565,141.9104,332.1,1,1,2014-11-23,0057,Terra,MODIS,33,6.2,306.7,12,D,0
-15.1743,145.22,367.3,1.5,1.2,2014-11-23,0057,Terra,MODIS,75,6.2,301.4,182.7,D,0
-13.9307,141.9238,339.9,1,1,2014-11-23,0057,Terra,MODIS,82,6.2,309,22.2,D,0
-13.8583,141.9313,332.9,1,1,2014-11-23,0057,Terra,MODIS,70,6.2,309.2,13.1,D,0
-14.5147,142.1481,340.8,1,1,2014-11-23,0057,Terra,MODIS,82,6.2,307.1,26.3,D,0
-13.866,141.9207,338.9,1,1,2014-11-23,0057,Terra,MODIS,81,6.2,309.2,20.8,D,0
-14.5367,142.1058,337.9,1,1,2014-11-23,0057,Terra,MODIS,74,6.2,307,21.8,D,0
-14.4945,142.2686,340.3,1,1,2014-11-23,0057,Terra,MODIS,82,6.2,306.6,27.7,D,0
-15.082,145.0403,318.3,1.5,1.2,2014-11-23,0057,Terra,MODIS,20,6.2,297.4,12.5,D,0
-15.0837,145.0539,338.2,1.5,1.2,2014-11-23,0057,Terra,MODIS,86,6.2,297.7,56.7,D,0
-13.8674,141.93,330.1,1,1,2014-11-23,0057,Terra,MODIS,46,6.2,309.3,8.5,D,0
-12.5209,135.0627,330.6,2.1,1.4,2014-11-23,0057,Terra,MODIS,55,6.2,303.5,51.6,D,0
-12.5208,135.0567,335.7,2.1,1.4,2014-11-23,0057,Terra,MODIS,78,6.2,303.6,70.1,D,0
-12.5852,132.5177,320.7,3.3,1.7,2014-11-23,0057,Terra,MODIS,30,6.2,296.5,41.4,D,0
-14.5134,142.1385,337.5,1,1,2014-11-23,0057,Terra,MODIS,73,6.2,305.8,21,D,0
-14.5239,142.1467,331.2,1,1,2014-11-23,0057,Terra,MODIS,54,6.2,309.4,10.7,D,0
-14.5245,142.4822,337.4,1.1,1,2014-11-23,0057,Terra,MODIS,70,6.2,309.9,18.6,D,0
-12.7517,131.0956,342.5,4.2,1.9,2014-11-23,0057,Terra,MODIS,89,6.2,295.6,307.3,D,0
-13.6004,135.4359,335.9,1.9,1.3,2014-11-23,0057,Terra,MODIS,80,6.2,307.8,46.5,D,0
-13.5973,135.4184,338.1,1.9,1.3,2014-11-23,0057,Terra,MODIS,84,6.2,307,55.5,D,0
-13.5934,135.4259,332.3,1.9,1.3,2014-11-23,0057,Terra,MODIS,66,6.2,306.6,33.4,D,0
-13.6033,135.4532,333.3,1.9,1.3,2014-11-23,0057,Terra,MODIS,73,6.2,306.7,36.8,D,0
-13.0007,136.3092,328,1.7,1.3,2014-11-23,0057,Terra,MODIS,29,6.2,303.2,17,D,0
-14.4798,142.4155,337.3,1.1,1,2014-11-23,0057,Terra,MODIS,79,6.2,308.9,21.3,D,0
-14.5353,142.0963,332.8,1,1,2014-11-23,0057,Terra,MODIS,58,6.2,304.5,14.6,D,0
-12.5177,135.0433,326.8,2.1,1.4,2014-11-23,0057,Terra,MODIS,46,6.2,300.6,36.3,D,0
-12.9781,136.3044,329.9,1.7,1.3,2014-11-23,0057,Terra,MODIS,48,6.2,302.5,25.6,D,0
-13.6063,135.4702,332.4,1.9,1.3,2014-11-23,0057,Terra,MODIS,72,6.2,307.8,33.4,D,0
-14.5112,142.4542,329.9,1.1,1,2014-11-23,0057,Terra,MODIS,53,6.2,307.7,10.6,D,0
-14.5132,142.3349,338.5,1.1,1,2014-11-23,0057,Terra,MODIS,79,6.2,308.8,22.7,D,0
-13.9977,136.6163,330.9,1.5,1.2,2014-11-23,0057,Terra,MODIS,72,6.2,302.9,27.8,D,0
-14.8257,141.6235,335.4,1,1,2014-11-23,0057,Terra,MODIS,39,6.2,312.2,14.2,D,0
-14,136.6303,338.2,1.5,1.2,2014-11-23,0057,Terra,MODIS,83,6.2,301.4,48.1,D,0
-13.6151,135.5212,332.2,1.9,1.3,2014-11-23,0057,Terra,MODIS,73,6.2,306.8,33.7,D,0
-12.272,132.7251,324.5,3.2,1.7,2014-11-23,0057,Terra,MODIS,38,6.2,302,62.7,D,0
-14.738,144.753,320.3,1.4,1.2,2014-11-23,0057,Terra,MODIS,30,6.2,294.4,18.8,D,0
-12.2753,132.7303,323.9,3.2,1.7,2014-11-23,0057,Terra,MODIS,40,6.2,300.8,58.6,D,0
-13.7449,135.5971,338,1.8,1.3,2014-11-23,0057,Terra,MODIS,84,6.2,306.3,53.4,D,0
-13.6449,135.5512,330.4,1.9,1.3,2014-11-23,0057,Terra,MODIS,65,6.2,305.7,27.2,D,0
-13.7886,135.5993,328.8,1.8,1.3,2014-11-23,0057,Terra,MODIS,57,6.2,306.7,21.6,D,0
-13.7832,135.6073,328.8,1.8,1.3,2014-11-23,0057,Terra,MODIS,55,6.2,306,23.8,D,0
-14.0109,136.6285,325.9,1.5,1.2,2014-11-23,0057,Terra,MODIS,47,6.2,301.2,16.6,D,0
-13.6122,135.5043,334.6,1.9,1.3,2014-11-23,0057,Terra,MODIS,80,6.2,308.2,41.7,D,0
-12.2822,142.9413,328.6,1.1,1,2014-11-23,0057,Terra,MODIS,71,6.2,301.6,17.8,D,0
-14.8101,144.6855,317.6,1.4,1.2,2014-11-23,0057,Terra,MODIS,15,6.2,290.7,13.4,D,0
-13.6077,135.5117,332.3,1.9,1.3,2014-11-23,0057,Terra,MODIS,77,6.2,306.7,35,D,0
-15.0855,145.0677,323.9,1.5,1.2,2014-11-23,0057,Terra,MODIS,63,6.2,297.1,23.3,D,0
-15.8244,132.9693,350.1,2.6,1.6,2014-11-23,0058,Terra,MODIS,93,6.2,297.6,200.5,D,0
-15.7643,132.9559,326.1,2.6,1.6,2014-11-23,0058,Terra,MODIS,35,6.2,300.7,32.7,D,0
-16.0361,132.027,326.3,3.1,1.7,2014-11-23,0058,Terra,MODIS,21,6.2,300.8,41.3,D,0
-16.0363,131.2978,327.5,3.5,1.8,2014-11-23,0058,Terra,MODIS,37,6.2,302.2,53.7,D,0
-16.0319,132.0041,332.2,3.1,1.7,2014-11-23,0058,Terra,MODIS,64,6.2,301.6,72.2,D,0
-16.0424,131.3299,328.1,3.4,1.7,2014-11-23,0058,Terra,MODIS,61,6.2,300.9,57.6,D,0
-15.7742,132.852,327,2.7,1.6,2014-11-23,0058,Terra,MODIS,52,6.2,299.4,41.6,D,0
-15.8163,132.8438,328.7,2.7,1.6,2014-11-23,0058,Terra,MODIS,59,6.2,300.2,48.9,D,0
-15.7779,132.8452,327.6,2.7,1.6,2014-11-23,0058,Terra,MODIS,59,6.2,299.8,45.7,D,0
-15.82,132.837,325.4,2.7,1.6,2014-11-23,0058,Terra,MODIS,41,6.2,300.5,32.4,D,0
-15.8246,132.8618,325.8,2.7,1.6,2014-11-23,0058,Terra,MODIS,41,6.2,300.1,35.4,D,0
-15.909,132.0873,326.7,3,1.7,2014-11-23,0058,Terra,MODIS,24,6.2,300.6,45,D,0
-14.2347,135.4077,323,1.9,1.3,2014-11-23,0058,Terra,MODIS,31,6.2,291.3,20.9,D,0
-14.2278,135.4029,322.1,1.9,1.3,2014-11-23,0058,Terra,MODIS,32,6.2,293.9,21,D,0
-16.2269,132.8086,327.1,2.7,1.6,2014-11-23,0058,Terra,MODIS,55,6.2,302.9,33.4,D,0
-16.3625,133.0479,327.5,2.5,1.5,2014-11-23,0058,Terra,MODIS,51,6.2,301.8,30,D,0
-15.7192,132.8952,328.7,2.7,1.6,2014-11-23,0058,Terra,MODIS,66,6.2,300.8,44.4,D,0
-15.7332,132.8924,332,2.7,1.6,2014-11-23,0058,Terra,MODIS,73,6.2,300.1,61.6,D,0
-15.7227,132.8877,328.1,2.7,1.6,2014-11-23,0058,Terra,MODIS,63,6.2,300.8,40.7,D,0
-15.7367,132.885,327.5,2.7,1.6,2014-11-23,0058,Terra,MODIS,61,6.2,300.4,38.2,D,0
-16.3044,133.2338,331.2,2.5,1.5,2014-11-23,0058,Terra,MODIS,72,6.2,301.7,53.4,D,0
-16.295,133.259,331.5,2.4,1.5,2014-11-23,0058,Terra,MODIS,72,6.2,302.9,51.5,D,0
-17.3006,145.3362,328.7,1.7,1.3,2014-11-23,0058,Terra,MODIS,40,6.2,306.6,31.5,D,0
-17.2891,145.3374,329.2,1.7,1.3,2014-11-23,0058,Terra,MODIS,62,6.2,305.3,36.2,D,0
-15.7602,132.8547,325.6,2.7,1.6,2014-11-23,0058,Terra,MODIS,44,6.2,299.6,33.6,D,0
-15.8289,132.9624,347.1,2.6,1.6,2014-11-23,0058,Terra,MODIS,91,6.2,297.7,177.5,D,0
-15.8244,132.9381,332.7,2.6,1.6,2014-11-23,0058,Terra,MODIS,74,6.2,297.9,77.8,D,0
-15.815,132.9651,337.5,2.6,1.6,2014-11-23,0058,Terra,MODIS,81,6.2,298.3,105.5,D,0
-15.8383,132.9666,327.2,2.6,1.6,2014-11-23,0058,Terra,MODIS,43,6.2,297.1,50.3,D,0
-15.834,132.9423,337.8,2.6,1.6,2014-11-23,0058,Terra,MODIS,82,6.2,297.8,108.2,D,0
-16.0307,131.9986,329.5,3.1,1.7,2014-11-23,0058,Terra,MODIS,56,6.2,301.9,58.7,D,0
-15.997,132.0641,337.4,3,1.7,2014-11-23,0058,Terra,MODIS,79,6.2,299.9,124.1,D,0
-15.9979,132.0699,339.1,3,1.7,2014-11-23,0058,Terra,MODIS,84,6.2,299.6,137.9,D,0
-18.6669,145.787,345.2,1.9,1.3,2014-11-23,0058,Terra,MODIS,90,6.2,303.9,111.3,D,0
-15.3779,135.9146,334.8,1.6,1.3,2014-11-23,0058,Terra,MODIS,76,6.2,303.9,34.8,D,0
-15.3535,144.8485,325.9,1.4,1.2,2014-11-23,0058,Terra,MODIS,38,6.2,302.8,21.7,D,0
-15.3304,144.838,326.1,1.4,1.2,2014-11-23,0058,Terra,MODIS,42,6.2,305.8,19.5,D,0
-18.6548,145.7886,330.9,1.9,1.3,2014-11-23,0058,Terra,MODIS,59,6.2,302.3,51.5,D,0
-18.6696,145.7627,326.1,1.9,1.3,2014-11-23,0058,Terra,MODIS,64,6.2,301.9,38.5,D,0
-18.6768,145.7676,328.2,1.9,1.3,2014-11-23,0058,Terra,MODIS,70,6.2,300.4,45,D,0
-18.6716,145.7804,345.4,1.9,1.3,2014-11-23,0058,Terra,MODIS,90,6.2,303.6,113,D,0
-18.6449,145.8081,330,1.9,1.3,2014-11-23,0058,Terra,MODIS,26,6.2,298.1,49.1,D,0
-17.4499,143.0728,328.8,1.2,1.1,2014-11-23,0058,Terra,MODIS,24,6.2,306.5,9.2,D,0
-17.3401,143.1007,336,1.2,1.1,2014-11-23,0058,Terra,MODIS,74,6.2,306.1,26.5,D,0
-17.2457,143.1543,340.4,1.2,1.1,2014-11-23,0058,Terra,MODIS,71,6.2,308.5,28,D,0
-16.9119,143.1631,340.1,1.2,1.1,2014-11-23,0058,Terra,MODIS,79,6.2,308.8,29.2,D,0
-17.2535,143.3623,333.3,1.2,1.1,2014-11-23,0058,Terra,MODIS,59,6.2,309.6,14.1,D,0
-17.3761,143.2859,336.5,1.2,1.1,2014-11-23,0058,Terra,MODIS,77,6.2,306.4,26.2,D,0
-17.3564,143.2951,343.3,1.2,1.1,2014-11-23,0058,Terra,MODIS,86,6.2,308.5,33.9,D,0
-17.3509,143.1795,333.5,1.2,1.1,2014-11-23,0058,Terra,MODIS,42,6.2,309.2,15.8,D,0
-17.3411,143.0942,329,1.2,1.1,2014-11-23,0058,Terra,MODIS,25,6.2,306.2,11.2,D,0
-17.3731,143.263,344.1,1.2,1.1,2014-11-23,0058,Terra,MODIS,87,6.2,304.3,47.9,D,0
-17.3746,143.2744,332.3,1.2,1.1,2014-11-23,0058,Terra,MODIS,55,6.2,306,20.5,D,0
-17.3632,143.2644,348.6,1.2,1.1,2014-11-23,0058,Terra,MODIS,91,6.2,307.3,58.4,D,0
-17.3493,143.1682,367.5,1.2,1.1,2014-11-23,0058,Terra,MODIS,100,6.2,307.5,117.3,D,0
-17.3976,143.1435,330.5,1.2,1.1,2014-11-23,0058,Terra,MODIS,47,6.2,304.6,13.9,D,0
-15.7796,145.1236,334.8,1.5,1.2,2014-11-23,0058,Terra,MODIS,67,6.2,303.7,43.8,D,0
-17.3877,143.1449,332.7,1.2,1.1,2014-11-23,0058,Terra,MODIS,50,6.2,306.3,17.3,D,0
-17.3499,143.1618,352.7,1.2,1.1,2014-11-23,0058,Terra,MODIS,94,6.2,305,64.4,D,0
-17.3514,143.1731,350.9,1.2,1.1,2014-11-23,0058,Terra,MODIS,93,6.2,308.4,56.3,D,0
-17.4006,143.1662,340.1,1.2,1.1,2014-11-23,0058,Terra,MODIS,80,6.2,305.8,30.9,D,0
-17.3465,143.2965,350,1.2,1.1,2014-11-23,0058,Terra,MODIS,92,6.2,310.1,50.2,D,0
-17.1923,143.359,333.5,1.2,1.1,2014-11-23,0058,Terra,MODIS,34,6.2,311,13.2,D,0
-17.4514,143.084,331.1,1.2,1.1,2014-11-23,0058,Terra,MODIS,55,6.2,306,13.9,D,0
-17.1339,143.3036,337.4,1.2,1.1,2014-11-23,0058,Terra,MODIS,64,6.2,310.6,19.2,D,0
-17.1225,143.2936,335.2,1.2,1.1,2014-11-23,0058,Terra,MODIS,56,6.2,311.2,15.5,D,0
-16.819,134.3348,329.4,2,1.4,2014-11-23,0058,Terra,MODIS,51,6.2,303.4,26.2,D,0
-16.6989,134.1105,340.2,2.1,1.4,2014-11-23,0058,Terra,MODIS,76,6.2,305.5,67.3,D,0
-16.7023,134.1296,350.5,2.1,1.4,2014-11-23,0058,Terra,MODIS,94,6.2,306.1,125.9,D,0
-16.7148,134.1272,340.8,2.1,1.4,2014-11-23,0058,Terra,MODIS,85,6.2,307.6,65.9,D,0
-16.371,133.0948,330.1,2.5,1.5,2014-11-23,0058,Terra,MODIS,63,6.2,302.5,45.6,D,0
-16.3898,133.0425,352.9,2.5,1.5,2014-11-23,0058,Terra,MODIS,95,6.2,302.8,198.9,D,0
-16.3941,133.066,326.4,2.5,1.5,2014-11-23,0058,Terra,MODIS,24,6.2,301.9,29.2,D,0
-16.3957,133.0352,345.1,2.5,1.5,2014-11-23,0058,Terra,MODIS,89,6.2,301,139.3,D,0
-16.4001,133.0586,331.7,2.5,1.5,2014-11-23,0058,Terra,MODIS,72,6.2,301.7,58,D,0
-17.208,143.0232,335.7,1.2,1.1,2014-11-23,0058,Terra,MODIS,73,6.2,310.6,9.3,D,0
-18.0941,140.7534,334.1,1,1,2014-11-23,0058,Terra,MODIS,49,6.2,308.1,11.9,D,0
-18.0955,140.7629,335.3,1,1,2014-11-23,0058,Terra,MODIS,62,6.2,308.8,14.3,D,0
-17.7377,136.0356,338.8,1.4,1.2,2014-11-23,0058,Terra,MODIS,74,6.2,306.9,35.7,D,0
-17.7248,136.024,333.8,1.5,1.2,2014-11-23,0058,Terra,MODIS,45,6.2,306.5,29,D,0
-17.7481,139.111,343,1,1,2014-11-23,0058,Terra,MODIS,84,6.2,310.7,26.7,D,0
-17.7572,139.1096,333.6,1,1,2014-11-23,0058,Terra,MODIS,65,6.2,308.6,11,D,0
-15.7766,145.1162,334.4,1.5,1.2,2014-11-23,0058,Terra,MODIS,37,6.2,304.9,40.9,D,0
-16.9499,133.0844,333,2.4,1.5,2014-11-23,0058,Terra,MODIS,75,6.2,306.9,45.5,D,0
-16.9539,133.1071,333.6,2.4,1.5,2014-11-23,0058,Terra,MODIS,76,6.2,306.9,49.2,D,0
-16.9621,133.1522,333,2.4,1.5,2014-11-23,0058,Terra,MODIS,75,6.2,306.8,47.9,D,0
-16.0876,144.2452,356.9,1.3,1.2,2014-11-23,0058,Terra,MODIS,98,6.2,307.9,93.7,D,0
-16.0892,144.2577,340,1.4,1.2,2014-11-23,0058,Terra,MODIS,85,6.2,308.7,36.8,D,0
-16.0909,144.2703,337,1.4,1.2,2014-11-23,0058,Terra,MODIS,78,6.2,309.3,27.6,D,0
-16.0947,144.219,363.6,1.3,1.1,2014-11-23,0058,Terra,MODIS,100,6.2,302.3,126.1,D,0
-16.0963,144.2314,382.4,1.3,1.1,2014-11-23,0058,Terra,MODIS,100,6.2,309.7,228.7,D,0
-16.0979,144.2439,338.5,1.3,1.2,2014-11-23,0058,Terra,MODIS,82,6.2,305.5,35.4,D,0
-16.1067,144.2301,348.1,1.3,1.1,2014-11-23,0058,Terra,MODIS,93,6.2,307,67.2,D,0
-17.3663,143.2937,342,1.2,1.1,2014-11-23,0058,Terra,MODIS,84,6.2,307.8,32.8,D,0
-17.3779,143.1463,363.2,1.2,1.1,2014-11-23,0058,Terra,MODIS,100,6.2,307.7,99.9,D,0
-17.3582,143.1491,360.4,1.2,1.1,2014-11-23,0058,Terra,MODIS,100,6.2,305.8,91.5,D,0
-17.3395,143.1696,342.5,1.2,1.1,2014-11-23,0058,Terra,MODIS,78,6.2,308.1,36.5,D,0
-17.3794,143.1576,338.6,1.2,1.1,2014-11-23,0058,Terra,MODIS,62,6.2,308.5,26.5,D,0
-17.3651,143.1252,333.2,1.2,1.1,2014-11-23,0058,Terra,MODIS,54,6.2,305.5,18.6,D,0
-17.3366,143.2979,334.2,1.2,1.1,2014-11-23,0058,Terra,MODIS,71,6.2,310.9,11.7,D,0
-17.3617,143.2593,342,1.2,1.1,2014-11-23,0058,Terra,MODIS,81,6.2,306.3,38.5,D,0
-17.3597,143.1604,358.9,1.2,1.1,2014-11-23,0058,Terra,MODIS,99,6.2,308.8,83.3,D,0
-14.7685,132.6381,324.8,2.9,1.6,2014-11-23,0058,Terra,MODIS,58,6.2,296.7,40.2,D,0
-17.3936,143.3423,332.9,1.2,1.1,2014-11-23,0058,Terra,MODIS,70,6.2,309.1,18.4,D,0
-17.3851,143.3553,335.2,1.2,1.1,2014-11-23,0058,Terra,MODIS,75,6.2,308.9,21.6,D,0
-17.3737,143.3451,333.9,1.2,1.1,2014-11-23,0058,Terra,MODIS,63,6.2,310.6,17.4,D,0
-17.3836,143.3437,331.6,1.2,1.1,2014-11-23,0058,Terra,MODIS,54,6.2,309.8,14.6,D,0
-17.4051,143.3525,348.1,1.2,1.1,2014-11-23,0058,Terra,MODIS,91,6.2,307.8,54.3,D,0
-17.3951,143.3539,344.5,1.2,1.1,2014-11-23,0058,Terra,MODIS,87,6.2,309,44.1,D,0
-17.3845,143.273,335.7,1.2,1.1,2014-11-23,0058,Terra,MODIS,75,6.2,305.3,28,D,0
-17.4021,143.1775,338.2,1.2,1.1,2014-11-23,0058,Terra,MODIS,79,6.2,307.4,26.5,D,0
-17.3085,143.1625,338,1.2,1.1,2014-11-23,0058,Terra,MODIS,50,6.2,306.8,24.6,D,0
-17.383,143.2616,330.4,1.2,1.1,2014-11-23,0058,Terra,MODIS,60,6.2,303.5,19.5,D,0
-17.3632,143.2707,350.2,1.2,1.1,2014-11-23,0058,Terra,MODIS,92,6.2,307.8,59.8,D,0
-17.276,143.1441,335.2,1.2,1.1,2014-11-23,0058,Terra,MODIS,56,6.2,304.2,23.9,D,0
-17.3542,143.3541,334.3,1.2,1.1,2014-11-23,0058,Terra,MODIS,64,6.2,310.6,16.2,D,0
-17.5409,142.5258,334.6,1.1,1.1,2014-11-23,0058,Terra,MODIS,40,6.2,309.9,15.2,D,0
-16.5074,141.8063,334.7,1,1,2014-11-23,0058,Terra,MODIS,31,6.2,310.5,14.1,D,0
-17.3442,143.3555,333.3,1.2,1.1,2014-11-23,0058,Terra,MODIS,55,6.2,309.7,13.8,D,0
-17.3647,143.2758,334.4,1.2,1.1,2014-11-23,0058,Terra,MODIS,53,6.2,307.1,22.4,D,0
-17.2817,143.3466,332.3,1.2,1.1,2014-11-23,0058,Terra,MODIS,56,6.2,309.7,11.1,D,0
-17.3677,143.2988,345.5,1.2,1.1,2014-11-23,0058,Terra,MODIS,88,6.2,307.9,43.9,D,0
-17.386,143.2845,328.6,1.2,1.1,2014-11-23,0058,Terra,MODIS,42,6.2,305.6,13,D,0
-16.1708,144.3432,327.6,1.4,1.2,2014-11-23,0058,Terra,MODIS,28,6.2,308.1,14.1,D,0
-16.7666,134.2742,333.6,2,1.4,2014-11-23,0058,Terra,MODIS,54,6.2,304.8,39.5,D,0
-16.4056,133.6596,331.3,2.3,1.5,2014-11-23,0058,Terra,MODIS,72,6.2,302.8,39.4,D,0
-16.1725,144.3561,327.3,1.4,1.2,2014-11-23,0058,Terra,MODIS,42,6.2,305.7,14,D,0
-17.1743,142.9941,334.9,1.2,1.1,2014-11-23,0058,Terra,MODIS,61,6.2,310,8.4,D,0
-16.6794,134.0811,335,2.1,1.4,2014-11-23,0058,Terra,MODIS,72,6.2,305.3,50.6,D,0
-16.6793,134.0743,333.8,2.1,1.4,2014-11-23,0058,Terra,MODIS,57,6.2,305.9,43.1,D,0
-17.3154,133.9471,335.6,2.1,1.4,2014-11-23,0058,Terra,MODIS,78,6.2,305.4,51.7,D,0
-17.3189,133.9664,336.6,2.1,1.4,2014-11-23,0058,Terra,MODIS,80,6.2,304.7,52.4,D,0
-16.8591,134.3462,330.2,2,1.4,2014-11-23,0058,Terra,MODIS,61,6.2,303.5,29.7,D,0
-17.3144,143.3597,334.8,1.2,1.1,2014-11-23,0058,Terra,MODIS,68,6.2,308.9,18.6,D,0
-17.412,143.1761,333.5,1.2,1.1,2014-11-23,0058,Terra,MODIS,63,6.2,304.5,20.9,D,0
-17.2676,143.1567,344.4,1.2,1.1,2014-11-23,0058,Terra,MODIS,78,6.2,307.6,35.9,D,0
-17.3167,138.5197,334.6,1.1,1,2014-11-23,0058,Terra,MODIS,67,6.2,306.4,16.7,D,0
-17.3182,138.5298,345.8,1.1,1,2014-11-23,0058,Terra,MODIS,88,6.2,309.3,37.2,D,0
-17.3198,138.5399,338.3,1.1,1,2014-11-23,0058,Terra,MODIS,76,6.2,309.1,22.4,D,0
-17.3234,138.5229,345.1,1.1,1,2014-11-23,0058,Terra,MODIS,88,6.2,307.6,36.9,D,0
-17.325,138.533,340,1.1,1,2014-11-23,0058,Terra,MODIS,82,6.2,308.9,24.5,D,0
-17.3311,138.5112,336.8,1.1,1,2014-11-23,0058,Terra,MODIS,77,6.2,303.4,22.3,D,0
-17.3327,138.5213,365.8,1.1,1,2014-11-23,0058,Terra,MODIS,100,6.2,308.1,93.7,D,0
-17.3343,138.5314,335.8,1.1,1,2014-11-23,0058,Terra,MODIS,72,6.2,306.9,18.1,D,0
-17.342,138.5198,331.8,1.1,1,2014-11-23,0058,Terra,MODIS,57,6.2,303.9,13.5,D,0
-17.3343,143.3569,371.2,1.2,1.1,2014-11-23,0058,Terra,MODIS,100,6.2,310.4,133.3,D,0
-17.283,143.3523,331.6,1.2,1.1,2014-11-23,0058,Terra,MODIS,50,6.2,309.3,12.5,D,0
-17.2833,143.3582,330.4,1.2,1.1,2014-11-23,0058,Terra,MODIS,30,6.2,308.8,9.4,D,0
-16.2991,133.2814,329.1,2.4,1.5,2014-11-23,0058,Terra,MODIS,67,6.2,302.4,38.6,D,0
-17.3243,143.3583,340.9,1.2,1.1,2014-11-23,0058,Terra,MODIS,83,6.2,309.3,31.2,D,0
-16.6096,139.2034,326,1,1,2014-11-23,0058,Terra,MODIS,65,6.2,297,10.5,D,0
-17.7965,136.0322,347.7,1.4,1.2,2014-11-23,0059,Terra,MODIS,90,6.2,309.2,63.1,D,0
-22.5351,147.2383,327.1,2.7,1.6,2014-11-23,0059,Terra,MODIS,66,6.2,303.8,43.6,D,0
-19.635,135.4443,336.9,1.5,1.2,2014-11-23,0059,Terra,MODIS,74,6.2,314,24.3,D,0
-17.7942,136.0186,338.9,1.4,1.2,2014-11-23,0059,Terra,MODIS,81,6.2,308.6,36.6,D,0
-22.4548,147.2329,338.9,2.7,1.6,2014-11-23,0059,Terra,MODIS,85,6.2,304.7,114.6,D,0
-22.4406,147.2344,338.9,2.7,1.6,2014-11-23,0059,Terra,MODIS,85,6.2,305.9,108.9,D,0
-17.8072,136.0302,337.3,1.4,1.2,2014-11-23,0059,Terra,MODIS,78,6.2,306.7,32.2,D,0
-22.4574,147.259,330.9,2.7,1.6,2014-11-23,0059,Terra,MODIS,55,6.2,307.1,60.6,D,0
-22.4432,147.2606,337.6,2.7,1.6,2014-11-23,0059,Terra,MODIS,84,6.2,308.9,97.8,D,0
-20.7324,139.4799,333.6,1,1,2014-11-23,0059,Terra,MODIS,65,6.2,311.5,10,D,2
-22.4465,147.2549,343.9,2.7,1.6,2014-11-23,0059,Terra,MODIS,90,6.2,309.3,144.5,D,0
-20.0748,139.7634,332.1,1,1,2014-11-23,0059,Terra,MODIS,58,6.2,308.4,9.8,D,0
-20.0838,139.762,347,1,1,2014-11-23,0059,Terra,MODIS,89,6.2,309.5,34.4,D,0
-20.092,139.7546,330.9,1,1,2014-11-23,0059,Terra,MODIS,49,6.2,308.4,9,D,0
-20.1038,139.7722,330.8,1,1,2014-11-23,0059,Terra,MODIS,45,6.2,309,8.6,D,0
-18.4067,138.4783,347.6,1.1,1,2014-11-23,0059,Terra,MODIS,89,6.2,311.6,34.9,D,0
-22.4441,147.2286,341.4,2.7,1.6,2014-11-23,0059,Terra,MODIS,87,6.2,304,129.4,D,0
-18.3661,137.3047,343.6,1.2,1.1,2014-11-23,0059,Terra,MODIS,76,6.2,313.1,29.2,D,0
-18.3823,137.4049,350.1,1.2,1.1,2014-11-23,0059,Terra,MODIS,92,6.2,310.2,45.1,D,0
-18.3841,137.4159,347.1,1.2,1.1,2014-11-23,0059,Terra,MODIS,89,6.2,309.6,40,D,0
-18.4017,137.4015,402.7,1.2,1.1,2014-11-23,0059,Terra,MODIS,100,6.2,316.2,309.8,D,0
-18.4035,137.4125,358,1.2,1.1,2014-11-23,0059,Terra,MODIS,98,6.2,312.9,72.8,D,0
-18.4114,137.3998,389.3,1.2,1.1,2014-11-23,0059,Terra,MODIS,100,6.2,310.8,215.4,D,0
-18.4132,137.4108,383.4,1.2,1.1,2014-11-23,0059,Terra,MODIS,100,6.2,311.5,183.4,D,0
-21.6507,140.4205,412.4,1,1,2014-11-23,0059,Terra,MODIS,100,6.2,318.9,323.4,D,0
-20.9234,140.8073,336.1,1,1,2014-11-23,0059,Terra,MODIS,58,6.2,314.8,10,D,0
-18.4956,138.8819,338.4,1,1,2014-11-23,0059,Terra,MODIS,77,6.2,310.1,18.4,D,0
-21.6415,140.4219,339.2,1,1,2014-11-23,0059,Terra,MODIS,80,6.2,313.4,17.9,D,0
-21.6429,140.4318,339.2,1,1,2014-11-23,0059,Terra,MODIS,80,6.2,314.1,17.6,D,0
-21.6521,140.4304,372.6,1,1,2014-11-23,0059,Terra,MODIS,100,6.2,315.8,104,D,0
-17.1613,130.6288,338.5,3.7,1.8,2014-11-23,0059,Terra,MODIS,84,6.2,295.6,179.8,D,0
-21.5843,128.141,331,4.4,1.9,2014-11-23,0100,Terra,MODIS,73,6.2,301.1,133.2,D,0
-23.6686,129.8626,333.4,3,1.7,2014-11-23,0100,Terra,MODIS,76,6.2,303.1,76.4,D,0
-23.6539,129.8662,353.8,3,1.7,2014-11-23,0100,Terra,MODIS,96,6.2,305.2,263,D,0
-21.6018,128.1444,360,4.4,1.9,2014-11-23,0100,Terra,MODIS,99,6.2,302.1,612.6,D,0
-21.6015,128.1366,349.2,4.4,1.9,2014-11-23,0100,Terra,MODIS,93,6.2,301.9,395.6,D,0
-21.6267,128.0855,325.9,4.5,1.9,2014-11-23,0100,Terra,MODIS,57,6.2,299,94.6,D,0
-21.6359,128.1279,327.5,4.4,1.9,2014-11-23,0100,Terra,MODIS,66,6.2,299.4,104.2,D,0
-21.6364,128.1222,328.2,4.4,1.9,2014-11-23,0100,Terra,MODIS,67,6.2,299.5,116.3,D,0
-23.6746,129.8917,328.8,3,1.6,2014-11-23,0100,Terra,MODIS,58,6.2,301.8,50.6,D,0
-23.6599,129.8953,342.3,3,1.6,2014-11-23,0100,Terra,MODIS,88,6.2,303.6,149.1,D,0
-21.6108,128.1864,342.7,4.4,1.9,2014-11-23,0100,Terra,MODIS,88,6.2,300.4,275.2,D,0
-21.6108,128.1787,347.5,4.4,1.9,2014-11-23,0100,Terra,MODIS,92,6.2,300.4,356.5,D,0
-21.5846,128.1488,329.9,4.4,1.9,2014-11-23,0100,Terra,MODIS,72,6.2,301.1,117.2,D,0
-20.8225,129.1512,330.5,3.9,1.8,2014-11-23,0100,Terra,MODIS,69,6.2,300.7,113.8,D,0
-20.8303,129.1883,332.8,3.9,1.8,2014-11-23,0100,Terra,MODIS,74,6.2,301.5,137.1,D,0
-22.285,127.6352,347.4,4.6,2,2014-11-23,0100,Terra,MODIS,92,6.2,302.2,377.6,D,0
-22.2948,127.6794,326.8,4.6,2,2014-11-23,0100,Terra,MODIS,71,6.2,301.2,87.9,D,0
-22.2838,127.6301,344,4.6,2,2014-11-23,0100,Terra,MODIS,90,6.2,302.4,317.6,D,0
-22.2938,127.6742,329.8,4.6,2,2014-11-23,0100,Terra,MODIS,76,6.2,301.3,120.8,D,0
-20.6352,128.8051,334.7,4.2,1.9,2014-11-23,0100,Terra,MODIS,67,6.2,296.4,173.7,D,0
-20.6371,128.7971,342.5,4.2,1.9,2014-11-23,0100,Terra,MODIS,87,6.2,296.6,275,D,0
-21.0204,129.2498,329.9,3.8,1.8,2014-11-23,0100,Terra,MODIS,40,6.2,300.4,96.7,D,0
-21.0262,129.2427,330.9,3.8,1.8,2014-11-23,0100,Terra,MODIS,64,6.2,300.2,108.9,D,0
-24.4968,145.945,333.9,2.3,1.5,2014-11-23,0100,Terra,MODIS,46,6.2,289.3,70.3,D,0
-24.0898,145.7674,327,2.2,1.4,2014-11-23,0100,Terra,MODIS,43,6.2,294.2,37,D,0
-23.4667,129.0559,328.7,3.5,1.8,2014-11-23,0100,Terra,MODIS,41,6.2,301.9,70.6,D,0
-23.4739,129.0614,330.3,3.5,1.8,2014-11-23,0100,Terra,MODIS,50,6.2,302.1,76.7,D,0
-23.4978,129.0481,328.4,3.5,1.8,2014-11-23,0100,Terra,MODIS,39,6.2,300.2,68.7,D,0
-23.5049,129.0816,344.4,3.4,1.7,2014-11-23,0100,Terra,MODIS,90,6.2,300.1,216.5,D,0
-23.5139,129.0735,341,3.4,1.7,2014-11-23,0100,Terra,MODIS,87,6.2,300.3,188.8,D,0
-24.6828,129.6929,333.7,2.9,1.6,2014-11-23,0101,Terra,MODIS,80,6.2,306.5,77.7,D,0
-25.3807,130.0788,343.4,2.7,1.6,2014-11-23,0101,Terra,MODIS,89,6.2,305.4,143,D,0
-25.4036,130.0944,339.7,2.7,1.6,2014-11-23,0101,Terra,MODIS,62,6.2,302.9,120.3,D,0
-24.6887,129.7215,377.2,2.9,1.6,2014-11-23,0101,Terra,MODIS,100,6.2,307.5,590.7,D,0
-25.3999,130.1012,347.4,2.7,1.6,2014-11-23,0101,Terra,MODIS,92,6.2,303.8,177.4,D,0
-25.3861,130.1048,349.4,2.7,1.6,2014-11-23,0101,Terra,MODIS,93,6.2,304,192.8,D,0
-24.6944,129.7428,344.9,2.9,1.6,2014-11-23,0101,Terra,MODIS,90,6.2,304.3,157.3,D,0
-24.6945,129.75,326.9,2.9,1.6,2014-11-23,0101,Terra,MODIS,52,6.2,303.6,27.1,D,0
-24.6883,129.7144,374.2,2.9,1.6,2014-11-23,0101,Terra,MODIS,100,6.2,307.7,539,D,0
-29.5053,124.7216,351.6,4.8,2,2014-11-23,0102,Terra,MODIS,95,6.2,305.5,511.4,D,0
-29.5093,124.728,355.1,4.8,2,2014-11-23,0102,Terra,MODIS,97,6.2,305.7,579,D,0
-29.4625,124.8464,325.7,4.7,2,2014-11-23,0102,Terra,MODIS,64,6.2,303.6,118.1,D,0
-29.4649,124.8511,332.1,4.7,2,2014-11-23,0102,Terra,MODIS,77,6.2,303.5,192.4,D,0
-29.5173,124.7695,342.6,4.8,2,2014-11-23,0102,Terra,MODIS,88,6.2,301.4,340.4,D,0
-29.5229,124.7157,334.7,4.8,2,2014-11-23,0102,Terra,MODIS,74,6.2,306.7,209.1,D,0
-29.5211,124.776,334.4,4.8,2,2014-11-23,0102,Terra,MODIS,76,6.2,301.7,209.3,D,0
-29.535,124.764,340.3,4.8,2,2014-11-23,0102,Terra,MODIS,86,6.2,305.7,298.6,D,0
-29.5269,124.7221,339.7,4.8,2,2014-11-23,0102,Terra,MODIS,86,6.2,306.9,266.6,D,0
-29.5387,124.7704,336.5,4.8,2,2014-11-23,0102,Terra,MODIS,80,6.2,306.3,229.3,D,0
-32.6905,147.6201,356.9,3.8,1.8,2014-11-23,0102,Terra,MODIS,98,6.2,309.9,393.4,D,0
-32.7153,147.6535,410.8,3.8,1.8,2014-11-23,0102,Terra,MODIS,100,6.2,310,2089.8,D,0
-32.6929,147.6605,363.8,3.8,1.8,2014-11-23,0102,Terra,MODIS,100,6.2,309.1,525.9,D,0
-32.707,147.6186,385,3.8,1.8,2014-11-23,0102,Terra,MODIS,100,6.2,310,1051.8,D,0
-32.7131,147.6127,358.8,3.8,1.8,2014-11-23,0102,Terra,MODIS,99,6.2,308.4,430.1,D,0
-32.7094,147.6594,413.6,3.8,1.8,2014-11-23,0102,Terra,MODIS,100,6.2,311.4,2223,D,0
-32.6988,147.6547,378.4,3.8,1.8,2014-11-23,0102,Terra,MODIS,100,6.2,311,868.3,D,0
-32.726,147.6583,327.1,3.8,1.8,2014-11-23,0102,Terra,MODIS,55,6.2,304.1,44.3,D,0
-32.6966,147.6143,357.3,3.8,1.8,2014-11-23,0102,Terra,MODIS,98,6.2,309.8,400.2,D,0
-33.5682,147.0972,333.1,3.5,1.8,2014-11-23,0102,Terra,MODIS,77,6.2,306.1,96.7,D,0
-33.5602,147.0925,328.9,3.5,1.8,2014-11-23,0102,Terra,MODIS,65,6.2,305.4,62.6,D,0
-33.7902,146.8698,371.3,3.4,1.7,2014-11-23,0102,Terra,MODIS,100,6.2,313.5,618.5,D,0
-33.7925,146.9075,336.9,3.4,1.7,2014-11-23,0102,Terra,MODIS,82,6.2,311,125.8,D,0
-37.6229,143.8528,318.8,2.4,1.5,2014-11-23,0104,Terra,MODIS,48,6.2,297.4,31.4,D,0
-37.6092,143.8545,324.5,2.4,1.5,2014-11-23,0104,Terra,MODIS,70,6.2,299.6,52.6,D,0
-16.2582,124.8827,325,3.4,1.7,2014-11-23,0236,Terra,MODIS,54,6.2,298.4,55.3,D,0
-16.2617,124.9146,327.2,3.4,1.7,2014-11-23,0236,Terra,MODIS,79,6.2,298.9,68.1,D,0
-14.6151,125.9943,322.1,3.9,1.8,2014-11-23,0236,Terra,MODIS,38,6.2,294.5,61.6,D,0
-14.8394,126.4107,315.5,4.2,1.9,2014-11-23,0236,Terra,MODIS,62,6.2,292.4,33,D,0
-14.8424,126.4052,316.4,4.2,1.9,2014-11-23,0236,Terra,MODIS,66,6.2,291.5,38.9,D,0
-14.8386,126.3663,318.3,4.2,1.9,2014-11-23,0236,Terra,MODIS,69,6.2,292.7,51.7,D,0
-14.8353,126.3719,321.9,4.2,1.9,2014-11-23,0236,Terra,MODIS,75,6.2,292.8,79.6,D,0
-14.6216,125.3678,323.1,3.5,1.8,2014-11-23,0236,Terra,MODIS,76,6.2,296.3,55.6,D,0
-16.7723,124.6617,335.1,3.3,1.7,2014-11-23,0237,Terra,MODIS,74,6.2,294.6,138.5,D,0
-16.7768,124.668,332.4,3.3,1.7,2014-11-23,0237,Terra,MODIS,79,6.2,294.3,114.7,D,0
-19.8723,125.9122,343.7,4.5,1.9,2014-11-23,0237,Terra,MODIS,80,6.2,302.9,244.8,D,0
-19.8727,125.907,345,4.5,1.9,2014-11-23,0237,Terra,MODIS,82,6.2,303.4,266.5,D,0
-16.7734,124.6375,326.9,3.3,1.7,2014-11-23,0237,Terra,MODIS,64,6.2,294.8,63.4,D,0
-16.7681,124.0436,328.5,3,1.6,2014-11-23,0237,Terra,MODIS,40,6.2,301.5,43.4,D,0
-16.7355,123.8818,333.2,2.9,1.6,2014-11-23,0237,Terra,MODIS,69,6.2,296.2,77.3,D,0
-19.8691,125.8645,334.1,4.4,1.9,2014-11-23,0237,Terra,MODIS,58,6.2,304.9,109.3,D,0
-16.2562,124.9081,328.3,3.4,1.7,2014-11-23,0237,Terra,MODIS,81,6.2,298.8,76,D,0
-18.7046,126.2714,333.3,4.6,2,2014-11-23,0237,Terra,MODIS,69,6.2,298.4,148.5,D,0
-18.7038,126.2643,331,4.6,2,2014-11-23,0237,Terra,MODIS,62,6.2,298.4,121.4,D,0
-19.8654,121.8318,335.2,2.2,1.4,2014-11-23,0238,Terra,MODIS,66,6.2,313.5,43.2,D,0
-20.2057,121.5077,342.6,2.1,1.4,2014-11-23,0238,Terra,MODIS,84,6.2,315.5,73.2,D,0
-20.2064,121.5139,344.6,2.1,1.4,2014-11-23,0238,Terra,MODIS,86,6.2,316.1,84.2,D,0
-22.3601,116.0062,340.3,1.1,1,2014-11-23,0238,Terra,MODIS,75,6.2,317.2,18.1,D,0
-22.3587,115.996,332.7,1.1,1,2014-11-23,0238,Terra,MODIS,41,6.2,317.3,7.2,D,0
-22.2436,120.0215,337.2,1.8,1.3,2014-11-23,0238,Terra,MODIS,78,6.2,313.5,39.9,D,0
-22.2385,120.0157,333.3,1.8,1.3,2014-11-23,0238,Terra,MODIS,71,6.2,312.9,26,D,0
-22.2502,120.0141,335.5,1.8,1.3,2014-11-23,0238,Terra,MODIS,76,6.2,314.4,32.3,D,0
-29.5315,124.7155,335,4.6,2,2014-11-23,0240,Terra,MODIS,81,6.2,309.2,180.7,D,0
-29.5343,124.7644,346.8,4.7,2,2014-11-23,0240,Terra,MODIS,92,6.2,308.8,373.3,D,0
-29.5162,124.7657,338.5,4.7,2,2014-11-23,0240,Terra,MODIS,85,6.2,306,240.6,D,0
-29.5324,124.7595,345.6,4.7,2,2014-11-23,0240,Terra,MODIS,91,6.2,308.8,354,D,0
-29.5183,124.773,336.1,4.7,2,2014-11-23,0240,Terra,MODIS,82,6.2,305.7,216.2,D,0
-29.5135,124.7165,334,4.6,2,2014-11-23,0240,Terra,MODIS,80,6.2,309.1,172.3,D,0
-29.5299,124.7105,336.7,4.6,2,2014-11-23,0240,Terra,MODIS,83,6.2,309.2,205.6,D,0
-29.5153,124.7239,339.2,4.6,2,2014-11-23,0240,Terra,MODIS,85,6.2,309.2,251.7,D,0
-29.4802,124.7677,330.9,4.7,2,2014-11-23,0240,Terra,MODIS,76,6.2,305,154.4,D,0
-29.4973,124.7248,360.1,4.6,2,2014-11-23,0240,Terra,MODIS,100,6.2,308.5,658.9,D,0
-29.5002,124.7741,354.2,4.7,2,2014-11-23,0240,Terra,MODIS,96,6.2,305.9,533.3,D,0
-29.4673,124.8688,332.3,4.7,2,2014-11-23,0240,Terra,MODIS,78,6.2,304.8,184.6,D,0
-29.4822,124.775,338,4.7,2,2014-11-23,0240,Terra,MODIS,84,6.2,304.9,244.8,D,0
-29.4854,124.8676,326.1,4.7,2,2014-11-23,0240,Terra,MODIS,67,6.2,301.7,112.1,D,0
-29.4955,124.7175,349.5,4.6,2,2014-11-23,0240,Terra,MODIS,94,6.2,307.6,429.7,D,0
-29.4982,124.7668,360.6,4.7,2,2014-11-23,0240,Terra,MODIS,100,6.2,306.8,685.9,D,0
-29.4699,124.8758,333.4,4.7,2,2014-11-23,0240,Terra,MODIS,79,6.2,304.4,195.1,D,0
-31.9084,115.8187,320.3,1.3,1.1,2014-11-23,0241,Terra,MODIS,48,6.2,298.8,12.3,D,0
-31.9068,115.8051,317.3,1.3,1.1,2014-11-23,0241,Terra,MODIS,35,6.2,299.1,7.9,D,0
-31.8566,115.8884,318.7,1.3,1.1,2014-11-23,0241,Terra,MODIS,47,6.2,299,11,D,0
-33.7897,146.8819,340.4,2.1,1.4,2014-11-23,0341,Aqua,MODIS,87,6.2,316,63.6,D,0
-33.7877,146.9042,346.3,2,1.4,2014-11-23,0341,Aqua,MODIS,91,6.2,314,91.9,D,0
-32.7241,147.6401,391.9,1.8,1.3,2014-11-23,0341,Aqua,MODIS,100,6.2,325.3,422.6,D,0
-32.6849,147.6733,346.8,1.8,1.3,2014-11-23,0341,Aqua,MODIS,91,6.2,318.2,64.1,D,0
-32.7086,147.6763,379,1.8,1.3,2014-11-23,0341,Aqua,MODIS,100,6.2,317.7,284.6,D,0
-31.3845,152.4731,324.8,1,1,2014-11-23,0341,Aqua,MODIS,52,6.2,302,9.7,D,0
-31.374,152.4819,357.9,1,1,2014-11-23,0341,Aqua,MODIS,99,6.2,306.8,68.9,D,0
-31.3754,152.4713,368.3,1,1,2014-11-23,0341,Aqua,MODIS,100,6.2,305.8,100.1,D,0
-32.7004,147.637,391.1,1.8,1.3,2014-11-23,0341,Aqua,MODIS,100,6.2,333.4,408.9,D,0
-32.6986,147.6561,456.1,1.8,1.3,2014-11-23,0341,Aqua,MODIS,100,6.2,400.1,1768.5,D,0
-32.6968,147.6748,432.1,1.8,1.3,2014-11-23,0341,Aqua,MODIS,100,6.2,330.1,1105.4,D,0
-32.7141,147.6194,356.5,1.8,1.3,2014-11-23,0341,Aqua,MODIS,98,6.2,320.8,119.1,D,0
-32.6867,147.6545,386,1.8,1.3,2014-11-23,0341,Aqua,MODIS,100,6.2,325.2,350,D,0
-33.8501,150.8869,331.1,1.2,1.1,2014-11-23,0341,Aqua,MODIS,36,6.2,313.4,14.2,D,0
-33.8199,150.8017,330.5,1.2,1.1,2014-11-23,0341,Aqua,MODIS,67,6.2,311.5,10.9,D,0
-32.6885,147.6352,354.3,1.8,1.3,2014-11-23,0341,Aqua,MODIS,96,6.2,322.4,100.5,D,0
-32.7104,147.6575,402.8,1.8,1.3,2014-11-23,0341,Aqua,MODIS,100,6.2,330.1,561.6,D,0
-33.8214,150.7884,330.1,1.2,1.1,2014-11-23,0341,Aqua,MODIS,70,6.2,312.5,11.1,D,0
-32.7122,147.6387,396.8,1.8,1.3,2014-11-23,0341,Aqua,MODIS,100,6.2,332.5,478.7,D,0
-25.532,148.9241,333,1.2,1.1,2014-11-23,0343,Aqua,MODIS,48,6.2,303.4,26.1,D,0
-25.5335,148.9117,340.9,1.2,1.1,2014-11-23,0343,Aqua,MODIS,80,6.2,305.1,40.9,D,0
-24.0506,151.1334,337.3,1,1,2014-11-23,0343,Aqua,MODIS,82,6.2,309.6,23.9,D,0
-25.1486,151.2308,331.5,1,1,2014-11-23,0343,Aqua,MODIS,69,6.2,311.1,10.6,D,0
-24.7735,151.8075,332.1,1,1,2014-11-23,0343,Aqua,MODIS,70,6.2,305.7,21.4,D,0
-24.7721,151.8174,326.1,1,1,2014-11-23,0343,Aqua,MODIS,44,6.2,304.9,13.7,D,0
-24.9229,148.2558,327.7,1.3,1.1,2014-11-23,0343,Aqua,MODIS,65,6.2,306.2,19.3,D,0
-24.6125,148.0332,328.2,1.3,1.1,2014-11-23,0343,Aqua,MODIS,39,6.2,306.5,15.4,D,0
-25.8095,151.0354,340.3,1,1,2014-11-23,0343,Aqua,MODIS,81,6.2,310.6,24,D,0
-25.8108,151.0252,334,1,1,2014-11-23,0343,Aqua,MODIS,59,6.2,310.3,13.6,D,0
-25.8122,151.0151,367.9,1,1,2014-11-23,0343,Aqua,MODIS,100,6.2,311.7,91.1,D,0
-25.8136,151.0049,337.9,1,1,2014-11-23,0343,Aqua,MODIS,71,6.2,309.3,20.1,D,0
-25.8017,151.0237,350.3,1,1,2014-11-23,0343,Aqua,MODIS,92,6.2,310.5,44.1,D,0
-25.8031,151.0135,337.8,1,1,2014-11-23,0343,Aqua,MODIS,76,6.2,311,18.5,D,0
-24.638,147.9046,326.7,1.3,1.1,2014-11-23,0343,Aqua,MODIS,33,6.2,307.2,11.7,D,0
-25.8291,151.0283,332.4,1,1,2014-11-23,0343,Aqua,MODIS,41,6.2,308.5,12.5,D,0
-25.8304,151.0182,346.9,1,1,2014-11-23,0343,Aqua,MODIS,89,6.2,308.2,39.3,D,0
-25.8318,151.008,332.4,1,1,2014-11-23,0343,Aqua,MODIS,59,6.2,306.7,16.2,D,0
-25.8213,151.0166,342.8,1,1,2014-11-23,0343,Aqua,MODIS,84,6.2,308.2,29.7,D,0
-25.8227,151.0064,342.3,1,1,2014-11-23,0343,Aqua,MODIS,83,6.2,307.5,30.6,D,0
-24.5107,151.7126,328.9,1,1,2014-11-23,0343,Aqua,MODIS,70,6.2,303.4,16.8,D,0
-25.8186,151.0369,333,1,1,2014-11-23,0343,Aqua,MODIS,49,6.2,310.7,11.8,D,0
-24.0776,151.138,342.2,1,1,2014-11-23,0343,Aqua,MODIS,87,6.2,309.7,30.9,D,0
-24.079,151.1282,336,1,1,2014-11-23,0343,Aqua,MODIS,80,6.2,308.6,20.8,D,0
-24.0818,151.1084,335.2,1,1,2014-11-23,0343,Aqua,MODIS,79,6.2,307.9,20.8,D,0
-24.0832,151.0986,330.9,1,1,2014-11-23,0343,Aqua,MODIS,73,6.2,307.9,15.9,D,0
-24.0672,151.1463,326,1,1,2014-11-23,0343,Aqua,MODIS,49,6.2,308.2,7,D,0
-24.0686,151.1365,336,1,1,2014-11-23,0343,Aqua,MODIS,80,6.2,309.5,20.7,D,0
-24.2394,151.0968,336,1,1,2014-11-23,0343,Aqua,MODIS,81,6.2,307.2,22.7,D,0
-24.2408,151.087,324.5,1,1,2014-11-23,0343,Aqua,MODIS,39,6.2,304.7,7.5,D,0
-24.2137,151.4757,321.8,1,1,2014-11-23,0343,Aqua,MODIS,40,6.2,306.6,6.9,D,0
-25.7472,152.3216,330.5,1,1,2014-11-23,0343,Aqua,MODIS,69,6.2,307.6,13.8,D,0
-23.1044,146.1517,344.4,1.7,1.3,2014-11-23,0344,Aqua,MODIS,71,6.2,305.4,77.9,D,0
-22.4281,147.2432,350.8,1.4,1.2,2014-11-23,0344,Aqua,MODIS,93,6.2,319,60.4,D,0
-22.6581,150.2541,332.4,1,1,2014-11-23,0344,Aqua,MODIS,54,6.2,307.3,18.3,D,0
-22.5407,147.2024,336.3,1.4,1.2,2014-11-23,0344,Aqua,MODIS,73,6.2,314,22.8,D,0
-22.5391,147.2159,364.1,1.4,1.2,2014-11-23,0344,Aqua,MODIS,100,6.2,316.4,121.3,D,0
-22.5375,147.2295,351.6,1.4,1.2,2014-11-23,0344,Aqua,MODIS,93,6.2,315.4,70.1,D,0
-22.527,147.228,330.7,1.4,1.2,2014-11-23,0344,Aqua,MODIS,44,6.2,312.3,13.4,D,0
-22.4264,147.2566,348.1,1.4,1.2,2014-11-23,0344,Aqua,MODIS,90,6.2,317.5,51.5,D,0
-23.1027,146.1678,339.6,1.7,1.3,2014-11-23,0344,Aqua,MODIS,32,6.2,301.5,55,D,0
-22.4562,147.24,363.5,1.4,1.2,2014-11-23,0344,Aqua,MODIS,100,6.2,320.4,113,D,0
-23.1238,146.1868,328.8,1.7,1.3,2014-11-23,0344,Aqua,MODIS,32,6.2,292.6,24.1,D,0
-23.0308,146.2003,330.4,1.6,1.3,2014-11-23,0344,Aqua,MODIS,40,6.2,304.2,21,D,0
-23.122,146.2029,338.8,1.7,1.3,2014-11-23,0344,Aqua,MODIS,81,6.2,304.2,52.5,D,0
-22.5359,147.243,344.9,1.4,1.2,2014-11-23,0344,Aqua,MODIS,87,6.2,314.5,48.4,D,0
-22.4546,147.2535,337.2,1.4,1.2,2014-11-23,0344,Aqua,MODIS,67,6.2,317.1,20,D,0
-23.0422,146.2018,331.7,1.6,1.3,2014-11-23,0344,Aqua,MODIS,34,6.2,304.7,22.8,D,0
-22.4321,147.264,335.5,1.4,1.2,2014-11-23,0344,Aqua,MODIS,72,6.2,316.6,17.2,D,0
-22.4298,147.2298,346.8,1.4,1.2,2014-11-23,0344,Aqua,MODIS,89,6.2,317.6,47.7,D,0
-22.4247,147.2356,342.7,1.4,1.2,2014-11-23,0344,Aqua,MODIS,84,6.2,316.8,35.4,D,0
-22.4578,147.2265,348.7,1.4,1.2,2014-11-23,0344,Aqua,MODIS,91,6.2,316.9,56.3,D,0
-22.4851,148.4187,331.5,1.2,1.1,2014-11-23,0344,Aqua,MODIS,46,6.2,315.1,7.7,D,0
-23.0952,146.1435,336.7,1.7,1.3,2014-11-23,0344,Aqua,MODIS,33,6.2,304.3,46.1,D,0
-23.0933,146.1598,335.7,1.7,1.3,2014-11-23,0344,Aqua,MODIS,59,6.2,301.4,39,D,0
-23.1048,146.1611,340.2,1.7,1.3,2014-11-23,0344,Aqua,MODIS,78,6.2,303.8,52.8,D,0
-23.0912,146.1664,331,1.7,1.3,2014-11-23,0344,Aqua,MODIS,26,6.2,299.7,24,D,0
-23.5493,149.6248,344.7,1.1,1,2014-11-23,0344,Aqua,MODIS,87,6.2,316.7,31.1,D,0
-23.5507,149.6143,332.8,1.1,1,2014-11-23,0344,Aqua,MODIS,66,6.2,315.4,10.1,D,0
-22.4231,147.2491,339.2,1.4,1.2,2014-11-23,0344,Aqua,MODIS,79,6.2,316.2,25.3,D,0
-22.9246,149.8301,329.8,1.1,1,2014-11-23,0344,Aqua,MODIS,35,6.2,310.5,8.2,D,0
-22.926,149.8198,343.2,1.1,1,2014-11-23,0344,Aqua,MODIS,87,6.2,311.7,32,D,0
-22.9273,149.8096,351.4,1.1,1,2014-11-23,0344,Aqua,MODIS,94,6.2,309.6,51.5,D,0
-22.9192,149.8236,363.6,1.1,1,2014-11-23,0344,Aqua,MODIS,100,6.2,311.9,79.7,D,0
-22.9206,149.8133,373.3,1.1,1,2014-11-23,0344,Aqua,MODIS,100,6.2,313.5,114.7,D,0
-22.4368,147.2236,343.2,1.4,1.2,2014-11-23,0344,Aqua,MODIS,85,6.2,314.9,40.9,D,0
-22.4473,147.225,336.3,1.4,1.2,2014-11-23,0344,Aqua,MODIS,74,6.2,316.1,22.1,D,0
-22.4336,147.2505,353.1,1.4,1.2,2014-11-23,0344,Aqua,MODIS,95,6.2,319.4,69.4,D,0
-22.4352,147.2371,358,1.4,1.2,2014-11-23,0344,Aqua,MODIS,98,6.2,319.4,88.4,D,0
-22.4457,147.2385,350.4,1.4,1.2,2014-11-23,0344,Aqua,MODIS,92,6.2,320.3,60.4,D,0
-22.4441,147.252,341.4,1.4,1.2,2014-11-23,0344,Aqua,MODIS,83,6.2,319.5,31.4,D,0
-21.0735,149.0077,330.7,1.1,1,2014-11-23,0344,Aqua,MODIS,72,6.2,304.2,22.4,D,0
-21.6481,140.4265,330.8,4.2,1.9,2014-11-23,0344,Aqua,MODIS,36,6.2,302.5,93.5,D,0
-18.646,145.7945,338.3,1.5,1.2,2014-11-23,0345,Aqua,MODIS,69,6.2,306.5,56.9,D,0
-18.6715,145.7688,347.9,1.5,1.2,2014-11-23,0345,Aqua,MODIS,92,6.2,304.9,89.2,D,0
-18.6807,145.7847,334.2,1.5,1.2,2014-11-23,0345,Aqua,MODIS,80,6.2,304.4,49.6,D,0
-18.6754,145.7452,326.8,1.5,1.2,2014-11-23,0345,Aqua,MODIS,65,6.2,298.5,28.6,D,0
-18.6587,145.7818,342,1.5,1.2,2014-11-23,0345,Aqua,MODIS,88,6.2,303.3,67.1,D,0
-18.672,145.7742,357.3,1.5,1.2,2014-11-23,0345,Aqua,MODIS,98,6.2,306.9,130.4,D,0
-18.6697,145.7833,345.9,1.5,1.2,2014-11-23,0345,Aqua,MODIS,91,6.2,305.7,83.6,D,0
-18.6847,145.7613,348.4,1.5,1.2,2014-11-23,0345,Aqua,MODIS,92,6.2,305.9,92.7,D,0
-20.5626,140.7187,338,3.8,1.8,2014-11-23,0345,Aqua,MODIS,65,6.2,307.9,139.5,D,0
-18.6704,145.7886,334.8,1.5,1.2,2014-11-23,0345,Aqua,MODIS,80,6.2,304.9,51.4,D,0
-18.6843,145.7559,334.8,1.5,1.2,2014-11-23,0345,Aqua,MODIS,81,6.2,305.6,47.4,D,0
-18.6737,145.7596,355.3,1.5,1.2,2014-11-23,0345,Aqua,MODIS,97,6.2,300.2,121.2,D,0
-18.6733,145.7543,346.2,1.5,1.2,2014-11-23,0345,Aqua,MODIS,91,6.2,298.1,83.8,D,0
-18.6825,145.7703,352.8,1.5,1.2,2014-11-23,0345,Aqua,MODIS,95,6.2,306.1,109.8,D,0
-18.683,145.7757,348.6,1.5,1.2,2014-11-23,0345,Aqua,MODIS,93,6.2,305.4,93.8,D,0
-18.657,145.7959,334.8,1.5,1.2,2014-11-23,0345,Aqua,MODIS,59,6.2,303.5,48.5,D,0
-17.4686,143.0564,340.8,2.3,1.5,2014-11-23,0345,Aqua,MODIS,86,6.2,302.5,101.6,D,0
-17.4662,143.0785,336,2.3,1.5,2014-11-23,0345,Aqua,MODIS,78,6.2,303.3,73.8,D,0
-18.3586,142.3448,330.1,2.7,1.6,2014-11-23,0345,Aqua,MODIS,73,6.2,302.9,50,D,0
-18.3559,142.3397,328.1,2.7,1.6,2014-11-23,0345,Aqua,MODIS,56,6.2,303.2,40.1,D,0
-18.3531,142.3654,328.2,2.7,1.6,2014-11-23,0345,Aqua,MODIS,58,6.2,301.3,39.5,D,0
-17.3914,143.1728,338.3,2.3,1.5,2014-11-23,0345,Aqua,MODIS,78,6.2,306,79.1,D,0
-17.3829,143.1279,331.4,2.3,1.5,2014-11-23,0345,Aqua,MODIS,68,6.2,298.1,56.5,D,0
-17.3984,143.3451,332.5,2.2,1.4,2014-11-23,0345,Aqua,MODIS,63,6.2,306.8,47.9,D,0
-17.3967,143.3517,335.1,2.2,1.4,2014-11-23,0345,Aqua,MODIS,81,6.2,306.7,58.4,D,0
-18.1862,141.2433,329.9,3.3,1.7,2014-11-23,0345,Aqua,MODIS,46,6.2,301.8,59.9,D,0
-17.4888,142.4151,333.7,2.6,1.6,2014-11-23,0345,Aqua,MODIS,78,6.2,303,56,D,0
-17.4417,143.2005,329.6,2.3,1.5,2014-11-23,0345,Aqua,MODIS,40,6.2,306,34.9,D,0
-17.4411,143.1856,336.3,2.3,1.5,2014-11-23,0345,Aqua,MODIS,78,6.2,306.5,71.9,D,0
-17.2524,143.1288,338.4,2.3,1.5,2014-11-23,0346,Aqua,MODIS,75,6.2,297.5,83.4,D,0
-14.5115,142.497,327,2.3,1.5,2014-11-23,0346,Aqua,MODIS,22,6.2,300.5,46,D,0
-14.5068,142.5014,327,2.3,1.5,2014-11-23,0346,Aqua,MODIS,39,6.2,301.9,45.4,D,0
-14.5117,142.4579,332.3,2.4,1.5,2014-11-23,0346,Aqua,MODIS,67,6.2,300.1,63,D,0
-14.5092,142.4798,331.9,2.3,1.5,2014-11-23,0346,Aqua,MODIS,65,6.2,299.7,65.1,D,0
-14.5141,142.4753,331.8,2.3,1.5,2014-11-23,0346,Aqua,MODIS,54,6.2,299.2,64.9,D,0
-16.7755,142.8808,331.9,2.4,1.5,2014-11-23,0346,Aqua,MODIS,62,6.2,297.4,53.6,D,0
-17.3326,143.2469,328.2,2.3,1.5,2014-11-23,0346,Aqua,MODIS,56,6.2,298.8,37.7,D,0
-15.7302,145.0879,327.2,1.6,1.2,2014-11-23,0346,Aqua,MODIS,50,6.2,303.8,20.2,D,0
-17.3077,143.1138,328.5,2.3,1.5,2014-11-23,0346,Aqua,MODIS,45,6.2,294.9,42.2,D,0
-14.5167,142.4535,331.1,2.4,1.5,2014-11-23,0346,Aqua,MODIS,53,6.2,301.4,57,D,0
-17.3317,143.2304,323.8,2.3,1.5,2014-11-23,0346,Aqua,MODIS,39,6.2,297.3,27.2,D,0
-15.7505,145.1055,329,1.6,1.2,2014-11-23,0346,Aqua,MODIS,37,6.2,304,23.9,D,0
-17.3449,143.1402,329.4,2.3,1.5,2014-11-23,0346,Aqua,MODIS,58,6.2,294.2,49.3,D,0
-14.1124,141.7914,325.2,2.6,1.6,2014-11-23,0346,Aqua,MODIS,30,6.2,299,37.2,D,0
-17.1319,143.296,328.4,2.2,1.4,2014-11-23,0346,Aqua,MODIS,41,6.2,302.2,40.1,D,0
-15.2665,145.0559,331.1,1.5,1.2,2014-11-23,0346,Aqua,MODIS,78,6.2,301.6,41.2,D,0
-16.1323,142.3869,326.7,2.5,1.5,2014-11-23,0346,Aqua,MODIS,55,6.2,302.3,34.8,D,0
-15.7191,145.0862,326.8,1.6,1.2,2014-11-23,0346,Aqua,MODIS,32,6.2,304,18.5,D,0
-15.7172,145.1015,325.6,1.6,1.2,2014-11-23,0346,Aqua,MODIS,28,6.2,302.3,16.2,D,0
-15.7081,145.0845,342.2,1.6,1.2,2014-11-23,0346,Aqua,MODIS,89,6.2,307.4,63.3,D,0
-15.2648,145.0692,337.7,1.5,1.2,2014-11-23,0346,Aqua,MODIS,85,6.2,296.6,57.5,D,0
-17.7717,139.0735,329.6,4.7,2,2014-11-23,0346,Aqua,MODIS,70,6.2,294.3,129.2,D,0
-17.7737,139.0694,328.6,4.7,2,2014-11-23,0346,Aqua,MODIS,68,6.2,293.8,119.8,D,0
-16.7981,143.0382,328.9,2.3,1.5,2014-11-23,0346,Aqua,MODIS,38,6.2,298.8,49.9,D,0
-17.2531,143.1439,338.1,2.3,1.5,2014-11-23,0346,Aqua,MODIS,62,6.2,302.2,80.7,D,0
-16.8446,143.0706,345.6,2.3,1.5,2014-11-23,0346,Aqua,MODIS,90,6.2,304.6,129,D,0
-17.1293,143.3005,329.3,2.2,1.4,2014-11-23,0346,Aqua,MODIS,40,6.2,304.5,42.1,D,0
-17.7677,139.1179,326.9,4.7,2,2014-11-23,0346,Aqua,MODIS,63,6.2,294.8,97.7,D,0
-17.7695,139.1136,328.6,4.7,2,2014-11-23,0346,Aqua,MODIS,68,6.2,294.8,120.8,D,0
-16.773,142.9028,329.6,2.3,1.5,2014-11-23,0346,Aqua,MODIS,43,6.2,299,41.5,D,0
-13.8323,141.9149,333.2,2.5,1.5,2014-11-23,0346,Aqua,MODIS,68,6.2,300.3,70.6,D,0
-15.083,145.0618,321.1,1.5,1.2,2014-11-23,0346,Aqua,MODIS,39,6.2,298.5,17.4,D,0
-15.0848,145.0477,326.8,1.5,1.2,2014-11-23,0346,Aqua,MODIS,71,6.2,296.8,30.3,D,0
-17.1189,143.2944,343,2.2,1.4,2014-11-23,0346,Aqua,MODIS,84,6.2,305.4,109.3,D,0
-16.8422,143.092,356.8,2.3,1.5,2014-11-23,0346,Aqua,MODIS,98,6.2,304.2,213.4,D,0
-14.9488,144.4878,347.6,1.7,1.3,2014-11-23,0346,Aqua,MODIS,92,6.2,305.4,100.5,D,0
-15.7533,145.0974,338.4,1.6,1.2,2014-11-23,0346,Aqua,MODIS,86,6.2,306.8,48.8,D,0
-14.5056,142.3176,330.3,2.4,1.5,2014-11-23,0346,Aqua,MODIS,75,6.2,298.4,64.6,D,0
-15.7958,145.1182,331.6,1.6,1.2,2014-11-23,0346,Aqua,MODIS,28,6.2,305.2,30.6,D,0
-15.842,145.109,336.7,1.6,1.2,2014-11-23,0346,Aqua,MODIS,62,6.2,306.6,45.5,D,0
-15.8068,145.1201,338,1.6,1.2,2014-11-23,0346,Aqua,MODIS,63,6.2,306.4,47.2,D,0
-15.8309,145.1134,336.5,1.6,1.2,2014-11-23,0346,Aqua,MODIS,58,6.2,306.9,44.5,D,0
-16.1631,144.3484,325.1,1.8,1.3,2014-11-23,0346,Aqua,MODIS,43,6.2,300.1,28.1,D,0
-15.8437,145.1002,335.5,1.6,1.2,2014-11-23,0346,Aqua,MODIS,77,6.2,305.9,42.5,D,0
-15.842,145.1146,336.1,1.6,1.2,2014-11-23,0346,Aqua,MODIS,66,6.2,306,46.2,D,0
-15.8309,145.1078,333.2,1.6,1.2,2014-11-23,0346,Aqua,MODIS,50,6.2,308,35.5,D,0
-14.5132,142.1342,331.6,2.5,1.5,2014-11-23,0346,Aqua,MODIS,79,6.2,296.7,74,D,0
-14.513,142.3235,323.3,2.4,1.5,2014-11-23,0346,Aqua,MODIS,37,6.2,295.8,34.7,D,0
-15.2538,145.0677,323.8,1.5,1.2,2014-11-23,0346,Aqua,MODIS,63,6.2,297.4,24.6,D,0
-14.7967,144.7046,328.8,1.6,1.2,2014-11-23,0346,Aqua,MODIS,67,6.2,300.7,29.3,D,0
-14.7955,144.7091,326.5,1.6,1.2,2014-11-23,0346,Aqua,MODIS,40,6.2,300.9,25,D,0
-14.8254,144.6521,333.7,1.6,1.3,2014-11-23,0346,Aqua,MODIS,80,6.2,302.5,45.8,D,0
-15.0684,145.0887,320,1.5,1.2,2014-11-23,0346,Aqua,MODIS,26,6.2,299,13,D,0
-14.7705,144.7307,330.4,1.6,1.2,2014-11-23,0346,Aqua,MODIS,61,6.2,303.5,31.6,D,0
-12.2862,142.9293,327.7,2,1.4,2014-11-23,0347,Aqua,MODIS,81,6.2,304.2,40,D,0
-12.2964,142.949,319.1,2,1.4,2014-11-23,0347,Aqua,MODIS,48,6.2,302.7,13.3,D,0
-11.9399,142.2459,334,2.2,1.5,2014-11-23,0347,Aqua,MODIS,86,6.2,301.2,78.3,D,0
-12.2845,142.9242,324.5,2,1.4,2014-11-23,0347,Aqua,MODIS,78,6.2,303.8,29.5,D,0
-12.7105,142.8565,320.9,2.1,1.4,2014-11-23,0347,Aqua,MODIS,57,6.2,296.7,25.6,D,0
-13.5326,143.4817,322.1,1.9,1.3,2014-11-23,0347,Aqua,MODIS,54,6.2,299.6,29.9,D,0
-13.5448,143.4832,342.8,1.9,1.3,2014-11-23,0347,Aqua,MODIS,90,6.2,302.6,101.2,D,0
-13.5426,143.5007,324.1,1.9,1.3,2014-11-23,0347,Aqua,MODIS,57,6.2,300.9,34.2,D,0
-30.8713,121.4781,327,2.1,1.4,2014-11-23,0521,Aqua,MODIS,58,6.2,313.3,20.8,D,2
-29.4644,124.8644,339.3,1.2,1.1,2014-11-23,0521,Aqua,MODIS,74,6.2,315.6,27.3,D,0
-29.4751,124.7745,352.2,1.3,1.1,2014-11-23,0521,Aqua,MODIS,94,6.2,318.7,56.8,D,0
-29.4844,124.8676,367.7,1.2,1.1,2014-11-23,0521,Aqua,MODIS,100,6.2,318,117.8,D,0
-29.486,124.8547,343.9,1.2,1.1,2014-11-23,0521,Aqua,MODIS,85,6.2,317.3,35.4,D,0
-29.465,124.773,342.8,1.3,1.1,2014-11-23,0521,Aqua,MODIS,74,6.2,317.1,32.6,D,0
-29.4766,124.7615,358.1,1.3,1.1,2014-11-23,0521,Aqua,MODIS,98,6.2,321.1,76.1,D,0
-29.4744,124.866,347.4,1.2,1.1,2014-11-23,0521,Aqua,MODIS,89,6.2,317.1,47.6,D,0
-29.5303,124.7367,349.1,1.3,1.1,2014-11-23,0521,Aqua,MODIS,91,6.2,320.1,41.4,D,0
-29.5389,124.7512,338,1.3,1.1,2014-11-23,0521,Aqua,MODIS,64,6.2,318.3,16.4,D,0
-29.5187,124.7481,370.8,1.3,1.1,2014-11-23,0521,Aqua,MODIS,100,6.2,324.1,121.8,D,0
-29.5288,124.7497,365.7,1.3,1.1,2014-11-23,0521,Aqua,MODIS,100,6.2,321.1,101.1,D,0
-29.52,124.7418,353.5,1.3,1.1,2014-11-23,0521,Aqua,MODIS,95,6.2,322.8,53.4,D,0
-29.5185,124.7547,367.1,1.3,1.1,2014-11-23,0521,Aqua,MODIS,100,6.2,322.9,108.1,D,0
-29.5172,124.7611,359.7,1.3,1.1,2014-11-23,0521,Aqua,MODIS,99,6.2,318.5,77.4,D,0
-29.5202,124.7351,351.9,1.3,1.1,2014-11-23,0521,Aqua,MODIS,94,6.2,321.9,47.7,D,0
-25.4753,131.1553,332.5,1.3,1.1,2014-11-23,0522,Aqua,MODIS,24,6.2,277.9,22.9,D,0
-23.2932,128.5561,340.3,1.1,1,2014-11-23,0522,Aqua,MODIS,38,6.2,296.8,26.1,D,0
-23.2855,128.5439,370.2,1.1,1,2014-11-23,0522,Aqua,MODIS,100,6.2,313.8,106.6,D,0
-25.704,121.1242,338.7,1.9,1.3,2014-11-23,0522,Aqua,MODIS,76,6.2,312.8,51.8,D,0
-25.6796,121.1212,339.7,1.9,1.3,2014-11-23,0522,Aqua,MODIS,58,6.2,315.5,56.2,D,0
-20.9038,129.7955,349.1,1.3,1.1,2014-11-23,0523,Aqua,MODIS,58,6.2,315.2,53.8,D,0
-22.2917,127.6912,403.4,1,1,2014-11-23,0523,Aqua,MODIS,100,6.2,321.7,260.3,D,0
-22.2932,127.6812,353.7,1,1,2014-11-23,0523,Aqua,MODIS,83,6.2,322.1,46.6,D,0
-22.2841,127.6796,343.6,1,1,2014-11-23,0523,Aqua,MODIS,66,6.2,308.1,24,D,0
-22.5491,127.5716,338.7,1,1,2014-11-23,0523,Aqua,MODIS,40,6.2,317.6,13,D,0
-21.6114,128.2129,340.3,1.1,1,2014-11-23,0523,Aqua,MODIS,16,6.2,304,22.6,D,0
-21.6088,128.196,347.5,1.1,1,2014-11-23,0523,Aqua,MODIS,46,6.2,315.1,38.1,D,0
-21.6628,128.1901,436.2,1.1,1,2014-11-23,0523,Aqua,MODIS,94,6.2,320,586.6,D,0
-21.6519,128.1988,348.1,1.1,1,2014-11-23,0523,Aqua,MODIS,65,6.2,301.9,33.1,D,0
-21.6426,128.1971,352.8,1.1,1,2014-11-23,0523,Aqua,MODIS,78,6.2,308.8,44,D,0
-21.0827,129.3309,333.8,1.2,1.1,2014-11-23,0523,Aqua,MODIS,65,6.2,310,17.7,D,0
-21.0847,129.3191,373.3,1.2,1.1,2014-11-23,0523,Aqua,MODIS,100,6.2,311.3,146.8,D,0
-21.6337,128.1314,346.4,1.1,1,2014-11-23,0523,Aqua,MODIS,85,6.2,319.8,23.5,D,0
-21.6195,128.1608,355.1,1.1,1,2014-11-23,0523,Aqua,MODIS,96,6.2,319.1,43.6,D,0
-21.6138,128.1009,344.6,1.1,1,2014-11-23,0523,Aqua,MODIS,68,6.2,319.4,25.8,D,0
-21.6154,128.0906,347.4,1.1,1,2014-11-23,0523,Aqua,MODIS,82,6.2,317.1,33,D,0
-21.5936,128.1079,342.1,1.1,1,2014-11-23,0523,Aqua,MODIS,68,6.2,319.7,17.1,D,0
-21.6365,128.1746,347.9,1.1,1,2014-11-23,0523,Aqua,MODIS,90,6.2,315.7,26.3,D,0
-21.6644,128.1797,400.6,1.1,1,2014-11-23,0523,Aqua,MODIS,100,6.2,323.3,257.5,D,0
-21.592,128.1182,344.4,1.1,1,2014-11-23,0523,Aqua,MODIS,86,6.2,321.7,19.9,D,0
-21.5763,128.158,379.4,1.1,1,2014-11-23,0523,Aqua,MODIS,100,6.2,322.8,133.7,D,0
-21.5779,128.1476,363.1,1.1,1,2014-11-23,0523,Aqua,MODIS,100,6.2,323.3,68.9,D,0
-21.5795,128.1373,347,1.1,1,2014-11-23,0523,Aqua,MODIS,87,6.2,321.1,25.6,D,0
-21.6349,128.185,344.4,1.1,1,2014-11-23,0523,Aqua,MODIS,45,6.2,316,21.1,D,0
-21.6661,128.1693,418.2,1.1,1,2014-11-23,0523,Aqua,MODIS,100,6.2,323.7,396.1,D,0
-21.6677,128.1589,408.1,1.1,1,2014-11-23,0523,Aqua,MODIS,100,6.2,323.5,312.9,D,0
-21.6442,128.1867,353.6,1.1,1,2014-11-23,0523,Aqua,MODIS,83,6.2,317.5,44.2,D,0
-21.6539,128.1244,346.8,1.1,1,2014-11-23,0523,Aqua,MODIS,71,6.2,315.9,28.8,D,0
-21.6381,128.1642,342.5,1.1,1,2014-11-23,0523,Aqua,MODIS,83,6.2,316.9,14.6,D,0
-21.6321,128.1418,347.4,1.1,1,2014-11-23,0523,Aqua,MODIS,89,6.2,319.9,25.6,D,0
-21.6304,128.1521,349.1,1.1,1,2014-11-23,0523,Aqua,MODIS,91,6.2,317.4,29.1,D,0
-19.9112,132.7089,382.1,2.2,1.4,2014-11-23,0523,Aqua,MODIS,75,6.2,287.7,463.8,D,0
-19.8985,132.7061,365.7,2.2,1.4,2014-11-23,0523,Aqua,MODIS,75,6.2,293.4,276.3,D,0
-19.9085,132.7135,379.1,2.2,1.4,2014-11-23,0523,Aqua,MODIS,75,6.2,282.8,424.9,D,0
-19.915,132.6882,343.1,2.2,1.4,2014-11-23,0523,Aqua,MODIS,85,6.2,295.2,105.4,D,0
-19.9124,132.6929,366.6,2.2,1.4,2014-11-23,0523,Aqua,MODIS,100,6.2,294.7,283.1,D,0
-19.8715,125.8816,336.9,1,1,2014-11-23,0523,Aqua,MODIS,39,6.2,304.3,22.5,D,0
-21.8385,126.7116,366.1,1,1,2014-11-23,0523,Aqua,MODIS,95,6.2,325.8,69.4,D,0
-21.4817,126.8243,373.6,1,1,2014-11-23,0523,Aqua,MODIS,100,6.2,327.2,96.8,D,0
-22.2131,120.0458,364.1,2,1.4,2014-11-23,0523,Aqua,MODIS,100,6.2,311,225.2,D,0
-22.2147,120.0528,354,2,1.4,2014-11-23,0523,Aqua,MODIS,93,6.2,310,147.8,D,0
-21.9285,126.7929,360.2,1,1,2014-11-23,0523,Aqua,MODIS,95,6.2,318.1,57.1,D,0
-22.1022,120.4925,362.4,1.9,1.3,2014-11-23,0523,Aqua,MODIS,0,6.2,303.9,195.3,D,0
-21.4789,126.8436,374.7,1,1,2014-11-23,0523,Aqua,MODIS,100,6.2,329.8,101.9,D,0
-21.4803,126.834,357,1,1,2014-11-23,0523,Aqua,MODIS,87,6.2,328.2,46,D,0
-21.4722,126.9518,361.7,1,1,2014-11-23,0523,Aqua,MODIS,100,6.2,325.7,57.1,D,0
-21.4708,126.9615,391.6,1,1,2014-11-23,0523,Aqua,MODIS,100,6.2,328.9,174.7,D,0
-21.4693,126.9712,378.3,1,1,2014-11-23,0523,Aqua,MODIS,100,6.2,323.9,115.3,D,0
-21.4784,126.9727,349.1,1,1,2014-11-23,0523,Aqua,MODIS,86,6.2,322.6,25.5,D,0
-21.4769,126.9824,352.8,1,1,2014-11-23,0523,Aqua,MODIS,91,6.2,318.7,35.6,D,0
-21.9299,126.7833,382.2,1,1,2014-11-23,0523,Aqua,MODIS,100,6.2,327.5,131.5,D,0
-21.8311,126.7048,349,1,1,2014-11-23,0523,Aqua,MODIS,70,6.2,326.6,20.7,D,0
-19.8729,125.8721,364.2,1,1,2014-11-23,0523,Aqua,MODIS,0,6.2,301.8,83.1,D,0
-21.8297,126.7144,353.3,1,1,2014-11-23,0523,Aqua,MODIS,91,6.2,329.3,30.5,D,0
-19.8639,125.8707,337.5,1,1,2014-11-23,0523,Aqua,MODIS,49,6.2,299.5,23.2,D,0
-15.6104,128.785,335.6,1.4,1.2,2014-11-23,0524,Aqua,MODIS,67,6.2,308.6,19.2,D,0
-16.2615,124.884,359.5,1,1,2014-11-23,0524,Aqua,MODIS,99,6.2,313.1,60.3,D,0
-15.6084,128.7979,365.9,1.4,1.2,2014-11-23,0524,Aqua,MODIS,100,6.2,309.2,127.3,D,0
-18.9857,126.0892,336.8,1,1,2014-11-23,0524,Aqua,MODIS,43,6.2,307.1,21.6,D,0
-16.513,124.8656,333.8,1,1,2014-11-23,0524,Aqua,MODIS,77,6.2,306.1,17.9,D,0
-16.2769,124.9054,338.3,1,1,2014-11-23,0524,Aqua,MODIS,31,6.2,309,17.1,D,0
-16.224,124.9542,335.4,1,1,2014-11-23,0524,Aqua,MODIS,59,6.2,306,19.1,D,0
-16.2034,124.97,343.6,1,1,2014-11-23,0524,Aqua,MODIS,88,6.2,309.5,30.8,D,0
-16.2047,124.9607,359,1,1,2014-11-23,0524,Aqua,MODIS,99,6.2,310.9,66.2,D,0
-16.206,124.9514,339.6,1,1,2014-11-23,0524,Aqua,MODIS,79,6.2,308.4,26.7,D,0
-16.7874,124.6811,340.5,1,1,2014-11-23,0524,Aqua,MODIS,69,6.2,311,23.7,D,0
-16.3029,133.2181,336.3,2.8,1.6,2014-11-23,0524,Aqua,MODIS,70,6.2,303.5,89.9,D,0
-15.7072,132.1285,346.1,2.4,1.5,2014-11-23,0524,Aqua,MODIS,77,6.2,306.9,136.6,D,0
-15.7379,132.1113,334.6,2.4,1.5,2014-11-23,0524,Aqua,MODIS,61,6.2,301.3,68,D,0
-16.0627,131.3184,342.6,2.1,1.4,2014-11-23,0524,Aqua,MODIS,72,6.2,306.3,76.5,D,0
-15.6452,132.1087,337.6,2.4,1.5,2014-11-23,0524,Aqua,MODIS,57,6.2,308.6,73,D,0
-15.7245,132.1088,357,2.4,1.5,2014-11-23,0524,Aqua,MODIS,92,6.2,304,225.2,D,0
-15.6311,136.0677,329.4,4.7,2,2014-11-23,0524,Aqua,MODIS,64,6.2,295.7,121.3,D,0
-15.6947,132.1415,340.1,2.4,1.5,2014-11-23,0524,Aqua,MODIS,67,6.2,304.3,86.1,D,0
-18.6496,131.8072,350.6,2,1.4,2014-11-23,0524,Aqua,MODIS,88,6.2,305,121.5,D,0
-15.6343,136.0634,328.5,4.7,2,2014-11-23,0524,Aqua,MODIS,63,6.2,295.5,110.4,D,0
-20.2213,121.5162,339,1.5,1.2,2014-11-23,0524,Aqua,MODIS,69,6.2,319.3,22.5,D,0
-15.6306,131.8318,340.9,2.3,1.5,2014-11-23,0524,Aqua,MODIS,77,6.2,307.5,82.7,D,0
-15.6343,131.8105,343.5,2.3,1.5,2014-11-23,0524,Aqua,MODIS,87,6.2,310.5,95,D,0
-15.8492,132.9349,359.4,2.8,1.6,2014-11-23,0524,Aqua,MODIS,86,6.2,302.4,308.1,D,0
-15.8351,132.9321,334.8,2.8,1.6,2014-11-23,0524,Aqua,MODIS,58,6.2,297.2,95.3,D,0
-15.8473,132.9298,348.4,2.8,1.6,2014-11-23,0524,Aqua,MODIS,87,6.2,302.8,191.6,D,0
-16.3037,133.2232,334,2.8,1.6,2014-11-23,0524,Aqua,MODIS,42,6.2,303.1,75.1,D,0
-16.4823,133.8204,328.6,3.1,1.7,2014-11-23,0524,Aqua,MODIS,32,6.2,299.6,58,D,0
-16.4131,133.0325,336,2.7,1.6,2014-11-23,0524,Aqua,MODIS,0,6.2,301,93.3,D,0
-16.385,133.1055,341.3,2.8,1.6,2014-11-23,0524,Aqua,MODIS,80,6.2,303.9,127.5,D,0
-16.3897,133.0801,335,2.8,1.6,2014-11-23,0524,Aqua,MODIS,69,6.2,303.9,82.1,D,0
-16.5304,125.4457,338,1,1,2014-11-23,0524,Aqua,MODIS,82,6.2,307.3,22.2,D,0
-16.4063,133.6503,333.3,3,1.7,2014-11-23,0524,Aqua,MODIS,69,6.2,303,75.7,D,0
-16.4083,133.6456,331.3,3,1.7,2014-11-23,0524,Aqua,MODIS,59,6.2,303.2,65.3,D,0
-15.7769,130.9138,335.2,1.9,1.4,2014-11-23,0524,Aqua,MODIS,44,6.2,308.5,32.4,D,0
-16.767,124.6299,333.9,1,1,2014-11-23,0524,Aqua,MODIS,53,6.2,309.1,13,D,0
-15.5615,129.8009,338.5,1.6,1.3,2014-11-23,0524,Aqua,MODIS,80,6.2,309.6,36.6,D,0
-16.9094,129.3988,333.8,1.4,1.2,2014-11-23,0524,Aqua,MODIS,66,6.2,309.2,12,D,0
-16.9201,129.4007,344.1,1.4,1.2,2014-11-23,0524,Aqua,MODIS,86,6.2,311,40.5,D,0
-16.9208,129.331,343.3,1.4,1.2,2014-11-23,0524,Aqua,MODIS,85,6.2,312.2,37,D,0
-16.9185,129.3446,339,1.4,1.2,2014-11-23,0524,Aqua,MODIS,78,6.2,311,25.8,D,0
-16.9314,129.3327,355.7,1.4,1.2,2014-11-23,0524,Aqua,MODIS,96,6.2,311.3,83.6,D,0
-15.7461,130.946,339.4,2,1.4,2014-11-23,0524,Aqua,MODIS,67,6.2,311.8,44.4,D,0
-15.7615,130.9298,369.6,2,1.4,2014-11-23,0524,Aqua,MODIS,94,6.2,305,237.8,D,0
-15.7891,130.9156,342.7,1.9,1.4,2014-11-23,0524,Aqua,MODIS,85,6.2,311.9,63,D,0
-17.2053,125.2997,334.9,1,1,2014-11-23,0524,Aqua,MODIS,45,6.2,310.7,14.2,D,0
-17.2143,125.3011,348.1,1,1,2014-11-23,0524,Aqua,MODIS,91,6.2,312.5,34.7,D,0
-17.2192,125.3306,339.5,1,1,2014-11-23,0524,Aqua,MODIS,45,6.2,311.5,21,D,0
-15.8104,130.9384,337.6,2,1.4,2014-11-23,0524,Aqua,MODIS,61,6.2,313.2,33.3,D,0
-15.8157,130.9261,338.9,1.9,1.4,2014-11-23,0524,Aqua,MODIS,76,6.2,311.9,42.9,D,0
-16.261,127.0266,335.7,1.1,1,2014-11-23,0524,Aqua,MODIS,26,6.2,311.7,14.8,D,0
-16.2665,127.0228,338.7,1.1,1,2014-11-23,0524,Aqua,MODIS,78,6.2,308,22.8,D,0
-16.2634,127.0431,336.5,1.1,1,2014-11-23,0524,Aqua,MODIS,52,6.2,312.3,13.2,D,0
-17.5311,123.7525,340.8,1.1,1,2014-11-23,0524,Aqua,MODIS,69,6.2,317,13.8,D,0
-17.1591,130.6318,383,1.7,1.3,2014-11-23,0524,Aqua,MODIS,100,6.2,303.5,0,D,0
-17.1616,130.6434,374.4,1.8,1.3,2014-11-23,0524,Aqua,MODIS,100,6.2,296.9,0,D,0
-17.15,130.6413,336.3,1.8,1.3,2014-11-23,0524,Aqua,MODIS,0,6.2,302.4,45.2,D,0
-17.1527,130.625,336,1.7,1.3,2014-11-23,0524,Aqua,MODIS,42,6.2,300.2,44.5,D,0
-17.553,126.3212,330.4,1,1,2014-11-23,0524,Aqua,MODIS,24,6.2,304.9,11.4,D,0
-17.5544,126.3116,340.8,1,1,2014-11-23,0524,Aqua,MODIS,82,6.2,306.1,26.7,D,0
-16.4245,124.5814,332.5,1,1,2014-11-23,0524,Aqua,MODIS,65,6.2,306.3,17.2,D,0
-15.7922,130.8977,338.2,1.9,1.4,2014-11-23,0524,Aqua,MODIS,80,6.2,309,45.7,D,0
-15.8044,130.8997,365.7,1.9,1.4,2014-11-23,0524,Aqua,MODIS,100,6.2,312.4,206.5,D,0
-15.8099,130.8876,331.8,1.9,1.4,2014-11-23,0524,Aqua,MODIS,62,6.2,307.1,23.8,D,0
-15.8067,130.9055,354.1,1.9,1.4,2014-11-23,0524,Aqua,MODIS,96,6.2,313,124,D,0
-16.7888,124.6717,338.7,1,1,2014-11-23,0524,Aqua,MODIS,57,6.2,312.6,19.4,D,0
-16.7631,124.6581,344.9,1,1,2014-11-23,0524,Aqua,MODIS,80,6.2,307,32.6,D,0
-14.892,129.9385,331.5,1.7,1.3,2014-11-23,0525,Aqua,MODIS,65,6.2,303.2,30.1,D,0
-15.1205,127.0059,336.6,1.1,1.1,2014-11-23,0525,Aqua,MODIS,40,6.2,307.8,24.3,D,0
-14.6254,125.3893,336.5,1,1,2014-11-23,0525,Aqua,MODIS,81,6.2,303.1,19.9,D,0
-14.6282,125.3706,335.8,1,1,2014-11-23,0525,Aqua,MODIS,79,6.2,305.4,17.8,D,0
-14.8442,126.3976,342.2,1.1,1,2014-11-23,0525,Aqua,MODIS,87,6.2,307.1,31.7,D,0
-14.8379,126.3764,335.6,1.1,1,2014-11-23,0525,Aqua,MODIS,71,6.2,310.2,19.2,D,0
-14.6295,125.3613,330.3,1,1,2014-11-23,0525,Aqua,MODIS,61,6.2,305.2,10.2,D,0
-14.6191,125.3692,334.9,1,1,2014-11-23,0525,Aqua,MODIS,79,6.2,304.4,17,D,0
-14.835,126.3962,349.3,1.1,1,2014-11-23,0525,Aqua,MODIS,93,6.2,307.6,46.9,D,0
-14.8365,126.3863,357.1,1.1,1,2014-11-23,0525,Aqua,MODIS,98,6.2,312.3,65.4,D,0
-13.8547,126.8513,336,1.1,1.1,2014-11-23,0525,Aqua,MODIS,77,6.2,310.6,14.8,D,0
-14.8394,126.3666,347.9,1.1,1,2014-11-23,0525,Aqua,MODIS,92,6.2,305.9,44.4,D,0
-14.8457,126.3878,374,1.1,1,2014-11-23,0525,Aqua,MODIS,100,6.2,309.8,122.4,D,0
-15.2375,125.2896,323.8,1,1,2014-11-23,0525,Aqua,MODIS,53,6.2,302.9,8.2,D,0
-14.6656,125.367,336.8,1,1,2014-11-23,0525,Aqua,MODIS,70,6.2,305.2,21.8,D,0
-13.8563,126.8408,344.7,1.1,1.1,2014-11-23,0525,Aqua,MODIS,92,6.2,313.6,32.4,D,0
-14.6642,125.3763,334,1,1,2014-11-23,0525,Aqua,MODIS,63,6.2,303.7,18.2,D,0
-14.8272,126.3848,329.3,1.1,1,2014-11-23,0525,Aqua,MODIS,67,6.2,307.9,8.9,D,0
-13.869,126.8215,336,1.1,1.1,2014-11-23,0525,Aqua,MODIS,87,6.2,312.5,15.5,D,0
-13.8658,126.8424,347.7,1.1,1.1,2014-11-23,0525,Aqua,MODIS,94,6.2,312.6,41.6,D,0
-13.8785,126.823,333,1.1,1.1,2014-11-23,0525,Aqua,MODIS,60,6.2,310.9,11.5,D,0
-14.6744,125.3644,330.9,1,1,2014-11-23,0525,Aqua,MODIS,72,6.2,304.5,10.6,D,0
-14.8472,126.3779,332.8,1.1,1,2014-11-23,0525,Aqua,MODIS,63,6.2,307.7,15,D,0
-14.603,125.9716,327,1,1,2014-11-23,0525,Aqua,MODIS,55,6.2,303.6,9.3,D,0
-14.6044,125.962,326.7,1,1,2014-11-23,0525,Aqua,MODIS,64,6.2,303.1,9.6,D,0
-13.8467,126.8393,335.5,1.1,1.1,2014-11-23,0525,Aqua,MODIS,85,6.2,312.1,13.8,D,0
-14.8487,126.368,328.8,1.1,1,2014-11-23,0525,Aqua,MODIS,21,6.2,304.7,10.5,D,0
-13.8579,126.8304,339.5,1.1,1.1,2014-11-23,0525,Aqua,MODIS,89,6.2,312.8,21,D,0
-14.673,125.3737,333.5,1,1,2014-11-23,0525,Aqua,MODIS,77,6.2,303.1,15.2,D,0
-15.2599,129.806,332.6,1.6,1.3,2014-11-23,0525,Aqua,MODIS,52,6.2,303.8,31.7,D,0
-14.9035,129.9406,331.2,1.7,1.3,2014-11-23,0525,Aqua,MODIS,66,6.2,302.5,32.6,D,0
-14.4245,126.0591,335.7,1.1,1,2014-11-23,0525,Aqua,MODIS,80,6.2,305.8,18.8,D,0
-14.4153,126.0576,330.9,1.1,1,2014-11-23,0525,Aqua,MODIS,62,6.2,306.5,11.5,D,0
-12.1081,133.1403,330.4,3.4,1.7,2014-11-23,0525,Aqua,MODIS,67,6.2,297.1,82.2,D,0
-12.116,133.2424,324.1,3.4,1.7,2014-11-23,0525,Aqua,MODIS,53,6.2,295,31.5,D,0
-12.1174,133.1464,333.7,3.4,1.7,2014-11-23,0525,Aqua,MODIS,78,6.2,295.3,109.5,D,0
-12.9027,130.795,334.1,2.2,1.4,2014-11-23,0525,Aqua,MODIS,79,6.2,307,42.7,D,0
-12.1027,133.1711,325.7,3.4,1.7,2014-11-23,0525,Aqua,MODIS,33,6.2,297.5,45.6,D,0
-14.5535,132.0351,329.9,2.5,1.5,2014-11-23,0525,Aqua,MODIS,66,6.2,304.9,37.3,D,0
-12.5986,132.5177,336.3,3,1.6,2014-11-23,0525,Aqua,MODIS,71,6.2,302.2,101,D,0
-12.5997,132.5129,332.9,3,1.6,2014-11-23,0525,Aqua,MODIS,65,6.2,302.2,74.1,D,0
-13.6003,135.396,327.8,4.7,2,2014-11-23,0525,Aqua,MODIS,59,6.2,299.3,106.2,D,0
-14.3852,134.6662,328.5,4,1.9,2014-11-23,0525,Aqua,MODIS,62,6.2,298.1,74.6,D,0
-13.6002,135.404,328.6,4.7,2,2014-11-23,0525,Aqua,MODIS,63,6.2,299.3,118.8,D,0
-13.6095,135.4501,327,4.7,2,2014-11-23,0525,Aqua,MODIS,50,6.2,298.9,93.7,D,0
-13.6017,135.4859,328.5,4.7,2,2014-11-23,0525,Aqua,MODIS,60,6.2,298.2,115.6,D,0
-13.6009,135.494,325.6,4.7,2,2014-11-23,0525,Aqua,MODIS,34,6.2,298,84.9,D,0
-14.5909,125.9894,340.5,1,1,2014-11-23,0525,Aqua,MODIS,86,6.2,305.9,27.3,D,0
-14.5775,126.0168,338.7,1,1,2014-11-23,0525,Aqua,MODIS,84,6.2,305.7,24.2,D,0
-14.5789,126.0072,329,1,1,2014-11-23,0525,Aqua,MODIS,29,6.2,305.1,9.6,D,0
-14.5714,126.0102,326.3,1,1,2014-11-23,0525,Aqua,MODIS,51,6.2,304.5,10.5,D,0
-14.6353,126.0063,323.2,1,1,2014-11-23,0525,Aqua,MODIS,24,6.2,301.3,7.2,D,0
-14.3926,126.0838,331.2,1.1,1,2014-11-23,0525,Aqua,MODIS,72,6.2,305.8,11.4,D,0
-14.6233,126.0241,361.2,1,1,2014-11-23,0525,Aqua,MODIS,100,6.2,302.5,80,D,0
-14.6247,126.0145,330.8,1,1,2014-11-23,0525,Aqua,MODIS,55,6.2,301.7,15,D,0
-14.6276,125.9952,334.1,1,1,2014-11-23,0525,Aqua,MODIS,79,6.2,302.8,19.6,D,0
-14.6112,126.0418,328.8,1,1,2014-11-23,0525,Aqua,MODIS,61,6.2,301.2,13.3,D,0
-14.6127,126.0322,350,1,1,2014-11-23,0525,Aqua,MODIS,93,6.2,302,49.9,D,0
-14.6198,125.9842,331.9,1,1,2014-11-23,0525,Aqua,MODIS,73,6.2,303.9,15.8,D,0
-14.6021,126.0404,352.1,1,1,2014-11-23,0525,Aqua,MODIS,95,6.2,303.8,54.3,D,0
-14.6035,126.0308,352.3,1,1,2014-11-23,0525,Aqua,MODIS,95,6.2,306,53.4,D,0
-14.5929,126.039,345.9,1,1,2014-11-23,0525,Aqua,MODIS,91,6.2,304.7,38.9,D,0
-14.5943,126.0294,334.9,1,1,2014-11-23,0525,Aqua,MODIS,80,6.2,306.4,18.3,D,0
-14.6001,125.9909,336.5,1,1,2014-11-23,0525,Aqua,MODIS,82,6.2,304.7,21,D,0
-14.5837,126.0376,352.4,1,1,2014-11-23,0525,Aqua,MODIS,95,6.2,305.7,52.5,D,0
-14.5852,126.028,345.5,1,1,2014-11-23,0525,Aqua,MODIS,90,6.2,306.7,36.6,D,0
-14.576,126.0265,354.7,1,1,2014-11-23,0525,Aqua,MODIS,96,6.2,305.8,58.1,D,0
-14.0079,131.6852,333.3,2.4,1.5,2014-11-23,0525,Aqua,MODIS,75,6.2,308.6,51.5,D,0
-13.5447,133.547,329.1,3.4,1.7,2014-11-23,0525,Aqua,MODIS,34,6.2,300,76.6,D,0
-14.5004,131.6018,332.9,2.3,1.5,2014-11-23,0525,Aqua,MODIS,71,6.2,300.7,49.7,D,0
-14.4967,131.6231,337,2.3,1.5,2014-11-23,0525,Aqua,MODIS,79,6.2,305.7,70.5,D,0
-14.4971,131.6087,340.3,2.3,1.5,2014-11-23,0525,Aqua,MODIS,84,6.2,303.1,88.9,D,0
-14.2242,135.3968,326.4,4.5,2,2014-11-23,0525,Aqua,MODIS,50,6.2,286.8,115.4,D,0
-14.2228,135.4019,325.8,4.5,2,2014-11-23,0525,Aqua,MODIS,44,6.2,286.5,109.4,D,0
-14.0009,131.6789,331.3,2.4,1.5,2014-11-23,0525,Aqua,MODIS,64,6.2,307.7,43.4,D,0
-29.2734,114.9623,346.3,4.1,1.9,2014-11-23,0659,Aqua,MODIS,71,6.2,300.9,364.1,D,0
-29.2586,114.9622,313.6,4.1,1.9,2014-11-23,0659,Aqua,MODIS,44,6.2,298.6,36.2,D,0
-29.2752,114.9673,343.4,4.1,1.9,2014-11-23,0659,Aqua,MODIS,69,6.2,301.1,319.1,D,0
-33.2933,150.7707,305.1,1.4,1.2,2014-11-23,1306,Terra,MODIS,63,6.2,292.1,8,N,0
-33.296,150.7561,309.4,1.4,1.2,2014-11-23,1306,Terra,MODIS,77,6.2,292.4,12.2,N,0
-27.2296,150.8534,301,1.8,1.3,2014-11-23,1307,Terra,MODIS,28,6.2,287,6.3,N,0
-25.5188,148.9205,312.6,1.5,1.2,2014-11-23,1308,Terra,MODIS,85,6.2,282.4,19.8,N,0
-25.5296,148.9228,308.3,1.5,1.2,2014-11-23,1308,Terra,MODIS,74,6.2,280.7,14.7,N,0
-24.5038,145.9375,306.5,1.1,1,2014-11-23,1308,Terra,MODIS,68,6.2,294.1,6.8,N,0
-24.9672,146.5074,304.6,1.1,1.1,2014-11-23,1308,Terra,MODIS,55,6.2,277.4,7.9,N,0
-24.9578,146.5055,311.3,1.1,1.1,2014-11-23,1308,Terra,MODIS,82,6.2,277.5,12.9,N,0
-24.8303,151.9104,312.9,2.4,1.5,2014-11-23,1308,Terra,MODIS,86,6.2,289.8,43.7,N,0
-23.105,146.2252,307.6,1.1,1.1,2014-11-23,1309,Terra,MODIS,56,6.2,288.3,7.3,N,0
-23.0259,146.2038,305.5,1.1,1.1,2014-11-23,1309,Terra,MODIS,46,6.2,293.8,4.6,N,0
-22.1569,149.5019,304.5,1.9,1.3,2014-11-23,1309,Terra,MODIS,44,6.2,294.2,12.3,N,0
-22.4467,147.249,302.8,1.3,1.1,2014-11-23,1309,Terra,MODIS,13,6.2,284.2,6.7,N,0
-23.0982,146.1441,307.4,1.1,1.1,2014-11-23,1309,Terra,MODIS,52,6.2,292.9,6.2,N,0
-23.6691,145.2521,306.1,1,1,2014-11-23,1309,Terra,MODIS,52,6.2,286.1,7.1,N,0
-23.6707,145.242,309.7,1,1,2014-11-23,1309,Terra,MODIS,78,6.2,285.5,9.8,N,0
-23.0965,146.155,309.2,1.1,1.1,2014-11-23,1309,Terra,MODIS,56,6.2,293,7.6,N,0
-22.9188,149.8152,301.4,1.9,1.3,2014-11-23,1309,Terra,MODIS,41,6.2,287.1,11,N,0
-17.5135,143.0115,335.9,1,1,2014-11-23,1310,Terra,MODIS,100,6.2,295.9,32.9,N,0
-17.4976,143.0573,351,1,1,2014-11-23,1310,Terra,MODIS,100,6.2,297.9,59.5,N,0
-17.4914,143.0369,336.3,1,1,2014-11-23,1310,Terra,MODIS,100,6.2,297.6,31.6,N,0
-17.2411,143.1134,319.2,1,1,2014-11-23,1310,Terra,MODIS,68,6.2,272.8,14.3,N,0
-17.3809,143.226,312.4,1,1,2014-11-23,1310,Terra,MODIS,10,6.2,292.3,5.7,N,0
-17.399,143.229,315,1,1,2014-11-23,1310,Terra,MODIS,51,6.2,292.7,8.3,N,0
-17.481,143.0449,327.5,1,1,2014-11-23,1310,Terra,MODIS,100,6.2,296,20.8,N,0
-17.3613,143.3595,312.3,1,1,2014-11-23,1310,Terra,MODIS,75,6.2,286.8,7.9,N,0
-17.5122,143.021,372.1,1,1,2014-11-23,1310,Terra,MODIS,100,6.2,301.4,119.8,N,0
-17.5108,143.0304,352.6,1,1,2014-11-23,1310,Terra,MODIS,100,6.2,298.8,63.6,N,0
-17.3051,143.0526,307.4,1,1,2014-11-23,1310,Terra,MODIS,28,6.2,284.3,7.1,N,0
-17.3127,143.0635,306.6,1,1,2014-11-23,1310,Terra,MODIS,13,6.2,281.4,6.3,N,0
-17.5094,143.0398,314.7,1,1,2014-11-23,1310,Terra,MODIS,86,6.2,296.4,7.6,N,0
-17.3976,143.2385,328.9,1,1,2014-11-23,1310,Terra,MODIS,100,6.2,294.2,23.2,N,0
-17.4935,143.0856,312.5,1,1,2014-11-23,1310,Terra,MODIS,45,6.2,295.1,6.3,N,0
-17.3802,143.2941,309.9,1,1,2014-11-23,1310,Terra,MODIS,34,6.2,293.2,5.2,N,0
-20.0665,138.4616,316.6,1.5,1.2,2014-11-23,1310,Terra,MODIS,80,6.2,294.3,25.1,N,0
-17.4928,143.0275,338.3,1,1,2014-11-23,1310,Terra,MODIS,100,6.2,296.6,37.1,N,0
-17.5813,142.5418,312.8,1,1,2014-11-23,1310,Terra,MODIS,69,6.2,290.5,8,N,0
-17.4574,143.2059,312.4,1,1,2014-11-23,1310,Terra,MODIS,20,6.2,292.5,6.3,N,0
-17.5031,143.0195,363.9,1,1,2014-11-23,1310,Terra,MODIS,100,6.2,296.2,94,N,0
-17.4824,143.0355,328.6,1,1,2014-11-23,1310,Terra,MODIS,100,6.2,296.1,23,N,0
-17.4845,143.0842,312.4,1,1,2014-11-23,1310,Terra,MODIS,66,6.2,294.1,6.3,N,0
-17.4498,143.1949,317,1,1,2014-11-23,1310,Terra,MODIS,94,6.2,293.4,10.1,N,0
-17.447,143.2139,310.7,1,1,2014-11-23,1310,Terra,MODIS,36,6.2,292.5,5.4,N,0
-17.4512,143.1854,332,1,1,2014-11-23,1310,Terra,MODIS,100,6.2,293.5,26.6,N,0
-17.3892,143.2956,322.4,1,1,2014-11-23,1310,Terra,MODIS,100,6.2,294.3,16.6,N,0
-17.4199,143.2129,309.1,1,1,2014-11-23,1310,Terra,MODIS,51,6.2,292.4,4.6,N,0
-17.4886,143.0558,319.9,1,1,2014-11-23,1310,Terra,MODIS,99,6.2,295.6,12,N,0
-17.4526,143.1759,323.7,1,1,2014-11-23,1310,Terra,MODIS,100,6.2,291.8,16.9,N,0
-17.5045,143.0101,321.7,1,1,2014-11-23,1310,Terra,MODIS,50,6.2,289,16,N,0
-17.3788,143.3037,316.3,1,1,2014-11-23,1310,Terra,MODIS,93,6.2,293.4,10.5,N,0
-16.8803,143.1275,301.4,1,1,2014-11-23,1310,Terra,MODIS,24,6.2,274.5,4.1,N,0
-17.5018,143.0289,345.7,1,1,2014-11-23,1310,Terra,MODIS,100,6.2,297.9,49,N,0
-17.2877,143.361,306.1,1,1,2014-11-23,1310,Terra,MODIS,35,6.2,282.3,4.9,N,0
-17.3795,143.2355,328.2,1,1,2014-11-23,1310,Terra,MODIS,100,6.2,292.9,21.3,N,0
-17.499,143.0478,332.5,1,1,2014-11-23,1310,Terra,MODIS,100,6.2,297.2,26.1,N,0
-17.5004,143.0384,338,1,1,2014-11-23,1310,Terra,MODIS,100,6.2,297.9,34.2,N,0
-17.49,143.0464,318.7,1,1,2014-11-23,1310,Terra,MODIS,87,6.2,296.1,10.1,N,0
-17.3899,143.2275,317,1,1,2014-11-23,1310,Terra,MODIS,70,6.2,292.4,9.7,N,0
-17.3886,143.237,342.5,1,1,2014-11-23,1310,Terra,MODIS,100,6.2,293.5,43.2,N,0
-19.9173,132.7365,306.2,4,1.9,2014-11-23,1310,Terra,MODIS,67,6.2,293.5,33.2,N,0
-19.9214,132.7438,307.9,4,1.9,2014-11-23,1310,Terra,MODIS,73,6.2,293.6,41.3,N,0
-17.2842,145.3383,303.7,1.2,1.1,2014-11-23,1310,Terra,MODIS,21,6.2,291.4,6.5,N,0
-18.7041,145.755,301.5,1.2,1.1,2014-11-23,1310,Terra,MODIS,23,6.2,291.4,5.5,N,0
-18.2649,145.292,302.7,1.2,1.1,2014-11-23,1310,Terra,MODIS,32,6.2,292,5.5,N,0
-18.5822,145.7452,313.6,1.2,1.1,2014-11-23,1310,Terra,MODIS,87,6.2,292.2,17.3,N,0
-18.2534,145.3014,305.9,1.2,1.1,2014-11-23,1310,Terra,MODIS,66,6.2,292.2,7.8,N,0
-18.2614,145.3141,313.7,1.2,1.1,2014-11-23,1310,Terra,MODIS,88,6.2,293.1,14.4,N,0
-18.5921,145.7469,311.7,1.2,1.1,2014-11-23,1310,Terra,MODIS,83,6.2,292.5,15.4,N,0
-18.2517,145.3125,313.6,1.2,1.1,2014-11-23,1310,Terra,MODIS,87,6.2,292.8,14.7,N,0
-20.7307,139.4775,308.1,1.3,1.1,2014-11-23,1310,Terra,MODIS,42,6.2,294.7,8,N,2
-18.2631,145.3031,324.8,1.2,1.1,2014-11-23,1310,Terra,MODIS,100,6.2,293.6,28.1,N,0
-16.5137,137.1625,314,1.7,1.3,2014-11-23,1311,Terra,MODIS,88,6.2,292.9,20.5,N,0
-16.5022,137.161,305.7,1.7,1.3,2014-11-23,1311,Terra,MODIS,65,6.2,293,8.1,N,0
-14.4702,142.4916,317.5,1,1,2014-11-23,1311,Terra,MODIS,95,6.2,290,12.8,N,0
-14.4795,142.2362,306.7,1,1,2014-11-23,1311,Terra,MODIS,15,6.2,287.1,4.7,N,0
-14.4782,142.2455,313.1,1,1,2014-11-23,1311,Terra,MODIS,86,6.2,287.7,9.3,N,0
-14.4979,142.1728,303,1,1,2014-11-23,1311,Terra,MODIS,40,6.2,284.5,3.1,N,0
-13.9665,141.9028,306.3,1,1,2014-11-23,1311,Terra,MODIS,60,6.2,293.6,4.2,N,0
-14.4885,142.2376,315,1,1,2014-11-23,1311,Terra,MODIS,90,6.2,287.4,10.7,N,0
-14.4899,142.2284,305.2,1,1,2014-11-23,1311,Terra,MODIS,8,6.2,286.6,3.7,N,0
-14.5029,142.202,308,1,1,2014-11-23,1311,Terra,MODIS,72,6.2,287.2,6.1,N,0
-13.9651,141.9121,322.2,1,1,2014-11-23,1311,Terra,MODIS,100,6.2,294.6,17.2,N,0
-13.5453,143.5095,307,1.1,1,2014-11-23,1311,Terra,MODIS,66,6.2,293.8,7.3,N,0
-13.5469,143.4994,309.7,1.1,1,2014-11-23,1311,Terra,MODIS,75,6.2,294.8,9.3,N,0
-14.4729,142.4729,308.1,1,1,2014-11-23,1311,Terra,MODIS,73,6.2,288.6,5.8,N,0
-14.4715,142.4822,327.4,1,1,2014-11-23,1311,Terra,MODIS,100,6.2,289.8,23.3,N,0
-15.0879,145.0512,302,1.3,1.1,2014-11-23,1311,Terra,MODIS,35,6.2,286.8,5,N,0
-14.4688,142.5009,307,1,1,2014-11-23,1311,Terra,MODIS,69,6.2,289.7,5.2,N,0
-16.3226,137.2359,322,1.7,1.3,2014-11-23,1311,Terra,MODIS,100,6.2,293.8,35.6,N,0
-16.3208,137.2514,308.1,1.6,1.3,2014-11-23,1311,Terra,MODIS,74,6.2,293.5,11.3,N,0
-15.3819,131.7067,315.9,4.2,1.9,2014-11-23,1311,Terra,MODIS,92,6.2,287.3,91,N,0
-14.7451,144.7567,303.4,1.2,1.1,2014-11-23,1311,Terra,MODIS,55,6.2,292.3,7.6,N,0
-14.8167,144.6948,304.3,1.2,1.1,2014-11-23,1311,Terra,MODIS,60,6.2,292.5,5.7,N,0
-15.3858,131.6671,305.7,4.3,1.9,2014-11-23,1311,Terra,MODIS,65,6.2,285.3,33.2,N,0
-15.3792,131.6998,321.3,4.2,1.9,2014-11-23,1311,Terra,MODIS,100,6.2,287.3,133.8,N,0
-13.5025,133.5532,305.8,2.9,1.6,2014-11-23,1312,Terra,MODIS,53,6.2,294,18.7,N,0
-12.4881,132.2069,308.6,3.5,1.8,2014-11-23,1312,Terra,MODIS,70,6.2,294.7,37.1,N,0
-12.4948,132.2023,319.8,3.5,1.8,2014-11-23,1312,Terra,MODIS,99,6.2,295,94.4,N,0
-12.4985,132.17,321.8,3.6,1.8,2014-11-23,1312,Terra,MODIS,100,6.2,295,107.7,N,0
-12.4916,132.1745,321.5,3.6,1.8,2014-11-23,1312,Terra,MODIS,100,6.2,294.7,105,N,0
-12.5075,132.1763,310.1,3.6,1.8,2014-11-23,1312,Terra,MODIS,76,6.2,294.8,43.7,N,0
-12.504,132.2087,306.3,3.5,1.8,2014-11-23,1312,Terra,MODIS,60,6.2,294.9,27.5,N,0
-12.463,132.1986,311.4,3.5,1.8,2014-11-23,1312,Terra,MODIS,80,6.2,294.6,52.8,N,0
-12.4666,132.1662,304.5,3.6,1.8,2014-11-23,1312,Terra,MODIS,51,6.2,293.9,24.7,N,0
-12.4541,132.191,305.8,3.5,1.8,2014-11-23,1312,Terra,MODIS,59,6.2,294,29.5,N,0
-12.5264,135.0056,304.8,2.1,1.4,2014-11-23,1312,Terra,MODIS,30,6.2,293.8,12.4,N,0
-13.4995,133.5794,315.9,2.9,1.6,2014-11-23,1312,Terra,MODIS,90,6.2,294.1,52.1,N,0
-12.5136,135.004,303.3,2.1,1.4,2014-11-23,1312,Terra,MODIS,9,6.2,293.3,9.5,N,0
-25.8019,151.033,300.3,2.9,1.6,2014-11-23,1440,Aqua,MODIS,11,6.2,288.6,20.7,N,0
-30.8629,121.4876,305.1,1,1,2014-11-23,1445,Terra,MODIS,63,6.2,289,7.7,N,2
-29.458,124.7249,385.6,1.4,1.2,2014-11-23,1446,Terra,MODIS,100,6.2,300.9,272.6,N,0
-29.4604,124.711,397.2,1.3,1.2,2014-11-23,1446,Terra,MODIS,100,6.2,300.9,365.1,N,0
-29.4628,124.6973,306.9,1.3,1.1,2014-11-23,1446,Terra,MODIS,70,6.2,290.9,9.9,N,0
-29.4404,124.7642,322.6,1.4,1.2,2014-11-23,1446,Terra,MODIS,99,6.2,292.2,28.6,N,0
-29.4428,124.7503,353,1.4,1.2,2014-11-23,1446,Terra,MODIS,100,6.2,296.1,102.9,N,0
-29.4452,124.7364,364.3,1.4,1.2,2014-11-23,1446,Terra,MODIS,100,6.2,297.9,149.4,N,0
-29.4477,124.7225,401.4,1.4,1.2,2014-11-23,1446,Terra,MODIS,100,6.2,306.6,402.6,N,0
-29.4501,124.7086,355,1.3,1.2,2014-11-23,1446,Terra,MODIS,100,6.2,294.5,110,N,0
-29.43,124.7617,308.2,1.4,1.2,2014-11-23,1446,Terra,MODIS,14,6.2,290.2,10.3,N,0
-29.3701,124.6981,428.9,1.4,1.2,2014-11-23,1446,Terra,MODIS,100,6.2,311.6,732.9,N,0
-29.4325,124.7477,364.4,1.4,1.2,2014-11-23,1446,Terra,MODIS,100,6.2,293.9,150.3,N,0
-29.3677,124.7118,354.5,1.4,1.2,2014-11-23,1446,Terra,MODIS,100,6.2,292.5,107.2,N,0
-29.4349,124.7338,354.8,1.4,1.2,2014-11-23,1446,Terra,MODIS,100,6.2,295.6,109.5,N,0
-29.4374,124.72,380.3,1.4,1.2,2014-11-23,1446,Terra,MODIS,100,6.2,302.2,235.5,N,0
-29.4398,124.7062,345.6,1.3,1.2,2014-11-23,1446,Terra,MODIS,100,6.2,294.9,77.4,N,0
-29.4222,124.7453,307.7,1.4,1.2,2014-11-23,1446,Terra,MODIS,21,6.2,290.3,8.1,N,0
-29.4246,124.7314,327.3,1.4,1.2,2014-11-23,1446,Terra,MODIS,100,6.2,294.1,34.8,N,0
-29.4271,124.7175,355.6,1.4,1.2,2014-11-23,1446,Terra,MODIS,100,6.2,297.7,111.2,N,0
-29.4295,124.7037,381.6,1.3,1.2,2014-11-23,1446,Terra,MODIS,100,6.2,301.2,243.9,N,0
-29.4319,124.6899,307.6,1.3,1.1,2014-11-23,1446,Terra,MODIS,49,6.2,291.3,8.8,N,0
-29.4119,124.7428,313.2,1.4,1.2,2014-11-23,1446,Terra,MODIS,10,6.2,290.3,13.3,N,0
-29.4143,124.7289,348.3,1.4,1.2,2014-11-23,1446,Terra,MODIS,100,6.2,296.3,86.6,N,0
-29.4168,124.7151,370.1,1.4,1.2,2014-11-23,1446,Terra,MODIS,100,6.2,301.5,175.9,N,0
-29.4192,124.7012,423.1,1.3,1.2,2014-11-23,1446,Terra,MODIS,100,6.2,308.6,650.3,N,0
-29.3852,124.6728,365.5,1.3,1.1,2014-11-23,1446,Terra,MODIS,100,6.2,299.5,153.7,N,0
-29.3828,124.6866,384.8,1.3,1.2,2014-11-23,1446,Terra,MODIS,100,6.2,307.8,264.6,N,0
-29.4217,124.6874,352.1,1.3,1.1,2014-11-23,1446,Terra,MODIS,100,6.2,293.8,99.9,N,0
-29.3804,124.7004,411.1,1.4,1.2,2014-11-23,1446,Terra,MODIS,100,6.2,310.6,501.8,N,0
-29.4058,124.6775,314.3,1.3,1.1,2014-11-23,1446,Terra,MODIS,89,6.2,292,15.6,N,0
-29.5025,124.8143,309.3,1.4,1.2,2014-11-23,1446,Terra,MODIS,77,6.2,290.3,15.4,N,0
-29.4897,124.826,301.2,1.4,1.2,2014-11-23,1446,Terra,MODIS,7,6.2,289.6,6.7,N,0
-29.4922,124.8119,315.1,1.4,1.2,2014-11-23,1446,Terra,MODIS,91,6.2,290.4,22.1,N,0
-29.4967,124.7258,311.2,1.3,1.2,2014-11-23,1446,Terra,MODIS,82,6.2,290.9,16.2,N,0
-29.4992,124.7119,313.4,1.3,1.1,2014-11-23,1446,Terra,MODIS,87,6.2,291.2,18.7,N,0
-29.4864,124.7233,319.1,1.3,1.2,2014-11-23,1446,Terra,MODIS,98,6.2,291.5,25.8,N,0
-29.4889,124.7095,347.4,1.3,1.1,2014-11-23,1446,Terra,MODIS,100,6.2,294.9,88.5,N,0
-29.4914,124.6956,300.5,1.3,1.1,2014-11-23,1446,Terra,MODIS,29,6.2,290.2,6.6,N,0
-29.4912,124.7185,329.4,1.3,1.2,2014-11-23,1446,Terra,MODIS,100,6.2,293.3,42.8,N,0
-29.4936,124.7046,322.4,1.3,1.1,2014-11-23,1446,Terra,MODIS,100,6.2,291.8,30.2,N,0
-29.4567,124.8561,320.4,1.4,1.2,2014-11-23,1446,Terra,MODIS,100,6.2,290.1,28.5,N,0
-29.3543,124.6658,312.1,1.3,1.1,2014-11-23,1446,Terra,MODIS,47,6.2,290.1,13.6,N,0
-29.4785,124.7299,328.7,1.4,1.2,2014-11-23,1446,Terra,MODIS,100,6.2,292.1,40.2,N,0
-29.4809,124.7161,328.5,1.3,1.2,2014-11-23,1446,Terra,MODIS,100,6.2,292.4,39,N,0
-29.4833,124.7022,331.5,1.3,1.1,2014-11-23,1446,Terra,MODIS,100,6.2,292.6,45.2,N,0
-29.3518,124.6796,318.8,1.3,1.2,2014-11-23,1446,Terra,MODIS,84,6.2,289.3,21.6,N,0
-29.3646,124.6681,408,1.3,1.1,2014-11-23,1446,Terra,MODIS,100,6.2,297.7,465.8,N,0
-29.4438,124.8678,306.6,1.4,1.2,2014-11-23,1446,Terra,MODIS,69,6.2,289.6,11.6,N,0
-29.4463,124.8536,342.2,1.4,1.2,2014-11-23,1446,Terra,MODIS,100,6.2,291.9,75.4,N,0
-29.4488,124.8395,320.5,1.4,1.2,2014-11-23,1446,Terra,MODIS,100,6.2,289.5,28.5,N,0
-29.4659,124.7412,323.9,1.4,1.2,2014-11-23,1446,Terra,MODIS,100,6.2,292.2,32.8,N,0
-29.4683,124.7274,376.1,1.4,1.2,2014-11-23,1446,Terra,MODIS,100,6.2,298.8,211.2,N,0
-29.4707,124.7136,354.5,1.3,1.2,2014-11-23,1446,Terra,MODIS,100,6.2,294.2,109.2,N,0
-29.4359,124.8512,338.1,1.4,1.2,2014-11-23,1446,Terra,MODIS,100,6.2,290.5,64.1,N,0
-29.3622,124.6819,423.8,1.3,1.2,2014-11-23,1446,Terra,MODIS,100,6.2,301.3,657.3,N,0
-29.3598,124.6957,385.2,1.4,1.2,2014-11-23,1446,Terra,MODIS,100,6.2,294.7,268.6,N,0
-29.3773,124.6566,320.5,1.3,1.1,2014-11-23,1446,Terra,MODIS,100,6.2,293.1,23.9,N,0
-29.3749,124.6704,463.5,1.3,1.1,2014-11-23,1446,Terra,MODIS,100,6.2,322.1,1391.5,N,0
-29.3725,124.6843,438.1,1.3,1.2,2014-11-23,1446,Terra,MODIS,100,6.2,320.9,878.3,N,0
-29.4384,124.837,327.2,1.4,1.2,2014-11-23,1446,Terra,MODIS,100,6.2,289.2,40,N,0
-29.4507,124.7666,310.8,1.4,1.2,2014-11-23,1446,Terra,MODIS,25,6.2,291,13.6,N,0
-29.4531,124.7527,319.3,1.4,1.2,2014-11-23,1446,Terra,MODIS,89,6.2,291.8,23.2,N,0
-29.4555,124.7388,339.3,1.4,1.2,2014-11-23,1446,Terra,MODIS,100,6.2,294.5,62.3,N,0
-29.3955,124.6751,325.6,1.3,1.1,2014-11-23,1446,Terra,MODIS,100,6.2,293.8,32,N,0
-29.3931,124.689,364.6,1.3,1.2,2014-11-23,1446,Terra,MODIS,100,6.2,302.7,148.1,N,0
-29.3907,124.7028,386.6,1.4,1.2,2014-11-23,1446,Terra,MODIS,100,6.2,306.1,277.6,N,0
-29.3937,124.7241,370.4,1.4,1.2,2014-11-23,1446,Terra,MODIS,100,6.2,298.7,179.1,N,0
-29.3962,124.7103,387.7,1.4,1.2,2014-11-23,1446,Terra,MODIS,100,6.2,306.4,285.6,N,0
-29.3883,124.7166,393.5,1.4,1.2,2014-11-23,1446,Terra,MODIS,100,6.2,303.7,333.2,N,0
-29.3986,124.6964,385.9,1.3,1.2,2014-11-23,1446,Terra,MODIS,100,6.2,305.6,272.8,N,0
-29.4011,124.6826,341.2,1.3,1.1,2014-11-23,1446,Terra,MODIS,100,6.2,295.5,66.2,N,0
-29.3962,124.7329,340,1.4,1.2,2014-11-23,1446,Terra,MODIS,100,6.2,292.8,63.8,N,0
-29.3986,124.7191,372.6,1.4,1.2,2014-11-23,1446,Terra,MODIS,100,6.2,303.7,191.2,N,0
-29.401,124.7052,376.6,1.4,1.2,2014-11-23,1446,Terra,MODIS,100,6.2,305.9,211.5,N,0
-29.4034,124.6913,367.5,1.3,1.2,2014-11-23,1446,Terra,MODIS,100,6.2,301.5,162.3,N,0
-29.3859,124.7305,318.5,1.4,1.2,2014-11-23,1446,Terra,MODIS,97,6.2,290.5,20.7,N,0
-29.378,124.7142,394.7,1.4,1.2,2014-11-23,1446,Terra,MODIS,100,6.2,300.7,341,N,0
-29.4016,124.7404,312.2,1.4,1.2,2014-11-23,1446,Terra,MODIS,45,6.2,290.2,12.6,N,0
-29.3756,124.7281,311.6,1.4,1.2,2014-11-23,1446,Terra,MODIS,25,6.2,289.3,11.2,N,0
-29.404,124.7265,366.9,1.4,1.2,2014-11-23,1446,Terra,MODIS,100,6.2,298.4,160.6,N,0
-29.4065,124.7127,381.7,1.4,1.2,2014-11-23,1446,Terra,MODIS,100,6.2,303.7,244.1,N,0
-29.4089,124.6988,392.3,1.3,1.2,2014-11-23,1446,Terra,MODIS,100,6.2,303.4,321.5,N,0
-29.4114,124.685,343.5,1.3,1.1,2014-11-23,1446,Terra,MODIS,100,6.2,293.4,72.1,N,0
-29.3912,124.738,305.5,1.4,1.2,2014-11-23,1446,Terra,MODIS,29,6.2,289.9,6.5,N,0
-24.6647,129.8492,301.2,3.8,1.8,2014-11-23,1447,Terra,MODIS,38,6.2,290.2,25,N,0
-24.6968,129.9352,303.7,3.8,1.8,2014-11-23,1447,Terra,MODIS,56,6.2,291.8,35.1,N,0
-22.0543,129.4281,321,4,1.9,2014-11-23,1447,Terra,MODIS,100,6.2,289.6,138.4,N,0
-22.0506,129.422,320.2,4,1.9,2014-11-23,1447,Terra,MODIS,99,6.2,288.1,133,N,0
-22.2787,127.7223,317.3,3,1.7,2014-11-23,1447,Terra,MODIS,95,6.2,296.5,57.7,N,0
-22.2581,127.7476,333.3,3,1.7,2014-11-23,1447,Terra,MODIS,100,6.2,296.3,151.8,N,0
-22.264,127.7187,341.9,3,1.7,2014-11-23,1447,Terra,MODIS,100,6.2,297.4,216.7,N,0
-22.2798,127.7174,316.4,3,1.7,2014-11-23,1447,Terra,MODIS,93,6.2,296.4,53.3,N,0
-22.2594,127.7427,340.7,3,1.7,2014-11-23,1447,Terra,MODIS,100,6.2,297,207.7,N,0
-22.2651,127.7138,332.3,3,1.7,2014-11-23,1447,Terra,MODIS,100,6.2,296.8,143.3,N,0
-23.5418,125.1569,306.7,1.9,1.3,2014-11-23,1447,Terra,MODIS,46,6.2,285.7,17.5,N,0
-22.11,120.5507,406.2,1.1,1,2014-11-23,1448,Terra,MODIS,100,6.2,315.7,316,N,0
-22.1116,120.5403,346.3,1.1,1,2014-11-23,1448,Terra,MODIS,100,6.2,302.7,54,N,0
-22.0748,120.47,331,1.1,1,2014-11-23,1448,Terra,MODIS,100,6.2,299.2,28.6,N,0
-22.0697,120.5646,316,1.1,1,2014-11-23,1448,Terra,MODIS,90,6.2,296.7,10.3,N,0
-22.1192,120.5524,323,1.1,1,2014-11-23,1448,Terra,MODIS,96,6.2,298.7,17.4,N,0
-22.4346,124.7067,308.6,1.8,1.3,2014-11-23,1448,Terra,MODIS,75,6.2,296.1,14.2,N,0
-22.5985,123.8435,323.3,1.6,1.2,2014-11-23,1448,Terra,MODIS,85,6.2,294.5,39,N,0
-22.0882,120.5679,433.5,1.1,1,2014-11-23,1448,Terra,MODIS,100,6.2,318.8,571.8,N,0
-22.3679,115.9998,315.9,1.2,1.1,2014-11-23,1448,Terra,MODIS,91,6.2,297.1,15.5,N,0
-22.3581,115.9984,316.1,1.2,1.1,2014-11-23,1448,Terra,MODIS,92,6.2,296.4,15.4,N,0
-22.1084,120.561,342.2,1.1,1,2014-11-23,1448,Terra,MODIS,100,6.2,301.5,45.2,N,0
-22.0716,120.4906,335.5,1.1,1,2014-11-23,1448,Terra,MODIS,100,6.2,299.9,36,N,0
-22.07,120.5009,354.2,1.1,1,2014-11-23,1448,Terra,MODIS,100,6.2,300.5,75,N,0
-22.4672,120.3762,307.8,1.1,1,2014-11-23,1448,Terra,MODIS,70,6.2,296.6,6.1,N,0
-22.0898,120.5576,342.4,1.1,1,2014-11-23,1448,Terra,MODIS,100,6.2,303.1,46,N,0
-22.093,120.5369,314.4,1.1,1,2014-11-23,1448,Terra,MODIS,33,6.2,298.8,8,N,0
-22.0962,120.5163,313.2,1.1,1,2014-11-23,1448,Terra,MODIS,60,6.2,298.4,7.2,N,0
-22.085,120.5887,314.5,1.1,1,2014-11-23,1448,Terra,MODIS,53,6.2,295,7.9,N,0
-22.1025,120.4751,316.5,1.1,1,2014-11-23,1448,Terra,MODIS,93,6.2,297.9,11.6,N,0
-22.1023,120.5386,315.5,1.1,1,2014-11-23,1448,Terra,MODIS,40,6.2,298.5,7.7,N,0
-22.1007,120.549,340.3,1.1,1,2014-11-23,1448,Terra,MODIS,100,6.2,299.7,40.3,N,0
-22.1147,120.5197,317.7,1.1,1,2014-11-23,1448,Terra,MODIS,86,6.2,298.7,12,N,0
-22.1131,120.53,342.8,1.1,1,2014-11-23,1448,Terra,MODIS,100,6.2,300.5,47.5,N,0
-22.3665,116.0114,309.7,1.2,1.1,2014-11-23,1448,Terra,MODIS,75,6.2,297.5,9.3,N,0
-22.4656,120.3864,313.1,1.1,1,2014-11-23,1448,Terra,MODIS,85,6.2,296.8,10.2,N,0
-22.0758,120.587,311.7,1.1,1,2014-11-23,1448,Terra,MODIS,48,6.2,295,6.2,N,0
-22.0774,120.5766,315.4,1.1,1,2014-11-23,1448,Terra,MODIS,70,6.2,296.7,9,N,0
-22.079,120.5662,410,1.1,1,2014-11-23,1448,Terra,MODIS,100,6.2,307.2,347,N,0
-22.0806,120.5559,409.8,1.1,1,2014-11-23,1448,Terra,MODIS,100,6.2,310.6,344.8,N,0
-22.0821,120.5456,340.6,1.1,1,2014-11-23,1448,Terra,MODIS,100,6.2,301,42.5,N,0
-22.0684,120.5112,319.8,1.1,1,2014-11-23,1448,Terra,MODIS,99,6.2,299.2,15.2,N,0
-22.0837,120.5352,318.9,1.1,1,2014-11-23,1448,Terra,MODIS,97,6.2,299,11.8,N,0
-22.0866,120.5783,352,1.1,1,2014-11-23,1448,Terra,MODIS,100,6.2,299.7,67,N,0
-21.9416,122.0704,319.3,1.3,1.1,2014-11-23,1448,Terra,MODIS,98,6.2,297.6,20.3,N,0
-21.9316,122.0685,328.4,1.3,1.1,2014-11-23,1448,Terra,MODIS,100,6.2,298.5,34,N,0
-22.0777,120.5129,313.3,1.1,1,2014-11-23,1448,Terra,MODIS,66,6.2,299.7,8.2,N,0
-22.0793,120.5026,325.8,1.1,1,2014-11-23,1448,Terra,MODIS,100,6.2,300.4,21.5,N,0
-22.084,120.4717,313,1.1,1,2014-11-23,1448,Terra,MODIS,84,6.2,298.8,8.6,N,0
-22.0856,120.4614,308.3,1.1,1,2014-11-23,1448,Terra,MODIS,69,6.2,297.7,5.1,N,0
-22.0732,120.4803,363.9,1.1,1,2014-11-23,1448,Terra,MODIS,100,6.2,301.7,102.4,N,0
-21.0955,119.7679,335.6,1,1,2014-11-23,1448,Terra,MODIS,100,6.2,298.5,34.4,N,0
-21.0863,119.7663,309.9,1,1,2014-11-23,1448,Terra,MODIS,69,6.2,298.2,6.1,N,0
-21.0772,119.7647,312,1,1,2014-11-23,1448,Terra,MODIS,77,6.2,298.1,7.4,N,0
-22.4714,120.5346,314.7,1.1,1,2014-11-23,1448,Terra,MODIS,89,6.2,297.1,11.4,N,0
-22.8154,122.6683,318.8,1.3,1.1,2014-11-23,1448,Terra,MODIS,97,6.2,298.8,21,N,0
-22.8176,122.6556,310,1.3,1.1,2014-11-23,1448,Terra,MODIS,76,6.2,296.2,10,N,0
-22.819,122.6631,316.5,1.3,1.1,2014-11-23,1448,Terra,MODIS,93,6.2,298,17.6,N,0
-22.473,120.5243,309.7,1.1,1,2014-11-23,1448,Terra,MODIS,76,6.2,297,7.2,N,0
-12.495,132.1911,303.2,2,1.4,2014-11-23,1615,Aqua,MODIS,11,6.2,292.7,10.8,N,0
-12.4672,132.1772,308,2,1.4,2014-11-23,1615,Aqua,MODIS,47,6.2,292.3,18.4,N,0
-12.4579,132.1977,316.4,2,1.4,2014-11-23,1615,Aqua,MODIS,93,6.2,293,36.3,N,0
-12.4548,132.1794,308.6,2,1.4,2014-11-23,1615,Aqua,MODIS,67,6.2,292.3,19.9,N,0
-13.5803,135.4215,307.8,1.2,1.1,2014-11-23,1615,Aqua,MODIS,67,6.2,293.6,7.5,N,0
-13.582,135.4323,307,1.2,1.1,2014-11-23,1615,Aqua,MODIS,58,6.2,293.4,6.5,N,0
-13.595,135.4521,306.5,1.2,1.1,2014-11-23,1615,Aqua,MODIS,21,6.2,294.1,5.8,N,0
-12.5218,135.0047,309.8,1.3,1.1,2014-11-23,1615,Aqua,MODIS,40,6.2,294.4,10.2,N,0
-12.5136,135.018,314.2,1.3,1.1,2014-11-23,1615,Aqua,MODIS,55,6.2,294.4,14.2,N,0
-12.5095,135.0491,304.7,1.3,1.1,2014-11-23,1615,Aqua,MODIS,16,6.2,294,5.7,N,0
-12.514,135.0127,315.7,1.3,1.1,2014-11-23,1615,Aqua,MODIS,87,6.2,294.5,16.9,N,0
-13.6901,135.5939,304.8,1.1,1.1,2014-11-23,1615,Aqua,MODIS,51,6.2,294.1,4.8,N,0
-13.6065,135.5265,306.2,1.2,1.1,2014-11-23,1615,Aqua,MODIS,60,6.2,295,5.6,N,0
-13.6115,135.531,312.4,1.2,1.1,2014-11-23,1615,Aqua,MODIS,82,6.2,295.1,10.7,N,0
-13.621,135.5293,305,1.2,1.1,2014-11-23,1615,Aqua,MODIS,52,6.2,295,4.7,N,0
-13.647,135.5687,308.3,1.1,1.1,2014-11-23,1615,Aqua,MODIS,40,6.2,294.6,6.5,N,0
-13.6486,135.5792,307.5,1.1,1.1,2014-11-23,1615,Aqua,MODIS,39,6.2,294.3,6.2,N,0
-15.3604,131.7165,306.1,1.9,1.4,2014-11-23,1616,Aqua,MODIS,26,6.2,289.5,9.5,N,0
-13.8468,134.9,305.5,1.2,1.1,2014-11-23,1616,Aqua,MODIS,56,6.2,295.1,5.1,N,0
-15.3634,131.7341,306.4,1.9,1.4,2014-11-23,1616,Aqua,MODIS,26,6.2,290.9,10.3,N,0
-15.3803,131.7255,319.1,1.9,1.4,2014-11-23,1616,Aqua,MODIS,98,6.2,292.4,34.3,N,0
-15.3771,131.708,334.1,1.9,1.4,2014-11-23,1616,Aqua,MODIS,100,6.2,292.5,80,N,0
-15.374,131.6902,310.5,1.9,1.4,2014-11-23,1616,Aqua,MODIS,76,6.2,291.6,16.4,N,0
-15.3682,131.7278,325.9,1.9,1.4,2014-11-23,1616,Aqua,MODIS,100,6.2,292,52.7,N,0
-15.365,131.7102,314.3,1.9,1.4,2014-11-23,1616,Aqua,MODIS,89,6.2,291.2,23.9,N,0
-15.3816,131.6943,309.1,1.9,1.4,2014-11-23,1616,Aqua,MODIS,62,6.2,291.4,13.8,N,0
-15.3755,131.7319,320.3,1.9,1.4,2014-11-23,1616,Aqua,MODIS,100,6.2,292.3,36.7,N,0
-15.3725,131.7143,343.1,1.9,1.4,2014-11-23,1616,Aqua,MODIS,100,6.2,293,116.9,N,0
-15.3695,131.6965,312.4,1.9,1.4,2014-11-23,1616,Aqua,MODIS,67,6.2,291.6,19.3,N,0
-17.3804,143.3173,309,2,1.4,2014-11-23,1616,Aqua,MODIS,66,6.2,292.6,17.5,N,0
-17.4768,143.036,306.3,1.9,1.4,2014-11-23,1616,Aqua,MODIS,14,6.2,292.1,11.6,N,0
-17.516,143.0238,310,1.9,1.4,2014-11-23,1616,Aqua,MODIS,42,6.2,294.2,15.5,N,0
-16.7541,136.593,312.9,1,1,2014-11-23,1616,Aqua,MODIS,52,6.2,296.1,7.8,N,0
-16.7617,136.5821,345.3,1,1,2014-11-23,1616,Aqua,MODIS,100,6.2,297.4,49.5,N,0
-16.7665,136.5524,333.3,1,1,2014-11-23,1616,Aqua,MODIS,100,6.2,297.4,29.7,N,0
-16.7679,136.5618,309.9,1,1,2014-11-23,1616,Aqua,MODIS,20,6.2,296.2,5,N,0
-16.7707,136.5807,326.1,1,1,2014-11-23,1616,Aqua,MODIS,100,6.2,296.5,19.9,N,0
-16.7769,136.5604,334.4,1,1,2014-11-23,1616,Aqua,MODIS,100,6.2,297.8,30.7,N,0
-16.7784,136.5698,328.1,1,1,2014-11-23,1616,Aqua,MODIS,100,6.2,297.4,21.8,N,0
-16.6061,136.4647,308.9,1,1,2014-11-23,1616,Aqua,MODIS,76,6.2,296.8,5.5,N,0
-15.1991,141.7861,300.3,1.5,1.2,2014-11-23,1616,Aqua,MODIS,22,6.2,277.2,7.2,N,0
-17.5283,143.0222,308.9,1.9,1.4,2014-11-23,1616,Aqua,MODIS,39,6.2,294,13.9,N,0
-17.428,143.1538,307.5,2,1.4,2014-11-23,1616,Aqua,MODIS,67,6.2,293.1,13.7,N,0
-17.812,133.6251,315,1.3,1.1,2014-11-23,1617,Aqua,MODIS,90,6.2,297.6,13.7,N,0
-17.8019,133.6269,308.1,1.3,1.1,2014-11-23,1617,Aqua,MODIS,74,6.2,297,6.3,N,0
-17.0577,130.7298,316.8,2.1,1.4,2014-11-23,1617,Aqua,MODIS,80,6.2,292.5,32.7,N,0
-17.0586,130.7244,316.2,2.1,1.4,2014-11-23,1617,Aqua,MODIS,93,6.2,291.9,33.7,N,0
-17.0712,130.7218,317.7,2.1,1.4,2014-11-23,1617,Aqua,MODIS,96,6.2,291,37.4,N,0
-17.055,130.7048,308.8,2.1,1.4,2014-11-23,1617,Aqua,MODIS,43,6.2,290.9,17,N,0
-17.0641,130.6828,312.1,2.1,1.4,2014-11-23,1617,Aqua,MODIS,78,6.2,288.4,25.4,N,0
-17.0676,130.7024,330.3,2.1,1.4,2014-11-23,1617,Aqua,MODIS,100,6.2,290.3,78.8,N,0
-19.8974,132.7402,307.7,1.4,1.2,2014-11-23,1617,Aqua,MODIS,23,6.2,296.7,6.8,N,0
-19.9344,132.7067,318.4,1.4,1.2,2014-11-23,1617,Aqua,MODIS,50,6.2,287.4,22,N,0
-19.9203,132.7491,320.4,1.4,1.2,2014-11-23,1617,Aqua,MODIS,100,6.2,297.5,23.6,N,0
-21.5624,128.1344,346.7,2.6,1.6,2014-11-23,1618,Aqua,MODIS,100,6.2,293.3,228.6,N,0
-21.5672,128.1595,328.9,2.6,1.6,2014-11-23,1618,Aqua,MODIS,99,6.2,290,112.2,N,0
-21.5677,128.1281,349.9,2.6,1.6,2014-11-23,1618,Aqua,MODIS,100,6.2,294,254.9,N,0
-21.5727,128.1531,345.9,2.6,1.6,2014-11-23,1618,Aqua,MODIS,100,6.2,292.6,220.6,N,0
-21.7787,128.4738,306.8,2.5,1.5,2014-11-23,1618,Aqua,MODIS,33,6.2,293.8,19.9,N,0
-20.8789,129.1275,315.6,2.3,1.5,2014-11-23,1618,Aqua,MODIS,84,6.2,275.7,55.3,N,0
-23.2663,142.9384,303.4,2.3,1.5,2014-11-23,1618,Aqua,MODIS,46,6.2,293,12.6,N,0
-23.2686,142.961,328.1,2.3,1.5,2014-11-23,1618,Aqua,MODIS,100,6.2,294.6,84.6,N,0
-23.2771,142.9531,305.7,2.3,1.5,2014-11-23,1618,Aqua,MODIS,30,6.2,293.8,16.2,N,0
-21.7798,128.4538,328.9,2.5,1.5,2014-11-23,1618,Aqua,MODIS,100,6.2,295,98.1,N,0
-21.7739,128.4502,315.9,2.5,1.5,2014-11-23,1618,Aqua,MODIS,92,6.2,294.1,45.5,N,0
-23.6578,134.8604,314.3,1,1,2014-11-23,1618,Aqua,MODIS,89,6.2,295.5,11.1,N,0
-23.6593,134.8703,315,1,1,2014-11-23,1618,Aqua,MODIS,90,6.2,294.8,11.6,N,0
-24.1318,127.1464,301.8,2.7,1.6,2014-11-23,1619,Aqua,MODIS,24,6.2,284.2,23.1,N,0
-25.1567,130.3235,336.7,1.6,1.2,2014-11-23,1619,Aqua,MODIS,100,6.2,293.1,73.8,N,0
-25.2905,132.0895,335.4,1.2,1.1,2014-11-23,1619,Aqua,MODIS,100,6.2,294.1,47.3,N,0
-25.2926,132.1016,374.2,1.2,1.1,2014-11-23,1619,Aqua,MODIS,100,6.2,298.4,174.6,N,0
-25.3004,132.0875,306.4,1.2,1.1,2014-11-23,1619,Aqua,MODIS,68,6.2,293.8,8.2,N,0
-25.3024,132.0996,313.2,1.2,1.1,2014-11-23,1619,Aqua,MODIS,87,6.2,293.7,14.7,N,0
-25.1594,130.3389,327.8,1.6,1.2,2014-11-23,1619,Aqua,MODIS,100,6.2,292.7,50.5,N,0
-22.1057,120.5335,307.3,3.3,1.7,2014-11-23,1756,Aqua,MODIS,21,6.2,294,27.7,N,0
-22.36,116.003,305.5,1.6,1.2,2014-11-23,1756,Aqua,MODIS,64,6.2,294.1,12,N,0
-21.9602,122.1042,315.1,4.3,1.9,2014-11-23,1756,Aqua,MODIS,90,6.2,293.7,102.9,N,0
-22.0776,120.5683,309,3.3,1.7,2014-11-23,1756,Aqua,MODIS,26,6.2,295.2,35.5,N,0
-21.9613,122.0959,317.5,4.3,1.9,2014-11-23,1756,Aqua,MODIS,95,6.2,293.4,120.4,N,0
-21.9429,122.1058,302.8,4.3,1.9,2014-11-23,1756,Aqua,MODIS,45,6.2,292.7,34.1,N,0
-21.944,122.0975,304.6,4.3,1.9,2014-11-23,1756,Aqua,MODIS,57,6.2,292.8,44.2,N,0
-21.2054,118.2881,307.8,2.2,1.4,2014-11-23,1756,Aqua,MODIS,71,6.2,297.2,17.1,N,0
-23.4486,120.2781,327.1,3.3,1.7,2014-11-23,1757,Aqua,MODIS,100,6.2,287.6,141.4,N,0
-23.4591,120.2692,331.7,3.3,1.7,2014-11-23,1757,Aqua,MODIS,100,6.2,281.7,179.6,N,0
-23.4619,120.3018,313.8,3.3,1.7,2014-11-23,1757,Aqua,MODIS,69,6.2,291,78.2,N,0
-23.4436,120.2708,303.5,3.3,1.7,2014-11-23,1757,Aqua,MODIS,38,6.2,284.8,32,N,0
-17.5272,142.993,322.7,4.7,2,2014-11-24,0003,Terra,MODIS,45,6.2,301.3,68.3,D,0
-17.5292,143.0003,325.2,4.7,2,2014-11-24,0003,Terra,MODIS,26,6.2,301.5,87.4,D,0
-15.7063,145.083,318.9,3.6,1.8,2014-11-24,0003,Terra,MODIS,50,6.2,297.1,52.1,D,0
-17.2339,143.0848,326.3,4.7,2,2014-11-24,0003,Terra,MODIS,76,6.2,302.7,70.4,D,0
-17.5448,142.989,335.6,4.7,2,2014-11-24,0003,Terra,MODIS,85,6.2,301,216.6,D,0
-17.2427,143.1282,325.3,4.6,2,2014-11-24,0003,Terra,MODIS,75,6.2,303.1,60.9,D,0
-17.2417,143.1228,325.9,4.6,2,2014-11-24,0003,Terra,MODIS,75,6.2,302.9,66.7,D,0
-17.2502,143.0755,326,4.7,2,2014-11-24,0003,Terra,MODIS,75,6.2,302.3,66.8,D,0
-17.2515,143.0808,326.6,4.7,2,2014-11-24,0003,Terra,MODIS,77,6.2,302.6,75.9,D,0
-17.5362,143.0365,322,4.6,2,2014-11-24,0003,Terra,MODIS,26,6.2,301.5,60.3,D,0
-17.5435,142.9837,332.9,4.7,2,2014-11-24,0003,Terra,MODIS,82,6.2,301,183.2,D,0
-19.4295,142.5006,319.6,4.6,2,2014-11-24,0004,Terra,MODIS,51,6.2,302.1,47.6,D,0
-19.422,142.4643,321.7,4.6,2,2014-11-24,0004,Terra,MODIS,62,6.2,302.8,69,D,0
-23.1249,146.1862,330.5,2.1,1.4,2014-11-24,0005,Terra,MODIS,45,6.2,305.6,38.3,D,0
-25.5405,148.9228,360.2,1.3,1.1,2014-11-24,0005,Terra,MODIS,100,6.2,308.6,100.1,D,0
-25.5305,148.925,353.1,1.3,1.1,2014-11-24,0005,Terra,MODIS,95,6.2,307.2,76.6,D,0
-25.5284,148.9124,334.5,1.3,1.1,2014-11-24,0005,Terra,MODIS,47,6.2,302.4,28.9,D,0
-25.5205,148.9269,337.5,1.3,1.1,2014-11-24,0005,Terra,MODIS,80,6.2,298.8,36.6,D,0
-24.9689,152.2999,332.3,1,1,2014-11-24,0005,Terra,MODIS,76,6.2,302.4,26.1,D,0
-23.1245,146.1795,328,2.1,1.4,2014-11-24,0005,Terra,MODIS,42,6.2,305.2,33.7,D,0
-23.1284,146.1994,328.2,2.1,1.4,2014-11-24,0005,Terra,MODIS,38,6.2,305.5,34.3,D,0
-24.8931,148.564,362.5,1.3,1.1,2014-11-24,0005,Terra,MODIS,100,6.2,286.6,134.6,D,0
-25.3474,147.346,332.8,1.6,1.2,2014-11-24,0005,Terra,MODIS,68,6.2,312.9,27.5,D,0
-26.512,147.3206,333.5,1.5,1.2,2014-11-24,0005,Terra,MODIS,53,6.2,314.2,21.8,D,0
-26.5147,147.3354,334.2,1.5,1.2,2014-11-24,0005,Terra,MODIS,59,6.2,312.4,24.6,D,0
-24.9241,148.2738,324.3,1.4,1.2,2014-11-24,0005,Terra,MODIS,29,6.2,304.6,15.3,D,0
-27.3665,153.0518,324.5,1,1,2014-11-24,0005,Terra,MODIS,42,6.2,306.5,6.9,D,0
-27.3197,152.9852,328.1,1,1,2014-11-24,0005,Terra,MODIS,61,6.2,309.9,9,D,2
-24.9218,148.2609,324.5,1.4,1.2,2014-11-24,0005,Terra,MODIS,32,6.2,306.2,16.7,D,0
-25.7975,151.0217,335.5,1,1,2014-11-24,0005,Terra,MODIS,78,6.2,307.6,20.6,D,0
-24.9322,148.2581,325.2,1.4,1.2,2014-11-24,0005,Terra,MODIS,15,6.2,305,16.4,D,0
-25.8254,151.0311,333,1,1,2014-11-24,0005,Terra,MODIS,50,6.2,306.8,17.3,D,0
-25.7991,151.032,336.1,1,1,2014-11-24,0005,Terra,MODIS,71,6.2,307.2,22.8,D,0
-25.8039,151.0141,335.1,1,1,2014-11-24,0005,Terra,MODIS,52,6.2,308.5,19.5,D,0
-27.5929,153.037,326.5,1,1,2014-11-24,0005,Terra,MODIS,45,6.2,309.2,7.7,D,0
-31.3499,152.2592,319.8,1,1,2014-11-24,0006,Terra,MODIS,70,6.2,292.6,12.3,D,0
-28.4021,150.8841,347.3,1,1,2014-11-24,0006,Terra,MODIS,91,6.2,306.5,45.3,D,0
-28.4006,150.8738,332,1,1,2014-11-24,0006,Terra,MODIS,71,6.2,304.8,19.4,D,0
-30.2151,152.1516,327.1,1,1,2014-11-24,0006,Terra,MODIS,70,6.2,287.1,21.5,D,0
-30.2166,152.1623,338,1,1,2014-11-24,0006,Terra,MODIS,89,6.2,291.4,37.5,D,0
-28.834,150.6953,350,1,1,2014-11-24,0006,Terra,MODIS,93,6.2,308.6,46.8,D,0
-33.2812,150.7614,331.4,1,1,2014-11-24,0007,Terra,MODIS,83,6.2,300.7,22.3,D,0
-33.2992,150.7578,323.2,1,1,2014-11-24,0007,Terra,MODIS,74,6.2,300.3,12.4,D,0
-33.3008,150.7686,328,1,1,2014-11-24,0007,Terra,MODIS,80,6.2,301.3,18.1,D,0
-33.2918,150.7704,328.1,1,1,2014-11-24,0007,Terra,MODIS,80,6.2,300.7,17.6,D,0
-33.2902,150.7596,326.2,1,1,2014-11-24,0007,Terra,MODIS,78,6.2,300.3,15.1,D,0
-33.2827,150.7722,322,1,1,2014-11-24,0007,Terra,MODIS,73,6.2,300.6,11.4,D,0
-13.9677,135.5746,327.2,1.8,1.3,2014-11-24,0140,Terra,MODIS,32,6.2,300.8,19.9,D,0
-13.7522,135.5978,326.7,1.8,1.3,2014-11-24,0140,Terra,MODIS,48,6.2,300.1,21.5,D,0
-13.6706,135.5807,325.5,1.8,1.3,2014-11-24,0140,Terra,MODIS,27,6.2,299.7,15.6,D,0
-13.6823,135.5792,327.3,1.8,1.3,2014-11-24,0140,Terra,MODIS,52,6.2,300.5,19.9,D,0
-13.9903,134.8615,332.5,1.6,1.2,2014-11-24,0140,Terra,MODIS,60,6.2,305.4,23.8,D,0
-14.1507,135.674,335.6,1.8,1.3,2014-11-24,0140,Terra,MODIS,79,6.2,300.1,46.2,D,0
-14.1528,135.6908,346.2,1.8,1.3,2014-11-24,0140,Terra,MODIS,90,6.2,300.8,90,D,0
-13.8585,134.989,338.7,1.6,1.2,2014-11-24,0140,Terra,MODIS,83,6.2,303.6,44.2,D,0
-11.6046,133.0509,331.1,1.1,1.1,2014-11-24,0140,Terra,MODIS,84,6.2,305.2,16.4,D,0
-14.1647,135.6893,334.9,1.8,1.3,2014-11-24,0140,Terra,MODIS,78,6.2,297.4,45.2,D,0
-14.1864,135.6695,327.6,1.8,1.3,2014-11-24,0140,Terra,MODIS,36,6.2,299.3,22.3,D,0
-13.8362,134.9021,332.5,1.6,1.2,2014-11-24,0140,Terra,MODIS,66,6.2,303.3,26,D,0
-13.7057,135.5763,335.4,1.8,1.3,2014-11-24,0140,Terra,MODIS,79,6.2,299.5,44.8,D,0
-13.7078,135.5927,335.7,1.8,1.3,2014-11-24,0140,Terra,MODIS,79,6.2,298.8,47.3,D,0
-13.6315,135.5531,332.9,1.8,1.3,2014-11-24,0140,Terra,MODIS,67,6.2,301.5,34.5,D,0
-13.6961,135.5942,326.1,1.8,1.3,2014-11-24,0140,Terra,MODIS,43,6.2,297.6,20.3,D,0
-13.6413,135.5358,328.2,1.7,1.3,2014-11-24,0140,Terra,MODIS,26,6.2,301.4,18.2,D,0
-13.6452,135.5675,326.6,1.8,1.3,2014-11-24,0140,Terra,MODIS,9,6.2,300.1,17.1,D,0
-13.7639,135.5963,327.2,1.8,1.3,2014-11-24,0140,Terra,MODIS,57,6.2,300.2,22.7,D,0
-12.5538,131.2596,342.8,1,1,2014-11-24,0140,Terra,MODIS,88,6.2,304.8,32,D,0
-12.6258,131.3758,333.9,1,1,2014-11-24,0140,Terra,MODIS,51,6.2,310.6,19,D,0
-12.6653,131.2657,332.2,1,1,2014-11-24,0140,Terra,MODIS,76,6.2,307.8,16.6,D,0
-12.1241,133.2708,332.3,1.2,1.1,2014-11-24,0140,Terra,MODIS,77,6.2,302.2,22.1,D,0
-12.5774,134.9806,321.1,1.5,1.2,2014-11-24,0140,Terra,MODIS,52,6.2,296.5,17.3,D,0
-12.5876,130.798,331.2,1,1,2014-11-24,0140,Terra,MODIS,40,6.2,302.1,16.1,D,0
-12.5434,135.0772,323,1.6,1.2,2014-11-24,0140,Terra,MODIS,50,6.2,299.7,23.3,D,0
-11.8661,132.7444,333.1,1.1,1.1,2014-11-24,0140,Terra,MODIS,53,6.2,307.7,23.7,D,0
-11.8741,132.733,328.6,1.1,1.1,2014-11-24,0140,Terra,MODIS,30,6.2,305.6,18,D,0
-12.4813,132.9619,324.7,1.2,1.1,2014-11-24,0140,Terra,MODIS,51,6.2,302.5,17.4,D,0
-11.6061,133.0612,337.8,1.1,1.1,2014-11-24,0140,Terra,MODIS,88,6.2,306.6,28.1,D,0
-13.6023,135.4822,332,1.7,1.3,2014-11-24,0140,Terra,MODIS,73,6.2,301.5,32,D,0
-13.5982,135.4503,327.9,1.7,1.3,2014-11-24,0140,Terra,MODIS,59,6.2,299.4,19.7,D,0
-13.6003,135.4662,334.7,1.7,1.3,2014-11-24,0140,Terra,MODIS,78,6.2,299,39.7,D,0
-13.5534,133.5754,328.1,1.3,1.1,2014-11-24,0140,Terra,MODIS,29,6.2,301.5,15.7,D,0
-12.5065,135.0531,333.3,1.6,1.2,2014-11-24,0140,Terra,MODIS,81,6.2,298.7,48.3,D,0
-13.5847,135.4361,342.6,1.7,1.3,2014-11-24,0140,Terra,MODIS,87,6.2,302,68.3,D,0
-13.5826,135.4204,338.7,1.7,1.3,2014-11-24,0140,Terra,MODIS,83,6.2,301.8,52.6,D,0
-12.523,135.0079,332,1.5,1.2,2014-11-24,0140,Terra,MODIS,79,6.2,297.5,40.7,D,0
-12.4733,135.9372,323.6,1.8,1.3,2014-11-24,0140,Terra,MODIS,37,6.2,301.1,19.7,D,0
-13.3007,130.3261,343.3,1,1,2014-11-24,0140,Terra,MODIS,83,6.2,299.9,37,D,0
-13.0194,130.4155,325.3,1,1,2014-11-24,0140,Terra,MODIS,24,6.2,303.3,11.9,D,0
-12.9748,130.2411,334.1,1,1,2014-11-24,0140,Terra,MODIS,21,6.2,310.7,15,D,0
-13.6349,130.0346,323.3,1,1,2014-11-24,0140,Terra,MODIS,41,6.2,300,10.6,D,0
-13.311,130.3339,365.8,1,1,2014-11-24,0140,Terra,MODIS,94,6.2,300.7,91,D,0
-13.3097,130.3248,351.5,1,1,2014-11-24,0140,Terra,MODIS,89,6.2,300.9,52.5,D,0
-13.2993,130.3169,342.2,1,1,2014-11-24,0140,Terra,MODIS,81,6.2,302,34.5,D,0
-12.9762,130.2502,335.7,1,1,2014-11-24,0140,Terra,MODIS,62,6.2,311.3,15.5,D,0
-12.9816,130.2869,335.4,1,1,2014-11-24,0140,Terra,MODIS,74,6.2,310.4,16.5,D,0
-12.9803,130.2777,336.1,1,1,2014-11-24,0140,Terra,MODIS,63,6.2,311.2,17.8,D,0
-12.983,130.296,333.9,1,1,2014-11-24,0140,Terra,MODIS,69,6.2,309.1,14.3,D,0
-13.289,130.3091,332.7,1,1,2014-11-24,0140,Terra,MODIS,66,6.2,302.3,20.1,D,0
-13.6011,130.0556,331.7,1,1,2014-11-24,0140,Terra,MODIS,42,6.2,304.9,17,D,0
-13.1333,131.3846,342.9,1,1,2014-11-24,0140,Terra,MODIS,87,6.2,303.4,29.7,D,0
-12.9642,130.355,333.8,1,1,2014-11-24,0140,Terra,MODIS,57,6.2,309.3,19.7,D,0
-14.4468,129.4305,330.1,1,1,2014-11-24,0141,Terra,MODIS,0,6.2,305.7,14,D,0
-14.2548,126.5224,353.3,1.4,1.2,2014-11-24,0141,Terra,MODIS,95,6.2,299.1,84.9,D,0
-14.5744,125.985,333.8,1.5,1.2,2014-11-24,0141,Terra,MODIS,76,6.2,305.3,29.5,D,0
-16.8404,129.3615,349.4,1,1,2014-11-24,0141,Terra,MODIS,93,6.2,307.3,40.1,D,0
-14.263,126.5276,326.1,1.4,1.2,2014-11-24,0141,Terra,MODIS,51,6.2,297.8,14.2,D,0
-16.8328,129.3722,339.1,1,1,2014-11-24,0141,Terra,MODIS,83,6.2,306.6,22.2,D,0
-16.8418,129.3708,337.3,1,1,2014-11-24,0141,Terra,MODIS,81,6.2,308.2,17.5,D,0
-16.8314,129.3629,335.5,1,1,2014-11-24,0141,Terra,MODIS,77,6.2,305.2,17.1,D,0
-14.2609,126.5153,351.8,1.4,1.2,2014-11-24,0141,Terra,MODIS,94,6.2,300.6,79.9,D,0
-14.5575,126.0151,338.6,1.4,1.2,2014-11-24,0141,Terra,MODIS,67,6.2,303.4,46.6,D,0
-14.5851,125.9832,330,1.5,1.2,2014-11-24,0141,Terra,MODIS,67,6.2,306.3,19.3,D,0
-14.2528,126.5101,348.5,1.4,1.2,2014-11-24,0141,Terra,MODIS,92,6.2,302,68.3,D,0
-16.8494,129.36,336,1,1,2014-11-24,0141,Terra,MODIS,78,6.2,306.9,16.6,D,0
-16.8508,129.3694,339.7,1,1,2014-11-24,0141,Terra,MODIS,84,6.2,308.3,22.2,D,0
-17.1493,128.3607,341,1,1,2014-11-24,0141,Terra,MODIS,86,6.2,306.1,28.5,D,0
-15.5901,130.8185,338,1,1,2014-11-24,0141,Terra,MODIS,79,6.2,298.9,24.8,D,0
-17.1707,128.3176,331.1,1,1,2014-11-24,0141,Terra,MODIS,70,6.2,305.3,11.9,D,0
-14.615,125.9643,337.3,1.5,1.2,2014-11-24,0141,Terra,MODIS,81,6.2,305.9,38.5,D,0
-14.618,125.9571,333.6,1.5,1.2,2014-11-24,0141,Terra,MODIS,76,6.2,307.2,29.9,D,0
-15.5887,130.8089,334,1,1,2014-11-24,0141,Terra,MODIS,79,6.2,301.6,18.8,D,0
-14.0151,129.744,330.8,1,1,2014-11-24,0141,Terra,MODIS,49,6.2,305.7,15.1,D,0
-15.3951,129.1814,335.4,1,1,2014-11-24,0141,Terra,MODIS,78,6.2,305.9,16.7,D,0
-17.1584,128.3593,333.4,1,1,2014-11-24,0141,Terra,MODIS,41,6.2,306.3,16.2,D,0
-15.3937,129.172,333.9,1,1,2014-11-24,0141,Terra,MODIS,75,6.2,305.1,14.2,D,0
-17.1616,128.3191,340.7,1,1,2014-11-24,0141,Terra,MODIS,85,6.2,305.4,28.6,D,0
-17.1128,129.0891,353.5,1,1,2014-11-24,0141,Terra,MODIS,96,6.2,300.4,54,D,0
-17.1114,129.0797,326.5,1,1,2014-11-24,0141,Terra,MODIS,23,6.2,296,7.5,D,0
-15.1834,126.3859,335.6,1.3,1.1,2014-11-24,0141,Terra,MODIS,79,6.2,308,26.8,D,0
-14.9352,130.173,333.3,1,1,2014-11-24,0141,Terra,MODIS,44,6.2,299.5,15.7,D,0
-14.9289,130.1928,390.6,1,1,2014-11-24,0141,Terra,MODIS,100,6.2,302.2,186.1,D,0
-14.477,129.692,324.9,1,1,2014-11-24,0141,Terra,MODIS,64,6.2,302.6,12.3,D,0
-14.9275,130.1836,415.9,1,1,2014-11-24,0141,Terra,MODIS,100,6.2,306.5,346.2,D,0
-14.9262,130.1743,342.3,1,1,2014-11-24,0141,Terra,MODIS,84,6.2,299,30.6,D,0
-17.1416,128.3718,343.2,1,1,2014-11-24,0141,Terra,MODIS,88,6.2,304.9,33.9,D,0
-17.1402,128.3622,334.9,1,1,2014-11-24,0141,Terra,MODIS,77,6.2,305.9,19.4,D,0
-17.1325,128.3732,329.8,1,1,2014-11-24,0141,Terra,MODIS,58,6.2,302.9,12.2,D,0
-14.9365,130.1822,356.7,1,1,2014-11-24,0141,Terra,MODIS,98,6.2,296,60.5,D,0
-14.9379,130.1914,354.9,1,1,2014-11-24,0141,Terra,MODIS,97,6.2,294.9,56.9,D,0
-14.6128,125.9509,328.5,1.5,1.2,2014-11-24,0141,Terra,MODIS,49,6.2,306.6,18,D,0
-17.1599,128.3689,332.7,1,1,2014-11-24,0141,Terra,MODIS,54,6.2,303.6,16,D,0
-17.1508,128.3704,348.2,1,1,2014-11-24,0141,Terra,MODIS,92,6.2,305.4,43.7,D,0
-15.6524,131.4599,337.6,1.1,1,2014-11-24,0141,Terra,MODIS,59,6.2,306.3,24,D,0
-15.6467,131.4672,378.6,1.1,1,2014-11-24,0141,Terra,MODIS,100,6.2,307.3,140.7,D,0
-15.643,131.5081,362,1.1,1,2014-11-24,0141,Terra,MODIS,100,6.2,302.7,85.6,D,0
-15.6402,131.4883,374.8,1.1,1,2014-11-24,0141,Terra,MODIS,100,6.2,305,126.9,D,0
-15.6862,132.0931,332.3,1.1,1.1,2014-11-24,0141,Terra,MODIS,75,6.2,303.6,19.1,D,0
-15.6511,131.4501,337,1.1,1,2014-11-24,0141,Terra,MODIS,54,6.2,305,23.3,D,0
-15.6453,131.4573,384.2,1.1,1,2014-11-24,0141,Terra,MODIS,100,6.2,307.6,165.9,D,0
-15.6579,131.4995,356.9,1.1,1,2014-11-24,0141,Terra,MODIS,92,6.2,301.9,66.1,D,0
-15.6566,131.4896,341.5,1.1,1,2014-11-24,0141,Terra,MODIS,82,6.2,302.9,29.8,D,0
-15.6523,131.5067,375.9,1.1,1,2014-11-24,0141,Terra,MODIS,100,6.2,302.8,133.9,D,0
-15.6509,131.4968,362.3,1.1,1,2014-11-24,0141,Terra,MODIS,100,6.2,305.4,83.1,D,0
-15.722,132.1415,324.8,1.1,1.1,2014-11-24,0141,Terra,MODIS,61,6.2,295.6,14.4,D,0
-15.6495,131.4869,357.4,1.1,1,2014-11-24,0141,Terra,MODIS,98,6.2,306.6,67.8,D,0
-14.6044,131.6468,329.3,1.1,1,2014-11-24,0141,Terra,MODIS,70,6.2,298.4,17.6,D,0
-15.8741,132.0538,335.2,1.1,1.1,2014-11-24,0141,Terra,MODIS,80,6.2,303.8,23.9,D,0
-14.0402,131.2952,332.5,1,1,2014-11-24,0141,Terra,MODIS,63,6.2,304.3,17.9,D,0
-15.919,131.924,346.7,1.1,1.1,2014-11-24,0141,Terra,MODIS,86,6.2,301.7,45.1,D,0
-16.1155,131.3513,333.3,1.1,1,2014-11-24,0141,Terra,MODIS,39,6.2,304.4,17.7,D,0
-15.8836,132.0524,339.1,1.1,1.1,2014-11-24,0141,Terra,MODIS,85,6.2,303.3,30.7,D,0
-15.9983,132.148,331.7,1.1,1.1,2014-11-24,0141,Terra,MODIS,67,6.2,297.4,23.8,D,0
-16.0079,132.1466,344.9,1.1,1.1,2014-11-24,0141,Terra,MODIS,93,6.2,297.8,48.4,D,0
-16.0903,131.4218,339.2,1.1,1,2014-11-24,0141,Terra,MODIS,83,6.2,304.2,28.8,D,0
-16.0555,131.3763,355.7,1.1,1,2014-11-24,0141,Terra,MODIS,97,6.2,304.3,63.6,D,0
-15.6481,131.477,349.7,1.1,1,2014-11-24,0141,Terra,MODIS,93,6.2,306,46.1,D,0
-16.0569,131.3862,331.1,1.1,1,2014-11-24,0141,Terra,MODIS,67,6.2,301.4,15.2,D,0
-14.2405,126.4992,327.6,1.4,1.2,2014-11-24,0141,Terra,MODIS,36,6.2,303.2,15.1,D,0
-14.2425,126.5119,338.9,1.4,1.2,2014-11-24,0141,Terra,MODIS,82,6.2,301.3,41.5,D,0
-14.2485,126.5048,336,1.4,1.2,2014-11-24,0141,Terra,MODIS,79,6.2,302.3,33.2,D,0
-14.2506,126.5172,341.5,1.4,1.2,2014-11-24,0141,Terra,MODIS,86,6.2,300.7,47.1,D,0
-16.5316,132.8487,333.5,1.3,1.1,2014-11-24,0141,Terra,MODIS,67,6.2,292,23.8,D,0
-16.5348,132.8723,335.7,1.3,1.1,2014-11-24,0141,Terra,MODIS,73,6.2,293.1,29.3,D,0
-17.8093,133.6135,360.7,1.5,1.2,2014-11-24,0141,Terra,MODIS,100,6.2,305.4,127.4,D,0
-17.8003,133.6286,362.1,1.5,1.2,2014-11-24,0141,Terra,MODIS,100,6.2,302.6,131.3,D,0
-17.7912,133.6438,341.4,1.5,1.2,2014-11-24,0141,Terra,MODIS,87,6.2,297,56.5,D,0
-17.7986,133.6148,338.3,1.5,1.2,2014-11-24,0141,Terra,MODIS,82,6.2,302.9,43.8,D,0
-17.7804,133.6451,323.1,1.5,1.2,2014-11-24,0141,Terra,MODIS,35,6.2,290.1,16.8,D,0
-17.7895,133.63,331.7,1.5,1.2,2014-11-24,0141,Terra,MODIS,52,6.2,295.8,27.3,D,0
-16.3972,133.0614,332.9,1.3,1.1,2014-11-24,0141,Terra,MODIS,56,6.2,289.9,29,D,0
-16.4105,133.0841,352.8,1.3,1.1,2014-11-24,0141,Terra,MODIS,96,6.2,288.8,78.3,D,0
-16.4198,133.0886,334.7,1.3,1.1,2014-11-24,0141,Terra,MODIS,56,6.2,285.6,28.7,D,0
-16.7786,133.0957,332.7,1.3,1.1,2014-11-24,0141,Terra,MODIS,85,6.2,304.7,21.3,D,0
-17.811,133.6272,344.8,1.5,1.2,2014-11-24,0141,Terra,MODIS,90,6.2,300.6,61.1,D,0
-16.8883,131.3515,337.4,1.1,1,2014-11-24,0141,Terra,MODIS,88,6.2,308.7,16.5,D,0
-16.8897,131.3616,333.3,1.1,1,2014-11-24,0141,Terra,MODIS,85,6.2,308.4,10.4,D,0
-16.7932,136.5656,323.7,2.3,1.5,2014-11-24,0141,Terra,MODIS,53,6.2,292.3,32.3,D,0
-14.5493,132.047,337,1.1,1,2014-11-24,0141,Terra,MODIS,80,6.2,303.1,25.4,D,0
-15.0413,134.5039,333.4,1.5,1.2,2014-11-24,0141,Terra,MODIS,76,6.2,305.9,22.8,D,0
-15.9121,136.3513,325.2,2.2,1.4,2014-11-24,0141,Terra,MODIS,37,6.2,295.8,28.7,D,0
-15.396,135.931,327.6,2,1.4,2014-11-24,0141,Terra,MODIS,64,6.2,299.5,25.3,D,0
-15.3911,135.9186,327.5,2,1.4,2014-11-24,0141,Terra,MODIS,60,6.2,300.1,25.8,D,0
-19.8819,132.6454,343.5,1.3,1.2,2014-11-24,0142,Terra,MODIS,89,6.2,303.7,43.6,D,0
-19.9076,132.6814,359.9,1.4,1.2,2014-11-24,0142,Terra,MODIS,99,6.2,310,102.7,D,0
-19.906,132.6684,377,1.4,1.2,2014-11-24,0142,Terra,MODIS,100,6.2,308.6,187.6,D,0
-19.9164,132.6671,334.8,1.4,1.2,2014-11-24,0142,Terra,MODIS,80,6.2,305.2,21.8,D,0
-19.918,132.68,345.9,1.4,1.2,2014-11-24,0142,Terra,MODIS,91,6.2,306.3,51.5,D,0
-19.9197,132.6929,337.6,1.4,1.2,2014-11-24,0142,Terra,MODIS,83,6.2,308,29.9,D,0
-19.9301,132.6915,375.3,1.4,1.2,2014-11-24,0142,Terra,MODIS,100,6.2,306.9,179.4,D,0
-19.9318,132.7045,342.4,1.4,1.2,2014-11-24,0142,Terra,MODIS,88,6.2,305.4,44,D,0
-19.9376,132.6979,332.7,1.4,1.2,2014-11-24,0142,Terra,MODIS,77,6.2,303.1,21.4,D,0
-19.9054,132.7478,330.9,1.4,1.2,2014-11-24,0142,Terra,MODIS,69,6.2,304.3,16,D,0
-19.8972,132.6827,340.6,1.4,1.2,2014-11-24,0142,Terra,MODIS,86,6.2,307.5,38,D,0
-19.8956,132.6698,356.2,1.4,1.2,2014-11-24,0142,Terra,MODIS,97,6.2,304.7,86.5,D,0
-19.894,132.657,353,1.4,1.2,2014-11-24,0142,Terra,MODIS,96,6.2,303.1,72.8,D,0
-19.8852,132.6712,333.8,1.4,1.2,2014-11-24,0142,Terra,MODIS,78,6.2,302.4,22,D,0
-19.8836,132.6583,373.1,1.4,1.2,2014-11-24,0142,Terra,MODIS,100,6.2,305,165.1,D,0
-19.8748,132.6726,340,1.4,1.2,2014-11-24,0142,Terra,MODIS,86,6.2,304.6,39,D,0
-19.8732,132.6597,332.9,1.4,1.2,2014-11-24,0142,Terra,MODIS,77,6.2,301.8,20.4,D,0
-18.9839,123.1312,330.6,1.9,1.4,2014-11-24,0142,Terra,MODIS,39,6.2,306.8,23.8,D,0
-17.4609,125.1106,328.1,1.5,1.2,2014-11-24,0142,Terra,MODIS,48,6.2,301.3,18.8,D,0
-17.8975,130.1723,338.1,1,1,2014-11-24,0142,Terra,MODIS,80,6.2,306.2,22,D,0
-17.8885,130.1736,361.8,1,1,2014-11-24,0142,Terra,MODIS,100,6.2,306.3,74.4,D,0
-17.8871,130.1641,328.9,1,1,2014-11-24,0142,Terra,MODIS,64,6.2,298.4,9.6,D,0
-17.8831,129.3778,340.7,1,1,2014-11-24,0142,Terra,MODIS,86,6.2,302.1,26.7,D,0
-17.8817,129.3685,327.6,1,1,2014-11-24,0142,Terra,MODIS,54,6.2,299.2,8.9,D,0
-17.8907,129.367,327.5,1,1,2014-11-24,0142,Terra,MODIS,24,6.2,304.1,9.2,D,0
-17.8921,129.3764,331,1,1,2014-11-24,0142,Terra,MODIS,74,6.2,305,11.9,D,0
-17.8997,129.3656,353.3,1,1,2014-11-24,0142,Terra,MODIS,96,6.2,306.5,51.7,D,0
-17.9059,129.3455,330.8,1,1,2014-11-24,0142,Terra,MODIS,35,6.2,296.7,14.6,D,0
-17.9087,129.3642,357.3,1,1,2014-11-24,0142,Terra,MODIS,98,6.2,307.7,60.5,D,0
-17.4501,125.1125,336.6,1.5,1.2,2014-11-24,0142,Terra,MODIS,80,6.2,303.5,38.8,D,0
-19.7216,126.5495,340.8,1.1,1.1,2014-11-24,0142,Terra,MODIS,81,6.2,312.3,24.9,D,0
-19.7233,126.5603,344.1,1.1,1.1,2014-11-24,0142,Terra,MODIS,85,6.2,309.9,32.6,D,0
-20.6334,128.7434,332.7,1,1,2014-11-24,0142,Terra,MODIS,71,6.2,289.6,19.9,D,0
-20.6424,128.7419,345.3,1,1,2014-11-24,0142,Terra,MODIS,90,6.2,290.9,39.9,D,0
-20.6438,128.7514,325.6,1,1,2014-11-24,0142,Terra,MODIS,28,6.2,289.8,9.8,D,0
-24.1272,127.116,379.4,1,1,2014-11-24,0143,Terra,MODIS,100,6.2,318.4,127.2,D,0
-24.1287,127.126,373.5,1,1,2014-11-24,0143,Terra,MODIS,100,6.2,320.1,103.1,D,0
-24.1303,127.1359,359,1,1,2014-11-24,0143,Terra,MODIS,99,6.2,319.4,54.9,D,0
-24.1318,127.1458,343.8,1,1,2014-11-24,0143,Terra,MODIS,81,6.2,321.2,21,D,0
-24.1363,127.1144,343.6,1,1,2014-11-24,0143,Terra,MODIS,84,6.2,314.9,24.6,D,0
-24.1378,127.1244,359.1,1,1,2014-11-24,0143,Terra,MODIS,99,6.2,320.1,58.5,D,0
-24.1393,127.1343,342.5,1,1,2014-11-24,0143,Terra,MODIS,64,6.2,318.1,19.9,D,0
-24.1408,127.1442,346,1,1,2014-11-24,0143,Terra,MODIS,87,6.2,319.1,26.4,D,0
-22.276,127.602,328.4,1,1,2014-11-24,0143,Terra,MODIS,63,6.2,286.2,16.7,D,0
-22.2892,127.7499,337.1,1,1,2014-11-24,0143,Terra,MODIS,81,6.2,293.8,25.8,D,0
-22.2938,127.7191,325.4,1,1,2014-11-24,0143,Terra,MODIS,51,6.2,292.9,9,D,0
-23.305,128.5782,348.3,1,1,2014-11-24,0143,Terra,MODIS,91,6.2,310.3,38.3,D,0
-22.5967,129.0248,338.9,1,1,2014-11-24,0143,Terra,MODIS,86,6.2,301.6,27.2,D,0
-21.9267,126.7699,333.4,1.1,1,2014-11-24,0143,Terra,MODIS,68,6.2,297.2,17.7,D,0
-21.9311,126.7375,335.9,1.1,1,2014-11-24,0143,Terra,MODIS,77,6.2,295.7,23.8,D,0
-22.0748,120.5547,334.6,2.5,1.5,2014-11-24,0143,Terra,MODIS,78,6.2,299.5,85.3,D,0
-22.074,120.586,325.9,2.5,1.5,2014-11-24,0143,Terra,MODIS,47,6.2,298.5,39.3,D,0
-21.9142,126.7511,351.7,1.1,1,2014-11-24,0143,Terra,MODIS,94,6.2,296,53.6,D,0
-21.9126,126.7408,364,1.1,1,2014-11-24,0143,Terra,MODIS,100,6.2,294.1,88.9,D,0
-22.5785,123.7908,338.1,1.5,1.2,2014-11-24,0143,Terra,MODIS,74,6.2,316.4,30.3,D,0
-22.5811,123.805,407.7,1.5,1.2,2014-11-24,0143,Terra,MODIS,100,6.2,326.4,489.9,D,0
-22.5836,123.8193,374.8,1.5,1.2,2014-11-24,0143,Terra,MODIS,100,6.2,323.5,187.3,D,0
-22.5893,123.7886,339.7,1.5,1.2,2014-11-24,0143,Terra,MODIS,79,6.2,311.9,34.1,D,0
-22.5918,123.8029,414,1.5,1.2,2014-11-24,0143,Terra,MODIS,100,6.2,323.9,568.2,D,0
-22.5944,123.8172,370.6,1.5,1.2,2014-11-24,0143,Terra,MODIS,100,6.2,322.2,158.9,D,0
-22.6158,123.8129,360.4,1.5,1.2,2014-11-24,0143,Terra,MODIS,100,6.2,318.3,102.6,D,0
-22.6183,123.8271,373.5,1.5,1.2,2014-11-24,0143,Terra,MODIS,100,6.2,322.5,172.8,D,0
-23.2165,124.6765,347.4,1.3,1.1,2014-11-24,0143,Terra,MODIS,89,6.2,322,36.6,D,0
-24.5784,130.3412,349.4,1.1,1.1,2014-11-24,0143,Terra,MODIS,92,6.2,312.4,44.7,D,0
-24.5702,130.354,335.8,1.1,1.1,2014-11-24,0143,Terra,MODIS,67,6.2,315.3,13.9,D,0
-24.5687,130.3427,349.3,1.1,1.1,2014-11-24,0143,Terra,MODIS,92,6.2,314.7,44.1,D,0
-21.9744,122.0812,334.7,2,1.4,2014-11-24,0143,Terra,MODIS,65,6.2,307.8,37.1,D,0
-21.9621,122.0839,334.1,2,1.4,2014-11-24,0143,Terra,MODIS,48,6.2,315,32.3,D,0
-21.9584,122.0647,346.8,2,1.4,2014-11-24,0143,Terra,MODIS,89,6.2,312.4,90.8,D,0
-21.9724,122.0875,337,2,1.4,2014-11-24,0143,Terra,MODIS,66,6.2,310.7,46,D,0
-21.9688,122.0683,336.3,2,1.4,2014-11-24,0143,Terra,MODIS,61,6.2,309.2,42.3,D,0
-21.9565,122.071,348.4,2,1.4,2014-11-24,0143,Terra,MODIS,91,6.2,315.5,96.2,D,0
-21.9283,122.057,352.3,2,1.4,2014-11-24,0143,Terra,MODIS,94,6.2,318.1,122.2,D,0
-21.9247,122.0377,345.6,2,1.4,2014-11-24,0143,Terra,MODIS,88,6.2,313.4,90.9,D,0
-21.9232,122.0979,335.9,2,1.4,2014-11-24,0143,Terra,MODIS,47,6.2,316.7,33.5,D,0
-21.9196,122.0788,341.7,2,1.4,2014-11-24,0143,Terra,MODIS,77,6.2,316.1,61.1,D,0
-22.442,124.7035,345.5,1.3,1.1,2014-11-24,0143,Terra,MODIS,87,6.2,322.5,30.5,D,0
-22.4389,124.698,340.5,1.3,1.1,2014-11-24,0143,Terra,MODIS,70,6.2,321.1,18.8,D,0
-22.4411,124.7106,340.5,1.3,1.1,2014-11-24,0143,Terra,MODIS,67,6.2,322.6,17.9,D,0
-21.916,122.0596,344,2,1.4,2014-11-24,0143,Terra,MODIS,74,6.2,314.3,73.6,D,0
-23.2383,124.6207,355,1.3,1.1,2014-11-24,0143,Terra,MODIS,96,6.2,320.9,67.5,D,0
-23.2244,124.6621,337.7,1.3,1.1,2014-11-24,0143,Terra,MODIS,61,6.2,319.8,11.5,D,0
-23.2223,124.6497,340.9,1.3,1.1,2014-11-24,0143,Terra,MODIS,73,6.2,318.7,20.2,D,0
-22.0509,120.5403,326.8,2.6,1.5,2014-11-24,0143,Terra,MODIS,61,6.2,292,54.2,D,0
-22.0505,120.4634,349.8,2.6,1.5,2014-11-24,0143,Terra,MODIS,93,6.2,295.4,200.7,D,0
-22.0552,120.4879,329.1,2.6,1.5,2014-11-24,0143,Terra,MODIS,38,6.2,291.5,60.6,D,0
-22.0599,120.5125,345.7,2.6,1.5,2014-11-24,0143,Terra,MODIS,90,6.2,292.9,164.3,D,0
-22.0647,120.5373,357.6,2.6,1.5,2014-11-24,0143,Terra,MODIS,98,6.2,299,262.3,D,0
-22.0694,120.5618,353.5,2.5,1.5,2014-11-24,0143,Terra,MODIS,96,6.2,300.1,220.8,D,0
-22.0562,120.5331,336.7,2.6,1.5,2014-11-24,0143,Terra,MODIS,81,6.2,293.6,101.3,D,0
-22.0611,120.5577,346.4,2.5,1.5,2014-11-24,0143,Terra,MODIS,90,6.2,297.3,165.1,D,0
-22.0659,120.5819,328.2,2.5,1.5,2014-11-24,0143,Terra,MODIS,59,6.2,296.5,51.7,D,0
-22.0553,120.4565,341.2,2.6,1.5,2014-11-24,0143,Terra,MODIS,86,6.2,291.8,129.9,D,0
-22.0602,120.481,340.7,2.6,1.5,2014-11-24,0143,Terra,MODIS,85,6.2,290.5,121.5,D,0
-22.0699,120.5301,362.1,2.6,1.5,2014-11-24,0143,Terra,MODIS,100,6.2,297.3,307.8,D,0
-22.0691,120.4535,356.5,2.6,1.5,2014-11-24,0143,Terra,MODIS,98,6.2,291.2,257,D,0
-23.2202,124.6372,374.3,1.3,1.1,2014-11-24,0143,Terra,MODIS,100,6.2,322.1,148.6,D,0
-23.2181,124.6247,344.1,1.3,1.1,2014-11-24,0143,Terra,MODIS,76,6.2,315.5,36.4,D,0
-23.2144,124.6641,354.4,1.3,1.1,2014-11-24,0143,Terra,MODIS,95,6.2,322,58.4,D,0
-23.2122,124.6517,348.9,1.3,1.1,2014-11-24,0143,Terra,MODIS,91,6.2,322.1,42.1,D,0
-23.2101,124.6392,347.2,1.3,1.1,2014-11-24,0143,Terra,MODIS,83,6.2,320.5,41,D,0
-23.2022,124.6536,341.6,1.3,1.1,2014-11-24,0143,Terra,MODIS,80,6.2,321.5,22,D,0
-23.2,124.6412,364.1,1.3,1.1,2014-11-24,0143,Terra,MODIS,100,6.2,322,100.1,D,0
-21.9295,126.7272,332,1.1,1,2014-11-24,0143,Terra,MODIS,66,6.2,291,18.1,D,0
-21.9219,126.7392,331.3,1.1,1,2014-11-24,0143,Terra,MODIS,59,6.2,291.7,15.7,D,0
-23.3538,124.8205,350.7,1.3,1.1,2014-11-24,0143,Terra,MODIS,92,6.2,321.9,41.3,D,0
-21.5864,128.0946,327.6,1,1,2014-11-24,0143,Terra,MODIS,53,6.2,296.3,7.8,D,0
-22.8237,122.6384,345.6,1.8,1.3,2014-11-24,0143,Terra,MODIS,87,6.2,313.5,62.6,D,0
-22.8267,122.6553,362.1,1.7,1.3,2014-11-24,0143,Terra,MODIS,100,6.2,317,151.5,D,0
-21.6392,128.0793,362.2,1,1,2014-11-24,0143,Terra,MODIS,100,6.2,301.1,75.8,D,0
-21.5771,128.1555,330.2,1,1,2014-11-24,0143,Terra,MODIS,59,6.2,297.3,10.5,D,0
-21.5681,128.157,328.7,1,1,2014-11-24,0143,Terra,MODIS,48,6.2,296,10,D,0
-22.8221,122.6503,366.9,1.7,1.3,2014-11-24,0143,Terra,MODIS,100,6.2,317.7,184.3,D,0
-22.8368,122.6646,340.3,1.7,1.3,2014-11-24,0143,Terra,MODIS,80,6.2,316.2,43.6,D,0
-21.5666,128.1474,328.3,1,1,2014-11-24,0143,Terra,MODIS,44,6.2,294.6,9.4,D,0
-24.6688,129.863,345.3,1.1,1,2014-11-24,0143,Terra,MODIS,87,6.2,316.4,24.8,D,0
-24.6594,129.8645,344,1.1,1,2014-11-24,0143,Terra,MODIS,79,6.2,319.4,23.7,D,0
-23.5355,125.1646,342.7,1.2,1.1,2014-11-24,0143,Terra,MODIS,68,6.2,322.9,18.4,D,0
-23.3438,124.8225,341.6,1.3,1.1,2014-11-24,0143,Terra,MODIS,58,6.2,321.8,19.5,D,0
-23.4306,120.2489,341.6,2.5,1.5,2014-11-24,0144,Terra,MODIS,85,6.2,312.5,97.9,D,0
-25.4144,130.1047,342.6,1.1,1.1,2014-11-24,0144,Terra,MODIS,84,6.2,313,31,D,0
-23.4761,120.2638,337.5,2.5,1.5,2014-11-24,0144,Terra,MODIS,80,6.2,313.5,70.6,D,0
-23.4626,120.2669,331,2.5,1.5,2014-11-24,0144,Terra,MODIS,39,6.2,313.2,34,D,0
-23.4578,120.2425,333.6,2.5,1.5,2014-11-24,0144,Terra,MODIS,65,6.2,312.5,48.5,D,0
-23.4354,120.273,330.8,2.5,1.5,2014-11-24,0144,Terra,MODIS,36,6.2,312.5,33.4,D,0
-23.4823,120.2563,334.9,2.5,1.5,2014-11-24,0144,Terra,MODIS,66,6.2,312.4,54.9,D,0
-23.4687,120.2594,332.4,2.5,1.5,2014-11-24,0144,Terra,MODIS,45,6.2,313.4,41,D,0
-23.4442,120.2457,336.9,2.5,1.5,2014-11-24,0144,Terra,MODIS,74,6.2,312.8,66.2,D,0
-29.4465,124.7482,329.1,1.1,1,2014-11-24,0145,Terra,MODIS,34,6.2,313,7.6,D,0
-29.4758,124.7134,342.7,1.1,1,2014-11-24,0145,Terra,MODIS,86,6.2,310.8,32.8,D,0
-29.4437,124.8502,328.8,1.1,1,2014-11-24,0145,Terra,MODIS,58,6.2,313.1,10.3,D,0
-29.442,124.8393,333.9,1.1,1,2014-11-24,0145,Terra,MODIS,77,6.2,312.6,18.2,D,0
-29.485,124.7114,332.4,1.1,1,2014-11-24,0145,Terra,MODIS,59,6.2,311.2,13.8,D,0
-29.4917,124.8117,334.1,1.1,1,2014-11-24,0145,Terra,MODIS,78,6.2,313.4,17.2,D,0
-29.4292,124.8195,334.8,1.1,1,2014-11-24,0145,Terra,MODIS,79,6.2,310.2,22,D,0
-29.431,124.8304,326.6,1.1,1,2014-11-24,0145,Terra,MODIS,51,6.2,311.2,9,D,0
-37.6743,140.4286,323.7,1.3,1.1,2014-11-24,0423,Aqua,MODIS,77,6.2,296.1,25.7,D,0
-30.033,151.2601,324.2,2.8,1.6,2014-11-24,0425,Aqua,MODIS,31,6.2,299,50.2,D,0
-30.027,151.2875,331.3,2.8,1.6,2014-11-24,0425,Aqua,MODIS,75,6.2,293.2,92,D,0
-28.8377,150.6928,360.2,2.7,1.6,2014-11-24,0425,Aqua,MODIS,100,6.2,306.6,277.6,D,0
-28.8434,150.6662,348.5,2.7,1.6,2014-11-24,0425,Aqua,MODIS,93,6.2,308.5,157.2,D,0
-28.8412,150.6608,334.4,2.7,1.6,2014-11-24,0425,Aqua,MODIS,71,6.2,307.9,51.6,D,0
-28.8496,150.6911,383.5,2.7,1.6,2014-11-24,0425,Aqua,MODIS,100,6.2,308.1,619.7,D,0
-28.8551,150.6645,365.4,2.7,1.6,2014-11-24,0425,Aqua,MODIS,100,6.2,311.4,336.6,D,0
-28.8356,150.6874,344.9,2.7,1.6,2014-11-24,0425,Aqua,MODIS,90,6.2,305.7,126.3,D,0
-28.8573,150.6699,382.3,2.7,1.6,2014-11-24,0425,Aqua,MODIS,100,6.2,310.3,600,D,0
-28.8516,150.6965,374,2.7,1.6,2014-11-24,0425,Aqua,MODIS,94,6.2,305.1,466.2,D,0
-28.999,152.3358,332.7,3.4,1.7,2014-11-24,0425,Aqua,MODIS,44,6.2,301.4,128.5,D,0
-29.0857,152.3698,333.2,3.4,1.7,2014-11-24,0425,Aqua,MODIS,81,6.2,301.2,153.6,D,0
-29.0142,152.3411,323,3.4,1.7,2014-11-24,0425,Aqua,MODIS,38,6.2,301.6,72.5,D,0
-29.0758,152.3597,325.3,3.4,1.7,2014-11-24,0425,Aqua,MODIS,67,6.2,300.9,94.3,D,0
-29.0297,152.3454,329.5,3.4,1.7,2014-11-24,0425,Aqua,MODIS,74,6.2,301.2,115.5,D,0
-28.9912,152.3694,343.1,3.4,1.7,2014-11-24,0425,Aqua,MODIS,89,6.2,302,226.6,D,0
-28.9988,152.3677,341,3.4,1.7,2014-11-24,0425,Aqua,MODIS,82,6.2,301.9,206.3,D,0
-29.0375,152.3415,321.2,3.4,1.7,2014-11-24,0425,Aqua,MODIS,14,6.2,300.4,61.3,D,0
-26.8172,152.0768,349.1,3.7,1.8,2014-11-24,0425,Aqua,MODIS,93,6.2,307.4,304.1,D,0
-28.9841,152.3598,324.4,3.4,1.7,2014-11-24,0425,Aqua,MODIS,42,6.2,301.2,74.9,D,0
-29.0946,152.3313,321.2,3.4,1.7,2014-11-24,0425,Aqua,MODIS,54,6.2,299.9,66.7,D,0
-29.0913,152.3641,336.8,3.4,1.7,2014-11-24,0425,Aqua,MODIS,84,6.2,301.2,187.6,D,0
-25.5327,148.9283,341.2,2.4,1.5,2014-11-24,0426,Aqua,MODIS,79,6.2,307.5,116.2,D,0
-24.8893,148.5755,339.6,2.4,1.5,2014-11-24,0426,Aqua,MODIS,84,6.2,315.5,82.5,D,0
-24.8894,148.5588,371,2.4,1.5,2014-11-24,0426,Aqua,MODIS,100,6.2,315.6,351,D,0
-24.9377,148.2549,332.9,2.2,1.5,2014-11-24,0426,Aqua,MODIS,73,6.2,310.1,66.3,D,0
-26.29,150.2953,335.8,2.9,1.6,2014-11-24,0426,Aqua,MODIS,65,6.2,284.8,138.4,D,0
-24.8941,148.5356,334.6,2.3,1.5,2014-11-24,0426,Aqua,MODIS,69,6.2,312.4,60.9,D,0
-26.5125,147.3424,342,1.8,1.3,2014-11-24,0426,Aqua,MODIS,40,6.2,316.5,63.6,D,0
-26.5158,147.3245,345.3,1.8,1.3,2014-11-24,0426,Aqua,MODIS,88,6.2,312.6,75.1,D,0
-24.8938,148.5523,365.1,2.4,1.5,2014-11-24,0426,Aqua,MODIS,100,6.2,315.5,287.4,D,0
-24.8806,148.5491,334.3,2.4,1.5,2014-11-24,0426,Aqua,MODIS,77,6.2,312.8,60.1,D,0
-24.617,148.0662,337.2,2.2,1.4,2014-11-24,0426,Aqua,MODIS,80,6.2,309.8,71,D,0
-24.6211,148.0454,339.1,2.2,1.4,2014-11-24,0426,Aqua,MODIS,83,6.2,310.2,78.8,D,0
-24.6186,148.0592,346.3,2.2,1.4,2014-11-24,0426,Aqua,MODIS,90,6.2,309.9,122.6,D,0
-25.8251,151.02,325.8,3.3,1.7,2014-11-24,0426,Aqua,MODIS,49,6.2,305.6,57.8,D,0
-24.9301,151.8302,329,4,1.9,2014-11-24,0426,Aqua,MODIS,70,6.2,297.2,131.9,D,0
-25.8097,151.0161,328.8,3.3,1.7,2014-11-24,0426,Aqua,MODIS,52,6.2,305.6,71.2,D,0
-23.135,146.2105,334.3,1.8,1.3,2014-11-24,0427,Aqua,MODIS,17,6.2,313.3,23.5,D,0
-23.1191,146.2138,337.6,1.8,1.3,2014-11-24,0427,Aqua,MODIS,38,6.2,315.2,33.6,D,0
-23.1339,146.1994,341.2,1.8,1.3,2014-11-24,0427,Aqua,MODIS,52,6.2,315.2,52.1,D,0
-23.2676,142.9619,348.2,1.1,1.1,2014-11-24,0427,Aqua,MODIS,90,6.2,321.4,34.5,D,0
-23.137,146.1821,356.1,1.8,1.3,2014-11-24,0427,Aqua,MODIS,97,6.2,314.4,124.9,D,0
-23.138,146.1933,342.1,1.8,1.3,2014-11-24,0427,Aqua,MODIS,63,6.2,315.1,53.1,D,0
-23.1294,146.1738,337.2,1.8,1.3,2014-11-24,0427,Aqua,MODIS,71,6.2,313.7,37.9,D,0
-23.1234,146.208,335.2,1.8,1.3,2014-11-24,0427,Aqua,MODIS,49,6.2,314.8,25,D,0
-23.141,146.1763,354.6,1.8,1.3,2014-11-24,0427,Aqua,MODIS,96,6.2,312.9,116,D,0
-23.1455,146.2015,331.4,1.8,1.3,2014-11-24,0427,Aqua,MODIS,26,6.2,313.6,23.1,D,0
-22.4536,147.2168,337.4,2.1,1.4,2014-11-24,0427,Aqua,MODIS,48,6.2,318,37.4,D,0
-23.1401,146.1653,348.2,1.7,1.3,2014-11-24,0427,Aqua,MODIS,90,6.2,311.4,85.5,D,0
-23.1286,146.1628,335.7,1.7,1.3,2014-11-24,0427,Aqua,MODIS,33,6.2,313.8,34.4,D,0
-25.2986,132.0807,330.5,3,1.7,2014-11-24,0427,Aqua,MODIS,59,6.2,290.4,94.5,D,0
-25.2966,132.0852,335.5,3,1.7,2014-11-24,0427,Aqua,MODIS,80,6.2,292.7,133.3,D,0
-16.8959,143.1601,369.1,1.4,1.2,2014-11-24,0428,Aqua,MODIS,100,6.2,316.2,146.3,D,0
-16.8938,143.1734,371.2,1.4,1.2,2014-11-24,0428,Aqua,MODIS,100,6.2,315,160.8,D,0
-17.502,142.9613,349.8,1.3,1.2,2014-11-24,0428,Aqua,MODIS,92,6.2,311.1,69.3,D,0
-16.8981,143.1469,362.1,1.4,1.2,2014-11-24,0428,Aqua,MODIS,87,6.2,313.2,112.4,D,0
-16.9043,143.1752,344.9,1.4,1.2,2014-11-24,0428,Aqua,MODIS,61,6.2,316.3,43.5,D,0
-17.4675,143.1444,355.4,1.4,1.2,2014-11-24,0428,Aqua,MODIS,95,6.2,316.6,82,D,0
-19.0866,141.9431,340.8,1.1,1.1,2014-11-24,0428,Aqua,MODIS,81,6.2,318.8,18.1,D,0
-17.135,143.3172,347.9,1.4,1.2,2014-11-24,0428,Aqua,MODIS,84,6.2,314.4,63.1,D,0
-17.5,142.9739,373.1,1.4,1.2,2014-11-24,0428,Aqua,MODIS,100,6.2,313,171.8,D,0
-19.1837,142.2219,338.8,1.2,1.1,2014-11-24,0428,Aqua,MODIS,62,6.2,317,18.5,D,0
-17.4856,142.9974,342.2,1.4,1.2,2014-11-24,0428,Aqua,MODIS,47,6.2,297.7,39.7,D,0
-17.467,142.981,340.1,1.4,1.2,2014-11-24,0428,Aqua,MODIS,81,6.2,306.9,42.4,D,0
-19.174,142.2202,341,1.2,1.1,2014-11-24,0428,Aqua,MODIS,60,6.2,319.6,21.4,D,0
-17.5487,142.9752,346.9,1.3,1.2,2014-11-24,0428,Aqua,MODIS,35,6.2,320.3,40.6,D,0
-17.9632,141.3343,343,1.1,1,2014-11-24,0428,Aqua,MODIS,84,6.2,316.4,22.3,D,0
-17.1457,143.3191,341.7,1.4,1.2,2014-11-24,0428,Aqua,MODIS,60,6.2,312.6,43,D,0
-19.425,142.4609,388.2,1.2,1.1,2014-11-24,0428,Aqua,MODIS,100,6.2,317.4,209.5,D,0
-19.4232,142.4721,403,1.2,1.1,2014-11-24,0428,Aqua,MODIS,100,6.2,319.4,316.4,D,0
-19.4347,142.4626,340.3,1.2,1.1,2014-11-24,0428,Aqua,MODIS,80,6.2,318.8,21.1,D,0
-19.4329,142.4738,345.7,1.2,1.1,2014-11-24,0428,Aqua,MODIS,87,6.2,321,34.9,D,0
-19.4227,142.4665,392.1,1.2,1.1,2014-11-24,0428,Aqua,MODIS,100,6.2,319.4,237.3,D,0
-19.4209,142.4777,348.6,1.2,1.1,2014-11-24,0428,Aqua,MODIS,90,6.2,317,44,D,0
-17.169,143.3438,344,1.4,1.2,2014-11-24,0428,Aqua,MODIS,74,6.2,311,44.2,D,0
-17.463,143.1381,365.3,1.4,1.2,2014-11-24,0428,Aqua,MODIS,100,6.2,317.6,126.8,D,0
-17.9817,145.7751,325.4,2.1,1.4,2014-11-24,0428,Aqua,MODIS,54,6.2,301.2,28.3,D,0
-17.496,142.9992,349.6,1.4,1.2,2014-11-24,0428,Aqua,MODIS,45,6.2,307.9,54.7,D,0
-17.5425,142.9482,346.4,1.3,1.1,2014-11-24,0428,Aqua,MODIS,87,6.2,315.7,47.7,D,0
-17.4951,142.9785,346.8,1.4,1.2,2014-11-24,0428,Aqua,MODIS,73,6.2,303.5,50.1,D,0
-17.465,142.9937,348.7,1.4,1.2,2014-11-24,0428,Aqua,MODIS,79,6.2,303.6,64.6,D,0
-17.4753,142.9955,336.7,1.4,1.2,2014-11-24,0428,Aqua,MODIS,43,6.2,299.8,29.5,D,0
-17.4972,142.9659,341.1,1.3,1.2,2014-11-24,0428,Aqua,MODIS,82,6.2,305.4,37.6,D,0
-17.5446,142.9356,340,1.3,1.1,2014-11-24,0428,Aqua,MODIS,72,6.2,314.4,31.6,D,0
-16.8791,143.13,343.6,1.4,1.2,2014-11-24,0428,Aqua,MODIS,75,6.2,310.8,52.8,D,0
-17.5096,142.9552,338.4,1.3,1.1,2014-11-24,0428,Aqua,MODIS,77,6.2,311.3,32.3,D,0
-17.5075,142.9677,375.5,1.3,1.2,2014-11-24,0428,Aqua,MODIS,100,6.2,317,174.3,D,0
-17.4877,142.9847,345.2,1.4,1.2,2014-11-24,0428,Aqua,MODIS,81,6.2,304.2,52.3,D,0
-17.5054,142.9803,375.7,1.4,1.2,2014-11-24,0428,Aqua,MODIS,100,6.2,318.2,168.5,D,0
-18.6928,145.7825,332.6,2,1.4,2014-11-24,0428,Aqua,MODIS,52,6.2,300.4,57.8,D,0
-18.6963,145.7632,330.8,2,1.4,2014-11-24,0428,Aqua,MODIS,54,6.2,299.1,48.6,D,0
-18.7209,145.768,332.4,2,1.4,2014-11-24,0428,Aqua,MODIS,71,6.2,301.3,60.8,D,0
-15.4002,135.9186,339.9,1.2,1.1,2014-11-24,0429,Aqua,MODIS,82,6.2,307.8,29.3,D,0
-15.3987,135.9244,334.2,1.2,1.1,2014-11-24,0429,Aqua,MODIS,64,6.2,306.7,17.8,D,0
-13.9649,141.8956,341.9,1.3,1.1,2014-11-24,0429,Aqua,MODIS,81,6.2,303.1,45,D,0
-16.3212,137.2429,333.7,1.1,1,2014-11-24,0429,Aqua,MODIS,75,6.2,306.8,18.9,D,0
-14.5068,135.1936,348.2,1.3,1.1,2014-11-24,0429,Aqua,MODIS,92,6.2,306.4,58,D,0
-14.5053,135.2057,335.8,1.3,1.1,2014-11-24,0429,Aqua,MODIS,44,6.2,304.9,26.5,D,0
-14.9176,144.5692,326.8,1.9,1.4,2014-11-24,0429,Aqua,MODIS,29,6.2,298.1,30.4,D,0
-16.3273,137.2391,335.1,1.1,1,2014-11-24,0429,Aqua,MODIS,79,6.2,305.5,23.6,D,0
-15.9148,136.3441,364.3,1.2,1.1,2014-11-24,0429,Aqua,MODIS,100,6.2,302.3,105.1,D,0
-16.5406,137.1588,346.7,1.1,1,2014-11-24,0429,Aqua,MODIS,86,6.2,297.8,50.8,D,0
-14.9466,144.513,348.5,1.9,1.4,2014-11-24,0429,Aqua,MODIS,92,6.2,303.5,112.2,D,0
-16.6747,141.2629,333.5,1.1,1.1,2014-11-24,0429,Aqua,MODIS,62,6.2,296.4,24.5,D,0
-16.3119,137.2415,328.9,1.1,1,2014-11-24,0429,Aqua,MODIS,59,6.2,304.5,11.9,D,0
-16.3226,137.2328,326.9,1.1,1,2014-11-24,0429,Aqua,MODIS,47,6.2,304,10.4,D,0
-15.1837,145.2158,325.1,2.1,1.4,2014-11-24,0429,Aqua,MODIS,42,6.2,300.2,38.3,D,0
-15.7947,145.1149,335.4,2,1.4,2014-11-24,0429,Aqua,MODIS,81,6.2,304.7,59.4,D,0
-15.7574,145.1078,331.1,2,1.4,2014-11-24,0429,Aqua,MODIS,64,6.2,304.4,44.5,D,0
-15.7024,145.1101,322.4,2.1,1.4,2014-11-24,0429,Aqua,MODIS,25,6.2,297,24.4,D,0
-14.8679,144.6084,341.2,2,1.4,2014-11-24,0429,Aqua,MODIS,87,6.2,300.9,83.4,D,0
-16.3537,133.7412,350.8,1.7,1.3,2014-11-24,0429,Aqua,MODIS,89,6.2,298.8,120.5,D,0
-15.1838,145.2233,328.8,2.1,1.4,2014-11-24,0429,Aqua,MODIS,54,6.2,299.7,53,D,0
-17.3873,133.1404,333.9,2,1.4,2014-11-24,0429,Aqua,MODIS,76,6.2,304.2,49.4,D,0
-17.3728,133.1576,371.7,2,1.4,2014-11-24,0429,Aqua,MODIS,100,6.2,305.5,291.2,D,0
-17.3749,133.1388,348.1,2,1.4,2014-11-24,0429,Aqua,MODIS,92,6.2,305.5,117.4,D,0
-17.3834,133.1541,334.9,2,1.4,2014-11-24,0429,Aqua,MODIS,79,6.2,304.6,53.7,D,0
-17.3857,133.1353,330.2,2,1.4,2014-11-24,0429,Aqua,MODIS,70,6.2,303.9,36,D,0
-17.3689,133.1712,336.8,2,1.4,2014-11-24,0429,Aqua,MODIS,81,6.2,301.6,64.7,D,0
-17.371,133.1525,377.2,2,1.4,2014-11-24,0429,Aqua,MODIS,100,6.2,306.3,348.8,D,0
-17.3732,133.1338,342.9,2,1.4,2014-11-24,0429,Aqua,MODIS,88,6.2,304.7,91.6,D,0
-17.3586,133.151,336.4,2,1.4,2014-11-24,0429,Aqua,MODIS,81,6.2,301.5,66.7,D,0
-17.3608,133.1323,353.4,2,1.4,2014-11-24,0429,Aqua,MODIS,96,6.2,303.4,154.5,D,0
-17.3484,133.1308,326.8,2,1.4,2014-11-24,0429,Aqua,MODIS,56,6.2,300.8,34.8,D,0
-16.8115,133.1593,361.3,2,1.4,2014-11-24,0429,Aqua,MODIS,100,6.2,305.8,185.2,D,0
-16.8137,133.141,343,2,1.4,2014-11-24,0429,Aqua,MODIS,89,6.2,303.4,76.4,D,0
-16.7971,133.176,356.8,1.9,1.4,2014-11-24,0429,Aqua,MODIS,98,6.2,305,159.5,D,0
-16.7992,133.1577,428.4,2,1.4,2014-11-24,0429,Aqua,MODIS,100,6.2,313.7,1198.3,D,0
-16.8014,133.1394,375,2,1.4,2014-11-24,0429,Aqua,MODIS,100,6.2,306.9,306.6,D,0
-16.7848,133.1744,384.4,1.9,1.4,2014-11-24,0429,Aqua,MODIS,100,6.2,303.9,415.3,D,0
-16.7869,133.1562,429.8,2,1.4,2014-11-24,0429,Aqua,MODIS,100,6.2,309.7,1241.5,D,0
-16.7584,133.078,341.8,2,1.4,2014-11-24,0429,Aqua,MODIS,82,6.2,301.3,82,D,0
-15.745,145.1056,338.5,2,1.4,2014-11-24,0429,Aqua,MODIS,84,6.2,303.4,77.3,D,0
-17.8003,133.6275,331.1,1.9,1.3,2014-11-24,0429,Aqua,MODIS,48,6.2,305.9,29.3,D,0
-17.8024,133.6098,368.4,1.9,1.3,2014-11-24,0429,Aqua,MODIS,100,6.2,309.6,241.7,D,0
-17.7964,133.6625,326.3,1.9,1.3,2014-11-24,0429,Aqua,MODIS,12,6.2,298.6,22.4,D,0
-17.8144,133.6113,339.9,1.9,1.3,2014-11-24,0429,Aqua,MODIS,52,6.2,308.8,69.9,D,0
-17.8124,133.6289,341,1.9,1.3,2014-11-24,0429,Aqua,MODIS,85,6.2,307.3,66.1,D,0
-17.8104,133.6464,334.8,1.9,1.3,2014-11-24,0429,Aqua,MODIS,70,6.2,305,44.5,D,0
-17.8084,133.6639,330.2,1.9,1.3,2014-11-24,0429,Aqua,MODIS,48,6.2,300.9,32.2,D,0
-17.7923,133.5906,332.2,1.9,1.3,2014-11-24,0429,Aqua,MODIS,56,6.2,303.3,57.4,D,0
-17.7903,133.6084,426.4,1.9,1.3,2014-11-24,0429,Aqua,MODIS,100,6.2,311.1,1097.3,D,0
-17.7883,133.626,342.9,1.9,1.3,2014-11-24,0429,Aqua,MODIS,87,6.2,304.5,87.6,D,0
-17.7743,133.6422,353.6,1.9,1.3,2014-11-24,0429,Aqua,MODIS,95,6.2,302.7,137,D,0
-17.7972,133.6023,380.9,1.9,1.3,2014-11-24,0429,Aqua,MODIS,100,6.2,310.2,361.9,D,0
-17.7951,133.62,365.8,1.9,1.3,2014-11-24,0429,Aqua,MODIS,100,6.2,308.1,217.2,D,0
-15.743,145.098,329.7,2,1.4,2014-11-24,0429,Aqua,MODIS,44,6.2,301.5,41.2,D,0
-15.7554,145.1006,334.6,2,1.4,2014-11-24,0429,Aqua,MODIS,80,6.2,304.3,59.4,D,0
-17.7831,133.6185,375.3,1.9,1.3,2014-11-24,0429,Aqua,MODIS,100,6.2,304.2,299.2,D,0
-17.7852,133.6008,379.8,1.9,1.3,2014-11-24,0429,Aqua,MODIS,100,6.2,305.4,351.2,D,0
-17.781,133.6361,342.7,1.9,1.3,2014-11-24,0429,Aqua,MODIS,86,6.2,302.1,81.2,D,0
-17.7789,133.6536,340.1,1.9,1.3,2014-11-24,0429,Aqua,MODIS,83,6.2,300.4,70.5,D,0
-17.0579,130.6928,333,3,1.7,2014-11-24,0429,Aqua,MODIS,77,6.2,302.6,69.4,D,0
-17.043,130.691,329.4,3,1.7,2014-11-24,0429,Aqua,MODIS,42,6.2,301.4,46.8,D,0
-17.0281,130.6892,336.8,3,1.7,2014-11-24,0429,Aqua,MODIS,82,6.2,300.6,105.6,D,0
-17.0132,130.6873,328.3,3,1.7,2014-11-24,0429,Aqua,MODIS,61,6.2,298.8,51.6,D,0
-17.0286,130.6823,338.8,3,1.7,2014-11-24,0429,Aqua,MODIS,84,6.2,300.6,121.6,D,0
-16.7494,136.2699,354,1.2,1.1,2014-11-24,0429,Aqua,MODIS,96,6.2,305.6,66.8,D,0
-14.939,144.5185,362.9,1.9,1.4,2014-11-24,0429,Aqua,MODIS,100,6.2,297.4,204.8,D,0
-16.7067,136.5237,332.6,1.2,1.1,2014-11-24,0429,Aqua,MODIS,52,6.2,308.2,15.6,D,0
-16.7979,136.5978,335.6,1.2,1.1,2014-11-24,0429,Aqua,MODIS,82,6.2,304.7,21.8,D,0
-16.8008,136.5762,340.8,1.2,1.1,2014-11-24,0429,Aqua,MODIS,87,6.2,305.2,33.1,D,0
-16.7869,136.6073,336.9,1.2,1.1,2014-11-24,0429,Aqua,MODIS,83,6.2,307.2,23.3,D,0
-16.7883,136.5964,340.9,1.2,1.1,2014-11-24,0429,Aqua,MODIS,87,6.2,308.4,31.2,D,0
-16.7911,136.5748,332.5,1.2,1.1,2014-11-24,0429,Aqua,MODIS,59,6.2,303.4,15.1,D,0
-16.7772,136.6059,333.7,1.2,1.1,2014-11-24,0429,Aqua,MODIS,80,6.2,302.3,15.7,D,0
-16.7786,136.5951,334.1,1.2,1.1,2014-11-24,0429,Aqua,MODIS,77,6.2,307.2,16.9,D,0
-16.7754,136.6001,350,1.2,1.1,2014-11-24,0429,Aqua,MODIS,94,6.2,304.6,53.7,D,0
-16.7657,136.5988,345.8,1.2,1.1,2014-11-24,0429,Aqua,MODIS,91,6.2,302.5,41.9,D,0
-16.2532,142.3752,344.4,1.3,1.1,2014-11-24,0429,Aqua,MODIS,88,6.2,309.7,45.3,D,0
-13.8437,141.9428,330.2,1.3,1.1,2014-11-24,0429,Aqua,MODIS,50,6.2,297.5,15.2,D,0
-16.1218,131.2512,334,2.7,1.6,2014-11-24,0429,Aqua,MODIS,78,6.2,300.2,64.8,D,0
-13.866,141.9341,331.6,1.3,1.1,2014-11-24,0429,Aqua,MODIS,67,6.2,302.5,20.7,D,0
-13.8558,141.9324,346.3,1.3,1.1,2014-11-24,0429,Aqua,MODIS,92,6.2,301.7,55.8,D,0
-13.8641,141.9462,334.2,1.3,1.1,2014-11-24,0429,Aqua,MODIS,70,6.2,299.2,26,D,0
-16.3367,137.2405,326.7,1.1,1,2014-11-24,0429,Aqua,MODIS,43,6.2,303.5,10.4,D,0
-16.326,137.2492,332.3,1.1,1,2014-11-24,0429,Aqua,MODIS,73,6.2,307.2,16.1,D,0
-16.3198,137.2529,330.6,1.1,1,2014-11-24,0429,Aqua,MODIS,68,6.2,306,12.8,D,0
-16.2043,142.3598,343,1.3,1.1,2014-11-24,0429,Aqua,MODIS,87,6.2,301.2,48.3,D,0
-15.9133,136.355,330.8,1.2,1.1,2014-11-24,0429,Aqua,MODIS,38,6.2,303.6,15.5,D,0
-16.334,137.2607,335.2,1.1,1,2014-11-24,0429,Aqua,MODIS,79,6.2,305.9,19.4,D,0
-16.2737,133.2915,352.9,1.9,1.3,2014-11-24,0429,Aqua,MODIS,96,6.2,303.6,131.2,D,0
-15.8324,145.1269,338.1,2,1.4,2014-11-24,0429,Aqua,MODIS,84,6.2,303,74,D,0
-16.1941,142.3581,345.4,1.3,1.1,2014-11-24,0429,Aqua,MODIS,89,6.2,304.9,56.2,D,0
-15.8321,145.1218,333.7,2,1.4,2014-11-24,0429,Aqua,MODIS,77,6.2,303.6,56.1,D,0
-16.208,142.3358,372.4,1.3,1.1,2014-11-24,0429,Aqua,MODIS,100,6.2,292,161.8,D,0
-16.28,133.2795,334.9,1.9,1.3,2014-11-24,0429,Aqua,MODIS,70,6.2,304.6,47.4,D,0
-16.2679,133.278,333.4,1.9,1.3,2014-11-24,0429,Aqua,MODIS,78,6.2,302.5,42,D,0
-16.196,142.346,350.5,1.3,1.1,2014-11-24,0429,Aqua,MODIS,93,6.2,298.1,72.7,D,0
-16.2858,133.293,330.2,1.9,1.3,2014-11-24,0429,Aqua,MODIS,49,6.2,302.1,30.6,D,0
-16.2061,142.3478,358,1.3,1.1,2014-11-24,0429,Aqua,MODIS,98,6.2,298.5,96.9,D,0
-16.278,133.297,350.4,1.9,1.3,2014-11-24,0429,Aqua,MODIS,94,6.2,302.8,116.7,D,0
-16.5975,133.985,340,1.7,1.3,2014-11-24,0429,Aqua,MODIS,65,6.2,296.8,70.8,D,0
-16.5282,130.1215,336.7,3.3,1.7,2014-11-24,0429,Aqua,MODIS,64,6.2,298.3,129.9,D,0
-16.5097,130.1507,329.5,3.3,1.7,2014-11-24,0429,Aqua,MODIS,39,6.2,296.2,60.7,D,0
-16.5127,130.1199,348.4,3.3,1.7,2014-11-24,0429,Aqua,MODIS,93,6.2,296.6,247.3,D,0
-16.0523,131.1853,332.7,2.7,1.6,2014-11-24,0429,Aqua,MODIS,75,6.2,300.4,55.3,D,0
-16.0424,131.191,335.3,2.7,1.6,2014-11-24,0429,Aqua,MODIS,82,6.2,299.6,70.6,D,0
-17.184,128.3068,329.5,4.6,2,2014-11-24,0429,Aqua,MODIS,69,6.2,292.8,138,D,0
-17.188,128.2624,334.5,4.6,2,2014-11-24,0429,Aqua,MODIS,60,6.2,290.6,196.8,D,0
-17.1622,128.3493,334.5,4.6,2,2014-11-24,0429,Aqua,MODIS,80,6.2,290.7,201.2,D,0
-17.1661,128.3061,349.7,4.6,2,2014-11-24,0429,Aqua,MODIS,93,6.2,292.1,441.9,D,0
-17.1851,128.3026,332.6,4.6,2,2014-11-24,0429,Aqua,MODIS,77,6.2,292.8,173.6,D,0
-17.1894,128.2582,330.3,4.6,2,2014-11-24,0429,Aqua,MODIS,56,6.2,290,142.9,D,0
-17.1631,128.3448,338,4.6,2,2014-11-24,0429,Aqua,MODIS,84,6.2,290.5,246.7,D,0
-17.1672,128.3018,351.3,4.6,2,2014-11-24,0429,Aqua,MODIS,94,6.2,292.3,472.2,D,0
-17.9281,129.3634,349.6,3.9,1.8,2014-11-24,0429,Aqua,MODIS,92,6.2,299.9,324.6,D,0
-17.9329,129.3674,331.6,3.9,1.8,2014-11-24,0429,Aqua,MODIS,68,6.2,299.2,106.3,D,0
-17.8915,130.1641,333.9,3.4,1.7,2014-11-24,0429,Aqua,MODIS,74,6.2,300.5,100.5,D,0
-17.8976,130.1607,332,3.4,1.7,2014-11-24,0429,Aqua,MODIS,71,6.2,300,85.6,D,0
-17.8892,129.352,327.3,3.9,1.8,2014-11-24,0429,Aqua,MODIS,54,6.2,298.3,66.3,D,0
-17.8819,130.1588,331.1,3.4,1.7,2014-11-24,0429,Aqua,MODIS,68,6.2,299.5,83.8,D,0
-17.9115,129.3618,330.4,3.9,1.8,2014-11-24,0429,Aqua,MODIS,64,6.2,299.4,85.8,D,0
-16.5165,130.1126,345.8,3.3,1.7,2014-11-24,0429,Aqua,MODIS,91,6.2,297.6,230.8,D,0
-16.5133,130.1434,339.3,3.3,1.7,2014-11-24,0429,Aqua,MODIS,81,6.2,296.4,154.4,D,0
-16.2719,133.243,337.1,1.9,1.3,2014-11-24,0429,Aqua,MODIS,84,6.2,301.9,54.9,D,0
-16.2739,133.2254,328.3,1.9,1.3,2014-11-24,0429,Aqua,MODIS,62,6.2,301,25.5,D,0
-16.268,133.2375,339.9,1.9,1.3,2014-11-24,0429,Aqua,MODIS,86,6.2,301.9,68.1,D,0
-14.1967,135.619,378.8,1.2,1.1,2014-11-24,0429,Aqua,MODIS,100,6.2,303.6,179.4,D,0
-14.1938,135.6415,334.8,1.2,1.1,2014-11-24,0429,Aqua,MODIS,78,6.2,302.8,25.8,D,0
-14.2081,135.609,355.7,1.2,1.1,2014-11-24,0429,Aqua,MODIS,97,6.2,302.5,82.6,D,0
-14.1952,135.6302,344,1.2,1.1,2014-11-24,0429,Aqua,MODIS,89,6.2,303.9,45.4,D,0
-14.1982,135.6077,402.3,1.2,1.1,2014-11-24,0429,Aqua,MODIS,100,6.2,304.5,340.3,D,0
-14.2066,135.6204,340.6,1.2,1.1,2014-11-24,0429,Aqua,MODIS,85,6.2,302.4,40.9,D,0
-14.8325,144.6517,331.2,2,1.4,2014-11-24,0429,Aqua,MODIS,59,6.2,301.1,43.9,D,0
-14.7373,144.7641,331.7,2,1.4,2014-11-24,0429,Aqua,MODIS,76,6.2,300.7,52.4,D,0
-15.6215,136.0875,340.8,1.2,1.1,2014-11-24,0429,Aqua,MODIS,84,6.2,306.9,31.9,D,0
-14.8343,144.6574,328.9,2,1.4,2014-11-24,0429,Aqua,MODIS,50,6.2,299.9,35.6,D,0
-14.8527,144.6239,329.1,2,1.4,2014-11-24,0429,Aqua,MODIS,61,6.2,301.8,36.2,D,0
-14.8496,144.6418,324.3,2,1.4,2014-11-24,0429,Aqua,MODIS,43,6.2,297.3,23.3,D,0
-14.1711,135.6612,347.9,1.2,1.1,2014-11-24,0429,Aqua,MODIS,92,6.2,303.9,53.8,D,0
-14.1696,135.6724,343.1,1.2,1.1,2014-11-24,0429,Aqua,MODIS,88,6.2,303.4,42,D,0
-14.1681,135.6836,345.4,1.2,1.1,2014-11-24,0429,Aqua,MODIS,90,6.2,303.6,48.9,D,0
-15.62,136.0986,335.1,1.2,1.1,2014-11-24,0429,Aqua,MODIS,62,6.2,304.8,23,D,0
-15.7822,133.0726,368.8,1.9,1.4,2014-11-24,0429,Aqua,MODIS,75,6.2,291.8,262.6,D,0
-15.6313,136.0889,346.4,1.2,1.1,2014-11-24,0429,Aqua,MODIS,89,6.2,304.9,44.7,D,0
-15.7801,133.0903,337.8,1.9,1.3,2014-11-24,0429,Aqua,MODIS,70,6.2,286.3,76.1,D,0
-14.1725,135.65,355.6,1.2,1.1,2014-11-24,0429,Aqua,MODIS,97,6.2,304.2,75.8,D,0
-14.1868,135.6176,331.4,1.2,1.1,2014-11-24,0429,Aqua,MODIS,65,6.2,302.9,19.1,D,0
-14.1853,135.6289,334.2,1.2,1.1,2014-11-24,0429,Aqua,MODIS,76,6.2,304,22.3,D,0
-14.8649,144.6262,332,2,1.4,2014-11-24,0429,Aqua,MODIS,62,6.2,298.9,46.3,D,0
-15.7964,133.0563,323.4,1.9,1.4,2014-11-24,0429,Aqua,MODIS,19,6.2,284.2,27.4,D,0
-15.7943,133.0741,342.3,1.9,1.4,2014-11-24,0429,Aqua,MODIS,83,6.2,296.5,91,D,0
-15.7922,133.0919,334.5,1.9,1.3,2014-11-24,0429,Aqua,MODIS,61,6.2,289.5,58.5,D,0
-15.8044,133.0934,353.8,1.9,1.3,2014-11-24,0429,Aqua,MODIS,91,6.2,293.2,150.4,D,0
-16.122,131.3764,325.9,2.6,1.6,2014-11-24,0429,Aqua,MODIS,0,6.2,295,49.7,D,0
-15.9785,128.7217,325.9,4.1,1.9,2014-11-24,0429,Aqua,MODIS,71,6.2,292.1,96.2,D,0
-17.2171,130.6061,341.9,3.1,1.7,2014-11-24,0429,Aqua,MODIS,87,6.2,301.8,140.9,D,0
-17.1762,130.5654,329.9,3.1,1.7,2014-11-24,0429,Aqua,MODIS,68,6.2,301.1,49.4,D,0
-17.2033,130.5977,356.8,3.1,1.7,2014-11-24,0429,Aqua,MODIS,98,6.2,302.5,300.6,D,0
-17.2184,130.5992,342.1,3.1,1.7,2014-11-24,0429,Aqua,MODIS,87,6.2,301.6,142.4,D,0
-17.205,130.5754,335,3.1,1.7,2014-11-24,0429,Aqua,MODIS,79,6.2,301.4,89.2,D,0
-17.2021,130.6045,350.4,3.1,1.7,2014-11-24,0429,Aqua,MODIS,94,6.2,302.4,223.8,D,0
-17.2201,130.577,329.9,3.1,1.7,2014-11-24,0429,Aqua,MODIS,56,6.2,300.7,53.1,D,0
-11.9184,142.2575,329.6,1.5,1.2,2014-11-24,0430,Aqua,MODIS,69,6.2,302.5,24.8,D,0
-12.5034,132.1963,327.4,2,1.4,2014-11-24,0430,Aqua,MODIS,62,6.2,293.3,43.3,D,0
-12.5861,135.0882,323.7,1.3,1.1,2014-11-24,0430,Aqua,MODIS,19,6.2,296.5,13.4,D,0
-12.2751,142.9017,334.3,1.6,1.3,2014-11-24,0430,Aqua,MODIS,81,6.2,303.9,42.2,D,0
-12.5874,132.5543,325.3,1.9,1.3,2014-11-24,0430,Aqua,MODIS,34,6.2,298.1,13.3,D,0
-12.5396,134.982,327.7,1.3,1.1,2014-11-24,0430,Aqua,MODIS,72,6.2,296.9,21.8,D,0
-12.528,134.9922,328.6,1.3,1.1,2014-11-24,0430,Aqua,MODIS,74,6.2,297.6,23,D,0
-12.4667,132.4988,327.7,1.9,1.3,2014-11-24,0430,Aqua,MODIS,49,6.2,299.4,28.8,D,0
-12.5814,134.9759,325.3,1.3,1.1,2014-11-24,0430,Aqua,MODIS,67,6.2,295.2,16.8,D,0
-12.4789,142.9945,329.9,1.6,1.3,2014-11-24,0430,Aqua,MODIS,67,6.2,302.7,32.9,D,0
-12.4676,142.9924,329,1.6,1.3,2014-11-24,0430,Aqua,MODIS,68,6.2,300.2,31.7,D,0
-12.4636,135.771,328.4,1.2,1.1,2014-11-24,0430,Aqua,MODIS,67,6.2,302.3,11.8,D,0
-13.6021,135.4942,329.6,1.2,1.1,2014-11-24,0430,Aqua,MODIS,45,6.2,301.8,11.7,D,0
-12.6982,142.8476,333.6,1.6,1.2,2014-11-24,0430,Aqua,MODIS,72,6.2,297,42.5,D,0
-11.1146,142.6699,319,1.6,1.3,2014-11-24,0430,Aqua,MODIS,67,6.2,284.5,22.8,D,0
-12.4739,135.9372,332.8,1.1,1.1,2014-11-24,0430,Aqua,MODIS,68,6.2,307.8,17.1,D,0
-12.5234,135.0271,323.5,1.3,1.1,2014-11-24,0430,Aqua,MODIS,33,6.2,296.1,13.4,D,0
-12.5264,135.0039,339,1.3,1.1,2014-11-24,0430,Aqua,MODIS,86,6.2,298.7,42.8,D,0
-12.5149,135.0141,334.2,1.3,1.1,2014-11-24,0430,Aqua,MODIS,81,6.2,297.3,32.5,D,0
-12.5103,135.0488,342.7,1.3,1.1,2014-11-24,0430,Aqua,MODIS,89,6.2,298.5,49.9,D,0
-12.3015,142.9522,332.1,1.6,1.3,2014-11-24,0430,Aqua,MODIS,78,6.2,303.1,35.1,D,0
-13.9705,135.5584,335.8,1.2,1.1,2014-11-24,0430,Aqua,MODIS,69,6.2,306.8,19.9,D,0
-14.405,131.7327,332.6,2.3,1.5,2014-11-24,0430,Aqua,MODIS,48,6.2,299.2,58,D,0
-13.969,135.5697,332.7,1.2,1.1,2014-11-24,0430,Aqua,MODIS,53,6.2,306,15.8,D,0
-13.8536,134.9818,343.1,1.3,1.1,2014-11-24,0430,Aqua,MODIS,87,6.2,306.9,45.7,D,0
-13.6075,135.5293,334.4,1.2,1.1,2014-11-24,0430,Aqua,MODIS,76,6.2,304.9,21.3,D,0
-13.6258,135.5486,335.3,1.2,1.1,2014-11-24,0430,Aqua,MODIS,78,6.2,305,22.3,D,0
-13.6386,135.5275,330.3,1.2,1.1,2014-11-24,0430,Aqua,MODIS,68,6.2,303.5,10.2,D,0
-13.6341,135.5614,328,1.2,1.1,2014-11-24,0430,Aqua,MODIS,38,6.2,304.7,9.7,D,0
-13.644,135.5628,331.8,1.2,1.1,2014-11-24,0430,Aqua,MODIS,63,6.2,305.5,15,D,0
-13.6524,135.5754,331.3,1.2,1.1,2014-11-24,0430,Aqua,MODIS,61,6.2,304.7,14.1,D,0
-13.6622,135.5768,331.1,1.2,1.1,2014-11-24,0430,Aqua,MODIS,53,6.2,305.4,13,D,0
-13.672,135.5782,330.8,1.2,1.1,2014-11-24,0430,Aqua,MODIS,51,6.2,305.7,12,D,0
-13.6819,135.5795,331.9,1.2,1.1,2014-11-24,0430,Aqua,MODIS,61,6.2,305.6,13.1,D,0
-12.7181,142.8659,330.4,1.6,1.2,2014-11-24,0430,Aqua,MODIS,57,6.2,302.3,32.6,D,0
-13.6804,135.5906,329.2,1.2,1.1,2014-11-24,0430,Aqua,MODIS,53,6.2,303.9,10.1,D,0
-13.5991,135.5166,330.8,1.2,1.1,2014-11-24,0430,Aqua,MODIS,57,6.2,302.6,14,D,0
-13.5192,130.9903,325.8,2.6,1.5,2014-11-24,0430,Aqua,MODIS,43,6.2,299.9,51.3,D,0
-13.7406,135.6056,330.8,1.2,1.1,2014-11-24,0430,Aqua,MODIS,54,6.2,305.3,12.8,D,0
-13.742,135.5945,331.5,1.2,1.1,2014-11-24,0430,Aqua,MODIS,57,6.2,306.8,12.8,D,0
-13.7026,135.5889,330.3,1.2,1.1,2014-11-24,0430,Aqua,MODIS,49,6.2,306.5,10.9,D,0
-13.7602,135.6083,347.3,1.2,1.1,2014-11-24,0430,Aqua,MODIS,91,6.2,305.2,47.9,D,0
-13.7617,135.5972,337.4,1.2,1.1,2014-11-24,0430,Aqua,MODIS,78,6.2,306.3,23.4,D,0
-13.7504,135.607,342,1.2,1.1,2014-11-24,0430,Aqua,MODIS,86,6.2,305.3,35.1,D,0
-13.7519,135.5959,337,1.2,1.1,2014-11-24,0430,Aqua,MODIS,80,6.2,307.5,23,D,0
-12.2431,132.9299,327.7,1.7,1.3,2014-11-24,0430,Aqua,MODIS,40,6.2,301.9,35.2,D,0
-12.717,142.8713,332.6,1.6,1.2,2014-11-24,0430,Aqua,MODIS,64,6.2,302.4,37.9,D,0
-13.8443,134.8936,349.1,1.3,1.1,2014-11-24,0430,Aqua,MODIS,92,6.2,306.2,66.1,D,0
-13.8458,134.8814,357,1.3,1.1,2014-11-24,0430,Aqua,MODIS,98,6.2,305.9,94.1,D,0
-13.8324,134.9045,352.8,1.3,1.1,2014-11-24,0430,Aqua,MODIS,95,6.2,304,77.3,D,0
-13.8339,134.8923,353.7,1.3,1.1,2014-11-24,0430,Aqua,MODIS,96,6.2,302.9,80.7,D,0
-31.8638,115.8839,325.9,1.1,1,2014-11-24,0603,Aqua,MODIS,46,6.2,308.1,6.9,D,0
-32.0617,115.919,326,1.1,1,2014-11-24,0603,Aqua,MODIS,52,6.2,308.5,8.2,D,0
-34.8636,116.8402,342.2,1.1,1,2014-11-24,0603,Aqua,MODIS,86,6.2,292.8,50.1,D,0
-32.0632,115.9074,325.4,1.1,1,2014-11-24,0603,Aqua,MODIS,44,6.2,310,7.6,D,0
-34.873,116.8419,382.2,1.1,1,2014-11-24,0603,Aqua,MODIS,100,6.2,300.9,178.3,D,0
-34.8714,116.8537,357.5,1.1,1,2014-11-24,0603,Aqua,MODIS,99,6.2,296.3,86.6,D,0
-34.8753,116.8599,306.8,1.1,1,2014-11-24,0603,Aqua,MODIS,20,6.2,294,5.7,D,0
-34.8745,116.8301,325.9,1.1,1,2014-11-24,0603,Aqua,MODIS,76,6.2,291.9,24,D,0
-34.8651,116.8284,350.6,1.1,1,2014-11-24,0603,Aqua,MODIS,72,6.2,289.7,68.4,D,0
-32.0666,115.9135,328.2,1.1,1,2014-11-24,0603,Aqua,MODIS,36,6.2,308.7,9.3,D,0
-29.4435,124.8178,328.4,2.2,1.4,2014-11-24,0604,Aqua,MODIS,41,6.2,313.5,23.1,D,0
-29.4444,124.7476,336.7,2.2,1.4,2014-11-24,0604,Aqua,MODIS,76,6.2,316.5,54.7,D,0
-24.1347,127.1668,331.5,4.2,1.9,2014-11-24,0605,Aqua,MODIS,56,6.2,286.6,147,D,0
-24.1269,127.1221,363.3,4.2,1.9,2014-11-24,0605,Aqua,MODIS,100,6.2,289.6,658.3,D,0
-24.1148,127.1535,341.9,4.2,1.9,2014-11-24,0605,Aqua,MODIS,74,6.2,282.1,278.8,D,0
-24.1235,127.1133,344.8,4.2,1.9,2014-11-24,0605,Aqua,MODIS,88,6.2,290.6,321.7,D,0
-19.3318,124.8283,336.5,3.7,1.8,2014-11-24,0606,Aqua,MODIS,44,6.2,307,114.4,D,0
-19.3258,124.8224,337.4,3.7,1.8,2014-11-24,0606,Aqua,MODIS,54,6.2,306.3,116.7,D,0
-19.7293,126.5396,326.4,4.8,2,2014-11-24,0606,Aqua,MODIS,25,6.2,297.5,87.9,D,0
-22.1451,120.544,339.4,1.6,1.2,2014-11-24,0606,Aqua,MODIS,82,6.2,289.8,54.6,D,0
-16.7799,124.6814,330.9,4.1,1.9,2014-11-24,0607,Aqua,MODIS,65,6.2,298.4,109.5,D,0
-16.7657,124.6834,326.6,4.1,1.9,2014-11-24,0607,Aqua,MODIS,43,6.2,297.4,73.3,D,0
-17.4551,125.0872,333,4.2,1.9,2014-11-24,0607,Aqua,MODIS,68,6.2,300.4,135.9,D,0
-17.6376,125.1812,333.7,4.3,1.9,2014-11-24,0607,Aqua,MODIS,31,6.2,296.2,133,D,0
-30.0256,151.277,307.3,2.5,1.5,2014-11-24,1211,Terra,MODIS,71,6.2,290.9,26.3,N,0
-30.0193,151.2696,306.3,2.5,1.5,2014-11-24,1211,Terra,MODIS,67,6.2,291,25.5,N,0
-30.0169,151.297,301.4,2.5,1.5,2014-11-24,1211,Terra,MODIS,41,6.2,289.3,15,N,0
-28.4163,150.8784,330.5,2.5,1.5,2014-11-24,1212,Terra,MODIS,100,6.2,288.9,109.5,N,0
-28.4496,150.8886,316.3,2.5,1.5,2014-11-24,1212,Terra,MODIS,93,6.2,292.2,50.3,N,0
-28.8869,150.6965,307.9,2.6,1.6,2014-11-24,1212,Terra,MODIS,65,6.2,290.9,28.7,N,0
-28.8831,150.6907,326.4,2.6,1.6,2014-11-24,1212,Terra,MODIS,100,6.2,290.3,94.1,N,0
-28.4324,150.8537,330.2,2.5,1.5,2014-11-24,1212,Terra,MODIS,100,6.2,290.5,105.4,N,0
-28.8808,150.718,311,2.6,1.6,2014-11-24,1212,Terra,MODIS,45,6.2,290,36.1,N,0
-28.4301,150.8798,365.2,2.5,1.5,2014-11-24,1212,Terra,MODIS,100,6.2,293.9,383.4,N,0
-28.4463,150.855,316.5,2.5,1.5,2014-11-24,1212,Terra,MODIS,93,6.2,291.4,48.9,N,0
-28.444,150.8813,357.8,2.5,1.5,2014-11-24,1212,Terra,MODIS,100,6.2,295,303.6,N,0
-28.8407,150.6863,318.9,2.6,1.6,2014-11-24,1212,Terra,MODIS,98,6.2,291,61.6,N,0
-28.8548,150.6881,320.2,2.6,1.6,2014-11-24,1212,Terra,MODIS,100,6.2,292.8,66.7,N,0
-28.424,150.8595,323.5,2.5,1.5,2014-11-24,1212,Terra,MODIS,100,6.2,289.2,75.1,N,0
-28.4219,150.8856,332.3,2.5,1.5,2014-11-24,1212,Terra,MODIS,100,6.2,290.1,116.6,N,0
-28.4379,150.8609,359.3,2.5,1.5,2014-11-24,1212,Terra,MODIS,100,6.2,293.4,320.2,N,0
-28.4358,150.8872,372.1,2.5,1.5,2014-11-24,1212,Terra,MODIS,100,6.2,295.1,469,N,0
-28.4518,150.8623,310.1,2.5,1.5,2014-11-24,1212,Terra,MODIS,79,6.2,292.3,31.1,N,0
-29.0153,152.3743,306.9,2,1.4,2014-11-24,1212,Terra,MODIS,14,6.2,287.2,16.2,N,0
-29.0278,152.3761,314.1,2,1.4,2014-11-24,1212,Terra,MODIS,75,6.2,287.7,31.2,N,0
-29.0788,152.3898,308.7,2,1.4,2014-11-24,1212,Terra,MODIS,57,6.2,280.6,23.2,N,0
-26.8085,152.0652,311,2,1.4,2014-11-24,1212,Terra,MODIS,82,6.2,294,24.8,N,0
-28.4024,150.8768,312.4,2.5,1.5,2014-11-24,1212,Terra,MODIS,85,6.2,286.9,39.2,N,0
-27.3067,152.1175,306.8,2,1.4,2014-11-24,1212,Terra,MODIS,63,6.2,292.8,19,N,0
-29.0913,152.3923,307,2,1.4,2014-11-24,1212,Terra,MODIS,27,6.2,280.1,19.8,N,0
-29.111,152.1839,300.7,2.1,1.4,2014-11-24,1212,Terra,MODIS,27,6.2,283.8,13.2,N,0
-29.1238,152.1893,301.4,2.1,1.4,2014-11-24,1212,Terra,MODIS,28,6.2,283.6,13.5,N,0
-26.8189,152.0871,304.4,2,1.4,2014-11-24,1212,Terra,MODIS,60,6.2,293.5,14,N,0
-26.8065,152.0856,315,2,1.4,2014-11-24,1212,Terra,MODIS,90,6.2,294,32.8,N,0
-26.8044,152.0796,316.5,2,1.4,2014-11-24,1212,Terra,MODIS,93,6.2,294.2,36.4,N,0
-29.0132,152.3959,309.3,2,1.4,2014-11-24,1212,Terra,MODIS,50,6.2,286.6,21.9,N,0
-28.9541,152.3493,308.2,2,1.4,2014-11-24,1212,Terra,MODIS,31,6.2,286.2,20.4,N,0
-28.9416,152.3479,304.5,2,1.4,2014-11-24,1212,Terra,MODIS,24,6.2,285.9,15.4,N,0
-29.0935,152.3695,314.6,2,1.4,2014-11-24,1212,Terra,MODIS,87,6.2,281.9,35.3,N,0
-28.951,152.3637,307.3,2,1.4,2014-11-24,1212,Terra,MODIS,21,6.2,285.9,19.4,N,0
-25.5348,148.9132,316.5,3.2,1.7,2014-11-24,1213,Terra,MODIS,93,6.2,296.4,68.1,N,0
-25.5383,148.9068,310.3,3.2,1.7,2014-11-24,1213,Terra,MODIS,80,6.2,296,43.1,N,0
-25.5356,148.9394,310.2,3.2,1.7,2014-11-24,1213,Terra,MODIS,79,6.2,296.5,42,N,0
-24.7527,152.1346,319.6,1.8,1.3,2014-11-24,1213,Terra,MODIS,99,6.2,293,41.8,N,0
-23.1399,146.1687,305.6,4.7,2,2014-11-24,1213,Terra,MODIS,65,6.2,294.8,48.5,N,0
-24.8798,148.5638,313.6,3.3,1.7,2014-11-24,1213,Terra,MODIS,87,6.2,295.9,55.5,N,0
-24.7547,152.1163,306.4,1.8,1.3,2014-11-24,1213,Terra,MODIS,68,6.2,292.9,16.5,N,0
-23.142,146.1641,305.7,4.7,2,2014-11-24,1213,Terra,MODIS,65,6.2,294.7,50,N,0
-33.0017,137.585,307.1,1.1,1,2014-11-24,1349,Terra,MODIS,70,6.2,288,10.2,N,0
-24.7232,129.1563,308.5,1.4,1.2,2014-11-24,1352,Terra,MODIS,75,6.2,276.8,16.8,N,0
-23.3087,124.8105,308.9,2.7,1.6,2014-11-24,1352,Terra,MODIS,76,6.2,285.5,29.1,N,0
-23.3472,124.9002,302.7,2.7,1.6,2014-11-24,1352,Terra,MODIS,51,6.2,280.9,16.7,N,0
-23.3508,124.9071,303.4,2.7,1.6,2014-11-24,1352,Terra,MODIS,43,6.2,280.5,17,N,0
-24.6331,129.6494,301.5,1.3,1.1,2014-11-24,1352,Terra,MODIS,42,6.2,274.7,8,N,0
-23.3119,124.8162,307.3,2.7,1.6,2014-11-24,1352,Terra,MODIS,70,6.2,285.4,25,N,0
-23.2976,124.8147,305.7,2.7,1.6,2014-11-24,1352,Terra,MODIS,54,6.2,285.1,20.6,N,0
-19.6093,128.2268,312.7,1.4,1.2,2014-11-24,1353,Terra,MODIS,85,6.2,296.4,14.2,N,0
-19.611,128.2136,308.1,1.4,1.2,2014-11-24,1353,Terra,MODIS,72,6.2,296.2,8.9,N,0
-19.7141,126.5656,310.1,1.8,1.3,2014-11-24,1353,Terra,MODIS,79,6.2,295,16.9,N,0
-19.7022,126.5641,309.3,1.8,1.3,2014-11-24,1353,Terra,MODIS,77,6.2,294.8,16.2,N,0
-20.8785,129.1363,306,1.3,1.1,2014-11-24,1353,Terra,MODIS,66,6.2,289.5,7.5,N,0
-20.8599,129.1212,319.5,1.3,1.1,2014-11-24,1353,Terra,MODIS,99,6.2,290.8,20.5,N,0
-20.8614,129.109,316.2,1.3,1.1,2014-11-24,1353,Terra,MODIS,85,6.2,291.6,16.4,N,0
-20.8483,129.1319,306.9,1.3,1.1,2014-11-24,1353,Terra,MODIS,69,6.2,290.5,7.1,N,0
-20.8498,129.1198,357,1.3,1.1,2014-11-24,1353,Terra,MODIS,100,6.2,294.1,107.4,N,0
-20.8513,129.1076,348.2,1.3,1.1,2014-11-24,1353,Terra,MODIS,100,6.2,293.9,78.7,N,0
-20.8382,129.1305,310.8,1.3,1.1,2014-11-24,1353,Terra,MODIS,65,6.2,291.9,10.1,N,0
-20.8397,129.1183,363.7,1.3,1.1,2014-11-24,1353,Terra,MODIS,100,6.2,295.9,132,N,0
-20.8412,129.1061,348.9,1.3,1.1,2014-11-24,1353,Terra,MODIS,100,6.2,295.4,80.5,N,0
-20.8427,129.0939,306,1.3,1.1,2014-11-24,1353,Terra,MODIS,66,6.2,290.4,6.2,N,0
-20.8297,129.1169,372.5,1.3,1.1,2014-11-24,1353,Terra,MODIS,100,6.2,296.6,171.7,N,0
-20.8311,129.1047,360,1.3,1.1,2014-11-24,1353,Terra,MODIS,100,6.2,295.1,117.1,N,0
-20.8196,129.1155,338.1,1.3,1.1,2014-11-24,1353,Terra,MODIS,100,6.2,293.2,52.7,N,0
-20.8211,129.1033,321.2,1.3,1.1,2014-11-24,1353,Terra,MODIS,100,6.2,292.5,22.2,N,0
-20.8196,129.1221,314.6,1.3,1.1,2014-11-24,1353,Terra,MODIS,89,6.2,291.8,14.3,N,0
-20.8211,129.1099,334.5,1.3,1.1,2014-11-24,1353,Terra,MODIS,100,6.2,294,45.5,N,0
-20.8095,129.1206,314.7,1.3,1.1,2014-11-24,1353,Terra,MODIS,89,6.2,291.1,14.4,N,0
-20.8111,129.1085,313.9,1.3,1.1,2014-11-24,1353,Terra,MODIS,88,6.2,291.1,13.7,N,0
-20.7995,129.1192,319.8,1.3,1.1,2014-11-24,1353,Terra,MODIS,99,6.2,291.8,20.9,N,0
-20.801,129.107,326,1.3,1.1,2014-11-24,1353,Terra,MODIS,100,6.2,291.5,30.3,N,0
-20.7894,129.1177,340.2,1.3,1.1,2014-11-24,1353,Terra,MODIS,100,6.2,293.9,57.9,N,0
-20.7909,129.1056,337.8,1.3,1.1,2014-11-24,1353,Terra,MODIS,100,6.2,293,52.9,N,0
-20.7793,129.1163,336.8,1.3,1.1,2014-11-24,1353,Terra,MODIS,100,6.2,291.8,50.5,N,0
-20.7808,129.1041,330.2,1.3,1.1,2014-11-24,1353,Terra,MODIS,100,6.2,290.6,37.6,N,0
-20.6693,128.6967,313.5,1.3,1.1,2014-11-24,1353,Terra,MODIS,86,6.2,293.6,12.9,N,0
-20.6384,128.6924,345.1,1.3,1.1,2014-11-24,1353,Terra,MODIS,100,6.2,295.7,73.3,N,0
-20.6399,128.6796,326.4,1.3,1.1,2014-11-24,1353,Terra,MODIS,100,6.2,294.2,30.9,N,0
-20.6234,128.7291,321.8,1.3,1.1,2014-11-24,1353,Terra,MODIS,100,6.2,294.3,24.3,N,0
-20.625,128.7164,334.6,1.3,1.1,2014-11-24,1353,Terra,MODIS,100,6.2,295.4,47.2,N,0
-20.6265,128.7037,327.6,1.3,1.1,2014-11-24,1353,Terra,MODIS,100,6.2,295.3,32.4,N,0
-20.6281,128.6909,375.8,1.3,1.1,2014-11-24,1353,Terra,MODIS,100,6.2,299.6,201.6,N,0
-20.6296,128.6781,363.6,1.3,1.1,2014-11-24,1353,Terra,MODIS,100,6.2,297,140.8,N,0
-20.6116,128.7403,311.2,1.3,1.1,2014-11-24,1353,Terra,MODIS,70,6.2,293.4,11.4,N,0
-20.6131,128.7277,421.6,1.3,1.1,2014-11-24,1353,Terra,MODIS,100,6.2,304.1,613.4,N,0
-20.6147,128.715,388.6,1.3,1.1,2014-11-24,1353,Terra,MODIS,100,6.2,300,285.6,N,0
-20.6162,128.7023,333.5,1.3,1.1,2014-11-24,1353,Terra,MODIS,100,6.2,296,44.7,N,0
-20.6177,128.6895,371.7,1.3,1.1,2014-11-24,1353,Terra,MODIS,100,6.2,298,179.1,N,0
-20.6193,128.6767,379.8,1.3,1.1,2014-11-24,1353,Terra,MODIS,100,6.2,297.2,224.9,N,0
-20.6013,128.7389,311.2,1.3,1.1,2014-11-24,1353,Terra,MODIS,65,6.2,293.4,10.8,N,0
-20.6028,128.7263,445.3,1.3,1.1,2014-11-24,1353,Terra,MODIS,100,6.2,305.9,982.9,N,0
-20.6044,128.7136,376.8,1.3,1.1,2014-11-24,1353,Terra,MODIS,100,6.2,298.4,207.4,N,0
-20.6059,128.7009,367.4,1.3,1.1,2014-11-24,1353,Terra,MODIS,100,6.2,297.7,157.5,N,0
-20.6074,128.6881,387,1.3,1.1,2014-11-24,1353,Terra,MODIS,100,6.2,300.4,272.9,N,0
-20.609,128.6753,368.1,1.3,1.1,2014-11-24,1353,Terra,MODIS,100,6.2,295.2,161.1,N,0
-20.5925,128.7249,341.1,1.3,1.1,2014-11-24,1353,Terra,MODIS,100,6.2,294,63.3,N,0
-20.5941,128.7122,365.9,1.3,1.1,2014-11-24,1353,Terra,MODIS,100,6.2,298.2,149.9,N,0
-20.5956,128.6994,378.3,1.3,1.1,2014-11-24,1353,Terra,MODIS,100,6.2,299.3,216.2,N,0
-20.5971,128.6867,444.7,1.3,1.1,2014-11-24,1353,Terra,MODIS,100,6.2,311.3,977.7,N,0
-20.5986,128.6739,447.4,1.3,1.1,2014-11-24,1353,Terra,MODIS,100,6.2,306.3,1030.6,N,0
-20.6002,128.6611,317.5,1.3,1.1,2014-11-24,1353,Terra,MODIS,44,6.2,291.8,15.7,N,0
-20.5944,128.7316,359,1.3,1.1,2014-11-24,1353,Terra,MODIS,100,6.2,294.6,120.1,N,0
-20.596,128.719,374.6,1.3,1.1,2014-11-24,1353,Terra,MODIS,100,6.2,297.5,193.4,N,0
-20.5976,128.7062,357.3,1.3,1.1,2014-11-24,1353,Terra,MODIS,100,6.2,297.9,113.2,N,0
-20.5992,128.6935,385.1,1.3,1.1,2014-11-24,1353,Terra,MODIS,100,6.2,303.8,259.1,N,0
-20.6008,128.6808,428.2,1.3,1.1,2014-11-24,1353,Terra,MODIS,100,6.2,308.8,706.1,N,0
-20.6024,128.668,369.3,1.3,1.1,2014-11-24,1353,Terra,MODIS,100,6.2,294.9,167.3,N,0
-20.5857,128.7176,316.6,1.3,1.1,2014-11-24,1353,Terra,MODIS,93,6.2,295.3,15.1,N,0
-20.5873,128.7049,371.7,1.3,1.1,2014-11-24,1353,Terra,MODIS,100,6.2,300.1,177.4,N,0
-20.5889,128.6921,404,1.3,1.1,2014-11-24,1353,Terra,MODIS,100,6.2,301.4,416.4,N,0
-20.5905,128.6793,442.9,1.3,1.1,2014-11-24,1353,Terra,MODIS,100,6.2,306.9,945,N,0
-20.5921,128.6665,378.4,1.3,1.1,2014-11-24,1353,Terra,MODIS,100,6.2,295.6,215.8,N,0
-20.5754,128.7162,308.3,1.3,1.1,2014-11-24,1353,Terra,MODIS,55,6.2,294.7,6.4,N,0
-20.577,128.7034,367.5,1.3,1.1,2014-11-24,1353,Terra,MODIS,100,6.2,298.5,157.4,N,0
-20.5786,128.6906,335.2,1.3,1.1,2014-11-24,1353,Terra,MODIS,100,6.2,295.3,47.4,N,0
-20.5818,128.6652,328.4,1.3,1.1,2014-11-24,1353,Terra,MODIS,100,6.2,293.9,34.2,N,0
-20.5802,128.6779,362.7,1.3,1.1,2014-11-24,1353,Terra,MODIS,100,6.2,296.2,136.3,N,0
-20.5549,128.7132,310.7,1.3,1.1,2014-11-24,1353,Terra,MODIS,79,6.2,294.4,9.6,N,0
-20.0585,129.4362,341.5,1.2,1.1,2014-11-24,1353,Terra,MODIS,100,6.2,296.2,57.1,N,0
-20.0599,129.4249,320.4,1.2,1.1,2014-11-24,1353,Terra,MODIS,100,6.2,294.8,20.8,N,0
-20.0473,129.4462,306.4,1.2,1.1,2014-11-24,1353,Terra,MODIS,60,6.2,294.7,6.5,N,0
-20.0487,129.4348,316.8,1.2,1.1,2014-11-24,1353,Terra,MODIS,94,6.2,294.6,16.6,N,0
-20.0462,129.4403,313.9,1.2,1.1,2014-11-24,1353,Terra,MODIS,88,6.2,295,13.9,N,0
-20.035,129.4502,311.3,1.2,1.1,2014-11-24,1353,Terra,MODIS,82,6.2,294.9,11.6,N,0
-20.1634,126.6182,309.6,1.8,1.3,2014-11-24,1353,Terra,MODIS,30,6.2,283.8,28.2,N,0
-20.1752,126.6198,311.5,1.8,1.3,2014-11-24,1353,Terra,MODIS,34,6.2,285.6,30.3,N,0
-17.2532,125.3564,306.6,2,1.4,2014-11-24,1354,Terra,MODIS,57,6.2,279.7,23.9,N,0
-17.0285,130.7232,325.7,1,1,2014-11-24,1354,Terra,MODIS,96,6.2,289.4,22.3,N,0
-16.8908,131.3744,313.9,1,1,2014-11-24,1354,Terra,MODIS,54,6.2,295.5,9,N,0
-17.0561,135.4437,308.6,1.4,1.2,2014-11-24,1354,Terra,MODIS,49,6.2,292,8.9,N,0
-17.0617,135.4381,307.8,1.4,1.2,2014-11-24,1354,Terra,MODIS,59,6.2,293.1,8.1,N,0
-16.6016,134.0025,325.5,1.2,1.1,2014-11-24,1354,Terra,MODIS,100,6.2,290.8,26.2,N,0
-16.5903,134.0117,315.2,1.2,1.1,2014-11-24,1354,Terra,MODIS,67,6.2,292.7,13.4,N,0
-16.592,134.0009,327.8,1.2,1.1,2014-11-24,1354,Terra,MODIS,100,6.2,292.9,28.5,N,0
-16.584,133.9884,309.6,1.2,1.1,2014-11-24,1354,Terra,MODIS,44,6.2,293.3,7.3,N,0
-14.6523,126.0069,310.4,1.7,1.3,2014-11-24,1355,Terra,MODIS,38,6.2,293.2,12.9,N,0
-14.6561,125.9756,309.3,1.7,1.3,2014-11-24,1355,Terra,MODIS,70,6.2,294.2,11,N,0
-14.6263,125.9502,317.3,1.7,1.3,2014-11-24,1355,Terra,MODIS,95,6.2,295.4,21.4,N,0
-14.6465,125.9584,319.5,1.7,1.3,2014-11-24,1355,Terra,MODIS,94,6.2,295,26.1,N,0
-14.6358,125.9673,329,1.7,1.3,2014-11-24,1355,Terra,MODIS,100,6.2,295.2,49,N,0
-14.635,125.957,341,1.7,1.3,2014-11-24,1355,Terra,MODIS,100,6.2,295.7,84.9,N,0
-14.6378,125.9516,325.2,1.7,1.3,2014-11-24,1355,Terra,MODIS,100,6.2,295.7,37.9,N,0
-14.6446,125.9741,317.4,1.7,1.3,2014-11-24,1355,Terra,MODIS,95,6.2,293.6,22,N,0
-18.5782,145.7374,307.6,1.6,1.3,2014-11-24,1521,Aqua,MODIS,72,6.2,291.1,17.2,N,0
-17.2797,145.3548,302.6,1.9,1.3,2014-11-24,1521,Aqua,MODIS,50,6.2,289.3,13.7,N,0
-17.4108,143.3048,314.2,2.6,1.6,2014-11-24,1521,Aqua,MODIS,44,6.2,281.4,49.5,N,0
-17.4246,143.302,309.3,2.6,1.6,2014-11-24,1521,Aqua,MODIS,23,6.2,280.7,34.5,N,0
-19.4297,142.451,304.6,2.7,1.6,2014-11-24,1522,Aqua,MODIS,22,6.2,290,21.9,N,0
-24.8785,148.5599,324.2,1,1,2014-11-24,1523,Aqua,MODIS,100,6.2,295.4,21.1,N,0
-23.1404,146.1704,317.3,1.3,1.1,2014-11-24,1523,Aqua,MODIS,95,6.2,296.7,18.2,N,0
-25.5407,148.9276,312.5,1,1,2014-11-24,1523,Aqua,MODIS,85,6.2,295.4,10.4,N,0
-25.5392,148.9177,308.9,1,1,2014-11-24,1523,Aqua,MODIS,76,6.2,294.6,7.8,N,0
-25.5332,148.9391,315.3,1,1,2014-11-24,1523,Aqua,MODIS,91,6.2,294.9,12.2,N,0
-25.5317,148.9292,323.4,1,1,2014-11-24,1523,Aqua,MODIS,100,6.2,296.1,19.8,N,0
-25.5302,148.9193,315.3,1,1,2014-11-24,1523,Aqua,MODIS,91,6.2,295.2,12.2,N,0
-25.5231,148.9273,310.5,1,1,2014-11-24,1523,Aqua,MODIS,46,6.2,294.7,7.9,N,0
-24.88,148.5698,305.8,1,1,2014-11-24,1523,Aqua,MODIS,54,6.2,294.6,5.4,N,0
-24.889,148.5682,307.3,1,1,2014-11-24,1523,Aqua,MODIS,71,6.2,294.5,6.6,N,0
-26.2771,150.2917,313.8,1,1,2014-11-24,1523,Aqua,MODIS,88,6.2,294.7,11.9,N,0
-24.7553,152.1346,313.5,1.2,1.1,2014-11-24,1523,Aqua,MODIS,87,6.2,291.2,15.9,N,0
-26.2863,150.2902,304.5,1,1,2014-11-24,1523,Aqua,MODIS,60,6.2,294,5.4,N,0
-23.1383,146.1579,307.9,1.3,1.1,2014-11-24,1523,Aqua,MODIS,66,6.2,296.1,8,N,0
-25.8034,151.0425,306.8,1.1,1,2014-11-24,1523,Aqua,MODIS,19,6.2,292.9,6.7,N,0
-28.39,150.8833,359.9,1.1,1.1,2014-11-24,1524,Aqua,MODIS,100,6.2,301.5,101.7,N,0
-28.3885,150.8718,326.3,1.1,1.1,2014-11-24,1524,Aqua,MODIS,100,6.2,295.1,27.3,N,0
-28.3995,150.8818,348.1,1.1,1.1,2014-11-24,1524,Aqua,MODIS,100,6.2,300.2,67.3,N,0
-29.1176,152.1922,301.8,1.3,1.1,2014-11-24,1524,Aqua,MODIS,8,6.2,274.3,10.3,N,0
-28.9841,152.3387,314.7,1.4,1.2,2014-11-24,1524,Aqua,MODIS,62,6.2,288,19.9,N,0
-28.3981,150.8702,325.9,1.1,1.1,2014-11-24,1524,Aqua,MODIS,100,6.2,294.8,26,N,0
-28.9439,152.3587,314.7,1.4,1.2,2014-11-24,1524,Aqua,MODIS,90,6.2,289,20.1,N,0
-29.0085,152.4018,326.8,1.4,1.2,2014-11-24,1524,Aqua,MODIS,53,6.2,291,37,N,0
-29.0909,152.376,304.7,1.4,1.2,2014-11-24,1524,Aqua,MODIS,26,6.2,273.9,11.4,N,0
-29.0135,152.4072,320.5,1.4,1.2,2014-11-24,1524,Aqua,MODIS,0,6.2,289.4,25.4,N,0
-28.9334,152.3605,307.9,1.4,1.2,2014-11-24,1524,Aqua,MODIS,57,6.2,288.4,12.4,N,0
-29.7295,152.1445,306.5,1.4,1.2,2014-11-24,1524,Aqua,MODIS,68,6.2,284,12.7,N,0
-29.1162,151.9149,305,1.3,1.1,2014-11-24,1524,Aqua,MODIS,30,6.2,275.8,12.9,N,0
-28.8519,150.684,312.4,1.1,1.1,2014-11-24,1524,Aqua,MODIS,63,6.2,296.5,11,N,0
-28.8836,150.7025,309.9,1.1,1.1,2014-11-24,1524,Aqua,MODIS,48,6.2,295.1,8.7,N,0
-28.8866,150.7256,314,1.1,1.1,2014-11-24,1524,Aqua,MODIS,69,6.2,295.4,12.1,N,0
-28.4394,150.8871,335.9,1.1,1.1,2014-11-24,1524,Aqua,MODIS,100,6.2,300,42.1,N,0
-28.4379,150.8756,332.2,1.1,1.1,2014-11-24,1524,Aqua,MODIS,100,6.2,298.2,35.6,N,0
-28.4298,150.8887,336.6,1.1,1.1,2014-11-24,1524,Aqua,MODIS,100,6.2,299.5,42.6,N,0
-28.4283,150.8772,338.5,1.1,1.1,2014-11-24,1524,Aqua,MODIS,100,6.2,299.7,46.3,N,0
-28.4202,150.8902,379,1.1,1.1,2014-11-24,1524,Aqua,MODIS,100,6.2,306.6,176.8,N,0
-28.4187,150.8787,351.2,1.1,1.1,2014-11-24,1524,Aqua,MODIS,100,6.2,300.4,74.9,N,0
-28.4106,150.8918,343.2,1.1,1.1,2014-11-24,1524,Aqua,MODIS,100,6.2,299,55.1,N,0
-28.4091,150.8802,342.1,1.1,1.1,2014-11-24,1524,Aqua,MODIS,100,6.2,298.5,53,N,0
-30.0244,151.2846,310.3,1.2,1.1,2014-11-24,1524,Aqua,MODIS,80,6.2,291.6,12.9,N,0
-30.0144,151.2858,308.3,1.2,1.1,2014-11-24,1524,Aqua,MODIS,74,6.2,292.1,11.8,N,0
-28.8343,150.6986,316.6,1.1,1.1,2014-11-24,1524,Aqua,MODIS,93,6.2,296.6,14.5,N,0
-28.8358,150.7102,340,1.1,1.1,2014-11-24,1524,Aqua,MODIS,100,6.2,297.5,49.2,N,0
-28.8424,150.6856,313.7,1.1,1.1,2014-11-24,1524,Aqua,MODIS,49,6.2,297,11.3,N,0
-28.8438,150.6971,325.5,1.1,1.1,2014-11-24,1524,Aqua,MODIS,100,6.2,297,24.3,N,0
-28.8453,150.7087,349.5,1.1,1.1,2014-11-24,1524,Aqua,MODIS,100,6.2,298.8,69.9,N,0
-28.874,150.704,327.9,1.1,1.1,2014-11-24,1524,Aqua,MODIS,100,6.2,296.4,27.7,N,0
-12.4703,132.1768,312.9,1.6,1.3,2014-11-24,1658,Aqua,MODIS,80,6.2,286.7,23.1,N,0
-14.0173,126.7567,306.5,1,1,2014-11-24,1659,Aqua,MODIS,49,6.2,295.9,4.1,N,0
-14.0263,126.7553,312.7,1,1,2014-11-24,1659,Aqua,MODIS,85,6.2,295.5,8,N,0
-17.0865,130.6652,306.5,1.5,1.2,2014-11-24,1659,Aqua,MODIS,68,6.2,293.2,8.3,N,0
-17.0913,130.6732,318.7,1.5,1.2,2014-11-24,1659,Aqua,MODIS,97,6.2,293.3,24.6,N,0
-16.4189,131.0565,308.8,1.5,1.2,2014-11-24,1659,Aqua,MODIS,61,6.2,293.3,11.6,N,0
-16.4206,131.071,312.1,1.5,1.2,2014-11-24,1659,Aqua,MODIS,54,6.2,292.9,17.3,N,0
-14.2655,126.5105,305.8,1,1,2014-11-24,1659,Aqua,MODIS,60,6.2,293.8,3.9,N,0
-16.6334,130.4076,309.5,1.4,1.2,2014-11-24,1659,Aqua,MODIS,49,6.2,293.4,10.1,N,0
-16.2783,127.1141,304.6,1,1,2014-11-24,1659,Aqua,MODIS,42,6.2,293.5,3.7,N,0
-17.6768,127.5676,307.8,1,1,2014-11-24,1700,Aqua,MODIS,22,6.2,295.7,5.3,N,0
-17.9092,129.3319,305.7,1.3,1.1,2014-11-24,1700,Aqua,MODIS,35,6.2,294.5,5,N,0
-17.9192,129.3305,312,1.3,1.1,2014-11-24,1700,Aqua,MODIS,84,6.2,295,10.6,N,0
-17.9192,129.3356,312,1.3,1.1,2014-11-24,1700,Aqua,MODIS,84,6.2,295.1,10.9,N,0
-17.958,127.6778,306,1.1,1,2014-11-24,1700,Aqua,MODIS,66,6.2,292.8,5.1,N,0
-17.9077,129.3201,307.5,1.3,1.1,2014-11-24,1700,Aqua,MODIS,60,6.2,295.1,6.9,N,0
-17.6781,127.5773,325.5,1,1,2014-11-24,1700,Aqua,MODIS,100,6.2,296.4,21.9,N,0
-19.9313,129.3894,328.9,1.3,1.1,2014-11-24,1700,Aqua,MODIS,91,6.2,291.4,34.9,N,0
-19.933,129.4021,318.2,1.3,1.1,2014-11-24,1700,Aqua,MODIS,42,6.2,289.4,17.8,N,0
-19.9346,129.4148,350.3,1.3,1.1,2014-11-24,1700,Aqua,MODIS,100,6.2,291.9,91.7,N,0
-19.9362,129.4276,342.2,1.3,1.1,2014-11-24,1700,Aqua,MODIS,100,6.2,291.3,67.4,N,0
-19.9379,129.4404,307.1,1.3,1.1,2014-11-24,1700,Aqua,MODIS,70,6.2,290.3,8.5,N,0
-19.94,129.3753,328.9,1.3,1.1,2014-11-24,1700,Aqua,MODIS,100,6.2,291.4,36.1,N,0
-19.9417,129.388,317.4,1.3,1.1,2014-11-24,1700,Aqua,MODIS,62,6.2,290.6,18.3,N,0
-19.945,129.4134,371.6,1.3,1.1,2014-11-24,1700,Aqua,MODIS,100,6.2,292.9,181.5,N,0
-19.9466,129.4262,349.6,1.3,1.1,2014-11-24,1700,Aqua,MODIS,100,6.2,292.6,88.5,N,0
-19.9482,129.439,312.4,1.3,1.1,2014-11-24,1700,Aqua,MODIS,85,6.2,291,13.4,N,0
-19.9372,129.3818,326.6,1.3,1.1,2014-11-24,1700,Aqua,MODIS,86,6.2,292.3,32.2,N,0
-19.9403,129.4072,344,1.3,1.1,2014-11-24,1700,Aqua,MODIS,100,6.2,290.3,71.4,N,0
-19.9419,129.42,355.1,1.3,1.1,2014-11-24,1700,Aqua,MODIS,100,6.2,293.4,106.2,N,0
-19.9435,129.4328,335,1.3,1.1,2014-11-24,1700,Aqua,MODIS,100,6.2,292.4,50.1,N,0
-19.9475,129.3803,333.5,1.3,1.1,2014-11-24,1700,Aqua,MODIS,100,6.2,291.3,46.8,N,0
-19.9491,129.3931,318.1,1.3,1.1,2014-11-24,1700,Aqua,MODIS,31,6.2,290.1,18.9,N,0
-19.9507,129.4058,317.9,1.3,1.1,2014-11-24,1700,Aqua,MODIS,17,6.2,289,15.6,N,0
-19.9523,129.4186,343.5,1.3,1.1,2014-11-24,1700,Aqua,MODIS,100,6.2,291.7,69.6,N,0
-19.9538,129.4314,315.7,1.3,1.1,2014-11-24,1700,Aqua,MODIS,92,6.2,291.1,17,N,0
-19.9579,129.3789,342.1,1.3,1.1,2014-11-24,1700,Aqua,MODIS,100,6.2,291.7,67.7,N,0
-19.9595,129.3916,322.9,1.3,1.1,2014-11-24,1700,Aqua,MODIS,100,6.2,290.6,27.5,N,0
-19.9626,129.4172,314,1.3,1.1,2014-11-24,1700,Aqua,MODIS,75,6.2,290.7,15,N,0
-19.9642,129.43,309.6,1.3,1.1,2014-11-24,1700,Aqua,MODIS,78,6.2,291.4,11,N,0
-19.9682,129.3775,315.3,1.3,1.1,2014-11-24,1700,Aqua,MODIS,91,6.2,291.1,18,N,0
-19.9698,129.3902,306,1.3,1.1,2014-11-24,1700,Aqua,MODIS,67,6.2,290.1,7.9,N,0
-20.0401,129.4457,304.6,1.4,1.2,2014-11-24,1700,Aqua,MODIS,26,6.2,289.2,7,N,0
-20.0571,129.4378,305.1,1.4,1.2,2014-11-24,1700,Aqua,MODIS,39,6.2,288.7,7.4,N,0
-19.9367,129.3499,309.7,1.3,1.1,2014-11-24,1700,Aqua,MODIS,78,6.2,290.6,11.1,N,0
-19.9384,129.3625,333.6,1.3,1.1,2014-11-24,1700,Aqua,MODIS,100,6.2,292.2,46.9,N,0
-19.9341,129.3563,318.7,1.3,1.1,2014-11-24,1700,Aqua,MODIS,97,6.2,291.9,21.3,N,0
-19.9357,129.369,323.7,1.3,1.1,2014-11-24,1700,Aqua,MODIS,89,6.2,291.6,27.7,N,0
-19.9444,129.3548,322.2,1.3,1.1,2014-11-24,1700,Aqua,MODIS,100,6.2,290.9,27,N,0
-19.946,129.3676,326.2,1.3,1.1,2014-11-24,1700,Aqua,MODIS,56,6.2,291.4,30.5,N,0
-19.9563,129.3661,317.9,1.3,1.1,2014-11-24,1700,Aqua,MODIS,96,6.2,290.9,20.4,N,0
-19.9666,129.3647,313.1,1.3,1.1,2014-11-24,1700,Aqua,MODIS,86,6.2,290.6,15.2,N,0
-19.9943,129.3349,317.1,1.3,1.1,2014-11-24,1700,Aqua,MODIS,94,6.2,290.7,20.2,N,0
-19.9959,129.3476,306.7,1.3,1.1,2014-11-24,1700,Aqua,MODIS,69,6.2,290.7,8.4,N,0
-19.9976,129.3604,309.1,1.3,1.1,2014-11-24,1700,Aqua,MODIS,76,6.2,291,10.8,N,0
-20.0046,129.3335,312.3,1.3,1.1,2014-11-24,1700,Aqua,MODIS,84,6.2,290,13.7,N,0
-20.0062,129.3461,310.4,1.3,1.1,2014-11-24,1700,Aqua,MODIS,50,6.2,290.3,11.3,N,0
-20.0079,129.3589,312,1.3,1.1,2014-11-24,1700,Aqua,MODIS,84,6.2,290.6,13.4,N,0
-20.0149,129.332,313.7,1.3,1.1,2014-11-24,1700,Aqua,MODIS,88,6.2,289.4,15.3,N,0
-20.0166,129.3447,325.5,1.3,1.1,2014-11-24,1700,Aqua,MODIS,100,6.2,290.6,32.1,N,0
-19.9019,129.4064,376.4,1.3,1.1,2014-11-24,1700,Aqua,MODIS,100,6.2,296.3,209.9,N,0
-19.9035,129.4191,316.3,1.3,1.1,2014-11-24,1700,Aqua,MODIS,93,6.2,291.4,18.7,N,0
-19.9123,129.405,346.8,1.3,1.1,2014-11-24,1700,Aqua,MODIS,100,6.2,292.3,81.7,N,0
-19.9139,129.4177,340.9,1.3,1.1,2014-11-24,1700,Aqua,MODIS,100,6.2,292.1,64.6,N,0
-19.9155,129.4304,311.5,1.3,1.1,2014-11-24,1700,Aqua,MODIS,83,6.2,289.8,12.5,N,0
-19.9226,129.4035,340.3,1.3,1.1,2014-11-24,1700,Aqua,MODIS,100,6.2,290.8,62,N,0
-19.9242,129.4162,355.2,1.3,1.1,2014-11-24,1700,Aqua,MODIS,100,6.2,293.1,109.5,N,0
-19.9259,129.429,321.3,1.3,1.1,2014-11-24,1700,Aqua,MODIS,97,6.2,290.2,24.5,N,0
-19.8939,129.343,317.3,1.3,1.1,2014-11-24,1700,Aqua,MODIS,95,6.2,292,20,N,0
-19.8955,129.3556,311.9,1.3,1.1,2014-11-24,1700,Aqua,MODIS,84,6.2,292,13.1,N,0
-19.9003,129.3937,320.5,1.3,1.1,2014-11-24,1700,Aqua,MODIS,100,6.2,291.4,23.7,N,0
-19.9042,129.3416,314.4,1.3,1.1,2014-11-24,1700,Aqua,MODIS,89,6.2,292.2,16,N,0
-19.9058,129.3542,322.3,1.3,1.1,2014-11-24,1700,Aqua,MODIS,100,6.2,292.9,27.2,N,0
-19.9075,129.3669,307,1.3,1.1,2014-11-24,1700,Aqua,MODIS,41,6.2,290.9,7.4,N,0
-19.9161,129.3528,324.3,1.3,1.1,2014-11-24,1700,Aqua,MODIS,100,6.2,293.4,29.1,N,0
-19.9178,129.3654,343.6,1.3,1.1,2014-11-24,1700,Aqua,MODIS,100,6.2,293.1,69.5,N,0
-19.9194,129.3781,350.3,1.3,1.1,2014-11-24,1700,Aqua,MODIS,100,6.2,293.6,90.5,N,0
-19.921,129.3908,324.4,1.3,1.1,2014-11-24,1700,Aqua,MODIS,90,6.2,290.9,28.1,N,0
-19.9264,129.3513,315.4,1.3,1.1,2014-11-24,1700,Aqua,MODIS,40,6.2,291.6,15.8,N,0
-19.9281,129.364,317.9,1.3,1.1,2014-11-24,1700,Aqua,MODIS,48,6.2,291.9,17.7,N,0
-19.9297,129.3767,341.9,1.3,1.1,2014-11-24,1700,Aqua,MODIS,100,6.2,292.8,65.2,N,0
-21.3278,117.0858,307.1,2.8,1.6,2014-11-24,1701,Aqua,MODIS,64,6.2,295.4,24.5,N,0
-23.3525,124.8384,305.9,1,1,2014-11-24,1701,Aqua,MODIS,66,6.2,289.6,5.4,N,0
-24.6202,129.6597,306.5,1.6,1.2,2014-11-24,1701,Aqua,MODIS,68,6.2,269.1,18.1,N,0
-24.6208,129.6651,304.3,1.6,1.2,2014-11-24,1701,Aqua,MODIS,59,6.2,268.4,17,N,0
-23.3446,124.9096,305,1,1,2014-11-24,1701,Aqua,MODIS,62,6.2,289.2,4.2,N,0
-23.3478,124.8691,309.6,1,1,2014-11-24,1701,Aqua,MODIS,78,6.2,288.3,8,N,0
-23.3136,124.8251,317.9,1,1,2014-11-24,1701,Aqua,MODIS,96,6.2,291.2,13,N,0
-23.3046,124.8266,308.6,1,1,2014-11-24,1701,Aqua,MODIS,69,6.2,290.8,5.7,N,0
-23.3032,124.8169,313.8,1,1,2014-11-24,1701,Aqua,MODIS,88,6.2,291.4,9.3,N,0
-23.3018,124.8071,338.3,1,1,2014-11-24,1701,Aqua,MODIS,100,6.2,293.3,37.6,N,0
-23.3003,124.7974,327.6,1,1,2014-11-24,1701,Aqua,MODIS,100,6.2,292.4,23.5,N,0
-23.2957,124.8281,309.3,1,1,2014-11-24,1701,Aqua,MODIS,77,6.2,291.2,6.4,N,0
-22.0607,120.5096,336.6,1.5,1.2,2014-11-24,1701,Aqua,MODIS,100,6.2,298,65.8,N,0
-22.0633,120.5243,307.2,1.5,1.2,2014-11-24,1701,Aqua,MODIS,69,6.2,295.8,8.9,N,0
-22.0581,120.4949,312.2,1.5,1.2,2014-11-24,1701,Aqua,MODIS,84,6.2,296.5,14.8,N,0
-22.0174,120.4573,324.4,1.6,1.2,2014-11-24,1701,Aqua,MODIS,100,6.2,297.2,36.4,N,0
-22.02,120.4721,349.5,1.5,1.2,2014-11-24,1701,Aqua,MODIS,100,6.2,300,110.1,N,0
-22.0358,120.5601,354,1.5,1.2,2014-11-24,1701,Aqua,MODIS,100,6.2,299.1,126.7,N,0
-22.0383,120.5747,313.4,1.5,1.2,2014-11-24,1701,Aqua,MODIS,87,6.2,296.8,16.8,N,0
-22.0284,120.4551,319.1,1.6,1.2,2014-11-24,1701,Aqua,MODIS,98,6.2,296.5,26.4,N,0
-22.031,120.4699,326.8,1.5,1.2,2014-11-24,1701,Aqua,MODIS,100,6.2,297.9,41,N,0
-22.0336,120.4846,316.2,1.5,1.2,2014-11-24,1701,Aqua,MODIS,92,6.2,297.6,20.4,N,0
-22.0441,120.5434,319.7,1.5,1.2,2014-11-24,1701,Aqua,MODIS,99,6.2,297,25.9,N,0
-22.0467,120.558,343.2,1.5,1.2,2014-11-24,1701,Aqua,MODIS,100,6.2,299.7,85.7,N,0
-22.0492,120.5726,308.5,1.5,1.2,2014-11-24,1701,Aqua,MODIS,74,6.2,296.5,11,N,0
-22.0472,120.497,334.5,1.5,1.2,2014-11-24,1701,Aqua,MODIS,100,6.2,298.2,59.2,N,0
-21.9974,122.1209,309.3,1.2,1.1,2014-11-24,1701,Aqua,MODIS,52,6.2,289.1,9.7,N,0
-21.9875,122.1228,305.8,1.2,1.1,2014-11-24,1701,Aqua,MODIS,35,6.2,287.3,6.7,N,0
-21.9855,122.1109,307.2,1.2,1.1,2014-11-24,1701,Aqua,MODIS,29,6.2,288.4,7.7,N,0
-22.0498,120.5117,320.2,1.5,1.2,2014-11-24,1701,Aqua,MODIS,100,6.2,297.7,26.7,N,0
-23.346,124.9194,308.6,1,1,2014-11-24,1701,Aqua,MODIS,75,6.2,290.4,6.5,N,0
-23.2266,124.676,307.5,1,1,2014-11-24,1701,Aqua,MODIS,72,6.2,288.4,6.8,N,0
-22.0217,122.0848,308.4,1.2,1.1,2014-11-24,1701,Aqua,MODIS,74,6.2,294.8,8.8,N,0
-22.0942,120.4415,305.4,1.6,1.2,2014-11-24,1701,Aqua,MODIS,60,6.2,295.2,7.2,N,0
-22.1121,120.5448,313.8,1.5,1.2,2014-11-24,1701,Aqua,MODIS,87,6.2,295.2,18.5,N,0
-22.1146,120.5593,311.4,1.5,1.2,2014-11-24,1701,Aqua,MODIS,82,6.2,294.2,15,N,0
-22.1147,120.5524,320.5,1.5,1.2,2014-11-24,1701,Aqua,MODIS,100,6.2,295.2,29.7,N,0
-25.47,121.2251,304.4,1.2,1.1,2014-11-24,1702,Aqua,MODIS,56,6.2,293.7,5.5,N,0
-11.157,142.3407,336.1,1.2,1.1,2014-11-25,0044,Terra,MODIS,82,6.2,296.6,32.7,D,0
-11.0142,142.7349,336.5,1.1,1.1,2014-11-25,0044,Terra,MODIS,73,6.2,300.4,31.1,D,0
-11.0111,142.7146,322.9,1.1,1.1,2014-11-25,0044,Terra,MODIS,40,6.2,300.6,13.1,D,0
-11.0126,142.7248,328.7,1.1,1.1,2014-11-25,0044,Terra,MODIS,63,6.2,300.1,19.8,D,0
-11.0237,142.7334,323.6,1.1,1.1,2014-11-25,0044,Terra,MODIS,44,6.2,300.1,14,D,0
-11.1586,142.3512,339.5,1.2,1.1,2014-11-25,0044,Terra,MODIS,84,6.2,295,39.4,D,0
-14.4573,142.4734,339.3,1.1,1,2014-11-25,0045,Terra,MODIS,84,6.2,308,22.4,D,0
-14.912,144.5818,332.8,1,1,2014-11-25,0045,Terra,MODIS,65,6.2,311.5,14,D,0
-14.456,142.2814,349,1.1,1,2014-11-25,0045,Terra,MODIS,93,6.2,307.2,47.5,D,0
-14.4576,142.2914,332.4,1.1,1,2014-11-25,0045,Terra,MODIS,75,6.2,308.7,16.1,D,0
-14.4591,142.3013,331,1.1,1,2014-11-25,0045,Terra,MODIS,50,6.2,307.1,15.6,D,0
-14.1238,141.7995,336.5,1.1,1.1,2014-11-25,0045,Terra,MODIS,72,6.2,306,20.6,D,0
-12.9659,136.299,321.2,2.9,1.6,2014-11-25,0045,Terra,MODIS,52,6.2,291.4,37.2,D,0
-15.11,145.0017,323.4,1,1,2014-11-25,0045,Terra,MODIS,43,6.2,299.9,10.8,D,0
-14.9649,144.3772,338.5,1,1,2014-11-25,0045,Terra,MODIS,73,6.2,309,23.3,D,0
-15.1022,145.0126,329.4,1,1,2014-11-25,0045,Terra,MODIS,70,6.2,303.3,18.6,D,0
-14.8709,144.6165,329.9,1,1,2014-11-25,0045,Terra,MODIS,39,6.2,305.4,10.1,D,0
-15.7984,145.1216,327.6,1,1,2014-11-25,0045,Terra,MODIS,44,6.2,309,12,D,0
-14.4558,142.4637,342.7,1.1,1,2014-11-25,0045,Terra,MODIS,87,6.2,306.1,29.9,D,0
-13.983,141.9247,331.7,1.1,1.1,2014-11-25,0045,Terra,MODIS,60,6.2,307.1,16.7,D,0
-13.9797,141.9319,329.2,1.1,1.1,2014-11-25,0045,Terra,MODIS,33,6.2,307,12.1,D,0
-13.9875,141.892,333,1.1,1.1,2014-11-25,0045,Terra,MODIS,72,6.2,309.6,18.3,D,0
-13.9892,141.9024,332.1,1.1,1.1,2014-11-25,0045,Terra,MODIS,72,6.2,308.4,16,D,0
-14.4543,142.4538,340.4,1.1,1,2014-11-25,0045,Terra,MODIS,85,6.2,305,27.3,D,0
-15.9496,145.2736,331,1.1,1,2014-11-25,0045,Terra,MODIS,69,6.2,303.1,23.8,D,0
-15.9568,145.2762,323.2,1.1,1,2014-11-25,0045,Terra,MODIS,36,6.2,306.8,13.7,D,0
-14.898,144.6125,330,1,1,2014-11-25,0045,Terra,MODIS,65,6.2,308.1,10.1,D,0
-13.9323,143.5585,334.2,1,1,2014-11-25,0045,Terra,MODIS,73,6.2,306.7,16.5,D,0
-13.9005,141.4864,332.3,1.2,1.1,2014-11-25,0045,Terra,MODIS,51,6.2,309.5,15.8,D,0
-14.4728,142.4509,347,1.1,1,2014-11-25,0045,Terra,MODIS,91,6.2,311.7,40.8,D,0
-15.8103,145.1395,332.5,1.1,1,2014-11-25,0045,Terra,MODIS,70,6.2,305,19.4,D,0
-15.8012,145.1408,336.5,1.1,1,2014-11-25,0045,Terra,MODIS,83,6.2,306.7,26.5,D,0
-14.4527,142.444,331.7,1.1,1,2014-11-25,0045,Terra,MODIS,58,6.2,301.8,14.6,D,0
-15.7998,145.1312,328.9,1,1,2014-11-25,0045,Terra,MODIS,64,6.2,306.3,14.8,D,0
-14.4588,142.4833,338.7,1.1,1,2014-11-25,0045,Terra,MODIS,83,6.2,310.3,21,D,0
-14.4604,142.493,337.3,1.1,1,2014-11-25,0045,Terra,MODIS,82,6.2,311.2,18.8,D,0
-14.4619,142.5028,331.2,1.1,1,2014-11-25,0045,Terra,MODIS,42,6.2,310.3,9.9,D,0
-15.6733,141.8725,340.6,1.1,1,2014-11-25,0045,Terra,MODIS,82,6.2,309.8,24.6,D,0
-15.8287,145.1368,335.6,1.1,1,2014-11-25,0045,Terra,MODIS,80,6.2,304.8,24.8,D,0
-15.8195,145.1381,335.6,1.1,1,2014-11-25,0045,Terra,MODIS,74,6.2,304.7,23.7,D,0
-14.479,142.4298,339.8,1.1,1,2014-11-25,0045,Terra,MODIS,36,6.2,309.8,25.3,D,0
-14.4713,142.4411,372.4,1.1,1,2014-11-25,0045,Terra,MODIS,100,6.2,312.8,115.5,D,0
-14.4697,142.4312,351.9,1.1,1,2014-11-25,0045,Terra,MODIS,95,6.2,306.9,54,D,0
-14.4805,142.4396,337.6,1.1,1,2014-11-25,0045,Terra,MODIS,51,6.2,309.3,19.7,D,0
-15.8182,145.1284,345,1,1,2014-11-25,0045,Terra,MODIS,90,6.2,307.1,38.5,D,0
-14.9035,145.0311,327.8,1,1,2014-11-25,0045,Terra,MODIS,64,6.2,302.8,16.6,D,0
-14.8308,144.657,330,1,1,2014-11-25,0045,Terra,MODIS,39,6.2,307.3,13,D,0
-15.0837,145.0701,339.3,1,1,2014-11-25,0045,Terra,MODIS,84,6.2,303,33.2,D,0
-14.8105,144.7077,324.4,1,1,2014-11-25,0045,Terra,MODIS,40,6.2,303,8.6,D,0
-14.8014,144.7091,328.6,1,1,2014-11-25,0045,Terra,MODIS,47,6.2,306.4,12.8,D,0
-14.7372,144.7726,327.1,1,1,2014-11-25,0045,Terra,MODIS,52,6.2,302.4,13.7,D,0
-14.7358,144.7633,340.3,1,1,2014-11-25,0045,Terra,MODIS,85,6.2,303.9,31.3,D,0
-14.7268,144.7646,325.4,1,1,2014-11-25,0045,Terra,MODIS,36,6.2,304,11.8,D,0
-14.8218,144.6583,330.5,1,1,2014-11-25,0045,Terra,MODIS,49,6.2,308.2,13,D,0
-14.8231,144.6676,335.9,1,1,2014-11-25,0045,Terra,MODIS,74,6.2,306.1,21.7,D,0
-14.8182,144.6971,326.5,1,1,2014-11-25,0045,Terra,MODIS,42,6.2,305.8,9.9,D,0
-14.8195,144.7064,332.2,1,1,2014-11-25,0045,Terra,MODIS,75,6.2,305.3,17.1,D,0
-13.612,135.5559,317.8,3.2,1.7,2014-11-25,0045,Terra,MODIS,44,6.2,285.3,36.3,D,0
-13.6067,135.5269,318.9,3.2,1.7,2014-11-25,0045,Terra,MODIS,52,6.2,285.1,41.9,D,0
-15.0851,145.0797,326.2,1,1,2014-11-25,0045,Terra,MODIS,58,6.2,301.3,14.4,D,0
-17.2666,145.3143,329.5,1.1,1,2014-11-25,0046,Terra,MODIS,57,6.2,305.7,17.9,D,0
-18.585,145.736,367,1.2,1.1,2014-11-25,0046,Terra,MODIS,100,6.2,307.7,122.8,D,0
-16.3885,141.4833,343.8,1.1,1.1,2014-11-25,0046,Terra,MODIS,85,6.2,308,32.3,D,0
-16.8869,143.1776,340.3,1,1,2014-11-25,0046,Terra,MODIS,56,6.2,314.9,17.2,D,0
-16.9256,143.1906,343.7,1,1,2014-11-25,0046,Terra,MODIS,85,6.2,314.4,22.6,D,0
-16.4036,141.4856,354,1.1,1.1,2014-11-25,0046,Terra,MODIS,72,6.2,309.2,56.9,D,0
-17.5084,142.9007,342.8,1,1,2014-11-25,0046,Terra,MODIS,69,6.2,314.8,21.1,D,0
-16.7522,142.9556,335.8,1,1,2014-11-25,0046,Terra,MODIS,48,6.2,309.4,12.7,D,0
-17.0411,141.3132,333.2,1.1,1.1,2014-11-25,0046,Terra,MODIS,65,6.2,309.6,10.3,D,0
-16.3852,141.4625,332.8,1.1,1.1,2014-11-25,0046,Terra,MODIS,34,6.2,310.4,10.4,D,0
-17.4898,143.2079,335.4,1,1,2014-11-25,0046,Terra,MODIS,66,6.2,312.5,15.4,D,0
-16.6273,141.242,336.1,1.1,1.1,2014-11-25,0046,Terra,MODIS,27,6.2,308.8,20.1,D,0
-16.6779,141.2269,342.1,1.1,1.1,2014-11-25,0046,Terra,MODIS,74,6.2,306.2,33.2,D,0
-17.3117,143.3728,344.9,1,1,2014-11-25,0046,Terra,MODIS,87,6.2,313.4,27.4,D,0
-16.3679,141.4761,333.4,1.1,1.1,2014-11-25,0046,Terra,MODIS,50,6.2,310.8,13.6,D,0
-16.3995,141.4921,334.1,1.1,1.1,2014-11-25,0046,Terra,MODIS,52,6.2,309.1,14.7,D,0
-17.469,142.9455,356.1,1,1,2014-11-25,0046,Terra,MODIS,97,6.2,315.6,45.6,D,0
-17.5803,142.9505,341,1,1,2014-11-25,0046,Terra,MODIS,65,6.2,312.4,21.5,D,0
-17.5474,143.0387,335.9,1,1,2014-11-25,0046,Terra,MODIS,65,6.2,312.1,12.4,D,0
-19.1805,142.1995,356.3,1,1,2014-11-25,0046,Terra,MODIS,97,6.2,314.7,55.3,D,0
-19.1758,142.2297,337.7,1,1,2014-11-25,0046,Terra,MODIS,75,6.2,316,13.7,D,0
-19.1773,142.2393,340.3,1,1,2014-11-25,0046,Terra,MODIS,81,6.2,314.8,18.3,D,0
-16.8079,143.0812,339.1,1,1,2014-11-25,0046,Terra,MODIS,62,6.2,312.3,17.9,D,0
-19.1894,142.2014,336.3,1,1,2014-11-25,0046,Terra,MODIS,73,6.2,312.6,17.9,D,0
-17.9706,141.3583,339.5,1.1,1,2014-11-25,0046,Terra,MODIS,80,6.2,312.4,19,D,0
-19.1879,142.1918,335.2,1,1,2014-11-25,0046,Terra,MODIS,71,6.2,310.2,16.5,D,0
-19.1863,142.2378,334,1,1,2014-11-25,0046,Terra,MODIS,60,6.2,313.5,9.2,D,0
-16.3901,141.4937,334.9,1.1,1.1,2014-11-25,0046,Terra,MODIS,57,6.2,308.5,16.4,D,0
-16.8065,143.0718,336.3,1,1,2014-11-25,0046,Terra,MODIS,26,6.2,312.5,12.7,D,0
-17.8198,139.9845,337.2,1.3,1.1,2014-11-25,0046,Terra,MODIS,80,6.2,303,28.5,D,0
-17.8217,139.9965,327.4,1.3,1.1,2014-11-25,0046,Terra,MODIS,50,6.2,302.8,9.4,D,0
-17.818,139.9788,328.2,1.3,1.1,2014-11-25,0046,Terra,MODIS,60,6.2,303.2,11.1,D,0
-17.82,139.9908,333.2,1.3,1.1,2014-11-25,0046,Terra,MODIS,74,6.2,303.1,20.7,D,0
-17.8882,140.0278,329.7,1.3,1.1,2014-11-25,0046,Terra,MODIS,65,6.2,304.4,11.5,D,0
-18.5882,145.7402,332,1.2,1.1,2014-11-25,0046,Terra,MODIS,80,6.2,306.2,31.3,D,0
-17.5789,142.9411,357,1,1,2014-11-25,0046,Terra,MODIS,97,6.2,313.7,54.5,D,0
-17.4766,142.9346,354.4,1,1,2014-11-25,0046,Terra,MODIS,96,6.2,313,44,D,0
-17.4704,142.9549,343.1,1,1,2014-11-25,0046,Terra,MODIS,79,6.2,317.5,16.8,D,0
-17.5398,143.0495,337,1,1,2014-11-25,0046,Terra,MODIS,73,6.2,311.8,15.1,D,0
-16.0613,144.2604,331.6,1,1,2014-11-25,0046,Terra,MODIS,39,6.2,310.2,10.9,D,0
-16.0717,144.2684,337.8,1,1,2014-11-25,0046,Terra,MODIS,76,6.2,312.1,18.1,D,0
-17.438,143.2926,343,1,1,2014-11-25,0046,Terra,MODIS,85,6.2,312.6,27.3,D,0
-17.516,142.8898,357.2,1,1,2014-11-25,0046,Terra,MODIS,98,6.2,313.6,55,D,0
-17.4304,143.3034,345.7,1,1,2014-11-25,0046,Terra,MODIS,85,6.2,310.6,29,D,0
-17.4214,143.3048,347,1,1,2014-11-25,0046,Terra,MODIS,86,6.2,313.3,31.5,D,0
-17.4228,143.3776,331.7,1,1,2014-11-25,0046,Terra,MODIS,45,6.2,311.3,8.5,D,0
-17.4214,143.3683,344.9,1,1,2014-11-25,0046,Terra,MODIS,87,6.2,314.7,29.8,D,0
-17.4822,143.2186,332.8,1,1,2014-11-25,0046,Terra,MODIS,48,6.2,312,11.1,D,0
-17.5761,142.9223,356.6,1,1,2014-11-25,0046,Terra,MODIS,97,6.2,312.7,54,D,0
-17.4456,143.2819,332.7,1,1,2014-11-25,0046,Terra,MODIS,58,6.2,310,13.3,D,0
-17.4366,143.2833,333.8,1,1,2014-11-25,0046,Terra,MODIS,43,6.2,310.3,13.7,D,0
-16.8723,143.1416,338.3,1,1,2014-11-25,0046,Terra,MODIS,64,6.2,313.4,15.2,D,0
-19.5787,146.3927,376.4,1.3,1.1,2014-11-25,0046,Terra,MODIS,100,6.2,303.2,185.4,D,0
-19.5803,146.4053,337.3,1.3,1.1,2014-11-25,0046,Terra,MODIS,83,6.2,303.3,37.7,D,0
-19.586,146.3855,345.5,1.3,1.1,2014-11-25,0046,Terra,MODIS,86,6.2,298.9,63.4,D,0
-19.5876,146.3979,328.4,1.3,1.1,2014-11-25,0046,Terra,MODIS,43,6.2,302.1,23.7,D,0
-17.6939,140.5993,334.7,1.2,1.1,2014-11-25,0046,Terra,MODIS,63,6.2,307.6,20.5,D,0
-17.6957,140.6104,330.3,1.2,1.1,2014-11-25,0046,Terra,MODIS,45,6.2,307.5,12.7,D,0
-17.4746,143.2294,330.1,1,1,2014-11-25,0046,Terra,MODIS,39,6.2,311.8,8.2,D,0
-17.4138,143.379,333.6,1,1,2014-11-25,0046,Terra,MODIS,37,6.2,312.3,10,D,0
-17.4125,143.3697,335.4,1,1,2014-11-25,0046,Terra,MODIS,35,6.2,315.1,12.3,D,0
-17.4048,143.3804,336.5,1,1,2014-11-25,0046,Terra,MODIS,50,6.2,312.3,13.4,D,0
-17.3959,143.3818,350.8,1,1,2014-11-25,0046,Terra,MODIS,93,6.2,312.6,39.2,D,0
-17.2378,143.3713,336.4,1,1,2014-11-25,0046,Terra,MODIS,60,6.2,312.5,11.6,D,0
-17.5747,142.9129,346.2,1,1,2014-11-25,0046,Terra,MODIS,76,6.2,309.8,31.9,D,0
-16.2361,142.4075,349.3,1,1,2014-11-25,0046,Terra,MODIS,90,6.2,310.6,39.7,D,0
-17.514,142.9383,339.3,1,1,2014-11-25,0046,Terra,MODIS,70,6.2,316.2,10.1,D,0
-16.755,142.9744,359.6,1,1,2014-11-25,0046,Terra,MODIS,99,6.2,314.1,59.4,D,0
-16.7536,142.965,371.7,1,1,2014-11-25,0046,Terra,MODIS,100,6.2,313,97.7,D,0
-17.5735,142.4803,349,1,1,2014-11-25,0046,Terra,MODIS,91,6.2,311.3,43.7,D,0
-17.4732,143.22,331.3,1,1,2014-11-25,0046,Terra,MODIS,53,6.2,312.7,9.3,D,0
-17.5671,142.9238,352.1,1,1,2014-11-25,0046,Terra,MODIS,94,6.2,314.1,40.9,D,0
-17.5539,142.897,335.7,1,1,2014-11-25,0046,Terra,MODIS,64,6.2,314.9,12.6,D,0
-17.478,142.944,368.3,1,1,2014-11-25,0046,Terra,MODIS,100,6.2,318.4,81.7,D,0
-17.0727,143.2506,336.8,1,1,2014-11-25,0046,Terra,MODIS,37,6.2,315.5,12.8,D,0
-16.8709,143.1322,337.1,1,1,2014-11-25,0046,Terra,MODIS,49,6.2,314.4,12.7,D,0
-17.5585,142.4988,341.5,1,1,2014-11-25,0046,Terra,MODIS,67,6.2,314.2,19.4,D,0
-17.5749,142.4898,341.2,1,1,2014-11-25,0046,Terra,MODIS,82,6.2,312.4,27.5,D,0
-17.5675,142.4974,339.1,1,1,2014-11-25,0046,Terra,MODIS,54,6.2,314.7,18,D,0
-17.557,142.4893,347.6,1,1,2014-11-25,0046,Terra,MODIS,90,6.2,313.1,33.5,D,0
-17.5764,142.4993,334.6,1,1,2014-11-25,0046,Terra,MODIS,47,6.2,312.9,15.5,D,0
-16.7437,142.8992,333.9,1,1,2014-11-25,0046,Terra,MODIS,67,6.2,310.7,12.1,D,0
-16.7564,142.9838,338.4,1,1,2014-11-25,0046,Terra,MODIS,62,6.2,313.7,14.4,D,0
-16.7408,142.8803,333,1,1,2014-11-25,0046,Terra,MODIS,64,6.2,310.6,10,D,0
-17.1486,143.3279,336.9,1,1,2014-11-25,0046,Terra,MODIS,38,6.2,314.1,11.9,D,0
-16.7422,142.8898,350.1,1,1,2014-11-25,0046,Terra,MODIS,92,6.2,312.1,40.6,D,0
-17.4131,143.3121,339.7,1,1,2014-11-25,0046,Terra,MODIS,59,6.2,313.6,18,D,0
-16.8301,143.1064,340.9,1,1,2014-11-25,0046,Terra,MODIS,76,6.2,313.4,19.1,D,0
-17.5661,142.4878,344.2,1,1,2014-11-25,0046,Terra,MODIS,86,6.2,314.3,29.5,D,0
-16.2452,142.406,335.5,1,1,2014-11-25,0046,Terra,MODIS,39,6.2,309.2,17.4,D,0
-16.8315,143.1158,342.2,1,1,2014-11-25,0046,Terra,MODIS,74,6.2,313.7,22,D,0
-16.766,142.9245,337.2,1,1,2014-11-25,0046,Terra,MODIS,66,6.2,311,14.5,D,0
-17.4912,143.2172,333.2,1,1,2014-11-25,0046,Terra,MODIS,58,6.2,311.1,11.7,D,0
-17.4814,143.1517,340.6,1,1,2014-11-25,0046,Terra,MODIS,79,6.2,311.9,24.3,D,0
-18.7027,145.763,333.3,1.2,1.1,2014-11-25,0046,Terra,MODIS,85,6.2,303.5,34.2,D,0
-18.5865,145.7471,338.9,1.2,1.1,2014-11-25,0046,Terra,MODIS,85,6.2,304,39.4,D,0
-23.1147,146.2383,342.7,1.4,1.2,2014-11-25,0047,Terra,MODIS,87,6.2,307.1,47.1,D,0
-23.1236,146.2229,336.8,1.4,1.2,2014-11-25,0047,Terra,MODIS,78,6.2,306.8,33.1,D,0
-23.1253,146.2368,332.2,1.4,1.2,2014-11-25,0047,Terra,MODIS,52,6.2,307.9,21.9,D,0
-23.113,146.2243,335.5,1.4,1.2,2014-11-25,0047,Terra,MODIS,76,6.2,308.2,26.7,D,0
-25.54,148.93,328.9,2.3,1.5,2014-11-25,0048,Terra,MODIS,72,6.2,304.7,53.9,D,0
-24.9479,147.7017,323.8,1.9,1.3,2014-11-25,0048,Terra,MODIS,44,6.2,303.2,24.5,D,0
-24.8853,148.5727,335.1,2.2,1.4,2014-11-25,0048,Terra,MODIS,81,6.2,306.9,62.5,D,0
-24.8831,148.551,336.6,2.2,1.4,2014-11-25,0048,Terra,MODIS,84,6.2,302.6,73.6,D,0
-34.3555,142.0384,327.6,1.2,1.1,2014-11-25,0050,Terra,MODIS,73,6.2,308.3,13.6,D,0
-34.3539,142.0258,336.1,1.2,1.1,2014-11-25,0050,Terra,MODIS,84,6.2,309.7,27.1,D,0
-11.5509,130.6543,314.3,4.7,2,2014-11-25,0223,Terra,MODIS,53,6.2,288.2,59.6,D,0
-11.5502,130.6492,314.2,4.7,2,2014-11-25,0223,Terra,MODIS,26,6.2,288.3,54.5,D,0
-14.2394,126.4743,328.3,2.4,1.5,2014-11-25,0224,Terra,MODIS,57,6.2,299.6,37.9,D,0
-14.231,126.5203,324.2,2.4,1.5,2014-11-25,0224,Terra,MODIS,65,6.2,298.4,23.8,D,0
-14.242,126.4964,332.6,2.4,1.5,2014-11-25,0224,Terra,MODIS,85,6.2,300.3,57.1,D,0
-14.2446,126.5185,335.2,2.4,1.5,2014-11-25,0224,Terra,MODIS,87,6.2,299.9,71.9,D,0
-14.2474,126.5423,342.1,2.5,1.5,2014-11-25,0224,Terra,MODIS,91,6.2,299.8,114.8,D,0
-16.0496,125.5192,339.9,2.2,1.4,2014-11-25,0224,Terra,MODIS,89,6.2,296.3,102.4,D,0
-19.5774,124.2412,330.2,2,1.4,2014-11-25,0225,Terra,MODIS,64,6.2,302.8,25.8,D,0
-19.5803,124.2351,331.8,2,1.4,2014-11-25,0225,Terra,MODIS,69,6.2,301.8,31.7,D,0
-19.6173,124.2304,342.5,2,1.4,2014-11-25,0225,Terra,MODIS,86,6.2,302.4,74.2,D,0
-19.573,124.204,335,1.9,1.4,2014-11-25,0225,Terra,MODIS,76,6.2,300.3,46.6,D,0
-19.5752,124.2226,337.8,2,1.4,2014-11-25,0225,Terra,MODIS,81,6.2,301.4,55,D,0
-19.5762,124.1979,334.3,1.9,1.4,2014-11-25,0225,Terra,MODIS,74,6.2,299.9,45,D,0
-19.5783,124.2164,341.5,2,1.4,2014-11-25,0225,Terra,MODIS,85,6.2,301,73.6,D,0
-19.5906,124.2149,336.8,2,1.4,2014-11-25,0225,Terra,MODIS,79,6.2,302.2,52.8,D,0
-19.6008,124.1949,335,1.9,1.4,2014-11-25,0225,Terra,MODIS,76,6.2,301.8,46.9,D,0
-19.6029,124.2134,368.8,2,1.4,2014-11-25,0225,Terra,MODIS,100,6.2,305.6,249.4,D,0
-19.605,124.232,346.2,2,1.4,2014-11-25,0225,Terra,MODIS,90,6.2,303.3,92.5,D,0
-19.6109,124.1748,328.9,1.9,1.4,2014-11-25,0225,Terra,MODIS,51,6.2,300.2,25.9,D,0
-19.613,124.1932,406.6,1.9,1.4,2014-11-25,0225,Terra,MODIS,100,6.2,309,733.1,D,0
-19.6152,124.2118,406.2,2,1.4,2014-11-25,0225,Terra,MODIS,100,6.2,308.3,725.2,D,0
-19.6232,124.1731,380.5,1.9,1.4,2014-11-25,0225,Terra,MODIS,100,6.2,302,366,D,0
-19.6253,124.1916,384.2,1.9,1.4,2014-11-25,0225,Terra,MODIS,100,6.2,303.1,408.3,D,0
-19.6275,124.2102,338,2,1.4,2014-11-25,0225,Terra,MODIS,81,6.2,301.4,58.3,D,0
-19.6376,124.19,332.1,1.9,1.4,2014-11-25,0225,Terra,MODIS,69,6.2,295.5,41.2,D,0
-20.1988,126.5756,336.4,3,1.6,2014-11-25,0225,Terra,MODIS,83,6.2,291.6,119.7,D,0
-20.1985,126.5701,336.6,3,1.6,2014-11-25,0225,Terra,MODIS,83,6.2,290.3,124.4,D,0
-22.1089,120.4491,349.8,1.2,1.1,2014-11-25,0226,Terra,MODIS,92,6.2,317.7,47.4,D,0
-22.1341,120.5644,339.4,1.2,1.1,2014-11-25,0226,Terra,MODIS,70,6.2,316.3,21.6,D,0
-22.1342,120.5579,335.2,1.2,1.1,2014-11-25,0226,Terra,MODIS,55,6.2,317.4,14.1,D,0
-22.1073,120.4375,353.7,1.2,1.1,2014-11-25,0226,Terra,MODIS,95,6.2,318.1,60,D,0
-22.1357,120.5697,332.8,1.2,1.1,2014-11-25,0226,Terra,MODIS,48,6.2,315.4,10.9,D,0
-22.0535,120.564,344.6,1.2,1.1,2014-11-25,0226,Terra,MODIS,86,6.2,316.7,32,D,0
-22.0991,120.4505,335.9,1.2,1.1,2014-11-25,0226,Terra,MODIS,69,6.2,317,14.7,D,0
-22.096,120.4274,333.7,1.2,1.1,2014-11-25,0226,Terra,MODIS,51,6.2,315.1,13.5,D,0
-21.9912,122.1215,332.7,1.5,1.2,2014-11-25,0226,Terra,MODIS,47,6.2,313.7,13.1,D,0
-22.0975,120.439,341.5,1.2,1.1,2014-11-25,0226,Terra,MODIS,82,6.2,317.3,28.7,D,0
-22.0862,120.4288,337.3,1.2,1.1,2014-11-25,0226,Terra,MODIS,65,6.2,315.6,18.9,D,0
-22.001,122.0181,342.5,1.5,1.2,2014-11-25,0226,Terra,MODIS,83,6.2,316,40.1,D,0
-22.0027,122.0324,343.1,1.5,1.2,2014-11-25,0226,Terra,MODIS,84,6.2,315.7,41.6,D,0
-22.0118,122.0166,354.4,1.5,1.2,2014-11-25,0226,Terra,MODIS,95,6.2,313.9,82.6,D,0
-22.0136,122.0309,348.2,1.5,1.2,2014-11-25,0226,Terra,MODIS,90,6.2,313.5,58.4,D,0
-22.017,122.0595,351.8,1.5,1.2,2014-11-25,0226,Terra,MODIS,93,6.2,315.1,70.6,D,0
-22.1623,120.5419,342.7,1.2,1.1,2014-11-25,0226,Terra,MODIS,84,6.2,315.3,32.9,D,0
-22.028,120.4548,339.8,1.2,1.1,2014-11-25,0226,Terra,MODIS,80,6.2,317.9,22,D,0
-22.0619,120.5508,335.9,1.2,1.1,2014-11-25,0226,Terra,MODIS,39,6.2,317,12.6,D,0
-22.0289,120.4488,335.3,1.2,1.1,2014-11-25,0226,Terra,MODIS,62,6.2,317.8,14.3,D,0
-22.0188,122.0739,354.8,1.5,1.2,2014-11-25,0226,Terra,MODIS,96,6.2,317.2,83.6,D,0
-22.0279,122.0581,378.9,1.5,1.2,2014-11-25,0226,Terra,MODIS,100,6.2,315,217.9,D,0
-22.0296,122.0724,391,1.5,1.2,2014-11-25,0226,Terra,MODIS,100,6.2,317.3,318.3,D,0
-22.0634,120.5625,336.5,1.2,1.1,2014-11-25,0226,Terra,MODIS,46,6.2,316.6,14.2,D,0
-22.8498,122.6564,332.9,1.7,1.3,2014-11-25,0226,Terra,MODIS,73,6.2,309.8,25.4,D,0
-24.1028,121.7504,328.8,1.5,1.2,2014-11-25,0226,Terra,MODIS,65,6.2,308.5,13.4,D,0
-23.6122,123.0365,335.8,1.8,1.3,2014-11-25,0226,Terra,MODIS,81,6.2,302.9,49.7,D,0
-23.6102,123.0187,353.1,1.8,1.3,2014-11-25,0226,Terra,MODIS,90,6.2,304.2,125.8,D,0
-23.6082,123.001,352.9,1.8,1.3,2014-11-25,0226,Terra,MODIS,83,6.2,303.8,125.2,D,0
-23.5804,122.9685,333.8,1.8,1.3,2014-11-25,0226,Terra,MODIS,68,6.2,302.6,43.2,D,0
-23.6062,122.9833,413.5,1.8,1.3,2014-11-25,0226,Terra,MODIS,0,6.2,307.1,778.2,D,0
-23.5962,123.0024,331,1.8,1.3,2014-11-25,0226,Terra,MODIS,67,6.2,302.9,31.7,D,0
-22.8316,122.6811,333.1,1.7,1.3,2014-11-25,0226,Terra,MODIS,73,6.2,309.3,26,D,0
-23.6019,122.9958,342.8,1.8,1.3,2014-11-25,0226,Terra,MODIS,83,6.2,303.8,75.6,D,0
-23.5685,122.97,325.3,1.8,1.3,2014-11-25,0226,Terra,MODIS,46,6.2,301.3,19.8,D,0
-23.0697,122.682,327.9,1.7,1.3,2014-11-25,0226,Terra,MODIS,64,6.2,306.2,21.9,D,0
-23.6139,122.9944,369.6,1.8,1.3,2014-11-25,0226,Terra,MODIS,75,6.2,304.1,233.7,D,0
-23.6158,123.0121,346.4,1.8,1.3,2014-11-25,0226,Terra,MODIS,86,6.2,303.4,90.5,D,0
-23.5824,122.9862,327.7,1.8,1.3,2014-11-25,0226,Terra,MODIS,56,6.2,302.7,24.4,D,0
-23.6176,123.03,341,1.8,1.3,2014-11-25,0226,Terra,MODIS,87,6.2,303.3,69.1,D,0
-23.6001,122.9781,354.8,1.8,1.3,2014-11-25,0226,Terra,MODIS,0,6.2,304.2,132.1,D,0
-22.8411,122.6633,337.5,1.7,1.3,2014-11-25,0226,Terra,MODIS,80,6.2,311.4,39.3,D,0
-23.5923,122.967,328.7,1.8,1.3,2014-11-25,0226,Terra,MODIS,0,6.2,302.4,26.4,D,0
-23.5943,122.9847,345.9,1.8,1.3,2014-11-25,0226,Terra,MODIS,86,6.2,303.2,86.9,D,0
-25.1958,120.6768,337.4,1.3,1.1,2014-11-25,0227,Terra,MODIS,82,6.2,310.8,31.6,D,0
-25.1974,120.6901,341.1,1.3,1.1,2014-11-25,0227,Terra,MODIS,86,6.2,311.8,41.7,D,0
-25.199,120.7033,329.8,1.3,1.1,2014-11-25,0227,Terra,MODIS,69,6.2,310.4,16.4,D,0
-25.2243,120.5652,329.1,1.3,1.1,2014-11-25,0227,Terra,MODIS,66,6.2,311.2,14.3,D,0
-25.1886,120.7049,327.8,1.3,1.1,2014-11-25,0227,Terra,MODIS,63,6.2,310.1,12.2,D,0
-27.2286,121.1192,320.6,1.5,1.2,2014-11-25,0227,Terra,MODIS,36,6.2,291.9,23.7,D,0
-33.3359,115.6457,319.9,1,1,2014-11-25,0229,Terra,MODIS,55,6.2,303.9,4.9,D,0
-32.0607,115.7901,320.9,1,1,2014-11-25,0229,Terra,MODIS,45,6.2,306.1,4.5,D,0
-29.1126,151.9147,319.4,1.4,1.2,2014-11-25,0330,Aqua,MODIS,31,6.2,278,20.3,D,0
-29.1599,152.4846,314.2,1.3,1.1,2014-11-25,0330,Aqua,MODIS,51,6.2,294.5,9.5,D,0
-28.4408,150.8743,330,1.5,1.2,2014-11-25,0330,Aqua,MODIS,49,6.2,298.5,36.4,D,0
-27.7078,152.1539,329.5,1.3,1.1,2014-11-25,0330,Aqua,MODIS,70,6.2,306.1,18.6,D,0
-27.7091,152.1477,328.1,1.3,1.1,2014-11-25,0330,Aqua,MODIS,52,6.2,306,15.8,D,0
-25.5461,148.9157,325.8,1.9,1.3,2014-11-25,0331,Aqua,MODIS,32,6.2,301.9,27.9,D,0
-25.1144,151.3653,333.2,1.3,1.1,2014-11-25,0331,Aqua,MODIS,70,6.2,314,20,D,0
-25.1129,151.3782,337.4,1.3,1.1,2014-11-25,0331,Aqua,MODIS,68,6.2,314.3,31,D,0
-25.1231,151.3797,343.6,1.3,1.1,2014-11-25,0331,Aqua,MODIS,85,6.2,311.9,46.8,D,0
-26.3909,151.9672,331.5,1.2,1.1,2014-11-25,0331,Aqua,MODIS,74,6.2,309.5,23,D,0
-24.8825,148.5511,324.2,2,1.4,2014-11-25,0331,Aqua,MODIS,30,6.2,297.9,26.7,D,0
-24.3867,151.3393,325.3,1.3,1.1,2014-11-25,0331,Aqua,MODIS,56,6.2,310.8,12.6,D,0
-25.8047,151.0169,335.1,1.4,1.2,2014-11-25,0331,Aqua,MODIS,66,6.2,309.6,24.3,D,0
-24.6737,151.7331,334.9,1.2,1.1,2014-11-25,0331,Aqua,MODIS,78,6.2,305.2,34.3,D,0
-24.6752,151.7209,325.6,1.2,1.1,2014-11-25,0331,Aqua,MODIS,51,6.2,303.9,18,D,0
-24.2688,151.0634,325.3,1.3,1.1,2014-11-25,0331,Aqua,MODIS,45,6.2,308.1,12.5,D,0
-25.1068,152.1671,334.7,1.2,1.1,2014-11-25,0331,Aqua,MODIS,79,6.2,305.2,31.2,D,0
-25.1054,152.1787,326.4,1.2,1.1,2014-11-25,0331,Aqua,MODIS,61,6.2,304.7,17.5,D,0
-23.9969,149.0774,327.3,1.8,1.3,2014-11-25,0331,Aqua,MODIS,60,6.2,307.2,28.7,D,0
-25.7469,152.3317,328.6,1.2,1.1,2014-11-25,0331,Aqua,MODIS,63,6.2,312,14.3,D,0
-25.7386,152.3184,335.7,1.2,1.1,2014-11-25,0331,Aqua,MODIS,79,6.2,311.9,25.1,D,0
-23.1224,146.2067,329.4,2.8,1.6,2014-11-25,0332,Aqua,MODIS,42,6.2,302,54,D,0
-23.1199,146.2333,333.2,2.8,1.6,2014-11-25,0332,Aqua,MODIS,70,6.2,302.1,77.6,D,0
-22.2167,149.4368,352,1.6,1.2,2014-11-25,0332,Aqua,MODIS,95,6.2,306.2,105.9,D,0
-22.2184,149.4217,324.8,1.6,1.2,2014-11-25,0332,Aqua,MODIS,34,6.2,304.2,21.7,D,0
-22.1518,149.4981,343.7,1.6,1.2,2014-11-25,0332,Aqua,MODIS,89,6.2,306.5,69.9,D,0
-22.1629,149.4994,370.6,1.6,1.2,2014-11-25,0332,Aqua,MODIS,100,6.2,311.8,200.2,D,0
-22.1764,149.4929,323.6,1.6,1.2,2014-11-25,0332,Aqua,MODIS,35,6.2,303.2,17.1,D,0
-22.6479,150.2513,332.2,1.4,1.2,2014-11-25,0332,Aqua,MODIS,66,6.2,307,30.9,D,0
-22.6433,150.2439,325.6,1.4,1.2,2014-11-25,0332,Aqua,MODIS,58,6.2,304.9,20.4,D,0
-22.2055,149.4353,326,1.6,1.2,2014-11-25,0332,Aqua,MODIS,48,6.2,304.4,22.8,D,0
-22.9145,149.8076,338,1.5,1.2,2014-11-25,0332,Aqua,MODIS,77,6.2,305.4,44.4,D,0
-17.4162,143.2536,327.5,3.9,1.8,2014-11-25,0333,Aqua,MODIS,56,6.2,296.8,86.2,D,0
-16.8855,143.1625,346.4,3.9,1.8,2014-11-25,0333,Aqua,MODIS,92,6.2,302.9,282.2,D,0
-16.8916,143.1703,329.3,3.9,1.8,2014-11-25,0333,Aqua,MODIS,52,6.2,303.2,91.6,D,0
-17.509,142.8891,335.6,4.1,1.9,2014-11-25,0333,Aqua,MODIS,67,6.2,301.1,160.3,D,0
-16.875,143.1685,343.2,3.9,1.8,2014-11-25,0333,Aqua,MODIS,90,6.2,302.4,240.1,D,0
-16.7966,143.0417,325.3,3.9,1.8,2014-11-25,0333,Aqua,MODIS,53,6.2,297.4,69.6,D,0
-18.5879,145.7178,328.6,2.6,1.6,2014-11-25,0333,Aqua,MODIS,78,6.2,299.4,76.9,D,0
-18.5853,145.7421,345.2,2.6,1.6,2014-11-25,0333,Aqua,MODIS,92,6.2,302.3,182.1,D,0
-18.5932,145.725,321.3,2.6,1.6,2014-11-25,0333,Aqua,MODIS,65,6.2,300.8,45.3,D,0
-17.5431,142.8925,340.5,4.1,1.9,2014-11-25,0333,Aqua,MODIS,89,6.2,302.5,212.2,D,0
-17.5118,142.8936,329.7,4.1,1.9,2014-11-25,0333,Aqua,MODIS,21,6.2,299.8,89.5,D,0
-17.4223,143.2617,328.2,3.9,1.8,2014-11-25,0333,Aqua,MODIS,44,6.2,300,105,D,0
-17.5459,142.8971,336.1,4.1,1.9,2014-11-25,0333,Aqua,MODIS,80,6.2,302.4,165.4,D,0
-19.6052,146.3212,331,2.4,1.5,2014-11-25,0333,Aqua,MODIS,56,6.2,302.7,71,D,0
-19.5974,146.3132,340.3,2.4,1.5,2014-11-25,0333,Aqua,MODIS,86,6.2,304.3,113.3,D,0
-17.547,142.8534,332.3,4.2,1.9,2014-11-25,0333,Aqua,MODIS,70,6.2,297.7,132.8,D,0
-16.8689,143.1607,335.8,3.9,1.8,2014-11-25,0333,Aqua,MODIS,84,6.2,301,151,D,0
-16.8785,143.132,359.8,3.9,1.8,2014-11-25,0333,Aqua,MODIS,99,6.2,302.3,503.9,D,0
-16.7667,143.0008,326.4,4,1.9,2014-11-25,0333,Aqua,MODIS,66,6.2,301.6,69.9,D,0
-16.7493,142.9568,327.4,4,1.9,2014-11-25,0333,Aqua,MODIS,61,6.2,301.9,84.5,D,0
-16.8726,143.1243,351.7,3.9,1.8,2014-11-25,0333,Aqua,MODIS,95,6.2,301.3,360.9,D,0
-17.2607,145.2993,333.6,2.7,1.6,2014-11-25,0333,Aqua,MODIS,83,6.2,300.2,100.5,D,0
-17.2638,145.3049,336.8,2.7,1.6,2014-11-25,0333,Aqua,MODIS,86,6.2,302.4,122.3,D,0
-18.5767,145.7477,326.3,2.6,1.6,2014-11-25,0333,Aqua,MODIS,74,6.2,300.6,67.3,D,0
-18.7069,145.7691,329.1,2.6,1.6,2014-11-25,0333,Aqua,MODIS,78,6.2,299.8,93.1,D,0
-18.5907,145.7494,326.1,2.6,1.6,2014-11-25,0333,Aqua,MODIS,74,6.2,301.5,67.8,D,0
-18.5792,145.7233,336.7,2.6,1.6,2014-11-25,0333,Aqua,MODIS,86,6.2,299.1,121.6,D,0
-18.5993,145.7437,320.1,2.6,1.6,2014-11-25,0333,Aqua,MODIS,63,6.2,301.4,44.1,D,0
-18.7025,145.7635,320.5,2.6,1.6,2014-11-25,0333,Aqua,MODIS,53,6.2,299.3,50.7,D,0
-15.1909,145.218,320,2.6,1.5,2014-11-25,0334,Aqua,MODIS,31,6.2,295.2,41,D,0
-14.7859,144.7369,327.9,2.8,1.6,2014-11-25,0334,Aqua,MODIS,72,6.2,299.5,70.7,D,0
-14.7912,144.7166,332.3,2.8,1.6,2014-11-25,0334,Aqua,MODIS,80,6.2,295.8,96,D,0
-14.7887,144.7116,331.1,2.8,1.6,2014-11-25,0334,Aqua,MODIS,74,6.2,297,84.6,D,0
-13.9346,143.5631,332.6,3.3,1.7,2014-11-25,0334,Aqua,MODIS,74,6.2,297.9,126.6,D,0
-13.9383,143.5567,330.5,3.3,1.7,2014-11-25,0334,Aqua,MODIS,83,6.2,298.1,111.9,D,0
-15.761,145.1023,324.2,2.7,1.6,2014-11-25,0334,Aqua,MODIS,18,6.2,304.5,35.6,D,0
-14.9447,144.522,327.9,2.9,1.6,2014-11-25,0334,Aqua,MODIS,22,6.2,305.5,44.3,D,0
-14.9493,144.5026,332,2.9,1.6,2014-11-25,0334,Aqua,MODIS,79,6.2,305.1,76.3,D,0
-15.8316,145.1106,325.2,2.7,1.6,2014-11-25,0334,Aqua,MODIS,11,6.2,305.2,47.5,D,0
-15.8005,145.1335,335.4,2.7,1.6,2014-11-25,0334,Aqua,MODIS,70,6.2,303.3,101.5,D,0
-12.4837,142.9753,311.9,3.5,1.8,2014-11-25,0335,Aqua,MODIS,27,6.2,288.1,40.9,D,0
-12.4926,142.9807,314.2,3.5,1.8,2014-11-25,0335,Aqua,MODIS,52,6.2,288,56.9,D,0
-12.5499,142.995,311.9,3.5,1.8,2014-11-25,0335,Aqua,MODIS,32,6.2,291,46.8,D,0
-12.5522,143.0201,313.2,3.5,1.8,2014-11-25,0335,Aqua,MODIS,52,6.2,289.8,52.6,D,0
-12.5623,143.0284,310.2,3.5,1.8,2014-11-25,0335,Aqua,MODIS,11,6.2,289.4,38.9,D,0
-25.3024,132.0556,327.6,1.1,1,2014-11-25,0509,Aqua,MODIS,72,6.2,281,20.4,D,0
-23.0722,122.6662,325.2,2.3,1.5,2014-11-25,0510,Aqua,MODIS,45,6.2,301.8,21.8,D,0
-24.6471,129.6422,338.8,1,1,2014-11-25,0510,Aqua,MODIS,26,6.2,301.5,24.4,D,0
-24.4619,122.854,388,2.3,1.5,2014-11-25,0510,Aqua,MODIS,100,6.2,310.1,570.3,D,0
-24.4752,122.8555,359,2.3,1.5,2014-11-25,0510,Aqua,MODIS,99,6.2,307.1,220.2,D,0
-23.0795,122.6941,327.4,2.3,1.5,2014-11-25,0510,Aqua,MODIS,63,6.2,303,26,D,0
-24.473,122.8782,344.2,2.3,1.5,2014-11-25,0510,Aqua,MODIS,90,6.2,307.2,109.1,D,0
-25.1995,120.6101,325.7,3.4,1.7,2014-11-25,0510,Aqua,MODIS,64,6.2,303.9,48.3,D,0
-25.2153,120.6116,335.5,3.4,1.7,2014-11-25,0510,Aqua,MODIS,81,6.2,303.8,125,D,0
-25.2394,120.5102,333,3.4,1.7,2014-11-25,0510,Aqua,MODIS,78,6.2,301.3,107.4,D,0
-25.5438,121.8754,337,2.8,1.6,2014-11-25,0510,Aqua,MODIS,83,6.2,302.8,115,D,0
-25.5294,121.874,331.1,2.8,1.6,2014-11-25,0510,Aqua,MODIS,76,6.2,302,80.2,D,0
-23.0831,122.6895,326.8,2.3,1.5,2014-11-25,0510,Aqua,MODIS,56,6.2,303.2,25.4,D,0
-23.0699,122.6887,326.4,2.3,1.5,2014-11-25,0510,Aqua,MODIS,56,6.2,302.1,25.7,D,0
-25.5396,121.898,326.7,2.8,1.6,2014-11-25,0510,Aqua,MODIS,67,6.2,301.5,55.1,D,0
-25.2366,120.545,336.4,3.4,1.7,2014-11-25,0510,Aqua,MODIS,82,6.2,300.6,137.8,D,0
-25.5422,121.8703,337.7,2.8,1.6,2014-11-25,0510,Aqua,MODIS,84,6.2,303,119.5,D,0
-24.695,129.63,353.5,1,1,2014-11-25,0510,Aqua,MODIS,95,6.2,317.9,44.3,D,0
-23.5965,122.9824,345,2.2,1.4,2014-11-25,0510,Aqua,MODIS,0,6.2,303.4,105.9,D,0
-23.6202,123.0068,334.7,2.2,1.4,2014-11-25,0510,Aqua,MODIS,62,6.2,301.8,54.5,D,0
-25.1956,122.0614,326.3,2.7,1.6,2014-11-25,0510,Aqua,MODIS,60,6.2,306.1,35.9,D,0
-25.2097,122.063,328.8,2.7,1.6,2014-11-25,0510,Aqua,MODIS,71,6.2,306.3,48.7,D,0
-25.2215,122.0911,326.7,2.7,1.6,2014-11-25,0510,Aqua,MODIS,64,6.2,306.4,39.4,D,0
-25.2139,122.0708,330.3,2.7,1.6,2014-11-25,0510,Aqua,MODIS,72,6.2,306.5,55.5,D,0
-23.5944,122.9869,344.4,2.2,1.4,2014-11-25,0510,Aqua,MODIS,0,6.2,303.1,101.6,D,0
-23.6182,123.0113,332.5,2.2,1.4,2014-11-25,0510,Aqua,MODIS,0,6.2,301.9,45.3,D,0
-25.2021,120.6366,331.9,3.4,1.7,2014-11-25,0510,Aqua,MODIS,77,6.2,304.9,91.6,D,0
-25.1992,120.6703,339.9,3.4,1.7,2014-11-25,0510,Aqua,MODIS,86,6.2,305.6,160.7,D,0
-25.1963,120.7038,327.9,3.3,1.7,2014-11-25,0510,Aqua,MODIS,69,6.2,303.3,63.6,D,0
-25.1969,120.6437,330.5,3.4,1.7,2014-11-25,0510,Aqua,MODIS,74,6.2,304.2,81.8,D,0
-25.1942,120.6775,342.4,3.4,1.7,2014-11-25,0510,Aqua,MODIS,88,6.2,304.9,187.8,D,0
-24.4641,122.8314,367,2.3,1.5,2014-11-25,0510,Aqua,MODIS,100,6.2,308.1,295.8,D,0
-24.4521,122.846,338.6,2.3,1.5,2014-11-25,0510,Aqua,MODIS,85,6.2,307,75.7,D,0
-24.4544,122.8234,326.7,2.3,1.5,2014-11-25,0510,Aqua,MODIS,54,6.2,304.9,19.8,D,0
-25.2126,120.6454,349.3,3.4,1.7,2014-11-25,0510,Aqua,MODIS,93,6.2,306.3,266.4,D,0
-25.2098,120.6792,331.3,3.4,1.7,2014-11-25,0510,Aqua,MODIS,75,6.2,304.3,89.4,D,0
-24.6922,129.6498,338.8,1,1,2014-11-25,0510,Aqua,MODIS,82,6.2,316,13.8,D,0
-22.8571,122.6064,329.4,2.3,1.5,2014-11-25,0510,Aqua,MODIS,40,6.2,295.6,34.9,D,0
-24.6936,129.6399,345.9,1,1,2014-11-25,0510,Aqua,MODIS,90,6.2,317,27,D,0
-25.628,121.9118,327.8,2.8,1.6,2014-11-25,0510,Aqua,MODIS,66,6.2,304,55.8,D,0
-24.5324,129.6103,358.4,1,1,2014-11-25,0510,Aqua,MODIS,99,6.2,313.1,63.9,D,0
-24.5234,129.6088,337.8,1,1,2014-11-25,0510,Aqua,MODIS,67,6.2,308.7,19.9,D,0
-24.5248,129.5989,353.9,1,1,2014-11-25,0510,Aqua,MODIS,96,6.2,309.8,52.8,D,0
-24.6964,129.6201,340.6,1,1,2014-11-25,0510,Aqua,MODIS,84,6.2,315.4,19.1,D,0
-24.6873,129.6186,338.5,1,1,2014-11-25,0510,Aqua,MODIS,82,6.2,315.2,17.1,D,0
-24.6499,129.6224,353.3,1,1,2014-11-25,0510,Aqua,MODIS,76,6.2,304.3,52.1,D,0
-24.6512,129.6125,376,1,1,2014-11-25,0510,Aqua,MODIS,100,6.2,303.4,120.6,D,0
-24.6526,129.6026,386.1,1,1,2014-11-25,0510,Aqua,MODIS,100,6.2,307.6,164.4,D,0
-24.7237,129.1545,334.9,1,1,2014-11-25,0510,Aqua,MODIS,61,6.2,312.2,15.6,D,0
-25.6307,121.9192,330.7,2.8,1.6,2014-11-25,0510,Aqua,MODIS,70,6.2,304.6,73.9,D,0
-25.6254,121.9394,325.5,2.8,1.6,2014-11-25,0510,Aqua,MODIS,60,6.2,304.9,42.2,D,0
-25.546,122.1767,328.8,2.6,1.6,2014-11-25,0510,Aqua,MODIS,72,6.2,299.2,66.7,D,0
-24.5725,130.2957,323.2,1,1,2014-11-25,0510,Aqua,MODIS,30,6.2,297.2,6,D,0
-24.5862,130.3284,332.3,1,1,2014-11-25,0510,Aqua,MODIS,76,6.2,301.1,15.8,D,0
-24.5815,130.2973,333.5,1,1,2014-11-25,0510,Aqua,MODIS,77,6.2,300.2,17.9,D,0
-24.5829,130.2875,326.6,1,1,2014-11-25,0510,Aqua,MODIS,62,6.2,299.7,9.6,D,0
-25.5553,122.2308,323.2,2.6,1.6,2014-11-25,0510,Aqua,MODIS,54,6.2,303.6,39,D,0
-25.5413,122.2292,336.9,2.6,1.6,2014-11-25,0510,Aqua,MODIS,83,6.2,303.8,106.3,D,0
-25.5436,122.203,356.7,2.6,1.6,2014-11-25,0510,Aqua,MODIS,98,6.2,304.6,270.9,D,0
-20.1894,126.5561,346.9,1.2,1.1,2014-11-25,0511,Aqua,MODIS,91,6.2,316.7,32.7,D,0
-19.3798,124.7455,339.6,1.4,1.2,2014-11-25,0511,Aqua,MODIS,83,6.2,303.5,36.7,D,0
-19.6366,124.2277,335.1,1.6,1.2,2014-11-25,0511,Aqua,MODIS,57,6.2,287.5,44.8,D,0
-19.6384,124.2129,368.6,1.6,1.2,2014-11-25,0511,Aqua,MODIS,100,6.2,290,190,D,0
-19.6237,124.2411,346.3,1.6,1.2,2014-11-25,0511,Aqua,MODIS,89,6.2,281.8,75.6,D,0
-19.6255,124.2262,389.5,1.6,1.2,2014-11-25,0511,Aqua,MODIS,100,6.2,288.7,349.7,D,0
-19.6126,124.2396,335.4,1.6,1.2,2014-11-25,0511,Aqua,MODIS,50,6.2,284.7,35.4,D,0
-19.6143,124.2247,342.8,1.6,1.2,2014-11-25,0511,Aqua,MODIS,85,6.2,282.2,59.2,D,0
-19.6272,124.2113,346.5,1.6,1.2,2014-11-25,0511,Aqua,MODIS,73,6.2,288.9,77.1,D,0
-19.6197,124.1799,360.9,1.6,1.2,2014-11-25,0511,Aqua,MODIS,83,6.2,290,139,D,0
-19.6214,124.1649,356.8,1.6,1.2,2014-11-25,0511,Aqua,MODIS,76,6.2,293.5,124.3,D,0
-19.6085,124.1783,352.6,1.6,1.2,2014-11-25,0511,Aqua,MODIS,78,6.2,294.8,100.9,D,0
-13.5822,135.4259,327.9,2.8,1.6,2014-11-25,0512,Aqua,MODIS,50,6.2,297.9,53.6,D,0
-13.5842,135.4311,328.5,2.8,1.6,2014-11-25,0512,Aqua,MODIS,66,6.2,298.6,57.8,D,0
-13.5939,135.4589,331.2,2.8,1.6,2014-11-25,0512,Aqua,MODIS,77,6.2,294.9,67.4,D,0
-16.0364,125.5258,363.6,1.2,1.1,2014-11-25,0512,Aqua,MODIS,100,6.2,305.3,101.1,D,0
-16.0378,125.5149,395.7,1.2,1.1,2014-11-25,0512,Aqua,MODIS,100,6.2,308.6,270.3,D,0
-16.0281,125.5135,333.1,1.2,1.1,2014-11-25,0512,Aqua,MODIS,71,6.2,302.1,22.9,D,0
-16.6541,137.8803,318.6,3.6,1.8,2014-11-25,0512,Aqua,MODIS,67,6.2,292.9,40.9,D,0
-14.8086,135.2022,323.8,2.5,1.5,2014-11-25,0512,Aqua,MODIS,46,6.2,300.2,26,D,0
-16.0557,125.5289,326.7,1.2,1.1,2014-11-25,0512,Aqua,MODIS,49,6.2,303,9.9,D,0
-16.0571,125.5181,338.2,1.2,1.1,2014-11-25,0512,Aqua,MODIS,85,6.2,303.7,31.3,D,0
-16.046,125.5274,330.7,1.2,1.1,2014-11-25,0512,Aqua,MODIS,71,6.2,303.8,15.6,D,0
-16.0475,125.5166,328.7,1.2,1.1,2014-11-25,0512,Aqua,MODIS,62,6.2,302.3,13.3,D,0
-16.3501,126.1473,330,1.1,1,2014-11-25,0512,Aqua,MODIS,69,6.2,293,16.8,D,0
-16.5001,131.5461,334.8,1.3,1.1,2014-11-25,0512,Aqua,MODIS,62,6.2,298.1,26.7,D,0
-16.4882,131.5562,335.4,1.3,1.1,2014-11-25,0512,Aqua,MODIS,78,6.2,299.1,24.6,D,0
-16.4579,131.5508,331.7,1.3,1.1,2014-11-25,0512,Aqua,MODIS,71,6.2,297.7,17.5,D,0
-16.4637,131.515,348.2,1.3,1.1,2014-11-25,0512,Aqua,MODIS,92,6.2,297,61,D,0
-16.4656,131.5032,328.7,1.3,1.1,2014-11-25,0512,Aqua,MODIS,46,6.2,295,16.2,D,0
-16.755,124.0059,334.6,1.5,1.2,2014-11-25,0512,Aqua,MODIS,73,6.2,304.3,30.9,D,0
-16.7511,124.0142,339,1.5,1.2,2014-11-25,0512,Aqua,MODIS,85,6.2,303.3,39,D,0
-16.67,123.8405,323.6,1.5,1.2,2014-11-25,0512,Aqua,MODIS,21,6.2,294.8,10.2,D,0
-17.602,127.601,350.7,1,1,2014-11-25,0512,Aqua,MODIS,94,6.2,305.5,46,D,0
-17.6266,127.6242,340.8,1,1,2014-11-25,0512,Aqua,MODIS,86,6.2,302.4,27,D,0
-16.5814,130.3716,345.5,1.1,1.1,2014-11-25,0512,Aqua,MODIS,78,6.2,284,44.1,D,0
-15.0424,129.3993,328.4,1.1,1,2014-11-25,0512,Aqua,MODIS,61,6.2,298.2,13,D,0
-17.6007,127.6105,334.8,1,1,2014-11-25,0512,Aqua,MODIS,79,6.2,303.7,15.6,D,0
-17.5916,127.6091,349.8,1,1,2014-11-25,0512,Aqua,MODIS,93,6.2,304.9,43,D,0
-15.0502,129.4105,331.1,1.1,1,2014-11-25,0512,Aqua,MODIS,63,6.2,298.7,18.6,D,0
-15.0623,129.3925,352.2,1.1,1,2014-11-25,0512,Aqua,MODIS,96,6.2,301.1,53.7,D,0
-17.8393,129.2894,367.1,1,1,2014-11-25,0512,Aqua,MODIS,87,6.2,296,89.5,D,0
-17.3144,130.023,342.1,1.1,1,2014-11-25,0512,Aqua,MODIS,60,6.2,293.4,37.2,D,0
-17.6292,127.6051,331.9,1,1,2014-11-25,0512,Aqua,MODIS,74,6.2,301,12.9,D,0
-16.6382,130.4082,331,1.1,1.1,2014-11-25,0512,Aqua,MODIS,36,6.2,291.4,14.6,D,0
-17.8094,129.304,341.1,1,1,2014-11-25,0512,Aqua,MODIS,56,6.2,295.9,30,D,0
-17.7198,127.9419,337.2,1,1,2014-11-25,0512,Aqua,MODIS,51,6.2,302.1,21,D,0
-17.5943,127.5901,332.6,1,1,2014-11-25,0512,Aqua,MODIS,75,6.2,303.4,15.1,D,0
-17.8184,129.3055,372.7,1,1,2014-11-25,0512,Aqua,MODIS,100,6.2,308.9,112.5,D,0
-17.817,129.315,349.8,1,1,2014-11-25,0512,Aqua,MODIS,53,6.2,308.4,47.4,D,0
-17.8303,129.2879,332.4,1,1,2014-11-25,0512,Aqua,MODIS,32,6.2,286,14.9,D,0
-17.8275,129.307,336.2,1,1,2014-11-25,0512,Aqua,MODIS,51,6.2,298.4,21.8,D,0
-16.6398,130.3978,335.2,1.1,1.1,2014-11-25,0512,Aqua,MODIS,58,6.2,291.3,21.4,D,0
-17.2869,129.7792,332,1,1,2014-11-25,0512,Aqua,MODIS,55,6.2,304.2,13.3,D,0
-16.6258,130.3633,333.2,1.1,1.1,2014-11-25,0512,Aqua,MODIS,22,6.2,287.9,19.7,D,0
-17.2961,129.7807,337.8,1,1,2014-11-25,0512,Aqua,MODIS,79,6.2,305,23.3,D,0
-15.2173,129.7132,340.8,1.1,1,2014-11-25,0512,Aqua,MODIS,88,6.2,299.4,33.1,D,0
-17.8379,129.2989,367.4,1,1,2014-11-25,0512,Aqua,MODIS,100,6.2,295.3,90,D,0
-17.847,129.3004,358.2,1,1,2014-11-25,0512,Aqua,MODIS,98,6.2,304.2,62.7,D,0
-15.0609,129.4023,375.3,1.1,1,2014-11-25,0512,Aqua,MODIS,100,6.2,305.1,129.4,D,0
-16.6193,130.4049,340.8,1.1,1.1,2014-11-25,0512,Aqua,MODIS,85,6.2,285.8,34.5,D,0
-17.6202,127.6038,350.6,1,1,2014-11-25,0512,Aqua,MODIS,94,6.2,304.1,45.9,D,0
-17.3805,130.0239,346.6,1.1,1,2014-11-25,0512,Aqua,MODIS,78,6.2,297.1,38.9,D,0
-17.3698,130.0323,347.2,1.1,1,2014-11-25,0512,Aqua,MODIS,56,6.2,302,42.6,D,0
-17.3713,130.0224,365.4,1.1,1,2014-11-25,0512,Aqua,MODIS,100,6.2,304.7,90.5,D,0
-17.3728,130.0124,368.9,1.1,1,2014-11-25,0512,Aqua,MODIS,100,6.2,297.9,103.6,D,0
-17.3498,130.0392,331.9,1.1,1,2014-11-25,0512,Aqua,MODIS,20,6.2,290.7,16.7,D,0
-17.3513,130.0292,339.9,1.1,1,2014-11-25,0512,Aqua,MODIS,63,6.2,294.9,29.1,D,0
-17.3406,130.0376,358.1,1.1,1,2014-11-25,0512,Aqua,MODIS,98,6.2,301.8,73.3,D,0
-17.3421,130.0276,368.4,1.1,1,2014-11-25,0512,Aqua,MODIS,100,6.2,296.5,104.5,D,0
-17.3313,130.036,331.5,1.1,1,2014-11-25,0512,Aqua,MODIS,39,6.2,288.8,17.4,D,0
-15.0531,129.391,348.9,1.1,1,2014-11-25,0512,Aqua,MODIS,94,6.2,301.6,46.3,D,0
-17.6279,127.6147,346.9,1,1,2014-11-25,0512,Aqua,MODIS,91,6.2,303.9,38.2,D,0
-16.572,130.37,338.7,1.1,1.1,2014-11-25,0512,Aqua,MODIS,70,6.2,276.3,31.2,D,0
-17.6188,127.6133,338.4,1,1,2014-11-25,0512,Aqua,MODIS,83,6.2,305,22,D,0
-17.3128,130.033,352.3,1.1,1,2014-11-25,0512,Aqua,MODIS,95,6.2,291.5,60.5,D,0
-15.0517,129.4008,361.2,1.1,1,2014-11-25,0512,Aqua,MODIS,100,6.2,303.5,80.3,D,0
-17.593,127.5996,348.9,1,1,2014-11-25,0512,Aqua,MODIS,93,6.2,305.9,42.1,D,0
-17.3221,130.0345,339.8,1.1,1,2014-11-25,0512,Aqua,MODIS,82,6.2,286.5,30.9,D,0
-17.664,131.3196,350.5,1.2,1.1,2014-11-25,0512,Aqua,MODIS,93,6.2,306,58.2,D,0
-15.7646,132.2101,336.4,1.4,1.2,2014-11-25,0512,Aqua,MODIS,80,6.2,302.4,30.7,D,0
-12.2287,134.7781,328.1,2.6,1.6,2014-11-25,0513,Aqua,MODIS,69,6.2,297.5,58.7,D,0
-12.2246,134.7723,320.5,2.6,1.6,2014-11-25,0513,Aqua,MODIS,72,6.2,297.2,24.7,D,0
-14.6095,126.057,323.1,1.1,1,2014-11-25,0513,Aqua,MODIS,59,6.2,299.4,9.2,D,0
-14.6202,126.0484,345.5,1.1,1,2014-11-25,0513,Aqua,MODIS,91,6.2,300.9,46.3,D,0
-14.6189,126.0584,345.3,1.1,1,2014-11-25,0513,Aqua,MODIS,91,6.2,300.1,45.1,D,0
-14.3964,126.0645,326.9,1.1,1,2014-11-25,0513,Aqua,MODIS,80,6.2,302.3,8.7,D,0
-12.973,136.276,327.2,3.3,1.7,2014-11-25,0513,Aqua,MODIS,72,6.2,294.2,69.3,D,0
-12.5818,132.564,332.4,1.7,1.3,2014-11-25,0513,Aqua,MODIS,80,6.2,296.6,35.3,D,0
-12.5583,132.5871,331.1,1.8,1.3,2014-11-25,0513,Aqua,MODIS,62,6.2,294.2,36.3,D,0
-12.9761,136.2689,324.4,3.3,1.7,2014-11-25,0513,Aqua,MODIS,55,6.2,294.6,50.1,D,0
-14.3694,126.4691,325.7,1,1,2014-11-25,0513,Aqua,MODIS,70,6.2,294.8,16.1,D,0
-12.5243,135.0011,324,2.7,1.6,2014-11-25,0513,Aqua,MODIS,56,6.2,296.5,48.1,D,0
-14.6669,126.9742,330.3,1,1,2014-11-25,0513,Aqua,MODIS,59,6.2,302.3,12.2,D,0
-14.6487,126.9715,332.1,1,1,2014-11-25,0513,Aqua,MODIS,75,6.2,298.6,15.9,D,0
-14.6514,126.9526,338.7,1,1,2014-11-25,0513,Aqua,MODIS,84,6.2,292.2,28.3,D,0
-14.6474,126.9808,326.8,1,1,2014-11-25,0513,Aqua,MODIS,64,6.2,300.9,8.5,D,0
-14.3517,126.132,336,1.1,1,2014-11-25,0513,Aqua,MODIS,71,6.2,296.8,26.8,D,0
-14.6578,126.9728,331.3,1,1,2014-11-25,0513,Aqua,MODIS,74,6.2,300.6,14,D,0
-14.6565,126.9822,327.7,1,1,2014-11-25,0513,Aqua,MODIS,64,6.2,301.5,8.6,D,0
-14.6604,126.954,339.2,1,1,2014-11-25,0513,Aqua,MODIS,84,6.2,293.3,29.4,D,0
-14.6591,126.9634,344.3,1,1,2014-11-25,0513,Aqua,MODIS,89,6.2,298.9,37.3,D,0
-13.8622,126.8749,336.1,1,1,2014-11-25,0513,Aqua,MODIS,87,6.2,307.4,15,D,0
-14.6682,126.9648,348.2,1,1,2014-11-25,0513,Aqua,MODIS,92,6.2,299.2,44.9,D,0
-14.3624,126.1234,356.9,1.1,1,2014-11-25,0513,Aqua,MODIS,98,6.2,302.6,70.1,D,0
-14.6501,126.9621,346.8,1,1,2014-11-25,0513,Aqua,MODIS,91,6.2,296.1,42.5,D,0
-34.8669,117.2079,308.9,2.6,1.5,2014-11-25,0645,Aqua,MODIS,48,6.2,289.6,27.2,D,0
-34.8606,117.2361,307.2,2.6,1.6,2014-11-25,0645,Aqua,MODIS,38,6.2,289,22.4,D,0
-31.203,115.6664,332.2,2.5,1.5,2014-11-25,0646,Aqua,MODIS,72,6.2,313,54.6,D,0
-31.2086,115.64,330.8,2.5,1.5,2014-11-25,0646,Aqua,MODIS,69,6.2,313.1,45.7,D,0
-24.8966,148.2533,307.9,1,1,2014-11-25,1256,Terra,MODIS,67,6.2,293.6,6.6,N,0
-25.5426,148.9172,304.1,1,1,2014-11-25,1256,Terra,MODIS,28,6.2,290.7,4.7,N,0
-25.541,148.9276,304.2,1,1,2014-11-25,1256,Terra,MODIS,32,6.2,290.4,5.1,N,0
-23.1938,150.7222,304.7,1.3,1.2,2014-11-25,1256,Terra,MODIS,61,6.2,293.1,7.8,N,0
-23.4332,148.2517,316.3,1,1,2014-11-25,1256,Terra,MODIS,92,6.2,297,12.3,N,0
-23.4256,148.2399,315.9,1,1,2014-11-25,1256,Terra,MODIS,91,6.2,296.8,12.1,N,0
-23.0509,146.2571,306,1,1,2014-11-25,1256,Terra,MODIS,64,6.2,295.9,4.5,N,0
-24.8863,148.56,304,1,1,2014-11-25,1256,Terra,MODIS,53,6.2,292.9,5,N,0
-23.1486,146.149,313.7,1,1,2014-11-25,1256,Terra,MODIS,51,6.2,296.5,8.8,N,0
-24.594,148.0558,316.3,1,1,2014-11-25,1256,Terra,MODIS,93,6.2,293.8,12.6,N,0
-24.5853,148.0585,319.4,1,1,2014-11-25,1256,Terra,MODIS,98,6.2,294.1,16.2,N,0
-24.5868,148.0488,309.3,1,1,2014-11-25,1256,Terra,MODIS,73,6.2,294.2,7.7,N,0
-24.5762,148.057,305,1,1,2014-11-25,1256,Terra,MODIS,36,6.2,294,4.9,N,0
-23.1472,146.1589,311.7,1,1,2014-11-25,1256,Terra,MODIS,31,6.2,296.5,7.2,N,0
-23.1291,146.1559,310,1,1,2014-11-25,1256,Terra,MODIS,65,6.2,295.9,6.4,N,0
-23.1381,146.1574,309.8,1,1,2014-11-25,1256,Terra,MODIS,67,6.2,296.4,6.2,N,0
-23.9956,149.0775,307.8,1.1,1,2014-11-25,1256,Terra,MODIS,72,6.2,293.9,7.6,N,0
-22.1647,149.5046,303.8,1.2,1.1,2014-11-25,1257,Terra,MODIS,57,6.2,293.7,5.4,N,0
-19.5951,146.3207,304.5,1,1,2014-11-25,1257,Terra,MODIS,58,6.2,291.3,4.7,N,0
-21.2888,145.0469,312.2,1,1,2014-11-25,1257,Terra,MODIS,82,6.2,292.2,9.8,N,0
-21.2874,145.0569,310.6,1,1,2014-11-25,1257,Terra,MODIS,78,6.2,291,8.6,N,0
-18.5668,145.7321,318.8,1,1,2014-11-25,1258,Terra,MODIS,97,6.2,291.2,16.8,N,0
-18.5744,145.7429,317,1,1,2014-11-25,1258,Terra,MODIS,94,6.2,291.9,15.5,N,0
-18.5771,145.7241,316.6,1,1,2014-11-25,1258,Terra,MODIS,93,6.2,291.7,14.7,N,0
-18.5758,145.7335,320.2,1,1,2014-11-25,1258,Terra,MODIS,100,6.2,292.5,17.7,N,0
-18.5681,145.7226,329.6,1,1,2014-11-25,1258,Terra,MODIS,100,6.2,292,29,N,0
-18.5695,145.7132,307.2,1,1,2014-11-25,1258,Terra,MODIS,71,6.2,290.8,8.2,N,0
-17.2401,143.3691,307.3,1.1,1.1,2014-11-25,1258,Terra,MODIS,34,6.2,287,5.5,N,0
-17.5491,143.0414,318.4,1.2,1.1,2014-11-25,1258,Terra,MODIS,97,6.2,275.8,18.8,N,0
-17.5602,143.0319,307.3,1.2,1.1,2014-11-25,1258,Terra,MODIS,51,6.2,276.5,8.9,N,0
-17.5462,143.0632,323.7,1.2,1.1,2014-11-25,1258,Terra,MODIS,100,6.2,279.1,24.6,N,0
-17.5477,143.0523,341.7,1.2,1.1,2014-11-25,1258,Terra,MODIS,100,6.2,278.3,55.3,N,0
-19.1771,142.2394,305.8,1.3,1.1,2014-11-25,1258,Terra,MODIS,28,6.2,295,6.2,N,0
-18.5943,145.7332,304.5,1,1,2014-11-25,1258,Terra,MODIS,24,6.2,289.9,4.9,N,0
-18.6047,145.7253,302.4,1,1,2014-11-25,1258,Terra,MODIS,16,6.2,291.2,4.4,N,0
-18.5957,145.7238,311.3,1,1,2014-11-25,1258,Terra,MODIS,82,6.2,290.5,9.7,N,0
-17.495,143.1549,310.4,1.1,1.1,2014-11-25,1258,Terra,MODIS,61,6.2,281,9.9,N,0
-15.7579,145.1193,307.7,1,1,2014-11-25,1258,Terra,MODIS,43,6.2,291.6,6.4,N,0
-17.3009,143.3844,308.3,1.1,1.1,2014-11-25,1258,Terra,MODIS,17,6.2,286.7,6,N,0
-17.4477,143.2614,307.4,1.1,1.1,2014-11-25,1258,Terra,MODIS,46,6.2,281.5,7.2,N,0
-17.6843,140.6066,308.1,1.6,1.3,2014-11-25,1258,Terra,MODIS,73,6.2,288.3,14.4,N,0
-17.6861,140.591,306.1,1.7,1.3,2014-11-25,1258,Terra,MODIS,67,6.2,287.4,11.5,N,0
-17.6863,140.6013,311.1,1.6,1.3,2014-11-25,1258,Terra,MODIS,82,6.2,287.3,20,N,0
-17.6301,145.9795,315.2,1,1,2014-11-25,1258,Terra,MODIS,91,6.2,292.4,13.6,N,0
-17.6314,145.9701,311.8,1,1,2014-11-25,1258,Terra,MODIS,83,6.2,292.2,11,N,0
-17.3725,143.39,310.5,1.1,1.1,2014-11-25,1258,Terra,MODIS,51,6.2,289.3,7.6,N,0
-17.4009,143.3941,308.8,1.1,1.1,2014-11-25,1258,Terra,MODIS,29,6.2,284.3,7.3,N,0
-17.4023,143.3836,313.5,1.1,1.1,2014-11-25,1258,Terra,MODIS,71,6.2,286.3,11.8,N,0
-17.3536,143.3872,312.5,1.1,1.1,2014-11-25,1258,Terra,MODIS,47,6.2,290.3,9.5,N,0
-17.0811,143.2591,307.1,1.1,1.1,2014-11-25,1258,Terra,MODIS,20,6.2,289.2,4.8,N,0
-17.4964,143.1442,314.4,1.1,1.1,2014-11-25,1258,Terra,MODIS,87,6.2,283.4,13.9,N,0
-17.5875,142.9185,312.7,1.2,1.1,2014-11-25,1258,Terra,MODIS,83,6.2,279.6,13,N,0
-17.5723,142.8653,320.2,1.2,1.1,2014-11-25,1258,Terra,MODIS,82,6.2,288.9,18.5,N,0
-15.7489,145.1179,307.8,1,1,2014-11-25,1258,Terra,MODIS,14,6.2,291.2,6.1,N,0
-15.7592,145.11,305.9,1,1,2014-11-25,1258,Terra,MODIS,38,6.2,291.4,5.3,N,0
-17.5844,142.9235,307.3,1.2,1.1,2014-11-25,1258,Terra,MODIS,69,6.2,279.4,7.7,N,0
-17.564,142.8528,309.5,1.2,1.1,2014-11-25,1258,Terra,MODIS,29,6.2,288.4,6.9,N,0
-15.7925,145.1342,306.9,1,1,2014-11-25,1258,Terra,MODIS,17,6.2,289.1,5.8,N,0
-17.3998,143.3298,308.6,1.1,1.1,2014-11-25,1258,Terra,MODIS,37,6.2,282.5,8.2,N,0
-15.8104,145.137,320,1,1,2014-11-25,1258,Terra,MODIS,99,6.2,291.8,15.9,N,0
-17.4606,143.2697,334,1.1,1.1,2014-11-25,1258,Terra,MODIS,100,6.2,282.5,37.3,N,0
-17.4866,143.2192,300.9,1.1,1.1,2014-11-25,1258,Terra,MODIS,3,6.2,275.2,4,N,0
-17.4852,143.2299,301.1,1.1,1.1,2014-11-25,1258,Terra,MODIS,15,6.2,275,4.3,N,0
-15.82,145.1349,319,1,1,2014-11-25,1258,Terra,MODIS,76,6.2,292.1,14.4,N,0
-15.829,145.1363,325.1,1,1,2014-11-25,1258,Terra,MODIS,100,6.2,292.7,21,N,0
-17.2572,145.3084,325,1,1,2014-11-25,1258,Terra,MODIS,100,6.2,288.6,23,N,0
-17.2794,145.3466,300.1,1,1,2014-11-25,1258,Terra,MODIS,8,6.2,287.6,3.9,N,0
-17.2302,145.3042,303,1,1,2014-11-25,1258,Terra,MODIS,53,6.2,287.2,5.2,N,0
-14.7845,144.722,307.7,1,1,2014-11-25,1259,Terra,MODIS,30,6.2,295.8,5.3,N,0
-14.8605,144.6391,305.6,1,1,2014-11-25,1259,Terra,MODIS,58,6.2,295.5,4.4,N,0
-14.7832,144.7313,309,1,1,2014-11-25,1259,Terra,MODIS,71,6.2,295.9,6.3,N,0
-14.814,144.7077,306.9,1,1,2014-11-25,1259,Terra,MODIS,14,6.2,293.3,4.8,N,0
-14.8243,144.6998,305.7,1,1,2014-11-25,1259,Terra,MODIS,32,6.2,293.1,4.3,N,0
-14.823,144.7091,305,1,1,2014-11-25,1259,Terra,MODIS,30,6.2,291.7,3.9,N,0
-14.7503,144.7676,308.5,1,1,2014-11-25,1259,Terra,MODIS,71,6.2,294.2,7.3,N,0
-14.4408,142.4278,302.8,1.2,1.1,2014-11-25,1259,Terra,MODIS,50,6.2,286.6,4.6,N,0
-14.4435,142.4345,305,1.2,1.1,2014-11-25,1259,Terra,MODIS,31,6.2,286.1,5,N,0
-13.4116,143.43,304.5,1,1,2014-11-25,1259,Terra,MODIS,24,6.2,293.2,5.5,N,0
-14.9749,144.3496,312.9,1,1,2014-11-25,1259,Terra,MODIS,84,6.2,295.5,9.7,N,0
-14.9735,144.3589,308.6,1,1,2014-11-25,1259,Terra,MODIS,71,6.2,295.3,6.7,N,0
-14.9762,144.3403,310.9,1,1,2014-11-25,1259,Terra,MODIS,79,6.2,295.6,8.2,N,0
-15.8328,141.7554,307.5,1.3,1.1,2014-11-25,1259,Terra,MODIS,71,6.2,269.9,12.7,N,0
-14.0043,141.8906,306,1.2,1.1,2014-11-25,1259,Terra,MODIS,64,6.2,293.6,5.9,N,0
-13.9259,143.5617,311.6,1,1,2014-11-25,1259,Terra,MODIS,71,6.2,296,9.3,N,0
-14.4035,142.4874,305.9,1.1,1.1,2014-11-25,1259,Terra,MODIS,8,6.2,283.8,6.2,N,0
-14.402,142.498,315,1.1,1.1,2014-11-25,1259,Terra,MODIS,90,6.2,285.2,14.1,N,0
-13.9246,143.5712,314.4,1,1,2014-11-25,1259,Terra,MODIS,89,6.2,296,11.3,N,0
-13.9324,143.5821,310.2,1,1,2014-11-25,1259,Terra,MODIS,78,6.2,295.7,7.5,N,0
-12.4695,143.0005,308.3,1.1,1,2014-11-25,1259,Terra,MODIS,69,6.2,293.8,6.1,N,0
-12.4944,143.0237,316.5,1.1,1,2014-11-25,1259,Terra,MODIS,92,6.2,292,13.1,N,0
-12.4866,143.0128,309.2,1.1,1,2014-11-25,1259,Terra,MODIS,65,6.2,293.9,6.8,N,0
-12.4852,143.0224,336.5,1.1,1,2014-11-25,1259,Terra,MODIS,100,6.2,293.9,38.3,N,0
-12.4839,143.032,316.9,1.1,1,2014-11-25,1259,Terra,MODIS,93,6.2,292.6,13.7,N,0
-12.4958,143.0141,317.4,1.1,1,2014-11-25,1259,Terra,MODIS,94,6.2,293.5,13.9,N,0
-15.8933,141.6892,309.7,1.3,1.1,2014-11-25,1259,Terra,MODIS,18,6.2,281.4,16.6,N,0
-15.8917,141.7015,326.7,1.3,1.1,2014-11-25,1259,Terra,MODIS,84,6.2,282.1,40.1,N,0
-14.4212,142.5007,308,1.1,1.1,2014-11-25,1259,Terra,MODIS,69,6.2,281.8,8.2,N,0
-14.4365,142.4597,300.9,1.2,1.1,2014-11-25,1259,Terra,MODIS,30,6.2,283.2,3.5,N,0
-14.906,145.0303,306.9,1,1,2014-11-25,1259,Terra,MODIS,65,6.2,294.6,6,N,0
-15.1901,145.2312,312.4,1,1,2014-11-25,1259,Terra,MODIS,84,6.2,294.7,9.4,N,0
-34.0988,116.3809,310,2.5,1.5,2014-11-25,1432,Terra,MODIS,79,6.2,286.9,41.8,N,0
-34.8697,117.2507,311.7,2.2,1.4,2014-11-25,1432,Terra,MODIS,83,6.2,285.4,42.7,N,0
-34.8584,117.2244,328,2.2,1.5,2014-11-25,1432,Terra,MODIS,100,6.2,285.9,92.5,N,0
-34.8565,117.2489,317.8,2.2,1.4,2014-11-25,1432,Terra,MODIS,96,6.2,285.1,57.5,N,0
-34.8716,117.226,301.8,2.2,1.5,2014-11-25,1432,Terra,MODIS,45,6.2,284.9,21.6,N,0
-34.091,116.4005,300.9,2.5,1.5,2014-11-25,1433,Terra,MODIS,35,6.2,286.3,21.9,N,0
-29.5534,124.6948,319.9,1,1,2014-11-25,1433,Terra,MODIS,99,6.2,291.3,17.7,N,0
-29.5625,124.6966,331.2,1,1,2014-11-25,1433,Terra,MODIS,100,6.2,293.3,30.7,N,0
-34.0682,116.1467,310.4,2.6,1.5,2014-11-25,1433,Terra,MODIS,80,6.2,286.7,47.4,N,0
-34.0844,116.1196,310.1,2.6,1.5,2014-11-25,1433,Terra,MODIS,79,6.2,287.5,46.4,N,0
-34.0823,116.1479,322.9,2.6,1.5,2014-11-25,1433,Terra,MODIS,100,6.2,288.3,90.8,N,0
-34.0886,116.1268,305.1,2.6,1.5,2014-11-25,1433,Terra,MODIS,63,6.2,287.3,32.7,N,0
-34.0867,116.155,305.7,2.6,1.5,2014-11-25,1433,Terra,MODIS,65,6.2,286.8,33.9,N,0
-34.0932,116.3736,318.6,2.5,1.5,2014-11-25,1433,Terra,MODIS,97,6.2,287.5,70.1,N,0
-34.085,116.3795,305.6,2.5,1.5,2014-11-25,1433,Terra,MODIS,59,6.2,286.5,29.9,N,0
-25.3066,132.0609,301.6,3.2,1.7,2014-11-25,1434,Terra,MODIS,43,6.2,291.1,24.8,N,0
-24.5162,129.5719,316.8,2.2,1.4,2014-11-25,1435,Terra,MODIS,94,6.2,293.6,43,N,0
-24.5186,129.5668,308,2.2,1.4,2014-11-25,1435,Terra,MODIS,72,6.2,293.2,20.2,N,0
-24.5059,129.5636,306,2.2,1.4,2014-11-25,1435,Terra,MODIS,47,6.2,292.4,16.6,N,0
-24.6465,129.5855,331.4,2.2,1.4,2014-11-25,1435,Terra,MODIS,100,6.2,294.8,90.8,N,0
-21.1508,118.3359,317,1.3,1.1,2014-11-25,1436,Terra,MODIS,94,6.2,298.8,15.2,N,0
-21.1523,118.3236,315,1.3,1.1,2014-11-25,1436,Terra,MODIS,90,6.2,298.3,12.8,N,0
-19.5858,124.1357,300.5,1.2,1.1,2014-11-25,1436,Terra,MODIS,21,6.2,282.3,7.1,N,0
-21.0773,122.3382,400.6,1,1,2014-11-25,1436,Terra,MODIS,100,6.2,306.6,256.3,N,0
-21.0788,122.3285,392.9,1,1,2014-11-25,1436,Terra,MODIS,100,6.2,302.6,212.6,N,0
-21.1091,122.3694,318.7,1,1,2014-11-25,1436,Terra,MODIS,71,6.2,294.9,14.3,N,0
-21.0802,122.3188,409.2,1,1,2014-11-25,1436,Terra,MODIS,100,6.2,303.3,313.6,N,0
-21.0816,122.3091,311.4,1,1,2014-11-25,1436,Terra,MODIS,36,6.2,293.9,6.8,N,0
-21.0669,122.3463,340.2,1,1,2014-11-25,1436,Terra,MODIS,100,6.2,295.2,40.2,N,0
-21.1077,122.3791,314.9,1,1,2014-11-25,1436,Terra,MODIS,56,6.2,293.9,10.9,N,0
-20.9592,120.3035,319.3,1,1,2014-11-25,1436,Terra,MODIS,98,6.2,295.7,13.6,N,0
-21.0683,122.3366,474.9,1,1,2014-11-25,1436,Terra,MODIS,100,6.2,323.4,1103.9,N,0
-20.9606,120.2935,350.8,1,1,2014-11-25,1436,Terra,MODIS,100,6.2,294.2,63.1,N,0
-20.9619,120.2835,315.1,1,1,2014-11-25,1436,Terra,MODIS,91,6.2,294.7,9.3,N,0
-21.0697,122.327,462,1,1,2014-11-25,1436,Terra,MODIS,100,6.2,314.4,889,N,0
-20.9514,120.292,396.2,1,1,2014-11-25,1436,Terra,MODIS,100,6.2,295,241,N,0
-20.9527,120.282,351.9,1,1,2014-11-25,1436,Terra,MODIS,100,6.2,296,66.1,N,0
-21.0711,122.3173,411,1,1,2014-11-25,1436,Terra,MODIS,100,6.2,301.7,326.1,N,0
-19.3781,124.723,326.5,1.3,1.1,2014-11-25,1436,Terra,MODIS,100,6.2,295.9,32.6,N,0
-21.0864,122.3397,354.1,1,1,2014-11-25,1436,Terra,MODIS,100,6.2,296.6,69.4,N,0
-21.0849,122.3494,376.3,1,1,2014-11-25,1436,Terra,MODIS,100,6.2,302.2,136.3,N,0
-20.8687,121.8111,305.5,1,1,2014-11-25,1436,Terra,MODIS,65,6.2,294,4.4,N,0
-20.8715,121.7919,307.2,1,1,2014-11-25,1436,Terra,MODIS,71,6.2,294.1,5.7,N,0
-21.0968,122.3316,347.2,1,1,2014-11-25,1436,Terra,MODIS,100,6.2,295.6,55,N,0
-20.8431,121.797,322,1,1,2014-11-25,1436,Terra,MODIS,100,6.2,294.3,17.9,N,0
-19.376,124.7353,325.7,1.3,1.1,2014-11-25,1436,Terra,MODIS,100,6.2,296.1,31.3,N,0
-21.0635,122.306,310.2,1,1,2014-11-25,1436,Terra,MODIS,48,6.2,293.4,6.1,N,0
-21.0621,122.3157,321.4,1,1,2014-11-25,1436,Terra,MODIS,100,6.2,293.9,15.5,N,0
-21.0911,122.3704,309.2,1,1,2014-11-25,1436,Terra,MODIS,14,6.2,294,6.6,N,0
-21.0954,122.3413,319.1,1,1,2014-11-25,1436,Terra,MODIS,88,6.2,294.1,14.7,N,0
-19.3679,124.7211,328.4,1.3,1.1,2014-11-25,1436,Terra,MODIS,100,6.2,295.8,35.7,N,0
-21.094,122.351,347.3,1,1,2014-11-25,1436,Terra,MODIS,100,6.2,297.5,54.9,N,0
-19.3659,124.7334,327.5,1.3,1.1,2014-11-25,1436,Terra,MODIS,100,6.2,296.1,34.2,N,0
-21.0607,122.3254,373.8,1,1,2014-11-25,1436,Terra,MODIS,100,6.2,296,127.8,N,0
-21.0926,122.3607,336.3,1,1,2014-11-25,1436,Terra,MODIS,100,6.2,298.3,35.6,N,0
-21.0593,122.3351,388.1,1,1,2014-11-25,1436,Terra,MODIS,100,6.2,296.2,188.5,N,0
-21.0726,122.3076,319.2,1,1,2014-11-25,1436,Terra,MODIS,98,6.2,294,13.4,N,0
-20.9698,120.2949,306.7,1,1,2014-11-25,1436,Terra,MODIS,32,6.2,293.6,3,N,0
-21.1002,122.3719,318.3,1,1,2014-11-25,1436,Terra,MODIS,77,6.2,295.4,14,N,0
-21.1016,122.3622,333.4,1,1,2014-11-25,1436,Terra,MODIS,100,6.2,297.6,31.6,N,0
-21.0878,122.33,371.3,1,1,2014-11-25,1436,Terra,MODIS,100,6.2,298,118.4,N,0
-21.0892,122.3204,330.3,1,1,2014-11-25,1436,Terra,MODIS,100,6.2,294.3,26.4,N,0
-21.0759,122.3479,354.2,1,1,2014-11-25,1436,Terra,MODIS,100,6.2,299.5,68,N,0
-19.1082,122.394,307.6,1,1,2014-11-25,1436,Terra,MODIS,30,6.2,296.1,4.4,N,0
-19.1505,122.3611,306.5,1,1,2014-11-25,1436,Terra,MODIS,58,6.2,295.9,4.4,N,0
-19.164,122.3333,310.8,1,1,2014-11-25,1436,Terra,MODIS,77,6.2,296.4,7.1,N,0
-19.1097,122.3842,308.7,1,1,2014-11-25,1436,Terra,MODIS,61,6.2,296.1,5.1,N,0
-22.0978,117.975,305.7,1.4,1.2,2014-11-25,1436,Terra,MODIS,61,6.2,293.1,8.1,N,0
-22.0963,117.9881,308.1,1.4,1.2,2014-11-25,1436,Terra,MODIS,71,6.2,292.8,10.6,N,0
-19.6119,122.1017,312.7,1,1,2014-11-25,1436,Terra,MODIS,59,6.2,296,8.5,N,0
-19.6043,122.0906,313.1,1,1,2014-11-25,1436,Terra,MODIS,41,6.2,296.1,8.6,N,0
-19.5773,122.0896,311.7,1,1,2014-11-25,1436,Terra,MODIS,56,6.2,296.3,9.2,N,0
-21.9867,117.8262,304.3,1.4,1.2,2014-11-25,1436,Terra,MODIS,42,6.2,288.6,5.2,N,0
-21.9851,117.8394,309.9,1.4,1.2,2014-11-25,1436,Terra,MODIS,52,6.2,289.2,12.3,N,0
-21.9913,117.8331,316.9,1.4,1.2,2014-11-25,1436,Terra,MODIS,94,6.2,286.5,20.2,N,0
-19.5787,122.08,315.7,1,1,2014-11-25,1436,Terra,MODIS,65,6.2,296.6,12.4,N,0
-16.7704,124.7113,309.3,1.4,1.2,2014-11-25,1437,Terra,MODIS,75,6.2,295,7.5,N,0
-16.4202,124.5975,310.4,1.4,1.2,2014-11-25,1437,Terra,MODIS,80,6.2,296,9.7,N,0
-16.7745,124.7181,308.5,1.4,1.2,2014-11-25,1437,Terra,MODIS,24,6.2,295.2,6.3,N,0
-13.4029,143.4398,305.8,1.1,1.1,2014-11-25,1603,Aqua,MODIS,55,6.2,288.9,8.3,N,0
-14.4417,142.4316,323,1.1,1,2014-11-25,1603,Aqua,MODIS,100,6.2,287.7,21.7,N,0
-14.443,142.4414,324.6,1.1,1,2014-11-25,1603,Aqua,MODIS,100,6.2,289.6,22.9,N,0
-14.3851,142.4999,310.6,1.1,1,2014-11-25,1603,Aqua,MODIS,62,6.2,285.2,10.4,N,0
-15.831,145.1399,304.6,1.6,1.2,2014-11-25,1603,Aqua,MODIS,23,6.2,293.8,8.7,N,0
-12.4854,143.03,323.5,1.1,1,2014-11-25,1603,Aqua,MODIS,100,6.2,293.4,22,N,0
-15.8199,145.1408,310.3,1.6,1.2,2014-11-25,1603,Aqua,MODIS,27,6.2,293.5,14.7,N,0
-12.484,143.0202,317.2,1.1,1,2014-11-25,1603,Aqua,MODIS,95,6.2,293.1,14.7,N,0
-15.8187,145.1467,310.8,1.6,1.2,2014-11-25,1603,Aqua,MODIS,27,6.2,293.6,15.5,N,0
-14.4863,142.3683,301.9,1.1,1,2014-11-25,1603,Aqua,MODIS,13,6.2,284.8,4.1,N,0
-14.4757,142.3599,304.6,1.1,1,2014-11-25,1603,Aqua,MODIS,5,6.2,285.4,6.3,N,0
-14.4877,142.3781,301.6,1.1,1,2014-11-25,1603,Aqua,MODIS,18,6.2,284.6,3.8,N,0
-14.4444,142.4512,319.5,1.1,1,2014-11-25,1603,Aqua,MODIS,99,6.2,290.7,16.7,N,0
-15.8077,145.1487,305.9,1.6,1.2,2014-11-25,1603,Aqua,MODIS,28,6.2,293.4,10.4,N,0
-14.4366,142.4624,312.7,1.1,1,2014-11-25,1603,Aqua,MODIS,86,6.2,289.6,10.6,N,0
-14.4236,142.5044,309.2,1.1,1,2014-11-25,1603,Aqua,MODIS,8,6.2,284.7,7.9,N,0
-14.4222,142.4945,315.4,1.1,1,2014-11-25,1603,Aqua,MODIS,52,6.2,285.3,12.3,N,0
-14.438,142.4722,310,1.1,1,2014-11-25,1603,Aqua,MODIS,56,6.2,288.2,8.1,N,0
-14.7847,144.7323,306.7,1.4,1.2,2014-11-25,1603,Aqua,MODIS,69,6.2,288.7,10.6,N,0
-17.2427,145.3069,316,1.7,1.3,2014-11-25,1604,Aqua,MODIS,92,6.2,291.9,30.7,N,0
-17.2312,145.3084,316.5,1.7,1.3,2014-11-25,1604,Aqua,MODIS,93,6.2,291.3,31.6,N,0
-18.5682,145.7308,309.2,1.9,1.3,2014-11-25,1604,Aqua,MODIS,77,6.2,290.4,23.5,N,0
-18.5703,145.7487,300.5,1.9,1.3,2014-11-25,1604,Aqua,MODIS,22,6.2,290.3,10.1,N,0
-17.4594,143.3096,384.7,1.2,1.1,2014-11-25,1604,Aqua,MODIS,100,6.2,292.5,234.6,N,0
-17.557,143.0543,314.9,1.2,1.1,2014-11-25,1604,Aqua,MODIS,57,6.2,288.1,15.9,N,0
-17.3073,143.3909,331.5,1.3,1.1,2014-11-25,1604,Aqua,MODIS,100,6.2,294.6,39.3,N,0
-17.4578,143.2979,407.2,1.2,1.1,2014-11-25,1604,Aqua,MODIS,100,6.2,295.7,406.1,N,0
-17.4194,143.3152,313.9,1.2,1.1,2014-11-25,1604,Aqua,MODIS,84,6.2,291,12.8,N,0
-15.8277,141.7854,305,1,1,2014-11-25,1604,Aqua,MODIS,62,6.2,288.5,6.1,N,0
-15.8202,141.7833,314.8,1,1,2014-11-25,1604,Aqua,MODIS,90,6.2,292,12.2,N,0
-15.7886,141.7584,305.3,1,1,2014-11-25,1604,Aqua,MODIS,64,6.2,290.1,5.4,N,0
-17.4694,143.3082,322.7,1.2,1.1,2014-11-25,1604,Aqua,MODIS,64,6.2,287.3,22.3,N,0
-17.4678,143.2965,394.9,1.2,1.1,2014-11-25,1604,Aqua,MODIS,100,6.2,290.2,303.3,N,0
-17.4663,143.2848,355.8,1.2,1.1,2014-11-25,1604,Aqua,MODIS,100,6.2,281.7,99.5,N,0
-17.4309,143.3255,317.8,1.3,1.1,2014-11-25,1604,Aqua,MODIS,93,6.2,289.3,16.9,N,0
-17.4747,143.2718,326.7,1.2,1.1,2014-11-25,1604,Aqua,MODIS,62,6.2,289,30.5,N,0
-17.49,143.2341,313.5,1.2,1.1,2014-11-25,1604,Aqua,MODIS,77,6.2,292.1,13.1,N,0
-17.5173,143.2117,316.8,1.2,1.1,2014-11-25,1604,Aqua,MODIS,75,6.2,291.8,16.4,N,0
-17.4801,143.2355,310.9,1.2,1.1,2014-11-25,1604,Aqua,MODIS,61,6.2,290.4,11.1,N,0
-17.4285,143.3858,333,1.3,1.1,2014-11-25,1604,Aqua,MODIS,100,6.2,296.3,42.1,N,0
-17.4184,143.3872,310.8,1.3,1.1,2014-11-25,1604,Aqua,MODIS,49,6.2,294.3,9.7,N,0
-17.5074,143.2131,311.6,1.2,1.1,2014-11-25,1604,Aqua,MODIS,53,6.2,284.5,10.3,N,0
-17.4974,143.2146,309.9,1.2,1.1,2014-11-25,1604,Aqua,MODIS,18,6.2,288.8,8.7,N,0
-17.8206,139.9805,304.1,1,1,2014-11-25,1604,Aqua,MODIS,58,6.2,288.4,4.5,N,0
-17.8448,139.9574,303,1,1,2014-11-25,1604,Aqua,MODIS,33,6.2,288.1,4,N,0
-17.6813,140.6007,310.2,1,1,2014-11-25,1604,Aqua,MODIS,79,6.2,286.4,9.3,N,0
-17.427,143.3741,317.7,1.3,1.1,2014-11-25,1604,Aqua,MODIS,95,6.2,294.4,17.7,N,0
-17.4209,143.327,336.4,1.3,1.1,2014-11-25,1604,Aqua,MODIS,100,6.2,293.9,48,N,0
-17.4294,143.3138,344.5,1.2,1.1,2014-11-25,1604,Aqua,MODIS,100,6.2,288.9,66.4,N,0
-17.3789,143.3984,308.5,1.3,1.1,2014-11-25,1604,Aqua,MODIS,43,6.2,294.5,7.6,N,0
-17.4563,143.2862,327,1.2,1.1,2014-11-25,1604,Aqua,MODIS,96,6.2,281.1,29.8,N,0
-17.3472,143.3908,308.3,1.3,1.1,2014-11-25,1604,Aqua,MODIS,40,6.2,294,7.4,N,0
-17.3173,143.3896,308.3,1.3,1.1,2014-11-25,1604,Aqua,MODIS,62,6.2,293.1,7.9,N,0
-17.399,143.3957,311.6,1.3,1.1,2014-11-25,1604,Aqua,MODIS,20,6.2,294.2,9.9,N,0
-17.4109,143.3284,307.6,1.3,1.1,2014-11-25,1604,Aqua,MODIS,9,6.2,292.9,6.8,N,0
-17.3912,143.3369,305.1,1.3,1.1,2014-11-25,1604,Aqua,MODIS,40,6.2,292.3,5.6,N,0
-17.4175,143.3811,309.5,1.3,1.1,2014-11-25,1604,Aqua,MODIS,72,6.2,294.1,8.7,N,0
-17.4012,143.3354,321.9,1.3,1.1,2014-11-25,1604,Aqua,MODIS,100,6.2,293.4,23.4,N,0
-17.4409,143.3241,321.2,1.3,1.1,2014-11-25,1604,Aqua,MODIS,100,6.2,287.5,21.4,N,0
-17.4394,143.3124,381.2,1.2,1.1,2014-11-25,1604,Aqua,MODIS,100,6.2,293.3,214.5,N,0
-17.4479,143.2993,346,1.2,1.1,2014-11-25,1604,Aqua,MODIS,100,6.2,286.5,69.6,N,0
-17.4494,143.311,387.6,1.2,1.1,2014-11-25,1604,Aqua,MODIS,100,6.2,293.7,254.3,N,0
-17.4509,143.3227,309.5,1.3,1.1,2014-11-25,1604,Aqua,MODIS,59,6.2,287.6,8.4,N,0
-25.3037,132.0537,303.1,1.9,1.4,2014-11-25,1606,Aqua,MODIS,53,6.2,284.7,17.2,N,0
-25.2971,132.0676,302.9,1.9,1.4,2014-11-25,1606,Aqua,MODIS,52,6.2,283.8,16.5,N,0
-32.9958,137.594,300.9,1,1,2014-11-25,1608,Aqua,MODIS,35,6.2,288.1,5.7,N,2
-21.1504,118.3266,306.8,1.3,1.1,2014-11-25,1744,Aqua,MODIS,69,6.2,294.2,6.7,N,0
-22.0924,117.9834,304.5,1.3,1.1,2014-11-25,1744,Aqua,MODIS,60,6.2,290.8,8.2,N,0
-20.6715,123.1498,314.5,2.9,1.6,2014-11-25,1744,Aqua,MODIS,89,6.2,287.8,59.9,N,0
-20.689,123.1764,312.9,2.9,1.6,2014-11-25,1744,Aqua,MODIS,86,6.2,288.3,54.2,N,0
-20.6887,123.1691,317.5,2.9,1.6,2014-11-25,1744,Aqua,MODIS,95,6.2,287.9,71.3,N,0
-20.6739,123.1706,307.7,2.9,1.6,2014-11-25,1744,Aqua,MODIS,63,6.2,288.6,35.7,N,0
-20.6714,123.1425,310.1,2.9,1.6,2014-11-25,1744,Aqua,MODIS,74,6.2,286.6,44.5,N,0
-20.6862,123.1483,305,2.9,1.6,2014-11-25,1744,Aqua,MODIS,46,6.2,286.5,29.3,N,0
-29.5734,124.7242,311,4.7,2,2014-11-25,1746,Aqua,MODIS,73,6.2,285.2,113,N,0
-29.5737,124.6831,306,4.7,2,2014-11-25,1746,Aqua,MODIS,41,6.2,286.6,82.1,N,0
-34.0905,116.383,313.1,1.5,1.2,2014-11-25,1747,Aqua,MODIS,86,6.2,283.6,26.2,N,0
-34.0761,116.1412,308.8,1.4,1.2,2014-11-25,1747,Aqua,MODIS,76,6.2,283.6,18.8,N,0
-34.0778,116.1572,312.9,1.4,1.2,2014-11-25,1747,Aqua,MODIS,86,6.2,283.4,23.9,N,0
-23.3058,150.1426,331,1.8,1.3,2014-11-25,2352,Terra,MODIS,58,6.2,295.2,50,D,0
-23.3114,150.1346,328.5,1.8,1.3,2014-11-25,2352,Terra,MODIS,77,6.2,297.1,44.5,D,0
-23.3146,150.1516,320.8,1.8,1.3,2014-11-25,2352,Terra,MODIS,47,6.2,292.8,23.5,D,0
-11.0132,142.724,318.3,3.3,1.7,2014-11-26,0127,Terra,MODIS,52,6.2,289.9,73.9,D,0
-12.4586,132.1744,328.5,1.1,1,2014-11-26,0128,Terra,MODIS,61,6.2,302.8,12.7,D,0
-13.5958,135.5366,335.2,1.1,1.1,2014-11-26,0128,Terra,MODIS,49,6.2,305.1,21.8,D,0
-12.3121,131.5984,332.3,1.1,1.1,2014-11-26,0128,Terra,MODIS,77,6.2,306,17.9,D,0
-15.8393,141.7878,321.9,3.3,1.7,2014-11-26,0128,Terra,MODIS,32,6.2,286.6,47,D,0
-12.3531,131.6128,331.4,1.1,1.1,2014-11-26,0128,Terra,MODIS,53,6.2,304.4,18.3,D,0
-12.3437,131.6142,333.8,1.1,1.1,2014-11-26,0128,Terra,MODIS,65,6.2,305.4,22,D,0
-12.3421,131.6041,332.2,1.1,1.1,2014-11-26,0128,Terra,MODIS,34,6.2,305.3,20.9,D,0
-12.3216,131.5969,332.9,1.1,1.1,2014-11-26,0128,Terra,MODIS,66,6.2,306,21.2,D,0
-12.3547,131.6229,330.9,1.1,1.1,2014-11-26,0128,Terra,MODIS,32,6.2,304.3,17.2,D,0
-14.012,141.9011,321.4,3.2,1.7,2014-11-26,0128,Terra,MODIS,62,6.2,295.3,39.7,D,0
-12.3105,132.2888,334.8,1.1,1,2014-11-26,0128,Terra,MODIS,58,6.2,308.8,21.6,D,0
-12.4571,132.1647,336.6,1.1,1,2014-11-26,0128,Terra,MODIS,83,6.2,302.5,25.9,D,0
-12.4493,132.1758,337.1,1.1,1,2014-11-26,0128,Terra,MODIS,85,6.2,303.3,26,D,0
-12.4479,132.1661,357.7,1.1,1,2014-11-26,0128,Terra,MODIS,98,6.2,303.3,71.7,D,0
-13.6096,135.5662,338.6,1.1,1.1,2014-11-26,0128,Terra,MODIS,86,6.2,305.9,26.6,D,0
-11.5979,133.0614,332,1,1,2014-11-26,0128,Terra,MODIS,84,6.2,304.7,12.7,D,0
-13.306,130.3782,332.7,1.3,1.1,2014-11-26,0128,Terra,MODIS,81,6.2,304.2,20.5,D,0
-13.3151,130.3706,334.2,1.3,1.1,2014-11-26,0128,Terra,MODIS,82,6.2,304.1,24,D,0
-13.7329,135.6208,334.2,1.1,1.1,2014-11-26,0128,Terra,MODIS,71,6.2,297.5,23.4,D,0
-13.7534,135.6285,330.2,1.1,1.1,2014-11-26,0128,Terra,MODIS,51,6.2,299.6,18.7,D,0
-13.9576,135.5661,336.4,1.1,1.1,2014-11-26,0128,Terra,MODIS,83,6.2,301.5,24.6,D,0
-12.1286,135.6271,328.1,1.1,1,2014-11-26,0128,Terra,MODIS,81,6.2,292,20.6,D,0
-11.5965,133.0521,328,1,1,2014-11-26,0128,Terra,MODIS,73,6.2,303.6,7.7,D,0
-13.635,135.5771,332.9,1.1,1.1,2014-11-26,0128,Terra,MODIS,68,6.2,303.5,17.4,D,0
-13.6569,135.5951,330.7,1.1,1.1,2014-11-26,0128,Terra,MODIS,57,6.2,304.5,13.3,D,0
-13.6774,135.6028,332.8,1.1,1.1,2014-11-26,0128,Terra,MODIS,79,6.2,299.9,19,D,0
-13.3024,130.3551,333.6,1.3,1.1,2014-11-26,0128,Terra,MODIS,74,6.2,305.4,21.6,D,0
-14.0133,129.74,323,1.3,1.1,2014-11-26,0128,Terra,MODIS,29,6.2,297.9,15.4,D,0
-13.2942,130.3683,333.1,1.3,1.1,2014-11-26,0128,Terra,MODIS,75,6.2,304.8,18.9,D,0
-13.2449,130.317,334.1,1.3,1.1,2014-11-26,0128,Terra,MODIS,80,6.2,305.9,21.6,D,0
-13.2312,130.2954,331.1,1.3,1.1,2014-11-26,0128,Terra,MODIS,57,6.2,303.4,18.8,D,0
-13.2368,130.3303,332.5,1.3,1.1,2014-11-26,0128,Terra,MODIS,44,6.2,304.2,21.1,D,0
-13.2887,130.3336,335.2,1.3,1.1,2014-11-26,0128,Terra,MODIS,80,6.2,304.9,24.1,D,0
-13.3042,130.3667,332.7,1.3,1.1,2014-11-26,0128,Terra,MODIS,73,6.2,305.3,19.9,D,0
-16.6507,130.3386,335.3,1.1,1.1,2014-11-26,0129,Terra,MODIS,81,6.2,301.8,21.4,D,0
-16.8209,124.6938,326.5,2.8,1.6,2014-11-26,0129,Terra,MODIS,19,6.2,297.9,36.2,D,0
-16.6524,130.3492,327.6,1.1,1.1,2014-11-26,0129,Terra,MODIS,68,6.2,301.5,9.2,D,0
-16.8137,124.6753,331.1,2.8,1.6,2014-11-26,0129,Terra,MODIS,72,6.2,297.8,59.3,D,0
-16.7089,123.7966,330.4,3.2,1.7,2014-11-26,0129,Terra,MODIS,72,6.2,298.4,80.5,D,0
-17.5197,143.2335,330,4.4,1.9,2014-11-26,0129,Terra,MODIS,49,6.2,299.3,136.3,D,0
-17.4838,142.8262,335.3,4.1,1.9,2014-11-26,0129,Terra,MODIS,80,6.2,305.8,136.7,D,0
-17.5348,142.8212,327.7,4.1,1.9,2014-11-26,0129,Terra,MODIS,14,6.2,304.9,66.3,D,0
-17.5022,143.2352,332,4.4,1.9,2014-11-26,0129,Terra,MODIS,49,6.2,299.7,154.8,D,0
-16.9713,131.618,319.3,1,1,2014-11-26,0129,Terra,MODIS,15,6.2,284.7,8.9,D,0
-17.81,139.9529,331.7,2.5,1.5,2014-11-26,0129,Terra,MODIS,77,6.2,301.1,50.5,D,0
-17.8126,139.9767,330.5,2.5,1.5,2014-11-26,0129,Terra,MODIS,76,6.2,300.6,45.7,D,0
-17.8045,139.971,328.4,2.5,1.5,2014-11-26,0129,Terra,MODIS,72,6.2,300.8,34.7,D,0
-17.8158,139.9455,327.3,2.5,1.5,2014-11-26,0129,Terra,MODIS,56,6.2,300.7,28.5,D,0
-18.095,140.0725,323,2.6,1.6,2014-11-26,0129,Terra,MODIS,45,6.2,294.1,34.3,D,0
-18.0862,140.0682,321.5,2.6,1.6,2014-11-26,0129,Terra,MODIS,18,6.2,295.2,27.3,D,0
-16.806,143.1059,326.9,4.3,1.9,2014-11-26,0129,Terra,MODIS,48,6.2,301,73.8,D,0
-17.5205,143.2281,327.9,4.4,1.9,2014-11-26,0129,Terra,MODIS,66,6.2,299.3,123,D,0
-16.8084,143.1001,326.5,4.3,1.9,2014-11-26,0129,Terra,MODIS,50,6.2,301.3,70.2,D,0
-17.5243,143.27,324,4.5,1.9,2014-11-26,0129,Terra,MODIS,39,6.2,300.3,86.3,D,0
-17.5381,142.8141,328,4.1,1.9,2014-11-26,0129,Terra,MODIS,22,6.2,304.8,73.4,D,0
-17.4804,142.832,331.6,4.1,1.9,2014-11-26,0129,Terra,MODIS,74,6.2,306.1,95.1,D,0
-17.4766,142.7933,338.9,4.1,1.9,2014-11-26,0129,Terra,MODIS,84,6.2,305.5,181.2,D,0
-17.4301,142.8829,333.9,4.2,1.9,2014-11-26,0129,Terra,MODIS,77,6.2,305.4,130.4,D,0
-17.433,142.8759,335.2,4.2,1.9,2014-11-26,0129,Terra,MODIS,80,6.2,305.2,145,D,0
-17.5481,142.7808,334,4.1,1.9,2014-11-26,0129,Terra,MODIS,79,6.2,301.1,138.1,D,0
-17.4802,142.7875,335.9,4.1,1.9,2014-11-26,0129,Terra,MODIS,81,6.2,305.7,146.1,D,0
-16.6483,130.262,326.6,1.2,1.1,2014-11-26,0129,Terra,MODIS,45,6.2,299.2,10.9,D,0
-16.688,123.7698,338.3,3.2,1.7,2014-11-26,0129,Terra,MODIS,83,6.2,299.2,148.5,D,0
-16.7031,123.7665,345.1,3.2,1.7,2014-11-26,0129,Terra,MODIS,90,6.2,298.8,213.4,D,0
-16.7183,123.7631,327,3.2,1.7,2014-11-26,0129,Terra,MODIS,37,6.2,298.5,68.5,D,0
-16.692,123.7758,337.3,3.2,1.7,2014-11-26,0129,Terra,MODIS,83,6.2,299.4,141.7,D,0
-16.7633,123.9988,328.2,3.1,1.7,2014-11-26,0129,Terra,MODIS,51,6.2,299.4,63.6,D,0
-15.7552,136.4924,332.3,1.3,1.1,2014-11-26,0129,Terra,MODIS,63,6.2,306.5,22.6,D,0
-15.7449,136.4938,330.9,1.3,1.1,2014-11-26,0129,Terra,MODIS,61,6.2,306.2,21.4,D,0
-18.4839,138.8025,325.1,2.1,1.4,2014-11-26,0129,Terra,MODIS,61,6.2,301.8,22.3,D,0
-15.7536,136.48,332.5,1.3,1.1,2014-11-26,0129,Terra,MODIS,67,6.2,306.5,19.4,D,0
-18.8179,128.3681,337.7,1.4,1.2,2014-11-26,0130,Terra,MODIS,78,6.2,296.8,38.9,D,0
-18.9109,128.372,332.5,1.4,1.2,2014-11-26,0130,Terra,MODIS,73,6.2,295.4,31,D,0
-20.0647,129.4632,332.8,1.2,1.1,2014-11-26,0130,Terra,MODIS,66,6.2,306.8,16.2,D,0
-18.9049,128.3996,374.4,1.4,1.2,2014-11-26,0130,Terra,MODIS,100,6.2,302.9,183.7,D,0
-18.907,128.4125,360,1.4,1.2,2014-11-26,0130,Terra,MODIS,99,6.2,303.5,109.8,D,0
-17.1247,123.0112,327.1,3.6,1.8,2014-11-26,0130,Terra,MODIS,64,6.2,298.2,80.1,D,0
-17.1325,123.0036,325.5,3.6,1.8,2014-11-26,0130,Terra,MODIS,43,6.2,297.6,68.3,D,0
-24.5882,130.2745,327.4,1,1,2014-11-26,0131,Terra,MODIS,42,6.2,305.6,6.9,D,0
-24.4967,129.5584,326.6,1,1,2014-11-26,0131,Terra,MODIS,35,6.2,300.6,9.6,D,0
-24.5075,129.567,334.4,1,1,2014-11-26,0131,Terra,MODIS,77,6.2,304.3,19.5,D,0
-24.5138,129.6076,358.4,1,1,2014-11-26,0131,Terra,MODIS,99,6.2,302.4,70.8,D,0
-24.5166,129.5653,328,1,1,2014-11-26,0131,Terra,MODIS,39,6.2,306.5,9.8,D,0
-24.5459,129.5848,330.5,1,1,2014-11-26,0131,Terra,MODIS,69,6.2,309.8,10.9,D,0
-24.5475,129.595,334.6,1,1,2014-11-26,0131,Terra,MODIS,75,6.2,309.1,15.7,D,0
-24.5491,129.6052,350.7,1,1,2014-11-26,0131,Terra,MODIS,94,6.2,311.2,45.6,D,0
-24.5551,129.5832,354.7,1,1,2014-11-26,0131,Terra,MODIS,96,6.2,310.4,56.4,D,0
-24.5567,129.5934,341.8,1,1,2014-11-26,0131,Terra,MODIS,86,6.2,310.7,27.2,D,0
-24.1895,128.7843,331.7,1.1,1.1,2014-11-26,0131,Terra,MODIS,72,6.2,310.6,12.8,D,0
-20.874,121.7867,328.8,3.7,1.8,2014-11-26,0131,Terra,MODIS,78,6.2,300.6,81.5,D,0
-20.8718,121.8165,324.9,3.7,1.8,2014-11-26,0131,Terra,MODIS,71,6.2,300.7,52,D,0
-20.8644,121.7816,324.5,3.7,1.8,2014-11-26,0131,Terra,MODIS,71,6.2,301.3,48.4,D,0
-25.3071,132.0605,354,1,1,2014-11-26,0131,Terra,MODIS,95,6.2,318.2,50.6,D,0
-24.6415,129.666,341.8,1,1,2014-11-26,0131,Terra,MODIS,75,6.2,315.3,28.8,D,0
-25.2979,132.062,337.4,1,1,2014-11-26,0131,Terra,MODIS,65,6.2,318,18.4,D,0
-25.3057,132.0502,337.8,1,1,2014-11-26,0131,Terra,MODIS,32,6.2,316.9,17.7,D,0
-24.8083,129.7849,334.4,1,1,2014-11-26,0131,Terra,MODIS,53,6.2,313.6,10.4,D,0
-25.3149,132.0486,348.1,1,1,2014-11-26,0131,Terra,MODIS,90,6.2,317,36.8,D,0
-23.7098,119.1766,323.9,4.8,2,2014-11-26,0132,Terra,MODIS,77,6.2,296.2,128.2,D,0
-23.7074,119.1716,324.4,4.8,2,2014-11-26,0132,Terra,MODIS,77,6.2,296.7,130.2,D,0
-29.5745,124.6743,331.5,1.5,1.2,2014-11-26,0133,Terra,MODIS,76,6.2,306.2,28.9,D,0
-29.5774,124.6897,344.6,1.5,1.2,2014-11-26,0133,Terra,MODIS,90,6.2,309.3,65.7,D,0
-29.5802,124.705,334.3,1.5,1.2,2014-11-26,0133,Terra,MODIS,79,6.2,308.9,33.1,D,0
-24.4766,117.9168,344.6,4.8,2,2014-11-26,0310,Terra,MODIS,89,6.2,299,400.1,D,0
-24.4734,117.868,342.1,4.8,2,2014-11-26,0310,Terra,MODIS,87,6.2,297.9,346.5,D,0
-24.4795,117.9242,339,4.8,2,2014-11-26,0310,Terra,MODIS,83,6.2,298.6,302.1,D,0
-24.4759,117.8753,343,4.8,2,2014-11-26,0310,Terra,MODIS,87,6.2,297.9,360.6,D,0
-31.2217,115.5499,322.7,3.8,1.8,2014-11-26,0312,Terra,MODIS,40,6.2,278,101.8,D,0
-31.3377,147.6744,378.9,1.1,1,2014-11-26,0412,Aqua,MODIS,100,6.2,323.4,144.3,D,0
-31.3359,147.6857,351.5,1.1,1,2014-11-26,0412,Aqua,MODIS,93,6.2,315.7,52,D,0
-31.3469,147.6764,408.3,1.1,1,2014-11-26,0412,Aqua,MODIS,100,6.2,332.5,319.7,D,0
-31.3452,147.6877,416,1.1,1,2014-11-26,0412,Aqua,MODIS,100,6.2,325.2,383.8,D,0
-31.3522,147.6842,333.3,1.1,1,2014-11-26,0412,Aqua,MODIS,70,6.2,318.1,16.3,D,0
-23.1399,146.1422,338.7,1.1,1.1,2014-11-26,0414,Aqua,MODIS,69,6.2,313.4,25.1,D,0
-23.9911,149.0759,332,1.6,1.3,2014-11-26,0414,Aqua,MODIS,54,6.2,293.6,45.5,D,0
-23.9936,149.071,342.8,1.6,1.3,2014-11-26,0414,Aqua,MODIS,88,6.2,295.2,79,D,0
-17.4397,143.2434,361,1,1,2014-11-26,0416,Aqua,MODIS,100,6.2,313.9,66.8,D,0
-17.1402,143.3432,355.5,1,1,2014-11-26,0416,Aqua,MODIS,96,6.2,321,44.6,D,0
-17.0739,141.0375,343,1,1,2014-11-26,0416,Aqua,MODIS,78,6.2,310.8,30.3,D,0
-17.0634,141.0459,339.3,1,1,2014-11-26,0416,Aqua,MODIS,73,6.2,312.4,21.8,D,0
-17.0648,141.0362,349.3,1,1,2014-11-26,0416,Aqua,MODIS,92,6.2,312.9,41.8,D,0
-17.0147,141.3334,351.2,1,1,2014-11-26,0416,Aqua,MODIS,94,6.2,313.3,46.3,D,0
-17.0558,143.2247,352.8,1,1,2014-11-26,0416,Aqua,MODIS,92,6.2,315,46.2,D,0
-16.7278,142.9524,346.1,1,1,2014-11-26,0416,Aqua,MODIS,71,6.2,317.3,32.8,D,0
-16.7265,142.9619,346.6,1,1,2014-11-26,0416,Aqua,MODIS,68,6.2,316.4,34.2,D,0
-16.646,137.8795,331.1,1.5,1.2,2014-11-26,0416,Aqua,MODIS,73,6.2,303.5,26.7,D,0
-16.6318,137.9058,328.9,1.5,1.2,2014-11-26,0416,Aqua,MODIS,77,6.2,304.4,15.5,D,0
-16.6335,137.8919,334.2,1.5,1.2,2014-11-26,0416,Aqua,MODIS,83,6.2,304.7,28,D,0
-16.6352,137.8781,332.8,1.5,1.2,2014-11-26,0416,Aqua,MODIS,74,6.2,303.8,28,D,0
-16.6422,137.8879,332,1.5,1.2,2014-11-26,0416,Aqua,MODIS,80,6.2,304.9,22.9,D,0
-16.644,137.8741,328.9,1.5,1.2,2014-11-26,0416,Aqua,MODIS,52,6.2,303.3,18.8,D,0
-16.6297,137.9003,330.6,1.5,1.2,2014-11-26,0416,Aqua,MODIS,79,6.2,305.1,19,D,0
-19.0705,142.0061,353.2,1,1,2014-11-26,0416,Aqua,MODIS,85,6.2,321.6,40.1,D,0
-16.6585,137.8671,342.8,1.5,1.2,2014-11-26,0416,Aqua,MODIS,90,6.2,299.9,62.1,D,0
-15.723,145.1119,337.1,1.3,1.1,2014-11-26,0416,Aqua,MODIS,83,6.2,306.5,28.1,D,0
-17.1985,143.3779,345.4,1,1,2014-11-26,0416,Aqua,MODIS,73,6.2,321.2,26.6,D,0
-17.8149,139.9757,332.4,1.2,1.1,2014-11-26,0416,Aqua,MODIS,67,6.2,309.7,11.5,D,0
-17.8193,139.9431,339.1,1.2,1.1,2014-11-26,0416,Aqua,MODIS,83,6.2,309.6,24.9,D,0
-17.8082,139.9526,334.3,1.2,1.1,2014-11-26,0416,Aqua,MODIS,76,6.2,309.5,15.3,D,0
-17.8053,139.9743,331.8,1.2,1.1,2014-11-26,0416,Aqua,MODIS,69,6.2,309.4,10.7,D,0
-17.8096,139.9417,336.3,1.2,1.1,2014-11-26,0416,Aqua,MODIS,79,6.2,308.7,19.1,D,0
-17.8172,139.8086,348.2,1.2,1.1,2014-11-26,0416,Aqua,MODIS,92,6.2,308.3,45.9,D,0
-16.8326,136.5003,334.3,1.9,1.3,2014-11-26,0416,Aqua,MODIS,82,6.2,305.4,44.4,D,0
-16.8205,136.4987,333.7,1.9,1.3,2014-11-26,0416,Aqua,MODIS,44,6.2,303.1,48.7,D,0
-15.7329,145.1136,345.3,1.3,1.1,2014-11-26,0416,Aqua,MODIS,91,6.2,307,49.6,D,0
-17.4383,143.2529,344.8,1,1,2014-11-26,0416,Aqua,MODIS,81,6.2,306.8,29.5,D,0
-18.1852,141.309,343.6,1,1,2014-11-26,0416,Aqua,MODIS,62,6.2,317.5,26.1,D,0
-15.8193,145.145,340.2,1.3,1.1,2014-11-26,0416,Aqua,MODIS,86,6.2,304,40.3,D,0
-15.8293,145.1469,351,1.3,1.1,2014-11-26,0416,Aqua,MODIS,94,6.2,304.3,70.8,D,0
-18.1082,140.0866,334.8,1.1,1.1,2014-11-26,0416,Aqua,MODIS,68,6.2,304.1,22,D,0
-15.8311,145.1355,339,1.3,1.1,2014-11-26,0416,Aqua,MODIS,85,6.2,303.4,36.8,D,0
-15.8212,145.1334,332.9,1.3,1.1,2014-11-26,0416,Aqua,MODIS,70,6.2,302.9,21.4,D,0
-19.441,142.4469,365.8,1,1,2014-11-26,0416,Aqua,MODIS,100,6.2,313.9,78.2,D,0
-19.4383,142.4659,345.1,1,1,2014-11-26,0416,Aqua,MODIS,76,6.2,318.8,23.7,D,0
-17.5321,143.2455,343.6,1,1,2014-11-26,0416,Aqua,MODIS,48,6.2,310.3,27.8,D,0
-17.5425,143.2375,361.5,1,1,2014-11-26,0416,Aqua,MODIS,100,6.2,305.2,75.8,D,0
-17.5103,142.7609,335.1,1,1,2014-11-26,0416,Aqua,MODIS,57,6.2,312.4,15.3,D,0
-18.1838,141.3188,341.9,1,1,2014-11-26,0416,Aqua,MODIS,71,6.2,316.5,21.7,D,0
-17.4754,143.3145,339.3,1,1,2014-11-26,0416,Aqua,MODIS,50,6.2,314.2,18.9,D,0
-17.4859,143.3065,352.6,1,1,2014-11-26,0416,Aqua,MODIS,94,6.2,316,45.5,D,0
-16.7494,142.9947,344.3,1,1,2014-11-26,0416,Aqua,MODIS,87,6.2,312.1,33.3,D,0
-16.748,143.0042,353.2,1,1,2014-11-26,0416,Aqua,MODIS,95,6.2,313.4,51,D,0
-17.4964,143.2984,347.3,1,1,2014-11-26,0416,Aqua,MODIS,65,6.2,314.7,37,D,0
-17.5069,143.2903,348.3,1,1,2014-11-26,0416,Aqua,MODIS,75,6.2,314.7,41.8,D,0
-17.5335,143.236,356.9,1,1,2014-11-26,0416,Aqua,MODIS,89,6.2,312.2,58.6,D,0
-17.4769,143.305,344.6,1,1,2014-11-26,0416,Aqua,MODIS,79,6.2,317.8,28.2,D,0
-16.7466,143.0136,351.2,1,1,2014-11-26,0416,Aqua,MODIS,93,6.2,312.5,43.8,D,0
-17.5034,142.4911,333.9,1,1,2014-11-26,0416,Aqua,MODIS,20,6.2,311.6,16.4,D,0
-17.5047,142.4817,338.5,1,1,2014-11-26,0416,Aqua,MODIS,50,6.2,314.8,22.5,D,0
-17.4702,142.7833,340.2,1,1,2014-11-26,0416,Aqua,MODIS,74,6.2,313,22.2,D,0
-17.58,142.8558,336.8,1,1,2014-11-26,0416,Aqua,MODIS,76,6.2,314.4,17,D,0
-17.4779,142.7941,333.5,1,1,2014-11-26,0416,Aqua,MODIS,41,6.2,314.9,10.8,D,0
-17.5709,142.8543,343.3,1,1,2014-11-26,0416,Aqua,MODIS,86,6.2,312.5,26.3,D,0
-16.7714,143.034,344,1,1,2014-11-26,0416,Aqua,MODIS,54,6.2,312.7,28.9,D,0
-17.5598,142.8044,344.6,1,1,2014-11-26,0416,Aqua,MODIS,84,6.2,312.5,29.6,D,0
-17.4262,142.8381,351,1,1,2014-11-26,0416,Aqua,MODIS,83,6.2,316.1,42.5,D,0
-17.4248,142.8475,353,1,1,2014-11-26,0416,Aqua,MODIS,82,6.2,319.8,46.1,D,0
-17.4234,142.8569,348.8,1,1,2014-11-26,0416,Aqua,MODIS,75,6.2,319.9,36.5,D,0
-15.7116,145.1152,329.1,1.3,1.1,2014-11-26,0416,Aqua,MODIS,56,6.2,303.3,13.9,D,0
-17.4158,142.8461,364.6,1,1,2014-11-26,0416,Aqua,MODIS,100,6.2,318.3,77,D,0
-17.5584,142.8138,342.5,1,1,2014-11-26,0416,Aqua,MODIS,76,6.2,314.4,26,D,0
-15.713,145.1101,337.6,1.3,1.1,2014-11-26,0416,Aqua,MODIS,84,6.2,304.2,28.5,D,0
-17.4079,143.3952,337.8,1,1,2014-11-26,0416,Aqua,MODIS,61,6.2,309.2,19.7,D,0
-17.3611,143.3973,341.8,1,1,2014-11-26,0416,Aqua,MODIS,48,6.2,318.4,18.3,D,0
-19.0946,142.2311,340.4,1,1,2014-11-26,0416,Aqua,MODIS,75,6.2,317.8,18.2,D,0
-15.7993,145.1419,334.2,1.3,1.1,2014-11-26,0416,Aqua,MODIS,67,6.2,304,27.1,D,0
-19.0932,142.2406,346.2,1,1,2014-11-26,0416,Aqua,MODIS,89,6.2,317.3,27.6,D,0
-17.4381,143.3804,344.3,1,1,2014-11-26,0416,Aqua,MODIS,87,6.2,306.8,35.2,D,0
-17.4466,143.3228,340.1,1,1,2014-11-26,0416,Aqua,MODIS,44,6.2,312.9,21.1,D,0
-15.7911,145.1346,333.8,1.3,1.1,2014-11-26,0416,Aqua,MODIS,57,6.2,302.5,28.8,D,0
-15.8093,145.1436,344.2,1.3,1.1,2014-11-26,0416,Aqua,MODIS,90,6.2,305.4,51.6,D,0
-19.0614,142.0046,341.1,1,1,2014-11-26,0416,Aqua,MODIS,59,6.2,312.1,16.2,D,0
-14.8411,144.6591,335.5,1.2,1.1,2014-11-26,0417,Aqua,MODIS,63,6.2,302.9,30.1,D,0
-12.2883,142.9627,325.2,1.1,1,2014-11-26,0417,Aqua,MODIS,40,6.2,303.8,7.5,D,0
-14.8428,144.6479,350.7,1.2,1.1,2014-11-26,0417,Aqua,MODIS,89,6.2,302.4,66.2,D,0
-13.7748,135.6144,323.9,2,1.4,2014-11-26,0417,Aqua,MODIS,39,6.2,289,30.7,D,0
-14.0024,136.6331,333,1.7,1.3,2014-11-26,0417,Aqua,MODIS,76,6.2,295.2,50.3,D,0
-14.7893,144.7314,331.4,1.2,1.1,2014-11-26,0417,Aqua,MODIS,69,6.2,300.8,22.6,D,0
-14.1498,135.4211,328.5,2.1,1.4,2014-11-26,0417,Aqua,MODIS,33,6.2,299.9,33.8,D,0
-14.1624,135.4226,327.7,2.1,1.4,2014-11-26,0417,Aqua,MODIS,33,6.2,299.3,28.6,D,0
-14.8242,144.7025,331.5,1.2,1.1,2014-11-26,0417,Aqua,MODIS,78,6.2,302.5,22.4,D,0
-14.15,135.6299,333.6,2,1.4,2014-11-26,0417,Aqua,MODIS,44,6.2,293.7,59.6,D,0
-13.8382,134.9795,323.1,2.2,1.4,2014-11-26,0417,Aqua,MODIS,36,6.2,288.5,39.1,D,0
-15.7355,134.6467,337,2.5,1.5,2014-11-26,0417,Aqua,MODIS,82,6.2,294.7,100.9,D,0
-15.7828,141.7274,364.2,1,1,2014-11-26,0417,Aqua,MODIS,100,6.2,319.2,69.1,D,0
-15.8304,141.7158,344.8,1,1,2014-11-26,0417,Aqua,MODIS,88,6.2,311.9,27.7,D,0
-15.7815,141.7367,357.5,1,1,2014-11-26,0417,Aqua,MODIS,98,6.2,318.7,48.8,D,0
-14.8821,144.6042,324.7,1.2,1.1,2014-11-26,0417,Aqua,MODIS,42,6.2,298.5,12.8,D,0
-13.413,143.4476,320.4,1.1,1,2014-11-26,0417,Aqua,MODIS,35,6.2,287.5,12.6,D,0
-13.4145,143.4375,322.1,1.1,1,2014-11-26,0417,Aqua,MODIS,54,6.2,288.3,14.8,D,0
-15.8291,141.7251,336.5,1,1,2014-11-26,0417,Aqua,MODIS,79,6.2,313,12.4,D,0
-14.9764,144.3834,333.3,1.2,1.1,2014-11-26,0417,Aqua,MODIS,73,6.2,306.3,24.5,D,0
-14.4168,142.3965,391.4,1,1,2014-11-26,0417,Aqua,MODIS,100,6.2,300.3,195.1,D,0
-14.4182,142.3872,360.2,1,1,2014-11-26,0417,Aqua,MODIS,100,6.2,296.1,76,D,0
-14.4376,142.3807,346.7,1,1,2014-11-26,0417,Aqua,MODIS,92,6.2,294.8,42.7,D,0
-14.4389,142.3714,335.5,1,1,2014-11-26,0417,Aqua,MODIS,56,6.2,282.9,25.3,D,0
-14.4154,142.4059,337.5,1,1,2014-11-26,0417,Aqua,MODIS,47,6.2,296,23.5,D,0
-15.8032,141.778,359.7,1,1,2014-11-26,0417,Aqua,MODIS,99,6.2,317.7,55.1,D,0
-14.9797,144.3618,327.6,1.2,1.1,2014-11-26,0417,Aqua,MODIS,68,6.2,299.3,15,D,0
-14.9781,144.3726,341.4,1.2,1.1,2014-11-26,0417,Aqua,MODIS,87,6.2,304.9,40.7,D,0
-14.9814,144.351,327.1,1.2,1.1,2014-11-26,0417,Aqua,MODIS,55,6.2,300.1,13.8,D,0
-14.983,144.3402,331.9,1.2,1.1,2014-11-26,0417,Aqua,MODIS,77,6.2,300.6,22,D,0
-14.9667,144.3818,325.4,1.2,1.1,2014-11-26,0417,Aqua,MODIS,51,6.2,299.2,11.7,D,0
-14.9847,144.3294,339.9,1.2,1.1,2014-11-26,0417,Aqua,MODIS,86,6.2,297.8,37.9,D,0
-14.9584,144.4361,336.4,1.2,1.1,2014-11-26,0417,Aqua,MODIS,83,6.2,305.6,26.4,D,0
-15.1036,145.0102,330.4,1.3,1.1,2014-11-26,0417,Aqua,MODIS,77,6.2,301.6,24,D,0
-15.7662,141.7154,381,1,1,2014-11-26,0417,Aqua,MODIS,100,6.2,318.1,131.9,D,0
-14.4286,142.3793,343.5,1,1,2014-11-26,0417,Aqua,MODIS,76,6.2,292.6,37.3,D,0
-14.0042,141.8851,361.1,1,1,2014-11-26,0417,Aqua,MODIS,100,6.2,306.6,73.5,D,0
-14.4811,144.54,327.1,1.2,1.1,2014-11-26,0417,Aqua,MODIS,40,6.2,303.2,12.9,D,0
-15.7712,141.7446,340.3,1,1,2014-11-26,0417,Aqua,MODIS,57,6.2,314,15.2,D,0
-14.4272,142.3886,372.1,1,1,2014-11-26,0417,Aqua,MODIS,100,6.2,298.2,111.9,D,0
-14.0198,141.5797,329.4,1,1,2014-11-26,0417,Aqua,MODIS,52,6.2,307.7,8.6,D,0
-12.4865,142.9961,353.8,1.1,1,2014-11-26,0417,Aqua,MODIS,96,6.2,298.5,65.3,D,0
-15.7649,141.7247,346.6,1,1,2014-11-26,0417,Aqua,MODIS,90,6.2,316.6,28.5,D,0
-12.4958,142.9976,341.5,1.1,1,2014-11-26,0417,Aqua,MODIS,81,6.2,295.6,38.1,D,0
-15.7675,141.7061,351.9,1,1,2014-11-26,0417,Aqua,MODIS,94,6.2,314,41.4,D,0
-15.7342,141.6858,333.3,1,1,2014-11-26,0417,Aqua,MODIS,64,6.2,312.6,9.1,D,0
-15.6897,141.8687,334.7,1,1,2014-11-26,0417,Aqua,MODIS,65,6.2,314.6,11.3,D,0
-14.4064,142.4044,389.2,1,1,2014-11-26,0417,Aqua,MODIS,100,6.2,296.5,184.4,D,0
-14.4078,142.3951,388.1,1,1,2014-11-26,0417,Aqua,MODIS,100,6.2,296.9,181.1,D,0
-15.1929,145.2273,329.4,1.3,1.1,2014-11-26,0417,Aqua,MODIS,47,6.2,302.1,20.3,D,0
-15.3159,144.8344,324.7,1.2,1.1,2014-11-26,0417,Aqua,MODIS,72,6.2,287.8,20.5,D,0
-11.1662,142.3405,328.4,1.1,1,2014-11-26,0418,Aqua,MODIS,29,6.2,304.5,15.6,D,0
-11.0122,142.711,329.1,1.1,1,2014-11-26,0418,Aqua,MODIS,82,6.2,298.3,21.5,D,0
-11.0153,142.7273,350,1.1,1,2014-11-26,0418,Aqua,MODIS,95,6.2,300.1,58.1,D,0
-12.9562,136.2339,327.8,1.7,1.3,2014-11-26,0418,Aqua,MODIS,66,6.2,302.5,26.6,D,0
-11.0107,142.7208,361.1,1.1,1,2014-11-26,0418,Aqua,MODIS,100,6.2,300,90.7,D,0
-12.9639,136.2669,338.1,1.7,1.3,2014-11-26,0418,Aqua,MODIS,62,6.2,297.2,62,D,0
-11.0092,142.7307,336.5,1.1,1,2014-11-26,0418,Aqua,MODIS,88,6.2,298.2,32.7,D,0
-11.1247,142.6803,314.7,1.1,1,2014-11-26,0418,Aqua,MODIS,48,6.2,291.4,7.2,D,0
-12.1043,135.6476,326.9,1.9,1.3,2014-11-26,0418,Aqua,MODIS,55,6.2,302.2,25.7,D,0
-12.1325,135.6168,334.7,1.9,1.3,2014-11-26,0418,Aqua,MODIS,84,6.2,302.2,54.6,D,0
-11.5374,132.6611,330.3,3.1,1.7,2014-11-26,0418,Aqua,MODIS,78,6.2,293.1,94.4,D,0
-11.5514,132.6696,320.2,3.1,1.7,2014-11-26,0418,Aqua,MODIS,25,6.2,293.8,42.9,D,0
-11.5364,132.6679,333.2,3.1,1.7,2014-11-26,0418,Aqua,MODIS,74,6.2,293.7,115.8,D,0
-11.5339,132.6891,324.9,3.1,1.7,2014-11-26,0418,Aqua,MODIS,48,6.2,294.5,62.5,D,0
-12.4592,132.1264,317.1,3.5,1.8,2014-11-26,0418,Aqua,MODIS,0,6.2,288.4,53.8,D,0
-34.8671,117.2551,317.7,1.4,1.2,2014-11-26,0550,Aqua,MODIS,68,6.2,285.9,19.9,D,0
-34.8333,116.8191,353.8,1.5,1.2,2014-11-26,0550,Aqua,MODIS,97,6.2,296.8,113.8,D,0
-34.8224,116.8173,375.3,1.5,1.2,2014-11-26,0550,Aqua,MODIS,100,6.2,305,227.8,D,0
-34.8316,116.8354,353.3,1.5,1.2,2014-11-26,0550,Aqua,MODIS,97,6.2,296.3,106.5,D,0
-34.7987,116.831,321.9,1.5,1.2,2014-11-26,0550,Aqua,MODIS,59,6.2,294.1,22,D,0
-34.8097,116.8324,366.8,1.5,1.2,2014-11-26,0550,Aqua,MODIS,100,6.2,301.4,175.3,D,0
-34.8525,116.8605,335.5,1.5,1.2,2014-11-26,0550,Aqua,MODIS,75,6.2,303.6,47.5,D,0
-34.8426,116.8371,358.9,1.5,1.2,2014-11-26,0550,Aqua,MODIS,99,6.2,302.5,133,D,0
-34.8409,116.8535,338.7,1.5,1.2,2014-11-26,0550,Aqua,MODIS,84,6.2,300.3,56.1,D,0
-34.8536,116.8387,363.6,1.5,1.2,2014-11-26,0550,Aqua,MODIS,100,6.2,300.5,156.6,D,0
-34.8541,116.8441,368.1,1.5,1.2,2014-11-26,0550,Aqua,MODIS,100,6.2,301.8,183.9,D,0
-34.8519,116.8553,355.7,1.5,1.2,2014-11-26,0550,Aqua,MODIS,98,6.2,303,118.2,D,0
-34.8188,116.8516,361.5,1.5,1.2,2014-11-26,0550,Aqua,MODIS,100,6.2,294.9,146.5,D,0
-34.808,116.8491,369.9,1.5,1.2,2014-11-26,0550,Aqua,MODIS,100,6.2,299.5,194.4,D,0
-34.8063,116.8657,363.1,1.5,1.2,2014-11-26,0550,Aqua,MODIS,100,6.2,299.5,158.1,D,0
-34.8206,116.834,461.6,1.5,1.2,2014-11-26,0550,Aqua,MODIS,100,6.2,317,1564.1,D,0
-34.835,116.8025,320,1.5,1.2,2014-11-26,0550,Aqua,MODIS,22,6.2,293.9,19.9,D,0
-29.5846,124.6856,325.1,1.4,1.2,2014-11-26,0551,Aqua,MODIS,61,6.2,280.6,25.4,D,0
-29.5821,124.6995,320.5,1.4,1.2,2014-11-26,0551,Aqua,MODIS,34,6.2,281.4,16.3,D,0
-29.8166,115.2699,333.7,1.6,1.2,2014-11-26,0552,Aqua,MODIS,79,6.2,275.9,47.8,D,0
-29.8018,115.302,342.1,1.6,1.2,2014-11-26,0552,Aqua,MODIS,86,6.2,278.2,74.8,D,0
-29.7548,115.3126,372.3,1.6,1.2,2014-11-26,0552,Aqua,MODIS,100,6.2,291.2,225.6,D,0
-29.794,115.2668,328.9,1.6,1.2,2014-11-26,0552,Aqua,MODIS,51,6.2,276.4,34.7,D,0
-29.7922,115.2836,343.2,1.6,1.2,2014-11-26,0552,Aqua,MODIS,81,6.2,283.7,80.7,D,0
-29.8035,115.2852,344,1.6,1.2,2014-11-26,0552,Aqua,MODIS,92,6.2,281.4,79.8,D,0
-29.7809,115.282,348.6,1.6,1.2,2014-11-26,0552,Aqua,MODIS,77,6.2,284,97.7,D,0
-29.7549,115.3242,352.8,1.6,1.2,2014-11-26,0552,Aqua,MODIS,96,6.2,289.7,118,D,0
-29.7567,115.3075,350.2,1.6,1.2,2014-11-26,0552,Aqua,MODIS,76,6.2,290.6,102.9,D,0
-29.7436,115.3229,341.2,1.6,1.2,2014-11-26,0552,Aqua,MODIS,80,6.2,280.7,68.1,D,0
-29.7323,115.3215,331.2,1.6,1.2,2014-11-26,0552,Aqua,MODIS,39,6.2,283.9,36.4,D,0
-29.7435,115.3112,343.5,1.6,1.2,2014-11-26,0552,Aqua,MODIS,71,6.2,287.8,77.4,D,0
-29.7418,115.3279,335.6,1.6,1.2,2014-11-26,0552,Aqua,MODIS,64,6.2,278.5,53.4,D,0
-29.8131,115.3036,339.7,1.6,1.2,2014-11-26,0552,Aqua,MODIS,74,6.2,271.7,69.2,D,0
-29.8149,115.2867,344,1.6,1.2,2014-11-26,0552,Aqua,MODIS,80,6.2,274,82.6,D,0
-29.7792,115.2989,360.2,1.6,1.2,2014-11-26,0552,Aqua,MODIS,82,6.2,297.4,153.7,D,0
-29.7531,115.3293,342.1,1.6,1.2,2014-11-26,0552,Aqua,MODIS,79,6.2,288.1,77.5,D,0
-29.8053,115.2683,343.5,1.6,1.2,2014-11-26,0552,Aqua,MODIS,92,6.2,279.2,79.5,D,0
-23.7855,121.4261,376.8,1.1,1.1,2014-11-26,0553,Aqua,MODIS,100,6.2,314.6,137.4,D,0
-23.2031,122.3057,338.1,1.3,1.1,2014-11-26,0553,Aqua,MODIS,35,6.2,315.9,14.2,D,0
-23.2042,122.3002,342.2,1.3,1.1,2014-11-26,0553,Aqua,MODIS,59,6.2,316.9,23.9,D,0
-23.2183,122.2778,351.1,1.3,1.1,2014-11-26,0553,Aqua,MODIS,84,6.2,313.8,56.3,D,0
-23.6403,121.6317,340.2,1.2,1.1,2014-11-26,0553,Aqua,MODIS,81,6.2,316.8,24.1,D,0
-23.9071,121.76,378.6,1.2,1.1,2014-11-26,0553,Aqua,MODIS,100,6.2,317.8,151,D,0
-23.9053,121.7714,339.3,1.2,1.1,2014-11-26,0553,Aqua,MODIS,80,6.2,315,19.6,D,0
-23.9185,121.7506,396.1,1.2,1.1,2014-11-26,0553,Aqua,MODIS,100,6.2,319.2,253.6,D,0
-23.9167,121.7619,393.9,1.2,1.1,2014-11-26,0553,Aqua,MODIS,100,6.2,321,238.4,D,0
-23.9149,121.7732,338.7,1.2,1.1,2014-11-26,0553,Aqua,MODIS,79,6.2,316.9,18.2,D,0
-23.7708,121.4572,401.6,1.1,1.1,2014-11-26,0553,Aqua,MODIS,100,6.2,321.3,280.1,D,0
-23.7691,121.4682,378.5,1.1,1.1,2014-11-26,0553,Aqua,MODIS,100,6.2,321.8,140.7,D,0
-23.7872,121.4152,342.8,1.1,1.1,2014-11-26,0553,Aqua,MODIS,72,6.2,303.6,29.4,D,0
-23.9433,121.7961,336.8,1.2,1.1,2014-11-26,0553,Aqua,MODIS,54,6.2,314.6,15,D,0
-23.9414,121.8074,359.8,1.2,1.1,2014-11-26,0553,Aqua,MODIS,99,6.2,318.3,71.6,D,0
-23.9529,121.7979,338.2,1.2,1.1,2014-11-26,0553,Aqua,MODIS,67,6.2,313.9,18.6,D,0
-23.951,121.8093,401.5,1.2,1.1,2014-11-26,0553,Aqua,MODIS,100,6.2,321.1,292.8,D,0
-23.9089,121.7487,361.7,1.2,1.1,2014-11-26,0553,Aqua,MODIS,100,6.2,316.3,80.3,D,0
-23.7838,121.4371,371.9,1.1,1.1,2014-11-26,0553,Aqua,MODIS,100,6.2,305,113.7,D,0
-23.7984,121.406,350.5,1.1,1.1,2014-11-26,0553,Aqua,MODIS,70,6.2,298.5,48.5,D,0
-23.2342,122.3061,338.1,1.3,1.1,2014-11-26,0553,Aqua,MODIS,60,6.2,313.6,15.7,D,0
-23.8131,121.4597,336.7,1.1,1.1,2014-11-26,0553,Aqua,MODIS,48,6.2,316.3,11.4,D,0
-23.8113,121.4706,337.3,1.1,1.1,2014-11-26,0553,Aqua,MODIS,44,6.2,315.6,12.5,D,0
-23.9492,121.8206,379.9,1.2,1.1,2014-11-26,0553,Aqua,MODIS,100,6.2,321.1,156.8,D,0
-23.9474,121.832,351.1,1.2,1.1,2014-11-26,0553,Aqua,MODIS,93,6.2,315.7,47.1,D,0
-23.9607,121.8111,356.3,1.2,1.1,2014-11-26,0553,Aqua,MODIS,97,6.2,311.6,63.1,D,0
-25.0842,119.8466,337.2,1,1,2014-11-26,0553,Aqua,MODIS,63,6.2,318.8,11.4,D,0
-25.0827,119.8565,340.8,1,1,2014-11-26,0553,Aqua,MODIS,83,6.2,321.2,16.6,D,0
-23.0389,119.676,353.7,1,1,2014-11-26,0553,Aqua,MODIS,95,6.2,315.3,50.8,D,0
-23.0479,119.6776,335.3,1,1,2014-11-26,0553,Aqua,MODIS,74,6.2,314.7,15.7,D,0
-23.72,122.7761,347.3,1.3,1.1,2014-11-26,0553,Aqua,MODIS,89,6.2,313.9,54.8,D,0
-23.0403,119.6661,337.8,1,1,2014-11-26,0553,Aqua,MODIS,79,6.2,313.1,19.5,D,0
-23.0569,119.6792,343.3,1,1,2014-11-26,0553,Aqua,MODIS,86,6.2,313.1,27.9,D,0
-23.0555,119.689,339.4,1,1,2014-11-26,0553,Aqua,MODIS,81,6.2,313.6,20.6,D,0
-23.054,119.6989,334.7,1,1,2014-11-26,0553,Aqua,MODIS,67,6.2,314.5,13.3,D,0
-22.0785,119.9431,342.7,1,1,2014-11-26,0554,Aqua,MODIS,82,6.2,314.6,23.3,D,0
-22.0755,119.9631,334.9,1,1,2014-11-26,0554,Aqua,MODIS,15,6.2,315.7,10.4,D,0
-22.1229,117.9832,367.4,1,1,2014-11-26,0554,Aqua,MODIS,100,6.2,310.2,87.5,D,0
-22.1242,117.9734,368.7,1,1,2014-11-26,0554,Aqua,MODIS,100,6.2,314.6,93.6,D,0
-22.5507,119.6813,336.8,1,1,2014-11-26,0554,Aqua,MODIS,73,6.2,316.8,11.8,D,0
-22.5612,119.673,353.5,1,1,2014-11-26,0554,Aqua,MODIS,95,6.2,316.3,45.5,D,0
-22.5598,119.6829,361.6,1,1,2014-11-26,0554,Aqua,MODIS,100,6.2,316.7,66.6,D,0
-22.5703,119.6746,344.9,1,1,2014-11-26,0554,Aqua,MODIS,79,6.2,310.3,29.1,D,0
-22.1138,117.9817,386.9,1,1,2014-11-26,0554,Aqua,MODIS,100,6.2,307,164.3,D,0
-22.1152,117.972,352,1,1,2014-11-26,0554,Aqua,MODIS,94,6.2,305,47.1,D,0
-22.1055,117.9847,361,1,1,2014-11-26,0554,Aqua,MODIS,94,6.2,304,69.2,D,0
-22.1068,117.975,341.7,1,1,2014-11-26,0554,Aqua,MODIS,53,6.2,305.4,26.4,D,0
-22.0964,117.9832,344.8,1,1,2014-11-26,0554,Aqua,MODIS,57,6.2,311.2,29.5,D,0
-18.9229,128.3803,323.8,4.1,1.9,2014-11-26,0554,Aqua,MODIS,31,6.2,293.8,71.1,D,0
-21.1636,118.3391,355.2,1,1,2014-11-26,0554,Aqua,MODIS,96,6.2,316.1,45.9,D,0
-21.1546,118.3377,358.5,1,1,2014-11-26,0554,Aqua,MODIS,99,6.2,318.3,53.2,D,0
-21.4714,119.4501,343.8,1,1,2014-11-26,0554,Aqua,MODIS,85,6.2,315.6,21.8,D,0
-20.7505,118.0156,348.8,1,1,2014-11-26,0554,Aqua,MODIS,91,6.2,312.9,35.4,D,0
-20.7595,118.0171,355,1,1,2014-11-26,0554,Aqua,MODIS,96,6.2,314.2,50.2,D,0
-21.4212,119.8466,343.3,1,1,2014-11-26,0554,Aqua,MODIS,51,6.2,310.8,31.8,D,0
-21.3802,119.69,359.4,1,1,2014-11-26,0554,Aqua,MODIS,99,6.2,320.1,56.8,D,0
-21.4746,119.4908,341,1,1,2014-11-26,0554,Aqua,MODIS,81,6.2,318.5,13.7,D,0
-21.4761,119.481,347.7,1,1,2014-11-26,0554,Aqua,MODIS,90,6.2,319.2,27,D,0
-21.4699,119.4599,338.1,1,1,2014-11-26,0554,Aqua,MODIS,72,6.2,317.5,11.1,D,0
-21.1955,118.9508,359.3,1,1,2014-11-26,0554,Aqua,MODIS,99,6.2,312.1,59.8,D,0
-21.1969,118.9411,375.4,1,1,2014-11-26,0554,Aqua,MODIS,100,6.2,316.2,113,D,0
-20.7519,118.006,344.1,1,1,2014-11-26,0554,Aqua,MODIS,85,6.2,313.8,26.5,D,0
-20.7685,118.0185,339.6,1,1,2014-11-26,0554,Aqua,MODIS,79,6.2,312.5,19.5,D,0
-20.8866,121.8058,345.3,1.3,1.1,2014-11-26,0554,Aqua,MODIS,87,6.2,311.1,36.6,D,0
-20.886,121.8113,339.1,1.3,1.1,2014-11-26,0554,Aqua,MODIS,29,6.2,313,23.8,D,0
-15.3669,125.3045,322.7,2.9,1.6,2014-11-26,0555,Aqua,MODIS,63,6.2,291.8,47.7,D,0
-17.577,127.5466,334.2,3.8,1.8,2014-11-26,0555,Aqua,MODIS,73,6.2,294.8,131.1,D,0
-15.8435,126.2932,330,3.3,1.7,2014-11-26,0555,Aqua,MODIS,77,6.2,297.9,92.1,D,0
-17.1471,123.0314,336.4,1.8,1.3,2014-11-26,0555,Aqua,MODIS,56,6.2,309.5,32.8,D,0
-17.1499,123.0149,335.1,1.8,1.3,2014-11-26,0555,Aqua,MODIS,46,6.2,306.5,28.9,D,0
-15.8553,126.3031,325,3.3,1.7,2014-11-26,0555,Aqua,MODIS,17,6.2,298.4,51.3,D,0
-15.8612,126.2725,329.1,3.3,1.7,2014-11-26,0555,Aqua,MODIS,67,6.2,297.4,79.4,D,0
-15.8458,126.2696,322.5,3.3,1.7,2014-11-26,0555,Aqua,MODIS,62,6.2,296.9,44.3,D,0
-15.8491,126.2627,328.1,3.3,1.7,2014-11-26,0555,Aqua,MODIS,74,6.2,296.9,77.5,D,0
-33.01,137.5929,302.2,1,1,2014-11-26,1337,Terra,MODIS,9,6.2,289.9,4.8,N,2
-15.6432,141.7696,306.2,2.5,1.5,2014-11-26,1341,Terra,MODIS,67,6.2,291.1,21.2,N,0
-16.6238,137.9232,332.4,1.3,1.1,2014-11-26,1341,Terra,MODIS,100,6.2,294.3,43.5,N,0
-16.6257,137.9111,327.9,1.3,1.1,2014-11-26,1341,Terra,MODIS,100,6.2,294.2,34.3,N,0
-16.6295,137.8871,307.7,1.3,1.1,2014-11-26,1341,Terra,MODIS,72,6.2,293.4,8,N,0
-15.8778,141.8039,302.3,2.5,1.5,2014-11-26,1341,Terra,MODIS,25,6.2,289.6,13.4,N,0
-17.5745,142.7831,305.5,2.8,1.6,2014-11-26,1341,Terra,MODIS,42,6.2,285.3,28,N,0
-13.5702,135.4312,307.6,1.1,1,2014-11-26,1342,Terra,MODIS,70,6.2,293.8,6.6,N,0
-13.5716,135.4214,306.7,1.1,1,2014-11-26,1342,Terra,MODIS,67,6.2,293.6,6,N,0
-14.4185,126.0382,306.6,2.8,1.6,2014-11-26,1342,Terra,MODIS,59,6.2,290.8,19.3,N,0
-15.3958,126.7316,303.3,2.6,1.5,2014-11-26,1342,Terra,MODIS,53,6.2,290.6,14.9,N,0
-13.9986,136.6534,309.3,1.2,1.1,2014-11-26,1342,Terra,MODIS,59,6.2,297.5,6.5,N,0
-13.9957,136.6578,308,1.2,1.1,2014-11-26,1342,Terra,MODIS,67,6.2,297.7,5.7,N,0
-13.9545,135.5775,304.1,1.1,1,2014-11-26,1342,Terra,MODIS,47,6.2,294,4.3,N,0
-12.119,136.3631,309.1,1.2,1.1,2014-11-26,1343,Terra,MODIS,73,6.2,296,8.8,N,0
-16.9429,143.1883,302.4,4.6,2,2014-11-26,1509,Aqua,MODIS,43,6.2,289.5,33.6,N,0
-16.9491,143.2238,304,4.6,2,2014-11-26,1509,Aqua,MODIS,58,6.2,289.8,39.5,N,0
-23.2976,150.1406,305.7,1.2,1.1,2014-11-26,1510,Aqua,MODIS,65,6.2,291.7,8.3,N,0
-21.9982,149.4225,307.6,1.3,1.1,2014-11-26,1510,Aqua,MODIS,72,6.2,289,12.1,N,0
-27.0055,149.403,301.3,1.1,1.1,2014-11-26,1511,Aqua,MODIS,40,6.2,290.6,6.2,N,0
-21.402,119.8457,371.1,3.1,1.7,2014-11-26,1519,Terra,MODIS,100,6.2,294.2,609.1,N,0
-21.408,119.8165,318.4,3.1,1.7,2014-11-26,1519,Terra,MODIS,41,6.2,282.7,77.3,N,0
-21.4039,119.8407,356.1,3.1,1.7,2014-11-26,1519,Terra,MODIS,100,6.2,290.5,385,N,0
-21.389,119.8373,424.1,3.1,1.7,2014-11-26,1519,Terra,MODIS,100,6.2,289.4,2201.8,N,0
-21.3949,119.808,346.9,3.1,1.7,2014-11-26,1519,Terra,MODIS,100,6.2,282.6,276.4,N,0
-21.3981,119.8701,323.6,3.1,1.7,2014-11-26,1519,Terra,MODIS,55,6.2,288.2,107.6,N,0
-21.3832,119.8666,346.7,3.1,1.7,2014-11-26,1519,Terra,MODIS,100,6.2,286.3,282.5,N,0
-14.4176,126.0466,306.4,1.4,1.2,2014-11-26,1647,Aqua,MODIS,61,6.2,292.5,7.5,N,0
-15.7879,126.3939,310.3,1.3,1.1,2014-11-26,1647,Aqua,MODIS,80,6.2,291.8,12.2,N,0
-15.798,126.3922,302,1.3,1.1,2014-11-26,1647,Aqua,MODIS,46,6.2,291.7,4.8,N,0
-15.7999,126.4041,304,1.3,1.1,2014-11-26,1647,Aqua,MODIS,58,6.2,291.6,6.3,N,0
-14.4652,125.6428,306.4,1.5,1.2,2014-11-26,1647,Aqua,MODIS,68,6.2,294.2,7.1,N,0
-24.1914,128.7941,314.1,1,1,2014-11-26,1649,Aqua,MODIS,89,6.2,292.2,14.1,N,0
-21.3872,119.8527,309,2.9,1.6,2014-11-26,1649,Aqua,MODIS,76,6.2,289.8,37.8,N,0
-21.4017,119.8494,303.4,2.9,1.6,2014-11-26,1649,Aqua,MODIS,32,6.2,288.6,20.2,N,0
-21.3859,119.8458,308.9,2.9,1.6,2014-11-26,1649,Aqua,MODIS,50,6.2,290.1,34.6,N,0
-21.4004,119.8425,306.4,2.9,1.6,2014-11-26,1649,Aqua,MODIS,10,6.2,289.6,26.6,N,0
-21.17,118.9968,307.6,3.4,1.7,2014-11-26,1649,Aqua,MODIS,30,6.2,290.8,33.4,N,0
-21.181,118.9891,307.7,3.4,1.7,2014-11-26,1649,Aqua,MODIS,42,6.2,287.9,37.1,N,0
-21.1878,119.0218,304.9,3.4,1.7,2014-11-26,1649,Aqua,MODIS,19,6.2,291.1,25.3,N,0
-29.5779,124.6931,300.8,1.1,1,2014-11-26,1651,Aqua,MODIS,33,6.2,287.4,4.9,N,0
-29.5797,124.704,305.6,1.1,1,2014-11-26,1651,Aqua,MODIS,65,6.2,288.1,8,N,0
-14.8701,144.6445,332.1,1.1,1.1,2014-11-27,0033,Terra,MODIS,78,6.2,298.9,20.8,D,0
-14.7831,144.7406,338.4,1.1,1.1,2014-11-27,0033,Terra,MODIS,78,6.2,303.2,33,D,0
-14.8414,144.6494,338.9,1.1,1.1,2014-11-27,0033,Terra,MODIS,86,6.2,304.1,32.8,D,0
-14.8431,144.66,334.6,1.1,1.1,2014-11-27,0033,Terra,MODIS,81,6.2,302.5,24.6,D,0
-14.7927,144.7395,335.3,1.1,1.1,2014-11-27,0033,Terra,MODIS,81,6.2,301.8,28.2,D,0
-15.65,141.7917,329.5,1.7,1.3,2014-11-27,0033,Terra,MODIS,45,6.2,294.8,25.2,D,0
-15.7867,145.1426,334.5,1.1,1,2014-11-27,0033,Terra,MODIS,80,6.2,302,23,D,0
-15.7759,145.1342,333.7,1.1,1,2014-11-27,0033,Terra,MODIS,61,6.2,300.4,20.1,D,0
-14.9735,144.3831,339.1,1.2,1.1,2014-11-27,0033,Terra,MODIS,85,6.2,306.5,30.7,D,0
-14.4551,144.5398,328.5,1.2,1.1,2014-11-27,0033,Terra,MODIS,57,6.2,303.7,13.7,D,0
-15.765,145.1256,339.6,1.1,1,2014-11-27,0033,Terra,MODIS,69,6.2,300.9,31,D,0
-15.8232,145.1512,325.9,1.1,1,2014-11-27,0033,Terra,MODIS,51,6.2,297.2,14.3,D,0
-15.8309,145.1396,331.1,1.1,1,2014-11-27,0033,Terra,MODIS,69,6.2,299.5,19.8,D,0
-15.8324,145.1496,343.7,1.1,1,2014-11-27,0033,Terra,MODIS,91,6.2,302,42.8,D,0
-15.834,145.1593,328.4,1.1,1,2014-11-27,0033,Terra,MODIS,66,6.2,301.7,18.2,D,0
-14.4569,144.5506,329.9,1.2,1.1,2014-11-27,0033,Terra,MODIS,59,6.2,304,16,D,0
-14.442,144.5198,328.2,1.2,1.1,2014-11-27,0033,Terra,MODIS,71,6.2,300.5,15.7,D,0
-14.4289,142.3388,344.6,1.6,1.3,2014-11-27,0033,Terra,MODIS,90,6.2,302.2,71.2,D,0
-14.428,142.3331,336.2,1.6,1.3,2014-11-27,0033,Terra,MODIS,82,6.2,302.5,41.4,D,0
-14.4305,142.3479,330,1.6,1.2,2014-11-27,0033,Terra,MODIS,73,6.2,301.2,21.8,D,0
-17.3988,142.7888,333,1.3,1.1,2014-11-27,0034,Terra,MODIS,72,6.2,304.5,18.7,D,0
-19.4071,139.4265,333.3,2.1,1.4,2014-11-27,0034,Terra,MODIS,80,6.2,302.3,53.3,D,0
-16.7084,142.9485,330.8,1.3,1.2,2014-11-27,0034,Terra,MODIS,66,6.2,304.5,13.7,D,0
-19.4034,139.4064,332.9,2.1,1.4,2014-11-27,0034,Terra,MODIS,74,6.2,302,52.3,D,0
-16.7229,142.9071,336.8,1.4,1.2,2014-11-27,0034,Terra,MODIS,79,6.2,303.7,29.2,D,0
-16.7249,142.9197,344,1.4,1.2,2014-11-27,0034,Terra,MODIS,87,6.2,305.5,46.4,D,0
-16.6277,137.8802,343.6,3.1,1.7,2014-11-27,0034,Terra,MODIS,90,6.2,295.4,205.8,D,0
-16.6427,137.8772,329.7,3.1,1.7,2014-11-27,0034,Terra,MODIS,77,6.2,293.6,91.2,D,0
-16.6396,137.8705,339,3.1,1.7,2014-11-27,0034,Terra,MODIS,86,6.2,293.9,163.6,D,0
-16.6453,137.8995,321.5,3.1,1.7,2014-11-27,0034,Terra,MODIS,59,6.2,293.2,44,D,0
-16.7269,142.9968,330,1.3,1.1,2014-11-27,0034,Terra,MODIS,64,6.2,305.3,12.2,D,0
-16.7351,142.9825,341.8,1.3,1.1,2014-11-27,0034,Terra,MODIS,85,6.2,305.6,39.1,D,0
-16.7372,142.995,338.7,1.3,1.1,2014-11-27,0034,Terra,MODIS,81,6.2,305.1,31.4,D,0
-17.3885,142.7906,332.1,1.3,1.1,2014-11-27,0034,Terra,MODIS,70,6.2,304.8,16,D,0
-16.8131,136.2926,321.3,4.1,1.9,2014-11-27,0034,Terra,MODIS,53,6.2,295.7,47.5,D,0
-16.8206,136.331,321.4,4.1,1.9,2014-11-27,0034,Terra,MODIS,54,6.2,295.8,44.7,D,0
-16.8244,136.3243,322.1,4.1,1.9,2014-11-27,0034,Terra,MODIS,59,6.2,295.7,52.3,D,0
-17.3879,143.4049,332.7,1.2,1.1,2014-11-27,0034,Terra,MODIS,33,6.2,307.5,13.5,D,0
-16.9462,143.2102,332.1,1.3,1.1,2014-11-27,0034,Terra,MODIS,71,6.2,306.6,13.8,D,0
-17.5319,143.2833,336,1.3,1.1,2014-11-27,0034,Terra,MODIS,74,6.2,307.6,20.8,D,0
-16.731,142.9126,333.7,1.4,1.2,2014-11-27,0034,Terra,MODIS,73,6.2,305.9,16.9,D,0
-16.727,142.9323,332.1,1.4,1.2,2014-11-27,0034,Terra,MODIS,70,6.2,305.6,15.6,D,0
-17.2109,143.3888,347.5,1.2,1.1,2014-11-27,0034,Terra,MODIS,91,6.2,308,50.8,D,0
-16.7187,142.8818,340.7,1.4,1.2,2014-11-27,0034,Terra,MODIS,84,6.2,302.6,41.5,D,0
-17.556,143.2428,352.2,1.3,1.1,2014-11-27,0034,Terra,MODIS,94,6.2,306.9,64.8,D,0
-17.548,143.2563,331.1,1.3,1.1,2014-11-27,0034,Terra,MODIS,48,6.2,303.4,12.8,D,0
-16.7332,142.9053,333,1.4,1.2,2014-11-27,0034,Terra,MODIS,59,6.2,306.3,18.9,D,0
-17.5499,143.2681,332,1.3,1.1,2014-11-27,0034,Terra,MODIS,68,6.2,305.5,13.6,D,0
-17.4523,142.7922,332,1.3,1.1,2014-11-27,0034,Terra,MODIS,48,6.2,304.5,16.8,D,0
-17.3947,142.8282,333.9,1.3,1.1,2014-11-27,0034,Terra,MODIS,74,6.2,307.3,21.4,D,0
-17.5986,142.7534,344.5,1.3,1.1,2014-11-27,0034,Terra,MODIS,88,6.2,307.3,44.1,D,0
-16.7146,142.9216,335.5,1.4,1.2,2014-11-27,0034,Terra,MODIS,77,6.2,305,24.6,D,0
-23.3041,150.1444,323.5,1.6,1.3,2014-11-27,0035,Terra,MODIS,68,6.2,293.9,31.1,D,0
-22.9335,149.8006,325.2,1.5,1.2,2014-11-27,0035,Terra,MODIS,72,6.2,292.3,30.4,D,0
-26.508,147.3287,337.6,1.2,1.1,2014-11-27,0036,Terra,MODIS,79,6.2,317.7,23.1,D,0
-27.009,149.3899,338.7,1.6,1.2,2014-11-27,0036,Terra,MODIS,85,6.2,298.8,62.5,D,0
-27.0093,149.4008,341.6,1.6,1.3,2014-11-27,0036,Terra,MODIS,82,6.2,300.1,71.4,D,0
-29.3704,149.5912,331.6,1.8,1.3,2014-11-27,0037,Terra,MODIS,64,6.2,318.9,20,D,0
-28.8748,150.7249,333.1,2.1,1.4,2014-11-27,0037,Terra,MODIS,79,6.2,297.8,66,D,0
-28.8741,150.7183,340.5,2.1,1.4,2014-11-27,0037,Terra,MODIS,87,6.2,299.5,102.6,D,0
-29.3685,149.5728,346.8,1.8,1.3,2014-11-27,0037,Terra,MODIS,91,6.2,320.4,76.5,D,0
-30.3809,147.7135,340,1.4,1.2,2014-11-27,0037,Terra,MODIS,82,6.2,320.9,33.9,D,0
-28.8727,150.7032,338.4,2.1,1.4,2014-11-27,0037,Terra,MODIS,84,6.2,301,84.5,D,0
-30.3742,147.7079,335.7,1.4,1.2,2014-11-27,0037,Terra,MODIS,77,6.2,320.2,22.7,D,0
-30.3758,147.7226,331.8,1.4,1.2,2014-11-27,0037,Terra,MODIS,69,6.2,319.2,13.8,D,0
-37.9032,145.2329,312.6,1.3,1.1,2014-11-27,0039,Terra,MODIS,49,6.2,296.3,8,D,0
-36.3855,145.4243,319.3,1.3,1.1,2014-11-27,0039,Terra,MODIS,26,6.2,306.1,9.1,D,0
-37.945,145.0713,315,1.3,1.1,2014-11-27,0039,Terra,MODIS,64,6.2,297.7,8.4,D,0
-12.5835,132.5198,325.9,3.9,1.8,2014-11-27,0211,Terra,MODIS,61,6.2,296.5,97.3,D,0
-12.5899,132.4882,325.7,3.9,1.8,2014-11-27,0211,Terra,MODIS,57,6.2,291.6,94.5,D,0
-12.5797,132.4843,335.8,3.9,1.8,2014-11-27,0211,Terra,MODIS,65,6.2,295,185,D,0
-12.4294,132.1652,323.3,3.6,1.8,2014-11-27,0211,Terra,MODIS,56,6.2,292.8,82.7,D,0
-12.5733,132.4901,333.7,3.9,1.8,2014-11-27,0211,Terra,MODIS,64,6.2,296.3,161.7,D,0
-12.4831,132.4288,318.8,3.8,1.8,2014-11-27,0211,Terra,MODIS,21,6.2,294.4,47.6,D,0
-14.3001,127.2458,320.4,1.6,1.3,2014-11-27,0211,Terra,MODIS,17,6.2,298,20.2,D,0
-14.0692,127.2279,311.5,1.6,1.2,2014-11-27,0211,Terra,MODIS,27,6.2,291.4,13,D,0
-16.0813,131.0182,321.5,3.3,1.7,2014-11-27,0212,Terra,MODIS,40,6.2,294.3,40.6,D,0
-16.088,131.0808,328.3,3.4,1.7,2014-11-27,0212,Terra,MODIS,67,6.2,293.4,88,D,0
-15.3667,125.3064,320.1,1.3,1.1,2014-11-27,0212,Terra,MODIS,42,6.2,298.2,10.1,D,0
-16.1002,131.0477,344.2,3.4,1.7,2014-11-27,0212,Terra,MODIS,86,6.2,290.4,228.6,D,0
-15.3567,125.3079,320.9,1.3,1.1,2014-11-27,0212,Terra,MODIS,59,6.2,298.9,10.5,D,0
-16.0846,131.0494,346.9,3.4,1.7,2014-11-27,0212,Terra,MODIS,93,6.2,294.7,258.3,D,0
-15.3922,125.2684,324,1.2,1.1,2014-11-27,0212,Terra,MODIS,72,6.2,299.4,16.4,D,0
-16.0982,131.0728,344.5,3.4,1.7,2014-11-27,0212,Terra,MODIS,79,6.2,290,235.3,D,0
-16.0443,131.1174,328.9,3.4,1.7,2014-11-27,0212,Terra,MODIS,47,6.2,290.7,97.7,D,0
-16.0951,131.0414,350.3,3.4,1.7,2014-11-27,0212,Terra,MODIS,89,6.2,292.9,299.9,D,0
-15.3937,125.2798,325.7,1.2,1.1,2014-11-27,0212,Terra,MODIS,75,6.2,298.8,19.1,D,0
-16.1013,131.2079,324.6,3.4,1.7,2014-11-27,0212,Terra,MODIS,45,6.2,291.1,68.3,D,0
-16.1673,131.1293,321.9,3.4,1.7,2014-11-27,0212,Terra,MODIS,39,6.2,294.6,46.6,D,0
-16.1706,131.1612,331.8,3.4,1.7,2014-11-27,0212,Terra,MODIS,81,6.2,294.8,107.7,D,0
-16.1863,131.1595,325.3,3.4,1.7,2014-11-27,0212,Terra,MODIS,24,6.2,294.6,52.3,D,0
-16.1897,131.1914,333.7,3.4,1.7,2014-11-27,0212,Terra,MODIS,83,6.2,295.2,112.5,D,0
-16.2178,131.1561,337,3.4,1.7,2014-11-27,0212,Terra,MODIS,86,6.2,295.3,142,D,0
-16.2212,131.1882,333.4,3.4,1.7,2014-11-27,0212,Terra,MODIS,82,6.2,295.7,105.5,D,0
-16.1964,131.153,326.5,3.4,1.7,2014-11-27,0212,Terra,MODIS,45,6.2,294.9,58.6,D,0
-16.1996,131.1851,343.2,3.4,1.7,2014-11-27,0212,Terra,MODIS,90,6.2,295.6,198.5,D,0
-16.2028,131.2173,328.1,3.5,1.8,2014-11-27,0212,Terra,MODIS,70,6.2,295.3,62.8,D,0
-16.2122,131.1513,335.5,3.4,1.7,2014-11-27,0212,Terra,MODIS,84,6.2,295.1,130.4,D,0
-16.2154,131.1834,342.2,3.4,1.7,2014-11-27,0212,Terra,MODIS,89,6.2,295.6,189.6,D,0
-17.5141,122.3655,319.7,1,1,2014-11-27,0212,Terra,MODIS,48,6.2,295,9.6,D,0
-17.3738,122.7946,332.3,1,1,2014-11-27,0212,Terra,MODIS,36,6.2,307.8,15,D,0
-18.7104,122.374,335.5,1,1,2014-11-27,0213,Terra,MODIS,55,6.2,310.9,20.1,D,0
-18.7091,122.3643,333.2,1,1,2014-11-27,0213,Terra,MODIS,40,6.2,307.4,16.1,D,0
-17.7472,122.58,329.7,1,1,2014-11-27,0213,Terra,MODIS,42,6.2,303.6,13.7,D,0
-19.5792,125.1618,327.5,1.4,1.2,2014-11-27,0213,Terra,MODIS,0,6.2,301.2,23.9,D,0
-20.8851,121.8271,332.5,1,1,2014-11-27,0213,Terra,MODIS,76,6.2,308.4,10.7,D,0
-23.0946,125.1628,334.3,1.5,1.2,2014-11-27,0214,Terra,MODIS,79,6.2,306.1,30,D,0
-23.0941,125.1694,344.4,1.5,1.2,2014-11-27,0214,Terra,MODIS,89,6.2,306.6,61.8,D,0
-22.0905,117.9878,333.7,1.2,1.1,2014-11-27,0214,Terra,MODIS,56,6.2,311.3,12.6,D,0
-22.0853,117.9722,354.9,1.2,1.1,2014-11-27,0214,Terra,MODIS,96,6.2,311.5,62.7,D,0
-22.0867,117.9654,341.6,1.2,1.1,2014-11-27,0214,Terra,MODIS,83,6.2,309.4,29.5,D,0
-22.0886,117.9766,349.7,1.2,1.1,2014-11-27,0214,Terra,MODIS,93,6.2,312,48.4,D,0
-23.083,125.1709,365.3,1.5,1.2,2014-11-27,0214,Terra,MODIS,100,6.2,306.2,157.9,D,0
-22.0871,117.9835,345.3,1.2,1.1,2014-11-27,0214,Terra,MODIS,89,6.2,312.3,36.4,D,0
-23.0812,125.1559,348.2,1.5,1.2,2014-11-27,0214,Terra,MODIS,92,6.2,305.4,75.9,D,0
-21.2354,118.9682,331.6,1.1,1,2014-11-27,0214,Terra,MODIS,70,6.2,306.7,14.7,D,0
-25.6006,121.9311,335.7,1.1,1,2014-11-27,0215,Terra,MODIS,83,6.2,312,17.4,D,0
-25.6021,121.9421,337.1,1.1,1,2014-11-27,0215,Terra,MODIS,84,6.2,312.2,20.1,D,0
-27.0238,149.3804,326.2,3,1.7,2014-11-27,0318,Aqua,MODIS,47,6.2,304.8,36.7,D,0
-27.107,153.0458,326.2,1.7,1.3,2014-11-27,0318,Aqua,MODIS,54,6.2,299,29.4,D,0
-27.103,153.0506,329.8,1.7,1.3,2014-11-27,0318,Aqua,MODIS,0,6.2,299.1,39.3,D,0
-22.6308,150.2469,321.6,2.3,1.5,2014-11-27,0319,Aqua,MODIS,55,6.2,296.8,34.3,D,0
-22.932,149.7954,322.1,2.5,1.5,2014-11-27,0319,Aqua,MODIS,58,6.2,292,58.1,D,0
-15.7901,145.127,317.7,4.6,2,2014-11-27,0321,Aqua,MODIS,16,6.2,293.8,72.3,D,0
-14.5279,144.6478,312.6,4.8,2,2014-11-27,0322,Aqua,MODIS,0,6.2,291.9,46.4,D,0
-14.5326,144.6012,319.2,4.8,2,2014-11-27,0322,Aqua,MODIS,67,6.2,291.8,101.4,D,0
-37.7416,143.6683,326.8,1.8,1.3,2014-11-27,0453,Aqua,MODIS,81,6.2,296.9,48.3,D,0
-40.8027,144.8582,315.3,1.8,1.3,2014-11-27,0453,Aqua,MODIS,63,6.2,293.9,30,D,0
-37.7494,143.655,318.9,1.8,1.3,2014-11-27,0453,Aqua,MODIS,73,6.2,299.3,28.2,D,0
-37.7453,143.6747,334.1,1.8,1.3,2014-11-27,0453,Aqua,MODIS,87,6.2,297.6,73,D,0
-36.8989,145.0582,321.2,2.3,1.5,2014-11-27,0454,Aqua,MODIS,71,6.2,304.1,34.9,D,0
-25.3003,132.0716,358.3,1,1,2014-11-27,0457,Aqua,MODIS,98,6.2,327.3,53.5,D,0
-25.3017,132.0613,347.9,1,1,2014-11-27,0457,Aqua,MODIS,90,6.2,327.7,28.7,D,0
-25.5754,121.8837,325.4,4.6,2,2014-11-27,0457,Aqua,MODIS,62,6.2,304.8,60.9,D,0
-25.5738,121.8876,326,4.6,2,2014-11-27,0457,Aqua,MODIS,43,6.2,304.8,61.5,D,0
-24.598,130.2675,362.8,1.2,1.1,2014-11-27,0457,Aqua,MODIS,100,6.2,315.1,98,D,0
-22.5117,126.0346,326.3,2.1,1.4,2014-11-27,0458,Aqua,MODIS,54,6.2,299.5,26.5,D,0
-16.7784,138.3181,330.3,2.3,1.5,2014-11-27,0459,Aqua,MODIS,75,6.2,298.1,50.2,D,0
-16.7773,138.3323,328.5,2.3,1.5,2014-11-27,0459,Aqua,MODIS,69,6.2,297.6,43.4,D,0
-16.7811,138.3111,323.2,2.3,1.5,2014-11-27,0459,Aqua,MODIS,23,6.2,298,22.6,D,0
-16.6155,137.905,328.8,2.1,1.4,2014-11-27,0459,Aqua,MODIS,71,6.2,302.2,33.2,D,0
-16.6191,137.8851,328,2.1,1.4,2014-11-27,0459,Aqua,MODIS,62,6.2,301.7,27.5,D,0
-16.6802,137.8356,326.4,2.1,1.4,2014-11-27,0459,Aqua,MODIS,58,6.2,295.1,33.8,D,0
-16.8191,136.6068,328.4,1.7,1.3,2014-11-27,0459,Aqua,MODIS,46,6.2,298.5,24.6,D,0
-16.8076,136.6049,327.7,1.7,1.3,2014-11-27,0459,Aqua,MODIS,40,6.2,297.9,22.3,D,0
-16.8234,136.6019,329.9,1.7,1.3,2014-11-27,0459,Aqua,MODIS,58,6.2,300.2,28.8,D,0
-16.7903,138.4762,334.3,2.3,1.5,2014-11-27,0459,Aqua,MODIS,76,6.2,298.4,65.6,D,0
-16.7943,138.4545,326.1,2.3,1.5,2014-11-27,0459,Aqua,MODIS,67,6.2,298.7,29.6,D,0
-15.3997,125.2819,319.1,1.9,1.4,2014-11-27,0500,Aqua,MODIS,34,6.2,295.1,23.7,D,0
-15.3611,125.2952,319.8,1.9,1.3,2014-11-27,0500,Aqua,MODIS,41,6.2,295.8,24,D,0
-13.58,135.4555,335.6,1.6,1.3,2014-11-27,0500,Aqua,MODIS,75,6.2,300.9,40.1,D,0
-13.5688,135.4537,339.6,1.6,1.3,2014-11-27,0500,Aqua,MODIS,83,6.2,303.6,52.7,D,0
-13.5777,135.4702,344,1.6,1.3,2014-11-27,0500,Aqua,MODIS,88,6.2,302.8,68,D,0
-13.5712,135.4388,349.3,1.6,1.2,2014-11-27,0500,Aqua,MODIS,87,6.2,303.7,89,D,0
-16.1948,131.1643,334.1,1,1,2014-11-27,0500,Aqua,MODIS,64,6.2,299.9,18,D,0
-16.1858,131.1667,329,1,1,2014-11-27,0500,Aqua,MODIS,54,6.2,298.3,15,D,0
-13.5753,135.4851,332,1.6,1.3,2014-11-27,0500,Aqua,MODIS,62,6.2,300.2,28.5,D,0
-16.6699,130.2749,359.9,1,1,2014-11-27,0500,Aqua,MODIS,99,6.2,304.5,73.8,D,0
-16.6713,130.2652,347.3,1,1,2014-11-27,0500,Aqua,MODIS,90,6.2,305.5,45.2,D,0
-16.3586,131.2439,328.1,1,1,2014-11-27,0500,Aqua,MODIS,12,6.2,295.5,15.6,D,0
-15.8955,132.0215,365.6,1,1,2014-11-27,0500,Aqua,MODIS,94,6.2,302,89.8,D,0
-13.7265,135.6167,331.1,1.6,1.3,2014-11-27,0500,Aqua,MODIS,54,6.2,306.2,22.2,D,0
-14.0057,136.6414,340.3,1.9,1.4,2014-11-27,0500,Aqua,MODIS,84,6.2,298.5,79,D,0
-13.7064,135.5975,345.2,1.6,1.3,2014-11-27,0500,Aqua,MODIS,88,6.2,306.3,63.2,D,0
-14.1672,135.742,331,1.7,1.3,2014-11-27,0500,Aqua,MODIS,71,6.2,304.6,25.4,D,0
-15.9045,132.0229,347.5,1,1,2014-11-27,0500,Aqua,MODIS,88,6.2,298.7,45,D,0
-13.7981,135.6051,340.9,1.6,1.3,2014-11-27,0500,Aqua,MODIS,79,6.2,306.9,48.8,D,0
-15.9031,132.0323,337.3,1,1,2014-11-27,0500,Aqua,MODIS,74,6.2,302.4,24.3,D,0
-13.7843,135.6182,334.2,1.6,1.3,2014-11-27,0500,Aqua,MODIS,49,6.2,307.8,26.6,D,0
-13.5617,135.7082,334.2,1.7,1.3,2014-11-27,0500,Aqua,MODIS,73,6.2,303.4,35.8,D,0
-15.8941,132.0309,333.4,1,1,2014-11-27,0500,Aqua,MODIS,69,6.2,303.5,17.1,D,0
-14.0027,136.6591,336.2,1.9,1.4,2014-11-27,0500,Aqua,MODIS,79,6.2,299.6,60.9,D,0
-14.1785,135.744,329.3,1.7,1.3,2014-11-27,0500,Aqua,MODIS,66,6.2,303.2,22.2,D,0
-14.181,135.7288,333.4,1.6,1.3,2014-11-27,0500,Aqua,MODIS,75,6.2,303.8,32.1,D,0
-15.3588,125.314,316.8,1.9,1.3,2014-11-27,0500,Aqua,MODIS,25,6.2,292.6,18.4,D,0
-16.3107,127.1428,325.5,1.5,1.2,2014-11-27,0500,Aqua,MODIS,72,6.2,302.8,17.1,D,0
-12.5115,132.1913,328.4,1.1,1,2014-11-27,0501,Aqua,MODIS,21,6.2,301.9,14.2,D,0
-12.0583,133.688,342,1.3,1.1,2014-11-27,0501,Aqua,MODIS,87,6.2,303.3,40.8,D,0
-12.5911,132.5031,350,1.1,1.1,2014-11-27,0501,Aqua,MODIS,90,6.2,306.4,49,D,0
-12.5704,132.4725,343.8,1.1,1,2014-11-27,0501,Aqua,MODIS,86,6.2,305.4,38.1,D,0
-12.5719,132.4623,356.5,1.1,1,2014-11-27,0501,Aqua,MODIS,85,6.2,305.3,70,D,0
-12.5768,132.4942,350.7,1.1,1.1,2014-11-27,0501,Aqua,MODIS,67,6.2,309.7,54.9,D,0
-12.4665,132.4916,336.4,1.1,1.1,2014-11-27,0501,Aqua,MODIS,52,6.2,312.5,22.8,D,0
-11.5574,132.629,335.5,1.2,1.1,2014-11-27,0501,Aqua,MODIS,59,6.2,303.5,27.8,D,0
-11.6038,132.6472,328.9,1.2,1.1,2014-11-27,0501,Aqua,MODIS,30,6.2,300.7,17.6,D,0
-11.5718,132.6636,331.5,1.2,1.1,2014-11-27,0501,Aqua,MODIS,47,6.2,301.9,18.7,D,0
-11.5952,133.049,334,1.2,1.1,2014-11-27,0501,Aqua,MODIS,86,6.2,304.1,22.1,D,0
-11.5589,132.6832,342.4,1.2,1.1,2014-11-27,0501,Aqua,MODIS,91,6.2,298.8,38.4,D,0
-29.8512,115.3195,331.9,1.6,1.3,2014-11-27,0635,Aqua,MODIS,63,6.2,307.7,28.1,D,0
-29.8496,115.326,331.5,1.6,1.3,2014-11-27,0635,Aqua,MODIS,58,6.2,308.1,26.8,D,0
-29.8527,115.3097,329.6,1.6,1.3,2014-11-27,0635,Aqua,MODIS,46,6.2,306.2,21.1,D,0
-29.3692,149.5656,305.1,1.1,1,2014-11-27,1242,Terra,MODIS,63,6.2,294,5.5,N,0
-29.3677,149.5768,314.3,1.1,1,2014-11-27,1242,Terra,MODIS,89,6.2,294.4,12.8,N,0
-29.9477,151.011,326.1,1,1,2014-11-27,1242,Terra,MODIS,100,6.2,290.8,24.1,N,0
-29.9462,151.0215,352.1,1,1,2014-11-27,1242,Terra,MODIS,100,6.2,292.7,67.9,N,0
-29.9372,151.0197,301.2,1,1,2014-11-27,1242,Terra,MODIS,8,6.2,289.8,4,N,0
-30.2869,150.3316,301.3,1,1,2014-11-27,1242,Terra,MODIS,39,6.2,288,5.7,N,0
-30.2855,150.3424,300.3,1,1,2014-11-27,1242,Terra,MODIS,25,6.2,288.3,5,N,0
-29.9448,151.0319,303.2,1,1,2014-11-27,1242,Terra,MODIS,54,6.2,289.3,5.6,N,0
-29.9553,151.0232,322.1,1,1,2014-11-27,1242,Terra,MODIS,100,6.2,290.8,20.3,N,0
-27.0094,149.3958,301.8,1,1,2014-11-27,1243,Terra,MODIS,32,6.2,289.6,3.6,N,0
-28.8998,148.4293,312.6,1.2,1.1,2014-11-27,1243,Terra,MODIS,85,6.2,285.2,15.6,N,0
-28.8984,148.4414,330.8,1.2,1.1,2014-11-27,1243,Terra,MODIS,100,6.2,287.7,39.5,N,0
-28.8886,148.4399,325.6,1.2,1.1,2014-11-27,1243,Terra,MODIS,100,6.2,285.9,32.1,N,0
-28.8871,148.452,303.3,1.2,1.1,2014-11-27,1243,Terra,MODIS,54,6.2,285.5,8.2,N,0
-28.8901,148.4277,300.9,1.2,1.1,2014-11-27,1243,Terra,MODIS,35,6.2,282.3,6.5,N,0
-28.8498,150.7146,315.7,1,1,2014-11-27,1243,Terra,MODIS,83,6.2,280,13.2,N,0
-28.8526,150.694,318.3,1,1,2014-11-27,1243,Terra,MODIS,97,6.2,278.9,15.5,N,0
-28.8317,150.7113,316.1,1,1,2014-11-27,1243,Terra,MODIS,82,6.2,284.7,14.1,N,0
-28.886,150.7212,316.5,1,1,2014-11-27,1243,Terra,MODIS,67,6.2,286.9,13.9,N,0
-28.8755,150.7299,323.4,1,1,2014-11-27,1243,Terra,MODIS,100,6.2,286.7,20.7,N,0
-28.8769,150.7196,308.9,1,1,2014-11-27,1243,Terra,MODIS,7,6.2,286.7,7.7,N,0
-28.8693,150.7076,320.2,1,1,2014-11-27,1243,Terra,MODIS,45,6.2,286.2,15.6,N,0
-28.8588,150.7163,320.8,1,1,2014-11-27,1243,Terra,MODIS,80,6.2,282.7,16.8,N,0
-28.8602,150.706,349.1,1,1,2014-11-27,1243,Terra,MODIS,100,6.2,285.8,59.2,N,0
-28.8617,150.6956,316.4,1,1,2014-11-27,1243,Terra,MODIS,49,6.2,281,12.6,N,0
-28.8512,150.7043,344.5,1,1,2014-11-27,1243,Terra,MODIS,100,6.2,281.2,50.9,N,0
-28.8244,150.7041,312.5,1,1,2014-11-27,1243,Terra,MODIS,85,6.2,283.6,12.3,N,0
-23.3046,150.1611,302.5,1,1,2014-11-27,1244,Terra,MODIS,39,6.2,292.1,3.6,N,0
-23.306,150.1514,314.3,1,1,2014-11-27,1244,Terra,MODIS,89,6.2,292.4,11.8,N,0
-22.3313,149.5745,305.2,1,1,2014-11-27,1244,Terra,MODIS,63,6.2,293.2,5.2,N,0
-22.2165,149.4103,308.4,1,1,2014-11-27,1244,Terra,MODIS,74,6.2,292.6,7.8,N,0
-22.1769,149.4969,307.2,1,1,2014-11-27,1244,Terra,MODIS,71,6.2,292.6,6.4,N,0
-22.1756,149.5065,303.4,1,1,2014-11-27,1244,Terra,MODIS,51,6.2,293.2,4,N,0
-22.1859,149.4984,328.3,1,1,2014-11-27,1244,Terra,MODIS,100,6.2,293.9,25.5,N,0
-22.1846,149.508,308.8,1,1,2014-11-27,1244,Terra,MODIS,75,6.2,293.2,7.2,N,0
-24.8943,148.2678,304,1.1,1,2014-11-27,1244,Terra,MODIS,39,6.2,292.9,4.5,N,0
-22.6291,150.2552,302.4,1,1,2014-11-27,1244,Terra,MODIS,41,6.2,292.1,3.5,N,0
-22.6367,150.2665,305.6,1,1,2014-11-27,1244,Terra,MODIS,50,6.2,293.1,5.4,N,0
-22.2178,149.4007,303.1,1,1,2014-11-27,1244,Terra,MODIS,53,6.2,292.1,4.4,N,0
-23.5331,150.8026,304.5,1,1,2014-11-27,1244,Terra,MODIS,60,6.2,292.3,4.6,N,0
-24.3648,149.6195,303,1,1,2014-11-27,1244,Terra,MODIS,52,6.2,291.6,3.8,N,0
-24.8864,148.255,305.9,1.1,1,2014-11-27,1244,Terra,MODIS,58,6.2,292.3,6,N,0
-22.9427,149.7993,302.9,1,1,2014-11-27,1244,Terra,MODIS,52,6.2,292.4,3.7,N,0
-24.0212,149.1098,303.2,1,1,2014-11-27,1244,Terra,MODIS,54,6.2,293.1,4.3,N,0
-23.9868,149.0979,303,1,1,2014-11-27,1244,Terra,MODIS,53,6.2,292.7,4.3,N,0
-23.9909,149.0677,308.8,1,1,2014-11-27,1244,Terra,MODIS,76,6.2,293.1,8,N,0
-23.9923,149.0577,310.5,1,1,2014-11-27,1244,Terra,MODIS,80,6.2,293.2,9.2,N,0
-19.3442,147.0402,312.8,1.1,1,2014-11-27,1245,Terra,MODIS,86,6.2,293.9,12.1,N,0
-19.3348,147.0388,333.7,1.1,1,2014-11-27,1245,Terra,MODIS,100,6.2,293.2,37.4,N,0
-19.3361,147.0283,315.7,1.1,1,2014-11-27,1245,Terra,MODIS,92,6.2,293.7,14.4,N,0
-21.0273,148.7147,302,1,1,2014-11-27,1245,Terra,MODIS,46,6.2,290.9,5,N,0
-21.2905,145.0502,314.3,1.5,1.2,2014-11-27,1245,Terra,MODIS,89,6.2,295.2,19.6,N,0
-15.3228,145.0742,311.1,1.2,1.1,2014-11-27,1246,Terra,MODIS,80,6.2,294.2,11.4,N,0
-15.3129,145.0726,309.7,1.2,1.1,2014-11-27,1246,Terra,MODIS,75,6.2,293.8,10,N,0
-14.8688,144.644,305.8,1.3,1.1,2014-11-27,1246,Terra,MODIS,38,6.2,294,6.4,N,0
-15.7733,145.1329,323.3,1.3,1.1,2014-11-27,1246,Terra,MODIS,100,6.2,294.2,26.7,N,0
-15.7334,145.1264,306.6,1.3,1.1,2014-11-27,1246,Terra,MODIS,25,6.2,293.6,7.6,N,0
-14.977,144.37,305.1,1.4,1.2,2014-11-27,1246,Terra,MODIS,61,6.2,293.7,6.6,N,0
-14.9754,144.3826,306.2,1.4,1.2,2014-11-27,1246,Terra,MODIS,66,6.2,293.7,7.9,N,0
-14.8992,145.0431,305.9,1.2,1.1,2014-11-27,1246,Terra,MODIS,62,6.2,294.8,6.4,N,0
-15.1175,145.0095,305.2,1.3,1.1,2014-11-27,1246,Terra,MODIS,57,6.2,293.8,6.6,N,0
-17.4387,143.3998,309.5,1.7,1.3,2014-11-27,1246,Terra,MODIS,77,6.2,295.7,9.8,N,0
-14.9008,145.0317,306.4,1.2,1.1,2014-11-27,1246,Terra,MODIS,64,6.2,294.7,6.9,N,0
-17.4056,143.4055,309.3,1.7,1.3,2014-11-27,1246,Terra,MODIS,58,6.2,295.2,8.7,N,0
-17.4021,143.4114,311.6,1.7,1.3,2014-11-27,1246,Terra,MODIS,83,6.2,295.5,12.5,N,0
-15.7818,145.1457,315.5,1.3,1.1,2014-11-27,1246,Terra,MODIS,91,6.2,293.6,16.8,N,0
-15.8018,145.1485,303.9,1.3,1.1,2014-11-27,1246,Terra,MODIS,51,6.2,293.2,6.6,N,0
-15.8325,145.1469,306.7,1.3,1.1,2014-11-27,1246,Terra,MODIS,66,6.2,293.2,8.5,N,0
-17.5587,143.2549,310.3,1.8,1.3,2014-11-27,1246,Terra,MODIS,80,6.2,295.7,11.7,N,0
-15.7633,145.1314,310.3,1.3,1.1,2014-11-27,1246,Terra,MODIS,57,6.2,293.7,10.6,N,0
-15.831,145.1584,307.1,1.3,1.1,2014-11-27,1246,Terra,MODIS,67,6.2,293.2,9,N,0
-15.8425,145.148,316.2,1.3,1.1,2014-11-27,1246,Terra,MODIS,92,6.2,294,17.8,N,0
-15.7648,145.1196,308.3,1.3,1.1,2014-11-27,1246,Terra,MODIS,30,6.2,293.3,8.5,N,0
-15.7748,145.1211,312.5,1.3,1.1,2014-11-27,1246,Terra,MODIS,48,6.2,294.2,12.7,N,0
-17.5431,143.2866,313.5,1.8,1.3,2014-11-27,1246,Terra,MODIS,40,6.2,296.2,14.6,N,0
-15.6942,145.1145,305.3,1.3,1.1,2014-11-27,1246,Terra,MODIS,58,6.2,294.2,7.1,N,0
-15.7664,145.1077,315,1.3,1.1,2014-11-27,1246,Terra,MODIS,89,6.2,293.7,16,N,0
-17.5159,143.3167,309.8,1.7,1.3,2014-11-27,1246,Terra,MODIS,27,6.2,296,9.6,N,0
-17.545,143.27,310.8,1.8,1.3,2014-11-27,1246,Terra,MODIS,22,6.2,295.8,10.4,N,0
-12.9311,142.4918,303.8,1.7,1.3,2014-11-27,1247,Terra,MODIS,53,6.2,292.2,8,N,0
-14.5246,144.6351,306.1,1.3,1.1,2014-11-27,1247,Terra,MODIS,65,6.2,293.6,7.9,N,0
-14.5159,144.6222,333.3,1.3,1.1,2014-11-27,1247,Terra,MODIS,100,6.2,293.9,45.7,N,0
-14.5145,144.6331,315.2,1.3,1.1,2014-11-27,1247,Terra,MODIS,90,6.2,294.4,16.7,N,0
-14.4463,144.5303,305.5,1.3,1.1,2014-11-27,1247,Terra,MODIS,64,6.2,294.1,6.5,N,0
-14.8096,144.7151,310.1,1.3,1.1,2014-11-27,1247,Terra,MODIS,59,6.2,294.3,10.2,N,0
-14.7979,144.7257,310.5,1.3,1.1,2014-11-27,1247,Terra,MODIS,78,6.2,294.5,10.8,N,0
-14.8259,144.6689,305.9,1.3,1.1,2014-11-27,1247,Terra,MODIS,32,6.2,294.1,6.6,N,0
-29.5869,124.7077,304.5,1.1,1,2014-11-27,1421,Terra,MODIS,60,6.2,291.5,6.7,N,0
-29.5883,124.6964,307.3,1.1,1,2014-11-27,1421,Terra,MODIS,71,6.2,291.4,8.7,N,0
-22.0688,118.1367,326.7,2.2,1.4,2014-11-27,1423,Terra,MODIS,100,6.2,292.5,74.6,N,0
-22.0706,118.1303,313.4,2.2,1.4,2014-11-27,1423,Terra,MODIS,87,6.2,292.2,33.4,N,0
-22.0683,118.1515,333.5,2.2,1.4,2014-11-27,1423,Terra,MODIS,100,6.2,293.3,100.1,N,0
-22.0667,118.1579,328,2.2,1.4,2014-11-27,1423,Terra,MODIS,100,6.2,292.9,78,N,0
-22.4858,122.6608,307.5,1.1,1.1,2014-11-27,1423,Terra,MODIS,71,6.2,295.6,7.8,N,0
-22.0145,116.4989,306,2.9,1.6,2014-11-27,1424,Terra,MODIS,66,6.2,294.2,21.6,N,0
-22.055,116.6992,304,2.8,1.6,2014-11-27,1424,Terra,MODIS,58,6.2,293.4,17.7,N,0
-20.938,120.4726,326.3,1.4,1.2,2014-11-27,1424,Terra,MODIS,100,6.2,299.4,35.7,N,0
-20.9165,120.4697,332.3,1.4,1.2,2014-11-27,1424,Terra,MODIS,100,6.2,297.5,49.9,N,0
-20.9396,120.4588,310.9,1.4,1.2,2014-11-27,1424,Terra,MODIS,77,6.2,297.7,10.9,N,0
-20.9982,120.4587,316.6,1.4,1.2,2014-11-27,1424,Terra,MODIS,92,6.2,297.9,18.6,N,0
-20.9289,120.4574,328.2,1.4,1.2,2014-11-27,1424,Terra,MODIS,100,6.2,298.2,40,N,0
-20.9182,120.4558,311.7,1.4,1.2,2014-11-27,1424,Terra,MODIS,79,6.2,296.8,13.3,N,0
-20.9487,120.4741,313,1.4,1.2,2014-11-27,1424,Terra,MODIS,83,6.2,298.4,13.5,N,0
-20.9273,120.4711,377.1,1.4,1.2,2014-11-27,1424,Terra,MODIS,100,6.2,302.3,238,N,0
-21.2522,119.0068,315.7,1.8,1.3,2014-11-27,1424,Terra,MODIS,91,6.2,296,25,N,0
-21.2541,118.989,312.9,1.8,1.3,2014-11-27,1424,Terra,MODIS,84,6.2,295.2,19.4,N,0
-21.2383,119.0236,311.4,1.8,1.3,2014-11-27,1424,Terra,MODIS,80,6.2,295.5,16.7,N,0
-21.2402,119.0056,327.6,1.8,1.3,2014-11-27,1424,Terra,MODIS,100,6.2,296.8,53.9,N,0
-21.2421,118.9881,318.9,1.8,1.3,2014-11-27,1424,Terra,MODIS,97,6.2,295.4,31.5,N,0
-21.245,119.018,317.8,1.8,1.3,2014-11-27,1424,Terra,MODIS,95,6.2,296.4,29.2,N,0
-21.2471,119,327.7,1.8,1.3,2014-11-27,1424,Terra,MODIS,100,6.2,296.8,54,N,0
-21.2491,118.9824,311.5,1.8,1.3,2014-11-27,1424,Terra,MODIS,79,6.2,294.9,16.2,N,0
-21.233,119.0168,310.1,1.8,1.3,2014-11-27,1424,Terra,MODIS,75,6.2,295.1,14,N,0
-21.235,118.9989,314.3,1.8,1.3,2014-11-27,1424,Terra,MODIS,87,6.2,295.3,21.8,N,0
-15.5618,124.4499,320.7,1,1,2014-11-27,1425,Terra,MODIS,100,6.2,294.1,15.4,N,0
-15.5813,124.4433,342.3,1,1,2014-11-27,1425,Terra,MODIS,100,6.2,295.7,46.6,N,0
-15.5631,124.4404,325.3,1,1,2014-11-27,1425,Terra,MODIS,100,6.2,295.1,20,N,0
-15.5541,124.4389,324.1,1,1,2014-11-27,1425,Terra,MODIS,100,6.2,294.8,19.2,N,0
-15.5555,124.4295,326.1,1,1,2014-11-27,1425,Terra,MODIS,100,6.2,295.7,20.5,N,3
-16.3716,124.0694,310.3,1,1,2014-11-27,1425,Terra,MODIS,80,6.2,294.4,6.9,N,0
-15.5478,124.4186,321.1,1,1,2014-11-27,1425,Terra,MODIS,100,6.2,295.2,14.9,N,3
-15.5464,124.428,323.3,1,1,2014-11-27,1425,Terra,MODIS,100,6.2,295.4,19.2,N,0
-15.5887,124.4507,318.9,1,1,2014-11-27,1425,Terra,MODIS,97,6.2,293,14,N,0
-15.5901,124.4412,316.8,1,1,2014-11-27,1425,Terra,MODIS,92,6.2,292.9,12.4,N,0
-16.3639,124.0586,317.4,1,1,2014-11-27,1425,Terra,MODIS,95,6.2,294.3,12.9,N,0
-15.5827,124.4339,325.8,1,1,2014-11-27,1425,Terra,MODIS,100,6.2,293.8,21.8,N,0
-15.5708,124.4513,341.3,1,1,2014-11-27,1425,Terra,MODIS,100,6.2,295.1,44.6,N,0
-15.5722,124.4419,326.2,1,1,2014-11-27,1425,Terra,MODIS,100,6.2,295,22,N,0
-16.3626,124.068,307.5,1,1,2014-11-27,1425,Terra,MODIS,72,6.2,294.2,5.2,N,0
-15.7752,145.151,325.7,1.1,1,2014-11-27,1551,Aqua,MODIS,100,6.2,294,23.8,N,0
-15.725,145.1285,307,1.1,1,2014-11-27,1551,Aqua,MODIS,70,6.2,292.3,7.3,N,0
-15.84,145.1557,305.3,1.1,1,2014-11-27,1551,Aqua,MODIS,25,6.2,292.8,5.7,N,0
-15.8386,145.1458,305.5,1.1,1,2014-11-27,1551,Aqua,MODIS,30,6.2,293,5.8,N,0
-14.5255,144.6379,305.9,1,1,2014-11-27,1551,Aqua,MODIS,66,6.2,293.2,5.7,N,0
-14.5152,144.6299,313.4,1,1,2014-11-27,1551,Aqua,MODIS,87,6.2,293.2,10.5,N,0
-15.8308,145.157,306,1.1,1,2014-11-27,1551,Aqua,MODIS,12,6.2,292.6,5.8,N,0
-13.55,143.5154,304.4,1,1,2014-11-27,1551,Aqua,MODIS,60,6.2,293.8,4.4,N,0
-14.4463,144.536,306,1,1,2014-11-27,1551,Aqua,MODIS,66,6.2,294.8,5.5,N,0
-15.3143,145.0716,304.1,1,1,2014-11-27,1551,Aqua,MODIS,59,6.2,293.7,5.2,N,0
-14.7961,144.7318,308.4,1,1,2014-11-27,1551,Aqua,MODIS,6,6.2,294,6.2,N,0
-14.8248,144.6737,305.2,1,1,2014-11-27,1551,Aqua,MODIS,30,6.2,293.6,4.8,N,0
-14.8038,144.7211,310,1,1,2014-11-27,1551,Aqua,MODIS,52,6.2,293.7,7.5,N,0
-15.0755,145.0799,307.1,1,1,2014-11-27,1551,Aqua,MODIS,70,6.2,294.2,7.2,N,0
-19.3387,147.0492,303.1,1.4,1.2,2014-11-27,1552,Aqua,MODIS,51,6.2,292.5,9.8,N,0
-17.4026,143.4155,306.5,1,1,2014-11-27,1552,Aqua,MODIS,52,6.2,291,5,N,0
-17.3758,143.4254,306.8,1,1,2014-11-27,1552,Aqua,MODIS,11,6.2,293.3,4.6,N,0
-17.3357,143.4029,310.4,1,1,2014-11-27,1552,Aqua,MODIS,34,6.2,292.6,7,N,0
-19.3369,147.0355,307.9,1.4,1.2,2014-11-27,1552,Aqua,MODIS,73,6.2,292.8,14.2,N,0
-17.5478,143.2807,301.8,1,1,2014-11-27,1552,Aqua,MODIS,11,6.2,288.4,4.4,N,0
-21.2884,145.0582,307.1,1.2,1.1,2014-11-27,1553,Aqua,MODIS,70,6.2,293.1,8.1,N,0
-16.3708,124.075,304.8,1.7,1.3,2014-11-27,1730,Aqua,MODIS,62,6.2,293.4,9,N,0
-16.3689,124.0594,317.7,1.7,1.3,2014-11-27,1730,Aqua,MODIS,96,6.2,293.5,30.3,N,0
-15.5841,124.4491,324.6,1.8,1.3,2014-11-27,1730,Aqua,MODIS,100,6.2,292,48.7,N,0
-15.5821,124.4328,340.7,1.8,1.3,2014-11-27,1730,Aqua,MODIS,100,6.2,292.7,99.7,N,0
-15.5723,124.4506,322.2,1.8,1.3,2014-11-27,1730,Aqua,MODIS,100,6.2,291.7,40.4,N,0
-15.5604,124.4521,312.7,1.8,1.3,2014-11-27,1730,Aqua,MODIS,51,6.2,290.5,20.4,N,0
-15.5486,124.4537,305.4,1.8,1.3,2014-11-27,1730,Aqua,MODIS,64,6.2,289.9,10.6,N,0
-15.5466,124.4373,307.2,1.8,1.3,2014-11-27,1730,Aqua,MODIS,71,6.2,290.7,13.3,N,0
-20.9562,120.479,315.9,1.2,1.1,2014-11-27,1731,Aqua,MODIS,92,6.2,295.7,13.5,N,0
-20.9577,120.4903,310.6,1.2,1.1,2014-11-27,1731,Aqua,MODIS,80,6.2,295.8,8.5,N,0
-20.8758,121.8334,306.2,1.4,1.2,2014-11-27,1731,Aqua,MODIS,20,6.2,296.1,7.5,N,0
-20.8775,121.8469,310.7,1.4,1.2,2014-11-27,1731,Aqua,MODIS,73,6.2,296.7,12.3,N,0
-20.8864,121.832,309.3,1.4,1.2,2014-11-27,1731,Aqua,MODIS,68,6.2,296.4,11,N,0
-20.8881,121.8455,327.8,1.4,1.2,2014-11-27,1731,Aqua,MODIS,100,6.2,297.2,39.3,N,0
-20.8825,121.8405,330,1.4,1.2,2014-11-27,1731,Aqua,MODIS,100,6.2,297.7,43.7,N,0
-20.8841,121.854,309.1,1.4,1.2,2014-11-27,1731,Aqua,MODIS,68,6.2,296.7,10.4,N,0
-20.9839,120.4633,308.8,1.2,1.1,2014-11-27,1731,Aqua,MODIS,24,6.2,295.5,6.4,N,0
-20.9464,120.4804,307.6,1.2,1.1,2014-11-27,1731,Aqua,MODIS,72,6.2,295.5,6.4,N,0
-22.059,118.1519,315,1,1,2014-11-27,1732,Aqua,MODIS,90,6.2,293.9,12.3,N,0
-22.0576,118.1422,306.1,1,1,2014-11-27,1732,Aqua,MODIS,67,6.2,293.6,5.7,N,0
-22.0694,118.1602,320.1,1,1,2014-11-27,1732,Aqua,MODIS,100,6.2,293.6,16.8,N,0
-22.0476,116.703,321.4,1,1,2014-11-27,1732,Aqua,MODIS,100,6.2,295,18.4,N,0
-22.0461,116.6932,327.8,1,1,2014-11-27,1732,Aqua,MODIS,100,6.2,294.7,25.4,N,0
-22.0666,118.1407,311.1,1,1,2014-11-27,1732,Aqua,MODIS,82,6.2,293.4,9,N,0
-22.068,118.1504,332.7,1,1,2014-11-27,1732,Aqua,MODIS,100,6.2,294.4,31.6,N,0
-24.496,117.9095,317.6,1,1,2014-11-27,1732,Aqua,MODIS,95,6.2,292.7,15.7,N,0
-24.4881,117.9072,327.6,1,1,2014-11-27,1732,Aqua,MODIS,100,6.2,292.8,26.5,N,0
-24.4867,117.8971,302.3,1,1,2014-11-27,1732,Aqua,MODIS,48,6.2,292.3,4.5,N,0
-24.4946,117.8994,315.6,1,1,2014-11-27,1732,Aqua,MODIS,91,6.2,292.5,13.9,N,0
-29.9515,151.0242,328.7,1.8,1.3,2014-11-27,2342,Terra,MODIS,64,6.2,301.2,42.7,D,0
-12.1774,141.9338,324.9,1.7,1.3,2014-11-28,0115,Terra,MODIS,33,6.2,302.6,23.9,D,0
-12.4904,136.2437,334.8,1,1,2014-11-28,0115,Terra,MODIS,72,6.2,307.3,20.2,D,0
-12.4814,136.245,331.6,1,1,2014-11-28,0115,Terra,MODIS,17,6.2,307.2,15.7,D,0
-12.1772,136.3663,327.8,1,1,2014-11-28,0115,Terra,MODIS,42,6.2,304.2,13,D,0
-12.1881,136.6883,317,1,1,2014-11-28,0115,Terra,MODIS,67,6.2,300.1,8.9,D,3
-12.2801,132.9736,330,1.4,1.2,2014-11-28,0116,Terra,MODIS,30,6.2,302.6,28.5,D,0
-14.1429,135.6539,338,1,1,2014-11-28,0116,Terra,MODIS,83,6.2,281.8,37.1,D,0
-13.9905,136.611,343.2,1,1,2014-11-28,0116,Terra,MODIS,90,6.2,300.8,35.3,D,0
-13.9932,136.6294,327.3,1,1,2014-11-28,0116,Terra,MODIS,51,6.2,300.5,10.6,D,0
-13.9919,136.6202,333.4,1,1,2014-11-28,0116,Terra,MODIS,72,6.2,300.9,18.4,D,0
-14.1415,135.6446,316.5,1,1,2014-11-28,0116,Terra,MODIS,27,6.2,280.3,10.3,D,0
-14.308,144.5533,318.3,3,1.6,2014-11-28,0116,Terra,MODIS,23,6.2,290.8,49.6,D,0
-17.2103,143.3947,330,2.6,1.6,2014-11-28,0116,Terra,MODIS,45,6.2,306.1,34.9,D,0
-14.7262,135.3077,310.1,1,1,2014-11-28,0116,Terra,MODIS,0,6.2,280.8,8,D,0
-17.1865,143.3907,331.5,2.6,1.6,2014-11-28,0116,Terra,MODIS,64,6.2,305.9,44,D,0
-13.9171,141.6192,331,1.7,1.3,2014-11-28,0116,Terra,MODIS,18,6.2,306.2,29.6,D,0
-13.9035,141.6048,331.1,1.7,1.3,2014-11-28,0116,Terra,MODIS,34,6.2,306,31.7,D,0
-13.9054,141.6207,330.9,1.7,1.3,2014-11-28,0116,Terra,MODIS,58,6.2,306.2,32,D,0
-16.9523,143.2159,333,2.5,1.5,2014-11-28,0116,Terra,MODIS,72,6.2,304.4,50.3,D,0
-16.9246,143.2192,344.6,2.5,1.5,2014-11-28,0116,Terra,MODIS,90,6.2,305.6,120.9,D,0
-16.9108,143.2208,337.7,2.5,1.5,2014-11-28,0116,Terra,MODIS,84,6.2,304.6,76.6,D,0
-16.8807,143.2003,330.4,2.5,1.5,2014-11-28,0116,Terra,MODIS,53,6.2,305.6,36.7,D,0
-16.9186,143.2255,348.2,2.5,1.5,2014-11-28,0116,Terra,MODIS,93,6.2,305,150.3,D,0
-16.9047,143.2271,332.8,2.5,1.5,2014-11-28,0116,Terra,MODIS,77,6.2,304.3,51.6,D,0
-14.4408,144.5383,324.6,3,1.6,2014-11-28,0116,Terra,MODIS,44,6.2,291.2,72.4,D,0
-14.3077,144.559,321.4,3,1.6,2014-11-28,0116,Terra,MODIS,42,6.2,291.4,66.4,D,0
-14.2929,144.5608,325.3,3,1.6,2014-11-28,0116,Terra,MODIS,40,6.2,290.7,84.1,D,0
-15.7392,134.7001,346.9,1,1,2014-11-28,0116,Terra,MODIS,92,6.2,290.4,49.3,D,0
-12.4787,132.4343,327.5,1.5,1.2,2014-11-28,0116,Terra,MODIS,0,6.2,298.3,21.2,D,0
-15.73,134.7016,325.5,1,1,2014-11-28,0116,Terra,MODIS,39,6.2,286.9,13.7,D,0
-15.7407,134.7098,322.8,1,1,2014-11-28,0116,Terra,MODIS,42,6.2,285.7,11.9,D,0
-16.6076,137.8934,330.9,1.1,1.1,2014-11-28,0117,Terra,MODIS,48,6.2,301.4,17.1,D,0
-16.6142,137.8713,334,1.1,1,2014-11-28,0117,Terra,MODIS,28,6.2,302,22.8,D,0
-16.6171,137.892,333.1,1.1,1.1,2014-11-28,0117,Terra,MODIS,71,6.2,302.4,20.3,D,0
-16.7839,134.7197,326.9,1,1,2014-11-28,0117,Terra,MODIS,26,6.2,300.1,9.6,D,0
-16.8026,134.7886,329.9,1,1,2014-11-28,0117,Terra,MODIS,37,6.2,300.9,12,D,0
-16.8041,134.3724,330.5,1.1,1,2014-11-28,0117,Terra,MODIS,65,6.2,300.1,18.2,D,0
-17.3606,142.81,333.6,2.4,1.5,2014-11-28,0117,Terra,MODIS,78,6.2,305.9,38,D,0
-16.6135,136.8058,327.7,1,1,2014-11-28,0117,Terra,MODIS,22,6.2,303.9,14.6,D,0
-16.5758,136.6078,330,1,1,2014-11-28,0117,Terra,MODIS,58,6.2,304.8,17.9,D,0
-17.068,135.4452,334,1,1,2014-11-28,0117,Terra,MODIS,76,6.2,308.9,15.5,D,0
-17.0693,135.4546,333.2,1,1,2014-11-28,0117,Terra,MODIS,75,6.2,308.1,14.3,D,0
-17.0707,135.4639,332.7,1,1,2014-11-28,0117,Terra,MODIS,74,6.2,307.7,13.8,D,0
-17.0721,135.4733,330.8,1,1,2014-11-28,0117,Terra,MODIS,70,6.2,306.3,11.5,D,0
-16.6444,135.3838,331.6,1,1,2014-11-28,0117,Terra,MODIS,59,6.2,304.9,12.9,D,0
-16.6534,135.3824,338.9,1,1,2014-11-28,0117,Terra,MODIS,84,6.2,302.8,24.4,D,0
-17.323,143.4203,333.6,2.7,1.6,2014-11-28,0117,Terra,MODIS,79,6.2,304.8,62.2,D,0
-17.3513,143.417,331.6,2.7,1.6,2014-11-28,0117,Terra,MODIS,60,6.2,306.7,48.4,D,0
-16.8068,138.4012,333.6,1.2,1.1,2014-11-28,0117,Terra,MODIS,76,6.2,304.3,19.3,D,0
-19.0642,142.1407,325.7,2.3,1.5,2014-11-28,0117,Terra,MODIS,36,6.2,298.5,22.6,D,0
-19.0618,142.1195,343.5,2.2,1.5,2014-11-28,0117,Terra,MODIS,89,6.2,298.5,108.9,D,0
-19.0511,142.1423,328.9,2.3,1.5,2014-11-28,0117,Terra,MODIS,67,6.2,297.9,32.4,D,0
-19.035,142.1373,326,2.3,1.5,2014-11-28,0117,Terra,MODIS,52,6.2,297.9,19.8,D,0
-19.0487,142.121,336.6,2.2,1.5,2014-11-28,0117,Terra,MODIS,82,6.2,298.8,67.7,D,0
-19.0589,142.1129,334.6,2.2,1.5,2014-11-28,0117,Terra,MODIS,80,6.2,297.4,63.3,D,0
-19.0481,142.1358,333.8,2.3,1.5,2014-11-28,0117,Terra,MODIS,79,6.2,298.5,54.6,D,0
-19.0612,142.1342,334.2,2.3,1.5,2014-11-28,0117,Terra,MODIS,79,6.2,298.8,59.7,D,0
-17.412,142.7813,332,2.4,1.5,2014-11-28,0117,Terra,MODIS,76,6.2,304.3,37.2,D,0
-19.0379,142.1438,326.2,2.3,1.5,2014-11-28,0117,Terra,MODIS,55,6.2,297.4,21.6,D,0
-19.0912,142.0449,328.3,2.2,1.4,2014-11-28,0117,Terra,MODIS,30,6.2,300.9,35.1,D,0
-17.5981,142.7419,331,2.4,1.5,2014-11-28,0117,Terra,MODIS,77,6.2,305.5,30.6,D,0
-17.4521,124.417,321.2,4.7,2,2014-11-28,0117,Terra,MODIS,47,6.2,294.3,62,D,0
-17.4536,124.422,321.7,4.7,2,2014-11-28,0117,Terra,MODIS,28,6.2,294.2,62.7,D,0
-21.3706,132.4568,338.9,1.1,1.1,2014-11-28,0118,Terra,MODIS,78,6.2,312.4,20.6,D,0
-25.5836,121.9378,329,4.6,2,2014-11-28,0120,Terra,MODIS,62,6.2,305.7,105.1,D,0
-25.5846,121.9432,334,4.6,2,2014-11-28,0120,Terra,MODIS,76,6.2,305.8,166.2,D,0
-25.5947,121.9878,326.7,4.5,2,2014-11-28,0120,Terra,MODIS,51,6.2,305.9,79,D,0
-25.5941,121.9824,328.3,4.5,2,2014-11-28,0120,Terra,MODIS,59,6.2,306,95.3,D,0
-21.2575,118.992,337.4,3.2,1.7,2014-11-28,0256,Terra,MODIS,79,6.2,304.9,114.4,D,0
-21.255,118.9868,333.6,3.2,1.7,2014-11-28,0256,Terra,MODIS,72,6.2,305.1,84.5,D,0
-21.2577,119.0169,327.6,3.2,1.7,2014-11-28,0256,Terra,MODIS,42,6.2,304.2,44.9,D,0
-21.0038,120.4601,340.5,4,1.9,2014-11-28,0256,Terra,MODIS,83,6.2,305.4,199,D,0
-21.0079,120.4544,338.8,4,1.9,2014-11-28,0256,Terra,MODIS,80,6.2,304.8,180.2,D,0
-21.0003,120.4217,332.1,4,1.9,2014-11-28,0256,Terra,MODIS,67,6.2,305,102.6,D,0
-22.066,118.1701,347,2.8,1.6,2014-11-28,0257,Terra,MODIS,87,6.2,303.9,186.7,D,0
-22.0758,118.147,367.2,2.8,1.6,2014-11-28,0257,Terra,MODIS,100,6.2,306.1,396.9,D,0
-22.0786,118.1742,386.6,2.8,1.6,2014-11-28,0257,Terra,MODIS,100,6.2,303.7,753.7,D,0
-22.0634,118.1429,339.5,2.8,1.6,2014-11-28,0257,Terra,MODIS,84,6.2,305.9,110.7,D,0
-22.1968,117.2229,326.1,2.4,1.5,2014-11-28,0257,Terra,MODIS,58,6.2,307.2,33.7,D,0
-22.0779,118.1415,344.8,2.8,1.6,2014-11-28,0257,Terra,MODIS,89,6.2,305.5,152.5,D,0
-22.0613,118.1484,342.4,2.8,1.6,2014-11-28,0257,Terra,MODIS,87,6.2,305.4,130.4,D,0
-22.0805,118.1687,385.3,2.8,1.6,2014-11-28,0257,Terra,MODIS,100,6.2,303.2,730.9,D,0
-37.7213,143.6815,318.5,1.9,1.3,2014-11-28,0358,Aqua,MODIS,42,6.2,300.4,25.6,D,0
-37.7334,143.6834,323.2,1.9,1.3,2014-11-28,0358,Aqua,MODIS,74,6.2,300,38.6,D,0
-37.7142,144.8611,318.2,1.6,1.2,2014-11-28,0358,Aqua,MODIS,62,6.2,303.3,9.2,D,0
-37.7353,143.6615,318.1,1.9,1.3,2014-11-28,0358,Aqua,MODIS,58,6.2,298.7,24.3,D,0
-38.166,145.9329,314.4,1.4,1.2,2014-11-28,0358,Aqua,MODIS,54,6.2,303.2,11.4,D,0
-34.4625,150.8777,321.6,1,1,2014-11-28,0359,Aqua,MODIS,54,6.2,306.3,9.2,D,0
-28.8311,150.7038,342.6,1.1,1.1,2014-11-28,0400,Aqua,MODIS,83,6.2,303.5,39.2,D,0
-29.3131,151.8724,328.4,1.3,1.1,2014-11-28,0400,Aqua,MODIS,64,6.2,300.6,22.2,D,0
-24.9697,151.3865,321.3,1.4,1.2,2014-11-28,0401,Aqua,MODIS,50,6.2,297.5,17.4,D,0
-22.2222,149.4056,341.7,1.2,1.1,2014-11-28,0402,Aqua,MODIS,80,6.2,304.8,41.6,D,0
-22.6357,150.254,336.9,1.3,1.1,2014-11-28,0402,Aqua,MODIS,82,6.2,309.5,32.2,D,0
-22.6256,150.2519,331.1,1.3,1.1,2014-11-28,0402,Aqua,MODIS,62,6.2,306.1,21.2,D,0
-22.6277,150.2395,330.3,1.3,1.1,2014-11-28,0402,Aqua,MODIS,62,6.2,305.5,19,D,0
-22.6336,150.2664,345.9,1.3,1.1,2014-11-28,0402,Aqua,MODIS,91,6.2,307.7,56.2,D,0
-22.6438,150.2685,338.7,1.3,1.1,2014-11-28,0402,Aqua,MODIS,70,6.2,307.9,37,D,0
-22.9471,149.7984,328.4,1.2,1.1,2014-11-28,0402,Aqua,MODIS,39,6.2,305.5,12,D,0
-22.949,149.7865,349.3,1.2,1.1,2014-11-28,0402,Aqua,MODIS,93,6.2,307.4,59.2,D,0
-22.9372,149.7964,353,1.2,1.1,2014-11-28,0402,Aqua,MODIS,96,6.2,311.4,68.8,D,0
-22.9391,149.7847,370.7,1.2,1.1,2014-11-28,0402,Aqua,MODIS,100,6.2,310.8,137.2,D,0
-22.9274,149.7945,354.9,1.2,1.1,2014-11-28,0402,Aqua,MODIS,97,6.2,311.5,77.1,D,0
-22.9293,149.7827,346.7,1.2,1.1,2014-11-28,0402,Aqua,MODIS,91,6.2,305.7,54.3,D,0
-22.9117,149.8281,355,1.2,1.1,2014-11-28,0402,Aqua,MODIS,97,6.2,311.2,72.3,D,0
-19.0725,142.0868,347.4,1.4,1.2,2014-11-28,0403,Aqua,MODIS,77,6.2,308.2,60.8,D,0
-19.0741,142.0739,330,1.4,1.2,2014-11-28,0403,Aqua,MODIS,29,6.2,303.6,21.1,D,0
-19.3501,147.0281,375,1,1,2014-11-28,0403,Aqua,MODIS,100,6.2,313.1,122.8,D,0
-19.3426,147.0202,363.9,1,1,2014-11-28,0403,Aqua,MODIS,94,6.2,314.2,84.5,D,0
-19.3411,147.03,336.4,1,1,2014-11-28,0403,Aqua,MODIS,68,6.2,309.7,23.4,D,0
-18.5846,145.7197,328.2,1,1,2014-11-28,0403,Aqua,MODIS,53,6.2,302.9,13.9,D,0
-18.5936,145.7211,374.1,1,1,2014-11-28,0403,Aqua,MODIS,100,6.2,311.4,117.3,D,0
-18.5922,145.7305,347.4,1,1,2014-11-28,0403,Aqua,MODIS,91,6.2,310.4,43.1,D,0
-19.5302,146.4316,334.8,1,1,2014-11-28,0403,Aqua,MODIS,63,6.2,311.8,16.2,D,0
-19.344,147.0105,334.9,1,1,2014-11-28,0403,Aqua,MODIS,58,6.2,311.8,21.2,D,0
-19.0025,142.142,343.4,1.3,1.1,2014-11-28,0403,Aqua,MODIS,88,6.2,315,35,D,0
-19.004,142.1293,351.2,1.3,1.1,2014-11-28,0403,Aqua,MODIS,94,6.2,313.2,61.7,D,0
-19.0085,142.1244,346.9,1.3,1.1,2014-11-28,0403,Aqua,MODIS,91,6.2,314.1,50.4,D,0
-19.0709,142.0996,347.6,1.4,1.2,2014-11-28,0403,Aqua,MODIS,27,6.2,312.1,55.3,D,0
-19.3515,147.0183,361.8,1,1,2014-11-28,0403,Aqua,MODIS,100,6.2,314.2,77.8,D,0
-19.0998,142.0381,336.4,1.4,1.2,2014-11-28,0403,Aqua,MODIS,73,6.2,309.3,32.9,D,0
-19.0829,142.0882,340.6,1.4,1.2,2014-11-28,0403,Aqua,MODIS,64,6.2,310.4,40.4,D,0
-19.0621,142.0853,378.3,1.4,1.2,2014-11-28,0403,Aqua,MODIS,100,6.2,309.1,203.5,D,0
-19.0606,142.0981,378.6,1.4,1.2,2014-11-28,0403,Aqua,MODIS,94,6.2,303.8,202,D,0
-19.0502,142.0967,379.5,1.4,1.2,2014-11-28,0403,Aqua,MODIS,94,6.2,303.5,211.8,D,0
-15.0803,145.0815,331.5,1,1,2014-11-28,0404,Aqua,MODIS,83,6.2,282.4,25.9,D,0
-15.0817,145.0722,329.9,1,1,2014-11-28,0404,Aqua,MODIS,82,6.2,286.7,24.2,D,0
-15.0727,145.0708,338.1,1,1,2014-11-28,0404,Aqua,MODIS,88,6.2,284.3,35.7,D,0
-15.0714,145.08,315.1,1,1,2014-11-28,0404,Aqua,MODIS,20,6.2,283.7,8.5,D,0
-18.4965,138.7887,324.3,2.3,1.5,2014-11-28,0404,Aqua,MODIS,48,6.2,298.3,35.1,D,0
-15.3206,145.0704,329,1,1,2014-11-28,0404,Aqua,MODIS,70,6.2,279.2,26.3,D,0
-17.1449,143.382,338.5,1.1,1,2014-11-28,0404,Aqua,MODIS,60,6.2,319,13.1,D,0
-17.243,143.4021,342.2,1.1,1,2014-11-28,0404,Aqua,MODIS,76,6.2,319.1,21.5,D,0
-17.2444,143.3918,339.2,1.1,1,2014-11-28,0404,Aqua,MODIS,57,6.2,318.4,15,D,0
-17.1812,143.3979,344.4,1.1,1,2014-11-28,0404,Aqua,MODIS,66,6.2,319.3,24.6,D,0
-17.2147,143.398,342.2,1.1,1,2014-11-28,0404,Aqua,MODIS,58,6.2,321.4,20,D,0
-17.0435,143.2335,342.4,1.1,1.1,2014-11-28,0404,Aqua,MODIS,70,6.2,316.2,23,D,0
-17.0448,143.223,339.2,1.1,1.1,2014-11-28,0404,Aqua,MODIS,58,6.2,318.1,14.5,D,0
-16.7756,137.9189,325,2.5,1.5,2014-11-28,0404,Aqua,MODIS,67,6.2,294.3,47.5,D,0
-16.7697,137.9131,325,2.5,1.5,2014-11-28,0404,Aqua,MODIS,69,6.2,294.5,47.7,D,0
-17.2458,143.3814,339.5,1.1,1,2014-11-28,0404,Aqua,MODIS,79,6.2,316.8,15.9,D,0
-17.4175,143.3975,353.3,1.1,1,2014-11-28,0404,Aqua,MODIS,95,6.2,316.7,47.8,D,0
-15.7721,145.1338,346.5,1,1,2014-11-28,0404,Aqua,MODIS,92,6.2,307.3,38.1,D,0
-15.8156,145.15,334.7,1,1,2014-11-28,0404,Aqua,MODIS,76,6.2,306.1,18.8,D,0
-15.8425,145.1542,332.9,1,1,2014-11-28,0404,Aqua,MODIS,44,6.2,306.3,18.2,D,0
-15.7707,145.143,328.6,1,1,2014-11-28,0404,Aqua,MODIS,47,6.2,305.7,12,D,0
-15.7824,145.1259,330,1,1,2014-11-28,0404,Aqua,MODIS,70,6.2,306.6,9.6,D,0
-15.7631,145.1324,344.4,1,1,2014-11-28,0404,Aqua,MODIS,91,6.2,306.5,36.5,D,0
-14.9868,144.383,323.4,1,1,2014-11-28,0404,Aqua,MODIS,53,6.2,290.7,11.6,D,0
-15.8439,145.1449,334.8,1,1,2014-11-28,0404,Aqua,MODIS,62,6.2,307.1,19.9,D,0
-17.4161,143.4079,341.6,1.1,1,2014-11-28,0404,Aqua,MODIS,82,6.2,318.7,22.3,D,0
-15.8246,145.1514,327.1,1,1,2014-11-28,0404,Aqua,MODIS,38,6.2,305.1,10,D,0
-17.4444,143.412,340.7,1.1,1,2014-11-28,0404,Aqua,MODIS,60,6.2,318.8,19.7,D,0
-14.9021,145.0415,318.5,1,1,2014-11-28,0404,Aqua,MODIS,59,6.2,280.8,13.7,D,0
-17.435,143.4106,342.7,1.1,1,2014-11-28,0404,Aqua,MODIS,74,6.2,315.9,23.3,D,0
-17.4269,143.3988,370.3,1.1,1,2014-11-28,0404,Aqua,MODIS,100,6.2,318.3,103.4,D,0
-18.6292,138.0603,325.6,2.6,1.5,2014-11-28,0404,Aqua,MODIS,64,6.2,299.3,44.1,D,0
-18.1461,139.9428,344.1,1.8,1.3,2014-11-28,0404,Aqua,MODIS,90,6.2,299.2,86.8,D,0
-18.1341,139.9413,340.5,1.8,1.3,2014-11-28,0404,Aqua,MODIS,87,6.2,300.9,71.3,D,0
-17.3689,142.7733,340.4,1.2,1.1,2014-11-28,0404,Aqua,MODIS,54,6.2,316.9,21,D,0
-14.8887,144.6173,343.5,1,1,2014-11-28,0404,Aqua,MODIS,91,6.2,299,34.3,D,0
-17.3675,142.7844,363.7,1.2,1.1,2014-11-28,0404,Aqua,MODIS,100,6.2,317.4,86.2,D,0
-17.3661,142.7955,358.9,1.2,1.1,2014-11-28,0404,Aqua,MODIS,99,6.2,318.5,67.1,D,0
-17.3624,142.7998,345.3,1.2,1.1,2014-11-28,0404,Aqua,MODIS,87,6.2,317.2,30.5,D,0
-17.5147,143.1392,335.5,1.1,1.1,2014-11-28,0404,Aqua,MODIS,71,6.2,316.1,13.5,D,0
-17.3341,143.4113,364.4,1.1,1,2014-11-28,0404,Aqua,MODIS,100,6.2,318.6,80.7,D,0
-17.3557,142.7764,358.3,1.2,1.1,2014-11-28,0404,Aqua,MODIS,98,6.2,310.3,67.5,D,0
-17.3654,142.7778,341.5,1.2,1.1,2014-11-28,0404,Aqua,MODIS,80,6.2,315.4,23.5,D,0
-17.3639,142.7888,369.9,1.2,1.1,2014-11-28,0404,Aqua,MODIS,100,6.2,318.7,110.6,D,0
-17.3571,142.7653,378.5,1.2,1.1,2014-11-28,0404,Aqua,MODIS,100,6.2,315.7,151.8,D,0
-17.3703,143.4272,345.9,1.1,1,2014-11-28,0404,Aqua,MODIS,88,6.2,317.1,30,D,0
-16.8746,143.1966,371.6,1.1,1.1,2014-11-28,0404,Aqua,MODIS,100,6.2,319.8,107.6,D,0
-16.9097,143.223,342.9,1.1,1.1,2014-11-28,0404,Aqua,MODIS,75,6.2,317.9,20.8,D,0
-16.9192,143.2244,373.4,1.1,1.1,2014-11-28,0404,Aqua,MODIS,100,6.2,318.7,114.2,D,0
-17.5414,143.3051,346.8,1.1,1.1,2014-11-28,0404,Aqua,MODIS,85,6.2,317.4,30.5,D,0
-17.5305,143.3143,365.5,1.1,1.1,2014-11-28,0404,Aqua,MODIS,100,6.2,318,86.9,D,0
-16.9286,143.2258,348.3,1.1,1.1,2014-11-28,0404,Aqua,MODIS,90,6.2,317.5,34.9,D,0
-16.8922,143.2098,341.8,1.1,1.1,2014-11-28,0404,Aqua,MODIS,69,6.2,318.2,17.2,D,0
-17.3609,143.4258,344,1.1,1,2014-11-28,0404,Aqua,MODIS,83,6.2,316.8,25.8,D,0
-17.3959,143.4155,343.7,1.1,1,2014-11-28,0404,Aqua,MODIS,85,6.2,318,27.8,D,0
-17.3756,143.4231,338.1,1.1,1,2014-11-28,0404,Aqua,MODIS,42,6.2,317.8,15,D,0
-16.8732,143.207,365.6,1.1,1.1,2014-11-28,0404,Aqua,MODIS,100,6.2,317.2,85.4,D,0
-16.8827,143.2085,362.3,1.1,1.1,2014-11-28,0404,Aqua,MODIS,100,6.2,319.2,72.9,D,0
-17.3354,143.401,354.6,1.1,1,2014-11-28,0404,Aqua,MODIS,96,6.2,318.1,48.9,D,0
-17.2134,143.4083,345.2,1.1,1,2014-11-28,0404,Aqua,MODIS,87,6.2,319.6,26,D,0
-17.1248,143.3157,338.7,1.1,1.1,2014-11-28,0404,Aqua,MODIS,65,6.2,318.3,14.2,D,0
-15.7747,145.1152,328.3,1,1,2014-11-28,0404,Aqua,MODIS,66,6.2,305.3,7.6,D,0
-17.4053,143.4168,341.2,1.1,1,2014-11-28,0404,Aqua,MODIS,82,6.2,318.2,23.4,D,0
-17.5101,143.322,338.1,1.1,1.1,2014-11-28,0404,Aqua,MODIS,55,6.2,314.6,15.7,D,0
-17.5196,143.3234,339.1,1.1,1.1,2014-11-28,0404,Aqua,MODIS,65,6.2,313.1,18.3,D,0
-17.4911,143.3192,342.5,1.1,1.1,2014-11-28,0404,Aqua,MODIS,84,6.2,317.5,20.6,D,0
-17.4898,143.3297,349.1,1.1,1.1,2014-11-28,0404,Aqua,MODIS,91,6.2,319.2,36.3,D,0
-17.4992,143.3311,350.4,1.1,1.1,2014-11-28,0404,Aqua,MODIS,92,6.2,319,41.6,D,0
-17.5006,143.3206,339,1.1,1.1,2014-11-28,0404,Aqua,MODIS,44,6.2,316.6,14.9,D,0
-17.3233,143.4203,344,1.1,1,2014-11-28,0404,Aqua,MODIS,67,6.2,317.2,25.9,D,0
-15.7093,145.1174,344,1,1,2014-11-28,0404,Aqua,MODIS,90,6.2,304.9,35.3,D,0
-17.4274,143.2497,336.6,1.1,1.1,2014-11-28,0404,Aqua,MODIS,73,6.2,314.1,14.3,D,0
-15.7003,145.116,337.2,1,1,2014-11-28,0404,Aqua,MODIS,63,6.2,308.7,23,D,0
-17.4884,143.3402,342.5,1.1,1.1,2014-11-28,0404,Aqua,MODIS,69,6.2,317.6,22.2,D,0
-17.2712,143.4063,338.3,1.1,1,2014-11-28,0404,Aqua,MODIS,44,6.2,317,14.6,D,0
-17.2807,143.4077,336.9,1.1,1,2014-11-28,0404,Aqua,MODIS,63,6.2,316.9,12.9,D,0
-17.1154,143.3143,341.5,1.1,1.1,2014-11-28,0404,Aqua,MODIS,79,6.2,317.4,20.6,D,0
-17.2869,143.4044,345.4,1.1,1,2014-11-28,0404,Aqua,MODIS,87,6.2,316.8,27.8,D,0
-17.2964,143.4058,341.6,1.1,1,2014-11-28,0404,Aqua,MODIS,71,6.2,317.5,20.2,D,0
-17.3246,143.4099,342.3,1.1,1,2014-11-28,0404,Aqua,MODIS,58,6.2,318.7,20.9,D,0
-17.1168,143.3039,338.6,1.1,1.1,2014-11-28,0404,Aqua,MODIS,60,6.2,315.7,14.4,D,0
-14.2933,144.5369,338.6,1,1,2014-11-28,0405,Aqua,MODIS,73,6.2,289,35.3,D,0
-13.4263,143.4462,331.2,1,1,2014-11-28,0405,Aqua,MODIS,56,6.2,305.8,17.3,D,0
-14.5368,144.6335,328,1,1,2014-11-28,0405,Aqua,MODIS,44,6.2,282.8,20.7,D,0
-14.5202,144.6216,326,1,1,2014-11-28,0405,Aqua,MODIS,76,6.2,282.2,18.7,D,0
-14.5279,144.6321,336.4,1,1,2014-11-28,0405,Aqua,MODIS,88,6.2,282.8,32.9,D,0
-14.5215,144.6123,322.6,1,1,2014-11-28,0405,Aqua,MODIS,66,6.2,286.8,15.3,D,0
-14.2919,144.5461,341.6,1,1,2014-11-28,0405,Aqua,MODIS,59,6.2,289.3,39.2,D,0
-14.4832,144.5592,327.7,1,1,2014-11-28,0405,Aqua,MODIS,36,6.2,287.3,17.5,D,0
-14.2099,144.4809,362.9,1,1,2014-11-28,0405,Aqua,MODIS,75,6.2,302.4,84.8,D,0
-14.2086,144.4901,324.4,1,1,2014-11-28,0405,Aqua,MODIS,71,6.2,297.2,13.6,D,0
-14.2394,144.4665,345,1,1,2014-11-28,0405,Aqua,MODIS,76,6.2,293.7,42.5,D,0
-12.3718,136.3405,320.9,2.9,1.6,2014-11-28,0405,Aqua,MODIS,42,6.2,297.5,32.7,D,0
-12.3863,136.3423,320.2,2.9,1.6,2014-11-28,0405,Aqua,MODIS,33,6.2,296.7,33.5,D,0
-14.2497,144.4587,347.4,1,1,2014-11-28,0405,Aqua,MODIS,82,6.2,293.5,47.5,D,0
-14.2906,144.5553,341.3,1,1,2014-11-28,0405,Aqua,MODIS,59,6.2,285.4,37.7,D,0
-14.2202,144.473,366.6,1,1,2014-11-28,0405,Aqua,MODIS,0,6.2,299.2,93.2,D,0
-14.2408,144.4573,342.5,1,1,2014-11-28,0405,Aqua,MODIS,0,6.2,289.6,36.1,D,0
-15.2755,134.3955,311.3,4.4,1.9,2014-11-28,0405,Aqua,MODIS,0,6.2,277.8,46.3,D,0
-14.2188,144.4823,342.2,1,1,2014-11-28,0405,Aqua,MODIS,86,6.2,298.8,36.9,D,0
-10.9844,142.7059,330.3,1,1,2014-11-28,0406,Aqua,MODIS,60,6.2,297.9,19.6,D,0
-10.9857,142.6964,345.7,1,1,2014-11-28,0406,Aqua,MODIS,93,6.2,295.7,47.1,D,0
-12.0215,134.6714,316.2,3.8,1.8,2014-11-28,0406,Aqua,MODIS,17,6.2,293.3,41.5,D,0
-10.9949,142.6977,326.9,1,1,2014-11-28,0406,Aqua,MODIS,69,6.2,294.7,16.7,D,0
-10.9371,142.4478,327.7,1.1,1,2014-11-28,0406,Aqua,MODIS,81,6.2,293.2,19.8,D,0
-10.9936,142.6391,315.7,1.1,1,2014-11-28,0406,Aqua,MODIS,0,6.2,295.3,6.4,D,0
-11.1244,142.6929,322.8,1,1,2014-11-28,0406,Aqua,MODIS,76,6.2,296.6,13.3,D,0
-11.1351,142.6163,318.3,1.1,1,2014-11-28,0406,Aqua,MODIS,41,6.2,298.3,7.6,D,0
-29.661,124.8028,365.4,1,1,2014-11-28,0539,Aqua,MODIS,94,6.2,314.4,83.8,D,0
-29.6808,124.796,355,1,1,2014-11-28,0539,Aqua,MODIS,83,6.2,290.6,57.6,D,0
-29.6824,124.7854,358.4,1,1,2014-11-28,0539,Aqua,MODIS,98,6.2,307.4,62.5,D,0
-29.6717,124.7941,390.6,1,1,2014-11-28,0539,Aqua,MODIS,87,6.2,307,190.1,D,0
-29.6733,124.7836,384.6,1,1,2014-11-28,0539,Aqua,MODIS,94,6.2,316.4,157,D,0
-29.604,124.6986,361.7,1,1,2014-11-28,0539,Aqua,MODIS,84,6.2,326.1,63.3,D,0
-29.6626,124.7923,368,1,1,2014-11-28,0539,Aqua,MODIS,94,6.2,316,92.1,D,0
-29.6642,124.7817,356,1,1,2014-11-28,0539,Aqua,MODIS,91,6.2,302.3,54.9,D,0
-29.6519,124.801,343.6,1,1,2014-11-28,0539,Aqua,MODIS,71,6.2,313.8,27.3,D,0
-29.6583,124.7588,354.6,1,1,2014-11-28,0539,Aqua,MODIS,90,6.2,305.8,45.8,D,0
-29.6599,124.7482,352.2,1,1,2014-11-28,0539,Aqua,MODIS,72,6.2,312.4,40.3,D,0
-29.6444,124.7886,353.8,1,1,2014-11-28,0539,Aqua,MODIS,95,6.2,318.6,46.2,D,0
-29.6476,124.7675,353,1,1,2014-11-28,0539,Aqua,MODIS,68,6.2,318,41.3,D,0
-29.6492,124.7569,356.1,1,1,2014-11-28,0539,Aqua,MODIS,86,6.2,317.4,48.5,D,0
-29.6508,124.7464,393.9,1,1,2014-11-28,0539,Aqua,MODIS,100,6.2,321.3,196.2,D,0
-29.6524,124.7358,381,1,1,2014-11-28,0539,Aqua,MODIS,100,6.2,320.1,131.5,D,0
-29.6369,124.7762,346.5,1,1,2014-11-28,0539,Aqua,MODIS,82,6.2,320.4,27.2,D,0
-29.6385,124.7656,353.5,1,1,2014-11-28,0539,Aqua,MODIS,81,6.2,321.3,42.3,D,0
-29.6401,124.7551,376,1,1,2014-11-28,0539,Aqua,MODIS,100,6.2,323.5,110.9,D,0
-29.6417,124.7445,385.3,1,1,2014-11-28,0539,Aqua,MODIS,100,6.2,325,151.2,D,0
-29.6433,124.734,382.8,1,1,2014-11-28,0539,Aqua,MODIS,100,6.2,324.7,141.1,D,0
-29.6278,124.7743,359.8,1,1,2014-11-28,0539,Aqua,MODIS,99,6.2,322.4,56.7,D,0
-29.6294,124.7638,348.3,1,1,2014-11-28,0539,Aqua,MODIS,72,6.2,322.7,27.2,D,0
-29.631,124.7532,357.4,1,1,2014-11-28,0539,Aqua,MODIS,98,6.2,322.3,47.7,D,0
-29.6326,124.7427,358.7,1,1,2014-11-28,0539,Aqua,MODIS,99,6.2,322.3,53.2,D,0
-29.6342,124.7322,373.4,1,1,2014-11-28,0539,Aqua,MODIS,100,6.2,324.3,103.9,D,0
-29.5902,124.7283,352.9,1,1,2014-11-28,0539,Aqua,MODIS,65,6.2,325.7,31.8,D,0
-29.5886,124.7388,357.1,1,1,2014-11-28,0539,Aqua,MODIS,97,6.2,325.3,41.6,D,0
-29.6358,124.7216,377.1,1,1,2014-11-28,0539,Aqua,MODIS,100,6.2,324,119.4,D,0
-29.6187,124.7725,383.6,1,1,2014-11-28,0539,Aqua,MODIS,100,6.2,324.9,140,D,0
-29.6203,124.7619,357.5,1,1,2014-11-28,0539,Aqua,MODIS,98,6.2,324.8,45.5,D,0
-29.6219,124.7514,352.7,1,1,2014-11-28,0539,Aqua,MODIS,76,6.2,324.3,33.2,D,0
-29.6235,124.7409,354.6,1,1,2014-11-28,0539,Aqua,MODIS,82,6.2,322.6,39.9,D,0
-29.6251,124.7303,360.7,1,1,2014-11-28,0539,Aqua,MODIS,100,6.2,325.2,60.3,D,0
-29.6267,124.7198,362.8,1,1,2014-11-28,0539,Aqua,MODIS,100,6.2,324.2,69.9,D,0
-29.6283,124.7093,341.1,1,1,2014-11-28,0539,Aqua,MODIS,38,6.2,320.9,23.3,D,0
-29.6127,124.7654,377.3,1,1,2014-11-28,0539,Aqua,MODIS,100,6.2,326.7,116.1,D,0
-29.619,124.7233,359.7,1,1,2014-11-28,0539,Aqua,MODIS,97,6.2,327.8,54.8,D,0
-29.6206,124.7128,353,1,1,2014-11-28,0539,Aqua,MODIS,81,6.2,324.4,40.9,D,0
-29.6036,124.7636,378.5,1,1,2014-11-28,0539,Aqua,MODIS,100,6.2,324.5,118.6,D,0
-29.6052,124.7531,361.3,1,1,2014-11-28,0539,Aqua,MODIS,88,6.2,325.3,57.4,D,0
-29.6099,124.7214,359.5,1,1,2014-11-28,0539,Aqua,MODIS,82,6.2,326.7,50.5,D,0
-29.6115,124.7109,356,1,1,2014-11-28,0539,Aqua,MODIS,69,6.2,326.3,44.7,D,0
-29.6131,124.7004,353.7,1,1,2014-11-28,0539,Aqua,MODIS,76,6.2,323.7,42.2,D,0
-29.5961,124.7512,358.5,1,1,2014-11-28,0539,Aqua,MODIS,98,6.2,325.2,44.4,D,0
-25.6302,121.8371,327.7,1,1,2014-11-28,0540,Aqua,MODIS,29,6.2,306.6,11.7,D,0
-27.8082,120.1655,340.2,1.2,1.1,2014-11-28,0540,Aqua,MODIS,83,6.2,320,25.2,D,0
-22.5199,126.0477,355.8,1.4,1.2,2014-11-28,0541,Aqua,MODIS,97,6.2,313.9,84.5,D,0
-22.0529,116.7222,345,1.6,1.3,2014-11-28,0541,Aqua,MODIS,56,6.2,320.4,50,D,0
-22.0546,116.7064,345.8,1.6,1.3,2014-11-28,0541,Aqua,MODIS,78,6.2,320.6,54.4,D,0
-22.0705,118.163,344.7,1.3,1.1,2014-11-28,0541,Aqua,MODIS,59,6.2,310.5,55.9,D,0
-22.0552,116.7173,353.5,1.6,1.3,2014-11-28,0541,Aqua,MODIS,95,6.2,321.4,86,D,0
-22.0702,116.6874,343.5,1.6,1.3,2014-11-28,0541,Aqua,MODIS,57,6.2,319.1,46.7,D,0
-22.0643,116.7238,341.8,1.6,1.3,2014-11-28,0541,Aqua,MODIS,51,6.2,318.2,44.6,D,0
-22.0791,116.694,350.1,1.6,1.3,2014-11-28,0541,Aqua,MODIS,92,6.2,317.3,83.1,D,0
-22.066,116.7079,346,1.6,1.3,2014-11-28,0541,Aqua,MODIS,73,6.2,321.3,60.7,D,0
-22.0774,116.7096,361.2,1.6,1.3,2014-11-28,0541,Aqua,MODIS,100,6.2,317.2,139.3,D,0
-22.0684,116.703,351.7,1.6,1.3,2014-11-28,0541,Aqua,MODIS,94,6.2,322.2,81.4,D,0
-22.0678,116.6921,358.5,1.6,1.3,2014-11-28,0541,Aqua,MODIS,99,6.2,320.7,121.3,D,0
-22.19,117.2143,342.7,1.5,1.2,2014-11-28,0541,Aqua,MODIS,69,6.2,309.2,54,D,0
-22.057,116.7014,341.6,1.6,1.3,2014-11-28,0541,Aqua,MODIS,49,6.2,320.5,37.7,D,0
-22.1909,117.2197,363.7,1.5,1.2,2014-11-28,0541,Aqua,MODIS,100,6.2,313.2,142.4,D,0
-22.1883,117.2288,346.2,1.5,1.2,2014-11-28,0541,Aqua,MODIS,80,6.2,312.6,65.6,D,0
-22.0334,116.5014,332.9,1.7,1.3,2014-11-28,0542,Aqua,MODIS,66,6.2,316.7,20.8,D,0
-22.0316,116.5175,332.9,1.7,1.3,2014-11-28,0542,Aqua,MODIS,66,6.2,316.2,20.8,D,0
-20.9677,120.4961,369.6,1,1,2014-11-28,0542,Aqua,MODIS,84,6.2,312.1,95.2,D,0
-15.5576,124.4504,333,1.4,1.2,2014-11-28,0543,Aqua,MODIS,39,6.2,297.2,25.9,D,0
-16.9323,122.5014,367.5,1.1,1,2014-11-28,0543,Aqua,MODIS,97,6.2,304,0,D,0
-16.5285,124.9727,337.6,1.5,1.2,2014-11-28,0543,Aqua,MODIS,83,6.2,303.6,38.3,D,0
-15.5767,124.4674,328.3,1.5,1.2,2014-11-28,0543,Aqua,MODIS,47,6.2,296.5,15.7,D,0
-15.5534,124.4431,338.7,1.4,1.2,2014-11-28,0543,Aqua,MODIS,0,6.2,297.2,42.7,D,0
-16.5203,124.6016,335.6,1.4,1.2,2014-11-28,0543,Aqua,MODIS,81,6.2,304.2,36,D,0
-16.5225,124.5881,364.4,1.4,1.2,2014-11-28,0543,Aqua,MODIS,100,6.2,306.6,140,D,0
-19.0951,142.0556,308.1,1.4,1.2,2014-11-28,1328,Terra,MODIS,23,6.2,292.2,8.2,N,0
-19.1004,142.0629,309.2,1.4,1.2,2014-11-28,1328,Terra,MODIS,18,6.2,294.3,10.1,N,0
-17.2574,143.4052,308.2,1.8,1.3,2014-11-28,1329,Terra,MODIS,65,6.2,294.5,10.3,N,0
-16.7759,137.9301,311.1,1,1,2014-11-28,1329,Terra,MODIS,79,6.2,294.8,8,N,0
-16.7772,137.9208,309.4,1,1,2014-11-28,1329,Terra,MODIS,74,6.2,294.8,6.8,N,0
-16.6005,137.9346,306.3,1,1,2014-11-28,1329,Terra,MODIS,62,6.2,294.2,5,N,0
-16.8111,137.9419,320.6,1,1,2014-11-28,1329,Terra,MODIS,100,6.2,295.3,15.6,N,0
-16.8021,137.9405,311.2,1,1,2014-11-28,1329,Terra,MODIS,79,6.2,295,7.2,N,0
-16.8034,137.9312,313.2,1,1,2014-11-28,1329,Terra,MODIS,85,6.2,295.4,8.7,N,0
-17.4522,135.6394,305.7,1.1,1.1,2014-11-28,1329,Terra,MODIS,59,6.2,293.6,5.4,N,0
-17.5041,143.325,311.2,1.8,1.3,2014-11-28,1329,Terra,MODIS,46,6.2,294.2,14.3,N,0
-17.5102,143.3318,312.2,1.8,1.3,2014-11-28,1329,Terra,MODIS,59,6.2,294.1,16,N,0
-17.322,143.4234,309.6,1.8,1.3,2014-11-28,1329,Terra,MODIS,61,6.2,294.5,12.3,N,0
-17.5684,143.2745,311.2,1.8,1.3,2014-11-28,1329,Terra,MODIS,82,6.2,294.3,15.4,N,0
-17.3101,143.4211,308.9,1.8,1.3,2014-11-28,1329,Terra,MODIS,52,6.2,294.4,11,N,0
-17.5656,143.291,310.8,1.8,1.3,2014-11-28,1329,Terra,MODIS,67,6.2,294.1,14,N,0
-17.4514,143.3496,308.3,1.8,1.3,2014-11-28,1329,Terra,MODIS,59,6.2,294.2,10.6,N,0
-17.5013,143.3417,309.5,1.8,1.3,2014-11-28,1329,Terra,MODIS,20,6.2,293.8,11.3,N,0
-12.426,132.1616,303.1,1.6,1.2,2014-11-28,1330,Terra,MODIS,41,6.2,286.1,10.2,N,0
-13.7074,135.6245,306.1,1,1,2014-11-28,1330,Terra,MODIS,62,6.2,292.8,4.4,N,0
-13.672,135.6232,307.2,1,1,2014-11-28,1330,Terra,MODIS,43,6.2,292.8,4.9,N,0
-13.6812,135.6246,315.3,1,1,2014-11-28,1330,Terra,MODIS,90,6.2,293.1,11.2,N,0
-24.6806,118.8273,316.1,1.4,1.2,2014-11-28,1506,Terra,MODIS,93,6.2,292.9,22.4,N,0
-24.6829,118.8138,311.5,1.4,1.2,2014-11-28,1506,Terra,MODIS,83,6.2,292.7,16.3,N,0
-24.4739,117.8519,306.8,1.2,1.1,2014-11-28,1506,Terra,MODIS,68,6.2,294.8,8.2,N,0
-24.4837,117.854,313.2,1.2,1.1,2014-11-28,1506,Terra,MODIS,86,6.2,295.7,14.1,N,0
-22.0393,116.6868,308.8,1.2,1.1,2014-11-28,1506,Terra,MODIS,12,6.2,298.1,6.3,N,0
-22.0585,116.6903,309.6,1.2,1.1,2014-11-28,1506,Terra,MODIS,37,6.2,297.4,7,N,0
-22.1764,117.2306,307.6,1.2,1.1,2014-11-28,1506,Terra,MODIS,65,6.2,297.1,7.2,N,0
-17.4959,124.4533,320.5,4.8,2,2014-11-28,1507,Terra,MODIS,100,6.2,294,156.2,N,0
-17.4933,124.4597,322.1,4.8,2,2014-11-28,1507,Terra,MODIS,100,6.2,293.8,171,N,0
-12.14,134.5579,303.9,1,1,2014-11-28,1633,Aqua,MODIS,57,6.2,290.9,4.7,N,0
-16.5922,137.9436,302.9,1.7,1.3,2014-11-28,1634,Aqua,MODIS,52,6.2,289.8,8.2,N,0
-16.6038,137.9421,302.6,1.7,1.3,2014-11-28,1634,Aqua,MODIS,50,6.2,289.5,7.8,N,0
-12.4196,132.1645,305,1.1,1,2014-11-28,1634,Aqua,MODIS,62,6.2,288.4,5.7,N,0
-12.4288,132.163,301.3,1.1,1,2014-11-28,1634,Aqua,MODIS,18,6.2,288.7,3.2,N,0
-12.4211,132.1741,301.5,1.1,1,2014-11-28,1634,Aqua,MODIS,42,6.2,289,3.4,N,0
-13.6799,135.6331,307.5,1.1,1.1,2014-11-28,1634,Aqua,MODIS,68,6.2,293.6,6.9,N,0
-18.8448,133.2865,311.5,1,1,2014-11-28,1635,Aqua,MODIS,37,6.2,292.4,11.4,N,0
-17.2549,129.5523,315,1.2,1.1,2014-11-28,1635,Aqua,MODIS,90,6.2,293.4,15.7,N,0
-29.7481,124.1976,305,1.6,1.2,2014-11-28,1639,Aqua,MODIS,63,6.2,289.5,15,N,0
-13.4285,143.4451,321.8,2.4,1.5,2014-11-29,0020,Terra,MODIS,66,6.2,296.3,44.2,D,0
-15.7793,145.1492,324.9,1.6,1.2,2014-11-29,0021,Terra,MODIS,34,6.2,297.3,21.4,D,0
-15.7545,145.1386,331.2,1.6,1.2,2014-11-29,0021,Terra,MODIS,56,6.2,299,32.3,D,0
-17.039,143.2376,332.4,2.1,1.4,2014-11-29,0021,Terra,MODIS,72,6.2,304.9,36.8,D,0
-15.732,145.1417,328.7,1.6,1.2,2014-11-29,0021,Terra,MODIS,55,6.2,300.7,28.2,D,0
-15.7438,145.1455,330.6,1.6,1.2,2014-11-29,0021,Terra,MODIS,65,6.2,298.9,32.7,D,0
-15.7302,145.1326,327.6,1.6,1.2,2014-11-29,0021,Terra,MODIS,55,6.2,301.1,26.4,D,0
-15.7414,145.1307,327,1.6,1.2,2014-11-29,0021,Terra,MODIS,37,6.2,302.2,23,D,0
-15.7561,145.2194,328.4,1.6,1.2,2014-11-29,0021,Terra,MODIS,60,6.2,294.7,32.7,D,0
-15.7819,145.1642,337.3,1.6,1.2,2014-11-29,0021,Terra,MODIS,85,6.2,298.1,56.5,D,0
-14.3062,144.5529,335.9,1.9,1.3,2014-11-29,0021,Terra,MODIS,80,6.2,300.5,64.5,D,0
-14.2793,144.54,329.1,1.9,1.3,2014-11-29,0021,Terra,MODIS,70,6.2,299.2,49.9,D,0
-15.7931,145.1627,330.7,1.6,1.2,2014-11-29,0021,Terra,MODIS,43,6.2,298,37.3,D,0
-14.3033,144.5361,326.8,1.9,1.3,2014-11-29,0021,Terra,MODIS,47,6.2,298.1,36.9,D,0
-17.3103,143.4225,330.6,2,1.4,2014-11-29,0021,Terra,MODIS,65,6.2,306.3,30.8,D,0
-19.1301,142.1989,332.4,2.3,1.5,2014-11-29,0022,Terra,MODIS,58,6.2,306.1,43,D,0
-19.1261,142.1775,356.3,2.3,1.5,2014-11-29,0022,Terra,MODIS,98,6.2,303.9,195.5,D,0
-19.1221,142.1561,333.8,2.3,1.5,2014-11-29,0022,Terra,MODIS,79,6.2,304.5,59.5,D,0
-19.0995,142.1666,348.3,2.3,1.5,2014-11-29,0022,Terra,MODIS,93,6.2,305.2,128.7,D,0
-19.0956,142.1451,333.7,2.3,1.5,2014-11-29,0022,Terra,MODIS,62,6.2,303.6,52,D,0
-17.5169,143.3314,336.2,2,1.4,2014-11-29,0022,Terra,MODIS,71,6.2,305.9,49.8,D,0
-19.0864,142.1692,332,2.3,1.5,2014-11-29,0022,Terra,MODIS,65,6.2,306.1,36.2,D,0
-19.0564,142.1531,340.2,2.3,1.5,2014-11-29,0022,Terra,MODIS,87,6.2,304.9,77.9,D,0
-19.096,142.1614,347.7,2.3,1.5,2014-11-29,0022,Terra,MODIS,92,6.2,305.4,128.5,D,0
-19.0658,142.1453,333.9,2.3,1.5,2014-11-29,0022,Terra,MODIS,81,6.2,305.2,45.1,D,0
-29.3107,151.8812,315.4,1.6,1.2,2014-11-29,0024,Terra,MODIS,18,6.2,293.2,12.4,D,0
-34.0689,150.5706,318.1,1.5,1.2,2014-11-29,0026,Terra,MODIS,48,6.2,304.7,13.4,D,0
-34.0683,150.5774,318.4,1.5,1.2,2014-11-29,0026,Terra,MODIS,46,6.2,304.2,13,D,0
-33.8195,150.7966,319.1,1.6,1.2,2014-11-29,0026,Terra,MODIS,38,6.2,303.8,9,D,0
-37.8461,145.2835,318.3,1,1,2014-11-29,0027,Terra,MODIS,49,6.2,301.7,6.8,D,0
-38.0957,145.1632,318.2,1,1,2014-11-29,0027,Terra,MODIS,34,6.2,300.3,6.6,D,0
-38.1666,145.9414,313,1,1,2014-11-29,0027,Terra,MODIS,39,6.2,300.2,6,D,0
-37.9041,145.2413,318.7,1,1,2014-11-29,0027,Terra,MODIS,58,6.2,299.8,6.7,D,0
-37.9467,145.0775,320,1,1,2014-11-29,0027,Terra,MODIS,52,6.2,304,5.7,D,0
-37.692,145.0394,319.4,1,1,2014-11-29,0027,Terra,MODIS,62,6.2,303.6,5.5,D,0
-41.7339,144.987,302.9,1.1,1,2014-11-29,0028,Terra,MODIS,0,6.2,292.5,5.5,D,0
-12.2836,132.5615,318.9,2.2,1.4,2014-11-29,0158,Terra,MODIS,38,6.2,294.7,25.3,D,0
-12.3366,132.9858,321,2.4,1.5,2014-11-29,0158,Terra,MODIS,47,6.2,294,35,D,0
-13.7001,135.6318,321,4.1,1.9,2014-11-29,0159,Terra,MODIS,56,6.2,288.6,59.2,D,0
-13.3598,130.9806,317.8,1.8,1.3,2014-11-29,0159,Terra,MODIS,46,6.2,296,19.2,D,0
-13.7213,135.6243,324.9,4.1,1.9,2014-11-29,0159,Terra,MODIS,57,6.2,290.8,96.8,D,0
-13.7169,135.6299,330,4.1,1.9,2014-11-29,0159,Terra,MODIS,76,6.2,289.7,139.2,D,0
-12.4726,132.1979,313.3,2.1,1.4,2014-11-29,0159,Terra,MODIS,19,6.2,290.3,18.2,D,0
-15.635,134.7134,325,3.7,1.8,2014-11-29,0159,Terra,MODIS,73,6.2,295.2,57.5,D,0
-15.6511,134.7117,323.8,3.7,1.8,2014-11-29,0159,Terra,MODIS,69,6.2,293,48.2,D,0
-15.6428,134.707,332.3,3.7,1.8,2014-11-29,0159,Terra,MODIS,82,6.2,294.5,119.2,D,0
-14.4969,135.1201,318.6,3.8,1.8,2014-11-29,0159,Terra,MODIS,43,6.2,292.3,61.9,D,0
-15.6394,134.673,332.6,3.6,1.8,2014-11-29,0159,Terra,MODIS,82,6.2,295.1,119.5,D,0
-15.6313,134.6793,335,3.6,1.8,2014-11-29,0159,Terra,MODIS,84,6.2,295.8,139.1,D,0
-15.6474,134.6776,325.8,3.6,1.8,2014-11-29,0159,Terra,MODIS,74,6.2,294.3,60.3,D,0
-15.7054,128.7814,333.7,1.3,1.1,2014-11-29,0159,Terra,MODIS,75,6.2,308.3,20.4,D,0
-14.1005,127.3101,332.8,1.1,1,2014-11-29,0159,Terra,MODIS,47,6.2,308.9,19.5,D,0
-15.4307,128.8625,330.4,1.3,1.1,2014-11-29,0159,Terra,MODIS,57,6.2,306.1,17.2,D,0
-17.5684,127.1633,330.3,1.1,1.1,2014-11-29,0200,Terra,MODIS,65,6.2,304.8,13,D,0
-17.5588,127.1647,330.6,1.1,1.1,2014-11-29,0200,Terra,MODIS,53,6.2,306.8,14.7,D,0
-17.2566,129.5583,328.7,1.6,1.2,2014-11-29,0200,Terra,MODIS,32,6.2,304.7,15.4,D,0
-17.5463,127.1728,337,1.1,1.1,2014-11-29,0200,Terra,MODIS,80,6.2,300.4,26.3,D,0
-16.2292,127.0138,332.1,1.1,1,2014-11-29,0200,Terra,MODIS,9,6.2,308.8,23.8,D,0
-16.0324,128.8584,331.6,1.4,1.2,2014-11-29,0200,Terra,MODIS,71,6.2,307.1,17.3,D,0
-18.2647,131.2735,333.2,2.2,1.4,2014-11-29,0200,Terra,MODIS,78,6.2,307.6,41.5,D,0
-18.2518,131.2751,333.3,2.2,1.4,2014-11-29,0200,Terra,MODIS,78,6.2,307.7,40.7,D,0
-18.2534,131.2814,333.3,2.2,1.4,2014-11-29,0200,Terra,MODIS,77,6.2,307.5,40.5,D,0
-18.2381,131.2625,333.5,2.2,1.4,2014-11-29,0200,Terra,MODIS,76,6.2,308,41.5,D,0
-20.9941,120.5247,334.8,1.3,1.1,2014-11-29,0201,Terra,MODIS,63,6.2,312.4,14.8,D,0
-20.992,120.5122,336.5,1.3,1.1,2014-11-29,0201,Terra,MODIS,55,6.2,314.7,16.5,D,0
-21.4601,119.8819,331,1.4,1.2,2014-11-29,0201,Terra,MODIS,60,6.2,310.7,21.6,D,0
-21.2524,118.9539,345.2,1.6,1.2,2014-11-29,0201,Terra,MODIS,88,6.2,319.1,56.7,D,0
-21.251,118.9475,343.9,1.6,1.2,2014-11-29,0201,Terra,MODIS,86,6.2,317.9,53.5,D,0
-21.2538,118.963,335.3,1.6,1.2,2014-11-29,0201,Terra,MODIS,68,6.2,319.5,25.2,D,0
-24.4895,129.593,341.7,2,1.4,2014-11-29,0202,Terra,MODIS,85,6.2,313.7,66.5,D,0
-24.4916,129.6128,338.4,2,1.4,2014-11-29,0202,Terra,MODIS,81,6.2,312.2,48.9,D,0
-24.4914,129.5872,338.4,2,1.4,2014-11-29,0202,Terra,MODIS,81,6.2,313.1,51.9,D,0
-24.4934,129.6069,343,2,1.4,2014-11-29,0202,Terra,MODIS,86,6.2,313.4,70.1,D,0
-23.8793,121.8535,336.3,1,1,2014-11-29,0202,Terra,MODIS,66,6.2,315.8,14.5,D,0
-24.6732,118.8178,332,1.4,1.2,2014-11-29,0202,Terra,MODIS,69,6.2,313.5,24.1,D,0
-24.6626,118.8201,327.9,1.4,1.2,2014-11-29,0202,Terra,MODIS,38,6.2,310.5,14.7,D,0
-23.8809,121.8637,333.2,1,1,2014-11-29,0202,Terra,MODIS,40,6.2,315.4,9.3,D,0
-22.0546,119.049,327.5,1.5,1.2,2014-11-29,0202,Terra,MODIS,45,6.2,313.9,17.7,D,0
-24.5938,130.2288,331.9,2.2,1.4,2014-11-29,0202,Terra,MODIS,27,6.2,311,30.6,D,0
-22.0184,116.492,334,2.3,1.5,2014-11-29,0202,Terra,MODIS,72,6.2,318.3,47.9,D,0
-22.1805,117.2003,331.6,2.1,1.4,2014-11-29,0202,Terra,MODIS,50,6.2,315.9,26.1,D,0
-22.1715,117.2217,332.3,2,1.4,2014-11-29,0202,Terra,MODIS,69,6.2,317,31,D,0
-22.168,117.2029,333.1,2.1,1.4,2014-11-29,0202,Terra,MODIS,71,6.2,317.2,33.7,D,0
-29.7421,124.1971,362.3,1.1,1.1,2014-11-29,0203,Terra,MODIS,100,6.2,316.5,85.1,D,0
-24.5412,151.387,318.5,3.4,1.7,2014-11-29,0306,Aqua,MODIS,70,6.2,295.1,75.2,D,0
-35.0524,138.9346,330.9,1,1,2014-11-29,0442,Aqua,MODIS,48,6.2,311.4,10.3,D,0
-28.5956,130.3319,330.7,2.1,1.4,2014-11-29,0444,Aqua,MODIS,27,6.2,303.4,57.1,D,0
-19.1173,142.0546,331.1,2.3,1.5,2014-11-29,0446,Aqua,MODIS,56,6.2,304.6,32.8,D,0
-19.0394,142.6978,341.9,2.6,1.5,2014-11-29,0446,Aqua,MODIS,87,6.2,308.2,105.1,D,0
-19.0455,142.7067,340.1,2.6,1.5,2014-11-29,0446,Aqua,MODIS,86,6.2,308.9,90.5,D,0
-19.0761,142.1535,330.2,2.3,1.5,2014-11-29,0446,Aqua,MODIS,54,6.2,306.1,19.1,D,0
-16.7981,138.0632,343.6,1.3,1.1,2014-11-29,0447,Aqua,MODIS,84,6.2,295.8,52.6,D,0
-16.7409,138.0913,333.6,1.3,1.1,2014-11-29,0447,Aqua,MODIS,79,6.2,297.7,26.5,D,0
-16.747,138.0542,339.7,1.3,1.1,2014-11-29,0447,Aqua,MODIS,75,6.2,297.1,42.3,D,0
-16.7367,138.0524,326,1.3,1.1,2014-11-29,0447,Aqua,MODIS,38,6.2,297.2,11.9,D,0
-16.7388,138.0401,330.5,1.3,1.1,2014-11-29,0447,Aqua,MODIS,0,6.2,294.8,21.4,D,0
-16.7374,138.0585,327.1,1.3,1.1,2014-11-29,0447,Aqua,MODIS,38,6.2,297.7,12.8,D,0
-16.7394,138.0461,328.6,1.3,1.1,2014-11-29,0447,Aqua,MODIS,61,6.2,297,16.5,D,0
-15.7322,141.7149,336.3,2.5,1.5,2014-11-29,0447,Aqua,MODIS,80,6.2,298,83.8,D,0
-16.7468,137.991,349.9,1.3,1.1,2014-11-29,0447,Aqua,MODIS,0,6.2,294.8,72.3,D,0
-16.7488,137.9787,337.1,1.3,1.1,2014-11-29,0447,Aqua,MODIS,63,6.2,294.8,36.7,D,0
-16.7508,137.9665,337.1,1.3,1.1,2014-11-29,0447,Aqua,MODIS,72,6.2,296.4,36.2,D,0
-16.7528,137.9543,333,1.3,1.1,2014-11-29,0447,Aqua,MODIS,50,6.2,297,27.1,D,0
-16.7472,137.9969,337.3,1.3,1.1,2014-11-29,0447,Aqua,MODIS,63,6.2,289.7,37.4,D,0
-16.7491,137.9846,336.8,1.3,1.1,2014-11-29,0447,Aqua,MODIS,78,6.2,294.3,37.8,D,0
-16.751,137.9724,322,1.3,1.1,2014-11-29,0447,Aqua,MODIS,23,6.2,293.3,10.3,D,0
-16.737,137.9951,336.3,1.3,1.1,2014-11-29,0447,Aqua,MODIS,0,6.2,296.4,34.1,D,0
-16.7389,137.9828,331.7,1.3,1.1,2014-11-29,0447,Aqua,MODIS,66,6.2,295.3,24.5,D,0
-16.7409,137.9706,346.5,1.3,1.1,2014-11-29,0447,Aqua,MODIS,86,6.2,298.3,59.1,D,0
-16.7428,137.9584,350.4,1.3,1.1,2014-11-29,0447,Aqua,MODIS,94,6.2,298.9,73.4,D,0
-16.6039,137.9285,327.8,1.3,1.1,2014-11-29,0447,Aqua,MODIS,61,6.2,298,16.5,D,0
-16.6058,137.9163,331,1.3,1.1,2014-11-29,0447,Aqua,MODIS,73,6.2,299.4,22.5,D,0
-16.8235,137.9044,334.3,1.3,1.1,2014-11-29,0447,Aqua,MODIS,68,6.2,298.4,25.5,D,0
-16.8254,137.8923,382.5,1.3,1.1,2014-11-29,0447,Aqua,MODIS,94,6.2,301.3,212.9,D,0
-16.8273,137.8802,332.1,1.3,1.1,2014-11-29,0447,Aqua,MODIS,62,6.2,298.4,20.7,D,0
-16.8134,137.9026,339.7,1.3,1.1,2014-11-29,0447,Aqua,MODIS,86,6.2,298,35.7,D,0
-16.8153,137.8905,368.4,1.3,1.1,2014-11-29,0447,Aqua,MODIS,100,6.2,301.2,133.7,D,0
-16.8033,137.9008,336.3,1.3,1.1,2014-11-29,0447,Aqua,MODIS,82,6.2,300.3,27.5,D,0
-16.8052,137.8887,330.2,1.3,1.1,2014-11-29,0447,Aqua,MODIS,68,6.2,300.5,13.8,D,0
-15.7251,141.7215,339.7,2.5,1.5,2014-11-29,0447,Aqua,MODIS,87,6.2,296.2,103.2,D,0
-15.6391,134.6677,384.1,1,1,2014-11-29,0447,Aqua,MODIS,94,6.2,307.7,155.5,D,0
-15.7388,141.7241,331,2.5,1.5,2014-11-29,0447,Aqua,MODIS,73,6.2,299.4,48.6,D,0
-15.6481,134.6691,337,1,1,2014-11-29,0447,Aqua,MODIS,68,6.2,302.9,21.3,D,0
-15.728,141.7383,328.6,2.5,1.5,2014-11-29,0447,Aqua,MODIS,55,6.2,298.6,44.6,D,0
-17.7661,141.9577,327.1,2.4,1.5,2014-11-29,0447,Aqua,MODIS,28,6.2,299.1,31,D,0
-17.7702,141.9354,328,2.4,1.5,2014-11-29,0447,Aqua,MODIS,37,6.2,302,34.2,D,0
-17.562,143.2955,331.3,3,1.7,2014-11-29,0447,Aqua,MODIS,48,6.2,302.8,64.9,D,0
-17.5598,143.3001,334,3,1.7,2014-11-29,0447,Aqua,MODIS,68,6.2,301.8,84.5,D,0
-17.3515,143.4228,327.7,3.1,1.7,2014-11-29,0447,Aqua,MODIS,0,6.2,299.1,60.5,D,0
-15.796,145.1411,324.5,4.5,2,2014-11-29,0447,Aqua,MODIS,54,6.2,287.9,141.4,D,0
-15.6516,134.7078,340.4,1,1,2014-11-29,0447,Aqua,MODIS,78,6.2,310.2,22.7,D,0
-15.6503,134.7171,338.3,1,1,2014-11-29,0447,Aqua,MODIS,68,6.2,309.5,18.5,D,0
-16.977,138.0314,325.6,1.3,1.1,2014-11-29,0447,Aqua,MODIS,31,6.2,296.7,15.3,D,0
-16.9384,138.0751,330.4,1.3,1.1,2014-11-29,0447,Aqua,MODIS,50,6.2,297.8,22.7,D,0
-16.9207,138.0652,330.8,1.3,1.1,2014-11-29,0447,Aqua,MODIS,72,6.2,295,23.8,D,0
-16.9226,138.0529,326.2,1.3,1.1,2014-11-29,0447,Aqua,MODIS,44,6.2,293.2,15.2,D,0
-17.492,143.3397,336.5,3.1,1.7,2014-11-29,0447,Aqua,MODIS,72,6.2,301.7,108.8,D,0
-15.653,134.6985,337.3,1,1,2014-11-29,0447,Aqua,MODIS,66,6.2,309.8,18.4,D,0
-15.7549,136.4865,332.2,1.1,1.1,2014-11-29,0447,Aqua,MODIS,58,6.2,308.4,16.2,D,0
-12.8103,131.6928,343.6,1.1,1,2014-11-29,0448,Aqua,MODIS,90,6.2,300.8,40.2,D,0
-12.3392,132.3837,333.2,1,1,2014-11-29,0448,Aqua,MODIS,57,6.2,308.9,16.2,D,0
-13.3984,131.1711,330.1,1.2,1.1,2014-11-29,0448,Aqua,MODIS,75,6.2,302.8,14.7,D,0
-13.6569,135.6186,332,1.1,1,2014-11-29,0448,Aqua,MODIS,58,6.2,305.1,14.4,D,0
-13.9961,136.6027,334.9,1.2,1.1,2014-11-29,0448,Aqua,MODIS,63,6.2,305.2,22.9,D,0
-13.3999,131.1604,340,1.2,1.1,2014-11-29,0448,Aqua,MODIS,88,6.2,304.8,33.3,D,0
-13.4096,131.1618,356.2,1.2,1.1,2014-11-29,0448,Aqua,MODIS,98,6.2,303.6,77,D,0
-13.4266,143.4415,314,3.8,1.8,2014-11-29,0448,Aqua,MODIS,55,6.2,298.6,41,D,0
-13.4331,143.4065,314.9,3.8,1.8,2014-11-29,0448,Aqua,MODIS,61,6.2,297.6,45,D,0
-12.4231,132.1825,337.5,1,1,2014-11-29,0448,Aqua,MODIS,86,6.2,300.5,27,D,0
-12.8479,131.6982,326,1.1,1,2014-11-29,0448,Aqua,MODIS,31,6.2,298.9,16.9,D,0
-12.4245,132.1729,330.4,1,1,2014-11-29,0448,Aqua,MODIS,50,6.2,299.9,16.9,D,0
-14.3161,135.4543,333.7,1.1,1,2014-11-29,0448,Aqua,MODIS,63,6.2,304.7,17.4,D,0
-14.3098,135.4333,339.8,1.1,1,2014-11-29,0448,Aqua,MODIS,84,6.2,301,30.4,D,0
-14.3176,135.4445,366.1,1.1,1,2014-11-29,0448,Aqua,MODIS,100,6.2,304.5,95.8,D,0
-14.3084,135.4431,346.8,1.1,1,2014-11-29,0448,Aqua,MODIS,91,6.2,303.7,42.9,D,0
-13.5687,143.4825,314.4,3.8,1.8,2014-11-29,0448,Aqua,MODIS,53,6.2,297.4,36.4,D,0
-12.8023,131.6813,340.6,1.1,1,2014-11-29,0448,Aqua,MODIS,88,6.2,300.7,35.6,D,0
-12.8117,131.6827,336.2,1.1,1,2014-11-29,0448,Aqua,MODIS,61,6.2,300.2,28.3,D,0
-12.18,134.6593,327.8,1,1,2014-11-29,0448,Aqua,MODIS,62,6.2,305.8,8.8,D,0
-12.1892,134.6608,327.2,1,1,2014-11-29,0448,Aqua,MODIS,64,6.2,304.7,8.6,D,0
-12.5341,134.9301,331.3,1.1,1,2014-11-29,0448,Aqua,MODIS,64,6.2,302.2,16.5,D,0
-30.4944,125.1652,323.6,4.3,1.9,2014-11-29,0622,Aqua,MODIS,70,6.2,304,69.2,D,0
-30.4947,125.1614,323.2,4.3,1.9,2014-11-29,0622,Aqua,MODIS,57,6.2,304.3,62,D,0
-25.7724,123.4874,338.5,4.4,1.9,2014-11-29,0623,Aqua,MODIS,77,6.2,313.8,176.3,D,0
-25.7733,123.4963,351.7,4.4,1.9,2014-11-29,0623,Aqua,MODIS,93,6.2,313.2,398.8,D,0
-25.7832,123.4531,331.2,4.4,1.9,2014-11-29,0623,Aqua,MODIS,56,6.2,314.7,85.3,D,0
-22.1794,117.1859,333,1.9,1.4,2014-11-29,0624,Aqua,MODIS,46,6.2,321.1,16.2,D,0
-22.0747,116.7442,335.2,1.8,1.3,2014-11-29,0624,Aqua,MODIS,61,6.2,322.6,21.6,D,0
-22.0724,116.6895,336.9,1.8,1.3,2014-11-29,0624,Aqua,MODIS,36,6.2,324.6,24,D,0
-22.2008,119.8854,331,3,1.7,2014-11-29,0624,Aqua,MODIS,56,6.2,311.5,57.4,D,0
-23.8914,121.8933,363.1,3.8,1.8,2014-11-29,0624,Aqua,MODIS,100,6.2,314.4,522.7,D,0
-23.8928,121.847,331.1,3.8,1.8,2014-11-29,0624,Aqua,MODIS,50,6.2,314.6,66.8,D,0
-23.8994,121.8564,344.4,3.8,1.8,2014-11-29,0624,Aqua,MODIS,87,6.2,315.5,211.1,D,0
-23.9011,121.8883,354.6,3.8,1.8,2014-11-29,0624,Aqua,MODIS,96,6.2,312.8,368.1,D,0
-23.8849,121.8841,342.7,3.8,1.8,2014-11-29,0624,Aqua,MODIS,85,6.2,315.1,194.1,D,0
-21.0144,120.484,336.8,3.5,1.8,2014-11-29,0624,Aqua,MODIS,72,6.2,313.5,80.9,D,0
-20.9773,120.5818,347.3,3.6,1.8,2014-11-29,0624,Aqua,MODIS,81,6.2,307,235.2,D,0
-21.0141,120.5109,346.1,3.6,1.8,2014-11-29,0624,Aqua,MODIS,88,6.2,312.7,186,D,0
-21.0073,120.5448,357,3.6,1.8,2014-11-29,0624,Aqua,MODIS,97,6.2,311.1,355.3,D,0
-20.9916,120.5139,334.9,3.6,1.8,2014-11-29,0624,Aqua,MODIS,43,6.2,312.7,60.7,D,0
-20.9845,120.5752,384.8,3.6,1.8,2014-11-29,0624,Aqua,MODIS,100,6.2,307.9,990.4,D,0
-21.0074,120.5175,360.2,3.6,1.8,2014-11-29,0624,Aqua,MODIS,100,6.2,314.2,387.4,D,0
-20.9845,120.5476,404.3,3.6,1.8,2014-11-29,0624,Aqua,MODIS,100,6.2,315.6,1632,D,0
-20.9915,120.5409,406.6,3.6,1.8,2014-11-29,0624,Aqua,MODIS,100,6.2,319.5,1730.9,D,0
-20.9984,120.5071,341.9,3.6,1.8,2014-11-29,0624,Aqua,MODIS,78,6.2,313.9,140.2,D,0
-21.0003,120.5514,384,3.6,1.8,2014-11-29,0624,Aqua,MODIS,100,6.2,313.4,947,D,0
-34.4632,150.8775,307.9,1.5,1.2,2014-11-29,1229,Terra,MODIS,73,6.2,289.9,15.4,N,2
-32.7907,151.7427,334.3,1.3,1.1,2014-11-29,1229,Terra,MODIS,100,6.2,289.4,51,N,0
-29.1503,152.1624,301.5,1.1,1.1,2014-11-29,1230,Terra,MODIS,30,6.2,285,6.8,N,0
-28.4147,149.4067,306.4,1.5,1.2,2014-11-29,1230,Terra,MODIS,68,6.2,291.5,13.2,N,0
-24.4652,149.5931,304,1.3,1.1,2014-11-29,1231,Terra,MODIS,58,6.2,289.7,8.1,N,0
-22.6244,150.2845,301.5,1.2,1.1,2014-11-29,1232,Terra,MODIS,38,6.2,289.8,4.3,N,0
-24.7348,145.0579,302.4,2.8,1.6,2014-11-29,1232,Terra,MODIS,49,6.2,292.2,15.4,N,0
-24.7323,145.0509,303.1,2.8,1.6,2014-11-29,1232,Terra,MODIS,53,6.2,292.2,17.8,N,0
-22.9103,149.778,305.1,1.2,1.1,2014-11-29,1232,Terra,MODIS,63,6.2,291.4,7.3,N,0
-22.9118,149.7658,302.8,1.2,1.1,2014-11-29,1232,Terra,MODIS,47,6.2,291.3,5.6,N,0
-22.6258,150.2728,300.8,1.2,1.1,2014-11-29,1232,Terra,MODIS,25,6.2,290.5,3.6,N,0
-22.6076,150.2401,302,1.2,1.1,2014-11-29,1232,Terra,MODIS,46,6.2,291.5,5,N,0
-24.002,149.0554,300.8,1.4,1.2,2014-11-29,1232,Terra,MODIS,33,6.2,289.6,6.7,N,0
-22.9494,149.7901,303.1,1.2,1.1,2014-11-29,1232,Terra,MODIS,53,6.2,291.5,5.4,N,0
-17.4641,145.4797,314.7,2,1.4,2014-11-29,1234,Terra,MODIS,90,6.2,286,42.9,N,0
-17.4663,145.4599,304.3,2.1,1.4,2014-11-29,1234,Terra,MODIS,59,6.2,286.3,21.7,N,0
-29.7399,124.1892,323.9,1.7,1.3,2014-11-29,1409,Terra,MODIS,100,6.2,293.1,47.9,N,0
-29.7416,124.1714,311,1.7,1.3,2014-11-29,1409,Terra,MODIS,81,6.2,292.3,22.4,N,0
-29.7443,124.1842,317.1,1.7,1.3,2014-11-29,1409,Terra,MODIS,94,6.2,292.5,33.5,N,0
-29.7326,124.1828,325.1,1.7,1.3,2014-11-29,1409,Terra,MODIS,100,6.2,293.5,51.5,N,0
-30.4744,125.1299,308.1,1.5,1.2,2014-11-29,1409,Terra,MODIS,74,6.2,292.5,13.5,N,0
-30.4721,125.1394,307.5,1.5,1.2,2014-11-29,1409,Terra,MODIS,28,6.2,292.4,12,N,0
-28.6819,129.4212,321,1,1,2014-11-29,1409,Terra,MODIS,100,6.2,295.5,17.5,N,0
-28.6743,129.4093,312.4,1,1,2014-11-29,1409,Terra,MODIS,85,6.2,294.7,9.9,N,0
-28.6728,129.4196,313.7,1,1,2014-11-29,1409,Terra,MODIS,88,6.2,294.9,11,N,0
-28.6833,129.411,314.4,1,1,2014-11-29,1409,Terra,MODIS,89,6.2,295,11.6,N,0
-29.0924,129.5746,311.8,1,1,2014-11-29,1409,Terra,MODIS,83,6.2,293.5,10.8,N,0
-29.0939,129.5644,307.9,1,1,2014-11-29,1409,Terra,MODIS,73,6.2,293.5,7.8,N,0
-24.4645,129.5854,309.4,1,1,2014-11-29,1410,Terra,MODIS,33,6.2,297,6.2,N,0
-20.9901,120.6214,325.3,2.3,1.5,2014-11-29,1411,Terra,MODIS,100,6.2,301.3,64.4,N,0
-20.9436,120.5869,313.4,2.3,1.5,2014-11-29,1411,Terra,MODIS,84,6.2,299.4,25.9,N,0
-20.9413,120.6091,309.7,2.3,1.5,2014-11-29,1411,Terra,MODIS,72,6.2,299.6,16.6,N,0
-20.9656,120.6347,324.5,2.3,1.5,2014-11-29,1411,Terra,MODIS,100,6.2,300.7,60.3,N,0
-20.9632,120.6568,315.3,2.3,1.5,2014-11-29,1411,Terra,MODIS,89,6.2,299.9,31.6,N,0
-20.9522,120.5944,313.6,2.3,1.5,2014-11-29,1411,Terra,MODIS,79,6.2,300,23.9,N,0
-20.9611,120.6406,315.5,2.3,1.5,2014-11-29,1411,Terra,MODIS,89,6.2,299.8,31.3,N,0
-20.9767,120.62,322.9,2.3,1.5,2014-11-29,1411,Terra,MODIS,100,6.2,300.6,54,N,0
-20.9745,120.6422,341.1,2.3,1.5,2014-11-29,1411,Terra,MODIS,100,6.2,302,139.9,N,0
-20.9722,120.6644,314.9,2.3,1.5,2014-11-29,1411,Terra,MODIS,88,6.2,300.6,30.9,N,0
-20.9878,120.6436,312.5,2.3,1.5,2014-11-29,1411,Terra,MODIS,81,6.2,300.8,23.2,N,0
-22.5179,122.8089,318.9,1.7,1.3,2014-11-29,1411,Terra,MODIS,98,6.2,293.3,30,N,0
-22.5313,122.7938,331.6,1.7,1.3,2014-11-29,1411,Terra,MODIS,100,6.2,294.8,61.8,N,0
-22.5294,122.8104,309.8,1.7,1.3,2014-11-29,1411,Terra,MODIS,43,6.2,294,14.1,N,0
-22.5278,122.7996,332.5,1.7,1.3,2014-11-29,1411,Terra,MODIS,100,6.2,295.1,63.6,N,0
-22.5295,122.783,313.9,1.7,1.3,2014-11-29,1411,Terra,MODIS,61,6.2,293.9,21.2,N,0
-22.0564,119.0863,309.8,3.1,1.7,2014-11-29,1411,Terra,MODIS,76,6.2,297.6,37.3,N,0
-22.5197,122.7923,315.7,1.7,1.3,2014-11-29,1411,Terra,MODIS,68,6.2,296.3,24.3,N,0
-16.8114,125.3534,303.2,1.1,1,2014-11-29,1412,Terra,MODIS,43,6.2,282.3,4.6,N,0
-19.0399,125.0111,311.5,1.1,1.1,2014-11-29,1412,Terra,MODIS,77,6.2,299.1,8.2,N,0
-17.0946,125.0141,306.4,1.1,1,2014-11-29,1412,Terra,MODIS,57,6.2,293.5,4.2,N,0
-15.3172,125.331,312.8,1,1,2014-11-29,1413,Terra,MODIS,85,6.2,294.3,9,N,0
-15.4042,124.6926,321.6,1.1,1,2014-11-29,1413,Terra,MODIS,100,6.2,294.7,18.1,N,0
-16.3189,124.8559,306.6,1.1,1,2014-11-29,1413,Terra,MODIS,64,6.2,293.4,4.9,N,0
-15.8221,145.1746,308,1.1,1,2014-11-29,1539,Aqua,MODIS,73,6.2,289.7,10,N,0
-17.4628,145.4771,315.7,1,1,2014-11-29,1539,Aqua,MODIS,92,6.2,287.7,16.5,N,0
-17.4642,145.4867,300.7,1,1,2014-11-29,1539,Aqua,MODIS,32,6.2,287,6.2,N,0
-17.5252,143.3404,312,1.2,1.1,2014-11-29,1539,Aqua,MODIS,80,6.2,293.8,10.4,N,0
-14.5876,144.6407,302.1,1.2,1.1,2014-11-29,1539,Aqua,MODIS,47,6.2,291.3,4,N,0
-17.4681,143.428,305.7,1.2,1.1,2014-11-29,1539,Aqua,MODIS,55,6.2,293.2,5.3,N,0
-15.126,145.01,303,1.1,1,2014-11-29,1539,Aqua,MODIS,53,6.2,288.6,4.6,N,0
-14.8684,144.6632,302.7,1.1,1.1,2014-11-29,1539,Aqua,MODIS,27,6.2,288.9,4.2,N,0
-21.2854,145.0534,303.7,1,1,2014-11-29,1540,Aqua,MODIS,56,6.2,293.4,4.5,N,0
-24.7213,145.0691,308.5,1,1,2014-11-29,1541,Aqua,MODIS,64,6.2,293,8.5,N,0
-22.9076,149.7782,301.1,1.5,1.2,2014-11-29,1541,Aqua,MODIS,37,6.2,290.2,8.4,N,0
-23.2923,150.1554,308.1,1.6,1.3,2014-11-29,1541,Aqua,MODIS,73,6.2,290.3,17.6,N,0
-23.2942,150.1722,300.3,1.6,1.3,2014-11-29,1541,Aqua,MODIS,25,6.2,289.9,8.4,N,0
-17.255,123.8111,307.5,1.1,1.1,2014-11-29,1718,Aqua,MODIS,64,6.2,296.3,5.8,N,0
-20.9415,120.6007,314.3,1,1,2014-11-29,1719,Aqua,MODIS,88,6.2,299.2,9.9,N,0
-20.9832,120.633,311.1,1,1,2014-11-29,1719,Aqua,MODIS,42,6.2,299.5,6.6,N,0
-20.9757,120.6441,312.9,1,1,2014-11-29,1719,Aqua,MODIS,64,6.2,299.8,7.9,N,0
-20.9667,120.6456,321,1,1,2014-11-29,1719,Aqua,MODIS,100,6.2,299.4,14.9,N,0
-20.9591,120.6566,351.6,1,1,2014-11-29,1719,Aqua,MODIS,100,6.2,301.2,62.5,N,0
-20.9577,120.6471,349.5,1,1,2014-11-29,1719,Aqua,MODIS,100,6.2,299.9,57.9,N,0
-20.9491,120.5896,326.9,1,1,2014-11-29,1719,Aqua,MODIS,100,6.2,299.8,22,N,0
-20.9477,120.58,312.4,1,1,2014-11-29,1719,Aqua,MODIS,84,6.2,298.4,8.2,N,0
-22.0355,119.0775,308.1,1.1,1,2014-11-29,1719,Aqua,MODIS,72,6.2,297,6.5,N,0
-22.0555,119.0843,307.1,1.1,1,2014-11-29,1719,Aqua,MODIS,57,6.2,295.4,5.7,N,0
-22.5255,122.7643,312.2,1.1,1.1,2014-11-29,1719,Aqua,MODIS,76,6.2,286.9,14.2,N,0
-24.6658,118.8065,308.8,1,1,2014-11-29,1720,Aqua,MODIS,76,6.2,293.2,8.8,N,0
-24.6673,118.8166,305.7,1,1,2014-11-29,1720,Aqua,MODIS,65,6.2,292.2,6.8,N,0
-29.732,124.1834,304,1.6,1.3,2014-11-29,1721,Aqua,MODIS,44,6.2,290.5,12.6,N,0
-29.7288,124.1765,301.8,1.6,1.3,2014-11-29,1721,Aqua,MODIS,44,6.2,290.4,10.9,N,0
-29.7306,124.1936,300.3,1.6,1.3,2014-11-29,1721,Aqua,MODIS,24,6.2,290.2,9.4,N,0
-12.8018,136.4715,320.8,1.3,1.1,2014-11-30,0103,Terra,MODIS,0,6.2,291.5,11.3,D,0
-13.8599,141.9869,323.1,1.2,1.1,2014-11-30,0103,Terra,MODIS,54,6.2,300.8,9.2,D,0
-11.3159,142.3246,316.8,1.1,1.1,2014-11-30,0103,Terra,MODIS,36,6.2,294,7.7,D,0
-12.3918,132.8753,318.7,2.4,1.5,2014-11-30,0103,Terra,MODIS,53,6.2,289.4,25.1,D,0
-14.9628,144.5213,326.6,1.7,1.3,2014-11-30,0104,Terra,MODIS,60,6.2,300.1,30.7,D,0
-14.9588,144.516,330.7,1.7,1.3,2014-11-30,0104,Terra,MODIS,72,6.2,300.5,43,D,0
-13.6791,135.6357,324.2,1.4,1.2,2014-11-30,0104,Terra,MODIS,0,6.2,291.2,18.9,D,0
-13.9826,136.6147,333.3,1.2,1.1,2014-11-30,0104,Terra,MODIS,69,6.2,297.9,27.6,D,0
-16.9351,143.2319,330.5,1.5,1.2,2014-11-30,0104,Terra,MODIS,52,6.2,305.3,12.9,D,0
-16.8373,143.1803,361.6,1.5,1.2,2014-11-30,0104,Terra,MODIS,100,6.2,305.7,126.7,D,0
-17.1512,143.4091,337.4,1.6,1.2,2014-11-30,0104,Terra,MODIS,81,6.2,307.7,34.3,D,0
-17.0406,143.2551,339.9,1.5,1.2,2014-11-30,0104,Terra,MODIS,83,6.2,308.2,38,D,0
-17.1863,143.4194,335.5,1.6,1.2,2014-11-30,0104,Terra,MODIS,72,6.2,307.9,27.7,D,0
-15.2963,141.6096,334.2,1.1,1.1,2014-11-30,0104,Terra,MODIS,66,6.2,310,15.8,D,0
-15.7401,141.7139,330.7,1.2,1.1,2014-11-30,0104,Terra,MODIS,53,6.2,305.2,11.1,D,0
-14.9799,144.3999,328.4,1.7,1.3,2014-11-30,0104,Terra,MODIS,69,6.2,297.2,41.3,D,0
-17.45,143.4266,334.6,1.6,1.2,2014-11-30,0104,Terra,MODIS,75,6.2,310.7,29.7,D,0
-16.8265,143.1817,334,1.5,1.2,2014-11-30,0104,Terra,MODIS,78,6.2,304.9,26.6,D,0
-17.4519,143.4414,333.5,1.6,1.2,2014-11-30,0104,Terra,MODIS,74,6.2,308,27.3,D,0
-17.5298,143.335,355.2,1.6,1.2,2014-11-30,0104,Terra,MODIS,97,6.2,309.6,99.4,D,0
-17.5433,143.3422,331.5,1.6,1.2,2014-11-30,0104,Terra,MODIS,63,6.2,305.7,21.9,D,0
-17.5317,143.3496,351.4,1.6,1.2,2014-11-30,0104,Terra,MODIS,94,6.2,307,86,D,0
-17.5841,143.3074,335.9,1.6,1.2,2014-11-30,0104,Terra,MODIS,80,6.2,307.3,30.3,D,0
-16.8625,143.2053,331.5,1.5,1.2,2014-11-30,0104,Terra,MODIS,70,6.2,305.4,17.1,D,0
-16.946,143.2304,335.9,1.5,1.2,2014-11-30,0104,Terra,MODIS,80,6.2,306,27.8,D,0
-16.9678,143.2275,332.1,1.5,1.2,2014-11-30,0104,Terra,MODIS,74,6.2,307.5,20.3,D,0
-16.9569,143.229,338.6,1.5,1.2,2014-11-30,0104,Terra,MODIS,83,6.2,307.8,37,D,0
-16.9587,143.243,335.1,1.5,1.2,2014-11-30,0104,Terra,MODIS,79,6.2,306,27.8,D,0
-16.9787,143.2261,339.5,1.5,1.2,2014-11-30,0104,Terra,MODIS,84,6.2,304.9,40.7,D,0
-17.5409,143.3336,349.9,1.6,1.2,2014-11-30,0104,Terra,MODIS,93,6.2,307.3,77.8,D,0
-17.5415,143.3276,335.7,1.6,1.2,2014-11-30,0104,Terra,MODIS,65,6.2,307.2,29.9,D,0
-16.8356,143.1665,338,1.5,1.2,2014-11-30,0104,Terra,MODIS,83,6.2,302.5,36.5,D,0
-16.6892,142.9027,327.8,1.4,1.2,2014-11-30,0104,Terra,MODIS,31,6.2,300,15.7,D,0
-16.6981,142.8881,331.3,1.4,1.2,2014-11-30,0104,Terra,MODIS,64,6.2,301.8,21.6,D,0
-17.4611,143.4252,336.3,1.6,1.2,2014-11-30,0104,Terra,MODIS,79,6.2,309.7,35.1,D,0
-17.474,143.4322,339.9,1.6,1.2,2014-11-30,0104,Terra,MODIS,85,6.2,306.8,47.7,D,0
-15.7775,145.1695,323.4,2,1.4,2014-11-30,0104,Terra,MODIS,33,6.2,294.6,40.2,D,0
-19.1191,142.0317,335.5,1.3,1.1,2014-11-30,0105,Terra,MODIS,76,6.2,308.1,21.4,D,0
-19.1053,142.1444,335.5,1.4,1.2,2014-11-30,0105,Terra,MODIS,70,6.2,307.8,20.1,D,0
-19.5642,146.3646,327.6,2.8,1.6,2014-11-30,0105,Terra,MODIS,71,6.2,297.7,70.9,D,0
-19.0695,142.6731,330.6,1.5,1.2,2014-11-30,0105,Terra,MODIS,67,6.2,306.3,16.8,D,0
-19.0712,142.687,330.8,1.5,1.2,2014-11-30,0105,Terra,MODIS,68,6.2,306.6,17.5,D,0
-20.7208,134.7466,332.3,1.3,1.1,2014-11-30,0106,Terra,MODIS,70,6.2,303.7,20.1,D,0
-20.7318,134.7507,331.5,1.3,1.1,2014-11-30,0106,Terra,MODIS,67,6.2,302.6,21.3,D,0
-29.7433,124.1648,345.7,4.1,1.9,2014-11-30,0108,Terra,MODIS,92,6.2,298.7,340.6,D,0
-29.7295,124.1638,330.6,4.1,1.9,2014-11-30,0108,Terra,MODIS,79,6.2,299.6,146.5,D,0
-29.7395,124.2049,323.6,4.1,1.9,2014-11-30,0108,Terra,MODIS,64,6.2,301.1,83.8,D,0
-29.746,124.1584,322.1,4.1,1.9,2014-11-30,0108,Terra,MODIS,64,6.2,297.7,75.6,D,0
-29.7559,124.1994,321,4.1,1.9,2014-11-30,0108,Terra,MODIS,60,6.2,299.9,67.9,D,0
-28.6919,129.412,337.3,2,1.4,2014-11-30,0108,Terra,MODIS,82,6.2,307,62.2,D,0
-29.753,124.206,325.4,4.1,1.9,2014-11-30,0108,Terra,MODIS,71,6.2,301.1,106.7,D,0
-28.6797,129.415,334.6,2,1.4,2014-11-30,0108,Terra,MODIS,78,6.2,306.6,51.4,D,0
-29.094,129.5685,330.8,1.9,1.3,2014-11-30,0108,Terra,MODIS,72,6.2,304.9,36.5,D,0
-17.2797,123.794,327.2,3.8,1.8,2014-11-30,0243,Terra,MODIS,37,6.2,296.7,56.5,D,0
-21.2398,118.9396,350.2,1.9,1.3,2014-11-30,0244,Terra,MODIS,92,6.2,320,94.2,D,0
-21.2418,118.9569,340.8,1.9,1.3,2014-11-30,0244,Terra,MODIS,73,6.2,317.8,51.5,D,0
-22.5117,122.6571,336.8,3.6,1.8,2014-11-30,0244,Terra,MODIS,74,6.2,312.3,106.3,D,0
-22.5366,122.7624,345,3.7,1.8,2014-11-30,0244,Terra,MODIS,88,6.2,313.4,214.6,D,0
-22.5295,122.7701,350.5,3.7,1.8,2014-11-30,0244,Terra,MODIS,93,6.2,314.5,266.7,D,0
-22.5394,122.6971,333.1,3.6,1.8,2014-11-30,0244,Terra,MODIS,54,6.2,312.6,78.6,D,0
-22.5326,122.8062,349.7,3.7,1.8,2014-11-30,0244,Terra,MODIS,92,6.2,315.4,259.6,D,0
-22.5357,122.8424,342.3,3.7,1.8,2014-11-30,0244,Terra,MODIS,80,6.2,314.8,163.6,D,0
-22.5395,122.7985,351.3,3.7,1.8,2014-11-30,0244,Terra,MODIS,93,6.2,313.1,298.8,D,0
-22.0613,119.0782,330,1.9,1.4,2014-11-30,0244,Terra,MODIS,15,6.2,316.8,22.5,D,0
-22.5424,122.8348,347.7,3.7,1.8,2014-11-30,0244,Terra,MODIS,90,6.2,313.4,245.9,D,0
-22.5308,122.6909,341.2,3.6,1.8,2014-11-30,0244,Terra,MODIS,83,6.2,312.4,162.8,D,0
-22.4929,122.8152,342.6,3.7,1.8,2014-11-30,0244,Terra,MODIS,83,6.2,317.2,156.4,D,0
-22.5009,122.6296,343.7,3.6,1.8,2014-11-30,0244,Terra,MODIS,85,6.2,311.7,160.9,D,0
-22.2026,119.9007,335.2,2.2,1.5,2014-11-30,0244,Terra,MODIS,70,6.2,316.5,49.1,D,0
-22.5,122.8092,335.7,3.7,1.8,2014-11-30,0244,Terra,MODIS,62,6.2,315.8,86.4,D,0
-22.1998,119.8954,336.9,2.2,1.5,2014-11-30,0244,Terra,MODIS,75,6.2,316.8,59.5,D,0
-20.9388,120.5887,333.6,2.4,1.5,2014-11-30,0244,Terra,MODIS,27,6.2,318.8,30.3,D,0
-20.9805,120.6501,348.5,2.5,1.5,2014-11-30,0244,Terra,MODIS,90,6.2,316.6,129.1,D,0
-20.9733,120.6565,344.8,2.5,1.5,2014-11-30,0244,Terra,MODIS,81,6.2,315.6,97.1,D,0
-21.0007,120.6535,336.5,2.5,1.5,2014-11-30,0244,Terra,MODIS,61,6.2,316.8,51.2,D,0
-20.987,120.655,340.3,2.5,1.5,2014-11-30,0244,Terra,MODIS,68,6.2,315.6,69.7,D,0
-20.9942,120.6486,343.2,2.5,1.5,2014-11-30,0244,Terra,MODIS,84,6.2,317.1,92.7,D,0
-24.692,118.8194,365.1,2,1.4,2014-11-30,0245,Terra,MODIS,100,6.2,320.7,222.2,D,0
-24.7046,118.8179,333.8,2,1.4,2014-11-30,0245,Terra,MODIS,67,6.2,316.5,36.9,D,0
-24.6913,118.7925,348.9,2,1.4,2014-11-30,0245,Terra,MODIS,91,6.2,318.7,108.5,D,0
-24.6933,118.8124,374.7,2,1.4,2014-11-30,0245,Terra,MODIS,100,6.2,322.6,314,D,0
-24.6899,118.7994,367.9,2,1.4,2014-11-30,0245,Terra,MODIS,100,6.2,321.1,245,D,0
-22.0363,116.7082,336.3,1.3,1.1,2014-11-30,0245,Terra,MODIS,59,6.2,324.3,15.2,D,0
-31.8627,115.8959,319.9,1.6,1.2,2014-11-30,0247,Terra,MODIS,45,6.2,300.2,10.2,D,0
-31.9927,115.9417,320.5,1.6,1.3,2014-11-30,0247,Terra,MODIS,36,6.2,299.3,10,D,0
-32.5587,152.29,314,1,1,2014-11-30,0347,Aqua,MODIS,0,6.2,300.2,7.1,D,0
-28.2583,153.4791,320,1.1,1.1,2014-11-30,0348,Aqua,MODIS,51,6.2,302.9,10.5,D,0
-24.9331,151.5161,336.3,1,1,2014-11-30,0349,Aqua,MODIS,67,6.2,303.2,30.6,D,0
-25.4998,150.4234,331.9,1,1,2014-11-30,0349,Aqua,MODIS,61,6.2,314.2,9.7,D,0
-24.5868,148.078,322.2,1.1,1,2014-11-30,0349,Aqua,MODIS,17,6.2,303.9,10.4,D,0
-25.4984,150.4333,331.9,1,1,2014-11-30,0349,Aqua,MODIS,66,6.2,314.1,10.6,D,0
-25.5476,150.4115,336.2,1,1,2014-11-30,0349,Aqua,MODIS,76,6.2,314.4,16.9,D,0
-27.2345,152.4364,332.5,1.1,1,2014-11-30,0349,Aqua,MODIS,77,6.2,309.8,14.2,D,0
-27.2329,152.447,346,1.1,1,2014-11-30,0349,Aqua,MODIS,92,6.2,307.8,38.3,D,0
-27.2253,152.4346,330.4,1.1,1,2014-11-30,0349,Aqua,MODIS,55,6.2,309.9,11.1,D,0
-22.9071,149.7767,334.5,1,1,2014-11-30,0350,Aqua,MODIS,56,6.2,295.6,23.1,D,0
-22.3384,149.579,344.7,1,1,2014-11-30,0350,Aqua,MODIS,89,6.2,307.9,34.9,D,0
-22.3398,149.5694,337.8,1,1,2014-11-30,0350,Aqua,MODIS,77,6.2,304.9,23.5,D,0
-22.6219,148.3895,343.2,1,1,2014-11-30,0350,Aqua,MODIS,82,6.2,311.5,29.9,D,0
-23.9997,149.0606,328.6,1,1,2014-11-30,0350,Aqua,MODIS,62,6.2,310.4,10.9,D,0
-22.952,149.7843,332,1,1,2014-11-30,0350,Aqua,MODIS,40,6.2,305.4,18.5,D,0
-19.0622,142.6847,352.3,2,1.4,2014-11-30,0351,Aqua,MODIS,95,6.2,308.3,135.4,D,0
-17.4716,145.4677,335.7,1.2,1.1,2014-11-30,0351,Aqua,MODIS,84,6.2,301.3,44.7,D,0
-19.06,142.704,344.2,2,1.4,2014-11-30,0351,Aqua,MODIS,90,6.2,305.8,87.9,D,0
-19.0725,142.7055,342.3,2,1.4,2014-11-30,0351,Aqua,MODIS,89,6.2,302.8,77.6,D,0
-19.0747,142.6862,363.8,2,1.4,2014-11-30,0351,Aqua,MODIS,100,6.2,304.2,215.6,D,0
-19.0678,142.1711,362.7,2.2,1.4,2014-11-30,0351,Aqua,MODIS,100,6.2,306.6,239.6,D,0
-19.0643,142.6654,337.5,2,1.4,2014-11-30,0351,Aqua,MODIS,77,6.2,306.1,54.7,D,0
-19.0652,142.1758,370.9,2.2,1.4,2014-11-30,0351,Aqua,MODIS,100,6.2,306.4,325.5,D,0
-19.0548,142.1696,343.8,2.2,1.4,2014-11-30,0351,Aqua,MODIS,90,6.2,306.5,98.8,D,0
-18.5801,145.713,324.5,1.2,1.1,2014-11-30,0351,Aqua,MODIS,61,6.2,296.5,21,D,0
-17.1589,143.4001,351.7,1.7,1.3,2014-11-30,0352,Aqua,MODIS,95,6.2,308.3,95.6,D,0
-17.1914,143.4204,334.1,1.7,1.3,2014-11-30,0352,Aqua,MODIS,59,6.2,307.7,29.6,D,0
-17.1455,143.4145,345.9,1.7,1.3,2014-11-30,0352,Aqua,MODIS,91,6.2,307.1,73.9,D,0
-15.7723,145.1575,331.3,1.2,1.1,2014-11-30,0352,Aqua,MODIS,66,6.2,304.9,22.8,D,0
-15.7708,145.1692,327.1,1.2,1.1,2014-11-30,0352,Aqua,MODIS,19,6.2,302.5,16.9,D,0
-15.7256,145.1272,326,1.2,1.1,2014-11-30,0352,Aqua,MODIS,44,6.2,301.5,13.5,D,0
-15.7738,145.1461,326.2,1.2,1.1,2014-11-30,0352,Aqua,MODIS,41,6.2,302.9,12.8,D,0
-15.7624,145.156,337.1,1.2,1.1,2014-11-30,0352,Aqua,MODIS,85,6.2,303.8,34.8,D,0
-15.7638,145.1448,329.9,1.2,1.1,2014-11-30,0352,Aqua,MODIS,66,6.2,303.7,19.3,D,0
-17.1799,143.4189,338.7,1.7,1.3,2014-11-30,0352,Aqua,MODIS,84,6.2,308.6,44.5,D,0
-17.1704,143.4016,337.8,1.7,1.3,2014-11-30,0352,Aqua,MODIS,83,6.2,307.8,39.2,D,0
-14.9972,144.3719,330.8,1.4,1.2,2014-11-30,0352,Aqua,MODIS,51,6.2,302.5,25.7,D,0
-14.5941,144.6636,321.8,1.3,1.1,2014-11-30,0352,Aqua,MODIS,34,6.2,298.3,13.2,D,0
-17.1684,143.4174,348.2,1.7,1.3,2014-11-30,0352,Aqua,MODIS,92,6.2,307.6,79.1,D,0
-17.1359,143.3972,350.6,1.7,1.3,2014-11-30,0352,Aqua,MODIS,94,6.2,306.6,95.1,D,0
-15.8311,145.1717,337.8,1.2,1.1,2014-11-30,0352,Aqua,MODIS,85,6.2,301.4,43.1,D,0
-17.1474,143.3987,366.3,1.7,1.3,2014-11-30,0352,Aqua,MODIS,100,6.2,310.4,182.2,D,0
-17.157,143.416,369.6,1.7,1.3,2014-11-30,0352,Aqua,MODIS,100,6.2,307.4,201.8,D,0
-15.8212,145.1705,335.6,1.2,1.1,2014-11-30,0352,Aqua,MODIS,76,6.2,301.5,38.2,D,0
-15.8327,145.16,327.8,1.2,1.1,2014-11-30,0352,Aqua,MODIS,72,6.2,302.3,21.9,D,0
-15.7534,145.2246,337.7,1.2,1.1,2014-11-30,0352,Aqua,MODIS,86,6.2,300.4,42,D,0
-15.7156,145.1192,334.1,1.2,1.1,2014-11-30,0352,Aqua,MODIS,82,6.2,301.3,28.2,D,0
-16.8216,143.1696,332.5,1.7,1.3,2014-11-30,0352,Aqua,MODIS,43,6.2,305.5,28.9,D,0
-15.7141,145.1374,325.7,1.2,1.1,2014-11-30,0352,Aqua,MODIS,44,6.2,302.5,13.6,D,0
-15.7141,145.1307,339,1.2,1.1,2014-11-30,0352,Aqua,MODIS,87,6.2,303.1,39.2,D,0
-15.7156,145.1257,352.7,1.2,1.1,2014-11-30,0352,Aqua,MODIS,96,6.2,302.9,74.7,D,0
-14.5926,144.6754,322,1.3,1.1,2014-11-30,0352,Aqua,MODIS,45,6.2,298.5,12.6,D,0
-16.8333,143.1711,334.1,1.7,1.3,2014-11-30,0352,Aqua,MODIS,41,6.2,307.3,30.6,D,0
-16.8352,143.1548,344.9,1.7,1.3,2014-11-30,0352,Aqua,MODIS,84,6.2,305.4,72.5,D,0
-15.7171,145.1144,325.2,1.2,1.1,2014-11-30,0352,Aqua,MODIS,63,6.2,300.1,12.6,D,0
-14.4553,144.5595,346.4,1.3,1.1,2014-11-30,0352,Aqua,MODIS,92,6.2,299.7,61.4,D,0
-16.9611,143.2325,332.1,1.7,1.3,2014-11-30,0352,Aqua,MODIS,61,6.2,305.3,27.9,D,0
-15.7241,145.1388,353.9,1.2,1.1,2014-11-30,0352,Aqua,MODIS,96,6.2,303.6,79.1,D,0
-16.9286,143.2395,336.6,1.7,1.3,2014-11-30,0352,Aqua,MODIS,79,6.2,307.4,38.8,D,0
-16.917,143.238,332.9,1.7,1.3,2014-11-30,0352,Aqua,MODIS,57,6.2,305.4,24.9,D,0
-14.4522,144.5833,328.8,1.3,1.1,2014-11-30,0352,Aqua,MODIS,77,6.2,297.7,20.9,D,0
-15.7539,145.1434,333.7,1.2,1.1,2014-11-30,0352,Aqua,MODIS,82,6.2,301.2,27,D,0
-15.8021,145.1621,333.6,1.2,1.1,2014-11-30,0352,Aqua,MODIS,63,6.2,299.9,30.7,D,0
-14.4538,144.5714,331.3,1.3,1.1,2014-11-30,0352,Aqua,MODIS,79,6.2,297.3,24.6,D,0
-14.4467,144.5462,325.1,1.3,1.1,2014-11-30,0352,Aqua,MODIS,55,6.2,295.8,16.3,D,0
-17.0951,143.2731,333,1.7,1.3,2014-11-30,0352,Aqua,MODIS,66,6.2,301.8,34.9,D,0
-15.8028,145.1557,334.8,1.2,1.1,2014-11-30,0352,Aqua,MODIS,77,6.2,302.4,31.7,D,0
-14.4452,144.5581,335.1,1.3,1.1,2014-11-30,0352,Aqua,MODIS,84,6.2,297.1,34.2,D,0
-14.7865,144.7509,335.8,1.3,1.1,2014-11-30,0352,Aqua,MODIS,84,6.2,296.3,36.3,D,0
-14.785,144.7625,345.1,1.3,1.1,2014-11-30,0352,Aqua,MODIS,86,6.2,296.4,59,D,0
-14.8198,144.7317,337.8,1.3,1.1,2014-11-30,0352,Aqua,MODIS,84,6.2,299.3,41.7,D,0
-13.4414,141.7193,326.7,2,1.4,2014-11-30,0353,Aqua,MODIS,0,6.2,302.2,35.9,D,0
-10.9774,142.698,317.9,1.5,1.2,2014-11-30,0353,Aqua,MODIS,28,6.2,291,13.9,D,0
-11.3135,142.3077,375.5,1.7,1.3,2014-11-30,0353,Aqua,MODIS,100,6.2,299.6,268.7,D,0
-10.9884,142.6995,328.8,1.5,1.2,2014-11-30,0353,Aqua,MODIS,82,6.2,294.7,35.1,D,0
-10.9865,142.7135,331.3,1.5,1.2,2014-11-30,0353,Aqua,MODIS,78,6.2,294.4,38.6,D,0
-10.9891,142.7049,330.3,1.5,1.2,2014-11-30,0353,Aqua,MODIS,83,6.2,295.6,37.9,D,0
-12.8925,143.4497,327.1,1.5,1.2,2014-11-30,0353,Aqua,MODIS,37,6.2,304.7,25.6,D,0
-11.3132,142.3162,345.6,1.7,1.3,2014-11-30,0353,Aqua,MODIS,93,6.2,297.3,96.3,D,0
-11.3154,142.2924,339.2,1.7,1.3,2014-11-30,0353,Aqua,MODIS,89,6.2,294.7,70.3,D,0
-11.3152,142.3009,364,1.7,1.3,2014-11-30,0353,Aqua,MODIS,100,6.2,297.4,190.1,D,0
-11.3116,142.323,323.6,1.7,1.3,2014-11-30,0353,Aqua,MODIS,64,6.2,296.3,26.4,D,0
-11.3038,142.2994,357,1.7,1.3,2014-11-30,0353,Aqua,MODIS,98,6.2,296.4,150.2,D,0
-11.3018,142.3147,333,1.7,1.3,2014-11-30,0353,Aqua,MODIS,80,6.2,292.1,52.3,D,0
-10.9311,142.4377,319.5,1.6,1.2,2014-11-30,0353,Aqua,MODIS,50,6.2,297.4,15.1,D,0
-10.931,142.4443,321.5,1.6,1.2,2014-11-30,0353,Aqua,MODIS,52,6.2,297.2,18.5,D,0
-11.117,142.6861,314.1,1.6,1.2,2014-11-30,0353,Aqua,MODIS,60,6.2,292.3,10.3,D,0
-31.6983,134.1129,349,1.9,1.4,2014-11-30,0526,Aqua,MODIS,92,6.2,311.9,108.4,D,0
-31.7024,134.0927,328,1.9,1.4,2014-11-30,0526,Aqua,MODIS,57,6.2,312.2,18.6,D,0
-29.752,124.1484,347.9,1.1,1.1,2014-11-30,0527,Aqua,MODIS,90,6.2,315.8,47.7,D,0
-29.7534,124.1365,334.6,1.1,1.1,2014-11-30,0527,Aqua,MODIS,68,6.2,310.7,21.4,D,0
-29.748,124.1531,338.3,1.1,1.1,2014-11-30,0527,Aqua,MODIS,64,6.2,317,21,D,0
-29.7494,124.1413,370.7,1.1,1.1,2014-11-30,0527,Aqua,MODIS,100,6.2,316.3,118.5,D,0
-29.7509,124.1294,357.7,1.1,1.1,2014-11-30,0527,Aqua,MODIS,98,6.2,311.6,73.1,D,0
-29.7383,124.1515,335.1,1.1,1.1,2014-11-30,0527,Aqua,MODIS,51,6.2,314.5,14.7,D,0
-29.7398,124.1397,373.6,1.1,1.1,2014-11-30,0527,Aqua,MODIS,100,6.2,316.2,130.6,D,0
-29.7413,124.1279,378.5,1.1,1.1,2014-11-30,0527,Aqua,MODIS,100,6.2,315.1,154.8,D,0
-28.6935,129.4138,338,1.2,1.1,2014-11-30,0527,Aqua,MODIS,76,6.2,320,17,D,0
-28.5785,130.3329,337.8,1.3,1.1,2014-11-30,0527,Aqua,MODIS,76,6.2,314.4,23.1,D,0
-28.5886,130.3353,332.8,1.3,1.1,2014-11-30,0527,Aqua,MODIS,62,6.2,314.9,13.3,D,0
-28.6838,129.4118,343.5,1.2,1.1,2014-11-30,0527,Aqua,MODIS,84,6.2,320.3,27.5,D,0
-28.6858,129.3998,348.7,1.2,1.1,2014-11-30,0527,Aqua,MODIS,90,6.2,319.9,40,D,0
-29.091,129.5557,335.3,1.2,1.1,2014-11-30,0527,Aqua,MODIS,70,6.2,317.6,12.2,D,0
-28.6742,129.4097,366.7,1.2,1.1,2014-11-30,0527,Aqua,MODIS,100,6.2,319.1,99.6,D,0
-28.6819,129.4237,346.2,1.2,1.1,2014-11-30,0527,Aqua,MODIS,88,6.2,318.5,34.6,D,0
-29.9606,124.6758,341.7,1.1,1,2014-11-30,0527,Aqua,MODIS,82,6.2,312.9,29.9,D,0
-24.4711,129.8019,366.4,1.4,1.2,2014-11-30,0528,Aqua,MODIS,100,6.2,302.5,145,D,0
-24.4735,129.7879,455.6,1.4,1.2,2014-11-30,0528,Aqua,MODIS,100,6.2,324.7,1295.1,D,0
-24.4523,129.7835,402.9,1.4,1.2,2014-11-30,0528,Aqua,MODIS,100,6.2,321.1,426.6,D,0
-24.4393,129.7953,339.5,1.4,1.2,2014-11-30,0528,Aqua,MODIS,55,6.2,307.4,35.1,D,0
-24.4677,129.7578,386.1,1.4,1.2,2014-11-30,0528,Aqua,MODIS,100,6.2,321.5,273.7,D,0
-24.4653,129.7717,356.5,1.4,1.2,2014-11-30,0528,Aqua,MODIS,86,6.2,314.2,100,D,0
-24.4629,129.7857,421.6,1.4,1.2,2014-11-30,0528,Aqua,MODIS,100,6.2,320.9,657,D,0
-24.4605,129.7997,431.6,1.4,1.2,2014-11-30,0528,Aqua,MODIS,100,6.2,313.6,814.3,D,0
-24.4581,129.8137,338,1.4,1.2,2014-11-30,0528,Aqua,MODIS,59,6.2,297.4,33.6,D,0
-24.4932,129.77,393.2,1.4,1.2,2014-11-30,0528,Aqua,MODIS,100,6.2,318.5,326.8,D,0
-24.4957,129.7561,341.6,1.4,1.2,2014-11-30,0528,Aqua,MODIS,83,6.2,312.8,44.6,D,0
-24.484,129.7901,412.5,1.4,1.2,2014-11-30,0528,Aqua,MODIS,100,6.2,312.6,533.6,D,0
-24.4864,129.7762,442.2,1.4,1.2,2014-11-30,0528,Aqua,MODIS,100,6.2,329.3,1001.2,D,0
-24.4888,129.7622,353.1,1.4,1.2,2014-11-30,0528,Aqua,MODIS,95,6.2,317.7,85.8,D,0
-24.4475,129.8115,338,1.4,1.2,2014-11-30,0528,Aqua,MODIS,55,6.2,297.4,33,D,0
-24.4806,129.7461,366.2,1.4,1.2,2014-11-30,0528,Aqua,MODIS,100,6.2,317.7,148.9,D,0
-24.4499,129.7975,444.7,1.4,1.2,2014-11-30,0528,Aqua,MODIS,100,6.2,320.8,1058.2,D,0
-24.4417,129.7813,335.6,1.4,1.2,2014-11-30,0528,Aqua,MODIS,50,6.2,309.2,27.5,D,0
-24.4782,129.76,362.8,1.4,1.2,2014-11-30,0528,Aqua,MODIS,93,6.2,319.5,131.2,D,0
-24.4758,129.774,382.9,1.4,1.2,2014-11-30,0528,Aqua,MODIS,100,6.2,321.3,248.3,D,0
-24.4908,129.7839,405.1,1.4,1.2,2014-11-30,0528,Aqua,MODIS,100,6.2,315.6,446.5,D,0
-24.4701,129.7439,364.5,1.4,1.2,2014-11-30,0528,Aqua,MODIS,88,6.2,317.3,141.6,D,0
-24.4547,129.7695,343.4,1.4,1.2,2014-11-30,0528,Aqua,MODIS,51,6.2,311.5,53.2,D,0
-22.0678,119.0703,339.6,1.9,1.3,2014-11-30,0529,Aqua,MODIS,63,6.2,319.5,48.8,D,0
-22.0717,119.0344,335.5,1.9,1.3,2014-11-30,0529,Aqua,MODIS,62,6.2,319.4,34.3,D,0
-22.206,119.8849,353.6,1.6,1.3,2014-11-30,0529,Aqua,MODIS,95,6.2,321.2,90.3,D,0
-22.2173,119.8864,340.8,1.6,1.3,2014-11-30,0529,Aqua,MODIS,81,6.2,318.4,41.4,D,0
-22.2155,119.9021,337.1,1.6,1.3,2014-11-30,0529,Aqua,MODIS,62,6.2,317.3,29.9,D,0
-22.2161,119.8931,351.9,1.6,1.3,2014-11-30,0529,Aqua,MODIS,93,6.2,318.7,86.8,D,0
-22.4867,122.7946,356.1,1.1,1.1,2014-11-30,0529,Aqua,MODIS,97,6.2,326.1,53.9,D,0
-22.4934,122.8177,354.4,1.1,1.1,2014-11-30,0529,Aqua,MODIS,95,6.2,324.5,51,D,0
-21.2395,118.9477,353.3,1.8,1.3,2014-11-30,0529,Aqua,MODIS,95,6.2,323.2,96.8,D,0
-21.2339,118.9403,340.7,1.8,1.3,2014-11-30,0529,Aqua,MODIS,40,6.2,322.2,34.3,D,0
-21.4885,119.8831,341.9,1.6,1.2,2014-11-30,0529,Aqua,MODIS,48,6.2,321.3,39.7,D,0
-21.4678,119.8647,342.2,1.6,1.2,2014-11-30,0529,Aqua,MODIS,83,6.2,324,41.5,D,0
-21.4791,119.8662,336.7,1.6,1.2,2014-11-30,0529,Aqua,MODIS,38,6.2,322.6,23.2,D,0
-21.4773,119.8816,337.6,1.6,1.2,2014-11-30,0529,Aqua,MODIS,51,6.2,321.4,26,D,0
-20.9479,120.5847,340.3,1.4,1.2,2014-11-30,0529,Aqua,MODIS,80,6.2,327.2,19.9,D,0
-20.9545,120.6591,337.8,1.4,1.2,2014-11-30,0529,Aqua,MODIS,69,6.2,325,17.1,D,0
-20.965,120.6606,361.8,1.4,1.2,2014-11-30,0529,Aqua,MODIS,100,6.2,325.2,100,D,0
-21.0015,120.6248,348.1,1.4,1.2,2014-11-30,0529,Aqua,MODIS,90,6.2,327.6,44.3,D,0
-20.9999,120.6381,354.1,1.4,1.2,2014-11-30,0529,Aqua,MODIS,95,6.2,327,68.2,D,0
-21.0121,120.6261,338.6,1.4,1.2,2014-11-30,0529,Aqua,MODIS,71,6.2,325.6,17.2,D,0
-21.0105,120.6396,367,1.4,1.2,2014-11-30,0529,Aqua,MODIS,100,6.2,325.2,126.4,D,0
-16.7933,125.4241,332,1.1,1,2014-11-30,0530,Aqua,MODIS,73,6.2,305.7,12.9,D,0
-16.8023,125.3643,338.8,1.1,1,2014-11-30,0530,Aqua,MODIS,84,6.2,306.9,22,D,0
-16.8038,125.3543,348.4,1.1,1,2014-11-30,0530,Aqua,MODIS,92,6.2,308.2,41,D,0
-16.8381,125.3554,340.8,1.1,1,2014-11-30,0530,Aqua,MODIS,85,6.2,308.2,25.6,D,0
-16.8258,125.374,336.6,1.1,1,2014-11-30,0530,Aqua,MODIS,80,6.2,308,17.4,D,0
-16.8273,125.3639,339.1,1.1,1,2014-11-30,0530,Aqua,MODIS,83,6.2,309.5,20.8,D,0
-16.8181,125.3624,337.8,1.1,1,2014-11-30,0530,Aqua,MODIS,82,6.2,307.6,18,D,0
-18.276,127.9696,363.2,1.4,1.2,2014-11-30,0530,Aqua,MODIS,100,6.2,309.1,122.3,D,0
-18.6904,128.2555,344.8,1.4,1.2,2014-11-30,0530,Aqua,MODIS,44,6.2,306,61.1,D,0
-15.6114,128.797,336,1.8,1.3,2014-11-30,0530,Aqua,MODIS,80,6.2,288.6,59.5,D,0
-17.4616,123.1695,348.3,1,1,2014-11-30,0530,Aqua,MODIS,91,6.2,308,36.3,D,0
-17.4707,123.1709,334.3,1,1,2014-11-30,0530,Aqua,MODIS,70,6.2,305.7,11.9,D,0
-16.3549,124.8971,370.7,1,1,2014-11-30,0530,Aqua,MODIS,100,6.2,298.3,112.3,D,0
-16.3563,124.8874,392.8,1,1,2014-11-30,0530,Aqua,MODIS,100,6.2,302.9,212.2,D,0
-16.3578,124.8777,340,1,1,2014-11-30,0530,Aqua,MODIS,61,6.2,294.2,32,D,0
-16.3472,124.8859,345.1,1,1,2014-11-30,0530,Aqua,MODIS,91,6.2,289.3,43.7,D,0
-17.4603,123.179,350.9,1,1,2014-11-30,0530,Aqua,MODIS,93,6.2,307.4,41.6,D,0
-17.097,125.0479,352.1,1,1,2014-11-30,0530,Aqua,MODIS,94,6.2,311,50.1,D,0
-17.5222,124.4754,336.3,1,1,2014-11-30,0530,Aqua,MODIS,73,6.2,311.7,12.5,D,0
-17.2685,123.8148,351.9,1,1,2014-11-30,0530,Aqua,MODIS,94,6.2,316.2,36.4,D,0
-17.2671,123.8241,348.6,1,1,2014-11-30,0530,Aqua,MODIS,91,6.2,315.5,30.6,D,0
-17.2774,123.8162,346.6,1,1,2014-11-30,0530,Aqua,MODIS,74,6.2,311.4,28.3,D,0
-17.0908,125.027,344.3,1,1,2014-11-30,0530,Aqua,MODIS,87,6.2,311.3,29.6,D,0
-17.1105,125.0203,338,1,1,2014-11-30,0530,Aqua,MODIS,72,6.2,313,16.7,D,0
-17.1091,125.03,346.3,1,1,2014-11-30,0530,Aqua,MODIS,89,6.2,311.9,32.1,D,0
-17.0893,125.0367,367.7,1,1,2014-11-30,0530,Aqua,MODIS,100,6.2,310.9,92.7,D,0
-17.0879,125.0464,348.1,1,1,2014-11-30,0530,Aqua,MODIS,91,6.2,308.4,41.6,D,0
-17.0985,125.0382,337,1,1,2014-11-30,0530,Aqua,MODIS,50,6.2,311.6,17,D,0
-20.7347,139.4809,304.9,1.1,1.1,2014-11-30,1316,Terra,MODIS,61,6.2,294.5,4.3,N,2
-20.7361,139.4704,304.6,1.1,1.1,2014-11-30,1316,Terra,MODIS,59,6.2,294,4.1,N,0
-14.9295,144.5578,303.5,1.5,1.2,2014-11-30,1317,Terra,MODIS,56,6.2,292.5,6.8,N,0
-15.8315,145.1741,301.6,1.6,1.2,2014-11-30,1317,Terra,MODIS,35,6.2,289.2,8.5,N,0
-15.7017,141.7532,317.7,1,1,2014-11-30,1317,Terra,MODIS,96,6.2,293.5,13.3,N,0
-15.742,145.2287,300.7,1.6,1.2,2014-11-30,1317,Terra,MODIS,30,6.2,289.9,6.9,N,0
-15.6926,141.7517,305.2,1,1,2014-11-30,1317,Terra,MODIS,61,6.2,293.1,3.8,N,0
-14.4211,144.5787,304.8,1.5,1.2,2014-11-30,1317,Terra,MODIS,60,6.2,292.1,7.9,N,0
-15.7292,141.7576,309.4,1,1,2014-11-30,1317,Terra,MODIS,77,6.2,293.2,6.6,N,0
-15.7214,141.7465,312.9,1,1,2014-11-30,1317,Terra,MODIS,86,6.2,293,8.9,N,0
-15.72,141.7561,314.4,1,1,2014-11-30,1317,Terra,MODIS,89,6.2,293.2,10.1,N,0
-14.4472,144.555,303.9,1.5,1.2,2014-11-30,1317,Terra,MODIS,31,6.2,292,7.6,N,0
-15.7208,145.1498,302.5,1.6,1.2,2014-11-30,1317,Terra,MODIS,28,6.2,291.4,6.2,N,0
-15.7539,145.1556,307.3,1.6,1.2,2014-11-30,1317,Terra,MODIS,71,6.2,292.2,12.2,N,0
-14.8209,144.7302,311.7,1.5,1.2,2014-11-30,1317,Terra,MODIS,83,6.2,292.5,16.5,N,0
-14.8687,144.6595,305.2,1.5,1.2,2014-11-30,1317,Terra,MODIS,37,6.2,292.1,7.7,N,0
-14.8224,144.7368,309.3,1.5,1.2,2014-11-30,1317,Terra,MODIS,77,6.2,292.4,12.8,N,0
-14.8246,144.7231,308.3,1.5,1.2,2014-11-30,1317,Terra,MODIS,74,6.2,292.3,11.6,N,0
-12.3405,142.5984,313.6,1.2,1.1,2014-11-30,1318,Terra,MODIS,87,6.2,292.7,13.9,N,0
-32.9356,118.2563,303.7,1.1,1,2014-11-30,1451,Terra,MODIS,56,6.2,286.6,7.3,N,0
-28.6762,129.4003,312.3,3.6,1.8,2014-11-30,1452,Terra,MODIS,85,6.2,293.1,67.1,N,0
-28.668,129.4031,310.8,3.6,1.8,2014-11-30,1452,Terra,MODIS,79,6.2,293.1,55.5,N,0
-28.6837,129.4077,305.2,3.6,1.8,2014-11-30,1452,Terra,MODIS,45,6.2,292.9,33.9,N,0
-29.7504,124.1699,305.1,1.5,1.2,2014-11-30,1452,Terra,MODIS,63,6.2,293.2,9.6,N,0
-29.7532,124.1542,305.1,1.5,1.2,2014-11-30,1452,Terra,MODIS,63,6.2,293.2,9.6,N,0
-29.7561,124.1384,304.4,1.5,1.2,2014-11-30,1452,Terra,MODIS,57,6.2,293.4,8.7,N,0
-29.7452,124.1357,328,1.5,1.2,2014-11-30,1452,Terra,MODIS,100,6.2,294.3,45.9,N,0
-29.7481,124.12,333.6,1.5,1.2,2014-11-30,1452,Terra,MODIS,100,6.2,294.9,59.8,N,0
-29.7372,124.1173,324.1,1.5,1.2,2014-11-30,1452,Terra,MODIS,100,6.2,293.5,38.2,N,0
-20.9211,119.7718,317.9,1.2,1.1,2014-11-30,1454,Terra,MODIS,95,6.2,302,14.2,N,0
-20.9113,119.7703,317.1,1.2,1.1,2014-11-30,1454,Terra,MODIS,93,6.2,301.1,13.1,N,0
-21.2565,118.9412,316.6,1.1,1,2014-11-30,1454,Terra,MODIS,91,6.2,300.1,11.9,N,0
-21.2488,118.9291,312.5,1.1,1,2014-11-30,1454,Terra,MODIS,68,6.2,299.7,7.8,N,0
-21.2378,118.9378,312.3,1.1,1,2014-11-30,1454,Terra,MODIS,78,6.2,301.1,7.4,N,0
-21.2394,118.9274,314.3,1.1,1,2014-11-30,1454,Terra,MODIS,85,6.2,300.8,9.3,N,0
-22.2002,119.9093,311.2,1.2,1.1,2014-11-30,1454,Terra,MODIS,77,6.2,296.2,10,N,0
-22.0805,119.0378,312.2,1.1,1,2014-11-30,1454,Terra,MODIS,81,6.2,297.4,9.3,N,0
-22.0882,119.0498,311.6,1.1,1,2014-11-30,1454,Terra,MODIS,79,6.2,298,9.1,N,0
-21.4582,119.8732,322.5,1.2,1.1,2014-11-30,1454,Terra,MODIS,100,6.2,297.7,23.6,N,0
-20.9268,120.6183,311.8,1.3,1.1,2014-11-30,1454,Terra,MODIS,77,6.2,296.2,11.1,N,0
-15.7218,141.7579,304.2,1.9,1.3,2014-11-30,1622,Aqua,MODIS,43,6.2,291.3,10.7,N,0
-20.8675,127.9879,302.9,2.2,1.4,2014-11-30,1624,Aqua,MODIS,23,6.2,290.8,13.5,N,0
-20.8686,128.0021,303.9,2.2,1.4,2014-11-30,1624,Aqua,MODIS,58,6.2,292,14.9,N,0
-26.4999,135.5091,327.4,1.1,1,2014-11-30,1625,Aqua,MODIS,100,6.2,295.6,28.7,N,0
-26.5093,135.5076,328.6,1.1,1,2014-11-30,1625,Aqua,MODIS,100,6.2,295.2,30,N,0
-24.8832,127.9808,310.7,1.8,1.3,2014-11-30,1625,Aqua,MODIS,81,6.2,296.5,18.3,N,0
-28.6602,129.4205,308,1.3,1.1,2014-11-30,1626,Aqua,MODIS,73,6.2,292.8,10.3,N,0
-28.6779,129.4033,310.2,1.3,1.1,2014-11-30,1626,Aqua,MODIS,37,6.2,293,11.4,N,0
-28.6757,129.3905,310.9,1.3,1.1,2014-11-30,1626,Aqua,MODIS,81,6.2,293.2,12.9,N,0
-28.6624,129.4333,304.7,1.3,1.1,2014-11-30,1626,Aqua,MODIS,38,6.2,292.8,7.3,N,0
-29.74,124.1315,328.7,2.6,1.5,2014-11-30,1626,Aqua,MODIS,100,6.2,292.8,106.9,N,0
-29.7454,124.1573,322,2.6,1.5,2014-11-30,1626,Aqua,MODIS,100,6.2,292.3,77.5,N,0
-29.7508,124.183,308.6,2.5,1.5,2014-11-30,1626,Aqua,MODIS,75,6.2,292,33.2,N,0
-29.7431,124.1227,319.8,2.6,1.5,2014-11-30,1626,Aqua,MODIS,99,6.2,292.4,70.2,N,0
-29.7486,124.1485,326.7,2.6,1.5,2014-11-30,1626,Aqua,MODIS,100,6.2,293,98,N,0
-29.7542,124.1742,315.3,2.5,1.5,2014-11-30,1626,Aqua,MODIS,91,6.2,292.4,53,N,0
-15.7573,145.1524,326.9,2.7,1.6,2014-12-01,0009,Terra,MODIS,77,6.2,294.1,60.6,D,0
-17.5649,143.3445,322.5,3.4,1.7,2014-12-01,0009,Terra,MODIS,25,6.2,295.7,33.6,D,0
-15.7508,145.1719,323.1,2.7,1.6,2014-12-01,0009,Terra,MODIS,36,6.2,293.3,42.5,D,0
-15.7461,145.1472,322.4,2.7,1.6,2014-12-01,0009,Terra,MODIS,51,6.2,291.1,39.1,D,0
-16.8128,143.1819,321.1,3.6,1.8,2014-12-01,0009,Terra,MODIS,39,6.2,295.2,39.3,D,0
-16.8201,143.1729,322.1,3.6,1.8,2014-12-01,0009,Terra,MODIS,22,6.2,294.9,40.8,D,0
-22.1997,149.3862,333.4,1.1,1.1,2014-12-01,0010,Terra,MODIS,77,6.2,301.6,27.9,D,0
-19.072,142.6334,328.1,3.6,1.8,2014-12-01,0010,Terra,MODIS,65,6.2,296.8,59,D,0
-22.6217,150.2543,335.3,1,1,2014-12-01,0010,Terra,MODIS,79,6.2,302.4,25.2,D,0
-22.6125,150.2559,337.1,1,1,2014-12-01,0010,Terra,MODIS,84,6.2,306.9,30,D,0
-19.0873,142.659,324.6,3.5,1.8,2014-12-01,0010,Terra,MODIS,42,6.2,296.3,43.8,D,0
-22.8893,149.7861,345.7,1.1,1,2014-12-01,0010,Terra,MODIS,90,6.2,310,39.2,D,0
-22.8909,149.7964,342.9,1.1,1,2014-12-01,0010,Terra,MODIS,74,6.2,312.3,34.6,D,0
-22.9018,149.8049,346.5,1.1,1,2014-12-01,0010,Terra,MODIS,91,6.2,309.8,42.3,D,0
-22.9536,149.7895,333.2,1.1,1,2014-12-01,0010,Terra,MODIS,75,6.2,298,24.7,D,0
-22.9553,149.7998,327.6,1.1,1,2014-12-01,0010,Terra,MODIS,62,6.2,300.4,16.4,D,0
-24.9624,151.5078,323,1,1,2014-12-01,0011,Terra,MODIS,44,6.2,296.5,15.1,D,0
-24.9547,151.5193,328,1,1,2014-12-01,0011,Terra,MODIS,59,6.2,299.9,19.3,D,0
-25.4129,148.2034,332.3,1.1,1.1,2014-12-01,0011,Terra,MODIS,80,6.2,308.9,15.8,D,0
-24.9409,151.5522,322.2,1,1,2014-12-01,0011,Terra,MODIS,28,6.2,300.5,12.5,D,0
-24.9638,151.5178,345.1,1,1,2014-12-01,0011,Terra,MODIS,90,6.2,299,46.6,D,0
-24.5912,149.9388,332.3,1,1,2014-12-01,0011,Terra,MODIS,74,6.2,307.8,16.1,D,0
-24.0019,149.0589,332.2,1.1,1,2014-12-01,0011,Terra,MODIS,70,6.2,302.9,17.9,D,0
-29.0277,152.3994,331.9,1.1,1.1,2014-12-01,0012,Terra,MODIS,84,6.2,299.1,28.2,D,0
-33.3224,147.5051,326.7,1,1,2014-12-01,0013,Terra,MODIS,80,6.2,290.2,16.5,D,0
-12.5152,131.6537,325.9,1.2,1.1,2014-12-01,0146,Terra,MODIS,41,6.2,295.7,15.7,D,0
-12.5167,131.6646,349.9,1.2,1.1,2014-12-01,0146,Terra,MODIS,95,6.2,298.4,62.8,D,0
-12.5069,131.666,338.8,1.2,1.1,2014-12-01,0146,Terra,MODIS,88,6.2,297.9,37.3,D,0
-12.5084,131.6768,332.1,1.2,1.1,2014-12-01,0146,Terra,MODIS,83,6.2,297.8,22.3,D,0
-12.5196,131.6687,343.6,1.2,1.1,2014-12-01,0146,Terra,MODIS,91,6.2,297.5,50.3,D,0
-12.5182,131.6755,352.1,1.2,1.1,2014-12-01,0146,Terra,MODIS,96,6.2,298.6,67.3,D,0
-12.521,131.6796,352,1.2,1.1,2014-12-01,0146,Terra,MODIS,96,6.2,297.5,72,D,0
-12.5181,131.6579,337,1.2,1.1,2014-12-01,0146,Terra,MODIS,86,6.2,296,36,D,0
-13.4617,134.901,320,2,1.4,2014-12-01,0146,Terra,MODIS,33,6.2,296.3,27.7,D,0
-13.4961,134.852,320,2,1.4,2014-12-01,0146,Terra,MODIS,30,6.2,295.9,33.3,D,0
-14.7603,132.6461,332.3,1.5,1.2,2014-12-01,0147,Terra,MODIS,82,6.2,296.3,34.4,D,0
-14.7637,132.6398,345.7,1.5,1.2,2014-12-01,0147,Terra,MODIS,92,6.2,297.6,71.4,D,0
-14.7654,132.6532,328.5,1.5,1.2,2014-12-01,0147,Terra,MODIS,77,6.2,293.7,25,D,0
-14.7744,132.6383,320.6,1.5,1.2,2014-12-01,0147,Terra,MODIS,63,6.2,294.8,11.2,D,0
-16.6994,134.2411,325,2,1.4,2014-12-01,0147,Terra,MODIS,73,6.2,296.4,33.9,D,0
-16.7017,134.26,331,2,1.4,2014-12-01,0147,Terra,MODIS,80,6.2,295.9,56.7,D,0
-16.7031,134.2532,335.5,2,1.4,2014-12-01,0147,Terra,MODIS,84,6.2,296.4,73,D,0
-15.795,128.806,328.9,1,1,2014-12-01,0147,Terra,MODIS,37,6.2,303.9,17.1,D,0
-15.9221,128.0424,329.8,1,1,2014-12-01,0147,Terra,MODIS,34,6.2,305.8,15.2,D,0
-15.1657,127.8486,332,1,1,2014-12-01,0147,Terra,MODIS,33,6.2,305.9,17.9,D,0
-15.1671,127.8579,334.2,1,1,2014-12-01,0147,Terra,MODIS,42,6.2,307.8,21,D,0
-15.602,128.8065,332,1,1,2014-12-01,0147,Terra,MODIS,33,6.2,305.2,17,D,0
-15.1643,127.8392,332.4,1,1,2014-12-01,0147,Terra,MODIS,46,6.2,307.1,18.9,D,0
-15.5019,128.7515,325.1,1,1,2014-12-01,0147,Terra,MODIS,26,6.2,300.3,10.9,D,0
-15.5126,128.2605,332.2,1,1,2014-12-01,0147,Terra,MODIS,23,6.2,304.2,16.7,D,0
-19.4992,131.6823,343.8,1.5,1.2,2014-12-01,0148,Terra,MODIS,89,6.2,305.9,51.2,D,0
-19.4975,131.6685,340.7,1.5,1.2,2014-12-01,0148,Terra,MODIS,86,6.2,307.1,40.9,D,0
-18.2225,124.1009,335.4,1.3,1.1,2014-12-01,0148,Terra,MODIS,80,6.2,284.5,38.3,D,0
-18.2246,124.1134,344.1,1.3,1.1,2014-12-01,0148,Terra,MODIS,89,6.2,282.4,61.6,D,0
-20.2682,128.9807,337.5,1.1,1,2014-12-01,0148,Terra,MODIS,82,6.2,311.6,24,D,0
-20.2775,128.9793,337.3,1.1,1,2014-12-01,0148,Terra,MODIS,80,6.2,310.6,21.8,D,0
-20.2789,128.9896,342.9,1.1,1,2014-12-01,0148,Terra,MODIS,87,6.2,309,32.6,D,0
-19.2964,132.3672,338.3,1.6,1.2,2014-12-01,0148,Terra,MODIS,85,6.2,304.3,42,D,0
-19.2945,132.352,335.8,1.6,1.2,2014-12-01,0148,Terra,MODIS,83,6.2,304.3,34.6,D,0
-19.2851,132.3687,377.7,1.6,1.2,2014-12-01,0148,Terra,MODIS,100,6.2,308,247.9,D,0
-19.2955,132.3614,343.7,1.6,1.2,2014-12-01,0148,Terra,MODIS,90,6.2,304.7,62.3,D,0
-19.2973,132.3766,335.1,1.6,1.2,2014-12-01,0148,Terra,MODIS,82,6.2,303.5,35.7,D,0
-19.2843,132.3629,352.1,1.6,1.2,2014-12-01,0148,Terra,MODIS,95,6.2,306.2,94.4,D,0
-19.287,132.3839,350.6,1.6,1.2,2014-12-01,0148,Terra,MODIS,94,6.2,305.9,89.5,D,0
-19.286,132.3781,359.3,1.6,1.2,2014-12-01,0148,Terra,MODIS,99,6.2,307.7,132.6,D,0
-16.3706,124.9285,332.4,1.3,1.1,2014-12-01,0148,Terra,MODIS,41,6.2,303.4,20.1,D,0
-16.3668,124.905,341.8,1.3,1.1,2014-12-01,0148,Terra,MODIS,87,6.2,301.5,36.9,D,0
-16.315,124.8412,336.1,1.3,1.1,2014-12-01,0148,Terra,MODIS,81,6.2,298.7,32.6,D,0
-16.3687,124.9168,360.1,1.3,1.1,2014-12-01,0148,Terra,MODIS,94,6.2,303.1,95.4,D,0
-16.3629,124.8812,332.9,1.3,1.1,2014-12-01,0148,Terra,MODIS,76,6.2,304.7,16.9,D,0
-16.3711,124.8676,333.1,1.3,1.1,2014-12-01,0148,Terra,MODIS,78,6.2,305.6,17.5,D,0
-16.373,124.8794,347.6,1.3,1.1,2014-12-01,0148,Terra,MODIS,92,6.2,305.5,52.8,D,0
-16.3169,124.853,330.5,1.3,1.1,2014-12-01,0148,Terra,MODIS,56,6.2,300,19.2,D,0
-21.6145,126.698,347.3,1,1,2014-12-01,0149,Terra,MODIS,89,6.2,317.3,29,D,0
-21.6249,126.7061,343.6,1,1,2014-12-01,0149,Terra,MODIS,85,6.2,315.1,21.8,D,0
-22.5063,122.6193,338.1,1.4,1.2,2014-12-01,0149,Terra,MODIS,65,6.2,322.9,13.7,D,0
-21.6234,126.6965,348.8,1,1,2014-12-01,0149,Terra,MODIS,91,6.2,316.1,32.5,D,0
-20.8744,127.9943,365.6,1,1,2014-12-01,0149,Terra,MODIS,100,6.2,311.8,82.5,D,0
-20.8757,128.004,343.1,1,1,2014-12-01,0149,Terra,MODIS,84,6.2,310.3,28.3,D,0
-20.9274,119.7766,332.4,2.4,1.5,2014-12-01,0149,Terra,MODIS,55,6.2,315.8,40.4,D,0
-21.247,118.9302,331.5,2.7,1.6,2014-12-01,0149,Terra,MODIS,63,6.2,318.2,41.1,D,0
-21.2366,118.927,330.1,2.7,1.6,2014-12-01,0149,Terra,MODIS,58,6.2,317.4,35.7,D,0
-20.7283,128.1294,346.1,1,1,2014-12-01,0149,Terra,MODIS,88,6.2,311.9,33.3,D,0
-24.0135,132.7459,328.5,2,1.4,2014-12-01,0149,Terra,MODIS,53,6.2,306.6,34.7,D,0
-20.7346,128.1085,333.6,1,1,2014-12-01,0149,Terra,MODIS,64,6.2,311.4,10.6,D,0
-20.736,128.1183,371.2,1,1,2014-12-01,0149,Terra,MODIS,100,6.2,314,101.3,D,0
-20.7269,128.1197,361.1,1,1,2014-12-01,0149,Terra,MODIS,100,6.2,315.1,68,D,0
-20.7255,128.1099,333.8,1,1,2014-12-01,0149,Terra,MODIS,66,6.2,312.9,10.1,D,0
-20.7179,128.1211,351.7,1,1,2014-12-01,0149,Terra,MODIS,94,6.2,314.8,43.3,D,0
-20.7165,128.1113,344.1,1,1,2014-12-01,0149,Terra,MODIS,86,6.2,314.1,26.4,D,0
-20.7088,128.1225,339.6,1,1,2014-12-01,0149,Terra,MODIS,80,6.2,313.5,18.5,D,0
-20.7074,128.1128,341.1,1,1,2014-12-01,0149,Terra,MODIS,83,6.2,312.9,20.8,D,0
-20.7451,128.1168,399.2,1,1,2014-12-01,0149,Terra,MODIS,100,6.2,312.8,234.7,D,0
-20.6429,128.1094,334.1,1,1,2014-12-01,0149,Terra,MODIS,57,6.2,312.4,9.8,D,0
-20.7465,128.1266,367.6,1,1,2014-12-01,0149,Terra,MODIS,100,6.2,307.8,91.9,D,0
-20.7374,128.128,396.4,1,1,2014-12-01,0149,Terra,MODIS,100,6.2,312.5,219,D,0
-20.9123,120.6691,332.2,2,1.4,2014-12-01,0149,Terra,MODIS,45,6.2,313.4,28.9,D,0
-20.9088,120.6497,360.5,2.1,1.4,2014-12-01,0149,Terra,MODIS,100,6.2,316.9,186.5,D,0
-20.9052,120.6303,346,2.1,1.4,2014-12-01,0149,Terra,MODIS,88,6.2,317.7,87.4,D,0
-20.8999,120.6717,378.8,2,1.4,2014-12-01,0149,Terra,MODIS,100,6.2,315.7,363.3,D,0
-20.8963,120.6523,363.3,2.1,1.4,2014-12-01,0149,Terra,MODIS,100,6.2,317.7,211.2,D,0
-20.9179,120.6208,338.3,2.1,1.4,2014-12-01,0149,Terra,MODIS,56,6.2,318.7,46.4,D,0
-20.904,120.684,333.4,2,1.4,2014-12-01,0149,Terra,MODIS,64,6.2,311.3,38,D,0
-20.9003,120.6647,379.2,2,1.4,2014-12-01,0149,Terra,MODIS,100,6.2,317.7,363.6,D,0
-20.8966,120.6453,349.1,2.1,1.4,2014-12-01,0149,Terra,MODIS,91,6.2,317.1,106.2,D,0
-20.9212,120.6471,342,2.1,1.4,2014-12-01,0149,Terra,MODIS,80,6.2,316.5,67.2,D,0
-20.9177,120.6277,346,2.1,1.4,2014-12-01,0149,Terra,MODIS,88,6.2,318.9,87.2,D,0
-20.9128,120.6621,340.3,2,1.4,2014-12-01,0149,Terra,MODIS,67,6.2,314.4,59.1,D,0
-20.9626,120.6518,333.9,2,1.4,2014-12-01,0149,Terra,MODIS,58,6.2,319.3,30.5,D,0
-20.9355,120.5763,332.8,2.1,1.4,2014-12-01,0149,Terra,MODIS,31,6.2,319.1,23.2,D,0
-20.9501,120.6543,354.7,2,1.4,2014-12-01,0149,Terra,MODIS,96,6.2,319.5,139.2,D,0
-20.9054,120.6234,336.8,2.1,1.4,2014-12-01,0149,Terra,MODIS,72,6.2,317.5,42.8,D,0
-20.9091,120.6428,358.5,2.1,1.4,2014-12-01,0149,Terra,MODIS,98,6.2,317.8,170.3,D,0
-20.9216,120.6401,345.2,2.1,1.4,2014-12-01,0149,Terra,MODIS,87,6.2,317.6,82.9,D,0
-26.4966,135.5117,331.9,3.4,1.7,2014-12-01,0150,Terra,MODIS,58,6.2,310.1,57.3,D,0
-26.4909,135.5064,330.6,3.4,1.7,2014-12-01,0150,Terra,MODIS,55,6.2,309.9,50.9,D,0
-24.4787,129.7309,341.8,1.3,1.1,2014-12-01,0150,Terra,MODIS,76,6.2,316,31.1,D,0
-24.4536,129.7662,343.6,1.3,1.1,2014-12-01,0150,Terra,MODIS,75,6.2,320.4,26.1,D,0
-24.8933,127.9754,335.5,1.1,1,2014-12-01,0150,Terra,MODIS,71,6.2,314.4,15.2,D,0
-25.4825,121.9072,334.6,1.4,1.2,2014-12-01,0150,Terra,MODIS,62,6.2,319.6,16.1,D,0
-24.8868,127.9981,333.9,1.1,1,2014-12-01,0150,Terra,MODIS,47,6.2,313.9,14.8,D,0
-28.6944,129.424,335.3,1.4,1.2,2014-12-01,0151,Terra,MODIS,66,6.2,316.6,21.1,D,0
-28.6911,129.3958,341.1,1.4,1.2,2014-12-01,0151,Terra,MODIS,81,6.2,316.8,34,D,0
-28.6773,129.3691,356.6,1.4,1.2,2014-12-01,0151,Terra,MODIS,97,6.2,319,85.8,D,0
-28.6789,129.3832,355.5,1.4,1.2,2014-12-01,0151,Terra,MODIS,96,6.2,319.7,82.3,D,0
-28.6878,129.3677,355.4,1.4,1.2,2014-12-01,0151,Terra,MODIS,96,6.2,316,80.9,D,0
-28.6894,129.3817,352,1.4,1.2,2014-12-01,0151,Terra,MODIS,94,6.2,316.8,68.6,D,0
-29.7532,124.1806,352.6,1,1,2014-12-01,0151,Terra,MODIS,95,6.2,314.3,45.7,D,0
-29.7548,124.191,351.4,1,1,2014-12-01,0151,Terra,MODIS,94,6.2,312.5,43.5,D,0
-29.7575,124.1476,333.6,1,1,2014-12-01,0151,Terra,MODIS,57,6.2,311.9,9.8,D,0
-29.7607,124.1684,349.3,1,1,2014-12-01,0151,Terra,MODIS,92,6.2,315.3,36.6,D,0
-29.7623,124.1788,382.5,1,1,2014-12-01,0151,Terra,MODIS,100,6.2,318.2,142.1,D,0
-29.7639,124.1893,371.2,1,1,2014-12-01,0151,Terra,MODIS,100,6.2,312.6,98.7,D,0
-29.7697,124.1666,345.1,1,1,2014-12-01,0151,Terra,MODIS,89,6.2,312.3,28.5,D,0
-29.7713,124.177,360.7,1,1,2014-12-01,0151,Terra,MODIS,100,6.2,312.3,65.1,D,0
-29.7729,124.1875,356.7,1,1,2014-12-01,0151,Terra,MODIS,98,6.2,308.8,56.5,D,0
-29.7771,124.1544,339.9,1,1,2014-12-01,0151,Terra,MODIS,67,6.2,311.1,18.6,D,0
-29.7787,124.1648,354,1,1,2014-12-01,0151,Terra,MODIS,96,6.2,312.5,47.7,D,0
-29.7803,124.1752,368.1,1,1,2014-12-01,0151,Terra,MODIS,100,6.2,313.5,89.2,D,0
-29.7819,124.1857,338.6,1,1,2014-12-01,0151,Terra,MODIS,82,6.2,307.5,21.1,D,0
-29.783,124.1317,330.2,1,1,2014-12-01,0151,Terra,MODIS,63,6.2,307.3,10,D,0
-29.7846,124.1422,334.1,1,1,2014-12-01,0151,Terra,MODIS,36,6.2,308.4,13.4,D,0
-29.7862,124.1526,341.9,1,1,2014-12-01,0151,Terra,MODIS,86,6.2,309.6,25.4,D,0
-29.7878,124.163,359.2,1,1,2014-12-01,0151,Terra,MODIS,99,6.2,311.5,63,D,0
-29.7894,124.1735,379.7,1,1,2014-12-01,0151,Terra,MODIS,100,6.2,313.6,133.3,D,0
-29.791,124.1839,339.7,1,1,2014-12-01,0151,Terra,MODIS,83,6.2,308.1,22.9,D,0
-29.7904,124.1195,326.5,1,1,2014-12-01,0151,Terra,MODIS,50,6.2,306.1,7.1,D,0
-29.792,124.1299,328.9,1,1,2014-12-01,0151,Terra,MODIS,63,6.2,307.6,9.5,D,0
-29.7936,124.1404,338.1,1,1,2014-12-01,0151,Terra,MODIS,81,6.2,308.7,22,D,0
-29.7952,124.1508,343.8,1,1,2014-12-01,0151,Terra,MODIS,88,6.2,308.8,31,D,0
-29.7968,124.1612,360.1,1,1,2014-12-01,0151,Terra,MODIS,100,6.2,311.3,67.9,D,0
-29.7984,124.1717,385.9,1,1,2014-12-01,0151,Terra,MODIS,100,6.2,313.5,161.5,D,0
-29.8,124.1821,328.4,1,1,2014-12-01,0151,Terra,MODIS,60,6.2,307,6.4,D,0
-29.7995,124.1177,331.2,1,1,2014-12-01,0151,Terra,MODIS,70,6.2,307.3,13.3,D,0
-29.8011,124.1281,331.6,1,1,2014-12-01,0151,Terra,MODIS,67,6.2,307.5,14,D,0
-29.8027,124.1386,335.2,1,1,2014-12-01,0151,Terra,MODIS,77,6.2,307.3,18.9,D,0
-29.8043,124.149,344.2,1,1,2014-12-01,0151,Terra,MODIS,88,6.2,308.8,34,D,0
-29.8059,124.1594,400.1,1,1,2014-12-01,0151,Terra,MODIS,100,6.2,318.7,239.3,D,0
-29.8075,124.1699,425.6,1,1,2014-12-01,0151,Terra,MODIS,100,6.2,318.9,432.3,D,0
-29.8091,124.1803,328.3,1,1,2014-12-01,0151,Terra,MODIS,39,6.2,305.6,6.2,D,0
-29.8085,124.1159,325.9,1,1,2014-12-01,0151,Terra,MODIS,43,6.2,305.6,7.3,D,0
-29.8101,124.1263,344.5,1,1,2014-12-01,0151,Terra,MODIS,88,6.2,307.1,35.4,D,0
-29.8117,124.1368,345.8,1,1,2014-12-01,0151,Terra,MODIS,89,6.2,306.5,38.2,D,0
-29.8133,124.1472,380.7,1,1,2014-12-01,0151,Terra,MODIS,100,6.2,314.6,143,D,0
-29.8149,124.1577,465.6,1,1,2014-12-01,0151,Terra,MODIS,100,6.2,341.3,934.5,D,0
-29.8165,124.1681,423.7,1,1,2014-12-01,0151,Terra,MODIS,100,6.2,314.5,417.1,D,0
-29.8192,124.1245,328.6,1,1,2014-12-01,0151,Terra,MODIS,62,6.2,303.1,11.6,D,0
-29.8208,124.135,334.8,1,1,2014-12-01,0151,Terra,MODIS,77,6.2,302.3,20.3,D,0
-29.8224,124.1454,394.7,1,1,2014-12-01,0151,Terra,MODIS,100,6.2,306.7,211.5,D,0
-29.824,124.1559,478.5,1,1,2014-12-01,0151,Terra,MODIS,100,6.2,320.1,1159.9,D,0
-29.8256,124.1663,383,1,1,2014-12-01,0151,Terra,MODIS,100,6.2,303.2,152.7,D,0
-29.8288,124.1871,328.9,1,1,2014-12-01,0151,Terra,MODIS,47,6.2,304.7,10.8,D,0
-31.7366,142.5561,351.9,1,1,2014-12-01,0431,Aqua,MODIS,93,6.2,323.5,37.2,D,0
-30.0471,137.7629,366.9,1.2,1.1,2014-12-01,0431,Aqua,MODIS,100,6.2,325.6,104.6,D,0
-31.7349,142.567,348.4,1,1,2014-12-01,0431,Aqua,MODIS,90,6.2,322.1,29.1,D,0
-28.6932,129.4241,338.5,4,1.9,2014-12-01,0432,Aqua,MODIS,77,6.2,307.7,165.4,D,0
-28.719,129.3457,345.4,4.1,1.9,2014-12-01,0432,Aqua,MODIS,85,6.2,307.6,263.9,D,0
-28.702,129.3445,345,4.1,1.9,2014-12-01,0432,Aqua,MODIS,87,6.2,310.6,249.2,D,0
-28.6962,129.3822,357.1,4,1.9,2014-12-01,0432,Aqua,MODIS,97,6.2,313.9,446.5,D,0
-28.7162,129.3878,355.4,4,1.9,2014-12-01,0432,Aqua,MODIS,96,6.2,304,432.7,D,0
-28.7227,129.3545,333.3,4.1,1.9,2014-12-01,0432,Aqua,MODIS,26,6.2,304.7,112.4,D,0
-28.6966,129.4283,342.5,4,1.9,2014-12-01,0432,Aqua,MODIS,83,6.2,309.1,220.5,D,0
-28.6993,129.3864,373,4,1.9,2014-12-01,0432,Aqua,MODIS,100,6.2,315,812.2,D,0
-28.6991,129.3403,333.7,4.1,1.9,2014-12-01,0432,Aqua,MODIS,30,6.2,309.6,102.6,D,0
-24.9205,127.9993,338.6,4.6,2,2014-12-01,0433,Aqua,MODIS,83,6.2,308.8,217.7,D,0
-24.9199,128.0072,337.1,4.6,2,2014-12-01,0433,Aqua,MODIS,81,6.2,308.7,194.7,D,0
-22.4305,146.8282,347.8,2.6,1.5,2014-12-01,0433,Aqua,MODIS,80,6.2,292.7,176.4,D,0
-22.4344,146.8808,340.7,2.6,1.5,2014-12-01,0433,Aqua,MODIS,0,6.2,285.4,127.4,D,0
-22.4248,146.819,340.7,2.6,1.5,2014-12-01,0433,Aqua,MODIS,75,6.2,292.6,124.8,D,0
-22.429,146.8717,322.3,2.6,1.5,2014-12-01,0433,Aqua,MODIS,0,6.2,287.3,28.5,D,0
-24.4848,129.8382,340.3,3.4,1.7,2014-12-01,0433,Aqua,MODIS,64,6.2,311.1,136.2,D,0
-20.8812,127.995,336.3,4.2,1.9,2014-12-01,0434,Aqua,MODIS,76,6.2,303,146.2,D,0
-20.8788,127.9908,337.3,4.2,1.9,2014-12-01,0434,Aqua,MODIS,78,6.2,302.9,158.7,D,0
-20.0738,139.9592,330.7,1.1,1,2014-12-01,0434,Aqua,MODIS,45,6.2,287.2,21,D,0
-18.7493,142.341,329,1.5,1.2,2014-12-01,0434,Aqua,MODIS,51,6.2,297.3,18.1,D,0
-20.276,128.9706,332.2,3.5,1.8,2014-12-01,0434,Aqua,MODIS,51,6.2,296.8,104.2,D,0
-17.4794,143.3604,329.9,1.8,1.3,2014-12-01,0434,Aqua,MODIS,41,6.2,301.9,26.1,D,0
-17.291,143.4534,332.3,1.9,1.3,2014-12-01,0434,Aqua,MODIS,59,6.2,300.2,37.8,D,0
-17.5772,143.3333,331.7,1.8,1.3,2014-12-01,0434,Aqua,MODIS,51,6.2,303.2,31.8,D,0
-17.4098,143.4474,333.8,1.9,1.3,2014-12-01,0434,Aqua,MODIS,72,6.2,303.1,39.6,D,0
-17.2702,143.4315,331.7,1.9,1.3,2014-12-01,0434,Aqua,MODIS,56,6.2,300,32.9,D,0
-14.9315,144.5899,324.6,2.5,1.5,2014-12-01,0435,Aqua,MODIS,65,6.2,292.1,38.3,D,0
-14.442,144.5555,325.4,2.6,1.5,2014-12-01,0435,Aqua,MODIS,38,6.2,294.1,48.8,D,0
-13.4297,143.4114,321.8,2.2,1.4,2014-12-01,0435,Aqua,MODIS,27,6.2,293.4,30.6,D,0
-13.3655,143.3317,322.6,2.2,1.4,2014-12-01,0435,Aqua,MODIS,63,6.2,294.9,39.4,D,0
-13.3689,143.3121,322.5,2.2,1.4,2014-12-01,0435,Aqua,MODIS,63,6.2,294.7,38,D,0
-14.4558,144.5582,323.9,2.6,1.5,2014-12-01,0435,Aqua,MODIS,47,6.2,293.1,41.1,D,0
-15.8333,145.171,323.7,2.7,1.6,2014-12-01,0435,Aqua,MODIS,31,6.2,290.6,54.1,D,0
-14.5817,133.0426,317.5,1.4,1.2,2014-12-01,0435,Aqua,MODIS,29,6.2,278.3,11.5,D,0
-14.5915,144.6699,323.5,2.6,1.5,2014-12-01,0435,Aqua,MODIS,61,6.2,294.2,43.4,D,0
-15.735,145.1537,325.9,2.7,1.6,2014-12-01,0435,Aqua,MODIS,19,6.2,294.4,44.4,D,0
-15.7444,145.1476,331.9,2.7,1.6,2014-12-01,0435,Aqua,MODIS,71,6.2,295.9,74.1,D,0
-15.7491,145.1562,329.4,2.7,1.6,2014-12-01,0435,Aqua,MODIS,56,6.2,295.5,61.2,D,0
-14.4467,144.5615,330.8,2.6,1.5,2014-12-01,0435,Aqua,MODIS,75,6.2,294.1,71.8,D,0
-13.4188,143.2456,357.8,2.1,1.4,2014-12-01,0435,Aqua,MODIS,98,6.2,301.1,209.3,D,0
-13.4222,143.2263,345.8,2.1,1.4,2014-12-01,0435,Aqua,MODIS,91,6.2,300.3,123.9,D,0
-13.4061,143.2434,330.5,2.1,1.4,2014-12-01,0435,Aqua,MODIS,78,6.2,297.8,55.2,D,0
-13.4095,143.224,333.7,2.1,1.4,2014-12-01,0435,Aqua,MODIS,81,6.2,295.1,65.9,D,0
-13.4169,143.26,325.1,2.1,1.4,2014-12-01,0435,Aqua,MODIS,48,6.2,298.4,38.6,D,0
-13.4201,143.2407,352.4,2.1,1.4,2014-12-01,0435,Aqua,MODIS,96,6.2,301.5,168.7,D,0
-13.4233,143.2213,327.7,2.1,1.4,2014-12-01,0435,Aqua,MODIS,66,6.2,299.3,39.9,D,0
-13.4074,143.2384,346.5,2.1,1.4,2014-12-01,0435,Aqua,MODIS,92,6.2,298.3,134.7,D,0
-13.4107,143.219,327.5,2.1,1.4,2014-12-01,0435,Aqua,MODIS,74,6.2,294.3,44.1,D,0
-15.0651,130.8757,320.6,2.1,1.4,2014-12-01,0435,Aqua,MODIS,28,6.2,295.2,29.2,D,0
-14.9205,144.6039,326.7,2.5,1.5,2014-12-01,0435,Aqua,MODIS,52,6.2,292,44.1,D,0
-14.885,144.645,325.7,2.5,1.5,2014-12-01,0435,Aqua,MODIS,25,6.2,294.5,40.1,D,0
-14.827,144.7306,326.9,2.6,1.5,2014-12-01,0435,Aqua,MODIS,43,6.2,292.6,51.3,D,0
-14.9273,144.6131,323.6,2.5,1.5,2014-12-01,0435,Aqua,MODIS,43,6.2,292.9,34,D,0
-12.1796,136.7634,326.7,1,1,2014-12-01,0436,Aqua,MODIS,59,6.2,301,10,D,0
-12.2195,136.803,332.1,1,1,2014-12-01,0436,Aqua,MODIS,76,6.2,302.2,14,D,0
-12.2182,136.8122,326.8,1,1,2014-12-01,0436,Aqua,MODIS,52,6.2,300,8.8,D,0
-12.2168,136.8213,324.9,1,1,2014-12-01,0436,Aqua,MODIS,30,6.2,298.4,7.6,D,0
-10.9972,142.7228,317.1,2.2,1.4,2014-12-01,0436,Aqua,MODIS,33,6.2,293.3,22.6,D,0
-12.5881,134.9664,313.8,1.1,1,2014-12-01,0436,Aqua,MODIS,33,6.2,290.9,6.5,D,0
-10.9502,142.4592,320.5,2.1,1.4,2014-12-01,0436,Aqua,MODIS,47,6.2,294.9,23,D,0
-10.9501,142.454,319.3,2.1,1.4,2014-12-01,0436,Aqua,MODIS,55,6.2,295.3,21.7,D,0
-25.7551,121.1185,350.1,1.9,1.3,2014-12-01,0611,Aqua,MODIS,92,6.2,323.7,87.5,D,0
-20.9297,119.7744,337.5,1.9,1.3,2014-12-01,0612,Aqua,MODIS,70,6.2,321,32.2,D,0
-20.9119,120.6616,341.6,2.2,1.4,2014-12-01,0612,Aqua,MODIS,22,6.2,320,46,D,0
-20.908,120.6824,342.5,2.2,1.4,2014-12-01,0612,Aqua,MODIS,38,6.2,319.2,56.4,D,0
-20.9375,120.6671,359,2.2,1.4,2014-12-01,0612,Aqua,MODIS,99,6.2,323.7,175.5,D,0
-20.9286,120.6435,341.7,2.2,1.4,2014-12-01,0612,Aqua,MODIS,82,6.2,320.8,51.5,D,0
-20.9039,120.6308,338.8,2.2,1.4,2014-12-01,0612,Aqua,MODIS,37,6.2,321.1,40,D,0
-20.9181,120.6989,339.7,2.2,1.4,2014-12-01,0612,Aqua,MODIS,21,6.2,316.5,46.5,D,0
-20.9247,120.6643,344.9,2.2,1.4,2014-12-01,0612,Aqua,MODIS,86,6.2,321.2,73.3,D,0
-20.9208,120.6852,348.6,2.2,1.4,2014-12-01,0612,Aqua,MODIS,90,6.2,319.9,104.5,D,0
-22.6038,122.7952,340.8,2.9,1.6,2014-12-01,0612,Aqua,MODIS,81,6.2,317.7,97.7,D,0
-22.5284,122.6228,348.8,2.8,1.6,2014-12-01,0612,Aqua,MODIS,91,6.2,320.2,136.9,D,0
-22.523,122.6496,342.7,2.8,1.6,2014-12-01,0612,Aqua,MODIS,84,6.2,321.8,85.2,D,0
-22.5426,122.6261,346,2.8,1.6,2014-12-01,0612,Aqua,MODIS,88,6.2,320.4,113.3,D,0
-22.5373,122.6529,347.5,2.8,1.6,2014-12-01,0612,Aqua,MODIS,89,6.2,320.8,127.9,D,0
-22.5454,122.6342,337.4,2.8,1.6,2014-12-01,0612,Aqua,MODIS,75,6.2,320,47.1,D,0
-22.5751,122.7832,351,2.9,1.6,2014-12-01,0612,Aqua,MODIS,93,6.2,320.6,174.2,D,0
-22.5983,122.8175,338.2,2.9,1.6,2014-12-01,0612,Aqua,MODIS,77,6.2,314.7,71,D,0
-22.6038,122.7899,343.2,2.9,1.6,2014-12-01,0612,Aqua,MODIS,84,6.2,317.8,111.2,D,0
-22.5839,122.8141,359.2,2.9,1.6,2014-12-01,0612,Aqua,MODIS,99,6.2,318.2,268.5,D,0
-22.5894,122.7866,377.8,2.9,1.6,2014-12-01,0612,Aqua,MODIS,100,6.2,321.9,546.1,D,0
-17.4606,123.1902,330.3,3.9,1.8,2014-12-01,0613,Aqua,MODIS,58,6.2,299.9,86.7,D,0
-17.4476,123.2184,326.7,4,1.9,2014-12-01,0613,Aqua,MODIS,68,6.2,297,65.1,D,0
-17.4549,123.1815,328.8,3.9,1.8,2014-12-01,0613,Aqua,MODIS,65,6.2,299.8,76.7,D,0
-17.4441,123.1866,330.7,3.9,1.8,2014-12-01,0613,Aqua,MODIS,60,6.2,298.2,86.2,D,0
-17.4641,123.2221,327.6,4,1.9,2014-12-01,0613,Aqua,MODIS,74,6.2,297.2,74.1,D,0
-22.9108,149.8093,306.2,2,1.4,2014-12-01,1220,Terra,MODIS,29,6.2,290.8,13.7,N,0
-22.9064,149.8226,304.7,2,1.4,2014-12-01,1220,Terra,MODIS,59,6.2,291,13.4,N,0
-22.9085,149.8034,304.9,2,1.4,2014-12-01,1220,Terra,MODIS,49,6.2,290.8,13.3,N,0
-30.6835,125.0479,301.5,2.5,1.5,2014-12-01,1356,Terra,MODIS,28,6.2,290.3,14.4,N,0
-30.6697,125.0465,301.8,2.5,1.5,2014-12-01,1356,Terra,MODIS,20,6.2,290.6,14,N,0
-30.0562,137.7721,304.6,1.4,1.2,2014-12-01,1356,Terra,MODIS,61,6.2,291.7,10.7,N,0
-30.0589,137.7572,315.9,1.4,1.2,2014-12-01,1356,Terra,MODIS,92,6.2,292.1,24.8,N,0
-29.5366,123.7925,312.4,3,1.6,2014-12-01,1357,Terra,MODIS,85,6.2,295,45.7,N,0
-29.5218,123.791,317.2,3,1.6,2014-12-01,1357,Terra,MODIS,95,6.2,295,64.4,N,0
-29.5223,123.7842,321.2,3,1.6,2014-12-01,1357,Terra,MODIS,100,6.2,295.1,82,N,0
-29.8091,124.8952,335,2.5,1.5,2014-12-01,1357,Terra,MODIS,100,6.2,295.1,129.8,N,0
-28.4699,125.3478,321.7,2.2,1.4,2014-12-01,1357,Terra,MODIS,100,6.2,292.6,52.7,N,0
-28.4436,125.3447,380.5,2.2,1.4,2014-12-01,1357,Terra,MODIS,100,6.2,302.5,488.4,N,0
-29.7953,124.8938,336.5,2.5,1.5,2014-12-01,1357,Terra,MODIS,100,6.2,288.8,140.4,N,0
-28.4536,125.3523,386.3,2.2,1.4,2014-12-01,1357,Terra,MODIS,100,6.2,303.6,572.6,N,0
-28.4516,125.3752,377.7,2.2,1.4,2014-12-01,1357,Terra,MODIS,100,6.2,301.3,455.1,N,0
-28.4457,125.3218,326.8,2.2,1.5,2014-12-01,1357,Terra,MODIS,100,6.2,298.6,65.5,N,0
-28.4568,125.3463,356.2,2.2,1.4,2014-12-01,1357,Terra,MODIS,100,6.2,299.4,236.4,N,0
-30.2934,124.6506,302.5,2.6,1.6,2014-12-01,1357,Terra,MODIS,49,6.2,290.5,17.2,N,0
-28.4687,125.3309,315.6,2.2,1.5,2014-12-01,1357,Terra,MODIS,47,6.2,296,31.6,N,0
-28.4415,125.3676,383.6,2.2,1.4,2014-12-01,1357,Terra,MODIS,100,6.2,302,533.4,N,0
-28.4667,125.3539,323.9,2.2,1.4,2014-12-01,1357,Terra,MODIS,98,6.2,292.8,58.6,N,0
-28.4546,125.3691,388.6,2.2,1.4,2014-12-01,1357,Terra,MODIS,100,6.2,304.1,609.5,N,0
-28.4194,125.3185,313.3,2.2,1.5,2014-12-01,1357,Terra,MODIS,87,6.2,297.7,26.4,N,0
-28.289,125.6153,317.2,2.1,1.4,2014-12-01,1357,Terra,MODIS,95,6.2,296.1,41.6,N,0
-28.287,125.6371,309.6,2.1,1.4,2014-12-01,1357,Terra,MODIS,30,6.2,295.6,25,N,0
-27.5692,126.1332,307,1.9,1.4,2014-12-01,1357,Terra,MODIS,70,6.2,295.5,14.4,N,0
-27.5711,126.1136,316.5,1.9,1.4,2014-12-01,1357,Terra,MODIS,93,6.2,296.1,33.1,N,0
-27.5663,126.1272,314.2,1.9,1.4,2014-12-01,1357,Terra,MODIS,89,6.2,295.9,28.9,N,0
-27.5683,126.1077,309,1.9,1.4,2014-12-01,1357,Terra,MODIS,76,6.2,295.9,18.9,N,0
-28.2861,126.3044,311.8,1.9,1.3,2014-12-01,1357,Terra,MODIS,83,6.2,289.9,23.3,N,0
-28.2841,126.3239,310.4,1.9,1.3,2014-12-01,1357,Terra,MODIS,78,6.2,292.4,20.9,N,0
-28.2983,126.3059,323.9,1.9,1.3,2014-12-01,1357,Terra,MODIS,100,6.2,290.1,51.5,N,0
-28.2963,126.3254,305.1,1.9,1.3,2014-12-01,1357,Terra,MODIS,53,6.2,291.9,12,N,0
-28.2894,126.3103,323.4,1.9,1.3,2014-12-01,1357,Terra,MODIS,100,6.2,291.3,49.6,N,0
-28.3035,126.2923,302.6,1.9,1.4,2014-12-01,1357,Terra,MODIS,19,6.2,290.3,8,N,0
-28.3017,126.3119,323.3,1.9,1.3,2014-12-01,1357,Terra,MODIS,100,6.2,293.3,50,N,0
-28.4284,125.3661,324.3,2.2,1.4,2014-12-01,1357,Terra,MODIS,100,6.2,297.5,62.9,N,0
-28.4305,125.3432,383.1,2.2,1.4,2014-12-01,1357,Terra,MODIS,100,6.2,303.8,526.1,N,0
-28.4326,125.3202,324.4,2.2,1.5,2014-12-01,1357,Terra,MODIS,100,6.2,298.2,57.3,N,0
-28.4173,125.3416,322.2,2.2,1.4,2014-12-01,1357,Terra,MODIS,100,6.2,297.8,54,N,0
-24.0254,132.7338,308,1,1,2014-12-01,1358,Terra,MODIS,48,6.2,297.6,4.2,N,0
-20.7682,128.1546,317.7,1.2,1.1,2014-12-01,1359,Terra,MODIS,94,6.2,297.8,16.1,N,0
-20.7697,128.1433,312.9,1.2,1.1,2014-12-01,1359,Terra,MODIS,82,6.2,297.5,11,N,0
-19.1237,128.1183,320.6,1.1,1.1,2014-12-01,1359,Terra,MODIS,100,6.2,296.6,19,N,0
-19.1127,128.1276,321.1,1.1,1.1,2014-12-01,1359,Terra,MODIS,100,6.2,295,19.8,N,0
-19.1141,128.1168,308.8,1.1,1.1,2014-12-01,1359,Terra,MODIS,73,6.2,295.9,7.4,N,0
-21.5295,127.4267,308.8,1.3,1.1,2014-12-01,1359,Terra,MODIS,75,6.2,297.6,9.2,N,0
-16.5728,124.9711,311.4,1.6,1.3,2014-12-01,1400,Terra,MODIS,80,6.2,294.5,13.8,N,0
-17.4212,123.2683,307,2.3,1.5,2014-12-01,1400,Terra,MODIS,43,6.2,288.8,17.3,N,0
-17.4605,123.273,320.4,2.3,1.5,2014-12-01,1400,Terra,MODIS,100,6.2,291.7,50.3,N,0
-17.4581,123.294,310.7,2.2,1.5,2014-12-01,1400,Terra,MODIS,12,6.2,290.1,24.9,N,0
-17.4629,123.2519,308.5,2.3,1.5,2014-12-01,1400,Terra,MODIS,36,6.2,291.3,17.2,N,0
-17.46,123.2581,309.8,2.3,1.5,2014-12-01,1400,Terra,MODIS,53,6.2,291.5,20.8,N,0
-17.3006,129.5734,302.4,1,1,2014-12-01,1400,Terra,MODIS,49,6.2,273.2,4.7,N,0
-17.4259,123.226,304.3,2.3,1.5,2014-12-01,1400,Terra,MODIS,17,6.2,288.5,10.8,N,0
-17.4577,123.2792,323.3,2.3,1.5,2014-12-01,1400,Terra,MODIS,100,6.2,291.5,60.8,N,0
-17.4235,123.2472,307.4,2.3,1.5,2014-12-01,1400,Terra,MODIS,62,6.2,289.8,17.9,N,0
-17.4731,123.2597,311,2.3,1.5,2014-12-01,1400,Terra,MODIS,77,6.2,291.1,24.6,N,0
-16.8098,125.4564,310.4,1.5,1.2,2014-12-01,1400,Terra,MODIS,74,6.2,295.1,11.3,N,0
-16.8115,125.4423,309.2,1.5,1.2,2014-12-01,1400,Terra,MODIS,70,6.2,295.3,9.3,N,0
-18.2115,124.0929,320.3,2,1.4,2014-12-01,1400,Terra,MODIS,100,6.2,297.8,39.5,N,0
-14.5853,128.0153,364.5,1.1,1,2014-12-01,1401,Terra,MODIS,100,6.2,291.9,102.1,N,0
-14.6537,127.9955,309.7,1.1,1,2014-12-01,1401,Terra,MODIS,27,6.2,289.9,6.5,N,0
-14.6524,128.0053,313.5,1.1,1,2014-12-01,1401,Terra,MODIS,79,6.2,289.7,9.9,N,0
-14.6169,127.9902,319.1,1.1,1,2014-12-01,1401,Terra,MODIS,98,6.2,288.7,13.7,N,0
-14.6182,127.9804,308.2,1.1,1,2014-12-01,1401,Terra,MODIS,37,6.2,289,4.6,N,0
-14.6261,127.9915,355.4,1.1,1,2014-12-01,1401,Terra,MODIS,100,6.2,290.1,75.8,N,0
-14.5945,128.0167,332.5,1.1,1,2014-12-01,1401,Terra,MODIS,100,6.2,291.6,30.3,N,0
-14.634,128.0026,328.1,1.1,1,2014-12-01,1401,Terra,MODIS,100,6.2,289.7,23.8,N,0
-14.6353,127.9929,323.1,1.1,1,2014-12-01,1401,Terra,MODIS,100,6.2,289.3,17.6,N,0
-14.6248,128.0013,345.9,1.1,1,2014-12-01,1401,Terra,MODIS,100,6.2,290.1,53.5,N,0
-14.5761,128.0139,324.1,1.1,1,2014-12-01,1401,Terra,MODIS,100,6.2,291.3,19,N,0
-14.6432,128.004,319.8,1.1,1,2014-12-01,1401,Terra,MODIS,99,6.2,289,14.9,N,0
-14.5866,128.0056,333.8,1.1,1,2014-12-01,1401,Terra,MODIS,100,6.2,291.5,32.2,N,0
-14.5958,128.0069,310.4,1.1,1,2014-12-01,1401,Terra,MODIS,54,6.2,290.6,6,N,0
-14.6445,127.9942,310.3,1.1,1,2014-12-01,1401,Terra,MODIS,32,6.2,289.3,6.3,N,0
-14.5787,127.9944,312.1,1.1,1,2014-12-01,1401,Terra,MODIS,79,6.2,291.5,7.5,N,0
-14.5774,128.0042,328.3,1.1,1,2014-12-01,1401,Terra,MODIS,100,6.2,291.3,24.4,N,0
-15.8333,145.1751,301.9,1.6,1.2,2014-12-01,1527,Aqua,MODIS,45,6.2,289.4,8.5,N,0
-15.7376,145.2264,304.7,1.6,1.2,2014-12-01,1527,Aqua,MODIS,61,6.2,289.5,10.9,N,0
-15.7351,145.2121,305.5,1.6,1.2,2014-12-01,1527,Aqua,MODIS,64,6.2,289.6,11.5,N,0
-15.7361,145.2188,307.4,1.6,1.2,2014-12-01,1527,Aqua,MODIS,33,6.2,289.8,13.2,N,0
-15.7275,145.1681,302,1.6,1.2,2014-12-01,1527,Aqua,MODIS,28,6.2,289.4,7.2,N,0
-22.4231,146.8404,311.5,1.1,1,2014-12-01,1528,Aqua,MODIS,21,6.2,275.8,10.9,N,0
-26.4532,147.5535,305.5,1,1,2014-12-01,1529,Aqua,MODIS,64,6.2,288,7.7,N,0
-14.5835,128.0171,320.2,1.2,1.1,2014-12-01,1705,Aqua,MODIS,100,6.2,294.3,16.9,N,0
-14.6333,128.0034,316.4,1.2,1.1,2014-12-01,1705,Aqua,MODIS,77,6.2,293.9,12.7,N,0
-14.6236,128.0048,322.2,1.2,1.1,2014-12-01,1705,Aqua,MODIS,100,6.2,294.1,19.3,N,0
-17.4733,123.2777,308.3,1.1,1,2014-12-01,1706,Aqua,MODIS,74,6.2,289.8,7.5,N,0
-19.9117,130.2877,324.4,2,1.4,2014-12-01,1706,Aqua,MODIS,100,6.2,285.3,57.1,N,0
-19.896,130.295,301.9,2,1.4,2014-12-01,1706,Aqua,MODIS,18,6.2,286.8,9.6,N,0
-19.9083,130.2935,339.7,2,1.4,2014-12-01,1706,Aqua,MODIS,100,6.2,286.9,112.6,N,0
-19.9137,130.3063,315.2,2,1.4,2014-12-01,1706,Aqua,MODIS,91,6.2,285.6,33.8,N,0
-18.206,124.0919,319.1,1,1,2014-12-01,1706,Aqua,MODIS,98,6.2,295,14.8,N,0
-18.2074,124.1014,319.5,1,1,2014-12-01,1706,Aqua,MODIS,99,6.2,295.6,15.2,N,0
-19.1162,128.1309,306.3,1.4,1.2,2014-12-01,1706,Aqua,MODIS,41,6.2,293.8,7.4,N,0
-21.7463,128.383,308.1,1.5,1.2,2014-12-01,1707,Aqua,MODIS,74,6.2,296.3,11.8,N,0
-28.004,125.9255,340.8,1.3,1.1,2014-12-01,1708,Aqua,MODIS,100,6.2,297.3,63.9,N,0
-28.2844,125.64,323.6,1.3,1.1,2014-12-01,1709,Aqua,MODIS,100,6.2,297.2,26.6,N,0
-28.4115,125.3506,323.8,1.2,1.1,2014-12-01,1709,Aqua,MODIS,100,6.2,297.4,24.1,N,0
-28.2643,125.6431,316.6,1.3,1.1,2014-12-01,1709,Aqua,MODIS,93,6.2,296.6,17.4,N,0
-28.2761,126.3293,317.9,1.4,1.2,2014-12-01,1709,Aqua,MODIS,96,6.2,295,23.7,N,0
-28.285,126.3138,311.8,1.4,1.2,2014-12-01,1709,Aqua,MODIS,83,6.2,294.5,14.5,N,0
-28.4229,125.3615,318.4,1.2,1.1,2014-12-01,1709,Aqua,MODIS,88,6.2,296.4,17.4,N,0
-28.4245,125.3741,319.8,1.2,1.1,2014-12-01,1709,Aqua,MODIS,81,6.2,296.7,19.5,N,0
-28.4031,125.3646,316,1.2,1.1,2014-12-01,1709,Aqua,MODIS,50,6.2,296.5,14.8,N,0
-28.41,125.3382,334.6,1.2,1.1,2014-12-01,1709,Aqua,MODIS,100,6.2,298,42.8,N,0
-28.2713,125.6159,311.3,1.3,1.1,2014-12-01,1709,Aqua,MODIS,78,6.2,296.3,11,N,0
-28.3817,125.3553,315,1.2,1.1,2014-12-01,1709,Aqua,MODIS,90,6.2,296.3,16.1,N,0
-28.2745,126.3153,310,1.4,1.2,2014-12-01,1709,Aqua,MODIS,79,6.2,294.6,13.5,N,0
-28.2728,125.6287,405.5,1.3,1.1,2014-12-01,1709,Aqua,MODIS,100,6.2,308.8,398.2,N,0
-28.2744,125.6415,346.8,1.3,1.1,2014-12-01,1709,Aqua,MODIS,100,6.2,299.9,74.6,N,0
-28.4016,125.3522,340.8,1.2,1.1,2014-12-01,1709,Aqua,MODIS,100,6.2,298.7,55.4,N,0
-28.3932,125.3662,327.5,1.2,1.1,2014-12-01,1709,Aqua,MODIS,100,6.2,297.5,31.7,N,0
-28.4084,125.3258,309.1,1.2,1.1,2014-12-01,1709,Aqua,MODIS,54,6.2,295.9,8.8,N,0
-28.2971,126.3263,360.3,1.4,1.2,2014-12-01,1709,Aqua,MODIS,100,6.2,298.4,136.5,N,0
-28.3916,125.3537,348.5,1.2,1.1,2014-12-01,1709,Aqua,MODIS,100,6.2,299.7,75.8,N,0
-28.3016,126.3189,332.2,1.4,1.2,2014-12-01,1709,Aqua,MODIS,100,6.2,296.1,49.1,N,0
-28.3076,126.3247,319.2,1.4,1.2,2014-12-01,1709,Aqua,MODIS,98,6.2,295.2,25.4,N,0
-28.2829,125.6272,341.7,1.3,1.1,2014-12-01,1709,Aqua,MODIS,100,6.2,298.4,61.7,N,0
-28.2628,125.6302,367.9,1.3,1.1,2014-12-01,1709,Aqua,MODIS,100,6.2,299.9,150,N,0
-28.2813,125.6144,306.2,1.3,1.1,2014-12-01,1709,Aqua,MODIS,64,6.2,295.8,6.8,N,0
-28.2955,126.3122,313.3,1.4,1.2,2014-12-01,1709,Aqua,MODIS,87,6.2,294.9,16.3,N,0
-28.3031,126.333,325.9,1.4,1.2,2014-12-01,1709,Aqua,MODIS,100,6.2,296.5,36.7,N,0
-28.2866,126.3278,346.3,1.4,1.2,2014-12-01,1709,Aqua,MODIS,100,6.2,296.5,84.7,N,0
-28.5575,126.067,338,1.3,1.1,2014-12-01,1709,Aqua,MODIS,100,6.2,295.6,60.6,N,0
-29.7977,124.8965,305.4,1.2,1.1,2014-12-01,1709,Aqua,MODIS,55,6.2,292.2,7.6,N,0
-29.8076,124.895,302.8,1.2,1.1,2014-12-01,1709,Aqua,MODIS,19,6.2,291.8,5.5,N,0
-28.5313,125.9111,318.1,1.3,1.1,2014-12-01,1709,Aqua,MODIS,81,6.2,297.3,19,N,0
-28.5296,125.8976,327.2,1.3,1.1,2014-12-01,1709,Aqua,MODIS,100,6.2,298.8,32.9,N,0
-28.528,125.8843,312.4,1.3,1.1,2014-12-01,1709,Aqua,MODIS,58,6.2,295.5,13.9,N,0
-28.521,125.9126,329.7,1.3,1.1,2014-12-01,1709,Aqua,MODIS,100,6.2,299.2,38.3,N,0
-28.5194,125.8991,333.3,1.3,1.1,2014-12-01,1709,Aqua,MODIS,100,6.2,298.7,45.1,N,0
-28.5178,125.8858,313.5,1.3,1.1,2014-12-01,1709,Aqua,MODIS,87,6.2,295.5,15.6,N,0
-28.5161,125.8724,310.2,1.3,1.1,2014-12-01,1709,Aqua,MODIS,79,6.2,295,12.2,N,0
-28.5107,125.9141,351,1.3,1.1,2014-12-01,1709,Aqua,MODIS,100,6.2,302.6,92.2,N,0
-28.5091,125.9007,345.8,1.3,1.1,2014-12-01,1709,Aqua,MODIS,100,6.2,300.2,75.4,N,0
-28.5075,125.8873,317.2,1.3,1.1,2014-12-01,1709,Aqua,MODIS,95,6.2,296,20.4,N,0
-28.5021,125.929,314.6,1.3,1.1,2014-12-01,1709,Aqua,MODIS,90,6.2,297,16.2,N,0
-28.5005,125.9156,362,1.3,1.1,2014-12-01,1709,Aqua,MODIS,100,6.2,305.5,132.5,N,0
-28.5269,125.8925,318.4,1.3,1.1,2014-12-01,1709,Aqua,MODIS,97,6.2,296.6,20,N,0
-28.5285,125.906,323.4,1.3,1.1,2014-12-01,1709,Aqua,MODIS,100,6.2,299.4,27.4,N,0
-28.5474,125.8895,317,1.3,1.1,2014-12-01,1709,Aqua,MODIS,94,6.2,295.7,19.6,N,0
-28.4989,125.9022,325.4,1.3,1.1,2014-12-01,1709,Aqua,MODIS,100,6.2,297.7,30.8,N,0
-28.4918,125.9305,306.4,1.3,1.1,2014-12-01,1709,Aqua,MODIS,68,6.2,296.4,8.4,N,0
-28.4902,125.9171,356.3,1.3,1.1,2014-12-01,1709,Aqua,MODIS,100,6.2,302.6,111.6,N,0
-28.4886,125.9037,310.1,1.3,1.1,2014-12-01,1709,Aqua,MODIS,72,6.2,296.3,11,N,0
-28.5356,125.8776,307.8,1.3,1.1,2014-12-01,1709,Aqua,MODIS,54,6.2,294.8,9.6,N,0
-28.4743,125.3609,312.9,1.2,1.1,2014-12-01,1709,Aqua,MODIS,31,6.2,295.8,12,N,0
-28.4827,125.3468,351.9,1.2,1.1,2014-12-01,1709,Aqua,MODIS,100,6.2,297.1,85.1,N,0
-28.4842,125.3594,383.6,1.2,1.1,2014-12-01,1709,Aqua,MODIS,100,6.2,302.9,223.1,N,0
-28.4926,125.3453,366.1,1.2,1.1,2014-12-01,1709,Aqua,MODIS,100,6.2,299.5,136.1,N,0
-28.4942,125.3578,359.6,1.2,1.1,2014-12-01,1709,Aqua,MODIS,100,6.2,300.1,111.9,N,0
-28.4957,125.3704,307.5,1.2,1.1,2014-12-01,1709,Aqua,MODIS,35,6.2,295.6,7.8,N,0
-28.5026,125.3438,319.2,1.2,1.1,2014-12-01,1709,Aqua,MODIS,98,6.2,296.1,20.2,N,0
-28.5041,125.3563,307.6,1.2,1.1,2014-12-01,1709,Aqua,MODIS,69,6.2,295.6,7.9,N,0
-28.5372,125.891,335.7,1.3,1.1,2014-12-01,1709,Aqua,MODIS,100,6.2,298.1,51.5,N,0
-28.5387,125.9045,318.9,1.3,1.1,2014-12-01,1709,Aqua,MODIS,98,6.2,297.5,21.3,N,0
-28.5559,126.0533,341,1.3,1.1,2014-12-01,1709,Aqua,MODIS,100,6.2,294.6,68,N,0
-31.7361,152.6297,344.7,3.3,1.7,2014-12-01,2318,Terra,MODIS,92,6.2,291.9,265,D,0
-31.7307,152.6256,320.5,3.3,1.7,2014-12-01,2318,Terra,MODIS,66,6.2,291.7,74,D,0
-31.7462,152.6219,324,3.3,1.7,2014-12-01,2318,Terra,MODIS,77,6.2,291.1,93.8,D,0
-11.0341,142.7487,320.5,1,1,2014-12-02,0050,Terra,MODIS,37,6.2,297,9,D,0
-11.1102,142.7032,326.7,1,1,2014-12-02,0050,Terra,MODIS,79,6.2,295.7,14.3,D,0
-11.0998,142.6953,325.8,1,1,2014-12-02,0050,Terra,MODIS,72,6.2,294.5,13.2,D,0
-11.1088,142.694,336.8,1,1,2014-12-02,0050,Terra,MODIS,88,6.2,297.4,28.2,D,0
-14.3295,144.5464,326.3,1.1,1,2014-12-02,0051,Terra,MODIS,72,6.2,295.2,16.7,D,0
-13.4392,143.4511,330.1,1,1,2014-12-02,0051,Terra,MODIS,62,6.2,298.9,19,D,0
-12.0595,141.97,323.7,1,1,2014-12-02,0051,Terra,MODIS,52,6.2,298.3,10.4,D,0
-15.1089,145.0229,317.1,1.2,1.1,2014-12-02,0051,Terra,MODIS,43,6.2,292.8,9.4,D,0
-12.943,142.5173,330.9,1,1,2014-12-02,0051,Terra,MODIS,65,6.2,300.4,16.9,D,0
-14.5921,144.6966,326.7,1.1,1.1,2014-12-02,0051,Terra,MODIS,57,6.2,298.7,11.6,D,0
-12.4591,132.1622,314.7,4.6,2,2014-12-02,0051,Terra,MODIS,14,6.2,288.6,47,D,0
-13.4069,143.2287,328.7,1,1,2014-12-02,0051,Terra,MODIS,70,6.2,299.1,13.2,D,0
-13.429,143.2537,328.2,1,1,2014-12-02,0051,Terra,MODIS,48,6.2,298.1,13.9,D,0
-12.2631,136.4073,312.6,2.2,1.4,2014-12-02,0051,Terra,MODIS,27,6.2,280,16.4,D,0
-14.8784,144.6737,320.6,1.1,1.1,2014-12-02,0051,Terra,MODIS,17,6.2,287.8,12.2,D,0
-12.1429,142.3409,325.9,1,1,2014-12-02,0051,Terra,MODIS,43,6.2,298.5,10.4,D,0
-12.714,142.8976,326,1,1,2014-12-02,0051,Terra,MODIS,69,6.2,301.9,10.8,D,0
-14.7496,144.7894,328.2,1.1,1.1,2014-12-02,0051,Terra,MODIS,66,6.2,293.3,22.5,D,0
-15.3299,145.0805,316.5,1.2,1.1,2014-12-02,0051,Terra,MODIS,59,6.2,292.9,10.3,D,0
-15.1381,145.0188,318.5,1.2,1.1,2014-12-02,0051,Terra,MODIS,60,6.2,292.9,10.7,D,0
-18.7801,142.2816,337.3,1,1,2014-12-02,0052,Terra,MODIS,83,6.2,303.7,20.3,D,0
-18.7788,142.272,331.1,1,1,2014-12-02,0052,Terra,MODIS,74,6.2,304.4,11.6,D,0
-15.7437,145.2051,335.1,1.2,1.1,2014-12-02,0052,Terra,MODIS,84,6.2,301.8,30.6,D,0
-15.7354,145.2183,339.8,1.2,1.1,2014-12-02,0052,Terra,MODIS,90,6.2,300.4,42.9,D,0
-15.7338,145.2067,347.4,1.2,1.1,2014-12-02,0052,Terra,MODIS,94,6.2,301.1,60,D,0
-17.4684,141.0632,334,1,1,2014-12-02,0052,Terra,MODIS,81,6.2,302.2,15.2,D,0
-17.4747,141.0464,338.9,1,1,2014-12-02,0052,Terra,MODIS,74,6.2,300.1,29.1,D,0
-17.4776,141.0654,335.3,1,1,2014-12-02,0052,Terra,MODIS,73,6.2,302.1,19.5,D,0
-17.4823,141.0354,340.5,1,1,2014-12-02,0052,Terra,MODIS,77,6.2,291.3,31.4,D,0
-17.4837,141.0449,338.8,1,1,2014-12-02,0052,Terra,MODIS,80,6.2,296.4,27.8,D,0
-17.4852,141.0544,331.5,1,1,2014-12-02,0052,Terra,MODIS,39,6.2,298.1,14.9,D,0
-19.1071,142.2513,333.4,1,1,2014-12-02,0053,Terra,MODIS,77,6.2,307.4,12.3,D,0
-18.8677,140.3337,324.4,1,1,2014-12-02,0053,Terra,MODIS,48,6.2,296.1,5.5,D,0
-20.5329,144.6243,334.4,1.3,1.1,2014-12-02,0053,Terra,MODIS,51,6.2,309.1,29.2,D,0
-22.4305,146.8403,332.3,2,1.4,2014-12-02,0053,Terra,MODIS,76,6.2,303.5,38.7,D,0
-22.447,146.8768,326.7,2,1.4,2014-12-02,0053,Terra,MODIS,51,6.2,303.3,21.1,D,0
-26.4035,146.2647,323.6,2,1.4,2014-12-02,0054,Terra,MODIS,55,6.2,302.9,23.2,D,0
-26.4055,146.2849,324.7,2,1.4,2014-12-02,0054,Terra,MODIS,60,6.2,303.1,26.5,D,0
-27.6175,129.7019,334.3,3.2,1.7,2014-12-02,0055,Terra,MODIS,77,6.2,307,87.7,D,0
-27.5991,129.6792,342.7,3.2,1.7,2014-12-02,0055,Terra,MODIS,87,6.2,309,164.6,D,0
-27.6025,129.7061,329.3,3.2,1.7,2014-12-02,0055,Terra,MODIS,57,6.2,309,51,D,0
-27.6061,129.7112,333.6,3.2,1.7,2014-12-02,0055,Terra,MODIS,76,6.2,309,77.9,D,0
-30.4962,148.8252,325.3,3.4,1.7,2014-12-02,0055,Terra,MODIS,42,6.2,300,65.4,D,0
-37.671,140.4229,314.9,1.2,1.1,2014-12-02,0058,Terra,MODIS,57,6.2,297.7,8.5,D,0
-37.6726,140.4371,315.9,1.2,1.1,2014-12-02,0058,Terra,MODIS,61,6.2,299.5,10.1,D,0
-17.4805,123.2754,332.7,2,1.4,2014-12-02,0231,Terra,MODIS,54,6.2,300,45.8,D,0
-17.4201,123.3022,351.7,2,1.4,2014-12-02,0231,Terra,MODIS,95,6.2,303.7,132.2,D,0
-17.4187,123.3079,338.5,2,1.4,2014-12-02,0231,Terra,MODIS,85,6.2,302.8,63.7,D,0
-16.5604,124.768,321,2.5,1.5,2014-12-02,0231,Terra,MODIS,56,6.2,291.4,41,D,0
-17.4097,123.232,334.4,2,1.4,2014-12-02,0231,Terra,MODIS,39,6.2,297.6,48.1,D,0
-17.4119,123.2509,359.4,2,1.4,2014-12-02,0231,Terra,MODIS,99,6.2,302,186.4,D,0
-17.4141,123.2698,408.4,2,1.4,2014-12-02,0231,Terra,MODIS,100,6.2,308.9,808.7,D,0
-17.4164,123.2888,403,2,1.4,2014-12-02,0231,Terra,MODIS,100,6.2,308.2,710.6,D,0
-17.4221,123.2305,337.6,2,1.4,2014-12-02,0231,Terra,MODIS,54,6.2,294.4,63,D,0
-17.4244,123.2493,365.6,2,1.4,2014-12-02,0231,Terra,MODIS,100,6.2,302.1,235.3,D,0
-17.4266,123.2683,345.7,2,1.4,2014-12-02,0231,Terra,MODIS,91,6.2,304.7,99.1,D,0
-17.4289,123.2873,350.5,2,1.4,2014-12-02,0231,Terra,MODIS,94,6.2,305.3,124.8,D,0
-17.4137,123.2451,368.7,2,1.4,2014-12-02,0231,Terra,MODIS,100,6.2,300.5,263.4,D,0
-17.4159,123.264,383.1,2,1.4,2014-12-02,0231,Terra,MODIS,100,6.2,305.8,414.8,D,0
-17.418,123.2831,405.4,2,1.4,2014-12-02,0231,Terra,MODIS,100,6.2,309.7,752.3,D,0
-17.4262,123.2435,340.2,2,1.4,2014-12-02,0231,Terra,MODIS,63,6.2,298.2,74.2,D,0
-17.4305,123.2816,342.9,2,1.4,2014-12-02,0231,Terra,MODIS,89,6.2,305.3,80.4,D,0
-17.468,123.2769,342.5,2,1.4,2014-12-02,0231,Terra,MODIS,88,6.2,303.1,83.7,D,0
-17.4702,123.296,346.5,2,1.4,2014-12-02,0231,Terra,MODIS,91,6.2,302,104.9,D,0
-17.4827,123.2945,340.8,2,1.4,2014-12-02,0231,Terra,MODIS,87,6.2,299,79.8,D,0
-16.8186,125.4708,324.6,2.9,1.6,2014-12-02,0231,Terra,MODIS,65,6.2,294.5,39.9,D,0
-18.2084,124.0871,333.1,2.4,1.5,2014-12-02,0231,Terra,MODIS,79,6.2,304.9,50.3,D,0
-18.2109,124.1097,337.2,2.4,1.5,2014-12-02,0231,Terra,MODIS,84,6.2,302.4,75.4,D,0
-18.4664,127.3167,324.5,4.2,1.9,2014-12-02,0231,Terra,MODIS,61,6.2,292.6,78.8,D,0
-18.4641,127.3237,326.8,4.2,1.9,2014-12-02,0231,Terra,MODIS,69,6.2,292.8,98.6,D,0
-20.5958,119.2375,341.4,1.2,1.1,2014-12-02,0232,Terra,MODIS,82,6.2,316.7,23.7,D,0
-20.5943,119.226,343,1.2,1.1,2014-12-02,0232,Terra,MODIS,84,6.2,320,26.9,D,0
-20.6154,119.2346,364.7,1.2,1.1,2014-12-02,0232,Terra,MODIS,100,6.2,318.1,94.6,D,0
-20.6169,119.2462,339.8,1.2,1.1,2014-12-02,0232,Terra,MODIS,79,6.2,317.3,21.2,D,0
-21.2348,118.9151,344,1.2,1.1,2014-12-02,0232,Terra,MODIS,85,6.2,318.9,33.1,D,0
-22.5384,122.7748,343.4,2.2,1.4,2014-12-02,0232,Terra,MODIS,59,6.2,322.5,50.3,D,0
-22.0826,119.0172,361.4,1.2,1.1,2014-12-02,0232,Terra,MODIS,100,6.2,319,92.7,D,0
-22.0841,119.029,339,1.2,1.1,2014-12-02,0232,Terra,MODIS,78,6.2,318.2,27.3,D,0
-21.5368,127.4332,342,4.7,2,2014-12-02,0232,Terra,MODIS,84,6.2,314.2,238.1,D,0
-21.5189,127.4349,340.9,4.7,2,2014-12-02,0232,Terra,MODIS,82,6.2,311.1,225.4,D,0
-21.5382,127.4401,334.3,4.7,2,2014-12-02,0232,Terra,MODIS,70,6.2,313.8,126.6,D,0
-21.5203,127.4417,344.1,4.7,2,2014-12-02,0232,Terra,MODIS,86,6.2,311.1,272.6,D,0
-21.5166,127.3966,333.4,4.6,2,2014-12-02,0232,Terra,MODIS,67,6.2,311.9,106.6,D,0
-22.5516,122.7881,379.5,2.2,1.4,2014-12-02,0232,Terra,MODIS,100,6.2,323.8,369.7,D,0
-22.5667,122.793,353.4,2.2,1.4,2014-12-02,0232,Terra,MODIS,85,6.2,322.1,117.2,D,0
-22.5537,122.7945,358.2,2.2,1.4,2014-12-02,0232,Terra,MODIS,98,6.2,323.6,147.7,D,0
-22.2123,119.8713,345.4,1.4,1.2,2014-12-02,0232,Terra,MODIS,87,6.2,319.1,46.1,D,0
-22.5776,122.785,343.9,2.2,1.4,2014-12-02,0232,Terra,MODIS,68,6.2,319.5,70.3,D,0
-22.5646,122.7866,354.2,2.2,1.4,2014-12-02,0232,Terra,MODIS,93,6.2,320.3,127.9,D,0
-22.5625,122.7652,349.3,2.2,1.4,2014-12-02,0232,Terra,MODIS,78,6.2,316.8,93.3,D,0
-22.5495,122.7668,389.9,2.2,1.4,2014-12-02,0232,Terra,MODIS,100,6.2,322.2,517.2,D,0
-22.5643,122.7717,359.1,2.2,1.4,2014-12-02,0232,Terra,MODIS,98,6.2,317.6,162.7,D,0
-22.5514,122.7732,402.8,2.2,1.4,2014-12-02,0232,Terra,MODIS,100,6.2,323.1,743.6,D,0
-24.9632,126.22,332.7,4.2,1.9,2014-12-02,0233,Terra,MODIS,61,6.2,311.4,74.2,D,0
-24.966,126.2146,334.2,4.2,1.9,2014-12-02,0233,Terra,MODIS,67,6.2,311.5,96,D,0
-28.4986,125.9154,325.3,4.3,1.9,2014-12-02,0234,Terra,MODIS,24,6.2,302.4,87.6,D,0
-28.4812,125.9166,324.7,4.3,1.9,2014-12-02,0234,Terra,MODIS,51,6.2,301.2,89.2,D,0
-28.4769,125.8769,324,4.3,1.9,2014-12-02,0234,Terra,MODIS,24,6.2,301.8,73.2,D,0
-28.2564,126.3229,367.8,4.6,2,2014-12-02,0234,Terra,MODIS,100,6.2,305.2,852.5,D,0
-28.2554,126.3155,368.9,4.6,2,2014-12-02,0234,Terra,MODIS,100,6.2,305.4,888.1,D,0
-28.2533,126.2759,342.9,4.5,2,2014-12-02,0234,Terra,MODIS,87,6.2,305.4,295.7,D,0
-28.2732,126.3143,330.2,4.6,2,2014-12-02,0234,Terra,MODIS,70,6.2,304.2,133.6,D,0
-28.2743,126.3218,326.1,4.6,2,2014-12-02,0234,Terra,MODIS,48,6.2,304.1,89,D,0
-28.2458,125.6039,335.5,4.1,1.9,2014-12-02,0234,Terra,MODIS,79,6.2,303.3,161.2,D,0
-28.2687,125.6388,336.6,4.1,1.9,2014-12-02,0234,Terra,MODIS,81,6.2,305,186.7,D,0
-28.2661,125.597,327,4.1,1.9,2014-12-02,0234,Terra,MODIS,55,6.2,303.9,80.8,D,0
-28.2516,125.6402,344,4.1,1.9,2014-12-02,0234,Terra,MODIS,88,6.2,303.7,274.8,D,0
-28.2486,125.6459,344.3,4.1,1.9,2014-12-02,0234,Terra,MODIS,89,6.2,303.3,279.9,D,0
-28.2629,125.6027,336.2,4.1,1.9,2014-12-02,0234,Terra,MODIS,80,6.2,304.3,169.7,D,0
-28.2657,125.6445,336.6,4.1,1.9,2014-12-02,0234,Terra,MODIS,80,6.2,304.5,180.9,D,0
-28.2828,125.6432,324.6,4.1,1.9,2014-12-02,0234,Terra,MODIS,40,6.2,303.8,72.7,D,0
-28.2491,125.5983,337.4,4.1,1.9,2014-12-02,0234,Terra,MODIS,82,6.2,303.6,182,D,0
-30.6537,125.0521,318.6,3.9,1.8,2014-12-02,0234,Terra,MODIS,39,6.2,297.6,48.9,D,0
-30.6369,125.0533,327.7,3.9,1.8,2014-12-02,0234,Terra,MODIS,75,6.2,298.3,117.6,D,0
-30.6412,125.0457,331.2,3.9,1.8,2014-12-02,0234,Terra,MODIS,80,6.2,298.4,151.6,D,0
-30.6581,125.0444,317.8,3.9,1.8,2014-12-02,0234,Terra,MODIS,44,6.2,297.6,46.1,D,0
-29.5347,123.7951,322,3.2,1.7,2014-12-02,0234,Terra,MODIS,57,6.2,308.2,42.8,D,0
-29.8775,124.1606,328,3.4,1.7,2014-12-02,0234,Terra,MODIS,66,6.2,310.2,71.9,D,0
-29.8715,124.1541,328.5,3.4,1.7,2014-12-02,0234,Terra,MODIS,65,6.2,309.2,74.6,D,0
-31.5732,116.0126,322.2,1.1,1.1,2014-12-02,0235,Terra,MODIS,57,6.2,306.3,8.2,D,0
-31.8608,115.8131,319.9,1.1,1,2014-12-02,0235,Terra,MODIS,24,6.2,303.9,5.6,D,0
-31.8605,115.8847,323.5,1.1,1,2014-12-02,0235,Terra,MODIS,35,6.2,303.8,7.8,D,0
-33.361,115.6765,318.3,1.1,1.1,2014-12-02,0235,Terra,MODIS,44,6.2,302.9,7.4,D,0
-32.0388,115.9986,320.8,1.1,1.1,2014-12-02,0235,Terra,MODIS,41,6.2,304.1,8,D,0
-32.0615,115.9158,326.7,1.1,1.1,2014-12-02,0235,Terra,MODIS,66,6.2,304.2,12.1,D,0
-31.9901,115.9222,324.2,1.1,1.1,2014-12-02,0235,Terra,MODIS,67,6.2,303.2,9.1,D,0
-32.1235,115.8689,322,1.1,1.1,2014-12-02,0235,Terra,MODIS,65,6.2,302.5,8.8,D,0
-31.8635,115.9082,323.5,1.1,1,2014-12-02,0235,Terra,MODIS,49,6.2,302.2,7.8,D,0
-32.071,115.9141,325.5,1.1,1.1,2014-12-02,0235,Terra,MODIS,64,6.2,303.3,10.9,D,2
-32.063,115.9276,325.9,1.1,1.1,2014-12-02,0235,Terra,MODIS,53,6.2,303.6,10.5,D,2
-33.8492,150.8887,328.2,1.5,1.2,2014-12-02,0334,Aqua,MODIS,42,6.2,308.4,18.2,D,0
-31.741,152.637,316.1,1.1,1.1,2014-12-02,0335,Aqua,MODIS,62,6.2,297.1,8.9,D,0
-31.7425,152.6253,328.6,1.1,1.1,2014-12-02,0335,Aqua,MODIS,81,6.2,298,24.3,D,0
-28.7214,147.1069,332.3,2.2,1.4,2014-12-02,0336,Aqua,MODIS,71,6.2,312,33.6,D,0
-29.5981,149.5166,342.4,1.6,1.2,2014-12-02,0336,Aqua,MODIS,84,6.2,311.7,51.4,D,0
-28.8619,150.6896,334.5,1.3,1.1,2014-12-02,0336,Aqua,MODIS,69,6.2,306,29.7,D,0
-24.9887,152.3428,327.3,1,1,2014-12-02,0337,Aqua,MODIS,71,6.2,307.2,10.6,D,0
-24.6263,150.9287,339,1.1,1.1,2014-12-02,0337,Aqua,MODIS,85,6.2,313.5,31.9,D,0
-24.7355,151.3505,328.4,1.1,1,2014-12-02,0337,Aqua,MODIS,74,6.2,302.4,20.8,D,0
-25.0434,151.6528,332.4,1.1,1,2014-12-02,0337,Aqua,MODIS,78,6.2,305.4,21.6,D,0
-25.4282,142.0747,332,4.5,2,2014-12-02,0337,Aqua,MODIS,62,6.2,307.1,113.6,D,0
-25.4104,142.0733,331.5,4.5,2,2014-12-02,0337,Aqua,MODIS,59,6.2,308.4,98.8,D,0
-25.4281,142.0826,330.8,4.5,2,2014-12-02,0337,Aqua,MODIS,57,6.2,307.1,98.7,D,0
-24.8444,148.3694,330.9,1.6,1.2,2014-12-02,0337,Aqua,MODIS,66,6.2,303.1,30.9,D,0
-24.5073,151.6911,323.5,1.1,1,2014-12-02,0337,Aqua,MODIS,42,6.2,303.1,11.8,D,0
-24.498,151.6897,323.7,1.1,1,2014-12-02,0337,Aqua,MODIS,57,6.2,300.3,11.9,D,0
-23.6583,150.3075,327.2,1.2,1.1,2014-12-02,0337,Aqua,MODIS,70,6.2,306.2,16.2,D,0
-23.6597,150.2958,339.1,1.2,1.1,2014-12-02,0337,Aqua,MODIS,86,6.2,305.7,37.6,D,0
-24.6681,151.7188,322.3,1.1,1,2014-12-02,0337,Aqua,MODIS,55,6.2,297.8,13.5,D,0
-22.2458,149.413,332.2,1.3,1.1,2014-12-02,0338,Aqua,MODIS,51,6.2,303.6,27,D,0
-20.5896,143.8708,325.6,3,1.6,2014-12-02,0338,Aqua,MODIS,21,6.2,296.8,48.8,D,0
-22.1997,149.3698,322,1.3,1.1,2014-12-02,0338,Aqua,MODIS,55,6.2,302.7,14.2,D,0
-21.8487,146.5741,348.7,1.9,1.4,2014-12-02,0338,Aqua,MODIS,93,6.2,306.8,108.5,D,0
-21.8507,146.5554,348.7,1.9,1.4,2014-12-02,0338,Aqua,MODIS,93,6.2,304.4,110.9,D,0
-16.6671,145.4177,329.8,2,1.4,2014-12-02,0339,Aqua,MODIS,81,6.2,291,64.7,D,0
-15.3299,145.0625,319.5,2,1.4,2014-12-02,0340,Aqua,MODIS,71,6.2,294.6,23.2,D,0
-15.2076,145.2289,341.6,2,1.4,2014-12-02,0340,Aqua,MODIS,0,6.2,293.6,98.5,D,0
-15.2043,145.2214,333.6,2,1.4,2014-12-02,0340,Aqua,MODIS,65,6.2,294,64,D,0
-14.9713,144.5717,323.7,2.2,1.4,2014-12-02,0340,Aqua,MODIS,57,6.2,294.6,33,D,0
-13.403,143.2119,335.2,2.6,1.6,2014-12-02,0340,Aqua,MODIS,87,6.2,287.1,119.7,D,0
-13.4058,143.1875,329.2,2.7,1.6,2014-12-02,0340,Aqua,MODIS,82,6.2,286,85.1,D,0
-14.9737,144.5514,322.8,2.2,1.4,2014-12-02,0340,Aqua,MODIS,73,6.2,291.5,30.6,D,0
-15.7484,145.1647,336,2,1.4,2014-12-02,0340,Aqua,MODIS,83,6.2,301.7,60.2,D,0
-14.3384,144.5319,321.2,2.2,1.4,2014-12-02,0340,Aqua,MODIS,74,6.2,294.6,32.4,D,0
-15.8514,145.1655,322.7,2,1.4,2014-12-02,0340,Aqua,MODIS,37,6.2,297.1,35,D,0
-15.8503,145.16,323.8,2,1.4,2014-12-02,0340,Aqua,MODIS,61,6.2,297.3,37.6,D,0
-15.1133,145.0176,317.5,2,1.4,2014-12-02,0340,Aqua,MODIS,37,6.2,294.8,17.4,D,0
-15.7395,145.2139,341.8,2,1.4,2014-12-02,0340,Aqua,MODIS,80,6.2,300.5,99.2,D,0
-15.7463,145.1833,378.1,2,1.4,2014-12-02,0340,Aqua,MODIS,100,6.2,303.9,361,D,0
-15.7441,145.2027,339.6,2,1.4,2014-12-02,0340,Aqua,MODIS,55,6.2,301.8,79.5,D,0
-15.7565,145.2046,333.5,2,1.4,2014-12-02,0340,Aqua,MODIS,85,6.2,300.3,66.6,D,0
-15.7418,145.1953,361.4,2,1.4,2014-12-02,0340,Aqua,MODIS,100,6.2,302.7,211,D,0
-12.893,143.454,318.5,2.5,1.5,2014-12-02,0340,Aqua,MODIS,49,6.2,298,32.2,D,0
-13.5944,143.4868,315.1,2.5,1.5,2014-12-02,0340,Aqua,MODIS,59,6.2,291.1,25.7,D,0
-13.5872,143.4931,320.5,2.5,1.5,2014-12-02,0340,Aqua,MODIS,73,6.2,291.4,43.6,D,0
-15.7608,145.1665,328.7,2,1.4,2014-12-02,0340,Aqua,MODIS,81,6.2,301.6,39.6,D,0
-14.4512,144.5724,321.8,2.1,1.4,2014-12-02,0340,Aqua,MODIS,41,6.2,295.2,21.1,D,0
-14.4523,144.5576,332.2,2.2,1.4,2014-12-02,0340,Aqua,MODIS,85,6.2,297.3,57.1,D,0
-14.4383,144.5709,340.7,2.1,1.4,2014-12-02,0340,Aqua,MODIS,90,6.2,295.9,98.7,D,0
-14.4536,144.5526,328.3,2.2,1.4,2014-12-02,0340,Aqua,MODIS,81,6.2,297,44.7,D,0
-15.744,145.1763,367.3,2,1.4,2014-12-02,0340,Aqua,MODIS,100,6.2,303.3,258,D,0
-14.4407,144.5511,350.4,2.2,1.4,2014-12-02,0340,Aqua,MODIS,95,6.2,296.7,157.9,D,0
-14.8547,144.6732,327.2,2.1,1.4,2014-12-02,0340,Aqua,MODIS,23,6.2,296.4,45.9,D,0
-14.7927,144.76,320.5,2.1,1.4,2014-12-02,0340,Aqua,MODIS,16,6.2,293.6,18.8,D,0
-14.8419,144.6714,330.6,2.1,1.4,2014-12-02,0340,Aqua,MODIS,83,6.2,295.9,59.1,D,0
-29.8579,124.1392,342.4,1.7,1.3,2014-12-02,0514,Aqua,MODIS,80,6.2,317.2,49.5,D,0
-29.8597,124.1212,345.6,1.7,1.3,2014-12-02,0514,Aqua,MODIS,79,6.2,315.2,66.9,D,0
-29.5118,130.4624,334.7,1,1,2014-12-02,0514,Aqua,MODIS,54,6.2,317.5,9.6,D,0
-29.9018,124.2889,332.6,1.7,1.3,2014-12-02,0514,Aqua,MODIS,73,6.2,315.4,27.9,D,0
-30.6427,125.0273,332.1,1.6,1.2,2014-12-02,0514,Aqua,MODIS,56,6.2,313.8,22.7,D,0
-29.4331,130.1864,333.3,1,1,2014-12-02,0514,Aqua,MODIS,64,6.2,315.6,9.9,D,0
-29.5193,130.4746,336.6,1,1,2014-12-02,0514,Aqua,MODIS,73,6.2,316.8,12.8,D,0
-29.4436,130.1779,372.1,1,1,2014-12-02,0514,Aqua,MODIS,100,6.2,319.8,100.1,D,0
-29.4421,130.1882,361.4,1,1,2014-12-02,0514,Aqua,MODIS,100,6.2,316.5,66.3,D,0
-30.2975,124.6352,331.3,1.6,1.3,2014-12-02,0514,Aqua,MODIS,72,6.2,313.7,24.7,D,0
-26.899,126.0484,336.9,1.2,1.1,2014-12-02,0515,Aqua,MODIS,38,6.2,319.4,12.6,D,0
-28.481,125.8764,400.5,1.3,1.1,2014-12-02,0515,Aqua,MODIS,100,6.2,321.2,341.7,D,0
-26.8678,126.056,393.3,1.2,1.1,2014-12-02,0515,Aqua,MODIS,100,6.2,323.2,248.2,D,0
-26.8663,126.0682,339.1,1.2,1.1,2014-12-02,0515,Aqua,MODIS,44,6.2,318.4,16.9,D,0
-26.8777,126.0575,351.6,1.2,1.1,2014-12-02,0515,Aqua,MODIS,93,6.2,321,47.6,D,0
-28.4805,125.8966,336.3,1.3,1.1,2014-12-02,0515,Aqua,MODIS,60,6.2,315.2,25.3,D,0
-26.8876,126.0591,346.3,1.2,1.1,2014-12-02,0515,Aqua,MODIS,88,6.2,320,33.3,D,0
-26.8891,126.0468,339.9,1.2,1.1,2014-12-02,0515,Aqua,MODIS,58,6.2,320.1,17.9,D,0
-28.4719,125.8818,398.6,1.3,1.1,2014-12-02,0515,Aqua,MODIS,100,6.2,316.7,329.3,D,0
-28.4703,125.8951,333.2,1.3,1.1,2014-12-02,0515,Aqua,MODIS,50,6.2,311.4,19.9,D,0
-28.2592,126.3035,342.2,1.2,1.1,2014-12-02,0515,Aqua,MODIS,81,6.2,317.2,28.9,D,0
-28.5615,126.0548,330.7,1.3,1.1,2014-12-02,0515,Aqua,MODIS,54,6.2,312.1,17.9,D,0
-28.5291,125.9105,338.8,1.3,1.1,2014-12-02,0515,Aqua,MODIS,52,6.2,315,26.2,D,0
-28.5189,125.909,343.4,1.3,1.1,2014-12-02,0515,Aqua,MODIS,76,6.2,316.9,36.9,D,0
-28.5102,125.8942,345.7,1.3,1.1,2014-12-02,0515,Aqua,MODIS,87,6.2,317.2,41.2,D,0
-28.5117,125.881,352.1,1.3,1.1,2014-12-02,0515,Aqua,MODIS,94,6.2,316.1,61.2,D,0
-28.5,125.8927,343.9,1.3,1.1,2014-12-02,0515,Aqua,MODIS,85,6.2,317.9,38,D,0
-28.5015,125.8794,355.3,1.3,1.1,2014-12-02,0515,Aqua,MODIS,96,6.2,317.8,73.5,D,0
-28.4897,125.8912,359,1.3,1.1,2014-12-02,0515,Aqua,MODIS,99,6.2,318.1,87.2,D,0
-28.4913,125.8779,375.7,1.3,1.1,2014-12-02,0515,Aqua,MODIS,100,6.2,318.9,165.3,D,0
-28.4795,125.8897,397.7,1.3,1.1,2014-12-02,0515,Aqua,MODIS,100,6.2,320.5,317.1,D,0
-28.4837,125.8701,334.6,1.3,1.1,2014-12-02,0515,Aqua,MODIS,70,6.2,315.5,20.3,D,0
-28.4821,125.8834,400.4,1.3,1.1,2014-12-02,0515,Aqua,MODIS,100,6.2,323.7,343.6,D,0
-29.8463,124.1377,360.7,1.7,1.3,2014-12-02,0515,Aqua,MODIS,75,6.2,318,140.2,D,0
-29.848,124.1197,373.1,1.7,1.3,2014-12-02,0515,Aqua,MODIS,75,6.2,316.7,231.7,D,0
-29.863,124.1347,337.2,1.7,1.3,2014-12-02,0515,Aqua,MODIS,55,6.2,316.6,35.6,D,0
-29.8513,124.1332,381.3,1.7,1.3,2014-12-02,0515,Aqua,MODIS,100,6.2,318.4,304.1,D,0
-29.8532,124.1152,357.1,1.7,1.3,2014-12-02,0515,Aqua,MODIS,98,6.2,316.4,128.9,D,0
-28.6742,129.5126,340.8,1,1,2014-12-02,0515,Aqua,MODIS,81,6.2,312.8,23,D,0
-28.689,129.4734,375.6,1,1,2014-12-02,0515,Aqua,MODIS,100,6.2,320.7,105.5,D,0
-28.2676,126.3176,339.6,1.2,1.1,2014-12-02,0515,Aqua,MODIS,78,6.2,317.2,24.2,D,0
-28.2691,126.305,335.6,1.2,1.1,2014-12-02,0515,Aqua,MODIS,39,6.2,316.8,14.6,D,0
-28.6876,129.4836,365.1,1,1,2014-12-02,0515,Aqua,MODIS,100,6.2,316.4,73.6,D,0
-28.6861,129.4938,342.8,1,1,2014-12-02,0515,Aqua,MODIS,83,6.2,313.4,22.2,D,0
-28.701,129.4546,357.2,1,1,2014-12-02,0515,Aqua,MODIS,98,6.2,321.6,43.9,D,0
-28.6995,129.4648,369.4,1,1,2014-12-02,0515,Aqua,MODIS,100,6.2,322.9,83.2,D,0
-28.698,129.4751,439.7,1,1,2014-12-02,0515,Aqua,MODIS,100,6.2,334.2,558.5,D,0
-28.6966,129.4853,438.3,1,1,2014-12-02,0515,Aqua,MODIS,100,6.2,325.9,542.9,D,0
-28.7114,129.4461,347.1,1,1,2014-12-02,0515,Aqua,MODIS,86,6.2,321.1,24.6,D,0
-28.71,129.4563,363.4,1,1,2014-12-02,0515,Aqua,MODIS,100,6.2,321.9,63.8,D,0
-28.7085,129.4665,373.2,1,1,2014-12-02,0515,Aqua,MODIS,100,6.2,321.2,97,D,0
-28.707,129.4767,362.7,1,1,2014-12-02,0515,Aqua,MODIS,100,6.2,319.1,65.2,D,0
-28.7056,129.487,343.6,1,1,2014-12-02,0515,Aqua,MODIS,85,6.2,317.3,22,D,0
-28.6757,129.5024,375.6,1,1,2014-12-02,0515,Aqua,MODIS,100,6.2,316.4,113.6,D,0
-28.7219,129.4375,341.9,1,1,2014-12-02,0515,Aqua,MODIS,51,6.2,319.5,16.5,D,0
-28.7204,129.4477,353.4,1,1,2014-12-02,0515,Aqua,MODIS,95,6.2,320.4,39.4,D,0
-28.719,129.458,345,1,1,2014-12-02,0515,Aqua,MODIS,78,6.2,318.8,22.7,D,0
-28.6771,129.4922,378.4,1,1,2014-12-02,0515,Aqua,MODIS,100,6.2,320.4,123.2,D,0
-28.6786,129.4819,354.9,1,1,2014-12-02,0515,Aqua,MODIS,96,6.2,319.9,45.7,D,0
-28.68,129.4717,345.9,1,1,2014-12-02,0515,Aqua,MODIS,78,6.2,319.5,24,D,0
-28.6815,129.4615,345.9,1,1,2014-12-02,0515,Aqua,MODIS,76,6.2,320.3,21.2,D,0
-28.6829,129.4513,340.5,1,1,2014-12-02,0515,Aqua,MODIS,49,6.2,320.3,10.1,D,0
-28.6652,129.5109,421.1,1,1,2014-12-02,0515,Aqua,MODIS,100,6.2,322.7,384.2,D,0
-28.6667,129.5007,424,1,1,2014-12-02,0515,Aqua,MODIS,100,6.2,327.5,407.1,D,0
-28.6681,129.4905,406.4,1,1,2014-12-02,0515,Aqua,MODIS,100,6.2,328.3,268.9,D,0
-28.6696,129.4803,371.4,1,1,2014-12-02,0515,Aqua,MODIS,100,6.2,323.7,94.1,D,0
-28.671,129.47,352.9,1,1,2014-12-02,0515,Aqua,MODIS,92,6.2,320.7,37.5,D,0
-28.6725,129.4598,355,1,1,2014-12-02,0515,Aqua,MODIS,96,6.2,320.1,41.7,D,0
-28.6739,129.4496,341.5,1,1,2014-12-02,0515,Aqua,MODIS,64,6.2,319.5,14.1,D,0
-28.6562,129.5092,364.1,1,1,2014-12-02,0515,Aqua,MODIS,100,6.2,313.6,77.3,D,0
-28.6577,129.499,414.9,1,1,2014-12-02,0515,Aqua,MODIS,100,6.2,326.2,332,D,0
-28.6591,129.4888,406.1,1,1,2014-12-02,0515,Aqua,MODIS,100,6.2,329.4,266.5,D,0
-28.6606,129.4786,374.8,1,1,2014-12-02,0515,Aqua,MODIS,100,6.2,325.3,105.7,D,0
-28.662,129.4684,385,1,1,2014-12-02,0515,Aqua,MODIS,100,6.2,325.7,145.4,D,0
-28.6635,129.4582,369.3,1,1,2014-12-02,0515,Aqua,MODIS,100,6.2,322.4,82,D,0
-28.6649,129.4479,347.8,1,1,2014-12-02,0515,Aqua,MODIS,90,6.2,320.6,27,D,0
-28.6664,129.4377,349.1,1,1,2014-12-02,0515,Aqua,MODIS,91,6.2,320.6,30,D,0
-28.6491,129.5022,364,1,1,2014-12-02,0515,Aqua,MODIS,100,6.2,315.3,73.6,D,0
-28.6505,129.492,437.5,1,1,2014-12-02,0515,Aqua,MODIS,100,6.2,334,536.6,D,0
-28.6638,129.5211,344.5,1,1,2014-12-02,0515,Aqua,MODIS,86,6.2,312,31,D,0
-28.652,129.4818,402.5,1,1,2014-12-02,0515,Aqua,MODIS,100,6.2,329.2,240.9,D,0
-28.6534,129.4716,398,1,1,2014-12-02,0515,Aqua,MODIS,100,6.2,326.5,212.5,D,0
-28.6549,129.4613,374,1,1,2014-12-02,0515,Aqua,MODIS,100,6.2,323.4,101.2,D,0
-28.6564,129.4511,376,1,1,2014-12-02,0515,Aqua,MODIS,100,6.2,323,108.8,D,0
-28.6578,129.4409,356,1,1,2014-12-02,0515,Aqua,MODIS,97,6.2,320.5,48.1,D,0
-28.6415,129.4903,336.5,1,1,2014-12-02,0515,Aqua,MODIS,53,6.2,312.3,11.4,D,0
-28.643,129.4801,334.8,1,1,2014-12-02,0515,Aqua,MODIS,58,6.2,313.2,8,D,0
-28.6444,129.4699,334.8,1,1,2014-12-02,0515,Aqua,MODIS,55,6.2,314.9,7.3,D,0
-28.6842,127.2379,342.4,1.1,1.1,2014-12-02,0515,Aqua,MODIS,84,6.2,315.3,33.6,D,0
-28.6778,127.2536,343,1.1,1.1,2014-12-02,0515,Aqua,MODIS,85,6.2,315.6,34.1,D,0
-28.6792,127.2421,347.5,1.1,1.1,2014-12-02,0515,Aqua,MODIS,90,6.2,317.6,44.9,D,0
-28.6682,127.2521,342.2,1.1,1.1,2014-12-02,0515,Aqua,MODIS,84,6.2,314.3,32.7,D,0
-28.6697,127.2406,348.5,1.1,1.1,2014-12-02,0515,Aqua,MODIS,91,6.2,316.3,46.9,D,0
-28.6587,127.2505,344.9,1.1,1.1,2014-12-02,0515,Aqua,MODIS,87,6.2,312.6,38,D,0
-28.6601,127.2391,344.6,1.1,1.1,2014-12-02,0515,Aqua,MODIS,87,6.2,315.4,37.4,D,0
-28.6828,127.2493,351.2,1.1,1.1,2014-12-02,0515,Aqua,MODIS,93,6.2,316.6,53.2,D,0
-28.2899,125.61,338.5,1.3,1.1,2014-12-02,0515,Aqua,MODIS,34,6.2,316.9,24.7,D,0
-28.2557,125.6327,351.6,1.3,1.1,2014-12-02,0515,Aqua,MODIS,90,6.2,319.1,60.4,D,0
-28.2588,125.6053,347.7,1.3,1.1,2014-12-02,0515,Aqua,MODIS,81,6.2,318.8,47.9,D,0
-28.2438,125.6447,342.1,1.3,1.1,2014-12-02,0515,Aqua,MODIS,61,6.2,315.3,33.1,D,0
-28.2453,125.6311,362.2,1.3,1.1,2014-12-02,0515,Aqua,MODIS,100,6.2,319.1,100.2,D,0
-28.238,125.6383,334.1,1.3,1.1,2014-12-02,0515,Aqua,MODIS,67,6.2,314.5,20.5,D,0
-28.2396,125.6248,335.9,1.3,1.1,2014-12-02,0515,Aqua,MODIS,72,6.2,316.2,23.8,D,0
-28.6905,129.4632,358.8,1,1,2014-12-02,0515,Aqua,MODIS,99,6.2,321.1,49.8,D,0
-28.6919,129.4529,350.3,1,1,2014-12-02,0515,Aqua,MODIS,92,6.2,321.6,27.5,D,0
-21.9708,127.9881,399.3,1,1,2014-12-02,0516,Aqua,MODIS,100,6.2,331.4,214.5,D,0
-21.9821,127.9768,351.9,1,1,2014-12-02,0516,Aqua,MODIS,73,6.2,328.4,30.2,D,0
-21.978,128.0057,432.5,1,1,2014-12-02,0516,Aqua,MODIS,100,6.2,400.1,471.3,D,0
-21.9766,128.0154,504,1,1,2014-12-02,0516,Aqua,MODIS,100,6.2,400.1,1661.9,D,0
-21.9752,128.025,458.1,1,1,2014-12-02,0516,Aqua,MODIS,87,6.2,323.4,788.8,D,0
-21.9897,127.988,351.2,1,1,2014-12-02,0516,Aqua,MODIS,66,6.2,328.2,27.1,D,0
-21.987,128.0072,355.3,1,1,2014-12-02,0516,Aqua,MODIS,47,6.2,329.1,33.5,D,0
-21.9884,127.9976,353.8,1,1,2014-12-02,0516,Aqua,MODIS,43,6.2,329.9,30.8,D,0
-21.9722,127.9784,369.3,1,1,2014-12-02,0516,Aqua,MODIS,100,6.2,331.4,80.1,D,0
-21.9842,128.0265,502.4,1,1,2014-12-02,0516,Aqua,MODIS,87,6.2,400.1,1630.6,D,0
-21.996,128.0087,356.7,1,1,2014-12-02,0516,Aqua,MODIS,88,6.2,328.2,40.1,D,0
-21.9946,128.0184,371.5,1,1,2014-12-02,0516,Aqua,MODIS,100,6.2,334.2,85.6,D,0
-21.9932,128.028,467.6,1,1,2014-12-02,0516,Aqua,MODIS,94,6.2,400.1,939.7,D,0
-21.9918,128.0377,419.4,1,1,2014-12-02,0516,Aqua,MODIS,87,6.2,309.9,367.1,D,0
-21.9904,128.0473,334.3,1,1,2014-12-02,0516,Aqua,MODIS,38,6.2,303.5,12.4,D,0
-22.0036,128.0199,353.7,1,1,2014-12-02,0516,Aqua,MODIS,95,6.2,326.4,39,D,0
-22.0022,128.0295,406.7,1,1,2014-12-02,0516,Aqua,MODIS,100,6.2,331.9,266.1,D,0
-22.0008,128.0392,377.9,1,1,2014-12-02,0516,Aqua,MODIS,100,6.2,316.3,120,D,0
-21.9618,127.9866,339.8,1,1,2014-12-02,0516,Aqua,MODIS,26,6.2,322.5,9.9,D,0
-21.9856,128.0169,444.3,1,1,2014-12-02,0516,Aqua,MODIS,100,6.2,400.1,605.9,D,0
-24.9733,126.2656,356.4,1.1,1.1,2014-12-02,0516,Aqua,MODIS,97,6.2,312.1,65.3,D,0
-24.9829,126.2671,375.4,1.1,1.1,2014-12-02,0516,Aqua,MODIS,100,6.2,323.2,136.8,D,0
-24.9843,126.2558,355.1,1.1,1.1,2014-12-02,0516,Aqua,MODIS,93,6.2,312.8,62.7,D,0
-22.5875,133.2821,351.9,1.6,1.3,2014-12-02,0516,Aqua,MODIS,89,6.2,310.5,90.7,D,0
-22.5848,133.2976,360.3,1.6,1.3,2014-12-02,0516,Aqua,MODIS,100,6.2,311.9,133.4,D,0
-24.1113,128.0569,379.1,1,1,2014-12-02,0516,Aqua,MODIS,94,6.2,314.4,121,D,0
-24.1127,128.047,400,1,1,2014-12-02,0516,Aqua,MODIS,100,6.2,326.5,225.3,D,0
-24.1141,128.0372,429.9,1,1,2014-12-02,0516,Aqua,MODIS,100,6.2,328,459,D,0
-24.1154,128.0273,359.7,1,1,2014-12-02,0516,Aqua,MODIS,56,6.2,322.2,57.9,D,0
-24.1037,128.0455,406.1,1,1,2014-12-02,0516,Aqua,MODIS,100,6.2,333.4,264.9,D,0
-24.105,128.0356,383.4,1,1,2014-12-02,0516,Aqua,MODIS,100,6.2,333,140.4,D,0
-22.274,127.8003,339.4,1,1,2014-12-02,0516,Aqua,MODIS,32,6.2,319.9,10.2,D,0
-22.2753,127.7907,425.5,1,1,2014-12-02,0516,Aqua,MODIS,100,6.2,335.9,408.4,D,0
-22.2767,127.781,405.4,1,1,2014-12-02,0516,Aqua,MODIS,100,6.2,341.6,249.1,D,0
-22.2663,127.7892,428,1,1,2014-12-02,0516,Aqua,MODIS,100,6.2,334.2,431.6,D,0
-22.2677,127.7795,397.4,1,1,2014-12-02,0516,Aqua,MODIS,100,6.2,338.2,200.5,D,0
-22.2691,127.7698,361.2,1,1,2014-12-02,0516,Aqua,MODIS,94,6.2,333.4,50.4,D,0
-22.2705,127.7601,373.4,1,1,2014-12-02,0516,Aqua,MODIS,100,6.2,332.3,89.1,D,0
-22.2587,127.778,352.2,1,1,2014-12-02,0516,Aqua,MODIS,71,6.2,327.6,30.7,D,0
-22.2615,127.7586,348.3,1,1,2014-12-02,0516,Aqua,MODIS,80,6.2,330.6,21.3,D,0
-24.6371,129.3179,397.1,1,1,2014-12-02,0516,Aqua,MODIS,94,6.2,319.6,216.3,D,0
-21.7524,128.42,343.3,1,1,2014-12-02,0517,Aqua,MODIS,39,6.2,313.7,16,D,0
-21.7434,128.4184,353.1,1,1,2014-12-02,0517,Aqua,MODIS,94,6.2,324.1,35,D,0
-21.7448,128.4087,351.6,1,1,2014-12-02,0517,Aqua,MODIS,93,6.2,327,34.1,D,0
-20.6286,119.2443,340.4,2.9,1.6,2014-12-02,0517,Aqua,MODIS,80,6.2,311.6,101.6,D,0
-20.6277,119.2374,345.3,2.9,1.6,2014-12-02,0517,Aqua,MODIS,87,6.2,311.9,141.5,D,0
-20.6129,119.2357,331.6,2.9,1.6,2014-12-02,0517,Aqua,MODIS,41,6.2,311.8,36.3,D,0
-20.5982,119.2341,333.6,2.9,1.6,2014-12-02,0517,Aqua,MODIS,55,6.2,312.6,46.1,D,0
-19.0535,128.1267,339.4,1,1,2014-12-02,0517,Aqua,MODIS,67,6.2,292.9,31.3,D,0
-19.0549,128.1171,329.8,1,1,2014-12-02,0517,Aqua,MODIS,17,6.2,286.8,18.1,D,0
-19.0444,128.1252,369.9,1,1,2014-12-02,0517,Aqua,MODIS,100,6.2,294.6,108.1,D,0
-21.246,118.9056,333.5,3.1,1.7,2014-12-02,0517,Aqua,MODIS,52,6.2,319.3,46.6,D,0
-21.5892,126.7136,362.2,1,1,2014-12-02,0517,Aqua,MODIS,100,6.2,329.2,59.6,D,0
-21.5878,126.7236,349.2,1,1,2014-12-02,0517,Aqua,MODIS,91,6.2,326.4,26.3,D,0
-22.5144,122.6206,347.8,1.7,1.3,2014-12-02,0517,Aqua,MODIS,90,6.2,328.8,49.4,D,0
-22.5979,122.7896,348.3,1.7,1.3,2014-12-02,0517,Aqua,MODIS,90,6.2,325.3,57.7,D,0
-22.5863,122.788,340.9,1.7,1.3,2014-12-02,0517,Aqua,MODIS,64,6.2,327.3,25.8,D,0
-21.5906,126.7037,343.4,1,1,2014-12-02,0517,Aqua,MODIS,85,6.2,327.3,14.4,D,0
-22.5046,122.6021,349.7,1.8,1.3,2014-12-02,0517,Aqua,MODIS,91,6.2,329.9,60.8,D,0
-20.7502,128.1668,334.6,1,1,2014-12-02,0517,Aqua,MODIS,54,6.2,289.2,20.7,D,0
-20.7688,128.097,339,1,1,2014-12-02,0517,Aqua,MODIS,78,6.2,312.7,15.5,D,0
-20.7336,128.1542,348.5,1,1,2014-12-02,0517,Aqua,MODIS,63,6.2,276.6,43.2,D,0
-20.7426,128.1557,361.8,1,1,2014-12-02,0517,Aqua,MODIS,87,6.2,279.7,76.2,D,0
-20.7156,128.1512,372,1,1,2014-12-02,0517,Aqua,MODIS,87,6.2,290,105.9,D,0
-20.7412,128.1653,342.1,1,1,2014-12-02,0517,Aqua,MODIS,66,6.2,286.8,31.5,D,0
-20.7674,128.1066,368.1,1,1,2014-12-02,0517,Aqua,MODIS,100,6.2,315.3,83.8,D,0
-19.8862,130.3018,349.6,1.2,1.1,2014-12-02,0517,Aqua,MODIS,87,6.2,311,53.6,D,0
-19.8765,130.3001,352.5,1.2,1.1,2014-12-02,0517,Aqua,MODIS,95,6.2,311.4,59.3,D,0
-19.8761,130.2943,340.7,1.2,1.1,2014-12-02,0517,Aqua,MODIS,72,6.2,309.9,32.2,D,0
-20.7142,128.1608,351.1,1,1,2014-12-02,0517,Aqua,MODIS,74,6.2,299.2,46.8,D,0
-20.3228,119.4359,390.8,2.8,1.6,2014-12-02,0517,Aqua,MODIS,100,6.2,312.8,814.6,D,0
-20.3201,119.4627,359.8,2.8,1.6,2014-12-02,0517,Aqua,MODIS,99,6.2,307.2,296.6,D,0
-20.3057,119.461,336.2,2.8,1.6,2014-12-02,0517,Aqua,MODIS,65,6.2,309.8,80.5,D,0
-20.3084,119.4342,335.5,2.8,1.6,2014-12-02,0517,Aqua,MODIS,71,6.2,309.6,71.6,D,0
-15.7844,131.7279,333.6,1.7,1.3,2014-12-02,0518,Aqua,MODIS,66,6.2,300,38.1,D,0
-15.7871,131.7122,333.9,1.7,1.3,2014-12-02,0518,Aqua,MODIS,75,6.2,301.4,36.8,D,0
-16.5762,124.9708,334,1.1,1,2014-12-02,0518,Aqua,MODIS,78,6.2,306,17.7,D,0
-16.5748,124.9808,333.3,1.1,1,2014-12-02,0518,Aqua,MODIS,62,6.2,304.7,17.5,D,0
-16.5855,124.9721,345,1.1,1,2014-12-02,0518,Aqua,MODIS,90,6.2,305,38.7,D,0
-16.3349,124.9265,335.4,1.1,1,2014-12-02,0518,Aqua,MODIS,79,6.2,305.6,21.2,D,0
-16.5869,124.9621,329.6,1.1,1,2014-12-02,0518,Aqua,MODIS,69,6.2,304.8,11.4,D,0
-16.3392,124.944,335.4,1.1,1,2014-12-02,0518,Aqua,MODIS,65,6.2,306.1,19.4,D,0
-16.3406,124.9339,342.2,1.1,1,2014-12-02,0518,Aqua,MODIS,87,6.2,306,29.6,D,0
-16.3335,124.9365,352.7,1.1,1,2014-12-02,0518,Aqua,MODIS,95,6.2,305.5,57.6,D,0
-16.3255,124.9251,351.1,1.1,1,2014-12-02,0518,Aqua,MODIS,94,6.2,303.7,53.7,D,0
-16.3269,124.9151,327.9,1.1,1,2014-12-02,0518,Aqua,MODIS,36,6.2,302.9,11.5,D,0
-16.8209,125.4572,333.7,1,1,2014-12-02,0518,Aqua,MODIS,72,6.2,299.9,17.8,D,0
-16.8222,125.4474,329,1,1,2014-12-02,0518,Aqua,MODIS,33,6.2,299.5,10.1,D,0
-16.7771,125.4441,327.4,1,1,2014-12-02,0518,Aqua,MODIS,51,6.2,293.7,11.1,D,0
-16.7852,125.3853,336.6,1.1,1,2014-12-02,0518,Aqua,MODIS,63,6.2,300,22.4,D,0
-17.2486,130.699,334.7,1.4,1.2,2014-12-02,0518,Aqua,MODIS,0,6.2,290.1,31,D,0
-16.8631,125.3533,333.8,1.1,1,2014-12-02,0518,Aqua,MODIS,59,6.2,307,13.3,D,0
-18.2107,124.0904,343.6,1.2,1.1,2014-12-02,0518,Aqua,MODIS,87,6.2,304.9,37.5,D,0
-16.9477,125.8732,338,1,1,2014-12-02,0518,Aqua,MODIS,66,6.2,310.6,18,D,0
-16.5727,124.7836,329.8,1.1,1,2014-12-02,0518,Aqua,MODIS,62,6.2,306.9,12.8,D,0
-17.804,129.0819,333.4,1.1,1,2014-12-02,0518,Aqua,MODIS,50,6.2,307.3,14.4,D,0
-16.9293,125.8737,336.3,1,1,2014-12-02,0518,Aqua,MODIS,51,6.2,307.6,16,D,0
-16.949,125.8637,337,1,1,2014-12-02,0518,Aqua,MODIS,74,6.2,311.7,16.1,D,0
-16.5633,124.7823,333.7,1.1,1,2014-12-02,0518,Aqua,MODIS,76,6.2,304.9,18.9,D,0
-16.5647,124.772,336.3,1.1,1,2014-12-02,0518,Aqua,MODIS,73,6.2,309.2,20.8,D,0
-16.9645,125.8854,334.3,1,1,2014-12-02,0518,Aqua,MODIS,60,6.2,307.6,13,D,0
-16.9568,125.8746,341.9,1,1,2014-12-02,0518,Aqua,MODIS,83,6.2,309.1,25.8,D,0
-38.2291,147.162,301.7,1.1,1,2014-12-02,1259,Terra,MODIS,44,6.2,286.9,7.8,N,0
-34.4577,150.8824,302.9,1.1,1.1,2014-12-02,1259,Terra,MODIS,49,6.2,285.6,10.4,N,2
-27.4332,145.6174,303.4,1,1,2014-12-02,1301,Terra,MODIS,53,6.2,291.7,3.7,N,0
-29.6022,149.5059,314.9,1.1,1.1,2014-12-02,1301,Terra,MODIS,90,6.2,294.4,14.1,N,0
-29.5926,149.5038,304,1.1,1.1,2014-12-02,1301,Terra,MODIS,58,6.2,293.8,4.9,N,0
-29.5907,149.5155,318.1,1.1,1.1,2014-12-02,1301,Terra,MODIS,96,6.2,294.3,17.5,N,0
-29.6003,149.5176,326.2,1.1,1.1,2014-12-02,1301,Terra,MODIS,100,6.2,294.9,27.5,N,0
-28.9078,150.1608,305,1.2,1.1,2014-12-02,1301,Terra,MODIS,63,6.2,294.1,6.4,N,0
-28.8632,150.7242,304.4,1.3,1.1,2014-12-02,1301,Terra,MODIS,55,6.2,289.2,7.3,N,0
-24.8414,148.3756,310.7,1.2,1.1,2014-12-02,1302,Terra,MODIS,81,6.2,292.9,10.8,N,0
-24.9685,151.5049,300.1,1.8,1.3,2014-12-02,1302,Terra,MODIS,16,6.2,288.9,9,N,0
-24.3358,149.2656,303.1,1.3,1.1,2014-12-02,1302,Terra,MODIS,44,6.2,292.5,5.3,N,0
-24.337,149.2733,307.9,1.3,1.1,2014-12-02,1302,Terra,MODIS,73,6.2,292.7,9.8,N,0
-24.5324,146.1121,316.6,1,1,2014-12-02,1302,Terra,MODIS,93,6.2,295.1,13.5,N,0
-24.5339,146.1022,306.4,1,1,2014-12-02,1302,Terra,MODIS,67,6.2,294.4,5.7,N,0
-24.5234,146.1105,310.2,1,1,2014-12-02,1302,Terra,MODIS,79,6.2,294.1,8,N,0
-24.5249,146.1006,321.2,1,1,2014-12-02,1302,Terra,MODIS,100,6.2,294.5,17.5,N,0
-22.4331,146.8436,313.4,1.1,1,2014-12-02,1303,Terra,MODIS,15,6.2,296.1,7.7,N,0
-22.4424,146.8453,328.5,1.1,1,2014-12-02,1303,Terra,MODIS,100,6.2,297,24.3,N,0
-22.8719,146.5078,321,1,1,2014-12-02,1303,Terra,MODIS,100,6.2,297,15.8,N,0
-22.8704,146.5179,328.3,1,1,2014-12-02,1303,Terra,MODIS,100,6.2,297.2,24.3,N,0
-22.8734,146.4977,315.3,1,1,2014-12-02,1303,Terra,MODIS,90,6.2,296.9,10.4,N,0
-22.8689,146.5279,319.6,1,1,2014-12-02,1303,Terra,MODIS,99,6.2,296.7,14.8,N,0
-22.878,146.5296,310.3,1,1,2014-12-02,1303,Terra,MODIS,56,6.2,296.4,6.3,N,0
-22.8902,146.5111,310,1,1,2014-12-02,1303,Terra,MODIS,76,6.2,296.8,6.1,N,0
-22.8795,146.5195,315.7,1,1,2014-12-02,1303,Terra,MODIS,91,6.2,296.7,10.2,N,0
-22.8811,146.5094,317.2,1,1,2014-12-02,1303,Terra,MODIS,94,6.2,297.1,11.5,N,0
-22.8826,146.4994,313.4,1,1,2014-12-02,1303,Terra,MODIS,79,6.2,297.1,8.3,N,0
-21.8433,146.5467,313.9,1.1,1,2014-12-02,1303,Terra,MODIS,87,6.2,295.3,11,N,0
-20.4773,135.1667,302.6,3.5,1.8,2014-12-02,1304,Terra,MODIS,50,6.2,288,18.2,N,0
-20.4844,135.162,301.2,3.5,1.8,2014-12-02,1304,Terra,MODIS,22,6.2,288.1,13.3,N,0
-14.4264,144.5603,341.5,1,1,2014-12-02,1305,Terra,MODIS,100,6.2,291.6,45.9,N,0
-15.1029,145.0264,303.2,1.1,1,2014-12-02,1305,Terra,MODIS,47,6.2,290.6,4.4,N,0
-15.8362,145.1743,307.8,1.1,1,2014-12-02,1305,Terra,MODIS,31,6.2,292.6,6.9,N,0
-15.7228,145.1908,324.5,1.1,1,2014-12-02,1305,Terra,MODIS,100,6.2,294,21.6,N,0
-15.7276,145.222,309.6,1.1,1,2014-12-02,1305,Terra,MODIS,70,6.2,293.1,7.7,N,0
-15.8347,145.1841,305.7,1.1,1,2014-12-02,1305,Terra,MODIS,25,6.2,292.3,5.7,N,0
-15.7243,145.1809,317.4,1.1,1,2014-12-02,1305,Terra,MODIS,88,6.2,291.5,14.3,N,0
-14.425,144.5699,327.1,1,1,2014-12-02,1305,Terra,MODIS,100,6.2,291.5,23.9,N,0
-12.9459,142.5173,305.5,1,1,2014-12-02,1305,Terra,MODIS,51,6.2,292.7,3.9,N,0
-12.9446,142.5265,309.1,1,1,2014-12-02,1305,Terra,MODIS,76,6.2,292.5,6.3,N,0
-16.0797,142.3195,305.8,1,1,2014-12-02,1305,Terra,MODIS,9,6.2,293.8,4,N,0
-16.0705,142.3181,309.1,1,1,2014-12-02,1305,Terra,MODIS,75,6.2,293.9,6.8,N,0
-15.7627,145.1769,305.6,1.1,1,2014-12-02,1305,Terra,MODIS,14,6.2,292.3,5.5,N,0
-16.0745,142.2889,313.6,1,1,2014-12-02,1305,Terra,MODIS,87,6.2,293.9,10.3,N,0
-14.4355,144.5618,308.8,1,1,2014-12-02,1305,Terra,MODIS,74,6.2,291.1,7.1,N,0
-16.0719,142.3084,305.2,1,1,2014-12-02,1305,Terra,MODIS,61,6.2,293.7,4,N,0
-16.0667,142.2778,315.3,1,1,2014-12-02,1305,Terra,MODIS,91,6.2,293.8,12,N,0
-14.5655,144.6737,307.8,1,1,2014-12-02,1305,Terra,MODIS,71,6.2,289.4,8.7,N,0
-16.1099,142.2905,306,1,1,2014-12-02,1305,Terra,MODIS,66,6.2,293.5,4.4,N,0
-15.77,145.1738,312.8,1.1,1,2014-12-02,1305,Terra,MODIS,56,6.2,293.2,10.4,N,0
-14.5669,144.664,301.9,1,1,2014-12-02,1305,Terra,MODIS,38,6.2,288.7,5,N,0
-14.4341,144.5714,308.5,1,1,2014-12-02,1305,Terra,MODIS,73,6.2,291.5,6.7,N,0
-14.8927,144.6461,304.4,1,1,2014-12-02,1305,Terra,MODIS,55,6.2,291,4.4,N,0
-16.1191,142.2919,306.1,1,1,2014-12-02,1305,Terra,MODIS,67,6.2,293.6,4.6,N,0
-14.5901,144.6974,304.9,1,1,2014-12-02,1305,Terra,MODIS,50,6.2,289.4,6.2,N,0
-15.9247,141.9731,312.6,1.1,1,2014-12-02,1305,Terra,MODIS,84,6.2,293.7,10,N,0
-15.9233,141.9831,313.8,1.1,1,2014-12-02,1305,Terra,MODIS,87,6.2,293.8,11,N,0
-15.7886,145.1763,311.7,1.1,1,2014-12-02,1305,Terra,MODIS,75,6.2,292.4,10.1,N,0
-15.8929,141.9277,305.1,1.1,1,2014-12-02,1305,Terra,MODIS,49,6.2,293.2,4.2,N,0
-15.9049,141.9091,308.8,1.1,1,2014-12-02,1305,Terra,MODIS,73,6.2,293.7,6.9,N,0
-12.9549,142.5186,307.4,1,1,2014-12-02,1305,Terra,MODIS,61,6.2,292.7,5,N,0
-15.9141,141.9817,308.1,1.1,1,2014-12-02,1305,Terra,MODIS,70,6.2,293.6,6.7,N,0
-15.7793,145.1751,309.2,1.1,1,2014-12-02,1305,Terra,MODIS,66,6.2,292.6,8,N,0
-14.8307,144.6852,305.3,1,1,2014-12-02,1305,Terra,MODIS,60,6.2,290,5.1,N,0
-14.8913,144.6557,304.4,1,1,2014-12-02,1305,Terra,MODIS,55,6.2,290.8,4.4,N,0
-15.3193,145.0636,303.6,1.1,1,2014-12-02,1305,Terra,MODIS,51,6.2,277.2,6.5,N,0
-29.5972,149.5211,307.6,3.8,1.8,2014-12-02,1435,Aqua,MODIS,72,6.2,292.3,46.6,N,0
-29.5932,149.5307,308,3.8,1.8,2014-12-02,1435,Aqua,MODIS,73,6.2,292.4,49,N,0
-28.2541,125.597,325.6,1.3,1.1,2014-12-02,1440,Terra,MODIS,100,6.2,294.4,32.7,N,0
-29.8887,124.283,315.1,1.1,1,2014-12-02,1440,Terra,MODIS,90,6.2,286.2,16,N,0
-28.244,125.5947,309.8,1.3,1.1,2014-12-02,1440,Terra,MODIS,78,6.2,293.7,12.1,N,0
-28.2642,125.5993,305.6,1.3,1.1,2014-12-02,1440,Terra,MODIS,47,6.2,293,7.7,N,0
-29.5448,123.7818,307.7,1.1,1,2014-12-02,1440,Terra,MODIS,72,6.2,291.9,9,N,0
-29.8791,124.1251,314.7,1.1,1,2014-12-02,1440,Terra,MODIS,90,6.2,290.9,15.5,N,0
-29.8698,124.1231,332,1.1,1,2014-12-02,1440,Terra,MODIS,100,6.2,291.4,35.6,N,0
-29.8715,124.1121,311.9,1.1,1,2014-12-02,1440,Terra,MODIS,83,6.2,290.7,12.5,N,0
-29.8513,124.1191,312.6,1.1,1,2014-12-02,1440,Terra,MODIS,85,6.2,290.2,13.7,N,0
-22.2593,127.9266,311.2,2.4,1.5,2014-12-02,1441,Terra,MODIS,80,6.2,297.7,27.2,N,0
-24.9266,126.2631,315.9,1.6,1.3,2014-12-02,1441,Terra,MODIS,92,6.2,298.4,21.3,N,0
-24.9358,126.2716,313,1.6,1.3,2014-12-02,1441,Terra,MODIS,55,6.2,298.7,15.4,N,0
-24.9245,126.2691,312.5,1.6,1.3,2014-12-02,1441,Terra,MODIS,56,6.2,298.3,14.7,N,0
-24.9893,126.2337,314.3,1.6,1.3,2014-12-02,1441,Terra,MODIS,88,6.2,297.8,18.8,N,0
-24.947,126.2741,314.5,1.6,1.3,2014-12-02,1441,Terra,MODIS,79,6.2,298.5,18.3,N,0
-24.9921,126.2177,315.1,1.6,1.3,2014-12-02,1441,Terra,MODIS,90,6.2,298.2,20.3,N,0
-24.9726,126.197,313.3,1.6,1.3,2014-12-02,1441,Terra,MODIS,86,6.2,298.2,17.6,N,0
-24.9583,126.2766,313.5,1.6,1.3,2014-12-02,1441,Terra,MODIS,77,6.2,298.3,17.1,N,0
-20.3507,118.3351,313,1.1,1,2014-12-02,1442,Terra,MODIS,85,6.2,296.5,10.1,N,0
-20.352,118.325,340.9,1.1,1,2014-12-02,1442,Terra,MODIS,100,6.2,297.6,46.7,N,0
-20.345,118.3284,328.9,1.1,1,2014-12-02,1442,Terra,MODIS,98,6.2,297.1,0,N,0
-20.5997,116.7778,313.8,1.3,1.1,2014-12-02,1442,Terra,MODIS,83,6.2,295.5,13.4,N,2
-20.2402,129.0398,309.6,3.2,1.7,2014-12-02,1442,Terra,MODIS,77,6.2,295.1,34.3,N,0
-20.2251,129.0362,306.3,3.2,1.7,2014-12-02,1442,Terra,MODIS,62,6.2,294.8,22.9,N,0
-20.2313,129.0056,306.9,3.2,1.7,2014-12-02,1442,Terra,MODIS,61,6.2,295.6,24.9,N,0
-20.2438,129.0351,305.9,3.2,1.7,2014-12-02,1442,Terra,MODIS,29,6.2,295.1,21,N,0
-20.2287,129.0314,308.4,3.2,1.7,2014-12-02,1442,Terra,MODIS,73,6.2,295,31.7,N,0
-20.2347,129.0008,305.9,3.2,1.7,2014-12-02,1442,Terra,MODIS,59,6.2,295.5,22,N,0
-20.3901,118.7962,314.5,1,1,2014-12-02,1442,Terra,MODIS,89,6.2,295.3,12,N,0
-21.2269,118.922,309.1,1,1,2014-12-02,1442,Terra,MODIS,69,6.2,295.8,6.3,N,0
-20.5897,116.7763,307.8,1.3,1.1,2014-12-02,1442,Terra,MODIS,57,6.2,295.6,8.1,N,0
-17.3956,123.2942,315,1.4,1.2,2014-12-02,1443,Terra,MODIS,88,6.2,295.8,15.7,N,0
-17.404,123.3094,310.5,1.4,1.2,2014-12-02,1443,Terra,MODIS,75,6.2,296,10.6,N,0
-17.4,123.303,309.4,1.4,1.2,2014-12-02,1443,Terra,MODIS,47,6.2,295.9,8.6,N,0
-17.4022,123.2897,310.8,1.4,1.2,2014-12-02,1443,Terra,MODIS,57,6.2,295.6,10.1,N,0
-17.4062,123.2961,306.5,1.4,1.2,2014-12-02,1443,Terra,MODIS,29,6.2,295.5,5.9,N,0
-14.6102,128.0271,325.4,3.6,1.8,2014-12-02,1443,Terra,MODIS,100,6.2,290.1,130.1,N,0
-14.4251,144.5797,304.3,1.7,1.3,2014-12-02,1609,Aqua,MODIS,53,6.2,290.7,10.3,N,0
-14.4232,144.5638,309.7,1.7,1.3,2014-12-02,1609,Aqua,MODIS,78,6.2,291,17.4,N,0
-15.7178,145.1801,308.4,2,1.4,2014-12-02,1609,Aqua,MODIS,74,6.2,291.3,20.2,N,0
-15.72,145.1988,307.8,2,1.4,2014-12-02,1609,Aqua,MODIS,73,6.2,291.3,18.8,N,0
-15.7821,145.1894,301.3,2,1.4,2014-12-02,1609,Aqua,MODIS,18,6.2,290.1,11.7,N,0
-15.7832,145.182,305.1,2,1.4,2014-12-02,1609,Aqua,MODIS,55,6.2,289.9,18.2,N,0
-14.4277,144.5704,312.1,1.7,1.3,2014-12-02,1609,Aqua,MODIS,84,6.2,290.8,21.4,N,0
-22.438,146.8655,302.7,3.3,1.7,2014-12-02,1611,Aqua,MODIS,51,6.2,291.1,24.1,N,0
-22.8708,146.5299,304.3,3.2,1.7,2014-12-02,1611,Aqua,MODIS,55,6.2,291.9,24.4,N,0
-20.2252,129.0264,305.6,3.2,1.7,2014-12-02,1611,Aqua,MODIS,45,6.2,295.5,23.5,N,0
-20.7297,139.4765,303,1.1,1,2014-12-02,1611,Aqua,MODIS,53,6.2,290.5,4.6,N,2
-22.8732,146.5347,302.6,3.2,1.7,2014-12-02,1611,Aqua,MODIS,50,6.2,291.9,21.3,N,0
-21.3032,136.897,320.9,1,1,2014-12-02,1611,Aqua,MODIS,100,6.2,296.8,15.8,N,0
-21.3047,136.9068,325.6,1,1,2014-12-02,1611,Aqua,MODIS,100,6.2,297.4,20.9,N,0
-20.4764,135.1775,333.7,1.2,1.1,2014-12-02,1611,Aqua,MODIS,100,6.2,296.6,40.5,N,0
-20.4783,135.1888,316.6,1.2,1.1,2014-12-02,1611,Aqua,MODIS,93,6.2,296.5,15.6,N,0
-20.488,135.187,334.2,1.2,1.1,2014-12-02,1611,Aqua,MODIS,100,6.2,297.3,41.6,N,0
-24.0846,127.991,356.7,3.1,1.7,2014-12-02,1612,Aqua,MODIS,100,6.2,298,388.2,N,0
-24.0994,127.9873,314.9,3.1,1.7,2014-12-02,1612,Aqua,MODIS,67,6.2,295,58.6,N,0
-24.0808,127.9839,335.7,3.1,1.7,2014-12-02,1612,Aqua,MODIS,100,6.2,296.7,175.8,N,0
-24.0957,127.9802,316.5,3.1,1.7,2014-12-02,1612,Aqua,MODIS,76,6.2,294.9,66.4,N,0
-24.0908,128.0209,341.5,3.1,1.7,2014-12-02,1612,Aqua,MODIS,100,6.2,296.6,221.9,N,0
-24.1056,128.0172,308.5,3.1,1.7,2014-12-02,1612,Aqua,MODIS,32,6.2,295.2,30.3,N,0
-24.0872,128.0138,344.1,3.1,1.7,2014-12-02,1612,Aqua,MODIS,100,6.2,298.1,244.4,N,0
-24.102,128.0101,320.5,3.1,1.7,2014-12-02,1612,Aqua,MODIS,100,6.2,295.7,81.6,N,0
-25.6452,130.5715,305.5,1.9,1.3,2014-12-02,1613,Aqua,MODIS,65,6.2,294.7,12.8,N,0
-25.6333,130.5743,305.1,1.9,1.3,2014-12-02,1613,Aqua,MODIS,63,6.2,295,12.1,N,0
-24.9184,126.2669,311.3,3.9,1.8,2014-12-02,1613,Aqua,MODIS,82,6.2,295.1,61.6,N,0
-25.6404,130.578,308.1,1.9,1.3,2014-12-02,1613,Aqua,MODIS,74,6.2,295,17.6,N,0
-24.9085,126.2651,306.5,3.9,1.8,2014-12-02,1613,Aqua,MODIS,68,6.2,294.9,36.9,N,0
-28.6604,127.2378,307.1,2.7,1.6,2014-12-02,1614,Aqua,MODIS,24,6.2,280.4,39.5,N,0
-28.6706,127.2394,303.7,2.7,1.6,2014-12-02,1614,Aqua,MODIS,29,6.2,277.5,32.3,N,0
-28.6566,127.2434,303.9,2.7,1.6,2014-12-02,1614,Aqua,MODIS,21,6.2,281.1,33.7,N,0
-20.3464,118.3248,308.8,1.6,1.3,2014-12-02,1750,Aqua,MODIS,75,6.2,293.3,15.4,N,0
-20.6139,116.7729,312.6,1.3,1.1,2014-12-02,1750,Aqua,MODIS,85,6.2,293.2,14.4,N,2
-20.595,116.7884,302.8,1.3,1.1,2014-12-02,1750,Aqua,MODIS,51,6.2,292.5,5.1,N,2
-20.5935,116.776,317.4,1.3,1.1,2014-12-02,1750,Aqua,MODIS,95,6.2,293.2,20.7,N,0
-15.7335,145.1968,316.8,4.6,2,2014-12-02,2357,Terra,MODIS,50,6.2,289.1,76.4,D,0
-15.7332,145.1911,318.1,4.6,2,2014-12-02,2357,Terra,MODIS,58,6.2,289.4,85.3,D,0
-26.7079,150.1781,331,1.2,1.1,2014-12-02,2359,Terra,MODIS,64,6.2,306.9,15.7,D,0
-26.7848,152.3373,331.6,1,1,2014-12-02,2359,Terra,MODIS,46,6.2,305.6,14.2,D,0
-26.7865,152.3476,334,1,1,2014-12-02,2359,Terra,MODIS,63,6.2,309,17.2,D,0
-24.3108,150.6353,339,1.3,1.1,2014-12-02,2359,Terra,MODIS,86,6.2,304.4,41.6,D,0
-24.8476,148.3756,330.5,1.7,1.3,2014-12-02,2359,Terra,MODIS,74,6.2,306.2,34.5,D,0
-24.4733,151.172,324,1.2,1.1,2014-12-02,2359,Terra,MODIS,63,6.2,300.6,14.6,D,0
-27.2193,149.0902,335.5,1.4,1.2,2014-12-02,2359,Terra,MODIS,79,6.2,303.6,30.6,D,0
-27.2168,149.076,336.8,1.4,1.2,2014-12-02,2359,Terra,MODIS,81,6.2,303.5,34.6,D,0
-27.2233,149.0832,342.6,1.4,1.2,2014-12-02,2359,Terra,MODIS,88,6.2,304.4,50.5,D,0
-29.0346,152.4016,333.3,1,1,2014-12-03,0000,Terra,MODIS,81,6.2,303.5,21.6,D,0
-29.3277,153.2628,329.9,1,1,2014-12-03,0000,Terra,MODIS,80,6.2,297.5,21.7,D,0
-30.0986,153.1919,315.6,1,1,2014-12-03,0000,Terra,MODIS,45,6.2,297.8,5.4,D,0
-29.0436,152.3999,331.8,1,1,2014-12-03,0000,Terra,MODIS,80,6.2,301.7,18.9,D,0
-29.5953,149.5174,341.6,1.2,1.1,2014-12-03,0000,Terra,MODIS,86,6.2,310,35.1,D,0
-29.6052,149.5152,347.2,1.2,1.1,2014-12-03,0000,Terra,MODIS,91,6.2,310.8,48.2,D,0
-28.2972,152.1637,345.3,1,1,2014-12-03,0000,Terra,MODIS,91,6.2,303.7,40.9,D,0
-28.2988,152.1741,335,1,1,2014-12-03,0000,Terra,MODIS,82,6.2,303.7,22.3,D,0
-29.6044,149.5088,340.9,1.2,1.1,2014-12-03,0000,Terra,MODIS,86,6.2,309.9,31.8,D,0
-28.8625,150.7231,332.7,1.1,1,2014-12-03,0000,Terra,MODIS,66,6.2,307.5,15.8,D,0
-34.4603,150.8794,314,1,1,2014-12-03,0001,Terra,MODIS,30,6.2,289.2,6.7,D,0
-11.7891,142.5361,313,4.3,1.9,2014-12-03,0133,Terra,MODIS,21,6.2,289.3,59.4,D,0
-18.066,138.3004,316.7,2.5,1.5,2014-12-03,0135,Terra,MODIS,56,6.2,286.5,19.3,D,0
-16.2282,142.3773,314.7,4.8,2,2014-12-03,0135,Terra,MODIS,52,6.2,290,48.9,D,0
-15.9961,142.0175,335.2,4.5,2,2014-12-03,0135,Terra,MODIS,58,6.2,281.3,203,D,0
-16.11,142.0849,327.1,4.6,2,2014-12-03,0135,Terra,MODIS,65,6.2,289,136.1,D,0
-16.1101,142.0798,326.6,4.6,2,2014-12-03,0135,Terra,MODIS,71,6.2,289,132.5,D,0
-17.4549,141.0826,317.6,4,1.9,2014-12-03,0135,Terra,MODIS,44,6.2,287.6,39.4,D,0
-17.4584,141.1203,318.3,4,1.9,2014-12-03,0135,Terra,MODIS,58,6.2,287,48.3,D,0
-15.6359,141.8297,326.8,4.3,1.9,2014-12-03,0135,Terra,MODIS,61,6.2,291.4,90.4,D,0
-16.7591,125.4582,339.7,1.9,1.3,2014-12-03,0135,Terra,MODIS,82,6.2,307.9,56.1,D,0
-16.7561,125.441,348.1,1.9,1.3,2014-12-03,0135,Terra,MODIS,91,6.2,306.7,98,D,0
-16.768,125.4387,335.4,1.9,1.3,2014-12-03,0135,Terra,MODIS,66,6.2,308,41.9,D,0
-16.7886,125.3442,330,1.9,1.3,2014-12-03,0135,Terra,MODIS,16,6.2,308.3,22.4,D,0
-16.3351,142.1812,316.4,4.7,2,2014-12-03,0135,Terra,MODIS,20,6.2,288.9,48.5,D,0
-16.0088,142.1502,326.7,4.6,2,2014-12-03,0135,Terra,MODIS,70,6.2,291,128.8,D,0
-15.9954,142.1949,340.9,4.6,2,2014-12-03,0135,Terra,MODIS,90,6.2,291,300.7,D,0
-15.9907,142.1465,325,4.6,2,2014-12-03,0135,Terra,MODIS,65,6.2,290.7,114,D,0
-15.991,142.1519,335,4.6,2,2014-12-03,0135,Terra,MODIS,87,6.2,291,228,D,0
-15.9948,142.1896,340.8,4.6,2,2014-12-03,0135,Terra,MODIS,90,6.2,291,307.7,D,0
-16.1317,142.1207,320.8,4.6,2,2014-12-03,0135,Terra,MODIS,50,6.2,290.4,77.3,D,0
-16.0085,142.1448,325.3,4.6,2,2014-12-03,0135,Terra,MODIS,31,6.2,291,115.6,D,0
-16.1089,142.2594,320.7,4.7,2,2014-12-03,0135,Terra,MODIS,55,6.2,291.6,78.8,D,0
-15.6399,141.8699,322.7,4.3,1.9,2014-12-03,0135,Terra,MODIS,18,6.2,288.1,58.6,D,0
-15.6414,141.8632,324.4,4.3,1.9,2014-12-03,0135,Terra,MODIS,30,6.2,288.4,73.7,D,0
-16.1945,142.0285,332.5,4.5,2,2014-12-03,0135,Terra,MODIS,85,6.2,287.2,202.2,D,0
-15.9478,141.9023,332.2,4.4,1.9,2014-12-03,0135,Terra,MODIS,40,6.2,289,175.4,D,0
-16.1944,142.0215,327.6,4.5,2,2014-12-03,0135,Terra,MODIS,81,6.2,287.2,146.4,D,0
-16.7687,128.4912,333.3,1.2,1.1,2014-12-03,0135,Terra,MODIS,66,6.2,307.6,17.1,D,0
-16.767,128.4803,333,1.2,1.1,2014-12-03,0135,Terra,MODIS,74,6.2,307.2,18,D,0
-17.278,129.5713,339.7,1.1,1,2014-12-03,0135,Terra,MODIS,81,6.2,304.8,24,D,0
-14.6056,128.0427,327.4,1.3,1.1,2014-12-03,0135,Terra,MODIS,37,6.2,292.9,16.9,D,0
-17.2795,129.5812,344.7,1.1,1,2014-12-03,0135,Terra,MODIS,87,6.2,305.7,33.4,D,0
-17.2872,129.5698,341,1.1,1,2014-12-03,0135,Terra,MODIS,83,6.2,304.2,28.6,D,0
-16.5467,124.7855,331,2.1,1.4,2014-12-03,0135,Terra,MODIS,60,6.2,304,43.6,D,0
-15.2966,124.7146,321.9,2.3,1.5,2014-12-03,0135,Terra,MODIS,23,6.2,297.4,23.4,D,0
-14.5808,128.0211,324.5,1.3,1.1,2014-12-03,0135,Terra,MODIS,54,6.2,292.6,11.4,D,0
-17.2887,129.5797,332,1.1,1,2014-12-03,0135,Terra,MODIS,49,6.2,306,13.1,D,0
-19.5394,132.3806,335.7,1.1,1,2014-12-03,0136,Terra,MODIS,44,6.2,311.4,14.9,D,0
-20.6194,128.2569,345.2,1.1,1,2014-12-03,0136,Terra,MODIS,87,6.2,321.3,23.3,D,0
-17.3898,123.2776,330,2.6,1.6,2014-12-03,0136,Terra,MODIS,38,6.2,300.2,41.8,D,0
-19.8852,130.3619,354.9,1,1,2014-12-03,0136,Terra,MODIS,96,6.2,316,47.3,D,0
-20.6177,128.2464,346.4,1.1,1,2014-12-03,0136,Terra,MODIS,88,6.2,321,25,D,0
-20.6133,128.2532,357.9,1.1,1,2014-12-03,0136,Terra,MODIS,98,6.2,320.2,56,D,0
-19.2421,127.8736,333.3,1.2,1.1,2014-12-03,0136,Terra,MODIS,54,6.2,312.9,10.3,D,0
-19.2708,127.851,341.3,1.2,1.1,2014-12-03,0136,Terra,MODIS,78,6.2,315.4,22.7,D,0
-19.2727,127.8622,359.4,1.2,1.1,2014-12-03,0136,Terra,MODIS,99,6.2,314.5,74.1,D,0
-19.2805,127.8493,344,1.2,1.1,2014-12-03,0136,Terra,MODIS,85,6.2,316.4,27.9,D,0
-19.2824,127.8605,361.4,1.2,1.1,2014-12-03,0136,Terra,MODIS,100,6.2,316,80.4,D,0
-19.2902,127.8476,351.6,1.2,1.1,2014-12-03,0136,Terra,MODIS,93,6.2,318,47.5,D,0
-19.2921,127.8587,390.9,1.2,1.1,2014-12-03,0136,Terra,MODIS,100,6.2,319.1,225,D,0
-20.7022,128.1382,342.5,1.1,1,2014-12-03,0136,Terra,MODIS,63,6.2,321,14.5,D,0
-20.7039,128.1488,391.5,1.1,1,2014-12-03,0136,Terra,MODIS,100,6.2,324.6,199.4,D,0
-17.3943,123.3018,328.6,2.6,1.6,2014-12-03,0136,Terra,MODIS,31,6.2,299.7,34.6,D,0
-21.9128,135.0157,333.6,1.6,1.3,2014-12-03,0136,Terra,MODIS,33,6.2,307.8,40.7,D,0
-20.268,129.0552,353.6,1,1,2014-12-03,0136,Terra,MODIS,95,6.2,319.8,43.8,D,0
-20.2145,129.0135,388.8,1,1,2014-12-03,0136,Terra,MODIS,100,6.2,313.3,181.2,D,0
-20.2161,129.0234,416.8,1,1,2014-12-03,0136,Terra,MODIS,100,6.2,322.1,365,D,0
-20.2176,129.0333,357.5,1,1,2014-12-03,0136,Terra,MODIS,92,6.2,318.6,53.2,D,0
-20.2237,129.0119,399.2,1,1,2014-12-03,0136,Terra,MODIS,100,6.2,319.4,236.1,D,0
-20.2252,129.0218,364.7,1,1,2014-12-03,0136,Terra,MODIS,100,6.2,317.5,74,D,0
-20.2313,129.0004,351.8,1,1,2014-12-03,0136,Terra,MODIS,90,6.2,317.1,41.5,D,0
-20.2328,129.0103,340.1,1,1,2014-12-03,0136,Terra,MODIS,46,6.2,318,15.1,D,0
-20.2664,129.0452,344.4,1,1,2014-12-03,0136,Terra,MODIS,73,6.2,316.8,22.6,D,0
-20.2741,129.0338,407.9,1,1,2014-12-03,0136,Terra,MODIS,100,6.2,324.9,289.1,D,0
-20.2756,129.0437,361.7,1,1,2014-12-03,0136,Terra,MODIS,100,6.2,321.8,63,D,0
-20.1948,129.0677,349.7,1,1,2014-12-03,0136,Terra,MODIS,91,6.2,310.6,42.2,D,0
-20.1963,129.0776,394.5,1,1,2014-12-03,0136,Terra,MODIS,100,6.2,318.7,210.9,D,0
-20.1979,129.0874,385.6,1,1,2014-12-03,0136,Terra,MODIS,100,6.2,318,162.8,D,0
-20.1993,129.0364,350.9,1,1,2014-12-03,0136,Terra,MODIS,87,6.2,300.2,44.8,D,0
-20.2008,129.0463,413.8,1,1,2014-12-03,0136,Terra,MODIS,100,6.2,319.6,342.4,D,0
-20.2024,129.0562,377.1,1,1,2014-12-03,0136,Terra,MODIS,100,6.2,318.3,125,D,0
-20.2039,129.0661,344.3,1,1,2014-12-03,0136,Terra,MODIS,42,6.2,317.9,28,D,0
-20.2055,129.076,378.6,1,1,2014-12-03,0136,Terra,MODIS,100,6.2,320.1,130.9,D,0
-20.207,129.0859,389.6,1,1,2014-12-03,0136,Terra,MODIS,100,6.2,318.8,182.7,D,0
-20.2069,129.025,383.4,1,1,2014-12-03,0136,Terra,MODIS,100,6.2,310.7,155.3,D,0
-20.2084,129.0349,428.8,1,1,2014-12-03,0136,Terra,MODIS,100,6.2,324.1,477.8,D,0
-20.21,129.0448,358.4,1,1,2014-12-03,0136,Terra,MODIS,74,6.2,319.4,57.6,D,0
-20.2146,129.0744,341.7,1,1,2014-12-03,0136,Terra,MODIS,82,6.2,314.8,21.5,D,0
-20.8506,130.1062,372.3,1,1,2014-12-03,0136,Terra,MODIS,0,6.2,303.6,100.4,D,0
-20.8728,130.1319,376.2,1,1,2014-12-03,0136,Terra,MODIS,87,6.2,308.4,117.4,D,0
-20.8743,130.1415,400.7,1,1,2014-12-03,0136,Terra,MODIS,87,6.2,310.4,238.4,D,0
-20.8804,130.1209,333.6,1,1,2014-12-03,0136,Terra,MODIS,55,6.2,311.3,11.4,D,0
-20.8818,130.1305,341.7,1,1,2014-12-03,0136,Terra,MODIS,82,6.2,311.3,25.3,D,0
-20.4837,135.1742,338,1.6,1.2,2014-12-03,0136,Terra,MODIS,81,6.2,305.5,39.3,D,0
-20.4856,135.1895,335,1.6,1.2,2014-12-03,0136,Terra,MODIS,77,6.2,305.3,30.1,D,0
-20.4849,135.1838,335.1,1.6,1.2,2014-12-03,0136,Terra,MODIS,77,6.2,305.8,30.8,D,0
-19.5502,132.3895,342.4,1.1,1,2014-12-03,0136,Terra,MODIS,52,6.2,307.8,30.3,D,0
-20.4187,131.3108,341.6,1,1,2014-12-03,0136,Terra,MODIS,68,6.2,315.2,19.5,D,0
-20.1134,125.6254,367.4,1.6,1.2,2014-12-03,0136,Terra,MODIS,100,6.2,316.6,159.3,D,0
-20.1108,125.6105,354.6,1.6,1.2,2014-12-03,0136,Terra,MODIS,96,6.2,316.8,91.3,D,0
-20.1082,125.5956,346.9,1.6,1.2,2014-12-03,0136,Terra,MODIS,89,6.2,316.1,57.7,D,0
-20.1029,125.5658,343.7,1.6,1.2,2014-12-03,0136,Terra,MODIS,85,6.2,315.8,43.2,D,0
-20.1002,125.5507,338.4,1.6,1.2,2014-12-03,0136,Terra,MODIS,77,6.2,316.1,25.9,D,0
-20.1024,125.6275,361.2,1.6,1.2,2014-12-03,0136,Terra,MODIS,100,6.2,313.6,122.5,D,0
-20.0997,125.6126,361.5,1.6,1.2,2014-12-03,0136,Terra,MODIS,100,6.2,314.7,124.2,D,0
-21.9125,130.5735,334.8,1,1,2014-12-03,0137,Terra,MODIS,43,6.2,310.5,11.5,D,0
-21.5828,126.7043,341.1,1.3,1.1,2014-12-03,0137,Terra,MODIS,81,6.2,321.7,19.2,D,0
-21.5186,127.4246,348.8,1.2,1.1,2014-12-03,0137,Terra,MODIS,91,6.2,322.6,34,D,0
-21.5831,126.7667,349.2,1.3,1.1,2014-12-03,0137,Terra,MODIS,91,6.2,320.6,42.2,D,0
-21.5167,127.4134,350.2,1.2,1.1,2014-12-03,0137,Terra,MODIS,92,6.2,322,38.2,D,0
-21.5071,127.4152,343,1.2,1.1,2014-12-03,0137,Terra,MODIS,75,6.2,318.5,20.7,D,0
-21.95,130.5773,391.6,1,1,2014-12-03,0137,Terra,MODIS,87,6.2,303.6,191,D,0
-21.8866,130.5836,340.5,1,1,2014-12-03,0137,Terra,MODIS,76,6.2,311.1,23.2,D,0
-21.8852,130.5739,382.9,1,1,2014-12-03,0137,Terra,MODIS,100,6.2,313.5,142.1,D,0
-21.581,126.7547,353.8,1.3,1.1,2014-12-03,0137,Terra,MODIS,95,6.2,321.6,55.2,D,0
-21.5772,126.7928,341.6,1.3,1.1,2014-12-03,0137,Terra,MODIS,82,6.2,317.8,27.8,D,0
-21.5752,126.7807,349.3,1.3,1.1,2014-12-03,0137,Terra,MODIS,91,6.2,319.8,46.1,D,0
-21.5686,126.8009,357.9,1.3,1.1,2014-12-03,0137,Terra,MODIS,98,6.2,316.9,75.9,D,0
-21.9049,130.5846,336.7,1,1,2014-12-03,0137,Terra,MODIS,69,6.2,311.8,16.6,D,0
-21.5666,126.7889,360,1.3,1.1,2014-12-03,0137,Terra,MODIS,100,6.2,319.2,82.9,D,0
-21.8945,130.5764,363.9,1,1,2014-12-03,0137,Terra,MODIS,100,6.2,314.5,74.5,D,0
-21.5731,126.7686,342.5,1.3,1.1,2014-12-03,0137,Terra,MODIS,81,6.2,319.3,25.2,D,0
-21.8958,130.5861,346.1,1,1,2014-12-03,0137,Terra,MODIS,88,6.2,311.9,32.1,D,0
-21.5766,126.7869,349.3,1.3,1.1,2014-12-03,0137,Terra,MODIS,91,6.2,318.7,46.7,D,0
-21.9153,130.5929,338.3,1,1,2014-12-03,0137,Terra,MODIS,68,6.2,309.9,22.2,D,0
-21.9139,130.5832,334,1,1,2014-12-03,0137,Terra,MODIS,26,6.2,312.1,12.9,D,0
-21.5746,126.7749,344.3,1.3,1.1,2014-12-03,0137,Terra,MODIS,86,6.2,319.8,31.7,D,0
-20.3003,119.491,332.6,4.3,1.9,2014-12-03,0137,Terra,MODIS,71,6.2,308.2,139.5,D,0
-22.1867,133.452,327.9,1.3,1.1,2014-12-03,0137,Terra,MODIS,10,6.2,305,17.7,D,0
-20.3022,119.485,327.2,4.3,1.9,2014-12-03,0137,Terra,MODIS,42,6.2,308.7,82,D,0
-21.9215,130.572,365.9,1,1,2014-12-03,0137,Terra,MODIS,94,6.2,306.2,80.9,D,0
-21.9021,130.5652,333.7,1,1,2014-12-03,0137,Terra,MODIS,34,6.2,311.7,8.4,D,0
-21.9865,127.9717,345.8,1.1,1,2014-12-03,0137,Terra,MODIS,83,6.2,321.1,23.7,D,0
-21.9772,127.9734,345.4,1.1,1,2014-12-03,0137,Terra,MODIS,81,6.2,322.5,24.3,D,0
-21.9755,127.9629,337.5,1.1,1,2014-12-03,0137,Terra,MODIS,50,6.2,319.1,10.8,D,0
-22.2331,127.8433,454.5,1.1,1,2014-12-03,0137,Terra,MODIS,100,6.2,330.6,851.8,D,0
-21.9111,130.5638,351.7,1,1,2014-12-03,0137,Terra,MODIS,93,6.2,311.5,41.1,D,0
-22.2314,127.8327,466.3,1.1,1,2014-12-03,0137,Terra,MODIS,100,6.2,345.3,1055.5,D,0
-21.9174,130.5429,345.1,1,1,2014-12-03,0137,Terra,MODIS,84,6.2,316.7,27.9,D,0
-21.9188,130.5526,393.4,1,1,2014-12-03,0137,Terra,MODIS,100,6.2,319.8,191.5,D,0
-21.9201,130.5623,449.9,1,1,2014-12-03,0137,Terra,MODIS,100,6.2,328.8,693.7,D,0
-21.9278,130.5511,337.6,1,1,2014-12-03,0137,Terra,MODIS,75,6.2,313.3,16.6,D,0
-22.2297,127.8221,442.6,1.1,1,2014-12-03,0137,Terra,MODIS,100,6.2,335.3,679.9,D,0
-21.9486,130.5676,378.6,1,1,2014-12-03,0137,Terra,MODIS,100,6.2,310.2,130.6,D,0
-21.9396,130.5691,466.1,1,1,2014-12-03,0137,Terra,MODIS,94,6.2,327.7,936.9,D,0
-21.9306,130.5705,445.7,1,1,2014-12-03,0137,Terra,MODIS,94,6.2,321.1,644.3,D,0
-21.9292,130.5608,416.4,1,1,2014-12-03,0137,Terra,MODIS,100,6.2,318,347.6,D,0
-21.9264,130.5414,333.9,1,1,2014-12-03,0137,Terra,MODIS,58,6.2,314.4,11.5,D,0
-21.8748,130.5657,348.6,1,1,2014-12-03,0137,Terra,MODIS,90,6.2,316.1,33.8,D,0
-21.9083,130.5443,342,1,1,2014-12-03,0137,Terra,MODIS,71,6.2,316.2,20.8,D,0
-22.228,127.8114,364.6,1.1,1,2014-12-03,0137,Terra,MODIS,100,6.2,319.3,80.3,D,0
-22.222,127.8344,337,1.1,1,2014-12-03,0137,Terra,MODIS,59,6.2,314.9,10,D,0
-22.2493,127.8839,344.3,1.1,1,2014-12-03,0137,Terra,MODIS,65,6.2,320.5,23.4,D,0
-22.2476,127.8733,352.1,1.1,1,2014-12-03,0137,Terra,MODIS,91,6.2,321.6,40.6,D,0
-22.2459,127.8627,341.5,1.1,1,2014-12-03,0137,Terra,MODIS,32,6.2,317.4,16.7,D,0
-22.2442,127.8522,347.3,1.1,1,2014-12-03,0137,Terra,MODIS,81,6.2,315.5,28.4,D,0
-21.9097,130.554,379.1,1,1,2014-12-03,0137,Terra,MODIS,100,6.2,317.6,123.2,D,0
-22.2374,127.8097,392.1,1.1,1,2014-12-03,0137,Terra,MODIS,100,6.2,324.7,204.7,D,0
-22.2391,127.8203,388.4,1.1,1,2014-12-03,0137,Terra,MODIS,100,6.2,326.7,180.1,D,0
-22.2408,127.8309,404.7,1.1,1,2014-12-03,0137,Terra,MODIS,100,6.2,328.3,286.1,D,0
-22.2425,127.8416,391.7,1.1,1,2014-12-03,0137,Terra,MODIS,100,6.2,318.9,200.2,D,0
-22.2467,127.808,350.8,1.1,1,2014-12-03,0137,Terra,MODIS,89,6.2,321.6,33.8,D,0
-22.2485,127.8186,342.9,1.1,1,2014-12-03,0137,Terra,MODIS,79,6.2,321.7,13.1,D,0
-22.2502,127.8293,358.8,1.1,1,2014-12-03,0137,Terra,MODIS,99,6.2,322.2,53.6,D,0
-22.2519,127.8399,347,1.1,1,2014-12-03,0137,Terra,MODIS,89,6.2,320.7,23.6,D,0
-24.1212,127.9934,343.2,1,1,2014-12-03,0137,Terra,MODIS,69,6.2,324.3,13.4,D,0
-24.1228,128.0037,408.9,1,1,2014-12-03,0137,Terra,MODIS,100,6.2,331.7,292.6,D,0
-24.1245,128.0139,394.1,1,1,2014-12-03,0137,Terra,MODIS,100,6.2,327.5,194.8,D,0
-24.1309,128.0548,369.8,1,1,2014-12-03,0137,Terra,MODIS,100,6.2,326.8,88.1,D,0
-24.1325,128.065,359.3,1,1,2014-12-03,0137,Terra,MODIS,99,6.2,322.1,55.4,D,0
-24.132,128.002,342.6,1,1,2014-12-03,0137,Terra,MODIS,49,6.2,323.5,12.6,D,0
-24.1352,128.0225,347.9,1,1,2014-12-03,0137,Terra,MODIS,80,6.2,319.7,25,D,0
-24.14,128.0532,386.1,1,1,2014-12-03,0137,Terra,MODIS,100,6.2,321.3,158.9,D,0
-24.1416,128.0634,377.4,1,1,2014-12-03,0137,Terra,MODIS,100,6.2,319,120.1,D,0
-24.0904,127.978,343.5,1,1,2014-12-03,0137,Terra,MODIS,85,6.2,323.7,15.4,D,0
-24.0921,127.9882,343.5,1,1,2014-12-03,0137,Terra,MODIS,81,6.2,324.4,14.1,D,0
-20.3986,118.8203,332.2,4.7,2,2014-12-03,0137,Terra,MODIS,69,6.2,305,162.4,D,0
-21.7693,128.4648,339,1.1,1,2014-12-03,0137,Terra,MODIS,61,6.2,320.8,11.2,D,0
-24.0861,128.0104,341.6,1,1,2014-12-03,0137,Terra,MODIS,70,6.2,323.3,9.5,D,0
-24.6198,129.2676,336.4,1,1,2014-12-03,0137,Terra,MODIS,60,6.2,317.4,9.3,D,0
-24.6213,129.2775,349.7,1,1,2014-12-03,0137,Terra,MODIS,91,6.2,317.6,33.9,D,0
-24.6228,129.2873,356.7,1,1,2014-12-03,0137,Terra,MODIS,97,6.2,318.7,48.2,D,0
-24.6242,129.2971,348.5,1,1,2014-12-03,0137,Terra,MODIS,90,6.2,320.2,30.7,D,0
-24.6257,129.3069,340.8,1,1,2014-12-03,0137,Terra,MODIS,75,6.2,318.8,17,D,0
-24.6288,129.2661,358.2,1,1,2014-12-03,0137,Terra,MODIS,98,6.2,317.1,54.1,D,0
-24.6303,129.2759,367.1,1,1,2014-12-03,0137,Terra,MODIS,100,6.2,320.9,80.7,D,0
-24.6317,129.2857,356.4,1,1,2014-12-03,0137,Terra,MODIS,97,6.2,321.2,49.8,D,0
-24.6332,129.2955,350,1,1,2014-12-03,0137,Terra,MODIS,92,6.2,319.4,36.9,D,0
-24.6393,129.2743,362.6,1,1,2014-12-03,0137,Terra,MODIS,100,6.2,318.1,70.4,D,0
-24.6407,129.2842,355.7,1,1,2014-12-03,0137,Terra,MODIS,96,6.2,316.7,51.6,D,0
-24.6422,129.294,369.6,1,1,2014-12-03,0137,Terra,MODIS,100,6.2,316.3,92.8,D,0
-24.648,129.3333,339.7,1,1,2014-12-03,0137,Terra,MODIS,79,6.2,315.8,19.3,D,0
-24.6487,129.2767,350.5,1,1,2014-12-03,0137,Terra,MODIS,92,6.2,315.2,41.5,D,0
-20.3959,118.8131,336.8,4.7,2,2014-12-03,0137,Terra,MODIS,78,6.2,305.1,230,D,0
-20.3889,118.7751,330.3,4.8,2,2014-12-03,0137,Terra,MODIS,64,6.2,303.9,144.5,D,0
-28.6513,129.4294,348.3,1,1,2014-12-03,0138,Terra,MODIS,91,6.2,311.9,37.9,D,0
-27.6142,129.6942,335.9,1,1,2014-12-03,0138,Terra,MODIS,74,6.2,316.1,13.1,D,0
-28.6527,129.4399,339.3,1,1,2014-12-03,0138,Terra,MODIS,82,6.2,314.3,20.3,D,0
-28.6422,129.431,333.2,1,1,2014-12-03,0138,Terra,MODIS,66,6.2,310.4,12.6,D,0
-28.6359,129.4536,335.8,1,1,2014-12-03,0138,Terra,MODIS,77,6.2,313.1,15.2,D,0
-28.6345,129.4431,333.4,1,1,2014-12-03,0138,Terra,MODIS,71,6.2,311.7,12.7,D,0
-24.9764,126.1946,340.9,1.2,1.1,2014-12-03,0138,Terra,MODIS,80,6.2,320.1,19.9,D,0
-28.5232,125.9197,339.1,1.1,1.1,2014-12-03,0139,Terra,MODIS,81,6.2,315.4,24.4,D,0
-28.4719,125.8475,332.2,1.1,1.1,2014-12-03,0139,Terra,MODIS,61,6.2,313.4,12.8,D,0
-28.5327,125.9177,337.5,1.1,1.1,2014-12-03,0139,Terra,MODIS,74,6.2,314.3,21.6,D,0
-28.6564,127.2118,345.7,1,1,2014-12-03,0139,Terra,MODIS,84,6.2,310.5,34.4,D,0
-28.6662,127.2249,352,1,1,2014-12-03,0139,Terra,MODIS,94,6.2,315.6,47.3,D,0
-28.658,127.2222,363.8,1,1,2014-12-03,0139,Terra,MODIS,100,6.2,315.8,78.4,D,0
-28.677,127.2335,343.1,1,1,2014-12-03,0139,Terra,MODIS,86,6.2,315.8,28.7,D,0
-28.6597,127.2327,336.6,1,1,2014-12-03,0139,Terra,MODIS,24,6.2,316.9,15.3,D,0
-28.6646,127.2145,342.7,1,1,2014-12-03,0139,Terra,MODIS,86,6.2,311.6,28.8,D,0
-28.254,125.5919,343.3,1.2,1.1,2014-12-03,0139,Terra,MODIS,87,6.2,316.1,34.7,D,0
-28.2637,125.5898,339.2,1.2,1.1,2014-12-03,0139,Terra,MODIS,82,6.2,313.9,26.1,D,0
-28.6398,127.2258,331.6,1,1,2014-12-03,0139,Terra,MODIS,33,6.2,314.1,10.2,D,0
-28.6473,127.2135,339.9,1,1,2014-12-03,0139,Terra,MODIS,72,6.2,310.3,23.6,D,0
-28.6489,127.224,363.3,1,1,2014-12-03,0139,Terra,MODIS,100,6.2,316.1,76.4,D,0
-24.3742,149.6255,327.9,2.2,1.4,2014-12-03,0420,Aqua,MODIS,57,6.2,305,31.2,D,0
-22.4494,146.8459,336,1.6,1.2,2014-12-03,0421,Aqua,MODIS,58,6.2,311.3,28.9,D,0
-16.183,142.0199,329.6,1.1,1,2014-12-03,0422,Aqua,MODIS,47,6.2,299.9,14.3,D,0
-16.234,142.3598,342.1,1.1,1,2014-12-03,0422,Aqua,MODIS,85,6.2,305.1,34.8,D,0
-15.7662,145.1786,330.8,1.6,1.2,2014-12-03,0422,Aqua,MODIS,39,6.2,305.4,24.9,D,0
-16.1936,142.0116,333.3,1.1,1,2014-12-03,0422,Aqua,MODIS,64,6.2,301.3,18.3,D,0
-17.1364,143.4235,339,1.2,1.1,2014-12-03,0422,Aqua,MODIS,78,6.2,310.4,27.8,D,0
-15.965,141.9321,327.3,1.1,1,2014-12-03,0422,Aqua,MODIS,54,6.2,299.8,11.8,D,0
-15.9302,141.9307,339.5,1.1,1,2014-12-03,0422,Aqua,MODIS,83,6.2,304.2,28.2,D,0
-16.0727,142.2083,340.4,1.1,1,2014-12-03,0422,Aqua,MODIS,84,6.2,304.9,30.7,D,0
-16.1753,142.0086,338.5,1.1,1,2014-12-03,0422,Aqua,MODIS,81,6.2,297.8,29.6,D,0
-16.033,142.3451,330.6,1.1,1,2014-12-03,0422,Aqua,MODIS,51,6.2,306.1,10.1,D,0
-15.9317,141.9209,333.2,1.1,1,2014-12-03,0422,Aqua,MODIS,74,6.2,304,19.1,D,0
-17.2633,143.451,339,1.2,1.1,2014-12-03,0422,Aqua,MODIS,60,6.2,308.4,28.6,D,0
-15.8545,141.5662,333.9,1,1,2014-12-03,0422,Aqua,MODIS,75,6.2,300.3,20.6,D,0
-15.8531,141.5758,342.5,1,1,2014-12-03,0422,Aqua,MODIS,86,6.2,299.7,34.8,D,0
-15.8664,141.5486,332.2,1,1,2014-12-03,0422,Aqua,MODIS,72,6.2,300,18,D,0
-16.145,142.084,327.1,1.1,1,2014-12-03,0422,Aqua,MODIS,28,6.2,304.3,9,D,0
-16.1134,142.0632,330.1,1.1,1,2014-12-03,0422,Aqua,MODIS,24,6.2,305.4,11.2,D,0
-16.2051,142.1241,328.6,1.1,1,2014-12-03,0422,Aqua,MODIS,59,6.2,303.4,13.2,D,0
-16.1435,142.0938,330.3,1.1,1,2014-12-03,0422,Aqua,MODIS,62,6.2,304.1,11.3,D,0
-16.2232,142.3683,330.3,1.1,1,2014-12-03,0422,Aqua,MODIS,63,6.2,304,14.3,D,0
-16.2146,142.1122,330.7,1.1,1,2014-12-03,0422,Aqua,MODIS,44,6.2,302.7,13.1,D,0
-16.1251,142.0908,348.1,1.1,1,2014-12-03,0422,Aqua,MODIS,91,6.2,306.6,41.7,D,0
-15.7242,145.1568,344.6,1.6,1.2,2014-12-03,0422,Aqua,MODIS,88,6.2,304,66.9,D,0
-15.7329,145.173,337.7,1.6,1.2,2014-12-03,0422,Aqua,MODIS,80,6.2,304.9,40.3,D,0
-16.2101,142.1417,333.7,1.1,1,2014-12-03,0422,Aqua,MODIS,73,6.2,304.5,17.9,D,0
-16.2131,142.122,342.1,1.1,1,2014-12-03,0422,Aqua,MODIS,85,6.2,304.3,31.8,D,0
-16.1877,142.6017,332.9,1.1,1,2014-12-03,0422,Aqua,MODIS,55,6.2,308.3,12.5,D,0
-16.1579,142.6072,344.8,1.1,1,2014-12-03,0422,Aqua,MODIS,88,6.2,305.5,35.6,D,0
-16.2238,142.1137,335.8,1.1,1,2014-12-03,0422,Aqua,MODIS,73,6.2,304.2,20.3,D,0
-16.2423,142.1167,332.1,1.1,1,2014-12-03,0422,Aqua,MODIS,52,6.2,303.6,15.2,D,0
-16.2223,142.1236,332,1.1,1,2014-12-03,0422,Aqua,MODIS,68,6.2,305.1,13.1,D,0
-16.2345,142.1054,336.9,1.1,1,2014-12-03,0422,Aqua,MODIS,78,6.2,303.4,24.9,D,0
-16.2438,142.1069,328,1.1,1,2014-12-03,0422,Aqua,MODIS,30,6.2,303,11.3,D,0
-16.1542,142.0855,350.3,1.1,1,2014-12-03,0422,Aqua,MODIS,93,6.2,305.8,50.2,D,0
-16.1343,142.0923,331.4,1.1,1,2014-12-03,0422,Aqua,MODIS,65,6.2,305.3,12.1,D,0
-16.1528,142.0953,338.5,1.1,1,2014-12-03,0422,Aqua,MODIS,81,6.2,306.3,24.9,D,0
-16.1406,142.1135,328.7,1.1,1,2014-12-03,0422,Aqua,MODIS,37,6.2,304.5,9.7,D,0
-16.0858,142.0587,330.7,1.1,1,2014-12-03,0422,Aqua,MODIS,47,6.2,304.8,12.9,D,0
-16.1057,142.0518,358.6,1.1,1,2014-12-03,0422,Aqua,MODIS,99,6.2,306,71,D,0
-16.2066,142.1143,328.4,1.1,1,2014-12-03,0422,Aqua,MODIS,51,6.2,302.8,12.7,D,0
-16.0964,142.0504,331,1.1,1,2014-12-03,0422,Aqua,MODIS,58,6.2,303.6,14.4,D,0
-16.0906,142.0897,343.5,1.1,1,2014-12-03,0422,Aqua,MODIS,87,6.2,306.8,33.3,D,0
-15.7217,145.1713,348.6,1.6,1.2,2014-12-03,0422,Aqua,MODIS,92,6.2,304.4,81.2,D,0
-16.0673,142.0556,343.1,1.1,1,2014-12-03,0422,Aqua,MODIS,87,6.2,302.9,35.5,D,0
-16.0751,142.067,332.4,1.1,1,2014-12-03,0422,Aqua,MODIS,58,6.2,304.8,16.3,D,0
-16.0872,142.0488,341.2,1.1,1,2014-12-03,0422,Aqua,MODIS,85,6.2,303.8,31.6,D,0
-15.7164,145.1936,330.6,1.6,1.2,2014-12-03,0422,Aqua,MODIS,67,6.2,302.2,33.2,D,0
-15.7192,145.186,344.3,1.6,1.2,2014-12-03,0422,Aqua,MODIS,88,6.2,303.1,67.6,D,0
-15.7303,145.1879,334.1,1.6,1.2,2014-12-03,0422,Aqua,MODIS,72,6.2,305.6,30.9,D,0
-15.7279,145.2024,350,1.6,1.2,2014-12-03,0422,Aqua,MODIS,93,6.2,304.8,94.2,D,0
-15.8218,145.187,332.8,1.6,1.2,2014-12-03,0422,Aqua,MODIS,59,6.2,299,42.1,D,0
-15.7251,145.2102,343.2,1.6,1.2,2014-12-03,0422,Aqua,MODIS,87,6.2,302.6,73,D,0
-15.7275,145.1955,338.5,1.6,1.2,2014-12-03,0422,Aqua,MODIS,82,6.2,305.2,54.2,D,0
-15.7299,145.1808,334.8,1.6,1.2,2014-12-03,0422,Aqua,MODIS,70,6.2,305.4,35.7,D,0
-16.067,142.3096,329.5,1.1,1,2014-12-03,0422,Aqua,MODIS,49,6.2,305.8,11.5,D,0
-16.1438,142.5733,330.3,1.1,1,2014-12-03,0422,Aqua,MODIS,50,6.2,304.5,8.8,D,0
-16.1771,142.0591,332.7,1.1,1,2014-12-03,0422,Aqua,MODIS,62,6.2,302.8,18,D,0
-16.1547,142.6278,339.6,1.1,1,2014-12-03,0422,Aqua,MODIS,82,6.2,306.5,23,D,0
-16.1625,142.6396,339.1,1.1,1.1,2014-12-03,0422,Aqua,MODIS,77,6.2,310.7,21.6,D,0
-16.1422,142.5836,340.1,1.1,1,2014-12-03,0422,Aqua,MODIS,83,6.2,304.5,26.1,D,0
-16.2387,142.0157,333.7,1.1,1,2014-12-03,0422,Aqua,MODIS,73,6.2,302.9,20.5,D,0
-16.1704,142.5883,339.9,1.1,1,2014-12-03,0422,Aqua,MODIS,83,6.2,308.7,26.7,D,0
-16.1798,142.5898,336.2,1.1,1,2014-12-03,0422,Aqua,MODIS,77,6.2,310.8,18.1,D,0
-16.211,142.5113,335,1.1,1,2014-12-03,0422,Aqua,MODIS,72,6.2,309,15.8,D,0
-16.1358,142.5863,333,1.1,1,2014-12-03,0422,Aqua,MODIS,71,6.2,303.6,14.6,D,0
-16.1783,142.6001,345.5,1.1,1,2014-12-03,0422,Aqua,MODIS,89,6.2,310.6,37.3,D,0
-17.2314,136.0809,324.7,1.6,1.2,2014-12-03,0422,Aqua,MODIS,64,6.2,274.7,33.5,D,0
-15.7235,145.1496,333.9,1.6,1.2,2014-12-03,0422,Aqua,MODIS,74,6.2,303.4,35.3,D,0
-16.1387,142.503,329,1.1,1,2014-12-03,0422,Aqua,MODIS,47,6.2,304.3,8.5,D,0
-16.172,142.6412,335.2,1.1,1.1,2014-12-03,0422,Aqua,MODIS,71,6.2,310.2,14.5,D,0
-16.1372,142.5131,336,1.1,1,2014-12-03,0422,Aqua,MODIS,78,6.2,305,19.5,D,0
-16.0596,142.0443,332.1,1.1,1,2014-12-03,0422,Aqua,MODIS,66,6.2,302.6,17,D,0
-16.0581,142.0541,333.2,1.1,1,2014-12-03,0422,Aqua,MODIS,69,6.2,302.6,18.5,D,0
-15.7323,145.166,329,1.6,1.2,2014-12-03,0422,Aqua,MODIS,45,6.2,305.1,20.1,D,0
-16.1641,142.6293,335.6,1.1,1,2014-12-03,0422,Aqua,MODIS,76,6.2,310.4,15.9,D,0
-16.0313,142.2934,326.9,1.1,1,2014-12-03,0422,Aqua,MODIS,23,6.2,303.7,9.3,D,0
-16.0655,142.3196,328.7,1.1,1,2014-12-03,0422,Aqua,MODIS,42,6.2,305.4,9.2,D,0
-16.1531,142.6381,336.2,1.1,1.1,2014-12-03,0422,Aqua,MODIS,73,6.2,304.2,16.2,D,0
-16.2125,142.0749,334.1,1.1,1,2014-12-03,0422,Aqua,MODIS,75,6.2,303.2,19.3,D,0
-16.2139,142.0651,327.1,1.1,1,2014-12-03,0422,Aqua,MODIS,39,6.2,302.8,9.5,D,0
-16.1673,142.6088,337.2,1.1,1,2014-12-03,0422,Aqua,MODIS,79,6.2,309.4,20,D,0
-16.0239,142.0419,345.7,1.1,1,2014-12-03,0422,Aqua,MODIS,89,6.2,301.7,42.3,D,0
-16.2236,142.0533,328.3,1.1,1,2014-12-03,0422,Aqua,MODIS,36,6.2,302.4,9.4,D,0
-16.2221,142.0631,328.6,1.1,1,2014-12-03,0422,Aqua,MODIS,42,6.2,303.1,11.1,D,0
-16.228,142.0239,341.6,1.1,1,2014-12-03,0422,Aqua,MODIS,85,6.2,302.4,32.2,D,0
-16.2295,142.0142,346.7,1.1,1,2014-12-03,0422,Aqua,MODIS,90,6.2,303.2,43.1,D,0
-16.211,142.0848,331.4,1.1,1,2014-12-03,0422,Aqua,MODIS,62,6.2,302.4,15.5,D,0
-16.1061,142.1124,330.1,1.1,1,2014-12-03,0422,Aqua,MODIS,45,6.2,304.6,12.9,D,0
-16.0835,142.1999,327.9,1.1,1,2014-12-03,0422,Aqua,MODIS,41,6.2,304.2,10.6,D,0
-16.1328,142.1022,336.6,1.1,1,2014-12-03,0422,Aqua,MODIS,79,6.2,305.4,19,D,0
-16.2076,142.044,329,1.1,1,2014-12-03,0422,Aqua,MODIS,50,6.2,302.7,10.3,D,0
-16.2062,142.0538,337.9,1.1,1,2014-12-03,0422,Aqua,MODIS,81,6.2,303.1,24.5,D,0
-16.2154,142.0553,327.8,1.1,1,2014-12-03,0422,Aqua,MODIS,45,6.2,302.1,9.3,D,0
-16.1689,142.5985,370.4,1.1,1,2014-12-03,0422,Aqua,MODIS,100,6.2,310.7,111.2,D,0
-16.1704,142.6515,335.5,1.1,1.1,2014-12-03,0422,Aqua,MODIS,66,6.2,304.3,15.1,D,0
-16.1419,142.7104,333.2,1.1,1.1,2014-12-03,0422,Aqua,MODIS,48,6.2,309.7,12,D,0
-16.065,142.1969,326,1.1,1,2014-12-03,0422,Aqua,MODIS,36,6.2,301.6,11,D,0
-16.0742,142.1984,328.3,1.1,1,2014-12-03,0422,Aqua,MODIS,42,6.2,303.2,12.3,D,0
-16.1649,142.0772,334.9,1.1,1,2014-12-03,0422,Aqua,MODIS,74,6.2,304.8,20.5,D,0
-16.0254,142.0321,360.5,1.1,1,2014-12-03,0422,Aqua,MODIS,100,6.2,301,78.5,D,0
-15.7188,145.1789,349.1,1.6,1.2,2014-12-03,0422,Aqua,MODIS,92,6.2,303.8,89.6,D,0
-16.0635,142.2068,350.8,1.1,1,2014-12-03,0422,Aqua,MODIS,93,6.2,303.2,54.5,D,0
-16.1679,142.0576,327.2,1.1,1,2014-12-03,0422,Aqua,MODIS,20,6.2,302.4,10.8,D,0
-16.1453,142.6262,335.5,1.1,1,2014-12-03,0422,Aqua,MODIS,76,6.2,302.9,15.4,D,0
-15.8678,141.5391,331.8,1,1,2014-12-03,0422,Aqua,MODIS,69,6.2,299.7,17.7,D,0
-16.8023,143.1414,332,1.1,1.1,2014-12-03,0422,Aqua,MODIS,66,6.2,306.8,16.1,D,0
-16.8006,143.1521,332,1.2,1.1,2014-12-03,0422,Aqua,MODIS,66,6.2,306.2,15.2,D,0
-16.8119,143.1431,345.1,1.1,1.1,2014-12-03,0422,Aqua,MODIS,88,6.2,306.5,40.7,D,0
-16.8102,143.1538,343,1.2,1.1,2014-12-03,0422,Aqua,MODIS,86,6.2,305.8,35.5,D,0
-16.1595,142.597,338.1,1.1,1,2014-12-03,0422,Aqua,MODIS,80,6.2,302.3,22.6,D,0
-15.8755,141.5501,328.3,1,1,2014-12-03,0422,Aqua,MODIS,61,6.2,298,12.3,D,0
-16.0084,142.0192,366.2,1.1,1,2014-12-03,0422,Aqua,MODIS,100,6.2,302.4,95.9,D,0
-16.0176,142.0207,340.7,1.1,1,2014-12-03,0422,Aqua,MODIS,84,6.2,297.8,31.6,D,0
-16.1834,142.0802,340.2,1.1,1,2014-12-03,0422,Aqua,MODIS,83,6.2,304,29.2,D,0
-16.0161,142.0305,345.9,1.1,1,2014-12-03,0422,Aqua,MODIS,90,6.2,300.9,42.2,D,0
-16.1844,142.0101,337.5,1.1,1,2014-12-03,0422,Aqua,MODIS,80,6.2,298.9,27,D,0
-15.9863,141.9156,345.9,1,1,2014-12-03,0422,Aqua,MODIS,90,6.2,299.2,43,D,0
-16.0099,142.0094,384.5,1.1,1,2014-12-03,0422,Aqua,MODIS,100,6.2,305.3,170.4,D,0
-15.7797,145.1657,351.7,1.6,1.2,2014-12-03,0422,Aqua,MODIS,94,6.2,305.6,98.8,D,0
-15.934,142.0315,326.4,1.1,1,2014-12-03,0422,Aqua,MODIS,36,6.2,301.5,11.3,D,0
-15.9472,142.0495,336.9,1.1,1,2014-12-03,0422,Aqua,MODIS,80,6.2,301.6,26.2,D,0
-17.2397,134.426,334.3,2.1,1.4,2014-12-03,0422,Aqua,MODIS,85,6.2,281.8,78.2,D,0
-17.237,134.4384,322.8,2.1,1.4,2014-12-03,0422,Aqua,MODIS,19,6.2,280.3,34.2,D,0
-15.9771,141.9141,333.6,1,1,2014-12-03,0422,Aqua,MODIS,75,6.2,293.8,21.1,D,0
-16.2032,142.0734,335.3,1.1,1,2014-12-03,0422,Aqua,MODIS,77,6.2,302.3,21.2,D,0
-15.9665,141.9223,333.2,1,1,2014-12-03,0422,Aqua,MODIS,74,6.2,299.5,19.7,D,0
-15.9452,141.8932,329.9,1,1,2014-12-03,0422,Aqua,MODIS,60,6.2,294.2,14.9,D,0
-15.9467,141.8835,377.8,1,1,2014-12-03,0422,Aqua,MODIS,100,6.2,302.6,140.6,D,0
-16.2028,142.0131,332.3,1.1,1,2014-12-03,0422,Aqua,MODIS,48,6.2,302.6,16.1,D,0
-16.1664,142.0674,341.5,1.1,1,2014-12-03,0422,Aqua,MODIS,85,6.2,304.5,32.8,D,0
-15.9481,141.8738,328.3,1,1,2014-12-03,0422,Aqua,MODIS,52,6.2,300.1,16.4,D,0
-15.7211,145.1643,348.6,1.6,1.2,2014-12-03,0422,Aqua,MODIS,92,6.2,304,86.1,D,0
-16.1955,142.0621,342.6,1.1,1,2014-12-03,0422,Aqua,MODIS,86,6.2,302.7,32.6,D,0
-15.9573,141.8753,371.4,1,1,2014-12-03,0422,Aqua,MODIS,100,6.2,302.3,116.8,D,0
-15.968,141.9126,339.1,1,1,2014-12-03,0422,Aqua,MODIS,83,6.2,298.8,29,D,0
-15.9592,141.9254,332.6,1.1,1,2014-12-03,0422,Aqua,MODIS,69,6.2,300.5,18.5,D,0
-15.9558,141.885,350,1,1,2014-12-03,0422,Aqua,MODIS,93,6.2,298.8,52.8,D,0
-15.9665,141.8768,328.5,1,1,2014-12-03,0422,Aqua,MODIS,61,6.2,297.7,16,D,0
-15.9607,141.9157,328.3,1,1,2014-12-03,0422,Aqua,MODIS,56,6.2,300.7,13.7,D,0
-16.2047,142.0636,329.8,1.1,1,2014-12-03,0422,Aqua,MODIS,48,6.2,303,12.3,D,0
-19.8712,130.3468,339.2,4.6,2,2014-12-03,0422,Aqua,MODIS,81,6.2,304.1,213.9,D,0
-19.8724,130.3431,339.5,4.6,2,2014-12-03,0422,Aqua,MODIS,85,6.2,304.6,218.4,D,0
-19.8367,130.3398,337.7,4.6,2,2014-12-03,0422,Aqua,MODIS,79,6.2,304.3,199.9,D,0
-19.8371,130.332,332.7,4.6,2,2014-12-03,0422,Aqua,MODIS,41,6.2,305.3,133.9,D,0
-16.6598,145.417,340.6,1.6,1.2,2014-12-03,0422,Aqua,MODIS,84,6.2,303.1,67,D,0
-16.6622,145.4022,335.2,1.6,1.2,2014-12-03,0422,Aqua,MODIS,77,6.2,300,50.2,D,0
-14.976,144.5147,347.7,1.5,1.2,2014-12-03,0423,Aqua,MODIS,90,6.2,309.9,65.9,D,0
-14.601,144.694,336.8,1.5,1.2,2014-12-03,0423,Aqua,MODIS,80,6.2,303.6,39,D,0
-15.1942,145.2231,344.9,1.6,1.3,2014-12-03,0423,Aqua,MODIS,0,6.2,299.5,82.9,D,0
-14.6014,144.6997,337.5,1.5,1.2,2014-12-03,0423,Aqua,MODIS,81,6.2,303.3,39.6,D,0
-14.6038,144.6857,329.7,1.5,1.2,2014-12-03,0423,Aqua,MODIS,65,6.2,303.5,17.7,D,0
-15.5718,141.5516,368.8,1,1,2014-12-03,0423,Aqua,MODIS,100,6.2,309.7,97.4,D,0
-14.4406,144.5585,349.2,1.5,1.2,2014-12-03,0423,Aqua,MODIS,93,6.2,308,78.3,D,0
-14.4514,144.5605,336.7,1.5,1.2,2014-12-03,0423,Aqua,MODIS,80,6.2,306.7,37.2,D,0
-13.4331,143.2034,327.4,1.3,1.1,2014-12-03,0423,Aqua,MODIS,55,6.2,300.9,12.4,D,0
-13.423,143.2018,335.8,1.3,1.1,2014-12-03,0423,Aqua,MODIS,82,6.2,297.2,27.6,D,0
-14.5728,144.6599,333.6,1.5,1.2,2014-12-03,0423,Aqua,MODIS,53,6.2,303.5,35.8,D,0
-15.6238,141.4526,332.8,1,1,2014-12-03,0423,Aqua,MODIS,0,6.2,305.2,12.5,D,0
-15.6328,141.4541,351.6,1,1,2014-12-03,0423,Aqua,MODIS,71,6.2,304.6,47.5,D,0
-14.9413,144.5925,356.7,1.5,1.2,2014-12-03,0423,Aqua,MODIS,97,6.2,308,99.5,D,0
-14.9802,144.5573,337.3,1.5,1.2,2014-12-03,0423,Aqua,MODIS,77,6.2,307.6,30.5,D,0
-14.978,144.5709,334.3,1.5,1.2,2014-12-03,0423,Aqua,MODIS,72,6.2,305.8,22.8,D,0
-15.8349,141.5728,344.2,1,1,2014-12-03,0423,Aqua,MODIS,88,6.2,300.8,34.7,D,0
-14.3371,144.542,327.2,1.5,1.2,2014-12-03,0423,Aqua,MODIS,62,6.2,302.8,22.6,D,0
-14.9305,144.5907,333.8,1.5,1.2,2014-12-03,0423,Aqua,MODIS,52,6.2,305.4,21,D,0
-15.801,141.5616,334.3,1,1,2014-12-03,0423,Aqua,MODIS,73,6.2,301.3,19.2,D,0
-14.4264,144.5646,339.3,1.5,1.2,2014-12-03,0423,Aqua,MODIS,84,6.2,302.8,52.8,D,0
-15.8334,141.5824,372,1,1,2014-12-03,0423,Aqua,MODIS,100,6.2,300.4,110.3,D,0
-15.5747,141.5325,332.4,1,1,2014-12-03,0423,Aqua,MODIS,64,6.2,306.8,13,D,0
-14.4417,144.5388,327.9,1.5,1.2,2014-12-03,0423,Aqua,MODIS,33,6.2,305.2,21.3,D,0
-14.4383,144.5724,334.4,1.5,1.2,2014-12-03,0423,Aqua,MODIS,77,6.2,304.3,32,D,0
-14.4359,144.5863,344.2,1.5,1.2,2014-12-03,0423,Aqua,MODIS,88,6.2,303.8,62.1,D,0
-14.9593,144.4152,342.2,1.4,1.2,2014-12-03,0423,Aqua,MODIS,84,6.2,307.3,45.1,D,0
-14.9614,144.4019,333.9,1.4,1.2,2014-12-03,0423,Aqua,MODIS,62,6.2,307.7,21.6,D,0
-15.5927,141.8511,340,1.1,1,2014-12-03,0423,Aqua,MODIS,74,6.2,306.4,25.4,D,0
-14.4481,144.5685,327.5,1.5,1.2,2014-12-03,0423,Aqua,MODIS,58,6.2,304.4,15.7,D,0
-15.7982,141.5807,329,1,1,2014-12-03,0423,Aqua,MODIS,39,6.2,300.7,9.9,D,0
-15.8059,141.5918,342.3,1,1,2014-12-03,0423,Aqua,MODIS,85,6.2,299.4,31.3,D,0
-14.435,144.5805,337.5,1.5,1.2,2014-12-03,0423,Aqua,MODIS,82,6.2,303.9,45.9,D,0
-14.4308,144.5368,348.8,1.5,1.2,2014-12-03,0423,Aqua,MODIS,92,6.2,302.4,84.5,D,0
-13.5956,143.4758,325.7,1.3,1.1,2014-12-03,0423,Aqua,MODIS,51,6.2,295,19.4,D,0
-14.9021,144.6281,332.8,1.5,1.2,2014-12-03,0423,Aqua,MODIS,53,6.2,306.6,19.4,D,0
-14.4429,144.5447,332.3,1.5,1.2,2014-12-03,0423,Aqua,MODIS,74,6.2,306.1,26.2,D,0
-15.8073,141.5822,347.4,1,1,2014-12-03,0423,Aqua,MODIS,90,6.2,300.6,40.2,D,0
-15.8363,141.5633,334.8,1,1,2014-12-03,0423,Aqua,MODIS,74,6.2,301.3,19.4,D,0
-15.8255,141.5852,345.2,1,1,2014-12-03,0423,Aqua,MODIS,88,6.2,299.2,38.6,D,0
-15.8178,141.5741,327.8,1,1,2014-12-03,0423,Aqua,MODIS,14,6.2,299.3,9.6,D,0
-14.4305,144.6085,325.9,1.5,1.2,2014-12-03,0423,Aqua,MODIS,0,6.2,302.3,17.5,D,0
-14.5901,144.6921,329.9,1.5,1.2,2014-12-03,0423,Aqua,MODIS,8,6.2,305.2,23.2,D,0
-15.5704,141.5611,344.1,1,1,2014-12-03,0423,Aqua,MODIS,86,6.2,307.3,33.9,D,0
-13.5816,143.4984,323.9,1.3,1.1,2014-12-03,0423,Aqua,MODIS,46,6.2,298.6,17.3,D,0
-14.8927,144.6623,332.7,1.5,1.2,2014-12-03,0423,Aqua,MODIS,69,6.2,305.7,26.1,D,0
-14.8952,144.6694,328.1,1.5,1.2,2014-12-03,0423,Aqua,MODIS,28,6.2,304.6,14.9,D,0
-14.4395,144.5527,356.1,1.5,1.2,2014-12-03,0423,Aqua,MODIS,97,6.2,309,111.8,D,0
-14.4372,144.5666,344.8,1.5,1.2,2014-12-03,0423,Aqua,MODIS,89,6.2,305.3,67.6,D,0
-14.4286,144.5507,342.5,1.5,1.2,2014-12-03,0423,Aqua,MODIS,87,6.2,304.3,62.5,D,0
-15.4558,141.8323,346,1.1,1,2014-12-03,0423,Aqua,MODIS,80,6.2,310.2,34.2,D,0
-15.4573,141.8226,359.2,1.1,1,2014-12-03,0423,Aqua,MODIS,99,6.2,306.9,67.9,D,0
-14.8403,144.7101,336.2,1.5,1.2,2014-12-03,0423,Aqua,MODIS,77,6.2,304.1,36,D,0
-15.5733,141.542,345.7,1,1,2014-12-03,0423,Aqua,MODIS,88,6.2,307.6,35.2,D,0
-15.5741,141.4739,348.7,1,1,2014-12-03,0423,Aqua,MODIS,79,6.2,306.3,41.1,D,0
-15.844,141.5743,364.7,1,1,2014-12-03,0423,Aqua,MODIS,100,6.2,301.3,86.5,D,0
-14.5596,144.6722,328.9,1.5,1.2,2014-12-03,0423,Aqua,MODIS,22,6.2,301.9,25.3,D,0
-14.5752,144.6455,342.5,1.5,1.2,2014-12-03,0423,Aqua,MODIS,87,6.2,300.8,62.6,D,0
-15.6601,141.4585,332,1,1,2014-12-03,0423,Aqua,MODIS,63,6.2,305.5,13.4,D,0
-15.5727,141.4834,355.7,1,1,2014-12-03,0423,Aqua,MODIS,91,6.2,306.8,58.2,D,0
-12.9559,142.5217,327.3,1.2,1.1,2014-12-03,0423,Aqua,MODIS,40,6.2,294.9,12.6,D,0
-14.4331,144.523,335.8,1.5,1.2,2014-12-03,0423,Aqua,MODIS,79,6.2,301.9,42.8,D,0
-15.651,141.457,338.8,1,1,2014-12-03,0423,Aqua,MODIS,75,6.2,305.8,23.7,D,0
-15.6183,141.851,347.6,1.1,1,2014-12-03,0423,Aqua,MODIS,86,6.2,306.9,41.6,D,0
-15.6419,141.4556,345.5,1,1,2014-12-03,0423,Aqua,MODIS,76,6.2,305.1,34.5,D,0
-15.8425,141.5838,356.6,1,1,2014-12-03,0423,Aqua,MODIS,97,6.2,299.9,63.8,D,0
-15.6168,141.8607,342.4,1.1,1,2014-12-03,0423,Aqua,MODIS,67,6.2,306.3,29.1,D,0
-15.0209,144.3714,332.4,1.4,1.2,2014-12-03,0423,Aqua,MODIS,66,6.2,307.1,20.9,D,0
-15.0103,144.3695,342.7,1.4,1.2,2014-12-03,0423,Aqua,MODIS,85,6.2,309.2,45.9,D,0
-14.8971,144.6346,331.3,1.5,1.2,2014-12-03,0423,Aqua,MODIS,50,6.2,307,17.9,D,0
-15.6133,141.4607,338.1,1,1,2014-12-03,0423,Aqua,MODIS,59,6.2,305.4,20.4,D,0
-15.7814,141.5683,335.2,1,1,2014-12-03,0423,Aqua,MODIS,76,6.2,302.1,18.9,D,0
-15.7694,141.5859,337.2,1,1,2014-12-03,0423,Aqua,MODIS,79,6.2,303.6,21.1,D,0
-15.832,141.5919,336.2,1,1,2014-12-03,0423,Aqua,MODIS,79,6.2,297.7,21.6,D,0
-15.7891,141.5793,373,1,1,2014-12-03,0423,Aqua,MODIS,100,6.2,304.5,113.1,D,0
-15.7905,141.5697,361.1,1,1,2014-12-03,0423,Aqua,MODIS,100,6.2,305.1,74.6,D,0
-15.78,141.5778,339.7,1,1,2014-12-03,0423,Aqua,MODIS,82,6.2,302.5,25.8,D,0
-16.9802,129.8301,324.3,4.6,2,2014-12-03,0423,Aqua,MODIS,77,6.2,290.1,90.8,D,0
-16.9797,129.838,322.9,4.6,2,2014-12-03,0423,Aqua,MODIS,76,6.2,290.9,77.3,D,0
-15.5523,141.5614,358.3,1,1,2014-12-03,0423,Aqua,MODIS,98,6.2,304.1,70.1,D,0
-14.7584,144.7908,329.6,1.5,1.2,2014-12-03,0423,Aqua,MODIS,62,6.2,302.1,24.7,D,0
-14.7475,144.7881,343,1.5,1.2,2014-12-03,0423,Aqua,MODIS,86,6.2,302.1,64.7,D,0
-15.5349,141.4902,336.5,1,1,2014-12-03,0423,Aqua,MODIS,74,6.2,300.9,24.1,D,0
-15.5334,141.4998,341.4,1,1,2014-12-03,0423,Aqua,MODIS,82,6.2,301.5,32.5,D,0
-15.5369,141.5394,353.2,1,1,2014-12-03,0423,Aqua,MODIS,95,6.2,305,58.4,D,0
-15.5355,141.5489,357.6,1,1,2014-12-03,0423,Aqua,MODIS,98,6.2,304,68.8,D,0
-15.546,141.5408,353.5,1,1,2014-12-03,0423,Aqua,MODIS,95,6.2,307.4,56.6,D,0
-15.5446,141.5504,384.8,1,1,2014-12-03,0423,Aqua,MODIS,100,6.2,309.3,166.1,D,0
-15.5432,141.56,393,1,1,2014-12-03,0423,Aqua,MODIS,100,6.2,303.8,208.6,D,0
-15.5649,141.4755,348.7,1,1,2014-12-03,0423,Aqua,MODIS,79,6.2,305.9,43.4,D,0
-15.5635,141.4851,348.4,1,1,2014-12-03,0423,Aqua,MODIS,90,6.2,307.7,43.1,D,0
-15.5621,141.4946,345.3,1,1,2014-12-03,0423,Aqua,MODIS,87,6.2,304.6,36.8,D,0
-15.5551,141.5423,332.5,1,1,2014-12-03,0423,Aqua,MODIS,37,6.2,304.7,15.5,D,0
-15.5537,141.5519,348,1,1,2014-12-03,0423,Aqua,MODIS,90,6.2,306,43.8,D,0
-15.5656,141.531,345.7,1,1,2014-12-03,0423,Aqua,MODIS,88,6.2,306.3,36.6,D,0
-15.5641,141.5406,342.8,1,1,2014-12-03,0423,Aqua,MODIS,85,6.2,305,30.1,D,0
-14.8226,144.7495,344,1.5,1.2,2014-12-03,0423,Aqua,MODIS,87,6.2,305.2,61.4,D,0
-14.8248,144.7359,330.6,1.5,1.2,2014-12-03,0423,Aqua,MODIS,52,6.2,305.1,21.3,D,0
-14.7984,144.7601,328.3,1.5,1.2,2014-12-03,0423,Aqua,MODIS,48,6.2,303.9,19,D,0
-14.7873,144.7589,328.9,1.5,1.2,2014-12-03,0423,Aqua,MODIS,55,6.2,305.1,19.6,D,0
-14.8844,144.6675,331.4,1.5,1.2,2014-12-03,0423,Aqua,MODIS,56,6.2,304.5,22.3,D,0
-14.8688,144.6722,334.6,1.5,1.2,2014-12-03,0423,Aqua,MODIS,73,6.2,303.9,31.3,D,0
-14.8557,144.6839,339.6,1.5,1.2,2014-12-03,0423,Aqua,MODIS,82,6.2,304.1,44.3,D,0
-14.8426,144.696,334.1,1.5,1.2,2014-12-03,0423,Aqua,MODIS,72,6.2,302.6,29.5,D,0
-14.8448,144.6821,335.5,1.5,1.2,2014-12-03,0423,Aqua,MODIS,74,6.2,304.4,32.9,D,0
-12.8807,132.5004,316,2.5,1.5,2014-12-03,0424,Aqua,MODIS,28,6.2,292.3,29.2,D,0
-12.5049,134.9805,322.5,1.6,1.3,2014-12-03,0424,Aqua,MODIS,49,6.2,292.1,18.5,D,0
-12.5033,134.9855,324.9,1.6,1.3,2014-12-03,0424,Aqua,MODIS,42,6.2,291.8,23.1,D,0
-12.5029,134.9953,321.1,1.6,1.3,2014-12-03,0424,Aqua,MODIS,33,6.2,291.3,13.9,D,0
-12.139,132.6162,316,2.4,1.5,2014-12-03,0424,Aqua,MODIS,37,6.2,289.6,20.1,D,0
-28.6719,127.2085,336,2.6,1.5,2014-12-03,0557,Aqua,MODIS,52,6.2,316.7,57,D,0
-28.6537,129.4021,330.7,3.6,1.8,2014-12-03,0557,Aqua,MODIS,26,6.2,310.8,49.2,D,0
-28.6533,129.4324,339.4,3.6,1.8,2014-12-03,0557,Aqua,MODIS,80,6.2,311.9,131.7,D,0
-28.6375,129.4278,329.6,3.6,1.8,2014-12-03,0557,Aqua,MODIS,30,6.2,309.3,47.7,D,0
-31.8629,115.8962,325.1,1.3,1.1,2014-12-03,0557,Aqua,MODIS,28,6.2,302.2,12,D,0
-32.0734,115.9061,325.2,1.3,1.1,2014-12-03,0557,Aqua,MODIS,46,6.2,302.2,12.8,D,0
-32.0617,115.9182,323.7,1.3,1.1,2014-12-03,0557,Aqua,MODIS,27,6.2,302.8,10.4,D,0
-28.6801,127.2383,337,2.6,1.5,2014-12-03,0557,Aqua,MODIS,67,6.2,319.4,64.4,D,0
-28.6454,129.4383,338,3.6,1.8,2014-12-03,0557,Aqua,MODIS,80,6.2,310.3,121.2,D,0
-26.9603,126.4385,337.3,2.5,1.5,2014-12-03,0558,Aqua,MODIS,75,6.2,318.7,46.5,D,0
-28.4632,125.8452,337.1,2.1,1.4,2014-12-03,0558,Aqua,MODIS,28,6.2,318.3,36,D,0
-28.4629,125.8379,336.5,2.1,1.4,2014-12-03,0558,Aqua,MODIS,45,6.2,318.4,36.9,D,0
-28.4504,125.8346,344.7,2.1,1.4,2014-12-03,0558,Aqua,MODIS,86,6.2,316.1,81.3,D,0
-28.5299,125.9071,336.6,2.1,1.4,2014-12-03,0558,Aqua,MODIS,68,6.2,320.4,39.8,D,0
-28.4882,125.8515,335.2,2.1,1.4,2014-12-03,0558,Aqua,MODIS,30,6.2,319.5,28.9,D,0
-21.6081,126.8729,351.2,3.5,1.8,2014-12-03,0559,Aqua,MODIS,78,6.2,295.7,280.2,D,0
-21.6088,126.8457,352.1,3.5,1.8,2014-12-03,0559,Aqua,MODIS,94,6.2,306.9,275.2,D,0
-22.5043,122.5967,342.9,1.7,1.3,2014-12-03,0559,Aqua,MODIS,84,6.2,326.8,27.1,D,0
-21.6245,126.8495,360.3,3.5,1.8,2014-12-03,0559,Aqua,MODIS,100,6.2,309.7,410.8,D,0
-22.4965,122.5895,340.5,1.7,1.3,2014-12-03,0559,Aqua,MODIS,80,6.2,325,20.2,D,0
-24.9474,126.2986,339.4,2.7,1.6,2014-12-03,0559,Aqua,MODIS,65,6.2,322.1,49.3,D,0
-24.9614,126.3021,344.6,2.7,1.6,2014-12-03,0559,Aqua,MODIS,86,6.2,322.6,86.6,D,0
-24.9594,126.2962,342.5,2.7,1.6,2014-12-03,0559,Aqua,MODIS,81,6.2,323.3,72.1,D,0
-21.5728,126.7252,352.6,3.4,1.7,2014-12-03,0559,Aqua,MODIS,94,6.2,314.1,258.4,D,0
-21.5661,126.7579,354.5,3.5,1.8,2014-12-03,0559,Aqua,MODIS,96,6.2,312.9,282.8,D,0
-21.5816,126.7618,353.8,3.5,1.8,2014-12-03,0559,Aqua,MODIS,95,6.2,315.1,267.7,D,0
-21.6149,126.8394,367.1,3.5,1.8,2014-12-03,0559,Aqua,MODIS,100,6.2,311.3,528.2,D,0
-21.977,127.9671,379.8,4.1,1.9,2014-12-03,0559,Aqua,MODIS,94,6.2,314.4,1058.6,D,0
-21.9701,128.0115,351.4,4.2,1.9,2014-12-03,0559,Aqua,MODIS,82,6.2,310.5,392.2,D,0
-21.9517,128.0025,344.9,4.2,1.9,2014-12-03,0559,Aqua,MODIS,85,6.2,306.9,288.9,D,0
-22.2185,127.9626,336.7,4.1,1.9,2014-12-03,0559,Aqua,MODIS,47,6.2,308,166.7,D,0
-22.224,127.8375,344.4,4,1.9,2014-12-03,0559,Aqua,MODIS,75,6.2,312.6,242,D,0
-22.2269,127.9235,348.9,4.1,1.9,2014-12-03,0559,Aqua,MODIS,91,6.2,311.8,301.8,D,0
-21.9788,127.9719,367.1,4.1,1.9,2014-12-03,0559,Aqua,MODIS,100,6.2,314.6,704.5,D,0
-21.9603,127.9629,348.7,4.1,1.9,2014-12-03,0559,Aqua,MODIS,79,6.2,303.4,341.7,D,0
-21.9685,128.0067,374.5,4.2,1.9,2014-12-03,0559,Aqua,MODIS,100,6.2,310.5,916.1,D,0
-22.2244,127.9184,344.9,4.1,1.9,2014-12-03,0559,Aqua,MODIS,85,6.2,309.1,245.8,D,0
-22.227,127.8427,342.7,4,1.9,2014-12-03,0559,Aqua,MODIS,66,6.2,311.9,215.3,D,0
-19.2465,127.8047,331.5,4.6,2,2014-12-03,0600,Aqua,MODIS,35,6.2,300.6,141.1,D,0
-20.138,125.6014,339.1,3.1,1.7,2014-12-03,0600,Aqua,MODIS,56,6.2,310.3,86.1,D,0
-20.1232,125.5981,340.1,3.1,1.7,2014-12-03,0600,Aqua,MODIS,63,6.2,313,83.6,D,0
-20.311,119.5203,368.3,1.2,1.1,2014-12-03,0600,Aqua,MODIS,100,6.2,320.5,99.8,D,0
-20.3128,119.5091,374.3,1.2,1.1,2014-12-03,0600,Aqua,MODIS,100,6.2,322.3,125.7,D,0
-20.3146,119.4979,344,1.2,1.1,2014-12-03,0600,Aqua,MODIS,85,6.2,319.5,22.3,D,0
-20.3049,119.4961,344.6,1.2,1.1,2014-12-03,0600,Aqua,MODIS,86,6.2,321.9,24.1,D,0
-20.3189,119.5333,474.6,1.2,1.1,2014-12-03,0600,Aqua,MODIS,100,6.2,334.4,1350.5,D,0
-20.3304,119.5238,347.4,1.2,1.1,2014-12-03,0600,Aqua,MODIS,89,6.2,316.2,33.3,D,0
-20.3092,119.5315,349.2,1.2,1.1,2014-12-03,0600,Aqua,MODIS,91,6.2,317.6,39.2,D,0
-20.3225,119.5109,356.1,1.2,1.1,2014-12-03,0600,Aqua,MODIS,97,6.2,320.1,55.9,D,0
-20.3207,119.5221,469.4,1.2,1.1,2014-12-03,0600,Aqua,MODIS,100,6.2,342.3,1230.9,D,0
-20.3964,118.792,341.7,1.1,1,2014-12-03,0600,Aqua,MODIS,82,6.2,315.9,24.7,D,0
-18.2146,124.0937,337.8,2.6,1.6,2014-12-03,0600,Aqua,MODIS,65,6.2,311.1,55.8,D,0
-18.2007,124.0908,349.1,2.6,1.6,2014-12-03,0600,Aqua,MODIS,91,6.2,311.3,141.2,D,0
-18.1927,124.1097,334.3,2.6,1.6,2014-12-03,0600,Aqua,MODIS,50,6.2,307.3,43.4,D,0
-18.1971,124.0852,337.5,2.6,1.6,2014-12-03,0600,Aqua,MODIS,67,6.2,311.4,57.9,D,0
-20.9291,119.7586,339.5,1.2,1.1,2014-12-03,0600,Aqua,MODIS,76,6.2,319.4,16.3,D,0
-20.3269,119.5463,380.6,1.2,1.1,2014-12-03,0600,Aqua,MODIS,100,6.2,314.2,166.3,D,0
-20.3286,119.5351,388.6,1.2,1.1,2014-12-03,0600,Aqua,MODIS,100,6.2,319.8,209.8,D,0
-20.3171,119.5445,381.4,1.2,1.1,2014-12-03,0600,Aqua,MODIS,100,6.2,315.4,169.4,D,0
-21.2335,118.9322,340.1,1.1,1,2014-12-03,0600,Aqua,MODIS,74,6.2,318.3,17.6,D,0
-21.2258,118.9201,342.3,1.1,1,2014-12-03,0600,Aqua,MODIS,83,6.2,315.7,21.6,D,0
-20.4135,118.8057,335.3,1.1,1,2014-12-03,0600,Aqua,MODIS,70,6.2,314.6,12.6,D,0
-20.4041,118.8041,349.1,1.1,1,2014-12-03,0600,Aqua,MODIS,91,6.2,316,40.8,D,0
-20.4057,118.7937,344.2,1.1,1,2014-12-03,0600,Aqua,MODIS,86,6.2,315.3,29.7,D,0
-16.7607,125.3632,326.3,3.5,1.8,2014-12-03,0601,Aqua,MODIS,35,6.2,297.7,58.9,D,0
-16.5516,124.782,332.4,3.2,1.7,2014-12-03,0601,Aqua,MODIS,77,6.2,301.2,93,D,0
-16.5719,124.757,328.7,3.2,1.7,2014-12-03,0601,Aqua,MODIS,71,6.2,302.8,60.2,D,0
-16.568,124.7616,329.9,3.2,1.7,2014-12-03,0601,Aqua,MODIS,45,6.2,303.2,60.6,D,0
-16.5476,124.7857,332.4,3.2,1.7,2014-12-03,0601,Aqua,MODIS,64,6.2,300.6,83.7,D,0
-16.5612,124.8146,328.4,3.2,1.7,2014-12-03,0601,Aqua,MODIS,70,6.2,300.7,62,D,0
-22.2045,127.9043,318,2,1.4,2014-12-03,1346,Terra,MODIS,96,6.2,299.3,35.3,N,0
-22.192,127.9028,312.7,2,1.4,2014-12-03,1346,Terra,MODIS,84,6.2,298.6,22.3,N,0
-24.3271,131.8734,308.5,1.2,1.1,2014-12-03,1346,Terra,MODIS,75,6.2,296.7,7.3,N,0
-22.19,127.9222,333,2,1.4,2014-12-03,1346,Terra,MODIS,100,6.2,299.8,80.7,N,0
-22.2024,127.9237,324.7,2,1.4,2014-12-03,1346,Terra,MODIS,100,6.2,300.1,53.4,N,0
-22.1879,127.9417,310.3,2,1.4,2014-12-03,1346,Terra,MODIS,77,6.2,299.7,16.3,N,0
-22.2066,127.8848,313.4,2,1.4,2014-12-03,1346,Terra,MODIS,85,6.2,298.5,25.5,N,0
-24.0874,127.9918,309.4,2.1,1.4,2014-12-03,1346,Terra,MODIS,76,6.2,299.3,18.8,N,0
-24.0747,127.9903,317.6,2.1,1.4,2014-12-03,1346,Terra,MODIS,95,6.2,299.7,36.4,N,0
-24.6146,129.4443,322.3,1.7,1.3,2014-12-03,1346,Terra,MODIS,100,6.2,300.8,32.7,N,0
-24.6164,129.4276,310.4,1.7,1.3,2014-12-03,1346,Terra,MODIS,14,6.2,300.3,10.1,N,0
-24.62,129.3936,315.3,1.7,1.3,2014-12-03,1346,Terra,MODIS,82,6.2,300.3,18.3,N,0
-24.6235,129.3601,317.3,1.7,1.3,2014-12-03,1346,Terra,MODIS,93,6.2,300.4,21.5,N,0
-24.6049,129.4252,323.4,1.7,1.3,2014-12-03,1346,Terra,MODIS,100,6.2,301.2,33.5,N,0
-24.6067,129.4084,321.9,1.7,1.3,2014-12-03,1346,Terra,MODIS,100,6.2,301.1,29.3,N,0
-24.618,129.4387,319,1.7,1.3,2014-12-03,1346,Terra,MODIS,97,6.2,300.6,25,N,0
-24.6218,129.4052,312.8,1.7,1.3,2014-12-03,1346,Terra,MODIS,38,6.2,300.2,11.8,N,0
-24.6255,129.3716,311.7,1.7,1.3,2014-12-03,1346,Terra,MODIS,69,6.2,299.9,10.5,N,0
-24.6274,129.355,312.1,1.7,1.3,2014-12-03,1346,Terra,MODIS,76,6.2,299.8,11.4,N,0
-24.6084,129.4194,318.8,1.7,1.3,2014-12-03,1346,Terra,MODIS,70,6.2,301,23,N,0
-24.5969,129.4178,322.3,1.7,1.3,2014-12-03,1346,Terra,MODIS,98,6.2,301.1,30.8,N,0
-24.5987,129.401,330,1.7,1.3,2014-12-03,1346,Terra,MODIS,100,6.2,301.8,49.9,N,0
-24.6006,129.3842,317.1,1.7,1.3,2014-12-03,1346,Terra,MODIS,93,6.2,301,20,N,0
-24.5872,129.3995,326.2,1.7,1.3,2014-12-03,1346,Terra,MODIS,100,6.2,301.7,40.6,N,0
-24.589,129.3827,328.3,1.7,1.3,2014-12-03,1346,Terra,MODIS,100,6.2,301.5,46.5,N,0
-24.5756,129.398,316.6,1.7,1.3,2014-12-03,1346,Terra,MODIS,92,6.2,300.9,21.4,N,0
-24.5774,129.3812,350.4,1.7,1.3,2014-12-03,1346,Terra,MODIS,100,6.2,303.3,127.6,N,0
-24.5658,129.3797,377.1,1.7,1.3,2014-12-03,1346,Terra,MODIS,100,6.2,305.6,301,N,0
-24.5676,129.3628,331.9,1.7,1.3,2014-12-03,1346,Terra,MODIS,100,6.2,301.2,58.2,N,0
-24.5542,129.3782,335.3,1.7,1.3,2014-12-03,1346,Terra,MODIS,100,6.2,301,69.2,N,0
-24.556,129.3613,327.9,1.7,1.3,2014-12-03,1346,Terra,MODIS,100,6.2,300.4,47.5,N,0
-24.0791,128.0744,313.5,2.1,1.4,2014-12-03,1346,Terra,MODIS,86,6.2,299.5,25.3,N,0
-24.0853,128.0126,314.5,2.1,1.4,2014-12-03,1346,Terra,MODIS,89,6.2,299.4,29.2,N,0
-24.0705,128.0317,316.6,2.1,1.4,2014-12-03,1346,Terra,MODIS,93,6.2,299.8,31.8,N,0
-24.0726,128.011,356.6,2.1,1.4,2014-12-03,1346,Terra,MODIS,100,6.2,302.7,219.3,N,0
-24.0598,128.0095,321.2,2.1,1.4,2014-12-03,1346,Terra,MODIS,100,6.2,300.2,45.4,N,0
-24.6638,129.3134,315.8,1.7,1.3,2014-12-03,1346,Terra,MODIS,90,6.2,298.8,22.1,N,0
-24.6521,129.3124,327,1.7,1.3,2014-12-03,1346,Terra,MODIS,100,6.2,299.8,46.6,N,0
-24.6343,129.2566,310.5,1.7,1.3,2014-12-03,1346,Terra,MODIS,73,6.2,299.7,11.4,N,0
-24.619,129.2897,351.9,1.7,1.3,2014-12-03,1346,Terra,MODIS,100,6.2,302.9,136.4,N,0
-24.6207,129.2725,324.6,1.7,1.3,2014-12-03,1346,Terra,MODIS,100,6.2,301.5,38.6,N,0
-24.6225,129.2551,320.7,1.7,1.3,2014-12-03,1346,Terra,MODIS,100,6.2,300.7,30.7,N,0
-24.6215,129.3011,318.2,1.7,1.3,2014-12-03,1346,Terra,MODIS,95,6.2,300.7,23.8,N,0
-24.6234,129.2841,329.9,1.7,1.3,2014-12-03,1346,Terra,MODIS,100,6.2,301.5,52,N,0
-24.6253,129.2667,318,1.7,1.3,2014-12-03,1346,Terra,MODIS,95,6.2,300.8,23.9,N,0
-24.6273,129.2494,310.4,1.7,1.3,2014-12-03,1346,Terra,MODIS,46,6.2,300,10.6,N,0
-24.6099,129.2994,316.9,1.7,1.3,2014-12-03,1346,Terra,MODIS,92,6.2,300.8,21.5,N,0
-24.6118,129.2823,332.7,1.7,1.3,2014-12-03,1346,Terra,MODIS,100,6.2,301.6,61.1,N,0
-24.6137,129.2651,321.7,1.7,1.3,2014-12-03,1346,Terra,MODIS,100,6.2,301.2,32.7,N,0
-24.602,129.2636,311,1.7,1.3,2014-12-03,1346,Terra,MODIS,74,6.2,300.6,12.3,N,0
-21.6341,133.6309,304.2,1,1,2014-12-03,1346,Terra,MODIS,59,6.2,282.2,6.6,N,0
-20.2544,129.0585,317.5,1.6,1.2,2014-12-03,1347,Terra,MODIS,95,6.2,297.3,23.5,N,0
-20.2415,129.072,339.5,1.6,1.2,2014-12-03,1347,Terra,MODIS,100,6.2,297.1,75,N,0
-20.2432,129.057,364.9,1.6,1.2,2014-12-03,1347,Terra,MODIS,100,6.2,299.5,186.6,N,0
-20.2304,129.0705,368.5,1.6,1.2,2014-12-03,1347,Terra,MODIS,100,6.2,300.1,207.6,N,0
-20.2321,129.0556,366.8,1.6,1.2,2014-12-03,1347,Terra,MODIS,100,6.2,300.9,198.2,N,0
-20.245,129.042,318.9,1.6,1.2,2014-12-03,1347,Terra,MODIS,98,6.2,296.8,25.3,N,0
-20.1583,129.1006,344.9,1.6,1.2,2014-12-03,1347,Terra,MODIS,100,6.2,298.3,92.3,N,0
-20.1601,129.0858,361.7,1.6,1.2,2014-12-03,1347,Terra,MODIS,100,6.2,300.4,167,N,0
-20.1455,129.114,315.4,1.6,1.2,2014-12-03,1347,Terra,MODIS,91,6.2,296.7,19.5,N,0
-20.1472,129.0992,340.4,1.6,1.2,2014-12-03,1347,Terra,MODIS,100,6.2,298.3,77.4,N,0
-20.149,129.0843,322.2,1.6,1.2,2014-12-03,1347,Terra,MODIS,100,6.2,297.5,30.9,N,0
-20.8921,130.1486,316.5,1.4,1.2,2014-12-03,1347,Terra,MODIS,93,6.2,300.1,15.8,N,0
-20.8936,130.1355,391.5,1.4,1.2,2014-12-03,1347,Terra,MODIS,100,6.2,304.1,317.5,N,0
-20.8952,130.1224,331.7,1.4,1.2,2014-12-03,1347,Terra,MODIS,100,6.2,299.4,41.6,N,0
-20.8817,130.1472,318.4,1.4,1.2,2014-12-03,1347,Terra,MODIS,97,6.2,299.4,18.6,N,0
-20.8832,130.1341,317.9,1.4,1.2,2014-12-03,1347,Terra,MODIS,96,6.2,299.2,17.8,N,0
-20.8862,130.1414,358.5,1.4,1.2,2014-12-03,1347,Terra,MODIS,100,6.2,302,123.3,N,0
-20.8879,130.1283,357.9,1.4,1.2,2014-12-03,1347,Terra,MODIS,100,6.2,300.6,120.8,N,0
-20.8718,130.0862,310.1,1.4,1.2,2014-12-03,1347,Terra,MODIS,71,6.2,298.2,8.3,N,0
-20.8735,130.073,326.6,1.4,1.2,2014-12-03,1347,Terra,MODIS,100,6.2,300,32.3,N,0
-20.8751,130.0598,310.7,1.4,1.2,2014-12-03,1347,Terra,MODIS,80,6.2,299.4,8.5,N,0
-20.8646,130.0584,312.2,1.4,1.2,2014-12-03,1347,Terra,MODIS,83,6.2,299.4,10.7,N,0
-19.895,130.3404,302.3,1.3,1.1,2014-12-03,1347,Terra,MODIS,21,6.2,274.3,5.7,N,0
-20.0884,125.6236,313.8,2.8,1.6,2014-12-03,1347,Terra,MODIS,88,6.2,298.5,40.7,N,0
-20.0862,125.6168,312.7,2.8,1.6,2014-12-03,1347,Terra,MODIS,85,6.2,298.6,36.7,N,0
-20.0804,131.2025,302.3,1.2,1.1,2014-12-03,1347,Terra,MODIS,48,6.2,286.6,4.4,N,0
-20.617,131.5587,303.7,1.1,1.1,2014-12-03,1347,Terra,MODIS,29,6.2,275.1,10.2,N,0
-20.3994,131.3414,304.7,1.2,1.1,2014-12-03,1347,Terra,MODIS,57,6.2,290.6,5.6,N,0
-20.0776,131.2246,301.2,1.2,1.1,2014-12-03,1347,Terra,MODIS,38,6.2,285.4,3.8,N,0
-15.6844,145.1817,303.1,2.7,1.6,2014-12-03,1514,Aqua,MODIS,51,6.2,289.4,19.5,N,0
-26.0556,148.4986,306.7,1.1,1,2014-12-03,1517,Aqua,MODIS,69,6.2,285.5,9.1,N,0
-25.8832,149.5614,305.2,1,1,2014-12-03,1517,Aqua,MODIS,63,6.2,289.7,6.1,N,0
-25.8848,149.5716,305.2,1,1,2014-12-03,1517,Aqua,MODIS,63,6.2,289.7,6.2,N,0
-29.0414,152.3946,301,1.1,1.1,2014-12-03,1517,Aqua,MODIS,36,6.2,288.7,5.1,N,0
-25.8527,149.5461,309.8,1,1,2014-12-03,1517,Aqua,MODIS,78,6.2,292.1,8.7,N,0
-25.8559,149.5665,302.2,1,1,2014-12-03,1517,Aqua,MODIS,36,6.2,290.4,3.6,N,0
-31.2078,146.9248,300.2,1.1,1,2014-12-03,1518,Aqua,MODIS,20,6.2,286,4.7,N,0
-20.4145,118.7948,302.9,3.5,1.8,2014-12-03,1525,Terra,MODIS,51,6.2,292.9,22.3,N,0
-16.4243,126.9935,313.1,1,1,2014-12-03,1653,Aqua,MODIS,86,6.2,285.4,11.7,N,0
-21.9276,130.4789,305.2,1.3,1.1,2014-12-03,1654,Aqua,MODIS,41,6.2,294.9,5.6,N,0
-20.6027,128.2423,319.8,1,1,2014-12-03,1654,Aqua,MODIS,99,6.2,299.1,13.8,N,0
-21.9308,130.5044,367,1.3,1.1,2014-12-03,1654,Aqua,MODIS,100,6.2,298.4,155.4,N,0
-20.6013,128.2325,331,1,1,2014-12-03,1654,Aqua,MODIS,100,6.2,300,26.9,N,0
-20.6091,128.2213,309.8,1,1,2014-12-03,1654,Aqua,MODIS,29,6.2,298.5,5.7,N,0
-21.9324,130.5172,351.5,1.3,1.1,2014-12-03,1654,Aqua,MODIS,100,6.2,298.2,94.2,N,0
-21.934,130.5301,310.4,1.3,1.1,2014-12-03,1654,Aqua,MODIS,41,6.2,295.9,10.3,N,0
-21.941,130.503,323.4,1.3,1.1,2014-12-03,1654,Aqua,MODIS,100,6.2,296.5,27.1,N,0
-21.9237,130.5315,307.3,1.3,1.1,2014-12-03,1654,Aqua,MODIS,18,6.2,295.7,7.6,N,0
-20.5936,128.2438,308.9,1,1,2014-12-03,1654,Aqua,MODIS,66,6.2,298.6,5.7,N,0
-20.6104,128.2311,318.9,1,1,2014-12-03,1654,Aqua,MODIS,98,6.2,298.9,13.4,N,0
-21.9292,130.4917,312.7,1.3,1.1,2014-12-03,1654,Aqua,MODIS,86,6.2,295.6,12.8,N,0
-21.9221,130.5187,317.6,1.3,1.1,2014-12-03,1654,Aqua,MODIS,95,6.2,296.1,19.3,N,0
-20.2388,128.9308,312.7,1.1,1,2014-12-03,1654,Aqua,MODIS,80,6.2,300.6,7.5,N,0
-20.2481,128.9294,338.3,1.1,1,2014-12-03,1654,Aqua,MODIS,78,6.2,305.9,40,N,0
-20.2495,128.9395,381.8,1.1,1,2014-12-03,1654,Aqua,MODIS,100,6.2,308.5,172.3,N,0
-20.2559,128.9178,343.1,1.1,1,2014-12-03,1654,Aqua,MODIS,100,6.2,295.3,51.9,N,0
-20.2573,128.928,394.5,1.1,1,2014-12-03,1654,Aqua,MODIS,100,6.2,303.3,241.1,N,0
-20.221,129.0799,308.6,1.1,1,2014-12-03,1654,Aqua,MODIS,49,6.2,295.8,6,N,0
-20.2224,129.0902,310.5,1.1,1,2014-12-03,1654,Aqua,MODIS,80,6.2,295.1,7.6,N,0
-20.2304,129.0785,310.9,1.1,1,2014-12-03,1654,Aqua,MODIS,34,6.2,296.1,7.4,N,0
-20.2369,129.0565,312.6,1.1,1,2014-12-03,1654,Aqua,MODIS,49,6.2,294.3,8.1,N,0
-20.2383,129.0668,310.2,1.1,1,2014-12-03,1654,Aqua,MODIS,25,6.2,294.9,6.3,N,0
-20.2397,129.0771,308.3,1.1,1,2014-12-03,1654,Aqua,MODIS,19,6.2,295.5,5.1,N,0
-20.2462,129.0551,342,1.1,1,2014-12-03,1654,Aqua,MODIS,100,6.2,297.7,47.8,N,0
-20.2663,129.0626,312.2,1.1,1,2014-12-03,1654,Aqua,MODIS,84,6.2,296.3,8.5,N,0
-20.2434,129.0345,323.8,1.1,1,2014-12-03,1654,Aqua,MODIS,100,6.2,297.1,20.1,N,0
-20.2448,129.0448,378.2,1.1,1,2014-12-03,1654,Aqua,MODIS,100,6.2,301,158.8,N,0
-20.2528,129.0331,367.6,1.1,1,2014-12-03,1654,Aqua,MODIS,100,6.2,300.2,117.2,N,0
-20.2542,129.0434,346.5,1.1,1,2014-12-03,1654,Aqua,MODIS,100,6.2,299,57.2,N,0
-20.1418,129.0983,307.4,1.1,1,2014-12-03,1654,Aqua,MODIS,31,6.2,291.2,5.3,N,0
-20.1577,129.0749,315.9,1.1,1,2014-12-03,1654,Aqua,MODIS,82,6.2,292.7,11.3,N,0
-20.1591,129.0853,322.3,1.1,1,2014-12-03,1654,Aqua,MODIS,100,6.2,293,18.1,N,0
-20.1671,129.0735,322.2,1.1,1,2014-12-03,1654,Aqua,MODIS,100,6.2,294.1,18.2,N,0
-20.3306,119.5489,304.4,2.5,1.5,2014-12-03,1654,Aqua,MODIS,56,6.2,293.8,16,N,0
-20.3212,119.5433,306.1,2.5,1.5,2014-12-03,1654,Aqua,MODIS,63,6.2,293.6,19.8,N,0
-21.6323,133.6397,350,2.1,1.4,2014-12-03,1654,Aqua,MODIS,100,6.2,295.1,187.7,N,0
-21.6345,133.6605,327.7,2.2,1.4,2014-12-03,1654,Aqua,MODIS,100,6.2,293.8,76.8,N,0
-20.3261,119.5247,305.2,2.5,1.5,2014-12-03,1654,Aqua,MODIS,60,6.2,293.6,17.8,N,0
-21.8672,130.6382,310.9,1.3,1.1,2014-12-03,1654,Aqua,MODIS,81,6.2,295.7,13,N,0
-21.8776,130.6367,322.9,1.3,1.1,2014-12-03,1654,Aqua,MODIS,100,6.2,295.9,29.1,N,0
-24.0762,127.9977,322.4,1.1,1,2014-12-03,1655,Aqua,MODIS,100,6.2,299.8,18.9,N,0
-24.5605,129.3615,323.3,1.2,1.1,2014-12-03,1655,Aqua,MODIS,100,6.2,299.8,24.2,N,0
-24.562,129.3736,326.3,1.2,1.1,2014-12-03,1655,Aqua,MODIS,100,6.2,299.6,28.4,N,0
-24.5606,129.3558,310.9,1.2,1.1,2014-12-03,1655,Aqua,MODIS,78,6.2,298.9,9,N,0
-24.5621,129.3679,327,1.2,1.1,2014-12-03,1655,Aqua,MODIS,100,6.2,300.4,28.9,N,0
-24.5636,129.3801,311,1.2,1.1,2014-12-03,1655,Aqua,MODIS,74,6.2,298.5,8.4,N,0
-24.5721,129.3664,318,1.2,1.1,2014-12-03,1655,Aqua,MODIS,96,6.2,299.6,16.3,N,0
-24.5736,129.3786,313.9,1.2,1.1,2014-12-03,1655,Aqua,MODIS,86,6.2,299.4,11.1,N,0
-24.067,127.9992,321.3,1.1,1,2014-12-03,1655,Aqua,MODIS,100,6.2,300.2,17.5,N,0
-24.0684,128.0096,326.5,1.1,1,2014-12-03,1655,Aqua,MODIS,100,6.2,300.3,23.7,N,0
-24.0698,128.0201,314.2,1.1,1,2014-12-03,1655,Aqua,MODIS,87,6.2,299.1,10.7,N,0
-24.0777,128.0081,323,1.1,1,2014-12-03,1655,Aqua,MODIS,100,6.2,299.8,19.8,N,0
-22.1725,127.9141,355.3,1,1,2014-12-03,1655,Aqua,MODIS,100,6.2,302.7,72.4,N,0
-22.1858,127.9426,394.4,1,1,2014-12-03,1655,Aqua,MODIS,100,6.2,312.5,225,N,0
-22.1872,127.9525,327.2,1,1,2014-12-03,1655,Aqua,MODIS,99,6.2,297.7,20.3,N,0
-22.216,127.9582,316.1,1,1,2014-12-03,1655,Aqua,MODIS,39,6.2,292.1,9.3,N,0
-22.2049,127.8785,333.6,1,1,2014-12-03,1655,Aqua,MODIS,100,6.2,300.2,29.9,N,0
-22.2035,127.8685,351.4,1,1,2014-12-03,1655,Aqua,MODIS,100,6.2,302.1,62,N,0
-22.2414,127.8727,305.3,1,1,2014-12-03,1655,Aqua,MODIS,30,6.2,292.4,3.1,N,0
-22.2021,127.8586,325.9,1,1,2014-12-03,1655,Aqua,MODIS,100,6.2,298.2,18.4,N,0
-22.2013,127.9197,313.3,1,1,2014-12-03,1655,Aqua,MODIS,50,6.2,298.1,6.3,N,0
-22.1999,127.9098,316.8,1,1,2014-12-03,1655,Aqua,MODIS,71,6.2,298.7,9.1,N,0
-22.1985,127.8998,354,1,1,2014-12-03,1655,Aqua,MODIS,100,6.2,303,68.3,N,0
-22.1971,127.8898,391,1,1,2014-12-03,1655,Aqua,MODIS,100,6.2,309.5,205.7,N,0
-22.1957,127.8799,445.8,1,1,2014-12-03,1655,Aqua,MODIS,100,6.2,326.8,679.3,N,0
-22.1944,127.87,418.8,1,1,2014-12-03,1655,Aqua,MODIS,100,6.2,310.9,394.2,N,0
-22.1936,127.9311,325,1,1,2014-12-03,1655,Aqua,MODIS,100,6.2,300,16.6,N,0
-22.1922,127.9212,338.1,1,1,2014-12-03,1655,Aqua,MODIS,100,6.2,304.4,36.3,N,0
-22.1908,127.9112,405.9,1,1,2014-12-03,1655,Aqua,MODIS,100,6.2,318.5,297.2,N,0
-22.1894,127.9012,412.1,1,1,2014-12-03,1655,Aqua,MODIS,100,6.2,313.8,342,N,0
-22.188,127.8913,406.3,1,1,2014-12-03,1655,Aqua,MODIS,100,6.2,309.1,297.6,N,0
-22.1866,127.8814,325.1,1,1,2014-12-03,1655,Aqua,MODIS,100,6.2,302.1,16.3,N,0
-22.1852,127.8714,320.4,1,1,2014-12-03,1655,Aqua,MODIS,100,6.2,300.3,11.2,N,0
-22.1844,127.9326,428.2,1,1,2014-12-03,1655,Aqua,MODIS,100,6.2,324.7,483.2,N,0
-22.1831,127.9226,471.4,1,1,2014-12-03,1655,Aqua,MODIS,100,6.2,400.1,1070.4,N,0
-22.151,127.9538,322.9,1,1,2014-12-03,1655,Aqua,MODIS,0,6.2,293.1,17.4,N,0
-22.1601,127.9524,321.4,1,1,2014-12-03,1655,Aqua,MODIS,84,6.2,277.5,14.9,N,0
-22.1693,127.9509,373.8,1,1,2014-12-03,1655,Aqua,MODIS,100,6.2,285.9,131,N,0
-22.1707,127.9609,331.4,1,1,2014-12-03,1655,Aqua,MODIS,100,6.2,279.4,27.6,N,0
-22.1721,127.9708,326.7,1,1,2014-12-03,1655,Aqua,MODIS,71,6.2,284.8,22,N,0
-22.1767,127.944,440.3,1,1,2014-12-03,1655,Aqua,MODIS,100,6.2,332.1,615.6,N,0
-22.1817,127.9126,494.3,1,1,2014-12-03,1655,Aqua,MODIS,100,6.2,338.7,1535.4,N,0
-22.1781,127.954,336.5,1,1,2014-12-03,1655,Aqua,MODIS,100,6.2,286.7,33.9,N,0
-22.1795,127.964,325.9,1,1,2014-12-03,1655,Aqua,MODIS,100,6.2,295.1,20,N,0
-22.2252,127.8245,324.5,1,1,2014-12-03,1655,Aqua,MODIS,100,6.2,298.7,18.7,N,0
-22.2238,127.8146,364.9,1,1,2014-12-03,1655,Aqua,MODIS,100,6.2,305.6,98.3,N,0
-22.2224,127.8047,378,1,1,2014-12-03,1655,Aqua,MODIS,100,6.2,305,144.8,N,0
-22.2175,127.8359,320.4,1,1,2014-12-03,1655,Aqua,MODIS,97,6.2,298.9,13.5,N,0
-22.2161,127.826,437.6,1,1,2014-12-03,1655,Aqua,MODIS,100,6.2,324.3,578.3,N,0
-22.2147,127.8161,492.7,1,1,2014-12-03,1655,Aqua,MODIS,100,6.2,400.1,1488.5,N,0
-22.2133,127.8062,375.4,1,1,2014-12-03,1655,Aqua,MODIS,100,6.2,297.9,133.6,N,0
-22.2119,127.7963,317.9,1,1,2014-12-03,1655,Aqua,MODIS,82,6.2,290.5,10.4,N,0
-22.2098,127.8473,379.5,1,1,2014-12-03,1655,Aqua,MODIS,100,6.2,304.8,151,N,0
-22.2084,127.8373,375.9,1,1,2014-12-03,1655,Aqua,MODIS,100,6.2,303,135.7,N,0
-22.1803,127.9027,327.1,1,1,2014-12-03,1655,Aqua,MODIS,97,6.2,300.6,21.8,N,0
-22.207,127.8274,323.6,1,1,2014-12-03,1655,Aqua,MODIS,74,6.2,300.4,14.7,N,0
-22.2056,127.8175,354.5,1,1,2014-12-03,1655,Aqua,MODIS,100,6.2,298.3,67.6,N,0
-22.2042,127.8076,325.1,1,1,2014-12-03,1655,Aqua,MODIS,100,6.2,286.5,17.4,N,0
-22.1965,127.819,320.3,1,1,2014-12-03,1655,Aqua,MODIS,77,6.2,291.3,11.6,N,0
-22.1753,127.934,476.6,1,1,2014-12-03,1655,Aqua,MODIS,100,6.2,400.1,1165.8,N,0
-22.1739,127.9241,472.5,1,1,2014-12-03,1655,Aqua,MODIS,100,6.2,400.1,1090.9,N,0
-22.1665,127.931,503.9,1,1,2014-12-03,1655,Aqua,MODIS,100,6.2,400.1,1768.6,N,0
-22.1651,127.921,360.3,1,1,2014-12-03,1655,Aqua,MODIS,100,6.2,304.1,84.6,N,0
-22.1587,127.9424,349.5,1,1,2014-12-03,1655,Aqua,MODIS,100,6.2,292,58.9,N,0
-22.1573,127.9324,349.2,1,1,2014-12-03,1655,Aqua,MODIS,100,6.2,300.7,56.8,N,0
-22.1559,127.9225,313.7,1,1,2014-12-03,1655,Aqua,MODIS,55,6.2,300,6.4,N,0
-22.1482,127.9339,312.8,1,1,2014-12-03,1655,Aqua,MODIS,64,6.2,299.8,6,N,0
-22.2063,127.8884,310,1,1,2014-12-03,1655,Aqua,MODIS,71,6.2,297.9,5.4,N,0
-22.1679,127.9409,479.4,1,1,2014-12-03,1655,Aqua,MODIS,100,6.2,332.4,1219.7,N,0
-28.6679,127.2234,303.4,1.1,1,2014-12-03,1656,Aqua,MODIS,55,6.2,291.5,6.3,N,0
-28.2585,125.6019,314.1,1,1,2014-12-03,1656,Aqua,MODIS,89,6.2,293.6,12.3,N,0
-28.5255,125.9242,306.4,1,1,2014-12-03,1656,Aqua,MODIS,68,6.2,292.8,6.8,N,0
-28.4772,125.8437,321.8,1,1,2014-12-03,1656,Aqua,MODIS,100,6.2,293.8,19.7,N,0
-14.6054,144.7001,345.7,1,1,2014-12-04,0039,Terra,MODIS,91,6.2,303.6,39.8,D,0
-15.2093,145.2254,337.8,1,1,2014-12-04,0039,Terra,MODIS,85,6.2,301.7,27.9,D,0
-15.2107,145.2347,369.9,1,1,2014-12-04,0039,Terra,MODIS,94,6.2,302.6,104.4,D,0
-15.2003,145.2268,326.7,1,1,2014-12-04,0039,Terra,MODIS,34,6.2,302.4,11.4,D,0
-15.2017,145.236,336.6,1,1,2014-12-04,0039,Terra,MODIS,0,6.2,304,25,D,0
-15.212,145.2439,321.8,1,1,2014-12-04,0039,Terra,MODIS,0,6.2,299.5,7.9,D,0
-14.4197,144.5682,332.6,1,1,2014-12-04,0039,Terra,MODIS,68,6.2,300.8,17.3,D,0
-15.9514,142.2411,330.4,1.2,1.1,2014-12-04,0039,Terra,MODIS,64,6.2,302.8,14.4,D,0
-13.9698,141.5746,333.3,1.5,1.2,2014-12-04,0039,Terra,MODIS,55,6.2,309.3,27.7,D,0
-15.6899,145.1766,343.3,1,1,2014-12-04,0039,Terra,MODIS,89,6.2,306.2,34,D,0
-15.9434,142.2542,335.8,1.2,1.1,2014-12-04,0039,Terra,MODIS,77,6.2,302,22.7,D,0
-15.7993,142.1255,331.7,1.3,1.1,2014-12-04,0039,Terra,MODIS,68,6.2,303.2,18.6,D,0
-14.3353,144.5585,322,1,1,2014-12-04,0039,Terra,MODIS,52,6.2,298.7,9.3,D,0
-14.9831,144.5774,327,1,1,2014-12-04,0039,Terra,MODIS,47,6.2,300.1,11,D,0
-14.3339,144.549,322.9,1,1,2014-12-04,0039,Terra,MODIS,58,6.2,299.4,10.6,D,0
-14.5887,144.7123,329,1,1,2014-12-04,0039,Terra,MODIS,53,6.2,302.9,15.1,D,0
-13.9591,141.5764,332.4,1.5,1.2,2014-12-04,0039,Terra,MODIS,48,6.2,309.3,26,D,0
-15.6886,145.1673,342.9,1,1,2014-12-04,0039,Terra,MODIS,89,6.2,305.7,32.6,D,0
-15.9177,142.2885,359.3,1.2,1.1,2014-12-04,0039,Terra,MODIS,86,6.2,304.8,86.4,D,0
-15.9373,142.2786,344.2,1.2,1.1,2014-12-04,0039,Terra,MODIS,87,6.2,306,40.4,D,0
-15.9354,142.2672,351,1.2,1.1,2014-12-04,0039,Terra,MODIS,93,6.2,305.3,59.4,D,0
-15.5782,141.8328,347.9,1.3,1.1,2014-12-04,0039,Terra,MODIS,91,6.2,305.6,57.5,D,0
-15.9357,142.2738,361.3,1.2,1.1,2014-12-04,0039,Terra,MODIS,100,6.2,306.2,94.1,D,0
-15.9339,142.2624,336,1.2,1.1,2014-12-04,0039,Terra,MODIS,77,6.2,303.5,23.8,D,0
-15.8543,145.1672,327.6,1,1,2014-12-04,0039,Terra,MODIS,62,6.2,297.5,16.4,D,0
-15.8529,145.1579,325.9,1,1,2014-12-04,0039,Terra,MODIS,59,6.2,299.7,13.8,D,0
-15.7833,145.1846,328.8,1,1,2014-12-04,0039,Terra,MODIS,12,6.2,304.5,15.6,D,0
-15.7974,142.1138,349.1,1.3,1.1,2014-12-04,0039,Terra,MODIS,92,6.2,302.9,60,D,0
-15.7874,142.1155,342.5,1.3,1.1,2014-12-04,0039,Terra,MODIS,86,6.2,303.3,42.8,D,0
-13.9719,141.5879,333.1,1.4,1.2,2014-12-04,0039,Terra,MODIS,62,6.2,309.3,23.7,D,0
-15.7065,145.1646,346.2,1,1,2014-12-04,0039,Terra,MODIS,91,6.2,303.7,35.6,D,0
-15.6989,145.1752,374.8,1,1,2014-12-04,0039,Terra,MODIS,100,6.2,309,116.7,D,0
-15.7079,145.1738,336.8,1,1,2014-12-04,0039,Terra,MODIS,70,6.2,300.5,18.5,D,0
-15.9453,142.2656,330.2,1.2,1.1,2014-12-04,0039,Terra,MODIS,63,6.2,303.6,11.7,D,0
-15.9907,142.4202,332.9,1.2,1.1,2014-12-04,0039,Terra,MODIS,67,6.2,305.8,16.7,D,0
-15.7912,142.1388,329.5,1.3,1.1,2014-12-04,0039,Terra,MODIS,56,6.2,303.9,13.8,D,0
-15.7893,142.1272,348.5,1.3,1.1,2014-12-04,0039,Terra,MODIS,91,6.2,305.2,58,D,0
-15.7793,142.1289,340.2,1.3,1.1,2014-12-04,0039,Terra,MODIS,83,6.2,305.2,35.9,D,0
-15.5874,141.8377,333.2,1.3,1.1,2014-12-04,0039,Terra,MODIS,71,6.2,304.8,19.7,D,0
-13.211,135.5983,326.5,4.2,1.9,2014-12-04,0039,Terra,MODIS,75,6.2,289.2,111.4,D,0
-15.5811,141.5446,344.5,1.4,1.2,2014-12-04,0039,Terra,MODIS,88,6.2,297,55.4,D,0
-15.7756,142.1055,351.7,1.3,1.1,2014-12-04,0039,Terra,MODIS,94,6.2,303.4,70.3,D,0
-14.5873,144.7029,327.1,1,1,2014-12-04,0039,Terra,MODIS,36,6.2,300.6,12.2,D,0
-15.6975,145.1659,364.4,1,1,2014-12-04,0039,Terra,MODIS,100,6.2,306.8,81.6,D,0
-14.4331,144.5951,332.2,1,1,2014-12-04,0039,Terra,MODIS,73,6.2,302.6,15.6,D,0
-14.367,144.5281,322.1,1,1,2014-12-04,0039,Terra,MODIS,31,6.2,298.8,10.2,D,0
-15.7675,142.1189,340.8,1.3,1.1,2014-12-04,0039,Terra,MODIS,84,6.2,304.6,37.2,D,0
-14.423,144.529,329.8,1,1,2014-12-04,0039,Terra,MODIS,74,6.2,299.4,16,D,0
-14.4288,144.5668,326.8,1,1,2014-12-04,0039,Terra,MODIS,19,6.2,302.5,8.8,D,0
-15.9533,142.2525,330.4,1.2,1.1,2014-12-04,0039,Terra,MODIS,64,6.2,303.8,12.5,D,0
-15.7655,142.1072,332.4,1.3,1.1,2014-12-04,0039,Terra,MODIS,40,6.2,305.2,20.1,D,0
-13.1971,135.5955,321,4.2,1.9,2014-12-04,0039,Terra,MODIS,51,6.2,288.7,63.4,D,0
-14.4245,144.5385,328.6,1,1,2014-12-04,0039,Terra,MODIS,59,6.2,300.2,12.9,D,0
-15.9024,142.256,333,1.2,1.1,2014-12-04,0039,Terra,MODIS,71,6.2,300.6,18.7,D,0
-15.8943,142.2691,329.8,1.2,1.1,2014-12-04,0039,Terra,MODIS,40,6.2,301.9,12.8,D,0
-15.7812,142.1405,334.3,1.3,1.1,2014-12-04,0039,Terra,MODIS,74,6.2,304.4,22.4,D,0
-15.9042,142.2674,357.2,1.2,1.1,2014-12-04,0039,Terra,MODIS,92,6.2,303.9,81.4,D,0
-15.906,142.2788,333.7,1.2,1.1,2014-12-04,0039,Terra,MODIS,63,6.2,303.1,18.1,D,0
-15.0237,144.3609,350,1,1,2014-12-04,0039,Terra,MODIS,94,6.2,305.5,50.8,D,0
-15.0223,144.3514,332.3,1,1,2014-12-04,0039,Terra,MODIS,75,6.2,302.3,18.7,D,0
-15.7636,142.0955,334.6,1.3,1.1,2014-12-04,0039,Terra,MODIS,71,6.2,304.1,24,D,0
-15.7517,142.0855,335.5,1.3,1.1,2014-12-04,0039,Terra,MODIS,76,6.2,304.5,26,D,0
-15.7536,142.0972,328.1,1.3,1.1,2014-12-04,0039,Terra,MODIS,38,6.2,302.6,11.6,D,0
-15.7003,145.1845,342.5,1,1,2014-12-04,0039,Terra,MODIS,76,6.2,304.4,32.3,D,0
-14.4378,144.5654,352.7,1,1,2014-12-04,0039,Terra,MODIS,95,6.2,301.7,52.4,D,0
-15.6962,145.1567,352.7,1,1,2014-12-04,0039,Terra,MODIS,96,6.2,304.9,51.1,D,0
-14.8949,144.6647,332.2,1,1,2014-12-04,0039,Terra,MODIS,65,6.2,305.8,19.6,D,0
-15.5821,141.8572,331.4,1.3,1.1,2014-12-04,0039,Terra,MODIS,58,6.2,303.7,13.8,D,0
-15.7774,142.1172,333.9,1.3,1.1,2014-12-04,0039,Terra,MODIS,51,6.2,304.2,22.6,D,0
-15.5802,141.845,347.4,1.3,1.1,2014-12-04,0039,Terra,MODIS,90,6.2,306,55.1,D,0
-14.4469,144.5639,336.2,1,1,2014-12-04,0039,Terra,MODIS,82,6.2,304.9,19.7,D,0
-14.8615,144.6892,327.4,1,1,2014-12-04,0039,Terra,MODIS,40,6.2,300.2,15.8,D,0
-12.9794,142.4913,327.2,1.3,1.1,2014-12-04,0039,Terra,MODIS,71,6.2,298.7,19.2,D,0
-14.8601,144.6798,338.6,1,1,2014-12-04,0039,Terra,MODIS,85,6.2,305.8,32,D,0
-14.7901,144.7643,330.6,1,1,2014-12-04,0039,Terra,MODIS,75,6.2,305,17.5,D,0
-14.7915,144.7736,327,1,1,2014-12-04,0039,Terra,MODIS,61,6.2,301.9,13.1,D,0
-15.5413,141.499,330.5,1.4,1.2,2014-12-04,0039,Terra,MODIS,54,6.2,298.5,23.7,D,0
-16.0422,142.2313,330.7,1.2,1.1,2014-12-04,0040,Terra,MODIS,59,6.2,302.8,13.7,D,0
-16.2413,142.0064,325.9,1.3,1.1,2014-12-04,0040,Terra,MODIS,49,6.2,299.2,13.2,D,0
-17.1154,143.395,332.7,1.1,1,2014-12-04,0040,Terra,MODIS,70,6.2,305.7,15.5,D,0
-16.195,142.6663,369.2,1.2,1.1,2014-12-04,0040,Terra,MODIS,100,6.2,310,116.5,D,0
-16.2394,141.9947,328.8,1.3,1.1,2014-12-04,0040,Terra,MODIS,50,6.2,298.8,17.3,D,0
-16.216,142.1655,330.3,1.2,1.1,2014-12-04,0040,Terra,MODIS,68,6.2,301.1,18.2,D,0
-16.1889,142.6895,335.3,1.2,1.1,2014-12-04,0040,Terra,MODIS,76,6.2,306.3,18.1,D,0
-16.0514,142.0996,336,1.3,1.1,2014-12-04,0040,Terra,MODIS,73,6.2,300.9,27.8,D,0
-16.1933,142.6555,336.1,1.2,1.1,2014-12-04,0040,Terra,MODIS,74,6.2,304.8,21.6,D,0
-15.9927,141.867,327.1,1.3,1.1,2014-12-04,0040,Terra,MODIS,25,6.2,299.6,12.3,D,0
-16.0403,142.2199,330,1.2,1.1,2014-12-04,0040,Terra,MODIS,50,6.2,302.5,14.1,D,0
-16.2047,142.6647,382.1,1.2,1.1,2014-12-04,0040,Terra,MODIS,100,6.2,307.8,178.3,D,0
-16.2029,142.6539,350.2,1.2,1.1,2014-12-04,0040,Terra,MODIS,93,6.2,304.1,54.6,D,0
-16.0009,141.8532,332.4,1.3,1.1,2014-12-04,0040,Terra,MODIS,71,6.2,299,23.7,D,0
-15.9947,141.8789,335.9,1.3,1.1,2014-12-04,0040,Terra,MODIS,77,6.2,300.2,29.2,D,0
-16.1985,142.6879,332.1,1.2,1.1,2014-12-04,0040,Terra,MODIS,69,6.2,305.3,12.9,D,0
-16.0029,141.8652,335.8,1.3,1.1,2014-12-04,0040,Terra,MODIS,77,6.2,299.3,30.8,D,0
-16.0048,141.8772,326.8,1.3,1.1,2014-12-04,0040,Terra,MODIS,20,6.2,298.9,13.4,D,0
-16.1968,142.6771,360.2,1.2,1.1,2014-12-04,0040,Terra,MODIS,100,6.2,307.4,81.9,D,0
-16.2064,142.6755,336.5,1.2,1.1,2014-12-04,0040,Terra,MODIS,78,6.2,306.1,21.7,D,0
-16.0644,141.9891,343.6,1.3,1.1,2014-12-04,0040,Terra,MODIS,87,6.2,301.5,45.6,D,0
-16.0727,141.9811,332,1.3,1.1,2014-12-04,0040,Terra,MODIS,71,6.2,300,20.7,D,0
-16.1144,142.0464,339.8,1.3,1.1,2014-12-04,0040,Terra,MODIS,83,6.2,301.4,33.7,D,0
-16.0725,141.9756,338.7,1.3,1.1,2014-12-04,0040,Terra,MODIS,81,6.2,299.9,34.8,D,0
-16.0747,141.9929,326.4,1.3,1.1,2014-12-04,0040,Terra,MODIS,24,6.2,300.2,10.6,D,0
-16.0905,142.0264,329.2,1.3,1.1,2014-12-04,0040,Terra,MODIS,51,6.2,299.6,15,D,0
-16.0744,141.9874,326.6,1.3,1.1,2014-12-04,0040,Terra,MODIS,27,6.2,299.8,10.4,D,0
-16.1324,142.0312,333.5,1.3,1.1,2014-12-04,0040,Terra,MODIS,74,6.2,300.2,28.3,D,0
-16.1362,142.0546,342.1,1.3,1.1,2014-12-04,0040,Terra,MODIS,86,6.2,299.7,43,D,0
-16.1263,142.0563,332.3,1.3,1.1,2014-12-04,0040,Terra,MODIS,47,6.2,300.9,18.8,D,0
-16.1244,142.0446,343,1.3,1.1,2014-12-04,0040,Terra,MODIS,87,6.2,302.3,44.2,D,0
-16.1205,142.0213,336,1.3,1.1,2014-12-04,0040,Terra,MODIS,76,6.2,300.2,32.2,D,0
-16.1225,142.033,354.4,1.3,1.1,2014-12-04,0040,Terra,MODIS,96,6.2,302.3,80.4,D,0
-16.1163,142.058,337.6,1.3,1.1,2014-12-04,0040,Terra,MODIS,80,6.2,301.5,27.2,D,0
-16.0575,142.4486,337.1,1.2,1.1,2014-12-04,0040,Terra,MODIS,59,6.2,306.3,22.4,D,0
-17.4557,140.907,337,1.4,1.2,2014-12-04,0040,Terra,MODIS,80,6.2,300.1,32.9,D,0
-17.4663,140.9051,332.3,1.4,1.2,2014-12-04,0040,Terra,MODIS,72,6.2,299.2,22.1,D,0
-17.4602,140.9002,334.1,1.4,1.2,2014-12-04,0040,Terra,MODIS,77,6.2,299.8,27.1,D,0
-17.4625,140.9133,329.8,1.4,1.2,2014-12-04,0040,Terra,MODIS,69,6.2,299.5,16.7,D,0
-17.4813,140.8964,325.4,1.4,1.2,2014-12-04,0040,Terra,MODIS,33,6.2,298.3,11.9,D,0
-16.1754,142.6873,334.8,1.2,1.1,2014-12-04,0040,Terra,MODIS,74,6.2,308.5,14.7,D,0
-16.0625,141.9773,338.7,1.3,1.1,2014-12-04,0040,Terra,MODIS,81,6.2,300.6,33.6,D,0
-16.0502,142.4041,332.5,1.2,1.1,2014-12-04,0040,Terra,MODIS,53,6.2,305.6,16.1,D,0
-16.0285,142.2101,332.2,1.2,1.1,2014-12-04,0040,Terra,MODIS,70,6.2,301.2,20.9,D,0
-16.2377,142.1736,325.9,1.2,1.1,2014-12-04,0040,Terra,MODIS,38,6.2,300.7,9.9,D,0
-16.1924,142.5888,333.1,1.2,1.1,2014-12-04,0040,Terra,MODIS,66,6.2,304.6,17.9,D,0
-16.2003,142.5762,328.9,1.2,1.1,2014-12-04,0040,Terra,MODIS,46,6.2,302.5,14.7,D,0
-16.2021,142.5871,327.8,1.2,1.1,2014-12-04,0040,Terra,MODIS,39,6.2,303.5,11.3,D,0
-16.077,142.4453,356.3,1.2,1.1,2014-12-04,0040,Terra,MODIS,97,6.2,306.9,71.6,D,0
-16.2118,142.5855,356.7,1.2,1.1,2014-12-04,0040,Terra,MODIS,97,6.2,304.3,78.6,D,0
-16.2057,142.4852,347,1.2,1.1,2014-12-04,0040,Terra,MODIS,90,6.2,304.1,47.7,D,0
-16.21,142.5746,363.7,1.2,1.1,2014-12-04,0040,Terra,MODIS,100,6.2,303.7,104.2,D,0
-16.0119,142.0464,330.2,1.3,1.1,2014-12-04,0040,Terra,MODIS,53,6.2,301.2,15,D,0
-16.0997,142.1442,326.7,1.2,1.1,2014-12-04,0040,Terra,MODIS,26,6.2,300.8,11.4,D,0
-16.2197,142.573,351,1.2,1.1,2014-12-04,0040,Terra,MODIS,93,6.2,299.9,63.8,D,0
-16.2214,142.5839,340.4,1.2,1.1,2014-12-04,0040,Terra,MODIS,83,6.2,301.6,36.8,D,0
-16.2074,142.4962,328.1,1.2,1.1,2014-12-04,0040,Terra,MODIS,49,6.2,302.7,9.1,D,0
-17.4281,143.4602,332.6,1.1,1,2014-12-04,0040,Terra,MODIS,63,6.2,310.3,10.8,D,0
-16.2457,142.1604,326.1,1.2,1.1,2014-12-04,0040,Terra,MODIS,43,6.2,301,10,D,0
-16.2094,141.9999,329.8,1.3,1.1,2014-12-04,0040,Terra,MODIS,68,6.2,300.6,16.5,D,0
-16.2194,141.9981,348.9,1.3,1.1,2014-12-04,0040,Terra,MODIS,92,6.2,300.7,60.2,D,0
-16.2345,142.0913,327.3,1.2,1.1,2014-12-04,0040,Terra,MODIS,59,6.2,300.4,13.8,D,0
-16.2327,142.0797,325.2,1.2,1.1,2014-12-04,0040,Terra,MODIS,39,6.2,300.3,10.4,D,0
-16.2213,142.0098,332.1,1.3,1.1,2014-12-04,0040,Terra,MODIS,73,6.2,300.5,21.3,D,0
-16.2426,142.078,331.9,1.2,1.1,2014-12-04,0040,Terra,MODIS,72,6.2,299.5,23,D,0
-17.4296,143.47,331.2,1.1,1,2014-12-04,0040,Terra,MODIS,57,6.2,310.1,9.3,D,0
-16.0645,142.1805,330,1.2,1.1,2014-12-04,0040,Terra,MODIS,58,6.2,301,16.8,D,0
-16.1658,142.6889,333.1,1.2,1.1,2014-12-04,0040,Terra,MODIS,71,6.2,307.6,11,D,0
-16.1737,142.6765,333,1.2,1.1,2014-12-04,0040,Terra,MODIS,65,6.2,307.5,12.6,D,0
-16.0532,142.1112,328,1.3,1.1,2014-12-04,0040,Terra,MODIS,31,6.2,300.5,13.8,D,0
-15.9767,141.8326,330.7,1.3,1.1,2014-12-04,0040,Terra,MODIS,45,6.2,299.6,20.9,D,0
-17.4342,143.4995,335.4,1.1,1,2014-12-04,0040,Terra,MODIS,72,6.2,310.3,15.8,D,0
-16.0587,141.9537,326.8,1.3,1.1,2014-12-04,0040,Terra,MODIS,17,6.2,299.5,10.4,D,0
-16.1186,142.2586,334.2,1.2,1.1,2014-12-04,0040,Terra,MODIS,75,6.2,302.4,22.6,D,0
-16.1187,142.2651,334.7,1.2,1.1,2014-12-04,0040,Terra,MODIS,75,6.2,302.8,21.5,D,0
-16.0675,142.2622,341.7,1.2,1.1,2014-12-04,0040,Terra,MODIS,85,6.2,303.3,33.8,D,0
-16.0502,142.2182,343.3,1.2,1.1,2014-12-04,0040,Terra,MODIS,87,6.2,301.3,41.2,D,0
-16.2648,142.2158,328.7,1.2,1.1,2014-12-04,0040,Terra,MODIS,63,6.2,301.5,14.8,D,0
-16.0706,141.9638,327.9,1.3,1.1,2014-12-04,0040,Terra,MODIS,44,6.2,299.8,13.6,D,0
-18.1885,142.8967,335.6,1.1,1,2014-12-04,0040,Terra,MODIS,77,6.2,307.7,17.6,D,0
-16.2075,141.9881,348.2,1.3,1.1,2014-12-04,0040,Terra,MODIS,92,6.2,301.4,60.2,D,0
-16.0126,141.925,335.6,1.3,1.1,2014-12-04,0040,Terra,MODIS,75,6.2,297.2,29.3,D,0
-16.0309,141.9096,334.6,1.3,1.1,2014-12-04,0040,Terra,MODIS,73,6.2,299.5,26.8,D,0
-16.0708,141.9693,341,1.3,1.1,2014-12-04,0040,Terra,MODIS,85,6.2,300.5,41.6,D,0
-16.1871,142.6787,344.9,1.2,1.1,2014-12-04,0040,Terra,MODIS,88,6.2,308.2,37.7,D,0
-15.9967,141.8909,335.9,1.3,1.1,2014-12-04,0040,Terra,MODIS,77,6.2,299.1,29.6,D,0
-16.7879,143.1277,326.8,1.1,1,2014-12-04,0040,Terra,MODIS,41,6.2,304.6,8.6,D,0
-16.1834,142.6749,350.7,1.2,1.1,2014-12-04,0040,Terra,MODIS,93,6.2,307.6,52.6,D,0
-16.0524,141.979,334.4,1.3,1.1,2014-12-04,0040,Terra,MODIS,75,6.2,300.8,23.8,D,0
-16.1854,142.6679,344.4,1.2,1.1,2014-12-04,0040,Terra,MODIS,88,6.2,306.6,37.7,D,0
-16.2175,141.9864,347.4,1.3,1.1,2014-12-04,0040,Terra,MODIS,91,6.2,300.3,57.3,D,0
-16.2275,141.9847,327.7,1.3,1.1,2014-12-04,0040,Terra,MODIS,35,6.2,298.9,15.7,D,0
-16.2375,141.983,328.5,1.3,1.1,2014-12-04,0040,Terra,MODIS,64,6.2,297.8,18.2,D,0
-16.2357,141.9712,324.6,1.3,1.1,2014-12-04,0040,Terra,MODIS,31,6.2,298,12.5,D,0
-16.1851,142.6857,338.7,1.2,1.1,2014-12-04,0040,Terra,MODIS,81,6.2,307.6,23.9,D,0
-16.1868,142.6965,330.4,1.2,1.1,2014-12-04,0040,Terra,MODIS,63,6.2,305.7,8.8,D,0
-16.2156,141.9747,332.8,1.3,1.1,2014-12-04,0040,Terra,MODIS,64,6.2,298.5,24.7,D,0
-16.2135,142.5964,326.7,1.2,1.1,2014-12-04,0040,Terra,MODIS,34,6.2,302.3,10.1,D,0
-20.1762,143.648,339.5,1,1,2014-12-04,0041,Terra,MODIS,80,6.2,315,14.3,D,0
-21.8182,146.5751,333.3,1.2,1.1,2014-12-04,0041,Terra,MODIS,38,6.2,314.4,13.1,D,0
-21.8164,146.5812,336.3,1.2,1.1,2014-12-04,0041,Terra,MODIS,46,6.2,314.8,14.4,D,0
-21.797,146.5841,361,1.2,1.1,2014-12-04,0041,Terra,MODIS,100,6.2,315.1,79.4,D,0
-21.7955,146.5728,358.5,1.2,1.1,2014-12-04,0041,Terra,MODIS,99,6.2,314.4,71.2,D,0
-21.794,146.5614,365.2,1.2,1.1,2014-12-04,0041,Terra,MODIS,100,6.2,314.2,96.7,D,0
-13.5842,130.4764,314.2,3.7,1.8,2014-12-04,0217,Terra,MODIS,53,6.2,290,43.5,D,0
-13.5918,130.4686,313.8,3.7,1.8,2014-12-04,0217,Terra,MODIS,56,6.2,289.3,40.3,D,0
-16.7798,125.3275,334.4,1.7,1.3,2014-12-04,0218,Terra,MODIS,61,6.2,308.6,31.2,D,0
-16.34,124.9141,338,1.5,1.2,2014-12-04,0218,Terra,MODIS,79,6.2,310.4,29.7,D,0
-16.329,124.9155,336.9,1.5,1.2,2014-12-04,0218,Terra,MODIS,61,6.2,308.5,29.3,D,0
-16.7473,125.4423,333.7,1.7,1.3,2014-12-04,0218,Terra,MODIS,64,6.2,307.3,33,D,0
-16.7474,125.3472,332,1.7,1.3,2014-12-04,0218,Terra,MODIS,58,6.2,307.3,26.2,D,0
-16.7817,125.343,332.1,1.7,1.3,2014-12-04,0218,Terra,MODIS,57,6.2,310.7,21.2,D,0
-16.6825,125.8248,328.3,1.8,1.3,2014-12-04,0218,Terra,MODIS,52,6.2,305.3,24.2,D,0
-18.2123,124.0669,353.8,1.4,1.2,2014-12-04,0219,Terra,MODIS,96,6.2,314.5,70.9,D,0
-18.2139,124.0803,346.1,1.4,1.2,2014-12-04,0219,Terra,MODIS,90,6.2,314.1,41.4,D,0
-20.3097,119.5577,348.4,1,1,2014-12-04,0219,Terra,MODIS,90,6.2,316.2,31.8,D,0
-20.3111,119.5673,376.4,1,1,2014-12-04,0219,Terra,MODIS,100,6.2,317.2,113.1,D,0
-20.3338,119.5343,346,1,1,2014-12-04,0219,Terra,MODIS,83,6.2,316.9,26.2,D,0
-20.6148,128.2392,351.5,3.1,1.7,2014-12-04,0219,Terra,MODIS,94,6.2,298.7,264.9,D,0
-20.6018,128.2473,339.8,3.1,1.7,2014-12-04,0219,Terra,MODIS,84,6.2,293.6,140.5,D,0
-20.5987,128.2176,353.7,3.1,1.7,2014-12-04,0219,Terra,MODIS,96,6.2,301,281.1,D,0
-20.5969,128.2109,342.3,3.1,1.7,2014-12-04,0219,Terra,MODIS,78,6.2,301.5,161.8,D,0
-20.5997,128.2407,346.4,3.1,1.7,2014-12-04,0219,Terra,MODIS,90,6.2,296.4,205.5,D,0
-20.3234,119.5262,340.4,1,1,2014-12-04,0219,Terra,MODIS,45,6.2,318.5,14.8,D,0
-20.2847,119.513,338.3,1,1,2014-12-04,0219,Terra,MODIS,58,6.2,316,11.3,D,0
-20.2937,119.5116,340,1,1,2014-12-04,0219,Terra,MODIS,55,6.2,318.8,12.5,D,0
-20.322,119.5167,342.4,1,1,2014-12-04,0219,Terra,MODIS,60,6.2,316.5,17,D,0
-20.3324,119.5248,353.6,1,1,2014-12-04,0219,Terra,MODIS,95,6.2,316,42.4,D,0
-24.0751,127.9728,349,3.3,1.7,2014-12-04,0220,Terra,MODIS,89,6.2,315.6,189.4,D,0
-24.0712,127.9675,343.9,3.3,1.7,2014-12-04,0220,Terra,MODIS,81,6.2,315.1,137.3,D,0
-24.0867,127.966,340.2,3.3,1.7,2014-12-04,0220,Terra,MODIS,64,6.2,314.2,100.9,D,0
-22.302,127.8018,345.7,3,1.7,2014-12-04,0220,Terra,MODIS,88,6.2,302.3,170.6,D,0
-20.4074,118.7941,350.1,1,1,2014-12-04,0220,Terra,MODIS,69,6.2,313.8,36.2,D,0
-20.4089,118.8038,351.6,1,1,2014-12-04,0220,Terra,MODIS,70,6.2,313.9,39.7,D,0
-20.4151,118.7869,346.7,1,1,2014-12-04,0220,Terra,MODIS,67,6.2,312.7,32.1,D,0
-20.4166,118.7965,385.8,1,1,2014-12-04,0220,Terra,MODIS,75,6.2,316.5,158.2,D,0
-20.418,118.8062,384.1,1,1,2014-12-04,0220,Terra,MODIS,75,6.2,312.1,149.3,D,0
-21.5389,126.7523,339.8,2.5,1.5,2014-12-04,0220,Terra,MODIS,84,6.2,294.8,93.9,D,0
-21.5614,126.702,330.7,2.4,1.5,2014-12-04,0220,Terra,MODIS,58,6.2,299.9,39.4,D,0
-21.5297,126.7363,393.4,2.5,1.5,2014-12-04,0220,Terra,MODIS,100,6.2,299,743.4,D,0
-21.5526,126.7508,353.3,2.5,1.5,2014-12-04,0220,Terra,MODIS,95,6.2,295.3,186.9,D,0
-21.5502,126.7272,345.7,2.5,1.5,2014-12-04,0220,Terra,MODIS,90,6.2,296.1,129.2,D,0
-21.5272,126.7127,361.9,2.4,1.5,2014-12-04,0220,Terra,MODIS,100,6.2,293.4,275.9,D,0
-21.5229,126.7301,355.6,2.5,1.5,2014-12-04,0220,Terra,MODIS,97,6.2,293.4,220.2,D,0
-21.5365,126.7286,389.8,2.5,1.5,2014-12-04,0220,Terra,MODIS,100,6.2,299.7,669,D,0
-22.1816,127.9688,370.2,3.1,1.7,2014-12-04,0220,Terra,MODIS,100,6.2,302.7,503.1,D,0
-21.9713,127.9721,340.8,3.1,1.7,2014-12-04,0220,Terra,MODIS,83,6.2,298.7,127.3,D,0
-21.9687,127.9423,353.2,3.1,1.7,2014-12-04,0220,Terra,MODIS,95,6.2,295.1,260.6,D,0
-21.9731,127.9787,335.7,3.1,1.7,2014-12-04,0220,Terra,MODIS,77,6.2,299.4,92.3,D,0
-21.9703,127.9489,357,3.1,1.7,2014-12-04,0220,Terra,MODIS,98,6.2,295.8,310.6,D,0
-21.9553,127.9504,400.5,3.1,1.7,2014-12-04,0220,Terra,MODIS,100,6.2,300.3,1221.3,D,0
-22.2518,127.7478,334.8,3,1.6,2014-12-04,0220,Terra,MODIS,68,6.2,306.5,67,D,0
-22.2395,127.7784,345.7,3,1.6,2014-12-04,0220,Terra,MODIS,87,6.2,304.9,158.1,D,0
-22.2522,127.7531,339.5,3,1.6,2014-12-04,0220,Terra,MODIS,80,6.2,306.7,103.6,D,0
-22.2402,127.7836,342.2,3,1.6,2014-12-04,0220,Terra,MODIS,84,6.2,304.8,126.5,D,0
-22.2373,127.7544,334.5,3,1.6,2014-12-04,0220,Terra,MODIS,70,6.2,304.6,66.2,D,0
-22.1665,127.9704,340.8,3.1,1.7,2014-12-04,0220,Terra,MODIS,51,6.2,297.9,137.6,D,0
-22.1837,127.9755,355.8,3.1,1.7,2014-12-04,0220,Terra,MODIS,97,6.2,301.5,292.7,D,0
-21.9402,127.952,327.9,3.1,1.7,2014-12-04,0220,Terra,MODIS,50,6.2,292.5,54.7,D,0
-22.1808,127.9455,363.4,3.1,1.7,2014-12-04,0220,Terra,MODIS,100,6.2,303,398.4,D,0
-22.1686,127.977,342.6,3.1,1.7,2014-12-04,0220,Terra,MODIS,61,6.2,298.6,159.4,D,0
-22.1657,127.947,352.6,3.1,1.7,2014-12-04,0220,Terra,MODIS,93,6.2,299,263.5,D,0
-22.1692,127.8267,338.6,3,1.7,2014-12-04,0220,Terra,MODIS,79,6.2,299.2,101.4,D,0
-22.1813,127.796,347.1,3,1.6,2014-12-04,0220,Terra,MODIS,90,6.2,301.2,171.6,D,0
-22.1842,127.8254,362.2,3,1.7,2014-12-04,0220,Terra,MODIS,100,6.2,300.4,353.1,D,0
-22.1559,127.8506,334.6,3,1.7,2014-12-04,0220,Terra,MODIS,70,6.2,300.3,82,D,0
-21.9525,127.9207,359.7,3,1.7,2014-12-04,0220,Terra,MODIS,99,6.2,293.3,348.1,D,0
-22.1682,127.8199,332,3,1.7,2014-12-04,0220,Terra,MODIS,61,6.2,298.5,54.6,D,0
-22.1805,127.7891,334.7,3,1.6,2014-12-04,0220,Terra,MODIS,71,6.2,301.9,68.6,D,0
-22.1832,127.8185,363.3,3,1.7,2014-12-04,0220,Terra,MODIS,100,6.2,300.3,369.4,D,0
-22.1859,127.8479,333.6,3,1.7,2014-12-04,0220,Terra,MODIS,55,6.2,299.9,66,D,0
-22.1954,127.7878,373.2,3,1.6,2014-12-04,0220,Terra,MODIS,100,6.2,304.3,521.1,D,0
-22.1981,127.8171,389.6,3,1.7,2014-12-04,0220,Terra,MODIS,100,6.2,305.6,870.8,D,0
-22.2103,127.7864,341.6,3,1.6,2014-12-04,0220,Terra,MODIS,83,6.2,303.3,119.7,D,0
-22.2131,127.8157,345.2,3,1.7,2014-12-04,0220,Terra,MODIS,87,6.2,303.2,152.9,D,0
-22.2224,127.7558,335,3,1.6,2014-12-04,0220,Terra,MODIS,71,6.2,304.8,68.9,D,0
-22.2252,127.785,376.3,3,1.6,2014-12-04,0220,Terra,MODIS,100,6.2,306.9,579.1,D,0
-22.228,127.8143,335.5,3,1.7,2014-12-04,0220,Terra,MODIS,64,6.2,303.2,70.3,D,0
-22.2246,127.7799,368.5,3,1.6,2014-12-04,0220,Terra,MODIS,100,6.2,306.6,445.4,D,0
-22.2272,127.8091,340.8,3,1.7,2014-12-04,0220,Terra,MODIS,81,6.2,303.8,113.2,D,0
-22.145,127.8887,383.9,3,1.7,2014-12-04,0220,Terra,MODIS,100,6.2,298.9,786.2,D,0
-22.1478,127.9184,360.7,3.1,1.7,2014-12-04,0220,Terra,MODIS,100,6.2,293.6,383.4,D,0
-22.1571,127.8574,332.4,3,1.7,2014-12-04,0220,Terra,MODIS,41,6.2,299.5,73.2,D,0
-22.16,127.8871,342.5,3,1.7,2014-12-04,0220,Terra,MODIS,62,6.2,292.2,162.9,D,0
-22.1628,127.9169,355.6,3.1,1.7,2014-12-04,0220,Terra,MODIS,97,6.2,298.1,302.3,D,0
-22.1779,127.9154,345.7,3.1,1.7,2014-12-04,0220,Terra,MODIS,76,6.2,300.3,183,D,0
-22.1435,127.8819,366.4,3,1.7,2014-12-04,0220,Terra,MODIS,100,6.2,298.3,446.5,D,0
-22.1461,127.9117,364.7,3.1,1.7,2014-12-04,0220,Terra,MODIS,100,6.2,295.1,428.4,D,0
-22.1585,127.8803,337.7,3,1.7,2014-12-04,0220,Terra,MODIS,51,6.2,293.2,112.3,D,0
-22.1612,127.9101,360.6,3.1,1.7,2014-12-04,0220,Terra,MODIS,100,6.2,296.9,358,D,0
-22.1762,127.9086,350.5,3.1,1.7,2014-12-04,0220,Terra,MODIS,92,6.2,299.7,224.5,D,0
-22.1789,127.9387,357.2,3.1,1.7,2014-12-04,0220,Terra,MODIS,98,6.2,302.6,306,D,0
-28.2974,125.6019,333.3,2.5,1.5,2014-12-04,0221,Terra,MODIS,59,6.2,304.4,45.6,D,0
-28.6674,127.1967,361.4,3.2,1.7,2014-12-04,0221,Terra,MODIS,100,6.2,312,394.6,D,0
-28.6967,127.2225,337.9,3.3,1.7,2014-12-04,0221,Terra,MODIS,80,6.2,309.5,116.9,D,0
-28.6812,127.2239,359.2,3.3,1.7,2014-12-04,0221,Terra,MODIS,99,6.2,312.8,362.1,D,0
-28.2677,125.5798,371.6,2.5,1.5,2014-12-04,0221,Terra,MODIS,100,6.2,318.3,362.4,D,0
-28.2915,125.6095,335.8,2.5,1.5,2014-12-04,0221,Terra,MODIS,74,6.2,307,55.1,D,0
-28.2891,125.5842,379.1,2.5,1.5,2014-12-04,0221,Terra,MODIS,100,6.2,312.6,472.8,D,0
-28.2777,125.6111,374.6,2.5,1.5,2014-12-04,0221,Terra,MODIS,100,6.2,316.3,412.8,D,0
-28.2754,125.5858,416.6,2.5,1.5,2014-12-04,0221,Terra,MODIS,100,6.2,324,1285.8,D,0
-28.2699,125.605,385.9,2.5,1.5,2014-12-04,0221,Terra,MODIS,100,6.2,319.7,585.9,D,0
-28.67,127.2303,344.5,3.3,1.7,2014-12-04,0221,Terra,MODIS,88,6.2,314,181,D,0
-28.2868,125.559,419.9,2.5,1.5,2014-12-04,0221,Terra,MODIS,100,6.2,318.8,1381,D,0
-28.6829,127.1953,353,3.2,1.7,2014-12-04,0221,Terra,MODIS,95,6.2,308,279,D,0
-28.6656,127.2253,331.7,3.3,1.7,2014-12-04,0221,Terra,MODIS,67,6.2,313.4,65.6,D,0
-28.6787,127.1902,363.5,3.2,1.7,2014-12-04,0221,Terra,MODIS,100,6.2,309.2,425.5,D,0
-28.6434,129.407,328.9,4.6,2,2014-12-04,0221,Terra,MODIS,31,6.2,308.1,70.6,D,0
-28.2616,125.5873,339.7,2.5,1.5,2014-12-04,0221,Terra,MODIS,54,6.2,313.7,70.8,D,0
-28.2793,125.5529,396.5,2.5,1.5,2014-12-04,0221,Terra,MODIS,100,6.2,321.4,787.1,D,0
-28.2931,125.5513,354.2,2.5,1.5,2014-12-04,0221,Terra,MODIS,96,6.2,306.7,192.5,D,0
-28.2996,125.6274,328.7,2.5,1.5,2014-12-04,0221,Terra,MODIS,23,6.2,307.1,21.9,D,0
-28.2837,125.6035,353,2.5,1.5,2014-12-04,0221,Terra,MODIS,95,6.2,311.8,175.9,D,0
-28.2952,125.5766,350.8,2.5,1.5,2014-12-04,0221,Terra,MODIS,93,6.2,306.9,162.1,D,0
-28.2815,125.5781,422.4,2.5,1.5,2014-12-04,0221,Terra,MODIS,100,6.2,324.6,1474.7,D,0
-28.6855,127.229,354.1,3.3,1.7,2014-12-04,0221,Terra,MODIS,96,6.2,312,294.8,D,0
-28.2731,125.5606,372.4,2.5,1.5,2014-12-04,0221,Terra,MODIS,100,6.2,319.4,371.9,D,0
-28.5615,126.039,333.9,2.7,1.6,2014-12-04,0221,Terra,MODIS,60,6.2,311.6,61.6,D,0
-28.5324,125.9096,333.9,2.6,1.6,2014-12-04,0221,Terra,MODIS,72,6.2,314.1,52.5,D,0
-28.5441,125.8811,336.1,2.6,1.6,2014-12-04,0221,Terra,MODIS,70,6.2,314.6,61,D,0
-28.5465,125.9082,355,2.6,1.6,2014-12-04,0221,Terra,MODIS,96,6.2,314.1,211.9,D,0
-28.5606,126.0724,330.9,2.7,1.6,2014-12-04,0221,Terra,MODIS,37,6.2,312,46.8,D,0
-28.5559,125.853,336.5,2.6,1.6,2014-12-04,0221,Terra,MODIS,77,6.2,312.8,67.8,D,0
-28.5583,125.8798,341.3,2.6,1.6,2014-12-04,0221,Terra,MODIS,84,6.2,312.8,99.2,D,0
-28.5701,126.0159,360.6,2.7,1.6,2014-12-04,0221,Terra,MODIS,100,6.2,311.9,287.4,D,0
-28.5725,126.0433,357.1,2.7,1.6,2014-12-04,0221,Terra,MODIS,98,6.2,313,251.4,D,0
-28.5506,125.9023,343.1,2.6,1.6,2014-12-04,0221,Terra,MODIS,86,6.2,313.4,111.7,D,0
-28.5626,125.8739,343,2.6,1.6,2014-12-04,0221,Terra,MODIS,86,6.2,312.6,115,D,0
-28.5736,126.0102,348.6,2.7,1.6,2014-12-04,0221,Terra,MODIS,91,6.2,308.5,164.1,D,0
-28.5758,126.0375,360.7,2.7,1.6,2014-12-04,0221,Terra,MODIS,100,6.2,312.6,286.1,D,0
-32.0652,115.9129,322.8,1,1,2014-12-04,0223,Terra,MODIS,44,6.2,304.9,5.5,D,2
-27.3179,152.9815,325.4,1.4,1.2,2014-12-04,0324,Aqua,MODIS,72,6.2,301.1,14.3,D,0
-26.7377,152.4828,310.4,1.5,1.2,2014-12-04,0324,Aqua,MODIS,28,6.2,284.8,12.4,D,0
-22.4846,147.1187,336.1,3,1.7,2014-12-04,0325,Aqua,MODIS,82,6.2,306.4,94.2,D,0
-22.4996,147.1201,340.7,3,1.7,2014-12-04,0325,Aqua,MODIS,87,6.2,305.8,130.5,D,0
-22.4486,146.8384,327.1,3.2,1.7,2014-12-04,0325,Aqua,MODIS,69,6.2,304.5,48.3,D,0
-22.5927,150.263,327.4,1.8,1.3,2014-12-04,0325,Aqua,MODIS,63,6.2,302,37.4,D,0
-22.5024,147.0903,349.4,3.1,1.7,2014-12-04,0325,Aqua,MODIS,93,6.2,305.2,220.6,D,0
-22.5012,147.0975,358.8,3.1,1.7,2014-12-04,0325,Aqua,MODIS,99,6.2,306.2,332.2,D,0
-22.4861,147.0959,366.9,3.1,1.7,2014-12-04,0325,Aqua,MODIS,100,6.2,306.9,452.7,D,0
-22.4887,147.066,339.9,3.1,1.7,2014-12-04,0325,Aqua,MODIS,86,6.2,301.6,134,D,0
-22.4874,147.0887,369.2,3.1,1.7,2014-12-04,0325,Aqua,MODIS,100,6.2,306.2,489.3,D,0
-21.8477,146.5136,386.6,3.3,1.7,2014-12-04,0326,Aqua,MODIS,100,6.2,305.5,951.7,D,0
-21.8024,146.5346,332.9,3.3,1.7,2014-12-04,0326,Aqua,MODIS,41,6.2,304.5,76.8,D,0
-21.8139,146.5425,343,3.3,1.7,2014-12-04,0326,Aqua,MODIS,81,6.2,306,170,D,0
-21.7995,146.5664,336.7,3.3,1.7,2014-12-04,0326,Aqua,MODIS,79,6.2,308.4,99.4,D,0
-21.8111,146.5743,348.2,3.3,1.7,2014-12-04,0326,Aqua,MODIS,92,6.2,308.8,209.3,D,0
-21.815,146.5679,352.2,3.3,1.7,2014-12-04,0326,Aqua,MODIS,95,6.2,309.5,254.7,D,0
-21.8521,146.5071,371.9,3.3,1.7,2014-12-04,0326,Aqua,MODIS,100,6.2,304.2,604.3,D,0
-21.8491,146.5392,383.2,3.3,1.7,2014-12-04,0326,Aqua,MODIS,100,6.2,304,832.6,D,0
-21.845,146.5456,368.1,3.3,1.7,2014-12-04,0326,Aqua,MODIS,100,6.2,305.3,519.5,D,0
-15.8582,145.1522,315,3.5,1.8,2014-12-04,0327,Aqua,MODIS,26,6.2,294.7,44.1,D,0
-15.8519,145.1589,316,3.5,1.8,2014-12-04,0327,Aqua,MODIS,33,6.2,294.8,50.5,D,0
-15.1182,145.0195,313.7,3.5,1.8,2014-12-04,0327,Aqua,MODIS,34,6.2,294.8,31.4,D,0
-15.6937,145.152,318.2,3.5,1.8,2014-12-04,0327,Aqua,MODIS,40,6.2,297.7,34.2,D,0
-15.7035,145.1604,330.6,3.5,1.8,2014-12-04,0327,Aqua,MODIS,81,6.2,298.2,111.5,D,0
-15.2153,145.2045,328.5,3.4,1.7,2014-12-04,0327,Aqua,MODIS,71,6.2,296.5,109.1,D,0
-15.2057,145.1985,351.2,3.4,1.7,2014-12-04,0327,Aqua,MODIS,83,6.2,297.6,334.2,D,0
-15.1996,145.2026,352,3.4,1.7,2014-12-04,0327,Aqua,MODIS,73,6.2,296.6,344.6,D,0
-14.612,144.6915,320.2,3.7,1.8,2014-12-04,0328,Aqua,MODIS,54,6.2,295.3,56.3,D,0
-14.5958,144.6896,317.7,3.7,1.8,2014-12-04,0328,Aqua,MODIS,10,6.2,295.5,43,D,0
-14.4423,144.5919,316.7,3.7,1.8,2014-12-04,0328,Aqua,MODIS,28,6.2,293.4,34.5,D,0
-28.7025,127.2185,379,1.7,1.3,2014-12-04,0502,Aqua,MODIS,100,6.2,323.5,256.6,D,0
-28.7043,127.2013,362.4,1.7,1.3,2014-12-04,0502,Aqua,MODIS,100,6.2,319.7,138,D,0
-28.6812,127.1982,350.6,1.7,1.3,2014-12-04,0502,Aqua,MODIS,83,6.2,324.6,64.4,D,0
-28.7062,127.1839,373.7,1.7,1.3,2014-12-04,0502,Aqua,MODIS,100,6.2,320.7,221.1,D,0
-28.6971,127.2402,342.2,1.7,1.3,2014-12-04,0502,Aqua,MODIS,80,6.2,320.5,41.8,D,0
-28.7191,127.138,350,1.7,1.3,2014-12-04,0502,Aqua,MODIS,92,6.2,310.9,93.5,D,0
-28.7174,127.1553,413.3,1.7,1.3,2014-12-04,0502,Aqua,MODIS,100,6.2,320.3,699.3,D,0
-28.7156,127.1727,373.9,1.7,1.3,2014-12-04,0502,Aqua,MODIS,100,6.2,316.2,240.2,D,0
-28.7139,127.1901,356.8,1.7,1.3,2014-12-04,0502,Aqua,MODIS,97,6.2,314.3,126.1,D,0
-28.6433,129.4193,346.8,1.2,1.1,2014-12-04,0502,Aqua,MODIS,45,6.2,323.2,30.5,D,0
-28.6448,129.4066,366.5,1.2,1.1,2014-12-04,0502,Aqua,MODIS,100,6.2,323.9,101.3,D,0
-28.6333,129.4177,346.9,1.2,1.1,2014-12-04,0502,Aqua,MODIS,84,6.2,320.9,33.3,D,0
-28.6348,129.4051,356.6,1.2,1.1,2014-12-04,0502,Aqua,MODIS,97,6.2,318.6,65.3,D,0
-28.708,127.1665,395.8,1.7,1.3,2014-12-04,0502,Aqua,MODIS,100,6.2,323,441.7,D,0
-28.7099,127.1492,451.1,1.7,1.3,2014-12-04,0502,Aqua,MODIS,100,6.2,335.6,1515.7,D,0
-28.7117,127.1319,353.8,1.7,1.3,2014-12-04,0502,Aqua,MODIS,95,6.2,315.5,102.6,D,0
-28.6371,129.4697,343.8,1.2,1.1,2014-12-04,0502,Aqua,MODIS,85,6.2,322.3,23.8,D,0
-28.6909,127.217,348.1,1.7,1.3,2014-12-04,0502,Aqua,MODIS,72,6.2,324.3,59.3,D,0
-28.6983,127.1478,363.8,1.7,1.3,2014-12-04,0502,Aqua,MODIS,100,6.2,317.6,153.4,D,0
-28.6386,129.4571,343.8,1.2,1.1,2014-12-04,0502,Aqua,MODIS,85,6.2,322.1,23.2,D,0
-28.6928,127.1998,348.4,1.7,1.3,2014-12-04,0502,Aqua,MODIS,20,6.2,322.8,56.3,D,0
-28.6474,129.4641,344,1.2,1.1,2014-12-04,0502,Aqua,MODIS,85,6.2,324,21.7,D,0
-28.6375,129.4625,354.8,1.2,1.1,2014-12-04,0502,Aqua,MODIS,96,6.2,321.8,52.8,D,0
-28.6434,129.412,375,1.2,1.1,2014-12-04,0502,Aqua,MODIS,100,6.2,324.5,138.9,D,0
-28.6449,129.3992,374.2,1.2,1.1,2014-12-04,0502,Aqua,MODIS,100,6.2,321.7,136.4,D,0
-28.6946,127.1825,350.8,1.7,1.3,2014-12-04,0502,Aqua,MODIS,92,6.2,321,75.9,D,0
-28.6794,127.2154,359,1.7,1.3,2014-12-04,0502,Aqua,MODIS,99,6.2,324.1,108.8,D,0
-28.6964,127.1652,368,1.7,1.3,2014-12-04,0502,Aqua,MODIS,100,6.2,319.3,180,D,0
-28.6733,127.1621,338.2,1.7,1.3,2014-12-04,0502,Aqua,MODIS,77,6.2,319.5,30.6,D,0
-28.6715,127.1794,346.5,1.7,1.3,2014-12-04,0502,Aqua,MODIS,88,6.2,320.6,57.7,D,0
-28.6697,127.1967,341.8,1.7,1.3,2014-12-04,0502,Aqua,MODIS,44,6.2,320.9,33.1,D,0
-28.6867,127.1463,353.3,1.7,1.3,2014-12-04,0502,Aqua,MODIS,95,6.2,317.9,91.9,D,0
-28.6849,127.1637,405.2,1.7,1.3,2014-12-04,0502,Aqua,MODIS,100,6.2,325.9,554.7,D,0
-28.6942,129.4972,340.6,1.2,1.1,2014-12-04,0502,Aqua,MODIS,70,6.2,323.4,15.5,D,0
-28.7214,127.1506,337.2,1.7,1.3,2014-12-04,0502,Aqua,MODIS,74,6.2,309.1,41.5,D,0
-28.683,127.181,363.7,1.7,1.3,2014-12-04,0502,Aqua,MODIS,100,6.2,324.4,142.4,D,0
-28.7006,127.2355,350.5,1.7,1.3,2014-12-04,0502,Aqua,MODIS,92,6.2,320.4,72.2,D,0
-28.7196,127.168,344.4,1.7,1.3,2014-12-04,0502,Aqua,MODIS,86,6.2,310.9,67,D,0
-28.7177,127.1853,343.1,1.7,1.3,2014-12-04,0502,Aqua,MODIS,84,6.2,311.7,58.5,D,0
-28.7075,127.1366,392.6,1.7,1.3,2014-12-04,0502,Aqua,MODIS,100,6.2,319.4,412.7,D,0
-28.7058,127.1539,423.3,1.7,1.3,2014-12-04,0502,Aqua,MODIS,100,6.2,329.6,869.8,D,0
-28.704,127.1713,367.5,1.7,1.3,2014-12-04,0502,Aqua,MODIS,100,6.2,320.1,188.2,D,0
-28.7023,127.1887,360.3,1.7,1.3,2014-12-04,0502,Aqua,MODIS,100,6.2,320.7,139.1,D,0
-28.6988,127.2232,375.8,1.7,1.3,2014-12-04,0502,Aqua,MODIS,100,6.2,324.9,234.7,D,0
-28.7006,127.206,370.7,1.7,1.3,2014-12-04,0502,Aqua,MODIS,100,6.2,323,200,D,0
-28.5781,126.0508,367.5,2,1.4,2014-12-04,0502,Aqua,MODIS,82,6.2,322,233.5,D,0
-28.5945,126.011,358.8,2,1.4,2014-12-04,0502,Aqua,MODIS,87,6.2,316.3,168,D,0
-28.58,126.0301,362.1,2,1.4,2014-12-04,0502,Aqua,MODIS,76,6.2,322.7,186,D,0
-28.5925,126.0318,408.5,2,1.4,2014-12-04,0502,Aqua,MODIS,100,6.2,321.3,791.3,D,0
-28.5831,125.8613,359.4,2.1,1.4,2014-12-04,0502,Aqua,MODIS,99,6.2,308.4,176.8,D,0
-28.585,125.8401,415.8,2.1,1.4,2014-12-04,0502,Aqua,MODIS,100,6.2,321.4,972.9,D,0
-28.587,125.8188,345.4,2.1,1.4,2014-12-04,0502,Aqua,MODIS,87,6.2,308,78.6,D,0
-29.4569,130.4086,338.7,1.1,1.1,2014-12-04,0502,Aqua,MODIS,45,6.2,323.5,10.1,D,0
-30.298,124.625,329.7,2.6,1.6,2014-12-04,0502,Aqua,MODIS,58,6.2,313.2,35.9,D,0
-28.5656,125.8948,354.2,2,1.4,2014-12-04,0503,Aqua,MODIS,89,6.2,308,145.8,D,0
-28.5824,125.8542,376.3,2.1,1.4,2014-12-04,0503,Aqua,MODIS,100,6.2,311.4,331.4,D,0
-28.5697,125.8527,364.9,2.1,1.4,2014-12-04,0503,Aqua,MODIS,94,6.2,316,216.1,D,0
-28.5665,125.9018,345.7,2,1.4,2014-12-04,0503,Aqua,MODIS,39,6.2,304.6,95.9,D,0
-28.5704,125.8597,357.2,2.1,1.4,2014-12-04,0503,Aqua,MODIS,93,6.2,312.3,157,D,0
-28.5845,125.8331,390.6,2.1,1.4,2014-12-04,0503,Aqua,MODIS,100,6.2,321,510.8,D,0
-28.5723,125.8385,369.9,2.1,1.4,2014-12-04,0503,Aqua,MODIS,100,6.2,318.9,260.6,D,0
-28.275,125.5611,351.1,2.1,1.4,2014-12-04,0503,Aqua,MODIS,93,6.2,321.2,96.5,D,0
-27.6067,129.6845,348.6,1.2,1.1,2014-12-04,0503,Aqua,MODIS,90,6.2,325,30,D,0
-27.6081,129.6726,354.5,1.2,1.1,2014-12-04,0503,Aqua,MODIS,95,6.2,323.2,46.8,D,0
-28.2966,125.6082,347.1,2.1,1.4,2014-12-04,0503,Aqua,MODIS,89,6.2,317.1,91.3,D,0
-28.2987,125.5863,359.6,2.1,1.4,2014-12-04,0503,Aqua,MODIS,99,6.2,316.3,173.8,D,0
-28.2837,125.6066,382.1,2.1,1.4,2014-12-04,0503,Aqua,MODIS,100,6.2,324.1,402.5,D,0
-28.2858,125.5847,383.4,2.1,1.4,2014-12-04,0503,Aqua,MODIS,100,6.2,327.1,414,D,0
-28.2709,125.605,354.8,2.1,1.4,2014-12-04,0503,Aqua,MODIS,96,6.2,323.4,125.8,D,0
-28.2729,125.5831,351.4,2.1,1.4,2014-12-04,0503,Aqua,MODIS,93,6.2,322.5,94.9,D,0
-24.3346,131.8719,339.7,1,1,2014-12-04,0503,Aqua,MODIS,43,6.2,307.5,22.2,D,0
-24.3436,131.8735,385.4,1,1,2014-12-04,0503,Aqua,MODIS,100,6.2,310.6,154.1,D,0
-28.3007,125.5643,346.3,2.1,1.4,2014-12-04,0503,Aqua,MODIS,81,6.2,316.5,83,D,0
-28.3028,125.5422,338.3,2.1,1.4,2014-12-04,0503,Aqua,MODIS,30,6.2,318.6,39.6,D,0
-28.2878,125.5628,347.7,2.1,1.4,2014-12-04,0503,Aqua,MODIS,85,6.2,324.1,81.1,D,0
-21.9493,127.9419,335.6,1.2,1.1,2014-12-04,0504,Aqua,MODIS,71,6.2,304.7,24.3,D,0
-21.9693,127.9448,330.8,1.2,1.1,2014-12-04,0504,Aqua,MODIS,40,6.2,303.5,10.5,D,0
-21.9678,127.9568,332.2,1.2,1.1,2014-12-04,0504,Aqua,MODIS,43,6.2,305.8,12.8,D,0
-22.1779,127.8207,358.6,1.3,1.1,2014-12-04,0504,Aqua,MODIS,97,6.2,308.6,89.6,D,0
-21.9001,130.5146,340.5,1,1,2014-12-04,0504,Aqua,MODIS,58,6.2,318.8,15.8,D,0
-22.2461,127.7676,344,1.3,1.1,2014-12-04,0504,Aqua,MODIS,57,6.2,315.5,25,D,0
-21.9578,127.9553,343,1.2,1.1,2014-12-04,0504,Aqua,MODIS,84,6.2,305.5,38.8,D,0
-22.1794,127.8085,347.5,1.3,1.1,2014-12-04,0504,Aqua,MODIS,88,6.2,308.9,52.8,D,0
-21.9393,127.9405,335.4,1.2,1.1,2014-12-04,0504,Aqua,MODIS,58,6.2,305.1,27,D,0
-21.9231,130.4744,339.2,1,1,2014-12-04,0504,Aqua,MODIS,44,6.2,316,13.4,D,0
-21.9508,127.93,367.2,1.2,1.1,2014-12-04,0504,Aqua,MODIS,94,6.2,306,122.9,D,0
-22.1809,127.7962,344.9,1.3,1.1,2014-12-04,0504,Aqua,MODIS,75,6.2,308,47.3,D,0
-21.9409,127.9285,386.6,1.2,1.1,2014-12-04,0504,Aqua,MODIS,100,6.2,309.5,228.7,D,0
-22.236,127.7662,350.8,1.3,1.1,2014-12-04,0504,Aqua,MODIS,91,6.2,317.8,46.3,D,0
-24.078,127.9642,344,1.3,1.1,2014-12-04,0504,Aqua,MODIS,36,6.2,304.3,38,D,0
-20.8974,130.1259,345.2,1,1,2014-12-04,0504,Aqua,MODIS,87,6.2,309.8,25.3,D,0
-21.5164,126.745,341,1.4,1.2,2014-12-04,0504,Aqua,MODIS,81,6.2,301.7,36.9,D,0
-21.495,126.742,343.4,1.4,1.2,2014-12-04,0504,Aqua,MODIS,85,6.2,303,48.7,D,0
-21.5057,126.7435,388,1.4,1.2,2014-12-04,0504,Aqua,MODIS,100,6.2,309.7,285.1,D,0
-21.5429,126.7059,354.5,1.5,1.2,2014-12-04,0504,Aqua,MODIS,96,6.2,306.3,84.9,D,0
-21.5321,126.7044,340.7,1.5,1.2,2014-12-04,0504,Aqua,MODIS,81,6.2,303.7,35.9,D,0
-21.504,126.7574,353.6,1.4,1.2,2014-12-04,0504,Aqua,MODIS,95,6.2,308.2,80.8,D,0
-21.561,126.7367,336.7,1.4,1.2,2014-12-04,0504,Aqua,MODIS,54,6.2,309.3,18.5,D,0
-20.5662,128.1958,379.9,1.2,1.1,2014-12-04,0505,Aqua,MODIS,100,6.2,316.6,165.1,D,0
-20.5646,128.1901,381.4,1.2,1.1,2014-12-04,0505,Aqua,MODIS,100,6.2,317.6,171.6,D,0
-20.4381,131.3481,336.5,1,1,2014-12-04,0505,Aqua,MODIS,77,6.2,300.8,18.4,D,0
-17.032,141.0075,338.9,4.6,2,2014-12-04,0505,Aqua,MODIS,65,6.2,292,248.4,D,0
-17.0319,140.999,345.8,4.6,2,2014-12-04,0505,Aqua,MODIS,69,6.2,292.1,363.5,D,0
-17.0144,140.9951,322.3,4.6,2,2014-12-04,0505,Aqua,MODIS,38,6.2,291.9,62.7,D,0
-17.2219,136.5084,330.7,2.1,1.4,2014-12-04,0505,Aqua,MODIS,66,6.2,300.4,37.3,D,0
-20.319,119.5911,333.6,4.6,2,2014-12-04,0505,Aqua,MODIS,73,6.2,303.1,129.6,D,0
-20.3195,119.5824,341.6,4.6,2,2014-12-04,0505,Aqua,MODIS,85,6.2,303.5,245.4,D,0
-20.3226,119.5463,343.4,4.6,2,2014-12-04,0505,Aqua,MODIS,87,6.2,306.2,264.2,D,0
-20.3235,119.5376,340.4,4.6,2,2014-12-04,0505,Aqua,MODIS,83,6.2,306.6,212.2,D,0
-17.2379,134.4724,371.1,1.5,1.2,2014-12-04,0505,Aqua,MODIS,100,6.2,303.2,189.1,D,0
-17.2403,134.4583,333.1,1.5,1.2,2014-12-04,0505,Aqua,MODIS,74,6.2,305.5,25.8,D,0
-17.2349,134.4806,350.7,1.5,1.2,2014-12-04,0505,Aqua,MODIS,94,6.2,300.1,87.7,D,0
-17.2372,134.4665,367.1,1.5,1.2,2014-12-04,0505,Aqua,MODIS,100,6.2,304.5,163.3,D,0
-14.6681,134.2632,335.6,1.6,1.3,2014-12-04,0506,Aqua,MODIS,79,6.2,304.1,36.4,D,0
-12.499,134.9815,323,2,1.4,2014-12-04,0506,Aqua,MODIS,50,6.2,292,22.8,D,0
-16.9346,125.8591,330.2,1.4,1.2,2014-12-04,0506,Aqua,MODIS,39,6.2,289.4,28.6,D,0
-16.5372,124.7987,339.1,1.7,1.3,2014-12-04,0506,Aqua,MODIS,84,6.2,303.1,56,D,0
-16.5525,124.7681,336.5,1.7,1.3,2014-12-04,0506,Aqua,MODIS,82,6.2,305.8,42.1,D,0
-17.1801,125.2342,332.5,1.6,1.2,2014-12-04,0506,Aqua,MODIS,44,6.2,307,16.3,D,0
-16.5486,124.8003,341.7,1.7,1.3,2014-12-04,0506,Aqua,MODIS,87,6.2,305.4,62.1,D,0
-16.9363,125.8455,344.1,1.4,1.2,2014-12-04,0506,Aqua,MODIS,88,6.2,288.7,65.8,D,0
-17.18,125.2408,335.1,1.6,1.2,2014-12-04,0506,Aqua,MODIS,42,6.2,307.6,22.9,D,0
-16.5506,124.7843,334.8,1.7,1.3,2014-12-04,0506,Aqua,MODIS,68,6.2,305.9,36.3,D,0
-16.3161,124.9281,346.6,1.6,1.3,2014-12-04,0506,Aqua,MODIS,91,6.2,303.8,76,D,0
-16.3171,124.9213,343.9,1.6,1.3,2014-12-04,0506,Aqua,MODIS,90,6.2,304.9,65.8,D,0
-16.3152,124.9364,328.6,1.6,1.3,2014-12-04,0506,Aqua,MODIS,43,6.2,303,20,D,0
-16.3293,124.9144,336.2,1.6,1.3,2014-12-04,0506,Aqua,MODIS,71,6.2,306.4,36,D,0
-16.3179,124.913,339.8,1.6,1.3,2014-12-04,0506,Aqua,MODIS,86,6.2,305.4,48.6,D,0
-31.6218,115.8164,335.7,2,1.4,2014-12-04,0640,Aqua,MODIS,82,6.2,304,77.3,D,0
-35.7588,145.0534,300.4,1.8,1.3,2014-12-04,1247,Terra,MODIS,26,6.2,289.6,11.5,N,0
-35.7664,145.0487,303,1.8,1.3,2014-12-04,1247,Terra,MODIS,53,6.2,290.2,15,N,0
-35.7606,145.0329,300.6,1.8,1.3,2014-12-04,1247,Terra,MODIS,31,6.2,290.2,11.5,N,0
-31.3662,147.7019,328.8,1.2,1.1,2014-12-04,1248,Terra,MODIS,100,6.2,292.3,33.7,N,0
-26.7435,152.4814,308.9,1.2,1.1,2014-12-04,1249,Terra,MODIS,60,6.2,288.9,11,N,0
-26.7454,152.4697,307.1,1.2,1.1,2014-12-04,1249,Terra,MODIS,47,6.2,288.4,9.2,N,0
-25.4882,152.6873,313.8,1.3,1.1,2014-12-04,1249,Terra,MODIS,88,6.2,290.9,18.8,N,0
-22.8817,146.5315,310.4,1.1,1,2014-12-04,1250,Terra,MODIS,79,6.2,295.7,7,N,0
-22.891,146.533,311.3,1.1,1,2014-12-04,1250,Terra,MODIS,81,6.2,295.8,7.9,N,0
-22.4364,147.6539,306.9,1,1,2014-12-04,1250,Terra,MODIS,55,6.2,294.1,4.9,N,0
-22.4609,147.0767,307.8,1,1,2014-12-04,1250,Terra,MODIS,58,6.2,295.2,5,N,0
-22.8382,148.6432,305.7,1,1,2014-12-04,1250,Terra,MODIS,65,6.2,292.6,5.5,N,0
-22.5029,147.1001,305.5,1,1,2014-12-04,1250,Terra,MODIS,38,6.2,295.3,3.7,N,0
-22.4947,147.1025,318.3,1,1,2014-12-04,1250,Terra,MODIS,96,6.2,295.7,13.8,N,0
-22.4855,147.1011,315.6,1,1,2014-12-04,1250,Terra,MODIS,90,6.2,295.6,11.3,N,0
-22.8396,148.6335,325.3,1,1,2014-12-04,1250,Terra,MODIS,100,6.2,293,22.2,N,0
-21.8551,146.5262,308.2,1.1,1,2014-12-04,1251,Terra,MODIS,36,6.2,295.4,5.4,N,0
-21.8133,146.5757,323.1,1.1,1,2014-12-04,1251,Terra,MODIS,100,6.2,297.2,18.7,N,0
-21.8445,146.535,308.7,1.1,1,2014-12-04,1251,Terra,MODIS,29,6.2,295.5,5.4,N,0
-21.7793,146.4768,308,1.1,1,2014-12-04,1251,Terra,MODIS,67,6.2,295.3,5.8,N,0
-22.4448,146.8481,314.6,1,1,2014-12-04,1251,Terra,MODIS,88,6.2,295.7,9.9,N,0
-22.4435,146.8582,307.9,1,1,2014-12-04,1251,Terra,MODIS,33,6.2,295.6,4.5,N,0
-22.4372,146.8515,311.1,1,1,2014-12-04,1251,Terra,MODIS,78,6.2,295.6,7.7,N,0
-22.4386,146.8414,306.1,1,1,2014-12-04,1251,Terra,MODIS,58,6.2,295.3,4,N,0
-21.778,146.487,306.1,1.1,1,2014-12-04,1251,Terra,MODIS,50,6.2,295.5,4.4,N,0
-21.8147,146.5656,329.8,1.1,1,2014-12-04,1251,Terra,MODIS,100,6.2,297.6,26.9,N,0
-21.8524,146.5466,312.1,1.1,1,2014-12-04,1251,Terra,MODIS,50,6.2,295.9,7.8,N,0
-21.8537,146.5364,314.5,1.1,1,2014-12-04,1251,Terra,MODIS,87,6.2,295.8,9.9,N,0
-21.79,146.468,310.1,1.1,1,2014-12-04,1251,Terra,MODIS,56,6.2,296,6.9,N,0
-21.7886,146.4783,326.1,1.1,1,2014-12-04,1251,Terra,MODIS,100,6.2,296.5,22.7,N,0
-21.7872,146.4885,311.3,1.1,1,2014-12-04,1251,Terra,MODIS,72,6.2,295.8,7.9,N,0
-16.2304,142.68,360.7,1.4,1.2,2014-12-04,1252,Terra,MODIS,100,6.2,296.2,142.8,N,0
-16.1967,142.6892,316.6,1.4,1.2,2014-12-04,1252,Terra,MODIS,88,6.2,295.4,14.3,N,0
-15.8109,142.0899,328,1.6,1.2,2014-12-04,1252,Terra,MODIS,100,6.2,293.4,45.7,N,0
-15.7426,145.2503,303.7,1.1,1,2014-12-04,1252,Terra,MODIS,52,6.2,293.1,4.8,N,0
-16.1084,142.1828,325.2,1.6,1.2,2014-12-04,1252,Terra,MODIS,100,6.2,293.8,37,N,0
-17.0083,141.0488,308.3,1.9,1.4,2014-12-04,1252,Terra,MODIS,74,6.2,288.3,16.6,N,0
-17.0104,141.0306,312.4,1.9,1.4,2014-12-04,1252,Terra,MODIS,85,6.2,289,24.4,N,0
-16.1892,142.6275,321.9,1.5,1.2,2014-12-04,1252,Terra,MODIS,100,6.2,294.7,26.5,N,0
-16.1934,142.716,318.6,1.4,1.2,2014-12-04,1252,Terra,MODIS,97,6.2,295.8,19.2,N,0
-15.7998,142.0884,315.9,1.6,1.2,2014-12-04,1252,Terra,MODIS,88,6.2,289.2,23.8,N,0
-16.2123,142.6501,361.1,1.5,1.2,2014-12-04,1252,Terra,MODIS,100,6.2,297.7,143.2,N,0
-16.2057,142.7041,348.2,1.4,1.2,2014-12-04,1252,Terra,MODIS,100,6.2,296.7,91.2,N,0
-16.2107,142.6637,352.5,1.4,1.2,2014-12-04,1252,Terra,MODIS,100,6.2,296.6,106.1,N,0
-15.8127,142.0753,312.4,1.6,1.2,2014-12-04,1252,Terra,MODIS,81,6.2,293.4,17.3,N,0
-16.1951,142.7026,331.3,1.4,1.2,2014-12-04,1252,Terra,MODIS,100,6.2,296.3,42.7,N,0
-16.2106,142.6304,324.5,1.5,1.2,2014-12-04,1252,Terra,MODIS,100,6.2,295,29.3,N,0
-16.2089,142.6439,350.5,1.5,1.2,2014-12-04,1252,Terra,MODIS,100,6.2,297.2,99.7,N,0
-16.2032,142.6351,314.6,1.5,1.2,2014-12-04,1252,Terra,MODIS,68,6.2,294.7,12.6,N,0
-16.2288,142.6935,373,1.4,1.2,2014-12-04,1252,Terra,MODIS,100,6.2,296.8,207.7,N,0
-15.8332,145.1907,307.1,1.1,1,2014-12-04,1252,Terra,MODIS,26,6.2,292.2,6.3,N,0
-16.2139,142.6366,350.2,1.5,1.2,2014-12-04,1252,Terra,MODIS,100,6.2,295.9,98.5,N,0
-16.2016,142.6487,314.1,1.5,1.2,2014-12-04,1252,Terra,MODIS,81,6.2,295.1,11.4,N,0
-15.8424,145.1921,308.6,1.1,1,2014-12-04,1252,Terra,MODIS,55,6.2,292,7.6,N,0
-15.8649,145.1655,316.6,1.1,1,2014-12-04,1252,Terra,MODIS,93,6.2,291.7,14.7,N,0
-15.8557,145.1639,307.1,1.1,1,2014-12-04,1252,Terra,MODIS,61,6.2,292,6.8,N,0
-15.7439,145.2407,310.7,1.1,1,2014-12-04,1252,Terra,MODIS,79,6.2,293.1,9.4,N,0
-15.719,145.2168,309,1.1,1,2014-12-04,1252,Terra,MODIS,74,6.2,292.8,7.4,N,0
-15.7098,145.2154,304.8,1.1,1,2014-12-04,1252,Terra,MODIS,13,6.2,292.8,4.5,N,0
-16.223,142.6516,378.9,1.5,1.2,2014-12-04,1252,Terra,MODIS,100,6.2,299.5,245.8,N,0
-16.2181,142.6921,391.1,1.4,1.2,2014-12-04,1252,Terra,MODIS,100,6.2,299.2,339.6,N,0
-15.8016,142.0739,313.7,1.6,1.2,2014-12-04,1252,Terra,MODIS,79,6.2,292.1,20.9,N,0
-16.2337,142.653,393.2,1.5,1.2,2014-12-04,1252,Terra,MODIS,100,6.2,298.9,362.1,N,0
-16.2164,142.7055,317.4,1.4,1.2,2014-12-04,1252,Terra,MODIS,94,6.2,294.4,17.5,N,0
-15.7072,145.1649,309.8,1.1,1,2014-12-04,1252,Terra,MODIS,51,6.2,293,7.6,N,0
-16.1213,142.1698,309.2,1.6,1.2,2014-12-04,1252,Terra,MODIS,69,6.2,293.8,11.3,N,0
-16.2037,142.6843,334,1.4,1.2,2014-12-04,1252,Terra,MODIS,100,6.2,296.4,48.3,N,0
-16.1683,142.7069,309.7,1.4,1.2,2014-12-04,1252,Terra,MODIS,51,6.2,295.3,7.7,N,0
-16.202,142.6978,340.9,1.4,1.2,2014-12-04,1252,Terra,MODIS,100,6.2,297.1,67.2,N,0
-16.156,142.7188,314.9,1.4,1.2,2014-12-04,1252,Terra,MODIS,88,6.2,295.3,15.2,N,0
-16.2003,142.7112,333,1.4,1.2,2014-12-04,1252,Terra,MODIS,100,6.2,296.5,47.2,N,0
-16.2055,142.6709,336.7,1.4,1.2,2014-12-04,1252,Terra,MODIS,100,6.2,296.1,55.5,N,0
-16.1666,142.7202,329.3,1.4,1.2,2014-12-04,1252,Terra,MODIS,100,6.2,296.1,40.1,N,0
-16.2206,142.5821,314.2,1.5,1.2,2014-12-04,1252,Terra,MODIS,55,6.2,293.8,14.9,N,0
-16.2214,142.6651,360,1.4,1.2,2014-12-04,1252,Terra,MODIS,100,6.2,296.8,138.7,N,0
-16.2147,142.5394,322.8,1.5,1.2,2014-12-04,1252,Terra,MODIS,100,6.2,289.6,28.9,N,0
-16.2131,142.5532,322.4,1.5,1.2,2014-12-04,1252,Terra,MODIS,100,6.2,290.4,27.5,N,0
-16.2103,142.547,332,1.5,1.2,2014-12-04,1252,Terra,MODIS,100,6.2,291,47.9,N,0
-16.212,142.5333,311.3,1.5,1.2,2014-12-04,1252,Terra,MODIS,18,6.2,289.1,10.6,N,0
-16.2197,142.6786,387.4,1.4,1.2,2014-12-04,1252,Terra,MODIS,100,6.2,299.4,308.4,N,0
-17.4199,143.4937,313.1,1.3,1.1,2014-12-04,1252,Terra,MODIS,84,6.2,297.1,11.4,N,0
-16.0766,142.1581,317.1,1.6,1.2,2014-12-04,1252,Terra,MODIS,93,6.2,292.7,23.7,N,0
-16.1102,142.1683,330.4,1.6,1.2,2014-12-04,1252,Terra,MODIS,100,6.2,294,49.1,N,0
-18.0252,145.8097,329.5,1,1,2014-12-04,1252,Terra,MODIS,100,6.2,292.2,30,N,0
-16.2074,142.6906,363.2,1.4,1.2,2014-12-04,1252,Terra,MODIS,100,6.2,297.5,151.8,N,0
-16.179,142.7083,326.2,1.4,1.2,2014-12-04,1252,Terra,MODIS,100,6.2,296,32.6,N,0
-16.1773,142.7217,314.5,1.4,1.2,2014-12-04,1252,Terra,MODIS,87,6.2,295.4,13.8,N,0
-16.0876,142.1596,322.4,1.6,1.2,2014-12-04,1252,Terra,MODIS,100,6.2,293.1,32.3,N,0
-16.0769,142.1639,314.6,1.6,1.2,2014-12-04,1252,Terra,MODIS,84,6.2,292.8,18.6,N,0
-16.2263,142.6245,311,1.5,1.2,2014-12-04,1252,Terra,MODIS,20,6.2,294.5,8.4,N,0
-16.0991,142.1668,323.2,1.6,1.2,2014-12-04,1252,Terra,MODIS,100,6.2,293.2,33,N,0
-16.0898,142.1508,310,1.6,1.2,2014-12-04,1252,Terra,MODIS,36,6.2,293.2,11.7,N,0
-15.8091,142.1044,349.7,1.6,1.2,2014-12-04,1252,Terra,MODIS,100,6.2,293.3,113.1,N,0
-16.1009,142.1523,315.7,1.6,1.2,2014-12-04,1252,Terra,MODIS,34,6.2,293.5,18.9,N,0
-16.088,142.1654,316.9,1.6,1.2,2014-12-04,1252,Terra,MODIS,93,6.2,293,22,N,0
-16.1913,142.6963,315.7,1.4,1.2,2014-12-04,1252,Terra,MODIS,74,6.2,295.6,14.1,N,0
-16.2072,142.6574,338.1,1.4,1.2,2014-12-04,1252,Terra,MODIS,100,6.2,296.1,59.2,N,0
-15.9162,142.2621,313.7,1.5,1.2,2014-12-04,1252,Terra,MODIS,85,6.2,293.9,17.4,N,0
-18.016,145.8083,303.5,1,1,2014-12-04,1252,Terra,MODIS,10,6.2,291.1,5,N,0
-18.0265,145.7998,309.5,1,1,2014-12-04,1252,Terra,MODIS,78,6.2,291.6,9.1,N,0
-16.209,142.6772,371.7,1.4,1.2,2014-12-04,1252,Terra,MODIS,100,6.2,297.8,199.4,N,0
-15.8994,142.2163,308.7,1.5,1.2,2014-12-04,1252,Terra,MODIS,52,6.2,293.6,12.4,N,0
-15.8764,142.2075,306.1,1.5,1.2,2014-12-04,1252,Terra,MODIS,55,6.2,293.6,8.1,N,0
-16.2247,142.638,364.8,1.5,1.2,2014-12-04,1252,Terra,MODIS,100,6.2,296.4,162.8,N,0
-18.0238,145.8195,307.9,1,1,2014-12-04,1252,Terra,MODIS,55,6.2,292.2,7.8,N,0
-16.1896,142.7097,325.9,1.4,1.2,2014-12-04,1252,Terra,MODIS,100,6.2,296.2,31.7,N,0
-15.8073,142.1189,333,1.6,1.2,2014-12-04,1252,Terra,MODIS,100,6.2,293.5,57.2,N,0
-16.2354,142.6395,387.3,1.5,1.2,2014-12-04,1252,Terra,MODIS,100,6.2,298.7,312.1,N,0
-15.8131,142.0816,314.2,1.6,1.2,2014-12-04,1252,Terra,MODIS,86,6.2,293.8,19.6,N,0
-15.8113,142.0962,329.4,1.6,1.2,2014-12-04,1252,Terra,MODIS,100,6.2,292.6,48,N,0
-15.8096,142.1107,357.6,1.6,1.2,2014-12-04,1252,Terra,MODIS,100,6.2,294,147.7,N,0
-14.8967,144.6506,306.9,1.1,1,2014-12-04,1253,Terra,MODIS,65,6.2,294.2,6.2,N,0
-15.1969,145.2122,306.4,1,1,2014-12-04,1253,Terra,MODIS,63,6.2,294.7,5.9,N,0
-14.6142,144.7035,304.5,1.1,1,2014-12-04,1253,Terra,MODIS,50,6.2,294.2,3.9,N,0
-14.8739,144.6781,310.7,1.1,1,2014-12-04,1253,Terra,MODIS,72,6.2,294.2,8.2,N,0
-14.8646,144.6768,307.5,1.1,1,2014-12-04,1253,Terra,MODIS,67,6.2,294.3,6.4,N,0
-28.6198,129.3894,317,1.4,1.2,2014-12-04,1427,Terra,MODIS,94,6.2,296.6,20.8,N,0
-28.6223,129.3752,310,1.4,1.2,2014-12-04,1427,Terra,MODIS,79,6.2,296.4,11.4,N,0
-28.559,125.773,327.6,1,1,2014-12-04,1428,Terra,MODIS,100,6.2,301.3,21.5,N,0
-28.7278,127.1386,307.9,1.1,1,2014-12-04,1428,Terra,MODIS,64,6.2,297,6,N,0
-28.6904,127.1307,309.8,1.1,1,2014-12-04,1428,Terra,MODIS,72,6.2,297.4,6.9,N,0
-28.6686,127.2068,309.8,1.1,1,2014-12-04,1428,Terra,MODIS,72,6.2,297.4,7,N,0
-28.6793,127.1399,310.2,1.1,1,2014-12-04,1428,Terra,MODIS,27,6.2,297.7,6.5,N,0
-28.6811,127.1288,315.4,1.1,1,2014-12-04,1428,Terra,MODIS,76,6.2,298.1,11,N,0
-28.661,127.1937,311.8,1.1,1,2014-12-04,1428,Terra,MODIS,33,6.2,298.2,7.5,N,0
-28.6628,127.1825,319,1.1,1,2014-12-04,1428,Terra,MODIS,98,6.2,299.1,14.2,N,0
-28.6646,127.1714,346.7,1.1,1,2014-12-04,1428,Terra,MODIS,100,6.2,301.2,58.3,N,0
-28.6664,127.1602,351.8,1.1,1,2014-12-04,1428,Terra,MODIS,100,6.2,300.8,70.4,N,0
-28.6682,127.1491,315.8,1.1,1,2014-12-04,1428,Terra,MODIS,31,6.2,298.2,10.1,N,0
-28.6699,127.138,312.2,1.1,1,2014-12-04,1428,Terra,MODIS,30,6.2,297.7,7.2,N,0
-28.6717,127.1268,335.7,1.1,1,2014-12-04,1428,Terra,MODIS,100,6.2,298.4,37,N,0
-28.6534,127.1806,319.4,1.1,1,2014-12-04,1428,Terra,MODIS,91,6.2,298.6,14.4,N,0
-28.6552,127.1694,315,1.1,1,2014-12-04,1428,Terra,MODIS,60,6.2,298.8,9.5,N,0
-28.657,127.1583,343.6,1.1,1,2014-12-04,1428,Terra,MODIS,100,6.2,300.7,50.9,N,0
-28.6588,127.1471,372,1.1,1,2014-12-04,1428,Terra,MODIS,100,6.2,304.9,134.8,N,0
-28.6606,127.136,366.9,1.1,1,2014-12-04,1428,Terra,MODIS,100,6.2,303.5,115.9,N,0
-28.6529,127.151,347.1,1.1,1,2014-12-04,1428,Terra,MODIS,100,6.2,300.9,60.4,N,0
-28.6547,127.1398,378.9,1.1,1,2014-12-04,1428,Terra,MODIS,100,6.2,306.4,165.6,N,0
-28.6564,127.1286,337.1,1.1,1,2014-12-04,1428,Terra,MODIS,100,6.2,300,40.5,N,0
-28.2678,125.5606,332.5,1,1,2014-12-04,1428,Terra,MODIS,100,6.2,302.2,28.5,N,0
-28.2663,125.5708,315.7,1,1,2014-12-04,1428,Terra,MODIS,89,6.2,301.2,9.9,N,0
-28.5605,125.7627,320.4,1,1,2014-12-04,1428,Terra,MODIS,100,6.2,300.8,13.9,N,0
-28.574,125.7972,327.8,1,1,2014-12-04,1428,Terra,MODIS,100,6.2,301.2,21.2,N,0
-28.5162,125.9349,310.2,1,1,2014-12-04,1428,Terra,MODIS,71,6.2,300.1,5.7,N,0
-28.5252,125.9367,311.8,1,1,2014-12-04,1428,Terra,MODIS,77,6.2,300,6.7,N,0
-28.5574,125.7833,318.7,1,1,2014-12-04,1428,Terra,MODIS,97,6.2,301.3,11.6,N,0
-28.5559,125.7936,318,1,1,2014-12-04,1428,Terra,MODIS,74,6.2,301.4,10.7,N,0
-28.5544,125.8039,316.8,1,1,2014-12-04,1428,Terra,MODIS,54,6.2,301.1,9.7,N,0
-28.5328,125.9489,310.2,1,1,2014-12-04,1428,Terra,MODIS,9,6.2,299.9,5,N,0
-28.5665,125.7851,314,1,1,2014-12-04,1428,Terra,MODIS,54,6.2,300.7,7.4,N,0
-28.5557,125.8574,309.9,1,1,2014-12-04,1428,Terra,MODIS,70,6.2,299.5,5.6,N,0
-28.5418,125.9507,313,1,1,2014-12-04,1428,Terra,MODIS,81,6.2,299.7,7.2,N,0
-28.5403,125.961,317.4,1,1,2014-12-04,1428,Terra,MODIS,94,6.2,300.3,11.1,N,0
-28.5725,125.8075,315.2,1,1,2014-12-04,1428,Terra,MODIS,31,6.2,300.6,8.1,N,0
-28.5509,125.9525,319.2,1,1,2014-12-04,1428,Terra,MODIS,98,6.2,300.4,13.5,N,0
-28.5831,125.7989,320.5,1,1,2014-12-04,1428,Terra,MODIS,76,6.2,300.8,12.9,N,0
-28.5815,125.8092,316.3,1,1,2014-12-04,1428,Terra,MODIS,29,6.2,300.9,8.7,N,0
-28.58,125.8196,335.3,1,1,2014-12-04,1428,Terra,MODIS,100,6.2,301.5,31.3,N,0
-28.5615,125.9439,313.3,1,1,2014-12-04,1428,Terra,MODIS,82,6.2,300.2,8.2,N,0
-28.5428,126.0687,310.6,1,1,2014-12-04,1428,Terra,MODIS,73,6.2,299.6,6.7,N,0
-28.5917,125.7959,314,1,1,2014-12-04,1428,Terra,MODIS,63,6.2,300.1,7.8,N,0
-28.5886,125.8165,320.7,1,1,2014-12-04,1428,Terra,MODIS,100,6.2,300.8,12.6,N,0
-28.5495,126.0759,312.6,1,1,2014-12-04,1428,Terra,MODIS,80,6.2,299.4,7.5,N,0
-28.5821,125.9218,309.5,1,1,2014-12-04,1428,Terra,MODIS,68,6.2,299.4,5.1,N,0
-28.5806,125.9321,311,1,1,2014-12-04,1428,Terra,MODIS,74,6.2,299.7,6.3,N,0
-28.6067,125.82,315.7,1,1,2014-12-04,1428,Terra,MODIS,89,6.2,300.3,9.5,N,0
-28.5969,126.0101,309.5,1,1,2014-12-04,1428,Terra,MODIS,25,6.2,298.9,5,N,0
-28.6091,125.9911,314.6,1,1,2014-12-04,1428,Terra,MODIS,84,6.2,299.2,9.1,N,0
-28.6181,125.9929,329.9,1,1,2014-12-04,1428,Terra,MODIS,100,6.2,300,25.5,N,0
-28.6166,126.0033,339.8,1,1,2014-12-04,1428,Terra,MODIS,100,6.2,301.2,40.3,N,0
-25.0075,126.2343,310.9,1.1,1,2014-12-04,1429,Terra,MODIS,77,6.2,298.6,8.1,N,0
-21.9574,130.4312,310.9,2.2,1.4,2014-12-04,1429,Terra,MODIS,31,6.2,287,24.5,N,0
-21.9761,127.8815,326.9,1.5,1.2,2014-12-04,1429,Terra,MODIS,100,6.2,296,39,N,0
-21.974,127.8754,324.1,1.5,1.2,2014-12-04,1429,Terra,MODIS,100,6.2,295.7,32.8,N,0
-21.9743,130.4127,366.7,2.2,1.4,2014-12-04,1429,Terra,MODIS,100,6.2,290.3,334.3,N,0
-21.9703,130.4341,335,2.2,1.4,2014-12-04,1429,Terra,MODIS,100,6.2,287,109.3,N,0
-21.9715,130.4186,375.2,2.2,1.4,2014-12-04,1429,Terra,MODIS,100,6.2,290.9,428.2,N,0
-21.9674,130.44,304,2.2,1.4,2014-12-04,1429,Terra,MODIS,40,6.2,285.4,12.9,N,0
-21.9757,130.3973,324,2.2,1.4,2014-12-04,1429,Terra,MODIS,100,6.2,287.5,63.1,N,0
-21.9716,127.8897,315.2,1.5,1.2,2014-12-04,1429,Terra,MODIS,90,6.2,294.8,17.9,N,0
-21.9315,130.4255,307.7,2.2,1.4,2014-12-04,1429,Terra,MODIS,36,6.2,286.3,20.1,N,0
-21.9614,130.4098,319.4,2.2,1.4,2014-12-04,1429,Terra,MODIS,98,6.2,287.4,47.1,N,0
-21.7581,128.331,360,1.6,1.2,2014-12-04,1429,Terra,MODIS,100,6.2,298.6,165.5,N,0
-21.7608,128.3156,369.1,1.6,1.2,2014-12-04,1429,Terra,MODIS,100,6.2,297.3,219,N,0
-21.747,128.3288,328.5,1.6,1.2,2014-12-04,1429,Terra,MODIS,100,6.2,295.2,46.8,N,0
-21.7497,128.3133,362,1.6,1.2,2014-12-04,1429,Terra,MODIS,100,6.2,295,176.2,N,0
-21.7524,128.2978,305.4,1.6,1.2,2014-12-04,1429,Terra,MODIS,18,6.2,287.8,6.6,N,0
-21.7386,128.311,320,1.6,1.2,2014-12-04,1429,Terra,MODIS,100,6.2,293.1,29.4,N,0
-20.3088,119.5466,310,1.3,1.1,2014-12-04,1430,Terra,MODIS,73,6.2,297,9.5,N,0
-20.4229,118.7902,330.8,1.4,1.2,2014-12-04,1430,Terra,MODIS,100,6.2,297.9,45.8,N,0
-20.4014,118.7872,309.3,1.4,1.2,2014-12-04,1430,Terra,MODIS,45,6.2,296.7,10.6,N,0
-20.3339,119.5121,305.9,1.3,1.1,2014-12-04,1430,Terra,MODIS,47,6.2,294.5,5.3,N,0
-16.7624,125.859,307.3,1.3,1.1,2014-12-04,1431,Terra,MODIS,65,6.2,295.1,6.3,N,0
-16.2376,142.6243,339.6,1,1,2014-12-04,1557,Aqua,MODIS,100,6.2,295.1,39.5,N,0
-16.2466,142.623,340.5,1,1,2014-12-04,1557,Aqua,MODIS,100,6.2,294.7,41.7,N,0
-16.2534,142.6699,319,1,1,2014-12-04,1557,Aqua,MODIS,48,6.2,294.3,12.5,N,0
-16.1925,142.6312,313.4,1,1,2014-12-04,1557,Aqua,MODIS,69,6.2,294.2,8.6,N,0
-16.2209,142.6365,333.9,1,1,2014-12-04,1557,Aqua,MODIS,100,6.2,295.1,29.5,N,0
-16.2159,142.666,323.3,1,1,2014-12-04,1557,Aqua,MODIS,97,6.2,294.1,16,N,0
-15.8197,142.0947,325.3,1,1,2014-12-04,1557,Aqua,MODIS,100,6.2,289.8,20.7,N,0
-16.2119,142.6378,313.7,1,1,2014-12-04,1557,Aqua,MODIS,9,6.2,294,7.5,N,0
-16.2299,142.6351,319.5,1,1,2014-12-04,1557,Aqua,MODIS,64,6.2,294.6,12.2,N,0
-16.1911,142.6218,328.7,1,1,2014-12-04,1557,Aqua,MODIS,100,6.2,294.6,24.6,N,0
-16.1826,142.6289,308.1,1,1,2014-12-04,1557,Aqua,MODIS,45,6.2,292.9,5.9,N,0
-16.252,142.6605,330.9,1,1,2014-12-04,1557,Aqua,MODIS,100,6.2,295.1,26.1,N,0
-16.239,142.6337,331.5,1,1,2014-12-04,1557,Aqua,MODIS,100,6.2,295.2,26.3,N,0
-15.8107,142.0961,319.3,1,1,2014-12-04,1557,Aqua,MODIS,92,6.2,289.1,14.4,N,0
-15.7038,145.1722,303.3,1.2,1.1,2014-12-04,1557,Aqua,MODIS,54,6.2,291.3,6.3,N,0
-16.234,142.6632,356.8,1,1,2014-12-04,1557,Aqua,MODIS,100,6.2,296.8,72.3,N,0
-16.2083,142.6767,339.6,1,1,2014-12-04,1557,Aqua,MODIS,100,6.2,293.1,40,N,0
-16.2069,142.6673,320.2,1,1,2014-12-04,1557,Aqua,MODIS,55,6.2,292.8,14.2,N,0
-15.8121,142.1053,326.9,1,1,2014-12-04,1557,Aqua,MODIS,100,6.2,290.6,21.5,N,0
-16.243,142.6618,321.3,1,1,2014-12-04,1557,Aqua,MODIS,100,6.2,294.8,13.6,N,0
-16.2186,142.6847,323.5,1,1,2014-12-04,1557,Aqua,MODIS,97,6.2,292.6,16.4,N,0
-15.8301,142.1026,308.3,1,1,2014-12-04,1557,Aqua,MODIS,31,6.2,289.1,6.5,N,0
-16.257,142.631,311.9,1,1,2014-12-04,1557,Aqua,MODIS,50,6.2,293.4,7.8,N,0
-15.8225,142.1132,337.7,1,1,2014-12-04,1557,Aqua,MODIS,100,6.2,292.4,37,N,0
-15.8211,142.1039,351.9,1,1,2014-12-04,1557,Aqua,MODIS,100,6.2,292.1,63.2,N,0
-16.225,142.6646,323.5,1,1,2014-12-04,1557,Aqua,MODIS,100,6.2,294.8,14.9,N,0
-16.2326,142.6538,323.1,1,1,2014-12-04,1557,Aqua,MODIS,100,6.2,294.3,14,N,0
-16.2556,142.6216,320.3,1,1,2014-12-04,1557,Aqua,MODIS,100,6.2,292.9,15.6,N,0
-16.248,142.6323,326.3,1,1,2014-12-04,1557,Aqua,MODIS,100,6.2,294.6,20.8,N,0
-14.8634,144.6808,303.3,1.1,1.1,2014-12-04,1557,Aqua,MODIS,54,6.2,292.8,4.9,N,0
-16.9976,141.0478,310.8,1,1,2014-12-04,1558,Aqua,MODIS,81,6.2,288.1,8.3,N,0
-17.0038,141.0273,325,1,1,2014-12-04,1558,Aqua,MODIS,100,6.2,290.5,21,N,0
-17.0052,141.0368,335.2,1,1,2014-12-04,1558,Aqua,MODIS,100,6.2,290.1,34.5,N,0
-17.0066,141.0463,326.8,1,1,2014-12-04,1558,Aqua,MODIS,100,6.2,287.8,24,N,0
-17.0081,141.0558,306.2,1,1,2014-12-04,1558,Aqua,MODIS,67,6.2,287.8,5.8,N,0
-17.0204,141.0149,306.9,1,1,2014-12-04,1558,Aqua,MODIS,58,6.2,288.1,5.8,N,0
-17.4107,143.504,303.5,1.1,1,2014-12-04,1558,Aqua,MODIS,55,6.2,285.3,4.3,N,0
-17.4121,143.5141,317.4,1.1,1,2014-12-04,1558,Aqua,MODIS,95,6.2,286.9,15.8,N,0
-17.4233,143.4759,302.4,1.1,1,2014-12-04,1558,Aqua,MODIS,47,6.2,287.2,3.7,N,0
-18.0227,145.8146,310.2,1.4,1.2,2014-12-04,1558,Aqua,MODIS,79,6.2,290,17.8,N,0
-20.7285,139.4834,307.3,1.1,1,2014-12-04,1559,Aqua,MODIS,71,6.2,288.2,6.2,N,2
-22.0138,130.4485,317.8,3.8,1.8,2014-12-04,1559,Aqua,MODIS,96,6.2,290.8,97.7,N,0
-22.0131,130.405,319,3.8,1.8,2014-12-04,1559,Aqua,MODIS,66,6.2,288.8,116.1,N,0
-22.0209,130.4418,330,3.8,1.8,2014-12-04,1559,Aqua,MODIS,100,6.2,290.7,191.4,N,0
-21.9575,130.4236,312.3,3.8,1.8,2014-12-04,1559,Aqua,MODIS,26,6.2,287,72.3,N,0
-21.9814,130.4564,311.8,3.8,1.8,2014-12-04,1559,Aqua,MODIS,80,6.2,288.8,66.2,N,0
-21.9652,130.4603,317.6,3.8,1.8,2014-12-04,1559,Aqua,MODIS,95,6.2,289.4,96.3,N,0
-21.9723,130.4534,328.5,3.8,1.8,2014-12-04,1559,Aqua,MODIS,100,6.2,289.4,178.1,N,0
-21.99,130.4157,311.7,3.8,1.8,2014-12-04,1559,Aqua,MODIS,25,6.2,289.6,76.8,N,0
-22.0062,130.4118,324,3.8,1.8,2014-12-04,1559,Aqua,MODIS,84,6.2,289.8,150.5,N,0
-26.1691,135.959,315.6,1.3,1.1,2014-12-04,1600,Aqua,MODIS,91,6.2,298.1,17.2,N,0
-26.1792,135.9568,324.6,1.3,1.1,2014-12-04,1600,Aqua,MODIS,100,6.2,298.5,30.3,N,0
-20.404,118.7878,311.5,1.1,1.1,2014-12-04,1737,Aqua,MODIS,82,6.2,293.8,11.1,N,0
-20.4136,118.7863,314.9,1.1,1.1,2014-12-04,1737,Aqua,MODIS,90,6.2,294.2,14.5,N,0
-20.4232,118.7849,317.6,1.1,1.1,2014-12-04,1737,Aqua,MODIS,95,6.2,294.2,16.5,N,0
-20.4246,118.7958,324.8,1.1,1.1,2014-12-04,1737,Aqua,MODIS,100,6.2,294.8,25.1,N,0
-20.4453,118.8039,307.2,1.1,1.1,2014-12-04,1737,Aqua,MODIS,70,6.2,294.4,7.5,N,0
-34.3585,116.5402,305.9,1.3,1.1,2014-12-04,1741,Aqua,MODIS,13,6.2,281.7,12.3,N,0
-25.6758,148.9393,318.5,2.5,1.5,2014-12-04,2347,Terra,MODIS,43,6.2,296.6,25.1,D,0
-25.6624,148.9433,318.7,2.5,1.5,2014-12-04,2347,Terra,MODIS,40,6.2,297,26.3,D,0
-34.4572,150.8806,312.2,1.3,1.1,2014-12-04,2349,Terra,MODIS,37,6.2,284.5,10.5,D,2
-12.8903,143.4677,312.6,3.1,1.7,2014-12-05,0121,Terra,MODIS,26,6.2,292.8,35.6,D,0
-12.5519,143.042,313.2,2.8,1.6,2014-12-05,0121,Terra,MODIS,36,6.2,292.3,30.6,D,0
-11.9881,141.8654,316.4,2.2,1.4,2014-12-05,0121,Terra,MODIS,0,6.2,296.8,28.9,D,0
-12.554,143.0349,313.2,2.8,1.6,2014-12-05,0121,Terra,MODIS,38,6.2,291.8,32.4,D,0
-10.9568,142.4721,324.8,2.4,1.5,2014-12-05,0121,Terra,MODIS,0,6.2,289.9,60.7,D,0
-11.9347,135.8101,319.8,1,1,2014-12-05,0121,Terra,MODIS,0,6.2,298.7,5.6,D,0
-16.232,142.7202,342.9,3,1.6,2014-12-05,0122,Terra,MODIS,89,6.2,294.5,155.8,D,0
-14.9897,144.5656,320.6,4,1.9,2014-12-05,0122,Terra,MODIS,29,6.2,294.2,57.5,D,0
-14.9946,144.5593,319.2,4,1.9,2014-12-05,0122,Terra,MODIS,23,6.2,293.2,49.1,D,0
-16.0191,141.7726,321.7,2.5,1.5,2014-12-05,0122,Terra,MODIS,34,6.2,293,26.2,D,0
-15.6734,141.737,334.5,2.5,1.5,2014-12-05,0122,Terra,MODIS,76,6.2,295.8,71.3,D,0
-15.6664,141.7445,329.2,2.5,1.5,2014-12-05,0122,Terra,MODIS,57,6.2,297.1,38.5,D,0
-16.2469,142.7132,331.8,3,1.6,2014-12-05,0122,Terra,MODIS,76,6.2,292.3,74.2,D,0
-16.2469,142.7186,327.5,3,1.6,2014-12-05,0122,Terra,MODIS,41,6.2,292.3,45.6,D,0
-16.2289,142.6925,343.1,3,1.6,2014-12-05,0122,Terra,MODIS,89,6.2,295.9,152,D,0
-13.2447,135.5794,339.4,1,1,2014-12-05,0122,Terra,MODIS,87,6.2,299.1,25.9,D,0
-15.9576,141.7852,330.5,2.5,1.5,2014-12-05,0122,Terra,MODIS,51,6.2,292.3,60.6,D,0
-12.6005,134.9546,325,1,1,2014-12-05,0122,Terra,MODIS,60,6.2,292.8,10.8,D,0
-16.2437,142.6909,338.9,3,1.6,2014-12-05,0122,Terra,MODIS,86,6.2,293.1,120.2,D,0
-13.4947,141.6377,325.7,2.3,1.5,2014-12-05,0122,Terra,MODIS,41,6.2,299.6,36.1,D,0
-16.2699,142.2514,327,2.8,1.6,2014-12-05,0122,Terra,MODIS,68,6.2,291.8,53.7,D,0
-15.7065,141.6639,322.3,2.4,1.5,2014-12-05,0122,Terra,MODIS,52,6.2,296.9,25.3,D,0
-15.8491,142.1203,326.9,2.7,1.6,2014-12-05,0122,Terra,MODIS,71,6.2,296.8,40.3,D,0
-16.205,142.6118,328.6,2.9,1.6,2014-12-05,0122,Terra,MODIS,42,6.2,296.5,42.3,D,0
-15.8069,142.1252,328.5,2.7,1.6,2014-12-05,0122,Terra,MODIS,51,6.2,297.6,43.6,D,0
-16.208,142.6391,331.6,2.9,1.6,2014-12-05,0122,Terra,MODIS,69,6.2,297.4,57.6,D,0
-16.2556,142.253,322.9,2.8,1.6,2014-12-05,0122,Terra,MODIS,47,6.2,293.3,34.1,D,0
-15.8209,142.1236,324,2.7,1.6,2014-12-05,0122,Terra,MODIS,17,6.2,296.4,25.3,D,0
-15.835,142.1219,350.3,2.7,1.6,2014-12-05,0122,Terra,MODIS,94,6.2,296.1,196.6,D,0
-15.9487,142.3314,331.1,2.8,1.6,2014-12-05,0122,Terra,MODIS,63,6.2,300,54.1,D,0
-13.166,135.6069,325.6,1,1,2014-12-05,0122,Terra,MODIS,42,6.2,290.2,9.9,D,0
-15.8323,142.0973,333.6,2.6,1.6,2014-12-05,0122,Terra,MODIS,81,6.2,295.9,74.8,D,0
-15.8463,142.0957,327.9,2.6,1.6,2014-12-05,0122,Terra,MODIS,73,6.2,295.8,46.2,D,0
-16.2582,142.2458,321.9,2.8,1.6,2014-12-05,0122,Terra,MODIS,28,6.2,292.7,28.5,D,0
-16.2725,142.2442,328.5,2.8,1.6,2014-12-05,0122,Terra,MODIS,73,6.2,291.6,60.9,D,0
-15.9564,141.7094,326.5,2.5,1.5,2014-12-05,0122,Terra,MODIS,69,6.2,291.1,47.5,D,0
-15.6709,141.7141,325.4,2.5,1.5,2014-12-05,0122,Terra,MODIS,42,6.2,297.7,31.4,D,0
-16.2086,142.6337,333.1,2.9,1.6,2014-12-05,0122,Terra,MODIS,80,6.2,297,69.1,D,0
-16.244,142.6854,332.5,3,1.6,2014-12-05,0122,Terra,MODIS,74,6.2,293.2,77.2,D,0
-16.2321,142.7148,345.8,3,1.6,2014-12-05,0122,Terra,MODIS,91,6.2,294.7,182.7,D,0
-16.2292,142.6871,332.2,3,1.6,2014-12-05,0122,Terra,MODIS,70,6.2,295.6,70.2,D,0
-15.6637,141.7217,335.9,2.5,1.5,2014-12-05,0122,Terra,MODIS,83,6.2,299.4,78.3,D,0
-15.97,141.7078,324.6,2.5,1.5,2014-12-05,0122,Terra,MODIS,62,6.2,294.5,40.4,D,0
-13.2941,130.374,326.2,1.6,1.2,2014-12-05,0122,Terra,MODIS,59,6.2,294,22.8,D,0
-17.0111,141.0405,328.4,2.3,1.5,2014-12-05,0123,Terra,MODIS,29,6.2,299.6,32.8,D,0
-16.9712,141.2484,340.2,2.4,1.5,2014-12-05,0123,Terra,MODIS,86,6.2,298.5,98.9,D,0
-16.9846,141.2469,329.8,2.4,1.5,2014-12-05,0123,Terra,MODIS,64,6.2,296.6,44,D,0
-16.9799,141.2419,343.1,2.4,1.5,2014-12-05,0123,Terra,MODIS,89,6.2,297.9,118.1,D,0
-17.0317,141.1032,331.7,2.3,1.5,2014-12-05,0123,Terra,MODIS,77,6.2,298.7,46.8,D,0
-17.0279,141.097,328.9,2.3,1.5,2014-12-05,0123,Terra,MODIS,68,6.2,299.2,31.5,D,0
-17.0302,141.1186,327.4,2.3,1.5,2014-12-05,0123,Terra,MODIS,58,6.2,298.1,28.2,D,0
-17.4138,143.4695,331.8,3.5,1.8,2014-12-05,0123,Terra,MODIS,76,6.2,299.8,87.3,D,0
-18.3145,139.629,329.8,1.9,1.3,2014-12-05,0123,Terra,MODIS,61,6.2,305.4,26.9,D,0
-17.1979,143.4371,326.9,3.5,1.8,2014-12-05,0123,Terra,MODIS,53,6.2,301.3,50.9,D,0
-17.4229,143.4628,328.2,3.5,1.8,2014-12-05,0123,Terra,MODIS,63,6.2,300.5,59.1,D,0
-17.168,134.4649,323.8,1,1,2014-12-05,0123,Terra,MODIS,36,6.2,293.6,8.9,D,0
-17.1694,134.4742,328.5,1,1,2014-12-05,0123,Terra,MODIS,67,6.2,293.6,13.9,D,0
-21.7543,128.3069,354.2,1.6,1.2,2014-12-05,0124,Terra,MODIS,95,6.2,316.1,86.2,D,0
-21.757,128.3217,342.2,1.6,1.2,2014-12-05,0124,Terra,MODIS,83,6.2,316.1,39.5,D,0
-21.7679,128.3195,348.1,1.6,1.2,2014-12-05,0124,Terra,MODIS,90,6.2,314.5,61.9,D,0
-21.7706,128.3343,338.3,1.6,1.2,2014-12-05,0124,Terra,MODIS,71,6.2,313.6,27.3,D,0
-22.0237,130.4695,340.3,1.2,1.1,2014-12-05,0124,Terra,MODIS,80,6.2,311,22.2,D,0
-22.0102,130.467,336.2,1.2,1.1,2014-12-05,0124,Terra,MODIS,52,6.2,310.8,12.3,D,0
-22.0006,130.4687,380.4,1.2,1.1,2014-12-05,0124,Terra,MODIS,100,6.2,312,159.7,D,0
-21.9988,130.4576,337.6,1.2,1.1,2014-12-05,0124,Terra,MODIS,60,6.2,311,16.8,D,0
-22.0855,130.4235,339.1,1.2,1.1,2014-12-05,0124,Terra,MODIS,73,6.2,308.7,27,D,0
-22.0933,130.4105,356.9,1.2,1.1,2014-12-05,0124,Terra,MODIS,97,6.2,308.1,71.9,D,0
-21.991,130.4705,343,1.2,1.1,2014-12-05,0124,Terra,MODIS,84,6.2,310.1,29.1,D,0
-21.9796,130.4611,347.9,1.2,1.1,2014-12-05,0124,Terra,MODIS,90,6.2,310.8,40.4,D,0
-21.97,130.4629,339,1.2,1.1,2014-12-05,0124,Terra,MODIS,63,6.2,308.9,21.4,D,0
-22.074,130.4141,340.5,1.2,1.1,2014-12-05,0124,Terra,MODIS,81,6.2,310.3,26.8,D,0
-22.0759,130.4253,331.7,1.2,1.1,2014-12-05,0124,Terra,MODIS,31,6.2,309.6,12,D,0
-19.4383,130.598,387.8,1.2,1.1,2014-12-05,0124,Terra,MODIS,100,6.2,315,218.9,D,0
-19.4482,130.5962,336.2,1.2,1.1,2014-12-05,0124,Terra,MODIS,75,6.2,308.6,15.3,D,0
-19.4364,130.5864,337.9,1.2,1.1,2014-12-05,0124,Terra,MODIS,78,6.2,310.5,19.1,D,0
-22.0837,130.4123,344.4,1.2,1.1,2014-12-05,0124,Terra,MODIS,86,6.2,310.9,36.4,D,0
-22.0603,130.4512,335.2,1.2,1.1,2014-12-05,0124,Terra,MODIS,70,6.2,305.8,17,D,0
-22.0429,130.4659,334.5,1.2,1.1,2014-12-05,0124,Terra,MODIS,62,6.2,306.4,13.5,D,0
-22.0411,130.4548,337.2,1.2,1.1,2014-12-05,0124,Terra,MODIS,75,6.2,305.6,20,D,0
-22.0351,130.4788,334.9,1.2,1.1,2014-12-05,0124,Terra,MODIS,69,6.2,310.8,13.6,D,0
-22.0333,130.4677,355.7,1.2,1.1,2014-12-05,0124,Terra,MODIS,96,6.2,310.4,62.4,D,0
-22.0141,130.4712,335.7,1.2,1.1,2014-12-05,0124,Terra,MODIS,57,6.2,310.9,12.9,D,0
-20.6015,131.4679,338.2,1.1,1,2014-12-05,0124,Terra,MODIS,64,6.2,315,13.4,D,0
-21.2643,131.8822,338.2,1,1,2014-12-05,0124,Terra,MODIS,58,6.2,312.6,14.7,D,0
-20.0713,131.2144,340,1.1,1.1,2014-12-05,0124,Terra,MODIS,72,6.2,311,26.4,D,0
-20.4241,131.3556,348.6,1.1,1,2014-12-05,0124,Terra,MODIS,90,6.2,313.8,35.5,D,0
-21.9212,130.671,374.9,1.1,1.1,2014-12-05,0124,Terra,MODIS,100,6.2,302.7,137.2,D,0
-21.9195,130.66,362.4,1.1,1.1,2014-12-05,0124,Terra,MODIS,100,6.2,305.6,87.4,D,0
-21.9117,130.6727,334.1,1.1,1.1,2014-12-05,0124,Terra,MODIS,39,6.2,308.7,17.5,D,0
-21.9004,130.6635,335.3,1.1,1.1,2014-12-05,0124,Terra,MODIS,69,6.2,309.1,17.2,D,0
-21.9099,130.6618,340.4,1.1,1.1,2014-12-05,0124,Terra,MODIS,80,6.2,309.3,28.3,D,0
-25.0058,126.2348,343.3,1.9,1.3,2014-12-05,0125,Terra,MODIS,84,6.2,324.1,42.2,D,0
-24.0615,127.9645,344.5,1.5,1.2,2014-12-05,0125,Terra,MODIS,70,6.2,323.9,28.3,D,0
-24.061,128.0246,346.3,1.5,1.2,2014-12-05,0125,Terra,MODIS,88,6.2,323.1,31.7,D,0
-24.0975,128.1062,342.9,1.5,1.2,2014-12-05,0125,Terra,MODIS,75,6.2,322.7,22.9,D,0
-24.0999,128.1204,341.2,1.5,1.2,2014-12-05,0125,Terra,MODIS,77,6.2,321.9,19.2,D,0
-24.1029,128.1138,340.5,1.5,1.2,2014-12-05,0125,Terra,MODIS,40,6.2,322.3,15.4,D,0
-22.3071,127.7826,340.2,1.6,1.3,2014-12-05,0125,Terra,MODIS,60,6.2,320.1,25,D,0
-26.1736,135.9447,375,1.3,1.1,2014-12-05,0125,Terra,MODIS,100,6.2,310.5,181.9,D,0
-26.1752,135.9582,352.9,1.3,1.2,2014-12-05,0125,Terra,MODIS,86,6.2,310.6,82.5,D,0
-28.5423,125.8176,342.5,1.7,1.3,2014-12-05,0126,Terra,MODIS,84,6.2,319.8,48.2,D,0
-28.539,125.8007,360.3,1.7,1.3,2014-12-05,0126,Terra,MODIS,100,6.2,320.5,138.2,D,0
-28.5565,125.9548,340.1,1.6,1.3,2014-12-05,0126,Terra,MODIS,70,6.2,316.9,36.5,D,0
-28.5277,125.8035,376.3,1.7,1.3,2014-12-05,0126,Terra,MODIS,100,6.2,320.9,250.9,D,0
-28.5244,125.7864,362.7,1.7,1.3,2014-12-05,0126,Terra,MODIS,100,6.2,315.8,157.4,D,0
-28.5163,125.8063,348,1.7,1.3,2014-12-05,0126,Terra,MODIS,90,6.2,316.7,79.6,D,0
-28.513,125.7892,375.6,1.7,1.3,2014-12-05,0126,Terra,MODIS,100,6.2,317.1,250.2,D,0
-28.534,125.9603,378.7,1.6,1.3,2014-12-05,0126,Terra,MODIS,100,6.2,320.9,252.3,D,0
-28.5195,125.9463,362.1,1.6,1.3,2014-12-05,0126,Terra,MODIS,100,6.2,318.3,139.2,D,0
-28.5363,125.9656,374.6,1.6,1.3,2014-12-05,0126,Terra,MODIS,100,6.2,320.1,221.9,D,0
-28.5333,125.9489,350.7,1.6,1.3,2014-12-05,0126,Terra,MODIS,92,6.2,317.7,79.9,D,0
-28.5251,125.9683,335.1,1.6,1.3,2014-12-05,0126,Terra,MODIS,70,6.2,317.5,25.1,D,0
-28.522,125.9516,363.3,1.6,1.3,2014-12-05,0126,Terra,MODIS,100,6.2,317.6,150.4,D,0
-28.5189,125.9348,342,1.7,1.3,2014-12-05,0126,Terra,MODIS,83,6.2,315.9,48.3,D,0
-28.5076,125.9376,353.7,1.7,1.3,2014-12-05,0126,Terra,MODIS,95,6.2,315.4,98.8,D,0
-28.5107,125.9542,344.9,1.6,1.3,2014-12-05,0126,Terra,MODIS,86,6.2,318.7,61.3,D,0
-28.6117,125.8819,334.5,1.7,1.3,2014-12-05,0126,Terra,MODIS,56,6.2,321,19.9,D,0
-28.6148,125.8881,336.6,1.7,1.3,2014-12-05,0126,Terra,MODIS,64,6.2,320.4,23.7,D,0
-28.6109,125.994,335,1.6,1.3,2014-12-05,0126,Terra,MODIS,70,6.2,321.4,21,D,0
-28.5536,125.8148,335,1.7,1.3,2014-12-05,0126,Terra,MODIS,48,6.2,319.7,22.4,D,0
-28.5504,125.7979,342.6,1.7,1.3,2014-12-05,0126,Terra,MODIS,84,6.2,318.9,53,D,0
-28.5772,126.0018,338.3,1.6,1.3,2014-12-05,0126,Terra,MODIS,77,6.2,320.6,31,D,0
-28.574,125.9852,344.9,1.6,1.3,2014-12-05,0126,Terra,MODIS,87,6.2,319.3,53.9,D,0
-28.5465,126.084,333.6,1.6,1.3,2014-12-05,0126,Terra,MODIS,39,6.2,318.7,18,D,0
-28.622,129.3596,351.5,1.1,1,2014-12-05,0126,Terra,MODIS,93,6.2,316.8,46,D,0
-28.618,129.3947,338.6,1.1,1,2014-12-05,0126,Terra,MODIS,77,6.2,317.5,17.7,D,0
-28.6162,129.3837,334.5,1.1,1,2014-12-05,0126,Terra,MODIS,68,6.2,317.1,11,D,0
-28.66,127.1316,337.2,1.4,1.2,2014-12-05,0126,Terra,MODIS,42,6.2,319.3,18.9,D,0
-28.7222,127.1757,340,1.4,1.2,2014-12-05,0126,Terra,MODIS,80,6.2,318.5,27.6,D,0
-28.6238,129.3707,369.5,1.1,1,2014-12-05,0126,Terra,MODIS,100,6.2,319.5,101.1,D,0
-27.6159,129.6568,349.4,1.1,1,2014-12-05,0126,Terra,MODIS,91,6.2,318.8,34.9,D,0
-27.6177,129.6677,345.1,1.1,1,2014-12-05,0126,Terra,MODIS,87,6.2,318.9,24.5,D,0
-28.5846,126.1033,345.3,1.6,1.2,2014-12-05,0126,Terra,MODIS,87,6.2,320.3,53.1,D,0
-28.5815,126.087,354.6,1.6,1.2,2014-12-05,0126,Terra,MODIS,96,6.2,321.4,92.9,D,0
-28.5704,126.0895,336.4,1.6,1.2,2014-12-05,0126,Terra,MODIS,51,6.2,319.1,23.4,D,0
-28.6906,129.5097,340.6,1.1,1,2014-12-05,0126,Terra,MODIS,81,6.2,317.6,21.6,D,0
-28.6859,129.5172,337.6,1.1,1,2014-12-05,0126,Terra,MODIS,75,6.2,317.2,14.9,D,0
-28.6842,129.5062,338.6,1.1,1,2014-12-05,0126,Terra,MODIS,77,6.2,318,15.7,D,0
-28.6256,129.3817,342.1,1.1,1,2014-12-05,0126,Terra,MODIS,83,6.2,317.4,24.5,D,0
-20.4044,118.5632,335.4,3.7,1.8,2014-12-05,0302,Terra,MODIS,87,6.2,305.4,117.6,D,0
-20.4112,118.5573,331.3,3.7,1.8,2014-12-05,0302,Terra,MODIS,78,6.2,305.8,76.8,D,0
-20.4252,118.7815,330.1,3.9,1.8,2014-12-05,0302,Terra,MODIS,50,6.2,306.8,57.7,D,0
-29.4932,151.8816,323.4,1.5,1.2,2014-12-05,0406,Aqua,MODIS,60,6.2,299.4,24.3,D,0
-29.4973,151.8736,322.1,1.5,1.2,2014-12-05,0406,Aqua,MODIS,65,6.2,297.1,20.1,D,0
-22.1492,149.8951,335.6,1.6,1.2,2014-12-05,0408,Aqua,MODIS,82,6.2,303.8,46.9,D,0
-22.1603,149.8975,328.2,1.6,1.2,2014-12-05,0408,Aqua,MODIS,50,6.2,302.7,27.7,D,0
-21.8144,146.6808,356.5,1.1,1,2014-12-05,0408,Aqua,MODIS,97,6.2,316.4,50.7,D,0
-22.1466,149.9103,323.2,1.6,1.2,2014-12-05,0408,Aqua,MODIS,52,6.2,302,15.9,D,0
-22.5039,147.6997,366.8,1.2,1.1,2014-12-05,0408,Aqua,MODIS,75,6.2,304.7,107.8,D,0
-23.3055,146.6292,353.7,1,1,2014-12-05,0408,Aqua,MODIS,61,6.2,303.9,59.1,D,0
-22.1577,149.9126,327.4,1.6,1.2,2014-12-05,0408,Aqua,MODIS,44,6.2,300.2,26.1,D,0
-22.442,146.859,339.7,1.1,1,2014-12-05,0408,Aqua,MODIS,62,6.2,314,13.5,D,0
-24.505,151.1996,333.8,1.7,1.3,2014-12-05,0408,Aqua,MODIS,80,6.2,300.3,52.3,D,0
-24.2174,148.3891,317.7,1.2,1.1,2014-12-05,0408,Aqua,MODIS,24,6.2,280.4,8,D,0
-19.2871,146.716,338.3,1.1,1.1,2014-12-05,0409,Aqua,MODIS,80,6.2,306.8,25.7,D,0
-19.2923,146.7126,329.2,1.1,1.1,2014-12-05,0409,Aqua,MODIS,52,6.2,305.7,9,D,0
-19.2906,146.7233,330.7,1.1,1.1,2014-12-05,0409,Aqua,MODIS,61,6.2,306.4,11.5,D,0
-18.2082,145.8821,340.5,1.1,1,2014-12-05,0409,Aqua,MODIS,86,6.2,303.9,39,D,0
-18.5897,145.8575,326.9,1.1,1,2014-12-05,0409,Aqua,MODIS,42,6.2,305.4,15.8,D,0
-15.7026,141.652,336.2,1.1,1,2014-12-05,0410,Aqua,MODIS,81,6.2,305.9,20.1,D,0
-15.7013,141.6622,332.3,1.1,1,2014-12-05,0410,Aqua,MODIS,58,6.2,305,15.1,D,0
-15.6391,141.7301,334.8,1.1,1,2014-12-05,0410,Aqua,MODIS,78,6.2,302.8,20.3,D,0
-16.7864,143.1319,332,1,1,2014-12-05,0410,Aqua,MODIS,50,6.2,309,9.5,D,0
-15.6419,141.7099,354.4,1.1,1,2014-12-05,0410,Aqua,MODIS,96,6.2,305.3,63.2,D,0
-15.6405,141.72,356,1.1,1,2014-12-05,0410,Aqua,MODIS,97,6.2,305.1,66.6,D,0
-15.634,141.6261,340.2,1.1,1,2014-12-05,0410,Aqua,MODIS,85,6.2,299.4,30.6,D,0
-14.9021,144.6573,330.5,1,1,2014-12-05,0410,Aqua,MODIS,47,6.2,302.1,14.3,D,0
-16.7778,143.1344,344.7,1,1,2014-12-05,0410,Aqua,MODIS,82,6.2,309.7,30.6,D,0
-16.2206,142.3128,354.3,1,1,2014-12-05,0410,Aqua,MODIS,96,6.2,306.9,59.3,D,0
-14.8434,144.7366,330,1,1,2014-12-05,0410,Aqua,MODIS,49,6.2,307.9,9.7,D,0
-15.8418,142.1223,373.1,1.1,1,2014-12-05,0410,Aqua,MODIS,94,6.2,301.9,119,D,0
-15.8405,142.1322,372.4,1.1,1,2014-12-05,0410,Aqua,MODIS,100,6.2,305.4,115.6,D,0
-14.9907,144.5497,346.4,1,1,2014-12-05,0410,Aqua,MODIS,90,6.2,304.4,37.8,D,0
-14.9893,144.5592,345.1,1,1,2014-12-05,0410,Aqua,MODIS,77,6.2,295.8,34.6,D,0
-15.0089,144.5526,339.7,1,1,2014-12-05,0410,Aqua,MODIS,83,6.2,299.8,25.7,D,0
-14.9998,144.5511,451.3,1,1,2014-12-05,0410,Aqua,MODIS,100,6.2,321.6,745.3,D,0
-15.0075,144.5621,339.9,1,1,2014-12-05,0410,Aqua,MODIS,69,6.2,305.3,26.5,D,0
-15.5631,141.6092,347.7,1.1,1,2014-12-05,0410,Aqua,MODIS,91,6.2,303,46.3,D,0
-15.5551,141.5976,335.9,1.1,1,2014-12-05,0410,Aqua,MODIS,77,6.2,302.9,23.3,D,0
-14.9984,144.5607,444.2,1,1,2014-12-05,0410,Aqua,MODIS,94,6.2,314.1,651.8,D,0
-16.2559,142.5912,334.8,1,1,2014-12-05,0410,Aqua,MODIS,71,6.2,306.6,16.3,D,0
-16.0028,145.2352,335.3,1.1,1,2014-12-05,0410,Aqua,MODIS,79,6.2,302,28.8,D,0
-16.0214,141.7589,348,1.1,1,2014-12-05,0410,Aqua,MODIS,86,6.2,301.2,53.8,D,0
-14.854,144.7284,334.1,1,1,2014-12-05,0410,Aqua,MODIS,74,6.2,307.6,14.7,D,0
-15.8514,145.1936,335.4,1.1,1,2014-12-05,0410,Aqua,MODIS,53,6.2,300.1,27.9,D,0
-15.8621,145.1852,356.8,1.1,1,2014-12-05,0410,Aqua,MODIS,98,6.2,303.2,74.9,D,0
-15.8528,145.1839,338.9,1.1,1,2014-12-05,0410,Aqua,MODIS,59,6.2,302.3,31.9,D,0
-15.1131,145.0286,329.8,1.1,1,2014-12-05,0410,Aqua,MODIS,65,6.2,306.3,15.3,D,0
-15.0931,145.0355,348.1,1.1,1,2014-12-05,0410,Aqua,MODIS,91,6.2,302.6,48.8,D,0
-16.2573,142.5816,332,1,1,2014-12-05,0410,Aqua,MODIS,57,6.2,306.3,12.5,D,0
-16.2596,142.6992,380.5,1,1,2014-12-05,0410,Aqua,MODIS,100,6.2,312.3,136.9,D,0
-17.401,143.4723,370.4,1,1,2014-12-05,0410,Aqua,MODIS,100,6.2,310.2,97.3,D,0
-16.2001,142.5958,336.7,1,1,2014-12-05,0410,Aqua,MODIS,19,6.2,310.4,18.2,D,0
-16.2468,142.5898,331.2,1,1,2014-12-05,0410,Aqua,MODIS,41,6.2,306.2,11.3,D,0
-16.1897,142.604,367,1,1,2014-12-05,0410,Aqua,MODIS,94,6.2,291.5,93.8,D,0
-16.2505,142.6978,338.7,1,1,2014-12-05,0410,Aqua,MODIS,74,6.2,309.4,19.9,D,0
-14.9007,144.667,336,1,1,2014-12-05,0410,Aqua,MODIS,74,6.2,300.9,22.7,D,0
-16.2491,142.7073,337.1,1,1,2014-12-05,0410,Aqua,MODIS,66,6.2,306.3,18.8,D,0
-15.8342,145.1945,327.7,1.1,1,2014-12-05,0410,Aqua,MODIS,60,6.2,298.3,20.4,D,0
-15.768,145.1943,343.1,1.1,1,2014-12-05,0410,Aqua,MODIS,87,6.2,304.1,36.9,D,0
-15.7121,145.2101,343,1.1,1,2014-12-05,0410,Aqua,MODIS,87,6.2,306.1,35.4,D,0
-15.7512,145.2422,343,1.1,1,2014-12-05,0410,Aqua,MODIS,87,6.2,302.3,41.7,D,0
-17.41,143.4737,351.9,1,1,2014-12-05,0410,Aqua,MODIS,85,6.2,312,41.9,D,0
-15.7136,145.2002,330.1,1.1,1,2014-12-05,0410,Aqua,MODIS,57,6.2,306.8,12.1,D,0
-17.4113,143.4643,360.1,1,1,2014-12-05,0410,Aqua,MODIS,100,6.2,315.5,60.3,D,0
-16.222,142.303,331.5,1,1,2014-12-05,0410,Aqua,MODIS,43,6.2,306.5,15.7,D,0
-16.015,145.217,325.7,1.1,1,2014-12-05,0410,Aqua,MODIS,37,6.2,300.5,14.8,D,0
-16.0135,145.2268,345.6,1.1,1,2014-12-05,0410,Aqua,MODIS,90,6.2,303.7,48.5,D,0
-17.4023,143.4629,348.5,1,1,2014-12-05,0410,Aqua,MODIS,74,6.2,312.6,35.8,D,0
-17.5312,143.3921,373.1,1,1,2014-12-05,0410,Aqua,MODIS,100,6.2,313.2,101.2,D,0
-17.1922,143.4498,355,1,1,2014-12-05,0410,Aqua,MODIS,96,6.2,310.8,51.6,D,0
-15.7073,145.179,337,1.1,1,2014-12-05,0410,Aqua,MODIS,80,6.2,305.2,22.6,D,0
-16.0609,142.4023,341.5,1,1,2014-12-05,0410,Aqua,MODIS,74,6.2,308.8,29.2,D,0
-16.1885,142.5451,334.1,1,1,2014-12-05,0410,Aqua,MODIS,47,6.2,308,11.4,D,0
-17.2021,143.4484,346.9,1,1,2014-12-05,0410,Aqua,MODIS,73,6.2,315.3,32.2,D,0
-16.2275,142.1939,328.2,1.1,1,2014-12-05,0410,Aqua,MODIS,33,6.2,303.6,12.5,D,0
-16.2,142.1193,334.7,1.1,1,2014-12-05,0410,Aqua,MODIS,70,6.2,305.7,18.6,D,0
-17.4227,143.5141,337,1,1,2014-12-05,0410,Aqua,MODIS,60,6.2,312.8,15,D,0
-17.5403,143.3935,339.4,1,1,2014-12-05,0410,Aqua,MODIS,66,6.2,311.6,15.7,D,0
-14.9035,144.6477,329.9,1,1,2014-12-05,0410,Aqua,MODIS,47,6.2,304.3,14.2,D,0
-14.9111,144.6448,344.8,1,1,2014-12-05,0410,Aqua,MODIS,89,6.2,305,38.9,D,0
-16.1988,142.6054,341.6,1,1,2014-12-05,0410,Aqua,MODIS,60,6.2,303.4,26.5,D,0
-16.191,142.5944,338.1,1,1,2014-12-05,0410,Aqua,MODIS,35,6.2,307.7,23.4,D,0
-14.8646,144.7203,338.9,1,1,2014-12-05,0410,Aqua,MODIS,83,6.2,307.8,22.7,D,0
-16.8071,143.1158,334.6,1,1,2014-12-05,0410,Aqua,MODIS,62,6.2,309.7,11.7,D,0
-14.866,144.7107,357.8,1,1,2014-12-05,0410,Aqua,MODIS,98,6.2,308.2,64.3,D,0
-17.4203,143.4657,393.5,1,1,2014-12-05,0410,Aqua,MODIS,100,6.2,315.2,189.2,D,0
-15.7335,142.0541,344,1.1,1,2014-12-05,0410,Aqua,MODIS,85,6.2,298.6,42.1,D,0
-16.7851,143.1413,331.6,1,1,2014-12-05,0410,Aqua,MODIS,40,6.2,307.5,9.7,D,0
-14.9049,144.6381,328.4,1,1,2014-12-05,0410,Aqua,MODIS,37,6.2,303.7,11.5,D,0
-15.8299,142.1406,337.9,1.1,1,2014-12-05,0410,Aqua,MODIS,49,6.2,301.7,23.8,D,0
-17.419,143.4751,398,1,1,2014-12-05,0410,Aqua,MODIS,100,6.2,313.3,214.9,D,0
-16.1393,141.9628,354.9,1.1,1,2014-12-05,0410,Aqua,MODIS,96,6.2,307.7,64.2,D,0
-16.1407,141.9529,334.6,1.1,1,2014-12-05,0410,Aqua,MODIS,55,6.2,305.1,22.1,D,0
-16.24,142.7059,331.3,1,1,2014-12-05,0410,Aqua,MODIS,41,6.2,306.6,13.6,D,0
-17.5389,143.403,338.1,1,1,2014-12-05,0410,Aqua,MODIS,69,6.2,312.2,15.8,D,0
-15.7058,145.1888,335.4,1.1,1,2014-12-05,0410,Aqua,MODIS,78,6.2,305.9,20.4,D,0
-15.8313,142.1308,360.8,1.1,1,2014-12-05,0410,Aqua,MODIS,94,6.2,298.8,78.1,D,0
-15.851,142.1237,342.6,1.1,1,2014-12-05,0410,Aqua,MODIS,82,6.2,300.7,31.4,D,0
-16.2205,142.7127,332.5,1,1,2014-12-05,0410,Aqua,MODIS,64,6.2,304,15.9,D,0
-16.2868,142.2293,343.8,1.1,1,2014-12-05,0410,Aqua,MODIS,86,6.2,305.2,34.6,D,0
-15.8497,142.1335,335.3,1.1,1,2014-12-05,0410,Aqua,MODIS,62,6.2,304.1,19,D,0
-16.2961,142.2307,335.1,1.1,1,2014-12-05,0410,Aqua,MODIS,73,6.2,306.7,17.7,D,0
-15.7028,145.2085,338.9,1.1,1,2014-12-05,0410,Aqua,MODIS,83,6.2,305.1,28.5,D,0
-15.7043,145.1987,356.2,1.1,1,2014-12-05,0410,Aqua,MODIS,97,6.2,308.1,65.6,D,0
-15.9965,145.2139,326.3,1.1,1,2014-12-05,0410,Aqua,MODIS,48,6.2,300.6,14.9,D,0
-15.9951,145.2238,339.9,1.1,1,2014-12-05,0410,Aqua,MODIS,84,6.2,301.9,36.2,D,0
-16.0058,145.2155,351.1,1.1,1,2014-12-05,0410,Aqua,MODIS,94,6.2,302.6,59.6,D,0
-16.0043,145.2253,358.3,1.1,1,2014-12-05,0410,Aqua,MODIS,99,6.2,305,78.3,D,0
-16.7994,143.1049,360,1,1,2014-12-05,0410,Aqua,MODIS,99,6.2,311.8,65,D,0
-14.8887,144.6848,335.9,1,1,2014-12-05,0410,Aqua,MODIS,75,6.2,306.2,21.3,D,0
-14.8703,144.6818,364.2,1,1,2014-12-05,0410,Aqua,MODIS,100,6.2,305.7,85.1,D,0
-14.9442,144.6108,341.1,1,1,2014-12-05,0410,Aqua,MODIS,85,6.2,305.4,29.3,D,0
-14.7606,144.7962,335.4,1.1,1,2014-12-05,0410,Aqua,MODIS,79,6.2,306.4,21.2,D,0
-14.8008,144.7697,332.2,1.1,1,2014-12-05,0410,Aqua,MODIS,74,6.2,306.5,14.4,D,0
-14.8795,144.6833,336.1,1,1,2014-12-05,0410,Aqua,MODIS,79,6.2,305.4,20.1,D,0
-14.8115,144.7612,333.8,1.1,1,2014-12-05,0410,Aqua,MODIS,76,6.2,305.2,16.9,D,0
-14.81,144.7711,329.8,1.1,1,2014-12-05,0410,Aqua,MODIS,68,6.2,305.6,11.8,D,0
-14.6272,144.6998,331.2,1,1,2014-12-05,0410,Aqua,MODIS,70,6.2,306.8,9.6,D,0
-15.2114,145.2196,331.7,1.1,1,2014-12-05,0410,Aqua,MODIS,55,6.2,304.5,16.5,D,0
-15.293,145.1682,334.7,1.1,1,2014-12-05,0410,Aqua,MODIS,75,6.2,304.9,21.3,D,0
-15.1944,145.2066,342.8,1.1,1,2014-12-05,0410,Aqua,MODIS,75,6.2,307.5,35.6,D,0
-14.9921,144.5401,351,1,1,2014-12-05,0410,Aqua,MODIS,94,6.2,303.8,48.5,D,0
-15.1959,145.1966,334.8,1.1,1,2014-12-05,0410,Aqua,MODIS,58,6.2,304.1,21.6,D,0
-15.1882,145.2102,330.2,1.1,1,2014-12-05,0410,Aqua,MODIS,51,6.2,306.7,16.1,D,0
-15.2099,145.2297,340.7,1.1,1,2014-12-05,0410,Aqua,MODIS,79,6.2,307.5,30.4,D,0
-15.0012,144.5415,373.1,1,1,2014-12-05,0410,Aqua,MODIS,100,6.2,305.6,115.3,D,0
-15.2021,145.2181,330.6,1.1,1,2014-12-05,0410,Aqua,MODIS,40,6.2,307.8,14.3,D,0
-15.2855,145.1705,332.1,1.1,1,2014-12-05,0410,Aqua,MODIS,60,6.2,306.7,18.4,D,0
-15.296,145.1483,328.5,1.1,1,2014-12-05,0410,Aqua,MODIS,51,6.2,305.3,13.1,D,0
-14.4323,144.5905,327.2,1,1,2014-12-05,0411,Aqua,MODIS,38,6.2,305.7,9.2,D,0
-13.4348,143.1701,399.1,1,1,2014-12-05,0411,Aqua,MODIS,100,6.2,313.8,229.3,D,0
-13.4361,143.1609,385.6,1,1,2014-12-05,0411,Aqua,MODIS,100,6.2,311.3,160.9,D,0
-13.4258,143.1687,341.8,1,1,2014-12-05,0411,Aqua,MODIS,74,6.2,308.4,28.1,D,0
-14.3362,144.5594,323.9,1,1,2014-12-05,0411,Aqua,MODIS,31,6.2,301.5,8.5,D,0
-12.2236,141.9184,327.6,1,1,2014-12-05,0411,Aqua,MODIS,36,6.2,304.3,17,D,0
-13.4427,143.4306,330.2,1,1,2014-12-05,0411,Aqua,MODIS,67,6.2,300.5,15.1,D,0
-13.2622,135.5656,323.4,2.6,1.5,2014-12-05,0411,Aqua,MODIS,57,6.2,282.5,61.4,D,0
-14.3679,144.5349,326.7,1,1,2014-12-05,0411,Aqua,MODIS,56,6.2,303.3,8.8,D,0
-14.4415,144.592,341.5,1,1,2014-12-05,0411,Aqua,MODIS,87,6.2,304.4,30.9,D,0
-12.624,143.0472,331.5,1,1,2014-12-05,0411,Aqua,MODIS,35,6.2,308.3,18.4,D,0
-14.3755,144.5321,336.8,1,1,2014-12-05,0411,Aqua,MODIS,82,6.2,304.3,24.9,D,0
-14.3693,144.5253,324.8,1,1,2014-12-05,0411,Aqua,MODIS,37,6.2,304.4,6,D,0
-14.4401,144.6016,333.2,1,1,2014-12-05,0411,Aqua,MODIS,68,6.2,304.6,17.6,D,0
-12.999,142.4861,344.8,1,1,2014-12-05,0411,Aqua,MODIS,86,6.2,306.1,38.7,D,0
-9.2785,142.2636,319,1,1,2014-12-05,0412,Aqua,MODIS,0,6.2,301.9,9.3,D,0
-10.9589,142.4759,336.9,1,1,2014-12-05,0412,Aqua,MODIS,0,6.2,299.2,29,D,0
-10.9602,142.4668,327.9,1,1,2014-12-05,0412,Aqua,MODIS,28,6.2,299.2,15.1,D,0
-10.9499,142.4745,320.5,1,1,2014-12-05,0412,Aqua,MODIS,31,6.2,295.1,8.6,D,0
-28.6995,127.2402,347,1.6,1.2,2014-12-05,0545,Aqua,MODIS,89,6.2,324.8,45.1,D,0
-27.613,129.6593,338.4,2.5,1.5,2014-12-05,0545,Aqua,MODIS,51,6.2,317.3,33.8,D,0
-28.6824,127.2702,356.2,1.6,1.2,2014-12-05,0545,Aqua,MODIS,97,6.2,323,89,D,0
-28.6712,127.2674,347.1,1.6,1.2,2014-12-05,0545,Aqua,MODIS,89,6.2,321.3,49.4,D,0
-28.6601,127.2647,359.8,1.6,1.2,2014-12-05,0545,Aqua,MODIS,99,6.2,321,109.6,D,0
-28.681,127.1511,357,1.6,1.2,2014-12-05,0545,Aqua,MODIS,97,6.2,324,85.2,D,0
-28.684,127.1351,376.2,1.6,1.2,2014-12-05,0545,Aqua,MODIS,100,6.2,328.4,204.1,D,0
-28.6264,129.356,368.9,2.2,1.4,2014-12-05,0545,Aqua,MODIS,100,6.2,320,269.2,D,0
-28.6589,127.1458,353.9,1.6,1.2,2014-12-05,0545,Aqua,MODIS,95,6.2,324.4,76.6,D,0
-28.7266,127.151,344.1,1.6,1.2,2014-12-05,0545,Aqua,MODIS,75,6.2,326.9,30.6,D,0
-27.6118,129.6406,349.5,2.4,1.5,2014-12-05,0545,Aqua,MODIS,91,6.2,317.2,111.9,D,0
-28.5415,126.1106,347.7,1.4,1.2,2014-12-05,0545,Aqua,MODIS,89,6.2,323,45.1,D,0
-28.5439,126.0966,386.6,1.4,1.2,2014-12-05,0545,Aqua,MODIS,100,6.2,330.7,242,D,0
-28.5463,126.0827,341.9,1.4,1.2,2014-12-05,0545,Aqua,MODIS,58,6.2,328.3,23.2,D,0
-28.592,126.0982,365.1,1.4,1.2,2014-12-05,0545,Aqua,MODIS,100,6.2,329.7,103.3,D,0
-28.5712,126.0937,370,1.4,1.2,2014-12-05,0545,Aqua,MODIS,100,6.2,328,127.2,D,0
-28.5335,126.0942,347,1.4,1.2,2014-12-05,0545,Aqua,MODIS,85,6.2,325.4,40.8,D,0
-28.6354,129.3113,335.6,2.2,1.4,2014-12-05,0545,Aqua,MODIS,60,6.2,314.5,29.8,D,0
-28.7282,127.1459,345.2,1.6,1.2,2014-12-05,0545,Aqua,MODIS,87,6.2,327.3,36,D,0
-28.723,127.111,351.3,1.6,1.2,2014-12-05,0545,Aqua,MODIS,93,6.2,328.4,58.8,D,0
-28.6619,127.1297,360.5,1.6,1.2,2014-12-05,0545,Aqua,MODIS,100,6.2,325.9,109,D,0
-27.6179,129.6348,338.6,2.4,1.5,2014-12-05,0545,Aqua,MODIS,65,6.2,316.2,37.7,D,0
-28.5584,126.1052,401.3,1.4,1.2,2014-12-05,0545,Aqua,MODIS,100,6.2,329.8,361.8,D,0
-28.5608,126.0913,415.3,1.4,1.2,2014-12-05,0545,Aqua,MODIS,100,6.2,336.5,512.5,D,0
-28.548,126.1028,397.9,1.4,1.2,2014-12-05,0545,Aqua,MODIS,100,6.2,330.1,332.8,D,0
-28.5505,126.0889,388.5,1.4,1.2,2014-12-05,0545,Aqua,MODIS,100,6.2,332.9,250.1,D,0
-28.5543,126.099,430,1.4,1.2,2014-12-05,0545,Aqua,MODIS,100,6.2,339.4,724.5,D,0
-28.5567,126.085,367.6,1.4,1.2,2014-12-05,0545,Aqua,MODIS,100,6.2,334,118.2,D,0
-28.6024,126.1006,340.2,1.4,1.2,2014-12-05,0545,Aqua,MODIS,32,6.2,326,14.6,D,0
-28.6049,126.0867,341.1,1.4,1.2,2014-12-05,0545,Aqua,MODIS,50,6.2,327.7,17,D,0
-28.6136,129.3526,337.9,2.2,1.4,2014-12-05,0545,Aqua,MODIS,76,6.2,318,36.9,D,0
-28.6309,129.3337,373.5,2.2,1.4,2014-12-05,0545,Aqua,MODIS,100,6.2,317.5,321.3,D,0
-28.6219,129.3784,353.6,2.2,1.4,2014-12-05,0545,Aqua,MODIS,95,6.2,321,133.4,D,0
-28.6393,129.3594,340.1,2.2,1.4,2014-12-05,0545,Aqua,MODIS,73,6.2,317.7,51,D,0
-28.4895,125.9336,393.5,1.4,1.2,2014-12-05,0545,Aqua,MODIS,100,6.2,336.3,282.5,D,0
-28.6178,125.8901,358.3,1.3,1.1,2014-12-05,0545,Aqua,MODIS,98,6.2,330.6,69.4,D,0
-28.5737,126.0797,355.2,1.4,1.2,2014-12-05,0545,Aqua,MODIS,96,6.2,329.8,58.3,D,0
-28.6076,125.8877,341.2,1.3,1.1,2014-12-05,0545,Aqua,MODIS,73,6.2,328.1,13.3,D,0
-28.578,125.9946,350.7,1.4,1.2,2014-12-05,0545,Aqua,MODIS,92,6.2,330.2,40.5,D,0
-28.5677,125.9922,350.6,1.4,1.2,2014-12-05,0545,Aqua,MODIS,92,6.2,329,40.1,D,0
-28.5774,125.9375,347,1.3,1.1,2014-12-05,0545,Aqua,MODIS,89,6.2,329.1,30,D,0
-28.571,126.002,349.8,1.4,1.2,2014-12-05,0545,Aqua,MODIS,87,6.2,329.6,41.9,D,0
-28.5733,125.9882,345.6,1.4,1.2,2014-12-05,0545,Aqua,MODIS,26,6.2,330.3,27.5,D,0
-28.5606,125.9996,341.9,1.4,1.2,2014-12-05,0545,Aqua,MODIS,33,6.2,326.1,18.9,D,0
-28.5701,125.9447,350.6,1.3,1.2,2014-12-05,0545,Aqua,MODIS,92,6.2,327.7,38.8,D,0
-28.5575,125.956,352.2,1.4,1.2,2014-12-05,0545,Aqua,MODIS,94,6.2,325.9,45.2,D,0
-28.5598,125.9423,343.3,1.3,1.2,2014-12-05,0545,Aqua,MODIS,84,6.2,327.7,18.1,D,0
-28.5448,125.9672,348.1,1.4,1.2,2014-12-05,0545,Aqua,MODIS,77,6.2,326.6,33.9,D,0
-28.5321,125.9786,348.3,1.4,1.2,2014-12-05,0545,Aqua,MODIS,89,6.2,324.7,41.6,D,0
-28.5345,125.9649,351.1,1.4,1.2,2014-12-05,0545,Aqua,MODIS,91,6.2,329.2,46.1,D,0
-28.5217,125.9762,380.6,1.4,1.2,2014-12-05,0545,Aqua,MODIS,100,6.2,326.8,195.2,D,0
-28.5241,125.9625,353.9,1.4,1.2,2014-12-05,0545,Aqua,MODIS,93,6.2,328,57.5,D,0
-28.5526,125.7995,344.6,1.3,1.1,2014-12-05,0545,Aqua,MODIS,66,6.2,329.9,20.9,D,0
-28.5083,125.9304,344.2,1.3,1.2,2014-12-05,0545,Aqua,MODIS,78,6.2,327.7,22,D,0
-28.5298,125.8083,349.2,1.3,1.1,2014-12-05,0545,Aqua,MODIS,57,6.2,328,34.1,D,0
-28.4956,125.9418,370,1.4,1.2,2014-12-05,0545,Aqua,MODIS,100,6.2,330.3,126.5,D,0
-28.498,125.9281,386.7,1.3,1.2,2014-12-05,0545,Aqua,MODIS,100,6.2,333.4,226.2,D,0
-28.4829,125.9531,377.9,1.4,1.2,2014-12-05,0545,Aqua,MODIS,100,6.2,328.8,175.5,D,0
-28.4853,125.9395,407.9,1.4,1.2,2014-12-05,0545,Aqua,MODIS,100,6.2,335.4,416.6,D,0
-28.4877,125.9257,389.6,1.3,1.2,2014-12-05,0545,Aqua,MODIS,100,6.2,330.8,247,D,0
-28.4871,125.9473,380.6,1.4,1.2,2014-12-05,0545,Aqua,MODIS,100,6.2,330.7,195.8,D,0
-28.4918,125.9198,351,1.3,1.2,2014-12-05,0545,Aqua,MODIS,93,6.2,328.8,43.9,D,0
-28.4744,125.9587,352.5,1.4,1.2,2014-12-05,0545,Aqua,MODIS,88,6.2,321.2,62.9,D,0
-28.4768,125.9449,394.4,1.4,1.2,2014-12-05,0545,Aqua,MODIS,100,6.2,331.4,297.9,D,0
-28.4792,125.9312,378,1.4,1.2,2014-12-05,0545,Aqua,MODIS,100,6.2,327.9,173.7,D,0
-28.4641,125.9563,405.8,1.4,1.2,2014-12-05,0545,Aqua,MODIS,100,6.2,323.5,410,D,0
-28.4665,125.9426,416.3,1.4,1.2,2014-12-05,0545,Aqua,MODIS,100,6.2,335.7,523.9,D,0
-24.0551,127.9633,351.1,2.2,1.5,2014-12-05,0546,Aqua,MODIS,68,6.2,325.4,107.2,D,0
-24.0575,127.9564,357,2.2,1.5,2014-12-05,0546,Aqua,MODIS,95,6.2,327.6,152.6,D,0
-24.0594,127.9414,361.9,2.2,1.4,2014-12-05,0546,Aqua,MODIS,100,6.2,327.1,189,D,0
-24.0616,127.9345,345.2,2.2,1.4,2014-12-05,0546,Aqua,MODIS,76,6.2,326.6,65.1,D,0
-24.1027,128.1175,348.7,2.3,1.5,2014-12-05,0546,Aqua,MODIS,53,6.2,323.9,85.3,D,0
-24.1034,128.1358,346.5,2.3,1.5,2014-12-05,0546,Aqua,MODIS,74,6.2,320,79.2,D,0
-20.2158,128.7444,331.9,3.1,1.7,2014-12-05,0547,Aqua,MODIS,27,6.2,304.1,87.1,D,0
-22.2739,128.0013,342.7,2.5,1.5,2014-12-05,0547,Aqua,MODIS,51,6.2,323.2,61.6,D,0
-22.2604,127.9983,366.2,2.5,1.5,2014-12-05,0547,Aqua,MODIS,100,6.2,325.7,267.4,D,0
-22.2683,127.9949,343,2.5,1.5,2014-12-05,0547,Aqua,MODIS,45,6.2,324.3,61.7,D,0
-22.2548,127.9919,363.6,2.5,1.5,2014-12-05,0547,Aqua,MODIS,100,6.2,326,240.7,D,0
-22.3193,127.7702,343.5,2.4,1.5,2014-12-05,0547,Aqua,MODIS,67,6.2,324.6,66.3,D,0
-22.3061,127.7672,354.6,2.4,1.5,2014-12-05,0547,Aqua,MODIS,96,6.2,324.4,140.8,D,0
-22.3105,127.7446,349.2,2.4,1.5,2014-12-05,0547,Aqua,MODIS,91,6.2,324,90,D,0
-22.3122,127.7635,353.7,2.4,1.5,2014-12-05,0547,Aqua,MODIS,95,6.2,325,134.9,D,0
-22.299,127.7605,347.6,2.4,1.5,2014-12-05,0547,Aqua,MODIS,33,6.2,322.5,91.1,D,0
-20.201,128.741,352.5,3.1,1.7,2014-12-05,0547,Aqua,MODIS,82,6.2,300.4,278.6,D,0
-23.7546,126.3848,354,1.8,1.3,2014-12-05,0547,Aqua,MODIS,95,6.2,327.4,79.1,D,0
-21.5421,126.7979,350,2.1,1.4,2014-12-05,0547,Aqua,MODIS,92,6.2,327.6,68.2,D,0
-21.5457,126.7779,346.6,2.1,1.4,2014-12-05,0547,Aqua,MODIS,88,6.2,328.8,46,D,0
-21.5295,126.7951,349.4,2.1,1.4,2014-12-05,0547,Aqua,MODIS,91,6.2,329,63.1,D,0
-22.2502,128.0156,358.4,2.5,1.5,2014-12-05,0547,Aqua,MODIS,93,6.2,319.8,196.9,D,0
-23.7577,126.3676,374.6,1.8,1.3,2014-12-05,0547,Aqua,MODIS,100,6.2,333.1,218.2,D,0
-21.9561,127.8789,349.7,2.5,1.5,2014-12-05,0547,Aqua,MODIS,50,6.2,318.9,123.5,D,0
-21.9607,127.8553,353.3,2.4,1.5,2014-12-05,0547,Aqua,MODIS,87,6.2,320.9,149.5,D,0
-21.9407,131.9514,354,4.8,2,2014-12-05,0547,Aqua,MODIS,95,6.2,300.4,561.3,D,0
-21.9229,131.9469,331.8,4.8,2,2014-12-05,0547,Aqua,MODIS,62,6.2,299.1,182.3,D,0
-21.9421,131.9438,345.8,4.8,2,2014-12-05,0547,Aqua,MODIS,88,6.2,300.3,394.8,D,0
-21.9244,131.9393,329.6,4.8,2,2014-12-05,0547,Aqua,MODIS,46,6.2,299.4,150.8,D,0
-21.9145,131.9851,329.2,4.8,2,2014-12-05,0547,Aqua,MODIS,46,6.2,297.3,158.2,D,0
-22.5888,129.5702,360.6,3.1,1.7,2014-12-05,0547,Aqua,MODIS,100,6.2,305.8,393.2,D,0
-22.5825,129.6004,356.6,3.2,1.7,2014-12-05,0547,Aqua,MODIS,97,6.2,304,342.5,D,0
-22.5975,129.604,335.6,3.2,1.7,2014-12-05,0547,Aqua,MODIS,71,6.2,300.4,123.5,D,0
-22.5996,129.5967,341.1,3.2,1.7,2014-12-05,0547,Aqua,MODIS,81,6.2,300.6,168.6,D,0
-22.6038,129.5738,347.3,3.1,1.7,2014-12-05,0547,Aqua,MODIS,89,6.2,303.8,231.1,D,0
-22.6057,129.5665,333.7,3.1,1.7,2014-12-05,0547,Aqua,MODIS,65,6.2,303.8,107.2,D,0
-22.5846,129.5931,371.4,3.2,1.7,2014-12-05,0547,Aqua,MODIS,100,6.2,305.2,572.4,D,0
-22.5907,129.5629,348,3.1,1.7,2014-12-05,0547,Aqua,MODIS,90,6.2,305.3,232.2,D,0
-20.3347,119.5216,344.9,1,1,2014-12-05,0548,Aqua,MODIS,78,6.2,327.2,15.5,D,0
-20.3361,119.512,359,1,1,2014-12-05,0548,Aqua,MODIS,99,6.2,325.4,47.7,D,0
-20.2919,119.5636,356.5,1,1,2014-12-05,0548,Aqua,MODIS,97,6.2,322.4,42.3,D,0
-20.2829,119.5622,350.9,1,1,2014-12-05,0548,Aqua,MODIS,93,6.2,322.6,30.3,D,0
-20.3036,119.546,345.1,1,1,2014-12-05,0548,Aqua,MODIS,85,6.2,323.5,15,D,0
-20.2933,119.5541,358.2,1,1,2014-12-05,0548,Aqua,MODIS,98,6.2,325.4,45.7,D,0
-18.7784,126.5453,344.2,2.3,1.5,2014-12-05,0548,Aqua,MODIS,84,6.2,312.1,81.8,D,0
-18.7775,126.5597,337.7,2.3,1.5,2014-12-05,0548,Aqua,MODIS,57,6.2,309.9,49.8,D,0
-18.7645,126.557,350.7,2.3,1.5,2014-12-05,0548,Aqua,MODIS,92,6.2,310.1,127.2,D,0
-20.4438,118.8062,349.5,1,1,2014-12-05,0548,Aqua,MODIS,91,6.2,322.8,26.8,D,0
-20.4451,118.7964,349.5,1,1,2014-12-05,0548,Aqua,MODIS,91,6.2,324.4,26.9,D,0
-20.436,118.7949,347.3,1,1,2014-12-05,0548,Aqua,MODIS,89,6.2,325.3,22.5,D,0
-20.4374,118.7851,347.3,1,1,2014-12-05,0548,Aqua,MODIS,89,6.2,324.8,22.2,D,0
-20.4282,118.7837,355.8,1,1,2014-12-05,0548,Aqua,MODIS,97,6.2,324.2,42,D,0
-20.4296,118.7738,343.1,1,1,2014-12-05,0548,Aqua,MODIS,46,6.2,322.7,14.2,D,0
-20.4191,118.7822,350.2,1,1,2014-12-05,0548,Aqua,MODIS,92,6.2,323,28.5,D,0
-20.4204,118.7724,357.4,1,1,2014-12-05,0548,Aqua,MODIS,98,6.2,323.6,46.6,D,0
-20.41,118.7808,341.3,1,1,2014-12-05,0548,Aqua,MODIS,78,6.2,322,13.1,D,0
-20.4113,118.7709,340.5,1,1,2014-12-05,0548,Aqua,MODIS,74,6.2,321.3,11.8,D,0
-19.2248,128.1534,338.9,2.9,1.6,2014-12-05,0548,Aqua,MODIS,67,6.2,309.2,101.6,D,0
-17.2629,123.7747,331.5,1.5,1.2,2014-12-05,0549,Aqua,MODIS,60,6.2,297.4,20.6,D,0
-33.0022,137.5817,301.8,1.1,1.1,2014-12-05,1331,Terra,MODIS,42,6.2,288.4,7.8,N,0
-26.173,135.9449,306.9,1.1,1.1,2014-12-05,1333,Terra,MODIS,67,6.2,294.3,7.6,N,0
-26.1826,135.9464,309.4,1.1,1.1,2014-12-05,1333,Terra,MODIS,75,6.2,293.7,9.5,N,0
-22.5382,140.2518,308.3,1.2,1.1,2014-12-05,1334,Terra,MODIS,74,6.2,294,9,N,0
-21.774,128.9559,323.8,2.8,1.6,2014-12-05,1334,Terra,MODIS,100,6.2,298,82.6,N,0
-21.7595,128.9544,310,2.8,1.6,2014-12-05,1334,Terra,MODIS,77,6.2,297.6,28.7,N,0
-21.7551,128.9743,309.7,2.8,1.6,2014-12-05,1334,Terra,MODIS,78,6.2,297.5,27.3,N,0
-22.306,143.2931,304.9,1.9,1.3,2014-12-05,1334,Terra,MODIS,35,6.2,292.5,11.5,N,0
-22.6363,129.5352,314.9,2.6,1.6,2014-12-05,1334,Terra,MODIS,54,6.2,284.8,41.9,N,0
-22.6199,129.5592,346.9,2.6,1.6,2014-12-05,1334,Terra,MODIS,100,6.2,279.6,216.2,N,0
-22.6339,129.5607,348,2.6,1.6,2014-12-05,1334,Terra,MODIS,100,6.2,284.6,225.1,N,0
-21.9996,129.9859,317.7,2.4,1.5,2014-12-05,1334,Terra,MODIS,95,6.2,290,42.3,N,0
-21.9411,130.0256,334.8,2.4,1.5,2014-12-05,1334,Terra,MODIS,100,6.2,291.3,109.5,N,0
-21.968,130.0287,347.2,2.4,1.5,2014-12-05,1334,Terra,MODIS,100,6.2,290.8,183.3,N,0
-21.9726,129.9827,309.6,2.4,1.5,2014-12-05,1334,Terra,MODIS,22,6.2,289.2,19.9,N,0
-21.9703,130.0058,344.3,2.4,1.5,2014-12-05,1334,Terra,MODIS,100,6.2,290.3,163.3,N,0
-21.9861,129.9843,327,2.4,1.5,2014-12-05,1334,Terra,MODIS,100,6.2,289.8,76.2,N,0
-21.9837,130.0073,366.2,2.4,1.5,2014-12-05,1334,Terra,MODIS,100,6.2,291.5,350.5,N,0
-21.9814,130.0303,373.8,2.4,1.5,2014-12-05,1334,Terra,MODIS,100,6.2,291.8,439.5,N,0
-21.979,130.0532,304.5,2.3,1.5,2014-12-05,1334,Terra,MODIS,8,6.2,286.7,9.4,N,0
-21.9656,130.0516,309,2.3,1.5,2014-12-05,1334,Terra,MODIS,72,6.2,288.7,20.3,N,0
-21.9972,130.0089,326.8,2.4,1.5,2014-12-05,1334,Terra,MODIS,100,6.2,290.2,72.5,N,0
-21.9948,130.0319,322.4,2.4,1.5,2014-12-05,1334,Terra,MODIS,100,6.2,289.2,56.1,N,0
-21.9809,129.9902,336.3,2.4,1.5,2014-12-05,1334,Terra,MODIS,100,6.2,289.6,117.9,N,0
-21.9787,130.0133,370.5,2.4,1.5,2014-12-05,1334,Terra,MODIS,100,6.2,291.5,396.6,N,0
-21.9765,130.0363,363,2.4,1.5,2014-12-05,1334,Terra,MODIS,100,6.2,290.3,316,N,0
-21.9966,129.9686,309.1,2.4,1.5,2014-12-05,1334,Terra,MODIS,56,6.2,288.8,20.5,N,0
-21.9944,129.9918,331.6,2.4,1.5,2014-12-05,1334,Terra,MODIS,100,6.2,290.4,97.3,N,0
-21.9921,130.0149,360,2.4,1.5,2014-12-05,1334,Terra,MODIS,100,6.2,291.2,289,N,0
-21.9899,130.0379,339.6,2.4,1.5,2014-12-05,1334,Terra,MODIS,100,6.2,288.7,138.6,N,0
-21.9545,130.0271,342.6,2.4,1.5,2014-12-05,1334,Terra,MODIS,100,6.2,291.8,152.5,N,0
-21.9569,130.0042,334.5,2.4,1.5,2014-12-05,1334,Terra,MODIS,100,6.2,291.4,107.6,N,0
-21.9682,130.3945,304.9,2.2,1.4,2014-12-05,1334,Terra,MODIS,52,6.2,288.6,13.7,N,0
-21.9434,130.0026,321.2,2.4,1.5,2014-12-05,1334,Terra,MODIS,97,6.2,291.1,52.2,N,0
-20.4182,128.3475,311.7,3,1.6,2014-12-05,1335,Terra,MODIS,79,6.2,297,36.8,N,0
-20.4175,128.3527,310.9,3,1.6,2014-12-05,1335,Terra,MODIS,75,6.2,297,33.1,N,0
-17.0906,134.0746,315.4,1.1,1.1,2014-12-05,1335,Terra,MODIS,88,6.2,294.5,12.5,N,0
-12.6087,134.9437,303.4,1,1,2014-12-05,1336,Terra,MODIS,55,6.2,288.7,3.4,N,0
-16.3247,129.1212,302.5,2.3,1.5,2014-12-05,1336,Terra,MODIS,24,6.2,287.8,7.3,N,0
-13.8561,136.7491,306.5,1,1,2014-12-05,1336,Terra,MODIS,56,6.2,290.3,5.3,N,0
-11.7825,135.8919,305.9,1,1,2014-12-05,1337,Terra,MODIS,38,6.2,290.1,4.4,N,0
-25.483,152.6858,310.6,1,1,2014-12-05,1504,Aqua,MODIS,81,6.2,281.3,10.9,N,0
-20.3034,119.5412,308.4,2.4,1.5,2014-12-05,1513,Terra,MODIS,68,6.2,298.1,18.9,N,0
-13.8533,136.7609,303.3,1.7,1.3,2014-12-05,1640,Aqua,MODIS,45,6.2,291.7,7.1,N,0
-18.0543,127.2229,325.9,1.3,1.1,2014-12-05,1641,Aqua,MODIS,100,6.2,286.9,32,N,0
-18.0601,127.215,309.5,1.3,1.1,2014-12-05,1641,Aqua,MODIS,71,6.2,285.3,9.5,N,0
-18.0622,127.2275,312.5,1.3,1.1,2014-12-05,1641,Aqua,MODIS,81,6.2,289,12.6,N,0
-18.7837,126.5517,314.6,1.4,1.2,2014-12-05,1641,Aqua,MODIS,66,6.2,291.3,14.4,N,0
-18.7801,126.5604,309.7,1.4,1.2,2014-12-05,1641,Aqua,MODIS,36,6.2,290.4,9.7,N,0
-19.6416,128.6216,307.3,1.1,1,2014-12-05,1642,Aqua,MODIS,70,6.2,294.2,5.7,N,0
-20.2461,128.5996,308,1.1,1,2014-12-05,1642,Aqua,MODIS,67,6.2,297.4,6,N,0
-20.2477,128.6098,308,1.1,1,2014-12-05,1642,Aqua,MODIS,67,6.2,297.6,5.7,N,0
-21.7595,128.9656,305.1,1,1,2014-12-05,1642,Aqua,MODIS,61,6.2,283.4,6.3,N,0
-20.2046,128.6232,310.1,1.1,1,2014-12-05,1642,Aqua,MODIS,75,6.2,298.6,6.9,N,0
-20.2062,128.6334,310.7,1.1,1,2014-12-05,1642,Aqua,MODIS,77,6.2,298.4,7.3,N,0
-21.7003,128.9412,303.5,1,1,2014-12-05,1642,Aqua,MODIS,56,6.2,285.5,5.4,N,0
-22.6063,129.5703,308.9,1,1,2014-12-05,1642,Aqua,MODIS,15,6.2,297.8,4.9,N,0
-22.6139,129.5591,324.9,1,1,2014-12-05,1642,Aqua,MODIS,93,6.2,298.3,17.9,N,0
-22.6153,129.5688,327.6,1,1,2014-12-05,1642,Aqua,MODIS,100,6.2,298,21.1,N,0
-22.6168,129.5785,319.2,1,1,2014-12-05,1642,Aqua,MODIS,80,6.2,297.3,12.4,N,0
-22.6229,129.5576,323.9,1,1,2014-12-05,1642,Aqua,MODIS,83,6.2,298,16.4,N,0
-22.6243,129.5673,334.6,1,1,2014-12-05,1642,Aqua,MODIS,100,6.2,298,29.9,N,0
-22.6258,129.577,336,1,1,2014-12-05,1642,Aqua,MODIS,100,6.2,298.3,32.3,N,0
-22.6304,129.5463,315.4,1,1,2014-12-05,1642,Aqua,MODIS,39,6.2,297.4,9.1,N,0
-22.6394,129.5448,321.9,1,1,2014-12-05,1642,Aqua,MODIS,100,6.2,298.2,15.4,N,0
-22.5798,129.5805,316.1,1,1,2014-12-05,1642,Aqua,MODIS,92,6.2,297.2,11,N,0
-22.5883,129.5734,328.6,1,1,2014-12-05,1642,Aqua,MODIS,100,6.2,298,23.7,N,0
-21.9783,127.8344,310.3,1.1,1,2014-12-05,1642,Aqua,MODIS,48,6.2,297.3,6.4,N,0
-21.9739,130.0231,304.4,1,1,2014-12-05,1642,Aqua,MODIS,30,6.2,287.7,4.3,N,0
-21.9952,129.9801,302.4,1,1,2014-12-05,1642,Aqua,MODIS,43,6.2,283.2,4.2,N,0
-21.9379,130.0291,301.6,1,1,2014-12-05,1642,Aqua,MODIS,37,6.2,285.8,3.4,N,0
-21.9967,129.9897,305.2,1,1,2014-12-05,1642,Aqua,MODIS,64,6.2,285.6,5.6,N,0
-21.9188,127.8618,321.7,1.1,1,2014-12-05,1642,Aqua,MODIS,100,6.2,299.7,17.2,N,0
-21.9205,127.8723,343.3,1.1,1,2014-12-05,1642,Aqua,MODIS,100,6.2,300.8,51.7,N,0
-21.9128,127.8846,309.7,1.1,1,2014-12-05,1642,Aqua,MODIS,74,6.2,299.1,6.1,N,0
-21.9111,127.8741,317.7,1.1,1,2014-12-05,1642,Aqua,MODIS,95,6.2,299.8,13.2,N,0
-21.9453,127.846,346.8,1.1,1,2014-12-05,1642,Aqua,MODIS,100,6.2,300.7,59.6,N,0
-21.9578,127.8272,323.1,1.1,1,2014-12-05,1642,Aqua,MODIS,100,6.2,297,19.4,N,0
-21.9595,127.8378,377.2,1.1,1,2014-12-05,1642,Aqua,MODIS,100,6.2,302.7,159.6,N,0
-21.9359,127.8478,324.4,1.1,1,2014-12-05,1642,Aqua,MODIS,100,6.2,299.3,20.6,N,0
-21.9437,127.8354,310.3,1.1,1,2014-12-05,1642,Aqua,MODIS,63,6.2,297.8,6,N,0
-21.9501,127.8395,312.2,1.1,1,2014-12-05,1642,Aqua,MODIS,70,6.2,298.1,8,N,0
-21.9427,129.9987,301.8,1,1,2014-12-05,1642,Aqua,MODIS,24,6.2,283.8,3.5,N,0
-20.419,128.345,316.8,1.1,1,2014-12-05,1642,Aqua,MODIS,93,6.2,298.8,12.8,N,0
-21.9649,130.0246,305.5,1,1,2014-12-05,1642,Aqua,MODIS,50,6.2,287.5,5.1,N,0
-21.9337,130.0002,302.5,1,1,2014-12-05,1642,Aqua,MODIS,43,6.2,284.7,4,N,0
-20.4601,128.331,308.5,1.1,1,2014-12-05,1642,Aqua,MODIS,71,6.2,297.6,6.7,N,0
-21.9376,127.8583,322.4,1.1,1,2014-12-05,1642,Aqua,MODIS,100,6.2,299.2,18.2,N,0
-25.906,131.3019,304.6,1.1,1.1,2014-12-05,1643,Aqua,MODIS,61,6.2,292.2,7.2,N,0
-23.7111,126.4029,318,1.2,1.1,2014-12-05,1643,Aqua,MODIS,95,6.2,298.6,17.8,N,0
-23.7288,126.3871,312.5,1.2,1.1,2014-12-05,1643,Aqua,MODIS,80,6.2,299.1,11.5,N,0
-28.5529,125.9643,306.1,1.1,1.1,2014-12-05,1644,Aqua,MODIS,33,6.2,292.9,6.9,N,0
-28.5359,125.9796,304.1,1.1,1.1,2014-12-05,1644,Aqua,MODIS,12,6.2,292.6,5.4,N,0
-12.7019,142.3765,321.3,2.3,1.5,2014-12-06,0026,Terra,MODIS,52,6.2,293.2,28,D,0
-12.8856,143.4537,319.9,1.9,1.3,2014-12-06,0026,Terra,MODIS,29,6.2,295,23.2,D,0
-15.2902,145.1692,328.1,1.3,1.1,2014-12-06,0027,Terra,MODIS,54,6.2,298.5,15.5,D,0
-15.2965,145.1437,340.6,1.3,1.1,2014-12-06,0027,Terra,MODIS,87,6.2,302.1,44.1,D,0
-13.8081,142.3092,310.4,2.2,1.4,2014-12-06,0027,Terra,MODIS,0,6.2,283.3,13.1,D,0
-15.0069,144.5647,348,1.4,1.2,2014-12-06,0027,Terra,MODIS,92,6.2,302.6,71,D,0
-15.009,144.5778,346.6,1.4,1.2,2014-12-06,0027,Terra,MODIS,90,6.2,304,65.4,D,0
-15.0217,144.589,336.1,1.4,1.2,2014-12-06,0027,Terra,MODIS,83,6.2,298.5,37.4,D,0
-15.0196,144.576,347.9,1.4,1.2,2014-12-06,0027,Terra,MODIS,92,6.2,298.4,70.9,D,0
-15.8778,142.1004,331.8,2.1,1.4,2014-12-06,0027,Terra,MODIS,75,6.2,295.7,46.1,D,0
-15.8479,145.1962,342,1.3,1.1,2014-12-06,0027,Terra,MODIS,77,6.2,298.9,49.2,D,0
-15.8579,145.1946,338.4,1.3,1.1,2014-12-06,0027,Terra,MODIS,53,6.2,297.3,41.8,D,0
-15.866,145.1812,332.3,1.3,1.1,2014-12-06,0027,Terra,MODIS,31,6.2,295.6,30.2,D,0
-15.7546,145.2531,323.5,1.3,1.1,2014-12-06,0027,Terra,MODIS,49,6.2,297,16.3,D,0
-22.5316,140.25,328.1,2.1,1.4,2014-12-06,0029,Terra,MODIS,43,6.2,308.3,29.5,D,0
-22.9882,147.0243,315.7,1,1,2014-12-06,0029,Terra,MODIS,47,6.2,297.6,4.5,D,0
-18.373,127.5964,331.6,1.5,1.2,2014-12-06,0206,Terra,MODIS,70,6.2,305.4,20.8,D,0
-16.7819,125.8343,336,1.1,1.1,2014-12-06,0206,Terra,MODIS,79,6.2,304.3,24.1,D,0
-18.0522,127.2198,334.5,1.4,1.2,2014-12-06,0206,Terra,MODIS,75,6.2,309.9,20.7,D,0
-16.8785,125.3393,328.9,1.1,1,2014-12-06,0206,Terra,MODIS,60,6.2,304.2,10.1,D,0
-16.5973,124.9597,336.5,1.1,1,2014-12-06,0206,Terra,MODIS,85,6.2,301,25.2,D,0
-19.3222,127.9971,337.7,1.7,1.3,2014-12-06,0207,Terra,MODIS,79,6.2,309.1,32.3,D,0
-19.6855,128.6737,340.1,1.9,1.3,2014-12-06,0207,Terra,MODIS,83,6.2,306,63.5,D,0
-19.6977,128.6722,335.2,1.9,1.3,2014-12-06,0207,Terra,MODIS,73,6.2,305.3,42.2,D,0
-19.7098,128.6707,346,1.9,1.3,2014-12-06,0207,Terra,MODIS,89,6.2,304.7,89.8,D,0
-19.7241,128.6873,346.7,1.9,1.3,2014-12-06,0207,Terra,MODIS,90,6.2,304,97.7,D,0
-19.7279,128.6803,332,1.9,1.3,2014-12-06,0207,Terra,MODIS,53,6.2,302.9,34.9,D,0
-19.7298,128.6985,329.6,1.9,1.4,2014-12-06,0207,Terra,MODIS,26,6.2,303.7,27.8,D,0
-20.4057,128.3904,332.9,1.9,1.3,2014-12-06,0207,Terra,MODIS,67,6.2,307.9,21,D,0
-20.4078,128.4082,341.1,1.9,1.3,2014-12-06,0207,Terra,MODIS,83,6.2,307.4,51.9,D,0
-20.4178,128.3889,335.2,1.9,1.3,2014-12-06,0207,Terra,MODIS,73,6.2,307.6,30.3,D,0
-20.4198,128.4067,343.4,1.9,1.3,2014-12-06,0207,Terra,MODIS,86,6.2,307.6,63.6,D,0
-20.4298,128.3874,346.6,1.9,1.3,2014-12-06,0207,Terra,MODIS,89,6.2,308.1,80.1,D,0
-20.4418,128.3859,351.5,1.9,1.3,2014-12-06,0207,Terra,MODIS,93,6.2,308.4,106.2,D,0
-20.4345,128.3801,355.3,1.9,1.3,2014-12-06,0207,Terra,MODIS,96,6.2,308.9,126.9,D,0
-20.4465,128.3786,368.7,1.9,1.3,2014-12-06,0207,Terra,MODIS,100,6.2,309.5,220,D,0
-20.2338,129.0542,333.6,2.1,1.4,2014-12-06,0207,Terra,MODIS,54,6.2,307.3,43,D,0
-20.3826,118.7579,342.2,1.4,1.2,2014-12-06,0207,Terra,MODIS,54,6.2,320.3,28.5,D,0
-22.3164,128.0188,339.6,1.9,1.3,2014-12-06,0207,Terra,MODIS,65,6.2,318.4,28.8,D,0
-20.2503,128.6227,328.9,1.9,1.4,2014-12-06,0207,Terra,MODIS,33,6.2,301.9,27.4,D,0
-20.227,128.9951,335.6,2,1.4,2014-12-06,0207,Terra,MODIS,62,6.2,309.2,52.1,D,0
-20.2292,129.0146,335.4,2.1,1.4,2014-12-06,0207,Terra,MODIS,54,6.2,309,52.6,D,0
-20.2315,129.0344,333.6,2.1,1.4,2014-12-06,0207,Terra,MODIS,33,6.2,307.3,45.4,D,0
-20.3952,118.7689,350.3,1.4,1.2,2014-12-06,0207,Terra,MODIS,79,6.2,325.6,46.8,D,0
-20.3837,128.4111,339.8,1.9,1.3,2014-12-06,0207,Terra,MODIS,81,6.2,308.2,48.5,D,0
-20.3957,128.4097,340.4,1.9,1.3,2014-12-06,0207,Terra,MODIS,82,6.2,307.4,49.8,D,0
-20.3817,128.3934,336.8,1.9,1.3,2014-12-06,0207,Terra,MODIS,76,6.2,308.9,36.7,D,0
-20.3937,128.3919,335.1,1.9,1.3,2014-12-06,0207,Terra,MODIS,72,6.2,308,28.8,D,0
-20.299,119.5419,346,1.2,1.1,2014-12-06,0207,Terra,MODIS,87,6.2,323.9,25.3,D,0
-20.2984,119.5353,341.2,1.2,1.1,2014-12-06,0207,Terra,MODIS,63,6.2,323.1,12.5,D,0
-20.3004,119.5471,341.6,1.2,1.1,2014-12-06,0207,Terra,MODIS,67,6.2,325,13.6,D,0
-20.4033,118.754,346.1,1.4,1.2,2014-12-06,0207,Terra,MODIS,40,6.2,323.6,31.9,D,0
-20.4055,118.767,377.7,1.4,1.2,2014-12-06,0207,Terra,MODIS,100,6.2,329.4,170.7,D,0
-20.4159,118.765,376.8,1.4,1.2,2014-12-06,0207,Terra,MODIS,100,6.2,326.2,165.9,D,0
-20.4585,128.3771,392.2,1.9,1.3,2014-12-06,0207,Terra,MODIS,100,6.2,310.5,463.8,D,0
-20.4605,128.3949,356.9,1.9,1.3,2014-12-06,0207,Terra,MODIS,97,6.2,308.7,144.6,D,0
-20.4706,128.3757,337,1.9,1.3,2014-12-06,0207,Terra,MODIS,72,6.2,305.5,41.4,D,0
-20.4726,128.3934,354.5,1.9,1.3,2014-12-06,0207,Terra,MODIS,96,6.2,306.6,131.3,D,0
-19.5067,128.3869,337.9,1.8,1.3,2014-12-06,0207,Terra,MODIS,80,6.2,309.7,41.5,D,0
-19.5126,128.3796,333.7,1.8,1.3,2014-12-06,0207,Terra,MODIS,72,6.2,309.2,25.5,D,0
-19.5145,128.3968,335.9,1.8,1.3,2014-12-06,0207,Terra,MODIS,76,6.2,309.4,34.3,D,0
-19.5185,128.3854,334.1,1.8,1.3,2014-12-06,0207,Terra,MODIS,73,6.2,309.1,26.6,D,0
-19.5206,128.4026,337.9,1.8,1.3,2014-12-06,0207,Terra,MODIS,80,6.2,307.3,41.7,D,0
-19.5264,128.3953,333.4,1.8,1.3,2014-12-06,0207,Terra,MODIS,71,6.2,307.8,27.1,D,0
-20.4325,128.3624,333.9,1.9,1.3,2014-12-06,0207,Terra,MODIS,69,6.2,309,22.5,D,0
-20.4445,128.3609,344,1.9,1.3,2014-12-06,0207,Terra,MODIS,86,6.2,308.9,62.4,D,0
-20.4277,128.3697,341.2,1.9,1.3,2014-12-06,0207,Terra,MODIS,83,6.2,309.3,51.6,D,0
-22.0023,129.9857,354.2,2.6,1.5,2014-12-06,0207,Terra,MODIS,96,6.2,305.7,207.5,D,0
-21.9745,129.9888,332.1,2.6,1.5,2014-12-06,0207,Terra,MODIS,68,6.2,305.2,46.1,D,0
-21.969,129.9948,334.8,2.6,1.5,2014-12-06,0207,Terra,MODIS,74,6.2,305.7,58.3,D,0
-21.9411,129.9979,330.4,2.6,1.5,2014-12-06,0207,Terra,MODIS,35,6.2,306.4,38.1,D,0
-21.9043,130.0523,331.4,2.6,1.5,2014-12-06,0207,Terra,MODIS,62,6.2,307.8,40.5,D,0
-22.1049,130.4095,328.8,2.8,1.6,2014-12-06,0207,Terra,MODIS,57,6.2,298.5,45.7,D,0
-21.9169,127.8661,337.3,1.8,1.3,2014-12-06,0207,Terra,MODIS,38,6.2,318.4,25.8,D,0
-21.919,127.8835,340,1.8,1.3,2014-12-06,0207,Terra,MODIS,63,6.2,320.1,34.6,D,0
-21.921,127.901,338.9,1.8,1.3,2014-12-06,0207,Terra,MODIS,44,6.2,318.8,27.3,D,0
-21.9271,127.8943,340.2,1.8,1.3,2014-12-06,0207,Terra,MODIS,40,6.2,318.7,26.5,D,0
-21.9824,127.8521,348.2,1.8,1.3,2014-12-06,0207,Terra,MODIS,78,6.2,319.2,64.8,D,0
-21.9844,127.8695,351.2,1.8,1.3,2014-12-06,0207,Terra,MODIS,92,6.2,318.7,78.9,D,0
-22.0004,127.843,336.8,1.8,1.3,2014-12-06,0207,Terra,MODIS,58,6.2,317.2,28.6,D,0
-19.3375,128.0276,359.3,1.7,1.3,2014-12-06,0207,Terra,MODIS,99,6.2,307,131.3,D,0
-19.3279,128.0452,348.2,1.7,1.3,2014-12-06,0207,Terra,MODIS,91,6.2,309.8,74.7,D,0
-19.326,128.0291,437.9,1.7,1.3,2014-12-06,0207,Terra,MODIS,100,6.2,318.5,1170,D,0
-19.3241,128.0131,380.9,1.7,1.3,2014-12-06,0207,Terra,MODIS,100,6.2,311.3,285.3,D,0
-20.4397,128.3682,355.4,1.9,1.3,2014-12-06,0207,Terra,MODIS,96,6.2,309.4,123.6,D,0
-22.5956,129.5837,333.2,2.4,1.5,2014-12-06,0207,Terra,MODIS,65,6.2,309.9,39.8,D,0
-20.3341,119.5045,350.4,1.2,1.1,2014-12-06,0207,Terra,MODIS,92,6.2,324,40.3,D,0
-22.5748,129.5927,331.5,2.4,1.5,2014-12-06,0207,Terra,MODIS,58,6.2,309.3,34.7,D,0
-22.5773,129.6164,331,2.4,1.5,2014-12-06,0207,Terra,MODIS,55,6.2,307.9,33.9,D,0
-22.582,129.5852,334.9,2.4,1.5,2014-12-06,0207,Terra,MODIS,70,6.2,310.2,49.9,D,0
-22.5844,129.6089,350.3,2.4,1.5,2014-12-06,0207,Terra,MODIS,92,6.2,308.9,151.5,D,0
-22.598,129.6074,363.7,2.4,1.5,2014-12-06,0207,Terra,MODIS,100,6.2,308.5,274.7,D,0
-22.6093,129.5822,333.7,2.4,1.5,2014-12-06,0207,Terra,MODIS,65,6.2,310.3,42.2,D,0
-22.6116,129.6059,357.7,2.4,1.5,2014-12-06,0207,Terra,MODIS,98,6.2,310.4,214.5,D,0
-22.6205,129.5571,333,2.4,1.5,2014-12-06,0207,Terra,MODIS,52,6.2,311,38.4,D,0
-22.6229,129.5807,343.2,2.4,1.5,2014-12-06,0207,Terra,MODIS,85,6.2,312,99,D,0
-22.6253,129.6044,359.7,2.4,1.5,2014-12-06,0207,Terra,MODIS,99,6.2,309.6,235.4,D,0
-22.634,129.5555,333.7,2.4,1.5,2014-12-06,0207,Terra,MODIS,66,6.2,310.7,43.1,D,0
-22.6452,129.5305,333.5,2.4,1.5,2014-12-06,0207,Terra,MODIS,65,6.2,310.2,38.7,D,0
-22.6476,129.554,338.7,2.4,1.5,2014-12-06,0207,Terra,MODIS,78,6.2,310.4,69.4,D,0
-22.6302,129.5742,334.1,2.4,1.5,2014-12-06,0207,Terra,MODIS,55,6.2,311.1,46.7,D,0
-22.6325,129.598,335.7,2.4,1.5,2014-12-06,0207,Terra,MODIS,71,6.2,308.3,59.8,D,0
-26.4176,130.4764,355.3,3.2,1.7,2014-12-06,0208,Terra,MODIS,96,6.2,312.1,278.6,D,0
-26.4208,130.4833,348.7,3.2,1.7,2014-12-06,0208,Terra,MODIS,91,6.2,311.4,198.1,D,0
-26.4023,130.4778,332.4,3.2,1.7,2014-12-06,0208,Terra,MODIS,60,6.2,311.3,52.8,D,0
-26.4181,130.4515,340.6,3.1,1.7,2014-12-06,0208,Terra,MODIS,81,6.2,311.6,116.2,D,0
-26.4055,130.4847,333.7,3.2,1.7,2014-12-06,0208,Terra,MODIS,65,6.2,311.2,60.6,D,0
-26.4151,130.4446,332.5,3.1,1.7,2014-12-06,0208,Terra,MODIS,60,6.2,311.5,53.1,D,0
-28.5622,125.7624,333.4,1.6,1.2,2014-12-06,0209,Terra,MODIS,71,6.2,311.8,25.3,D,0
-37.1898,144.0791,348.5,1.6,1.2,2014-12-06,0447,Aqua,MODIS,94,6.2,302.9,98.3,D,0
-37.1862,144.097,327.6,1.6,1.2,2014-12-06,0447,Aqua,MODIS,81,6.2,302,31.8,D,0
-37.1875,144.0906,341.4,1.6,1.2,2014-12-06,0447,Aqua,MODIS,91,6.2,302.6,71.7,D,0
-37.191,144.0724,328.5,1.6,1.2,2014-12-06,0447,Aqua,MODIS,81,6.2,302.6,33.1,D,0
-26.1985,135.9552,379.1,1,1,2014-12-06,0451,Aqua,MODIS,100,6.2,325.5,119.9,D,0
-26.2,135.9451,350.1,1,1,2014-12-06,0451,Aqua,MODIS,92,6.2,323.1,31.2,D,0
-26.191,135.9434,339.8,1,1,2014-12-06,0451,Aqua,MODIS,58,6.2,318.2,10.6,D,0
-26.1895,135.9535,339.5,1,1,2014-12-06,0451,Aqua,MODIS,52,6.2,318,10.1,D,0
-22.5337,140.2686,342.3,1.9,1.3,2014-12-06,0451,Aqua,MODIS,83,6.2,311.9,61.8,D,0
-26.1741,135.9335,338.7,1,1,2014-12-06,0451,Aqua,MODIS,69,6.2,319.4,10.8,D,0
-26.1727,135.9436,342.2,1,1,2014-12-06,0451,Aqua,MODIS,83,6.2,319.5,17.5,D,0
-26.197,135.9653,347.1,1,1,2014-12-06,0451,Aqua,MODIS,89,6.2,321.7,24.7,D,0
-26.1819,135.9417,337.2,1,1,2014-12-06,0451,Aqua,MODIS,58,6.2,318.3,7,D,0
-19.9409,138.5513,329.8,1.6,1.2,2014-12-06,0452,Aqua,MODIS,43,6.2,304.4,17.4,D,0
-22.3094,127.7444,344.9,2.1,1.4,2014-12-06,0452,Aqua,MODIS,51,6.2,322.2,55.8,D,0
-23.1387,128.9936,367.3,1.7,1.3,2014-12-06,0452,Aqua,MODIS,100,6.2,321.8,168.1,D,0
-23.1405,128.9767,358.5,1.7,1.3,2014-12-06,0452,Aqua,MODIS,98,6.2,321.2,113.6,D,0
-23.1433,128.989,368.6,1.7,1.3,2014-12-06,0452,Aqua,MODIS,100,6.2,321.9,179,D,0
-21.7116,128.9464,341.1,1.7,1.3,2014-12-06,0452,Aqua,MODIS,72,6.2,315.5,31.3,D,0
-22.6553,129.565,360.1,1.6,1.2,2014-12-06,0452,Aqua,MODIS,99,6.2,313.2,112.1,D,0
-22.6758,129.5831,343,1.6,1.2,2014-12-06,0452,Aqua,MODIS,68,6.2,312.2,46.5,D,0
-22.6664,129.5665,351.4,1.6,1.2,2014-12-06,0452,Aqua,MODIS,80,6.2,316.2,75.5,D,0
-18.9104,142.079,333.4,3,1.6,2014-12-06,0452,Aqua,MODIS,69,6.2,303,75.5,D,0
-23.7232,126.4046,353.2,2.7,1.6,2014-12-06,0452,Aqua,MODIS,94,6.2,325.8,151.2,D,0
-23.6922,126.4281,374.7,2.7,1.6,2014-12-06,0452,Aqua,MODIS,100,6.2,322.3,444.5,D,0
-23.6946,126.4015,351.1,2.7,1.6,2014-12-06,0452,Aqua,MODIS,93,6.2,322.1,146.3,D,0
-23.6858,126.447,342.1,2.7,1.6,2014-12-06,0452,Aqua,MODIS,81,6.2,316.4,85.5,D,0
-23.7089,126.4031,366.2,2.7,1.6,2014-12-06,0452,Aqua,MODIS,100,6.2,324.7,304.5,D,0
-23.7113,126.3765,390.2,2.7,1.6,2014-12-06,0452,Aqua,MODIS,100,6.2,327.3,707.1,D,0
-23.6884,126.4206,360.7,2.7,1.6,2014-12-06,0452,Aqua,MODIS,100,6.2,321.3,255.7,D,0
-23.7064,126.4296,342.5,2.7,1.6,2014-12-06,0452,Aqua,MODIS,69,6.2,322.2,76.5,D,0
-23.74,126.3794,347.4,2.7,1.6,2014-12-06,0452,Aqua,MODIS,89,6.2,327,99,D,0
-23.7256,126.378,387.5,2.7,1.6,2014-12-06,0452,Aqua,MODIS,100,6.2,332.7,652.2,D,0
-20.4717,128.3638,335.4,1.8,1.3,2014-12-06,0452,Aqua,MODIS,46,6.2,305.6,52.5,D,0
-20.4782,128.3696,333.9,1.8,1.3,2014-12-06,0452,Aqua,MODIS,57,6.2,303.8,41.1,D,0
-22.19,132.6474,350.1,1.1,1,2014-12-06,0452,Aqua,MODIS,93,6.2,309.4,44.5,D,0
-22.1928,132.6267,341.2,1.1,1,2014-12-06,0452,Aqua,MODIS,75,6.2,312.6,20.7,D,0
-23.7281,126.3513,342.2,2.7,1.6,2014-12-06,0452,Aqua,MODIS,66,6.2,326.1,54.2,D,0
-19.2271,127.5716,336.1,1.9,1.4,2014-12-06,0453,Aqua,MODIS,41,6.2,311.8,23.3,D,0
-19.1988,127.5609,366.6,1.9,1.4,2014-12-06,0453,Aqua,MODIS,100,6.2,317,192.7,D,0
-19.0012,129.0244,333.7,1.5,1.2,2014-12-06,0453,Aqua,MODIS,33,6.2,308,17.2,D,0
-19.2026,127.5686,352.6,1.9,1.4,2014-12-06,0453,Aqua,MODIS,94,6.2,315.5,100.8,D,0
-19.2046,127.5502,369.2,1.9,1.4,2014-12-06,0453,Aqua,MODIS,100,6.2,317.7,218.9,D,0
-19.1923,127.5487,364.7,1.9,1.4,2014-12-06,0453,Aqua,MODIS,100,6.2,318.1,177.4,D,0
-19.201,127.5426,364.4,1.9,1.4,2014-12-06,0453,Aqua,MODIS,100,6.2,317.7,175.4,D,0
-19.1887,127.5411,340.6,1.9,1.4,2014-12-06,0453,Aqua,MODIS,81,6.2,317.7,33.9,D,0
-19.2168,127.5518,399.7,1.9,1.4,2014-12-06,0453,Aqua,MODIS,100,6.2,319,585,D,0
-19.2089,127.5807,345.2,1.9,1.4,2014-12-06,0453,Aqua,MODIS,87,6.2,313.6,63.3,D,0
-19.2111,127.5624,419,1.9,1.4,2014-12-06,0453,Aqua,MODIS,100,6.2,324.5,934.2,D,0
-19.2132,127.5441,342.1,1.9,1.4,2014-12-06,0453,Aqua,MODIS,70,6.2,315.5,43.5,D,0
-19.2148,127.5701,418,1.9,1.4,2014-12-06,0453,Aqua,MODIS,100,6.2,321.2,916.7,D,0
-18.7578,127.5513,331.1,1.9,1.3,2014-12-06,0453,Aqua,MODIS,57,6.2,305.9,21.6,D,0
-19.7242,128.6993,335.6,1.6,1.3,2014-12-06,0453,Aqua,MODIS,45,6.2,303.5,42.7,D,0
-19.726,128.6838,344.8,1.6,1.3,2014-12-06,0453,Aqua,MODIS,83,6.2,306.2,76.7,D,0
-19.7147,128.6823,349.5,1.6,1.3,2014-12-06,0453,Aqua,MODIS,88,6.2,308.4,96.8,D,0
-19.7034,128.6808,346.3,1.6,1.3,2014-12-06,0453,Aqua,MODIS,81,6.2,307.5,83.9,D,0
-19.7148,128.6928,351.6,1.6,1.3,2014-12-06,0453,Aqua,MODIS,93,6.2,311.1,100.3,D,0
-19.7034,128.6914,340.7,1.6,1.3,2014-12-06,0453,Aqua,MODIS,71,6.2,308.8,55.2,D,0
-16.796,125.8531,328.8,2.4,1.5,2014-12-06,0453,Aqua,MODIS,31,6.2,301,32.6,D,0
-16.7985,125.8308,332.4,2.4,1.5,2014-12-06,0453,Aqua,MODIS,74,6.2,301,50.5,D,0
-18.7734,127.5584,331,1.9,1.3,2014-12-06,0453,Aqua,MODIS,46,6.2,303.6,24.6,D,0
-18.7612,127.557,341.3,1.9,1.3,2014-12-06,0453,Aqua,MODIS,82,6.2,305.7,62.4,D,0
-18.8114,126.3851,344,2.3,1.5,2014-12-06,0453,Aqua,MODIS,85,6.2,302,109.4,D,0
-18.8138,126.363,337.7,2.3,1.5,2014-12-06,0453,Aqua,MODIS,76,6.2,300.8,75.3,D,0
-18.7981,126.3837,344.8,2.3,1.5,2014-12-06,0453,Aqua,MODIS,86,6.2,306.5,108.3,D,0
-18.8004,126.3616,377.2,2.3,1.5,2014-12-06,0453,Aqua,MODIS,100,6.2,307.1,422.8,D,0
-18.8027,126.3392,334.5,2.3,1.5,2014-12-06,0453,Aqua,MODIS,68,6.2,305.1,52.5,D,0
-18.7871,126.36,333.3,2.3,1.5,2014-12-06,0453,Aqua,MODIS,64,6.2,306.8,40.8,D,0
-18.802,126.3772,361.2,2.3,1.5,2014-12-06,0453,Aqua,MODIS,100,6.2,306.1,235,D,0
-18.8045,126.3551,355.3,2.3,1.5,2014-12-06,0453,Aqua,MODIS,96,6.2,305.2,185.7,D,0
-18.7887,126.3757,344.7,2.3,1.5,2014-12-06,0453,Aqua,MODIS,86,6.2,307.8,102,D,0
-18.7911,126.3535,346,2.3,1.5,2014-12-06,0453,Aqua,MODIS,88,6.2,307.2,112.6,D,0
-16.6535,125.8705,324.4,2.4,1.5,2014-12-06,0454,Aqua,MODIS,38,6.2,296.9,23.3,D,0
-16.7372,125.4402,327.5,2.6,1.5,2014-12-06,0454,Aqua,MODIS,41,6.2,300.2,28.1,D,0
-16.6647,125.8558,329.7,2.4,1.5,2014-12-06,0454,Aqua,MODIS,63,6.2,296.5,44.5,D,0
-14.1262,131.3334,326,1,1,2014-12-06,0454,Aqua,MODIS,61,6.2,285.5,18.6,D,0
-34.3781,116.5911,367.8,1.3,1.1,2014-12-06,0627,Aqua,MODIS,100,6.2,306.4,146.4,D,0
-34.3756,116.605,345.7,1.3,1.1,2014-12-06,0627,Aqua,MODIS,91,6.2,300.6,66.3,D,0
-34.3529,116.5551,351.4,1.3,1.1,2014-12-06,0627,Aqua,MODIS,95,6.2,303,77.5,D,0
-33.9487,115.2051,323.2,1.1,1.1,2014-12-06,0627,Aqua,MODIS,64,6.2,303.5,14.1,D,0
-34.3554,116.5411,347.4,1.3,1.1,2014-12-06,0627,Aqua,MODIS,76,6.2,305.3,65.6,D,0
-33.9507,115.1929,329.6,1.1,1.1,2014-12-06,0627,Aqua,MODIS,76,6.2,304.4,23.3,D,0
-34.3578,116.5273,331.5,1.3,1.1,2014-12-06,0627,Aqua,MODIS,79,6.2,305.1,32,D,0
-34.3453,116.5385,348.3,1.3,1.1,2014-12-06,0627,Aqua,MODIS,63,6.2,302.9,65.5,D,0
-34.3478,116.5245,328.8,1.3,1.1,2014-12-06,0627,Aqua,MODIS,71,6.2,303.4,26.5,D,0
-34.3353,116.5358,345.7,1.3,1.1,2014-12-06,0627,Aqua,MODIS,63,6.2,303.4,59.4,D,0
-34.3378,116.5219,327.2,1.3,1.1,2014-12-06,0627,Aqua,MODIS,73,6.2,304,25.1,D,0
-34.3288,116.5286,329.6,1.3,1.1,2014-12-06,0627,Aqua,MODIS,63,6.2,303.2,27.1,D,0
-34.3264,116.5425,329.2,1.3,1.1,2014-12-06,0627,Aqua,MODIS,40,6.2,300.8,26.1,D,0
-34.3705,116.5745,361,1.3,1.1,2014-12-06,0627,Aqua,MODIS,100,6.2,309.7,114,D,0
-34.3654,116.5439,352.2,1.3,1.1,2014-12-06,0627,Aqua,MODIS,95,6.2,306.5,83,D,0
-34.3679,116.53,324.3,1.3,1.1,2014-12-06,0627,Aqua,MODIS,68,6.2,304.5,21.6,D,0
-34.368,116.5884,400.6,1.3,1.1,2014-12-06,0627,Aqua,MODIS,100,6.2,309.2,360.3,D,0
-34.8322,116.9262,333.4,1.3,1.1,2014-12-06,0627,Aqua,MODIS,84,6.2,294.8,41.4,D,0
-34.8242,116.9339,325.7,1.3,1.1,2014-12-06,0627,Aqua,MODIS,76,6.2,295.4,27.9,D,0
-34.8268,116.9192,328.1,1.3,1.1,2014-12-06,0627,Aqua,MODIS,79,6.2,295.3,32.1,D,0
-34.8848,117.2691,322,1.4,1.2,2014-12-06,0627,Aqua,MODIS,66,6.2,297.4,21.8,D,0
-22.6299,120.6177,330.8,4.3,1.9,2014-12-06,0630,Aqua,MODIS,43,6.2,315.8,47.6,D,0
-22.613,120.6134,340.4,4.3,1.9,2014-12-06,0630,Aqua,MODIS,80,6.2,317.1,160.3,D,0
-23.3033,114.724,342.4,1.6,1.2,2014-12-06,0630,Aqua,MODIS,59,6.2,320,30.5,D,0
-23.2895,114.737,342.7,1.6,1.2,2014-12-06,0630,Aqua,MODIS,84,6.2,319.5,33.7,D,0
-23.2784,114.7347,337.7,1.6,1.2,2014-12-06,0630,Aqua,MODIS,73,6.2,318.6,17.9,D,0
-23.3224,114.6805,366.3,1.6,1.2,2014-12-06,0630,Aqua,MODIS,100,6.2,320.6,142.7,D,0
-20.3979,118.7385,340.9,3.5,1.8,2014-12-06,0631,Aqua,MODIS,81,6.2,318.5,132.1,D,0
-20.4212,118.7483,335.2,3.5,1.8,2014-12-06,0631,Aqua,MODIS,28,6.2,317.4,57.6,D,0
-20.4055,118.7447,359.9,3.5,1.8,2014-12-06,0631,Aqua,MODIS,99,6.2,319.9,376.2,D,0
-20.4136,118.7421,346.4,3.5,1.8,2014-12-06,0631,Aqua,MODIS,88,6.2,318.9,185.6,D,0
-20.3898,118.7411,334.9,3.5,1.8,2014-12-06,0631,Aqua,MODIS,52,6.2,317.7,74.8,D,0
-30.2665,148.4897,307.9,1.5,1.2,2014-12-06,1236,Terra,MODIS,73,6.2,291.7,14.7,N,0
-24.5752,151.7064,302.5,1,1,2014-12-06,1238,Terra,MODIS,49,6.2,290.1,4.8,N,0
-28.5772,125.95,310.9,1.1,1,2014-12-06,1415,Terra,MODIS,80,6.2,296.6,9.4,N,0
-28.5558,126.1177,310.3,1.1,1,2014-12-06,1415,Terra,MODIS,79,6.2,296.4,9,N,0
-28.5587,125.7553,319.6,1.1,1.1,2014-12-06,1415,Terra,MODIS,99,6.2,297.3,18.1,N,0
-28.5602,125.7438,314,1.1,1.1,2014-12-06,1415,Terra,MODIS,88,6.2,297.2,12.4,N,0
-25.2917,132.0202,365.2,1.5,1.2,2014-12-06,1416,Terra,MODIS,100,6.2,280.9,185.3,N,0
-25.2891,132.0351,383.4,1.5,1.2,2014-12-06,1416,Terra,MODIS,100,6.2,288.1,310.2,N,0
-25.2783,132.0327,346.4,1.5,1.2,2014-12-06,1416,Terra,MODIS,100,6.2,282.6,104.3,N,0
-25.2809,132.0178,319.6,1.5,1.2,2014-12-06,1416,Terra,MODIS,67,6.2,282.4,33.7,N,0
-22.0212,127.7899,356.3,1,1,2014-12-06,1417,Terra,MODIS,100,6.2,298.6,79.3,N,0
-22.2874,129.6976,323.3,1.2,1.1,2014-12-06,1417,Terra,MODIS,100,6.2,298.7,24,N,0
-22.6128,120.6329,311,1.9,1.3,2014-12-06,1417,Terra,MODIS,72,6.2,299,17.4,N,0
-21.9063,130.0205,308.2,1.3,1.1,2014-12-06,1417,Terra,MODIS,66,6.2,298,6.2,N,0
-22.2855,129.7095,308.7,1.2,1.1,2014-12-06,1417,Terra,MODIS,56,6.2,297.6,7.1,N,0
-22.2973,129.6996,334.7,1.2,1.1,2014-12-06,1417,Terra,MODIS,100,6.2,299.1,43.6,N,0
-22.2954,129.7115,307.4,1.2,1.1,2014-12-06,1417,Terra,MODIS,47,6.2,297.4,6.1,N,0
-22.2987,129.6939,325.3,1.2,1.1,2014-12-06,1417,Terra,MODIS,100,6.2,298.5,27.4,N,0
-22.2967,129.7057,336.2,1.2,1.1,2014-12-06,1417,Terra,MODIS,100,6.2,298.3,46.9,N,0
-21.957,129.9661,306.8,1.3,1.1,2014-12-06,1417,Terra,MODIS,20,6.2,296.3,5.4,N,0
-22.0425,127.773,325.5,1,1,2014-12-06,1417,Terra,MODIS,97,6.2,299.7,23.1,N,0
-22.0319,127.7814,347,1,1,2014-12-06,1417,Terra,MODIS,100,6.2,300.4,58.1,N,0
-22.1934,132.6724,314.7,1.9,1.4,2014-12-06,1417,Terra,MODIS,43,6.2,288.8,28.3,N,0
-22.2295,132.6813,344.7,1.9,1.4,2014-12-06,1417,Terra,MODIS,100,6.2,289.6,131.1,N,0
-22.2262,132.6992,307.8,1.9,1.4,2014-12-06,1417,Terra,MODIS,48,6.2,286.9,16.9,N,0
-22.2362,132.6692,313.6,1.9,1.4,2014-12-06,1417,Terra,MODIS,64,6.2,287,29.8,N,0
-22.2328,132.6874,341,1.9,1.4,2014-12-06,1417,Terra,MODIS,100,6.2,289.2,114.5,N,0
-22.0334,127.7714,367.6,1,1,2014-12-06,1417,Terra,MODIS,100,6.2,300.9,113,N,0
-22.0842,127.8589,322.7,1,1,2014-12-06,1417,Terra,MODIS,100,6.2,299.4,18.2,N,0
-22.0857,127.8488,316.5,1,1,2014-12-06,1417,Terra,MODIS,64,6.2,295.4,11.8,N,0
-22.075,127.8572,347.9,1,1,2014-12-06,1417,Terra,MODIS,100,6.2,304.3,58.5,N,0
-22.0765,127.8472,342.6,1,1,2014-12-06,1417,Terra,MODIS,100,6.2,304.2,47,N,0
-22.0029,127.7866,315.7,1,1,2014-12-06,1417,Terra,MODIS,28,6.2,293.8,11.2,N,0
-22.0136,127.7782,315.7,1,1,2014-12-06,1417,Terra,MODIS,46,6.2,285,11.5,N,0
-22.0242,127.7698,312,1,1,2014-12-06,1417,Terra,MODIS,20,6.2,293.5,10,N,0
-22.0227,127.7798,346.1,1,1,2014-12-06,1417,Terra,MODIS,100,6.2,294.6,55.6,N,0
-22.0567,127.8539,315.5,1,1,2014-12-06,1417,Terra,MODIS,64,6.2,294.2,11,N,0
-22.0582,127.8439,314.8,1,1,2014-12-06,1417,Terra,MODIS,36,6.2,298.2,9.3,N,0
-22.0061,127.8904,311.5,1,1,2014-12-06,1417,Terra,MODIS,14,6.2,297.8,8.8,N,0
-21.9969,127.8887,312.6,1,1,2014-12-06,1417,Terra,MODIS,52,6.2,300.8,9,N,0
-21.9051,127.8872,311.8,1,1,2014-12-06,1417,Terra,MODIS,82,6.2,301,7.9,N,0
-21.9067,127.8771,309.8,1,1,2014-12-06,1417,Terra,MODIS,71,6.2,299,6.2,N,0
-23.1483,128.978,311.8,1.1,1.1,2014-12-06,1417,Terra,MODIS,79,6.2,301,7.4,N,0
-23.1537,128.9743,313,1.1,1.1,2014-12-06,1417,Terra,MODIS,82,6.2,301.2,8.3,N,0
-20.167,131.1532,306,1.6,1.3,2014-12-06,1417,Terra,MODIS,54,6.2,285.4,11.4,N,0
-22.6432,129.4655,309.6,1.2,1.1,2014-12-06,1417,Terra,MODIS,51,6.2,299.4,6.2,N,0
-23.6232,126.4466,321.9,1,1,2014-12-06,1417,Terra,MODIS,100,6.2,301.8,15.1,N,0
-23.6751,126.4051,313.1,1,1,2014-12-06,1417,Terra,MODIS,42,6.2,300.9,6.4,N,0
-23.6765,126.3952,314.8,1,1,2014-12-06,1417,Terra,MODIS,46,6.2,301.7,8,N,0
-23.6661,126.4035,317.2,1,1,2014-12-06,1417,Terra,MODIS,59,6.2,302.4,9.1,N,0
-23.6585,126.3922,326.3,1,1,2014-12-06,1417,Terra,MODIS,100,6.2,302.8,19.4,N,0
-23.6481,126.4005,312.9,1,1,2014-12-06,1417,Terra,MODIS,16,6.2,302.7,6.3,N,0
-23.6467,126.4103,341.9,1,1,2014-12-06,1417,Terra,MODIS,100,6.2,305.3,41.8,N,0
-23.6322,126.4481,313.1,1,1,2014-12-06,1417,Terra,MODIS,67,6.2,300.9,7.2,N,0
-23.6675,126.3937,328.5,1,1,2014-12-06,1417,Terra,MODIS,100,6.2,303,21.7,N,0
-23.6571,126.402,320.5,1,1,2014-12-06,1417,Terra,MODIS,100,6.2,303,12.7,N,0
-23.6842,126.4066,311.9,1,1,2014-12-06,1417,Terra,MODIS,62,6.2,300.4,6.4,N,0
-23.6377,126.4088,313.1,1,1,2014-12-06,1417,Terra,MODIS,38,6.2,302.8,6.7,N,0
-18.3979,129.0412,307.2,1.3,1.1,2014-12-06,1418,Terra,MODIS,32,6.2,289.6,7.7,N,0
-19.2439,127.5748,321.8,1.1,1,2014-12-06,1418,Terra,MODIS,100,6.2,299.4,17.6,N,0
-19.2454,127.5646,325.2,1.1,1,2014-12-06,1418,Terra,MODIS,100,6.2,299.2,21.8,N,0
-18.715,126.8721,319.7,1,1,2014-12-06,1418,Terra,MODIS,99,6.2,299.8,13,N,0
-18.7165,126.8623,322,1,1,2014-12-06,1418,Terra,MODIS,100,6.2,299.9,15.4,N,0
-18.7074,126.8608,315.8,1,1,2014-12-06,1418,Terra,MODIS,89,6.2,299.6,9.5,N,0
-20.7326,139.4828,307.7,1.5,1.2,2014-12-06,1546,Aqua,MODIS,72,6.2,295.4,9.1,N,2
-24.7823,145.2512,300.5,1.1,1,2014-12-06,1547,Aqua,MODIS,29,6.2,289.6,5.6,N,0
-22.5045,140.2707,308,1.3,1.1,2014-12-06,1547,Aqua,MODIS,45,6.2,286.1,14.6,N,0
-23.7668,151.2069,311.5,2.5,1.5,2014-12-06,1547,Aqua,MODIS,83,6.2,290.9,44.7,N,0
-25.2858,132.0542,303.4,4.1,1.9,2014-12-06,1548,Aqua,MODIS,55,6.2,289.9,38.2,N,0
-25.2809,132.0597,301.9,4.1,1.9,2014-12-06,1548,Aqua,MODIS,45,6.2,289.7,31.2,N,0
-25.2721,132.02,300.7,4.1,1.9,2014-12-06,1548,Aqua,MODIS,29,6.2,289.5,26.3,N,0
-22.0745,127.8822,330.6,3,1.7,2014-12-06,1725,Aqua,MODIS,100,6.2,299.5,130.5,N,0
-22.0658,127.7936,348.6,3,1.6,2014-12-06,1725,Aqua,MODIS,100,6.2,299.9,273.5,N,0
-22.2795,129.7031,311.7,4.2,1.9,2014-12-06,1725,Aqua,MODIS,80,6.2,294.4,69.2,N,0
-22.0509,127.7952,369.6,3,1.6,2014-12-06,1725,Aqua,MODIS,100,6.2,301.4,547.5,N,0
-22.0211,127.7982,318.2,3,1.6,2014-12-06,1725,Aqua,MODIS,96,6.2,298.8,59.7,N,0
-22.0566,127.8539,322.1,3,1.7,2014-12-06,1725,Aqua,MODIS,100,6.2,298.7,79.8,N,0
-22.037,127.8187,339.2,3,1.7,2014-12-06,1725,Aqua,MODIS,100,6.2,299.7,187.2,N,0
-22.0344,127.7895,346.2,3,1.6,2014-12-06,1725,Aqua,MODIS,100,6.2,299.7,247.1,N,0
-22.0195,127.7911,316.7,3,1.6,2014-12-06,1725,Aqua,MODIS,93,6.2,298.7,51.3,N,0
-22.2828,129.7438,315.5,4.2,1.9,2014-12-06,1725,Aqua,MODIS,90,6.2,294.3,94.6,N,0
-22.3,129.7423,306.5,4.2,1.9,2014-12-06,1725,Aqua,MODIS,60,6.2,294,46.4,N,0
-22.2828,129.6984,309.6,4.2,1.9,2014-12-06,1725,Aqua,MODIS,74,6.2,294.4,58.7,N,0
-22.0643,127.7864,339.9,3,1.6,2014-12-06,1725,Aqua,MODIS,100,6.2,299.2,194.8,N,0
-22.2859,129.7391,322.3,4.2,1.9,2014-12-06,1725,Aqua,MODIS,100,6.2,294.4,147.2,N,0
-22.067,127.8158,355.9,3,1.7,2014-12-06,1725,Aqua,MODIS,100,6.2,301,359.4,N,0
-22.036,127.7967,354.3,3,1.6,2014-12-06,1725,Aqua,MODIS,100,6.2,300.5,334.6,N,0
-22.0332,127.7674,311.2,3,1.6,2014-12-06,1725,Aqua,MODIS,78,6.2,298.5,29.4,N,0
-22.0724,127.8749,332.6,3,1.7,2014-12-06,1725,Aqua,MODIS,100,6.2,299.4,146.5,N,0
-22.0573,127.8765,324.1,3,1.7,2014-12-06,1725,Aqua,MODIS,100,6.2,299.1,91.3,N,0
-22.0547,127.8467,325.3,3,1.7,2014-12-06,1725,Aqua,MODIS,100,6.2,299,95.9,N,0
-22.0538,127.8245,380.9,3,1.7,2014-12-06,1725,Aqua,MODIS,100,6.2,303,759.8,N,0
-22.0494,127.7879,345.7,3,1.6,2014-12-06,1725,Aqua,MODIS,100,6.2,299.6,244.3,N,0
-22.0388,127.8258,330.3,3,1.7,2014-12-06,1725,Aqua,MODIS,100,6.2,299.2,124.6,N,0
-22.0716,127.8524,313,3,1.7,2014-12-06,1725,Aqua,MODIS,84,6.2,298.4,37.9,N,0
-22.0687,127.823,338.2,3,1.7,2014-12-06,1725,Aqua,MODIS,100,6.2,299.5,180.7,N,0
-22.0595,127.8837,317.5,3,1.7,2014-12-06,1725,Aqua,MODIS,94,6.2,299,59.6,N,0
-22.052,127.8173,391.5,3,1.7,2014-12-06,1725,Aqua,MODIS,100,6.2,303.9,1004.3,N,0
-22.6116,120.6363,320.2,1.1,1,2014-12-06,1726,Aqua,MODIS,100,6.2,299.2,15.3,N,0
-22.6037,120.6481,309.8,1.1,1,2014-12-06,1726,Aqua,MODIS,42,6.2,299.3,5.6,N,0
-22.6195,120.6245,309.2,1.1,1,2014-12-06,1726,Aqua,MODIS,34,6.2,298,5.9,N,0
-23.6502,126.4001,311,2.5,1.5,2014-12-06,1726,Aqua,MODIS,78,6.2,298.6,28,N,0
-23.6639,126.3986,310.6,2.5,1.5,2014-12-06,1726,Aqua,MODIS,77,6.2,298.4,27.1,N,0
-34.363,116.596,300.5,1,1,2014-12-06,1729,Aqua,MODIS,28,6.2,273.7,7.4,N,0
-33.8676,151.2032,318.5,1.8,1.3,2014-12-06,2337,Terra,MODIS,0,6.2,299,11.8,D,0
-11.0937,142.1795,318.8,1.4,1.2,2014-12-07,0109,Terra,MODIS,38,6.2,292.1,10.8,D,0
-12.4882,134.9955,328.8,1.3,1.1,2014-12-07,0109,Terra,MODIS,70,6.2,294.1,20.5,D,0
-10.9616,142.4773,318.7,1.4,1.2,2014-12-07,0109,Terra,MODIS,0,6.2,296.5,14,D,0
-11.7828,135.9011,327.5,1.2,1.1,2014-12-07,0109,Terra,MODIS,75,6.2,298.9,18.8,D,0
-13.2243,135.6246,345.4,1.2,1.1,2014-12-07,0110,Terra,MODIS,92,6.2,299.8,47.3,D,0
-15.6543,141.7845,321.3,1.5,1.2,2014-12-07,0110,Terra,MODIS,30,6.2,297.9,17.6,D,0
-14.0805,143.3177,334.8,1.8,1.3,2014-12-07,0110,Terra,MODIS,64,6.2,290.4,59,D,0
-16.249,142.7898,325.9,1.8,1.3,2014-12-07,0110,Terra,MODIS,28,6.2,301.4,17,D,0
-16.251,142.8062,324.9,1.8,1.3,2014-12-07,0110,Terra,MODIS,33,6.2,300.4,15,D,0
-15.4121,143.5552,322.1,2,1.4,2014-12-07,0110,Terra,MODIS,33,6.2,299.3,30.2,D,0
-13.2772,135.5833,331.9,1.2,1.1,2014-12-07,0110,Terra,MODIS,43,6.2,294.2,17.4,D,0
-15.1239,144.175,323.2,2.2,1.4,2014-12-07,0110,Terra,MODIS,38,6.2,299.5,22.4,D,0
-16.242,142.7965,340.9,1.8,1.3,2014-12-07,0110,Terra,MODIS,88,6.2,303.6,63.5,D,0
-14.0528,143.2876,317.9,1.8,1.3,2014-12-07,0110,Terra,MODIS,27,6.2,293.3,14.3,D,0
-15.4334,142.8334,323.6,1.7,1.3,2014-12-07,0110,Terra,MODIS,47,6.2,299.4,23.2,D,0
-14.0944,143.3327,324.6,1.8,1.3,2014-12-07,0110,Terra,MODIS,70,6.2,288.3,34.5,D,0
-14.0687,143.3192,343,1.8,1.3,2014-12-07,0110,Terra,MODIS,92,6.2,292.8,90.4,D,0
-14.0826,143.3341,350,1.8,1.3,2014-12-07,0110,Terra,MODIS,95,6.2,291.4,124.9,D,0
-14.9602,143.2465,321.3,1.8,1.3,2014-12-07,0110,Terra,MODIS,27,6.2,297.8,23.4,D,0
-14.0549,143.3041,322.7,1.8,1.3,2014-12-07,0110,Terra,MODIS,64,6.2,293.7,26.1,D,0
-13.8621,136.7558,332.7,1,1,2014-12-07,0110,Terra,MODIS,75,6.2,303.4,15.6,D,0
-17.7346,141.0597,332,1.4,1.2,2014-12-07,0111,Terra,MODIS,79,6.2,294.3,32.4,D,0
-17.7788,140.6957,321.9,1.3,1.1,2014-12-07,0111,Terra,MODIS,54,6.2,292.5,13.6,D,0
-18.377,129.0378,326.3,2.7,1.6,2014-12-07,0111,Terra,MODIS,56,6.2,297.4,42,D,0
-18.391,129.035,325.2,2.7,1.6,2014-12-07,0111,Terra,MODIS,53,6.2,298,32.7,D,0
-22.0605,127.8822,339.1,2.7,1.6,2014-12-07,0112,Terra,MODIS,80,6.2,311.3,77.8,D,0
-22.0631,127.8747,338.9,2.7,1.6,2014-12-07,0112,Terra,MODIS,78,6.2,311.7,74.7,D,0
-22.0554,127.8563,337.5,2.7,1.6,2014-12-07,0112,Terra,MODIS,72,6.2,311.8,64.2,D,0
-22.3093,129.7301,333.3,2,1.4,2014-12-07,0112,Terra,MODIS,44,6.2,304.4,43.3,D,0
-22.0577,127.8488,334.9,2.7,1.6,2014-12-07,0112,Terra,MODIS,28,6.2,312.4,45.5,D,0
-22.0309,127.807,333.9,2.8,1.6,2014-12-07,0112,Terra,MODIS,54,6.2,311.9,45.7,D,0
-22.3052,129.5703,328.7,2,1.4,2014-12-07,0112,Terra,MODIS,32,6.2,308.2,22.2,D,0
-22.3088,129.5898,331.3,2,1.4,2014-12-07,0112,Terra,MODIS,44,6.2,308.9,26.4,D,0
-22.31,129.5836,332.6,2,1.4,2014-12-07,0112,Terra,MODIS,55,6.2,308.7,31.9,D,0
-23.0252,130.4078,339.3,1.7,1.3,2014-12-07,0112,Terra,MODIS,82,6.2,311.4,46.1,D,0
-23.0222,130.3911,334,1.7,1.3,2014-12-07,0112,Terra,MODIS,74,6.2,311.2,25.8,D,0
-23.0212,130.4027,340.2,1.7,1.3,2014-12-07,0112,Terra,MODIS,83,6.2,311.7,49.7,D,0
-20.1502,131.1328,331.6,1.7,1.3,2014-12-07,0112,Terra,MODIS,63,6.2,303.3,32,D,0
-23.0137,130.4102,332,1.7,1.3,2014-12-07,0112,Terra,MODIS,67,6.2,311.1,21.8,D,0
-20.1531,131.1493,332.5,1.7,1.3,2014-12-07,0112,Terra,MODIS,68,6.2,302.1,32.7,D,0
-26.1885,135.9479,355.1,1,1,2014-12-07,0113,Terra,MODIS,96,6.2,316.6,49,D,0
-26.199,135.9565,353.4,1,1,2014-12-07,0113,Terra,MODIS,95,6.2,314.3,44.1,D,0
-26.2004,135.9666,361.2,1,1,2014-12-07,0113,Terra,MODIS,100,6.2,312.9,64.3,D,0
-23.6658,126.3774,377.8,3.2,1.7,2014-12-07,0113,Terra,MODIS,100,6.2,319.1,650.2,D,0
-23.7057,126.4266,333.3,3.2,1.7,2014-12-07,0113,Terra,MODIS,38,6.2,316.8,48.8,D,0
-23.6723,126.4082,337.5,3.2,1.7,2014-12-07,0113,Terra,MODIS,58,6.2,318.2,75.7,D,0
-25.3006,132.037,356.4,1.2,1.1,2014-12-07,0113,Terra,MODIS,97,6.2,307.7,76.5,D,0
-25.3027,132.0492,334.7,1.2,1.1,2014-12-07,0113,Terra,MODIS,57,6.2,305.8,20.2,D,0
-25.2786,132.0287,334.1,1.2,1.1,2014-12-07,0113,Terra,MODIS,60,6.2,310.9,21.4,D,0
-25.2808,132.041,358.9,1.2,1.1,2014-12-07,0113,Terra,MODIS,99,6.2,310.9,87.1,D,0
-26.4089,130.506,348.5,1.5,1.2,2014-12-07,0113,Terra,MODIS,90,6.2,315.6,54.5,D,0
-25.2928,132.0513,351.9,1.2,1.1,2014-12-07,0113,Terra,MODIS,94,6.2,308.3,63.4,D,0
-25.2886,132.0267,340,1.2,1.1,2014-12-07,0113,Terra,MODIS,81,6.2,312,32.1,D,0
-25.2907,132.039,413.2,1.2,1.1,2014-12-07,0113,Terra,MODIS,100,6.2,317.3,443.8,D,0
-25.2985,132.0247,333.2,1.2,1.1,2014-12-07,0113,Terra,MODIS,50,6.2,310.6,15.2,D,0
-22.2936,120.9483,347.8,3.5,1.8,2014-12-07,0251,Terra,MODIS,90,6.2,318.5,189.3,D,0
-22.287,120.9433,342.7,3.5,1.8,2014-12-07,0251,Terra,MODIS,84,6.2,317.5,138,D,0
-22.2904,120.9145,343.5,3.5,1.8,2014-12-07,0251,Terra,MODIS,85,6.2,315.5,146.9,D,0
-22.3029,120.9416,335.1,3.5,1.8,2014-12-07,0251,Terra,MODIS,48,6.2,317.8,60.1,D,0
-22.6108,120.6569,346.7,3.4,1.7,2014-12-07,0251,Terra,MODIS,88,6.2,314.5,189.9,D,0
-22.6058,120.6519,349.6,3.4,1.7,2014-12-07,0251,Terra,MODIS,91,6.2,315.1,224,D,0
-22.6078,120.6242,337.2,3.3,1.7,2014-12-07,0251,Terra,MODIS,75,6.2,316.3,89,D,0
-25.6673,121.108,334.3,3.9,1.8,2014-12-07,0251,Terra,MODIS,67,6.2,309.8,100.5,D,0
-25.6723,121.1027,331.5,3.9,1.8,2014-12-07,0251,Terra,MODIS,54,6.2,309.4,72.6,D,0
-31.99,115.9534,319.4,2,1.4,2014-12-07,0253,Terra,MODIS,44,6.2,299.8,11.7,D,0
-32.0642,115.9158,321.2,2,1.4,2014-12-07,0253,Terra,MODIS,67,6.2,302.5,17.4,D,2
-34.35,116.5356,314.2,2.4,1.5,2014-12-07,0254,Terra,MODIS,17,6.2,294.8,23.2,D,0
-34.4623,150.8877,321.9,1,1,2014-12-07,0353,Aqua,MODIS,0,6.2,301.2,8.4,D,2
-34.4639,150.8767,322.1,1,1,2014-12-07,0353,Aqua,MODIS,70,6.2,304.4,8.8,D,2
-28.3896,149.2485,334.5,1,1,2014-12-07,0354,Aqua,MODIS,79,6.2,315.2,12,D,0
-22.2508,149.4047,326.5,1,1,2014-12-07,0356,Aqua,MODIS,35,6.2,303.3,11.4,D,0
-22.9856,150.429,344.6,1.1,1,2014-12-07,0356,Aqua,MODIS,89,6.2,304.7,41.1,D,0
-22.9873,150.4183,362.7,1.1,1,2014-12-07,0356,Aqua,MODIS,100,6.2,307.1,89,D,0
-22.9762,150.4273,327.1,1.1,1,2014-12-07,0356,Aqua,MODIS,11,6.2,306.2,10.5,D,0
-22.9779,150.4166,335.6,1.1,1,2014-12-07,0356,Aqua,MODIS,77,6.2,307.1,22.7,D,0
-23.1839,147.5301,360.1,1,1,2014-12-07,0356,Aqua,MODIS,100,6.2,306.9,71,D,0
-23.1853,147.5202,362.5,1,1,2014-12-07,0356,Aqua,MODIS,100,6.2,314.1,77.6,D,0
-23.1749,147.5286,334.3,1,1,2014-12-07,0356,Aqua,MODIS,54,6.2,310,19.5,D,0
-22.2523,149.3944,330.9,1,1,2014-12-07,0356,Aqua,MODIS,61,6.2,301,18.7,D,0
-21.4459,146.0727,337.3,1.1,1,2014-12-07,0356,Aqua,MODIS,77,6.2,311.9,21.5,D,0
-21.4473,146.0623,382,1.1,1,2014-12-07,0356,Aqua,MODIS,100,6.2,316.8,160.9,D,0
-23.8292,148.6884,331.9,1,1,2014-12-07,0356,Aqua,MODIS,69,6.2,311,12.8,D,0
-22.8809,149.7959,335.4,1.1,1,2014-12-07,0356,Aqua,MODIS,78,6.2,313.3,12.8,D,0
-22.8825,149.7857,336.3,1.1,1,2014-12-07,0356,Aqua,MODIS,74,6.2,312.9,15.2,D,0
-20.627,148.3727,328,1,1,2014-12-07,0357,Aqua,MODIS,61,6.2,303.9,16.8,D,0
-20.6256,148.3824,342.4,1,1,2014-12-07,0357,Aqua,MODIS,88,6.2,304.2,37.6,D,0
-19.8221,146.738,327,1,1,2014-12-07,0357,Aqua,MODIS,60,6.2,310,8.3,D,0
-18.9472,142.0908,331.3,1.7,1.3,2014-12-07,0357,Aqua,MODIS,54,6.2,304.7,34.7,D,0
-14.9409,144.6384,336.8,1.1,1,2014-12-07,0358,Aqua,MODIS,82,6.2,299.4,26.8,D,0
-14.9288,144.6572,332.5,1.1,1,2014-12-07,0358,Aqua,MODIS,77,6.2,302,20.7,D,0
-14.9274,144.6673,325.9,1.1,1,2014-12-07,0358,Aqua,MODIS,35,6.2,301.6,11,D,0
-14.9395,144.6485,332.2,1.1,1,2014-12-07,0358,Aqua,MODIS,66,6.2,297.7,20.5,D,0
-14.9502,144.6398,344.1,1.1,1,2014-12-07,0358,Aqua,MODIS,89,6.2,300.8,41.2,D,0
-15.0845,145.1346,328.2,1,1,2014-12-07,0358,Aqua,MODIS,34,6.2,308.1,14.3,D,0
-16.9987,144.7448,334.4,1.1,1.1,2014-12-07,0358,Aqua,MODIS,82,6.2,306.4,23.7,D,0
-16.2588,142.8193,331.7,1.4,1.2,2014-12-07,0358,Aqua,MODIS,61,6.2,299.3,30.2,D,0
-14.874,144.7106,329.7,1.1,1,2014-12-07,0358,Aqua,MODIS,61,6.2,305.6,12.6,D,0
-14.8833,144.712,330.9,1.1,1,2014-12-07,0358,Aqua,MODIS,65,6.2,304.3,16.3,D,0
-16.184,142.7769,332.1,1.4,1.2,2014-12-07,0358,Aqua,MODIS,78,6.2,306.4,15.5,D,0
-16.1945,142.7784,341,1.4,1.2,2014-12-07,0358,Aqua,MODIS,87,6.2,304.7,40.5,D,0
-16.2197,142.7873,366.1,1.4,1.2,2014-12-07,0358,Aqua,MODIS,100,6.2,302,147.5,D,0
-16.2213,142.7741,337.2,1.4,1.2,2014-12-07,0358,Aqua,MODIS,55,6.2,303.8,39.1,D,0
-15.2922,145.1544,328.5,1.1,1,2014-12-07,0358,Aqua,MODIS,55,6.2,303.4,11.9,D,0
-15.2908,145.1641,355.8,1,1,2014-12-07,0358,Aqua,MODIS,97,6.2,305.4,64,D,0
-15.3119,145.1476,338.8,1.1,1,2014-12-07,0358,Aqua,MODIS,83,6.2,303.1,29.5,D,0
-15.2895,145.1739,325,1,1,2014-12-07,0358,Aqua,MODIS,44,6.2,304.9,8,D,0
-13.8657,136.7463,324.3,3.7,1.8,2014-12-07,0359,Aqua,MODIS,60,6.2,290.7,85.8,D,0
-13.8725,136.752,323.1,3.7,1.8,2014-12-07,0359,Aqua,MODIS,72,6.2,290.2,80.7,D,0
-13.2901,135.6203,314,4.4,1.9,2014-12-07,0359,Aqua,MODIS,48,6.2,276.4,60.8,D,0
-11.0443,142.7039,318.9,1.2,1.1,2014-12-07,0359,Aqua,MODIS,43,6.2,299.5,9.6,D,0
-13.2955,135.5871,318.2,4.5,1.9,2014-12-07,0359,Aqua,MODIS,33,6.2,276.7,86.3,D,0
-13.2945,135.5796,315.7,4.5,1.9,2014-12-07,0359,Aqua,MODIS,48,6.2,276.5,71.5,D,0
-34.3635,116.5602,316,3.1,1.7,2014-12-07,0532,Aqua,MODIS,41,6.2,290,48.3,D,0
-34.3641,116.5894,321.1,3,1.7,2014-12-07,0532,Aqua,MODIS,61,6.2,291.4,67.4,D,0
-34.3614,116.5938,318.7,3,1.7,2014-12-07,0532,Aqua,MODIS,53,6.2,291.2,57.2,D,0
-34.9144,117.2645,323.5,2.8,1.6,2014-12-07,0532,Aqua,MODIS,76,6.2,293.3,79.3,D,0
-34.8977,117.2935,379.1,2.8,1.6,2014-12-07,0532,Aqua,MODIS,100,6.2,296.8,638.1,D,0
-34.8998,117.2633,369.5,2.8,1.6,2014-12-07,0532,Aqua,MODIS,100,6.2,296.6,486.6,D,0
-34.8832,117.2921,381.7,2.8,1.6,2014-12-07,0532,Aqua,MODIS,100,6.2,295.7,685.3,D,0
-34.8853,117.2615,383.7,2.8,1.6,2014-12-07,0532,Aqua,MODIS,100,6.2,294.6,728.2,D,0
-34.9122,117.2955,321.6,2.8,1.6,2014-12-07,0532,Aqua,MODIS,74,6.2,293.3,69.7,D,0
-28.5613,125.7482,343.2,1,1,2014-12-07,0533,Aqua,MODIS,83,6.2,325.9,18.2,D,0
-28.5625,126.1121,341.9,1,1,2014-12-07,0533,Aqua,MODIS,44,6.2,326.6,13.6,D,0
-28.5412,126.1294,360.3,1,1,2014-12-07,0533,Aqua,MODIS,100,6.2,325.1,57.9,D,0
-28.6168,129.3963,345.8,1.4,1.2,2014-12-07,0533,Aqua,MODIS,88,6.2,322.2,41.2,D,0
-28.5345,125.9883,338.7,1,1,2014-12-07,0533,Aqua,MODIS,75,6.2,324.8,11,D,0
-28.6015,125.9159,339.7,1,1,2014-12-07,0533,Aqua,MODIS,64,6.2,324.8,11,D,0
-28.5704,125.75,345.8,1,1,2014-12-07,0533,Aqua,MODIS,87,6.2,325.9,22.4,D,0
-28.5629,125.7379,343.2,1,1,2014-12-07,0533,Aqua,MODIS,84,6.2,324.8,18.1,D,0
-26.1863,135.9399,338.8,4.4,1.9,2014-12-07,0533,Aqua,MODIS,59,6.2,299.2,212.9,D,0
-26.1693,135.9349,335.6,4.4,1.9,2014-12-07,0533,Aqua,MODIS,62,6.2,302.4,181.3,D,0
-26.1688,135.9392,332.8,4.4,1.9,2014-12-07,0533,Aqua,MODIS,50,6.2,301.8,144.3,D,0
-25.6881,121.2945,344.1,1.2,1.1,2014-12-07,0534,Aqua,MODIS,85,6.2,321.6,22.2,D,0
-25.6896,121.2825,349.1,1.2,1.1,2014-12-07,0534,Aqua,MODIS,91,6.2,324.6,35,D,0
-25.6783,121.293,341.6,1.2,1.1,2014-12-07,0534,Aqua,MODIS,82,6.2,321.3,18.1,D,0
-25.6797,121.281,342.5,1.2,1.1,2014-12-07,0534,Aqua,MODIS,83,6.2,323.8,20.1,D,0
-25.73,121.1164,349.5,1.2,1.1,2014-12-07,0534,Aqua,MODIS,91,6.2,324.7,34,D,0
-25.6787,121.1146,346,1.2,1.1,2014-12-07,0534,Aqua,MODIS,88,6.2,323.8,29.4,D,0
-25.6688,121.1131,357.2,1.2,1.1,2014-12-07,0534,Aqua,MODIS,98,6.2,325.3,62.3,D,0
-25.6703,121.1009,345.3,1.2,1.1,2014-12-07,0534,Aqua,MODIS,87,6.2,324,27.3,D,0
-24.9625,129.128,345.1,1.6,1.2,2014-12-07,0534,Aqua,MODIS,87,6.2,323.6,42.3,D,0
-26.4086,130.5169,363,1.8,1.3,2014-12-07,0534,Aqua,MODIS,100,6.2,324.7,141.3,D,0
-26.4002,130.4958,355.6,1.8,1.3,2014-12-07,0534,Aqua,MODIS,96,6.2,325.7,99.6,D,0
-24.9514,129.1256,347.1,1.6,1.2,2014-12-07,0534,Aqua,MODIS,89,6.2,322.2,49.9,D,0
-24.9529,129.1204,344.7,1.6,1.2,2014-12-07,0534,Aqua,MODIS,86,6.2,322.8,40.9,D,0
-26.3967,130.514,345.4,1.8,1.3,2014-12-07,0534,Aqua,MODIS,31,6.2,322.7,44,D,0
-25.0133,126.2323,349.7,1.1,1,2014-12-07,0534,Aqua,MODIS,91,6.2,330.2,24.9,D,0
-25.0115,126.2431,350.2,1.1,1,2014-12-07,0534,Aqua,MODIS,92,6.2,330.1,25.3,D,0
-23.7117,126.4201,352.4,1.2,1.1,2014-12-07,0535,Aqua,MODIS,84,6.2,332.9,31,D,0
-23.6966,126.4523,353.5,1.2,1.1,2014-12-07,0535,Aqua,MODIS,76,6.2,327.1,34.8,D,0
-23.6502,126.4316,363.2,1.2,1.1,2014-12-07,0535,Aqua,MODIS,100,6.2,332.3,59.7,D,0
-23.7098,126.4314,371.6,1.2,1.1,2014-12-07,0535,Aqua,MODIS,100,6.2,334.4,98.7,D,0
-23.602,126.4622,363.3,1.2,1.1,2014-12-07,0535,Aqua,MODIS,100,6.2,327.1,73.9,D,0
-23.6524,126.479,345.6,1.2,1.1,2014-12-07,0535,Aqua,MODIS,28,6.2,329,16.8,D,0
-23.6754,126.46,376.3,1.2,1.1,2014-12-07,0535,Aqua,MODIS,100,6.2,331.4,120.1,D,0
-23.6479,126.4242,362.1,1.2,1.1,2014-12-07,0535,Aqua,MODIS,100,6.2,333.8,64.3,D,0
-23.646,126.4356,348.8,1.2,1.1,2014-12-07,0535,Aqua,MODIS,61,6.2,330,23.5,D,0
-23.652,126.4203,360.3,1.2,1.1,2014-12-07,0535,Aqua,MODIS,100,6.2,333.8,49.7,D,0
-23.5905,126.4718,363.8,1.2,1.1,2014-12-07,0535,Aqua,MODIS,100,6.2,326.7,76.3,D,0
-23.6984,126.4409,355.2,1.2,1.1,2014-12-07,0535,Aqua,MODIS,80,6.2,331.1,38.2,D,0
-23.6382,126.4223,354,1.2,1.1,2014-12-07,0535,Aqua,MODIS,95,6.2,331,37.9,D,0
-23.6851,126.4618,350.1,1.2,1.1,2014-12-07,0535,Aqua,MODIS,85,6.2,327.5,27.6,D,0
-23.6116,126.4641,345.2,1.2,1.1,2014-12-07,0535,Aqua,MODIS,87,6.2,326.4,21.5,D,0
-23.6135,126.4527,347.3,1.2,1.1,2014-12-07,0535,Aqua,MODIS,86,6.2,328.2,24.8,D,0
-23.6869,126.4504,350.1,1.2,1.1,2014-12-07,0535,Aqua,MODIS,74,6.2,331.2,25.1,D,0
-23.5923,126.4604,387.7,1.2,1.1,2014-12-07,0535,Aqua,MODIS,100,6.2,330.3,189.5,D,0
-22.0226,127.7734,348.3,1.5,1.2,2014-12-07,0535,Aqua,MODIS,44,6.2,317.1,40.7,D,0
-22.3208,129.7503,334.5,2,1.4,2014-12-07,0535,Aqua,MODIS,67,6.2,309.1,32.8,D,0
-22.3399,129.7152,355.8,2,1.4,2014-12-07,0535,Aqua,MODIS,97,6.2,308.7,140,D,0
-22.3243,129.7314,351.9,2,1.4,2014-12-07,0535,Aqua,MODIS,93,6.2,309.7,118.1,D,0
-21.9509,127.803,350.4,1.5,1.2,2014-12-07,0535,Aqua,MODIS,89,6.2,322.3,45.6,D,0
-21.9485,127.8172,397.4,1.5,1.2,2014-12-07,0535,Aqua,MODIS,100,6.2,325.3,357.1,D,0
-21.9617,127.8052,346.6,1.5,1.2,2014-12-07,0535,Aqua,MODIS,72,6.2,324.2,30.7,D,0
-22.3365,129.734,364.2,2,1.4,2014-12-07,0535,Aqua,MODIS,100,6.2,309.6,204.3,D,0
-22.0716,127.892,345.2,1.5,1.2,2014-12-07,0535,Aqua,MODIS,71,6.2,323.1,28,D,0
-22.055,127.859,356.4,1.5,1.2,2014-12-07,0535,Aqua,MODIS,97,6.2,323.1,68.4,D,0
-22.0443,127.8568,367.5,1.5,1.2,2014-12-07,0535,Aqua,MODIS,100,6.2,322.4,129.1,D,0
-22.0008,127.9019,358.6,1.5,1.2,2014-12-07,0535,Aqua,MODIS,99,6.2,317,107.6,D,0
-21.9748,127.7932,345.8,1.5,1.2,2014-12-07,0535,Aqua,MODIS,42,6.2,323.6,26.2,D,0
-22.3308,129.7204,345.1,2,1.4,2014-12-07,0535,Aqua,MODIS,87,6.2,309.5,78.1,D,0
-22.3273,129.7392,337,2,1.4,2014-12-07,0535,Aqua,MODIS,73,6.2,308.8,44.1,D,0
-22.0327,127.7957,345.5,1.5,1.2,2014-12-07,0535,Aqua,MODIS,66,6.2,320.9,27.7,D,0
-22.3121,129.7287,334.3,2,1.4,2014-12-07,0535,Aqua,MODIS,38,6.2,310.4,31.9,D,0
-22.0154,127.8158,366,1.5,1.2,2014-12-07,0535,Aqua,MODIS,93,6.2,308.2,123.8,D,0
-22.0178,127.8017,350,1.5,1.2,2014-12-07,0535,Aqua,MODIS,65,6.2,320.7,44,D,0
-21.9352,127.8291,358.2,1.5,1.2,2014-12-07,0535,Aqua,MODIS,98,6.2,323.2,81.5,D,0
-21.9408,127.838,346.6,1.5,1.2,2014-12-07,0535,Aqua,MODIS,88,6.2,322.7,34.4,D,0
-21.9432,127.8238,347,1.5,1.2,2014-12-07,0535,Aqua,MODIS,89,6.2,322.8,36,D,0
-22.3395,129.7419,341.8,2,1.4,2014-12-07,0535,Aqua,MODIS,82,6.2,308.8,64.4,D,0
-22.2968,120.9283,345.7,1.1,1.1,2014-12-07,0535,Aqua,MODIS,82,6.2,328.1,20.5,D,0
-22.343,129.723,367,2,1.4,2014-12-07,0535,Aqua,MODIS,100,6.2,308.8,222.2,D,0
-23.1256,128.9882,373.4,1.7,1.3,2014-12-07,0535,Aqua,MODIS,100,6.2,323.1,201,D,0
-23.1286,128.9719,348.4,1.7,1.3,2014-12-07,0535,Aqua,MODIS,90,6.2,322.4,51.1,D,0
-23.1267,129,341.3,1.7,1.3,2014-12-07,0535,Aqua,MODIS,50,6.2,320.5,28.1,D,0
-23.1295,128.9837,357.6,1.7,1.3,2014-12-07,0535,Aqua,MODIS,98,6.2,324.1,101,D,0
-23.1181,128.9812,356.3,1.7,1.3,2014-12-07,0535,Aqua,MODIS,97,6.2,320.7,96.1,D,0
-23.0181,130.4135,368.2,2.1,1.4,2014-12-07,0535,Aqua,MODIS,94,6.2,308.5,264.6,D,0
-20.172,131.1375,354.9,2.8,1.6,2014-12-07,0535,Aqua,MODIS,96,6.2,304.6,238.9,D,0
-23.0143,130.4341,342.1,2.1,1.4,2014-12-07,0535,Aqua,MODIS,66,6.2,313,84.7,D,0
-23.0269,130.4369,359.2,2.1,1.4,2014-12-07,0535,Aqua,MODIS,93,6.2,309.8,195.3,D,0
-23.0251,130.4414,350.2,2.1,1.4,2014-12-07,0535,Aqua,MODIS,66,6.2,308.9,134.5,D,0
-20.1579,131.1345,332.4,2.8,1.6,2014-12-07,0535,Aqua,MODIS,59,6.2,305.5,60.5,D,0
-20.1669,131.1638,355.5,2.8,1.6,2014-12-07,0535,Aqua,MODIS,97,6.2,303.6,248.4,D,0
-23.0308,130.4163,352.2,2.1,1.4,2014-12-07,0535,Aqua,MODIS,94,6.2,314.5,136,D,0
-23.0291,130.4208,366.3,2.1,1.4,2014-12-07,0535,Aqua,MODIS,75,6.2,315.3,256,D,0
-18.3861,129.0557,337.4,2.1,1.4,2014-12-07,0536,Aqua,MODIS,76,6.2,305.3,52.8,D,0
-18.2878,128.4948,339.6,1.9,1.4,2014-12-07,0536,Aqua,MODIS,77,6.2,304.6,62,D,0
-18.312,128.4996,344.6,1.9,1.4,2014-12-07,0536,Aqua,MODIS,81,6.2,297.6,85.6,D,0
-18.3877,129.2722,332.4,2.2,1.4,2014-12-07,0536,Aqua,MODIS,40,6.2,301.4,46.3,D,0
-18.3901,129.0432,355.8,2.1,1.4,2014-12-07,0536,Aqua,MODIS,97,6.2,307.4,160.5,D,0
-18.3896,129.036,350,2.1,1.4,2014-12-07,0536,Aqua,MODIS,92,6.2,308,120.9,D,0
-18.3038,128.5053,348.1,1.9,1.4,2014-12-07,0536,Aqua,MODIS,85,6.2,301.9,103.3,D,0
-17.4519,123.2708,341.2,1,1,2014-12-07,0536,Aqua,MODIS,82,6.2,307,22.9,D,0
-19.1174,128.0347,345.1,1.7,1.3,2014-12-07,0536,Aqua,MODIS,87,6.2,316.5,49.2,D,0
-19.0453,128.1052,357.2,1.8,1.3,2014-12-07,0536,Aqua,MODIS,98,6.2,314.6,109.6,D,0
-19.0482,128.0887,349.7,1.7,1.3,2014-12-07,0536,Aqua,MODIS,91,6.2,315.9,68.6,D,0
-19.0366,128.0865,338.2,1.7,1.3,2014-12-07,0536,Aqua,MODIS,50,6.2,313.9,20.9,D,0
-19.0391,128.0984,359.6,1.8,1.3,2014-12-07,0536,Aqua,MODIS,99,6.2,313.3,125,D,0
-18.724,126.8893,346.1,1.5,1.2,2014-12-07,0536,Aqua,MODIS,88,6.2,320.1,35.5,D,0
-18.7263,126.8755,348.8,1.5,1.2,2014-12-07,0536,Aqua,MODIS,91,6.2,320.8,44.4,D,0
-18.7156,126.8735,341.4,1.5,1.2,2014-12-07,0536,Aqua,MODIS,82,6.2,320.1,20.4,D,0
-24.8883,148.5524,309.9,2.3,1.5,2014-12-07,1320,Terra,MODIS,79,6.2,292.5,26.5,N,0
-26.1785,135.9336,312.6,1.7,1.3,2014-12-07,1320,Terra,MODIS,78,6.2,293,22.1,N,0
-26.1669,135.9321,310.1,1.7,1.3,2014-12-07,1320,Terra,MODIS,72,6.2,289.7,17.6,N,0
-26.1687,135.9151,312.5,1.7,1.3,2014-12-07,1320,Terra,MODIS,83,6.2,294.4,21.1,N,0
-24.8838,148.5577,309.7,2.3,1.5,2014-12-07,1320,Terra,MODIS,78,6.2,292.6,24.5,N,0
-25.6672,148.9483,309.2,2.4,1.5,2014-12-07,1320,Terra,MODIS,77,6.2,292.5,26.4,N,0
-25.6729,148.9443,306.7,2.4,1.5,2014-12-07,1320,Terra,MODIS,33,6.2,292.6,18,N,0
-26.1571,135.9136,306.2,1.7,1.3,2014-12-07,1321,Terra,MODIS,67,6.2,294.1,12.1,N,0
-26.1589,135.9255,321.5,1.7,1.3,2014-12-07,1321,Terra,MODIS,100,6.2,290.9,38.4,N,0
-26.1553,135.9306,302.1,1.7,1.3,2014-12-07,1321,Terra,MODIS,28,6.2,286.8,7.4,N,0
-26.3907,130.4862,306.8,4.1,1.9,2014-12-07,1321,Terra,MODIS,69,6.2,295.4,45.6,N,0
-26.3937,130.4931,306.5,4.1,1.9,2014-12-07,1321,Terra,MODIS,68,6.2,295.3,45.4,N,0
-22.0952,129.8775,306.6,4.1,1.9,2014-12-07,1322,Terra,MODIS,39,6.2,293.1,37.3,N,0
-22.1054,129.9121,305.4,4.1,1.9,2014-12-07,1322,Terra,MODIS,22,6.2,293.2,36.7,N,0
-22.1088,129.8721,324.9,4.1,1.9,2014-12-07,1322,Terra,MODIS,100,6.2,293.6,161.3,N,0
-22.1293,129.8804,314.3,4.1,1.9,2014-12-07,1322,Terra,MODIS,89,6.2,293,84.6,N,0
-22.1325,129.8401,309.2,4.1,1.9,2014-12-07,1322,Terra,MODIS,65,6.2,292.8,55.6,N,0
-22.1122,129.8789,326.8,4.1,1.9,2014-12-07,1322,Terra,MODIS,100,6.2,293.7,175.4,N,0
-22.1258,129.8734,320.4,4.1,1.9,2014-12-07,1322,Terra,MODIS,100,6.2,293.3,125.7,N,0
-22.7028,129.6344,307.4,4.3,1.9,2014-12-07,1322,Terra,MODIS,63,6.2,295.7,38.4,N,0
-22.6854,129.6328,307.6,4.3,1.9,2014-12-07,1322,Terra,MODIS,72,6.2,295,40.5,N,0
-22.684,129.6255,305.6,4.3,1.9,2014-12-07,1322,Terra,MODIS,19,6.2,295.1,29.3,N,0
-22.7014,129.6271,308.9,4.3,1.9,2014-12-07,1322,Terra,MODIS,61,6.2,295.7,46.5,N,0
-18.0274,129.1715,307.8,4.1,1.9,2014-12-07,1323,Terra,MODIS,57,6.2,292.8,36.3,N,0
-18.0307,129.1784,306.6,4.1,1.9,2014-12-07,1323,Terra,MODIS,32,6.2,292.1,29.7,N,0
-18.0444,129.1731,306.4,4.1,1.9,2014-12-07,1323,Terra,MODIS,31,6.2,291.2,30.3,N,0
-15.8277,142.5322,322.6,1.3,1.1,2014-12-07,1323,Terra,MODIS,100,6.2,293.9,25,N,0
-16.3031,142.9042,314.4,1.4,1.2,2014-12-07,1323,Terra,MODIS,89,6.2,290.9,16.4,N,0
-16.3248,143.2102,333.3,1.4,1.2,2014-12-07,1323,Terra,MODIS,98,6.2,286.2,54.4,N,0
-15.6952,142.4716,311.4,1.3,1.1,2014-12-07,1323,Terra,MODIS,76,6.2,291.8,11.1,N,0
-16.3226,143.2236,326,1.4,1.2,2014-12-07,1323,Terra,MODIS,64,6.2,285.8,39.6,N,0
-16.3142,143.2083,365.6,1.4,1.2,2014-12-07,1323,Terra,MODIS,100,6.2,289.3,170.1,N,0
-16.312,143.2217,345.9,1.4,1.2,2014-12-07,1323,Terra,MODIS,100,6.2,286.3,88.7,N,0
-16.3036,143.2064,360.8,1.4,1.2,2014-12-07,1323,Terra,MODIS,100,6.2,285,147.7,N,0
-16.3014,143.2198,348.5,1.4,1.2,2014-12-07,1323,Terra,MODIS,100,6.2,283.8,98.2,N,0
-15.7672,143.2405,326.3,1.5,1.2,2014-12-07,1323,Terra,MODIS,100,6.2,289.2,41.1,N,0
-16.3002,142.8968,309.7,1.4,1.2,2014-12-07,1323,Terra,MODIS,78,6.2,290.8,10.6,N,0
-15.8486,142.5993,310.5,1.3,1.1,2014-12-07,1323,Terra,MODIS,80,6.2,291.4,9.9,N,0
-15.8506,142.5869,328.2,1.3,1.1,2014-12-07,1323,Terra,MODIS,100,6.2,293.7,35.4,N,0
-15.8383,142.5975,312.8,1.3,1.1,2014-12-07,1323,Terra,MODIS,86,6.2,292.8,12.2,N,0
-15.8258,142.5445,309.9,1.3,1.1,2014-12-07,1323,Terra,MODIS,65,6.2,293.5,8.1,N,0
-15.8363,142.61,319.4,1.3,1.1,2014-12-07,1323,Terra,MODIS,92,6.2,292.8,22.9,N,0
-15.8923,142.7027,302.2,1.4,1.2,2014-12-07,1323,Terra,MODIS,28,6.2,283.2,11,N,0
-15.8902,142.7152,315.5,1.4,1.2,2014-12-07,1323,Terra,MODIS,89,6.2,288.8,25.8,N,0
-15.8423,142.5728,324.6,1.3,1.1,2014-12-07,1323,Terra,MODIS,100,6.2,293.8,28.3,N,0
-15.8403,142.5851,310.5,1.3,1.1,2014-12-07,1323,Terra,MODIS,78,6.2,293.4,9,N,0
-15.1614,144.1794,316.3,1.8,1.3,2014-12-07,1323,Terra,MODIS,51,6.2,283.5,27.8,N,0
-15.1661,144.1738,315,1.8,1.3,2014-12-07,1323,Terra,MODIS,22,6.2,284.6,23.9,N,0
-16.2981,142.9096,311.5,1.4,1.2,2014-12-07,1323,Terra,MODIS,83,6.2,290.5,13.3,N,0
-15.2367,144.1596,303.7,1.8,1.3,2014-12-07,1323,Terra,MODIS,30,6.2,280,11.7,N,0
-15.2394,144.1434,317.1,1.7,1.3,2014-12-07,1323,Terra,MODIS,94,6.2,279.5,33.9,N,0
-15.2251,144.1575,311,1.8,1.3,2014-12-07,1323,Terra,MODIS,56,6.2,280.5,20.5,N,0
-15.2278,144.1413,312.7,1.7,1.3,2014-12-07,1323,Terra,MODIS,71,6.2,279.9,23.2,N,0
-15.2162,144.1391,316,1.7,1.3,2014-12-07,1323,Terra,MODIS,92,6.2,278.7,28,N,0
-17.3657,141.49,308,1.1,1.1,2014-12-07,1323,Terra,MODIS,41,6.2,295.4,5.2,N,0
-17.3673,141.4795,328.5,1.1,1.1,2014-12-07,1323,Terra,MODIS,100,6.2,296,27.8,N,0
-17.3578,141.4779,306.7,1.1,1.1,2014-12-07,1323,Terra,MODIS,18,6.2,295.3,4.1,N,0
-17.3382,141.5116,311.3,1.1,1.1,2014-12-07,1323,Terra,MODIS,79,6.2,295.7,8.3,N,0
-17.3398,141.5011,331.4,1.1,1.1,2014-12-07,1323,Terra,MODIS,100,6.2,296.3,32.3,N,0
-17.3288,141.51,310.1,1.1,1.1,2014-12-07,1323,Terra,MODIS,75,6.2,295.5,7.1,N,0
-17.3304,141.4995,340.5,1.1,1.1,2014-12-07,1323,Terra,MODIS,100,6.2,296.2,48.3,N,0
-15.9567,142.7659,320.6,1.4,1.2,2014-12-07,1323,Terra,MODIS,80,6.2,293.8,21.6,N,0
-15.7614,142.5015,317.8,1.3,1.1,2014-12-07,1323,Terra,MODIS,89,6.2,293.2,18.9,N,0
-14.0866,143.312,308.7,1.6,1.2,2014-12-07,1323,Terra,MODIS,28,6.2,290.3,11.9,N,0
-15.7696,142.5156,308.5,1.3,1.1,2014-12-07,1323,Terra,MODIS,24,6.2,293.3,7.5,N,0
-15.7716,142.5033,309.8,1.3,1.1,2014-12-07,1323,Terra,MODIS,24,6.2,293,9.6,N,0
-15.7594,142.5138,310.9,1.3,1.1,2014-12-07,1323,Terra,MODIS,23,6.2,293.5,9.7,N,0
-15.7882,142.5315,315,1.3,1.1,2014-12-07,1323,Terra,MODIS,85,6.2,294,13.3,N,0
-15.954,142.7589,327.6,1.4,1.2,2014-12-07,1323,Terra,MODIS,100,6.2,294.8,34.1,N,0
-15.9519,142.7715,323.4,1.4,1.2,2014-12-07,1323,Terra,MODIS,93,6.2,294.2,26.8,N,0
-15.7694,143.2269,324.2,1.5,1.2,2014-12-07,1323,Terra,MODIS,95,6.2,286.5,37.7,N,0
-14.0668,143.2933,304.6,1.6,1.2,2014-12-07,1323,Terra,MODIS,12,6.2,290.3,7.4,N,0
-17.3702,141.523,321.8,1.1,1.1,2014-12-07,1323,Terra,MODIS,100,6.2,295.8,18.8,N,0
-17.3719,141.5125,336,1.1,1.1,2014-12-07,1323,Terra,MODIS,100,6.2,296.2,39.4,N,0
-17.3608,141.5214,307,1.1,1.1,2014-12-07,1323,Terra,MODIS,58,6.2,295.4,4.5,N,0
-17.3624,141.5109,320.4,1.1,1.1,2014-12-07,1323,Terra,MODIS,100,6.2,295.6,16.8,N,0
-15.9463,142.7641,318.5,1.4,1.2,2014-12-07,1323,Terra,MODIS,97,6.2,294.4,20,N,0
-13.2624,135.7792,311.4,1.2,1.1,2014-12-07,1324,Terra,MODIS,49,6.2,295.8,7.3,N,0
-13.2323,135.6297,306,1.2,1.1,2014-12-07,1324,Terra,MODIS,59,6.2,288.2,5.2,N,0
-13.2639,135.7683,310.1,1.2,1.1,2014-12-07,1324,Terra,MODIS,56,6.2,295.7,6.6,N,0
-13.2647,135.6117,304.6,1.2,1.1,2014-12-07,1324,Terra,MODIS,47,6.2,287.8,4,N,0
-13.2512,135.7887,311.7,1.2,1.1,2014-12-07,1324,Terra,MODIS,81,6.2,296,7.9,N,0
-13.2498,135.7995,309.4,1.2,1.1,2014-12-07,1324,Terra,MODIS,73,6.2,295.8,6,N,0
-12.5452,134.9676,308.4,1.3,1.1,2014-12-07,1324,Terra,MODIS,69,6.2,286.1,10.2,N,0
-12.5265,134.953,308.3,1.3,1.1,2014-12-07,1324,Terra,MODIS,16,6.2,284.5,8.9,N,0
-13.2653,135.7574,315.6,1.2,1.1,2014-12-07,1324,Terra,MODIS,90,6.2,296,12.3,N,0
-13.3184,135.5852,306.8,1.2,1.1,2014-12-07,1324,Terra,MODIS,45,6.2,292.9,5.5,N,0
-25.1581,146.8715,300.3,3.5,1.8,2014-12-07,1452,Aqua,MODIS,23,6.2,288.7,23.6,N,0
-34.3579,116.5738,301.8,1.1,1,2014-12-07,1457,Terra,MODIS,35,6.2,282.9,7.7,N,0
-30.8654,121.4918,304.4,1.3,1.1,2014-12-07,1458,Terra,MODIS,60,6.2,293.5,7.5,N,2
-13.2679,135.7566,307.2,1,1,2014-12-07,1627,Aqua,MODIS,67,6.2,294.6,4.9,N,0
-15.1448,144.148,307.6,3.7,1.8,2014-12-07,1628,Aqua,MODIS,13,6.2,282.2,45.9,N,0
-15.1611,144.1462,312.3,3.7,1.8,2014-12-07,1628,Aqua,MODIS,33,6.2,281,64.9,N,0
-15.1525,144.1429,310,3.7,1.8,2014-12-07,1628,Aqua,MODIS,23,6.2,281.2,54.4,N,0
-15.1688,144.141,316.2,3.7,1.8,2014-12-07,1628,Aqua,MODIS,93,6.2,281,89.3,N,0
-15.1851,144.1392,303.9,3.7,1.8,2014-12-07,1628,Aqua,MODIS,12,6.2,281.2,31.8,N,0
-16.1715,143.3593,300.8,3.4,1.7,2014-12-07,1628,Aqua,MODIS,9,6.2,284,26.8,N,0
-13.8955,135.2633,311.2,1,1,2014-12-07,1628,Aqua,MODIS,79,6.2,294.1,7.9,N,0
-20.3783,129.055,341.2,1.5,1.2,2014-12-07,1630,Aqua,MODIS,100,6.2,297.4,75.1,N,0
-22.7216,129.6079,314.9,1.2,1.1,2014-12-07,1630,Aqua,MODIS,89,6.2,297.6,14.8,N,0
-22.7236,129.6199,312.3,1.2,1.1,2014-12-07,1630,Aqua,MODIS,83,6.2,297.7,11.8,N,0
-26.1646,135.9319,312.4,1.4,1.2,2014-12-07,1631,Aqua,MODIS,46,6.2,293.8,17.4,N,0
-25.6526,121.1124,325.7,4.1,1.9,2014-12-07,1631,Aqua,MODIS,100,6.2,296.6,157.2,N,0
-25.6376,121.1087,312.6,4.1,1.9,2014-12-07,1631,Aqua,MODIS,85,6.2,295.7,65.5,N,0
-25.6542,121.1043,322.2,4.1,1.9,2014-12-07,1631,Aqua,MODIS,100,6.2,296.2,130.7,N,0
-26.2007,135.9682,307,1.4,1.2,2014-12-07,1631,Aqua,MODIS,70,6.2,286.6,12.4,N,0
-26.1579,135.9258,305.1,1.3,1.2,2014-12-07,1631,Aqua,MODIS,61,6.2,285.9,10.8,N,0
-26.3815,130.4927,312.7,1,1,2014-12-07,1631,Aqua,MODIS,85,6.2,294.1,12.5,N,0
-28.5536,125.7306,310.4,1.7,1.3,2014-12-07,1632,Aqua,MODIS,80,6.2,293.4,20.3,N,0
-28.5563,125.7352,321,1.7,1.3,2014-12-07,1632,Aqua,MODIS,100,6.2,294,39.6,N,0
-28.5595,125.7523,316.3,1.7,1.3,2014-12-07,1632,Aqua,MODIS,93,6.2,293.5,30.2,N,0
-28.5569,125.7477,324.4,1.7,1.3,2014-12-07,1632,Aqua,MODIS,100,6.2,294.3,47.4,N,0
-15.6394,141.7999,320.8,3.7,1.8,2014-12-08,0015,Terra,MODIS,33,6.2,293.9,56.3,D,0
-14.9103,144.7065,317.4,2.3,1.5,2014-12-08,0015,Terra,MODIS,49,6.2,288.6,22.5,D,0
-14.9234,144.7038,326.3,2.3,1.5,2014-12-08,0015,Terra,MODIS,74,6.2,289.2,51.7,D,0
-15.6456,141.7911,321,3.7,1.8,2014-12-08,0015,Terra,MODIS,32,6.2,293.5,58,D,0
-16.1193,142.961,317.8,3,1.6,2014-12-08,0015,Terra,MODIS,51,6.2,275.4,51.7,D,0
-15.9572,142.3574,315.9,3.3,1.7,2014-12-08,0015,Terra,MODIS,0,6.2,287.7,28.4,D,0
-20.7592,139.2718,326.3,4.4,1.9,2014-12-08,0016,Terra,MODIS,62,6.2,292,113.9,D,0
-20.76,139.2661,325.5,4.4,1.9,2014-12-08,0016,Terra,MODIS,57,6.2,291.7,107,D,0
-24.4588,151.6157,320.6,1.1,1,2014-12-08,0017,Terra,MODIS,62,6.2,297.1,11.9,D,0
-29.2208,149.0695,334.7,1,1,2014-12-08,0018,Terra,MODIS,86,6.2,308,18.6,D,0
-34.0362,150.76,317.6,1.3,1.1,2014-12-08,0019,Terra,MODIS,26,6.2,301.4,7.6,D,0
-33.9382,150.8812,317.3,1.3,1.1,2014-12-08,0019,Terra,MODIS,53,6.2,299.7,5.2,D,0
-33.8165,150.7941,318.2,1.3,1.1,2014-12-08,0019,Terra,MODIS,49,6.2,298.3,10.3,D,0
-33.774,150.9484,319.1,1.3,1.1,2014-12-08,0019,Terra,MODIS,71,6.2,300.8,8.3,D,0
-33.7488,150.9097,319.8,1.3,1.1,2014-12-08,0019,Terra,MODIS,72,6.2,301,8.8,D,0
-35.3267,149.1855,319.3,1.1,1.1,2014-12-08,0020,Terra,MODIS,34,6.2,303.2,7.8,D,0
-34.457,150.8826,324.4,1.3,1.1,2014-12-08,0020,Terra,MODIS,0,6.2,303.4,14.3,D,2
-34.4651,150.8891,322.5,1.3,1.1,2014-12-08,0020,Terra,MODIS,0,6.2,303.1,11.9,D,2
-12.5908,131.6581,320.2,1.5,1.2,2014-12-08,0152,Terra,MODIS,62,6.2,295.7,14.7,D,0
-12.4208,131.6454,331.6,1.5,1.2,2014-12-08,0152,Terra,MODIS,72,6.2,294.8,38.4,D,0
-12.4178,131.6524,323.4,1.5,1.2,2014-12-08,0152,Terra,MODIS,50,6.2,291.3,23,D,0
-12.5016,132.1926,322.7,1.6,1.2,2014-12-08,0152,Terra,MODIS,45,6.2,295.2,22.4,D,0
-12.416,131.639,333.3,1.5,1.2,2014-12-08,0152,Terra,MODIS,80,6.2,292.8,44.2,D,0
-12.4191,131.632,327.6,1.5,1.2,2014-12-08,0152,Terra,MODIS,53,6.2,293.4,28.2,D,0
-12.4268,131.6376,341.6,1.5,1.2,2014-12-08,0152,Terra,MODIS,91,6.2,293.9,64,D,0
-12.4286,131.651,327.1,1.5,1.2,2014-12-08,0152,Terra,MODIS,47,6.2,294.7,28,D,0
-12.4316,131.644,336.3,1.5,1.2,2014-12-08,0152,Terra,MODIS,87,6.2,295.4,50.3,D,0
-13.0527,136.0763,310.1,3.3,1.7,2014-12-08,0152,Terra,MODIS,30,6.2,276.8,31.7,D,0
-13.0492,136.0714,309.3,3.3,1.7,2014-12-08,0152,Terra,MODIS,27,6.2,276.3,28.7,D,0
-19.9107,129.7841,336.5,1.4,1.2,2014-12-08,0154,Terra,MODIS,83,6.2,307.2,31.8,D,0
-19.9195,129.7694,350.7,1.4,1.2,2014-12-08,0154,Terra,MODIS,94,6.2,306.1,72.4,D,0
-19.9212,129.7827,372,1.4,1.2,2014-12-08,0154,Terra,MODIS,100,6.2,309,169.8,D,0
-16.8986,125.3157,333.4,1,1,2014-12-08,0154,Terra,MODIS,74,6.2,298.5,15.4,D,0
-16.8403,125.292,345.4,1,1,2014-12-08,0154,Terra,MODIS,89,6.2,301.3,35.2,D,0
-16.8789,125.3089,337.7,1,1,2014-12-08,0154,Terra,MODIS,81,6.2,298.1,21.3,D,0
-16.8895,125.3171,337.4,1,1,2014-12-08,0154,Terra,MODIS,81,6.2,299.6,20.6,D,0
-16.9092,125.3238,337.3,1,1,2014-12-08,0154,Terra,MODIS,80,6.2,297.6,21.6,D,0
-22.731,129.6065,336.6,1.5,1.2,2014-12-08,0155,Terra,MODIS,76,6.2,312.5,20.4,D,0
-22.7526,129.6036,341.2,1.5,1.2,2014-12-08,0155,Terra,MODIS,83,6.2,311.9,37.3,D,0
-22.7544,129.6179,334.9,1.5,1.2,2014-12-08,0155,Terra,MODIS,73,6.2,311.4,19.6,D,0
-22.2899,129.5519,331,1.4,1.2,2014-12-08,0155,Terra,MODIS,57,6.2,310.2,15.3,D,0
-22.3045,120.9258,341.3,1.4,1.2,2014-12-08,0155,Terra,MODIS,53,6.2,319.9,22.9,D,0
-22.1154,129.8934,342.5,1.5,1.2,2014-12-08,0155,Terra,MODIS,87,6.2,310.4,44.4,D,0
-22.1062,129.9094,364.6,1.5,1.2,2014-12-08,0155,Terra,MODIS,100,6.2,310,140.8,D,0
-22.1044,129.8948,366.6,1.5,1.2,2014-12-08,0155,Terra,MODIS,100,6.2,310.9,150.7,D,0
-22.0952,129.9109,337.5,1.5,1.2,2014-12-08,0155,Terra,MODIS,81,6.2,310.1,30.4,D,0
-22.0935,129.8962,356.3,1.5,1.2,2014-12-08,0155,Terra,MODIS,97,6.2,311.9,98.1,D,0
-22.0918,129.8816,338.3,1.5,1.2,2014-12-08,0155,Terra,MODIS,82,6.2,311,31.9,D,0
-22.0794,129.8898,330.8,1.5,1.2,2014-12-08,0155,Terra,MODIS,59,6.2,309.6,13.8,D,0
-22.0825,129.8977,337.7,1.5,1.2,2014-12-08,0155,Terra,MODIS,81,6.2,309.8,30.5,D,0
-22.0808,129.8831,333.3,1.5,1.2,2014-12-08,0155,Terra,MODIS,64,6.2,309.5,18.8,D,0
-22.2914,120.9138,340.5,1.5,1.2,2014-12-08,0155,Terra,MODIS,64,6.2,320.6,24.9,D,0
-24.954,129.1212,338.4,1.5,1.2,2014-12-08,0156,Terra,MODIS,77,6.2,319.7,29.3,D,0
-26.4121,130.5339,337.5,1.9,1.4,2014-12-08,0156,Terra,MODIS,58,6.2,321.3,23,D,0
-22.6339,120.6293,341.9,1.5,1.2,2014-12-08,0156,Terra,MODIS,77,6.2,317.4,34.1,D,0
-25.6468,121.079,344.6,1.3,1.1,2014-12-08,0156,Terra,MODIS,79,6.2,321.5,32,D,0
-25.649,121.0914,345.4,1.3,1.1,2014-12-08,0156,Terra,MODIS,78,6.2,323.4,33.3,D,0
-25.6547,121.0646,337.1,1.3,1.1,2014-12-08,0156,Terra,MODIS,67,6.2,320.8,16.3,D,0
-25.6568,121.077,344.8,1.3,1.1,2014-12-08,0156,Terra,MODIS,84,6.2,323.2,33,D,0
-25.6788,121.0852,343.5,1.3,1.1,2014-12-08,0156,Terra,MODIS,58,6.2,320.1,27.7,D,0
-25.6775,121.0794,336.7,1.3,1.1,2014-12-08,0156,Terra,MODIS,54,6.2,319.4,15.2,D,0
-25.6797,121.0917,342.5,1.3,1.1,2014-12-08,0156,Terra,MODIS,83,6.2,320.4,27.6,D,0
-28.5442,126.1268,338,1.1,1.1,2014-12-08,0157,Terra,MODIS,51,6.2,319.7,16.6,D,0
-28.5582,126.1298,344.6,1.1,1.1,2014-12-08,0157,Terra,MODIS,86,6.2,318.5,29.9,D,0
-28.5662,126.1168,343.1,1.1,1.1,2014-12-08,0157,Terra,MODIS,84,6.2,317,26.1,D,0
-28.5567,126.1183,342.4,1.1,1.1,2014-12-08,0157,Terra,MODIS,83,6.2,320.6,25.5,D,0
-28.565,125.7366,338.4,1.1,1,2014-12-08,0157,Terra,MODIS,77,6.2,319.8,17.8,D,0
-28.5537,126.1252,343.8,1.1,1.1,2014-12-08,0157,Terra,MODIS,77,6.2,320.3,26.9,D,0
-28.5581,125.9784,335,1.1,1.1,2014-12-08,0157,Terra,MODIS,48,6.2,316.8,10,D,0
-28.7177,127.2637,334.2,1.3,1.1,2014-12-08,0157,Terra,MODIS,45,6.2,316.1,16.1,D,0
-30.8697,121.4935,335.9,1.1,1,2014-12-08,0158,Terra,MODIS,78,6.2,305.4,20,D,2
-35.3233,138.5039,330.3,1.1,1,2014-12-08,0436,Aqua,MODIS,75,6.2,304.1,20.7,D,0
-35.3327,138.5059,331.4,1.1,1,2014-12-08,0436,Aqua,MODIS,77,6.2,303.8,22.3,D,0
-28.7334,127.2305,335,4.4,1.9,2014-12-08,0438,Aqua,MODIS,69,6.2,310.5,122.6,D,0
-28.7329,127.2229,332.9,4.4,1.9,2014-12-08,0438,Aqua,MODIS,45,6.2,310.4,90.7,D,0
-28.7301,127.2685,331.4,4.4,1.9,2014-12-08,0438,Aqua,MODIS,43,6.2,311.3,78.2,D,0
-23.7197,126.4577,354.4,4.5,1.9,2014-12-08,0439,Aqua,MODIS,95,6.2,301.5,466.2,D,0
-23.7583,126.4163,364,4.5,2,2014-12-08,0439,Aqua,MODIS,94,6.2,296.6,696.1,D,0
-23.755,126.4608,377.1,4.5,1.9,2014-12-08,0439,Aqua,MODIS,100,6.2,306.5,1071.7,D,0
-23.7235,126.4102,354.3,4.5,2,2014-12-08,0439,Aqua,MODIS,71,6.2,309.7,448.1,D,0
-23.7373,126.4593,381,4.5,1.9,2014-12-08,0439,Aqua,MODIS,100,6.2,308.4,1214.1,D,0
-23.7201,126.4547,357.5,4.5,1.9,2014-12-08,0439,Aqua,MODIS,98,6.2,301.7,531.9,D,0
-23.7413,126.4117,364.5,4.5,2,2014-12-08,0439,Aqua,MODIS,94,6.2,304.2,685.7,D,0
-23.7378,126.4562,385.1,4.5,1.9,2014-12-08,0439,Aqua,MODIS,100,6.2,308.3,1365.3,D,0
-23.759,126.4131,348.3,4.5,2,2014-12-08,0439,Aqua,MODIS,72,6.2,295.4,377.3,D,0
-23.7406,126.4147,369.5,4.5,2,2014-12-08,0439,Aqua,MODIS,94,6.2,305.5,842.3,D,0
-23.7229,126.4132,356.6,4.5,2,2014-12-08,0439,Aqua,MODIS,95,6.2,309.8,498.9,D,0
-23.7554,126.4577,370.1,4.5,1.9,2014-12-08,0439,Aqua,MODIS,100,6.2,306.4,867.5,D,0
-22.3114,129.8017,380.2,2.5,1.5,2014-12-08,0440,Aqua,MODIS,100,6.2,311.2,480.8,D,0
-22.0946,129.8855,337.6,2.4,1.5,2014-12-08,0440,Aqua,MODIS,78,6.2,310.9,60.6,D,0
-22.3363,129.8286,332.7,2.4,1.5,2014-12-08,0440,Aqua,MODIS,56,6.2,306.8,33,D,0
-22.3227,129.8271,333.6,2.4,1.5,2014-12-08,0440,Aqua,MODIS,67,6.2,308.4,36.3,D,0
-22.3251,129.8032,336,2.5,1.5,2014-12-08,0440,Aqua,MODIS,74,6.2,309.6,47.7,D,0
-22.309,129.8255,345.5,2.4,1.5,2014-12-08,0440,Aqua,MODIS,89,6.2,307.6,107.4,D,0
-19.9328,129.7663,333.4,2.3,1.5,2014-12-08,0440,Aqua,MODIS,72,6.2,308.1,39.7,D,0
-20.7703,139.2826,335.7,1.1,1.1,2014-12-08,0440,Aqua,MODIS,28,6.2,304.7,22.5,D,0
-20.7721,139.2718,332.6,1.1,1.1,2014-12-08,0440,Aqua,MODIS,50,6.2,308.1,16.2,D,0
-20.2347,129.0035,333.1,2.6,1.6,2014-12-08,0440,Aqua,MODIS,29,6.2,308.2,40.8,D,0
-20.7764,139.3058,341,1.1,1.1,2014-12-08,0440,Aqua,MODIS,79,6.2,302.5,34.3,D,0
-20.7798,139.2843,343.2,1.1,1.1,2014-12-08,0440,Aqua,MODIS,86,6.2,310,33.3,D,0
-20.7893,139.286,349.6,1.1,1.1,2014-12-08,0440,Aqua,MODIS,92,6.2,309,48.9,D,0
-20.7876,139.2968,346.3,1.1,1.1,2014-12-08,0440,Aqua,MODIS,89,6.2,308.8,43.4,D,0
-20.791,139.2753,340.9,1.1,1.1,2014-12-08,0440,Aqua,MODIS,84,6.2,307,30.5,D,0
-20.7781,139.2951,344.6,1.1,1.1,2014-12-08,0440,Aqua,MODIS,75,6.2,308,41.3,D,0
-15.5236,142.6705,329.2,2.3,1.5,2014-12-08,0441,Aqua,MODIS,78,6.2,293.3,44.1,D,0
-15.6352,144.3266,326.8,3,1.7,2014-12-08,0441,Aqua,MODIS,62,6.2,293.9,65.1,D,0
-15.6331,144.331,328.7,3,1.7,2014-12-08,0441,Aqua,MODIS,76,6.2,293.7,79.7,D,0
-16.3319,143.2444,321.2,2.4,1.5,2014-12-08,0441,Aqua,MODIS,20,6.2,289.9,28.7,D,0
-16.2821,143.2111,327.5,2.4,1.5,2014-12-08,0441,Aqua,MODIS,64,6.2,287.3,52.3,D,0
-16.377,134.4865,330.6,1.1,1,2014-12-08,0441,Aqua,MODIS,78,6.2,289.7,19.6,D,0
-16.3783,134.4766,327.1,1.1,1,2014-12-08,0441,Aqua,MODIS,57,6.2,291.3,14.9,D,0
-16.2338,143.1274,329.6,2.4,1.5,2014-12-08,0441,Aqua,MODIS,0,6.2,289.9,57,D,0
-16.2407,143.1336,325.2,2.4,1.5,2014-12-08,0441,Aqua,MODIS,0,6.2,289.3,35.9,D,0
-16.2273,143.131,327.1,2.4,1.5,2014-12-08,0441,Aqua,MODIS,0,6.2,289.7,47.9,D,0
-16.2031,143.3802,335.8,2.5,1.5,2014-12-08,0441,Aqua,MODIS,83,6.2,294.4,91.4,D,0
-16.1951,143.1893,322.7,2.4,1.5,2014-12-08,0441,Aqua,MODIS,31,6.2,292,34.9,D,0
-16.9979,135.8346,331.1,1,1,2014-12-08,0441,Aqua,MODIS,62,6.2,303.1,13.7,D,0
-16.9992,135.8252,331.5,1,1,2014-12-08,0441,Aqua,MODIS,71,6.2,301.3,13.3,D,0
-16.2126,143.3628,330.9,2.5,1.5,2014-12-08,0441,Aqua,MODIS,78,6.2,292.5,68.6,D,0
-16.2083,143.386,328.4,2.5,1.5,2014-12-08,0441,Aqua,MODIS,71,6.2,293.8,56.5,D,0
-15.9807,142.974,331,2.4,1.5,2014-12-08,0441,Aqua,MODIS,77,6.2,297.8,52.9,D,0
-15.546,142.6966,327.6,2.3,1.5,2014-12-08,0441,Aqua,MODIS,50,6.2,289.2,54.2,D,0
-15.5329,142.6942,327.7,2.3,1.5,2014-12-08,0441,Aqua,MODIS,46,6.2,291.1,45.9,D,0
-15.5292,142.7154,341.5,2.3,1.5,2014-12-08,0441,Aqua,MODIS,89,6.2,289.7,119.6,D,0
-16.3749,143.2137,340.3,2.4,1.5,2014-12-08,0441,Aqua,MODIS,83,6.2,291,111.1,D,0
-16.3883,143.2163,327.9,2.4,1.5,2014-12-08,0441,Aqua,MODIS,59,6.2,291,48.8,D,0
-16.2367,142.8802,320.1,2.3,1.5,2014-12-08,0441,Aqua,MODIS,0,6.2,289.3,21.1,D,0
-14.0789,143.347,324.7,2.8,1.6,2014-12-08,0441,Aqua,MODIS,54,6.2,295.4,44,D,0
-14.0931,143.35,325.4,2.8,1.6,2014-12-08,0441,Aqua,MODIS,41,6.2,295.9,45.2,D,0
-16.4093,143.2955,323,2.5,1.5,2014-12-08,0441,Aqua,MODIS,59,6.2,294.8,29.8,D,0
-15.2222,131.8963,334.1,1.4,1.2,2014-12-08,0441,Aqua,MODIS,51,6.2,288.5,43.8,D,0
-15.2238,131.8834,353.7,1.4,1.2,2014-12-08,0441,Aqua,MODIS,0,6.2,291.2,101.8,D,0
-15.6351,132.5727,328.5,1.3,1.1,2014-12-08,0441,Aqua,MODIS,69,6.2,303.3,15.4,D,0
-15.6366,132.5609,327.7,1.3,1.1,2014-12-08,0441,Aqua,MODIS,45,6.2,302.5,13.2,D,0
-15.6382,132.549,353.4,1.3,1.1,2014-12-08,0441,Aqua,MODIS,96,6.2,305.3,76.5,D,0
-16.3069,142.9209,319.8,2.3,1.5,2014-12-08,0441,Aqua,MODIS,21,6.2,287.6,19,D,0
-13.16,135.5988,342.4,1,1,2014-12-08,0442,Aqua,MODIS,87,6.2,297.7,32.2,D,0
-13.219,135.6323,329.2,1,1,2014-12-08,0442,Aqua,MODIS,36,6.2,299.6,12.2,D,0
-13.1587,135.608,342.4,1,1,2014-12-08,0442,Aqua,MODIS,87,6.2,302.6,31.4,D,0
-13.2426,135.7866,334.7,1,1,2014-12-08,0442,Aqua,MODIS,63,6.2,294.9,24,D,0
-13.2439,135.7774,332.9,1,1,2014-12-08,0442,Aqua,MODIS,52,6.2,291.7,23.2,D,0
-12.4857,134.9794,333.8,1,1,2014-12-08,0442,Aqua,MODIS,82,6.2,293.9,24.1,D,0
-12.5101,134.9364,330.5,1,1,2014-12-08,0442,Aqua,MODIS,79,6.2,290.5,22.3,D,0
-13.2526,135.5905,328.6,1,1,2014-12-08,0442,Aqua,MODIS,51,6.2,300.5,11.9,D,0
-11.7814,135.8994,327.1,1,1,2014-12-08,0442,Aqua,MODIS,74,6.2,284,18,D,0
-12.5114,134.9273,328.2,1,1,2014-12-08,0442,Aqua,MODIS,76,6.2,291.9,19.1,D,0
-12.3878,136.8938,319.2,1.1,1,2014-12-08,0442,Aqua,MODIS,0,6.2,297.8,9.3,D,0
-13.9061,135.2669,348.5,1,1,2014-12-08,0442,Aqua,MODIS,92,6.2,302.1,43.5,D,0
-11.9556,135.7768,323.2,1,1,2014-12-08,0442,Aqua,MODIS,58,6.2,296.1,8.4,D,0
-11.9583,135.7583,323.3,1,1,2014-12-08,0442,Aqua,MODIS,28,6.2,299.1,7.7,D,0
-28.5602,125.736,339,4.2,1.9,2014-12-08,0616,Aqua,MODIS,78,6.2,310.6,156.2,D,0
-28.5574,125.7274,344.7,4.2,1.9,2014-12-08,0616,Aqua,MODIS,86,6.2,311,235.9,D,0
-28.5625,126.1072,335.6,4.4,1.9,2014-12-08,0616,Aqua,MODIS,71,6.2,312.3,113.6,D,0
-28.5613,126.1112,334.8,4.4,1.9,2014-12-08,0616,Aqua,MODIS,69,6.2,312.1,100.6,D,0
-28.5672,125.6855,336,4.2,1.9,2014-12-08,0616,Aqua,MODIS,72,6.2,311.4,121.1,D,0
-28.5702,125.6943,339.6,4.2,1.9,2014-12-08,0616,Aqua,MODIS,79,6.2,311.2,164,D,0
-25.6772,121.1127,342,2.4,1.5,2014-12-08,0617,Aqua,MODIS,50,6.2,322.3,57.2,D,0
-25.6819,121.0893,345,2.4,1.5,2014-12-08,0617,Aqua,MODIS,70,6.2,323.8,75.9,D,0
-25.682,121.1066,349.1,2.4,1.5,2014-12-08,0617,Aqua,MODIS,89,6.2,323,103.5,D,0
-25.6422,121.0966,342,2.4,1.5,2014-12-08,0617,Aqua,MODIS,65,6.2,320.9,58.6,D,0
-25.6469,121.0732,340.9,2.4,1.5,2014-12-08,0617,Aqua,MODIS,55,6.2,321.3,52.2,D,0
-22.351,120.9677,355.3,2.8,1.6,2014-12-08,0618,Aqua,MODIS,95,6.2,315.6,227.5,D,0
-22.6476,120.6534,363.3,2.6,1.5,2014-12-08,0618,Aqua,MODIS,100,6.2,322.2,267.8,D,0
-22.6663,120.6318,343.5,2.6,1.5,2014-12-08,0618,Aqua,MODIS,83,6.2,321.1,75.9,D,0
-22.6614,120.6565,383.1,2.6,1.5,2014-12-08,0618,Aqua,MODIS,100,6.2,323.6,548.9,D,0
-22.6526,120.6285,338.2,2.6,1.5,2014-12-08,0618,Aqua,MODIS,53,6.2,320.8,42.3,D,0
-23.2105,114.5366,345.6,1.1,1,2014-12-08,0618,Aqua,MODIS,87,6.2,323.2,27,D,0
-23.2089,114.547,360.4,1.1,1,2014-12-08,0618,Aqua,MODIS,100,6.2,322.9,65,D,0
-22.2983,120.9224,347.5,2.8,1.6,2014-12-08,0618,Aqua,MODIS,89,6.2,322.1,107.5,D,0
-22.305,120.9016,346.5,2.7,1.6,2014-12-08,0618,Aqua,MODIS,88,6.2,322,98.3,D,0
-22.2998,120.9277,342.6,2.8,1.6,2014-12-08,0618,Aqua,MODIS,62,6.2,322,66.4,D,0
-22.328,120.9344,372.7,2.8,1.6,2014-12-08,0618,Aqua,MODIS,100,6.2,322,414.3,D,0
-22.3421,120.9377,387.8,2.8,1.6,2014-12-08,0618,Aqua,MODIS,100,6.2,326.8,698,D,0
-22.3369,120.9642,388.8,2.8,1.6,2014-12-08,0618,Aqua,MODIS,100,6.2,319.9,733,D,0
-22.2909,120.8985,345.4,2.7,1.6,2014-12-08,0618,Aqua,MODIS,87,6.2,319.9,92.7,D,0
-22.6565,120.6814,350.8,2.6,1.5,2014-12-08,0618,Aqua,MODIS,84,6.2,317.9,147.8,D,0
-22.3033,120.8963,347.3,2.7,1.6,2014-12-08,0618,Aqua,MODIS,89,6.2,321.8,105.5,D,0
-20.6035,116.7704,329.9,1.5,1.2,2014-12-08,0619,Aqua,MODIS,63,6.2,314.1,19.2,D,0
-29.3099,149.1427,306.4,2.1,1.4,2014-12-08,1224,Terra,MODIS,68,6.2,292.3,19.8,N,0
-29.4875,151.8677,305.4,1.4,1.2,2014-12-08,1224,Terra,MODIS,64,6.2,287.2,12.9,N,0
-29.4858,151.8824,311.2,1.4,1.2,2014-12-08,1224,Terra,MODIS,82,6.2,287.4,19.2,N,0
-29.5866,149.5193,302.5,2,1.4,2014-12-08,1224,Terra,MODIS,50,6.2,291.7,11.1,N,0
-25.6446,121.082,313.3,3.2,1.7,2014-12-08,1404,Terra,MODIS,82,6.2,298.4,46.2,N,0
-25.6267,121.1126,322,3.2,1.7,2014-12-08,1404,Terra,MODIS,100,6.2,299.4,86.9,N,0
-25.6292,121.0804,317.6,3.2,1.7,2014-12-08,1404,Terra,MODIS,94,6.2,298.6,63.9,N,0
-25.6302,121.1079,322.8,3.2,1.7,2014-12-08,1404,Terra,MODIS,100,6.2,299.5,91.6,N,0
-25.6329,121.0756,317.6,3.2,1.7,2014-12-08,1404,Terra,MODIS,94,6.2,298.6,64.7,N,0
-25.6148,121.1064,309.2,3.2,1.7,2014-12-08,1404,Terra,MODIS,67,6.2,298.3,29.5,N,0
-23.762,126.3979,314.5,1.3,1.1,2014-12-08,1404,Terra,MODIS,86,6.2,300.2,12,N,0
-23.7586,126.5141,314.2,1.3,1.1,2014-12-08,1404,Terra,MODIS,86,6.2,299.7,11.8,N,0
-19.6078,128.6864,312.1,1,1,2014-12-08,1405,Terra,MODIS,66,6.2,298,6.5,N,0
-20.8582,126.8821,318,1.1,1.1,2014-12-08,1405,Terra,MODIS,96,6.2,295.7,15,N,0
-19.3526,128.5396,311.3,1,1,2014-12-08,1405,Terra,MODIS,60,6.2,294.1,7.3,N,0
-19.3616,128.5411,312,1,1,2014-12-08,1405,Terra,MODIS,84,6.2,294.8,7.5,N,0
-19.3707,128.5425,307.5,1,1,2014-12-08,1405,Terra,MODIS,52,6.2,295.2,4.3,N,0
-21.2905,127.3081,309.9,1.1,1,2014-12-08,1405,Terra,MODIS,36,6.2,297.1,5.3,N,0
-21.2919,127.2974,340.8,1.1,1.1,2014-12-08,1405,Terra,MODIS,100,6.2,299.3,46.1,N,0
-21.2933,127.2867,326.8,1.1,1.1,2014-12-08,1405,Terra,MODIS,100,6.2,297.8,23.4,N,0
-21.281,127.3066,407.6,1.1,1,2014-12-08,1405,Terra,MODIS,100,6.2,308.8,343.9,N,0
-21.2824,127.296,500,1.1,1.1,2014-12-08,1405,Terra,MODIS,100,6.2,341.8,1863.5,N,0
-21.2838,127.2853,432.8,1.1,1.1,2014-12-08,1405,Terra,MODIS,100,6.2,311,591.8,N,0
-21.2852,127.2746,355.8,1.1,1.1,2014-12-08,1405,Terra,MODIS,100,6.2,299.3,82.5,N,0
-21.2866,127.2639,322,1.1,1.1,2014-12-08,1405,Terra,MODIS,100,6.2,296.4,18.3,N,0
-21.2716,127.3052,353.8,1.1,1,2014-12-08,1405,Terra,MODIS,100,6.2,301.3,75.6,N,0
-21.273,127.2945,367.6,1.1,1.1,2014-12-08,1405,Terra,MODIS,100,6.2,303.6,119.1,N,0
-21.2744,127.2839,373.8,1.1,1.1,2014-12-08,1405,Terra,MODIS,100,6.2,302,143.9,N,0
-21.2757,127.2732,318.1,1.1,1.1,2014-12-08,1405,Terra,MODIS,81,6.2,297.8,12.6,N,0
-20.8596,126.8711,337,1.1,1.1,2014-12-08,1405,Terra,MODIS,100,6.2,296.9,43,N,0
-19.2231,138.2131,306.2,3.3,1.7,2014-12-08,1405,Terra,MODIS,55,6.2,292,20.7,N,0
-16.2627,129.2429,306.7,1,1,2014-12-08,1406,Terra,MODIS,46,6.2,292.9,3.9,N,0
-19.0304,128.6096,321.1,1,1,2014-12-08,1406,Terra,MODIS,0,6.2,290.8,17.7,N,0
-16.3301,129.0946,306.9,1,1,2014-12-08,1406,Terra,MODIS,38,6.2,292.6,3.4,N,0
-18.5304,145.0916,312.9,1.2,1.1,2014-12-08,1533,Aqua,MODIS,86,6.2,291.2,13.4,N,0
-18.519,145.0823,304.3,1.2,1.1,2014-12-08,1533,Aqua,MODIS,30,6.2,291,6.6,N,0
-18.5208,145.0933,311,1.2,1.1,2014-12-08,1533,Aqua,MODIS,82,6.2,291.2,11.9,N,0
-26.8389,149.6926,303.4,1.4,1.2,2014-12-08,1535,Aqua,MODIS,55,6.2,291.1,8,N,0
-25.7293,149.087,303,1.2,1.1,2014-12-08,1535,Aqua,MODIS,53,6.2,290.7,6.4,N,0
-28.9224,148.3031,303.8,1.2,1.1,2014-12-08,1536,Aqua,MODIS,17,6.2,293.5,7,N,0
-29.5875,149.533,303.6,1.4,1.2,2014-12-08,1536,Aqua,MODIS,56,6.2,290.6,9.5,N,0
-29.2168,149.0682,304.3,1.3,1.1,2014-12-08,1536,Aqua,MODIS,59,6.2,292.9,8.2,N,0
-29.3072,149.1478,309,1.3,1.2,2014-12-08,1536,Aqua,MODIS,76,6.2,293.3,12.6,N,0
-19.6298,128.6818,315.7,1.9,1.4,2014-12-08,1712,Aqua,MODIS,92,6.2,276.9,36.5,N,0
-19.6319,128.7001,306.7,1.9,1.4,2014-12-08,1712,Aqua,MODIS,69,6.2,274.2,18.4,N,0
-16.2713,124.9145,312.7,1.1,1,2014-12-08,1712,Aqua,MODIS,84,6.2,295.6,9,N,0
-16.2727,124.9245,309.1,1.1,1,2014-12-08,1712,Aqua,MODIS,73,6.2,295.8,6,N,0
-16.2782,124.9078,312.6,1.1,1,2014-12-08,1712,Aqua,MODIS,84,6.2,295.6,8.7,N,0
-19.0385,128.5455,349.1,1.8,1.3,2014-12-08,1712,Aqua,MODIS,100,6.2,285.5,141.6,N,0
-19.0406,128.5628,321.3,1.8,1.3,2014-12-08,1712,Aqua,MODIS,78,6.2,288.6,39.7,N,0
-19.0591,128.5708,321.8,1.8,1.3,2014-12-08,1712,Aqua,MODIS,91,6.2,286.4,42.6,N,0
-19.0331,128.5565,333.2,1.8,1.3,2014-12-08,1712,Aqua,MODIS,100,6.2,290.7,74.7,N,0
-19.0312,128.5392,326.5,1.8,1.3,2014-12-08,1712,Aqua,MODIS,92,6.2,289.8,54.3,N,0
-21.2578,127.2981,338.6,1.6,1.2,2014-12-08,1713,Aqua,MODIS,100,6.2,296.6,75.1,N,0
-21.3292,127.3202,308.6,1.6,1.3,2014-12-08,1713,Aqua,MODIS,49,6.2,294.5,10.9,N,0
-21.3197,127.3373,386,1.6,1.3,2014-12-08,1713,Aqua,MODIS,100,6.2,302.5,356.1,N,0
-21.3179,127.3217,433.9,1.6,1.3,2014-12-08,1713,Aqua,MODIS,100,6.2,311.9,1052.1,N,0
-21.316,127.3062,349.2,1.6,1.2,2014-12-08,1713,Aqua,MODIS,100,6.2,297.2,115.2,N,0
-21.3084,127.3388,322,1.6,1.3,2014-12-08,1713,Aqua,MODIS,100,6.2,295.8,29.5,N,0
-21.3066,127.3232,357,1.6,1.3,2014-12-08,1713,Aqua,MODIS,100,6.2,297.3,148.5,N,0
-21.3048,127.3077,317.6,1.6,1.2,2014-12-08,1713,Aqua,MODIS,80,6.2,295.2,23.1,N,0
-21.3007,127.3717,310.9,1.6,1.3,2014-12-08,1713,Aqua,MODIS,61,6.2,295.5,11.7,N,0
-21.2989,127.356,324.3,1.6,1.3,2014-12-08,1713,Aqua,MODIS,100,6.2,296.3,34.9,N,0
-21.2971,127.3403,385.5,1.6,1.3,2014-12-08,1713,Aqua,MODIS,100,6.2,300.6,350.2,N,0
-21.2953,127.3247,369.5,1.6,1.3,2014-12-08,1713,Aqua,MODIS,100,6.2,299.5,222.9,N,0
-21.2935,127.3092,322.7,1.6,1.2,2014-12-08,1713,Aqua,MODIS,100,6.2,295.3,33.8,N,0
-21.2912,127.389,311.5,1.6,1.3,2014-12-08,1713,Aqua,MODIS,73,6.2,294.9,13.7,N,0
-21.2894,127.3732,417,1.6,1.3,2014-12-08,1713,Aqua,MODIS,100,6.2,307.6,748.7,N,0
-21.2876,127.3575,420.9,1.6,1.3,2014-12-08,1713,Aqua,MODIS,100,6.2,309.5,810.1,N,0
-21.2858,127.3419,381.6,1.6,1.3,2014-12-08,1713,Aqua,MODIS,100,6.2,303.5,316.2,N,0
-21.284,127.3262,328.2,1.6,1.3,2014-12-08,1713,Aqua,MODIS,100,6.2,298.4,45.4,N,0
-21.2822,127.3107,310.8,1.6,1.2,2014-12-08,1713,Aqua,MODIS,69,6.2,295.7,11,N,0
-21.2804,127.2951,316.7,1.6,1.2,2014-12-08,1713,Aqua,MODIS,94,6.2,295.4,22.7,N,0
-21.2781,127.3747,339,1.6,1.3,2014-12-08,1713,Aqua,MODIS,100,6.2,298,78.1,N,0
-21.2763,127.359,340.5,1.6,1.3,2014-12-08,1713,Aqua,MODIS,100,6.2,298.3,81.9,N,0
-21.2745,127.3434,355.3,1.6,1.3,2014-12-08,1713,Aqua,MODIS,100,6.2,299,142.7,N,0
-21.2727,127.3278,360.9,1.6,1.3,2014-12-08,1713,Aqua,MODIS,100,6.2,299.9,170.8,N,0
-21.2709,127.3122,343.4,1.6,1.2,2014-12-08,1713,Aqua,MODIS,100,6.2,296.8,90.8,N,0
-21.2596,127.3137,313.3,1.6,1.2,2014-12-08,1713,Aqua,MODIS,87,6.2,295.6,15.7,N,0
-21.2561,127.2826,317.1,1.6,1.2,2014-12-08,1713,Aqua,MODIS,94,6.2,295.3,23.5,N,0
-21.2596,127.3051,328.9,1.6,1.2,2014-12-08,1713,Aqua,MODIS,100,6.2,296,48.8,N,0
-21.2577,127.2896,331.6,1.6,1.2,2014-12-08,1713,Aqua,MODIS,100,6.2,295.7,56.1,N,0
-21.2465,127.2911,308.7,1.6,1.2,2014-12-08,1713,Aqua,MODIS,75,6.2,295.6,12.5,N,0
-22.2774,120.8971,311.2,1,1,2014-12-08,1713,Aqua,MODIS,74,6.2,301.2,5.7,N,0
-22.279,120.9071,340.3,1,1,2014-12-08,1713,Aqua,MODIS,100,6.2,303.8,41.2,N,0
-25.5975,121.1123,349.1,1,1,2014-12-08,1714,Aqua,MODIS,100,6.2,301,58.2,N,0
-25.5989,121.1222,328.4,1,1,2014-12-08,1714,Aqua,MODIS,100,6.2,300.2,24.5,N,0
-25.605,121.1007,313.9,1,1,2014-12-08,1714,Aqua,MODIS,87,6.2,297.9,10.2,N,0
-25.6065,121.1107,375.8,1,1,2014-12-08,1714,Aqua,MODIS,100,6.2,305.3,134.5,N,0
-25.6079,121.1206,337.3,1,1,2014-12-08,1714,Aqua,MODIS,100,6.2,301,36.6,N,0
-25.614,121.0991,356.9,1,1,2014-12-08,1714,Aqua,MODIS,100,6.2,301.5,75.8,N,0
-25.6155,121.1091,365.9,1,1,2014-12-08,1714,Aqua,MODIS,100,6.2,304.6,100.4,N,0
-25.6169,121.119,323.5,1,1,2014-12-08,1714,Aqua,MODIS,100,6.2,299.3,18.4,N,0
-25.6215,121.0876,310.5,1,1,2014-12-08,1714,Aqua,MODIS,40,6.2,297.7,6.9,N,0
-25.623,121.0975,341.2,1,1,2014-12-08,1714,Aqua,MODIS,100,6.2,301,42.3,N,0
-25.6245,121.1075,325.9,1,1,2014-12-08,1714,Aqua,MODIS,100,6.2,299.5,21,N,0
-25.6305,121.086,345.6,1,1,2014-12-08,1714,Aqua,MODIS,100,6.2,300.8,50.7,N,0
-25.632,121.0959,327.8,1,1,2014-12-08,1714,Aqua,MODIS,100,6.2,299.4,23.2,N,0
-25.6395,121.0844,326.8,1,1,2014-12-08,1714,Aqua,MODIS,100,6.2,298.7,22.6,N,0
-23.7759,126.4243,309.5,1.5,1.2,2014-12-08,1714,Aqua,MODIS,74,6.2,297.8,12.4,N,0
-30.8613,121.4912,307.4,1,1,2014-12-08,1716,Aqua,MODIS,71,6.2,291,8.6,N,2
-27.4457,153.511,315,2.9,1.6,2014-12-08,2323,Terra,MODIS,47,6.2,290.4,41,D,0
-11.1138,142.3807,315.2,1,1,2014-12-09,0056,Terra,MODIS,41,6.2,289.6,7.2,D,0
-14.0766,143.3558,324,1.1,1.1,2014-12-09,0057,Terra,MODIS,38,6.2,299,16.2,D,0
-14.2153,142.9663,329.9,1.1,1,2014-12-09,0057,Terra,MODIS,66,6.2,302.2,16.1,D,0
-12.0571,141.9681,325.8,1,1,2014-12-09,0057,Terra,MODIS,71,6.2,305.2,14.6,D,0
-14.0789,143.3023,327.4,1.1,1.1,2014-12-09,0057,Terra,MODIS,42,6.2,299.7,17,D,0
-15.6691,142.4677,328.9,1.1,1,2014-12-09,0058,Terra,MODIS,48,6.2,298.2,11.3,D,0
-16.0617,141.7291,334.4,1,1,2014-12-09,0058,Terra,MODIS,79,6.2,301.2,19.2,D,0
-17.0087,141.0265,326.8,1,1,2014-12-09,0058,Terra,MODIS,72,6.2,305.3,13.7,D,0
-17.0566,141.0385,333,1,1,2014-12-09,0058,Terra,MODIS,51,6.2,306.9,15.5,D,0
-16.9342,141.2766,340.2,1,1,2014-12-09,0058,Terra,MODIS,83,6.2,306.1,23.6,D,0
-16.9356,141.2861,330.8,1,1,2014-12-09,0058,Terra,MODIS,67,6.2,305.3,9.2,D,0
-16.9392,141.2467,332.2,1,1,2014-12-09,0058,Terra,MODIS,70,6.2,304.7,11.1,D,0
-16.9446,141.2847,345.8,1,1,2014-12-09,0058,Terra,MODIS,89,6.2,305.7,33.9,D,0
-16.7233,141.2784,332.4,1,1,2014-12-09,0058,Terra,MODIS,72,6.2,306.1,13.2,D,0
-16.8663,141.1862,330.5,1,1,2014-12-09,0058,Terra,MODIS,65,6.2,304.9,10.2,D,0
-18.5306,145.093,330.4,1.7,1.3,2014-12-09,0058,Terra,MODIS,50,6.2,299.8,35.6,D,0
-15.6542,142.429,368.3,1.1,1,2014-12-09,0058,Terra,MODIS,100,6.2,300.5,107.5,D,0
-15.8094,141.8933,337.2,1,1,2014-12-09,0058,Terra,MODIS,79,6.2,298.2,27.4,D,0
-16.0688,141.722,336.5,1,1,2014-12-09,0058,Terra,MODIS,82,6.2,299.9,24.8,D,0
-15.7061,142.4149,327.9,1.1,1,2014-12-09,0058,Terra,MODIS,23,6.2,298.6,12.8,D,0
-15.7461,142.4296,334.7,1.1,1,2014-12-09,0058,Terra,MODIS,81,6.2,301.3,21.5,D,0
-15.9638,142.8882,353.2,1.1,1.1,2014-12-09,0058,Terra,MODIS,96,6.2,300.2,63.7,D,0
-15.7623,141.8905,327.5,1,1,2014-12-09,0058,Terra,MODIS,44,6.2,299.7,11.9,D,0
-15.7475,142.4396,328.5,1.1,1,2014-12-09,0058,Terra,MODIS,65,6.2,298.1,11.7,D,0
-15.754,142.4182,327.2,1.1,1,2014-12-09,0058,Terra,MODIS,64,6.2,298.7,12.3,D,0
-15.9196,144.0845,321.6,1.3,1.1,2014-12-09,0058,Terra,MODIS,68,6.2,298.1,11.7,D,0
-15.9282,144.0711,327.2,1.3,1.1,2014-12-09,0058,Terra,MODIS,78,6.2,299,19.1,D,0
-15.9298,144.0832,351.3,1.3,1.1,2014-12-09,0058,Terra,MODIS,95,6.2,299.3,79.1,D,0
-15.927,144.077,344.9,1.3,1.1,2014-12-09,0058,Terra,MODIS,92,6.2,299.8,60.8,D,0
-15.9285,144.0892,329,1.3,1.1,2014-12-09,0058,Terra,MODIS,78,6.2,296.7,24.6,D,0
-15.8016,141.9043,337.1,1,1,2014-12-09,0058,Terra,MODIS,83,6.2,300.7,25.1,D,0
-15.8163,141.9416,332.3,1,1,2014-12-09,0058,Terra,MODIS,77,6.2,299.3,16.5,D,0
-15.8002,141.8947,345.1,1,1,2014-12-09,0058,Terra,MODIS,90,6.2,299.6,41.3,D,0
-15.8071,141.9429,374.3,1,1,2014-12-09,0058,Terra,MODIS,100,6.2,302.3,123.2,D,0
-15.7714,141.8891,341.9,1,1,2014-12-09,0058,Terra,MODIS,88,6.2,300,33.9,D,0
-15.7806,141.8878,341.8,1,1,2014-12-09,0058,Terra,MODIS,88,6.2,296.3,34.3,D,0
-15.7728,141.8987,330.8,1,1,2014-12-09,0058,Terra,MODIS,66,6.2,300.8,15.5,D,0
-15.8307,141.9232,332.9,1,1,2014-12-09,0058,Terra,MODIS,78,6.2,301.4,17.4,D,0
-15.8765,141.9164,325,1,1,2014-12-09,0058,Terra,MODIS,61,6.2,299.9,7.6,D,0
-15.8321,141.9328,340.2,1,1,2014-12-09,0058,Terra,MODIS,86,6.2,301.8,29.6,D,0
-15.8674,141.9178,336.4,1,1,2014-12-09,0058,Terra,MODIS,82,6.2,300.9,23.1,D,0
-16.446,141.8445,333,1,1,2014-12-09,0058,Terra,MODIS,78,6.2,303,14.7,D,0
-16.4527,141.8375,334.8,1,1,2014-12-09,0058,Terra,MODIS,80,6.2,301.8,18,D,0
-15.849,141.9205,330.6,1,1,2014-12-09,0058,Terra,MODIS,74,6.2,300,14.4,D,0
-15.7925,141.9057,330.8,1,1,2014-12-09,0058,Terra,MODIS,73,6.2,299.1,15.3,D,0
-15.7819,141.8974,374,1,1,2014-12-09,0058,Terra,MODIS,100,6.2,302.2,122.4,D,0
-15.7911,141.896,332.7,1,1,2014-12-09,0058,Terra,MODIS,71,6.2,297.6,18.9,D,0
-15.8436,141.8818,347.8,1,1,2014-12-09,0058,Terra,MODIS,92,6.2,300.8,43.8,D,0
-15.8422,141.8722,341.4,1,1,2014-12-09,0058,Terra,MODIS,87,6.2,300.5,31,D,0
-15.8344,141.8832,340.5,1,1,2014-12-09,0058,Terra,MODIS,86,6.2,301.3,30.9,D,0
-15.3161,144.0699,360.2,1.3,1.1,2014-12-09,0058,Terra,MODIS,94,6.2,294.1,109.2,D,0
-15.8816,141.8861,337.7,1,1,2014-12-09,0058,Terra,MODIS,84,6.2,300.4,23.9,D,0
-15.866,141.9081,327.1,1,1,2014-12-09,0058,Terra,MODIS,53,6.2,300.9,9.2,D,0
-15.8619,141.8791,338,1,1,2014-12-09,0058,Terra,MODIS,84,6.2,301.7,23.3,D,0
-15.961,142.8672,326.4,1.1,1.1,2014-12-09,0058,Terra,MODIS,28,6.2,298.7,10.1,D,0
-16.4446,141.8347,337,1,1,2014-12-09,0058,Terra,MODIS,83,6.2,302.9,21.2,D,0
-15.9571,142.9106,332.3,1.1,1.1,2014-12-09,0058,Terra,MODIS,79,6.2,302.6,20,D,0
-15.2795,144.0204,333.3,1.3,1.1,2014-12-09,0058,Terra,MODIS,66,6.2,292.9,31.6,D,0
-15.278,144.0148,329.8,1.3,1.1,2014-12-09,0058,Terra,MODIS,24,6.2,291.4,22,D,0
-15.2896,144.0252,349,1.3,1.1,2014-12-09,0058,Terra,MODIS,87,6.2,297.3,64.8,D,0
-15.2912,144.0371,371.6,1.3,1.1,2014-12-09,0058,Terra,MODIS,100,6.2,297.7,154.1,D,0
-15.2982,144.012,352.1,1.3,1.1,2014-12-09,0058,Terra,MODIS,90,6.2,293.2,78.3,D,0
-15.5173,144.1277,336.7,1.3,1.1,2014-12-09,0058,Terra,MODIS,86,6.2,300.4,35.7,D,0
-15.5259,144.1141,340.7,1.3,1.1,2014-12-09,0058,Terra,MODIS,89,6.2,297.4,43.9,D,0
-15.5275,144.1262,347.5,1.3,1.1,2014-12-09,0058,Terra,MODIS,93,6.2,299.5,62.9,D,0
-15.536,144.1127,343.2,1.3,1.1,2014-12-09,0058,Terra,MODIS,91,6.2,298.5,51.1,D,0
-15.5462,144.1113,330.5,1.3,1.1,2014-12-09,0058,Terra,MODIS,81,6.2,296.2,23.9,D,0
-16.0526,141.7305,342.3,1,1,2014-12-09,0058,Terra,MODIS,88,6.2,302.6,32.1,D,0
-16.0512,141.7209,367.5,1,1,2014-12-09,0058,Terra,MODIS,100,6.2,302.9,96.7,D,0
-16.0603,141.7195,376.5,1,1,2014-12-09,0058,Terra,MODIS,100,6.2,304.1,130.2,D,0
-16.3526,142.9052,377.7,1.1,1.1,2014-12-09,0058,Terra,MODIS,100,6.2,299.2,160.4,D,0
-15.9595,142.8567,328.6,1.1,1.1,2014-12-09,0058,Terra,MODIS,57,6.2,299.2,14.5,D,0
-16.0589,141.71,326.3,1,1,2014-12-09,0058,Terra,MODIS,64,6.2,300.4,10.8,D,0
-16.0675,141.7124,326.9,1,1,2014-12-09,0058,Terra,MODIS,67,6.2,299.4,11.5,D,0
-15.9557,142.9001,332.3,1.1,1.1,2014-12-09,0058,Terra,MODIS,47,6.2,302.7,18.7,D,0
-15.9525,142.907,332.5,1.1,1.1,2014-12-09,0058,Terra,MODIS,46,6.2,303.6,16.4,D,0
-16.0741,142.9527,332.4,1.1,1.1,2014-12-09,0058,Terra,MODIS,70,6.2,302.8,17.2,D,0
-16.0903,142.9288,347.4,1.1,1.1,2014-12-09,0058,Terra,MODIS,92,6.2,302.9,47.9,D,0
-21.9661,143.428,332,1.4,1.2,2014-12-09,0059,Terra,MODIS,48,6.2,306,27.3,D,0
-19.2121,138.2182,343,1.1,1,2014-12-09,0059,Terra,MODIS,88,6.2,308.2,30.8,D,0
-19.1996,138.1996,332.5,1.1,1,2014-12-09,0059,Terra,MODIS,76,6.2,307.7,11.8,D,0
-19.2012,138.2097,332.3,1.1,1,2014-12-09,0059,Terra,MODIS,76,6.2,307.6,11.8,D,0
-23.1254,131.1043,341.2,2.5,1.5,2014-12-09,0100,Terra,MODIS,87,6.2,309.5,100.4,D,0
-23.1286,131.0839,334.8,2.5,1.5,2014-12-09,0100,Terra,MODIS,81,6.2,308,57.4,D,0
-23.1204,131.0798,334.6,2.5,1.5,2014-12-09,0100,Terra,MODIS,81,6.2,308.7,54.8,D,0
-22.6305,130.2798,334.3,3,1.6,2014-12-09,0100,Terra,MODIS,75,6.2,305.6,80.2,D,0
-23.1334,131.1084,341,2.5,1.5,2014-12-09,0100,Terra,MODIS,87,6.2,307.7,100.7,D,0
-22.6361,130.1573,341.3,3,1.7,2014-12-09,0100,Terra,MODIS,72,6.2,303.2,146.1,D,0
-22.6301,130.1281,365.5,3,1.7,2014-12-09,0100,Terra,MODIS,100,6.2,305.2,431,D,0
-26.2139,135.9645,354,1.1,1.1,2014-12-09,0101,Terra,MODIS,95,6.2,322.9,43.8,D,0
-28.5564,126.1765,328.2,4.1,1.9,2014-12-09,0102,Terra,MODIS,55,6.2,310.8,59.1,D,0
-28.735,127.2605,338.9,3.4,1.7,2014-12-09,0102,Terra,MODIS,81,6.2,312.2,129.9,D,0
-28.5464,126.1349,344.9,4.1,1.9,2014-12-09,0102,Terra,MODIS,88,6.2,313.3,258.1,D,0
-28.7346,127.2309,340,3.5,1.8,2014-12-09,0102,Terra,MODIS,82,6.2,311.7,138.7,D,0
-28.577,126.1313,332.1,4.1,1.9,2014-12-09,0102,Terra,MODIS,69,6.2,311,91.8,D,0
-28.7424,127.2657,335.3,3.4,1.7,2014-12-09,0102,Terra,MODIS,75,6.2,311.9,95.8,D,0
-28.563,126.1298,366,4.1,1.9,2014-12-09,0102,Terra,MODIS,100,6.2,313.6,656.1,D,0
-28.727,127.226,333.9,3.5,1.8,2014-12-09,0102,Terra,MODIS,72,6.2,311.8,82.6,D,0
-28.57,126.178,328.4,4.1,1.9,2014-12-09,0102,Terra,MODIS,55,6.2,310.9,60.4,D,0
-28.5603,126.1364,372.3,4.1,1.9,2014-12-09,0102,Terra,MODIS,100,6.2,314.1,817.7,D,0
-28.5437,126.1415,338.6,4.1,1.9,2014-12-09,0102,Terra,MODIS,81,6.2,312.4,168.7,D,0
-28.573,126.1714,334.4,4.1,1.9,2014-12-09,0102,Terra,MODIS,74,6.2,311,119.3,D,0
-17.3315,122.1885,316.2,2.2,1.4,2014-12-09,0237,Terra,MODIS,20,6.2,286.2,17.3,D,0
-22.3708,120.9293,340.9,2.1,1.4,2014-12-09,0238,Terra,MODIS,74,6.2,311,67,D,0
-22.3702,120.9352,341.9,2.1,1.4,2014-12-09,0238,Terra,MODIS,73,6.2,311.6,70.6,D,0
-22.368,120.9151,344.8,2.1,1.4,2014-12-09,0238,Terra,MODIS,78,6.2,308.8,90.5,D,0
-22.6625,120.6357,359.5,2,1.4,2014-12-09,0238,Terra,MODIS,99,6.2,318.1,159.7,D,0
-22.3554,120.9166,371.5,2.1,1.4,2014-12-09,0238,Terra,MODIS,100,6.2,316.9,280.9,D,0
-22.3582,120.9307,364.9,2.1,1.4,2014-12-09,0238,Terra,MODIS,100,6.2,316.6,221.7,D,0
-22.3576,120.9366,356.6,2.1,1.4,2014-12-09,0238,Terra,MODIS,97,6.2,315.2,148.5,D,0
-22.6646,120.655,359.3,2,1.4,2014-12-09,0238,Terra,MODIS,99,6.2,319.5,159.4,D,0
-22.3561,120.9107,364.6,2.1,1.4,2014-12-09,0238,Terra,MODIS,100,6.2,314.8,222,D,0
-25.6097,121.0831,342.6,2.3,1.5,2014-12-09,0239,Terra,MODIS,67,6.2,319.8,77,D,0
-25.6231,121.0816,352.9,2.3,1.5,2014-12-09,0239,Terra,MODIS,94,6.2,320.4,145.1,D,0
-25.6254,121.1049,339,2.3,1.5,2014-12-09,0239,Terra,MODIS,25,6.2,319.5,50,D,0
-25.6365,121.0801,344.8,2.3,1.5,2014-12-09,0239,Terra,MODIS,60,6.2,321.2,86,D,0
-25.6499,121.0785,347.3,2.3,1.5,2014-12-09,0239,Terra,MODIS,83,6.2,321.7,103,D,0
-25.6183,121.0767,347.7,2.3,1.5,2014-12-09,0239,Terra,MODIS,77,6.2,319.7,105.6,D,0
-25.6317,121.0752,346.8,2.3,1.5,2014-12-09,0239,Terra,MODIS,75,6.2,320.1,98,D,0
-25.6451,121.0736,346.3,2.3,1.5,2014-12-09,0239,Terra,MODIS,73,6.2,320.2,97.1,D,0
-25.6585,121.0719,336.7,2.3,1.5,2014-12-09,0239,Terra,MODIS,49,6.2,321,45.9,D,0
-38.2394,145.0726,304,3,1.7,2014-12-09,0340,Aqua,MODIS,15,6.2,290.5,10.9,D,0
-28.2363,150.1869,333.1,1.1,1.1,2014-12-09,0342,Aqua,MODIS,79,6.2,301.3,26.6,D,0
-28.2348,150.1985,340.6,1.1,1.1,2014-12-09,0342,Aqua,MODIS,88,6.2,304.4,39.6,D,0
-28.2252,150.1969,326.7,1.1,1.1,2014-12-09,0342,Aqua,MODIS,59,6.2,299.1,18.4,D,0
-23.948,150.9902,323.8,1,1,2014-12-09,0343,Aqua,MODIS,66,6.2,299.4,11.1,D,0
-23.9494,150.9803,363.8,1,1,2014-12-09,0343,Aqua,MODIS,100,6.2,302.9,88.4,D,0
-22.397,146.1805,336,1.6,1.3,2014-12-09,0344,Aqua,MODIS,84,6.2,299.2,51.5,D,0
-22.3988,146.1646,334.6,1.6,1.3,2014-12-09,0344,Aqua,MODIS,82,6.2,298.1,47.7,D,0
-17.6551,142.0719,324.3,2.8,1.6,2014-12-09,0345,Aqua,MODIS,16,6.2,294.5,45.8,D,0
-17.6579,142.0452,335.7,2.8,1.6,2014-12-09,0345,Aqua,MODIS,78,6.2,294.4,118.3,D,0
-19.0739,143.0951,322,2.5,1.5,2014-12-09,0345,Aqua,MODIS,52,6.2,290.6,45.7,D,0
-16.1001,142.9079,331.5,2.3,1.5,2014-12-09,0346,Aqua,MODIS,60,6.2,289.7,57.5,D,0
-16.1741,143.4064,338,2.1,1.4,2014-12-09,0346,Aqua,MODIS,87,6.2,294,78.2,D,0
-15.4671,143.8833,334.9,1.9,1.3,2014-12-09,0346,Aqua,MODIS,79,6.2,292,62,D,0
-15.7446,142.4046,352.7,2.5,1.5,2014-12-09,0346,Aqua,MODIS,84,6.2,290.6,221.2,D,0
-16.0712,142.9263,335.4,2.3,1.5,2014-12-09,0346,Aqua,MODIS,81,6.2,294.9,81.2,D,0
-16.0729,142.9432,328.9,2.3,1.5,2014-12-09,0346,Aqua,MODIS,52,6.2,294.2,45.7,D,0
-15.661,142.4581,319.1,2.5,1.5,2014-12-09,0346,Aqua,MODIS,31,6.2,291.4,26.5,D,0
-16.0754,142.9217,335.9,2.3,1.5,2014-12-09,0346,Aqua,MODIS,79,6.2,296.1,80,D,0
-16.0977,142.9295,329.2,2.3,1.5,2014-12-09,0346,Aqua,MODIS,20,6.2,293.3,39.1,D,0
-16.379,143.3213,340.4,2.2,1.4,2014-12-09,0346,Aqua,MODIS,88,6.2,294.9,99.2,D,0
-15.7583,142.4062,333.3,2.5,1.5,2014-12-09,0346,Aqua,MODIS,78,6.2,292.3,90.2,D,0
-16.2777,143.4109,325.5,2.1,1.4,2014-12-09,0346,Aqua,MODIS,58,6.2,294,36.6,D,0
-15.8997,143.1906,322.2,2.2,1.4,2014-12-09,0346,Aqua,MODIS,43,6.2,293.6,25.5,D,0
-15.9279,143.1733,327.1,2.2,1.4,2014-12-09,0346,Aqua,MODIS,59,6.2,293.4,38.2,D,0
-14.2104,142.9725,333.4,2.1,1.4,2014-12-09,0346,Aqua,MODIS,82,6.2,295.8,59.9,D,0
-15.9242,144.0804,317.3,1.9,1.3,2014-12-09,0346,Aqua,MODIS,30,6.2,288.1,17,D,0
-16.3774,143.3259,340.2,2.2,1.4,2014-12-09,0346,Aqua,MODIS,88,6.2,294.3,98.1,D,0
-16.2778,143.4041,320.4,2.1,1.4,2014-12-09,0346,Aqua,MODIS,42,6.2,293.7,21.6,D,0
-15.8139,141.9512,326.9,2.7,1.6,2014-12-09,0346,Aqua,MODIS,64,6.2,292.5,53.4,D,0
-16.1509,143.3834,329.7,2.1,1.4,2014-12-09,0346,Aqua,MODIS,76,6.2,291.2,48.4,D,0
-15.8109,141.9456,328.4,2.7,1.6,2014-12-09,0346,Aqua,MODIS,60,6.2,292.1,60.2,D,0
-15.8166,141.9258,326.3,2.7,1.6,2014-12-09,0346,Aqua,MODIS,38,6.2,291.2,50.4,D,0
-15.7995,141.9186,333.7,2.7,1.6,2014-12-09,0346,Aqua,MODIS,62,6.2,290.6,85.4,D,0
-16.1486,143.4033,324.3,2.1,1.4,2014-12-09,0346,Aqua,MODIS,57,6.2,292.8,27,D,0
-15.1885,144.184,325.9,1.8,1.3,2014-12-09,0346,Aqua,MODIS,18,6.2,291.5,29.2,D,0
-15.7619,142.4355,326.5,2.5,1.5,2014-12-09,0346,Aqua,MODIS,56,6.2,293.2,55.6,D,0
-15.3374,144.1078,376.9,1.8,1.3,2014-12-09,0346,Aqua,MODIS,100,6.2,296.4,312.1,D,0
-15.3394,144.0907,354,1.8,1.3,2014-12-09,0346,Aqua,MODIS,84,6.2,291.5,145.1,D,0
-15.3235,144.1232,332.2,1.8,1.3,2014-12-09,0346,Aqua,MODIS,73,6.2,295.6,47.6,D,0
-15.3255,144.1062,371,1.8,1.3,2014-12-09,0346,Aqua,MODIS,100,6.2,296.7,258.8,D,0
-15.3275,144.0891,326,1.8,1.3,2014-12-09,0346,Aqua,MODIS,14,6.2,292.5,28.2,D,0
-15.3116,144.1216,345.1,1.8,1.3,2014-12-09,0346,Aqua,MODIS,80,6.2,290.1,96.5,D,0
-15.3136,144.1046,334.9,1.8,1.3,2014-12-09,0346,Aqua,MODIS,84,6.2,294.4,54.8,D,0
-15.3156,144.0876,324.3,1.8,1.3,2014-12-09,0346,Aqua,MODIS,37,6.2,292.5,19.9,D,0
-15.7557,142.4294,326.3,2.5,1.5,2014-12-09,0346,Aqua,MODIS,51,6.2,290.7,49.4,D,0
-15.5554,144.1134,331.8,1.8,1.3,2014-12-09,0346,Aqua,MODIS,82,6.2,294.6,47.9,D,0
-15.5575,144.0962,321.1,1.8,1.3,2014-12-09,0346,Aqua,MODIS,36,6.2,293.3,17.8,D,0
-15.5414,144.1289,337.7,1.8,1.3,2014-12-09,0346,Aqua,MODIS,75,6.2,291.6,64.3,D,0
-15.5435,144.1119,359.3,1.8,1.3,2014-12-09,0346,Aqua,MODIS,99,6.2,296.6,173.5,D,0
-15.5456,144.0946,363.6,1.8,1.3,2014-12-09,0346,Aqua,MODIS,100,6.2,296.3,204.9,D,0
-15.5295,144.1273,328.2,1.8,1.3,2014-12-09,0346,Aqua,MODIS,37,6.2,293,34.1,D,0
-15.5315,144.1103,370.4,1.8,1.3,2014-12-09,0346,Aqua,MODIS,100,6.2,296.3,255.7,D,0
-15.5336,144.093,338.1,1.8,1.3,2014-12-09,0346,Aqua,MODIS,87,6.2,292.5,68.8,D,0
-15.5175,144.1257,324,1.8,1.3,2014-12-09,0346,Aqua,MODIS,63,6.2,295.7,30.8,D,0
-15.5196,144.1086,333.1,1.8,1.3,2014-12-09,0346,Aqua,MODIS,78,6.2,295.3,57.4,D,0
-15.7669,142.3889,319.5,2.5,1.5,2014-12-09,0346,Aqua,MODIS,22,6.2,287.8,45.6,D,0
-15.7644,142.4122,335.4,2.5,1.5,2014-12-09,0346,Aqua,MODIS,80,6.2,292.5,108,D,0
-16.3747,142.8937,331.8,2.3,1.5,2014-12-09,0346,Aqua,MODIS,81,6.2,294.4,61.9,D,0
-15.7532,142.3872,331,2.5,1.5,2014-12-09,0346,Aqua,MODIS,69,6.2,288.9,89.3,D,0
-14.2127,142.9529,333.4,2.2,1.4,2014-12-09,0346,Aqua,MODIS,64,6.2,295.4,61.6,D,0
-15.7507,142.4106,325.5,2.5,1.5,2014-12-09,0346,Aqua,MODIS,67,6.2,290.3,53.6,D,0
-15.771,143.1837,338.9,2.2,1.4,2014-12-09,0346,Aqua,MODIS,88,6.2,289.9,92,D,0
-14.236,142.9754,334.7,2.1,1.4,2014-12-09,0346,Aqua,MODIS,81,6.2,296.3,61.9,D,0
-15.7701,143.1903,329.9,2.2,1.4,2014-12-09,0346,Aqua,MODIS,78,6.2,290.4,53,D,0
-13.8301,143.0001,326.4,2.1,1.4,2014-12-09,0346,Aqua,MODIS,47,6.2,289.7,46.8,D,0
-15.65,142.4335,319.2,2.5,1.5,2014-12-09,0346,Aqua,MODIS,29,6.2,290.9,26.1,D,0
-15.9303,143.1528,326,2.2,1.4,2014-12-09,0346,Aqua,MODIS,41,6.2,291.5,35.2,D,0
-16.1764,143.3866,339.6,2.1,1.4,2014-12-09,0346,Aqua,MODIS,88,6.2,297.4,87.8,D,0
-15.7473,142.3813,334,2.5,1.5,2014-12-09,0346,Aqua,MODIS,73,6.2,290.7,98.4,D,0
-16.1636,143.385,344.9,2.1,1.4,2014-12-09,0346,Aqua,MODIS,91,6.2,297.7,119.2,D,0
-13.8151,143.018,328.7,2.1,1.4,2014-12-09,0346,Aqua,MODIS,66,6.2,290.7,50.2,D,0
-14.2349,142.9804,330.6,2.1,1.4,2014-12-09,0346,Aqua,MODIS,51,6.2,296.5,45,D,0
-14.1341,141.66,319.8,2.7,1.6,2014-12-09,0346,Aqua,MODIS,46,6.2,291,35.7,D,0
-14.2371,142.9605,334.6,2.2,1.4,2014-12-09,0346,Aqua,MODIS,70,6.2,295.1,61.6,D,0
-15.7959,143.1936,329.6,2.2,1.4,2014-12-09,0346,Aqua,MODIS,38,6.2,288,48.8,D,0
-16.1025,142.8863,334,2.3,1.5,2014-12-09,0346,Aqua,MODIS,78,6.2,292.8,73.9,D,0
-16.2755,143.4239,321.5,2.1,1.4,2014-12-09,0346,Aqua,MODIS,55,6.2,293,23.4,D,0
-28.5519,126.1784,351,1.1,1,2014-12-09,0521,Aqua,MODIS,57,6.2,318.8,39.2,D,0
-28.5454,126.1548,360.7,1.1,1,2014-12-09,0521,Aqua,MODIS,74,6.2,328.4,61.6,D,0
-28.544,126.1658,358.1,1.1,1,2014-12-09,0521,Aqua,MODIS,92,6.2,324.5,52.3,D,0
-28.5598,126.191,368.2,1.1,1,2014-12-09,0521,Aqua,MODIS,66,6.2,305.3,96.9,D,0
-22.5661,130.1847,343.2,1.3,1.1,2014-12-09,0522,Aqua,MODIS,84,6.2,318.2,22.4,D,0
-23.1565,131.1102,341.6,1.5,1.2,2014-12-09,0522,Aqua,MODIS,62,6.2,314.7,35.8,D,0
-22.6355,130.082,344.7,1.3,1.1,2014-12-09,0522,Aqua,MODIS,81,6.2,316.7,31.1,D,0
-23.1483,131.094,352.3,1.5,1.2,2014-12-09,0522,Aqua,MODIS,94,6.2,317.9,66,D,0
-22.5952,130.0742,341.3,1.3,1.1,2014-12-09,0522,Aqua,MODIS,82,6.2,316.9,17.2,D,0
-23.1508,131.0799,338.5,1.4,1.2,2014-12-09,0522,Aqua,MODIS,60,6.2,314.8,19.3,D,0
-23.1647,131.1265,335.6,1.5,1.2,2014-12-09,0522,Aqua,MODIS,63,6.2,297.2,26.1,D,0
-23.152,131.1181,335.2,1.5,1.2,2014-12-09,0522,Aqua,MODIS,51,6.2,309.1,20.3,D,0
-23.1544,131.104,343.1,1.5,1.2,2014-12-09,0522,Aqua,MODIS,76,6.2,316.2,39.6,D,0
-22.6749,130.2786,345.4,1.3,1.1,2014-12-09,0522,Aqua,MODIS,87,6.2,309.2,34.8,D,0
-23.1568,131.0899,352.4,1.5,1.2,2014-12-09,0522,Aqua,MODIS,94,6.2,317.2,66.4,D,0
-22.5961,130.2561,343.9,1.3,1.1,2014-12-09,0522,Aqua,MODIS,71,6.2,320.2,19.9,D,0
-23.1437,131.1018,341.8,1.5,1.2,2014-12-09,0522,Aqua,MODIS,71,6.2,316.7,33.9,D,0
-23.1461,131.0877,350.5,1.5,1.2,2014-12-09,0522,Aqua,MODIS,92,6.2,317.3,62.2,D,0
-23.1331,131.0996,341.5,1.5,1.2,2014-12-09,0522,Aqua,MODIS,80,6.2,316.4,29.5,D,0
-23.1224,131.0975,363.1,1.5,1.2,2014-12-09,0522,Aqua,MODIS,100,6.2,316.4,112.7,D,0
-23.1248,131.0834,344,1.5,1.2,2014-12-09,0522,Aqua,MODIS,85,6.2,316.1,36.7,D,0
-22.688,130.138,345.9,1.3,1.1,2014-12-09,0522,Aqua,MODIS,54,6.2,309.9,47.2,D,0
-22.6523,130.2874,334.5,1.3,1.1,2014-12-09,0522,Aqua,MODIS,54,6.2,307,10.5,D,0
-22.6456,130.084,340,1.3,1.1,2014-12-09,0522,Aqua,MODIS,29,6.2,313.3,21.8,D,0
-23.1615,131.0821,338.9,1.4,1.2,2014-12-09,0522,Aqua,MODIS,72,6.2,314,17.4,D,0
-23.159,131.0961,358,1.5,1.2,2014-12-09,0522,Aqua,MODIS,98,6.2,316.5,89.6,D,0
-23.1779,131.1145,350.1,1.5,1.2,2014-12-09,0522,Aqua,MODIS,90,6.2,308.7,69.8,D,0
-23.1697,131.0983,345.6,1.5,1.2,2014-12-09,0522,Aqua,MODIS,77,6.2,314,46.5,D,0
-23.1672,131.1124,369.2,1.5,1.2,2014-12-09,0522,Aqua,MODIS,100,6.2,312.8,156.6,D,0
-23.1803,131.1003,343.7,1.5,1.2,2014-12-09,0522,Aqua,MODIS,59,6.2,313.4,41.4,D,0
-23.7792,126.5347,382.8,1,1,2014-12-09,0522,Aqua,MODIS,94,6.2,292.7,153.4,D,0
-19.1316,128.6276,337.2,1.2,1.1,2014-12-09,0523,Aqua,MODIS,81,6.2,293,29.5,D,0
-22.3507,128.998,339.1,1.1,1.1,2014-12-09,0523,Aqua,MODIS,42,6.2,316.5,13.4,D,0
-22.2869,129.5848,362.9,1.2,1.1,2014-12-09,0523,Aqua,MODIS,100,6.2,317,83.8,D,0
-22.2771,129.5829,342.4,1.2,1.1,2014-12-09,0523,Aqua,MODIS,47,6.2,315.6,22.3,D,0
-22.279,129.5711,343.3,1.2,1.1,2014-12-09,0523,Aqua,MODIS,59,6.2,320.2,23.2,D,0
-22.5004,127.6082,349,1,1,2014-12-09,0523,Aqua,MODIS,84,6.2,313.9,35.7,D,0
-22.3788,120.9155,337.7,1.8,1.3,2014-12-09,0523,Aqua,MODIS,59,6.2,314,33.4,D,0
-22.6756,120.6406,335.2,1.9,1.3,2014-12-09,0523,Aqua,MODIS,70,6.2,315.1,22.3,D,0
-19.0606,128.5629,347.2,1.2,1.1,2014-12-09,0523,Aqua,MODIS,91,6.2,283.2,50.4,D,0
-19.0801,128.5663,362.3,1.2,1.1,2014-12-09,0523,Aqua,MODIS,100,6.2,292.6,98.3,D,0
-22.3729,120.9099,354.5,1.8,1.3,2014-12-09,0523,Aqua,MODIS,96,6.2,314.8,101,D,0
-22.3709,120.927,354.9,1.8,1.3,2014-12-09,0523,Aqua,MODIS,96,6.2,318.5,100.4,D,0
-22.367,120.9139,356.3,1.8,1.3,2014-12-09,0523,Aqua,MODIS,97,6.2,317.1,115.7,D,0
-22.3652,120.9312,348.4,1.8,1.3,2014-12-09,0523,Aqua,MODIS,90,6.2,319.4,70.5,D,0
-22.377,120.9326,344.3,1.8,1.3,2014-12-09,0523,Aqua,MODIS,82,6.2,317,57.1,D,0
-15.6347,131.1114,327.5,2,1.4,2014-12-09,0524,Aqua,MODIS,74,6.2,293.5,37,D,0
-18.8307,127.8716,341.5,1.1,1.1,2014-12-09,0524,Aqua,MODIS,87,6.2,309.2,24,D,0
-29.8413,148.7002,313.6,1.2,1.1,2014-12-09,1307,Terra,MODIS,87,6.2,295.2,14.2,N,0
-27.5012,148.2689,309.3,1.3,1.1,2014-12-09,1307,Terra,MODIS,77,6.2,294.2,10.7,N,0
-28.9323,148.3068,308.8,1.2,1.1,2014-12-09,1307,Terra,MODIS,75,6.2,295.3,8.7,N,0
-29.3152,149.1412,315.5,1.3,1.1,2014-12-09,1307,Terra,MODIS,91,6.2,294.8,18.3,N,0
-29.3129,149.1546,313.3,1.3,1.1,2014-12-09,1307,Terra,MODIS,87,6.2,294.6,15.6,N,0
-20.87,147.5584,307.7,1.5,1.2,2014-12-09,1309,Terra,MODIS,72,6.2,292.3,10.2,N,0
-19.0383,144.4841,306.2,1.1,1,2014-12-09,1310,Terra,MODIS,43,6.2,287.6,7.1,N,0
-18.5041,145.0871,308,1.1,1.1,2014-12-09,1310,Terra,MODIS,44,6.2,284.7,9.9,N,0
-17.6936,142.1702,301.3,1,1,2014-12-09,1310,Terra,MODIS,8,6.2,284.8,3.4,N,0
-15.9619,142.9554,304.6,1,1,2014-12-09,1311,Terra,MODIS,28,6.2,279.8,4,N,0
-14.2008,142.9763,302.3,1,1,2014-12-09,1311,Terra,MODIS,26,6.2,279.2,4,N,0
-15.8541,143.1265,303.7,1,1,2014-12-09,1311,Terra,MODIS,19,6.2,287,5,N,0
-15.79,142.4305,313.6,1,1,2014-12-09,1311,Terra,MODIS,87,6.2,275.7,11.7,N,0
-15.7846,142.4677,331.2,1,1,2014-12-09,1311,Terra,MODIS,100,6.2,289.2,28.4,N,0
-15.7886,142.4398,307.5,1,1,2014-12-09,1311,Terra,MODIS,41,6.2,280.7,7.4,N,0
-15.7873,142.4491,306.4,1,1,2014-12-09,1311,Terra,MODIS,16,6.2,284.1,6.3,N,0
-15.7859,142.4584,318.1,1,1,2014-12-09,1311,Terra,MODIS,70,6.2,286.9,14.1,N,0
-15.3176,144.119,305.5,1.1,1.1,2014-12-09,1311,Terra,MODIS,39,6.2,290.4,4.3,N,0
-15.0838,144.2503,321.8,1.1,1.1,2014-12-09,1311,Terra,MODIS,100,6.2,281,23.7,N,0
-15.3055,143.9736,309.6,1.1,1,2014-12-09,1311,Terra,MODIS,78,6.2,288.5,8.1,N,0
-15.3071,143.9634,307.1,1.1,1,2014-12-09,1311,Terra,MODIS,70,6.2,290.4,6,N,0
-15.5333,144.1035,306.4,1.1,1.1,2014-12-09,1311,Terra,MODIS,68,6.2,292.4,4.6,N,0
-15.2443,144.2504,305.2,1.1,1.1,2014-12-09,1311,Terra,MODIS,41,6.2,286.2,6.4,N,0
-15.2459,144.2399,301.8,1.1,1.1,2014-12-09,1311,Terra,MODIS,25,6.2,281,4.4,N,0
-15.7748,143.166,306.2,1,1,2014-12-09,1311,Terra,MODIS,34,6.2,290.2,4,N,0
-16.0774,142.9222,308.8,1,1,2014-12-09,1311,Terra,MODIS,72,6.2,288.3,5.7,N,0
-15.7832,142.4771,330,1,1,2014-12-09,1311,Terra,MODIS,100,6.2,289.9,27.1,N,0
-16.1754,142.9439,306.7,1,1,2014-12-09,1311,Terra,MODIS,69,6.2,272.9,7.3,N,0
-14.2374,142.9822,306.5,1,1,2014-12-09,1311,Terra,MODIS,68,6.2,283,6.3,N,0
-29.3151,149.1568,304,3.2,1.7,2014-12-09,1441,Aqua,MODIS,58,6.2,291.9,26.3,N,0
-29.3172,149.1608,302.5,3.2,1.7,2014-12-09,1441,Aqua,MODIS,50,6.2,291.8,23.1,N,0
-30.8681,121.4968,303.8,1,1,2014-12-09,1445,Terra,MODIS,57,6.2,288.4,7,N,2
-30.8697,121.4864,324.5,1,1,2014-12-09,1445,Terra,MODIS,100,6.2,289.2,24,N,0
-28.4945,125.9896,319.3,1.7,1.3,2014-12-09,1446,Terra,MODIS,98,6.2,293.8,34,N,0
-28.4913,126.0067,316.2,1.7,1.3,2014-12-09,1446,Terra,MODIS,93,6.2,293.8,27.8,N,0
-26.9455,126.6927,347,2,1.4,2014-12-09,1446,Terra,MODIS,100,6.2,300.5,144.1,N,0
-26.9778,126.6591,315.9,2,1.4,2014-12-09,1446,Terra,MODIS,91,6.2,298.8,27,N,0
-26.9617,126.6758,370,2,1.4,2014-12-09,1446,Terra,MODIS,100,6.2,303.5,309.8,N,0
-27.781,127.7625,312,2.3,1.5,2014-12-09,1446,Terra,MODIS,83,6.2,297.3,29.1,N,0
-26.9322,126.6839,310.4,2,1.4,2014-12-09,1446,Terra,MODIS,76,6.2,298.7,17,N,0
-26.95,126.7365,313.2,2,1.4,2014-12-09,1446,Terra,MODIS,85,6.2,299.1,22.5,N,0
-28.598,126.1707,326.5,1.7,1.3,2014-12-09,1446,Terra,MODIS,100,6.2,293.4,52.5,N,0
-28.5992,126.1826,305.9,1.7,1.3,2014-12-09,1446,Terra,MODIS,40,6.2,292.9,12.7,N,0
-28.5059,125.9923,306.6,1.7,1.3,2014-12-09,1446,Terra,MODIS,68,6.2,293.5,13.9,N,0
-28.5027,126.0095,304.5,1.7,1.3,2014-12-09,1446,Terra,MODIS,60,6.2,293.5,11,N,0
-28.6024,126.1653,311.2,1.7,1.3,2014-12-09,1446,Terra,MODIS,82,6.2,293.1,20.4,N,0
-28.5909,126.1625,305,1.7,1.3,2014-12-09,1446,Terra,MODIS,43,6.2,292.7,11.8,N,0
-26.9786,126.7221,318.2,2,1.4,2014-12-09,1446,Terra,MODIS,96,6.2,299.1,34.4,N,0
-26.9747,126.7425,310.9,2,1.4,2014-12-09,1446,Terra,MODIS,64,6.2,298.7,18.2,N,0
-28.6901,127.323,309.5,2,1.4,2014-12-09,1446,Terra,MODIS,39,6.2,294.8,19.7,N,0
-26.9901,126.6622,309.1,2,1.4,2014-12-09,1446,Terra,MODIS,72,6.2,298.8,14.1,N,0
-26.9579,126.6958,338.8,2,1.4,2014-12-09,1446,Terra,MODIS,100,6.2,300.7,100.7,N,0
-28.6447,127.349,307.2,2.1,1.4,2014-12-09,1446,Terra,MODIS,27,6.2,294.9,16.2,N,0
-26.9494,126.6726,390.3,2,1.4,2014-12-09,1446,Terra,MODIS,100,6.2,303.9,543.7,N,0
-26.9332,126.6896,310.6,2,1.4,2014-12-09,1446,Terra,MODIS,77,6.2,298.6,17.2,N,0
-26.9863,126.6822,320,2,1.4,2014-12-09,1446,Terra,MODIS,99,6.2,299.6,39,N,0
-26.974,126.679,340.2,2,1.4,2014-12-09,1446,Terra,MODIS,100,6.2,300.3,109.4,N,0
-25.6298,121.0681,312.3,1,1,2014-12-09,1447,Terra,MODIS,67,6.2,297.6,8.7,N,0
-25.6206,121.0664,307.3,1,1,2014-12-09,1447,Terra,MODIS,16,6.2,296.7,4.9,N,0
-25.6115,121.0646,307.2,1,1,2014-12-09,1447,Terra,MODIS,34,6.2,296.3,5.1,N,0
-25.5915,121.0715,313.6,1,1,2014-12-09,1447,Terra,MODIS,84,6.2,297.5,10.2,N,0
-14.1957,142.9726,303.2,1.7,1.3,2014-12-09,1615,Aqua,MODIS,54,6.2,289.2,8.1,N,0
-12.4959,134.9401,303.9,1.3,1.1,2014-12-09,1615,Aqua,MODIS,53,6.2,292.2,5.8,N,0
-13.9503,135.3141,304.4,1.2,1.1,2014-12-09,1615,Aqua,MODIS,47,6.2,294.4,4.4,N,0
-17.2034,141.2816,300.8,1.4,1.2,2014-12-09,1616,Aqua,MODIS,18,6.2,276.7,6.4,N,0
-16.1945,142.9419,305.4,1.8,1.3,2014-12-09,1616,Aqua,MODIS,20,6.2,277.2,16.1,N,0
-16.1965,142.9589,310.4,1.8,1.3,2014-12-09,1616,Aqua,MODIS,71,6.2,283,24.3,N,0
-16.1895,142.9497,313.9,1.8,1.3,2014-12-09,1616,Aqua,MODIS,83,6.2,280,29.2,N,0
-22.5442,130.2934,305.5,1.8,1.3,2014-12-09,1618,Aqua,MODIS,64,6.2,295.2,8.4,N,0
-23.176,131.1148,310.9,1.5,1.2,2014-12-09,1618,Aqua,MODIS,80,6.2,295,12.7,N,0
-26.9503,126.684,328.1,2.5,1.5,2014-12-09,1619,Aqua,MODIS,100,6.2,297,91.7,N,0
-26.9639,126.6802,364.1,2.5,1.5,2014-12-09,1619,Aqua,MODIS,100,6.2,299.1,372,N,0
-26.9367,126.6875,331,2.5,1.5,2014-12-09,1619,Aqua,MODIS,100,6.2,296.9,107.7,N,0
-26.9827,126.7018,310.4,2.5,1.5,2014-12-09,1619,Aqua,MODIS,42,6.2,295.8,25.8,N,0
-26.9619,126.7025,324.3,2.5,1.5,2014-12-09,1619,Aqua,MODIS,100,6.2,296.7,71.7,N,0
-26.9742,126.7307,319.2,2.5,1.5,2014-12-09,1619,Aqua,MODIS,98,6.2,296.4,55,N,0
-26.9702,126.6735,349.6,2.5,1.5,2014-12-09,1619,Aqua,MODIS,100,6.2,297.8,229.1,N,0
-26.9672,126.7274,318.3,2.5,1.5,2014-12-09,1619,Aqua,MODIS,89,6.2,296.4,49.9,N,0
-26.9808,126.724,308,2.5,1.5,2014-12-09,1619,Aqua,MODIS,26,6.2,295.9,21.1,N,0
-26.9691,126.7055,320.3,2.5,1.5,2014-12-09,1619,Aqua,MODIS,100,6.2,296.5,57.5,N,0
-26.9775,126.6764,325.7,2.5,1.5,2014-12-09,1619,Aqua,MODIS,100,6.2,296.7,80.8,N,0
-26.9755,126.6988,327.2,2.5,1.5,2014-12-09,1619,Aqua,MODIS,100,6.2,296.9,87.6,N,0
-26.9566,126.6772,336.8,2.5,1.5,2014-12-09,1619,Aqua,MODIS,100,6.2,297.3,136.9,N,0
-26.9418,126.7126,307.4,2.5,1.5,2014-12-09,1619,Aqua,MODIS,50,6.2,296,19.4,N,0
-26.9555,126.7091,311.8,2.5,1.5,2014-12-09,1619,Aqua,MODIS,75,6.2,296.3,29.2,N,0
-27.7803,127.7706,309.3,2.1,1.4,2014-12-09,1620,Aqua,MODIS,77,6.2,294.8,23.1,N,0
-28.6636,127.3487,305.9,2.1,1.4,2014-12-09,1620,Aqua,MODIS,45,6.2,292.5,17.7,N,0
-28.6887,127.3421,310.7,2.1,1.4,2014-12-09,1620,Aqua,MODIS,73,6.2,292.5,26.7,N,0
-28.6511,127.3519,305.2,2.1,1.4,2014-12-09,1620,Aqua,MODIS,33,6.2,292.4,16.6,N,0
-28.6867,127.3352,307.6,2.1,1.4,2014-12-09,1620,Aqua,MODIS,72,6.2,292.3,21.3,N,0
-28.4836,126.0222,311.7,2.6,1.6,2014-12-09,1620,Aqua,MODIS,83,6.2,290.8,44.3,N,0
-28.4781,125.9959,316.8,2.6,1.6,2014-12-09,1620,Aqua,MODIS,94,6.2,290.8,61.9,N,0
-28.489,126.0159,317.2,2.6,1.6,2014-12-09,1620,Aqua,MODIS,95,6.2,291,62.9,N,0
-28.4833,125.9898,311.2,2.6,1.6,2014-12-09,1620,Aqua,MODIS,82,6.2,290.5,44,N,0
-15.0066,144.5477,317.8,4.1,1.9,2014-12-10,0002,Terra,MODIS,44,6.2,289.7,53.9,D,0
-15.0105,144.5414,315.4,4.1,1.9,2014-12-10,0002,Terra,MODIS,41,6.2,289,40.1,D,0
-17.8773,142.9,318.7,4.7,2,2014-12-10,0003,Terra,MODIS,61,6.2,288,76.6,D,0
-17.8754,142.8926,317.6,4.7,2,2014-12-10,0003,Terra,MODIS,53,6.2,288,68.9,D,0
-16.7498,143.5882,318.5,4.4,1.9,2014-12-10,0003,Terra,MODIS,33,6.2,288.2,46.5,D,0
-16.3276,143.4077,323.2,4.6,2,2014-12-10,0003,Terra,MODIS,70,6.2,287.8,99.8,D,0
-16.3259,143.4004,320.9,4.6,2,2014-12-10,0003,Terra,MODIS,60,6.2,287.5,79.3,D,0
-16.7753,143.6254,320.5,4.4,1.9,2014-12-10,0003,Terra,MODIS,32,6.2,288.5,59.2,D,0
-16.7581,143.629,323.2,4.4,1.9,2014-12-10,0003,Terra,MODIS,72,6.2,289,84.7,D,0
-19.2269,142.9338,318.5,4.3,1.9,2014-12-10,0004,Terra,MODIS,26,6.2,289.2,51.4,D,0
-19.2282,142.9279,319.3,4.3,1.9,2014-12-10,0004,Terra,MODIS,39,6.2,288.6,57.5,D,0
-26.946,151.722,323.8,1,1,2014-12-10,0005,Terra,MODIS,22,6.2,305.6,5.9,D,0
-23.7224,145.2779,322.9,2.3,1.5,2014-12-10,0005,Terra,MODIS,53,6.2,295.3,20.2,D,0
-27.6595,153.0359,319.6,1,1,2014-12-10,0005,Terra,MODIS,35,6.2,299.5,9.1,D,0
-28.2325,150.1954,344.8,1,1,2014-12-10,0006,Terra,MODIS,88,6.2,312.2,34,D,0
-28.2308,150.1848,346.6,1,1,2014-12-10,0006,Terra,MODIS,90,6.2,311.6,37,D,0
-13.9597,135.3133,323.9,1.7,1.3,2014-12-10,0140,Terra,MODIS,55,6.2,292.5,18.1,D,0
-13.2404,135.7809,319.3,1.8,1.3,2014-12-10,0140,Terra,MODIS,19,6.2,291.3,16.6,D,0
-12.405,131.454,325.5,1,1,2014-12-10,0140,Terra,MODIS,37,6.2,301.8,11.7,D,0
-12.5054,134.9365,322.4,1.5,1.2,2014-12-10,0140,Terra,MODIS,37,6.2,292.4,21.9,D,0
-12.4945,134.938,326.4,1.5,1.2,2014-12-10,0140,Terra,MODIS,28,6.2,294.4,28.8,D,0
-12.5072,134.9505,336.6,1.5,1.2,2014-12-10,0140,Terra,MODIS,87,6.2,294.6,55.8,D,0
-12.5202,131.6798,328.8,1,1,2014-12-10,0140,Terra,MODIS,62,6.2,301.5,19.6,D,0
-12.5034,135.0079,321.4,1.5,1.2,2014-12-10,0140,Terra,MODIS,41,6.2,292.5,22.4,D,0
-12.507,131.6528,318,1,1,2014-12-10,0140,Terra,MODIS,31,6.2,296.3,8.6,D,0
-14.9368,134.1291,321.9,1.4,1.2,2014-12-10,0141,Terra,MODIS,43,6.2,299.3,17.9,D,0
-14.6582,134.8789,327,1.6,1.3,2014-12-10,0141,Terra,MODIS,33,6.2,305,28.3,D,0
-16.226,129.8875,331.5,1,1,2014-12-10,0141,Terra,MODIS,74,6.2,306.8,12.4,D,0
-16.235,129.8861,332,1,1,2014-12-10,0141,Terra,MODIS,75,6.2,305.4,13.4,D,0
-16.2417,130.9467,332.2,1,1,2014-12-10,0141,Terra,MODIS,60,6.2,304.4,15.1,D,0
-18.2358,139.4638,321.6,4,1.9,2014-12-10,0141,Terra,MODIS,52,6.2,292.2,46.7,D,0
-18.2527,139.4621,337.9,4,1.9,2014-12-10,0141,Terra,MODIS,86,6.2,292.4,201.2,D,0
-18.24,139.4561,328.8,4,1.9,2014-12-10,0141,Terra,MODIS,75,6.2,292.6,108.1,D,0
-18.2568,139.4544,332.8,4,1.9,2014-12-10,0141,Terra,MODIS,80,6.2,292.5,146.3,D,0
-18.575,127.7542,339.1,1.1,1,2014-12-10,0142,Terra,MODIS,86,6.2,300,28.5,D,0
-18.2581,135.6352,325.9,2.1,1.4,2014-12-10,0142,Terra,MODIS,67,6.2,297.5,28.1,D,0
-18.2611,135.4402,324.1,2,1.4,2014-12-10,0142,Terra,MODIS,61,6.2,297.6,27,D,0
-18.2633,135.4592,322.6,2,1.4,2014-12-10,0142,Terra,MODIS,50,6.2,296.7,22.1,D,0
-19.0737,128.6655,341.3,1,1,2014-12-10,0142,Terra,MODIS,86,6.2,305.5,24.7,D,0
-19.0722,128.656,346.1,1,1,2014-12-10,0142,Terra,MODIS,90,6.2,307.7,33.2,D,0
-19.0618,128.648,337.1,1,1,2014-12-10,0142,Terra,MODIS,81,6.2,307,16.3,D,0
-19.0632,128.6575,359.4,1,1,2014-12-10,0142,Terra,MODIS,99,6.2,306.8,63.3,D,0
-21.0942,125.3247,331.1,1.3,1.1,2014-12-10,0143,Terra,MODIS,63,6.2,292.7,14.8,D,0
-23.768,126.5233,370.7,1.1,1,2014-12-10,0143,Terra,MODIS,100,6.2,312.9,95,D,0
-23.728,126.5095,340.2,1.1,1,2014-12-10,0143,Terra,MODIS,80,6.2,312.9,15.7,D,0
-23.7664,126.513,360.2,1.1,1,2014-12-10,0143,Terra,MODIS,100,6.2,313.2,59.4,D,0
-21.0936,125.3185,334.3,1.3,1.1,2014-12-10,0143,Terra,MODIS,83,6.2,291.8,21.9,D,0
-22.4613,127.6143,348.4,1,1,2014-12-10,0143,Terra,MODIS,93,6.2,303.2,40.7,D,0
-22.4688,127.603,338.3,1,1,2014-12-10,0143,Terra,MODIS,84,6.2,307.3,20.8,D,0
-22.4703,127.6127,337.9,1,1,2014-12-10,0143,Terra,MODIS,82,6.2,304.2,19.7,D,0
-25.6081,121.0372,339.9,2,1.4,2014-12-10,0144,Terra,MODIS,82,6.2,310.2,60.6,D,0
-25.6118,121.0567,345.6,2,1.4,2014-12-10,0144,Terra,MODIS,88,6.2,312.7,82.7,D,0
-25.5936,121.0131,335.2,2,1.4,2014-12-10,0144,Terra,MODIS,75,6.2,310.1,43.9,D,0
-25.5975,121.0327,357.2,2,1.4,2014-12-10,0144,Terra,MODIS,98,6.2,313.2,156.7,D,0
-25.6013,121.0521,348.8,2,1.4,2014-12-10,0144,Terra,MODIS,91,6.2,313.6,101.1,D,0
-25.6135,121.0493,343.4,2,1.4,2014-12-10,0144,Terra,MODIS,86,6.2,311.5,71.2,D,0
-25.6173,121.0687,339.1,2,1.4,2014-12-10,0144,Terra,MODIS,81,6.2,313.5,48.1,D,0
-25.622,121.027,352.5,2,1.4,2014-12-10,0144,Terra,MODIS,94,6.2,311,129.4,D,0
-25.6258,121.0464,365,2,1.4,2014-12-10,0144,Terra,MODIS,100,6.2,314.4,211.3,D,0
-25.6295,121.0659,345.8,2,1.4,2014-12-10,0144,Terra,MODIS,89,6.2,314.2,81.5,D,0
-25.638,121.0436,367,2,1.4,2014-12-10,0144,Terra,MODIS,100,6.2,312.2,232.7,D,0
-25.6418,121.0631,352.8,2,1.4,2014-12-10,0144,Terra,MODIS,95,6.2,313.2,125.2,D,0
-27.6171,127.502,331.3,1,1,2014-12-10,0144,Terra,MODIS,69,6.2,311.2,11.6,D,0
-27.7738,127.7608,343.3,1,1,2014-12-10,0144,Terra,MODIS,87,6.2,310.7,30.3,D,0
-25.3613,127.6756,341.2,1,1,2014-12-10,0144,Terra,MODIS,82,6.2,316.1,19.9,D,0
-26.9686,126.6633,335.1,1,1,2014-12-10,0144,Terra,MODIS,64,6.2,312.1,13.5,D,0
-27.6185,127.5122,329.1,1,1,2014-12-10,0144,Terra,MODIS,62,6.2,311.4,9,D,0
-28.6894,127.3464,335.9,1,1,2014-12-10,0145,Terra,MODIS,79,6.2,309.2,18.9,D,0
-28.6804,127.348,333.8,1,1,2014-12-10,0145,Terra,MODIS,76,6.2,309.3,15.6,D,0
-28.688,127.3361,337,1,1,2014-12-10,0145,Terra,MODIS,81,6.2,311.1,20.5,D,0
-28.6789,127.3377,333.3,1,1,2014-12-10,0145,Terra,MODIS,75,6.2,311.3,14.8,D,0
-28.4891,125.9963,326.6,1,1,2014-12-10,0145,Terra,MODIS,47,6.2,305.3,9.6,D,0
-28.4976,125.9988,328.5,1,1,2014-12-10,0145,Terra,MODIS,54,6.2,306,10.9,D,0
-30.7913,149.2961,417.9,1.9,1.4,2014-12-10,0424,Aqua,MODIS,94,6.2,309.4,960.1,D,0
-30.8034,149.2993,395.2,1.9,1.4,2014-12-10,0424,Aqua,MODIS,94,6.2,310,555.8,D,0
-32.6194,136.3648,327.2,1.9,1.3,2014-12-10,0424,Aqua,MODIS,55,6.2,303.7,29.4,D,0
-32.6159,136.3574,330.4,1.9,1.3,2014-12-10,0424,Aqua,MODIS,67,6.2,303.9,38.5,D,0
-31.4473,132.855,327.7,3.2,1.7,2014-12-10,0425,Aqua,MODIS,69,6.2,307,52.9,D,0
-25.0118,150.5796,320.2,3.2,1.7,2014-12-10,0426,Aqua,MODIS,50,6.2,292.3,43.6,D,0
-24.8843,150.3978,314.3,3.2,1.7,2014-12-10,0426,Aqua,MODIS,24,6.2,287.3,33.2,D,0
-24.8804,150.4016,317.8,3.2,1.7,2014-12-10,0426,Aqua,MODIS,40,6.2,287.7,50.1,D,0
-24.8736,150.4333,317,3.2,1.7,2014-12-10,0426,Aqua,MODIS,40,6.2,289.3,41.8,D,0
-24.3622,143.0565,337.4,1.1,1,2014-12-10,0426,Aqua,MODIS,75,6.2,308.3,21.9,D,0
-24.8778,150.4295,318.1,3.2,1.7,2014-12-10,0426,Aqua,MODIS,47,6.2,288.6,49.1,D,0
-22.4457,146.2788,327,1.8,1.3,2014-12-10,0427,Aqua,MODIS,61,6.2,301.6,25.8,D,0
-21.1574,140.235,347.1,1,1,2014-12-10,0427,Aqua,MODIS,86,6.2,311.2,33.6,D,0
-17.0729,143.61,324.3,1.5,1.2,2014-12-10,0428,Aqua,MODIS,34,6.2,297.8,13.9,D,0
-18.338,139.4438,331.5,1,1,2014-12-10,0428,Aqua,MODIS,65,6.2,305,11.6,D,0
-17.9031,142.9082,345,1.3,1.1,2014-12-10,0428,Aqua,MODIS,84,6.2,300.2,54.3,D,0
-18.3291,139.4424,337.5,1,1,2014-12-10,0428,Aqua,MODIS,82,6.2,306.7,19.5,D,0
-17.8929,142.9064,347.4,1.3,1.1,2014-12-10,0428,Aqua,MODIS,86,6.2,300.2,59.6,D,0
-17.8827,142.9046,341.5,1.3,1.1,2014-12-10,0428,Aqua,MODIS,75,6.2,297,41.4,D,0
-17.0768,143.6541,332.7,1.5,1.2,2014-12-10,0428,Aqua,MODIS,76,6.2,296.9,33.1,D,0
-17.0745,143.6681,326.6,1.5,1.2,2014-12-10,0428,Aqua,MODIS,55,6.2,298.8,19.3,D,0
-17.0877,143.656,332,1.5,1.2,2014-12-10,0428,Aqua,MODIS,75,6.2,299.1,29.6,D,0
-19.1179,140.4078,335,1,1,2014-12-10,0428,Aqua,MODIS,61,6.2,306,16,D,0
-17.0886,143.6618,354.8,1.5,1.2,2014-12-10,0428,Aqua,MODIS,97,6.2,299.6,105.7,D,0
-17.0971,143.6778,331.7,1.5,1.2,2014-12-10,0428,Aqua,MODIS,74,6.2,293.8,30.8,D,0
-17.0854,143.6701,357.4,1.5,1.2,2014-12-10,0428,Aqua,MODIS,98,6.2,297.9,118.5,D,0
-17.0801,143.6458,325.7,1.5,1.2,2014-12-10,0428,Aqua,MODIS,45,6.2,297.2,12,D,0
-17.0778,143.6598,342.7,1.5,1.2,2014-12-10,0428,Aqua,MODIS,88,6.2,298.1,59.8,D,0
-17.3497,141.56,333.8,1.1,1.1,2014-12-10,0428,Aqua,MODIS,73,6.2,302.9,19.8,D,0
-18.1503,145.6549,328.5,2,1.4,2014-12-10,0428,Aqua,MODIS,54,6.2,293.8,52.9,D,0
-14.2396,142.9827,327.3,1.5,1.2,2014-12-10,0429,Aqua,MODIS,39,6.2,298.1,17.7,D,0
-16.2702,142.0983,329.2,1.2,1.1,2014-12-10,0429,Aqua,MODIS,53,6.2,299.6,13.8,D,0
-16.2874,142.054,333.8,1.2,1.1,2014-12-10,0429,Aqua,MODIS,70,6.2,300.3,24.6,D,0
-16.2856,142.0655,336.2,1.2,1.1,2014-12-10,0429,Aqua,MODIS,79,6.2,297.9,29,D,0
-15.7357,143.2606,333.2,1.5,1.2,2014-12-10,0429,Aqua,MODIS,73,6.2,299.4,28.8,D,0
-15.7442,143.2763,328.8,1.5,1.2,2014-12-10,0429,Aqua,MODIS,43,6.2,296.8,21.5,D,0
-16.3872,143.2942,340.4,1.5,1.2,2014-12-10,0429,Aqua,MODIS,65,6.2,295.1,49.8,D,0
-15.8088,142.6106,328.1,1.4,1.2,2014-12-10,0429,Aqua,MODIS,66,6.2,294.5,21.3,D,0
-14.4029,135.4735,331.2,1.3,1.1,2014-12-10,0429,Aqua,MODIS,76,6.2,299.7,19.1,D,0
-16.6181,136.123,327.4,1.2,1.1,2014-12-10,0429,Aqua,MODIS,31,6.2,298.7,16.1,D,0
-16.6196,136.1115,325.2,1.2,1.1,2014-12-10,0429,Aqua,MODIS,23,6.2,297.1,13.8,D,0
-15.9929,142.878,344,1.4,1.2,2014-12-10,0429,Aqua,MODIS,68,6.2,292.7,57.5,D,0
-17.3638,136.1057,332.5,1.3,1.1,2014-12-10,0429,Aqua,MODIS,78,6.2,296.9,27.1,D,0
-17.3653,136.0938,349.6,1.3,1.1,2014-12-10,0429,Aqua,MODIS,94,6.2,297.4,69.2,D,0
-17.3645,136.0992,342.9,1.3,1.1,2014-12-10,0429,Aqua,MODIS,89,6.2,296.9,49.8,D,0
-17.366,136.0874,325.5,1.3,1.1,2014-12-10,0429,Aqua,MODIS,63,6.2,296.6,15.2,D,0
-15.1371,133.5724,343.4,1.7,1.3,2014-12-10,0429,Aqua,MODIS,90,6.2,304.2,66.3,D,0
-14.3929,135.4721,347.2,1.3,1.1,2014-12-10,0429,Aqua,MODIS,92,6.2,300.9,56.2,D,0
-14.3913,135.4837,332.3,1.3,1.1,2014-12-10,0429,Aqua,MODIS,17,6.2,299.2,22.8,D,0
-17.3098,136.1274,331.2,1.3,1.1,2014-12-10,0429,Aqua,MODIS,60,6.2,305,18.4,D,0
-16.2684,142.1098,328.7,1.2,1.1,2014-12-10,0429,Aqua,MODIS,38,6.2,300.4,13,D,0
-15.8324,141.9573,346.7,1.2,1.1,2014-12-10,0429,Aqua,MODIS,91,6.2,298.4,54.9,D,0
-15.8441,141.9475,327.4,1.2,1.1,2014-12-10,0429,Aqua,MODIS,32,6.2,298.6,14.2,D,0
-16.3168,143.452,334.3,1.5,1.2,2014-12-10,0429,Aqua,MODIS,65,6.2,293.1,40.3,D,0
-16.282,143.4599,328.3,1.5,1.2,2014-12-10,0429,Aqua,MODIS,49,6.2,297.1,20,D,0
-14.4091,135.4267,331.2,1.3,1.1,2014-12-10,0429,Aqua,MODIS,64,6.2,299.9,23.9,D,0
-14.4076,135.4384,346.3,1.3,1.1,2014-12-10,0429,Aqua,MODIS,91,6.2,301.5,56.1,D,0
-15.3389,144.1136,345.9,1.7,1.3,2014-12-10,0429,Aqua,MODIS,69,6.2,292.3,85.4,D,0
-15.3325,144.1067,342.1,1.7,1.3,2014-12-10,0429,Aqua,MODIS,66,6.2,296.5,70.2,D,0
-14.406,135.4501,331.2,1.3,1.1,2014-12-10,0429,Aqua,MODIS,76,6.2,300.9,19.5,D,0
-15.114,144.2402,357.8,1.8,1.3,2014-12-10,0429,Aqua,MODIS,74,6.2,293.3,160.1,D,0
-15.1022,144.2381,323.5,1.8,1.3,2014-12-10,0429,Aqua,MODIS,0,6.2,286.5,21.5,D,0
-15.3192,143.9731,327.1,1.7,1.3,2014-12-10,0429,Aqua,MODIS,62,6.2,298.1,25.9,D,0
-15.3077,143.971,325,1.7,1.3,2014-12-10,0429,Aqua,MODIS,55,6.2,298.4,18.9,D,0
-16.1643,130.9062,318.1,2.9,1.6,2014-12-10,0429,Aqua,MODIS,59,6.2,281.8,46,D,0
-16.1624,130.8987,322.7,2.9,1.6,2014-12-10,0429,Aqua,MODIS,68,6.2,283.2,65.3,D,0
-14.3975,135.437,326.2,1.3,1.1,2014-12-10,0429,Aqua,MODIS,37,6.2,299.8,14.1,D,0
-16.3738,143.3764,341.6,1.5,1.2,2014-12-10,0429,Aqua,MODIS,87,6.2,299.5,55.2,D,0
-16.3885,143.3706,325.6,1.5,1.2,2014-12-10,0429,Aqua,MODIS,24,6.2,298.4,16.6,D,0
-15.055,132.615,327.2,2,1.4,2014-12-10,0429,Aqua,MODIS,55,6.2,292.1,43.8,D,0
-15.3092,145.1084,325.3,2.1,1.4,2014-12-10,0429,Aqua,MODIS,61,6.2,298.4,32.1,D,0
-15.0424,132.6134,324.6,2,1.4,2014-12-10,0429,Aqua,MODIS,44,6.2,292.5,36.8,D,0
-15.0508,132.6268,338.8,2,1.4,2014-12-10,0429,Aqua,MODIS,87,6.2,297,90.1,D,0
-15.7191,143.1589,326.5,1.5,1.2,2014-12-10,0429,Aqua,MODIS,50,6.2,299.5,14.7,D,0
-15.7728,143.1682,332,1.5,1.2,2014-12-10,0429,Aqua,MODIS,70,6.2,303.3,21.5,D,0
-13.6921,143.0839,338,1.6,1.2,2014-12-10,0429,Aqua,MODIS,78,6.2,295.8,50,D,0
-16.2381,129.8796,334.2,3.4,1.7,2014-12-10,0429,Aqua,MODIS,85,6.2,294.1,132.5,D,0
-16.2435,129.8725,329,3.4,1.7,2014-12-10,0429,Aqua,MODIS,74,6.2,292.8,91.5,D,0
-16.2278,129.8709,324.7,3.4,1.7,2014-12-10,0429,Aqua,MODIS,68,6.2,294.2,58.3,D,0
-15.9534,142.5532,347.5,1.3,1.1,2014-12-10,0429,Aqua,MODIS,80,6.2,296.9,64.8,D,0
-15.8451,142.4515,328,1.3,1.1,2014-12-10,0429,Aqua,MODIS,60,6.2,298.8,13.2,D,0
-15.8533,142.4655,329.5,1.3,1.1,2014-12-10,0429,Aqua,MODIS,61,6.2,298.3,18.8,D,0
-15.8431,142.4637,328.9,1.3,1.1,2014-12-10,0429,Aqua,MODIS,57,6.2,298.6,15.8,D,0
-15.6704,142.5228,327.1,1.3,1.1,2014-12-10,0429,Aqua,MODIS,28,6.2,296.5,15.8,D,0
-15.6724,142.5104,333.6,1.3,1.1,2014-12-10,0429,Aqua,MODIS,73,6.2,299.9,26.8,D,0
-15.9431,142.5514,342.6,1.3,1.1,2014-12-10,0429,Aqua,MODIS,83,6.2,299,52,D,0
-15.9451,142.539,327.4,1.3,1.1,2014-12-10,0429,Aqua,MODIS,60,6.2,299,16.5,D,0
-15.7168,143.1725,341,1.5,1.2,2014-12-10,0429,Aqua,MODIS,87,6.2,299.1,49.2,D,0
-15.9636,142.555,346.3,1.3,1.1,2014-12-10,0429,Aqua,MODIS,79,6.2,297.4,59.7,D,0
-15.0093,144.5303,346.1,1.9,1.3,2014-12-10,0429,Aqua,MODIS,91,6.2,296.8,99.2,D,0
-15.0141,144.5382,340.7,1.9,1.3,2014-12-10,0429,Aqua,MODIS,66,6.2,295.4,75.8,D,0
-15.9716,142.549,332.2,1.3,1.1,2014-12-10,0429,Aqua,MODIS,63,6.2,299.5,23.5,D,0
-15.9696,142.5614,343.3,1.3,1.1,2014-12-10,0429,Aqua,MODIS,89,6.2,296.9,51,D,0
-15.7276,143.1744,351.1,1.5,1.2,2014-12-10,0429,Aqua,MODIS,94,6.2,298.1,81.9,D,0
-14.0646,143.3391,332.4,1.6,1.3,2014-12-10,0429,Aqua,MODIS,37,6.2,301.9,31.4,D,0
-15.3533,144.0995,327.2,1.7,1.3,2014-12-10,0429,Aqua,MODIS,42,6.2,290.3,23.3,D,0
-17.4334,130.2801,323.7,3.3,1.7,2014-12-10,0429,Aqua,MODIS,20,6.2,296.6,73.8,D,0
-15.0021,144.536,331.8,1.9,1.3,2014-12-10,0429,Aqua,MODIS,51,6.2,296.8,41.4,D,0
-15.6131,142.7467,363.7,1.4,1.2,2014-12-10,0429,Aqua,MODIS,87,6.2,299.1,135.4,D,0
-15.8167,142.497,333.7,1.3,1.1,2014-12-10,0429,Aqua,MODIS,72,6.2,300.6,25.1,D,0
-15.6026,142.7449,355.3,1.4,1.2,2014-12-10,0429,Aqua,MODIS,0,6.2,291.7,99,D,0
-15.8269,142.4988,361.4,1.3,1.1,2014-12-10,0429,Aqua,MODIS,100,6.2,299.7,112.8,D,0
-15.8187,142.4847,329,1.3,1.1,2014-12-10,0429,Aqua,MODIS,54,6.2,300.6,14.9,D,0
-15.6152,142.7339,327.5,1.4,1.2,2014-12-10,0429,Aqua,MODIS,55,6.2,293.4,18.8,D,0
-14.9425,132.0039,316.4,2.3,1.5,2014-12-10,0429,Aqua,MODIS,21,6.2,291.6,28.1,D,0
-13.9154,135.3036,332.3,1.3,1.1,2014-12-10,0429,Aqua,MODIS,68,6.2,302.4,22.4,D,0
-13.8917,136.7239,328.2,1.1,1,2014-12-10,0429,Aqua,MODIS,42,6.2,302.2,8.7,D,0
-14.9424,132.0185,318,2.3,1.5,2014-12-10,0429,Aqua,MODIS,32,6.2,292.1,30.5,D,0
-14.0017,134.1703,331.7,1.5,1.2,2014-12-10,0430,Aqua,MODIS,32,6.2,305.2,26.4,D,0
-13.9908,134.1688,331.4,1.5,1.2,2014-12-10,0430,Aqua,MODIS,19,6.2,303.8,24.9,D,0
-12.5155,131.6601,349.7,2.2,1.4,2014-12-10,0430,Aqua,MODIS,95,6.2,295.2,165.5,D,0
-12.5132,131.6646,346.8,2.2,1.4,2014-12-10,0430,Aqua,MODIS,93,6.2,295.2,140.3,D,0
-12.4981,135.0104,329.4,1.3,1.1,2014-12-10,0430,Aqua,MODIS,65,6.2,290.8,26.9,D,0
-12.5082,135.0118,322.2,1.3,1.1,2014-12-10,0430,Aqua,MODIS,65,6.2,290.7,14.2,D,0
-12.4987,134.927,326.9,1.3,1.1,2014-12-10,0430,Aqua,MODIS,47,6.2,279.8,24.9,D,0
-12.4391,131.6434,320.6,2.2,1.4,2014-12-10,0430,Aqua,MODIS,45,6.2,294.5,26.9,D,0
-12.6148,131.0238,316.1,2.5,1.5,2014-12-10,0430,Aqua,MODIS,37,6.2,291.8,27.6,D,0
-12.5392,131.6679,322.1,2.2,1.4,2014-12-10,0430,Aqua,MODIS,41,6.2,292.9,32.3,D,0
-12.5368,131.6881,324.1,2.2,1.4,2014-12-10,0430,Aqua,MODIS,44,6.2,292.6,40.4,D,0
-13.2824,135.6247,330.7,1.2,1.1,2014-12-10,0430,Aqua,MODIS,28,6.2,299.8,21.4,D,0
-12.5262,131.6663,334.3,2.2,1.4,2014-12-10,0430,Aqua,MODIS,66,6.2,293.1,74.6,D,0
-13.4002,130.3704,315.4,2.9,1.6,2014-12-10,0430,Aqua,MODIS,25,6.2,291.9,35.3,D,0
-34.1406,116.3637,421.6,1.1,1,2014-12-10,0603,Aqua,MODIS,100,6.2,317.2,463.4,D,0
-34.1341,116.3381,406.2,1.1,1,2014-12-10,0603,Aqua,MODIS,94,6.2,305.4,331.2,D,0
-31.5751,116.0092,325.8,1.1,1,2014-12-10,0603,Aqua,MODIS,40,6.2,313.2,6.8,D,0
-33.3642,115.6705,322,1.2,1.1,2014-12-10,0603,Aqua,MODIS,40,6.2,308.5,8,D,0
-34.0986,116.1273,320.2,1.1,1.1,2014-12-10,0603,Aqua,MODIS,72,6.2,292.1,18.2,D,0
-34.1001,116.115,342.2,1.1,1.1,2014-12-10,0603,Aqua,MODIS,91,6.2,295.3,53.6,D,0
-34.1326,116.35,375.2,1.1,1,2014-12-10,0603,Aqua,MODIS,100,6.2,296.7,147.7,D,0
-34.1312,116.362,344.3,1.1,1,2014-12-10,0603,Aqua,MODIS,92,6.2,294.6,52,D,0
-34.1391,116.3757,359.8,1.1,1,2014-12-10,0603,Aqua,MODIS,99,6.2,303.8,90.1,D,0
-34.1436,116.3397,356.7,1.1,1,2014-12-10,0603,Aqua,MODIS,98,6.2,296.4,80.8,D,0
-34.1421,116.3517,385.9,1.1,1,2014-12-10,0603,Aqua,MODIS,100,6.2,305,196.7,D,0
-34.1516,116.3533,350,1.1,1,2014-12-10,0603,Aqua,MODIS,95,6.2,298.9,63.4,D,0
-34.1501,116.3653,407,1.1,1,2014-12-10,0603,Aqua,MODIS,100,6.2,313.3,336.4,D,0
-34.1486,116.3773,346.3,1.1,1,2014-12-10,0603,Aqua,MODIS,94,6.2,296.7,55.3,D,0
-34.1596,116.367,313.9,1.1,1,2014-12-10,0603,Aqua,MODIS,48,6.2,294.7,8.2,D,0
-31.8652,115.8902,327.7,1.1,1,2014-12-10,0603,Aqua,MODIS,31,6.2,308,8.2,D,0
-34.1371,116.3139,324.9,1.1,1.1,2014-12-10,0603,Aqua,MODIS,69,6.2,291.3,22.7,D,0
-32.063,115.9251,327.7,1.1,1,2014-12-10,0603,Aqua,MODIS,40,6.2,309.2,8.2,D,2
-30.8743,121.4813,330.8,1.3,1.1,2014-12-10,0603,Aqua,MODIS,62,6.2,315.7,12.1,D,2
-30.8721,121.4944,332.2,1.3,1.1,2014-12-10,0603,Aqua,MODIS,67,6.2,316.1,15.1,D,2
-28.3878,122.5553,338.3,1.6,1.3,2014-12-10,0604,Aqua,MODIS,77,6.2,319.3,32.2,D,0
-28.3909,122.539,334.6,1.6,1.3,2014-12-10,0604,Aqua,MODIS,43,6.2,318.8,20.5,D,0
-28.3767,122.5526,335.4,1.6,1.3,2014-12-10,0604,Aqua,MODIS,26,6.2,317.5,22.8,D,0
-28.3797,122.5363,342.2,1.6,1.3,2014-12-10,0604,Aqua,MODIS,81,6.2,319.1,44.5,D,0
-28.3655,122.5499,376.7,1.6,1.3,2014-12-10,0604,Aqua,MODIS,100,6.2,319.6,235.2,D,0
-28.3685,122.5335,401.9,1.6,1.3,2014-12-10,0604,Aqua,MODIS,100,6.2,326.8,485.4,D,0
-27.5936,127.517,328.8,3.6,1.8,2014-12-10,0604,Aqua,MODIS,54,6.2,306.4,68.2,D,0
-27.6174,127.4854,339.9,3.6,1.8,2014-12-10,0604,Aqua,MODIS,82,6.2,307.7,169.2,D,0
-27.6095,127.5216,340.2,3.6,1.8,2014-12-10,0604,Aqua,MODIS,83,6.2,307.7,172.9,D,0
-27.6017,127.4807,330.3,3.6,1.8,2014-12-10,0604,Aqua,MODIS,62,6.2,306.3,81.2,D,0
-27.6097,127.4911,350.7,3.6,1.8,2014-12-10,0604,Aqua,MODIS,93,6.2,308.2,302.5,D,0
-27.6014,127.5273,333.7,3.6,1.8,2014-12-10,0604,Aqua,MODIS,72,6.2,307.4,108.5,D,0
-27.6254,127.4957,327.7,3.6,1.8,2014-12-10,0604,Aqua,MODIS,45,6.2,306.9,60,D,0
-26.9728,126.6661,336.3,3.3,1.7,2014-12-10,0604,Aqua,MODIS,75,6.2,310.4,99.5,D,0
-26.9786,126.6632,335,3.3,1.7,2014-12-10,0604,Aqua,MODIS,72,6.2,310.4,86.2,D,0
-28.6712,127.3451,335.3,3.3,1.7,2014-12-10,0604,Aqua,MODIS,78,6.2,308.4,99.5,D,0
-28.6864,127.3496,333.7,3.3,1.7,2014-12-10,0604,Aqua,MODIS,75,6.2,308,84.4,D,0
-28.6648,127.3479,331.9,3.3,1.7,2014-12-10,0604,Aqua,MODIS,71,6.2,308.1,72.7,D,0
-28.68,127.3524,332.7,3.3,1.7,2014-12-10,0604,Aqua,MODIS,73,6.2,308,79.1,D,0
-25.6438,121.0392,373.4,1.5,1.2,2014-12-10,0605,Aqua,MODIS,100,6.2,309,179.1,D,0
-25.6463,121.0248,362.2,1.5,1.2,2014-12-10,0605,Aqua,MODIS,100,6.2,313.5,116.9,D,0
-25.6527,121.0354,335.1,1.5,1.2,2014-12-10,0605,Aqua,MODIS,67,6.2,311.6,18.1,D,0
-25.642,121.0332,373.7,1.5,1.2,2014-12-10,0605,Aqua,MODIS,100,6.2,311.9,181.2,D,0
-25.6445,121.0188,352.8,1.5,1.2,2014-12-10,0605,Aqua,MODIS,94,6.2,312.6,74.3,D,0
-25.6313,121.0309,337.3,1.5,1.2,2014-12-10,0605,Aqua,MODIS,72,6.2,313.7,22.7,D,0
-25.6023,121.0697,347.5,1.5,1.2,2014-12-10,0605,Aqua,MODIS,89,6.2,321.4,38.3,D,0
-25.6049,121.0552,353,1.5,1.2,2014-12-10,0605,Aqua,MODIS,94,6.2,320,58,D,0
-25.6074,121.0407,347.1,1.5,1.2,2014-12-10,0605,Aqua,MODIS,77,6.2,318.7,39.6,D,0
-25.6099,121.0262,344.9,1.5,1.2,2014-12-10,0605,Aqua,MODIS,65,6.2,317.3,37.2,D,0
-25.5916,121.0674,342.9,1.5,1.2,2014-12-10,0605,Aqua,MODIS,65,6.2,320.9,24.1,D,0
-25.5942,121.0529,341.2,1.5,1.2,2014-12-10,0605,Aqua,MODIS,49,6.2,319.9,19.3,D,0
-22.1489,120.7415,337,1.6,1.3,2014-12-10,0606,Aqua,MODIS,52,6.2,314.5,17.6,D,0
-21.0891,125.3316,331.6,3.6,1.8,2014-12-10,0606,Aqua,MODIS,63,6.2,296.9,71.1,D,0
-22.1516,120.726,359.5,1.6,1.3,2014-12-10,0606,Aqua,MODIS,99,6.2,317.5,110.1,D,0
-22.1794,120.6996,349,1.6,1.2,2014-12-10,0606,Aqua,MODIS,91,6.2,318.1,54.8,D,0
-22.1767,120.7151,345.5,1.6,1.3,2014-12-10,0606,Aqua,MODIS,87,6.2,317,41.7,D,0
-22.1686,120.7618,344.9,1.6,1.3,2014-12-10,0606,Aqua,MODIS,86,6.2,316.5,45.5,D,0
-22.1798,120.7641,355.3,1.6,1.3,2014-12-10,0606,Aqua,MODIS,96,6.2,317.2,90.8,D,0
-22.1771,120.7797,348.9,1.6,1.3,2014-12-10,0606,Aqua,MODIS,91,6.2,317.2,62.8,D,0
-22.1884,120.782,360.7,1.6,1.3,2014-12-10,0606,Aqua,MODIS,100,6.2,318,120.6,D,0
-22.1802,120.7536,344.2,1.6,1.3,2014-12-10,0606,Aqua,MODIS,86,6.2,317,40.1,D,0
-22.1774,120.7692,355.3,1.6,1.3,2014-12-10,0606,Aqua,MODIS,96,6.2,317.2,90.1,D,0
-22.1886,120.7715,353.1,1.6,1.3,2014-12-10,0606,Aqua,MODIS,94,6.2,318.4,80.8,D,0
-22.1858,120.7872,366.1,1.6,1.3,2014-12-10,0606,Aqua,MODIS,100,6.2,317.9,153.3,D,0
-21.0961,125.2971,332.4,3.6,1.8,2014-12-10,0606,Aqua,MODIS,57,6.2,297,81.5,D,0
-20.4402,124.5767,388.7,3.3,1.7,2014-12-10,0606,Aqua,MODIS,87,6.2,293.1,1007.6,D,0
-20.4555,124.5802,381.2,3.3,1.7,2014-12-10,0606,Aqua,MODIS,87,6.2,288.5,817.7,D,0
-20.4378,124.5106,345.2,3.3,1.7,2014-12-10,0606,Aqua,MODIS,88,6.2,295.3,212,D,0
-20.4594,124.5734,383.5,3.3,1.7,2014-12-10,0606,Aqua,MODIS,100,6.2,289.7,875.9,D,0
-20.4441,124.5699,412.4,3.3,1.7,2014-12-10,0606,Aqua,MODIS,100,6.2,295,1827.9,D,0
-20.4198,124.5314,350.8,3.3,1.7,2014-12-10,0606,Aqua,MODIS,93,6.2,299.1,266,D,0
-20.4503,124.5384,363.8,3.3,1.7,2014-12-10,0606,Aqua,MODIS,100,6.2,293,466.7,D,0
-20.4288,124.5662,341,3.3,1.7,2014-12-10,0606,Aqua,MODIS,80,6.2,295.3,165.3,D,0
-20.4351,124.5349,363.9,3.3,1.7,2014-12-10,0606,Aqua,MODIS,100,6.2,295.9,459.8,D,0
-20.4108,124.4967,330.4,3.3,1.7,2014-12-10,0606,Aqua,MODIS,48,6.2,297.3,55.1,D,0
-20.426,124.5001,335.1,3.3,1.7,2014-12-10,0606,Aqua,MODIS,63,6.2,298.4,104.9,D,0
-20.4619,124.5489,375.6,3.3,1.7,2014-12-10,0606,Aqua,MODIS,100,6.2,291.9,697.3,D,0
-20.4656,124.542,347.3,3.3,1.7,2014-12-10,0606,Aqua,MODIS,90,6.2,290.3,248.4,D,0
-20.4314,124.5418,369,3.3,1.7,2014-12-10,0606,Aqua,MODIS,100,6.2,296.5,547.8,D,0
-20.4466,124.5454,382.8,3.3,1.7,2014-12-10,0606,Aqua,MODIS,100,6.2,294,860.1,D,0
-26.1071,151.4915,305.2,2.1,1.4,2014-12-10,1213,Terra,MODIS,64,6.2,291.3,20,N,0
-28.3199,122.5195,305.3,4.5,2,2014-12-10,1351,Terra,MODIS,64,6.2,293.1,51.9,N,0
-28.3205,122.5127,304.9,4.5,2,2014-12-10,1351,Terra,MODIS,62,6.2,293.1,50.1,N,0
-27.581,127.5118,308.7,2,1.4,2014-12-10,1351,Terra,MODIS,72,6.2,294.5,18.2,N,0
-27.6078,127.4947,322.6,2,1.4,2014-12-10,1351,Terra,MODIS,100,6.2,295,49.8,N,0
-27.5934,127.5133,307.6,2,1.4,2014-12-10,1351,Terra,MODIS,62,6.2,294.5,16.1,N,0
-24.0394,125.8749,310.7,2.3,1.5,2014-12-10,1352,Terra,MODIS,79,6.2,295.6,24.3,N,0
-24.0305,125.8686,307.8,2.3,1.5,2014-12-10,1352,Terra,MODIS,68,6.2,295.6,17.6,N,0
-21.9046,122.9131,321.5,3.6,1.8,2014-12-10,1353,Terra,MODIS,59,6.2,287.7,119.4,N,0
-14.4001,135.4754,303.7,1.5,1.2,2014-12-10,1354,Terra,MODIS,51,6.2,285.3,6.4,N,0
-12.4951,135.0173,305.1,1.5,1.2,2014-12-10,1355,Terra,MODIS,63,6.2,285,11,N,0
-12.5674,131.6645,319.1,1,1,2014-12-10,1355,Terra,MODIS,98,6.2,291.1,15.4,N,0
-12.4496,131.6499,315.4,1,1,2014-12-10,1355,Terra,MODIS,91,6.2,291.7,12.5,N,0
-12.406,131.6368,306.2,1,1,2014-12-10,1355,Terra,MODIS,67,6.2,291.8,5.9,N,0
-12.566,131.674,319.3,1,1,2014-12-10,1355,Terra,MODIS,81,6.2,291.3,14.9,N,0
-12.5064,134.9471,303.2,1.5,1.2,2014-12-10,1355,Terra,MODIS,34,6.2,282.7,7.8,N,0
-12.5041,134.9611,301.9,1.5,1.2,2014-12-10,1355,Terra,MODIS,17,6.2,282.4,6.7,N,0
-12.5583,131.6631,306.3,1,1,2014-12-10,1355,Terra,MODIS,32,6.2,290.6,5.1,N,0
-12.5085,131.6843,308.6,1,1,2014-12-10,1355,Terra,MODIS,75,6.2,291.1,6.7,N,0
-23.7478,150.6904,307.1,1,1,2014-12-10,1522,Aqua,MODIS,70,6.2,292.9,6.7,N,0
-23.7727,151.2091,305.1,1.1,1,2014-12-10,1522,Aqua,MODIS,63,6.2,293.1,5.6,N,0
-25.7329,149.0882,305.1,1,1,2014-12-10,1523,Aqua,MODIS,63,6.2,293.1,4.8,N,0
-28.4992,149.472,312.4,1,1,2014-12-10,1524,Aqua,MODIS,84,6.2,296.3,9,N,0
-30.256,149.1011,301.7,1,1,2014-12-10,1524,Aqua,MODIS,44,6.2,291.5,4.1,N,0
-13.2426,135.6416,301.9,3.1,1.7,2014-12-10,1658,Aqua,MODIS,45,6.2,282.8,18.2,N,0
-22.1467,120.7431,306.6,1.5,1.2,2014-12-10,1701,Aqua,MODIS,12,6.2,285.6,17.2,N,0
-22.2719,120.4857,331.6,1.5,1.2,2014-12-10,1701,Aqua,MODIS,100,6.2,294.4,52.5,N,0
-22.2693,120.4709,334.1,1.5,1.2,2014-12-10,1701,Aqua,MODIS,67,6.2,293.9,62.3,N,0
-22.2735,120.4797,323.7,1.5,1.2,2014-12-10,1701,Aqua,MODIS,88,6.2,294.5,34.7,N,0
-22.5011,130.5342,315,1.7,1.3,2014-12-10,1701,Aqua,MODIS,81,6.2,273.2,32.6,N,0
-22.4992,130.5176,307.1,1.7,1.3,2014-12-10,1701,Aqua,MODIS,20,6.2,272.7,19.4,N,0
-24.0387,125.86,311.7,1,1,2014-12-10,1701,Aqua,MODIS,81,6.2,296.2,7.8,N,0
-22.2626,120.4819,326.1,1.5,1.2,2014-12-10,1701,Aqua,MODIS,92,6.2,294,40.1,N,0
-25.6389,121.0324,306.1,1.3,1.1,2014-12-10,1702,Aqua,MODIS,33,6.2,296,6,N,0
-28.3113,122.5195,307,1,1,2014-12-10,1703,Aqua,MODIS,70,6.2,292.1,8.2,N,0
-14.1893,142.7661,332.1,1,1,2014-12-11,0045,Terra,MODIS,79,6.2,295.2,16,D,0
-14.1163,142.8918,324.6,1,1,2014-12-11,0045,Terra,MODIS,55,6.2,298.1,9.3,D,0
-13.8455,143.0507,328.3,1,1,2014-12-11,0045,Terra,MODIS,46,6.2,302.9,11.8,D,0
-14.2502,142.9817,356.7,1,1,2014-12-11,0045,Terra,MODIS,98,6.2,297.4,66.7,D,0
-15.041,144.5231,337.9,1,1,2014-12-11,0045,Terra,MODIS,55,6.2,302,23.2,D,0
-14.6346,142.9091,325.1,1,1,2014-12-11,0045,Terra,MODIS,71,6.2,292.1,12.6,D,0
-14.2517,142.9912,351.1,1,1,2014-12-11,0045,Terra,MODIS,95,6.2,298,52.4,D,0
-13.7201,143.1313,335.6,1,1,2014-12-11,0045,Terra,MODIS,84,6.2,301.1,21.4,D,0
-14.2212,142.7906,332.3,1,1,2014-12-11,0045,Terra,MODIS,51,6.2,294.5,16.8,D,0
-13.6885,143.1071,335.6,1,1,2014-12-11,0045,Terra,MODIS,84,6.2,303.6,21.4,D,0
-14.5792,142.6595,321.7,1,1,2014-12-11,0045,Terra,MODIS,43,6.2,291.1,8.3,D,0
-14.173,142.9647,334.7,1,1,2014-12-11,0045,Terra,MODIS,71,6.2,292.8,22.1,D,0
-13.687,143.0977,333.9,1,1,2014-12-11,0045,Terra,MODIS,83,6.2,304,18.9,D,0
-13.6827,143.0692,328.6,1,1,2014-12-11,0045,Terra,MODIS,69,6.2,300.7,12.1,D,0
-14.2029,142.7935,326,1,1,2014-12-11,0045,Terra,MODIS,56,6.2,288.2,5.6,D,0
-14.2197,142.781,333.1,1,1,2014-12-11,0045,Terra,MODIS,45,6.2,290.5,19.7,D,0
-14.2014,142.7839,327.4,1,1,2014-12-11,0045,Terra,MODIS,33,6.2,293.4,7.6,D,0
-14.2091,142.7728,348.2,1,1,2014-12-11,0045,Terra,MODIS,88,6.2,293.8,45.7,D,0
-13.8441,143.0412,338.6,1,1,2014-12-11,0045,Terra,MODIS,87,6.2,299.6,26.1,D,0
-15.0397,144.5138,363.8,1,1,2014-12-11,0045,Terra,MODIS,94,6.2,297.3,83.7,D,0
-13.835,143.0427,339.4,1,1,2014-12-11,0045,Terra,MODIS,88,6.2,303.9,27.9,D,0
-13.8258,143.0441,330.2,1,1,2014-12-11,0045,Terra,MODIS,44,6.2,302.8,15.5,D,0
-13.8053,143.0242,330.7,1,1,2014-12-11,0045,Terra,MODIS,53,6.2,305.3,11.7,D,0
-15.032,144.5245,350.6,1,1,2014-12-11,0045,Terra,MODIS,95,6.2,304.1,46.2,D,0
-14.1057,142.8838,327.4,1,1,2014-12-11,0045,Terra,MODIS,67,6.2,296.8,13.3,D,0
-13.9118,142.7595,328.9,1.1,1,2014-12-11,0045,Terra,MODIS,66,6.2,289.7,18.1,D,0
-15.0307,144.5152,378.8,1,1,2014-12-11,0045,Terra,MODIS,100,6.2,308.6,134,D,0
-15.3583,144.1115,334.8,1,1,2014-12-11,0045,Terra,MODIS,81,6.2,299.5,23.9,D,0
-15.0293,144.5058,346.4,1,1,2014-12-11,0045,Terra,MODIS,92,6.2,304.8,39.9,D,0
-14.0571,143.3519,328.3,1,1,2014-12-11,0045,Terra,MODIS,56,6.2,291,16,D,0
-15.4389,144.4128,327.7,1,1,2014-12-11,0045,Terra,MODIS,60,6.2,297,14.3,D,0
-18.5856,141.8048,336.9,1,1,2014-12-11,0046,Terra,MODIS,74,6.2,297,25.8,D,0
-18.7295,142.0282,329,1,1,2014-12-11,0046,Terra,MODIS,70,6.2,301.1,8.5,D,0
-18.721,142.0261,331.6,1,1,2014-12-11,0046,Terra,MODIS,80,6.2,301.8,12.7,D,0
-20.2331,147.8392,321.2,1.7,1.3,2014-12-11,0046,Terra,MODIS,24,6.2,300,21.8,D,0
-18.0357,145.5462,334.7,1.1,1.1,2014-12-11,0046,Terra,MODIS,81,6.2,293.9,34.4,D,0
-18.1785,145.678,323.9,1.2,1.1,2014-12-11,0046,Terra,MODIS,42,6.2,295.4,15.7,D,0
-18.1703,145.6902,342,1.2,1.1,2014-12-11,0046,Terra,MODIS,91,6.2,300.1,46.9,D,0
-18.1799,145.6889,323.8,1.2,1.1,2014-12-11,0046,Terra,MODIS,69,6.2,293.6,16,D,0
-17.2861,144.9174,321.5,1.1,1,2014-12-11,0046,Terra,MODIS,14,6.2,298.3,6.6,D,0
-23.0445,149.6767,316.7,2.5,1.5,2014-12-11,0047,Terra,MODIS,33,6.2,294.4,23.4,D,0
-21.5243,147.3887,335.4,1.6,1.2,2014-12-11,0047,Terra,MODIS,82,6.2,303.2,34.5,D,0
-21.5356,147.3873,343.4,1.6,1.2,2014-12-11,0047,Terra,MODIS,89,6.2,303.8,60,D,0
-21.5487,147.4013,337.8,1.6,1.2,2014-12-11,0047,Terra,MODIS,84,6.2,303.2,41.3,D,0
-21.5468,147.3858,364.8,1.6,1.2,2014-12-11,0047,Terra,MODIS,100,6.2,304.1,161.5,D,0
-23.484,142.6082,338.8,1,1,2014-12-11,0048,Terra,MODIS,81,6.2,308.4,20.8,D,0
-23.4854,142.618,333.8,1,1,2014-12-11,0048,Terra,MODIS,72,6.2,307.5,12.6,D,0
-23.4916,142.5968,342.2,1,1,2014-12-11,0048,Terra,MODIS,85,6.2,307.8,25.9,D,0
-23.493,142.6067,354.8,1,1,2014-12-11,0048,Terra,MODIS,96,6.2,307.8,52.2,D,0
-23.4944,142.6165,331.6,1,1,2014-12-11,0048,Terra,MODIS,67,6.2,306.6,9.1,D,0
-36.304,145.5916,377.5,1.9,1.3,2014-12-11,0051,Terra,MODIS,100,6.2,303.8,345.6,D,0
-36.3021,145.5702,366.5,1.9,1.3,2014-12-11,0051,Terra,MODIS,100,6.2,305.7,246.2,D,0
-36.2917,145.5931,332.4,1.9,1.3,2014-12-11,0051,Terra,MODIS,84,6.2,301.2,57.6,D,0
-36.2898,145.5717,332.7,1.9,1.3,2014-12-11,0051,Terra,MODIS,84,6.2,301.3,58.8,D,0
-40.7942,144.8526,313.2,2,1.4,2014-12-11,0052,Terra,MODIS,38,6.2,296.7,24.4,D,0
-40.7925,144.8597,317.9,2,1.4,2014-12-11,0052,Terra,MODIS,69,6.2,296.7,36.8,D,0
-40.7944,144.8829,313.5,2,1.4,2014-12-11,0052,Terra,MODIS,58,6.2,294.2,26.4,D,0
-40.7959,144.8759,327.4,2,1.4,2014-12-11,0052,Terra,MODIS,80,6.2,295,61.3,D,0
-20.2178,129.0219,322.9,4.5,2,2014-12-11,0225,Terra,MODIS,29,6.2,292.2,77.2,D,0
-19.328,128.7041,321.2,4.2,1.9,2014-12-11,0225,Terra,MODIS,63,6.2,293,55.1,D,0
-21.919,129.0726,328.3,4.8,2,2014-12-11,0226,Terra,MODIS,80,6.2,296.7,102,D,0
-21.9053,129.0861,332.9,4.8,2,2014-12-11,0226,Terra,MODIS,84,6.2,295.3,170.1,D,0
-21.903,129.079,330.2,4.8,2,2014-12-11,0226,Terra,MODIS,82,6.2,295.4,132.1,D,0
-21.9211,129.0775,328.7,4.8,2,2014-12-11,0226,Terra,MODIS,80,6.2,296.7,107,D,0
-21.3834,128.6258,319,4.4,1.9,2014-12-11,0226,Terra,MODIS,0,6.2,292,48.2,D,0
-20.7023,116.684,315.6,1,1,2014-12-11,0226,Terra,MODIS,60,6.2,304,8.9,D,3
-25.6291,121.0572,334.5,1.4,1.2,2014-12-11,0227,Terra,MODIS,64,6.2,314.5,15,D,0
-25.6472,121.0258,335.4,1.4,1.2,2014-12-11,0227,Terra,MODIS,68,6.2,312.3,24.5,D,0
-33.3353,115.6467,322.4,1,1,2014-12-11,0229,Terra,MODIS,47,6.2,305.5,5.6,D,0
-31.8615,115.8856,324.3,1,1,2014-12-11,0229,Terra,MODIS,25,6.2,307.2,5.3,D,0
-34.09,116.1365,318,1,1,2014-12-11,0229,Terra,MODIS,61,6.2,300.9,9.3,D,0
-32.0614,115.9341,323.5,1,1,2014-12-11,0229,Terra,MODIS,32,6.2,307.8,4.7,D,0
-32.1257,115.8713,322.6,1,1,2014-12-11,0229,Terra,MODIS,46,6.2,306.9,4.9,D,0
-32.0599,115.9233,325.5,1,1,2014-12-11,0229,Terra,MODIS,54,6.2,306.4,6.7,D,0
-31.863,115.8963,324.1,1,1,2014-12-11,0229,Terra,MODIS,38,6.2,305.9,5,D,0
-32.0675,115.9109,326.1,1,1,2014-12-11,0229,Terra,MODIS,42,6.2,305.9,7.3,D,0
-22.8017,149.4914,327.5,1.6,1.2,2014-12-11,0331,Aqua,MODIS,75,6.2,299.5,29.9,D,0
-22.7905,149.4898,319.9,1.6,1.2,2014-12-11,0331,Aqua,MODIS,55,6.2,298.5,13.6,D,0
-23.0763,149.9743,329.6,1.5,1.2,2014-12-11,0331,Aqua,MODIS,67,6.2,302.9,26.3,D,0
-23.0654,149.9729,325.6,1.5,1.2,2014-12-11,0331,Aqua,MODIS,39,6.2,304.7,17.8,D,0
-22.901,149.8193,326.9,1.5,1.2,2014-12-11,0331,Aqua,MODIS,71,6.2,298.2,22.1,D,0
-23.1069,149.9039,325.5,1.5,1.2,2014-12-11,0331,Aqua,MODIS,31,6.2,303.7,19.5,D,0
-23.0063,150.3813,330,1.4,1.2,2014-12-11,0331,Aqua,MODIS,79,6.2,302.8,21.6,D,0
-23.3955,150.175,340.7,1.5,1.2,2014-12-11,0331,Aqua,MODIS,84,6.2,301,59.9,D,0
-20.7714,144.0383,326.1,3.8,1.8,2014-12-11,0332,Aqua,MODIS,40,6.2,296.7,73.9,D,0
-22.5049,149.6052,322.9,1.6,1.2,2014-12-11,0332,Aqua,MODIS,64,6.2,300.2,14.1,D,0
-22.7153,149.7521,324.6,1.5,1.2,2014-12-11,0332,Aqua,MODIS,70,6.2,302.4,13.5,D,0
-22.5758,149.6808,334.2,1.5,1.2,2014-12-11,0332,Aqua,MODIS,82,6.2,300,40.1,D,0
-22.5741,149.6958,321.5,1.5,1.2,2014-12-11,0332,Aqua,MODIS,61,6.2,299.8,11.7,D,0
-22.5737,149.6906,328,1.5,1.2,2014-12-11,0332,Aqua,MODIS,75,6.2,300,25.6,D,0
-21.5491,147.377,333.7,2.2,1.4,2014-12-11,0332,Aqua,MODIS,70,6.2,300.8,61.3,D,0
-21.9082,149.4365,329.8,1.6,1.2,2014-12-11,0332,Aqua,MODIS,78,6.2,298.7,35.6,D,0
-21.5472,147.3819,341.8,2.2,1.4,2014-12-11,0332,Aqua,MODIS,86,6.2,301.4,103.2,D,0
-21.8659,149.4103,328.4,1.6,1.2,2014-12-11,0332,Aqua,MODIS,75,6.2,299.6,32.6,D,0
-21.91,149.4214,325.1,1.6,1.2,2014-12-11,0332,Aqua,MODIS,70,6.2,298.8,25.7,D,0
-15.0358,144.4913,321.5,2.9,1.6,2014-12-11,0334,Aqua,MODIS,14,6.2,288.7,51.2,D,0
-15.2831,145.1407,326.6,2.6,1.6,2014-12-11,0334,Aqua,MODIS,79,6.2,289.5,65.9,D,0
-14.1908,142.9826,316,3.7,1.8,2014-12-11,0334,Aqua,MODIS,37,6.2,287.5,44.6,D,0
-14.2071,142.9842,331.4,3.7,1.8,2014-12-11,0334,Aqua,MODIS,84,6.2,288,151.6,D,0
-15.5814,143.6337,335.8,3.4,1.7,2014-12-11,0334,Aqua,MODIS,82,6.2,286.4,189.3,D,0
-15.0328,144.5183,331.9,2.9,1.6,2014-12-11,0334,Aqua,MODIS,84,6.2,288.7,112.7,D,0
-14.183,142.9744,315.2,3.7,1.8,2014-12-11,0334,Aqua,MODIS,44,6.2,287.5,40.9,D,0
-13.7136,143.0676,318.2,3.6,1.8,2014-12-11,0334,Aqua,MODIS,31,6.2,285.3,57.4,D,0
-15.5908,143.639,328.4,3.4,1.7,2014-12-11,0334,Aqua,MODIS,77,6.2,286.5,128.3,D,0
-14.1903,142.7616,318.4,3.8,1.8,2014-12-11,0334,Aqua,MODIS,50,6.2,282.4,66.9,D,0
-15.4059,144.4192,326.3,3,1.6,2014-12-11,0334,Aqua,MODIS,68,6.2,295.6,62.5,D,0
-15.2927,145.1369,322,2.6,1.6,2014-12-11,0334,Aqua,MODIS,73,6.2,289.7,45.2,D,0
-15.2805,145.1649,320.3,2.6,1.6,2014-12-11,0334,Aqua,MODIS,71,6.2,290.3,40.3,D,0
-15.2899,145.161,324.7,2.6,1.6,2014-12-11,0334,Aqua,MODIS,77,6.2,290.4,58,D,0
-37.1589,141.6947,323.6,2.2,1.4,2014-12-11,0506,Aqua,MODIS,72,6.2,305.6,28,D,0
-37.1716,141.6991,343.8,2.2,1.4,2014-12-11,0506,Aqua,MODIS,91,6.2,307.2,117.6,D,0
-25.6383,129.8482,336.5,1,1,2014-12-11,0509,Aqua,MODIS,18,6.2,315.9,11,D,0
-27.6043,127.4885,362.2,1.3,1.1,2014-12-11,0509,Aqua,MODIS,100,6.2,321.3,92.7,D,0
-27.5957,127.4742,339.2,1.3,1.1,2014-12-11,0509,Aqua,MODIS,67,6.2,314.8,25.7,D,0
-26.9724,126.6589,336.3,1.4,1.2,2014-12-11,0509,Aqua,MODIS,70,6.2,317.2,17.6,D,0
-25.6279,129.8566,341.9,1,1,2014-12-11,0509,Aqua,MODIS,75,6.2,316.2,20.3,D,0
-27.6112,127.5154,352.3,1.3,1.1,2014-12-11,0509,Aqua,MODIS,94,6.2,320.8,56.6,D,0
-27.6012,127.5139,338.3,1.3,1.1,2014-12-11,0509,Aqua,MODIS,65,6.2,321,20.5,D,0
-21.886,129.0904,338.5,1,1,2014-12-11,0510,Aqua,MODIS,74,6.2,311,15.4,D,0
-21.8964,129.0822,344.5,1,1,2014-12-11,0510,Aqua,MODIS,86,6.2,312.9,25.2,D,0
-21.9081,129.0643,343.5,1,1,2014-12-11,0510,Aqua,MODIS,55,6.2,314.6,20,D,0
-21.9068,129.074,348.4,1,1,2014-12-11,0510,Aqua,MODIS,88,6.2,315,30.4,D,0
-21.9172,129.0658,341.5,1,1,2014-12-11,0510,Aqua,MODIS,61,6.2,316.3,15.3,D,0
-21.9158,129.0755,340.9,1,1,2014-12-11,0510,Aqua,MODIS,67,6.2,317.6,14.7,D,0
-21.9144,129.0852,345.9,1,1,2014-12-11,0510,Aqua,MODIS,88,6.2,316.7,25.8,D,0
-21.9234,129.0867,338.9,1,1,2014-12-11,0510,Aqua,MODIS,42,6.2,315.8,13.3,D,0
-25.6615,121.0165,347.1,3.2,1.7,2014-12-11,0510,Aqua,MODIS,89,6.2,309.9,170.1,D,0
-25.665,121.0094,341,3.2,1.7,2014-12-11,0510,Aqua,MODIS,81,6.2,308.9,109.3,D,0
-25.6495,121.0079,338.8,3.2,1.7,2014-12-11,0510,Aqua,MODIS,71,6.2,311.3,89.1,D,0
-19.4178,134.301,337.7,1.7,1.3,2014-12-11,0511,Aqua,MODIS,82,6.2,293.3,55.7,D,0
-19.4062,134.2987,330.4,1.7,1.3,2014-12-11,0511,Aqua,MODIS,67,6.2,292.6,29.5,D,0
-19.3716,134.2919,337.8,1.7,1.3,2014-12-11,0511,Aqua,MODIS,82,6.2,296.7,49.7,D,0
-19.3687,134.3082,390.5,1.7,1.3,2014-12-11,0511,Aqua,MODIS,100,6.2,298.3,411.4,D,0
-19.3259,134.293,327.5,1.7,1.3,2014-12-11,0511,Aqua,MODIS,50,6.2,297.6,18.7,D,0
-19.3316,134.2604,333.7,1.7,1.3,2014-12-11,0511,Aqua,MODIS,75,6.2,299.1,35,D,0
-19.3116,134.307,375.7,1.7,1.3,2014-12-11,0511,Aqua,MODIS,100,6.2,299.7,270.4,D,0
-19.3144,134.2907,339.5,1.7,1.3,2014-12-11,0511,Aqua,MODIS,83,6.2,298.7,58.2,D,0
-19.3201,134.2581,332,1.7,1.3,2014-12-11,0511,Aqua,MODIS,70,6.2,296.7,30.8,D,0
-19.3229,134.2418,357.4,1.7,1.3,2014-12-11,0511,Aqua,MODIS,98,6.2,300.2,136.3,D,0
-19.3,134.3047,349.1,1.7,1.3,2014-12-11,0511,Aqua,MODIS,92,6.2,296.3,101.6,D,0
-19.3028,134.2884,349.4,1.7,1.3,2014-12-11,0511,Aqua,MODIS,93,6.2,297.6,102.5,D,0
-19.3142,134.2234,326.5,1.7,1.3,2014-12-11,0511,Aqua,MODIS,45,6.2,298,16,D,0
-19.3198,134.1912,329,1.7,1.3,2014-12-11,0511,Aqua,MODIS,64,6.2,299.5,21.6,D,0
-19.2566,134.2794,344.9,1.7,1.3,2014-12-11,0511,Aqua,MODIS,89,6.2,296.6,83.2,D,0
-19.2595,134.2632,341.9,1.7,1.3,2014-12-11,0511,Aqua,MODIS,86,6.2,297.9,69.3,D,0
-19.2616,134.2749,335.9,1.7,1.3,2014-12-11,0511,Aqua,MODIS,79,6.2,296.8,47.8,D,0
-19.2644,134.2586,325.9,1.7,1.3,2014-12-11,0511,Aqua,MODIS,38,6.2,297.1,16.8,D,0
-19.2501,134.2726,338.7,1.7,1.3,2014-12-11,0511,Aqua,MODIS,83,6.2,297.3,57.9,D,0
-19.2529,134.2563,327.6,1.7,1.3,2014-12-11,0511,Aqua,MODIS,60,6.2,297.6,21.7,D,0
-20.344,130.4546,382.5,1,1,2014-12-11,0511,Aqua,MODIS,100,6.2,300.1,153.6,D,0
-20.3363,130.4431,356.9,1,1,2014-12-11,0511,Aqua,MODIS,97,6.2,305.2,60.7,D,0
-20.3525,130.4526,353.9,1,1,2014-12-11,0511,Aqua,MODIS,95,6.2,310,49.5,D,0
-20.3455,130.4447,384.1,1,1,2014-12-11,0511,Aqua,MODIS,100,6.2,315.9,159.9,D,0
-20.625,131.3221,333.4,1.1,1,2014-12-11,0511,Aqua,MODIS,23,6.2,305.8,20.7,D,0
-19.3087,134.3234,330.9,1.7,1.3,2014-12-11,0511,Aqua,MODIS,70,6.2,296.9,30.7,D,0
-15.3295,132.5009,320,1.5,1.2,2014-12-11,0512,Aqua,MODIS,46,6.2,283,13,D,0
-15.3318,132.4868,322.2,1.5,1.2,2014-12-11,0512,Aqua,MODIS,68,6.2,284.1,15.3,D,0
-15.3322,132.4924,325.5,1.5,1.2,2014-12-11,0512,Aqua,MODIS,72,6.2,283.5,21.8,D,0
-13.2634,135.6223,322.6,2.9,1.6,2014-12-11,0512,Aqua,MODIS,0,6.2,291.8,49.5,D,0
-17.0269,130.9506,327.3,1.2,1.1,2014-12-11,0512,Aqua,MODIS,49,6.2,286.9,13.8,D,0
-15.067,131.7009,330.9,1.4,1.2,2014-12-11,0512,Aqua,MODIS,77,6.2,280.5,33.3,D,0
-17.0366,130.9522,330.2,1.2,1.1,2014-12-11,0512,Aqua,MODIS,0,6.2,289.3,18.4,D,0
-12.5493,131.6834,314.1,1.5,1.2,2014-12-11,0513,Aqua,MODIS,0,6.2,271.2,15,D,0
-12.7218,133.5914,312.5,2.1,1.4,2014-12-11,0513,Aqua,MODIS,55,6.2,274.8,20.1,D,0
-12.5155,131.672,333.6,1.5,1.2,2014-12-11,0513,Aqua,MODIS,59,6.2,272.2,47,D,0
-12.5068,131.6565,323.9,1.5,1.2,2014-12-11,0513,Aqua,MODIS,0,6.2,272,28.4,D,0
-34.3617,116.6014,335.2,2.4,1.5,2014-12-11,0645,Aqua,MODIS,85,6.2,295.8,104.6,D,0
-34.3668,146.6842,304.6,1.2,1.1,2014-12-11,1253,Terra,MODIS,61,6.2,289.6,9.4,N,0
-32.4555,146.5465,309.5,1.1,1.1,2014-12-11,1254,Terra,MODIS,77,6.2,290.6,11.2,N,0
-32.4473,146.5327,324.3,1.1,1.1,2014-12-11,1254,Terra,MODIS,100,6.2,291.3,27.2,N,0
-32.457,146.5343,322.9,1.1,1.1,2014-12-11,1254,Terra,MODIS,100,6.2,291.5,25.4,N,0
-32.4459,146.5449,304.2,1.1,1.1,2014-12-11,1254,Terra,MODIS,52,6.2,290.8,7,N,0
-33.51,148.1176,300.1,1,1,2014-12-11,1254,Terra,MODIS,16,6.2,287.2,5.2,N,0
-33.5115,148.1064,303.2,1,1,2014-12-11,1254,Terra,MODIS,54,6.2,287.2,6.9,N,0
-28.9143,148.4299,307,1,1,2014-12-11,1255,Terra,MODIS,32,6.2,285.8,6.8,N,0
-29.5719,149.5841,303.3,1,1,2014-12-11,1255,Terra,MODIS,54,6.2,291.1,5.7,N,0
-20.708,148.507,304,1.1,1.1,2014-12-11,1257,Terra,MODIS,58,6.2,285,6.6,N,0
-16.123,143.0905,312.3,1.1,1.1,2014-12-11,1258,Terra,MODIS,44,6.2,276.9,10.8,N,0
-16.1244,143.08,320.8,1.1,1.1,2014-12-11,1258,Terra,MODIS,100,6.2,278.6,19.3,N,0
-16.1258,143.0696,317.1,1.1,1.1,2014-12-11,1258,Terra,MODIS,82,6.2,279.2,15.1,N,0
-16.1098,143.0827,305.8,1.1,1.1,2014-12-11,1258,Terra,MODIS,41,6.2,278.1,7.6,N,0
-16.8786,144.7688,306.8,1,1,2014-12-11,1258,Terra,MODIS,69,6.2,289.7,6.1,N,0
-18.0453,145.5552,300.3,1,1,2014-12-11,1258,Terra,MODIS,23,6.2,289.2,3,N,0
-16.2332,143.3855,310.5,1.1,1,2014-12-11,1258,Terra,MODIS,55,6.2,278.2,12.6,N,0
-27.5829,127.4514,309.7,1.4,1.2,2014-12-11,1434,Terra,MODIS,52,6.2,294.3,12.2,N,0
-27.5864,127.4603,310.3,1.4,1.2,2014-12-11,1434,Terra,MODIS,35,6.2,294.2,12.8,N,0
-25.8589,126.9191,306.7,1.4,1.2,2014-12-11,1434,Terra,MODIS,68,6.2,296.4,8.4,N,0
-24.6302,123.3181,332.3,1,1,2014-12-11,1435,Terra,MODIS,95,6.2,296.9,30.8,N,0
-24.6287,123.3281,325.9,1,1,2014-12-11,1435,Terra,MODIS,74,6.2,291.2,23.2,N,0
-22.5947,118.1403,314.8,1.4,1.2,2014-12-11,1436,Terra,MODIS,89,6.2,294,16.8,N,0
-22.5963,118.1272,322,1.4,1.2,2014-12-11,1436,Terra,MODIS,100,6.2,294,25.7,N,0
-22.5979,118.1137,313.1,1.4,1.2,2014-12-11,1436,Terra,MODIS,85,6.2,293.7,13.3,N,0
-22.6139,118.1215,370.5,1.4,1.2,2014-12-11,1436,Terra,MODIS,100,6.2,296.8,181.8,N,0
-22.605,118.1068,309.6,1.4,1.2,2014-12-11,1436,Terra,MODIS,51,6.2,293.3,9.3,N,0
-22.6034,118.1205,318.1,1.4,1.2,2014-12-11,1436,Terra,MODIS,96,6.2,293.5,19.4,N,0
-22.6018,118.1345,336,1.4,1.2,2014-12-11,1436,Terra,MODIS,100,6.2,294.1,52.3,N,0
-22.6155,118.108,309.6,1.4,1.2,2014-12-11,1436,Terra,MODIS,70,6.2,292.6,9.8,N,0
-22.3023,120.4609,320,1.1,1,2014-12-11,1436,Terra,MODIS,99,6.2,290.5,14.5,N,0
-22.3037,120.4507,314.2,1.1,1,2014-12-11,1436,Terra,MODIS,88,6.2,290.9,8.8,N,0
-22.2963,120.4541,363.8,1.1,1,2014-12-11,1436,Terra,MODIS,100,6.2,294.6,99.1,N,0
-22.2977,120.4439,329.6,1.1,1,2014-12-11,1436,Terra,MODIS,100,6.2,290.7,25.1,N,0
-22.2779,120.4512,349.9,1.1,1,2014-12-11,1436,Terra,MODIS,100,6.2,289.4,61.9,N,0
-22.2871,120.4527,327.9,1.1,1,2014-12-11,1436,Terra,MODIS,98,6.2,289.8,22.9,N,0
-22.6123,118.1354,358.1,1.4,1.2,2014-12-11,1436,Terra,MODIS,100,6.2,296,122.9,N,0
-22.5915,118.132,321.2,1.4,1.2,2014-12-11,1436,Terra,MODIS,100,6.2,293.9,23.4,N,0
-22.593,118.1187,311.7,1.4,1.2,2014-12-11,1436,Terra,MODIS,29,6.2,293.3,10.4,N,0
-16.1367,143.0603,327.6,1.2,1.1,2014-12-11,1604,Aqua,MODIS,100,6.2,280.2,31.2,N,0
-16.1217,143.0956,309.6,1.2,1.1,2014-12-11,1604,Aqua,MODIS,23,6.2,273.3,10,N,0
-30.4387,136.8609,306.5,1,1,2014-12-11,1608,Aqua,MODIS,68,6.2,291.3,7.7,N,0
-35.1686,142.9304,303.3,2,1.4,2014-12-11,1609,Aqua,MODIS,54,6.2,285.7,21.3,N,0
-22.6159,118.137,323.7,1.4,1.2,2014-12-11,1744,Aqua,MODIS,100,6.2,297.8,30.4,N,0
-22.6039,118.1248,318.6,1.4,1.2,2014-12-11,1744,Aqua,MODIS,97,6.2,297,21.3,N,0
-22.6023,118.1122,311.6,1.3,1.2,2014-12-11,1744,Aqua,MODIS,83,6.2,295.7,13.2,N,0
-22.5983,118.1667,320.5,1.4,1.2,2014-12-11,1744,Aqua,MODIS,86,6.2,297,24.5,N,0
-22.5967,118.1533,327.3,1.4,1.2,2014-12-11,1744,Aqua,MODIS,100,6.2,297.5,34.2,N,0
-22.5935,118.1268,311.6,1.4,1.2,2014-12-11,1744,Aqua,MODIS,37,6.2,295.9,11.5,N,0
-22.592,118.1138,305.9,1.3,1.2,2014-12-11,1744,Aqua,MODIS,29,6.2,295.3,6.6,N,0
-22.5879,118.1681,305.6,1.4,1.2,2014-12-11,1744,Aqua,MODIS,9,6.2,294.8,7.4,N,0
-22.592,118.1731,306.3,1.4,1.2,2014-12-11,1744,Aqua,MODIS,17,6.2,294.5,8,N,0
-22.5903,118.1599,328.1,1.4,1.2,2014-12-11,1744,Aqua,MODIS,100,6.2,297,37.6,N,0
-22.6053,118.137,324.7,1.4,1.2,2014-12-11,1744,Aqua,MODIS,100,6.2,297.1,30.2,N,0
-22.607,118.151,334.1,1.4,1.2,2014-12-11,1744,Aqua,MODIS,100,6.2,298.4,49.5,N,0
-22.5887,118.1466,317.8,1.4,1.2,2014-12-11,1744,Aqua,MODIS,79,6.2,296.8,19.8,N,0
-22.587,118.1334,306.9,1.4,1.2,2014-12-11,1744,Aqua,MODIS,19,6.2,296.1,7.6,N,0
-22.6087,118.1652,321.1,1.4,1.2,2014-12-11,1744,Aqua,MODIS,100,6.2,297.9,26.2,N,0
-22.6143,118.124,332.6,1.4,1.2,2014-12-11,1744,Aqua,MODIS,100,6.2,296.6,47,N,0
-27.1513,149.0977,319.5,1.8,1.3,2014-12-11,2353,Terra,MODIS,61,6.2,298.6,18,D,0
-27.1479,149.0799,327.1,1.8,1.3,2014-12-11,2353,Terra,MODIS,76,6.2,298.8,36.8,D,0
-31.3642,147.7126,320.9,1.8,1.3,2014-12-11,2354,Terra,MODIS,63,6.2,306.1,16.9,D,0
-31.3759,147.7095,329.2,1.8,1.3,2014-12-11,2354,Terra,MODIS,78,6.2,306.7,37.1,D,0
-29.8854,148.0068,326.5,1.8,1.3,2014-12-11,2354,Terra,MODIS,70,6.2,307.1,20,D,0
-29.8773,148.0285,327.5,1.8,1.3,2014-12-11,2354,Terra,MODIS,72,6.2,307,21.6,D,0
-29.8805,148.014,343.5,1.8,1.3,2014-12-11,2354,Terra,MODIS,90,6.2,307.6,79.7,D,0
-32.8021,148.6802,343,1.5,1.2,2014-12-11,2355,Terra,MODIS,91,6.2,304.3,66.8,D,0
-32.8047,148.6736,336.6,1.5,1.2,2014-12-11,2355,Terra,MODIS,86,6.2,303.1,49.5,D,0
-32.8075,148.6889,323.6,1.4,1.2,2014-12-11,2355,Terra,MODIS,73,6.2,303.3,20.4,D,0
-15.739,141.5406,312.9,3.1,1.7,2014-12-12,0128,Terra,MODIS,52,6.2,274.9,45.8,D,0
-15.7295,141.4542,324.5,3.1,1.7,2014-12-12,0128,Terra,MODIS,23,6.2,274.8,86.3,D,0
-13.2232,135.7509,335.3,1.1,1.1,2014-12-12,0128,Terra,MODIS,76,6.2,295.3,22.1,D,0
-12.4808,134.9693,329.8,1,1,2014-12-12,0128,Terra,MODIS,69,6.2,289.8,18.4,D,0
-12.5605,131.6728,332.3,1.1,1,2014-12-12,0128,Terra,MODIS,77,6.2,296.5,25.2,D,0
-14.6274,142.9485,312.9,3.9,1.8,2014-12-12,0128,Terra,MODIS,44,6.2,273.2,50.7,D,0
-12.4886,134.9584,326,1,1,2014-12-12,0128,Terra,MODIS,72,6.2,293.1,13.7,D,0
-12.5495,131.6642,341.6,1.1,1,2014-12-12,0128,Terra,MODIS,82,6.2,299.2,39.1,D,0
-12.6914,141.949,312.6,3,1.7,2014-12-12,0128,Terra,MODIS,49,6.2,274.6,43.6,D,0
-12.5511,131.6743,356,1.1,1,2014-12-12,0128,Terra,MODIS,92,6.2,299,73.6,D,0
-13.3507,135.5896,325.9,1.1,1.1,2014-12-12,0128,Terra,MODIS,42,6.2,291.1,10.7,D,0
-16.8567,131.028,316.4,1.1,1,2014-12-12,0129,Terra,MODIS,0,6.2,270.5,12.4,D,0
-15.8963,132.1458,328.9,1,1,2014-12-12,0129,Terra,MODIS,59,6.2,301.6,11.4,D,0
-15.8949,132.1364,327.4,1,1,2014-12-12,0129,Terra,MODIS,47,6.2,301.7,8.5,D,0
-15.8844,132.1284,328.5,1,1,2014-12-12,0129,Terra,MODIS,59,6.2,303.9,10.5,D,0
-19.5359,140.8401,314.3,3.1,1.7,2014-12-12,0129,Terra,MODIS,0,6.2,273.5,20.6,D,0
-21.9177,129.0973,351.5,1.1,1.1,2014-12-12,0130,Terra,MODIS,93,6.2,316.2,45.7,D,0
-21.9195,129.1082,345.4,1.1,1.1,2014-12-12,0130,Terra,MODIS,82,6.2,311.7,32.8,D,0
-21.9272,129.0955,338,1.1,1.1,2014-12-12,0130,Terra,MODIS,37,6.2,313,15.4,D,0
-24.0891,125.8911,345,1.6,1.3,2014-12-12,0131,Terra,MODIS,88,6.2,311.5,60.4,D,0
-22.543,130.5369,346,1,1,2014-12-12,0131,Terra,MODIS,88,6.2,320.1,25.4,D,0
-22.5415,130.5271,356.6,1,1,2014-12-12,0131,Terra,MODIS,97,6.2,320.7,49.7,D,0
-24.0863,125.8753,333.9,1.6,1.3,2014-12-12,0131,Terra,MODIS,32,6.2,312.7,22,D,0
-22.54,130.5172,338.2,1,1,2014-12-12,0131,Terra,MODIS,50,6.2,319.1,12.4,D,0
-24.075,125.8776,335.8,1.6,1.3,2014-12-12,0131,Terra,MODIS,75,6.2,313.6,25.6,D,0
-22.5037,130.4629,333.8,1,1,2014-12-12,0131,Terra,MODIS,58,6.2,317.9,9.4,D,0
-24.9183,129.1525,337,1.1,1,2014-12-12,0131,Terra,MODIS,58,6.2,318.8,14.1,D,0
-22.5158,130.481,344.5,1,1,2014-12-12,0131,Terra,MODIS,85,6.2,320.8,25.4,D,0
-22.5249,130.4794,336.3,1,1,2014-12-12,0131,Terra,MODIS,34,6.2,317.6,11,D,0
-22.4463,127.5326,361.5,1.4,1.2,2014-12-12,0131,Terra,MODIS,100,6.2,311.8,103.9,D,0
-22.4485,127.5457,372.1,1.4,1.2,2014-12-12,0131,Terra,MODIS,99,6.2,316.1,157.9,D,0
-22.4544,127.5175,361.1,1.4,1.2,2014-12-12,0131,Terra,MODIS,100,6.2,302.1,103.7,D,0
-22.4566,127.5306,398.2,1.4,1.2,2014-12-12,0131,Terra,MODIS,100,6.2,304.6,344.9,D,0
-22.4589,127.5436,396.9,1.4,1.2,2014-12-12,0131,Terra,MODIS,100,6.2,312,336.6,D,0
-22.4611,127.5567,358.6,1.4,1.2,2014-12-12,0131,Terra,MODIS,92,6.2,302.9,105.3,D,0
-22.467,127.5286,334.4,1.4,1.2,2014-12-12,0131,Terra,MODIS,50,6.2,294.2,24.9,D,0
-22.4624,127.5233,363.8,1.4,1.2,2014-12-12,0131,Terra,MODIS,100,6.2,294.2,126.2,D,0
-22.4647,127.5364,343.2,1.4,1.2,2014-12-12,0131,Terra,MODIS,86,6.2,299.2,55.5,D,0
-22.1619,120.725,331.4,4.1,1.9,2014-12-12,0131,Terra,MODIS,72,6.2,300.8,98.8,D,0
-22.1644,120.7167,330.3,4.1,1.9,2014-12-12,0131,Terra,MODIS,68,6.2,300.6,86.7,D,0
-27.5817,127.4232,369.3,1.2,1.1,2014-12-12,0132,Terra,MODIS,100,6.2,315.6,114.8,D,0
-27.5836,127.4348,363.3,1.2,1.1,2014-12-12,0132,Terra,MODIS,100,6.2,317.8,91.8,D,0
-27.5932,127.4328,336.6,1.2,1.1,2014-12-12,0132,Terra,MODIS,62,6.2,312.4,20.2,D,0
-27.5991,127.5277,334.6,1.1,1.1,2014-12-12,0132,Terra,MODIS,41,6.2,317.6,11.9,D,0
-27.6202,127.4754,343.6,1.2,1.1,2014-12-12,0132,Terra,MODIS,78,6.2,312.6,33,D,0
-27.6125,127.489,342,1.2,1.1,2014-12-12,0132,Terra,MODIS,62,6.2,317.3,25.9,D,0
-27.6106,127.4774,357.9,1.2,1.1,2014-12-12,0132,Terra,MODIS,98,6.2,317.4,68.6,D,0
-27.6087,127.4658,355.4,1.2,1.1,2014-12-12,0132,Terra,MODIS,96,6.2,315.2,61.2,D,0
-27.6067,127.4541,344.4,1.2,1.1,2014-12-12,0132,Terra,MODIS,62,6.2,313.9,33.5,D,0
-27.6087,127.5257,334.9,1.1,1.1,2014-12-12,0132,Terra,MODIS,55,6.2,316.6,13.2,D,0
-27.5971,127.4561,343,1.2,1.1,2014-12-12,0132,Terra,MODIS,73,6.2,316,29.7,D,0
-27.5952,127.4445,360.8,1.2,1.1,2014-12-12,0132,Terra,MODIS,100,6.2,315.7,80.6,D,0
-27.5856,127.4465,334.8,1.2,1.1,2014-12-12,0132,Terra,MODIS,40,6.2,315.6,15.2,D,0
-30.8676,121.4964,326.7,2.3,1.5,2014-12-12,0133,Terra,MODIS,62,6.2,307.3,28.8,D,2
-37.9009,145.2443,319.7,1.1,1,2014-12-12,0410,Aqua,MODIS,33,6.2,303.9,5.5,D,0
-38.0133,145.2657,321.4,1.1,1,2014-12-12,0410,Aqua,MODIS,32,6.2,303.5,7.7,D,0
-34.6233,146.3739,327.2,1,1,2014-12-12,0411,Aqua,MODIS,47,6.2,313.1,9.1,D,0
-34.6249,146.363,333,1,1,2014-12-12,0411,Aqua,MODIS,72,6.2,313,16.6,D,0
-37.8126,144.8161,322.4,1.1,1.1,2014-12-12,0411,Aqua,MODIS,38,6.2,304.4,5.9,D,0
-37.7167,144.8585,323.6,1.1,1.1,2014-12-12,0411,Aqua,MODIS,43,6.2,306.3,6.8,D,0
-31.3751,147.7013,349.8,1.1,1,2014-12-12,0412,Aqua,MODIS,93,6.2,317.9,47.8,D,0
-31.3733,147.7126,338.4,1.1,1,2014-12-12,0412,Aqua,MODIS,82,6.2,316.1,24.4,D,0
-31.9072,145.8233,340.7,1,1,2014-12-12,0412,Aqua,MODIS,82,6.2,317.9,22.3,D,0
-31.9087,145.8127,341,1,1,2014-12-12,0412,Aqua,MODIS,82,6.2,318.4,23.1,D,0
-33.899,135.2896,330.7,3.7,1.8,2014-12-12,0412,Aqua,MODIS,68,6.2,315.8,62.6,D,0
-33.9014,135.2488,332.6,3.7,1.8,2014-12-12,0412,Aqua,MODIS,0,6.2,314.3,81.1,D,0
-28.4169,149.4945,334.5,1.4,1.2,2014-12-12,0413,Aqua,MODIS,42,6.2,317.6,13.4,D,0
-29.8809,148.0178,332.6,1.1,1.1,2014-12-12,0413,Aqua,MODIS,67,6.2,314.4,11.7,D,0
-27.1491,149.0883,334.4,1.4,1.2,2014-12-12,0413,Aqua,MODIS,57,6.2,308,30.9,D,0
-29.001,149.3275,336.1,1.4,1.2,2014-12-12,0413,Aqua,MODIS,75,6.2,318,16.4,D,0
-29.0034,149.3136,346,1.4,1.2,2014-12-12,0413,Aqua,MODIS,89,6.2,318.8,42.7,D,0
-28.9298,149.9356,338,1.5,1.2,2014-12-12,0413,Aqua,MODIS,82,6.2,314.4,32,D,0
-29.0113,149.3299,342.5,1.4,1.2,2014-12-12,0413,Aqua,MODIS,85,6.2,316.5,31.9,D,0
-29.0137,149.316,343.4,1.4,1.2,2014-12-12,0413,Aqua,MODIS,86,6.2,318.7,34.4,D,0
-29.0078,149.3203,366.3,1.4,1.2,2014-12-12,0413,Aqua,MODIS,100,6.2,319.9,123.3,D,0
-22.1304,139.5358,388.6,1.4,1.2,2014-12-12,0415,Aqua,MODIS,100,6.2,315.5,274.8,D,0
-22.1199,139.5343,374.7,1.4,1.2,2014-12-12,0415,Aqua,MODIS,100,6.2,308.8,182.2,D,0
-16.1206,143.1136,349.2,1,1,2014-12-12,0416,Aqua,MODIS,95,6.2,280.5,47.6,D,0
-16.1192,143.1231,353.5,1,1,2014-12-12,0416,Aqua,MODIS,91,6.2,275.9,59.9,D,0
-15.9184,143.4236,323,1,1,2014-12-12,0416,Aqua,MODIS,68,6.2,287.5,10.7,D,0
-16.1178,143.1327,345.5,1,1,2014-12-12,0416,Aqua,MODIS,70,6.2,272.2,43.9,D,0
-16.1269,143.1342,341.7,1,1,2014-12-12,0416,Aqua,MODIS,85,6.2,274.6,37.3,D,0
-16.1374,143.1261,330.2,1,1,2014-12-12,0416,Aqua,MODIS,58,6.2,275.5,18.5,D,0
-16.136,143.1356,347,1,1,2014-12-12,0416,Aqua,MODIS,93,6.2,277.6,48.3,D,0
-16.1283,143.1246,322.5,1,1,2014-12-12,0416,Aqua,MODIS,55,6.2,274.5,9.1,D,0
-16.1563,143.0608,334.1,1,1,2014-12-12,0416,Aqua,MODIS,69,6.2,279.1,22.5,D,0
-16.1024,143.1107,370,1,1,2014-12-12,0416,Aqua,MODIS,0,6.2,275.1,106.9,D,0
-16.113,143.1026,332.8,1,1,2014-12-12,0416,Aqua,MODIS,47,6.2,277.4,16.4,D,0
-16.1101,143.1217,385.9,1,1,2014-12-12,0416,Aqua,MODIS,75,6.2,274.1,173.7,D,0
-15.929,143.4154,325.6,1,1,2014-12-12,0416,Aqua,MODIS,35,6.2,289.4,13.4,D,0
-16.1115,143.1121,358.9,1,1,2014-12-12,0416,Aqua,MODIS,93,6.2,280.4,72.1,D,0
-16.1067,143.0821,347.1,1,1,2014-12-12,0416,Aqua,MODIS,88,6.2,281.1,42.3,D,0
-16.1053,143.0916,359.1,1,1,2014-12-12,0416,Aqua,MODIS,86,6.2,277.9,70.2,D,0
-15.9242,143.3848,335.8,1,1,2014-12-12,0416,Aqua,MODIS,86,6.2,290.8,26.9,D,0
-16.1081,143.0726,337.8,1,1,2014-12-12,0416,Aqua,MODIS,81,6.2,279.5,26.9,D,0
-15.9227,143.3945,325.7,1,1,2014-12-12,0416,Aqua,MODIS,74,6.2,289,12.6,D,0
-15.9276,143.4251,327.8,1,1,2014-12-12,0416,Aqua,MODIS,68,6.2,288.6,16.3,D,0
-15.7987,143.1154,328,1,1,2014-12-12,0416,Aqua,MODIS,46,6.2,295.2,12.3,D,0
-16.1869,143.0326,345,1,1,2014-12-12,0416,Aqua,MODIS,81,6.2,273.1,44.9,D,0
-15.8001,143.1058,338.9,1,1,2014-12-12,0416,Aqua,MODIS,88,6.2,296.9,28.5,D,0
-16.4118,142.9453,334.9,1,1,2014-12-12,0416,Aqua,MODIS,71,6.2,276.4,28.6,D,0
-15.8015,143.0963,327,1,1,2014-12-12,0416,Aqua,MODIS,59,6.2,296.2,11.1,D,0
-16.1305,143.0469,327.8,1,1,2014-12-12,0416,Aqua,MODIS,57,6.2,281.3,13.9,D,0
-16.1255,143.1437,337.1,1,1,2014-12-12,0416,Aqua,MODIS,66,6.2,272.1,30.3,D,0
-16.1883,143.0231,351.6,1,1,2014-12-12,0416,Aqua,MODIS,0,6.2,272.4,57,D,0
-14.6036,142.9117,380,1,1,2014-12-12,0417,Aqua,MODIS,100,6.2,291.9,145.2,D,0
-14.0578,142.994,320.6,1,1,2014-12-12,0417,Aqua,MODIS,52,6.2,278.7,12.1,D,0
-14.1594,142.997,337.2,1,1,2014-12-12,0417,Aqua,MODIS,85,6.2,277.8,32.6,D,0
-14.1668,142.994,336.5,1,1,2014-12-12,0417,Aqua,MODIS,66,6.2,274.2,30.7,D,0
-13.4701,143.4037,319.6,1.1,1,2014-12-12,0417,Aqua,MODIS,22,6.2,290.4,8.1,D,0
-14.0592,142.9844,319.6,1,1,2014-12-12,0417,Aqua,MODIS,39,6.2,283.8,10.1,D,0
-14.0486,142.9926,333.8,1,1,2014-12-12,0417,Aqua,MODIS,75,6.2,282,26.9,D,0
-14.0451,142.9526,319.4,1,1,2014-12-12,0417,Aqua,MODIS,34,6.2,286.4,7.1,D,0
-13.7921,142.6118,342.7,1,1,2014-12-12,0417,Aqua,MODIS,77,6.2,280.8,39.1,D,0
-14.0408,142.9815,327.7,1,1,2014-12-12,0417,Aqua,MODIS,50,6.2,281.3,17.9,D,0
-15.5407,143.9026,330.9,1.1,1,2014-12-12,0417,Aqua,MODIS,78,6.2,286.9,24.2,D,0
-15.5298,143.9113,321.3,1.1,1,2014-12-12,0417,Aqua,MODIS,55,6.2,284.7,11.4,D,0
-14.05,142.9829,328.9,1,1,2014-12-12,0417,Aqua,MODIS,62,6.2,283.9,19.2,D,0
-14.0191,142.9386,333.5,1,1,2014-12-12,0417,Aqua,MODIS,73,6.2,288.8,22.5,D,0
-14.0466,142.943,326.1,1,1,2014-12-12,0417,Aqua,MODIS,77,6.2,289.5,15.1,D,0
-14.0162,142.9578,342.8,1,1,2014-12-12,0417,Aqua,MODIS,86,6.2,288.9,36.6,D,0
-14.6022,142.9213,401.5,1,1,2014-12-12,0417,Aqua,MODIS,94,6.2,290.6,260.9,D,0
-14.6309,142.9161,332.2,1,1,2014-12-12,0417,Aqua,MODIS,57,6.2,287.3,19.8,D,0
-14.0176,142.9482,347.9,1,1,2014-12-12,0417,Aqua,MODIS,94,6.2,290.9,47.1,D,0
-15.2289,144.0758,373.7,1.1,1.1,2014-12-12,0417,Aqua,MODIS,100,6.2,300.3,132,D,0
-15.2305,144.0654,345.4,1.1,1.1,2014-12-12,0417,Aqua,MODIS,92,6.2,297.6,42,D,0
-14.6295,142.9257,351.7,1,1,2014-12-12,0417,Aqua,MODIS,0,6.2,287.9,55.3,D,0
-13.7935,142.6024,357.9,1,1,2014-12-12,0417,Aqua,MODIS,99,6.2,288.6,73.3,D,0
-15.5234,144.1424,314.1,1.1,1.1,2014-12-12,0417,Aqua,MODIS,43,6.2,275.8,9,D,0
-14.6127,142.9132,341.3,1,1,2014-12-12,0417,Aqua,MODIS,69,6.2,288.9,31,D,0
-14.3068,142.8661,320.5,1,1,2014-12-12,0417,Aqua,MODIS,0,6.2,280.7,12.9,D,0
-14.0254,142.9593,348.2,1,1,2014-12-12,0417,Aqua,MODIS,82,6.2,286.8,47.5,D,0
-14.0282,142.9401,332,1,1,2014-12-12,0417,Aqua,MODIS,72,6.2,286.8,20.5,D,0
-14.3082,142.8565,321.6,1,1,2014-12-12,0417,Aqua,MODIS,0,6.2,281.8,15.1,D,0
-14.0374,142.9415,336.1,1,1,2014-12-12,0417,Aqua,MODIS,86,6.2,286.8,28.3,D,0
-14.0268,142.9497,362.3,1,1,2014-12-12,0417,Aqua,MODIS,100,6.2,290,84.2,D,0
-13.7691,142.5792,339.6,1,1,2014-12-12,0417,Aqua,MODIS,89,6.2,290.5,31.3,D,0
-14.6113,142.9227,336,1,1,2014-12-12,0417,Aqua,MODIS,51,6.2,286.9,24.2,D,0
-15.3734,144.1441,338.2,1.1,1.1,2014-12-12,0417,Aqua,MODIS,88,6.2,293.4,32.2,D,0
-13.7677,142.5887,330.5,1,1,2014-12-12,0417,Aqua,MODIS,73,6.2,290.6,18.4,D,0
-13.7705,142.5698,325.1,1,1,2014-12-12,0417,Aqua,MODIS,57,6.2,287.9,12.6,D,0
-13.668,143.076,331.4,1.1,1,2014-12-12,0417,Aqua,MODIS,83,6.2,288.6,20.9,D,0
-13.4302,143.0558,315.2,1.1,1,2014-12-12,0417,Aqua,MODIS,29,6.2,279,6.7,D,0
-15.7764,143.0142,325.4,1,1,2014-12-12,0417,Aqua,MODIS,56,6.2,292.8,8.7,D,0
-15.7778,143.0047,337.8,1,1,2014-12-12,0417,Aqua,MODIS,88,6.2,295.3,26.1,D,0
-14.1256,142.9719,334.1,1,1,2014-12-12,0417,Aqua,MODIS,84,6.2,282.3,26,D,0
-15.7868,143.0061,327.9,1,1,2014-12-12,0417,Aqua,MODIS,56,6.2,295,13.2,D,0
-14.1038,142.9291,325.4,1,1,2014-12-12,0417,Aqua,MODIS,43,6.2,279.9,14.1,D,0
-14.5945,142.9103,365.7,1,1,2014-12-12,0417,Aqua,MODIS,87,6.2,282.8,94.3,D,0
-15.3677,144.1471,338.6,1.1,1.1,2014-12-12,0417,Aqua,MODIS,78,6.2,295,31.7,D,0
-14.5959,142.9008,369.9,1,1,2014-12-12,0417,Aqua,MODIS,94,6.2,288.1,110.2,D,0
-15.3503,144.1335,343.2,1.1,1.1,2014-12-12,0417,Aqua,MODIS,91,6.2,293.5,37,D,0
-15.7792,142.9951,330.4,1,1,2014-12-12,0417,Aqua,MODIS,75,6.2,293.8,15.5,D,0
-32.7296,117.3253,344,1.3,1.1,2014-12-12,0551,Aqua,MODIS,88,6.2,315.2,43.9,D,0
-32.74,117.3269,331.2,1.3,1.1,2014-12-12,0551,Aqua,MODIS,68,6.2,317.3,14.3,D,0
-24.8958,129.1733,333.1,3.4,1.7,2014-12-12,0552,Aqua,MODIS,60,6.2,311.2,58.4,D,0
-27.595,127.4455,337.5,2.2,1.4,2014-12-12,0552,Aqua,MODIS,46,6.2,314.9,42.2,D,0
-27.5858,127.4382,347,2.2,1.4,2014-12-12,0552,Aqua,MODIS,89,6.2,314.7,105.3,D,0
-27.5987,127.4414,333.7,2.2,1.4,2014-12-12,0552,Aqua,MODIS,29,6.2,314.9,30.9,D,0
-24.9025,129.1418,343.8,3.4,1.7,2014-12-12,0552,Aqua,MODIS,85,6.2,314.7,156.7,D,0
-27.5814,127.4604,344.1,2.2,1.4,2014-12-12,0552,Aqua,MODIS,85,6.2,312.2,88.7,D,0
-24.9177,129.146,357.4,3.4,1.7,2014-12-12,0552,Aqua,MODIS,98,6.2,317.7,328.6,D,0
-24.9109,129.1783,337.1,3.4,1.7,2014-12-12,0552,Aqua,MODIS,75,6.2,314.6,93.1,D,0
-24.9132,129.1527,360.8,3.4,1.7,2014-12-12,0552,Aqua,MODIS,100,6.2,317.4,375,D,0
-24.9285,129.1568,334.7,3.4,1.7,2014-12-12,0552,Aqua,MODIS,66,6.2,316,68.6,D,0
-27.5943,127.4638,338.4,2.2,1.4,2014-12-12,0552,Aqua,MODIS,63,6.2,314.4,52.4,D,0
-27.6072,127.467,340.9,2.2,1.4,2014-12-12,0552,Aqua,MODIS,65,6.2,315.5,56.5,D,0
-27.6069,127.5377,335.9,2.3,1.5,2014-12-12,0552,Aqua,MODIS,72,6.2,317.2,32.9,D,0
-27.5905,127.4678,342.4,2.2,1.4,2014-12-12,0552,Aqua,MODIS,77,6.2,314.2,63.9,D,0
-27.6072,127.5191,346.7,2.2,1.5,2014-12-12,0552,Aqua,MODIS,88,6.2,318.2,98.3,D,0
-27.5774,127.4125,357.5,2.2,1.4,2014-12-12,0552,Aqua,MODIS,98,6.2,314.2,179.5,D,0
-27.573,127.4348,355.2,2.2,1.4,2014-12-12,0552,Aqua,MODIS,96,6.2,310.8,163.2,D,0
-27.5903,127.4158,363.5,2.2,1.4,2014-12-12,0552,Aqua,MODIS,100,6.2,316.5,232.3,D,0
-22.4724,130.4597,340.3,4.7,2,2014-12-12,0553,Aqua,MODIS,80,6.2,311.7,227.1,D,0
-22.4633,130.4977,344.5,4.7,2,2014-12-12,0553,Aqua,MODIS,86,6.2,312.2,305.1,D,0
-22.4869,130.4683,333.7,4.7,2,2014-12-12,0553,Aqua,MODIS,44,6.2,312.7,116.1,D,0
-22.4799,130.5098,333.2,4.7,2,2014-12-12,0553,Aqua,MODIS,58,6.2,312.6,118.2,D,0
-22.4623,130.5051,345.1,4.7,2,2014-12-12,0553,Aqua,MODIS,87,6.2,312,306.4,D,0
-24.0837,125.9097,343.7,2.1,1.4,2014-12-12,0553,Aqua,MODIS,80,6.2,323.3,41.7,D,0
-19.3659,128.2679,340.3,3.9,1.8,2014-12-12,0554,Aqua,MODIS,85,6.2,297.6,202.6,D,0
-19.3523,128.2952,325.6,3.9,1.8,2014-12-12,0554,Aqua,MODIS,50,6.2,296.7,59,D,0
-19.3597,128.2587,336.7,3.9,1.8,2014-12-12,0554,Aqua,MODIS,71,6.2,297.5,162.6,D,0
-22.3002,120.437,341.3,1.1,1,2014-12-12,0554,Aqua,MODIS,80,6.2,306.7,28.6,D,0
-21.9278,122.983,347.3,1.4,1.2,2014-12-12,0554,Aqua,MODIS,87,6.2,312.5,49.6,D,0
-21.9254,122.9969,372.8,1.4,1.2,2014-12-12,0554,Aqua,MODIS,100,6.2,313.9,167,D,0
-21.9231,123.0108,346.5,1.4,1.2,2014-12-12,0554,Aqua,MODIS,35,6.2,314.7,46.8,D,0
-21.9183,123.0387,345.2,1.5,1.2,2014-12-12,0554,Aqua,MODIS,87,6.2,315.7,41.4,D,0
-22.6046,118.1061,420.1,1,1,2014-12-12,0554,Aqua,MODIS,94,6.2,327,370.7,D,0
-22.6137,118.1075,365.9,1,1,2014-12-12,0554,Aqua,MODIS,100,6.2,327.4,73.2,D,0
-22.606,118.0962,443.1,1,1,2014-12-12,0554,Aqua,MODIS,87,6.2,338.2,606.7,D,0
-22.5874,118.1634,340.1,1,1,2014-12-12,0554,Aqua,MODIS,39,6.2,320.4,14.4,D,0
-22.5887,118.1536,355.9,1,1,2014-12-12,0554,Aqua,MODIS,97,6.2,322.5,48,D,0
-22.2986,120.4473,352.2,1.1,1,2014-12-12,0554,Aqua,MODIS,81,6.2,303.3,51.4,D,0
-21.91,122.8941,341.2,1.4,1.2,2014-12-12,0554,Aqua,MODIS,60,6.2,314.9,25.5,D,0
-21.9018,123.0065,373,1.4,1.2,2014-12-12,0554,Aqua,MODIS,100,6.2,318.7,157.8,D,0
-21.8994,123.0205,345.4,1.5,1.2,2014-12-12,0554,Aqua,MODIS,87,6.2,317.4,31.5,D,0
-20.7354,139.4795,308.8,1.4,1.2,2014-12-12,1340,Terra,MODIS,70,6.2,297.8,8.6,N,2
-22.1145,139.5049,336.1,1.3,1.1,2014-12-12,1340,Terra,MODIS,100,6.2,299.4,50.3,N,0
-22.1124,139.5177,314.4,1.3,1.1,2014-12-12,1340,Terra,MODIS,75,6.2,298.3,13.2,N,0
-22.1022,139.5156,323.2,1.3,1.1,2014-12-12,1340,Terra,MODIS,100,6.2,298.8,26.3,N,0
-22.1043,139.5029,337.2,1.3,1.1,2014-12-12,1340,Terra,MODIS,100,6.2,299.4,53.4,N,0
-22.1211,139.5124,311.7,1.3,1.1,2014-12-12,1340,Terra,MODIS,78,6.2,297.9,10.5,N,0
-22.1227,139.5197,308.1,1.3,1.1,2014-12-12,1340,Terra,MODIS,23,6.2,297.6,6.5,N,0
-16.2336,130.9959,305.3,1.3,1.1,2014-12-12,1342,Terra,MODIS,63,6.2,278.4,8.1,N,0
-12.4604,131.6589,318.7,1.1,1,2014-12-12,1343,Terra,MODIS,97,6.2,281.2,18.5,N,0
-12.4617,131.6488,302.7,1.1,1,2014-12-12,1343,Terra,MODIS,19,6.2,280.3,5,N,0
-12.4115,131.6251,303.1,1.1,1,2014-12-12,1343,Terra,MODIS,51,6.2,275.2,7,N,0
-12.4308,131.6649,308.3,1.1,1,2014-12-12,1343,Terra,MODIS,74,6.2,279.5,10,N,0
-12.4698,131.6602,301.9,1.1,1,2014-12-12,1343,Terra,MODIS,21,6.2,281,4.5,N,0
-12.5008,131.6441,311.3,1.1,1,2014-12-12,1343,Terra,MODIS,56,6.2,280.8,10.7,N,0
-12.5102,131.6454,305.5,1.1,1,2014-12-12,1343,Terra,MODIS,36,6.2,282,7.3,N,0
-12.4711,131.6501,302.4,1.1,1,2014-12-12,1343,Terra,MODIS,32,6.2,280.4,4.8,N,0
-12.4994,131.6542,325.1,1.1,1,2014-12-12,1343,Terra,MODIS,100,6.2,282,25.4,N,0
-12.4953,131.6844,307.9,1.1,1,2014-12-12,1343,Terra,MODIS,41,6.2,281.6,8.4,N,0
-12.5006,131.6579,302.2,1,1,2014-12-12,1646,Aqua,MODIS,23,6.2,286.5,4.2,N,0
-12.4929,131.6646,315.8,1,1,2014-12-12,1646,Aqua,MODIS,92,6.2,285.9,13.7,N,0
-12.4993,131.6484,310.6,1,1,2014-12-12,1646,Aqua,MODIS,80,6.2,286.1,9.8,N,0
-12.4916,131.6551,314.9,1,1,2014-12-12,1646,Aqua,MODIS,90,6.2,285.6,13,N,0
-12.4551,131.6604,301.4,1,1,2014-12-12,1646,Aqua,MODIS,33,6.2,283.2,4.2,N,0
-12.4132,131.628,303.9,1,1,2014-12-12,1646,Aqua,MODIS,56,6.2,285.5,6.1,N,0
-12.4642,131.6591,303.9,1,1,2014-12-12,1646,Aqua,MODIS,58,6.2,284.3,5.6,N,0
-18.3355,127.2007,308.8,1.1,1,2014-12-12,1648,Aqua,MODIS,76,6.2,274.9,11.2,N,0
-24.1936,122.7744,306.6,1.6,1.2,2014-12-12,1649,Aqua,MODIS,69,6.2,296,10,N,0
-22.2709,120.4374,310,2.5,1.5,2014-12-12,1649,Aqua,MODIS,40,6.2,284.5,27.2,N,0
-22.2637,120.434,307.5,2.5,1.5,2014-12-12,1649,Aqua,MODIS,46,6.2,284.6,21.8,N,0
-22.2774,120.431,307.8,2.5,1.5,2014-12-12,1649,Aqua,MODIS,48,6.2,285.1,22.4,N,0
-23.0472,122.6338,327.2,1.7,1.3,2014-12-12,1649,Aqua,MODIS,100,6.2,299.3,46,N,0
-24.0921,125.8915,308.3,1.1,1,2014-12-12,1649,Aqua,MODIS,74,6.2,297.6,5.9,N,0
-23.0356,122.6359,319,1.7,1.3,2014-12-12,1649,Aqua,MODIS,98,6.2,298.4,27.9,N,0
-24.8914,129.1484,311.8,1.1,1,2014-12-12,1649,Aqua,MODIS,83,6.2,298.3,8.9,N,0
-24.8821,129.1496,358.5,1.1,1,2014-12-12,1649,Aqua,MODIS,100,6.2,302.6,85.8,N,0
-24.8807,129.1393,326.9,1,1,2014-12-12,1649,Aqua,MODIS,100,6.2,300.1,24.2,N,0
-23.0587,122.6428,310,1.7,1.3,2014-12-12,1649,Aqua,MODIS,51,6.2,298.3,12.3,N,0
-23.0442,122.6291,320.8,1.7,1.3,2014-12-12,1649,Aqua,MODIS,100,6.2,298.7,30.7,N,0
-23.0326,122.6311,308.9,1.7,1.3,2014-12-12,1649,Aqua,MODIS,9,6.2,298.1,9.1,N,0
-23.0556,122.6263,311.4,1.7,1.3,2014-12-12,1649,Aqua,MODIS,75,6.2,298.7,14.2,N,0
-23.0501,122.6503,313.2,1.7,1.3,2014-12-12,1649,Aqua,MODIS,58,6.2,298.2,16,N,0
-23.0472,122.6455,320.7,1.7,1.3,2014-12-12,1649,Aqua,MODIS,100,6.2,298.7,30.4,N,0
-14.5816,142.9358,347,1.5,1.2,2014-12-13,0033,Terra,MODIS,92,6.2,296.6,77,D,0
-14.0537,143.023,321.9,1.5,1.2,2014-12-13,0033,Terra,MODIS,35,6.2,290.1,14.1,D,0
-13.7787,142.606,320.7,1.6,1.2,2014-12-13,0033,Terra,MODIS,42,6.2,287.1,12.9,D,0
-15.3519,144.022,334.6,1.2,1.1,2014-12-13,0033,Terra,MODIS,78,6.2,301.1,25.4,D,0
-15.3537,144.0334,334.4,1.2,1.1,2014-12-13,0033,Terra,MODIS,75,6.2,298,24.5,D,0
-15.305,143.9893,339.3,1.2,1.1,2014-12-13,0033,Terra,MODIS,87,6.2,301.5,36,D,0
-15.3068,144.0007,364.7,1.2,1.1,2014-12-13,0033,Terra,MODIS,100,6.2,299.8,114.4,D,0
-15.3086,144.012,331.6,1.2,1.1,2014-12-13,0033,Terra,MODIS,76,6.2,296.6,21.5,D,0
-15.2199,144.2852,337.8,1.2,1.1,2014-12-13,0033,Terra,MODIS,81,6.2,299.1,29,D,0
-15.2226,144.2396,342.1,1.2,1.1,2014-12-13,0033,Terra,MODIS,89,6.2,296.9,41.6,D,0
-15.2296,144.2836,336.8,1.2,1.1,2014-12-13,0033,Terra,MODIS,76,6.2,300.6,29.2,D,0
-14.0515,143.0094,335,1.5,1.2,2014-12-13,0033,Terra,MODIS,64,6.2,289.8,43.7,D,0
-14.0623,143.0076,329.8,1.5,1.2,2014-12-13,0033,Terra,MODIS,70,6.2,290.4,29.6,D,0
-14.5709,142.9378,322.4,1.5,1.2,2014-12-13,0033,Terra,MODIS,38,6.2,296.6,13.5,D,0
-14.5793,142.9223,322.8,1.5,1.2,2014-12-13,0033,Terra,MODIS,35,6.2,295,13.5,D,0
-14.0567,143.0165,322,1.5,1.2,2014-12-13,0033,Terra,MODIS,15,6.2,290.4,13.4,D,0
-14.0544,143.003,329.7,1.5,1.2,2014-12-13,0033,Terra,MODIS,75,6.2,290.7,29.7,D,0
-15.2314,144.2946,353.8,1.2,1.1,2014-12-13,0033,Terra,MODIS,91,6.2,300.2,70.2,D,0
-15.2331,144.3055,346.4,1.2,1.1,2014-12-13,0033,Terra,MODIS,80,6.2,298.6,52.7,D,0
-16.8186,139.131,312.4,2.5,1.5,2014-12-13,0034,Terra,MODIS,33,6.2,297,22.9,D,3
-16.4177,137.5105,323.5,3.4,1.7,2014-12-13,0034,Terra,MODIS,65,6.2,294.7,50.6,D,0
-16.4231,137.5151,325.4,3.4,1.7,2014-12-13,0034,Terra,MODIS,70,6.2,294.4,57.7,D,0
-16.429,137.5463,322.1,3.4,1.7,2014-12-13,0034,Terra,MODIS,41,6.2,294.5,38.7,D,0
-17.0829,135.6925,321.5,4.5,1.9,2014-12-13,0034,Terra,MODIS,38,6.2,293.4,50.5,D,0
-19.4717,138.6624,327.1,2.4,1.5,2014-12-13,0034,Terra,MODIS,51,6.2,309.2,28.9,D,0
-16.4238,137.5416,328.1,3.4,1.7,2014-12-13,0034,Terra,MODIS,74,6.2,294.6,82.7,D,0
-18.9205,145.9794,335.3,1,1,2014-12-13,0034,Terra,MODIS,81,6.2,307.6,21.5,D,0
-20.7368,139.4786,332.7,2,1.4,2014-12-13,0035,Terra,MODIS,70,6.2,311.3,31.7,D,2
-22.7559,142.5767,412.6,1.2,1.1,2014-12-13,0035,Terra,MODIS,100,6.2,317.9,398.4,D,0
-22.7525,142.5723,383.9,1.2,1.1,2014-12-13,0035,Terra,MODIS,100,6.2,311,190,D,0
-22.7578,142.588,362.1,1.2,1.1,2014-12-13,0035,Terra,MODIS,100,6.2,311.7,90,D,0
-22.7543,142.5835,402.2,1.2,1.1,2014-12-13,0035,Terra,MODIS,100,6.2,314.7,311.8,D,0
-22.7675,142.5861,342.4,1.2,1.1,2014-12-13,0035,Terra,MODIS,87,6.2,310.7,34.4,D,0
-22.7656,142.5749,362.8,1.2,1.1,2014-12-13,0035,Terra,MODIS,100,6.2,312.4,92.7,D,0
-20.7348,139.4859,330.9,2,1.4,2014-12-13,0035,Terra,MODIS,63,6.2,310.7,25.8,D,2
-32.2133,148.6999,321.8,1.7,1.3,2014-12-13,0037,Terra,MODIS,62,6.2,308.1,15.7,D,0
-37.9025,145.2503,317.4,1.3,1.1,2014-12-13,0039,Terra,MODIS,61,6.2,301,6.6,D,0
-37.8171,145.3013,318.9,1.3,1.1,2014-12-13,0039,Terra,MODIS,51,6.2,302.3,10,D,0
-37.9008,145.2357,317.9,1.3,1.1,2014-12-13,0039,Terra,MODIS,49,6.2,302,8.1,D,0
-37.843,145.2753,318.9,1.3,1.1,2014-12-13,0039,Terra,MODIS,49,6.2,303.7,9.1,D,0
-37.7161,144.8679,319.7,1.2,1.1,2014-12-13,0039,Terra,MODIS,36,6.2,304.1,5.7,D,0
-43.2623,147.1757,311.2,1.9,1.3,2014-12-13,0040,Terra,MODIS,0,6.2,293.3,20.5,D,0
-12.5971,131.4171,315.4,3.2,1.7,2014-12-13,0211,Terra,MODIS,10,6.2,288.5,39.4,D,0
-14.6838,128.0051,320.9,1.9,1.3,2014-12-13,0211,Terra,MODIS,26,6.2,296.3,21.3,D,0
-12.4906,131.6526,321.6,3.3,1.7,2014-12-13,0211,Terra,MODIS,50,6.2,287.7,68.4,D,0
-16.7293,131.178,327,3.5,1.8,2014-12-13,0212,Terra,MODIS,47,6.2,294.9,52.7,D,0
-16.7225,131.1718,325.7,3.5,1.8,2014-12-13,0212,Terra,MODIS,35,6.2,295.2,41.8,D,0
-16.2279,131.0028,331.9,3.3,1.7,2014-12-13,0212,Terra,MODIS,78,6.2,294.8,98.4,D,0
-15.1484,128.1852,322.9,2,1.4,2014-12-13,0212,Terra,MODIS,0,6.2,299.2,25.7,D,0
-15.0586,128.2272,322.4,2,1.4,2014-12-13,0212,Terra,MODIS,52,6.2,299.6,23.4,D,0
-15.4715,128.8381,328.4,2.2,1.4,2014-12-13,0212,Terra,MODIS,68,6.2,301.3,37.7,D,0
-15.1586,128.1656,324.1,2,1.4,2014-12-13,0212,Terra,MODIS,0,6.2,300.2,27.2,D,0
-14.9163,127.6649,323,1.8,1.3,2014-12-13,0212,Terra,MODIS,59,6.2,298.6,22.4,D,0
-15.1463,128.1671,324.1,2,1.4,2014-12-13,0212,Terra,MODIS,32,6.2,299.9,31.2,D,0
-22.5044,130.4707,347.8,3.7,1.8,2014-12-13,0213,Terra,MODIS,90,6.2,318.7,226.9,D,0
-22.5073,130.5067,337.7,3.7,1.8,2014-12-13,0213,Terra,MODIS,68,6.2,320.8,107.4,D,0
-22.4969,130.4766,351.8,3.7,1.8,2014-12-13,0213,Terra,MODIS,93,6.2,318.2,287.7,D,0
-21.9222,129.1137,338.1,2.9,1.6,2014-12-13,0213,Terra,MODIS,66,6.2,315.1,77.3,D,0
-22.4999,130.5125,334.7,3.7,1.8,2014-12-13,0213,Terra,MODIS,51,6.2,319.9,81.5,D,0
-21.1174,122.6805,330.6,1.1,1,2014-12-13,0213,Terra,MODIS,53,6.2,298,15.5,D,0
-21.116,122.6702,327.2,1.1,1,2014-12-13,0213,Terra,MODIS,40,6.2,298.1,9.1,D,0
-21.1081,122.6819,332,1.1,1,2014-12-13,0213,Terra,MODIS,66,6.2,296.2,18,D,0
-24.1558,122.0376,339,1.1,1,2014-12-13,0214,Terra,MODIS,74,6.2,317.4,19,D,0
-24.1601,122.0694,349,1.1,1,2014-12-13,0214,Terra,MODIS,91,6.2,312.2,42.4,D,0
-24.1586,122.0588,400.8,1.1,1,2014-12-13,0214,Terra,MODIS,100,6.2,322.2,264.6,D,0
-24.1572,122.0482,366.2,1.1,1,2014-12-13,0214,Terra,MODIS,100,6.2,318.4,90,D,0
-24.1523,122.0549,351.7,1.1,1,2014-12-13,0214,Terra,MODIS,93,6.2,322.3,44.3,D,0
-24.1429,122.0564,349.7,1.1,1,2014-12-13,0214,Terra,MODIS,91,6.2,319.5,39.8,D,0
-24.1494,122.0338,342.3,1.1,1,2014-12-13,0214,Terra,MODIS,80,6.2,320.1,20.4,D,0
-23.1714,121.6708,340.2,1,1,2014-12-13,0214,Terra,MODIS,64,6.2,316.6,15.4,D,0
-23.1728,121.6809,340.4,1,1,2014-12-13,0214,Terra,MODIS,65,6.2,318.4,15.8,D,0
-24.1415,122.0458,342.5,1.1,1,2014-12-13,0214,Terra,MODIS,69,6.2,320.4,21,D,0
-24.14,122.0352,351.5,1.1,1,2014-12-13,0214,Terra,MODIS,93,6.2,322,40.9,D,0
-24.1386,122.0246,347,1.1,1,2014-12-13,0214,Terra,MODIS,89,6.2,320.9,30.4,D,0
-24.0921,125.8937,344.2,1.8,1.3,2014-12-13,0214,Terra,MODIS,86,6.2,321.8,44.8,D,0
-24.094,125.9114,343,1.8,1.3,2014-12-13,0214,Terra,MODIS,84,6.2,319.3,39.5,D,0
-24.7931,123.1995,360.2,1.2,1.1,2014-12-13,0214,Terra,MODIS,100,6.2,315.3,79.1,D,0
-24.1039,125.8923,351.7,1.8,1.3,2014-12-13,0214,Terra,MODIS,93,6.2,320,82.9,D,0
-24.1058,125.9099,341.8,1.8,1.3,2014-12-13,0214,Terra,MODIS,81,6.2,317.9,37.3,D,0
-24.1157,125.8908,339.1,1.8,1.3,2014-12-13,0214,Terra,MODIS,74,6.2,317.3,31.9,D,0
-24.1508,122.0443,349.6,1.1,1,2014-12-13,0214,Terra,MODIS,91,6.2,320.7,36.1,D,0
-24.2139,122.8071,416.1,1.2,1.1,2014-12-13,0214,Terra,MODIS,100,6.2,320.2,419.4,D,0
-22.2834,120.4274,359.1,1,1,2014-12-13,0214,Terra,MODIS,99,6.2,314.5,55.1,D,0
-24.2125,122.7957,403.2,1.2,1.1,2014-12-13,0214,Terra,MODIS,100,6.2,318.8,304,D,0
-24.211,122.7843,358.2,1.2,1.1,2014-12-13,0214,Terra,MODIS,98,6.2,314.8,65.9,D,0
-24.1916,122.7871,340,1.2,1.1,2014-12-13,0214,Terra,MODIS,76,6.2,315,18.4,D,0
-24.2013,122.7857,340.8,1.2,1.1,2014-12-13,0214,Terra,MODIS,81,6.2,316,20.3,D,0
-24.2028,122.7971,340.4,1.2,1.1,2014-12-13,0214,Terra,MODIS,78,6.2,315.2,19.4,D,0
-24.9379,123.4628,338.6,1.3,1.1,2014-12-13,0214,Terra,MODIS,41,6.2,312.3,18.6,D,0
-24.9527,123.4993,336.2,1.3,1.1,2014-12-13,0214,Terra,MODIS,43,6.2,314.5,13.3,D,0
-22.2649,120.4266,337.5,1,1,2014-12-13,0214,Terra,MODIS,43,6.2,314.4,10.9,D,0
-24.9496,123.474,342.4,1.3,1.1,2014-12-13,0214,Terra,MODIS,77,6.2,312.2,27.3,D,0
-24.9512,123.4866,345.6,1.3,1.1,2014-12-13,0214,Terra,MODIS,87,6.2,314.6,36.2,D,0
-22.2938,120.4356,344.8,1,1,2014-12-13,0214,Terra,MODIS,86,6.2,314,24.7,D,0
-24.9629,123.4979,349.2,1.3,1.1,2014-12-13,0214,Terra,MODIS,91,6.2,313.2,49.4,D,0
-29.0509,124.5628,348.6,1.7,1.3,2014-12-13,0215,Terra,MODIS,90,6.2,313,84.5,D,0
-27.784,127.7652,332.2,2.7,1.6,2014-12-13,0215,Terra,MODIS,62,6.2,313.3,32.1,D,0
-27.5749,127.482,333.6,2.6,1.5,2014-12-13,0215,Terra,MODIS,46,6.2,302.1,70.7,D,0
-27.5636,127.4498,333.5,2.5,1.5,2014-12-13,0215,Terra,MODIS,61,6.2,292.9,62.2,D,0
-27.781,127.7725,334.9,2.7,1.6,2014-12-13,0215,Terra,MODIS,69,6.2,314.2,47.9,D,0
-26.7422,122.3797,374.4,1.2,1.1,2014-12-13,0215,Terra,MODIS,100,6.2,326.6,132.5,D,0
-26.7438,122.3916,355.3,1.2,1.1,2014-12-13,0215,Terra,MODIS,96,6.2,322.2,61.1,D,0
-26.7505,122.3664,362.2,1.2,1.1,2014-12-13,0215,Terra,MODIS,100,6.2,326.4,79.7,D,0
-26.752,122.3783,351.5,1.2,1.1,2014-12-13,0215,Terra,MODIS,93,6.2,323.1,48.4,D,0
-26.7602,122.365,381.7,1.2,1.1,2014-12-13,0215,Terra,MODIS,100,6.2,323.8,167.7,D,0
-26.7617,122.3768,394.8,1.2,1.1,2014-12-13,0215,Terra,MODIS,100,6.2,321,251,D,0
-26.7617,122.3588,343.1,1.2,1.1,2014-12-13,0215,Terra,MODIS,83,6.2,320.7,28.4,D,0
-26.7631,122.3707,387.3,1.2,1.1,2014-12-13,0215,Terra,MODIS,100,6.2,322.7,204.2,D,0
-34.3639,138.7029,382.4,1.2,1.1,2014-12-13,0455,Aqua,MODIS,100,6.2,319.9,173.4,D,0
-32.6242,136.3831,351.1,1,1,2014-12-13,0455,Aqua,MODIS,93,6.2,327.5,33.9,D,0
-32.6225,136.3941,356.7,1,1,2014-12-13,0455,Aqua,MODIS,97,6.2,327.4,47.5,D,0
-32.6332,136.3851,346.5,1,1,2014-12-13,0455,Aqua,MODIS,88,6.2,325.7,24,D,0
-32.6316,136.396,363.4,1,1,2014-12-13,0455,Aqua,MODIS,100,6.2,326.9,66.2,D,0
-31.4507,132.8765,369.8,1.1,1,2014-12-13,0456,Aqua,MODIS,100,6.2,327.1,96.4,D,0
-31.4413,132.8749,355.5,1.1,1,2014-12-13,0456,Aqua,MODIS,96,6.2,327.1,50.1,D,0
-31.4398,132.8864,343.6,1.1,1,2014-12-13,0456,Aqua,MODIS,81,6.2,323.7,22.7,D,0
-31.4521,132.865,346.4,1.1,1,2014-12-13,0456,Aqua,MODIS,88,6.2,326.2,25.8,D,0
-24.9012,129.2002,365.2,1.4,1.2,2014-12-13,0457,Aqua,MODIS,100,6.2,321.9,119,D,0
-24.9134,129.1878,346.7,1.4,1.2,2014-12-13,0457,Aqua,MODIS,67,6.2,325.4,46.7,D,0
-24.924,129.1893,341.9,1.4,1.2,2014-12-13,0457,Aqua,MODIS,8,6.2,320.3,29.5,D,0
-24.9427,129.1704,353.3,1.4,1.2,2014-12-13,0457,Aqua,MODIS,95,6.2,324.7,65.7,D,0
-24.9029,129.1862,362.5,1.4,1.2,2014-12-13,0457,Aqua,MODIS,100,6.2,327,107.2,D,0
-22.7049,142.5752,338,3.5,1.8,2014-12-13,0457,Aqua,MODIS,78,6.2,310.1,135.7,D,0
-22.6969,142.5781,353.5,3.5,1.8,2014-12-13,0457,Aqua,MODIS,95,6.2,310.1,322.1,D,0
-26.682,139.5029,347.4,1.7,1.3,2014-12-13,0457,Aqua,MODIS,89,6.2,322.7,66,D,0
-22.7125,142.5821,330,3.5,1.8,2014-12-13,0457,Aqua,MODIS,37,6.2,309.2,60.1,D,0
-22.6893,142.5713,350.7,3.5,1.8,2014-12-13,0457,Aqua,MODIS,93,6.2,309,288,D,0
-22.7437,142.5899,339.1,3.5,1.8,2014-12-13,0457,Aqua,MODIS,80,6.2,310.6,136.1,D,0
-22.776,142.5704,333.8,3.5,1.8,2014-12-13,0457,Aqua,MODIS,71,6.2,314,90.6,D,0
-22.7593,142.5938,330.4,3.5,1.8,2014-12-13,0457,Aqua,MODIS,55,6.2,311,64.2,D,0
-22.7281,142.586,336.5,3.5,1.8,2014-12-13,0457,Aqua,MODIS,76,6.2,309.7,110.3,D,0
-22.7662,142.5603,338.3,3.5,1.8,2014-12-13,0457,Aqua,MODIS,79,6.2,314.4,130.6,D,0
-25.8481,123.3583,336.1,3.7,1.8,2014-12-13,0457,Aqua,MODIS,47,6.2,311.6,91.8,D,0
-22.7506,142.5564,333.6,3.5,1.8,2014-12-13,0457,Aqua,MODIS,56,6.2,313.5,81.3,D,0
-21.1665,140.2316,335.2,2.6,1.5,2014-12-13,0458,Aqua,MODIS,70,6.2,315.7,49.6,D,0
-24.0966,125.9306,346.4,2.3,1.5,2014-12-13,0458,Aqua,MODIS,83,6.2,318.7,65.9,D,0
-24.2117,122.8032,354.7,3.8,1.8,2014-12-13,0458,Aqua,MODIS,0,6.2,296.7,440.3,D,0
-24.1099,125.9321,370.7,2.3,1.5,2014-12-13,0458,Aqua,MODIS,100,6.2,317.3,288.1,D,0
-24.1951,122.8018,331.6,3.8,1.8,2014-12-13,0458,Aqua,MODIS,32,6.2,288.8,128.9,D,0
-24.1139,125.928,381.8,2.3,1.5,2014-12-13,0458,Aqua,MODIS,100,6.2,318,422.3,D,0
-24.1007,125.9264,369.3,2.3,1.5,2014-12-13,0458,Aqua,MODIS,100,6.2,318.4,261.8,D,0
-24.2066,122.7994,352.8,3.8,1.8,2014-12-13,0458,Aqua,MODIS,71,6.2,296.6,388.8,D,0
-22.1342,139.5201,334.9,2.2,1.4,2014-12-13,0458,Aqua,MODIS,69,6.2,318.7,29.7,D,0
-21.9412,129.0818,386,1.3,1.1,2014-12-13,0458,Aqua,MODIS,100,6.2,328.6,208.2,D,0
-24.103,125.9042,376.5,2.3,1.5,2014-12-13,0458,Aqua,MODIS,100,6.2,322.3,350,D,0
-22.501,130.4712,344,1.1,1.1,2014-12-13,0458,Aqua,MODIS,85,6.2,328.5,18.3,D,0
-22.4966,130.476,339.2,1.1,1.1,2014-12-13,0458,Aqua,MODIS,76,6.2,326.5,11.3,D,0
-24.1162,125.9056,388.2,2.3,1.5,2014-12-13,0458,Aqua,MODIS,100,6.2,321.6,522.7,D,0
-21.9397,129.0944,399.1,1.3,1.1,2014-12-13,0458,Aqua,MODIS,100,6.2,330.7,310.6,D,0
-24.1141,125.8872,339.6,2.3,1.5,2014-12-13,0458,Aqua,MODIS,61,6.2,314.5,35.5,D,0
-24.1453,122.0179,347,4.4,1.9,2014-12-13,0458,Aqua,MODIS,89,6.2,305,301.3,D,0
-24.1295,125.9071,339.9,2.3,1.5,2014-12-13,0458,Aqua,MODIS,55,6.2,314.2,43.7,D,0
-24.1407,122.0532,342.4,4.3,1.9,2014-12-13,0458,Aqua,MODIS,78,6.2,303.9,244.2,D,0
-24.144,122.01,341.3,4.4,1.9,2014-12-13,0458,Aqua,MODIS,76,6.2,304.8,232.2,D,0
-21.9327,129.088,407.1,1.3,1.1,2014-12-13,0458,Aqua,MODIS,100,6.2,332.3,384.4,D,0
-21.9311,129.1005,373.8,1.3,1.1,2014-12-13,0458,Aqua,MODIS,100,6.2,325.9,139.5,D,0
-24.0987,125.9083,367.7,2.3,1.5,2014-12-13,0458,Aqua,MODIS,100,6.2,321,250.5,D,0
-24.1423,122.0611,339.6,4.3,1.9,2014-12-13,0458,Aqua,MODIS,80,6.2,304,186.9,D,0
-24.1385,125.9127,336.9,2.3,1.5,2014-12-13,0458,Aqua,MODIS,62,6.2,315.4,28.2,D,0
-24.1252,125.9114,353.9,2.3,1.5,2014-12-13,0458,Aqua,MODIS,95,6.2,316,136.5,D,0
-24.1296,125.8661,336.8,2.3,1.5,2014-12-13,0458,Aqua,MODIS,49,6.2,314,20.1,D,0
-24.112,125.9098,406,2.3,1.5,2014-12-13,0458,Aqua,MODIS,100,6.2,323.8,870.8,D,0
-19.6429,133.9727,353.5,1.1,1,2014-12-13,0459,Aqua,MODIS,95,6.2,318.9,50.3,D,0
-19.6445,133.9624,394.6,1.1,1,2014-12-13,0459,Aqua,MODIS,100,6.2,324.5,222.5,D,0
-19.6461,133.9521,402.9,1.1,1,2014-12-13,0459,Aqua,MODIS,100,6.2,325,277.4,D,0
-19.6335,133.9711,336.7,1.1,1,2014-12-13,0459,Aqua,MODIS,40,6.2,314.8,16.6,D,0
-19.6351,133.9607,351.9,1.1,1,2014-12-13,0459,Aqua,MODIS,93,6.2,315.9,48.5,D,0
-19.6367,133.9505,352.1,1.1,1,2014-12-13,0459,Aqua,MODIS,94,6.2,316.9,48.9,D,0
-16.9314,131.0875,336.7,1,1,2014-12-13,0459,Aqua,MODIS,14,6.2,312.2,15.5,D,0
-17.2124,135.8322,343.3,1.5,1.2,2014-12-13,0459,Aqua,MODIS,86,6.2,310.4,52.2,D,0
-17.2016,135.8302,345.6,1.5,1.2,2014-12-13,0459,Aqua,MODIS,89,6.2,311.4,62.3,D,0
-17.204,135.8164,342.4,1.5,1.2,2014-12-13,0459,Aqua,MODIS,74,6.2,311.8,49.5,D,0
-17.1932,135.8145,335.8,1.5,1.2,2014-12-13,0459,Aqua,MODIS,70,6.2,304,33.6,D,0
-17.1985,135.8227,338,1.5,1.2,2014-12-13,0459,Aqua,MODIS,78,6.2,309.3,39.9,D,0
-17.2008,135.8088,338.2,1.5,1.2,2014-12-13,0459,Aqua,MODIS,76,6.2,309.8,39.1,D,0
-18.3385,139.5748,359.8,2.6,1.6,2014-12-13,0459,Aqua,MODIS,99,6.2,312.8,249.8,D,0
-18.6863,127.558,338.5,1.5,1.2,2014-12-13,0459,Aqua,MODIS,83,6.2,309.3,33.1,D,0
-18.6755,127.5566,362.3,1.5,1.2,2014-12-13,0459,Aqua,MODIS,100,6.2,309.7,123.4,D,0
-18.6772,127.5427,349.1,1.5,1.2,2014-12-13,0459,Aqua,MODIS,93,6.2,310,68,D,0
-18.3431,139.5502,346.8,2.6,1.6,2014-12-13,0459,Aqua,MODIS,90,6.2,312.4,126.5,D,0
-16.3862,137.5601,361.7,2,1.4,2014-12-13,0459,Aqua,MODIS,75,6.2,290.5,217.9,D,0
-16.3986,137.5624,400.5,2,1.4,2014-12-13,0459,Aqua,MODIS,94,6.2,302,685.7,D,0
-17.0835,135.6974,337.5,1.5,1.2,2014-12-13,0459,Aqua,MODIS,68,6.2,311.2,27.6,D,0
-17.0857,135.6839,346.1,1.5,1.2,2014-12-13,0459,Aqua,MODIS,89,6.2,311.9,54.6,D,0
-17.088,135.6704,336.8,1.5,1.2,2014-12-13,0459,Aqua,MODIS,63,6.2,308.9,26,D,0
-17.0751,135.6819,378.7,1.5,1.2,2014-12-13,0459,Aqua,MODIS,100,6.2,304.4,216.6,D,0
-16.3895,137.5412,350.6,2,1.4,2014-12-13,0459,Aqua,MODIS,71,6.2,288.2,143.1,D,0
-18.2791,135.7757,341,1.4,1.2,2014-12-13,0459,Aqua,MODIS,34,6.2,316.3,27.6,D,0
-18.2813,135.7625,352.7,1.4,1.2,2014-12-13,0459,Aqua,MODIS,94,6.2,320.5,66.3,D,0
-18.2577,135.8402,333.6,1.4,1.2,2014-12-13,0459,Aqua,MODIS,46,6.2,315.6,16.6,D,0
-18.2599,135.8269,334.6,1.4,1.2,2014-12-13,0459,Aqua,MODIS,68,6.2,316.5,18.6,D,0
-18.2643,135.8002,344.6,1.4,1.2,2014-12-13,0459,Aqua,MODIS,86,6.2,314.8,43.7,D,0
-18.2664,135.787,343.3,1.4,1.2,2014-12-13,0459,Aqua,MODIS,80,6.2,313.9,37.3,D,0
-18.2686,135.7737,350.1,1.4,1.2,2014-12-13,0459,Aqua,MODIS,74,6.2,315.9,54.2,D,0
-18.2708,135.7605,352.4,1.4,1.2,2014-12-13,0459,Aqua,MODIS,93,6.2,320.7,63.7,D,0
-18.2471,135.8382,339,1.4,1.2,2014-12-13,0459,Aqua,MODIS,52,6.2,317.4,31.5,D,0
-18.2493,135.8249,339.6,1.4,1.2,2014-12-13,0459,Aqua,MODIS,35,6.2,318,32.2,D,0
-18.2515,135.8115,359.9,1.4,1.2,2014-12-13,0459,Aqua,MODIS,99,6.2,316.8,104.2,D,0
-18.2537,135.7983,355.5,1.4,1.2,2014-12-13,0459,Aqua,MODIS,96,6.2,316.7,85.7,D,0
-18.2387,135.8229,340.3,1.4,1.2,2014-12-13,0459,Aqua,MODIS,46,6.2,313.5,37.5,D,0
-18.2476,135.7699,356,1.4,1.2,2014-12-13,0459,Aqua,MODIS,76,6.2,315.7,78.4,D,0
-18.2498,135.7567,358.2,1.4,1.2,2014-12-13,0459,Aqua,MODIS,98,6.2,321.9,87.3,D,0
-18.2607,135.6909,349,1.4,1.2,2014-12-13,0459,Aqua,MODIS,91,6.2,320,52.6,D,0
-18.2393,135.7547,351.2,1.4,1.2,2014-12-13,0459,Aqua,MODIS,83,6.2,321.2,59.6,D,0
-18.2503,135.689,343.4,1.4,1.2,2014-12-13,0459,Aqua,MODIS,85,6.2,318.4,33.8,D,0
-18.2266,135.766,394,1.4,1.2,2014-12-13,0459,Aqua,MODIS,100,6.2,319.8,322.9,D,0
-18.2288,135.7528,387.9,1.4,1.2,2014-12-13,0459,Aqua,MODIS,100,6.2,322.9,264.8,D,0
-18.2376,135.7001,339.3,1.4,1.2,2014-12-13,0459,Aqua,MODIS,72,6.2,316.6,21.2,D,0
-18.2398,135.6871,355.1,1.4,1.2,2014-12-13,0459,Aqua,MODIS,96,6.2,320.2,72.1,D,0
-18.216,135.764,377,1.4,1.2,2014-12-13,0459,Aqua,MODIS,100,6.2,314.6,196.8,D,0
-18.2183,135.7508,343.9,1.4,1.2,2014-12-13,0459,Aqua,MODIS,67,6.2,318.1,39.6,D,0
-18.2249,135.7113,337.5,1.4,1.2,2014-12-13,0459,Aqua,MODIS,27,6.2,316,16.5,D,0
-18.2271,135.6982,358.2,1.4,1.2,2014-12-13,0459,Aqua,MODIS,98,6.2,320.7,85.5,D,0
-18.2293,135.6852,343.4,1.4,1.2,2014-12-13,0459,Aqua,MODIS,85,6.2,320.4,32.8,D,0
-18.2208,135.7728,354.8,1.4,1.2,2014-12-13,0459,Aqua,MODIS,96,6.2,310.4,86.4,D,0
-18.2229,135.7596,372.9,1.4,1.2,2014-12-13,0459,Aqua,MODIS,100,6.2,320.9,173,D,0
-18.2336,135.6937,349.4,1.4,1.2,2014-12-13,0459,Aqua,MODIS,91,6.2,319.3,52.2,D,0
-18.2357,135.6806,338.3,1.4,1.2,2014-12-13,0459,Aqua,MODIS,67,6.2,319.7,19.4,D,0
-18.2124,135.7576,343.7,1.4,1.2,2014-12-13,0459,Aqua,MODIS,70,6.2,314.2,45.3,D,0
-18.221,135.7049,361.8,1.4,1.2,2014-12-13,0459,Aqua,MODIS,100,6.2,317.5,100.6,D,0
-18.2231,135.6918,387.6,1.4,1.2,2014-12-13,0459,Aqua,MODIS,100,6.2,325.4,256.4,D,0
-18.2105,135.7029,350.7,1.4,1.2,2014-12-13,0459,Aqua,MODIS,92,6.2,315.9,58.9,D,0
-18.2126,135.6898,382,1.4,1.2,2014-12-13,0459,Aqua,MODIS,100,6.2,321.2,215.5,D,0
-18.1979,135.7142,345.2,1.4,1.2,2014-12-13,0459,Aqua,MODIS,78,6.2,314.3,45.2,D,0
-18.2,135.701,339.1,1.4,1.2,2014-12-13,0459,Aqua,MODIS,71,6.2,315.8,26.2,D,0
-18.2918,135.7644,338.7,1.4,1.2,2014-12-13,0459,Aqua,MODIS,72,6.2,317.3,25.1,D,0
-18.2835,135.7493,345.4,1.4,1.2,2014-12-13,0459,Aqua,MODIS,81,6.2,319.6,40.3,D,0
-16.8341,130.9997,333.1,1,1,2014-12-13,0500,Aqua,MODIS,38,6.2,305.9,13.3,D,0
-16.8354,130.9903,342.8,1,1,2014-12-13,0500,Aqua,MODIS,79,6.2,310.1,28.5,D,0
-15.1914,135.7856,353.6,1.6,1.2,2014-12-13,0500,Aqua,MODIS,96,6.2,301,109,D,0
-15.237,133.466,340.6,1.1,1.1,2014-12-13,0500,Aqua,MODIS,76,6.2,308.7,35.1,D,0
-16.3182,134.2115,332.9,1.2,1.1,2014-12-13,0500,Aqua,MODIS,75,6.2,304.4,20.7,D,0
-16.3164,134.2229,328.3,1.2,1.1,2014-12-13,0500,Aqua,MODIS,65,6.2,304.2,12.7,D,0
-16.3192,134.27,335.1,1.2,1.1,2014-12-13,0500,Aqua,MODIS,78,6.2,303.6,25.4,D,0
-16.3156,134.2928,326.6,1.2,1.1,2014-12-13,0500,Aqua,MODIS,55,6.2,302.2,10.4,D,0
-16.3209,134.2586,328.1,1.2,1.1,2014-12-13,0500,Aqua,MODIS,64,6.2,303.5,12.5,D,0
-16.3512,134.2706,327,1.2,1.1,2014-12-13,0500,Aqua,MODIS,60,6.2,303.2,11.1,D,0
-16.1094,127.0649,324.7,1.5,1.2,2014-12-13,0500,Aqua,MODIS,42,6.2,298.9,18.8,D,0
-15.361,124.5,335.3,2.2,1.4,2014-12-13,0500,Aqua,MODIS,0,6.2,293.5,87.5,D,0
-15.3609,124.5154,319.2,2.2,1.4,2014-12-13,0500,Aqua,MODIS,0,6.2,292.3,30.9,D,0
-16.2822,128.9737,332.5,1.1,1.1,2014-12-13,0500,Aqua,MODIS,64,6.2,304.9,15.7,D,0
-16.7199,128.4197,330.3,1.2,1.1,2014-12-13,0500,Aqua,MODIS,53,6.2,303.7,15.6,D,0
-13.9133,135.2879,338,1.5,1.2,2014-12-13,0500,Aqua,MODIS,81,6.2,304.5,47.1,D,0
-13.9,135.3002,338.4,1.6,1.2,2014-12-13,0500,Aqua,MODIS,62,6.2,302.6,47.3,D,0
-13.9023,135.2859,347,1.5,1.2,2014-12-13,0500,Aqua,MODIS,68,6.2,302.6,76.4,D,0
-13.9046,135.2718,347.7,1.5,1.2,2014-12-13,0500,Aqua,MODIS,0,6.2,303.1,79.2,D,0
-13.9086,135.3163,334.7,1.6,1.2,2014-12-13,0500,Aqua,MODIS,73,6.2,303.9,36.7,D,0
-12.9652,132.5323,329.6,1.1,1,2014-12-13,0500,Aqua,MODIS,65,6.2,306.3,11.7,D,0
-13.9063,135.3306,343.2,1.6,1.2,2014-12-13,0500,Aqua,MODIS,87,6.2,300.5,61.5,D,0
-13.8976,135.3144,332.3,1.6,1.2,2014-12-13,0500,Aqua,MODIS,44,6.2,296.2,29.6,D,0
-13.1105,130.6068,323.7,1,1,2014-12-13,0501,Aqua,MODIS,49,6.2,297.2,12.6,D,0
-12.5446,131.6503,333,1,1,2014-12-13,0501,Aqua,MODIS,78,6.2,300.8,20.3,D,0
-12.5523,131.6612,330.2,1,1,2014-12-13,0501,Aqua,MODIS,36,6.2,297,15,D,0
-12.429,131.616,353,1,1,2014-12-13,0501,Aqua,MODIS,96,6.2,303.5,57.7,D,0
-13.1481,131.1129,325.3,1,1,2014-12-13,0501,Aqua,MODIS,35,6.2,300.7,10.5,D,0
-12.5706,131.664,347.9,1,1,2014-12-13,0501,Aqua,MODIS,93,6.2,304.4,48.6,D,0
-12.4198,131.6146,359.9,1,1,2014-12-13,0501,Aqua,MODIS,99,6.2,303.8,77.9,D,0
-12.4367,131.6269,335.1,1,1,2014-12-13,0501,Aqua,MODIS,82,6.2,302.9,19.5,D,0
-12.4339,131.6459,333.7,1,1,2014-12-13,0501,Aqua,MODIS,78,6.2,305.5,16.6,D,0
-12.4444,131.6378,345.8,1,1,2014-12-13,0501,Aqua,MODIS,91,6.2,305.6,37,D,0
-12.4535,131.6392,343,1,1,2014-12-13,0501,Aqua,MODIS,89,6.2,305.7,33,D,0
-12.5355,131.6488,328.5,1,1,2014-12-13,0501,Aqua,MODIS,38,6.2,299.6,12.7,D,0
-12.443,131.6473,334.2,1,1,2014-12-13,0501,Aqua,MODIS,56,6.2,304.1,17.1,D,0
-12.5236,131.6664,350.5,1,1,2014-12-13,0501,Aqua,MODIS,84,6.2,307.8,51.8,D,0
-12.5615,131.6626,341.5,1,1,2014-12-13,0501,Aqua,MODIS,82,6.2,303.1,34.5,D,0
-12.4951,134.9451,327,1.5,1.2,2014-12-13,0501,Aqua,MODIS,50,6.2,296.4,19.9,D,0
-12.412,131.6173,342.5,1,1,2014-12-13,0501,Aqua,MODIS,89,6.2,303.5,37.3,D,0
-12.5566,131.2526,320.8,1,1,2014-12-13,0501,Aqua,MODIS,34,6.2,299.8,7.2,D,0
-12.4184,131.6241,330.7,1,1,2014-12-13,0501,Aqua,MODIS,40,6.2,304.3,15.4,D,0
-12.5601,131.6721,331,1,1,2014-12-13,0501,Aqua,MODIS,28,6.2,298.2,19.5,D,0
-12.4275,131.6255,346.8,1,1,2014-12-13,0501,Aqua,MODIS,92,6.2,303.1,41.8,D,0
-12.4015,131.6254,348,1,1,2014-12-13,0501,Aqua,MODIS,93,6.2,302.5,45.7,D,0
-12.4001,131.6349,340.1,1,1,2014-12-13,0501,Aqua,MODIS,86,6.2,303.2,29.4,D,0
-12.5537,131.6517,338,1,1,2014-12-13,0501,Aqua,MODIS,85,6.2,302.7,27.8,D,0
-12.4029,131.6159,336.7,1,1,2014-12-13,0501,Aqua,MODIS,80,6.2,301.6,27.9,D,0
-13.2451,130.3048,328.7,1,1,2014-12-13,0501,Aqua,MODIS,23,6.2,306.1,14.2,D,0
-12.5081,131.6446,346.3,1,1,2014-12-13,0501,Aqua,MODIS,92,6.2,303.7,40.7,D,0
-12.5005,131.6369,338.3,1,1,2014-12-13,0501,Aqua,MODIS,85,6.2,304.7,26.9,D,0
-12.4992,131.6463,357.4,1,1,2014-12-13,0501,Aqua,MODIS,98,6.2,302.5,67.1,D,0
-12.5172,131.646,339.6,1,1,2014-12-13,0501,Aqua,MODIS,86,6.2,303.3,30.2,D,0
-12.5095,131.6351,344.7,1,1,2014-12-13,0501,Aqua,MODIS,90,6.2,302.8,39,D,0
-34.3303,116.5528,320.5,1.6,1.2,2014-12-13,0633,Aqua,MODIS,32,6.2,302.4,18.3,D,0
-34.3677,116.5995,320.9,1.6,1.2,2014-12-13,0633,Aqua,MODIS,54,6.2,303,21.7,D,0
-34.2992,116.2945,330.2,1.5,1.2,2014-12-13,0633,Aqua,MODIS,80,6.2,300.2,43.8,D,0
-34.2961,116.3108,317.3,1.5,1.2,2014-12-13,0633,Aqua,MODIS,50,6.2,298.1,17.7,D,0
-34.4641,150.8826,313.6,1.1,1,2014-12-13,1241,Terra,MODIS,87,6.2,288.5,15.7,N,2
-28.6521,150.6125,309.5,1,1,2014-12-13,1243,Terra,MODIS,77,6.2,288.7,10.4,N,0
-28.6507,150.6228,309.8,1,1,2014-12-13,1243,Terra,MODIS,78,6.2,288.7,10.6,N,0
-22.6781,142.5743,305.9,2.3,1.5,2014-12-13,1244,Terra,MODIS,45,6.2,294.5,17.8,N,0
-22.7536,142.5897,307,2.3,1.5,2014-12-13,1244,Terra,MODIS,37,6.2,293.1,20.2,N,0
-22.7669,142.5912,310.4,2.3,1.5,2014-12-13,1244,Terra,MODIS,26,6.2,293.5,27.5,N,0
-22.7071,142.5548,310.1,2.3,1.5,2014-12-13,1244,Terra,MODIS,33,6.2,294.4,24.6,N,0
-22.7022,142.5609,340.1,2.3,1.5,2014-12-13,1244,Terra,MODIS,100,6.2,295.7,141.9,N,0
-22.7268,142.5867,317.7,2.3,1.5,2014-12-13,1244,Terra,MODIS,52,6.2,294,43.4,N,0
-22.7246,142.6094,347.6,2.3,1.5,2014-12-13,1244,Terra,MODIS,100,6.2,296,188.1,N,0
-22.7001,142.5837,324.9,2.3,1.5,2014-12-13,1244,Terra,MODIS,100,6.2,294.3,71,N,0
-22.7158,142.6017,305.4,2.3,1.5,2014-12-13,1244,Terra,MODIS,28,6.2,294,17.4,N,0
-22.7048,142.5776,320,2.3,1.5,2014-12-13,1244,Terra,MODIS,100,6.2,294.5,53.3,N,0
-22.6914,142.5761,327.5,2.3,1.5,2014-12-13,1244,Terra,MODIS,100,6.2,294.6,81.1,N,0
-22.7025,142.6003,311.2,2.3,1.5,2014-12-13,1244,Terra,MODIS,38,6.2,294,27.9,N,0
-22.6938,142.553,320.6,2.3,1.5,2014-12-13,1244,Terra,MODIS,100,6.2,295.5,56.2,N,0
-22.6624,142.5957,304.5,2.3,1.5,2014-12-13,1244,Terra,MODIS,31,6.2,293.7,15,N,0
-20.08,147.2246,305,1.1,1,2014-12-13,1245,Terra,MODIS,62,6.2,294.6,6,N,0
-18.8847,145.9063,304.8,1.2,1.1,2014-12-13,1245,Terra,MODIS,62,6.2,293.8,6.9,N,0
-18.54,145.7368,322.5,1.3,1.1,2014-12-13,1245,Terra,MODIS,100,6.2,294.3,25.8,N,0
-18.5414,145.725,320.8,1.3,1.1,2014-12-13,1245,Terra,MODIS,100,6.2,293.7,22.5,N,0
-20.1603,146.3484,306.2,1.2,1.1,2014-12-13,1245,Terra,MODIS,67,6.2,293.9,8.4,N,0
-18.9269,145.9713,309.4,1.2,1.1,2014-12-13,1245,Terra,MODIS,77,6.2,294.1,11,N,0
-18.55,145.7383,313.2,1.3,1.1,2014-12-13,1245,Terra,MODIS,56,6.2,293.8,13.8,N,0
-18.5759,145.694,310.8,1.3,1.1,2014-12-13,1245,Terra,MODIS,30,6.2,293.1,11.9,N,0
-18.5775,145.6821,320.5,1.3,1.1,2014-12-13,1245,Terra,MODIS,100,6.2,293.3,23.6,N,0
-18.0541,145.5604,309.2,1.3,1.1,2014-12-13,1246,Terra,MODIS,77,6.2,293.3,11.2,N,0
-18.037,145.5336,306,1.3,1.1,2014-12-13,1246,Terra,MODIS,25,6.2,293.6,7.7,N,0
-18.0471,145.5351,315.2,1.3,1.1,2014-12-13,1246,Terra,MODIS,91,6.2,294.1,16.8,N,0
-28.965,125.1209,302.8,1.1,1,2014-12-13,1421,Terra,MODIS,51,6.2,291.5,5.6,N,0
-24.8784,129.1173,326.5,1.3,1.1,2014-12-13,1422,Terra,MODIS,100,6.2,301.6,28.9,N,0
-27.5726,127.5022,312.1,1,1,2014-12-13,1422,Terra,MODIS,67,6.2,298.7,7.6,N,0
-24.8683,129.1156,338.2,1.3,1.1,2014-12-13,1422,Terra,MODIS,100,6.2,300.8,52,N,0
-25.3937,125.7358,309.1,1,1,2014-12-13,1422,Terra,MODIS,75,6.2,295.4,7.2,N,0
-25.4424,125.6529,314.8,1,1,2014-12-13,1422,Terra,MODIS,89,6.2,296.3,10.6,N,0
-24.936,129.2002,319.5,1.3,1.1,2014-12-13,1422,Terra,MODIS,99,6.2,301.6,17.6,N,0
-24.9381,129.1879,318.6,1.3,1.1,2014-12-13,1422,Terra,MODIS,97,6.2,301,17.1,N,0
-24.9239,129.2101,311.9,1.3,1.1,2014-12-13,1422,Terra,MODIS,63,6.2,301,8.2,N,0
-24.926,129.1979,328.2,1.3,1.1,2014-12-13,1422,Terra,MODIS,100,6.2,301.4,30.8,N,0
-24.9281,129.1858,314.9,1.3,1.1,2014-12-13,1422,Terra,MODIS,83,6.2,300.7,12.2,N,0
-24.9243,129.2169,311.9,1.3,1.1,2014-12-13,1422,Terra,MODIS,43,6.2,300.8,8.8,N,0
-24.9263,129.2044,325.2,1.3,1.1,2014-12-13,1422,Terra,MODIS,100,6.2,301.6,25.3,N,0
-24.9283,129.1922,328.4,1.3,1.1,2014-12-13,1422,Terra,MODIS,100,6.2,302,31.2,N,0
-24.9141,129.2153,312.7,1.3,1.1,2014-12-13,1422,Terra,MODIS,32,6.2,300.9,10,N,0
-24.8837,129.2098,323.4,1.3,1.1,2014-12-13,1422,Terra,MODIS,100,6.2,299.4,25.6,N,0
-24.8763,129.1298,359.5,1.3,1.1,2014-12-13,1422,Terra,MODIS,100,6.2,305.3,115.4,N,0
-24.8662,129.1281,335.3,1.3,1.1,2014-12-13,1422,Terra,MODIS,100,6.2,300.4,45.8,N,0
-27.6973,124.4495,309.7,1.1,1,2014-12-13,1422,Terra,MODIS,35,6.2,294.6,7.8,N,0
-27.6879,124.4479,314.1,1.1,1,2014-12-13,1422,Terra,MODIS,65,6.2,294.6,11.3,N,0
-27.5487,127.4121,311.5,1,1,2014-12-13,1422,Terra,MODIS,83,6.2,298.4,7.1,N,0
-26.8457,125.7318,311.9,1,1,2014-12-13,1422,Terra,MODIS,83,6.2,295.7,8.9,N,0
-26.5498,126.0726,331.4,1,1,2014-12-13,1422,Terra,MODIS,100,6.2,281.1,32.8,N,0
-26.252,125.5126,311.6,1,1,2014-12-13,1422,Terra,MODIS,81,6.2,299.3,5.8,N,0
-26.2458,125.491,323.3,1,1,2014-12-13,1422,Terra,MODIS,100,6.2,299.6,16.5,N,0
-26.6192,122.4932,315.2,1.3,1.1,2014-12-13,1422,Terra,MODIS,86,6.2,301.1,13.3,N,0
-26.6166,122.4993,313.9,1.3,1.1,2014-12-13,1422,Terra,MODIS,82,6.2,300.8,11.1,N,0
-26.7376,122.5095,312.2,1.3,1.1,2014-12-13,1422,Terra,MODIS,47,6.2,300.2,8.5,N,0
-26.6267,122.5009,314.3,1.3,1.1,2014-12-13,1422,Terra,MODIS,84,6.2,300.7,11.3,N,0
-26.7391,122.4965,316.2,1.3,1.1,2014-12-13,1422,Terra,MODIS,90,6.2,300.6,13.6,N,0
-25.82,123.3773,316.1,1.1,1.1,2014-12-13,1422,Terra,MODIS,88,6.2,302.9,10.1,N,0
-26.7406,122.4835,313.2,1.3,1.1,2014-12-13,1422,Terra,MODIS,80,6.2,300.4,10.8,N,0
-26.7559,122.3521,311.6,1.3,1.1,2014-12-13,1422,Terra,MODIS,74,6.2,300.9,9.6,N,0
-26.7457,122.3506,318.9,1.3,1.1,2014-12-13,1422,Terra,MODIS,97,6.2,301,18.9,N,0
-26.71,122.479,312.8,1.3,1.1,2014-12-13,1422,Terra,MODIS,74,6.2,300.8,10.7,N,0
-26.722,122.3742,328.2,1.3,1.1,2014-12-13,1422,Terra,MODIS,100,6.2,301.1,33.5,N,0
-26.7236,122.361,326.9,1.3,1.1,2014-12-13,1422,Terra,MODIS,100,6.2,301.1,30.7,N,0
-26.7255,122.369,326.8,1.3,1.1,2014-12-13,1422,Terra,MODIS,100,6.2,301.4,31.2,N,0
-26.7011,122.4852,317.3,1.3,1.1,2014-12-13,1422,Terra,MODIS,93,6.2,301,15.8,N,0
-26.7027,122.4722,318.9,1.3,1.1,2014-12-13,1422,Terra,MODIS,97,6.2,301.1,18.4,N,0
-26.7152,122.3675,348.9,1.3,1.1,2014-12-13,1422,Terra,MODIS,100,6.2,303.3,82.8,N,0
-26.7168,122.3543,312.8,1.3,1.1,2014-12-13,1422,Terra,MODIS,78,6.2,300.8,9.9,N,0
-26.7034,122.3792,316,1.3,1.1,2014-12-13,1422,Terra,MODIS,71,6.2,301.2,13.7,N,0
-26.7049,122.366,358.5,1.3,1.1,2014-12-13,1422,Terra,MODIS,100,6.2,304.6,115.4,N,0
-26.7065,122.3528,321.6,1.3,1.1,2014-12-13,1422,Terra,MODIS,100,6.2,301.2,21.3,N,0
-26.69,122.404,311.5,1.3,1.1,2014-12-13,1422,Terra,MODIS,68,6.2,300.5,9,N,0
-26.6916,122.3908,318.5,1.3,1.1,2014-12-13,1422,Terra,MODIS,96,6.2,301,17.2,N,0
-26.6931,122.3777,312,1.3,1.1,2014-12-13,1422,Terra,MODIS,9,6.2,301.2,8.2,N,0
-26.6947,122.3645,337.5,1.3,1.1,2014-12-13,1422,Terra,MODIS,100,6.2,303.2,51.7,N,0
-26.6813,122.3893,314.2,1.3,1.1,2014-12-13,1422,Terra,MODIS,83,6.2,300.9,11.5,N,0
-26.6829,122.3761,313.7,1.3,1.1,2014-12-13,1422,Terra,MODIS,77,6.2,301.2,10.8,N,0
-26.6844,122.363,332.5,1.3,1.1,2014-12-13,1422,Terra,MODIS,100,6.2,303.5,40.4,N,0
-26.686,122.3498,315.1,1.3,1.1,2014-12-13,1422,Terra,MODIS,86,6.2,301.5,12.4,N,0
-26.6711,122.3878,328.3,1.3,1.1,2014-12-13,1422,Terra,MODIS,100,6.2,302.2,33.1,N,0
-26.6726,122.3746,345.7,1.3,1.1,2014-12-13,1422,Terra,MODIS,100,6.2,304,72.2,N,0
-26.6741,122.3614,353.7,1.3,1.1,2014-12-13,1422,Terra,MODIS,100,6.2,304.7,97.5,N,0
-26.6757,122.3482,321.2,1.3,1.1,2014-12-13,1422,Terra,MODIS,100,6.2,301.6,19.8,N,0
-26.6608,122.3862,311.4,1.3,1.1,2014-12-13,1422,Terra,MODIS,73,6.2,300.9,9,N,0
-26.6623,122.373,343.7,1.3,1.1,2014-12-13,1422,Terra,MODIS,100,6.2,303.3,67.3,N,0
-26.6639,122.3598,359.8,1.3,1.1,2014-12-13,1422,Terra,MODIS,100,6.2,305.7,119.3,N,0
-26.6654,122.3467,326,1.3,1.1,2014-12-13,1422,Terra,MODIS,100,6.2,302.7,27.7,N,0
-26.6521,122.3715,321.4,1.3,1.1,2014-12-13,1422,Terra,MODIS,100,6.2,301.8,21.6,N,0
-26.6536,122.3583,367.8,1.3,1.1,2014-12-13,1422,Terra,MODIS,100,6.2,307.9,154.1,N,0
-26.6551,122.3451,373.2,1.3,1.1,2014-12-13,1422,Terra,MODIS,100,6.2,309,182.1,N,0
-26.6282,122.4878,327.5,1.3,1.1,2014-12-13,1422,Terra,MODIS,100,6.2,301.6,30.4,N,0
-26.6434,122.3568,367.7,1.3,1.1,2014-12-13,1422,Terra,MODIS,100,6.2,305.4,153.8,N,0
-26.6449,122.3435,403.7,1.3,1.1,2014-12-13,1422,Terra,MODIS,100,6.2,311.4,403.8,N,0
-26.6331,122.3553,315.5,1.3,1.1,2014-12-13,1422,Terra,MODIS,88,6.2,302,12,N,0
-26.6346,122.342,373.6,1.3,1.1,2014-12-13,1422,Terra,MODIS,100,6.2,304,184.2,N,0
-26.6365,122.3493,376.5,1.3,1.1,2014-12-13,1422,Terra,MODIS,100,6.2,307.1,200.6,N,0
-26.6381,122.3361,354.3,1.3,1.1,2014-12-13,1422,Terra,MODIS,100,6.2,303.8,99.8,N,0
-22.1737,129.6779,314.5,1.5,1.2,2014-12-13,1423,Terra,MODIS,88,6.2,298.4,18.8,N,0
-23.0416,122.6027,312.3,1.2,1.1,2014-12-13,1423,Terra,MODIS,79,6.2,301.1,5.4,N,0
-23.0382,122.6079,311.5,1.2,1.1,2014-12-13,1423,Terra,MODIS,75,6.2,301,5.9,N,0
-21.9206,129.1339,307.4,1.4,1.2,2014-12-13,1423,Terra,MODIS,68,6.2,297.2,9.3,N,0
-22.151,129.6676,353.3,1.5,1.2,2014-12-13,1423,Terra,MODIS,100,6.2,298.9,123.8,N,0
-22.1485,129.6823,320.9,1.5,1.2,2014-12-13,1423,Terra,MODIS,100,6.2,298.1,28.9,N,0
-22.1644,129.6551,313.3,1.5,1.2,2014-12-13,1423,Terra,MODIS,85,6.2,298.2,15.8,N,0
-22.1619,129.6698,427.4,1.5,1.2,2014-12-13,1423,Terra,MODIS,100,6.2,316.6,850.3,N,0
-22.1594,129.6845,349.8,1.5,1.2,2014-12-13,1423,Terra,MODIS,100,6.2,301.8,109.4,N,0
-22.1728,129.672,314,1.5,1.2,2014-12-13,1423,Terra,MODIS,87,6.2,298.9,17.9,N,0
-22.1654,129.661,373.8,1.5,1.2,2014-12-13,1423,Terra,MODIS,100,6.2,303.4,234.1,N,0
-22.1628,129.6757,408.4,1.5,1.2,2014-12-13,1423,Terra,MODIS,100,6.2,314.1,564.7,N,0
-22.1704,120.8114,314.8,1.4,1.2,2014-12-13,1423,Terra,MODIS,38,6.2,292.7,17.1,N,0
-21.8694,125.6269,311.7,1,1,2014-12-13,1423,Terra,MODIS,83,6.2,298.1,5.8,N,0
-24.3002,123.016,362.1,1.1,1.1,2014-12-13,1423,Terra,MODIS,100,6.2,282.5,113,N,0
-24.3112,123.0062,320,1.1,1.1,2014-12-13,1423,Terra,MODIS,57,6.2,293.3,19.8,N,0
-24.2767,122.8678,306.6,1.2,1.1,2014-12-13,1423,Terra,MODIS,63,6.2,291.2,7.7,N,0
-24.234,122.8148,333.6,1.2,1.1,2014-12-13,1423,Terra,MODIS,100,6.2,300.3,36.6,N,0
-24.2354,122.8033,344,1.2,1.1,2014-12-13,1423,Terra,MODIS,100,6.2,301.8,56.9,N,0
-21.8756,125.648,311.4,1,1,2014-12-13,1423,Terra,MODIS,74,6.2,296.8,7,N,0
-24.3016,123.0047,416.9,1.1,1.1,2014-12-13,1423,Terra,MODIS,100,6.2,301.6,451.8,N,0
-21.868,125.6367,323.5,1,1,2014-12-13,1423,Terra,MODIS,100,6.2,298.6,16.9,N,0
-24.303,122.9935,319.5,1.1,1.1,2014-12-13,1423,Terra,MODIS,27,6.2,284.5,19.5,N,0
-22.2817,120.4209,314.5,1.5,1.2,2014-12-13,1423,Terra,MODIS,86,6.2,295.6,14.6,N,0
-24.2781,122.8564,305,1.2,1.1,2014-12-13,1423,Terra,MODIS,35,6.2,289,5.7,N,0
-17.292,133.0646,307.7,3.4,1.7,2014-12-13,1424,Terra,MODIS,64,6.2,294.6,29.8,N,0
-17.297,133.0602,308.9,3.4,1.7,2014-12-13,1424,Terra,MODIS,70,6.2,294.7,35.6,N,0
-14.8301,130.799,306.3,2.5,1.5,2014-12-13,1425,Terra,MODIS,68,6.2,278.6,27.2,N,0
-15.8029,141.4472,300.7,1.1,1.1,2014-12-13,1551,Aqua,MODIS,30,6.2,289.3,3,N,0
-16.4363,137.5372,307.2,2,1.4,2014-12-13,1552,Aqua,MODIS,70,6.2,297,13.2,N,0
-18.0577,145.5629,308.3,1.1,1.1,2014-12-13,1552,Aqua,MODIS,74,6.2,290.7,10,N,0
-18.0437,145.5323,301.4,1.1,1.1,2014-12-13,1552,Aqua,MODIS,41,6.2,290.2,5.6,N,0
-18.5423,145.7357,312.5,1.2,1.1,2014-12-13,1552,Aqua,MODIS,85,6.2,291.2,13.3,N,0
-18.5398,145.7314,309.7,1.2,1.1,2014-12-13,1552,Aqua,MODIS,37,6.2,290.7,10.6,N,0
-18.5413,145.7426,312.3,1.2,1.1,2014-12-13,1552,Aqua,MODIS,65,6.2,291.4,13.6,N,0
-18.5437,145.747,302.8,1.2,1.1,2014-12-13,1552,Aqua,MODIS,33,6.2,290.6,5.5,N,0
-22.7219,142.6028,310.5,1,1,2014-12-13,1553,Aqua,MODIS,36,6.2,293.7,9,N,0
-22.7656,142.5856,307.2,1,1,2014-12-13,1553,Aqua,MODIS,50,6.2,292.2,7.2,N,0
-20.7296,139.4734,308.7,1.2,1.1,2014-12-13,1553,Aqua,MODIS,75,6.2,296.6,9.4,N,2
-22.7086,142.575,306.7,1,1,2014-12-13,1553,Aqua,MODIS,69,6.2,292.2,7,N,0
-22.6821,142.576,308.4,1,1,2014-12-13,1553,Aqua,MODIS,75,6.2,293.3,7.9,N,0
-20.7315,139.485,316.4,1.2,1.1,2014-12-13,1553,Aqua,MODIS,93,6.2,296.1,17.6,N,2
-22.758,142.5969,304.9,1,1,2014-12-13,1553,Aqua,MODIS,23,6.2,291.9,5.7,N,0
-22.767,142.5954,316,1,1,2014-12-13,1553,Aqua,MODIS,92,6.2,292.4,13.9,N,0
-26.2017,135.9758,307.7,1.6,1.3,2014-12-13,1554,Aqua,MODIS,72,6.2,293.3,17.9,N,0
-27.6883,140.1022,310.4,1,1,2014-12-13,1555,Aqua,MODIS,80,6.2,292.5,11.7,N,0
-15.3433,124.5326,306.9,1.8,1.3,2014-12-13,1730,Aqua,MODIS,5,6.2,285.2,11.7,N,0
-20.5672,124.9721,322.1,2.3,1.5,2014-12-13,1731,Aqua,MODIS,100,6.2,284.4,64.5,N,0
-20.8146,120.5801,302.1,1.2,1.1,2014-12-13,1731,Aqua,MODIS,24,6.2,286.2,4.4,N,0
-20.8043,120.5883,306.3,1.2,1.1,2014-12-13,1731,Aqua,MODIS,66,6.2,285,7.2,N,0
-20.8048,120.5815,317,1.2,1.1,2014-12-13,1731,Aqua,MODIS,94,6.2,287.2,17.9,N,0
-20.8028,120.577,313.3,1.2,1.1,2014-12-13,1731,Aqua,MODIS,87,6.2,287.5,13.6,N,0
-24.1772,122.9375,325.5,1.8,1.3,2014-12-13,1732,Aqua,MODIS,100,6.2,301.6,47.4,N,0
-24.1731,122.9451,346.9,1.8,1.3,2014-12-13,1732,Aqua,MODIS,100,6.2,302.5,127.7,N,0
-24.1711,122.9268,321.7,1.8,1.3,2014-12-13,1732,Aqua,MODIS,100,6.2,300.6,36.4,N,0
-24.1611,122.9466,339.2,1.8,1.3,2014-12-13,1732,Aqua,MODIS,100,6.2,302,94.5,N,0
-24.2845,122.9744,311.3,1.9,1.3,2014-12-13,1732,Aqua,MODIS,74,6.2,299,17.9,N,0
-24.2957,123.0156,319.2,1.9,1.3,2014-12-13,1732,Aqua,MODIS,98,6.2,299.9,33,N,0
-24.2936,122.9972,332.9,1.9,1.3,2014-12-13,1732,Aqua,MODIS,100,6.2,300.5,71.7,N,0
-24.2916,122.9789,331.4,1.9,1.3,2014-12-13,1732,Aqua,MODIS,100,6.2,300.1,67.4,N,0
-22.1562,120.8165,324.5,1.3,1.1,2014-12-13,1732,Aqua,MODIS,100,6.2,296.9,25.3,N,0
-24.3004,123.0097,317.2,1.9,1.3,2014-12-13,1732,Aqua,MODIS,95,6.2,299.5,28.6,N,0
-24.2985,122.9912,333,1.9,1.3,2014-12-13,1732,Aqua,MODIS,100,6.2,300.4,73.1,N,0
-24.2864,122.9928,326.8,1.9,1.3,2014-12-13,1732,Aqua,MODIS,100,6.2,300.1,54,N,0
-24.1591,122.9284,315.7,1.8,1.3,2014-12-13,1732,Aqua,MODIS,92,6.2,300.3,23.9,N,0
-22.1577,120.8286,335.6,1.3,1.1,2014-12-13,1732,Aqua,MODIS,100,6.2,296.9,45.3,N,0
-22.1678,120.8271,309.9,1.3,1.1,2014-12-13,1732,Aqua,MODIS,75,6.2,294.1,7.2,N,0
-24.1137,122.0206,323.7,1.6,1.2,2014-12-13,1732,Aqua,MODIS,100,6.2,300.3,35.2,N,0
-24.125,122.0191,323.6,1.6,1.2,2014-12-13,1732,Aqua,MODIS,100,6.2,299.6,35.1,N,0
-24.1155,122.0363,309.9,1.6,1.2,2014-12-13,1732,Aqua,MODIS,79,6.2,299.5,11.2,N,0
-25.3836,125.7537,305.6,3,1.7,2014-12-13,1732,Aqua,MODIS,61,6.2,293.3,27.5,N,0
-25.3859,125.761,305,3,1.7,2014-12-13,1732,Aqua,MODIS,58,6.2,293.3,23.7,N,0
-26.6404,122.3537,316.6,1.8,1.3,2014-12-13,1733,Aqua,MODIS,93,6.2,296.9,29.4,N,0
-26.6424,122.372,312.3,1.8,1.3,2014-12-13,1733,Aqua,MODIS,75,6.2,296.9,21.1,N,0
-26.6524,122.3522,345.8,1.8,1.3,2014-12-13,1733,Aqua,MODIS,100,6.2,297.7,122.9,N,0
-26.6543,122.3705,357.2,1.8,1.3,2014-12-13,1733,Aqua,MODIS,100,6.2,299.6,184,N,0
-26.6663,122.3689,307.6,1.8,1.3,2014-12-13,1733,Aqua,MODIS,71,6.2,295.5,13.8,N,0
-26.657,122.3442,313.7,1.8,1.3,2014-12-13,1733,Aqua,MODIS,88,6.2,296,24,N,0
-26.6589,122.3625,326.2,1.8,1.3,2014-12-13,1733,Aqua,MODIS,100,6.2,297.1,53.3,N,0
-26.6607,122.3809,312.5,1.8,1.3,2014-12-13,1733,Aqua,MODIS,85,6.2,296.1,22.9,N,0
-26.6941,122.4705,305.8,1.9,1.3,2014-12-13,1733,Aqua,MODIS,66,6.2,295.5,14.2,N,0
-26.7287,122.3351,311.6,1.8,1.3,2014-12-13,1733,Aqua,MODIS,80,6.2,296,20.3,N,0
-34.2909,116.2992,301.1,1.1,1,2014-12-13,1735,Aqua,MODIS,14,6.2,281.8,7.7,N,0
-34.3095,116.2958,313.3,1.1,1,2014-12-13,1735,Aqua,MODIS,66,6.2,281.3,15.9,N,0
-34.3017,116.3091,313,1.1,1,2014-12-13,1735,Aqua,MODIS,80,6.2,283.4,16,N,0
-34.3002,116.2975,308.7,1.1,1,2014-12-13,1735,Aqua,MODIS,59,6.2,282.3,12.6,N,0
-34.4628,150.8843,320.2,1.5,1.2,2014-12-13,2343,Terra,MODIS,44,6.2,302,14,D,2
-34.4593,150.8747,315.7,1.5,1.2,2014-12-13,2343,Terra,MODIS,35,6.2,299.5,8.1,D,0
-16.4324,137.548,335.8,1.1,1,2014-12-14,0116,Terra,MODIS,55,6.2,308.3,17.2,D,0
-16.4417,137.5465,348.5,1.1,1,2014-12-14,0116,Terra,MODIS,91,6.2,306.2,44.4,D,0
-16.411,137.5777,340,1.1,1,2014-12-14,0116,Terra,MODIS,82,6.2,306.5,23.2,D,0
-16.7715,143.7135,321.4,2.8,1.6,2014-12-14,0116,Terra,MODIS,55,6.2,298.8,32.4,D,0
-16.4403,137.5365,335.2,1.1,1,2014-12-14,0116,Terra,MODIS,58,6.2,307.2,17.2,D,0
-17.3041,133.0652,332,1.2,1.1,2014-12-14,0117,Terra,MODIS,42,6.2,314,14.1,D,0
-17.2926,135.7812,333.2,1,1,2014-12-14,0117,Terra,MODIS,59,6.2,319,8.7,D,0
-17.294,135.7905,334.7,1,1,2014-12-14,0117,Terra,MODIS,56,6.2,320.5,11.2,D,0
-17.1855,135.8039,337.3,1,1,2014-12-14,0117,Terra,MODIS,47,6.2,321.3,13.1,D,0
-16.8899,135.9226,340.2,1,1,2014-12-14,0117,Terra,MODIS,41,6.2,320.8,14.3,D,0
-17.0696,135.7043,340.4,1,1,2014-12-14,0117,Terra,MODIS,31,6.2,320.5,17,D,0
-17.071,135.7136,351.5,1,1,2014-12-14,0117,Terra,MODIS,91,6.2,321.9,38,D,0
-17.1055,135.6987,339.2,1,1,2014-12-14,0117,Terra,MODIS,61,6.2,318.5,17.3,D,0
-16.6565,135.466,332,1,1,2014-12-14,0117,Terra,MODIS,71,6.2,314.7,9.6,D,0
-16.2071,131.0129,329.5,1.6,1.3,2014-12-14,0117,Terra,MODIS,55,6.2,307.2,15.9,D,0
-16.2183,131.0108,332,1.6,1.3,2014-12-14,0117,Terra,MODIS,70,6.2,309.3,22.3,D,0
-16.2346,131.0391,354,1.6,1.3,2014-12-14,0117,Terra,MODIS,96,6.2,308.9,101.3,D,0
-16.2371,131.054,352.3,1.6,1.3,2014-12-14,0117,Terra,MODIS,95,6.2,307.3,94.2,D,0
-16.2356,131.0475,362.4,1.6,1.3,2014-12-14,0117,Terra,MODIS,100,6.2,308.6,146.4,D,0
-16.2468,131.0454,336,1.6,1.3,2014-12-14,0117,Terra,MODIS,79,6.2,308.5,33.7,D,0
-16.2494,131.0603,327.9,1.6,1.3,2014-12-14,0117,Terra,MODIS,39,6.2,305.7,12.6,D,0
-16.258,131.0435,339.8,1.6,1.3,2014-12-14,0117,Terra,MODIS,83,6.2,308.2,46.3,D,0
-16.2606,131.0584,330.9,1.6,1.3,2014-12-14,0117,Terra,MODIS,69,6.2,306,20.8,D,0
-16.2693,131.0416,332.7,1.6,1.3,2014-12-14,0117,Terra,MODIS,62,6.2,306.8,25.5,D,0
-18.0598,145.5482,324,3.9,1.8,2014-12-14,0117,Terra,MODIS,65,6.2,301,107,D,0
-18.5581,145.7014,323.7,4.1,1.9,2014-12-14,0117,Terra,MODIS,43,6.2,301.5,95.9,D,0
-18.545,145.7432,327.2,4.1,1.9,2014-12-14,0117,Terra,MODIS,47,6.2,299.4,131.5,D,0
-18.231,135.716,340.2,1,1,2014-12-14,0117,Terra,MODIS,40,6.2,321.1,15.7,D,0
-18.2372,135.6958,340.8,1,1,2014-12-14,0117,Terra,MODIS,38,6.2,323,16.5,D,0
-18.443,129.4423,336.9,1.9,1.4,2014-12-14,0117,Terra,MODIS,69,6.2,305.2,54.5,D,0
-18.444,129.3098,331.8,2,1.4,2014-12-14,0117,Terra,MODIS,71,6.2,304.6,36.7,D,0
-18.4351,129.3306,347.6,2,1.4,2014-12-14,0117,Terra,MODIS,91,6.2,305.7,106.4,D,0
-18.4318,129.3122,346.2,2,1.4,2014-12-14,0117,Terra,MODIS,90,6.2,306.8,99.1,D,0
-18.4229,129.333,389.4,2,1.4,2014-12-14,0117,Terra,MODIS,94,6.2,308.1,477.4,D,0
-18.4195,129.3146,345.8,2,1.4,2014-12-14,0117,Terra,MODIS,84,6.2,304.5,95.4,D,0
-18.4326,129.3371,347.3,2,1.4,2014-12-14,0117,Terra,MODIS,91,6.2,306,103.3,D,0
-18.4294,129.3186,365.4,2,1.4,2014-12-14,0117,Terra,MODIS,100,6.2,307.4,224.4,D,0
-18.4397,129.4489,331.1,1.9,1.4,2014-12-14,0117,Terra,MODIS,59,6.2,304.8,32.8,D,0
-18.4204,129.3395,377.2,2,1.4,2014-12-14,0117,Terra,MODIS,94,6.2,307.4,334,D,0
-18.4172,129.321,369.3,2,1.4,2014-12-14,0117,Terra,MODIS,87,6.2,302.2,256.7,D,0
-18.7253,131.177,378,1.4,1.2,2014-12-14,0117,Terra,MODIS,100,6.2,324.4,191.8,D,0
-18.7275,131.1906,386.7,1.4,1.2,2014-12-14,0117,Terra,MODIS,100,6.2,326.5,253.5,D,0
-22.7033,142.6031,330.7,2.7,1.6,2014-12-14,0118,Terra,MODIS,46,6.2,314.9,52.6,D,0
-22.7633,142.59,336.1,2.7,1.6,2014-12-14,0118,Terra,MODIS,57,6.2,315.9,66.9,D,0
-22.7748,142.5957,333.5,2.7,1.6,2014-12-14,0118,Terra,MODIS,26,6.2,316.2,46.8,D,0
-22.6915,142.6313,341.9,2.7,1.6,2014-12-14,0118,Terra,MODIS,83,6.2,310.4,128.1,D,0
-21.1606,140.2266,339.8,1.7,1.3,2014-12-14,0118,Terra,MODIS,80,6.2,322.4,38.6,D,0
-21.1532,140.2334,339.2,1.7,1.3,2014-12-14,0118,Terra,MODIS,45,6.2,322.1,32.1,D,0
-22.7605,142.5971,339.6,2.7,1.6,2014-12-14,0118,Terra,MODIS,72,6.2,314,87.5,D,0
-22.689,142.6046,351.6,2.7,1.6,2014-12-14,0118,Terra,MODIS,94,6.2,315.3,205.8,D,0
-22.6858,142.6104,358.9,2.7,1.6,2014-12-14,0118,Terra,MODIS,99,6.2,314.6,281.7,D,0
-22.138,139.5106,336.3,1.6,1.2,2014-12-14,0118,Terra,MODIS,61,6.2,318.9,24.9,D,0
-22.1268,139.512,343.4,1.6,1.2,2014-12-14,0118,Terra,MODIS,85,6.2,319.4,48.2,D,0
-22.1286,139.5275,339.1,1.6,1.2,2014-12-14,0118,Terra,MODIS,62,6.2,322.5,32.4,D,0
-21.9145,129.1456,343.8,1.7,1.3,2014-12-14,0118,Terra,MODIS,87,6.2,315.2,54.6,D,0
-21.94,129.0884,345.4,1.7,1.3,2014-12-14,0118,Terra,MODIS,85,6.2,318.6,51.7,D,0
-21.926,129.1432,336.4,1.7,1.3,2014-12-14,0118,Terra,MODIS,53,6.2,315.5,26.7,D,0
-21.9071,129.1532,344.7,1.7,1.3,2014-12-14,0118,Terra,MODIS,87,6.2,314.1,57.5,D,0
-21.9029,129.148,338.3,1.7,1.3,2014-12-14,0118,Terra,MODIS,74,6.2,313.8,32.5,D,0
-24.9651,129.1877,351,1.5,1.2,2014-12-14,0119,Terra,MODIS,93,6.2,315.3,75,D,0
-24.9678,129.2027,373.1,1.5,1.2,2014-12-14,0119,Terra,MODIS,100,6.2,319.1,188.6,D,0
-24.9705,129.2176,398.3,1.5,1.2,2014-12-14,0119,Terra,MODIS,100,6.2,320.7,399.8,D,0
-24.9732,129.1702,341.3,1.5,1.2,2014-12-14,0119,Terra,MODIS,82,6.2,314.5,43.7,D,0
-24.9759,129.1851,347,1.5,1.2,2014-12-14,0119,Terra,MODIS,89,6.2,314.5,63.8,D,0
-24.8906,129.2251,373.5,1.5,1.2,2014-12-14,0119,Terra,MODIS,100,6.2,322.5,183.7,D,0
-24.9367,129.2316,355.7,1.5,1.2,2014-12-14,0119,Terra,MODIS,96,6.2,315.2,90.5,D,0
-24.926,129.2344,334.2,1.5,1.2,2014-12-14,0119,Terra,MODIS,38,6.2,312.7,15.1,D,0
-24.9449,129.2143,342.2,1.5,1.2,2014-12-14,0119,Terra,MODIS,73,6.2,318.1,37,D,0
-24.9475,129.2291,343,1.5,1.2,2014-12-14,0119,Terra,MODIS,84,6.2,312.6,43.1,D,0
-24.9451,129.1522,337.9,1.5,1.2,2014-12-14,0119,Terra,MODIS,38,6.2,316.3,28.6,D,0
-24.9234,129.22,337.3,1.5,1.2,2014-12-14,0119,Terra,MODIS,60,6.2,315.7,20.9,D,0
-24.9478,129.1675,349.6,1.5,1.2,2014-12-14,0119,Terra,MODIS,91,6.2,316.1,65.1,D,0
-24.9505,129.1824,334.8,1.5,1.2,2014-12-14,0119,Terra,MODIS,39,6.2,316.5,15.4,D,0
-24.9557,129.2121,356.7,1.5,1.2,2014-12-14,0119,Terra,MODIS,97,6.2,320.1,93.1,D,0
-24.915,129.2354,369.7,1.5,1.2,2014-12-14,0119,Terra,MODIS,100,6.2,318.4,160.8,D,0
-24.9124,129.2213,362.6,1.5,1.2,2014-12-14,0119,Terra,MODIS,100,6.2,318,119.1,D,0
-24.9583,129.2269,338.3,1.5,1.2,2014-12-14,0119,Terra,MODIS,74,6.2,314.8,27.7,D,0
-24.9041,129.2375,374.9,1.5,1.2,2014-12-14,0119,Terra,MODIS,100,6.2,323.5,192.7,D,0
-24.9015,129.2231,390.5,1.5,1.2,2014-12-14,0119,Terra,MODIS,100,6.2,327.7,316.1,D,0
-24.8933,129.2397,340.3,1.5,1.2,2014-12-14,0119,Terra,MODIS,80,6.2,320.1,29.7,D,0
-24.9613,129.1799,353.2,1.5,1.2,2014-12-14,0119,Terra,MODIS,95,6.2,316.5,78.6,D,0
-24.9639,129.1949,347.3,1.5,1.2,2014-12-14,0119,Terra,MODIS,77,6.2,316.8,54.1,D,0
-24.9666,129.2098,403.2,1.5,1.2,2014-12-14,0119,Terra,MODIS,100,6.2,324.6,450.1,D,0
-24.9692,129.2247,374.9,1.5,1.2,2014-12-14,0119,Terra,MODIS,100,6.2,317.2,197.7,D,0
-24.9488,129.1603,349.9,1.5,1.2,2014-12-14,0119,Terra,MODIS,92,6.2,314.9,67.8,D,0
-24.9516,129.1754,341.5,1.5,1.2,2014-12-14,0119,Terra,MODIS,63,6.2,315.7,35.8,D,0
-24.957,129.205,348.4,1.5,1.2,2014-12-14,0119,Terra,MODIS,85,6.2,320,60.7,D,0
-24.9597,129.2199,357.7,1.5,1.2,2014-12-14,0119,Terra,MODIS,98,6.2,319.1,101.7,D,0
-24.9341,129.2169,359.5,1.5,1.2,2014-12-14,0119,Terra,MODIS,99,6.2,320.3,104.3,D,0
-24.9624,129.1728,346.8,1.5,1.2,2014-12-14,0119,Terra,MODIS,89,6.2,314.7,59,D,0
-24.9191,123.411,332.5,3.8,1.8,2014-12-14,0119,Terra,MODIS,68,6.2,306.5,87.3,D,0
-24.9297,123.4156,330.6,3.8,1.8,2014-12-14,0119,Terra,MODIS,61,6.2,305.6,68,D,0
-24.1909,122.8215,331,4.3,1.9,2014-12-14,0119,Terra,MODIS,62,6.2,307.6,86.1,D,0
-24.1914,122.8136,330.1,4.3,1.9,2014-12-14,0119,Terra,MODIS,51,6.2,307.6,76,D,0
-24.9136,123.42,329.8,3.8,1.8,2014-12-14,0119,Terra,MODIS,57,6.2,307,63.5,D,0
-24.9352,123.4066,327.8,3.8,1.8,2014-12-14,0119,Terra,MODIS,33,6.2,305.1,45.1,D,0
-28.9662,125.0977,321.2,2.3,1.5,2014-12-14,0120,Terra,MODIS,52,6.2,303.6,21.5,D,0
-28.971,125.1212,331,2.3,1.5,2014-12-14,0120,Terra,MODIS,77,6.2,305.3,60,D,0
-26.7208,122.372,328.4,4,1.9,2014-12-14,0120,Terra,MODIS,65,6.2,307.4,82.2,D,0
-26.7236,122.3634,328.6,4,1.9,2014-12-14,0120,Terra,MODIS,64,6.2,306.5,85.3,D,0
-20.8137,120.5853,326.9,4.1,1.9,2014-12-14,0256,Terra,MODIS,34,6.2,283.8,105.9,D,0
-20.8001,120.5796,328.3,4.1,1.9,2014-12-14,0256,Terra,MODIS,58,6.2,280.5,119,D,0
-31.9875,115.9537,319.9,2.6,1.5,2014-12-14,0259,Terra,MODIS,35,6.2,305,21.2,D,0
-41.7879,147.3685,326.9,1.3,1.1,2014-12-14,0357,Aqua,MODIS,82,6.2,306.5,19.1,D,0
-41.7862,147.3845,328.2,1.3,1.1,2014-12-14,0357,Aqua,MODIS,83,6.2,307.3,21.5,D,0
-37.9078,145.2279,319,1.5,1.2,2014-12-14,0358,Aqua,MODIS,48,6.2,301.9,9.4,D,0
-28.5696,149.91,342.2,1.1,1,2014-12-14,0401,Aqua,MODIS,80,6.2,317.3,26.5,D,0
-22.6887,142.6317,343.7,1.4,1.2,2014-12-14,0402,Aqua,MODIS,75,6.2,320.5,42.2,D,0
-22.6782,142.6303,373.8,1.4,1.2,2014-12-14,0402,Aqua,MODIS,100,6.2,318.9,174.6,D,0
-22.6903,142.6181,347.4,1.4,1.2,2014-12-14,0402,Aqua,MODIS,84,6.2,325.3,50.3,D,0
-22.6561,142.5941,337.3,1.4,1.2,2014-12-14,0402,Aqua,MODIS,64,6.2,315.7,29.4,D,0
-22.6618,142.5865,336.3,1.4,1.2,2014-12-14,0402,Aqua,MODIS,37,6.2,318,21.9,D,0
-22.6634,142.6227,346.4,1.4,1.2,2014-12-14,0402,Aqua,MODIS,88,6.2,314.3,61.4,D,0
-22.6692,142.6152,350.4,1.4,1.2,2014-12-14,0402,Aqua,MODIS,72,6.2,318.3,65.5,D,0
-22.6798,142.6167,351.9,1.4,1.2,2014-12-14,0402,Aqua,MODIS,81,6.2,324.5,67.2,D,0
-22.6676,142.6288,341.5,1.4,1.2,2014-12-14,0402,Aqua,MODIS,62,6.2,312.5,42.8,D,0
-22.7074,142.565,339,1.4,1.2,2014-12-14,0402,Aqua,MODIS,68,6.2,323.4,21.4,D,0
-22.2273,146.0649,326.8,1,1,2014-12-14,0402,Aqua,MODIS,56,6.2,310.2,7.5,D,0
-22.5853,147.9611,323.5,1,1,2014-12-14,0402,Aqua,MODIS,68,6.2,300.9,9.8,D,0
-23.1334,149.9143,327.4,1.2,1.1,2014-12-14,0402,Aqua,MODIS,66,6.2,300.8,20.3,D,0
-23.1235,149.9123,325,1.2,1.1,2014-12-14,0402,Aqua,MODIS,68,6.2,300.7,16.8,D,0
-18.8948,145.9119,341.5,1,1,2014-12-14,0403,Aqua,MODIS,84,6.2,312.2,26.9,D,0
-18.5653,145.7091,336.1,1,1,2014-12-14,0403,Aqua,MODIS,51,6.2,312.7,14.3,D,0
-18.5343,145.7331,332.3,1,1,2014-12-14,0403,Aqua,MODIS,66,6.2,302.6,22.3,D,0
-18.9392,145.9829,340.9,1,1,2014-12-14,0403,Aqua,MODIS,84,6.2,315.3,23.4,D,0
-18.9316,145.972,339.6,1,1,2014-12-14,0403,Aqua,MODIS,82,6.2,317.9,21.1,D,0
-18.6214,145.1187,347.8,1,1,2014-12-14,0403,Aqua,MODIS,91,6.2,318.9,37.4,D,0
-18.5433,145.7345,370.7,1,1,2014-12-14,0403,Aqua,MODIS,100,6.2,311.1,106.7,D,0
-18.8859,145.9104,345.7,1,1,2014-12-14,0403,Aqua,MODIS,88,6.2,311.7,36.1,D,0
-18.8872,145.901,346.5,1,1,2014-12-14,0403,Aqua,MODIS,89,6.2,315.3,37.3,D,0
-18.55,145.6874,366.2,1,1,2014-12-14,0403,Aqua,MODIS,100,6.2,313.1,82.7,D,0
-18.6201,145.1282,352.9,1,1,2014-12-14,0403,Aqua,MODIS,95,6.2,317.1,48.5,D,0
-18.59,145.8537,347.9,1,1,2014-12-14,0403,Aqua,MODIS,91,6.2,311,46,D,0
-18.581,145.8522,328.6,1,1,2014-12-14,0403,Aqua,MODIS,61,6.2,309.7,16.3,D,0
-18.5487,145.6968,341.8,1,1,2014-12-14,0403,Aqua,MODIS,41,6.2,311.7,26.4,D,0
-18.5419,145.7439,374.9,1,1,2014-12-14,0403,Aqua,MODIS,100,6.2,307.7,123.7,D,0
-18.5599,145.7468,350.9,1,1,2014-12-14,0403,Aqua,MODIS,82,6.2,309.5,46.1,D,0
-18.5783,145.6823,344.1,1,1,2014-12-14,0403,Aqua,MODIS,71,6.2,314.3,32.1,D,0
-18.5527,145.6686,340.4,1,1,2014-12-14,0403,Aqua,MODIS,39,6.2,309.1,23.4,D,0
-18.5644,145.6512,333.2,1,1,2014-12-14,0403,Aqua,MODIS,31,6.2,311.8,15.6,D,0
-18.577,145.6917,340.1,1,1,2014-12-14,0403,Aqua,MODIS,59,6.2,315.1,24.4,D,0
-18.5541,145.6592,377.3,1,1,2014-12-14,0403,Aqua,MODIS,100,6.2,314.2,122.9,D,0
-18.8962,145.9025,346.8,1,1,2014-12-14,0403,Aqua,MODIS,90,6.2,312,36.1,D,0
-18.5581,145.6309,326.4,1,1,2014-12-14,0403,Aqua,MODIS,50,6.2,311.3,8.5,D,0
-18.5793,146.0548,329.4,1,1,2014-12-14,0403,Aqua,MODIS,51,6.2,306.8,12,D,0
-18.5464,145.6483,340.1,1,1,2014-12-14,0403,Aqua,MODIS,50,6.2,312.1,26.2,D,0
-18.5666,145.6997,350.7,1,1,2014-12-14,0403,Aqua,MODIS,94,6.2,313.8,39.9,D,0
-18.5554,145.6498,339.2,1,1,2014-12-14,0403,Aqua,MODIS,65,6.2,311.4,24.2,D,0
-18.5568,145.6404,328.7,1,1,2014-12-14,0403,Aqua,MODIS,51,6.2,310.5,10.8,D,0
-18.5478,145.6389,345.3,1,1,2014-12-14,0403,Aqua,MODIS,89,6.2,311.7,36,D,0
-21.1642,140.2246,340.1,1.9,1.4,2014-12-14,0403,Aqua,MODIS,79,6.2,325.7,38,D,0
-18.568,145.6903,384.4,1,1,2014-12-14,0403,Aqua,MODIS,100,6.2,320,151.2,D,0
-18.5397,145.6954,352.9,1,1,2014-12-14,0403,Aqua,MODIS,95,6.2,311.3,55.1,D,0
-18.5334,145.6751,339.4,1,1,2014-12-14,0403,Aqua,MODIS,79,6.2,309.4,28.7,D,0
-18.5577,145.6983,342,1,1,2014-12-14,0403,Aqua,MODIS,54,6.2,314.3,26.3,D,0
-18.5869,146.0657,327.7,1,1,2014-12-14,0403,Aqua,MODIS,35,6.2,307.3,9.8,D,0
-18.933,145.9625,354.7,1,1,2014-12-14,0403,Aqua,MODIS,96,6.2,319,51.6,D,0
-18.5384,145.7048,340.7,1,1,2014-12-14,0403,Aqua,MODIS,55,6.2,308.7,29.7,D,0
-18.537,145.7142,379.7,1,1,2014-12-14,0403,Aqua,MODIS,100,6.2,313.2,139.9,D,0
-18.9302,145.9814,346.5,1,1,2014-12-14,0403,Aqua,MODIS,89,6.2,317,34.4,D,0
-18.5886,145.8631,337.1,1,1,2014-12-14,0403,Aqua,MODIS,80,6.2,310.1,26.3,D,0
-18.9289,145.9909,328,1,1,2014-12-14,0403,Aqua,MODIS,31,6.2,313,6.8,D,0
-18.5357,145.7236,378.6,1,1,2014-12-14,0403,Aqua,MODIS,100,6.2,311.1,136.8,D,0
-18.546,145.7157,367.6,1,1,2014-12-14,0403,Aqua,MODIS,100,6.2,314.2,93,D,0
-18.5689,145.7482,338.8,1,1,2014-12-14,0403,Aqua,MODIS,54,6.2,312.2,22.3,D,0
-18.9406,145.9734,355.4,1,1,2014-12-14,0403,Aqua,MODIS,97,6.2,317.5,53,D,0
-18.5446,145.7251,360.3,1,1,2014-12-14,0403,Aqua,MODIS,99,6.2,310.9,73.2,D,0
-18.9419,145.964,331.9,1,1,2014-12-14,0403,Aqua,MODIS,65,6.2,316,9.9,D,0
-22.1335,139.5184,339,2.3,1.5,2014-12-14,0403,Aqua,MODIS,78,6.2,323.7,46,D,0
-22.1358,139.4965,335.5,2.3,1.5,2014-12-14,0403,Aqua,MODIS,71,6.2,322.8,32.6,D,0
-18.5688,141.7863,338.4,1.4,1.2,2014-12-14,0404,Aqua,MODIS,77,6.2,318.9,29.9,D,0
-18.5672,141.7995,335.5,1.4,1.2,2014-12-14,0404,Aqua,MODIS,71,6.2,318.2,22.8,D,0
-17.2892,144.5186,333.2,1,1,2014-12-14,0404,Aqua,MODIS,64,6.2,308.2,16.5,D,0
-15.5312,143.3427,336.5,1.1,1,2014-12-14,0404,Aqua,MODIS,77,6.2,300.3,28.5,D,0
-16.7691,143.6917,336.2,1.1,1,2014-12-14,0404,Aqua,MODIS,54,6.2,309,23.1,D,0
-16.7704,143.6818,336.5,1.1,1,2014-12-14,0404,Aqua,MODIS,68,6.2,307.3,24.7,D,0
-16.7651,143.7216,334.2,1.1,1,2014-12-14,0404,Aqua,MODIS,70,6.2,306.6,18.5,D,0
-16.4399,137.5256,328.7,2.7,1.6,2014-12-14,0404,Aqua,MODIS,32,6.2,294.9,63.9,D,0
-16.454,137.5273,327.5,2.7,1.6,2014-12-14,0404,Aqua,MODIS,28,6.2,291.2,60.7,D,0
-15.5365,143.3739,345.1,1.1,1,2014-12-14,0404,Aqua,MODIS,90,6.2,297.5,44.6,D,0
-15.5351,143.3839,325,1.1,1,2014-12-14,0404,Aqua,MODIS,21,6.2,300.7,12.2,D,0
-16.0862,143.1229,356.9,1.1,1,2014-12-14,0404,Aqua,MODIS,92,6.2,298.8,74.4,D,0
-15.5404,143.415,325.9,1.1,1,2014-12-14,0404,Aqua,MODIS,44,6.2,297.5,13.9,D,0
-15.5922,143.3822,321.5,1.1,1,2014-12-14,0404,Aqua,MODIS,22,6.2,298.4,11.1,D,0
-15.5132,143.3537,338.4,1.1,1,2014-12-14,0404,Aqua,MODIS,80,6.2,300,32.5,D,0
-17.8747,142.9495,348.4,1.2,1.1,2014-12-14,0404,Aqua,MODIS,92,6.2,317.1,43.9,D,0
-17.865,142.9481,342.6,1.2,1.1,2014-12-14,0404,Aqua,MODIS,85,6.2,316.9,30.7,D,0
-17.8622,142.9532,334.3,1.2,1.1,2014-12-14,0404,Aqua,MODIS,77,6.2,315.7,17.4,D,0
-17.1192,135.6979,333.8,3.8,1.8,2014-12-14,0404,Aqua,MODIS,77,6.2,314.4,78.8,D,0
-16.6546,135.4324,329.4,3.9,1.8,2014-12-14,0404,Aqua,MODIS,72,6.2,308.6,79.9,D,0
-16.0834,143.1435,375.2,1.1,1,2014-12-14,0404,Aqua,MODIS,75,6.2,301.5,140.7,D,0
-17.3482,141.4816,331.7,1.4,1.2,2014-12-14,0404,Aqua,MODIS,62,6.2,308.5,23.3,D,0
-17.3558,145.4175,329.1,1,1,2014-12-14,0404,Aqua,MODIS,76,6.2,302.8,19.8,D,0
-15.3983,145.2135,342.2,1,1,2014-12-14,0404,Aqua,MODIS,88,6.2,303.7,36.8,D,0
-16.4346,137.5745,333.1,2.6,1.6,2014-12-14,0404,Aqua,MODIS,78,6.2,293.5,96,D,0
-18.167,145.6017,337.4,1,1,2014-12-14,0404,Aqua,MODIS,79,6.2,313.4,19.7,D,0
-15.9528,144.0915,335.1,1,1,2014-12-14,0404,Aqua,MODIS,51,6.2,308.5,18.2,D,0
-15.9541,144.0819,336.8,1,1,2014-12-14,0404,Aqua,MODIS,40,6.2,313.6,20.1,D,0
-15.9132,143.4435,327.8,1.1,1,2014-12-14,0404,Aqua,MODIS,58,6.2,302.5,15.3,D,0
-18.1746,145.6125,332,1,1,2014-12-14,0404,Aqua,MODIS,51,6.2,312.2,13.1,D,0
-18.0635,145.5498,374.9,1,1,2014-12-14,0404,Aqua,MODIS,100,6.2,317.3,115.3,D,0
-18.1759,145.6031,346.8,1,1,2014-12-14,0404,Aqua,MODIS,91,6.2,316.9,37.1,D,0
-18.0724,145.5513,338.4,1,1,2014-12-14,0404,Aqua,MODIS,66,6.2,312,23.8,D,0
-18.0711,145.5607,343.9,1,1,2014-12-14,0404,Aqua,MODIS,87,6.2,308.8,34.7,D,0
-18.0543,145.5523,334,1,1,2014-12-14,0404,Aqua,MODIS,61,6.2,314.7,17.3,D,0
-18.0608,145.5686,340.9,1,1,2014-12-14,0404,Aqua,MODIS,59,6.2,303.9,30.7,D,0
-18.0621,145.5592,354,1,1,2014-12-14,0404,Aqua,MODIS,96,6.2,312.4,54.6,D,0
-18.0481,145.5321,343,1,1,2014-12-14,0404,Aqua,MODIS,88,6.2,316.1,30.6,D,0
-18.0494,145.5227,341.3,1,1,2014-12-14,0404,Aqua,MODIS,86,6.2,313.7,28.3,D,0
-18.5627,141.7934,336.6,1.4,1.2,2014-12-14,0404,Aqua,MODIS,64,6.2,317.7,23.6,D,0
-15.3835,144.1529,334.5,1,1,2014-12-14,0404,Aqua,MODIS,67,6.2,308.7,19,D,0
-15.3822,144.1623,351.1,1,1,2014-12-14,0404,Aqua,MODIS,94,6.2,309.8,50.1,D,0
-18.2508,135.6672,341.1,3.9,1.8,2014-12-14,0404,Aqua,MODIS,84,6.2,315.8,181.1,D,0
-18.2308,135.7023,336.1,3.9,1.8,2014-12-14,0404,Aqua,MODIS,77,6.2,314,116.6,D,0
-18.2342,135.6655,339.3,3.9,1.8,2014-12-14,0404,Aqua,MODIS,82,6.2,313.7,156.1,D,0
-18.1977,135.699,340.5,3.9,1.8,2014-12-14,0404,Aqua,MODIS,84,6.2,311.7,182.8,D,0
-18.2414,135.6955,340.2,3.9,1.8,2014-12-14,0404,Aqua,MODIS,84,6.2,315.6,159.7,D,0
-18.2451,135.6587,345.3,3.9,1.8,2014-12-14,0404,Aqua,MODIS,89,6.2,315.3,229.2,D,0
-18.1917,135.6906,337,3.9,1.8,2014-12-14,0404,Aqua,MODIS,79,6.2,310.7,144.3,D,0
-15.2419,144.0488,336.5,1,1,2014-12-14,0404,Aqua,MODIS,73,6.2,312.4,17.3,D,0
-14.0819,143.0071,310.6,1.1,1,2014-12-14,0405,Aqua,MODIS,0,6.2,273.5,5.5,D,0
-14.0805,143.017,311.6,1.1,1,2014-12-14,0405,Aqua,MODIS,47,6.2,275,6.5,D,0
-34.3106,116.314,323.8,2.5,1.5,2014-12-14,0538,Aqua,MODIS,67,6.2,292.7,67.6,D,0
-34.3176,116.2915,379.6,2.5,1.5,2014-12-14,0538,Aqua,MODIS,100,6.2,297.2,566.9,D,0
-34.3128,116.2862,369,2.5,1.5,2014-12-14,0538,Aqua,MODIS,100,6.2,298.7,418.9,D,0
-34.3196,116.2641,326.7,2.5,1.5,2014-12-14,0538,Aqua,MODIS,74,6.2,297.2,79.4,D,0
-34.3037,116.2901,353,2.5,1.5,2014-12-14,0538,Aqua,MODIS,96,6.2,297.8,250.9,D,0
-34.2988,116.2849,325.4,2.5,1.5,2014-12-14,0538,Aqua,MODIS,70,6.2,297.3,70.8,D,0
-28.8959,126.1822,333.6,1.2,1.1,2014-12-14,0539,Aqua,MODIS,51,6.2,316.7,9.5,D,0
-31.8398,115.9411,343.9,2.5,1.5,2014-12-14,0539,Aqua,MODIS,86,6.2,307.6,139,D,0
-28.957,125.0894,350.7,1.1,1,2014-12-14,0539,Aqua,MODIS,92,6.2,320.5,39.3,D,0
-28.9386,125.0857,330.5,1.1,1,2014-12-14,0539,Aqua,MODIS,26,6.2,313.5,5.9,D,0
-28.9403,125.0749,331.6,1.1,1,2014-12-14,0539,Aqua,MODIS,35,6.2,315.7,7.1,D,0
-28.9721,125.1147,339,1.1,1,2014-12-14,0539,Aqua,MODIS,72,6.2,322.6,15,D,0
-28.9645,125.1021,338.1,1.1,1,2014-12-14,0539,Aqua,MODIS,45,6.2,320.3,13.6,D,0
-28.9478,125.0875,358.1,1.1,1,2014-12-14,0539,Aqua,MODIS,98,6.2,316.9,59.9,D,0
-28.9495,125.0768,341.9,1.1,1,2014-12-14,0539,Aqua,MODIS,80,6.2,317.8,22.2,D,0
-27.6911,124.4598,338.6,1,1,2014-12-14,0540,Aqua,MODIS,23,6.2,323.2,10.6,D,0
-24.9418,129.2961,346.3,2.1,1.4,2014-12-14,0540,Aqua,MODIS,69,6.2,311.2,97.8,D,0
-24.959,129.2851,391.5,2.1,1.4,2014-12-14,0540,Aqua,MODIS,100,6.2,320.6,527.4,D,0
-24.9504,129.262,383.1,2.1,1.4,2014-12-14,0540,Aqua,MODIS,100,6.2,326.1,384.5,D,0
-24.938,129.2587,367.5,2.1,1.4,2014-12-14,0540,Aqua,MODIS,100,6.2,317.5,215,D,0
-27.7002,124.4616,339.7,1,1,2014-12-14,0540,Aqua,MODIS,25,6.2,323.6,11.5,D,0
-24.9338,129.28,353.9,2.1,1.4,2014-12-14,0540,Aqua,MODIS,73,6.2,318.7,124.9,D,0
-25.4017,125.7919,351.7,1.2,1.1,2014-12-14,0540,Aqua,MODIS,93,6.2,322.7,37.8,D,0
-25.4038,125.7798,344.4,1.2,1.1,2014-12-14,0540,Aqua,MODIS,64,6.2,323.4,17.2,D,0
-24.9458,129.2743,396.8,2.1,1.4,2014-12-14,0540,Aqua,MODIS,100,6.2,326.1,605.4,D,0
-24.8993,129.2445,375.1,2.1,1.4,2014-12-14,0540,Aqua,MODIS,100,6.2,328.2,295,D,0
-24.9118,129.2474,356.9,2.1,1.4,2014-12-14,0540,Aqua,MODIS,86,6.2,327.5,126.3,D,0
-24.9333,129.2718,352.5,2.1,1.4,2014-12-14,0540,Aqua,MODIS,61,6.2,319.1,114.7,D,0
-24.9628,129.2653,390.5,2.1,1.4,2014-12-14,0540,Aqua,MODIS,100,6.2,325.8,489.5,D,0
-24.9465,129.2821,407.3,2.1,1.4,2014-12-14,0540,Aqua,MODIS,100,6.2,322.2,796.2,D,0
-24.9495,129.2545,357.1,2.1,1.4,2014-12-14,0540,Aqua,MODIS,94,6.2,324,126,D,0
-27.6285,127.4188,337.5,1.4,1.2,2014-12-14,0540,Aqua,MODIS,67,6.2,318,15.5,D,0
-26.6617,122.5035,344.8,1,1,2014-12-14,0540,Aqua,MODIS,85,6.2,325.8,18.9,D,0
-26.7395,122.5333,354.3,1,1,2014-12-14,0540,Aqua,MODIS,95,6.2,329.4,33.9,D,0
-26.7745,122.4155,346.5,1,1,2014-12-14,0540,Aqua,MODIS,52,6.2,328.4,18.3,D,0
-26.7469,122.3485,361.6,1,1,2014-12-14,0540,Aqua,MODIS,100,6.2,329.4,53,D,0
-26.7483,122.3384,356.2,1,1,2014-12-14,0540,Aqua,MODIS,97,6.2,327.6,39.5,D,0
-26.7392,122.3368,351.1,1,1,2014-12-14,0540,Aqua,MODIS,93,6.2,327.8,27.1,D,0
-26.6944,122.468,342.1,1,1,2014-12-14,0540,Aqua,MODIS,52,6.2,325.7,11.4,D,0
-26.7128,122.3368,348.9,1,1,2014-12-14,0540,Aqua,MODIS,91,6.2,325.3,26,D,0
-26.7142,122.3267,342.7,1,1,2014-12-14,0540,Aqua,MODIS,72,6.2,327.8,14,D,0
-26.6871,122.322,342.7,1,1,2014-12-14,0540,Aqua,MODIS,40,6.2,324.4,14.7,D,0
-26.6767,122.3305,353.5,1,1,2014-12-14,0540,Aqua,MODIS,95,6.2,325.3,36.5,D,0
-26.6781,122.3204,362.7,1,1,2014-12-14,0540,Aqua,MODIS,100,6.2,326.1,60.2,D,0
-26.6375,122.4786,342.5,1,1,2014-12-14,0540,Aqua,MODIS,80,6.2,325.7,14.6,D,0
-26.6284,122.477,353.9,1,1,2014-12-14,0540,Aqua,MODIS,95,6.2,324.5,37.5,D,0
-26.6299,122.4669,351.1,1,1,2014-12-14,0540,Aqua,MODIS,93,6.2,324.1,31.8,D,0
-24.1747,122.793,384.1,1,1,2014-12-14,0541,Aqua,MODIS,100,6.2,328.6,132,D,0
-22.9527,114.2774,333.9,2.5,1.5,2014-12-14,0541,Aqua,MODIS,40,6.2,305.4,39.8,D,0
-24.312,125.5593,348.8,1.2,1.1,2014-12-14,0541,Aqua,MODIS,80,6.2,322.1,29.7,D,0
-22.1636,120.8336,348.3,1,1,2014-12-14,0541,Aqua,MODIS,91,6.2,312.1,36.3,D,0
-22.1623,120.8435,364.8,1,1,2014-12-14,0541,Aqua,MODIS,100,6.2,311.4,78,D,0
-22.1727,120.8351,343.4,1,1,2014-12-14,0541,Aqua,MODIS,38,6.2,311.1,30.1,D,0
-22.1714,120.845,346.3,1,1,2014-12-14,0541,Aqua,MODIS,64,6.2,308.2,34.1,D,0
-22.9312,114.2947,355.2,2.5,1.5,2014-12-14,0541,Aqua,MODIS,96,6.2,309.6,200.6,D,0
-23.2523,125.0128,343.2,1.2,1.1,2014-12-14,0541,Aqua,MODIS,84,6.2,319.6,22.1,D,0
-22.9365,114.3004,367.4,2.5,1.5,2014-12-14,0541,Aqua,MODIS,100,6.2,311.5,328.1,D,0
-24.1843,122.7914,360.5,1,1,2014-12-14,0541,Aqua,MODIS,64,6.2,329.6,49.4,D,0
-22.157,120.8268,339.3,1,1,2014-12-14,0541,Aqua,MODIS,43,6.2,311.9,19.2,D,0
-22.57,124.856,356.1,1.2,1.1,2014-12-14,0541,Aqua,MODIS,97,6.2,320.6,51.2,D,0
-22.5602,124.8542,355.8,1.2,1.1,2014-12-14,0541,Aqua,MODIS,97,6.2,318.8,52.4,D,0
-22.945,114.2962,349.9,2.5,1.5,2014-12-14,0541,Aqua,MODIS,89,6.2,312.3,149.4,D,0
-24.1624,122.9395,370.9,1,1,2014-12-14,0541,Aqua,MODIS,96,6.2,321.7,90.1,D,0
-22.5681,124.8677,359,1.2,1.1,2014-12-14,0541,Aqua,MODIS,99,6.2,319.6,59.8,D,0
-22.5583,124.8658,358,1.2,1.1,2014-12-14,0541,Aqua,MODIS,98,6.2,317.8,56.1,D,0
-24.31,125.5714,351.1,1.2,1.1,2014-12-14,0541,Aqua,MODIS,91,6.2,318.7,38.7,D,0
-24.845,123.1758,355.9,1,1,2014-12-14,0541,Aqua,MODIS,63,6.2,324.7,41.7,D,0
-24.1217,122.0136,384.3,1,1,2014-12-14,0541,Aqua,MODIS,100,6.2,324.6,140.3,D,0
-21.9064,129.1596,351.4,2.4,1.5,2014-12-14,0541,Aqua,MODIS,81,6.2,304.5,165.2,D,0
-21.9106,129.1371,349.1,2.4,1.5,2014-12-14,0541,Aqua,MODIS,76,6.2,307.4,145.3,D,0
-21.9135,129.1665,356.1,2.4,1.5,2014-12-14,0541,Aqua,MODIS,84,6.2,301.3,208.8,D,0
-24.1335,121.9955,346.6,1,1,2014-12-14,0541,Aqua,MODIS,42,6.2,324.6,16.1,D,0
-21.9047,129.1411,349.8,2.4,1.5,2014-12-14,0541,Aqua,MODIS,86,6.2,307.6,156.7,D,0
-24.8465,123.1658,357.7,1,1,2014-12-14,0541,Aqua,MODIS,74,6.2,325.3,45.8,D,0
-24.1411,122.0069,353.9,1,1,2014-12-14,0541,Aqua,MODIS,63,6.2,321.4,34.3,D,0
-18.4544,129.307,331.6,2.9,1.6,2014-12-14,0542,Aqua,MODIS,50,6.2,304.8,59.3,D,0
-18.9546,128.1336,335.6,2.3,1.5,2014-12-14,0542,Aqua,MODIS,71,6.2,301.8,61.6,D,0
-18.9592,128.1296,336.9,2.3,1.5,2014-12-14,0542,Aqua,MODIS,54,6.2,303.8,71.8,D,0
-18.7229,131.156,341,3.9,1.8,2014-12-14,0542,Aqua,MODIS,85,6.2,317.4,107.4,D,0
-18.7272,131.1615,344.6,3.9,1.8,2014-12-14,0542,Aqua,MODIS,88,6.2,318.2,148.9,D,0
-15.347,124.5037,328.3,1.5,1.2,2014-12-14,0543,Aqua,MODIS,42,6.2,296.5,17.9,D,0
-15.3449,124.5173,328.6,1.5,1.2,2014-12-14,0543,Aqua,MODIS,59,6.2,296.4,19,D,0
-15.3293,124.5618,334.6,1.5,1.2,2014-12-14,0543,Aqua,MODIS,53,6.2,295.8,34.8,D,0
-15.3361,124.5211,331.4,1.5,1.2,2014-12-14,0543,Aqua,MODIS,79,6.2,294.9,24.9,D,0
-16.3392,127.7589,328.5,2.4,1.5,2014-12-14,0543,Aqua,MODIS,66,6.2,304,38.4,D,0
-15.3271,124.5754,351.3,1.5,1.2,2014-12-14,0543,Aqua,MODIS,0,6.2,295.6,89.6,D,0
-16.3257,127.7564,332.1,2.4,1.5,2014-12-14,0543,Aqua,MODIS,77,6.2,306.8,55.8,D,0
-16.3338,127.7656,334.2,2.4,1.5,2014-12-14,0543,Aqua,MODIS,80,6.2,304.7,65.1,D,0
-15.3254,124.5698,351.2,1.5,1.2,2014-12-14,0543,Aqua,MODIS,0,6.2,296.3,89.7,D,0
-16.3216,127.7796,329.9,2.4,1.5,2014-12-14,0543,Aqua,MODIS,67,6.2,304.5,44.9,D,0
-28.9112,148.4371,301.7,2.4,1.5,2014-12-14,1325,Terra,MODIS,43,6.2,290.3,15.9,N,0
-28.9036,148.4295,300.2,2.4,1.5,2014-12-14,1325,Terra,MODIS,22,6.2,290.1,14.5,N,0
-27.2151,151.7876,302.1,4.3,1.9,2014-12-14,1326,Terra,MODIS,46,6.2,286.1,53.4,N,0
-27.2143,151.7822,302.3,4.3,1.9,2014-12-14,1326,Terra,MODIS,48,6.2,286.2,58.4,N,0
-22.6978,142.5497,316,1.3,1.1,2014-12-14,1327,Terra,MODIS,92,6.2,297.8,17.3,N,0
-22.708,142.5516,323,1.3,1.1,2014-12-14,1327,Terra,MODIS,100,6.2,297.3,27.4,N,0
-22.7059,142.5641,308.4,1.3,1.1,2014-12-14,1327,Terra,MODIS,74,6.2,295.8,9.7,N,0
-22.6538,142.5732,314.2,1.3,1.1,2014-12-14,1327,Terra,MODIS,89,6.2,297.1,15.5,N,0
-22.6517,142.5858,309.8,1.3,1.1,2014-12-14,1327,Terra,MODIS,78,6.2,296.2,10.9,N,0
-18.0664,145.5174,312.3,2.5,1.5,2014-12-14,1328,Terra,MODIS,84,6.2,291.3,40.9,N,0
-18.5328,145.7216,306.6,2.6,1.5,2014-12-14,1328,Terra,MODIS,59,6.2,289.9,30.9,N,0
-18.5514,145.656,302.7,2.5,1.5,2014-12-14,1328,Terra,MODIS,49,6.2,290.5,18.2,N,0
-20.6009,139.8018,340.2,1,1,2014-12-14,1328,Terra,MODIS,100,6.2,300.2,43.1,N,0
-20.5994,139.8117,319.2,1,1,2014-12-14,1328,Terra,MODIS,98,6.2,298.4,14.7,N,0
-18.0758,145.5438,301.8,2.5,1.5,2014-12-14,1328,Terra,MODIS,11,6.2,290.9,15.7,N,0
-18.0621,145.5409,306,2.5,1.5,2014-12-14,1328,Terra,MODIS,67,6.2,290.9,26.1,N,0
-18.5241,145.7249,303.6,2.6,1.5,2014-12-14,1328,Terra,MODIS,46,6.2,290,24.2,N,0
-20.6085,139.8133,312.5,1,1,2014-12-14,1328,Terra,MODIS,84,6.2,297.9,8.8,N,0
-20.7318,139.4774,310,1,1,2014-12-14,1328,Terra,MODIS,77,6.2,298.8,7,N,2
-16.4588,137.5477,309.5,1,1,2014-12-14,1329,Terra,MODIS,46,6.2,299.3,4.4,N,0
-16.4628,137.5197,313.3,1,1,2014-12-14,1329,Terra,MODIS,80,6.2,299.1,7.4,N,0
-16.4807,137.5225,314.2,1,1,2014-12-14,1329,Terra,MODIS,83,6.2,299.3,8,N,0
-16.4821,137.5132,310.9,1,1,2014-12-14,1329,Terra,MODIS,70,6.2,299.1,5.6,N,0
-16.4718,137.5211,313.2,1,1,2014-12-14,1329,Terra,MODIS,79,6.2,299.3,7,N,0
-18.6843,138.1875,320,1,1,2014-12-14,1329,Terra,MODIS,99,6.2,301.9,13.5,N,0
-17.0292,135.7423,310.5,1.1,1,2014-12-14,1329,Terra,MODIS,72,6.2,297.3,8,N,0
-17.0306,135.732,313.5,1.1,1,2014-12-14,1329,Terra,MODIS,83,6.2,297.4,10.6,N,0
-17.1658,135.8059,314.4,1.1,1,2014-12-14,1329,Terra,MODIS,86,6.2,299.6,11.4,N,0
-17.04,135.7334,316.8,1.1,1,2014-12-14,1329,Terra,MODIS,92,6.2,297.8,13.9,N,0
-18.6766,138.1766,327.3,1,1,2014-12-14,1329,Terra,MODIS,100,6.2,301.4,21.2,N,0
-18.6753,138.1861,345.3,1,1,2014-12-14,1329,Terra,MODIS,100,6.2,302.7,48.9,N,0
-18.6856,138.1781,317,1,1,2014-12-14,1329,Terra,MODIS,93,6.2,301.4,10.6,N,0
-16.4378,127.668,303.7,3.9,1.8,2014-12-14,1329,Terra,MODIS,45,6.2,284.4,30.5,N,0
-12.1618,132.7041,306.9,1.4,1.2,2014-12-14,1330,Terra,MODIS,70,6.2,286.6,8.9,N,0
-12.1635,132.6911,309.9,1.4,1.2,2014-12-14,1330,Terra,MODIS,79,6.2,286.5,12.4,N,0
-13.1319,130.6263,303.3,2.1,1.4,2014-12-14,1330,Terra,MODIS,26,6.2,275.4,13.4,N,0
-13.1313,130.6197,302,2.1,1.4,2014-12-14,1330,Terra,MODIS,39,6.2,274.4,12.6,N,0
-13.121,130.5989,300.9,2.1,1.4,2014-12-14,1330,Terra,MODIS,23,6.2,273.6,11.2,N,0
-28.9042,148.4512,300.3,1.8,1.3,2014-12-14,1459,Aqua,MODIS,23,6.2,289.7,10.6,N,0
-27.2071,151.7977,332.8,1.2,1.1,2014-12-14,1459,Aqua,MODIS,100,6.2,289,45.4,N,0
-30.2132,149.0655,302.6,1.5,1.2,2014-12-14,1500,Aqua,MODIS,50,6.2,287.6,12.6,N,0
-30.2127,149.0588,301.7,1.5,1.2,2014-12-14,1500,Aqua,MODIS,43,6.2,287.4,11.2,N,0
-34.0795,116.0089,305.4,1,1,2014-12-14,1503,Terra,MODIS,64,6.2,283.7,9.1,N,0
-34.0611,116.022,302.2,1,1,2014-12-14,1503,Terra,MODIS,33,6.2,283.9,7.2,N,0
-34.317,116.2907,303.5,1,1,2014-12-14,1503,Terra,MODIS,14,6.2,283.7,7.3,N,0
-34.3079,116.2889,306.8,1,1,2014-12-14,1503,Terra,MODIS,38,6.2,284.6,9.5,N,0
-34.2998,116.2928,304.7,1,1,2014-12-14,1503,Terra,MODIS,61,6.2,285.2,9.4,N,0
-34.052,116.0202,313.6,1,1,2014-12-14,1503,Terra,MODIS,87,6.2,284.9,15.1,N,0
-34.3064,116.3,310.8,1,1,2014-12-14,1503,Terra,MODIS,61,6.2,286.7,12.2,N,0
-31.8229,115.9439,300.4,1,1,2014-12-14,1504,Terra,MODIS,15,6.2,287.9,4.8,N,0
-31.8124,115.9528,305.5,1,1,2014-12-14,1504,Terra,MODIS,64,6.2,287.9,7.8,N,0
-12.1594,132.7056,309.2,1,1,2014-12-14,1633,Aqua,MODIS,76,6.2,284.5,7.9,N,0
-12.1675,132.7073,306.8,1,1,2014-12-14,1633,Aqua,MODIS,69,6.2,283.5,7.1,N,0
-16.6634,135.4607,307.5,1.2,1.1,2014-12-14,1635,Aqua,MODIS,63,6.2,297.2,7.4,N,0
-16.6649,135.4719,329.1,1.2,1.1,2014-12-14,1635,Aqua,MODIS,100,6.2,299.3,33.9,N,0
-22.6525,142.5962,312.8,4.6,2,2014-12-14,1636,Aqua,MODIS,86,6.2,294.1,105.7,N,0
-22.6544,142.6049,310.8,4.6,2,2014-12-14,1636,Aqua,MODIS,81,6.2,293.6,91.4,N,0
-26.7767,122.418,314.6,2.4,1.5,2014-12-14,1638,Aqua,MODIS,90,6.2,295.9,42.3,N,0
-30.8622,121.5002,310.5,2.3,1.5,2014-12-14,1639,Aqua,MODIS,80,6.2,290.1,37.3,N,2
-15.3297,144.1587,322.1,1.9,1.4,2014-12-15,0021,Terra,MODIS,65,6.2,293.7,21,D,0
-15.3811,144.3828,326.2,1.9,1.3,2014-12-15,0021,Terra,MODIS,57,6.2,300.4,25.1,D,0
-18.9408,145.9734,327.8,1.3,1.1,2014-12-15,0022,Terra,MODIS,45,6.2,305.8,15.1,D,0
-18.5293,145.722,334.3,1.3,1.1,2014-12-15,0022,Terra,MODIS,59,6.2,303.6,35.8,D,0
-18.1284,145.599,345.2,1.4,1.2,2014-12-15,0022,Terra,MODIS,90,6.2,299.7,65.4,D,0
-18.0747,145.5094,331.4,1.4,1.2,2014-12-15,0022,Terra,MODIS,72,6.2,298.9,30.7,D,0
-18.1229,145.6066,328.3,1.4,1.2,2014-12-15,0022,Terra,MODIS,67,6.2,304.7,25.1,D,0
-18.1208,145.5938,325.6,1.4,1.2,2014-12-15,0022,Terra,MODIS,60,6.2,300.1,20.1,D,0
-18.6326,145.1154,331.3,1.4,1.2,2014-12-15,0022,Terra,MODIS,65,6.2,309.5,22.6,D,0
-22.6511,142.5548,345.3,1.8,1.3,2014-12-15,0023,Terra,MODIS,88,6.2,314.9,74.1,D,0
-22.7221,142.5704,353.3,1.8,1.3,2014-12-15,0023,Terra,MODIS,95,6.2,314.5,110.7,D,0
-24.9113,149.0186,336.3,1,1,2014-12-15,0023,Terra,MODIS,85,6.2,306.3,27.8,D,0
-25.3947,151.2035,321.7,1.3,1.1,2014-12-15,0023,Terra,MODIS,70,6.2,299.9,16.3,D,0
-22.6544,142.5726,391.3,1.8,1.3,2014-12-15,0023,Terra,MODIS,100,6.2,318.6,436.9,D,0
-22.6633,142.5828,345,1.8,1.3,2014-12-15,0023,Terra,MODIS,87,6.2,314.4,67.9,D,0
-22.66,142.5653,381,1.8,1.3,2014-12-15,0023,Terra,MODIS,100,6.2,315.7,321.2,D,0
-24.9099,149.0084,327.3,1,1,2014-12-15,0023,Terra,MODIS,75,6.2,305,15.6,D,0
-24.9178,149.011,325.1,1,1,2014-12-15,0023,Terra,MODIS,72,6.2,305.8,13.5,D,0
-22.7252,142.5877,342,1.8,1.3,2014-12-15,0023,Terra,MODIS,81,6.2,318.1,55.1,D,0
-22.7338,142.5679,350.1,1.8,1.3,2014-12-15,0023,Terra,MODIS,92,6.2,314.9,95.5,D,0
-26.2696,149.513,322.2,1.1,1,2014-12-15,0024,Terra,MODIS,57,6.2,305.8,8.4,D,0
-27.2068,151.7893,319.9,1.5,1.2,2014-12-15,0024,Terra,MODIS,46,6.2,305.5,9.5,D,0
-27.3163,152.9836,319.6,1.8,1.3,2014-12-15,0024,Terra,MODIS,45,6.2,302,14.6,D,2
-27.232,150.8636,321.5,1.3,1.1,2014-12-15,0024,Terra,MODIS,57,6.2,307.5,12.6,D,0
-27.6608,147.2944,346,1,1,2014-12-15,0024,Terra,MODIS,88,6.2,320.4,28.3,D,0
-29.8867,148.0231,340.9,1,1,2014-12-15,0025,Terra,MODIS,81,6.2,324.1,16,D,0
-31.3646,147.7,334.9,1,1,2014-12-15,0025,Terra,MODIS,70,6.2,321.2,14.4,D,0
-31.3661,147.711,334.3,1,1,2014-12-15,0025,Terra,MODIS,65,6.2,321.7,13.5,D,0
-34.4622,150.8816,319.6,1.6,1.2,2014-12-15,0026,Terra,MODIS,51,6.2,301.8,15.1,D,0
-33.8181,150.7904,317.8,1.5,1.2,2014-12-15,0026,Terra,MODIS,39,6.2,301.1,12.3,D,0
-37.8194,145.3008,320.9,1,1,2014-12-15,0027,Terra,MODIS,37,6.2,304.7,8,D,0
-37.9031,145.2411,320.1,1,1,2014-12-15,0027,Terra,MODIS,66,6.2,301.9,6.5,D,0
-37.8451,145.2834,321,1,1,2014-12-15,0027,Terra,MODIS,54,6.2,304.6,7.3,D,0
-38.1655,145.9406,316.6,1,1,2014-12-15,0027,Terra,MODIS,58,6.2,302.7,7.1,D,0
-40.8588,145.3874,309.8,1.1,1,2014-12-15,0028,Terra,MODIS,42,6.2,297.6,7.2,D,0
-12.3086,132.2791,322,2.1,1.4,2014-12-15,0158,Terra,MODIS,0,6.2,297.5,26.5,D,0
-12.311,132.2985,322.5,2.1,1.4,2014-12-15,0158,Terra,MODIS,52,6.2,297.6,30.2,D,0
-14.1314,131.3395,320.1,1.9,1.4,2014-12-15,0159,Terra,MODIS,46,6.2,301,21,D,0
-15.0697,131.7665,329.1,2.1,1.4,2014-12-15,0159,Terra,MODIS,73,6.2,302.4,37.7,D,0
-14.4313,133.5601,329,2.9,1.6,2014-12-15,0159,Terra,MODIS,66,6.2,301.8,57.8,D,0
-15.2478,133.5745,328.8,3,1.6,2014-12-15,0159,Terra,MODIS,72,6.2,303.2,54.8,D,0
-15.2478,133.5813,328,3,1.6,2014-12-15,0159,Terra,MODIS,65,6.2,303,47.1,D,0
-15.5857,128.3746,334.5,1.3,1.1,2014-12-15,0159,Terra,MODIS,79,6.2,309.2,18.6,D,0
-14.6282,128.0108,327.8,1.2,1.1,2014-12-15,0159,Terra,MODIS,43,6.2,295.4,11.8,D,0
-12.9746,130.3369,317.9,1.6,1.2,2014-12-15,0159,Terra,MODIS,33,6.2,292.1,16.8,D,0
-15.5883,128.4696,334.8,1.3,1.1,2014-12-15,0159,Terra,MODIS,79,6.2,309.6,18.6,D,0
-14.6267,128,330.6,1.2,1.1,2014-12-15,0159,Terra,MODIS,73,6.2,294.3,16.5,D,0
-14.6185,128.0122,331.7,1.2,1.1,2014-12-15,0159,Terra,MODIS,81,6.2,293.8,18.6,D,0
-14.617,128.0014,335.2,1.2,1.1,2014-12-15,0159,Terra,MODIS,84,6.2,293.1,25,D,0
-16.374,127.7177,336.5,1.2,1.1,2014-12-15,0200,Terra,MODIS,82,6.2,305.5,24.3,D,0
-16.4099,127.6904,346.4,1.2,1.1,2014-12-15,0200,Terra,MODIS,91,6.2,307.6,44.1,D,0
-16.3507,127.7658,335.8,1.2,1.1,2014-12-15,0200,Terra,MODIS,79,6.2,308,24.1,D,0
-16.4618,127.688,328.9,1.2,1.1,2014-12-15,0200,Terra,MODIS,69,6.2,302.7,13.6,D,0
-16.338,127.7452,330.6,1.2,1.1,2014-12-15,0200,Terra,MODIS,51,6.2,307.9,13.6,D,0
-16.3711,127.6959,332.2,1.2,1.1,2014-12-15,0200,Terra,MODIS,61,6.2,307.2,17,D,0
-16.3725,127.7068,337.3,1.2,1.1,2014-12-15,0200,Terra,MODIS,82,6.2,307.1,26.4,D,0
-16.4002,127.6918,342.5,1.2,1.1,2014-12-15,0200,Terra,MODIS,88,6.2,306.2,34.8,D,0
-16.4084,127.6794,333.6,1.2,1.1,2014-12-15,0200,Terra,MODIS,78,6.2,305.8,16.4,D,0
-16.9563,131.1075,336.4,2,1.4,2014-12-15,0200,Terra,MODIS,79,6.2,305.2,44.7,D,0
-17.0142,131.0622,332.3,2,1.4,2014-12-15,0200,Terra,MODIS,71,6.2,307.2,33.2,D,0
-17.0267,131.0606,345.6,2,1.4,2014-12-15,0200,Terra,MODIS,89,6.2,306.7,93.8,D,0
-17.0289,131.0795,342,2,1.4,2014-12-15,0200,Terra,MODIS,86,6.2,305.6,74.3,D,0
-17.0287,131.0546,331.8,2,1.4,2014-12-15,0200,Terra,MODIS,69,6.2,306,31,D,0
-17.0308,131.0735,338.5,2,1.4,2014-12-15,0200,Terra,MODIS,81,6.2,306.1,58.4,D,0
-16.8886,135.9169,326.8,4.7,2,2014-12-15,0200,Terra,MODIS,66,6.2,306.4,89.8,D,0
-18.3458,127.1565,343,1.2,1.1,2014-12-15,0200,Terra,MODIS,91,6.2,304.6,35.8,D,0
-18.3472,127.1674,331.6,1.2,1.1,2014-12-15,0200,Terra,MODIS,42,6.2,304.8,13.1,D,0
-18.3569,127.1661,332.7,1.2,1.1,2014-12-15,0200,Terra,MODIS,74,6.2,299.2,15.7,D,0
-16.213,131.0107,329.7,1.9,1.4,2014-12-15,0200,Terra,MODIS,70,6.2,305.1,25.7,D,0
-16.2163,131.0038,329.8,1.9,1.4,2014-12-15,0200,Terra,MODIS,50,6.2,305.8,25.8,D,0
-16.274,131.0707,327.5,2,1.4,2014-12-15,0200,Terra,MODIS,52,6.2,302.3,18.4,D,0
-18.3168,127.1606,345.4,1.2,1.1,2014-12-15,0200,Terra,MODIS,92,6.2,302.8,43.7,D,0
-18.325,127.1484,347.7,1.2,1.1,2014-12-15,0200,Terra,MODIS,93,6.2,304,48.5,D,0
-18.3265,127.1592,363.1,1.2,1.1,2014-12-15,0200,Terra,MODIS,100,6.2,305.1,95.1,D,0
-18.3346,127.147,339.1,1.2,1.1,2014-12-15,0200,Terra,MODIS,88,6.2,304.4,28.5,D,0
-18.3361,127.1579,352.8,1.2,1.1,2014-12-15,0200,Terra,MODIS,96,6.2,306,60.9,D,0
-16.236,127.761,343.7,1.2,1.1,2014-12-15,0200,Terra,MODIS,89,6.2,305,40.3,D,0
-15.9537,124.5152,375.8,1,1,2014-12-15,0200,Terra,MODIS,87,6.2,300.6,128,D,0
-16.3374,124.6787,324.1,1,1,2014-12-15,0200,Terra,MODIS,0,6.2,301.8,10.5,D,0
-16.2375,127.772,335.2,1.2,1.1,2014-12-15,0200,Terra,MODIS,80,6.2,305.3,22.8,D,0
-16.2457,127.7597,334.4,1.2,1.1,2014-12-15,0200,Terra,MODIS,79,6.2,306.2,19.5,D,0
-16.336,124.6694,325.6,1,1,2014-12-15,0200,Terra,MODIS,55,6.2,302.8,12.7,D,0
-22.2176,123.9178,397.4,1,1,2014-12-15,0201,Terra,MODIS,100,6.2,307.7,220.1,D,0
-22.0691,123.4741,337.6,1,1,2014-12-15,0201,Terra,MODIS,78,6.2,311.7,14.1,D,0
-21.276,124.3375,334.1,1,1,2014-12-15,0201,Terra,MODIS,50,6.2,302.7,17,D,0
-21.2774,124.3471,359,1,1,2014-12-15,0201,Terra,MODIS,99,6.2,301.5,69.7,D,0
-21.2788,124.3567,364.6,1,1,2014-12-15,0201,Terra,MODIS,100,6.2,300.7,86.5,D,0
-21.2826,124.3205,335,1,1,2014-12-15,0201,Terra,MODIS,51,6.2,308.8,17.4,D,0
-21.2916,124.3191,348.1,1,1,2014-12-15,0201,Terra,MODIS,93,6.2,307.8,39.7,D,0
-21.2656,124.3293,334.1,1,1,2014-12-15,0201,Terra,MODIS,53,6.2,305.6,16.4,D,0
-21.2566,124.3308,368.8,1,1,2014-12-15,0201,Terra,MODIS,100,6.2,303.4,95.7,D,0
-21.2552,124.3211,347.9,1,1,2014-12-15,0201,Terra,MODIS,94,6.2,304.1,40.2,D,0
-21.2462,124.3226,335.9,1,1,2014-12-15,0201,Terra,MODIS,85,6.2,303.5,20.7,D,0
-22.2162,123.9081,374,1,1,2014-12-15,0201,Terra,MODIS,100,6.2,310.9,109.7,D,0
-22.2147,123.8985,335,1,1,2014-12-15,0201,Terra,MODIS,74,6.2,309.7,13,D,0
-20.1403,125.4583,379.3,1,1,2014-12-15,0201,Terra,MODIS,100,6.2,307.2,139.4,D,0
-20.1417,125.4682,353.5,1,1,2014-12-15,0201,Terra,MODIS,96,6.2,307.2,54,D,0
-20.757,119.9265,348.8,1.4,1.2,2014-12-15,0201,Terra,MODIS,91,6.2,305.8,64.1,D,0
-20.7907,120.9902,330.6,1.2,1.1,2014-12-15,0201,Terra,MODIS,34,6.2,305,13.6,D,0
-20.7828,121.0038,331.3,1.2,1.1,2014-12-15,0201,Terra,MODIS,48,6.2,307,13.7,D,0
-20.7809,120.9921,336.7,1.2,1.1,2014-12-15,0201,Terra,MODIS,74,6.2,307.2,23,D,0
-20.7789,120.9803,337.5,1.2,1.1,2014-12-15,0201,Terra,MODIS,76,6.2,307.6,23.9,D,0
-20.7547,119.9129,346.6,1.4,1.2,2014-12-15,0201,Terra,MODIS,89,6.2,307.4,56.1,D,0
-20.992,121.3479,338,1.2,1.1,2014-12-15,0201,Terra,MODIS,77,6.2,312.3,15.1,D,0
-20.761,120.0779,337.7,1.4,1.2,2014-12-15,0201,Terra,MODIS,77,6.2,306,30.7,D,0
-21.7833,123.1676,344.7,1,1,2014-12-15,0201,Terra,MODIS,66,6.2,279.2,46.6,D,0
-20.7927,121.0019,344.2,1.2,1.1,2014-12-15,0201,Terra,MODIS,86,6.2,306.7,42.5,D,0
-20.1012,121.6064,329,1.2,1.1,2014-12-15,0201,Terra,MODIS,63,6.2,296.2,10.4,D,0
-20.761,119.9196,346.6,1.4,1.2,2014-12-15,0201,Terra,MODIS,88,6.2,306.5,56.4,D,0
-20.9938,121.3591,345.1,1.2,1.1,2014-12-15,0201,Terra,MODIS,87,6.2,311.2,31.3,D,0
-21.0034,121.3574,339.2,1.2,1.1,2014-12-15,0201,Terra,MODIS,79,6.2,311.7,18.2,D,0
-20.7632,120.0911,348.4,1.4,1.2,2014-12-15,0201,Terra,MODIS,91,6.2,305.6,64.2,D,0
-24.5246,126.6283,339,1.3,1.1,2014-12-15,0202,Terra,MODIS,70,6.2,316.2,18.3,D,0
-24.5448,126.6255,350.7,1.3,1.1,2014-12-15,0202,Terra,MODIS,93,6.2,315.2,53.2,D,0
-24.5331,126.6143,342.8,1.3,1.1,2014-12-15,0202,Terra,MODIS,77,6.2,315.5,29.4,D,0
-24.5063,126.6367,338.9,1.3,1.1,2014-12-15,0202,Terra,MODIS,75,6.2,315.2,19.7,D,0
-24.525,126.6213,338,1.3,1.1,2014-12-15,0202,Terra,MODIS,44,6.2,315.9,15.6,D,0
-24.9402,123.2852,330.1,1,1,2014-12-15,0202,Terra,MODIS,26,6.2,277.7,13.4,D,0
-25.4152,125.7924,346.6,1.2,1.1,2014-12-15,0202,Terra,MODIS,88,6.2,313.1,36.4,D,0
-24.5347,126.6269,342.3,1.3,1.1,2014-12-15,0202,Terra,MODIS,82,6.2,315.5,27.2,D,0
-24.5047,126.6242,338.9,1.3,1.1,2014-12-15,0202,Terra,MODIS,81,6.2,316.8,19.9,D,0
-24.8984,123.252,347.6,1,1,2014-12-15,0202,Terra,MODIS,85,6.2,299.4,41.3,D,0
-24.9074,123.2504,349.4,1,1,2014-12-15,0202,Terra,MODIS,83,6.2,295,44.5,D,0
-24.9089,123.2603,352,1,1,2014-12-15,0202,Terra,MODIS,84,6.2,292.5,49.3,D,0
-27.6967,124.4779,340.2,1.1,1,2014-12-15,0203,Terra,MODIS,62,6.2,302.4,29.8,D,0
-30.8694,121.4914,335.2,1,1,2014-12-15,0204,Terra,MODIS,72,6.2,317.9,12.7,D,2
-31.7512,152.632,316.1,3.4,1.7,2014-12-15,0304,Aqua,MODIS,65,6.2,292.7,60.5,D,0
-31.7355,152.63,325.4,3.4,1.7,2014-12-15,0304,Aqua,MODIS,78,6.2,293.3,112.9,D,0
-31.7377,152.5962,375.8,3.4,1.7,2014-12-15,0304,Aqua,MODIS,100,6.2,294.7,783,D,0
-31.74,152.5594,323.4,3.4,1.7,2014-12-15,0304,Aqua,MODIS,76,6.2,290.9,104.2,D,0
-31.7409,152.6241,348.3,3.4,1.7,2014-12-15,0304,Aqua,MODIS,94,6.2,293.6,321.4,D,0
-31.7434,152.5889,371.6,3.4,1.7,2014-12-15,0304,Aqua,MODIS,100,6.2,294.2,693.2,D,0
-22.9337,150.2116,325.6,4,1.9,2014-12-15,0307,Aqua,MODIS,79,6.2,297.9,113.5,D,0
-23.5431,150.2755,326.4,4,1.9,2014-12-15,0307,Aqua,MODIS,79,6.2,300.2,118.6,D,0
-23.5563,150.2735,319.7,4,1.9,2014-12-15,0307,Aqua,MODIS,55,6.2,299.1,65.7,D,0
-22.9407,150.3289,320.7,3.9,1.8,2014-12-15,0307,Aqua,MODIS,73,6.2,298.6,76.6,D,0
-22.9385,150.2201,321.7,4,1.9,2014-12-15,0307,Aqua,MODIS,74,6.2,298.2,78.6,D,0
-22.9462,150.3375,316.7,3.9,1.8,2014-12-15,0307,Aqua,MODIS,62,6.2,298.8,50.1,D,0
-42.0362,146.8021,317.2,1.5,1.2,2014-12-15,0440,Aqua,MODIS,71,6.2,301.4,14.5,D,0
-42.0327,146.8195,316.3,1.5,1.2,2014-12-15,0440,Aqua,MODIS,69,6.2,302.6,12.6,D,0
-34.7824,146.2106,336.3,2,1.4,2014-12-15,0442,Aqua,MODIS,37,6.2,307.4,62.5,D,0
-32.7813,134.3174,337.9,1.3,1.1,2014-12-15,0443,Aqua,MODIS,76,6.2,321.8,25.4,D,0
-27.9263,147.6796,333.2,3.6,1.8,2014-12-15,0444,Aqua,MODIS,65,6.2,308.2,90.9,D,0
-27.9166,147.6818,337.2,3.6,1.8,2014-12-15,0444,Aqua,MODIS,76,6.2,309.1,129.8,D,0
-27.9183,147.7159,330.2,3.6,1.8,2014-12-15,0444,Aqua,MODIS,48,6.2,308.4,70.4,D,0
-27.6135,127.4692,336.6,3.2,1.7,2014-12-15,0444,Aqua,MODIS,67,6.2,313.2,62.9,D,0
-27.6267,127.4418,342.3,3.3,1.7,2014-12-15,0444,Aqua,MODIS,83,6.2,312,124.8,D,0
-27.6192,127.5407,335.3,3.2,1.7,2014-12-15,0444,Aqua,MODIS,60,6.2,310.3,59.6,D,0
-27.6081,127.5351,334.9,3.2,1.7,2014-12-15,0444,Aqua,MODIS,67,6.2,311.9,51,D,0
-27.6161,127.4363,336.2,3.3,1.7,2014-12-15,0444,Aqua,MODIS,59,6.2,312,62.2,D,0
-24.1955,126.3757,338.3,3.6,1.8,2014-12-15,0445,Aqua,MODIS,82,6.2,309.6,106.4,D,0
-24.2115,126.3774,342.4,3.6,1.8,2014-12-15,0445,Aqua,MODIS,86,6.2,310.9,157,D,0
-24.2276,126.3789,351.4,3.6,1.8,2014-12-15,0445,Aqua,MODIS,94,6.2,308.1,262.1,D,0
-24.2247,126.4142,386,3.5,1.8,2014-12-15,0445,Aqua,MODIS,100,6.2,310.7,975.4,D,0
-24.1997,126.4045,344.2,3.5,1.8,2014-12-15,0445,Aqua,MODIS,88,6.2,311,160.2,D,0
-24.2158,126.406,361.1,3.5,1.8,2014-12-15,0445,Aqua,MODIS,100,6.2,312.1,401.5,D,0
-24.2087,126.4128,350.9,3.5,1.8,2014-12-15,0445,Aqua,MODIS,94,6.2,310.8,255.9,D,0
-24.5334,126.6416,338.7,3.4,1.7,2014-12-15,0445,Aqua,MODIS,81,6.2,310.5,95.4,D,0
-25.4326,125.7987,349,4,1.9,2014-12-15,0445,Aqua,MODIS,91,6.2,306,290.2,D,0
-25.4388,125.7626,341.7,4.1,1.9,2014-12-15,0445,Aqua,MODIS,84,6.2,304.1,188.9,D,0
-25.4359,125.8031,369.5,4,1.9,2014-12-15,0445,Aqua,MODIS,100,6.2,305.8,700.1,D,0
-24.5017,126.6388,340.8,3.4,1.7,2014-12-15,0445,Aqua,MODIS,83,6.2,310.8,106.2,D,0
-24.5175,126.6402,353.3,3.4,1.7,2014-12-15,0445,Aqua,MODIS,95,6.2,312.7,263.4,D,0
-24.5148,126.6743,338.9,3.4,1.7,2014-12-15,0445,Aqua,MODIS,81,6.2,306.2,85.8,D,0
-24.536,126.6076,344.7,3.4,1.7,2014-12-15,0445,Aqua,MODIS,88,6.2,311.3,161.8,D,0
-24.5076,126.6321,348.6,3.4,1.7,2014-12-15,0445,Aqua,MODIS,91,6.2,312.5,193.5,D,0
-24.5047,126.6661,335.7,3.4,1.7,2014-12-15,0445,Aqua,MODIS,76,6.2,308.3,49.6,D,0
-24.5263,126.5995,337.8,3.4,1.7,2014-12-15,0445,Aqua,MODIS,79,6.2,310.5,84.4,D,0
-24.5234,126.6335,345.7,3.4,1.7,2014-12-15,0445,Aqua,MODIS,89,6.2,312.6,166.1,D,0
-24.5205,126.6676,342.5,3.4,1.7,2014-12-15,0445,Aqua,MODIS,85,6.2,308.4,123.5,D,0
-24.5392,126.6349,337.3,3.4,1.7,2014-12-15,0445,Aqua,MODIS,78,6.2,310.1,87.9,D,0
-22.6432,146.37,334.7,3.9,1.8,2014-12-15,0445,Aqua,MODIS,69,6.2,302.8,165.8,D,0
-22.6725,146.372,333.7,3.9,1.8,2014-12-15,0445,Aqua,MODIS,67,6.2,300.7,144.9,D,0
-22.648,146.4064,360.9,3.9,1.8,2014-12-15,0445,Aqua,MODIS,100,6.2,302,546.3,D,0
-22.6561,146.3678,346.6,3.9,1.8,2014-12-15,0445,Aqua,MODIS,89,6.2,301.3,305.1,D,0
-22.6348,146.4085,336.1,3.9,1.8,2014-12-15,0445,Aqua,MODIS,73,6.2,301.3,175.5,D,0
-23.7174,146.0646,330,3.5,1.8,2014-12-15,0445,Aqua,MODIS,51,6.2,307.6,85.8,D,0
-22.991,146.8191,337,4.1,1.9,2014-12-15,0445,Aqua,MODIS,76,6.2,304.3,208.6,D,0
-23.7107,146.0715,330,3.5,1.8,2014-12-15,0445,Aqua,MODIS,54,6.2,307.4,84.3,D,0
-22.6841,146.34,335.4,3.9,1.8,2014-12-15,0445,Aqua,MODIS,71,6.2,303.3,163.2,D,0
-22.6759,146.3782,346.9,3.9,1.8,2014-12-15,0445,Aqua,MODIS,89,6.2,302.8,304.7,D,0
-20.7385,139.4777,346.6,1.4,1.2,2014-12-15,0446,Aqua,MODIS,77,6.2,326.1,36.7,D,2
-20.5992,139.8129,340.8,1.5,1.2,2014-12-15,0446,Aqua,MODIS,81,6.2,324,27.7,D,0
-18.0842,145.5148,325,4.3,1.9,2014-12-15,0446,Aqua,MODIS,29,6.2,294.2,124,D,0
-20.2434,126.9702,338.5,2.9,1.6,2014-12-15,0446,Aqua,MODIS,82,6.2,307.5,75.4,D,0
-20.2408,126.9975,336.3,2.9,1.6,2014-12-15,0446,Aqua,MODIS,79,6.2,310.2,56.7,D,0
-23.4433,125.2131,331.7,4.2,1.9,2014-12-15,0446,Aqua,MODIS,61,6.2,304.3,108.4,D,0
-20.2254,126.9914,337.6,2.9,1.6,2014-12-15,0447,Aqua,MODIS,81,6.2,310.3,69,D,0
-20.142,125.461,331.9,3.7,1.8,2014-12-15,0447,Aqua,MODIS,72,6.2,303.5,83.5,D,0
-20.2427,126.9657,339.7,2.9,1.6,2014-12-15,0447,Aqua,MODIS,84,6.2,307.1,81.5,D,0
-20.24,126.9929,338.5,2.9,1.6,2014-12-15,0447,Aqua,MODIS,83,6.2,310.1,69.8,D,0
-17.0599,139.1158,333.2,1.5,1.2,2014-12-15,0447,Aqua,MODIS,62,6.2,311.9,19.5,D,0
-17.0465,139.1281,332.8,1.5,1.2,2014-12-15,0447,Aqua,MODIS,0,6.2,311.7,22.7,D,0
-17.0489,139.1138,342.1,1.5,1.2,2014-12-15,0447,Aqua,MODIS,0,6.2,313.3,45.4,D,0
-16.4651,137.5424,355,1.2,1.1,2014-12-15,0447,Aqua,MODIS,91,6.2,299.6,72.8,D,0
-16.467,137.5307,339.2,1.2,1.1,2014-12-15,0447,Aqua,MODIS,79,6.2,303.8,26.7,D,0
-16.4607,137.5061,343.4,1.2,1.1,2014-12-15,0447,Aqua,MODIS,85,6.2,307.9,36.6,D,0
-16.4904,137.5114,344.9,1.2,1.1,2014-12-15,0447,Aqua,MODIS,60,6.2,296.1,46.3,D,0
-16.4769,137.5325,336.5,1.2,1.1,2014-12-15,0447,Aqua,MODIS,48,6.2,298,24.1,D,0
-16.4787,137.5211,341.2,1.2,1.1,2014-12-15,0447,Aqua,MODIS,82,6.2,303.5,34,D,0
-16.4805,137.5096,362.9,1.2,1.1,2014-12-15,0447,Aqua,MODIS,100,6.2,305.7,102.5,D,0
-16.4706,137.5079,332.7,1.2,1.1,2014-12-15,0447,Aqua,MODIS,57,6.2,306.4,14.6,D,0
-15.3845,143.226,325.5,3.3,1.7,2014-12-15,0447,Aqua,MODIS,72,6.2,303.6,47.1,D,0
-16.3819,137.5455,336.6,1.3,1.1,2014-12-15,0447,Aqua,MODIS,75,6.2,309.9,19.5,D,0
-17.1634,134.6261,338.9,1,1,2014-12-15,0447,Aqua,MODIS,69,6.2,315.8,18.7,D,0
-17.1531,134.634,386.3,1,1,2014-12-15,0447,Aqua,MODIS,100,6.2,319.2,155.2,D,0
-17.1544,134.6246,339.7,1,1,2014-12-15,0447,Aqua,MODIS,66,6.2,314.8,18.7,D,0
-17.4199,144.5535,328,3.8,1.8,2014-12-15,0447,Aqua,MODIS,41,6.2,302.1,85,D,0
-17.4269,144.563,324.1,3.8,1.8,2014-12-15,0447,Aqua,MODIS,24,6.2,301.2,59.8,D,0
-15.9508,142.4002,358.5,2.8,1.6,2014-12-15,0447,Aqua,MODIS,71,6.2,301.1,313.4,D,0
-15.957,143.3564,335.6,3.3,1.7,2014-12-15,0447,Aqua,MODIS,83,6.2,302.4,128,D,0
-16.906,130.9981,344.9,1.3,1.1,2014-12-15,0447,Aqua,MODIS,88,6.2,314,40.2,D,0
-16.8942,131.009,344.5,1.3,1.1,2014-12-15,0447,Aqua,MODIS,87,6.2,310.8,40.3,D,0
-16.8957,130.9967,339.7,1.3,1.1,2014-12-15,0447,Aqua,MODIS,63,6.2,310.8,28.8,D,0
-16.8962,131.0164,335.3,1.3,1.1,2014-12-15,0447,Aqua,MODIS,45,6.2,310.8,18.5,D,0
-16.8978,131.0041,339.9,1.3,1.1,2014-12-15,0447,Aqua,MODIS,65,6.2,312.8,31,D,0
-16.8061,143.7247,337.3,3.4,1.7,2014-12-15,0447,Aqua,MODIS,76,6.2,299,147.9,D,0
-16.6382,131.9716,341.3,1.2,1.1,2014-12-15,0447,Aqua,MODIS,84,6.2,303.7,41.2,D,0
-17.2252,135.8404,338.6,1,1,2014-12-15,0447,Aqua,MODIS,37,6.2,320,13.1,D,0
-17.2907,135.7093,340.9,1,1,2014-12-15,0447,Aqua,MODIS,81,6.2,319.5,12.9,D,0
-17.2921,135.6997,338.2,1,1,2014-12-15,0447,Aqua,MODIS,73,6.2,319.3,8.3,D,0
-18.5975,138.0431,335.7,1.2,1.1,2014-12-15,0447,Aqua,MODIS,65,6.2,317.5,15.7,D,0
-18.3507,127.1571,335.7,2.6,1.6,2014-12-15,0447,Aqua,MODIS,71,6.2,302.7,82.8,D,0
-17.2553,136.1331,341.9,1.1,1,2014-12-15,0447,Aqua,MODIS,83,6.2,319.6,20.9,D,0
-17.1267,135.6997,335.3,1,1,2014-12-15,0447,Aqua,MODIS,28,6.2,307.9,14.3,D,0
-17.1281,135.6901,337.3,1,1,2014-12-15,0447,Aqua,MODIS,42,6.2,304.3,16.5,D,0
-15.9606,143.3494,335.1,3.3,1.7,2014-12-15,0447,Aqua,MODIS,83,6.2,302.6,125.8,D,0
-18.6984,138.1761,338.7,1.3,1.1,2014-12-15,0447,Aqua,MODIS,63,6.2,318.6,17.8,D,0
-18.32,127.1787,331.1,2.6,1.6,2014-12-15,0447,Aqua,MODIS,60,6.2,301.4,49.7,D,0
-15.9583,142.3829,327.6,2.8,1.6,2014-12-15,0447,Aqua,MODIS,48,6.2,300.1,55.2,D,0
-18.248,135.7119,343.5,1,1,2014-12-15,0447,Aqua,MODIS,52,6.2,323.9,16.5,D,0
-18.2185,135.7857,373.2,1,1,2014-12-15,0447,Aqua,MODIS,100,6.2,321.6,101.4,D,0
-18.22,135.7761,350.1,1,1,2014-12-15,0447,Aqua,MODIS,91,6.2,320,32.2,D,0
-18.2081,135.7938,376.7,1,1,2014-12-15,0447,Aqua,MODIS,100,6.2,325.1,115.5,D,0
-18.2095,135.7842,362.9,1,1,2014-12-15,0447,Aqua,MODIS,100,6.2,321.4,66.5,D,0
-18.2308,135.6405,346.9,1,1,2014-12-15,0447,Aqua,MODIS,89,6.2,323.3,26.7,D,0
-18.2322,135.6309,339.6,1,1,2014-12-15,0447,Aqua,MODIS,79,6.2,321.3,14,D,0
-18.199,135.7923,341.2,1,1,2014-12-15,0447,Aqua,MODIS,82,6.2,322,17.7,D,0
-14.4635,133.5729,358.4,1,1,2014-12-15,0448,Aqua,MODIS,98,6.2,308.6,68.5,D,0
-14.4622,133.5822,341.4,1,1,2014-12-15,0448,Aqua,MODIS,74,6.2,308.7,30.1,D,0
-14.4649,133.5637,352.5,1,1,2014-12-15,0448,Aqua,MODIS,95,6.2,306.5,54.6,D,0
-14.4519,133.5901,337,1,1,2014-12-15,0448,Aqua,MODIS,79,6.2,311.9,18.7,D,0
-14.4482,133.5517,339.1,1,1,2014-12-15,0448,Aqua,MODIS,82,6.2,308.9,20.8,D,0
-14.4442,133.5795,347,1,1,2014-12-15,0448,Aqua,MODIS,90,6.2,312.8,35.4,D,0
-14.4532,133.5808,379.4,1,1,2014-12-15,0448,Aqua,MODIS,100,6.2,314.4,132.9,D,0
-14.4469,133.5609,337.2,1,1,2014-12-15,0448,Aqua,MODIS,62,6.2,311.5,18.3,D,0
-14.4455,133.5702,357.9,1,1,2014-12-15,0448,Aqua,MODIS,98,6.2,312.8,59.9,D,0
-12.3416,131.3245,323.9,1.1,1.1,2014-12-15,0448,Aqua,MODIS,29,6.2,302.8,14.9,D,0
-14.4609,133.5914,335.4,1,1,2014-12-15,0448,Aqua,MODIS,51,6.2,310.1,19,D,0
-12.3372,131.6103,330.1,1.1,1,2014-12-15,0448,Aqua,MODIS,48,6.2,307.1,12.9,D,0
-12.5664,132.2205,331,1,1,2014-12-15,0448,Aqua,MODIS,58,6.2,309.2,19.5,D,0
-15.2636,133.5723,348.6,1,1,2014-12-15,0448,Aqua,MODIS,76,6.2,315.2,33.3,D,0
-15.2623,133.5816,343.8,1,1,2014-12-15,0448,Aqua,MODIS,67,6.2,315.4,25.5,D,0
-15.2698,133.5884,361.1,1,1,2014-12-15,0448,Aqua,MODIS,100,6.2,312.8,67.5,D,0
-15.2724,133.5698,341.4,1,1,2014-12-15,0448,Aqua,MODIS,73,6.2,312.3,23.2,D,0
-15.2711,133.5791,393.5,1,1,2014-12-15,0448,Aqua,MODIS,100,6.2,316.8,196,D,0
-12.5491,131.6835,331,1.1,1,2014-12-15,0448,Aqua,MODIS,59,6.2,303.1,21.1,D,0
-14.5199,132.04,327.9,1.1,1,2014-12-15,0448,Aqua,MODIS,52,6.2,305.4,11.3,D,0
-12.1629,132.6756,329.9,1,1,2014-12-15,0448,Aqua,MODIS,64,6.2,305.1,15.1,D,0
-12.1603,132.6942,330.8,1,1,2014-12-15,0448,Aqua,MODIS,60,6.2,305.2,14.5,D,0
-14.6217,127.9869,330.1,2,1.4,2014-12-15,0448,Aqua,MODIS,71,6.2,302.3,29.6,D,0
-15.1421,128.1744,330.2,2,1.4,2014-12-15,0448,Aqua,MODIS,0,6.2,305.9,37.3,D,0
-14.6196,128.0054,333,2,1.4,2014-12-15,0448,Aqua,MODIS,81,6.2,301.9,41.2,D,0
-12.342,132.244,330.1,1,1,2014-12-15,0448,Aqua,MODIS,63,6.2,306.8,13.5,D,0
-15.186,130.0063,322,1.5,1.2,2014-12-15,0448,Aqua,MODIS,25,6.2,301.8,18.7,D,0
-16.3574,127.6945,327.7,2.2,1.4,2014-12-15,0448,Aqua,MODIS,31,6.2,290.8,56.9,D,0
-14.617,127.998,332.1,2,1.4,2014-12-15,0448,Aqua,MODIS,82,6.2,302.2,38.1,D,0
-14.6121,132.5027,330.8,1.1,1,2014-12-15,0448,Aqua,MODIS,55,6.2,310.6,8.5,D,0
-16.2325,127.7559,352.2,2.2,1.4,2014-12-15,0448,Aqua,MODIS,83,6.2,289.7,179.5,D,0
-12.5076,131.6367,336.8,1.1,1,2014-12-15,0448,Aqua,MODIS,80,6.2,300.4,28.1,D,0
-32.7039,117.2009,346.4,1.2,1.1,2014-12-15,0622,Aqua,MODIS,91,6.2,312.5,51.8,D,0
-32.694,117.1984,326.4,1.2,1.1,2014-12-15,0622,Aqua,MODIS,67,6.2,311.1,11.2,D,0
-32.7084,117.1748,331.5,1.2,1.1,2014-12-15,0622,Aqua,MODIS,77,6.2,310.6,18.6,D,0
-32.7062,117.1878,344.2,1.2,1.1,2014-12-15,0622,Aqua,MODIS,90,6.2,314.1,45.8,D,0
-24.9039,123.2393,330.1,4.5,1.9,2014-12-15,0623,Aqua,MODIS,59,6.2,305.8,79.5,D,0
-24.9027,123.2438,330.6,4.5,1.9,2014-12-15,0623,Aqua,MODIS,67,6.2,305.6,81.4,D,0
-22.2764,121.5695,354.5,3.9,1.8,2014-12-15,0624,Aqua,MODIS,96,6.2,300.3,396.3,D,0
-22.271,121.5602,340.8,3.9,1.8,2014-12-15,0624,Aqua,MODIS,82,6.2,300.7,188.5,D,0
-22.2682,121.6077,340.6,4,1.9,2014-12-15,0624,Aqua,MODIS,82,6.2,300,197.9,D,0
-22.2795,121.6025,337.2,4,1.9,2014-12-15,0624,Aqua,MODIS,76,6.2,299.7,160,D,0
-22.263,121.5984,336.1,4,1.9,2014-12-15,0624,Aqua,MODIS,74,6.2,300.5,141.3,D,0
-20.8162,119.9208,333.5,3.2,1.7,2014-12-15,0625,Aqua,MODIS,58,6.2,301.1,90.3,D,0
-20.8098,119.9517,354.9,3.3,1.7,2014-12-15,0625,Aqua,MODIS,96,6.2,299.6,307,D,0
-20.815,119.9477,355.9,3.3,1.7,2014-12-15,0625,Aqua,MODIS,97,6.2,299.6,319.9,D,0
-20.7998,119.9442,333.5,3.3,1.7,2014-12-15,0625,Aqua,MODIS,56,6.2,300.5,76.9,D,0
-20.7846,119.9408,331.3,3.3,1.7,2014-12-15,0625,Aqua,MODIS,53,6.2,301.6,52.4,D,0
-20.7908,119.9099,330.6,3.2,1.7,2014-12-15,0625,Aqua,MODIS,44,6.2,302.2,45.7,D,0
-20.7604,119.9032,332.2,3.2,1.7,2014-12-15,0625,Aqua,MODIS,59,6.2,302.2,54.1,D,0
-20.7726,119.9305,334.5,3.3,1.7,2014-12-15,0625,Aqua,MODIS,68,6.2,302.5,73.3,D,0
-20.7786,119.8997,331.5,3.2,1.7,2014-12-15,0625,Aqua,MODIS,54,6.2,302.7,48.7,D,0
-20.7574,119.927,330.3,3.3,1.7,2014-12-15,0625,Aqua,MODIS,40,6.2,301.7,42.6,D,0
-20.7634,119.8963,331.5,3.2,1.7,2014-12-15,0625,Aqua,MODIS,54,6.2,302.4,50.1,D,0
-31.7384,152.605,308.6,1.1,1.1,2014-12-15,1229,Terra,MODIS,57,6.2,289.6,10.8,N,0
-31.7399,152.5931,303.7,1.1,1.1,2014-12-15,1229,Terra,MODIS,25,6.2,289.3,7.3,N,0
-30.2669,148.5041,303.1,1.9,1.3,2014-12-15,1230,Terra,MODIS,53,6.2,291.7,12.4,N,0
-25.4973,151.1541,305.9,1.1,1.1,2014-12-15,1231,Terra,MODIS,66,6.2,292.9,7.4,N,0
-25.4959,151.1654,321.1,1.1,1.1,2014-12-15,1231,Terra,MODIS,100,6.2,293.4,22,N,0
-27.9126,147.6897,315.6,2,1.4,2014-12-15,1231,Terra,MODIS,92,6.2,294.2,35.5,N,0
-27.9106,147.7097,308.7,2,1.4,2014-12-15,1231,Terra,MODIS,75,6.2,293.8,21.2,N,0
-27.2072,151.8003,369.1,1.1,1.1,2014-12-15,1231,Terra,MODIS,100,6.2,295.4,132.8,N,0
-27.2086,151.789,332.6,1.1,1.1,2014-12-15,1231,Terra,MODIS,100,6.2,292.2,38.3,N,0
-27.2021,151.8051,340.2,1.1,1,2014-12-15,1231,Terra,MODIS,100,6.2,291.9,52.1,N,0
-27.2035,151.7939,354,1.1,1.1,2014-12-15,1231,Terra,MODIS,100,6.2,294.5,84.1,N,0
-22.1204,148.1929,304.1,1.5,1.2,2014-12-15,1232,Terra,MODIS,58,6.2,294,9.5,N,0
-22.5767,149.799,303.7,1.2,1.1,2014-12-15,1232,Terra,MODIS,56,6.2,293.6,6.2,N,0
-16.7765,143.6797,309.7,2.7,1.6,2014-12-15,1234,Terra,MODIS,26,6.2,295.4,20,N,0
-17.3043,145.1517,314.7,2.2,1.4,2014-12-15,1234,Terra,MODIS,89,6.2,293.2,36.5,N,0
-16.7391,143.5903,309.6,2.8,1.6,2014-12-15,1234,Terra,MODIS,73,6.2,296.2,24.8,N,0
-16.7415,143.5971,307.3,2.8,1.6,2014-12-15,1234,Terra,MODIS,44,6.2,296.2,16.2,N,0
-16.7819,143.6281,308,2.8,1.6,2014-12-15,1234,Terra,MODIS,42,6.2,296.1,17.4,N,0
-16.7792,143.6539,311.7,2.8,1.6,2014-12-15,1234,Terra,MODIS,80,6.2,295.8,28.3,N,0
-17.3052,145.1452,312.7,2.2,1.4,2014-12-15,1234,Terra,MODIS,84,6.2,293.2,32.5,N,0
-17.3029,145.1655,304.6,2.1,1.4,2014-12-15,1234,Terra,MODIS,52,6.2,292.8,15.8,N,0
-16.8111,143.7608,308.7,2.7,1.6,2014-12-15,1234,Terra,MODIS,48,6.2,295.5,18.9,N,0
-16.164,143.1869,303.4,2.9,1.6,2014-12-15,1234,Terra,MODIS,55,6.2,289.5,13.9,N,0
-28.1206,121.9915,310.8,2.3,1.5,2014-12-15,1409,Terra,MODIS,39,6.2,293.6,25.8,N,0
-28.1051,122.0137,340.2,2.3,1.5,2014-12-15,1409,Terra,MODIS,100,6.2,295,142.6,N,0
-28.1072,121.9901,326.6,2.3,1.5,2014-12-15,1409,Terra,MODIS,100,6.2,293.5,76.6,N,0
-28.0898,122.0359,305.5,2.3,1.5,2014-12-15,1409,Terra,MODIS,47,6.2,289.9,20.1,N,0
-28.0918,122.0123,308,2.3,1.5,2014-12-15,1409,Terra,MODIS,72,6.2,292.5,24,N,0
-28.0939,122.0297,320.6,2.3,1.5,2014-12-15,1409,Terra,MODIS,100,6.2,292.1,58,N,0
-28.0961,122.0062,326.2,2.3,1.5,2014-12-15,1409,Terra,MODIS,100,6.2,293.6,76.8,N,0
-28.1988,122.6919,327.2,2.1,1.4,2014-12-15,1409,Terra,MODIS,69,6.2,294,72.7,N,0
-28.1967,122.7066,319.9,2.1,1.4,2014-12-15,1409,Terra,MODIS,89,6.2,291.8,53.9,N,0
-28.1987,122.6854,325.8,2.1,1.4,2014-12-15,1409,Terra,MODIS,100,6.2,293.6,72.5,N,0
-28.186,122.6839,304.7,2.1,1.4,2014-12-15,1409,Terra,MODIS,16,6.2,288.5,23.7,N,0
-28.1881,122.6626,307.9,2.1,1.4,2014-12-15,1409,Terra,MODIS,23,6.2,289,29.3,N,0
-28.3532,125.7363,306.1,1.3,1.1,2014-12-15,1409,Terra,MODIS,67,6.2,295.1,8.1,N,0
-28.9251,125.0789,316.6,1.5,1.2,2014-12-15,1409,Terra,MODIS,93,6.2,299.7,19.2,N,0
-28.9218,125.1092,310,1.5,1.2,2014-12-15,1409,Terra,MODIS,76,6.2,298.9,11.2,N,0
-28.9393,125.0501,314.1,1.5,1.2,2014-12-15,1409,Terra,MODIS,87,6.2,298.6,16.1,N,0
-28.9234,125.0941,316.7,1.5,1.2,2014-12-15,1409,Terra,MODIS,93,6.2,300.1,20,N,0
-28.9143,125.0774,316.1,1.5,1.2,2014-12-15,1409,Terra,MODIS,92,6.2,299.7,18.7,N,0
-28.9126,125.0925,322.5,1.5,1.2,2014-12-15,1409,Terra,MODIS,100,6.2,300.3,28.9,N,0
-20.7579,119.9324,305.2,2.6,1.6,2014-12-15,1411,Terra,MODIS,46,6.2,293.5,14.4,N,0
-20.784,119.9044,316.9,2.6,1.6,2014-12-15,1411,Terra,MODIS,93,6.2,293.8,47.7,N,0
-20.7954,119.9313,308.2,2.6,1.6,2014-12-15,1411,Terra,MODIS,68,6.2,293.7,22.3,N,0
-20.7814,119.9297,316.7,2.6,1.6,2014-12-15,1411,Terra,MODIS,93,6.2,293.6,47,N,0
-21.0773,123.0907,312.9,1.6,1.2,2014-12-15,1411,Terra,MODIS,29,6.2,292.4,12.8,N,0
-21.0792,123.0822,323.6,1.6,1.2,2014-12-15,1411,Terra,MODIS,100,6.2,293.9,32.9,N,0
-20.7716,120.0847,306.3,2.5,1.5,2014-12-15,1411,Terra,MODIS,59,6.2,293.8,16.7,N,0
-20.7659,120.0787,307.1,2.5,1.5,2014-12-15,1411,Terra,MODIS,63,6.2,293.9,18.4,N,0
-21.0997,123.1001,341.6,1.6,1.2,2014-12-15,1411,Terra,MODIS,97,6.2,292,86.3,N,0
-20.7885,119.9104,327.4,2.6,1.6,2014-12-15,1411,Terra,MODIS,100,6.2,294.1,93.3,N,0
-20.786,119.9356,313.7,2.6,1.6,2014-12-15,1411,Terra,MODIS,86,6.2,293.6,37.8,N,0
-21.0791,123.0757,319.8,1.6,1.2,2014-12-15,1411,Terra,MODIS,92,6.2,293.8,24.5,N,0
-21.0903,123.0837,336.3,1.6,1.2,2014-12-15,1411,Terra,MODIS,93,6.2,295,66.8,N,0
-21.0886,123.0987,362.6,1.6,1.2,2014-12-15,1411,Terra,MODIS,100,6.2,297.2,172.3,N,0
-17.1569,134.6064,314.3,2.6,1.5,2014-12-15,1412,Terra,MODIS,85,6.2,296.2,38.6,N,0
-17.1478,134.6234,308.7,2.6,1.6,2014-12-15,1412,Terra,MODIS,63,6.2,296,22.4,N,0
-17.1521,134.5991,312.7,2.6,1.5,2014-12-15,1412,Terra,MODIS,80,6.2,296.3,34.2,N,0
-16.879,130.9931,312.6,1.4,1.2,2014-12-15,1412,Terra,MODIS,76,6.2,299,11.7,N,0
-18.4481,129.367,307.9,1.1,1.1,2014-12-15,1412,Terra,MODIS,53,6.2,296.8,6.5,N,0
-19.552,123.1715,309.4,1.5,1.2,2014-12-15,1412,Terra,MODIS,68,6.2,291.5,10.3,N,0
-19.5429,123.1561,306.9,1.5,1.2,2014-12-15,1412,Terra,MODIS,12,6.2,291.2,7.1,N,0
-13.1587,130.6407,302.9,1.6,1.2,2014-12-15,1413,Terra,MODIS,39,6.2,284.7,7.1,N,0
-16.7357,143.5847,309.1,1.2,1.1,2014-12-15,1539,Aqua,MODIS,72,6.2,297.2,7.6,N,0
-16.783,143.6865,312.2,1.2,1.1,2014-12-15,1539,Aqua,MODIS,82,6.2,296.5,10.8,N,0
-17.3033,145.1577,306.8,1,1,2014-12-15,1539,Aqua,MODIS,69,6.2,293.7,6.9,N,0
-17.3018,145.148,313.3,1,1,2014-12-15,1539,Aqua,MODIS,87,6.2,294,11.7,N,0
-16.8135,143.7504,310.2,1.2,1.1,2014-12-15,1539,Aqua,MODIS,76,6.2,295.5,8.5,N,0
-18.1432,145.5896,303.9,1,1,2014-12-15,1540,Aqua,MODIS,46,6.2,292.7,4.9,N,0
-18.0659,145.5691,303,1,1,2014-12-15,1540,Aqua,MODIS,20,6.2,291.7,4.3,N,0
-18.0804,145.5415,304.8,1,1,2014-12-15,1540,Aqua,MODIS,17,6.2,292.2,5.3,N,0
-27.9122,147.6992,312.6,1.3,1.1,2014-12-15,1542,Aqua,MODIS,85,6.2,293.2,16.8,N,0
-27.905,147.706,314.3,1.3,1.1,2014-12-15,1542,Aqua,MODIS,89,6.2,292.9,18.9,N,0
-27.2035,151.7908,300.6,2.4,1.5,2014-12-15,1542,Aqua,MODIS,31,6.2,288.9,19.6,N,0
-27.2057,151.8151,305.3,2.4,1.5,2014-12-15,1542,Aqua,MODIS,64,6.2,289.1,29.4,N,0
-30.2644,148.502,304,1.6,1.2,2014-12-15,1543,Aqua,MODIS,58,6.2,291.8,10.3,N,0
-21.0777,123.1065,318.4,1.1,1.1,2014-12-15,1719,Aqua,MODIS,97,6.2,296,14.4,N,0
-20.762,120.077,308.3,1,1,2014-12-15,1719,Aqua,MODIS,71,6.2,295.6,5.9,N,0
-20.771,120.0754,307.2,1,1,2014-12-15,1719,Aqua,MODIS,68,6.2,295.7,5.1,N,0
-20.7725,120.0851,315.2,1,1,2014-12-15,1719,Aqua,MODIS,90,6.2,295.6,11.2,N,0
-20.7804,119.9539,306.4,1,1,2014-12-15,1719,Aqua,MODIS,62,6.2,292.2,5.8,N,0
-21.0748,123.0849,349.1,1.1,1.1,2014-12-15,1719,Aqua,MODIS,100,6.2,297.5,66.7,N,0
-21.0763,123.0957,350.1,1.1,1.1,2014-12-15,1719,Aqua,MODIS,100,6.2,297.7,69,N,0
-21.0873,123.1051,322.4,1.1,1.1,2014-12-15,1719,Aqua,MODIS,100,6.2,296.3,18.5,N,0
-21.0887,123.1159,325.2,1.1,1.1,2014-12-15,1719,Aqua,MODIS,100,6.2,296.6,22.5,N,0
-21.0912,123.0988,309.1,1.1,1.1,2014-12-15,1719,Aqua,MODIS,14,6.2,296,7.3,N,0
-21.0926,123.1096,327.5,1.1,1.1,2014-12-15,1719,Aqua,MODIS,100,6.2,296.7,27.4,N,0
-21.0941,123.1204,311.2,1.1,1.1,2014-12-15,1719,Aqua,MODIS,12,6.2,296.4,9.1,N,0
-21.1007,123.0974,321.9,1.1,1.1,2014-12-15,1719,Aqua,MODIS,100,6.2,296.3,20.1,N,0
-21.1103,123.096,311.1,1.1,1.1,2014-12-15,1719,Aqua,MODIS,67,6.2,295.6,8,N,0
-21.2722,124.361,318.3,1.3,1.1,2014-12-15,1719,Aqua,MODIS,97,6.2,296.6,19.1,N,0
-21.2461,124.3064,309.1,1.3,1.1,2014-12-15,1719,Aqua,MODIS,32,6.2,296.8,7.3,N,0
-21.251,124.3441,319.8,1.3,1.1,2014-12-15,1719,Aqua,MODIS,99,6.2,297.1,20.1,N,0
-21.2486,124.3387,314.4,1.3,1.1,2014-12-15,1719,Aqua,MODIS,89,6.2,297,13.1,N,0
-21.2501,124.3512,311.4,1.3,1.1,2014-12-15,1719,Aqua,MODIS,78,6.2,297.2,9.9,N,0
-21.2737,124.3736,314.4,1.3,1.1,2014-12-15,1719,Aqua,MODIS,89,6.2,296.6,14.3,N,0
-19.5409,123.164,306.2,1.1,1,2014-12-15,1719,Aqua,MODIS,53,6.2,291.8,5.4,N,0
-19.5356,123.161,305.1,1.1,1,2014-12-15,1719,Aqua,MODIS,38,6.2,291.2,4.5,N,0
-19.5531,123.1834,305.7,1.1,1,2014-12-15,1719,Aqua,MODIS,40,6.2,292,5.3,N,0
-28.2775,124.5487,304.2,1.7,1.3,2014-12-15,1721,Aqua,MODIS,27,6.2,290.7,10.9,N,0
-28.266,124.5502,305.1,1.7,1.3,2014-12-15,1721,Aqua,MODIS,11,6.2,290.7,11.9,N,0
-28.2756,124.5317,308.8,1.7,1.3,2014-12-15,1721,Aqua,MODIS,63,6.2,290.8,16.7,N,0
-28.2642,124.5332,336.4,1.7,1.3,2014-12-15,1721,Aqua,MODIS,100,6.2,292.5,77.6,N,0
-28.1806,122.6619,301.8,1.3,1.1,2014-12-15,1721,Aqua,MODIS,16,6.2,291.7,5.7,N,0
-28.2024,122.6718,301.5,1.3,1.1,2014-12-15,1721,Aqua,MODIS,18,6.2,291.4,5.8,N,0
-30.8605,121.4961,300.1,1.2,1.1,2014-12-15,1722,Aqua,MODIS,18,6.2,289.1,6.2,N,2
-25.471,150.6103,319.6,4,1.9,2014-12-15,2328,Terra,MODIS,70,6.2,299.3,69.5,D,0
-25.4673,150.617,320.3,4,1.9,2014-12-15,2328,Terra,MODIS,71,6.2,299.4,74.2,D,0
-26.2824,149.5551,319.7,4.5,2,2014-12-15,2329,Terra,MODIS,69,6.2,302.9,57,D,0
-26.2812,149.5478,321.5,4.5,2,2014-12-15,2329,Terra,MODIS,71,6.2,302.6,72.2,D,0
-30.4242,153.0011,348.6,2.1,1.4,2014-12-15,2330,Terra,MODIS,94,6.2,297.5,166.2,D,0
-30.4287,153.023,341.6,2.1,1.4,2014-12-15,2330,Terra,MODIS,90,6.2,297.3,125.7,D,0
-35.2391,145.8624,349,4.5,2,2014-12-15,2331,Terra,MODIS,95,6.2,309.2,431.4,D,0
-35.2411,145.8699,351.3,4.5,2,2014-12-15,2331,Terra,MODIS,96,6.2,309,474.8,D,0
-35.252,145.9105,325.5,4.5,1.9,2014-12-15,2331,Terra,MODIS,79,6.2,307.4,106.6,D,0
-13.8321,143.1617,323.1,1.4,1.2,2014-12-16,0103,Terra,MODIS,45,6.2,301.4,15,D,0
-12.4044,135.6646,327.2,1.5,1.2,2014-12-16,0103,Terra,MODIS,59,6.2,296.5,23.9,D,0
-13.824,143.1561,321.8,1.3,1.2,2014-12-16,0103,Terra,MODIS,31,6.2,302.7,10.1,D,0
-12.5791,132.483,321.1,2.5,1.5,2014-12-16,0103,Terra,MODIS,0,6.2,296.7,28.9,D,0
-17.0422,139.1304,334.9,1,1,2014-12-16,0104,Terra,MODIS,45,6.2,313.5,11.5,D,0
-17.0512,139.1291,334.8,1,1,2014-12-16,0104,Terra,MODIS,63,6.2,314.1,11.8,D,0
-15.3095,143.4685,327.6,1.5,1.2,2014-12-16,0104,Terra,MODIS,73,6.2,301.1,25.8,D,0
-16.4935,137.5605,336.1,1,1,2014-12-16,0104,Terra,MODIS,52,6.2,308.9,17.2,D,0
-16.5229,137.5197,336.7,1.1,1,2014-12-16,0104,Terra,MODIS,78,6.2,307.9,19.6,D,0
-14.484,133.6139,347,1.9,1.3,2014-12-16,0104,Terra,MODIS,92,6.2,298.6,101.4,D,0
-14.4569,133.6006,325.2,1.9,1.4,2014-12-16,0104,Terra,MODIS,47,6.2,300.1,16.4,D,0
-14.4811,133.5965,328.3,1.9,1.4,2014-12-16,0104,Terra,MODIS,70,6.2,300.3,24.8,D,0
-16.0859,143.1041,324.8,1.4,1.2,2014-12-16,0104,Terra,MODIS,71,6.2,301.9,17.3,D,0
-16.0842,143.0908,322.8,1.4,1.2,2014-12-16,0104,Terra,MODIS,51,6.2,297.7,14.9,D,0
-16.7815,143.6264,326.5,1.6,1.2,2014-12-16,0104,Terra,MODIS,29,6.2,302.3,27.2,D,0
-15.188,143.8557,333.3,1.6,1.2,2014-12-16,0104,Terra,MODIS,80,6.2,296.3,45.3,D,0
-15.1884,143.8499,328.4,1.6,1.2,2014-12-16,0104,Terra,MODIS,77,6.2,296.6,34.4,D,0
-17.4569,140.8766,328.1,1.1,1.1,2014-12-16,0104,Terra,MODIS,72,6.2,305.9,11.9,D,0
-17.4584,140.8871,337.7,1.1,1.1,2014-12-16,0104,Terra,MODIS,84,6.2,306.8,27,D,0
-16.8872,135.894,334.7,1.2,1.1,2014-12-16,0104,Terra,MODIS,75,6.2,311,13.1,D,0
-16.8891,135.9055,345.5,1.2,1.1,2014-12-16,0104,Terra,MODIS,89,6.2,312.9,36.3,D,0
-15.9358,144.0742,325.5,1.7,1.3,2014-12-16,0104,Terra,MODIS,54,6.2,302.5,25.7,D,0
-15.9377,144.0895,323.4,1.7,1.3,2014-12-16,0104,Terra,MODIS,46,6.2,299.7,23.6,D,0
-15.1471,144.0716,320.6,1.6,1.3,2014-12-16,0104,Terra,MODIS,53,6.2,298.4,16.1,D,0
-17.3286,144.8943,324.3,2,1.4,2014-12-16,0104,Terra,MODIS,71,6.2,299.5,30,D,0
-17.3265,144.9005,322.1,2,1.4,2014-12-16,0104,Terra,MODIS,67,6.2,298.9,23.1,D,0
-16.4521,137.5972,339.5,1,1,2014-12-16,0104,Terra,MODIS,79,6.2,308.5,23.6,D,0
-16.4429,137.5987,334.8,1,1,2014-12-16,0104,Terra,MODIS,58,6.2,309.8,16.3,D,0
-15.9396,144.1046,322.8,1.7,1.3,2014-12-16,0104,Terra,MODIS,47,6.2,297.1,25.3,D,0
-15.9208,135.5524,333.9,1.3,1.1,2014-12-16,0104,Terra,MODIS,57,6.2,308.9,14.6,D,0
-15.9194,135.5587,333.5,1.3,1.1,2014-12-16,0104,Terra,MODIS,57,6.2,308.9,15.2,D,0
-15.9228,135.5648,331.3,1.3,1.1,2014-12-16,0104,Terra,MODIS,49,6.2,308.9,11.2,D,0
-16.1656,143.1827,325.9,1.5,1.2,2014-12-16,0104,Terra,MODIS,68,6.2,302.1,19.1,D,0
-12.9833,130.3777,319.8,3.6,1.8,2014-12-16,0104,Terra,MODIS,41,6.2,296.8,45.4,D,0
-13.2354,130.3429,320.8,3.6,1.8,2014-12-16,0104,Terra,MODIS,60,6.2,296.7,60.5,D,0
-15.4644,128.8405,323.5,4.2,1.9,2014-12-16,0104,Terra,MODIS,29,6.2,298,55.3,D,0
-15.0819,145.1429,320,1.9,1.4,2014-12-16,0104,Terra,MODIS,62,6.2,299.1,26.5,D,0
-14.9164,132.7579,330.6,2.2,1.4,2014-12-16,0104,Terra,MODIS,74,6.2,301.1,43.1,D,0
-20.52,148.5487,321.3,4.2,1.9,2014-12-16,0105,Terra,MODIS,39,6.2,304.3,60.4,D,0
-16.9726,134.4306,328.6,1.5,1.2,2014-12-16,0105,Terra,MODIS,42,6.2,307,12.9,D,0
-20.5172,148.556,323.6,4.2,1.9,2014-12-16,0105,Terra,MODIS,56,6.2,304.2,72.7,D,0
-17.1494,134.6049,331.8,1.5,1.2,2014-12-16,0105,Terra,MODIS,51,6.2,309.8,14.3,D,0
-17.1849,135.8292,334.6,1.2,1.1,2014-12-16,0105,Terra,MODIS,59,6.2,310.1,11.9,D,0
-19.6921,147.0115,328.9,3.1,1.7,2014-12-16,0105,Terra,MODIS,73,6.2,301.4,77.3,D,0
-20.5209,148.5963,324,4.2,1.9,2014-12-16,0105,Terra,MODIS,47,6.2,304.9,72.3,D,0
-23.1363,146.0811,327.8,3,1.6,2014-12-16,0106,Terra,MODIS,60,6.2,307.7,60.3,D,0
-23.1217,146.0891,334.8,3,1.6,2014-12-16,0106,Terra,MODIS,77,6.2,308.4,104.3,D,0
-23.1365,146.0877,330.7,3,1.6,2014-12-16,0106,Terra,MODIS,69,6.2,307.6,77.6,D,0
-20.9165,127.9194,328.4,3.7,1.8,2014-12-16,0106,Terra,MODIS,73,6.2,295.1,82.3,D,0
-20.9239,127.9547,328.3,3.7,1.8,2014-12-16,0106,Terra,MODIS,73,6.2,295.5,78.3,D,0
-28.902,125.0658,320.6,3.8,1.8,2014-12-16,0108,Terra,MODIS,32,6.2,302.2,47,D,0
-34.509,139.0996,319.3,1.4,1.2,2014-12-16,0109,Terra,MODIS,23,6.2,305.4,10,D,0
-35.2535,145.925,323,3.9,1.8,2014-12-16,0109,Terra,MODIS,36,6.2,311.9,49.1,D,0
-35.1332,146.2429,326.8,4.1,1.9,2014-12-16,0109,Terra,MODIS,64,6.2,311.3,83.1,D,0
-35.2345,145.883,337.3,3.8,1.8,2014-12-16,0109,Terra,MODIS,83,6.2,314.8,176.8,D,0
-35.2368,145.9261,357.3,3.9,1.8,2014-12-16,0109,Terra,MODIS,98,6.2,313.9,466.4,D,0
-35.1304,146.2503,328.6,4.1,1.9,2014-12-16,0109,Terra,MODIS,70,6.2,311.2,105.1,D,0
-35.2393,145.8776,328.7,3.8,1.8,2014-12-16,0109,Terra,MODIS,38,6.2,313.8,89.3,D,0
-35.2246,145.9218,328.9,3.9,1.8,2014-12-16,0109,Terra,MODIS,65,6.2,311.2,94.1,D,0
-35.2414,145.9207,354.6,3.9,1.8,2014-12-16,0109,Terra,MODIS,96,6.2,314.3,417.6,D,0
-20.7747,119.951,329.8,2.2,1.4,2014-12-16,0244,Terra,MODIS,34,6.2,306.4,24.3,D,0
-21.1117,123.118,339.2,3.8,1.8,2014-12-16,0244,Terra,MODIS,81,6.2,301.8,168.7,D,0
-21.1182,123.1104,336.2,3.8,1.8,2014-12-16,0244,Terra,MODIS,76,6.2,300.5,137.6,D,0
-20.8005,119.9478,332,2.2,1.4,2014-12-16,0244,Terra,MODIS,58,6.2,307.3,33.1,D,0
-20.7738,119.9368,332.1,2.2,1.4,2014-12-16,0244,Terra,MODIS,55,6.2,308.6,30.3,D,0
-20.7995,119.9337,345.4,2.2,1.4,2014-12-16,0244,Terra,MODIS,88,6.2,306.8,97.1,D,0
-20.7983,119.9271,342.9,2.2,1.4,2014-12-16,0244,Terra,MODIS,85,6.2,307,81.5,D,0
-22.1536,120.8504,332.3,2.6,1.6,2014-12-16,0244,Terra,MODIS,62,6.2,307.1,44.2,D,0
-19.5571,123.1948,328,3.6,1.8,2014-12-16,0244,Terra,MODIS,64,6.2,297.8,52,D,0
-22.1603,120.8684,332.2,2.6,1.6,2014-12-16,0244,Terra,MODIS,55,6.2,307.6,43.9,D,0
-22.1562,120.876,330.4,2.6,1.6,2014-12-16,0244,Terra,MODIS,39,6.2,307.7,33,D,0
-22.7482,118.7398,332.1,1.9,1.3,2014-12-16,0245,Terra,MODIS,59,6.2,306.3,32.1,D,0
-22.7502,118.7583,335.2,1.9,1.3,2014-12-16,0245,Terra,MODIS,70,6.2,307.1,42.8,D,0
-22.7438,118.7461,344.2,1.9,1.3,2014-12-16,0245,Terra,MODIS,86,6.2,307.3,82.1,D,0
-28.1424,121.9694,346.4,3.7,1.8,2014-12-16,0246,Terra,MODIS,90,6.2,306.8,261.9,D,0
-28.1451,122.0078,357.6,3.8,1.8,2014-12-16,0246,Terra,MODIS,98,6.2,310.4,436.2,D,0
-28.1486,121.9621,326.2,3.7,1.8,2014-12-16,0246,Terra,MODIS,24,6.2,306,52.2,D,0
-28.1511,122.0005,348.8,3.8,1.8,2014-12-16,0246,Terra,MODIS,92,6.2,309.1,297.8,D,0
-28.0894,122.0176,330.2,3.8,1.8,2014-12-16,0246,Terra,MODIS,68,6.2,306.7,97.1,D,0
-28.0793,122.0127,326.3,3.8,1.8,2014-12-16,0246,Terra,MODIS,50,6.2,305.5,64.6,D,0
-26.748,122.258,328,3.8,1.8,2014-12-16,0246,Terra,MODIS,53,6.2,306.3,63.4,D,0
-26.7869,122.3323,333.4,3.8,1.8,2014-12-16,0246,Terra,MODIS,67,6.2,307.4,103.8,D,0
-26.7566,122.2894,328.9,3.8,1.8,2014-12-16,0246,Terra,MODIS,42,6.2,307.7,66.3,D,0
-26.7758,122.3267,332.9,3.8,1.8,2014-12-16,0246,Terra,MODIS,71,6.2,308.9,100,D,0
-28.1836,122.571,332,4.1,1.9,2014-12-16,0246,Terra,MODIS,72,6.2,301.9,143.8,D,0
-28.1864,122.6134,349.9,4.1,1.9,2014-12-16,0246,Terra,MODIS,93,6.2,305.2,378.8,D,0
-28.1892,122.6561,326.5,4.2,1.9,2014-12-16,0246,Terra,MODIS,48,6.2,307.5,79.9,D,0
-28.2035,122.612,326.9,4.1,1.9,2014-12-16,0246,Terra,MODIS,41,6.2,303,87,D,0
-28.2064,122.6546,336.9,4.2,1.9,2014-12-16,0246,Terra,MODIS,80,6.2,306.4,189.6,D,0
-28.1889,122.6063,350.1,4.1,1.9,2014-12-16,0246,Terra,MODIS,93,6.2,304.6,376,D,0
-28.1914,122.649,329.2,4.2,1.9,2014-12-16,0246,Terra,MODIS,25,6.2,307.4,97.3,D,0
-28.2086,122.6475,335.8,4.2,1.9,2014-12-16,0246,Terra,MODIS,78,6.2,305.4,174,D,0
-32.0596,115.9191,321.3,1.6,1.2,2014-12-16,0247,Terra,MODIS,48,6.2,303.3,12.6,D,0
-31.9933,115.9456,322.4,1.6,1.3,2014-12-16,0247,Terra,MODIS,23,6.2,302.9,11.9,D,0
-32.0709,115.9175,320.1,1.6,1.2,2014-12-16,0247,Terra,MODIS,29,6.2,303.6,9.9,D,2
-31.8016,115.846,320.8,1.6,1.2,2014-12-16,0247,Terra,MODIS,14,6.2,304.2,11.1,D,0
-32.0692,115.9118,321.7,1.6,1.2,2014-12-16,0247,Terra,MODIS,20,6.2,303,11.6,D,0
-32.0691,115.9004,319.9,1.6,1.2,2014-12-16,0247,Terra,MODIS,20,6.2,303.7,9.9,D,0
-34.0546,116.0219,312.6,1.7,1.3,2014-12-16,0248,Terra,MODIS,55,6.2,291,24,D,0
-35.9341,147.3625,327.6,1.6,1.3,2014-12-16,0346,Aqua,MODIS,25,6.2,310.5,29.5,D,0
-35.9455,147.3643,328,1.6,1.3,2014-12-16,0346,Aqua,MODIS,38,6.2,311.2,28.9,D,0
-35.9449,147.3535,346.4,1.6,1.3,2014-12-16,0346,Aqua,MODIS,92,6.2,311.2,90.5,D,0
-35.9335,147.3512,334.6,1.6,1.3,2014-12-16,0346,Aqua,MODIS,82,6.2,308.6,49.3,D,0
-35.9359,147.3447,348.2,1.6,1.3,2014-12-16,0346,Aqua,MODIS,93,6.2,309.8,99.4,D,0
-34.2575,143.628,334.1,2.7,1.6,2014-12-16,0347,Aqua,MODIS,74,6.2,316.1,57,D,0
-34.2585,143.6649,329.7,2.7,1.6,2014-12-16,0347,Aqua,MODIS,65,6.2,314.8,30.9,D,0
-33.0557,142.8778,332.2,2.9,1.6,2014-12-16,0347,Aqua,MODIS,67,6.2,315.1,54.5,D,0
-33.7993,150.8708,321.6,1.1,1,2014-12-16,0347,Aqua,MODIS,50,6.2,303.6,6.2,D,0
-34.2553,143.6577,335.5,2.7,1.6,2014-12-16,0347,Aqua,MODIS,77,6.2,315.2,64.4,D,0
-33.9935,150.8607,318.3,1.1,1,2014-12-16,0347,Aqua,MODIS,18,6.2,303.3,7.3,D,0
-34.2605,143.6352,340.4,2.7,1.6,2014-12-16,0347,Aqua,MODIS,84,6.2,316,98.4,D,0
-34.8019,146.6492,332.8,1.8,1.3,2014-12-16,0347,Aqua,MODIS,73,6.2,314.3,35.9,D,0
-34.8001,146.6685,334.5,1.7,1.3,2014-12-16,0347,Aqua,MODIS,76,6.2,313.8,41.1,D,0
-35.6826,146.3804,333,1.9,1.3,2014-12-16,0347,Aqua,MODIS,80,6.2,318.8,28.6,D,0
-33.8489,150.8974,323.8,1.1,1,2014-12-16,0347,Aqua,MODIS,36,6.2,305.4,8.7,D,0
-33.8191,150.7921,322.2,1.1,1,2014-12-16,0347,Aqua,MODIS,47,6.2,302.3,9.5,D,0
-35.1102,148.848,321.4,1.3,1.1,2014-12-16,0347,Aqua,MODIS,44,6.2,310.1,10.1,D,0
-35.1118,148.8337,322.3,1.3,1.1,2014-12-16,0347,Aqua,MODIS,49,6.2,310.9,12.5,D,0
-35.0999,148.8463,353.6,1.3,1.1,2014-12-16,0347,Aqua,MODIS,96,6.2,312.3,84.4,D,0
-35.1015,148.8313,375.8,1.3,1.1,2014-12-16,0347,Aqua,MODIS,100,6.2,319.4,186.3,D,0
-35.0896,148.8445,363.2,1.3,1.1,2014-12-16,0347,Aqua,MODIS,100,6.2,311.3,121.1,D,0
-35.0912,148.8293,391.2,1.3,1.1,2014-12-16,0347,Aqua,MODIS,100,6.2,321.3,286.1,D,0
-35.0929,148.8144,345.5,1.3,1.1,2014-12-16,0347,Aqua,MODIS,92,6.2,317.3,59.1,D,0
-34.3004,145.9351,325.9,1.9,1.4,2014-12-16,0347,Aqua,MODIS,26,6.2,313.1,24.1,D,0
-34.2985,145.9561,349.3,1.9,1.3,2014-12-16,0347,Aqua,MODIS,92,6.2,314.6,118.3,D,0
-28.0214,150.7056,355.3,1,1,2014-12-16,0348,Aqua,MODIS,96,6.2,318.6,50,D,0
-28.0124,150.704,345.7,1,1,2014-12-16,0348,Aqua,MODIS,89,6.2,316.2,30.4,D,0
-29.4079,152.7852,317.4,1,1,2014-12-16,0348,Aqua,MODIS,73,6.2,285.5,10.4,D,0
-28.6632,148.0664,361,1.2,1.1,2014-12-16,0348,Aqua,MODIS,100,6.2,314.5,91,D,0
-30.4245,153.0071,337.8,1,1,2014-12-16,0348,Aqua,MODIS,88,6.2,296.7,35.6,D,0
-28.2162,151.0837,336,1,1,2014-12-16,0348,Aqua,MODIS,80,6.2,296.4,24.7,D,0
-28.2177,151.0735,329.5,1,1,2014-12-16,0348,Aqua,MODIS,68,6.2,299.9,14.7,D,0
-31.0112,140.8565,363.8,3.8,1.8,2014-12-16,0348,Aqua,MODIS,100,6.2,310.9,526.3,D,0
-31.0169,140.8644,352.1,3.8,1.8,2014-12-16,0348,Aqua,MODIS,95,6.2,305.9,322.8,D,0
-31.0335,140.8658,331.2,3.8,1.8,2014-12-16,0348,Aqua,MODIS,71,6.2,303.8,67.7,D,0
-28.0109,150.7142,340.7,1,1,2014-12-16,0348,Aqua,MODIS,84,6.2,315.2,21.2,D,0
-31.0137,140.8156,344.7,3.8,1.8,2014-12-16,0348,Aqua,MODIS,89,6.2,310.7,216.2,D,0
-30.9945,140.8552,336.2,3.8,1.8,2014-12-16,0348,Aqua,MODIS,74,6.2,308.9,114.3,D,0
-28.02,150.7158,342.9,1,1,2014-12-16,0348,Aqua,MODIS,86,6.2,317.1,23.9,D,0
-31.0192,140.8235,342.5,3.8,1.8,2014-12-16,0348,Aqua,MODIS,87,6.2,310.3,193.7,D,0
-25.7635,150.1719,341.3,1,1,2014-12-16,0349,Aqua,MODIS,85,6.2,313.4,28,D,0
-25.7649,150.162,327.5,1,1,2014-12-16,0349,Aqua,MODIS,57,6.2,312,8.2,D,0
-26.2887,150.0267,328.6,1,1,2014-12-16,0349,Aqua,MODIS,65,6.2,310.6,9.8,D,0
-25.4877,151.6142,330.1,1,1,2014-12-16,0349,Aqua,MODIS,71,6.2,312.2,7.6,D,0
-25.2218,150.6757,331.7,1,1,2014-12-16,0349,Aqua,MODIS,75,6.2,307.2,15.5,D,0
-25.2488,150.6806,338.4,1,1,2014-12-16,0349,Aqua,MODIS,84,6.2,310.2,25.6,D,0
-25.2143,150.6642,333.2,1,1,2014-12-16,0349,Aqua,MODIS,70,6.2,309.5,15.9,D,0
-25.2157,150.6543,335.2,1,1,2014-12-16,0349,Aqua,MODIS,81,6.2,310.1,19.5,D,0
-25.8337,152.3648,323.9,1.1,1,2014-12-16,0349,Aqua,MODIS,56,6.2,301.2,12.3,D,0
-25.8393,152.2677,323.6,1.1,1,2014-12-16,0349,Aqua,MODIS,59,6.2,307,7.8,D,0
-25.2722,150.5831,341,1,1,2014-12-16,0349,Aqua,MODIS,86,6.2,313.2,26.4,D,0
-25.2708,150.593,355.6,1,1,2014-12-16,0349,Aqua,MODIS,97,6.2,312.3,56.9,D,0
-24.8389,148.1792,332.2,1.1,1,2014-12-16,0349,Aqua,MODIS,75,6.2,307,19.7,D,0
-25.0838,150.2943,340.3,1,1,2014-12-16,0349,Aqua,MODIS,86,6.2,313.1,25.3,D,0
-24.2129,151.3339,318.6,1,1,2014-12-16,0349,Aqua,MODIS,24,6.2,303.3,6.2,D,0
-24.597,150.9282,327.5,1,1,2014-12-16,0349,Aqua,MODIS,71,6.2,307.8,11.9,D,0
-24.5835,150.9563,325.1,1,1,2014-12-16,0349,Aqua,MODIS,46,6.2,306.6,9.7,D,0
-24.585,150.9464,341.6,1,1,2014-12-16,0349,Aqua,MODIS,88,6.2,308.8,32.1,D,0
-24.576,150.9448,344.3,1,1,2014-12-16,0349,Aqua,MODIS,90,6.2,309.6,37.3,D,0
-25.2978,150.7266,332.7,1,1,2014-12-16,0349,Aqua,MODIS,77,6.2,310.7,14.9,D,0
-25.2964,150.7366,356.1,1,1,2014-12-16,0349,Aqua,MODIS,97,6.2,311.2,58.9,D,0
-25.3054,150.7382,333,1,1,2014-12-16,0349,Aqua,MODIS,77,6.2,309,14.9,D,0
-26.5869,150.1238,339.1,1,1,2014-12-16,0349,Aqua,MODIS,84,6.2,310.9,24.7,D,0
-25.832,152.3757,322.8,1.1,1,2014-12-16,0349,Aqua,MODIS,45,6.2,303.9,9.9,D,0
-25.8084,152.4043,328.3,1.1,1,2014-12-16,0349,Aqua,MODIS,68,6.2,307.1,13.4,D,0
-25.2308,150.6773,343.5,1,1,2014-12-16,0349,Aqua,MODIS,89,6.2,307.5,33.5,D,0
-26.5883,150.1137,348.5,1,1,2014-12-16,0349,Aqua,MODIS,92,6.2,312.7,41.8,D,0
-26.5779,150.1222,327.5,1,1,2014-12-16,0349,Aqua,MODIS,58,6.2,310.9,9,D,0
-26.5793,150.1121,332.2,1,1,2014-12-16,0349,Aqua,MODIS,76,6.2,312.9,14.7,D,0
-25.2323,150.6674,360.3,1,1,2014-12-16,0349,Aqua,MODIS,100,6.2,310.4,70.5,D,0
-25.4892,151.604,329.7,1,1,2014-12-16,0349,Aqua,MODIS,64,6.2,312.5,7.4,D,0
-25.7907,151.129,334.5,1,1,2014-12-16,0349,Aqua,MODIS,78,6.2,310.2,18.4,D,0
-25.7753,151.1707,325.6,1,1,2014-12-16,0349,Aqua,MODIS,39,6.2,308.8,6.1,D,0
-25.7768,151.1607,339.1,1,1,2014-12-16,0349,Aqua,MODIS,84,6.2,310,24.6,D,0
-25.7797,151.1407,326.7,1,1,2014-12-16,0349,Aqua,MODIS,36,6.2,309.5,7.9,D,0
-25.7678,151.1591,328.4,1,1,2014-12-16,0349,Aqua,MODIS,66,6.2,309.7,9.9,D,0
-25.2337,150.6575,347.2,1,1,2014-12-16,0349,Aqua,MODIS,92,6.2,310.9,39.6,D,0
-25.4782,150.622,326.1,1,1,2014-12-16,0349,Aqua,MODIS,43,6.2,308.4,7.5,D,0
-26.887,152.0412,331.3,1,1,2014-12-16,0349,Aqua,MODIS,73,6.2,308,15.9,D,0
-27.3041,152.3909,325,1,1,2014-12-16,0349,Aqua,MODIS,42,6.2,305.4,9.4,D,0
-26.3655,152.4392,323.8,1.1,1,2014-12-16,0349,Aqua,MODIS,60,6.2,302.4,14.5,D,0
-27.2106,151.794,335.2,1,1,2014-12-16,0349,Aqua,MODIS,76,6.2,315.3,14.7,D,0
-25.2172,150.6444,336.9,1,1,2014-12-16,0349,Aqua,MODIS,82,6.2,310,22.6,D,0
-25.1965,150.6657,331.7,1,1,2014-12-16,0349,Aqua,MODIS,76,6.2,311.5,14.9,D,0
-24.1337,151.4388,319.4,1,1,2014-12-16,0349,Aqua,MODIS,42,6.2,304.7,6.5,D,0
-25.2233,150.6658,327,1,1,2014-12-16,0349,Aqua,MODIS,54,6.2,308.8,8.8,D,0
-25.0852,150.2844,342,1,1,2014-12-16,0349,Aqua,MODIS,87,6.2,315.5,28.4,D,0
-24.8402,148.1686,324.4,1.1,1,2014-12-16,0349,Aqua,MODIS,21,6.2,308.5,8.7,D,0
-25.9235,152.6215,324.1,1.1,1,2014-12-16,0349,Aqua,MODIS,62,6.2,307.1,8.7,D,0
-25.7974,152.4132,332.2,1.1,1,2014-12-16,0349,Aqua,MODIS,76,6.2,307.2,19.1,D,0
-25.7991,152.4025,339.3,1.1,1,2014-12-16,0349,Aqua,MODIS,86,6.2,308.1,30.9,D,0
-25.7881,152.4114,324.7,1.1,1,2014-12-16,0349,Aqua,MODIS,43,6.2,303.9,9.4,D,0
-26.2727,149.5501,339.8,1,1,2014-12-16,0349,Aqua,MODIS,84,6.2,317,19.6,D,0
-25.0295,151.6031,323.1,1,1,2014-12-16,0349,Aqua,MODIS,56,6.2,308,8.8,D,0
-26.2741,149.5398,354.8,1,1,2014-12-16,0349,Aqua,MODIS,96,6.2,317.9,51.6,D,0
-25.4796,150.6121,333.7,1,1,2014-12-16,0349,Aqua,MODIS,77,6.2,307.8,17.8,D,0
-25.2055,150.6673,361.6,1,1,2014-12-16,0349,Aqua,MODIS,100,6.2,314.3,74.2,D,0
-26.2635,149.5485,335.5,1,1,2014-12-16,0349,Aqua,MODIS,77,6.2,316.1,14.1,D,0
-26.2649,149.5383,331.6,1,1,2014-12-16,0349,Aqua,MODIS,36,6.2,315.7,9.1,D,0
-24.5369,149.2154,327.7,1,1,2014-12-16,0349,Aqua,MODIS,66,6.2,313,7.7,D,0
-26.3545,152.4482,331.3,1.1,1,2014-12-16,0349,Aqua,MODIS,77,6.2,303.5,22.9,D,0
-26.3638,152.4501,337.3,1.1,1,2014-12-16,0349,Aqua,MODIS,84,6.2,304.1,33,D,0
-24.6698,149.5163,327,1,1,2014-12-16,0349,Aqua,MODIS,65,6.2,312.8,7.8,D,0
-25.7381,149.086,326.1,1,1,2014-12-16,0349,Aqua,MODIS,54,6.2,312.4,8.8,D,0
-24.158,151.4643,320.6,1,1,2014-12-16,0349,Aqua,MODIS,54,6.2,306.3,7.9,D,0
-24.6684,149.5263,334,1,1,2014-12-16,0349,Aqua,MODIS,78,6.2,316.6,17.3,D,0
-25.2041,150.6772,338.7,1,1,2014-12-16,0349,Aqua,MODIS,84,6.2,310.1,24.3,D,0
-25.1951,150.6756,326.3,1,1,2014-12-16,0349,Aqua,MODIS,65,6.2,311,8.1,D,0
-25.2129,150.6741,333.6,1,1,2014-12-16,0349,Aqua,MODIS,71,6.2,305.1,16.5,D,0
-25.7691,152.3681,329.9,1.1,1,2014-12-16,0349,Aqua,MODIS,74,6.2,307,17.1,D,0
-25.7598,152.3663,336.4,1.1,1,2014-12-16,0349,Aqua,MODIS,83,6.2,308,27.3,D,0
-25.7343,152.2846,324.2,1.1,1,2014-12-16,0349,Aqua,MODIS,60,6.2,306.8,8.5,D,0
-25.2247,150.6559,344.4,1,1,2014-12-16,0349,Aqua,MODIS,90,6.2,310.5,34.7,D,0
-22.8571,149.9273,326.8,1,1,2014-12-16,0350,Aqua,MODIS,42,6.2,308.8,9.1,D,0
-22.8043,149.9714,323.7,1,1,2014-12-16,0350,Aqua,MODIS,47,6.2,308.9,6,D,0
-22.8057,149.9617,327.4,1,1,2014-12-16,0350,Aqua,MODIS,66,6.2,310.9,10.1,D,0
-22.7953,149.9699,325.8,1,1,2014-12-16,0350,Aqua,MODIS,54,6.2,309.6,8.5,D,0
-22.7967,149.9602,331.4,1,1,2014-12-16,0350,Aqua,MODIS,74,6.2,311,15.2,D,0
-23.3973,149.42,330.9,1,1,2014-12-16,0350,Aqua,MODIS,69,6.2,312.4,11.9,D,0
-22.7081,150.0687,326.1,1,1,2014-12-16,0350,Aqua,MODIS,54,6.2,311,7.4,D,0
-22.9419,150.0372,325.4,1,1,2014-12-16,0350,Aqua,MODIS,49,6.2,309.4,8.5,D,0
-23.7139,151.0411,321.7,1,1,2014-12-16,0350,Aqua,MODIS,50,6.2,307,7.5,D,0
-23.7433,150.6033,328.8,1,1,2014-12-16,0350,Aqua,MODIS,66,6.2,303.8,15.1,D,0
-23.7342,150.6017,332.5,1,1,2014-12-16,0350,Aqua,MODIS,78,6.2,306.3,20.8,D,0
-23.722,150.5591,348.6,1,1,2014-12-16,0350,Aqua,MODIS,93,6.2,306.3,49.3,D,0
-23.7234,150.5493,332.7,1,1,2014-12-16,0350,Aqua,MODIS,78,6.2,302.2,22.2,D,0
-22.484,150.0281,322.9,1,1,2014-12-16,0350,Aqua,MODIS,7,6.2,308.6,6.1,D,0
-22.4974,149.8715,365.6,1,1,2014-12-16,0350,Aqua,MODIS,100,6.2,314.6,86.2,D,0
-23.4131,150.0894,330.1,1,1,2014-12-16,0350,Aqua,MODIS,71,6.2,311.2,13.4,D,0
-23.3493,150.0818,340.5,1,1,2014-12-16,0350,Aqua,MODIS,86,6.2,308,26.4,D,0
-22.4277,150.0316,328,1,1,2014-12-16,0350,Aqua,MODIS,68,6.2,312.2,9.9,D,0
-23.1972,150.3098,328.4,1,1,2014-12-16,0350,Aqua,MODIS,59,6.2,310.3,10.7,D,0
-22.4598,150.0041,333.5,1,1,2014-12-16,0350,Aqua,MODIS,67,6.2,312.7,15.8,D,0
-21.9667,145.8723,330.1,1.3,1.1,2014-12-16,0350,Aqua,MODIS,32,6.2,314.3,13.7,D,0
-23.157,150.0764,380.9,1,1,2014-12-16,0350,Aqua,MODIS,100,6.2,313.4,140.3,D,0
-23.1584,150.0666,374.7,1,1,2014-12-16,0350,Aqua,MODIS,100,6.2,319.4,115.6,D,0
-23.148,150.0748,341.8,1,1,2014-12-16,0350,Aqua,MODIS,87,6.2,313.1,28.3,D,0
-23.1286,150.0815,329,1,1,2014-12-16,0350,Aqua,MODIS,37,6.2,311.4,9.3,D,0
-22.5064,149.873,331.3,1,1,2014-12-16,0350,Aqua,MODIS,67,6.2,311.6,15,D,0
-21.7951,149.1841,324.9,1,1,2014-12-16,0350,Aqua,MODIS,44,6.2,307.9,11.4,D,0
-22.4702,149.9959,371.1,1,1,2014-12-16,0350,Aqua,MODIS,100,6.2,314,102.4,D,0
-22.4674,150.0153,331.3,1,1,2014-12-16,0350,Aqua,MODIS,66,6.2,307.9,13.5,D,0
-21.9651,145.8852,330.9,1.3,1.1,2014-12-16,0350,Aqua,MODIS,45,6.2,315,15.1,D,0
-23.2299,147.4669,327.6,1.1,1.1,2014-12-16,0350,Aqua,MODIS,33,6.2,310.1,10.1,D,0
-23.789,150.2892,325.1,1,1,2014-12-16,0350,Aqua,MODIS,63,6.2,309.8,7.9,D,0
-21.1368,147.9697,331,1.1,1,2014-12-16,0350,Aqua,MODIS,48,6.2,314.6,11,D,0
-21.1461,147.9711,333.9,1.1,1,2014-12-16,0350,Aqua,MODIS,59,6.2,314.4,14.8,D,0
-21.1355,147.9798,334.3,1,1,2014-12-16,0350,Aqua,MODIS,77,6.2,314.6,15.1,D,0
-21.1447,147.9812,342,1,1,2014-12-16,0350,Aqua,MODIS,87,6.2,313.8,27.8,D,0
-21.5711,148.7524,340.5,1,1,2014-12-16,0350,Aqua,MODIS,85,6.2,310.8,28.7,D,0
-22.4808,149.8588,328.5,1,1,2014-12-16,0350,Aqua,MODIS,49,6.2,312.2,11.7,D,0
-22.4626,149.9847,367.4,1,1,2014-12-16,0350,Aqua,MODIS,0,6.2,316.6,90.6,D,0
-22.4612,149.9944,352.3,1,1,2014-12-16,0350,Aqua,MODIS,72,6.2,314.6,49.6,D,0
-21.4297,148.9713,327.2,1,1,2014-12-16,0350,Aqua,MODIS,63,6.2,311.4,11.2,D,0
-21.431,148.9616,326.6,1,1,2014-12-16,0350,Aqua,MODIS,60,6.2,310.2,10.5,D,0
-20.7529,148.7535,336,1,1,2014-12-16,0350,Aqua,MODIS,79,6.2,313.7,22,D,0
-22.475,150.0266,340.7,1,1,2014-12-16,0350,Aqua,MODIS,85,6.2,310.1,28.4,D,0
-22.2003,149.3117,351.4,1,1,2014-12-16,0350,Aqua,MODIS,94,6.2,305.2,54.8,D,0
-23.4459,147.54,327.9,1.1,1.1,2014-12-16,0350,Aqua,MODIS,55,6.2,312,10.1,D,0
-21.6073,148.7582,327.3,1,1,2014-12-16,0350,Aqua,MODIS,57,6.2,313.2,7.1,D,0
-22.1815,149.3119,327.1,1,1,2014-12-16,0350,Aqua,MODIS,59,6.2,304,14.8,D,0
-22.1913,149.3102,330.9,1,1,2014-12-16,0350,Aqua,MODIS,70,6.2,305.9,18.4,D,0
-20.7438,148.752,328.6,1,1,2014-12-16,0350,Aqua,MODIS,56,6.2,313.9,11.9,D,0
-22.1828,149.3023,332.4,1,1,2014-12-16,0350,Aqua,MODIS,73,6.2,305.1,20.4,D,0
-22.1927,149.3005,325.9,1,1,2014-12-16,0350,Aqua,MODIS,33,6.2,304.6,11.5,D,0
-22.2107,149.3035,326,1,1,2014-12-16,0350,Aqua,MODIS,55,6.2,303.2,13.1,D,0
-22.1779,149.2717,334.8,1,1,2014-12-16,0350,Aqua,MODIS,47,6.2,305.7,22.6,D,0
-22.1482,149.2866,343.3,1,1,2014-12-16,0350,Aqua,MODIS,76,6.2,300.6,37.4,D,0
-22.1572,149.2881,335.3,1,1,2014-12-16,0350,Aqua,MODIS,64,6.2,297.4,23.7,D,0
-22.638,146.2758,339.7,1.3,1.1,2014-12-16,0350,Aqua,MODIS,79,6.2,315.6,31.9,D,0
-22.6513,146.252,341.1,1.3,1.1,2014-12-16,0350,Aqua,MODIS,81,6.2,313.8,36.6,D,0
-22.6336,149.4931,323.4,1,1,2014-12-16,0350,Aqua,MODIS,42,6.2,307.9,7.4,D,0
-22.6497,146.2646,350.8,1.3,1.1,2014-12-16,0350,Aqua,MODIS,92,6.2,315.8,63.3,D,0
-22.6279,146.2743,358.4,1.3,1.1,2014-12-16,0350,Aqua,MODIS,98,6.2,317,89.7,D,0
-22.6396,146.2632,352.6,1.3,1.1,2014-12-16,0350,Aqua,MODIS,94,6.2,316.2,68.5,D,0
-22.2177,147.8335,330.9,1.1,1,2014-12-16,0350,Aqua,MODIS,65,6.2,313.4,11.7,D,0
-22.9306,150.1149,340.3,1,1,2014-12-16,0350,Aqua,MODIS,85,6.2,310.3,30,D,0
-23.241,147.4572,328.8,1.1,1.1,2014-12-16,0350,Aqua,MODIS,25,6.2,310.2,11.9,D,0
-23.2424,147.4461,330.1,1.1,1.1,2014-12-16,0350,Aqua,MODIS,42,6.2,309.7,14.3,D,0
-23.2314,147.4558,346.8,1.1,1.1,2014-12-16,0350,Aqua,MODIS,90,6.2,311.7,46.2,D,0
-23.2328,147.4446,339.1,1.1,1.1,2014-12-16,0350,Aqua,MODIS,80,6.2,311.3,29.2,D,0
-23.2342,147.4335,344.7,1.1,1.1,2014-12-16,0350,Aqua,MODIS,88,6.2,311.8,42.1,D,0
-23.2246,147.4321,326.7,1.1,1.1,2014-12-16,0350,Aqua,MODIS,29,6.2,311.4,10.5,D,0
-22.2376,148.9127,333.5,1,1,2014-12-16,0350,Aqua,MODIS,53,6.2,315.7,13.9,D,0
-22.3323,150.0595,328.4,1,1,2014-12-16,0350,Aqua,MODIS,69,6.2,310,11,D,0
-23.3752,150.0329,337.4,1,1,2014-12-16,0350,Aqua,MODIS,82,6.2,312.3,22.3,D,0
-23.3766,150.0232,343.3,1,1,2014-12-16,0350,Aqua,MODIS,88,6.2,314.1,32.2,D,0
-23.1805,150.1069,333.5,1,1,2014-12-16,0350,Aqua,MODIS,77,6.2,311.1,18.2,D,0
-23.1707,150.1087,335.2,1,1,2014-12-16,0350,Aqua,MODIS,79,6.2,310.2,20.5,D,0
-23.1721,150.0989,341.6,1,1,2014-12-16,0350,Aqua,MODIS,86,6.2,314.7,31,D,0
-23.1575,150.1364,325.7,1,1,2014-12-16,0350,Aqua,MODIS,57,6.2,307.9,8.7,D,0
-23.1589,150.1266,331.1,1,1,2014-12-16,0350,Aqua,MODIS,73,6.2,308.6,15.2,D,0
-23.1272,150.0912,327.9,1,1,2014-12-16,0350,Aqua,MODIS,34,6.2,311.2,9.1,D,0
-22.8606,149.5135,332.5,1,1,2014-12-16,0350,Aqua,MODIS,75,6.2,313.5,14.2,D,0
-22.7098,149.4761,328.9,1,1,2014-12-16,0350,Aqua,MODIS,29,6.2,308.1,12.7,D,0
-22.5557,149.7227,325.1,1,1,2014-12-16,0350,Aqua,MODIS,59,6.2,308,9.2,D,0
-22.5647,149.7242,324.7,1,1,2014-12-16,0350,Aqua,MODIS,58,6.2,307.7,8.9,D,0
-22.8714,146.6027,336.3,1.2,1.1,2014-12-16,0350,Aqua,MODIS,73,6.2,318.4,22.2,D,0
-22.247,148.9107,333.4,1,1,2014-12-16,0350,Aqua,MODIS,35,6.2,317.1,10,D,0
-23.8052,150.4883,340.2,1,1,2014-12-16,0350,Aqua,MODIS,86,6.2,306.7,31.2,D,0
-23.8067,150.4785,337.1,1,1,2014-12-16,0350,Aqua,MODIS,83,6.2,307.1,24.7,D,0
-23.8005,150.4574,328.5,1,1,2014-12-16,0350,Aqua,MODIS,66,6.2,309.6,13.1,D,0
-22.5432,149.8098,334.8,1,1,2014-12-16,0350,Aqua,MODIS,80,6.2,312,20.8,D,0
-23.0322,149.5346,330.1,1,1,2014-12-16,0350,Aqua,MODIS,69,6.2,313.4,9.5,D,0
-23.9093,150.4732,325.8,1,1,2014-12-16,0350,Aqua,MODIS,56,6.2,310.6,6.9,D,0
-22.1668,149.2202,338.8,1,1,2014-12-16,0350,Aqua,MODIS,83,6.2,311.9,24.5,D,0
-22.1654,149.23,350,1,1,2014-12-16,0350,Aqua,MODIS,93,6.2,310.2,47.1,D,0
-22.1758,149.2217,331.9,1,1,2014-12-16,0350,Aqua,MODIS,67,6.2,310.8,14.6,D,0
-22.4688,150.0056,372.8,1,1,2014-12-16,0350,Aqua,MODIS,100,6.2,312.1,107.8,D,0
-22.4584,150.0138,336.5,1,1,2014-12-16,0350,Aqua,MODIS,77,6.2,312.2,20.7,D,0
-23.9049,150.9342,328.7,1,1,2014-12-16,0350,Aqua,MODIS,69,6.2,303.8,14.6,D,0
-23.7942,151.0623,325.5,1,1,2014-12-16,0350,Aqua,MODIS,31,6.2,306.3,11.6,D,0
-23.7836,151.0705,326.6,1,1,2014-12-16,0350,Aqua,MODIS,48,6.2,304.4,13.6,D,0
-23.5697,150.2789,347.2,1,1,2014-12-16,0350,Aqua,MODIS,91,6.2,312.7,40.4,D,0
-23.7926,150.6377,324.6,1,1,2014-12-16,0350,Aqua,MODIS,56,6.2,305.3,9.6,D,0
-23.7969,150.6081,334.8,1,1,2014-12-16,0350,Aqua,MODIS,81,6.2,304.3,25.5,D,0
-23.7835,150.6361,326.6,1,1,2014-12-16,0350,Aqua,MODIS,61,6.2,305.2,10.9,D,0
-22.8266,148.4333,331.5,1,1,2014-12-16,0350,Aqua,MODIS,71,6.2,310.8,16.7,D,0
-21.7996,149.4118,352.7,1,1,2014-12-16,0350,Aqua,MODIS,95,6.2,309.5,54.6,D,0
-21.801,149.4021,327,1,1,2014-12-16,0350,Aqua,MODIS,60,6.2,307,11.4,D,0
-24.0093,148.6502,336,1,1,2014-12-16,0350,Aqua,MODIS,79,6.2,314.8,18.4,D,0
-23.9987,148.6591,343,1,1,2014-12-16,0350,Aqua,MODIS,87,6.2,314.5,29.4,D,0
-24.0001,148.6488,344.8,1,1,2014-12-16,0350,Aqua,MODIS,89,6.2,316.5,33.1,D,0
-23.9895,148.6576,356.3,1,1,2014-12-16,0350,Aqua,MODIS,97,6.2,318.6,59.8,D,0
-23.9909,148.6473,343.6,1,1,2014-12-16,0350,Aqua,MODIS,88,6.2,317.8,30.2,D,0
-23.7835,148.6853,327.9,1,1,2014-12-16,0350,Aqua,MODIS,48,6.2,312.2,9.5,D,0
-23.7743,148.6839,331.3,1,1,2014-12-16,0350,Aqua,MODIS,68,6.2,312.5,14.7,D,0
-21.8095,149.4101,328.3,1,1,2014-12-16,0350,Aqua,MODIS,53,6.2,305.5,12.2,D,0
-21.8081,149.4198,337.1,1,1,2014-12-16,0350,Aqua,MODIS,77,6.2,307.5,24.2,D,0
-21.7982,149.4214,353.3,1,1,2014-12-16,0350,Aqua,MODIS,83,6.2,309.7,55.1,D,0
-23.459,150.213,327.9,1,1,2014-12-16,0350,Aqua,MODIS,57,6.2,306.6,13.3,D,0
-23.4528,150.1919,334.5,1,1,2014-12-16,0350,Aqua,MODIS,65,6.2,313.3,20.2,D,0
-21.7892,149.4199,334.8,1,1,2014-12-16,0350,Aqua,MODIS,68,6.2,308.3,21.5,D,0
-21.7906,149.4103,339.3,1,1,2014-12-16,0350,Aqua,MODIS,84,6.2,309.1,29,D,0
-21.792,149.4007,326.1,1,1,2014-12-16,0350,Aqua,MODIS,57,6.2,308.9,10.6,D,0
-23.1248,149.8515,333.6,1,1,2014-12-16,0350,Aqua,MODIS,77,6.2,311.8,16.2,D,0
-23.0966,149.861,326,1,1,2014-12-16,0350,Aqua,MODIS,20,6.2,311,7,D,0
-22.8851,150.2369,327.9,1,1,2014-12-16,0350,Aqua,MODIS,53,6.2,309.8,11.5,D,0
-23.435,150.1932,328.2,1,1,2014-12-16,0350,Aqua,MODIS,63,6.2,310.3,9.7,D,0
-22.9614,150.2201,342.8,1,1,2014-12-16,0350,Aqua,MODIS,88,6.2,312.8,29.9,D,0
-23.2978,150.1828,335.5,1,1,2014-12-16,0350,Aqua,MODIS,80,6.2,310.7,20.2,D,0
-20.5796,148.5455,336.4,1,1,2014-12-16,0351,Aqua,MODIS,80,6.2,313.3,21.3,D,0
-20.5783,148.5552,334.4,1,1,2014-12-16,0351,Aqua,MODIS,77,6.2,314.9,17.4,D,0
-20.3192,148.2384,328.4,1,1,2014-12-16,0351,Aqua,MODIS,58,6.2,307.6,11.9,D,0
-20.5966,148.2202,327,1,1,2014-12-16,0351,Aqua,MODIS,51,6.2,310,10.4,D,0
-18.2998,144.3928,331,1.5,1.2,2014-12-16,0351,Aqua,MODIS,36,6.2,302.3,21.6,D,0
-20.5953,148.23,328.2,1,1,2014-12-16,0351,Aqua,MODIS,62,6.2,311.3,12.3,D,0
-18.3259,144.4731,339.7,1.5,1.2,2014-12-16,0351,Aqua,MODIS,65,6.2,303.9,47.9,D,0
-20.5656,148.389,334.5,1,1,2014-12-16,0351,Aqua,MODIS,78,6.2,310.4,22.8,D,0
-20.567,148.3795,341.5,1,1,2014-12-16,0351,Aqua,MODIS,86,6.2,307.9,33.2,D,0
-20.2529,148.2513,332.6,1,1,2014-12-16,0351,Aqua,MODIS,70,6.2,306.3,19.9,D,0
-20.2542,148.2415,341.9,1,1,2014-12-16,0351,Aqua,MODIS,87,6.2,307.8,33.9,D,0
-21.1524,140.2221,340.3,3.3,1.7,2014-12-16,0351,Aqua,MODIS,80,6.2,320.6,81.5,D,0
-20.5363,148.5331,348.3,1,1,2014-12-16,0351,Aqua,MODIS,92,6.2,317.6,42.4,D,0
-19.8373,146.7066,339.1,1.1,1.1,2014-12-16,0351,Aqua,MODIS,81,6.2,312,27,D,0
-19.8388,146.6957,345.1,1.1,1.1,2014-12-16,0351,Aqua,MODIS,88,6.2,312.8,39.8,D,0
-18.5587,145.6487,330.6,1.3,1.1,2014-12-16,0351,Aqua,MODIS,74,6.2,304.9,22.8,D,0
-18.5573,145.6605,327,1.3,1.1,2014-12-16,0351,Aqua,MODIS,55,6.2,305.2,14.9,D,0
-18.5558,145.6723,325.9,1.3,1.1,2014-12-16,0351,Aqua,MODIS,49,6.2,305.1,12.2,D,0
-20.5615,148.5426,327.9,1,1,2014-12-16,0351,Aqua,MODIS,47,6.2,311.5,9.2,D,0
-20.5309,148.5717,336.1,1,1,2014-12-16,0351,Aqua,MODIS,81,6.2,315.3,18.2,D,0
-20.5602,148.5523,345.8,1,1,2014-12-16,0351,Aqua,MODIS,90,6.2,314.7,36.5,D,0
-20.5692,148.5538,337.6,1,1,2014-12-16,0351,Aqua,MODIS,82,6.2,316,21.6,D,0
-20.5706,148.5441,337,1,1,2014-12-16,0351,Aqua,MODIS,79,6.2,314.1,21.6,D,0
-20.6091,148.5997,328.1,1,1,2014-12-16,0351,Aqua,MODIS,64,6.2,312.7,9.1,D,0
-18.5602,145.6369,327.9,1.3,1.1,2014-12-16,0351,Aqua,MODIS,69,6.2,303.6,18.8,D,0
-20.5376,148.5234,339.6,1,1,2014-12-16,0351,Aqua,MODIS,85,6.2,314.2,26.1,D,0
-19.752,147.4213,340.8,1.1,1,2014-12-16,0351,Aqua,MODIS,90,6.2,310.7,31.8,D,0
-19.7534,147.4111,346.5,1.1,1,2014-12-16,0351,Aqua,MODIS,93,6.2,311.5,42.5,D,0
-18.1104,145.5799,361.3,1.3,1.1,2014-12-16,0351,Aqua,MODIS,100,6.2,302.8,109.4,D,0
-18.0723,145.556,329,1.3,1.1,2014-12-16,0351,Aqua,MODIS,53,6.2,299.8,23,D,0
-18.0692,145.5797,321.5,1.2,1.1,2014-12-16,0351,Aqua,MODIS,37,6.2,298.8,17.5,D,0
-18.0985,145.5112,324.6,1.3,1.1,2014-12-16,0351,Aqua,MODIS,36,6.2,302.4,14.7,D,0
-15.3209,145.0395,321.5,1.2,1.1,2014-12-16,0352,Aqua,MODIS,63,6.2,299,15.1,D,0
-16.8932,138.0196,325.2,4.3,1.9,2014-12-16,0352,Aqua,MODIS,51,6.2,303.4,71.1,D,0
-16.8913,138.0158,326.7,4.3,1.9,2014-12-16,0352,Aqua,MODIS,72,6.2,303.4,86.9,D,0
-16.4735,137.5343,326.3,4.6,2,2014-12-16,0352,Aqua,MODIS,21,6.2,302.3,83.1,D,0
-16.4776,137.4906,328.3,4.6,2,2014-12-16,0352,Aqua,MODIS,59,6.2,302.2,108,D,0
-16.4734,137.5262,327.7,4.6,2,2014-12-16,0352,Aqua,MODIS,36,6.2,302.3,95.1,D,0
-16.4778,137.4826,328.4,4.6,2,2014-12-16,0352,Aqua,MODIS,50,6.2,302,106.3,D,0
-15.3083,143.4678,331.4,1.6,1.2,2014-12-16,0352,Aqua,MODIS,29,6.2,307.1,29,D,0
-16.897,137.9796,328.8,4.3,1.9,2014-12-16,0352,Aqua,MODIS,75,6.2,303.2,107.7,D,0
-16.8954,137.9759,328.2,4.3,1.9,2014-12-16,0352,Aqua,MODIS,75,6.2,303.2,102.7,D,0
-15.2033,143.834,343.1,1.5,1.2,2014-12-16,0352,Aqua,MODIS,90,6.2,304.3,61.3,D,0
-15.1908,143.8462,337.8,1.5,1.2,2014-12-16,0352,Aqua,MODIS,74,6.2,306.4,46.2,D,0
-15.1925,143.8325,360.8,1.5,1.2,2014-12-16,0352,Aqua,MODIS,100,6.2,304.9,133,D,0
-16.4974,144.9081,369.1,1.3,1.1,2014-12-16,0352,Aqua,MODIS,100,6.2,311.2,142,D,0
-15.1527,144.0589,338.8,1.4,1.2,2014-12-16,0352,Aqua,MODIS,86,6.2,308.1,42.1,D,0
-15.1421,144.0574,350.5,1.4,1.2,2014-12-16,0352,Aqua,MODIS,94,6.2,303.6,80.2,D,0
-15.1437,144.0443,327.8,1.4,1.2,2014-12-16,0352,Aqua,MODIS,47,6.2,302.7,17.2,D,0
-15.5348,143.9308,328.3,1.5,1.2,2014-12-16,0352,Aqua,MODIS,44,6.2,302.2,27.7,D,0
-17.4126,141.4923,326.2,2.4,1.5,2014-12-16,0352,Aqua,MODIS,49,6.2,302.6,50.2,D,0
-17.3827,141.4385,324.7,2.4,1.5,2014-12-16,0352,Aqua,MODIS,31,6.2,302.1,41.8,D,0
-15.2894,143.995,340.8,1.4,1.2,2014-12-16,0352,Aqua,MODIS,88,6.2,300,57.4,D,0
-15.9583,144.1158,331.6,1.4,1.2,2014-12-16,0352,Aqua,MODIS,43,6.2,304.2,31.8,D,0
-15.9386,144.0994,325.1,1.4,1.2,2014-12-16,0352,Aqua,MODIS,18,6.2,299.2,21.6,D,0
-15.027,144.4894,321.3,1.3,1.1,2014-12-16,0352,Aqua,MODIS,26,6.2,296.6,16.2,D,0
-16.934,137.9913,328.2,4.3,1.9,2014-12-16,0352,Aqua,MODIS,65,6.2,302.4,101.1,D,0
-16.9167,137.9895,323.1,4.3,1.9,2014-12-16,0352,Aqua,MODIS,37,6.2,302.5,57.2,D,0
-16.9316,137.9832,328.7,4.3,1.9,2014-12-16,0352,Aqua,MODIS,74,6.2,302.7,108.4,D,0
-14.0551,143.3492,329.7,1.5,1.2,2014-12-16,0352,Aqua,MODIS,33,6.2,306.4,24.4,D,0
-17.3969,141.5523,324.1,2.3,1.5,2014-12-16,0352,Aqua,MODIS,40,6.2,300.8,29.2,D,0
-16.9858,137.9966,324.6,4.3,1.9,2014-12-16,0352,Aqua,MODIS,46,6.2,303.1,74.1,D,0
-15.7406,143.5696,328.6,1.6,1.2,2014-12-16,0352,Aqua,MODIS,51,6.2,302.7,20.6,D,0
-34.5093,139.1741,331.3,3.4,1.7,2014-12-16,0525,Aqua,MODIS,73,6.2,296.2,122.9,D,0
-34.5003,139.1623,323.7,3.4,1.7,2014-12-16,0525,Aqua,MODIS,61,6.2,299.3,78,D,0
-34.7424,139.1941,329.3,3.4,1.7,2014-12-16,0525,Aqua,MODIS,81,6.2,300.1,115.2,D,0
-34.7518,139.1557,324.7,3.4,1.7,2014-12-16,0525,Aqua,MODIS,76,6.2,300.1,84.2,D,0
-34.7485,139.1878,327.6,3.4,1.7,2014-12-16,0525,Aqua,MODIS,79,6.2,300.6,98.2,D,0
-34.7332,139.1822,318.3,3.4,1.7,2014-12-16,0525,Aqua,MODIS,38,6.2,300.6,42.8,D,0
-28.131,121.9625,336.5,1.4,1.2,2014-12-16,0527,Aqua,MODIS,67,6.2,307.9,34.7,D,0
-28.0818,122.0147,358.4,1.4,1.2,2014-12-16,0527,Aqua,MODIS,98,6.2,310.7,108.3,D,0
-28.2111,122.667,341.3,1.3,1.1,2014-12-16,0527,Aqua,MODIS,49,6.2,319.6,26.3,D,0
-28.2127,122.6537,348.6,1.3,1.1,2014-12-16,0527,Aqua,MODIS,84,6.2,319,47.9,D,0
-28.2039,122.6388,340.4,1.3,1.1,2014-12-16,0527,Aqua,MODIS,47,6.2,317.7,24.6,D,0
-28.188,122.5954,338.6,1.3,1.1,2014-12-16,0527,Aqua,MODIS,55,6.2,316.5,24.5,D,0
-28.1896,122.582,340.4,1.3,1.1,2014-12-16,0527,Aqua,MODIS,68,6.2,316.5,30.8,D,0
-28.1777,122.5939,337,1.3,1.1,2014-12-16,0527,Aqua,MODIS,26,6.2,313.8,19.5,D,0
-28.1793,122.5805,352.3,1.3,1.1,2014-12-16,0527,Aqua,MODIS,94,6.2,314.8,65.5,D,0
-28.1808,122.567,340.1,1.3,1.1,2014-12-16,0527,Aqua,MODIS,80,6.2,314.5,32.8,D,0
-28.1793,122.6013,335.3,1.3,1.1,2014-12-16,0527,Aqua,MODIS,52,6.2,313.7,17.5,D,0
-28.1809,122.5879,346.9,1.3,1.1,2014-12-16,0527,Aqua,MODIS,89,6.2,315.2,48.5,D,0
-28.1825,122.5745,343.4,1.3,1.1,2014-12-16,0527,Aqua,MODIS,85,6.2,316.2,39.9,D,0
-28.1738,122.5595,340.2,1.3,1.1,2014-12-16,0527,Aqua,MODIS,80,6.2,313.7,34.5,D,0
-28.335,125.7169,339.9,1,1,2014-12-16,0527,Aqua,MODIS,72,6.2,301.8,23.6,D,0
-28.3364,125.7066,338.4,1,1,2014-12-16,0527,Aqua,MODIS,49,6.2,305.6,22.4,D,0
-28.2688,130.1572,330.4,1.3,1.1,2014-12-16,0527,Aqua,MODIS,43,6.2,311.9,12.4,D,0
-28.9027,125.0393,339.2,1.1,1,2014-12-16,0527,Aqua,MODIS,78,6.2,320.6,16.3,D,0
-28.9013,125.05,344.1,1.1,1,2014-12-16,0527,Aqua,MODIS,86,6.2,322.3,25.6,D,0
-28.8876,126.1703,346.2,1,1,2014-12-16,0527,Aqua,MODIS,88,6.2,321,28.1,D,0
-28.8786,126.1687,354.3,1,1,2014-12-16,0527,Aqua,MODIS,95,6.2,319.8,46.3,D,0
-28.8861,126.1806,335.5,1,1,2014-12-16,0527,Aqua,MODIS,60,6.2,320.8,10.2,D,0
-28.88,126.1584,343.6,1,1,2014-12-16,0527,Aqua,MODIS,80,6.2,317.6,24.1,D,0
-28.8995,126.1514,336.7,1,1,2014-12-16,0527,Aqua,MODIS,74,6.2,319,12.2,D,0
-28.889,126.16,338,1,1,2014-12-16,0527,Aqua,MODIS,49,6.2,318,13.5,D,0
-28.8981,126.1617,359.6,1,1,2014-12-16,0527,Aqua,MODIS,99,6.2,322,58.7,D,0
-27.8911,121.7599,349.2,1.5,1.2,2014-12-16,0528,Aqua,MODIS,91,6.2,316.3,67.9,D,0
-27.8803,121.7584,333.9,1.5,1.2,2014-12-16,0528,Aqua,MODIS,48,6.2,300.8,21.5,D,0
-26.7905,122.3329,359.4,1.3,1.1,2014-12-16,0528,Aqua,MODIS,99,6.2,324.1,77.4,D,0
-26.7921,122.3197,385.9,1.3,1.1,2014-12-16,0528,Aqua,MODIS,100,6.2,324.1,218.9,D,0
-26.7746,122.2902,351.2,1.3,1.1,2014-12-16,0528,Aqua,MODIS,87,6.2,320.5,50.5,D,0
-26.7762,122.2769,362,1.3,1.1,2014-12-16,0528,Aqua,MODIS,100,6.2,318.8,93.3,D,0
-26.7659,122.2754,365.8,1.3,1.1,2014-12-16,0528,Aqua,MODIS,100,6.2,320.3,108.3,D,0
-26.7588,122.2679,344.7,1.3,1.1,2014-12-16,0528,Aqua,MODIS,63,6.2,320.8,28.9,D,0
-26.7397,122.2517,349.5,1.3,1.1,2014-12-16,0528,Aqua,MODIS,89,6.2,318.7,46.7,D,0
-26.7413,122.2384,345.7,1.3,1.1,2014-12-16,0528,Aqua,MODIS,87,6.2,317.5,39,D,0
-20.1979,129.6234,353.2,1.7,1.3,2014-12-16,0529,Aqua,MODIS,94,6.2,306,100,D,0
-20.9141,127.9297,375.4,1.3,1.1,2014-12-16,0529,Aqua,MODIS,94,6.2,309.3,151.9,D,0
-21.2672,124.3633,343.2,1,1,2014-12-16,0529,Aqua,MODIS,80,6.2,318,14.5,D,0
-21.3046,124.3595,343.7,1,1,2014-12-16,0529,Aqua,MODIS,82,6.2,318.9,17,D,0
-21.2584,124.366,339.9,1,1,2014-12-16,0529,Aqua,MODIS,73,6.2,318.5,11.5,D,0
-21.2598,124.3564,339.5,1,1,2014-12-16,0529,Aqua,MODIS,63,6.2,317.7,9.4,D,0
-21.2499,124.2957,339.6,1,1,2014-12-16,0529,Aqua,MODIS,79,6.2,316.6,10.5,D,0
-22.0615,123.4679,345.7,1,1,2014-12-16,0529,Aqua,MODIS,87,6.2,321.1,20.4,D,0
-22.0629,123.4578,349.4,1.1,1,2014-12-16,0529,Aqua,MODIS,91,6.2,321.5,28.4,D,0
-21.1961,125.7423,351,1,1,2014-12-16,0529,Aqua,MODIS,93,6.2,315.5,33.8,D,0
-21.1976,125.7324,384.3,1,1,2014-12-16,0529,Aqua,MODIS,100,6.2,318.6,146,D,0
-20.8612,119.9921,330.2,1.5,1.2,2014-12-16,0529,Aqua,MODIS,36,6.2,307.4,15.6,D,0
-20.7752,119.9436,339.2,1.5,1.2,2014-12-16,0529,Aqua,MODIS,69,6.2,312.1,27.9,D,0
-20.8035,120.0815,334.2,1.5,1.2,2014-12-16,0529,Aqua,MODIS,67,6.2,309.8,15.9,D,0
-20.8212,119.9348,346.2,1.5,1.2,2014-12-16,0529,Aqua,MODIS,88,6.2,309,56.8,D,0
-20.7898,119.9155,338.2,1.6,1.2,2014-12-16,0529,Aqua,MODIS,61,6.2,310.8,22.8,D,0
-20.7915,119.9005,336.6,1.6,1.2,2014-12-16,0529,Aqua,MODIS,44,6.2,311.2,17.3,D,0
-20.7787,119.9139,348.8,1.6,1.2,2014-12-16,0529,Aqua,MODIS,91,6.2,313.9,57.1,D,0
-20.7805,119.899,348.8,1.6,1.2,2014-12-16,0529,Aqua,MODIS,91,6.2,313.2,56.7,D,0
-21.0885,123.1244,339.5,1.1,1,2014-12-16,0529,Aqua,MODIS,49,6.2,316.5,12.9,D,0
-20.7531,119.9407,339.4,1.5,1.2,2014-12-16,0529,Aqua,MODIS,79,6.2,311,27.4,D,0
-20.8194,119.9496,341.5,1.5,1.2,2014-12-16,0529,Aqua,MODIS,82,6.2,309.2,42.4,D,0
-20.8222,119.9417,346.7,1.5,1.2,2014-12-16,0529,Aqua,MODIS,88,6.2,308.5,59.1,D,0
-20.6379,124.9681,342.4,1,1,2014-12-16,0529,Aqua,MODIS,77,6.2,315.8,18.3,D,0
-18.4013,129.4792,360.9,1.8,1.3,2014-12-16,0530,Aqua,MODIS,100,6.2,313,146.4,D,0
-18.3985,129.4957,362.3,1.8,1.3,2014-12-16,0530,Aqua,MODIS,100,6.2,309.2,157.9,D,0
-18.3869,129.4934,359.6,1.8,1.3,2014-12-16,0530,Aqua,MODIS,99,6.2,290,142,D,0
-18.3897,129.4769,391.1,1.8,1.3,2014-12-16,0530,Aqua,MODIS,100,6.2,307.6,412.1,D,0
-18.3696,123.0766,350,1,1,2014-12-16,0530,Aqua,MODIS,92,6.2,306.4,44.7,D,0
-18.371,123.067,362.9,1,1,2014-12-16,0530,Aqua,MODIS,100,6.2,306.9,77.2,D,0
-18.3774,123.0877,358.3,1,1,2014-12-16,0530,Aqua,MODIS,98,6.2,304.7,67,D,0
-19.5757,123.1939,340.8,1,1,2014-12-16,0530,Aqua,MODIS,27,6.2,305.9,20.9,D,0
-18.3827,123.0491,336.7,1,1,2014-12-16,0530,Aqua,MODIS,76,6.2,305.7,18.3,D,0
-18.3996,123.0616,350.7,1,1,2014-12-16,0530,Aqua,MODIS,93,6.2,305,52.1,D,0
-18.3878,123.0794,333.5,1,1,2014-12-16,0530,Aqua,MODIS,40,6.2,303.1,19.8,D,0
-18.4825,129.3993,344.5,1.7,1.3,2014-12-16,0530,Aqua,MODIS,51,6.2,308.9,68.9,D,0
-18.3892,123.0698,358.2,1,1,2014-12-16,0530,Aqua,MODIS,98,6.2,305,67.7,D,0
-18.3905,123.0602,372.8,1,1,2014-12-16,0530,Aqua,MODIS,100,6.2,307.8,113.1,D,0
-18.3983,123.0712,355.1,1,1,2014-12-16,0530,Aqua,MODIS,96,6.2,302.8,62,D,0
-18.3683,123.0863,332.6,1,1,2014-12-16,0530,Aqua,MODIS,66,6.2,304.1,14.1,D,0
-18.3814,123.0588,349.9,1,1,2014-12-16,0530,Aqua,MODIS,92,6.2,307.5,44.5,D,0
-18.3801,123.0684,364.4,1,1,2014-12-16,0530,Aqua,MODIS,100,6.2,307.1,82.3,D,0
-18.3787,123.078,350.3,1,1,2014-12-16,0530,Aqua,MODIS,92,6.2,305.1,46.9,D,0
-19.5602,123.1715,351.7,1,1,2014-12-16,0530,Aqua,MODIS,58,6.2,313.6,41.1,D,0
-19.5524,123.1602,339.3,1,1,2014-12-16,0530,Aqua,MODIS,63,6.2,313.7,12.7,D,0
-19.5446,123.149,338.2,1,1,2014-12-16,0530,Aqua,MODIS,59,6.2,312.3,12.5,D,0
-18.3723,123.0573,331.8,1,1,2014-12-16,0530,Aqua,MODIS,60,6.2,305.2,12.1,D,0
-16.9706,134.4162,338.8,4.3,1.9,2014-12-16,0530,Aqua,MODIS,81,6.2,296.5,243.4,D,0
-16.9704,134.4113,340.2,4.3,1.9,2014-12-16,0530,Aqua,MODIS,83,6.2,296.2,265,D,0
-15.4777,134.0639,324.5,4.4,1.9,2014-12-16,0530,Aqua,MODIS,50,6.2,297.9,76.7,D,0
-16.2858,131.0632,329.8,2.5,1.5,2014-12-16,0530,Aqua,MODIS,30,6.2,301,49.6,D,0
-12.4702,131.2914,317.8,3.1,1.7,2014-12-16,0531,Aqua,MODIS,35,6.2,294.8,31.3,D,0
-12.4887,131.8934,320,3.5,1.8,2014-12-16,0531,Aqua,MODIS,60,6.2,297,41.5,D,0
-14.4091,133.6466,328.4,4.3,1.9,2014-12-16,0531,Aqua,MODIS,20,6.2,292.9,109,D,0
-12.5573,131.6552,327.3,3.3,1.7,2014-12-16,0531,Aqua,MODIS,76,6.2,297.7,83.7,D,0
-12.4651,132.1631,322.6,3.7,1.8,2014-12-16,0531,Aqua,MODIS,25,6.2,298.1,52.4,D,0
-34.0826,116.0021,315.8,4.4,1.9,2014-12-16,0704,Aqua,MODIS,64,6.2,292.4,104.9,D,0
-34.0812,116.0066,317.3,4.4,1.9,2014-12-16,0704,Aqua,MODIS,68,6.2,292.3,111.8,D,0
-36.8628,145.4624,345.4,1,1,2014-12-16,1311,Terra,MODIS,100,6.2,290.3,53.5,N,0
-36.8538,145.4605,369.2,1,1,2014-12-16,1311,Terra,MODIS,100,6.2,292.6,115.3,N,0
-36.8522,145.4717,325.1,1,1,2014-12-16,1311,Terra,MODIS,99,6.2,286.6,24,N,0
-36.2656,146.0948,305.1,1,1,2014-12-16,1311,Terra,MODIS,20,6.2,285.7,6.8,N,0
-36.8592,145.5545,326.6,1,1,2014-12-16,1311,Terra,MODIS,100,6.2,286.2,26.1,N,0
-36.8698,145.5452,315.2,1,1,2014-12-16,1311,Terra,MODIS,91,6.2,285.4,15.1,N,0
-36.9013,145.5122,325.4,1,1,2014-12-16,1311,Terra,MODIS,50,6.2,286.8,22.4,N,0
-36.8682,145.5564,305.3,1,1,2014-12-16,1311,Terra,MODIS,32,6.2,285,8.1,N,0
-36.2479,146.096,304,1,1,2014-12-16,1311,Terra,MODIS,51,6.2,286.2,6.9,N,0
-36.2487,146.0271,301.2,1,1,2014-12-16,1311,Terra,MODIS,20,6.2,285.4,5.4,N,0
-36.2754,146.1547,321.6,1,1,2014-12-16,1311,Terra,MODIS,85,6.2,288.4,19.9,N,0
-36.8608,145.5432,310.2,1,1,2014-12-16,1311,Terra,MODIS,47,6.2,284.8,10.5,N,0
-35.9628,147.3647,323.4,1.1,1,2014-12-16,1311,Terra,MODIS,100,6.2,291.9,23,N,0
-36.2697,146.1304,307.6,1,1,2014-12-16,1311,Terra,MODIS,54,6.2,285.6,8.5,N,0
-35.9444,147.3602,320.3,1.1,1,2014-12-16,1311,Terra,MODIS,62,6.2,290.8,17.9,N,0
-35.9536,147.3623,320.3,1.1,1,2014-12-16,1311,Terra,MODIS,62,6.2,291.6,18.4,N,0
-35.9352,147.358,308.7,1.1,1,2014-12-16,1311,Terra,MODIS,51,6.2,289.3,9.3,N,0
-36.277,146.1436,319.5,1,1,2014-12-16,1311,Terra,MODIS,94,6.2,287.6,17.9,N,0
-35.9463,147.3483,317.1,1.1,1,2014-12-16,1311,Terra,MODIS,50,6.2,290.3,15.2,N,0
-35.937,147.3463,307,1.1,1,2014-12-16,1311,Terra,MODIS,59,6.2,289.8,8.5,N,0
-35.9609,147.3768,307.9,1.1,1,2014-12-16,1311,Terra,MODIS,33,6.2,290.9,8.4,N,0
-36.4347,145.8855,309.2,1,1,2014-12-16,1311,Terra,MODIS,64,6.2,285.2,10,N,0
-36.238,146.1631,305.2,1,1,2014-12-16,1311,Terra,MODIS,63,6.2,287,8.2,N,0
-36.2434,146.1821,307.6,1,1,2014-12-16,1311,Terra,MODIS,8,6.2,287.5,8.3,N,0
-36.2364,146.1742,309.6,1,1,2014-12-16,1311,Terra,MODIS,78,6.2,287.9,11.2,N,0
-36.4502,145.8428,325.3,1,1,2014-12-16,1311,Terra,MODIS,99,6.2,287.4,22.9,N,0
-37.1669,144.6488,300.8,1,1,2014-12-16,1311,Terra,MODIS,34,6.2,281.1,7.5,N,0
-37.1685,144.6372,312.4,1,1,2014-12-16,1311,Terra,MODIS,85,6.2,281.7,15.3,N,0
-34.7972,146.6614,307.1,1,1,2014-12-16,1312,Terra,MODIS,70,6.2,290,8.8,N,0
-33.018,142.9342,375.3,1.1,1,2014-12-16,1312,Terra,MODIS,100,6.2,301.4,147,N,0
-33.0166,142.9456,312.2,1.1,1,2014-12-16,1312,Terra,MODIS,84,6.2,294.6,11,N,0
-33.0346,142.8787,305.3,1.1,1,2014-12-16,1312,Terra,MODIS,64,6.2,292.5,6.9,N,0
-33.0332,142.8902,356.9,1.1,1,2014-12-16,1312,Terra,MODIS,100,6.2,297.2,86,N,0
-33.0317,142.9017,305.5,1.1,1,2014-12-16,1312,Terra,MODIS,46,6.2,293.3,6.4,N,0
-33.0115,142.9384,354.6,1.1,1,2014-12-16,1312,Terra,MODIS,100,6.2,298.2,79.3,N,0
-33.0238,142.8885,316.9,1.1,1,2014-12-16,1312,Terra,MODIS,94,6.2,292.8,15.6,N,0
-33.0224,142.8999,310.2,1.1,1,2014-12-16,1312,Terra,MODIS,79,6.2,293,9.7,N,0
-33.0195,142.9228,313.1,1.1,1,2014-12-16,1312,Terra,MODIS,86,6.2,293.3,12.1,N,0
-32.9993,142.9595,304.6,1.1,1,2014-12-16,1312,Terra,MODIS,61,6.2,292.7,6.4,N,0
-33.013,142.927,325.8,1.1,1,2014-12-16,1312,Terra,MODIS,100,6.2,293.9,25.9,N,0
-34.2537,143.6596,308.7,1,1,2014-12-16,1312,Terra,MODIS,75,6.2,290.5,9.7,N,0
-34.246,143.6466,305.1,1,1,2014-12-16,1312,Terra,MODIS,42,6.2,290,7.1,N,0
-35.077,148.82,323.3,1.2,1.1,2014-12-16,1312,Terra,MODIS,91,6.2,293.3,25.2,N,0
-35.0779,148.814,318.2,1.2,1.1,2014-12-16,1312,Terra,MODIS,89,6.2,292.6,19.3,N,0
-33.0308,142.9833,305,1.1,1,2014-12-16,1312,Terra,MODIS,63,6.2,292.4,6.5,N,0
-34.2445,143.6579,307.3,1,1,2014-12-16,1312,Terra,MODIS,63,6.2,290.4,8.6,N,0
-33.0293,142.9947,307.1,1.1,1,2014-12-16,1312,Terra,MODIS,70,6.2,292.5,8.1,N,0
-33.0288,142.9245,312.5,1.1,1,2014-12-16,1312,Terra,MODIS,85,6.2,293,11.5,N,0
-33.0273,142.9359,323.5,1.1,1,2014-12-16,1312,Terra,MODIS,100,6.2,294.5,22.5,N,0
-28.6635,148.0714,318.6,1.4,1.2,2014-12-16,1313,Terra,MODIS,97,6.2,293.4,27.5,N,0
-30.9845,140.9508,311,1.2,1.1,2014-12-16,1313,Terra,MODIS,40,6.2,296.7,9.7,N,0
-23.823,150.4817,311.5,2.6,1.6,2014-12-16,1314,Terra,MODIS,83,6.2,292.5,37.8,N,0
-23.8092,150.4783,306.7,2.6,1.6,2014-12-16,1314,Terra,MODIS,69,6.2,292.2,25.9,N,0
-23.8187,150.4741,316.7,2.6,1.6,2014-12-16,1314,Terra,MODIS,94,6.2,292.7,56.6,N,0
-22.1473,149.2672,304.8,2.3,1.5,2014-12-16,1315,Terra,MODIS,62,6.2,292.6,18.3,N,0
-20.7332,139.4784,317.8,1.1,1.1,2014-12-16,1316,Terra,MODIS,95,6.2,298.1,12.1,N,2
-18.102,145.5775,310,1.5,1.2,2014-12-16,1316,Terra,MODIS,79,6.2,292.6,19.1,N,0
-18.1588,145.574,304.8,1.5,1.2,2014-12-16,1316,Terra,MODIS,62,6.2,293.2,10.1,N,0
-18.16,145.58,303.9,1.5,1.2,2014-12-16,1316,Terra,MODIS,13,6.2,293.2,8.2,N,0
-15.5914,143.6415,305.7,1.3,1.1,2014-12-16,1317,Terra,MODIS,59,6.2,294.4,5.2,N,0
-16.1366,143.0331,316.7,1.2,1.1,2014-12-16,1317,Terra,MODIS,92,6.2,297.5,12.9,N,0
-16.7164,143.5804,308.5,1.2,1.1,2014-12-16,1317,Terra,MODIS,65,6.2,296.8,5.8,N,0
-17.1994,134.6278,311.9,2,1.4,2014-12-16,1317,Terra,MODIS,76,6.2,297.8,16.5,N,0
-17.1982,134.6212,312.3,2,1.4,2014-12-16,1317,Terra,MODIS,77,6.2,297.6,17.8,N,0
-16.1462,143.0347,313.7,1.2,1.1,2014-12-16,1317,Terra,MODIS,85,6.2,297.4,9.9,N,0
-16.2033,143.0064,310.3,1.1,1.1,2014-12-16,1317,Terra,MODIS,74,6.2,297,7.1,N,0
-16.205,142.9958,320.7,1.1,1.1,2014-12-16,1317,Terra,MODIS,100,6.2,297.1,17.9,N,0
-16.7378,143.5726,310.9,1.2,1.1,2014-12-16,1317,Terra,MODIS,42,6.2,297.3,7.1,N,0
-16.0714,143.1151,307.3,1.2,1.1,2014-12-16,1317,Terra,MODIS,62,6.2,296.9,4.7,N,0
-15.1729,143.8268,314.2,1.3,1.1,2014-12-16,1317,Terra,MODIS,88,6.2,294.5,14.3,N,0
-15.185,143.8165,305.6,1.3,1.1,2014-12-16,1317,Terra,MODIS,53,6.2,294.4,5.1,N,0
-17.2732,130.8857,310.2,3.9,1.8,2014-12-16,1317,Terra,MODIS,52,6.2,287.8,50.8,N,0
-17.0676,131.0415,308.9,3.8,1.8,2014-12-16,1317,Terra,MODIS,67,6.2,292.3,31.8,N,0
-16.966,130.9884,307.7,3.8,1.8,2014-12-16,1317,Terra,MODIS,62,6.2,292.6,27.9,N,0
-16.7005,135.4453,317.9,1.7,1.3,2014-12-16,1317,Terra,MODIS,94,6.2,299.1,25.7,N,0
-15.1622,144.027,312,1.3,1.2,2014-12-16,1317,Terra,MODIS,79,6.2,292.5,14.3,N,0
-16.7262,143.5821,308.5,1.2,1.1,2014-12-16,1317,Terra,MODIS,40,6.2,297,5.4,N,0
-16.9827,135.7489,311.4,1.7,1.3,2014-12-16,1317,Terra,MODIS,73,6.2,299,12.2,N,0
-16.9852,135.7435,313.6,1.7,1.3,2014-12-16,1317,Terra,MODIS,81,6.2,299.2,15.9,N,0
-17.0612,131.0343,308.8,3.8,1.8,2014-12-16,1317,Terra,MODIS,67,6.2,292,32,N,0
-16.8063,143.6604,308.4,1.2,1.1,2014-12-16,1317,Terra,MODIS,64,6.2,296.9,5.5,N,0
-16.8072,143.7249,310.3,1.2,1.1,2014-12-16,1317,Terra,MODIS,24,6.2,297,6.6,N,0
-16.817,143.7266,310.2,1.2,1.1,2014-12-16,1317,Terra,MODIS,15,6.2,297,6.3,N,0
-16.8331,143.753,320.6,1.2,1.1,2014-12-16,1317,Terra,MODIS,100,6.2,297.5,18.1,N,0
-16.728,143.5708,314.3,1.2,1.1,2014-12-16,1317,Terra,MODIS,86,6.2,297,10.9,N,0
-16.7444,143.7316,310.8,1.2,1.1,2014-12-16,1317,Terra,MODIS,74,6.2,296.9,7.8,N,0
-15.448,143.9679,307.5,1.3,1.1,2014-12-16,1317,Terra,MODIS,43,6.2,294.5,6.8,N,0
-15.4377,143.9661,310,1.3,1.1,2014-12-16,1317,Terra,MODIS,77,6.2,294.6,9.5,N,0
-16.8412,143.7662,309.3,1.2,1.1,2014-12-16,1317,Terra,MODIS,38,6.2,297.2,5.7,N,0
-17.1077,142.393,311,1.1,1,2014-12-16,1317,Terra,MODIS,72,6.2,298.7,6.3,N,0
-16.843,143.7547,312.6,1.2,1.1,2014-12-16,1317,Terra,MODIS,80,6.2,297.5,8.9,N,0
-17.1277,142.3862,309,1.1,1,2014-12-16,1317,Terra,MODIS,62,6.2,299,5,N,0
-17.1967,134.5234,309.8,2.1,1.4,2014-12-16,1317,Terra,MODIS,66,6.2,297.4,12.5,N,0
-17.1736,134.5008,311.2,2.1,1.4,2014-12-16,1317,Terra,MODIS,71,6.2,297.1,13.8,N,0
-16.1553,143.169,306.8,1.2,1.1,2014-12-16,1317,Terra,MODIS,60,6.2,296.6,4.8,N,0
-16.1571,143.1752,307.8,1.2,1.1,2014-12-16,1317,Terra,MODIS,40,6.2,296.6,4.7,N,0
-15.2486,143.9971,304.4,1.3,1.1,2014-12-16,1317,Terra,MODIS,29,6.2,291.5,8.1,N,0
-15.2383,143.9953,303.4,1.3,1.1,2014-12-16,1317,Terra,MODIS,19,6.2,291.6,7.4,N,0
-16.3988,142.9972,306.3,1.1,1.1,2014-12-16,1317,Terra,MODIS,30,6.2,296.2,5.2,N,0
-23.8138,150.486,304.1,2.7,1.6,2014-12-16,1446,Aqua,MODIS,58,6.2,290.9,23.6,N,0
-35.0814,148.8294,303.8,1.9,1.4,2014-12-16,1449,Aqua,MODIS,51,6.2,289.4,15.2,N,0
-36.2667,146.146,301.3,2.6,1.6,2014-12-16,1449,Aqua,MODIS,40,6.2,283.5,25.9,N,0
-35.9445,147.3558,300.9,2.3,1.5,2014-12-16,1449,Aqua,MODIS,26,6.2,286.6,18.9,N,0
-34.4615,150.8847,304.8,1.5,1.2,2014-12-16,1449,Aqua,MODIS,62,6.2,291,11.9,N,2
-35.0824,148.8212,300.4,1.9,1.4,2014-12-16,1449,Aqua,MODIS,23,6.2,289.4,10.8,N,0
-36.8496,145.4641,310.6,2.8,1.6,2014-12-16,1450,Aqua,MODIS,59,6.2,283.5,54,N,0
-36.8471,145.4692,310.1,2.8,1.6,2014-12-16,1450,Aqua,MODIS,44,6.2,283.5,51.9,N,0
-36.8614,145.4652,303.3,2.8,1.6,2014-12-16,1450,Aqua,MODIS,13,6.2,282.6,33,N,0
-34.0693,116.0052,326.4,1.4,1.2,2014-12-16,1451,Terra,MODIS,100,6.2,285.9,41.5,N,0
-34.0641,115.998,309.7,1.4,1.2,2014-12-16,1451,Terra,MODIS,78,6.2,283,18.1,N,0
-34.052,116.0112,319.3,1.4,1.2,2014-12-16,1451,Terra,MODIS,98,6.2,285.8,30.4,N,0
-34.0537,115.9965,304.4,1.4,1.2,2014-12-16,1451,Terra,MODIS,40,6.2,282.4,12.7,N,0
-34.0573,116.0184,318.4,1.4,1.2,2014-12-16,1451,Terra,MODIS,54,6.2,285.6,27.5,N,0
-34.0588,116.0036,328.4,1.4,1.2,2014-12-16,1451,Terra,MODIS,100,6.2,286,44.1,N,0
-34.0797,116.0069,312.8,1.4,1.2,2014-12-16,1451,Terra,MODIS,86,6.2,284.4,23.4,N,0
-34.0625,116.0128,326.7,1.4,1.2,2014-12-16,1451,Terra,MODIS,100,6.2,287.7,42.7,N,0
-34.0677,116.02,313.7,1.4,1.2,2014-12-16,1451,Terra,MODIS,73,6.2,284.8,22.4,N,0
-28.0763,122.0149,306.3,1.2,1.1,2014-12-16,1452,Terra,MODIS,55,6.2,294.2,7.2,N,0
-30.8629,121.4869,303.6,1.1,1,2014-12-16,1452,Terra,MODIS,56,6.2,292.9,6.1,N,2
-28.1872,122.5656,308.6,1.3,1.1,2014-12-16,1452,Terra,MODIS,75,6.2,293,11.5,N,0
-28.1749,122.5287,305.7,1.3,1.1,2014-12-16,1452,Terra,MODIS,20,6.2,294.1,7.4,N,0
-28.1647,122.5264,305.4,1.3,1.1,2014-12-16,1452,Terra,MODIS,42,6.2,294.4,7.5,N,0
-28.167,122.5132,310,1.3,1.1,2014-12-16,1452,Terra,MODIS,79,6.2,295,11.8,N,0
-28.1568,122.5109,311.8,1.3,1.1,2014-12-16,1452,Terra,MODIS,55,6.2,294.5,12.9,N,0
-26.7863,122.2956,334.1,1.3,1.1,2014-12-16,1453,Terra,MODIS,93,6.2,295,53.4,N,0
-26.7886,122.2822,316.7,1.3,1.1,2014-12-16,1453,Terra,MODIS,76,6.2,283.5,20.4,N,0
-26.7051,122.2299,312,1.3,1.1,2014-12-16,1453,Terra,MODIS,84,6.2,297.1,12.8,N,0
-26.7073,122.2166,311.5,1.3,1.1,2014-12-16,1453,Terra,MODIS,83,6.2,297.1,11.4,N,0
-23.2539,119.2924,333,1.1,1,2014-12-16,1454,Terra,MODIS,100,6.2,298.4,34.4,N,0
-23.2631,119.2946,314.4,1.1,1,2014-12-16,1454,Terra,MODIS,39,6.2,296,11.7,N,0
-20.7463,119.9456,305.3,1.2,1.1,2014-12-16,1454,Terra,MODIS,57,6.2,292.5,6.2,N,0
-20.7482,119.9339,308.1,1.2,1.1,2014-12-16,1454,Terra,MODIS,69,6.2,291.9,8.7,N,0
-23.2522,119.3029,322.1,1.1,1,2014-12-16,1454,Terra,MODIS,93,6.2,297.8,19.4,N,0
-23.2647,119.2842,313.8,1.1,1,2014-12-16,1454,Terra,MODIS,67,6.2,290.7,11.1,N,0
-23.2665,119.3119,335.9,1.1,1,2014-12-16,1454,Terra,MODIS,83,6.2,298,37.8,N,0
-23.2615,119.305,327.2,1.1,1,2014-12-16,1454,Terra,MODIS,100,6.2,299.4,25.3,N,0
-23.2554,119.2822,318.5,1.1,1,2014-12-16,1454,Terra,MODIS,90,6.2,297.2,16.6,N,0
-23.2599,119.3154,317.7,1.1,1,2014-12-16,1454,Terra,MODIS,37,6.2,298.9,14.1,N,0
-23.6136,121.4613,315.1,1.3,1.1,2014-12-16,1454,Terra,MODIS,91,6.2,295.8,16.1,N,0
-23.6033,121.4592,312.9,1.3,1.1,2014-12-16,1454,Terra,MODIS,86,6.2,295.9,13,N,0
-23.2758,119.3136,320.6,1.1,1,2014-12-16,1454,Terra,MODIS,76,6.2,287.1,16.6,N,0
-16.4765,137.5721,311.2,1.1,1,2014-12-16,1622,Aqua,MODIS,78,6.2,297.3,9.3,N,0
-15.2411,143.9935,304.7,2.8,1.6,2014-12-16,1622,Aqua,MODIS,60,6.2,292.4,20.9,N,0
-17.169,134.5047,309.6,1,1,2014-12-16,1623,Aqua,MODIS,66,6.2,298,5.7,N,0
-17.184,134.5418,310.1,1,1,2014-12-16,1623,Aqua,MODIS,69,6.2,298.1,6,N,0
-17.1931,134.5403,309,1,1,2014-12-16,1623,Aqua,MODIS,63,6.2,298.4,5.5,N,0
-17.3054,133.7326,312.8,1.1,1,2014-12-16,1623,Aqua,MODIS,81,6.2,298.2,8.1,N,0
-26.7934,122.3234,303,4,1.9,2014-12-16,1626,Aqua,MODIS,53,6.2,292.2,28.9,N,0
-26.7787,122.3192,300.8,4,1.9,2014-12-16,1626,Aqua,MODIS,24,6.2,290.6,18.9,N,0
-28.1861,122.5873,300.1,3.6,1.8,2014-12-16,1626,Aqua,MODIS,7,6.2,289.8,20.4,N,0
-28.1922,122.5778,301.9,3.6,1.8,2014-12-16,1626,Aqua,MODIS,45,6.2,290.1,27.3,N,0
-28.2863,125.6697,322.3,2.2,1.4,2014-12-16,1626,Aqua,MODIS,100,6.2,291.7,61.1,N,0
-28.2818,125.6477,319.4,2.2,1.4,2014-12-16,1626,Aqua,MODIS,98,6.2,291.3,51.9,N,0
-28.3035,125.6882,302.2,2.2,1.4,2014-12-16,1626,Aqua,MODIS,32,6.2,290.8,12.8,N,0
-28.2771,125.6794,302.4,2.2,1.4,2014-12-16,1626,Aqua,MODIS,29,6.2,290.8,13.6,N,0
-28.8739,126.1474,302.3,2,1.4,2014-12-16,1626,Aqua,MODIS,48,6.2,291.5,12.4,N,0
-28.8779,126.1673,325.9,2,1.4,2014-12-16,1626,Aqua,MODIS,100,6.2,292.2,64.6,N,0
-28.8901,126.1642,302.4,2,1.4,2014-12-16,1626,Aqua,MODIS,49,6.2,291.5,12.7,N,0
-23.2586,119.3711,317.4,3.6,1.8,2014-12-16,1803,Aqua,MODIS,94,6.2,296,80,N,0
-23.2645,119.343,323.8,3.6,1.8,2014-12-16,1803,Aqua,MODIS,100,6.2,296.1,118.5,N,0
-23.2484,119.3435,346.2,3.6,1.8,2014-12-16,1803,Aqua,MODIS,100,6.2,297.7,328.3,N,0
-23.2807,119.3422,345.7,3.6,1.8,2014-12-16,1803,Aqua,MODIS,100,6.2,296.8,320.5,N,0
-23.288,119.3339,332.9,3.6,1.8,2014-12-16,1803,Aqua,MODIS,100,6.2,295.2,193.5,N,0
-23.2838,119.3776,356.1,3.6,1.8,2014-12-16,1803,Aqua,MODIS,100,6.2,298.7,466.6,N,0
-23.2558,119.3357,351.1,3.6,1.8,2014-12-16,1803,Aqua,MODIS,100,6.2,298.4,394.6,N,0
-23.2719,119.3351,314.2,3.6,1.8,2014-12-16,1803,Aqua,MODIS,87,6.2,295,63.5,N,0
-23.2748,119.3706,334.1,3.6,1.8,2014-12-16,1803,Aqua,MODIS,100,6.2,296.2,201.7,N,0
-23.291,119.3694,359,3.6,1.8,2014-12-16,1803,Aqua,MODIS,100,6.2,298.9,518.9,N,0
-23.2939,119.4049,318,3.6,1.8,2014-12-16,1803,Aqua,MODIS,96,6.2,295.6,85.6,N,0
-23.2453,119.3082,317.8,3.6,1.8,2014-12-16,1803,Aqua,MODIS,95,6.2,295.6,82.8,N,0
-23.2528,119.2994,311.8,3.6,1.8,2014-12-16,1803,Aqua,MODIS,80,6.2,294.9,54.7,N,0
-34.0572,116.0246,301.9,2.8,1.6,2014-12-16,1806,Aqua,MODIS,36,6.2,280.7,37.4,N,0
-34.0593,116.0193,303.4,2.8,1.6,2014-12-16,1806,Aqua,MODIS,55,6.2,281,43.5,N,0
-15.9295,144.1081,319.7,3.2,1.7,2014-12-17,0009,Terra,MODIS,46,6.2,296.8,39,D,0
-18.1085,145.583,328.2,2.3,1.5,2014-12-17,0009,Terra,MODIS,72,6.2,302.5,50.1,D,0
-18.1048,145.5628,323.3,2.3,1.5,2014-12-17,0009,Terra,MODIS,48,6.2,300.4,28.6,D,0
-18.0968,145.5194,327.8,2.3,1.5,2014-12-17,0009,Terra,MODIS,75,6.2,302.1,43.7,D,0
-21.7987,149.1776,330.3,1.1,1.1,2014-12-17,0010,Terra,MODIS,72,6.2,304.4,20.6,D,0
-21.7891,149.1794,323.1,1.1,1.1,2014-12-17,0010,Terra,MODIS,29,6.2,304.9,11.2,D,0
-20.5641,148.4019,333.7,1.3,1.1,2014-12-17,0010,Terra,MODIS,77,6.2,306,31,D,0
-20.1934,148.3931,339.8,1.3,1.1,2014-12-17,0010,Terra,MODIS,85,6.2,307,44.5,D,0
-20.3558,148.2601,327,1.3,1.1,2014-12-17,0010,Terra,MODIS,63,6.2,305,15.3,D,0
-22.7485,148.3972,327.8,1.2,1.1,2014-12-17,0010,Terra,MODIS,69,6.2,307.2,13.2,D,0
-22.7208,149.4755,330.2,1.1,1,2014-12-17,0010,Terra,MODIS,57,6.2,307.5,15.6,D,0
-22.7504,148.4089,327.5,1.2,1.1,2014-12-17,0010,Terra,MODIS,56,6.2,307,12.4,D,0
-21.8557,149.4114,328.7,1.1,1.1,2014-12-17,0010,Terra,MODIS,64,6.2,306.9,15.2,D,0
-24.7154,145.0583,361.9,1.8,1.3,2014-12-17,0011,Terra,MODIS,100,6.2,312,158.4,D,0
-24.7186,145.076,342.4,1.8,1.3,2014-12-17,0011,Terra,MODIS,85,6.2,311.9,53.4,D,0
-24.7122,145.0706,333.7,1.8,1.3,2014-12-17,0011,Terra,MODIS,71,6.2,311.4,21.4,D,0
-24.7206,145.0503,347.4,1.8,1.3,2014-12-17,0011,Terra,MODIS,90,6.2,311.8,77.5,D,0
-24.7239,145.068,362.2,1.8,1.3,2014-12-17,0011,Terra,MODIS,100,6.2,312.3,160.7,D,0
-26.4952,148.7839,328.9,1.1,1,2014-12-17,0011,Terra,MODIS,56,6.2,310.1,10.7,D,0
-23.3671,150.1215,335.3,1,1,2014-12-17,0011,Terra,MODIS,57,6.2,305.9,24.3,D,0
-23.3687,150.1315,337.8,1,1,2014-12-17,0011,Terra,MODIS,61,6.2,306.5,28.3,D,0
-25.6385,151.1438,328.5,1,1,2014-12-17,0011,Terra,MODIS,62,6.2,304.2,14.8,D,0
-25.6476,151.1422,320.9,1,1,2014-12-17,0011,Terra,MODIS,52,6.2,303.3,6.4,D,0
-26.7281,151.4358,334.2,1,1,2014-12-17,0011,Terra,MODIS,80,6.2,310.9,17.6,D,0
-26.5833,150.124,335.6,1,1,2014-12-17,0011,Terra,MODIS,77,6.2,310.5,20.4,D,0
-26.5923,150.1223,331.4,1,1,2014-12-17,0011,Terra,MODIS,60,6.2,308.5,14.7,D,0
-23.8231,149.7274,325.2,1,1,2014-12-17,0011,Terra,MODIS,70,6.2,304.4,10.9,D,0
-25.7706,151.1656,328.1,1,1,2014-12-17,0011,Terra,MODIS,73,6.2,305,13.2,D,0
-25.772,151.1756,334,1,1,2014-12-17,0011,Terra,MODIS,81,6.2,305.7,20.8,D,0
-22.8672,146.6049,327.2,1.5,1.2,2014-12-17,0011,Terra,MODIS,58,6.2,308.4,16.4,D,0
-22.8665,146.6109,331.6,1.5,1.2,2014-12-17,0011,Terra,MODIS,72,6.2,308.3,25.2,D,0
-23.8062,150.4579,320.8,1,1,2014-12-17,0011,Terra,MODIS,26,6.2,300.2,7.7,D,0
-24.8698,148.2596,329.3,1.2,1.1,2014-12-17,0011,Terra,MODIS,68,6.2,304.6,16.5,D,0
-26.2547,149.5393,338,1,1,2014-12-17,0011,Terra,MODIS,83,6.2,312.1,21.4,D,0
-23.8078,150.4678,327.4,1,1,2014-12-17,0011,Terra,MODIS,74,6.2,302.1,14.5,D,0
-23.8288,150.4843,333.1,1,1,2014-12-17,0011,Terra,MODIS,82,6.2,300.7,22.8,D,0
-26.2563,149.5494,349.1,1,1,2014-12-17,0011,Terra,MODIS,93,6.2,313.6,41.2,D,0
-23.8303,150.4942,329.5,1,1,2014-12-17,0011,Terra,MODIS,78,6.2,299,18.9,D,0
-26.2638,149.5376,343.3,1,1,2014-12-17,0011,Terra,MODIS,88,6.2,312.5,30.1,D,0
-26.2654,149.5477,355.6,1,1,2014-12-17,0011,Terra,MODIS,97,6.2,313.9,55.6,D,0
-26.2729,149.5359,337.1,1,1,2014-12-17,0011,Terra,MODIS,82,6.2,313,18.9,D,0
-26.2745,149.546,342.6,1,1,2014-12-17,0011,Terra,MODIS,88,6.2,312.9,27.1,D,0
-28.6597,148.0729,337.7,1.1,1,2014-12-17,0012,Terra,MODIS,69,6.2,319.8,12.7,D,0
-27.9323,153.1322,331.4,1.2,1.1,2014-12-17,0012,Terra,MODIS,77,6.2,307.1,24.7,D,0
-30.5508,151.9746,339.3,1.1,1.1,2014-12-17,0012,Terra,MODIS,87,6.2,306.8,37.1,D,0
-27.6323,151.1344,327.8,1,1,2014-12-17,0012,Terra,MODIS,62,6.2,306.4,13.3,D,0
-28.569,149.9176,337,1,1,2014-12-17,0012,Terra,MODIS,66,6.2,320.5,10.8,D,0
-27.6294,151.1138,347,1,1,2014-12-17,0012,Terra,MODIS,91,6.2,306.4,44.1,D,0
-27.6399,151.1225,334.2,1,1,2014-12-17,0012,Terra,MODIS,77,6.2,306.4,21.7,D,0
-27.6308,151.1241,363.6,1,1,2014-12-17,0012,Terra,MODIS,100,6.2,308.1,85.5,D,0
-36.8566,145.4654,329.6,1.1,1,2014-12-17,0014,Terra,MODIS,67,6.2,308.2,16.6,D,0
-36.8659,145.4631,336.3,1.1,1,2014-12-17,0014,Terra,MODIS,83,6.2,309,26.5,D,0
-36.9172,145.5383,342.4,1.1,1,2014-12-17,0014,Terra,MODIS,87,6.2,306.3,39.1,D,0
-35.9689,147.3659,366.1,1,1,2014-12-17,0014,Terra,MODIS,87,6.2,308.5,94.8,D,0
-35.9672,147.3549,322.1,1,1,2014-12-17,0014,Terra,MODIS,53,6.2,301.9,11.1,D,0
-35.9492,147.3591,345.2,1,1,2014-12-17,0014,Terra,MODIS,92,6.2,304.7,43.3,D,0
-12.0591,134.2281,321.3,1.7,1.3,2014-12-17,0146,Terra,MODIS,51,6.2,296.5,16.8,D,0
-12.5012,131.6369,328,1.2,1.1,2014-12-17,0146,Terra,MODIS,46,6.2,300.3,22,D,0
-12.5277,135.0633,313.8,2,1.4,2014-12-17,0146,Terra,MODIS,18,6.2,292.6,15.7,D,0
-12.2737,132.7293,322.3,1.4,1.2,2014-12-17,0146,Terra,MODIS,41,6.2,300.3,18,D,0
-12.1942,132.9787,320.4,1.4,1.2,2014-12-17,0146,Terra,MODIS,55,6.2,298.5,15.7,D,0
-14.9361,132.7807,328.7,1.5,1.2,2014-12-17,0147,Terra,MODIS,36,6.2,301.7,24.6,D,0
-15.211,131.3215,338.2,1.2,1.1,2014-12-17,0147,Terra,MODIS,79,6.2,306.5,29.7,D,0
-15.1852,131.2791,332.6,1.2,1.1,2014-12-17,0147,Terra,MODIS,61,6.2,306,17.5,D,0
-16.9026,138.0192,327,3.9,1.8,2014-12-17,0147,Terra,MODIS,69,6.2,298.5,86.1,D,0
-16.891,138.015,327.8,3.9,1.8,2014-12-17,0147,Terra,MODIS,70,6.2,299.3,93.6,D,0
-16.5034,137.4833,325.8,3.6,1.8,2014-12-17,0147,Terra,MODIS,20,6.2,304.3,55.3,D,0
-16.5105,137.5502,330.1,3.6,1.8,2014-12-17,0147,Terra,MODIS,63,6.2,303.2,87.3,D,0
-14.5588,133.3117,327.7,1.6,1.2,2014-12-17,0147,Terra,MODIS,26,6.2,303.1,28.4,D,0
-17.1811,137.9354,323.7,3.9,1.8,2014-12-17,0147,Terra,MODIS,56,6.2,301,46.6,D,0
-17.1848,137.9726,328.4,3.9,1.8,2014-12-17,0147,Terra,MODIS,70,6.2,301.2,89.1,D,0
-17.1896,137.965,330.2,3.9,1.8,2014-12-17,0147,Terra,MODIS,73,6.2,301.6,105.1,D,0
-14.68,131.8456,339.2,1.3,1.1,2014-12-17,0147,Terra,MODIS,85,6.2,303.3,39.6,D,0
-14.6815,131.8575,337.7,1.3,1.1,2014-12-17,0147,Terra,MODIS,83,6.2,301.7,36.1,D,0
-14.6901,131.8442,336.5,1.3,1.1,2014-12-17,0147,Terra,MODIS,82,6.2,302.3,33.9,D,0
-14.6917,131.8561,338.6,1.3,1.1,2014-12-17,0147,Terra,MODIS,84,6.2,300.8,39.2,D,0
-16.54,131.4362,333.3,1.3,1.1,2014-12-17,0147,Terra,MODIS,72,6.2,306.8,20.2,D,0
-15.3576,133.8481,321.7,1.8,1.3,2014-12-17,0147,Terra,MODIS,30,6.2,299.7,23.9,D,0
-16.7545,131.1306,333.4,1.2,1.1,2014-12-17,0147,Terra,MODIS,52,6.2,308.9,18.7,D,0
-16.9176,131.1311,332.6,1.2,1.1,2014-12-17,0147,Terra,MODIS,42,6.2,308.5,22.3,D,0
-16.9245,131.1064,358.5,1.2,1.1,2014-12-17,0147,Terra,MODIS,99,6.2,309.9,88.6,D,0
-16.9345,131.105,342.9,1.2,1.1,2014-12-17,0147,Terra,MODIS,82,6.2,305.3,38.7,D,0
-16.986,131.0324,346.6,1.2,1.1,2014-12-17,0147,Terra,MODIS,90,6.2,309.8,43.7,D,0
-16.996,131.031,336.1,1.2,1.1,2014-12-17,0147,Terra,MODIS,78,6.2,309.9,18.8,D,0
-16.9616,131.0007,335.6,1.2,1.1,2014-12-17,0147,Terra,MODIS,50,6.2,306.4,21.4,D,0
-16.9944,131.0195,333.8,1.2,1.1,2014-12-17,0147,Terra,MODIS,73,6.2,307.1,13.6,D,0
-16.5793,131.1911,332.9,1.2,1.1,2014-12-17,0147,Terra,MODIS,69,6.2,307.4,15,D,0
-16.4979,137.5856,326.9,3.6,1.8,2014-12-17,0147,Terra,MODIS,37,6.2,302,63.6,D,0
-16.514,137.5839,325.9,3.6,1.8,2014-12-17,0147,Terra,MODIS,42,6.2,301.9,59.2,D,0
-15.4546,134.0914,323.4,1.9,1.3,2014-12-17,0147,Terra,MODIS,31,6.2,296.7,28.5,D,0
-17.1696,134.5132,331.9,2.2,1.4,2014-12-17,0147,Terra,MODIS,69,6.2,299.8,60.3,D,0
-17.172,134.5334,323.2,2.2,1.4,2014-12-17,0147,Terra,MODIS,23,6.2,298.1,30,D,0
-17.1686,134.5067,328.7,2.2,1.4,2014-12-17,0147,Terra,MODIS,34,6.2,300.3,40.6,D,0
-17.1708,134.5269,326.7,2.2,1.4,2014-12-17,0147,Terra,MODIS,30,6.2,298.2,35.9,D,0
-14.5719,135.1918,324.6,2.2,1.4,2014-12-17,0147,Terra,MODIS,34,6.2,302.1,35.7,D,0
-17.3007,133.7313,326.9,1.9,1.3,2014-12-17,0147,Terra,MODIS,36,6.2,293.7,34,D,0
-17.3028,133.749,337.3,1.9,1.3,2014-12-17,0147,Terra,MODIS,82,6.2,294.2,69.6,D,0
-17.3149,133.7475,335.5,1.9,1.3,2014-12-17,0147,Terra,MODIS,75,6.2,292,61.9,D,0
-13.2253,130.5895,320.9,1.1,1,2014-12-17,0147,Terra,MODIS,51,6.2,299.5,11.5,D,0
-14.6448,131.8811,328.4,1.3,1.1,2014-12-17,0147,Terra,MODIS,69,6.2,303,16.5,D,0
-15.5624,127.7979,336.6,1,1,2014-12-17,0147,Terra,MODIS,80,6.2,312.4,18.8,D,0
-15.561,127.7886,333.7,1,1,2014-12-17,0147,Terra,MODIS,72,6.2,309.7,14.2,D,0
-15.5714,127.7965,334.5,1,1,2014-12-17,0147,Terra,MODIS,77,6.2,309.6,15.6,D,0
-14.6549,131.8797,325.3,1.3,1.1,2014-12-17,0147,Terra,MODIS,49,6.2,301.8,9.9,D,0
-13.2329,130.3091,331.3,1.1,1,2014-12-17,0147,Terra,MODIS,46,6.2,305.2,12.3,D,0
-16.3534,127.0561,328.5,1,1,2014-12-17,0147,Terra,MODIS,72,6.2,304.6,11.3,D,0
-13.2408,130.2981,332.6,1.1,1,2014-12-17,0147,Terra,MODIS,72,6.2,305,15.3,D,0
-13.2398,130.3576,330,1.1,1,2014-12-17,0147,Terra,MODIS,45,6.2,304.2,16.1,D,0
-15.1665,129.8822,330.3,1.1,1,2014-12-17,0147,Terra,MODIS,45,6.2,306.2,13.3,D,0
-17.3196,129.3755,337.1,1.1,1,2014-12-17,0148,Terra,MODIS,79,6.2,305.3,25.1,D,0
-17.7871,128.9793,366.5,1,1,2014-12-17,0148,Terra,MODIS,100,6.2,308.1,91,D,0
-17.7793,128.9903,329.4,1,1,2014-12-17,0148,Terra,MODIS,36,6.2,306.6,9.1,D,0
-17.7779,128.9807,361.6,1,1,2014-12-17,0148,Terra,MODIS,100,6.2,307.9,76.7,D,0
-17.7766,128.971,334.9,1,1,2014-12-17,0148,Terra,MODIS,76,6.2,304.1,19.4,D,0
-17.7884,128.9889,337.4,1,1,2014-12-17,0148,Terra,MODIS,80,6.2,308,20.7,D,0
-17.3302,129.384,327.9,1.1,1,2014-12-17,0148,Terra,MODIS,25,6.2,306.2,8.5,D,0
-17.7962,128.9779,354.3,1,1,2014-12-17,0148,Terra,MODIS,96,6.2,306.8,56.7,D,0
-17.7975,128.9875,357.4,1,1,2014-12-17,0148,Terra,MODIS,98,6.2,309,63.8,D,0
-17.3366,129.3629,338.1,1.1,1,2014-12-17,0148,Terra,MODIS,81,6.2,307.5,22.7,D,0
-17.3353,129.3531,337.2,1.1,1,2014-12-17,0148,Terra,MODIS,79,6.2,306,21.5,D,0
-17.3274,129.3642,331.9,1.1,1,2014-12-17,0148,Terra,MODIS,63,6.2,307.7,15.6,D,0
-17.326,129.3544,330.9,1.1,1,2014-12-17,0148,Terra,MODIS,57,6.2,306.1,14.8,D,0
-17.3182,129.3656,353.2,1.1,1,2014-12-17,0148,Terra,MODIS,95,6.2,305.9,58.9,D,0
-17.3169,129.3558,328.7,1.1,1,2014-12-17,0148,Terra,MODIS,59,6.2,303.8,14,D,0
-17.8067,128.9862,337.1,1,1,2014-12-17,0148,Terra,MODIS,79,6.2,306.2,22.1,D,0
-17.3288,129.3741,342.2,1.1,1,2014-12-17,0148,Terra,MODIS,86,6.2,308.1,32,D,0
-17.3207,130.7174,359.2,1.2,1.1,2014-12-17,0148,Terra,MODIS,99,6.2,304.4,86.8,D,0
-17.3222,130.7286,340.8,1.2,1.1,2014-12-17,0148,Terra,MODIS,82,6.2,303,36,D,0
-17.3305,130.716,372.3,1.2,1.1,2014-12-17,0148,Terra,MODIS,100,6.2,305.9,137.6,D,0
-17.332,130.7272,352.7,1.2,1.1,2014-12-17,0148,Terra,MODIS,94,6.2,305.3,66.3,D,0
-17.3418,130.7259,332.5,1.2,1.1,2014-12-17,0148,Terra,MODIS,66,6.2,304.5,18.1,D,0
-17.0174,131.0398,332.2,1.2,1.1,2014-12-17,0148,Terra,MODIS,55,6.2,307.1,12.4,D,0
-17.0065,130.9594,335.6,1.2,1.1,2014-12-17,0148,Terra,MODIS,68,6.2,309.5,20.4,D,0
-19.0637,128.1318,323.4,1,1,2014-12-17,0148,Terra,MODIS,41,6.2,289.8,7.4,D,0
-17.6373,134.0625,327.1,2,1.4,2014-12-17,0148,Terra,MODIS,57,6.2,302.3,25.1,D,0
-26.7112,122.2289,343.4,1.3,1.1,2014-12-17,0150,Terra,MODIS,85,6.2,317.5,32.1,D,0
-26.7134,122.2415,361.3,1.3,1.1,2014-12-17,0150,Terra,MODIS,100,6.2,318.4,89.2,D,0
-26.732,122.2897,351.2,1.3,1.1,2014-12-17,0150,Terra,MODIS,93,6.2,318.3,50.5,D,0
-26.7341,122.3023,350.9,1.3,1.1,2014-12-17,0150,Terra,MODIS,93,6.2,317.3,49.1,D,0
-26.7441,122.3002,338.1,1.3,1.1,2014-12-17,0150,Terra,MODIS,72,6.2,314.9,15.2,D,0
-26.8033,122.3464,337.6,1.2,1.1,2014-12-17,0150,Terra,MODIS,61,6.2,316.5,15.4,D,0
-26.8132,122.3443,359.7,1.2,1.1,2014-12-17,0150,Terra,MODIS,99,6.2,319.5,81.1,D,0
-26.8154,122.3567,338.7,1.2,1.1,2014-12-17,0150,Terra,MODIS,74,6.2,316,19.4,D,0
-26.8232,122.3422,377,1.2,1.1,2014-12-17,0150,Terra,MODIS,100,6.2,319,158.7,D,0
-26.8253,122.3546,364.8,1.2,1.1,2014-12-17,0150,Terra,MODIS,100,6.2,316.7,101.2,D,0
-23.6259,121.453,336.2,1.6,1.2,2014-12-17,0150,Terra,MODIS,70,6.2,311.5,26.4,D,0
-23.6148,121.4554,337.7,1.6,1.2,2014-12-17,0150,Terra,MODIS,76,6.2,311.5,30.5,D,0
-23.2342,119.4166,330.4,2.3,1.5,2014-12-17,0150,Terra,MODIS,48,6.2,308.5,35.9,D,0
-23.243,119.3922,335.5,2.3,1.5,2014-12-17,0150,Terra,MODIS,74,6.2,307.4,59.4,D,0
-23.2471,119.4137,338.2,2.3,1.5,2014-12-17,0150,Terra,MODIS,79,6.2,309.5,70.8,D,0
-23.2559,119.389,340.8,2.3,1.5,2014-12-17,0150,Terra,MODIS,82,6.2,308.1,82.8,D,0
-23.2601,119.4107,332.6,2.3,1.5,2014-12-17,0150,Terra,MODIS,56,6.2,310.3,41.3,D,0
-23.2689,119.3859,356.6,2.3,1.5,2014-12-17,0150,Terra,MODIS,97,6.2,312.2,190.6,D,0
-23.273,119.4074,358.9,2.3,1.5,2014-12-17,0150,Terra,MODIS,99,6.2,312.6,209,D,0
-23.2818,119.3825,352,2.3,1.5,2014-12-17,0150,Terra,MODIS,94,6.2,315.4,141.1,D,0
-23.2859,119.4042,352.1,2.3,1.5,2014-12-17,0150,Terra,MODIS,94,6.2,314,145,D,0
-23.2528,119.3841,335.3,2.3,1.5,2014-12-17,0150,Terra,MODIS,73,6.2,307.6,52.9,D,0
-23.2571,119.4056,331.1,2.3,1.5,2014-12-17,0150,Terra,MODIS,61,6.2,309.8,35.5,D,0
-23.2657,119.3811,350.3,2.3,1.5,2014-12-17,0150,Terra,MODIS,92,6.2,311.1,129.8,D,0
-23.27,119.4025,356.4,2.3,1.5,2014-12-17,0150,Terra,MODIS,97,6.2,312.4,178.5,D,0
-23.2829,119.3992,363.9,2.3,1.5,2014-12-17,0150,Terra,MODIS,100,6.2,315.2,241.5,D,0
-23.2127,119.3756,331.3,2.3,1.5,2014-12-17,0150,Terra,MODIS,35,6.2,307.3,45.7,D,0
-23.2172,119.329,340.5,2.3,1.5,2014-12-17,0150,Terra,MODIS,77,6.2,309.4,81.6,D,0
-23.2518,119.3675,344.1,2.3,1.5,2014-12-17,0150,Terra,MODIS,85,6.2,308.1,95.4,D,0
-23.2647,119.3642,348.4,2.3,1.5,2014-12-17,0150,Terra,MODIS,91,6.2,310.2,117.1,D,0
-23.2735,119.3389,345,2.3,1.5,2014-12-17,0150,Terra,MODIS,87,6.2,315,84.6,D,0
-23.2776,119.3607,368,2.3,1.5,2014-12-17,0150,Terra,MODIS,100,6.2,315.7,273.2,D,0
-23.2485,119.3627,333.2,2.3,1.5,2014-12-17,0150,Terra,MODIS,33,6.2,307.8,31.6,D,0
-23.2614,119.3593,338.9,2.3,1.5,2014-12-17,0150,Terra,MODIS,61,6.2,309,50.8,D,0
-23.27,119.3341,336.7,2.3,1.5,2014-12-17,0150,Terra,MODIS,22,6.2,314.4,38.5,D,0
-23.2743,119.3558,366.8,2.3,1.5,2014-12-17,0150,Terra,MODIS,100,6.2,315.5,260,D,0
-23.2786,119.3776,352.8,2.3,1.5,2014-12-17,0150,Terra,MODIS,94,6.2,315.1,144.1,D,0
-23.283,119.3309,337.4,2.3,1.5,2014-12-17,0150,Terra,MODIS,39,6.2,316.2,48,D,0
-23.296,119.3278,335.9,2.3,1.5,2014-12-17,0150,Terra,MODIS,40,6.2,315.4,43,D,0
-23.3045,119.3715,338,2.3,1.5,2014-12-17,0150,Terra,MODIS,72,6.2,314.7,56.4,D,0
-25.4525,124.2824,340,1.1,1,2014-12-17,0150,Terra,MODIS,80,6.2,313.2,19.2,D,0
-27.613,127.5345,331.5,1.1,1,2014-12-17,0150,Terra,MODIS,62,6.2,311.1,9.9,D,0
-23.6287,121.4685,334.2,1.6,1.2,2014-12-17,0150,Terra,MODIS,58,6.2,311.2,21.5,D,0
-27.8232,124.6974,356.4,1,1,2014-12-17,0151,Terra,MODIS,97,6.2,313.4,52.2,D,0
-27.9323,124.5649,408,1,1,2014-12-17,0151,Terra,MODIS,100,6.2,314.8,288.7,D,0
-27.9126,124.5581,348.6,1,1,2014-12-17,0151,Terra,MODIS,91,6.2,317.2,33.3,D,0
-27.8291,124.6752,344.2,1,1,2014-12-17,0151,Terra,MODIS,86,6.2,313.8,25.8,D,0
-27.8216,124.6872,338.1,1,1,2014-12-17,0151,Terra,MODIS,77,6.2,313.3,14.7,D,0
-27.9307,124.5546,385.2,1,1,2014-12-17,0151,Terra,MODIS,100,6.2,315.3,155.8,D,0
-27.9248,124.5769,340.7,1,1,2014-12-17,0151,Terra,MODIS,79,6.2,311.9,21.1,D,0
-27.9232,124.5666,400.1,1,1,2014-12-17,0151,Terra,MODIS,100,6.2,321.5,234.3,D,0
-27.9216,124.5564,385.1,1,1,2014-12-17,0151,Terra,MODIS,100,6.2,322.5,152.9,D,0
-27.9201,124.5461,341.4,1,1,2014-12-17,0151,Terra,MODIS,83,6.2,315.2,20,D,0
-27.9142,124.5684,364.1,1,1,2014-12-17,0151,Terra,MODIS,100,6.2,318.4,74,D,0
-28.1737,122.0094,337.4,1.2,1.1,2014-12-17,0151,Terra,MODIS,0,6.2,297.1,31.5,D,0
-27.8125,124.6889,336.8,1,1,2014-12-17,0151,Terra,MODIS,72,6.2,315,12.6,D,0
-36.866,145.4643,331.1,1.1,1.1,2014-12-17,0429,Aqua,MODIS,57,6.2,311.1,15.2,D,0
-35.9708,147.3638,392.5,1.4,1.2,2014-12-17,0429,Aqua,MODIS,89,6.2,308.7,342.8,D,0
-36.8532,145.5401,334.6,1.1,1.1,2014-12-17,0429,Aqua,MODIS,84,6.2,312.2,21,D,0
-36.9194,145.5243,339.6,1.1,1.1,2014-12-17,0429,Aqua,MODIS,88,6.2,311.3,32.5,D,0
-36.9171,145.5374,335.2,1.1,1.1,2014-12-17,0429,Aqua,MODIS,70,6.2,311.8,23.5,D,0
-36.8606,145.5551,337.5,1.1,1.1,2014-12-17,0429,Aqua,MODIS,84,6.2,310.7,26.3,D,0
-36.2844,146.1546,354,1.2,1.1,2014-12-17,0429,Aqua,MODIS,96,6.2,308.3,78.1,D,0
-36.2867,146.1415,331,1.2,1.1,2014-12-17,0429,Aqua,MODIS,56,6.2,310.8,20.3,D,0
-36.2484,146.1811,325.3,1.2,1.1,2014-12-17,0429,Aqua,MODIS,39,6.2,308.2,14.4,D,0
-35.9605,147.3593,341.9,1.4,1.2,2014-12-17,0429,Aqua,MODIS,80,6.2,298.9,64.1,D,0
-35.9499,147.3563,362,1.4,1.2,2014-12-17,0429,Aqua,MODIS,100,6.2,302.6,140.7,D,0
-36.2385,146.1786,333.6,1.2,1.1,2014-12-17,0429,Aqua,MODIS,66,6.2,306.7,27.7,D,0
-36.2409,146.165,341.3,1.2,1.1,2014-12-17,0429,Aqua,MODIS,80,6.2,313.1,42.5,D,0
-35.9634,147.3436,366.2,1.4,1.2,2014-12-17,0429,Aqua,MODIS,100,6.2,305.8,163.2,D,0
-35.953,147.3402,398.6,1.4,1.2,2014-12-17,0429,Aqua,MODIS,100,6.2,313.5,401.5,D,0
-35.9737,147.348,378.1,1.4,1.2,2014-12-17,0429,Aqua,MODIS,100,6.2,310.9,233.4,D,0
-35.9423,147.3379,366.5,1.4,1.2,2014-12-17,0429,Aqua,MODIS,100,6.2,307.3,165.8,D,0
-35.9508,147.3343,365.2,1.4,1.2,2014-12-17,0429,Aqua,MODIS,100,6.2,310.7,158.6,D,0
-35.9393,147.3539,355.1,1.4,1.2,2014-12-17,0429,Aqua,MODIS,97,6.2,304.5,112.1,D,0
-35.9372,147.3478,341.3,1.4,1.2,2014-12-17,0429,Aqua,MODIS,89,6.2,303.5,66.1,D,0
-35.9401,147.3318,318.3,1.4,1.2,2014-12-17,0429,Aqua,MODIS,34,6.2,303.5,16.3,D,0
-35.9479,147.3502,384.1,1.4,1.2,2014-12-17,0429,Aqua,MODIS,100,6.2,308.7,276.7,D,0
-35.0856,148.8172,331.6,1.8,1.3,2014-12-17,0429,Aqua,MODIS,50,6.2,314.9,41.3,D,0
-37.999,143.0602,324.5,1,1,2014-12-17,0429,Aqua,MODIS,58,6.2,307.3,10.6,D,0
-33.0361,142.9825,337.5,1,1,2014-12-17,0430,Aqua,MODIS,41,6.2,323.9,13,D,0
-31.1006,147.6028,334.1,1.9,1.3,2014-12-17,0431,Aqua,MODIS,68,6.2,317.3,18.2,D,0
-23.3806,150.0893,326.3,4.2,1.9,2014-12-17,0432,Aqua,MODIS,67,6.2,300.8,96.3,D,0
-23.3938,150.0852,324.7,4.2,1.9,2014-12-17,0432,Aqua,MODIS,62,6.2,299.7,79.2,D,0
-23.3772,150.0804,325.3,4.2,1.9,2014-12-17,0432,Aqua,MODIS,57,6.2,300.8,82.4,D,0
-25.4777,150.6269,335.2,4.1,1.9,2014-12-17,0432,Aqua,MODIS,82,6.2,299.9,188.5,D,0
-25.4819,150.6363,330.1,4.1,1.9,2014-12-17,0432,Aqua,MODIS,75,6.2,299.7,133.1,D,0
-25.7888,151.1333,327.8,4.3,1.9,2014-12-17,0432,Aqua,MODIS,57,6.2,292.2,136.6,D,0
-25.2445,150.671,319.9,4.1,1.9,2014-12-17,0432,Aqua,MODIS,50,6.2,298.5,47.4,D,0
-25.2461,150.676,319.6,4.1,1.9,2014-12-17,0432,Aqua,MODIS,44,6.2,298.6,48.6,D,0
-23.3894,150.0496,334.9,4.1,1.9,2014-12-17,0432,Aqua,MODIS,81,6.2,300.5,182.5,D,0
-23.4024,150.0455,323.3,4.1,1.9,2014-12-17,0432,Aqua,MODIS,53,6.2,299.6,68,D,0
-23.3858,150.0407,324.5,4.1,1.9,2014-12-17,0432,Aqua,MODIS,44,6.2,300.3,74.1,D,0
-22.5229,147.2281,330.6,2.7,1.6,2014-12-17,0433,Aqua,MODIS,71,6.2,303.9,61.9,D,0
-22.5657,146.3574,332.3,2.4,1.5,2014-12-17,0433,Aqua,MODIS,74,6.2,309.5,38.4,D,0
-23.6346,147.6018,327.2,2.8,1.6,2014-12-17,0433,Aqua,MODIS,64,6.2,305.5,40,D,0
-23.6204,147.5983,326.9,2.8,1.6,2014-12-17,0433,Aqua,MODIS,60,6.2,305.5,38.8,D,0
-23.6259,147.5718,327,2.7,1.6,2014-12-17,0433,Aqua,MODIS,63,6.2,305.3,36.6,D,0
-23.6331,147.5963,330.8,2.8,1.6,2014-12-17,0433,Aqua,MODIS,75,6.2,305.6,60.2,D,0
-23.619,147.5929,324.9,2.8,1.6,2014-12-17,0433,Aqua,MODIS,60,6.2,305.3,31.9,D,0
-22.625,147.175,329.8,2.7,1.6,2014-12-17,0433,Aqua,MODIS,70,6.2,305.4,54.1,D,0
-22.6198,147.2008,326.3,2.7,1.6,2014-12-17,0433,Aqua,MODIS,61,6.2,304.7,38.3,D,0
-22.5729,146.3641,329.4,2.4,1.5,2014-12-17,0433,Aqua,MODIS,65,6.2,308.6,24.7,D,0
-22.5285,147.2492,335.2,2.8,1.6,2014-12-17,0433,Aqua,MODIS,79,6.2,305.6,90.4,D,0
-22.5459,147.2606,327.7,2.8,1.6,2014-12-17,0433,Aqua,MODIS,64,6.2,303.8,51,D,0
-22.5318,147.2575,344.2,2.8,1.6,2014-12-17,0433,Aqua,MODIS,89,6.2,305.7,157.8,D,0
-22.6177,147.1954,331.7,2.7,1.6,2014-12-17,0433,Aqua,MODIS,73,6.2,305.3,66.7,D,0
-22.6227,147.1696,326.3,2.7,1.6,2014-12-17,0433,Aqua,MODIS,58,6.2,305.5,35.6,D,0
-22.1552,149.2653,326.8,3.9,1.8,2014-12-17,0433,Aqua,MODIS,45,6.2,301.7,86.1,D,0
-22.1514,149.2592,335,3.9,1.8,2014-12-17,0433,Aqua,MODIS,79,6.2,302.2,164,D,0
-22.581,146.5352,329.2,2.4,1.5,2014-12-17,0433,Aqua,MODIS,68,6.2,308.9,28.5,D,0
-22.5944,146.5383,340.8,2.4,1.5,2014-12-17,0433,Aqua,MODIS,85,6.2,309.6,89.5,D,0
-22.537,147.2313,342.6,2.7,1.6,2014-12-17,0433,Aqua,MODIS,87,6.2,307.1,142.8,D,0
-22.6656,146.3849,332.4,2.4,1.5,2014-12-17,0433,Aqua,MODIS,70,6.2,311.5,34.9,D,0
-22.6656,146.3685,330.9,2.4,1.5,2014-12-17,0433,Aqua,MODIS,37,6.2,309.6,23.9,D,0
-22.75,148.3918,322.9,3.3,1.7,2014-12-17,0433,Aqua,MODIS,52,6.2,301.7,43.8,D,0
-22.6078,146.5414,330,2.4,1.5,2014-12-17,0433,Aqua,MODIS,65,6.2,309,28,D,0
-20.5261,148.5566,333,3.8,1.8,2014-12-17,0433,Aqua,MODIS,74,6.2,303.1,143,D,0
-22.7386,149.4512,331.3,3.9,1.8,2014-12-17,0433,Aqua,MODIS,77,6.2,299,133.5,D,0
-22.7223,149.447,325.9,3.9,1.8,2014-12-17,0433,Aqua,MODIS,67,6.2,299.8,85,D,0
-22.7348,149.4458,327.9,3.9,1.8,2014-12-17,0433,Aqua,MODIS,71,6.2,299.5,98.2,D,0
-22.5336,147.223,328.5,2.7,1.6,2014-12-17,0433,Aqua,MODIS,65,6.2,306.6,49.6,D,0
-22.1792,149.2342,323.4,3.9,1.8,2014-12-17,0433,Aqua,MODIS,40,6.2,301.2,60.4,D,0
-22.163,149.2296,326.8,3.9,1.8,2014-12-17,0433,Aqua,MODIS,49,6.2,303.1,79.3,D,0
-22.1588,149.224,324.6,3.9,1.8,2014-12-17,0433,Aqua,MODIS,42,6.2,303.1,63.1,D,0
-20.5211,148.5503,326,3.8,1.8,2014-12-17,0433,Aqua,MODIS,53,6.2,303,81.5,D,0
-18.1058,145.561,342.3,2.6,1.5,2014-12-17,0434,Aqua,MODIS,87,6.2,303.5,135.6,D,0
-18.329,144.5161,327.7,2.1,1.4,2014-12-17,0434,Aqua,MODIS,21,6.2,299.9,33.2,D,0
-18.0969,145.5799,336.1,2.6,1.5,2014-12-17,0434,Aqua,MODIS,77,6.2,303.9,106.2,D,0
-18.1101,145.508,338.9,2.5,1.5,2014-12-17,0434,Aqua,MODIS,84,6.2,303.7,116.5,D,0
-18.5342,145.7014,332.8,2.6,1.5,2014-12-17,0434,Aqua,MODIS,41,6.2,306.3,75.1,D,0
-18.101,145.5862,336.9,2.6,1.5,2014-12-17,0434,Aqua,MODIS,76,6.2,304.4,106.9,D,0
-18.165,145.5495,357,2.6,1.5,2014-12-17,0434,Aqua,MODIS,98,6.2,301.7,252.2,D,0
-18.156,145.5982,328.2,2.6,1.5,2014-12-17,0434,Aqua,MODIS,58,6.2,304.5,42.5,D,0
-18.1605,145.5741,347.2,2.6,1.5,2014-12-17,0434,Aqua,MODIS,91,6.2,303.8,163,D,0
-18.1152,145.5576,329.7,2.6,1.5,2014-12-17,0434,Aqua,MODIS,64,6.2,303.4,61.4,D,0
-18.1148,145.514,328.7,2.5,1.5,2014-12-17,0434,Aqua,MODIS,63,6.2,303.3,55.9,D,0
-17.4536,141.088,331.1,1.3,1.1,2014-12-17,0434,Aqua,MODIS,67,6.2,305.2,12.9,D,0
-18.1014,145.5549,326.8,2.6,1.5,2014-12-17,0434,Aqua,MODIS,50,6.2,302.6,50.1,D,0
-18.0695,145.5732,336.1,2.6,1.5,2014-12-17,0434,Aqua,MODIS,77,6.2,304.3,110.5,D,0
-18.0877,145.5524,357.7,2.6,1.5,2014-12-17,0434,Aqua,MODIS,98,6.2,304.6,272.8,D,0
-18.0832,145.5767,356.7,2.6,1.5,2014-12-17,0434,Aqua,MODIS,98,6.2,305.3,271.5,D,0
-18.2337,145.1792,335.4,2.4,1.5,2014-12-17,0434,Aqua,MODIS,57,6.2,303.9,84,D,0
-20.3442,141.0184,344.1,1.2,1.1,2014-12-17,0434,Aqua,MODIS,56,6.2,312.3,31.9,D,0
-16.8598,138.1207,334.3,1,1,2014-12-17,0435,Aqua,MODIS,48,6.2,309.7,13.4,D,0
-16.8612,138.1113,356.4,1,1,2014-12-17,0435,Aqua,MODIS,97,6.2,311.3,56.2,D,0
-16.8508,138.1192,332.2,1,1,2014-12-17,0435,Aqua,MODIS,49,6.2,310.7,10.6,D,0
-16.8522,138.1098,343.6,1,1,2014-12-17,0435,Aqua,MODIS,86,6.2,312.3,28.6,D,0
-16.9041,138.0097,350.4,1,1,2014-12-17,0435,Aqua,MODIS,92,6.2,311.1,37.4,D,0
-16.8842,138.0832,331.5,1,1,2014-12-17,0435,Aqua,MODIS,60,6.2,308.5,9.3,D,0
-16.8937,138.0176,337.7,1,1,2014-12-17,0435,Aqua,MODIS,75,6.2,310.8,13.5,D,0
-16.8847,138.0162,374,1,1,2014-12-17,0435,Aqua,MODIS,100,6.2,314.4,105.4,D,0
-16.8748,138.0175,336.3,1,1,2014-12-17,0435,Aqua,MODIS,75,6.2,312.8,12.8,D,0
-16.8535,138.1004,340.8,1,1,2014-12-17,0435,Aqua,MODIS,70,6.2,311.6,24.1,D,0
-16.8549,138.091,342,1,1,2014-12-17,0435,Aqua,MODIS,69,6.2,311.4,25.6,D,0
-16.8576,138.0723,339.9,1,1,2014-12-17,0435,Aqua,MODIS,63,6.2,311.1,20.5,D,0
-16.8431,138.1084,334.9,1,1,2014-12-17,0435,Aqua,MODIS,72,6.2,311.3,13.2,D,0
-16.8472,138.0802,333.2,1,1,2014-12-17,0435,Aqua,MODIS,42,6.2,311.6,8.4,D,0
-16.5171,137.5641,343.6,1,1,2014-12-17,0435,Aqua,MODIS,72,6.2,312.9,25.4,D,0
-16.5082,137.5626,382.2,1,1,2014-12-17,0435,Aqua,MODIS,100,6.2,320.3,134.6,D,0
-16.4992,137.5612,351,1,1,2014-12-17,0435,Aqua,MODIS,93,6.2,317.6,32.5,D,0
-16.4931,137.4785,338.3,1,1,2014-12-17,0435,Aqua,MODIS,61,6.2,315.2,14.5,D,0
-16.4738,137.485,341,1,1,2014-12-17,0435,Aqua,MODIS,67,6.2,317.2,16.6,D,0
-16.4752,137.4756,338.9,1,1,2014-12-17,0435,Aqua,MODIS,55,6.2,315.2,15.2,D,0
-16.9658,134.4015,346.9,1.3,1.1,2014-12-17,0435,Aqua,MODIS,90,6.2,313,47,D,0
-16.9527,134.4238,339.6,1.3,1.1,2014-12-17,0435,Aqua,MODIS,83,6.2,314.1,24.4,D,0
-17.158,141.0176,331.9,1.3,1.1,2014-12-17,0435,Aqua,MODIS,71,6.2,304.8,16.5,D,0
-17.1455,141.0332,356.9,1.3,1.1,2014-12-17,0435,Aqua,MODIS,98,6.2,306.3,81.8,D,0
-17.1474,141.0212,332.1,1.3,1.1,2014-12-17,0435,Aqua,MODIS,71,6.2,305.7,15.6,D,0
-17.1493,141.0093,342.7,1.3,1.1,2014-12-17,0435,Aqua,MODIS,87,6.2,305.2,40.4,D,0
-17.1354,141.0315,339.3,1.3,1.1,2014-12-17,0435,Aqua,MODIS,83,6.2,305.1,29.6,D,0
-17.1373,141.0195,332.7,1.3,1.1,2014-12-17,0435,Aqua,MODIS,72,6.2,305.4,16.7,D,0
-17.1392,141.0075,339.6,1.3,1.1,2014-12-17,0435,Aqua,MODIS,83,6.2,305.3,32.3,D,0
-17.1272,141.0177,335.3,1.3,1.1,2014-12-17,0435,Aqua,MODIS,77,6.2,305.8,22.1,D,0
-17.1291,141.0057,339.1,1.3,1.1,2014-12-17,0435,Aqua,MODIS,83,6.2,305.7,31.2,D,0
-17.1171,141.0159,338,1.3,1.1,2014-12-17,0435,Aqua,MODIS,81,6.2,305.3,28.9,D,0
-17.119,141.0039,334.7,1.3,1.1,2014-12-17,0435,Aqua,MODIS,76,6.2,305.9,21.2,D,0
-17.109,141.0021,333.7,1.3,1.1,2014-12-17,0435,Aqua,MODIS,74,6.2,306.2,21.5,D,0
-17.1109,140.9902,334.4,1.3,1.1,2014-12-17,0435,Aqua,MODIS,76,6.2,305.8,22,D,0
-17.1128,140.9782,333,1.3,1.1,2014-12-17,0435,Aqua,MODIS,69,6.2,305.5,19.6,D,0
-17.1027,140.9765,332.8,1.3,1.1,2014-12-17,0435,Aqua,MODIS,63,6.2,305.5,20.1,D,0
-16.5215,137.4695,337.4,1,1,2014-12-17,0435,Aqua,MODIS,70,6.2,312.3,16.4,D,0
-16.5068,137.572,360.5,1,1,2014-12-17,0435,Aqua,MODIS,100,6.2,316,61.1,D,0
-16.15,143.1866,336,1.9,1.3,2014-12-17,0435,Aqua,MODIS,77,6.2,302.8,50.5,D,0
-16.8978,137.9895,340.7,1,1,2014-12-17,0435,Aqua,MODIS,78,6.2,313.8,19.4,D,0
-16.8992,137.9801,340.7,1,1,2014-12-17,0435,Aqua,MODIS,80,6.2,313.6,19.1,D,0
-16.8861,138.0068,366.6,1,1,2014-12-17,0435,Aqua,MODIS,100,6.2,315.2,81.1,D,0
-16.8888,137.9881,336.4,1,1,2014-12-17,0435,Aqua,MODIS,75,6.2,313.1,14.5,D,0
-16.8775,137.9987,333.7,1,1,2014-12-17,0435,Aqua,MODIS,53,6.2,312.5,9.9,D,0
-16.7222,143.5638,337,1.9,1.4,2014-12-17,0435,Aqua,MODIS,78,6.2,305.9,58.4,D,0
-16.2934,137.073,347.1,1,1,2014-12-17,0435,Aqua,MODIS,89,6.2,312.9,32,D,0
-15.6844,143.4614,328,2,1.4,2014-12-17,0435,Aqua,MODIS,59,6.2,301.3,34.7,D,0
-16.292,137.0823,345.3,1,1,2014-12-17,0435,Aqua,MODIS,87,6.2,310.7,29.7,D,0
-15.0952,132.6561,328.2,1.6,1.2,2014-12-17,0435,Aqua,MODIS,55,6.2,300.7,26.9,D,0
-17.1204,142.4104,337,1.6,1.2,2014-12-17,0435,Aqua,MODIS,70,6.2,305,39.6,D,0
-16.2744,137.073,331.5,1,1,2014-12-17,0435,Aqua,MODIS,42,6.2,312,8.4,D,0
-17.1691,131.1093,332.1,2.2,1.4,2014-12-17,0435,Aqua,MODIS,56,6.2,297,54.6,D,0
-17.1199,142.4034,332.4,1.6,1.2,2014-12-17,0435,Aqua,MODIS,65,6.2,302.7,23.3,D,0
-16.2844,137.0716,348.5,1,1,2014-12-17,0435,Aqua,MODIS,90,6.2,314.2,34.8,D,0
-16.283,137.0809,352.6,1,1,2014-12-17,0435,Aqua,MODIS,94,6.2,312.9,44.9,D,0
-16.1529,143.1693,350.5,1.9,1.3,2014-12-17,0435,Aqua,MODIS,94,6.2,302.3,113.5,D,0
-16.7275,143.5763,331,2,1.4,2014-12-17,0435,Aqua,MODIS,43,6.2,302.9,32.4,D,0
-14.8971,132.7771,339.6,1.5,1.2,2014-12-17,0435,Aqua,MODIS,83,6.2,302,53.8,D,0
-14.8989,132.7631,352.7,1.5,1.2,2014-12-17,0435,Aqua,MODIS,96,6.2,306.4,102,D,0
-14.8879,132.7616,325.6,1.5,1.2,2014-12-17,0435,Aqua,MODIS,49,6.2,302.3,20.2,D,0
-16.1716,143.1605,335.7,1.9,1.3,2014-12-17,0435,Aqua,MODIS,81,6.2,303.6,45.8,D,0
-15.4617,143.9739,331.7,2.2,1.4,2014-12-17,0435,Aqua,MODIS,64,6.2,299,54.3,D,0
-15.3231,144.1715,327.8,2.3,1.5,2014-12-17,0435,Aqua,MODIS,28,6.2,301.9,38.6,D,0
-15.3569,143.8994,324.8,2.2,1.4,2014-12-17,0435,Aqua,MODIS,64,6.2,299.4,35.4,D,0
-16.5158,137.5734,358.1,1,1,2014-12-17,0435,Aqua,MODIS,98,6.2,313.8,58,D,0
-16.5055,137.5813,338.7,1,1,2014-12-17,0435,Aqua,MODIS,66,6.2,311.3,17,D,0
-19.0302,128.1136,346.3,3.9,1.8,2014-12-17,0435,Aqua,MODIS,91,6.2,299.5,254.3,D,0
-19.0337,128.0766,332.2,3.9,1.8,2014-12-17,0435,Aqua,MODIS,76,6.2,298.2,98,D,0
-19.0103,128.1487,331.9,3.8,1.8,2014-12-17,0435,Aqua,MODIS,76,6.2,298.2,82.9,D,0
-19.0136,128.112,338.3,3.9,1.8,2014-12-17,0435,Aqua,MODIS,84,6.2,297.3,155,D,0
-15.0381,132.6631,344.6,1.6,1.2,2014-12-17,0435,Aqua,MODIS,91,6.2,296.9,84.4,D,0
-15.0333,132.6849,333.1,1.5,1.2,2014-12-17,0435,Aqua,MODIS,65,6.2,299.4,38,D,0
-16.1447,143.1732,353.5,1.9,1.3,2014-12-17,0435,Aqua,MODIS,96,6.2,301.6,131.7,D,0
-16.7306,143.5583,331.4,1.9,1.4,2014-12-17,0435,Aqua,MODIS,48,6.2,302.3,40,D,0
-16.963,138.0478,333.2,1,1,2014-12-17,0435,Aqua,MODIS,46,6.2,312.6,10.7,D,0
-16.9671,138.0197,336.6,1,1,2014-12-17,0435,Aqua,MODIS,61,6.2,310.6,15.3,D,0
-16.9711,137.9916,347,1,1,2014-12-17,0435,Aqua,MODIS,89,6.2,309,36.6,D,0
-16.9567,138.0276,345.7,1,1,2014-12-17,0435,Aqua,MODIS,88,6.2,311.5,30.8,D,0
-16.9581,138.0183,347.4,1,1,2014-12-17,0435,Aqua,MODIS,90,6.2,312.3,34.3,D,0
-16.9608,137.9995,332.1,1,1,2014-12-17,0435,Aqua,MODIS,55,6.2,310.5,11.1,D,0
-16.9621,137.9902,330.2,1,1,2014-12-17,0435,Aqua,MODIS,42,6.2,309.1,9,D,0
-16.9477,138.0262,334.5,1,1,2014-12-17,0435,Aqua,MODIS,39,6.2,312.9,11.2,D,0
-16.9284,138.0327,332.2,1,1,2014-12-17,0435,Aqua,MODIS,48,6.2,311.4,8,D,0
-16.9352,137.9859,337.7,1,1,2014-12-17,0435,Aqua,MODIS,64,6.2,312.4,17.9,D,0
-16.9365,137.9765,374,1,1,2014-12-17,0435,Aqua,MODIS,100,6.2,312.4,107.3,D,0
-16.9379,137.9671,349,1,1,2014-12-17,0435,Aqua,MODIS,91,6.2,310.9,37.8,D,0
-16.9221,138.0125,335.1,1,1,2014-12-17,0435,Aqua,MODIS,37,6.2,308.9,11.7,D,0
-16.9234,138.0032,340.7,1,1,2014-12-17,0435,Aqua,MODIS,77,6.2,311.8,22,D,0
-16.9262,137.9844,343.8,1,1,2014-12-17,0435,Aqua,MODIS,81,6.2,314.7,27.3,D,0
-16.9275,137.9751,380.4,1,1,2014-12-17,0435,Aqua,MODIS,100,6.2,317.3,131,D,0
-16.9289,137.9657,357.6,1,1,2014-12-17,0435,Aqua,MODIS,98,6.2,314.8,56.8,D,0
-16.9144,138.0017,339.9,1,1,2014-12-17,0435,Aqua,MODIS,46,6.2,313.1,18.6,D,0
-16.9172,137.983,336.2,1,1,2014-12-17,0435,Aqua,MODIS,41,6.2,313.5,10.6,D,0
-16.9185,137.9736,353,1,1,2014-12-17,0435,Aqua,MODIS,95,6.2,313.3,42.6,D,0
-16.9055,138.0003,339.8,1,1,2014-12-17,0435,Aqua,MODIS,72,6.2,313.3,18.1,D,0
-16.9082,137.9816,348.8,1,1,2014-12-17,0435,Aqua,MODIS,91,6.2,312.7,32.3,D,0
-17.1185,142.3428,341.9,1.6,1.2,2014-12-17,0435,Aqua,MODIS,86,6.2,306.2,50.6,D,0
-15.6812,143.4798,344.8,2,1.4,2014-12-17,0435,Aqua,MODIS,90,6.2,298.8,108,D,0
-16.9809,138.0467,336.9,1,1,2014-12-17,0435,Aqua,MODIS,70,6.2,313.4,15.2,D,0
-14.9202,132.7854,332.9,1.5,1.2,2014-12-17,0435,Aqua,MODIS,74,6.2,304.4,30.4,D,0
-15.0329,132.7062,334.1,1.5,1.2,2014-12-17,0435,Aqua,MODIS,82,6.2,302.8,39.8,D,0
-14.919,132.78,334.6,1.5,1.2,2014-12-17,0435,Aqua,MODIS,72,6.2,305,37.6,D,0
-14.9299,132.7815,331.6,1.5,1.2,2014-12-17,0435,Aqua,MODIS,59,6.2,304.9,27.7,D,0
-14.9219,132.7713,329.1,1.5,1.2,2014-12-17,0435,Aqua,MODIS,32,6.2,306.4,23.6,D,0
-17.3442,129.352,329.2,3,1.6,2014-12-17,0435,Aqua,MODIS,40,6.2,299.4,45.3,D,0
-17.7891,128.9613,329.3,3.2,1.7,2014-12-17,0435,Aqua,MODIS,63,6.2,298.2,60.9,D,0
-17.7922,128.9543,327.9,3.2,1.7,2014-12-17,0435,Aqua,MODIS,57,6.2,297.9,51,D,0
-15.4567,144.4411,325.4,2.4,1.5,2014-12-17,0435,Aqua,MODIS,45,6.2,302.4,29,D,0
-15.4613,144.4345,327.7,2.4,1.5,2014-12-17,0435,Aqua,MODIS,60,6.2,302.4,40.8,D,0
-15.488,144.4397,326.1,2.4,1.5,2014-12-17,0435,Aqua,MODIS,58,6.2,300.6,35.7,D,0
-15.5905,143.6897,324.3,2.1,1.4,2014-12-17,0435,Aqua,MODIS,23,6.2,294.7,26.3,D,0
-15.4608,144.4191,327,2.4,1.5,2014-12-17,0435,Aqua,MODIS,62,6.2,303.1,35.6,D,0
-12.8749,132.5131,326.7,1.5,1.2,2014-12-17,0436,Aqua,MODIS,63,6.2,304.1,18.9,D,0
-14.6308,131.8931,328.3,1.7,1.3,2014-12-17,0436,Aqua,MODIS,60,6.2,299.3,31.3,D,0
-14.6794,131.883,328,1.7,1.3,2014-12-17,0436,Aqua,MODIS,29,6.2,297.6,41.3,D,0
-14.6698,131.8655,335,1.8,1.3,2014-12-17,0436,Aqua,MODIS,47,6.2,298.4,65.8,D,0
-14.6678,131.8816,361.9,1.7,1.3,2014-12-17,0436,Aqua,MODIS,100,6.2,299.2,187.2,D,0
-14.665,131.8702,350.7,1.8,1.3,2014-12-17,0436,Aqua,MODIS,91,6.2,298.8,129.6,D,0
-14.6631,131.8862,335,1.7,1.3,2014-12-17,0436,Aqua,MODIS,71,6.2,296.3,59.4,D,0
-13.2168,130.2507,319.8,2.2,1.4,2014-12-17,0436,Aqua,MODIS,30,6.2,293.7,23.8,D,0
-14.6766,131.8716,333.8,1.8,1.3,2014-12-17,0436,Aqua,MODIS,67,6.2,297.7,65.9,D,0
-14.6747,131.8878,344.4,1.7,1.3,2014-12-17,0436,Aqua,MODIS,90,6.2,297.4,98.3,D,0
-34.8962,117.212,329,1,1,2014-12-17,0609,Aqua,MODIS,72,6.2,290.8,23.7,D,0
-28.2883,124.4717,381,2.8,1.6,2014-12-17,0610,Aqua,MODIS,100,6.2,307.6,600.8,D,0
-28.2908,124.4802,372.1,2.8,1.6,2014-12-17,0610,Aqua,MODIS,100,6.2,305.7,451.4,D,0
-28.2847,124.5081,348.1,2.8,1.6,2014-12-17,0610,Aqua,MODIS,91,6.2,300,167.8,D,0
-28.2766,124.5278,327.4,2.8,1.6,2014-12-17,0610,Aqua,MODIS,28,6.2,301.5,26.8,D,0
-28.2825,124.4997,344.3,2.8,1.6,2014-12-17,0610,Aqua,MODIS,88,6.2,303.6,134.7,D,0
-28.2967,124.4524,361,2.8,1.6,2014-12-17,0610,Aqua,MODIS,100,6.2,307,294.2,D,0
-28.2941,124.4439,341.2,2.8,1.6,2014-12-17,0610,Aqua,MODIS,84,6.2,306.6,101.2,D,0
-30.8669,121.491,341.6,1.6,1.2,2014-12-17,0610,Aqua,MODIS,82,6.2,320.2,37.8,D,2
-23.2179,119.3291,343.7,1.6,1.2,2014-12-17,0612,Aqua,MODIS,61,6.2,323.3,30.5,D,0
-23.3082,119.4022,344.5,1.6,1.2,2014-12-17,0612,Aqua,MODIS,74,6.2,315.8,49,D,0
-23.3109,119.3867,387.3,1.6,1.2,2014-12-17,0612,Aqua,MODIS,100,6.2,320.8,308.2,D,0
-23.2943,119.4152,356.3,1.6,1.2,2014-12-17,0612,Aqua,MODIS,97,6.2,315.1,106,D,0
-23.2971,119.3997,397.1,1.6,1.2,2014-12-17,0612,Aqua,MODIS,100,6.2,325.1,414.3,D,0
-23.2998,119.3843,383.8,1.6,1.2,2014-12-17,0612,Aqua,MODIS,100,6.2,325,273.1,D,0
-23.2832,119.4128,390.8,1.6,1.2,2014-12-17,0612,Aqua,MODIS,100,6.2,323,355,D,0
-23.2516,119.4001,340.5,1.6,1.2,2014-12-17,0612,Aqua,MODIS,55,6.2,316.9,35.2,D,0
-23.2152,119.3445,340.6,1.6,1.2,2014-12-17,0612,Aqua,MODIS,48,6.2,322.1,22.8,D,0
-23.2209,119.3776,360.3,1.6,1.2,2014-12-17,0612,Aqua,MODIS,100,6.2,318.2,114.4,D,0
-23.2188,114.6003,349.6,1,1,2014-12-17,0612,Aqua,MODIS,91,6.2,322.2,28.9,D,0
-23.2499,119.4053,347.8,1.6,1.2,2014-12-17,0612,Aqua,MODIS,85,6.2,316.1,62.4,D,0
-23.2489,119.4157,342,1.6,1.2,2014-12-17,0612,Aqua,MODIS,74,6.2,315.1,44.8,D,0
-23.2829,119.2854,344.4,1.6,1.2,2014-12-17,0612,Aqua,MODIS,62,6.2,324.1,32.1,D,0
-23.286,119.3973,359.9,1.6,1.2,2014-12-17,0612,Aqua,MODIS,99,6.2,323.6,113.3,D,0
-23.261,119.4077,348.8,1.6,1.2,2014-12-17,0612,Aqua,MODIS,82,6.2,317.3,67.4,D,0
-23.3136,119.3713,354.2,1.6,1.2,2014-12-17,0612,Aqua,MODIS,95,6.2,319.8,76.9,D,0
-23.3163,119.3559,350.9,1.6,1.2,2014-12-17,0612,Aqua,MODIS,93,6.2,321.3,60.6,D,0
-23.2322,119.3792,374.8,1.6,1.2,2014-12-17,0612,Aqua,MODIS,100,6.2,315.1,204.9,D,0
-23.2349,119.3633,375,1.6,1.2,2014-12-17,0612,Aqua,MODIS,100,6.2,318.7,201.6,D,0
-23.2609,119.2803,343.4,1.6,1.2,2014-12-17,0612,Aqua,MODIS,66,6.2,321.6,30.4,D,0
-23.2592,119.2899,351.6,1.6,1.2,2014-12-17,0612,Aqua,MODIS,93,6.2,321.3,62.4,D,0
-20.8469,119.9781,342,2,1.4,2014-12-17,0612,Aqua,MODIS,83,6.2,311.6,56.3,D,0
-23.2583,119.2951,346.3,1.6,1.2,2014-12-17,0612,Aqua,MODIS,81,6.2,320.9,40.4,D,0
-20.8434,119.9701,338.6,2,1.4,2014-12-17,0612,Aqua,MODIS,77,6.2,312,40.5,D,0
-22.9134,118.5418,409,1.4,1.2,2014-12-17,0612,Aqua,MODIS,100,6.2,329.6,475.3,D,0
-22.9111,118.5556,372.3,1.4,1.2,2014-12-17,0612,Aqua,MODIS,100,6.2,318,159.9,D,0
-22.924,118.5439,339.1,1.4,1.2,2014-12-17,0612,Aqua,MODIS,74,6.2,322,24,D,0
-22.9076,118.512,351.5,1.4,1.2,2014-12-17,0612,Aqua,MODIS,93,6.2,322.3,57.5,D,0
-22.9052,118.5257,358.6,1.4,1.2,2014-12-17,0612,Aqua,MODIS,99,6.2,320.6,85.3,D,0
-22.9029,118.5394,340.5,1.4,1.2,2014-12-17,0612,Aqua,MODIS,72,6.2,318.9,22.1,D,0
-18.471,123.5164,332.4,4,1.9,2014-12-17,0613,Aqua,MODIS,76,6.2,294.3,125.5,D,0
-18.4801,123.5574,325.5,4,1.9,2014-12-17,0613,Aqua,MODIS,55,6.2,293.9,56.9,D,0
-18.4764,123.5254,355.2,4,1.9,2014-12-17,0613,Aqua,MODIS,97,6.2,294.5,434.3,D,0
-18.4875,123.5201,345.6,4,1.9,2014-12-17,0613,Aqua,MODIS,90,6.2,293.6,283,D,0
-35.9661,147.3511,300.6,4.1,1.9,2014-12-17,1216,Terra,MODIS,31,6.2,286.8,46.3,N,0
-35.9633,147.3472,302.1,4.1,1.9,2014-12-17,1216,Terra,MODIS,46,6.2,286.8,53.2,N,0
-28.6659,148.0801,306.2,3.1,1.7,2014-12-17,1218,Terra,MODIS,67,6.2,292.1,33.2,N,0
-28.6658,148.0546,303.6,3.1,1.7,2014-12-17,1218,Terra,MODIS,56,6.2,291.6,22.8,N,0
-28.6635,148.0866,303.3,3.1,1.7,2014-12-17,1218,Terra,MODIS,52,6.2,291.8,21.8,N,0
-27.2148,151.7931,307.4,1.6,1.3,2014-12-17,1218,Terra,MODIS,71,6.2,293.1,14.1,N,0
-21.7949,149.1743,302.8,2.1,1.4,2014-12-17,1220,Terra,MODIS,23,6.2,291.7,11.6,N,0
-22.2588,149.3201,302.5,2.1,1.4,2014-12-17,1220,Terra,MODIS,49,6.2,291.7,10.4,N,0
-21.8078,149.1745,304.2,2.1,1.4,2014-12-17,1220,Terra,MODIS,50,6.2,292,14,N,0
-23.1669,150.1575,303.6,1.9,1.3,2014-12-17,1220,Terra,MODIS,55,6.2,293.3,10.3,N,0
-22.1359,149.2581,312.6,2.1,1.4,2014-12-17,1220,Terra,MODIS,85,6.2,293.2,30.1,N,0
-22.2228,149.295,302.6,2.1,1.4,2014-12-17,1220,Terra,MODIS,50,6.2,292.3,11.5,N,0
-22.174,149.2673,303,2.1,1.4,2014-12-17,1220,Terra,MODIS,53,6.2,292.7,11.4,N,0
-22.1742,149.2619,305.9,2.1,1.4,2014-12-17,1220,Terra,MODIS,66,6.2,292.9,16.3,N,0
-22.7123,149.4502,306.2,2.1,1.4,2014-12-17,1220,Terra,MODIS,67,6.2,292.6,14.8,N,0
-22.7121,149.4447,304.1,2.1,1.4,2014-12-17,1220,Terra,MODIS,16,6.2,292.6,10.5,N,0
-22.2586,149.3268,303.2,2.1,1.4,2014-12-17,1220,Terra,MODIS,54,6.2,292.3,11.9,N,0
-22.1381,149.2369,305.4,2.1,1.4,2014-12-17,1220,Terra,MODIS,63,6.2,293.3,15.3,N,0
-15.2149,143.7778,316.1,4.4,1.9,2014-12-17,1222,Terra,MODIS,76,6.2,292.9,104.9,N,0
-15.1975,143.7759,311.5,4.4,1.9,2014-12-17,1222,Terra,MODIS,39,6.2,292.9,69.6,N,0
-15.2312,143.773,308.9,4.4,1.9,2014-12-17,1222,Terra,MODIS,24,6.2,292.8,64.4,N,0
-15.2138,143.7712,315.7,4.4,1.9,2014-12-17,1222,Terra,MODIS,70,6.2,292.9,101.9,N,0
-15.1963,143.7693,307.6,4.4,1.9,2014-12-17,1222,Terra,MODIS,22,6.2,292.8,49,N,0
-15.4509,143.9426,306.9,4.3,1.9,2014-12-17,1222,Terra,MODIS,46,6.2,292.2,54.1,N,0
-15.4491,143.9375,305.4,4.3,1.9,2014-12-17,1222,Terra,MODIS,28,6.2,292.3,48.6,N,0
-15.234,143.9426,313.3,4.3,1.9,2014-12-17,1222,Terra,MODIS,82,6.2,292.6,84.5,N,0
-15.9909,144.1163,305.1,4.3,1.9,2014-12-17,1222,Terra,MODIS,20,6.2,292.5,31.2,N,0
-15.9884,144.1113,305.5,4.3,1.9,2014-12-17,1222,Terra,MODIS,31,6.2,292.4,34,N,0
-15.2324,143.7797,309.4,4.4,1.9,2014-12-17,1222,Terra,MODIS,62,6.2,292.8,69.9,N,0
-15.2277,143.9752,305.4,4.3,1.9,2014-12-17,1222,Terra,MODIS,30,6.2,292.6,35.8,N,0
-15.2318,143.9358,311.1,4.3,1.9,2014-12-17,1222,Terra,MODIS,73,6.2,292.6,71.9,N,0
-28.2653,124.4654,317.6,2.6,1.5,2014-12-17,1357,Terra,MODIS,95,6.2,291.6,53.6,N,0
-28.2514,124.464,313,2.6,1.5,2014-12-17,1357,Terra,MODIS,78,6.2,290.9,41.6,N,0
-28.2676,124.439,334.9,2.6,1.5,2014-12-17,1357,Terra,MODIS,100,6.2,292,134.6,N,0
-28.2724,124.4462,342.4,2.6,1.5,2014-12-17,1357,Terra,MODIS,100,6.2,292.7,182.7,N,0
-28.2864,124.4476,310.1,2.6,1.5,2014-12-17,1357,Terra,MODIS,55,6.2,289.6,29.5,N,0
-28.2703,124.4725,308.8,2.6,1.5,2014-12-17,1357,Terra,MODIS,45,6.2,291.3,25.6,N,0
-28.2746,124.4196,306.9,2.6,1.5,2014-12-17,1357,Terra,MODIS,36,6.2,288.9,22,N,0
-28.2793,124.4668,309.9,2.6,1.5,2014-12-17,1357,Terra,MODIS,77,6.2,291.8,30.5,N,0
-28.8756,126.1339,305.2,2,1.4,2014-12-17,1357,Terra,MODIS,63,6.2,292,13.8,N,0
-28.8631,126.1324,312.1,2,1.4,2014-12-17,1357,Terra,MODIS,84,6.2,292.1,26.4,N,0
-28.8721,126.1478,309.4,2,1.4,2014-12-17,1357,Terra,MODIS,77,6.2,292.1,20.1,N,0
-28.8741,126.1272,306.4,2,1.4,2014-12-17,1357,Terra,MODIS,48,6.2,291.9,14.7,N,0
-28.2816,124.4404,317.8,2.6,1.5,2014-12-17,1357,Terra,MODIS,96,6.2,290.3,56.2,N,0
-27.9323,124.5426,306,2.5,1.5,2014-12-17,1357,Terra,MODIS,67,6.2,293.7,21.9,N,0
-28.3354,125.6859,305.8,2.1,1.4,2014-12-17,1357,Terra,MODIS,66,6.2,292.5,15.7,N,0
-27.9265,124.5354,306.5,2.5,1.5,2014-12-17,1357,Terra,MODIS,68,6.2,293.5,23.5,N,0
-27.9345,124.5168,302,2.5,1.5,2014-12-17,1357,Terra,MODIS,40,6.2,291,12,N,0
-20.2156,129.662,323.2,1,1,2014-12-17,1359,Terra,MODIS,100,6.2,292,16.2,N,0
-20.2196,129.6326,311.4,1,1,2014-12-17,1359,Terra,MODIS,9,6.2,297.2,5,N,0
-20.2065,129.6606,317.8,1,1,2014-12-17,1359,Terra,MODIS,63,6.2,295.2,10.1,N,0
-20.2118,129.6214,315.4,1,1,2014-12-17,1359,Terra,MODIS,91,6.2,297.4,8.6,N,0
-20.2041,129.6102,322.9,1,1,2014-12-17,1359,Terra,MODIS,100,6.2,298.5,16.2,N,0
-18.9989,134.4751,333.3,1.4,1.2,2014-12-17,1359,Terra,MODIS,100,6.2,296.2,48.6,N,0
-18.9967,134.4884,312.7,1.4,1.2,2014-12-17,1359,Terra,MODIS,74,6.2,291.5,12.2,N,0
-18.9884,134.4732,338.6,1.4,1.2,2014-12-17,1359,Terra,MODIS,100,6.2,296.5,62.2,N,0
-18.9801,134.4579,310.9,1.4,1.2,2014-12-17,1359,Terra,MODIS,31,6.2,292,12.2,N,0
-18.9862,134.4865,310.1,1.4,1.2,2014-12-17,1359,Terra,MODIS,49,6.2,292.8,9.2,N,0
-20.2129,129.6815,415.2,1,1,2014-12-17,1359,Terra,MODIS,100,6.2,305.8,365,N,0
-20.2142,129.6718,417,1,1,2014-12-17,1359,Terra,MODIS,100,6.2,305.7,379,N,0
-20.2038,129.6801,407.8,1,1,2014-12-17,1359,Terra,MODIS,100,6.2,300.7,308.4,N,0
-20.2051,129.6703,379.4,1,1,2014-12-17,1359,Terra,MODIS,100,6.2,298.6,150.1,N,0
-18.4478,131.3519,327.4,1,1,2014-12-17,1359,Terra,MODIS,100,6.2,294.3,22.7,N,0
-18.4493,131.3422,314.4,1,1,2014-12-17,1359,Terra,MODIS,71,6.2,291,9.8,N,0
-18.4387,131.3504,305.8,1,1,2014-12-17,1400,Terra,MODIS,37,6.2,285.7,3.2,N,0
-17.3247,129.3812,308.3,1,1,2014-12-17,1400,Terra,MODIS,66,6.2,289,5.3,N,0
-17.3442,129.3712,311.3,1,1,2014-12-17,1400,Terra,MODIS,75,6.2,290.6,7.2,N,0
-17.8211,128.9792,314,1,1,2014-12-17,1400,Terra,MODIS,27,6.2,282.7,9.7,N,0
-17.3337,129.3826,310.7,1,1,2014-12-17,1400,Terra,MODIS,66,6.2,288.6,6.5,N,0
-15.2773,128.0426,305.5,1.1,1,2014-12-17,1400,Terra,MODIS,65,6.2,277.1,5.2,N,0
-17.8198,128.9889,324.2,1,1,2014-12-17,1400,Terra,MODIS,97,6.2,280.5,19.7,N,0
-17.6626,134.527,313.9,1.5,1.2,2014-12-17,1400,Terra,MODIS,84,6.2,297.7,13.4,N,0
-17.6649,134.5131,319.7,1.5,1.2,2014-12-17,1400,Terra,MODIS,99,6.2,298,22.4,N,0
-17.3554,130.7113,308.4,1,1,2014-12-17,1400,Terra,MODIS,62,6.2,290.4,4.7,N,0
-17.3143,130.679,307.3,1,1,2014-12-17,1400,Terra,MODIS,58,6.2,291.2,3.8,N,0
-16.9328,131.0181,304.5,1,1,2014-12-17,1400,Terra,MODIS,57,6.2,283.1,4.7,N,0
-17.6518,134.525,310.7,1.5,1.2,2014-12-17,1400,Terra,MODIS,72,6.2,297.6,9.5,N,0
-15.4355,134.0766,312.3,1.5,1.2,2014-12-17,1400,Terra,MODIS,82,6.2,294.2,13.7,N,0
-15.4744,134.1127,309,1.5,1.2,2014-12-17,1400,Terra,MODIS,71,6.2,293.5,8.8,N,0
-17.6755,134.5359,320.6,1.5,1.2,2014-12-17,1400,Terra,MODIS,100,6.2,298.9,24.2,N,0
-17.7489,134.5643,320,1.5,1.2,2014-12-17,1400,Terra,MODIS,100,6.2,297.8,23.6,N,0
-17.667,134.5199,347.8,1.5,1.2,2014-12-17,1400,Terra,MODIS,100,6.2,299,95.5,N,0
-17.7529,134.5563,360.3,1.5,1.2,2014-12-17,1400,Terra,MODIS,100,6.2,299,149.9,N,0
-17.7661,134.5443,309,1.5,1.2,2014-12-17,1400,Terra,MODIS,64,6.2,297.4,7.9,N,0
-17.7637,134.5583,366,1.5,1.2,2014-12-17,1400,Terra,MODIS,100,6.2,300.9,179.8,N,0
-15.4342,134.0706,310.2,1.5,1.2,2014-12-17,1400,Terra,MODIS,62,6.2,294.1,10.2,N,0
-17.7614,134.5724,318.9,1.5,1.2,2014-12-17,1400,Terra,MODIS,97,6.2,297.9,22.3,N,0
-17.6778,134.5219,325,1.5,1.2,2014-12-17,1400,Terra,MODIS,100,6.2,299.1,32.5,N,0
-17.1607,134.506,311.3,1.5,1.2,2014-12-17,1400,Terra,MODIS,74,6.2,298.6,10,N,0
-17.7512,134.5502,325.6,1.5,1.2,2014-12-17,1400,Terra,MODIS,100,6.2,297.8,34,N,0
-18.0867,145.577,303.8,1.4,1.2,2014-12-17,1527,Aqua,MODIS,20,6.2,274,6.6,N,0
-18.0925,145.5946,320.2,1.4,1.2,2014-12-17,1527,Aqua,MODIS,0,6.2,288.5,26.9,N,0
-18.0888,145.5897,326.3,1.4,1.2,2014-12-17,1527,Aqua,MODIS,100,6.2,288.4,37.7,N,0
-18.5081,146.0716,314.9,1.3,1.1,2014-12-17,1527,Aqua,MODIS,90,6.2,293.9,17.5,N,0
-15.1516,143.9818,312,2,1.4,2014-12-17,1527,Aqua,MODIS,84,6.2,293.5,24.5,N,0
-15.1547,144,315.4,2,1.4,2014-12-17,1527,Aqua,MODIS,91,6.2,293.5,31.1,N,0
-15.1528,143.9745,307.4,2,1.4,2014-12-17,1527,Aqua,MODIS,71,6.2,293.2,16.9,N,0
-15.156,143.9926,328.4,2,1.4,2014-12-17,1527,Aqua,MODIS,100,6.2,293.9,68.3,N,0
-15.1651,143.9722,318.5,2,1.4,2014-12-17,1527,Aqua,MODIS,97,6.2,293.3,40.6,N,0
-15.1683,143.9904,325.9,2,1.4,2014-12-17,1527,Aqua,MODIS,100,6.2,294.1,59.6,N,0
-18.5061,146.0594,306.5,1.3,1.1,2014-12-17,1527,Aqua,MODIS,68,6.2,292.4,9.2,N,0
-21.7944,149.1653,308.9,1,1,2014-12-17,1528,Aqua,MODIS,70,6.2,293.1,7.5,N,0
-21.7958,149.1751,306.7,1,1,2014-12-17,1528,Aqua,MODIS,49,6.2,293.3,6,N,0
-22.25,149.328,307.6,1,1,2014-12-17,1528,Aqua,MODIS,72,6.2,291.7,7.9,N,0
-22.1297,149.2625,328.2,1,1,2014-12-17,1528,Aqua,MODIS,100,6.2,294.4,25.6,N,0
-22.1311,149.2724,309.3,1,1,2014-12-17,1528,Aqua,MODIS,77,6.2,292.8,7.8,N,0
-22.136,149.2415,306.9,1,1,2014-12-17,1528,Aqua,MODIS,51,6.2,293.5,6,N,0
-22.1374,149.2513,312.8,1,1,2014-12-17,1528,Aqua,MODIS,86,6.2,293.9,9.8,N,0
-22.1767,149.2695,305.7,1,1,2014-12-17,1528,Aqua,MODIS,65,6.2,291.8,6,N,0
-22.1753,149.2596,305.1,1,1,2014-12-17,1528,Aqua,MODIS,63,6.2,291.6,5.6,N,0
-21.8488,149.4176,303,1,1,2014-12-17,1528,Aqua,MODIS,53,6.2,290.9,5,N,0
-23.7676,151.2081,304.4,1.2,1.1,2014-12-17,1529,Aqua,MODIS,36,6.2,290.4,8.3,N,0
-23.7767,148.6952,308.9,1,1,2014-12-17,1529,Aqua,MODIS,76,6.2,294.7,7.1,N,0
-28.6593,148.0759,309.8,1,1,2014-12-17,1530,Aqua,MODIS,78,6.2,291.2,8,N,0
-28.6699,148.0849,307.5,1,1,2014-12-17,1530,Aqua,MODIS,65,6.2,292.3,5.9,N,0
-28.6684,148.0743,323.7,1,1,2014-12-17,1530,Aqua,MODIS,100,6.2,292.4,20.5,N,0
-29.305,151.3258,308,1.5,1.2,2014-12-17,1530,Aqua,MODIS,73,6.2,290.3,15.1,N,0
-36.8485,145.5654,303.4,1,1,2014-12-17,1532,Aqua,MODIS,55,6.2,284.6,8.4,N,0
-36.8469,145.5538,308.3,1,1,2014-12-17,1532,Aqua,MODIS,74,6.2,286.3,11.5,N,0
-34.109,115.9839,306.6,1.8,1.3,2014-12-17,1534,Terra,MODIS,68,6.2,283.7,23.5,N,0
-34.1207,115.9873,309,1.8,1.3,2014-12-17,1534,Terra,MODIS,76,6.2,284.1,27.8,N,0
-14.4983,125.7211,305.6,1,1,2014-12-17,1705,Aqua,MODIS,34,6.2,290.5,4.1,N,0
-17.8319,128.9928,335,1.5,1.2,2014-12-17,1706,Aqua,MODIS,100,6.2,290.2,58,N,0
-17.8247,129.0012,310,1.5,1.2,2014-12-17,1706,Aqua,MODIS,62,6.2,289.3,11.1,N,0
-17.8339,128.9857,330.2,1.5,1.2,2014-12-17,1706,Aqua,MODIS,100,6.2,289.7,46.8,N,0
-17.8213,128.9729,305.9,1.5,1.2,2014-12-17,1706,Aqua,MODIS,34,6.2,288.6,6.5,N,0
-17.8301,128.9788,332.2,1.5,1.2,2014-12-17,1706,Aqua,MODIS,100,6.2,289.7,50.7,N,0
-17.823,128.9871,335,1.5,1.2,2014-12-17,1706,Aqua,MODIS,100,6.2,290.5,57.9,N,0
-17.8211,128.9942,320.3,1.5,1.2,2014-12-17,1706,Aqua,MODIS,100,6.2,289.7,26.4,N,0
-17.3114,129.3877,303.3,1.5,1.2,2014-12-17,1706,Aqua,MODIS,49,6.2,284.3,7.4,N,0
-17.8193,128.9801,320.5,1.5,1.2,2014-12-17,1706,Aqua,MODIS,100,6.2,289.3,26.6,N,0
-17.7472,134.5698,323.2,3.8,1.8,2014-12-17,1706,Aqua,MODIS,100,6.2,293.6,125,N,0
-17.7689,134.5603,311.8,3.8,1.8,2014-12-17,1706,Aqua,MODIS,82,6.2,292.9,55.7,N,0
-17.7559,134.5983,308.4,3.8,1.8,2014-12-17,1706,Aqua,MODIS,73,6.2,293.3,38.6,N,0
-17.7524,134.5618,330.2,3.8,1.8,2014-12-17,1706,Aqua,MODIS,100,6.2,293.6,184.1,N,0
-17.7724,134.5966,306.1,3.8,1.8,2014-12-17,1706,Aqua,MODIS,65,6.2,293,28.5,N,0
-17.7756,134.5549,307.7,3.8,1.8,2014-12-17,1706,Aqua,MODIS,60,6.2,292.7,35,N,0
-17.7789,134.5913,306.5,3.8,1.8,2014-12-17,1706,Aqua,MODIS,39,6.2,293,29.6,N,0
-18.4847,131.3848,308.1,2.3,1.5,2014-12-17,1706,Aqua,MODIS,45,6.2,291.4,17.1,N,0
-18.4573,131.3519,311.6,2.2,1.4,2014-12-17,1706,Aqua,MODIS,81,6.2,291.6,24.1,N,0
-18.4442,131.3534,305.8,2.2,1.4,2014-12-17,1706,Aqua,MODIS,62,6.2,291.8,12.8,N,0
-18.4597,131.3732,310.8,2.2,1.5,2014-12-17,1706,Aqua,MODIS,80,6.2,291.6,22.2,N,0
-18.4728,131.3717,312.5,2.2,1.5,2014-12-17,1706,Aqua,MODIS,69,6.2,291.5,25.6,N,0
-18.4562,131.3665,320.5,2.2,1.5,2014-12-17,1706,Aqua,MODIS,100,6.2,292.1,47.7,N,0
-18.4693,131.365,307.9,2.2,1.5,2014-12-17,1706,Aqua,MODIS,37,6.2,291.4,16.2,N,0
-23.2894,119.4402,318.1,1.4,1.2,2014-12-17,1708,Aqua,MODIS,89,6.2,298.8,17.4,N,0
-23.2837,119.4689,315.8,1.4,1.2,2014-12-17,1708,Aqua,MODIS,56,6.2,298.9,13.1,N,0
-23.2814,119.4557,323.6,1.4,1.2,2014-12-17,1708,Aqua,MODIS,100,6.2,299.3,24.9,N,0
-23.294,119.4668,317.3,1.4,1.2,2014-12-17,1708,Aqua,MODIS,58,6.2,298.5,15.8,N,0
-23.2963,119.48,314.9,1.4,1.2,2014-12-17,1708,Aqua,MODIS,69,6.2,298.5,13.6,N,0
-23.2431,119.2974,315.2,1.4,1.2,2014-12-17,1708,Aqua,MODIS,88,6.2,297.3,16.6,N,0
-23.2326,119.2994,326.2,1.4,1.2,2014-12-17,1708,Aqua,MODIS,100,6.2,297.7,34.5,N,0
-23.2302,119.2856,312.2,1.4,1.2,2014-12-17,1708,Aqua,MODIS,80,6.2,296.6,12.9,N,0
-23.322,119.4003,327.5,1.4,1.2,2014-12-17,1708,Aqua,MODIS,100,6.2,298.4,36.1,N,0
-23.315,119.3603,315.2,1.4,1.2,2014-12-17,1708,Aqua,MODIS,85,6.2,297.9,15.5,N,0
-23.3079,119.4225,333.9,1.4,1.2,2014-12-17,1708,Aqua,MODIS,100,6.2,300,45.6,N,0
-23.3057,119.4092,331.7,1.4,1.2,2014-12-17,1708,Aqua,MODIS,100,6.2,299.9,42.4,N,0
-23.2329,119.4243,307.4,1.4,1.2,2014-12-17,1708,Aqua,MODIS,50,6.2,296.7,6.9,N,0
-23.5942,121.4562,315.2,1.1,1,2014-12-17,1708,Aqua,MODIS,88,6.2,299.4,10.8,N,0
-23.3126,119.3468,315.3,1.4,1.2,2014-12-17,1708,Aqua,MODIS,88,6.2,297.6,15.8,N,0
-23.3197,119.387,315.3,1.4,1.2,2014-12-17,1708,Aqua,MODIS,89,6.2,297.5,16.6,N,0
-23.3163,119.4291,339.1,1.4,1.2,2014-12-17,1708,Aqua,MODIS,100,6.2,301.4,61.7,N,0
-23.314,119.4158,329.1,1.4,1.2,2014-12-17,1708,Aqua,MODIS,100,6.2,299.9,37.6,N,0
-23.3116,119.4025,340.7,1.4,1.2,2014-12-17,1708,Aqua,MODIS,100,6.2,301.1,64.9,N,0
-23.3047,119.3401,312.5,1.4,1.2,2014-12-17,1708,Aqua,MODIS,81,6.2,297.6,12.4,N,0
-23.3206,119.4338,329.1,1.4,1.2,2014-12-17,1708,Aqua,MODIS,100,6.2,299.1,37.1,N,0
-23.3183,119.4204,326.9,1.4,1.2,2014-12-17,1708,Aqua,MODIS,100,6.2,298.9,31.5,N,0
-23.5959,121.4667,317.1,1.1,1,2014-12-17,1708,Aqua,MODIS,93,6.2,299.5,12.6,N,0
-23.316,119.4071,338.8,1.4,1.2,2014-12-17,1708,Aqua,MODIS,100,6.2,300.3,58.1,N,0
-23.3138,119.3937,321.8,1.4,1.2,2014-12-17,1708,Aqua,MODIS,100,6.2,299.3,23.5,N,0
-23.3102,119.4359,318.8,1.4,1.2,2014-12-17,1708,Aqua,MODIS,89,6.2,298.8,18.6,N,0
-27.9344,124.5381,304.1,1.1,1.1,2014-12-17,1709,Aqua,MODIS,58,6.2,291.8,6.4,N,0
-28.3251,125.7004,307.9,1.3,1.1,2014-12-17,1709,Aqua,MODIS,47,6.2,291,10.7,N,0
-28.3134,125.689,326.6,1.3,1.1,2014-12-17,1709,Aqua,MODIS,100,6.2,291.7,34.4,N,0
-28.3235,125.6874,310.5,1.3,1.1,2014-12-17,1709,Aqua,MODIS,80,6.2,290.9,13.4,N,0
-28.1493,122.0028,310.2,1,1,2014-12-17,1709,Aqua,MODIS,79,6.2,294.9,8.2,N,0
-28.1681,122.0041,306.2,1,1,2014-12-17,1709,Aqua,MODIS,67,6.2,295,5.9,N,0
-28.1344,122.5235,375,1,1,2014-12-17,1709,Aqua,MODIS,100,6.2,301.1,132.3,N,0
-28.1359,122.5337,362,1,1,2014-12-17,1709,Aqua,MODIS,100,6.2,303,90.2,N,0
-28.1374,122.5438,375.1,1,1,2014-12-17,1709,Aqua,MODIS,100,6.2,303,132.7,N,0
-28.1388,122.554,344.1,1,1,2014-12-17,1709,Aqua,MODIS,100,6.2,298.4,49,N,0
-28.1403,122.5642,320.8,1,1,2014-12-17,1709,Aqua,MODIS,100,6.2,296.2,16.7,N,0
-28.1418,122.5744,328,1,1,2014-12-17,1709,Aqua,MODIS,100,6.2,296.3,24.8,N,0
-28.1433,122.5846,305.7,1,1,2014-12-17,1709,Aqua,MODIS,64,6.2,294.6,5.1,N,0
-28.1464,122.5422,315.5,1,1,2014-12-17,1709,Aqua,MODIS,91,6.2,296,12,N,0
-28.1479,122.5524,320.7,1,1,2014-12-17,1709,Aqua,MODIS,100,6.2,297.1,16.8,N,0
-28.1493,122.5626,327,1,1,2014-12-17,1709,Aqua,MODIS,100,6.2,297.8,23.5,N,0
-28.1508,122.5728,334.4,1,1,2014-12-17,1709,Aqua,MODIS,100,6.2,298.2,33.1,N,0
-28.1523,122.5829,312.4,1,1,2014-12-17,1709,Aqua,MODIS,85,6.2,295,9.5,N,0
-28.1577,122.5648,317.3,1,1,2014-12-17,1709,Aqua,MODIS,95,6.2,295.9,14.2,N,0
-28.1592,122.575,328.6,1,1,2014-12-17,1709,Aqua,MODIS,100,6.2,297.7,26.4,N,0
-28.1607,122.5852,307.3,1,1,2014-12-17,1709,Aqua,MODIS,71,6.2,294.5,6.9,N,0
-28.1969,122.5159,326.5,1,1,2014-12-17,1709,Aqua,MODIS,100,6.2,295.6,23.4,N,0
-28.1984,122.5261,316.1,1,1,2014-12-17,1709,Aqua,MODIS,92,6.2,294.5,12.9,N,0
-28.2059,122.5143,342.4,1,1,2014-12-17,1709,Aqua,MODIS,100,6.2,296.8,46.4,N,0
-28.2074,122.5244,345.9,1,1,2014-12-17,1709,Aqua,MODIS,100,6.2,298.4,53,N,0
-28.2089,122.5346,304.4,1,1,2014-12-17,1709,Aqua,MODIS,60,6.2,293.9,4.8,N,0
-28.2192,122.606,307.7,1,1,2014-12-17,1709,Aqua,MODIS,43,6.2,294.1,6.4,N,0
-28.2207,122.6162,320.7,1,1,2014-12-17,1709,Aqua,MODIS,100,6.2,295.1,16.6,N,0
-28.2221,122.6264,315.2,1,1,2014-12-17,1709,Aqua,MODIS,90,6.2,294.4,11.2,N,0
-28.29,124.4557,301.8,1.1,1.1,2014-12-17,1709,Aqua,MODIS,44,6.2,291.4,4.9,N,0
-34.1115,115.9887,314.8,1.4,1.2,2014-12-17,1711,Aqua,MODIS,90,6.2,285,27.8,N,0
-15.1946,143.7773,323.5,1.1,1,2014-12-18,0051,Terra,MODIS,54,6.2,298,10.3,D,0
-13.9049,141.5087,327.4,1,1,2014-12-18,0051,Terra,MODIS,30,6.2,303.9,13.7,D,0
-15.1383,144.0325,344.7,1.1,1,2014-12-18,0051,Terra,MODIS,91,6.2,302.9,40.6,D,0
-15.1541,144.01,327.1,1.1,1,2014-12-18,0051,Terra,MODIS,57,6.2,300,13,D,0
-15.1778,143.9762,352.9,1.1,1,2014-12-18,0051,Terra,MODIS,96,6.2,300.1,61.4,D,0
-15.3059,144.1658,331.6,1.1,1,2014-12-18,0051,Terra,MODIS,80,6.2,302.7,16.9,D,0
-15.3074,144.1758,330.3,1.1,1,2014-12-18,0051,Terra,MODIS,75,6.2,302.8,15.2,D,0
-15.3912,145.219,321,1.2,1.1,2014-12-18,0051,Terra,MODIS,54,6.2,307.1,11.3,D,0
-12.2173,134.6303,314.5,3,1.7,2014-12-18,0051,Terra,MODIS,20,6.2,291.9,34.4,D,0
-12.2181,134.6364,315.1,3,1.7,2014-12-18,0051,Terra,MODIS,42,6.2,292.2,35.9,D,0
-11.9302,136.5524,315.2,2.2,1.4,2014-12-18,0051,Terra,MODIS,54,6.2,297.4,28.4,D,3
-16.9518,134.4464,328.6,2.5,1.5,2014-12-18,0052,Terra,MODIS,64,6.2,302.3,40.2,D,0
-16.958,134.4393,328.2,2.5,1.5,2014-12-18,0052,Terra,MODIS,31,6.2,303.4,34.7,D,0
-16.8935,143.3093,333.7,1,1,2014-12-18,0052,Terra,MODIS,79,6.2,303.7,21.3,D,0
-16.9475,134.423,346.1,2.5,1.5,2014-12-18,0052,Terra,MODIS,91,6.2,301.9,145.5,D,0
-16.9535,134.4159,337.4,2.5,1.5,2014-12-18,0052,Terra,MODIS,82,6.2,302.8,83,D,0
-17.1555,134.507,341.1,2.5,1.5,2014-12-18,0052,Terra,MODIS,86,6.2,298.4,108.2,D,0
-17.1598,134.5299,335.6,2.5,1.5,2014-12-18,0052,Terra,MODIS,80,6.2,299.3,71.4,D,0
-17.1343,140.994,331.5,1,1,2014-12-18,0052,Terra,MODIS,72,6.2,304,11.3,D,0
-17.1357,141.0035,330.7,1,1,2014-12-18,0052,Terra,MODIS,57,6.2,305.9,9.2,D,0
-16.9465,141.3372,336,1,1,2014-12-18,0052,Terra,MODIS,66,6.2,306.6,20.2,D,0
-18.0723,145.5516,333.5,1.4,1.2,2014-12-18,0052,Terra,MODIS,77,6.2,302.5,29.1,D,0
-18.074,145.5646,336,1.4,1.2,2014-12-18,0052,Terra,MODIS,67,6.2,303,37.4,D,0
-18.0757,145.5777,353.7,1.4,1.2,2014-12-18,0052,Terra,MODIS,96,6.2,303.7,96.7,D,0
-18.1631,145.5463,330,1.4,1.2,2014-12-18,0052,Terra,MODIS,72,6.2,302.7,28.3,D,0
-18.0824,145.5838,357.5,1.4,1.2,2014-12-18,0052,Terra,MODIS,98,6.2,302.8,115,D,0
-18.0775,145.5909,346,1.4,1.2,2014-12-18,0052,Terra,MODIS,91,6.2,301.2,77.1,D,0
-16.9297,141.3463,337.4,1,1,2014-12-18,0052,Terra,MODIS,76,6.2,302.2,17.7,D,0
-16.9311,141.3557,339.7,1,1,2014-12-18,0052,Terra,MODIS,84,6.2,306.6,21.5,D,0
-16.9389,141.348,348.6,1,1,2014-12-18,0052,Terra,MODIS,93,6.2,306.5,43.2,D,0
-16.9403,141.3575,332.1,1,1,2014-12-18,0052,Terra,MODIS,60,6.2,305.5,15.7,D,0
-16.9479,141.3466,333.9,1,1,2014-12-18,0052,Terra,MODIS,64,6.2,300.4,17.6,D,0
-18.0719,145.5848,342.2,1.4,1.2,2014-12-18,0052,Terra,MODIS,89,6.2,302.3,64.5,D,0
-18.0687,145.5588,334.6,1.4,1.2,2014-12-18,0052,Terra,MODIS,74,6.2,303.7,32.1,D,0
-18.0808,145.5706,339.3,1.4,1.2,2014-12-18,0052,Terra,MODIS,78,6.2,302.3,49.3,D,0
-18.0841,145.5969,333.5,1.4,1.2,2014-12-18,0052,Terra,MODIS,75,6.2,300,42.2,D,0
-18.0792,145.5574,334.8,1.4,1.2,2014-12-18,0052,Terra,MODIS,77,6.2,301.6,34.8,D,0
-18.0775,145.5444,323.8,1.4,1.2,2014-12-18,0052,Terra,MODIS,57,6.2,300.5,11,D,0
-18.093,145.5826,346.9,1.4,1.2,2014-12-18,0052,Terra,MODIS,92,6.2,301.9,74.5,D,0
-18.088,145.5431,325.8,1.4,1.2,2014-12-18,0052,Terra,MODIS,29,6.2,298.7,12.7,D,0
-18.0896,145.5559,355.5,1.4,1.2,2014-12-18,0052,Terra,MODIS,97,6.2,299.8,97.5,D,0
-18.0913,145.5692,361.4,1.4,1.2,2014-12-18,0052,Terra,MODIS,100,6.2,301.4,122.9,D,0
-16.9102,141.1594,340.4,1,1,2014-12-18,0052,Terra,MODIS,86,6.2,307.3,26.6,D,0
-18.0946,145.5958,329,1.4,1.2,2014-12-18,0052,Terra,MODIS,59,6.2,301.4,30.9,D,0
-18.1001,145.5544,335.4,1.4,1.2,2014-12-18,0052,Terra,MODIS,73,6.2,298.4,37.2,D,0
-18.1106,145.5528,340.5,1.4,1.2,2014-12-18,0052,Terra,MODIS,87,6.2,299.9,54.2,D,0
-18.149,145.6021,328.4,1.4,1.2,2014-12-18,0052,Terra,MODIS,73,6.2,301.2,26.1,D,0
-18.1211,145.5515,324,1.4,1.2,2014-12-18,0052,Terra,MODIS,56,6.2,298.4,18.6,D,0
-18.1123,145.5661,326.4,1.4,1.2,2014-12-18,0052,Terra,MODIS,39,6.2,298.5,20.8,D,0
-18.1614,145.533,324.2,1.4,1.2,2014-12-18,0052,Terra,MODIS,65,6.2,301.3,18.7,D,0
-18.1526,145.5475,339.8,1.4,1.2,2014-12-18,0052,Terra,MODIS,87,6.2,303.3,51.8,D,0
-16.9117,141.1688,328.8,1,1,2014-12-18,0052,Terra,MODIS,59,6.2,306.4,9.3,D,0
-18.1041,145.5015,342.3,1.4,1.2,2014-12-18,0052,Terra,MODIS,89,6.2,304.8,54.7,D,0
-18.1649,145.5598,331,1.4,1.2,2014-12-18,0052,Terra,MODIS,50,6.2,304.6,26.3,D,0
-18.7638,142.2391,351.5,1,1,2014-12-18,0052,Terra,MODIS,94,6.2,307.9,45,D,0
-18.1701,145.5531,355.9,1.4,1.2,2014-12-18,0052,Terra,MODIS,97,6.2,305.2,100.7,D,0
-16.9207,141.1674,336.4,1,1,2014-12-18,0052,Terra,MODIS,82,6.2,306.5,19.8,D,0
-18.1684,145.5398,346.5,1.4,1.2,2014-12-18,0052,Terra,MODIS,92,6.2,303.3,68.8,D,0
-15.9607,145.2897,321,1.3,1.1,2014-12-18,0052,Terra,MODIS,73,6.2,302.4,14.1,D,0
-16.7195,143.6497,331.7,1.1,1,2014-12-18,0052,Terra,MODIS,74,6.2,306,16.5,D,0
-15.4553,143.9884,329.5,1.1,1,2014-12-18,0052,Terra,MODIS,63,6.2,305.2,13.3,D,0
-15.5216,143.9417,324.3,1.1,1,2014-12-18,0052,Terra,MODIS,62,6.2,301.3,10.5,D,0
-16.9041,143.3177,325.4,1,1,2014-12-18,0052,Terra,MODIS,51,6.2,299.6,9.8,D,0
-18.1717,145.5664,354.1,1.4,1.2,2014-12-18,0052,Terra,MODIS,96,6.2,305.8,94.5,D,0
-16.5001,137.5906,331.6,1.5,1.2,2014-12-18,0052,Terra,MODIS,71,6.2,305.8,20.5,D,0
-15.5868,143.6846,348.4,1.1,1,2014-12-18,0052,Terra,MODIS,94,6.2,298.1,51.4,D,0
-16.8949,143.3191,323.1,1,1,2014-12-18,0052,Terra,MODIS,19,6.2,301,7.8,D,0
-15.601,143.6527,323.4,1.1,1,2014-12-18,0052,Terra,MODIS,45,6.2,295.9,10,D,0
-18.2279,145.2009,325.9,1.3,1.1,2014-12-18,0052,Terra,MODIS,61,6.2,304.1,15.9,D,0
-15.4448,134.0997,323.2,2.9,1.6,2014-12-18,0052,Terra,MODIS,51,6.2,282.4,53.5,D,0
-18.7375,142.1847,338.8,1,1,2014-12-18,0052,Terra,MODIS,26,6.2,307.2,20.8,D,0
-17.162,134.5116,357.6,2.5,1.5,2014-12-18,0052,Terra,MODIS,98,6.2,300.2,235.1,D,0
-17.1662,134.5345,338.1,2.5,1.5,2014-12-18,0052,Terra,MODIS,83,6.2,299.6,85.5,D,0
-17.169,134.5043,334.1,2.5,1.5,2014-12-18,0052,Terra,MODIS,72,6.2,301,61.7,D,0
-17.1733,134.5272,336.2,2.5,1.5,2014-12-18,0052,Terra,MODIS,81,6.2,301,69.9,D,0
-18.5081,146.077,324.7,1.5,1.2,2014-12-18,0052,Terra,MODIS,53,6.2,302.5,25.9,D,0
-18.5051,146.0696,329.8,1.5,1.2,2014-12-18,0052,Terra,MODIS,43,6.2,303.7,31.2,D,0
-18.5065,146.0632,334.1,1.5,1.2,2014-12-18,0052,Terra,MODIS,68,6.2,304.7,43.1,D,0
-18.5048,146.0494,333.2,1.5,1.2,2014-12-18,0052,Terra,MODIS,62,6.2,308.3,36.1,D,0
-18.5033,146.0558,332.3,1.5,1.2,2014-12-18,0052,Terra,MODIS,62,6.2,306.1,34.2,D,0
-22.7689,150.0517,318.9,3.4,1.7,2014-12-18,0053,Terra,MODIS,55,6.2,297.5,45.9,D,0
-18.8324,138.1244,337,1.3,1.1,2014-12-18,0053,Terra,MODIS,76,6.2,308.6,26.2,D,0
-21.8564,149.421,319.9,3,1.6,2014-12-18,0053,Terra,MODIS,41,6.2,300.2,44.8,D,0
-19.3044,142.2257,332.2,1,1,2014-12-18,0053,Terra,MODIS,70,6.2,306.7,10.4,D,0
-22.8484,148.3531,322.1,2.5,1.5,2014-12-18,0053,Terra,MODIS,62,6.2,299.8,35.4,D,0
-22.851,148.3783,325,2.6,1.5,2014-12-18,0053,Terra,MODIS,69,6.2,300.7,48.7,D,0
-22.8426,148.3735,327.2,2.6,1.5,2014-12-18,0053,Terra,MODIS,73,6.2,300.4,59.8,D,0
-22.9205,148.9279,325.6,2.8,1.6,2014-12-18,0053,Terra,MODIS,70,6.2,301.5,43.1,D,0
-22.9225,148.9221,324.9,2.8,1.6,2014-12-18,0053,Terra,MODIS,68,6.2,301.5,41.9,D,0
-22.1265,149.254,324,2.9,1.6,2014-12-18,0053,Terra,MODIS,56,6.2,301.6,49.8,D,0
-22.1259,149.2608,326.7,2.9,1.6,2014-12-18,0053,Terra,MODIS,61,6.2,301.8,61.7,D,0
-22.1406,149.2591,320.8,2.9,1.6,2014-12-18,0053,Terra,MODIS,29,6.2,302.3,30.9,D,0
-22.1292,149.2837,320.6,2.9,1.6,2014-12-18,0053,Terra,MODIS,17,6.2,301.7,37.8,D,0
-22.1412,149.2526,322.2,2.9,1.6,2014-12-18,0053,Terra,MODIS,36,6.2,302.4,37.8,D,0
-23.11,149.3285,320.2,3,1.7,2014-12-18,0053,Terra,MODIS,46,6.2,300.9,29.9,D,0
-23.125,149.3268,325.7,3,1.7,2014-12-18,0053,Terra,MODIS,70,6.2,301.5,55.4,D,0
-23.1239,149.3215,326,3,1.7,2014-12-18,0053,Terra,MODIS,71,6.2,301.7,58.9,D,0
-22.7153,149.4505,324.8,3.1,1.7,2014-12-18,0053,Terra,MODIS,70,6.2,298.6,67.1,D,0
-19.7024,146.9963,327.1,1.8,1.3,2014-12-18,0053,Terra,MODIS,62,6.2,306.2,17.2,D,0
-19.7144,146.9948,331.6,1.8,1.3,2014-12-18,0053,Terra,MODIS,73,6.2,305.5,30.7,D,0
-19.7165,147.0122,331.1,1.8,1.3,2014-12-18,0053,Terra,MODIS,72,6.2,305.2,30.1,D,0
-19.7096,147.0066,343.3,1.8,1.3,2014-12-18,0053,Terra,MODIS,87,6.2,306.7,76.4,D,0
-21.8565,149.4264,319.2,3,1.6,2014-12-18,0053,Terra,MODIS,36,6.2,300,38.9,D,0
-17.7781,134.5773,339.8,2.4,1.5,2014-12-18,0053,Terra,MODIS,84,6.2,299.8,99.7,D,0
-18.9575,142.0503,335.7,1,1,2014-12-18,0053,Terra,MODIS,75,6.2,306,16.6,D,0
-33.03,142.891,330.9,1.5,1.2,2014-12-18,0056,Terra,MODIS,64,6.2,317.3,19,D,0
-36.8929,145.4571,322.6,2.4,1.5,2014-12-18,0057,Terra,MODIS,50,6.2,302.6,40.9,D,0
-36.8511,145.5502,324.9,2.4,1.5,2014-12-18,0057,Terra,MODIS,80,6.2,301.2,41,D,0
-15.2508,128.0282,336.1,4.3,1.9,2014-12-18,0230,Terra,MODIS,72,6.2,286.4,224.5,D,0
-15.2526,128.0231,327.4,4.3,1.9,2014-12-18,0230,Terra,MODIS,47,6.2,285.8,125.1,D,0
-16.1327,124.4722,330.8,2.4,1.5,2014-12-18,0230,Terra,MODIS,0,6.2,289.2,83.8,D,0
-23.1395,125.3716,332.7,3.4,1.7,2014-12-18,0232,Terra,MODIS,65,6.2,308,65.5,D,0
-22.8988,118.567,334.6,1.2,1.1,2014-12-18,0232,Terra,MODIS,54,6.2,317.2,10.7,D,0
-22.8958,118.5442,342.3,1.2,1.1,2014-12-18,0232,Terra,MODIS,83,6.2,319.4,25.4,D,0
-22.8944,118.5328,358.2,1.2,1.1,2014-12-18,0232,Terra,MODIS,98,6.2,318.2,70.2,D,0
-22.8891,118.5685,333.9,1.2,1.1,2014-12-18,0232,Terra,MODIS,35,6.2,317,9.1,D,0
-23.254,119.2796,337.7,1.3,1.1,2014-12-18,0232,Terra,MODIS,47,6.2,312.6,23.6,D,0
-23.3056,119.4425,346.5,1.3,1.1,2014-12-18,0232,Terra,MODIS,66,6.2,317.5,38.4,D,0
-23.2204,119.2593,335.5,1.3,1.1,2014-12-18,0232,Terra,MODIS,21,6.2,317.7,12.4,D,0
-23.2275,119.2325,367.6,1.3,1.1,2014-12-18,0232,Terra,MODIS,100,6.2,315.3,124.6,D,0
-23.2376,119.2311,405.8,1.3,1.1,2014-12-18,0232,Terra,MODIS,100,6.2,316.1,392.6,D,0
-23.2392,119.2437,426.8,1.3,1.1,2014-12-18,0232,Terra,MODIS,100,6.2,329,629.3,D,0
-23.2407,119.2562,348.6,1.3,1.1,2014-12-18,0232,Terra,MODIS,64,6.2,318,48.4,D,0
-23.2494,119.2423,391.3,1.3,1.1,2014-12-18,0232,Terra,MODIS,100,6.2,311,273.2,D,0
-23.2509,119.2547,382.3,1.3,1.1,2014-12-18,0232,Terra,MODIS,100,6.2,313.6,207.7,D,0
-23.2866,119.4582,351.7,1.3,1.1,2014-12-18,0232,Terra,MODIS,93,6.2,320.8,54.4,D,0
-23.2524,119.2671,360.1,1.3,1.1,2014-12-18,0232,Terra,MODIS,100,6.2,314.2,93.8,D,0
-23.2969,119.4568,360.3,1.3,1.1,2014-12-18,0232,Terra,MODIS,100,6.2,320.8,89.2,D,0
-23.2878,119.3014,339.9,1.3,1.1,2014-12-18,0232,Terra,MODIS,71,6.2,314.3,31.3,D,0
-23.1425,125.4055,334.7,3.5,1.8,2014-12-18,0232,Terra,MODIS,71,6.2,308.6,85.2,D,0
-23.2937,119.431,338.5,1.3,1.1,2014-12-18,0232,Terra,MODIS,38,6.2,318.5,16.6,D,0
-23.3023,119.4167,342.1,1.3,1.1,2014-12-18,0232,Terra,MODIS,58,6.2,318.2,25.5,D,0
-23.3039,119.4296,361.7,1.3,1.1,2014-12-18,0232,Terra,MODIS,100,6.2,318.6,92.3,D,0
-23.3013,119.3255,334.7,1.3,1.1,2014-12-18,0233,Terra,MODIS,39,6.2,315.9,15.5,D,0
-23.3296,119.4064,338.7,1.3,1.1,2014-12-18,0233,Terra,MODIS,36,6.2,317.8,21,D,0
-23.5995,121.461,363.6,1.8,1.3,2014-12-18,0233,Terra,MODIS,100,6.2,319,167.5,D,0
-23.2981,119.3,374.7,1.3,1.1,2014-12-18,0233,Terra,MODIS,100,6.2,314.3,164.1,D,0
-23.328,119.3935,340.2,1.3,1.1,2014-12-18,0233,Terra,MODIS,55,6.2,318.5,25.4,D,0
-23.3131,119.3368,336.4,1.3,1.1,2014-12-18,0233,Terra,MODIS,56,6.2,315.6,18.5,D,0
-23.5975,121.4431,357.4,1.8,1.3,2014-12-18,0233,Terra,MODIS,98,6.2,313.8,126.5,D,0
-23.3213,119.401,344.7,1.3,1.1,2014-12-18,0233,Terra,MODIS,48,6.2,319.2,33.9,D,0
-23.3229,119.4138,349.9,1.3,1.1,2014-12-18,0233,Terra,MODIS,89,6.2,319.2,47.3,D,0
-23.5875,121.4625,346.3,1.8,1.3,2014-12-18,0233,Terra,MODIS,88,6.2,315.4,68.3,D,0
-23.31,119.3307,335.5,1.3,1.1,2014-12-18,0233,Terra,MODIS,29,6.2,315.5,17.2,D,0
-23.3085,119.3179,336,1.3,1.1,2014-12-18,0233,Terra,MODIS,20,6.2,314.3,19.1,D,0
-23.3193,119.4078,346.3,1.3,1.1,2014-12-18,0233,Terra,MODIS,77,6.2,319.5,39.8,D,0
-23.2997,119.3128,364.8,1.3,1.1,2014-12-18,0233,Terra,MODIS,100,6.2,316.1,114.5,D,0
-28.3271,125.6791,326.2,4.1,1.9,2014-12-18,0234,Terra,MODIS,63,6.2,304.8,69.5,D,0
-27.9351,124.5356,324.9,3.4,1.7,2014-12-18,0234,Terra,MODIS,61,6.2,303.2,48.8,D,0
-28.1307,121.9538,328.7,2.3,1.5,2014-12-18,0234,Terra,MODIS,62,6.2,308.2,31.6,D,0
-28.1271,121.9474,328.9,2.3,1.5,2014-12-18,0234,Terra,MODIS,60,6.2,308.2,30.9,D,0
-28.2099,122.5061,342.4,2.5,1.5,2014-12-18,0234,Terra,MODIS,87,6.2,307.1,120.6,D,0
-28.2024,122.5,326.8,2.5,1.5,2014-12-18,0234,Terra,MODIS,42,6.2,306.1,34.7,D,0
-28.2161,122.4985,332.8,2.5,1.5,2014-12-18,0234,Terra,MODIS,76,6.2,305.5,66.4,D,0
-28.225,122.6012,330.7,2.5,1.5,2014-12-18,0234,Terra,MODIS,52,6.2,307.9,48.5,D,0
-34.9023,117.204,319.4,1.4,1.2,2014-12-18,0236,Terra,MODIS,74,6.2,302.5,18.5,D,0
-34.904,117.219,320.7,1.4,1.2,2014-12-18,0236,Terra,MODIS,75,6.2,298.3,20.1,D,0
-34.1197,115.9798,316.5,1.2,1.1,2014-12-18,0236,Terra,MODIS,57,6.2,297.5,15,D,0
-34.0642,116.0152,319.5,1.2,1.1,2014-12-18,0236,Terra,MODIS,29,6.2,306.6,15,D,0
-34.074,116.0135,315.5,1.2,1.1,2014-12-18,0236,Terra,MODIS,13,6.2,303,11.5,D,0
-35.9535,147.3441,334.6,2.6,1.5,2014-12-18,0334,Aqua,MODIS,56,6.2,292.4,127.3,D,0
-33.1546,149.0151,374,1.9,1.3,2014-12-18,0335,Aqua,MODIS,100,6.2,318.9,277.5,D,0
-33.1564,148.9953,342.1,1.9,1.3,2014-12-18,0335,Aqua,MODIS,88,6.2,318.4,72.3,D,0
-27.3696,153.0566,323.6,1,1,2014-12-18,0336,Aqua,MODIS,49,6.2,303.9,6.8,D,0
-25.8,151.9735,328.1,1.1,1,2014-12-18,0337,Aqua,MODIS,62,6.2,306.4,14,D,0
-25.7907,151.9719,325.7,1.1,1,2014-12-18,0337,Aqua,MODIS,60,6.2,307.3,10,D,0
-26.1616,152.1538,331,1.1,1,2014-12-18,0337,Aqua,MODIS,78,6.2,312,11.2,D,0
-23.8308,150.0373,323.3,1.2,1.1,2014-12-18,0337,Aqua,MODIS,46,6.2,304.3,8.7,D,0
-23.8322,150.0251,322.8,1.2,1.1,2014-12-18,0337,Aqua,MODIS,43,6.2,304.5,8.6,D,0
-24.0059,150.8334,322.4,1.1,1.1,2014-12-18,0337,Aqua,MODIS,41,6.2,302.3,9.4,D,0
-24.0073,150.8223,324.4,1.1,1.1,2014-12-18,0337,Aqua,MODIS,57,6.2,302.6,11.7,D,0
-24.615,150.925,324.5,1.1,1.1,2014-12-18,0337,Aqua,MODIS,34,6.2,306.5,10.7,D,0
-24.604,150.9348,345.5,1.1,1.1,2014-12-18,0337,Aqua,MODIS,91,6.2,308.6,46.2,D,0
-24.6054,150.9234,332.4,1.1,1.1,2014-12-18,0337,Aqua,MODIS,73,6.2,307.4,21,D,0
-24.6,150.9401,331.5,1.1,1.1,2014-12-18,0337,Aqua,MODIS,65,6.2,308.1,19.3,D,0
-24.6014,150.9288,337.8,1.1,1.1,2014-12-18,0337,Aqua,MODIS,85,6.2,308.8,30.4,D,0
-24.6029,150.9175,323.7,1.1,1.1,2014-12-18,0337,Aqua,MODIS,40,6.2,306.8,9,D,0
-24.578,150.9594,328.2,1.1,1.1,2014-12-18,0337,Aqua,MODIS,73,6.2,305.4,16.3,D,0
-24.5794,150.9482,327.1,1.1,1.1,2014-12-18,0337,Aqua,MODIS,71,6.2,308.3,14.2,D,0
-24.5713,150.9356,327.1,1.1,1.1,2014-12-18,0337,Aqua,MODIS,65,6.2,306.9,13.2,D,0
-25.652,151.1524,325.5,1.1,1.1,2014-12-18,0337,Aqua,MODIS,69,6.2,296.4,14.5,D,0
-25.6534,151.1411,341.6,1.1,1.1,2014-12-18,0337,Aqua,MODIS,88,6.2,296.4,42.7,D,0
-25.6438,151.1397,320,1.1,1.1,2014-12-18,0337,Aqua,MODIS,27,6.2,296.4,8.3,D,0
-24.8087,148.7108,327.9,1.5,1.2,2014-12-18,0337,Aqua,MODIS,72,6.2,307.4,18.5,D,0
-25.8062,152.4064,327,1,1,2014-12-18,0337,Aqua,MODIS,66,6.2,307,9.6,D,0
-25.8076,152.3962,327.2,1,1,2014-12-18,0337,Aqua,MODIS,52,6.2,307.2,9.7,D,0
-26.078,151.5865,326.8,1.1,1,2014-12-18,0337,Aqua,MODIS,73,6.2,309.1,7.8,D,0
-25.3854,151.1608,323.5,1.1,1.1,2014-12-18,0337,Aqua,MODIS,64,6.2,307.4,8.5,D,0
-25.7545,152.2436,328.7,1,1,2014-12-18,0337,Aqua,MODIS,75,6.2,307.1,11,D,0
-25.7036,152.2928,342,1,1,2014-12-18,0337,Aqua,MODIS,89,6.2,307,32.8,D,0
-25.705,152.2825,339.7,1,1,2014-12-18,0337,Aqua,MODIS,87,6.2,308.2,28.9,D,0
-25.8589,152.3627,320.6,1,1,2014-12-18,0337,Aqua,MODIS,33,6.2,302.9,6.8,D,0
-25.8905,152.1984,323.7,1,1,2014-12-18,0337,Aqua,MODIS,33,6.2,306.7,9.8,D,0
-25.8813,152.1968,334.4,1,1,2014-12-18,0337,Aqua,MODIS,82,6.2,306.9,23.6,D,0
-25.7394,152.4938,328.2,1,1,2014-12-18,0337,Aqua,MODIS,74,6.2,304.4,14.9,D,0
-25.7408,152.4837,346.8,1,1,2014-12-18,0337,Aqua,MODIS,92,6.2,305.4,45.8,D,0
-24.1225,150.7096,321.7,1.1,1.1,2014-12-18,0337,Aqua,MODIS,54,6.2,304,8.4,D,0
-25.1238,151.6851,347,1.1,1,2014-12-18,0337,Aqua,MODIS,92,6.2,306.1,47.1,D,0
-25.3288,149.6432,348.4,1.3,1.1,2014-12-18,0337,Aqua,MODIS,93,6.2,307.7,65.4,D,0
-25.797,152.4049,330.9,1,1,2014-12-18,0337,Aqua,MODIS,78,6.2,307.2,14.4,D,0
-25.7879,152.4034,335.2,1,1,2014-12-18,0337,Aqua,MODIS,83,6.2,307.1,21,D,0
-25.7794,152.4061,323.9,1,1,2014-12-18,0337,Aqua,MODIS,66,6.2,306.7,8,D,0
-25.3303,149.6299,346.4,1.3,1.1,2014-12-18,0337,Aqua,MODIS,92,6.2,307.7,59.1,D,0
-24.3587,151.2363,338.3,1.1,1,2014-12-18,0337,Aqua,MODIS,86,6.2,302.7,35.7,D,0
-25.7893,151.9825,328.3,1.1,1,2014-12-18,0337,Aqua,MODIS,69,6.2,307,14,D,0
-24.9104,151.98,324.8,1,1,2014-12-18,0337,Aqua,MODIS,67,6.2,305.2,9.1,D,0
-24.0207,150.8693,334.9,1.1,1.1,2014-12-18,0337,Aqua,MODIS,82,6.2,305.6,25.8,D,0
-24.0221,150.8583,326.5,1.1,1.1,2014-12-18,0337,Aqua,MODIS,69,6.2,305.6,12.4,D,0
-25.1223,151.6961,332.8,1.1,1,2014-12-18,0337,Aqua,MODIS,67,6.2,302.1,21.9,D,0
-25.133,151.6868,328.3,1.1,1,2014-12-18,0337,Aqua,MODIS,56,6.2,303.3,15.4,D,0
-23.8125,150.5002,341.6,1.2,1.1,2014-12-18,0337,Aqua,MODIS,88,6.2,302.7,41.7,D,0
-23.8029,150.4985,323.4,1.2,1.1,2014-12-18,0337,Aqua,MODIS,12,6.2,300.7,11,D,0
-23.7929,148.7285,326.7,1.5,1.2,2014-12-18,0337,Aqua,MODIS,46,6.2,306.9,15,D,0
-23.7945,148.7141,328,1.5,1.2,2014-12-18,0337,Aqua,MODIS,54,6.2,306.6,16.4,D,0
-23.7837,148.7129,331,1.5,1.2,2014-12-18,0337,Aqua,MODIS,50,6.2,306.4,21.5,D,0
-23.7745,148.6973,338.1,1.5,1.2,2014-12-18,0337,Aqua,MODIS,84,6.2,306.2,39.5,D,0
-23.7762,148.6824,341.2,1.5,1.2,2014-12-18,0337,Aqua,MODIS,87,6.2,307.4,50.5,D,0
-23.7798,148.7216,329.3,1.5,1.2,2014-12-18,0337,Aqua,MODIS,45,6.2,307.4,19.8,D,0
-23.7724,148.6916,348.6,1.5,1.2,2014-12-18,0337,Aqua,MODIS,93,6.2,306.9,74.5,D,0
-23.7741,148.6769,328.3,1.5,1.2,2014-12-18,0337,Aqua,MODIS,58,6.2,307.1,17.8,D,0
-23.5603,148.4718,332.4,1.5,1.2,2014-12-18,0337,Aqua,MODIS,68,6.2,307.4,25.1,D,0
-25.8208,152.3671,334.2,1,1,2014-12-18,0337,Aqua,MODIS,78,6.2,305.9,21.7,D,0
-23.562,148.4571,331.6,1.5,1.2,2014-12-18,0337,Aqua,MODIS,57,6.2,309.6,25.3,D,0
-25.8222,152.357,326.9,1,1,2014-12-18,0337,Aqua,MODIS,23,6.2,304.1,12.7,D,0
-25.8117,152.3654,327.9,1,1,2014-12-18,0337,Aqua,MODIS,68,6.2,306.7,12.4,D,0
-25.8131,152.3552,326.4,1,1,2014-12-18,0337,Aqua,MODIS,49,6.2,306.4,11.3,D,0
-21.8148,149.1702,326.7,1.3,1.1,2014-12-18,0338,Aqua,MODIS,59,6.2,304.2,18.5,D,0
-21.6047,148.809,336.3,1.4,1.2,2014-12-18,0338,Aqua,MODIS,81,6.2,307.6,33.6,D,0
-22.633,147.3132,370.3,1.8,1.3,2014-12-18,0338,Aqua,MODIS,100,6.2,309.3,233.4,D,0
-22.2638,149.315,324.3,1.3,1.1,2014-12-18,0338,Aqua,MODIS,31,6.2,304.8,15.7,D,0
-22.2623,149.3275,326.9,1.3,1.1,2014-12-18,0338,Aqua,MODIS,59,6.2,303.9,20.2,D,0
-20.5174,148.5123,326.7,1.4,1.2,2014-12-18,0338,Aqua,MODIS,56,6.2,308.1,13.3,D,0
-21.7598,149.2064,325.9,1.3,1.1,2014-12-18,0338,Aqua,MODIS,57,6.2,302.5,21.2,D,0
-20.3584,148.236,323.5,1.4,1.2,2014-12-18,0338,Aqua,MODIS,43,6.2,305.3,12.8,D,0
-20.3477,148.2347,325.7,1.4,1.2,2014-12-18,0338,Aqua,MODIS,58,6.2,304.7,16.2,D,0
-21.7583,149.2183,331.4,1.3,1.1,2014-12-18,0338,Aqua,MODIS,73,6.2,302,31.1,D,0
-21.7964,149.162,326.4,1.3,1.1,2014-12-18,0338,Aqua,MODIS,58,6.2,302.3,18.8,D,0
-22.8898,148.3489,327.6,1.5,1.2,2014-12-18,0338,Aqua,MODIS,56,6.2,304.6,21.7,D,0
-22.8772,148.362,328.1,1.5,1.2,2014-12-18,0338,Aqua,MODIS,32,6.2,306.1,20.7,D,0
-22.8789,148.3473,331.3,1.5,1.2,2014-12-18,0338,Aqua,MODIS,57,6.2,305.7,28.4,D,0
-21.3969,149.0159,324.4,1.3,1.1,2014-12-18,0338,Aqua,MODIS,54,6.2,303.4,19.5,D,0
-21.3984,149.0035,324.4,1.3,1.1,2014-12-18,0338,Aqua,MODIS,54,6.2,303.1,18.9,D,0
-22.1294,149.2581,355.9,1.3,1.1,2014-12-18,0338,Aqua,MODIS,97,6.2,309.8,84.5,D,0
-22.2128,149.3273,325.4,1.3,1.1,2014-12-18,0338,Aqua,MODIS,42,6.2,304.3,16.1,D,0
-22.2042,149.3136,328.8,1.3,1.1,2014-12-18,0338,Aqua,MODIS,66,6.2,306.1,20.6,D,0
-22.8663,148.3604,326,1.5,1.2,2014-12-18,0338,Aqua,MODIS,47,6.2,306.8,16.7,D,0
-22.8679,148.3461,324.6,1.5,1.2,2014-12-18,0338,Aqua,MODIS,20,6.2,305.5,14.8,D,0
-22.8537,148.3733,327.9,1.5,1.2,2014-12-18,0338,Aqua,MODIS,47,6.2,306.6,18.7,D,0
-22.8554,148.3588,335.6,1.5,1.2,2014-12-18,0338,Aqua,MODIS,80,6.2,307.2,38,D,0
-22.857,148.3446,331.1,1.5,1.2,2014-12-18,0338,Aqua,MODIS,64,6.2,306.1,27.5,D,0
-22.8587,148.3303,370.5,1.5,1.2,2014-12-18,0338,Aqua,MODIS,100,6.2,308.2,189.1,D,0
-22.8428,148.3719,356.5,1.5,1.2,2014-12-18,0338,Aqua,MODIS,98,6.2,307.9,112.3,D,0
-22.8445,148.3573,362.5,1.5,1.2,2014-12-18,0338,Aqua,MODIS,100,6.2,310.8,141.7,D,0
-22.8461,148.3428,333.7,1.5,1.2,2014-12-18,0338,Aqua,MODIS,78,6.2,307.9,34.5,D,0
-22.8478,148.3285,326.1,1.5,1.2,2014-12-18,0338,Aqua,MODIS,47,6.2,305.7,16.8,D,0
-22.9289,148.9224,333.4,1.4,1.2,2014-12-18,0338,Aqua,MODIS,78,6.2,310.5,22.7,D,0
-20.373,148.0284,326.2,1.5,1.2,2014-12-18,0338,Aqua,MODIS,60,6.2,307.4,14.1,D,0
-20.3159,148.0485,326.6,1.5,1.2,2014-12-18,0338,Aqua,MODIS,61,6.2,307.8,13,D,0
-20.3175,148.0349,342.7,1.5,1.2,2014-12-18,0338,Aqua,MODIS,88,6.2,307.6,53.8,D,0
-20.3009,147.99,337.2,1.5,1.2,2014-12-18,0338,Aqua,MODIS,82,6.2,307.8,38.1,D,0
-20.3067,147.9982,327.9,1.5,1.2,2014-12-18,0338,Aqua,MODIS,50,6.2,308.2,15.2,D,0
-20.296,147.9967,327.5,1.5,1.2,2014-12-18,0338,Aqua,MODIS,52,6.2,307.9,14.2,D,0
-22.6546,147.3333,325.3,1.8,1.3,2014-12-18,0338,Aqua,MODIS,55,6.2,304.6,20.4,D,0
-22.6006,146.5453,333.1,2,1.4,2014-12-18,0338,Aqua,MODIS,77,6.2,304.4,38.9,D,0
-22.1209,149.2436,351.6,1.3,1.1,2014-12-18,0338,Aqua,MODIS,94,6.2,309.4,70.4,D,0
-22.1279,149.2703,336,1.3,1.1,2014-12-18,0338,Aqua,MODIS,79,6.2,307,30.5,D,0
-22.131,149.2453,367.4,1.3,1.1,2014-12-18,0338,Aqua,MODIS,100,6.2,310.6,131.9,D,0
-22.6232,147.2943,328.5,1.8,1.3,2014-12-18,0338,Aqua,MODIS,64,6.2,307.7,25.1,D,0
-22.1412,149.2467,335.2,1.3,1.1,2014-12-18,0338,Aqua,MODIS,78,6.2,307.6,27.7,D,0
-22.6311,147.3303,327.7,1.8,1.3,2014-12-18,0338,Aqua,MODIS,56,6.2,305.2,24.6,D,0
-22.7733,148.3716,328.2,1.5,1.2,2014-12-18,0338,Aqua,MODIS,68,6.2,306.1,20.4,D,0
-22.7625,148.3694,333.8,1.5,1.2,2014-12-18,0338,Aqua,MODIS,78,6.2,306.9,33.2,D,0
-22.7374,148.3952,328,1.5,1.2,2014-12-18,0338,Aqua,MODIS,67,6.2,306.8,20.5,D,0
-23.1152,149.3357,330.9,1.3,1.1,2014-12-18,0338,Aqua,MODIS,64,6.2,305.1,21.4,D,0
-22.5806,149.8766,344.2,1.2,1.1,2014-12-18,0338,Aqua,MODIS,89,6.2,306.9,48.7,D,0
-21.4187,148.837,327.4,1.3,1.1,2014-12-18,0338,Aqua,MODIS,65,6.2,306.1,19.7,D,0
-21.4378,148.8528,331.7,1.3,1.1,2014-12-18,0338,Aqua,MODIS,75,6.2,306.6,26.5,D,0
-23.3371,150.0003,329.4,1.2,1.1,2014-12-18,0338,Aqua,MODIS,63,6.2,309.2,18.7,D,0
-21.429,148.8385,348.6,1.3,1.1,2014-12-18,0338,Aqua,MODIS,92,6.2,307.4,70.5,D,0
-23.0352,149.5741,333.7,1.3,1.1,2014-12-18,0338,Aqua,MODIS,64,6.2,304.2,26.6,D,0
-21.5959,148.7945,330.3,1.4,1.2,2014-12-18,0338,Aqua,MODIS,71,6.2,309.3,20.3,D,0
-21.5943,148.8076,357,1.4,1.2,2014-12-18,0338,Aqua,MODIS,98,6.2,311.2,97.7,D,0
-21.5928,148.8206,335.5,1.4,1.2,2014-12-18,0338,Aqua,MODIS,80,6.2,307.8,32.5,D,0
-21.4275,148.8513,330.9,1.3,1.1,2014-12-18,0338,Aqua,MODIS,73,6.2,306.4,24.5,D,0
-22.727,149.4371,329.2,1.3,1.1,2014-12-18,0338,Aqua,MODIS,68,6.2,303.1,20.5,D,0
-22.7139,149.4603,324.8,1.3,1.1,2014-12-18,0338,Aqua,MODIS,26,6.2,303.9,12.7,D,0
-22.7154,149.448,338,1.3,1.1,2014-12-18,0338,Aqua,MODIS,84,6.2,303.9,38.9,D,0
-22.7169,149.4356,328.7,1.3,1.1,2014-12-18,0338,Aqua,MODIS,61,6.2,301.8,20.3,D,0
-22.6512,147.3206,326.7,1.8,1.3,2014-12-18,0338,Aqua,MODIS,64,6.2,304.8,24.7,D,0
-23.3538,146.1499,321.7,2.2,1.4,2014-12-18,0338,Aqua,MODIS,20,6.2,295.8,33.3,D,0
-22.3693,149.3729,327.1,1.3,1.1,2014-12-18,0338,Aqua,MODIS,59,6.2,304.1,18.8,D,0
-22.6213,147.3117,348.6,1.8,1.3,2014-12-18,0338,Aqua,MODIS,92,6.2,308,99.9,D,0
-22.5821,149.8649,337.8,1.2,1.1,2014-12-18,0338,Aqua,MODIS,83,6.2,306,34.2,D,0
-22.1224,149.2308,329.4,1.3,1.1,2014-12-18,0338,Aqua,MODIS,26,6.2,309.1,14.5,D,0
-22.1428,149.2342,326.6,1.3,1.1,2014-12-18,0338,Aqua,MODIS,44,6.2,307.8,10.7,D,0
-23.0485,149.5444,328.4,1.3,1.1,2014-12-18,0338,Aqua,MODIS,59,6.2,303.7,14,D,0
-23.0672,149.5599,335.5,1.3,1.1,2014-12-18,0338,Aqua,MODIS,80,6.2,305.4,29.8,D,0
-22.2394,149.28,325.5,1.3,1.1,2014-12-18,0338,Aqua,MODIS,47,6.2,304.6,15.2,D,0
-22.2276,149.2916,328.1,1.3,1.1,2014-12-18,0338,Aqua,MODIS,64,6.2,306.3,20.1,D,0
-17.1283,144.602,326.8,2.3,1.5,2014-12-18,0339,Aqua,MODIS,45,6.2,302.6,27.6,D,0
-18.0737,145.5745,338.3,2,1.4,2014-12-18,0339,Aqua,MODIS,69,6.2,302,88,D,0
-18.1688,145.5325,350.6,2.1,1.4,2014-12-18,0339,Aqua,MODIS,95,6.2,301.9,149.6,D,0
-17.1304,144.6196,323.5,2.3,1.5,2014-12-18,0339,Aqua,MODIS,53,6.2,301.5,18.4,D,0
-16.9344,141.435,325.3,4,1.9,2014-12-18,0339,Aqua,MODIS,46,6.2,292.2,77.1,D,0
-17.4619,144.6624,326.8,2.3,1.5,2014-12-18,0339,Aqua,MODIS,60,6.2,301.4,24.7,D,0
-18.0759,145.5552,331.2,2,1.4,2014-12-18,0339,Aqua,MODIS,50,6.2,302.8,49.8,D,0
-18.1814,145.5334,334.6,2.1,1.4,2014-12-18,0339,Aqua,MODIS,79,6.2,300.2,68.8,D,0
-18.1792,145.5527,337.9,2,1.4,2014-12-18,0339,Aqua,MODIS,86,6.2,301.2,81.2,D,0
-18.1771,145.5717,324.6,2,1.4,2014-12-18,0339,Aqua,MODIS,52,6.2,300.8,33,D,0
-18.1076,145.4998,334.4,2.1,1.4,2014-12-18,0339,Aqua,MODIS,78,6.2,300.5,65.8,D,0
-18.171,145.5127,325,2.1,1.4,2014-12-18,0339,Aqua,MODIS,71,6.2,299.3,39.2,D,0
-18.1164,145.5462,357.4,2,1.4,2014-12-18,0339,Aqua,MODIS,98,6.2,303.9,187.9,D,0
-18.1584,145.5116,323.2,2.1,1.4,2014-12-18,0339,Aqua,MODIS,67,6.2,299,34.3,D,0
-18.1561,145.5318,359.6,2.1,1.4,2014-12-18,0339,Aqua,MODIS,99,6.2,303.2,209.7,D,0
-18.5115,146.0456,331.2,1.9,1.3,2014-12-18,0339,Aqua,MODIS,70,6.2,306.6,45.6,D,0
-18.516,146.0533,342.5,1.9,1.3,2014-12-18,0339,Aqua,MODIS,89,6.2,305.5,89.7,D,0
-18.1031,145.5391,340.2,2,1.4,2014-12-18,0339,Aqua,MODIS,83,6.2,300.6,81.8,D,0
-18.1157,145.5406,361.7,2,1.4,2014-12-18,0339,Aqua,MODIS,100,6.2,304,220.7,D,0
-18.1185,145.5265,334.3,2.1,1.4,2014-12-18,0339,Aqua,MODIS,64,6.2,300.4,65.1,D,0
-18.1009,145.5585,347.7,2,1.4,2014-12-18,0339,Aqua,MODIS,93,6.2,303.8,115.8,D,0
-18.0988,145.577,340.8,2,1.4,2014-12-18,0339,Aqua,MODIS,58,6.2,305,88.3,D,0
-18.0841,145.5945,332.1,2,1.4,2014-12-18,0339,Aqua,MODIS,22,6.2,299.9,62.6,D,0
-18.0884,145.5568,344.4,2,1.4,2014-12-18,0339,Aqua,MODIS,91,6.2,303.6,101.9,D,0
-18.2347,145.1764,358.7,2.2,1.4,2014-12-18,0339,Aqua,MODIS,99,6.2,307,210.6,D,0
-18.095,145.498,325.7,2.1,1.4,2014-12-18,0339,Aqua,MODIS,43,6.2,301.4,30.9,D,0
-18.2323,145.1973,365.7,2.2,1.4,2014-12-18,0339,Aqua,MODIS,100,6.2,307.4,270.9,D,0
-18.5093,146.0643,341,1.9,1.3,2014-12-18,0339,Aqua,MODIS,88,6.2,304.4,87.3,D,0
-18.0863,145.5755,347.3,2,1.4,2014-12-18,0339,Aqua,MODIS,84,6.2,304.3,126.5,D,0
-18.0906,145.5372,347,2,1.4,2014-12-18,0339,Aqua,MODIS,92,6.2,302.3,117.5,D,0
-18.519,146.0868,322,1.9,1.3,2014-12-18,0339,Aqua,MODIS,56,6.2,301.2,29.4,D,0
-18.5215,146.0658,344.1,1.9,1.3,2014-12-18,0339,Aqua,MODIS,90,6.2,303,103.8,D,0
-18.5138,146.0729,353.2,1.9,1.3,2014-12-18,0339,Aqua,MODIS,96,6.2,304.2,149.1,D,0
-17.4207,144.6952,328.2,2.3,1.5,2014-12-18,0339,Aqua,MODIS,75,6.2,301,39.7,D,0
-17.4172,144.7018,325.2,2.3,1.5,2014-12-18,0339,Aqua,MODIS,61,6.2,299.9,26.8,D,0
-15.4153,144.1635,320.2,2.4,1.5,2014-12-18,0340,Aqua,MODIS,36,6.2,296.6,25.5,D,0
-15.1549,143.8163,329.9,2.5,1.5,2014-12-18,0340,Aqua,MODIS,64,6.2,298.7,63,D,0
-15.6315,144.4284,321.4,2.3,1.5,2014-12-18,0340,Aqua,MODIS,55,6.2,296,30.2,D,0
-15.1296,144.0442,330.7,2.4,1.5,2014-12-18,0340,Aqua,MODIS,81,6.2,298.2,65.8,D,0
-15.1321,144.0219,323.5,2.4,1.5,2014-12-18,0340,Aqua,MODIS,63,6.2,295.8,37.1,D,0
-16.2872,145.2853,349,2,1.4,2014-12-18,0340,Aqua,MODIS,94,6.2,301.2,151.6,D,0
-16.2893,145.2672,327.5,2,1.4,2014-12-18,0340,Aqua,MODIS,77,6.2,297.6,56.6,D,0
-15.9367,144.1274,321.2,2.4,1.5,2014-12-18,0340,Aqua,MODIS,37,6.2,298.5,23,D,0
-15.5839,143.7789,321.8,2.6,1.5,2014-12-18,0340,Aqua,MODIS,62,6.2,294.9,37.2,D,0
-15.5925,143.775,331.5,2.6,1.5,2014-12-18,0340,Aqua,MODIS,82,6.2,295.5,83,D,0
-15.4407,143.9386,327.4,2.5,1.5,2014-12-18,0340,Aqua,MODIS,78,6.2,294.4,57.1,D,0
-15.3109,144.168,322,2.4,1.5,2014-12-18,0340,Aqua,MODIS,41,6.2,297,20.7,D,0
-15.9431,144.1237,323.9,2.4,1.5,2014-12-18,0340,Aqua,MODIS,24,6.2,300.7,32.2,D,0
-15.1988,143.7982,326.6,2.5,1.5,2014-12-18,0340,Aqua,MODIS,39,6.2,299,46.3,D,0
-15.1712,143.7948,324.1,2.5,1.5,2014-12-18,0340,Aqua,MODIS,15,6.2,298.2,36.6,D,0
-15.1618,143.8102,329.9,2.5,1.5,2014-12-18,0340,Aqua,MODIS,67,6.2,299.8,67,D,0
-15.6065,143.829,320.2,2.5,1.5,2014-12-18,0340,Aqua,MODIS,43,6.2,296.8,30,D,0
-15.6009,143.8235,322.9,2.5,1.5,2014-12-18,0340,Aqua,MODIS,71,6.2,298.8,43.2,D,0
-15.3629,144.4143,330.7,2.3,1.5,2014-12-18,0340,Aqua,MODIS,74,6.2,300.8,56.2,D,0
-15.375,144.3995,331,2.3,1.5,2014-12-18,0340,Aqua,MODIS,70,6.2,302.4,58.2,D,0
-15.3726,144.4205,327.1,2.3,1.5,2014-12-18,0340,Aqua,MODIS,43,6.2,302,39.8,D,0
-27.9426,124.5181,355,1.5,1.2,2014-12-18,0515,Aqua,MODIS,96,6.2,315.7,93.4,D,0
-27.9332,124.5009,370.3,1.5,1.2,2014-12-18,0515,Aqua,MODIS,100,6.2,312.9,176.7,D,0
-27.9408,124.5338,336.9,1.5,1.2,2014-12-18,0515,Aqua,MODIS,77,6.2,314.7,26,D,0
-27.9315,124.5166,358.2,1.5,1.2,2014-12-18,0515,Aqua,MODIS,98,6.2,314.8,108.9,D,0
-27.9443,124.5024,341.4,1.5,1.2,2014-12-18,0515,Aqua,MODIS,83,6.2,314.2,42.8,D,0
-28.1226,121.9347,344.6,2.3,1.5,2014-12-18,0515,Aqua,MODIS,87,6.2,312,98.6,D,0
-28.1246,121.9109,353.4,2.3,1.5,2014-12-18,0515,Aqua,MODIS,72,6.2,311.2,163.5,D,0
-28.1267,121.9277,351.3,2.3,1.5,2014-12-18,0515,Aqua,MODIS,93,6.2,312.6,147.6,D,0
-28.1289,121.9039,335.9,2.3,1.5,2014-12-18,0515,Aqua,MODIS,65,6.2,310.3,53.2,D,0
-28.1133,121.9262,330.2,2.3,1.5,2014-12-18,0515,Aqua,MODIS,53,6.2,310.2,26.5,D,0
-28.2191,122.588,340.1,2.1,1.4,2014-12-18,0515,Aqua,MODIS,75,6.2,315.5,55.7,D,0
-28.2144,122.5008,338.7,2.1,1.4,2014-12-18,0515,Aqua,MODIS,80,6.2,312.7,61.5,D,0
-28.1701,122.5605,335.6,2.1,1.4,2014-12-18,0515,Aqua,MODIS,47,6.2,314.1,30.2,D,0
-28.1593,122.5375,339.7,2.1,1.4,2014-12-18,0515,Aqua,MODIS,73,6.2,315.3,52,D,0
-28.1709,122.5558,335.3,2.1,1.4,2014-12-18,0515,Aqua,MODIS,58,6.2,314,30.9,D,0
-28.1602,122.5329,337.7,2.1,1.4,2014-12-18,0515,Aqua,MODIS,70,6.2,314.8,45.2,D,0
-28.1474,122.5314,335.6,2.1,1.4,2014-12-18,0515,Aqua,MODIS,52,6.2,314.9,36.5,D,0
-28.1495,122.5099,337.5,2.1,1.4,2014-12-18,0515,Aqua,MODIS,69,6.2,313.3,49.9,D,0
-28.1367,122.5085,343.5,2.1,1.4,2014-12-18,0515,Aqua,MODIS,86,6.2,312,80.8,D,0
-28.1388,122.4869,330.6,2.1,1.4,2014-12-18,0515,Aqua,MODIS,56,6.2,309.4,26.1,D,0
-23.6767,127.4896,341.4,1,1,2014-12-18,0516,Aqua,MODIS,84,6.2,311.2,22.9,D,0
-23.678,127.4797,335.2,1,1,2014-12-18,0516,Aqua,MODIS,75,6.2,313.2,12.7,D,0
-23.6676,127.4918,335.5,1,1,2014-12-18,0516,Aqua,MODIS,64,6.2,308.9,12.9,D,0
-23.669,127.4819,335,1,1,2014-12-18,0516,Aqua,MODIS,63,6.2,312.7,11.9,D,0
-23.5968,121.4503,336.7,2.2,1.4,2014-12-18,0516,Aqua,MODIS,67,6.2,314,31.8,D,0
-23.2173,119.4087,341.9,3,1.7,2014-12-18,0517,Aqua,MODIS,83,6.2,316.1,96,D,0
-23.314,119.3317,335.8,3.1,1.7,2014-12-18,0517,Aqua,MODIS,55,6.2,312.1,61.8,D,0
-23.2892,119.2682,344.4,3.1,1.7,2014-12-18,0517,Aqua,MODIS,81,6.2,309.8,150.6,D,0
-23.2864,119.2985,349.5,3.1,1.7,2014-12-18,0517,Aqua,MODIS,91,6.2,313.2,190.6,D,0
-23.3024,119.2766,349,3.1,1.7,2014-12-18,0517,Aqua,MODIS,91,6.2,309.5,203.6,D,0
-23.3044,119.2697,339.2,3.1,1.7,2014-12-18,0517,Aqua,MODIS,73,6.2,308.4,106.9,D,0
-23.3016,119.2999,348.9,3.1,1.7,2014-12-18,0517,Aqua,MODIS,91,6.2,311.1,187.9,D,0
-23.3168,119.3015,334.1,3.1,1.7,2014-12-18,0517,Aqua,MODIS,39,6.2,309.8,57.9,D,0
-23.2998,119.3068,341.1,3.1,1.7,2014-12-18,0517,Aqua,MODIS,70,6.2,311.1,112.8,D,0
-23.315,119.3085,338.7,3.1,1.7,2014-12-18,0517,Aqua,MODIS,77,6.2,310.3,97.3,D,0
-23.3235,119.3933,337.6,3.1,1.7,2014-12-18,0517,Aqua,MODIS,70,6.2,313.1,71.4,D,0
-23.3223,119.4004,342.2,3.1,1.7,2014-12-18,0517,Aqua,MODIS,83,6.2,313.1,110,D,0
-23.218,119.3835,338.8,3.1,1.7,2014-12-18,0517,Aqua,MODIS,78,6.2,316.4,62.7,D,0
-23.2155,119.4134,339.1,3,1.7,2014-12-18,0517,Aqua,MODIS,78,6.2,316.3,66.8,D,0
-23.3057,119.422,338.3,3,1.7,2014-12-18,0517,Aqua,MODIS,66,6.2,312.7,68.5,D,0
-23.3047,119.429,341.7,3,1.7,2014-12-18,0517,Aqua,MODIS,82,6.2,313,96.1,D,0
-23.3207,119.4234,336.3,3,1.7,2014-12-18,0517,Aqua,MODIS,59,6.2,311.8,59.8,D,0
-23.2335,119.2022,354.9,3.2,1.7,2014-12-18,0517,Aqua,MODIS,96,6.2,310.5,266.9,D,0
-23.2493,119.2289,336.7,3.1,1.7,2014-12-18,0517,Aqua,MODIS,39,6.2,311.7,76.2,D,0
-23.234,119.2277,348.4,3.1,1.7,2014-12-18,0517,Aqua,MODIS,90,6.2,312.5,181.1,D,0
-23.2367,119.1981,348.6,3.2,1.7,2014-12-18,0517,Aqua,MODIS,90,6.2,309.8,189.6,D,0
-23.3021,119.4591,336.2,3,1.7,2014-12-18,0517,Aqua,MODIS,16,6.2,314.4,52.4,D,0
-23.3029,119.452,339.6,3,1.7,2014-12-18,0517,Aqua,MODIS,71,6.2,314.3,80.3,D,0
-23.2462,119.2335,336.4,3.1,1.7,2014-12-18,0517,Aqua,MODIS,33,6.2,312.6,76.2,D,0
-23.2309,119.2322,342.6,3.1,1.7,2014-12-18,0517,Aqua,MODIS,82,6.2,311.7,124.2,D,0
-21.2479,124.2902,344,1.3,1.1,2014-12-18,0517,Aqua,MODIS,81,6.2,319,23.6,D,0
-20.2192,129.6177,368.2,1.1,1,2014-12-18,0517,Aqua,MODIS,100,6.2,313.9,100.1,D,0
-18.9343,134.4679,329.7,2.4,1.5,2014-12-18,0517,Aqua,MODIS,41,6.2,298,37,D,0
-18.9211,134.4651,352.5,2.4,1.5,2014-12-18,0517,Aqua,MODIS,89,6.2,297.6,179.9,D,0
-18.9078,134.4624,344.3,2.4,1.5,2014-12-18,0517,Aqua,MODIS,77,6.2,293,124.2,D,0
-18.9285,134.4718,337.2,2.4,1.5,2014-12-18,0517,Aqua,MODIS,80,6.2,297.7,74.6,D,0
-18.9815,134.4826,328.6,2.4,1.5,2014-12-18,0517,Aqua,MODIS,49,6.2,300.3,32.2,D,0
-18.9475,134.4706,329.9,2.4,1.5,2014-12-18,0517,Aqua,MODIS,51,6.2,298,37.9,D,0
-18.9683,134.4799,329.9,2.4,1.5,2014-12-18,0517,Aqua,MODIS,65,6.2,300.2,36,D,0
-17.752,134.5761,339.9,2.5,1.5,2014-12-18,0517,Aqua,MODIS,77,6.2,304.4,112.5,D,0
-17.7793,134.5818,327.3,2.5,1.5,2014-12-18,0517,Aqua,MODIS,44,6.2,301.9,41.5,D,0
-16.4923,137.4594,324.2,4.4,1.9,2014-12-18,0518,Aqua,MODIS,27,6.2,294.5,68.6,D,0
-16.9527,134.4051,337.6,2.6,1.5,2014-12-18,0518,Aqua,MODIS,73,6.2,298.9,95.8,D,0
-16.9483,134.3989,330.4,2.6,1.5,2014-12-18,0518,Aqua,MODIS,37,6.2,300.9,61.6,D,0
-17.4996,133.65,334.6,2.2,1.4,2014-12-18,0518,Aqua,MODIS,59,6.2,308.3,52,D,0
-17.4831,133.6679,347.8,2.2,1.4,2014-12-18,0518,Aqua,MODIS,91,6.2,307.4,126.9,D,0
-17.4868,133.6474,336,2.2,1.4,2014-12-18,0518,Aqua,MODIS,77,6.2,306.1,60.2,D,0
-17.4703,133.6653,348.7,2.2,1.4,2014-12-18,0518,Aqua,MODIS,92,6.2,301.4,137.8,D,0
-14.7013,131.8301,331.6,1.8,1.3,2014-12-18,0518,Aqua,MODIS,71,6.2,297.2,36.2,D,0
-17.3903,133.4566,341.6,2.1,1.4,2014-12-18,0518,Aqua,MODIS,85,6.2,302.5,81,D,0
-17.3994,133.479,347.8,2.1,1.4,2014-12-18,0518,Aqua,MODIS,91,6.2,305.6,118.2,D,0
-17.403,133.459,367.1,2.1,1.4,2014-12-18,0518,Aqua,MODIS,100,6.2,306.3,266.2,D,0
-17.3699,134.6471,341.9,2.6,1.6,2014-12-18,0518,Aqua,MODIS,86,6.2,305.9,123.8,D,0
-17.6586,134.5,334.4,2.5,1.5,2014-12-18,0518,Aqua,MODIS,63,6.2,295,73.1,D,0
-16.5353,131.1427,380.3,1.5,1.2,2014-12-18,0518,Aqua,MODIS,87,6.2,303.6,245.6,D,0
-16.5245,131.1408,347.6,1.5,1.2,2014-12-18,0518,Aqua,MODIS,79,6.2,294.1,68,D,0
-16.4929,130.9015,339.1,1.5,1.2,2014-12-18,0518,Aqua,MODIS,81,6.2,307.8,35.7,D,0
-17.6406,134.5206,364.5,2.5,1.5,2014-12-18,0518,Aqua,MODIS,100,6.2,293.9,319.3,D,0
-15.1069,133.276,324.4,2.3,1.5,2014-12-18,0518,Aqua,MODIS,22,6.2,299.6,27.2,D,0
-15.1024,133.2806,324.9,2.3,1.5,2014-12-18,0518,Aqua,MODIS,41,6.2,296.9,30.7,D,0
-15.039,132.6707,326.8,2.1,1.4,2014-12-18,0518,Aqua,MODIS,46,6.2,300.5,23.8,D,0
-15.0422,132.6516,328,2.1,1.4,2014-12-18,0518,Aqua,MODIS,34,6.2,302.6,27.5,D,0
-15.0421,132.6567,335.8,2.1,1.4,2014-12-18,0518,Aqua,MODIS,81,6.2,302.4,56.7,D,0
-15.9486,131.4152,338.1,1.6,1.2,2014-12-18,0518,Aqua,MODIS,76,6.2,304.7,43.6,D,0
-15.0446,132.7163,328.9,2.1,1.4,2014-12-18,0518,Aqua,MODIS,55,6.2,301.5,38.5,D,0
-15.951,131.4003,330.5,1.6,1.2,2014-12-18,0518,Aqua,MODIS,42,6.2,302.2,22.6,D,0
-15.4982,127.8272,333.2,1,1,2014-12-18,0518,Aqua,MODIS,74,6.2,302.2,14.9,D,0
-18.7595,122.5551,330.7,1.6,1.2,2014-12-18,0518,Aqua,MODIS,26,6.2,303.4,34.8,D,0
-18.5249,122.8048,332.7,1.5,1.2,2014-12-18,0518,Aqua,MODIS,47,6.2,306.4,27.6,D,0
-15.6965,128.8223,331.3,1.1,1.1,2014-12-18,0518,Aqua,MODIS,43,6.2,298,14,D,0
-15.0077,126.7216,336,1,1,2014-12-18,0519,Aqua,MODIS,81,6.2,304,19.5,D,0
-15.009,126.7124,329.9,1,1,2014-12-18,0519,Aqua,MODIS,68,6.2,304.5,11.1,D,0
-34.9136,117.2033,343.2,3.2,1.7,2014-12-18,0651,Aqua,MODIS,92,6.2,296.8,239.8,D,0
-34.9085,117.206,317.4,3.2,1.7,2014-12-18,0651,Aqua,MODIS,64,6.2,296.1,58,D,0
-34.9055,117.2381,318.2,3.2,1.7,2014-12-18,0651,Aqua,MODIS,69,6.2,297.5,60.4,D,0
-35.9557,147.3539,306.1,1,1,2014-12-18,1259,Terra,MODIS,67,6.2,287.1,8.7,N,0
-19.0082,133.4634,308.8,4.5,2,2014-12-18,1304,Terra,MODIS,53,6.2,284.5,58.1,N,0
-19.0043,133.4995,305.9,4.5,1.9,2014-12-18,1304,Terra,MODIS,53,6.2,286,46.6,N,0
-19.0081,133.4566,308.9,4.5,2,2014-12-18,1304,Terra,MODIS,72,6.2,284.1,65.4,N,0
-18.4975,146.066,305.3,1.1,1,2014-12-18,1304,Terra,MODIS,23,6.2,284.1,6.8,N,0
-18.5084,146.0574,316.3,1.1,1,2014-12-18,1304,Terra,MODIS,54,6.2,284.3,15,N,0
-18.5069,146.0674,323.8,1.1,1,2014-12-18,1304,Terra,MODIS,90,6.2,285.5,22.6,N,0
-18.4991,146.0558,314.7,1.1,1,2014-12-18,1304,Terra,MODIS,86,6.2,282.6,15,N,0
-18.5147,146.0787,325.2,1.1,1,2014-12-18,1304,Terra,MODIS,100,6.2,284.1,24.8,N,0
-18.5241,146.0804,309.9,1.1,1,2014-12-18,1304,Terra,MODIS,62,6.2,281.4,11.4,N,0
-18.5255,146.0706,307.8,1.1,1,2014-12-18,1304,Terra,MODIS,52,6.2,282.9,9.5,N,0
-18.5162,146.069,318.8,1.1,1,2014-12-18,1304,Terra,MODIS,58,6.2,284.6,17.1,N,0
-15.2127,143.9495,310.7,1,1,2014-12-18,1305,Terra,MODIS,81,6.2,293,7.6,N,0
-14.0375,143.3596,305.5,1,1,2014-12-18,1305,Terra,MODIS,62,6.2,294.5,4.8,N,0
-15.2665,143.7679,302.9,1,1,2014-12-18,1305,Terra,MODIS,30,6.2,271,5.9,N,0
-15.1955,143.8138,303.6,1,1,2014-12-18,1305,Terra,MODIS,27,6.2,275.8,5.3,N,0
-15.1956,144.004,304.2,1,1,2014-12-18,1305,Terra,MODIS,54,6.2,293.6,3.5,N,0
-15.1385,144.0178,305.2,1,1,2014-12-18,1305,Terra,MODIS,49,6.2,293.6,4,N,0
-15.1399,144.0085,318.2,1,1,2014-12-18,1305,Terra,MODIS,96,6.2,294.4,13.8,N,0
-15.1412,143.9991,313.9,1,1,2014-12-18,1305,Terra,MODIS,88,6.2,294.3,10.3,N,0
-15.1426,143.9898,307.3,1,1,2014-12-18,1305,Terra,MODIS,71,6.2,294.1,5.8,N,0
-15.1439,143.9805,311.5,1,1,2014-12-18,1305,Terra,MODIS,83,6.2,294.2,8.6,N,0
-15.4079,143.9353,314.2,1,1,2014-12-18,1305,Terra,MODIS,79,6.2,290.7,10.4,N,0
-15.484,143.9821,304.4,1,1,2014-12-18,1305,Terra,MODIS,25,6.2,282.4,5.1,N,0
-15.475,143.9807,312.2,1,1,2014-12-18,1305,Terra,MODIS,80,6.2,284.1,9.6,N,0
-15.4764,143.9714,314.7,1,1,2014-12-18,1305,Terra,MODIS,90,6.2,281.9,12,N,0
-15.4376,143.921,306.8,1,1,2014-12-18,1305,Terra,MODIS,36,6.2,286,5.6,N,0
-15.3926,143.9139,305.8,1,1,2014-12-18,1305,Terra,MODIS,22,6.2,290.9,4.5,N,0
-15.3148,143.9434,304.6,1,1,2014-12-18,1305,Terra,MODIS,18,6.2,292.7,3.5,N,0
-15.3162,143.9341,305.4,1,1,2014-12-18,1305,Terra,MODIS,33,6.2,292.4,4.1,N,0
-15.2968,143.9405,312.7,1,1,2014-12-18,1305,Terra,MODIS,49,6.2,292.8,8.3,N,0
-15.2865,143.9484,315,1,1,2014-12-18,1305,Terra,MODIS,90,6.2,293.4,10.5,N,0
-15.2761,143.9563,310.7,1,1,2014-12-18,1305,Terra,MODIS,81,6.2,293,7.5,N,0
-15.2775,143.947,309.1,1,1,2014-12-18,1305,Terra,MODIS,62,6.2,292.7,6.4,N,0
-15.157,143.954,326.8,1,1,2014-12-18,1305,Terra,MODIS,100,6.2,295.3,23.2,N,0
-15.1583,143.9447,309.9,1,1,2014-12-18,1305,Terra,MODIS,79,6.2,294.3,7.4,N,0
-15.1453,143.9712,321.7,1,1,2014-12-18,1305,Terra,MODIS,100,6.2,294.5,17.3,N,0
-15.1466,143.9619,337.8,1,1,2014-12-18,1305,Terra,MODIS,100,6.2,294.9,37.9,N,0
-15.1479,143.9526,321.3,1,1,2014-12-18,1305,Terra,MODIS,100,6.2,294.1,16.8,N,0
-14.0598,143.3977,305.9,1,1,2014-12-18,1305,Terra,MODIS,64,6.2,295.2,4.4,N,0
-15.214,143.9402,304.6,1,1,2014-12-18,1305,Terra,MODIS,13,6.2,292.6,3.5,N,0
-15.4102,144.1744,305.3,1,1,2014-12-18,1305,Terra,MODIS,13,6.2,291.3,4.8,N,0
-15.3529,144.377,335.7,1,1,2014-12-18,1305,Terra,MODIS,100,6.2,279.3,37.3,N,0
-15.2487,143.9552,312.7,1,1,2014-12-18,1305,Terra,MODIS,86,6.2,293.5,9.6,N,0
-15.3543,144.3675,321.6,1,1,2014-12-18,1305,Terra,MODIS,100,6.2,283.2,19.3,N,0
-15.2244,143.9323,319.2,1,1,2014-12-18,1305,Terra,MODIS,98,6.2,293.3,15,N,0
-15.223,143.9417,306.1,1,1,2014-12-18,1305,Terra,MODIS,34,6.2,293.2,4.5,N,0
-15.2334,143.9338,314.8,1,1,2014-12-18,1305,Terra,MODIS,90,6.2,293,10.9,N,0
-15.2249,144.0564,313.2,1,1,2014-12-18,1305,Terra,MODIS,87,6.2,294.4,9.5,N,0
-28.1266,121.9307,306.8,1,1,2014-12-18,1440,Terra,MODIS,61,6.2,296.7,4.6,N,0
-28.1205,121.9087,311.7,1,1,2014-12-18,1440,Terra,MODIS,80,6.2,296.3,7.6,N,0
-28.122,121.8985,308.7,1,1,2014-12-18,1440,Terra,MODIS,70,6.2,296.6,5.5,N,0
-28.3422,122.5991,308,1,1,2014-12-18,1440,Terra,MODIS,30,6.2,296,5.4,N,0
-28.3437,122.5888,307.2,1,1,2014-12-18,1440,Terra,MODIS,29,6.2,296,5,N,0
-28.3347,122.587,310.8,1,1,2014-12-18,1440,Terra,MODIS,55,6.2,296.1,7.4,N,0
-28.2265,122.5703,313.9,1,1,2014-12-18,1440,Terra,MODIS,86,6.2,296.5,10.3,N,0
-28.219,122.4949,308.6,1,1,2014-12-18,1440,Terra,MODIS,70,6.2,296.5,6.3,N,0
-23.6014,121.4274,318.2,1,1,2014-12-18,1441,Terra,MODIS,96,6.2,298.4,12.3,N,0
-23.3814,122.0928,375.7,1,1,2014-12-18,1441,Terra,MODIS,100,6.2,294.5,143.4,N,0
-23.383,122.0826,350.8,1,1,2014-12-18,1441,Terra,MODIS,100,6.2,294.4,66.3,N,0
-23.3845,122.0724,320.5,1,1,2014-12-18,1441,Terra,MODIS,72,6.2,278.9,18.1,N,0
-23.3738,122.0809,315.4,1,1,2014-12-18,1441,Terra,MODIS,16,6.2,289.3,13.2,N,0
-23.3399,122.1949,345.2,1.1,1,2014-12-18,1441,Terra,MODIS,57,6.2,292.3,54.7,N,0
-23.3307,122.1932,333.9,1.1,1,2014-12-18,1441,Terra,MODIS,49,6.2,288.1,34.4,N,0
-23.3323,122.1829,340.4,1.1,1,2014-12-18,1441,Terra,MODIS,69,6.2,290.1,45.4,N,0
-23.4183,121.9741,319.6,1,1,2014-12-18,1441,Terra,MODIS,65,6.2,288.4,18,N,0
-25.2577,122.1738,308.2,1,1,2014-12-18,1441,Terra,MODIS,28,6.2,296.3,4.8,N,0
-25.2501,122.1619,309.8,1,1,2014-12-18,1441,Terra,MODIS,54,6.2,296.4,6.1,N,0
-23.3364,119.4007,313,1,1,2014-12-18,1442,Terra,MODIS,86,6.2,300.3,5.8,N,0
-23.2159,119.4064,310.9,1,1,2014-12-18,1442,Terra,MODIS,80,6.2,299,5.4,N,0
-23.3323,119.431,330.5,1,1,2014-12-18,1442,Terra,MODIS,100,6.2,301,24.3,N,0
-23.29,119.2736,312.4,1,1,2014-12-18,1442,Terra,MODIS,36,6.2,299.9,5.2,N,0
-23.3006,119.265,317.6,1,1,2014-12-18,1442,Terra,MODIS,95,6.2,300.7,10,N,0
-23.3548,119.4036,327.8,1,1,2014-12-18,1442,Terra,MODIS,100,6.2,301.3,21.2,N,0
-23.3232,119.4295,315.9,1,1,2014-12-18,1442,Terra,MODIS,92,6.2,300.1,8,N,0
-23.2992,119.2751,314.7,1,1,2014-12-18,1442,Terra,MODIS,47,6.2,300.4,6.8,N,0
-23.3442,119.4123,325.2,1,1,2014-12-18,1442,Terra,MODIS,100,6.2,301.4,17.6,N,0
-23.3337,119.4209,314.4,1,1,2014-12-18,1442,Terra,MODIS,83,6.2,300.3,6.6,N,0
-23.3456,119.4022,331,1,1,2014-12-18,1442,Terra,MODIS,100,6.2,301.3,25.1,N,0
-23.3429,119.4224,315.6,1,1,2014-12-18,1442,Terra,MODIS,91,6.2,300.7,7.8,N,0
-23.3534,119.4137,331.9,1,1,2014-12-18,1442,Terra,MODIS,100,6.2,302,26.7,N,0
-23.2914,119.2635,322.9,1,1,2014-12-18,1442,Terra,MODIS,100,6.2,300.5,15.7,N,0
-23.3042,119.2921,319.1,1,1,2014-12-18,1442,Terra,MODIS,98,6.2,300.1,11.4,N,0
-23.3055,119.282,322.2,1,1,2014-12-18,1442,Terra,MODIS,100,6.2,300.3,14.4,N,0
-23.2978,119.2852,313.5,1,1,2014-12-18,1442,Terra,MODIS,69,6.2,299.9,6.2,N,0
-23.2519,119.2782,317.1,1,1,2014-12-18,1442,Terra,MODIS,94,6.2,299.7,10.1,N,0
-23.2379,119.1717,327.5,1,1,2014-12-18,1442,Terra,MODIS,56,6.2,298.4,25.8,N,0
-23.2471,119.1734,368.8,1,1,2014-12-18,1442,Terra,MODIS,100,6.2,302.8,115.7,N,0
-23.3127,119.4381,316.8,1,1,2014-12-18,1442,Terra,MODIS,94,6.2,300.5,9.1,N,0
-23.3218,119.4396,321.6,1,1,2014-12-18,1442,Terra,MODIS,100,6.2,300.7,13.5,N,0
-23.2457,119.1837,324.6,1,1,2014-12-18,1442,Terra,MODIS,80,6.2,300.1,18.3,N,0
-23.2758,119.5042,320.9,1,1,2014-12-18,1442,Terra,MODIS,100,6.2,301,13.2,N,0
-23.2443,119.4727,319.7,1,1,2014-12-18,1442,Terra,MODIS,99,6.2,300,12.6,N,0
-23.2577,119.1645,322.4,1,1,2014-12-18,1442,Terra,MODIS,95,6.2,299.8,16.1,N,0
-23.2563,119.1747,349.2,1,1,2014-12-18,1442,Terra,MODIS,100,6.2,302.4,58.6,N,0
-23.255,119.185,317.7,1,1,2014-12-18,1442,Terra,MODIS,95,6.2,300.2,9.8,N,0
-23.2655,119.1761,326.5,1,1,2014-12-18,1442,Terra,MODIS,100,6.2,300.6,20,N,0
-23.2533,119.2679,323.8,1,1,2014-12-18,1442,Terra,MODIS,100,6.2,299.9,16.8,N,0
-23.331,119.4411,313.9,1,1,2014-12-18,1442,Terra,MODIS,88,6.2,300.4,6.6,N,0
-23.2642,119.1863,328.3,1,1,2014-12-18,1442,Terra,MODIS,100,6.2,300.9,22,N,0
-23.2628,119.1965,331.5,1,1,2014-12-18,1442,Terra,MODIS,100,6.2,301.3,26.3,N,0
-23.2615,119.2067,364.8,1,1,2014-12-18,1442,Terra,MODIS,100,6.2,303.5,100.5,N,0
-23.2625,119.2692,315.8,1,1,2014-12-18,1442,Terra,MODIS,91,6.2,300.2,8.3,N,0
-22.1397,120.8573,311.3,1,1,2014-12-18,1442,Terra,MODIS,78,6.2,299.5,4.9,N,0
-22.1267,120.2443,323.7,1,1,2014-12-18,1442,Terra,MODIS,100,6.2,299.2,17,N,0
-22.1253,120.254,312.5,1,1,2014-12-18,1442,Terra,MODIS,83,6.2,299.2,6.8,N,0
-16.9503,134.4165,306.7,1.5,1.2,2014-12-18,1610,Aqua,MODIS,61,6.2,294.4,7.9,N,0
-15.4368,134.1284,304.7,1.7,1.3,2014-12-18,1610,Aqua,MODIS,60,6.2,289.2,6.7,N,0
-20.7362,139.4811,306.1,1.1,1,2014-12-18,1611,Aqua,MODIS,66,6.2,293.5,6,N,2
-20.7285,139.4779,307,1.1,1,2014-12-18,1611,Aqua,MODIS,69,6.2,293.5,5.7,N,0
-20.5936,116.7899,306.9,1.3,1.1,2014-12-18,1750,Aqua,MODIS,67,6.2,296.4,7.7,N,2
-22.0393,123.4558,315.6,4.1,1.9,2014-12-18,1750,Aqua,MODIS,92,6.2,292.5,87.5,N,0
-22.0369,123.4639,307,4.1,1.9,2014-12-18,1750,Aqua,MODIS,70,6.2,291.7,42.2,N,0
-22.0539,123.4622,310.7,4.1,1.9,2014-12-18,1750,Aqua,MODIS,81,6.2,292.6,59.1,N,0
-23.2595,119.1818,332.2,2.1,1.4,2014-12-18,1750,Aqua,MODIS,100,6.2,296.9,82.7,N,0
-23.2207,119.1921,306.3,2.1,1.4,2014-12-18,1750,Aqua,MODIS,13,6.2,295.5,10.7,N,0
-23.2215,119.1866,306.5,2.1,1.4,2014-12-18,1750,Aqua,MODIS,30,6.2,295.5,11.2,N,0
-23.2341,119.184,315.3,2.1,1.4,2014-12-18,1750,Aqua,MODIS,89,6.2,295.9,29.4,N,0
-23.2447,119.1625,317,2.1,1.4,2014-12-18,1750,Aqua,MODIS,93,6.2,295.8,33.2,N,0
-23.2467,119.1821,328.6,2.1,1.4,2014-12-18,1750,Aqua,MODIS,100,6.2,296.8,68.6,N,0
-23.2574,119.1613,322.2,2.1,1.4,2014-12-18,1750,Aqua,MODIS,100,6.2,295.9,48.2,N,0
-23.3135,119.4496,309.9,2.2,1.4,2014-12-18,1751,Aqua,MODIS,72,6.2,295.4,18.2,N,0
-23.3265,119.4483,316.9,2.2,1.4,2014-12-18,1751,Aqua,MODIS,93,6.2,295.7,33.2,N,0
-23.3395,119.4469,333.7,2.2,1.4,2014-12-18,1751,Aqua,MODIS,100,6.2,296.7,91.5,N,0
-23.3113,119.443,309.4,2.2,1.4,2014-12-18,1751,Aqua,MODIS,15,6.2,295.2,15.3,N,0
-23.3242,119.4416,314.6,2.2,1.4,2014-12-18,1751,Aqua,MODIS,56,6.2,295.5,26.4,N,0
-23.3372,119.4402,331.6,2.2,1.4,2014-12-18,1751,Aqua,MODIS,100,6.2,296.5,83.9,N,0
-23.3393,119.4614,311.5,2.2,1.4,2014-12-18,1751,Aqua,MODIS,44,6.2,295.8,20.3,N,0
-23.3501,119.4389,315.6,2.2,1.4,2014-12-18,1751,Aqua,MODIS,90,6.2,295.9,31,N,0
-23.3351,119.419,308.7,2.2,1.4,2014-12-18,1751,Aqua,MODIS,36,6.2,295.4,14,N,0
-23.348,119.4176,314,2.2,1.4,2014-12-18,1751,Aqua,MODIS,86,6.2,295.7,26.4,N,0
-23.3372,119.4257,316.3,2.2,1.4,2014-12-18,1751,Aqua,MODIS,91,6.2,295.7,30.6,N,0
-18.1779,144.7043,316.4,4.4,1.9,2014-12-18,2357,Terra,MODIS,37,6.2,291.1,60.5,D,0
-18.1777,144.7124,316.4,4.4,1.9,2014-12-18,2357,Terra,MODIS,27,6.2,291.2,58.4,D,0
-18.239,145.191,320,4.1,1.9,2014-12-18,2357,Terra,MODIS,39,6.2,294.4,51.4,D,0
-18.2257,145.1862,323.2,4.1,1.9,2014-12-18,2357,Terra,MODIS,68,6.2,294.4,77.5,D,0
-27.9371,153.139,315.4,1,1,2014-12-18,2359,Terra,MODIS,31,6.2,303.4,6.1,D,0
-27.9281,153.1407,333.5,1,1,2014-12-18,2359,Terra,MODIS,84,6.2,301.7,26.1,D,0
-27.316,152.9854,321.8,1,1,2014-12-18,2359,Terra,MODIS,45,6.2,305.1,7.8,D,2
-27.9266,153.1305,328,1,1,2014-12-18,2359,Terra,MODIS,79,6.2,303,18.2,D,0
-27.6889,153.0785,318.6,1,1,2014-12-18,2359,Terra,MODIS,34,6.2,304.4,5.8,D,0
-31.0982,151.6267,314.7,1,1,2014-12-19,0000,Terra,MODIS,19,6.2,301.7,5.8,D,0
-31.2126,151.7712,318.3,1,1,2014-12-19,0000,Terra,MODIS,62,6.2,300.3,9.5,D,0
-28.3352,149.984,334.4,1.2,1.1,2014-12-19,0000,Terra,MODIS,78,6.2,312.5,21.3,D,0
-28.3331,149.9718,342.1,1.2,1.1,2014-12-19,0000,Terra,MODIS,87,6.2,312.1,37.6,D,0
-34.4605,150.8842,319.5,1,1,2014-12-19,0001,Terra,MODIS,19,6.2,298.6,9.7,D,2
-12.1785,141.9251,310.1,3.9,1.8,2014-12-19,0134,Terra,MODIS,0,6.2,292.1,36.5,D,0
-14.3877,133.6134,327.7,1.1,1,2014-12-19,0134,Terra,MODIS,33,6.2,300.5,10.7,D,0
-12.4334,132.1723,330.5,1,1,2014-12-19,0134,Terra,MODIS,57,6.2,299.7,13.2,D,0
-12.461,132.4857,325.6,1,1,2014-12-19,0134,Terra,MODIS,69,6.2,299.3,13.2,D,0
-12.5273,131.6879,320.3,1,1,2014-12-19,0134,Terra,MODIS,0,6.2,287.8,10,D,0
-12.3691,131.9861,317.8,1,1,2014-12-19,0134,Terra,MODIS,34,6.2,293.6,8.9,D,0
-12.4624,132.4949,324.3,1,1,2014-12-19,0134,Terra,MODIS,70,6.2,299.3,11.6,D,0
-12.5114,131.6434,318.4,1,1,2014-12-19,0134,Terra,MODIS,50,6.2,283.2,10.8,D,0
-13.993,131.327,322.9,1,1,2014-12-19,0134,Terra,MODIS,54,6.2,297,10.1,D,0
-13.8685,135.2706,327.5,1.3,1.1,2014-12-19,0134,Terra,MODIS,70,6.2,291.8,19.5,D,0
-13.8598,135.2841,323,1.3,1.1,2014-12-19,0134,Terra,MODIS,56,6.2,287.3,11.4,D,0
-13.8582,135.2719,337.7,1.3,1.1,2014-12-19,0134,Terra,MODIS,86,6.2,289.7,41,D,0
-13.8701,135.2828,325,1.3,1.1,2014-12-19,0134,Terra,MODIS,55,6.2,290.6,14.6,D,0
-13.6283,130.4433,322,1.1,1,2014-12-19,0134,Terra,MODIS,52,6.2,297.3,9.4,D,0
-15.2294,128.0103,359,1.3,1.1,2014-12-19,0135,Terra,MODIS,99,6.2,304.2,96.7,D,0
-15.2173,128.0001,338.9,1.3,1.1,2014-12-19,0135,Terra,MODIS,86,6.2,301.9,39.5,D,0
-15.2274,127.9982,346,1.3,1.1,2014-12-19,0135,Terra,MODIS,92,6.2,303.1,55.7,D,0
-15.255,127.9874,332.7,1.3,1.1,2014-12-19,0135,Terra,MODIS,47,6.2,302.2,21.5,D,0
-16.3336,129.9329,347.5,1,1,2014-12-19,0135,Terra,MODIS,91,6.2,303.9,42,D,0
-16.3031,129.9179,337.7,1,1,2014-12-19,0135,Terra,MODIS,82,6.2,303.9,22.9,D,0
-16.3351,129.9426,337.6,1,1,2014-12-19,0135,Terra,MODIS,82,6.2,302.2,22.8,D,0
-15.9743,132.2197,333.5,1,1,2014-12-19,0135,Terra,MODIS,75,6.2,307.4,14.4,D,0
-15.4238,132.5525,338.3,1,1,2014-12-19,0135,Terra,MODIS,82,6.2,303.5,22.3,D,0
-15.061,132.7188,333.8,1,1,2014-12-19,0135,Terra,MODIS,77,6.2,299.6,18.5,D,0
-15.0519,132.7201,327.8,1,1,2014-12-19,0135,Terra,MODIS,64,6.2,301.4,10.3,D,0
-16.4651,137.4903,322.9,2.1,1.4,2014-12-19,0135,Terra,MODIS,25,6.2,295.5,32.8,D,0
-16.82,139.1344,315.4,2.8,1.6,2014-12-19,0135,Terra,MODIS,45,6.2,293.2,35.9,D,3
-14.7486,134.5336,334.6,1.2,1.1,2014-12-19,0135,Terra,MODIS,76,6.2,302.8,26.7,D,0
-15.438,134.1261,331.3,1.2,1.1,2014-12-19,0135,Terra,MODIS,65,6.2,302,17.7,D,0
-14.6509,131.8516,331.2,1,1,2014-12-19,0135,Terra,MODIS,70,6.2,301.3,14,D,0
-16.5546,131.7802,334.3,1,1,2014-12-19,0135,Terra,MODIS,76,6.2,305.9,13.9,D,0
-17.2679,133.0519,331.5,1.1,1,2014-12-19,0135,Terra,MODIS,67,6.2,307.1,13.7,D,0
-17.2693,133.0622,332.9,1.1,1,2014-12-19,0135,Terra,MODIS,71,6.2,308,16.3,D,0
-17.2773,133.0505,331.5,1.1,1,2014-12-19,0135,Terra,MODIS,62,6.2,307.4,13.8,D,0
-17.2787,133.0609,333.1,1.1,1,2014-12-19,0135,Terra,MODIS,71,6.2,308,16.9,D,0
-17.2801,133.0712,332.1,1.1,1,2014-12-19,0135,Terra,MODIS,61,6.2,308.1,14.5,D,0
-17.2816,133.0815,332.1,1.1,1,2014-12-19,0135,Terra,MODIS,69,6.2,307.8,15.1,D,0
-17.291,133.0802,333,1.1,1,2014-12-19,0135,Terra,MODIS,71,6.2,306.8,16.4,D,0
-17.3748,134.6917,327.5,1.3,1.2,2014-12-19,0135,Terra,MODIS,44,6.2,297.9,17.9,D,0
-14.7484,134.5396,342.5,1.2,1.1,2014-12-19,0135,Terra,MODIS,87,6.2,303.2,44.9,D,0
-14.76,134.5435,335.3,1.2,1.1,2014-12-19,0135,Terra,MODIS,75,6.2,298.1,30.2,D,0
-16.5464,131.724,333,1,1,2014-12-19,0135,Terra,MODIS,74,6.2,301.2,14.4,D,0
-16.5554,131.7226,341.2,1,1,2014-12-19,0135,Terra,MODIS,85,6.2,302.4,26.7,D,0
-14.7501,134.5449,335.2,1.2,1.1,2014-12-19,0135,Terra,MODIS,77,6.2,302.4,28.2,D,0
-16.9044,131.027,331.5,1,1,2014-12-19,0135,Terra,MODIS,70,6.2,307.3,12.4,D,0
-16.9057,131.0363,331.7,1,1,2014-12-19,0135,Terra,MODIS,66,6.2,307,12.9,D,0
-14.7165,131.8605,330.3,1,1,2014-12-19,0135,Terra,MODIS,74,6.2,300.2,9.9,D,0
-17.1908,131.0969,335.3,1,1,2014-12-19,0135,Terra,MODIS,74,6.2,309.8,14.1,D,0
-17.1922,131.1062,334.8,1,1,2014-12-19,0135,Terra,MODIS,75,6.2,309.8,13.7,D,0
-15.3357,133.4404,333.7,1.1,1,2014-12-19,0135,Terra,MODIS,76,6.2,303.2,16.3,D,0
-15.3343,133.4302,331.5,1.1,1,2014-12-19,0135,Terra,MODIS,72,6.2,303.1,12.2,D,0
-14.8972,132.7944,328.5,1,1,2014-12-19,0135,Terra,MODIS,30,6.2,300.9,8.2,D,0
-14.8986,132.804,336.1,1,1,2014-12-19,0135,Terra,MODIS,80,6.2,300.3,19.8,D,0
-15.4365,134.1151,336.5,1.2,1.1,2014-12-19,0135,Terra,MODIS,81,6.2,302.3,26.5,D,0
-15.4492,134.1358,330.3,1.2,1.1,2014-12-19,0135,Terra,MODIS,70,6.2,301,16.4,D,0
-17.6229,135.2935,324.9,1.5,1.2,2014-12-19,0135,Terra,MODIS,30,6.2,300.8,19.6,D,0
-16.3016,129.9082,344.4,1,1,2014-12-19,0135,Terra,MODIS,89,6.2,303.3,35.6,D,0
-17.7791,134.6056,351.5,1.3,1.2,2014-12-19,0135,Terra,MODIS,94,6.2,301.1,77.3,D,0
-16.3108,129.9067,326.3,1,1,2014-12-19,0135,Terra,MODIS,41,6.2,301.6,7.6,D,0
-17.7506,134.603,326.3,1.3,1.1,2014-12-19,0135,Terra,MODIS,32,6.2,297.9,11.3,D,0
-17.7833,134.6115,339.3,1.3,1.2,2014-12-19,0135,Terra,MODIS,85,6.2,299.5,40,D,0
-18.1928,135.4726,327.9,1.6,1.2,2014-12-19,0135,Terra,MODIS,23,6.2,303.3,29.7,D,0
-17.7816,134.5988,350.1,1.3,1.1,2014-12-19,0135,Terra,MODIS,93,6.2,300.2,70.3,D,0
-15.4207,134.0897,327.8,1.2,1.1,2014-12-19,0135,Terra,MODIS,46,6.2,302,11.8,D,0
-17.6868,130.5921,330,1,1,2014-12-19,0135,Terra,MODIS,55,6.2,304.1,9.5,D,0
-17.6854,130.5827,331.7,1,1,2014-12-19,0135,Terra,MODIS,62,6.2,305.9,11.1,D,0
-16.1538,128.5372,326.9,1.2,1.1,2014-12-19,0135,Terra,MODIS,57,6.2,301.3,9.7,D,0
-18.6115,132.3502,333,1.1,1,2014-12-19,0136,Terra,MODIS,62,6.2,307.5,12,D,0
-18.7337,132.5016,333.2,1.1,1,2014-12-19,0136,Terra,MODIS,63,6.2,307.3,11,D,0
-18.4164,131.2959,334.6,1,1,2014-12-19,0136,Terra,MODIS,30,6.2,310,16.5,D,0
-19.4859,130.9954,331.6,1,1,2014-12-19,0136,Terra,MODIS,23,6.2,306.6,16.6,D,0
-18.2642,129.1218,328.6,1.1,1,2014-12-19,0136,Terra,MODIS,63,6.2,302.2,12.8,D,0
-18.2627,129.1118,347.3,1.1,1,2014-12-19,0136,Terra,MODIS,92,6.2,303.4,43.4,D,0
-19.0107,133.5058,330.2,1.2,1.1,2014-12-19,0136,Terra,MODIS,53,6.2,303.9,15.1,D,0
-23.3381,122.1615,333.4,2.4,1.5,2014-12-19,0137,Terra,MODIS,73,6.2,306.4,51.3,D,0
-23.394,122.0455,334.8,2.4,1.5,2014-12-19,0137,Terra,MODIS,76,6.2,306.2,61.3,D,0
-23.425,121.9895,333,2.4,1.5,2014-12-19,0137,Terra,MODIS,73,6.2,306.2,51.8,D,0
-23.4278,121.9584,334.3,2.4,1.5,2014-12-19,0137,Terra,MODIS,66,6.2,306.4,61.6,D,0
-23.4324,121.9819,333.2,2.4,1.5,2014-12-19,0137,Terra,MODIS,73,6.2,306.3,50.2,D,0
-23.4412,121.9554,345.2,2.4,1.5,2014-12-19,0137,Terra,MODIS,89,6.2,306.9,123.9,D,0
-23.4546,121.9522,347,2.4,1.5,2014-12-19,0137,Terra,MODIS,90,6.2,306.1,134.5,D,0
-23.4244,122.081,334.3,2.4,1.5,2014-12-19,0137,Terra,MODIS,75,6.2,303.9,54,D,0
-23.4197,122.0579,342.9,2.4,1.5,2014-12-19,0137,Terra,MODIS,87,6.2,303.8,104.8,D,0
-23.4111,122.0841,352.9,2.4,1.5,2014-12-19,0137,Terra,MODIS,95,6.2,307,172.3,D,0
-23.4064,122.0609,375,2.4,1.5,2014-12-19,0137,Terra,MODIS,100,6.2,309.3,409.7,D,0
-23.4163,122.0888,339.1,2.4,1.5,2014-12-19,0137,Terra,MODIS,82,6.2,306,78.9,D,0
-23.4118,122.0657,388.8,2.4,1.5,2014-12-19,0137,Terra,MODIS,100,6.2,308.3,620.6,D,0
-23.403,122.0919,338.8,2.4,1.5,2014-12-19,0137,Terra,MODIS,82,6.2,306.6,74.6,D,0
-23.3985,122.0688,370.5,2.4,1.5,2014-12-19,0137,Terra,MODIS,100,6.2,308.5,351.7,D,0
-23.3897,122.095,331.3,2.4,1.5,2014-12-19,0137,Terra,MODIS,69,6.2,307.2,34.8,D,0
-23.3852,122.0718,340.2,2.4,1.5,2014-12-19,0137,Terra,MODIS,83,6.2,307.3,86.2,D,0
-23.3899,122.1665,376,2.4,1.5,2014-12-19,0137,Terra,MODIS,100,6.2,304.1,410.6,D,0
-23.3855,122.1437,337.3,2.4,1.5,2014-12-19,0137,Terra,MODIS,80,6.2,305.2,67.3,D,0
-23.3767,122.1696,410.4,2.4,1.5,2014-12-19,0137,Terra,MODIS,100,6.2,310.8,1053.4,D,0
-23.3722,122.1468,361.4,2.4,1.5,2014-12-19,0137,Terra,MODIS,100,6.2,306.6,248.9,D,0
-23.3635,122.1726,351.2,2.4,1.5,2014-12-19,0137,Terra,MODIS,94,6.2,306.5,154.7,D,0
-23.359,122.1498,339.8,2.4,1.5,2014-12-19,0137,Terra,MODIS,83,6.2,306,85.8,D,0
-23.3548,122.1983,355.7,2.3,1.5,2014-12-19,0137,Terra,MODIS,97,6.2,306.6,186.6,D,0
-23.3503,122.1756,357.1,2.4,1.5,2014-12-19,0137,Terra,MODIS,98,6.2,308,203.4,D,0
-23.3457,122.1528,338.7,2.4,1.5,2014-12-19,0137,Terra,MODIS,82,6.2,306.4,82,D,0
-23.3416,122.2013,342.1,2.3,1.5,2014-12-19,0137,Terra,MODIS,86,6.2,307.8,88.7,D,0
-23.337,122.1786,338.4,2.4,1.5,2014-12-19,0137,Terra,MODIS,81,6.2,307.6,70.8,D,0
-23.369,122.1783,346,2.4,1.5,2014-12-19,0137,Terra,MODIS,89,6.2,305.5,117.1,D,0
-23.3646,122.1554,350.6,2.4,1.5,2014-12-19,0137,Terra,MODIS,93,6.2,306.5,157.5,D,0
-23.3558,122.1813,348.6,2.4,1.5,2014-12-19,0137,Terra,MODIS,92,6.2,306.6,136.4,D,0
-23.3514,122.1585,356.8,2.4,1.5,2014-12-19,0137,Terra,MODIS,98,6.2,307.6,208,D,0
-23.3469,122.2071,355.6,2.3,1.5,2014-12-19,0137,Terra,MODIS,97,6.2,307.8,188.8,D,0
-23.3425,122.1843,355.5,2.4,1.5,2014-12-19,0137,Terra,MODIS,97,6.2,308.9,190.8,D,0
-27.9296,124.4656,342.8,1.4,1.2,2014-12-19,0138,Terra,MODIS,86,6.2,310.9,42.5,D,0
-25.3842,123.9455,351.7,1.6,1.3,2014-12-19,0138,Terra,MODIS,94,6.2,303.6,94.2,D,0
-27.9415,124.5334,335.2,1.3,1.1,2014-12-19,0138,Terra,MODIS,76,6.2,312,20.4,D,0
-25.3297,123.8981,336,1.6,1.3,2014-12-19,0138,Terra,MODIS,79,6.2,301.8,36.2,D,0
-25.376,123.9639,334.2,1.6,1.2,2014-12-19,0138,Terra,MODIS,76,6.2,303.5,30.2,D,0
-25.3871,123.9614,353.2,1.6,1.2,2014-12-19,0138,Terra,MODIS,95,6.2,302.6,102.2,D,0
-25.3185,123.9007,339.4,1.6,1.3,2014-12-19,0138,Terra,MODIS,83,6.2,303.7,46.8,D,0
-25.3983,123.9589,352.8,1.6,1.2,2014-12-19,0138,Terra,MODIS,95,6.2,301.3,102.6,D,0
-25.3954,123.9431,356.6,1.6,1.3,2014-12-19,0138,Terra,MODIS,97,6.2,301.8,119.1,D,0
-23.282,119.2416,327.6,3.8,1.8,2014-12-19,0138,Terra,MODIS,39,6.2,303.7,53.2,D,0
-27.9391,124.5199,332.3,1.3,1.1,2014-12-19,0138,Terra,MODIS,69,6.2,312,14.1,D,0
-27.932,124.4792,335,1.3,1.2,2014-12-19,0138,Terra,MODIS,76,6.2,310.4,21.9,D,0
-25.373,123.948,332.9,1.6,1.3,2014-12-19,0138,Terra,MODIS,74,6.2,304.4,25.9,D,0
-23.2546,119.1639,331.3,3.9,1.8,2014-12-19,0138,Terra,MODIS,67,6.2,304.1,86.4,D,0
-23.2662,119.1678,328.9,3.9,1.8,2014-12-19,0138,Terra,MODIS,58,6.2,303.8,68.9,D,0
-23.2502,119.1731,327.9,3.9,1.8,2014-12-19,0138,Terra,MODIS,47,6.2,304.4,55.7,D,0
-23.3442,119.4534,326.7,3.7,1.8,2014-12-19,0138,Terra,MODIS,17,6.2,304.1,43.6,D,0
-23.3505,119.4442,327.2,3.7,1.8,2014-12-19,0138,Terra,MODIS,36,6.2,304.2,49.1,D,0
-25.6763,122.9027,341.4,1.9,1.3,2014-12-19,0138,Terra,MODIS,86,6.2,304.5,67.1,D,0
-25.6882,122.9,344.1,1.9,1.3,2014-12-19,0138,Terra,MODIS,88,6.2,304.1,75.9,D,0
-28.3498,122.5722,339.7,1.7,1.3,2014-12-19,0139,Terra,MODIS,85,6.2,304,61.7,D,0
-28.3531,122.5897,361.5,1.7,1.3,2014-12-19,0139,Terra,MODIS,100,6.2,306.5,167.4,D,0
-28.3563,122.6071,326.1,1.7,1.3,2014-12-19,0139,Terra,MODIS,19,6.2,298.3,18.5,D,0
-28.3487,122.5849,359.7,1.7,1.3,2014-12-19,0139,Terra,MODIS,99,6.2,307.3,156.9,D,0
-28.3521,122.6022,339.2,1.7,1.3,2014-12-19,0139,Terra,MODIS,85,6.2,303.6,59.3,D,0
-38.012,145.2628,319,1,1,2014-12-19,0417,Aqua,MODIS,32,6.2,301.4,6.5,D,0
-35.2057,137.1766,324.1,2.3,1.5,2014-12-19,0418,Aqua,MODIS,43,6.2,300.4,47.6,D,0
-26.9438,148.3153,336,1.6,1.2,2014-12-19,0419,Aqua,MODIS,79,6.2,314,34.4,D,0
-26.9416,148.3206,331.5,1.6,1.2,2014-12-19,0419,Aqua,MODIS,66,6.2,313,23.3,D,0
-26.9446,148.3045,342.4,1.6,1.2,2014-12-19,0419,Aqua,MODIS,86,6.2,315.6,55.8,D,0
-29.5588,149.579,332.8,1.7,1.3,2014-12-19,0419,Aqua,MODIS,74,6.2,318.2,24.8,D,0
-29.5555,149.5965,332,1.7,1.3,2014-12-19,0419,Aqua,MODIS,68,6.2,316.9,22.2,D,0
-27.825,148.7436,348.1,1.6,1.3,2014-12-19,0419,Aqua,MODIS,91,6.2,319.2,73.2,D,0
-28.6665,148.0701,334.5,1.4,1.2,2014-12-19,0419,Aqua,MODIS,68,6.2,319.6,17.3,D,0
-21.4909,148.4071,330.3,2.1,1.4,2014-12-19,0421,Aqua,MODIS,80,6.2,298.4,44.7,D,0
-21.4947,148.3869,325.6,2.1,1.4,2014-12-19,0421,Aqua,MODIS,62,6.2,298.4,28.2,D,0
-18.5226,145.6908,335.1,1.5,1.2,2014-12-19,0422,Aqua,MODIS,78,6.2,300,47.7,D,0
-18.2828,144.4504,346.8,1.3,1.1,2014-12-19,0422,Aqua,MODIS,90,6.2,307.1,51.8,D,0
-18.2644,144.4402,351,1.3,1.1,2014-12-19,0422,Aqua,MODIS,94,6.2,306.7,66.7,D,0
-18.135,145.5329,340.6,1.5,1.2,2014-12-19,0422,Aqua,MODIS,86,6.2,299.2,55.2,D,0
-18.5202,145.7054,326.7,1.5,1.2,2014-12-19,0422,Aqua,MODIS,56,6.2,298.9,28.4,D,0
-18.5336,145.6929,325.7,1.5,1.2,2014-12-19,0422,Aqua,MODIS,32,6.2,300.3,23.3,D,0
-18.5227,145.6964,340.1,1.5,1.2,2014-12-19,0422,Aqua,MODIS,84,6.2,300.3,61.8,D,0
-19.0166,133.5081,325.4,2.6,1.5,2014-12-19,0422,Aqua,MODIS,32,6.2,295,36.7,D,0
-18.2624,144.4523,369.3,1.3,1.1,2014-12-19,0422,Aqua,MODIS,100,6.2,305.9,142.4,D,0
-16.5922,144.2591,335.7,1.3,1.1,2014-12-19,0422,Aqua,MODIS,70,6.2,306.6,23.7,D,0
-17.3807,144.5194,332.8,1.4,1.2,2014-12-19,0422,Aqua,MODIS,59,6.2,307.8,19.9,D,0
-17.4013,144.5232,340.6,1.4,1.2,2014-12-19,0422,Aqua,MODIS,85,6.2,309.3,31.6,D,0
-19.0111,133.5005,327.3,2.6,1.5,2014-12-19,0422,Aqua,MODIS,38,6.2,295.6,46.8,D,0
-18.2848,144.4384,339.7,1.3,1.1,2014-12-19,0422,Aqua,MODIS,84,6.2,308.4,33.7,D,0
-16.7595,143.5427,346.9,1.2,1.1,2014-12-19,0422,Aqua,MODIS,90,6.2,306.7,45,D,0
-16.7613,143.5315,338,1.2,1.1,2014-12-19,0422,Aqua,MODIS,79,6.2,306.8,26.4,D,0
-18.2745,144.4421,377.1,1.3,1.1,2014-12-19,0422,Aqua,MODIS,100,6.2,311.7,179.6,D,0
-16.7503,143.5225,329.8,1.2,1.1,2014-12-19,0422,Aqua,MODIS,54,6.2,306.1,10.3,D,0
-16.7485,143.5338,333.2,1.2,1.1,2014-12-19,0422,Aqua,MODIS,69,6.2,306.3,14.9,D,0
-16.7583,143.5355,338.5,1.2,1.1,2014-12-19,0422,Aqua,MODIS,79,6.2,307.1,25.5,D,0
-16.7566,143.5467,339,1.2,1.1,2014-12-19,0422,Aqua,MODIS,80,6.2,306.2,23.9,D,0
-18.1923,145.5355,333,1.5,1.2,2014-12-19,0422,Aqua,MODIS,77,6.2,306,28.3,D,0
-18.2279,141.9743,335.1,1,1,2014-12-19,0422,Aqua,MODIS,73,6.2,306.5,13.3,D,0
-18.2294,141.9647,337.4,1,1,2014-12-19,0422,Aqua,MODIS,78,6.2,309,16.5,D,0
-18.2189,141.9728,336.6,1,1,2014-12-19,0422,Aqua,MODIS,55,6.2,307.3,18.8,D,0
-18.2203,141.9632,334.2,1,1,2014-12-19,0422,Aqua,MODIS,38,6.2,308.1,13.8,D,0
-18.2112,141.9617,353.1,1,1,2014-12-19,0422,Aqua,MODIS,95,6.2,308,50.1,D,0
-18.2127,141.9521,349.3,1,1,2014-12-19,0422,Aqua,MODIS,92,6.2,309.6,40.1,D,0
-18.2725,144.4542,355.9,1.3,1.1,2014-12-19,0422,Aqua,MODIS,97,6.2,307.7,86.3,D,0
-17.4769,144.6865,338.1,1.4,1.2,2014-12-19,0422,Aqua,MODIS,67,6.2,305.4,34.5,D,0
-18.1531,145.4922,346.4,1.5,1.2,2014-12-19,0422,Aqua,MODIS,91,6.2,300.6,78.4,D,0
-18.1615,145.509,332.2,1.5,1.2,2014-12-19,0422,Aqua,MODIS,75,6.2,301.2,32.6,D,0
-16.7326,143.7728,337,1.2,1.1,2014-12-19,0422,Aqua,MODIS,73,6.2,305.9,22.7,D,0
-18.2747,144.4365,378.9,1.3,1.1,2014-12-19,0422,Aqua,MODIS,100,6.2,310.2,187.8,D,0
-18.1435,145.5491,340.3,1.5,1.2,2014-12-19,0422,Aqua,MODIS,85,6.2,299.3,52.9,D,0
-18.146,145.5346,333.8,1.5,1.2,2014-12-19,0422,Aqua,MODIS,75,6.2,299.5,35.2,D,0
-16.7345,143.7613,331.5,1.2,1.1,2014-12-19,0422,Aqua,MODIS,39,6.2,307.8,10.8,D,0
-17.2747,145.0958,331.1,1.5,1.2,2014-12-19,0422,Aqua,MODIS,72,6.2,306.7,17.6,D,0
-18.1326,145.547,338.8,1.5,1.2,2014-12-19,0422,Aqua,MODIS,84,6.2,300,50.2,D,0
-16.5942,144.2466,331.5,1.3,1.1,2014-12-19,0422,Aqua,MODIS,46,6.2,306.5,15.9,D,0
-18.2727,144.4486,385.4,1.3,1.1,2014-12-19,0422,Aqua,MODIS,100,6.2,311.1,229.2,D,0
-16.5717,144.2554,349.7,1.3,1.1,2014-12-19,0422,Aqua,MODIS,92,6.2,307.7,59.3,D,0
-17.4372,144.7324,328.8,1.4,1.2,2014-12-19,0422,Aqua,MODIS,34,6.2,302,13.2,D,0
-18.2707,144.4607,348.1,1.3,1.1,2014-12-19,0422,Aqua,MODIS,92,6.2,304.7,59.1,D,0
-18.9769,134.4916,333,2.2,1.4,2014-12-19,0422,Aqua,MODIS,77,6.2,308.3,45.8,D,0
-18.5048,146.0665,330.8,1.6,1.3,2014-12-19,0422,Aqua,MODIS,48,6.2,300.7,33.4,D,0
-18.1507,145.5065,367.1,1.5,1.2,2014-12-19,0422,Aqua,MODIS,100,6.2,301.6,174.4,D,0
-18.5137,146.0824,326.1,1.6,1.3,2014-12-19,0422,Aqua,MODIS,32,6.2,299.2,26.6,D,0
-18.525,146.0842,393.1,1.6,1.3,2014-12-19,0422,Aqua,MODIS,100,6.2,303.7,422,D,0
-17.3641,144.6206,333.5,1.4,1.2,2014-12-19,0422,Aqua,MODIS,58,6.2,303.9,26.7,D,0
-18.5228,146.0972,361.4,1.6,1.3,2014-12-19,0422,Aqua,MODIS,100,6.2,298.6,167.9,D,0
-16.582,144.2572,350.2,1.3,1.1,2014-12-19,0422,Aqua,MODIS,92,6.2,307,62,D,0
-18.0289,145.8138,331,1.6,1.2,2014-12-19,0422,Aqua,MODIS,73,6.2,306.8,26.4,D,0
-16.584,144.2447,335.6,1.3,1.1,2014-12-19,0422,Aqua,MODIS,74,6.2,306.4,22.5,D,0
-18.2764,144.43,331.6,1.3,1.1,2014-12-19,0422,Aqua,MODIS,71,6.2,307.5,16.1,D,0
-18.1662,145.4807,325.1,1.5,1.2,2014-12-19,0422,Aqua,MODIS,41,6.2,299.8,16.8,D,0
-16.4085,142.9685,331.8,1.1,1.1,2014-12-19,0422,Aqua,MODIS,49,6.2,299.9,14.3,D,0
-18.1639,145.4947,368.2,1.5,1.2,2014-12-19,0422,Aqua,MODIS,100,6.2,303.2,178.2,D,0
-18.1193,145.5594,323.8,1.5,1.2,2014-12-19,0422,Aqua,MODIS,25,6.2,297.8,11.7,D,0
-18.1483,145.5205,356,1.5,1.2,2014-12-19,0422,Aqua,MODIS,97,6.2,299.5,116.3,D,0
-18.9978,142.0625,335.6,1,1,2014-12-19,0422,Aqua,MODIS,74,6.2,309,11,D,0
-18.8168,138.1435,329.6,1.2,1.1,2014-12-19,0422,Aqua,MODIS,48,6.2,303.3,20.5,D,0
-16.5524,145.2054,340.1,1.5,1.2,2014-12-19,0422,Aqua,MODIS,79,6.2,308,50.5,D,0
-18.8187,138.1385,329.3,1.2,1.1,2014-12-19,0422,Aqua,MODIS,34,6.2,303.8,19.8,D,0
-15.6075,144.4453,359.5,1.4,1.2,2014-12-19,0423,Aqua,MODIS,99,6.2,311.7,105.2,D,0
-13.2149,142.6417,331.5,1.2,1.1,2014-12-19,0423,Aqua,MODIS,40,6.2,304.5,19.7,D,0
-14.3889,133.6208,332.2,2.2,1.4,2014-12-19,0423,Aqua,MODIS,68,6.2,303.9,49.5,D,0
-16.4727,137.4646,333.3,1.3,1.1,2014-12-19,0423,Aqua,MODIS,73,6.2,302.9,25.3,D,0
-17.0536,137.7786,334.2,1.2,1.1,2014-12-19,0423,Aqua,MODIS,80,6.2,304.9,22,D,0
-15.4396,143.9145,332.4,1.3,1.1,2014-12-19,0423,Aqua,MODIS,46,6.2,306.5,18.8,D,0
-16.2605,137.0632,331.6,1.3,1.1,2014-12-19,0423,Aqua,MODIS,75,6.2,306,18.4,D,0
-15.6931,141.4967,325.4,1,1,2014-12-19,0423,Aqua,MODIS,59,6.2,291.7,11.8,D,0
-15.2226,143.934,338.8,1.3,1.1,2014-12-19,0423,Aqua,MODIS,69,6.2,307.4,27.8,D,0
-16.3819,137.5411,331.6,1.2,1.1,2014-12-19,0423,Aqua,MODIS,71,6.2,305.5,16.4,D,0
-16.4133,137.5339,330.4,1.2,1.1,2014-12-19,0423,Aqua,MODIS,44,6.2,305,18.4,D,0
-16.4237,137.5291,330.6,1.2,1.1,2014-12-19,0423,Aqua,MODIS,49,6.2,305.9,19,D,0
-15.602,144.4521,342.4,1.4,1.2,2014-12-19,0423,Aqua,MODIS,86,6.2,311.2,42.6,D,0
-15.6202,144.434,332.7,1.4,1.2,2014-12-19,0423,Aqua,MODIS,68,6.2,311.8,17.6,D,0
-15.0405,144.44,325.9,1.5,1.2,2014-12-19,0423,Aqua,MODIS,26,6.2,296,16.7,D,0
-15.043,144.4459,334.2,1.5,1.2,2014-12-19,0423,Aqua,MODIS,76,6.2,297,35.8,D,0
-15.6351,143.4543,326.5,1.2,1.1,2014-12-19,0423,Aqua,MODIS,61,6.2,303,13.5,D,0
-14.376,133.6192,330.4,2.2,1.4,2014-12-19,0423,Aqua,MODIS,53,6.2,303.5,42,D,0
-15.2234,143.9158,358,1.3,1.1,2014-12-19,0423,Aqua,MODIS,98,6.2,305.5,99.8,D,0
-15.2254,143.9035,325.8,1.3,1.1,2014-12-19,0423,Aqua,MODIS,55,6.2,302.3,15.4,D,0
-15.2264,143.9093,334.1,1.3,1.1,2014-12-19,0423,Aqua,MODIS,64,6.2,303.7,28.5,D,0
-15.2918,143.7522,327.3,1.3,1.1,2014-12-19,0423,Aqua,MODIS,32,6.2,302.4,17.6,D,0
-16.2723,137.0523,331.8,1.3,1.1,2014-12-19,0423,Aqua,MODIS,72,6.2,302.9,19,D,0
-16.4705,136.0266,327.7,1.6,1.2,2014-12-19,0423,Aqua,MODIS,41,6.2,300.5,16.3,D,0
-16.4683,135.9523,330,1.6,1.2,2014-12-19,0423,Aqua,MODIS,53,6.2,302.1,25.4,D,0
-16.5309,131.1292,326.6,3.6,1.8,2014-12-19,0423,Aqua,MODIS,26,6.2,297,54.1,D,0
-15.2005,144.0071,341.8,1.4,1.2,2014-12-19,0423,Aqua,MODIS,86,6.2,309.9,32.6,D,0
-15.1901,144.0053,341.2,1.4,1.2,2014-12-19,0423,Aqua,MODIS,86,6.2,310.5,31.2,D,0
-15.1798,144.0035,340.5,1.4,1.2,2014-12-19,0423,Aqua,MODIS,85,6.2,311.1,30.1,D,0
-15.1364,144.0088,337.9,1.4,1.2,2014-12-19,0423,Aqua,MODIS,76,6.2,308.7,27.8,D,0
-15.1385,143.9963,336.6,1.4,1.2,2014-12-19,0423,Aqua,MODIS,77,6.2,306.5,26,D,0
-15.6198,143.3584,327.1,1.2,1.1,2014-12-19,0423,Aqua,MODIS,63,6.2,303.7,11.1,D,0
-15.5756,143.3802,338.4,1.2,1.1,2014-12-19,0423,Aqua,MODIS,83,6.2,303.9,32.1,D,0
-15.5752,143.5744,328.1,1.3,1.1,2014-12-19,0423,Aqua,MODIS,66,6.2,299.9,22.1,D,0
-15.92,144.1166,330.9,1.3,1.1,2014-12-19,0423,Aqua,MODIS,59,6.2,307.1,15.3,D,0
-15.9219,144.1041,338.2,1.3,1.1,2014-12-19,0423,Aqua,MODIS,81,6.2,308.3,30.1,D,0
-15.6042,143.8427,334.4,1.3,1.1,2014-12-19,0423,Aqua,MODIS,76,6.2,309.4,19.3,D,0
-15.6043,143.8483,331.4,1.3,1.1,2014-12-19,0423,Aqua,MODIS,63,6.2,308.7,14.1,D,0
-15.5675,143.3671,325.9,1.2,1.1,2014-12-19,0423,Aqua,MODIS,60,6.2,303,8.9,D,0
-15.5774,143.3688,338.4,1.2,1.1,2014-12-19,0423,Aqua,MODIS,83,6.2,302.8,32.3,D,0
-15.6041,144.439,338.9,1.4,1.2,2014-12-19,0423,Aqua,MODIS,82,6.2,312.3,32.1,D,0
-15.614,143.7825,325.7,1.3,1.1,2014-12-19,0423,Aqua,MODIS,46,6.2,303.6,14.5,D,0
-15.6074,143.7621,330.9,1.3,1.1,2014-12-19,0423,Aqua,MODIS,53,6.2,303.2,22.1,D,0
-16.1182,143.9621,334.9,1.3,1.1,2014-12-19,0423,Aqua,MODIS,73,6.2,306.1,26.1,D,0
-16.108,143.9604,354.2,1.3,1.1,2014-12-19,0423,Aqua,MODIS,96,6.2,306.5,78.4,D,0
-16.0979,143.9586,332.8,1.3,1.1,2014-12-19,0423,Aqua,MODIS,71,6.2,304.7,19.9,D,0
-16.0877,143.9568,329.3,1.3,1.1,2014-12-19,0423,Aqua,MODIS,36,6.2,304.2,11.8,D,0
-15.246,143.9069,349.3,1.3,1.1,2014-12-19,0423,Aqua,MODIS,93,6.2,303.3,71,D,0
-15.2357,143.9052,348.2,1.3,1.1,2014-12-19,0423,Aqua,MODIS,92,6.2,302.7,67.9,D,0
-15.4889,143.9794,333.8,1.3,1.1,2014-12-19,0423,Aqua,MODIS,77,6.2,306.1,21.1,D,0
-15.4337,143.9514,334.8,1.3,1.1,2014-12-19,0423,Aqua,MODIS,75,6.2,309.2,17.5,D,0
-15.4376,143.9267,332,1.3,1.1,2014-12-19,0423,Aqua,MODIS,29,6.2,308.7,15.5,D,0
-16.0923,143.011,344.1,1.2,1.1,2014-12-19,0423,Aqua,MODIS,88,6.2,310,31,D,0
-16.102,143.0126,342.7,1.2,1.1,2014-12-19,0423,Aqua,MODIS,86,6.2,309.4,27.3,D,0
-16.1003,143.0234,335.1,1.2,1.1,2014-12-19,0423,Aqua,MODIS,75,6.2,308.4,13.1,D,0
-15.3197,143.907,341.2,1.3,1.1,2014-12-19,0423,Aqua,MODIS,86,6.2,304.4,49.4,D,0
-15.3075,143.9176,329.9,1.3,1.1,2014-12-19,0423,Aqua,MODIS,39,6.2,303.9,20,D,0
-15.3624,143.8819,344,1.3,1.1,2014-12-19,0423,Aqua,MODIS,89,6.2,304.9,51.8,D,0
-15.3502,143.8925,342.7,1.3,1.1,2014-12-19,0423,Aqua,MODIS,87,6.2,306.5,42.6,D,0
-15.3522,143.8802,361.6,1.3,1.1,2014-12-19,0423,Aqua,MODIS,100,6.2,305,111.9,D,0
-15.342,143.8784,335.6,1.3,1.1,2014-12-19,0423,Aqua,MODIS,64,6.2,303.2,30.5,D,0
-15.3439,143.8662,334.5,1.3,1.1,2014-12-19,0423,Aqua,MODIS,78,6.2,301.8,31.8,D,0
-15.3459,143.8541,333.8,1.3,1.1,2014-12-19,0423,Aqua,MODIS,77,6.2,301.1,31.8,D,0
-15.3479,143.8419,335.9,1.3,1.1,2014-12-19,0423,Aqua,MODIS,80,6.2,301.5,37.2,D,0
-15.3257,143.9136,352.7,1.3,1.1,2014-12-19,0423,Aqua,MODIS,95,6.2,307.6,73.7,D,0
-15.3277,143.9013,349.6,1.3,1.1,2014-12-19,0423,Aqua,MODIS,93,6.2,305.9,65.9,D,0
-15.3217,143.9382,334.8,1.3,1.1,2014-12-19,0423,Aqua,MODIS,66,6.2,308.1,16.9,D,0
-15.3237,143.9259,336.1,1.3,1.1,2014-12-19,0423,Aqua,MODIS,79,6.2,308.1,22.9,D,0
-15.3074,143.9612,335.9,1.3,1.1,2014-12-19,0423,Aqua,MODIS,67,6.2,310.2,13.8,D,0
-15.3177,143.9194,338.9,1.3,1.1,2014-12-19,0423,Aqua,MODIS,46,6.2,306.1,35.5,D,0
-15.2997,143.9671,338.6,1.3,1.1,2014-12-19,0423,Aqua,MODIS,83,6.2,312.2,20.7,D,0
-15.3016,143.9547,335,1.3,1.1,2014-12-19,0423,Aqua,MODIS,67,6.2,308.6,10.9,D,0
-15.2933,143.9404,345.9,1.3,1.1,2014-12-19,0423,Aqua,MODIS,77,6.2,307.9,52.1,D,0
-15.2953,143.9281,371.7,1.3,1.1,2014-12-19,0423,Aqua,MODIS,100,6.2,308.2,160.4,D,0
-15.2791,143.9636,347.8,1.3,1.1,2014-12-19,0423,Aqua,MODIS,92,6.2,310.1,49.9,D,0
-15.2831,143.9386,338.2,1.3,1.1,2014-12-19,0423,Aqua,MODIS,60,6.2,305.1,33.4,D,0
-15.242,143.9317,349.6,1.3,1.1,2014-12-19,0423,Aqua,MODIS,87,6.2,309.4,59.7,D,0
-16.4776,137.5836,329.7,1.2,1.1,2014-12-19,0423,Aqua,MODIS,46,6.2,302,13.4,D,0
-15.5182,142.7678,325.5,1.1,1.1,2014-12-19,0423,Aqua,MODIS,23,6.2,301.2,10.2,D,0
-15.2542,143.921,334.7,1.3,1.1,2014-12-19,0423,Aqua,MODIS,67,6.2,306.4,28.8,D,0
-15.2194,143.9405,340.4,1.3,1.1,2014-12-19,0423,Aqua,MODIS,85,6.2,307.9,27.7,D,0
-15.2039,143.9182,336.6,1.3,1.1,2014-12-19,0423,Aqua,MODIS,63,6.2,304.4,32.4,D,0
-15.1692,143.9376,355.8,1.3,1.1,2014-12-19,0423,Aqua,MODIS,97,6.2,308,87.6,D,0
-15.1425,143.9713,337.6,1.4,1.2,2014-12-19,0423,Aqua,MODIS,82,6.2,307.4,29.7,D,0
-15.1446,143.9589,332.8,1.3,1.2,2014-12-19,0423,Aqua,MODIS,68,6.2,306.7,20.3,D,0
-15.1937,143.9164,350.3,1.3,1.1,2014-12-19,0423,Aqua,MODIS,93,6.2,305.6,72,D,0
-15.4808,142.7996,329.9,1.2,1.1,2014-12-19,0423,Aqua,MODIS,63,6.2,301.1,13.3,D,0
-15.6204,143.679,334.2,1.3,1.1,2014-12-19,0423,Aqua,MODIS,78,6.2,300.3,33,D,0
-15.6104,143.6772,345.8,1.3,1.1,2014-12-19,0423,Aqua,MODIS,90,6.2,301.9,58,D,0
-15.4957,144.3325,333.7,1.4,1.2,2014-12-19,0423,Aqua,MODIS,76,6.2,311.1,17.8,D,0
-15.6022,143.6636,333.8,1.3,1.1,2014-12-19,0423,Aqua,MODIS,52,6.2,301.4,27.2,D,0
-15.2656,143.7849,326.9,1.3,1.1,2014-12-19,0423,Aqua,MODIS,39,6.2,302.9,14.8,D,0
-15.2535,143.7953,327.6,1.3,1.1,2014-12-19,0423,Aqua,MODIS,44,6.2,303.8,15.5,D,0
-15.2437,143.799,328.1,1.3,1.1,2014-12-19,0423,Aqua,MODIS,49,6.2,304.3,15.1,D,0
-15.6122,143.6654,334.5,1.3,1.1,2014-12-19,0423,Aqua,MODIS,52,6.2,300.6,30.2,D,0
-15.6304,143.81,328.4,1.3,1.1,2014-12-19,0423,Aqua,MODIS,58,6.2,300.9,12.4,D,0
-15.6323,143.798,325.5,1.3,1.1,2014-12-19,0423,Aqua,MODIS,24,6.2,301.8,9.4,D,0
-15.6183,143.8203,341.2,1.3,1.1,2014-12-19,0423,Aqua,MODIS,86,6.2,304.5,36,D,0
-15.6202,143.8083,333.7,1.3,1.1,2014-12-19,0423,Aqua,MODIS,71,6.2,303.3,22.2,D,0
-15.6222,143.7962,325.9,1.3,1.1,2014-12-19,0423,Aqua,MODIS,29,6.2,303.1,12,D,0
-15.6081,143.8186,349.1,1.3,1.1,2014-12-19,0423,Aqua,MODIS,92,6.2,308.1,56.7,D,0
-15.6101,143.8065,367.5,1.3,1.1,2014-12-19,0423,Aqua,MODIS,100,6.2,307.2,130.5,D,0
-15.6121,143.7945,356,1.3,1.1,2014-12-19,0423,Aqua,MODIS,97,6.2,303.9,89.7,D,0
-15.61,143.8121,356,1.3,1.1,2014-12-19,0423,Aqua,MODIS,97,6.2,307.9,79.7,D,0
-15.6119,143.8,346.4,1.3,1.1,2014-12-19,0423,Aqua,MODIS,91,6.2,304.2,51.4,D,0
-15.6137,143.7879,337.4,1.3,1.1,2014-12-19,0423,Aqua,MODIS,78,6.2,304,33.1,D,0
-15.5998,143.8103,345.9,1.3,1.1,2014-12-19,0423,Aqua,MODIS,90,6.2,307.4,47.7,D,0
-15.6017,143.7982,330.1,1.3,1.1,2014-12-19,0423,Aqua,MODIS,37,6.2,304.6,11.9,D,0
-15.5815,143.7946,330.5,1.3,1.1,2014-12-19,0423,Aqua,MODIS,67,6.2,306.9,14.3,D,0
-15.2245,143.9217,342.5,1.3,1.1,2014-12-19,0423,Aqua,MODIS,75,6.2,305.6,44.8,D,0
-15.2214,143.9281,342.4,1.3,1.1,2014-12-19,0423,Aqua,MODIS,60,6.2,305.1,41.8,D,0
-15.3593,144.3433,330.9,1.4,1.2,2014-12-19,0423,Aqua,MODIS,65,6.2,309.2,15.4,D,0
-15.3591,144.4108,335.5,1.4,1.2,2014-12-19,0423,Aqua,MODIS,76,6.2,307.7,23.9,D,0
-15.6041,143.6519,343.1,1.3,1.1,2014-12-19,0423,Aqua,MODIS,88,6.2,301,48.6,D,0
-15.2337,143.9175,359,1.3,1.1,2014-12-19,0423,Aqua,MODIS,99,6.2,305.9,102.2,D,0
-15.3612,144.3976,334.2,1.4,1.2,2014-12-19,0423,Aqua,MODIS,68,6.2,308.2,20.4,D,0
-15.5978,143.6266,332.1,1.3,1.1,2014-12-19,0423,Aqua,MODIS,67,6.2,301.2,26.2,D,0
-15.6059,143.6401,331.3,1.3,1.1,2014-12-19,0423,Aqua,MODIS,28,6.2,300.6,23,D,0
-16.9691,138.1028,325.5,1.2,1.1,2014-12-19,0423,Aqua,MODIS,54,6.2,301.4,12.1,D,0
-15.244,143.9193,360.5,1.3,1.1,2014-12-19,0423,Aqua,MODIS,100,6.2,307.6,108,D,0
-15.5996,143.6148,324.9,1.3,1.1,2014-12-19,0423,Aqua,MODIS,33,6.2,300.1,15.3,D,0
-15.6135,143.3342,350.8,1.2,1.1,2014-12-19,0423,Aqua,MODIS,94,6.2,301.8,63.7,D,0
-15.6117,143.3455,340.3,1.2,1.1,2014-12-19,0423,Aqua,MODIS,85,6.2,302.9,36.9,D,0
-16.9706,138.0918,341,1.2,1.1,2014-12-19,0423,Aqua,MODIS,86,6.2,303.1,39.8,D,0
-16.9182,137.96,345.3,1.2,1.1,2014-12-19,0423,Aqua,MODIS,81,6.2,301.3,53.2,D,0
-16.9161,137.9655,333.5,1.2,1.1,2014-12-19,0423,Aqua,MODIS,71,6.2,301.8,22.6,D,0
-16.9176,137.9543,337.5,1.2,1.1,2014-12-19,0423,Aqua,MODIS,78,6.2,300.9,29.7,D,0
-16.9049,137.9752,328.2,1.2,1.1,2014-12-19,0423,Aqua,MODIS,39,6.2,303.7,15.4,D,0
-16.9063,137.9641,329.7,1.2,1.1,2014-12-19,0423,Aqua,MODIS,44,6.2,303.5,16.9,D,0
-15.6216,143.3472,334,1.2,1.1,2014-12-19,0423,Aqua,MODIS,78,6.2,303.5,23.6,D,0
-15.6812,143.4927,327.1,1.2,1.1,2014-12-19,0423,Aqua,MODIS,60,6.2,300.6,16.6,D,0
-15.6036,143.3326,330.1,1.2,1.1,2014-12-19,0423,Aqua,MODIS,71,6.2,302.6,16.4,D,0
-15.2167,132.4517,324.6,2.8,1.6,2014-12-19,0423,Aqua,MODIS,61,6.2,297,38,D,0
-14.954,132.7858,320.6,2.6,1.5,2014-12-19,0423,Aqua,MODIS,33,6.2,289,53.6,D,0
-14.1319,131.2259,311.2,3.3,1.7,2014-12-19,0424,Aqua,MODIS,19,6.2,284.2,34.8,D,0
-13.6073,135.1829,321.8,1.6,1.3,2014-12-19,0424,Aqua,MODIS,53,6.2,281.8,22.2,D,0
-13.6057,135.1877,320.1,1.6,1.3,2014-12-19,0424,Aqua,MODIS,20,6.2,282.3,15.8,D,0
-12.0599,141.9626,324.8,1.1,1.1,2014-12-19,0424,Aqua,MODIS,57,6.2,306.7,14.6,D,0
-12.1265,142.595,336.3,1.2,1.1,2014-12-19,0424,Aqua,MODIS,74,6.2,309.1,31.7,D,0
-12.1166,142.5935,330.1,1.2,1.1,2014-12-19,0424,Aqua,MODIS,34,6.2,305,18.8,D,0
-34.8222,116.8321,339.2,1.2,1.1,2014-12-19,0556,Aqua,MODIS,75,6.2,310.3,42.5,D,0
-34.8315,116.931,335.1,1.2,1.1,2014-12-19,0556,Aqua,MODIS,82,6.2,305.2,35.8,D,0
-34.8414,116.9328,333.6,1.2,1.1,2014-12-19,0556,Aqua,MODIS,65,6.2,305.7,30.6,D,0
-34.9112,117.2105,325.2,1.2,1.1,2014-12-19,0556,Aqua,MODIS,62,6.2,309.9,16.9,D,0
-34.9014,117.2087,321.5,1.2,1.1,2014-12-19,0556,Aqua,MODIS,14,6.2,308.7,11.2,D,0
-34.8175,116.8738,320.7,1.2,1.1,2014-12-19,0556,Aqua,MODIS,43,6.2,304.4,12.7,D,0
-34.819,116.8605,333.3,1.2,1.1,2014-12-19,0556,Aqua,MODIS,66,6.2,301.5,29.7,D,0
-34.9586,117.1505,321.5,1.2,1.1,2014-12-19,0556,Aqua,MODIS,65,6.2,301.9,15.6,D,0
-34.957,117.1639,339.4,1.2,1.1,2014-12-19,0556,Aqua,MODIS,88,6.2,306.1,45.5,D,0
-34.8194,116.8688,328.4,1.2,1.1,2014-12-19,0556,Aqua,MODIS,74,6.2,303.7,25.1,D,0
-34.8227,116.8409,339.3,1.2,1.1,2014-12-19,0556,Aqua,MODIS,86,6.2,304.8,43.9,D,0
-32.073,115.8962,330.2,1.3,1.1,2014-12-19,0557,Aqua,MODIS,20,6.2,311.8,10.2,D,0
-32.0699,115.9236,330.6,1.3,1.1,2014-12-19,0557,Aqua,MODIS,30,6.2,312.6,9.6,D,2
-32.2121,115.8176,337.2,1.3,1.1,2014-12-19,0557,Aqua,MODIS,75,6.2,312.4,30.1,D,0
-32.2501,115.8518,350.9,1.3,1.1,2014-12-19,0557,Aqua,MODIS,93,6.2,315.1,65.9,D,0
-32.0714,115.9099,332.1,1.3,1.1,2014-12-19,0557,Aqua,MODIS,58,6.2,310.8,13.6,D,0
-34.3553,116.5782,334,1.3,1.1,2014-12-19,0557,Aqua,MODIS,63,6.2,314.9,23.2,D,0
-34.3452,116.5764,334.5,1.3,1.1,2014-12-19,0557,Aqua,MODIS,40,6.2,314.4,21,D,0
-34.3483,116.5488,371.5,1.3,1.1,2014-12-19,0557,Aqua,MODIS,100,6.2,318.4,145.1,D,0
-34.3468,116.5626,345.2,1.3,1.1,2014-12-19,0557,Aqua,MODIS,89,6.2,314.4,45.9,D,0
-34.3499,116.5351,362.5,1.3,1.1,2014-12-19,0557,Aqua,MODIS,100,6.2,318.6,109.4,D,0
-34.3655,116.5797,333.6,1.3,1.1,2014-12-19,0557,Aqua,MODIS,44,6.2,317.9,24.6,D,0
-28.3212,124.5021,344.6,1.7,1.3,2014-12-19,0558,Aqua,MODIS,86,6.2,316,51.6,D,0
-27.9441,124.5332,342.7,1.8,1.3,2014-12-19,0558,Aqua,MODIS,64,6.2,315.5,38.6,D,0
-27.9558,124.536,339.5,1.8,1.3,2014-12-19,0558,Aqua,MODIS,47,6.2,306.8,30.6,D,0
-28.3264,124.498,345,1.7,1.3,2014-12-19,0558,Aqua,MODIS,87,6.2,315.3,52.1,D,0
-27.9472,124.5468,341.7,1.8,1.3,2014-12-19,0558,Aqua,MODIS,65,6.2,313.8,32.7,D,0
-27.417,119.2233,359.4,1,1,2014-12-19,0558,Aqua,MODIS,99,6.2,317.4,60.3,D,0
-28.3327,124.5049,347.1,1.7,1.3,2014-12-19,0558,Aqua,MODIS,89,6.2,309.8,64.5,D,0
-28.336,124.4875,344.7,1.7,1.3,2014-12-19,0558,Aqua,MODIS,86,6.2,311.8,54.4,D,0
-27.4155,119.2335,335.9,1,1,2014-12-19,0558,Aqua,MODIS,76,6.2,315,12.2,D,0
-27.9504,124.529,341.5,1.8,1.3,2014-12-19,0558,Aqua,MODIS,74,6.2,311.5,28.2,D,0
-27.9371,124.4703,340.6,1.8,1.3,2014-12-19,0558,Aqua,MODIS,62,6.2,316.2,34.1,D,0
-27.6032,119.2712,366.6,1,1,2014-12-19,0558,Aqua,MODIS,100,6.2,316.9,87,D,0
-27.4004,119.2097,341.1,1,1,2014-12-19,0558,Aqua,MODIS,83,6.2,315.3,19.2,D,0
-27.4095,119.2114,349.5,1,1,2014-12-19,0558,Aqua,MODIS,92,6.2,318.5,35.5,D,0
-27.6017,119.2814,344.6,1,1,2014-12-19,0558,Aqua,MODIS,89,6.2,311.4,32.3,D,0
-27.408,119.2216,341.9,1,1,2014-12-19,0558,Aqua,MODIS,84,6.2,317.1,21.1,D,0
-28.3232,124.5154,339,1.7,1.3,2014-12-19,0558,Aqua,MODIS,72,6.2,313.1,27.6,D,0
-27.4185,119.2131,335.2,1,1,2014-12-19,0558,Aqua,MODIS,69,6.2,314.3,10.6,D,0
-27.411,119.2012,355.3,1,1,2014-12-19,0558,Aqua,MODIS,96,6.2,317.7,49.6,D,0
-28.2477,122.49,338.8,1.3,1.1,2014-12-19,0558,Aqua,MODIS,73,6.2,313.5,21.2,D,0
-28.2375,122.4877,405.7,1.3,1.1,2014-12-19,0558,Aqua,MODIS,100,6.2,321.7,387.5,D,0
-28.2398,122.4745,344.1,1.3,1.1,2014-12-19,0558,Aqua,MODIS,85,6.2,314.7,35.2,D,0
-28.2329,122.5143,347.5,1.3,1.1,2014-12-19,0558,Aqua,MODIS,89,6.2,310.1,41.2,D,0
-28.2352,122.501,417.8,1.3,1.1,2014-12-19,0558,Aqua,MODIS,100,6.2,319.8,517.8,D,0
-28.2227,122.512,358.1,1.3,1.1,2014-12-19,0558,Aqua,MODIS,98,6.2,313.2,78.3,D,0
-28.2251,122.4987,392.4,1.3,1.1,2014-12-19,0558,Aqua,MODIS,100,6.2,321.2,271.8,D,0
-28.2274,122.4854,337.7,1.3,1.1,2014-12-19,0558,Aqua,MODIS,73,6.2,314.4,18.2,D,0
-28.286,122.5123,369.4,1.3,1.1,2014-12-19,0558,Aqua,MODIS,94,6.2,306.5,135.4,D,0
-28.269,122.5501,349.4,1.3,1.1,2014-12-19,0558,Aqua,MODIS,91,6.2,314.8,49.7,D,0
-28.2713,122.5367,373.4,1.3,1.1,2014-12-19,0558,Aqua,MODIS,100,6.2,318.1,150.9,D,0
-28.2736,122.5234,409,1.3,1.1,2014-12-19,0558,Aqua,MODIS,100,6.2,323.7,425.1,D,0
-28.2759,122.5101,387.9,1.3,1.1,2014-12-19,0558,Aqua,MODIS,100,6.2,318.1,241.4,D,0
-28.2565,122.5612,344.9,1.3,1.1,2014-12-19,0558,Aqua,MODIS,86,6.2,314.5,35.5,D,0
-28.2588,122.5478,360.1,1.3,1.1,2014-12-19,0558,Aqua,MODIS,100,6.2,317.6,86.4,D,0
-28.2611,122.5345,369.9,1.3,1.1,2014-12-19,0558,Aqua,MODIS,100,6.2,319.2,130,D,0
-28.2634,122.5212,357.6,1.3,1.1,2014-12-19,0558,Aqua,MODIS,98,6.2,316.1,76.8,D,0
-28.244,122.5723,338.4,1.3,1.1,2014-12-19,0558,Aqua,MODIS,77,6.2,314.7,18.3,D,0
-28.2454,122.5033,338.2,1.3,1.1,2014-12-19,0558,Aqua,MODIS,71,6.2,313.5,18.5,D,0
-23.2814,119.5142,345.5,1.1,1,2014-12-19,0559,Aqua,MODIS,87,6.2,317.6,27.3,D,0
-23.3636,119.4598,379.9,1.1,1,2014-12-19,0559,Aqua,MODIS,100,6.2,320.1,136.9,D,0
-23.3653,119.4492,364.3,1.1,1,2014-12-19,0559,Aqua,MODIS,100,6.2,319.9,73.9,D,0
-23.3568,119.4628,351,1.1,1,2014-12-19,0559,Aqua,MODIS,93,6.2,317.5,38.6,D,0
-23.3585,119.4523,377.7,1.1,1,2014-12-19,0559,Aqua,MODIS,100,6.2,323.7,127.2,D,0
-23.3475,119.4611,347.2,1.1,1,2014-12-19,0559,Aqua,MODIS,86,6.2,317.7,29,D,0
-23.3491,119.4505,368.6,1.1,1,2014-12-19,0559,Aqua,MODIS,100,6.2,323,90.1,D,0
-23.3382,119.4593,348.3,1.1,1,2014-12-19,0559,Aqua,MODIS,89,6.2,318.2,29.4,D,0
-23.3398,119.4488,352.9,1.1,1,2014-12-19,0559,Aqua,MODIS,94,6.2,320.9,38.5,D,0
-23.3288,119.4576,366.9,1.1,1,2014-12-19,0559,Aqua,MODIS,100,6.2,319.2,83.7,D,0
-23.3305,119.447,372.9,1.1,1,2014-12-19,0559,Aqua,MODIS,100,6.2,322.6,104.4,D,0
-23.3211,119.4452,351.1,1.1,1,2014-12-19,0559,Aqua,MODIS,93,6.2,320.1,34.8,D,0
-23.3118,119.4435,341.6,1.1,1,2014-12-19,0559,Aqua,MODIS,76,6.2,319.8,12.6,D,0
-23.2797,119.5248,344.2,1.1,1,2014-12-19,0559,Aqua,MODIS,86,6.2,316.7,24.9,D,0
-25.3461,123.8977,356,1.8,1.3,2014-12-19,0559,Aqua,MODIS,97,6.2,308.6,136.9,D,0
-23.4535,122.0713,356.4,1.5,1.2,2014-12-19,0559,Aqua,MODIS,97,6.2,316.6,88.3,D,0
-23.456,122.0568,357.4,1.5,1.2,2014-12-19,0559,Aqua,MODIS,98,6.2,318,93.2,D,0
-23.4377,122.0981,350.4,1.5,1.2,2014-12-19,0559,Aqua,MODIS,92,6.2,316.2,58.6,D,0
-23.4402,122.0835,355.7,1.5,1.2,2014-12-19,0559,Aqua,MODIS,96,6.2,318,81.7,D,0
-23.4427,122.069,345,1.5,1.2,2014-12-19,0559,Aqua,MODIS,87,6.2,318.9,41.1,D,0
-23.4452,122.0546,347.3,1.5,1.2,2014-12-19,0559,Aqua,MODIS,89,6.2,318.3,49.5,D,0
-23.4269,122.0958,375.2,1.5,1.2,2014-12-19,0559,Aqua,MODIS,100,6.2,317,183.3,D,0
-23.4294,122.0812,367.4,1.5,1.2,2014-12-19,0559,Aqua,MODIS,100,6.2,319.9,137.3,D,0
-23.432,122.0667,341.6,1.5,1.2,2014-12-19,0559,Aqua,MODIS,74,6.2,319.5,27.5,D,0
-23.4212,122.0645,343.1,1.5,1.2,2014-12-19,0559,Aqua,MODIS,84,6.2,319.6,29,D,0
-23.4104,122.0623,342.9,1.5,1.2,2014-12-19,0559,Aqua,MODIS,77,6.2,319.7,27.4,D,0
-23.451,122.0858,343.4,1.5,1.2,2014-12-19,0559,Aqua,MODIS,85,6.2,316,38,D,0
-23.4255,121.9761,345.8,1.5,1.2,2014-12-19,0559,Aqua,MODIS,84,6.2,319.6,35.4,D,0
-23.423,121.9904,340.5,1.5,1.2,2014-12-19,0559,Aqua,MODIS,66,6.2,317.8,20.2,D,0
-23.4129,122.0478,340.5,1.5,1.2,2014-12-19,0559,Aqua,MODIS,75,6.2,317.1,21.2,D,0
-23.4362,121.9783,355.2,1.5,1.2,2014-12-19,0559,Aqua,MODIS,96,6.2,319.4,67.1,D,0
-23.4337,121.9926,340.9,1.5,1.2,2014-12-19,0559,Aqua,MODIS,71,6.2,317.8,20.5,D,0
-23.4237,122.0501,345.3,1.5,1.2,2014-12-19,0559,Aqua,MODIS,87,6.2,317.7,36.7,D,0
-23.4445,121.9948,354.8,1.5,1.2,2014-12-19,0559,Aqua,MODIS,96,6.2,318.7,71.2,D,0
-23.442,122.0092,365.4,1.5,1.2,2014-12-19,0559,Aqua,MODIS,100,6.2,320.1,124.6,D,0
-23.4345,122.0523,344.4,1.5,1.2,2014-12-19,0559,Aqua,MODIS,86,6.2,318,34.5,D,0
-23.4651,121.94,357.5,1.5,1.2,2014-12-19,0559,Aqua,MODIS,98,6.2,318.6,78.9,D,0
-23.4626,121.9542,358.9,1.5,1.2,2014-12-19,0559,Aqua,MODIS,99,6.2,318.7,84.8,D,0
-23.4601,121.9685,352.1,1.5,1.2,2014-12-19,0559,Aqua,MODIS,94,6.2,318.9,56.7,D,0
-25.2841,122.1699,347.2,1.4,1.2,2014-12-19,0559,Aqua,MODIS,79,6.2,313.9,43.1,D,0
-25.276,122.1538,370.1,1.4,1.2,2014-12-19,0559,Aqua,MODIS,100,6.2,316.2,135.3,D,0
-25.2784,122.14,364.6,1.4,1.2,2014-12-19,0559,Aqua,MODIS,100,6.2,317.6,104.2,D,0
-23.4577,121.9827,358.7,1.5,1.2,2014-12-19,0559,Aqua,MODIS,99,6.2,320.1,88.8,D,0
-23.4552,121.997,357.9,1.5,1.2,2014-12-19,0559,Aqua,MODIS,98,6.2,317.3,90.4,D,0
-23.4527,122.0114,376.5,1.5,1.2,2014-12-19,0559,Aqua,MODIS,100,6.2,319.5,194.6,D,0
-23.4502,122.0257,346.6,1.5,1.2,2014-12-19,0559,Aqua,MODIS,88,6.2,316.3,46,D,0
-23.4659,121.9993,336.6,1.5,1.2,2014-12-19,0559,Aqua,MODIS,28,6.2,314.9,16.8,D,0
-23.3763,122.1916,340.5,1.5,1.2,2014-12-19,0559,Aqua,MODIS,66,6.2,316.7,26.3,D,0
-23.3789,122.1769,343.4,1.5,1.2,2014-12-19,0559,Aqua,MODIS,78,6.2,319.1,30.3,D,0
-23.368,122.1746,346,1.5,1.2,2014-12-19,0559,Aqua,MODIS,81,6.2,318.7,36.6,D,0
-23.3707,122.1599,342,1.5,1.2,2014-12-19,0559,Aqua,MODIS,61,6.2,319,24,D,0
-23.3677,122.1686,343.7,1.5,1.2,2014-12-19,0559,Aqua,MODIS,71,6.2,319,29,D,0
-23.3702,122.1539,343.7,1.5,1.2,2014-12-19,0559,Aqua,MODIS,77,6.2,318.6,31.1,D,0
-23.3492,122.2107,363.3,1.5,1.2,2014-12-19,0559,Aqua,MODIS,100,6.2,317.5,123.8,D,0
-23.3594,122.1516,356.1,1.5,1.2,2014-12-19,0559,Aqua,MODIS,97,6.2,319,79.6,D,0
-23.3383,122.2084,373.2,1.5,1.2,2014-12-19,0559,Aqua,MODIS,100,6.2,318.6,181.7,D,0
-23.3408,122.1936,345.6,1.5,1.2,2014-12-19,0559,Aqua,MODIS,83,6.2,319,41.3,D,0
-23.346,122.164,345.1,1.5,1.2,2014-12-19,0559,Aqua,MODIS,87,6.2,318.2,37,D,0
-23.3274,122.2061,337.2,1.5,1.2,2014-12-19,0559,Aqua,MODIS,31,6.2,314.3,17.6,D,0
-23.33,122.1913,342.9,1.5,1.2,2014-12-19,0559,Aqua,MODIS,78,6.2,315.7,33.6,D,0
-25.2712,122.1815,361.8,1.4,1.2,2014-12-19,0559,Aqua,MODIS,100,6.2,316.3,100.1,D,0
-25.2736,122.1676,359.6,1.4,1.2,2014-12-19,0559,Aqua,MODIS,99,6.2,314.5,87.1,D,0
-25.3959,123.9349,343.6,1.8,1.3,2014-12-19,0559,Aqua,MODIS,85,6.2,308.8,74,D,0
-23.3686,119.4281,343,1.1,1,2014-12-19,0559,Aqua,MODIS,72,6.2,319,16.3,D,0
-23.3703,119.4175,354.2,1.1,1,2014-12-19,0559,Aqua,MODIS,95,6.2,320.5,43.6,D,0
-23.3233,119.3696,340.8,1.1,1,2014-12-19,0559,Aqua,MODIS,80,6.2,318.8,12,D,0
-23.2778,119.2582,340.8,1.1,1,2014-12-19,0600,Aqua,MODIS,76,6.2,318.2,12.2,D,0
-23.2887,119.2495,363.4,1.1,1,2014-12-19,0600,Aqua,MODIS,100,6.2,323.2,69,D,0
-23.2964,119.2616,348.7,1.1,1,2014-12-19,0600,Aqua,MODIS,67,6.2,318.4,27.4,D,0
-23.2839,119.2809,342.3,1.1,1,2014-12-19,0600,Aqua,MODIS,83,6.2,319.8,15.5,D,0
-23.298,119.2512,352.8,1.1,1,2014-12-19,0600,Aqua,MODIS,71,6.2,320.4,38,D,0
-23.2871,119.2599,367.2,1.1,1,2014-12-19,0600,Aqua,MODIS,100,6.2,320.3,81,D,0
-20.9263,118.6,350.4,1.1,1,2014-12-19,0600,Aqua,MODIS,92,6.2,320.8,32.6,D,0
-20.3521,118.3203,335.5,1.1,1,2014-12-19,0600,Aqua,MODIS,53,6.2,314.8,21.2,D,0
-20.9171,118.5984,341.3,1.1,1,2014-12-19,0600,Aqua,MODIS,82,6.2,319.5,12.4,D,0
-22.7853,115.1041,385.6,1.1,1.1,2014-12-19,0600,Aqua,MODIS,100,6.2,325,171,D,0
-22.2597,120.3816,358.4,1.2,1.1,2014-12-19,0600,Aqua,MODIS,98,6.2,320.8,66.5,D,0
-22.2804,120.191,341.3,1.2,1.1,2014-12-19,0600,Aqua,MODIS,82,6.2,320.8,16.7,D,0
-22.2497,120.3797,352.7,1.2,1.1,2014-12-19,0600,Aqua,MODIS,94,6.2,321.7,46.7,D,0
-22.7883,115.1102,356.9,1.1,1.1,2014-12-19,0600,Aqua,MODIS,97,6.2,320.7,53.7,D,0
-23.2254,119.227,343.7,1.1,1,2014-12-19,0600,Aqua,MODIS,85,6.2,320.6,18.6,D,0
-23.2568,119.1473,344.4,1.1,1,2014-12-19,0600,Aqua,MODIS,86,6.2,317.6,18.5,D,0
-23.2552,119.1575,343.3,1.1,1,2014-12-19,0600,Aqua,MODIS,85,6.2,316.2,15.9,D,0
-23.246,119.1558,341.3,1.1,1,2014-12-19,0600,Aqua,MODIS,81,6.2,318.2,11.6,D,0
-23.227,119.2166,343.5,1.1,1,2014-12-19,0600,Aqua,MODIS,85,6.2,320.4,18.5,D,0
-15.8529,124.7469,322.9,3.3,1.7,2014-12-19,0601,Aqua,MODIS,76,6.2,295.3,52.1,D,0
-33.0085,137.5911,301.7,1,1,2014-12-19,1343,Terra,MODIS,43,6.2,290.5,4.6,N,2
-18.2182,141.9539,307.4,3,1.7,2014-12-19,1347,Terra,MODIS,71,6.2,292.9,21.2,N,0
-18.2191,141.9488,308.2,3,1.7,2014-12-19,1347,Terra,MODIS,72,6.2,292.9,24.1,N,0
-18.6166,132.3523,303.5,1,1,2014-12-19,1347,Terra,MODIS,55,6.2,279.4,5.1,N,0
-12.7521,133.0588,307.2,1,1,2014-12-19,1349,Terra,MODIS,66,6.2,290.8,5,N,0
-21.4386,148.3742,303,1.3,1.1,2014-12-19,1516,Aqua,MODIS,53,6.2,291.9,6.2,N,0
-27.2292,150.8611,302.8,1,1,2014-12-19,1517,Aqua,MODIS,52,6.2,291.3,5.9,N,0
-29.2595,149.4649,307.2,1,1,2014-12-19,1518,Aqua,MODIS,71,6.2,289.2,9.1,N,0
-31.8531,116.0657,310.3,1.3,1.1,2014-12-19,1522,Terra,MODIS,80,6.2,294.1,13,N,0
-32.8973,116.3862,308.2,1.3,1.1,2014-12-19,1522,Terra,MODIS,74,6.2,291.8,11.5,N,0
-31.8633,116.0684,328,1.3,1.1,2014-12-19,1522,Terra,MODIS,100,6.2,294.4,38.6,N,0
-32.8948,116.4006,312.4,1.3,1.1,2014-12-19,1522,Terra,MODIS,85,6.2,291.4,16.1,N,0
-32.8871,116.3839,318.9,1.3,1.1,2014-12-19,1522,Terra,MODIS,98,6.2,291.4,24,N,0
-32.8845,116.3981,310.3,1.3,1.1,2014-12-19,1522,Terra,MODIS,80,6.2,291.3,13.1,N,0
-32.2016,115.8417,304.1,1.3,1.1,2014-12-19,1522,Terra,MODIS,59,6.2,293.5,6.5,N,0
-23.2838,119.2614,311.4,3.3,1.7,2014-12-19,1524,Terra,MODIS,75,6.2,293.6,40.2,N,0
-23.2792,119.2672,316.7,3.3,1.7,2014-12-19,1524,Terra,MODIS,92,6.2,293.9,62.7,N,0
-23.238,119.4598,305.2,3.4,1.7,2014-12-19,1524,Terra,MODIS,21,6.2,292.3,22.2,N,0
-23.2285,119.4506,307.8,3.4,1.7,2014-12-19,1524,Terra,MODIS,36,6.2,291.9,37.9,N,0
-23.2686,119.2576,308.3,3.3,1.7,2014-12-19,1524,Terra,MODIS,60,6.2,293.4,28.7,N,0
-19.0315,133.5106,304.7,1.9,1.4,2014-12-19,1654,Aqua,MODIS,61,6.2,294.1,10.9,N,0
-23.285,119.286,307.2,2.3,1.5,2014-12-19,1655,Aqua,MODIS,66,6.2,294,16.5,N,0
-23.4416,121.9382,308.8,1.5,1.2,2014-12-19,1655,Aqua,MODIS,61,6.2,280.8,21.6,N,0
-23.2678,119.2672,310.2,2.3,1.5,2014-12-19,1655,Aqua,MODIS,77,6.2,294.1,24.2,N,0
-23.2721,119.2891,307.9,2.3,1.5,2014-12-19,1655,Aqua,MODIS,51,6.2,294.3,18.9,N,0
-32.8868,116.3884,302.2,2.2,1.4,2014-12-19,1658,Aqua,MODIS,48,6.2,290.6,14.6,N,0
-32.8916,116.4109,304.7,2.2,1.4,2014-12-19,1658,Aqua,MODIS,61,6.2,290.4,18.7,N,0
-32.8902,116.3947,303.9,2.2,1.4,2014-12-19,1658,Aqua,MODIS,36,6.2,290.6,15.4,N,0
-13.2392,142.6095,312.9,1.3,1.1,2014-12-20,0039,Terra,MODIS,44,6.2,279.4,9.2,D,0
-15.2338,143.9017,334.1,1.1,1,2014-12-20,0039,Terra,MODIS,79,6.2,288.1,27.9,D,0
-15.2353,143.9115,327.7,1.1,1,2014-12-20,0039,Terra,MODIS,76,6.2,289.4,17.9,D,0
-15.243,143.9003,332.9,1.1,1,2014-12-20,0039,Terra,MODIS,78,6.2,289.7,25.3,D,0
-15.2522,143.8988,331.3,1.1,1,2014-12-20,0039,Terra,MODIS,70,6.2,291.9,22.4,D,0
-15.1262,143.9249,330.9,1.1,1,2014-12-20,0039,Terra,MODIS,60,6.2,287.3,22.3,D,0
-15.3124,145.1532,331.1,1,1,2014-12-20,0039,Terra,MODIS,69,6.2,305.2,17.4,D,0
-15.2122,143.9452,323.1,1.1,1,2014-12-20,0039,Terra,MODIS,42,6.2,293.9,9.6,D,0
-13.2374,142.5978,345.8,1.3,1.1,2014-12-20,0039,Terra,MODIS,93,6.2,285.4,69.6,D,0
-13.2474,142.5961,332.5,1.3,1.1,2014-12-20,0039,Terra,MODIS,85,6.2,284.5,37.7,D,0
-15.3884,145.2301,330,1,1,2014-12-20,0039,Terra,MODIS,76,6.2,304.5,17.5,D,0
-14.8029,134.506,320.5,4.7,2,2014-12-20,0040,Terra,MODIS,59,6.2,290.4,57.8,D,0
-14.8041,134.5111,320.7,4.7,2,2014-12-20,0040,Terra,MODIS,57,6.2,290.8,58,D,0
-14.7864,134.5143,320.4,4.7,2,2014-12-20,0040,Terra,MODIS,56,6.2,291.3,50.5,D,0
-16.2234,137.0825,327.1,2.8,1.6,2014-12-20,0040,Terra,MODIS,60,6.2,296.1,49.1,D,0
-18.3859,143.9679,339.4,1,1,2014-12-20,0040,Terra,MODIS,83,6.2,308.9,25.1,D,0
-18.2018,138.7999,336.6,1.9,1.4,2014-12-20,0040,Terra,MODIS,80,6.2,304,52.6,D,0
-18.2056,138.7932,354.2,1.9,1.4,2014-12-20,0040,Terra,MODIS,96,6.2,303.8,140.8,D,0
-18.2177,138.7909,373.9,1.9,1.4,2014-12-20,0040,Terra,MODIS,100,6.2,300.4,290.9,D,0
-18.2209,138.8088,333.9,1.9,1.3,2014-12-20,0040,Terra,MODIS,26,6.2,304.1,40.6,D,0
-18.2329,138.8064,340.8,1.9,1.3,2014-12-20,0040,Terra,MODIS,85,6.2,301.8,69.6,D,0
-17.8818,141.9144,333.3,1.2,1.1,2014-12-20,0040,Terra,MODIS,75,6.2,305.5,18.7,D,0
-17.8916,141.9126,331.8,1.2,1.1,2014-12-20,0040,Terra,MODIS,73,6.2,305,15.7,D,0
-20.5613,148.3936,312,1.4,1.2,2014-12-20,0040,Terra,MODIS,36,6.2,295,11.6,D,0
-18.3949,143.9664,370.1,1,1,2014-12-20,0040,Terra,MODIS,100,6.2,306.4,102.5,D,0
-18.3935,143.9569,343.6,1,1,2014-12-20,0040,Terra,MODIS,83,6.2,303,35.9,D,0
-18.3906,143.9378,325.1,1,1,2014-12-20,0040,Terra,MODIS,39,6.2,303,9.9,D,0
-18.3964,143.9759,357.6,1,1,2014-12-20,0040,Terra,MODIS,98,6.2,309.3,65.2,D,0
-18.3978,143.9854,336.4,1,1,2014-12-20,0040,Terra,MODIS,80,6.2,307.9,22.3,D,0
-18.4069,143.9873,341.7,1,1,2014-12-20,0040,Terra,MODIS,87,6.2,306.2,33.2,D,0
-18.4055,143.9778,369.3,1,1,2014-12-20,0040,Terra,MODIS,100,6.2,308.3,102.8,D,0
-18.404,143.9683,342.5,1,1,2014-12-20,0040,Terra,MODIS,88,6.2,302.3,36.1,D,0
-16.2253,137.076,326.3,2.8,1.6,2014-12-20,0040,Terra,MODIS,61,6.2,296.2,47.9,D,0
-18.3845,143.9584,339.1,1,1,2014-12-20,0040,Terra,MODIS,80,6.2,307.9,26.1,D,0
-17.387,144.8006,323.8,1,1,2014-12-20,0040,Terra,MODIS,33,6.2,303.3,7.2,D,0
-18.3816,143.9393,326.1,1,1,2014-12-20,0040,Terra,MODIS,42,6.2,305.2,10.1,D,0
-17.2535,137.9865,323.3,2.3,1.5,2014-12-20,0040,Terra,MODIS,32,6.2,295.2,21.5,D,0
-24.0448,151.178,327,2.5,1.5,2014-12-20,0041,Terra,MODIS,76,6.2,302.1,59.2,D,0
-24.0504,151.1708,324.6,2.5,1.5,2014-12-20,0041,Terra,MODIS,72,6.2,302.4,48.8,D,0
-19.0406,133.4877,325.1,4.5,2,2014-12-20,0041,Terra,MODIS,33,6.2,301,87.4,D,0
-21.5229,148.309,327.9,1.5,1.2,2014-12-20,0041,Terra,MODIS,73,6.2,307.8,19.6,D,0
-19.8458,138.6663,331.6,1.8,1.3,2014-12-20,0041,Terra,MODIS,59,6.2,307.4,27,D,0
-21.8614,149.4333,320.4,1.8,1.3,2014-12-20,0041,Terra,MODIS,28,6.2,306.8,15.5,D,0
-21.6088,148.8359,334.8,1.6,1.2,2014-12-20,0041,Terra,MODIS,82,6.2,310.1,38.4,D,0
-21.6069,148.8205,348.6,1.6,1.2,2014-12-20,0041,Terra,MODIS,93,6.2,311.4,85.5,D,0
-21.62,148.8345,325.7,1.6,1.2,2014-12-20,0041,Terra,MODIS,67,6.2,309.1,15.8,D,0
-21.6193,148.8283,327.5,1.6,1.2,2014-12-20,0041,Terra,MODIS,71,6.2,309.1,19.9,D,0
-19.8427,138.6492,347.5,1.8,1.3,2014-12-20,0041,Terra,MODIS,91,6.2,307.2,91.8,D,0
-19.837,138.6562,363,1.8,1.3,2014-12-20,0041,Terra,MODIS,100,6.2,309.3,185.8,D,0
-19.8309,138.6515,338.7,1.8,1.3,2014-12-20,0041,Terra,MODIS,81,6.2,308.7,57,D,0
-19.834,138.6389,334.3,1.8,1.3,2014-12-20,0041,Terra,MODIS,72,6.2,307.1,43.3,D,0
-22.3324,149.466,322.9,1.8,1.3,2014-12-20,0041,Terra,MODIS,54,6.2,308.4,19.7,D,0
-23.8705,151.0291,317.5,2.5,1.5,2014-12-20,0041,Terra,MODIS,43,6.2,303.4,20.5,D,0
-19.8401,138.6733,344,1.8,1.3,2014-12-20,0041,Terra,MODIS,87,6.2,307.5,78.2,D,0
-19.834,138.6687,348.8,1.8,1.3,2014-12-20,0041,Terra,MODIS,92,6.2,305.6,99.3,D,0
-23.7544,148.8852,328.5,1.7,1.3,2014-12-20,0041,Terra,MODIS,77,6.2,305.8,29.6,D,0
-23.7562,148.902,324.6,1.7,1.3,2014-12-20,0041,Terra,MODIS,72,6.2,306.1,19.8,D,0
-27.8153,148.7601,347.9,1.9,1.3,2014-12-20,0042,Terra,MODIS,92,6.2,319,93.9,D,0
-27.8134,148.7408,336.3,1.9,1.3,2014-12-20,0042,Terra,MODIS,74,6.2,319.1,41.5,D,0
-27.8275,148.7585,330.7,1.9,1.3,2014-12-20,0042,Terra,MODIS,47,6.2,317.2,21.8,D,0
-28.6662,148.0804,331.4,1.8,1.3,2014-12-20,0043,Terra,MODIS,51,6.2,318.8,19.7,D,0
-28.0496,148.1478,331.5,1.7,1.3,2014-12-20,0043,Terra,MODIS,68,6.2,317.5,21.8,D,0
-28.0477,148.13,330.7,1.7,1.3,2014-12-20,0043,Terra,MODIS,65,6.2,317.8,19.8,D,0
-28.6643,148.0624,331.4,1.8,1.3,2014-12-20,0043,Terra,MODIS,51,6.2,319.3,17.2,D,0
-29.2799,149.4818,339.3,2.2,1.4,2014-12-20,0043,Terra,MODIS,84,6.2,317.1,63.5,D,0
-37.7106,144.8599,318.7,1.5,1.2,2014-12-20,0045,Terra,MODIS,63,6.2,299.4,8.9,D,0
-37.8139,144.7697,320.1,1.4,1.2,2014-12-20,0045,Terra,MODIS,32,6.2,299.5,8.5,D,0
-37.9077,145.2362,312.3,1.5,1.2,2014-12-20,0045,Terra,MODIS,31,6.2,295,7.7,D,0
-37.9473,145.0702,317.1,1.5,1.2,2014-12-20,0045,Terra,MODIS,63,6.2,298.7,10.8,D,0
-36.849,145.5386,324.2,1.6,1.2,2014-12-20,0045,Terra,MODIS,62,6.2,305.8,14.1,D,0
-36.8507,145.5559,321.5,1.6,1.2,2014-12-20,0045,Terra,MODIS,32,6.2,305.7,9.1,D,0
-23.3302,119.5095,335.3,1,1,2014-12-20,0220,Terra,MODIS,54,6.2,308.2,16.3,D,0
-23.3483,119.5066,335.3,1,1,2014-12-20,0220,Terra,MODIS,27,6.2,312.4,14.2,D,0
-23.3469,119.4967,339.1,1,1,2014-12-20,0220,Terra,MODIS,73,6.2,314.1,19.3,D,0
-23.2664,119.2592,386.3,1,1,2014-12-20,0220,Terra,MODIS,100,6.2,321.3,152.4,D,0
-23.265,119.2494,363.5,1,1,2014-12-20,0220,Terra,MODIS,100,6.2,318.3,66.8,D,0
-23.3454,119.4869,334.4,1,1,2014-12-20,0220,Terra,MODIS,34,6.2,315.5,10.9,D,0
-23.3392,119.508,352.6,1,1,2014-12-20,0220,Terra,MODIS,94,6.2,314.7,47.3,D,0
-23.3378,119.4982,361.4,1,1,2014-12-20,0220,Terra,MODIS,100,6.2,316.3,69.2,D,0
-23.2284,119.4417,347,1,1,2014-12-20,0220,Terra,MODIS,89,6.2,317.9,24.4,D,0
-21.7793,123.0618,326.6,1.4,1.2,2014-12-20,0220,Terra,MODIS,68,6.2,281.4,22.8,D,0
-21.7777,123.0487,326.1,1.4,1.2,2014-12-20,0220,Terra,MODIS,67,6.2,280.3,22,D,0
-22.0321,120.543,349.2,1,1,2014-12-20,0220,Terra,MODIS,91,6.2,315.9,37,D,0
-22.167,120.6512,334,1.1,1,2014-12-20,0220,Terra,MODIS,36,6.2,312.8,8.5,D,0
-22.1749,120.6395,342.4,1.1,1,2014-12-20,0220,Terra,MODIS,82,6.2,316.1,21.4,D,0
-22.0751,120.6505,347.4,1.1,1,2014-12-20,0220,Terra,MODIS,89,6.2,314.3,31.5,D,0
-22.0737,120.6403,342.7,1.1,1,2014-12-20,0220,Terra,MODIS,84,6.2,313.9,23.3,D,0
-22.1763,120.6497,336.8,1.1,1,2014-12-20,0220,Terra,MODIS,64,6.2,315.4,12.2,D,0
-22.1855,120.6483,337.3,1.1,1,2014-12-20,0220,Terra,MODIS,70,6.2,315.7,13.2,D,0
-22.7842,115.1212,350.4,1.3,1.1,2014-12-20,0220,Terra,MODIS,92,6.2,314.3,58,D,0
-22.7865,115.1342,352.9,1.3,1.1,2014-12-20,0220,Terra,MODIS,94,6.2,314.1,65.7,D,0
-22.1407,120.6657,349.3,1.1,1,2014-12-20,0220,Terra,MODIS,91,6.2,313.3,38.1,D,0
-22.1393,120.6554,346.6,1.1,1,2014-12-20,0220,Terra,MODIS,88,6.2,313.3,32.8,D,0
-22.1348,120.6725,334.5,1.1,1,2014-12-20,0220,Terra,MODIS,54,6.2,312.1,10.6,D,0
-22.1334,120.6623,371.3,1.1,1,2014-12-20,0220,Terra,MODIS,100,6.2,315,103.8,D,0
-22.132,120.6521,348.5,1.1,1,2014-12-20,0220,Terra,MODIS,90,6.2,313.7,36,D,0
-22.1227,120.6535,337.1,1.1,1,2014-12-20,0220,Terra,MODIS,43,6.2,314.8,13.1,D,0
-22.1135,120.655,342,1.1,1,2014-12-20,0220,Terra,MODIS,80,6.2,313.5,19.4,D,0
-22.1121,120.6448,341.8,1.1,1,2014-12-20,0220,Terra,MODIS,71,6.2,315.4,18.6,D,0
-22.1106,120.6346,339.4,1.1,1,2014-12-20,0220,Terra,MODIS,60,6.2,315.9,15.6,D,0
-22.095,120.6578,340.4,1.1,1,2014-12-20,0220,Terra,MODIS,80,6.2,315.1,17.7,D,0
-22.0858,120.6593,337.7,1.1,1,2014-12-20,0220,Terra,MODIS,63,6.2,315.2,13.1,D,0
-22.0765,120.6607,362.1,1.1,1,2014-12-20,0220,Terra,MODIS,100,6.2,313.4,69.4,D,0
-22.0401,120.652,336.4,1.1,1,2014-12-20,0220,Terra,MODIS,73,6.2,313.3,13.1,D,0
-22.0416,120.6622,339.7,1.1,1,2014-12-20,0220,Terra,MODIS,79,6.2,314.1,18,D,0
-22.0474,120.6548,342.8,1.1,1,2014-12-20,0220,Terra,MODIS,84,6.2,314.2,23.7,D,0
-22.058,120.6636,341.1,1.1,1,2014-12-20,0220,Terra,MODIS,81,6.2,312.9,20.7,D,0
-22.0307,120.5329,343.5,1,1,2014-12-20,0220,Terra,MODIS,85,6.2,314.3,24.7,D,0
-23.4659,121.9311,341,1.2,1.1,2014-12-20,0220,Terra,MODIS,71,6.2,314,20.8,D,0
-23.4267,122.0231,346.6,1.2,1.1,2014-12-20,0220,Terra,MODIS,89,6.2,315.1,40.3,D,0
-23.3675,122.0376,338,1.2,1.1,2014-12-20,0220,Terra,MODIS,84,6.2,312.3,21.9,D,0
-23.3691,122.0498,334.9,1.2,1.1,2014-12-20,0220,Terra,MODIS,72,6.2,310.3,15,D,0
-23.4075,122.0318,342.7,1.2,1.1,2014-12-20,0220,Terra,MODIS,88,6.2,314.9,27.8,D,0
-23.4091,122.044,338.3,1.2,1.1,2014-12-20,0220,Terra,MODIS,54,6.2,312.9,14.7,D,0
-23.4144,122.0061,343.8,1.2,1.1,2014-12-20,0220,Terra,MODIS,83,6.2,315,29.5,D,0
-23.4559,121.9325,342.4,1.2,1.1,2014-12-20,0220,Terra,MODIS,74,6.2,314.9,24.4,D,0
-23.333,119.5292,330.5,1,1,2014-12-20,0220,Terra,MODIS,44,6.2,308.5,11.9,D,0
-22.2695,120.6602,337,1.1,1,2014-12-20,0220,Terra,MODIS,74,6.2,315.4,12.3,D,0
-23.3316,119.5194,349,1,1,2014-12-20,0220,Terra,MODIS,91,6.2,309,42.8,D,0
-23.3406,119.5179,336,1,1,2014-12-20,0220,Terra,MODIS,72,6.2,311.4,18.8,D,0
-23.4197,122.0489,338.9,1.3,1.1,2014-12-20,0220,Terra,MODIS,69,6.2,311.5,15.2,D,0
-23.4251,122.0109,348,1.2,1.1,2014-12-20,0220,Terra,MODIS,92,6.2,314.2,42.1,D,0
-23.4367,122.0216,346.7,1.2,1.1,2014-12-20,0220,Terra,MODIS,90,6.2,311,41.6,D,0
-23.4182,122.0367,344,1.2,1.1,2014-12-20,0220,Terra,MODIS,82,6.2,311.8,29.6,D,0
-23.416,122.0182,345.2,1.2,1.1,2014-12-20,0220,Terra,MODIS,88,6.2,315.7,32.4,D,0
-23.4643,121.919,340.6,1.2,1.1,2014-12-20,0220,Terra,MODIS,74,6.2,313.3,22.6,D,0
-23.4175,122.0303,342,1.2,1.1,2014-12-20,0220,Terra,MODIS,81,6.2,312.9,24.7,D,0
-23.4191,122.0425,346.1,1.2,1.1,2014-12-20,0220,Terra,MODIS,91,6.2,311.2,31.5,D,0
-23.4351,122.0095,352.9,1.2,1.1,2014-12-20,0220,Terra,MODIS,95,6.2,312.1,56.4,D,0
-23.4282,122.0353,342.3,1.2,1.1,2014-12-20,0220,Terra,MODIS,84,6.2,311.7,29.9,D,0
-23.4152,122.0124,347.6,1.2,1.1,2014-12-20,0220,Terra,MODIS,92,6.2,315.6,39.2,D,0
-23.4167,122.0246,341.1,1.2,1.1,2014-12-20,0220,Terra,MODIS,69,6.2,314.6,22.9,D,0
-25.2265,122.2035,345.2,1.3,1.1,2014-12-20,0221,Terra,MODIS,90,6.2,309.8,46,D,0
-25.2098,122.1521,330.6,1.3,1.1,2014-12-20,0221,Terra,MODIS,42,6.2,308.8,12.2,D,0
-25.2543,122.1726,338.5,1.3,1.1,2014-12-20,0221,Terra,MODIS,83,6.2,310.5,26.7,D,0
-25.2576,122.1991,341.4,1.3,1.1,2014-12-20,0221,Terra,MODIS,86,6.2,309.7,35.9,D,0
-25.1086,120.411,334.6,1.1,1,2014-12-20,0221,Terra,MODIS,68,6.2,311.3,15.1,D,0
-25.1194,120.4204,348.2,1.1,1,2014-12-20,0221,Terra,MODIS,90,6.2,311,42,D,0
-25.118,120.4096,368.8,1.1,1,2014-12-20,0221,Terra,MODIS,100,6.2,312.3,103.2,D,0
-25.2385,122.2154,331,1.3,1.1,2014-12-20,0221,Terra,MODIS,52,6.2,308.2,12.5,D,0
-25.2424,122.1608,391.8,1.3,1.1,2014-12-20,0221,Terra,MODIS,100,6.2,313.4,282.3,D,0
-25.244,122.1741,356.3,1.3,1.1,2014-12-20,0221,Terra,MODIS,97,6.2,311.5,81.8,D,0
-25.2369,122.202,376.7,1.3,1.1,2014-12-20,0221,Terra,MODIS,100,6.2,311.8,181.3,D,0
-25.2473,122.2006,348.2,1.3,1.1,2014-12-20,0221,Terra,MODIS,92,6.2,311,55,D,0
-25.2527,122.1593,336.9,1.3,1.1,2014-12-20,0221,Terra,MODIS,81,6.2,309.6,22.8,D,0
-27.1369,119.0044,335.1,1,1,2014-12-20,0221,Terra,MODIS,70,6.2,315.3,11.2,D,0
-32.8958,116.4041,329.8,1,1,2014-12-20,0223,Terra,MODIS,25,6.2,307.9,12.7,D,0
-29.2841,149.4804,333.3,2.5,1.5,2014-12-20,0324,Aqua,MODIS,71,6.2,320.3,24.7,D,0
-27.8166,148.7414,336.3,2.7,1.6,2014-12-20,0324,Aqua,MODIS,79,6.2,319.9,65.3,D,0
-27.8308,148.743,341.9,2.7,1.6,2014-12-20,0324,Aqua,MODIS,86,6.2,319.2,103.3,D,0
-27.8192,148.7467,349.5,2.7,1.6,2014-12-20,0324,Aqua,MODIS,93,6.2,320,167.3,D,0
-27.7476,153.2211,320.5,1.3,1.1,2014-12-20,0324,Aqua,MODIS,34,6.2,301.6,9.2,D,0
-24.0482,151.1716,323.3,1.6,1.3,2014-12-20,0325,Aqua,MODIS,70,6.2,301.3,20.5,D,0
-22.9133,150.2133,325.3,1.8,1.3,2014-12-20,0325,Aqua,MODIS,63,6.2,309.5,20.9,D,0
-23.2623,150.1177,320.5,1.9,1.3,2014-12-20,0325,Aqua,MODIS,51,6.2,304.5,17.4,D,0
-23.342,150.6656,324.5,1.7,1.3,2014-12-20,0325,Aqua,MODIS,71,6.2,303.1,29,D,0
-22.7373,149.8085,334,1.9,1.4,2014-12-20,0325,Aqua,MODIS,78,6.2,303.2,67.8,D,0
-22.7339,149.8009,327.9,1.9,1.4,2014-12-20,0325,Aqua,MODIS,68,6.2,305.2,45.5,D,0
-22.7726,149.4595,323.9,2.1,1.4,2014-12-20,0325,Aqua,MODIS,68,6.2,307.2,26.8,D,0
-22.7746,149.4394,336.7,2.1,1.4,2014-12-20,0325,Aqua,MODIS,86,6.2,307.2,76.6,D,0
-22.7716,149.4522,333.3,2.1,1.4,2014-12-20,0325,Aqua,MODIS,82,6.2,307.9,59.5,D,0
-22.7737,149.4324,327.5,2.1,1.4,2014-12-20,0325,Aqua,MODIS,76,6.2,306.6,39.4,D,0
-24.3079,151.5927,318.7,1.5,1.2,2014-12-20,0325,Aqua,MODIS,57,6.2,301.7,14.4,D,0
-23.8715,151.0221,328.6,1.6,1.3,2014-12-20,0325,Aqua,MODIS,78,6.2,305.5,31.8,D,0
-23.8733,151.0058,325.1,1.7,1.3,2014-12-20,0325,Aqua,MODIS,74,6.2,306.1,22.5,D,0
-23.0241,150.3575,328.1,1.8,1.3,2014-12-20,0325,Aqua,MODIS,76,6.2,310.2,29.7,D,0
-22.9114,150.2311,338,1.8,1.3,2014-12-20,0325,Aqua,MODIS,86,6.2,310,62.9,D,0
-22.2647,148.9776,328.4,2.2,1.4,2014-12-20,0326,Aqua,MODIS,73,6.2,309.9,39.6,D,0
-21.3175,148.2424,327.8,2.4,1.5,2014-12-20,0326,Aqua,MODIS,74,6.2,302.7,43.2,D,0
-22.5069,149.6198,323,2,1.4,2014-12-20,0326,Aqua,MODIS,47,6.2,305.3,20,D,0
-21.3311,148.2438,326.6,2.4,1.5,2014-12-20,0326,Aqua,MODIS,70,6.2,305,37.8,D,0
-21.3199,148.2186,328.3,2.4,1.5,2014-12-20,0326,Aqua,MODIS,74,6.2,301.7,47.9,D,0
-21.8185,149.1555,327.9,2.1,1.4,2014-12-20,0326,Aqua,MODIS,78,6.2,291.1,57.6,D,0
-21.8319,149.1516,333.3,2.1,1.4,2014-12-20,0326,Aqua,MODIS,75,6.2,292.5,74.7,D,0
-21.5274,148.3055,334.1,2.4,1.5,2014-12-20,0326,Aqua,MODIS,82,6.2,305.9,70,D,0
-21.5336,148.3017,329.9,2.4,1.5,2014-12-20,0326,Aqua,MODIS,66,6.2,306.2,55.8,D,0
-22.3928,148.9829,327.8,2.2,1.4,2014-12-20,0326,Aqua,MODIS,49,6.2,308.6,32.9,D,0
-21.408,148.9946,323.6,2.1,1.4,2014-12-20,0326,Aqua,MODIS,61,6.2,303.8,35.5,D,0
-21.3827,148.985,371.4,2.1,1.4,2014-12-20,0326,Aqua,MODIS,100,6.2,306.6,338.1,D,0
-21.3805,149.005,358.9,2.1,1.4,2014-12-20,0326,Aqua,MODIS,99,6.2,304.9,223.9,D,0
-21.3845,148.9712,327.1,2.1,1.4,2014-12-20,0326,Aqua,MODIS,59,6.2,301.3,48.8,D,0
-21.3823,148.9923,381.5,2.1,1.4,2014-12-20,0326,Aqua,MODIS,100,6.2,307.9,455.2,D,0
-21.3803,149.0123,332.1,2.1,1.4,2014-12-20,0326,Aqua,MODIS,74,6.2,302.9,68.8,D,0
-20.5258,148.5219,323.7,2.2,1.5,2014-12-20,0326,Aqua,MODIS,48,6.2,300.7,22.1,D,0
-20.5255,148.5071,323.4,2.3,1.5,2014-12-20,0326,Aqua,MODIS,34,6.2,300.4,24.4,D,0
-21.4491,148.8513,323.3,2.2,1.4,2014-12-20,0326,Aqua,MODIS,64,6.2,305.8,32.6,D,0
-22.3801,149.3597,323.9,2.1,1.4,2014-12-20,0326,Aqua,MODIS,63,6.2,305.7,33.2,D,0
-22.2624,148.9988,325.3,2.2,1.4,2014-12-20,0326,Aqua,MODIS,65,6.2,309.5,27.4,D,0
-22.3927,149.3619,334.4,2.1,1.4,2014-12-20,0326,Aqua,MODIS,82,6.2,304.3,70.7,D,0
-22.3694,148.9747,326.7,2.2,1.4,2014-12-20,0326,Aqua,MODIS,70,6.2,309.8,30.4,D,0
-22.408,148.963,326.6,2.2,1.4,2014-12-20,0326,Aqua,MODIS,58,6.2,307.8,31.9,D,0
-22.2516,148.9762,328.1,2.2,1.4,2014-12-20,0326,Aqua,MODIS,68,6.2,311.2,37.1,D,0
-22.2495,148.9973,331.9,2.2,1.4,2014-12-20,0326,Aqua,MODIS,78,6.2,310.4,52.2,D,0
-17.9398,145.5577,324.1,3.5,1.8,2014-12-20,0327,Aqua,MODIS,77,6.2,292.4,104.4,D,0
-18.2934,144.4296,326.2,4.3,1.9,2014-12-20,0327,Aqua,MODIS,79,6.2,300.3,85.3,D,0
-17.9714,145.5607,330.9,3.5,1.8,2014-12-20,0327,Aqua,MODIS,83,6.2,292.2,150.5,D,0
-17.9456,145.5514,318.4,3.5,1.8,2014-12-20,0327,Aqua,MODIS,43,6.2,291.9,64.3,D,0
-17.9614,145.5531,319.4,3.5,1.8,2014-12-20,0327,Aqua,MODIS,44,6.2,291.6,70.3,D,0
-18.149,145.4829,323.3,3.5,1.8,2014-12-20,0327,Aqua,MODIS,62,6.2,294.4,64.1,D,0
-18.1234,145.521,337,3.5,1.8,2014-12-20,0327,Aqua,MODIS,88,6.2,296,174.6,D,0
-17.1019,143.9371,323.1,4.5,1.9,2014-12-20,0327,Aqua,MODIS,76,6.2,295.8,89.3,D,0
-17.1018,143.9335,322.4,4.5,1.9,2014-12-20,0327,Aqua,MODIS,75,6.2,295.8,83,D,0
-18.1297,145.5146,337.2,3.5,1.8,2014-12-20,0327,Aqua,MODIS,88,6.2,295.7,172.3,D,0
-18.3758,143.9308,318.3,4.6,2,2014-12-20,0327,Aqua,MODIS,54,6.2,296,48.6,D,0
-18.3744,143.9342,318.4,4.6,2,2014-12-20,0327,Aqua,MODIS,39,6.2,296.1,48.8,D,0
-18.1265,145.4877,321.5,3.5,1.8,2014-12-20,0327,Aqua,MODIS,46,6.2,294.3,50.6,D,0
-18.1993,144.7035,323.1,4.1,1.9,2014-12-20,0327,Aqua,MODIS,64,6.2,296.5,66.8,D,0
-18.1745,145.4906,324.6,3.5,1.8,2014-12-20,0327,Aqua,MODIS,70,6.2,293.8,73.5,D,0
-18.2896,144.4703,323.3,4.2,1.9,2014-12-20,0327,Aqua,MODIS,60,6.2,298.9,59,D,0
-18.4095,143.9474,333.6,4.6,2,2014-12-20,0327,Aqua,MODIS,86,6.2,296.1,217.9,D,0
-18.41,143.9388,329.6,4.6,2,2014-12-20,0327,Aqua,MODIS,82,6.2,295.6,166.8,D,0
-17.9873,145.562,315.9,3.5,1.8,2014-12-20,0327,Aqua,MODIS,65,6.2,291.7,60.9,D,0
-18.0347,145.567,320.7,3.5,1.8,2014-12-20,0327,Aqua,MODIS,48,6.2,291.8,81.4,D,0
-18.2953,144.4335,326.9,4.3,1.9,2014-12-20,0327,Aqua,MODIS,80,6.2,300.1,91.3,D,0
-17.3988,144.7903,323.5,3.9,1.8,2014-12-20,0327,Aqua,MODIS,76,6.2,298.9,59.8,D,0
-18.028,145.5709,315.3,3.5,1.8,2014-12-20,0327,Aqua,MODIS,37,6.2,291.5,55.1,D,0
-17.3938,144.7849,325.7,3.9,1.8,2014-12-20,0327,Aqua,MODIS,79,6.2,299.2,76.5,D,0
-18.0438,145.5725,317.8,3.5,1.8,2014-12-20,0327,Aqua,MODIS,47,6.2,291.9,65.8,D,0
-15.0319,143.6331,330.1,4.4,1.9,2014-12-20,0328,Aqua,MODIS,70,6.2,287.7,169.6,D,0
-15.1196,144.0097,327.6,4.2,1.9,2014-12-20,0328,Aqua,MODIS,81,6.2,291.4,110.8,D,0
-15.1168,144.0052,326.2,4.2,1.9,2014-12-20,0328,Aqua,MODIS,78,6.2,291.2,97.2,D,0
-15.5638,143.8897,331.4,4.3,1.9,2014-12-20,0328,Aqua,MODIS,84,6.2,292.2,171.1,D,0
-15.5465,143.8879,327,4.3,1.9,2014-12-20,0328,Aqua,MODIS,71,6.2,293.2,124.7,D,0
-15.5503,143.8477,322.6,4.3,1.9,2014-12-20,0328,Aqua,MODIS,29,6.2,292.9,90.8,D,0
-15.5615,143.8815,329.2,4.3,1.9,2014-12-20,0328,Aqua,MODIS,82,6.2,292.5,150.1,D,0
-15.5442,143.8797,330.3,4.3,1.9,2014-12-20,0328,Aqua,MODIS,83,6.2,293.7,161.5,D,0
-15.5575,143.9214,325.9,4.3,1.9,2014-12-20,0328,Aqua,MODIS,76,6.2,292.9,113.9,D,0
-15.0306,143.625,324.7,4.4,1.9,2014-12-20,0328,Aqua,MODIS,65,6.2,286.9,124.4,D,0
-15.0859,144.4528,321.9,3.8,1.8,2014-12-20,0328,Aqua,MODIS,73,6.2,292.3,62.7,D,0
-12.2015,142.6618,315,4.8,2,2014-12-20,0329,Aqua,MODIS,63,6.2,290.6,72.8,D,0
-12.2039,142.6588,317.9,4.8,2,2014-12-20,0329,Aqua,MODIS,69,6.2,290.7,96.5,D,0
-36.8673,145.5282,341.7,3.1,1.7,2014-12-20,0500,Aqua,MODIS,89,6.2,305.9,165.7,D,0
-36.8595,145.5611,337.8,3.1,1.7,2014-12-20,0500,Aqua,MODIS,86,6.2,305,135.1,D,0
-36.8639,145.5313,346.6,3.1,1.7,2014-12-20,0500,Aqua,MODIS,93,6.2,305.6,208.2,D,0
-36.8557,145.5648,331.1,3.1,1.7,2014-12-20,0500,Aqua,MODIS,78,6.2,304.3,84.1,D,0
-25.606,121.0641,332.8,4.1,1.9,2014-12-20,0504,Aqua,MODIS,76,6.2,306.5,92.4,D,0
-25.1171,122.3952,334.5,3.3,1.7,2014-12-20,0504,Aqua,MODIS,78,6.2,308.7,77.6,D,0
-25.2323,122.1386,370,3.4,1.7,2014-12-20,0504,Aqua,MODIS,94,6.2,302.8,577.5,D,0
-23.3728,122.1366,350.9,3.2,1.7,2014-12-20,0504,Aqua,MODIS,93,6.2,302.9,240.5,D,0
-23.3574,122.1351,350.1,3.2,1.7,2014-12-20,0504,Aqua,MODIS,93,6.2,302.6,232.9,D,0
-23.36,122.1031,330.9,3.3,1.7,2014-12-20,0504,Aqua,MODIS,68,6.2,301.7,54.4,D,0
-23.3619,122.1307,362.1,3.2,1.7,2014-12-20,0504,Aqua,MODIS,100,6.2,302.9,399.6,D,0
-25.2424,122.1464,354,3.4,1.7,2014-12-20,0504,Aqua,MODIS,91,6.2,295.1,310.5,D,0
-25.245,122.1122,327.9,3.4,1.7,2014-12-20,0504,Aqua,MODIS,56,6.2,282.2,47.9,D,0
-25.2266,122.1448,366.7,3.4,1.7,2014-12-20,0504,Aqua,MODIS,100,6.2,305.6,512.5,D,0
-25.2481,122.1401,346.4,3.4,1.7,2014-12-20,0504,Aqua,MODIS,85,6.2,292.2,221.6,D,0
-25.2295,122.1724,335.6,3.4,1.7,2014-12-20,0504,Aqua,MODIS,59,6.2,301.2,107,D,0
-25.1325,120.4239,331.5,4.5,2,2014-12-20,0504,Aqua,MODIS,70,6.2,303.3,91,D,0
-23.412,122.0435,333,3.3,1.7,2014-12-20,0504,Aqua,MODIS,73,6.2,303.9,68.3,D,0
-23.4148,122.0109,331.2,3.3,1.7,2014-12-20,0504,Aqua,MODIS,64,6.2,302.5,56.1,D,0
-23.4017,122.0375,332.3,3.3,1.7,2014-12-20,0504,Aqua,MODIS,73,6.2,303.3,58.8,D,0
-23.4276,122.045,331.7,3.3,1.7,2014-12-20,0504,Aqua,MODIS,70,6.2,303.1,52.8,D,0
-22.0153,123.3495,339.9,2.5,1.5,2014-12-20,0505,Aqua,MODIS,85,6.2,302.5,93.3,D,0
-22.1109,120.6403,349.6,4,1.9,2014-12-20,0505,Aqua,MODIS,93,6.2,299.8,325.8,D,0
-22.0075,123.3686,331.5,2.5,1.5,2014-12-20,0505,Aqua,MODIS,61,6.2,301.2,38.4,D,0
-22.0061,123.2985,331.7,2.6,1.5,2014-12-20,0505,Aqua,MODIS,58,6.2,300,46.2,D,0
-22.1322,120.6497,333.7,4,1.9,2014-12-20,0505,Aqua,MODIS,65,6.2,294.3,118.4,D,0
-22.1353,120.6102,337.6,4.1,1.9,2014-12-20,0505,Aqua,MODIS,82,6.2,296.9,165.7,D,0
-22.1153,120.6479,341.3,4,1.9,2014-12-20,0505,Aqua,MODIS,86,6.2,300.5,210.1,D,0
-22.1447,120.6435,331.8,4,1.9,2014-12-20,0505,Aqua,MODIS,60,6.2,293,103.3,D,0
-22.3641,120.1886,350,4.4,1.9,2014-12-20,0505,Aqua,MODIS,93,6.2,301.4,368.9,D,0
-22.3466,120.187,359.5,4.4,1.9,2014-12-20,0505,Aqua,MODIS,99,6.2,300.7,562.1,D,0
-22.3278,120.1779,340.6,4.4,1.9,2014-12-20,0505,Aqua,MODIS,80,6.2,299.9,226.1,D,0
-22.3453,120.1794,359,4.4,1.9,2014-12-20,0505,Aqua,MODIS,99,6.2,300.4,558.1,D,0
-22.0771,120.6374,338.4,4,1.9,2014-12-20,0505,Aqua,MODIS,83,6.2,300.8,162.2,D,0
-22.3292,120.1855,338.6,4.4,1.9,2014-12-20,0505,Aqua,MODIS,71,6.2,299.4,195.7,D,0
-22.3628,120.1809,354.9,4.4,1.9,2014-12-20,0505,Aqua,MODIS,97,6.2,301.5,459.4,D,0
-22.3802,120.1823,334.3,4.4,1.9,2014-12-20,0505,Aqua,MODIS,48,6.2,302.2,133.3,D,0
-22.0291,123.3512,367.8,2.5,1.5,2014-12-20,0505,Aqua,MODIS,100,6.2,300.3,354.2,D,0
-22.0014,123.348,332.9,2.5,1.5,2014-12-20,0505,Aqua,MODIS,64,6.2,300.9,47.4,D,0
-22.0736,120.6322,333.1,4,1.9,2014-12-20,0505,Aqua,MODIS,56,6.2,300.5,102.1,D,0
-22.0316,123.3265,332.3,2.5,1.5,2014-12-20,0505,Aqua,MODIS,74,6.2,299.1,53.2,D,0
-22.0129,123.3741,335.2,2.5,1.5,2014-12-20,0505,Aqua,MODIS,80,6.2,301.8,60.1,D,0
-17.0975,139.098,327.9,3.4,1.7,2014-12-20,0505,Aqua,MODIS,0,6.2,295.8,59.4,D,0
-17.1035,139.0944,328.2,3.4,1.7,2014-12-20,0505,Aqua,MODIS,45,6.2,295.9,62.9,D,0
-17.1154,138.0537,332.3,2.8,1.6,2014-12-20,0505,Aqua,MODIS,58,6.2,291.8,84.7,D,0
-17.1143,138.0485,335.9,2.8,1.6,2014-12-20,0505,Aqua,MODIS,71,6.2,292.5,113.1,D,0
-17.1191,138.0222,321.7,2.8,1.6,2014-12-20,0505,Aqua,MODIS,28,6.2,292.8,32.4,D,0
-18.9831,133.481,375.2,1.2,1.1,2014-12-20,0505,Aqua,MODIS,100,6.2,317.7,147.8,D,0
-18.9869,133.4577,356.3,1.2,1.1,2014-12-20,0505,Aqua,MODIS,97,6.2,308,73.1,D,0
-17.6962,134.7871,338.2,1.6,1.2,2014-12-20,0505,Aqua,MODIS,72,6.2,308,35.8,D,0
-17.6945,134.7964,335.5,1.6,1.2,2014-12-20,0505,Aqua,MODIS,25,6.2,307.8,28.8,D,0
-14.8063,134.5066,328.9,1.7,1.3,2014-12-20,0506,Aqua,MODIS,50,6.2,295.6,21.9,D,0
-14.6624,131.8405,333,1.2,1.1,2014-12-20,0506,Aqua,MODIS,50,6.2,302.6,19.8,D,0
-14.6673,131.8086,342.3,1.2,1.1,2014-12-20,0506,Aqua,MODIS,88,6.2,301.1,38.1,D,0
-14.6528,131.8389,347.8,1.2,1.1,2014-12-20,0506,Aqua,MODIS,92,6.2,302.1,52.1,D,0
-14.6545,131.8282,333.2,1.2,1.1,2014-12-20,0506,Aqua,MODIS,58,6.2,301.9,21.2,D,0
-14.6561,131.8176,326.8,1.2,1.1,2014-12-20,0506,Aqua,MODIS,33,6.2,297.6,10.2,D,0
-14.6577,131.807,327.5,1.2,1.1,2014-12-20,0506,Aqua,MODIS,53,6.2,296,11.4,D,0
-14.6432,131.8373,352.8,1.2,1.1,2014-12-20,0506,Aqua,MODIS,95,6.2,294.4,65.8,D,0
-14.6449,131.8266,353.6,1.2,1.1,2014-12-20,0506,Aqua,MODIS,96,6.2,296.6,67.8,D,0
-15.4219,134.1154,328.1,1.6,1.2,2014-12-20,0506,Aqua,MODIS,55,6.2,301.4,14.3,D,0
-14.7957,127.7397,332.8,1.1,1,2014-12-20,0506,Aqua,MODIS,59,6.2,297.1,19.7,D,0
-14.8064,127.7311,343.2,1.1,1,2014-12-20,0506,Aqua,MODIS,88,6.2,310.2,38.2,D,0
-14.7971,127.7298,331.3,1.1,1,2014-12-20,0506,Aqua,MODIS,47,6.2,303,17.4,D,0
-14.805,127.741,350.6,1.1,1,2014-12-20,0506,Aqua,MODIS,94,6.2,307.5,54,D,0
-22.8145,115.1486,338.9,2.9,1.6,2014-12-20,0643,Aqua,MODIS,77,6.2,311.9,82.1,D,0
-22.8201,115.1214,350.2,2.9,1.6,2014-12-20,0643,Aqua,MODIS,92,6.2,314.2,175,D,0
-22.8129,115.1407,349,2.9,1.6,2014-12-20,0643,Aqua,MODIS,91,6.2,312.9,163.6,D,0
-22.8183,115.1134,343.7,2.9,1.6,2014-12-20,0643,Aqua,MODIS,85,6.2,314.4,110.9,D,0
-28.6659,148.0699,338.4,1.1,1,2014-12-20,1249,Terra,MODIS,100,6.2,295.8,44.9,N,0
-27.8148,148.7508,306.2,1,1,2014-12-20,1249,Terra,MODIS,67,6.2,294.2,6.7,N,0
-28.6673,148.059,308.4,1.1,1,2014-12-20,1249,Terra,MODIS,75,6.2,291.1,9.4,N,0
-26.6932,150.2801,307.3,1,1,2014-12-20,1249,Terra,MODIS,71,6.2,294.2,6.8,N,0
-28.9225,148.9,302,1,1,2014-12-20,1249,Terra,MODIS,46,6.2,292,4.9,N,0
-28.9239,148.8895,316.1,1,1,2014-12-20,1249,Terra,MODIS,92,6.2,292.1,14.9,N,0
-27.2331,150.8592,302.9,1,1,2014-12-20,1249,Terra,MODIS,52,6.2,292.2,4.9,N,0
-27.0138,149.9194,311.7,1,1,2014-12-20,1249,Terra,MODIS,83,6.2,295,8.9,N,0
-26.9928,149.8783,319,1,1,2014-12-20,1249,Terra,MODIS,98,6.2,295.3,15.9,N,0
-29.2749,149.4777,301.6,1,1,2014-12-20,1249,Terra,MODIS,43,6.2,291.2,5.3,N,0
-22.8473,149.8379,303.7,1.1,1,2014-12-20,1250,Terra,MODIS,57,6.2,293.7,5,N,0
-24.0503,151.1806,304.9,1.2,1.1,2014-12-20,1250,Terra,MODIS,44,6.2,291.9,7.5,N,0
-24.4015,149.7878,321,1,1,2014-12-20,1250,Terra,MODIS,100,6.2,294.3,17.9,N,0
-25.7075,146.6775,307.6,1.1,1.1,2014-12-20,1250,Terra,MODIS,72,6.2,294.8,7.9,N,0
-25.499,151.1604,335.9,1.1,1,2014-12-20,1250,Terra,MODIS,100,6.2,290.9,42.2,N,0
-22.7141,149.4382,303,1,1,2014-12-20,1250,Terra,MODIS,53,6.2,292.9,4.4,N,0
-22.7156,149.4283,305.2,1,1,2014-12-20,1250,Terra,MODIS,63,6.2,293.3,5.7,N,0
-25.4973,151.1715,312.7,1.1,1.1,2014-12-20,1250,Terra,MODIS,85,6.2,290.9,11.9,N,0
-25.5007,151.1494,302.7,1.1,1,2014-12-20,1250,Terra,MODIS,19,6.2,288.7,5.3,N,0
-25.4896,151.1587,311.8,1.1,1,2014-12-20,1250,Terra,MODIS,83,6.2,289.9,11.9,N,0
-23.0403,147.4835,318.6,1,1,2014-12-20,1250,Terra,MODIS,97,6.2,294.5,15.8,N,0
-21.8245,149.1687,306,1,1,2014-12-20,1251,Terra,MODIS,37,6.2,294.1,5.6,N,0
-21.3832,148.9801,316.2,1,1,2014-12-20,1251,Terra,MODIS,65,6.2,294,12.1,N,0
-20.523,148.512,303.1,1,1,2014-12-20,1251,Terra,MODIS,53,6.2,291.6,4.2,N,0
-16.3835,144.7311,304.7,1.1,1.1,2014-12-20,1252,Terra,MODIS,57,6.2,294,4.4,N,0
-17.0864,143.9496,305.7,1.2,1.1,2014-12-20,1252,Terra,MODIS,39,6.2,289.5,5.5,N,0
-18.2305,144.4709,305.1,1.2,1.1,2014-12-20,1252,Terra,MODIS,34,6.2,293.6,6.6,N,0
-18.1482,145.4685,333.2,1.1,1,2014-12-20,1252,Terra,MODIS,100,6.2,292.8,35.9,N,0
-18.1801,145.4894,308.4,1.1,1,2014-12-20,1252,Terra,MODIS,66,6.2,292.1,7.4,N,0
-18.3523,143.992,308.5,1.3,1.1,2014-12-20,1252,Terra,MODIS,21,6.2,294.9,6.9,N,0
-18.3539,143.9799,313.5,1.3,1.1,2014-12-20,1252,Terra,MODIS,77,6.2,294.9,12.1,N,0
-18.1708,145.4881,304.8,1.1,1,2014-12-20,1252,Terra,MODIS,23,6.2,291.7,4.9,N,0
-18.121,145.6693,306.4,1.1,1,2014-12-20,1252,Terra,MODIS,68,6.2,290.9,8.1,N,0
-18.1388,145.4672,310.6,1.1,1,2014-12-20,1252,Terra,MODIS,80,6.2,291.5,9.9,N,0
-18.1468,145.4788,317.8,1.1,1,2014-12-20,1252,Terra,MODIS,96,6.2,291.6,15.9,N,0
-17.0853,143.9548,305.6,1.2,1.1,2014-12-20,1252,Terra,MODIS,39,6.2,290.1,5.4,N,0
-18.2112,145.1802,309.3,1.1,1,2014-12-20,1252,Terra,MODIS,59,6.2,291.6,8.6,N,0
-18.1375,145.4773,311.7,1.1,1,2014-12-20,1252,Terra,MODIS,75,6.2,291.6,10.2,N,0
-18.1361,145.4874,312.5,1.1,1,2014-12-20,1252,Terra,MODIS,66,6.2,291.3,10.4,N,0
-18.5132,146.0912,314.3,1,1,2014-12-20,1252,Terra,MODIS,89,6.2,293.2,11.3,N,0
-18.2206,145.1816,306.2,1.1,1,2014-12-20,1252,Terra,MODIS,35,6.2,291.7,6.3,N,0
-18.2099,145.1906,317.2,1.1,1,2014-12-20,1252,Terra,MODIS,95,6.2,291.9,16,N,0
-18.5186,146.0514,304.4,1,1,2014-12-20,1252,Terra,MODIS,57,6.2,293,4.6,N,0
-18.113,145.6584,311.6,1.1,1,2014-12-20,1252,Terra,MODIS,83,6.2,290.2,11.7,N,0
-18.1158,145.638,301.6,1.1,1,2014-12-20,1252,Terra,MODIS,42,6.2,291.2,4.8,N,0
-16.393,144.7325,315.3,1.1,1.1,2014-12-20,1252,Terra,MODIS,90,6.2,294.4,13.1,N,0
-15.6674,143.8272,305.8,1.2,1.1,2014-12-20,1252,Terra,MODIS,58,6.2,293,5.4,N,0
-15.6703,143.8046,312,1.2,1.1,2014-12-20,1252,Terra,MODIS,79,6.2,293.5,10.1,N,0
-15.6718,143.7933,308.3,1.2,1.1,2014-12-20,1252,Terra,MODIS,31,6.2,293.5,6.7,N,0
-18.6253,145.8726,313.1,1.1,1,2014-12-20,1252,Terra,MODIS,86,6.2,292.7,11.6,N,0
-15.5862,143.9,328.8,1.2,1.1,2014-12-20,1252,Terra,MODIS,100,6.2,294.3,31.7,N,0
-15.5877,143.8889,319.6,1.2,1.1,2014-12-20,1252,Terra,MODIS,99,6.2,293.3,18.6,N,0
-15.575,143.9097,314.5,1.2,1.1,2014-12-20,1252,Terra,MODIS,48,6.2,293.3,11.3,N,0
-15.5764,143.8987,330.3,1.2,1.1,2014-12-20,1252,Terra,MODIS,100,6.2,294.1,33.5,N,0
-15.5666,143.8972,324.8,1.2,1.1,2014-12-20,1252,Terra,MODIS,100,6.2,293.6,24.2,N,0
-15.5681,143.8861,327,1.2,1.1,2014-12-20,1252,Terra,MODIS,100,6.2,293.3,27.3,N,0
-15.6363,143.7475,309.1,1.2,1.1,2014-12-20,1252,Terra,MODIS,53,6.2,293,7.8,N,0
-16.1203,143.9439,307.7,1.2,1.1,2014-12-20,1252,Terra,MODIS,69,6.2,294.1,6.5,N,0
-16.0591,143.9408,308,1.2,1.1,2014-12-20,1252,Terra,MODIS,71,6.2,294.6,5.8,N,0
-15.5735,143.9208,313.6,1.2,1.1,2014-12-20,1252,Terra,MODIS,50,6.2,293.1,10.8,N,0
-15.5511,143.9402,308.4,1.2,1.1,2014-12-20,1252,Terra,MODIS,14,6.2,293.2,6.2,N,0
-18.5173,146.0612,307.1,1,1,2014-12-20,1252,Terra,MODIS,70,6.2,293.7,6,N,0
-18.3708,144.0011,308.2,1.3,1.1,2014-12-20,1252,Terra,MODIS,58,6.2,294.7,7.3,N,0
-18.1788,145.4995,311,1.1,1,2014-12-20,1252,Terra,MODIS,81,6.2,292.2,9.4,N,0
-16.0067,143.3214,309.2,1.3,1.1,2014-12-20,1252,Terra,MODIS,74,6.2,294.2,7.9,N,0
-18.1082,145.483,304.9,1.1,1,2014-12-20,1252,Terra,MODIS,41,6.2,291.7,5.5,N,0
-18.4086,143.9453,305.9,1.3,1.1,2014-12-20,1252,Terra,MODIS,66,6.2,294.1,6.6,N,0
-15.9745,144.132,308.9,1.2,1.1,2014-12-20,1252,Terra,MODIS,73,6.2,294.3,7.2,N,0
-15.9634,144.1415,314,1.2,1.1,2014-12-20,1252,Terra,MODIS,73,6.2,294.4,11,N,0
-15.9648,144.1307,311.9,1.2,1.1,2014-12-20,1252,Terra,MODIS,49,6.2,294.3,8.9,N,0
-15.9601,144.1458,310.8,1.2,1.1,2014-12-20,1252,Terra,MODIS,75,6.2,294.2,8.4,N,0
-15.9615,144.135,312.7,1.2,1.1,2014-12-20,1252,Terra,MODIS,84,6.2,294.3,10.4,N,0
-15.9504,144.1444,307.5,1.2,1.1,2014-12-20,1252,Terra,MODIS,67,6.2,293.9,6.3,N,0
-18.5208,146.103,309.3,1,1,2014-12-20,1252,Terra,MODIS,75,6.2,291.6,7.8,N,0
-18.5118,146.1011,304.7,1,1,2014-12-20,1252,Terra,MODIS,9,6.2,292.4,4.4,N,0
-18.0228,145.5777,308.2,1.1,1,2014-12-20,1252,Terra,MODIS,36,6.2,290.9,8.6,N,0
-18.0348,145.5589,308.1,1.1,1,2014-12-20,1252,Terra,MODIS,37,6.2,291.8,8.1,N,0
-18.0334,145.569,335.7,1.1,1,2014-12-20,1252,Terra,MODIS,100,6.2,293.7,39.7,N,0
-18.032,145.5791,311.6,1.1,1,2014-12-20,1252,Terra,MODIS,32,6.2,291.8,10.8,N,0
-18.044,145.5602,307,1.1,1,2014-12-20,1252,Terra,MODIS,27,6.2,291.6,7.1,N,0
-18.0427,145.5703,317.4,1.1,1,2014-12-20,1252,Terra,MODIS,95,6.2,292.4,16,N,0
-17.9707,145.5634,311.2,1.1,1,2014-12-20,1252,Terra,MODIS,82,6.2,291.8,11.5,N,0
-17.9778,145.5606,303.3,1.1,1,2014-12-20,1252,Terra,MODIS,53,6.2,291,6.9,N,0
-17.9628,145.552,310.2,1.1,1,2014-12-20,1252,Terra,MODIS,68,6.2,291.4,9.7,N,0
-18.0242,145.5675,323.9,1.1,1,2014-12-20,1252,Terra,MODIS,100,6.2,292.7,23.5,N,0
-17.9614,145.5621,315.5,1.1,1,2014-12-20,1252,Terra,MODIS,91,6.2,292.4,14.6,N,0
-18.624,145.8822,302.7,1.1,1,2014-12-20,1252,Terra,MODIS,23,6.2,292.6,4.1,N,0
-17.9429,145.5594,315.1,1.1,1,2014-12-20,1252,Terra,MODIS,91,6.2,291.8,14,N,0
-17.9522,145.5607,333.6,1.1,1,2014-12-20,1252,Terra,MODIS,100,6.2,293.1,36.3,N,0
-17.9535,145.5507,313.6,1.1,1,2014-12-20,1252,Terra,MODIS,46,6.2,291.4,12,N,0
-17.9323,145.568,303.8,1.1,1,2014-12-20,1252,Terra,MODIS,20,6.2,291,5.6,N,0
-18.1307,145.5277,310.4,1.1,1,2014-12-20,1252,Terra,MODIS,15,6.2,291.9,7.9,N,0
-18.1223,145.6594,321.1,1.1,1,2014-12-20,1252,Terra,MODIS,100,6.2,291.2,20.5,N,0
-17.9336,145.5579,303.6,1.1,1,2014-12-20,1252,Terra,MODIS,18,6.2,291.1,5.3,N,0
-15.3625,144.4247,305.7,1.1,1.1,2014-12-20,1253,Terra,MODIS,62,6.2,292.7,4.7,N,0
-15.4496,142.9128,336.1,1.4,1.2,2014-12-20,1253,Terra,MODIS,100,6.2,294.1,52.3,N,0
-15.0205,143.6296,312.8,1.2,1.1,2014-12-20,1253,Terra,MODIS,85,6.2,293.1,10.8,N,0
-15.1594,143.888,308.7,1.2,1.1,2014-12-20,1253,Terra,MODIS,46,6.2,292.2,7.9,N,0
-15.2343,143.7121,303,1.2,1.1,2014-12-20,1253,Terra,MODIS,42,6.2,282,5.4,N,0
-15.1916,143.8871,320.6,1.2,1.1,2014-12-20,1253,Terra,MODIS,100,6.2,293.3,19.8,N,0
-15.448,142.9254,311.1,1.4,1.2,2014-12-20,1253,Terra,MODIS,39,6.2,293.5,9.5,N,0
-15.193,143.8761,314.8,1.2,1.1,2014-12-20,1253,Terra,MODIS,90,6.2,292.5,13.5,N,0
-15.1158,143.9929,311.9,1.2,1.1,2014-12-20,1253,Terra,MODIS,84,6.2,287.5,13.4,N,0
-15.5514,143.8611,318.7,1.2,1.1,2014-12-20,1253,Terra,MODIS,97,6.2,293.4,16.6,N,0
-15.5416,143.8597,309.5,1.2,1.1,2014-12-20,1253,Terra,MODIS,17,6.2,292.8,7,N,0
-15.5392,143.8649,307.8,1.2,1.1,2014-12-20,1253,Terra,MODIS,29,6.2,292.9,6.1,N,0
-15.5279,143.8746,312.9,1.2,1.1,2014-12-20,1253,Terra,MODIS,84,6.2,293.3,10.9,N,0
-15.5294,143.8635,310.8,1.2,1.1,2014-12-20,1253,Terra,MODIS,79,6.2,292.9,8.9,N,0
-15.0449,143.6043,314.8,1.2,1.1,2014-12-20,1253,Terra,MODIS,90,6.2,292.8,13.6,N,0
-15.2403,143.8941,308.9,1.2,1.1,2014-12-20,1253,Terra,MODIS,45,6.2,292.7,8.2,N,0
-15.2418,143.883,308.5,1.2,1.1,2014-12-20,1253,Terra,MODIS,34,6.2,292.3,8.3,N,0
-15.4841,142.8917,313.2,1.4,1.2,2014-12-20,1253,Terra,MODIS,85,6.2,293.5,12.5,N,0
-15.4795,142.8968,310.9,1.4,1.2,2014-12-20,1253,Terra,MODIS,70,6.2,293.4,9.8,N,0
-15.0434,143.6156,318.8,1.2,1.1,2014-12-20,1253,Terra,MODIS,97,6.2,293,17.6,N,0
-15.4931,142.8728,306.4,1.4,1.2,2014-12-20,1253,Terra,MODIS,55,6.2,293.1,5.8,N,0
-15.4915,142.8855,321.2,1.4,1.2,2014-12-20,1253,Terra,MODIS,100,6.2,293.4,23.8,N,0
-15.4825,142.9044,307.6,1.4,1.2,2014-12-20,1253,Terra,MODIS,24,6.2,293.6,6.3,N,0
-15.4858,142.879,310.9,1.4,1.2,2014-12-20,1253,Terra,MODIS,29,6.2,293.2,9.3,N,0
-15.4947,142.86,307.4,1.4,1.2,2014-12-20,1253,Terra,MODIS,65,6.2,293.1,7.3,N,0
-15.5006,144.0055,307.4,1.2,1.1,2014-12-20,1253,Terra,MODIS,67,6.2,293,6,N,0
-15.4322,144.1502,309.1,1.2,1.1,2014-12-20,1253,Terra,MODIS,30,6.2,293,6.7,N,0
-15.4336,144.1395,313.8,1.2,1.1,2014-12-20,1253,Terra,MODIS,86,6.2,293,11.2,N,0
-15.0548,143.6057,350.3,1.2,1.1,2014-12-20,1253,Terra,MODIS,100,6.2,294.7,81,N,0
-15.0533,143.617,318.8,1.2,1.1,2014-12-20,1253,Terra,MODIS,97,6.2,292.7,18.2,N,0
-15.1901,143.8981,308.3,1.2,1.1,2014-12-20,1253,Terra,MODIS,45,6.2,293,6.5,N,0
-15.1804,143.8967,307.4,1.2,1.1,2014-12-20,1253,Terra,MODIS,46,6.2,292.7,6.2,N,0
-15.137,143.9072,309.1,1.2,1.1,2014-12-20,1253,Terra,MODIS,61,6.2,292.5,7.9,N,0
-15.1258,143.9167,321,1.2,1.1,2014-12-20,1253,Terra,MODIS,100,6.2,292,22,N,0
-15.1273,143.9058,326.1,1.2,1.1,2014-12-20,1253,Terra,MODIS,100,6.2,292.7,28.1,N,0
-15.022,143.6183,323.4,1.2,1.1,2014-12-20,1253,Terra,MODIS,100,6.2,293.1,23.9,N,0
-15.0222,143.6241,324.2,1.2,1.1,2014-12-20,1253,Terra,MODIS,100,6.2,293.3,25,N,0
-15.5817,143.6237,310.6,1.2,1.1,2014-12-20,1253,Terra,MODIS,78,6.2,292.6,10.4,N,0
-15.5803,143.6352,305.1,1.2,1.1,2014-12-20,1253,Terra,MODIS,55,6.2,292.6,5.1,N,0
-15.0237,143.6128,314.9,1.2,1.1,2014-12-20,1253,Terra,MODIS,90,6.2,292.7,13.1,N,0
-15.0321,143.6255,312,1.2,1.1,2014-12-20,1253,Terra,MODIS,81,6.2,292.8,9.3,N,0
-15.2883,143.6918,306.8,1.2,1.1,2014-12-20,1253,Terra,MODIS,66,6.2,287.3,7.7,N,0
-15.0208,143.6354,307.9,1.2,1.1,2014-12-20,1253,Terra,MODIS,63,6.2,292.9,6,N,0
-15.4376,142.924,308.9,1.4,1.2,2014-12-20,1253,Terra,MODIS,46,6.2,293.5,7.9,N,0
-15.0336,143.6142,313.8,1.2,1.1,2014-12-20,1253,Terra,MODIS,87,6.2,293,11.4,N,0
-28.6819,123.0571,304.9,1.1,1,2014-12-20,1428,Terra,MODIS,62,6.2,293.1,5.9,N,0
-25.1103,120.3921,320.8,1.3,1.1,2014-12-20,1429,Terra,MODIS,100,6.2,298.7,21.7,N,0
-25.1087,120.4051,313.6,1.3,1.1,2014-12-20,1429,Terra,MODIS,70,6.2,298.2,11.7,N,0
-25.1638,120.4454,357.4,1.3,1.1,2014-12-20,1429,Terra,MODIS,100,6.2,300.7,113.6,N,0
-25.0984,120.4037,311.4,1.3,1.1,2014-12-20,1429,Terra,MODIS,78,6.2,295.7,10.4,N,0
-25.0969,120.4168,308.1,1.3,1.1,2014-12-20,1429,Terra,MODIS,42,6.2,296.6,6.8,N,0
-25.0938,120.4429,314.5,1.3,1.1,2014-12-20,1429,Terra,MODIS,88,6.2,297.5,13.3,N,0
-25.1222,120.3804,354.7,1.3,1.1,2014-12-20,1429,Terra,MODIS,100,6.2,300.1,103.7,N,0
-25.1536,120.4439,320.4,1.3,1.1,2014-12-20,1429,Terra,MODIS,100,6.2,297.3,20.1,N,0
-25.152,120.457,325.1,1.3,1.1,2014-12-20,1429,Terra,MODIS,100,6.2,296.3,28.1,N,0
-25.1654,120.4324,338.7,1.3,1.1,2014-12-20,1429,Terra,MODIS,100,6.2,297.8,56.7,N,0
-25.1623,120.4585,325.1,1.3,1.1,2014-12-20,1429,Terra,MODIS,100,6.2,296.9,29.3,N,0
-25.1206,120.3935,314.6,1.3,1.1,2014-12-20,1429,Terra,MODIS,81,6.2,298.2,12.2,N,0
-25.1309,120.3949,312.5,1.3,1.1,2014-12-20,1429,Terra,MODIS,76,6.2,297,9.9,N,0
-25.1293,120.408,317.4,1.3,1.1,2014-12-20,1429,Terra,MODIS,94,6.2,298,15.2,N,0
-25.1273,120.4002,323.2,1.3,1.1,2014-12-20,1429,Terra,MODIS,100,6.2,297.8,25.1,N,0
-25.1463,120.4163,318.1,1.3,1.1,2014-12-20,1429,Terra,MODIS,96,6.2,296.6,17.4,N,0
-25.1433,120.4424,316.4,1.3,1.1,2014-12-20,1429,Terra,MODIS,69,6.2,297.1,13.6,N,0
-15.2252,128.0226,309.5,2,1.4,2014-12-20,1431,Terra,MODIS,77,6.2,289.2,17.7,N,0
-15.5764,143.6299,306,1.1,1,2014-12-20,1557,Aqua,MODIS,66,6.2,292.4,5.7,N,0
-15.6658,143.8125,308,1.1,1,2014-12-20,1557,Aqua,MODIS,62,6.2,293.2,7,N,0
-15.5596,143.8914,306.2,1.1,1,2014-12-20,1557,Aqua,MODIS,57,6.2,288.1,5.2,N,0
-15.5689,143.89,304.8,1.1,1,2014-12-20,1557,Aqua,MODIS,31,6.2,287.9,4.5,N,0
-15.5479,143.9441,307.8,1.1,1,2014-12-20,1557,Aqua,MODIS,12,6.2,292.7,5.7,N,0
-15.5572,143.9428,319.5,1.1,1,2014-12-20,1557,Aqua,MODIS,99,6.2,293,15.8,N,0
-15.5652,143.9314,307.8,1.1,1,2014-12-20,1557,Aqua,MODIS,35,6.2,292.6,5.8,N,0
-15.5666,143.9414,309.9,1.1,1,2014-12-20,1557,Aqua,MODIS,65,6.2,292.7,7.6,N,0
-15.5731,143.92,311,1.1,1,2014-12-20,1557,Aqua,MODIS,30,6.2,292.5,8,N,0
-15.5745,143.93,310.4,1.1,1,2014-12-20,1557,Aqua,MODIS,45,6.2,292.6,7.7,N,0
-15.4978,142.8809,306.3,1,1,2014-12-20,1557,Aqua,MODIS,32,6.2,293.9,4,N,0
-15.4287,142.9076,307.8,1,1,2014-12-20,1557,Aqua,MODIS,68,6.2,293.9,5.6,N,0
-15.4489,142.9266,311.6,1,1,2014-12-20,1557,Aqua,MODIS,77,6.2,293.6,9,N,0
-15.4418,142.9344,305.3,1,1,2014-12-20,1557,Aqua,MODIS,11,6.2,291.8,3.7,N,0
-15.4405,142.925,312.6,1,1,2014-12-20,1557,Aqua,MODIS,67,6.2,293.6,8.4,N,0
-15.4566,142.9159,305,1,1,2014-12-20,1557,Aqua,MODIS,27,6.2,293,4.3,N,0
-17.3954,144.795,303.7,1.2,1.1,2014-12-20,1558,Aqua,MODIS,57,6.2,290.8,6.4,N,0
-18.0443,145.5715,302.2,1.4,1.2,2014-12-20,1558,Aqua,MODIS,48,6.2,290.1,7.5,N,0
-18.1756,145.5024,302.1,1.4,1.2,2014-12-20,1558,Aqua,MODIS,28,6.2,290.3,7.5,N,0
-18.338,144.0006,312.3,1.2,1.1,2014-12-20,1558,Aqua,MODIS,84,6.2,293.1,11.3,N,0
-18.1346,145.4736,301.9,1.4,1.2,2014-12-20,1558,Aqua,MODIS,32,6.2,290,6.7,N,0
-18.3462,143.9884,305.6,1.1,1.1,2014-12-20,1558,Aqua,MODIS,64,6.2,292.8,5.9,N,0
-18.0338,145.5728,314.7,1.4,1.2,2014-12-20,1558,Aqua,MODIS,90,6.2,290.9,21.1,N,0
-17.9419,145.5649,304,1.4,1.2,2014-12-20,1558,Aqua,MODIS,27,6.2,290.1,9.3,N,0
-18.0232,145.5742,313.6,1.4,1.2,2014-12-20,1558,Aqua,MODIS,87,6.2,290.9,19.7,N,0
-17.9524,145.5636,317.7,1.4,1.2,2014-12-20,1558,Aqua,MODIS,96,6.2,290.9,25.1,N,0
-17.0765,142.414,306.6,1,1,2014-12-20,1558,Aqua,MODIS,69,6.2,286.1,6.4,N,0
-18.3365,143.9898,312,1.1,1.1,2014-12-20,1558,Aqua,MODIS,84,6.2,292.2,11,N,0
-18.1468,145.4851,304,1.4,1.2,2014-12-20,1558,Aqua,MODIS,16,6.2,290,8,N,0
-18.1451,145.4722,310.9,1.4,1.2,2014-12-20,1558,Aqua,MODIS,81,6.2,290.4,15.6,N,0
-18.1696,145.4962,301.4,1.4,1.2,2014-12-20,1558,Aqua,MODIS,29,6.2,290.5,6.7,N,0
-18.9624,133.4641,325.1,2.7,1.6,2014-12-20,1559,Aqua,MODIS,100,6.2,295.8,86.7,N,0
-18.967,133.4891,330.1,2.7,1.6,2014-12-20,1559,Aqua,MODIS,100,6.2,295.5,112.2,N,0
-18.9673,133.4581,315.6,2.7,1.6,2014-12-20,1559,Aqua,MODIS,91,6.2,295,47.7,N,0
-18.9722,133.4832,332.1,2.7,1.6,2014-12-20,1559,Aqua,MODIS,100,6.2,295.9,122.8,N,0
-20.7332,139.4788,316.3,1.1,1,2014-12-20,1559,Aqua,MODIS,93,6.2,297.8,13.4,N,2
-23.3579,119.6341,311.9,1.4,1.2,2014-12-20,1738,Aqua,MODIS,70,6.2,292.1,11,N,0
-25.1285,120.3895,312.7,1.6,1.3,2014-12-20,1739,Aqua,MODIS,85,6.2,294.4,19.9,N,0
-25.1303,120.4057,313,1.6,1.3,2014-12-20,1739,Aqua,MODIS,86,6.2,294.6,20.1,N,0
-34.4578,150.8787,322.8,1.3,1.1,2014-12-20,2349,Terra,MODIS,53,6.2,304.4,13.7,D,2
-12.0938,142.5437,311.6,2.5,1.5,2014-12-21,0121,Terra,MODIS,35,6.2,291.9,21,D,0
-15.0634,143.5473,332.8,3.3,1.7,2014-12-21,0122,Terra,MODIS,57,6.2,284.1,123.6,D,0
-15.5162,142.8673,321.6,3,1.6,2014-12-21,0122,Terra,MODIS,56,6.2,293.8,42.4,D,0
-15.1124,143.9981,320.8,3.6,1.8,2014-12-21,0122,Terra,MODIS,67,6.2,292.2,43.2,D,0
-15.1161,144.0318,319.8,3.6,1.8,2014-12-21,0122,Terra,MODIS,52,6.2,293.9,36.7,D,0
-15.1077,144.0258,321.5,3.6,1.8,2014-12-21,0122,Terra,MODIS,25,6.2,293.6,43.8,D,0
-13.1349,135.8926,325.3,1,1,2014-12-21,0122,Terra,MODIS,46,6.2,293.6,12.4,D,0
-12.6511,135.1622,335.7,1,1,2014-12-21,0122,Terra,MODIS,85,6.2,296.4,28.1,D,0
-13.1181,135.9046,327.8,1,1,2014-12-21,0122,Terra,MODIS,73,6.2,292.2,14.1,D,0
-13.1362,135.902,330.7,1,1,2014-12-21,0122,Terra,MODIS,73,6.2,293.3,18.3,D,0
-13.1272,135.9033,325.4,1,1,2014-12-21,0122,Terra,MODIS,50,6.2,295,11.9,D,0
-15.6735,143.7907,316.5,3.6,1.8,2014-12-21,0122,Terra,MODIS,44,6.2,288.4,34,D,0
-15.5131,142.8396,320.1,3,1.6,2014-12-21,0122,Terra,MODIS,43,6.2,294.1,36.5,D,0
-15.6542,143.7595,316.7,3.5,1.8,2014-12-21,0122,Terra,MODIS,36,6.2,287.9,36.5,D,0
-12.6627,135.1791,341.3,1,1,2014-12-21,0122,Terra,MODIS,89,6.2,295.8,34,D,0
-12.6614,135.17,342,1,1,2014-12-21,0122,Terra,MODIS,90,6.2,294.9,36.3,D,0
-12.6524,135.1713,336.1,1,1,2014-12-21,0122,Terra,MODIS,85,6.2,296.8,27.4,D,0
-12.6537,135.1805,329.2,1,1,2014-12-21,0122,Terra,MODIS,77,6.2,297,17.1,D,0
-15.4487,144.15,331.8,3.8,1.8,2014-12-21,0122,Terra,MODIS,77,6.2,286.6,154.1,D,0
-15.4558,144.1436,331.2,3.8,1.8,2014-12-21,0122,Terra,MODIS,71,6.2,285.4,150.5,D,0
-15.1776,143.9167,321.4,3.6,1.8,2014-12-21,0122,Terra,MODIS,49,6.2,293.8,45.6,D,0
-15.5863,143.514,318.6,3.4,1.7,2014-12-21,0122,Terra,MODIS,64,6.2,291.1,47,D,0
-14.9186,134.6819,333.1,1,1,2014-12-21,0122,Terra,MODIS,76,6.2,303.5,13.8,D,0
-14.9199,134.6912,330.5,1,1,2014-12-21,0122,Terra,MODIS,72,6.2,303.1,9.8,D,0
-15.0249,143.5883,330,3.4,1.7,2014-12-21,0122,Terra,MODIS,80,6.2,294.8,77.3,D,0
-15.4303,142.9107,324.9,3,1.7,2014-12-21,0122,Terra,MODIS,74,6.2,297.4,41,D,0
-13.6484,135.1842,320.8,1,1,2014-12-21,0122,Terra,MODIS,45,6.2,285.8,6.3,D,0
-13.647,135.175,322,1,1,2014-12-21,0122,Terra,MODIS,56,6.2,285.2,8,D,0
-14.8069,127.7524,335,2.3,1.5,2014-12-21,0123,Terra,MODIS,86,6.2,290.2,87.9,D,0
-17.1177,137.2592,327.4,1.2,1.1,2014-12-21,0123,Terra,MODIS,56,6.2,302.8,14.8,D,0
-17.1192,137.2709,325.1,1.2,1.1,2014-12-21,0123,Terra,MODIS,41,6.2,301.5,12,D,0
-17.1276,137.2578,324.3,1.2,1.1,2014-12-21,0123,Terra,MODIS,47,6.2,301.6,11.3,D,0
-17.3874,134.6979,332.7,1,1,2014-12-21,0123,Terra,MODIS,77,6.2,304.7,13.8,D,0
-16.8197,145.2164,318.8,4.7,2,2014-12-21,0123,Terra,MODIS,56,6.2,292,93.8,D,0
-17.4498,132.9521,332.5,1,1,2014-12-21,0123,Terra,MODIS,67,6.2,305.7,17.1,D,0
-15.7933,135.2541,337.3,1,1,2014-12-21,0123,Terra,MODIS,52,6.2,304.6,25.7,D,0
-15.801,135.2433,333.5,1,1,2014-12-21,0123,Terra,MODIS,66,6.2,303.2,18,D,0
-15.8024,135.2527,357.3,1,1,2014-12-21,0123,Terra,MODIS,98,6.2,303.8,64.7,D,0
-17.2658,138.0225,325.3,1.4,1.2,2014-12-21,0123,Terra,MODIS,57,6.2,302,12,D,0
-15.4917,134.3235,328.2,1,1,2014-12-21,0123,Terra,MODIS,48,6.2,304,9.7,D,0
-16.821,145.2227,319.9,4.7,2,2014-12-21,0123,Terra,MODIS,60,6.2,291.8,96.7,D,0
-15.4868,134.3527,336.4,1,1,2014-12-21,0123,Terra,MODIS,82,6.2,305.6,18,D,0
-18.2521,135.7538,332.5,1.1,1,2014-12-21,0123,Terra,MODIS,57,6.2,309.1,15.6,D,0
-17.2574,138.0032,331.7,1.4,1.2,2014-12-21,0123,Terra,MODIS,76,6.2,304.1,18.9,D,0
-17.259,138.0162,337.9,1.4,1.2,2014-12-21,0123,Terra,MODIS,85,6.2,302.9,34.3,D,0
-17.2537,138.0112,329,1.4,1.2,2014-12-21,0123,Terra,MODIS,50,6.2,303.1,16.8,D,0
-17.2642,138.0095,345,1.4,1.2,2014-12-21,0123,Terra,MODIS,91,6.2,303.3,58.7,D,0
-19.063,133.5104,361.8,1,1,2014-12-21,0124,Terra,MODIS,100,6.2,308.5,69.6,D,0
-19.0644,133.5199,367.2,1,1,2014-12-21,0124,Terra,MODIS,100,6.2,309.3,85.7,D,0
-22.0571,129.2213,337.7,1.3,1.1,2014-12-21,0124,Terra,MODIS,76,6.2,304.6,30.9,D,0
-25.1102,120.4656,339.8,4.6,2,2014-12-21,0126,Terra,MODIS,87,6.2,306.1,231.3,D,0
-28.7998,130.3535,351.4,1,1,2014-12-21,0126,Terra,MODIS,94,6.2,310.7,44.1,D,0
-25.1206,120.5106,326.7,4.6,2,2014-12-21,0126,Terra,MODIS,26,6.2,303.4,70.8,D,0
-25.117,120.4152,331,4.7,2,2014-12-21,0126,Terra,MODIS,71,6.2,307.4,109.4,D,0
-25.1111,120.4705,344.6,4.6,2,2014-12-21,0126,Terra,MODIS,91,6.2,305.7,310.7,D,0
-28.8014,130.3639,339,1,1,2014-12-21,0126,Terra,MODIS,84,6.2,311.5,19.7,D,0
-25.1183,120.4199,329.9,4.7,2,2014-12-21,0126,Terra,MODIS,42,6.2,307.4,89.3,D,0
-28.6577,123.0623,324.4,2.5,1.5,2014-12-21,0127,Terra,MODIS,72,6.2,295.5,45.6,D,0
-28.6627,123.0551,351.5,2.5,1.5,2014-12-21,0127,Terra,MODIS,95,6.2,296.2,216.7,D,0
-22.7718,115.1293,333,2.2,1.4,2014-12-21,0303,Terra,MODIS,41,6.2,311.6,25.1,D,0
-22.8001,119.5156,330.6,4.7,2,2014-12-21,0303,Terra,MODIS,49,6.2,306.7,121.6,D,0
-22.7747,115.1355,336.4,2.2,1.4,2014-12-21,0303,Terra,MODIS,65,6.2,312.1,42.1,D,0
-34.4607,150.8834,324.8,1.1,1.1,2014-12-21,0405,Aqua,MODIS,0,6.2,304.2,12.2,D,2
-31.0995,147.6058,356.9,1,1,2014-12-21,0406,Aqua,MODIS,97,6.2,323.8,45.1,D,0
-30.1429,147.4759,353.6,1,1,2014-12-21,0406,Aqua,MODIS,95,6.2,327.7,35.1,D,0
-30.6724,148.843,353.4,1.1,1,2014-12-21,0406,Aqua,MODIS,95,6.2,312.1,57,D,0
-30.1414,147.4863,344,1,1,2014-12-21,0406,Aqua,MODIS,85,6.2,327.6,15,D,0
-30.6741,148.832,345.9,1.1,1,2014-12-21,0406,Aqua,MODIS,88,6.2,312.7,40.4,D,0
-31.1085,147.6076,340.6,1,1,2014-12-21,0406,Aqua,MODIS,81,6.2,322,11.9,D,0
-26.4167,147.4515,328.3,1,1,2014-12-21,0407,Aqua,MODIS,41,6.2,310.9,7.6,D,0
-26.4183,147.4411,337.9,1,1,2014-12-21,0407,Aqua,MODIS,79,6.2,312.3,22.2,D,0
-26.4662,149.847,327.5,1.3,1.1,2014-12-21,0407,Aqua,MODIS,54,6.2,303.3,15.1,D,0
-26.467,149.8541,324.8,1.3,1.1,2014-12-21,0407,Aqua,MODIS,43,6.2,305.2,13.3,D,0
-23.8007,150.0019,322.3,1.5,1.2,2014-12-21,0408,Aqua,MODIS,33,6.2,300.9,12.8,D,0
-26.1036,146.7926,329.1,1,1,2014-12-21,0408,Aqua,MODIS,22,6.2,311.3,7.1,D,0
-26.1051,146.7825,335,1,1,2014-12-21,0408,Aqua,MODIS,54,6.2,313.9,17.1,D,0
-23.3224,146.1772,359,1,1,2014-12-21,0408,Aqua,MODIS,99,6.2,311.2,68.6,D,0
-23.5173,150.171,341.3,1.6,1.2,2014-12-21,0408,Aqua,MODIS,87,6.2,304.1,60.2,D,0
-20.4989,148.5021,330.4,1.4,1.2,2014-12-21,0409,Aqua,MODIS,57,6.2,310.3,16.6,D,0
-21.4099,148.9924,328.9,1.4,1.2,2014-12-21,0409,Aqua,MODIS,52,6.2,304.3,21.3,D,0
-21.3267,148.2557,342.2,1.3,1.1,2014-12-21,0409,Aqua,MODIS,87,6.2,312.6,34.2,D,0
-21.3166,148.2536,362.7,1.3,1.1,2014-12-21,0409,Aqua,MODIS,100,6.2,315.6,102.3,D,0
-21.3146,148.2661,369,1.3,1.1,2014-12-21,0409,Aqua,MODIS,100,6.2,313.8,129.9,D,0
-20.5244,148.5124,330.8,1.4,1.2,2014-12-21,0409,Aqua,MODIS,29,6.2,311.2,14.2,D,0
-20.5348,148.5145,336.1,1.4,1.2,2014-12-21,0409,Aqua,MODIS,76,6.2,311.4,27.5,D,0
-20.4687,148.3624,331.5,1.3,1.1,2014-12-21,0409,Aqua,MODIS,44,6.2,310.2,24.3,D,0
-20.4123,148.3979,329.9,1.4,1.2,2014-12-21,0409,Aqua,MODIS,40,6.2,308.8,22.3,D,0
-20.402,148.3961,330.2,1.4,1.2,2014-12-21,0409,Aqua,MODIS,22,6.2,308.2,21.3,D,0
-21.3841,149.0155,332.3,1.4,1.2,2014-12-21,0409,Aqua,MODIS,68,6.2,304.4,34.6,D,0
-21.4121,148.9791,327.4,1.4,1.2,2014-12-21,0409,Aqua,MODIS,38,6.2,303.9,17.8,D,0
-21.3933,148.9615,338.3,1.4,1.2,2014-12-21,0409,Aqua,MODIS,83,6.2,304.5,47.5,D,0
-21.3911,148.9746,345.1,1.4,1.2,2014-12-21,0409,Aqua,MODIS,90,6.2,307.1,65.8,D,0
-21.3806,148.9724,348.5,1.4,1.2,2014-12-21,0409,Aqua,MODIS,92,6.2,301.7,78.1,D,0
-17.3836,137.8704,330.9,2,1.4,2014-12-21,0410,Aqua,MODIS,80,6.2,301.8,39.3,D,0
-17.3792,137.8838,326,2,1.4,2014-12-21,0410,Aqua,MODIS,68,6.2,300.4,21.6,D,0
-17.3814,137.8654,327.9,2,1.4,2014-12-21,0410,Aqua,MODIS,73,6.2,302,29.7,D,0
-15.4,145.2292,325.8,1.1,1,2014-12-21,0410,Aqua,MODIS,49,6.2,302.4,12.4,D,0
-15.5927,143.6027,392.7,1,1,2014-12-21,0410,Aqua,MODIS,87,6.2,303.9,199.9,D,0
-15.6283,143.6746,328.5,1,1,2014-12-21,0410,Aqua,MODIS,49,6.2,299.2,13.3,D,0
-17.1292,138.0411,335.2,1.9,1.3,2014-12-21,0410,Aqua,MODIS,65,6.2,304,54.4,D,0
-18.1617,145.4708,368.6,1,1,2014-12-21,0410,Aqua,MODIS,75,6.2,281.5,109.2,D,0
-16.8162,141.2436,333.9,1.2,1.1,2014-12-21,0410,Aqua,MODIS,76,6.2,301.7,19.9,D,0
-18.3328,143.9889,322,1,1,2014-12-21,0410,Aqua,MODIS,68,6.2,279.7,13.9,D,0
-15.7036,143.475,343.4,1,1,2014-12-21,0410,Aqua,MODIS,89,6.2,302.4,35.5,D,0
-15.625,144.452,323.6,1,1,2014-12-21,0410,Aqua,MODIS,0,6.2,296.9,11.7,D,0
-15.687,143.4629,324.9,1,1,2014-12-21,0410,Aqua,MODIS,35,6.2,298.5,8.9,D,0
-18.18,145.474,325.4,1,1,2014-12-21,0410,Aqua,MODIS,48,6.2,284,16.4,D,0
-16.7154,136.5464,319.2,2.4,1.5,2014-12-21,0410,Aqua,MODIS,30,6.2,292.5,25,D,0
-16.8384,143.7026,332.3,1,1,2014-12-21,0410,Aqua,MODIS,65,6.2,299.3,16,D,0
-16.0022,143.3113,358.2,1,1,2014-12-21,0410,Aqua,MODIS,93,6.2,300.1,64.7,D,0
-18.1602,145.4806,336,1,1,2014-12-21,0410,Aqua,MODIS,74,6.2,277.4,29.6,D,0
-17.3398,138.0079,334.8,1.9,1.4,2014-12-21,0410,Aqua,MODIS,77,6.2,306,43.3,D,0
-17.2726,138.0107,328.2,1.9,1.4,2014-12-21,0410,Aqua,MODIS,55,6.2,304.4,21.4,D,0
-17.3419,137.9897,331.5,1.9,1.4,2014-12-21,0410,Aqua,MODIS,38,6.2,306.9,34,D,0
-15.923,144.1167,329.8,1,1,2014-12-21,0410,Aqua,MODIS,32,6.2,299.9,14.7,D,0
-15.6546,143.7518,334.4,1,1,2014-12-21,0410,Aqua,MODIS,61,6.2,297.3,22.3,D,0
-15.656,143.7425,351.9,1,1,2014-12-21,0410,Aqua,MODIS,95,6.2,303.7,54.2,D,0
-15.6573,143.7332,335.1,1,1,2014-12-21,0410,Aqua,MODIS,58,6.2,300.9,23.4,D,0
-15.647,143.7411,334.4,1,1,2014-12-21,0410,Aqua,MODIS,66,6.2,300.7,22.8,D,0
-15.6176,143.7488,334.7,1,1,2014-12-21,0410,Aqua,MODIS,77,6.2,302.3,22.9,D,0
-15.579,143.7617,343,1,1,2014-12-21,0410,Aqua,MODIS,84,6.2,301.3,36.9,D,0
-15.561,143.9492,342.1,1,1,2014-12-21,0410,Aqua,MODIS,88,6.2,298.9,33.2,D,0
-15.552,143.9477,337.2,1,1,2014-12-21,0410,Aqua,MODIS,84,6.2,304.1,25,D,0
-18.1709,145.4724,340.6,1,1,2014-12-21,0410,Aqua,MODIS,85,6.2,283.1,38.2,D,0
-16.0202,143.3141,379.4,1,1,2014-12-21,0410,Aqua,MODIS,94,6.2,305.5,135.1,D,0
-16.736,143.6457,326.2,1,1,2014-12-21,0410,Aqua,MODIS,35,6.2,298.1,10.6,D,0
-16.7173,143.7762,330.5,1,1,2014-12-21,0410,Aqua,MODIS,56,6.2,297.6,15.5,D,0
-16.0188,143.3234,334.5,1,1,2014-12-21,0410,Aqua,MODIS,52,6.2,300.7,17.9,D,0
-15.9855,144.1333,333.7,1,1,2014-12-21,0410,Aqua,MODIS,49,6.2,303.4,16.8,D,0
-15.9738,144.1506,332.9,1,1,2014-12-21,0410,Aqua,MODIS,48,6.2,295.7,19.1,D,0
-15.5914,143.612,361.1,1,1,2014-12-21,0410,Aqua,MODIS,100,6.2,298.6,75.4,D,0
-15.613,143.6533,345.2,1,1,2014-12-21,0410,Aqua,MODIS,90,6.2,302.9,37.4,D,0
-15.595,143.6505,329.4,1,1,2014-12-21,0410,Aqua,MODIS,46,6.2,304.3,13.5,D,0
-17.117,138.0398,334.5,1.9,1.3,2014-12-21,0410,Aqua,MODIS,61,6.2,301.4,56.7,D,0
-16.9792,138.0815,335.8,1.9,1.3,2014-12-21,0410,Aqua,MODIS,84,6.2,300.6,58.7,D,0
-13.2019,142.2452,324.9,1,1,2014-12-21,0411,Aqua,MODIS,39,6.2,295.9,11.7,D,0
-15.0281,143.5632,334.2,1,1,2014-12-21,0411,Aqua,MODIS,74,6.2,291.8,16.3,D,0
-15.0295,143.554,335.2,1,1,2014-12-21,0411,Aqua,MODIS,75,6.2,290.1,18.3,D,0
-15.553,143.5624,368.2,1,1,2014-12-21,0411,Aqua,MODIS,100,6.2,304.4,99.3,D,0
-15.5824,143.6106,334.9,1,1,2014-12-21,0411,Aqua,MODIS,77,6.2,296.4,21.7,D,0
-15.0971,143.5997,349.6,1,1,2014-12-21,0411,Aqua,MODIS,88,6.2,302.6,45.3,D,0
-15.5838,143.6013,378.2,1,1,2014-12-21,0411,Aqua,MODIS,75,6.2,297.6,133.3,D,0
-15.5231,134.3367,326.2,3.4,1.7,2014-12-21,0411,Aqua,MODIS,57,6.2,294,83.1,D,0
-12.2126,142.609,326.5,1,1,2014-12-21,0411,Aqua,MODIS,61,6.2,297.3,9.8,D,0
-12.0648,142.677,325.3,1,1,2014-12-21,0411,Aqua,MODIS,43,6.2,299.2,9.8,D,0
-12.0751,142.6692,322.1,1,1,2014-12-21,0411,Aqua,MODIS,28,6.2,298.5,5.3,D,0
-15.049,144.4341,338.7,1,1,2014-12-21,0411,Aqua,MODIS,76,6.2,308.8,25.1,D,0
-15.0504,144.4246,364.8,1,1,2014-12-21,0411,Aqua,MODIS,100,6.2,310,87.2,D,0
-15.1034,143.6196,350.1,1,1,2014-12-21,0411,Aqua,MODIS,88,6.2,299,48,D,0
-15.0518,144.4151,374.8,1,1,2014-12-21,0411,Aqua,MODIS,100,6.2,308.2,123.9,D,0
-15.0944,143.6182,353.8,1,1,2014-12-21,0411,Aqua,MODIS,90,6.2,294.6,54.7,D,0
-15.1047,143.6103,352.2,1,1,2014-12-21,0411,Aqua,MODIS,95,6.2,296.5,51.7,D,0
-12.2049,142.5985,340.8,1,1,2014-12-21,0411,Aqua,MODIS,90,6.2,296.9,30.1,D,0
-15.5199,134.3687,326.3,3.4,1.7,2014-12-21,0411,Aqua,MODIS,57,6.2,292.2,74.9,D,0
-12.0661,142.6678,348.7,1,1,2014-12-21,0411,Aqua,MODIS,94,6.2,299,45.6,D,0
-15.0958,143.6089,362.7,1,1,2014-12-21,0411,Aqua,MODIS,100,6.2,304.1,77,D,0
-12.0777,142.651,338.6,1,1,2014-12-21,0411,Aqua,MODIS,89,6.2,300.5,25.7,D,0
-15.078,143.5993,348.5,1,1,2014-12-21,0411,Aqua,MODIS,90,6.2,305.8,40.2,D,0
-15.0327,143.6586,339.3,1,1,2014-12-21,0411,Aqua,MODIS,67,6.2,307.2,24.6,D,0
-12.0674,142.6587,337.5,1,1,2014-12-21,0411,Aqua,MODIS,88,6.2,298.1,24.8,D,0
-15.091,143.573,368.1,1,1,2014-12-21,0411,Aqua,MODIS,75,6.2,299.4,94.5,D,0
-15.1064,143.5349,327.5,1,1,2014-12-21,0411,Aqua,MODIS,53,6.2,291.5,13.7,D,0
-15.116,144.0398,333.4,1,1,2014-12-21,0411,Aqua,MODIS,41,6.2,305.4,17,D,0
-15.1097,144.0197,328.9,1,1,2014-12-21,0411,Aqua,MODIS,19,6.2,302.4,10.5,D,0
-15.0794,143.5901,364.2,1,1,2014-12-21,0411,Aqua,MODIS,100,6.2,305,80.4,D,0
-12.0764,142.6601,353.2,1,1,2014-12-21,0411,Aqua,MODIS,97,6.2,301.2,54.4,D,0
-15.1725,144.0256,336.2,1,1,2014-12-21,0411,Aqua,MODIS,69,6.2,307,19.8,D,0
-15.0111,143.6173,363.3,1,1,2014-12-21,0411,Aqua,MODIS,100,6.2,307.6,77.6,D,0
-15.1078,143.5257,349.6,1,1,2014-12-21,0411,Aqua,MODIS,81,6.2,299.8,49.6,D,0
-15.4141,144.1401,379.5,1,1,2014-12-21,0411,Aqua,MODIS,100,6.2,306.8,139.8,D,0
-15.4231,144.1415,340.3,1,1,2014-12-21,0411,Aqua,MODIS,69,6.2,304.1,31.1,D,0
-12.0687,142.6496,343.6,1,1,2014-12-21,0411,Aqua,MODIS,92,6.2,300.6,35.2,D,0
-15.5489,143.8426,328.1,1,1,2014-12-21,0411,Aqua,MODIS,68,6.2,300.2,17.3,D,0
-15.5693,143.385,325,1,1,2014-12-21,0411,Aqua,MODIS,51,6.2,296.7,11.3,D,0
-12.2139,142.5999,361.5,1,1,2014-12-21,0411,Aqua,MODIS,100,6.2,298.2,75.9,D,0
-15.5213,142.8769,330.4,1,1,2014-12-21,0411,Aqua,MODIS,62,6.2,305.1,11.7,D,0
-12.2152,142.5907,335.8,1,1,2014-12-21,0411,Aqua,MODIS,86,6.2,295.2,23.5,D,0
-15.5517,143.5717,334.7,1,1,2014-12-21,0411,Aqua,MODIS,79,6.2,298.6,22.8,D,0
-15.099,143.5175,349.4,1,1,2014-12-21,0411,Aqua,MODIS,93,6.2,301.4,47,D,0
-15.09,143.5161,331.7,1,1,2014-12-21,0411,Aqua,MODIS,58,6.2,299.1,17.7,D,0
-15.5259,144.0008,338.5,1,1,2014-12-21,0411,Aqua,MODIS,64,6.2,296.7,27,D,0
-15.5169,143.9994,385,1,1,2014-12-21,0411,Aqua,MODIS,75,6.2,300,162.3,D,0
-15.5182,143.9901,376.1,1,1,2014-12-21,0411,Aqua,MODIS,94,6.2,301.4,125.9,D,0
-12.1356,142.5729,330.8,1,1,2014-12-21,0411,Aqua,MODIS,82,6.2,299.3,16.2,D,0
-15.0098,143.6266,340.5,1,1,2014-12-21,0411,Aqua,MODIS,68,6.2,305.5,27.5,D,0
-15.4783,144.1368,352.4,1,1,2014-12-21,0411,Aqua,MODIS,90,6.2,300.8,55,D,0
-13.2858,143.0784,346.1,1,1,2014-12-21,0411,Aqua,MODIS,87,6.2,291.8,44.2,D,0
-15.4797,144.1274,353.5,1,1,2014-12-21,0411,Aqua,MODIS,83,6.2,300.1,57.2,D,0
-15.4709,144.1299,338.4,1,1,2014-12-21,0411,Aqua,MODIS,0,6.2,296.6,28.5,D,0
-13.3243,143.0656,332.5,1,1,2014-12-21,0411,Aqua,MODIS,46,6.2,281.2,23.4,D,0
-15.5252,134.3622,331.3,3.4,1.7,2014-12-21,0411,Aqua,MODIS,75,6.2,292.8,113.7,D,0
-14.0571,143.412,329.4,1,1,2014-12-21,0411,Aqua,MODIS,39,6.2,304.9,11.7,D,0
-12.2062,142.5894,330.9,1,1,2014-12-21,0411,Aqua,MODIS,78,6.2,296.2,16.4,D,0
-12.092,142.5506,327.9,1,1,2014-12-21,0411,Aqua,MODIS,80,6.2,299.3,12.5,D,0
-15.0255,143.5817,352.2,1,1,2014-12-21,0411,Aqua,MODIS,95,6.2,305,48.7,D,0
-12.101,142.552,326.2,1,1,2014-12-21,0411,Aqua,MODIS,72,6.2,298.8,10.3,D,0
-14.0405,143.4,327.9,1,1,2014-12-21,0411,Aqua,MODIS,45,6.2,305.1,10.1,D,0
-15.4217,144.1509,350.2,1,1,2014-12-21,0411,Aqua,MODIS,94,6.2,304.7,48.9,D,0
-12.1406,142.6017,344.4,1,1,2014-12-21,0411,Aqua,MODIS,92,6.2,298,37.1,D,0
-12.147,142.6213,326.8,1,1,2014-12-21,0411,Aqua,MODIS,79,6.2,297.5,11.4,D,0
-12.1483,142.6122,325.6,1,1,2014-12-21,0411,Aqua,MODIS,77,6.2,297.8,10,D,0
-12.1393,142.6108,348.2,1,1,2014-12-21,0411,Aqua,MODIS,94,6.2,298.5,44.5,D,0
-12.1227,142.599,327.6,1,1,2014-12-21,0411,Aqua,MODIS,79,6.2,299.2,12.1,D,0
-15.0105,144.5059,337.5,1,1,2014-12-21,0411,Aqua,MODIS,63,6.2,295.4,24.5,D,0
-15.0196,144.5074,339.2,1,1,2014-12-21,0411,Aqua,MODIS,41,6.2,308.2,26.7,D,0
-15.0224,144.4883,362.4,1,1,2014-12-21,0411,Aqua,MODIS,100,6.2,302.9,82.3,D,0
-15.021,144.4978,356.7,1,1,2014-12-21,0411,Aqua,MODIS,98,6.2,302.2,63.2,D,0
-12.1059,142.6524,326.2,1,1,2014-12-21,0411,Aqua,MODIS,78,6.2,299.6,10,D,0
-15.8701,136.4374,328.8,2.4,1.5,2014-12-21,0411,Aqua,MODIS,40,6.2,299.9,39.4,D,0
-15.0371,143.5646,336.2,1,1,2014-12-21,0411,Aqua,MODIS,71,6.2,304.7,17.7,D,0
-15.069,143.598,336.4,1,1,2014-12-21,0411,Aqua,MODIS,44,6.2,302.2,18.1,D,0
-15.0677,143.6072,328.8,1,1,2014-12-21,0411,Aqua,MODIS,45,6.2,295,6.2,D,0
-15.0385,143.5554,348.3,1,1,2014-12-21,0411,Aqua,MODIS,92,6.2,302.8,40.2,D,0
-12.1764,142.6723,329,1,1,2014-12-21,0411,Aqua,MODIS,81,6.2,296.8,14.6,D,0
-15.4697,142.9168,345.2,1,1,2014-12-21,0411,Aqua,MODIS,90,6.2,309.1,30.3,D,0
-15.489,142.9102,333.8,1,1,2014-12-21,0411,Aqua,MODIS,74,6.2,309.5,11.9,D,0
-15.498,142.9115,333.4,1,1,2014-12-21,0411,Aqua,MODIS,60,6.2,307.1,12.2,D,0
-15.4683,142.9261,334.2,1,1,2014-12-21,0411,Aqua,MODIS,76,6.2,307.5,12.2,D,0
-15.4492,142.9365,327.5,1,1,2014-12-21,0411,Aqua,MODIS,25,6.2,302.3,8,D,0
-15.4127,144.1494,357.5,1,1,2014-12-21,0411,Aqua,MODIS,93,6.2,306,66.3,D,0
-12.2216,142.6103,336.3,1,1,2014-12-21,0411,Aqua,MODIS,87,6.2,298,24,D,0
-12.2203,142.6195,327.3,1,1,2014-12-21,0411,Aqua,MODIS,59,6.2,297.3,13,D,0
-12.2332,142.5934,329.6,1,1,2014-12-21,0411,Aqua,MODIS,81,6.2,295.5,15.9,D,0
-12.2242,142.5921,338.5,1,1,2014-12-21,0411,Aqua,MODIS,88,6.2,295,28.3,D,0
-12.2229,142.6012,351.8,1,1,2014-12-21,0411,Aqua,MODIS,96,6.2,297.9,52.3,D,0
-12.6575,135.1599,313.6,2.7,1.6,2014-12-21,0412,Aqua,MODIS,62,6.2,275.8,40,D,0
-28.659,123.0628,353.6,1,1,2014-12-21,0546,Aqua,MODIS,96,6.2,314.1,48,D,0
-28.6606,123.0523,343.9,1,1,2014-12-21,0546,Aqua,MODIS,86,6.2,314,27,D,0
-28.6499,123.061,343.7,1,1,2014-12-21,0546,Aqua,MODIS,88,6.2,311,27.9,D,0
-28.6515,123.0505,340.8,1,1,2014-12-21,0546,Aqua,MODIS,85,6.2,312.4,22.5,D,0
-28.6408,123.0592,341.9,1,1,2014-12-21,0546,Aqua,MODIS,87,6.2,309.9,25.9,D,0
-25.8827,120.8552,360.3,1,1,2014-12-21,0547,Aqua,MODIS,100,6.2,323.8,55.9,D,0
-25.8841,120.8453,340.5,1,1,2014-12-21,0547,Aqua,MODIS,80,6.2,323.9,12.1,D,0
-25.1742,120.6017,361.6,1,1,2014-12-21,0547,Aqua,MODIS,77,6.2,303.6,67.8,D,0
-23.3756,119.6025,341.5,1,1,2014-12-21,0547,Aqua,MODIS,38,6.2,318.7,22.1,D,0
-25.1542,120.4149,350.5,1,1,2014-12-21,0547,Aqua,MODIS,92,6.2,325,29.4,D,0
-25.1736,120.5406,388.5,1,1,2014-12-21,0547,Aqua,MODIS,100,6.2,327.3,159.4,D,0
-23.3834,119.614,343.9,1,1,2014-12-21,0547,Aqua,MODIS,67,6.2,309.2,25.3,D,0
-25.1535,120.4862,383,1,1,2014-12-21,0547,Aqua,MODIS,100,6.2,327.2,131.4,D,0
-25.1973,122.1469,370.7,1,1,2014-12-21,0547,Aqua,MODIS,100,6.2,317.2,103.7,D,0
-25.1569,120.5275,368,1,1,2014-12-21,0547,Aqua,MODIS,100,6.2,324.3,80.5,D,0
-25.1722,120.5505,383.7,1,1,2014-12-21,0547,Aqua,MODIS,100,6.2,327.8,136.9,D,0
-25.1528,120.4249,361.7,1,1,2014-12-21,0547,Aqua,MODIS,100,6.2,325.3,56.3,D,0
-25.1618,120.4264,347.1,1,1,2014-12-21,0547,Aqua,MODIS,88,6.2,323.7,22,D,0
-25.1604,120.4364,346.6,1,1,2014-12-21,0547,Aqua,MODIS,88,6.2,324.1,21.4,D,0
-25.1708,120.5604,368.5,1,1,2014-12-21,0547,Aqua,MODIS,100,6.2,323,81,D,0
-25.1694,120.5704,362.3,1,1,2014-12-21,0547,Aqua,MODIS,95,6.2,322,63.9,D,0
-25.1784,120.5719,363.8,1,1,2014-12-21,0547,Aqua,MODIS,100,6.2,322.8,65.5,D,0
-25.177,120.5819,383.4,1,1,2014-12-21,0547,Aqua,MODIS,100,6.2,326.7,137.3,D,0
-25.168,120.5803,367.4,1,1,2014-12-21,0547,Aqua,MODIS,100,6.2,320.8,81.5,D,0
-23.3924,119.6155,378.3,1,1,2014-12-21,0547,Aqua,MODIS,0,6.2,307.9,125,D,0
-23.3938,119.6055,352.6,1,1,2014-12-21,0547,Aqua,MODIS,86,6.2,315.5,44.6,D,0
-23.3847,119.604,377.9,1,1,2014-12-21,0547,Aqua,MODIS,100,6.2,319.4,125.3,D,0
-25.1701,120.4992,354.3,1,1,2014-12-21,0547,Aqua,MODIS,95,6.2,321.4,38.1,D,0
-25.1687,120.5092,351.4,1,1,2014-12-21,0547,Aqua,MODIS,93,6.2,318.4,30.5,D,0
-25.175,120.5306,398.9,1,1,2014-12-21,0547,Aqua,MODIS,100,6.2,328.1,215.9,D,0
-25.1764,120.5207,374.6,1,1,2014-12-21,0547,Aqua,MODIS,100,6.2,326.7,101,D,0
-25.1583,120.5176,345.5,1,1,2014-12-21,0547,Aqua,MODIS,67,6.2,320.9,20.6,D,0
-25.1778,120.5107,347.4,1,1,2014-12-21,0547,Aqua,MODIS,68,6.2,323.5,24.3,D,0
-25.1604,120.5688,345.4,1,1,2014-12-21,0547,Aqua,MODIS,59,6.2,313.8,27.3,D,0
-25.1632,120.5489,352.8,1,1,2014-12-21,0547,Aqua,MODIS,94,6.2,323.5,35.2,D,0
-25.1645,120.539,354.1,1,1,2014-12-21,0547,Aqua,MODIS,95,6.2,325.2,37.4,D,0
-25.1019,120.4002,347.7,1,1,2014-12-21,0547,Aqua,MODIS,89,6.2,326.2,22.7,D,0
-25.1521,120.4961,407.4,1,1,2014-12-21,0547,Aqua,MODIS,100,6.2,327,266.9,D,0
-25.1541,120.5474,363.6,1,1,2014-12-21,0547,Aqua,MODIS,100,6.2,323.3,70.6,D,0
-25.1527,120.5573,349.2,1,1,2014-12-21,0547,Aqua,MODIS,55,6.2,319,36,D,0
-25.1611,120.4977,347.8,1,1,2014-12-21,0547,Aqua,MODIS,84,6.2,317,22.6,D,0
-25.095,120.45,345.1,1,1,2014-12-21,0547,Aqua,MODIS,78,6.2,324.6,19.4,D,0
-25.1659,120.5291,351.4,1,1,2014-12-21,0547,Aqua,MODIS,93,6.2,323.8,30.7,D,0
-25.1673,120.5191,352.6,1,1,2014-12-21,0547,Aqua,MODIS,94,6.2,325.1,33.4,D,0
-25.1597,120.5076,345.5,1,1,2014-12-21,0547,Aqua,MODIS,64,6.2,313.4,18.3,D,0
-25.1666,120.5902,372.9,1,1,2014-12-21,0547,Aqua,MODIS,94,6.2,313.1,105.4,D,0
-25.1555,120.5375,372.7,1,1,2014-12-21,0547,Aqua,MODIS,100,6.2,324.2,98.6,D,0
-25.1798,120.562,346.1,1,1,2014-12-21,0547,Aqua,MODIS,88,6.2,319.9,22.3,D,0
-23.3782,122.0554,338.2,1.1,1,2014-12-21,0547,Aqua,MODIS,59,6.2,315.9,12.1,D,0
-23.3766,122.0656,349.6,1.1,1,2014-12-21,0547,Aqua,MODIS,91,6.2,315.5,35.2,D,0
-25.0859,120.4484,345.1,1,1,2014-12-21,0547,Aqua,MODIS,79,6.2,323.4,19.4,D,0
-25.1033,120.3902,343.5,1,1,2014-12-21,0547,Aqua,MODIS,63,6.2,325.1,14,D,0
-25.1756,120.5918,408.9,1,1,2014-12-21,0547,Aqua,MODIS,100,6.2,323.6,285.6,D,0
-22.8228,115.1409,347.8,1.7,1.3,2014-12-21,0548,Aqua,MODIS,90,6.2,318.1,61.6,D,0
-21.2032,120.9621,339.9,1,1,2014-12-21,0548,Aqua,MODIS,80,6.2,315.6,11.8,D,0
-14.7668,127.7858,333.8,3.4,1.7,2014-12-21,0549,Aqua,MODIS,72,6.2,286.5,118.6,D,0
-14.7929,127.7982,370.6,3.4,1.7,2014-12-21,0549,Aqua,MODIS,75,6.2,285.4,629,D,0
-14.7824,127.7888,371.2,3.4,1.7,2014-12-21,0549,Aqua,MODIS,87,6.2,290.3,637.5,D,0
-14.798,127.7918,343,3.4,1.7,2014-12-21,0549,Aqua,MODIS,79,6.2,283.8,199.9,D,0
-14.7773,127.7952,360,3.4,1.7,2014-12-21,0549,Aqua,MODIS,75,6.2,288.2,426,D,0
-14.7617,127.7924,334,3.4,1.7,2014-12-21,0549,Aqua,MODIS,63,6.2,284.7,115.9,D,0
-20.7306,139.4755,313.3,1.1,1.1,2014-12-21,1334,Terra,MODIS,84,6.2,297.5,9.8,N,2
-18.1172,145.4617,304.3,3.3,1.7,2014-12-21,1335,Terra,MODIS,38,6.2,287.9,33.1,N,0
-18.1267,145.4951,304,3.3,1.7,2014-12-21,1335,Terra,MODIS,7,6.2,288,29.1,N,0
-17.7281,134.8983,302.5,1.1,1,2014-12-21,1335,Terra,MODIS,25,6.2,278.3,4.5,N,0
-17.7267,134.9081,302.2,1,1,2014-12-21,1335,Terra,MODIS,29,6.2,277.2,4.1,N,0
-17.8715,136.6913,323.1,1,1,2014-12-21,1335,Terra,MODIS,52,6.2,285.3,16.9,N,0
-17.8728,136.6819,323.7,1,1,2014-12-21,1335,Terra,MODIS,91,6.2,282.2,17.7,N,0
-17.8742,136.6725,329.9,1,1,2014-12-21,1335,Terra,MODIS,84,6.2,280.4,26.6,N,0
-17.8635,136.6841,309.1,1,1,2014-12-21,1335,Terra,MODIS,49,6.2,279.6,6.4,N,0
-17.8648,136.6747,317.2,1,1,2014-12-21,1335,Terra,MODIS,95,6.2,278.6,13.5,N,0
-13.3674,135.5874,305.5,1,1,2014-12-21,1336,Terra,MODIS,63,6.2,288.6,3.9,N,0
-13.3661,135.5966,314.9,1,1,2014-12-21,1336,Terra,MODIS,90,6.2,288.4,10.7,N,0
-13.5999,135.6976,312,1,1,2014-12-21,1336,Terra,MODIS,82,6.2,290.9,7.9,N,0
-13.5986,135.7068,307.7,1,1,2014-12-21,1336,Terra,MODIS,68,6.2,290,5,N,0
-23.8427,151.0226,305.3,1.2,1.1,2014-12-21,1504,Aqua,MODIS,64,6.2,290.3,8.2,N,0
-25.2219,151.9753,306.5,1.1,1,2014-12-21,1505,Aqua,MODIS,68,6.2,291,8,N,0
-29.1437,149.1595,311.8,1.3,1.1,2014-12-21,1506,Aqua,MODIS,83,6.2,290,17.4,N,0
-30.6609,148.8399,310.3,1.3,1.1,2014-12-21,1506,Aqua,MODIS,80,6.2,292.8,11.9,N,0
-25.1637,120.4441,307.7,2.2,1.4,2014-12-21,1512,Terra,MODIS,62,6.2,291.6,16.4,N,0
-25.1064,120.6073,321,2.3,1.5,2014-12-21,1512,Terra,MODIS,100,6.2,295.5,51.3,N,0
-25.1363,120.5224,332.3,2.2,1.4,2014-12-21,1512,Terra,MODIS,100,6.2,293.9,95.8,N,0
-25.0872,120.436,307.1,2.2,1.4,2014-12-21,1512,Terra,MODIS,36,6.2,293.7,18.1,N,0
-25.1405,120.5008,313,2.2,1.4,2014-12-21,1512,Terra,MODIS,84,6.2,293.7,30.7,N,0
-25.1107,120.5852,340.3,2.2,1.5,2014-12-21,1512,Terra,MODIS,100,6.2,294,134.3,N,0
-25.0977,120.5821,318.8,2.2,1.5,2014-12-21,1512,Terra,MODIS,95,6.2,294.9,46.3,N,0
-25.1616,120.4607,323.9,2.2,1.4,2014-12-21,1512,Terra,MODIS,100,6.2,291.4,60.6,N,0
-25.1582,120.6198,318.3,2.3,1.5,2014-12-21,1512,Terra,MODIS,94,6.2,293.6,41.7,N,0
-25.1594,120.4657,320.9,2.2,1.4,2014-12-21,1512,Terra,MODIS,100,6.2,291.2,49.9,N,0
-25.1593,120.6021,340,2.2,1.5,2014-12-21,1512,Terra,MODIS,100,6.2,295.4,131.9,N,0
-25.1624,120.5974,330,2.2,1.5,2014-12-21,1512,Terra,MODIS,100,6.2,295.1,82.2,N,0
-21.8611,118.3481,306.9,1.8,1.3,2014-12-21,1513,Terra,MODIS,18,6.2,295.1,9.4,N,0
-21.8647,118.3614,309.2,1.8,1.3,2014-12-21,1513,Terra,MODIS,72,6.2,295.7,14,N,0
-21.9277,118.1832,309.6,1.8,1.3,2014-12-21,1513,Terra,MODIS,74,6.2,295.1,16.5,N,0
-25.1254,120.6093,307.2,2.8,1.6,2014-12-21,1644,Aqua,MODIS,49,6.2,292.6,25.3,N,0
-25.1113,120.6128,313.5,2.8,1.6,2014-12-21,1644,Aqua,MODIS,87,6.2,292.9,44.7,N,0
-25.1205,120.6335,304.3,2.7,1.6,2014-12-21,1644,Aqua,MODIS,36,6.2,292.5,18,N,0
-25.1148,120.6068,315.3,2.8,1.6,2014-12-21,1644,Aqua,MODIS,91,6.2,293,52.1,N,0
-25.0916,120.5894,315.9,2.8,1.6,2014-12-21,1644,Aqua,MODIS,92,6.2,293.1,54.4,N,0
-25.1057,120.5859,314.5,2.8,1.6,2014-12-21,1644,Aqua,MODIS,89,6.2,292.8,48.3,N,0
-25.1627,120.6231,303.4,2.7,1.6,2014-12-21,1644,Aqua,MODIS,5,6.2,292,19.1,N,0
-12.0585,142.6591,327.8,2.2,1.4,2014-12-22,0026,Terra,MODIS,81,6.2,292.9,51,D,0
-12.0599,142.6727,323.8,2.2,1.4,2014-12-22,0026,Terra,MODIS,77,6.2,293.2,37.3,D,0
-12.0856,142.6683,328.3,2.2,1.4,2014-12-22,0026,Terra,MODIS,81,6.2,293.7,50.9,D,0
-12.0564,142.6525,321.4,2.2,1.4,2014-12-22,0026,Terra,MODIS,74,6.2,293.2,27.8,D,0
-13.2362,142.6296,320.2,2.1,1.4,2014-12-22,0027,Terra,MODIS,49,6.2,294.9,17.6,D,0
-13.2364,142.6237,321.2,2.1,1.4,2014-12-22,0027,Terra,MODIS,46,6.2,294.3,18.7,D,0
-16.0106,143.3051,346.7,1.7,1.3,2014-12-22,0027,Terra,MODIS,93,6.2,296.5,87.5,D,0
-15.2104,143.8947,319.2,1.6,1.2,2014-12-22,0027,Terra,MODIS,51,6.2,291.5,14,D,0
-15.02,143.5838,363.2,1.7,1.3,2014-12-22,0027,Terra,MODIS,87,6.2,288.5,170.9,D,0
-15.5828,143.8486,338.7,1.6,1.2,2014-12-22,0027,Terra,MODIS,82,6.2,294.9,55.6,D,0
-15.5851,143.8629,325.6,1.5,1.2,2014-12-22,0027,Terra,MODIS,35,6.2,292.4,23.7,D,0
-15.5858,143.856,331,1.5,1.2,2014-12-22,0027,Terra,MODIS,50,6.2,294.4,35.5,D,0
-15.5943,143.84,335.5,1.6,1.2,2014-12-22,0027,Terra,MODIS,85,6.2,297.7,48.8,D,0
-15.6756,143.7753,335.5,1.6,1.2,2014-12-22,0027,Terra,MODIS,80,6.2,296.8,45.4,D,0
-15.6841,143.7588,362,1.6,1.2,2014-12-22,0027,Terra,MODIS,100,6.2,301.4,151.9,D,0
-15.6866,143.7732,332.1,1.6,1.2,2014-12-22,0027,Terra,MODIS,69,6.2,299.1,33.6,D,0
-15.6927,143.7423,328.6,1.6,1.2,2014-12-22,0027,Terra,MODIS,43,6.2,297.2,28.1,D,0
-15.6951,143.7568,340.8,1.6,1.2,2014-12-22,0027,Terra,MODIS,89,6.2,299.8,60.7,D,0
-13.3263,143.0887,337.7,1.9,1.4,2014-12-22,0027,Terra,MODIS,87,6.2,296.7,69.1,D,0
-13.3298,143.0822,333.1,1.9,1.4,2014-12-22,0027,Terra,MODIS,81,6.2,296.5,51.3,D,0
-15.0029,144.5158,328.9,1.4,1.2,2014-12-22,0027,Terra,MODIS,59,6.2,298.6,20,D,0
-15.3681,144.4272,325.8,1.4,1.2,2014-12-22,0027,Terra,MODIS,73,6.2,297.9,23.4,D,0
-17.0887,143.9423,329.4,1.4,1.2,2014-12-22,0028,Terra,MODIS,52,6.2,305.6,13.1,D,0
-18.3189,143.9916,326.8,1.4,1.2,2014-12-22,0028,Terra,MODIS,60,6.2,304.4,14.8,D,0
-18.3063,143.9805,333.5,1.4,1.2,2014-12-22,0028,Terra,MODIS,80,6.2,305.7,28.1,D,0
-17.0864,143.9289,328.9,1.4,1.2,2014-12-22,0028,Terra,MODIS,33,6.2,304.8,12.5,D,0
-18.2871,143.9306,329.7,1.4,1.2,2014-12-22,0028,Terra,MODIS,74,6.2,303.6,22.1,D,0
-18.2893,143.9437,331.1,1.4,1.2,2014-12-22,0028,Terra,MODIS,77,6.2,305.6,25.4,D,0
-17.6272,143.3918,330.1,1.5,1.2,2014-12-22,0028,Terra,MODIS,74,6.2,302.8,21.8,D,0
-17.6283,143.3856,331.7,1.5,1.2,2014-12-22,0028,Terra,MODIS,77,6.2,302.5,26.9,D,0
-17.1228,143.9501,328,1.4,1.2,2014-12-22,0028,Terra,MODIS,29,6.2,304.3,15.2,D,0
-18.3041,143.9677,331.4,1.4,1.2,2014-12-22,0028,Terra,MODIS,77,6.2,306.5,23.9,D,0
-18.1361,145.5122,328.4,1.1,1.1,2014-12-22,0028,Terra,MODIS,59,6.2,302.7,16.1,D,0
-17.1251,143.9635,340,1.4,1.2,2014-12-22,0028,Terra,MODIS,87,6.2,304.2,44.3,D,0
-18.2915,143.9566,328.8,1.4,1.2,2014-12-22,0028,Terra,MODIS,73,6.2,306.2,20.2,D,0
-18.1103,145.4726,337.2,1.1,1.1,2014-12-22,0028,Terra,MODIS,80,6.2,300.8,29.8,D,0
-18.1801,145.4542,328.1,1.1,1.1,2014-12-22,0028,Terra,MODIS,56,6.2,300,17.9,D,0
-18.1198,145.4709,329.9,1.1,1.1,2014-12-22,0028,Terra,MODIS,65,6.2,299.4,17.4,D,0
-19.7051,147.0186,333.6,1,1,2014-12-22,0028,Terra,MODIS,68,6.2,312.9,15.9,D,0
-19.7066,147.0281,347.2,1,1,2014-12-22,0028,Terra,MODIS,91,6.2,312.6,38.6,D,0
-21.118,144.4872,340.3,1.2,1.1,2014-12-22,0029,Terra,MODIS,82,6.2,312,28.9,D,0
-21.1162,144.476,336.4,1.2,1.1,2014-12-22,0029,Terra,MODIS,75,6.2,311.9,21.5,D,0
-21.1065,144.4777,332.9,1.2,1.1,2014-12-22,0029,Terra,MODIS,66,6.2,312.1,15.6,D,0
-23.5318,150.481,317.3,1.4,1.2,2014-12-22,0029,Terra,MODIS,48,6.2,296.3,13.1,D,0
-23.7904,146.508,340.3,1,1,2014-12-22,0029,Terra,MODIS,87,6.2,306.2,31,D,0
-23.7919,146.5178,336.6,1,1,2014-12-22,0029,Terra,MODIS,83,6.2,306.6,25.1,D,0
-23.5133,150.1847,322.4,1.3,1.1,2014-12-22,0029,Terra,MODIS,60,6.2,301.1,15.5,D,0
-27.9353,153.1458,318,2.4,1.5,2014-12-22,0030,Terra,MODIS,54,6.2,298.2,40.4,D,0
-25.7251,152.4686,327.7,2,1.4,2014-12-22,0030,Terra,MODIS,81,6.2,292,58,D,0
-26.4204,149.7995,328.3,1.3,1.2,2014-12-22,0030,Terra,MODIS,80,6.2,297.5,28.9,D,0
-28.2412,150.1877,322.9,1.5,1.2,2014-12-22,0030,Terra,MODIS,49,6.2,304.7,13.8,D,0
-28.2395,150.1724,321.5,1.5,1.2,2014-12-22,0030,Terra,MODIS,44,6.2,304.4,11.6,D,0
-14.6792,131.7926,330.6,2.8,1.6,2014-12-22,0205,Terra,MODIS,76,6.2,293.1,73.2,D,0
-14.6821,131.8185,329.3,2.8,1.6,2014-12-22,0205,Terra,MODIS,74,6.2,294,64.8,D,0
-16.9353,134.4374,320.4,4.7,2,2014-12-22,0206,Terra,MODIS,56,6.2,292.9,69.8,D,0
-16.9338,134.4324,320.4,4.7,2,2014-12-22,0206,Terra,MODIS,68,6.2,293,73.8,D,0
-18.9628,133.4995,325.8,4.3,1.9,2014-12-22,0206,Terra,MODIS,56,6.2,293.4,74.4,D,0
-18.9649,133.4938,327.3,4.3,1.9,2014-12-22,0206,Terra,MODIS,70,6.2,293.4,90,D,0
-15.5767,130.2298,324.1,2.2,1.4,2014-12-22,0206,Terra,MODIS,62,6.2,295.1,30.1,D,0
-15.3015,124.7011,321.4,1,1,2014-12-22,0206,Terra,MODIS,0,6.2,303,11.3,D,0
-15.5791,130.2501,324,2.2,1.4,2014-12-22,0206,Terra,MODIS,66,6.2,293.9,30.6,D,0
-25.1546,120.6143,336.1,1,1,2014-12-22,0208,Terra,MODIS,43,6.2,314.9,12.3,D,0
-25.0977,120.3659,333.3,1,1,2014-12-22,0208,Terra,MODIS,54,6.2,314,9.2,D,0
-25.1424,120.3615,338.5,1,1,2014-12-22,0208,Terra,MODIS,53,6.2,313.1,19.4,D,0
-25.1672,120.4609,356.3,1,1,2014-12-22,0208,Terra,MODIS,97,6.2,314.2,57,D,0
-25.144,120.3717,344.2,1,1,2014-12-22,0208,Terra,MODIS,85,6.2,313.8,28.5,D,0
-25.1471,120.3919,340.8,1,1,2014-12-22,0208,Terra,MODIS,81,6.2,314.4,22.3,D,0
-25.1742,120.6211,361.9,1,1,2014-12-22,0208,Terra,MODIS,100,6.2,309.8,68.6,D,0
-25.1727,120.6111,352.3,1,1,2014-12-22,0208,Terra,MODIS,94,6.2,312.2,44.8,D,0
-25.1419,120.4097,334.7,1,1,2014-12-22,0208,Terra,MODIS,52,6.2,312.7,9.8,D,0
-25.1122,120.5808,337,1,1,2014-12-22,0208,Terra,MODIS,73,6.2,312.8,15.3,D,0
-25.1107,120.5708,382.5,1,1,2014-12-22,0208,Terra,MODIS,100,6.2,316.6,143.1,D,0
-25.1091,120.5607,360.3,1,1,2014-12-22,0208,Terra,MODIS,100,6.2,316.2,63.6,D,0
-25.1076,120.5507,348.8,1,1,2014-12-22,0208,Terra,MODIS,91,6.2,316.7,35.5,D,0
-25.106,120.5406,339.5,1,1,2014-12-22,0208,Terra,MODIS,74,6.2,315.4,18.4,D,0
-25.1455,120.3818,355.8,1,1,2014-12-22,0208,Terra,MODIS,96,6.2,315.2,53.8,D,0
-25.1515,120.3599,425,1,1,2014-12-22,0208,Terra,MODIS,100,6.2,318.8,434.3,D,0
-25.1531,120.37,380.5,1,1,2014-12-22,0208,Terra,MODIS,100,6.2,306.6,138.7,D,0
-25.1546,120.3801,343.9,1,1,2014-12-22,0208,Terra,MODIS,85,6.2,310.4,28.9,D,0
-25.1758,120.6311,363.3,1,1,2014-12-22,0208,Terra,MODIS,100,6.2,312.8,72.4,D,0
-25.1682,120.6428,355.4,1,1,2014-12-22,0208,Terra,MODIS,96,6.2,317,49.4,D,0
-25.1667,120.6327,368.9,1,1,2014-12-22,0208,Terra,MODIS,100,6.2,320.7,88.2,D,0
-25.1429,120.7808,330.3,1,1,2014-12-22,0208,Terra,MODIS,40,6.2,312.4,8.8,D,0
-25.1656,120.4508,354.9,1,1,2014-12-22,0208,Terra,MODIS,96,6.2,315.1,53.6,D,0
-23.107,120.6672,341.7,1,1,2014-12-22,0208,Terra,MODIS,84,6.2,310.3,25.4,D,0
-23.0994,120.6789,345.4,1,1,2014-12-22,0208,Terra,MODIS,88,6.2,311.8,33.3,D,0
-23.0978,120.6688,341.7,1,1,2014-12-22,0208,Terra,MODIS,84,6.2,312.7,25.6,D,0
-23.0171,119.4062,342,1.2,1.1,2014-12-22,0208,Terra,MODIS,83,6.2,312.3,32.3,D,0
-22.7547,118.8114,362.6,1.2,1.1,2014-12-22,0208,Terra,MODIS,100,6.2,312.5,92.9,D,0
-22.7567,118.8234,343.2,1.2,1.1,2014-12-22,0208,Terra,MODIS,85,6.2,314.2,30.5,D,0
-22.8311,115.1347,379.5,2.2,1.4,2014-12-22,0208,Terra,MODIS,100,6.2,319.7,396.1,D,0
-22.835,115.1557,353.7,2.2,1.4,2014-12-22,0208,Terra,MODIS,95,6.2,316.6,146.7,D,0
-22.8438,115.1318,397.1,2.2,1.4,2014-12-22,0208,Terra,MODIS,100,6.2,313.6,662.1,D,0
-22.8477,115.1528,370.2,2.2,1.4,2014-12-22,0208,Terra,MODIS,100,6.2,314.6,292.1,D,0
-22.8297,115.1291,355.3,2.2,1.4,2014-12-22,0208,Terra,MODIS,96,6.2,317.1,160.3,D,0
-22.8338,115.15,354.9,2.2,1.4,2014-12-22,0208,Terra,MODIS,96,6.2,318.1,157.1,D,0
-22.8424,115.1262,382.1,2.2,1.4,2014-12-22,0208,Terra,MODIS,100,6.2,312.5,436.1,D,0
-22.8465,115.1471,390.2,2.2,1.4,2014-12-22,0208,Terra,MODIS,100,6.2,315.9,546.9,D,0
-22.7448,118.8134,337.3,1.2,1.1,2014-12-22,0208,Terra,MODIS,65,6.2,312.5,18.5,D,0
-25.8906,120.8519,334.5,1,1,2014-12-22,0209,Terra,MODIS,72,6.2,313.5,12.2,D,0
-25.8815,120.8535,336.4,1,1,2014-12-22,0209,Terra,MODIS,76,6.2,315,15.2,D,0
-26.2503,151.3648,319.3,2.8,1.6,2014-12-22,0312,Aqua,MODIS,68,6.2,298.4,44,D,0
-22.943,149.7311,314,3.3,1.7,2014-12-22,0313,Aqua,MODIS,50,6.2,294.4,34.2,D,0
-23.5133,150.5465,316.9,2.9,1.6,2014-12-22,0313,Aqua,MODIS,62,6.2,296.7,36.3,D,0
-23.5171,150.1824,316.6,3.1,1.7,2014-12-22,0313,Aqua,MODIS,55,6.2,293.1,39.4,D,0
-20.5291,148.4993,318.1,3.8,1.8,2014-12-22,0314,Aqua,MODIS,60,6.2,298.5,51.6,D,0
-20.253,148.3786,315.9,3.9,1.8,2014-12-22,0314,Aqua,MODIS,59,6.2,299.5,49.3,D,0
-15.8902,142.5317,323.4,3.8,1.8,2014-12-22,0453,Aqua,MODIS,58,6.2,288.8,79.2,D,0
-18.3186,143.9736,326,4.3,1.9,2014-12-22,0453,Aqua,MODIS,38,6.2,298.8,99.6,D,0
-18.0422,133.8182,336.1,1,1,2014-12-22,0453,Aqua,MODIS,83,6.2,303,21.4,D,0
-17.8336,134.172,328.4,1,1,2014-12-22,0453,Aqua,MODIS,72,6.2,303.8,11.7,D,0
-17.0744,135.7808,345.5,1.2,1.1,2014-12-22,0453,Aqua,MODIS,0,6.2,295.8,50.3,D,0
-17.0094,135.4824,330.1,1.2,1.1,2014-12-22,0453,Aqua,MODIS,49,6.2,302.2,15.3,D,0
-15.8925,142.5605,330.4,3.8,1.8,2014-12-22,0453,Aqua,MODIS,63,6.2,288,143.9,D,0
-19.4592,138.6799,349.7,1.7,1.3,2014-12-22,0453,Aqua,MODIS,92,6.2,305.2,93.6,D,0
-19.4624,138.6749,343.2,1.7,1.3,2014-12-22,0453,Aqua,MODIS,86,6.2,305.3,66.8,D,0
-15.8833,142.5665,332.2,3.8,1.8,2014-12-22,0453,Aqua,MODIS,0,6.2,287.7,158.4,D,0
-19.4511,138.6726,339.2,1.7,1.3,2014-12-22,0453,Aqua,MODIS,81,6.2,307,51.4,D,0
-18.9741,134.4916,340.3,1,1,2014-12-22,0453,Aqua,MODIS,55,6.2,314.8,19.5,D,0
-15.5399,143.8253,315.3,4.8,2,2014-12-22,0453,Aqua,MODIS,48,6.2,291.5,58.2,D,0
-19.6428,134.4481,340.9,1,1,2014-12-22,0453,Aqua,MODIS,83,6.2,312.1,22.3,D,0
-19.5401,134.3362,358,1,1,2014-12-22,0453,Aqua,MODIS,98,6.2,307.3,61,D,0
-20.053,133.8451,412.7,1,1,2014-12-22,0453,Aqua,MODIS,100,6.2,319.5,307.7,D,0
-20.0364,133.8367,348.8,1,1,2014-12-22,0453,Aqua,MODIS,91,6.2,310.5,34.2,D,0
-20.0378,133.8272,342.6,1,1,2014-12-22,0453,Aqua,MODIS,72,6.2,315,24.2,D,0
-20.0516,133.8546,363.4,1,1,2014-12-22,0453,Aqua,MODIS,100,6.2,314.9,64.6,D,0
-13.6066,135.699,333.7,1.3,1.1,2014-12-22,0454,Aqua,MODIS,76,6.2,304.5,21.6,D,0
-13.6187,135.6886,343.9,1.3,1.1,2014-12-22,0454,Aqua,MODIS,88,6.2,302.1,46.4,D,0
-13.6025,135.6669,330.2,1.3,1.1,2014-12-22,0454,Aqua,MODIS,67,6.2,303.2,14,D,0
-13.6006,135.6789,343.6,1.3,1.1,2014-12-22,0454,Aqua,MODIS,88,6.2,304.2,43.4,D,0
-13.6003,135.6733,341.9,1.3,1.1,2014-12-22,0454,Aqua,MODIS,86,6.2,303.4,41.4,D,0
-13.5983,135.6853,335.4,1.3,1.1,2014-12-22,0454,Aqua,MODIS,78,6.2,304.1,25.5,D,0
-13.6085,135.6869,335.8,1.3,1.1,2014-12-22,0454,Aqua,MODIS,79,6.2,304,27.2,D,0
-13.9891,135.2195,335.7,1.2,1.1,2014-12-22,0454,Aqua,MODIS,75,6.2,304.6,31.4,D,0
-13.6124,135.6629,358.9,1.3,1.1,2014-12-22,0454,Aqua,MODIS,99,6.2,305,100.4,D,0
-13.6105,135.6749,356.2,1.3,1.1,2014-12-22,0454,Aqua,MODIS,97,6.2,305.9,87.7,D,0
-13.6226,135.6646,362,1.3,1.1,2014-12-22,0454,Aqua,MODIS,100,6.2,302.8,112.9,D,0
-13.6207,135.6766,341.9,1.3,1.1,2014-12-22,0454,Aqua,MODIS,86,6.2,302.2,43.2,D,0
-13.6168,135.7007,356.1,1.3,1.1,2014-12-22,0454,Aqua,MODIS,97,6.2,304.7,85.4,D,0
-12.2187,142.7109,340.1,4.6,2,2014-12-22,0454,Aqua,MODIS,90,6.2,282.8,329.8,D,0
-12.2012,142.7074,346.1,4.6,2,2014-12-22,0454,Aqua,MODIS,81,6.2,284.1,428.8,D,0
-13.1185,135.8638,338.4,1.4,1.2,2014-12-22,0454,Aqua,MODIS,64,6.2,291.1,43.4,D,0
-12.6493,135.1509,341.2,1.3,1.1,2014-12-22,0454,Aqua,MODIS,87,6.2,296.3,51.3,D,0
-12.6476,135.1624,326.8,1.3,1.1,2014-12-22,0454,Aqua,MODIS,47,6.2,295.6,21.6,D,0
-12.2012,142.7164,344,4.6,2,2014-12-22,0454,Aqua,MODIS,80,6.2,284.7,393.1,D,0
-14.815,134.2958,344.3,1.1,1,2014-12-22,0454,Aqua,MODIS,89,6.2,303.9,38.5,D,0
-13.2067,133.5251,341.5,1.1,1,2014-12-22,0454,Aqua,MODIS,75,6.2,305.6,31.6,D,0
-12.506,131.6347,339.5,1,1,2014-12-22,0455,Aqua,MODIS,61,6.2,291.4,31.8,D,0
-13.2212,130.2534,325.2,1.1,1,2014-12-22,0455,Aqua,MODIS,36,6.2,303,14.5,D,0
-25.1818,122.1086,332.4,4.7,2,2014-12-22,0629,Aqua,MODIS,52,6.2,300.3,138.2,D,0
-25.1808,122.1162,333.3,4.7,2,2014-12-22,0629,Aqua,MODIS,58,6.2,300.3,151.5,D,0
-25.1874,120.5403,338.5,3.7,1.8,2014-12-22,0630,Aqua,MODIS,67,6.2,297,189.4,D,0
-25.1396,120.4068,337.8,3.6,1.8,2014-12-22,0630,Aqua,MODIS,66,6.2,300.9,148.2,D,0
-23.0967,120.6963,330.3,4.2,1.9,2014-12-22,0630,Aqua,MODIS,24,6.2,302.3,104.9,D,0
-25.1707,120.3408,332.3,3.6,1.8,2014-12-22,0630,Aqua,MODIS,42,6.2,303.4,102.2,D,0
-25.1316,120.3672,334.9,3.6,1.8,2014-12-22,0630,Aqua,MODIS,44,6.2,301.4,113.8,D,0
-25.149,120.4049,339.4,3.6,1.8,2014-12-22,0630,Aqua,MODIS,68,6.2,299.8,172.1,D,0
-23.0938,120.6874,332.8,4.2,1.9,2014-12-22,0630,Aqua,MODIS,50,6.2,301.3,132.1,D,0
-21.9065,118.3303,331.4,3.1,1.7,2014-12-22,0631,Aqua,MODIS,40,6.2,304.3,61.2,D,0
-21.8917,118.327,347.6,3.1,1.7,2014-12-22,0631,Aqua,MODIS,89,6.2,306.2,188.6,D,0
-28.2333,150.1788,303.5,1.1,1.1,2014-12-22,1237,Terra,MODIS,55,6.2,293.5,5.3,N,0
-28.3399,149.974,309.1,1.2,1.1,2014-12-22,1237,Terra,MODIS,77,6.2,294.4,9.1,N,0
-25.8608,149.558,314.7,1.1,1.1,2014-12-22,1237,Terra,MODIS,90,6.2,293.1,15.1,N,0
-25.8622,149.5465,308.7,1.2,1.1,2014-12-22,1237,Terra,MODIS,75,6.2,293.1,9.6,N,0
-28.4283,149.4883,312.4,1.2,1.1,2014-12-22,1237,Terra,MODIS,85,6.2,293.1,13.4,N,0
-28.4268,149.5009,304.4,1.2,1.1,2014-12-22,1237,Terra,MODIS,60,6.2,293.8,5.8,N,0
-24.8803,151.1569,304.4,1,1,2014-12-22,1237,Terra,MODIS,60,6.2,290.9,6.2,N,0
-25.6827,149.9361,317.9,1.1,1,2014-12-22,1237,Terra,MODIS,96,6.2,293.1,17.9,N,0
-25.6841,149.9251,309.3,1.1,1,2014-12-22,1237,Terra,MODIS,77,6.2,292.7,10,N,0
-26.8993,148.3347,304.5,1.4,1.2,2014-12-22,1237,Terra,MODIS,60,6.2,294.1,7.3,N,0
-25.7506,152.4761,306.9,1,1,2014-12-22,1237,Terra,MODIS,66,6.2,292,7,N,0
-25.7521,152.4661,309.9,1,1,2014-12-22,1237,Terra,MODIS,70,6.2,292,8.8,N,0
-25.7236,152.4712,313.4,1,1,2014-12-22,1237,Terra,MODIS,87,6.2,292.6,11.3,N,0
-25.8511,149.5566,304.3,1.1,1.1,2014-12-22,1237,Terra,MODIS,60,6.2,292.1,6.2,N,0
-25.8526,149.545,303.4,1.2,1.1,2014-12-22,1237,Terra,MODIS,55,6.2,292.3,5.6,N,0
-24.6554,145.1019,307.4,2.1,1.4,2014-12-22,1238,Terra,MODIS,71,6.2,295.4,16.5,N,0
-23.8968,150.8374,307,1,1,2014-12-22,1238,Terra,MODIS,47,6.2,292.1,6.6,N,0
-21.8384,149.2085,305.1,1.1,1,2014-12-22,1238,Terra,MODIS,36,6.2,292.1,7.2,N,0
-22.7701,149.8652,306.2,1.1,1,2014-12-22,1238,Terra,MODIS,67,6.2,293,6.7,N,0
-21.37,149.0256,304.5,1.1,1,2014-12-22,1238,Terra,MODIS,55,6.2,291.9,6.7,N,0
-22.7014,149.4283,307.7,1.1,1,2014-12-22,1238,Terra,MODIS,66,6.2,292.9,7.7,N,0
-22.7029,149.4175,307.6,1.1,1,2014-12-22,1238,Terra,MODIS,57,6.2,293.4,7.4,N,0
-22.7043,149.407,333.3,1.1,1,2014-12-22,1238,Terra,MODIS,100,6.2,295.3,36,N,0
-22.7057,149.3963,324.3,1.1,1,2014-12-22,1238,Terra,MODIS,100,6.2,294.2,23.6,N,0
-22.6935,149.4162,305.2,1.1,1,2014-12-22,1238,Terra,MODIS,13,6.2,292.2,5.5,N,0
-22.6949,149.4056,326.3,1.1,1,2014-12-22,1238,Terra,MODIS,100,6.2,293.2,25.9,N,0
-22.6963,149.3948,316.3,1.1,1,2014-12-22,1238,Terra,MODIS,93,6.2,293.1,14.9,N,0
-23.7817,148.7064,304.8,1.2,1.1,2014-12-22,1238,Terra,MODIS,62,6.2,294,6.6,N,0
-18.2142,145.1741,306.2,1.7,1.3,2014-12-22,1239,Terra,MODIS,49,6.2,291.4,13.8,N,0
-20.5308,148.5104,304.6,1.1,1.1,2014-12-22,1239,Terra,MODIS,61,6.2,293.2,6.6,N,0
-18.2172,145.1685,301.5,1.7,1.3,2014-12-22,1239,Terra,MODIS,31,6.2,291.4,8.8,N,0
-20.4149,147.9129,306,1.2,1.1,2014-12-22,1239,Terra,MODIS,26,6.2,292.1,7.1,N,0
-20.4095,147.8761,306.7,1.2,1.1,2014-12-22,1239,Terra,MODIS,48,6.2,293,7.9,N,0
-18.2038,145.1829,302.9,1.7,1.3,2014-12-22,1239,Terra,MODIS,52,6.2,290.9,10.8,N,0
-21.3135,148.9779,304.8,1.1,1,2014-12-22,1239,Terra,MODIS,51,6.2,290.4,6.7,N,0
-18.1901,145.4852,304.5,1.6,1.2,2014-12-22,1239,Terra,MODIS,60,6.2,292.3,10.2,N,0
-18.1918,145.4704,307.6,1.6,1.2,2014-12-22,1239,Terra,MODIS,72,6.2,292,14.1,N,0
-21.2947,148.9746,302.2,1.1,1,2014-12-22,1239,Terra,MODIS,24,6.2,290.2,5.1,N,0
-18.1608,145.4455,303.8,1.6,1.3,2014-12-22,1239,Terra,MODIS,57,6.2,291.6,10.6,N,0
-18.191,145.4796,309.9,1.6,1.2,2014-12-22,1239,Terra,MODIS,79,6.2,292.3,16.1,N,0
-21.3041,148.9763,314.1,1.1,1,2014-12-22,1239,Terra,MODIS,89,6.2,292.3,14.3,N,0
-18.1121,145.4704,301.8,1.6,1.2,2014-12-22,1239,Terra,MODIS,42,6.2,291.2,8,N,0
-20.5133,147.5325,303.5,1.3,1.1,2014-12-22,1239,Terra,MODIS,54,6.2,292.9,5.8,N,0
-16.6774,143.5614,308.2,2.1,1.4,2014-12-22,1240,Terra,MODIS,74,6.2,291.3,17.8,N,0
-16.6794,143.5479,307.7,2.1,1.4,2014-12-22,1240,Terra,MODIS,72,6.2,290.9,18.3,N,0
-15.648,144.4454,305.1,1.8,1.3,2014-12-22,1240,Terra,MODIS,63,6.2,291.6,8.8,N,0
-15.3935,144.0888,306.9,1.9,1.3,2014-12-22,1240,Terra,MODIS,38,6.2,291.4,11.6,N,0
-15.0824,143.9956,305.4,1.9,1.3,2014-12-22,1240,Terra,MODIS,45,6.2,288.6,10.8,N,0
-15.3046,144.3328,305.4,1.8,1.3,2014-12-22,1240,Terra,MODIS,32,6.2,291.8,8.1,N,0
-15.4139,144.0213,316.1,1.9,1.3,2014-12-22,1240,Terra,MODIS,93,6.2,291.3,28.2,N,0
-15.3446,144.0411,304.4,1.9,1.3,2014-12-22,1240,Terra,MODIS,60,6.2,291.4,9.1,N,0
-15.016,143.5392,307.8,2,1.4,2014-12-22,1240,Terra,MODIS,48,6.2,289.6,20.7,N,0
-15.3074,144.3434,307.7,1.8,1.3,2014-12-22,1240,Terra,MODIS,72,6.2,292.1,12.5,N,0
-15.0818,143.9545,302.2,1.9,1.3,2014-12-22,1240,Terra,MODIS,7,6.2,288.4,8.9,N,0
-16.7047,144.9477,305,1.7,1.3,2014-12-22,1240,Terra,MODIS,20,6.2,292.6,8.8,N,0
-16.7023,144.9539,307.5,1.7,1.3,2014-12-22,1240,Terra,MODIS,71,6.2,292.6,12.5,N,0
-14.2089,143.3287,304.4,2,1.4,2014-12-22,1241,Terra,MODIS,31,6.2,291,10.9,N,0
-12.7976,142.1908,304.8,2.4,1.5,2014-12-22,1241,Terra,MODIS,55,6.2,292.4,12.6,N,0
-12.2071,142.6662,307,2.1,1.4,2014-12-22,1241,Terra,MODIS,25,6.2,292,12.6,N,0
-21.8182,118.5119,322,2.6,1.6,2014-12-22,1417,Terra,MODIS,100,6.2,297.4,62.6,N,0
-21.8282,118.5068,321.4,2.6,1.6,2014-12-22,1417,Terra,MODIS,100,6.2,297.7,62,N,0
-21.8141,118.5051,309,2.6,1.6,2014-12-22,1417,Terra,MODIS,76,6.2,297.3,18.9,N,0
-21.8205,118.4868,310.6,2.7,1.6,2014-12-22,1417,Terra,MODIS,80,6.2,297.1,23.3,N,0
-19.8456,121.7581,308.6,1.4,1.2,2014-12-22,1418,Terra,MODIS,71,6.2,295.4,10.5,N,0
-15.3818,124.7505,305.3,1,1,2014-12-22,1419,Terra,MODIS,52,6.2,292.5,3.6,N,0
-12.2004,142.664,307.8,1.3,1.1,2014-12-22,1544,Aqua,MODIS,32,6.2,293.6,7.1,N,0
-14.1937,143.3408,308.7,1.1,1.1,2014-12-22,1545,Aqua,MODIS,39,6.2,291.9,7,N,0
-15.3919,144.1068,304.4,1,1,2014-12-22,1545,Aqua,MODIS,19,6.2,293.4,4,N,0
-15.389,144.0876,305.1,1,1,2014-12-22,1545,Aqua,MODIS,14,6.2,293,4.3,N,0
-15.3875,144.078,307,1,1,2014-12-22,1545,Aqua,MODIS,31,6.2,292.9,5.6,N,0
-15.2136,143.7238,306.2,1.1,1,2014-12-22,1545,Aqua,MODIS,67,6.2,293.3,5.3,N,0
-15.0779,143.9785,304.3,1.1,1,2014-12-22,1545,Aqua,MODIS,38,6.2,293.1,3.7,N,0
-15.0794,143.9882,307.3,1,1,2014-12-22,1545,Aqua,MODIS,71,6.2,293.1,5.6,N,0
-15.0808,143.9979,307.7,1,1,2014-12-22,1545,Aqua,MODIS,72,6.2,293.2,6,N,0
-15.0823,144.0076,304.1,1,1,2014-12-22,1545,Aqua,MODIS,19,6.2,293,3.5,N,0
-15.0944,144.0255,304.9,1,1,2014-12-22,1545,Aqua,MODIS,59,6.2,293,4.1,N,0
-15.0959,144.0351,306.1,1,1,2014-12-22,1545,Aqua,MODIS,67,6.2,292.9,5,N,0
-15.5718,143.9612,301.7,1,1,2014-12-22,1545,Aqua,MODIS,44,6.2,291.6,3.4,N,0
-15.3112,143.7015,303.7,1.1,1,2014-12-22,1545,Aqua,MODIS,56,6.2,292.7,4.1,N,0
-15.2564,143.8176,304.3,1.1,1,2014-12-22,1545,Aqua,MODIS,53,6.2,292.9,4,N,0
-15.0112,143.5447,303.5,1.1,1,2014-12-22,1545,Aqua,MODIS,56,6.2,292.8,3.7,N,0
-15.4378,144.0445,322.2,1,1,2014-12-22,1545,Aqua,MODIS,100,6.2,293.5,18,N,0
-15.4392,144.0541,311.9,1,1,2014-12-22,1545,Aqua,MODIS,74,6.2,293.2,8.4,N,0
-15.5028,144.1158,304.5,1,1,2014-12-22,1545,Aqua,MODIS,56,6.2,292.8,4.2,N,0
-15.5075,144.0857,315.2,1,1,2014-12-22,1545,Aqua,MODIS,91,6.2,293.5,12,N,0
-15.509,144.0952,306.3,1,1,2014-12-22,1545,Aqua,MODIS,18,6.2,293,4.8,N,0
-15.0764,143.9688,305.3,1.1,1,2014-12-22,1545,Aqua,MODIS,64,6.2,293.1,4.4,N,0
-14.9972,143.5778,305,1.1,1,2014-12-22,1545,Aqua,MODIS,63,6.2,293.1,4.3,N,0
-15.9332,143.4244,304.3,1.1,1,2014-12-22,1545,Aqua,MODIS,59,6.2,293,4.4,N,0
-16.6995,144.9648,310,1,1,2014-12-22,1545,Aqua,MODIS,60,6.2,293.6,7.6,N,0
-16.6905,144.9662,306.7,1,1,2014-12-22,1545,Aqua,MODIS,24,6.2,293.1,5.5,N,0
-18.3483,143.923,303.2,1,1,2014-12-22,1546,Aqua,MODIS,54,6.2,293,4.3,N,0
-18.2055,145.1962,302.3,1,1,2014-12-22,1546,Aqua,MODIS,35,6.2,290.9,4.6,N,0
-18.2117,145.1759,305.2,1,1,2014-12-22,1546,Aqua,MODIS,49,6.2,291.1,6.1,N,0
-20.4106,147.9188,301.6,1.4,1.2,2014-12-22,1546,Aqua,MODIS,43,6.2,291.3,6.1,N,0
-18.2041,145.1868,307.3,1,1,2014-12-22,1546,Aqua,MODIS,71,6.2,291.1,7.6,N,0
-21.2944,148.9805,302.7,1.6,1.3,2014-12-22,1546,Aqua,MODIS,21,6.2,292.4,8.8,N,0
-18.1591,145.4519,301.3,1,1,2014-12-22,1546,Aqua,MODIS,18,6.2,291.1,4,N,0
-18.1085,145.6716,310.8,1,1,2014-12-22,1546,Aqua,MODIS,60,6.2,291.4,10,N,0
-18.1058,145.6525,307.9,1,1,2014-12-22,1546,Aqua,MODIS,73,6.2,291.8,8.5,N,0
-21.3033,148.9712,302.4,1.6,1.3,2014-12-22,1546,Aqua,MODIS,49,6.2,292.3,8.9,N,0
-21.3616,148.9779,309.2,1.6,1.3,2014-12-22,1546,Aqua,MODIS,77,6.2,291.9,17.3,N,0
-22.6975,149.4013,316.9,1.8,1.3,2014-12-22,1547,Aqua,MODIS,94,6.2,292.7,34.1,N,0
-22.7035,149.3955,308,1.8,1.3,2014-12-22,1547,Aqua,MODIS,49,6.2,292.4,17.3,N,0
-22.7054,149.4133,304.9,1.8,1.3,2014-12-22,1547,Aqua,MODIS,11,6.2,292.3,13.1,N,0
-20.7346,139.4802,304.3,1.5,1.2,2014-12-22,1547,Aqua,MODIS,42,6.2,291.3,8.1,N,2
-23.7696,151.2166,303.9,2.5,1.5,2014-12-22,1547,Aqua,MODIS,58,6.2,292.6,21.9,N,0
-20.3464,141.0213,313.5,1.2,1.1,2014-12-22,1547,Aqua,MODIS,87,6.2,296.9,12.4,N,0
-20.3468,141.0265,311.8,1.2,1.1,2014-12-22,1547,Aqua,MODIS,83,6.2,297.2,10.8,N,0
-25.8561,149.561,300.9,2.1,1.4,2014-12-22,1548,Aqua,MODIS,35,6.2,290.7,13.1,N,0
-21.844,118.3223,308.6,1,1,2014-12-22,1726,Aqua,MODIS,72,6.2,296.9,4.7,N,0
-21.8262,118.5105,322.4,1,1,2014-12-22,1726,Aqua,MODIS,100,6.2,298.5,16.3,N,0
-21.8276,118.5202,313,1,1,2014-12-22,1726,Aqua,MODIS,84,6.2,298,7.5,N,0
-21.6591,119.879,323.6,1,1,2014-12-22,1726,Aqua,MODIS,100,6.2,296.5,19.4,N,0
-21.6563,119.8595,319.8,1,1,2014-12-22,1726,Aqua,MODIS,99,6.2,295.8,15.9,N,0
-21.6577,119.8692,340.8,1,1,2014-12-22,1726,Aqua,MODIS,100,6.2,298.4,43.2,N,0
-21.6605,119.8887,305.2,1,1,2014-12-22,1726,Aqua,MODIS,39,6.2,295,3.9,N,0
-30.8661,121.4911,300.4,1.4,1.2,2014-12-22,1728,Aqua,MODIS,27,6.2,288.4,8.9,N,2
-13.2122,142.224,321.6,1.5,1.2,2014-12-23,0109,Terra,MODIS,40,6.2,296.6,13.6,D,0
-13.214,142.2373,324.9,1.5,1.2,2014-12-23,0109,Terra,MODIS,75,6.2,297.6,19.1,D,0
-13.2065,142.2318,325.3,1.5,1.2,2014-12-23,0109,Terra,MODIS,75,6.2,298.6,19.7,D,0
-12.2186,142.7424,325,1.5,1.2,2014-12-23,0109,Terra,MODIS,43,6.2,299.1,22.8,D,0
-12.1606,142.7423,324.2,1.5,1.2,2014-12-23,0109,Terra,MODIS,40,6.2,296.7,24.7,D,0
-12.0475,142.6646,342.6,1.5,1.2,2014-12-23,0109,Terra,MODIS,91,6.2,293.6,70.7,D,0
-12.082,142.6739,320.1,1.5,1.2,2014-12-23,0109,Terra,MODIS,42,6.2,296.3,12.3,D,0
-13.2941,143.1013,322.7,1.7,1.3,2014-12-23,0109,Terra,MODIS,59,6.2,296.4,26.1,D,0
-13.283,142.5711,318.9,1.5,1.2,2014-12-23,0109,Terra,MODIS,58,6.2,295.8,18.2,D,0
-12.2185,142.6574,332.7,1.5,1.2,2014-12-23,0109,Terra,MODIS,46,6.2,297.4,36.9,D,0
-12.0809,142.5575,327.1,1.5,1.2,2014-12-23,0109,Terra,MODIS,63,6.2,293.3,27.6,D,0
-12.8947,143.4573,317.9,1.8,1.3,2014-12-23,0109,Terra,MODIS,54,6.2,298.5,20,D,0
-15.4077,144.0649,331.3,2.1,1.4,2014-12-23,0110,Terra,MODIS,56,6.2,299.7,41.5,D,0
-15.0178,144.405,320.3,2.2,1.5,2014-12-23,0110,Terra,MODIS,35,6.2,295.4,20.8,D,0
-15.0203,144.4103,322.9,2.2,1.5,2014-12-23,0110,Terra,MODIS,63,6.2,296.6,30.8,D,0
-15.6473,144.4409,326.3,2.3,1.5,2014-12-23,0110,Terra,MODIS,56,6.2,303.3,35.1,D,0
-16.7435,143.4707,334.5,2,1.4,2014-12-23,0110,Terra,MODIS,68,6.2,304.1,51.1,D,0
-16.7416,143.4766,338.1,2,1.4,2014-12-23,0110,Terra,MODIS,85,6.2,305.1,68,D,0
-15.6316,144.4215,334.9,2.3,1.5,2014-12-23,0110,Terra,MODIS,84,6.2,302.5,72.5,D,0
-12.5069,131.6598,327.9,2.2,1.4,2014-12-23,0110,Terra,MODIS,36,6.2,297.2,36.6,D,0
-12.5257,131.6843,327.8,2.2,1.4,2014-12-23,0110,Terra,MODIS,55,6.2,297.3,43.6,D,0
-15.0758,144.0113,330.4,2.1,1.4,2014-12-23,0110,Terra,MODIS,79,6.2,296,51.7,D,0
-15.076,144.0046,325.9,2.1,1.4,2014-12-23,0110,Terra,MODIS,72,6.2,293.9,35.4,D,0
-17.0877,143.9782,334.1,2.2,1.4,2014-12-23,0110,Terra,MODIS,68,6.2,306.8,54,D,0
-16.6754,143.5613,326.7,2,1.4,2014-12-23,0110,Terra,MODIS,69,6.2,304.3,26.6,D,0
-13.1212,135.8814,352.2,1.1,1.1,2014-12-23,0110,Terra,MODIS,95,6.2,302.2,58.9,D,0
-13.1228,135.8918,333.3,1.1,1.1,2014-12-23,0110,Terra,MODIS,75,6.2,301,16.9,D,0
-13.1262,135.8853,335.4,1.1,1.1,2014-12-23,0110,Terra,MODIS,82,6.2,301.1,24.9,D,0
-15.6995,143.7922,327.7,2.1,1.4,2014-12-23,0110,Terra,MODIS,63,6.2,299.6,33.9,D,0
-15.7006,143.7864,326,2.1,1.4,2014-12-23,0110,Terra,MODIS,62,6.2,299.2,29.2,D,0
-15.5836,144.4707,319.9,2.3,1.5,2014-12-23,0110,Terra,MODIS,45,6.2,299.3,14.4,D,0
-12.4999,131.6889,330.4,2.2,1.4,2014-12-23,0110,Terra,MODIS,78,6.2,295.9,55.9,D,0
-12.4964,131.6687,344.8,2.2,1.4,2014-12-23,0110,Terra,MODIS,92,6.2,296.5,127.1,D,0
-15.5112,143.8477,327.6,2.1,1.4,2014-12-23,0110,Terra,MODIS,74,6.2,298.9,37.2,D,0
-15.5122,143.8418,333.3,2.1,1.4,2014-12-23,0110,Terra,MODIS,82,6.2,298.6,57.8,D,0
-15.5812,144.4494,336.6,2.3,1.5,2014-12-23,0110,Terra,MODIS,85,6.2,299.1,83.9,D,0
-15.5847,144.4547,340.7,2.3,1.5,2014-12-23,0110,Terra,MODIS,88,6.2,301.2,105.3,D,0
-12.5128,131.6866,328.7,2.2,1.4,2014-12-23,0110,Terra,MODIS,62,6.2,298,48.5,D,0
-12.5094,131.6664,333,2.2,1.4,2014-12-23,0110,Terra,MODIS,77,6.2,298.8,64,D,0
-12.6394,135.1519,325.1,1.3,1.1,2014-12-23,0110,Terra,MODIS,50,6.2,293.8,21.9,D,0
-15.4031,144.0255,324.7,2.1,1.4,2014-12-23,0110,Terra,MODIS,55,6.2,297.2,26.4,D,0
-15.4054,144.045,336.1,2.1,1.4,2014-12-23,0110,Terra,MODIS,84,6.2,299,67.9,D,0
-16.6742,143.5681,324.9,2,1.4,2014-12-23,0110,Terra,MODIS,62,6.2,304.5,20.2,D,0
-17.0853,143.9718,336.1,2.2,1.4,2014-12-23,0110,Terra,MODIS,78,6.2,307.2,64.3,D,0
-15.3131,144.3714,325.4,2.3,1.5,2014-12-23,0110,Terra,MODIS,55,6.2,298,31.5,D,0
-15.4309,144.0417,360.9,2.1,1.4,2014-12-23,0110,Terra,MODIS,100,6.2,302.3,216.9,D,0
-15.4413,144.0207,326.2,2.1,1.4,2014-12-23,0110,Terra,MODIS,25,6.2,299.5,30,D,0
-15.4436,144.0398,341.5,2.1,1.4,2014-12-23,0110,Terra,MODIS,89,6.2,301.8,90.1,D,0
-15.4564,144.0381,344.3,2.1,1.4,2014-12-23,0110,Terra,MODIS,91,6.2,299.8,104.5,D,0
-15.4588,144.058,327.2,2.1,1.4,2014-12-23,0110,Terra,MODIS,56,6.2,301.8,21.5,D,0
-15.3159,144.3777,326.6,2.3,1.5,2014-12-23,0110,Terra,MODIS,67,6.2,297.4,35.3,D,0
-15.4304,144.0352,347.4,2.1,1.4,2014-12-23,0110,Terra,MODIS,93,6.2,300.9,123.4,D,0
-15.4326,144.055,353.1,2.1,1.4,2014-12-23,0110,Terra,MODIS,96,6.2,302.6,156.4,D,0
-15.4431,144.0333,339.5,2.1,1.4,2014-12-23,0110,Terra,MODIS,87,6.2,301,81.1,D,0
-15.4454,144.0531,328,2.1,1.4,2014-12-23,0110,Terra,MODIS,57,6.2,303,25.8,D,0
-15.4559,144.0317,335.9,2.1,1.4,2014-12-23,0110,Terra,MODIS,84,6.2,299,64.9,D,0
-15.4581,144.0513,335.1,2.1,1.4,2014-12-23,0110,Terra,MODIS,83,6.2,301.2,55.7,D,0
-15.4709,144.0494,326.2,2.1,1.4,2014-12-23,0110,Terra,MODIS,19,6.2,299.6,22.3,D,0
-12.5621,131.6709,328.2,2.2,1.4,2014-12-23,0110,Terra,MODIS,36,6.2,296.2,45.5,D,0
-15.8519,142.5625,328.8,1.7,1.3,2014-12-23,0110,Terra,MODIS,75,6.2,299,27.2,D,0
-15.85,142.547,364.1,1.7,1.3,2014-12-23,0110,Terra,MODIS,100,6.2,299.5,178.4,D,0
-12.5492,131.6732,331.3,2.2,1.4,2014-12-23,0110,Terra,MODIS,56,6.2,297.5,55.9,D,0
-15.3845,144.0881,337.6,2.1,1.4,2014-12-23,0110,Terra,MODIS,85,6.2,300.6,68.1,D,0
-15.8614,142.5455,324.5,1.7,1.3,2014-12-23,0110,Terra,MODIS,46,6.2,299.9,18.3,D,0
-15.4333,144.0616,345.2,2.1,1.4,2014-12-23,0110,Terra,MODIS,91,6.2,302.2,104.8,D,0
-15.4861,144.0683,334.8,2.1,1.4,2014-12-23,0110,Terra,MODIS,79,6.2,300.7,58,D,0
-15.5142,144.0857,327.2,2.2,1.4,2014-12-23,0110,Terra,MODIS,30,6.2,300.7,32.4,D,0
-12.6403,135.1579,322.3,1.3,1.1,2014-12-23,0110,Terra,MODIS,47,6.2,293.2,16.2,D,0
-15.3892,144.1281,330.7,2.2,1.4,2014-12-23,0110,Terra,MODIS,78,6.2,303.3,37.4,D,0
-12.6009,131.664,322,2.2,1.4,2014-12-23,0110,Terra,MODIS,27,6.2,294.7,28.5,D,0
-12.6385,135.1464,323.1,1.3,1.1,2014-12-23,0110,Terra,MODIS,49,6.2,293.4,16.9,D,0
-15.5089,143.8286,342.6,2.1,1.4,2014-12-23,0110,Terra,MODIS,89,6.2,295.5,100.8,D,0
-15.5214,143.827,327.1,2.1,1.4,2014-12-23,0110,Terra,MODIS,72,6.2,298,34.6,D,0
-15.5226,143.821,334.2,2.1,1.4,2014-12-23,0110,Terra,MODIS,83,6.2,298.4,60.5,D,0
-13.365,136.1073,313.1,1.1,1,2014-12-23,0110,Terra,MODIS,57,6.2,298.6,7.3,D,3
-15.7861,142.3081,323.9,1.6,1.2,2014-12-23,0110,Terra,MODIS,67,6.2,297.5,19.5,D,0
-15.7869,142.3146,323.7,1.6,1.2,2014-12-23,0110,Terra,MODIS,45,6.2,297.8,18.1,D,0
-15.788,142.323,320.6,1.6,1.2,2014-12-23,0110,Terra,MODIS,50,6.2,298.3,12.8,D,0
-15.4101,144.0849,327.2,2.1,1.4,2014-12-23,0110,Terra,MODIS,17,6.2,301.7,22.6,D,0
-15.8481,142.5315,324.7,1.7,1.3,2014-12-23,0110,Terra,MODIS,65,6.2,297.7,19.5,D,0
-15.4229,144.0833,330.3,2.1,1.4,2014-12-23,0110,Terra,MODIS,77,6.2,301.9,31.4,D,0
-13.2238,133.533,323.2,1.6,1.2,2014-12-23,0110,Terra,MODIS,60,6.2,294.7,17.9,D,0
-13.2181,130.2556,319,2.8,1.6,2014-12-23,0110,Terra,MODIS,56,6.2,290.9,41.6,D,0
-18.296,144.0061,327.1,2.3,1.5,2014-12-23,0111,Terra,MODIS,62,6.2,305.8,33,D,0
-18.2827,144.0075,353.7,2.3,1.5,2014-12-23,0111,Terra,MODIS,96,6.2,305.7,187.4,D,0
-18.2804,143.9857,349,2.3,1.5,2014-12-23,0111,Terra,MODIS,93,6.2,303.6,152,D,0
-19.8039,138.6543,342,1.1,1,2014-12-23,0111,Terra,MODIS,86,6.2,305.7,31.5,D,0
-19.1575,138.0813,347.5,1,1,2014-12-23,0111,Terra,MODIS,92,6.2,304,42.7,D,0
-19.1562,138.0715,342.1,1,1,2014-12-23,0111,Terra,MODIS,88,6.2,304.6,31.6,D,0
-18.5611,132.3605,321.1,1.5,1.2,2014-12-23,0111,Terra,MODIS,51,6.2,278.6,23,D,0
-18.2365,123.2269,320.2,4.6,2,2014-12-23,0249,Terra,MODIS,24,6.2,293.3,66.2,D,0
-21.6495,119.8626,339.6,2.9,1.6,2014-12-23,0250,Terra,MODIS,82,6.2,305.7,107.8,D,0
-21.6813,119.8868,333.5,2.9,1.6,2014-12-23,0250,Terra,MODIS,73,6.2,303.8,73.3,D,0
-21.6825,119.8814,338.7,2.9,1.6,2014-12-23,0250,Terra,MODIS,81,6.2,304.2,110.2,D,0
-19.3558,121.6034,332.4,3.6,1.8,2014-12-23,0250,Terra,MODIS,73,6.2,302.5,81.8,D,0
-20.3996,118.7662,331.8,2.3,1.5,2014-12-23,0250,Terra,MODIS,65,6.2,307.1,35.5,D,0
-21.6786,119.8593,361.3,2.9,1.6,2014-12-23,0250,Terra,MODIS,100,6.2,305.5,331.3,D,0
-21.68,119.8538,352,2.9,1.6,2014-12-23,0250,Terra,MODIS,94,6.2,305.2,226.1,D,0
-20.4162,118.771,331.5,2.3,1.5,2014-12-23,0250,Terra,MODIS,64,6.2,306.7,34.2,D,0
-20.4186,118.7928,335.3,2.3,1.5,2014-12-23,0250,Terra,MODIS,75,6.2,308.8,48.4,D,0
-20.415,118.7864,333.6,2.3,1.5,2014-12-23,0250,Terra,MODIS,70,6.2,308.3,37.6,D,0
-21.8281,118.5291,333.6,2.3,1.5,2014-12-23,0251,Terra,MODIS,72,6.2,308.5,40.4,D,0
-21.8413,118.5273,333.5,2.3,1.5,2014-12-23,0251,Terra,MODIS,71,6.2,308.9,39.1,D,0
-21.8377,118.5209,342.1,2.3,1.5,2014-12-23,0251,Terra,MODIS,85,6.2,308.7,85.2,D,0
-22.8519,115.1379,336.8,1.4,1.2,2014-12-23,0251,Terra,MODIS,46,6.2,316.6,20,D,0
-22.7488,118.8028,333.4,2.5,1.5,2014-12-23,0251,Terra,MODIS,62,6.2,308.5,55.4,D,0
-22.7625,118.8013,336.8,2.5,1.5,2014-12-23,0251,Terra,MODIS,77,6.2,306.2,74.8,D,0
-22.8398,115.126,344.6,1.4,1.2,2014-12-23,0251,Terra,MODIS,74,6.2,318.3,39.1,D,0
-23.3297,114.8789,352.1,1.3,1.1,2014-12-23,0251,Terra,MODIS,94,6.2,317,59.1,D,0
-23.3281,114.8658,380.3,1.3,1.1,2014-12-23,0251,Terra,MODIS,100,6.2,319.3,196.1,D,0
-23.3264,114.8528,367.5,1.3,1.1,2014-12-23,0251,Terra,MODIS,100,6.2,316.5,125.6,D,0
-22.7578,118.8195,331.2,2.5,1.5,2014-12-23,0251,Terra,MODIS,55,6.2,309.7,44.9,D,0
-22.7788,115.1134,338,1.4,1.2,2014-12-23,0251,Terra,MODIS,51,6.2,316.8,19.2,D,0
-23.3194,114.8804,412.2,1.3,1.1,2014-12-23,0251,Terra,MODIS,100,6.2,326.9,468.6,D,0
-23.3177,114.8673,362.1,1.3,1.1,2014-12-23,0251,Terra,MODIS,100,6.2,322.2,96,D,0
-22.7555,118.7953,338.9,2.5,1.5,2014-12-23,0251,Terra,MODIS,83,6.2,306.6,88.5,D,0
-25.2195,120.3512,332.5,3.4,1.7,2014-12-23,0251,Terra,MODIS,67,6.2,308.1,78.1,D,0
-25.2291,120.3436,329,3.4,1.7,2014-12-23,0251,Terra,MODIS,44,6.2,306.5,50.8,D,0
-25.2387,151.0824,325.4,1.1,1.1,2014-12-23,0355,Aqua,MODIS,45,6.2,306.8,9.5,D,0
-25.2608,150.6686,329.4,1.1,1,2014-12-23,0355,Aqua,MODIS,78,6.2,308.8,14.3,D,0
-26.447,147.7576,328.6,1,1,2014-12-23,0355,Aqua,MODIS,73,6.2,289.4,15.9,D,0
-26.4378,147.7561,323,1,1,2014-12-23,0355,Aqua,MODIS,40,6.2,290.6,9.4,D,0
-25.5494,151.1173,356.8,1.1,1.1,2014-12-23,0355,Aqua,MODIS,98,6.2,311.8,72.1,D,0
-23.9129,150.8469,325.6,1.1,1.1,2014-12-23,0356,Aqua,MODIS,18,6.2,308,9.9,D,0
-23.879,150.8451,324.1,1.1,1.1,2014-12-23,0356,Aqua,MODIS,51,6.2,304.7,13,D,0
-24.2904,150.2009,340.2,1.1,1,2014-12-23,0356,Aqua,MODIS,86,6.2,310.7,30.3,D,0
-22.982,150.194,337,1.1,1,2014-12-23,0356,Aqua,MODIS,79,6.2,310.1,29.1,D,0
-23.372,150.1186,335.6,1.1,1,2014-12-23,0356,Aqua,MODIS,61,6.2,315.1,20.1,D,0
-22.9726,150.1922,333.4,1.1,1,2014-12-23,0356,Aqua,MODIS,62,6.2,309.2,22.1,D,0
-22.9669,150.1963,327.6,1.1,1,2014-12-23,0356,Aqua,MODIS,38,6.2,306.5,11.8,D,0
-22.8795,150.202,330.4,1.1,1,2014-12-23,0356,Aqua,MODIS,73,6.2,308.7,16.5,D,0
-23.8862,150.8306,353.3,1.1,1.1,2014-12-23,0356,Aqua,MODIS,96,6.2,308.5,65.3,D,0
-23.888,150.8196,327.3,1.1,1.1,2014-12-23,0356,Aqua,MODIS,34,6.2,305.9,12.6,D,0
-23.8807,150.8343,331.1,1.1,1.1,2014-12-23,0356,Aqua,MODIS,75,6.2,304.2,23,D,0
-21.7437,149.2062,330,1,1,2014-12-23,0356,Aqua,MODIS,71,6.2,303.8,20.1,D,0
-21.7543,149.1978,331.9,1,1,2014-12-23,0356,Aqua,MODIS,71,6.2,309,22.1,D,0
-21.7528,149.2078,336.3,1,1,2014-12-23,0356,Aqua,MODIS,81,6.2,307.3,28.2,D,0
-21.8395,149.1779,325.4,1,1,2014-12-23,0356,Aqua,MODIS,22,6.2,308.9,9.9,D,0
-21.7726,149.201,336.5,1,1,2014-12-23,0356,Aqua,MODIS,81,6.2,309.4,28.7,D,0
-22.1762,149.5093,380.4,1,1,2014-12-23,0356,Aqua,MODIS,100,6.2,311.1,148.9,D,0
-22.167,149.5077,343.1,1,1,2014-12-23,0356,Aqua,MODIS,88,6.2,311.5,35.2,D,0
-23.522,150.5846,329.5,1.1,1.1,2014-12-23,0356,Aqua,MODIS,64,6.2,307.7,15,D,0
-22.1777,149.4992,329,1,1,2014-12-23,0356,Aqua,MODIS,48,6.2,308.9,11,D,0
-24.1902,150.8391,322.8,1.1,1.1,2014-12-23,0356,Aqua,MODIS,42,6.2,307.6,9.5,D,0
-23.0525,150.11,334.4,1.1,1,2014-12-23,0356,Aqua,MODIS,53,6.2,304.4,25.9,D,0
-23.0432,150.1082,347.6,1.1,1,2014-12-23,0356,Aqua,MODIS,92,6.2,307.2,50.6,D,0
-24.5701,149.6984,336.3,1,1,2014-12-23,0356,Aqua,MODIS,82,6.2,314.9,18.3,D,0
-22.7819,149.4682,336.4,1,1,2014-12-23,0356,Aqua,MODIS,81,6.2,306.1,24.9,D,0
-22.7834,149.4581,343.6,1,1,2014-12-23,0356,Aqua,MODIS,88,6.2,309.3,38,D,0
-22.7728,149.4664,330.6,1,1,2014-12-23,0356,Aqua,MODIS,57,6.2,307.7,14.9,D,0
-22.7408,149.43,327.6,1,1,2014-12-23,0356,Aqua,MODIS,28,6.2,309.1,10.9,D,0
-22.6968,149.4263,332.5,1,1,2014-12-23,0356,Aqua,MODIS,43,6.2,303,19.7,D,0
-22.3675,150.1251,322.9,1.1,1,2014-12-23,0356,Aqua,MODIS,47,6.2,306.1,6.7,D,0
-23.7059,150.4646,327,1.1,1,2014-12-23,0356,Aqua,MODIS,67,6.2,305.4,16.3,D,0
-23.8845,150.8414,340,1.1,1.1,2014-12-23,0356,Aqua,MODIS,85,6.2,306.9,34.8,D,0
-24.2812,150.1992,331.6,1.1,1,2014-12-23,0356,Aqua,MODIS,76,6.2,309.3,16.5,D,0
-22.7863,150.1724,330,1.1,1,2014-12-23,0356,Aqua,MODIS,73,6.2,308.4,15,D,0
-22.777,150.1707,338.2,1.1,1,2014-12-23,0356,Aqua,MODIS,84,6.2,307.8,28.3,D,0
-22.7786,150.1602,329.4,1.1,1,2014-12-23,0356,Aqua,MODIS,72,6.2,308.8,14,D,0
-23.8353,150.997,330.3,1.1,1.1,2014-12-23,0356,Aqua,MODIS,70,6.2,306.9,15.2,D,0
-22.8216,150.1631,339.3,1.1,1,2014-12-23,0356,Aqua,MODIS,85,6.2,310.8,27.9,D,0
-22.8233,150.1526,333.7,1.1,1,2014-12-23,0356,Aqua,MODIS,79,6.2,311.8,18.2,D,0
-22.3961,148.9121,329.3,1,1,2014-12-23,0356,Aqua,MODIS,51,6.2,311.2,8.7,D,0
-24.0284,148.6951,337.1,1,1,2014-12-23,0356,Aqua,MODIS,81,6.2,315.8,15.3,D,0
-24.0298,148.6853,332.7,1,1,2014-12-23,0356,Aqua,MODIS,32,6.2,315.7,8.8,D,0
-24.0312,148.6755,338.6,1,1,2014-12-23,0356,Aqua,MODIS,84,6.2,317.4,17.8,D,0
-24.02,148.6868,333.2,1,1,2014-12-23,0356,Aqua,MODIS,73,6.2,316.3,11.2,D,0
-24.0214,148.677,335.5,1,1,2014-12-23,0356,Aqua,MODIS,79,6.2,317,15.2,D,0
-23.7888,148.6946,330.9,1,1,2014-12-23,0356,Aqua,MODIS,59,6.2,309.3,11.5,D,0
-23.4301,147.9925,338.5,1,1,2014-12-23,0356,Aqua,MODIS,83,6.2,314.3,24.5,D,0
-20.4924,148.5249,327.5,1,1,2014-12-23,0357,Aqua,MODIS,48,6.2,309.6,8.7,D,0
-20.5314,148.5116,332,1,1,2014-12-23,0357,Aqua,MODIS,73,6.2,313.3,12.7,D,0
-21.358,148.9552,341.3,1,1,2014-12-23,0357,Aqua,MODIS,87,6.2,304.2,35.9,D,0
-21.367,148.9568,329.2,1,1,2014-12-23,0357,Aqua,MODIS,50,6.2,301.6,16.3,D,0
-21.7618,146.1622,337.8,1.1,1,2014-12-23,0357,Aqua,MODIS,78,6.2,312.7,21.8,D,0
-21.9185,146.2199,337.6,1.1,1,2014-12-23,0357,Aqua,MODIS,78,6.2,312.9,23,D,0
-19.8744,146.0166,336,1.1,1,2014-12-23,0357,Aqua,MODIS,73,6.2,317.7,12.2,D,0
-21.3474,148.9634,362.7,1,1,2014-12-23,0357,Aqua,MODIS,100,6.2,302.2,86,D,0
-21.3187,148.9684,343.7,1,1,2014-12-23,0357,Aqua,MODIS,84,6.2,303.4,38.6,D,0
-18.512,145.6984,326.9,1.1,1,2014-12-23,0357,Aqua,MODIS,47,6.2,304.2,17.7,D,0
-21.9199,146.2095,339.5,1.1,1,2014-12-23,0357,Aqua,MODIS,81,6.2,310.7,26.7,D,0
-21.3489,148.9535,358.7,1,1,2014-12-23,0357,Aqua,MODIS,99,6.2,304.7,75.6,D,0
-18.9577,146.2643,324.7,1,1,2014-12-23,0357,Aqua,MODIS,20,6.2,302.7,12.2,D,0
-21.7992,146.1679,335.5,1.1,1,2014-12-23,0357,Aqua,MODIS,73,6.2,314.6,18.9,D,0
-21.3107,148.9715,342.1,1,1,2014-12-23,0357,Aqua,MODIS,88,6.2,307,33.2,D,0
-20.4247,147.9202,340.1,1,1,2014-12-23,0357,Aqua,MODIS,77,6.2,304.5,27.3,D,0
-20.4261,147.9106,335.7,1,1,2014-12-23,0357,Aqua,MODIS,50,6.2,307.1,20.5,D,0
-20.4109,147.8885,353.6,1,1,2014-12-23,0357,Aqua,MODIS,96,6.2,309,56.1,D,0
-20.4123,147.879,335.8,1,1,2014-12-23,0357,Aqua,MODIS,64,6.2,304.7,23.6,D,0
-20.5029,148.5167,338.4,1,1,2014-12-23,0357,Aqua,MODIS,83,6.2,312.8,22.4,D,0
-21.3122,148.9618,336.8,1,1,2014-12-23,0357,Aqua,MODIS,79,6.2,305.1,24.8,D,0
-21.7459,146.1385,330.1,1.1,1,2014-12-23,0357,Aqua,MODIS,48,6.2,312.6,11.9,D,0
-21.7445,146.1489,331.6,1.1,1,2014-12-23,0357,Aqua,MODIS,48,6.2,313.7,12.3,D,0
-20.4811,148.3588,337.5,1,1,2014-12-23,0357,Aqua,MODIS,80,6.2,308.8,24,D,0
-20.4707,148.3669,332.1,1,1,2014-12-23,0357,Aqua,MODIS,53,6.2,309.9,18,D,0
-20.4721,148.3572,334.9,1,1,2014-12-23,0357,Aqua,MODIS,78,6.2,308.6,20,D,0
-21.3016,148.9702,326.7,1,1,2014-12-23,0357,Aqua,MODIS,24,6.2,308.6,10.5,D,0
-19.035,142.2848,330.4,1.7,1.3,2014-12-23,0357,Aqua,MODIS,70,6.2,308.7,18.5,D,0
-19.0369,142.269,340.7,1.7,1.3,2014-12-23,0357,Aqua,MODIS,85,6.2,309.9,50,D,0
-21.3656,148.9665,330.4,1,1,2014-12-23,0357,Aqua,MODIS,63,6.2,301.8,18.4,D,0
-21.3673,149.0174,326.2,1,1,2014-12-23,0357,Aqua,MODIS,44,6.2,299.9,14.7,D,0
-21.3749,149.0289,327.6,1,1,2014-12-23,0357,Aqua,MODIS,62,6.2,303.1,17.5,D,0
-20.4938,148.5152,331.7,1,1,2014-12-23,0357,Aqua,MODIS,64,6.2,310.9,13.4,D,0
-20.5178,147.5319,338.7,1,1,2014-12-23,0357,Aqua,MODIS,77,6.2,313.6,19.8,D,0
-15.0254,144.4028,342.7,1.1,1.1,2014-12-23,0358,Aqua,MODIS,88,6.2,310,30.6,D,0
-15.6333,141.5495,353.5,1.7,1.3,2014-12-23,0358,Aqua,MODIS,96,6.2,297.2,113.2,D,0
-15.8169,142.3796,340.6,1.5,1.2,2014-12-23,0358,Aqua,MODIS,86,6.2,300.1,50.1,D,0
-15.8575,142.5299,332.4,1.4,1.2,2014-12-23,0358,Aqua,MODIS,76,6.2,302.7,29.2,D,0
-15.6448,141.551,327.2,1.7,1.3,2014-12-23,0358,Aqua,MODIS,44,6.2,297.2,17.4,D,0
-18.3482,143.9148,331.3,1.3,1.1,2014-12-23,0358,Aqua,MODIS,37,6.2,308.3,20.5,D,0
-15.8591,142.5164,362.7,1.4,1.2,2014-12-23,0358,Aqua,MODIS,100,6.2,302.5,137,D,0
-15.8642,142.5243,326.7,1.4,1.2,2014-12-23,0358,Aqua,MODIS,60,6.2,302.2,16.9,D,0
-15.8552,142.5094,341,1.4,1.2,2014-12-23,0358,Aqua,MODIS,87,6.2,300,53,D,0
-16.5645,144.5607,334.9,1.1,1.1,2014-12-23,0358,Aqua,MODIS,74,6.2,311.8,16.7,D,0
-15.8535,142.5228,355.1,1.4,1.2,2014-12-23,0358,Aqua,MODIS,97,6.2,302.3,100.7,D,0
-16.6777,143.5402,358.2,1.3,1.1,2014-12-23,0358,Aqua,MODIS,98,6.2,310.2,90.4,D,0
-15.6262,143.6413,333,1.2,1.1,2014-12-23,0358,Aqua,MODIS,71,6.2,305.1,23.2,D,0
-15.4339,143.8691,343.9,1.2,1.1,2014-12-23,0358,Aqua,MODIS,90,6.2,303.5,48.3,D,0
-17.061,141.2366,332.3,1.9,1.3,2014-12-23,0358,Aqua,MODIS,67,6.2,302.4,38.1,D,0
-15.6288,143.6239,324.6,1.2,1.1,2014-12-23,0358,Aqua,MODIS,32,6.2,304.5,10.4,D,0
-15.6273,143.6354,340.2,1.2,1.1,2014-12-23,0358,Aqua,MODIS,86,6.2,306.3,38.3,D,0
-15.3812,144.0991,329.9,1.2,1.1,2014-12-23,0358,Aqua,MODIS,34,6.2,304.5,11.8,D,0
-15.6278,143.6299,330.8,1.2,1.1,2014-12-23,0358,Aqua,MODIS,38,6.2,305.8,19.6,D,0
-15.6352,141.5339,333.8,1.7,1.3,2014-12-23,0358,Aqua,MODIS,81,6.2,294.2,35.4,D,0
-15.6148,143.6512,334.2,1.2,1.1,2014-12-23,0358,Aqua,MODIS,71,6.2,307.8,26,D,0
-15.024,144.413,388.5,1.1,1,2014-12-23,0358,Aqua,MODIS,100,6.2,312.7,197.1,D,0
-15.3916,144.1171,382.8,1.2,1.1,2014-12-23,0358,Aqua,MODIS,100,6.2,314,175.8,D,0
-15.6316,144.46,339.7,1.1,1.1,2014-12-23,0358,Aqua,MODIS,58,6.2,311.5,25.8,D,0
-15.3855,144.067,333,1.2,1.1,2014-12-23,0358,Aqua,MODIS,67,6.2,300.5,22.7,D,0
-16.7392,143.463,342.4,1.3,1.1,2014-12-23,0358,Aqua,MODIS,75,6.2,311,37.8,D,0
-15.3834,144.105,354.2,1.2,1.1,2014-12-23,0358,Aqua,MODIS,96,6.2,307.1,63.7,D,0
-15.0226,144.4233,338.3,1.1,1,2014-12-23,0358,Aqua,MODIS,78,6.2,308.8,21.9,D,0
-15.3131,144.3153,379.9,1.1,1.1,2014-12-23,0358,Aqua,MODIS,100,6.2,308,163.2,D,0
-15.2208,143.8545,347.4,1.2,1.1,2014-12-23,0358,Aqua,MODIS,92,6.2,305.6,51.3,D,0
-15.2223,143.8436,328.8,1.2,1.1,2014-12-23,0358,Aqua,MODIS,26,6.2,303,15.2,D,0
-15.393,144.1064,361.2,1.2,1.1,2014-12-23,0358,Aqua,MODIS,100,6.2,312.5,81.9,D,0
-17.0995,143.9746,337.9,1.2,1.1,2014-12-23,0358,Aqua,MODIS,70,6.2,311.5,21.9,D,0
-14.9943,144.4192,362.7,1.1,1,2014-12-23,0358,Aqua,MODIS,100,6.2,306.2,90.8,D,0
-15.1148,144.0595,333.1,1.2,1.1,2014-12-23,0358,Aqua,MODIS,57,6.2,307.6,17.6,D,0
-15.0953,144.0285,334.4,1.2,1.1,2014-12-23,0358,Aqua,MODIS,49,6.2,306.8,21.5,D,0
-15.0789,144.0044,345.2,1.2,1.1,2014-12-23,0358,Aqua,MODIS,91,6.2,304.7,45.2,D,0
-15.0803,143.9937,342.7,1.2,1.1,2014-12-23,0358,Aqua,MODIS,88,6.2,306.9,38.1,D,0
-15.0707,143.9923,339.6,1.2,1.1,2014-12-23,0358,Aqua,MODIS,84,6.2,302.6,34.3,D,0
-15.0037,144.4205,335.6,1.1,1,2014-12-23,0358,Aqua,MODIS,43,6.2,305.2,22.9,D,0
-15.0721,143.9815,348,1.2,1.1,2014-12-23,0358,Aqua,MODIS,87,6.2,300,52.4,D,0
-15.7856,145.2175,324.4,1.1,1,2014-12-23,0358,Aqua,MODIS,68,6.2,301.3,14.6,D,0
-15.8044,142.3919,324.4,1.5,1.2,2014-12-23,0358,Aqua,MODIS,23,6.2,299.9,12.6,D,0
-17.9719,145.5503,329.9,1.1,1,2014-12-23,0358,Aqua,MODIS,78,6.2,303,22.5,D,0
-15.538,143.7778,365.3,1.2,1.1,2014-12-23,0358,Aqua,MODIS,100,6.2,302.1,118,D,0
-17.1209,145.4725,329.9,1.1,1,2014-12-23,0358,Aqua,MODIS,38,6.2,303,18.2,D,0
-17.2863,145.3996,321.3,1.1,1,2014-12-23,0358,Aqua,MODIS,58,6.2,299.6,14.5,D,0
-15.5971,143.8708,333.1,1.2,1.1,2014-12-23,0358,Aqua,MODIS,64,6.2,310.5,15.5,D,0
-15.585,143.8749,336.9,1.2,1.1,2014-12-23,0358,Aqua,MODIS,60,6.2,311,22.9,D,0
-15.5684,143.85,336.5,1.2,1.1,2014-12-23,0358,Aqua,MODIS,45,6.2,309.6,24.3,D,0
-17.1117,145.471,369.9,1.1,1,2014-12-23,0358,Aqua,MODIS,94,6.2,298,112.2,D,0
-15.6128,143.7486,338.7,1.2,1.1,2014-12-23,0358,Aqua,MODIS,85,6.2,310,30.5,D,0
-15.6111,143.7542,330.2,1.2,1.1,2014-12-23,0358,Aqua,MODIS,67,6.2,310,16.2,D,0
-15.5492,143.7681,365.2,1.2,1.1,2014-12-23,0358,Aqua,MODIS,94,6.2,302.7,117.1,D,0
-17.9732,145.5405,319.7,1.1,1,2014-12-23,0358,Aqua,MODIS,38,6.2,299,8.8,D,0
-15.5857,143.9588,332.4,1.2,1.1,2014-12-23,0358,Aqua,MODIS,75,6.2,309.9,14,D,0
-15.5885,143.9369,330.5,1.2,1.1,2014-12-23,0358,Aqua,MODIS,60,6.2,309.1,10.8,D,0
-15.583,143.964,334.4,1.2,1.1,2014-12-23,0358,Aqua,MODIS,73,6.2,307.1,19,D,0
-15.5732,143.9626,352.6,1.2,1.1,2014-12-23,0358,Aqua,MODIS,95,6.2,313.9,60.9,D,0
-15.5635,143.9613,359.5,1.2,1.1,2014-12-23,0358,Aqua,MODIS,99,6.2,308.8,80.2,D,0
-15.565,143.9503,345.6,1.2,1.1,2014-12-23,0358,Aqua,MODIS,91,6.2,308.9,40.1,D,0
-15.5538,143.9599,358.9,1.2,1.1,2014-12-23,0358,Aqua,MODIS,99,6.2,309.5,78.1,D,0
-15.3022,144.3243,343.7,1.1,1.1,2014-12-23,0358,Aqua,MODIS,78,6.2,305.6,40.9,D,0
-15.2526,143.8536,333.3,1.2,1.1,2014-12-23,0358,Aqua,MODIS,65,6.2,305.5,20.1,D,0
-15.2569,143.8206,334.7,1.2,1.1,2014-12-23,0358,Aqua,MODIS,75,6.2,306.5,23.8,D,0
-15.3075,144.3569,355.3,1.1,1.1,2014-12-23,0358,Aqua,MODIS,97,6.2,311.3,63.2,D,0
-15.9425,143.4014,327,1.3,1.1,2014-12-23,0358,Aqua,MODIS,51,6.2,306.2,12.2,D,0
-15.3061,144.3673,337.5,1.1,1.1,2014-12-23,0358,Aqua,MODIS,76,6.2,310,21.2,D,0
-15.3089,144.3465,344,1.1,1.1,2014-12-23,0358,Aqua,MODIS,89,6.2,309.4,35.5,D,0
-15.3103,144.3361,334.5,1.1,1.1,2014-12-23,0358,Aqua,MODIS,41,6.2,307.9,18.1,D,0
-15.4386,144.0585,370.3,1.2,1.1,2014-12-23,0358,Aqua,MODIS,100,6.2,313.4,120.9,D,0
-15.429,144.057,370.9,1.2,1.1,2014-12-23,0358,Aqua,MODIS,100,6.2,310.1,122.1,D,0
-15.4304,144.0463,350.1,1.2,1.1,2014-12-23,0358,Aqua,MODIS,94,6.2,308.6,54.5,D,0
-15.4193,144.0556,379.9,1.2,1.1,2014-12-23,0358,Aqua,MODIS,100,6.2,309.6,168.7,D,0
-15.4207,144.0449,355.4,1.2,1.1,2014-12-23,0358,Aqua,MODIS,92,6.2,303.3,73.2,D,0
-15.5398,143.9912,337.6,1.2,1.1,2014-12-23,0358,Aqua,MODIS,51,6.2,309.3,25.8,D,0
-17.1094,143.976,341.5,1.2,1.1,2014-12-23,0358,Aqua,MODIS,80,6.2,311.4,30,D,0
-15.2793,143.8013,332.7,1.2,1.1,2014-12-23,0358,Aqua,MODIS,74,6.2,304.7,25.2,D,0
-17.6177,143.3426,332.8,1.4,1.2,2014-12-23,0358,Aqua,MODIS,70,6.2,310.7,18.1,D,0
-17.1193,143.9774,333.7,1.2,1.1,2014-12-23,0358,Aqua,MODIS,42,6.2,310.4,14.6,D,0
-17.104,143.9401,343.2,1.2,1.1,2014-12-23,0358,Aqua,MODIS,87,6.2,312.5,33.2,D,0
-15.4993,144.0738,332.9,1.2,1.1,2014-12-23,0358,Aqua,MODIS,19,6.2,301,21.8,D,0
-15.4372,144.0692,366.9,1.2,1.1,2014-12-23,0358,Aqua,MODIS,100,6.2,311.5,107,D,0
-15.8517,142.5363,327.8,1.4,1.2,2014-12-23,0358,Aqua,MODIS,60,6.2,302.1,16.3,D,0
-15.8559,142.5434,328.6,1.4,1.2,2014-12-23,0358,Aqua,MODIS,67,6.2,302.8,18.2,D,0
-15.8616,142.585,325.4,1.4,1.2,2014-12-23,0358,Aqua,MODIS,44,6.2,302.2,12.1,D,0
-15.3008,144.3347,336,1.1,1.1,2014-12-23,0358,Aqua,MODIS,30,6.2,304.9,23.5,D,0
-15.3117,144.3257,403,1.1,1.1,2014-12-23,0358,Aqua,MODIS,100,6.2,312.7,302.2,D,0
-15.85,142.5497,326.7,1.4,1.2,2014-12-23,0358,Aqua,MODIS,60,6.2,302.3,13.3,D,0
-17.0812,143.9603,401.4,1.2,1.1,2014-12-23,0358,Aqua,MODIS,100,6.2,319.8,323.1,D,0
-17.0798,143.9718,389.3,1.2,1.1,2014-12-23,0358,Aqua,MODIS,100,6.2,312.4,233,D,0
-15.0022,144.5036,342.8,1.1,1,2014-12-23,0358,Aqua,MODIS,87,6.2,307.8,31.4,D,0
-14.9982,144.4615,342.6,1.1,1,2014-12-23,0358,Aqua,MODIS,88,6.2,307.9,33.4,D,0
-14.9996,144.4512,373.7,1.1,1,2014-12-23,0358,Aqua,MODIS,100,6.2,308.2,127.4,D,0
-17.0911,143.9617,339,1.2,1.1,2014-12-23,0358,Aqua,MODIS,76,6.2,313.6,22.8,D,0
-17.0897,143.9732,356.1,1.2,1.1,2014-12-23,0358,Aqua,MODIS,97,6.2,313.3,71.2,D,0
-18.2033,145.193,356.6,1.1,1,2014-12-23,0358,Aqua,MODIS,98,6.2,310.1,73.4,D,0
-18.3308,143.9801,333.4,1.3,1.1,2014-12-23,0358,Aqua,MODIS,52,6.2,312,19.4,D,0
-18.1145,145.6446,329.4,1.1,1,2014-12-23,0358,Aqua,MODIS,74,6.2,299.8,21.8,D,0
-16.6762,143.5521,391.6,1.3,1.1,2014-12-23,0358,Aqua,MODIS,100,6.2,317.5,269.4,D,0
-17.2969,145.391,327.2,1.1,1,2014-12-23,0358,Aqua,MODIS,70,6.2,299.6,19.7,D,0
-18.2806,143.9727,367.9,1.3,1.1,2014-12-23,0358,Aqua,MODIS,100,6.2,311.5,131.3,D,0
-18.3324,143.9681,346.7,1.3,1.1,2014-12-23,0358,Aqua,MODIS,91,6.2,313.2,50.9,D,0
-18.2127,145.1944,341.1,1.1,1,2014-12-23,0358,Aqua,MODIS,88,6.2,311,34.7,D,0
-18.3306,143.9734,350.9,1.3,1.1,2014-12-23,0358,Aqua,MODIS,94,6.2,314.3,62.3,D,0
-18.214,145.1841,374.1,1.1,1,2014-12-23,0358,Aqua,MODIS,100,6.2,313.9,131.9,D,0
-18.3321,143.9614,336.9,1.3,1.1,2014-12-23,0358,Aqua,MODIS,77,6.2,309.5,26.5,D,0
-15.3902,144.1277,337.2,1.2,1.1,2014-12-23,0358,Aqua,MODIS,71,6.2,307.6,21.9,D,0
-18.2791,143.9848,369.7,1.3,1.1,2014-12-23,0358,Aqua,MODIS,100,6.2,314.3,136.9,D,0
-15.941,143.4133,333.7,1.3,1.1,2014-12-23,0358,Aqua,MODIS,78,6.2,308.5,24.4,D,0
-18.3161,144.0143,331.3,1.3,1.1,2014-12-23,0358,Aqua,MODIS,41,6.2,309.9,16.6,D,0
-15.4012,144.1184,337,1.2,1.1,2014-12-23,0358,Aqua,MODIS,74,6.2,311,20,D,0
-15.0376,144.3835,333.6,1.1,1.1,2014-12-23,0358,Aqua,MODIS,51,6.2,307.6,17.4,D,0
-15.0063,144.473,337.2,1.1,1,2014-12-23,0358,Aqua,MODIS,80,6.2,309.2,20.9,D,0
-18.2154,145.1738,397.1,1.1,1,2014-12-23,0358,Aqua,MODIS,100,6.2,317,254.3,D,0
-17.0728,143.9474,351.9,1.2,1.1,2014-12-23,0358,Aqua,MODIS,94,6.2,307.4,67.1,D,0
-15.0551,144.3966,333.7,1.1,1.1,2014-12-23,0358,Aqua,MODIS,40,6.2,311.5,15.4,D,0
-15.0251,144.4758,336,1.1,1,2014-12-23,0358,Aqua,MODIS,79,6.2,311.8,15.1,D,0
-15.0485,144.3746,347,1.1,1.1,2014-12-23,0358,Aqua,MODIS,92,6.2,307.8,47.7,D,0
-16.3878,144.7248,341.2,1.1,1,2014-12-23,0358,Aqua,MODIS,88,6.2,314.3,30.3,D,0
-17.0713,143.9589,378.5,1.2,1.1,2014-12-23,0358,Aqua,MODIS,100,6.2,308,174.1,D,0
-18.2968,143.9265,330.8,1.3,1.1,2014-12-23,0358,Aqua,MODIS,16,6.2,308.4,17.6,D,0
-15.7784,142.3129,325,1.5,1.2,2014-12-23,0358,Aqua,MODIS,24,6.2,299.6,17.2,D,0
-15.0471,144.3849,364.5,1.1,1.1,2014-12-23,0358,Aqua,MODIS,100,6.2,310.6,94.1,D,0
-16.3864,144.7351,333.8,1.1,1,2014-12-23,0358,Aqua,MODIS,64,6.2,313.4,16.9,D,0
-15.0565,144.3863,335,1.1,1.1,2014-12-23,0358,Aqua,MODIS,71,6.2,310.8,20,D,0
-15.0077,144.4628,336.8,1.1,1,2014-12-23,0358,Aqua,MODIS,83,6.2,308.9,20.8,D,0
-16.6747,143.564,350.2,1.3,1.1,2014-12-23,0358,Aqua,MODIS,93,6.2,310.9,61.1,D,0
-18.206,145.1724,361.5,1.1,1,2014-12-23,0358,Aqua,MODIS,100,6.2,309.5,88.6,D,0
-15.4165,144.077,335.3,1.2,1.1,2014-12-23,0358,Aqua,MODIS,15,6.2,305.7,22.6,D,0
-18.2706,143.9714,345.2,1.3,1.1,2014-12-23,0358,Aqua,MODIS,86,6.2,309.6,53.1,D,0
-16.6981,143.6995,363.4,1.3,1.1,2014-12-23,0358,Aqua,MODIS,100,6.2,309.3,110.3,D,0
-15.3998,144.1291,348,1.2,1.1,2014-12-23,0358,Aqua,MODIS,93,6.2,307.6,44.9,D,0
-15.382,144.1157,342.3,1.2,1.1,2014-12-23,0358,Aqua,MODIS,88,6.2,303.3,33.9,D,0
-18.2046,145.1827,417.8,1.1,1,2014-12-23,0358,Aqua,MODIS,100,6.2,320.8,417,D,0
-18.2776,143.9968,362,1.3,1.1,2014-12-23,0358,Aqua,MODIS,100,6.2,311.3,103.8,D,0
-17.0941,143.9387,339.3,1.2,1.1,2014-12-23,0358,Aqua,MODIS,79,6.2,312.2,24.3,D,0
-15.4275,144.0677,347,1.2,1.1,2014-12-23,0358,Aqua,MODIS,78,6.2,308.6,44.1,D,0
-16.6847,143.5655,334.8,1.3,1.1,2014-12-23,0358,Aqua,MODIS,75,6.2,311.5,18.7,D,0
-18.2961,144.0114,345.8,1.3,1.1,2014-12-23,0358,Aqua,MODIS,90,6.2,311.4,47.1,D,0
-16.6863,143.5535,336.1,1.3,1.1,2014-12-23,0358,Aqua,MODIS,77,6.2,311.9,23.5,D,0
-18.1302,145.6671,320.9,1.1,1,2014-12-23,0358,Aqua,MODIS,33,6.2,298,12.6,D,0
-15.452,142.9379,327.6,1.3,1.1,2014-12-23,0358,Aqua,MODIS,38,6.2,303.3,14.5,D,0
-15.6782,145.2091,331.4,1,1,2014-12-23,0358,Aqua,MODIS,74,6.2,303.7,20,D,0
-12.2216,142.6667,325.8,1.3,1.1,2014-12-23,0359,Aqua,MODIS,31,6.2,295.6,16.2,D,0
-12.2225,142.7372,323.2,1.3,1.1,2014-12-23,0359,Aqua,MODIS,47,6.2,300.2,10.1,D,0
-12.1809,142.7431,330.4,1.3,1.1,2014-12-23,0359,Aqua,MODIS,81,6.2,300.7,21.2,D,0
-12.2124,142.7358,330.8,1.3,1.1,2014-12-23,0359,Aqua,MODIS,81,6.2,299.8,22.1,D,0
-14.2199,143.3409,318.4,1.2,1.1,2014-12-23,0359,Aqua,MODIS,45,6.2,293.3,11.9,D,0
-12.1924,142.733,325.9,1.3,1.1,2014-12-23,0359,Aqua,MODIS,63,6.2,301.1,12.6,D,0
-12.1909,142.7445,327.7,1.3,1.1,2014-12-23,0359,Aqua,MODIS,71,6.2,299,16,D,0
-14.1708,143.328,325.5,1.2,1.1,2014-12-23,0359,Aqua,MODIS,52,6.2,297.9,16.2,D,0
-12.1528,142.721,340.7,1.3,1.1,2014-12-23,0359,Aqua,MODIS,89,6.2,300.3,44.6,D,0
-12.1512,142.7325,332.3,1.3,1.1,2014-12-23,0359,Aqua,MODIS,83,6.2,300.2,27,D,0
-12.0486,142.6658,333.8,1.3,1.1,2014-12-23,0359,Aqua,MODIS,86,6.2,299.2,30.5,D,0
-12.0787,142.6701,331.6,1.3,1.1,2014-12-23,0359,Aqua,MODIS,84,6.2,300.8,26,D,0
-13.3252,143.0974,326.7,1.2,1.1,2014-12-23,0359,Aqua,MODIS,41,6.2,299.8,17.7,D,0
-13.2846,143.0977,316.6,1.2,1.1,2014-12-23,0359,Aqua,MODIS,23,6.2,292.8,10.3,D,0
-12.1088,142.668,331.8,1.3,1.1,2014-12-23,0359,Aqua,MODIS,80,6.2,301.3,26.8,D,0
-12.0501,142.6542,321.4,1.3,1.1,2014-12-23,0359,Aqua,MODIS,27,6.2,297.5,9,D,0
-12.1914,142.6625,337.4,1.3,1.1,2014-12-23,0359,Aqua,MODIS,87,6.2,297.4,38.8,D,0
-12.193,142.6509,334.1,1.3,1.1,2014-12-23,0359,Aqua,MODIS,84,6.2,296.2,33.5,D,0
-12.1073,142.6796,335,1.3,1.1,2014-12-23,0359,Aqua,MODIS,85,6.2,300.7,33.1,D,0
-12.7102,142.5105,332.1,1.3,1.1,2014-12-23,0359,Aqua,MODIS,83,6.2,297.2,31.9,D,0
-12.0957,142.6897,323,1.3,1.1,2014-12-23,0359,Aqua,MODIS,36,6.2,298.9,13.2,D,0
-28.6917,123.0821,350.7,1.1,1,2014-12-23,0534,Aqua,MODIS,92,6.2,321.6,41.1,D,0
-28.6931,123.0711,340.2,1.1,1,2014-12-23,0534,Aqua,MODIS,76,6.2,322.8,19.3,D,0
-25.2102,120.363,344.4,1.3,1.1,2014-12-23,0535,Aqua,MODIS,71,6.2,312,42.3,D,0
-25.2024,120.3698,342.5,1.3,1.1,2014-12-23,0535,Aqua,MODIS,62,6.2,316.1,29.5,D,0
-23.4191,119.5744,342.7,1.4,1.2,2014-12-23,0535,Aqua,MODIS,84,6.2,314.3,41.8,D,0
-25.2123,120.5219,340.3,1.3,1.1,2014-12-23,0535,Aqua,MODIS,80,6.2,318.7,26.6,D,0
-25.2138,120.509,334.2,1.3,1.1,2014-12-23,0535,Aqua,MODIS,48,6.2,315.9,12.3,D,0
-22.7576,118.7964,344.7,1.5,1.2,2014-12-23,0535,Aqua,MODIS,53,6.2,313.2,43.6,D,0
-22.7593,118.7815,351.1,1.5,1.2,2014-12-23,0535,Aqua,MODIS,91,6.2,309.8,73,D,0
-22.7465,118.795,361.2,1.5,1.2,2014-12-23,0535,Aqua,MODIS,96,6.2,316.2,113,D,0
-22.3473,120.4454,333.8,1.2,1.1,2014-12-23,0535,Aqua,MODIS,66,6.2,309.8,16.7,D,0
-23.3337,114.8583,339.1,3,1.6,2014-12-23,0535,Aqua,MODIS,65,6.2,316.7,63.3,D,0
-22.7454,118.788,356.3,1.5,1.2,2014-12-23,0535,Aqua,MODIS,86,6.2,315.9,92,D,0
-21.6765,119.8836,339,1.3,1.1,2014-12-23,0536,Aqua,MODIS,62,6.2,315.7,18.7,D,0
-15.3826,124.743,338.2,1.2,1.1,2014-12-23,0537,Aqua,MODIS,85,6.2,296.1,36,D,0
-15.3925,124.7446,345.2,1.2,1.1,2014-12-23,0537,Aqua,MODIS,91,6.2,299.1,54.6,D,0
-12.4963,131.6759,317.7,4.4,1.9,2014-12-23,0537,Aqua,MODIS,19,6.2,289.7,50.3,D,0
-12.5037,131.636,324.2,4.4,1.9,2014-12-23,0537,Aqua,MODIS,73,6.2,290,109.9,D,0
-22.7858,149.4589,300.9,3,1.6,2014-12-23,1321,Terra,MODIS,35,6.2,290.7,19.6,N,0
-22.6844,149.427,300.9,3,1.6,2014-12-23,1321,Terra,MODIS,35,6.2,290.2,18.6,N,0
-18.2242,144.4229,303.4,1.6,1.3,2014-12-23,1322,Terra,MODIS,17,6.2,292.8,7.1,N,0
-18.238,144.41,303.5,1.6,1.2,2014-12-23,1322,Terra,MODIS,42,6.2,292.8,7.3,N,0
-18.2066,145.1895,301.7,1.8,1.3,2014-12-23,1322,Terra,MODIS,27,6.2,290.6,9.7,N,0
-18.2096,145.1722,310.7,1.8,1.3,2014-12-23,1322,Terra,MODIS,81,6.2,291.2,23.2,N,0
-18.622,145.8939,303.7,2,1.4,2014-12-23,1322,Terra,MODIS,52,6.2,291.3,15.6,N,0
-21.5431,140.0275,309.8,1,1,2014-12-23,1322,Terra,MODIS,78,6.2,295.8,6.5,N,0
-18.1978,145.17,303.7,1.8,1.3,2014-12-23,1322,Terra,MODIS,57,6.2,290.6,12.7,N,0
-19.7965,138.648,319.1,1,1,2014-12-23,1322,Terra,MODIS,98,6.2,268,17.9,N,0
-20.2252,140.2441,306.5,1,1,2014-12-23,1322,Terra,MODIS,65,6.2,292.8,4,N,0
-15.6493,144.4018,305,1.8,1.3,2014-12-23,1323,Terra,MODIS,22,6.2,291.8,8.8,N,0
-15.5646,143.5135,303.4,1.6,1.2,2014-12-23,1323,Terra,MODIS,45,6.2,292.6,6.9,N,0
-16.6771,143.541,311.8,1.5,1.2,2014-12-23,1323,Terra,MODIS,50,6.2,292.3,13.1,N,0
-15.6254,143.6354,304.1,1.6,1.2,2014-12-23,1323,Terra,MODIS,51,6.2,292.1,7.9,N,0
-15.6466,144.4185,306,1.8,1.3,2014-12-23,1323,Terra,MODIS,36,6.2,292.2,10,N,0
-16.647,143.5212,308.8,1.5,1.2,2014-12-23,1323,Terra,MODIS,73,6.2,291.7,9.9,N,0
-16.6447,143.5351,325.1,1.5,1.2,2014-12-23,1323,Terra,MODIS,100,6.2,292.3,35.8,N,0
-15.6554,144.4093,305.2,1.8,1.3,2014-12-23,1323,Terra,MODIS,59,6.2,292.1,9.9,N,0
-15.2078,143.7204,304.1,1.6,1.3,2014-12-23,1323,Terra,MODIS,54,6.2,293.8,7,N,0
-15.2094,143.7141,304.7,1.6,1.3,2014-12-23,1323,Terra,MODIS,11,6.2,293.7,6.9,N,0
-15.0723,143.9757,305,1.7,1.3,2014-12-23,1323,Terra,MODIS,11,6.2,292.5,8.3,N,0
-17.8957,141.9467,309.5,1.2,1.1,2014-12-23,1323,Terra,MODIS,70,6.2,296.5,6.6,N,0
-17.8974,141.9359,313.5,1.2,1.1,2014-12-23,1323,Terra,MODIS,84,6.2,296.7,10.4,N,0
-15.6118,143.9275,310.7,1.7,1.3,2014-12-23,1323,Terra,MODIS,23,6.2,292.7,15.6,N,0
-15.8891,142.5833,303.9,1.3,1.1,2014-12-23,1323,Terra,MODIS,27,6.2,293.2,6,N,0
-15.2974,143.8046,305.9,1.6,1.3,2014-12-23,1323,Terra,MODIS,49,6.2,293,9.3,N,0
-15.4834,142.948,308.5,1.4,1.2,2014-12-23,1323,Terra,MODIS,72,6.2,294.2,9.2,N,0
-15.006,143.6191,305.1,1.6,1.3,2014-12-23,1323,Terra,MODIS,59,6.2,293.9,8.2,N,0
-16.3656,144.7098,311.3,1.8,1.3,2014-12-23,1323,Terra,MODIS,82,6.2,291.7,22.3,N,0
-16.3775,144.7121,314.3,1.8,1.3,2014-12-23,1323,Terra,MODIS,89,6.2,292.3,27.5,N,0
-15.2103,143.7053,304.7,1.6,1.3,2014-12-23,1323,Terra,MODIS,57,6.2,293.7,7.6,N,0
-16.6663,143.5391,315.3,1.5,1.2,2014-12-23,1323,Terra,MODIS,56,6.2,292.2,16.7,N,0
-16.6888,144.9739,301.9,1.9,1.3,2014-12-23,1323,Terra,MODIS,45,6.2,291.6,8.5,N,0
-16.3686,144.6926,304,1.8,1.3,2014-12-23,1323,Terra,MODIS,58,6.2,291.1,10.7,N,0
-16.6686,143.5251,316.9,1.5,1.2,2014-12-23,1323,Terra,MODIS,91,6.2,292,20,N,0
-17.1157,145.4616,301.2,2,1.4,2014-12-23,1323,Terra,MODIS,28,6.2,290.4,11.3,N,0
-15.3755,144.0987,307.2,1.7,1.3,2014-12-23,1323,Terra,MODIS,67,6.2,292.3,12,N,0
-16.6794,143.5271,307.5,1.5,1.2,2014-12-23,1323,Terra,MODIS,51,6.2,291.9,8.5,N,0
-15.4856,142.9347,306.8,1.4,1.2,2014-12-23,1323,Terra,MODIS,65,6.2,293.8,7.2,N,0
-15.0644,143.9686,306.5,1.7,1.3,2014-12-23,1323,Terra,MODIS,41,6.2,292,11,N,0
-15.6742,145.2133,304.1,2.1,1.4,2014-12-23,1323,Terra,MODIS,11,6.2,293.1,9.9,N,0
-15.6734,145.2068,309.4,2.1,1.4,2014-12-23,1323,Terra,MODIS,75,6.2,293,21,N,0
-15.6609,145.2048,303.9,2.1,1.4,2014-12-23,1323,Terra,MODIS,46,6.2,292.7,10.3,N,0
-12.0715,142.5439,305.1,1.5,1.2,2014-12-23,1324,Terra,MODIS,60,6.2,289.4,8.7,N,0
-12.075,142.5366,302.9,1.5,1.2,2014-12-23,1324,Terra,MODIS,35,6.2,289.9,5.5,N,0
-12.0728,142.5505,303,1.5,1.2,2014-12-23,1324,Terra,MODIS,43,6.2,289.1,5.8,N,0
-12.6306,135.1518,303.4,1.3,1.1,2014-12-23,1324,Terra,MODIS,41,6.2,291.3,4.3,N,0
-12.7314,142.5351,312.5,1.5,1.2,2014-12-23,1324,Terra,MODIS,83,6.2,293.2,16.5,N,0
-12.729,142.529,316.2,1.5,1.2,2014-12-23,1324,Terra,MODIS,92,6.2,293.4,21.4,N,0
-12.7336,142.5215,307,1.5,1.2,2014-12-23,1324,Terra,MODIS,66,6.2,293.1,9.5,N,0
-25.7167,152.475,300.2,1.4,1.2,2014-12-23,1452,Aqua,MODIS,15,6.2,290,6.1,N,0
-23.8395,150.4916,301.1,2.1,1.4,2014-12-23,1452,Aqua,MODIS,38,6.2,290.1,12.8,N,0
-25.4874,151.1592,300.7,1.7,1.3,2014-12-23,1452,Aqua,MODIS,32,6.2,289.9,9.3,N,0
-27.4209,118.772,304.5,1.1,1,2014-12-23,1459,Terra,MODIS,60,6.2,292.5,6,N,0
-21.7443,117.4114,315.6,1.1,1,2014-12-23,1500,Terra,MODIS,92,6.2,296.3,11.9,N,0
-21.7459,117.401,308.6,1.1,1,2014-12-23,1500,Terra,MODIS,75,6.2,295.8,5.8,N,0
-21.7552,117.4027,312.6,1.1,1,2014-12-23,1500,Terra,MODIS,75,6.2,295.8,9.6,N,0
-21.7536,117.413,332.6,1.1,1,2014-12-23,1500,Terra,MODIS,100,6.2,297.3,33,N,0
-20.9009,117.1322,307.2,1.1,1,2014-12-23,1501,Terra,MODIS,51,6.2,296.8,4.3,N,0
-20.8941,117.1351,308.1,1.1,1,2014-12-23,1501,Terra,MODIS,65,6.2,296.7,5.5,N,0
-20.8957,117.1249,310.1,1.1,1,2014-12-23,1501,Terra,MODIS,74,6.2,296.7,7.1,N,0
-20.8191,119.1723,307.1,1.3,1.2,2014-12-23,1501,Terra,MODIS,24,6.2,291,12.7,N,0
-20.8088,119.1703,321.9,1.3,1.2,2014-12-23,1501,Terra,MODIS,90,6.2,292.6,32.1,N,0
-16.6376,143.5387,311.1,3.5,1.8,2014-12-23,1628,Aqua,MODIS,82,6.2,289.8,57.2,N,0
-16.6471,143.5331,308.9,3.5,1.8,2014-12-23,1628,Aqua,MODIS,76,6.2,289.8,46,N,0
-16.6695,143.5353,305.3,3.5,1.8,2014-12-23,1628,Aqua,MODIS,64,6.2,289.6,34.1,N,0
-16.6631,143.5314,303.9,3.5,1.8,2014-12-23,1628,Aqua,MODIS,25,6.2,289.6,25.9,N,0
-12.7301,142.5066,319.8,3.8,1.8,2014-12-24,0014,Terra,MODIS,72,6.2,292.9,58.4,D,0
-12.7366,142.5411,324.3,3.8,1.8,2014-12-24,0014,Terra,MODIS,77,6.2,293.7,92.4,D,0
-12.0795,142.6831,318.3,3.8,1.8,2014-12-24,0014,Terra,MODIS,69,6.2,293.2,56.5,D,0
-12.7303,142.5497,315.8,3.8,1.8,2014-12-24,0014,Terra,MODIS,34,6.2,293.5,35,D,0
-12.7241,142.5152,320.9,3.8,1.8,2014-12-24,0014,Terra,MODIS,73,6.2,293.1,64.1,D,0
-16.6797,143.5286,343,2.6,1.6,2014-12-24,0015,Terra,MODIS,87,6.2,300.4,135.5,D,0
-16.689,143.5327,338.6,2.6,1.6,2014-12-24,0015,Terra,MODIS,79,6.2,299.7,106.8,D,0
-16.6751,143.5355,333.8,2.6,1.6,2014-12-24,0015,Terra,MODIS,55,6.2,301.6,78.6,D,0
-15.5709,143.5157,318.2,2.8,1.6,2014-12-24,0015,Terra,MODIS,61,6.2,296.1,33.6,D,0
-15.2026,143.6969,323.1,2.7,1.6,2014-12-24,0015,Terra,MODIS,70,6.2,292.8,46.9,D,0
-16.6334,143.5437,323.5,2.6,1.6,2014-12-24,0015,Terra,MODIS,49,6.2,301.7,28.1,D,0
-15.2072,143.7218,327,2.7,1.6,2014-12-24,0015,Terra,MODIS,76,6.2,293.7,65.5,D,0
-15.2102,143.7149,327.8,2.7,1.6,2014-12-24,0015,Terra,MODIS,77,6.2,294.1,67.6,D,0
-15.0576,143.9917,333.8,2.6,1.6,2014-12-24,0015,Terra,MODIS,84,6.2,296.4,94.9,D,0
-15.094,144.0343,320.4,2.6,1.5,2014-12-24,0015,Terra,MODIS,57,6.2,294.7,31.4,D,0
-15.3088,144.363,320.2,2.4,1.5,2014-12-24,0015,Terra,MODIS,28,6.2,295.4,30,D,0
-15.5214,143.7712,337.5,2.7,1.6,2014-12-24,0015,Terra,MODIS,86,6.2,294,121,D,0
-15.0672,143.9649,333.3,2.6,1.6,2014-12-24,0015,Terra,MODIS,83,6.2,294.9,95.4,D,0
-15.6073,143.8983,331.4,2.6,1.5,2014-12-24,0015,Terra,MODIS,81,6.2,294,82.3,D,0
-15.6117,143.9221,325.1,2.6,1.5,2014-12-24,0015,Terra,MODIS,70,6.2,296.4,50.9,D,0
-15.3757,144.0287,322.5,2.6,1.5,2014-12-24,0015,Terra,MODIS,69,6.2,293.8,39.2,D,0
-14.9618,145.2953,317.2,2.1,1.4,2014-12-24,0015,Terra,MODIS,0,6.2,296.2,16.4,D,0
-15.5515,143.9827,322.7,2.6,1.5,2014-12-24,0015,Terra,MODIS,28,6.2,295.6,31.7,D,0
-15.5652,143.9799,326,2.6,1.5,2014-12-24,0015,Terra,MODIS,29,6.2,298.3,46,D,0
-15.5306,142.8982,317.1,3.1,1.7,2014-12-24,0015,Terra,MODIS,58,6.2,294.9,28.8,D,0
-15.28,143.8551,322.1,2.7,1.6,2014-12-24,0015,Terra,MODIS,68,6.2,293.2,42,D,0
-15.2845,143.8796,319.5,2.6,1.6,2014-12-24,0015,Terra,MODIS,61,6.2,293.5,31.9,D,0
-15.0533,143.9676,339.2,2.6,1.6,2014-12-24,0015,Terra,MODIS,88,6.2,295.1,130.8,D,0
-16.3713,144.7082,338.5,2.2,1.4,2014-12-24,0015,Terra,MODIS,86,6.2,306.3,84.7,D,0
-15.5023,143.8252,322.7,2.6,1.6,2014-12-24,0015,Terra,MODIS,69,6.2,295,43.1,D,0
-15.5258,143.7958,339.3,2.7,1.6,2014-12-24,0015,Terra,MODIS,88,6.2,298,129.7,D,0
-15.5156,143.7906,328.7,2.7,1.6,2014-12-24,0015,Terra,MODIS,59,6.2,294.9,66.4,D,0
-15.5296,143.7881,334.1,2.7,1.6,2014-12-24,0015,Terra,MODIS,84,6.2,296.6,99.2,D,0
-15.0716,143.9581,320.4,2.6,1.6,2014-12-24,0015,Terra,MODIS,46,6.2,294.7,31.1,D,0
-16.3677,144.6884,366.2,2.2,1.4,2014-12-24,0015,Terra,MODIS,100,6.2,304.3,282.5,D,0
-15.3829,144.1069,325.1,2.5,1.5,2014-12-24,0015,Terra,MODIS,73,6.2,295.4,45.9,D,0
-16.3841,144.7059,327.4,2.2,1.4,2014-12-24,0015,Terra,MODIS,69,6.2,304.1,35.3,D,0
-16.6568,143.5137,347.4,2.6,1.6,2014-12-24,0015,Terra,MODIS,93,6.2,299.4,175.6,D,0
-15.375,144.1014,328.8,2.5,1.5,2014-12-24,0015,Terra,MODIS,78,6.2,294.2,61.8,D,0
-16.6658,143.5313,345.2,2.6,1.6,2014-12-24,0015,Terra,MODIS,88,6.2,302.6,150.5,D,0
-15.6721,143.3259,318.6,2.9,1.6,2014-12-24,0015,Terra,MODIS,48,6.2,297.9,28.5,D,0
-16.6612,143.5382,345.3,2.6,1.6,2014-12-24,0015,Terra,MODIS,91,6.2,302.6,150.6,D,0
-20.4002,147.9149,328.7,1.2,1.1,2014-12-24,0016,Terra,MODIS,58,6.2,305.3,13.1,D,0
-20.402,147.9257,327.7,1.1,1.1,2014-12-24,0016,Terra,MODIS,34,6.2,307.1,12.8,D,0
-18.3355,143.9186,325,2.3,1.5,2014-12-24,0016,Terra,MODIS,70,6.2,301.5,31.5,D,0
-18.3312,143.8959,323,2.3,1.5,2014-12-24,0016,Terra,MODIS,66,6.2,299.9,26.5,D,0
-21.862,149.218,322.9,1,1,2014-12-24,0016,Terra,MODIS,30,6.2,303.4,10.7,D,0
-21.7578,149.382,322.8,1,1,2014-12-24,0016,Terra,MODIS,47,6.2,300.5,9,D,0
-21.7563,149.3723,322.6,1,1,2014-12-24,0016,Terra,MODIS,44,6.2,303.6,9.4,D,0
-25.7701,150.2057,352.1,1,1,2014-12-24,0017,Terra,MODIS,96,6.2,301.3,57.8,D,0
-25.7716,150.216,330.6,1,1,2014-12-24,0017,Terra,MODIS,79,6.2,302,18.5,D,0
-24.1444,150.1507,320.7,1,1,2014-12-24,0017,Terra,MODIS,50,6.2,305.8,5.8,D,0
-24.8458,145.8388,325.7,1.3,1.1,2014-12-24,0017,Terra,MODIS,41,6.2,301.7,7.6,D,0
-25.1552,149.7599,322.8,1,1,2014-12-24,0017,Terra,MODIS,31,6.2,300.1,8.9,D,0
-25.8464,152.3905,319.1,1.2,1.1,2014-12-24,0017,Terra,MODIS,46,6.2,299.9,12.9,D,0
-25.8479,152.403,339.7,1.2,1.1,2014-12-24,0017,Terra,MODIS,88,6.2,300.5,48.3,D,0
-25.1538,149.75,336.8,1,1,2014-12-24,0017,Terra,MODIS,85,6.2,300.9,27.3,D,0
-25.1613,149.7385,342.8,1,1,2014-12-24,0017,Terra,MODIS,90,6.2,299.4,36.7,D,0
-26.2449,149.6008,346.2,1,1,2014-12-24,0017,Terra,MODIS,92,6.2,304.5,39,D,0
-26.2463,149.6108,338.8,1,1,2014-12-24,0017,Terra,MODIS,88,6.2,303.9,26,D,0
-26.2554,149.6093,328.9,1,1,2014-12-24,0017,Terra,MODIS,79,6.2,303.8,11.8,D,0
-25.1628,149.7484,355.5,1,1,2014-12-24,0017,Terra,MODIS,97,6.2,301.8,63.4,D,0
-25.1704,149.737,323.3,1,1,2014-12-24,0017,Terra,MODIS,63,6.2,297.7,9.6,D,0
-22.9983,149.2414,328.7,1,1,2014-12-24,0017,Terra,MODIS,62,6.2,309.5,10.2,D,0
-22.9998,149.2512,328.3,1,1,2014-12-24,0017,Terra,MODIS,64,6.2,310.5,9.1,D,0
-22.9026,146.0053,333.6,1.3,1.1,2014-12-24,0017,Terra,MODIS,74,6.2,307.7,23.1,D,0
-22.9003,145.9922,340.7,1.3,1.1,2014-12-24,0017,Terra,MODIS,84,6.2,309.2,40.3,D,0
-25.7131,152.4606,319.6,1.3,1.1,2014-12-24,0017,Terra,MODIS,59,6.2,297.3,14.2,D,0
-22.6833,149.4109,340.6,1,1,2014-12-24,0017,Terra,MODIS,87,6.2,302.2,33.8,D,0
-22.6847,149.4206,330,1,1,2014-12-24,0017,Terra,MODIS,44,6.2,302,17.2,D,0
-22.6862,149.4304,334.1,1,1,2014-12-24,0017,Terra,MODIS,72,6.2,304.8,23.5,D,0
-22.7088,149.3965,326,1,1,2014-12-24,0017,Terra,MODIS,32,6.2,310,9.7,D,0
-22.7178,149.395,351.7,1,1,2014-12-24,0017,Terra,MODIS,95,6.2,307.6,50.2,D,0
-22.7193,149.4047,344.7,1,1,2014-12-24,0017,Terra,MODIS,90,6.2,308.9,36,D,0
-22.7344,149.3821,330.3,1,1,2014-12-24,0017,Terra,MODIS,76,6.2,309.1,13.6,D,0
-22.7657,149.47,333,1,1,2014-12-24,0017,Terra,MODIS,79,6.2,306.6,18,D,0
-22.7837,149.4669,329.6,1,1,2014-12-24,0017,Terra,MODIS,75,6.2,307.1,13.1,D,0
-22.7913,149.4556,325.1,1,1,2014-12-24,0017,Terra,MODIS,48,6.2,303.8,9.3,D,0
-23.8329,150.4806,333,1,1,2014-12-24,0017,Terra,MODIS,70,6.2,306.2,23.2,D,0
-23.8343,150.4906,337.8,1,1,2014-12-24,0017,Terra,MODIS,84,6.2,306.6,30.7,D,0
-23.8434,150.489,349.9,1,1,2014-12-24,0017,Terra,MODIS,94,6.2,304.4,53.7,D,0
-24.0381,150.4349,323.1,1,1,2014-12-24,0017,Terra,MODIS,67,6.2,305.6,8,D,0
-24.0395,150.4448,340,1,1,2014-12-24,0017,Terra,MODIS,88,6.2,307.5,31.4,D,0
-23.8357,150.5005,328.7,1,1,2014-12-24,0017,Terra,MODIS,64,6.2,303.1,17.9,D,0
-23.8448,150.499,322.5,1,1,2014-12-24,0017,Terra,MODIS,50,6.2,302.5,10.5,D,0
-26.3911,149.5321,327.9,1,1,2014-12-24,0018,Terra,MODIS,65,6.2,306.1,8.5,D,0
-27.6191,153.1175,321.7,1.4,1.2,2014-12-24,0018,Terra,MODIS,21,6.2,299.4,12,D,0
-27.7451,153.2285,319.6,1.5,1.2,2014-12-24,0018,Terra,MODIS,15,6.2,298,8.8,D,0
-28.2494,150.6808,330.4,1.1,1,2014-12-24,0018,Terra,MODIS,64,6.2,306.2,13.2,D,0
-12.2748,132.7459,320.2,1.8,1.3,2014-12-24,0152,Terra,MODIS,22,6.2,291,18.1,D,0
-12.1659,132.7014,323.4,1.7,1.3,2014-12-24,0152,Terra,MODIS,47,6.2,294.8,23.3,D,0
-12.1639,132.6855,324.6,1.7,1.3,2014-12-24,0152,Terra,MODIS,55,6.2,294,28.1,D,0
-15.3347,124.77,327.9,1.1,1.1,2014-12-24,0153,Terra,MODIS,0,6.2,300.1,14.9,D,0
-19.4665,129.4537,314.2,1.3,1.1,2014-12-24,0154,Terra,MODIS,48,6.2,290.2,10.8,D,0
-18.8072,132.285,315.5,2,1.4,2014-12-24,0154,Terra,MODIS,63,6.2,292.2,19.3,D,0
-16.7505,131.1086,318.1,1.6,1.2,2014-12-24,0154,Terra,MODIS,8,6.2,295.5,18.6,D,0
-17.963,132.6196,319.9,2.1,1.4,2014-12-24,0154,Terra,MODIS,12,6.2,293.4,30.8,D,0
-21.7604,117.4143,339.8,2.6,1.6,2014-12-24,0156,Terra,MODIS,85,6.2,304.4,97.3,D,0
-21.8337,117.3912,330.6,2.6,1.6,2014-12-24,0156,Terra,MODIS,68,6.2,304,49.9,D,0
-21.8427,117.3633,371.6,2.6,1.6,2014-12-24,0156,Terra,MODIS,100,6.2,304.2,423.5,D,0
-21.8476,117.3883,327.7,2.6,1.6,2014-12-24,0156,Terra,MODIS,57,6.2,303.4,36.6,D,0
-21.8288,117.3662,375,2.6,1.6,2014-12-24,0156,Terra,MODIS,100,6.2,307,472,D,0
-21.7555,117.3893,331.2,2.6,1.6,2014-12-24,0156,Terra,MODIS,73,6.2,304.5,43.7,D,0
-24.7005,151.774,312.2,4.1,1.9,2014-12-24,0300,Aqua,MODIS,52,6.2,291.7,38.2,D,0
-25.8339,152.4291,316.8,3.8,1.8,2014-12-24,0300,Aqua,MODIS,67,6.2,289.9,55,D,0
-25.8444,152.4227,315.1,3.8,1.8,2014-12-24,0300,Aqua,MODIS,59,6.2,290,46.1,D,0
-24.6976,151.8141,311.1,4.1,1.9,2014-12-24,0300,Aqua,MODIS,40,6.2,292.4,29.8,D,0
-24.6951,151.8091,311,4.1,1.9,2014-12-24,0300,Aqua,MODIS,42,6.2,292.1,29.2,D,0
-21.9495,146.1831,329.9,3.1,1.7,2014-12-24,0439,Aqua,MODIS,56,6.2,304.7,67.1,D,0
-22.095,146.7507,333.2,3.4,1.7,2014-12-24,0439,Aqua,MODIS,68,6.2,305.4,95.6,D,0
-21.9467,146.1868,331.6,3.1,1.7,2014-12-24,0439,Aqua,MODIS,64,6.2,304.6,78,D,0
-22.0884,146.7831,331.1,3.4,1.7,2014-12-24,0439,Aqua,MODIS,61,6.2,304.7,77.6,D,0
-22.0907,146.7574,330.9,3.4,1.7,2014-12-24,0439,Aqua,MODIS,59,6.2,304.6,75.5,D,0
-22.8831,145.9068,330.8,2.8,1.6,2014-12-24,0439,Aqua,MODIS,53,6.2,306.1,46.2,D,0
-17.7469,144.8734,342.6,3,1.7,2014-12-24,0440,Aqua,MODIS,89,6.2,304.4,170.5,D,0
-18.4436,143.9575,328.6,2.5,1.5,2014-12-24,0440,Aqua,MODIS,69,6.2,306.9,47.5,D,0
-18.2138,145.1595,332.7,3.1,1.7,2014-12-24,0440,Aqua,MODIS,70,6.2,303.5,94.2,D,0
-18.2081,145.1889,330.9,3.1,1.7,2014-12-24,0440,Aqua,MODIS,72,6.2,304.4,87.6,D,0
-18.1931,145.1859,326,3.1,1.7,2014-12-24,0440,Aqua,MODIS,59,6.2,303.5,60.3,D,0
-18.2096,145.1815,333.8,3.1,1.7,2014-12-24,0440,Aqua,MODIS,75,6.2,304.6,107.8,D,0
-16.664,143.5666,333.6,2.6,1.5,2014-12-24,0441,Aqua,MODIS,0,6.2,292.7,82.8,D,0
-18.2872,140.6199,335.9,1.5,1.2,2014-12-24,0441,Aqua,MODIS,81,6.2,299.7,29.5,D,0
-16.6659,143.5992,334.4,2.6,1.5,2014-12-24,0441,Aqua,MODIS,58,6.2,295.2,84.4,D,0
-18.2895,140.6063,344.5,1.5,1.2,2014-12-24,0441,Aqua,MODIS,89,6.2,300.1,53.6,D,0
-17.8975,141.95,327.5,1.8,1.3,2014-12-24,0441,Aqua,MODIS,61,6.2,285.3,40.1,D,0
-15.5095,143.8549,318.2,2.8,1.6,2014-12-24,0441,Aqua,MODIS,17,6.2,288.2,29.7,D,0
-15.5349,144.0659,328.3,2.9,1.6,2014-12-24,0441,Aqua,MODIS,60,6.2,298.1,57.9,D,0
-15.5356,144.0611,328.6,2.9,1.6,2014-12-24,0441,Aqua,MODIS,66,6.2,297.9,62.7,D,0
-15.5295,142.9081,325.2,2.4,1.5,2014-12-24,0441,Aqua,MODIS,59,6.2,292.5,43.9,D,0
-15.9033,142.5777,329.9,2.2,1.4,2014-12-24,0441,Aqua,MODIS,80,6.2,287.2,64.2,D,0
-15.9053,142.5642,342.9,2.2,1.4,2014-12-24,0441,Aqua,MODIS,90,6.2,287,125.7,D,0
-16.684,143.5782,330.9,2.6,1.5,2014-12-24,0441,Aqua,MODIS,65,6.2,300.1,66.6,D,0
-16.6598,143.5904,334.3,2.6,1.5,2014-12-24,0441,Aqua,MODIS,0,6.2,288,85.7,D,0
-15.9069,142.5571,334,2.2,1.4,2014-12-24,0441,Aqua,MODIS,84,6.2,285.8,80.8,D,0
-15.6716,143.3025,331.1,2.6,1.5,2014-12-24,0441,Aqua,MODIS,68,6.2,296.6,70.5,D,0
-16.6703,143.5755,366.1,2.6,1.5,2014-12-24,0441,Aqua,MODIS,87,6.2,300.5,359.4,D,0
-15.6762,143.3084,333.7,2.6,1.5,2014-12-24,0441,Aqua,MODIS,79,6.2,296.7,79.6,D,0
-16.3661,144.701,321.4,3.2,1.7,2014-12-24,0441,Aqua,MODIS,0,6.2,290.7,45.2,D,0
-16.3716,144.672,328.9,3.1,1.7,2014-12-24,0441,Aqua,MODIS,69,6.2,294.5,84.5,D,0
-15.4823,144.3439,321.5,3.1,1.7,2014-12-24,0441,Aqua,MODIS,60,6.2,293.5,45.4,D,0
-14.0011,135.2106,332.4,1,1,2014-12-24,0442,Aqua,MODIS,78,6.2,299.1,13.9,D,0
-13.6359,135.6998,334,1,1,2014-12-24,0442,Aqua,MODIS,69,6.2,296.7,20.2,D,0
-13.9702,135.2341,341.1,1,1,2014-12-24,0442,Aqua,MODIS,82,6.2,292.9,26.8,D,0
-13.9689,135.2433,347.3,1,1,2014-12-24,0442,Aqua,MODIS,92,6.2,299.3,39.3,D,0
-13.9779,135.2447,349.8,1,1,2014-12-24,0442,Aqua,MODIS,94,6.2,296.4,46,D,0
-13.9766,135.2539,360.9,1,1,2014-12-24,0442,Aqua,MODIS,100,6.2,298.2,72.3,D,0
-12.6444,135.1747,322.2,1,1,2014-12-24,0442,Aqua,MODIS,49,6.2,290.7,8.9,D,0
-14.2946,135.6659,330.1,1,1,2014-12-24,0442,Aqua,MODIS,42,6.2,298.7,11.3,D,0
-14.3075,135.6396,331.7,1,1,2014-12-24,0442,Aqua,MODIS,63,6.2,297.2,16.8,D,0
-14.2703,135.6433,334.9,1,1,2014-12-24,0442,Aqua,MODIS,80,6.2,298.3,18.4,D,0
-14.2769,135.5972,347.5,1,1,2014-12-24,0442,Aqua,MODIS,92,6.2,297.7,43.4,D,0
-14.2756,135.6064,333.1,1,1,2014-12-24,0442,Aqua,MODIS,78,6.2,296.8,18,D,0
-14.3089,135.6304,333.1,1,1,2014-12-24,0442,Aqua,MODIS,78,6.2,296.9,19.9,D,0
-12.6291,135.1537,333.3,1,1,2014-12-24,0442,Aqua,MODIS,80,6.2,293.9,21.3,D,0
-12.4952,142.9844,316.5,2.8,1.6,2014-12-24,0442,Aqua,MODIS,31,6.2,293.1,27.3,D,0
-12.6304,135.1445,320.5,1,1,2014-12-24,0442,Aqua,MODIS,23,6.2,292.6,7.1,D,0
-12.8899,143.445,316.9,3,1.6,2014-12-24,0442,Aqua,MODIS,49,6.2,295.6,37.3,D,0
-12.8886,143.4502,316.9,3,1.6,2014-12-24,0442,Aqua,MODIS,67,6.2,295.4,36.7,D,0
-14.1627,130.014,316.5,1.8,1.3,2014-12-24,0442,Aqua,MODIS,21,6.2,291.2,10.8,D,0
-14.1608,130.0306,322,1.8,1.3,2014-12-24,0442,Aqua,MODIS,61,6.2,292.9,22.7,D,0
-14.155,130.0249,322.4,1.8,1.3,2014-12-24,0442,Aqua,MODIS,73,6.2,292.9,25.4,D,0
-34.343,116.5759,326.4,1,1,2014-12-24,0615,Aqua,MODIS,59,6.2,309.5,9.5,D,0
-34.9634,117.1584,317.8,1,1,2014-12-24,0615,Aqua,MODIS,61,6.2,299.7,8.9,D,0
-25.1532,122.0852,342.5,2.9,1.6,2014-12-24,0617,Aqua,MODIS,83,6.2,316.7,100.2,D,0
-25.1473,122.1134,352.1,2.9,1.6,2014-12-24,0617,Aqua,MODIS,94,6.2,316.9,193.6,D,0
-25.1461,122.1058,352.6,2.9,1.6,2014-12-24,0617,Aqua,MODIS,94,6.2,317,198.2,D,0
-22.2557,120.6375,337.4,2.6,1.6,2014-12-24,0618,Aqua,MODIS,78,6.2,311.1,79.1,D,0
-22.2508,120.6288,332.8,2.6,1.6,2014-12-24,0618,Aqua,MODIS,68,6.2,310,50.9,D,0
-20.808,119.1868,342.2,2.2,1.4,2014-12-24,0619,Aqua,MODIS,36,6.2,311.4,79.6,D,0
-20.7985,119.1799,342.7,2.2,1.4,2014-12-24,0619,Aqua,MODIS,36,6.2,309.6,89.9,D,0
-20.8249,119.1684,348.5,2.2,1.4,2014-12-24,0619,Aqua,MODIS,83,6.2,312.6,109.7,D,0
-24.0032,151.1352,303.3,1.3,1.1,2014-12-24,1225,Terra,MODIS,54,6.2,290.6,7.7,N,0
-27.1001,150.8768,305.3,1.5,1.2,2014-12-24,1225,Terra,MODIS,59,6.2,293.2,7.6,N,0
-27.1093,150.8935,307.8,1.5,1.2,2014-12-24,1225,Terra,MODIS,73,6.2,293.5,10.7,N,0
-25.4992,151.192,302.2,1.4,1.2,2014-12-24,1225,Terra,MODIS,44,6.2,291.7,4.9,N,0
-25.5064,151.1858,306,1.4,1.2,2014-12-24,1225,Terra,MODIS,66,6.2,292.1,8.3,N,0
-27.0985,150.892,313.8,1.5,1.2,2014-12-24,1225,Terra,MODIS,88,6.2,293.5,18.1,N,0
-24.0047,151.1223,320.6,1.3,1.1,2014-12-24,1225,Terra,MODIS,100,6.2,290.6,27.4,N,0
-25.7593,152.469,303.3,1.2,1.1,2014-12-24,1225,Terra,MODIS,30,6.2,291.5,5.1,N,0
-25.7467,152.4909,304.1,1.2,1.1,2014-12-24,1225,Terra,MODIS,33,6.2,291.6,5.6,N,0
-25.7273,152.488,303.2,1.2,1.1,2014-12-24,1225,Terra,MODIS,25,6.2,291.5,5,N,0
-25.2227,151.9641,302.8,1.2,1.1,2014-12-24,1225,Terra,MODIS,51,6.2,290.2,7.1,N,0
-21.3376,148.9704,305.7,1.7,1.3,2014-12-24,1226,Terra,MODIS,65,6.2,292,11.8,N,0
-22.7948,149.4706,308.6,1.6,1.2,2014-12-24,1226,Terra,MODIS,35,6.2,292.2,13.7,N,0
-22.7716,149.4772,307.2,1.6,1.2,2014-12-24,1226,Terra,MODIS,71,6.2,291.9,13.2,N,0
-22.7431,149.4255,305.8,1.6,1.3,2014-12-24,1226,Terra,MODIS,66,6.2,292.8,11.6,N,0
-22.7239,149.3915,317.6,1.6,1.3,2014-12-24,1226,Terra,MODIS,95,6.2,293,28.5,N,0
-22.7257,149.3752,303.4,1.6,1.3,2014-12-24,1226,Terra,MODIS,33,6.2,292.5,7.6,N,0
-22.696,149.4362,307.4,1.6,1.3,2014-12-24,1226,Terra,MODIS,36,6.2,291.9,12.1,N,0
-22.6915,149.3816,306.2,1.6,1.3,2014-12-24,1226,Terra,MODIS,44,6.2,292.5,11.1,N,0
-22.6764,149.4126,312,1.6,1.3,2014-12-24,1226,Terra,MODIS,36,6.2,291.5,18.2,N,0
-22.6801,149.3803,308.2,1.6,1.3,2014-12-24,1226,Terra,MODIS,74,6.2,291.9,14.5,N,0
-21.8691,149.2033,304,1.6,1.3,2014-12-24,1226,Terra,MODIS,58,6.2,292.5,10.5,N,0
-18.4449,143.9561,304,3.6,1.8,2014-12-24,1227,Terra,MODIS,58,6.2,293.7,23.4,N,0
-18.2078,145.1763,301.1,2.9,1.6,2014-12-24,1227,Terra,MODIS,38,6.2,290.8,18.8,N,0
-16.3466,144.6723,303.8,3,1.6,2014-12-24,1228,Terra,MODIS,15,6.2,292.8,17.8,N,0
-15.6381,144.3927,302.5,3,1.7,2014-12-24,1228,Terra,MODIS,38,6.2,287.8,17,N,0
-15.6371,144.3979,304.2,3,1.7,2014-12-24,1228,Terra,MODIS,57,6.2,288.5,22.5,N,0
-15.6254,143.9445,307,3.3,1.7,2014-12-24,1228,Terra,MODIS,52,6.2,291.6,28.5,N,0
-15.9102,142.5833,307.4,4.2,1.9,2014-12-24,1228,Terra,MODIS,70,6.2,291.1,50,N,0
-15.9076,142.5766,309.1,4.2,1.9,2014-12-24,1228,Terra,MODIS,75,6.2,290.9,58.3,N,0
-16.3909,144.6837,311.8,3,1.6,2014-12-24,1228,Terra,MODIS,83,6.2,293.7,40.9,N,0
-17.166,144.9034,303.1,2.9,1.6,2014-12-24,1228,Terra,MODIS,53,6.2,292.2,20,N,0
-17.1667,144.9088,303.8,2.9,1.6,2014-12-24,1228,Terra,MODIS,50,6.2,292.2,20.2,N,0
-16.391,144.6767,314.1,3,1.6,2014-12-24,1228,Terra,MODIS,88,6.2,293.8,50.3,N,0
-16.3762,144.6751,306.6,3,1.6,2014-12-24,1228,Terra,MODIS,34,6.2,293.4,23.4,N,0
-15.4988,142.9383,304.6,3.9,1.8,2014-12-24,1228,Terra,MODIS,61,6.2,291.9,24.7,N,0
-17.669,145.3519,304.7,1.2,1.1,2014-12-24,1533,Aqua,MODIS,61,6.2,292.2,7.2,N,0
-16.36,144.6688,313.9,1.3,1.1,2014-12-24,1533,Aqua,MODIS,88,6.2,292.8,16.8,N,0
-16.3498,144.6705,300.5,1.3,1.1,2014-12-24,1533,Aqua,MODIS,11,6.2,290.4,4.1,N,0
-15.6282,144.4111,304,1.4,1.2,2014-12-24,1533,Aqua,MODIS,58,6.2,292.2,7.5,N,0
-17.1475,144.9102,300.1,1.2,1.1,2014-12-24,1533,Aqua,MODIS,13,6.2,289.1,5.2,N,0
-17.6707,145.3627,303.6,1.2,1.1,2014-12-24,1533,Aqua,MODIS,56,6.2,292,6.6,N,0
-15.6286,143.8838,314.4,1.5,1.2,2014-12-24,1533,Aqua,MODIS,89,6.2,293.1,19.9,N,0
-15.6224,143.8935,307.2,1.5,1.2,2014-12-24,1533,Aqua,MODIS,16,6.2,293.1,9.9,N,0
-15.6332,143.8915,307.7,1.5,1.2,2014-12-24,1533,Aqua,MODIS,52,6.2,293.1,11.1,N,0
-15.6269,143.9415,305.8,1.5,1.2,2014-12-24,1533,Aqua,MODIS,66,6.2,292.9,9.5,N,0
-15.0857,143.9439,304.7,1.5,1.2,2014-12-24,1533,Aqua,MODIS,61,6.2,293,8.6,N,0
-15.5056,142.9452,308.5,1.8,1.3,2014-12-24,1533,Aqua,MODIS,72,6.2,292.8,13.8,N,0
-15.9051,142.5966,305.8,1.9,1.3,2014-12-24,1533,Aqua,MODIS,66,6.2,291.2,11.8,N,0
-15.5145,142.9266,306.4,1.8,1.3,2014-12-24,1533,Aqua,MODIS,26,6.2,292.9,10.2,N,0
-18.1056,145.6562,307.7,1.1,1.1,2014-12-24,1534,Aqua,MODIS,53,6.2,291.7,8.7,N,0
-18.1117,145.6331,307,1.1,1.1,2014-12-24,1534,Aqua,MODIS,63,6.2,291.9,8.2,N,0
-18.1133,145.6436,309.3,1.1,1.1,2014-12-24,1534,Aqua,MODIS,77,6.2,292,9.9,N,0
-18.2041,145.1765,304.4,1.2,1.1,2014-12-24,1534,Aqua,MODIS,60,6.2,291.7,7,N,0
-21.8199,146.1344,305,1,1,2014-12-24,1534,Aqua,MODIS,61,6.2,294.3,4.5,N,0
-24.0085,151.1282,308.7,1.5,1.2,2014-12-24,1535,Aqua,MODIS,75,6.2,289.9,16.6,N,0
-22.6708,149.4315,307.3,1.2,1.1,2014-12-24,1535,Aqua,MODIS,21,6.2,291.2,8.2,N,0
-22.6843,149.383,333.4,1.2,1.1,2014-12-24,1535,Aqua,MODIS,100,6.2,293.5,41.3,N,0
-22.6857,149.3941,308.5,1.2,1.1,2014-12-24,1535,Aqua,MODIS,6,6.2,291.8,8.9,N,0
-22.7439,149.4385,303.6,1.2,1.1,2014-12-24,1535,Aqua,MODIS,56,6.2,291.7,6.9,N,0
-22.7694,149.4821,302.6,1.2,1.1,2014-12-24,1535,Aqua,MODIS,41,6.2,291,5.9,N,0
-22.7792,149.4804,319.5,1.2,1.1,2014-12-24,1535,Aqua,MODIS,99,6.2,291.8,21.5,N,0
-27.1009,150.9006,306.3,1.6,1.3,2014-12-24,1536,Aqua,MODIS,67,6.2,290.8,13.6,N,0
-27.0992,150.8841,302.4,1.6,1.3,2014-12-24,1536,Aqua,MODIS,49,6.2,290.5,9.1,N,0
-27.1004,150.8895,308.9,1.6,1.3,2014-12-24,1536,Aqua,MODIS,76,6.2,290.8,16.3,N,0
-22.8205,115.1228,308.6,3.6,1.8,2014-12-24,1543,Terra,MODIS,75,6.2,293.6,43.6,N,0
-22.8278,115.088,311.5,3.6,1.8,2014-12-24,1543,Terra,MODIS,83,6.2,294.2,57.6,N,0
-21.5224,116.7529,308.1,1.7,1.3,2014-12-24,1713,Aqua,MODIS,29,6.2,295.7,10.8,N,0
-21.5253,116.7696,324,1.7,1.3,2014-12-24,1713,Aqua,MODIS,100,6.2,296.4,42.1,N,0
-21.5198,116.7638,319.5,1.7,1.3,2014-12-24,1713,Aqua,MODIS,99,6.2,296,32,N,0
-20.812,118.3033,309.2,1.4,1.2,2014-12-24,1713,Aqua,MODIS,77,6.2,295.2,11.5,N,0
-20.8249,118.3148,312.2,1.4,1.2,2014-12-24,1713,Aqua,MODIS,84,6.2,294.4,15.2,N,0
-21.5313,116.7615,306.1,1.7,1.3,2014-12-24,1714,Aqua,MODIS,67,6.2,295.6,9.4,N,0
-21.5344,116.7781,309.4,1.7,1.3,2014-12-24,1714,Aqua,MODIS,77,6.2,295.5,14.5,N,0
-22.3026,116.6728,309.1,1.7,1.3,2014-12-24,1714,Aqua,MODIS,76,6.2,294.5,16.2,N,0
-30.8625,121.4923,301.8,1,1,2014-12-24,1716,Aqua,MODIS,44,6.2,289,6.2,N,2
-9.4042,142.6558,320,1,1,2014-12-25,0056,Terra,MODIS,38,6.2,293.2,9.8,D,0
-9.4029,142.6467,320.2,1,1,2014-12-25,0056,Terra,MODIS,35,6.2,293.9,9.2,D,0
-12.15,142.743,325.8,1,1,2014-12-25,0057,Terra,MODIS,68,6.2,296.4,13.5,D,0
-14.9649,145.2841,319.8,1.5,1.2,2014-12-25,0057,Terra,MODIS,40,6.2,296,16.8,D,0
-12.113,142.6804,330.3,1,1,2014-12-25,0057,Terra,MODIS,73,6.2,300.7,17.5,D,0
-15.5545,143.5074,323.9,1.2,1.1,2014-12-25,0058,Terra,MODIS,50,6.2,298.5,13,D,0
-17.7682,144.8682,336.1,1.6,1.2,2014-12-25,0058,Terra,MODIS,84,6.2,304,43.5,D,0
-17.1264,145.4826,325.6,1.7,1.3,2014-12-25,0058,Terra,MODIS,61,6.2,299.4,33.5,D,0
-17.1234,145.4773,322.8,1.7,1.3,2014-12-25,0058,Terra,MODIS,42,6.2,299.7,27,D,0
-15.7069,143.8058,324.1,1.3,1.1,2014-12-25,0058,Terra,MODIS,70,6.2,296.4,15.2,D,0
-15.4992,143.7763,332.4,1.2,1.1,2014-12-25,0058,Terra,MODIS,81,6.2,301.7,27.7,D,0
-15.5091,143.7749,350.8,1.2,1.1,2014-12-25,0058,Terra,MODIS,95,6.2,301.9,70.5,D,0
-15.5175,143.762,344.4,1.2,1.1,2014-12-25,0058,Terra,MODIS,86,6.2,299.1,53.7,D,0
-15.6255,143.8828,337.1,1.3,1.1,2014-12-25,0058,Terra,MODIS,86,6.2,296.2,32.9,D,0
-15.8599,142.3905,331.8,1.1,1,2014-12-25,0058,Terra,MODIS,78,6.2,306.6,10.8,D,0
-15.6202,143.9197,350.6,1.3,1.1,2014-12-25,0058,Terra,MODIS,95,6.2,300.6,67.9,D,0
-15.6218,143.9316,328.3,1.3,1.1,2014-12-25,0058,Terra,MODIS,63,6.2,298.4,15,D,0
-15.6319,143.9302,331.1,1.3,1.1,2014-12-25,0058,Terra,MODIS,67,6.2,298.3,20.2,D,0
-15.3777,144.0083,326,1.3,1.1,2014-12-25,0058,Terra,MODIS,45,6.2,298.7,15.6,D,0
-15.5893,143.9967,329.6,1.3,1.1,2014-12-25,0058,Terra,MODIS,57,6.2,298.7,19.3,D,0
-15.2769,143.8667,329.6,1.3,1.1,2014-12-25,0058,Terra,MODIS,66,6.2,301.7,16.6,D,0
-15.4691,144.1605,326.8,1.3,1.1,2014-12-25,0058,Terra,MODIS,61,6.2,297.5,19.7,D,0
-15.5422,142.8882,330.5,1.1,1.1,2014-12-25,0058,Terra,MODIS,79,6.2,304.6,15.8,D,0
-15.074,143.9487,354.7,1.3,1.1,2014-12-25,0058,Terra,MODIS,97,6.2,301.9,80.6,D,0
-15.0424,143.9412,332.7,1.3,1.1,2014-12-25,0058,Terra,MODIS,80,6.2,296.4,27.6,D,0
-15.642,143.9349,323.5,1.3,1.1,2014-12-25,0058,Terra,MODIS,69,6.2,299,12.2,D,0
-17.7686,144.8623,324,1.6,1.2,2014-12-25,0058,Terra,MODIS,45,6.2,302.6,15.1,D,0
-18.4362,143.9888,325,1.4,1.2,2014-12-25,0058,Terra,MODIS,35,6.2,304.3,15.2,D,0
-15.9163,142.5888,328.3,1.1,1,2014-12-25,0058,Terra,MODIS,68,6.2,303,12.7,D,0
-15.5107,143.7865,328.1,1.2,1.1,2014-12-25,0058,Terra,MODIS,44,6.2,301.6,17.8,D,0
-15.5629,143.7962,327.2,1.3,1.1,2014-12-25,0058,Terra,MODIS,59,6.2,300.3,15.1,D,0
-15.5644,143.8078,325.4,1.3,1.1,2014-12-25,0058,Terra,MODIS,44,6.2,301.5,12.1,D,0
-18.4451,143.9742,327.7,1.4,1.2,2014-12-25,0058,Terra,MODIS,60,6.2,304.7,21.5,D,0
-16.6681,143.7621,332.7,1.3,1.1,2014-12-25,0058,Terra,MODIS,81,6.2,304.7,22.1,D,0
-17.1436,143.9783,328.2,1.3,1.1,2014-12-25,0058,Terra,MODIS,52,6.2,303.7,15.7,D,0
-16.6875,144.9952,323.7,1.5,1.2,2014-12-25,0058,Terra,MODIS,38,6.2,299.7,20.6,D,0
-17.7704,144.8771,327.3,1.6,1.2,2014-12-25,0058,Terra,MODIS,71,6.2,304.7,22.5,D,0
-16.658,143.7635,328.8,1.3,1.1,2014-12-25,0058,Terra,MODIS,54,6.2,305,14,D,0
-17.1579,144.9107,325.8,1.6,1.2,2014-12-25,0058,Terra,MODIS,66,6.2,300.5,27.8,D,0
-17.4167,144.7862,321.5,1.5,1.2,2014-12-25,0058,Terra,MODIS,44,6.2,300.6,14.2,D,0
-16.4032,144.7176,325,1.5,1.2,2014-12-25,0058,Terra,MODIS,54,6.2,297.6,22.5,D,0
-24.8729,148.5397,320.3,3.6,1.8,2014-12-25,0100,Terra,MODIS,71,6.2,294.4,63.9,D,0
-24.8812,148.5443,340.3,3.6,1.8,2014-12-25,0100,Terra,MODIS,89,6.2,294.9,225.9,D,0
-25.2304,148.7427,314.4,3.8,1.8,2014-12-25,0100,Terra,MODIS,64,6.2,292.5,41.2,D,0
-24.8891,148.5379,333.5,3.6,1.8,2014-12-25,0100,Terra,MODIS,85,6.2,294.3,161.9,D,0
-25.224,148.7487,316.5,3.8,1.8,2014-12-25,0100,Terra,MODIS,63,6.2,294.2,52.2,D,0
-15.3805,124.7609,316.2,3.2,1.7,2014-12-25,0236,Terra,MODIS,57,6.2,290.4,54,D,0
-15.1428,124.9277,326.8,3.3,1.7,2014-12-25,0236,Terra,MODIS,69,6.2,292.3,105.7,D,0
-21.5283,116.7698,340.5,1.1,1.1,2014-12-25,0238,Terra,MODIS,83,6.2,315,24.3,D,0
-21.5297,116.7806,332,1.1,1.1,2014-12-25,0238,Terra,MODIS,61,6.2,314,8.7,D,0
-20.7623,118.2325,338.1,1.3,1.1,2014-12-25,0238,Terra,MODIS,77,6.2,309.5,26.5,D,0
-20.7639,118.2449,383.2,1.3,1.1,2014-12-25,0238,Terra,MODIS,100,6.2,315.1,208.5,D,0
-20.7655,118.2573,353.3,1.3,1.1,2014-12-25,0238,Terra,MODIS,95,6.2,314.4,60.6,D,0
-20.7725,118.2311,386.7,1.3,1.1,2014-12-25,0238,Terra,MODIS,100,6.2,313.1,234.5,D,0
-20.7741,118.2435,395.7,1.3,1.1,2014-12-25,0238,Terra,MODIS,100,6.2,317.9,299.6,D,0
-20.7757,118.2559,346.1,1.3,1.1,2014-12-25,0238,Terra,MODIS,84,6.2,315,38.9,D,0
-20.7773,118.2683,338.7,1.3,1.1,2014-12-25,0238,Terra,MODIS,42,6.2,314.3,16.4,D,0
-20.7702,118.2255,344,1.3,1.1,2014-12-25,0238,Terra,MODIS,86,6.2,309.4,41.9,D,0
-20.7718,118.2379,405.8,1.3,1.1,2014-12-25,0238,Terra,MODIS,100,6.2,319.9,390.2,D,0
-20.7733,118.2503,372.1,1.3,1.1,2014-12-25,0238,Terra,MODIS,100,6.2,318,139.9,D,0
-20.7748,118.2627,345.3,1.3,1.1,2014-12-25,0238,Terra,MODIS,88,6.2,315.5,32.7,D,0
-20.7937,118.2474,337.4,1.3,1.1,2014-12-25,0238,Terra,MODIS,77,6.2,314.4,19.8,D,0
-20.7952,118.2598,339.3,1.3,1.1,2014-12-25,0238,Terra,MODIS,73,6.2,315.8,21.3,D,0
-20.8054,118.2584,336.9,1.3,1.1,2014-12-25,0238,Terra,MODIS,76,6.2,312.3,16.9,D,0
-20.807,118.2709,392.6,1.3,1.1,2014-12-25,0238,Terra,MODIS,100,6.2,318.2,268.7,D,0
-20.8085,118.2833,359.4,1.3,1.1,2014-12-25,0238,Terra,MODIS,99,6.2,317.5,79,D,0
-20.8101,118.2958,339.8,1.3,1.1,2014-12-25,0238,Terra,MODIS,57,6.2,317.5,17.5,D,0
-20.8188,118.2819,338.8,1.3,1.1,2014-12-25,0238,Terra,MODIS,50,6.2,316.3,15.6,D,0
-20.8337,118.318,337.3,1.3,1.1,2014-12-25,0238,Terra,MODIS,59,6.2,314.2,13.8,D,0
-22.3079,116.6796,333.3,1.1,1.1,2014-12-25,0238,Terra,MODIS,60,6.2,315.1,10.7,D,0
-22.297,116.6702,332.7,1.1,1.1,2014-12-25,0238,Terra,MODIS,60,6.2,313.2,10.1,D,0
-22.2984,116.6809,344,1.1,1.1,2014-12-25,0238,Terra,MODIS,86,6.2,313.5,31.1,D,0
-22.8278,115.0773,341.3,1,1,2014-12-25,0239,Terra,MODIS,77,6.2,318.7,19.9,D,0
-22.8382,115.0856,339.4,1,1,2014-12-25,0239,Terra,MODIS,79,6.2,316,18.4,D,0
-22.8368,115.0758,334.8,1,1,2014-12-25,0239,Terra,MODIS,63,6.2,316.2,10.7,D,0
-22.8306,115.097,343.1,1,1,2014-12-25,0239,Terra,MODIS,76,6.2,318.5,22.3,D,0
-22.8292,115.0871,345.9,1,1,2014-12-25,0239,Terra,MODIS,88,6.2,319.5,28.3,D,0
-25.2068,120.49,331.3,2.1,1.4,2014-12-25,0239,Terra,MODIS,57,6.2,312.4,28.5,D,0
-25.2065,120.4843,331,2.1,1.4,2014-12-25,0239,Terra,MODIS,37,6.2,312.5,27.1,D,0
-32.039,115.9954,320.5,1.3,1.1,2014-12-25,0241,Terra,MODIS,41,6.2,306.3,7.7,D,0
-32.0705,115.905,324.8,1.3,1.1,2014-12-25,0241,Terra,MODIS,65,6.2,305.6,11.8,D,0
-32.0618,115.9205,325.9,1.3,1.1,2014-12-25,0241,Terra,MODIS,69,6.2,305.4,13,D,0
-32.0721,115.9189,322.6,1.3,1.1,2014-12-25,0241,Terra,MODIS,42,6.2,306.3,8.1,D,2
-31.8554,115.8942,324,1.3,1.1,2014-12-25,0241,Terra,MODIS,55,6.2,306.3,9.2,D,0
-31.857,115.908,322.9,1.3,1.1,2014-12-25,0241,Terra,MODIS,30,6.2,306.7,7.3,D,0
-32.0575,115.7943,321.9,1.3,1.1,2014-12-25,0241,Terra,MODIS,59,6.2,306.5,8,D,0
-41.4064,148.0559,317.2,2.1,1.4,2014-12-25,0339,Aqua,MODIS,77,6.2,292.9,44.3,D,0
-36.9291,145.5411,356.6,2.7,1.6,2014-12-25,0340,Aqua,MODIS,98,6.2,310.6,273.1,D,0
-36.9325,145.5159,346.4,2.7,1.6,2014-12-25,0340,Aqua,MODIS,93,6.2,308.3,179.1,D,0
-36.9306,145.5459,349.1,2.7,1.6,2014-12-25,0340,Aqua,MODIS,95,6.2,309.6,201.1,D,0
-36.9311,145.5113,338.2,2.7,1.6,2014-12-25,0340,Aqua,MODIS,88,6.2,308.2,114.9,D,0
-31.7555,152.6347,315,1,1,2014-12-25,0341,Aqua,MODIS,51,6.2,299.6,5.3,D,0
-31.7464,152.633,338.6,1,1,2014-12-25,0341,Aqua,MODIS,88,6.2,301.6,33.5,D,0
-31.7478,152.6223,345.1,1,1,2014-12-25,0341,Aqua,MODIS,92,6.2,301.3,45.6,D,0
-24.8804,148.5286,340.6,1.3,1.1,2014-12-25,0343,Aqua,MODIS,88,6.2,307.1,39,D,0
-24.8787,148.5338,335.2,1.3,1.1,2014-12-25,0343,Aqua,MODIS,83,6.2,306.2,27.2,D,0
-24.8902,148.5231,324.6,1.3,1.1,2014-12-25,0343,Aqua,MODIS,52,6.2,304.3,10.4,D,0
-24.8789,148.5408,332.7,1.2,1.1,2014-12-25,0343,Aqua,MODIS,81,6.2,305.9,21.3,D,0
-24.8887,148.5353,355.3,1.3,1.1,2014-12-25,0343,Aqua,MODIS,97,6.2,306.3,81.2,D,0
-24.8873,148.5476,328.9,1.2,1.1,2014-12-25,0343,Aqua,MODIS,64,6.2,307,14,D,0
-25.2485,150.6769,331.5,1,1,2014-12-25,0343,Aqua,MODIS,75,6.2,304,19.6,D,0
-25.2499,150.6667,333.7,1,1,2014-12-25,0343,Aqua,MODIS,82,6.2,304.5,23.1,D,0
-25.7466,152.4935,337.3,1,1,2014-12-25,0343,Aqua,MODIS,86,6.2,304.2,27.8,D,0
-25.7286,152.4902,333.6,1,1,2014-12-25,0343,Aqua,MODIS,83,6.2,300.9,22.8,D,0
-24.25,151.46,328.9,1,1,2014-12-25,0343,Aqua,MODIS,71,6.2,302.1,19.9,D,0
-23.7183,150.6599,346.3,1,1,2014-12-25,0344,Aqua,MODIS,93,6.2,298.9,43.2,D,0
-23.7092,150.6584,331.3,1,1,2014-12-25,0344,Aqua,MODIS,82,6.2,302.9,17,D,0
-22.3677,150.139,327.3,1,1,2014-12-25,0344,Aqua,MODIS,80,6.2,301.3,13.4,D,0
-22.2877,149.3762,328,1.1,1,2014-12-25,0344,Aqua,MODIS,81,6.2,299,20.3,D,0
-22.2863,149.3868,341.1,1.1,1,2014-12-25,0344,Aqua,MODIS,90,6.2,299.5,40.9,D,0
-22.9105,146.0087,334.3,1.7,1.3,2014-12-25,0344,Aqua,MODIS,79,6.2,308.8,30.8,D,0
-22.3663,150.149,320.8,1,1,2014-12-25,0344,Aqua,MODIS,73,6.2,300.6,6.5,D,0
-22.9123,145.992,341.6,1.7,1.3,2014-12-25,0344,Aqua,MODIS,87,6.2,310.5,56.5,D,0
-21.862,149.2065,323.4,1.1,1,2014-12-25,0344,Aqua,MODIS,71,6.2,301.7,13.1,D,0
-21.8677,149.202,325.3,1.1,1,2014-12-25,0344,Aqua,MODIS,42,6.2,300.5,14.1,D,0
-21.8286,146.1215,329.6,1.6,1.2,2014-12-25,0344,Aqua,MODIS,65,6.2,305.8,27.7,D,0
-21.8268,146.1374,351.3,1.6,1.2,2014-12-25,0344,Aqua,MODIS,94,6.2,308.1,99.2,D,0
-23.7916,148.7034,327.2,1.2,1.1,2014-12-25,0344,Aqua,MODIS,70,6.2,298.7,16.3,D,0
-18.2317,144.4889,337.8,1.9,1.3,2014-12-25,0345,Aqua,MODIS,64,6.2,308.4,52.5,D,0
-18.2948,144.0286,333,2,1.4,2014-12-25,0345,Aqua,MODIS,37,6.2,308.8,37.9,D,0
-17.6866,145.3741,334.9,1.6,1.2,2014-12-25,0345,Aqua,MODIS,84,6.2,294.9,50.5,D,0
-18.1129,145.631,333,1.6,1.2,2014-12-25,0345,Aqua,MODIS,78,6.2,295.9,47.5,D,0
-17.984,145.558,324.1,1.6,1.2,2014-12-25,0345,Aqua,MODIS,54,6.2,299.9,28.9,D,0
-18.1126,145.6254,323.8,1.6,1.2,2014-12-25,0345,Aqua,MODIS,44,6.2,296.1,27.1,D,0
-17.9857,145.5439,336.7,1.6,1.2,2014-12-25,0345,Aqua,MODIS,83,6.2,302.1,58.8,D,0
-18.1239,145.6324,337.7,1.6,1.2,2014-12-25,0345,Aqua,MODIS,84,6.2,299.6,58.6,D,0
-18.1107,145.6402,321.5,1.5,1.2,2014-12-25,0345,Aqua,MODIS,40,6.2,295.7,25.5,D,0
-16.3427,144.7006,327.9,1.7,1.3,2014-12-25,0346,Aqua,MODIS,73,6.2,301.2,27.8,D,0
-16.8931,143.3295,325.4,2.2,1.4,2014-12-25,0346,Aqua,MODIS,56,6.2,291.1,40.4,D,0
-15.3304,143.705,320,2,1.4,2014-12-25,0346,Aqua,MODIS,17,6.2,294.1,17.9,D,0
-15.5364,145.1403,335.6,1.5,1.2,2014-12-25,0346,Aqua,MODIS,84,6.2,305.3,35.2,D,0
-15.3307,145.1452,321.5,1.5,1.2,2014-12-25,0346,Aqua,MODIS,54,6.2,299.1,17.1,D,0
-17.1244,145.4855,341.5,1.5,1.2,2014-12-25,0346,Aqua,MODIS,67,6.2,296.1,71.7,D,0
-15.2991,144.3761,328.2,1.7,1.3,2014-12-25,0346,Aqua,MODIS,48,6.2,303,33.8,D,0
-15.3001,143.7125,322.4,1.9,1.4,2014-12-25,0346,Aqua,MODIS,32,6.2,296.8,25.5,D,0
-17.5059,144.5766,335.9,1.8,1.3,2014-12-25,0346,Aqua,MODIS,79,6.2,308.1,47.2,D,0
-17.5079,144.5596,330.6,1.8,1.3,2014-12-25,0346,Aqua,MODIS,45,6.2,306.9,31.5,D,0
-17.5003,144.5709,331.7,1.8,1.3,2014-12-25,0346,Aqua,MODIS,49,6.2,307,36,D,0
-15.6244,144.4099,332.8,1.7,1.3,2014-12-25,0346,Aqua,MODIS,55,6.2,296.7,46.1,D,0
-15.561,143.5024,317.4,2,1.4,2014-12-25,0346,Aqua,MODIS,24,6.2,292.1,22.3,D,0
-14.1608,143.3433,317.1,2,1.4,2014-12-25,0346,Aqua,MODIS,42,6.2,286,12.5,D,0
-15.6924,143.8305,332.4,1.9,1.4,2014-12-25,0346,Aqua,MODIS,81,6.2,292.1,54.8,D,0
-15.6802,143.829,321.8,1.9,1.4,2014-12-25,0346,Aqua,MODIS,22,6.2,289.9,22.9,D,0
-15.6863,143.841,323.4,1.9,1.4,2014-12-25,0346,Aqua,MODIS,42,6.2,291.2,26.6,D,0
-15.6885,143.8229,328.1,1.9,1.4,2014-12-25,0346,Aqua,MODIS,70,6.2,290.2,40.9,D,0
-15.4838,143.8457,323.7,1.9,1.4,2014-12-25,0346,Aqua,MODIS,64,6.2,296.5,29.9,D,0
-15.4917,143.8397,318.4,1.9,1.4,2014-12-25,0346,Aqua,MODIS,42,6.2,292,17.5,D,0
-15.4796,143.8382,328.4,1.9,1.4,2014-12-25,0346,Aqua,MODIS,73,6.2,297.7,44,D,0
-15.6333,143.87,331.2,1.9,1.4,2014-12-25,0346,Aqua,MODIS,71,6.2,291.7,48.3,D,0
-15.6354,143.8524,335.9,1.9,1.4,2014-12-25,0346,Aqua,MODIS,85,6.2,290.5,68.1,D,0
-15.6211,143.8684,336.2,1.9,1.4,2014-12-25,0346,Aqua,MODIS,80,6.2,288.2,66.5,D,0
-16.3909,144.6627,337,1.7,1.3,2014-12-25,0346,Aqua,MODIS,77,6.2,301,57.2,D,0
-16.3949,144.658,330.7,1.7,1.3,2014-12-25,0346,Aqua,MODIS,57,6.2,299.7,39.1,D,0
-15.6391,143.9245,336.7,1.9,1.3,2014-12-25,0346,Aqua,MODIS,86,6.2,295.8,63,D,0
-15.2808,143.8724,335,1.9,1.3,2014-12-25,0346,Aqua,MODIS,79,6.2,297.7,64.1,D,0
-15.2829,143.8547,330.3,1.9,1.3,2014-12-25,0346,Aqua,MODIS,60,6.2,299.3,48.8,D,0
-15.3058,143.8109,320.8,1.9,1.4,2014-12-25,0346,Aqua,MODIS,36,6.2,293.6,21.5,D,0
-14.9704,145.2849,335.9,1.5,1.2,2014-12-25,0346,Aqua,MODIS,73,6.2,303.2,45.3,D,0
-15.4598,144.1584,327.2,1.8,1.3,2014-12-25,0346,Aqua,MODIS,48,6.2,302.2,29,D,0
-15.4653,144.1521,326.4,1.8,1.3,2014-12-25,0346,Aqua,MODIS,42,6.2,301.2,25.7,D,0
-17.1499,144.908,333.6,1.7,1.3,2014-12-25,0346,Aqua,MODIS,83,6.2,300,51.1,D,0
-16.7166,143.5055,327.7,2.1,1.4,2014-12-25,0346,Aqua,MODIS,54,6.2,292.7,40.3,D,0
-15.4858,143.8279,338.6,1.9,1.4,2014-12-25,0346,Aqua,MODIS,87,6.2,295,83.2,D,0
-15.4817,143.8204,328.3,1.9,1.4,2014-12-25,0346,Aqua,MODIS,77,6.2,295.3,44.4,D,0
-15.5381,145.126,330.5,1.5,1.2,2014-12-25,0346,Aqua,MODIS,79,6.2,303.8,21.6,D,0
-16.6842,144.9913,330.9,1.6,1.3,2014-12-25,0346,Aqua,MODIS,80,6.2,298.9,41,D,0
-17.1731,144.9098,327.9,1.7,1.3,2014-12-25,0346,Aqua,MODIS,65,6.2,299.4,35.2,D,0
-16.3813,144.6729,330.3,1.7,1.3,2014-12-25,0346,Aqua,MODIS,62,6.2,298.7,35.7,D,0
-16.4102,144.6981,330.6,1.7,1.3,2014-12-25,0346,Aqua,MODIS,63,6.2,303.7,30.7,D,0
-12.8943,143.4583,322,1.9,1.3,2014-12-25,0347,Aqua,MODIS,46,6.2,300.5,26.6,D,0
-20.7838,118.2505,344.9,2.6,1.6,2014-12-25,0524,Aqua,MODIS,81,6.2,301.7,142.6,D,0
-15.1451,124.9044,335.6,1,1,2014-12-25,0525,Aqua,MODIS,83,6.2,302.6,23.3,D,0
-14.1176,126.9443,335.9,1.1,1.1,2014-12-25,0525,Aqua,MODIS,87,6.2,304.7,22.1,D,0
-15.378,124.7606,339.8,1,1,2014-12-25,0525,Aqua,MODIS,83,6.2,299.9,29.2,D,0
-15.1348,124.9122,327.3,1,1,2014-12-25,0525,Aqua,MODIS,72,6.2,301.6,13.5,D,0
-15.1335,124.9215,325.5,1,1,2014-12-25,0525,Aqua,MODIS,61,6.2,300.3,11.4,D,0
-15.1438,124.9136,327.2,1,1,2014-12-25,0525,Aqua,MODIS,73,6.2,302.1,12.5,D,0
-14.1212,126.9517,339.6,1.1,1.1,2014-12-25,0525,Aqua,MODIS,66,6.2,302.5,30.8,D,0
-14.116,126.9548,332.5,1.1,1.1,2014-12-25,0525,Aqua,MODIS,85,6.2,303.4,16.1,D,0
-36.9293,145.5325,338.9,1.1,1,2014-12-25,1305,Terra,MODIS,100,6.2,288.3,47.8,N,0
-36.9201,145.5306,303.6,1.1,1,2014-12-25,1305,Terra,MODIS,56,6.2,284.8,8.2,N,0
-36.9308,145.5207,301,1.1,1,2014-12-25,1305,Terra,MODIS,34,6.2,284.1,6.6,N,0
-25.5085,151.1827,325.5,2.1,1.4,2014-12-25,1308,Terra,MODIS,100,6.2,290.6,65.8,N,0
-23.8228,150.4602,300.3,2,1.4,2014-12-25,1308,Terra,MODIS,19,6.2,289.5,8.7,N,0
-23.8342,150.4557,302.1,2,1.4,2014-12-25,1308,Terra,MODIS,46,6.2,289.5,10.5,N,0
-25.5125,151.1619,311.3,2.1,1.4,2014-12-25,1308,Terra,MODIS,82,6.2,290.1,27.2,N,0
-23.7883,148.7051,302.9,1.5,1.2,2014-12-25,1308,Terra,MODIS,52,6.2,292.3,6,N,0
-23.1006,145.5678,313.5,1.1,1,2014-12-25,1309,Terra,MODIS,87,6.2,295.1,9.3,N,0
-23.099,145.5782,313.8,1.1,1,2014-12-25,1309,Terra,MODIS,88,6.2,295.5,9.5,N,0
-22.7407,149.388,305,1.8,1.3,2014-12-25,1309,Terra,MODIS,60,6.2,290.7,11.3,N,0
-22.7258,149.4024,303.5,1.8,1.3,2014-12-25,1309,Terra,MODIS,32,6.2,290.4,9.3,N,0
-22.729,149.3851,304.6,1.8,1.3,2014-12-25,1309,Terra,MODIS,55,6.2,290.6,10.4,N,0
-22.7317,149.3971,312.7,1.8,1.3,2014-12-25,1309,Terra,MODIS,83,6.2,290.9,22.9,N,0
-17.8179,144.1625,310.8,1.1,1,2014-12-25,1310,Terra,MODIS,81,6.2,296.7,7.5,N,0
-17.8086,144.1609,312.4,1.1,1,2014-12-25,1310,Terra,MODIS,84,6.2,296.8,8.9,N,0
-18.3152,144.0428,306.3,1.1,1,2014-12-25,1310,Terra,MODIS,51,6.2,296.1,4.4,N,0
-17.1307,145.4897,303.4,1.3,1.1,2014-12-25,1310,Terra,MODIS,15,6.2,292.1,6.1,N,0
-17.981,145.551,305.2,1.2,1.1,2014-12-25,1310,Terra,MODIS,64,6.2,289.7,8.6,N,0
-18.4449,143.9792,308.1,1,1,2014-12-25,1310,Terra,MODIS,36,6.2,294.6,5.6,N,0
-18.1958,145.4855,304.2,1.2,1.1,2014-12-25,1310,Terra,MODIS,59,6.2,292.8,6.4,N,0
-18.1113,145.6347,301.6,1.2,1.1,2014-12-25,1310,Terra,MODIS,43,6.2,290.8,5.7,N,0
-18.4464,143.9693,305.9,1,1,2014-12-25,1310,Terra,MODIS,42,6.2,294.6,4.3,N,0
-18.4156,143.9241,306.3,1,1,2014-12-25,1310,Terra,MODIS,62,6.2,294.9,4.8,N,0
-17.1697,144.9119,305.7,1.2,1.1,2014-12-25,1310,Terra,MODIS,63,6.2,290.9,6.6,N,0
-18.4522,143.9301,317.7,1,1,2014-12-25,1310,Terra,MODIS,95,6.2,294.5,14.3,N,0
-17.1714,144.9012,308.9,1.2,1.1,2014-12-25,1310,Terra,MODIS,74,6.2,291.4,9.3,N,0
-18.4507,143.9399,309.2,1,1,2014-12-25,1310,Terra,MODIS,73,6.2,294.4,7,N,0
-16.3257,144.6902,311.4,1.2,1.1,2014-12-25,1311,Terra,MODIS,83,6.2,293.9,10.6,N,0
-16.6866,143.6018,312.6,1,1,2014-12-25,1311,Terra,MODIS,85,6.2,274.1,12.6,N,0
-16.646,143.7457,300.8,1.1,1,2014-12-25,1311,Terra,MODIS,11,6.2,277.8,4.1,N,0
-15.0253,143.9443,306.1,1.1,1.1,2014-12-25,1311,Terra,MODIS,59,6.2,293,5,N,0
-15.5556,142.8519,304,1,1,2014-12-25,1311,Terra,MODIS,45,6.2,274.4,7.9,N,0
-16.3612,144.6525,316.8,1.2,1.1,2014-12-25,1311,Terra,MODIS,94,6.2,295.5,14.6,N,0
-16.6851,143.6115,343.4,1,1,2014-12-25,1311,Terra,MODIS,100,6.2,274.9,53.2,N,0
-16.6836,143.6213,339.4,1,1,2014-12-25,1311,Terra,MODIS,100,6.2,273.5,46.4,N,0
-16.6323,143.5367,313.5,1,1,2014-12-25,1311,Terra,MODIS,46,6.2,278.8,11.3,N,0
-15.3161,143.7194,305.9,1.1,1,2014-12-25,1311,Terra,MODIS,23,6.2,290.4,4.7,N,0
-15.0686,144.0101,306.6,1.1,1.1,2014-12-25,1311,Terra,MODIS,42,6.2,292.4,5.2,N,0
-15.6176,144.4176,305.1,1.1,1.1,2014-12-25,1311,Terra,MODIS,58,6.2,293.8,5.2,N,0
-15.6208,144.3962,306.5,1.1,1.1,2014-12-25,1311,Terra,MODIS,65,6.2,293.5,6.3,N,0
-15.6253,144.3924,305.7,1.1,1.1,2014-12-25,1311,Terra,MODIS,34,6.2,293.2,5.2,N,0
-15.6236,144.403,311.4,1.1,1.1,2014-12-25,1311,Terra,MODIS,81,6.2,293.7,9.8,N,0
-15.6192,144.4069,316.3,1.1,1.1,2014-12-25,1311,Terra,MODIS,92,6.2,294,15.4,N,0
-14.1651,143.3513,303.2,1.1,1,2014-12-25,1311,Terra,MODIS,37,6.2,287.2,5.4,N,0
-15.7129,143.8255,318.2,1.1,1,2014-12-25,1311,Terra,MODIS,72,6.2,295,13.8,N,0
-15.7159,143.8054,314.1,1.1,1,2014-12-25,1311,Terra,MODIS,88,6.2,295.2,10.6,N,0
-15.7175,143.7954,314.8,1.1,1,2014-12-25,1311,Terra,MODIS,90,6.2,295.2,11.6,N,0
-15.7062,143.8283,319.4,1.1,1,2014-12-25,1311,Terra,MODIS,88,6.2,295.2,14.7,N,0
-15.7077,143.8183,315.9,1.1,1,2014-12-25,1311,Terra,MODIS,47,6.2,295.1,11.3,N,0
-15.7092,143.8082,313.3,1.1,1,2014-12-25,1311,Terra,MODIS,56,6.2,295,9.6,N,0
-15.7107,143.7982,311.3,1.1,1,2014-12-25,1311,Terra,MODIS,50,6.2,294.9,8.2,N,0
-15.6984,143.8167,308.5,1.1,1,2014-12-25,1311,Terra,MODIS,22,6.2,294.7,5.5,N,0
-15.6999,143.8067,306.9,1.1,1,2014-12-25,1311,Terra,MODIS,39,6.2,294.6,5,N,0
-15.652,143.8711,314.6,1.1,1,2014-12-25,1311,Terra,MODIS,69,6.2,293.8,10.7,N,0
-15.6426,143.8695,306.9,1.1,1,2014-12-25,1311,Terra,MODIS,14,6.2,293.9,4.5,N,0
-15.6442,143.8594,307.7,1.1,1,2014-12-25,1311,Terra,MODIS,21,6.2,293.8,5.3,N,0
-16.3821,144.6452,307.2,1.2,1.1,2014-12-25,1311,Terra,MODIS,38,6.2,295.6,5.8,N,0
-15.5157,143.7438,307.2,1.1,1,2014-12-25,1311,Terra,MODIS,69,6.2,292.3,5.8,N,0
-15.491,143.7808,305.1,1.1,1,2014-12-25,1311,Terra,MODIS,25,6.2,293.4,3.9,N,0
-15.4726,143.8397,305.9,1.1,1,2014-12-25,1311,Terra,MODIS,38,6.2,293.9,4.3,N,0
-16.6759,143.61,314.5,1,1,2014-12-25,1311,Terra,MODIS,89,6.2,269.3,13.8,N,0
-16.1291,143.2695,302.6,1,1,2014-12-25,1311,Terra,MODIS,14,6.2,282.9,3.6,N,0
-16.1199,143.268,304.3,1,1,2014-12-25,1311,Terra,MODIS,37,6.2,281.3,4.5,N,0
-16.6774,143.6003,310.1,1,1,2014-12-25,1311,Terra,MODIS,78,6.2,270.5,10.5,N,0
-15.3176,143.7094,305.3,1.1,1,2014-12-25,1311,Terra,MODIS,18,6.2,290.1,4.3,N,0
-15.6085,143.9678,308.9,1.1,1,2014-12-25,1311,Terra,MODIS,41,6.2,294.2,6.5,N,0
-15.5944,143.9968,306.4,1.1,1,2014-12-25,1311,Terra,MODIS,40,6.2,293.7,4.9,N,0
-15.5885,144.0005,305.9,1.1,1,2014-12-25,1311,Terra,MODIS,56,6.2,293.6,4.7,N,0
-15.5556,144.0265,315.4,1.1,1,2014-12-25,1311,Terra,MODIS,91,6.2,294.2,12.7,N,0
-15.5572,144.0162,308.4,1.1,1,2014-12-25,1311,Terra,MODIS,73,6.2,293.6,6.5,N,0
-15.2594,145.0862,305.6,1.3,1.1,2014-12-25,1311,Terra,MODIS,57,6.2,294.5,6.2,N,0
-15.3149,143.7913,304.6,1.1,1,2014-12-25,1311,Terra,MODIS,42,6.2,291.1,4.2,N,0
-15.301,143.8199,309,1.1,1,2014-12-25,1311,Terra,MODIS,23,6.2,292.5,6.3,N,0
-16.6745,143.6198,319.6,1,1,2014-12-25,1311,Terra,MODIS,99,6.2,268.5,19.3,N,0
-15.6521,143.9332,310,1.1,1,2014-12-25,1311,Terra,MODIS,31,6.2,295.2,6.8,N,0
-15.6537,143.9231,322.9,1.1,1,2014-12-25,1311,Terra,MODIS,100,6.2,296,19.3,N,0
-15.6552,143.9129,322.3,1.1,1,2014-12-25,1311,Terra,MODIS,100,6.2,295.8,18.6,N,0
-15.6567,143.9029,314.2,1.1,1,2014-12-25,1311,Terra,MODIS,73,6.2,294.9,10.2,N,0
-15.6412,143.9419,310.7,1.1,1,2014-12-25,1311,Terra,MODIS,72,6.2,294.6,7.6,N,0
-15.6458,143.9115,307.1,1.1,1,2014-12-25,1311,Terra,MODIS,16,6.2,294.9,4.5,N,0
-15.6474,143.9014,315,1.1,1,2014-12-25,1311,Terra,MODIS,90,6.2,294.8,11.1,N,0
-15.6489,143.8913,321.1,1.1,1,2014-12-25,1311,Terra,MODIS,100,6.2,295.1,17,N,0
-15.6504,143.8811,332.7,1.1,1,2014-12-25,1311,Terra,MODIS,100,6.2,295.3,32.8,N,0
-15.5013,142.9692,304,1,1,2014-12-25,1311,Terra,MODIS,39,6.2,281.7,5.2,N,0
-15.5067,143.804,310.1,1.1,1,2014-12-25,1311,Terra,MODIS,79,6.2,294,7.5,N,0
-15.4958,143.8125,310.1,1.1,1,2014-12-25,1311,Terra,MODIS,63,6.2,294.1,7,N,0
-15.4973,143.8024,310.6,1.1,1,2014-12-25,1311,Terra,MODIS,69,6.2,293.9,7.4,N,0
-16.6877,143.7829,310.1,1.1,1,2014-12-25,1311,Terra,MODIS,79,6.2,274,10.8,N,0
-16.6711,144.965,305.8,1.2,1.1,2014-12-25,1311,Terra,MODIS,42,6.2,294.4,6,N,0
-16.6693,144.976,325,1.2,1.1,2014-12-25,1311,Terra,MODIS,100,6.2,294.8,27.2,N,0
-16.6808,144.9668,304.2,1.2,1.1,2014-12-25,1311,Terra,MODIS,58,6.2,293.9,5,N,0
-16.6791,144.9776,307.2,1.2,1.1,2014-12-25,1311,Terra,MODIS,70,6.2,294,7.5,N,0
-12.1837,142.7554,304.7,1.1,1,2014-12-25,1312,Terra,MODIS,61,6.2,293.5,4.7,N,0
-12.12,142.6763,303.8,1.1,1,2014-12-25,1312,Terra,MODIS,48,6.2,293.2,4.4,N,0
-12.1094,142.6844,302.9,1.1,1,2014-12-25,1312,Terra,MODIS,50,6.2,292.6,3.9,N,0
-25.5156,151.1955,302.9,2.8,1.6,2014-12-25,1440,Aqua,MODIS,52,6.2,284.9,24.7,N,0
-22.8223,115.0726,310.4,1.4,1.2,2014-12-25,1448,Terra,MODIS,80,6.2,297.6,9.2,N,0
-22.8167,115.0661,307.2,1.4,1.2,2014-12-25,1448,Terra,MODIS,42,6.2,296.8,6.3,N,0
-22.8151,115.0794,325.6,1.4,1.2,2014-12-25,1448,Terra,MODIS,100,6.2,298.5,32.2,N,0
-22.8135,115.0926,309,1.4,1.2,2014-12-25,1448,Terra,MODIS,41,6.2,297.5,9.2,N,0
-15.2892,143.8278,302,2.1,1.4,2014-12-25,1616,Aqua,MODIS,46,6.2,289.6,10.2,N,0
-15.3018,143.8262,301.3,2.1,1.4,2014-12-25,1616,Aqua,MODIS,29,6.2,290.1,8.9,N,0
-16.6647,144.9856,304.1,2.7,1.6,2014-12-25,1616,Aqua,MODIS,45,6.2,289.3,24.1,N,0
-21.8124,116.2488,317.5,1.6,1.2,2014-12-25,1756,Aqua,MODIS,95,6.2,293.2,28.7,N,0
-15.3174,144.3966,319.8,4.1,1.9,2014-12-26,0003,Terra,MODIS,69,6.2,293.9,60.8,D,0
-16.6896,143.6277,323.1,4.4,1.9,2014-12-26,0003,Terra,MODIS,58,6.2,296.5,68.1,D,0
-16.6428,143.7762,320.3,4.3,1.9,2014-12-26,0003,Terra,MODIS,65,6.2,295.2,46.9,D,0
-16.6448,143.7704,322.1,4.3,1.9,2014-12-26,0003,Terra,MODIS,70,6.2,295.5,62.4,D,0
-15.0319,143.9824,322.7,4.5,1.9,2014-12-26,0003,Terra,MODIS,75,6.2,290,115.4,D,0
-15.0325,143.9769,324.9,4.5,1.9,2014-12-26,0003,Terra,MODIS,78,6.2,290.1,136.5,D,0
-15.0239,143.9411,314.9,4.5,2,2014-12-26,0003,Terra,MODIS,62,6.2,290.2,55.3,D,0
-15.6266,144.3912,324.5,4.1,1.9,2014-12-26,0003,Terra,MODIS,78,6.2,292.6,97.3,D,0
-16.1179,143.2607,323.1,4.8,2,2014-12-26,0003,Terra,MODIS,76,6.2,292.5,88.3,D,0
-15.6645,143.9344,318,4.4,1.9,2014-12-26,0003,Terra,MODIS,50,6.2,290.6,59.5,D,0
-16.6824,143.421,321.5,4.5,2,2014-12-26,0003,Terra,MODIS,31,6.2,292,94.9,D,0
-15.6652,143.9267,319.6,4.4,1.9,2014-12-26,0003,Terra,MODIS,68,6.2,290.3,72,D,0
-15.6566,143.894,320.8,4.4,1.9,2014-12-26,0003,Terra,MODIS,73,6.2,289.1,80.4,D,0
-15.657,143.8862,317.9,4.4,1.9,2014-12-26,0003,Terra,MODIS,61,6.2,288.5,57.6,D,0
-17.166,144.9066,318.9,3.4,1.7,2014-12-26,0003,Terra,MODIS,64,6.2,295.9,46.4,D,0
-17.1722,144.9114,318.3,3.4,1.7,2014-12-26,0003,Terra,MODIS,48,6.2,295.3,38.2,D,0
-16.689,143.6357,321,4.4,1.9,2014-12-26,0003,Terra,MODIS,45,6.2,296.4,49.3,D,0
-15.4932,143.8049,317,4.5,2,2014-12-26,0003,Terra,MODIS,28,6.2,288.8,50.6,D,0
-16.6809,143.5948,322.3,4.4,1.9,2014-12-26,0003,Terra,MODIS,53,6.2,295.8,61.1,D,0
-16.6903,143.4555,329.5,4.5,2,2014-12-26,0003,Terra,MODIS,76,6.2,294.3,166.1,D,0
-16.6907,143.4631,327,4.5,2,2014-12-26,0003,Terra,MODIS,68,6.2,294.5,137.6,D,0
-15.3139,144.4032,318.5,4.1,1.9,2014-12-26,0003,Terra,MODIS,62,6.2,293.4,50.2,D,0
-22.6882,149.4488,327.9,1.3,1.1,2014-12-26,0004,Terra,MODIS,70,6.2,299.5,20.2,D,0
-22.6858,149.4434,333.9,1.3,1.1,2014-12-26,0004,Terra,MODIS,82,6.2,300.2,30.4,D,0
-21.8793,149.2214,323,1.4,1.2,2014-12-26,0004,Terra,MODIS,62,6.2,298.8,17.8,D,0
-23.0895,145.5533,326.9,2.3,1.5,2014-12-26,0005,Terra,MODIS,42,6.2,299.5,27.6,D,0
-23.0938,145.576,334.7,2.3,1.5,2014-12-26,0005,Terra,MODIS,81,6.2,300.1,62.2,D,0
-23.0898,145.5708,336.5,2.3,1.5,2014-12-26,0005,Terra,MODIS,83,6.2,300.1,71.7,D,0
-24.4249,151.3633,318.2,1,1,2014-12-26,0005,Terra,MODIS,61,6.2,296.2,9.2,D,0
-24.4265,151.3735,316.4,1,1,2014-12-26,0005,Terra,MODIS,51,6.2,295,7.6,D,0
-33.8016,150.839,317.6,1,1,2014-12-26,0007,Terra,MODIS,34,6.2,302.8,5.6,D,0
-33.6229,150.8088,318.3,1,1,2014-12-26,0007,Terra,MODIS,39,6.2,305.8,6.9,D,0
-34.039,150.7568,318.1,1,1,2014-12-26,0007,Terra,MODIS,60,6.2,305.3,5.2,D,0
-33.438,151.3915,317,1,1,2014-12-26,0007,Terra,MODIS,55,6.2,306.2,8.3,D,0
-33.9371,150.8843,319,1,1,2014-12-26,0007,Terra,MODIS,64,6.2,304.2,3.6,D,0
-34.4595,150.8788,318.7,1,1,2014-12-26,0007,Terra,MODIS,55,6.2,303.6,7.6,D,0
-33.7722,150.9518,322.3,1,1,2014-12-26,0007,Terra,MODIS,75,6.2,307.4,7.1,D,0
-32.9412,151.6478,319.6,1,1,2014-12-26,0007,Terra,MODIS,56,6.2,303.1,7.7,D,0
-36.9296,145.5232,323.3,1.2,1.1,2014-12-26,0008,Terra,MODIS,57,6.2,300.4,16.6,D,0
-36.932,145.5366,329,1.2,1.1,2014-12-26,0008,Terra,MODIS,72,6.2,302.4,25.6,D,0
-41.3992,148.0719,316.3,1,1,2014-12-26,0009,Terra,MODIS,43,6.2,293,12.6,D,0
-22.6243,120.5859,354.7,2.5,1.5,2014-12-26,0143,Terra,MODIS,97,6.2,308.3,209.6,D,0
-22.6358,120.6022,373.6,2.5,1.5,2014-12-26,0143,Terra,MODIS,100,6.2,312.8,420.2,D,0
-22.6311,120.5784,339.9,2.5,1.5,2014-12-26,0143,Terra,MODIS,86,6.2,308.9,102.8,D,0
-22.6424,120.6066,340.2,2.5,1.5,2014-12-26,0143,Terra,MODIS,86,6.2,309.4,101,D,0
-22.6289,120.6096,362.8,2.5,1.5,2014-12-26,0143,Terra,MODIS,100,6.2,310.8,286.4,D,0
-22.6854,120.6401,327.2,2.4,1.5,2014-12-26,0143,Terra,MODIS,67,6.2,308.5,36.6,D,0
-22.6405,120.6258,326.3,2.4,1.5,2014-12-26,0143,Terra,MODIS,64,6.2,308.2,31.9,D,0
-20.6805,118.1625,333.9,4.1,1.9,2014-12-26,0143,Terra,MODIS,78,6.2,304.9,134.5,D,0
-20.6726,118.1238,327.2,4.1,1.9,2014-12-26,0143,Terra,MODIS,65,6.2,304.4,73,D,0
-20.6846,118.1561,333,4.1,1.9,2014-12-26,0143,Terra,MODIS,77,6.2,304.7,126.8,D,0
-37.8124,144.8223,317.4,1,1,2014-12-26,0423,Aqua,MODIS,35,6.2,300.9,3.1,D,0
-34.2185,147.9171,332,1.4,1.2,2014-12-26,0424,Aqua,MODIS,79,6.2,312.5,25.4,D,0
-34.2213,147.9021,351,1.4,1.2,2014-12-26,0424,Aqua,MODIS,95,6.2,313.7,77,D,0
-34.2082,147.9142,327.6,1.4,1.2,2014-12-26,0424,Aqua,MODIS,62,6.2,310.3,16.2,D,0
-34.2109,147.8994,335.3,1.4,1.2,2014-12-26,0424,Aqua,MODIS,82,6.2,313.1,31.9,D,0
-34.2146,147.9103,350.6,1.4,1.2,2014-12-26,0424,Aqua,MODIS,94,6.2,313.3,76.2,D,0
-34.2173,147.8954,336.8,1.4,1.2,2014-12-26,0424,Aqua,MODIS,84,6.2,313.5,35.3,D,0
-17.8032,144.1614,357.5,1.6,1.2,2014-12-26,0428,Aqua,MODIS,98,6.2,312,119,D,0
-17.8007,144.1763,337,1.6,1.2,2014-12-26,0428,Aqua,MODIS,48,6.2,309.5,35.7,D,0
-17.1728,144.8959,336.3,1.9,1.3,2014-12-26,0428,Aqua,MODIS,55,6.2,306.8,58.7,D,0
-17.1817,144.9159,324.8,1.9,1.3,2014-12-26,0428,Aqua,MODIS,21,6.2,299.9,19.3,D,0
-17.1361,145.4919,324.4,2.1,1.4,2014-12-26,0428,Aqua,MODIS,45,6.2,298.4,35.8,D,0
-17.6952,145.3853,327,2,1.4,2014-12-26,0428,Aqua,MODIS,57,6.2,302.1,31,D,0
-17.1769,144.9024,337.1,1.9,1.3,2014-12-26,0428,Aqua,MODIS,79,6.2,306.7,60.9,D,0
-18.1296,141.5784,336.1,1.1,1.1,2014-12-26,0428,Aqua,MODIS,49,6.2,306.5,23.1,D,0
-18.4552,143.9219,356.2,1.5,1.2,2014-12-26,0428,Aqua,MODIS,92,6.2,305.1,110.4,D,0
-18.1926,145.1839,324.3,1.9,1.3,2014-12-26,0428,Aqua,MODIS,20,6.2,302.4,20.4,D,0
-18.4576,143.908,362.7,1.5,1.2,2014-12-26,0428,Aqua,MODIS,94,6.2,303,142,D,0
-18.101,145.6324,324.3,2,1.4,2014-12-26,0428,Aqua,MODIS,28,6.2,298.2,39.1,D,0
-18.4538,143.9162,358.2,1.5,1.2,2014-12-26,0428,Aqua,MODIS,93,6.2,302.2,118.8,D,0
-18.4129,143.8946,336.8,1.5,1.2,2014-12-26,0428,Aqua,MODIS,65,6.2,302.2,38,D,0
-18.4561,143.9022,336,1.5,1.2,2014-12-26,0428,Aqua,MODIS,69,6.2,299.6,39.3,D,0
-16.6708,143.4814,339,1.5,1.2,2014-12-26,0429,Aqua,MODIS,71,6.2,308.3,41.6,D,0
-14.2321,143.3262,334.4,1.6,1.2,2014-12-26,0429,Aqua,MODIS,77,6.2,301.5,42.2,D,0
-16.6376,143.7542,352.4,1.6,1.2,2014-12-26,0429,Aqua,MODIS,72,6.2,298.2,100.7,D,0
-16.6289,143.7377,332.3,1.6,1.2,2014-12-26,0429,Aqua,MODIS,41,6.2,302.2,32.7,D,0
-15.5561,142.8259,352.2,1.4,1.2,2014-12-26,0429,Aqua,MODIS,90,6.2,299.6,87.8,D,0
-15.5434,142.8372,333.9,1.4,1.2,2014-12-26,0429,Aqua,MODIS,68,6.2,304.3,31,D,0
-16.9127,141.2308,328.6,1.1,1.1,2014-12-26,0429,Aqua,MODIS,60,6.2,302.3,11.4,D,0
-16.9049,141.2189,327.3,1.1,1.1,2014-12-26,0429,Aqua,MODIS,47,6.2,300.4,10.1,D,0
-15.6421,143.6467,328.1,1.6,1.2,2014-12-26,0429,Aqua,MODIS,68,6.2,300.3,26,D,0
-16.7348,143.7995,339.7,1.6,1.2,2014-12-26,0429,Aqua,MODIS,50,6.2,309.8,44.9,D,0
-15.5982,143.4221,354.1,1.6,1.2,2014-12-26,0429,Aqua,MODIS,96,6.2,298.2,113,D,0
-15.6092,143.4241,336.6,1.6,1.2,2014-12-26,0429,Aqua,MODIS,82,6.2,302.9,48.4,D,0
-16.6337,143.5034,328.8,1.5,1.2,2014-12-26,0429,Aqua,MODIS,45,6.2,304.3,19.3,D,0
-15.6444,143.6252,324.2,1.6,1.2,2014-12-26,0429,Aqua,MODIS,54,6.2,300.4,18.2,D,0
-15.642,143.6399,334.2,1.6,1.2,2014-12-26,0429,Aqua,MODIS,79,6.2,300.8,42.6,D,0
-15.6446,143.632,335.3,1.6,1.2,2014-12-26,0429,Aqua,MODIS,80,6.2,300.7,45.2,D,0
-15.6142,144.4123,340.4,1.8,1.3,2014-12-26,0429,Aqua,MODIS,74,6.2,296,78.2,D,0
-15.5402,143.4952,335.9,1.6,1.2,2014-12-26,0429,Aqua,MODIS,82,6.2,300.3,45.1,D,0
-15.5665,143.4759,337.2,1.6,1.2,2014-12-26,0429,Aqua,MODIS,77,6.2,302.5,46.3,D,0
-15.713,143.8353,373.8,1.6,1.3,2014-12-26,0429,Aqua,MODIS,94,6.2,304.7,237.8,D,0
-15.7156,143.8202,346.5,1.6,1.3,2014-12-26,0429,Aqua,MODIS,79,6.2,297.4,84.3,D,0
-15.7269,143.8222,330.4,1.6,1.3,2014-12-26,0429,Aqua,MODIS,58,6.2,295.8,32.5,D,0
-15.5689,143.4616,332.1,1.6,1.2,2014-12-26,0429,Aqua,MODIS,51,6.2,298.9,32.6,D,0
-15.6083,143.4978,335.9,1.6,1.2,2014-12-26,0429,Aqua,MODIS,81,6.2,302.3,44.3,D,0
-15.5775,143.4778,330.6,1.6,1.2,2014-12-26,0429,Aqua,MODIS,46,6.2,296.7,29.1,D,0
-15.6026,143.7402,328.6,1.6,1.3,2014-12-26,0429,Aqua,MODIS,70,6.2,300.9,28.5,D,0
-15.5688,143.7343,336.2,1.6,1.3,2014-12-26,0429,Aqua,MODIS,71,6.2,298.4,49.1,D,0
-16.659,143.63,334.8,1.5,1.2,2014-12-26,0429,Aqua,MODIS,59,6.2,306.8,24.9,D,0
-15.578,143.4721,331,1.6,1.2,2014-12-26,0429,Aqua,MODIS,54,6.2,297.4,28.7,D,0
-15.556,143.4682,338.2,1.6,1.2,2014-12-26,0429,Aqua,MODIS,64,6.2,295.3,49.9,D,0
-16.1144,143.2302,344.5,1.5,1.2,2014-12-26,0429,Aqua,MODIS,80,6.2,308.8,56.7,D,0
-15.567,143.4702,343,1.6,1.2,2014-12-26,0429,Aqua,MODIS,83,6.2,302.1,63.8,D,0
-16.8688,141.2022,332.3,1.1,1,2014-12-26,0429,Aqua,MODIS,50,6.2,306.6,13.7,D,0
-14.9751,145.2852,336.5,2.2,1.4,2014-12-26,0429,Aqua,MODIS,62,6.2,295.8,83.5,D,0
-14.9723,145.298,326.2,2.2,1.4,2014-12-26,0429,Aqua,MODIS,0,6.2,295.4,41.9,D,0
-16.6922,143.4336,336.8,1.5,1.2,2014-12-26,0429,Aqua,MODIS,51,6.2,308.5,36.6,D,0
-14.9664,145.2554,327.5,2.2,1.4,2014-12-26,0429,Aqua,MODIS,51,6.2,294.4,49.2,D,0
-14.963,145.2755,338.8,2.2,1.4,2014-12-26,0429,Aqua,MODIS,0,6.2,293.3,97.9,D,0
-16.8542,141.2047,332.3,1.1,1.1,2014-12-26,0429,Aqua,MODIS,75,6.2,305.2,15.5,D,0
-13.6179,143.4876,332.6,1.7,1.3,2014-12-26,0429,Aqua,MODIS,80,6.2,298.2,46.5,D,0
-13.6205,143.4719,322,1.7,1.3,2014-12-26,0429,Aqua,MODIS,42,6.2,297.9,20.1,D,0
-16.8054,141.271,347.4,1.1,1.1,2014-12-26,0429,Aqua,MODIS,91,6.2,306.9,40.3,D,0
-16.7881,141.2573,334.8,1.1,1.1,2014-12-26,0429,Aqua,MODIS,79,6.2,306,16.9,D,0
-15.6772,143.9081,336.1,1.7,1.3,2014-12-26,0429,Aqua,MODIS,81,6.2,301.1,50.5,D,0
-16.7897,141.2469,332.7,1.1,1.1,2014-12-26,0429,Aqua,MODIS,76,6.2,306.5,13.3,D,0
-16.807,141.2605,346.4,1.1,1.1,2014-12-26,0429,Aqua,MODIS,91,6.2,306.8,39.4,D,0
-13.664,143.4868,324.2,1.7,1.3,2014-12-26,0429,Aqua,MODIS,44,6.2,299.6,22.2,D,0
-16.7006,143.4494,338.3,1.5,1.2,2014-12-26,0429,Aqua,MODIS,77,6.2,307.1,41.6,D,0
-17.1168,143.9243,335.2,1.6,1.2,2014-12-26,0429,Aqua,MODIS,46,6.2,309.8,33.8,D,0
-16.6481,143.6281,345.8,1.5,1.2,2014-12-26,0429,Aqua,MODIS,89,6.2,304.5,62.7,D,0
-13.7054,141.5185,334.3,1.3,1.1,2014-12-26,0430,Aqua,MODIS,57,6.2,298.9,24.6,D,0
-12.1398,142.7414,321.4,1.6,1.2,2014-12-26,0430,Aqua,MODIS,35,6.2,296.7,12.2,D,0
-30.8669,121.4904,345.1,1.3,1.1,2014-12-26,0604,Aqua,MODIS,88,6.2,319.3,38.8,D,2
-30.8763,121.4842,331.9,1.3,1.1,2014-12-26,0604,Aqua,MODIS,38,6.2,318.1,9.3,D,2
-30.874,121.4973,337,1.3,1.1,2014-12-26,0604,Aqua,MODIS,77,6.2,318.7,20,D,2
-30.864,121.495,335.4,1.3,1.1,2014-12-26,0604,Aqua,MODIS,63,6.2,319.2,16.5,D,2
-31.9958,115.9324,333.1,1.1,1,2014-12-26,0604,Aqua,MODIS,40,6.2,314.1,9.5,D,0
-32.0696,115.9152,333.2,1.1,1,2014-12-26,0604,Aqua,MODIS,46,6.2,312.5,11.3,D,0
-32.071,115.9036,332.1,1.1,1,2014-12-26,0604,Aqua,MODIS,35,6.2,313,9.9,D,0
-22.615,120.5894,357.1,1.6,1.2,2014-12-26,0606,Aqua,MODIS,97,6.2,318.5,94.5,D,0
-22.637,120.594,341.4,1.6,1.2,2014-12-26,0606,Aqua,MODIS,65,6.2,323.2,31.8,D,0
-22.6233,120.6068,376.8,1.6,1.2,2014-12-26,0606,Aqua,MODIS,100,6.2,323,213.4,D,0
-22.626,120.5918,418,1.6,1.2,2014-12-26,0606,Aqua,MODIS,100,6.2,330.9,671.2,D,0
-22.6286,120.5768,340.4,1.6,1.2,2014-12-26,0606,Aqua,MODIS,58,6.2,321.9,28.1,D,0
-21.8127,116.2207,353,1,1,2014-12-26,0606,Aqua,MODIS,57,6.2,316.1,48.1,D,0
-21.8141,116.211,369.3,1,1,2014-12-26,0606,Aqua,MODIS,87,6.2,312.2,93.7,D,0
-22.7444,149.3929,306.5,2.7,1.6,2014-12-26,1214,Terra,MODIS,68,6.2,292.9,24,N,0
-22.7414,149.3861,305.4,2.7,1.6,2014-12-26,1214,Terra,MODIS,64,6.2,292.8,22.5,N,0
-14.9635,145.3134,302.8,2.1,1.4,2014-12-26,1520,Aqua,MODIS,52,6.2,290.3,10.4,N,0
-17.7984,144.1478,304.6,2.2,1.4,2014-12-26,1521,Aqua,MODIS,61,6.2,291,14.4,N,0
-17.7995,144.1529,303.7,2.2,1.4,2014-12-26,1521,Aqua,MODIS,47,6.2,290.9,11.5,N,0
-17.7037,145.3901,300.6,1.8,1.3,2014-12-26,1521,Aqua,MODIS,31,6.2,290.1,10.3,N,0
-21.3066,148.9535,311.9,1,1,2014-12-26,1522,Aqua,MODIS,84,6.2,293.6,10.7,N,0
-22.7393,149.4068,305,1,1,2014-12-26,1522,Aqua,MODIS,63,6.2,293,6.1,N,0
-23.769,151.2064,317.1,1.1,1,2014-12-26,1523,Aqua,MODIS,94,6.2,294.5,15.3,N,0
-30.8615,121.5001,314.3,1,1,2014-12-26,1704,Aqua,MODIS,89,6.2,289.5,15,N,2
-30.8598,121.4892,322.7,1,1,2014-12-26,1704,Aqua,MODIS,100,6.2,289.4,23.4,N,2
-15.6963,143.2531,354.8,1,1,2014-12-27,0045,Terra,MODIS,97,6.2,303.2,59,D,0
-13.724,141.5446,325.5,1.2,1.1,2014-12-27,0045,Terra,MODIS,37,6.2,297,14.3,D,0
-12.1373,142.7503,322.5,1.1,1,2014-12-27,0045,Terra,MODIS,44,6.2,299.3,8.1,D,0
-15.5843,142.8189,329.4,1,1,2014-12-27,0045,Terra,MODIS,67,6.2,302.2,17,D,0
-15.6556,144.4786,322.7,1,1,2014-12-27,0045,Terra,MODIS,48,6.2,299.1,11.9,D,0
-15.566,143.5521,357.4,1,1,2014-12-27,0045,Terra,MODIS,98,6.2,304.4,66.9,D,0
-15.6935,143.2345,344.3,1,1,2014-12-27,0045,Terra,MODIS,91,6.2,295.7,37.4,D,0
-12.1467,142.7489,330.7,1.1,1,2014-12-27,0045,Terra,MODIS,79,6.2,298,17.6,D,0
-15.6679,143.248,331,1,1,2014-12-27,0045,Terra,MODIS,71,6.2,297.6,15.4,D,0
-15.6921,143.2251,372.4,1,1,2014-12-27,0045,Terra,MODIS,100,6.2,302.2,112.3,D,0
-15.6513,143.2601,341.1,1,1,2014-12-27,0045,Terra,MODIS,89,6.2,304.8,30.4,D,0
-15.6755,143.2373,356.2,1,1,2014-12-27,0045,Terra,MODIS,98,6.2,303.4,62.3,D,0
-15.0212,143.9759,317.8,1,1,2014-12-27,0045,Terra,MODIS,39,6.2,292.9,7.8,D,0
-15.6831,143.2265,353.6,1,1,2014-12-27,0045,Terra,MODIS,91,6.2,302.8,57.5,D,0
-15.6907,143.2158,335.1,1,1,2014-12-27,0045,Terra,MODIS,84,6.2,299.6,24.3,D,0
-12.175,142.7682,329.3,1.1,1,2014-12-27,0045,Terra,MODIS,35,6.2,301.6,15.3,D,0
-15.6901,143.2732,335.2,1,1,2014-12-27,0045,Terra,MODIS,83,6.2,304.2,21,D,0
-15.5828,142.8094,360.8,1,1,2014-12-27,0045,Terra,MODIS,94,6.2,304,79.3,D,0
-15.5814,142.8,352.6,1,1,2014-12-27,0045,Terra,MODIS,96,6.2,300.6,59.2,D,0
-15.6543,144.4693,320.9,1,1,2014-12-27,0045,Terra,MODIS,36,6.2,299.2,10.5,D,0
-15.6418,143.6287,333.1,1,1,2014-12-27,0045,Terra,MODIS,78,6.2,301.4,21,D,0
-15.574,142.8072,342,1,1,2014-12-27,0045,Terra,MODIS,89,6.2,299.7,34.8,D,0
-12.2014,142.754,329.7,1.1,1,2014-12-27,0045,Terra,MODIS,38,6.2,302,14.5,D,0
-15.5725,142.7977,339.1,1,1,2014-12-27,0045,Terra,MODIS,82,6.2,298.5,30.1,D,0
-15.2576,145.0986,320.2,1,1,2014-12-27,0045,Terra,MODIS,45,6.2,298.4,10.4,D,0
-15.3433,143.7281,332.8,1,1,2014-12-27,0045,Terra,MODIS,81,6.2,302.1,20.5,D,0
-15.0549,144.018,323.3,1,1,2014-12-27,0045,Terra,MODIS,19,6.2,296.6,11.6,D,0
-15.5646,143.5429,339.7,1,1,2014-12-27,0045,Terra,MODIS,88,6.2,301,29.3,D,0
-15.7706,145.2236,325.2,1.1,1,2014-12-27,0045,Terra,MODIS,61,6.2,302.8,13.5,D,0
-15.6098,144.4149,324.2,1,1,2014-12-27,0045,Terra,MODIS,60,6.2,294.7,14.6,D,0
-15.6977,143.2624,338.9,1,1,2014-12-27,0045,Terra,MODIS,87,6.2,300.6,26.7,D,0
-15.6463,143.8458,333.6,1,1,2014-12-27,0045,Terra,MODIS,75,6.2,300.6,17.6,D,0
-15.654,143.8352,343.8,1,1,2014-12-27,0045,Terra,MODIS,91,6.2,303,35.5,D,0
-15.6553,143.8445,362.6,1,1,2014-12-27,0045,Terra,MODIS,100,6.2,303.2,77.8,D,0
-15.6643,143.8431,336.5,1,1,2014-12-27,0045,Terra,MODIS,85,6.2,305.4,22.3,D,0
-15.6684,143.8709,333.3,1,1,2014-12-27,0045,Terra,MODIS,73,6.2,302.2,14.5,D,0
-15.676,143.8602,346.7,1,1,2014-12-27,0045,Terra,MODIS,93,6.2,304.4,38.3,D,0
-15.6774,143.8695,351.3,1,1,2014-12-27,0045,Terra,MODIS,95,6.2,305.3,47.7,D,0
-15.6836,143.8496,328.7,1,1,2014-12-27,0045,Terra,MODIS,41,6.2,303.2,10.7,D,0
-15.685,143.8589,337.8,1,1,2014-12-27,0045,Terra,MODIS,86,6.2,303.3,23.8,D,0
-15.6863,143.8681,356,1,1,2014-12-27,0045,Terra,MODIS,98,6.2,301.8,59.8,D,0
-15.7106,143.8455,328.4,1,1,2014-12-27,0045,Terra,MODIS,40,6.2,300.5,11.1,D,0
-15.71,143.7793,338.4,1,1,2014-12-27,0045,Terra,MODIS,87,6.2,306.3,23.5,D,0
-15.5934,143.4275,322.6,1,1,2014-12-27,0045,Terra,MODIS,60,6.2,297.4,9.3,D,0
-15.5934,143.7373,323.8,1,1,2014-12-27,0045,Terra,MODIS,51,6.2,298.9,8.9,D,0
-15.5948,143.7466,325.6,1,1,2014-12-27,0045,Terra,MODIS,67,6.2,296.8,11,D,0
-15.5611,143.458,322.1,1,1,2014-12-27,0045,Terra,MODIS,37,6.2,299.1,7.5,D,0
-15.5521,143.4594,327.2,1,1,2014-12-27,0045,Terra,MODIS,55,6.2,300.5,12.6,D,0
-15.6019,143.9822,336.4,1,1,2014-12-27,0045,Terra,MODIS,46,6.2,304.2,22.2,D,0
-15.6109,143.9808,333.9,1,1,2014-12-27,0045,Terra,MODIS,45,6.2,300.7,19.6,D,0
-15.557,143.5535,326.9,1,1,2014-12-27,0045,Terra,MODIS,43,6.2,304.1,12.3,D,0
-15.7176,143.7686,333,1,1,2014-12-27,0045,Terra,MODIS,71,6.2,302.9,15.3,D,0
-15.735,143.7599,351.7,1,1,2014-12-27,0045,Terra,MODIS,95,6.2,302.1,52,D,0
-15.7363,143.7692,348.5,1,1,2014-12-27,0045,Terra,MODIS,94,6.2,304.1,45,D,0
-13.6106,143.473,324.9,1,1,2014-12-27,0045,Terra,MODIS,58,6.2,301.2,12.1,D,0
-15.5701,142.9047,323.7,1,1,2014-12-27,0045,Terra,MODIS,57,6.2,293.4,10.7,D,0
-15.5307,143.5007,330.2,1,1,2014-12-27,0045,Terra,MODIS,60,6.2,302.9,16.4,D,0
-14.1543,143.3514,319.1,1,1,2014-12-27,0045,Terra,MODIS,49,6.2,294.9,9.3,D,0
-15.5928,143.4846,339.3,1,1,2014-12-27,0045,Terra,MODIS,76,6.2,302.6,28.6,D,0
-12.1252,142.671,327.7,1.1,1,2014-12-27,0045,Terra,MODIS,76,6.2,303.3,15.2,D,0
-12.1174,142.6824,328.2,1.1,1,2014-12-27,0045,Terra,MODIS,60,6.2,302.2,15.5,D,0
-12.1189,142.6923,331.7,1.1,1,2014-12-27,0045,Terra,MODIS,79,6.2,302.5,20.4,D,0
-12.1267,142.6809,325.6,1.1,1,2014-12-27,0045,Terra,MODIS,37,6.2,303,12.2,D,0
-15.5942,143.4939,341.4,1,1,2014-12-27,0045,Terra,MODIS,84,6.2,304.8,32.5,D,0
-18.4746,143.9341,327.9,1,1,2014-12-27,0046,Terra,MODIS,52,6.2,300.1,13,D,0
-16.6312,143.784,347,1,1,2014-12-27,0046,Terra,MODIS,92,6.2,303.5,39.5,D,0
-16.6306,143.7174,331.5,1,1,2014-12-27,0046,Terra,MODIS,76,6.2,303.8,16,D,0
-17.1761,144.8966,327.1,1.1,1,2014-12-27,0046,Terra,MODIS,51,6.2,305.6,14,D,0
-16.3079,144.6622,323.9,1,1,2014-12-27,0046,Terra,MODIS,61,6.2,296.5,11.4,D,0
-16.6178,143.504,326,1,1,2014-12-27,0046,Terra,MODIS,29,6.2,300,8.8,D,0
-16.6192,143.5133,337.7,1,1,2014-12-27,0046,Terra,MODIS,84,6.2,304.9,24.4,D,0
-18.2177,140.6194,347.7,1.2,1.1,2014-12-27,0046,Terra,MODIS,92,6.2,304.7,48.4,D,0
-18.2194,140.6304,339.1,1.2,1.1,2014-12-27,0046,Terra,MODIS,84,6.2,302.2,31.2,D,0
-18.2273,140.6178,333.9,1.2,1.1,2014-12-27,0046,Terra,MODIS,73,6.2,305,19.4,D,0
-17.1222,144.8997,340.2,1.1,1,2014-12-27,0046,Terra,MODIS,86,6.2,303.3,36.4,D,0
-17.5091,144.5825,335.8,1,1,2014-12-27,0046,Terra,MODIS,82,6.2,309.3,19.1,D,0
-16.6563,143.6408,328.6,1,1,2014-12-27,0046,Terra,MODIS,19,6.2,305.4,10.6,D,0
-17.9877,145.5687,321.9,1.1,1.1,2014-12-27,0046,Terra,MODIS,57,6.2,296.4,17.1,D,0
-17.1774,144.9065,328.8,1.1,1,2014-12-27,0046,Terra,MODIS,64,6.2,308.3,16.1,D,0
-17.1314,144.8985,360.4,1.1,1,2014-12-27,0046,Terra,MODIS,100,6.2,304.3,81.9,D,0
-15.7053,143.2517,335.5,1,1,2014-12-27,0046,Terra,MODIS,81,6.2,301.6,21.9,D,0
-17.1448,144.9269,333.2,1.1,1,2014-12-27,0046,Terra,MODIS,70,6.2,304.9,19.4,D,0
-18.1011,145.6278,327.4,1.1,1.1,2014-12-27,0046,Terra,MODIS,53,6.2,300.1,22,D,0
-18.1107,145.6267,329.8,1.1,1.1,2014-12-27,0046,Terra,MODIS,70,6.2,301.7,26.2,D,0
-16.6964,145.2073,324.8,1.1,1,2014-12-27,0046,Terra,MODIS,32,6.2,304.6,11.2,D,0
-15.9286,143.4519,328.8,1,1,2014-12-27,0046,Terra,MODIS,45,6.2,304.7,10.5,D,0
-16.6292,143.7081,331.8,1,1,2014-12-27,0046,Terra,MODIS,77,6.2,302.8,15.9,D,0
-16.695,145.1973,328.9,1.1,1,2014-12-27,0046,Terra,MODIS,61,6.2,303.6,16.6,D,0
-16.6474,143.6422,335.1,1,1,2014-12-27,0046,Terra,MODIS,75,6.2,305.4,19.4,D,0
-18.4733,143.9245,327,1,1,2014-12-27,0046,Terra,MODIS,59,6.2,302.2,13,D,0
-18.1122,145.6375,320.9,1.1,1.1,2014-12-27,0046,Terra,MODIS,36,6.2,300.4,14.7,D,0
-18.0984,145.6344,320.4,1.1,1.1,2014-12-27,0046,Terra,MODIS,32,6.2,298.6,14.9,D,0
-19.7064,146.9518,331.7,1.4,1.2,2014-12-27,0046,Terra,MODIS,77,6.2,293.7,44.8,D,0
-16.6575,143.774,326.4,1,1,2014-12-27,0046,Terra,MODIS,17,6.2,301.6,8.4,D,0
-18.4239,143.9029,340.4,1,1,2014-12-27,0046,Terra,MODIS,85,6.2,303.7,31.2,D,0
-18.4788,143.9628,328.8,1,1,2014-12-27,0046,Terra,MODIS,54,6.2,300,13.3,D,0
-22.2812,148.7083,321.8,2.1,1.4,2014-12-27,0047,Terra,MODIS,33,6.2,295.4,30.1,D,0
-25.628,151.8938,313,3.8,1.8,2014-12-27,0048,Terra,MODIS,45,6.2,291.2,46.1,D,0
-37.907,145.237,313.8,1.9,1.3,2014-12-27,0051,Terra,MODIS,43,6.2,299.3,11.1,D,0
-37.9456,145.0722,316.1,1.9,1.3,2014-12-27,0051,Terra,MODIS,61,6.2,301.1,13.4,D,0
-37.6522,144.9581,318.8,1.8,1.3,2014-12-27,0051,Terra,MODIS,25,6.2,303.6,10.8,D,0
-37.7098,144.8607,317.7,1.8,1.3,2014-12-27,0051,Terra,MODIS,57,6.2,303.3,9.8,D,0
-21.8091,116.1885,347.1,1,1,2014-12-27,0226,Terra,MODIS,76,6.2,317.3,31.7,D,0
-21.8259,116.1751,350.6,1.1,1,2014-12-27,0226,Terra,MODIS,90,6.2,321.9,37.6,D,0
-21.8275,116.1852,344.5,1,1,2014-12-27,0226,Terra,MODIS,49,6.2,319.8,24.7,D,0
-21.8335,116.1634,364.6,1.1,1,2014-12-27,0226,Terra,MODIS,100,6.2,316.1,77.1,D,0
-21.8351,116.1736,439.1,1.1,1,2014-12-27,0226,Terra,MODIS,100,6.2,326.8,594.6,D,0
-21.8367,116.1836,343.3,1,1,2014-12-27,0226,Terra,MODIS,59,6.2,316.8,23.8,D,0
-22.473,120.4121,332.7,1.2,1.1,2014-12-27,0226,Terra,MODIS,59,6.2,316.8,16.6,D,0
-22.4724,120.4182,333.9,1.2,1.1,2014-12-27,0226,Terra,MODIS,71,6.2,316.7,19.6,D,0
-28.6968,123.0265,344.9,2.1,1.4,2014-12-27,0228,Terra,MODIS,80,6.2,312.1,104.4,D,0
-28.699,123.0486,345.7,2.1,1.4,2014-12-27,0228,Terra,MODIS,69,6.2,317.6,104.2,D,0
-28.6976,123.0421,347.3,2.1,1.4,2014-12-27,0228,Terra,MODIS,91,6.2,316.8,121.8,D,0
-28.6996,123.0642,330.4,2.1,1.4,2014-12-27,0228,Terra,MODIS,45,6.2,314.4,35.8,D,0
-28.7016,123.0864,332.8,2.2,1.4,2014-12-27,0228,Terra,MODIS,73,6.2,313.6,45.9,D,0
-28.7104,123.0405,389.3,2.1,1.4,2014-12-27,0228,Terra,MODIS,100,6.2,313.5,541.7,D,0
-28.7125,123.0626,336.9,2.1,1.4,2014-12-27,0228,Terra,MODIS,65,6.2,310.6,62.1,D,0
-28.7084,123.0185,345.1,2.1,1.4,2014-12-27,0228,Terra,MODIS,89,6.2,306.1,111.6,D,0
-32.0698,115.9098,327.2,1,1,2014-12-27,0229,Terra,MODIS,25,6.2,309.4,6.8,D,0
-25.7511,152.6043,324.3,1.1,1.1,2014-12-27,0331,Aqua,MODIS,77,6.2,300.4,15.8,D,0
-23.7606,150.3346,325.3,1.4,1.2,2014-12-27,0331,Aqua,MODIS,69,6.2,305.6,18.3,D,0
-23.7622,150.3208,323.3,1.4,1.2,2014-12-27,0331,Aqua,MODIS,60,6.2,303.8,15,D,0
-23.7569,150.3277,330.4,1.4,1.2,2014-12-27,0331,Aqua,MODIS,80,6.2,306.3,28.4,D,0
-25.716,152.4937,315.2,1.2,1.1,2014-12-27,0331,Aqua,MODIS,59,6.2,293.6,11.6,D,0
-23.8666,150.4842,322,1.4,1.2,2014-12-27,0331,Aqua,MODIS,41,6.2,298.7,15.3,D,0
-23.8527,150.5113,328.9,1.4,1.2,2014-12-27,0331,Aqua,MODIS,54,6.2,297.5,27.4,D,0
-23.8421,150.5098,326.7,1.4,1.2,2014-12-27,0331,Aqua,MODIS,44,6.2,302,21.7,D,0
-23.9495,151.0635,325.7,1.3,1.1,2014-12-27,0331,Aqua,MODIS,75,6.2,305,14.6,D,0
-23.9429,151.0571,332.2,1.3,1.1,2014-12-27,0331,Aqua,MODIS,83,6.2,304.5,25.9,D,0
-21.8935,149.2129,323.9,1.6,1.3,2014-12-27,0332,Aqua,MODIS,54,6.2,298.4,28.3,D,0
-22.2805,148.7129,320.9,1.8,1.3,2014-12-27,0332,Aqua,MODIS,42,6.2,291.9,20.8,D,0
-22.6974,149.4504,322.1,1.6,1.2,2014-12-27,0332,Aqua,MODIS,49,6.2,293.1,26.6,D,0
-22.6721,149.3792,330.3,1.6,1.2,2014-12-27,0332,Aqua,MODIS,79,6.2,299.8,35.7,D,0
-22.4913,149.5597,323.4,1.6,1.2,2014-12-27,0332,Aqua,MODIS,48,6.2,300.8,15.5,D,0
-22.4911,149.5648,323.4,1.6,1.2,2014-12-27,0332,Aqua,MODIS,62,6.2,300.6,17.3,D,0
-21.7648,149.2457,324,1.6,1.2,2014-12-27,0332,Aqua,MODIS,68,6.2,301.9,27.7,D,0
-17.9969,145.5486,326.8,2.7,1.6,2014-12-27,0333,Aqua,MODIS,78,6.2,296.8,78.7,D,0
-18.1223,145.6159,323,2.6,1.6,2014-12-27,0333,Aqua,MODIS,58,6.2,293.4,56.9,D,0
-18.1133,145.6225,335.1,2.6,1.6,2014-12-27,0333,Aqua,MODIS,85,6.2,293,119.1,D,0
-18.3859,144.0041,328.3,3.5,1.8,2014-12-27,0333,Aqua,MODIS,67,6.2,301.3,63.5,D,0
-18.3946,144.009,338.7,3.5,1.8,2014-12-27,0333,Aqua,MODIS,88,6.2,300.8,161.2,D,0
-16.6609,143.7977,325,3.4,1.7,2014-12-27,0333,Aqua,MODIS,42,6.2,293.5,67.9,D,0
-18.1082,145.6145,329.6,2.6,1.6,2014-12-27,0333,Aqua,MODIS,73,6.2,292.8,86.7,D,0
-19.7092,146.9501,326.7,2.2,1.4,2014-12-27,0333,Aqua,MODIS,53,6.2,301.2,38.9,D,0
-15.0706,144.0191,315.9,3.2,1.7,2014-12-27,0334,Aqua,MODIS,38,6.2,292.5,43.3,D,0
-15.653,143.2473,322.4,3.7,1.8,2014-12-27,0334,Aqua,MODIS,50,6.2,293.2,71.9,D,0
-15.6608,143.2557,320.7,3.7,1.8,2014-12-27,0334,Aqua,MODIS,67,6.2,293.2,67.3,D,0
-15.7131,143.2263,314.2,3.7,1.8,2014-12-27,0334,Aqua,MODIS,0,6.2,286.7,36,D,0
-15.714,143.7649,329,3.4,1.7,2014-12-27,0334,Aqua,MODIS,75,6.2,295.1,110.1,D,0
-15.7296,143.7667,328,3.4,1.7,2014-12-27,0334,Aqua,MODIS,57,6.2,296,102.4,D,0
-15.3157,143.8207,316.3,3.3,1.7,2014-12-27,0334,Aqua,MODIS,37,6.2,291.5,53,D,0
-15.3202,143.8169,315.3,3.3,1.7,2014-12-27,0334,Aqua,MODIS,40,6.2,291.3,46.6,D,0
-14.9718,145.2761,319.3,2.5,1.5,2014-12-27,0334,Aqua,MODIS,57,6.2,295.7,40.2,D,0
-14.9777,145.2816,320.2,2.5,1.5,2014-12-27,0334,Aqua,MODIS,0,6.2,296.5,41.9,D,0
-15.2575,144.6482,331.7,2.8,1.6,2014-12-27,0334,Aqua,MODIS,83,6.2,297.8,92,D,0
-15.6823,143.9179,331.7,3.3,1.7,2014-12-27,0334,Aqua,MODIS,67,6.2,295.4,113.8,D,0
-15.6712,143.9124,333.6,3.3,1.7,2014-12-27,0334,Aqua,MODIS,64,6.2,296.2,136.6,D,0
-15.5357,143.502,316.6,3.5,1.8,2014-12-27,0334,Aqua,MODIS,38,6.2,292.1,43.1,D,0
-15.5725,143.5448,333.3,3.5,1.8,2014-12-27,0334,Aqua,MODIS,84,6.2,293.7,151.3,D,0
-28.7144,123.0597,334.8,2.5,1.5,2014-12-27,0509,Aqua,MODIS,47,6.2,316.1,51.8,D,0
-28.7166,123.0339,336.2,2.5,1.5,2014-12-27,0509,Aqua,MODIS,34,6.2,316.2,62.7,D,0
-28.7091,123.0544,337.7,2.5,1.5,2014-12-27,0509,Aqua,MODIS,62,6.2,317.8,69.1,D,0
-28.7114,123.0286,338,2.5,1.5,2014-12-27,0509,Aqua,MODIS,59,6.2,317.8,75.5,D,0
-28.7048,123.0065,361,2.5,1.5,2014-12-27,0509,Aqua,MODIS,100,6.2,314,264.6,D,0
-28.7137,123.0027,334,2.5,1.5,2014-12-27,0509,Aqua,MODIS,24,6.2,313.7,54.4,D,0
-22.2468,130.1943,336.6,1,1,2014-12-27,0510,Aqua,MODIS,24,6.2,321,11.2,D,0
-22.2572,130.1861,337.2,1,1,2014-12-27,0510,Aqua,MODIS,59,6.2,321.9,12.1,D,0
-22.2226,130.1702,337.9,1,1,2014-12-27,0511,Aqua,MODIS,66,6.2,319.4,14,D,0
-22.2255,130.1507,340.3,1,1,2014-12-27,0511,Aqua,MODIS,76,6.2,322.4,16.7,D,0
-22.0182,130.1269,338.1,1,1,2014-12-27,0511,Aqua,MODIS,77,6.2,322.3,15.2,D,0
-22.224,130.1605,343.5,1,1,2014-12-27,0511,Aqua,MODIS,85,6.2,321.8,23.7,D,0
-22.4718,120.4016,332.3,3.3,1.7,2014-12-27,0511,Aqua,MODIS,60,6.2,316.5,64.2,D,0
-18.6251,126.3743,333.5,1.1,1.1,2014-12-27,0512,Aqua,MODIS,66,6.2,312.6,17.2,D,0
-35.5988,143.7435,304.3,1.8,1.3,2014-12-27,1253,Terra,MODIS,38,6.2,284.8,17,N,0
-35.6006,143.7239,307.5,1.8,1.3,2014-12-27,1253,Terra,MODIS,72,6.2,284.5,22.1,N,0
-35.5888,143.7223,304.4,1.8,1.3,2014-12-27,1253,Terra,MODIS,28,6.2,284.3,17.1,N,0
-35.5947,143.7288,324.5,1.8,1.3,2014-12-27,1253,Terra,MODIS,96,6.2,285.3,52.9,N,0
-25.206,151.7401,302,1.4,1.2,2014-12-27,1256,Terra,MODIS,46,6.2,290.4,6.7,N,0
-22.8966,148.1444,305.4,1,1,2014-12-27,1256,Terra,MODIS,61,6.2,293.8,4.9,N,0
-24.7579,151.1248,300,1.3,1.1,2014-12-27,1256,Terra,MODIS,13,6.2,290,4.5,N,0
-25.6752,152.4818,301.7,1.6,1.2,2014-12-27,1256,Terra,MODIS,37,6.2,288.3,7.9,N,0
-22.7475,149.3914,304.5,1.2,1.1,2014-12-27,1256,Terra,MODIS,57,6.2,293.2,5.5,N,0
-22.6961,149.4632,306.1,1.2,1.1,2014-12-27,1256,Terra,MODIS,45,6.2,292.6,6.9,N,0
-22.6946,149.4563,306.1,1.2,1.1,2014-12-27,1256,Terra,MODIS,65,6.2,292.5,7.3,N,0
-22.6669,149.3803,306.8,1.2,1.1,2014-12-27,1256,Terra,MODIS,67,6.2,292.4,7.8,N,0
-25.2085,151.7259,302.5,1.4,1.2,2014-12-27,1256,Terra,MODIS,50,6.2,290.4,6.9,N,0
-21.8679,149.1872,334.8,1.2,1.1,2014-12-27,1257,Terra,MODIS,100,6.2,294.7,42.8,N,0
-21.8697,149.176,319.5,1.2,1.1,2014-12-27,1257,Terra,MODIS,99,6.2,293.5,19.5,N,0
-21.8369,146.1318,306.1,1,1,2014-12-27,1257,Terra,MODIS,67,6.2,295.8,3.7,N,0
-20.9167,144.733,308.2,1.1,1,2014-12-27,1257,Terra,MODIS,74,6.2,295.6,5.5,N,0
-21.3417,149.018,306.1,1.2,1.1,2014-12-27,1257,Terra,MODIS,67,6.2,293.5,7.5,N,0
-19.7443,146.8099,312.4,1,1,2014-12-27,1257,Terra,MODIS,83,6.2,295.2,9.8,N,0
-21.8662,149.1983,306.6,1.2,1.1,2014-12-27,1257,Terra,MODIS,58,6.2,293.6,7.9,N,0
-21.8811,149.1666,316.6,1.2,1.1,2014-12-27,1257,Terra,MODIS,93,6.2,293.5,17.3,N,0
-21.8794,149.1778,328.8,1.2,1.1,2014-12-27,1257,Terra,MODIS,100,6.2,294.2,32.2,N,0
-21.8934,149.2143,305.3,1.2,1.1,2014-12-27,1257,Terra,MODIS,61,6.2,293.6,7.4,N,0
-21.8952,149.2034,306.1,1.2,1.1,2014-12-27,1257,Terra,MODIS,54,6.2,292.4,7.5,N,0
-21.8776,149.189,311.2,1.2,1.1,2014-12-27,1257,Terra,MODIS,43,6.2,292.1,10.7,N,0
-17.9642,145.5084,323.6,1,1,2014-12-27,1258,Terra,MODIS,100,6.2,291.9,20.7,N,0
-18.446,144.0023,310.1,1.1,1,2014-12-27,1258,Terra,MODIS,52,6.2,295.3,6.1,N,0
-17.1546,144.9268,304.8,1,1,2014-12-27,1258,Terra,MODIS,51,6.2,291.1,5,N,0
-17.9552,145.507,310.5,1,1,2014-12-27,1258,Terra,MODIS,80,6.2,291.5,8.8,N,0
-16.0155,145.1825,305.2,1,1,2014-12-27,1258,Terra,MODIS,27,6.2,291,5.3,N,0
-18.4727,143.9441,310.4,1.1,1,2014-12-27,1258,Terra,MODIS,37,6.2,294.6,7.5,N,0
-17.9628,145.5178,307.5,1,1,2014-12-27,1258,Terra,MODIS,72,6.2,291.2,7.3,N,0
-17.1238,144.8838,304.1,1,1,2014-12-27,1258,Terra,MODIS,44,6.2,289.7,4.6,N,0
-17.798,144.1179,311.3,1.1,1,2014-12-27,1258,Terra,MODIS,76,6.2,292.2,7.8,N,0
-17.1225,144.8932,310.6,1,1,2014-12-27,1258,Terra,MODIS,80,6.2,290.2,9.3,N,0
-17.9871,145.5409,301.8,1,1,2014-12-27,1258,Terra,MODIS,36,6.2,290.9,4,N,0
-17.7166,145.3739,303.8,1,1,2014-12-27,1258,Terra,MODIS,25,6.2,291.1,4.3,N,0
-17.705,145.3913,311.2,1,1,2014-12-27,1258,Terra,MODIS,22,6.2,291.1,8.3,N,0
-18.466,143.995,307.7,1.1,1,2014-12-27,1258,Terra,MODIS,24,6.2,295.2,4.2,N,0
-18.4807,143.9556,318.7,1.1,1,2014-12-27,1258,Terra,MODIS,97,6.2,293.2,14.8,N,0
-18.4848,143.925,308.5,1.1,1,2014-12-27,1258,Terra,MODIS,37,6.2,293.3,7.9,N,0
-17.6946,145.3993,307.1,1,1,2014-12-27,1258,Terra,MODIS,20,6.2,291,5.9,N,0
-18.4767,143.9861,312.5,1.1,1,2014-12-27,1258,Terra,MODIS,67,6.2,295.5,7.8,N,0
-18.1041,145.6229,312.4,1,1,2014-12-27,1258,Terra,MODIS,58,6.2,292.5,10.7,N,0
-18.3994,144.0202,311.2,1.1,1,2014-12-27,1258,Terra,MODIS,80,6.2,295.6,7.4,N,0
-18.3928,143.9988,313.9,1.1,1,2014-12-27,1258,Terra,MODIS,87,6.2,295.6,10.1,N,0
-18.4008,144.0102,318.3,1.1,1,2014-12-27,1258,Terra,MODIS,96,6.2,295.8,14,N,0
-17.9948,145.5517,311.1,1,1,2014-12-27,1258,Terra,MODIS,82,6.2,291.8,9.2,N,0
-17.7153,145.3833,308.8,1,1,2014-12-27,1258,Terra,MODIS,51,6.2,291.4,7.2,N,0
-17.7545,145.2358,302,1,1,2014-12-27,1258,Terra,MODIS,46,6.2,291.7,3.9,N,0
-17.9961,145.5423,313.9,1,1,2014-12-27,1258,Terra,MODIS,88,6.2,291.6,11.4,N,0
-16.9304,143.4174,307.5,1.1,1,2014-12-27,1258,Terra,MODIS,29,6.2,288.5,9.1,N,0
-17.9539,145.5164,304.2,1,1,2014-12-27,1258,Terra,MODIS,49,6.2,291,4.9,N,0
-16.0232,145.1931,303.7,1,1,2014-12-27,1258,Terra,MODIS,6,6.2,289.9,5,N,0
-16.6674,144.9931,312.2,1,1,2014-12-27,1258,Terra,MODIS,84,6.2,291.6,9.5,N,0
-17.9844,145.5596,302.4,1,1,2014-12-27,1258,Terra,MODIS,44,6.2,291.3,4.3,N,0
-17.9655,145.499,344,1,1,2014-12-27,1258,Terra,MODIS,100,6.2,292.8,49.8,N,0
-16.6687,144.9838,311.7,1,1,2014-12-27,1258,Terra,MODIS,83,6.2,291.6,9.1,N,0
-17.9858,145.5503,303.2,1,1,2014-12-27,1258,Terra,MODIS,54,6.2,291.1,4.9,N,0
-18.4753,143.9962,316.4,1.1,1,2014-12-27,1258,Terra,MODIS,93,6.2,295.7,11.6,N,0
-13.321,142.6097,309.2,1.1,1,2014-12-27,1259,Terra,MODIS,73,6.2,293.4,8.4,N,0
-15.3407,143.7696,314.1,1,1,2014-12-27,1259,Terra,MODIS,88,6.2,294,10.4,N,0
-15.3421,143.7599,320.9,1,1,2014-12-27,1259,Terra,MODIS,100,6.2,294.1,17.3,N,0
-15.3316,143.7682,312.7,1,1,2014-12-27,1259,Terra,MODIS,85,6.2,293.6,9.6,N,0
-15.3329,143.7586,314.7,1,1,2014-12-27,1259,Terra,MODIS,90,6.2,293.3,11.7,N,0
-15.0641,144.038,306.8,1,1,2014-12-27,1259,Terra,MODIS,66,6.2,293.4,4.5,N,0
-15.6852,144.3957,306.9,1,1,2014-12-27,1259,Terra,MODIS,63,6.2,292.7,5,N,0
-15.6749,144.4037,306.3,1,1,2014-12-27,1259,Terra,MODIS,45,6.2,293,4.1,N,0
-15.6947,143.8666,306.1,1,1,2014-12-27,1259,Terra,MODIS,57,6.2,292.4,3.8,N,0
-15.7434,143.8402,319.1,1,1,2014-12-27,1259,Terra,MODIS,71,6.2,292.4,13.3,N,0
-15.7513,143.7819,310.1,1,1,2014-12-27,1259,Terra,MODIS,59,6.2,292.3,6.4,N,0
-15.4904,143.7448,335.1,1,1,2014-12-27,1259,Terra,MODIS,100,6.2,294.1,35.6,N,0
-15.4799,143.7531,310,1,1,2014-12-27,1259,Terra,MODIS,64,6.2,292.8,6.9,N,0
-15.7081,143.7696,305.8,1,1,2014-12-27,1259,Terra,MODIS,40,6.2,291.4,3.9,N,0
-15.7095,143.7599,310.4,1,1,2014-12-27,1259,Terra,MODIS,80,6.2,291.8,7.5,N,0
-15.7108,143.7501,309.8,1,1,2014-12-27,1259,Terra,MODIS,78,6.2,291.3,6.9,N,0
-15.7185,143.7472,308.8,1,1,2014-12-27,1259,Terra,MODIS,69,6.2,291.3,5.8,N,0
-15.304,143.8329,311.2,1,1,2014-12-27,1259,Terra,MODIS,82,6.2,294.1,7.5,N,0
-14.9461,145.265,305.6,1,1,2014-12-27,1259,Terra,MODIS,58,6.2,292.5,4.6,N,0
-14.9695,145.2935,304.6,1,1,2014-12-27,1259,Terra,MODIS,39,6.2,292.2,4.2,N,0
-15.6988,143.8927,320.6,1,1,2014-12-27,1259,Terra,MODIS,100,6.2,293.6,15.5,N,0
-15.7001,143.8831,314.2,1,1,2014-12-27,1259,Terra,MODIS,89,6.2,292.6,9.3,N,0
-15.6907,143.8955,326.1,1,1,2014-12-27,1259,Terra,MODIS,100,6.2,293.8,21.7,N,0
-15.6921,143.8858,325.9,1,1,2014-12-27,1259,Terra,MODIS,100,6.2,293.4,21.2,N,0
-13.6756,143.1218,309.5,1.1,1,2014-12-27,1259,Terra,MODIS,74,6.2,294.5,7.9,N,0
-13.3223,142.5995,317.9,1.1,1,2014-12-27,1259,Terra,MODIS,95,6.2,293.9,16.3,N,0
-12.6149,141.9352,305.1,1.2,1.1,2014-12-27,1259,Terra,MODIS,50,6.2,294,4.4,N,0
-28.7034,123.093,302.8,1,1,2014-12-27,1434,Terra,MODIS,51,6.2,292.1,5.1,N,0
-21.8562,116.215,315.6,1.8,1.3,2014-12-27,1436,Terra,MODIS,90,6.2,298.8,21.9,N,0
-21.8624,116.222,318.7,1.8,1.3,2014-12-27,1436,Terra,MODIS,97,6.2,299,28.1,N,0
-21.8542,116.2323,308.7,1.8,1.3,2014-12-27,1436,Terra,MODIS,23,6.2,298.6,9.4,N,0
-13.3178,142.6029,301.4,1.1,1,2014-12-27,1603,Aqua,MODIS,39,6.2,291.1,3.7,N,0
-15.3412,143.7679,304.6,1.3,1.1,2014-12-27,1603,Aqua,MODIS,61,6.2,292.4,5.4,N,0
-13.6755,143.1222,305.6,1.1,1.1,2014-12-27,1603,Aqua,MODIS,64,6.2,293.6,6.4,N,0
-16.0159,145.1895,301.1,1.6,1.2,2014-12-27,1604,Aqua,MODIS,37,6.2,288.9,7.2,N,0
-17.9709,145.5033,300.6,1.8,1.3,2014-12-27,1604,Aqua,MODIS,11,6.2,290,8.1,N,0
-17.9611,145.5212,310.6,1.8,1.3,2014-12-27,1604,Aqua,MODIS,80,6.2,290.7,21.7,N,0
-17.9592,145.5048,315.4,1.8,1.3,2014-12-27,1604,Aqua,MODIS,91,6.2,290.8,30.5,N,0
-17.9493,145.5226,303.4,1.8,1.3,2014-12-27,1604,Aqua,MODIS,55,6.2,290.1,12,N,0
-16.0178,145.2043,302,1.6,1.2,2014-12-27,1604,Aqua,MODIS,46,6.2,289,8.2,N,0
-15.7296,143.8561,307.9,1.3,1.1,2014-12-27,1604,Aqua,MODIS,48,6.2,291.6,7.6,N,0
-15.7312,143.868,305.6,1.3,1.1,2014-12-27,1604,Aqua,MODIS,8,6.2,291.4,5.6,N,0
-15.7397,143.8547,307.6,1.3,1.1,2014-12-27,1604,Aqua,MODIS,33,6.2,291.7,7.4,N,0
-18.4029,144.0021,303,1.4,1.2,2014-12-27,1604,Aqua,MODIS,40,6.2,289.5,5.3,N,0
-18.3922,144.0034,307.3,1.4,1.2,2014-12-27,1604,Aqua,MODIS,71,6.2,291.1,9.9,N,0
-15.6847,143.8934,309.5,1.3,1.1,2014-12-27,1604,Aqua,MODIS,76,6.2,291.5,9.2,N,0
-15.6939,143.8976,311,1.3,1.1,2014-12-27,1604,Aqua,MODIS,71,6.2,291.6,10.7,N,0
-18.6068,145.901,304.5,1.9,1.4,2014-12-27,1604,Aqua,MODIS,60,6.2,292,13.4,N,0
-21.8743,149.1934,307.8,3.8,1.8,2014-12-27,1605,Aqua,MODIS,73,6.2,290.4,56.7,N,0
-21.8637,149.1875,303,3.8,1.8,2014-12-27,1605,Aqua,MODIS,49,6.2,289.7,34.5,N,0
-21.8801,149.1858,301.7,3.8,1.8,2014-12-27,1605,Aqua,MODIS,21,6.2,290.1,29.7,N,0
-33.0055,137.583,300.1,1,1,2014-12-27,1608,Aqua,MODIS,18,6.2,289.6,5.1,N,2
-35.5931,143.7359,312.4,2.3,1.5,2014-12-27,1609,Aqua,MODIS,85,6.2,282.9,48.5,N,0
-22.6987,149.4666,323.3,2.1,1.4,2014-12-27,2352,Terra,MODIS,51,6.2,297.5,28.9,D,0
-35.5952,143.7245,325.1,2.5,1.5,2014-12-27,2356,Terra,MODIS,54,6.2,312.8,24.7,D,0
-12.8883,143.4577,310.5,4,1.9,2014-12-28,0128,Terra,MODIS,0,6.2,289.2,42.7,D,0
-28.7098,123.0828,346.9,2,1.4,2014-12-28,0133,Terra,MODIS,90,6.2,315.7,96.2,D,0
-28.7142,123.0393,337.2,2,1.4,2014-12-28,0133,Terra,MODIS,79,6.2,313.3,56.4,D,0
-28.7182,123.0596,337.8,2,1.4,2014-12-28,0133,Terra,MODIS,72,6.2,313.8,55,D,0
-28.7109,123.0756,339.8,2,1.4,2014-12-28,0133,Terra,MODIS,83,6.2,314.6,61.6,D,0
-28.715,123.0956,333,2,1.4,2014-12-28,0133,Terra,MODIS,60,6.2,314.8,31.8,D,0
-28.7151,123.0322,335.8,2,1.4,2014-12-28,0133,Terra,MODIS,78,6.2,312.9,52.5,D,0
-28.7192,123.0524,336.8,2,1.4,2014-12-28,0133,Terra,MODIS,70,6.2,313.3,52.7,D,0
-28.7103,123.019,327.1,2,1.4,2014-12-28,0133,Terra,MODIS,35,6.2,313.8,20.2,D,0
-21.8438,116.2095,332.8,3.4,1.7,2014-12-28,0309,Terra,MODIS,48,6.2,317.2,64,D,0
-21.8699,116.2022,329.5,3.4,1.7,2014-12-28,0309,Terra,MODIS,39,6.2,312.8,47.3,D,0
-21.8672,116.17,339.7,3.4,1.7,2014-12-28,0309,Terra,MODIS,81,6.2,314.9,128.1,D,0
-21.8595,116.2083,358.9,3.4,1.7,2014-12-28,0309,Terra,MODIS,99,6.2,313.1,362.7,D,0
-21.8566,116.1759,366.9,3.4,1.7,2014-12-28,0309,Terra,MODIS,100,6.2,318.3,489.5,D,0
-35.6009,143.728,347,1.2,1.1,2014-12-28,0411,Aqua,MODIS,89,6.2,326.5,39.1,D,0
-22.2826,149.3916,321.6,1.9,1.3,2014-12-28,0415,Aqua,MODIS,62,6.2,298.5,20.1,D,0
-22.7361,149.4032,322.8,1.8,1.3,2014-12-28,0415,Aqua,MODIS,52,6.2,296.4,19.3,D,0
-17.7275,145.3864,345.2,1.2,1.1,2014-12-28,0416,Aqua,MODIS,79,6.2,296.8,52.4,D,0
-16.4917,144.6485,328.5,1.2,1.1,2014-12-28,0416,Aqua,MODIS,36,6.2,297.7,13.1,D,0
-16.5013,144.6501,327.7,1.2,1.1,2014-12-28,0416,Aqua,MODIS,20,6.2,296.2,13.3,D,0
-17.9517,145.5283,346.6,1.2,1.1,2014-12-28,0416,Aqua,MODIS,92,6.2,296.7,58.5,D,0
-17.9994,145.5483,347,1.2,1.1,2014-12-28,0416,Aqua,MODIS,92,6.2,294.8,62.6,D,0
-17.9634,145.5186,337.2,1.2,1.1,2014-12-28,0416,Aqua,MODIS,74,6.2,295.3,36.9,D,0
-18.1097,145.6221,335.7,1.2,1.1,2014-12-28,0416,Aqua,MODIS,72,6.2,301.7,34.8,D,0
-18.0012,145.5368,334.8,1.2,1.1,2014-12-28,0416,Aqua,MODIS,80,6.2,292.1,32.6,D,0
-17.9752,145.5088,338.2,1.2,1.1,2014-12-28,0416,Aqua,MODIS,74,6.2,294.3,42.1,D,0
-16.6687,145.2822,329.3,1.2,1.1,2014-12-28,0416,Aqua,MODIS,54,6.2,302.6,19.4,D,0
-17.9913,145.5348,333.1,1.2,1.1,2014-12-28,0416,Aqua,MODIS,75,6.2,293.4,28.8,D,0
-17.7256,145.398,327.9,1.2,1.1,2014-12-28,0416,Aqua,MODIS,42,6.2,301.6,16.9,D,0
-16.525,144.7044,336.4,1.2,1.1,2014-12-28,0416,Aqua,MODIS,83,6.2,307,24.6,D,0
-18.6108,145.8843,331.1,1.3,1.1,2014-12-28,0416,Aqua,MODIS,62,6.2,301.7,23.4,D,0
-16.5874,143.5849,327.5,1.1,1,2014-12-28,0416,Aqua,MODIS,64,6.2,279.1,17.7,D,0
-16.4351,144.6945,336.6,1.2,1.1,2014-12-28,0416,Aqua,MODIS,62,6.2,308.9,21.5,D,0
-16.6969,145.1668,336.8,1.2,1.1,2014-12-28,0416,Aqua,MODIS,79,6.2,300,32.3,D,0
-16.5859,143.5947,334.8,1.1,1,2014-12-28,0416,Aqua,MODIS,78,6.2,279.5,28.4,D,0
-16.5234,144.7152,338.9,1.2,1.1,2014-12-28,0416,Aqua,MODIS,86,6.2,307.7,28.9,D,0
-18.1115,145.6172,341.8,1.2,1.1,2014-12-28,0416,Aqua,MODIS,88,6.2,302.5,42.9,D,0
-13.7302,141.5419,349.2,1,1,2014-12-28,0417,Aqua,MODIS,93,6.2,306.4,41.5,D,0
-15.5546,143.5427,347.8,1.1,1,2014-12-28,0417,Aqua,MODIS,92,6.2,297.5,45,D,0
-15.5639,143.5442,335.3,1.1,1,2014-12-28,0417,Aqua,MODIS,65,6.2,299.7,21.6,D,0
-15.5483,143.5216,329,1.1,1,2014-12-28,0417,Aqua,MODIS,35,6.2,298.7,13.3,D,0
-15.5251,143.4876,325,1.1,1,2014-12-28,0417,Aqua,MODIS,48,6.2,294.3,10.1,D,0
-15.5298,143.5186,328.1,1.1,1,2014-12-28,0417,Aqua,MODIS,58,6.2,298.8,12.8,D,0
-15.35,143.7424,346.2,1.1,1,2014-12-28,0417,Aqua,MODIS,91,6.2,300.4,42.6,D,0
-15.3407,143.7409,351.8,1.1,1,2014-12-28,0417,Aqua,MODIS,90,6.2,298.7,54.1,D,0
-15.3422,143.7308,334.4,1.1,1,2014-12-28,0417,Aqua,MODIS,62,6.2,292.9,17.1,D,0
-15.3268,143.7696,341.5,1.1,1,2014-12-28,0417,Aqua,MODIS,88,6.2,301.9,31.8,D,0
-15.3283,143.7595,342.6,1.1,1,2014-12-28,0417,Aqua,MODIS,88,6.2,302.1,33.8,D,0
-15.3298,143.7494,354.5,1.1,1,2014-12-28,0417,Aqua,MODIS,97,6.2,300.2,61.8,D,0
-15.3313,143.7393,354.3,1.1,1,2014-12-28,0417,Aqua,MODIS,84,6.2,297.6,61.2,D,0
-15.319,143.758,351.7,1.1,1,2014-12-28,0417,Aqua,MODIS,95,6.2,300.1,55.1,D,0
-15.3205,143.7479,345.9,1.1,1,2014-12-28,0417,Aqua,MODIS,86,6.2,297,41.9,D,0
-15.6515,144.3964,326.2,1.2,1.1,2014-12-28,0417,Aqua,MODIS,26,6.2,298,10.9,D,0
-15.5494,143.4513,326.5,1.1,1,2014-12-28,0417,Aqua,MODIS,39,6.2,299,10.4,D,0
-15.5672,143.5851,327.2,1.1,1,2014-12-28,0417,Aqua,MODIS,59,6.2,295.5,14.6,D,0
-15.3176,143.8304,328.3,1.1,1,2014-12-28,0417,Aqua,MODIS,26,6.2,298.8,10.3,D,0
-14.9437,145.2582,328,1.3,1.1,2014-12-28,0417,Aqua,MODIS,47,6.2,295.1,20.2,D,0
-14.944,145.2392,333.2,1.3,1.1,2014-12-28,0417,Aqua,MODIS,78,6.2,294,28.9,D,0
-14.977,145.2946,330.9,1.3,1.1,2014-12-28,0417,Aqua,MODIS,70,6.2,299.1,25.6,D,0
-13.3417,143.1189,332.8,1.1,1,2014-12-28,0417,Aqua,MODIS,79,6.2,297.1,21.5,D,0
-13.3341,143.121,334.4,1.1,1,2014-12-28,0417,Aqua,MODIS,77,6.2,301.9,23.9,D,0
-13.3356,143.1112,331.5,1.1,1,2014-12-28,0417,Aqua,MODIS,65,6.2,297.3,18.6,D,0
-15.7085,143.9043,331.7,1.1,1,2014-12-28,0417,Aqua,MODIS,39,6.2,298.6,16,D,0
-15.7101,143.8942,356.6,1.1,1,2014-12-28,0417,Aqua,MODIS,85,6.2,301,69.1,D,0
-15.7117,143.884,335.2,1.1,1,2014-12-28,0417,Aqua,MODIS,68,6.2,300.5,22.4,D,0
-15.7044,143.8978,342.3,1.1,1,2014-12-28,0417,Aqua,MODIS,83,6.2,297.8,34.6,D,0
-15.706,143.8876,338.5,1.1,1,2014-12-28,0417,Aqua,MODIS,80,6.2,299.9,27.9,D,0
-15.692,143.9167,331,1.1,1,2014-12-28,0417,Aqua,MODIS,72,6.2,298.4,13.7,D,0
-14.9475,145.234,327.7,1.3,1.1,2014-12-28,0417,Aqua,MODIS,62,6.2,294.4,19.1,D,0
-14.9373,145.2323,344.8,1.3,1.1,2014-12-28,0417,Aqua,MODIS,90,6.2,294.8,59.1,D,0
-15.5783,143.5523,327.2,1.1,1,2014-12-28,0417,Aqua,MODIS,26,6.2,298.3,10.8,D,0
-15.4564,143.8135,321.7,1.1,1,2014-12-28,0417,Aqua,MODIS,26,6.2,292.9,8.7,D,0
-13.464,141.6672,323.4,1,1,2014-12-28,0417,Aqua,MODIS,35,6.2,299.9,9.7,D,0
-13.9481,143.2022,326.4,1.1,1,2014-12-28,0417,Aqua,MODIS,63,6.2,298.1,10.9,D,0
-13.6834,143.121,350.1,1.1,1,2014-12-28,0417,Aqua,MODIS,94,6.2,306.6,48.8,D,0
-13.6926,143.1225,334.4,1.1,1,2014-12-28,0417,Aqua,MODIS,49,6.2,304.8,19.1,D,0
-13.6663,143.1083,334.7,1.1,1,2014-12-28,0417,Aqua,MODIS,82,6.2,302.5,16.4,D,0
-13.6741,143.1195,331.5,1.1,1,2014-12-28,0417,Aqua,MODIS,78,6.2,304.4,11.5,D,0
-13.6848,143.1112,343.6,1.1,1,2014-12-28,0417,Aqua,MODIS,90,6.2,306.6,35.3,D,0
-13.6678,143.0985,328.7,1.1,1,2014-12-28,0417,Aqua,MODIS,37,6.2,302.1,10.7,D,0
-13.6485,143.4825,329.2,1.1,1,2014-12-28,0417,Aqua,MODIS,56,6.2,302.5,14.5,D,0
-13.6282,143.4896,325.8,1.1,1,2014-12-28,0417,Aqua,MODIS,49,6.2,299.9,9.1,D,0
-15.4193,144.3066,336,1.1,1.1,2014-12-28,0417,Aqua,MODIS,76,6.2,300.9,24.7,D,0
-15.085,145.1348,326.6,1.3,1.1,2014-12-28,0417,Aqua,MODIS,27,6.2,299.7,16.4,D,0
-9.2751,142.2413,316,1.1,1,2014-12-28,0418,Aqua,MODIS,36,6.2,293.9,7.3,D,0
-12.6582,142.6472,329.6,1,1,2014-12-28,0418,Aqua,MODIS,54,6.2,299.6,13.6,D,0
-12.1246,142.7006,330.1,1.1,1,2014-12-28,0418,Aqua,MODIS,78,6.2,299.2,13.9,D,0
-12.1728,142.7578,335.6,1.1,1,2014-12-28,0418,Aqua,MODIS,84,6.2,298.1,21.6,D,0
-12.1966,142.7674,332.1,1.1,1,2014-12-28,0418,Aqua,MODIS,72,6.2,298.7,16.7,D,0
-12.1981,142.7577,345.5,1.1,1,2014-12-28,0418,Aqua,MODIS,91,6.2,299.8,39.7,D,0
-12.1913,142.7607,340.8,1.1,1,2014-12-28,0418,Aqua,MODIS,88,6.2,299.6,30.7,D,0
-12.1806,142.769,331.7,1.1,1,2014-12-28,0418,Aqua,MODIS,77,6.2,297.9,17.5,D,0
-12.1713,142.7675,331,1.1,1,2014-12-28,0418,Aqua,MODIS,61,6.2,296.9,16.2,D,0
-12.1261,142.6909,340.1,1.1,1,2014-12-28,0418,Aqua,MODIS,88,6.2,301.5,29.8,D,0
-12.1339,142.7021,328,1.1,1,2014-12-28,0418,Aqua,MODIS,72,6.2,299.8,11.6,D,0
-12.1353,142.6924,330.9,1.1,1,2014-12-28,0418,Aqua,MODIS,79,6.2,299.4,15.2,D,0
-12.1603,142.5879,332.4,1.1,1,2014-12-28,0418,Aqua,MODIS,80,6.2,300.4,15.6,D,0
-12.1589,142.5974,329.4,1.1,1,2014-12-28,0418,Aqua,MODIS,77,6.2,300.7,12.1,D,0
-12.1232,142.7103,330.4,1.1,1,2014-12-28,0418,Aqua,MODIS,78,6.2,298.7,14.8,D,0
-12.1187,142.624,325.7,1.1,1,2014-12-28,0418,Aqua,MODIS,59,6.2,299.1,8.5,D,0
-12.1275,142.6813,340.4,1.1,1,2014-12-28,0418,Aqua,MODIS,88,6.2,299.7,31.2,D,0
-12.096,142.65,335.2,1.1,1,2014-12-28,0418,Aqua,MODIS,80,6.2,301.8,22.8,D,0
-34.3551,116.5572,320.3,1.5,1.2,2014-12-28,0551,Aqua,MODIS,20,6.2,305.7,13.4,D,0
-28.7251,123.0659,350.4,1.2,1.1,2014-12-28,0552,Aqua,MODIS,48,6.2,325.5,33.5,D,0
-28.7271,123.0541,395,1.2,1.1,2014-12-28,0552,Aqua,MODIS,100,6.2,331.4,232.3,D,0
-28.7097,123.0993,354.7,1.2,1.1,2014-12-28,0552,Aqua,MODIS,96,6.2,325,49.8,D,0
-28.7116,123.0874,357.3,1.2,1.1,2014-12-28,0552,Aqua,MODIS,98,6.2,328.6,57.8,D,0
-28.7136,123.0756,344.2,1.2,1.1,2014-12-28,0552,Aqua,MODIS,70,6.2,326.9,21.9,D,0
-28.7155,123.0639,344,1.2,1.1,2014-12-28,0552,Aqua,MODIS,62,6.2,325.7,20.3,D,0
-28.7214,123.0286,346.3,1.2,1.1,2014-12-28,0552,Aqua,MODIS,52,6.2,329.4,23.9,D,0
-18.8061,128.266,330.6,4,1.9,2014-12-28,0554,Aqua,MODIS,62,6.2,295.2,120.2,D,0
-17.8218,141.0876,304.6,2,1.4,2014-12-28,1341,Terra,MODIS,35,6.2,275.8,19.4,N,0
-17.9593,145.4998,302.3,4.3,1.9,2014-12-28,1341,Terra,MODIS,14,6.2,289.5,34.1,N,0
-17.9577,145.4925,302,4.3,1.9,2014-12-28,1341,Terra,MODIS,26,6.2,289.4,34.1,N,0
-17.9765,145.5028,310.4,4.3,1.9,2014-12-28,1341,Terra,MODIS,80,6.2,289.6,75.2,N,0
-17.9748,145.4958,313.3,4.3,1.9,2014-12-28,1341,Terra,MODIS,87,6.2,289.7,94.4,N,0
-17.9425,145.4953,307.4,4.3,1.9,2014-12-28,1341,Terra,MODIS,71,6.2,289.6,60.3,N,0
-16.4014,144.4427,308.7,3.9,1.8,2014-12-28,1341,Terra,MODIS,75,6.2,289,50.8,N,0
-17.1258,144.8787,300.2,4,1.9,2014-12-28,1341,Terra,MODIS,8,6.2,288.4,34,N,0
-16.4065,144.4495,309.2,3.9,1.8,2014-12-28,1341,Terra,MODIS,77,6.2,289.2,51.7,N,0
-17.9409,145.4877,305.8,4.3,1.9,2014-12-28,1341,Terra,MODIS,66,6.2,289.5,52.4,N,0
-17.9339,145.5025,310.7,3,1.6,2014-12-28,1509,Aqua,MODIS,45,6.2,290.6,43.3,N,0
-17.9327,145.5077,307.9,3,1.6,2014-12-28,1509,Aqua,MODIS,20,6.2,290.5,34,N,0
-16.4157,144.4878,306,3.8,1.8,2014-12-28,1509,Aqua,MODIS,18,6.2,289,39.6,N,0
-16.409,144.4538,307,3.8,1.8,2014-12-28,1509,Aqua,MODIS,50,6.2,288.4,42.6,N,0
-17.9629,145.4951,310,3,1.6,2014-12-28,1509,Aqua,MODIS,26,6.2,290.7,39.5,N,0
-22.656,149.3718,320.5,1.3,1.1,2014-12-28,1510,Aqua,MODIS,100,6.2,291.5,24.2,N,0
-22.6706,149.4579,304.5,1.3,1.1,2014-12-28,1510,Aqua,MODIS,23,6.2,290.8,6.2,N,0
-22.6458,149.3737,303.9,1.3,1.1,2014-12-28,1510,Aqua,MODIS,53,6.2,291,5.9,N,0
-22.6481,149.3868,305.6,1.3,1.1,2014-12-28,1510,Aqua,MODIS,65,6.2,290.5,7.8,N,0
-21.8875,116.167,319,1.6,1.3,2014-12-28,1519,Terra,MODIS,97,6.2,299.6,27.4,N,0
-21.8961,116.1852,320.8,1.6,1.3,2014-12-28,1519,Terra,MODIS,100,6.2,299.2,29.9,N,0
-21.8933,116.2008,312.8,1.7,1.3,2014-12-28,1519,Terra,MODIS,82,6.2,299.6,15.4,N,0
-21.8848,116.1827,323.4,1.6,1.3,2014-12-28,1519,Terra,MODIS,100,6.2,300.2,35.6,N,0
-21.9046,116.2032,322.1,1.7,1.3,2014-12-28,1519,Terra,MODIS,100,6.2,300,33.8,N,0
-21.8762,116.1649,315.2,1.6,1.3,2014-12-28,1519,Terra,MODIS,89,6.2,298.6,20.9,N,0
-28.7112,123.0909,301.6,1.3,1.1,2014-12-28,1651,Aqua,MODIS,42,6.2,291.3,6.8,N,0
-28.7134,123.1038,304,1.3,1.1,2014-12-28,1651,Aqua,MODIS,58,6.2,291,8.9,N,0
-15.6276,143.2723,328.1,1.3,1.1,2014-12-29,0033,Terra,MODIS,69,6.2,300.1,11.7,D,0
-16.6809,145.2679,345.6,1,1,2014-12-29,0033,Terra,MODIS,91,6.2,302.3,42.5,D,0
-16.4469,144.4765,320.4,1.1,1.1,2014-12-29,0033,Terra,MODIS,0,6.2,290.2,8.9,D,0
-15.3159,143.7402,337.2,1.3,1.1,2014-12-29,0033,Terra,MODIS,84,6.2,300.3,31.2,D,0
-16.3947,144.4537,331.4,1.1,1.1,2014-12-29,0033,Terra,MODIS,65,6.2,295.1,22.5,D,0
-15.6626,143.228,331.1,1.3,1.1,2014-12-29,0033,Terra,MODIS,61,6.2,300.8,21.1,D,0
-15.6274,143.2535,331,1.3,1.1,2014-12-29,0033,Terra,MODIS,78,6.2,300.2,19.9,D,0
-15.6294,143.2659,330.7,1.3,1.1,2014-12-29,0033,Terra,MODIS,78,6.2,300.1,19.2,D,0
-15.6338,143.2458,362.3,1.3,1.1,2014-12-29,0033,Terra,MODIS,100,6.2,301,114.6,D,0
-15.6256,143.26,334.1,1.3,1.1,2014-12-29,0033,Terra,MODIS,82,6.2,300.7,24.6,D,0
-15.6964,143.8761,336.7,1.2,1.1,2014-12-29,0033,Terra,MODIS,85,6.2,301.1,25.3,D,0
-15.4699,143.8679,331.5,1.2,1.1,2014-12-29,0033,Terra,MODIS,60,6.2,304.4,15.3,D,0
-16.6077,145.1596,340.7,1.1,1,2014-12-29,0033,Terra,MODIS,87,6.2,299.8,31.7,D,0
-15.642,143.2316,329,1.3,1.1,2014-12-29,0033,Terra,MODIS,59,6.2,297.6,16.5,D,0
-15.5427,142.9949,335.1,1.4,1.2,2014-12-29,0033,Terra,MODIS,82,6.2,300.7,32.6,D,0
-16.5985,145.1611,337,1.1,1,2014-12-29,0033,Terra,MODIS,83,6.2,296.2,23.7,D,0
-16.6062,145.1497,350.6,1.1,1,2014-12-29,0033,Terra,MODIS,94,6.2,300.5,53,D,0
-15.3109,143.8364,327.2,1.3,1.1,2014-12-29,0033,Terra,MODIS,51,6.2,302.1,10.7,D,0
-15.7179,143.8841,331.6,1.2,1.1,2014-12-29,0033,Terra,MODIS,35,6.2,300.7,19.6,D,0
-15.7197,143.8954,364.5,1.2,1.1,2014-12-29,0033,Terra,MODIS,100,6.2,301.8,108.5,D,0
-15.7215,143.9067,345.4,1.2,1.1,2014-12-29,0033,Terra,MODIS,91,6.2,304.2,46.3,D,0
-14.9785,145.2933,331.2,1.1,1,2014-12-29,0033,Terra,MODIS,66,6.2,304.7,17.8,D,0
-14.946,145.268,330.8,1.1,1,2014-12-29,0033,Terra,MODIS,63,6.2,306.6,16.1,D,0
-16.5969,145.1512,351.4,1.1,1,2014-12-29,0033,Terra,MODIS,95,6.2,296.9,54,D,0
-15.3015,144.4157,330.1,1.2,1.1,2014-12-29,0033,Terra,MODIS,57,6.2,304.4,15.4,D,0
-16.6097,143.6267,337.4,1.2,1.1,2014-12-29,0033,Terra,MODIS,84,6.2,304,25.9,D,0
-16.6196,143.625,335.1,1.2,1.1,2014-12-29,0033,Terra,MODIS,81,6.2,304.7,21.6,D,0
-15.2997,144.4049,330.6,1.2,1.1,2014-12-29,0033,Terra,MODIS,69,6.2,304.9,14.5,D,0
-15.2901,144.4065,329.8,1.2,1.1,2014-12-29,0033,Terra,MODIS,75,6.2,300,13,D,0
-17.9409,145.4986,366,1,1,2014-12-29,0034,Terra,MODIS,100,6.2,304.1,90.6,D,0
-17.9666,145.4845,352.8,1,1,2014-12-29,0034,Terra,MODIS,96,6.2,302.2,56.3,D,0
-17.9861,145.4912,339.3,1,1,2014-12-29,0034,Terra,MODIS,87,6.2,296.7,31.5,D,0
-17.8761,145.4956,337.2,1,1,2014-12-29,0034,Terra,MODIS,86,6.2,301.9,28.5,D,0
-17.938,145.4794,362.9,1,1,2014-12-29,0034,Terra,MODIS,100,6.2,301.4,83.6,D,0
-18.0024,145.5374,336.2,1,1,2014-12-29,0034,Terra,MODIS,82,6.2,299.9,26.7,D,0
-17.968,145.4941,337.3,1,1,2014-12-29,0034,Terra,MODIS,78,6.2,301.6,23.2,D,0
-17.9424,145.5082,369.8,1,1,2014-12-29,0034,Terra,MODIS,100,6.2,301.2,103.4,D,0
-17.9651,145.475,350.5,1,1,2014-12-29,0034,Terra,MODIS,95,6.2,302.2,52.9,D,0
-17.9289,145.4809,327.7,1,1,2014-12-29,0034,Terra,MODIS,53,6.2,304.7,14.7,D,0
-17.98,145.5118,329.5,1,1,2014-12-29,0034,Terra,MODIS,51,6.2,299.4,15.4,D,0
-17.989,145.5103,346.9,1,1,2014-12-29,0034,Terra,MODIS,93,6.2,296.2,45.5,D,0
-17.732,145.3982,337.7,1,1,2014-12-29,0034,Terra,MODIS,86,6.2,306.1,24.9,D,0
-17.9304,145.4905,334.2,1,1,2014-12-29,0034,Terra,MODIS,74,6.2,301.5,23.4,D,0
-17.9876,145.5008,379.9,1,1,2014-12-29,0034,Terra,MODIS,100,6.2,302.4,144.3,D,0
-18.0038,145.547,336.2,1,1,2014-12-29,0034,Terra,MODIS,85,6.2,296.9,27.6,D,0
-17.9394,145.489,370.1,1,1,2014-12-29,0034,Terra,MODIS,100,6.2,303.1,105.4,D,0
-17.729,145.3791,328.9,1,1,2014-12-29,0034,Terra,MODIS,42,6.2,302,11.6,D,0
-22.0712,146.6913,334.8,1,1,2014-12-29,0035,Terra,MODIS,80,6.2,303.6,19.3,D,0
-23.0771,149.0102,315.4,1.4,1.2,2014-12-29,0035,Terra,MODIS,23,6.2,294.5,11,D,0
-22.4329,146.6509,332.3,1,1,2014-12-29,0035,Terra,MODIS,78,6.2,302.5,16,D,0
-22.4315,146.6408,331.7,1,1,2014-12-29,0035,Terra,MODIS,77,6.2,301.8,14.6,D,0
-35.5952,143.7265,335.8,1.1,1,2014-12-29,0039,Terra,MODIS,62,6.2,312.5,22.6,D,0
-35.5967,143.7383,335.1,1.1,1,2014-12-29,0039,Terra,MODIS,71,6.2,312.4,21.8,D,0
-17.8589,129.6441,310,2.8,1.6,2014-12-29,0212,Terra,MODIS,40,6.2,284.9,34.6,D,0
-18.5675,127.6026,327,2,1.4,2014-12-29,0213,Terra,MODIS,52,6.2,306.4,25.2,D,0
-18.5799,127.6012,331.1,2,1.4,2014-12-29,0213,Terra,MODIS,78,6.2,305.4,38.9,D,0
-18.5823,127.5951,328.2,2,1.4,2014-12-29,0213,Terra,MODIS,61,6.2,305.4,28.5,D,0
-18.6029,127.5547,335.5,2,1.4,2014-12-29,0213,Terra,MODIS,76,6.2,305.4,58.8,D,0
-18.605,127.5734,344.6,2,1.4,2014-12-29,0213,Terra,MODIS,91,6.2,304.9,96.5,D,0
-18.6152,127.5533,409,2,1.4,2014-12-29,0213,Terra,MODIS,100,6.2,312.9,801.1,D,0
-18.6174,127.572,359.2,2,1.4,2014-12-29,0213,Terra,MODIS,99,6.2,307.5,184,D,0
-18.6647,127.5476,324.9,2,1.4,2014-12-29,0213,Terra,MODIS,67,6.2,304.7,19.1,D,0
-20.5943,116.7817,361.7,1.4,1.2,2014-12-29,0214,Terra,MODIS,91,6.2,316.3,0,D,0
-21.8807,116.1443,346,1.5,1.2,2014-12-29,0214,Terra,MODIS,88,6.2,323.4,45.9,D,0
-21.9308,116.1583,340.7,1.5,1.2,2014-12-29,0214,Terra,MODIS,81,6.2,316.8,36.6,D,0
-21.9282,116.1438,352.4,1.5,1.2,2014-12-29,0214,Terra,MODIS,94,6.2,315.6,76.7,D,0
-21.9257,116.1293,407.2,1.5,1.2,2014-12-29,0214,Terra,MODIS,100,6.2,322.1,502.4,D,0
-21.8832,116.1589,348.6,1.5,1.2,2014-12-29,0214,Terra,MODIS,90,6.2,323.4,51.1,D,0
-21.9117,116.1768,361.6,1.5,1.2,2014-12-29,0214,Terra,MODIS,100,6.2,326.1,106,D,0
-23.3018,114.7815,343.4,1.7,1.3,2014-12-29,0214,Terra,MODIS,63,6.2,323.8,51.8,D,0
-21.9074,116.169,352.2,1.5,1.2,2014-12-29,0214,Terra,MODIS,94,6.2,323.9,64.9,D,0
-21.9092,116.1624,355,1.5,1.2,2014-12-29,0214,Terra,MODIS,96,6.2,324.7,80.6,D,0
-21.8941,116.1567,346.6,1.5,1.2,2014-12-29,0214,Terra,MODIS,57,6.2,324.1,37.9,D,0
-21.8966,116.1713,344.8,1.5,1.2,2014-12-29,0214,Terra,MODIS,73,6.2,323.3,31.8,D,0
-21.8999,116.1255,344.6,1.5,1.2,2014-12-29,0214,Terra,MODIS,86,6.2,321,50.4,D,0
-21.8915,116.1421,368,1.5,1.2,2014-12-29,0214,Terra,MODIS,100,6.2,326.4,146.5,D,0
-21.9024,116.14,367.9,1.5,1.2,2014-12-29,0214,Terra,MODIS,100,6.2,324.9,150.1,D,0
-21.9124,116.1979,414,1.5,1.2,2014-12-29,0214,Terra,MODIS,100,6.2,330.5,569.8,D,0
-21.9231,116.1957,355.8,1.5,1.2,2014-12-29,0214,Terra,MODIS,96,6.2,320.7,83.5,D,0
-21.9049,116.1545,363.2,1.5,1.2,2014-12-29,0214,Terra,MODIS,100,6.2,324.5,118.3,D,0
-21.9143,116.1913,415.1,1.5,1.2,2014-12-29,0214,Terra,MODIS,100,6.2,334.9,587.2,D,0
-21.9169,116.2058,351.9,1.5,1.2,2014-12-29,0214,Terra,MODIS,93,6.2,321.3,69,D,0
-23.3049,114.7984,343.8,1.7,1.3,2014-12-29,0214,Terra,MODIS,75,6.2,322.9,53.3,D,0
-21.9251,116.1891,341.1,1.5,1.2,2014-12-29,0214,Terra,MODIS,81,6.2,320.2,35.8,D,0
-21.9099,116.1834,391.5,1.5,1.2,2014-12-29,0214,Terra,MODIS,100,6.2,329.4,312.5,D,0
-21.9132,116.1379,348.3,1.5,1.2,2014-12-29,0214,Terra,MODIS,81,6.2,323.5,61.3,D,0
-21.9157,116.1524,422.8,1.5,1.2,2014-12-29,0214,Terra,MODIS,100,6.2,331.6,711.4,D,0
-21.9066,116.148,353.4,1.5,1.2,2014-12-29,0214,Terra,MODIS,90,6.2,323.5,77.2,D,0
-21.904,116.1335,356.3,1.5,1.2,2014-12-29,0214,Terra,MODIS,97,6.2,323.3,93.7,D,0
-21.9207,116.1812,387.6,1.5,1.2,2014-12-29,0214,Terra,MODIS,100,6.2,324.7,281,D,0
-21.9182,116.1668,416,1.5,1.2,2014-12-29,0214,Terra,MODIS,100,6.2,333,604,D,0
-21.9225,116.1747,408.7,1.5,1.2,2014-12-29,0214,Terra,MODIS,100,6.2,328.1,509.3,D,0
-21.92,116.1604,435.3,1.5,1.2,2014-12-29,0214,Terra,MODIS,100,6.2,333.2,926.7,D,0
-21.889,116.1277,343.8,1.5,1.2,2014-12-29,0214,Terra,MODIS,81,6.2,322.3,42.9,D,0
-21.9231,116.1148,356.5,1.5,1.2,2014-12-29,0214,Terra,MODIS,97,6.2,315.6,102,D,0
-21.8699,116.1465,344.2,1.5,1.2,2014-12-29,0214,Terra,MODIS,86,6.2,323,41.3,D,0
-21.9174,116.1459,399.1,1.5,1.2,2014-12-29,0214,Terra,MODIS,100,6.2,327.9,403.4,D,0
-21.9148,116.1314,363.5,1.5,1.2,2014-12-29,0214,Terra,MODIS,100,6.2,323.1,134.2,D,0
-21.9334,116.1728,337.5,1.5,1.2,2014-12-29,0214,Terra,MODIS,75,6.2,319,27,D,0
-28.7142,123.0817,334.5,1.4,1.2,2014-12-29,0215,Terra,MODIS,17,6.2,317.5,17.4,D,0
-28.7159,123.0956,333.9,1.4,1.2,2014-12-29,0215,Terra,MODIS,26,6.2,316.8,16.8,D,0
-28.7213,123.0524,354.2,1.3,1.2,2014-12-29,0215,Terra,MODIS,96,6.2,319.5,75.4,D,0
-28.7269,123.0451,345.9,1.3,1.2,2014-12-29,0215,Terra,MODIS,88,6.2,316.2,52.3,D,0
-28.7285,123.059,342.4,1.4,1.2,2014-12-29,0215,Terra,MODIS,85,6.2,317.3,42.5,D,0
-23.8982,149.7912,319.1,2.6,1.6,2014-12-29,0319,Aqua,MODIS,38,6.2,294.6,35.3,D,0
-22.2849,148.7061,324.4,3,1.6,2014-12-29,0320,Aqua,MODIS,73,6.2,290.8,57,D,0
-17.7382,145.3718,326.9,4.6,2,2014-12-29,0321,Aqua,MODIS,80,6.2,295.5,164.6,D,0
-16.6119,145.1421,330.4,4.7,2,2014-12-29,0321,Aqua,MODIS,71,6.2,297.3,172,D,0
-16.5957,145.1351,324,4.7,2,2014-12-29,0321,Aqua,MODIS,67,6.2,297,113.1,D,0
-16.6134,145.1389,331.7,4.7,2,2014-12-29,0321,Aqua,MODIS,84,6.2,297.3,195.1,D,0
-16.5942,145.1388,323.2,4.7,2,2014-12-29,0321,Aqua,MODIS,24,6.2,296.9,97.5,D,0
-17.8722,145.4801,314.2,4.6,2,2014-12-29,0321,Aqua,MODIS,31,6.2,292,58.3,D,0
-17.7417,145.3351,317.7,4.7,2,2014-12-29,0321,Aqua,MODIS,64,6.2,292.5,64.2,D,0
-17.9425,145.4983,324.4,4.6,2,2014-12-29,0321,Aqua,MODIS,56,6.2,291.8,137.4,D,0
-17.7379,145.3793,326.2,4.6,2,2014-12-29,0321,Aqua,MODIS,79,6.2,295.6,151,D,0
-17.9986,145.4639,322.5,4.6,2,2014-12-29,0321,Aqua,MODIS,58,6.2,292.5,110.6,D,0
-17.8714,145.484,313.3,4.6,2,2014-12-29,0321,Aqua,MODIS,25,6.2,291.8,53.2,D,0
-17.9819,145.458,328.6,4.6,2,2014-12-29,0321,Aqua,MODIS,41,6.2,292.7,162.3,D,0
-17.9423,145.4907,323.7,4.6,2,2014-12-29,0321,Aqua,MODIS,24,6.2,291.8,122.7,D,0
-17.9996,145.4605,320.5,4.6,2,2014-12-29,0321,Aqua,MODIS,38,6.2,292.6,89.5,D,0
-28.7283,123.0656,334.6,4.1,1.9,2014-12-29,0457,Aqua,MODIS,67,6.2,315.4,100.1,D,0
-28.7221,123.0997,332.9,4.1,1.9,2014-12-29,0457,Aqua,MODIS,60,6.2,316.3,79.8,D,0
-28.7249,123.0578,333.2,4.1,1.9,2014-12-29,0457,Aqua,MODIS,60,6.2,316.4,86.7,D,0
-18.5772,127.5922,348.5,1.5,1.2,2014-12-29,0459,Aqua,MODIS,92,6.2,311.1,73.8,D,0
-18.5789,127.5785,342.8,1.5,1.2,2014-12-29,0459,Aqua,MODIS,86,6.2,311.1,55.2,D,0
-18.6271,127.5425,331.9,1.5,1.2,2014-12-29,0459,Aqua,MODIS,41,6.2,310.5,23.5,D,0
-18.618,127.5271,333.5,1.5,1.2,2014-12-29,0459,Aqua,MODIS,37,6.2,311.8,27.5,D,0
-19.0356,126.7097,336.7,1.7,1.3,2014-12-29,0459,Aqua,MODIS,63,6.2,308.3,38.7,D,0
-19.0374,126.6936,345.4,1.7,1.3,2014-12-29,0459,Aqua,MODIS,88,6.2,311.9,70.3,D,0
-19.024,126.7082,382.1,1.7,1.3,2014-12-29,0459,Aqua,MODIS,100,6.2,310.1,305.5,D,0
-19.0259,126.6921,446.9,1.7,1.3,2014-12-29,0459,Aqua,MODIS,100,6.2,325.6,1420.6,D,0
-19.0277,126.6759,341.3,1.7,1.3,2014-12-29,0459,Aqua,MODIS,66,6.2,311.6,58.6,D,0
-19.0153,126.7004,360.1,1.7,1.3,2014-12-29,0459,Aqua,MODIS,100,6.2,313.9,149.1,D,0
-21.8796,116.1404,348.1,2.8,1.6,2014-12-29,0637,Aqua,MODIS,71,6.2,327.1,103.9,D,0
-21.8622,116.1285,345.6,2.8,1.6,2014-12-29,0637,Aqua,MODIS,50,6.2,324.4,91.2,D,0
-21.8714,116.1577,350.1,2.8,1.6,2014-12-29,0637,Aqua,MODIS,85,6.2,329.5,122.4,D,0
-21.8654,116.1373,347.8,2.8,1.6,2014-12-29,0637,Aqua,MODIS,67,6.2,325.8,105.5,D,0
-21.8744,116.1664,349.2,2.8,1.6,2014-12-29,0637,Aqua,MODIS,87,6.2,330.4,109.2,D,0
-21.9362,116.1529,346.7,2.8,1.6,2014-12-29,0637,Aqua,MODIS,73,6.2,327.8,94.6,D,0
-21.9311,116.1791,354.4,2.8,1.6,2014-12-29,0637,Aqua,MODIS,95,6.2,325.2,169.9,D,0
-21.9378,116.1578,351.4,2.8,1.6,2014-12-29,0637,Aqua,MODIS,93,6.2,326.7,139.6,D,0
-21.9325,116.184,350.7,2.8,1.6,2014-12-29,0637,Aqua,MODIS,91,6.2,324.1,135,D,0
-34.4632,150.8871,305,1.1,1,2014-12-29,1241,Terra,MODIS,63,6.2,292.4,6.8,N,2
-29.8604,149.8012,315.9,1.1,1,2014-12-29,1242,Terra,MODIS,92,6.2,293,15.2,N,0
-29.8589,149.8123,309.7,1.1,1,2014-12-29,1242,Terra,MODIS,78,6.2,293.1,9.9,N,0
-28.0154,148.1507,303.1,1.2,1.1,2014-12-29,1243,Terra,MODIS,53,6.2,279.3,8.9,N,0
-26.9962,151.516,308.4,1,1,2014-12-29,1243,Terra,MODIS,74,6.2,291.3,7.9,N,0
-26.9977,151.5058,322.7,1,1,2014-12-29,1243,Terra,MODIS,100,6.2,291.5,20.4,N,0
-26.9992,151.4957,301.9,1,1,2014-12-29,1243,Terra,MODIS,19,6.2,290.9,3.9,N,0
-26.8981,150.5396,305.4,1,1,2014-12-29,1243,Terra,MODIS,64,6.2,292.6,5.7,N,0
-17.9303,145.4942,315.4,1.3,1.1,2014-12-29,1246,Terra,MODIS,91,6.2,289,16.9,N,0
-16.0275,145.1828,310.4,1.3,1.1,2014-12-29,1246,Terra,MODIS,80,6.2,293.5,10.8,N,0
-16.0184,145.1751,306.7,1.3,1.1,2014-12-29,1246,Terra,MODIS,49,6.2,293.3,7.3,N,0
-17.9287,145.5065,319.5,1.3,1.1,2014-12-29,1246,Terra,MODIS,99,6.2,289.8,22.3,N,0
-17.1144,144.8725,311.9,1.3,1.2,2014-12-29,1246,Terra,MODIS,84,6.2,293,13.4,N,0
-15.7544,143.8733,328.2,1.5,1.2,2014-12-29,1246,Terra,MODIS,100,6.2,294.9,40.1,N,0
-15.7435,143.8719,319.8,1.5,1.2,2014-12-29,1246,Terra,MODIS,99,6.2,294.7,23.7,N,0
-16.0175,145.1813,304.2,1.3,1.1,2014-12-29,1246,Terra,MODIS,21,6.2,293.2,5.1,N,0
-15.7653,143.8746,328.4,1.5,1.2,2014-12-29,1246,Terra,MODIS,100,6.2,294.8,42.3,N,0
-17.1009,144.8963,307.6,1.3,1.1,2014-12-29,1246,Terra,MODIS,72,6.2,292.3,9.4,N,0
-15.3128,143.8404,306.7,1.5,1.2,2014-12-29,1246,Terra,MODIS,61,6.2,294.5,7.2,N,0
-17.9474,145.5207,307.1,1.3,1.1,2014-12-29,1246,Terra,MODIS,9,6.2,288.8,8.7,N,0
-17.104,144.8711,311.6,1.3,1.2,2014-12-29,1246,Terra,MODIS,83,6.2,292.8,13.5,N,0
-17.1024,144.884,314,1.3,1.1,2014-12-29,1246,Terra,MODIS,88,6.2,292.7,16.2,N,0
-15.751,143.901,312.7,1.5,1.2,2014-12-29,1246,Terra,MODIS,28,6.2,294.7,12.8,N,0
-15.7527,143.8871,316.8,1.5,1.2,2014-12-29,1246,Terra,MODIS,45,6.2,295,17.9,N,0
-15.7384,143.9134,314.1,1.5,1.2,2014-12-29,1246,Terra,MODIS,58,6.2,294.6,14.8,N,0
-17.7408,145.3826,321.7,1.3,1.1,2014-12-29,1246,Terra,MODIS,100,6.2,290.9,25.3,N,0
-15.4578,143.7871,313.8,1.5,1.2,2014-12-29,1246,Terra,MODIS,86,6.2,294.7,15.9,N,0
-15.4541,143.7946,307.5,1.5,1.2,2014-12-29,1246,Terra,MODIS,65,6.2,294.5,8.1,N,0
-17.7393,145.3945,311.6,1.3,1.1,2014-12-29,1246,Terra,MODIS,38,6.2,291,12.2,N,0
-17.7509,145.3837,307.9,1.3,1.1,2014-12-29,1246,Terra,MODIS,56,6.2,289.6,9.7,N,0
-17.7423,145.3705,308.4,1.3,1.1,2014-12-29,1246,Terra,MODIS,36,6.2,288.8,9.9,N,0
-17.9937,145.4731,306.9,1.3,1.1,2014-12-29,1246,Terra,MODIS,9,6.2,288.5,9,N,0
-19.0414,126.6873,307.9,1.1,1.1,2014-12-29,1424,Terra,MODIS,37,6.2,297.7,5.1,N,0
-19.0302,126.6965,308.5,1.1,1.1,2014-12-29,1424,Terra,MODIS,63,6.2,297.2,5.8,N,0
-21.9262,116.2093,321,3,1.7,2014-12-29,1424,Terra,MODIS,100,6.2,299.2,75.4,N,0
-21.9438,116.1816,311.4,3,1.7,2014-12-29,1424,Terra,MODIS,65,6.2,299,33.1,N,0
-21.9384,116.2407,346.6,3,1.6,2014-12-29,1424,Terra,MODIS,100,6.2,301,254.5,N,0
-21.9561,116.2126,314,3,1.7,2014-12-29,1424,Terra,MODIS,86,6.2,299.2,43.7,N,0
-21.9533,116.2424,341,3,1.6,2014-12-29,1424,Terra,MODIS,100,6.2,300.9,205.2,N,0
-21.9289,116.1796,308.7,3,1.7,2014-12-29,1424,Terra,MODIS,65,6.2,298.2,24.8,N,0
-21.9411,116.2109,331.1,3,1.7,2014-12-29,1424,Terra,MODIS,100,6.2,300.7,131.2,N,0
-21.9271,116.2037,322.2,3,1.7,2014-12-29,1424,Terra,MODIS,100,6.2,299.2,79.5,N,0
-13.3462,142.626,306.4,1.1,1,2014-12-29,1551,Aqua,MODIS,68,6.2,284.2,9.1,N,0
-13.3476,142.6358,303.5,1.1,1,2014-12-29,1551,Aqua,MODIS,39,6.2,283.4,7.4,N,0
-13.3527,142.6283,302.4,1.1,1,2014-12-29,1551,Aqua,MODIS,49,6.2,282.7,8.1,N,0
-35.589,143.7402,300.6,1.5,1.2,2014-12-29,1557,Aqua,MODIS,29,6.2,284,10.6,N,0
-20.7712,117.2789,307.1,1,1,2014-12-29,1732,Aqua,MODIS,69,6.2,294.7,6.6,N,0
-20.6123,116.7753,313.1,1,1,2014-12-29,1732,Aqua,MODIS,86,6.2,300,8.8,N,0
-21.9298,116.2396,336.1,1,1,2014-12-29,1732,Aqua,MODIS,100,6.2,300.6,34.8,N,0
-21.9252,116.2094,318,1,1,2014-12-29,1732,Aqua,MODIS,91,6.2,297.8,12.7,N,0
-21.9314,116.2496,328.9,1,1,2014-12-29,1732,Aqua,MODIS,100,6.2,300.5,24.9,N,0
-21.933,116.2597,315.8,1,1,2014-12-29,1732,Aqua,MODIS,91,6.2,298.8,11.2,N,0
-22.1528,117.7209,324,1,1,2014-12-29,1732,Aqua,MODIS,100,6.2,296.9,19.6,N,0
-22.1514,117.7112,354.4,1,1,2014-12-29,1732,Aqua,MODIS,100,6.2,300.8,70,N,0
-22.15,117.7016,315.7,1,1,2014-12-29,1732,Aqua,MODIS,92,6.2,297.6,11.6,N,0
-21.9359,116.2178,320.2,1,1,2014-12-29,1732,Aqua,MODIS,100,6.2,297.9,14.5,N,0
-21.9497,116.2464,312.4,1,1,2014-12-29,1732,Aqua,MODIS,44,6.2,298.2,8.1,N,0
-12.8935,143.4693,314.6,2.3,1.5,2014-12-30,0115,Terra,MODIS,38,6.2,289.2,23.9,D,0
-13.3296,142.9873,319.8,2.2,1.4,2014-12-30,0115,Terra,MODIS,61,6.2,291.7,27.3,D,0
-12.2517,136.4013,323.9,1,1,2014-12-30,0115,Terra,MODIS,32,6.2,299.5,11.4,D,0
-18.2054,140.7593,354.5,1.7,1.3,2014-12-30,0117,Terra,MODIS,97,6.2,298.9,128.7,D,0
-18.2074,140.7757,338.8,1.7,1.3,2014-12-30,0117,Terra,MODIS,87,6.2,296.9,59.7,D,0
-18.2171,140.7578,324.1,1.7,1.3,2014-12-30,0117,Terra,MODIS,69,6.2,296.4,17.7,D,0
-18.219,140.7742,327,1.7,1.3,2014-12-30,0117,Terra,MODIS,75,6.2,297.4,24.9,D,0
-17.8206,139.753,327.5,1.5,1.2,2014-12-30,0117,Terra,MODIS,39,6.2,300.5,11.4,D,0
-17.9991,145.5035,332.2,3.9,1.8,2014-12-30,0117,Terra,MODIS,64,6.2,290.9,175.8,D,0
-17.9859,145.5417,320.9,3.9,1.8,2014-12-30,0117,Terra,MODIS,20,6.2,286.8,76.5,D,0
-17.9326,145.5101,327.2,3.9,1.8,2014-12-30,0117,Terra,MODIS,65,6.2,290.9,138.9,D,0
-17.9272,145.516,327.7,3.9,1.8,2014-12-30,0117,Terra,MODIS,73,6.2,291.4,143.3,D,0
-23.3861,142.1287,342.9,2.6,1.5,2014-12-30,0118,Terra,MODIS,87,6.2,316,114.5,D,0
-23.3885,142.154,332.4,2.6,1.5,2014-12-30,0118,Terra,MODIS,72,6.2,315,51.1,D,0
-23.3936,142.148,330.7,2.6,1.5,2014-12-30,0118,Terra,MODIS,61,6.2,315.4,41.7,D,0
-28.7141,123.0714,332.5,3.2,1.7,2014-12-30,0120,Terra,MODIS,74,6.2,314.8,82.9,D,0
-28.7212,123.1036,333.6,3.2,1.7,2014-12-30,0120,Terra,MODIS,76,6.2,313.6,87.9,D,0
-28.7221,123.0347,334.5,3.2,1.7,2014-12-30,0120,Terra,MODIS,73,6.2,313.4,98.6,D,0
-28.7292,123.0671,335.3,3.2,1.7,2014-12-30,0120,Terra,MODIS,78,6.2,313,100.6,D,0
-28.7372,123.0305,363.8,3.2,1.7,2014-12-30,0120,Terra,MODIS,100,6.2,313.3,443.8,D,0
-28.7443,123.0629,333.9,3.2,1.7,2014-12-30,0120,Terra,MODIS,75,6.2,312.8,91.9,D,0
-28.7252,123.0624,332.8,3.2,1.7,2014-12-30,0120,Terra,MODIS,74,6.2,313.4,85.2,D,0
-28.7325,123.0946,331.9,3.2,1.7,2014-12-30,0120,Terra,MODIS,73,6.2,312.1,74.2,D,0
-28.733,123.0259,360.9,3.2,1.7,2014-12-30,0120,Terra,MODIS,100,6.2,313.4,392.1,D,0
-28.7403,123.0582,346.7,3.2,1.7,2014-12-30,0120,Terra,MODIS,91,6.2,313.7,206.2,D,0
-21.9545,116.2044,347.4,2,1.4,2014-12-30,0257,Terra,MODIS,80,6.2,320.4,91.8,D,0
-21.9526,116.2102,364.8,2,1.4,2014-12-30,0257,Terra,MODIS,100,6.2,324.3,203,D,0
-21.9548,116.2293,379.5,2,1.4,2014-12-30,0257,Terra,MODIS,100,6.2,328.3,348.3,D,0
-21.9569,116.2485,347,2,1.4,2014-12-30,0257,Terra,MODIS,66,6.2,321.3,83.8,D,0
-21.9651,116.2085,343.3,2,1.4,2014-12-30,0257,Terra,MODIS,70,6.2,316.4,71.7,D,0
-21.9673,116.2279,377.6,2,1.4,2014-12-30,0257,Terra,MODIS,100,6.2,319.2,336.6,D,0
-21.9565,116.2238,388.7,2,1.4,2014-12-30,0257,Terra,MODIS,100,6.2,329.9,467.2,D,0
-21.9584,116.2428,352.1,2,1.4,2014-12-30,0257,Terra,MODIS,94,6.2,322.3,118.5,D,0
-21.9689,116.2222,351.7,2,1.4,2014-12-30,0257,Terra,MODIS,93,6.2,317,125.2,D,0
-21.971,116.2417,332.5,2,1.4,2014-12-30,0257,Terra,MODIS,57,6.2,317.8,29.6,D,0
-37.9093,145.2383,313.7,1.5,1.2,2014-12-30,0358,Aqua,MODIS,49,6.2,296.3,8.3,D,0
-37.9489,145.0646,316.1,1.6,1.2,2014-12-30,0358,Aqua,MODIS,61,6.2,299,10.1,D,0
-34.4642,150.88,326.7,1,1,2014-12-30,0359,Aqua,MODIS,62,6.2,312.5,10.3,D,2
-30.6548,147.5826,333.9,1,1,2014-12-30,0400,Aqua,MODIS,68,6.2,319.4,11.6,D,0
-27.5685,148.2236,348.1,1,1,2014-12-30,0401,Aqua,MODIS,91,6.2,316.3,37.3,D,0
-22.7475,147.5298,326.6,1,1,2014-12-30,0402,Aqua,MODIS,59,6.2,305,8.6,D,0
-25.5503,142.118,359.1,1.6,1.3,2014-12-30,0402,Aqua,MODIS,99,6.2,320.4,125.9,D,0
-25.5617,142.1195,369.3,1.6,1.3,2014-12-30,0402,Aqua,MODIS,100,6.2,322.7,185.2,D,0
-25.5485,142.1343,375.9,1.6,1.3,2014-12-30,0402,Aqua,MODIS,100,6.2,321.5,235,D,0
-25.5705,142.1257,339,1.6,1.3,2014-12-30,0402,Aqua,MODIS,80,6.2,321.3,38.3,D,0
-25.5574,142.1405,344.8,1.6,1.3,2014-12-30,0402,Aqua,MODIS,88,6.2,319.5,55.6,D,0
-25.5592,142.1242,389.8,1.6,1.3,2014-12-30,0402,Aqua,MODIS,100,6.2,324.9,358.2,D,0
-25.5599,142.1358,355.2,1.6,1.3,2014-12-30,0402,Aqua,MODIS,96,6.2,320.1,101.8,D,0
-20.4609,148.6393,345.4,1.2,1.1,2014-12-30,0403,Aqua,MODIS,90,6.2,300,46.4,D,0
-20.4627,148.6283,330.2,1.1,1.1,2014-12-30,0403,Aqua,MODIS,54,6.2,301.6,15,D,0
-20.453,148.316,339.8,1.1,1.1,2014-12-30,0403,Aqua,MODIS,81,6.2,300.4,31.9,D,0
-17.9308,145.487,335,1,1,2014-12-30,0404,Aqua,MODIS,78,6.2,305,20.6,D,0
-17.9883,145.5346,339.6,1,1,2014-12-30,0404,Aqua,MODIS,87,6.2,306.4,23.1,D,0
-17.9447,145.518,330.5,1,1,2014-12-30,0404,Aqua,MODIS,47,6.2,308.5,8.9,D,0
-17.9192,145.5044,369,1,1,2014-12-30,0404,Aqua,MODIS,100,6.2,307.2,97.8,D,0
-18.6003,145.8838,338.4,1,1,2014-12-30,0404,Aqua,MODIS,80,6.2,303,25.3,D,0
-18.0067,145.4666,345.8,1,1,2014-12-30,0404,Aqua,MODIS,91,6.2,311.4,34.5,D,0
-17.9218,145.4856,357.1,1,1,2014-12-30,0404,Aqua,MODIS,98,6.2,299.5,64.4,D,0
-17.9923,145.5064,336.3,1,1,2014-12-30,0404,Aqua,MODIS,66,6.2,304.1,18.3,D,0
-17.9909,145.5158,372.6,1,1,2014-12-30,0404,Aqua,MODIS,100,6.2,309.5,106,D,0
-17.9896,145.5252,371.2,1,1,2014-12-30,0404,Aqua,MODIS,100,6.2,310.8,100.9,D,0
-15.4602,143.7749,328.5,1,1,2014-12-30,0404,Aqua,MODIS,69,6.2,296,17.4,D,0
-17.982,145.5144,341.3,1,1,2014-12-30,0404,Aqua,MODIS,88,6.2,304.9,25.8,D,0
-17.9936,145.497,355.4,1,1,2014-12-30,0404,Aqua,MODIS,97,6.2,308.2,54.9,D,0
-17.9806,145.5237,354.2,1,1,2014-12-30,0404,Aqua,MODIS,96,6.2,306.2,51.7,D,0
-17.9434,145.5274,344.6,1,1,2014-12-30,0404,Aqua,MODIS,90,6.2,310,32.1,D,0
-17.9793,145.5331,343.3,1,1,2014-12-30,0404,Aqua,MODIS,89,6.2,306.1,29,D,0
-17.9528,145.4617,337.7,1,1,2014-12-30,0404,Aqua,MODIS,79,6.2,303,24.7,D,0
-17.9358,145.5166,349.4,1,1,2014-12-30,0404,Aqua,MODIS,94,6.2,308.2,41.7,D,0
-17.9618,145.4632,349.1,1,1,2014-12-30,0404,Aqua,MODIS,93,6.2,304.4,44.3,D,0
-17.9644,145.4444,367.3,1,1,2014-12-30,0404,Aqua,MODIS,100,6.2,305.3,94.5,D,0
-18.599,145.8933,349.6,1,1,2014-12-30,0404,Aqua,MODIS,93,6.2,303.5,45.7,D,0
-17.9631,145.4538,347.9,1,1,2014-12-30,0404,Aqua,MODIS,93,6.2,303.7,43.4,D,0
-18.0004,145.4501,354.1,1,1,2014-12-30,0404,Aqua,MODIS,96,6.2,310.2,54.6,D,0
-17.9344,145.526,352.4,1,1,2014-12-30,0404,Aqua,MODIS,95,6.2,308.4,49.2,D,0
-17.9541,145.4523,338,1,1,2014-12-30,0404,Aqua,MODIS,85,6.2,302.3,27.1,D,0
-17.9555,145.443,366.2,1,1,2014-12-30,0404,Aqua,MODIS,100,6.2,303.8,92.2,D,0
-18.2427,138.4292,321,2.4,1.5,2014-12-30,0404,Aqua,MODIS,42,6.2,289.9,31.2,D,0
-17.9295,145.4964,350.6,1,1,2014-12-30,0404,Aqua,MODIS,94,6.2,306.8,47.1,D,0
-17.9281,145.5058,370.8,1,1,2014-12-30,0404,Aqua,MODIS,100,6.2,310.4,102.1,D,0
-17.9268,145.5152,358.9,1,1,2014-12-30,0404,Aqua,MODIS,99,6.2,308.5,66.5,D,0
-17.9254,145.5246,331,1,1,2014-12-30,0404,Aqua,MODIS,69,6.2,307.1,13.9,D,0
-17.0769,141.1789,343.6,1.5,1.2,2014-12-30,0404,Aqua,MODIS,91,6.2,287.2,61.2,D,0
-16.5081,144.6237,337.5,1,1,2014-12-30,0404,Aqua,MODIS,48,6.2,300.6,23.6,D,0
-16.3947,144.45,324.3,1,1,2014-12-30,0404,Aqua,MODIS,42,6.2,296,10.8,D,0
-17.8821,145.5016,348.7,1,1,2014-12-30,0404,Aqua,MODIS,93,6.2,305.9,44.2,D,0
-17.9014,145.495,328.5,1,1,2014-12-30,0404,Aqua,MODIS,53,6.2,301.5,12.4,D,0
-17.9205,145.495,368,1,1,2014-12-30,0404,Aqua,MODIS,100,6.2,302.6,94.1,D,0
-17.8924,145.4936,370.9,1,1,2014-12-30,0404,Aqua,MODIS,100,6.2,307.7,104.5,D,0
-17.8911,145.503,357.9,1,1,2014-12-30,0404,Aqua,MODIS,98,6.2,306.9,64.8,D,0
-17.999,145.4595,355,1,1,2014-12-30,0404,Aqua,MODIS,97,6.2,311,54.9,D,0
-18.5913,145.8824,340.1,1,1,2014-12-30,0404,Aqua,MODIS,74,6.2,300,30,D,0
-18.1161,145.6057,336.1,1,1,2014-12-30,0404,Aqua,MODIS,55,6.2,308.7,17.2,D,0
-18.59,145.8918,386.9,1,1,2014-12-30,0404,Aqua,MODIS,100,6.2,304.7,170.2,D,0
-18.6017,145.8744,342.5,1,1,2014-12-30,0404,Aqua,MODIS,88,6.2,302.2,34.7,D,0
-18.1327,145.6179,332.4,1,1,2014-12-30,0404,Aqua,MODIS,51,6.2,309.5,9.2,D,0
-18.5927,145.8729,340.1,1,1,2014-12-30,0404,Aqua,MODIS,86,6.2,300.6,32.3,D,0
-17.8834,145.4922,333.4,1,1,2014-12-30,0404,Aqua,MODIS,68,6.2,303.6,18.4,D,0
-17.99,145.4581,353.3,1,1,2014-12-30,0404,Aqua,MODIS,96,6.2,305,51.5,D,0
-17.8268,144.115,328.1,1.1,1,2014-12-30,0404,Aqua,MODIS,61,6.2,300.9,12,D,0
-17.8938,145.4842,346.1,1,1,2014-12-30,0404,Aqua,MODIS,92,6.2,303,40.9,D,0
-17.9232,145.4762,340.7,1,1,2014-12-30,0404,Aqua,MODIS,87,6.2,303.4,30.9,D,0
-17.9604,145.4725,341.2,1,1,2014-12-30,0404,Aqua,MODIS,88,6.2,303.8,27.9,D,0
-18.0054,145.476,362.6,1,1,2014-12-30,0404,Aqua,MODIS,100,6.2,311.7,74,D,0
-15.7489,143.872,334.2,1,1,2014-12-30,0404,Aqua,MODIS,63,6.2,304.1,19,D,0
-17.8655,145.4893,327,1,1,2014-12-30,0404,Aqua,MODIS,37,6.2,306.1,9.5,D,0
-18.0041,145.4854,356.8,1,1,2014-12-30,0404,Aqua,MODIS,98,6.2,311.1,59.4,D,0
-15.7685,143.865,328.8,1,1,2014-12-30,0404,Aqua,MODIS,48,6.2,300.6,17.4,D,0
-15.7698,143.8554,327.7,1,1,2014-12-30,0404,Aqua,MODIS,46,6.2,299.9,17.2,D,0
-15.7593,143.8637,333,1,1,2014-12-30,0404,Aqua,MODIS,60,6.2,299.4,21.6,D,0
-16.0332,145.1834,338.8,1,1,2014-12-30,0404,Aqua,MODIS,88,6.2,294.6,34.8,D,0
-15.7152,143.9191,333.8,1,1,2014-12-30,0404,Aqua,MODIS,48,6.2,306.4,21,D,0
-18.0027,145.4947,366.7,1,1,2014-12-30,0404,Aqua,MODIS,100,6.2,313.9,88,D,0
-18,145.5135,331.4,1,1,2014-12-30,0404,Aqua,MODIS,77,6.2,304.1,14.5,D,0
-17.9977,145.4689,333.5,1,1,2014-12-30,0404,Aqua,MODIS,62,6.2,307.9,13.8,D,0
-18.0036,145.5524,343.8,1,1,2014-12-30,0404,Aqua,MODIS,85,6.2,305.4,35.2,D,0
-15.9968,145.2479,323.3,1,1,2014-12-30,0404,Aqua,MODIS,71,6.2,295.8,12.9,D,0
-17.9974,145.5323,336.2,1,1,2014-12-30,0404,Aqua,MODIS,77,6.2,305.1,20,D,0
-18.014,145.5445,353,1,1,2014-12-30,0404,Aqua,MODIS,96,6.2,307.9,53.1,D,0
-18.0153,145.5351,331.1,1,1,2014-12-30,0404,Aqua,MODIS,63,6.2,306.4,14,D,0
-18.0117,145.4962,330.9,1,1,2014-12-30,0404,Aqua,MODIS,74,6.2,308.8,12.6,D,0
-18.005,145.5431,331.3,1,1,2014-12-30,0404,Aqua,MODIS,38,6.2,306.2,13.8,D,0
-15.9955,145.2572,321.3,1,1,2014-12-30,0404,Aqua,MODIS,65,6.2,297.8,11,D,0
-18.0014,145.5041,363.9,1,1,2014-12-30,0404,Aqua,MODIS,100,6.2,309.4,80.5,D,0
-17.9963,145.4783,340.3,1,1,2014-12-30,0404,Aqua,MODIS,87,6.2,307.8,23.8,D,0
-17.995,145.4876,360.2,1,1,2014-12-30,0404,Aqua,MODIS,100,6.2,309.3,66.9,D,0
-15.3682,145.2011,335.2,1,1,2014-12-30,0404,Aqua,MODIS,73,6.2,304.7,22.7,D,0
-15.3695,145.1919,351.3,1,1,2014-12-30,0404,Aqua,MODIS,83,6.2,306.6,53.6,D,0
-18.0081,145.4572,335.2,1,1,2014-12-30,0404,Aqua,MODIS,81,6.2,309.9,18.1,D,0
-13.2827,143.0453,334.7,1.1,1,2014-12-30,0405,Aqua,MODIS,70,6.2,296.5,23.1,D,0
-13.2734,143.0439,334.4,1.1,1,2014-12-30,0405,Aqua,MODIS,67,6.2,298.5,23.5,D,0
-13.284,143.0356,340,1.1,1,2014-12-30,0405,Aqua,MODIS,89,6.2,298.7,32.7,D,0
-13.2748,143.0343,331.9,1.1,1,2014-12-30,0405,Aqua,MODIS,62,6.2,297.4,20.8,D,0
-15.0834,145.139,326.9,1,1,2014-12-30,0405,Aqua,MODIS,52,6.2,300.1,10.7,D,0
-28.7302,123.1007,344.6,1,1,2014-12-30,0540,Aqua,MODIS,58,6.2,327,14.6,D,0
-28.7316,123.0905,360.7,1,1,2014-12-30,0540,Aqua,MODIS,100,6.2,328.5,51.8,D,0
-28.7345,123.07,350.7,1,1,2014-12-30,0540,Aqua,MODIS,92,6.2,329.8,28.4,D,0
-28.7212,123.099,372,1,1,2014-12-30,0540,Aqua,MODIS,100,6.2,331.2,86.3,D,0
-28.7226,123.0888,364.2,1,1,2014-12-30,0540,Aqua,MODIS,100,6.2,331.7,60.5,D,0
-28.7237,123.0154,355.4,1,1,2014-12-30,0540,Aqua,MODIS,96,6.2,330.4,37.4,D,0
-28.7251,123.0051,355.4,1,1,2014-12-30,0540,Aqua,MODIS,84,6.2,330.4,36.3,D,0
-28.7266,122.9949,359.2,1,1,2014-12-30,0540,Aqua,MODIS,99,6.2,329.9,48.5,D,0
-28.728,122.9846,357.4,1,1,2014-12-30,0540,Aqua,MODIS,87,6.2,330.6,46.1,D,0
-28.7294,122.9744,350.3,1,1,2014-12-30,0540,Aqua,MODIS,69,6.2,328.2,31.3,D,0
-28.7309,122.9641,339.1,1,1,2014-12-30,0540,Aqua,MODIS,17,6.2,325.2,11.8,D,0
-28.7161,123.0035,356,1,1,2014-12-30,0540,Aqua,MODIS,81,6.2,326.3,43,D,0
-28.7175,122.9932,378,1,1,2014-12-30,0540,Aqua,MODIS,100,6.2,328.9,115.6,D,0
-28.719,122.983,438.1,1,1,2014-12-30,0540,Aqua,MODIS,100,6.2,400.1,543.7,D,0
-28.7204,122.9727,429.4,1,1,2014-12-30,0540,Aqua,MODIS,100,6.2,342,454,D,0
-28.71,122.9813,347.8,1,1,2014-12-30,0540,Aqua,MODIS,90,6.2,316.1,34.6,D,0
-18.5034,124.7233,337.7,1.4,1.2,2014-12-30,0542,Aqua,MODIS,72,6.2,316.1,21.7,D,0
-22.1138,120.4154,341.4,1,1,2014-12-30,0542,Aqua,MODIS,77,6.2,328.6,13.2,D,0
-21.9549,116.2468,348.1,1.8,1.3,2014-12-30,0542,Aqua,MODIS,49,6.2,328.6,54.4,D,0
-18.6066,123.6296,343.5,1.2,1.1,2014-12-30,0542,Aqua,MODIS,58,6.2,314.8,27.4,D,0
-21.9314,116.2439,364.2,1.8,1.3,2014-12-30,0542,Aqua,MODIS,100,6.2,329.7,140.3,D,0
-21.9686,116.2309,350.6,1.8,1.3,2014-12-30,0542,Aqua,MODIS,64,6.2,327.7,68.3,D,0
-22.0954,120.4125,341.3,1,1,2014-12-30,0542,Aqua,MODIS,68,6.2,329.1,12.2,D,0
-21.925,116.2379,356,1.8,1.3,2014-12-30,0542,Aqua,MODIS,97,6.2,327.9,97.5,D,0
-21.9231,116.2551,343.2,1.8,1.3,2014-12-30,0542,Aqua,MODIS,70,6.2,325.8,40.5,D,0
-22.1046,120.4139,413.7,1,1,2014-12-30,0542,Aqua,MODIS,100,6.2,334.8,333.1,D,0
-22.1033,120.424,352.4,1,1,2014-12-30,0542,Aqua,MODIS,94,6.2,327.2,35.7,D,0
-18.5987,123.6168,352.2,1.2,1.1,2014-12-30,0542,Aqua,MODIS,94,6.2,318.4,50,D,0
-20.7311,139.475,311.4,1,1,2014-12-30,1328,Terra,MODIS,36,6.2,292.5,8.5,N,2
-15.6288,143.2009,301.8,1.9,1.3,2014-12-30,1329,Terra,MODIS,4,6.2,286.1,13.2,N,0
-33.0097,150.6847,304.1,1.1,1.1,2014-12-30,1501,Aqua,MODIS,58,6.2,288,8.6,N,0
-31.6161,116.4395,306.3,1,1,2014-12-30,1504,Terra,MODIS,68,6.2,293,6.7,N,0
-31.6146,116.45,311.3,1,1,2014-12-30,1504,Terra,MODIS,82,6.2,293.6,10.1,N,0
-30.8687,121.4952,323,1.5,1.2,2014-12-30,1504,Terra,MODIS,100,6.2,296.6,35.6,N,2
-30.8717,121.4793,318.5,1.5,1.2,2014-12-30,1504,Terra,MODIS,97,6.2,295,27.5,N,2
-21.9431,116.2911,334.3,1.1,1.1,2014-12-30,1506,Terra,MODIS,100,6.2,303.4,34.2,N,0
-21.9559,116.2716,318.2,1.1,1.1,2014-12-30,1506,Terra,MODIS,85,6.2,301.1,11.5,N,0
-21.9864,116.2007,311.8,1.1,1,2014-12-30,1506,Terra,MODIS,76,6.2,300.5,6.8,N,0
-21.9394,116.2841,327.4,1.1,1.1,2014-12-30,1506,Terra,MODIS,100,6.2,302.9,23.6,N,0
-21.9299,116.2824,333.5,1.1,1.1,2014-12-30,1506,Terra,MODIS,100,6.2,302.7,32.9,N,0
-21.9316,116.2717,345.3,1.1,1.1,2014-12-30,1506,Terra,MODIS,100,6.2,303.8,55,N,0
-21.9332,116.261,312.8,1.1,1.1,2014-12-30,1506,Terra,MODIS,33,6.2,301,6.9,N,0
-21.9221,116.2699,315,1.1,1.1,2014-12-30,1506,Terra,MODIS,87,6.2,301.2,9.5,N,0
-21.9238,116.2593,334.5,1.1,1.1,2014-12-30,1506,Terra,MODIS,100,6.2,301.8,35,N,0
-21.9254,116.2487,311.3,1.1,1,2014-12-30,1506,Terra,MODIS,65,6.2,299.6,6.5,N,0
-21.9144,116.2576,310.9,1.1,1.1,2014-12-30,1506,Terra,MODIS,73,6.2,300.3,6.8,N,0
-21.9958,116.2024,313.5,1.1,1,2014-12-30,1506,Terra,MODIS,82,6.2,301.6,7.9,N,0
-21.9941,116.213,315,1.1,1,2014-12-30,1506,Terra,MODIS,87,6.2,301.4,9.3,N,0
-22.0035,116.2148,327.5,1.1,1,2014-12-30,1506,Terra,MODIS,100,6.2,303.2,23.9,N,0
-22.0019,116.2253,319.8,1.1,1,2014-12-30,1506,Terra,MODIS,99,6.2,301.8,13.8,N,0
-22.0113,116.2271,321,1.1,1,2014-12-30,1506,Terra,MODIS,100,6.2,302.9,15.2,N,0
-22.0096,116.2377,317.6,1.1,1,2014-12-30,1506,Terra,MODIS,94,6.2,302.1,10.9,N,0
-22.003,116.2803,320,1.1,1.1,2014-12-30,1506,Terra,MODIS,99,6.2,301.8,13.1,N,0
-22.019,116.2395,328.9,1.1,1,2014-12-30,1506,Terra,MODIS,100,6.2,303.9,25.2,N,0
-22.0174,116.25,321.2,1.1,1,2014-12-30,1506,Terra,MODIS,100,6.2,302.6,14.7,N,0
-22.0108,116.2927,320.1,1.1,1.1,2014-12-30,1506,Terra,MODIS,100,6.2,302,13.3,N,0
-22.0268,116.2518,324.2,1.1,1,2014-12-30,1506,Terra,MODIS,100,6.2,304.1,19,N,0
-22.0252,116.2624,314.1,1.1,1,2014-12-30,1506,Terra,MODIS,76,6.2,302.2,7.8,N,0
-22.0202,116.2943,323,1.1,1.1,2014-12-30,1506,Terra,MODIS,100,6.2,302.3,17.3,N,0
-22.0186,116.3051,369.6,1.1,1.1,2014-12-30,1506,Terra,MODIS,100,6.2,306.7,128,N,0
-22.0346,116.2641,315.3,1.1,1,2014-12-30,1506,Terra,MODIS,87,6.2,302.9,9.1,N,0
-22.0329,116.2747,312.6,1.1,1,2014-12-30,1506,Terra,MODIS,73,6.2,302.4,6.8,N,0
-22.0385,116.2707,316.1,1.1,1,2014-12-30,1506,Terra,MODIS,74,6.2,302.9,9.5,N,0
-22.028,116.3067,319.7,1.1,1.1,2014-12-30,1506,Terra,MODIS,99,6.2,302.7,14.2,N,0
-22.0169,116.3158,326.6,1.1,1.1,2014-12-30,1506,Terra,MODIS,100,6.2,302.1,22.9,N,0
-22.0264,116.3175,327.7,1.1,1.1,2014-12-30,1506,Terra,MODIS,100,6.2,302.7,24.8,N,0
-22.0317,116.3132,320.7,1.1,1.1,2014-12-30,1506,Terra,MODIS,100,6.2,302,14.1,N,0
-22.03,116.324,325.1,1.1,1.1,2014-12-30,1506,Terra,MODIS,100,6.2,302.5,20.3,N,0
-22.0617,116.3079,317.1,1.1,1.1,2014-12-30,1506,Terra,MODIS,92,6.2,302.4,10.7,N,0
-22.06,116.3186,339,1.1,1.1,2014-12-30,1506,Terra,MODIS,100,6.2,304,42.1,N,0
-21.9377,116.2947,325.6,1.1,1.1,2014-12-30,1506,Terra,MODIS,100,6.2,302.6,21.6,N,0
-21.9575,116.261,313.3,1.1,1,2014-12-30,1506,Terra,MODIS,26,6.2,300.4,6.8,N,0
-20.5934,116.7812,318.1,1.2,1.1,2014-12-30,1507,Terra,MODIS,95,6.2,302.2,15.2,N,0
-21.9362,116.3161,313.2,3.5,1.8,2014-12-30,1815,Aqua,MODIS,86,6.2,298.3,56.6,N,0
-22.0271,116.3335,308.2,3.5,1.8,2014-12-30,1815,Aqua,MODIS,62,6.2,297.7,32.8,N,0
-22.0082,116.3015,314.1,3.5,1.8,2014-12-30,1815,Aqua,MODIS,88,6.2,297.8,56.5,N,0
-12.892,143.4538,318.3,2.4,1.5,2014-12-31,0020,Terra,MODIS,48,6.2,297,28.8,D,0
-17.9133,145.4866,345.2,1.4,1.2,2014-12-31,0021,Terra,MODIS,91,6.2,298.5,62.6,D,0
-15.6759,143.2029,325.7,2.2,1.4,2014-12-31,0021,Terra,MODIS,71,6.2,286.4,41.3,D,0
-15.662,143.1912,321.4,2.2,1.5,2014-12-31,0021,Terra,MODIS,45,6.2,284.7,27.4,D,0
-17.9065,145.4808,336.6,1.4,1.2,2014-12-31,0021,Terra,MODIS,84,6.2,296,42.3,D,0
-15.675,143.1887,325.7,2.2,1.5,2014-12-31,0021,Terra,MODIS,63,6.2,285.3,41.2,D,0
-15.6046,143.2448,317.9,2.2,1.4,2014-12-31,0021,Terra,MODIS,54,6.2,284.3,21.9,D,0
-17.0966,144.9023,325.9,1.6,1.2,2014-12-31,0021,Terra,MODIS,74,6.2,297.2,24.5,D,0
-17.9156,145.4999,345.8,1.4,1.2,2014-12-31,0021,Terra,MODIS,91,6.2,300.4,62,D,0
-17.9052,145.5018,343,1.4,1.2,2014-12-31,0021,Terra,MODIS,89,6.2,301.2,54.8,D,0
-17.8983,145.4961,357.9,1.4,1.2,2014-12-31,0021,Terra,MODIS,98,6.2,301.2,105.4,D,0
-17.9004,145.5092,335.3,1.4,1.2,2014-12-31,0021,Terra,MODIS,83,6.2,300.8,33.6,D,0
-17.89,145.5112,335.6,1.4,1.2,2014-12-31,0021,Terra,MODIS,83,6.2,301.6,36.2,D,0
-17.9109,145.5075,336.8,1.4,1.2,2014-12-31,0021,Terra,MODIS,84,6.2,300.6,39,D,0
-17.9087,145.4941,366.1,1.4,1.2,2014-12-31,0021,Terra,MODIS,100,6.2,300.9,145.4,D,0
-17.9201,145.5263,328,1.4,1.2,2014-12-31,0021,Terra,MODIS,40,6.2,300.4,17.9,D,0
-17.9179,145.5133,334.3,1.4,1.2,2014-12-31,0021,Terra,MODIS,80,6.2,300.7,30.2,D,0
-17.8939,145.4696,336.5,1.4,1.2,2014-12-31,0021,Terra,MODIS,84,6.2,299,39.1,D,0
-17.9029,145.4886,354.5,1.4,1.2,2014-12-31,0021,Terra,MODIS,97,6.2,300,95.5,D,0
-17.0941,144.8881,323.5,1.6,1.2,2014-12-31,0021,Terra,MODIS,57,6.2,296.6,20.1,D,0
-15.6592,143.1848,318.4,2.2,1.5,2014-12-31,0021,Terra,MODIS,18,6.2,284.4,18.9,D,0
-17.8961,145.4828,334.1,1.4,1.2,2014-12-31,0021,Terra,MODIS,81,6.2,299.2,31.4,D,0
-17.1383,144.8788,324.4,1.6,1.2,2014-12-31,0021,Terra,MODIS,26,6.2,298.5,17.5,D,0
-17.1247,144.866,327.9,1.6,1.2,2014-12-31,0021,Terra,MODIS,55,6.2,298.2,27,D,0
-17.9006,145.4753,325.9,1.4,1.2,2014-12-31,0021,Terra,MODIS,30,6.2,296.3,19.2,D,0
-15.6722,143.1823,320,2.2,1.5,2014-12-31,0021,Terra,MODIS,37,6.2,284.6,23.8,D,0
-17.1356,144.863,328.8,1.6,1.2,2014-12-31,0021,Terra,MODIS,73,6.2,297,30.4,D,0
-17.1407,144.8934,332.7,1.6,1.2,2014-12-31,0021,Terra,MODIS,76,6.2,300.1,34.9,D,0
-17.8983,145.4621,325.4,1.4,1.2,2014-12-31,0021,Terra,MODIS,53,6.2,295.4,19.3,D,0
-18.103,145.619,344.3,1.4,1.2,2014-12-31,0022,Terra,MODIS,83,6.2,299.6,58.6,D,0
-18.0087,145.504,336.1,1.4,1.2,2014-12-31,0022,Terra,MODIS,78,6.2,299.6,40.7,D,0
-18.0071,145.5576,333.7,1.4,1.2,2014-12-31,0022,Terra,MODIS,80,6.2,298.6,36.7,D,0
-18.0037,145.5111,347.3,1.4,1.2,2014-12-31,0022,Terra,MODIS,87,6.2,301,67.5,D,0
-17.9983,145.5061,328.6,1.4,1.2,2014-12-31,0022,Terra,MODIS,51,6.2,299,22.8,D,0
-18.0005,145.5191,331.3,1.4,1.2,2014-12-31,0022,Terra,MODIS,64,6.2,299.5,26.5,D,0
-19.9088,141.6209,333.3,2.4,1.5,2014-12-31,0022,Terra,MODIS,78,6.2,300.6,51.9,D,0
-18.0109,145.5168,335.9,1.4,1.2,2014-12-31,0022,Terra,MODIS,83,6.2,299.9,38.4,D,0
-18.262,145.9086,325.6,1.3,1.1,2014-12-31,0022,Terra,MODIS,30,6.2,301.3,16.6,D,0
-17.9336,145.4149,320.8,1.4,1.2,2014-12-31,0022,Terra,MODIS,28,6.2,297.8,10.7,D,0
-17.9442,145.413,325,1.4,1.2,2014-12-31,0022,Terra,MODIS,67,6.2,297.6,17.9,D,0
-18.4563,146.1507,329.4,1.3,1.1,2014-12-31,0022,Terra,MODIS,69,6.2,298.4,23,D,0
-17.9552,145.4788,337.2,1.4,1.2,2014-12-31,0022,Terra,MODIS,74,6.2,298.2,35.9,D,0
-19.6743,147.1447,330,1.1,1,2014-12-31,0022,Terra,MODIS,53,6.2,303.5,18.1,D,0
-17.974,145.4621,324.4,1.4,1.2,2014-12-31,0022,Terra,MODIS,17,6.2,296,15.1,D,0
-18.1701,145.4674,334.5,1.4,1.2,2014-12-31,0022,Terra,MODIS,58,6.2,307.2,25.8,D,0
-24.8773,148.5384,321,1,1,2014-12-31,0023,Terra,MODIS,51,6.2,305.9,6.8,D,0
-23.0745,148.4709,327.6,1,1,2014-12-31,0023,Terra,MODIS,47,6.2,308.6,11.1,D,0
-24.1712,148.9404,325.1,1,1,2014-12-31,0023,Terra,MODIS,42,6.2,303.2,10.1,D,0
-24.1831,148.9589,323.6,1,1,2014-12-31,0023,Terra,MODIS,53,6.2,303.2,10.5,D,0
-25.8424,152.5188,321.9,1.6,1.2,2014-12-31,0023,Terra,MODIS,62,6.2,302.8,16.3,D,0
-22.0673,146.7509,336.2,1.1,1,2014-12-31,0023,Terra,MODIS,80,6.2,316,17.7,D,0
-27.3161,152.978,321.8,1.8,1.3,2014-12-31,0024,Terra,MODIS,31,6.2,303.1,14.7,D,0
-25.5642,142.1114,330.6,1.7,1.3,2014-12-31,0024,Terra,MODIS,67,6.2,313.4,22.7,D,0
-27.9607,147.6656,339.5,1,1,2014-12-31,0024,Terra,MODIS,81,6.2,314.9,24.5,D,0
-27.9592,147.6553,334.6,1,1,2014-12-31,0024,Terra,MODIS,73,6.2,314.2,17,D,0
-37.0976,149.5741,301.9,1.4,1.2,2014-12-31,0026,Terra,MODIS,18,6.2,290.9,5.2,D,0
-37.0993,149.5911,303.6,1.5,1.2,2014-12-31,0026,Terra,MODIS,43,6.2,290.6,6.8,D,0
-18.1848,123.4595,333.4,1,1,2014-12-31,0200,Terra,MODIS,52,6.2,309.4,18.7,D,0
-19.1958,128.4098,324.7,1.4,1.2,2014-12-31,0200,Terra,MODIS,53,6.2,295.6,18.5,D,0
-20.4633,129.0774,335.3,1.6,1.3,2014-12-31,0201,Terra,MODIS,72,6.2,310.4,31.4,D,0
-21.9277,116.2837,338.9,2.4,1.5,2014-12-31,0202,Terra,MODIS,78,6.2,316.3,59.7,D,0
-21.923,116.2602,340.4,2.4,1.5,2014-12-31,0202,Terra,MODIS,80,6.2,318.3,65,D,0
-21.9335,116.2886,339.2,2.4,1.5,2014-12-31,0202,Terra,MODIS,78,6.2,317.6,66.8,D,0
-21.9323,116.3068,337.3,2.4,1.5,2014-12-31,0202,Terra,MODIS,68,6.2,318.9,51.7,D,0
-21.9379,116.3116,334.1,2.4,1.5,2014-12-31,0202,Terra,MODIS,57,6.2,319.4,38.8,D,0
-21.9156,116.268,355.3,2.4,1.5,2014-12-31,0202,Terra,MODIS,96,6.2,316.4,185.2,D,0
-21.9808,116.1978,340.8,2.4,1.5,2014-12-31,0202,Terra,MODIS,81,6.2,316.7,76.2,D,0
-21.9022,116.2707,346.9,2.4,1.5,2014-12-31,0202,Terra,MODIS,89,6.2,314.2,122.1,D,0
-23.2779,114.7394,330,2.9,1.6,2014-12-31,0202,Terra,MODIS,40,6.2,313.6,42.6,D,0
-28.7256,123.1017,364,1,1,2014-12-31,0203,Terra,MODIS,100,6.2,326.6,69.1,D,0
-28.7271,123.1121,352.9,1,1,2014-12-31,0203,Terra,MODIS,94,6.2,322.8,39.9,D,0
-28.731,123.0836,337.1,1,1,2014-12-31,0203,Terra,MODIS,69,6.2,325,12.6,D,0
-28.7324,123.094,348.2,1,1,2014-12-31,0203,Terra,MODIS,90,6.2,322.2,33.4,D,0
-28.7339,123.1044,371.6,1,1,2014-12-31,0203,Terra,MODIS,100,6.2,324.1,98.4,D,0
-27.8606,148.3025,330.3,4,1.9,2014-12-31,0444,Aqua,MODIS,30,6.2,314.9,70.6,D,0
-25.3415,131.2372,339.2,1.6,1.3,2014-12-31,0445,Aqua,MODIS,51,6.2,324.8,18.3,D,0
-25.3432,131.2208,364.4,1.7,1.3,2014-12-31,0445,Aqua,MODIS,100,6.2,325.7,137.5,D,0
-25.3347,131.2146,355.9,1.7,1.3,2014-12-31,0445,Aqua,MODIS,97,6.2,327.7,85.3,D,0
-25.3329,131.2311,348.8,1.6,1.3,2014-12-31,0445,Aqua,MODIS,91,6.2,326.7,51,D,0
-19.2613,128.2521,383.7,2.2,1.4,2014-12-31,0447,Aqua,MODIS,100,6.2,302.2,494.8,D,0
-19.2636,128.2309,365.9,2.2,1.4,2014-12-31,0447,Aqua,MODIS,100,6.2,299.9,286.8,D,0
-19.1859,126.831,330.8,2.8,1.6,2014-12-31,0447,Aqua,MODIS,78,6.2,301,73.9,D,0
-19.1811,126.8503,323.1,2.8,1.6,2014-12-31,0447,Aqua,MODIS,41,6.2,299.6,33.2,D,0
-19.1839,126.8233,326.3,2.8,1.6,2014-12-31,0447,Aqua,MODIS,54,6.2,300.5,50.9,D,0
-19.2483,128.2505,338.5,2.2,1.4,2014-12-31,0447,Aqua,MODIS,86,6.2,300.7,82.8,D,0
-16.8102,145.2534,314.7,4.4,1.9,2014-12-31,0447,Aqua,MODIS,23,6.2,286.4,38.2,D,0
-18.6336,128.768,319.9,2,1.4,2014-12-31,0447,Aqua,MODIS,29,6.2,295.2,27.5,D,0
-16.9593,123.9011,319.4,4.4,1.9,2014-12-31,0448,Aqua,MODIS,52,6.2,291.7,93.9,D,0
-16.9607,123.9084,318.5,4.4,1.9,2014-12-31,0448,Aqua,MODIS,42,6.2,291.4,83.5,D,0
-17.1644,124.0238,318.6,4.3,1.9,2014-12-31,0448,Aqua,MODIS,28,6.2,294,82.8,D,0
-16.4268,124.7823,322.1,3.7,1.8,2014-12-31,0448,Aqua,MODIS,37,6.2,293.5,85.4,D,0
-28.7381,123.0909,337.8,3.5,1.8,2014-12-31,0622,Aqua,MODIS,43,6.2,314.2,107,D,0
-21.9457,116.2678,367.1,1.7,1.3,2014-12-31,0625,Aqua,MODIS,100,6.2,324.8,153.6,D,0
-22.0244,116.3399,416.9,1.7,1.3,2014-12-31,0625,Aqua,MODIS,100,6.2,325.5,747.3,D,0
-22.0216,116.3562,343.7,1.7,1.3,2014-12-31,0625,Aqua,MODIS,82,6.2,314.1,49.7,D,0
-22.013,116.3375,399.6,1.7,1.3,2014-12-31,0625,Aqua,MODIS,100,6.2,323.2,487.6,D,0
-21.9001,116.2585,344,1.7,1.3,2014-12-31,0625,Aqua,MODIS,67,6.2,323.5,36.8,D,0
-21.9485,116.2519,367.9,1.7,1.3,2014-12-31,0625,Aqua,MODIS,100,6.2,326.8,159,D,0
-22.0273,116.3237,372,1.7,1.3,2014-12-31,0625,Aqua,MODIS,100,6.2,323.6,207.3,D,0
-21.9587,116.3096,365.3,1.7,1.3,2014-12-31,0625,Aqua,MODIS,100,6.2,320.3,161.3,D,0
-21.9823,116.1928,340.5,1.7,1.3,2014-12-31,0625,Aqua,MODIS,78,6.2,322.7,24.5,D,0
-21.9629,116.3048,363.2,1.7,1.3,2014-12-31,0625,Aqua,MODIS,100,6.2,317.5,145.9,D,0
-22.0159,116.3214,349.1,1.7,1.3,2014-12-31,0625,Aqua,MODIS,91,6.2,322,71.4,D,0
-27.097,150.8879,324.7,1.2,1.1,2014-12-31,1231,Terra,MODIS,100,6.2,295,27.6,N,0
-27.0969,150.8937,324.7,1.2,1.1,2014-12-31,1231,Terra,MODIS,100,6.2,294.9,27.5,N,0
-27.4455,150.0041,308.3,1.4,1.2,2014-12-31,1231,Terra,MODIS,74,6.2,293.8,12.5,N,0
-27.0872,150.8864,319,1.2,1.1,2014-12-31,1231,Terra,MODIS,98,6.2,294.8,19.7,N,0
-27.0955,150.9001,305,1.2,1.1,2014-12-31,1231,Terra,MODIS,63,6.2,294.3,5.7,N,0
-27.0984,150.8814,308.5,1.2,1.1,2014-12-31,1231,Terra,MODIS,75,6.2,294.6,8.5,N,0
-22.1171,146.701,316,1.9,1.4,2014-12-31,1232,Terra,MODIS,76,6.2,290.9,30.2,N,0
-22.1893,149.503,323.4,1.3,1.1,2014-12-31,1232,Terra,MODIS,100,6.2,295.4,27.2,N,0
-23.0083,150.5045,307.5,1.1,1.1,2014-12-31,1232,Terra,MODIS,68,6.2,294.9,7.8,N,0
-22.1204,146.707,316.4,1.9,1.4,2014-12-31,1232,Terra,MODIS,87,6.2,290.5,31,N,0
-22.1878,149.5152,306.9,1.3,1.1,2014-12-31,1232,Terra,MODIS,44,6.2,295.5,7.7,N,0
-18.5089,124.7337,312.6,1.2,1.1,2014-12-31,1412,Terra,MODIS,80,6.2,297.2,9.3,N,0
-17.8016,142.177,303.6,1.4,1.2,2014-12-31,1540,Aqua,MODIS,56,6.2,286.4,6.3,N,0
-24.3559,151.8549,303.9,2.2,1.4,2014-12-31,1541,Aqua,MODIS,58,6.2,291.6,15.2,N,0
-22.1836,149.5095,312,1.4,1.2,2014-12-31,1541,Aqua,MODIS,84,6.2,294.6,15.1,N,0
-23.7696,151.2092,304.9,2,1.4,2014-12-31,1541,Aqua,MODIS,62,6.2,293,16.7,N,0
-19.9241,120.7368,303.2,1,1,2014-12-31,1719,Aqua,MODIS,33,6.2,292.5,4.4,N,0
-22.0123,116.3722,317.9,1.4,1.2,2014-12-31,1720,Aqua,MODIS,95,6.2,297.6,21.4,N,0
-22.0147,116.386,311.2,1.4,1.2,2014-12-31,1720,Aqua,MODIS,78,6.2,297.2,12.1,N,0
-22.0017,116.3744,331.7,1.4,1.2,2014-12-31,1720,Aqua,MODIS,100,6.2,298.4,48.2,N,0
-32.9833,115.9731,326.8,1.1,1,2014-12-31,1723,Aqua,MODIS,100,6.2,289.9,28.9,N,0
-32.9852,115.9846,305.4,1.1,1,2014-12-31,1723,Aqua,MODIS,64,6.2,289.6,8.6,N,0
